Total assets = 520
Number of asset nodes = 33

Distance:
999.000000 	43.931767 	41.036568 	9.219544 	42.449970 	41.012192 	43.185646 	26.925823 	26.419689 	35.341194 	39.824615 	42.190044 	60.216278 	66.287254 	43.081318 	85.586212 	61.294373 	64.007812 	83.737686 	34.713108 	77.388626 	36.891735 	38.013157 	44.384682 	38.600517 	39.051247 	40.311287 	44.598206 	50.219517 	44.283180 	92.200867 	95.425362 	49.979996 	78.185677 	49.648766 	77.698135 	53.310413 	50.566788 	51.865211 	83.934502 	53.488316 	53.310413 	54.230988 	99.322708 	
43.931767 	999.000000 	3.162278 	36.891735 	2.000000 	4.000000 	5.000000 	70.604530 	70.000000 	78.492035 	83.234612 	85.802101 	20.099751 	26.305893 	85.755463 	41.725292 	25.317978 	27.073973 	40.816662 	59.304298 	37.107952 	64.629715 	64.381676 	46.173584 	64.280632 	63.126858 	68.593002 	49.729267 	48.332184 	73.681747 	50.089920 	52.839378 	53.141319 	44.283180 	81.049370 	121.247681 	57.584721 	79.404030 	82.873398 	49.040798 	83.600243 	82.389320 	83.384651 	58.523499 	
41.036568 	3.162278 	999.000000 	33.837849 	1.414214 	1.414214 	4.123106 	67.623962 	67.007462 	75.451973 	80.212219 	82.800964 	21.587032 	27.892651 	82.680107 	44.553337 	26.019224 	28.017851 	43.266617 	56.222771 	38.897301 	61.522354 	61.294373 	43.657761 	61.204575 	60.074955 	65.490456 	47.127487 	46.065170 	70.576202 	52.354561 	55.226807 	50.695168 	45.044422 	77.929459 	118.224365 	55.154327 	76.321686 	79.762146 	50.009998 	80.504662 	79.309517 	80.305664 	60.539242 	
9.219544 	36.891735 	33.837849 	999.000000 	35.227829 	33.600594 	35.468296 	33.970577 	33.301651 	41.617306 	46.400433 	49.040798 	51.855568 	57.801384 	48.877399 	78.102493 	52.478565 	55.226807 	75.690155 	31.304953 	68.818604 	34.785053 	35.468296 	36.400551 	35.846897 	35.777088 	38.600517 	37.121422 	42.059483 	43.174065 	83.868942 	87.206650 	42.485291 	69.079666 	49.497475 	84.403793 	46.141087 	49.477268 	51.623638 	74.846512 	52.952808 	52.392746 	53.366657 	90.697296 	
42.449970 	2.000000 	1.414214 	35.227829 	999.000000 	2.000000 	3.605551 	69.028976 	68.410522 	76.843994 	81.608826 	84.202141 	20.396078 	26.683329 	84.059502 	43.139309 	25.079872 	27.000000 	41.880783 	57.314919 	37.643059 	62.649822 	62.393909 	44.271889 	62.289646 	61.131008 	66.610809 	47.801674 	46.518814 	71.700768 	51.000000 	53.851646 	51.264023 	44.102154 	79.075912 	119.620232 	55.713554 	77.414467 	80.894997 	49.000000 	81.614952 	80.399002 	81.394104 	59.236813 	
41.012192 	4.000000 	1.414214 	33.600594 	2.000000 	999.000000 	3.000000 	67.475922 	66.843102 	75.213028 	80.000000 	82.619614 	20.880613 	27.202942 	82.377182 	44.598206 	25.000000 	27.073973 	43.011627 	55.326305 	38.275318 	60.671246 	60.406952 	42.379242 	60.299255 	59.135437 	64.629715 	45.880280 	44.721359 	69.720871 	51.971146 	54.918121 	49.396355 	44.011364 	77.103828 	118.004234 	53.851646 	75.425461 	78.917679 	49.040798 	79.630394 	78.409180 	79.404030 	60.008331 	
43.185646 	5.000000 	4.123106 	35.468296 	3.605551 	3.000000 	999.000000 	69.426216 	68.767723 	77.006493 	81.835197 	84.504440 	18.027756 	24.351591 	84.053551 	42.638012 	22.000000 	24.083189 	40.607880 	55.731499 	35.468296 	61.188232 	60.827625 	41.484936 	60.671246 	59.413803 	65.115280 	45.122055 	43.462627 	70.213959 	49.396355 	52.430908 	48.383881 	41.012192 	77.665955 	119.808182 	52.810986 	75.802376 	79.429214 	46.043457 	80.062477 	78.771820 	79.762146 	57.271286 	
26.925823 	70.604530 	67.623962 	33.970577 	69.028976 	67.475922 	69.426216 	999.000000 	1.000000 	9.055386 	13.000000 	15.264338 	85.632935 	91.438507 	17.117243 	112.044632 	85.603737 	88.408142 	109.603828 	37.121422 	102.303467 	34.928497 	36.878178 	58.249462 	37.854988 	39.623226 	36.055511 	56.568542 	64.132675 	37.121422 	117.592514 	121.016525 	61.294373 	100.846420 	38.418747 	50.774010 	63.031738 	41.880783 	40.459858 	106.677086 	42.638012 	43.600460 	44.204071 	124.016129 	
26.419689 	70.000000 	67.007462 	33.301651 	68.410522 	66.843102 	68.767723 	1.000000 	999.000000 	9.219544 	13.416408 	15.811388 	84.899940 	90.686272 	17.262676 	111.395691 	84.811554 	87.618492 	108.894447 	36.124783 	101.533249 	33.955853 	35.902645 	57.271286 	36.878178 	38.639359 	35.114101 	55.578773 	63.150612 	36.235340 	116.846054 	120.282997 	60.299255 	99.985001 	37.643059 	51.312767 	62.032249 	41.048752 	39.698868 	105.815880 	41.868843 	42.801868 	43.416588 	123.227432 	
35.341194 	78.492035 	75.451973 	41.617306 	76.843994 	75.213028 	77.006493 	9.055386 	9.219544 	999.000000 	5.000000 	8.062258 	92.655273 	98.290382 	8.062258 	119.632774 	92.097771 	94.921021 	116.777565 	38.470768 	108.977058 	35.014282 	37.013512 	61.684681 	38.013157 	40.049969 	35.128338 	59.481091 	67.357254 	34.928497 	124.458832 	127.988281 	63.788715 	106.508217 	34.438351 	42.801868 	64.938431 	38.626415 	36.235340 	112.329872 	38.470768 	39.812057 	40.249222 	130.483719 	
39.824615 	83.234612 	80.212219 	46.400433 	81.608826 	80.000000 	81.835197 	13.000000 	13.416408 	5.000000 	999.000000 	3.162278 	97.590981 	103.247276 	5.830952 	124.470879 	97.082436 	99.904953 	121.696342 	42.953465 	113.951744 	39.204590 	41.194660 	66.483078 	42.190044 	44.283180 	39.000000 	64.195015 	72.111023 	38.327538 	129.417923 	132.936081 	68.410522 	111.503365 	37.000000 	38.013157 	69.426216 	41.484936 	38.626415 	117.324333 	40.853397 	42.379242 	42.720020 	135.473251 	
42.190044 	85.802101 	82.800964 	49.040798 	84.202141 	82.619614 	84.504440 	15.264338 	15.811388 	8.062258 	3.162278 	999.000000 	100.409164 	106.103722 	7.211102 	127.141655 	100.004997 	102.825096 	124.482933 	46.097721 	116.846054 	42.296574 	44.283180 	69.641945 	45.276924 	47.381432 	42.011902 	67.357254 	75.272835 	41.194660 	132.276230 	135.771866 	71.568146 	114.546936 	39.560081 	35.510563 	72.567207 	44.147480 	41.109608 	120.370262 	43.324360 	44.922153 	45.221676 	138.408813 	
60.216278 	20.099751 	21.587032 	51.855568 	20.396078 	20.880613 	18.027756 	85.632935 	84.899940 	92.655273 	97.590981 	100.409164 	999.000000 	6.324555 	99.247169 	28.792360 	7.810250 	8.062258 	24.207438 	66.309875 	17.464249 	72.090218 	71.309189 	46.389652 	70.936592 	69.289246 	75.769386 	50.487621 	46.000000 	80.777473 	32.015621 	35.383614 	52.038448 	25.000000 	88.391174 	135.281189 	56.000000 	85.702972 	89.888817 	29.274563 	90.138779 	88.543777 	89.493019 	39.357338 	
66.287254 	26.305893 	27.892651 	57.801384 	26.683329 	27.202942 	24.351591 	91.438507 	90.686272 	98.290382 	103.247276 	106.103722 	6.324555 	999.000000 	104.737770 	25.317978 	8.062258 	6.082763 	19.235384 	70.661163 	11.180340 	76.478752 	75.584389 	49.477268 	75.153175 	73.409805 	80.056229 	53.600372 	48.373547 	85.000000 	26.172504 	29.732138 	54.589375 	20.124611 	92.612091 	140.801285 	58.309521 	89.693924 	94.021271 	23.769728 	94.154129 	92.477028 	93.407707 	33.120991 	
43.081318 	85.755463 	82.680107 	48.877399 	84.059502 	82.377182 	84.053551 	17.117243 	17.262676 	8.062258 	5.830952 	7.211102 	99.247169 	104.737770 	999.000000 	126.605690 	98.290382 	101.118744 	123.434196 	41.436699 	115.260574 	37.107952 	39.051247 	65.741920 	40.024994 	42.201897 	36.345562 	63.158531 	71.175842 	35.000000 	130.862518 	134.469330 	67.067131 	112.004463 	32.756680 	36.069378 	67.720009 	37.483330 	34.205261 	117.800682 	36.400551 	38.078865 	38.327538 	136.561340 	
85.586212 	41.725292 	44.553337 	78.102493 	43.139309 	44.598206 	42.638012 	112.044632 	111.395691 	119.632774 	124.470879 	127.141655 	28.792360 	25.317978 	126.605690 	999.000000 	33.376640 	31.144823 	9.433981 	95.078911 	20.880613 	100.846420 	100.089958 	74.732857 	99.724625 	98.081596 	104.546638 	78.854294 	73.681747 	109.562767 	16.552946 	16.278820 	79.906197 	36.769554 	117.175079 	162.431519 	83.600243 	114.490173 	118.680244 	36.359318 	118.928551 	117.324333 	118.270874 	26.570660 	
61.294373 	25.317978 	26.019224 	52.478565 	25.079872 	25.000000 	22.000000 	85.603737 	84.811554 	92.097771 	97.082436 	100.004997 	7.810250 	8.062258 	98.290382 	33.376640 	999.000000 	2.828427 	26.925823 	63.134777 	17.029387 	68.963760 	68.000000 	41.484936 	67.535179 	65.741920 	72.470680 	45.607018 	40.311287 	77.369247 	32.802441 	36.619667 	46.529560 	19.026299 	84.970581 	134.350296 	50.249378 	81.939003 	86.330757 	24.083189 	86.406021 	84.693565 	85.615417 	38.418747 	
64.007812 	27.073973 	28.017851 	55.226807 	27.000000 	27.073973 	24.083189 	88.408142 	87.618492 	94.921021 	99.904953 	102.825096 	8.062258 	6.082763 	101.118744 	31.144823 	2.828427 	999.000000 	24.351591 	65.863495 	14.212670 	71.693794 	70.710678 	43.965897 	70.235321 	68.425140 	75.179787 	48.083260 	42.579338 	80.062477 	30.000000 	33.837849 	48.836460 	17.262676 	87.658424 	137.178711 	52.469040 	84.581322 	89.000000 	22.000000 	89.050545 	87.321243 	88.238312 	35.608986 	
83.737686 	40.816662 	43.266617 	75.690155 	41.880783 	43.011627 	40.607880 	109.603828 	108.894447 	116.777565 	121.696342 	124.482933 	24.207438 	19.235384 	123.434196 	9.433981 	26.925823 	24.351591 	999.000000 	89.894379 	12.041595 	95.713112 	94.810333 	68.308128 	94.371605 	92.612091 	99.282425 	72.422371 	66.708321 	104.216118 	10.049875 	12.083046 	73.006851 	27.513634 	111.825760 	159.452194 	76.485291 	108.853111 	113.216606 	26.925823 	113.318138 	111.615410 	112.538879 	20.024984 	
34.713108 	59.304298 	56.222771 	31.304953 	57.314919 	55.326305 	55.731499 	37.121422 	36.124783 	38.470768 	42.953465 	46.097721 	66.309875 	70.661163 	41.436699 	95.078911 	63.134777 	65.863495 	89.894379 	999.000000 	79.924965 	5.830952 	5.099020 	25.000000 	5.000000 	4.472136 	9.486833 	21.954498 	30.016663 	14.560220 	95.718338 	99.644371 	25.632011 	73.593475 	22.135944 	75.471848 	26.476404 	20.099751 	23.769728 	79.208588 	24.331051 	23.086792 	24.083189 	99.809822 	
77.388626 	37.107952 	38.897301 	68.818604 	37.643059 	38.275318 	35.468296 	102.303467 	101.533249 	108.977058 	113.951744 	116.846054 	17.464249 	11.180340 	115.260574 	20.880613 	17.029387 	14.212670 	12.041595 	79.924965 	999.000000 	85.755463 	84.723076 	57.384666 	84.219948 	82.365044 	89.185204 	61.465439 	55.362442 	94.021271 	15.811388 	19.723083 	61.684681 	16.124516 	101.597244 	151.327454 	65.000000 	98.386993 	102.883430 	17.029387 	102.859123 	101.079178 	101.980392 	21.954498 	
36.891735 	64.629715 	61.522354 	34.785053 	62.649822 	60.671246 	61.188232 	34.928497 	33.955853 	35.014282 	39.204590 	42.296574 	72.090218 	76.478752 	37.107952 	100.846420 	68.963760 	71.693794 	95.713112 	5.830952 	85.755463 	999.000000 	2.000000 	30.479502 	3.000000 	5.099020 	4.000000 	27.202942 	35.227829 	9.055386 	101.548019 	105.475113 	30.413813 	79.309517 	16.492422 	70.327805 	30.675724 	15.033297 	18.248287 	84.899940 	19.026299 	18.027756 	19.026299 	105.603027 	
38.013157 	64.381676 	61.294373 	35.468296 	62.393909 	60.406952 	60.827625 	36.878178 	35.902645 	37.013512 	41.194660 	44.283180 	71.309189 	75.584389 	39.051247 	100.089958 	68.000000 	70.710678 	94.810333 	5.099020 	84.723076 	2.000000 	999.000000 	29.000000 	1.000000 	3.162278 	4.472136 	25.612497 	33.600594 	9.486833 	100.498756 	104.446159 	28.653097 	77.987175 	17.088007 	72.069412 	28.792360 	15.033297 	18.681541 	83.546394 	19.235384 	18.027756 	19.026299 	104.403069 	
44.384682 	46.173584 	43.657761 	36.400551 	44.271889 	42.379242 	41.484936 	58.249462 	57.271286 	61.684681 	66.483078 	69.641945 	46.389652 	49.477268 	65.741920 	74.732857 	41.484936 	43.965897 	68.308128 	25.000000 	57.384666 	30.479502 	29.000000 	999.000000 	28.284271 	26.172504 	33.241539 	4.123106 	6.000000 	37.643059 	72.917763 	76.967529 	7.211102 	49.203659 	45.000000 	100.404182 	11.661903 	41.340054 	46.043457 	54.671749 	45.793011 	43.908997 	44.777225 	76.006577 	
38.600517 	64.280632 	61.204575 	35.846897 	62.289646 	60.299255 	60.671246 	37.854988 	36.878178 	38.013157 	42.190044 	45.276924 	70.936592 	75.153175 	40.024994 	99.724625 	67.535179 	70.235321 	94.371605 	5.000000 	84.219948 	3.000000 	1.000000 	28.284271 	999.000000 	2.236068 	5.000000 	24.839485 	32.802441 	9.848858 	99.985001 	103.942291 	27.784887 	77.336922 	17.464249 	72.945183 	27.856777 	15.132746 	18.973665 	82.879433 	19.416489 	18.110771 	19.104973 	103.812332 	
39.051247 	63.126858 	60.074955 	35.777088 	61.131008 	59.135437 	59.413803 	39.623226 	38.639359 	40.049969 	44.283180 	47.381432 	69.289246 	73.409805 	42.201897 	98.081596 	65.741920 	68.425140 	92.612091 	4.472136 	82.365044 	5.099020 	3.162278 	26.172504 	2.236068 	999.000000 	7.071068 	22.671568 	30.610456 	11.661903 	98.112183 	102.083298 	25.553865 	75.286118 	19.235384 	75.179787 	25.632011 	16.492422 	20.615528 	80.808418 	20.880613 	19.416489 	20.396078 	101.833199 	
40.311287 	68.593002 	65.490456 	38.600517 	66.610809 	64.629715 	65.115280 	36.055511 	35.114101 	35.128338 	39.000000 	42.011902 	75.769386 	80.056229 	36.345562 	104.546638 	72.470680 	75.179787 	99.282425 	9.486833 	89.185204 	4.000000 	4.472136 	33.241539 	5.000000 	7.071068 	999.000000 	29.732138 	37.643059 	5.099020 	104.957130 	108.908218 	32.449963 	82.328613 	12.649111 	68.425140 	32.202484 	11.045361 	14.317822 	87.863533 	15.033297 	14.035668 	15.033297 	108.811768 	
44.598206 	49.729267 	47.127487 	37.121422 	47.801674 	45.880280 	45.122055 	56.568542 	55.578773 	59.481091 	64.195015 	67.357254 	50.487621 	53.600372 	63.158531 	78.854294 	45.607018 	48.083260 	72.422371 	21.954498 	61.465439 	27.202942 	25.612497 	4.123106 	24.839485 	22.671568 	29.732138 	999.000000 	8.062258 	33.970577 	76.967529 	81.024689 	5.385165 	53.009434 	41.231056 	97.416634 	9.219544 	37.443291 	42.201897 	58.412327 	41.880783 	39.962482 	40.816662 	79.924965 	
50.219517 	48.332184 	46.065170 	42.059483 	46.518814 	44.721359 	43.462627 	64.132675 	63.150612 	67.357254 	72.111023 	75.272835 	46.000000 	48.373547 	71.175842 	73.681747 	40.311287 	42.579338 	66.708321 	30.016663 	55.362442 	35.227829 	33.600594 	6.000000 	32.802441 	30.610456 	37.643059 	8.062258 	999.000000 	41.725292 	70.576202 	74.672615 	6.324555 	45.793011 	48.836460 	105.475113 	10.000000 	44.821869 	49.678970 	51.039200 	49.203659 	47.201694 	48.010414 	72.945183 	
44.283180 	73.681747 	70.576202 	43.174065 	71.700768 	69.720871 	70.213959 	37.121422 	36.235340 	34.928497 	38.327538 	41.194660 	80.777473 	85.000000 	35.000000 	109.562767 	77.369247 	80.062477 	104.216118 	14.560220 	94.021271 	9.055386 	9.486833 	37.643059 	9.848858 	11.661903 	5.099020 	33.970577 	41.725292 	999.000000 	109.772491 	113.740936 	36.235340 	86.833176 	7.615773 	65.391129 	35.510563 	6.324555 	9.219544 	92.314682 	10.000000 	9.219544 	10.198039 	113.463654 	
92.200867 	50.089920 	52.354561 	83.868942 	51.000000 	51.971146 	49.396355 	117.592514 	116.846054 	124.458832 	129.417923 	132.276230 	32.015621 	26.172504 	130.862518 	16.552946 	32.802441 	30.000000 	10.049875 	95.718338 	15.811388 	101.548019 	100.498756 	72.917763 	99.985001 	98.112183 	104.957130 	76.967529 	70.576202 	109.772491 	999.000000 	4.123106 	76.896034 	27.018513 	117.337120 	166.931122 	80.006248 	114.061386 	118.595955 	24.331051 	118.532700 	116.726173 	117.618027 	10.198039 	
95.425362 	52.839378 	55.226807 	87.206650 	53.851646 	54.918121 	52.430908 	121.016525 	120.282997 	127.988281 	132.936081 	135.771866 	35.383614 	29.732138 	134.469330 	16.278820 	36.619667 	33.837849 	12.083046 	99.644371 	19.723083 	105.475113 	104.446159 	76.967529 	103.942291 	102.083298 	108.908218 	81.024689 	74.672615 	113.740936 	4.123106 	999.000000 	80.993828 	31.064449 	121.313644 	170.531525 	84.118965 	118.072014 	122.588745 	28.160255 	122.543869 	120.747673 	121.642921 	10.816654 	
49.979996 	53.141319 	50.695168 	42.485291 	51.264023 	49.396355 	48.383881 	61.294373 	60.299255 	63.788715 	68.410522 	71.568146 	52.038448 	54.589375 	67.067131 	79.906197 	46.529560 	48.836460 	73.006851 	25.632011 	61.684681 	30.413813 	28.653097 	7.211102 	27.784887 	25.553865 	32.449963 	5.385165 	6.324555 	36.235340 	76.896034 	80.993828 	999.000000 	51.971146 	43.139309 	100.722389 	4.472136 	38.948685 	43.863426 	57.140179 	43.278172 	41.231056 	42.011902 	79.177017 	
78.185677 	44.283180 	45.044422 	69.079666 	44.102154 	44.011364 	41.012192 	100.846420 	99.985001 	106.508217 	111.503365 	114.546936 	25.000000 	20.124611 	112.004463 	36.769554 	19.026299 	17.262676 	27.513634 	73.593475 	16.124516 	79.309517 	77.987175 	49.203659 	77.336922 	75.286118 	82.328613 	53.009434 	45.793011 	86.833176 	27.018513 	31.064449 	51.971146 	999.000000 	94.201912 	147.756561 	54.561890 	90.443352 	95.210297 	5.830952 	94.868332 	92.913940 	93.744331 	27.313000 	
49.648766 	81.049370 	77.929459 	49.497475 	79.075912 	77.103828 	77.665955 	38.418747 	37.643059 	34.438351 	37.000000 	39.560081 	88.391174 	92.612091 	32.756680 	117.175079 	84.970581 	87.658424 	111.825760 	22.135944 	101.597244 	16.492422 	17.088007 	45.000000 	17.464249 	19.235384 	12.649111 	41.231056 	48.836460 	7.615773 	117.337120 	121.313644 	43.139309 	94.201912 	999.000000 	60.083275 	42.011902 	5.099020 	2.236068 	99.639351 	4.242640 	5.385165 	5.830952 	120.929733 	
77.698135 	121.247681 	118.224365 	84.403793 	119.620232 	118.004234 	119.808182 	50.774010 	51.312767 	42.801868 	38.013157 	35.510563 	135.281189 	140.801285 	36.069378 	162.431519 	134.350296 	137.178711 	159.452194 	75.471848 	151.327454 	70.327805 	72.069412 	100.404182 	72.945183 	75.179787 	68.425140 	97.416634 	105.475113 	65.391129 	166.931122 	170.531525 	100.722389 	147.756561 	60.083275 	999.000000 	100.623062 	65.145988 	60.440052 	153.525238 	62.096699 	64.288414 	64.031242 	172.586212 	
53.310413 	57.584721 	55.154327 	46.141087 	55.713554 	53.851646 	52.810986 	63.031738 	62.032249 	64.938431 	69.426216 	72.567207 	56.000000 	58.309521 	67.720009 	83.600243 	50.249378 	52.469040 	76.485291 	26.476404 	65.000000 	30.675724 	28.792360 	11.661903 	27.856777 	25.632011 	32.202484 	9.219544 	10.000000 	35.510563 	80.006248 	84.118965 	4.472136 	54.561890 	42.011902 	100.623062 	999.000000 	37.536648 	42.520584 	59.539902 	41.725292 	39.597980 	40.311287 	81.859634 	
50.566788 	79.404030 	76.321686 	49.477268 	77.414467 	75.425461 	75.802376 	41.880783 	41.048752 	38.626415 	41.484936 	44.147480 	85.702972 	89.693924 	37.483330 	114.490173 	81.939003 	84.581322 	108.853111 	20.099751 	98.386993 	15.033297 	15.033297 	41.340054 	15.132746 	16.492422 	11.045361 	37.443291 	44.821869 	6.324555 	114.061386 	118.072014 	38.948685 	90.443352 	5.099020 	65.145988 	37.536648 	999.000000 	5.000000 	95.801880 	4.472136 	3.000000 	4.000000 	117.345642 	
51.865211 	82.873398 	79.762146 	51.623638 	80.894997 	78.917679 	79.429214 	40.459858 	39.698868 	36.235340 	38.626415 	41.109608 	89.888817 	94.021271 	34.205261 	118.680244 	86.330757 	89.000000 	113.216606 	23.769728 	102.883430 	18.248287 	18.681541 	46.043457 	18.973665 	20.615528 	14.317822 	42.201897 	49.678970 	9.219544 	118.595955 	122.588745 	43.863426 	95.210297 	2.236068 	60.440052 	42.520584 	5.000000 	999.000000 	100.603180 	2.236068 	4.000000 	4.123106 	122.036880 	
83.934502 	49.040798 	50.009998 	74.846512 	49.000000 	49.040798 	46.043457 	106.677086 	105.815880 	112.329872 	117.324333 	120.370262 	29.274563 	23.769728 	117.800682 	36.359318 	24.083189 	22.000000 	26.925823 	79.208588 	17.029387 	84.899940 	83.546394 	54.671749 	82.879433 	80.808418 	87.863533 	58.412327 	51.039200 	92.314682 	24.331051 	28.160255 	57.140179 	5.830952 	99.639351 	153.525238 	59.539902 	95.801880 	100.603180 	999.000000 	100.209778 	98.229324 	99.045441 	22.803509 	
53.488316 	83.600243 	80.504662 	52.952808 	81.614952 	79.630394 	80.062477 	42.638012 	41.868843 	38.470768 	40.853397 	43.324360 	90.138779 	94.154129 	36.400551 	118.928551 	86.406021 	89.050545 	113.318138 	24.331051 	102.859123 	19.026299 	19.235384 	45.793011 	19.416489 	20.880613 	15.033297 	41.880783 	49.203659 	10.000000 	118.532700 	122.543869 	43.278172 	94.868332 	4.242640 	62.096699 	41.725292 	4.472136 	2.236068 	100.209778 	999.000000 	2.236068 	2.000000 	121.794907 	
53.310413 	82.389320 	79.309517 	52.392746 	80.399002 	78.409180 	78.771820 	43.600460 	42.801868 	39.812057 	42.379242 	44.922153 	88.543777 	92.477028 	38.078865 	117.324333 	84.693565 	87.321243 	111.615410 	23.086792 	101.079178 	18.027756 	18.027756 	43.908997 	18.110771 	19.416489 	14.035668 	39.962482 	47.201694 	9.219544 	116.726173 	120.747673 	41.231056 	92.913940 	5.385165 	64.288414 	39.597980 	3.000000 	4.000000 	98.229324 	2.236068 	999.000000 	1.000000 	119.887444 	
54.230988 	83.384651 	80.305664 	53.366657 	81.394104 	79.404030 	79.762146 	44.204071 	43.416588 	40.249222 	42.720020 	45.221676 	89.493019 	93.407707 	38.327538 	118.270874 	85.615417 	88.238312 	112.538879 	24.083189 	101.980392 	19.026299 	19.026299 	44.777225 	19.104973 	20.396078 	15.033297 	40.816662 	48.010414 	10.198039 	117.618027 	121.642921 	42.011902 	93.744331 	5.830952 	64.031242 	40.311287 	4.000000 	4.123106 	99.045441 	2.000000 	1.000000 	999.000000 	120.739388 	
99.322708 	58.523499 	60.539242 	90.697296 	59.236813 	60.008331 	57.271286 	124.016129 	123.227432 	130.483719 	135.473251 	138.408813 	39.357338 	33.120991 	136.561340 	26.570660 	38.418747 	35.608986 	20.024984 	99.809822 	21.954498 	105.603027 	104.403069 	76.006577 	103.812332 	101.833199 	108.811768 	79.924965 	72.945183 	113.463654 	10.198039 	10.816654 	79.177017 	27.313000 	120.929733 	172.586212 	81.859634 	117.345642 	122.036880 	22.803509 	121.794907 	119.887444 	120.739388 	999.000000 	

Travel time:
9.000000 	1.098294 	1.025914 	0.230489 	1.061249 	1.025305 	1.079641 	0.673146 	0.660492 	0.883530 	0.995615 	1.054751 	1.505407 	1.657181 	1.077033 	2.139655 	1.532359 	1.600195 	2.093442 	0.867828 	1.934716 	0.922293 	0.950329 	1.109617 	0.965013 	0.976281 	1.007782 	1.114955 	1.255488 	1.107080 	2.305022 	2.385634 	1.249500 	1.954642 	1.241219 	1.942453 	1.332760 	1.264170 	1.296630 	2.098362 	1.337208 	1.332760 	1.355775 	2.483068 	
1.098294 	9.000000 	0.079057 	0.922293 	0.050000 	0.100000 	0.125000 	1.765113 	1.750000 	1.962301 	2.080865 	2.145052 	0.502494 	0.657647 	2.143887 	1.043132 	0.632949 	0.676849 	1.020416 	1.482607 	0.927699 	1.615743 	1.609542 	1.154340 	1.607016 	1.578171 	1.714825 	1.243232 	1.208305 	1.842044 	1.252248 	1.320984 	1.328533 	1.107080 	2.026234 	3.031192 	1.439618 	1.985101 	2.071835 	1.226020 	2.090006 	2.059733 	2.084616 	1.463087 	
1.025914 	0.079057 	9.000000 	0.845946 	0.035355 	0.035355 	0.103078 	1.690599 	1.675187 	1.886299 	2.005306 	2.070024 	0.539676 	0.697316 	2.067003 	1.113833 	0.650481 	0.700446 	1.081665 	1.405569 	0.972432 	1.538059 	1.532359 	1.091444 	1.530114 	1.501874 	1.637261 	1.178187 	1.151629 	1.764405 	1.308864 	1.380670 	1.267379 	1.126111 	1.948236 	2.955609 	1.378858 	1.908042 	1.994054 	1.250250 	2.012617 	1.982738 	2.007642 	1.513481 	
0.230489 	0.922293 	0.845946 	9.000000 	0.880696 	0.840015 	0.886707 	0.849264 	0.832541 	1.040433 	1.160011 	1.226020 	1.296389 	1.445035 	1.221935 	1.952562 	1.311964 	1.380670 	1.892254 	0.782624 	1.720465 	0.869626 	0.886707 	0.910014 	0.896172 	0.894427 	0.965013 	0.928036 	1.051487 	1.079352 	2.096724 	2.180166 	1.062132 	1.726992 	1.237437 	2.110095 	1.153527 	1.236932 	1.290591 	1.871163 	1.323820 	1.309819 	1.334166 	2.267432 	
1.061249 	0.050000 	0.035355 	0.880696 	9.000000 	0.050000 	0.090139 	1.725724 	1.710263 	1.921100 	2.040221 	2.105053 	0.509902 	0.667083 	2.101488 	1.078483 	0.626997 	0.675000 	1.047020 	1.432873 	0.941076 	1.566246 	1.559848 	1.106797 	1.557241 	1.528275 	1.665270 	1.195042 	1.162970 	1.792519 	1.275000 	1.346291 	1.281601 	1.102554 	1.976898 	2.990506 	1.392839 	1.935362 	2.022375 	1.225000 	2.040374 	2.009975 	2.034853 	1.480920 	
1.025305 	0.100000 	0.035355 	0.840015 	0.050000 	9.000000 	0.075000 	1.686898 	1.671077 	1.880326 	2.000000 	2.065490 	0.522015 	0.680074 	2.059430 	1.114955 	0.625000 	0.676849 	1.075291 	1.383158 	0.956883 	1.516781 	1.510174 	1.059481 	1.507481 	1.478386 	1.615743 	1.147007 	1.118034 	1.743022 	1.299279 	1.372953 	1.234909 	1.100284 	1.927596 	2.950106 	1.346291 	1.885637 	1.972942 	1.226020 	1.990760 	1.960230 	1.985101 	1.500208 	
1.079641 	0.125000 	0.103078 	0.886707 	0.090139 	0.075000 	9.000000 	1.735655 	1.719193 	1.925162 	2.045880 	2.112611 	0.450694 	0.608790 	2.101339 	1.065950 	0.550000 	0.602080 	1.015197 	1.393287 	0.886707 	1.529706 	1.520691 	1.037123 	1.516781 	1.485345 	1.627882 	1.128051 	1.086566 	1.755349 	1.234909 	1.310773 	1.209597 	1.025305 	1.941649 	2.995204 	1.320275 	1.895059 	1.985730 	1.151086 	2.001562 	1.969296 	1.994054 	1.431782 	
0.673146 	1.765113 	1.690599 	0.849264 	1.725724 	1.686898 	1.735655 	9.000000 	0.025000 	0.226385 	0.325000 	0.381608 	2.140823 	2.285963 	0.427931 	2.801116 	2.140093 	2.210204 	2.740096 	0.928036 	2.557587 	0.873212 	0.921954 	1.456237 	0.946375 	0.990581 	0.901388 	1.414214 	1.603317 	0.928036 	2.939813 	3.025413 	1.532359 	2.521161 	0.960469 	1.269350 	1.575794 	1.047020 	1.011496 	2.666927 	1.065950 	1.090011 	1.105102 	3.100403 	
0.660492 	1.750000 	1.675187 	0.832541 	1.710263 	1.671077 	1.719193 	0.025000 	9.000000 	0.230489 	0.335410 	0.395285 	2.122499 	2.267157 	0.431567 	2.784892 	2.120289 	2.190462 	2.722361 	0.903120 	2.538331 	0.848896 	0.897566 	1.431782 	0.921954 	0.965984 	0.877853 	1.389469 	1.578765 	0.905883 	2.921151 	3.007075 	1.507481 	2.499625 	0.941076 	1.282819 	1.550806 	1.026219 	0.992472 	2.645397 	1.046721 	1.070047 	1.085415 	3.080686 	
0.883530 	1.962301 	1.886299 	1.040433 	1.921100 	1.880326 	1.925162 	0.226385 	0.230489 	9.000000 	0.125000 	0.201556 	2.316382 	2.457260 	0.201556 	2.990819 	2.302444 	2.373025 	2.919439 	0.961769 	2.724427 	0.875357 	0.925338 	1.542117 	0.950329 	1.001249 	0.878208 	1.487027 	1.683931 	0.873212 	3.111471 	3.199707 	1.594718 	2.662705 	0.860959 	1.070047 	1.623461 	0.965660 	0.905883 	2.808247 	0.961769 	0.995301 	1.006231 	3.262093 	
0.995615 	2.080865 	2.005306 	1.160011 	2.040221 	2.000000 	2.045880 	0.325000 	0.335410 	0.125000 	9.000000 	0.079057 	2.439775 	2.581182 	0.145774 	3.111772 	2.427061 	2.497624 	3.042408 	1.073837 	2.848794 	0.980115 	1.029866 	1.662077 	1.054751 	1.107080 	0.975000 	1.604875 	1.802776 	0.958188 	3.235448 	3.323402 	1.710263 	2.787584 	0.925000 	0.950329 	1.735655 	1.037123 	0.965660 	2.933108 	1.021335 	1.059481 	1.068001 	3.386831 	
1.054751 	2.145052 	2.070024 	1.226020 	2.105053 	2.065490 	2.112611 	0.381608 	0.395285 	0.201556 	0.079057 	9.000000 	2.510229 	2.652593 	0.180278 	3.178541 	2.500125 	2.570627 	3.112073 	1.152443 	2.921151 	1.057414 	1.107080 	1.741049 	1.131923 	1.184536 	1.050297 	1.683931 	1.881821 	1.029866 	3.306906 	3.394297 	1.789204 	2.863673 	0.989002 	0.887764 	1.814180 	1.103687 	1.027740 	3.009257 	1.083109 	1.123054 	1.130542 	3.460220 	
1.505407 	0.502494 	0.539676 	1.296389 	0.509902 	0.522015 	0.450694 	2.140823 	2.122499 	2.316382 	2.439775 	2.510229 	9.000000 	0.158114 	2.481179 	0.719809 	0.195256 	0.201556 	0.605186 	1.657747 	0.436606 	1.802255 	1.782730 	1.159741 	1.773415 	1.732231 	1.894235 	1.262191 	1.150000 	2.019437 	0.800391 	0.884590 	1.300961 	0.625000 	2.209779 	3.382030 	1.400000 	2.142574 	2.247221 	0.731864 	2.253469 	2.213594 	2.237325 	0.983933 	
1.657181 	0.657647 	0.697316 	1.445035 	0.667083 	0.680074 	0.608790 	2.285963 	2.267157 	2.457260 	2.581182 	2.652593 	0.158114 	9.000000 	2.618444 	0.632949 	0.201556 	0.152069 	0.480885 	1.766529 	0.279509 	1.911969 	1.889610 	1.236932 	1.878829 	1.835245 	2.001406 	1.340009 	1.209339 	2.125000 	0.654313 	0.743303 	1.364734 	0.503115 	2.315302 	3.520032 	1.457738 	2.242348 	2.350532 	0.594243 	2.353853 	2.311926 	2.335193 	0.828025 	
1.077033 	2.143887 	2.067003 	1.221935 	2.101488 	2.059430 	2.101339 	0.427931 	0.431567 	0.201556 	0.145774 	0.180278 	2.481179 	2.618444 	9.000000 	3.165142 	2.457260 	2.527969 	3.085855 	1.035918 	2.881514 	0.927699 	0.976281 	1.643548 	1.000625 	1.055047 	0.908639 	1.578963 	1.779396 	0.875000 	3.271563 	3.361733 	1.676678 	2.800112 	0.818917 	0.901734 	1.693000 	0.937083 	0.855132 	2.945017 	0.910014 	0.951972 	0.958188 	3.414033 	
2.139655 	1.043132 	1.113833 	1.952562 	1.078483 	1.114955 	1.065950 	2.801116 	2.784892 	2.990819 	3.111772 	3.178541 	0.719809 	0.632949 	3.165142 	9.000000 	0.834416 	0.778621 	0.235850 	2.376973 	0.522015 	2.521161 	2.502249 	1.868321 	2.493116 	2.452040 	2.613666 	1.971357 	1.842044 	2.739069 	0.413824 	0.406971 	1.997655 	0.919239 	2.929377 	4.060788 	2.090006 	2.862254 	2.967006 	0.908983 	2.973214 	2.933108 	2.956772 	0.664266 	
1.532359 	0.632949 	0.650481 	1.311964 	0.626997 	0.625000 	0.550000 	2.140093 	2.120289 	2.302444 	2.427061 	2.500125 	0.195256 	0.201556 	2.457260 	0.834416 	9.000000 	0.070711 	0.673146 	1.578369 	0.425735 	1.724094 	1.700000 	1.037123 	1.688380 	1.643548 	1.811767 	1.140175 	1.007782 	1.934231 	0.820061 	0.915492 	1.163239 	0.475657 	2.124264 	3.358757 	1.256234 	2.048475 	2.158269 	0.602080 	2.160151 	2.117339 	2.140385 	0.960469 	
1.600195 	0.676849 	0.700446 	1.380670 	0.675000 	0.676849 	0.602080 	2.210204 	2.190462 	2.373025 	2.497624 	2.570627 	0.201556 	0.152069 	2.527969 	0.778621 	0.070711 	9.000000 	0.608790 	1.646587 	0.355317 	1.792345 	1.767767 	1.099147 	1.755883 	1.710629 	1.879495 	1.202081 	1.064483 	2.001562 	0.750000 	0.845946 	1.220912 	0.431567 	2.191461 	3.429468 	1.311726 	2.114533 	2.225000 	0.550000 	2.226264 	2.183031 	2.205958 	0.890225 	
2.093442 	1.020416 	1.081665 	1.892254 	1.047020 	1.075291 	1.015197 	2.740096 	2.722361 	2.919439 	3.042408 	3.112073 	0.605186 	0.480885 	3.085855 	0.235850 	0.673146 	0.608790 	9.000000 	2.247360 	0.301040 	2.392828 	2.370258 	1.707703 	2.359290 	2.315302 	2.482061 	1.810559 	1.667708 	2.605403 	0.251247 	0.302076 	1.825171 	0.687841 	2.795644 	3.986305 	1.912132 	2.721328 	2.830415 	0.673146 	2.832953 	2.790385 	2.813472 	0.500625 	
0.867828 	1.482607 	1.405569 	0.782624 	1.432873 	1.383158 	1.393287 	0.928036 	0.903120 	0.961769 	1.073837 	1.152443 	1.657747 	1.766529 	1.035918 	2.376973 	1.578369 	1.646587 	2.247360 	9.000000 	1.998124 	0.145774 	0.127475 	0.625000 	0.125000 	0.111803 	0.237171 	0.548862 	0.750417 	0.364006 	2.392958 	2.491109 	0.640800 	1.839837 	0.553399 	1.886796 	0.661910 	0.502494 	0.594243 	1.980215 	0.608276 	0.577170 	0.602080 	2.495245 	
1.934716 	0.927699 	0.972432 	1.720465 	0.941076 	0.956883 	0.886707 	2.557587 	2.538331 	2.724427 	2.848794 	2.921151 	0.436606 	0.279509 	2.881514 	0.522015 	0.425735 	0.355317 	0.301040 	1.998124 	9.000000 	2.143887 	2.118077 	1.434617 	2.105499 	2.059126 	2.229630 	1.536636 	1.384061 	2.350532 	0.395285 	0.493077 	1.542117 	0.403113 	2.539931 	3.783186 	1.625000 	2.459675 	2.572086 	0.425735 	2.571478 	2.526979 	2.549510 	0.548862 	
0.922293 	1.615743 	1.538059 	0.869626 	1.566246 	1.516781 	1.529706 	0.873212 	0.848896 	0.875357 	0.980115 	1.057414 	1.802255 	1.911969 	0.927699 	2.521161 	1.724094 	1.792345 	2.392828 	0.145774 	2.143887 	9.000000 	0.050000 	0.761988 	0.075000 	0.127475 	0.100000 	0.680074 	0.880696 	0.226385 	2.538701 	2.636878 	0.760345 	1.982738 	0.412311 	1.758195 	0.766893 	0.375832 	0.456207 	2.122499 	0.475657 	0.450694 	0.475657 	2.640076 	
0.950329 	1.609542 	1.532359 	0.886707 	1.559848 	1.510174 	1.520691 	0.921954 	0.897566 	0.925338 	1.029866 	1.107080 	1.782730 	1.889610 	0.976281 	2.502249 	1.700000 	1.767767 	2.370258 	0.127475 	2.118077 	0.050000 	9.000000 	0.725000 	0.025000 	0.079057 	0.111803 	0.640312 	0.840015 	0.237171 	2.512469 	2.611154 	0.716327 	1.949679 	0.427200 	1.801735 	0.719809 	0.375832 	0.467039 	2.088660 	0.480885 	0.450694 	0.475657 	2.610077 	
1.109617 	1.154340 	1.091444 	0.910014 	1.106797 	1.059481 	1.037123 	1.456237 	1.431782 	1.542117 	1.662077 	1.741049 	1.159741 	1.236932 	1.643548 	1.868321 	1.037123 	1.099147 	1.707703 	0.625000 	1.434617 	0.761988 	0.725000 	9.000000 	0.707107 	0.654313 	0.831038 	0.103078 	0.150000 	0.941076 	1.822944 	1.924188 	0.180278 	1.230091 	1.125000 	2.510105 	0.291548 	1.033501 	1.151086 	1.366794 	1.144825 	1.097725 	1.119431 	1.900164 	
0.965013 	1.607016 	1.530114 	0.896172 	1.557241 	1.507481 	1.516781 	0.946375 	0.921954 	0.950329 	1.054751 	1.131923 	1.773415 	1.878829 	1.000625 	2.493116 	1.688380 	1.755883 	2.359290 	0.125000 	2.105499 	0.075000 	0.025000 	0.707107 	9.000000 	0.055902 	0.125000 	0.620987 	0.820061 	0.246221 	2.499625 	2.598557 	0.694622 	1.933423 	0.436606 	1.823630 	0.696419 	0.378319 	0.474342 	2.071986 	0.485412 	0.452769 	0.477624 	2.595308 	
0.976281 	1.578171 	1.501874 	0.894427 	1.528275 	1.478386 	1.485345 	0.990581 	0.965984 	1.001249 	1.107080 	1.184536 	1.732231 	1.835245 	1.055047 	2.452040 	1.643548 	1.710629 	2.315302 	0.111803 	2.059126 	0.127475 	0.079057 	0.654313 	0.055902 	9.000000 	0.176777 	0.566789 	0.765261 	0.291548 	2.452805 	2.552083 	0.638847 	1.882153 	0.480885 	1.879495 	0.640800 	0.412311 	0.515388 	2.020211 	0.522015 	0.485412 	0.509902 	2.545830 	
1.007782 	1.714825 	1.637261 	0.965013 	1.665270 	1.615743 	1.627882 	0.901388 	0.877853 	0.878208 	0.975000 	1.050297 	1.894235 	2.001406 	0.908639 	2.613666 	1.811767 	1.879495 	2.482061 	0.237171 	2.229630 	0.100000 	0.111803 	0.831038 	0.125000 	0.176777 	9.000000 	0.743303 	0.941076 	0.127475 	2.623928 	2.722705 	0.811249 	2.058215 	0.316228 	1.710629 	0.805062 	0.276134 	0.357946 	2.196588 	0.375832 	0.350892 	0.375832 	2.720294 	
1.114955 	1.243232 	1.178187 	0.928036 	1.195042 	1.147007 	1.128051 	1.414214 	1.389469 	1.487027 	1.604875 	1.683931 	1.262191 	1.340009 	1.578963 	1.971357 	1.140175 	1.202081 	1.810559 	0.548862 	1.536636 	0.680074 	0.640312 	0.103078 	0.620987 	0.566789 	0.743303 	9.000000 	0.201556 	0.849264 	1.924188 	2.025617 	0.134629 	1.325236 	1.030776 	2.435416 	0.230489 	0.936082 	1.055047 	1.460308 	1.047020 	0.999062 	1.020416 	1.998124 	
1.255488 	1.208305 	1.151629 	1.051487 	1.162970 	1.118034 	1.086566 	1.603317 	1.578765 	1.683931 	1.802776 	1.881821 	1.150000 	1.209339 	1.779396 	1.842044 	1.007782 	1.064483 	1.667708 	0.750417 	1.384061 	0.880696 	0.840015 	0.150000 	0.820061 	0.765261 	0.941076 	0.201556 	9.000000 	1.043132 	1.764405 	1.866815 	0.158114 	1.144825 	1.220912 	2.636878 	0.250000 	1.120547 	1.241974 	1.275980 	1.230091 	1.180042 	1.200260 	1.823630 	
1.107080 	1.842044 	1.764405 	1.079352 	1.792519 	1.743022 	1.755349 	0.928036 	0.905883 	0.873212 	0.958188 	1.029866 	2.019437 	2.125000 	0.875000 	2.739069 	1.934231 	2.001562 	2.605403 	0.364006 	2.350532 	0.226385 	0.237171 	0.941076 	0.246221 	0.291548 	0.127475 	0.849264 	1.043132 	9.000000 	2.744312 	2.843524 	0.905883 	2.170829 	0.190394 	1.634778 	0.887764 	0.158114 	0.230489 	2.307867 	0.250000 	0.230489 	0.254951 	2.836591 	
2.305022 	1.252248 	1.308864 	2.096724 	1.275000 	1.299279 	1.234909 	2.939813 	2.921151 	3.111471 	3.235448 	3.306906 	0.800391 	0.654313 	3.271563 	0.413824 	0.820061 	0.750000 	0.251247 	2.392958 	0.395285 	2.538701 	2.512469 	1.822944 	2.499625 	2.452805 	2.623928 	1.924188 	1.764405 	2.744312 	9.000000 	0.103078 	1.922401 	0.675463 	2.933428 	4.173278 	2.000156 	2.851535 	2.964899 	0.608276 	2.963317 	2.918154 	2.940451 	0.254951 	
2.385634 	1.320984 	1.380670 	2.180166 	1.346291 	1.372953 	1.310773 	3.025413 	3.007075 	3.199707 	3.323402 	3.394297 	0.884590 	0.743303 	3.361733 	0.406971 	0.915492 	0.845946 	0.302076 	2.491109 	0.493077 	2.636878 	2.611154 	1.924188 	2.598557 	2.552083 	2.722705 	2.025617 	1.866815 	2.843524 	0.103078 	9.000000 	2.024846 	0.776611 	3.032841 	4.263288 	2.102974 	2.951800 	3.064719 	0.704006 	3.063597 	3.018692 	3.041073 	0.270416 	
1.249500 	1.328533 	1.267379 	1.062132 	1.281601 	1.234909 	1.209597 	1.532359 	1.507481 	1.594718 	1.710263 	1.789204 	1.300961 	1.364734 	1.676678 	1.997655 	1.163239 	1.220912 	1.825171 	0.640800 	1.542117 	0.760345 	0.716327 	0.180278 	0.694622 	0.638847 	0.811249 	0.134629 	0.158114 	0.905883 	1.922401 	2.024846 	9.000000 	1.299279 	1.078483 	2.518060 	0.111803 	0.973717 	1.096586 	1.428504 	1.081954 	1.030776 	1.050297 	1.979425 	
1.954642 	1.107080 	1.126111 	1.726992 	1.102554 	1.100284 	1.025305 	2.521161 	2.499625 	2.662705 	2.787584 	2.863673 	0.625000 	0.503115 	2.800112 	0.919239 	0.475657 	0.431567 	0.687841 	1.839837 	0.403113 	1.982738 	1.949679 	1.230091 	1.933423 	1.882153 	2.058215 	1.325236 	1.144825 	2.170829 	0.675463 	0.776611 	1.299279 	9.000000 	2.355048 	3.693914 	1.364047 	2.261084 	2.380257 	0.145774 	2.371708 	2.322849 	2.343608 	0.682825 	
1.241219 	2.026234 	1.948236 	1.237437 	1.976898 	1.927596 	1.941649 	0.960469 	0.941076 	0.860959 	0.925000 	0.989002 	2.209779 	2.315302 	0.818917 	2.929377 	2.124264 	2.191461 	2.795644 	0.553399 	2.539931 	0.412311 	0.427200 	1.125000 	0.436606 	0.480885 	0.316228 	1.030776 	1.220912 	0.190394 	2.933428 	3.032841 	1.078483 	2.355048 	9.000000 	1.502082 	1.050297 	0.127475 	0.055902 	2.490984 	0.106066 	0.134629 	0.145774 	3.023243 	
1.942453 	3.031192 	2.955609 	2.110095 	2.990506 	2.950106 	2.995204 	1.269350 	1.282819 	1.070047 	0.950329 	0.887764 	3.382030 	3.520032 	0.901734 	4.060788 	3.358757 	3.429468 	3.986305 	1.886796 	3.783186 	1.758195 	1.801735 	2.510105 	1.823630 	1.879495 	1.710629 	2.435416 	2.636878 	1.634778 	4.173278 	4.263288 	2.518060 	3.693914 	1.502082 	9.000000 	2.515577 	1.628650 	1.511001 	3.838131 	1.552418 	1.607210 	1.600781 	4.314655 	
1.332760 	1.439618 	1.378858 	1.153527 	1.392839 	1.346291 	1.320275 	1.575794 	1.550806 	1.623461 	1.735655 	1.814180 	1.400000 	1.457738 	1.693000 	2.090006 	1.256234 	1.311726 	1.912132 	0.661910 	1.625000 	0.766893 	0.719809 	0.291548 	0.696419 	0.640800 	0.805062 	0.230489 	0.250000 	0.887764 	2.000156 	2.102974 	0.111803 	1.364047 	1.050297 	2.515577 	9.000000 	0.938416 	1.063015 	1.488497 	1.043132 	0.989950 	1.007782 	2.046491 	
1.264170 	1.985101 	1.908042 	1.236932 	1.935362 	1.885637 	1.895059 	1.047020 	1.026219 	0.965660 	1.037123 	1.103687 	2.142574 	2.242348 	0.937083 	2.862254 	2.048475 	2.114533 	2.721328 	0.502494 	2.459675 	0.375832 	0.375832 	1.033501 	0.378319 	0.412311 	0.276134 	0.936082 	1.120547 	0.158114 	2.851535 	2.951800 	0.973717 	2.261084 	0.127475 	1.628650 	0.938416 	9.000000 	0.125000 	2.395047 	0.111803 	0.075000 	0.100000 	2.933641 	
1.296630 	2.071835 	1.994054 	1.290591 	2.022375 	1.972942 	1.985730 	1.011496 	0.992472 	0.905883 	0.965660 	1.027740 	2.247221 	2.350532 	0.855132 	2.967006 	2.158269 	2.225000 	2.830415 	0.594243 	2.572086 	0.456207 	0.467039 	1.151086 	0.474342 	0.515388 	0.357946 	1.055047 	1.241974 	0.230489 	2.964899 	3.064719 	1.096586 	2.380257 	0.055902 	1.511001 	1.063015 	0.125000 	9.000000 	2.515079 	0.055902 	0.100000 	0.103078 	3.050922 	
2.098362 	1.226020 	1.250250 	1.871163 	1.225000 	1.226020 	1.151086 	2.666927 	2.645397 	2.808247 	2.933108 	3.009257 	0.731864 	0.594243 	2.945017 	0.908983 	0.602080 	0.550000 	0.673146 	1.980215 	0.425735 	2.122499 	2.088660 	1.366794 	2.071986 	2.020211 	2.196588 	1.460308 	1.275980 	2.307867 	0.608276 	0.704006 	1.428504 	0.145774 	2.490984 	3.838131 	1.488497 	2.395047 	2.515079 	9.000000 	2.505244 	2.455733 	2.476136 	0.570088 	
1.337208 	2.090006 	2.012617 	1.323820 	2.040374 	1.990760 	2.001562 	1.065950 	1.046721 	0.961769 	1.021335 	1.083109 	2.253469 	2.353853 	0.910014 	2.973214 	2.160151 	2.226264 	2.832953 	0.608276 	2.571478 	0.475657 	0.480885 	1.144825 	0.485412 	0.522015 	0.375832 	1.047020 	1.230091 	0.250000 	2.963317 	3.063597 	1.081954 	2.371708 	0.106066 	1.552418 	1.043132 	0.111803 	0.055902 	2.505244 	9.000000 	0.055902 	0.050000 	3.044873 	
