Total assets = 640
Number of asset nodes = 33

Distance:
999.000000 	53.037724 	46.861500 	47.201694 	78.102493 	66.468040 	26.832815 	59.816387 	19.026299 	8.246211 	34.000000 	40.496914 	39.051247 	51.613953 	24.083189 	85.632935 	41.303753 	33.136082 	34.132095 	103.276329 	46.324940 	77.794601 	54.781384 	49.000000 	47.095646 	87.132080 	84.118965 	50.039986 	60.440052 	74.330345 	55.036350 	73.552704 	52.325901 	57.584721 	72.111023 	61.741398 	64.536812 	65.192024 	69.202599 	75.584389 	68.505478 	71.400284 	83.408630 	
53.037724 	999.000000 	8.062258 	10.049875 	25.553865 	13.453624 	79.025314 	10.049875 	68.242218 	57.628117 	86.214851 	93.085983 	29.017237 	104.350372 	59.808025 	32.802441 	33.241539 	78.721024 	79.624115 	50.249378 	95.880135 	130.831955 	105.688217 	39.849716 	93.941475 	37.854988 	37.054016 	96.254868 	110.145355 	43.266617 	62.369865 	46.227695 	75.000000 	60.440052 	48.795490 	94.641426 	80.894997 	87.206650 	82.000000 	70.327805 	95.005264 	95.189285 	93.605553 	
46.861500 	8.062258 	999.000000 	2.828427 	33.105892 	20.248457 	72.249565 	13.038404 	63.134777 	52.153618 	79.397736 	86.371292 	21.095022 	97.672920 	52.000000 	38.897301 	25.495098 	71.119621 	72.006943 	57.008770 	88.509888 	124.482933 	98.473343 	32.695564 	86.313385 	41.231056 	39.293766 	88.566360 	102.727798 	40.311287 	54.817879 	42.544094 	67.007462 	53.141319 	44.407207 	86.579445 	73.164200 	79.309517 	74.464760 	64.070274 	87.022987 	87.281158 	86.377083 	
47.201694 	10.049875 	2.828427 	999.000000 	34.176014 	21.023796 	72.138756 	12.727922 	63.953106 	52.839378 	79.246452 	86.278618 	19.000000 	97.590981 	50.990196 	39.051247 	23.194826 	70.327805 	71.196907 	57.428215 	87.920418 	124.579292 	98.005104 	30.083218 	85.475143 	40.249222 	37.947330 	87.658424 	102.083298 	37.696156 	52.392746 	39.824615 	65.007690 	50.596443 	41.617306 	84.852814 	70.859016 	77.162170 	72.034714 	61.294373 	85.000000 	85.146935 	83.815269 	
78.102493 	25.553865 	33.105892 	34.176014 	999.000000 	13.341664 	104.403069 	23.194826 	92.097771 	82.024384 	111.606453 	118.406082 	52.392746 	129.630249 	85.088188 	13.152946 	55.731499 	104.201729 	105.095192 	25.806976 	121.433105 	155.794739 	131.228806 	60.008331 	119.406868 	27.784887 	31.240999 	121.671692 	135.694504 	51.429562 	83.000000 	55.946404 	97.867256 	80.099937 	60.166435 	118.456741 	102.004898 	109.224541 	102.122475 	85.866173 	117.613777 	117.209213 	112.147224 	
66.468040 	13.453624 	20.248457 	21.023796 	13.341664 	999.000000 	92.314682 	10.000000 	81.608826 	71.063354 	99.488693 	106.404884 	39.051247 	117.686020 	72.013885 	19.416489 	42.426407 	91.301697 	92.179176 	36.878178 	108.756607 	144.256714 	118.713943 	47.042534 	106.470650 	27.018513 	27.892651 	108.673820 	122.967476 	42.011902 	70.064255 	46.043457 	84.593147 	67.364677 	49.739319 	105.118980 	89.022469 	96.083298 	89.358826 	74.330345 	104.388695 	104.076897 	99.824844 	
26.832815 	79.025314 	72.249565 	72.138756 	104.403069 	92.314682 	999.000000 	84.864601 	24.041630 	26.305893 	7.211102 	14.142136 	59.908264 	25.455845 	28.635643 	111.126053 	60.415230 	17.492855 	18.027756 	129.189789 	21.023796 	52.801514 	28.160255 	65.551506 	24.698177 	110.887329 	107.200745 	27.856777 	34.365681 	93.107468 	62.008064 	91.181137 	50.695168 	66.121101 	88.543777 	49.678970 	63.600315 	60.415230 	69.375786 	84.005951 	59.908264 	64.140472 	82.540901 	
59.816387 	10.049875 	13.038404 	12.727922 	23.194826 	10.000000 	84.864601 	999.000000 	76.157730 	65.192024 	91.967384 	99.005051 	29.410883 	110.317726 	63.134777 	26.400757 	32.557640 	82.680107 	83.528435 	44.944408 	100.439034 	137.295303 	110.602890 	37.054016 	97.754799 	28.460499 	27.166155 	99.849884 	114.546936 	34.713108 	60.074955 	38.209946 	74.672615 	57.428215 	41.400482 	95.341492 	79.025314 	86.092972 	79.404030 	65.000000 	94.429871 	94.085068 	90.027771 	
19.026299 	68.242218 	63.134777 	63.953106 	92.097771 	81.608826 	24.041630 	76.157730 	999.000000 	11.401754 	29.154760 	33.136082 	57.870544 	42.449970 	38.910152 	101.019798 	60.299255 	38.832977 	39.661064 	117.796432 	44.721359 	65.192024 	50.009998 	68.007355 	48.703182 	104.201729 	101.636604 	51.865211 	57.035076 	93.214806 	72.422371 	92.541885 	66.573265 	75.432091 	91.137260 	71.063354 	79.404030 	78.409180 	84.599052 	93.621582 	79.906197 	83.546394 	98.615417 	
8.246211 	57.628117 	52.153618 	52.839378 	82.024384 	71.063354 	26.305893 	65.192024 	11.401754 	999.000000 	32.984844 	38.626415 	46.529560 	49.193497 	31.240999 	90.426765 	49.091751 	36.687874 	37.643059 	107.563934 	47.095646 	74.027023 	54.341511 	57.035076 	49.254440 	93.059120 	90.376991 	52.345009 	60.671246 	81.884064 	63.158531 	81.301903 	59.548298 	65.787537 	80.024994 	67.230942 	72.006943 	72.124893 	76.843994 	83.815269 	74.813103 	77.987175 	91.021973 	
34.000000 	86.214851 	79.397736 	79.246452 	111.606453 	99.488693 	7.211102 	91.967384 	29.154760 	32.984844 	999.000000 	7.211102 	66.610809 	18.439089 	34.176014 	118.258194 	66.887962 	19.235384 	19.416489 	136.359818 	15.811388 	46.043457 	21.377558 	71.589104 	21.400934 	117.796432 	114.017540 	24.413111 	28.017851 	99.282425 	66.370171 	97.169952 	53.460266 	70.710678 	94.339813 	49.396355 	66.098412 	61.983868 	72.006943 	88.277969 	60.373837 	64.884514 	84.646324 	
40.496914 	93.085983 	86.371292 	86.278618 	118.406082 	106.404884 	14.142136 	99.005051 	33.136082 	38.626415 	7.211102 	999.000000 	73.817345 	11.313708 	41.231056 	125.255737 	74.094536 	25.019993 	25.000000 	143.282944 	15.556349 	38.832977 	17.117243 	78.721024 	23.021729 	124.963997 	121.210564 	25.612497 	24.515301 	106.437775 	72.835434 	104.278473 	59.076221 	77.278717 	101.390335 	52.801514 	71.449280 	66.708321 	77.414467 	94.641426 	64.257294 	68.949257 	89.627007 	
39.051247 	29.017237 	21.095022 	19.000000 	52.392746 	39.051247 	59.908264 	29.410883 	57.870544 	46.529560 	66.610809 	73.817345 	999.000000 	85.000000 	34.828148 	55.009090 	5.000000 	54.671749 	55.443665 	73.790245 	72.917763 	112.645462 	83.450584 	14.212670 	69.404610 	51.623638 	47.507893 	71.281136 	86.683334 	35.355339 	34.176014 	35.000000 	46.010868 	33.120991 	34.365681 	66.098412 	52.172791 	58.215118 	53.758720 	46.690472 	66.000000 	66.189125 	66.211784 	
51.613953 	104.350372 	97.672920 	97.590981 	129.630249 	117.686020 	25.455845 	110.317726 	42.449970 	49.193497 	18.439089 	11.313708 	85.000000 	999.000000 	51.884487 	136.561340 	85.146935 	34.205261 	33.955853 	154.563904 	19.235384 	27.784887 	13.453624 	89.470665 	27.459061 	136.235092 	132.438660 	29.120440 	20.615528 	117.239075 	82.225304 	114.934761 	67.186310 	86.833176 	111.892807 	57.723480 	79.000000 	73.334846 	85.000000 	103.754517 	69.634758 	74.525162 	96.420952 	
24.083189 	59.808025 	52.000000 	50.990196 	85.088188 	72.013885 	28.635643 	63.134777 	38.910152 	31.240999 	34.176014 	41.231056 	34.828148 	51.884487 	999.000000 	89.358826 	33.970577 	19.849434 	20.615528 	108.046288 	38.183765 	79.649231 	48.836460 	37.589893 	34.669872 	86.371292 	82.024384 	36.715118 	51.855568 	65.368187 	34.365681 	63.071388 	28.319605 	38.052597 	60.166435 	39.293766 	40.804413 	41.109608 	45.793011 	56.222771 	44.777225 	47.434166 	59.908264 	
85.632935 	32.802441 	38.897301 	39.051247 	13.152946 	19.416489 	111.126053 	26.400757 	101.019798 	90.426765 	118.258194 	125.255737 	55.009090 	136.561340 	89.358826 	999.000000 	57.384666 	109.000000 	109.836243 	18.788294 	126.826653 	163.355438 	137.003647 	59.665737 	124.020157 	16.278820 	21.095022 	126.051575 	140.911316 	45.122055 	82.036575 	50.009998 	98.493652 	78.517517 	54.744862 	119.854080 	100.975243 	108.853111 	100.319489 	81.498466 	117.686020 	116.726173 	109.041275 	
41.303753 	33.241539 	25.495098 	23.194826 	55.731499 	42.426407 	60.415230 	32.557640 	60.299255 	49.091751 	66.887962 	74.094536 	5.000000 	85.146935 	33.970577 	57.384666 	999.000000 	53.740116 	54.451813 	76.157730 	72.138756 	112.898186 	82.807007 	9.433981 	68.117546 	52.630791 	48.104053 	69.814041 	85.632935 	33.241539 	29.410883 	32.249031 	42.190044 	28.178005 	31.016125 	62.817196 	47.675991 	54.037025 	49.040798 	41.773197 	62.072536 	62.032249 	61.326992 	
33.136082 	78.721024 	71.119621 	70.327805 	104.201729 	91.301697 	17.492855 	82.680107 	38.832977 	36.687874 	19.235384 	25.019993 	54.671749 	34.205261 	19.849434 	109.000000 	53.740116 	999.000000 	1.000000 	127.624451 	18.439089 	61.465439 	29.206163 	56.612720 	15.231546 	106.216759 	101.833199 	17.720045 	32.015621 	84.314888 	48.052055 	81.633324 	34.234486 	52.630791 	78.294319 	32.526913 	46.872166 	43.081318 	52.773098 	69.720871 	42.438190 	46.647614 	65.520988 	
34.132095 	79.624115 	72.006943 	71.196907 	105.095192 	92.179176 	18.027756 	83.528435 	39.661064 	37.643059 	19.416489 	25.000000 	55.443665 	33.955853 	20.615528 	109.836243 	54.451813 	1.000000 	999.000000 	128.471786 	17.804493 	61.098282 	28.600698 	57.201397 	14.317822 	106.962608 	102.552429 	16.763054 	31.240999 	84.876381 	48.270073 	82.152298 	34.132095 	52.886673 	78.771820 	31.827662 	46.690472 	42.720020 	52.611786 	69.871307 	41.880783 	46.141087 	65.253349 	
103.276329 	50.249378 	57.008770 	57.428215 	25.806976 	36.878178 	129.189789 	44.944408 	117.796432 	107.563934 	136.359818 	143.282944 	73.790245 	154.563904 	108.046288 	18.788294 	76.157730 	127.624451 	128.471786 	999.000000 	145.340973 	181.069046 	155.425217 	78.160095 	142.688477 	29.154760 	35.128338 	144.754959 	159.477264 	61.032780 	100.224747 	66.030296 	117.046997 	96.509064 	71.007042 	138.513535 	119.050407 	127.121986 	118.088951 	98.005104 	136.062485 	134.937027 	126.099167 	
46.324940 	95.880135 	88.509888 	87.920418 	121.433105 	108.756607 	21.023796 	100.439034 	44.721359 	47.095646 	15.811388 	15.556349 	72.917763 	19.235384 	38.183765 	126.826653 	72.138756 	18.439089 	17.804493 	145.340973 	999.000000 	44.384682 	10.816654 	75.000000 	8.246211 	124.523087 	120.208153 	10.295630 	14.317822 	102.649887 	64.845970 	99.859901 	48.662102 	69.641945 	96.384644 	38.600517 	60.074955 	54.147945 	66.068146 	85.866173 	50.447994 	55.317268 	77.233414 	
77.794601 	130.831955 	124.482933 	124.579292 	155.794739 	144.256714 	52.801514 	137.295303 	65.192024 	74.027023 	46.043457 	38.832977 	112.645462 	27.784887 	79.649231 	163.355438 	112.898186 	61.465439 	61.098282 	181.069046 	44.384682 	999.000000 	34.365681 	117.239075 	51.788029 	163.670395 	160.000000 	52.345009 	37.054016 	145.013794 	109.110039 	142.667450 	92.962357 	113.841995 	139.556442 	80.000000 	103.947105 	97.252251 	109.895409 	130.249756 	92.005432 	97.005157 	120.104118 	
54.781384 	105.688217 	98.473343 	98.005104 	131.228806 	118.713943 	28.160255 	110.602890 	50.009998 	54.341511 	21.377558 	17.117243 	83.450584 	13.453624 	48.836460 	137.003647 	82.807007 	29.206163 	28.600698 	155.425217 	10.816654 	34.365681 	999.000000 	85.802101 	17.464249 	135.074051 	130.831955 	18.027756 	7.615773 	113.463654 	75.392311 	110.675201 	58.694122 	80.230919 	107.186752 	46.270943 	69.584480 	63.031738 	75.538071 	96.166519 	58.309521 	63.285069 	86.000000 	
49.000000 	39.849716 	32.695564 	30.083218 	60.008331 	47.042534 	65.551506 	37.054016 	68.007355 	57.035076 	71.589104 	78.721024 	14.212670 	89.470665 	37.589893 	59.665737 	9.433981 	56.612720 	57.201397 	78.160095 	75.000000 	117.239075 	85.802101 	999.000000 	70.092796 	52.354561 	47.169907 	71.421288 	87.863533 	27.784887 	23.021729 	25.632011 	38.897301 	20.615528 	23.345236 	60.539242 	42.000000 	49.365982 	42.426407 	32.526913 	58.051701 	57.314919 	53.758720 	
47.095646 	93.941475 	86.313385 	85.475143 	119.406868 	106.470650 	24.698177 	97.754799 	48.703182 	49.254440 	21.400934 	23.021729 	69.404610 	27.459061 	34.669872 	124.020157 	68.117546 	15.231546 	14.317822 	142.688477 	8.246211 	51.788029 	17.464249 	70.092796 	999.000000 	120.739388 	116.180893 	3.162278 	17.804493 	97.452553 	58.180752 	94.403389 	41.231056 	63.071388 	90.697296 	30.364452 	52.239830 	46.043457 	58.215118 	78.746429 	42.201897 	47.074409 	69.115845 	
87.132080 	37.854988 	41.231056 	40.249222 	27.784887 	27.018513 	110.887329 	28.460499 	104.201729 	93.059120 	117.796432 	124.963997 	51.623638 	136.235092 	86.371292 	16.278820 	52.630791 	106.216759 	106.962608 	29.154760 	124.523087 	163.670395 	135.074051 	52.354561 	120.739388 	999.000000 	6.000000 	122.441826 	138.191895 	32.015621 	73.054771 	37.013512 	90.873535 	68.963760 	42.047592 	112.729767 	91.482239 	99.929977 	90.027771 	69.028976 	109.110039 	107.563934 	97.329338 	
84.118965 	37.054016 	39.293766 	37.947330 	31.240999 	27.892651 	107.200745 	27.166155 	101.636604 	90.376991 	114.017540 	121.210564 	47.507893 	132.438660 	82.024384 	21.095022 	48.104053 	101.833199 	102.552429 	35.128338 	120.208153 	160.000000 	130.831955 	47.169907 	116.180893 	6.000000 	999.000000 	117.796432 	133.734818 	26.019224 	67.416618 	31.016125 	85.428329 	63.245552 	36.055511 	107.331261 	85.726311 	94.244362 	84.172440 	63.031738 	103.464973 	101.833199 	91.350975 	
50.039986 	96.254868 	88.566360 	87.658424 	121.671692 	108.673820 	27.856777 	99.849884 	51.865211 	52.345009 	24.413111 	25.612497 	71.281136 	29.120440 	36.715118 	126.051575 	69.814041 	17.720045 	16.763054 	144.754959 	10.295630 	52.345009 	18.027756 	71.421288 	3.162278 	122.441826 	117.796432 	999.000000 	17.000000 	98.595131 	58.591808 	95.425362 	41.109608 	63.529522 	91.607857 	28.635643 	51.623638 	45.011108 	57.558666 	78.771820 	40.607880 	45.541191 	68.007355 	
60.440052 	110.145355 	102.727798 	102.083298 	135.694504 	122.967476 	34.365681 	114.546936 	57.035076 	60.671246 	28.017851 	24.515301 	86.683334 	20.615528 	51.855568 	140.911316 	85.632935 	32.015621 	31.240999 	159.477264 	14.317822 	37.054016 	7.615773 	87.863533 	17.804493 	138.191895 	133.734818 	17.000000 	999.000000 	115.256233 	75.591003 	112.200714 	57.939625 	80.529495 	108.466583 	43.046486 	67.911705 	60.671246 	73.756355 	95.634720 	55.009090 	60.008331 	83.294655 	
74.330345 	43.266617 	40.311287 	37.696156 	51.429562 	42.011902 	93.107468 	34.713108 	93.214806 	81.884064 	99.282425 	106.437775 	35.355339 	117.239075 	65.368187 	45.122055 	33.241539 	84.314888 	84.876381 	61.032780 	102.649887 	145.013794 	113.463654 	27.784887 	97.452553 	32.015621 	26.019224 	98.595131 	115.256233 	999.000000 	43.566040 	5.000000 	62.425957 	38.948685 	10.049875 	84.314888 	60.926186 	69.778221 	58.821766 	37.013512 	79.158073 	77.077881 	65.375839 	
55.036350 	62.369865 	54.817879 	52.392746 	83.000000 	70.064255 	62.008064 	60.074955 	72.422371 	63.158531 	66.370171 	72.835434 	34.176014 	82.225304 	34.365681 	82.036575 	29.410883 	48.052055 	48.270073 	100.224747 	64.845970 	109.110039 	75.392311 	23.021729 	58.180752 	73.054771 	67.416618 	58.591808 	75.591003 	43.566040 	999.000000 	39.408119 	19.104973 	5.000000 	34.828148 	40.804413 	19.026299 	26.925823 	19.646883 	22.000000 	36.055511 	34.713108 	32.249031 	
73.552704 	46.227695 	42.544094 	39.824615 	55.946404 	46.043457 	91.181137 	38.209946 	92.541885 	81.301903 	97.169952 	104.278473 	35.000000 	114.934761 	63.071388 	50.009998 	32.249031 	81.633324 	82.152298 	66.030296 	99.859901 	142.667450 	110.675201 	25.632011 	94.403389 	37.013512 	31.016125 	95.425362 	112.200714 	5.000000 	39.408119 	999.000000 	58.412327 	34.669872 	5.099020 	80.212219 	56.364883 	65.299309 	54.083271 	32.015621 	74.706093 	72.498276 	60.406952 	
52.325901 	75.000000 	67.007462 	65.007690 	97.867256 	84.593147 	50.695168 	74.672615 	66.573265 	59.548298 	53.460266 	59.076221 	46.010868 	67.186310 	28.319605 	98.493652 	42.190044 	34.234486 	34.132095 	117.046997 	48.662102 	92.962357 	58.694122 	38.897301 	41.231056 	90.873535 	85.428329 	41.109608 	57.939625 	62.425957 	19.104973 	58.412327 	999.000000 	24.041630 	53.907330 	21.954498 	13.000000 	13.416408 	18.681541 	37.696156 	20.024984 	20.880613 	32.202484 	
57.584721 	60.440052 	53.141319 	50.596443 	80.099937 	67.364677 	66.121101 	57.428215 	75.432091 	65.787537 	70.710678 	77.278717 	33.120991 	86.833176 	38.052597 	78.517517 	28.178005 	52.630791 	52.886673 	96.509064 	69.641945 	113.841995 	80.230919 	20.615528 	63.071388 	68.963760 	63.245552 	63.529522 	80.529495 	38.948685 	5.000000 	34.669872 	24.041630 	999.000000 	30.000000 	45.607018 	22.561028 	31.016125 	22.022715 	18.248287 	40.311287 	38.600517 	33.241539 	
72.111023 	48.795490 	44.407207 	41.617306 	60.166435 	49.739319 	88.543777 	41.400482 	91.137260 	80.024994 	94.339813 	101.390335 	34.365681 	111.892807 	60.166435 	54.744862 	31.016125 	78.294319 	78.771820 	71.007042 	96.384644 	139.556442 	107.186752 	23.345236 	90.697296 	42.047592 	36.055511 	91.607857 	108.466583 	10.049875 	34.828148 	5.099020 	53.907330 	30.000000 	999.000000 	75.604233 	51.429562 	60.415230 	49.040798 	27.000000 	69.835518 	67.542580 	55.326305 	
61.741398 	94.641426 	86.579445 	84.852814 	118.456741 	105.118980 	49.678970 	95.341492 	71.063354 	67.230942 	49.396355 	52.801514 	66.098412 	57.723480 	39.293766 	119.854080 	62.817196 	32.526913 	31.827662 	138.513535 	38.600517 	80.000000 	46.270943 	60.539242 	30.364452 	112.729767 	107.331261 	28.635643 	43.046486 	84.314888 	40.804413 	80.212219 	21.954498 	45.607018 	75.604233 	999.000000 	26.925823 	18.384777 	32.202484 	56.612720 	12.041595 	17.029387 	40.311287 	
64.536812 	80.894997 	73.164200 	70.859016 	102.004898 	89.022469 	63.600315 	79.025314 	79.404030 	72.006943 	66.098412 	71.449280 	52.172791 	79.000000 	40.804413 	100.975243 	47.675991 	46.872166 	46.690472 	119.050407 	60.074955 	103.947105 	69.584480 	42.000000 	52.239830 	91.482239 	85.726311 	51.623638 	67.911705 	60.926186 	19.026299 	56.364883 	13.000000 	22.561028 	51.429562 	26.925823 	999.000000 	9.219544 	6.000000 	29.832869 	18.601076 	16.155495 	19.235384 	
65.192024 	87.206650 	79.309517 	77.162170 	109.224541 	96.083298 	60.415230 	86.092972 	78.409180 	72.124893 	61.983868 	66.708321 	58.215118 	73.334846 	41.109608 	108.853111 	54.037025 	43.081318 	42.720020 	127.121986 	54.147945 	97.252251 	63.031738 	49.365982 	46.043457 	99.929977 	94.244362 	45.011108 	60.671246 	69.778221 	26.925823 	65.299309 	13.416408 	31.016125 	60.415230 	18.384777 	9.219544 	999.000000 	13.892444 	38.948685 	9.433981 	8.000000 	23.086792 	
69.202599 	82.000000 	74.464760 	72.034714 	102.122475 	89.358826 	69.375786 	79.404030 	84.599052 	76.843994 	72.006943 	77.414467 	53.758720 	85.000000 	45.793011 	100.319489 	49.040798 	52.773098 	52.611786 	118.088951 	66.068146 	109.895409 	75.538071 	42.426407 	58.215118 	90.027771 	84.172440 	57.558666 	73.756355 	58.821766 	19.646883 	54.083271 	18.681541 	22.022715 	49.040798 	32.202484 	6.000000 	13.892444 	999.000000 	25.495098 	22.671568 	19.209373 	14.212670 	
75.584389 	70.327805 	64.070274 	61.294373 	85.866173 	74.330345 	84.005951 	65.000000 	93.621582 	83.815269 	88.277969 	94.641426 	46.690472 	103.754517 	56.222771 	81.498466 	41.773197 	69.720871 	69.871307 	98.005104 	85.866173 	130.249756 	96.166519 	32.526913 	78.746429 	69.028976 	63.031738 	78.771820 	95.634720 	37.013512 	22.000000 	32.015621 	37.696156 	18.248287 	27.000000 	56.612720 	29.832869 	38.948685 	25.495098 	999.000000 	48.083260 	44.687805 	28.635643 	
68.505478 	95.005264 	87.022987 	85.000000 	117.613777 	104.388695 	59.908264 	94.429871 	79.906197 	74.813103 	60.373837 	64.257294 	66.000000 	69.634758 	44.777225 	117.686020 	62.072536 	42.438190 	41.880783 	136.062485 	50.447994 	92.005432 	58.309521 	58.051701 	42.201897 	109.110039 	103.464973 	40.607880 	55.009090 	79.158073 	36.055511 	74.706093 	20.024984 	40.311287 	69.835518 	12.041595 	18.601076 	9.433981 	22.671568 	48.083260 	999.000000 	5.000000 	28.635643 	
71.400284 	95.189285 	87.281158 	85.146935 	117.209213 	104.076897 	64.140472 	94.085068 	83.546394 	77.987175 	64.884514 	68.949257 	66.189125 	74.525162 	47.434166 	116.726173 	62.032249 	46.647614 	46.141087 	134.937027 	55.317268 	97.005157 	63.285069 	57.314919 	47.074409 	107.563934 	101.833199 	45.541191 	60.008331 	77.077881 	34.713108 	72.498276 	20.880613 	38.600517 	67.542580 	17.029387 	16.155495 	8.000000 	19.209373 	44.687805 	5.000000 	999.000000 	23.769728 	
83.408630 	93.605553 	86.377083 	83.815269 	112.147224 	99.824844 	82.540901 	90.027771 	98.615417 	91.021973 	84.646324 	89.627007 	66.211784 	96.420952 	59.908264 	109.041275 	61.326992 	65.520988 	65.253349 	126.099167 	77.233414 	120.104118 	86.000000 	53.758720 	69.115845 	97.329338 	91.350975 	68.007355 	83.294655 	65.375839 	32.249031 	60.406952 	32.202484 	33.241539 	55.326305 	40.311287 	19.235384 	23.086792 	14.212670 	28.635643 	28.635643 	23.769728 	999.000000 	

Travel time:
9.000000 	1.325943 	1.171538 	1.180042 	1.952562 	1.661701 	0.670820 	1.495410 	0.475657 	0.206155 	0.850000 	1.012423 	0.976281 	1.290349 	0.602080 	2.140823 	1.032594 	0.828402 	0.853302 	2.581908 	1.158123 	1.944865 	1.369535 	1.225000 	1.177391 	2.178302 	2.102974 	1.251000 	1.511001 	1.858259 	1.375909 	1.838818 	1.308148 	1.439618 	1.802776 	1.543535 	1.613420 	1.629801 	1.730065 	1.889610 	1.712637 	1.785007 	2.085216 	
1.325943 	9.000000 	0.201556 	0.251247 	0.638847 	0.336341 	1.975633 	0.251247 	1.706055 	1.440703 	2.155371 	2.327150 	0.725431 	2.608759 	1.495201 	0.820061 	0.831038 	1.968026 	1.990603 	1.256234 	2.397003 	3.270799 	2.642205 	0.996243 	2.348537 	0.946375 	0.926350 	2.406372 	2.753634 	1.081665 	1.559247 	1.155692 	1.875000 	1.511001 	1.219887 	2.366036 	2.022375 	2.180166 	2.050000 	1.758195 	2.375132 	2.379732 	2.340139 	
1.171538 	0.201556 	9.000000 	0.070711 	0.827647 	0.506211 	1.806239 	0.325960 	1.578369 	1.303840 	1.984943 	2.159282 	0.527376 	2.441823 	1.300000 	0.972432 	0.637377 	1.777991 	1.800174 	1.425219 	2.212747 	3.112073 	2.461833 	0.817389 	2.157835 	1.030776 	0.982344 	2.214159 	2.568195 	1.007782 	1.370447 	1.063602 	1.675187 	1.328533 	1.110180 	2.164486 	1.829105 	1.982738 	1.861619 	1.601757 	2.175575 	2.182029 	2.159427 	
1.180042 	0.251247 	0.070711 	9.000000 	0.854400 	0.525595 	1.803469 	0.318198 	1.598828 	1.320984 	1.981161 	2.156965 	0.475000 	2.439775 	1.274755 	0.976281 	0.579871 	1.758195 	1.779923 	1.435705 	2.198010 	3.114482 	2.450128 	0.752080 	2.136878 	1.006231 	0.948683 	2.191461 	2.552083 	0.942404 	1.309819 	0.995615 	1.625192 	1.264911 	1.040433 	2.121320 	1.771475 	1.929054 	1.800868 	1.532359 	2.125000 	2.128673 	2.095382 	
1.952562 	0.638847 	0.827647 	0.854400 	9.000000 	0.333542 	2.610077 	0.579871 	2.302444 	2.050610 	2.790161 	2.960152 	1.309819 	3.240756 	2.127205 	0.328824 	1.393287 	2.605043 	2.627380 	0.645174 	3.035828 	3.894868 	3.280720 	1.500208 	2.985172 	0.694622 	0.781025 	3.041792 	3.392363 	1.285739 	2.075000 	1.398660 	2.446681 	2.002498 	1.504161 	2.961419 	2.550122 	2.730613 	2.553062 	2.146654 	2.940344 	2.930230 	2.803681 	
1.661701 	0.336341 	0.506211 	0.525595 	0.333542 	9.000000 	2.307867 	0.250000 	2.040221 	1.776584 	2.487217 	2.660122 	0.976281 	2.942151 	1.800347 	0.485412 	1.060660 	2.282542 	2.304479 	0.921954 	2.718915 	3.606418 	2.967849 	1.176063 	2.661766 	0.675463 	0.697316 	2.716846 	3.074187 	1.050297 	1.751606 	1.151086 	2.114829 	1.684117 	1.243483 	2.627975 	2.225562 	2.402082 	2.233971 	1.858259 	2.609717 	2.601923 	2.495621 	
0.670820 	1.975633 	1.806239 	1.803469 	2.610077 	2.307867 	9.000000 	2.121615 	0.601041 	0.657647 	0.180278 	0.353553 	1.497707 	0.636396 	0.715891 	2.778151 	1.510381 	0.437321 	0.450694 	3.229745 	0.525595 	1.320038 	0.704006 	1.638788 	0.617454 	2.772183 	2.680019 	0.696419 	0.859142 	2.327687 	1.550202 	2.279528 	1.267379 	1.653028 	2.213594 	1.241974 	1.590008 	1.510381 	1.734395 	2.100149 	1.497707 	1.603512 	2.063523 	
1.495410 	0.251247 	0.325960 	0.318198 	0.579871 	0.250000 	2.121615 	9.000000 	1.903943 	1.629801 	2.299185 	2.475126 	0.735272 	2.757943 	1.578369 	0.660019 	0.813941 	2.067003 	2.088211 	1.123610 	2.510976 	3.432383 	2.765072 	0.926350 	2.443870 	0.711512 	0.679154 	2.496247 	2.863673 	0.867828 	1.501874 	0.955249 	1.866815 	1.435705 	1.035012 	2.383537 	1.975633 	2.152324 	1.985101 	1.625000 	2.360747 	2.352127 	2.250694 	
0.475657 	1.706055 	1.578369 	1.598828 	2.302444 	2.040221 	0.601041 	1.903943 	9.000000 	0.285044 	0.728869 	0.828402 	1.446764 	1.061249 	0.972754 	2.525495 	1.507481 	0.970824 	0.991527 	2.944911 	1.118034 	1.629801 	1.250250 	1.700184 	1.217580 	2.605043 	2.540915 	1.296630 	1.425877 	2.330370 	1.810559 	2.313547 	1.664332 	1.885802 	2.278431 	1.776584 	1.985101 	1.960230 	2.114976 	2.340539 	1.997655 	2.088660 	2.465385 	
0.206155 	1.440703 	1.303840 	1.320984 	2.050610 	1.776584 	0.657647 	1.629801 	0.285044 	9.000000 	0.824621 	0.965660 	1.163239 	1.229837 	0.781025 	2.260669 	1.227294 	0.917197 	0.941076 	2.689098 	1.177391 	1.850676 	1.358538 	1.425877 	1.231361 	2.326478 	2.259425 	1.308625 	1.516781 	2.047101 	1.578963 	2.032547 	1.488707 	1.644688 	2.000625 	1.680773 	1.800174 	1.803122 	1.921100 	2.095382 	1.870328 	1.949679 	2.275549 	
0.850000 	2.155371 	1.984943 	1.981161 	2.790161 	2.487217 	0.180278 	2.299185 	0.728869 	0.824621 	9.000000 	0.180278 	1.665270 	0.460977 	0.854400 	2.956455 	1.672199 	0.480885 	0.485412 	3.408995 	0.395285 	1.151086 	0.534439 	1.789728 	0.535023 	2.944911 	2.850439 	0.610328 	0.700446 	2.482061 	1.659254 	2.429249 	1.336507 	1.767767 	2.358495 	1.234909 	1.652460 	1.549597 	1.800174 	2.206949 	1.509346 	1.622113 	2.116158 	
1.012423 	2.327150 	2.159282 	2.156965 	2.960152 	2.660122 	0.353553 	2.475126 	0.828402 	0.965660 	0.180278 	9.000000 	1.845434 	0.282843 	1.030776 	3.131393 	1.852363 	0.625500 	0.625000 	3.582074 	0.388909 	0.970824 	0.427931 	1.968026 	0.575543 	3.124100 	3.030264 	0.640312 	0.612882 	2.660944 	1.820886 	2.606962 	1.476906 	1.931968 	2.534758 	1.320038 	1.786232 	1.667708 	1.935362 	2.366036 	1.606432 	1.723731 	2.240675 	
0.976281 	0.725431 	0.527376 	0.475000 	1.309819 	0.976281 	1.497707 	0.735272 	1.446764 	1.163239 	1.665270 	1.845434 	9.000000 	2.125000 	0.870704 	1.375227 	0.125000 	1.366794 	1.386092 	1.844756 	1.822944 	2.816137 	2.086265 	0.355317 	1.735115 	1.290591 	1.187697 	1.782028 	2.167083 	0.883883 	0.854400 	0.875000 	1.150272 	0.828025 	0.859142 	1.652460 	1.304320 	1.455378 	1.343968 	1.167262 	1.650000 	1.654728 	1.655295 	
1.290349 	2.608759 	2.441823 	2.439775 	3.240756 	2.942151 	0.636396 	2.757943 	1.061249 	1.229837 	0.460977 	0.282843 	2.125000 	9.000000 	1.297112 	3.414033 	2.128673 	0.855132 	0.848896 	3.864098 	0.480885 	0.694622 	0.336341 	2.236767 	0.686477 	3.405877 	3.310966 	0.728011 	0.515388 	2.930977 	2.055633 	2.873369 	1.679658 	2.170829 	2.797320 	1.443087 	1.975000 	1.833371 	2.125000 	2.593863 	1.740869 	1.863129 	2.410524 	
0.602080 	1.495201 	1.300000 	1.274755 	2.127205 	1.800347 	0.715891 	1.578369 	0.972754 	0.781025 	0.854400 	1.030776 	0.870704 	1.297112 	9.000000 	2.233971 	0.849264 	0.496236 	0.515388 	2.701157 	0.954594 	1.991231 	1.220912 	0.939747 	0.866747 	2.159282 	2.050610 	0.917878 	1.296389 	1.634205 	0.859142 	1.576785 	0.707990 	0.951315 	1.504161 	0.982344 	1.020110 	1.027740 	1.144825 	1.405569 	1.119431 	1.185854 	1.497707 	
2.140823 	0.820061 	0.972432 	0.976281 	0.328824 	0.485412 	2.778151 	0.660019 	2.525495 	2.260669 	2.956455 	3.131393 	1.375227 	3.414033 	2.233971 	9.000000 	1.434617 	2.725000 	2.745906 	0.469707 	3.170666 	4.083886 	3.425091 	1.491643 	3.100504 	0.406971 	0.527376 	3.151289 	3.522783 	1.128051 	2.050914 	1.250250 	2.462341 	1.962938 	1.368622 	2.996352 	2.524381 	2.721328 	2.507987 	2.037462 	2.942151 	2.918154 	2.726032 	
1.032594 	0.831038 	0.637377 	0.579871 	1.393287 	1.060660 	1.510381 	0.813941 	1.507481 	1.227294 	1.672199 	1.852363 	0.125000 	2.128673 	0.849264 	1.434617 	9.000000 	1.343503 	1.361295 	1.903943 	1.803469 	2.822455 	2.070175 	0.235850 	1.702939 	1.315770 	1.202601 	1.745351 	2.140823 	0.831038 	0.735272 	0.806226 	1.054751 	0.704450 	0.775403 	1.570430 	1.191900 	1.350926 	1.226020 	1.044330 	1.551813 	1.550806 	1.533175 	
0.828402 	1.968026 	1.777991 	1.758195 	2.605043 	2.282542 	0.437321 	2.067003 	0.970824 	0.917197 	0.480885 	0.625500 	1.366794 	0.855132 	0.496236 	2.725000 	1.343503 	9.000000 	0.025000 	3.190611 	0.460977 	1.536636 	0.730154 	1.415318 	0.380789 	2.655419 	2.545830 	0.443001 	0.800391 	2.107872 	1.201301 	2.040833 	0.855862 	1.315770 	1.957358 	0.813173 	1.171804 	1.077033 	1.319327 	1.743022 	1.060955 	1.166190 	1.638025 	
0.853302 	1.990603 	1.800174 	1.779923 	2.627380 	2.304479 	0.450694 	2.088211 	0.991527 	0.941076 	0.485412 	0.625000 	1.386092 	0.848896 	0.515388 	2.745906 	1.361295 	0.025000 	9.000000 	3.211795 	0.445112 	1.527457 	0.715017 	1.430035 	0.357946 	2.674065 	2.563811 	0.419076 	0.781025 	2.121910 	1.206752 	2.053807 	0.853302 	1.322167 	1.969296 	0.795692 	1.167262 	1.068001 	1.315295 	1.746783 	1.047020 	1.153527 	1.631334 	
2.581908 	1.256234 	1.425219 	1.435705 	0.645174 	0.921954 	3.229745 	1.123610 	2.944911 	2.689098 	3.408995 	3.582074 	1.844756 	3.864098 	2.701157 	0.469707 	1.903943 	3.190611 	3.211795 	9.000000 	3.633524 	4.526726 	3.885630 	1.954002 	3.567212 	0.728869 	0.878208 	3.618874 	3.986932 	1.525820 	2.505619 	1.650757 	2.926175 	2.412727 	1.775176 	3.462838 	2.976260 	3.178050 	2.952224 	2.450128 	3.401562 	3.373426 	3.152479 	
1.158123 	2.397003 	2.212747 	2.198010 	3.035828 	2.718915 	0.525595 	2.510976 	1.118034 	1.177391 	0.395285 	0.388909 	1.822944 	0.480885 	0.954594 	3.170666 	1.803469 	0.460977 	0.445112 	3.633524 	9.000000 	1.109617 	0.270416 	1.875000 	0.206155 	3.113077 	3.005204 	0.257391 	0.357946 	2.566247 	1.621149 	2.496498 	1.216552 	1.741049 	2.409616 	0.965013 	1.501874 	1.353699 	1.651704 	2.146654 	1.261200 	1.382932 	1.930835 	
1.944865 	3.270799 	3.112073 	3.114482 	3.894868 	3.606418 	1.320038 	3.432383 	1.629801 	1.850676 	1.151086 	0.970824 	2.816137 	0.694622 	1.991231 	4.083886 	2.822455 	1.536636 	1.527457 	4.526726 	1.109617 	9.000000 	0.859142 	2.930977 	1.294701 	4.091760 	4.000000 	1.308625 	0.926350 	3.625345 	2.727751 	3.566686 	2.324059 	2.846050 	3.488911 	2.000000 	2.598678 	2.431306 	2.747385 	3.256244 	2.300136 	2.425129 	3.002603 	
1.369535 	2.642205 	2.461833 	2.450128 	3.280720 	2.967849 	0.704006 	2.765072 	1.250250 	1.358538 	0.534439 	0.427931 	2.086265 	0.336341 	1.220912 	3.425091 	2.070175 	0.730154 	0.715017 	3.885630 	0.270416 	0.859142 	9.000000 	2.145052 	0.436606 	3.376851 	3.270799 	0.450694 	0.190394 	2.836591 	1.884808 	2.766880 	1.467353 	2.005773 	2.679669 	1.156774 	1.739612 	1.575794 	1.888452 	2.404163 	1.457738 	1.582127 	2.150000 	
1.225000 	0.996243 	0.817389 	0.752080 	1.500208 	1.176063 	1.638788 	0.926350 	1.700184 	1.425877 	1.789728 	1.968026 	0.355317 	2.236767 	0.939747 	1.491643 	0.235850 	1.415318 	1.430035 	1.954002 	1.875000 	2.930977 	2.145052 	9.000000 	1.752320 	1.308864 	1.179248 	1.785532 	2.196588 	0.694622 	0.575543 	0.640800 	0.972432 	0.515388 	0.583631 	1.513481 	1.050000 	1.234150 	1.060660 	0.813173 	1.451293 	1.432873 	1.343968 	
1.177391 	2.348537 	2.157835 	2.136878 	2.985172 	2.661766 	0.617454 	2.443870 	1.217580 	1.231361 	0.535023 	0.575543 	1.735115 	0.686477 	0.866747 	3.100504 	1.702939 	0.380789 	0.357946 	3.567212 	0.206155 	1.294701 	0.436606 	1.752320 	9.000000 	3.018485 	2.904522 	0.079057 	0.445112 	2.436314 	1.454519 	2.360085 	1.030776 	1.576785 	2.267432 	0.759111 	1.305996 	1.151086 	1.455378 	1.968661 	1.055047 	1.176860 	1.727896 	
2.178302 	0.946375 	1.030776 	1.006231 	0.694622 	0.675463 	2.772183 	0.711512 	2.605043 	2.326478 	2.944911 	3.124100 	1.290591 	3.405877 	2.159282 	0.406971 	1.315770 	2.655419 	2.674065 	0.728869 	3.113077 	4.091760 	3.376851 	1.308864 	3.018485 	9.000000 	0.150000 	3.061046 	3.454797 	0.800391 	1.826369 	0.925338 	2.271838 	1.724094 	1.051190 	2.818244 	2.287056 	2.498250 	2.250694 	1.725724 	2.727751 	2.689098 	2.433233 	
2.102974 	0.926350 	0.982344 	0.948683 	0.781025 	0.697316 	2.680019 	0.679154 	2.540915 	2.259425 	2.850439 	3.030264 	1.187697 	3.310966 	2.050610 	0.527376 	1.202601 	2.545830 	2.563811 	0.878208 	3.005204 	4.000000 	3.270799 	1.179248 	2.904522 	0.150000 	9.000000 	2.944911 	3.343370 	0.650481 	1.685416 	0.775403 	2.135708 	1.581139 	0.901388 	2.683281 	2.143158 	2.356109 	2.104311 	1.575794 	2.586624 	2.545830 	2.283774 	
1.251000 	2.406372 	2.214159 	2.191461 	3.041792 	2.716846 	0.696419 	2.496247 	1.296630 	1.308625 	0.610328 	0.640312 	1.782028 	0.728011 	0.917878 	3.151289 	1.745351 	0.443001 	0.419076 	3.618874 	0.257391 	1.308625 	0.450694 	1.785532 	0.079057 	3.061046 	2.944911 	9.000000 	0.425000 	2.464878 	1.464795 	2.385634 	1.027740 	1.588238 	2.290196 	0.715891 	1.290591 	1.125278 	1.438967 	1.969296 	1.015197 	1.138530 	1.700184 	
1.511001 	2.753634 	2.568195 	2.552083 	3.392363 	3.074187 	0.859142 	2.863673 	1.425877 	1.516781 	0.700446 	0.612882 	2.167083 	0.515388 	1.296389 	3.522783 	2.140823 	0.800391 	0.781025 	3.986932 	0.357946 	0.926350 	0.190394 	2.196588 	0.445112 	3.454797 	3.343370 	0.425000 	9.000000 	2.881406 	1.889775 	2.805018 	1.448491 	2.013237 	2.711665 	1.076162 	1.697793 	1.516781 	1.843909 	2.390868 	1.375227 	1.500208 	2.082366 	
1.858259 	1.081665 	1.007782 	0.942404 	1.285739 	1.050297 	2.327687 	0.867828 	2.330370 	2.047101 	2.482061 	2.660944 	0.883883 	2.930977 	1.634205 	1.128051 	0.831038 	2.107872 	2.121910 	1.525820 	2.566247 	3.625345 	2.836591 	0.694622 	2.436314 	0.800391 	0.650481 	2.464878 	2.881406 	9.000000 	1.089151 	0.125000 	1.560649 	0.973717 	0.251247 	2.107872 	1.523155 	1.744456 	1.470544 	0.925338 	1.978952 	1.926947 	1.634396 	
1.375909 	1.559247 	1.370447 	1.309819 	2.075000 	1.751606 	1.550202 	1.501874 	1.810559 	1.578963 	1.659254 	1.820886 	0.854400 	2.055633 	0.859142 	2.050914 	0.735272 	1.201301 	1.206752 	2.505619 	1.621149 	2.727751 	1.884808 	0.575543 	1.454519 	1.826369 	1.685416 	1.464795 	1.889775 	1.089151 	9.000000 	0.985203 	0.477624 	0.125000 	0.870704 	1.020110 	0.475657 	0.673146 	0.491172 	0.550000 	0.901388 	0.867828 	0.806226 	
1.838818 	1.155692 	1.063602 	0.995615 	1.398660 	1.151086 	2.279528 	0.955249 	2.313547 	2.032547 	2.429249 	2.606962 	0.875000 	2.873369 	1.576785 	1.250250 	0.806226 	2.040833 	2.053807 	1.650757 	2.496498 	3.566686 	2.766880 	0.640800 	2.360085 	0.925338 	0.775403 	2.385634 	2.805018 	0.125000 	0.985203 	9.000000 	1.460308 	0.866747 	0.127475 	2.005306 	1.409122 	1.632483 	1.352082 	0.800391 	1.867652 	1.812457 	1.510174 	
1.308148 	1.875000 	1.675187 	1.625192 	2.446681 	2.114829 	1.267379 	1.866815 	1.664332 	1.488707 	1.336507 	1.476906 	1.150272 	1.679658 	0.707990 	2.462341 	1.054751 	0.855862 	0.853302 	2.926175 	1.216552 	2.324059 	1.467353 	0.972432 	1.030776 	2.271838 	2.135708 	1.027740 	1.448491 	1.560649 	0.477624 	1.460308 	9.000000 	0.601041 	1.347683 	0.548862 	0.325000 	0.335410 	0.467039 	0.942404 	0.500625 	0.522015 	0.805062 	
1.439618 	1.511001 	1.328533 	1.264911 	2.002498 	1.684117 	1.653028 	1.435705 	1.885802 	1.644688 	1.767767 	1.931968 	0.828025 	2.170829 	0.951315 	1.962938 	0.704450 	1.315770 	1.322167 	2.412727 	1.741049 	2.846050 	2.005773 	0.515388 	1.576785 	1.724094 	1.581139 	1.588238 	2.013237 	0.973717 	0.125000 	0.866747 	0.601041 	9.000000 	0.750000 	1.140175 	0.564026 	0.775403 	0.550568 	0.456207 	1.007782 	0.965013 	0.831038 	
1.802776 	1.219887 	1.110180 	1.040433 	1.504161 	1.243483 	2.213594 	1.035012 	2.278431 	2.000625 	2.358495 	2.534758 	0.859142 	2.797320 	1.504161 	1.368622 	0.775403 	1.957358 	1.969296 	1.775176 	2.409616 	3.488911 	2.679669 	0.583631 	2.267432 	1.051190 	0.901388 	2.290196 	2.711665 	0.251247 	0.870704 	0.127475 	1.347683 	0.750000 	9.000000 	1.890106 	1.285739 	1.510381 	1.226020 	0.675000 	1.745888 	1.688565 	1.383158 	
1.543535 	2.366036 	2.164486 	2.121320 	2.961419 	2.627975 	1.241974 	2.383537 	1.776584 	1.680773 	1.234909 	1.320038 	1.652460 	1.443087 	0.982344 	2.996352 	1.570430 	0.813173 	0.795692 	3.462838 	0.965013 	2.000000 	1.156774 	1.513481 	0.759111 	2.818244 	2.683281 	0.715891 	1.076162 	2.107872 	1.020110 	2.005306 	0.548862 	1.140175 	1.890106 	9.000000 	0.673146 	0.459619 	0.805062 	1.415318 	0.301040 	0.425735 	1.007782 	
1.613420 	2.022375 	1.829105 	1.771475 	2.550122 	2.225562 	1.590008 	1.975633 	1.985101 	1.800174 	1.652460 	1.786232 	1.304320 	1.975000 	1.020110 	2.524381 	1.191900 	1.171804 	1.167262 	2.976260 	1.501874 	2.598678 	1.739612 	1.050000 	1.305996 	2.287056 	2.143158 	1.290591 	1.697793 	1.523155 	0.475657 	1.409122 	0.325000 	0.564026 	1.285739 	0.673146 	9.000000 	0.230489 	0.150000 	0.745822 	0.465027 	0.403887 	0.480885 	
1.629801 	2.180166 	1.982738 	1.929054 	2.730613 	2.402082 	1.510381 	2.152324 	1.960230 	1.803122 	1.549597 	1.667708 	1.455378 	1.833371 	1.027740 	2.721328 	1.350926 	1.077033 	1.068001 	3.178050 	1.353699 	2.431306 	1.575794 	1.234150 	1.151086 	2.498250 	2.356109 	1.125278 	1.516781 	1.744456 	0.673146 	1.632483 	0.335410 	0.775403 	1.510381 	0.459619 	0.230489 	9.000000 	0.347311 	0.973717 	0.235850 	0.200000 	0.577170 	
1.730065 	2.050000 	1.861619 	1.800868 	2.553062 	2.233971 	1.734395 	1.985101 	2.114976 	1.921100 	1.800174 	1.935362 	1.343968 	2.125000 	1.144825 	2.507987 	1.226020 	1.319327 	1.315295 	2.952224 	1.651704 	2.747385 	1.888452 	1.060660 	1.455378 	2.250694 	2.104311 	1.438967 	1.843909 	1.470544 	0.491172 	1.352082 	0.467039 	0.550568 	1.226020 	0.805062 	0.150000 	0.347311 	9.000000 	0.637377 	0.566789 	0.480234 	0.355317 	
1.889610 	1.758195 	1.601757 	1.532359 	2.146654 	1.858259 	2.100149 	1.625000 	2.340539 	2.095382 	2.206949 	2.366036 	1.167262 	2.593863 	1.405569 	2.037462 	1.044330 	1.743022 	1.746783 	2.450128 	2.146654 	3.256244 	2.404163 	0.813173 	1.968661 	1.725724 	1.575794 	1.969296 	2.390868 	0.925338 	0.550000 	0.800391 	0.942404 	0.456207 	0.675000 	1.415318 	0.745822 	0.973717 	0.637377 	9.000000 	1.202081 	1.117195 	0.715891 	
1.712637 	2.375132 	2.175575 	2.125000 	2.940344 	2.609717 	1.497707 	2.360747 	1.997655 	1.870328 	1.509346 	1.606432 	1.650000 	1.740869 	1.119431 	2.942151 	1.551813 	1.060955 	1.047020 	3.401562 	1.261200 	2.300136 	1.457738 	1.451293 	1.055047 	2.727751 	2.586624 	1.015197 	1.375227 	1.978952 	0.901388 	1.867652 	0.500625 	1.007782 	1.745888 	0.301040 	0.465027 	0.235850 	0.566789 	1.202081 	9.000000 	0.125000 	0.715891 	
1.785007 	2.379732 	2.182029 	2.128673 	2.930230 	2.601923 	1.603512 	2.352127 	2.088660 	1.949679 	1.622113 	1.723731 	1.654728 	1.863129 	1.185854 	2.918154 	1.550806 	1.166190 	1.153527 	3.373426 	1.382932 	2.425129 	1.582127 	1.432873 	1.176860 	2.689098 	2.545830 	1.138530 	1.500208 	1.926947 	0.867828 	1.812457 	0.522015 	0.965013 	1.688565 	0.425735 	0.403887 	0.200000 	0.480234 	1.117195 	0.125000 	9.000000 	0.594243 	
2.085216 	2.340139 	2.159427 	2.095382 	2.803681 	2.495621 	2.063523 	2.250694 	2.465385 	2.275549 	2.116158 	2.240675 	1.655295 	2.410524 	1.497707 	2.726032 	1.533175 	1.638025 	1.631334 	3.152479 	1.930835 	3.002603 	2.150000 	1.343968 	1.727896 	2.433233 	2.283774 	1.700184 	2.082366 	1.634396 	0.806226 	1.510174 	0.805062 	0.831038 	1.383158 	1.007782 	0.480885 	0.577170 	0.355317 	0.715891 	0.715891 	0.594243 	9.000000 	

Feasibility v1:
0 	0 	0 	0 	0 	0 	0 	0 	0 	0 	1 	1 	1 	0 	0 	0 	1 	1 	1 	0 	0 	0 	1 	0 	0 	1 	0 	1 	1 	0 	0 	0 	1 	1 	0 	0 	1 	1 	1 	0 	1 	0 	1 	
0 	0 	0 	0 	0 	0 	0 	0 	0 	0 	0 	0 	1 	0 	0 	0 	1 	0 	0 	0 	0 	0 	0 	0 	0 	1 	0 	1 	1 	0 	0 	0 	1 	1 	0 	0 	1 	1 	1 	0 	1 	0 	1 	
0 	0 	0 	0 	0 	0 	0 	0 	0 	0 	0 	0 	0 	0 	0 	0 	1 	0 	0 	0 	0 	0 	0 	0 	0 	1 	0 	1 	0 	0 	0 	0 	1 	1 	0 	0 	1 	1 	1 	0 	1 	0 	1 	
0 	0 	0 	0 	0 	0 	0 	0 	0 	0 	0 	0 	0 	0 	0 	0 	0 	0 	0 	0 	0 	0 	0 	0 	0 	0 	0 	0 	0 	0 	0 	0 	0 	0 	0 	0 	0 	0 	0 	0 	0 	0 	0 	
0 	0 	0 	0 	0 	0 	0 	0 	0 	0 	0 	0 	0 	0 	0 	0 	0 	0 	0 	0 	0 	0 	0 	0 	0 	1 	0 	0 	0 	0 	0 	0 	1 	1 	0 	0 	1 	1 	1 	0 	1 	0 	1 	
