Total assets = 482
Number of asset nodes = 33

Distance:
999.000000 	35.805027 	66.708321 	22.472204 	21.540659 	40.459858 	15.132746 	83.234612 	31.400637 	30.463093 	17.029387 	13.892444 	47.423622 	26.400757 	69.260376 	71.784401 	36.891735 	50.774010 	54.424259 	34.785053 	70.724815 	27.513634 	51.312767 	32.015621 	46.754681 	18.788294 	55.901699 	44.821869 	49.244289 	62.801273 	33.376640 	64.536812 	58.523499 	82.036575 	70.292244 	39.357338 	25.709921 	58.694122 	56.435802 	62.968246 	27.856777 	71.281136 	62.481998 	28.653097 	44.944408 	74.060783 	55.362442 	37.215588 	92.633690 	74.330345 	40.049969 	43.416588 	
35.805027 	999.000000 	32.557640 	58.249462 	56.938564 	5.385165 	27.658634 	117.686020 	10.770329 	65.863495 	50.159744 	43.324360 	12.529964 	18.248287 	100.344406 	103.077644 	71.449280 	85.041168 	22.090721 	69.771057 	34.985710 	20.615528 	87.091904 	66.640831 	14.142136 	47.801674 	20.808653 	14.035668 	84.905830 	98.600204 	67.230942 	29.000000 	94.302704 	117.456375 	106.042442 	17.804493 	56.044624 	24.186773 	92.114059 	98.737022 	39.319206 	107.074738 	29.154760 	43.185646 	24.698177 	109.859001 	90.338257 	68.154236 	128.144455 	110.113579 	71.568146 	27.658634 	
66.708321 	32.557640 	999.000000 	89.000000 	88.238312 	30.016663 	60.207973 	144.589066 	42.047592 	97.169952 	82.219215 	75.690155 	26.476404 	50.089920 	123.987900 	126.810883 	99.624290 	112.445541 	12.806249 	101.390335 	12.165525 	52.009613 	117.647781 	98.432716 	31.048349 	80.280754 	22.825424 	33.955853 	115.831772 	128.631256 	99.297531 	19.209373 	124.823875 	146.013702 	135.679764 	43.737854 	88.526833 	25.000000 	122.983742 	129.294235 	71.007042 	137.437256 	29.698484 	75.026665 	47.434166 	140.160629 	122.004097 	100.662804 	156.821548 	140.545364 	104.048065 	52.201534 	
22.472204 	58.249462 	89.000000 	999.000000 	4.123106 	62.801273 	34.205261 	63.063461 	53.037724 	9.000000 	13.152946 	20.248457 	69.656296 	46.861500 	54.037025 	56.142673 	19.026299 	32.015621 	76.557167 	14.035668 	93.193344 	47.201694 	28.844410 	12.649111 	68.622154 	20.099751 	78.102493 	66.468040 	26.832815 	40.459858 	15.652476 	86.833176 	36.055511 	60.440052 	48.104053 	59.816387 	18.973665 	80.721741 	34.000000 	40.496914 	39.051247 	48.826221 	84.148682 	37.336308 	64.350601 	51.613953 	33.734257 	24.083189 	70.837845 	51.865211 	25.238859 	61.773781 	
21.540659 	56.938564 	88.238312 	4.123106 	999.000000 	61.294373 	31.827662 	66.211784 	51.088158 	8.944272 	9.486833 	17.000000 	68.007355 	44.553337 	58.008621 	60.074955 	23.000000 	35.693138 	75.960518 	13.341664 	91.923882 	44.687805 	30.479502 	11.000000 	66.708321 	16.278820 	76.400261 	64.443771 	28.017851 	42.426407 	13.341664 	85.211502 	37.643059 	63.007935 	50.249378 	57.384666 	14.866069 	78.873314 	35.227829 	42.011902 	35.440090 	50.447994 	82.073135 	33.541019 	61.611687 	53.263496 	33.837849 	20.808653 	73.246162 	53.413483 	22.360680 	58.830265 	
40.459858 	5.385165 	30.016663 	62.801273 	61.294373 	999.000000 	31.016125 	122.788437 	12.041595 	70.178345 	54.120235 	47.010635 	7.211102 	20.099751 	105.678757 	108.406639 	76.485291 	90.138779 	21.189621 	73.925636 	30.870699 	22.000000 	91.607857 	70.710678 	9.000000 	51.264023 	15.620500 	9.486833 	89.308456 	103.232750 	71.112587 	24.083189 	98.812958 	122.347862 	110.751976 	15.811388 	59.464275 	18.867962 	96.519424 	103.227905 	41.000000 	111.606453 	23.769728 	45.011108 	21.931713 	114.402794 	94.413979 	71.470276 	133.003754 	114.621117 	74.946648 	25.612497 	
15.132746 	27.658634 	60.207973 	34.205261 	31.827662 	31.016125 	999.000000 	96.896851 	19.723083 	40.360870 	23.600847 	16.124516 	37.121422 	12.727922 	84.202141 	86.683334 	50.990196 	64.845970 	49.162994 	43.600460 	61.846584 	13.038404 	62.241467 	40.224369 	35.227829 	20.248457 	45.276924 	32.802441 	59.548298 	74.249580 	40.311287 	54.203320 	69.354164 	94.641426 	82.073135 	25.612497 	28.460499 	47.434166 	66.708321 	73.661385 	16.278820 	82.134033 	50.328918 	18.867962 	30.413813 	84.958817 	63.812225 	40.521599 	104.995239 	85.041168 	43.965897 	28.460499 	
83.234612 	117.686020 	144.589066 	63.063461 	66.211784 	122.788437 	96.896851 	999.000000 	114.621117 	59.464275 	75.643906 	83.192551 	129.957687 	109.293182 	27.073973 	25.000000 	46.400433 	32.649654 	131.795303 	58.940647 	151.320847 	109.931801 	40.311287 	62.361847 	129.807556 	82.079231 	138.408813 	128.003906 	44.283180 	30.066593 	64.761101 	146.659470 	36.013885 	12.727922 	23.769728 	122.331520 	77.491936 	141.495590 	40.012497 	34.365681 	101.390335 	30.083218 	145.602203 	99.020203 	127.263504 	29.068884 	49.162994 	72.835434 	18.248287 	30.413813 	70.455658 	124.823875 	
31.400637 	10.770329 	42.047592 	53.037724 	51.088158 	12.041595 	19.723083 	114.621117 	999.000000 	59.816387 	43.266617 	35.846897 	17.464249 	8.062258 	99.403221 	102.044106 	68.242218 	82.097504 	32.557640 	63.245552 	42.379242 	10.049875 	81.565926 	59.908264 	15.620500 	39.812057 	25.553865 	13.453624 	79.025314 	93.434471 	60.033325 	34.481880 	88.729927 	113.278419 	101.138519 	10.049875 	47.927029 	27.802877 	86.214851 	93.085983 	29.017237 	101.533249 	31.144823 	33.000000 	17.262676 	104.350372 	83.528435 	59.808025 	123.794182 	104.484451 	63.324562 	18.788294 	
30.463093 	65.863495 	97.169952 	9.000000 	8.944272 	70.178345 	40.360870 	59.464275 	59.816387 	999.000000 	17.029387 	24.839485 	76.843994 	53.075417 	54.451813 	56.222771 	20.615528 	31.016125 	84.864601 	5.099020 	100.846420 	53.037724 	21.931713 	5.000000 	75.432091 	22.825424 	85.211502 	73.109505 	19.209373 	34.058773 	8.602325 	94.047859 	29.000000 	55.226807 	42.011902 	65.764732 	18.248287 	87.618492 	26.400757 	33.301651 	42.047592 	41.773197 	90.686272 	39.560081 	69.656296 	44.598206 	25.000000 	18.357559 	65.215027 	44.687805 	18.439089 	66.610809 	
17.029387 	50.159744 	82.219215 	13.152946 	9.486833 	54.120235 	23.600847 	75.643906 	43.266617 	17.029387 	999.000000 	7.810250 	60.539242 	36.235340 	67.119293 	69.260376 	32.140316 	45.122055 	70.342018 	20.000000 	84.970581 	36.069378 	38.948685 	16.643316 	58.821766 	7.000000 	68.796799 	56.400356 	36.069378 	51.088158 	17.088007 	77.698135 	45.967381 	72.111023 	59.033890 	48.795490 	9.433981 	71.028160 	43.185646 	50.209560 	25.961510 	58.694122 	73.878281 	24.186773 	52.630791 	61.522354 	40.311287 	20.223749 	82.200974 	61.554855 	23.021729 	49.648766 	
13.892444 	43.324360 	75.690155 	20.248457 	17.000000 	47.010635 	16.124516 	83.192551 	35.846897 	24.839485 	7.810250 	999.000000 	53.235325 	28.600698 	73.552704 	75.802376 	38.832977 	52.201534 	64.132675 	27.658634 	77.878113 	28.319605 	46.754681 	24.207438 	51.312767 	5.099020 	61.400326 	48.826221 	43.840622 	58.898216 	24.186773 	70.327805 	53.758720 	79.881165 	66.843102 	41.036568 	13.038404 	63.513779 	50.931328 	57.982758 	19.104973 	66.468040 	66.219330 	18.110771 	44.821869 	69.296463 	47.707443 	25.179358 	90.000000 	69.310890 	28.442924 	41.880783 	
47.423622 	12.529964 	26.476404 	69.656296 	68.007355 	7.211102 	37.121422 	129.957687 	17.464249 	76.843994 	60.539242 	53.235325 	999.000000 	25.298222 	112.871605 	115.602768 	83.630135 	97.308784 	20.615528 	80.454956 	25.000000 	26.683329 	98.407318 	77.175125 	5.000000 	57.271286 	8.485281 	7.615773 	96.020828 	110.113579 	77.414467 	17.204651 	105.603027 	129.402466 	117.686020 	17.262676 	65.391129 	11.661903 	103.227905 	110.000000 	45.398239 	118.406082 	16.763054 	49.497475 	21.470911 	121.210564 	100.846420 	77.252831 	140.035706 	121.400162 	80.777473 	26.000000 	
26.400757 	18.248287 	50.089920 	46.861500 	44.553337 	20.099751 	12.727922 	109.293182 	8.062258 	53.075417 	36.235340 	28.600698 	25.298222 	999.000000 	95.519630 	98.081596 	63.134777 	77.025970 	40.311287 	56.222771 	50.289165 	2.828427 	74.966660 	52.801514 	22.825424 	32.249031 	33.105892 	20.248457 	72.249565 	86.977005 	52.697250 	42.047592 	82.073135 	107.298645 	94.794518 	13.038404 	40.249222 	34.985710 	79.397736 	86.371292 	21.095022 	94.847244 	37.643059 	25.019993 	18.681541 	97.672920 	76.275818 	52.000000 	117.686020 	97.744568 	55.542778 	18.000000 	
69.260376 	100.344406 	123.987900 	54.037025 	58.008621 	105.678757 	84.202141 	27.073973 	99.403221 	54.451813 	67.119293 	73.552704 	112.871605 	95.519630 	999.000000 	2.828427 	35.014282 	23.769728 	111.395691 	56.293873 	132.003784 	96.767761 	43.908997 	58.855755 	113.600174 	74.108032 	121.078484 	112.258629 	47.413078 	40.311287 	62.169125 	128.701202 	44.045429 	36.674240 	39.115215 	108.268188 	72.111023 	124.531120 	47.201694 	45.254833 	92.655273 	46.043457 	129.294235 	91.268837 	114.162163 	46.647614 	56.302753 	71.805290 	45.011108 	48.020828 	70.604530 	112.641022 	
71.784401 	103.077644 	126.810883 	56.142673 	60.074955 	108.406639 	86.683334 	25.000000 	102.044106 	56.222771 	69.260376 	75.802376 	115.602768 	98.081596 	2.828427 	999.000000 	37.121422 	25.317978 	114.214706 	57.870544 	134.807266 	99.297531 	44.721359 	60.530983 	116.297035 	76.236473 	123.822456 	114.934761 	48.332184 	40.360870 	63.788715 	131.468628 	44.407207 	35.171009 	38.600517 	110.860275 	74.027023 	127.263504 	47.707443 	45.343136 	94.894676 	45.607018 	132.003784 	93.434471 	116.709038 	46.043457 	56.938564 	73.348480 	43.104523 	47.434166 	72.034714 	115.134705 	
36.891735 	71.449280 	99.624290 	19.026299 	23.000000 	76.485291 	50.990196 	46.400433 	68.242218 	20.615528 	32.140316 	38.832977 	83.630135 	63.134777 	35.014282 	37.121422 	999.000000 	13.892444 	86.838928 	23.853722 	105.550934 	63.953106 	23.194826 	25.495098 	83.408630 	39.115215 	92.097771 	81.608826 	24.041630 	30.805843 	29.068884 	100.448990 	29.017237 	46.400433 	36.769554 	76.157730 	37.336308 	95.131485 	29.154760 	33.136082 	57.870544 	40.024994 	99.201813 	56.320511 	81.394104 	42.449970 	34.176014 	38.910152 	57.201397 	43.174065 	38.587563 	79.309517 	
50.774010 	85.041168 	112.445541 	32.015621 	35.693138 	90.138779 	64.845970 	32.649654 	82.097504 	31.016125 	45.122055 	52.201534 	97.308784 	77.025970 	23.769728 	25.317978 	13.892444 	999.000000 	99.639351 	32.557640 	118.827606 	77.826729 	21.931713 	35.227829 	97.200821 	51.971146 	105.759163 	95.441078 	24.839485 	23.537205 	38.470768 	114.021927 	24.596748 	34.000000 	27.073973 	90.049988 	49.040798 	108.853111 	26.627054 	27.513634 	71.063354 	32.140316 	113.004425 	69.231499 	95.257545 	34.014702 	34.655445 	48.052055 	44.777225 	35.057095 	46.840153 	93.107468 	
54.424259 	22.090721 	12.806249 	76.557167 	75.960518 	21.189621 	49.162994 	131.795303 	32.557640 	84.864601 	70.342018 	64.132675 	20.615528 	40.311287 	111.395691 	114.214706 	86.838928 	99.639351 	999.000000 	89.196411 	21.540659 	42.579338 	105.095192 	86.330757 	25.612497 	68.883957 	21.470911 	28.017851 	103.368271 	115.974136 	87.361320 	23.086792 	112.254173 	133.221619 	122.967476 	36.674240 	77.103828 	25.079872 	110.494347 	116.726173 	61.400326 	124.823875 	31.016125 	65.276337 	41.880783 	127.534309 	109.786156 	89.269257 	144.031250 	127.941391 	92.574295 	46.141087 	
34.785053 	69.771057 	101.390335 	14.035668 	13.341664 	73.925636 	43.600460 	58.940647 	63.245552 	5.099020 	20.000000 	27.658634 	80.454956 	56.222771 	56.293873 	57.870544 	23.853722 	32.557640 	89.196411 	999.000000 	104.709122 	55.973209 	19.723083 	3.605551 	78.816238 	24.839485 	88.752464 	76.400261 	16.401220 	31.906113 	6.000000 	97.637085 	26.400757 	53.665630 	39.962482 	68.680420 	18.788294 	91.021973 	23.345236 	30.479502 	43.566040 	38.948685 	93.861603 	40.706264 	72.180328 	41.773197 	20.615528 	15.524175 	63.285069 	41.725292 	14.764823 	68.883957 	
70.724815 	34.985710 	12.165525 	93.193344 	91.923882 	30.870699 	61.846584 	151.320847 	42.379242 	100.846420 	84.970581 	77.878113 	25.000000 	50.289165 	132.003784 	134.807266 	105.550934 	118.827606 	21.540659 	104.709122 	999.000000 	51.662365 	122.036880 	101.533249 	28.284271 	82.079231 	18.027756 	31.257000 	119.887444 	133.454117 	101.980392 	10.440307 	129.247818 	151.855194 	140.801285 	41.194660 	90.249657 	18.248287 	127.094452 	133.689941 	70.213959 	142.003525 	21.023796 	74.330345 	43.104523 	144.779144 	125.239769 	102.181213 	162.606888 	145.055161 	105.688217 	48.093658 	
27.513634 	20.615528 	52.009613 	47.201694 	44.687805 	22.000000 	13.038404 	109.931801 	10.049875 	53.037724 	36.069378 	28.319605 	26.683329 	2.828427 	96.767761 	99.297531 	63.953106 	77.826729 	42.579338 	55.973209 	51.662365 	999.000000 	74.966660 	52.497620 	23.769728 	31.622776 	34.176014 	21.023796 	72.138756 	87.045967 	52.201534 	43.081318 	82.024384 	107.615051 	94.921021 	12.727922 	39.446167 	35.777088 	79.246452 	86.278618 	19.000000 	94.762863 	38.013157 	23.021729 	17.464249 	97.590981 	75.802376 	50.990196 	117.923706 	97.621719 	54.561890 	16.124516 	
51.312767 	87.091904 	117.647781 	28.844410 	30.479502 	91.607857 	62.241467 	40.311287 	81.565926 	21.931713 	38.948685 	46.754681 	98.407318 	74.966660 	43.908997 	44.721359 	23.194826 	21.931713 	105.095192 	19.723083 	122.036880 	74.966660 	999.000000 	23.323807 	97.185387 	44.407207 	106.826965 	94.921021 	4.000000 	12.206555 	25.079872 	115.602768 	7.211102 	34.014702 	20.248457 	87.692642 	38.470768 	109.343498 	6.000000 	11.661903 	63.285069 	20.000000 	112.538879 	60.415230 	91.547798 	22.803509 	12.727922 	32.557640 	43.566040 	23.021729 	30.149628 	88.408142 	
32.015621 	66.640831 	98.432716 	12.649111 	11.000000 	70.710678 	40.224369 	62.361847 	59.908264 	5.000000 	16.643316 	24.207438 	77.175125 	52.801514 	58.855755 	60.530983 	25.495098 	35.227829 	86.330757 	3.605551 	101.533249 	52.497620 	23.323807 	999.000000 	75.451973 	21.260292 	85.440041 	73.006851 	20.000000 	35.510563 	3.605551 	94.339813 	30.000000 	57.245087 	43.566040 	65.192024 	15.231546 	87.658424 	26.907248 	34.058773 	39.962482 	42.520584 	90.426765 	37.121422 	68.622154 	45.343136 	23.706539 	13.416408 	66.887962 	45.276924 	13.453624 	65.299309 	
46.754681 	14.142136 	31.048349 	68.622154 	66.708321 	9.000000 	35.227829 	129.807556 	15.620500 	75.432091 	58.821766 	51.312767 	5.000000 	22.825424 	113.600174 	116.297035 	83.408630 	97.200821 	25.612497 	78.816238 	28.284271 	23.769728 	97.185387 	75.451973 	999.000000 	55.072678 	10.440307 	3.000000 	94.641426 	109.041275 	75.471848 	19.313208 	104.350372 	128.763351 	116.726173 	13.000000 	63.063461 	12.206555 	101.828285 	108.706024 	41.976185 	117.153748 	15.811388 	46.097721 	16.552946 	119.970833 	99.020203 	74.732857 	139.316193 	120.104118 	78.294319 	21.189621 	
18.788294 	47.801674 	80.280754 	20.099751 	16.278820 	51.264023 	20.248457 	82.079231 	39.812057 	22.825424 	7.000000 	5.099020 	57.271286 	32.249031 	74.108032 	76.236473 	39.115215 	51.971146 	68.883957 	24.839485 	82.079231 	31.622776 	44.407207 	21.260292 	55.072678 	999.000000 	65.299309 	52.478565 	41.231056 	56.612720 	20.615528 	74.242844 	51.224995 	78.032043 	64.637451 	44.204071 	8.246211 	67.230942 	48.166378 	55.317268 	19.313208 	63.780876 	69.634758 	17.262676 	47.381432 	66.603302 	44.204071 	20.396078 	87.920418 	66.528191 	23.769728 	44.045429 	
55.901699 	20.808653 	22.825424 	78.102493 	76.400261 	15.620500 	45.276924 	138.408813 	25.553865 	85.211502 	68.796799 	61.400326 	8.485281 	33.105892 	121.078484 	123.822456 	92.097771 	105.759163 	21.470911 	88.752464 	18.027756 	34.176014 	106.826965 	85.440041 	10.440307 	65.299309 	999.000000 	13.341664 	104.403069 	118.562218 	85.586212 	8.944272 	114.017540 	137.887634 	126.150703 	23.194826 	73.348480 	4.000000 	111.606453 	118.406082 	52.392746 	126.822708 	10.049875 	56.515484 	25.317978 	129.630249 	109.077957 	85.088188 	148.519363 	129.807556 	88.639717 	30.265491 	
44.821869 	14.035668 	33.955853 	66.468040 	64.443771 	9.486833 	32.802441 	128.003906 	13.453624 	73.109505 	56.400356 	48.826221 	7.615773 	20.248457 	112.258629 	114.934761 	81.608826 	95.441078 	28.017851 	76.400261 	31.257000 	21.023796 	94.921021 	73.006851 	3.000000 	52.478565 	13.341664 	999.000000 	92.314682 	106.831642 	72.945183 	22.135944 	102.068604 	126.732002 	114.560028 	10.000000 	60.415230 	14.764823 	99.488693 	106.404884 	39.051247 	114.865135 	17.691807 	43.174065 	13.892444 	117.686020 	96.519424 	72.013885 	137.244308 	117.796432 	75.584389 	18.384777 	
49.244289 	84.905830 	115.831772 	26.832815 	28.017851 	89.308456 	59.548298 	44.283180 	79.025314 	19.209373 	36.069378 	43.840622 	96.020828 	72.249565 	47.413078 	48.332184 	24.041630 	24.839485 	103.368271 	16.401220 	119.887444 	72.138756 	4.000000 	20.000000 	94.641426 	41.231056 	104.403069 	92.314682 	999.000000 	15.652476 	21.470911 	113.225441 	10.000000 	37.696156 	23.706539 	84.864601 	34.985710 	106.826965 	7.211102 	14.142136 	59.908264 	22.627417 	109.877205 	56.938564 	88.526833 	25.455845 	10.295630 	28.635643 	47.010635 	25.495098 	26.172504 	85.276024 	
62.801273 	98.600204 	128.631256 	40.459858 	42.426407 	103.232750 	74.249580 	30.066593 	93.434471 	34.058773 	51.088158 	58.898216 	110.113579 	86.977005 	40.311287 	40.360870 	30.805843 	23.537205 	115.974136 	31.906113 	133.454117 	87.045967 	12.206555 	35.510563 	109.041275 	56.612720 	118.562218 	106.831642 	15.652476 	999.000000 	37.121422 	127.283150 	6.082763 	22.135944 	8.062258 	99.764725 	50.606323 	121.165176 	10.049875 	5.000000 	75.471848 	9.219544 	124.482933 	72.560318 	103.711136 	11.704700 	19.104973 	43.965897 	31.384710 	12.369317 	41.231056 	100.603180 	
33.376640 	67.230942 	99.297531 	15.652476 	13.341664 	71.112587 	40.311287 	64.761101 	60.033325 	8.602325 	17.088007 	24.186773 	77.414467 	52.697250 	62.169125 	63.788715 	29.068884 	38.470768 	87.361320 	6.000000 	101.980392 	52.201534 	25.079872 	3.605551 	75.471848 	20.615528 	85.586212 	72.945183 	21.470911 	37.121422 	999.000000 	94.514549 	31.384710 	59.093147 	45.177429 	64.815125 	13.601471 	87.664131 	28.017851 	35.227829 	38.600517 	43.600460 	90.210861 	35.510563 	67.896980 	46.400433 	23.600847 	9.848858 	68.476273 	46.227695 	9.899495 	64.381676 	
64.536812 	29.000000 	19.209373 	86.833176 	85.211502 	24.083189 	54.203320 	146.659470 	34.481880 	94.047859 	77.698135 	70.327805 	17.204651 	42.047592 	128.701202 	131.468628 	100.448990 	114.021927 	23.086792 	97.637085 	10.440307 	43.081318 	115.602768 	94.339813 	19.313208 	74.242844 	8.944272 	22.135944 	113.225441 	127.283150 	94.514549 	999.000000 	122.800652 	146.413803 	134.825821 	31.780497 	82.292160 	8.000000 	120.432556 	127.200630 	61.131008 	135.602356 	10.816654 	65.253349 	33.000000 	138.405197 	117.991524 	94.021271 	157.079605 	138.600143 	97.575615 	38.000000 	
58.523499 	94.302704 	124.823875 	36.055511 	37.643059 	98.812958 	69.354164 	36.013885 	88.729927 	29.000000 	45.967381 	53.758720 	105.603027 	82.073135 	44.045429 	44.407207 	29.017237 	24.596748 	112.254173 	26.400757 	129.247818 	82.024384 	7.211102 	30.000000 	104.350372 	51.224995 	114.017540 	102.068604 	10.000000 	6.082763 	31.384710 	122.800652 	999.000000 	28.160255 	13.928389 	94.752312 	44.944408 	116.516090 	4.000000 	4.472136 	69.892776 	12.806249 	119.670380 	66.887962 	98.493652 	15.620500 	13.341664 	37.947330 	37.121422 	15.811388 	35.171009 	95.268044 	
82.036575 	117.456375 	146.013702 	60.440052 	63.007935 	122.347862 	94.641426 	12.727922 	113.278419 	55.226807 	72.111023 	79.881165 	129.402466 	107.298645 	36.674240 	35.171009 	46.400433 	34.000000 	133.221619 	53.665630 	151.855194 	107.615051 	34.014702 	57.245087 	128.763351 	78.032043 	137.887634 	126.732002 	37.696156 	22.135944 	59.093147 	146.413803 	28.160255 	999.000000 	14.317822 	120.253899 	72.449982 	140.730240 	32.015621 	25.317978 	97.128784 	19.104973 	144.422989 	94.366310 	124.619423 	17.464249 	40.311287 	66.098412 	10.816654 	18.681541 	63.324562 	121.757957 	
70.292244 	106.042442 	135.679764 	48.104053 	50.249378 	110.751976 	82.073135 	23.769728 	101.138519 	42.011902 	59.033890 	66.843102 	117.686020 	94.794518 	39.115215 	38.600517 	36.769554 	27.073973 	122.967476 	39.962482 	140.801285 	94.921021 	20.248457 	43.566040 	116.726173 	64.637451 	126.150703 	114.560028 	23.706539 	8.062258 	45.177429 	134.825821 	13.928389 	14.317822 	999.000000 	107.628990 	58.668560 	128.817703 	17.720045 	11.045361 	83.528435 	7.071068 	132.230865 	80.622574 	111.664673 	7.615773 	26.076809 	51.865211 	23.323807 	8.944272 	49.040798 	108.600182 	
39.357338 	17.804493 	43.737854 	59.816387 	57.384666 	15.811388 	25.612497 	122.331520 	10.049875 	65.764732 	48.795490 	41.036568 	17.262676 	13.038404 	108.268188 	110.860275 	76.157730 	90.049988 	36.674240 	68.680420 	41.194660 	12.727922 	87.692642 	65.192024 	13.000000 	44.204071 	23.194826 	10.000000 	84.864601 	99.764725 	64.815125 	31.780497 	94.752312 	120.253899 	107.628990 	999.000000 	51.865211 	24.041630 	91.967384 	99.005051 	29.410883 	107.489532 	25.553865 	33.526108 	7.280110 	110.317726 	88.408142 	63.134777 	130.598618 	110.344917 	66.730804 	9.899495 	
25.709921 	56.044624 	88.526833 	18.973665 	14.866069 	59.464275 	28.460499 	77.491936 	47.927029 	18.248287 	9.433981 	13.038404 	65.391129 	40.249222 	72.111023 	74.027023 	37.336308 	49.040798 	77.103828 	18.788294 	90.249657 	39.446167 	38.470768 	15.231546 	63.063461 	8.246211 	73.348480 	60.415230 	34.985710 	50.606323 	13.601471 	82.292160 	44.944408 	72.449982 	58.668560 	51.865211 	999.000000 	75.179787 	41.617306 	48.826221 	25.000000 	57.201397 	77.388626 	21.954498 	54.561890 	60.000000 	36.796738 	12.165525 	81.987801 	59.816387 	15.524175 	50.911690 	
58.694122 	24.186773 	25.000000 	80.721741 	78.873314 	18.867962 	47.434166 	141.495590 	27.802877 	87.618492 	71.028160 	63.513779 	11.661903 	34.985710 	124.531120 	127.263504 	95.131485 	108.853111 	25.079872 	91.021973 	18.248287 	35.777088 	109.343498 	87.658424 	12.206555 	67.230942 	4.000000 	14.764823 	106.826965 	121.165176 	87.664131 	8.000000 	116.516090 	140.730240 	128.817703 	24.041630 	75.179787 	999.000000 	114.017540 	120.880104 	53.450912 	129.321304 	6.082763 	57.567352 	25.000000 	132.136292 	111.220505 	86.764046 	151.320847 	132.279999 	90.338257 	30.000000 	
56.435802 	92.114059 	122.983742 	34.000000 	35.227829 	96.519424 	66.708321 	40.012497 	86.214851 	26.400757 	43.185646 	50.931328 	103.227905 	79.397736 	47.201694 	47.707443 	29.154760 	26.627054 	110.494347 	23.345236 	127.094452 	79.246452 	6.000000 	26.907248 	101.828285 	48.166378 	111.606453 	99.488693 	7.211102 	10.049875 	28.017851 	120.432556 	4.000000 	32.015621 	17.720045 	91.967384 	41.617306 	114.017540 	999.000000 	7.211102 	66.610809 	15.620500 	117.034180 	63.513779 	95.524864 	18.439089 	9.486833 	34.176014 	40.718548 	18.384777 	31.320919 	92.195442 	
62.968246 	98.737022 	129.294235 	40.496914 	42.011902 	103.227905 	73.661385 	34.365681 	93.085983 	33.301651 	50.209560 	57.982758 	110.000000 	86.371292 	45.254833 	45.343136 	33.136082 	27.513634 	116.726173 	30.479502 	133.689941 	86.278618 	11.661903 	34.058773 	108.706024 	55.317268 	118.406082 	106.404884 	14.142136 	5.000000 	35.227829 	127.200630 	4.472136 	25.317978 	11.045361 	99.005051 	48.826221 	120.880104 	7.211102 	999.000000 	73.817345 	8.485281 	123.987900 	70.724815 	102.649887 	11.313708 	15.033297 	41.231056 	33.615471 	11.401754 	38.275318 	99.357941 	
27.856777 	39.319206 	71.007042 	39.051247 	35.440090 	41.000000 	16.278820 	101.390335 	29.017237 	42.047592 	25.961510 	19.104973 	45.398239 	21.095022 	92.655273 	94.894676 	57.870544 	71.063354 	61.400326 	43.566040 	70.213959 	19.000000 	63.285069 	39.962482 	41.976185 	19.313208 	52.392746 	39.051247 	59.908264 	75.471848 	38.600517 	61.131008 	69.892776 	97.128784 	83.528435 	29.410883 	25.000000 	53.450912 	66.610809 	73.817345 	999.000000 	82.200974 	54.625999 	4.123106 	30.528675 	85.000000 	61.554855 	34.828148 	106.850365 	84.811554 	38.418747 	26.400757 	
71.281136 	107.074738 	137.437256 	48.826221 	50.447994 	111.606453 	82.134033 	30.083218 	101.533249 	41.773197 	58.694122 	66.468040 	118.406082 	94.847244 	46.043457 	45.607018 	40.024994 	32.140316 	124.823875 	38.948685 	142.003525 	94.762863 	20.000000 	42.520584 	117.153748 	63.780876 	126.822708 	114.865135 	22.627417 	9.219544 	43.600460 	135.602356 	12.806249 	19.104973 	7.071068 	107.489532 	57.201397 	129.321304 	15.620500 	8.485281 	82.200974 	999.000000 	132.457535 	79.056938 	111.126053 	2.828427 	22.135944 	49.193497 	25.961510 	3.162278 	46.097721 	107.814659 	
62.481998 	29.154760 	29.698484 	84.148682 	82.073135 	23.769728 	50.328918 	145.602203 	31.144823 	90.686272 	73.878281 	66.219330 	16.763054 	37.643059 	129.294235 	132.003784 	99.201813 	113.004425 	31.016125 	93.861603 	21.023796 	38.013157 	112.538879 	90.426765 	15.811388 	69.634758 	10.049875 	17.691807 	109.877205 	124.482933 	90.210861 	10.816654 	119.670380 	144.422989 	132.230865 	25.553865 	77.388626 	6.082763 	117.034180 	123.987900 	54.625999 	132.457535 	999.000000 	58.694122 	24.738634 	135.281189 	113.811249 	88.684837 	154.935471 	135.369858 	92.282173 	29.614185 	
28.653097 	43.185646 	75.026665 	37.336308 	33.541019 	45.011108 	18.867962 	99.020203 	33.000000 	39.560081 	24.186773 	18.110771 	49.497475 	25.019993 	91.268837 	93.434471 	56.320511 	69.231499 	65.276337 	40.706264 	74.330345 	23.021729 	60.415230 	37.121422 	46.097721 	17.262676 	56.515484 	43.174065 	56.938564 	72.560318 	35.510563 	65.253349 	66.887962 	94.366310 	80.622574 	33.526108 	21.954498 	57.567352 	63.513779 	70.724815 	4.123106 	79.056938 	58.694122 	999.000000 	34.481880 	81.841309 	58.137768 	31.144823 	103.942291 	81.608826 	34.713108 	30.232433 	
44.944408 	24.698177 	47.434166 	64.350601 	61.611687 	21.931713 	30.413813 	127.263504 	17.262676 	69.656296 	52.630791 	44.821869 	21.470911 	18.681541 	114.162163 	116.709038 	81.394104 	95.257545 	41.880783 	72.180328 	43.104523 	17.464249 	91.547798 	68.622154 	16.552946 	47.381432 	25.317978 	13.892444 	88.526833 	103.711136 	67.896980 	33.000000 	98.493652 	124.619423 	111.664673 	7.280110 	54.561890 	25.000000 	95.524864 	102.649887 	30.528675 	111.126053 	24.738634 	34.481880 	999.000000 	113.951744 	91.350975 	65.215027 	134.807266 	113.899078 	68.818604 	5.000000 	
74.060783 	109.859001 	140.160629 	51.613953 	53.263496 	114.402794 	84.958817 	29.068884 	104.350372 	44.598206 	61.522354 	69.296463 	121.210564 	97.672920 	46.647614 	46.043457 	42.449970 	34.014702 	127.534309 	41.773197 	144.779144 	97.590981 	22.803509 	45.343136 	119.970833 	66.603302 	129.630249 	117.686020 	25.455845 	11.704700 	46.400433 	138.405197 	15.620500 	17.464249 	7.615773 	110.317726 	60.000000 	132.136292 	18.439089 	11.313708 	85.000000 	2.828427 	135.281189 	81.841309 	113.951744 	999.000000 	24.698177 	51.884487 	23.537205 	1.414214 	48.754486 	110.634537 	
55.362442 	90.338257 	122.004097 	33.734257 	33.837849 	94.413979 	63.812225 	49.162994 	83.528435 	25.000000 	40.311287 	47.707443 	100.846420 	76.275818 	56.302753 	56.938564 	34.176014 	34.655445 	109.786156 	20.615528 	125.239769 	75.802376 	12.727922 	23.706539 	99.020203 	44.204071 	109.077957 	96.519424 	10.295630 	19.104973 	23.600847 	117.991524 	13.341664 	40.311287 	26.076809 	88.408142 	36.796738 	111.220505 	9.486833 	15.033297 	61.554855 	22.135944 	113.811249 	58.137768 	91.350975 	24.698177 	999.000000 	27.459061 	48.083260 	24.166092 	24.186773 	87.692642 	
37.215588 	68.154236 	100.662804 	24.083189 	20.808653 	71.470276 	40.521599 	72.835434 	59.808025 	18.357559 	20.223749 	25.179358 	77.252831 	52.000000 	71.805290 	73.348480 	38.910152 	48.052055 	89.269257 	15.524175 	102.181213 	50.990196 	32.557640 	13.416408 	74.732857 	20.396078 	85.088188 	72.013885 	28.635643 	43.965897 	9.848858 	94.021271 	37.947330 	66.098412 	51.865211 	63.134777 	12.165525 	86.764046 	34.176014 	41.231056 	34.828148 	49.193497 	88.684837 	31.144823 	65.215027 	51.884487 	27.459061 	999.000000 	74.846512 	51.478149 	3.605551 	61.220913 	
92.633690 	128.144455 	156.821548 	70.837845 	73.246162 	133.003754 	104.995239 	18.248287 	123.794182 	65.215027 	82.200974 	90.000000 	140.035706 	117.686020 	45.011108 	43.104523 	57.201397 	44.777225 	144.031250 	63.285069 	162.606888 	117.923706 	43.566040 	66.887962 	139.316193 	87.920418 	148.519363 	137.244308 	47.010635 	31.384710 	68.476273 	157.079605 	37.121422 	10.816654 	23.323807 	130.598618 	81.987801 	151.320847 	40.718548 	33.615471 	106.850365 	25.961510 	154.935471 	103.942291 	134.807266 	23.537205 	48.083260 	74.846512 	999.000000 	24.331051 	71.867935 	131.825638 	
74.330345 	110.113579 	140.545364 	51.865211 	53.413483 	114.621117 	85.041168 	30.413813 	104.484451 	44.687805 	61.554855 	69.310890 	121.400162 	97.744568 	48.020828 	47.434166 	43.174065 	35.057095 	127.941391 	41.725292 	145.055161 	97.621719 	23.021729 	45.276924 	120.104118 	66.528191 	129.807556 	117.796432 	25.495098 	12.369317 	46.227695 	138.600143 	15.811388 	18.681541 	8.944272 	110.344917 	59.816387 	132.279999 	18.384777 	11.401754 	84.811554 	3.162278 	135.369858 	81.608826 	113.899078 	1.414214 	24.166092 	51.478149 	24.331051 	999.000000 	48.301140 	110.535065 	
40.049969 	71.568146 	104.048065 	25.238859 	22.360680 	74.946648 	43.965897 	70.455658 	63.324562 	18.439089 	23.021729 	28.442924 	80.777473 	55.542778 	70.604530 	72.034714 	38.587563 	46.840153 	92.574295 	14.764823 	105.688217 	54.561890 	30.149628 	13.453624 	78.294319 	23.769728 	88.639717 	75.584389 	26.172504 	41.231056 	9.899495 	97.575615 	35.171009 	63.324562 	49.040798 	66.730804 	15.524175 	90.338257 	31.320919 	38.275318 	38.418747 	46.097721 	92.282173 	34.713108 	68.818604 	48.754486 	24.186773 	3.605551 	71.867935 	48.301140 	999.000000 	64.815125 	
43.416588 	27.658634 	52.201534 	61.773781 	58.830265 	25.612497 	28.460499 	124.823875 	18.788294 	66.610809 	49.648766 	41.880783 	26.000000 	18.000000 	112.641022 	115.134705 	79.309517 	93.107468 	46.141087 	68.883957 	48.093658 	16.124516 	88.408142 	65.299309 	21.189621 	44.045429 	30.265491 	18.384777 	85.276024 	100.603180 	64.381676 	38.000000 	95.268044 	121.757957 	108.600182 	9.899495 	50.911690 	30.000000 	92.195442 	99.357941 	26.400757 	107.814659 	29.614185 	30.232433 	5.000000 	110.634537 	87.692642 	61.220913 	131.825638 	110.535065 	64.815125 	999.000000 	

Travel time:
9.000000 	0.895126 	1.667708 	0.561805 	0.538516 	1.011496 	0.378319 	2.080865 	0.785016 	0.761577 	0.425735 	0.347311 	1.185591 	0.660019 	1.731509 	1.794610 	0.922293 	1.269350 	1.360606 	0.869626 	1.768120 	0.687841 	1.282819 	0.800391 	1.168867 	0.469707 	1.397542 	1.120547 	1.231107 	1.570032 	0.834416 	1.613420 	1.463087 	2.050914 	1.757306 	0.983933 	0.642748 	1.467353 	1.410895 	1.574206 	0.696419 	1.782028 	1.562050 	0.716327 	1.123610 	1.851520 	1.384061 	0.930390 	2.315842 	1.858259 	1.001249 	1.085415 	
0.895126 	9.000000 	0.813941 	1.456237 	1.423464 	0.134629 	0.691466 	2.942151 	0.269258 	1.646587 	1.253994 	1.083109 	0.313249 	0.456207 	2.508610 	2.576941 	1.786232 	2.126029 	0.552268 	1.744276 	0.874643 	0.515388 	2.177298 	1.666021 	0.353553 	1.195042 	0.520216 	0.350892 	2.122646 	2.465005 	1.680773 	0.725000 	2.357568 	2.936409 	2.651061 	0.445112 	1.401116 	0.604669 	2.302851 	2.468426 	0.982980 	2.676868 	0.728869 	1.079641 	0.617454 	2.746475 	2.258456 	1.703856 	3.203611 	2.752840 	1.789204 	0.691466 	
1.667708 	0.813941 	9.000000 	2.225000 	2.205958 	0.750417 	1.505199 	3.614727 	1.051190 	2.429249 	2.055480 	1.892254 	0.661910 	1.252248 	3.099698 	3.170272 	2.490607 	2.811139 	0.320156 	2.534758 	0.304138 	1.300240 	2.941195 	2.460818 	0.776209 	2.007019 	0.570636 	0.848896 	2.895794 	3.215781 	2.482438 	0.480234 	3.120597 	3.650342 	3.391994 	1.093446 	2.213171 	0.625000 	3.074594 	3.232356 	1.775176 	3.435931 	0.742462 	1.875667 	1.185854 	3.504016 	3.050102 	2.516570 	3.920539 	3.513634 	2.601202 	1.305038 	
0.561805 	1.456237 	2.225000 	9.000000 	0.103078 	1.570032 	0.855132 	1.576586 	1.325943 	0.225000 	0.328824 	0.506211 	1.741407 	1.171538 	1.350926 	1.403567 	0.475657 	0.800391 	1.913929 	0.350892 	2.329834 	1.180042 	0.721110 	0.316228 	1.715554 	0.502494 	1.952562 	1.661701 	0.670820 	1.011496 	0.391312 	2.170829 	0.901388 	1.511001 	1.202601 	1.495410 	0.474342 	2.018044 	0.850000 	1.012423 	0.976281 	1.220656 	2.103717 	0.933408 	1.608765 	1.290349 	0.843356 	0.602080 	1.770946 	1.296630 	0.630971 	1.544345 	
0.538516 	1.423464 	2.205958 	0.103078 	9.000000 	1.532359 	0.795692 	1.655295 	1.277204 	0.223607 	0.237171 	0.425000 	1.700184 	1.113833 	1.450216 	1.501874 	0.575000 	0.892328 	1.899013 	0.333542 	2.298097 	1.117195 	0.761988 	0.275000 	1.667708 	0.406971 	1.910007 	1.611094 	0.700446 	1.060660 	0.333542 	2.130288 	0.941076 	1.575198 	1.256234 	1.434617 	0.371652 	1.971833 	0.880696 	1.050297 	0.886002 	1.261200 	2.051828 	0.838525 	1.540292 	1.331587 	0.845946 	0.520216 	1.831154 	1.335337 	0.559017 	1.470757 	
1.011496 	0.134629 	0.750417 	1.570032 	1.532359 	9.000000 	0.775403 	3.069711 	0.301040 	1.754459 	1.353006 	1.175266 	0.180278 	0.502494 	2.641969 	2.710166 	1.912132 	2.253469 	0.529741 	1.848141 	0.771767 	0.550000 	2.290196 	1.767767 	0.225000 	1.281601 	0.390512 	0.237171 	2.232711 	2.580819 	1.777815 	0.602080 	2.470324 	3.058697 	2.768799 	0.395285 	1.486607 	0.471699 	2.412986 	2.580698 	1.025000 	2.790161 	0.594243 	1.125278 	0.548293 	2.860070 	2.360349 	1.786757 	3.325094 	2.865528 	1.873666 	0.640312 	
0.378319 	0.691466 	1.505199 	0.855132 	0.795692 	0.775403 	9.000000 	2.422421 	0.493077 	1.009022 	0.590021 	0.403113 	0.928036 	0.318198 	2.105053 	2.167083 	1.274755 	1.621149 	1.229075 	1.090011 	1.546165 	0.325960 	1.556037 	1.005609 	0.880696 	0.506211 	1.131923 	0.820061 	1.488707 	1.856240 	1.007782 	1.355083 	1.733854 	2.366036 	2.051828 	0.640312 	0.711512 	1.185854 	1.667708 	1.841535 	0.406971 	2.053351 	1.258223 	0.471699 	0.760345 	2.123971 	1.595306 	1.013040 	2.624881 	2.126029 	1.099147 	0.711512 	
2.080865 	2.942151 	3.614727 	1.576586 	1.655295 	3.069711 	2.422421 	9.000000 	2.865528 	1.486607 	1.891098 	2.079814 	3.248942 	2.732330 	0.676849 	0.625000 	1.160011 	0.816241 	3.294883 	1.473516 	3.783021 	2.748295 	1.007782 	1.559046 	3.245189 	2.051981 	3.460220 	3.200098 	1.107080 	0.751665 	1.619027 	3.666487 	0.900347 	0.318198 	0.594243 	3.058288 	1.937298 	3.537390 	1.000312 	0.859142 	2.534758 	0.752080 	3.640055 	2.475505 	3.181588 	0.726722 	1.229075 	1.820886 	0.456207 	0.760345 	1.761391 	3.120597 	
0.785016 	0.269258 	1.051190 	1.325943 	1.277204 	0.301040 	0.493077 	2.865528 	9.000000 	1.495410 	1.081665 	0.896172 	0.436606 	0.201556 	2.485080 	2.551103 	1.706055 	2.052438 	0.813941 	1.581139 	1.059481 	0.251247 	2.039148 	1.497707 	0.390512 	0.995301 	0.638847 	0.336341 	1.975633 	2.335862 	1.500833 	0.862047 	2.218248 	2.831960 	2.528463 	0.251247 	1.198176 	0.695072 	2.155371 	2.327150 	0.725431 	2.538331 	0.778621 	0.825000 	0.431567 	2.608759 	2.088211 	1.495201 	3.094855 	2.612111 	1.583114 	0.469707 	
0.761577 	1.646587 	2.429249 	0.225000 	0.223607 	1.754459 	1.009022 	1.486607 	1.495410 	9.000000 	0.425735 	0.620987 	1.921100 	1.326885 	1.361295 	1.405569 	0.515388 	0.775403 	2.121615 	0.127475 	2.521161 	1.325943 	0.548293 	0.125000 	1.885802 	0.570636 	2.130288 	1.827738 	0.480234 	0.851469 	0.215058 	2.351197 	0.725000 	1.380670 	1.050297 	1.644118 	0.456207 	2.190462 	0.660019 	0.832541 	1.051190 	1.044330 	2.267157 	0.989002 	1.741407 	1.114955 	0.625000 	0.458939 	1.630376 	1.117195 	0.460977 	1.665270 	
0.425735 	1.253994 	2.055480 	0.328824 	0.237171 	1.353006 	0.590021 	1.891098 	1.081665 	0.425735 	9.000000 	0.195256 	1.513481 	0.905883 	1.677982 	1.731509 	0.803508 	1.128051 	1.758550 	0.500000 	2.124264 	0.901734 	0.973717 	0.416083 	1.470544 	0.175000 	1.719920 	1.410009 	0.901734 	1.277204 	0.427200 	1.942453 	1.149184 	1.802776 	1.475847 	1.219887 	0.235850 	1.775704 	1.079641 	1.255239 	0.649038 	1.467353 	1.846957 	0.604669 	1.315770 	1.538059 	1.007782 	0.505594 	2.055024 	1.538871 	0.575543 	1.241219 	
0.347311 	1.083109 	1.892254 	0.506211 	0.425000 	1.175266 	0.403113 	2.079814 	0.896172 	0.620987 	0.195256 	9.000000 	1.330883 	0.715017 	1.838818 	1.895059 	0.970824 	1.305038 	1.603317 	0.691466 	1.946953 	0.707990 	1.168867 	0.605186 	1.282819 	0.127475 	1.535008 	1.220656 	1.096016 	1.472455 	0.604669 	1.758195 	1.343968 	1.997029 	1.671077 	1.025914 	0.325960 	1.587844 	1.273283 	1.449569 	0.477624 	1.661701 	1.655483 	0.452769 	1.120547 	1.732412 	1.192686 	0.629484 	2.250000 	1.732772 	0.711073 	1.047020 	
1.185591 	0.313249 	0.661910 	1.741407 	1.700184 	0.180278 	0.928036 	3.248942 	0.436606 	1.921100 	1.513481 	1.330883 	9.000000 	0.632456 	2.821790 	2.890069 	2.090753 	2.432720 	0.515388 	2.011374 	0.625000 	0.667083 	2.460183 	1.929378 	0.125000 	1.431782 	0.212132 	0.190394 	2.400521 	2.752840 	1.935362 	0.430116 	2.640076 	3.235062 	2.942151 	0.431567 	1.634778 	0.291548 	2.580698 	2.750000 	1.134956 	2.960152 	0.419076 	1.237437 	0.536773 	3.030264 	2.521161 	1.931321 	3.500893 	3.035004 	2.019437 	0.650000 	
0.660019 	0.456207 	1.252248 	1.171538 	1.113833 	0.502494 	0.318198 	2.732330 	0.201556 	1.326885 	0.905883 	0.715017 	0.632456 	9.000000 	2.387991 	2.452040 	1.578369 	1.925649 	1.007782 	1.405569 	1.257229 	0.070711 	1.874166 	1.320038 	0.570636 	0.806226 	0.827647 	0.506211 	1.806239 	2.174425 	1.317431 	1.051190 	2.051828 	2.682466 	2.369863 	0.325960 	1.006231 	0.874643 	1.984943 	2.159282 	0.527376 	2.371181 	0.941076 	0.625500 	0.467039 	2.441823 	1.906895 	1.300000 	2.942151 	2.443614 	1.388569 	0.450000 	
1.731509 	2.508610 	3.099698 	1.350926 	1.450216 	2.641969 	2.105053 	0.676849 	2.485080 	1.361295 	1.677982 	1.838818 	2.821790 	2.387991 	9.000000 	0.070711 	0.875357 	0.594243 	2.784892 	1.407347 	3.300095 	2.419194 	1.097725 	1.471394 	2.840004 	1.852701 	3.026962 	2.806466 	1.185327 	1.007782 	1.554228 	3.217530 	1.101136 	0.916856 	0.977880 	2.706705 	1.802776 	3.113278 	1.180042 	1.131371 	2.316382 	1.151086 	3.232356 	2.281721 	2.854054 	1.166190 	1.407569 	1.795132 	1.125278 	1.200521 	1.765113 	2.816025 	
1.794610 	2.576941 	3.170272 	1.403567 	1.501874 	2.710166 	2.167083 	0.625000 	2.551103 	1.405569 	1.731509 	1.895059 	2.890069 	2.452040 	0.070711 	9.000000 	0.928036 	0.632949 	2.855368 	1.446764 	3.370182 	2.482438 	1.118034 	1.513275 	2.907426 	1.905912 	3.095562 	2.873369 	1.208305 	1.009022 	1.594718 	3.286716 	1.110180 	0.879275 	0.965013 	2.771507 	1.850676 	3.181588 	1.192686 	1.133578 	2.372367 	1.140175 	3.300095 	2.335862 	2.917726 	1.151086 	1.423464 	1.833712 	1.077613 	1.185854 	1.800868 	2.878368 	
0.922293 	1.786232 	2.490607 	0.475657 	0.575000 	1.912132 	1.274755 	1.160011 	1.706055 	0.515388 	0.803508 	0.970824 	2.090753 	1.578369 	0.875357 	0.928036 	9.000000 	0.347311 	2.170973 	0.596343 	2.638773 	1.598828 	0.579871 	0.637377 	2.085216 	0.977880 	2.302444 	2.040221 	0.601041 	0.770146 	0.726722 	2.511225 	0.725431 	1.160011 	0.919239 	1.903943 	0.933408 	2.378287 	0.728869 	0.828402 	1.446764 	1.000625 	2.480045 	1.408013 	2.034853 	1.061249 	0.854400 	0.972754 	1.430035 	1.079352 	0.964689 	1.982738 	
1.269350 	2.126029 	2.811139 	0.800391 	0.892328 	2.253469 	1.621149 	0.816241 	2.052438 	0.775403 	1.128051 	1.305038 	2.432720 	1.925649 	0.594243 	0.632949 	0.347311 	9.000000 	2.490984 	0.813941 	2.970690 	1.945668 	0.548293 	0.880696 	2.430021 	1.299279 	2.643979 	2.386027 	0.620987 	0.588430 	0.961769 	2.850548 	0.614919 	0.850000 	0.676849 	2.251250 	1.226020 	2.721328 	0.665676 	0.687841 	1.776584 	0.803508 	2.825111 	1.730788 	2.381439 	0.850368 	0.866386 	1.201301 	1.119431 	0.876427 	1.171004 	2.327687 	
