Total assets = 622
Number of asset nodes = 33

Distance:
999.000000 	51.662365 	82.079231 	31.257000 	101.980392 	140.801285 	133.689941 	70.213959 	21.023796 	74.330345 	43.104523 	144.779144 	102.181213 	105.688217 	48.093658 	84.970581 	25.000000 	23.323807 	123.004066 	105.004761 	79.246452 	73.681747 	155.425217 	74.431175 	120.933868 	56.080299 	83.186539 	121.852371 	113.885910 	20.223749 	126.317062 	172.733902 	137.742508 	170.238068 	167.200485 	69.028976 	111.682587 	29.000000 	139.089905 	96.509064 	147.248093 	78.025635 	64.498062 	79.006332 	156.064087 	136.165344 	39.408119 	44.418465 	138.538803 	98.508881 	
51.662365 	999.000000 	31.622776 	21.023796 	52.201534 	94.921021 	86.278618 	19.000000 	38.013157 	23.021729 	17.464249 	97.590981 	50.990196 	54.561890 	16.124516 	36.069378 	26.683329 	39.051247 	72.945183 	53.712196 	28.017851 	23.194826 	108.903625 	24.515301 	70.327805 	17.088007 	32.015621 	71.196907 	62.649822 	57.428215 	75.663727 	127.561752 	87.920418 	124.579292 	120.933868 	24.207438 	60.083275 	45.343136 	89.044930 	45.177429 	98.005104 	30.083218 	25.238859 	31.384710 	107.447662 	85.475143 	40.249222 	37.947330 	87.658424 	48.093658 	
82.079231 	31.622776 	999.000000 	52.478565 	20.615528 	64.637451 	55.317268 	19.313208 	69.634758 	17.262676 	47.381432 	66.603302 	20.396078 	23.769728 	44.045429 	7.000000 	57.271286 	70.604530 	41.340054 	23.345236 	17.117243 	21.213203 	78.102493 	23.086792 	38.910152 	39.446167 	18.027756 	39.812057 	32.015621 	89.050545 	44.283180 	97.200821 	56.302753 	94.021271 	90.138779 	33.734257 	31.016125 	76.419891 	57.454330 	23.600847 	66.400299 	29.068884 	40.804413 	30.149628 	75.927597 	54.129475 	69.656296 	66.030296 	56.462376 	30.413813 	
31.257000 	21.023796 	52.478565 	999.000000 	72.945183 	114.560028 	106.404884 	39.051247 	17.691807 	43.174065 	13.892444 	117.686020 	72.013885 	75.584389 	18.384777 	56.400356 	7.615773 	19.416489 	93.813644 	74.732857 	48.052055 	42.426407 	128.817703 	43.185646 	91.301697 	25.961510 	51.971146 	92.179176 	83.671982 	36.878178 	96.648849 	147.085007 	108.756607 	144.256714 	140.801285 	38.470768 	80.993828 	27.313000 	109.931801 	65.306969 	118.713943 	47.042534 	35.114101 	48.093658 	128.003906 	106.470650 	27.018513 	27.892651 	108.673820 	67.268120 	
101.980392 	52.201534 	20.615528 	72.945183 	999.000000 	45.177429 	35.227829 	38.600517 	90.210861 	35.510563 	67.896980 	46.400433 	9.848858 	9.899495 	64.381676 	17.088007 	77.414467 	91.214035 	21.023796 	11.401754 	33.105892 	38.948685 	58.008621 	40.249222 	19.416489 	59.203041 	31.622776 	20.396078 	15.811388 	109.622078 	24.738634 	77.388626 	35.846897 	74.060783 	70.000000 	51.429562 	19.209373 	97.000000 	37.121422 	27.166155 	45.803928 	44.271889 	59.059292 	44.922153 	55.317268 	34.481880 	89.938866 	86.052307 	37.107952 	34.525352 	
140.801285 	94.921021 	64.637451 	114.560028 	45.177429 	999.000000 	11.045361 	83.528435 	132.230865 	80.622574 	111.664673 	7.615773 	51.865211 	49.040798 	108.600182 	59.033890 	117.686020 	133.660019 	31.064449 	50.960770 	78.262383 	84.118965 	14.764823 	85.422478 	36.055511 	104.009613 	76.557167 	36.013885 	45.398239 	151.380310 	34.132095 	32.649654 	24.166092 	29.698484 	26.400757 	96.602280 	52.345009 	140.264038 	25.942244 	69.375786 	20.615528 	89.157166 	104.235313 	89.693924 	21.377558 	32.310989 	134.201340 	130.667511 	34.438351 	75.504967 	
133.689941 	86.278618 	55.317268 	106.404884 	35.227829 	11.045361 	999.000000 	73.817345 	123.987900 	70.724815 	102.649887 	11.313708 	41.231056 	38.275318 	99.357941 	50.209560 	110.000000 	125.255737 	20.024984 	40.162170 	68.095520 	74.094536 	22.803509 	75.292763 	25.019993 	94.403389 	66.189125 	25.000000 	34.365681 	143.282944 	23.345236 	42.190044 	15.556349 	38.832977 	34.828148 	86.452301 	41.303753 	131.529465 	17.691807 	58.523499 	17.117243 	78.721024 	94.154129 	79.202271 	23.086792 	23.021729 	124.963997 	121.210564 	25.612497 	64.536812 	
70.213959 	19.000000 	19.313208 	39.051247 	38.600517 	83.528435 	73.817345 	999.000000 	54.625999 	4.123106 	30.528675 	85.000000 	34.828148 	38.418747 	26.400757 	25.961510 	45.398239 	55.009090 	58.000000 	37.202152 	9.055386 	5.000000 	96.607452 	7.071068 	54.671749 	20.615528 	13.038404 	55.443665 	46.043457 	73.790245 	59.816387 	115.935326 	72.917763 	112.645462 	108.600182 	15.000000 	42.485291 	59.640591 	73.756355 	26.305893 	83.450584 	14.212670 	21.587032 	15.620500 	93.348808 	69.404610 	51.623638 	47.507893 	71.281136 	29.154760 	
21.023796 	38.013157 	69.634758 	17.691807 	90.210861 	132.230865 	123.987900 	54.625999 	999.000000 	58.694122 	24.738634 	135.281189 	88.684837 	92.282173 	29.614185 	73.878281 	16.763054 	3.162278 	110.941429 	91.301697 	63.324562 	57.245087 	146.454773 	57.567352 	108.226616 	37.483330 	67.067131 	109.077957 	100.239716 	19.416489 	113.534134 	164.769531 	125.924583 	161.929001 	158.448730 	50.487621 	97.082436 	12.041595 	127.027557 	80.324341 	136.014709 	60.016663 	45.011108 	60.827625 	145.416641 	123.308556 	19.104973 	23.600847 	125.399361 	81.252693 	
74.330345 	23.021729 	17.262676 	43.174065 	35.510563 	80.622574 	70.724815 	4.123106 	58.694122 	999.000000 	34.481880 	81.841309 	31.144823 	34.713108 	30.232433 	24.186773 	49.497475 	59.033890 	54.451813 	33.421551 	5.000000 	4.000000 	93.477272 	6.082763 	50.990196 	24.041630 	9.000000 	51.739735 	42.201897 	77.820305 	56.080299 	112.898186 	69.310890 	109.553642 	105.437187 	16.492422 	38.470768 	63.513779 	70.092796 	22.203604 	79.906197 	13.000000 	23.769728 	14.317822 	89.872131 	65.604881 	55.226807 	50.931328 	67.424034 	25.317978 	
43.104523 	17.464249 	47.381432 	13.892444 	67.896980 	111.664673 	102.649887 	30.528675 	24.738634 	34.481880 	999.000000 	113.951744 	65.215027 	68.818604 	5.000000 	52.630791 	21.470911 	24.698177 	88.090858 	67.675697 	38.910152 	32.695564 	125.399361 	32.893768 	85.000000 	13.000000 	42.544094 	85.802101 	76.550636 	43.462627 	90.210861 	144.308701 	103.077644 	141.226761 	137.440903 	26.019224 	72.945183 	29.206163 	104.019226 	55.713554 	113.454834 	35.355339 	21.587032 	36.221542 	123.166557 	99.864906 	22.825424 	20.615528 	101.788994 	56.515484 	
144.779144 	97.590981 	66.603302 	117.686020 	46.400433 	7.615773 	11.313708 	85.000000 	135.281189 	81.841309 	113.951744 	999.000000 	51.884487 	48.754486 	110.634537 	61.522354 	121.210564 	136.561340 	29.410883 	50.566788 	79.075912 	85.146935 	11.661903 	86.284416 	34.205261 	105.603027 	77.025970 	33.955853 	43.965897 	154.563904 	31.257000 	31.304953 	19.235384 	27.784887 	23.600847 	97.416634 	50.695168 	142.842575 	20.615528 	68.709534 	13.453624 	89.470665 	105.152267 	89.894379 	14.035668 	27.459061 	136.235092 	132.438660 	29.120440 	74.330345 	
102.181213 	50.990196 	20.396078 	72.013885 	9.848858 	51.865211 	41.231056 	34.828148 	88.684837 	31.144823 	65.215027 	51.884487 	999.000000 	3.605551 	61.220913 	20.223749 	77.252831 	89.358826 	23.430750 	3.000000 	27.658634 	33.970577 	63.529522 	34.828148 	19.849434 	55.172459 	25.238859 	20.615528 	11.704700 	108.046288 	25.000000 	83.186539 	38.183765 	79.649231 	75.292763 	45.803928 	11.401754 	94.403389 	38.948685 	18.027756 	48.836460 	37.589893 	53.600372 	38.013157 	58.898216 	34.669872 	86.371292 	82.024384 	36.715118 	25.079872 	
105.688217 	54.561890 	23.769728 	75.584389 	9.899495 	49.040798 	38.275318 	38.418747 	92.282173 	34.713108 	68.818604 	48.754486 	3.605551 	999.000000 	64.815125 	23.021729 	80.777473 	92.962357 	20.000000 	2.000000 	31.144823 	37.483330 	60.373837 	38.288380 	16.278820 	58.728188 	28.600698 	17.029387 	8.246211 	111.646767 	21.400934 	80.056229 	34.655445 	76.478752 	72.069412 	49.203659 	9.433981 	98.005104 	35.383614 	20.396078 	45.343136 	40.816662 	57.008770 	41.182522 	55.443665 	31.064449 	89.938866 	85.562843 	33.120991 	27.018513 	
48.093658 	16.124516 	44.045429 	18.384777 	64.381676 	108.600182 	99.357941 	26.400757 	29.614185 	30.232433 	5.000000 	110.634537 	61.220913 	64.815125 	999.000000 	49.648766 	26.000000 	29.410883 	84.291161 	63.600315 	34.481880 	28.178005 	122.147453 	28.231188 	81.055534 	8.000000 	38.013157 	81.835197 	72.422371 	48.104053 	86.214851 	141.209061 	99.247169 	138.057953 	134.182709 	21.023796 	68.600288 	33.286633 	100.124924 	51.078373 	109.713264 	30.413813 	16.763054 	31.257000 	119.519875 	95.801880 	25.612497 	22.360680 	97.652443 	51.662365 	
84.970581 	36.069378 	7.000000 	56.400356 	17.088007 	59.033890 	50.209560 	25.961510 	73.878281 	24.186773 	52.630791 	61.522354 	20.223749 	23.021729 	49.648766 	999.000000 	60.539242 	75.073296 	38.078865 	23.194826 	24.083189 	28.160255 	72.862885 	30.066593 	36.400551 	45.617977 	24.738634 	37.363083 	31.016125 	93.236259 	41.761227 	91.678787 	52.773098 	88.617157 	84.899940 	40.607880 	31.575306 	81.344948 	54.129475 	28.319605 	62.433964 	36.055511 	47.539455 	37.121422 	71.610054 	51.546097 	75.213028 	71.867935 	54.120235 	35.608986 	
25.000000 	26.683329 	57.271286 	7.615773 	77.414467 	117.686020 	110.000000 	45.398239 	16.763054 	49.497475 	21.470911 	121.210564 	77.252831 	80.777473 	26.000000 	60.539242 	999.000000 	19.416489 	98.412399 	80.056229 	54.451813 	49.091751 	132.136292 	50.009998 	96.176918 	33.526108 	58.420887 	97.082436 	88.955048 	34.205261 	101.552940 	150.013336 	113.251930 	147.322769 	144.045135 	45.891174 	86.683334 	28.284271 	114.529472 	71.700768 	122.967476 	54.230988 	42.720020 	55.326305 	132.018936 	111.400177 	31.048349 	33.105892 	113.718948 	74.060783 	
23.323807 	39.051247 	70.604530 	19.416489 	91.214035 	133.660019 	125.255737 	55.009090 	3.162278 	59.033890 	24.698177 	136.561340 	89.358826 	92.962357 	29.410883 	75.073296 	19.416489 	999.000000 	111.830231 	91.923882 	63.560993 	57.384666 	147.800537 	57.584721 	109.000000 	37.107952 	67.230942 	109.836243 	100.846420 	18.788294 	114.280357 	166.243790 	126.826653 	163.355438 	159.812393 	50.009998 	97.493591 	9.000000 	127.882759 	80.411446 	137.003647 	59.665737 	44.181442 	60.415230 	146.492325 	124.020157 	16.278820 	21.095022 	126.051575 	81.043198 	
123.004066 	72.945183 	41.340054 	93.813644 	21.023796 	31.064449 	20.024984 	58.000000 	110.941429 	54.451813 	88.090858 	29.410883 	23.430750 	20.000000 	84.291161 	38.078865 	98.412399 	111.830231 	999.000000 	21.633308 	51.088158 	57.384666 	40.853397 	58.258045 	5.000000 	78.492035 	48.600410 	5.099020 	14.560220 	130.357208 	5.830952 	60.539242 	15.000000 	56.859474 	52.325901 	69.202599 	21.377558 	117.290237 	16.124516 	39.395432 	25.455845 	60.745369 	77.006493 	61.057350 	35.468296 	14.035668 	109.622078 	105.380264 	17.000000 	44.922153 	
105.004761 	53.712196 	23.345236 	74.732857 	11.401754 	50.960770 	40.162170 	37.202152 	91.301697 	33.421551 	67.675697 	50.566788 	3.000000 	2.000000 	63.600315 	23.194826 	80.056229 	91.923882 	21.633308 	999.000000 	29.698484 	36.069378 	62.169125 	36.796738 	17.691807 	57.384666 	27.018513 	18.384777 	8.944272 	110.639053 	22.671568 	81.859634 	36.124783 	78.262383 	73.824112 	47.634022 	8.544003 	96.834908 	36.769554 	18.439089 	46.861500 	39.115215 	55.443665 	39.446167 	57.008770 	32.202484 	88.617157 	84.172440 	34.132095 	25.019993 	
79.246452 	28.017851 	17.117243 	48.052055 	33.105892 	78.262383 	68.095520 	9.055386 	63.324562 	5.000000 	38.910152 	79.075912 	27.658634 	31.144823 	34.481880 	24.083189 	54.451813 	63.560993 	51.088158 	29.698484 	999.000000 	6.403124 	90.735878 	7.211102 	47.381432 	27.802877 	4.000000 	48.083260 	38.288380 	82.346825 	52.345009 	110.276924 	65.795135 	106.850365 	102.625534 	18.357559 	34.132095 	67.742157 	66.468040 	17.262676 	76.485291 	12.000000 	26.076809 	13.038404 	86.556343 	61.717098 	59.033890 	54.488529 	63.411354 	20.396078 	
73.681747 	23.194826 	21.213203 	42.426407 	38.948685 	84.118965 	74.094536 	5.000000 	57.245087 	4.000000 	32.695564 	85.146935 	33.970577 	37.483330 	28.178005 	28.160255 	49.091751 	57.384666 	57.384666 	36.069378 	6.403124 	999.000000 	96.798759 	2.236068 	53.740116 	21.400934 	9.848858 	54.451813 	44.687805 	76.157730 	58.728188 	116.284134 	72.138756 	112.898186 	108.724419 	12.649111 	40.496914 	61.400326 	72.835434 	23.086792 	82.807007 	9.433981 	20.124611 	10.816654 	92.849342 	68.117546 	52.630791 	48.104053 	69.814041 	25.000000 	
155.425217 	108.903625 	78.102493 	128.817703 	58.008621 	14.764823 	22.803509 	96.607452 	146.454773 	93.477272 	125.399361 	11.661903 	63.529522 	60.373837 	122.147453 	72.862885 	132.136292 	147.800537 	40.853397 	62.169125 	90.735878 	96.798759 	999.000000 	97.943863 	45.541191 	117.200684 	88.684837 	45.221676 	55.362442 	165.680420 	42.201897 	19.697716 	29.154760 	16.124516 	12.041595 	109.077957 	61.983868 	154.207657 	30.016663 	80.230919 	20.223749 	101.118744 	116.811813 	101.533249 	13.601471 	37.013512 	147.756561 	144.013885 	38.052597 	85.702972 	
74.431175 	24.515301 	23.086792 	43.185646 	40.249222 	85.422478 	75.292763 	7.071068 	57.567352 	6.082763 	32.893768 	86.284416 	34.828148 	38.288380 	28.231188 	30.066593 	50.009998 	57.584721 	58.258045 	36.796738 	7.211102 	2.236068 	97.943863 	999.000000 	54.488529 	21.095022 	10.000000 	55.172459 	45.276924 	76.321686 	59.396969 	117.477661 	72.917763 	114.057007 	109.836243 	11.180340 	40.804413 	61.294373 	73.552704 	22.847319 	83.630135 	7.211102 	18.867962 	8.602325 	93.723000 	68.680420 	52.201534 	47.507893 	70.292244 	24.083189 	
120.933868 	70.327805 	38.910152 	91.301697 	19.416489 	36.055511 	25.019993 	54.671749 	108.226616 	50.990196 	85.000000 	34.205261 	19.849434 	16.278820 	81.055534 	36.400551 	96.176918 	109.000000 	5.000000 	17.691807 	47.381432 	53.740116 	45.541191 	54.488529 	999.000000 	75.006668 	44.687805 	1.000000 	9.848858 	127.624451 	5.385165 	65.192024 	18.439089 	61.465439 	56.859474 	65.299309 	16.492422 	114.201576 	19.104973 	34.885529 	29.206163 	56.612720 	73.109505 	56.859474 	39.408119 	15.231546 	106.216759 	101.833199 	17.720045 	40.162170 	
56.080299 	17.088007 	39.446167 	25.961510 	59.203041 	104.009613 	94.403389 	20.615528 	37.483330 	24.041630 	13.000000 	105.603027 	55.172459 	58.728188 	8.000000 	45.617977 	33.526108 	37.107952 	78.492035 	57.384666 	27.802877 	21.400934 	117.200684 	21.095022 	75.006668 	999.000000 	31.064449 	75.742989 	66.068146 	55.659679 	80.056229 	136.484436 	93.348808 	133.221619 	129.201401 	13.038404 	61.854668 	40.249222 	94.111633 	43.829212 	103.947105 	22.561028 	9.433981 	23.345236 	113.899078 	89.498604 	31.240999 	26.907248 	91.214035 	43.965897 	
83.186539 	32.015621 	18.027756 	51.971146 	31.622776 	76.557167 	66.189125 	13.038404 	67.067131 	9.000000 	42.544094 	77.025970 	25.238859 	28.600698 	38.013157 	24.738634 	58.420887 	67.230942 	48.600410 	27.018513 	4.000000 	9.848858 	88.684837 	10.000000 	44.687805 	31.064449 	999.000000 	45.343136 	35.355339 	86.005814 	49.517673 	108.300507 	63.126858 	104.809349 	100.498756 	20.615528 	30.805843 	71.196907 	63.702435 	13.341664 	73.878281 	12.649111 	28.425341 	13.341664 	84.023804 	58.728188 	62.201286 	57.489128 	60.307545 	16.492422 	
121.852371 	71.196907 	39.812057 	92.179176 	20.396078 	36.013885 	25.000000 	55.443665 	109.077957 	51.739735 	85.802101 	33.955853 	20.615528 	17.029387 	81.835197 	37.363083 	97.082436 	109.836243 	5.099020 	18.384777 	48.083260 	54.451813 	45.221676 	55.172459 	1.000000 	75.742989 	45.343136 	999.000000 	10.295630 	128.471786 	4.472136 	64.845970 	17.804493 	61.098282 	56.462376 	65.946945 	16.763054 	115.000000 	18.384777 	35.355339 	28.600698 	57.201397 	73.756355 	57.428215 	38.832977 	14.317822 	106.962608 	102.552429 	16.763054 	40.496914 	
113.885910 	62.649822 	32.015621 	83.671982 	15.811388 	45.398239 	34.365681 	46.043457 	100.239716 	42.201897 	76.550636 	43.965897 	11.704700 	8.246211 	72.422371 	31.016125 	88.955048 	100.846420 	14.560220 	8.944272 	38.288380 	44.687805 	55.362442 	45.276924 	9.848858 	66.068146 	35.355339 	10.295630 	999.000000 	119.570061 	14.212670 	75.026665 	28.017851 	71.309189 	66.708321 	55.901699 	7.000000 	105.683487 	28.425341 	25.059929 	38.832977 	47.010635 	63.702435 	47.201694 	49.091751 	23.430750 	97.308784 	92.763138 	25.238859 	30.364452 	
20.223749 	57.428215 	89.050545 	36.878178 	109.622078 	151.380310 	143.282944 	73.790245 	19.416489 	77.820305 	43.462627 	154.563904 	108.046288 	111.646767 	48.104053 	93.236259 	34.205261 	18.788294 	130.357208 	110.639053 	82.346825 	76.157730 	165.680420 	76.321686 	127.624451 	55.659679 	86.005814 	128.471786 	119.570061 	999.000000 	132.924789 	183.853195 	145.340973 	181.069046 	177.654160 	68.410522 	116.275536 	17.029387 	146.441116 	99.161484 	155.425217 	78.160095 	62.169125 	78.847954 	164.805954 	142.688477 	29.154760 	35.128338 	144.754959 	99.624290 	
126.317062 	75.663727 	44.283180 	96.648849 	24.738634 	34.132095 	23.345236 	59.816387 	113.534134 	56.080299 	90.210861 	31.257000 	25.000000 	21.400934 	86.214851 	41.761227 	101.552940 	114.280357 	5.830952 	22.671568 	52.345009 	58.728188 	42.201897 	59.396969 	5.385165 	80.056229 	49.517673 	4.472136 	14.212670 	132.924789 	999.000000 	61.684681 	13.892444 	57.870544 	53.141319 	70.092796 	20.124611 	119.402679 	14.212670 	39.115215 	24.698177 	61.220913 	77.897369 	61.400326 	34.985710 	9.848858 	111.287918 	106.831642 	12.369317 	43.863426 	
172.733902 	127.561752 	97.200821 	147.085007 	77.388626 	32.649654 	42.190044 	115.935326 	164.769531 	112.898186 	144.308701 	31.304953 	83.186539 	80.056229 	141.209061 	91.678787 	150.013336 	166.243790 	60.539242 	81.859634 	110.276924 	116.284134 	19.697716 	117.477661 	65.192024 	136.484436 	108.300507 	64.845970 	75.026665 	183.853195 	61.684681 	999.000000 	48.270073 	4.000000 	9.000000 	128.631256 	81.596565 	172.904602 	48.836460 	99.924973 	38.327538 	120.768372 	136.341476 	121.198181 	29.000000 	55.731499 	166.817261 	163.217651 	56.320511 	105.342300 	
137.742508 	87.920418 	56.302753 	108.756607 	35.846897 	24.166092 	15.556349 	72.917763 	125.924583 	69.310890 	103.077644 	19.235384 	38.183765 	34.655445 	99.247169 	52.773098 	113.251930 	126.826653 	15.000000 	36.124783 	65.795135 	72.138756 	29.154760 	72.917763 	18.439089 	93.348808 	63.126858 	17.804493 	28.017851 	145.340973 	13.892444 	48.270073 	999.000000 	44.384682 	39.560081 	83.737686 	34.000000 	132.279999 	2.236068 	53.000000 	10.816654 	75.000000 	91.547798 	75.213028 	21.095022 	8.246211 	124.523087 	120.208153 	10.295630 	57.697487 	
170.238068 	124.579292 	94.021271 	144.256714 	74.060783 	29.698484 	38.832977 	112.645462 	161.929001 	109.553642 	141.226761 	27.784887 	79.649231 	76.478752 	138.057953 	88.617157 	147.322769 	163.355438 	56.859474 	78.262383 	106.850365 	112.898186 	16.124516 	114.057007 	61.465439 	133.221619 	104.809349 	61.098282 	71.309189 	181.069046 	57.870544 	4.000000 	44.384682 	999.000000 	5.000000 	125.195847 	77.833153 	169.917633 	44.911022 	96.254868 	34.365681 	117.239075 	132.924789 	117.647781 	25.000000 	51.788029 	163.670395 	160.000000 	52.345009 	101.592323 	
167.200485 	120.933868 	90.138779 	140.801285 	70.000000 	26.400757 	34.828148 	108.600182 	158.448730 	105.437187 	137.440903 	23.600847 	75.292763 	72.069412 	134.182709 	84.899940 	144.045135 	159.812393 	52.325901 	73.824112 	102.625534 	108.724419 	12.041595 	109.836243 	56.859474 	129.201401 	100.498756 	56.462376 	66.708321 	177.654160 	53.141319 	9.000000 	39.560081 	5.000000 	999.000000 	120.950401 	73.164200 	166.243790 	40.024994 	91.706055 	29.427877 	112.871605 	128.701202 	113.251930 	20.000000 	46.872166 	159.790482 	156.028839 	47.381432 	96.932968 	
69.028976 	24.207438 	33.734257 	38.470768 	51.429562 	96.602280 	86.452301 	15.000000 	50.487621 	16.492422 	26.019224 	97.416634 	45.803928 	49.203659 	21.023796 	40.607880 	45.891174 	50.009998 	69.202599 	47.634022 	18.357559 	12.649111 	109.077957 	11.180340 	65.299309 	13.038404 	20.615528 	65.946945 	55.901699 	68.410522 	70.092796 	128.631256 	83.737686 	125.195847 	120.950401 	999.000000 	50.990196 	52.554733 	84.291161 	32.202484 	94.493385 	9.848858 	7.810250 	10.440307 	104.637466 	79.195961 	42.544094 	37.443291 	80.659782 	31.384710 	
111.682587 	60.083275 	31.016125 	80.993828 	19.209373 	52.345009 	41.303753 	42.485291 	97.082436 	38.470768 	72.945183 	50.695168 	11.401754 	9.433981 	68.600288 	31.575306 	86.683334 	97.493591 	21.377558 	8.544003 	34.132095 	40.496914 	61.983868 	40.804413 	16.492422 	61.854668 	30.805843 	16.763054 	7.000000 	116.275536 	20.124611 	81.596565 	34.000000 	77.833153 	73.164200 	50.990196 	999.000000 	101.872467 	34.132095 	19.209373 	44.777225 	41.725292 	58.728188 	41.773197 	55.072678 	28.425341 	93.005379 	88.238312 	29.698484 	23.769728 	
29.000000 	45.343136 	76.419891 	27.313000 	97.000000 	140.264038 	131.529465 	59.640591 	12.041595 	63.513779 	29.206163 	142.842575 	94.403389 	98.005104 	33.286633 	81.344948 	28.284271 	9.000000 	117.290237 	96.834908 	67.742157 	61.400326 	154.207657 	61.294373 	114.201576 	40.249222 	71.196907 	115.000000 	105.683487 	17.029387 	119.402679 	172.904602 	132.279999 	169.917633 	166.243790 	52.554733 	101.872467 	999.000000 	133.225372 	84.077347 	142.635895 	62.393909 	45.880280 	62.968246 	152.305618 	129.034882 	12.165525 	18.110771 	130.919830 	83.934502 	
139.089905 	89.044930 	57.454330 	109.931801 	37.121422 	25.942244 	17.691807 	73.756355 	127.027557 	70.092796 	104.019226 	20.615528 	38.948685 	35.383614 	100.124924 	54.129475 	114.529472 	127.882759 	16.124516 	36.769554 	66.468040 	72.835434 	30.016663 	73.552704 	19.104973 	94.111633 	63.702435 	18.384777 	28.425341 	146.441116 	14.212670 	48.836460 	2.236068 	44.911022 	40.024994 	84.291161 	34.132095 	133.225372 	999.000000 	53.254108 	10.770329 	75.432091 	92.097771 	75.604233 	21.023796 	7.000000 	125.319588 	120.933868 	8.544003 	57.706154 	
96.509064 	45.177429 	23.600847 	65.306969 	27.166155 	69.375786 	58.523499 	26.305893 	80.324341 	22.203604 	55.713554 	68.709534 	18.027756 	20.396078 	51.078373 	28.319605 	71.700768 	80.411446 	39.395432 	18.439089 	17.262676 	23.086792 	80.230919 	22.847319 	34.885529 	43.829212 	13.341664 	35.355339 	25.059929 	99.161484 	39.115215 	99.924973 	53.000000 	96.254868 	91.706055 	32.202484 	19.209373 	84.077347 	53.254108 	999.000000 	63.812225 	22.671568 	39.824615 	22.627417 	74.094536 	47.634022 	74.625732 	69.634758 	48.836460 	7.615773 	
147.248093 	98.005104 	66.400299 	118.713943 	45.803928 	20.615528 	17.117243 	83.450584 	136.014709 	79.906197 	113.454834 	13.453624 	48.836460 	45.343136 	109.713264 	62.433964 	122.967476 	137.003647 	25.455845 	46.861500 	76.485291 	82.807007 	20.223749 	83.630135 	29.206163 	103.947105 	73.878281 	28.600698 	38.832977 	155.425217 	24.698177 	38.327538 	10.816654 	34.365681 	29.427877 	94.493385 	44.777225 	142.635895 	10.770329 	63.812225 	999.000000 	85.802101 	102.303467 	86.023254 	10.295630 	17.464249 	135.074051 	130.831955 	18.027756 	68.425140 	
78.025635 	30.083218 	29.068884 	47.042534 	44.271889 	89.157166 	78.721024 	14.212670 	60.016663 	13.000000 	35.355339 	89.470665 	37.589893 	40.816662 	30.413813 	36.055511 	54.230988 	59.665737 	60.745369 	39.115215 	12.000000 	9.433981 	101.118744 	7.211102 	56.612720 	22.561028 	12.649111 	57.201397 	47.010635 	78.160095 	61.220913 	120.768372 	75.000000 	117.239075 	112.871605 	9.848858 	41.725292 	62.393909 	75.432091 	22.671568 	85.802101 	999.000000 	17.204651 	1.414214 	96.020828 	70.092796 	52.354561 	47.169907 	71.421288 	21.540659 	
64.498062 	25.238859 	40.804413 	35.114101 	59.059292 	104.235313 	94.154129 	21.587032 	45.011108 	23.769728 	21.587032 	105.152267 	53.600372 	57.008770 	16.763054 	47.539455 	42.720020 	44.181442 	77.006493 	55.443665 	26.076809 	20.124611 	116.811813 	18.867962 	73.109505 	9.433981 	28.425341 	73.756355 	63.702435 	62.169125 	77.897369 	136.341476 	91.547798 	132.924789 	128.701202 	7.810250 	58.728188 	45.880280 	92.097771 	39.824615 	102.303467 	17.204651 	999.000000 	17.492855 	112.445541 	86.977005 	35.341194 	30.016663 	88.413803 	38.470768 	
79.006332 	31.384710 	30.149628 	48.093658 	44.922153 	89.693924 	79.202271 	15.620500 	60.827625 	14.317822 	36.221542 	89.894379 	38.013157 	41.182522 	31.257000 	37.121422 	55.326305 	60.415230 	61.057350 	39.446167 	13.038404 	10.816654 	101.533249 	8.602325 	56.859474 	23.345236 	13.341664 	57.428215 	47.201694 	78.847954 	61.400326 	121.198181 	75.213028 	117.647781 	113.251930 	10.440307 	41.773197 	62.968246 	75.604233 	22.627417 	86.023254 	1.414214 	17.492855 	999.000000 	96.260063 	70.178345 	52.773098 	47.507893 	71.449280 	21.023796 	
156.064087 	107.447662 	75.927597 	128.003906 	55.317268 	21.377558 	23.086792 	93.348808 	145.416641 	89.872131 	123.166557 	14.035668 	58.898216 	55.443665 	119.519875 	71.610054 	132.018936 	146.492325 	35.468296 	57.008770 	86.556343 	92.849342 	13.601471 	93.723000 	39.408119 	113.899078 	84.023804 	38.832977 	49.091751 	164.805954 	34.985710 	29.000000 	21.095022 	25.000000 	20.000000 	104.637466 	55.072678 	152.305618 	21.023796 	74.094536 	10.295630 	96.020828 	112.445541 	96.260063 	999.000000 	27.513634 	144.958618 	140.801285 	27.658634 	78.714676 	
136.165344 	85.475143 	54.129475 	106.470650 	34.481880 	32.310989 	23.021729 	69.404610 	123.308556 	65.604881 	99.864906 	27.459061 	34.669872 	31.064449 	95.801880 	51.546097 	111.400177 	124.020157 	14.035668 	32.202484 	61.717098 	68.117546 	37.013512 	68.680420 	15.231546 	89.498604 	58.728188 	14.317822 	23.430750 	142.688477 	9.848858 	55.731499 	8.246211 	51.788029 	46.872166 	79.195961 	28.425341 	129.034882 	7.000000 	47.634022 	17.464249 	70.092796 	86.977005 	70.178345 	27.513634 	999.000000 	120.739388 	116.180893 	3.162278 	51.623638 	
39.408119 	40.249222 	69.656296 	27.018513 	89.938866 	134.201340 	124.963997 	51.623638 	19.104973 	55.226807 	22.825424 	136.235092 	86.371292 	89.938866 	25.612497 	75.213028 	31.048349 	16.278820 	109.622078 	88.617157 	59.033890 	52.630791 	147.756561 	52.201534 	106.216759 	31.240999 	62.201286 	106.962608 	97.308784 	29.154760 	111.287918 	166.817261 	124.523087 	163.670395 	159.790482 	42.544094 	93.005379 	12.165525 	125.319588 	74.625732 	135.074051 	52.354561 	35.341194 	52.773098 	144.958618 	120.739388 	999.000000 	6.000000 	122.441826 	73.790245 	
44.418465 	37.947330 	66.030296 	27.892651 	86.052307 	130.667511 	121.210564 	47.507893 	23.600847 	50.931328 	20.615528 	132.438660 	82.024384 	85.562843 	22.360680 	71.867935 	33.105892 	21.095022 	105.380264 	84.172440 	54.488529 	48.104053 	144.013885 	47.507893 	101.833199 	26.907248 	57.489128 	102.552429 	92.763138 	35.128338 	106.831642 	163.217651 	120.208153 	160.000000 	156.028839 	37.443291 	88.238312 	18.110771 	120.933868 	69.634758 	130.831955 	47.169907 	30.016663 	47.507893 	140.801285 	116.180893 	6.000000 	999.000000 	117.796432 	68.476273 	
138.538803 	87.658424 	56.462376 	108.673820 	37.107952 	34.438351 	25.612497 	71.281136 	125.399361 	67.424034 	101.788994 	29.120440 	36.715118 	33.120991 	97.652443 	54.120235 	113.718948 	126.051575 	17.000000 	34.132095 	63.411354 	69.814041 	38.052597 	70.292244 	17.720045 	91.214035 	60.307545 	16.763054 	25.238859 	144.754959 	12.369317 	56.320511 	10.295630 	52.345009 	47.381432 	80.659782 	29.698484 	130.919830 	8.544003 	48.836460 	18.027756 	71.421288 	88.413803 	71.449280 	27.658634 	3.162278 	122.441826 	117.796432 	999.000000 	52.430908 	
98.508881 	48.093658 	30.413813 	67.268120 	34.525352 	75.504967 	64.536812 	29.154760 	81.252693 	25.317978 	56.515484 	74.330345 	25.079872 	27.018513 	51.662365 	35.608986 	74.060783 	81.043198 	44.922153 	25.019993 	20.396078 	25.000000 	85.702972 	24.083189 	40.162170 	43.965897 	16.492422 	40.496914 	30.364452 	99.624290 	43.863426 	105.342300 	57.697487 	101.592323 	96.932968 	31.384710 	23.769728 	83.934502 	57.706154 	7.615773 	68.425140 	21.540659 	38.470768 	21.023796 	78.714676 	51.623638 	73.790245 	68.476273 	52.430908 	999.000000 	

Travel time:
9.000000 	1.291559 	2.051981 	0.781425 	2.549510 	3.520032 	3.342248 	1.755349 	0.525595 	1.858259 	1.077613 	3.619479 	2.554530 	2.642205 	1.202341 	2.124264 	0.625000 	0.583095 	3.075102 	2.625119 	1.981161 	1.842044 	3.885630 	1.860779 	3.023347 	1.402007 	2.079664 	3.046309 	2.847148 	0.505594 	3.157927 	4.318347 	3.443563 	4.255952 	4.180012 	1.725724 	2.792065 	0.725000 	3.477248 	2.412727 	3.681202 	1.950641 	1.612452 	1.975158 	3.901602 	3.404134 	0.985203 	1.110462 	3.463470 	2.462722 	
1.291559 	9.000000 	0.790569 	0.525595 	1.305038 	2.373025 	2.156965 	0.475000 	0.950329 	0.575543 	0.436606 	2.439775 	1.274755 	1.364047 	0.403113 	0.901734 	0.667083 	0.976281 	1.823630 	1.342805 	0.700446 	0.579871 	2.722591 	0.612882 	1.758195 	0.427200 	0.800391 	1.779923 	1.566246 	1.435705 	1.891593 	3.189044 	2.198010 	3.114482 	3.023347 	0.605186 	1.502082 	1.133578 	2.226123 	1.129436 	2.450128 	0.752080 	0.630971 	0.784618 	2.686192 	2.136878 	1.006231 	0.948683 	2.191461 	1.202341 	
2.051981 	0.790569 	9.000000 	1.311964 	0.515388 	1.615936 	1.382932 	0.482830 	1.740869 	0.431567 	1.184536 	1.665083 	0.509902 	0.594243 	1.101136 	0.175000 	1.431782 	1.765113 	1.033501 	0.583631 	0.427931 	0.530330 	1.952562 	0.577170 	0.972754 	0.986154 	0.450694 	0.995301 	0.800391 	2.226264 	1.107080 	2.430021 	1.407569 	2.350532 	2.253469 	0.843356 	0.775403 	1.910497 	1.436358 	0.590021 	1.660007 	0.726722 	1.020110 	0.753741 	1.898190 	1.353237 	1.741407 	1.650757 	1.411559 	0.760345 	
0.781425 	0.525595 	1.311964 	9.000000 	1.823630 	2.864001 	2.660122 	0.976281 	0.442295 	1.079352 	0.347311 	2.942151 	1.800347 	1.889610 	0.459619 	1.410009 	0.190394 	0.485412 	2.345341 	1.868321 	1.201301 	1.060660 	3.220443 	1.079641 	2.282542 	0.649038 	1.299279 	2.304479 	2.091799 	0.921954 	2.416221 	3.677125 	2.718915 	3.606418 	3.520032 	0.961769 	2.024846 	0.682825 	2.748295 	1.632674 	2.967849 	1.176063 	0.877853 	1.202341 	3.200098 	2.661766 	0.675463 	0.697316 	2.716846 	1.681703 	
2.549510 	1.305038 	0.515388 	1.823630 	9.000000 	1.129436 	0.880696 	0.965013 	2.255271 	0.887764 	1.697425 	1.160011 	0.246221 	0.247487 	1.609542 	0.427200 	1.935362 	2.280351 	0.525595 	0.285044 	0.827647 	0.973717 	1.450216 	1.006231 	0.485412 	1.480076 	0.790569 	0.509902 	0.395285 	2.740552 	0.618466 	1.934716 	0.896172 	1.851520 	1.750000 	1.285739 	0.480234 	2.425000 	0.928036 	0.679154 	1.145098 	1.106797 	1.476482 	1.123054 	1.382932 	0.862047 	2.248472 	2.151308 	0.927699 	0.863134 	
3.520032 	2.373025 	1.615936 	2.864001 	1.129436 	9.000000 	0.276134 	2.088211 	3.305772 	2.015564 	2.791617 	0.190394 	1.296630 	1.226020 	2.715004 	1.475847 	2.942151 	3.341501 	0.776611 	1.274019 	1.956560 	2.102974 	0.369121 	2.135562 	0.901388 	2.600240 	1.913929 	0.900347 	1.134956 	3.784508 	0.853302 	0.816241 	0.604152 	0.742462 	0.660019 	2.415057 	1.308625 	3.506601 	0.648556 	1.734395 	0.515388 	2.228929 	2.605883 	2.242348 	0.534439 	0.807775 	3.355033 	3.266688 	0.860959 	1.887624 	
3.342248 	2.156965 	1.382932 	2.660122 	0.880696 	0.276134 	9.000000 	1.845434 	3.099698 	1.768120 	2.566247 	0.282843 	1.030776 	0.956883 	2.483948 	1.255239 	2.750000 	3.131393 	0.500625 	1.004054 	1.702388 	1.852363 	0.570088 	1.882319 	0.625500 	2.360085 	1.654728 	0.625000 	0.859142 	3.582074 	0.583631 	1.054751 	0.388909 	0.970824 	0.870704 	2.161308 	1.032594 	3.288237 	0.442295 	1.463087 	0.427931 	1.968026 	2.353853 	1.980057 	0.577170 	0.575543 	3.124100 	3.030264 	0.640312 	1.613420 	
1.755349 	0.475000 	0.482830 	0.976281 	0.965013 	2.088211 	1.845434 	9.000000 	1.365650 	0.103078 	0.763217 	2.125000 	0.870704 	0.960469 	0.660019 	0.649038 	1.134956 	1.375227 	1.450000 	0.930054 	0.226385 	0.125000 	2.415186 	0.176777 	1.366794 	0.515388 	0.325960 	1.386092 	1.151086 	1.844756 	1.495410 	2.898383 	1.822944 	2.816137 	2.715004 	0.375000 	1.062132 	1.491015 	1.843909 	0.657647 	2.086265 	0.355317 	0.539676 	0.390512 	2.333720 	1.735115 	1.290591 	1.187697 	1.782028 	0.728869 	
0.525595 	0.950329 	1.740869 	0.442295 	2.255271 	3.305772 	3.099698 	1.365650 	9.000000 	1.467353 	0.618466 	3.382030 	2.217121 	2.307054 	0.740355 	1.846957 	0.419076 	0.079057 	2.773536 	2.282542 	1.583114 	1.431127 	3.661369 	1.439184 	2.705665 	0.937083 	1.676678 	2.726949 	2.505993 	0.485412 	2.838353 	4.119238 	3.148115 	4.048225 	3.961218 	1.262191 	2.427061 	0.301040 	3.175689 	2.008109 	3.400368 	1.500417 	1.125278 	1.520691 	3.635416 	3.082714 	0.477624 	0.590021 	3.134984 	2.031317 	
1.858259 	0.575543 	0.431567 	1.079352 	0.887764 	2.015564 	1.768120 	0.103078 	1.467353 	9.000000 	0.862047 	2.046033 	0.778621 	0.867828 	0.755811 	0.604669 	1.237437 	1.475847 	1.361295 	0.835539 	0.125000 	0.100000 	2.336932 	0.152069 	1.274755 	0.601041 	0.225000 	1.293493 	1.055047 	1.945508 	1.402007 	2.822455 	1.732772 	2.738841 	2.635930 	0.412311 	0.961769 	1.587844 	1.752320 	0.555090 	1.997655 	0.325000 	0.594243 	0.357946 	2.246803 	1.640122 	1.380670 	1.273283 	1.685601 	0.632949 	
1.077613 	0.436606 	1.184536 	0.347311 	1.697425 	2.791617 	2.566247 	0.763217 	0.618466 	0.862047 	9.000000 	2.848794 	1.630376 	1.720465 	0.125000 	1.315770 	0.536773 	0.617454 	2.202271 	1.691892 	0.972754 	0.817389 	3.134984 	0.822344 	2.125000 	0.325000 	1.063602 	2.145052 	1.913766 	1.086566 	2.255271 	3.607718 	2.576941 	3.530669 	3.436023 	0.650481 	1.823630 	0.730154 	2.600481 	1.392839 	2.836371 	0.883883 	0.539676 	0.905539 	3.079164 	2.496623 	0.570636 	0.515388 	2.544725 	1.412887 	
3.619479 	2.439775 	1.665083 	2.942151 	1.160011 	0.190394 	0.282843 	2.125000 	3.382030 	2.046033 	2.848794 	9.000000 	1.297112 	1.218862 	2.765863 	1.538059 	3.030264 	3.414033 	0.735272 	1.264170 	1.976898 	2.128673 	0.291548 	2.157110 	0.855132 	2.640076 	1.925649 	0.848896 	1.099147 	3.864098 	0.781425 	0.782624 	0.480885 	0.694622 	0.590021 	2.435416 	1.267379 	3.571064 	0.515388 	1.717738 	0.336341 	2.236767 	2.628807 	2.247360 	0.350892 	0.686477 	3.405877 	3.310966 	0.728011 	1.858259 	
2.554530 	1.274755 	0.509902 	1.800347 	0.246221 	1.296630 	1.030776 	0.870704 	2.217121 	0.778621 	1.630376 	1.297112 	9.000000 	0.090139 	1.530523 	0.505594 	1.931321 	2.233971 	0.585769 	0.075000 	0.691466 	0.849264 	1.588238 	0.870704 	0.496236 	1.379311 	0.630971 	0.515388 	0.292617 	2.701157 	0.625000 	2.079664 	0.954594 	1.991231 	1.882319 	1.145098 	0.285044 	2.360085 	0.973717 	0.450694 	1.220912 	0.939747 	1.340009 	0.950329 	1.472455 	0.866747 	2.159282 	2.050610 	0.917878 	0.626997 	
2.642205 	1.364047 	0.594243 	1.889610 	0.247487 	1.226020 	0.956883 	0.960469 	2.307054 	0.867828 	1.720465 	1.218862 	0.090139 	9.000000 	1.620378 	0.575543 	2.019437 	2.324059 	0.500000 	0.050000 	0.778621 	0.937083 	1.509346 	0.957209 	0.406971 	1.468205 	0.715017 	0.425735 	0.206155 	2.791169 	0.535023 	2.001406 	0.866386 	1.911969 	1.801735 	1.230091 	0.235850 	2.450128 	0.884590 	0.509902 	1.133578 	1.020416 	1.425219 	1.029563 	1.386092 	0.776611 	2.248472 	2.139071 	0.828025 	0.675463 	
1.202341 	0.403113 	1.101136 	0.459619 	1.609542 	2.715004 	2.483948 	0.660019 	0.740355 	0.755811 	0.125000 	2.765863 	1.530523 	1.620378 	9.000000 	1.241219 	0.650000 	0.735272 	2.107279 	1.590008 	0.862047 	0.704450 	3.053686 	0.705780 	2.026388 	0.200000 	0.950329 	2.045880 	1.810559 	1.202601 	2.155371 	3.530226 	2.481179 	3.451449 	3.354568 	0.525595 	1.715007 	0.832166 	2.503123 	1.276959 	2.742832 	0.760345 	0.419076 	0.781425 	2.987997 	2.395047 	0.640312 	0.559017 	2.441311 	1.291559 	
2.124264 	0.901734 	0.175000 	1.410009 	0.427200 	1.475847 	1.255239 	0.649038 	1.846957 	0.604669 	1.315770 	1.538059 	0.505594 	0.575543 	1.241219 	9.000000 	1.513481 	1.876832 	0.951972 	0.579871 	0.602080 	0.704006 	1.821572 	0.751665 	0.910014 	1.140449 	0.618466 	0.934077 	0.775403 	2.330906 	1.044031 	2.291970 	1.319327 	2.215429 	2.122499 	1.015197 	0.789383 	2.033624 	1.353237 	0.707990 	1.560849 	0.901388 	1.188486 	0.928036 	1.790251 	1.288652 	1.880326 	1.796698 	1.353006 	0.890225 	
0.625000 	0.667083 	1.431782 	0.190394 	1.935362 	2.942151 	2.750000 	1.134956 	0.419076 	1.237437 	0.536773 	3.030264 	1.931321 	2.019437 	0.650000 	1.513481 	9.000000 	0.485412 	2.460310 	2.001406 	1.361295 	1.227294 	3.303407 	1.250250 	2.404423 	0.838153 	1.460522 	2.427061 	2.223876 	0.855132 	2.538824 	3.750333 	2.831298 	3.683069 	3.601128 	1.147279 	2.167083 	0.707107 	2.863237 	1.792519 	3.074187 	1.355775 	1.068001 	1.383158 	3.300473 	2.785004 	0.776209 	0.827647 	2.842974 	1.851520 	
0.583095 	0.976281 	1.765113 	0.485412 	2.280351 	3.341501 	3.131393 	1.375227 	0.079057 	1.475847 	0.617454 	3.414033 	2.233971 	2.324059 	0.735272 	1.876832 	0.485412 	9.000000 	2.795756 	2.298097 	1.589025 	1.434617 	3.695014 	1.439618 	2.725000 	0.927699 	1.680773 	2.745906 	2.521161 	0.469707 	2.857009 	4.156095 	3.170666 	4.083886 	3.995310 	1.250250 	2.437340 	0.225000 	3.197069 	2.010286 	3.425091 	1.491643 	1.104536 	1.510381 	3.662308 	3.100504 	0.406971 	0.527376 	3.151289 	2.026080 	
3.075102 	1.823630 	1.033501 	2.345341 	0.525595 	0.776611 	0.500625 	1.450000 	2.773536 	1.361295 	2.202271 	0.735272 	0.585769 	0.500000 	2.107279 	0.951972 	2.460310 	2.795756 	9.000000 	0.540833 	1.277204 	1.434617 	1.021335 	1.456451 	0.125000 	1.962301 	1.215010 	0.127475 	0.364006 	3.258930 	0.145774 	1.513481 	0.375000 	1.421487 	1.308148 	1.730065 	0.534439 	2.932256 	0.403113 	0.984886 	0.636396 	1.518634 	1.925162 	1.526434 	0.886707 	0.350892 	2.740552 	2.634507 	0.425000 	1.123054 	
2.625119 	1.342805 	0.583631 	1.868321 	0.285044 	1.274019 	1.004054 	0.930054 	2.282542 	0.835539 	1.691892 	1.264170 	0.075000 	0.050000 	1.590008 	0.579871 	2.001406 	2.298097 	0.540833 	9.000000 	0.742462 	0.901734 	1.554228 	0.919918 	0.442295 	1.434617 	0.675463 	0.459619 	0.223607 	2.765976 	0.566789 	2.046491 	0.903120 	1.956560 	1.845603 	1.190850 	0.213600 	2.420873 	0.919239 	0.460977 	1.171538 	0.977880 	1.386092 	0.986154 	1.425219 	0.805062 	2.215429 	2.104311 	0.853302 	0.625500 	
1.981161 	0.700446 	0.427931 	1.201301 	0.827647 	1.956560 	1.702388 	0.226385 	1.583114 	0.125000 	0.972754 	1.976898 	0.691466 	0.778621 	0.862047 	0.602080 	1.361295 	1.589025 	1.277204 	0.742462 	9.000000 	0.160078 	2.268397 	0.180278 	1.184536 	0.695072 	0.100000 	1.202081 	0.957209 	2.058671 	1.308625 	2.756923 	1.644878 	2.671259 	2.565638 	0.458939 	0.853302 	1.693554 	1.661701 	0.431567 	1.912132 	0.300000 	0.651920 	0.325960 	2.163908 	1.542928 	1.475847 	1.362213 	1.585284 	0.509902 	
1.842044 	0.579871 	0.530330 	1.060660 	0.973717 	2.102974 	1.852363 	0.125000 	1.431127 	0.100000 	0.817389 	2.128673 	0.849264 	0.937083 	0.704450 	0.704006 	1.227294 	1.434617 	1.434617 	0.901734 	0.160078 	9.000000 	2.419969 	0.055902 	1.343503 	0.535023 	0.246221 	1.361295 	1.117195 	1.903943 	1.468205 	2.907103 	1.803469 	2.822455 	2.718111 	0.316228 	1.012423 	1.535008 	1.820886 	0.577170 	2.070175 	0.235850 	0.503115 	0.270416 	2.321234 	1.702939 	1.315770 	1.202601 	1.745351 	0.625000 	
3.885630 	2.722591 	1.952562 	3.220443 	1.450216 	0.369121 	0.570088 	2.415186 	3.661369 	2.336932 	3.134984 	0.291548 	1.588238 	1.509346 	3.053686 	1.821572 	3.303407 	3.695014 	1.021335 	1.554228 	2.268397 	2.419969 	9.000000 	2.448596 	1.138530 	2.930017 	2.217121 	1.130542 	1.384061 	4.142011 	1.055047 	0.492443 	0.728869 	0.403113 	0.301040 	2.726949 	1.549597 	3.855191 	0.750417 	2.005773 	0.505594 	2.527969 	2.920295 	2.538331 	0.340037 	0.925338 	3.693914 	3.600347 	0.951315 	2.142574 	
