Total assets = 528
Number of asset nodes = 33

Distance:
999.000000 	31.384710 	45.177429 	13.601471 	35.227829 	90.210861 	35.510563 	67.896980 	23.600847 	9.848858 	68.476273 	9.899495 	64.381676 	74.706093 	17.088007 	52.697250 	18.973665 	91.214035 	21.023796 	33.105892 	11.401754 	38.948685 	58.008621 	40.249222 	19.416489 	59.203041 	31.622776 	20.396078 	15.811388 	109.622078 	24.738634 	77.388626 	35.846897 	74.060783 	70.000000 	51.429562 	19.209373 	97.000000 	37.121422 	27.166155 	45.803928 	44.271889 	59.059292 	44.922153 	55.317268 	34.481880 	89.938866 	86.052307 	37.107952 	34.525352 	
31.384710 	999.000000 	13.928389 	44.944408 	4.472136 	119.670380 	66.887962 	98.493652 	13.341664 	37.947330 	37.121422 	35.171009 	95.268044 	102.800781 	45.967381 	82.073135 	13.453624 	120.966934 	18.248287 	64.412735 	37.107952 	70.327805 	26.907248 	71.589104 	23.194826 	90.443352 	62.649822 	23.345236 	32.015621 	138.946030 	22.472204 	46.043457 	17.492855 	42.801868 	38.948685 	82.764725 	39.012817 	127.310646 	19.723083 	55.542778 	21.000000 	75.239616 	90.426765 	75.769386 	27.513634 	24.041630 	120.880104 	117.200684 	26.907248 	61.814240 	
45.177429 	13.928389 	999.000000 	58.668560 	11.045361 	132.230865 	80.622574 	111.664673 	26.076809 	51.865211 	23.323807 	49.040798 	108.600182 	114.865135 	59.033890 	94.794518 	26.627054 	133.660019 	31.064449 	78.262383 	50.960770 	84.118965 	14.764823 	85.422478 	36.055511 	104.009613 	76.557167 	36.013885 	45.398239 	151.380310 	34.132095 	32.649654 	24.166092 	29.698484 	26.400757 	96.602280 	52.345009 	140.264038 	25.942244 	69.375786 	20.615528 	89.157166 	104.235313 	89.693924 	21.377558 	32.310989 	134.201340 	130.667511 	34.438351 	75.504967 	
13.601471 	44.944408 	58.668560 	999.000000 	48.826221 	77.388626 	21.954498 	54.561890 	36.796738 	12.165525 	81.987801 	15.524175 	50.911690 	62.769421 	9.433981 	40.249222 	32.202484 	78.236816 	33.600594 	19.924858 	15.132746 	25.495098 	71.610054 	26.925823 	30.886890 	45.607018 	19.104973 	31.764761 	23.769728 	96.798759 	36.235340 	90.972527 	48.600410 	87.658424 	83.600243 	38.078865 	23.021729 	83.737686 	49.648766 	19.416489 	58.898216 	31.575306 	45.617977 	32.388271 	68.622154 	46.065170 	76.419891 	72.470680 	48.332184 	26.925823 	
35.227829 	4.472136 	11.045361 	48.826221 	999.000000 	123.987900 	70.724815 	102.649887 	15.033297 	41.231056 	33.615471 	38.275318 	99.357941 	107.200745 	50.209560 	86.371292 	17.804493 	125.255737 	20.024984 	68.095520 	40.162170 	74.094536 	22.803509 	75.292763 	25.019993 	94.403389 	66.189125 	25.000000 	34.365681 	143.282944 	23.345236 	42.190044 	15.556349 	38.832977 	34.828148 	86.452301 	41.303753 	131.529465 	17.691807 	58.523499 	17.117243 	78.721024 	94.154129 	79.202271 	23.086792 	23.021729 	124.963997 	121.210564 	25.612497 	64.536812 	
90.210861 	119.670380 	132.230865 	77.388626 	123.987900 	999.000000 	58.694122 	24.738634 	113.811249 	88.684837 	154.935471 	92.282173 	29.614185 	19.313208 	73.878281 	37.643059 	106.216759 	3.162278 	110.941429 	63.324562 	91.301697 	57.245087 	146.454773 	57.567352 	108.226616 	37.483330 	67.067131 	109.077957 	100.239716 	19.416489 	113.534134 	164.769531 	125.924583 	161.929001 	158.448730 	50.487621 	97.082436 	12.041595 	127.027557 	80.324341 	136.014709 	60.016663 	45.011108 	60.827625 	145.416641 	123.308556 	19.104973 	23.600847 	125.399361 	81.252693 	
35.510563 	66.887962 	80.622574 	21.954498 	70.724815 	58.694122 	999.000000 	34.481880 	58.137768 	31.144823 	103.942291 	34.713108 	30.232433 	47.265209 	24.186773 	25.019993 	54.120235 	59.033890 	54.451813 	5.000000 	33.421551 	4.000000 	93.477272 	6.082763 	50.990196 	24.041630 	9.000000 	51.739735 	42.201897 	77.820305 	56.080299 	112.898186 	69.310890 	109.553642 	105.437187 	16.492422 	38.470768 	63.513779 	70.092796 	22.203604 	79.906197 	13.000000 	23.769728 	14.317822 	89.872131 	65.604881 	55.226807 	50.931328 	67.424034 	25.317978 	
67.896980 	98.493652 	111.664673 	54.561890 	102.649887 	24.738634 	34.481880 	999.000000 	91.350975 	65.215027 	134.807266 	68.818604 	5.000000 	20.808653 	52.630791 	18.681541 	85.146935 	24.698177 	88.090858 	38.910152 	67.675697 	32.695564 	125.399361 	32.893768 	85.000000 	13.000000 	42.544094 	85.802101 	76.550636 	43.462627 	90.210861 	144.308701 	103.077644 	141.226761 	137.440903 	26.019224 	72.945183 	29.206163 	104.019226 	55.713554 	113.454834 	35.355339 	21.587032 	36.221542 	123.166557 	99.864906 	22.825424 	20.615528 	101.788994 	56.515484 	
23.600847 	13.341664 	26.076809 	36.796738 	15.033297 	113.811249 	58.137768 	91.350975 	999.000000 	27.459061 	48.083260 	24.186773 	87.692642 	98.112183 	40.311287 	76.275818 	13.601471 	114.808533 	5.000000 	55.000000 	25.942244 	61.220913 	36.249138 	62.201286 	10.000000 	82.134033 	52.697250 	10.049875 	19.416489 	133.221619 	9.433981 	55.946404 	12.649111 	52.325901 	47.885281 	73.239334 	26.305893 	120.507263 	14.317822 	44.011364 	22.203604 	65.000000 	81.024689 	65.368187 	31.827662 	14.560220 	113.145920 	109.041275 	17.720045 	49.729267 	
9.848858 	37.947330 	51.865211 	12.165525 	41.231056 	88.684837 	31.144823 	65.215027 	27.459061 	999.000000 	74.846512 	3.605551 	61.220913 	74.672615 	20.223749 	52.000000 	27.073973 	89.358826 	23.430750 	27.658634 	3.000000 	33.970577 	63.529522 	34.828148 	19.849434 	55.172459 	25.238859 	20.615528 	11.704700 	108.046288 	25.000000 	83.186539 	38.183765 	79.649231 	75.292763 	45.803928 	11.401754 	94.403389 	38.948685 	18.027756 	48.836460 	37.589893 	53.600372 	38.013157 	58.898216 	34.669872 	86.371292 	82.024384 	36.715118 	25.079872 	
68.476273 	37.121422 	23.323807 	81.987801 	33.615471 	154.935471 	103.942291 	134.807266 	48.083260 	74.846512 	999.000000 	71.867935 	131.825638 	137.207870 	82.200974 	117.686020 	49.929951 	156.464050 	52.886673 	101.533249 	73.736015 	107.424393 	13.038404 	108.706024 	57.723480 	127.318497 	99.744675 	57.489128 	67.446274 	173.954010 	54.744862 	10.295630 	42.047592 	9.055386 	9.848858 	119.883278 	74.215904 	163.248276 	43.000000 	92.027168 	33.241539 	112.307610 	127.534309 	112.805145 	25.632011 	50.000000 	157.410294 	153.941544 	51.088158 	97.800819 	
9.899495 	35.171009 	49.040798 	15.524175 	38.275318 	92.282173 	34.713108 	68.818604 	24.186773 	3.605551 	71.867935 	999.000000 	64.815125 	78.185677 	23.021729 	55.542778 	25.019993 	92.962357 	20.000000 	31.144823 	2.000000 	37.483330 	60.373837 	38.288380 	16.278820 	58.728188 	28.600698 	17.029387 	8.246211 	111.646767 	21.400934 	80.056229 	34.655445 	76.478752 	72.069412 	49.203659 	9.433981 	98.005104 	35.383614 	20.396078 	45.343136 	40.816662 	57.008770 	41.182522 	55.443665 	31.064449 	89.938866 	85.562843 	33.120991 	27.018513 	
64.381676 	95.268044 	108.600182 	50.911690 	99.357941 	29.614185 	30.232433 	5.000000 	87.692642 	61.220913 	131.825638 	64.815125 	999.000000 	25.059929 	49.648766 	18.000000 	82.006096 	29.410883 	84.291161 	34.481880 	63.600315 	28.178005 	122.147453 	28.231188 	81.055534 	8.000000 	38.013157 	81.835197 	72.422371 	48.104053 	86.214851 	141.209061 	99.247169 	138.057953 	134.182709 	21.023796 	68.600288 	33.286633 	100.124924 	51.078373 	109.713264 	30.413813 	16.763054 	31.257000 	119.519875 	95.801880 	25.612497 	22.360680 	97.652443 	51.662365 	
74.706093 	102.800781 	114.865135 	62.769421 	107.200745 	19.313208 	47.265209 	20.808653 	98.112183 	74.672615 	137.207870 	78.185677 	25.059929 	999.000000 	57.801384 	22.803509 	89.403580 	21.840330 	95.713112 	52.239830 	77.491936 	47.010635 	129.321304 	48.010414 	93.520050 	32.310989 	56.222771 	94.429871 	86.377083 	37.013512 	98.898941 	147.186951 	110.535065 	144.499130 	141.226761 	44.384682 	84.202141 	30.594116 	111.825760 	69.462219 	120.220627 	52.469040 	41.629318 	53.600372 	129.247818 	108.747414 	32.557640 	34.176014 	111.085556 	72.006943 	
17.088007 	45.967381 	59.033890 	9.433981 	50.209560 	73.878281 	24.186773 	52.630791 	40.311287 	20.223749 	82.200974 	23.021729 	49.648766 	57.801384 	999.000000 	36.235340 	32.557640 	75.073296 	38.078865 	24.083189 	23.194826 	28.160255 	72.862885 	30.066593 	36.400551 	45.617977 	24.738634 	37.363083 	31.016125 	93.236259 	41.761227 	91.678787 	52.773098 	88.617157 	84.899940 	40.607880 	31.575306 	81.344948 	54.129475 	28.319605 	62.433964 	36.055511 	47.539455 	37.121422 	71.610054 	51.546097 	75.213028 	71.867935 	54.120235 	35.608986 	
52.697250 	82.073135 	94.794518 	40.249222 	86.371292 	37.643059 	25.019993 	18.681541 	76.275818 	52.000000 	117.686020 	55.542778 	18.000000 	22.803509 	36.235340 	999.000000 	68.622154 	38.897301 	73.573090 	30.016663 	54.781384 	25.495098 	108.903625 	26.925823 	71.119621 	19.697716 	34.014702 	72.006943 	63.694584 	57.008770 	76.478752 	127.404869 	88.509888 	124.482933 	120.917328 	27.018513 	61.400326 	45.607018 	89.693924 	47.042534 	98.473343 	32.695564 	28.017851 	34.014702 	107.800743 	86.313385 	41.231056 	39.293766 	88.566360 	50.249378 	
18.973665 	13.453624 	26.627054 	32.202484 	17.804493 	106.216759 	54.120235 	85.146935 	13.601471 	27.073973 	49.929951 	25.019993 	82.006096 	89.403580 	32.557640 	68.622154 	999.000000 	107.517441 	15.811388 	52.000000 	27.018513 	57.697487 	40.311287 	59.093147 	19.104973 	77.388626 	50.596443 	19.798990 	24.698177 	125.495018 	21.633308 	59.203041 	25.000000 	56.080299 	52.345009 	70.263786 	31.320919 	113.899078 	27.018513 	45.099888 	32.280025 	63.245552 	77.820305 	63.890530 	40.249222 	28.160255 	107.615051 	104.043259 	31.320919 	52.000000 	
91.214035 	120.966934 	133.660019 	78.236816 	125.255737 	3.162278 	59.033890 	24.698177 	114.808533 	89.358826 	156.464050 	92.962357 	29.410883 	21.840330 	75.073296 	38.897301 	107.517441 	999.000000 	111.830231 	63.560993 	91.923882 	57.384666 	147.800537 	57.584721 	109.000000 	37.107952 	67.230942 	109.836243 	100.846420 	18.788294 	114.280357 	166.243790 	126.826653 	163.355438 	159.812393 	50.009998 	97.493591 	9.000000 	127.882759 	80.411446 	137.003647 	59.665737 	44.181442 	60.415230 	146.492325 	124.020157 	16.278820 	21.095022 	126.051575 	81.043198 	
21.023796 	18.248287 	31.064449 	33.600594 	20.024984 	110.941429 	54.451813 	88.090858 	5.000000 	23.430750 	52.886673 	20.000000 	84.291161 	95.713112 	38.078865 	73.573090 	15.811388 	111.830231 	999.000000 	51.088158 	21.633308 	57.384666 	40.853397 	58.258045 	5.000000 	78.492035 	48.600410 	5.099020 	14.560220 	130.357208 	5.830952 	60.539242 	15.000000 	56.859474 	52.325901 	69.202599 	21.377558 	117.290237 	16.124516 	39.395432 	25.455845 	60.745369 	77.006493 	61.057350 	35.468296 	14.035668 	109.622078 	105.380264 	17.000000 	44.922153 	
33.105892 	64.412735 	78.262383 	19.924858 	68.095520 	63.324562 	5.000000 	38.910152 	55.000000 	27.658634 	101.533249 	31.144823 	34.481880 	52.239830 	24.083189 	30.016663 	52.000000 	63.560993 	51.088158 	999.000000 	29.698484 	6.403124 	90.735878 	7.211102 	47.381432 	27.802877 	4.000000 	48.083260 	38.288380 	82.346825 	52.345009 	110.276924 	65.795135 	106.850365 	102.625534 	18.357559 	34.132095 	67.742157 	66.468040 	17.262676 	76.485291 	12.000000 	26.076809 	13.038404 	86.556343 	61.717098 	59.033890 	54.488529 	63.411354 	20.396078 	
11.401754 	37.107952 	50.960770 	15.132746 	40.162170 	91.301697 	33.421551 	67.675697 	25.942244 	3.000000 	73.736015 	2.000000 	63.600315 	77.491936 	23.194826 	54.781384 	27.018513 	91.923882 	21.633308 	29.698484 	999.000000 	36.069378 	62.169125 	36.796738 	17.691807 	57.384666 	27.018513 	18.384777 	8.944272 	110.639053 	22.671568 	81.859634 	36.124783 	78.262383 	73.824112 	47.634022 	8.544003 	96.834908 	36.769554 	18.439089 	46.861500 	39.115215 	55.443665 	39.446167 	57.008770 	32.202484 	88.617157 	84.172440 	34.132095 	25.019993 	
38.948685 	70.327805 	84.118965 	25.495098 	74.094536 	57.245087 	4.000000 	32.695564 	61.220913 	33.970577 	107.424393 	37.483330 	28.178005 	47.010635 	28.160255 	25.495098 	57.697487 	57.384666 	57.384666 	6.403124 	36.069378 	999.000000 	96.798759 	2.236068 	53.740116 	21.400934 	9.848858 	54.451813 	44.687805 	76.157730 	58.728188 	116.284134 	72.138756 	112.898186 	108.724419 	12.649111 	40.496914 	61.400326 	72.835434 	23.086792 	82.807007 	9.433981 	20.124611 	10.816654 	92.849342 	68.117546 	52.630791 	48.104053 	69.814041 	25.000000 	
58.008621 	26.907248 	14.764823 	71.610054 	22.803509 	146.454773 	93.477272 	125.399361 	36.249138 	63.529522 	13.038404 	60.373837 	122.147453 	129.321304 	72.862885 	108.903625 	40.311287 	147.800537 	40.853397 	90.735878 	62.169125 	96.798759 	999.000000 	97.943863 	45.541191 	117.200684 	88.684837 	45.221676 	55.362442 	165.680420 	42.201897 	19.697716 	29.154760 	16.124516 	12.041595 	109.077957 	61.983868 	154.207657 	30.016663 	80.230919 	20.223749 	101.118744 	116.811813 	101.533249 	13.601471 	37.013512 	147.756561 	144.013885 	38.052597 	85.702972 	
40.249222 	71.589104 	85.422478 	26.925823 	75.292763 	57.567352 	6.082763 	32.893768 	62.201286 	34.828148 	108.706024 	38.288380 	28.231188 	48.010414 	30.066593 	26.925823 	59.093147 	57.584721 	58.258045 	7.211102 	36.796738 	2.236068 	97.943863 	999.000000 	54.488529 	21.095022 	10.000000 	55.172459 	45.276924 	76.321686 	59.396969 	117.477661 	72.917763 	114.057007 	109.836243 	11.180340 	40.804413 	61.294373 	73.552704 	22.847319 	83.630135 	7.211102 	18.867962 	8.602325 	93.723000 	68.680420 	52.201534 	47.507893 	70.292244 	24.083189 	
19.416489 	23.194826 	36.055511 	30.886890 	25.019993 	108.226616 	50.990196 	85.000000 	10.000000 	19.849434 	57.723480 	16.278820 	81.055534 	93.520050 	36.400551 	71.119621 	19.104973 	109.000000 	5.000000 	47.381432 	17.691807 	53.740116 	45.541191 	54.488529 	999.000000 	75.006668 	44.687805 	1.000000 	9.848858 	127.624451 	5.385165 	65.192024 	18.439089 	61.465439 	56.859474 	65.299309 	16.492422 	114.201576 	19.104973 	34.885529 	29.206163 	56.612720 	73.109505 	56.859474 	39.408119 	15.231546 	106.216759 	101.833199 	17.720045 	40.162170 	
59.203041 	90.443352 	104.009613 	45.607018 	94.403389 	37.483330 	24.041630 	13.000000 	82.134033 	55.172459 	127.318497 	58.728188 	8.000000 	32.310989 	45.617977 	19.697716 	77.388626 	37.107952 	78.492035 	27.802877 	57.384666 	21.400934 	117.200684 	21.095022 	75.006668 	999.000000 	31.064449 	75.742989 	66.068146 	55.659679 	80.056229 	136.484436 	93.348808 	133.221619 	129.201401 	13.038404 	61.854668 	40.249222 	94.111633 	43.829212 	103.947105 	22.561028 	9.433981 	23.345236 	113.899078 	89.498604 	31.240999 	26.907248 	91.214035 	43.965897 	
31.622776 	62.649822 	76.557167 	19.104973 	66.189125 	67.067131 	9.000000 	42.544094 	52.697250 	25.238859 	99.744675 	28.600698 	38.013157 	56.222771 	24.738634 	34.014702 	50.596443 	67.230942 	48.600410 	4.000000 	27.018513 	9.848858 	88.684837 	10.000000 	44.687805 	31.064449 	999.000000 	45.343136 	35.355339 	86.005814 	49.517673 	108.300507 	63.126858 	104.809349 	100.498756 	20.615528 	30.805843 	71.196907 	63.702435 	13.341664 	73.878281 	12.649111 	28.425341 	13.341664 	84.023804 	58.728188 	62.201286 	57.489128 	60.307545 	16.492422 	
20.396078 	23.345236 	36.013885 	31.764761 	25.000000 	109.077957 	51.739735 	85.802101 	10.049875 	20.615528 	57.489128 	17.029387 	81.835197 	94.429871 	37.363083 	72.006943 	19.798990 	109.836243 	5.099020 	48.083260 	18.384777 	54.451813 	45.221676 	55.172459 	1.000000 	75.742989 	45.343136 	999.000000 	10.295630 	128.471786 	4.472136 	64.845970 	17.804493 	61.098282 	56.462376 	65.946945 	16.763054 	115.000000 	18.384777 	35.355339 	28.600698 	57.201397 	73.756355 	57.428215 	38.832977 	14.317822 	106.962608 	102.552429 	16.763054 	40.496914 	
15.811388 	32.015621 	45.398239 	23.769728 	34.365681 	100.239716 	42.201897 	76.550636 	19.416489 	11.704700 	67.446274 	8.246211 	72.422371 	86.377083 	31.016125 	63.694584 	24.698177 	100.846420 	14.560220 	38.288380 	8.944272 	44.687805 	55.362442 	45.276924 	9.848858 	66.068146 	35.355339 	10.295630 	999.000000 	119.570061 	14.212670 	75.026665 	28.017851 	71.309189 	66.708321 	55.901699 	7.000000 	105.683487 	28.425341 	25.059929 	38.832977 	47.010635 	63.702435 	47.201694 	49.091751 	23.430750 	97.308784 	92.763138 	25.238859 	30.364452 	
109.622078 	138.946030 	151.380310 	96.798759 	143.282944 	19.416489 	77.820305 	43.462627 	133.221619 	108.046288 	173.954010 	111.646767 	48.104053 	37.013512 	93.236259 	57.008770 	125.495018 	18.788294 	130.357208 	82.346825 	110.639053 	76.157730 	165.680420 	76.321686 	127.624451 	55.659679 	86.005814 	128.471786 	119.570061 	999.000000 	132.924789 	183.853195 	145.340973 	181.069046 	177.654160 	68.410522 	116.275536 	17.029387 	146.441116 	99.161484 	155.425217 	78.160095 	62.169125 	78.847954 	164.805954 	142.688477 	29.154760 	35.128338 	144.754959 	99.624290 	
24.738634 	22.472204 	34.132095 	36.235340 	23.345236 	113.534134 	56.080299 	90.210861 	9.433981 	25.000000 	54.744862 	21.400934 	86.214851 	98.898941 	41.761227 	76.478752 	21.633308 	114.280357 	5.830952 	52.345009 	22.671568 	58.728188 	42.201897 	59.396969 	5.385165 	80.056229 	49.517673 	4.472136 	14.212670 	132.924789 	999.000000 	61.684681 	13.892444 	57.870544 	53.141319 	70.092796 	20.124611 	119.402679 	14.212670 	39.115215 	24.698177 	61.220913 	77.897369 	61.400326 	34.985710 	9.848858 	111.287918 	106.831642 	12.369317 	43.863426 	
77.388626 	46.043457 	32.649654 	90.972527 	42.190044 	164.769531 	112.898186 	144.308701 	55.946404 	83.186539 	10.295630 	80.056229 	141.209061 	147.186951 	91.678787 	127.404869 	59.203041 	166.243790 	60.539242 	110.276924 	81.859634 	116.284134 	19.697716 	117.477661 	65.192024 	136.484436 	108.300507 	64.845970 	75.026665 	183.853195 	61.684681 	999.000000 	48.270073 	4.000000 	9.000000 	128.631256 	81.596565 	172.904602 	48.836460 	99.924973 	38.327538 	120.768372 	136.341476 	121.198181 	29.000000 	55.731499 	166.817261 	163.217651 	56.320511 	105.342300 	
35.846897 	17.492855 	24.166092 	48.600410 	15.556349 	125.924583 	69.310890 	103.077644 	12.649111 	38.183765 	42.047592 	34.655445 	99.247169 	110.535065 	52.773098 	88.509888 	25.000000 	126.826653 	15.000000 	65.795135 	36.124783 	72.138756 	29.154760 	72.917763 	18.439089 	93.348808 	63.126858 	17.804493 	28.017851 	145.340973 	13.892444 	48.270073 	999.000000 	44.384682 	39.560081 	83.737686 	34.000000 	132.279999 	2.236068 	53.000000 	10.816654 	75.000000 	91.547798 	75.213028 	21.095022 	8.246211 	124.523087 	120.208153 	10.295630 	57.697487 	
74.060783 	42.801868 	29.698484 	87.658424 	38.832977 	161.929001 	109.553642 	141.226761 	52.325901 	79.649231 	9.055386 	76.478752 	138.057953 	144.499130 	88.617157 	124.482933 	56.080299 	163.355438 	56.859474 	106.850365 	78.262383 	112.898186 	16.124516 	114.057007 	61.465439 	133.221619 	104.809349 	61.098282 	71.309189 	181.069046 	57.870544 	4.000000 	44.384682 	999.000000 	5.000000 	125.195847 	77.833153 	169.917633 	44.911022 	96.254868 	34.365681 	117.239075 	132.924789 	117.647781 	25.000000 	51.788029 	163.670395 	160.000000 	52.345009 	101.592323 	
70.000000 	38.948685 	26.400757 	83.600243 	34.828148 	158.448730 	105.437187 	137.440903 	47.885281 	75.292763 	9.848858 	72.069412 	134.182709 	141.226761 	84.899940 	120.917328 	52.345009 	159.812393 	52.325901 	102.625534 	73.824112 	108.724419 	12.041595 	109.836243 	56.859474 	129.201401 	100.498756 	56.462376 	66.708321 	177.654160 	53.141319 	9.000000 	39.560081 	5.000000 	999.000000 	120.950401 	73.164200 	166.243790 	40.024994 	91.706055 	29.427877 	112.871605 	128.701202 	113.251930 	20.000000 	46.872166 	159.790482 	156.028839 	47.381432 	96.932968 	
51.429562 	82.764725 	96.602280 	38.078865 	86.452301 	50.487621 	16.492422 	26.019224 	73.239334 	45.803928 	119.883278 	49.203659 	21.023796 	44.384682 	40.607880 	27.018513 	70.263786 	50.009998 	69.202599 	18.357559 	47.634022 	12.649111 	109.077957 	11.180340 	65.299309 	13.038404 	20.615528 	65.946945 	55.901699 	68.410522 	70.092796 	128.631256 	83.737686 	125.195847 	120.950401 	999.000000 	50.990196 	52.554733 	84.291161 	32.202484 	94.493385 	9.848858 	7.810250 	10.440307 	104.637466 	79.195961 	42.544094 	37.443291 	80.659782 	31.384710 	
19.209373 	39.012817 	52.345009 	23.021729 	41.303753 	97.082436 	38.470768 	72.945183 	26.305893 	11.401754 	74.215904 	9.433981 	68.600288 	84.202141 	31.575306 	61.400326 	31.320919 	97.493591 	21.377558 	34.132095 	8.544003 	40.496914 	61.983868 	40.804413 	16.492422 	61.854668 	30.805843 	16.763054 	7.000000 	116.275536 	20.124611 	81.596565 	34.000000 	77.833153 	73.164200 	50.990196 	999.000000 	101.872467 	34.132095 	19.209373 	44.777225 	41.725292 	58.728188 	41.773197 	55.072678 	28.425341 	93.005379 	88.238312 	29.698484 	23.769728 	
97.000000 	127.310646 	140.264038 	83.737686 	131.529465 	12.041595 	63.513779 	29.206163 	120.507263 	94.403389 	163.248276 	98.005104 	33.286633 	30.594116 	81.344948 	45.607018 	113.899078 	9.000000 	117.290237 	67.742157 	96.834908 	61.400326 	154.207657 	61.294373 	114.201576 	40.249222 	71.196907 	115.000000 	105.683487 	17.029387 	119.402679 	172.904602 	132.279999 	169.917633 	166.243790 	52.554733 	101.872467 	999.000000 	133.225372 	84.077347 	142.635895 	62.393909 	45.880280 	62.968246 	152.305618 	129.034882 	12.165525 	18.110771 	130.919830 	83.934502 	
37.121422 	19.723083 	25.942244 	49.648766 	17.691807 	127.027557 	70.092796 	104.019226 	14.317822 	38.948685 	43.000000 	35.383614 	100.124924 	111.825760 	54.129475 	89.693924 	27.018513 	127.882759 	16.124516 	66.468040 	36.769554 	72.835434 	30.016663 	73.552704 	19.104973 	94.111633 	63.702435 	18.384777 	28.425341 	146.441116 	14.212670 	48.836460 	2.236068 	44.911022 	40.024994 	84.291161 	34.132095 	133.225372 	999.000000 	53.254108 	10.770329 	75.432091 	92.097771 	75.604233 	21.023796 	7.000000 	125.319588 	120.933868 	8.544003 	57.706154 	
27.166155 	55.542778 	69.375786 	19.416489 	58.523499 	80.324341 	22.203604 	55.713554 	44.011364 	18.027756 	92.027168 	20.396078 	51.078373 	69.462219 	28.319605 	47.042534 	45.099888 	80.411446 	39.395432 	17.262676 	18.439089 	23.086792 	80.230919 	22.847319 	34.885529 	43.829212 	13.341664 	35.355339 	25.059929 	99.161484 	39.115215 	99.924973 	53.000000 	96.254868 	91.706055 	32.202484 	19.209373 	84.077347 	53.254108 	999.000000 	63.812225 	22.671568 	39.824615 	22.627417 	74.094536 	47.634022 	74.625732 	69.634758 	48.836460 	7.615773 	
45.803928 	21.000000 	20.615528 	58.898216 	17.117243 	136.014709 	79.906197 	113.454834 	22.203604 	48.836460 	33.241539 	45.343136 	109.713264 	120.220627 	62.433964 	98.473343 	32.280025 	137.003647 	25.455845 	76.485291 	46.861500 	82.807007 	20.223749 	83.630135 	29.206163 	103.947105 	73.878281 	28.600698 	38.832977 	155.425217 	24.698177 	38.327538 	10.816654 	34.365681 	29.427877 	94.493385 	44.777225 	142.635895 	10.770329 	63.812225 	999.000000 	85.802101 	102.303467 	86.023254 	10.295630 	17.464249 	135.074051 	130.831955 	18.027756 	68.425140 	
44.271889 	75.239616 	89.157166 	31.575306 	78.721024 	60.016663 	13.000000 	35.355339 	65.000000 	37.589893 	112.307610 	40.816662 	30.413813 	52.469040 	36.055511 	32.695564 	63.245552 	59.665737 	60.745369 	12.000000 	39.115215 	9.433981 	101.118744 	7.211102 	56.612720 	22.561028 	12.649111 	57.201397 	47.010635 	78.160095 	61.220913 	120.768372 	75.000000 	117.239075 	112.871605 	9.848858 	41.725292 	62.393909 	75.432091 	22.671568 	85.802101 	999.000000 	17.204651 	1.414214 	96.020828 	70.092796 	52.354561 	47.169907 	71.421288 	21.540659 	
59.059292 	90.426765 	104.235313 	45.617977 	94.154129 	45.011108 	23.769728 	21.587032 	81.024689 	53.600372 	127.534309 	57.008770 	16.763054 	41.629318 	47.539455 	28.017851 	77.820305 	44.181442 	77.006493 	26.076809 	55.443665 	20.124611 	116.811813 	18.867962 	73.109505 	9.433981 	28.425341 	73.756355 	63.702435 	62.169125 	77.897369 	136.341476 	91.547798 	132.924789 	128.701202 	7.810250 	58.728188 	45.880280 	92.097771 	39.824615 	102.303467 	17.204651 	999.000000 	17.492855 	112.445541 	86.977005 	35.341194 	30.016663 	88.413803 	38.470768 	
44.922153 	75.769386 	89.693924 	32.388271 	79.202271 	60.827625 	14.317822 	36.221542 	65.368187 	38.013157 	112.805145 	41.182522 	31.257000 	53.600372 	37.121422 	34.014702 	63.890530 	60.415230 	61.057350 	13.038404 	39.446167 	10.816654 	101.533249 	8.602325 	56.859474 	23.345236 	13.341664 	57.428215 	47.201694 	78.847954 	61.400326 	121.198181 	75.213028 	117.647781 	113.251930 	10.440307 	41.773197 	62.968246 	75.604233 	22.627417 	86.023254 	1.414214 	17.492855 	999.000000 	96.260063 	70.178345 	52.773098 	47.507893 	71.449280 	21.023796 	
55.317268 	27.513634 	21.377558 	68.622154 	23.086792 	145.416641 	89.872131 	123.166557 	31.827662 	58.898216 	25.632011 	55.443665 	119.519875 	129.247818 	71.610054 	107.800743 	40.249222 	146.492325 	35.468296 	86.556343 	57.008770 	92.849342 	13.601471 	93.723000 	39.408119 	113.899078 	84.023804 	38.832977 	49.091751 	164.805954 	34.985710 	29.000000 	21.095022 	25.000000 	20.000000 	104.637466 	55.072678 	152.305618 	21.023796 	74.094536 	10.295630 	96.020828 	112.445541 	96.260063 	999.000000 	27.513634 	144.958618 	140.801285 	27.658634 	78.714676 	
34.481880 	24.041630 	32.310989 	46.065170 	23.021729 	123.308556 	65.604881 	99.864906 	14.560220 	34.669872 	50.000000 	31.064449 	95.801880 	108.747414 	51.546097 	86.313385 	28.160255 	124.020157 	14.035668 	61.717098 	32.202484 	68.117546 	37.013512 	68.680420 	15.231546 	89.498604 	58.728188 	14.317822 	23.430750 	142.688477 	9.848858 	55.731499 	8.246211 	51.788029 	46.872166 	79.195961 	28.425341 	129.034882 	7.000000 	47.634022 	17.464249 	70.092796 	86.977005 	70.178345 	27.513634 	999.000000 	120.739388 	116.180893 	3.162278 	51.623638 	
89.938866 	120.880104 	134.201340 	76.419891 	124.963997 	19.104973 	55.226807 	22.825424 	113.145920 	86.371292 	157.410294 	89.938866 	25.612497 	32.557640 	75.213028 	41.231056 	107.615051 	16.278820 	109.622078 	59.033890 	88.617157 	52.630791 	147.756561 	52.201534 	106.216759 	31.240999 	62.201286 	106.962608 	97.308784 	29.154760 	111.287918 	166.817261 	124.523087 	163.670395 	159.790482 	42.544094 	93.005379 	12.165525 	125.319588 	74.625732 	135.074051 	52.354561 	35.341194 	52.773098 	144.958618 	120.739388 	999.000000 	6.000000 	122.441826 	73.790245 	
86.052307 	117.200684 	130.667511 	72.470680 	121.210564 	23.600847 	50.931328 	20.615528 	109.041275 	82.024384 	153.941544 	85.562843 	22.360680 	34.176014 	71.867935 	39.293766 	104.043259 	21.095022 	105.380264 	54.488529 	84.172440 	48.104053 	144.013885 	47.507893 	101.833199 	26.907248 	57.489128 	102.552429 	92.763138 	35.128338 	106.831642 	163.217651 	120.208153 	160.000000 	156.028839 	37.443291 	88.238312 	18.110771 	120.933868 	69.634758 	130.831955 	47.169907 	30.016663 	47.507893 	140.801285 	116.180893 	6.000000 	999.000000 	117.796432 	68.476273 	
37.107952 	26.907248 	34.438351 	48.332184 	25.612497 	125.399361 	67.424034 	101.788994 	17.720045 	36.715118 	51.088158 	33.120991 	97.652443 	111.085556 	54.120235 	88.566360 	31.320919 	126.051575 	17.000000 	63.411354 	34.132095 	69.814041 	38.052597 	70.292244 	17.720045 	91.214035 	60.307545 	16.763054 	25.238859 	144.754959 	12.369317 	56.320511 	10.295630 	52.345009 	47.381432 	80.659782 	29.698484 	130.919830 	8.544003 	48.836460 	18.027756 	71.421288 	88.413803 	71.449280 	27.658634 	3.162278 	122.441826 	117.796432 	999.000000 	52.430908 	
34.525352 	61.814240 	75.504967 	26.925823 	64.536812 	81.252693 	25.317978 	56.515484 	49.729267 	25.079872 	97.800819 	27.018513 	51.662365 	72.006943 	35.608986 	50.249378 	52.000000 	81.043198 	44.922153 	20.396078 	25.019993 	25.000000 	85.702972 	24.083189 	40.162170 	43.965897 	16.492422 	40.496914 	30.364452 	99.624290 	43.863426 	105.342300 	57.697487 	101.592323 	96.932968 	31.384710 	23.769728 	83.934502 	57.706154 	7.615773 	68.425140 	21.540659 	38.470768 	21.023796 	78.714676 	51.623638 	73.790245 	68.476273 	52.430908 	999.000000 	

Travel time:
9.000000 	0.784618 	1.129436 	0.340037 	0.880696 	2.255271 	0.887764 	1.697425 	0.590021 	0.246221 	1.711907 	0.247487 	1.609542 	1.867652 	0.427200 	1.317431 	0.474342 	2.280351 	0.525595 	0.827647 	0.285044 	0.973717 	1.450216 	1.006231 	0.485412 	1.480076 	0.790569 	0.509902 	0.395285 	2.740552 	0.618466 	1.934716 	0.896172 	1.851520 	1.750000 	1.285739 	0.480234 	2.425000 	0.928036 	0.679154 	1.145098 	1.106797 	1.476482 	1.123054 	1.382932 	0.862047 	2.248472 	2.151308 	0.927699 	0.863134 	
0.784618 	9.000000 	0.348210 	1.123610 	0.111803 	2.991760 	1.672199 	2.462341 	0.333542 	0.948683 	0.928036 	0.879275 	2.381701 	2.570019 	1.149184 	2.051828 	0.336341 	3.024173 	0.456207 	1.610318 	0.927699 	1.758195 	0.672681 	1.789728 	0.579871 	2.261084 	1.566246 	0.583631 	0.800391 	3.473651 	0.561805 	1.151086 	0.437321 	1.070047 	0.973717 	2.069118 	0.975320 	3.182766 	0.493077 	1.388569 	0.525000 	1.880990 	2.260669 	1.894235 	0.687841 	0.601041 	3.022003 	2.930017 	0.672681 	1.545356 	
1.129436 	0.348210 	9.000000 	1.466714 	0.276134 	3.305772 	2.015564 	2.791617 	0.651920 	1.296630 	0.583095 	1.226020 	2.715004 	2.871628 	1.475847 	2.369863 	0.665676 	3.341501 	0.776611 	1.956560 	1.274019 	2.102974 	0.369121 	2.135562 	0.901388 	2.600240 	1.913929 	0.900347 	1.134956 	3.784508 	0.853302 	0.816241 	0.604152 	0.742462 	0.660019 	2.415057 	1.308625 	3.506601 	0.648556 	1.734395 	0.515388 	2.228929 	2.605883 	2.242348 	0.534439 	0.807775 	3.355033 	3.266688 	0.860959 	1.887624 	
0.340037 	1.123610 	1.466714 	9.000000 	1.220656 	1.934716 	0.548862 	1.364047 	0.919918 	0.304138 	2.049695 	0.388104 	1.272792 	1.569236 	0.235850 	1.006231 	0.805062 	1.955920 	0.840015 	0.498121 	0.378319 	0.637377 	1.790251 	0.673146 	0.772172 	1.140175 	0.477624 	0.794119 	0.594243 	2.419969 	0.905883 	2.274313 	1.215010 	2.191461 	2.090006 	0.951972 	0.575543 	2.093442 	1.241219 	0.485412 	1.472455 	0.789383 	1.140449 	0.809707 	1.715554 	1.151629 	1.910497 	1.811767 	1.208305 	0.673146 	
0.880696 	0.111803 	0.276134 	1.220656 	9.000000 	3.099698 	1.768120 	2.566247 	0.375832 	1.030776 	0.840387 	0.956883 	2.483948 	2.680019 	1.255239 	2.159282 	0.445112 	3.131393 	0.500625 	1.702388 	1.004054 	1.852363 	0.570088 	1.882319 	0.625500 	2.360085 	1.654728 	0.625000 	0.859142 	3.582074 	0.583631 	1.054751 	0.388909 	0.970824 	0.870704 	2.161308 	1.032594 	3.288237 	0.442295 	1.463087 	0.427931 	1.968026 	2.353853 	1.980057 	0.577170 	0.575543 	3.124100 	3.030264 	0.640312 	1.613420 	
2.255271 	2.991760 	3.305772 	1.934716 	3.099698 	9.000000 	1.467353 	0.618466 	2.845281 	2.217121 	3.873387 	2.307054 	0.740355 	0.482830 	1.846957 	0.941076 	2.655419 	0.079057 	2.773536 	1.583114 	2.282542 	1.431127 	3.661369 	1.439184 	2.705665 	0.937083 	1.676678 	2.726949 	2.505993 	0.485412 	2.838353 	4.119238 	3.148115 	4.048225 	3.961218 	1.262191 	2.427061 	0.301040 	3.175689 	2.008109 	3.400368 	1.500417 	1.125278 	1.520691 	3.635416 	3.082714 	0.477624 	0.590021 	3.134984 	2.031317 	
0.887764 	1.672199 	2.015564 	0.548862 	1.768120 	1.467353 	9.000000 	0.862047 	1.453444 	0.778621 	2.598557 	0.867828 	0.755811 	1.181630 	0.604669 	0.625500 	1.353006 	1.475847 	1.361295 	0.125000 	0.835539 	0.100000 	2.336932 	0.152069 	1.274755 	0.601041 	0.225000 	1.293493 	1.055047 	1.945508 	1.402007 	2.822455 	1.732772 	2.738841 	2.635930 	0.412311 	0.961769 	1.587844 	1.752320 	0.555090 	1.997655 	0.325000 	0.594243 	0.357946 	2.246803 	1.640122 	1.380670 	1.273283 	1.685601 	0.632949 	
1.697425 	2.462341 	2.791617 	1.364047 	2.566247 	0.618466 	0.862047 	9.000000 	2.283774 	1.630376 	3.370182 	1.720465 	0.125000 	0.520216 	1.315770 	0.467039 	2.128673 	0.617454 	2.202271 	0.972754 	1.691892 	0.817389 	3.134984 	0.822344 	2.125000 	0.325000 	1.063602 	2.145052 	1.913766 	1.086566 	2.255271 	3.607718 	2.576941 	3.530669 	3.436023 	0.650481 	1.823630 	0.730154 	2.600481 	1.392839 	2.836371 	0.883883 	0.539676 	0.905539 	3.079164 	2.496623 	0.570636 	0.515388 	2.544725 	1.412887 	
0.590021 	0.333542 	0.651920 	0.919918 	0.375832 	2.845281 	1.453444 	2.283774 	9.000000 	0.686477 	1.202081 	0.604669 	2.192316 	2.452805 	1.007782 	1.906895 	0.340037 	2.870213 	0.125000 	1.375000 	0.648556 	1.530523 	0.906228 	1.555032 	0.250000 	2.053351 	1.317431 	0.251247 	0.485412 	3.330540 	0.235850 	1.398660 	0.316228 	1.308148 	1.197132 	1.830983 	0.657647 	3.012681 	0.357946 	1.100284 	0.555090 	1.625000 	2.025617 	1.634205 	0.795692 	0.364006 	2.828648 	2.726032 	0.443001 	1.243232 	
0.246221 	0.948683 	1.296630 	0.304138 	1.030776 	2.217121 	0.778621 	1.630376 	0.686477 	9.000000 	1.871163 	0.090139 	1.530523 	1.866815 	0.505594 	1.300000 	0.676849 	2.233971 	0.585769 	0.691466 	0.075000 	0.849264 	1.588238 	0.870704 	0.496236 	1.379311 	0.630971 	0.515388 	0.292617 	2.701157 	0.625000 	2.079664 	0.954594 	1.991231 	1.882319 	1.145098 	0.285044 	2.360085 	0.973717 	0.450694 	1.220912 	0.939747 	1.340009 	0.950329 	1.472455 	0.866747 	2.159282 	2.050610 	0.917878 	0.626997 	
1.711907 	0.928036 	0.583095 	2.049695 	0.840387 	3.873387 	2.598557 	3.370182 	1.202081 	1.871163 	9.000000 	1.796698 	3.295641 	3.430197 	2.055024 	2.942151 	1.248249 	3.911601 	1.322167 	2.538331 	1.843400 	2.685610 	0.325960 	2.717651 	1.443087 	3.182962 	2.493617 	1.437228 	1.686157 	4.348850 	1.368622 	0.257391 	1.051190 	0.226385 	0.246221 	2.997082 	1.855398 	4.081207 	1.075000 	2.300679 	0.831038 	2.807690 	3.188358 	2.820129 	0.640800 	1.250000 	3.935257 	3.848539 	1.277204 	2.445020 	
0.247487 	0.879275 	1.226020 	0.388104 	0.956883 	2.307054 	0.867828 	1.720465 	0.604669 	0.090139 	1.796698 	9.000000 	1.620378 	1.954642 	0.575543 	1.388569 	0.625500 	2.324059 	0.500000 	0.778621 	0.050000 	0.937083 	1.509346 	0.957209 	0.406971 	1.468205 	0.715017 	0.425735 	0.206155 	2.791169 	0.535023 	2.001406 	0.866386 	1.911969 	1.801735 	1.230091 	0.235850 	2.450128 	0.884590 	0.509902 	1.133578 	1.020416 	1.425219 	1.029563 	1.386092 	0.776611 	2.248472 	2.139071 	0.828025 	0.675463 	
1.609542 	2.381701 	2.715004 	1.272792 	2.483948 	0.740355 	0.755811 	0.125000 	2.192316 	1.530523 	3.295641 	1.620378 	9.000000 	0.626498 	1.241219 	0.450000 	2.050152 	0.735272 	2.107279 	0.862047 	1.590008 	0.704450 	3.053686 	0.705780 	2.026388 	0.200000 	0.950329 	2.045880 	1.810559 	1.202601 	2.155371 	3.530226 	2.481179 	3.451449 	3.354568 	0.525595 	1.715007 	0.832166 	2.503123 	1.276959 	2.742832 	0.760345 	0.419076 	0.781425 	2.987997 	2.395047 	0.640312 	0.559017 	2.441311 	1.291559 	
1.867652 	2.570019 	2.871628 	1.569236 	2.680019 	0.482830 	1.181630 	0.520216 	2.452805 	1.866815 	3.430197 	1.954642 	0.626498 	9.000000 	1.445035 	0.570088 	2.235090 	0.546008 	2.392828 	1.305996 	1.937298 	1.175266 	3.233033 	1.200260 	2.338001 	0.807775 	1.405569 	2.360747 	2.159427 	0.925338 	2.472474 	3.679674 	2.763377 	3.612478 	3.530669 	1.109617 	2.105053 	0.764853 	2.795644 	1.736555 	3.005516 	1.311726 	1.040733 	1.340009 	3.231195 	2.718685 	0.813941 	0.854400 	2.777139 	1.800174 	
0.427200 	1.149184 	1.475847 	0.235850 	1.255239 	1.846957 	0.604669 	1.315770 	1.007782 	0.505594 	2.055024 	0.575543 	1.241219 	1.445035 	9.000000 	0.905883 	0.813941 	1.876832 	0.951972 	0.602080 	0.579871 	0.704006 	1.821572 	0.751665 	0.910014 	1.140449 	0.618466 	0.934077 	0.775403 	2.330906 	1.044031 	2.291970 	1.319327 	2.215429 	2.122499 	1.015197 	0.789383 	2.033624 	1.353237 	0.707990 	1.560849 	0.901388 	1.188486 	0.928036 	1.790251 	1.288652 	1.880326 	1.796698 	1.353006 	0.890225 	
1.317431 	2.051828 	2.369863 	1.006231 	2.159282 	0.941076 	0.625500 	0.467039 	1.906895 	1.300000 	2.942151 	1.388569 	0.450000 	0.570088 	0.905883 	9.000000 	1.715554 	0.972432 	1.839327 	0.750417 	1.369535 	0.637377 	2.722591 	0.673146 	1.777991 	0.492443 	0.850368 	1.800174 	1.592365 	1.425219 	1.911969 	3.185122 	2.212747 	3.112073 	3.022933 	0.675463 	1.535008 	1.140175 	2.242348 	1.176063 	2.461833 	0.817389 	0.700446 	0.850368 	2.695019 	2.157835 	1.030776 	0.982344 	2.214159 	1.256234 	
0.474342 	0.336341 	0.665676 	0.805062 	0.445112 	2.655419 	1.353006 	2.128673 	0.340037 	0.676849 	1.248249 	0.625500 	2.050152 	2.235090 	0.813941 	1.715554 	9.000000 	2.687936 	0.395285 	1.300000 	0.675463 	1.442437 	1.007782 	1.477329 	0.477624 	1.934716 	1.264911 	0.494975 	0.617454 	3.137375 	0.540833 	1.480076 	0.625000 	1.402007 	1.308625 	1.756595 	0.783023 	2.847477 	0.675463 	1.127497 	0.807001 	1.581139 	1.945508 	1.597263 	1.006231 	0.704006 	2.690376 	2.601081 	0.783023 	1.300000 	
2.280351 	3.024173 	3.341501 	1.955920 	3.131393 	0.079057 	1.475847 	0.617454 	2.870213 	2.233971 	3.911601 	2.324059 	0.735272 	0.546008 	1.876832 	0.972432 	2.687936 	9.000000 	2.795756 	1.589025 	2.298097 	1.434617 	3.695014 	1.439618 	2.725000 	0.927699 	1.680773 	2.745906 	2.521161 	0.469707 	2.857009 	4.156095 	3.170666 	4.083886 	3.995310 	1.250250 	2.437340 	0.225000 	3.197069 	2.010286 	3.425091 	1.491643 	1.104536 	1.510381 	3.662308 	3.100504 	0.406971 	0.527376 	3.151289 	2.026080 	
0.525595 	0.456207 	0.776611 	0.840015 	0.500625 	2.773536 	1.361295 	2.202271 	0.125000 	0.585769 	1.322167 	0.500000 	2.107279 	2.392828 	0.951972 	1.839327 	0.395285 	2.795756 	9.000000 	1.277204 	0.540833 	1.434617 	1.021335 	1.456451 	0.125000 	1.962301 	1.215010 	0.127475 	0.364006 	3.258930 	0.145774 	1.513481 	0.375000 	1.421487 	1.308148 	1.730065 	0.534439 	2.932256 	0.403113 	0.984886 	0.636396 	1.518634 	1.925162 	1.526434 	0.886707 	0.350892 	2.740552 	2.634507 	0.425000 	1.123054 	
0.827647 	1.610318 	1.956560 	0.498121 	1.702388 	1.583114 	0.125000 	0.972754 	1.375000 	0.691466 	2.538331 	0.778621 	0.862047 	1.305996 	0.602080 	0.750417 	1.300000 	1.589025 	1.277204 	9.000000 	0.742462 	0.160078 	2.268397 	0.180278 	1.184536 	0.695072 	0.100000 	1.202081 	0.957209 	2.058671 	1.308625 	2.756923 	1.644878 	2.671259 	2.565638 	0.458939 	0.853302 	1.693554 	1.661701 	0.431567 	1.912132 	0.300000 	0.651920 	0.325960 	2.163908 	1.542928 	1.475847 	1.362213 	1.585284 	0.509902 	
0.285044 	0.927699 	1.274019 	0.378319 	1.004054 	2.282542 	0.835539 	1.691892 	0.648556 	0.075000 	1.843400 	0.050000 	1.590008 	1.937298 	0.579871 	1.369535 	0.675463 	2.298097 	0.540833 	0.742462 	9.000000 	0.901734 	1.554228 	0.919918 	0.442295 	1.434617 	0.675463 	0.459619 	0.223607 	2.765976 	0.566789 	2.046491 	0.903120 	1.956560 	1.845603 	1.190850 	0.213600 	2.420873 	0.919239 	0.460977 	1.171538 	0.977880 	1.386092 	0.986154 	1.425219 	0.805062 	2.215429 	2.104311 	0.853302 	0.625500 	
0.973717 	1.758195 	2.102974 	0.637377 	1.852363 	1.431127 	0.100000 	0.817389 	1.530523 	0.849264 	2.685610 	0.937083 	0.704450 	1.175266 	0.704006 	0.637377 	1.442437 	1.434617 	1.434617 	0.160078 	0.901734 	9.000000 	2.419969 	0.055902 	1.343503 	0.535023 	0.246221 	1.361295 	1.117195 	1.903943 	1.468205 	2.907103 	1.803469 	2.822455 	2.718111 	0.316228 	1.012423 	1.535008 	1.820886 	0.577170 	2.070175 	0.235850 	0.503115 	0.270416 	2.321234 	1.702939 	1.315770 	1.202601 	1.745351 	0.625000 	
1.450216 	0.672681 	0.369121 	1.790251 	0.570088 	3.661369 	2.336932 	3.134984 	0.906228 	1.588238 	0.325960 	1.509346 	3.053686 	3.233033 	1.821572 	2.722591 	1.007782 	3.695014 	1.021335 	2.268397 	1.554228 	2.419969 	9.000000 	2.448596 	1.138530 	2.930017 	2.217121 	1.130542 	1.384061 	4.142011 	1.055047 	0.492443 	0.728869 	0.403113 	0.301040 	2.726949 	1.549597 	3.855191 	0.750417 	2.005773 	0.505594 	2.527969 	2.920295 	2.538331 	0.340037 	0.925338 	3.693914 	3.600347 	0.951315 	2.142574 	
