Total assets = 554
Number of asset nodes = 33

Distance:
999.000000 	93.723000 	75.742989 	93.509361 	43.829212 	17.262676 	13.000000 	22.803509 	52.773098 	37.643059 	31.400637 	14.422205 	67.742157 	30.000000 	5.099020 	40.792156 	15.811388 	48.259712 	56.859474 	17.204651 	53.851646 	73.783470 	25.942244 	36.221542 	34.058773 	24.698177 	71.693794 	85.211502 	54.708317 	42.426407 	80.993828 	104.004807 	92.617493 	23.021729 	44.407207 	37.202152 	78.892334 	85.440041 	32.202484 	93.744331 	41.677334 	35.468296 	30.149628 	96.519424 	77.472572 	56.568542 	114.690887 	96.798759 	59.841457 	31.048349 	
93.723000 	999.000000 	21.377558 	2.828427 	56.080299 	86.452301 	104.043259 	116.516090 	49.729267 	65.551506 	73.006851 	98.792709 	37.054016 	115.256233 	96.260063 	128.062485 	78.600258 	140.716019 	49.648766 	99.478638 	52.952808 	32.062439 	119.201508 	72.111023 	127.781059 	117.413795 	36.055511 	23.769728 	55.578773 	136.029404 	29.120440 	16.031219 	19.849434 	111.830231 	67.911705 	130.873978 	32.984844 	28.635643 	91.416626 	26.907248 	135.000000 	89.185204 	116.846054 	26.907248 	42.449970 	64.124878 	25.495098 	28.319605 	62.008064 	114.490173 	
75.742989 	21.377558 	999.000000 	19.924858 	35.355339 	66.610809 	85.041168 	98.290382 	28.460499 	44.721359 	52.354561 	79.202271 	16.124516 	99.985001 	78.873314 	112.680969 	60.108234 	123.693169 	28.284271 	79.630394 	31.575306 	12.529964 	100.498756 	51.078373 	109.603828 	98.493652 	16.155495 	13.038404 	34.234486 	118.139748 	13.892444 	28.284271 	18.027756 	92.200867 	46.572525 	112.449989 	16.278820 	16.763054 	70.384659 	22.022715 	116.180893 	68.007355 	96.798759 	24.186773 	25.000000 	43.000000 	38.948685 	25.079872 	41.109608 	94.154129 	
93.509361 	2.828427 	19.924858 	999.000000 	55.036350 	85.755463 	103.600197 	116.275536 	48.383881 	64.474800 	72.013885 	98.183502 	35.227829 	115.602768 	96.176918 	128.405609 	78.243210 	140.758652 	48.052055 	98.792709 	51.419842 	30.000000 	118.848640 	70.936592 	127.561752 	117.004272 	34.000000 	21.189621 	53.935146 	135.882309 	26.683329 	14.035668 	17.029387 	111.220505 	66.483078 	130.598618 	30.594116 	26.000000 	90.249657 	24.083189 	134.629120 	87.920418 	116.107712 	24.083189 	40.024994 	62.289646 	24.041630 	25.495098 	60.074955 	113.648582 	
43.829212 	56.080299 	35.355339 	55.036350 	999.000000 	31.827662 	51.088158 	65.215027 	8.944272 	9.486833 	17.000000 	44.553337 	24.207438 	71.840103 	47.927029 	83.815269 	28.231188 	91.923882 	13.341664 	44.687805 	11.000000 	30.479502 	66.708321 	16.278820 	76.400261 	64.443771 	28.017851 	42.426407 	13.341664 	85.211502 	37.643059 	63.007935 	50.249378 	57.384666 	14.866069 	78.873314 	35.227829 	42.011902 	35.440090 	50.447994 	82.073135 	33.541019 	61.611687 	53.263496 	33.837849 	20.808653 	73.246162 	53.413483 	22.360680 	58.830265 	
17.262676 	86.452301 	66.610809 	85.755463 	31.827662 	999.000000 	19.723083 	34.438351 	40.360870 	23.600847 	16.124516 	12.727922 	55.901699 	47.095646 	22.360680 	57.218880 	12.649111 	61.846584 	43.600460 	13.038404 	40.224369 	62.241467 	35.227829 	20.248457 	45.276924 	32.802441 	59.548298 	74.249580 	40.311287 	54.203320 	69.354164 	94.641426 	82.073135 	25.612497 	28.460499 	47.434166 	66.708321 	73.661385 	16.278820 	82.134033 	50.328918 	18.867962 	30.413813 	84.958817 	63.812225 	40.521599 	104.995239 	85.041168 	43.965897 	28.460499 	
13.000000 	104.043259 	85.041168 	103.600197 	51.088158 	19.723083 	999.000000 	14.866069 	59.816387 	43.266617 	35.846897 	8.062258 	75.286118 	32.695564 	14.866069 	40.311287 	25.553865 	42.379242 	63.245552 	10.049875 	59.908264 	81.565926 	15.620500 	39.812057 	25.553865 	13.453624 	79.025314 	93.434471 	60.033325 	34.481880 	88.729927 	113.278419 	101.138519 	10.049875 	47.927029 	27.802877 	86.214851 	93.085983 	29.017237 	101.533249 	31.144823 	33.000000 	17.262676 	104.350372 	83.528435 	59.808025 	123.794182 	104.484451 	63.324562 	18.788294 	
22.803509 	116.516090 	98.290382 	116.275536 	65.215027 	34.438351 	14.866069 	999.000000 	74.060783 	57.801384 	50.537113 	22.803509 	89.403580 	24.083189 	21.023796 	27.856777 	38.183765 	27.513634 	77.698135 	24.331051 	74.431175 	95.603348 	5.385165 	54.625999 	11.313708 	7.071068 	93.230896 	107.298645 	74.706093 	20.000000 	102.800781 	126.574089 	114.865135 	15.811388 	62.769421 	14.422205 	100.439034 	107.200745 	43.185646 	115.602768 	19.313208 	47.265209 	20.808653 	118.406082 	98.112183 	74.672615 	137.207870 	118.600166 	78.185677 	25.059929 	
52.773098 	49.729267 	28.460499 	48.383881 	8.944272 	40.360870 	59.816387 	74.060783 	999.000000 	17.029387 	24.839485 	53.075417 	15.556349 	80.653580 	56.859474 	92.698433 	37.161808 	100.846420 	5.099020 	53.037724 	5.000000 	21.931713 	75.432091 	22.825424 	85.211502 	73.109505 	19.209373 	34.058773 	8.602325 	94.047859 	29.000000 	55.226807 	42.011902 	65.764732 	18.248287 	87.618492 	26.400757 	33.301651 	42.047592 	41.773197 	90.686272 	39.560081 	69.656296 	44.598206 	25.000000 	18.357559 	65.215027 	44.687805 	18.439089 	66.610809 	
37.643059 	65.551506 	44.721359 	64.474800 	9.486833 	23.600847 	43.266617 	57.801384 	17.029387 	999.000000 	7.810250 	36.235340 	32.557640 	66.910385 	42.201897 	78.339005 	23.086792 	84.970581 	20.000000 	36.069378 	16.643316 	38.948685 	58.821766 	7.000000 	68.796799 	56.400356 	36.069378 	51.088158 	17.088007 	77.698135 	45.967381 	72.111023 	59.033890 	48.795490 	9.433981 	71.028160 	43.185646 	50.209560 	25.961510 	58.694122 	73.878281 	24.186773 	52.630791 	61.522354 	40.311287 	20.223749 	82.200974 	61.554855 	23.021729 	49.648766 	
31.400637 	73.006851 	52.354561 	72.013885 	17.000000 	16.124516 	35.846897 	50.537113 	24.839485 	7.810250 	999.000000 	28.600698 	40.360870 	61.204575 	36.221542 	72.180328 	18.439089 	77.878113 	27.658634 	28.319605 	24.207438 	46.754681 	51.312767 	5.099020 	61.400326 	48.826221 	43.840622 	58.898216 	24.186773 	70.327805 	53.758720 	79.881165 	66.843102 	41.036568 	13.038404 	63.513779 	50.931328 	57.982758 	19.104973 	66.468040 	66.219330 	18.110771 	44.821869 	69.296463 	47.707443 	25.179358 	90.000000 	69.310890 	28.442924 	41.880783 	
14.422205 	98.792709 	79.202271 	98.183502 	44.553337 	12.727922 	8.062258 	22.803509 	53.075417 	36.235340 	28.600698 	999.000000 	68.622154 	39.849716 	18.384777 	48.166378 	21.587032 	50.289165 	56.222771 	2.828427 	52.801514 	74.966660 	22.825424 	32.249031 	33.105892 	20.248457 	72.249565 	86.977005 	52.697250 	42.047592 	82.073135 	107.298645 	94.794518 	13.038404 	40.249222 	34.985710 	79.397736 	86.371292 	21.095022 	94.847244 	37.643059 	25.019993 	18.681541 	97.672920 	76.275818 	52.000000 	117.686020 	97.744568 	55.542778 	18.000000 	
67.742157 	37.054016 	16.124516 	35.227829 	24.207438 	55.901699 	75.286118 	89.403580 	15.556349 	32.557640 	40.360870 	68.622154 	999.000000 	94.704803 	71.589104 	107.018692 	51.971146 	115.965515 	13.416408 	68.593002 	17.000000 	6.403124 	90.906548 	38.013157 	100.603180 	88.617157 	4.123106 	18.601076 	18.973665 	109.402924 	13.453624 	40.249222 	26.627054 	81.320351 	32.202484 	103.077644 	11.180340 	17.804493 	56.938564 	26.248810 	106.216759 	54.120235 	85.146935 	29.068884 	13.601471 	27.073973 	49.929951 	29.206163 	25.019993 	82.006096 	
30.000000 	115.256233 	99.985001 	115.602768 	71.840103 	47.095646 	32.695564 	24.083189 	80.653580 	66.910385 	61.204575 	39.849716 	94.704803 	999.000000 	25.019993 	12.806249 	43.931767 	28.792360 	85.164543 	42.379242 	82.462112 	100.319489 	29.206163 	66.121101 	27.202942 	31.144823 	98.792709 	110.909874 	83.743660 	30.000000 	107.424393 	127.581345 	117.720009 	38.600517 	74.242844 	31.048349 	105.848946 	111.892807 	60.638271 	119.866592 	37.107952 	64.327286 	44.598206 	122.539787 	105.650368 	86.371292 	138.397980 	123.004066 	89.560036 	48.414875 	
5.099020 	96.260063 	78.873314 	96.176918 	47.927029 	22.360680 	14.866069 	21.023796 	56.859474 	42.201897 	36.221542 	18.384777 	71.589104 	25.019993 	999.000000 	36.138622 	19.697716 	44.821869 	61.098282 	21.213203 	58.189346 	77.524193 	25.000000 	41.109608 	31.906113 	24.331051 	75.591003 	88.752464 	59.203041 	39.824615 	84.723076 	107.056061 	96.020828 	24.738634 	49.254440 	35.355339 	82.764725 	89.185204 	37.161808 	97.416634 	40.311287 	40.496914 	32.015621 	100.169853 	81.706795 	61.400326 	117.796432 	100.498756 	64.629715 	33.615471 	
40.792156 	128.062485 	112.680969 	128.405609 	83.815269 	57.218880 	40.311287 	27.856777 	92.698433 	78.339005 	72.180328 	48.166378 	107.018692 	12.806249 	36.138622 	999.000000 	55.659679 	19.000000 	97.082436 	50.358715 	94.254974 	112.729767 	31.764761 	76.941536 	25.455845 	34.438351 	111.085556 	123.470642 	95.336250 	24.166092 	119.866592 	140.346008 	130.361038 	43.657761 	85.158676 	28.425341 	118.186295 	124.338249 	69.260376 	132.378250 	33.837849 	73.171036 	48.301140 	135.070358 	117.652031 	97.324203 	151.162170 	135.506454 	100.623062 	52.801514 	
15.811388 	78.600258 	60.108234 	78.243210 	28.231188 	12.649111 	25.553865 	38.183765 	37.161808 	23.086792 	18.439089 	21.587032 	51.971146 	43.931767 	19.697716 	55.659679 	999.000000 	64.070274 	41.436699 	23.194826 	38.600517 	57.982758 	40.607880 	23.537205 	49.497475 	38.832977 	55.946404 	69.404610 	39.812057 	58.051701 	65.192024 	88.391174 	76.837494 	34.176014 	31.144823 	52.402290 	63.134777 	69.641945 	28.017851 	77.935867 	56.400356 	29.732138 	40.261642 	80.709358 	62.032249 	43.011627 	99.035347 	80.993828 	46.010868 	39.319206 	
48.259712 	140.716019 	123.693169 	140.758652 	91.923882 	61.846584 	42.379242 	27.513634 	100.846420 	84.970581 	77.878113 	50.289165 	115.965515 	28.792360 	44.821869 	19.000000 	64.070274 	999.000000 	104.709122 	51.662365 	101.533249 	122.036880 	28.284271 	82.079231 	18.027756 	31.257000 	119.887444 	133.454117 	101.980392 	10.440307 	129.247818 	151.855194 	140.801285 	41.194660 	90.249657 	18.248287 	127.094452 	133.689941 	70.213959 	142.003525 	21.023796 	74.330345 	43.104523 	144.779144 	125.239769 	102.181213 	162.606888 	145.055161 	105.688217 	48.093658 	
56.859474 	49.648766 	28.284271 	48.052055 	13.341664 	43.600460 	63.245552 	77.698135 	5.099020 	20.000000 	27.658634 	56.222771 	13.416408 	85.164543 	61.098282 	97.082436 	41.436699 	104.709122 	999.000000 	55.973209 	3.605551 	19.723083 	78.816238 	24.839485 	88.752464 	76.400261 	16.401220 	31.906113 	6.000000 	97.637085 	26.400757 	53.665630 	39.962482 	68.680420 	18.788294 	91.021973 	23.345236 	30.479502 	43.566040 	38.948685 	93.861603 	40.706264 	72.180328 	41.773197 	20.615528 	15.524175 	63.285069 	41.725292 	14.764823 	68.883957 	
17.204651 	99.478638 	79.630394 	98.792709 	44.687805 	13.038404 	10.049875 	24.331051 	53.037724 	36.069378 	28.319605 	2.828427 	68.593002 	42.379242 	21.213203 	50.358715 	23.194826 	51.662365 	55.973209 	999.000000 	52.497620 	74.966660 	23.769728 	31.622776 	34.176014 	21.023796 	72.138756 	87.045967 	52.201534 	43.081318 	82.024384 	107.615051 	94.921021 	12.727922 	39.446167 	35.777088 	79.246452 	86.278618 	19.000000 	94.762863 	38.013157 	23.021729 	17.464249 	97.590981 	75.802376 	50.990196 	117.923706 	97.621719 	54.561890 	16.124516 	
53.851646 	52.952808 	31.575306 	51.419842 	11.000000 	40.224369 	59.908264 	74.431175 	5.000000 	16.643316 	24.207438 	52.801514 	17.000000 	82.462112 	58.189346 	94.254974 	38.600517 	101.533249 	3.605551 	52.497620 	999.000000 	23.323807 	75.451973 	21.260292 	85.440041 	73.006851 	20.000000 	35.510563 	3.605551 	94.339813 	30.000000 	57.245087 	43.566040 	65.192024 	15.231546 	87.658424 	26.907248 	34.058773 	39.962482 	42.520584 	90.426765 	37.121422 	68.622154 	45.343136 	23.706539 	13.416408 	66.887962 	45.276924 	13.453624 	65.299309 	
73.783470 	32.062439 	12.529964 	30.000000 	30.479502 	62.241467 	81.565926 	95.603348 	21.931713 	38.948685 	46.754681 	74.966660 	6.403124 	100.319489 	77.524193 	112.729767 	57.982758 	122.036880 	19.723083 	74.966660 	23.323807 	999.000000 	97.185387 	44.407207 	106.826965 	94.921021 	4.000000 	12.206555 	25.079872 	115.602768 	7.211102 	34.014702 	20.248457 	87.692642 	38.470768 	109.343498 	6.000000 	11.661903 	63.285069 	20.000000 	112.538879 	60.415230 	91.547798 	22.803509 	12.727922 	32.557640 	43.566040 	23.021729 	30.149628 	88.408142 	
25.942244 	119.201508 	100.498756 	118.848640 	66.708321 	35.227829 	15.620500 	5.385165 	75.432091 	58.821766 	51.312767 	22.825424 	90.906548 	29.206163 	25.000000 	31.764761 	40.607880 	28.284271 	78.816238 	23.769728 	75.451973 	97.185387 	999.000000 	55.072678 	10.440307 	3.000000 	94.641426 	109.041275 	75.471848 	19.313208 	104.350372 	128.763351 	116.726173 	13.000000 	63.063461 	12.206555 	101.828285 	108.706024 	41.976185 	117.153748 	15.811388 	46.097721 	16.552946 	119.970833 	99.020203 	74.732857 	139.316193 	120.104118 	78.294319 	21.189621 	
36.221542 	72.111023 	51.078373 	70.936592 	16.278820 	20.248457 	39.812057 	54.625999 	22.825424 	7.000000 	5.099020 	32.249031 	38.013157 	66.121101 	41.109608 	76.941536 	23.537205 	82.079231 	24.839485 	31.622776 	21.260292 	44.407207 	55.072678 	999.000000 	65.299309 	52.478565 	41.231056 	56.612720 	20.615528 	74.242844 	51.224995 	78.032043 	64.637451 	44.204071 	8.246211 	67.230942 	48.166378 	55.317268 	19.313208 	63.780876 	69.634758 	17.262676 	47.381432 	66.603302 	44.204071 	20.396078 	87.920418 	66.528191 	23.769728 	44.045429 	
34.058773 	127.781059 	109.603828 	127.561752 	76.400261 	45.276924 	25.553865 	11.313708 	85.211502 	68.796799 	61.400326 	33.105892 	100.603180 	27.202942 	31.906113 	25.455845 	49.497475 	18.027756 	88.752464 	34.176014 	85.440041 	106.826965 	10.440307 	65.299309 	999.000000 	13.341664 	104.403069 	118.562218 	85.586212 	8.944272 	114.017540 	137.887634 	126.150703 	23.194826 	73.348480 	4.000000 	111.606453 	118.406082 	52.392746 	126.822708 	10.049875 	56.515484 	25.317978 	129.630249 	109.077957 	85.088188 	148.519363 	129.807556 	88.639717 	30.265491 	
24.698177 	117.413795 	98.493652 	117.004272 	64.443771 	32.802441 	13.453624 	7.071068 	73.109505 	56.400356 	48.826221 	20.248457 	88.617157 	31.144823 	24.331051 	34.438351 	38.832977 	31.257000 	76.400261 	21.023796 	73.006851 	94.921021 	3.000000 	52.478565 	13.341664 	999.000000 	92.314682 	106.831642 	72.945183 	22.135944 	102.068604 	126.732002 	114.560028 	10.000000 	60.415230 	14.764823 	99.488693 	106.404884 	39.051247 	114.865135 	17.691807 	43.174065 	13.892444 	117.686020 	96.519424 	72.013885 	137.244308 	117.796432 	75.584389 	18.384777 	
71.693794 	36.055511 	16.155495 	34.000000 	28.017851 	59.548298 	79.025314 	93.230896 	19.209373 	36.069378 	43.840622 	72.249565 	4.123106 	98.792709 	75.591003 	111.085556 	55.946404 	119.887444 	16.401220 	72.138756 	20.000000 	4.000000 	94.641426 	41.231056 	104.403069 	92.314682 	999.000000 	15.652476 	21.470911 	113.225441 	10.000000 	37.696156 	23.706539 	84.864601 	34.985710 	106.826965 	7.211102 	14.142136 	59.908264 	22.627417 	109.877205 	56.938564 	88.526833 	25.455845 	10.295630 	28.635643 	47.010635 	25.495098 	26.172504 	85.276024 	
85.211502 	23.769728 	13.038404 	21.189621 	42.426407 	74.249580 	93.434471 	107.298645 	34.058773 	51.088158 	58.898216 	86.977005 	18.601076 	110.909874 	88.752464 	123.470642 	69.404610 	133.454117 	31.906113 	87.045967 	35.510563 	12.206555 	109.041275 	56.612720 	118.562218 	106.831642 	15.652476 	999.000000 	37.121422 	127.283150 	6.082763 	22.135944 	8.062258 	99.764725 	50.606323 	121.165176 	10.049875 	5.000000 	75.471848 	9.219544 	124.482933 	72.560318 	103.711136 	11.704700 	19.104973 	43.965897 	31.384710 	12.369317 	41.231056 	100.603180 	
54.708317 	55.578773 	34.234486 	53.935146 	13.341664 	40.311287 	60.033325 	74.706093 	8.602325 	17.088007 	24.186773 	52.697250 	18.973665 	83.743660 	59.203041 	95.336250 	39.812057 	101.980392 	6.000000 	52.201534 	3.605551 	25.079872 	75.471848 	20.615528 	85.586212 	72.945183 	21.470911 	37.121422 	999.000000 	94.514549 	31.384710 	59.093147 	45.177429 	64.815125 	13.601471 	87.664131 	28.017851 	35.227829 	38.600517 	43.600460 	90.210861 	35.510563 	67.896980 	46.400433 	23.600847 	9.848858 	68.476273 	46.227695 	9.899495 	64.381676 	
42.426407 	136.029404 	118.139748 	135.882309 	85.211502 	54.203320 	34.481880 	20.000000 	94.047859 	77.698135 	70.327805 	42.047592 	109.402924 	30.000000 	39.824615 	24.166092 	58.051701 	10.440307 	97.637085 	43.081318 	94.339813 	115.602768 	19.313208 	74.242844 	8.944272 	22.135944 	113.225441 	127.283150 	94.514549 	999.000000 	122.800652 	146.413803 	134.825821 	31.780497 	82.292160 	8.000000 	120.432556 	127.200630 	61.131008 	135.602356 	10.816654 	65.253349 	33.000000 	138.405197 	117.991524 	94.021271 	157.079605 	138.600143 	97.575615 	38.000000 	
80.993828 	29.120440 	13.892444 	26.683329 	37.643059 	69.354164 	88.729927 	102.800781 	29.000000 	45.967381 	53.758720 	82.073135 	13.453624 	107.424393 	84.723076 	119.866592 	65.192024 	129.247818 	26.400757 	82.024384 	30.000000 	7.211102 	104.350372 	51.224995 	114.017540 	102.068604 	10.000000 	6.082763 	31.384710 	122.800652 	999.000000 	28.160255 	13.928389 	94.752312 	44.944408 	116.516090 	4.000000 	4.472136 	69.892776 	12.806249 	119.670380 	66.887962 	98.493652 	15.620500 	13.341664 	37.947330 	37.121422 	15.811388 	35.171009 	95.268044 	
104.004807 	16.031219 	28.284271 	14.035668 	63.007935 	94.641426 	113.278419 	126.574089 	55.226807 	72.111023 	79.881165 	107.298645 	40.249222 	127.581345 	107.056061 	140.346008 	88.391174 	151.855194 	53.665630 	107.615051 	57.245087 	34.014702 	128.763351 	78.032043 	137.887634 	126.732002 	37.696156 	22.135944 	59.093147 	146.413803 	28.160255 	999.000000 	14.317822 	120.253899 	72.449982 	140.730240 	32.015621 	25.317978 	97.128784 	19.104973 	144.422989 	94.366310 	124.619423 	17.464249 	40.311287 	66.098412 	10.816654 	18.681541 	63.324562 	121.757957 	
92.617493 	19.849434 	18.027756 	17.029387 	50.249378 	82.073135 	101.138519 	114.865135 	42.011902 	59.033890 	66.843102 	94.794518 	26.627054 	117.720009 	96.020828 	130.361038 	76.837494 	140.801285 	39.962482 	94.921021 	43.566040 	20.248457 	116.726173 	64.637451 	126.150703 	114.560028 	23.706539 	8.062258 	45.177429 	134.825821 	13.928389 	14.317822 	999.000000 	107.628990 	58.668560 	128.817703 	17.720045 	11.045361 	83.528435 	7.071068 	132.230865 	80.622574 	111.664673 	7.615773 	26.076809 	51.865211 	23.323807 	8.944272 	49.040798 	108.600182 	
23.021729 	111.830231 	92.200867 	111.220505 	57.384666 	25.612497 	10.049875 	15.811388 	65.764732 	48.795490 	41.036568 	13.038404 	81.320351 	38.600517 	24.738634 	43.657761 	34.176014 	41.194660 	68.680420 	12.727922 	65.192024 	87.692642 	13.000000 	44.204071 	23.194826 	10.000000 	84.864601 	99.764725 	64.815125 	31.780497 	94.752312 	120.253899 	107.628990 	999.000000 	51.865211 	24.041630 	91.967384 	99.005051 	29.410883 	107.489532 	25.553865 	33.526108 	7.280110 	110.317726 	88.408142 	63.134777 	130.598618 	110.344917 	66.730804 	9.899495 	
44.407207 	67.911705 	46.572525 	66.483078 	14.866069 	28.460499 	47.927029 	62.769421 	18.248287 	9.433981 	13.038404 	40.249222 	32.202484 	74.242844 	49.254440 	85.158676 	31.144823 	90.249657 	18.788294 	39.446167 	15.231546 	38.470768 	63.063461 	8.246211 	73.348480 	60.415230 	34.985710 	50.606323 	13.601471 	82.292160 	44.944408 	72.449982 	58.668560 	51.865211 	999.000000 	75.179787 	41.617306 	48.826221 	25.000000 	57.201397 	77.388626 	21.954498 	54.561890 	60.000000 	36.796738 	12.165525 	81.987801 	59.816387 	15.524175 	50.911690 	
37.202152 	130.873978 	112.449989 	130.598618 	78.873314 	47.434166 	27.802877 	14.422205 	87.618492 	71.028160 	63.513779 	34.985710 	103.077644 	31.048349 	35.355339 	28.425341 	52.402290 	18.248287 	91.021973 	35.777088 	87.658424 	109.343498 	12.206555 	67.230942 	4.000000 	14.764823 	106.826965 	121.165176 	87.664131 	8.000000 	116.516090 	140.730240 	128.817703 	24.041630 	75.179787 	999.000000 	114.017540 	120.880104 	53.450912 	129.321304 	6.082763 	57.567352 	25.000000 	132.136292 	111.220505 	86.764046 	151.320847 	132.279999 	90.338257 	30.000000 	
78.892334 	32.984844 	16.278820 	30.594116 	35.227829 	66.708321 	86.214851 	100.439034 	26.400757 	43.185646 	50.931328 	79.397736 	11.180340 	105.848946 	82.764725 	118.186295 	63.134777 	127.094452 	23.345236 	79.246452 	26.907248 	6.000000 	101.828285 	48.166378 	111.606453 	99.488693 	7.211102 	10.049875 	28.017851 	120.432556 	4.000000 	32.015621 	17.720045 	91.967384 	41.617306 	114.017540 	999.000000 	7.211102 	66.610809 	15.620500 	117.034180 	63.513779 	95.524864 	18.439089 	9.486833 	34.176014 	40.718548 	18.384777 	31.320919 	92.195442 	
85.440041 	28.635643 	16.763054 	26.000000 	42.011902 	73.661385 	93.085983 	107.200745 	33.301651 	50.209560 	57.982758 	86.371292 	17.804493 	111.892807 	89.185204 	124.338249 	69.641945 	133.689941 	30.479502 	86.278618 	34.058773 	11.661903 	108.706024 	55.317268 	118.406082 	106.404884 	14.142136 	5.000000 	35.227829 	127.200630 	4.472136 	25.317978 	11.045361 	99.005051 	48.826221 	120.880104 	7.211102 	999.000000 	73.817345 	8.485281 	123.987900 	70.724815 	102.649887 	11.313708 	15.033297 	41.231056 	33.615471 	11.401754 	38.275318 	99.357941 	
32.202484 	91.416626 	70.384659 	90.249657 	35.440090 	16.278820 	29.017237 	43.185646 	42.047592 	25.961510 	19.104973 	21.095022 	56.938564 	60.638271 	37.161808 	69.260376 	28.017851 	70.213959 	43.566040 	19.000000 	39.962482 	63.285069 	41.976185 	19.313208 	52.392746 	39.051247 	59.908264 	75.471848 	38.600517 	61.131008 	69.892776 	97.128784 	83.528435 	29.410883 	25.000000 	53.450912 	66.610809 	73.817345 	999.000000 	82.200974 	54.625999 	4.123106 	30.528675 	85.000000 	61.554855 	34.828148 	106.850365 	84.811554 	38.418747 	26.400757 	
93.744331 	26.907248 	22.022715 	24.083189 	50.447994 	82.134033 	101.533249 	115.602768 	41.773197 	58.694122 	66.468040 	94.847244 	26.248810 	119.866592 	97.416634 	132.378250 	77.935867 	142.003525 	38.948685 	94.762863 	42.520584 	20.000000 	117.153748 	63.780876 	126.822708 	114.865135 	22.627417 	9.219544 	43.600460 	135.602356 	12.806249 	19.104973 	7.071068 	107.489532 	57.201397 	129.321304 	15.620500 	8.485281 	82.200974 	999.000000 	132.457535 	79.056938 	111.126053 	2.828427 	22.135944 	49.193497 	25.961510 	3.162278 	46.097721 	107.814659 	
41.677334 	135.000000 	116.180893 	134.629120 	82.073135 	50.328918 	31.144823 	19.313208 	90.686272 	73.878281 	66.219330 	37.643059 	106.216759 	37.107952 	40.311287 	33.837849 	56.400356 	21.023796 	93.861603 	38.013157 	90.426765 	112.538879 	15.811388 	69.634758 	10.049875 	17.691807 	109.877205 	124.482933 	90.210861 	10.816654 	119.670380 	144.422989 	132.230865 	25.553865 	77.388626 	6.082763 	117.034180 	123.987900 	54.625999 	132.457535 	999.000000 	58.694122 	24.738634 	135.281189 	113.811249 	88.684837 	154.935471 	135.369858 	92.282173 	29.614185 	
35.468296 	89.185204 	68.007355 	87.920418 	33.541019 	18.867962 	33.000000 	47.265209 	39.560081 	24.186773 	18.110771 	25.019993 	54.120235 	64.327286 	40.496914 	73.171036 	29.732138 	74.330345 	40.706264 	23.021729 	37.121422 	60.415230 	46.097721 	17.262676 	56.515484 	43.174065 	56.938564 	72.560318 	35.510563 	65.253349 	66.887962 	94.366310 	80.622574 	33.526108 	21.954498 	57.567352 	63.513779 	70.724815 	4.123106 	79.056938 	58.694122 	999.000000 	34.481880 	81.841309 	58.137768 	31.144823 	103.942291 	81.608826 	34.713108 	30.232433 	
30.149628 	116.846054 	96.798759 	116.107712 	61.611687 	30.413813 	17.262676 	20.808653 	69.656296 	52.630791 	44.821869 	18.681541 	85.146935 	44.598206 	32.015621 	48.301140 	40.261642 	43.104523 	72.180328 	17.464249 	68.622154 	91.547798 	16.552946 	47.381432 	25.317978 	13.892444 	88.526833 	103.711136 	67.896980 	33.000000 	98.493652 	124.619423 	111.664673 	7.280110 	54.561890 	25.000000 	95.524864 	102.649887 	30.528675 	111.126053 	24.738634 	34.481880 	999.000000 	113.951744 	91.350975 	65.215027 	134.807266 	113.899078 	68.818604 	5.000000 	
96.519424 	26.907248 	24.186773 	24.083189 	53.263496 	84.958817 	104.350372 	118.406082 	44.598206 	61.522354 	69.296463 	97.672920 	29.068884 	122.539787 	100.169853 	135.070358 	80.709358 	144.779144 	41.773197 	97.590981 	45.343136 	22.803509 	119.970833 	66.603302 	129.630249 	117.686020 	25.455845 	11.704700 	46.400433 	138.405197 	15.620500 	17.464249 	7.615773 	110.317726 	60.000000 	132.136292 	18.439089 	11.313708 	85.000000 	2.828427 	135.281189 	81.841309 	113.951744 	999.000000 	24.698177 	51.884487 	23.537205 	1.414214 	48.754486 	110.634537 	
77.472572 	42.449970 	25.000000 	40.024994 	33.837849 	63.812225 	83.528435 	98.112183 	25.000000 	40.311287 	47.707443 	76.275818 	13.601471 	105.650368 	81.706795 	117.652031 	62.032249 	125.239769 	20.615528 	75.802376 	23.706539 	12.727922 	99.020203 	44.204071 	109.077957 	96.519424 	10.295630 	19.104973 	23.600847 	117.991524 	13.341664 	40.311287 	26.076809 	88.408142 	36.796738 	111.220505 	9.486833 	15.033297 	61.554855 	22.135944 	113.811249 	58.137768 	91.350975 	24.698177 	999.000000 	27.459061 	48.083260 	24.166092 	24.186773 	87.692642 	
56.568542 	64.124878 	43.000000 	62.289646 	20.808653 	40.521599 	59.808025 	74.672615 	18.357559 	20.223749 	25.179358 	52.000000 	27.073973 	86.371292 	61.400326 	97.324203 	43.011627 	102.181213 	15.524175 	50.990196 	13.416408 	32.557640 	74.732857 	20.396078 	85.088188 	72.013885 	28.635643 	43.965897 	9.848858 	94.021271 	37.947330 	66.098412 	51.865211 	63.134777 	12.165525 	86.764046 	34.176014 	41.231056 	34.828148 	49.193497 	88.684837 	31.144823 	65.215027 	51.884487 	27.459061 	999.000000 	74.846512 	51.478149 	3.605551 	61.220913 	
114.690887 	25.495098 	38.948685 	24.041630 	73.246162 	104.995239 	123.794182 	137.207870 	65.215027 	82.200974 	90.000000 	117.686020 	49.929951 	138.397980 	117.796432 	151.162170 	99.035347 	162.606888 	63.285069 	117.923706 	66.887962 	43.566040 	139.316193 	87.920418 	148.519363 	137.244308 	47.010635 	31.384710 	68.476273 	157.079605 	37.121422 	10.816654 	23.323807 	130.598618 	81.987801 	151.320847 	40.718548 	33.615471 	106.850365 	25.961510 	154.935471 	103.942291 	134.807266 	23.537205 	48.083260 	74.846512 	999.000000 	24.331051 	71.867935 	131.825638 	
96.798759 	28.319605 	25.079872 	25.495098 	53.413483 	85.041168 	104.484451 	118.600166 	44.687805 	61.554855 	69.310890 	97.744568 	29.206163 	123.004066 	100.498756 	135.506454 	80.993828 	145.055161 	41.725292 	97.621719 	45.276924 	23.021729 	120.104118 	66.528191 	129.807556 	117.796432 	25.495098 	12.369317 	46.227695 	138.600143 	15.811388 	18.681541 	8.944272 	110.344917 	59.816387 	132.279999 	18.384777 	11.401754 	84.811554 	3.162278 	135.369858 	81.608826 	113.899078 	1.414214 	24.166092 	51.478149 	24.331051 	999.000000 	48.301140 	110.535065 	
59.841457 	62.008064 	41.109608 	60.074955 	22.360680 	43.965897 	63.324562 	78.185677 	18.439089 	23.021729 	28.442924 	55.542778 	25.019993 	89.560036 	64.629715 	100.623062 	46.010868 	105.688217 	14.764823 	54.561890 	13.453624 	30.149628 	78.294319 	23.769728 	88.639717 	75.584389 	26.172504 	41.231056 	9.899495 	97.575615 	35.171009 	63.324562 	49.040798 	66.730804 	15.524175 	90.338257 	31.320919 	38.275318 	38.418747 	46.097721 	92.282173 	34.713108 	68.818604 	48.754486 	24.186773 	3.605551 	71.867935 	48.301140 	999.000000 	64.815125 	
31.048349 	114.490173 	94.154129 	113.648582 	58.830265 	28.460499 	18.788294 	25.059929 	66.610809 	49.648766 	41.880783 	18.000000 	82.006096 	48.414875 	33.615471 	52.801514 	39.319206 	48.093658 	68.883957 	16.124516 	65.299309 	88.408142 	21.189621 	44.045429 	30.265491 	18.384777 	85.276024 	100.603180 	64.381676 	38.000000 	95.268044 	121.757957 	108.600182 	9.899495 	50.911690 	30.000000 	92.195442 	99.357941 	26.400757 	107.814659 	29.614185 	30.232433 	5.000000 	110.634537 	87.692642 	61.220913 	131.825638 	110.535065 	64.815125 	999.000000 	

Travel time:
9.000000 	2.343075 	1.893575 	2.337734 	1.095730 	0.431567 	0.325000 	0.570088 	1.319327 	0.941076 	0.785016 	0.360555 	1.693554 	0.750000 	0.127475 	1.019804 	0.395285 	1.206493 	1.421487 	0.430116 	1.346291 	1.844587 	0.648556 	0.905539 	0.851469 	0.617454 	1.792345 	2.130288 	1.367708 	1.060660 	2.024846 	2.600120 	2.315437 	0.575543 	1.110180 	0.930054 	1.972308 	2.136001 	0.805062 	2.343608 	1.041933 	0.886707 	0.753741 	2.412986 	1.936814 	1.414214 	2.867272 	2.419969 	1.496036 	0.776209 	
2.343075 	9.000000 	0.534439 	0.070711 	1.402007 	2.161308 	2.601081 	2.912902 	1.243232 	1.638788 	1.825171 	2.469818 	0.926350 	2.881406 	2.406502 	3.201562 	1.965006 	3.517900 	1.241219 	2.486966 	1.323820 	0.801561 	2.980038 	1.802776 	3.194526 	2.935345 	0.901388 	0.594243 	1.389469 	3.400735 	0.728011 	0.400780 	0.496236 	2.795756 	1.697793 	3.271849 	0.824621 	0.715891 	2.285416 	0.672681 	3.375000 	2.229630 	2.921151 	0.672681 	1.061249 	1.603122 	0.637377 	0.707990 	1.550202 	2.862254 	
1.893575 	0.534439 	9.000000 	0.498121 	0.883883 	1.665270 	2.126029 	2.457260 	0.711512 	1.118034 	1.308864 	1.980057 	0.403113 	2.499625 	1.971833 	2.817024 	1.502706 	3.092329 	0.707107 	1.990760 	0.789383 	0.313249 	2.512469 	1.276959 	2.740096 	2.462341 	0.403887 	0.325960 	0.855862 	2.953494 	0.347311 	0.707107 	0.450694 	2.305022 	1.164313 	2.811250 	0.406971 	0.419076 	1.759616 	0.550568 	2.904522 	1.700184 	2.419969 	0.604669 	0.625000 	1.075000 	0.973717 	0.626997 	1.027740 	2.353853 	
2.337734 	0.070711 	0.498121 	9.000000 	1.375909 	2.143887 	2.590005 	2.906888 	1.209597 	1.611870 	1.800347 	2.454587 	0.880696 	2.890069 	2.404423 	3.210140 	1.956080 	3.518966 	1.201301 	2.469818 	1.285496 	0.750000 	2.971216 	1.773415 	3.189044 	2.925107 	0.850000 	0.529741 	1.348379 	3.397058 	0.667083 	0.350892 	0.425735 	2.780513 	1.662077 	3.264966 	0.764853 	0.650000 	2.256241 	0.602080 	3.365728 	2.198010 	2.902693 	0.602080 	1.000625 	1.557241 	0.601041 	0.637377 	1.501874 	2.841215 	
1.095730 	1.402007 	0.883883 	1.375909 	9.000000 	0.795692 	1.277204 	1.630376 	0.223607 	0.237171 	0.425000 	1.113833 	0.605186 	1.796003 	1.198176 	2.095382 	0.705780 	2.298097 	0.333542 	1.117195 	0.275000 	0.761988 	1.667708 	0.406971 	1.910007 	1.611094 	0.700446 	1.060660 	0.333542 	2.130288 	0.941076 	1.575198 	1.256234 	1.434617 	0.371652 	1.971833 	0.880696 	1.050297 	0.886002 	1.261200 	2.051828 	0.838525 	1.540292 	1.331587 	0.845946 	0.520216 	1.831154 	1.335337 	0.559017 	1.470757 	
0.431567 	2.161308 	1.665270 	2.143887 	0.795692 	9.000000 	0.493077 	0.860959 	1.009022 	0.590021 	0.403113 	0.318198 	1.397542 	1.177391 	0.559017 	1.430472 	0.316228 	1.546165 	1.090011 	0.325960 	1.005609 	1.556037 	0.880696 	0.506211 	1.131923 	0.820061 	1.488707 	1.856240 	1.007782 	1.355083 	1.733854 	2.366036 	2.051828 	0.640312 	0.711512 	1.185854 	1.667708 	1.841535 	0.406971 	2.053351 	1.258223 	0.471699 	0.760345 	2.123971 	1.595306 	1.013040 	2.624881 	2.126029 	1.099147 	0.711512 	
0.325000 	2.601081 	2.126029 	2.590005 	1.277204 	0.493077 	9.000000 	0.371652 	1.495410 	1.081665 	0.896172 	0.201556 	1.882153 	0.817389 	0.371652 	1.007782 	0.638847 	1.059481 	1.581139 	0.251247 	1.497707 	2.039148 	0.390512 	0.995301 	0.638847 	0.336341 	1.975633 	2.335862 	1.500833 	0.862047 	2.218248 	2.831960 	2.528463 	0.251247 	1.198176 	0.695072 	2.155371 	2.327150 	0.725431 	2.538331 	0.778621 	0.825000 	0.431567 	2.608759 	2.088211 	1.495201 	3.094855 	2.612111 	1.583114 	0.469707 	
0.570088 	2.912902 	2.457260 	2.906888 	1.630376 	0.860959 	0.371652 	9.000000 	1.851520 	1.445035 	1.263428 	0.570088 	2.235090 	0.602080 	0.525595 	0.696419 	0.954594 	0.687841 	1.942453 	0.608276 	1.860779 	2.390084 	0.134629 	1.365650 	0.282843 	0.176777 	2.330772 	2.682466 	1.867652 	0.500000 	2.570019 	3.164352 	2.871628 	0.395285 	1.569236 	0.360555 	2.510976 	2.680019 	1.079641 	2.890069 	0.482830 	1.181630 	0.520216 	2.960152 	2.452805 	1.866815 	3.430197 	2.965004 	1.954642 	0.626498 	
1.319327 	1.243232 	0.711512 	1.209597 	0.223607 	1.009022 	1.495410 	1.851520 	9.000000 	0.425735 	0.620987 	1.326885 	0.388909 	2.016340 	1.421487 	2.317461 	0.929045 	2.521161 	0.127475 	1.325943 	0.125000 	0.548293 	1.885802 	0.570636 	2.130288 	1.827738 	0.480234 	0.851469 	0.215058 	2.351197 	0.725000 	1.380670 	1.050297 	1.644118 	0.456207 	2.190462 	0.660019 	0.832541 	1.051190 	1.044330 	2.267157 	0.989002 	1.741407 	1.114955 	0.625000 	0.458939 	1.630376 	1.117195 	0.460977 	1.665270 	
0.941076 	1.638788 	1.118034 	1.611870 	0.237171 	0.590021 	1.081665 	1.445035 	0.425735 	9.000000 	0.195256 	0.905883 	0.813941 	1.672760 	1.055047 	1.958475 	0.577170 	2.124264 	0.500000 	0.901734 	0.416083 	0.973717 	1.470544 	0.175000 	1.719920 	1.410009 	0.901734 	1.277204 	0.427200 	1.942453 	1.149184 	1.802776 	1.475847 	1.219887 	0.235850 	1.775704 	1.079641 	1.255239 	0.649038 	1.467353 	1.846957 	0.604669 	1.315770 	1.538059 	1.007782 	0.505594 	2.055024 	1.538871 	0.575543 	1.241219 	
0.785016 	1.825171 	1.308864 	1.800347 	0.425000 	0.403113 	0.896172 	1.263428 	0.620987 	0.195256 	9.000000 	0.715017 	1.009022 	1.530114 	0.905539 	1.804508 	0.460977 	1.946953 	0.691466 	0.707990 	0.605186 	1.168867 	1.282819 	0.127475 	1.535008 	1.220656 	1.096016 	1.472455 	0.604669 	1.758195 	1.343968 	1.997029 	1.671077 	1.025914 	0.325960 	1.587844 	1.273283 	1.449569 	0.477624 	1.661701 	1.655483 	0.452769 	1.120547 	1.732412 	1.192686 	0.629484 	2.250000 	1.732772 	0.711073 	1.047020 	
0.360555 	2.469818 	1.980057 	2.454587 	1.113833 	0.318198 	0.201556 	0.570088 	1.326885 	0.905883 	0.715017 	9.000000 	1.715554 	0.996243 	0.459619 	1.204159 	0.539676 	1.257229 	1.405569 	0.070711 	1.320038 	1.874166 	0.570636 	0.806226 	0.827647 	0.506211 	1.806239 	2.174425 	1.317431 	1.051190 	2.051828 	2.682466 	2.369863 	0.325960 	1.006231 	0.874643 	1.984943 	2.159282 	0.527376 	2.371181 	0.941076 	0.625500 	0.467039 	2.441823 	1.906895 	1.300000 	2.942151 	2.443614 	1.388569 	0.450000 	
1.693554 	0.926350 	0.403113 	0.880696 	0.605186 	1.397542 	1.882153 	2.235090 	0.388909 	0.813941 	1.009022 	1.715554 	9.000000 	2.367620 	1.789728 	2.675467 	1.299279 	2.899138 	0.335410 	1.714825 	0.425000 	0.160078 	2.272664 	0.950329 	2.515079 	2.215429 	0.103078 	0.465027 	0.474342 	2.735073 	0.336341 	1.006231 	0.665676 	2.033009 	0.805062 	2.576941 	0.279509 	0.445112 	1.423464 	0.656220 	2.655419 	1.353006 	2.128673 	0.726722 	0.340037 	0.676849 	1.248249 	0.730154 	0.625500 	2.050152 	
0.750000 	2.881406 	2.499625 	2.890069 	1.796003 	1.177391 	0.817389 	0.602080 	2.016340 	1.672760 	1.530114 	0.996243 	2.367620 	9.000000 	0.625500 	0.320156 	1.098294 	0.719809 	2.129114 	1.059481 	2.061553 	2.507987 	0.730154 	1.653028 	0.680074 	0.778621 	2.469818 	2.772747 	2.093591 	0.750000 	2.685610 	3.189534 	2.943000 	0.965013 	1.856071 	0.776209 	2.646224 	2.797320 	1.515957 	2.996665 	0.927699 	1.608182 	1.114955 	3.063495 	2.641259 	2.159282 	3.459949 	3.075102 	2.239001 	1.210372 	
0.127475 	2.406502 	1.971833 	2.404423 	1.198176 	0.559017 	0.371652 	0.525595 	1.421487 	1.055047 	0.905539 	0.459619 	1.789728 	0.625500 	9.000000 	0.903466 	0.492443 	1.120547 	1.527457 	0.530330 	1.454734 	1.938105 	0.625000 	1.027740 	0.797653 	0.608276 	1.889775 	2.218812 	1.480076 	0.995615 	2.118077 	2.676402 	2.400521 	0.618466 	1.231361 	0.883883 	2.069118 	2.229630 	0.929045 	2.435416 	1.007782 	1.012423 	0.800391 	2.504246 	2.042670 	1.535008 	2.944911 	2.512469 	1.615743 	0.840387 	
1.019804 	3.201562 	2.817024 	3.210140 	2.095382 	1.430472 	1.007782 	0.696419 	2.317461 	1.958475 	1.804508 	1.204159 	2.675467 	0.320156 	0.903466 	9.000000 	1.391492 	0.475000 	2.427061 	1.258968 	2.356374 	2.818244 	0.794119 	1.923538 	0.636396 	0.860959 	2.777139 	3.086766 	2.383406 	0.604152 	2.996665 	3.508650 	3.259026 	1.091444 	2.128967 	0.710634 	2.954657 	3.108456 	1.731509 	3.309456 	0.845946 	1.829276 	1.207528 	3.376759 	2.941301 	2.433105 	3.779054 	3.387661 	2.515577 	1.320038 	
0.395285 	1.965006 	1.502706 	1.956080 	0.705780 	0.316228 	0.638847 	0.954594 	0.929045 	0.577170 	0.460977 	0.539676 	1.299279 	1.098294 	0.492443 	1.391492 	9.000000 	1.601757 	1.035918 	0.579871 	0.965013 	1.449569 	1.015197 	0.588430 	1.237437 	0.970824 	1.398660 	1.735115 	0.995301 	1.451293 	1.629801 	2.209779 	1.920937 	0.854400 	0.778621 	1.310057 	1.578369 	1.741049 	0.700446 	1.948397 	1.410009 	0.743303 	1.006541 	2.017734 	1.550806 	1.075291 	2.475884 	2.024846 	1.150272 	0.982980 	
1.206493 	3.517900 	3.092329 	3.518966 	2.298097 	1.546165 	1.059481 	0.687841 	2.521161 	2.124264 	1.946953 	1.257229 	2.899138 	0.719809 	1.120547 	0.475000 	1.601757 	9.000000 	2.617728 	1.291559 	2.538331 	3.050922 	0.707107 	2.051981 	0.450694 	0.781425 	2.997186 	3.336353 	2.549510 	0.261008 	3.231195 	3.796380 	3.520032 	1.029866 	2.256241 	0.456207 	3.177361 	3.342248 	1.755349 	3.550088 	0.525595 	1.858259 	1.077613 	3.619479 	3.130994 	2.554530 	4.065172 	3.626379 	2.642205 	1.202341 	
1.421487 	1.241219 	0.707107 	1.201301 	0.333542 	1.090011 	1.581139 	1.942453 	0.127475 	0.500000 	0.691466 	1.405569 	0.335410 	2.129114 	1.527457 	2.427061 	1.035918 	2.617728 	9.000000 	1.399330 	0.090139 	0.493077 	1.970406 	0.620987 	2.218812 	1.910007 	0.410031 	0.797653 	0.150000 	2.440927 	0.660019 	1.341641 	0.999062 	1.717010 	0.469707 	2.275549 	0.583631 	0.761988 	1.089151 	0.973717 	2.346540 	1.017657 	1.804508 	1.044330 	0.515388 	0.388104 	1.582127 	1.043132 	0.369121 	1.722099 	
0.430116 	2.486966 	1.990760 	2.469818 	1.117195 	0.325960 	0.251247 	0.608276 	1.325943 	0.901734 	0.707990 	0.070711 	1.714825 	1.059481 	0.530330 	1.258968 	0.579871 	1.291559 	1.399330 	9.000000 	1.312441 	1.874166 	0.594243 	0.790569 	0.854400 	0.525595 	1.803469 	2.176149 	1.305038 	1.077033 	2.050610 	2.690376 	2.373025 	0.318198 	0.986154 	0.894427 	1.981161 	2.156965 	0.475000 	2.369071 	0.950329 	0.575543 	0.436606 	2.439775 	1.895059 	1.274755 	2.948093 	2.440543 	1.364047 	0.403113 	
1.346291 	1.323820 	0.789383 	1.285496 	0.275000 	1.005609 	1.497707 	1.860779 	0.125000 	0.416083 	0.605186 	1.320038 	0.425000 	2.061553 	1.454734 	2.356374 	0.965013 	2.538331 	0.090139 	1.312441 	9.000000 	0.583095 	1.886299 	0.531507 	2.136001 	1.825171 	0.500000 	0.887764 	0.090139 	2.358495 	0.750000 	1.431127 	1.089151 	1.629801 	0.380789 	2.191461 	0.672681 	0.851469 	0.999062 	1.063015 	2.260669 	0.928036 	1.715554 	1.133578 	0.592663 	0.335410 	1.672199 	1.131923 	0.336341 	1.632483 	
1.844587 	0.801561 	0.313249 	0.750000 	0.761988 	1.556037 	2.039148 	2.390084 	0.548293 	0.973717 	1.168867 	1.874166 	0.160078 	2.507987 	1.938105 	2.818244 	1.449569 	3.050922 	0.493077 	1.874166 	0.583095 	9.000000 	2.429635 	1.110180 	2.670674 	2.373025 	0.100000 	0.305164 	0.626997 	2.890069 	0.180278 	0.850368 	0.506211 	2.192316 	0.961769 	2.733588 	0.150000 	0.291548 	1.582127 	0.500000 	2.813472 	1.510381 	2.288695 	0.570088 	0.318198 	0.813941 	1.089151 	0.575543 	0.753741 	2.210204 	
0.648556 	2.980038 	2.512469 	2.971216 	1.667708 	0.880696 	0.390512 	0.134629 	1.885802 	1.470544 	1.282819 	0.570636 	2.272664 	0.730154 	0.625000 	0.794119 	1.015197 	0.707107 	1.970406 	0.594243 	1.886299 	2.429635 	9.000000 	1.376817 	0.261008 	0.075000 	2.366036 	2.726032 	1.886796 	0.482830 	2.608759 	3.219084 	2.918154 	0.325000 	1.576586 	0.305164 	2.545707 	2.717651 	1.049405 	2.928844 	0.395285 	1.152443 	0.413824 	2.999271 	2.475505 	1.868321 	3.482905 	3.002603 	1.957358 	0.529741 	
