Total assets = 581
Number of asset nodes = 33

Distance:
999.000000 	99.005051 	29.410883 	25.553865 	33.526108 	88.408142 	63.134777 	130.598618 	110.344917 	66.730804 	9.899495 	13.038404 	81.320351 	26.400757 	85.445892 	65.764732 	38.327538 	32.557640 	121.630585 	33.241539 	82.680107 	16.552946 	42.201897 	83.528435 	74.706093 	44.944408 	87.982956 	140.264038 	100.439034 	137.295303 	133.660019 	28.635643 	71.693794 	32.649654 	101.513542 	55.542778 	110.602890 	37.054016 	25.942244 	38.118237 	120.104118 	97.754799 	28.460499 	27.166155 	99.849884 	57.314919 	
99.005051 	999.000000 	73.817345 	123.987900 	70.724815 	15.033297 	41.231056 	33.615471 	11.401754 	38.275318 	99.357941 	86.371292 	17.804493 	125.255737 	20.024984 	40.162170 	68.095520 	74.094536 	22.803509 	75.292763 	25.019993 	94.403389 	66.189125 	25.000000 	34.365681 	143.282944 	23.345236 	42.190044 	15.556349 	38.832977 	34.828148 	86.452301 	41.303753 	131.529465 	17.691807 	58.523499 	17.117243 	78.721024 	94.154129 	79.202271 	23.086792 	23.021729 	124.963997 	121.210564 	25.612497 	64.536812 	
29.410883 	73.817345 	999.000000 	54.625999 	4.123106 	61.554855 	34.828148 	106.850365 	84.811554 	38.418747 	26.400757 	21.095022 	56.938564 	55.009090 	58.000000 	37.202152 	9.055386 	5.000000 	96.607452 	7.071068 	54.671749 	20.615528 	13.038404 	55.443665 	46.043457 	73.790245 	59.816387 	115.935326 	72.917763 	112.645462 	108.600182 	15.000000 	42.485291 	59.640591 	73.756355 	26.305893 	83.450584 	14.212670 	21.587032 	15.620500 	93.348808 	69.404610 	51.623638 	47.507893 	71.281136 	29.154760 	
25.553865 	123.987900 	54.625999 	999.000000 	58.694122 	113.811249 	88.684837 	154.935471 	135.369858 	92.282173 	29.614185 	37.643059 	106.216759 	3.162278 	110.941429 	91.301697 	63.324562 	57.245087 	146.454773 	57.567352 	108.226616 	37.483330 	67.067131 	109.077957 	100.239716 	19.416489 	113.534134 	164.769531 	125.924583 	161.929001 	158.448730 	50.487621 	97.082436 	12.041595 	127.027557 	80.324341 	136.014709 	60.016663 	45.011108 	60.827625 	145.416641 	123.308556 	19.104973 	23.600847 	125.399361 	81.252693 	
33.526108 	70.724815 	4.123106 	58.694122 	999.000000 	58.137768 	31.144823 	103.942291 	81.608826 	34.713108 	30.232433 	25.019993 	54.120235 	59.033890 	54.451813 	33.421551 	5.000000 	4.000000 	93.477272 	6.082763 	50.990196 	24.041630 	9.000000 	51.739735 	42.201897 	77.820305 	56.080299 	112.898186 	69.310890 	109.553642 	105.437187 	16.492422 	38.470768 	63.513779 	70.092796 	22.203604 	79.906197 	13.000000 	23.769728 	14.317822 	89.872131 	65.604881 	55.226807 	50.931328 	67.424034 	25.317978 	
88.408142 	15.033297 	61.554855 	113.811249 	58.137768 	999.000000 	27.459061 	48.083260 	24.166092 	24.186773 	87.692642 	76.275818 	13.601471 	114.808533 	5.000000 	25.942244 	55.000000 	61.220913 	36.249138 	62.201286 	10.000000 	82.134033 	52.697250 	10.049875 	19.416489 	133.221619 	9.433981 	55.946404 	12.649111 	52.325901 	47.885281 	73.239334 	26.305893 	120.507263 	14.317822 	44.011364 	22.203604 	65.000000 	81.024689 	65.368187 	31.827662 	14.560220 	113.145920 	109.041275 	17.720045 	49.729267 	
63.134777 	41.231056 	34.828148 	88.684837 	31.144823 	27.459061 	999.000000 	74.846512 	51.478149 	3.605551 	61.220913 	52.000000 	27.073973 	89.358826 	23.430750 	3.000000 	27.658634 	33.970577 	63.529522 	34.828148 	19.849434 	55.172459 	25.238859 	20.615528 	11.704700 	108.046288 	25.000000 	83.186539 	38.183765 	79.649231 	75.292763 	45.803928 	11.401754 	94.403389 	38.948685 	18.027756 	48.836460 	37.589893 	53.600372 	38.013157 	58.898216 	34.669872 	86.371292 	82.024384 	36.715118 	25.079872 	
130.598618 	33.615471 	106.850365 	154.935471 	103.942291 	48.083260 	74.846512 	999.000000 	24.331051 	71.867935 	131.825638 	117.686020 	49.929951 	156.464050 	52.886673 	73.736015 	101.533249 	107.424393 	13.038404 	108.706024 	57.723480 	127.318497 	99.744675 	57.489128 	67.446274 	173.954010 	54.744862 	10.295630 	42.047592 	9.055386 	9.848858 	119.883278 	74.215904 	163.248276 	43.000000 	92.027168 	33.241539 	112.307610 	127.534309 	112.805145 	25.632011 	50.000000 	157.410294 	153.941544 	51.088158 	97.800819 	
110.344917 	11.401754 	84.811554 	135.369858 	81.608826 	24.166092 	51.478149 	24.331051 	999.000000 	48.301140 	110.535065 	97.744568 	29.206163 	136.619904 	28.792360 	50.089920 	78.771820 	84.876381 	12.083046 	85.982559 	33.526108 	105.422958 	76.661591 	33.241539 	43.324360 	154.673843 	30.413813 	31.780497 	18.110771 	28.178005 	23.853722 	97.097885 	50.000000 	142.835571 	19.416489 	68.154236 	12.041595 	89.067390 	104.847511 	89.470665 	13.000000 	26.305893 	136.124939 	132.279999 	27.892651 	73.681747 	
66.730804 	38.275318 	38.418747 	92.282173 	34.713108 	24.186773 	3.605551 	71.867935 	48.301140 	999.000000 	64.815125 	55.542778 	25.019993 	92.962357 	20.000000 	2.000000 	31.144823 	37.483330 	60.373837 	38.288380 	16.278820 	58.728188 	28.600698 	17.029387 	8.246211 	111.646767 	21.400934 	80.056229 	34.655445 	76.478752 	72.069412 	49.203659 	9.433981 	98.005104 	35.383614 	20.396078 	45.343136 	40.816662 	57.008770 	41.182522 	55.443665 	31.064449 	89.938866 	85.562843 	33.120991 	27.018513 	
9.899495 	99.357941 	26.400757 	29.614185 	30.232433 	87.692642 	61.220913 	131.825638 	110.535065 	64.815125 	999.000000 	18.000000 	82.006096 	29.410883 	84.291161 	63.600315 	34.481880 	28.178005 	122.147453 	28.231188 	81.055534 	8.000000 	38.013157 	81.835197 	72.422371 	48.104053 	86.214851 	141.209061 	99.247169 	138.057953 	134.182709 	21.023796 	68.600288 	33.286633 	100.124924 	51.078373 	109.713264 	30.413813 	16.763054 	31.257000 	119.519875 	95.801880 	25.612497 	22.360680 	97.652443 	51.662365 	
13.038404 	86.371292 	21.095022 	37.643059 	25.019993 	76.275818 	52.000000 	117.686020 	97.744568 	55.542778 	18.000000 	999.000000 	68.622154 	38.897301 	73.573090 	54.781384 	30.016663 	25.495098 	108.903625 	26.925823 	71.119621 	19.697716 	34.014702 	72.006943 	63.694584 	57.008770 	76.478752 	127.404869 	88.509888 	124.482933 	120.917328 	27.018513 	61.400326 	45.607018 	89.693924 	47.042534 	98.473343 	32.695564 	28.017851 	34.014702 	107.800743 	86.313385 	41.231056 	39.293766 	88.566360 	50.249378 	
81.320351 	17.804493 	56.938564 	106.216759 	54.120235 	13.601471 	27.073973 	49.929951 	29.206163 	25.019993 	82.006096 	68.622154 	999.000000 	107.517441 	15.811388 	27.018513 	52.000000 	57.697487 	40.311287 	59.093147 	19.104973 	77.388626 	50.596443 	19.798990 	24.698177 	125.495018 	21.633308 	59.203041 	25.000000 	56.080299 	52.345009 	70.263786 	31.320919 	113.899078 	27.018513 	45.099888 	32.280025 	63.245552 	77.820305 	63.890530 	40.249222 	28.160255 	107.615051 	104.043259 	31.320919 	52.000000 	
26.400757 	125.255737 	55.009090 	3.162278 	59.033890 	114.808533 	89.358826 	156.464050 	136.619904 	92.962357 	29.410883 	38.897301 	107.517441 	999.000000 	111.830231 	91.923882 	63.560993 	57.384666 	147.800537 	57.584721 	109.000000 	37.107952 	67.230942 	109.836243 	100.846420 	18.788294 	114.280357 	166.243790 	126.826653 	163.355438 	159.812393 	50.009998 	97.493591 	9.000000 	127.882759 	80.411446 	137.003647 	59.665737 	44.181442 	60.415230 	146.492325 	124.020157 	16.278820 	21.095022 	126.051575 	81.043198 	
85.445892 	20.024984 	58.000000 	110.941429 	54.451813 	5.000000 	23.430750 	52.886673 	28.792360 	20.000000 	84.291161 	73.573090 	15.811388 	111.830231 	999.000000 	21.633308 	51.088158 	57.384666 	40.853397 	58.258045 	5.000000 	78.492035 	48.600410 	5.099020 	14.560220 	130.357208 	5.830952 	60.539242 	15.000000 	56.859474 	52.325901 	69.202599 	21.377558 	117.290237 	16.124516 	39.395432 	25.455845 	60.745369 	77.006493 	61.057350 	35.468296 	14.035668 	109.622078 	105.380264 	17.000000 	44.922153 	
65.764732 	40.162170 	37.202152 	91.301697 	33.421551 	25.942244 	3.000000 	73.736015 	50.089920 	2.000000 	63.600315 	54.781384 	27.018513 	91.923882 	21.633308 	999.000000 	29.698484 	36.069378 	62.169125 	36.796738 	17.691807 	57.384666 	27.018513 	18.384777 	8.944272 	110.639053 	22.671568 	81.859634 	36.124783 	78.262383 	73.824112 	47.634022 	8.544003 	96.834908 	36.769554 	18.439089 	46.861500 	39.115215 	55.443665 	39.446167 	57.008770 	32.202484 	88.617157 	84.172440 	34.132095 	25.019993 	
38.327538 	68.095520 	9.055386 	63.324562 	5.000000 	55.000000 	27.658634 	101.533249 	78.771820 	31.144823 	34.481880 	30.016663 	52.000000 	63.560993 	51.088158 	29.698484 	999.000000 	6.403124 	90.735878 	7.211102 	47.381432 	27.802877 	4.000000 	48.083260 	38.288380 	82.346825 	52.345009 	110.276924 	65.795135 	106.850365 	102.625534 	18.357559 	34.132095 	67.742157 	66.468040 	17.262676 	76.485291 	12.000000 	26.076809 	13.038404 	86.556343 	61.717098 	59.033890 	54.488529 	63.411354 	20.396078 	
32.557640 	74.094536 	5.000000 	57.245087 	4.000000 	61.220913 	33.970577 	107.424393 	84.876381 	37.483330 	28.178005 	25.495098 	57.697487 	57.384666 	57.384666 	36.069378 	6.403124 	999.000000 	96.798759 	2.236068 	53.740116 	21.400934 	9.848858 	54.451813 	44.687805 	76.157730 	58.728188 	116.284134 	72.138756 	112.898186 	108.724419 	12.649111 	40.496914 	61.400326 	72.835434 	23.086792 	82.807007 	9.433981 	20.124611 	10.816654 	92.849342 	68.117546 	52.630791 	48.104053 	69.814041 	25.000000 	
121.630585 	22.803509 	96.607452 	146.454773 	93.477272 	36.249138 	63.529522 	13.038404 	12.083046 	60.373837 	122.147453 	108.903625 	40.311287 	147.800537 	40.853397 	62.169125 	90.735878 	96.798759 	999.000000 	97.943863 	45.541191 	117.200684 	88.684837 	45.221676 	55.362442 	165.680420 	42.201897 	19.697716 	29.154760 	16.124516 	12.041595 	109.077957 	61.983868 	154.207657 	30.016663 	80.230919 	20.223749 	101.118744 	116.811813 	101.533249 	13.601471 	37.013512 	147.756561 	144.013885 	38.052597 	85.702972 	
33.241539 	75.292763 	7.071068 	57.567352 	6.082763 	62.201286 	34.828148 	108.706024 	85.982559 	38.288380 	28.231188 	26.925823 	59.093147 	57.584721 	58.258045 	36.796738 	7.211102 	2.236068 	97.943863 	999.000000 	54.488529 	21.095022 	10.000000 	55.172459 	45.276924 	76.321686 	59.396969 	117.477661 	72.917763 	114.057007 	109.836243 	11.180340 	40.804413 	61.294373 	73.552704 	22.847319 	83.630135 	7.211102 	18.867962 	8.602325 	93.723000 	68.680420 	52.201534 	47.507893 	70.292244 	24.083189 	
82.680107 	25.019993 	54.671749 	108.226616 	50.990196 	10.000000 	19.849434 	57.723480 	33.526108 	16.278820 	81.055534 	71.119621 	19.104973 	109.000000 	5.000000 	17.691807 	47.381432 	53.740116 	45.541191 	54.488529 	999.000000 	75.006668 	44.687805 	1.000000 	9.848858 	127.624451 	5.385165 	65.192024 	18.439089 	61.465439 	56.859474 	65.299309 	16.492422 	114.201576 	19.104973 	34.885529 	29.206163 	56.612720 	73.109505 	56.859474 	39.408119 	15.231546 	106.216759 	101.833199 	17.720045 	40.162170 	
16.552946 	94.403389 	20.615528 	37.483330 	24.041630 	82.134033 	55.172459 	127.318497 	105.422958 	58.728188 	8.000000 	19.697716 	77.388626 	37.107952 	78.492035 	57.384666 	27.802877 	21.400934 	117.200684 	21.095022 	75.006668 	999.000000 	31.064449 	75.742989 	66.068146 	55.659679 	80.056229 	136.484436 	93.348808 	133.221619 	129.201401 	13.038404 	61.854668 	40.249222 	94.111633 	43.829212 	103.947105 	22.561028 	9.433981 	23.345236 	113.899078 	89.498604 	31.240999 	26.907248 	91.214035 	43.965897 	
42.201897 	66.189125 	13.038404 	67.067131 	9.000000 	52.697250 	25.238859 	99.744675 	76.661591 	28.600698 	38.013157 	34.014702 	50.596443 	67.230942 	48.600410 	27.018513 	4.000000 	9.848858 	88.684837 	10.000000 	44.687805 	31.064449 	999.000000 	45.343136 	35.355339 	86.005814 	49.517673 	108.300507 	63.126858 	104.809349 	100.498756 	20.615528 	30.805843 	71.196907 	63.702435 	13.341664 	73.878281 	12.649111 	28.425341 	13.341664 	84.023804 	58.728188 	62.201286 	57.489128 	60.307545 	16.492422 	
83.528435 	25.000000 	55.443665 	109.077957 	51.739735 	10.049875 	20.615528 	57.489128 	33.241539 	17.029387 	81.835197 	72.006943 	19.798990 	109.836243 	5.099020 	18.384777 	48.083260 	54.451813 	45.221676 	55.172459 	1.000000 	75.742989 	45.343136 	999.000000 	10.295630 	128.471786 	4.472136 	64.845970 	17.804493 	61.098282 	56.462376 	65.946945 	16.763054 	115.000000 	18.384777 	35.355339 	28.600698 	57.201397 	73.756355 	57.428215 	38.832977 	14.317822 	106.962608 	102.552429 	16.763054 	40.496914 	
74.706093 	34.365681 	46.043457 	100.239716 	42.201897 	19.416489 	11.704700 	67.446274 	43.324360 	8.246211 	72.422371 	63.694584 	24.698177 	100.846420 	14.560220 	8.944272 	38.288380 	44.687805 	55.362442 	45.276924 	9.848858 	66.068146 	35.355339 	10.295630 	999.000000 	119.570061 	14.212670 	75.026665 	28.017851 	71.309189 	66.708321 	55.901699 	7.000000 	105.683487 	28.425341 	25.059929 	38.832977 	47.010635 	63.702435 	47.201694 	49.091751 	23.430750 	97.308784 	92.763138 	25.238859 	30.364452 	
44.944408 	143.282944 	73.790245 	19.416489 	77.820305 	133.221619 	108.046288 	173.954010 	154.673843 	111.646767 	48.104053 	57.008770 	125.495018 	18.788294 	130.357208 	110.639053 	82.346825 	76.157730 	165.680420 	76.321686 	127.624451 	55.659679 	86.005814 	128.471786 	119.570061 	999.000000 	132.924789 	183.853195 	145.340973 	181.069046 	177.654160 	68.410522 	116.275536 	17.029387 	146.441116 	99.161484 	155.425217 	78.160095 	62.169125 	78.847954 	164.805954 	142.688477 	29.154760 	35.128338 	144.754959 	99.624290 	
87.982956 	23.345236 	59.816387 	113.534134 	56.080299 	9.433981 	25.000000 	54.744862 	30.413813 	21.400934 	86.214851 	76.478752 	21.633308 	114.280357 	5.830952 	22.671568 	52.345009 	58.728188 	42.201897 	59.396969 	5.385165 	80.056229 	49.517673 	4.472136 	14.212670 	132.924789 	999.000000 	61.684681 	13.892444 	57.870544 	53.141319 	70.092796 	20.124611 	119.402679 	14.212670 	39.115215 	24.698177 	61.220913 	77.897369 	61.400326 	34.985710 	9.848858 	111.287918 	106.831642 	12.369317 	43.863426 	
140.264038 	42.190044 	115.935326 	164.769531 	112.898186 	55.946404 	83.186539 	10.295630 	31.780497 	80.056229 	141.209061 	127.404869 	59.203041 	166.243790 	60.539242 	81.859634 	110.276924 	116.284134 	19.697716 	117.477661 	65.192024 	136.484436 	108.300507 	64.845970 	75.026665 	183.853195 	61.684681 	999.000000 	48.270073 	4.000000 	9.000000 	128.631256 	81.596565 	172.904602 	48.836460 	99.924973 	38.327538 	120.768372 	136.341476 	121.198181 	29.000000 	55.731499 	166.817261 	163.217651 	56.320511 	105.342300 	
100.439034 	15.556349 	72.917763 	125.924583 	69.310890 	12.649111 	38.183765 	42.047592 	18.110771 	34.655445 	99.247169 	88.509888 	25.000000 	126.826653 	15.000000 	36.124783 	65.795135 	72.138756 	29.154760 	72.917763 	18.439089 	93.348808 	63.126858 	17.804493 	28.017851 	145.340973 	13.892444 	48.270073 	999.000000 	44.384682 	39.560081 	83.737686 	34.000000 	132.279999 	2.236068 	53.000000 	10.816654 	75.000000 	91.547798 	75.213028 	21.095022 	8.246211 	124.523087 	120.208153 	10.295630 	57.697487 	
137.295303 	38.832977 	112.645462 	161.929001 	109.553642 	52.325901 	79.649231 	9.055386 	28.178005 	76.478752 	138.057953 	124.482933 	56.080299 	163.355438 	56.859474 	78.262383 	106.850365 	112.898186 	16.124516 	114.057007 	61.465439 	133.221619 	104.809349 	61.098282 	71.309189 	181.069046 	57.870544 	4.000000 	44.384682 	999.000000 	5.000000 	125.195847 	77.833153 	169.917633 	44.911022 	96.254868 	34.365681 	117.239075 	132.924789 	117.647781 	25.000000 	51.788029 	163.670395 	160.000000 	52.345009 	101.592323 	
133.660019 	34.828148 	108.600182 	158.448730 	105.437187 	47.885281 	75.292763 	9.848858 	23.853722 	72.069412 	134.182709 	120.917328 	52.345009 	159.812393 	52.325901 	73.824112 	102.625534 	108.724419 	12.041595 	109.836243 	56.859474 	129.201401 	100.498756 	56.462376 	66.708321 	177.654160 	53.141319 	9.000000 	39.560081 	5.000000 	999.000000 	120.950401 	73.164200 	166.243790 	40.024994 	91.706055 	29.427877 	112.871605 	128.701202 	113.251930 	20.000000 	46.872166 	159.790482 	156.028839 	47.381432 	96.932968 	
28.635643 	86.452301 	15.000000 	50.487621 	16.492422 	73.239334 	45.803928 	119.883278 	97.097885 	49.203659 	21.023796 	27.018513 	70.263786 	50.009998 	69.202599 	47.634022 	18.357559 	12.649111 	109.077957 	11.180340 	65.299309 	13.038404 	20.615528 	65.946945 	55.901699 	68.410522 	70.092796 	128.631256 	83.737686 	125.195847 	120.950401 	999.000000 	50.990196 	52.554733 	84.291161 	32.202484 	94.493385 	9.848858 	7.810250 	10.440307 	104.637466 	79.195961 	42.544094 	37.443291 	80.659782 	31.384710 	
71.693794 	41.303753 	42.485291 	97.082436 	38.470768 	26.305893 	11.401754 	74.215904 	50.000000 	9.433981 	68.600288 	61.400326 	31.320919 	97.493591 	21.377558 	8.544003 	34.132095 	40.496914 	61.983868 	40.804413 	16.492422 	61.854668 	30.805843 	16.763054 	7.000000 	116.275536 	20.124611 	81.596565 	34.000000 	77.833153 	73.164200 	50.990196 	999.000000 	101.872467 	34.132095 	19.209373 	44.777225 	41.725292 	58.728188 	41.773197 	55.072678 	28.425341 	93.005379 	88.238312 	29.698484 	23.769728 	
32.649654 	131.529465 	59.640591 	12.041595 	63.513779 	120.507263 	94.403389 	163.248276 	142.835571 	98.005104 	33.286633 	45.607018 	113.899078 	9.000000 	117.290237 	96.834908 	67.742157 	61.400326 	154.207657 	61.294373 	114.201576 	40.249222 	71.196907 	115.000000 	105.683487 	17.029387 	119.402679 	172.904602 	132.279999 	169.917633 	166.243790 	52.554733 	101.872467 	999.000000 	133.225372 	84.077347 	142.635895 	62.393909 	45.880280 	62.968246 	152.305618 	129.034882 	12.165525 	18.110771 	130.919830 	83.934502 	
101.513542 	17.691807 	73.756355 	127.027557 	70.092796 	14.317822 	38.948685 	43.000000 	19.416489 	35.383614 	100.124924 	89.693924 	27.018513 	127.882759 	16.124516 	36.769554 	66.468040 	72.835434 	30.016663 	73.552704 	19.104973 	94.111633 	63.702435 	18.384777 	28.425341 	146.441116 	14.212670 	48.836460 	2.236068 	44.911022 	40.024994 	84.291161 	34.132095 	133.225372 	999.000000 	53.254108 	10.770329 	75.432091 	92.097771 	75.604233 	21.023796 	7.000000 	125.319588 	120.933868 	8.544003 	57.706154 	
55.542778 	58.523499 	26.305893 	80.324341 	22.203604 	44.011364 	18.027756 	92.027168 	68.154236 	20.396078 	51.078373 	47.042534 	45.099888 	80.411446 	39.395432 	18.439089 	17.262676 	23.086792 	80.230919 	22.847319 	34.885529 	43.829212 	13.341664 	35.355339 	25.059929 	99.161484 	39.115215 	99.924973 	53.000000 	96.254868 	91.706055 	32.202484 	19.209373 	84.077347 	53.254108 	999.000000 	63.812225 	22.671568 	39.824615 	22.627417 	74.094536 	47.634022 	74.625732 	69.634758 	48.836460 	7.615773 	
110.602890 	17.117243 	83.450584 	136.014709 	79.906197 	22.203604 	48.836460 	33.241539 	12.041595 	45.343136 	109.713264 	98.473343 	32.280025 	137.003647 	25.455845 	46.861500 	76.485291 	82.807007 	20.223749 	83.630135 	29.206163 	103.947105 	73.878281 	28.600698 	38.832977 	155.425217 	24.698177 	38.327538 	10.816654 	34.365681 	29.427877 	94.493385 	44.777225 	142.635895 	10.770329 	63.812225 	999.000000 	85.802101 	102.303467 	86.023254 	10.295630 	17.464249 	135.074051 	130.831955 	18.027756 	68.425140 	
37.054016 	78.721024 	14.212670 	60.016663 	13.000000 	65.000000 	37.589893 	112.307610 	89.067390 	40.816662 	30.413813 	32.695564 	63.245552 	59.665737 	60.745369 	39.115215 	12.000000 	9.433981 	101.118744 	7.211102 	56.612720 	22.561028 	12.649111 	57.201397 	47.010635 	78.160095 	61.220913 	120.768372 	75.000000 	117.239075 	112.871605 	9.848858 	41.725292 	62.393909 	75.432091 	22.671568 	85.802101 	999.000000 	17.204651 	1.414214 	96.020828 	70.092796 	52.354561 	47.169907 	71.421288 	21.540659 	
25.942244 	94.154129 	21.587032 	45.011108 	23.769728 	81.024689 	53.600372 	127.534309 	104.847511 	57.008770 	16.763054 	28.017851 	77.820305 	44.181442 	77.006493 	55.443665 	26.076809 	20.124611 	116.811813 	18.867962 	73.109505 	9.433981 	28.425341 	73.756355 	63.702435 	62.169125 	77.897369 	136.341476 	91.547798 	132.924789 	128.701202 	7.810250 	58.728188 	45.880280 	92.097771 	39.824615 	102.303467 	17.204651 	999.000000 	17.492855 	112.445541 	86.977005 	35.341194 	30.016663 	88.413803 	38.470768 	
38.118237 	79.202271 	15.620500 	60.827625 	14.317822 	65.368187 	38.013157 	112.805145 	89.470665 	41.182522 	31.257000 	34.014702 	63.890530 	60.415230 	61.057350 	39.446167 	13.038404 	10.816654 	101.533249 	8.602325 	56.859474 	23.345236 	13.341664 	57.428215 	47.201694 	78.847954 	61.400326 	121.198181 	75.213028 	117.647781 	113.251930 	10.440307 	41.773197 	62.968246 	75.604233 	22.627417 	86.023254 	1.414214 	17.492855 	999.000000 	96.260063 	70.178345 	52.773098 	47.507893 	71.449280 	21.023796 	
120.104118 	23.086792 	93.348808 	145.416641 	89.872131 	31.827662 	58.898216 	25.632011 	13.000000 	55.443665 	119.519875 	107.800743 	40.249222 	146.492325 	35.468296 	57.008770 	86.556343 	92.849342 	13.601471 	93.723000 	39.408119 	113.899078 	84.023804 	38.832977 	49.091751 	164.805954 	34.985710 	29.000000 	21.095022 	25.000000 	20.000000 	104.637466 	55.072678 	152.305618 	21.023796 	74.094536 	10.295630 	96.020828 	112.445541 	96.260063 	999.000000 	27.513634 	144.958618 	140.801285 	27.658634 	78.714676 	
97.754799 	23.021729 	69.404610 	123.308556 	65.604881 	14.560220 	34.669872 	50.000000 	26.305893 	31.064449 	95.801880 	86.313385 	28.160255 	124.020157 	14.035668 	32.202484 	61.717098 	68.117546 	37.013512 	68.680420 	15.231546 	89.498604 	58.728188 	14.317822 	23.430750 	142.688477 	9.848858 	55.731499 	8.246211 	51.788029 	46.872166 	79.195961 	28.425341 	129.034882 	7.000000 	47.634022 	17.464249 	70.092796 	86.977005 	70.178345 	27.513634 	999.000000 	120.739388 	116.180893 	3.162278 	51.623638 	
28.460499 	124.963997 	51.623638 	19.104973 	55.226807 	113.145920 	86.371292 	157.410294 	136.124939 	89.938866 	25.612497 	41.231056 	107.615051 	16.278820 	109.622078 	88.617157 	59.033890 	52.630791 	147.756561 	52.201534 	106.216759 	31.240999 	62.201286 	106.962608 	97.308784 	29.154760 	111.287918 	166.817261 	124.523087 	163.670395 	159.790482 	42.544094 	93.005379 	12.165525 	125.319588 	74.625732 	135.074051 	52.354561 	35.341194 	52.773098 	144.958618 	120.739388 	999.000000 	6.000000 	122.441826 	73.790245 	
27.166155 	121.210564 	47.507893 	23.600847 	50.931328 	109.041275 	82.024384 	153.941544 	132.279999 	85.562843 	22.360680 	39.293766 	104.043259 	21.095022 	105.380264 	84.172440 	54.488529 	48.104053 	144.013885 	47.507893 	101.833199 	26.907248 	57.489128 	102.552429 	92.763138 	35.128338 	106.831642 	163.217651 	120.208153 	160.000000 	156.028839 	37.443291 	88.238312 	18.110771 	120.933868 	69.634758 	130.831955 	47.169907 	30.016663 	47.507893 	140.801285 	116.180893 	6.000000 	999.000000 	117.796432 	68.476273 	
99.849884 	25.612497 	71.281136 	125.399361 	67.424034 	17.720045 	36.715118 	51.088158 	27.892651 	33.120991 	97.652443 	88.566360 	31.320919 	126.051575 	17.000000 	34.132095 	63.411354 	69.814041 	38.052597 	70.292244 	17.720045 	91.214035 	60.307545 	16.763054 	25.238859 	144.754959 	12.369317 	56.320511 	10.295630 	52.345009 	47.381432 	80.659782 	29.698484 	130.919830 	8.544003 	48.836460 	18.027756 	71.421288 	88.413803 	71.449280 	27.658634 	3.162278 	122.441826 	117.796432 	999.000000 	52.430908 	
57.314919 	64.536812 	29.154760 	81.252693 	25.317978 	49.729267 	25.079872 	97.800819 	73.681747 	27.018513 	51.662365 	50.249378 	52.000000 	81.043198 	44.922153 	25.019993 	20.396078 	25.000000 	85.702972 	24.083189 	40.162170 	43.965897 	16.492422 	40.496914 	30.364452 	99.624290 	43.863426 	105.342300 	57.697487 	101.592323 	96.932968 	31.384710 	23.769728 	83.934502 	57.706154 	7.615773 	68.425140 	21.540659 	38.470768 	21.023796 	78.714676 	51.623638 	73.790245 	68.476273 	52.430908 	999.000000 	

Travel time:
9.000000 	2.475126 	0.735272 	0.638847 	0.838153 	2.210204 	1.578369 	3.264966 	2.758623 	1.668270 	0.247487 	0.325960 	2.033009 	0.660019 	2.136147 	1.644118 	0.958188 	0.813941 	3.040765 	0.831038 	2.067003 	0.413824 	1.055047 	2.088211 	1.867652 	1.123610 	2.199574 	3.506601 	2.510976 	3.432383 	3.341501 	0.715891 	1.792345 	0.816241 	2.537838 	1.388569 	2.765072 	0.926350 	0.648556 	0.952956 	3.002603 	2.443870 	0.711512 	0.679154 	2.496247 	1.432873 	
2.475126 	9.000000 	1.845434 	3.099698 	1.768120 	0.375832 	1.030776 	0.840387 	0.285044 	0.956883 	2.483948 	2.159282 	0.445112 	3.131393 	0.500625 	1.004054 	1.702388 	1.852363 	0.570088 	1.882319 	0.625500 	2.360085 	1.654728 	0.625000 	0.859142 	3.582074 	0.583631 	1.054751 	0.388909 	0.970824 	0.870704 	2.161308 	1.032594 	3.288237 	0.442295 	1.463087 	0.427931 	1.968026 	2.353853 	1.980057 	0.577170 	0.575543 	3.124100 	3.030264 	0.640312 	1.613420 	
0.735272 	1.845434 	9.000000 	1.365650 	0.103078 	1.538871 	0.870704 	2.671259 	2.120289 	0.960469 	0.660019 	0.527376 	1.423464 	1.375227 	1.450000 	0.930054 	0.226385 	0.125000 	2.415186 	0.176777 	1.366794 	0.515388 	0.325960 	1.386092 	1.151086 	1.844756 	1.495410 	2.898383 	1.822944 	2.816137 	2.715004 	0.375000 	1.062132 	1.491015 	1.843909 	0.657647 	2.086265 	0.355317 	0.539676 	0.390512 	2.333720 	1.735115 	1.290591 	1.187697 	1.782028 	0.728869 	
0.638847 	3.099698 	1.365650 	9.000000 	1.467353 	2.845281 	2.217121 	3.873387 	3.384246 	2.307054 	0.740355 	0.941076 	2.655419 	0.079057 	2.773536 	2.282542 	1.583114 	1.431127 	3.661369 	1.439184 	2.705665 	0.937083 	1.676678 	2.726949 	2.505993 	0.485412 	2.838353 	4.119238 	3.148115 	4.048225 	3.961218 	1.262191 	2.427061 	0.301040 	3.175689 	2.008109 	3.400368 	1.500417 	1.125278 	1.520691 	3.635416 	3.082714 	0.477624 	0.590021 	3.134984 	2.031317 	
0.838153 	1.768120 	0.103078 	1.467353 	9.000000 	1.453444 	0.778621 	2.598557 	2.040221 	0.867828 	0.755811 	0.625500 	1.353006 	1.475847 	1.361295 	0.835539 	0.125000 	0.100000 	2.336932 	0.152069 	1.274755 	0.601041 	0.225000 	1.293493 	1.055047 	1.945508 	1.402007 	2.822455 	1.732772 	2.738841 	2.635930 	0.412311 	0.961769 	1.587844 	1.752320 	0.555090 	1.997655 	0.325000 	0.594243 	0.357946 	2.246803 	1.640122 	1.380670 	1.273283 	1.685601 	0.632949 	
2.210204 	0.375832 	1.538871 	2.845281 	1.453444 	9.000000 	0.686477 	1.202081 	0.604152 	0.604669 	2.192316 	1.906895 	0.340037 	2.870213 	0.125000 	0.648556 	1.375000 	1.530523 	0.906228 	1.555032 	0.250000 	2.053351 	1.317431 	0.251247 	0.485412 	3.330540 	0.235850 	1.398660 	0.316228 	1.308148 	1.197132 	1.830983 	0.657647 	3.012681 	0.357946 	1.100284 	0.555090 	1.625000 	2.025617 	1.634205 	0.795692 	0.364006 	2.828648 	2.726032 	0.443001 	1.243232 	
1.578369 	1.030776 	0.870704 	2.217121 	0.778621 	0.686477 	9.000000 	1.871163 	1.286954 	0.090139 	1.530523 	1.300000 	0.676849 	2.233971 	0.585769 	0.075000 	0.691466 	0.849264 	1.588238 	0.870704 	0.496236 	1.379311 	0.630971 	0.515388 	0.292617 	2.701157 	0.625000 	2.079664 	0.954594 	1.991231 	1.882319 	1.145098 	0.285044 	2.360085 	0.973717 	0.450694 	1.220912 	0.939747 	1.340009 	0.950329 	1.472455 	0.866747 	2.159282 	2.050610 	0.917878 	0.626997 	
3.264966 	0.840387 	2.671259 	3.873387 	2.598557 	1.202081 	1.871163 	9.000000 	0.608276 	1.796698 	3.295641 	2.942151 	1.248249 	3.911601 	1.322167 	1.843400 	2.538331 	2.685610 	0.325960 	2.717651 	1.443087 	3.182962 	2.493617 	1.437228 	1.686157 	4.348850 	1.368622 	0.257391 	1.051190 	0.226385 	0.246221 	2.997082 	1.855398 	4.081207 	1.075000 	2.300679 	0.831038 	2.807690 	3.188358 	2.820129 	0.640800 	1.250000 	3.935257 	3.848539 	1.277204 	2.445020 	
2.758623 	0.285044 	2.120289 	3.384246 	2.040221 	0.604152 	1.286954 	0.608276 	9.000000 	1.207528 	2.763377 	2.443614 	0.730154 	3.415498 	0.719809 	1.252248 	1.969296 	2.121910 	0.302076 	2.149564 	0.838153 	2.635574 	1.916540 	0.831038 	1.083109 	3.866846 	0.760345 	0.794512 	0.452769 	0.704450 	0.596343 	2.427447 	1.250000 	3.570889 	0.485412 	1.703856 	0.301040 	2.226685 	2.621188 	2.236767 	0.325000 	0.657647 	3.403123 	3.307000 	0.697316 	1.842044 	
1.668270 	0.956883 	0.960469 	2.307054 	0.867828 	0.604669 	0.090139 	1.796698 	1.207528 	9.000000 	1.620378 	1.388569 	0.625500 	2.324059 	0.500000 	0.050000 	0.778621 	0.937083 	1.509346 	0.957209 	0.406971 	1.468205 	0.715017 	0.425735 	0.206155 	2.791169 	0.535023 	2.001406 	0.866386 	1.911969 	1.801735 	1.230091 	0.235850 	2.450128 	0.884590 	0.509902 	1.133578 	1.020416 	1.425219 	1.029563 	1.386092 	0.776611 	2.248472 	2.139071 	0.828025 	0.675463 	
0.247487 	2.483948 	0.660019 	0.740355 	0.755811 	2.192316 	1.530523 	3.295641 	2.763377 	1.620378 	9.000000 	0.450000 	2.050152 	0.735272 	2.107279 	1.590008 	0.862047 	0.704450 	3.053686 	0.705780 	2.026388 	0.200000 	0.950329 	2.045880 	1.810559 	1.202601 	2.155371 	3.530226 	2.481179 	3.451449 	3.354568 	0.525595 	1.715007 	0.832166 	2.503123 	1.276959 	2.742832 	0.760345 	0.419076 	0.781425 	2.987997 	2.395047 	0.640312 	0.559017 	2.441311 	1.291559 	
0.325960 	2.159282 	0.527376 	0.941076 	0.625500 	1.906895 	1.300000 	2.942151 	2.443614 	1.388569 	0.450000 	9.000000 	1.715554 	0.972432 	1.839327 	1.369535 	0.750417 	0.637377 	2.722591 	0.673146 	1.777991 	0.492443 	0.850368 	1.800174 	1.592365 	1.425219 	1.911969 	3.185122 	2.212747 	3.112073 	3.022933 	0.675463 	1.535008 	1.140175 	2.242348 	1.176063 	2.461833 	0.817389 	0.700446 	0.850368 	2.695019 	2.157835 	1.030776 	0.982344 	2.214159 	1.256234 	
2.033009 	0.445112 	1.423464 	2.655419 	1.353006 	0.340037 	0.676849 	1.248249 	0.730154 	0.625500 	2.050152 	1.715554 	9.000000 	2.687936 	0.395285 	0.675463 	1.300000 	1.442437 	1.007782 	1.477329 	0.477624 	1.934716 	1.264911 	0.494975 	0.617454 	3.137375 	0.540833 	1.480076 	0.625000 	1.402007 	1.308625 	1.756595 	0.783023 	2.847477 	0.675463 	1.127497 	0.807001 	1.581139 	1.945508 	1.597263 	1.006231 	0.704006 	2.690376 	2.601081 	0.783023 	1.300000 	
0.660019 	3.131393 	1.375227 	0.079057 	1.475847 	2.870213 	2.233971 	3.911601 	3.415498 	2.324059 	0.735272 	0.972432 	2.687936 	9.000000 	2.795756 	2.298097 	1.589025 	1.434617 	3.695014 	1.439618 	2.725000 	0.927699 	1.680773 	2.745906 	2.521161 	0.469707 	2.857009 	4.156095 	3.170666 	4.083886 	3.995310 	1.250250 	2.437340 	0.225000 	3.197069 	2.010286 	3.425091 	1.491643 	1.104536 	1.510381 	3.662308 	3.100504 	0.406971 	0.527376 	3.151289 	2.026080 	
2.136147 	0.500625 	1.450000 	2.773536 	1.361295 	0.125000 	0.585769 	1.322167 	0.719809 	0.500000 	2.107279 	1.839327 	0.395285 	2.795756 	9.000000 	0.540833 	1.277204 	1.434617 	1.021335 	1.456451 	0.125000 	1.962301 	1.215010 	0.127475 	0.364006 	3.258930 	0.145774 	1.513481 	0.375000 	1.421487 	1.308148 	1.730065 	0.534439 	2.932256 	0.403113 	0.984886 	0.636396 	1.518634 	1.925162 	1.526434 	0.886707 	0.350892 	2.740552 	2.634507 	0.425000 	1.123054 	
1.644118 	1.004054 	0.930054 	2.282542 	0.835539 	0.648556 	0.075000 	1.843400 	1.252248 	0.050000 	1.590008 	1.369535 	0.675463 	2.298097 	0.540833 	9.000000 	0.742462 	0.901734 	1.554228 	0.919918 	0.442295 	1.434617 	0.675463 	0.459619 	0.223607 	2.765976 	0.566789 	2.046491 	0.903120 	1.956560 	1.845603 	1.190850 	0.213600 	2.420873 	0.919239 	0.460977 	1.171538 	0.977880 	1.386092 	0.986154 	1.425219 	0.805062 	2.215429 	2.104311 	0.853302 	0.625500 	
0.958188 	1.702388 	0.226385 	1.583114 	0.125000 	1.375000 	0.691466 	2.538331 	1.969296 	0.778621 	0.862047 	0.750417 	1.300000 	1.589025 	1.277204 	0.742462 	9.000000 	0.160078 	2.268397 	0.180278 	1.184536 	0.695072 	0.100000 	1.202081 	0.957209 	2.058671 	1.308625 	2.756923 	1.644878 	2.671259 	2.565638 	0.458939 	0.853302 	1.693554 	1.661701 	0.431567 	1.912132 	0.300000 	0.651920 	0.325960 	2.163908 	1.542928 	1.475847 	1.362213 	1.585284 	0.509902 	
0.813941 	1.852363 	0.125000 	1.431127 	0.100000 	1.530523 	0.849264 	2.685610 	2.121910 	0.937083 	0.704450 	0.637377 	1.442437 	1.434617 	1.434617 	0.901734 	0.160078 	9.000000 	2.419969 	0.055902 	1.343503 	0.535023 	0.246221 	1.361295 	1.117195 	1.903943 	1.468205 	2.907103 	1.803469 	2.822455 	2.718111 	0.316228 	1.012423 	1.535008 	1.820886 	0.577170 	2.070175 	0.235850 	0.503115 	0.270416 	2.321234 	1.702939 	1.315770 	1.202601 	1.745351 	0.625000 	
3.040765 	0.570088 	2.415186 	3.661369 	2.336932 	0.906228 	1.588238 	0.325960 	0.302076 	1.509346 	3.053686 	2.722591 	1.007782 	3.695014 	1.021335 	1.554228 	2.268397 	2.419969 	9.000000 	2.448596 	1.138530 	2.930017 	2.217121 	1.130542 	1.384061 	4.142011 	1.055047 	0.492443 	0.728869 	0.403113 	0.301040 	2.726949 	1.549597 	3.855191 	0.750417 	2.005773 	0.505594 	2.527969 	2.920295 	2.538331 	0.340037 	0.925338 	3.693914 	3.600347 	0.951315 	2.142574 	
0.831038 	1.882319 	0.176777 	1.439184 	0.152069 	1.555032 	0.870704 	2.717651 	2.149564 	0.957209 	0.705780 	0.673146 	1.477329 	1.439618 	1.456451 	0.919918 	0.180278 	0.055902 	2.448596 	9.000000 	1.362213 	0.527376 	0.250000 	1.379311 	1.131923 	1.908042 	1.484924 	2.936942 	1.822944 	2.851425 	2.745906 	0.279509 	1.020110 	1.532359 	1.838818 	0.571183 	2.090753 	0.180278 	0.471699 	0.215058 	2.343075 	1.717010 	1.305038 	1.187697 	1.757306 	0.602080 	
2.067003 	0.625500 	1.366794 	2.705665 	1.274755 	0.250000 	0.496236 	1.443087 	0.838153 	0.406971 	2.026388 	1.777991 	0.477624 	2.725000 	0.125000 	0.442295 	1.184536 	1.343503 	1.138530 	1.362213 	9.000000 	1.875167 	1.117195 	0.025000 	0.246221 	3.190611 	0.134629 	1.629801 	0.460977 	1.536636 	1.421487 	1.632483 	0.412311 	2.855039 	0.477624 	0.872138 	0.730154 	1.415318 	1.827738 	1.421487 	0.985203 	0.380789 	2.655419 	2.545830 	0.443001 	1.004054 	
0.413824 	2.360085 	0.515388 	0.937083 	0.601041 	2.053351 	1.379311 	3.182962 	2.635574 	1.468205 	0.200000 	0.492443 	1.934716 	0.927699 	1.962301 	1.434617 	0.695072 	0.535023 	2.930017 	0.527376 	1.875167 	9.000000 	0.776611 	1.893575 	1.651704 	1.391492 	2.001406 	3.412111 	2.333720 	3.330540 	3.230035 	0.325960 	1.546367 	1.006231 	2.352791 	1.095730 	2.598678 	0.564026 	0.235850 	0.583631 	2.847477 	2.237465 	0.781025 	0.672681 	2.280351 	1.099147 	
1.055047 	1.654728 	0.325960 	1.676678 	0.225000 	1.317431 	0.630971 	2.493617 	1.916540 	0.715017 	0.950329 	0.850368 	1.264911 	1.680773 	1.215010 	0.675463 	0.100000 	0.246221 	2.217121 	0.250000 	1.117195 	0.776611 	9.000000 	1.133578 	0.883883 	2.150145 	1.237942 	2.707513 	1.578171 	2.620234 	2.512469 	0.515388 	0.770146 	1.779923 	1.592561 	0.333542 	1.846957 	0.316228 	0.710634 	0.333542 	2.100595 	1.468205 	1.555032 	1.437228 	1.507689 	0.412311 	
2.088211 	0.625000 	1.386092 	2.726949 	1.293493 	0.251247 	0.515388 	1.437228 	0.831038 	0.425735 	2.045880 	1.800174 	0.494975 	2.745906 	0.127475 	0.459619 	1.202081 	1.361295 	1.130542 	1.379311 	0.025000 	1.893575 	1.133578 	9.000000 	0.257391 	3.211795 	0.111803 	1.621149 	0.445112 	1.527457 	1.411559 	1.648674 	0.419076 	2.875000 	0.459619 	0.883883 	0.715017 	1.430035 	1.843909 	1.435705 	0.970824 	0.357946 	2.674065 	2.563811 	0.419076 	1.012423 	
1.867652 	0.859142 	1.151086 	2.505993 	1.055047 	0.485412 	0.292617 	1.686157 	1.083109 	0.206155 	1.810559 	1.592365 	0.617454 	2.521161 	0.364006 	0.223607 	0.957209 	1.117195 	1.384061 	1.131923 	0.246221 	1.651704 	0.883883 	0.257391 	9.000000 	2.989252 	0.355317 	1.875667 	0.700446 	1.782730 	1.667708 	1.397542 	0.175000 	2.642087 	0.710634 	0.626498 	0.970824 	1.175266 	1.592561 	1.180042 	1.227294 	0.585769 	2.432720 	2.319078 	0.630971 	0.759111 	
1.123610 	3.582074 	1.844756 	0.485412 	1.945508 	3.330540 	2.701157 	4.348850 	3.866846 	2.791169 	1.202601 	1.425219 	3.137375 	0.469707 	3.258930 	2.765976 	2.058671 	1.903943 	4.142011 	1.908042 	3.190611 	1.391492 	2.150145 	3.211795 	2.989252 	9.000000 	3.323120 	4.596330 	3.633524 	4.526726 	4.441354 	1.710263 	2.906888 	0.425735 	3.661028 	2.479037 	3.885630 	1.954002 	1.554228 	1.971199 	4.120149 	3.567212 	0.728869 	0.878208 	3.618874 	2.490607 	
2.199574 	0.583631 	1.495410 	2.838353 	1.402007 	0.235850 	0.625000 	1.368622 	0.760345 	0.535023 	2.155371 	1.911969 	0.540833 	2.857009 	0.145774 	0.566789 	1.308625 	1.468205 	1.055047 	1.484924 	0.134629 	2.001406 	1.237942 	0.111803 	0.355317 	3.323120 	9.000000 	1.542117 	0.347311 	1.446764 	1.328533 	1.752320 	0.503115 	2.985067 	0.355317 	0.977880 	0.617454 	1.530523 	1.947434 	1.535008 	0.874643 	0.246221 	2.782198 	2.670791 	0.309233 	1.096586 	
3.506601 	1.054751 	2.898383 	4.119238 	2.822455 	1.398660 	2.079664 	0.257391 	0.794512 	2.001406 	3.530226 	3.185122 	1.480076 	4.156095 	1.513481 	2.046491 	2.756923 	2.907103 	0.492443 	2.936942 	1.629801 	3.412111 	2.707513 	1.621149 	1.875667 	4.596330 	1.542117 	9.000000 	1.206752 	0.100000 	0.225000 	3.215781 	2.039914 	4.322615 	1.220912 	2.498124 	0.958188 	3.019209 	3.408537 	3.029954 	0.725000 	1.393287 	4.170432 	4.080441 	1.408013 	2.633558 	
2.510976 	0.388909 	1.822944 	3.148115 	1.732772 	0.316228 	0.954594 	1.051190 	0.452769 	0.866386 	2.481179 	2.212747 	0.625000 	3.170666 	0.375000 	0.903120 	1.644878 	1.803469 	0.728869 	1.822944 	0.460977 	2.333720 	1.578171 	0.445112 	0.700446 	3.633524 	0.347311 	1.206752 	9.000000 	1.109617 	0.989002 	2.093442 	0.850000 	3.307000 	0.055902 	1.325000 	0.270416 	1.875000 	2.288695 	1.880326 	0.527376 	0.206155 	3.113077 	3.005204 	0.257391 	1.442437 	
3.432383 	0.970824 	2.816137 	4.048225 	2.738841 	1.308148 	1.991231 	0.226385 	0.704450 	1.911969 	3.451449 	3.112073 	1.402007 	4.083886 	1.421487 	1.956560 	2.671259 	2.822455 	0.403113 	2.851425 	1.536636 	3.330540 	2.620234 	1.527457 	1.782730 	4.526726 	1.446764 	0.100000 	1.109617 	9.000000 	0.125000 	3.129896 	1.945829 	4.247941 	1.122776 	2.406372 	0.859142 	2.930977 	3.323120 	2.941195 	0.625000 	1.294701 	4.091760 	4.000000 	1.308625 	2.539808 	
3.341501 	0.870704 	2.715004 	3.961218 	2.635930 	1.197132 	1.882319 	0.246221 	0.596343 	1.801735 	3.354568 	3.022933 	1.308625 	3.995310 	1.308148 	1.845603 	2.565638 	2.718111 	0.301040 	2.745906 	1.421487 	3.230035 	2.512469 	1.411559 	1.667708 	4.441354 	1.328533 	0.225000 	0.989002 	0.125000 	9.000000 	3.023760 	1.829105 	4.156095 	1.000625 	2.292651 	0.735697 	2.821790 	3.217530 	2.831298 	0.500000 	1.171804 	3.994762 	3.900721 	1.184536 	2.423324 	
0.715891 	2.161308 	0.375000 	1.262191 	0.412311 	1.830983 	1.145098 	2.997082 	2.427447 	1.230091 	0.525595 	0.675463 	1.756595 	1.250250 	1.730065 	1.190850 	0.458939 	0.316228 	2.726949 	0.279509 	1.632483 	0.325960 	0.515388 	1.648674 	1.397542 	1.710263 	1.752320 	3.215781 	2.093442 	3.129896 	3.023760 	9.000000 	1.274755 	1.313868 	2.107279 	0.805062 	2.362335 	0.246221 	0.195256 	0.261008 	2.615937 	1.979899 	1.063602 	0.936082 	2.016495 	0.784618 	
1.792345 	1.032594 	1.062132 	2.427061 	0.961769 	0.657647 	0.285044 	1.855398 	1.250000 	0.235850 	1.715007 	1.535008 	0.783023 	2.437340 	0.534439 	0.213600 	0.853302 	1.012423 	1.549597 	1.020110 	0.412311 	1.546367 	0.770146 	0.419076 	0.175000 	2.906888 	0.503115 	2.039914 	0.850000 	1.945829 	1.829105 	1.274755 	9.000000 	2.546812 	0.853302 	0.480234 	1.119431 	1.043132 	1.468205 	1.044330 	1.376817 	0.710634 	2.325135 	2.205958 	0.742462 	0.594243 	
0.816241 	3.288237 	1.491015 	0.301040 	1.587844 	3.012681 	2.360085 	4.081207 	3.570889 	2.450128 	0.832166 	1.140175 	2.847477 	0.225000 	2.932256 	2.420873 	1.693554 	1.535008 	3.855191 	1.532359 	2.855039 	1.006231 	1.779923 	2.875000 	2.642087 	0.425735 	2.985067 	4.322615 	3.307000 	4.247941 	4.156095 	1.313868 	2.546812 	9.000000 	3.330634 	2.101934 	3.565897 	1.559848 	1.147007 	1.574206 	3.807641 	3.225872 	0.304138 	0.452769 	3.272996 	2.098362 	
2.537838 	0.442295 	1.843909 	3.175689 	1.752320 	0.357946 	0.973717 	1.075000 	0.485412 	0.884590 	2.503123 	2.242348 	0.675463 	3.197069 	0.403113 	0.919239 	1.661701 	1.820886 	0.750417 	1.838818 	0.477624 	2.352791 	1.592561 	0.459619 	0.710634 	3.661028 	0.355317 	1.220912 	0.055902 	1.122776 	1.000625 	2.107279 	0.853302 	3.330634 	9.000000 	1.331353 	0.269258 	1.885802 	2.302444 	1.890106 	0.525595 	0.175000 	3.132990 	3.023347 	0.213600 	1.442654 	
