Total assets = 704
Number of asset nodes = 40

Distance:
999.000000 	46.754681 	7.810250 	11.401754 	12.041595 	14.142136 	16.031219 	58.000000 	36.055511 	24.041630 	25.632011 	20.808653 	39.458839 	26.925823 	33.955853 	28.792360 	35.735138 	65.513359 	40.853397 	43.462627 	34.481880 	45.188496 	54.918121 	70.661163 	56.568542 	65.787537 	63.324562 	47.296936 	69.289246 	59.304298 	41.868843 	42.059483 	44.721359 	62.393909 	77.820305 	82.492424 	48.041649 	46.010868 	55.108982 	57.384666 	50.119858 	63.031738 	53.758720 	87.132080 	50.990196 	50.328918 	72.993149 	89.554451 	51.884487 	53.075417 	58.694122 	65.000000 	58.215118 	86.815895 	
46.754681 	999.000000 	48.548943 	53.851646 	48.301140 	56.938564 	59.169250 	12.083046 	23.194826 	69.339745 	71.281136 	49.040798 	30.083218 	65.551506 	43.046486 	65.459915 	46.097721 	25.019993 	86.284416 	89.044930 	71.168816 	90.972527 	33.970577 	32.140316 	36.796738 	33.615471 	34.985710 	91.241440 	35.735138 	40.311287 	67.119293 	72.835434 	82.280006 	41.773197 	39.012817 	40.607880 	87.920418 	69.000000 	51.429562 	102.727798 	60.415230 	45.967381 	55.713554 	44.384682 	69.354164 	73.027390 	47.010635 	47.853943 	81.301903 	71.449280 	101.237343 	110.276924 	99.724625 	48.010414 	
7.810250 	48.548943 	999.000000 	5.385165 	4.472136 	8.544003 	10.770329 	59.033890 	34.132095 	20.808653 	22.803509 	13.416408 	36.055511 	20.099751 	28.071337 	21.587032 	29.427877 	64.815125 	37.735924 	40.496914 	27.459061 	42.438190 	51.546097 	69.339745 	52.886673 	63.505905 	60.539242 	43.081318 	67.082039 	55.317268 	34.058773 	34.438351 	38.118237 	58.463665 	76.321686 	81.608826 	42.107006 	38.209946 	49.254440 	54.203320 	42.953465 	58.549126 	47.296936 	86.400230 	43.278172 	42.520584 	69.375786 	88.481636 	44.283180 	45.343136 	53.851646 	61.773781 	52.952808 	85.088188 	
11.401754 	53.851646 	5.385165 	999.000000 	6.708204 	3.162278 	5.385165 	64.202805 	38.600517 	15.620500 	17.691807 	14.035668 	39.812057 	15.524175 	30.149628 	17.464249 	31.000000 	69.526970 	32.449963 	35.227829 	23.086792 	37.202152 	55.154327 	73.817345 	56.302753 	67.601776 	64.404968 	37.696156 	71.196907 	58.523499 	31.890438 	31.064449 	33.376640 	61.684681 	80.709358 	86.214851 	37.013512 	36.235340 	51.000000 	48.877399 	43.011627 	61.392181 	48.373547 	91.049438 	41.880783 	40.360870 	72.732384 	93.005379 	40.816662 	43.829212 	48.507732 	56.435802 	47.675991 	89.358826 	
12.041595 	48.301140 	4.472136 	6.708204 	999.000000 	9.219544 	11.313708 	58.249462 	32.015621 	21.931713 	24.083189 	8.944272 	33.105892 	18.110771 	24.000000 	19.026299 	25.179358 	63.031738 	38.418747 	41.231056 	25.019993 	43.278172 	48.466484 	67.201187 	49.648766 	60.901562 	57.697487 	42.941822 	64.498062 	51.923019 	30.000000 	31.016125 	36.013885 	55.081757 	74.060783 	79.649231 	40.607880 	34.058773 	45.099888 	54.644306 	38.483765 	54.918121 	42.953465 	84.504440 	38.948685 	38.418747 	66.098412 	86.400230 	40.853397 	41.036568 	53.141319 	62.128899 	51.923019 	82.680107 	
14.142136 	56.938564 	8.544003 	3.162278 	9.219544 	999.000000 	2.236068 	67.201187 	41.231056 	12.727922 	14.866069 	15.132746 	42.059483 	13.000000 	31.575306 	15.264338 	32.140316 	72.249565 	29.410883 	32.202484 	20.615528 	34.205261 	57.271286 	76.400261 	58.309521 	69.971420 	66.648331 	34.539833 	73.573090 	60.406952 	30.805843 	29.206163 	30.594116 	63.568859 	83.234612 	88.865067 	34.000000 	35.227829 	52.086468 	45.793011 	43.174065 	63.063461 	49.091751 	93.723000 	41.182522 	39.204590 	74.672615 	95.603348 	38.832977 	43.046486 	45.354160 	53.338543 	44.553337 	91.809586 	
16.031219 	59.169250 	10.770329 	5.385165 	11.313708 	2.236068 	999.000000 	69.404610 	43.278172 	10.630146 	12.806249 	16.492422 	43.908997 	11.661903 	32.984844 	14.212670 	33.376640 	74.330345 	27.202942 	30.000000 	19.235384 	32.015621 	59.033890 	78.409180 	60.008331 	71.867935 	68.476273 	32.310989 	75.471848 	62.032249 	30.528675 	28.319605 	28.861740 	65.192024 	85.211502 	90.906548 	32.015621 	34.985710 	53.235325 	43.566040 	43.737854 	64.560051 	50.009998 	95.775780 	41.146080 	38.832977 	76.321686 	97.616600 	37.802116 	42.941822 	43.174065 	51.107731 	42.426407 	93.744331 	
58.000000 	12.083046 	59.033890 	64.202805 	58.249462 	67.201187 	69.404610 	999.000000 	29.120440 	79.812279 	81.835197 	57.697487 	34.132095 	74.706093 	48.836460 	74.249580 	51.623638 	15.231546 	96.607452 	99.403221 	79.705711 	101.400200 	32.310989 	22.472204 	34.928497 	26.907248 	29.832869 	101.019798 	28.017851 	38.013157 	73.545906 	80.081207 	90.620087 	38.587563 	28.635643 	29.068884 	96.664368 	74.813103 	52.392746 	112.893753 	64.031242 	43.416588 	57.706154 	32.557640 	74.108032 	78.517517 	41.036568 	36.221542 	87.863533 	76.059189 	110.476242 	120.370262 	108.687622 	37.215588 	
36.055511 	23.194826 	34.132095 	38.600517 	32.015621 	41.231056 	43.278172 	29.120440 	999.000000 	53.907330 	56.080299 	29.410883 	7.810250 	46.615448 	20.024984 	45.793011 	23.000000 	31.112698 	70.007141 	72.835434 	51.000000 	74.953316 	20.099751 	35.227829 	22.360680 	29.732138 	27.459061 	73.409805 	33.241539 	25.709921 	44.553337 	50.960770 	61.741398 	28.442924 	42.190044 	47.634022 	68.000000 	46.097721 	30.479502 	85.796272 	37.363083 	30.675724 	33.615471 	52.497620 	46.173584 	50.009998 	38.000000 	54.405884 	58.855755 	48.259712 	82.152298 	93.085983 	80.131142 	51.000000 	
24.041630 	69.339745 	20.808653 	15.620500 	21.931713 	12.727922 	10.630146 	79.812279 	53.907330 	999.000000 	2.236068 	26.400757 	54.378304 	14.317822 	42.720020 	17.464249 	42.720020 	84.958817 	17.000000 	19.723083 	19.723083 	21.633308 	69.354164 	89.022469 	70.213959 	82.377182 	78.892334 	23.345236 	85.982559 	72.090218 	35.171009 	30.413813 	25.806976 	75.239616 	95.801880 	101.533249 	26.570660 	39.560081 	62.169125 	33.541019 	51.009804 	74.330345 	58.309521 	106.404884 	46.324940 	42.720020 	86.406021 	108.231232 	38.600517 	47.801674 	35.057095 	41.146080 	35.057095 	104.292854 	
25.632011 	71.281136 	22.803509 	17.691807 	24.083189 	14.866069 	12.806249 	81.835197 	56.080299 	2.236068 	999.000000 	28.635643 	56.603886 	16.124516 	44.944408 	19.235384 	44.922153 	87.114868 	15.231546 	17.888544 	21.023796 	19.723083 	71.589104 	91.214035 	72.449982 	84.599052 	81.123360 	22.090721 	88.204308 	74.323616 	36.878178 	31.780497 	26.248810 	77.472572 	98.005104 	103.711136 	26.400757 	41.231056 	64.327286 	31.780497 	53.000000 	76.550636 	60.406952 	108.577164 	48.052055 	44.271889 	88.639717 	110.421921 	39.661064 	49.477268 	34.000000 	39.395432 	34.234486 	106.508217 	
20.808653 	49.040798 	13.416408 	14.035668 	8.944272 	15.132746 	16.492422 	57.697487 	29.410883 	26.400757 	28.635643 	999.000000 	28.425341 	17.204651 	16.492422 	16.552946 	17.029387 	60.307545 	41.231056 	44.045429 	22.135944 	46.227695 	43.046486 	63.655323 	43.829212 	56.400356 	52.697250 	44.045429 	60.000000 	45.694637 	22.360680 	25.179358 	33.241539 	48.846699 	70.178345 	76.367531 	39.000000 	26.076809 	37.013512 	56.586216 	29.546574 	48.083260 	34.365681 	81.320351 	30.413813 	30.528675 	60.008331 	82.807007 	34.713108 	32.557640 	52.839378 	63.780876 	50.990196 	78.409180 	
39.458839 	30.083218 	36.055511 	39.812057 	33.105892 	42.059483 	43.908997 	34.132095 	7.810250 	54.378304 	56.603886 	28.425341 	999.000000 	45.254833 	15.231546 	43.931767 	17.720045 	32.756680 	69.656296 	72.470680 	48.600410 	74.652527 	15.524175 	35.383614 	17.117243 	28.017851 	24.596748 	72.138756 	31.622776 	20.000000 	39.849716 	47.010635 	58.830265 	23.021729 	41.773197 	48.166378 	65.459915 	40.792156 	22.671568 	84.864601 	30.413813 	24.331051 	25.942244 	53.150730 	40.012497 	44.407207 	33.541019 	54.451813 	54.120235 	42.000000 	80.000000 	91.934761 	77.665955 	50.000000 	
26.925823 	65.551506 	20.099751 	15.524175 	18.110771 	13.000000 	11.661903 	74.706093 	46.615448 	14.317822 	16.124516 	17.204651 	45.254833 	999.000000 	31.622776 	3.162278 	30.886890 	77.466118 	25.059929 	27.784887 	7.615773 	30.016663 	59.203041 	80.622574 	59.640591 	73.000000 	69.028976 	26.907248 	76.576759 	61.057350 	20.880613 	17.029387 	18.027756 	64.140472 	87.000000 	93.380943 	22.561028 	25.298222 	49.335587 	39.623226 	37.054016 	62.609905 	44.911022 	98.351410 	32.015621 	28.635643 	75.292763 	99.704567 	26.248810 	33.526108 	35.777088 	46.690472 	34.176014 	95.015785 	
33.955853 	43.046486 	28.071337 	30.149628 	24.000000 	31.575306 	32.984844 	48.836460 	20.024984 	42.720020 	44.944408 	16.492422 	15.231546 	31.622776 	999.000000 	29.832869 	3.162278 	47.885281 	56.603886 	59.363289 	33.970577 	61.587337 	27.658634 	50.000000 	28.017851 	41.725292 	37.536648 	58.137768 	45.254833 	29.529646 	24.738634 	31.780497 	43.829212 	32.649654 	55.973209 	62.801273 	50.606323 	26.076809 	21.213203 	71.063354 	19.416489 	31.622776 	20.124611 	67.801178 	26.476404 	30.000000 	43.829212 	68.767723 	39.051247 	28.635643 	65.299309 	77.897369 	62.801273 	63.655323 	
28.792360 	65.459915 	21.587032 	17.464249 	19.026299 	15.264338 	14.212670 	74.249580 	45.793011 	17.464249 	19.235384 	16.552946 	43.931767 	3.162278 	29.832869 	999.000000 	28.844410 	76.400261 	27.313000 	29.966648 	6.000000 	32.202484 	57.489128 	79.309517 	57.801384 	71.449280 	67.357254 	28.319605 	75.006668 	59.076221 	17.720045 	14.142136 	17.117243 	62.128899 	85.562843 	92.097771 	22.472204 	22.135944 	46.818798 	41.231056 	34.132095 	60.415230 	42.201897 	97.082436 	28.861740 	25.495098 	73.246162 	98.310730 	23.600847 	30.364452 	36.359318 	48.104053 	34.438351 	93.434471 	
35.735138 	46.097721 	29.427877 	31.000000 	25.179358 	32.140316 	33.376640 	51.623638 	23.000000 	42.720020 	44.922153 	17.029387 	17.720045 	30.886890 	3.162278 	28.844410 	999.000000 	50.089920 	55.946404 	58.668560 	32.557640 	60.901562 	29.000000 	51.865211 	29.068884 	43.278172 	38.897301 	57.008770 	46.754681 	30.232433 	22.135944 	29.529646 	42.011902 	33.286633 	57.628117 	64.637451 	48.918301 	23.194826 	20.000000 	70.000000 	16.401220 	31.780497 	18.027756 	69.634758 	23.345236 	27.018513 	44.418465 	70.434364 	36.400551 	25.495098 	63.702435 	76.694199 	61.073727 	65.069191 	
65.513359 	25.019993 	64.815125 	69.526970 	63.031738 	72.249565 	74.330345 	15.231546 	31.112698 	84.958817 	87.114868 	60.307545 	32.756680 	77.466118 	47.885281 	76.400261 	50.089920 	999.000000 	101.118744 	103.947105 	81.271149 	106.066017 	24.083189 	7.280110 	26.000000 	13.416408 	17.720045 	104.350372 	13.453624 	28.160255 	72.090218 	79.605278 	91.586021 	27.658634 	14.000000 	17.000000 	98.183502 	72.449982 	45.044422 	116.846054 	59.228371 	32.756680 	51.244511 	21.633308 	70.342018 	75.584389 	27.202942 	24.166092 	86.162636 	72.034714 	112.645462 	124.084648 	110.385689 	23.086792 	
40.853397 	86.284416 	37.735924 	32.449963 	38.418747 	29.410883 	27.202942 	96.607452 	70.007141 	17.000000 	15.231546 	41.231056 	69.656296 	25.059929 	56.603886 	27.313000 	55.946404 	101.118744 	999.000000 	2.828427 	25.495098 	5.000000 	84.053551 	104.804581 	84.599052 	97.616600 	93.813644 	8.944272 	101.212646 	86.092972 	42.426407 	35.014282 	23.769728 	89.185204 	111.395691 	117.456375 	19.723083 	46.173584 	74.094536 	16.552946 	60.638271 	87.658424 	69.260376 	122.380554 	53.150730 	48.000000 	100.344406 	123.987900 	39.812057 	54.037025 	20.880613 	24.166092 	22.360680 	119.632774 	
43.462627 	89.044930 	40.496914 	35.227829 	41.231056 	32.202484 	30.000000 	99.403221 	72.835434 	19.723083 	17.888544 	44.045429 	72.470680 	27.784887 	59.363289 	29.966648 	58.668560 	103.947105 	2.828427 	999.000000 	27.892651 	2.236068 	86.838928 	107.628990 	87.367043 	100.424103 	96.607452 	8.485281 	104.019226 	88.836929 	44.721359 	37.121422 	25.317978 	91.923882 	114.214706 	120.282997 	20.615528 	48.373547 	76.694199 	13.928389 	63.063461 	90.354858 	71.784401 	125.207825 	55.326305 	50.039986 	103.077644 	126.810883 	41.436699 	56.142673 	19.697716 	21.540659 	21.633308 	122.441826 	
34.481880 	71.168816 	27.459061 	23.086792 	25.019993 	20.615528 	19.235384 	79.705711 	51.000000 	19.723083 	21.023796 	22.135944 	48.600410 	7.615773 	33.970577 	6.000000 	32.557640 	81.271149 	25.495098 	27.892651 	999.000000 	30.083218 	61.522354 	83.868942 	61.619801 	75.690155 	71.421288 	24.698177 	79.208588 	62.625874 	17.029387 	10.770329 	11.180340 	65.604881 	89.938866 	96.674713 	17.000000 	21.023796 	49.193497 	37.735924 	35.171009 	63.513779 	44.011364 	101.671036 	28.017851 	23.537205 	76.609398 	102.727798 	19.104973 	29.154760 	31.400637 	44.204071 	29.154760 	97.580734 	
45.188496 	90.972527 	42.438190 	37.202152 	43.278172 	34.205261 	32.015621 	101.400200 	74.953316 	21.633308 	19.723083 	46.227695 	74.652527 	30.016663 	61.587337 	32.202484 	60.901562 	106.066017 	5.000000 	2.236068 	30.083218 	999.000000 	89.050545 	109.786156 	89.587944 	102.615791 	98.812958 	9.433981 	106.212051 	91.065910 	46.872166 	39.204590 	27.166155 	94.154129 	116.387283 	122.429573 	22.135944 	50.487621 	78.924011 	12.369317 	65.253349 	92.590500 	74.000000 	127.349915 	57.428215 	52.086468 	105.309067 	128.972870 	43.289722 	58.215118 	19.723083 	19.924858 	22.022715 	124.631454 	
54.918121 	33.970577 	51.546097 	55.154327 	48.466484 	57.271286 	59.033890 	32.310989 	20.099751 	69.354164 	71.589104 	43.046486 	15.524175 	59.203041 	27.658634 	57.489128 	29.000000 	24.083189 	84.053551 	86.838928 	61.522354 	89.050545 	999.000000 	23.769728 	2.828427 	14.422205 	9.899495 	85.796272 	17.804493 	6.403124 	49.929951 	58.008621 	70.936592 	8.544003 	28.844410 	36.235340 	77.897369 	49.648766 	21.000000 	98.716766 	35.440090 	12.041595 	27.166155 	41.182522 	46.818798 	52.392746 	18.110771 	41.617306 	63.529522 	48.383881 	92.698433 	105.550934 	90.027771 	36.069378 	
70.661163 	32.140316 	69.339745 	73.817345 	67.201187 	76.400261 	78.409180 	22.472204 	35.227829 	89.022469 	91.214035 	63.655323 	35.383614 	80.622574 	50.000000 	79.309517 	51.865211 	7.280110 	104.804581 	107.628990 	83.868942 	109.786156 	23.769728 	999.000000 	25.000000 	10.049875 	15.132746 	107.517441 	8.246211 	26.305893 	73.430237 	81.301903 	93.813644 	25.019993 	7.280110 	12.806249 	100.603180 	73.348480 	43.931767 	120.208153 	59.135437 	30.000000 	50.447994 	17.804493 	70.576202 	76.157730 	21.931713 	19.209373 	87.206650 	72.111023 	115.256233 	127.310646 	112.800713 	16.492422 	
56.568542 	36.796738 	52.886673 	56.302753 	49.648766 	58.309521 	60.008331 	34.928497 	22.360680 	70.213959 	72.449982 	43.829212 	17.117243 	59.640591 	28.017851 	57.801384 	29.068884 	26.000000 	84.599052 	87.367043 	61.619801 	89.587944 	2.828427 	25.000000 	999.000000 	15.231546 	10.295630 	86.052307 	18.357559 	3.605551 	49.406479 	57.628117 	70.767227 	6.082763 	29.529646 	37.161808 	77.794601 	48.877399 	19.104973 	99.020203 	34.176014 	9.219544 	25.495098 	42.047592 	45.694637 	51.429562 	16.492422 	42.190044 	62.769421 	47.169907 	92.633690 	105.759163 	89.872131 	36.235340 	
65.787537 	33.615471 	63.505905 	67.601776 	60.901562 	69.971420 	71.867935 	26.907248 	29.732138 	82.377182 	84.599052 	56.400356 	28.017851 	73.000000 	41.725292 	71.449280 	43.278172 	13.416408 	97.616600 	100.424103 	75.690155 	102.615791 	14.422205 	10.049875 	15.231546 	999.000000 	5.099020 	99.764725 	3.605551 	16.278820 	64.350601 	72.422371 	85.276024 	15.000000 	14.422205 	21.931713 	92.195442 	64.007812 	33.955853 	112.609947 	49.396355 	20.024984 	40.521599 	26.832815 	60.926186 	66.640831 	14.142136 	27.202942 	77.897369 	62.393909 	106.962608 	119.553337 	104.350372 	22.022715 	
63.324562 	34.985710 	60.539242 	64.404968 	57.697487 	66.648331 	68.476273 	29.832869 	27.459061 	78.892334 	81.123360 	52.697250 	24.596748 	69.028976 	37.536648 	67.357254 	38.897301 	17.720045 	93.813644 	96.607452 	71.421288 	98.812958 	9.899495 	15.132746 	10.295630 	5.099020 	999.000000 	95.671310 	8.062258 	11.180340 	59.640591 	67.801178 	80.808418 	10.049875 	19.235384 	26.925823 	87.783829 	59.169250 	28.861740 	108.577164 	44.384682 	15.132746 	35.440090 	31.780497 	55.946404 	61.717098 	12.083046 	31.906113 	73.061615 	57.384666 	102.591423 	115.433968 	99.904953 	26.172504 	
47.296936 	91.241440 	43.081318 	37.696156 	42.941822 	34.539833 	32.310989 	101.019798 	73.409805 	23.345236 	22.090721 	44.045429 	72.138756 	26.907248 	58.137768 	28.319605 	57.008770 	104.350372 	8.944272 	8.485281 	24.698177 	9.433981 	85.796272 	107.517441 	86.052307 	99.764725 	95.671310 	999.000000 	103.324730 	87.200920 	40.496914 	32.280025 	19.104973 	90.210861 	113.846390 	120.282997 	13.152946 	43.680660 	73.824112 	13.038404 	59.236813 	88.204308 	68.447060 	125.255737 	50.447994 	44.721359 	101.257095 	126.574089 	35.000000 	50.990196 	12.165525 	19.798990 	13.416408 	121.753853 	
69.289246 	35.735138 	67.082039 	71.196907 	64.498062 	73.573090 	75.471848 	28.017851 	33.241539 	85.982559 	88.204308 	60.000000 	31.622776 	76.576759 	45.254833 	75.006668 	46.754681 	13.453624 	101.212646 	104.019226 	79.208588 	106.212051 	17.804493 	8.246211 	18.357559 	3.605551 	8.062258 	103.324730 	999.000000 	18.973665 	67.675697 	75.802376 	88.729927 	17.262676 	11.180340 	18.973665 	95.671310 	67.230942 	36.687874 	116.180893 	52.392746 	22.090721 	43.324360 	23.769728 	63.976559 	69.771057 	13.892444 	23.853722 	81.123360 	65.391129 	110.453613 	123.109711 	107.814659 	18.439089 	
59.304298 	40.311287 	55.317268 	58.523499 	51.923019 	60.406952 	62.032249 	38.013157 	25.709921 	72.090218 	74.323616 	45.694637 	20.000000 	61.057350 	29.529646 	59.076221 	30.232433 	28.160255 	86.092972 	88.836929 	62.625874 	91.065910 	6.403124 	26.305893 	3.605551 	16.278820 	11.180340 	87.200920 	18.973665 	999.000000 	49.678970 	58.051701 	71.421288 	3.162278 	30.083218 	37.947330 	78.517517 	48.826221 	17.720045 	100.209778 	33.541019 	5.656854 	24.351591 	42.720020 	45.177429 	51.107731 	14.317822 	42.485291 	62.681736 	46.518814 	93.380943 	106.826965 	90.509666 	36.055511 	
41.868843 	67.119293 	34.058773 	31.890438 	30.000000 	30.805843 	30.528675 	73.545906 	44.553337 	35.171009 	36.878178 	22.360680 	39.849716 	20.880613 	24.738634 	17.720045 	22.135944 	72.090218 	42.426407 	44.721359 	17.029387 	46.872166 	49.929951 	73.430237 	49.406479 	64.350601 	59.640591 	40.496914 	67.675697 	49.678970 	999.000000 	8.602325 	22.472204 	52.402290 	78.771820 	86.092972 	29.681644 	4.472136 	34.205261 	53.310413 	18.788294 	49.517673 	28.301943 	91.065910 	11.180340 	8.485281 	62.936478 	91.525955 	14.317822 	12.649111 	44.407207 	59.059292 	41.231056 	85.603737 	
42.059483 	72.835434 	34.438351 	31.064449 	31.016125 	29.206163 	28.319605 	80.081207 	50.960770 	30.413813 	31.780497 	25.179358 	47.010635 	17.029387 	31.780497 	14.142136 	29.529646 	79.605278 	35.014282 	37.121422 	10.770329 	39.204590 	58.008621 	81.301903 	57.628117 	72.422371 	67.801178 	32.280025 	75.802376 	58.051701 	8.602325 	999.000000 	13.892444 	60.827625 	86.838928 	94.031906 	21.095022 	11.401754 	42.801868 	44.944408 	27.294687 	58.051701 	36.891735 	99.020203 	18.248287 	13.038404 	71.449280 	99.624290 	9.848858 	19.026299 	35.805027 	50.537113 	32.649654 	93.861603 	
44.721359 	82.280006 	38.118237 	33.376640 	36.013885 	30.594116 	28.861740 	90.620087 	61.741398 	25.806976 	26.248810 	33.241539 	58.830265 	18.027756 	43.829212 	17.117243 	42.011902 	91.586021 	23.769728 	25.317978 	11.180340 	27.166155 	70.936592 	93.813644 	70.767227 	85.276024 	80.808418 	19.104973 	88.729927 	71.421288 	22.472204 	13.892444 	999.000000 	74.276512 	99.639351 	106.606750 	7.211102 	25.079872 	56.612720 	31.320919 	41.182522 	71.700768 	50.774010 	111.606453 	31.622776 	25.709921 	85.041168 	112.445541 	16.124516 	32.015621 	22.022715 	36.674240 	19.104973 	106.962608 	
62.393909 	41.773197 	58.463665 	61.684681 	55.081757 	63.568859 	65.192024 	38.587563 	28.442924 	75.239616 	77.472572 	48.846699 	23.021729 	64.140472 	32.649654 	62.128899 	33.286633 	27.658634 	89.185204 	91.923882 	65.604881 	94.154129 	8.544003 	25.019993 	6.082763 	15.000000 	10.049875 	90.210861 	17.262676 	3.162278 	52.402290 	60.827625 	74.276512 	999.000000 	28.160255 	36.138622 	81.394104 	51.400391 	19.697716 	103.227905 	35.846897 	5.099020 	26.400757 	40.804413 	47.507893 	53.535034 	11.180340 	40.311287 	65.215027 	48.764740 	96.260063 	109.808922 	93.348808 	33.615471 	
77.820305 	39.012817 	76.321686 	80.709358 	74.060783 	83.234612 	85.211502 	28.635643 	42.190044 	95.801880 	98.005104 	70.178345 	41.773197 	87.000000 	55.973209 	85.562843 	57.628117 	14.000000 	111.395691 	114.214706 	89.938866 	116.387283 	28.844410 	7.280110 	29.529646 	14.422205 	19.235384 	113.846390 	11.180340 	30.083218 	78.771820 	86.838928 	99.639351 	28.160255 	999.000000 	8.062258 	106.526993 	78.390053 	47.759815 	126.621483 	63.560993 	32.756680 	54.424259 	12.649111 	75.153175 	80.950600 	22.090721 	12.806249 	92.282173 	76.557167 	121.264175 	133.645050 	118.697090 	9.219544 	
82.492424 	40.607880 	81.608826 	86.214851 	79.649231 	88.865067 	90.906548 	29.068884 	47.634022 	101.533249 	103.711136 	76.367531 	48.166378 	93.380943 	62.801273 	92.097771 	64.637451 	17.000000 	117.456375 	120.282997 	96.674713 	122.429573 	36.235340 	12.806249 	37.161808 	21.931713 	26.925823 	120.282997 	18.973665 	37.947330 	86.092972 	94.031906 	106.606750 	36.138622 	8.062258 	999.000000 	113.406349 	85.883644 	55.659679 	132.943604 	71.309189 	40.792156 	62.297672 	5.000000 	82.855293 	88.566360 	30.016663 	7.280110 	99.764725 	84.308952 	128.062485 	140.071411 	125.602547 	10.000000 	
48.041649 	87.920418 	42.107006 	37.013512 	40.607880 	34.000000 	32.015621 	96.664368 	68.000000 	26.570660 	26.400757 	39.000000 	65.459915 	22.561028 	50.606323 	22.472204 	48.918301 	98.183502 	19.723083 	20.615528 	17.000000 	22.135944 	77.897369 	100.603180 	77.794601 	92.195442 	87.783829 	13.152946 	95.671310 	78.517517 	29.681644 	21.095022 	7.211102 	81.394104 	106.526993 	113.406349 	999.000000 	32.202484 	63.820061 	24.515301 	48.373547 	78.873314 	57.982758 	118.406082 	38.626415 	32.572994 	92.195442 	119.331474 	22.090721 	38.897301 	14.866069 	29.546574 	12.206555 	113.951744 	
46.010868 	69.000000 	38.209946 	36.235340 	34.058773 	35.227829 	34.985710 	74.813103 	46.097721 	39.560081 	41.231056 	26.076809 	40.792156 	25.298222 	26.076809 	22.135944 	23.194826 	72.449982 	46.173584 	48.373547 	21.023796 	50.487621 	49.648766 	73.348480 	48.877399 	64.007812 	59.169250 	43.680660 	67.230942 	48.826221 	4.472136 	11.401754 	25.079872 	51.400391 	78.390053 	85.883644 	32.202484 	999.000000 	32.526913 	56.302753 	16.401220 	48.166378 	26.248810 	90.824005 	7.000000 	4.472136 	61.619801 	91.065910 	13.892444 	8.246211 	46.647614 	61.741398 	43.266617 	84.876381 	
55.108982 	51.429562 	49.254440 	51.000000 	45.099888 	52.086468 	53.235325 	52.392746 	30.479502 	62.169125 	64.327286 	37.013512 	22.671568 	49.335587 	21.213203 	46.818798 	20.000000 	45.044422 	74.094536 	76.694199 	49.193497 	78.924011 	21.000000 	43.931767 	19.104973 	33.955853 	28.861740 	73.824112 	36.687874 	17.720045 	34.205261 	42.801868 	56.612720 	19.697716 	47.759815 	55.659679 	63.820061 	32.526913 	999.000000 	86.833176 	16.401220 	15.811388 	6.708204 	60.406952 	28.017851 	34.205261 	29.206163 	60.008331 	46.097721 	29.154760 	78.600258 	92.962357 	75.432091 	53.235325 	
57.384666 	102.727798 	54.203320 	48.877399 	54.644306 	45.793011 	43.566040 	112.893753 	85.796272 	33.541019 	31.780497 	56.586216 	84.864601 	39.623226 	71.063354 	41.231056 	70.000000 	116.846054 	16.552946 	13.928389 	37.735924 	12.369317 	98.716766 	120.208153 	99.020203 	112.609947 	108.577164 	13.038404 	116.180893 	100.209778 	53.310413 	44.944408 	31.320919 	103.227905 	126.621483 	132.943604 	24.515301 	56.302753 	86.833176 	999.000000 	72.090218 	101.242287 	81.394104 	137.902145 	62.936478 	57.008770 	114.284729 	139.316193 	46.529560 	63.324562 	13.928389 	7.615773 	17.720045 	134.617981 	
50.119858 	60.415230 	42.953465 	43.011627 	38.483765 	43.174065 	43.737854 	64.031242 	37.363083 	51.009804 	53.000000 	29.546574 	30.413813 	37.054016 	19.416489 	34.132095 	16.401220 	59.228371 	60.638271 	63.063461 	35.171009 	65.253349 	35.440090 	59.135437 	34.176014 	49.396355 	44.384682 	59.236813 	52.392746 	33.541019 	18.788294 	27.294687 	41.182522 	35.846897 	63.560993 	71.309189 	48.373547 	16.401220 	16.401220 	72.090218 	999.000000 	32.202484 	9.899495 	76.157730 	11.661903 	17.804493 	45.607018 	76.026314 	29.732138 	13.000000 	62.968246 	77.826729 	59.640591 	69.462219 	
63.031738 	45.967381 	58.549126 	61.392181 	54.918121 	63.063461 	64.560051 	43.416588 	30.675724 	74.330345 	76.550636 	48.083260 	24.331051 	62.609905 	31.622776 	60.415230 	31.780497 	32.756680 	87.658424 	90.354858 	63.513779 	92.590500 	12.041595 	30.000000 	9.219544 	20.024984 	15.132746 	88.204308 	22.090721 	5.656854 	49.517673 	58.051701 	71.700768 	5.099020 	32.756680 	40.792156 	78.873314 	48.166378 	15.811388 	101.242287 	32.202484 	999.000000 	22.472204 	45.354160 	43.829212 	50.000000 	13.453624 	44.598206 	61.846584 	44.944408 	93.723000 	107.647575 	90.686272 	37.576588 	
53.758720 	55.713554 	47.296936 	48.373547 	42.953465 	49.091751 	50.009998 	57.706154 	33.615471 	58.309521 	60.406952 	34.365681 	25.942244 	44.911022 	20.124611 	42.201897 	18.027756 	51.244511 	69.260376 	71.784401 	44.011364 	74.000000 	27.166155 	50.447994 	25.495098 	40.521599 	35.440090 	68.447060 	43.324360 	24.351591 	28.301943 	36.891735 	50.774010 	26.400757 	54.424259 	62.297672 	57.982758 	26.248810 	6.708204 	81.394104 	9.899495 	22.472204 	999.000000 	67.067131 	21.400934 	27.658634 	35.805027 	66.708321 	39.623226 	22.472204 	72.670486 	87.321243 	69.404610 	59.941639 	
87.132080 	44.384682 	86.400230 	91.049438 	84.504440 	93.723000 	95.775780 	32.557640 	52.497620 	106.404884 	108.577164 	81.320351 	53.150730 	98.351410 	67.801178 	97.082436 	69.634758 	21.633308 	122.380554 	125.207825 	101.671036 	127.349915 	41.182522 	17.804493 	42.047592 	26.832815 	31.780497 	125.255737 	23.769728 	42.720020 	91.065910 	99.020203 	111.606453 	40.804413 	12.649111 	5.000000 	118.406082 	90.824005 	60.406952 	137.902145 	76.157730 	45.354160 	67.067131 	999.000000 	87.726852 	93.471924 	34.058773 	4.472136 	104.709122 	89.157166 	133.060135 	145.041367 	130.602448 	11.180340 	
50.990196 	69.354164 	43.278172 	41.880783 	38.948685 	41.182522 	41.146080 	74.108032 	46.173584 	46.324940 	48.052055 	30.413813 	40.012497 	32.015621 	26.476404 	28.861740 	23.345236 	70.342018 	53.150730 	55.326305 	28.017851 	57.428215 	46.818798 	70.576202 	45.694637 	60.926186 	55.946404 	50.447994 	63.976559 	45.177429 	11.180340 	18.248287 	31.622776 	47.507893 	75.153175 	82.855293 	38.626415 	7.000000 	28.017851 	62.936478 	11.661903 	43.829212 	21.400934 	87.726852 	999.000000 	6.403124 	57.201397 	87.658424 	18.439089 	2.236068 	52.773098 	68.154236 	49.244289 	81.123360 	
50.328918 	73.027390 	42.520584 	40.360870 	38.418747 	39.204590 	38.832977 	78.517517 	50.009998 	42.720020 	44.271889 	30.528675 	44.407207 	28.635643 	30.000000 	25.495098 	27.018513 	75.584389 	48.000000 	50.039986 	23.537205 	52.086468 	52.392746 	76.157730 	51.429562 	66.640831 	61.717098 	44.721359 	69.771057 	51.107731 	8.485281 	13.038404 	25.709921 	53.535034 	80.950600 	88.566360 	32.572994 	4.472136 	34.205261 	57.008770 	17.804493 	50.000000 	27.658634 	93.471924 	6.403124 	999.000000 	63.411354 	93.536087 	12.041595 	6.324555 	46.518814 	62.032249 	42.941822 	87.132080 	
72.993149 	47.010635 	69.375786 	72.732384 	66.098412 	74.672615 	76.321686 	41.036568 	38.000000 	86.406021 	88.639717 	60.008331 	33.541019 	75.292763 	43.829212 	73.246162 	44.418465 	27.202942 	100.344406 	103.077644 	76.609398 	105.309067 	18.110771 	21.931713 	16.492422 	14.142136 	12.083046 	101.257095 	13.892444 	14.317822 	62.936478 	71.449280 	85.041168 	11.180340 	22.090721 	30.016663 	92.195442 	61.619801 	29.206163 	114.284729 	45.607018 	13.453624 	35.805027 	34.058773 	57.201397 	63.411354 	999.000000 	32.557640 	75.286118 	58.249462 	107.056061 	120.801491 	104.062485 	25.000000 	
89.554451 	47.853943 	88.481636 	93.005379 	86.400230 	95.603348 	97.616600 	36.221542 	54.405884 	108.231232 	110.421921 	82.807007 	54.451813 	99.704567 	68.767723 	98.310730 	70.434364 	24.166092 	123.987900 	126.810883 	102.727798 	128.972870 	41.617306 	19.209373 	42.190044 	27.202942 	31.906113 	126.574089 	23.853722 	42.485291 	91.525955 	99.624290 	112.445541 	40.311287 	12.806249 	7.280110 	119.331474 	91.065910 	60.008331 	139.316193 	76.026314 	44.598206 	66.708321 	4.472136 	87.658424 	93.536087 	32.557640 	999.000000 	104.957130 	89.000000 	134.063416 	146.372818 	131.502853 	8.062258 	
51.884487 	81.301903 	44.283180 	40.816662 	40.853397 	38.832977 	37.802116 	87.863533 	58.855755 	38.600517 	39.661064 	34.713108 	54.120235 	26.248810 	39.051247 	23.600847 	36.400551 	86.162636 	39.812057 	41.436699 	19.104973 	43.289722 	63.529522 	87.206650 	62.769421 	77.897369 	73.061615 	35.000000 	81.123360 	62.681736 	14.317822 	9.848858 	16.124516 	65.215027 	92.282173 	99.764725 	22.090721 	13.892444 	46.097721 	46.529560 	29.732138 	61.846584 	39.623226 	104.709122 	18.439089 	12.041595 	75.286118 	104.957130 	999.000000 	18.027756 	35.114101 	50.960770 	31.384710 	98.737022 	
53.075417 	71.449280 	45.343136 	43.829212 	41.036568 	43.046486 	42.941822 	76.059189 	48.259712 	47.801674 	49.477268 	32.557640 	42.000000 	33.526108 	28.635643 	30.364452 	25.495098 	72.034714 	54.037025 	56.142673 	29.154760 	58.215118 	48.383881 	72.111023 	47.169907 	62.393909 	57.384666 	50.990196 	65.391129 	46.518814 	12.649111 	19.026299 	32.015621 	48.764740 	76.557167 	84.308952 	38.897301 	8.246211 	29.154760 	63.324562 	13.000000 	44.944408 	22.472204 	89.157166 	2.236068 	6.324555 	58.249462 	89.000000 	18.027756 	999.000000 	52.801514 	68.352028 	49.193497 	82.365044 	
58.694122 	101.237343 	53.851646 	48.507732 	53.141319 	45.354160 	43.174065 	110.476242 	82.152298 	35.057095 	34.000000 	52.839378 	80.000000 	35.777088 	65.299309 	36.359318 	63.702435 	112.645462 	20.880613 	19.697716 	31.400637 	19.723083 	92.698433 	115.256233 	92.633690 	106.962608 	102.591423 	12.165525 	110.453613 	93.380943 	44.407207 	35.805027 	22.022715 	96.260063 	121.264175 	128.062485 	14.866069 	46.647614 	78.600258 	13.928389 	62.968246 	93.723000 	72.670486 	133.060135 	52.773098 	46.518814 	107.056061 	134.063416 	35.114101 	52.801514 	999.000000 	16.124516 	4.000000 	128.763351 	
65.000000 	110.276924 	61.773781 	56.435802 	62.128899 	53.338543 	51.107731 	120.370262 	93.085983 	41.146080 	39.395432 	63.780876 	91.934761 	46.690472 	77.897369 	48.104053 	76.694199 	124.084648 	24.166092 	21.540659 	44.204071 	19.924858 	105.550934 	127.310646 	105.759163 	119.553337 	115.433968 	19.798990 	123.109711 	106.826965 	59.059292 	50.537113 	36.674240 	109.808922 	133.645050 	140.071411 	29.546574 	61.741398 	92.962357 	7.615773 	77.826729 	107.647575 	87.321243 	145.041367 	68.154236 	62.032249 	120.801491 	146.372818 	50.960770 	68.352028 	16.124516 	999.000000 	20.099751 	141.534454 	
58.215118 	99.724625 	52.952808 	47.675991 	51.923019 	44.553337 	42.426407 	108.687622 	80.131142 	35.057095 	34.234486 	50.990196 	77.665955 	34.176014 	62.801273 	34.438351 	61.073727 	110.385689 	22.360680 	21.633308 	29.154760 	22.022715 	90.027771 	112.800713 	89.872131 	104.350372 	99.904953 	13.416408 	107.814659 	90.509666 	41.231056 	32.649654 	19.104973 	93.348808 	118.697090 	125.602547 	12.206555 	43.266617 	75.432091 	17.720045 	59.640591 	90.686272 	69.404610 	130.602448 	49.244289 	42.941822 	104.062485 	131.502853 	31.384710 	49.193497 	4.000000 	20.099751 	999.000000 	126.063477 	
86.815895 	48.010414 	85.088188 	89.358826 	82.680107 	91.809586 	93.744331 	37.215588 	51.000000 	104.292854 	106.508217 	78.409180 	50.000000 	95.015785 	63.655323 	93.434471 	65.069191 	23.086792 	119.632774 	122.441826 	97.580734 	124.631454 	36.069378 	16.492422 	36.235340 	22.022715 	26.172504 	121.753853 	18.439089 	36.055511 	85.603737 	93.861603 	106.962608 	33.615471 	9.219544 	10.000000 	113.951744 	84.876381 	53.235325 	134.617981 	69.462219 	37.576588 	59.941639 	11.180340 	81.123360 	87.132080 	25.000000 	8.062258 	98.737022 	82.365044 	128.763351 	141.534454 	126.063477 	999.000000 	

Travel time:
9.000000 	1.168867 	0.195256 	0.285044 	0.301040 	0.353553 	0.400780 	1.450000 	0.901388 	0.601041 	0.640800 	0.520216 	0.986471 	0.673146 	0.848896 	0.719809 	0.893378 	1.637834 	1.021335 	1.086566 	0.862047 	1.129712 	1.372953 	1.766529 	1.414214 	1.644688 	1.583114 	1.182423 	1.732231 	1.482607 	1.046721 	1.051487 	1.118034 	1.559848 	1.945508 	2.062311 	1.201041 	1.150272 	1.377725 	1.434617 	1.252996 	1.575794 	1.343968 	2.178302 	1.274755 	1.258223 	1.824829 	2.238861 	1.297112 	1.326885 	1.467353 	1.625000 	1.455378 	2.170397 	
1.168867 	9.000000 	1.213724 	1.346291 	1.207528 	1.423464 	1.479231 	0.302076 	0.579871 	1.733494 	1.782028 	1.226020 	0.752080 	1.638788 	1.076162 	1.636498 	1.152443 	0.625500 	2.157110 	2.226123 	1.779220 	2.274313 	0.849264 	0.803508 	0.919918 	0.840387 	0.874643 	2.281036 	0.893378 	1.007782 	1.677982 	1.820886 	2.057000 	1.044330 	0.975320 	1.015197 	2.198010 	1.725000 	1.285739 	2.568195 	1.510381 	1.149184 	1.392839 	1.109617 	1.733854 	1.825685 	1.175266 	1.196349 	2.032547 	1.786232 	2.530934 	2.756923 	2.493116 	1.200260 	
0.195256 	1.213724 	9.000000 	0.134629 	0.111803 	0.213600 	0.269258 	1.475847 	0.853302 	0.520216 	0.570088 	0.335410 	0.901388 	0.502494 	0.701783 	0.539676 	0.735697 	1.620378 	0.943398 	1.012423 	0.686477 	1.060955 	1.288652 	1.733494 	1.322167 	1.587648 	1.513481 	1.077033 	1.677051 	1.382932 	0.851469 	0.860959 	0.952956 	1.461592 	1.908042 	2.040221 	1.052675 	0.955249 	1.231361 	1.355083 	1.073837 	1.463728 	1.182423 	2.160006 	1.081954 	1.063015 	1.734395 	2.212041 	1.107080 	1.133578 	1.346291 	1.544345 	1.323820 	2.127205 	
0.285044 	1.346291 	0.134629 	9.000000 	0.167705 	0.079057 	0.134629 	1.605070 	0.965013 	0.390512 	0.442295 	0.350892 	0.995301 	0.388104 	0.753741 	0.436606 	0.775000 	1.738174 	0.811249 	0.880696 	0.577170 	0.930054 	1.378858 	1.845434 	1.407569 	1.690044 	1.610124 	0.942404 	1.779923 	1.463087 	0.797261 	0.776611 	0.834416 	1.542117 	2.017734 	2.155371 	0.925338 	0.905883 	1.275000 	1.221935 	1.075291 	1.534805 	1.209339 	2.276236 	1.047020 	1.009022 	1.818310 	2.325135 	1.020416 	1.095730 	1.212693 	1.410895 	1.191900 	2.233971 	
0.301040 	1.207528 	0.111803 	0.167705 	9.000000 	0.230489 	0.282843 	1.456237 	0.800391 	0.548293 	0.602080 	0.223607 	0.827647 	0.452769 	0.600000 	0.475657 	0.629484 	1.575794 	0.960469 	1.030776 	0.625500 	1.081954 	1.211662 	1.680030 	1.241219 	1.522539 	1.442437 	1.073546 	1.612452 	1.298075 	0.750000 	0.775403 	0.900347 	1.377044 	1.851520 	1.991231 	1.015197 	0.851469 	1.127497 	1.366108 	0.962094 	1.372953 	1.073837 	2.112611 	0.973717 	0.960469 	1.652460 	2.160006 	1.021335 	1.025914 	1.328533 	1.553222 	1.298075 	2.067003 	
0.353553 	1.423464 	0.213600 	0.079057 	0.230489 	9.000000 	0.055902 	1.680030 	1.030776 	0.318198 	0.371652 	0.378319 	1.051487 	0.325000 	0.789383 	0.381608 	0.803508 	1.806239 	0.735272 	0.805062 	0.515388 	0.855132 	1.431782 	1.910007 	1.457738 	1.749285 	1.666208 	0.863496 	1.839327 	1.510174 	0.770146 	0.730154 	0.764853 	1.589221 	2.080865 	2.221627 	0.850000 	0.880696 	1.302162 	1.144825 	1.079352 	1.576586 	1.227294 	2.343075 	1.029563 	0.980115 	1.866815 	2.390084 	0.970824 	1.076162 	1.133854 	1.333464 	1.113833 	2.295240 	
0.400780 	1.479231 	0.269258 	0.134629 	0.282843 	0.055902 	9.000000 	1.735115 	1.081954 	0.265754 	0.320156 	0.412311 	1.097725 	0.291548 	0.824621 	0.355317 	0.834416 	1.858259 	0.680074 	0.750000 	0.480885 	0.800391 	1.475847 	1.960230 	1.500208 	1.796698 	1.711907 	0.807775 	1.886796 	1.550806 	0.763217 	0.707990 	0.721543 	1.629801 	2.130288 	2.272664 	0.800391 	0.874643 	1.330883 	1.089151 	1.093446 	1.614001 	1.250250 	2.394394 	1.028652 	0.970824 	1.908042 	2.440415 	0.945053 	1.073546 	1.079352 	1.277693 	1.060660 	2.343608 	
1.450000 	0.302076 	1.475847 	1.605070 	1.456237 	1.680030 	1.735115 	9.000000 	0.728011 	1.995307 	2.045880 	1.442437 	0.853302 	1.867652 	1.220912 	1.856240 	1.290591 	0.380789 	2.415186 	2.485080 	1.992643 	2.535005 	0.807775 	0.561805 	0.873212 	0.672681 	0.745822 	2.525495 	0.700446 	0.950329 	1.838648 	2.002030 	2.265502 	0.964689 	0.715891 	0.726722 	2.416609 	1.870328 	1.309819 	2.822344 	1.600781 	1.085415 	1.442654 	0.813941 	1.852701 	1.962938 	1.025914 	0.905539 	2.196588 	1.901480 	2.761906 	3.009257 	2.717191 	0.930390 	
0.901388 	0.579871 	0.853302 	0.965013 	0.800391 	1.030776 	1.081954 	0.728011 	9.000000 	1.347683 	1.402007 	0.735272 	0.195256 	1.165386 	0.500625 	1.144825 	0.575000 	0.777817 	1.750179 	1.820886 	1.275000 	1.873833 	0.502494 	0.880696 	0.559017 	0.743303 	0.686477 	1.835245 	0.831038 	0.642748 	1.113833 	1.274019 	1.543535 	0.711073 	1.054751 	1.190850 	1.700000 	1.152443 	0.761988 	2.144907 	0.934077 	0.766893 	0.840387 	1.312441 	1.154340 	1.250250 	0.950000 	1.360147 	1.471394 	1.206493 	2.053807 	2.327150 	2.003278 	1.275000 	
0.601041 	1.733494 	0.520216 	0.390512 	0.548293 	0.318198 	0.265754 	1.995307 	1.347683 	9.000000 	0.055902 	0.660019 	1.359458 	0.357946 	1.068001 	0.436606 	1.068001 	2.123971 	0.425000 	0.493077 	0.493077 	0.540833 	1.733854 	2.225562 	1.755349 	2.059430 	1.972308 	0.583631 	2.149564 	1.802255 	0.879275 	0.760345 	0.645174 	1.880990 	2.395047 	2.538331 	0.664266 	0.989002 	1.554228 	0.838525 	1.275245 	1.858259 	1.457738 	2.660122 	1.158123 	1.068001 	2.160151 	2.705781 	0.965013 	1.195042 	0.876427 	1.028652 	0.876427 	2.607321 	
0.640800 	1.782028 	0.570088 	0.442295 	0.602080 	0.371652 	0.320156 	2.045880 	1.402007 	0.055902 	9.000000 	0.715891 	1.415097 	0.403113 	1.123610 	0.480885 	1.123054 	2.177872 	0.380789 	0.447214 	0.525595 	0.493077 	1.789728 	2.280351 	1.811249 	2.114976 	2.028084 	0.552268 	2.205108 	1.858090 	0.921954 	0.794512 	0.656220 	1.936814 	2.450128 	2.592778 	0.660019 	1.030776 	1.608182 	0.794512 	1.325000 	1.913766 	1.510174 	2.714429 	1.201301 	1.106797 	2.215993 	2.760548 	0.991527 	1.236932 	0.850000 	0.984886 	0.855862 	2.662705 	
0.520216 	1.226020 	0.335410 	0.350892 	0.223607 	0.378319 	0.412311 	1.442437 	0.735272 	0.660019 	0.715891 	9.000000 	0.710634 	0.430116 	0.412311 	0.413824 	0.425735 	1.507689 	1.030776 	1.101136 	0.553399 	1.155692 	1.076162 	1.591383 	1.095730 	1.410009 	1.317431 	1.101136 	1.500000 	1.142366 	0.559017 	0.629484 	0.831038 	1.221167 	1.754459 	1.909188 	0.975000 	0.651920 	0.925338 	1.414655 	0.738664 	1.202081 	0.859142 	2.033009 	0.760345 	0.763217 	1.500208 	2.070175 	0.867828 	0.813941 	1.320984 	1.594522 	1.274755 	1.960230 	
0.986471 	0.752080 	0.901388 	0.995301 	0.827647 	1.051487 	1.097725 	0.853302 	0.195256 	1.359458 	1.415097 	0.710634 	9.000000 	1.131371 	0.380789 	1.098294 	0.443001 	0.818917 	1.741407 	1.811767 	1.215010 	1.866313 	0.388104 	0.884590 	0.427931 	0.700446 	0.614919 	1.803469 	0.790569 	0.500000 	0.996243 	1.175266 	1.470757 	0.575543 	1.044330 	1.204159 	1.636498 	1.019804 	0.566789 	2.121615 	0.760345 	0.608276 	0.648556 	1.328768 	1.000312 	1.110180 	0.838525 	1.361295 	1.353006 	1.050000 	2.000000 	2.298369 	1.941649 	1.250000 	
0.673146 	1.638788 	0.502494 	0.388104 	0.452769 	0.325000 	0.291548 	1.867652 	1.165386 	0.357946 	0.403113 	0.430116 	1.131371 	9.000000 	0.790569 	0.079057 	0.772172 	1.936653 	0.626498 	0.694622 	0.190394 	0.750417 	1.480076 	2.015564 	1.491015 	1.825000 	1.725724 	0.672681 	1.914419 	1.526434 	0.522015 	0.425735 	0.450694 	1.603512 	2.175000 	2.334524 	0.564026 	0.632456 	1.233390 	0.990581 	0.926350 	1.565248 	1.122776 	2.458785 	0.800391 	0.715891 	1.882319 	2.492614 	0.656220 	0.838153 	0.894427 	1.167262 	0.854400 	2.375395 	
