UB = 925
M = 70

Distance:
999.000000 	6.324555 	36.055511 	101.237343 	29.068884 	87.863533 	96.176918 	96.260063 	92.849342 	68.600288 	11.661903 	38.626415 	10.198039 	17.804493 	89.498604 	10.000000 	53.338543 	90.027771 	69.115845 	39.812057 	111.865990 	12.806249 	16.155495 	61.269894 	29.832869 	93.085983 	39.812057 	98.081596 	106.887794 	21.095022 	82.152298 	62.393909 	20.396078 	44.553337 	26.925823 	20.024984 	25.632011 	34.828148 	111.946419 	21.931713 	52.773098 	87.321243 	34.481880 	93.813644 	30.413813 	35.468296 	34.481880 	104.847511 	34.985710 	64.938431 	63.639610 	38.483765 	105.152267 	68.249542 	36.359318 	59.033890 	47.074409 	43.324360 	38.587563 	39.824615 	66.370171 	40.311287 	44.944408 	50.990196 	65.069191 	70.455658 	52.697250 	68.066147 	132.774246 	72.249565 	
6.324555 	999.000000 	32.557640 	107.056061 	25.000000 	93.380943 	101.833199 	101.833199 	98.351410 	73.498299 	8.000000 	42.941822 	4.000000 	12.041595 	94.921021 	6.000000 	58.249462 	95.524864 	75.292763 	46.097721 	117.686020 	10.770329 	9.848858 	65.863495 	24.698177 	98.493652 	43.324360 	103.479469 	112.449989 	20.615528 	87.091904 	66.640831 	14.142136 	47.801674 	20.808653 	14.035668 	26.172504 	29.000000 	117.456375 	17.804493 	56.044624 	92.114059 	35.227829 	98.737022 	30.083218 	29.154760 	33.837849 	109.859001 	34.176014 	68.154236 	66.708321 	38.327538 	110.113579 	71.568146 	35.468296 	61.522354 	48.166378 	43.737854 	37.696156 	39.217342 	69.231499 	39.560081 	45.122055 	52.153618 	67.601776 	73.348480 	46.615448 	70.576202 	138.191895 	74.966660 	
36.055511 	32.557640 	999.000000 	134.063416 	8.062258 	122.065559 	129.807556 	130.207520 	127.062973 	104.201729 	24.738634 	74.672615 	32.062439 	23.086792 	123.975807 	26.683329 	89.000000 	124.277916 	99.704567 	70.035706 	144.589066 	42.047592 	28.160255 	97.169952 	13.038404 	127.581345 	75.690155 	132.574509 	140.801285 	52.009613 	117.647781 	98.432716 	31.048349 	80.280754 	22.825424 	33.955853 	58.077534 	19.209373 	146.013702 	43.737854 	88.526833 	122.983742 	67.029846 	129.294235 	61.032780 	29.698484 	64.195015 	140.160629 	64.280632 	100.662804 	99.247169 	69.115845 	140.545364 	104.048065 	65.375839 	94.047859 	80.024994 	75.026665 	67.475922 	69.354164 	101.788994 	69.462219 	76.105194 	84.023804 	100.129913 	105.905617 	32.388271 	103.097038 	167.047897 	107.517441 	
101.237343 	107.056061 	134.063416 	999.000000 	128.763351 	17.117243 	8.062258 	10.440307 	14.142136 	41.000000 	112.449989 	68.883957 	110.113579 	119.004204 	18.027756 	111.072052 	52.801514 	16.000000 	35.777088 	64.202805 	10.630146 	104.043259 	116.516090 	49.729267 	130.831955 	16.492422 	73.006851 	15.264338 	11.401754 	99.478638 	32.062439 	52.952808 	119.201508 	72.111023 	127.781059 	117.413795 	94.826157 	136.029404 	16.031219 	111.830231 	67.911705 	32.984844 	91.923882 	28.635643 	97.989792 	135.000000 	99.538940 	26.907248 	100.463921 	64.124878 	66.189125 	96.798759 	28.319605 	62.008064 	101.019798 	73.552704 	87.800911 	93.005379 	101.242287 	99.624290 	68.029404 	100.568382 	94.641426 	86.884979 	72.062469 	67.029846 	153.525238 	72.000000 	35.440090 	69.115845 	
29.068884 	25.000000 	8.062258 	128.763351 	999.000000 	116.211014 	124.197426 	124.470879 	121.210564 	97.616600 	17.464249 	67.623962 	24.186773 	15.033297 	118.004234 	19.313208 	82.365044 	118.406082 	95.015785 	65.192024 	139.344894 	34.132095 	20.099751 	90.338257 	6.708204 	121.605919 	68.308128 	126.605690 	135.092560 	44.045429 	111.139549 	91.389275 	23.086792 	72.801102 	15.620500 	25.961510 	50.159744 	14.560220 	140.246216 	35.693138 	81.043198 	116.361504 	59.076221 	122.800652 	53.009434 	23.853722 	56.142673 	133.775925 	56.222771 	93.145050 	91.678787 	61.073727 	134.111893 	96.566040 	57.314919 	86.313385 	72.062469 	67.007462 	59.413803 	61.294373 	94.148819 	61.400326 	68.066147 	76.059189 	92.395889 	98.270035 	31.144823 	95.351982 	161.207947 	99.824844 	
87.863533 	93.380943 	122.065559 	17.117243 	116.211014 	999.000000 	9.486833 	8.602325 	5.000000 	24.041630 	99.357941 	53.254108 	96.166519 	105.418213 	3.162278 	97.836601 	36.891735 	2.236068 	30.016663 	53.712196 	26.570660 	89.375610 	102.532921 	32.893768 	117.686020 	6.082763 	56.824291 	10.770329 	19.104973 	84.053551 	15.524175 	35.902645 	104.804581 	55.542778 	113.846390 	102.825096 	79.075912 	122.347862 	24.083189 	96.607452 	50.960770 	18.027756 	75.584389 	16.643316 	81.884064 	120.507263 	83.192551 	22.022715 	84.095184 	47.042534 	49.091751 	80.230919 	23.086792 	45.011108 	84.581322 	56.435802 	70.880180 	76.216797 	84.693565 	83.006027 	51.000000 	83.934502 	77.794601 	69.856995 	55.009090 	50.159744 	139.387955 	55.036350 	45.000000 	52.345009 	
96.176918 	101.833199 	129.807556 	8.062258 	124.197426 	9.486833 	999.000000 	2.828427 	6.082763 	33.526108 	107.563934 	62.433964 	104.737770 	113.846390 	10.000000 	106.103722 	46.141087 	8.062258 	33.955853 	60.539242 	17.088007 	98.234413 	111.126053 	42.379242 	125.936493 	8.544003 	66.189125 	8.602325 	11.180340 	93.193344 	24.020824 	45.354160 	113.569359 	65.000000 	122.429573 	111.664673 	88.323273 	130.831955 	16.552946 	105.683487 	60.440052 	25.000000 	85.000000 	21.095022 	91.241440 	129.321304 	92.612091 	21.470911 	93.520050 	56.222771 	58.309521 	89.693924 	22.825424 	54.037025 	94.021271 	65.764732 	80.361679 	85.702972 	94.154129 	92.477028 	60.074955 	93.407707 	87.281158 	79.309517 	64.124878 	59.008472 	148.070923 	64.007812 	37.589893 	61.073727 	
96.260063 	101.833199 	130.207520 	10.440307 	124.470879 	8.602325 	2.828427 	999.000000 	4.123106 	32.310989 	107.712578 	61.854668 	104.661362 	113.863953 	8.246211 	106.216759 	45.486263 	6.708204 	35.510563 	61.294373 	18.439089 	97.948967 	111.036034 	41.231056 	126.063477 	6.082763 	65.368187 	5.830952 	10.630146 	92.655273 	22.022715 	43.965897 	113.357841 	63.976559 	122.347862 	111.395691 	87.664131 	130.816666 	15.811388 	105.209312 	59.135437 	22.561028 	84.077347 	18.357559 	90.426765 	129.073624 	91.678787 	18.788294 	92.574295 	54.451813 	56.568542 	88.639717 	20.124611 	52.153618 	93.037628 	64.132675 	79.056938 	84.504440 	93.107468 	91.389275 	58.215118 	92.309265 	86.034874 	77.884529 	62.289646 	57.008770 	147.922272 	62.072536 	36.891735 	59.008472 	
92.849342 	98.351410 	127.062973 	14.142136 	121.210564 	5.000000 	6.082763 	4.123106 	999.000000 	28.231188 	104.350372 	58.008621 	101.118744 	110.390221 	4.123106 	102.825096 	41.617306 	2.828427 	34.058773 	58.600342 	22.561028 	94.260277 	107.480232 	37.161808 	122.674362 	2.828427 	61.400326 	6.082763 	14.212670 	88.814415 	18.000000 	39.849716 	109.713264 	59.933296 	118.793938 	107.712578 	83.761566 	127.310646 	19.104973 	101.400200 	55.027267 	18.973665 	80.062477 	15.620500 	86.452301 	125.399361 	87.658424 	18.439089 	88.549423 	50.358715 	52.469040 	84.581322 	19.646883 	48.093658 	89.000000 	60.016663 	74.946648 	80.411446 	89.050545 	87.321243 	54.147945 	88.238312 	81.932899 	73.763138 	58.215118 	53.000000 	144.312164 	58.034473 	40.000000 	55.036350 	
68.600288 	73.498299 	104.201729 	41.000000 	97.616600 	24.041630 	33.526108 	32.310989 	28.231188 	999.000000 	80.262070 	31.144823 	75.802376 	85.445892 	24.166092 	78.549347 	15.264338 	25.632011 	33.241539 	42.011902 	50.596443 	68.014702 	82.006096 	8.944272 	98.183502 	27.294687 	33.600594 	31.906113 	42.059483 	61.619801 	13.601471 	12.041595 	83.630135 	31.764761 	93.236259 	81.394104 	56.222771 	102.004898 	46.324940 	74.330345 	26.925823 	18.788294 	51.971146 	25.238859 	58.523499 	99.035347 	59.539902 	36.400551 	60.415230 	24.515301 	26.305893 	56.364883 	36.619667 	23.409399 	60.827625 	33.000000 	46.840153 	52.201534 	60.835846 	59.093147 	28.861740 	60.008331 	53.758720 	45.891174 	32.557640 	29.154760 	118.258194 	33.241539 	65.946945 	31.780497 	
11.661903 	8.000000 	24.738634 	112.449989 	17.464249 	99.357941 	107.563934 	107.712578 	104.350372 	80.262070 	999.000000 	50.159744 	8.944272 	8.062258 	101.044548 	2.000000 	65.000000 	101.533249 	79.630394 	49.929951 	123.069084 	18.439089 	9.848858 	72.897186 	18.384777 	104.637466 	50.960770 	109.635757 	118.342720 	28.442924 	93.813644 	73.925636 	15.231546 	55.542778 	17.464249 	16.643316 	34.132095 	24.186773 	123.434196 	23.600847 	63.788715 	98.979797 	43.185646 	105.475113 	37.854988 	27.166155 	41.484936 	116.503220 	41.761227 	75.927597 	74.525162 	46.097721 	116.811813 	79.309517 	43.011627 	69.462219 	56.142673 	51.623638 	45.221676 	46.840153 	77.103828 	47.127487 	52.952808 	60.133186 	75.538071 	81.215759 	42.485291 	78.517517 	144.308701 	82.873398 	
38.626415 	42.941822 	74.672615 	68.883957 	67.623962 	53.254108 	62.433964 	61.854668 	58.008621 	31.144823 	50.159744 	999.000000 	44.944408 	54.708317 	54.203320 	48.332184 	16.401220 	55.217751 	45.000000 	29.068884 	79.259071 	36.878178 	51.039200 	23.021729 	67.601776 	57.628117 	6.708204 	62.481998 	72.201111 	30.805843 	44.687805 	23.769728 	52.497620 	10.630146 	62.201286 	50.249378 	25.942244 	71.028160 	76.837494 	43.416588 	16.763054 	49.406479 	24.186773 	56.222771 	29.410883 	67.896980 	31.575306 	67.475922 	32.557640 	28.160255 	27.459061 	30.016663 	67.623962 	31.016125 	33.376640 	25.942244 	26.000000 	28.442924 	34.132095 	33.015148 	30.805843 	34.014702 	30.594116 	27.784887 	31.016125 	34.525352 	87.114868 	33.837849 	96.938126 	36.878178 	
10.198039 	4.000000 	32.062439 	110.113579 	24.186773 	96.166519 	104.737770 	104.661362 	101.118744 	75.802376 	8.944272 	44.944408 	999.000000 	9.848858 	97.621719 	7.211102 	60.605282 	98.290382 	78.771820 	49.769470 	120.739388 	10.000000 	6.403124 	67.955872 	22.847319 	101.178062 	44.777225 	106.150833 	115.260574 	20.024984 	89.403580 	68.476273 	10.198039 	49.040798 	17.691807 	10.049875 	26.019224 	26.248810 	120.216469 	14.866069 	57.245087 	94.302704 	35.000000 	101.019798 	29.274563 	25.495098 	32.756680 	112.200714 	32.984844 	69.260376 	67.720009 	37.483330 	112.414413 	72.732384 	34.205261 	62.169125 	48.000000 	43.185646 	36.400551 	38.078865 	70.092796 	38.327538 	44.407207 	52.000000 	68.249542 	74.215904 	43.416588 	71.196907 	140.858078 	75.709976 	
17.804493 	12.041595 	23.086792 	119.004204 	15.033297 	105.418213 	113.846390 	113.863953 	110.390221 	85.445892 	8.062258 	54.708317 	9.848858 	999.000000 	106.962608 	8.544003 	70.213959 	107.563934 	86.821655 	57.306194 	129.634094 	19.416489 	5.099020 	77.698135 	13.000000 	110.535065 	54.625999 	115.520561 	124.482933 	29.154760 	99.045441 	78.294319 	9.219544 	58.872746 	9.486833 	11.661903 	35.355339 	17.029387 	129.495178 	20.880613 	67.067131 	104.009613 	44.181442 	110.679718 	38.000000 	19.104973 	41.109608 	121.827744 	41.194660 	79.056938 	77.491936 	46.043457 	122.065559 	82.540901 	42.296574 	71.805290 	57.140179 	52.000000 	44.407207 	46.270943 	79.812279 	46.389652 	53.037724 	61.131008 	77.878113 	83.934502 	34.985710 	80.808418 	150.233154 	85.375641 	
89.498604 	94.921021 	123.975807 	18.027756 	118.004234 	3.162278 	10.000000 	8.246211 	4.123106 	24.166092 	101.044548 	54.203320 	97.621719 	106.962608 	999.000000 	99.488693 	37.802116 	2.236068 	33.060551 	56.080299 	26.683329 	90.609047 	103.966339 	33.105892 	119.331474 	3.605551 	57.454330 	8.602325 	18.027756 	85.000000 	14.035668 	35.735138 	106.103722 	55.901699 	115.277924 	104.062485 	79.881165 	123.842644 	22.671568 	97.616600 	50.921509 	15.652476 	76.059189 	13.601471 	82.492424 	121.753853 	83.648071 	19.000000 	84.534019 	46.270943 	48.373547 	80.529495 	20.024984 	44.045429 	84.970581 	55.901699 	70.837845 	76.321686 	85.000000 	83.258636 	50.089920 	84.172440 	77.833153 	69.641945 	54.147945 	49.010204 	140.730240 	54.009258 	43.278172 	51.088158 	
10.000000 	6.000000 	26.683329 	111.072052 	19.313208 	97.836601 	106.103722 	106.216759 	102.825096 	78.549347 	2.000000 	48.332184 	7.211102 	8.544003 	99.488693 	999.000000 	63.285069 	100.004997 	78.492035 	48.877399 	121.696342 	16.492422 	9.219544 	71.119621 	19.849434 	103.077644 	49.040798 	108.074051 	116.846054 	26.476404 	92.114059 	72.090218 	14.560220 	53.600372 	18.027756 	15.652476 	32.140316 	25.238859 	121.918007 	22.022715 	61.846584 	97.247108 	41.194660 	103.773796 	35.902645 	27.459061 	39.560081 	114.825958 	39.849716 	73.979729 	72.567207 	44.147480 	115.121674 	77.369247 	41.109608 	67.475922 	54.147945 	49.648766 	43.324360 	44.922153 	75.133217 	45.221676 	50.990196 	58.137768 	73.552704 	79.246452 	43.416588 	76.531036 	142.762039 	80.894997 	
53.338543 	58.249462 	89.000000 	52.801514 	82.365044 	36.891735 	46.141087 	45.486263 	41.617306 	15.264338 	65.000000 	16.401220 	60.605282 	70.213959 	37.802116 	63.285069 	999.000000 	38.832977 	33.526108 	30.364452 	63.063461 	53.037724 	66.843102 	9.000000 	82.927681 	41.231056 	20.248457 	46.097721 	55.803226 	47.201694 	28.844410 	12.649111 	68.622154 	20.099751 	78.102493 	66.468040 	42.190044 	86.833176 	60.440052 	59.816387 	18.973665 	34.000000 	39.217342 	40.496914 	45.188496 	84.148682 	46.818798 	51.613953 	47.759815 	24.083189 	24.758837 	44.384682 	51.865211 	25.238859 	48.383881 	28.178005 	37.000000 	41.303753 	48.764740 	47.296936 	28.284271 	48.270073 	43.185646 	37.215588 	30.610456 	30.610456 	103.276329 	32.557640 	80.622574 	33.421551 	
90.027771 	95.524864 	124.277916 	16.000000 	118.406082 	2.236068 	8.062258 	6.708204 	2.828427 	25.632011 	101.533249 	55.217751 	98.290382 	107.563934 	2.236068 	100.004997 	38.832977 	999.000000 	32.000000 	55.946404 	25.000000 	91.438507 	104.651802 	34.539833 	119.854080 	4.000000 	58.668560 	8.544003 	17.029387 	86.023254 	16.124516 	37.363083 	106.887794 	57.271286 	115.965515 	104.890419 	80.993828 	124.482933 	21.931713 	98.600204 	52.497620 	17.888544 	77.369247 	15.620500 	83.725746 	122.576508 	84.970581 	20.099751 	85.866173 	48.166378 	50.249378 	81.939003 	21.213203 	46.010868 	86.330757 	57.706154 	72.422371 	77.833153 	86.406021 	84.693565 	52.038448 	85.615417 	79.378838 	71.309189 	56.080299 	51.039200 	141.484985 	56.000000 	42.801868 	53.150730 	
69.115845 	75.292763 	99.704567 	35.777088 	95.015785 	30.016663 	33.955853 	35.510563 	34.058773 	33.241539 	79.630394 	45.000000 	78.771820 	86.821655 	33.060551 	78.492035 	33.526108 	32.000000 	999.000000 	29.832869 	45.793011 	74.464760 	85.088188 	37.215588 	97.800819 	36.000000 	51.088158 	40.112343 	44.922153 	72.277245 	37.576588 	42.190044 	88.549423 	52.611786 	96.041656 	87.235313 	69.050705 	103.730423 	50.289165 	83.486526 	52.497620 	43.081318 	69.065186 	45.122055 	73.552704 	104.235313 	76.236473 	52.038448 	77.233414 	55.569775 	56.824291 	75.006668 	53.084839 	55.470715 	78.160095 	61.465439 	69.720871 	73.171036 	79.056938 	78.006409 	60.033325 	79.006332 	75.239616 	70.405968 	63.063461 	61.294373 	121.794907 	64.498062 	70.936592 	64.070274 	
39.812057 	46.097721 	70.035706 	64.202805 	65.192024 	53.712196 	60.539242 	61.294373 	58.600342 	42.011902 	49.929951 	29.068884 	49.769470 	57.306194 	56.080299 	48.877399 	30.364452 	55.946404 	29.832869 	999.000000 	74.652527 	46.872166 	55.946404 	39.051247 	68.007355 	59.615433 	35.608986 	64.474800 	71.693794 	47.010635 	53.460266 	43.011627 	59.808025 	39.623226 	66.648331 	58.821766 	45.541191 	74.094536 	77.025970 	56.568542 	44.204071 	59.413803 	48.703182 	64.327286 	50.990196 	75.239616 	54.571056 	74.040527 	55.542778 	53.235325 	53.338543 	55.027267 	74.726166 	55.036350 	56.753853 	54.037025 	54.378304 	55.461697 	58.240879 	57.870544 	56.938564 	58.821766 	57.697487 	56.612720 	58.249462 	59.941639 	92.282173 	60.745369 	98.112183 	62.649822 	
111.865990 	117.686020 	144.589066 	10.630146 	139.344894 	26.570660 	17.088007 	18.439089 	22.561028 	50.596443 	123.069084 	79.259071 	120.739388 	129.634094 	26.683329 	121.696342 	63.063461 	25.000000 	45.793011 	74.652527 	999.000000 	114.621117 	127.141655 	59.464275 	141.449631 	24.186773 	83.192551 	21.023796 	11.704700 	109.931801 	40.311287 	62.361847 	129.807556 	82.079231 	138.408813 	128.003906 	105.190300 	146.659470 	12.727922 	122.331520 	77.491936 	40.012497 	102.044106 	34.365681 	108.226616 	145.602203 	109.658562 	29.068884 	110.571243 	72.835434 	74.966660 	106.775467 	30.413813 	70.455658 	111.085556 	82.565125 	97.416634 	102.786186 	111.233986 	109.562767 	76.531036 	110.494347 	104.355164 	96.301613 	80.622574 	75.166481 	164.149323 	80.305664 	27.073973 	77.058418 	
12.806249 	10.770329 	42.047592 	104.043259 	34.132095 	89.375610 	98.234413 	97.948967 	94.260277 	68.014702 	18.439089 	36.878178 	10.000000 	19.416489 	90.609047 	16.492422 	53.037724 	91.438507 	74.464760 	46.872166 	114.621117 	999.000000 	14.866069 	59.816387 	32.280025 	94.111633 	35.846897 	99.035347 	108.466583 	10.049875 	81.565926 	59.908264 	15.620500 	39.812057 	25.553865 	13.453624 	16.031219 	34.481880 	113.278419 	10.049875 	47.927029 	86.214851 	25.000000 	93.085983 	19.416489 	31.144823 	23.086792 	104.350372 	23.409399 	59.808025 	58.189346 	27.658634 	104.484451 	63.324562 	24.698177 	52.392746 	38.000000 	33.241539 	26.925823 	28.460499 	60.440052 	28.792360 	34.525352 	42.000000 	58.463665 	64.560051 	50.249378 	61.392181 	133.645050 	65.969688 	
16.155495 	9.848858 	28.160255 	116.516090 	20.099751 	102.532921 	111.126053 	111.036034 	107.480232 	82.006096 	9.848858 	51.039200 	6.403124 	5.099020 	103.966339 	9.219544 	66.843102 	104.651802 	85.088188 	55.946404 	127.141655 	14.866069 	999.000000 	74.060783 	17.464249 	107.517441 	50.537113 	112.485558 	121.630585 	24.331051 	95.603348 	74.431175 	5.385165 	54.625999 	11.313708 	7.071068 	30.594116 	20.000000 	126.574089 	15.811388 	62.769421 	100.439034 	39.319206 	107.200745 	33.015148 	19.313208 	36.055511 	118.406082 	36.124783 	74.672615 	73.054771 	41.012192 	118.600166 	78.185677 	37.215588 	67.186310 	52.239830 	47.010635 	39.319206 	41.194660 	75.286118 	41.303753 	48.010414 	56.222771 	73.246162 	79.404030 	37.013512 	76.157730 	147.186951 	80.777473 	
61.269894 	65.863495 	97.169952 	49.729267 	90.338257 	32.893768 	42.379242 	41.231056 	37.161808 	8.944272 	72.897186 	23.021729 	67.955872 	77.698135 	33.105892 	71.119621 	9.000000 	34.539833 	37.215588 	39.051247 	59.464275 	59.816387 	74.060783 	999.000000 	90.553848 	36.235340 	24.839485 	40.816662 	51.000000 	53.037724 	21.931713 	5.000000 	75.432091 	22.825424 	85.211502 	73.109505 	47.507893 	94.047859 	55.226807 	65.764732 	18.248287 	26.400757 	43.046486 	33.301651 	49.648766 	90.686272 	50.606323 	44.598206 	51.478149 	18.357559 	19.697716 	47.423622 	44.687805 	18.439089 	51.884487 	25.317978 	38.078865 	43.324360 	51.894123 	50.159744 	22.825424 	51.078373 	44.922153 	37.336308 	26.000000 	24.207438 	109.986366 	27.294687 	74.652527 	27.018513 	
29.832869 	24.698177 	13.038404 	130.831955 	6.708204 	117.686020 	125.936493 	126.063477 	122.674362 	98.183502 	18.384777 	67.601776 	22.847319 	13.000000 	119.331474 	19.849434 	82.927681 	119.854080 	97.800819 	68.007355 	141.449631 	32.280025 	17.464249 	90.553848 	999.000000 	122.918671 	67.623962 	127.914032 	136.693085 	41.773197 	111.772087 	91.241440 	19.026299 	71.867935 	9.848858 	22.022715 	48.052055 	8.062258 	141.767410 	32.015621 	80.056229 	116.811813 	56.718605 	123.422043 	50.249378 	17.204651 	53.037724 	134.525085 	53.009434 	92.027168 	90.443352 	58.077534 	134.792435 	95.519630 	54.000000 	84.646324 	69.584480 	64.195015 	56.008926 	58.000000 	92.720009 	58.008621 	65.069191 	73.552704 	90.708321 	96.840073 	25.709921 	93.621582 	162.606888 	98.234413 	
93.085983 	98.493652 	127.581345 	16.492422 	121.605919 	6.082763 	8.544003 	6.082763 	2.828427 	27.294687 	104.637466 	57.628117 	101.178062 	110.535065 	3.605551 	103.077644 	41.231056 	4.000000 	36.000000 	59.615433 	24.186773 	94.111633 	107.517441 	36.235340 	122.918671 	999.000000 	60.745369 	5.000000 	14.764823 	88.408142 	16.124516 	38.626415 	109.622078 	59.059292 	118.827606 	107.563934 	83.234612 	127.404869 	19.209373 	101.044548 	53.851646 	16.492422 	79.259071 	12.806249 	85.755463 	125.255737 	86.833176 	16.124516 	87.709747 	48.662102 	50.803543 	83.630135 	17.262676 	46.270943 	88.119240 	58.463665 	73.736015 	79.309517 	88.102211 	86.330757 	52.345009 	87.235313 	80.777473 	72.422371 	56.435802 	51.039200 	144.256714 	56.142673 	39.698868 	53.000000 	
39.812057 	43.324360 	75.690155 	73.006851 	68.308128 	56.824291 	66.189125 	65.368187 	61.400326 	33.600594 	50.960770 	6.708204 	44.777225 	54.625999 	57.454330 	49.040798 	20.248457 	58.668560 	51.088158 	35.608986 	83.192551 	35.846897 	50.537113 	24.839485 	67.623962 	60.745369 	999.000000 	65.459915 	75.471848 	28.319605 	46.754681 	24.207438 	51.312767 	5.099020 	61.400326 	48.826221 	22.671568 	70.327805 	79.881165 	41.036568 	13.038404 	50.931328 	18.973665 	57.982758 	25.059929 	66.219330 	26.570660 	69.296463 	27.513634 	25.179358 	24.020824 	24.331051 	69.310890 	28.442924 	28.160255 	20.880613 	19.313208 	22.090721 	28.635643 	27.294687 	27.018513 	28.284271 	24.186773 	21.095022 	26.476404 	31.000000 	85.603737 	29.427877 	99.488693 	33.060551 	
98.081596 	103.479469 	132.574509 	15.264338 	126.605690 	10.770329 	8.602325 	5.830952 	6.082763 	31.906113 	109.635757 	62.481998 	106.150833 	115.520561 	8.602325 	108.074051 	46.097721 	8.544003 	40.112343 	64.474800 	21.023796 	99.035347 	112.485558 	40.816662 	127.914032 	5.000000 	65.459915 	999.000000 	10.440307 	93.236259 	19.924858 	42.953465 	114.560028 	63.631752 	123.794182 	112.485558 	88.005684 	132.382019 	14.422205 	105.891457 	58.180752 	19.000000 	83.862984 	13.601471 	90.426765 	130.176804 	91.416626 	13.000000 	92.282173 	52.392746 	54.571056 	88.119240 	14.317822 	49.819675 	92.660675 	62.361847 	78.000000 	83.671982 	92.590500 	90.785461 	55.901699 	91.678787 	85.088188 	76.550636 	60.016663 	54.332310 	149.201202 	59.539902 	34.713108 	56.142673 	
106.887794 	112.449989 	140.801285 	11.401754 	135.092560 	19.104973 	11.180340 	10.630146 	14.212670 	42.059483 	118.342720 	72.201111 	115.260574 	124.482933 	18.027756 	116.846054 	55.803226 	17.029387 	44.922153 	71.693794 	11.704700 	108.466583 	121.630585 	51.000000 	136.693085 	14.764823 	75.471848 	10.440307 	999.000000 	103.004852 	30.364452 	53.310413 	123.907227 	73.824112 	132.943604 	121.918007 	97.908119 	141.428421 	5.385165 	115.602768 	68.541962 	29.154760 	94.021271 	23.021729 	100.498756 	139.603012 	101.597244 	17.492855 	102.474388 	62.817196 	65.000000 	98.386993 	18.867962 	60.207973 	102.883430 	72.801102 	88.391174 	94.021271 	102.859123 	101.079178 	66.287254 	101.980392 	95.462036 	86.977005 	70.405968 	64.629715 	158.492905 	69.871307 	26.419689 	66.370171 	
21.095022 	20.615528 	52.009613 	99.478638 	44.045429 	84.053551 	93.193344 	92.655273 	88.814415 	61.619801 	28.442924 	30.805843 	20.024984 	29.154760 	85.000000 	26.476404 	47.201694 	86.023254 	72.277245 	47.010635 	109.931801 	10.049875 	24.331051 	53.037724 	41.773197 	88.408142 	28.319605 	93.236259 	103.004852 	999.000000 	74.966660 	52.497620 	23.769728 	31.622776 	34.176014 	21.023796 	6.324555 	43.081318 	107.615051 	12.727922 	39.446167 	79.246452 	15.033297 	86.278618 	9.486833 	38.013157 	13.416408 	97.590981 	13.892444 	50.990196 	49.244289 	17.720045 	97.621719 	54.561890 	15.264338 	43.011627 	28.017851 	23.194826 	17.492855 	18.788294 	51.264023 	19.235384 	24.515301 	32.015621 	49.040798 	55.362442 	57.428215 	51.923019 	127.561752 	56.612720 	
82.152298 	87.091904 	117.647781 	32.062439 	111.139549 	15.524175 	24.020824 	22.022715 	18.000000 	13.601471 	93.813644 	44.687805 	89.403580 	99.045441 	14.035668 	92.114059 	28.844410 	16.124516 	37.576588 	53.460266 	40.311287 	81.565926 	95.603348 	21.931713 	111.772087 	16.124516 	46.754681 	19.924858 	30.364452 	74.966660 	999.000000 	23.323807 	97.185387 	44.407207 	106.826965 	94.921021 	69.426216 	115.602768 	34.014702 	87.692642 	38.470768 	6.000000 	64.637451 	11.661903 	71.400284 	112.538879 	72.111023 	22.803509 	72.945183 	32.557640 	34.713108 	68.600288 	23.021729 	30.149628 	73.246162 	42.449970 	58.180752 	63.953106 	73.061615 	71.196907 	36.221542 	72.069412 	65.306969 	56.648037 	40.311287 	35.000000 	131.795303 	40.049969 	52.801514 	37.054016 	
62.393909 	66.640831 	98.432716 	52.952808 	91.389275 	35.902645 	45.354160 	43.965897 	39.849716 	12.041595 	73.925636 	23.769728 	68.476273 	78.294319 	35.735138 	72.090218 	12.649111 	37.363083 	42.190044 	43.011627 	62.361847 	59.908264 	74.431175 	5.000000 	91.241440 	38.626415 	24.207438 	42.953465 	53.310413 	52.497620 	23.323807 	999.000000 	75.451973 	21.260292 	85.440041 	73.006851 	46.690472 	94.339813 	57.245087 	65.192024 	15.231546 	26.907248 	41.400482 	34.058773 	48.270073 	90.426765 	48.826221 	45.343136 	49.648766 	13.416408 	14.866069 	45.276924 	45.276924 	13.453624 	49.929951 	21.023796 	35.114101 	40.718548 	49.739319 	47.885281 	17.888544 	48.764740 	42.154476 	33.955853 	21.189621 	19.209373 	109.808922 	22.360680 	76.026314 	22.022715 	
20.396078 	14.142136 	31.048349 	119.201508 	23.086792 	104.804581 	113.569359 	113.357841 	109.713264 	83.630135 	15.231546 	52.497620 	10.198039 	9.219544 	106.103722 	14.560220 	68.622154 	106.887794 	88.549423 	59.808025 	129.807556 	15.620500 	5.385165 	75.432091 	19.026299 	109.622078 	51.312767 	114.560028 	123.907227 	23.769728 	97.185387 	75.451973 	999.000000 	55.072678 	10.440307 	3.000000 	30.083218 	19.313208 	128.763351 	13.000000 	63.063461 	101.828285 	38.327538 	108.706024 	31.575306 	15.811388 	34.132095 	119.970833 	34.058773 	74.732857 	73.006851 	39.204590 	120.104118 	78.294319 	35.014282 	66.730804 	50.990196 	45.398239 	37.000000 	39.012817 	75.026665 	39.000000 	46.173584 	54.918121 	72.732384 	79.120163 	34.655445 	75.584389 	149.201202 	80.324341 	
44.553337 	47.801674 	80.280754 	72.111023 	72.801102 	55.542778 	65.000000 	63.976559 	59.933296 	31.764761 	55.542778 	10.630146 	49.040798 	58.872746 	55.901699 	53.600372 	20.099751 	57.271286 	52.611786 	39.623226 	82.079231 	39.812057 	54.625999 	22.825424 	71.867935 	59.059292 	5.099020 	63.631752 	73.824112 	31.622776 	44.407207 	21.260292 	55.072678 	999.000000 	65.299309 	52.478565 	25.612497 	74.242844 	78.032043 	44.204071 	8.246211 	48.166378 	20.248457 	55.317268 	27.018513 	69.634758 	27.784887 	66.603302 	28.653097 	20.396078 	19.104973 	24.698177 	66.528191 	23.769728 	29.068884 	15.811388 	17.117243 	21.213203 	29.154760 	27.513634 	22.000000 	28.460499 	23.086792 	18.027756 	21.377558 	26.019224 	89.050545 	24.331051 	97.200821 	28.017851 	
26.925823 	20.808653 	22.825424 	127.781059 	15.620500 	113.846390 	122.429573 	122.347862 	118.793938 	93.236259 	17.464249 	62.201286 	17.691807 	9.486833 	115.277924 	18.027756 	78.102493 	115.965515 	96.041656 	66.648331 	138.408813 	25.553865 	11.313708 	85.211502 	9.848858 	118.827606 	61.400326 	123.794182 	132.943604 	34.176014 	106.826965 	85.440041 	10.440307 	65.299309 	999.000000 	13.341664 	40.496914 	8.944272 	137.887634 	23.194826 	73.348480 	111.606453 	48.764740 	118.406082 	41.976185 	10.049875 	44.407207 	129.630249 	44.283180 	85.088188 	83.384651 	49.497475 	129.807556 	88.639717 	45.177429 	77.162170 	61.392181 	55.731499 	47.095646 	49.162994 	85.440041 	49.091751 	56.435802 	65.306969 	83.168503 	89.537704 	25.806976 	86.023254 	158.492905 	90.757919 	
20.024984 	14.035668 	33.955853 	117.413795 	25.961510 	102.825096 	111.664673 	111.395691 	107.712578 	81.394104 	16.643316 	50.249378 	10.049875 	11.661903 	104.062485 	15.652476 	66.468040 	104.890419 	87.235313 	58.821766 	128.003906 	13.453624 	7.071068 	73.109505 	22.022715 	107.563934 	48.826221 	112.485558 	121.918007 	21.023796 	94.921021 	73.006851 	3.000000 	52.478565 	13.341664 	999.000000 	27.313000 	22.135944 	126.732002 	10.000000 	60.415230 	99.488693 	35.440090 	106.404884 	28.635643 	17.691807 	31.144823 	117.686020 	31.064449 	72.013885 	70.263786 	36.221542 	117.796432 	75.584389 	32.015621 	63.906181 	48.052055 	42.426407 	34.000000 	36.013885 	72.235725 	36.000000 	43.185646 	51.971146 	69.892776 	76.321686 	36.878178 	72.732384 	147.085007 	77.491936 	
25.632011 	26.172504 	58.077534 	94.826157 	50.159744 	79.075912 	88.323273 	87.664131 	83.761566 	56.222771 	34.132095 	25.942244 	26.019224 	35.355339 	79.881165 	32.140316 	42.190044 	80.993828 	69.050705 	45.541191 	105.190300 	16.031219 	30.594116 	47.507893 	48.052055 	83.234612 	22.671568 	88.005684 	97.908119 	6.324555 	69.426216 	46.690472 	30.083218 	25.612497 	40.496914 	27.313000 	999.000000 	49.396355 	102.415817 	18.601076 	33.286633 	73.539108 	9.055386 	80.622574 	5.830952 	44.102154 	10.000000 	91.934761 	10.816654 	44.721359 	42.953465 	13.038404 	91.923882 	48.301140 	12.206555 	36.687874 	22.022715 	17.720045 	14.212670 	14.866069 	44.944408 	15.556349 	19.313208 	26.019224 	42.720020 	49.040798 	63.513779 	45.607018 	122.147453 	50.289165 	
34.828148 	29.000000 	19.209373 	136.029404 	14.560220 	122.347862 	130.831955 	130.816666 	127.310646 	102.004898 	24.186773 	71.028160 	26.248810 	17.029387 	123.842644 	25.238859 	86.833176 	124.482933 	103.730423 	74.094536 	146.659470 	34.481880 	20.000000 	94.047859 	8.062258 	127.404869 	70.327805 	132.382019 	141.428421 	43.081318 	115.602768 	94.339813 	19.313208 	74.242844 	8.944272 	22.135944 	49.396355 	999.000000 	146.413803 	31.780497 	82.292160 	120.432556 	57.567352 	127.200630 	50.695168 	10.816654 	52.952808 	138.405197 	52.773098 	94.021271 	92.309265 	58.051701 	138.600143 	97.575615 	53.600372 	86.034874 	70.092796 	64.327286 	55.443665 	57.558666 	94.339813 	57.428215 	64.938431 	73.979729 	92.027168 	98.432716 	18.384777 	94.868332 	167.092789 	99.624290 	
111.946419 	117.456375 	146.013702 	16.031219 	140.246216 	24.083189 	16.552946 	15.811388 	19.104973 	46.324940 	123.434196 	76.837494 	120.216469 	129.495178 	22.671568 	121.918007 	60.440052 	21.931713 	50.289165 	77.025970 	12.727922 	113.278419 	126.574089 	55.226807 	141.767410 	19.209373 	79.881165 	14.422205 	5.385165 	107.615051 	34.014702 	57.245087 	128.763351 	78.032043 	137.887634 	126.732002 	102.415817 	146.413803 	999.000000 	120.253899 	72.449982 	32.015621 	98.270035 	25.317978 	104.847511 	144.422989 	105.815880 	17.464249 	106.677086 	66.098412 	68.308128 	102.474388 	18.681541 	63.324562 	107.042046 	76.216797 	92.195442 	97.943863 	106.943909 	105.118980 	69.375786 	106.004715 	99.317673 	90.620087 	73.498299 	67.468513 	163.379929 	72.780495 	21.095022 	69.050705 	
21.931713 	17.804493 	43.737854 	111.830231 	35.693138 	96.607452 	105.683487 	105.209312 	101.400200 	74.330345 	23.600847 	43.416588 	14.866069 	20.880613 	97.616600 	22.022715 	59.816387 	98.600204 	83.486526 	56.568542 	122.331520 	10.049875 	15.811388 	65.764732 	32.015621 	101.044548 	41.036568 	105.891457 	115.602768 	12.727922 	87.692642 	65.192024 	13.000000 	44.204071 	23.194826 	10.000000 	18.601076 	31.780497 	120.253899 	999.000000 	51.865211 	91.967384 	26.000000 	99.005051 	18.973665 	25.553865 	21.213203 	110.317726 	21.095022 	63.134777 	61.294373 	26.305893 	110.344917 	66.730804 	22.022715 	54.625999 	38.327538 	32.557640 	24.000000 	26.019224 	63.071388 	26.000000 	33.241539 	42.201897 	60.539242 	67.119293 	44.944408 	63.324562 	140.264038 	68.154236 	
52.773098 	56.044624 	88.526833 	67.911705 	81.043198 	50.960770 	60.440052 	59.135437 	55.027267 	26.925823 	63.788715 	16.763054 	57.245087 	67.067131 	50.921509 	61.846584 	18.973665 	52.497620 	52.497620 	44.204071 	77.491936 	47.927029 	62.769421 	18.248287 	80.056229 	53.851646 	13.038404 	58.180752 	68.541962 	39.446167 	38.470768 	15.231546 	63.063461 	8.246211 	73.348480 	60.415230 	33.286633 	82.292160 	72.449982 	51.865211 	999.000000 	41.617306 	26.870058 	48.826221 	33.970577 	77.388626 	34.058773 	60.000000 	34.828148 	12.165525 	11.000000 	30.232433 	59.816387 	15.524175 	35.000000 	9.899495 	19.924858 	25.495098 	34.669872 	32.756680 	14.142136 	33.615471 	26.925823 	19.104973 	14.317822 	18.027756 	96.798759 	17.088007 	90.972527 	20.223749 	
87.321243 	92.114059 	122.983742 	32.984844 	116.361504 	18.027756 	25.000000 	22.561028 	18.973665 	18.788294 	98.979797 	49.406479 	94.302704 	104.009613 	15.652476 	97.247108 	34.000000 	17.888544 	43.081318 	59.413803 	40.012497 	86.214851 	100.439034 	26.400757 	116.811813 	16.492422 	50.931328 	19.000000 	29.154760 	79.246452 	6.000000 	26.907248 	101.828285 	48.166378 	111.606453 	99.488693 	73.539108 	120.432556 	32.015621 	91.967384 	41.617306 	999.000000 	68.249542 	7.211102 	75.166481 	117.034180 	75.604233 	18.439089 	76.400261 	34.176014 	36.400551 	71.847061 	18.384777 	31.320919 	76.609398 	44.384682 	60.901562 	66.887962 	76.275818 	74.330345 	37.363083 	75.166481 	68.095520 	59.033890 	41.484936 	35.510563 	136.359818 	40.792156 	49.396355 	37.215588 	
34.481880 	35.227829 	67.029846 	91.923882 	59.076221 	75.584389 	85.000000 	84.077347 	80.062477 	51.971146 	43.185646 	24.186773 	35.000000 	44.181442 	76.059189 	41.194660 	39.217342 	77.369247 	69.065186 	48.703182 	102.044106 	25.000000 	39.319206 	43.046486 	56.718605 	79.259071 	18.973665 	83.862984 	94.021271 	15.033297 	64.637451 	41.400482 	38.327538 	20.248457 	48.764740 	35.440090 	9.055386 	57.567352 	98.270035 	26.000000 	26.870058 	68.249542 	999.000000 	75.432091 	7.211102 	51.429562 	7.615773 	86.683334 	8.544003 	37.443291 	35.510563 	6.324555 	86.556343 	41.048752 	9.219544 	28.635643 	13.000000 	8.944272 	10.000000 	9.219544 	37.121422 	10.198039 	10.816654 	17.000000 	34.539833 	41.146080 	70.710678 	37.336308 	117.413795 	42.154476 	
93.813644 	98.737022 	129.294235 	28.635643 	122.800652 	16.643316 	21.095022 	18.357559 	15.620500 	25.238859 	105.475113 	56.222771 	101.019798 	110.679718 	13.601471 	103.773796 	40.496914 	15.620500 	45.122055 	64.327286 	34.365681 	93.085983 	107.200745 	33.301651 	123.422043 	12.806249 	57.982758 	13.601471 	23.021729 	86.278618 	11.661903 	34.058773 	108.706024 	55.317268 	118.406082 	106.404884 	80.622574 	127.200630 	25.317978 	99.005051 	48.826221 	7.211102 	75.432091 	999.000000 	82.328613 	123.987900 	82.800964 	11.313708 	83.600243 	41.231056 	43.462627 	79.056938 	11.401754 	38.275318 	83.815269 	51.478149 	68.095520 	74.094536 	83.486526 	81.541397 	44.271889 	82.377182 	75.292763 	66.189125 	48.383881 	42.201897 	143.282944 	47.539455 	42.190044 	43.737854 	
30.413813 	30.083218 	61.032780 	97.989792 	53.009434 	81.884064 	91.241440 	90.426765 	86.452301 	58.523499 	37.854988 	29.410883 	29.274563 	38.000000 	82.492424 	35.902645 	45.188496 	83.725746 	73.552704 	50.990196 	108.226616 	19.416489 	33.015148 	49.648766 	50.249378 	85.755463 	25.059929 	90.426765 	100.498756 	9.486833 	71.400284 	48.270073 	31.575306 	27.018513 	41.976185 	28.635643 	5.830952 	50.695168 	104.847511 	18.973665 	33.970577 	75.166481 	7.211102 	82.328613 	999.000000 	44.283180 	4.242640 	93.605553 	5.000000 	44.654228 	42.720020 	8.246211 	93.509361 	48.259712 	6.403124 	35.777088 	19.416489 	14.000000 	8.485281 	9.433981 	44.294468 	10.000000 	15.132746 	23.345236 	41.629318 	48.301140 	63.529522 	44.384682 	124.201447 	49.244289 	
35.468296 	29.154760 	29.698484 	135.000000 	23.853722 	120.507263 	129.321304 	129.073624 	125.399361 	99.035347 	27.166155 	67.896980 	25.495098 	19.104973 	121.753853 	27.459061 	84.148682 	122.576508 	104.235313 	75.239616 	145.602203 	31.144823 	19.313208 	90.686272 	17.204651 	125.255737 	66.219330 	130.176804 	139.603012 	38.013157 	112.538879 	90.426765 	15.811388 	69.634758 	10.049875 	17.691807 	44.102154 	10.816654 	144.422989 	25.553865 	77.388626 	117.034180 	51.429562 	123.987900 	44.283180 	999.000000 	45.880280 	135.281189 	45.541191 	88.684837 	86.833176 	50.921509 	135.369858 	92.282173 	46.173584 	80.056229 	63.324562 	57.245087 	47.801674 	50.000000 	88.549423 	49.729267 	57.567352 	67.067131 	85.906929 	92.574295 	19.416489 	88.639717 	164.769531 	93.520050 	
34.481880 	33.837849 	64.195015 	99.538940 	56.142673 	83.192551 	92.612091 	91.678787 	87.658424 	59.539902 	41.484936 	31.575306 	32.756680 	41.109608 	83.648071 	39.560081 	46.818798 	84.970581 	76.236473 	54.571056 	109.658562 	23.086792 	36.055511 	50.606323 	53.037724 	86.833176 	26.570660 	91.416626 	101.597244 	13.416408 	72.111023 	48.826221 	34.132095 	27.784887 	44.407207 	31.144823 	10.000000 	52.952808 	105.815880 	21.213203 	34.058773 	75.604233 	7.615773 	82.800964 	4.242640 	45.880280 	999.000000 	94.021271 	1.000000 	44.045429 	42.011902 	5.099020 	93.861603 	47.634022 	2.236068 	34.669872 	17.464249 	11.401754 	4.242640 	5.385165 	43.266617 	5.830952 	12.041595 	21.189621 	40.311287 	47.169907 	64.884514 	42.941822 	124.851913 	47.885281 	
104.847511 	109.859001 	140.160629 	26.907248 	133.775925 	22.022715 	21.470911 	18.788294 	18.439089 	36.400551 	116.503220 	67.475922 	112.200714 	121.827744 	19.000000 	114.825958 	51.613953 	20.099751 	52.038448 	74.040527 	29.068884 	104.350372 	118.406082 	44.598206 	134.525085 	16.124516 	69.296463 	13.000000 	17.492855 	97.590981 	22.803509 	45.343136 	119.970833 	66.603302 	129.630249 	117.686020 	91.934761 	138.405197 	17.464249 	110.317726 	60.000000 	18.439089 	86.683334 	11.313708 	93.605553 	135.281189 	94.021271 	999.000000 	94.810333 	51.884487 	54.120235 	90.210861 	1.414214 	48.754486 	95.000000 	62.177166 	79.075912 	85.146935 	94.625580 	92.655273 	54.625999 	93.477272 	86.284416 	77.025970 	58.694122 	52.201534 	154.563904 	57.584721 	31.304953 	53.450912 	
34.985710 	34.176014 	64.280632 	100.463921 	56.222771 	84.095184 	93.520050 	92.574295 	88.549423 	60.415230 	41.761227 	32.557640 	32.984844 	41.194660 	84.534019 	39.849716 	47.759815 	85.866173 	77.233414 	55.542778 	110.571243 	23.409399 	36.124783 	51.478149 	53.009434 	87.709747 	27.513634 	92.282173 	102.474388 	13.892444 	72.945183 	49.648766 	34.058773 	28.653097 	44.283180 	31.064449 	10.816654 	52.773098 	106.677086 	21.095022 	34.828148 	76.400261 	8.544003 	83.600243 	5.000000 	45.541191 	1.000000 	94.810333 	999.000000 	44.687805 	42.638012 	5.385165 	94.641426 	48.270073 	1.414214 	35.227829 	17.888544 	11.704700 	3.605551 	5.099020 	43.829212 	5.385165 	12.165525 	21.540659 	40.816662 	47.707443 	64.474800 	43.416588 	125.670204 	48.373547 	
64.938431 	68.154236 	100.662804 	64.124878 	93.145050 	47.042534 	56.222771 	54.451813 	50.358715 	24.515301 	75.927597 	28.160255 	69.260376 	79.056938 	46.270943 	73.979729 	24.083189 	48.166378 	55.569775 	53.235325 	72.835434 	59.808025 	74.672615 	18.357559 	92.027168 	48.662102 	25.179358 	52.392746 	62.817196 	50.990196 	32.557640 	13.416408 	74.732857 	20.396078 	85.088188 	72.013885 	44.721359 	94.021271 	66.098412 	63.134777 	12.165525 	34.176014 	37.443291 	41.231056 	44.654228 	88.684837 	44.045429 	51.884487 	44.687805 	999.000000 	2.236068 	39.623226 	51.478149 	3.605551 	44.598206 	10.295630 	27.658634 	33.970577 	43.840622 	41.725292 	4.472136 	42.449970 	34.828148 	25.238859 	8.062258 	6.708204 	108.046288 	8.944272 	83.186539 	9.433981 	
63.639610 	66.708321 	99.247169 	66.189125 	91.678787 	49.091751 	58.309521 	56.568542 	52.469040 	26.305893 	74.525162 	27.459061 	67.720009 	77.491936 	48.373547 	72.567207 	24.758837 	50.249378 	56.824291 	53.338543 	74.966660 	58.189346 	73.054771 	19.697716 	90.443352 	50.803543 	24.020824 	54.571056 	65.000000 	49.244289 	34.713108 	14.866069 	73.006851 	19.104973 	83.384651 	70.263786 	42.953465 	92.309265 	68.308128 	61.294373 	11.000000 	36.400551 	35.510563 	43.462627 	42.720020 	86.833176 	42.011902 	54.120235 	42.638012 	2.236068 	999.000000 	37.536648 	53.712196 	5.656854 	42.520584 	8.062258 	25.495098 	31.827662 	41.725292 	39.597980 	3.605551 	40.311287 	32.649654 	23.021729 	6.324555 	7.071068 	106.174385 	7.810250 	85.422478 	9.486833 	
