Total assets = 883
Number of asset nodes = 50

Distance:
999.000000 	29.698484 	38.832977 	47.507893 	43.600460 	46.227695 	27.166155 	42.720020 	21.931713 	53.000000 	46.141087 	61.032780 	38.327538 	75.663727 	42.059483 	52.478565 	34.132095 	65.855904 	58.668560 	28.425341 	63.631752 	71.610054 	41.109608 	50.695168 	37.656342 	55.901699 	32.526913 	63.513779 	54.625999 	39.115215 	71.400284 	76.843994 	51.419842 	37.443291 	56.515484 	41.761227 	61.983868 	44.407207 	71.589104 	47.853943 	72.235725 	48.836460 	47.010635 	46.957428 	48.083260 	72.801102 	49.040798 	50.009998 	47.201694 	47.169907 	48.332184 	51.419842 	50.960770 	50.537113 	51.923019 	50.566788 	49.406479 	51.623638 	53.712196 	89.308456 	54.203320 	97.908119 	56.364883 	
29.698484 	999.000000 	11.045361 	18.027756 	14.866069 	17.000000 	53.665630 	15.132746 	36.345562 	82.200974 	19.104973 	90.426765 	64.474800 	105.361282 	20.615528 	24.738634 	57.870544 	36.235340 	87.658424 	39.012817 	92.655273 	101.044548 	26.907248 	77.820305 	59.665737 	29.274563 	44.045429 	34.928497 	29.017237 	30.000000 	42.190044 	106.212051 	30.364452 	52.000000 	83.258636 	38.078865 	89.442719 	35.468296 	43.965897 	39.698868 	100.239716 	40.360870 	64.031242 	63.000000 	43.011627 	100.647903 	67.119293 	41.773197 	59.413803 	49.769470 	47.010635 	43.931767 	44.821869 	66.030296 	45.453274 	48.877399 	53.488316 	65.276337 	70.007141 	60.415230 	68.264191 	127.200630 	72.062469 	
38.832977 	11.045361 	999.000000 	9.848858 	5.000000 	8.062258 	60.216278 	4.123106 	40.311287 	89.938866 	8.062258 	98.351410 	70.491135 	114.021927 	12.041595 	13.928389 	63.063461 	27.802877 	95.131485 	41.231056 	100.124924 	108.977058 	21.023796 	84.059502 	64.078079 	18.248287 	45.891174 	24.698177 	18.000000 	25.961510 	32.649654 	114.021927 	20.591261 	54.129475 	89.185204 	34.928497 	95.718338 	30.463093 	33.241539 	34.438351 	106.780151 	34.885529 	66.287254 	64.938431 	38.626415 	107.070068 	69.634758 	36.235340 	60.133186 	47.675991 	43.680660 	38.470768 	39.812057 	67.601776 	40.249222 	45.221676 	51.623638 	66.189125 	71.700768 	50.477718 	69.180923 	134.825821 	73.437050 	
47.507893 	18.027756 	9.848858 	999.000000 	5.099020 	2.000000 	69.892776 	8.000000 	50.159744 	99.357941 	8.944272 	107.712578 	80.262070 	123.069084 	18.439089 	9.848858 	72.897186 	18.384777 	104.637466 	50.960770 	109.635757 	118.342720 	28.442924 	93.813644 	73.925636 	15.231546 	55.542778 	17.464249 	16.643316 	34.132095 	24.186773 	123.434196 	23.600847 	63.788715 	98.979797 	43.185646 	105.475113 	37.854988 	27.166155 	41.484936 	116.503220 	41.761227 	75.927597 	74.525162 	46.097721 	116.811813 	79.309517 	43.011627 	69.462219 	56.142673 	51.623638 	45.221676 	46.840153 	77.103828 	47.127487 	52.952808 	60.133186 	75.538071 	81.215759 	42.485291 	78.517517 	144.308701 	82.873398 	
43.600460 	14.866069 	5.000000 	5.099020 	999.000000 	3.162278 	65.215027 	3.162278 	45.188496 	94.921021 	5.830952 	103.324730 	75.471848 	118.928551 	13.928389 	10.049875 	68.000000 	22.803509 	100.124924 	45.880280 	105.118980 	113.951744 	23.769728 	89.044930 	68.942001 	15.033297 	50.447994 	20.124611 	15.524175 	29.274563 	27.802877 	119.004204 	20.518284 	58.694122 	94.154129 	38.327538 	100.702530 	33.241539 	29.120440 	37.000000 	111.772087 	37.336308 	70.830788 	69.426216 	41.484936 	112.058022 	74.215904 	38.626415 	64.381676 	51.244511 	46.872166 	40.853397 	42.379242 	72.006943 	42.720020 	48.270073 	55.226807 	70.455658 	76.118332 	45.793011 	73.437050 	139.817734 	77.781746 	
46.227695 	17.000000 	8.062258 	2.000000 	3.162278 	999.000000 	68.242218 	6.000000 	48.332184 	97.836601 	7.211102 	106.216759 	78.549347 	121.696342 	16.492422 	9.219544 	71.119621 	19.849434 	103.077644 	49.040798 	108.074051 	116.846054 	26.476404 	92.114059 	72.090218 	14.560220 	53.600372 	18.027756 	15.652476 	32.140316 	25.238859 	121.918007 	22.022715 	61.846584 	97.247108 	41.194660 	103.773796 	35.902645 	27.459061 	39.560081 	114.825958 	39.849716 	73.979729 	72.567207 	44.147480 	115.121674 	77.369247 	41.109608 	67.475922 	54.147945 	49.648766 	43.324360 	44.922153 	75.133217 	45.221676 	50.990196 	58.137768 	73.552704 	79.246452 	43.416588 	76.531036 	142.762039 	80.894997 	
27.166155 	53.665630 	60.216278 	69.892776 	65.215027 	68.242218 	999.000000 	63.411354 	22.472204 	30.805843 	65.946945 	39.408119 	11.180340 	56.824291 	58.728188 	72.249565 	9.219544 	88.005684 	35.383614 	26.570660 	40.311287 	49.819675 	53.254108 	24.166092 	14.142136 	74.249580 	26.305893 	83.546394 	72.180328 	48.373547 	92.195442 	54.561890 	65.802734 	24.331051 	29.732138 	45.541191 	35.777088 	51.478149 	89.872131 	53.141319 	46.647614 	54.083271 	27.202942 	28.301943 	50.695168 	47.010635 	27.586229 	54.708317 	32.893768 	43.046486 	47.518417 	55.081757 	53.600372 	31.622776 	54.571056 	49.365982 	43.046486 	34.481880 	33.301651 	108.894447 	36.055511 	74.966660 	36.124783 	
42.720020 	15.132746 	4.123106 	8.000000 	3.162278 	6.000000 	63.411354 	999.000000 	42.941822 	93.380943 	4.000000 	101.833199 	73.498299 	117.686020 	10.770329 	9.848858 	65.863495 	24.698177 	98.493652 	43.324360 	103.479469 	112.449989 	20.615528 	87.091904 	66.640831 	14.142136 	47.801674 	20.808653 	14.035668 	26.172504 	29.000000 	117.456375 	17.804493 	56.044624 	92.114059 	35.227829 	98.737022 	30.083218 	29.154760 	33.837849 	109.859001 	34.176014 	68.154236 	66.708321 	38.327538 	110.113579 	71.568146 	35.468296 	61.522354 	48.166378 	43.737854 	37.696156 	39.217342 	69.231499 	39.560081 	45.122055 	52.153618 	67.601776 	73.348480 	46.615448 	70.576202 	138.191895 	74.966660 	
21.931713 	36.345562 	40.311287 	50.159744 	45.188496 	48.332184 	22.472204 	42.941822 	999.000000 	53.254108 	44.944408 	61.854668 	31.144823 	79.259071 	36.878178 	51.039200 	23.021729 	67.601776 	57.628117 	6.708204 	62.481998 	72.201111 	30.805843 	44.687805 	23.769728 	52.497620 	10.630146 	62.201286 	50.249378 	25.942244 	71.028160 	76.837494 	43.416588 	16.763054 	49.406479 	24.186773 	56.222771 	29.410883 	67.896980 	31.575306 	67.475922 	32.557640 	28.160255 	27.459061 	30.016663 	67.623962 	31.016125 	33.376640 	25.942244 	26.000000 	28.442924 	34.132095 	33.015148 	30.805843 	34.014702 	30.594116 	27.784887 	31.016125 	34.525352 	87.114868 	33.837849 	96.938126 	36.878178 	
53.000000 	82.200974 	89.938866 	99.357941 	94.921021 	97.836601 	30.805843 	93.380943 	53.254108 	999.000000 	96.166519 	8.602325 	24.041630 	26.570660 	89.375610 	102.532921 	32.893768 	117.686020 	6.082763 	56.824291 	10.770329 	19.104973 	84.053551 	15.524175 	35.902645 	104.804581 	55.542778 	113.846390 	102.825096 	79.075912 	122.347862 	24.083189 	96.607452 	50.960770 	18.027756 	75.584389 	16.643316 	81.884064 	120.507263 	83.192551 	22.022715 	84.095184 	47.042534 	49.091751 	80.230919 	23.086792 	45.011108 	84.581322 	56.435802 	70.880180 	76.216797 	84.693565 	83.006027 	51.000000 	83.934502 	77.794601 	69.856995 	55.009090 	50.159744 	139.387955 	55.036350 	45.000000 	52.345009 	
46.141087 	19.104973 	8.062258 	8.944272 	5.830952 	7.211102 	65.946945 	4.000000 	44.944408 	96.166519 	999.000000 	104.661362 	75.802376 	120.739388 	10.000000 	6.403124 	67.955872 	22.847319 	101.178062 	44.777225 	106.150833 	115.260574 	20.024984 	89.403580 	68.476273 	10.198039 	49.040798 	17.691807 	10.049875 	26.019224 	26.248810 	120.216469 	14.866069 	57.245087 	94.302704 	35.000000 	101.019798 	29.274563 	25.495098 	32.756680 	112.200714 	32.984844 	69.260376 	67.720009 	37.483330 	112.414413 	72.732384 	34.205261 	62.169125 	48.000000 	43.185646 	36.400551 	38.078865 	70.092796 	38.327538 	44.407207 	52.000000 	68.249542 	74.215904 	43.416588 	71.196907 	140.858078 	75.709976 	
61.032780 	90.426765 	98.351410 	107.712578 	103.324730 	106.216759 	39.408119 	101.833199 	61.854668 	8.602325 	104.661362 	999.000000 	32.310989 	18.439089 	97.948967 	111.036034 	41.231056 	126.063477 	6.082763 	65.368187 	5.830952 	10.630146 	92.655273 	22.022715 	43.965897 	113.357841 	63.976559 	122.347862 	111.395691 	87.664131 	130.816666 	15.811388 	105.209312 	59.135437 	22.561028 	84.077347 	18.357559 	90.426765 	129.073624 	91.678787 	18.788294 	92.574295 	54.451813 	56.568542 	88.639717 	20.124611 	52.153618 	93.037628 	64.132675 	79.056938 	84.504440 	93.107468 	91.389275 	58.215118 	92.309265 	86.034874 	77.884529 	62.289646 	57.008770 	147.922272 	62.072536 	36.891735 	59.008472 	
38.327538 	64.474800 	70.491135 	80.262070 	75.471848 	78.549347 	11.180340 	73.498299 	31.144823 	24.041630 	75.802376 	32.310989 	999.000000 	50.596443 	68.014702 	82.006096 	8.944272 	98.183502 	27.294687 	33.600594 	31.906113 	42.059483 	61.619801 	13.601471 	12.041595 	83.630135 	31.764761 	93.236259 	81.394104 	56.222771 	102.004898 	46.324940 	74.330345 	26.925823 	18.788294 	51.971146 	25.238859 	58.523499 	99.035347 	59.539902 	36.400551 	60.415230 	24.515301 	26.305893 	56.364883 	36.619667 	23.409399 	60.827625 	33.000000 	46.840153 	52.201534 	60.835846 	59.093147 	28.861740 	60.008331 	53.758720 	45.891174 	32.557640 	29.154760 	118.258194 	33.241539 	65.946945 	31.780497 	
75.663727 	105.361282 	114.021927 	123.069084 	118.928551 	121.696342 	56.824291 	117.686020 	79.259071 	26.570660 	120.739388 	18.439089 	50.596443 	999.000000 	114.621117 	127.141655 	59.464275 	141.449631 	24.186773 	83.192551 	21.023796 	11.704700 	109.931801 	40.311287 	62.361847 	129.807556 	82.079231 	138.408813 	128.003906 	105.190300 	146.659470 	12.727922 	122.331520 	77.491936 	40.012497 	102.044106 	34.365681 	108.226616 	145.602203 	109.658562 	29.068884 	110.571243 	72.835434 	74.966660 	106.775467 	30.413813 	70.455658 	111.085556 	82.565125 	97.416634 	102.786186 	111.233986 	109.562767 	76.531036 	110.494347 	104.355164 	96.301613 	80.622574 	75.166481 	164.149323 	80.305664 	27.073973 	77.058418 	
42.059483 	20.615528 	12.041595 	18.439089 	13.928389 	16.492422 	58.728188 	10.770329 	36.878178 	89.375610 	10.000000 	97.948967 	68.014702 	114.621117 	999.000000 	14.866069 	59.816387 	32.280025 	94.111633 	35.846897 	99.035347 	108.466583 	10.049875 	81.565926 	59.908264 	15.620500 	39.812057 	25.553865 	13.453624 	16.031219 	34.481880 	113.278419 	10.049875 	47.927029 	86.214851 	25.000000 	93.085983 	19.416489 	31.144823 	23.086792 	104.350372 	23.409399 	59.808025 	58.189346 	27.658634 	104.484451 	63.324562 	24.698177 	52.392746 	38.000000 	33.241539 	26.925823 	28.460499 	60.440052 	28.792360 	34.525352 	42.000000 	58.463665 	64.560051 	50.249378 	61.392181 	133.645050 	65.969688 	
52.478565 	24.738634 	13.928389 	9.848858 	10.049875 	9.219544 	72.249565 	9.848858 	51.039200 	102.532921 	6.403124 	111.036034 	82.006096 	127.141655 	14.866069 	999.000000 	74.060783 	17.464249 	107.517441 	50.537113 	112.485558 	121.630585 	24.331051 	95.603348 	74.431175 	5.385165 	54.625999 	11.313708 	7.071068 	30.594116 	20.000000 	126.574089 	15.811388 	62.769421 	100.439034 	39.319206 	107.200745 	33.015148 	19.313208 	36.055511 	118.406082 	36.124783 	74.672615 	73.054771 	41.012192 	118.600166 	78.185677 	37.215588 	67.186310 	52.239830 	47.010635 	39.319206 	41.194660 	75.286118 	41.303753 	48.010414 	56.222771 	73.246162 	79.404030 	37.013512 	76.157730 	147.186951 	80.777473 	
34.132095 	57.870544 	63.063461 	72.897186 	68.000000 	71.119621 	9.219544 	65.863495 	23.021729 	32.893768 	67.955872 	41.231056 	8.944272 	59.464275 	59.816387 	74.060783 	999.000000 	90.553848 	36.235340 	24.839485 	40.816662 	51.000000 	53.037724 	21.931713 	5.000000 	75.432091 	22.825424 	85.211502 	73.109505 	47.507893 	94.047859 	55.226807 	65.764732 	18.248287 	26.400757 	43.046486 	33.301651 	49.648766 	90.686272 	50.606323 	44.598206 	51.478149 	18.357559 	19.697716 	47.423622 	44.687805 	18.439089 	51.884487 	25.317978 	38.078865 	43.324360 	51.894123 	50.159744 	22.825424 	51.078373 	44.922153 	37.336308 	26.000000 	24.207438 	109.986366 	27.294687 	74.652527 	27.018513 	
65.855904 	36.235340 	27.802877 	18.384777 	22.803509 	19.849434 	88.005684 	24.698177 	67.601776 	117.686020 	22.847319 	126.063477 	98.183502 	141.449631 	32.280025 	17.464249 	90.553848 	999.000000 	122.918671 	67.623962 	127.914032 	136.693085 	41.773197 	111.772087 	91.241440 	19.026299 	71.867935 	9.848858 	22.022715 	48.052055 	8.062258 	141.767410 	32.015621 	80.056229 	116.811813 	56.718605 	123.422043 	50.249378 	17.204651 	53.037724 	134.525085 	53.009434 	92.027168 	90.443352 	58.077534 	134.792435 	95.519630 	54.000000 	84.646324 	69.584480 	64.195015 	56.008926 	58.000000 	92.720009 	58.008621 	65.069191 	73.552704 	90.708321 	96.840073 	25.709921 	93.621582 	162.606888 	98.234413 	
58.668560 	87.658424 	95.131485 	104.637466 	100.124924 	103.077644 	35.383614 	98.493652 	57.628117 	6.082763 	101.178062 	6.082763 	27.294687 	24.186773 	94.111633 	107.517441 	36.235340 	122.918671 	999.000000 	60.745369 	5.000000 	14.764823 	88.408142 	16.124516 	38.626415 	109.622078 	59.059292 	118.827606 	107.563934 	83.234612 	127.404869 	19.209373 	101.044548 	53.851646 	16.492422 	79.259071 	12.806249 	85.755463 	125.255737 	86.833176 	16.124516 	87.709747 	48.662102 	50.803543 	83.630135 	17.262676 	46.270943 	88.119240 	58.463665 	73.736015 	79.309517 	88.102211 	86.330757 	52.345009 	87.235313 	80.777473 	72.422371 	56.435802 	51.039200 	144.256714 	56.142673 	39.698868 	53.000000 	
28.425341 	39.012817 	41.231056 	50.960770 	45.880280 	49.040798 	26.570660 	43.324360 	6.708204 	56.824291 	44.777225 	65.368187 	33.600594 	83.192551 	35.846897 	50.537113 	24.839485 	67.623962 	60.745369 	999.000000 	65.459915 	75.471848 	28.319605 	46.754681 	24.207438 	51.312767 	5.099020 	61.400326 	48.826221 	22.671568 	70.327805 	79.881165 	41.036568 	13.038404 	50.931328 	18.973665 	57.982758 	25.059929 	66.219330 	26.570660 	69.296463 	27.513634 	25.179358 	24.020824 	24.331051 	69.310890 	28.442924 	28.160255 	20.880613 	19.313208 	22.090721 	28.635643 	27.294687 	27.018513 	28.284271 	24.186773 	21.095022 	26.476404 	31.000000 	85.603737 	29.427877 	99.488693 	33.060551 	
63.631752 	92.655273 	100.124924 	109.635757 	105.118980 	108.074051 	40.311287 	103.479469 	62.481998 	10.770329 	106.150833 	5.830952 	31.906113 	21.023796 	99.035347 	112.485558 	40.816662 	127.914032 	5.000000 	65.459915 	999.000000 	10.440307 	93.236259 	19.924858 	42.953465 	114.560028 	63.631752 	123.794182 	112.485558 	88.005684 	132.382019 	14.422205 	105.891457 	58.180752 	19.000000 	83.862984 	13.601471 	90.426765 	130.176804 	91.416626 	13.000000 	92.282173 	52.392746 	54.571056 	88.119240 	14.317822 	49.819675 	92.660675 	62.361847 	78.000000 	83.671982 	92.590500 	90.785461 	55.901699 	91.678787 	85.088188 	76.550636 	60.016663 	54.332310 	149.201202 	59.539902 	34.713108 	56.142673 	
71.610054 	101.044548 	108.977058 	118.342720 	113.951744 	116.846054 	49.819675 	112.449989 	72.201111 	19.104973 	115.260574 	10.630146 	42.059483 	11.704700 	108.466583 	121.630585 	51.000000 	136.693085 	14.764823 	75.471848 	10.440307 	999.000000 	103.004852 	30.364452 	53.310413 	123.907227 	73.824112 	132.943604 	121.918007 	97.908119 	141.428421 	5.385165 	115.602768 	68.541962 	29.154760 	94.021271 	23.021729 	100.498756 	139.603012 	101.597244 	17.492855 	102.474388 	62.817196 	65.000000 	98.386993 	18.867962 	60.207973 	102.883430 	72.801102 	88.391174 	94.021271 	102.859123 	101.079178 	66.287254 	101.980392 	95.462036 	86.977005 	70.405968 	64.629715 	158.492905 	69.871307 	26.419689 	66.370171 	
41.109608 	26.907248 	21.023796 	28.442924 	23.769728 	26.476404 	53.254108 	20.615528 	30.805843 	84.053551 	20.024984 	92.655273 	61.619801 	109.931801 	10.049875 	24.331051 	53.037724 	41.773197 	88.408142 	28.319605 	93.236259 	103.004852 	999.000000 	74.966660 	52.497620 	23.769728 	31.622776 	34.176014 	21.023796 	6.324555 	43.081318 	107.615051 	12.727922 	39.446167 	79.246452 	15.033297 	86.278618 	9.486833 	38.013157 	13.416408 	97.590981 	13.892444 	50.990196 	49.244289 	17.720045 	97.621719 	54.561890 	15.264338 	43.011627 	28.017851 	23.194826 	17.492855 	18.788294 	51.264023 	19.235384 	24.515301 	32.015621 	49.040798 	55.362442 	57.428215 	51.923019 	127.561752 	56.612720 	
50.695168 	77.820305 	84.059502 	93.813644 	89.044930 	92.114059 	24.166092 	87.091904 	44.687805 	15.524175 	89.403580 	22.022715 	13.601471 	40.311287 	81.565926 	95.603348 	21.931713 	111.772087 	16.124516 	46.754681 	19.924858 	30.364452 	74.966660 	999.000000 	23.323807 	97.185387 	44.407207 	106.826965 	94.921021 	69.426216 	115.602768 	34.014702 	87.692642 	38.470768 	6.000000 	64.637451 	11.661903 	71.400284 	112.538879 	72.111023 	22.803509 	72.945183 	32.557640 	34.713108 	68.600288 	23.021729 	30.149628 	73.246162 	42.449970 	58.180752 	63.953106 	73.061615 	71.196907 	36.221542 	72.069412 	65.306969 	56.648037 	40.311287 	35.000000 	131.795303 	40.049969 	52.801514 	37.054016 	
37.656342 	59.665737 	64.078079 	73.925636 	68.942001 	72.090218 	14.142136 	66.640831 	23.769728 	35.902645 	68.476273 	43.965897 	12.041595 	62.361847 	59.908264 	74.431175 	5.000000 	91.241440 	38.626415 	24.207438 	42.953465 	53.310413 	52.497620 	23.323807 	999.000000 	75.451973 	21.260292 	85.440041 	73.006851 	46.690472 	94.339813 	57.245087 	65.192024 	15.231546 	26.907248 	41.400482 	34.058773 	48.270073 	90.426765 	48.826221 	45.343136 	49.648766 	13.416408 	14.866069 	45.276924 	45.276924 	13.453624 	49.929951 	21.023796 	35.114101 	40.718548 	49.739319 	47.885281 	17.888544 	48.764740 	42.154476 	33.955853 	21.189621 	19.209373 	109.808922 	22.360680 	76.026314 	22.022715 	
55.901699 	29.274563 	18.248287 	15.231546 	15.033297 	14.560220 	74.249580 	14.142136 	52.497620 	104.804581 	10.198039 	113.357841 	83.630135 	129.807556 	15.620500 	5.385165 	75.432091 	19.026299 	109.622078 	51.312767 	114.560028 	123.907227 	23.769728 	97.185387 	75.451973 	999.000000 	55.072678 	10.440307 	3.000000 	30.083218 	19.313208 	128.763351 	13.000000 	63.063461 	101.828285 	38.327538 	108.706024 	31.575306 	15.811388 	34.132095 	119.970833 	34.058773 	74.732857 	73.006851 	39.204590 	120.104118 	78.294319 	35.014282 	66.730804 	50.990196 	45.398239 	37.000000 	39.012817 	75.026665 	39.000000 	46.173584 	54.918121 	72.732384 	79.120163 	34.655445 	75.584389 	149.201202 	80.324341 	
32.526913 	44.045429 	45.891174 	55.542778 	50.447994 	53.600372 	26.305893 	47.801674 	10.630146 	55.542778 	49.040798 	63.976559 	31.764761 	82.079231 	39.812057 	54.625999 	22.825424 	71.867935 	59.059292 	5.099020 	63.631752 	73.824112 	31.622776 	44.407207 	21.260292 	55.072678 	999.000000 	65.299309 	52.478565 	25.612497 	74.242844 	78.032043 	44.204071 	8.246211 	48.166378 	20.248457 	55.317268 	27.018513 	69.634758 	27.784887 	66.603302 	28.653097 	20.396078 	19.104973 	24.698177 	66.528191 	23.769728 	29.068884 	15.811388 	17.117243 	21.213203 	29.154760 	27.513634 	22.000000 	28.460499 	23.086792 	18.027756 	21.377558 	26.019224 	89.050545 	24.331051 	97.200821 	28.017851 	
63.513779 	34.928497 	24.698177 	17.464249 	20.124611 	18.027756 	83.546394 	20.808653 	62.201286 	113.846390 	17.691807 	122.347862 	93.236259 	138.408813 	25.553865 	11.313708 	85.211502 	9.848858 	118.827606 	61.400326 	123.794182 	132.943604 	34.176014 	106.826965 	85.440041 	10.440307 	65.299309 	999.000000 	13.341664 	40.496914 	8.944272 	137.887634 	23.194826 	73.348480 	111.606453 	48.764740 	118.406082 	41.976185 	10.049875 	44.407207 	129.630249 	44.283180 	85.088188 	83.384651 	49.497475 	129.807556 	88.639717 	45.177429 	77.162170 	61.392181 	55.731499 	47.095646 	49.162994 	85.440041 	49.091751 	56.435802 	65.306969 	83.168503 	89.537704 	25.806976 	86.023254 	158.492905 	90.757919 	
54.625999 	29.017237 	18.000000 	16.643316 	15.524175 	15.652476 	72.180328 	14.035668 	50.249378 	102.825096 	10.049875 	111.395691 	81.394104 	128.003906 	13.453624 	7.071068 	73.109505 	22.022715 	107.563934 	48.826221 	112.485558 	121.918007 	21.023796 	94.921021 	73.006851 	3.000000 	52.478565 	13.341664 	999.000000 	27.313000 	22.135944 	126.732002 	10.000000 	60.415230 	99.488693 	35.440090 	106.404884 	28.635643 	17.691807 	31.144823 	117.686020 	31.064449 	72.013885 	70.263786 	36.221542 	117.796432 	75.584389 	32.015621 	63.906181 	48.052055 	42.426407 	34.000000 	36.013885 	72.235725 	36.000000 	43.185646 	51.971146 	69.892776 	76.321686 	36.878178 	72.732384 	147.085007 	77.491936 	
39.115215 	30.000000 	25.961510 	34.132095 	29.274563 	32.140316 	48.373547 	26.172504 	25.942244 	79.075912 	26.019224 	87.664131 	56.222771 	105.190300 	16.031219 	30.594116 	47.507893 	48.052055 	83.234612 	22.671568 	88.005684 	97.908119 	6.324555 	69.426216 	46.690472 	30.083218 	25.612497 	40.496914 	27.313000 	999.000000 	49.396355 	102.415817 	18.601076 	33.286633 	73.539108 	9.055386 	80.622574 	5.830952 	44.102154 	10.000000 	91.934761 	10.816654 	44.721359 	42.953465 	13.038404 	91.923882 	48.301140 	12.206555 	36.687874 	22.022715 	17.720045 	14.212670 	14.866069 	44.944408 	15.556349 	19.313208 	26.019224 	42.720020 	49.040798 	63.513779 	45.607018 	122.147453 	50.289165 	
71.400284 	42.190044 	32.649654 	24.186773 	27.802877 	25.238859 	92.195442 	29.000000 	71.028160 	122.347862 	26.248810 	130.816666 	102.004898 	146.659470 	34.481880 	20.000000 	94.047859 	8.062258 	127.404869 	70.327805 	132.382019 	141.428421 	43.081318 	115.602768 	94.339813 	19.313208 	74.242844 	8.944272 	22.135944 	49.396355 	999.000000 	146.413803 	31.780497 	82.292160 	120.432556 	57.567352 	127.200630 	50.695168 	10.816654 	52.952808 	138.405197 	52.773098 	94.021271 	92.309265 	58.051701 	138.600143 	97.575615 	53.600372 	86.034874 	70.092796 	64.327286 	55.443665 	57.558666 	94.339813 	57.428215 	64.938431 	73.979729 	92.027168 	98.432716 	18.384777 	94.868332 	167.092789 	99.624290 	
76.843994 	106.212051 	114.021927 	123.434196 	119.004204 	121.918007 	54.561890 	117.456375 	76.837494 	24.083189 	120.216469 	15.811388 	46.324940 	12.727922 	113.278419 	126.574089 	55.226807 	141.767410 	19.209373 	79.881165 	14.422205 	5.385165 	107.615051 	34.014702 	57.245087 	128.763351 	78.032043 	137.887634 	126.732002 	102.415817 	146.413803 	999.000000 	120.253899 	72.449982 	32.015621 	98.270035 	25.317978 	104.847511 	144.422989 	105.815880 	17.464249 	106.677086 	66.098412 	68.308128 	102.474388 	18.681541 	63.324562 	107.042046 	76.216797 	92.195442 	97.943863 	106.943909 	105.118980 	69.375786 	106.004715 	99.317673 	90.620087 	73.498299 	67.468513 	163.379929 	72.780495 	21.095022 	69.050705 	
51.419842 	30.364452 	20.591261 	23.600847 	20.518284 	22.022715 	65.802734 	17.804493 	43.416588 	96.607452 	14.866069 	105.209312 	74.330345 	122.331520 	10.049875 	15.811388 	65.764732 	32.015621 	101.044548 	41.036568 	105.891457 	115.602768 	12.727922 	87.692642 	65.192024 	13.000000 	44.204071 	23.194826 	10.000000 	18.601076 	31.780497 	120.253899 	999.000000 	51.865211 	91.967384 	26.000000 	99.005051 	18.973665 	25.553865 	21.213203 	110.317726 	21.095022 	63.134777 	61.294373 	26.305893 	110.344917 	66.730804 	22.022715 	54.625999 	38.327538 	32.557640 	24.000000 	26.019224 	63.071388 	26.000000 	33.241539 	42.201897 	60.539242 	67.119293 	44.944408 	63.324562 	140.264038 	68.154236 	
37.443291 	52.000000 	54.129475 	63.788715 	58.694122 	61.846584 	24.331051 	56.044624 	16.763054 	50.960770 	57.245087 	59.135437 	26.925823 	77.491936 	47.927029 	62.769421 	18.248287 	80.056229 	53.851646 	13.038404 	58.180752 	68.541962 	39.446167 	38.470768 	15.231546 	63.063461 	8.246211 	73.348480 	60.415230 	33.286633 	82.292160 	72.449982 	51.865211 	999.000000 	41.617306 	26.870058 	48.826221 	33.970577 	77.388626 	34.058773 	60.000000 	34.828148 	12.165525 	11.000000 	30.232433 	59.816387 	15.524175 	35.000000 	9.899495 	19.924858 	25.495098 	34.669872 	32.756680 	14.142136 	33.615471 	26.925823 	19.104973 	14.317822 	18.027756 	96.798759 	17.088007 	90.972527 	20.223749 	
56.515484 	83.258636 	89.185204 	98.979797 	94.154129 	97.247108 	29.732138 	92.114059 	49.406479 	18.027756 	94.302704 	22.561028 	18.788294 	40.012497 	86.214851 	100.439034 	26.400757 	116.811813 	16.492422 	50.931328 	19.000000 	29.154760 	79.246452 	6.000000 	26.907248 	101.828285 	48.166378 	111.606453 	99.488693 	73.539108 	120.432556 	32.015621 	91.967384 	41.617306 	999.000000 	68.249542 	7.211102 	75.166481 	117.034180 	75.604233 	18.439089 	76.400261 	34.176014 	36.400551 	71.847061 	18.384777 	31.320919 	76.609398 	44.384682 	60.901562 	66.887962 	76.275818 	74.330345 	37.363083 	75.166481 	68.095520 	59.033890 	41.484936 	35.510563 	136.359818 	40.792156 	49.396355 	37.215588 	
41.761227 	38.078865 	34.928497 	43.185646 	38.327538 	41.194660 	45.541191 	35.227829 	24.186773 	75.584389 	35.000000 	84.077347 	51.971146 	102.044106 	25.000000 	39.319206 	43.046486 	56.718605 	79.259071 	18.973665 	83.862984 	94.021271 	15.033297 	64.637451 	41.400482 	38.327538 	20.248457 	48.764740 	35.440090 	9.055386 	57.567352 	98.270035 	26.000000 	26.870058 	68.249542 	999.000000 	75.432091 	7.211102 	51.429562 	7.615773 	86.683334 	8.544003 	37.443291 	35.510563 	6.324555 	86.556343 	41.048752 	9.219544 	28.635643 	13.000000 	8.944272 	10.000000 	9.219544 	37.121422 	10.198039 	10.816654 	17.000000 	34.539833 	41.146080 	70.710678 	37.336308 	117.413795 	42.154476 	
61.983868 	89.442719 	95.718338 	105.475113 	100.702530 	103.773796 	35.777088 	98.737022 	56.222771 	16.643316 	101.019798 	18.357559 	25.238859 	34.365681 	93.085983 	107.200745 	33.301651 	123.422043 	12.806249 	57.982758 	13.601471 	23.021729 	86.278618 	11.661903 	34.058773 	108.706024 	55.317268 	118.406082 	106.404884 	80.622574 	127.200630 	25.317978 	99.005051 	48.826221 	7.211102 	75.432091 	999.000000 	82.328613 	123.987900 	82.800964 	11.313708 	83.600243 	41.231056 	43.462627 	79.056938 	11.401754 	38.275318 	83.815269 	51.478149 	68.095520 	74.094536 	83.486526 	81.541397 	44.271889 	82.377182 	75.292763 	66.189125 	48.383881 	42.201897 	143.282944 	47.539455 	42.190044 	43.737854 	
44.407207 	35.468296 	30.463093 	37.854988 	33.241539 	35.902645 	51.478149 	30.083218 	29.410883 	81.884064 	29.274563 	90.426765 	58.523499 	108.226616 	19.416489 	33.015148 	49.648766 	50.249378 	85.755463 	25.059929 	90.426765 	100.498756 	9.486833 	71.400284 	48.270073 	31.575306 	27.018513 	41.976185 	28.635643 	5.830952 	50.695168 	104.847511 	18.973665 	33.970577 	75.166481 	7.211102 	82.328613 	999.000000 	44.283180 	4.242640 	93.605553 	5.000000 	44.654228 	42.720020 	8.246211 	93.509361 	48.259712 	6.403124 	35.777088 	19.416489 	14.000000 	8.485281 	9.433981 	44.294468 	10.000000 	15.132746 	23.345236 	41.629318 	48.301140 	63.529522 	44.384682 	124.201447 	49.244289 	
71.589104 	43.965897 	33.241539 	27.166155 	29.120440 	27.459061 	89.872131 	29.154760 	67.896980 	120.507263 	25.495098 	129.073624 	99.035347 	145.602203 	31.144823 	19.313208 	90.686272 	17.204651 	125.255737 	66.219330 	130.176804 	139.603012 	38.013157 	112.538879 	90.426765 	15.811388 	69.634758 	10.049875 	17.691807 	44.102154 	10.816654 	144.422989 	25.553865 	77.388626 	117.034180 	51.429562 	123.987900 	44.283180 	999.000000 	45.880280 	135.281189 	45.541191 	88.684837 	86.833176 	50.921509 	135.369858 	92.282173 	46.173584 	80.056229 	63.324562 	57.245087 	47.801674 	50.000000 	88.549423 	49.729267 	57.567352 	67.067131 	85.906929 	92.574295 	19.416489 	88.639717 	164.769531 	93.520050 	
47.853943 	39.698868 	34.438351 	41.484936 	37.000000 	39.560081 	53.141319 	33.837849 	31.575306 	83.192551 	32.756680 	91.678787 	59.539902 	109.658562 	23.086792 	36.055511 	50.606323 	53.037724 	86.833176 	26.570660 	91.416626 	101.597244 	13.416408 	72.111023 	48.826221 	34.132095 	27.784887 	44.407207 	31.144823 	10.000000 	52.952808 	105.815880 	21.213203 	34.058773 	75.604233 	7.615773 	82.800964 	4.242640 	45.880280 	999.000000 	94.021271 	1.000000 	44.045429 	42.011902 	5.099020 	93.861603 	47.634022 	2.236068 	34.669872 	17.464249 	11.401754 	4.242640 	5.385165 	43.266617 	5.830952 	12.041595 	21.189621 	40.311287 	47.169907 	64.884514 	42.941822 	124.851913 	47.885281 	
72.235725 	100.239716 	106.780151 	116.503220 	111.772087 	114.825958 	46.647614 	109.859001 	67.475922 	22.022715 	112.200714 	18.788294 	36.400551 	29.068884 	104.350372 	118.406082 	44.598206 	134.525085 	16.124516 	69.296463 	13.000000 	17.492855 	97.590981 	22.803509 	45.343136 	119.970833 	66.603302 	129.630249 	117.686020 	91.934761 	138.405197 	17.464249 	110.317726 	60.000000 	18.439089 	86.683334 	11.313708 	93.605553 	135.281189 	94.021271 	999.000000 	94.810333 	51.884487 	54.120235 	90.210861 	1.414214 	48.754486 	95.000000 	62.177166 	79.075912 	85.146935 	94.625580 	92.655273 	54.625999 	93.477272 	86.284416 	77.025970 	58.694122 	52.201534 	154.563904 	57.584721 	31.304953 	53.450912 	
48.836460 	40.360870 	34.885529 	41.761227 	37.336308 	39.849716 	54.083271 	34.176014 	32.557640 	84.095184 	32.984844 	92.574295 	60.415230 	110.571243 	23.409399 	36.124783 	51.478149 	53.009434 	87.709747 	27.513634 	92.282173 	102.474388 	13.892444 	72.945183 	49.648766 	34.058773 	28.653097 	44.283180 	31.064449 	10.816654 	52.773098 	106.677086 	21.095022 	34.828148 	76.400261 	8.544003 	83.600243 	5.000000 	45.541191 	1.000000 	94.810333 	999.000000 	44.687805 	42.638012 	5.385165 	94.641426 	48.270073 	1.414214 	35.227829 	17.888544 	11.704700 	3.605551 	5.099020 	43.829212 	5.385165 	12.165525 	21.540659 	40.816662 	47.707443 	64.474800 	43.416588 	125.670204 	48.373547 	
47.010635 	64.031242 	66.287254 	75.927597 	70.830788 	73.979729 	27.202942 	68.154236 	28.160255 	47.042534 	69.260376 	54.451813 	24.515301 	72.835434 	59.808025 	74.672615 	18.357559 	92.027168 	48.662102 	25.179358 	52.392746 	62.817196 	50.990196 	32.557640 	13.416408 	74.732857 	20.396078 	85.088188 	72.013885 	44.721359 	94.021271 	66.098412 	63.134777 	12.165525 	34.176014 	37.443291 	41.231056 	44.654228 	88.684837 	44.045429 	51.884487 	44.687805 	999.000000 	2.236068 	39.623226 	51.478149 	3.605551 	44.598206 	10.295630 	27.658634 	33.970577 	43.840622 	41.725292 	4.472136 	42.449970 	34.828148 	25.238859 	8.062258 	6.708204 	108.046288 	8.944272 	83.186539 	9.433981 	
46.957428 	63.000000 	64.938431 	74.525162 	69.426216 	72.567207 	28.301943 	66.708321 	27.459061 	49.091751 	67.720009 	56.568542 	26.305893 	74.966660 	58.189346 	73.054771 	19.697716 	90.443352 	50.803543 	24.020824 	54.571056 	65.000000 	49.244289 	34.713108 	14.866069 	73.006851 	19.104973 	83.384651 	70.263786 	42.953465 	92.309265 	68.308128 	61.294373 	11.000000 	36.400551 	35.510563 	43.462627 	42.720020 	86.833176 	42.011902 	54.120235 	42.638012 	2.236068 	999.000000 	37.536648 	53.712196 	5.656854 	42.520584 	8.062258 	25.495098 	31.827662 	41.725292 	39.597980 	3.605551 	40.311287 	32.649654 	23.021729 	6.324555 	7.071068 	106.174385 	7.810250 	85.422478 	9.486833 	
48.083260 	43.011627 	38.626415 	46.097721 	41.484936 	44.147480 	50.695168 	38.327538 	30.016663 	80.230919 	37.483330 	88.639717 	56.364883 	106.775467 	27.658634 	41.012192 	47.423622 	58.077534 	83.630135 	24.331051 	88.119240 	98.386993 	17.720045 	68.600288 	45.276924 	39.204590 	24.698177 	49.497475 	36.221542 	13.038404 	58.051701 	102.474388 	26.305893 	30.232433 	71.847061 	6.324555 	79.056938 	8.246211 	50.921509 	5.099020 	90.210861 	5.385165 	39.623226 	37.536648 	999.000000 	90.000000 	43.185646 	5.000000 	30.000000 	12.529964 	6.324555 	4.472136 	3.000000 	38.600517 	4.000000 	7.000000 	16.155495 	35.510563 	42.438190 	69.856995 	38.078865 	121.202309 	43.046486 	
72.801102 	100.647903 	107.070068 	116.811813 	112.058022 	115.121674 	47.010635 	110.113579 	67.623962 	23.086792 	112.414413 	20.124611 	36.619667 	30.413813 	104.484451 	118.600166 	44.687805 	134.792435 	17.262676 	69.310890 	14.317822 	18.867962 	97.621719 	23.021729 	45.276924 	120.104118 	66.528191 	129.807556 	117.796432 	91.923882 	138.600143 	18.681541 	110.344917 	59.816387 	18.384777 	86.556343 	11.401754 	93.509361 	135.369858 	93.861603 	1.414214 	94.641426 	51.478149 	53.712196 	90.000000 	999.000000 	48.301140 	94.810333 	61.773781 	78.771820 	84.876381 	94.403389 	92.417534 	54.129475 	93.230896 	85.982559 	76.661591 	58.180752 	51.623638 	154.673843 	57.008770 	31.780497 	52.810986 	
49.040798 	67.119293 	69.634758 	79.309517 	74.215904 	77.369247 	27.586229 	71.568146 	31.016125 	45.011108 	72.732384 	52.153618 	23.409399 	70.455658 	63.324562 	78.185677 	18.439089 	95.519630 	46.270943 	28.442924 	49.819675 	60.207973 	54.561890 	30.149628 	13.453624 	78.294319 	23.769728 	88.639717 	75.584389 	48.301140 	97.575615 	63.324562 	66.730804 	15.524175 	31.320919 	41.048752 	38.275318 	48.259712 	92.282173 	47.634022 	48.754486 	48.270073 	3.605551 	5.656854 	43.185646 	48.301140 	999.000000 	48.166378 	13.601471 	31.144823 	37.483330 	47.381432 	45.254833 	6.082763 	45.967381 	38.288380 	28.600698 	10.198039 	5.830952 	111.646767 	10.049875 	80.056229 	8.602325 	
50.009998 	41.773197 	36.235340 	43.011627 	38.626415 	41.109608 	54.708317 	35.468296 	33.376640 	84.581322 	34.205261 	93.037628 	60.827625 	111.085556 	24.698177 	37.215588 	51.884487 	54.000000 	88.119240 	28.160255 	92.660675 	102.883430 	15.264338 	73.246162 	49.929951 	35.014282 	29.068884 	45.177429 	32.015621 	12.206555 	53.600372 	107.042046 	22.022715 	35.000000 	76.609398 	9.219544 	83.815269 	6.403124 	46.173584 	2.236068 	95.000000 	1.414214 	44.598206 	42.520584 	5.000000 	94.810333 	48.166378 	999.000000 	35.000000 	17.492855 	11.180340 	2.236068 	4.000000 	43.600460 	4.123106 	11.401754 	21.023796 	40.496914 	47.434166 	65.000000 	43.046486 	125.924583 	48.020828 	
47.201694 	59.413803 	60.133186 	69.462219 	64.381676 	67.475922 	32.893768 	61.522354 	25.942244 	56.435802 	62.169125 	64.132675 	33.000000 	82.565125 	52.392746 	67.186310 	25.317978 	84.646324 	58.463665 	20.880613 	62.361847 	72.801102 	43.011627 	42.449970 	21.023796 	66.730804 	15.811388 	77.162170 	63.906181 	36.687874 	86.034874 	76.216797 	54.625999 	9.899495 	44.384682 	28.635643 	51.478149 	35.777088 	80.056229 	34.669872 	62.177166 	35.227829 	10.295630 	8.062258 	30.000000 	61.773781 	13.601471 	35.000000 	999.000000 	17.691807 	24.083189 	34.058773 	31.890438 	8.602325 	32.557640 	24.758837 	15.000000 	6.082763 	12.529964 	99.297531 	9.055386 	93.477272 	13.601471 	
47.169907 	49.769470 	47.675991 	56.142673 	51.244511 	54.147945 	43.046486 	48.166378 	26.000000 	70.880180 	48.000000 	79.056938 	46.840153 	97.416634 	38.000000 	52.239830 	38.078865 	69.584480 	73.736015 	19.313208 	78.000000 	88.391174 	28.017851 	58.180752 	35.114101 	50.990196 	17.117243 	61.392181 	48.052055 	22.022715 	70.092796 	92.195442 	38.327538 	19.924858 	60.901562 	13.000000 	68.095520 	19.416489 	63.324562 	17.464249 	79.075912 	17.888544 	27.658634 	25.495098 	12.529964 	78.771820 	31.144823 	17.492855 	17.691807 	999.000000 	6.403124 	16.401220 	14.212670 	26.248810 	14.866069 	7.211102 	4.000000 	23.021729 	30.000000 	82.346825 	25.553865 	110.276924 	30.528675 	
48.332184 	47.010635 	43.680660 	51.623638 	46.872166 	49.648766 	47.518417 	43.737854 	28.442924 	76.216797 	43.185646 	84.504440 	52.201534 	102.786186 	33.241539 	47.010635 	43.324360 	64.195015 	79.309517 	22.090721 	83.671982 	94.021271 	23.194826 	63.953106 	40.718548 	45.398239 	21.213203 	55.731499 	42.426407 	17.720045 	64.327286 	97.943863 	32.557640 	25.495098 	66.887962 	8.944272 	74.094536 	14.000000 	57.245087 	11.401754 	85.146935 	11.704700 	33.970577 	31.827662 	6.324555 	84.876381 	37.483330 	11.180340 	24.083189 	6.403124 	999.000000 	10.000000 	7.810250 	32.649654 	8.485281 	2.236068 	9.848858 	29.410883 	36.400551 	76.157730 	31.906113 	116.284134 	36.891735 	
51.419842 	43.931767 	38.470768 	45.221676 	40.853397 	43.324360 	55.081757 	37.696156 	34.132095 	84.693565 	36.400551 	93.107468 	60.835846 	111.233986 	26.925823 	39.319206 	51.894123 	56.008926 	88.102211 	28.635643 	92.590500 	102.859123 	17.492855 	73.061615 	49.739319 	37.000000 	29.154760 	47.095646 	34.000000 	14.212670 	55.443665 	106.943909 	24.000000 	34.669872 	76.275818 	10.000000 	83.486526 	8.485281 	47.801674 	4.242640 	94.625580 	3.605551 	43.840622 	41.725292 	4.472136 	94.403389 	47.381432 	2.236068 	34.058773 	16.401220 	10.000000 	999.000000 	2.236068 	42.638012 	2.000000 	9.848858 	19.723083 	39.408119 	46.400433 	66.483078 	41.880783 	125.642349 	46.872166 	
50.960770 	44.821869 	39.812057 	46.840153 	42.379242 	44.922153 	53.600372 	39.217342 	33.015148 	83.006027 	38.078865 	91.389275 	59.093147 	109.562767 	28.460499 	41.194660 	50.159744 	58.000000 	86.330757 	27.294687 	90.785461 	101.079178 	18.788294 	71.196907 	47.885281 	39.012817 	27.513634 	49.162994 	36.013885 	14.866069 	57.558666 	105.118980 	26.019224 	32.756680 	74.330345 	9.219544 	81.541397 	9.433981 	50.000000 	5.385165 	92.655273 	5.099020 	41.725292 	39.597980 	3.000000 	92.417534 	45.254833 	4.000000 	31.890438 	14.212670 	7.810250 	2.236068 	999.000000 	40.459858 	1.000000 	7.615773 	17.492855 	37.202152 	44.204071 	68.709534 	39.661064 	123.713379 	44.654228 	
50.537113 	66.030296 	67.601776 	77.103828 	72.006943 	75.133217 	31.622776 	69.231499 	30.805843 	51.000000 	70.092796 	58.215118 	28.861740 	76.531036 	60.440052 	75.286118 	22.825424 	92.720009 	52.345009 	27.018513 	55.901699 	66.287254 	51.264023 	36.221542 	17.888544 	75.026665 	22.000000 	85.440041 	72.235725 	44.944408 	94.339813 	69.375786 	63.071388 	14.142136 	37.363083 	37.121422 	44.271889 	44.294468 	88.549423 	43.266617 	54.625999 	43.829212 	4.472136 	3.605551 	38.600517 	54.129475 	6.082763 	43.600460 	8.602325 	26.248810 	32.649654 	42.638012 	40.459858 	999.000000 	41.109608 	33.241539 	23.345236 	4.123106 	4.123106 	107.823929 	4.472136 	85.906929 	6.082763 	
51.923019 	45.453274 	40.249222 	47.127487 	42.720020 	45.221676 	54.571056 	39.560081 	34.014702 	83.934502 	38.327538 	92.309265 	60.008331 	110.494347 	28.792360 	41.303753 	51.078373 	58.008621 	87.235313 	28.284271 	91.678787 	101.980392 	19.235384 	72.069412 	48.764740 	39.000000 	28.460499 	49.091751 	36.000000 	15.556349 	57.428215 	106.004715 	26.000000 	33.615471 	75.166481 	10.198039 	82.377182 	10.000000 	49.729267 	5.830952 	93.477272 	5.385165 	42.449970 	40.311287 	4.000000 	93.230896 	45.967381 	4.123106 	32.557640 	14.866069 	8.485281 	2.000000 	1.000000 	41.109608 	999.000000 	8.062258 	18.027756 	37.802116 	44.821869 	68.352028 	40.224369 	124.555206 	45.221676 	
50.566788 	48.877399 	45.221676 	52.952808 	48.270073 	50.990196 	49.365982 	45.122055 	30.594116 	77.794601 	44.407207 	86.034874 	53.758720 	104.355164 	34.525352 	48.010414 	44.922153 	65.069191 	80.777473 	24.186773 	85.088188 	95.462036 	24.515301 	65.306969 	42.154476 	46.173584 	23.086792 	56.435802 	43.185646 	19.313208 	64.938431 	99.317673 	33.241539 	26.925823 	68.095520 	10.816654 	75.292763 	15.132746 	57.567352 	12.041595 	86.284416 	12.165525 	34.828148 	32.649654 	7.000000 	85.982559 	38.288380 	11.401754 	24.758837 	7.211102 	2.236068 	9.848858 	7.615773 	33.241539 	8.062258 	999.000000 	10.000000 	29.832869 	36.878178 	76.321686 	32.202484 	117.477661 	37.202152 	
49.406479 	53.488316 	51.623638 	60.133186 	55.226807 	58.137768 	43.046486 	52.153618 	27.784887 	69.856995 	52.000000 	77.884529 	45.891174 	96.301613 	42.000000 	56.222771 	37.336308 	73.552704 	72.422371 	21.095022 	76.550636 	86.977005 	32.015621 	56.648037 	33.955853 	54.918121 	18.027756 	65.306969 	51.971146 	26.019224 	73.979729 	90.620087 	42.201897 	19.104973 	59.033890 	17.000000 	66.189125 	23.345236 	67.067131 	21.189621 	77.025970 	21.540659 	25.238859 	23.021729 	16.155495 	76.661591 	28.600698 	21.023796 	15.000000 	4.000000 	9.848858 	19.723083 	17.492855 	23.345236 	18.027756 	10.000000 	999.000000 	19.849434 	26.907248 	86.005814 	22.203604 	108.300507 	27.202942 	
