Total assets = 560
Number of asset nodes = 34

Distance:
999.000000 	9.433981 	13.038404 	68.242218 	15.297058 	26.925823 	30.413813 	28.178005 	28.653097 	68.000000 	96.772926 	69.634758 	8.544003 	10.049875 	71.217972 	12.000000 	11.180340 	10.770329 	11.180340 	16.000000 	12.041595 	14.317822 	15.524175 	15.231546 	22.472204 	26.076809 	26.172504 	26.907248 	27.202942 	28.635643 	28.600698 	28.844410 	30.463093 	31.384710 	32.249031 	36.400551 	39.812057 	39.446167 	39.824615 	41.231056 	41.880783 	43.908997 	44.721359 	45.177429 	47.423622 	
9.433981 	999.000000 	3.605551 	59.682495 	11.180340 	36.249138 	39.824615 	37.589893 	38.078865 	60.008331 	89.196411 	61.057350 	8.000000 	6.324555 	62.425957 	6.403124 	7.615773 	9.219544 	10.198039 	9.433981 	13.038404 	10.000000 	11.401754 	12.529964 	24.331051 	27.658634 	26.000000 	26.925823 	28.160255 	31.257000 	29.410883 	30.083218 	33.241539 	32.984844 	33.955853 	30.886890 	35.608986 	36.069378 	36.124783 	36.619667 	38.897301 	40.360870 	40.607880 	41.231056 	43.011627 	
13.038404 	3.605551 	999.000000 	56.435802 	11.313708 	39.812057 	43.416588 	41.182522 	41.677334 	57.008770 	86.330757 	57.801384 	10.440307 	8.062258 	59.076221 	7.071068 	9.000000 	11.045361 	12.041595 	8.602325 	15.132746 	10.440307 	11.704700 	13.341664 	26.019224 	29.154760 	26.925823 	27.892651 	29.427877 	33.015148 	30.594116 	31.400637 	35.014282 	34.365681 	35.355339 	29.410883 	34.655445 	35.468296 	35.383614 	35.468296 	38.418747 	39.623226 	39.623226 	40.311287 	41.868843 	
68.242218 	59.682495 	56.435802 	999.000000 	54.561890 	91.934761 	96.208107 	94.111633 	94.847244 	8.062258 	33.015148 	1.414214 	66.648331 	63.953106 	5.000000 	62.169125 	64.404968 	66.640831 	67.542580 	60.539242 	70.682388 	64.078079 	64.621979 	66.850578 	79.711983 	81.908485 	77.884529 	78.847954 	81.320351 	86.330757 	82.006096 	83.240616 	88.232651 	86.127815 	87.091904 	66.121101 	73.061615 	76.164299 	75.106590 	72.006943 	79.101204 	78.006409 	76.006577 	77.006493 	76.105194 	
15.297058 	11.180340 	11.313708 	54.561890 	999.000000 	37.536648 	41.725292 	39.597980 	40.311287 	53.535034 	81.859634 	55.973209 	18.681541 	17.464249 	57.982758 	17.492855 	18.788294 	20.248457 	21.189621 	19.849434 	23.769728 	21.095022 	22.472204 	23.706539 	35.171009 	38.600517 	37.161808 	38.078865 	39.217342 	41.976185 	40.496914 	41.109608 	43.931767 	43.965897 	44.922153 	40.607880 	45.967381 	46.754681 	46.690472 	46.754681 	49.678970 	50.931328 	50.931328 	51.623638 	53.150730 	
26.925823 	36.249138 	39.812057 	91.934761 	37.536648 	999.000000 	4.472136 	3.000000 	4.000000 	90.271812 	117.345642 	93.348808 	33.734257 	36.138622 	95.482986 	38.327538 	36.878178 	35.510563 	35.355339 	42.201897 	34.058773 	39.623226 	40.447498 	39.204590 	38.078865 	40.804413 	43.931767 	44.147480 	42.720020 	40.311287 	43.965897 	43.324360 	41.146080 	44.384682 	44.777225 	60.000000 	61.400326 	59.841457 	60.671246 	63.285069 	61.392181 	64.132675 	65.764732 	65.924202 	68.731361 	
30.413813 	39.824615 	43.416588 	96.208107 	41.725292 	4.472136 	999.000000 	2.236068 	2.000000 	94.641426 	121.794907 	97.621719 	36.687874 	39.217342 	99.704567 	41.436699 	39.849716 	38.327538 	38.078865 	45.221676 	36.496574 	42.449970 	43.174065 	41.773197 	39.319206 	41.773197 	45.276924 	45.398239 	43.737854 	40.804413 	44.911022 	44.147480 	41.436699 	44.922153 	45.221676 	62.128899 	63.071388 	61.294373 	62.201286 	65.030762 	62.649822 	65.490456 	67.268120 	67.364677 	70.256676 	
28.178005 	37.589893 	41.182522 	94.111633 	39.597980 	3.000000 	2.236068 	999.000000 	1.000000 	92.617493 	119.887444 	95.524864 	34.481880 	37.000000 	97.580734 	39.217342 	37.643059 	36.138622 	35.902645 	43.011627 	34.365681 	40.261642 	41.000000 	39.623226 	37.483330 	40.024994 	43.416588 	43.566040 	41.976185 	39.217342 	43.174065 	42.449970 	39.924931 	43.324360 	43.657761 	60.074955 	61.131008 	59.413803 	60.299255 	63.071388 	60.827625 	63.639610 	65.375839 	65.490456 	68.359344 	
28.653097 	38.078865 	41.677334 	94.847244 	40.311287 	4.000000 	2.000000 	1.000000 	999.000000 	93.407707 	120.739388 	96.260063 	34.785053 	37.336308 	98.290382 	39.560081 	37.947330 	36.400551 	36.138622 	43.324360 	34.525352 	40.521599 	41.231056 	39.812057 	37.336308 	39.812057 	43.289722 	43.416588 	41.773197 	38.897301 	42.953465 	42.201897 	39.560081 	43.011627 	43.324360 	60.133186 	61.073727 	59.304298 	60.207973 	63.031738 	60.671246 	63.505905 	65.276337 	65.375839 	68.264191 	
68.000000 	60.008331 	57.008770 	8.062258 	53.535034 	90.271812 	94.641426 	92.617493 	93.407707 	999.000000 	29.614185 	8.544003 	67.416618 	64.845970 	12.649111 	63.245552 	65.459915 	67.675697 	68.622154 	62.096699 	71.784401 	65.520988 	66.219330 	68.410522 	81.492332 	83.952370 	80.230919 	81.215759 	83.546394 	88.294960 	84.344528 	85.510231 	90.244110 	88.459030 	89.442719 	70.064255 	77.103828 	80.024994 	79.056938 	76.236473 	83.054199 	82.219215 	80.399002 	81.394104 	80.752708 	
96.772926 	89.196411 	86.330757 	33.015148 	81.859634 	117.345642 	121.794907 	119.887444 	120.739388 	29.614185 	999.000000 	32.062439 	96.767761 	94.254974 	33.541019 	92.720009 	94.921021 	97.123634 	98.081596 	91.678787 	101.242287 	95.078911 	95.801880 	97.984695 	111.085556 	113.564957 	109.836243 	110.819672 	113.159180 	117.902504 	113.951744 	115.121674 	119.854080 	118.067780 	119.050407 	99.045441 	106.018867 	109.073372 	108.041656 	105.000000 	112.040169 	111.000000 	109.018349 	110.018181 	109.114616 	
69.634758 	61.057350 	57.801384 	1.414214 	55.973209 	93.348808 	97.621719 	95.524864 	96.260063 	8.544003 	32.062439 	999.000000 	68.000000 	65.299309 	4.123106 	63.505905 	65.741920 	67.977936 	68.876701 	61.846584 	72.013885 	65.391129 	65.924202 	68.154236 	80.993828 	83.168503 	79.120163 	80.081207 	82.565125 	87.595665 	83.240616 	84.480766 	89.493019 	87.361320 	88.323273 	67.186310 	74.108032 	77.233414 	76.164299 	73.027390 	80.156097 	79.025314 	77.000000 	78.000000 	77.058418 	
8.544003 	8.000000 	10.440307 	66.648331 	18.681541 	33.734257 	36.687874 	34.481880 	34.785053 	67.416618 	96.767761 	68.000000 	999.000000 	2.828427 	69.115845 	5.000000 	3.162278 	2.236068 	2.828427 	8.544003 	5.099020 	6.000000 	7.071068 	6.708204 	16.492422 	19.924858 	18.867962 	19.723083 	20.615528 	23.345236 	21.931713 	22.472204 	25.317978 	25.298222 	26.248810 	27.892651 	31.304953 	31.064449 	31.384710 	32.695564 	33.600594 	35.510563 	36.235340 	36.715118 	38.910152 	
10.049875 	6.324555 	8.062258 	63.953106 	17.464249 	36.138622 	39.217342 	37.000000 	37.336308 	64.845970 	94.254974 	65.299309 	2.828427 	999.000000 	66.370171 	2.236068 	1.414214 	3.000000 	4.000000 	6.082763 	7.071068 	4.472136 	5.830952 	6.403124 	18.110771 	21.377558 	19.697716 	20.615528 	21.840330 	25.079872 	23.086792 	23.769728 	27.073973 	26.683329 	27.658634 	26.570660 	30.528675 	30.610456 	30.805843 	31.764761 	33.301651 	35.000000 	35.510563 	36.055511 	38.078865 	
71.217972 	62.425957 	59.076221 	5.000000 	57.982758 	95.482986 	99.704567 	97.580734 	98.290382 	12.649111 	33.541019 	4.123106 	69.115845 	66.370171 	999.000000 	64.498062 	66.730804 	68.963760 	69.835518 	62.609905 	72.945183 	66.189125 	66.640831 	68.876701 	81.541397 	83.570328 	79.378838 	80.324341 	82.873398 	88.022728 	83.486526 	84.758484 	89.888817 	87.595665 	88.543777 	66.610809 	73.437050 	76.655075 	75.538071 	72.249565 	79.511009 	78.230431 	76.105194 	77.103828 	76.006577 	
12.000000 	6.403124 	7.071068 	62.169125 	17.492855 	38.327538 	41.436699 	39.217342 	39.560081 	63.245552 	92.720009 	63.505905 	5.000000 	2.236068 	64.498062 	999.000000 	2.236068 	4.472136 	5.385165 	4.000000 	8.544003 	3.605551 	5.000000 	6.324555 	19.000000 	22.090721 	19.924858 	20.880613 	22.360680 	26.000000 	23.537205 	24.331051 	28.000000 	27.294687 	28.284271 	25.079872 	29.410883 	29.732138 	29.832869 	30.528675 	32.526913 	34.058773 	34.409302 	35.000000 	36.891735 	
11.180340 	7.615773 	9.000000 	64.404968 	18.788294 	36.878178 	39.849716 	37.643059 	37.947330 	65.459915 	94.921021 	65.741920 	3.162278 	1.414214 	66.730804 	2.236068 	999.000000 	2.236068 	3.162278 	5.385165 	6.324555 	3.162278 	4.472136 	5.000000 	17.029387 	20.223749 	18.384777 	19.313208 	20.615528 	24.020824 	21.840330 	22.561028 	26.019224 	25.495098 	26.476404 	25.298222 	29.154760 	29.206163 	29.410883 	30.413813 	31.890438 	33.600594 	34.132095 	34.669872 	36.715118 	
10.770329 	9.219544 	11.045361 	66.640831 	20.248457 	35.510563 	38.327538 	36.138622 	36.400551 	67.675697 	97.123634 	67.977936 	2.236068 	3.000000 	68.963760 	4.472136 	2.236068 	999.000000 	1.000000 	7.211102 	4.123106 	4.123106 	5.000000 	4.472136 	15.132746 	18.439089 	17.000000 	17.888544 	18.973665 	22.090721 	20.248457 	20.880613 	24.083189 	23.769728 	24.738634 	25.709921 	29.068884 	28.844410 	29.154760 	30.463093 	31.400637 	33.286633 	34.000000 	34.481880 	36.674240 	
11.180340 	10.198039 	12.041595 	67.542580 	21.189621 	35.355339 	38.078865 	35.902645 	36.138622 	68.622154 	98.081596 	68.876701 	2.828427 	4.000000 	69.835518 	5.385165 	3.162278 	1.000000 	999.000000 	7.810250 	3.162278 	4.472136 	5.099020 	4.123106 	14.142136 	17.464249 	16.124516 	17.000000 	18.027756 	21.095022 	19.313208 	19.924858 	23.086792 	22.803509 	23.769728 	25.495098 	28.635643 	28.301943 	28.653097 	30.083218 	30.805843 	32.756680 	33.541019 	34.000000 	36.249138 	
16.000000 	9.433981 	8.602325 	60.539242 	19.849434 	42.201897 	45.221676 	43.011627 	43.324360 	62.096699 	91.678787 	61.846584 	8.544003 	6.082763 	62.609905 	4.000000 	5.385165 	7.211102 	7.810250 	999.000000 	10.630146 	3.605551 	4.123106 	6.324555 	19.416489 	22.090721 	19.104973 	20.099751 	22.000000 	26.305893 	23.021729 	24.000000 	28.284271 	27.000000 	28.000000 	21.470911 	26.248810 	26.907248 	26.870058 	27.202942 	29.832869 	31.112698 	31.240999 	31.890438 	33.600594 	
12.041595 	13.038404 	15.132746 	70.682388 	23.769728 	34.058773 	36.496574 	34.365681 	34.525352 	71.784401 	101.242287 	72.013885 	5.099020 	7.071068 	72.945183 	8.544003 	6.324555 	4.123106 	3.162278 	10.630146 	999.000000 	7.071068 	7.211102 	5.385165 	11.401754 	14.866069 	14.212670 	15.000000 	15.652476 	18.248287 	17.000000 	17.464249 	20.223749 	20.248457 	21.189621 	26.076809 	28.460499 	27.730848 	28.231188 	30.083218 	30.016663 	32.202484 	33.241539 	33.615471 	36.055511 	
14.317822 	10.000000 	10.440307 	64.078079 	21.095022 	39.623226 	42.449970 	40.261642 	40.521599 	65.520988 	95.078911 	65.391129 	6.000000 	4.472136 	66.189125 	3.605551 	3.162278 	4.123106 	4.472136 	3.605551 	7.071068 	999.000000 	1.414214 	3.000000 	16.124516 	19.000000 	16.492422 	17.464249 	19.104973 	23.086792 	20.223749 	21.095022 	25.079872 	24.083189 	25.079872 	22.135944 	26.076809 	26.248810 	26.400757 	27.294687 	29.000000 	30.610456 	31.064449 	31.622776 	33.615471 	
15.524175 	11.401754 	11.704700 	64.621979 	22.472204 	40.447498 	43.174065 	41.000000 	41.231056 	66.219330 	95.801880 	65.924202 	7.071068 	5.830952 	66.640831 	5.000000 	4.472136 	5.000000 	5.099020 	4.123106 	7.211102 	1.414214 	999.000000 	2.236068 	15.297058 	18.027756 	15.297058 	16.278820 	18.027756 	22.203604 	19.104973 	20.024984 	24.186773 	23.021729 	24.020824 	20.880613 	24.698177 	24.839485 	25.000000 	25.942244 	27.586229 	29.206163 	29.681644 	30.232433 	32.249031 	
15.231546 	12.529964 	13.341664 	66.850578 	23.706539 	39.204590 	41.773197 	39.623226 	39.812057 	68.410522 	97.984695 	68.154236 	6.708204 	6.403124 	68.876701 	6.324555 	5.000000 	4.472136 	4.123106 	6.324555 	5.385165 	3.000000 	2.236068 	999.000000 	13.152946 	16.000000 	13.601471 	14.560220 	16.124516 	20.099751 	17.262676 	18.110771 	22.090721 	21.095022 	22.090721 	21.377558 	24.596748 	24.413111 	24.698177 	26.000000 	27.018513 	28.844410 	29.529646 	30.016663 	32.202484 	
22.472204 	24.331051 	26.019224 	79.711983 	35.171009 	38.078865 	39.319206 	37.483330 	37.336308 	81.492332 	111.085556 	80.993828 	16.492422 	18.110771 	81.541397 	19.000000 	17.029387 	15.132746 	14.142136 	19.416489 	11.401754 	16.124516 	15.297058 	13.152946 	999.000000 	3.605551 	6.000000 	6.082763 	5.000000 	7.000000 	6.403124 	6.403124 	9.000000 	8.944272 	9.848858 	24.698177 	24.083189 	22.022715 	23.000000 	26.172504 	23.345236 	26.172504 	28.017851 	28.071337 	31.016125 	
26.076809 	27.658634 	29.154760 	81.908485 	38.600517 	40.804413 	41.773197 	40.024994 	39.812057 	83.952370 	113.564957 	83.168503 	19.924858 	21.377558 	83.570328 	22.090721 	20.223749 	18.439089 	17.464249 	22.090721 	14.866069 	19.000000 	18.027756 	16.000000 	3.605551 	999.000000 	5.000000 	4.472136 	2.000000 	4.472136 	3.162278 	2.828427 	6.324555 	5.385165 	6.324555 	24.186773 	22.561028 	20.099751 	21.213203 	24.738634 	21.023796 	24.000000 	26.076809 	26.019224 	29.068884 	
26.172504 	26.000000 	26.925823 	77.884529 	37.161808 	43.931767 	45.276924 	43.416588 	43.289722 	80.230919 	109.836243 	79.120163 	18.867962 	19.697716 	79.378838 	19.924858 	18.384777 	17.000000 	16.124516 	19.104973 	14.212670 	16.492422 	15.297058 	13.601471 	6.000000 	5.000000 	999.000000 	1.000000 	3.605551 	9.219544 	4.123106 	5.385165 	10.816654 	8.246211 	9.219544 	19.235384 	18.110771 	16.031219 	17.000000 	20.223749 	17.464249 	20.223749 	22.022715 	22.090721 	25.019993 	
26.907248 	26.925823 	27.892651 	78.847954 	38.078865 	44.147480 	45.398239 	43.566040 	43.416588 	81.215759 	110.819672 	80.081207 	19.723083 	20.615528 	80.324341 	20.880613 	19.313208 	17.888544 	17.000000 	20.099751 	15.000000 	17.464249 	16.278820 	14.560220 	6.082763 	4.472136 	1.000000 	999.000000 	2.828427 	8.485281 	3.162278 	4.472136 	10.000000 	7.280110 	8.246211 	19.723083 	18.248287 	16.000000 	17.029387 	20.396078 	17.262676 	20.099751 	22.000000 	22.022715 	25.000000 	
27.202942 	28.160255 	29.427877 	81.320351 	39.217342 	42.720020 	43.737854 	41.976185 	41.773197 	83.546394 	113.159180 	82.565125 	20.615528 	21.840330 	82.873398 	22.360680 	20.615528 	18.973665 	18.027756 	22.000000 	15.652476 	19.104973 	18.027756 	16.124516 	5.000000 	2.000000 	3.605551 	2.828427 	999.000000 	5.656854 	1.414214 	2.000000 	7.211102 	5.000000 	6.000000 	22.472204 	20.615528 	18.110771 	19.235384 	22.803509 	19.026299 	22.000000 	24.083189 	24.020824 	27.073973 	
28.635643 	31.257000 	33.015148 	86.330757 	41.976185 	40.311287 	40.804413 	39.217342 	38.897301 	88.294960 	117.902504 	87.595665 	23.345236 	25.079872 	88.022728 	26.000000 	24.020824 	22.090721 	21.095022 	26.305893 	18.248287 	23.086792 	22.203604 	20.099751 	7.000000 	4.472136 	9.219544 	8.485281 	5.656854 	999.000000 	5.830952 	4.472136 	2.000000 	4.123106 	4.472136 	28.017851 	25.632011 	22.803509 	24.041630 	27.856777 	23.194826 	26.305893 	28.635643 	28.442924 	31.575306 	
28.600698 	29.410883 	30.594116 	82.006096 	40.496914 	43.965897 	44.911022 	43.174065 	42.953465 	84.344528 	113.951744 	83.240616 	21.931713 	23.086792 	83.486526 	23.537205 	21.840330 	20.248457 	19.313208 	23.021729 	17.000000 	20.223749 	19.104973 	17.262676 	6.403124 	3.162278 	4.123106 	3.162278 	1.414214 	5.830952 	999.000000 	1.414214 	7.071068 	4.123106 	5.099020 	22.203604 	19.924858 	17.262676 	18.439089 	22.135944 	18.000000 	21.023796 	23.194826 	23.086792 	26.172504 	
28.844410 	30.083218 	31.400637 	83.240616 	41.109608 	43.324360 	44.147480 	42.449970 	42.201897 	85.510231 	115.121674 	84.480766 	22.472204 	23.769728 	84.758484 	24.331051 	22.561028 	20.880613 	19.924858 	24.000000 	17.464249 	21.095022 	20.024984 	18.110771 	6.403124 	2.828427 	5.385165 	4.472136 	2.000000 	4.472136 	1.414214 	999.000000 	5.656854 	3.000000 	4.000000 	23.600847 	21.189621 	18.439089 	19.646883 	23.409399 	19.026299 	22.090721 	24.331051 	24.186773 	27.294687 	
30.463093 	33.241539 	35.014282 	88.232651 	43.931767 	41.146080 	41.436699 	39.924931 	39.560081 	90.244110 	119.854080 	89.493019 	25.317978 	27.073973 	89.888817 	28.000000 	26.019224 	24.083189 	23.086792 	28.284271 	20.223749 	25.079872 	24.186773 	22.090721 	9.000000 	6.324555 	10.816654 	10.000000 	7.211102 	2.000000 	7.071068 	5.656854 	999.000000 	4.123106 	4.000000 	29.206163 	26.400757 	23.409399 	24.698177 	28.635643 	23.537205 	26.683329 	29.120440 	28.861740 	32.015621 	
31.384710 	32.984844 	34.365681 	86.127815 	43.965897 	44.384682 	44.922153 	43.324360 	43.011627 	88.459030 	118.067780 	87.361320 	25.298222 	26.683329 	87.595665 	27.294687 	25.495098 	23.769728 	22.803509 	27.000000 	20.248457 	24.083189 	23.021729 	21.095022 	8.944272 	5.385165 	8.246211 	7.280110 	5.000000 	4.123106 	4.123106 	3.000000 	4.123106 	999.000000 	1.000000 	25.495098 	22.360680 	19.313208 	20.615528 	24.596748 	19.416489 	22.561028 	25.000000 	24.738634 	27.892651 	
32.249031 	33.955853 	35.355339 	87.091904 	44.922153 	44.777225 	45.221676 	43.657761 	43.324360 	89.442719 	119.050407 	88.323273 	26.248810 	27.658634 	88.543777 	28.284271 	26.476404 	24.738634 	23.769728 	28.000000 	21.189621 	25.079872 	24.020824 	22.090721 	9.848858 	6.324555 	9.219544 	8.246211 	6.000000 	4.472136 	5.099020 	4.000000 	4.000000 	1.000000 	999.000000 	26.172504 	22.825424 	19.697716 	21.023796 	25.059929 	19.646883 	22.803509 	25.298222 	25.000000 	28.160255 	
36.400551 	30.886890 	29.410883 	66.121101 	40.607880 	60.000000 	62.128899 	60.074955 	60.133186 	70.064255 	99.045441 	67.186310 	27.892651 	26.570660 	66.610809 	25.079872 	25.298222 	25.709921 	25.495098 	21.470911 	26.076809 	22.135944 	20.880613 	21.377558 	24.698177 	24.186773 	19.235384 	19.723083 	22.472204 	28.017851 	22.203604 	23.600847 	29.206163 	25.495098 	26.172504 	999.000000 	7.071068 	10.049875 	9.000000 	6.708204 	13.000000 	12.369317 	11.180340 	12.083046 	12.806249 	
39.812057 	35.608986 	34.655445 	73.061615 	45.967381 	61.400326 	63.071388 	61.131008 	61.073727 	77.103828 	106.018867 	74.108032 	31.304953 	30.528675 	73.437050 	29.410883 	29.154760 	29.068884 	28.635643 	26.248810 	28.460499 	26.076809 	24.698177 	24.596748 	24.083189 	22.561028 	18.110771 	18.248287 	20.615528 	25.632011 	19.924858 	21.189621 	26.400757 	22.360680 	22.825424 	7.071068 	999.000000 	3.605551 	2.236068 	2.236068 	6.082763 	5.385165 	5.000000 	5.656854 	7.615773 	
39.446167 	36.069378 	35.468296 	76.164299 	46.754681 	59.841457 	61.294373 	59.413803 	59.304298 	80.024994 	109.073372 	77.233414 	31.064449 	30.610456 	76.655075 	29.732138 	29.206163 	28.844410 	28.301943 	26.907248 	27.730848 	26.248810 	24.839485 	24.413111 	22.022715 	20.099751 	16.031219 	16.000000 	18.110771 	22.803509 	17.262676 	18.439089 	23.409399 	19.313208 	19.697716 	10.049875 	3.605551 	999.000000 	1.414214 	5.656854 	3.162278 	4.472136 	6.000000 	6.082763 	9.000000 	
39.824615 	36.124783 	35.383614 	75.106590 	46.690472 	60.671246 	62.201286 	60.299255 	60.207973 	79.056938 	108.041656 	76.164299 	31.384710 	30.805843 	75.538071 	29.832869 	29.410883 	29.154760 	28.653097 	26.870058 	28.231188 	26.400757 	25.000000 	24.698177 	23.000000 	21.213203 	17.000000 	17.029387 	19.235384 	24.041630 	18.439089 	19.646883 	24.698177 	20.615528 	21.023796 	9.000000 	2.236068 	1.414214 	999.000000 	4.242640 	4.000000 	4.242640 	5.099020 	5.385165 	8.062258 	
41.231056 	36.619667 	35.468296 	72.006943 	46.754681 	63.285069 	65.030762 	63.071388 	63.031738 	76.236473 	105.000000 	73.027390 	32.695564 	31.764761 	72.249565 	30.528675 	30.413813 	30.463093 	30.083218 	27.202942 	30.083218 	27.294687 	25.942244 	26.000000 	26.172504 	24.738634 	20.223749 	20.396078 	22.803509 	27.856777 	22.135944 	23.409399 	28.635643 	24.596748 	25.059929 	6.708204 	2.236068 	5.656854 	4.242640 	999.000000 	7.615773 	6.000000 	4.472136 	5.385165 	6.403124 	
41.880783 	38.897301 	38.418747 	79.101204 	49.678970 	61.392181 	62.649822 	60.827625 	60.671246 	83.054199 	112.040169 	80.156097 	33.600594 	33.301651 	79.511009 	32.526913 	31.890438 	31.400637 	30.805843 	29.832869 	30.016663 	29.000000 	27.586229 	27.018513 	23.345236 	21.023796 	17.464249 	17.262676 	19.026299 	23.194826 	18.000000 	19.026299 	23.537205 	19.416489 	19.646883 	13.000000 	6.082763 	3.162278 	4.000000 	7.615773 	999.000000 	3.162278 	5.830952 	5.385165 	8.544003 	
43.908997 	40.360870 	39.623226 	78.006409 	50.931328 	64.132675 	65.490456 	63.639610 	63.505905 	82.219215 	111.000000 	79.025314 	35.510563 	35.000000 	78.230431 	34.058773 	33.600594 	33.286633 	32.756680 	31.112698 	32.202484 	30.610456 	29.206163 	28.844410 	26.172504 	24.000000 	20.223749 	20.099751 	22.000000 	26.305893 	21.023796 	22.090721 	26.683329 	22.561028 	22.803509 	12.369317 	5.385165 	4.472136 	4.242640 	6.000000 	3.162278 	999.000000 	2.828427 	2.236068 	5.385165 	
44.721359 	40.607880 	39.623226 	76.006577 	50.931328 	65.764732 	67.268120 	65.375839 	65.276337 	80.399002 	109.018349 	77.000000 	36.235340 	35.510563 	76.105194 	34.409302 	34.132095 	34.000000 	33.541019 	31.240999 	33.241539 	31.064449 	29.681644 	29.529646 	28.017851 	26.076809 	22.022715 	22.000000 	24.083189 	28.635643 	23.194826 	24.331051 	29.120440 	25.000000 	25.298222 	11.180340 	5.000000 	6.000000 	5.099020 	4.472136 	5.830952 	2.828427 	999.000000 	1.000000 	3.000000 	
45.177429 	41.231056 	40.311287 	77.006493 	51.623638 	65.924202 	67.364677 	65.490456 	65.375839 	81.394104 	110.018181 	78.000000 	36.715118 	36.055511 	77.103828 	35.000000 	34.669872 	34.481880 	34.000000 	31.890438 	33.615471 	31.622776 	30.232433 	30.016663 	28.071337 	26.019224 	22.090721 	22.022715 	24.020824 	28.442924 	23.086792 	24.186773 	28.861740 	24.738634 	25.000000 	12.083046 	5.656854 	6.082763 	5.385165 	5.385165 	5.385165 	2.236068 	1.000000 	999.000000 	3.162278 	
47.423622 	43.011627 	41.868843 	76.105194 	53.150730 	68.731361 	70.256676 	68.359344 	68.264191 	80.752708 	109.114616 	77.058418 	38.910152 	38.078865 	76.006577 	36.891735 	36.715118 	36.674240 	36.249138 	33.600594 	36.055511 	33.615471 	32.249031 	32.202484 	31.016125 	29.068884 	25.019993 	25.000000 	27.073973 	31.575306 	26.172504 	27.294687 	32.015621 	27.892651 	28.160255 	12.806249 	7.615773 	9.000000 	8.062258 	6.403124 	8.544003 	5.385165 	3.000000 	3.162278 	999.000000 	

Travel time:
9.000000 	0.235850 	0.325960 	1.706055 	0.382426 	0.673146 	0.760345 	0.704450 	0.716327 	1.700000 	2.419323 	1.740869 	0.213600 	0.251247 	1.780449 	0.300000 	0.279509 	0.269258 	0.279509 	0.400000 	0.301040 	0.357946 	0.388104 	0.380789 	0.561805 	0.651920 	0.654313 	0.672681 	0.680074 	0.715891 	0.715017 	0.721110 	0.761577 	0.784618 	0.806226 	0.910014 	0.995301 	0.986154 	0.995615 	1.030776 	1.047020 	1.097725 	1.118034 	1.129436 	1.185591 	
0.235850 	9.000000 	0.090139 	1.492062 	0.279509 	0.906228 	0.995615 	0.939747 	0.951972 	1.500208 	2.229910 	1.526434 	0.200000 	0.158114 	1.560649 	0.160078 	0.190394 	0.230489 	0.254951 	0.235850 	0.325960 	0.250000 	0.285044 	0.313249 	0.608276 	0.691466 	0.650000 	0.673146 	0.704006 	0.781425 	0.735272 	0.752080 	0.831038 	0.824621 	0.848896 	0.772172 	0.890225 	0.901734 	0.903120 	0.915492 	0.972432 	1.009022 	1.015197 	1.030776 	1.075291 	
0.325960 	0.090139 	9.000000 	1.410895 	0.282843 	0.995301 	1.085415 	1.029563 	1.041933 	1.425219 	2.158269 	1.445035 	0.261008 	0.201556 	1.476906 	0.176777 	0.225000 	0.276134 	0.301040 	0.215058 	0.378319 	0.261008 	0.292617 	0.333542 	0.650481 	0.728869 	0.673146 	0.697316 	0.735697 	0.825379 	0.764853 	0.785016 	0.875357 	0.859142 	0.883883 	0.735272 	0.866386 	0.886707 	0.884590 	0.886707 	0.960469 	0.990581 	0.990581 	1.007782 	1.046721 	
1.706055 	1.492062 	1.410895 	9.000000 	1.364047 	2.298369 	2.405203 	2.352791 	2.371181 	0.201556 	0.825379 	0.035355 	1.666208 	1.598828 	0.125000 	1.554228 	1.610124 	1.666021 	1.688565 	1.513481 	1.767060 	1.601952 	1.615549 	1.671264 	1.992800 	2.047712 	1.947113 	1.971199 	2.033009 	2.158269 	2.050152 	2.081015 	2.205816 	2.153195 	2.177298 	1.653028 	1.826540 	1.904107 	1.877665 	1.800174 	1.977530 	1.950160 	1.900164 	1.925162 	1.902630 	
0.382426 	0.279509 	0.282843 	1.364047 	9.000000 	0.938416 	1.043132 	0.989950 	1.007782 	1.338376 	2.046491 	1.399330 	0.467039 	0.436606 	1.449569 	0.437321 	0.469707 	0.506211 	0.529741 	0.496236 	0.594243 	0.527376 	0.561805 	0.592663 	0.879275 	0.965013 	0.929045 	0.951972 	0.980434 	1.049405 	1.012423 	1.027740 	1.098294 	1.099147 	1.123054 	1.015197 	1.149184 	1.168867 	1.167262 	1.168867 	1.241974 	1.273283 	1.273283 	1.290591 	1.328768 	
0.673146 	0.906228 	0.995301 	2.298369 	0.938416 	9.000000 	0.111803 	0.075000 	0.100000 	2.256795 	2.933641 	2.333720 	0.843356 	0.903466 	2.387075 	0.958188 	0.921954 	0.887764 	0.883883 	1.055047 	0.851469 	0.990581 	1.011187 	0.980115 	0.951972 	1.020110 	1.098294 	1.103687 	1.068001 	1.007782 	1.099147 	1.083109 	1.028652 	1.109617 	1.119431 	1.500000 	1.535008 	1.496036 	1.516781 	1.582127 	1.534805 	1.603317 	1.644118 	1.648105 	1.718284 	
0.760345 	0.995615 	1.085415 	2.405203 	1.043132 	0.111803 	9.000000 	0.055902 	0.050000 	2.366036 	3.044873 	2.440543 	0.917197 	0.980434 	2.492614 	1.035918 	0.996243 	0.958188 	0.951972 	1.130542 	0.912414 	1.061249 	1.079352 	1.044330 	0.982980 	1.044330 	1.131923 	1.134956 	1.093446 	1.020110 	1.122776 	1.103687 	1.035918 	1.123054 	1.130542 	1.553222 	1.576785 	1.532359 	1.555032 	1.625769 	1.566246 	1.637261 	1.681703 	1.684117 	1.756417 	
0.704450 	0.939747 	1.029563 	2.352791 	0.989950 	0.075000 	0.055902 	9.000000 	0.025000 	2.315437 	2.997186 	2.388122 	0.862047 	0.925000 	2.439518 	0.980434 	0.941076 	0.903466 	0.897566 	1.075291 	0.859142 	1.006541 	1.025000 	0.990581 	0.937083 	1.000625 	1.085415 	1.089151 	1.049405 	0.980434 	1.079352 	1.061249 	0.998123 	1.083109 	1.091444 	1.501874 	1.528275 	1.485345 	1.507481 	1.576785 	1.520691 	1.590990 	1.634396 	1.637261 	1.708984 	
0.716327 	0.951972 	1.041933 	2.371181 	1.007782 	0.100000 	0.050000 	0.025000 	9.000000 	2.335193 	3.018485 	2.406502 	0.869626 	0.933408 	2.457260 	0.989002 	0.948683 	0.910014 	0.903466 	1.083109 	0.863134 	1.013040 	1.030776 	0.995301 	0.933408 	0.995301 	1.082243 	1.085415 	1.044330 	0.972432 	1.073837 	1.055047 	0.989002 	1.075291 	1.083109 	1.503330 	1.526843 	1.482607 	1.505199 	1.575794 	1.516781 	1.587648 	1.631908 	1.634396 	1.706605 	
1.700000 	1.500208 	1.425219 	0.201556 	1.338376 	2.256795 	2.366036 	2.315437 	2.335193 	9.000000 	0.740355 	0.213600 	1.685416 	1.621149 	0.316228 	1.581139 	1.636498 	1.691892 	1.715554 	1.552418 	1.794610 	1.638025 	1.655483 	1.710263 	2.037308 	2.098809 	2.005773 	2.030394 	2.088660 	2.207374 	2.108613 	2.137756 	2.256103 	2.211476 	2.236068 	1.751606 	1.927596 	2.000625 	1.976424 	1.905912 	2.076355 	2.055480 	2.009975 	2.034853 	2.018818 	
2.419323 	2.229910 	2.158269 	0.825379 	2.046491 	2.933641 	3.044873 	2.997186 	3.018485 	0.740355 	9.000000 	0.801561 	2.419194 	2.356374 	0.838525 	2.318000 	2.373025 	2.428091 	2.452040 	2.291970 	2.531057 	2.376973 	2.395047 	2.449617 	2.777139 	2.839124 	2.745906 	2.770492 	2.828979 	2.947563 	2.848794 	2.878042 	2.996352 	2.951694 	2.976260 	2.476136 	2.650472 	2.726834 	2.701041 	2.625000 	2.801004 	2.775000 	2.725459 	2.750454 	2.727865 	
1.740869 	1.526434 	1.445035 	0.035355 	1.399330 	2.333720 	2.440543 	2.388122 	2.406502 	0.213600 	0.801561 	9.000000 	1.700000 	1.632483 	0.103078 	1.587648 	1.643548 	1.699448 	1.721918 	1.546165 	1.800347 	1.634778 	1.648105 	1.703856 	2.024846 	2.079213 	1.978004 	2.002030 	2.064128 	2.189892 	2.081015 	2.112019 	2.237325 	2.184033 	2.208082 	1.679658 	1.852701 	1.930835 	1.904107 	1.825685 	2.003902 	1.975633 	1.925000 	1.950000 	1.926461 	
0.213600 	0.200000 	0.261008 	1.666208 	0.467039 	0.843356 	0.917197 	0.862047 	0.869626 	1.685416 	2.419194 	1.700000 	9.000000 	0.070711 	1.727896 	0.125000 	0.079057 	0.055902 	0.070711 	0.213600 	0.127475 	0.150000 	0.176777 	0.167705 	0.412311 	0.498121 	0.471699 	0.493077 	0.515388 	0.583631 	0.548293 	0.561805 	0.632949 	0.632456 	0.656220 	0.697316 	0.782624 	0.776611 	0.784618 	0.817389 	0.840015 	0.887764 	0.905883 	0.917878 	0.972754 	
0.251247 	0.158114 	0.201556 	1.598828 	0.436606 	0.903466 	0.980434 	0.925000 	0.933408 	1.621149 	2.356374 	1.632483 	0.070711 	9.000000 	1.659254 	0.055902 	0.035355 	0.075000 	0.100000 	0.152069 	0.176777 	0.111803 	0.145774 	0.160078 	0.452769 	0.534439 	0.492443 	0.515388 	0.546008 	0.626997 	0.577170 	0.594243 	0.676849 	0.667083 	0.691466 	0.664266 	0.763217 	0.765261 	0.770146 	0.794119 	0.832541 	0.875000 	0.887764 	0.901388 	0.951972 	
1.780449 	1.560649 	1.476906 	0.125000 	1.449569 	2.387075 	2.492614 	2.439518 	2.457260 	0.316228 	0.838525 	0.103078 	1.727896 	1.659254 	9.000000 	1.612452 	1.668270 	1.724094 	1.745888 	1.565248 	1.823630 	1.654728 	1.666021 	1.721918 	2.038535 	2.089258 	1.984471 	2.008109 	2.071835 	2.200568 	2.087163 	2.118962 	2.247221 	2.189892 	2.213594 	1.665270 	1.835926 	1.916377 	1.888452 	1.806239 	1.987775 	1.955761 	1.902630 	1.927596 	1.900164 	
0.300000 	0.160078 	0.176777 	1.554228 	0.437321 	0.958188 	1.035918 	0.980434 	0.989002 	1.581139 	2.318000 	1.587648 	0.125000 	0.055902 	1.612452 	9.000000 	0.055902 	0.111803 	0.134629 	0.100000 	0.213600 	0.090139 	0.125000 	0.158114 	0.475000 	0.552268 	0.498121 	0.522015 	0.559017 	0.650000 	0.588430 	0.608276 	0.700000 	0.682367 	0.707107 	0.626997 	0.735272 	0.743303 	0.745822 	0.763217 	0.813173 	0.851469 	0.860233 	0.875000 	0.922293 	
0.279509 	0.190394 	0.225000 	1.610124 	0.469707 	0.921954 	0.996243 	0.941076 	0.948683 	1.636498 	2.373025 	1.643548 	0.079057 	0.035355 	1.668270 	0.055902 	9.000000 	0.055902 	0.079057 	0.134629 	0.158114 	0.079057 	0.111803 	0.125000 	0.425735 	0.505594 	0.459619 	0.482830 	0.515388 	0.600521 	0.546008 	0.564026 	0.650481 	0.637377 	0.661910 	0.632456 	0.728869 	0.730154 	0.735272 	0.760345 	0.797261 	0.840015 	0.853302 	0.866747 	0.917878 	
0.269258 	0.230489 	0.276134 	1.666021 	0.506211 	0.887764 	0.958188 	0.903466 	0.910014 	1.691892 	2.428091 	1.699448 	0.055902 	0.075000 	1.724094 	0.111803 	0.055902 	9.000000 	0.025000 	0.180278 	0.103078 	0.103078 	0.125000 	0.111803 	0.378319 	0.460977 	0.425000 	0.447214 	0.474342 	0.552268 	0.506211 	0.522015 	0.602080 	0.594243 	0.618466 	0.642748 	0.726722 	0.721110 	0.728869 	0.761577 	0.785016 	0.832166 	0.850000 	0.862047 	0.916856 	
0.279509 	0.254951 	0.301040 	1.688565 	0.529741 	0.883883 	0.951972 	0.897566 	0.903466 	1.715554 	2.452040 	1.721918 	0.070711 	0.100000 	1.745888 	0.134629 	0.079057 	0.025000 	9.000000 	0.195256 	0.079057 	0.111803 	0.127475 	0.103078 	0.353553 	0.436606 	0.403113 	0.425000 	0.450694 	0.527376 	0.482830 	0.498121 	0.577170 	0.570088 	0.594243 	0.637377 	0.715891 	0.707549 	0.716327 	0.752080 	0.770146 	0.818917 	0.838525 	0.850000 	0.906228 	
0.400000 	0.235850 	0.215058 	1.513481 	0.496236 	1.055047 	1.130542 	1.075291 	1.083109 	1.552418 	2.291970 	1.546165 	0.213600 	0.152069 	1.565248 	0.100000 	0.134629 	0.180278 	0.195256 	9.000000 	0.265754 	0.090139 	0.103078 	0.158114 	0.485412 	0.552268 	0.477624 	0.502494 	0.550000 	0.657647 	0.575543 	0.600000 	0.707107 	0.675000 	0.700000 	0.536773 	0.656220 	0.672681 	0.671751 	0.680074 	0.745822 	0.777817 	0.781025 	0.797261 	0.840015 	
0.301040 	0.325960 	0.378319 	1.767060 	0.594243 	0.851469 	0.912414 	0.859142 	0.863134 	1.794610 	2.531057 	1.800347 	0.127475 	0.176777 	1.823630 	0.213600 	0.158114 	0.103078 	0.079057 	0.265754 	9.000000 	0.176777 	0.180278 	0.134629 	0.285044 	0.371652 	0.355317 	0.375000 	0.391312 	0.456207 	0.425000 	0.436606 	0.505594 	0.506211 	0.529741 	0.651920 	0.711512 	0.693271 	0.705780 	0.752080 	0.750417 	0.805062 	0.831038 	0.840387 	0.901388 	
0.357946 	0.250000 	0.261008 	1.601952 	0.527376 	0.990581 	1.061249 	1.006541 	1.013040 	1.638025 	2.376973 	1.634778 	0.150000 	0.111803 	1.654728 	0.090139 	0.079057 	0.103078 	0.111803 	0.090139 	0.176777 	9.000000 	0.035355 	0.075000 	0.403113 	0.475000 	0.412311 	0.436606 	0.477624 	0.577170 	0.505594 	0.527376 	0.626997 	0.602080 	0.626997 	0.553399 	0.651920 	0.656220 	0.660019 	0.682367 	0.725000 	0.765261 	0.776611 	0.790569 	0.840387 	
0.388104 	0.285044 	0.292617 	1.615549 	0.561805 	1.011187 	1.079352 	1.025000 	1.030776 	1.655483 	2.395047 	1.648105 	0.176777 	0.145774 	1.666021 	0.125000 	0.111803 	0.125000 	0.127475 	0.103078 	0.180278 	0.035355 	9.000000 	0.055902 	0.382426 	0.450694 	0.382426 	0.406971 	0.450694 	0.555090 	0.477624 	0.500625 	0.604669 	0.575543 	0.600521 	0.522015 	0.617454 	0.620987 	0.625000 	0.648556 	0.689656 	0.730154 	0.742041 	0.755811 	0.806226 	
0.380789 	0.313249 	0.333542 	1.671264 	0.592663 	0.980115 	1.044330 	0.990581 	0.995301 	1.710263 	2.449617 	1.703856 	0.167705 	0.160078 	1.721918 	0.158114 	0.125000 	0.111803 	0.103078 	0.158114 	0.134629 	0.075000 	0.055902 	9.000000 	0.328824 	0.400000 	0.340037 	0.364006 	0.403113 	0.502494 	0.431567 	0.452769 	0.552268 	0.527376 	0.552268 	0.534439 	0.614919 	0.610328 	0.617454 	0.650000 	0.675463 	0.721110 	0.738241 	0.750417 	0.805062 	
0.561805 	0.608276 	0.650481 	1.992800 	0.879275 	0.951972 	0.982980 	0.937083 	0.933408 	2.037308 	2.777139 	2.024846 	0.412311 	0.452769 	2.038535 	0.475000 	0.425735 	0.378319 	0.353553 	0.485412 	0.285044 	0.403113 	0.382426 	0.328824 	9.000000 	0.090139 	0.150000 	0.152069 	0.125000 	0.175000 	0.160078 	0.160078 	0.225000 	0.223607 	0.246221 	0.617454 	0.602080 	0.550568 	0.575000 	0.654313 	0.583631 	0.654313 	0.700446 	0.701783 	0.775403 	
0.651920 	0.691466 	0.728869 	2.047712 	0.965013 	1.020110 	1.044330 	1.000625 	0.995301 	2.098809 	2.839124 	2.079213 	0.498121 	0.534439 	2.089258 	0.552268 	0.505594 	0.460977 	0.436606 	0.552268 	0.371652 	0.475000 	0.450694 	0.400000 	0.090139 	9.000000 	0.125000 	0.111803 	0.050000 	0.111803 	0.079057 	0.070711 	0.158114 	0.134629 	0.158114 	0.604669 	0.564026 	0.502494 	0.530330 	0.618466 	0.525595 	0.600000 	0.651920 	0.650481 	0.726722 	
0.654313 	0.650000 	0.673146 	1.947113 	0.929045 	1.098294 	1.131923 	1.085415 	1.082243 	2.005773 	2.745906 	1.978004 	0.471699 	0.492443 	1.984471 	0.498121 	0.459619 	0.425000 	0.403113 	0.477624 	0.355317 	0.412311 	0.382426 	0.340037 	0.150000 	0.125000 	9.000000 	0.025000 	0.090139 	0.230489 	0.103078 	0.134629 	0.270416 	0.206155 	0.230489 	0.480885 	0.452769 	0.400780 	0.425000 	0.505594 	0.436606 	0.505594 	0.550568 	0.552268 	0.625500 	
0.672681 	0.673146 	0.697316 	1.971199 	0.951972 	1.103687 	1.134956 	1.089151 	1.085415 	2.030394 	2.770492 	2.002030 	0.493077 	0.515388 	2.008109 	0.522015 	0.482830 	0.447214 	0.425000 	0.502494 	0.375000 	0.436606 	0.406971 	0.364006 	0.152069 	0.111803 	0.025000 	9.000000 	0.070711 	0.212132 	0.079057 	0.111803 	0.250000 	0.182003 	0.206155 	0.493077 	0.456207 	0.400000 	0.425735 	0.509902 	0.431567 	0.502494 	0.550000 	0.550568 	0.625000 	
0.680074 	0.704006 	0.735697 	2.033009 	0.980434 	1.068001 	1.093446 	1.049405 	1.044330 	2.088660 	2.828979 	2.064128 	0.515388 	0.546008 	2.071835 	0.559017 	0.515388 	0.474342 	0.450694 	0.550000 	0.391312 	0.477624 	0.450694 	0.403113 	0.125000 	0.050000 	0.090139 	0.070711 	9.000000 	0.141421 	0.035355 	0.050000 	0.180278 	0.125000 	0.150000 	0.561805 	0.515388 	0.452769 	0.480885 	0.570088 	0.475657 	0.550000 	0.602080 	0.600521 	0.676849 	
0.715891 	0.781425 	0.825379 	2.158269 	1.049405 	1.007782 	1.020110 	0.980434 	0.972432 	2.207374 	2.947563 	2.189892 	0.583631 	0.626997 	2.200568 	0.650000 	0.600521 	0.552268 	0.527376 	0.657647 	0.456207 	0.577170 	0.555090 	0.502494 	0.175000 	0.111803 	0.230489 	0.212132 	0.141421 	9.000000 	0.145774 	0.111803 	0.050000 	0.103078 	0.111803 	0.700446 	0.640800 	0.570088 	0.601041 	0.696419 	0.579871 	0.657647 	0.715891 	0.711073 	0.789383 	
0.715017 	0.735272 	0.764853 	2.050152 	1.012423 	1.099147 	1.122776 	1.079352 	1.073837 	2.108613 	2.848794 	2.081015 	0.548293 	0.577170 	2.087163 	0.588430 	0.546008 	0.506211 	0.482830 	0.575543 	0.425000 	0.505594 	0.477624 	0.431567 	0.160078 	0.079057 	0.103078 	0.079057 	0.035355 	0.145774 	9.000000 	0.035355 	0.176777 	0.103078 	0.127475 	0.555090 	0.498121 	0.431567 	0.460977 	0.553399 	0.450000 	0.525595 	0.579871 	0.577170 	0.654313 	
0.721110 	0.752080 	0.785016 	2.081015 	1.027740 	1.083109 	1.103687 	1.061249 	1.055047 	2.137756 	2.878042 	2.112019 	0.561805 	0.594243 	2.118962 	0.608276 	0.564026 	0.522015 	0.498121 	0.600000 	0.436606 	0.527376 	0.500625 	0.452769 	0.160078 	0.070711 	0.134629 	0.111803 	0.050000 	0.111803 	0.035355 	9.000000 	0.141421 	0.075000 	0.100000 	0.590021 	0.529741 	0.460977 	0.491172 	0.585235 	0.475657 	0.552268 	0.608276 	0.604669 	0.682367 	
0.761577 	0.831038 	0.875357 	2.205816 	1.098294 	1.028652 	1.035918 	0.998123 	0.989002 	2.256103 	2.996352 	2.237325 	0.632949 	0.676849 	2.247221 	0.700000 	0.650481 	0.602080 	0.577170 	0.707107 	0.505594 	0.626997 	0.604669 	0.552268 	0.225000 	0.158114 	0.270416 	0.250000 	0.180278 	0.050000 	0.176777 	0.141421 	9.000000 	0.103078 	0.100000 	0.730154 	0.660019 	0.585235 	0.617454 	0.715891 	0.588430 	0.667083 	0.728011 	0.721543 	0.800391 	
0.784618 	0.824621 	0.859142 	2.153195 	1.099147 	1.109617 	1.123054 	1.083109 	1.075291 	2.211476 	2.951694 	2.184033 	0.632456 	0.667083 	2.189892 	0.682367 	0.637377 	0.594243 	0.570088 	0.675000 	0.506211 	0.602080 	0.575543 	0.527376 	0.223607 	0.134629 	0.206155 	0.182003 	0.125000 	0.103078 	0.103078 	0.075000 	0.103078 	9.000000 	0.025000 	0.637377 	0.559017 	0.482830 	0.515388 	0.614919 	0.485412 	0.564026 	0.625000 	0.618466 	0.697316 	
0.806226 	0.848896 	0.883883 	2.177298 	1.123054 	1.119431 	1.130542 	1.091444 	1.083109 	2.236068 	2.976260 	2.208082 	0.656220 	0.691466 	2.213594 	0.707107 	0.661910 	0.618466 	0.594243 	0.700000 	0.529741 	0.626997 	0.600521 	0.552268 	0.246221 	0.158114 	0.230489 	0.206155 	0.150000 	0.111803 	0.127475 	0.100000 	0.100000 	0.025000 	9.000000 	0.654313 	0.570636 	0.492443 	0.525595 	0.626498 	0.491172 	0.570088 	0.632456 	0.625000 	0.704006 	
0.910014 	0.772172 	0.735272 	1.653028 	1.015197 	1.500000 	1.553222 	1.501874 	1.503330 	1.751606 	2.476136 	1.679658 	0.697316 	0.664266 	1.665270 	0.626997 	0.632456 	0.642748 	0.637377 	0.536773 	0.651920 	0.553399 	0.522015 	0.534439 	0.617454 	0.604669 	0.480885 	0.493077 	0.561805 	0.700446 	0.555090 	0.590021 	0.730154 	0.637377 	0.654313 	9.000000 	0.176777 	0.251247 	0.225000 	0.167705 	0.325000 	0.309233 	0.279509 	0.302076 	0.320156 	
0.995301 	0.890225 	0.866386 	1.826540 	1.149184 	1.535008 	1.576785 	1.528275 	1.526843 	1.927596 	2.650472 	1.852701 	0.782624 	0.763217 	1.835926 	0.735272 	0.728869 	0.726722 	0.715891 	0.656220 	0.711512 	0.651920 	0.617454 	0.614919 	0.602080 	0.564026 	0.452769 	0.456207 	0.515388 	0.640800 	0.498121 	0.529741 	0.660019 	0.559017 	0.570636 	0.176777 	9.000000 	0.090139 	0.055902 	0.055902 	0.152069 	0.134629 	0.125000 	0.141421 	0.190394 	
0.986154 	0.901734 	0.886707 	1.904107 	1.168867 	1.496036 	1.532359 	1.485345 	1.482607 	2.000625 	2.726834 	1.930835 	0.776611 	0.765261 	1.916377 	0.743303 	0.730154 	0.721110 	0.707549 	0.672681 	0.693271 	0.656220 	0.620987 	0.610328 	0.550568 	0.502494 	0.400780 	0.400000 	0.452769 	0.570088 	0.431567 	0.460977 	0.585235 	0.482830 	0.492443 	0.251247 	0.090139 	9.000000 	0.035355 	0.141421 	0.079057 	0.111803 	0.150000 	0.152069 	0.225000 	
0.995615 	0.903120 	0.884590 	1.877665 	1.167262 	1.516781 	1.555032 	1.507481 	1.505199 	1.976424 	2.701041 	1.904107 	0.784618 	0.770146 	1.888452 	0.745822 	0.735272 	0.728869 	0.716327 	0.671751 	0.705780 	0.660019 	0.625000 	0.617454 	0.575000 	0.530330 	0.425000 	0.425735 	0.480885 	0.601041 	0.460977 	0.491172 	0.617454 	0.515388 	0.525595 	0.225000 	0.055902 	0.035355 	9.000000 	0.106066 	0.100000 	0.106066 	0.127475 	0.134629 	0.201556 	
