Total assets = 1200
Number of asset nodes = 67

Distance:
999.000000 	81.024689 	82.927681 	78.236816 	82.152298 	79.924965 	78.230431 	77.175125 	67.882248 	66.528191 	65.855904 	65.053825 	77.826729 	63.655323 	62.936478 	60.959003 	58.694122 	58.728188 	62.433964 	62.769421 	60.745369 	61.057350 	62.265560 	55.865910 	55.973209 	59.682495 	58.830265 	57.688820 	59.481091 	55.470715 	53.712196 	23.769728 	21.400934 	21.095022 	42.190044 	21.189621 	17.804493 	18.357559 	43.566040 	17.029387 	42.755116 	38.639359 	35.510563 	46.097721 	41.000000 	37.854988 	14.212670 	14.422205 	14.764823 	39.051247 	37.107952 	15.297058 	10.816654 	37.947330 	36.769554 	34.014702 	37.576588 	36.674240 	39.357338 	35.355339 	51.107731 	41.048752 	49.929951 	43.011627 	49.091751 	52.697250 	48.010414 	51.039200 	
81.024689 	999.000000 	3.162278 	2.828427 	5.656854 	5.385165 	5.000000 	7.000000 	18.027756 	17.117243 	17.262676 	20.024984 	11.401754 	20.223749 	21.213203 	26.019224 	25.495098 	26.305893 	19.104973 	19.209373 	20.518284 	20.518284 	20.000000 	27.202942 	26.000000 	21.931713 	22.627417 	23.430750 	23.853722 	27.018513 	30.232433 	62.241467 	60.901562 	62.177166 	56.364883 	64.884514 	64.140472 	64.884514 	58.694122 	64.070274 	60.008331 	60.827625 	61.400326 	60.745369 	61.741398 	62.177166 	67.416618 	67.742157 	68.095520 	62.609905 	63.529522 	70.661163 	71.021126 	66.189125 	81.049370 	81.584312 	83.024094 	83.186539 	84.852814 	84.528099 	92.048897 	89.944427 	93.134308 	91.787796 	93.193344 	95.047356 	94.339813 	95.131485 	
82.927681 	3.162278 	999.000000 	5.099020 	3.162278 	4.123106 	5.000000 	6.708204 	21.095022 	20.024984 	20.099751 	23.000000 	10.000000 	23.086792 	24.083189 	29.000000 	28.284271 	29.154760 	20.615528 	20.518284 	22.203604 	22.022715 	21.213203 	29.832869 	28.460499 	23.430750 	24.207438 	25.238859 	24.839485 	28.284271 	31.240999 	64.621979 	63.063461 	64.404968 	56.824291 	67.230942 	66.241982 	67.082039 	59.033890 	66.037865 	60.373837 	61.400326 	62.128899 	60.926186 	62.177166 	62.769421 	69.462219 	69.835518 	70.235321 	63.134777 	64.140472 	72.917763 	73.061615 	66.730804 	83.862984 	84.344528 	85.842880 	85.988373 	87.692642 	87.298340 	95.021049 	92.779305 	96.083298 	94.641426 	96.130119 	98.020409 	97.252251 	98.081596 	
78.236816 	2.828427 	5.099020 	999.000000 	6.324555 	5.000000 	3.605551 	5.385165 	16.278820 	15.000000 	15.033297 	18.027756 	10.295630 	18.027756 	19.026299 	24.020824 	23.194826 	24.083189 	16.278820 	16.401220 	17.691807 	17.691807 	17.204651 	24.738634 	23.409399 	19.104973 	19.798990 	20.615528 	21.095022 	24.207438 	27.459061 	59.615433 	58.180752 	59.481091 	53.712196 	62.241467 	61.400326 	62.177166 	56.080299 	61.294373 	57.384666 	58.137768 	58.668560 	58.189346 	59.093147 	59.481091 	64.660652 	65.000000 	65.368187 	59.933296 	60.827625 	67.977936 	68.264191 	63.505905 	78.771820 	79.246452 	80.752708 	80.894997 	82.607506 	82.200974 	90.005554 	87.692642 	91.049438 	89.560036 	91.087868 	93.005379 	92.195442 	93.048378 	
82.152298 	5.656854 	3.162278 	6.324555 	999.000000 	2.236068 	4.123106 	5.000000 	22.561028 	21.095022 	21.023796 	24.186773 	7.071068 	24.020824 	25.019993 	30.149628 	29.017237 	30.000000 	19.723083 	19.416489 	21.470911 	21.095022 	20.000000 	30.265491 	28.635643 	22.472204 	23.323807 	24.596748 	23.345236 	27.018513 	29.698484 	64.513565 	62.649822 	64.078079 	54.708317 	67.067131 	65.741920 	66.708321 	56.824291 	65.368187 	58.180752 	59.363289 	60.216278 	58.600342 	60.033325 	60.745369 	68.883957 	69.318108 	69.778221 	61.057350 	62.128899 	72.615425 	72.470680 	64.660652 	84.480766 	84.852814 	86.469650 	86.579445 	88.362885 	87.823685 	96.005211 	93.434471 	97.005157 	95.336250 	97.020615 	99.005051 	98.081596 	99.005051 	
79.924965 	5.385165 	4.123106 	5.000000 	2.236068 	999.000000 	2.000000 	2.828427 	20.880613 	19.235384 	19.104973 	22.360680 	6.082763 	22.090721 	23.086792 	28.284271 	27.000000 	28.017851 	17.492855 	17.204651 	19.235384 	18.867962 	17.804493 	28.160255 	26.476404 	20.248457 	21.095022 	22.360680 	21.213203 	24.839485 	27.586229 	62.297672 	60.415230 	61.846584 	52.839378 	64.845970 	63.505905 	64.474800 	55.009090 	63.134777 	56.356010 	57.454330 	58.249462 	56.859474 	58.180752 	58.830265 	66.648331 	67.082039 	67.542580 	59.169250 	60.207973 	70.384659 	70.235321 	62.769421 	82.389320 	82.734512 	84.380089 	84.480766 	86.284416 	85.708809 	94.021271 	91.350975 	95.000000 	93.263069 	95.005264 	97.020615 	96.046867 	97.000000 	
78.230431 	5.000000 	5.000000 	3.605551 	4.123106 	2.000000 	999.000000 	2.000000 	18.973665 	17.262676 	17.117243 	20.396078 	6.708204 	20.099751 	21.095022 	26.305893 	25.000000 	26.019224 	15.811388 	15.620500 	17.492855 	17.204651 	16.278820 	26.172504 	24.515301 	18.601076 	19.416489 	20.591261 	19.849434 	23.345236 	26.248810 	60.406952 	58.600342 	60.008331 	51.884487 	62.968246 	61.717098 	62.649822 	54.129475 	61.400326 	55.461697 	56.435802 	57.140179 	56.080299 	57.245087 	57.801384 	64.884514 	65.299309 	65.741920 	58.180752 	59.169250 	68.541962 	68.476273 	61.773781 	80.399002 	80.752708 	82.389320 	82.492424 	84.291161 	83.725746 	92.021736 	89.358826 	93.000000 	91.268837 	93.005379 	95.021049 	94.047859 	95.000000 	
77.175125 	7.000000 	6.708204 	5.385165 	5.000000 	2.828427 	2.000000 	999.000000 	19.697716 	17.720045 	17.464249 	20.880613 	5.000000 	20.396078 	21.377558 	26.683329 	25.079872 	26.172504 	14.764823 	14.422205 	16.552946 	16.124516 	15.000000 	26.019224 	24.186773 	17.492855 	18.357559 	19.697716 	18.384777 	22.022715 	24.758837 	59.774578 	57.775429 	59.236813 	50.119858 	62.297672 	60.835846 	61.846584 	52.325901 	60.415230 	53.665630 	54.708317 	55.470715 	54.230988 	55.470715 	56.080299 	63.953106 	64.404968 	64.884514 	56.435802 	57.454330 	67.779053 	67.535179 	60.033325 	80.224686 	80.504662 	82.219215 	82.298241 	84.148682 	83.486526 	92.086914 	89.202019 	93.021500 	91.137260 	93.005379 	95.084175 	94.005318 	95.021049 	
67.882248 	18.027756 	21.095022 	16.278820 	22.561028 	20.880613 	18.973665 	19.697716 	999.000000 	3.162278 	4.123106 	2.828427 	24.186773 	4.472136 	5.000000 	8.246211 	9.219544 	9.433981 	15.811388 	17.088007 	15.297058 	16.492422 	18.027756 	12.041595 	12.529964 	17.262676 	17.117243 	16.000000 	21.587032 	22.022715 	26.019224 	46.872166 	46.754681 	47.634022 	52.345009 	49.648766 	50.249378 	50.447994 	55.226807 	50.931328 	56.320511 	55.901699 	55.542778 	58.077534 	57.558666 	57.070133 	53.758720 	53.814495 	53.907330 	57.870544 	58.249462 	55.803226 	57.314919 	61.188232 	63.560993 	64.288414 	65.513359 	65.734314 	67.268120 	67.186310 	74.108032 	72.367119 	75.239616 	74.148499 	75.325958 	77.103828 	76.531036 	77.233414 	
66.528191 	17.117243 	20.024984 	15.000000 	21.095022 	19.235384 	17.262676 	17.720045 	3.162278 	999.000000 	1.000000 	3.162278 	21.931713 	3.162278 	4.123106 	9.055386 	8.544003 	9.219544 	12.649111 	13.928389 	12.165525 	13.341664 	14.866069 	10.816654 	10.630146 	14.142136 	14.035668 	13.038404 	18.439089 	19.000000 	23.000000 	46.141087 	45.607018 	46.615448 	49.497475 	48.877399 	49.040798 	49.406479 	52.345009 	49.517673 	53.460266 	53.150730 	52.886673 	55.145264 	54.744862 	54.341511 	52.497620 	52.630791 	52.801514 	55.108982 	55.542778 	54.918121 	56.080299 	58.463665 	63.953106 	64.536812 	65.924202 	66.098412 	67.742157 	67.468513 	75.006668 	72.835434 	76.059189 	74.672615 	76.105194 	78.006409 	77.233414 	78.057671 	
65.855904 	17.262676 	20.099751 	15.033297 	21.023796 	19.104973 	17.117243 	17.464249 	4.123106 	1.000000 	999.000000 	3.605551 	21.540659 	3.000000 	4.000000 	9.219544 	8.246211 	9.055386 	11.704700 	13.000000 	11.180340 	12.369317 	13.928389 	10.295630 	9.899495 	13.152946 	13.038404 	12.041595 	17.464249 	18.000000 	22.000000 	45.650848 	45.000000 	46.043457 	48.507732 	48.373547 	48.414875 	48.826221 	51.351727 	48.836460 	52.469040 	52.172791 	51.923019 	54.147945 	53.758720 	53.366657 	51.855568 	52.009613 	52.201534 	54.129475 	54.571056 	54.378304 	55.443665 	57.489128 	63.788715 	64.327286 	65.764732 	65.924202 	67.601776 	67.268120 	75.000000 	72.691124 	76.026314 	74.545288 	76.059189 	78.000000 	77.162170 	78.025635 	
65.053825 	20.024984 	23.000000 	18.027756 	24.186773 	22.360680 	20.396078 	20.880613 	2.828427 	3.162278 	3.605551 	999.000000 	25.079872 	2.000000 	2.236068 	6.000000 	6.403124 	6.708204 	14.764823 	16.124516 	13.928389 	15.231546 	17.000000 	9.219544 	9.848858 	15.811388 	15.524175 	14.142136 	20.248457 	20.223749 	24.186773 	44.102154 	43.931767 	44.821869 	50.159744 	46.872166 	47.423622 	47.634022 	53.084839 	48.104053 	54.147945 	53.600372 	53.150730 	56.008926 	55.326305 	54.744862 	50.931328 	50.990196 	51.088158 	55.578773 	55.901699 	53.009434 	54.488529 	58.855755 	61.188232 	61.846584 	63.150612 	63.348244 	64.938431 	64.761101 	72.027771 	70.035706 	73.109505 	71.847061 	73.171036 	75.026665 	74.330345 	75.106590 	
77.826729 	11.401754 	10.000000 	10.295630 	7.071068 	6.082763 	6.708204 	5.000000 	24.186773 	21.931713 	21.540659 	25.079872 	999.000000 	24.351591 	25.298222 	30.675724 	28.635643 	29.832869 	16.278820 	15.524175 	18.248287 	17.464249 	15.811388 	29.154760 	27.018513 	18.681541 	19.646883 	21.377558 	18.357559 	22.360680 	24.413111 	61.611687 	59.135437 	60.728905 	48.259712 	64.031242 	62.032249 	63.245552 	50.249378 	61.326992 	51.623638 	53.009434 	54.037025 	51.884487 	53.535034 	54.405884 	65.000000 	65.551506 	66.128662 	54.644306 	55.803226 	69.260376 	68.541962 	58.249462 	83.024094 	83.150467 	85.023529 	85.052925 	87.005745 	86.145226 	95.336250 	92.021736 	96.187317 	94.005318 	96.130119 	98.325989 	97.046379 	98.183502 	
63.655323 	20.223749 	23.086792 	18.027756 	24.020824 	22.090721 	20.099751 	20.396078 	4.472136 	3.162278 	3.000000 	2.000000 	24.351591 	999.000000 	1.000000 	6.324555 	5.385165 	6.082763 	13.038404 	14.422205 	12.083046 	13.416408 	15.264338 	7.810250 	8.062258 	13.928389 	13.601471 	12.165525 	18.384777 	18.248287 	22.203604 	43.046486 	42.638012 	43.600460 	48.166378 	45.793011 	46.097721 	46.400433 	51.088158 	46.669048 	52.153618 	51.623638 	51.195702 	54.009258 	53.338543 	52.773098 	49.578220 	49.678970 	49.819675 	53.600372 	53.935146 	51.865211 	53.150730 	56.885849 	60.827625 	61.392181 	62.801273 	62.968246 	64.629715 	64.327286 	72.000000 	69.720871 	73.027390 	71.568146 	73.061615 	75.000000 	74.168724 	75.026665 	
62.936478 	21.213203 	24.083189 	19.026299 	25.019993 	23.086792 	21.095022 	21.377558 	5.000000 	4.123106 	4.000000 	2.236068 	25.298222 	1.000000 	999.000000 	5.385165 	4.472136 	5.099020 	13.601471 	15.000000 	12.529964 	13.892444 	15.811388 	7.071068 	7.615773 	14.317822 	13.928389 	12.369317 	18.788294 	18.439089 	22.360680 	42.190044 	41.868843 	42.801868 	48.093658 	44.944408 	45.343136 	45.607018 	51.039200 	45.967381 	52.086468 	51.478149 	50.990196 	54.000000 	53.235325 	52.611786 	48.836460 	48.918301 	49.040798 	53.460266 	53.758720 	51.039200 	52.402290 	56.718605 	59.841457 	60.415230 	61.814240 	61.983868 	63.639610 	63.348244 	71.000000 	68.731361 	72.027771 	70.576202 	72.062469 	74.000000 	73.171036 	74.027023 	
60.959003 	26.019224 	29.000000 	24.020824 	30.149628 	28.284271 	26.305893 	26.683329 	8.246211 	9.055386 	9.219544 	6.000000 	30.675724 	6.324555 	5.385165 	999.000000 	4.123106 	3.000000 	18.384777 	19.798990 	17.029387 	18.439089 	20.518284 	7.000000 	9.219544 	18.601076 	18.027756 	16.124516 	23.021729 	21.931713 	25.632011 	39.204590 	39.623226 	40.311287 	50.039986 	42.011902 	43.185646 	43.139309 	53.084839 	44.204071 	54.037025 	53.037724 	52.239830 	56.222771 	55.000000 	54.083271 	46.754681 	46.690472 	46.669048 	55.036350 	55.145264 	48.270073 	50.249378 	58.137768 	55.317268 	56.044624 	57.271286 	57.489128 	59.033890 	58.940647 	66.030296 	64.132675 	67.119293 	65.924202 	67.186310 	69.028976 	68.359344 	69.115845 	
58.694122 	25.495098 	28.284271 	23.194826 	29.017237 	27.000000 	25.000000 	25.079872 	9.219544 	8.544003 	8.246211 	6.403124 	28.635643 	5.385165 	4.472136 	4.123106 	999.000000 	1.414214 	15.000000 	16.401220 	13.453624 	14.866069 	17.029387 	3.162278 	5.099020 	14.866069 	14.212670 	12.206555 	19.209373 	17.888544 	21.540659 	37.735924 	37.536648 	38.418747 	46.010868 	40.496914 	41.036568 	41.231056 	49.040798 	41.773197 	50.009998 	49.091751 	48.373547 	52.153618 	51.009804 	50.159744 	44.553337 	44.598206 	44.687805 	51.088158 	51.244511 	46.615448 	48.104053 	54.230988 	55.578773 	56.089214 	57.558666 	57.706154 	59.413803 	59.033890 	67.029846 	64.498062 	68.000000 	66.370171 	68.007355 	70.028564 	69.065186 	70.000000 	
58.728188 	26.305893 	29.154760 	24.083189 	30.000000 	28.017851 	26.019224 	26.172504 	9.433981 	9.219544 	9.055386 	6.708204 	29.832869 	6.082763 	5.099020 	3.000000 	1.414214 	999.000000 	16.401220 	17.804493 	14.866069 	16.278820 	18.439089 	4.000000 	6.324555 	16.278820 	15.620500 	13.601471 	20.615528 	19.235384 	22.847319 	37.443291 	37.483330 	38.288380 	47.042534 	40.224369 	41.012192 	41.109608 	50.089920 	41.868843 	51.039200 	50.039986 	49.254440 	53.235325 	52.000000 	51.088158 	44.553337 	44.553337 	44.598206 	52.038448 	52.153618 	46.400433 	48.083260 	55.145264 	54.744862 	55.317268 	56.718605 	56.885849 	58.549126 	58.249462 	66.007576 	63.639610 	67.007462 	65.490456 	67.029846 	69.007248 	68.117546 	69.007248 	
62.433964 	19.104973 	20.615528 	16.278820 	19.723083 	17.492855 	15.811388 	14.764823 	15.811388 	12.649111 	11.704700 	14.764823 	16.278820 	13.038404 	13.601471 	18.384777 	15.000000 	16.401220 	999.000000 	1.414214 	2.000000 	1.414214 	2.236068 	14.317822 	11.704700 	2.828427 	3.605551 	5.099020 	6.000000 	8.062258 	11.704700 	45.354160 	43.081318 	44.598206 	38.600517 	47.801674 	46.097721 	47.169907 	41.231056 	45.650848 	42.449970 	42.720020 	42.953465 	43.737854 	43.965897 	44.011364 	49.193497 	49.658836 	50.159744 	44.598206 	45.310043 	53.141319 	52.773098 	48.104053 	67.007462 	67.029846 	69.007248 	69.000000 	71.028160 	70.028564 	79.762146 	76.006577 	80.504662 	78.025635 	80.399002 	82.734512 	81.221916 	82.492424 	
62.769421 	19.209373 	20.518284 	16.401220 	19.416489 	17.204651 	15.620500 	14.422205 	17.088007 	13.928389 	13.000000 	16.124516 	15.524175 	14.422205 	15.000000 	19.798990 	16.401220 	17.804493 	1.414214 	999.000000 	3.162278 	2.000000 	1.000000 	15.652476 	13.000000 	3.162278 	4.123106 	6.000000 	5.099020 	7.810250 	11.180340 	46.097721 	43.657761 	45.221676 	37.947330 	48.507732 	46.615448 	47.759815 	40.521599 	46.065170 	41.761227 	42.154476 	42.485291 	42.953465 	43.324360 	43.462627 	49.658836 	50.159744 	50.695168 	44.011364 	44.777225 	53.758720 	53.225933 	47.539455 	68.029404 	68.007355 	70.028564 	70.007141 	72.062469 	71.007042 	80.894997 	77.025970 	81.614952 	79.056938 	81.498466 	83.862984 	82.298241 	83.600243 	
60.745369 	20.518284 	22.203604 	17.691807 	21.470911 	19.235384 	17.492855 	16.552946 	15.297058 	12.165525 	11.180340 	13.928389 	18.248287 	12.083046 	12.529964 	17.029387 	13.453624 	14.866069 	2.000000 	3.162278 	999.000000 	1.414214 	3.605551 	12.529964 	9.848858 	2.000000 	2.236068 	3.162278 	6.324555 	7.280110 	11.180340 	43.416588 	41.231056 	42.720020 	38.078865 	45.880280 	44.283180 	45.310043 	40.792156 	43.908997 	41.976185 	42.059483 	42.154476 	43.416588 	43.416588 	43.324360 	47.413078 	47.853943 	48.332184 	43.965897 	44.598206 	51.264023 	51.000000 	47.434166 	65.007690 	65.030762 	67.007462 	67.000000 	69.028976 	68.029404 	77.781746 	74.006760 	78.517517 	76.026314 	78.409180 	80.752708 	79.227524 	80.504662 	
61.057350 	20.518284 	22.022715 	17.691807 	21.095022 	18.867962 	17.204651 	16.124516 	16.492422 	13.341664 	12.369317 	15.231546 	17.464249 	13.416408 	13.892444 	18.439089 	14.866069 	16.278820 	1.414214 	2.000000 	1.414214 	999.000000 	2.236068 	13.892444 	11.180340 	1.414214 	2.236068 	4.000000 	5.099020 	6.708204 	10.440307 	44.147480 	41.785164 	43.324360 	37.363083 	46.572525 	44.777225 	45.880280 	40.024994 	44.294468 	41.231056 	41.436699 	41.629318 	42.579338 	42.720020 	42.720020 	47.853943 	48.332184 	48.846699 	43.324360 	44.011364 	51.865211 	51.429562 	46.818798 	66.030296 	66.007576 	68.029404 	68.007355 	70.064255 	69.007248 	78.917679 	75.026665 	79.630394 	77.058418 	79.511009 	81.884064 	80.305664 	81.614952 	
62.265560 	20.000000 	21.213203 	17.204651 	20.000000 	17.804493 	16.278820 	15.000000 	18.027756 	14.866069 	13.928389 	17.000000 	15.811388 	15.264338 	15.811388 	20.518284 	17.029387 	18.439089 	2.236068 	1.000000 	3.605551 	2.236068 	999.000000 	16.124516 	13.416408 	3.000000 	4.000000 	6.082763 	4.123106 	7.071068 	10.295630 	45.891174 	43.324360 	44.922153 	37.000000 	48.270073 	46.238514 	47.434166 	39.560081 	45.617977 	40.804413 	41.231056 	41.593269 	41.976185 	42.379242 	42.544094 	49.244289 	49.769470 	50.328918 	43.081318 	43.863426 	53.450912 	52.801514 	46.615448 	68.066147 	68.000000 	70.064255 	70.028564 	72.111023 	71.000000 	81.049370 	77.058418 	81.743500 	79.101204 	81.614952 	84.011902 	82.389320 	83.725746 	
55.865910 	27.202942 	29.832869 	24.738634 	30.265491 	28.160255 	26.172504 	26.019224 	12.041595 	10.816654 	10.295630 	9.219544 	29.154760 	7.810250 	7.071068 	7.000000 	3.162278 	4.000000 	14.317822 	15.652476 	12.529964 	13.892444 	16.124516 	999.000000 	2.828427 	13.601471 	12.806249 	10.630146 	17.691807 	15.811388 	19.235384 	35.355339 	34.828148 	35.805027 	43.046486 	38.078865 	38.288380 	38.600517 	46.097721 	38.897301 	47.042534 	46.043457 	45.276924 	49.254440 	48.000000 	47.095646 	41.773197 	41.868843 	42.011902 	48.041649 	48.166378 	44.102154 	45.343136 	51.156624 	54.230988 	54.589375 	56.222771 	56.320511 	58.137768 	57.558666 	66.189125 	63.198101 	67.067131 	65.122963 	67.029846 	69.180923 	68.000000 	69.065186 	
55.973209 	26.000000 	28.460499 	23.409399 	28.635643 	26.476404 	24.515301 	24.186773 	12.529964 	10.630146 	9.899495 	9.848858 	27.018513 	8.062258 	7.615773 	9.219544 	5.099020 	6.324555 	11.704700 	13.000000 	9.848858 	11.180340 	13.416408 	2.828427 	999.000000 	10.816654 	10.000000 	7.810250 	14.866069 	13.038404 	16.552946 	36.249138 	35.227829 	36.359318 	41.000000 	38.910152 	38.600517 	39.115215 	44.011364 	38.948685 	45.000000 	44.181442 	43.566040 	47.095646 	46.043457 	45.276924 	42.011902 	42.201897 	42.438190 	46.173584 	46.389652 	44.777225 	45.607018 	49.365982 	56.080299 	56.320511 	58.077534 	58.137768 	60.033325 	59.304298 	68.359344 	65.069191 	69.180923 	67.029846 	69.115845 	71.344238 	70.028564 	71.175842 	
59.682495 	21.931713 	23.430750 	19.104973 	22.472204 	20.248457 	18.601076 	17.492855 	17.262676 	14.142136 	13.152946 	15.811388 	18.681541 	13.928389 	14.317822 	18.601076 	14.866069 	16.278820 	2.828427 	3.162278 	2.000000 	1.414214 	3.000000 	13.601471 	10.816654 	999.000000 	1.000000 	3.162278 	4.472136 	5.385165 	9.219544 	42.953465 	40.496914 	42.059483 	36.138622 	45.354160 	43.462627 	44.598206 	38.832977 	42.941822 	40.024994 	40.162170 	40.311287 	41.436699 	41.484936 	41.436699 	46.518814 	47.010635 	47.539455 	42.059483 	42.720020 	50.596443 	50.089920 	45.541191 	65.069191 	65.000000 	67.067131 	67.029846 	69.115845 	68.000000 	78.089691 	74.060783 	78.771820 	76.105194 	78.638412 	81.049370 	79.404030 	80.752708 	
58.830265 	22.627417 	24.207438 	19.798990 	23.323807 	21.095022 	19.416489 	18.357559 	17.117243 	14.035668 	13.038404 	15.524175 	19.646883 	13.601471 	13.928389 	18.027756 	14.212670 	15.620500 	3.605551 	4.123106 	2.236068 	2.236068 	4.000000 	12.806249 	10.000000 	1.000000 	999.000000 	2.236068 	5.000000 	5.099020 	9.055386 	41.976185 	39.560081 	41.109608 	35.902645 	44.384682 	42.544094 	43.657761 	38.639359 	42.059483 	39.812057 	39.849716 	39.924931 	41.303753 	41.231056 	41.109608 	45.617977 	46.097721 	46.615448 	41.761227 	42.379242 	49.648766 	49.193497 	45.221676 	64.070274 	64.000000 	66.068146 	66.030296 	68.117546 	67.000000 	77.103828 	73.061615 	77.781746 	75.106590 	77.646637 	80.062477 	78.409180 	79.762146 	
57.688820 	23.430750 	25.238859 	20.615528 	24.596748 	22.360680 	20.591261 	19.697716 	16.000000 	13.038404 	12.041595 	14.142136 	21.377558 	12.165525 	12.369317 	16.124516 	12.206555 	13.601471 	5.099020 	6.000000 	3.162278 	4.000000 	6.082763 	10.630146 	7.810250 	3.162278 	2.236068 	999.000000 	7.071068 	6.082763 	10.049875 	40.261642 	38.078865 	39.560081 	36.496574 	42.720020 	41.146080 	42.154476 	39.319206 	40.816662 	40.447498 	40.261642 	40.162170 	42.107006 	41.773197 	41.484936 	44.294468 	44.721359 	45.188496 	42.201897 	42.720020 	48.104053 	47.885281 	45.607018 	62.032249 	62.008064 	64.031242 	64.007812 	66.068146 	65.007690 	74.966660 	71.028160 	75.663727 	73.061615 	75.538071 	77.929459 	76.321686 	77.646637 	
59.481091 	23.853722 	24.839485 	21.095022 	23.345236 	21.213203 	19.849434 	18.384777 	21.587032 	18.439089 	17.464249 	20.248457 	18.357559 	18.384777 	18.788294 	23.021729 	19.209373 	20.615528 	6.000000 	5.099020 	6.324555 	5.099020 	4.123106 	17.691807 	14.866069 	4.472136 	5.000000 	7.071068 	999.000000 	4.123106 	6.403124 	44.283180 	41.231056 	42.953465 	32.893768 	46.529560 	43.965897 	45.354160 	35.440090 	43.081318 	36.687874 	37.161808 	37.589893 	37.854988 	38.275318 	38.483765 	46.818798 	47.434166 	48.083260 	39.000000 	39.812057 	51.419842 	50.328918 	42.544094 	67.364677 	67.119293 	69.354164 	69.260376 	71.449280 	70.114189 	80.808418 	76.321686 	81.394104 	78.409180 	81.215759 	83.743660 	81.884064 	83.360664 	
55.470715 	27.018513 	28.284271 	24.207438 	27.018513 	24.839485 	23.345236 	22.022715 	22.022715 	19.000000 	18.000000 	20.223749 	22.360680 	18.248287 	18.439089 	21.931713 	17.888544 	19.235384 	8.062258 	7.810250 	7.280110 	6.708204 	7.071068 	15.811388 	13.038404 	5.385165 	5.099020 	6.082763 	4.123106 	999.000000 	4.000000 	40.199501 	37.107952 	38.832977 	30.805843 	42.426407 	39.849716 	41.231056 	33.541019 	39.000000 	34.713108 	34.785053 	34.928497 	36.221542 	36.138622 	36.055511 	42.720020 	43.324360 	43.965897 	36.687874 	37.336308 	47.296936 	46.238514 	40.162170 	63.505905 	63.198101 	65.490456 	65.375839 	67.601776 	66.189125 	77.129761 	72.443085 	77.665955 	74.545288 	77.466118 	80.049988 	78.089691 	79.624115 	
53.712196 	30.232433 	31.240999 	27.459061 	29.698484 	27.586229 	26.248810 	24.758837 	26.019224 	23.000000 	22.000000 	24.186773 	24.413111 	22.203604 	22.360680 	25.632011 	21.540659 	22.847319 	11.704700 	11.180340 	11.180340 	10.440307 	10.295630 	19.235384 	16.552946 	9.219544 	9.055386 	10.049875 	6.403124 	4.000000 	999.000000 	40.000000 	36.345562 	38.209946 	26.925823 	42.047592 	38.832977 	40.447498 	29.614185 	37.643059 	30.805843 	31.016125 	31.304953 	32.249031 	32.280025 	32.310989 	41.484936 	42.201897 	42.953465 	32.893768 	33.615471 	46.529560 	44.922153 	36.400551 	64.132675 	63.639610 	66.098412 	65.924202 	68.249542 	66.610809 	78.160095 	72.993149 	78.587532 	75.133217 	78.339005 	81.043198 	78.854294 	80.523285 	
23.769728 	62.241467 	64.621979 	59.615433 	64.513565 	62.297672 	60.406952 	59.774578 	46.872166 	46.141087 	45.650848 	44.102154 	61.611687 	43.046486 	42.190044 	39.204590 	37.735924 	37.443291 	45.354160 	46.097721 	43.416588 	44.147480 	45.891174 	35.355339 	36.249138 	42.953465 	41.976185 	40.261642 	44.283180 	40.199501 	40.000000 	999.000000 	6.403124 	4.472136 	42.011902 	2.828427 	8.246211 	6.000000 	44.687805 	11.704700 	44.598206 	41.012192 	38.209946 	48.166378 	43.840622 	41.036568 	11.000000 	10.049875 	9.219544 	42.449970 	41.109608 	9.219544 	13.341664 	43.416588 	25.942244 	24.698177 	27.730848 	27.313000 	29.966648 	27.513634 	41.340054 	34.176014 	41.182522 	36.400551 	40.706264 	43.908997 	40.718548 	42.941822 	
21.400934 	60.901562 	63.063461 	58.180752 	62.649822 	60.415230 	58.600342 	57.775429 	46.754681 	45.607018 	45.000000 	43.931767 	59.135437 	42.638012 	41.868843 	39.623226 	37.536648 	37.483330 	43.081318 	43.657761 	41.231056 	41.785164 	43.324360 	34.828148 	35.227829 	40.496914 	39.560081 	38.078865 	41.231056 	37.107952 	36.345562 	6.403124 	999.000000 	2.236068 	35.805027 	6.708204 	3.605551 	4.123106 	38.418747 	6.000000 	38.288380 	34.655445 	31.827662 	41.868843 	37.483330 	34.655445 	7.211102 	7.071068 	7.211102 	36.069378 	34.713108 	10.198039 	10.630146 	37.013512 	31.906113 	30.413813 	33.615471 	33.120991 	35.846897 	33.105892 	47.434166 	39.812057 	47.169907 	42.047592 	46.647614 	49.929951 	46.529560 	48.877399 	
21.095022 	62.177166 	64.404968 	59.481091 	64.078079 	61.846584 	60.008331 	59.236813 	47.634022 	46.615448 	46.043457 	44.821869 	60.728905 	43.600460 	42.801868 	40.311287 	38.418747 	38.288380 	44.598206 	45.221676 	42.720020 	43.324360 	44.922153 	35.805027 	36.359318 	42.059483 	41.109608 	39.560081 	42.953465 	38.832977 	38.209946 	4.472136 	2.236068 	999.000000 	38.013157 	4.472136 	4.000000 	2.828427 	40.607880 	7.280110 	40.459858 	36.796738 	33.941124 	44.045429 	39.623226 	36.769554 	7.280110 	6.708204 	6.403124 	38.183765 	36.796738 	8.544003 	10.295630 	39.051247 	29.681644 	28.178005 	31.384710 	30.886890 	33.615471 	30.870699 	45.221676 	37.576588 	44.944408 	39.812057 	44.418465 	47.707443 	44.294468 	46.647614 	
42.190044 	56.364883 	56.824291 	53.712196 	54.708317 	52.839378 	51.884487 	50.119858 	52.345009 	49.497475 	48.507732 	50.159744 	48.259712 	48.166378 	48.093658 	50.039986 	46.010868 	47.042534 	38.600517 	37.947330 	38.078865 	37.363083 	37.000000 	43.046486 	41.000000 	36.138622 	35.902645 	36.496574 	32.893768 	30.805843 	26.925823 	42.011902 	35.805027 	38.013157 	999.000000 	42.438190 	35.846897 	38.587563 	3.162278 	32.649654 	4.000000 	5.000000 	7.280110 	6.708204 	5.385165 	6.403124 	36.249138 	37.576588 	38.910152 	6.403124 	7.810250 	43.382023 	38.275318 	10.000000 	67.675697 	66.037865 	69.339745 	68.796799 	71.561165 	68.600288 	83.234612 	75.292763 	82.927681 	77.524193 	82.377182 	85.702972 	82.152298 	84.599052 	
21.189621 	64.884514 	67.230942 	62.241467 	67.067131 	64.845970 	62.968246 	62.297672 	49.648766 	48.877399 	48.373547 	46.872166 	64.031242 	45.793011 	44.944408 	42.011902 	40.496914 	40.224369 	47.801674 	48.507732 	45.880280 	46.572525 	48.270073 	38.078865 	38.910152 	45.354160 	44.384682 	42.720020 	46.529560 	42.426407 	42.047592 	2.828427 	6.708204 	4.472136 	42.438190 	999.000000 	7.211102 	4.472136 	45.000000 	10.816654 	44.821869 	41.109608 	38.209946 	48.414875 	43.931767 	41.036568 	9.219544 	8.062258 	7.000000 	42.449970 	41.012192 	6.403124 	11.045361 	43.185646 	25.238859 	23.706539 	26.925823 	26.419689 	29.154760 	26.400757 	40.804413 	33.105892 	40.496914 	35.341194 	39.962482 	43.266617 	39.824615 	42.190044 	
17.804493 	64.140472 	66.241982 	61.400326 	65.741920 	63.505905 	61.717098 	60.835846 	50.249378 	49.040798 	48.414875 	47.423622 	62.032249 	46.097721 	45.343136 	43.185646 	41.036568 	41.012192 	46.097721 	46.615448 	44.283180 	44.777225 	46.238514 	38.288380 	38.600517 	43.462627 	42.544094 	41.146080 	43.965897 	39.849716 	38.832977 	8.246211 	3.605551 	4.000000 	35.846897 	7.211102 	999.000000 	2.828427 	38.275318 	3.605551 	38.013157 	34.205261 	31.240999 	41.617306 	37.013512 	34.058773 	3.605551 	3.605551 	4.123106 	35.468296 	33.970577 	8.062258 	7.071068 	36.069378 	32.015621 	30.232433 	33.600594 	33.015148 	35.805027 	32.756680 	47.634022 	39.446167 	47.201694 	41.677334 	46.615448 	50.000000 	46.324940 	48.826221 	
18.357559 	64.884514 	67.082039 	62.177166 	66.708321 	64.474800 	62.649822 	61.846584 	50.447994 	49.406479 	48.826221 	47.634022 	63.245552 	46.400433 	45.607018 	43.139309 	41.231056 	41.109608 	47.169907 	47.759815 	45.310043 	45.880280 	47.434166 	38.600517 	39.115215 	44.598206 	43.657761 	42.154476 	45.354160 	41.231056 	40.447498 	6.000000 	4.123106 	2.828427 	38.587563 	4.472136 	2.828427 	999.000000 	41.048752 	6.403124 	40.804413 	37.013512 	34.058773 	44.407207 	39.824615 	36.878178 	5.000000 	4.123106 	3.605551 	38.288380 	36.796738 	6.082763 	7.615773 	38.897301 	29.206163 	27.459061 	30.805843 	30.232433 	33.015148 	30.016663 	44.821869 	36.715118 	44.407207 	38.948685 	43.829212 	47.201694 	43.566040 	46.043457 	
43.566040 	58.694122 	59.033890 	56.080299 	56.824291 	55.009090 	54.129475 	52.325901 	55.226807 	52.345009 	51.351727 	53.084839 	50.249378 	51.088158 	51.039200 	53.084839 	49.040798 	50.089920 	41.231056 	40.521599 	40.792156 	40.024994 	39.560081 	46.097721 	44.011364 	38.832977 	38.639359 	39.319206 	35.440090 	33.541019 	29.614185 	44.687805 	38.418747 	40.607880 	3.162278 	45.000000 	38.275318 	41.048752 	999.000000 	34.985710 	1.414214 	5.000000 	8.062258 	3.605551 	3.605551 	6.082763 	38.470768 	39.824615 	41.182522 	5.385165 	7.280110 	45.650848 	40.311287 	8.602325 	70.213959 	68.505478 	71.847061 	71.281136 	74.060783 	71.021126 	85.802101 	77.698135 	85.445892 	79.924965 	84.876381 	88.232651 	84.599052 	87.091904 	
17.029387 	64.070274 	66.037865 	61.294373 	65.368187 	63.134777 	61.400326 	60.415230 	50.931328 	49.517673 	48.836460 	48.104053 	61.326992 	46.669048 	45.967381 	44.204071 	41.773197 	41.868843 	45.650848 	46.065170 	43.908997 	44.294468 	45.617977 	38.897301 	38.948685 	42.941822 	42.059483 	40.816662 	43.081318 	39.000000 	37.643059 	11.704700 	6.000000 	7.280110 	32.649654 	10.816654 	3.605551 	6.403124 	34.985710 	999.000000 	34.669872 	30.805843 	27.802877 	38.275318 	33.600594 	30.610456 	4.000000 	5.099020 	6.324555 	32.015621 	30.479502 	10.770329 	7.280110 	32.526913 	35.468296 	33.600594 	37.013512 	36.400551 	39.204590 	36.055511 	51.088158 	42.720020 	50.606323 	44.944408 	50.000000 	53.413483 	49.648766 	52.201534 	
42.755116 	60.008331 	60.373837 	57.384666 	58.180752 	56.356010 	55.461697 	53.665630 	56.320511 	53.460266 	52.469040 	54.147945 	51.623638 	52.153618 	52.086468 	54.037025 	50.009998 	51.039200 	42.449970 	41.761227 	41.976185 	41.231056 	40.804413 	47.042534 	45.000000 	40.024994 	39.812057 	40.447498 	36.687874 	34.713108 	30.805843 	44.598206 	38.288380 	40.459858 	4.000000 	44.821869 	38.013157 	40.804413 	1.414214 	34.669872 	999.000000 	4.123106 	7.280110 	3.605551 	2.236068 	5.000000 	38.078865 	39.446167 	40.816662 	4.123106 	6.082763 	45.276924 	39.812057 	7.211102 	70.000000 	68.242218 	71.610054 	71.028160 	73.817345 	70.724815 	85.603737 	77.388626 	85.211502 	79.611557 	84.628601 	88.005684 	84.314888 	86.838928 	
38.639359 	60.827625 	61.400326 	58.137768 	59.363289 	57.454330 	56.435802 	54.708317 	55.901699 	53.150730 	52.172791 	53.600372 	53.009434 	51.623638 	51.478149 	53.037724 	49.091751 	50.039986 	42.720020 	42.154476 	42.059483 	41.436699 	41.231056 	46.043457 	44.181442 	40.162170 	39.849716 	40.261642 	37.161808 	34.785053 	31.016125 	41.012192 	34.655445 	36.796738 	5.000000 	41.109608 	34.205261 	37.013512 	5.000000 	30.805843 	4.123106 	999.000000 	3.162278 	7.615773 	2.828427 	1.414214 	34.132095 	35.510563 	36.891735 	2.000000 	2.828427 	41.340054 	35.777088 	5.385165 	66.219330 	64.404968 	67.801178 	67.201187 	70.000000 	66.850578 	81.835197 	73.498299 	81.400246 	75.716576 	80.802231 	84.202141 	80.448738 	83.006027 	
35.510563 	61.400326 	62.128899 	58.668560 	60.216278 	58.249462 	57.140179 	55.470715 	55.542778 	52.886673 	51.923019 	53.150730 	54.037025 	51.195702 	50.990196 	52.239830 	48.373547 	49.254440 	42.953465 	42.485291 	42.154476 	41.629318 	41.593269 	45.276924 	43.566040 	40.311287 	39.924931 	40.162170 	37.589893 	34.928497 	31.304953 	38.209946 	31.827662 	33.941124 	7.280110 	38.209946 	31.240999 	34.058773 	8.062258 	27.802877 	7.280110 	3.162278 	999.000000 	10.770329 	5.830952 	2.828427 	31.064449 	32.449963 	33.837849 	4.242640 	3.162278 	38.275318 	32.649654 	6.082763 	63.253460 	61.400326 	64.815125 	64.202805 	67.007462 	63.820061 	78.873314 	70.455658 	78.409180 	72.670486 	77.801025 	81.215759 	77.420929 	80.000000 	
46.097721 	60.745369 	60.926186 	58.189346 	58.600342 	56.859474 	56.080299 	54.230988 	58.077534 	55.145264 	54.147945 	56.008926 	51.884487 	54.009258 	54.000000 	56.222771 	52.153618 	53.235325 	43.737854 	42.953465 	43.416588 	42.579338 	41.976185 	49.254440 	47.095646 	41.436699 	41.303753 	42.107006 	37.854988 	36.221542 	32.249031 	48.166378 	41.868843 	44.045429 	6.708204 	48.414875 	41.617306 	44.407207 	3.605551 	38.275318 	3.605551 	7.615773 	10.770329 	999.000000 	5.099020 	8.246211 	41.677334 	43.046486 	44.418465 	7.071068 	9.055386 	48.877399 	43.382023 	9.219544 	73.600273 	71.847061 	75.213028 	74.632431 	77.420929 	74.330345 	89.202019 	80.993828 	88.814415 	83.216583 	88.232651 	91.607857 	87.920418 	90.443352 	
41.000000 	61.741398 	62.177166 	59.093147 	60.033325 	58.180752 	57.245087 	55.470715 	57.558666 	54.744862 	53.758720 	55.326305 	53.535034 	53.338543 	53.235325 	55.000000 	51.009804 	52.000000 	43.965897 	43.324360 	43.416588 	42.720020 	42.379242 	48.000000 	46.043457 	41.484936 	41.231056 	41.773197 	38.275318 	36.138622 	32.280025 	43.840622 	37.483330 	39.623226 	5.385165 	43.931767 	37.013512 	39.824615 	3.605551 	33.600594 	2.236068 	2.828427 	5.830952 	5.099020 	999.000000 	3.162278 	36.891735 	38.275318 	39.661064 	2.000000 	4.000000 	44.102154 	38.470768 	5.000000 	69.028976 	67.201187 	70.604530 	70.000000 	72.801102 	69.634758 	84.646324 	76.275818 	84.202141 	78.492035 	83.600243 	87.005745 	83.234612 	85.802101 	
37.854988 	62.177166 	62.769421 	59.481091 	60.745369 	58.830265 	57.801384 	56.080299 	57.070133 	54.341511 	53.366657 	54.744862 	54.405884 	52.773098 	52.611786 	54.083271 	50.159744 	51.088158 	44.011364 	43.462627 	43.324360 	42.720020 	42.544094 	47.095646 	45.276924 	41.436699 	41.109608 	41.484936 	38.483765 	36.055511 	32.310989 	41.036568 	34.655445 	36.769554 	6.403124 	41.036568 	34.058773 	36.878178 	6.082763 	30.610456 	5.000000 	1.414214 	2.828427 	8.246211 	3.162278 	999.000000 	33.837849 	35.227829 	36.619667 	1.414214 	1.414214 	41.048752 	35.355339 	4.123106 	66.068146 	64.202805 	67.623962 	67.007462 	69.814041 	66.610809 	81.688431 	73.239334 	81.215759 	75.451973 	80.603973 	84.023804 	80.212219 	82.800964 	
14.212670 	67.416618 	69.462219 	64.660652 	68.883957 	66.648331 	64.884514 	63.953106 	53.758720 	52.497620 	51.855568 	50.931328 	65.000000 	49.578220 	48.836460 	46.754681 	44.553337 	44.553337 	49.193497 	49.658836 	47.413078 	47.853943 	49.244289 	41.773197 	42.011902 	46.518814 	45.617977 	44.294468 	46.818798 	42.720020 	41.484936 	11.000000 	7.211102 	7.280110 	36.249138 	9.219544 	3.605551 	5.000000 	38.470768 	4.000000 	38.078865 	34.132095 	31.064449 	41.677334 	36.891735 	33.837849 	999.000000 	1.414214 	2.828427 	35.227829 	33.600594 	7.211102 	3.605551 	35.468296 	32.526913 	30.479502 	33.970577 	33.301651 	36.124783 	32.802441 	48.104053 	39.408119 	47.507893 	41.617306 	46.861500 	50.328918 	46.400433 	49.040798 	
14.422205 	67.742157 	69.835518 	65.000000 	69.318108 	67.082039 	65.299309 	64.404968 	53.814495 	52.630791 	52.009613 	50.990196 	65.551506 	49.678970 	48.918301 	46.690472 	44.598206 	44.553337 	49.658836 	50.159744 	47.853943 	48.332184 	49.769470 	41.868843 	42.201897 	47.010635 	46.097721 	44.721359 	47.434166 	43.324360 	42.201897 	10.049875 	7.071068 	6.708204 	37.576588 	8.062258 	3.605551 	4.123106 	39.824615 	5.099020 	39.446167 	35.510563 	32.449963 	43.046486 	38.275318 	35.227829 	1.414214 	999.000000 	1.414214 	36.619667 	35.000000 	5.830952 	3.605551 	36.878178 	31.112698 	29.068884 	32.557640 	31.890438 	34.713108 	31.400637 	46.690472 	38.013157 	46.097721 	40.224369 	45.453274 	48.918301 	45.000000 	47.634022 	
14.764823 	68.095520 	70.235321 	65.368187 	69.778221 	67.542580 	65.741920 	64.884514 	53.907330 	52.801514 	52.201534 	51.088158 	66.128662 	49.819675 	49.040798 	46.669048 	44.687805 	44.598206 	50.159744 	50.695168 	48.332184 	48.846699 	50.328918 	42.011902 	42.438190 	47.539455 	46.615448 	45.188496 	48.083260 	43.965897 	42.953465 	9.219544 	7.211102 	6.403124 	38.910152 	7.000000 	4.123106 	3.605551 	41.182522 	6.324555 	40.816662 	36.891735 	33.837849 	44.418465 	39.661064 	36.619667 	2.828427 	1.414214 	999.000000 	38.013157 	36.400551 	4.472136 	4.123106 	38.288380 	29.698484 	27.658634 	31.144823 	30.479502 	33.301651 	30.000000 	45.276924 	36.619667 	44.687805 	38.832977 	44.045429 	47.507893 	43.600460 	46.227695 	
39.051247 	62.609905 	63.134777 	59.933296 	61.057350 	59.169250 	58.180752 	56.435802 	57.870544 	55.108982 	54.129475 	55.578773 	54.644306 	53.600372 	53.460266 	55.036350 	51.088158 	52.038448 	44.598206 	44.011364 	43.965897 	43.324360 	43.081318 	48.041649 	46.173584 	42.059483 	41.761227 	42.201897 	39.000000 	36.687874 	32.893768 	42.449970 	36.069378 	38.183765 	6.403124 	42.449970 	35.468296 	38.288380 	5.385165 	32.015621 	4.123106 	2.000000 	4.242640 	7.071068 	2.000000 	1.414214 	35.227829 	36.619667 	38.013157 	999.000000 	2.000000 	42.438190 	36.715118 	3.605551 	67.475922 	65.604881 	69.028976 	68.410522 	71.217972 	68.007355 	83.096329 	74.632431 	82.619614 	76.843994 	82.006096 	85.428329 	81.608826 	84.202141 	
37.107952 	63.529522 	64.140472 	60.827625 	62.128899 	60.207973 	59.169250 	57.454330 	58.249462 	55.542778 	54.571056 	55.901699 	55.803226 	53.935146 	53.758720 	55.145264 	51.244511 	52.153618 	45.310043 	44.777225 	44.598206 	44.011364 	43.863426 	48.166378 	46.389652 	42.720020 	42.379242 	42.720020 	39.812057 	37.336308 	33.615471 	41.109608 	34.713108 	36.796738 	7.810250 	41.012192 	33.970577 	36.796738 	7.280110 	30.479502 	6.082763 	2.828427 	3.162278 	9.055386 	4.000000 	1.414214 	33.600594 	35.000000 	36.400551 	2.000000 	999.000000 	40.804413 	34.985710 	3.000000 	65.946945 	64.031242 	67.475922 	66.843102 	69.656296 	66.400299 	81.565926 	73.006851 	81.055534 	75.213028 	80.430092 	83.868942 	80.000000 	82.619614 	
15.297058 	70.661163 	72.917763 	67.977936 	72.615425 	70.384659 	68.541962 	67.779053 	55.803226 	54.918121 	54.378304 	53.009434 	69.260376 	51.865211 	51.039200 	48.270073 	46.615448 	46.400433 	53.141319 	53.758720 	51.264023 	51.865211 	53.450912 	44.102154 	44.777225 	50.596443 	49.648766 	48.104053 	51.419842 	47.296936 	46.529560 	9.219544 	10.198039 	8.544003 	43.382023 	6.403124 	8.062258 	6.082763 	45.650848 	10.770329 	45.276924 	41.340054 	38.275318 	48.877399 	44.102154 	41.048752 	7.211102 	5.830952 	4.472136 	42.438190 	40.804413 	999.000000 	6.708204 	42.638012 	25.495098 	23.345236 	26.870058 	26.172504 	29.000000 	25.612497 	41.012192 	32.202484 	40.360870 	34.409302 	39.698868 	43.185646 	39.204590 	41.868843 	
10.816654 	71.021126 	73.061615 	68.264191 	72.470680 	70.235321 	68.476273 	67.535179 	57.314919 	56.080299 	55.443665 	54.488529 	68.541962 	53.150730 	52.402290 	50.249378 	48.104053 	48.083260 	52.773098 	53.225933 	51.000000 	51.429562 	52.801514 	45.343136 	45.607018 	50.089920 	49.193497 	47.885281 	50.328918 	46.238514 	44.922153 	13.341664 	10.630146 	10.295630 	38.275318 	11.045361 	7.071068 	7.615773 	40.311287 	7.280110 	39.812057 	35.777088 	32.649654 	43.382023 	38.470768 	35.355339 	3.605551 	3.605551 	4.123106 	36.715118 	34.985710 	6.708204 	999.000000 	36.619667 	32.015621 	29.732138 	33.301651 	32.557640 	35.383614 	31.827662 	47.423622 	38.288380 	46.669048 	40.459858 	45.967381 	49.497475 	45.343136 	48.104053 	
