Total assets = 552
Number of asset nodes = 34

Distance:
999.000000 	21.095022 	40.804413 	61.294373 	73.552704 	18.867962 	93.723000 	47.507893 	24.083189 	6.082763 	32.893768 	62.201286 	34.828148 	21.023796 	86.278618 	16.124516 	15.231546 	29.068884 	80.808418 	38.897301 	75.000000 	31.622776 	27.892651 	30.594116 	30.413813 	41.436699 	26.400757 	31.400637 	29.000000 	28.635643 	58.694122 	62.361847 	33.286633 	46.389652 	36.235340 	53.000000 	46.572525 	47.539455 	39.623226 	61.204575 	61.000000 	43.863426 	52.478565 	57.271286 	56.435802 	59.615433 	65.306969 	
21.095022 	999.000000 	61.854668 	40.249222 	94.111633 	9.433981 	113.899078 	26.907248 	43.965897 	24.041630 	13.000000 	82.134033 	55.172459 	40.261642 	106.962608 	32.140316 	24.186773 	15.811388 	101.671036 	59.615433 	96.020828 	20.615528 	45.177429 	22.472204 	23.021729 	61.400326 	42.000000 	49.365982 	25.455845 	29.410883 	79.056938 	82.873398 	39.812057 	64.195015 	44.384682 	71.847061 	63.007935 	64.007812 	48.466484 	80.603973 	79.762146 	53.488316 	65.000000 	71.196907 	69.123077 	73.979729 	78.854294 	
40.804413 	61.854668 	999.000000 	101.872467 	34.132095 	58.728188 	55.072678 	88.238312 	23.769728 	38.470768 	72.945183 	26.305893 	11.401754 	27.730848 	46.227695 	37.215588 	46.615448 	67.941154 	40.311287 	12.649111 	34.205261 	69.028976 	31.575306 	66.610809 	66.030296 	19.697716 	36.138622 	29.068884 	62.433964 	58.591808 	26.000000 	27.892651 	54.120235 	32.695564 	52.952808 	31.240999 	37.947330 	38.275318 	53.338543 	33.837849 	36.878178 	54.009258 	52.392746 	51.623638 	54.405884 	51.894123 	58.137768 	
61.294373 	40.249222 	101.872467 	999.000000 	133.225372 	45.880280 	152.305618 	18.110771 	83.934502 	63.513779 	29.206163 	120.507263 	94.403389 	80.056229 	146.208755 	71.168816 	61.846584 	41.109608 	141.240936 	99.809822 	135.911743 	44.011364 	83.934502 	48.010414 	49.010204 	101.242287 	80.049988 	88.323273 	54.000000 	60.008331 	119.037811 	122.930878 	72.006943 	102.610916 	77.006493 	110.860275 	100.448990 	101.434708 	81.000000 	119.920807 	118.600166 	86.005814 	99.020203 	106.117859 	103.004852 	109.165016 	113.004425 	
73.552704 	94.111633 	34.132095 	133.225372 	999.000000 	92.097771 	21.023796 	120.933868 	57.706154 	70.092796 	104.019226 	14.317822 	38.948685 	61.773781 	13.038404 	71.344238 	80.709358 	101.671036 	10.000000 	43.324360 	12.041595 	103.004852 	64.621979 	100.687637 	100.124924 	48.052055 	69.462219 	61.351448 	96.566040 	92.660675 	39.458839 	37.107952 	87.464279 	59.211487 	85.702972 	53.037724 	65.276337 	65.192024 	85.440041 	49.030602 	53.935146 	85.146935 	80.224686 	77.006493 	81.024689 	76.105194 	81.394104 	
18.867962 	9.433981 	58.728188 	45.880280 	92.097771 	999.000000 	112.445541 	30.016663 	38.470768 	23.769728 	21.587032 	81.024689 	53.600372 	34.438351 	104.690018 	25.298222 	16.124516 	10.440307 	99.005051 	54.708317 	92.849342 	14.000000 	38.078865 	14.560220 	14.866069 	55.542778 	34.365681 	42.449970 	16.401220 	20.000000 	73.409805 	77.388626 	30.463093 	56.885849 	35.114101 	65.000000 	55.145264 	56.142673 	39.217342 	74.040527 	72.780495 	44.271889 	56.089214 	62.514000 	60.207973 	65.375839 	70.035706 	
93.723000 	113.899078 	55.072678 	152.305618 	21.023796 	112.445541 	999.000000 	140.801285 	78.714676 	89.872131 	123.166557 	31.827662 	58.898216 	82.764725 	12.165525 	92.282173 	101.548019 	122.200653 	19.026299 	64.257294 	27.000000 	123.709335 	85.615417 	121.490738 	120.950401 	68.680420 	90.470993 	82.280006 	117.477661 	113.648582 	58.077534 	55.000000 	108.461975 	79.246452 	106.625511 	72.339478 	85.328773 	85.158676 	106.254410 	67.007462 	72.006943 	105.773346 	100.129913 	96.332756 	100.603180 	95.131485 	100.004997 	
47.507893 	26.907248 	88.238312 	18.110771 	120.933868 	30.016663 	140.801285 	999.000000 	68.476273 	50.931328 	20.615528 	109.041275 	82.024384 	64.412735 	133.734818 	55.036350 	45.310043 	23.537205 	128.316010 	84.723076 	122.441826 	26.019224 	67.416618 	30.016663 	31.016125 	85.428329 	63.245552 	71.867935 	36.055511 	42.107006 	103.315056 	107.331261 	54.083271 	85.726311 	59.076221 	94.244362 	83.198555 	84.172440 	63.031738 	103.464973 	101.833199 	68.007355 	81.098709 	88.277969 	85.052925 	91.350975 	95.047356 	
24.083189 	43.965897 	23.769728 	83.934502 	57.706154 	38.470768 	78.714676 	68.476273 	999.000000 	25.317978 	56.515484 	49.729267 	25.079872 	4.242640 	69.339745 	14.142136 	24.083189 	46.400433 	63.007935 	16.401220 	56.080299 	46.690472 	9.486833 	43.863426 	43.185646 	17.464249 	13.000000 	9.899495 	39.204590 	34.985710 	35.114101 	39.000000 	30.594116 	23.409399 	30.016663 	29.068884 	25.238859 	26.076809 	31.144823 	37.121422 	37.054016 	32.984844 	35.805027 	38.209946 	39.051247 	39.824615 	46.097721 	
6.082763 	24.041630 	38.470768 	63.513779 	70.092796 	23.769728 	89.872131 	50.931328 	25.317978 	999.000000 	34.481880 	58.137768 	31.144823 	23.086792 	82.975899 	20.518284 	21.189621 	34.176014 	77.801025 	38.470768 	72.401657 	37.107952 	30.870699 	36.345562 	36.221542 	42.000000 	30.232433 	33.837849 	35.014282 	34.713108 	58.549126 	61.983868 	38.948685 	48.507732 	41.617306 	54.332310 	49.396355 	50.328918 	44.821869 	62.008064 	62.289646 	48.836460 	56.612720 	60.901562 	60.464867 	63.063461 	68.963760 	
32.893768 	13.000000 	72.945183 	29.206163 	104.019226 	21.587032 	123.166557 	20.615528 	56.515484 	34.481880 	999.000000 	91.350975 	65.215027 	52.952808 	117.004272 	45.099888 	37.121422 	23.430750 	112.071404 	71.784401 	106.850365 	28.319605 	58.137768 	31.400637 	32.202484 	73.979729 	55.000000 	62.289646 	35.846897 	40.718548 	91.482239 	95.210297 	51.865211 	77.162170 	56.612720 	84.717178 	76.006577 	77.006493 	60.728905 	93.380943 	92.655273 	65.802734 	77.665955 	84.011902 	81.786308 	86.833176 	91.591484 	
62.201286 	82.134033 	26.305893 	120.507263 	14.317822 	81.024689 	31.827662 	109.041275 	49.729267 	58.137768 	91.350975 	999.000000 	27.459061 	53.450912 	26.925823 	62.393909 	71.112587 	90.972527 	24.186773 	38.000000 	23.537205 	92.784698 	57.870544 	90.824005 	90.354858 	44.181442 	62.369865 	55.326305 	87.235313 	83.934502 	41.182522 	40.224369 	80.280754 	56.718605 	79.246452 	52.497620 	62.514000 	62.649822 	79.630394 	51.000000 	55.461697 	80.156097 	77.414467 	75.504967 	78.917679 	75.186432 	81.043198 	
34.828148 	55.172459 	11.401754 	94.403389 	38.948685 	53.600372 	58.898216 	82.024384 	25.079872 	31.144823 	65.215027 	27.459061 	999.000000 	28.017851 	51.855568 	35.902645 	44.011364 	63.513779 	46.872166 	21.213203 	42.047592 	65.368187 	34.365681 	63.505905 	63.071388 	28.319605 	38.052597 	33.241539 	60.166435 	57.280014 	37.336308 	39.293766 	55.145264 	40.804413 	55.009090 	41.109608 	45.276924 	45.793011 	56.222771 	44.777225 	47.434166 	57.870544 	58.694122 	59.169250 	61.269894 	59.908264 	66.287254 	
21.023796 	40.261642 	27.730848 	80.056229 	61.773781 	34.438351 	82.764725 	64.412735 	4.242640 	23.086792 	52.952808 	53.450912 	28.017851 	999.000000 	73.498299 	9.899495 	19.849434 	42.201897 	67.201187 	20.615528 	60.307545 	42.449970 	8.485281 	39.623226 	38.948685 	21.189621 	10.440307 	10.770329 	35.000000 	30.886890 	39.000000 	42.953465 	27.166155 	25.495098 	27.073973 	32.015621 	26.400757 	27.313000 	28.635643 	40.447498 	40.012497 	31.016125 	35.383614 	38.600517 	38.897301 	40.496914 	46.615448 	
86.278618 	106.962608 	46.227695 	146.208755 	13.038404 	104.690018 	12.165525 	133.734818 	69.339745 	82.975899 	117.004272 	26.925823 	51.855568 	73.498299 	999.000000 	83.234612 	92.800865 	114.109596 	7.071068 	54.120235 	15.132746 	115.256233 	75.591003 	112.800713 	112.200714 	57.939625 	80.529495 	72.013885 	108.466583 	104.307236 	46.270943 	43.046486 	98.386993 	67.911705 	96.254868 	60.671246 	73.979729 	73.756355 	95.634720 	55.009090 	60.008331 	94.868332 	88.645363 	84.593147 	88.955048 	83.294655 	88.051125 	
16.124516 	32.140316 	37.215588 	71.168816 	71.344238 	25.298222 	92.282173 	55.036350 	14.142136 	20.518284 	45.099888 	62.393909 	35.902645 	9.899495 	83.234612 	999.000000 	10.000000 	32.449963 	77.006493 	30.479502 	70.178345 	32.557640 	13.038404 	29.732138 	29.068884 	30.413813 	10.440307 	17.262676 	25.238859 	21.540659 	48.301140 	52.354561 	20.396078 	32.062439 	21.931713 	39.812057 	31.257000 	32.249031 	24.698177 	48.764740 	47.675991 	28.425341 	36.359318 	41.231056 	40.311287 	43.657761 	49.244289 	
15.231546 	24.186773 	46.615448 	61.846584 	80.709358 	16.124516 	101.548019 	45.310043 	24.083189 	21.189621 	37.121422 	71.112587 	44.011364 	19.849434 	92.800865 	10.000000 	999.000000 	22.472204 	86.683334 	40.459858 	79.981247 	22.627417 	22.135944 	20.000000 	19.416489 	40.311287 	18.248287 	26.570660 	16.155495 	14.000000 	58.180752 	62.265560 	18.439089 	40.792156 	22.022715 	49.040798 	39.051247 	40.049969 	25.806976 	58.189346 	56.753853 	30.528675 	41.109608 	47.074409 	45.221676 	49.819675 	54.817879 	
29.068884 	15.811388 	67.941154 	41.109608 	101.671036 	10.440307 	122.200653 	23.537205 	46.400433 	34.176014 	23.430750 	90.972527 	63.513779 	42.201897 	114.109596 	32.449963 	22.472204 	999.000000 	108.245094 	62.801273 	101.833199 	5.000000 	44.283180 	8.062258 	8.944272 	62.769421 	39.924931 	48.754486 	13.341664 	19.104973 	80.622574 	84.723076 	31.064449 	62.297672 	36.055511 	70.936592 	59.665737 	60.638271 	40.112343 	80.230919 	78.434685 	45.177429 	58.008621 	65.030762 	62.032249 	68.066147 	72.027771 	
80.808418 	101.671036 	40.311287 	141.240936 	10.000000 	99.005051 	19.026299 	128.316010 	63.007935 	77.801025 	112.071404 	24.186773 	46.872166 	67.201187 	7.071068 	77.006493 	86.683334 	108.245094 	999.000000 	47.507893 	8.062258 	109.224541 	68.963760 	106.667709 	106.042442 	51.078373 	73.925636 	65.299309 	102.200783 	97.908119 	39.204590 	36.013885 	91.706055 	60.876926 	89.470665 	53.600372 	66.940269 	66.708321 	88.769363 	48.000000 	53.000000 	87.920418 	81.584312 	77.524193 	81.884064 	76.236473 	81.024689 	
38.897301 	59.615433 	12.649111 	99.809822 	43.324360 	54.708317 	64.257294 	84.723076 	16.401220 	38.470768 	71.784401 	38.000000 	21.213203 	20.615528 	54.120235 	30.479502 	40.459858 	62.801273 	47.507893 	999.000000 	40.224369 	63.031738 	21.470911 	60.108234 	59.396969 	7.211102 	26.419689 	18.027756 	55.226807 	50.606323 	20.099751 	23.537205 	44.283180 	20.124611 	42.379242 	20.000000 	25.298222 	25.632011 	42.201897 	25.000000 	26.832815 	42.296574 	39.812057 	39.000000 	41.761227 	39.357338 	45.650848 	
75.000000 	96.020828 	34.205261 	135.911743 	12.041595 	92.849342 	27.000000 	122.441826 	56.080299 	72.401657 	106.850365 	23.537205 	42.047592 	60.307545 	15.132746 	70.178345 	79.981247 	101.833199 	8.062258 	40.224369 	999.000000 	102.591423 	61.587337 	99.904953 	99.247169 	43.382023 	66.573265 	57.801384 	95.268044 	90.801979 	31.144823 	28.000000 	84.219948 	52.886673 	81.841309 	45.541191 	58.940647 	58.694122 	81.024689 	40.012497 	45.011108 	80.056229 	73.545906 	69.462219 	73.824112 	68.183578 	73.006851 	
31.622776 	20.615528 	69.028976 	44.011364 	103.004852 	14.000000 	123.709335 	26.019224 	46.690472 	37.107952 	28.319605 	92.784698 	65.368187 	42.449970 	115.256233 	32.557640 	22.627417 	5.000000 	109.224541 	63.031738 	102.591423 	999.000000 	43.566040 	4.000000 	5.000000 	62.425957 	38.948685 	48.020828 	10.049875 	16.124516 	80.156097 	84.314888 	28.071337 	60.926186 	33.060551 	69.778221 	57.870544 	58.821766 	37.013512 	79.158073 	77.077881 	42.000000 	55.081757 	62.289646 	59.033890 	65.375839 	69.028976 	
27.892651 	45.177429 	31.575306 	83.934502 	64.621979 	38.078865 	85.615417 	67.416618 	9.486833 	30.870699 	58.137768 	57.870544 	34.365681 	8.485281 	75.591003 	13.038404 	22.135944 	44.283180 	68.963760 	21.470911 	61.587337 	43.566040 	999.000000 	40.224369 	39.408119 	19.104973 	5.000000 	4.472136 	34.828148 	29.698484 	36.619667 	40.804413 	22.847319 	19.026299 	21.377558 	26.925823 	18.681541 	19.646883 	22.000000 	36.055511 	34.713108 	23.537205 	26.907248 	30.232433 	30.413813 	32.249031 	38.275318 	
30.594116 	22.472204 	66.610809 	48.010414 	100.687637 	14.560220 	121.490738 	30.016663 	43.863426 	36.345562 	31.400637 	90.824005 	63.505905 	39.623226 	112.800713 	29.732138 	20.000000 	8.062258 	106.667709 	60.108234 	99.904953 	4.000000 	40.224369 	999.000000 	1.000000 	59.203041 	35.510563 	44.654228 	6.082763 	12.165525 	76.843994 	81.024689 	24.083189 	57.271286 	29.068884 	66.189125 	54.083271 	55.027267 	33.015148 	75.591003 	73.409805 	38.000000 	51.088158 	58.309521 	55.036350 	61.400326 	65.030762 	
30.413813 	23.021729 	66.030296 	49.010204 	100.124924 	14.866069 	120.950401 	31.016125 	43.185646 	36.221542 	32.202484 	90.354858 	63.071388 	38.948685 	112.200714 	29.068884 	19.416489 	8.944272 	106.042442 	59.396969 	99.247169 	5.000000 	39.408119 	1.000000 	999.000000 	58.412327 	34.669872 	43.829212 	5.099020 	11.180340 	76.026314 	80.212219 	23.086792 	56.364883 	28.071337 	65.299309 	53.141319 	54.083271 	32.015621 	74.706093 	72.498276 	37.000000 	50.089920 	57.314919 	54.037025 	60.406952 	64.031242 	
41.436699 	61.400326 	19.697716 	101.242287 	48.052055 	55.542778 	68.680420 	85.428329 	17.464249 	42.000000 	73.979729 	44.181442 	28.319605 	21.189621 	57.939625 	30.413813 	40.311287 	62.769421 	51.078373 	7.211102 	43.382023 	62.425957 	19.104973 	59.203041 	58.412327 	999.000000 	24.041630 	14.866069 	53.907330 	48.795490 	17.888544 	21.954498 	41.048752 	13.000000 	38.470768 	13.416408 	18.439089 	18.681541 	37.696156 	20.024984 	20.880613 	37.107952 	33.241539 	31.953091 	34.928497 	32.202484 	38.470768 	
26.400757 	42.000000 	36.138622 	80.049988 	69.462219 	34.365681 	90.470993 	63.245552 	13.000000 	30.232433 	55.000000 	62.369865 	38.052597 	10.440307 	80.529495 	10.440307 	18.248287 	39.924931 	73.925636 	26.419689 	66.573265 	38.948685 	5.000000 	35.510563 	34.669872 	24.041630 	999.000000 	9.219544 	30.000000 	24.758837 	41.400482 	45.607018 	18.027756 	22.561028 	17.029387 	31.016125 	21.023796 	22.022715 	18.248287 	40.311287 	38.600517 	20.615528 	26.400757 	30.870699 	30.232433 	33.241539 	38.910152 	
31.400637 	49.365982 	29.068884 	88.323273 	61.351448 	42.449970 	82.280006 	71.867935 	9.899495 	33.837849 	62.289646 	55.326305 	33.241539 	10.770329 	72.013885 	17.262676 	26.570660 	48.754486 	65.299309 	18.027756 	57.801384 	48.020828 	4.472136 	44.654228 	43.829212 	14.866069 	9.219544 	999.000000 	39.204590 	33.970577 	32.202484 	36.400551 	26.419689 	15.033297 	24.351591 	22.561028 	15.652476 	16.552946 	24.331051 	31.622776 	30.413813 	25.019993 	26.076809 	28.319605 	29.206163 	30.000000 	36.235340 	
29.000000 	25.455845 	62.433964 	54.000000 	96.566040 	16.401220 	117.477661 	36.055511 	39.204590 	35.014282 	35.846897 	87.235313 	60.166435 	35.000000 	108.466583 	25.238859 	16.155495 	13.341664 	102.200783 	55.226807 	95.268044 	10.049875 	34.828148 	6.082763 	5.099020 	53.907330 	30.000000 	39.204590 	999.000000 	6.082763 	71.400284 	75.604233 	18.027756 	51.429562 	23.021729 	60.415230 	48.104053 	49.040798 	27.000000 	69.835518 	67.542580 	32.015621 	45.044422 	52.239830 	49.010204 	55.326305 	59.008472 	
28.635643 	29.410883 	58.591808 	60.008331 	92.660675 	20.000000 	113.648582 	42.107006 	34.985710 	34.713108 	40.718548 	83.934502 	57.280014 	30.886890 	104.307236 	21.540659 	14.000000 	19.104973 	97.908119 	50.606323 	90.801979 	16.124516 	29.698484 	12.165525 	11.180340 	48.795490 	24.758837 	33.970577 	6.082763 	999.000000 	66.068146 	70.292244 	12.000000 	45.650848 	17.000000 	54.708317 	42.154476 	43.081318 	21.023796 	64.140472 	61.717098 	26.076809 	39.012817 	46.173584 	43.000000 	49.254440 	53.000000 	
58.694122 	79.056938 	26.000000 	119.037811 	39.458839 	73.409805 	58.077534 	103.315056 	35.114101 	58.549126 	91.482239 	41.182522 	37.336308 	39.000000 	46.270943 	48.301140 	58.180752 	80.622574 	39.204590 	20.099751 	31.144823 	80.156097 	36.619667 	76.843994 	76.026314 	17.888544 	41.400482 	32.202484 	71.400284 	66.068146 	999.000000 	4.242640 	57.314919 	22.825424 	54.037025 	14.560220 	28.635643 	28.231188 	52.430908 	9.848858 	14.560220 	50.606323 	42.720020 	38.327538 	42.755116 	37.054016 	42.047592 	
62.361847 	82.873398 	27.892651 	122.930878 	37.107952 	77.388626 	55.000000 	107.331261 	39.000000 	61.983868 	95.210297 	40.224369 	39.293766 	42.953465 	43.046486 	52.354561 	62.265560 	84.723076 	36.013885 	23.537205 	28.000000 	84.314888 	40.804413 	81.024689 	80.212219 	21.954498 	45.607018 	36.400551 	75.604233 	70.292244 	4.242640 	999.000000 	61.554855 	26.925823 	58.258045 	18.384777 	32.649654 	32.202484 	56.612720 	12.041595 	17.029387 	54.708317 	46.486557 	41.773197 	46.324940 	40.311287 	45.011108 	
33.286633 	39.812057 	54.120235 	72.006943 	87.464279 	30.463093 	108.461975 	54.083271 	30.594116 	38.948685 	51.865211 	80.280754 	55.145264 	27.166155 	98.386993 	20.396078 	18.439089 	31.064449 	91.706055 	44.283180 	84.219948 	28.071337 	22.847319 	24.083189 	23.086792 	41.048752 	18.027756 	26.419689 	18.027756 	12.000000 	57.314919 	61.554855 	999.000000 	35.608986 	5.000000 	44.821869 	31.384710 	32.249031 	9.055386 	54.203320 	51.312767 	14.142136 	27.018513 	34.234486 	31.000000 	37.336308 	41.000000 	
46.389652 	64.195015 	32.695564 	102.610916 	59.211487 	56.885849 	79.246452 	85.726311 	23.409399 	48.507732 	77.162170 	56.718605 	40.804413 	25.495098 	67.911705 	32.062439 	40.792156 	62.297672 	60.876926 	20.124611 	52.886673 	60.926186 	19.026299 	57.271286 	56.364883 	13.000000 	22.561028 	15.033297 	51.429562 	45.650848 	22.825424 	26.925823 	35.608986 	999.000000 	31.827662 	9.219544 	6.082763 	6.000000 	29.832869 	18.601076 	16.155495 	27.784887 	21.023796 	18.973665 	22.203604 	19.235384 	25.553865 	
36.235340 	44.384682 	52.952808 	77.006493 	85.702972 	35.114101 	106.625511 	59.076221 	30.016663 	41.617306 	56.612720 	79.246452 	55.009090 	27.073973 	96.254868 	21.931713 	22.022715 	36.055511 	89.470665 	42.379242 	81.841309 	33.060551 	21.377558 	29.068884 	28.071337 	38.470768 	17.029387 	24.351591 	23.021729 	17.000000 	54.037025 	58.258045 	5.000000 	31.827662 	999.000000 	41.036568 	27.202942 	28.017851 	4.123106 	50.328918 	47.201694 	9.219544 	22.022715 	29.274563 	26.000000 	32.388271 	36.000000 	
53.000000 	71.847061 	31.240999 	110.860275 	53.037724 	65.000000 	72.339478 	94.244362 	29.068884 	54.332310 	84.717178 	52.497620 	41.109608 	32.015621 	60.671246 	39.812057 	49.040798 	70.936592 	53.600372 	20.000000 	45.541191 	69.778221 	26.925823 	66.189125 	65.299309 	13.416408 	31.016125 	22.561028 	60.415230 	54.708317 	14.560220 	18.384777 	44.821869 	9.219544 	41.036568 	999.000000 	14.422205 	13.892444 	38.948685 	9.433981 	8.000000 	36.619667 	28.160255 	24.020824 	28.284271 	23.086792 	28.635643 	
46.572525 	63.007935 	37.947330 	100.448990 	65.276337 	55.145264 	85.328773 	83.198555 	25.238859 	49.396355 	76.006577 	62.514000 	45.276924 	26.400757 	73.979729 	31.257000 	39.051247 	59.665737 	66.940269 	25.298222 	58.940647 	57.870544 	18.681541 	54.083271 	53.141319 	18.439089 	21.023796 	15.652476 	48.104053 	42.154476 	28.635643 	32.649654 	31.384710 	6.082763 	27.202942 	14.422205 	999.000000 	1.000000 	24.758837 	23.345236 	20.000000 	22.203604 	15.000000 	13.892444 	16.492422 	14.866069 	21.260292 	
47.539455 	64.007812 	38.275318 	101.434708 	65.192024 	56.142673 	85.158676 	84.172440 	26.076809 	50.328918 	77.006493 	62.649822 	45.793011 	27.313000 	73.756355 	32.249031 	40.049969 	60.638271 	66.708321 	25.632011 	58.694122 	58.821766 	19.646883 	55.027267 	54.083271 	18.681541 	22.022715 	16.552946 	49.040798 	43.081318 	28.231188 	32.202484 	32.249031 	6.000000 	28.017851 	13.892444 	1.000000 	999.000000 	25.495098 	22.671568 	19.209373 	22.803509 	15.033297 	13.416408 	16.278820 	14.212670 	20.615528 	
39.623226 	48.466484 	53.338543 	81.000000 	85.440041 	39.217342 	106.254410 	63.031738 	31.144823 	44.821869 	60.728905 	79.630394 	56.222771 	28.635643 	95.634720 	24.698177 	25.806976 	40.112343 	88.769363 	42.201897 	81.024689 	37.013512 	22.000000 	33.015148 	32.015621 	37.696156 	18.248287 	24.331051 	27.000000 	21.023796 	52.430908 	56.612720 	9.055386 	29.832869 	4.123106 	38.948685 	24.758837 	25.495098 	999.000000 	48.083260 	44.687805 	5.099020 	18.110771 	25.495098 	22.022715 	28.635643 	32.015621 	
61.204575 	80.603973 	33.837849 	119.920807 	49.030602 	74.040527 	67.007462 	103.464973 	37.121422 	62.008064 	93.380943 	51.000000 	44.777225 	40.447498 	55.009090 	48.764740 	58.189346 	80.230919 	48.000000 	25.000000 	40.012497 	79.158073 	36.055511 	75.591003 	74.706093 	20.024984 	40.311287 	31.622776 	69.835518 	64.140472 	9.848858 	12.041595 	54.203320 	18.601076 	50.328918 	9.433981 	23.345236 	22.671568 	48.083260 	999.000000 	5.000000 	45.453274 	35.777088 	30.364452 	35.114101 	28.635643 	33.060551 	
61.000000 	79.762146 	36.878178 	118.600166 	53.935146 	72.780495 	72.006943 	101.833199 	37.054016 	62.289646 	92.655273 	55.461697 	47.434166 	40.012497 	60.008331 	47.675991 	56.753853 	78.434685 	53.000000 	26.832815 	45.011108 	77.077881 	34.713108 	73.409805 	72.498276 	20.880613 	38.600517 	30.413813 	67.542580 	61.717098 	14.560220 	17.029387 	51.312767 	16.155495 	47.201694 	8.000000 	20.000000 	19.209373 	44.687805 	5.000000 	999.000000 	41.725292 	31.384710 	25.632011 	30.463093 	23.769728 	28.071337 	
43.863426 	53.488316 	54.009258 	86.005814 	85.146935 	44.271889 	105.773346 	68.007355 	32.984844 	48.836460 	65.802734 	80.156097 	57.870544 	31.016125 	94.868332 	28.425341 	30.528675 	45.177429 	87.920418 	42.296574 	80.056229 	42.000000 	23.537205 	38.000000 	37.000000 	37.107952 	20.615528 	25.019993 	32.015621 	26.076809 	50.606323 	54.708317 	14.142136 	27.784887 	9.219544 	36.619667 	22.203604 	22.803509 	5.099020 	45.453274 	41.725292 	999.000000 	13.341664 	20.880613 	17.117243 	24.041630 	27.073973 	
52.478565 	65.000000 	52.392746 	99.020203 	80.224686 	56.089214 	100.129913 	81.098709 	35.805027 	56.612720 	77.665955 	77.414467 	58.694122 	35.383614 	88.645363 	36.359318 	41.109608 	58.008621 	81.584312 	39.812057 	73.545906 	55.081757 	26.907248 	51.088158 	50.089920 	33.241539 	26.400757 	26.076809 	45.044422 	39.012817 	42.720020 	46.486557 	27.018513 	21.023796 	22.022715 	28.160255 	15.000000 	15.033297 	18.110771 	35.777088 	31.384710 	13.341664 	999.000000 	7.615773 	4.123106 	10.770329 	14.035668 	
57.271286 	71.196907 	51.623638 	106.117859 	77.006493 	62.514000 	96.332756 	88.277969 	38.209946 	60.901562 	84.011902 	75.504967 	59.169250 	38.600517 	84.593147 	41.231056 	47.074409 	65.030762 	77.524193 	39.000000 	69.462219 	62.289646 	30.232433 	58.309521 	57.314919 	31.953091 	30.870699 	28.319605 	52.239830 	46.173584 	38.327538 	41.773197 	34.234486 	18.973665 	29.274563 	24.020824 	13.892444 	13.416408 	25.495098 	30.364452 	25.632011 	20.880613 	7.615773 	999.000000 	5.000000 	3.162278 	8.062258 	
56.435802 	69.123077 	54.405884 	103.004852 	81.024689 	60.207973 	100.603180 	85.052925 	39.051247 	60.464867 	81.786308 	78.917679 	61.269894 	38.897301 	88.955048 	40.311287 	45.221676 	62.032249 	81.884064 	41.761227 	73.824112 	59.033890 	30.413813 	55.036350 	54.037025 	34.928497 	30.232433 	29.206163 	49.010204 	43.000000 	42.755116 	46.324940 	31.000000 	22.203604 	26.000000 	28.284271 	16.492422 	16.278820 	22.022715 	35.114101 	30.463093 	17.117243 	4.123106 	5.000000 	999.000000 	7.810250 	10.000000 	
59.615433 	73.979729 	51.894123 	109.165016 	76.105194 	65.375839 	95.131485 	91.350975 	39.824615 	63.063461 	86.833176 	75.186432 	59.908264 	40.496914 	83.294655 	43.657761 	49.819675 	68.066147 	76.236473 	39.357338 	68.183578 	65.375839 	32.249031 	61.400326 	60.406952 	32.202484 	33.241539 	30.000000 	55.326305 	49.254440 	37.054016 	40.311287 	37.336308 	19.235384 	32.388271 	23.086792 	14.866069 	14.212670 	28.635643 	28.635643 	23.769728 	24.041630 	10.770329 	3.162278 	7.810250 	999.000000 	6.403124 	
65.306969 	78.854294 	58.137768 	113.004425 	81.394104 	70.035706 	100.004997 	95.047356 	46.097721 	68.963760 	91.591484 	81.043198 	66.287254 	46.615448 	88.051125 	49.244289 	54.817879 	72.027771 	81.024689 	45.650848 	73.006851 	69.028976 	38.275318 	65.030762 	64.031242 	38.470768 	38.910152 	36.235340 	59.008472 	53.000000 	42.047592 	45.011108 	41.000000 	25.553865 	36.000000 	28.635643 	21.260292 	20.615528 	32.015621 	33.060551 	28.071337 	27.073973 	14.035668 	8.062258 	10.000000 	6.403124 	999.000000 	

Travel time:
9.000000 	0.527376 	1.020110 	1.532359 	1.838818 	0.471699 	2.343075 	1.187697 	0.602080 	0.152069 	0.822344 	1.555032 	0.870704 	0.525595 	2.156965 	0.403113 	0.380789 	0.726722 	2.020211 	0.972432 	1.875000 	0.790569 	0.697316 	0.764853 	0.760345 	1.035918 	0.660019 	0.785016 	0.725000 	0.715891 	1.467353 	1.559046 	0.832166 	1.159741 	0.905883 	1.325000 	1.164313 	1.188486 	0.990581 	1.530114 	1.525000 	1.096586 	1.311964 	1.431782 	1.410895 	1.490386 	1.632674 	
0.527376 	9.000000 	1.546367 	1.006231 	2.352791 	0.235850 	2.847477 	0.672681 	1.099147 	0.601041 	0.325000 	2.053351 	1.379311 	1.006541 	2.674065 	0.803508 	0.604669 	0.395285 	2.541776 	1.490386 	2.400521 	0.515388 	1.129436 	0.561805 	0.575543 	1.535008 	1.050000 	1.234150 	0.636396 	0.735272 	1.976424 	2.071835 	0.995301 	1.604875 	1.109617 	1.796177 	1.575198 	1.600195 	1.211662 	2.015099 	1.994054 	1.337208 	1.625000 	1.779923 	1.728077 	1.849493 	1.971357 	
1.020110 	1.546367 	9.000000 	2.546812 	0.853302 	1.468205 	1.376817 	2.205958 	0.594243 	0.961769 	1.823630 	0.657647 	0.285044 	0.693271 	1.155692 	0.930390 	1.165386 	1.698529 	1.007782 	0.316228 	0.855132 	1.725724 	0.789383 	1.665270 	1.650757 	0.492443 	0.903466 	0.726722 	1.560849 	1.464795 	0.650000 	0.697316 	1.353006 	0.817389 	1.323820 	0.781025 	0.948683 	0.956883 	1.333464 	0.845946 	0.921954 	1.350231 	1.309819 	1.290591 	1.360147 	1.297353 	1.453444 	
1.532359 	1.006231 	2.546812 	9.000000 	3.330634 	1.147007 	3.807641 	0.452769 	2.098362 	1.587844 	0.730154 	3.012681 	2.360085 	2.001406 	3.655219 	1.779220 	1.546165 	1.027740 	3.531024 	2.495245 	3.397794 	1.100284 	2.098362 	1.200260 	1.225255 	2.531057 	2.001250 	2.208082 	1.350000 	1.500208 	2.975945 	3.073272 	1.800174 	2.565273 	1.925162 	2.771507 	2.511225 	2.535868 	2.025000 	2.998020 	2.965004 	2.150145 	2.475505 	2.652946 	2.575121 	2.729125 	2.825111 	
1.838818 	2.352791 	0.853302 	3.330634 	9.000000 	2.302444 	0.525595 	3.023347 	1.442654 	1.752320 	2.600481 	0.357946 	0.973717 	1.544345 	0.325960 	1.783606 	2.017734 	2.541776 	0.250000 	1.083109 	0.301040 	2.575121 	1.615549 	2.517191 	2.503123 	1.201301 	1.736555 	1.533786 	2.414151 	2.316517 	0.986471 	0.927699 	2.186607 	1.480287 	2.142574 	1.325943 	1.631908 	1.629801 	2.136001 	1.225765 	1.348379 	2.128673 	2.005617 	1.925162 	2.025617 	1.902630 	2.034853 	
0.471699 	0.235850 	1.468205 	1.147007 	2.302444 	9.000000 	2.811139 	0.750417 	0.961769 	0.594243 	0.539676 	2.025617 	1.340009 	0.860959 	2.617250 	0.632456 	0.403113 	0.261008 	2.475126 	1.367708 	2.321234 	0.350000 	0.951972 	0.364006 	0.371652 	1.388569 	0.859142 	1.061249 	0.410031 	0.500000 	1.835245 	1.934716 	0.761577 	1.422146 	0.877853 	1.625000 	1.378632 	1.403567 	0.980434 	1.851013 	1.819512 	1.106797 	1.402230 	1.562850 	1.505199 	1.634396 	1.750893 	
2.343075 	2.847477 	1.376817 	3.807641 	0.525595 	2.811139 	9.000000 	3.520032 	1.967867 	2.246803 	3.079164 	0.795692 	1.472455 	2.069118 	0.304138 	2.307054 	2.538701 	3.055016 	0.475657 	1.606432 	0.675000 	3.092733 	2.140385 	3.037268 	3.023760 	1.717010 	2.261775 	2.057000 	2.936942 	2.841215 	1.451938 	1.375000 	2.711549 	1.981161 	2.665638 	1.808487 	2.133219 	2.128967 	2.656360 	1.675187 	1.800174 	2.644334 	2.503248 	2.408319 	2.515079 	2.378287 	2.500125 	
1.187697 	0.672681 	2.205958 	0.452769 	3.023347 	0.750417 	3.520032 	9.000000 	1.711907 	1.273283 	0.515388 	2.726032 	2.050610 	1.610318 	3.343370 	1.375909 	1.132751 	0.588430 	3.207900 	2.118077 	3.061046 	0.650481 	1.685416 	0.750417 	0.775403 	2.135708 	1.581139 	1.796698 	0.901388 	1.052675 	2.582876 	2.683281 	1.352082 	2.143158 	1.476906 	2.356109 	2.079964 	2.104311 	1.575794 	2.586624 	2.545830 	1.700184 	2.027468 	2.206949 	2.126323 	2.283774 	2.376184 	
0.602080 	1.099147 	0.594243 	2.098362 	1.442654 	0.961769 	1.967867 	1.711907 	9.000000 	0.632949 	1.412887 	1.243232 	0.626997 	0.106066 	1.733494 	0.353553 	0.602080 	1.160011 	1.575198 	0.410031 	1.402007 	1.167262 	0.237171 	1.096586 	1.079641 	0.436606 	0.325000 	0.247487 	0.980115 	0.874643 	0.877853 	0.975000 	0.764853 	0.585235 	0.750417 	0.726722 	0.630971 	0.651920 	0.778621 	0.928036 	0.926350 	0.824621 	0.895126 	0.955249 	0.976281 	0.995615 	1.152443 	
0.152069 	0.601041 	0.961769 	1.587844 	1.752320 	0.594243 	2.246803 	1.273283 	0.632949 	9.000000 	0.862047 	1.453444 	0.778621 	0.577170 	2.074398 	0.512957 	0.529741 	0.854400 	1.945026 	0.961769 	1.810041 	0.927699 	0.771767 	0.908639 	0.905539 	1.050000 	0.755811 	0.845946 	0.875357 	0.867828 	1.463728 	1.549597 	0.973717 	1.212693 	1.040433 	1.358308 	1.234909 	1.258223 	1.120547 	1.550202 	1.557241 	1.220912 	1.415318 	1.522539 	1.511622 	1.576586 	1.724094 	
0.822344 	0.325000 	1.823630 	0.730154 	2.600481 	0.539676 	3.079164 	0.515388 	1.412887 	0.862047 	9.000000 	2.283774 	1.630376 	1.323820 	2.925107 	1.127497 	0.928036 	0.585769 	2.801785 	1.794610 	2.671259 	0.707990 	1.453444 	0.785016 	0.805062 	1.849493 	1.375000 	1.557241 	0.896172 	1.017964 	2.287056 	2.380257 	1.296630 	1.929054 	1.415318 	2.117929 	1.900164 	1.925162 	1.518223 	2.334524 	2.316382 	1.645068 	1.941649 	2.100297 	2.044658 	2.170829 	2.289787 	
1.555032 	2.053351 	0.657647 	3.012681 	0.357946 	2.025617 	0.795692 	2.726032 	1.243232 	1.453444 	2.283774 	9.000000 	0.686477 	1.336273 	0.673146 	1.559848 	1.777815 	2.274313 	0.604669 	0.950000 	0.588430 	2.319618 	1.446764 	2.270600 	2.258872 	1.104536 	1.559247 	1.383158 	2.180883 	2.098362 	1.029563 	1.005609 	2.007019 	1.417965 	1.981161 	1.312441 	1.562850 	1.566246 	1.990760 	1.275000 	1.386542 	2.003902 	1.935362 	1.887624 	1.972942 	1.879661 	2.026080 	
0.870704 	1.379311 	0.285044 	2.360085 	0.973717 	1.340009 	1.472455 	2.050610 	0.626997 	0.778621 	1.630376 	0.686477 	9.000000 	0.700446 	1.296389 	0.897566 	1.100284 	1.587844 	1.171804 	0.530330 	1.051190 	1.634205 	0.859142 	1.587648 	1.576785 	0.707990 	0.951315 	0.831038 	1.504161 	1.432000 	0.933408 	0.982344 	1.378632 	1.020110 	1.375227 	1.027740 	1.131923 	1.144825 	1.405569 	1.119431 	1.185854 	1.446764 	1.467353 	1.479231 	1.531747 	1.497707 	1.657181 	
0.525595 	1.006541 	0.693271 	2.001406 	1.544345 	0.860959 	2.069118 	1.610318 	0.106066 	0.577170 	1.323820 	1.336273 	0.700446 	9.000000 	1.837457 	0.247487 	0.496236 	1.055047 	1.680030 	0.515388 	1.507689 	1.061249 	0.212132 	0.990581 	0.973717 	0.529741 	0.261008 	0.269258 	0.875000 	0.772172 	0.975000 	1.073837 	0.679154 	0.637377 	0.676849 	0.800391 	0.660019 	0.682825 	0.715891 	1.011187 	1.000312 	0.775403 	0.884590 	0.965013 	0.972432 	1.012423 	1.165386 	
2.156965 	2.674065 	1.155692 	3.655219 	0.325960 	2.617250 	0.304138 	3.343370 	1.733494 	2.074398 	2.925107 	0.673146 	1.296389 	1.837457 	9.000000 	2.080865 	2.320022 	2.852740 	0.176777 	1.353006 	0.378319 	2.881406 	1.889775 	2.820018 	2.805018 	1.448491 	2.013237 	1.800347 	2.711665 	2.607681 	1.156774 	1.076162 	2.459675 	1.697793 	2.406372 	1.516781 	1.849493 	1.843909 	2.390868 	1.375227 	1.500208 	2.371708 	2.216134 	2.114829 	2.223876 	2.082366 	2.201278 	
0.403113 	0.803508 	0.930390 	1.779220 	1.783606 	0.632456 	2.307054 	1.375909 	0.353553 	0.512957 	1.127497 	1.559848 	0.897566 	0.247487 	2.080865 	9.000000 	0.250000 	0.811249 	1.925162 	0.761988 	1.754459 	0.813941 	0.325960 	0.743303 	0.726722 	0.760345 	0.261008 	0.431567 	0.630971 	0.538516 	1.207528 	1.308864 	0.509902 	0.801561 	0.548293 	0.995301 	0.781425 	0.806226 	0.617454 	1.219118 	1.191900 	0.710634 	0.908983 	1.030776 	1.007782 	1.091444 	1.231107 	
0.380789 	0.604669 	1.165386 	1.546165 	2.017734 	0.403113 	2.538701 	1.132751 	0.602080 	0.529741 	0.928036 	1.777815 	1.100284 	0.496236 	2.320022 	0.250000 	9.000000 	0.561805 	2.167083 	1.011496 	1.999531 	0.565685 	0.553399 	0.500000 	0.485412 	1.007782 	0.456207 	0.664266 	0.403887 	0.350000 	1.454519 	1.556639 	0.460977 	1.019804 	0.550568 	1.226020 	0.976281 	1.001249 	0.645174 	1.454734 	1.418846 	0.763217 	1.027740 	1.176860 	1.130542 	1.245492 	1.370447 	
0.726722 	0.395285 	1.698529 	1.027740 	2.541776 	0.261008 	3.055016 	0.588430 	1.160011 	0.854400 	0.585769 	2.274313 	1.587844 	1.055047 	2.852740 	0.811249 	0.561805 	9.000000 	2.706127 	1.570032 	2.545830 	0.125000 	1.107080 	0.201556 	0.223607 	1.569236 	0.998123 	1.218862 	0.333542 	0.477624 	2.015564 	2.118077 	0.776611 	1.557442 	0.901388 	1.773415 	1.491643 	1.515957 	1.002809 	2.005773 	1.960867 	1.129436 	1.450216 	1.625769 	1.550806 	1.701654 	1.800694 	
2.020211 	2.541776 	1.007782 	3.531024 	0.250000 	2.475126 	0.475657 	3.207900 	1.575198 	1.945026 	2.801785 	0.604669 	1.171804 	1.680030 	0.176777 	1.925162 	2.167083 	2.706127 	9.000000 	1.187697 	0.201556 	2.730613 	1.724094 	2.666693 	2.651061 	1.276959 	1.848141 	1.632483 	2.555020 	2.447703 	0.980115 	0.900347 	2.292651 	1.521923 	2.236767 	1.340009 	1.673507 	1.667708 	2.219234 	1.200000 	1.325000 	2.198010 	2.039608 	1.938105 	2.047101 	1.905912 	2.025617 	
0.972432 	1.490386 	0.316228 	2.495245 	1.083109 	1.367708 	1.606432 	2.118077 	0.410031 	0.961769 	1.794610 	0.950000 	0.530330 	0.515388 	1.353006 	0.761988 	1.011496 	1.570032 	1.187697 	9.000000 	1.005609 	1.575794 	0.536773 	1.502706 	1.484924 	0.180278 	0.660492 	0.450694 	1.380670 	1.265158 	0.502494 	0.588430 	1.107080 	0.503115 	1.059481 	0.500000 	0.632456 	0.640800 	1.055047 	0.625000 	0.670820 	1.057414 	0.995301 	0.975000 	1.044031 	0.983933 	1.141271 	
1.875000 	2.400521 	0.855132 	3.397794 	0.301040 	2.321234 	0.675000 	3.061046 	1.402007 	1.810041 	2.671259 	0.588430 	1.051190 	1.507689 	0.378319 	1.754459 	1.999531 	2.545830 	0.201556 	1.005609 	9.000000 	2.564785 	1.539683 	2.497624 	2.481179 	1.084551 	1.664332 	1.445035 	2.381701 	2.270050 	0.778621 	0.700000 	2.105499 	1.322167 	2.046033 	1.138530 	1.473516 	1.467353 	2.025617 	1.000312 	1.125278 	2.001406 	1.838648 	1.736555 	1.845603 	1.704589 	1.825171 	
0.790569 	0.515388 	1.725724 	1.100284 	2.575121 	0.350000 	3.092733 	0.650481 	1.167262 	0.927699 	0.707990 	2.319618 	1.634205 	1.061249 	2.881406 	0.813941 	0.565685 	0.125000 	2.730613 	1.575794 	2.564785 	9.000000 	1.089151 	0.100000 	0.125000 	1.560649 	0.973717 	1.200521 	0.251247 	0.403113 	2.003902 	2.107872 	0.701783 	1.523155 	0.826514 	1.744456 	1.446764 	1.470544 	0.925338 	1.978952 	1.926947 	1.050000 	1.377044 	1.557241 	1.475847 	1.634396 	1.725724 	
0.697316 	1.129436 	0.789383 	2.098362 	1.615549 	0.951972 	2.140385 	1.685416 	0.237171 	0.771767 	1.453444 	1.446764 	0.859142 	0.212132 	1.889775 	0.325960 	0.553399 	1.107080 	1.724094 	0.536773 	1.539683 	1.089151 	9.000000 	1.005609 	0.985203 	0.477624 	0.125000 	0.111803 	0.870704 	0.742462 	0.915492 	1.020110 	0.571183 	0.475657 	0.534439 	0.673146 	0.467039 	0.491172 	0.550000 	0.901388 	0.867828 	0.588430 	0.672681 	0.755811 	0.760345 	0.806226 	0.956883 	
0.764853 	0.561805 	1.665270 	1.200260 	2.517191 	0.364006 	3.037268 	0.750417 	1.096586 	0.908639 	0.785016 	2.270600 	1.587648 	0.990581 	2.820018 	0.743303 	0.500000 	0.201556 	2.666693 	1.502706 	2.497624 	0.100000 	1.005609 	9.000000 	0.025000 	1.480076 	0.887764 	1.116356 	0.152069 	0.304138 	1.921100 	2.025617 	0.602080 	1.431782 	0.726722 	1.654728 	1.352082 	1.375682 	0.825379 	1.889775 	1.835245 	0.950000 	1.277204 	1.457738 	1.375909 	1.535008 	1.625769 	
0.760345 	0.575543 	1.650757 	1.225255 	2.503123 	0.371652 	3.023760 	0.775403 	1.079641 	0.905539 	0.805062 	2.258872 	1.576785 	0.973717 	2.805018 	0.726722 	0.485412 	0.223607 	2.651061 	1.484924 	2.481179 	0.125000 	0.985203 	0.025000 	9.000000 	1.460308 	0.866747 	1.095730 	0.127475 	0.279509 	1.900658 	2.005306 	0.577170 	1.409122 	0.701783 	1.632483 	1.328533 	1.352082 	0.800391 	1.867652 	1.812457 	0.925000 	1.252248 	1.432873 	1.350926 	1.510174 	1.600781 	
1.035918 	1.535008 	0.492443 	2.531057 	1.201301 	1.388569 	1.717010 	2.135708 	0.436606 	1.050000 	1.849493 	1.104536 	0.707990 	0.529741 	1.448491 	0.760345 	1.007782 	1.569236 	1.276959 	0.180278 	1.084551 	1.560649 	0.477624 	1.480076 	1.460308 	9.000000 	0.601041 	0.371652 	1.347683 	1.219887 	0.447214 	0.548862 	1.026219 	0.325000 	0.961769 	0.335410 	0.460977 	0.467039 	0.942404 	0.500625 	0.522015 	0.927699 	0.831038 	0.798827 	0.873212 	0.805062 	0.961769 	
0.660019 	1.050000 	0.903466 	2.001250 	1.736555 	0.859142 	2.261775 	1.581139 	0.325000 	0.755811 	1.375000 	1.559247 	0.951315 	0.261008 	2.013237 	0.261008 	0.456207 	0.998123 	1.848141 	0.660492 	1.664332 	0.973717 	0.125000 	0.887764 	0.866747 	0.601041 	9.000000 	0.230489 	0.750000 	0.618971 	1.035012 	1.140175 	0.450694 	0.564026 	0.425735 	0.775403 	0.525595 	0.550568 	0.456207 	1.007782 	0.965013 	0.515388 	0.660019 	0.771767 	0.755811 	0.831038 	0.972754 	
0.785016 	1.234150 	0.726722 	2.208082 	1.533786 	1.061249 	2.057000 	1.796698 	0.247487 	0.845946 	1.557241 	1.383158 	0.831038 	0.269258 	1.800347 	0.431567 	0.664266 	1.218862 	1.632483 	0.450694 	1.445035 	1.200521 	0.111803 	1.116356 	1.095730 	0.371652 	0.230489 	9.000000 	0.980115 	0.849264 	0.805062 	0.910014 	0.660492 	0.375832 	0.608790 	0.564026 	0.391312 	0.413824 	0.608276 	0.790569 	0.760345 	0.625500 	0.651920 	0.707990 	0.730154 	0.750000 	0.905883 	
0.725000 	0.636396 	1.560849 	1.350000 	2.414151 	0.410031 	2.936942 	0.901388 	0.980115 	0.875357 	0.896172 	2.180883 	1.504161 	0.875000 	2.711665 	0.630971 	0.403887 	0.333542 	2.555020 	1.380670 	2.381701 	0.251247 	0.870704 	0.152069 	0.127475 	1.347683 	0.750000 	0.980115 	9.000000 	0.152069 	1.785007 	1.890106 	0.450694 	1.285739 	0.575543 	1.510381 	1.202601 	1.226020 	0.675000 	1.745888 	1.688565 	0.800391 	1.126111 	1.305996 	1.225255 	1.383158 	1.475212 	
0.715891 	0.735272 	1.464795 	1.500208 	2.316517 	0.500000 	2.841215 	1.052675 	0.874643 	0.867828 	1.017964 	2.098362 	1.432000 	0.772172 	2.607681 	0.538516 	0.350000 	0.477624 	2.447703 	1.265158 	2.270050 	0.403113 	0.742462 	0.304138 	0.279509 	1.219887 	0.618971 	0.849264 	0.152069 	9.000000 	1.651704 	1.757306 	0.300000 	1.141271 	0.425000 	1.367708 	1.053862 	1.077033 	0.525595 	1.603512 	1.542928 	0.651920 	0.975320 	1.154340 	1.075000 	1.231361 	1.325000 	
1.467353 	1.976424 	0.650000 	2.975945 	0.986471 	1.835245 	1.451938 	2.582876 	0.877853 	1.463728 	2.287056 	1.029563 	0.933408 	0.975000 	1.156774 	1.207528 	1.454519 	2.015564 	0.980115 	0.502494 	0.778621 	2.003902 	0.915492 	1.921100 	1.900658 	0.447214 	1.035012 	0.805062 	1.785007 	1.651704 	9.000000 	0.106066 	1.432873 	0.570636 	1.350926 	0.364006 	0.715891 	0.705780 	1.310773 	0.246221 	0.364006 	1.265158 	1.068001 	0.958188 	1.068878 	0.926350 	1.051190 	
1.559046 	2.071835 	0.697316 	3.073272 	0.927699 	1.934716 	1.375000 	2.683281 	0.975000 	1.549597 	2.380257 	1.005609 	0.982344 	1.073837 	1.076162 	1.308864 	1.556639 	2.118077 	0.900347 	0.588430 	0.700000 	2.107872 	1.020110 	2.025617 	2.005306 	0.548862 	1.140175 	0.910014 	1.890106 	1.757306 	0.106066 	9.000000 	1.538871 	0.673146 	1.456451 	0.459619 	0.816241 	0.805062 	1.415318 	0.301040 	0.425735 	1.367708 	1.162164 	1.044330 	1.158123 	1.007782 	1.125278 	
