Total assets = 568
Number of asset nodes = 33

Distance:
999.000000 	81.123360 	32.802441 	5.830952 	33.837849 	65.946945 	11.045361 	14.000000 	20.615528 	46.400433 	24.166092 	84.202141 	38.626415 	16.124516 	92.086914 	46.872166 	30.016663 	14.866069 	67.882248 	21.000000 	77.233414 	65.795135 	28.231188 	41.400482 	17.888544 	85.912750 	37.215588 	60.959003 	48.918301 	59.405388 	20.615528 	79.931221 	35.341194 	41.677334 	39.623226 	49.929951 	83.486526 	38.118237 	64.140472 	52.697250 	35.510563 	26.248810 	71.449280 	53.000000 	27.459061 	61.717098 	
81.123360 	999.000000 	112.200714 	81.394104 	52.630791 	20.099751 	90.338257 	75.026665 	68.308128 	42.190044 	105.190300 	10.440307 	113.951744 	94.429871 	12.529964 	44.045429 	111.139549 	91.389275 	23.086792 	72.801102 	15.620500 	25.961510 	109.178749 	122.331520 	92.114059 	14.560220 	118.338501 	140.246216 	129.529922 	35.693138 	81.043198 	18.439089 	116.361504 	122.800652 	63.031738 	131.026718 	23.853722 	67.067131 	39.560081 	133.775925 	115.039124 	93.145050 	151.029800 	134.111893 	96.566040 	44.271889 	
32.802441 	112.200714 	999.000000 	35.355339 	66.610809 	98.290382 	28.460499 	44.721359 	52.354561 	79.202271 	16.124516 	116.180893 	11.661903 	28.284271 	123.693169 	79.630394 	12.529964 	31.575306 	100.498756 	51.078373 	109.603828 	98.493652 	16.155495 	13.038404 	34.234486 	118.139748 	13.892444 	28.284271 	18.027756 	92.200867 	46.572525 	112.449989 	16.278820 	16.763054 	70.384659 	22.022715 	116.180893 	68.007355 	96.798759 	24.186773 	25.000000 	43.000000 	38.948685 	25.079872 	41.109608 	94.154129 	
5.830952 	81.394104 	35.355339 	999.000000 	31.827662 	65.215027 	8.944272 	9.486833 	17.000000 	44.553337 	24.207438 	83.761566 	42.449970 	13.341664 	91.923882 	44.687805 	30.479502 	11.000000 	66.708321 	16.278820 	76.400261 	64.443771 	28.017851 	42.426407 	13.341664 	85.211502 	37.643059 	63.007935 	50.249378 	57.384666 	14.866069 	78.873314 	35.227829 	42.011902 	35.440090 	50.447994 	82.073135 	33.541019 	61.611687 	53.263496 	33.837849 	20.808653 	73.246162 	53.413483 	22.360680 	58.830265 	
33.837849 	52.630791 	66.610809 	31.827662 	999.000000 	34.438351 	40.360870 	23.600847 	16.124516 	12.727922 	55.901699 	53.225933 	72.006943 	43.600460 	61.846584 	13.038404 	62.241467 	40.224369 	35.227829 	20.248457 	45.276924 	32.802441 	59.548298 	74.249580 	40.311287 	54.203320 	69.354164 	94.641426 	82.073135 	25.612497 	28.460499 	47.434166 	66.708321 	73.661385 	16.278820 	82.134033 	50.328918 	18.867962 	30.413813 	84.958817 	63.812225 	40.521599 	104.995239 	85.041168 	43.965897 	28.460499 	
65.946945 	20.099751 	98.290382 	65.215027 	34.438351 	999.000000 	74.060783 	57.801384 	50.537113 	22.803509 	89.403580 	18.788294 	101.671036 	77.698135 	27.513634 	24.331051 	95.603348 	74.431175 	5.385165 	54.625999 	11.313708 	7.071068 	93.230896 	107.298645 	74.706093 	20.000000 	102.800781 	126.574089 	114.865135 	15.811388 	62.769421 	14.422205 	100.439034 	107.200745 	43.185646 	115.602768 	19.313208 	47.265209 	20.808653 	118.406082 	98.112183 	74.672615 	137.207870 	118.600166 	78.185677 	25.059929 	
11.045361 	90.338257 	28.460499 	8.944272 	40.360870 	74.060783 	999.000000 	17.029387 	24.839485 	53.075417 	15.556349 	92.649879 	37.121422 	5.099020 	100.846420 	53.037724 	21.931713 	5.000000 	75.432091 	22.825424 	85.211502 	73.109505 	19.209373 	34.058773 	8.602325 	94.047859 	29.000000 	55.226807 	42.011902 	65.764732 	18.248287 	87.618492 	26.400757 	33.301651 	42.047592 	41.773197 	90.686272 	39.560081 	69.656296 	44.598206 	25.000000 	18.357559 	65.215027 	44.687805 	18.439089 	66.610809 	
14.000000 	75.026665 	44.721359 	9.486833 	23.600847 	57.801384 	17.029387 	999.000000 	7.810250 	36.235340 	32.557640 	76.537575 	51.923019 	20.000000 	84.970581 	36.069378 	38.948685 	16.643316 	58.821766 	7.000000 	68.796799 	56.400356 	36.069378 	51.088158 	17.088007 	77.698135 	45.967381 	72.111023 	59.033890 	48.795490 	9.433981 	71.028160 	43.185646 	50.209560 	25.961510 	58.694122 	73.878281 	24.186773 	52.630791 	61.522354 	40.311287 	20.223749 	82.200974 	61.554855 	23.021729 	49.648766 	
20.615528 	68.308128 	52.354561 	17.000000 	16.124516 	50.537113 	24.839485 	7.810250 	999.000000 	28.600698 	40.360870 	69.318108 	59.135437 	27.658634 	77.878113 	28.319605 	46.754681 	24.207438 	51.312767 	5.099020 	61.400326 	48.826221 	43.840622 	58.898216 	24.186773 	70.327805 	53.758720 	79.881165 	66.843102 	41.036568 	13.038404 	63.513779 	50.931328 	57.982758 	19.104973 	66.468040 	66.219330 	18.110771 	44.821869 	69.296463 	47.707443 	25.179358 	90.000000 	69.310890 	28.442924 	41.880783 	
46.400433 	42.190044 	79.202271 	44.553337 	12.727922 	22.803509 	53.075417 	36.235340 	28.600698 	999.000000 	68.622154 	41.436699 	84.219948 	56.222771 	50.289165 	2.828427 	74.966660 	52.801514 	22.825424 	32.249031 	33.105892 	20.248457 	72.249565 	86.977005 	52.697250 	42.047592 	82.073135 	107.298645 	94.794518 	13.038404 	40.249222 	34.985710 	79.397736 	86.371292 	21.095022 	94.847244 	37.643059 	25.019993 	18.681541 	97.672920 	76.275818 	52.000000 	117.686020 	97.744568 	55.542778 	18.000000 	
24.166092 	105.190300 	16.124516 	24.207438 	55.901699 	89.403580 	15.556349 	32.557640 	40.360870 	68.622154 	999.000000 	107.898102 	27.202942 	13.416408 	115.965515 	68.593002 	6.403124 	17.000000 	90.906548 	38.013157 	100.603180 	88.617157 	4.123106 	18.601076 	18.973665 	109.402924 	13.453624 	40.249222 	26.627054 	81.320351 	32.202484 	103.077644 	11.180340 	17.804493 	56.938564 	26.248810 	106.216759 	54.120235 	85.146935 	29.068884 	13.601471 	27.073973 	49.929951 	29.206163 	25.019993 	82.006096 	
84.202141 	10.440307 	116.180893 	83.761566 	53.225933 	18.788294 	92.649879 	76.537575 	69.318108 	41.436699 	107.898102 	999.000000 	118.869675 	96.384644 	9.055386 	42.720020 	114.039467 	93.150414 	19.235384 	73.409805 	9.000000 	22.203604 	111.772087 	125.602547 	93.477272 	4.123106 	121.247681 	144.422989 	133.060135 	32.140316 	81.541397 	9.848858 	118.983192 	125.670204 	61.188232 	134.033585 	14.142136 	65.306969 	34.234486 	136.824707 	116.846054 	93.407707 	155.128983 	137.058380 	96.932968 	39.204590 	
38.626415 	113.951744 	11.661903 	42.449970 	72.006943 	101.671036 	37.121422 	51.923019 	59.135437 	84.219948 	27.202942 	118.869675 	999.000000 	38.052597 	125.872955 	85.000000 	24.186773 	41.000000 	104.403069 	58.694122 	112.929184 	102.649887 	27.730848 	21.954498 	44.045429 	121.165176 	24.758837 	27.856777 	23.345236 	97.247108 	55.326305 	116.038788 	27.658634 	26.627054 	77.884529 	29.410883 	120.208153 	75.927597 	102.420700 	30.805843 	36.619667 	53.338543 	38.483765 	32.015621 	51.788029 	100.224747 	
16.124516 	94.429871 	28.284271 	13.341664 	43.600460 	77.698135 	5.099020 	20.000000 	27.658634 	56.222771 	13.416408 	96.384644 	38.052597 	999.000000 	104.709122 	55.973209 	19.723083 	3.605551 	78.816238 	24.839485 	88.752464 	76.400261 	16.401220 	31.906113 	6.000000 	97.637085 	26.400757 	53.665630 	39.962482 	68.680420 	18.788294 	91.021973 	23.345236 	30.479502 	43.566040 	38.948685 	93.861603 	40.706264 	72.180328 	41.773197 	20.615528 	15.524175 	63.285069 	41.725292 	14.764823 	68.883957 	
92.086914 	12.529964 	123.693169 	91.923882 	61.846584 	27.513634 	100.846420 	84.970581 	77.878113 	50.289165 	115.965515 	9.055386 	125.872955 	104.709122 	999.000000 	51.662365 	122.036880 	101.533249 	28.284271 	82.079231 	18.027756 	31.257000 	119.887444 	133.454117 	101.980392 	10.440307 	129.247818 	151.855194 	140.801285 	41.194660 	90.249657 	18.248287 	127.094452 	133.689941 	70.213959 	142.003525 	21.023796 	74.330345 	43.104523 	144.779144 	125.239769 	102.181213 	162.606888 	145.055161 	105.688217 	48.093658 	
46.872166 	44.045429 	79.630394 	44.687805 	13.038404 	24.331051 	53.037724 	36.069378 	28.319605 	2.828427 	68.593002 	42.720020 	85.000000 	55.973209 	51.662365 	999.000000 	74.966660 	52.497620 	23.769728 	31.622776 	34.176014 	21.023796 	72.138756 	87.045967 	52.201534 	43.081318 	82.024384 	107.615051 	94.921021 	12.727922 	39.446167 	35.777088 	79.246452 	86.278618 	19.000000 	94.762863 	38.013157 	23.021729 	17.464249 	97.590981 	75.802376 	50.990196 	117.923706 	97.621719 	54.561890 	16.124516 	
30.016663 	111.139549 	12.529964 	30.479502 	62.241467 	95.603348 	21.931713 	38.948685 	46.754681 	74.966660 	6.403124 	114.039467 	24.186773 	19.723083 	122.036880 	74.966660 	999.000000 	23.323807 	97.185387 	44.407207 	106.826965 	94.921021 	4.000000 	12.206555 	25.079872 	115.602768 	7.211102 	34.014702 	20.248457 	87.692642 	38.470768 	109.343498 	6.000000 	11.661903 	63.285069 	20.000000 	112.538879 	60.415230 	91.547798 	22.803509 	12.727922 	32.557640 	43.566040 	23.021729 	30.149628 	88.408142 	
14.866069 	91.389275 	31.575306 	11.000000 	40.224369 	74.431175 	5.000000 	16.643316 	24.207438 	52.801514 	17.000000 	93.150414 	41.000000 	3.605551 	101.533249 	52.497620 	23.323807 	999.000000 	75.451973 	21.260292 	85.440041 	73.006851 	20.000000 	35.510563 	3.605551 	94.339813 	30.000000 	57.245087 	43.566040 	65.192024 	15.231546 	87.658424 	26.907248 	34.058773 	39.962482 	42.520584 	90.426765 	37.121422 	68.622154 	45.343136 	23.706539 	13.416408 	66.887962 	45.276924 	13.453624 	65.299309 	
67.882248 	23.086792 	100.498756 	66.708321 	35.227829 	5.385165 	75.432091 	58.821766 	51.312767 	22.825424 	90.906548 	19.235384 	104.403069 	78.816238 	28.284271 	23.769728 	97.185387 	75.451973 	999.000000 	55.072678 	10.440307 	3.000000 	94.641426 	109.041275 	75.471848 	19.313208 	104.350372 	128.763351 	116.726173 	13.000000 	63.063461 	12.206555 	101.828285 	108.706024 	41.976185 	117.153748 	15.811388 	46.097721 	16.552946 	119.970833 	99.020203 	74.732857 	139.316193 	120.104118 	78.294319 	21.189621 	
21.000000 	72.801102 	51.078373 	16.278820 	20.248457 	54.625999 	22.825424 	7.000000 	5.099020 	32.249031 	38.013157 	73.409805 	58.694122 	24.839485 	82.079231 	31.622776 	44.407207 	21.260292 	55.072678 	999.000000 	65.299309 	52.478565 	41.231056 	56.612720 	20.615528 	74.242844 	51.224995 	78.032043 	64.637451 	44.204071 	8.246211 	67.230942 	48.166378 	55.317268 	19.313208 	63.780876 	69.634758 	17.262676 	47.381432 	66.603302 	44.204071 	20.396078 	87.920418 	66.528191 	23.769728 	44.045429 	
77.233414 	15.620500 	109.603828 	76.400261 	45.276924 	11.313708 	85.211502 	68.796799 	61.400326 	33.105892 	100.603180 	9.000000 	112.929184 	88.752464 	18.027756 	34.176014 	106.826965 	85.440041 	10.440307 	65.299309 	999.000000 	13.341664 	104.403069 	118.562218 	85.586212 	8.944272 	114.017540 	137.887634 	126.150703 	23.194826 	73.348480 	4.000000 	111.606453 	118.406082 	52.392746 	126.822708 	10.049875 	56.515484 	25.317978 	129.630249 	109.077957 	85.088188 	148.519363 	129.807556 	88.639717 	30.265491 	
65.795135 	25.961510 	98.493652 	64.443771 	32.802441 	7.071068 	73.109505 	56.400356 	48.826221 	20.248457 	88.617157 	22.203604 	102.649887 	76.400261 	31.257000 	21.023796 	94.921021 	73.006851 	3.000000 	52.478565 	13.341664 	999.000000 	92.314682 	106.831642 	72.945183 	22.135944 	102.068604 	126.732002 	114.560028 	10.000000 	60.415230 	14.764823 	99.488693 	106.404884 	39.051247 	114.865135 	17.691807 	43.174065 	13.892444 	117.686020 	96.519424 	72.013885 	137.244308 	117.796432 	75.584389 	18.384777 	
28.231188 	109.178749 	16.155495 	28.017851 	59.548298 	93.230896 	19.209373 	36.069378 	43.840622 	72.249565 	4.123106 	111.772087 	27.730848 	16.401220 	119.887444 	72.138756 	4.000000 	20.000000 	94.641426 	41.231056 	104.403069 	92.314682 	999.000000 	15.652476 	21.470911 	113.225441 	10.000000 	37.696156 	23.706539 	84.864601 	34.985710 	106.826965 	7.211102 	14.142136 	59.908264 	22.627417 	109.877205 	56.938564 	88.526833 	25.455845 	10.295630 	28.635643 	47.010635 	25.495098 	26.172504 	85.276024 	
41.400482 	122.331520 	13.038404 	42.426407 	74.249580 	107.298645 	34.058773 	51.088158 	58.898216 	86.977005 	18.601076 	125.602547 	21.954498 	31.906113 	133.454117 	87.045967 	12.206555 	35.510563 	109.041275 	56.612720 	118.562218 	106.831642 	15.652476 	999.000000 	37.121422 	127.283150 	6.082763 	22.135944 	8.062258 	99.764725 	50.606323 	121.165176 	10.049875 	5.000000 	75.471848 	9.219544 	124.482933 	72.560318 	103.711136 	11.704700 	19.104973 	43.965897 	31.384710 	12.369317 	41.231056 	100.603180 	
17.888544 	92.114059 	34.234486 	13.341664 	40.311287 	74.706093 	8.602325 	17.088007 	24.186773 	52.697250 	18.973665 	93.477272 	44.045429 	6.000000 	101.980392 	52.201534 	25.079872 	3.605551 	75.471848 	20.615528 	85.586212 	72.945183 	21.470911 	37.121422 	999.000000 	94.514549 	31.384710 	59.093147 	45.177429 	64.815125 	13.601471 	87.664131 	28.017851 	35.227829 	38.600517 	43.600460 	90.210861 	35.510563 	67.896980 	46.400433 	23.600847 	9.848858 	68.476273 	46.227695 	9.899495 	64.381676 	
85.912750 	14.560220 	118.139748 	85.211502 	54.203320 	20.000000 	94.047859 	77.698135 	70.327805 	42.047592 	109.402924 	4.123106 	121.165176 	97.637085 	10.440307 	43.081318 	115.602768 	94.339813 	19.313208 	74.242844 	8.944272 	22.135944 	113.225441 	127.283150 	94.514549 	999.000000 	122.800652 	146.413803 	134.825821 	31.780497 	82.292160 	8.000000 	120.432556 	127.200630 	61.131008 	135.602356 	10.816654 	65.253349 	33.000000 	138.405197 	117.991524 	94.021271 	157.079605 	138.600143 	97.575615 	38.000000 	
37.215588 	118.338501 	13.892444 	37.643059 	69.354164 	102.800781 	29.000000 	45.967381 	53.758720 	82.073135 	13.453624 	121.247681 	24.758837 	26.400757 	129.247818 	82.024384 	7.211102 	30.000000 	104.350372 	51.224995 	114.017540 	102.068604 	10.000000 	6.082763 	31.384710 	122.800652 	999.000000 	28.160255 	13.928389 	94.752312 	44.944408 	116.516090 	4.000000 	4.472136 	69.892776 	12.806249 	119.670380 	66.887962 	98.493652 	15.620500 	13.341664 	37.947330 	37.121422 	15.811388 	35.171009 	95.268044 	
60.959003 	140.246216 	28.284271 	63.007935 	94.641426 	126.574089 	55.226807 	72.111023 	79.881165 	107.298645 	40.249222 	144.422989 	27.856777 	53.665630 	151.855194 	107.615051 	34.014702 	57.245087 	128.763351 	78.032043 	137.887634 	126.732002 	37.696156 	22.135944 	59.093147 	146.413803 	28.160255 	999.000000 	14.317822 	120.253899 	72.449982 	140.730240 	32.015621 	25.317978 	97.128784 	19.104973 	144.422989 	94.366310 	124.619423 	17.464249 	40.311287 	66.098412 	10.816654 	18.681541 	63.324562 	121.757957 	
48.918301 	129.529922 	18.027756 	50.249378 	82.073135 	114.865135 	42.011902 	59.033890 	66.843102 	94.794518 	26.627054 	133.060135 	23.345236 	39.962482 	140.801285 	94.921021 	20.248457 	43.566040 	116.726173 	64.637451 	126.150703 	114.560028 	23.706539 	8.062258 	45.177429 	134.825821 	13.928389 	14.317822 	999.000000 	107.628990 	58.668560 	128.817703 	17.720045 	11.045361 	83.528435 	7.071068 	132.230865 	80.622574 	111.664673 	7.615773 	26.076809 	51.865211 	23.323807 	8.944272 	49.040798 	108.600182 	
59.405388 	35.693138 	92.200867 	57.384666 	25.612497 	15.811388 	65.764732 	48.795490 	41.036568 	13.038404 	81.320351 	32.140316 	97.247108 	68.680420 	41.194660 	12.727922 	87.692642 	65.192024 	13.000000 	44.204071 	23.194826 	10.000000 	84.864601 	99.764725 	64.815125 	31.780497 	94.752312 	120.253899 	107.628990 	999.000000 	51.865211 	24.041630 	91.967384 	99.005051 	29.410883 	107.489532 	25.553865 	33.526108 	7.280110 	110.317726 	88.408142 	63.134777 	130.598618 	110.344917 	66.730804 	9.899495 	
20.615528 	81.043198 	46.572525 	14.866069 	28.460499 	62.769421 	18.248287 	9.433981 	13.038404 	40.249222 	32.202484 	81.541397 	55.326305 	18.788294 	90.249657 	39.446167 	38.470768 	15.231546 	63.063461 	8.246211 	73.348480 	60.415230 	34.985710 	50.606323 	13.601471 	82.292160 	44.944408 	72.449982 	58.668560 	51.865211 	999.000000 	75.179787 	41.617306 	48.826221 	25.000000 	57.201397 	77.388626 	21.954498 	54.561890 	60.000000 	36.796738 	12.165525 	81.987801 	59.816387 	15.524175 	50.911690 	
79.931221 	18.439089 	112.449989 	78.873314 	47.434166 	14.422205 	87.618492 	71.028160 	63.513779 	34.985710 	103.077644 	9.848858 	116.038788 	91.021973 	18.248287 	35.777088 	109.343498 	87.658424 	12.206555 	67.230942 	4.000000 	14.764823 	106.826965 	121.165176 	87.664131 	8.000000 	116.516090 	140.730240 	128.817703 	24.041630 	75.179787 	999.000000 	114.017540 	120.880104 	53.450912 	129.321304 	6.082763 	57.567352 	25.000000 	132.136292 	111.220505 	86.764046 	151.320847 	132.279999 	90.338257 	30.000000 	
35.341194 	116.361504 	16.278820 	35.227829 	66.708321 	100.439034 	26.400757 	43.185646 	50.931328 	79.397736 	11.180340 	118.983192 	27.658634 	23.345236 	127.094452 	79.246452 	6.000000 	26.907248 	101.828285 	48.166378 	111.606453 	99.488693 	7.211102 	10.049875 	28.017851 	120.432556 	4.000000 	32.015621 	17.720045 	91.967384 	41.617306 	114.017540 	999.000000 	7.211102 	66.610809 	15.620500 	117.034180 	63.513779 	95.524864 	18.439089 	9.486833 	34.176014 	40.718548 	18.384777 	31.320919 	92.195442 	
41.677334 	122.800652 	16.763054 	42.011902 	73.661385 	107.200745 	33.301651 	50.209560 	57.982758 	86.371292 	17.804493 	125.670204 	26.627054 	30.479502 	133.689941 	86.278618 	11.661903 	34.058773 	108.706024 	55.317268 	118.406082 	106.404884 	14.142136 	5.000000 	35.227829 	127.200630 	4.472136 	25.317978 	11.045361 	99.005051 	48.826221 	120.880104 	7.211102 	999.000000 	73.817345 	8.485281 	123.987900 	70.724815 	102.649887 	11.313708 	15.033297 	41.231056 	33.615471 	11.401754 	38.275318 	99.357941 	
39.623226 	63.031738 	70.384659 	35.440090 	16.278820 	43.185646 	42.047592 	25.961510 	19.104973 	21.095022 	56.938564 	61.188232 	77.884529 	43.566040 	70.213959 	19.000000 	63.285069 	39.962482 	41.976185 	19.313208 	52.392746 	39.051247 	59.908264 	75.471848 	38.600517 	61.131008 	69.892776 	97.128784 	83.528435 	29.410883 	25.000000 	53.450912 	66.610809 	73.817345 	999.000000 	82.200974 	54.625999 	4.123106 	30.528675 	85.000000 	61.554855 	34.828148 	106.850365 	84.811554 	38.418747 	26.400757 	
49.929951 	131.026718 	22.022715 	50.447994 	82.134033 	115.602768 	41.773197 	58.694122 	66.468040 	94.847244 	26.248810 	134.033585 	29.410883 	38.948685 	142.003525 	94.762863 	20.000000 	42.520584 	117.153748 	63.780876 	126.822708 	114.865135 	22.627417 	9.219544 	43.600460 	135.602356 	12.806249 	19.104973 	7.071068 	107.489532 	57.201397 	129.321304 	15.620500 	8.485281 	82.200974 	999.000000 	132.457535 	79.056938 	111.126053 	2.828427 	22.135944 	49.193497 	25.961510 	3.162278 	46.097721 	107.814659 	
83.486526 	23.853722 	116.180893 	82.073135 	50.328918 	19.313208 	90.686272 	73.878281 	66.219330 	37.643059 	106.216759 	14.142136 	120.208153 	93.861603 	21.023796 	38.013157 	112.538879 	90.426765 	15.811388 	69.634758 	10.049875 	17.691807 	109.877205 	124.482933 	90.210861 	10.816654 	119.670380 	144.422989 	132.230865 	25.553865 	77.388626 	6.082763 	117.034180 	123.987900 	54.625999 	132.457535 	999.000000 	58.694122 	24.738634 	135.281189 	113.811249 	88.684837 	154.935471 	135.369858 	92.282173 	29.614185 	
38.118237 	67.067131 	68.007355 	33.541019 	18.867962 	47.265209 	39.560081 	24.186773 	18.110771 	25.019993 	54.120235 	65.306969 	75.927597 	40.706264 	74.330345 	23.021729 	60.415230 	37.121422 	46.097721 	17.262676 	56.515484 	43.174065 	56.938564 	72.560318 	35.510563 	65.253349 	66.887962 	94.366310 	80.622574 	33.526108 	21.954498 	57.567352 	63.513779 	70.724815 	4.123106 	79.056938 	58.694122 	999.000000 	34.481880 	81.841309 	58.137768 	31.144823 	103.942291 	81.608826 	34.713108 	30.232433 	
64.140472 	39.560081 	96.798759 	61.611687 	30.413813 	20.808653 	69.656296 	52.630791 	44.821869 	18.681541 	85.146935 	34.234486 	102.420700 	72.180328 	43.104523 	17.464249 	91.547798 	68.622154 	16.552946 	47.381432 	25.317978 	13.892444 	88.526833 	103.711136 	67.896980 	33.000000 	98.493652 	124.619423 	111.664673 	7.280110 	54.561890 	25.000000 	95.524864 	102.649887 	30.528675 	111.126053 	24.738634 	34.481880 	999.000000 	113.951744 	91.350975 	65.215027 	134.807266 	113.899078 	68.818604 	5.000000 	
52.697250 	133.775925 	24.186773 	53.263496 	84.958817 	118.406082 	44.598206 	61.522354 	69.296463 	97.672920 	29.068884 	136.824707 	30.805843 	41.773197 	144.779144 	97.590981 	22.803509 	45.343136 	119.970833 	66.603302 	129.630249 	117.686020 	25.455845 	11.704700 	46.400433 	138.405197 	15.620500 	17.464249 	7.615773 	110.317726 	60.000000 	132.136292 	18.439089 	11.313708 	85.000000 	2.828427 	135.281189 	81.841309 	113.951744 	999.000000 	24.698177 	51.884487 	23.537205 	1.414214 	48.754486 	110.634537 	
35.510563 	115.039124 	25.000000 	33.837849 	63.812225 	98.112183 	25.000000 	40.311287 	47.707443 	76.275818 	13.601471 	116.846054 	36.619667 	20.615528 	125.239769 	75.802376 	12.727922 	23.706539 	99.020203 	44.204071 	109.077957 	96.519424 	10.295630 	19.104973 	23.600847 	117.991524 	13.341664 	40.311287 	26.076809 	88.408142 	36.796738 	111.220505 	9.486833 	15.033297 	61.554855 	22.135944 	113.811249 	58.137768 	91.350975 	24.698177 	999.000000 	27.459061 	48.083260 	24.166092 	24.186773 	87.692642 	
26.248810 	93.145050 	43.000000 	20.808653 	40.521599 	74.672615 	18.357559 	20.223749 	25.179358 	52.000000 	27.073973 	93.407707 	53.338543 	15.524175 	102.181213 	50.990196 	32.557640 	13.416408 	74.732857 	20.396078 	85.088188 	72.013885 	28.635643 	43.965897 	9.848858 	94.021271 	37.947330 	66.098412 	51.865211 	63.134777 	12.165525 	86.764046 	34.176014 	41.231056 	34.828148 	49.193497 	88.684837 	31.144823 	65.215027 	51.884487 	27.459061 	999.000000 	74.846512 	51.478149 	3.605551 	61.220913 	
71.449280 	151.029800 	38.948685 	73.246162 	104.995239 	137.207870 	65.215027 	82.200974 	90.000000 	117.686020 	49.929951 	155.128983 	38.483765 	63.285069 	162.606888 	117.923706 	43.566040 	66.887962 	139.316193 	87.920418 	148.519363 	137.244308 	47.010635 	31.384710 	68.476273 	157.079605 	37.121422 	10.816654 	23.323807 	130.598618 	81.987801 	151.320847 	40.718548 	33.615471 	106.850365 	25.961510 	154.935471 	103.942291 	134.807266 	23.537205 	48.083260 	74.846512 	999.000000 	24.331051 	71.867935 	131.825638 	
53.000000 	134.111893 	25.079872 	53.413483 	85.041168 	118.600166 	44.687805 	61.554855 	69.310890 	97.744568 	29.206163 	137.058380 	32.015621 	41.725292 	145.055161 	97.621719 	23.021729 	45.276924 	120.104118 	66.528191 	129.807556 	117.796432 	25.495098 	12.369317 	46.227695 	138.600143 	15.811388 	18.681541 	8.944272 	110.344917 	59.816387 	132.279999 	18.384777 	11.401754 	84.811554 	3.162278 	135.369858 	81.608826 	113.899078 	1.414214 	24.166092 	51.478149 	24.331051 	999.000000 	48.301140 	110.535065 	
27.459061 	96.566040 	41.109608 	22.360680 	43.965897 	78.185677 	18.439089 	23.021729 	28.442924 	55.542778 	25.019993 	96.932968 	51.788029 	14.764823 	105.688217 	54.561890 	30.149628 	13.453624 	78.294319 	23.769728 	88.639717 	75.584389 	26.172504 	41.231056 	9.899495 	97.575615 	35.171009 	63.324562 	49.040798 	66.730804 	15.524175 	90.338257 	31.320919 	38.275318 	38.418747 	46.097721 	92.282173 	34.713108 	68.818604 	48.754486 	24.186773 	3.605551 	71.867935 	48.301140 	999.000000 	64.815125 	
61.717098 	44.271889 	94.154129 	58.830265 	28.460499 	25.059929 	66.610809 	49.648766 	41.880783 	18.000000 	82.006096 	39.204590 	100.224747 	68.883957 	48.093658 	16.124516 	88.408142 	65.299309 	21.189621 	44.045429 	30.265491 	18.384777 	85.276024 	100.603180 	64.381676 	38.000000 	95.268044 	121.757957 	108.600182 	9.899495 	50.911690 	30.000000 	92.195442 	99.357941 	26.400757 	107.814659 	29.614185 	30.232433 	5.000000 	110.634537 	87.692642 	61.220913 	131.825638 	110.535065 	64.815125 	999.000000 	

Travel time:
9.000000 	2.028084 	0.820061 	0.145774 	0.845946 	1.648674 	0.276134 	0.350000 	0.515388 	1.160011 	0.604152 	2.105053 	0.965660 	0.403113 	2.302173 	1.171804 	0.750417 	0.371652 	1.697056 	0.525000 	1.930835 	1.644878 	0.705780 	1.035012 	0.447214 	2.147819 	0.930390 	1.523975 	1.222957 	1.485135 	0.515388 	1.998281 	0.883530 	1.041933 	0.990581 	1.248249 	2.087163 	0.952956 	1.603512 	1.317431 	0.887764 	0.656220 	1.786232 	1.325000 	0.686477 	1.542928 	
2.028084 	9.000000 	2.805018 	2.034853 	1.315770 	0.502494 	2.258456 	1.875667 	1.707703 	1.054751 	2.629757 	0.261008 	2.848794 	2.360747 	0.313249 	1.101136 	2.778489 	2.284732 	0.577170 	1.820028 	0.390512 	0.649038 	2.729469 	3.058288 	2.302851 	0.364006 	2.958462 	3.506155 	3.238248 	0.892328 	2.026080 	0.460977 	2.909038 	3.070016 	1.575794 	3.275668 	0.596343 	1.676678 	0.989002 	3.344398 	2.875978 	2.328626 	3.775745 	3.352797 	2.414151 	1.106797 	
0.820061 	2.805018 	9.000000 	0.883883 	1.665270 	2.457260 	0.711512 	1.118034 	1.308864 	1.980057 	0.403113 	2.904522 	0.291548 	0.707107 	3.092329 	1.990760 	0.313249 	0.789383 	2.512469 	1.276959 	2.740096 	2.462341 	0.403887 	0.325960 	0.855862 	2.953494 	0.347311 	0.707107 	0.450694 	2.305022 	1.164313 	2.811250 	0.406971 	0.419076 	1.759616 	0.550568 	2.904522 	1.700184 	2.419969 	0.604669 	0.625000 	1.075000 	0.973717 	0.626997 	1.027740 	2.353853 	
0.145774 	2.034853 	0.883883 	9.000000 	0.795692 	1.630376 	0.223607 	0.237171 	0.425000 	1.113833 	0.605186 	2.094039 	1.061249 	0.333542 	2.298097 	1.117195 	0.761988 	0.275000 	1.667708 	0.406971 	1.910007 	1.611094 	0.700446 	1.060660 	0.333542 	2.130288 	0.941076 	1.575198 	1.256234 	1.434617 	0.371652 	1.971833 	0.880696 	1.050297 	0.886002 	1.261200 	2.051828 	0.838525 	1.540292 	1.331587 	0.845946 	0.520216 	1.831154 	1.335337 	0.559017 	1.470757 	
0.845946 	1.315770 	1.665270 	0.795692 	9.000000 	0.860959 	1.009022 	0.590021 	0.403113 	0.318198 	1.397542 	1.330648 	1.800174 	1.090011 	1.546165 	0.325960 	1.556037 	1.005609 	0.880696 	0.506211 	1.131923 	0.820061 	1.488707 	1.856240 	1.007782 	1.355083 	1.733854 	2.366036 	2.051828 	0.640312 	0.711512 	1.185854 	1.667708 	1.841535 	0.406971 	2.053351 	1.258223 	0.471699 	0.760345 	2.123971 	1.595306 	1.013040 	2.624881 	2.126029 	1.099147 	0.711512 	
1.648674 	0.502494 	2.457260 	1.630376 	0.860959 	9.000000 	1.851520 	1.445035 	1.263428 	0.570088 	2.235090 	0.469707 	2.541776 	1.942453 	0.687841 	0.608276 	2.390084 	1.860779 	0.134629 	1.365650 	0.282843 	0.176777 	2.330772 	2.682466 	1.867652 	0.500000 	2.570019 	3.164352 	2.871628 	0.395285 	1.569236 	0.360555 	2.510976 	2.680019 	1.079641 	2.890069 	0.482830 	1.181630 	0.520216 	2.960152 	2.452805 	1.866815 	3.430197 	2.965004 	1.954642 	0.626498 	
0.276134 	2.258456 	0.711512 	0.223607 	1.009022 	1.851520 	9.000000 	0.425735 	0.620987 	1.326885 	0.388909 	2.316247 	0.928036 	0.127475 	2.521161 	1.325943 	0.548293 	0.125000 	1.885802 	0.570636 	2.130288 	1.827738 	0.480234 	0.851469 	0.215058 	2.351197 	0.725000 	1.380670 	1.050297 	1.644118 	0.456207 	2.190462 	0.660019 	0.832541 	1.051190 	1.044330 	2.267157 	0.989002 	1.741407 	1.114955 	0.625000 	0.458939 	1.630376 	1.117195 	0.460977 	1.665270 	
0.350000 	1.875667 	1.118034 	0.237171 	0.590021 	1.445035 	0.425735 	9.000000 	0.195256 	0.905883 	0.813941 	1.913439 	1.298075 	0.500000 	2.124264 	0.901734 	0.973717 	0.416083 	1.470544 	0.175000 	1.719920 	1.410009 	0.901734 	1.277204 	0.427200 	1.942453 	1.149184 	1.802776 	1.475847 	1.219887 	0.235850 	1.775704 	1.079641 	1.255239 	0.649038 	1.467353 	1.846957 	0.604669 	1.315770 	1.538059 	1.007782 	0.505594 	2.055024 	1.538871 	0.575543 	1.241219 	
0.515388 	1.707703 	1.308864 	0.425000 	0.403113 	1.263428 	0.620987 	0.195256 	9.000000 	0.715017 	1.009022 	1.732953 	1.478386 	0.691466 	1.946953 	0.707990 	1.168867 	0.605186 	1.282819 	0.127475 	1.535008 	1.220656 	1.096016 	1.472455 	0.604669 	1.758195 	1.343968 	1.997029 	1.671077 	1.025914 	0.325960 	1.587844 	1.273283 	1.449569 	0.477624 	1.661701 	1.655483 	0.452769 	1.120547 	1.732412 	1.192686 	0.629484 	2.250000 	1.732772 	0.711073 	1.047020 	
1.160011 	1.054751 	1.980057 	1.113833 	0.318198 	0.570088 	1.326885 	0.905883 	0.715017 	9.000000 	1.715554 	1.035918 	2.105499 	1.405569 	1.257229 	0.070711 	1.874166 	1.320038 	0.570636 	0.806226 	0.827647 	0.506211 	1.806239 	2.174425 	1.317431 	1.051190 	2.051828 	2.682466 	2.369863 	0.325960 	1.006231 	0.874643 	1.984943 	2.159282 	0.527376 	2.371181 	0.941076 	0.625500 	0.467039 	2.441823 	1.906895 	1.300000 	2.942151 	2.443614 	1.388569 	0.450000 	
0.604152 	2.629757 	0.403113 	0.605186 	1.397542 	2.235090 	0.388909 	0.813941 	1.009022 	1.715554 	9.000000 	2.697453 	0.680074 	0.335410 	2.899138 	1.714825 	0.160078 	0.425000 	2.272664 	0.950329 	2.515079 	2.215429 	0.103078 	0.465027 	0.474342 	2.735073 	0.336341 	1.006231 	0.665676 	2.033009 	0.805062 	2.576941 	0.279509 	0.445112 	1.423464 	0.656220 	2.655419 	1.353006 	2.128673 	0.726722 	0.340037 	0.676849 	1.248249 	0.730154 	0.625500 	2.050152 	
2.105053 	0.261008 	2.904522 	2.094039 	1.330648 	0.469707 	2.316247 	1.913439 	1.732953 	1.035918 	2.697453 	9.000000 	2.971742 	2.409616 	0.226385 	1.068001 	2.850987 	2.328760 	0.480885 	1.835245 	0.225000 	0.555090 	2.794302 	3.140064 	2.336932 	0.103078 	3.031192 	3.610575 	3.326503 	0.803508 	2.038535 	0.246221 	2.974580 	3.141755 	1.529706 	3.350840 	0.353553 	1.632674 	0.855862 	3.420618 	2.921151 	2.335193 	3.878225 	3.426460 	2.423324 	0.980115 	
0.965660 	2.848794 	0.291548 	1.061249 	1.800174 	2.541776 	0.928036 	1.298075 	1.478386 	2.105499 	0.680074 	2.971742 	9.000000 	0.951315 	3.146824 	2.125000 	0.604669 	1.025000 	2.610077 	1.467353 	2.823230 	2.566247 	0.693271 	0.548862 	1.101136 	3.029130 	0.618971 	0.696419 	0.583631 	2.431178 	1.383158 	2.900970 	0.691466 	0.665676 	1.947113 	0.735272 	3.005204 	1.898190 	2.560518 	0.770146 	0.915492 	1.333464 	0.962094 	0.800391 	1.294701 	2.505619 	
0.403113 	2.360747 	0.707107 	0.333542 	1.090011 	1.942453 	0.127475 	0.500000 	0.691466 	1.405569 	0.335410 	2.409616 	0.951315 	9.000000 	2.617728 	1.399330 	0.493077 	0.090139 	1.970406 	0.620987 	2.218812 	1.910007 	0.410031 	0.797653 	0.150000 	2.440927 	0.660019 	1.341641 	0.999062 	1.717010 	0.469707 	2.275549 	0.583631 	0.761988 	1.089151 	0.973717 	2.346540 	1.017657 	1.804508 	1.044330 	0.515388 	0.388104 	1.582127 	1.043132 	0.369121 	1.722099 	
2.302173 	0.313249 	3.092329 	2.298097 	1.546165 	0.687841 	2.521161 	2.124264 	1.946953 	1.257229 	2.899138 	0.226385 	3.146824 	2.617728 	9.000000 	1.291559 	3.050922 	2.538331 	0.707107 	2.051981 	0.450694 	0.781425 	2.997186 	3.336353 	2.549510 	0.261008 	3.231195 	3.796380 	3.520032 	1.029866 	2.256241 	0.456207 	3.177361 	3.342248 	1.755349 	3.550088 	0.525595 	1.858259 	1.077613 	3.619479 	3.130994 	2.554530 	4.065172 	3.626379 	2.642205 	1.202341 	
1.171804 	1.101136 	1.990760 	1.117195 	0.325960 	0.608276 	1.325943 	0.901734 	0.707990 	0.070711 	1.714825 	1.068001 	2.125000 	1.399330 	1.291559 	9.000000 	1.874166 	1.312441 	0.594243 	0.790569 	0.854400 	0.525595 	1.803469 	2.176149 	1.305038 	1.077033 	2.050610 	2.690376 	2.373025 	0.318198 	0.986154 	0.894427 	1.981161 	2.156965 	0.475000 	2.369071 	0.950329 	0.575543 	0.436606 	2.439775 	1.895059 	1.274755 	2.948093 	2.440543 	1.364047 	0.403113 	
0.750417 	2.778489 	0.313249 	0.761988 	1.556037 	2.390084 	0.548293 	0.973717 	1.168867 	1.874166 	0.160078 	2.850987 	0.604669 	0.493077 	3.050922 	1.874166 	9.000000 	0.583095 	2.429635 	1.110180 	2.670674 	2.373025 	0.100000 	0.305164 	0.626997 	2.890069 	0.180278 	0.850368 	0.506211 	2.192316 	0.961769 	2.733588 	0.150000 	0.291548 	1.582127 	0.500000 	2.813472 	1.510381 	2.288695 	0.570088 	0.318198 	0.813941 	1.089151 	0.575543 	0.753741 	2.210204 	
0.371652 	2.284732 	0.789383 	0.275000 	1.005609 	1.860779 	0.125000 	0.416083 	0.605186 	1.320038 	0.425000 	2.328760 	1.025000 	0.090139 	2.538331 	1.312441 	0.583095 	9.000000 	1.886299 	0.531507 	2.136001 	1.825171 	0.500000 	0.887764 	0.090139 	2.358495 	0.750000 	1.431127 	1.089151 	1.629801 	0.380789 	2.191461 	0.672681 	0.851469 	0.999062 	1.063015 	2.260669 	0.928036 	1.715554 	1.133578 	0.592663 	0.335410 	1.672199 	1.131923 	0.336341 	1.632483 	
1.697056 	0.577170 	2.512469 	1.667708 	0.880696 	0.134629 	1.885802 	1.470544 	1.282819 	0.570636 	2.272664 	0.480885 	2.610077 	1.970406 	0.707107 	0.594243 	2.429635 	1.886299 	9.000000 	1.376817 	0.261008 	0.075000 	2.366036 	2.726032 	1.886796 	0.482830 	2.608759 	3.219084 	2.918154 	0.325000 	1.576586 	0.305164 	2.545707 	2.717651 	1.049405 	2.928844 	0.395285 	1.152443 	0.413824 	2.999271 	2.475505 	1.868321 	3.482905 	3.002603 	1.957358 	0.529741 	
0.525000 	1.820028 	1.276959 	0.406971 	0.506211 	1.365650 	0.570636 	0.175000 	0.127475 	0.806226 	0.950329 	1.835245 	1.467353 	0.620987 	2.051981 	0.790569 	1.110180 	0.531507 	1.376817 	9.000000 	1.632483 	1.311964 	1.030776 	1.415318 	0.515388 	1.856071 	1.280625 	1.950801 	1.615936 	1.105102 	0.206155 	1.680773 	1.204159 	1.382932 	0.482830 	1.594522 	1.740869 	0.431567 	1.184536 	1.665083 	1.105102 	0.509902 	2.198010 	1.663205 	0.594243 	1.101136 	
1.930835 	0.390512 	2.740096 	1.910007 	1.131923 	0.282843 	2.130288 	1.719920 	1.535008 	0.827647 	2.515079 	0.225000 	2.823230 	2.218812 	0.450694 	0.854400 	2.670674 	2.136001 	0.261008 	1.632483 	9.000000 	0.333542 	2.610077 	2.964056 	2.139655 	0.223607 	2.850439 	3.447191 	3.153768 	0.579871 	1.833712 	0.100000 	2.790161 	2.960152 	1.309819 	3.170568 	0.251247 	1.412887 	0.632949 	3.240756 	2.726949 	2.127205 	3.712984 	3.245189 	2.215993 	0.756637 	
1.644878 	0.649038 	2.462341 	1.611094 	0.820061 	0.176777 	1.827738 	1.410009 	1.220656 	0.506211 	2.215429 	0.555090 	2.566247 	1.910007 	0.781425 	0.525595 	2.373025 	1.825171 	0.075000 	1.311964 	0.333542 	9.000000 	2.307867 	2.670791 	1.823630 	0.553399 	2.551715 	3.168300 	2.864001 	0.250000 	1.510381 	0.369121 	2.487217 	2.660122 	0.976281 	2.871628 	0.442295 	1.079352 	0.347311 	2.942151 	2.412986 	1.800347 	3.431108 	2.944911 	1.889610 	0.459619 	
0.705780 	2.729469 	0.403887 	0.700446 	1.488707 	2.330772 	0.480234 	0.901734 	1.096016 	1.806239 	0.103078 	2.794302 	0.693271 	0.410031 	2.997186 	1.803469 	0.100000 	0.500000 	2.366036 	1.030776 	2.610077 	2.307867 	9.000000 	0.391312 	0.536773 	2.830636 	0.250000 	0.942404 	0.592663 	2.121615 	0.874643 	2.670674 	0.180278 	0.353553 	1.497707 	0.565685 	2.746930 	1.423464 	2.213171 	0.636396 	0.257391 	0.715891 	1.175266 	0.637377 	0.654313 	2.131901 	
1.035012 	3.058288 	0.325960 	1.060660 	1.856240 	2.682466 	0.851469 	1.277204 	1.472455 	2.174425 	0.465027 	3.140064 	0.548862 	0.797653 	3.336353 	2.176149 	0.305164 	0.887764 	2.726032 	1.415318 	2.964056 	2.670791 	0.391312 	9.000000 	0.928036 	3.182079 	0.152069 	0.553399 	0.201556 	2.494118 	1.265158 	3.029130 	0.251247 	0.125000 	1.886796 	0.230489 	3.112073 	1.814008 	2.592778 	0.292617 	0.477624 	1.099147 	0.784618 	0.309233 	1.030776 	2.515079 	
0.447214 	2.302851 	0.855862 	0.333542 	1.007782 	1.867652 	0.215058 	0.427200 	0.604669 	1.317431 	0.474342 	2.336932 	1.101136 	0.150000 	2.549510 	1.305038 	0.626997 	0.090139 	1.886796 	0.515388 	2.139655 	1.823630 	0.536773 	0.928036 	9.000000 	2.362864 	0.784618 	1.477329 	1.129436 	1.620378 	0.340037 	2.191603 	0.700446 	0.880696 	0.965013 	1.090011 	2.255271 	0.887764 	1.697425 	1.160011 	0.590021 	0.246221 	1.711907 	1.155692 	0.247487 	1.609542 	
2.147819 	0.364006 	2.953494 	2.130288 	1.355083 	0.500000 	2.351197 	1.942453 	1.758195 	1.051190 	2.735073 	0.103078 	3.029130 	2.440927 	0.261008 	1.077033 	2.890069 	2.358495 	0.482830 	1.856071 	0.223607 	0.553399 	2.830636 	3.182079 	2.362864 	9.000000 	3.070016 	3.660345 	3.370646 	0.794512 	2.057304 	0.200000 	3.010814 	3.180016 	1.528275 	3.390059 	0.270416 	1.631334 	0.825000 	3.460130 	2.949788 	2.350532 	3.926990 	3.465003 	2.439390 	0.950000 	
0.930390 	2.958462 	0.347311 	0.941076 	1.733854 	2.570019 	0.725000 	1.149184 	1.343968 	2.051828 	0.336341 	3.031192 	0.618971 	0.660019 	3.231195 	2.050610 	0.180278 	0.750000 	2.608759 	1.280625 	2.850439 	2.551715 	0.250000 	0.152069 	0.784618 	3.070016 	9.000000 	0.704006 	0.348210 	2.368808 	1.123610 	2.912902 	0.100000 	0.111803 	1.747319 	0.320156 	2.991760 	1.672199 	2.462341 	0.390512 	0.333542 	0.948683 	0.928036 	0.395285 	0.879275 	2.381701 	
1.523975 	3.506155 	0.707107 	1.575198 	2.366036 	3.164352 	1.380670 	1.802776 	1.997029 	2.682466 	1.006231 	3.610575 	0.696419 	1.341641 	3.796380 	2.690376 	0.850368 	1.431127 	3.219084 	1.950801 	3.447191 	3.168300 	0.942404 	0.553399 	1.477329 	3.660345 	0.704006 	9.000000 	0.357946 	3.006347 	1.811249 	3.518256 	0.800391 	0.632949 	2.428220 	0.477624 	3.610575 	2.359158 	3.115486 	0.436606 	1.007782 	1.652460 	0.270416 	0.467039 	1.583114 	3.043949 	
1.222957 	3.238248 	0.450694 	1.256234 	2.051828 	2.871628 	1.050297 	1.475847 	1.671077 	2.369863 	0.665676 	3.326503 	0.583631 	0.999062 	3.520032 	2.373025 	0.506211 	1.089151 	2.918154 	1.615936 	3.153768 	2.864001 	0.592663 	0.201556 	1.129436 	3.370646 	0.348210 	0.357946 	9.000000 	2.690725 	1.466714 	3.220443 	0.443001 	0.276134 	2.088211 	0.176777 	3.305772 	2.015564 	2.791617 	0.190394 	0.651920 	1.296630 	0.583095 	0.223607 	1.226020 	2.715004 	
1.485135 	0.892328 	2.305022 	1.434617 	0.640312 	0.395285 	1.644118 	1.219887 	1.025914 	0.325960 	2.033009 	0.803508 	2.431178 	1.717010 	1.029866 	0.318198 	2.192316 	1.629801 	0.325000 	1.105102 	0.579871 	0.250000 	2.121615 	2.494118 	1.620378 	0.794512 	2.368808 	3.006347 	2.690725 	9.000000 	1.296630 	0.601041 	2.299185 	2.475126 	0.735272 	2.687238 	0.638847 	0.838153 	0.182003 	2.757943 	2.210204 	1.578369 	3.264966 	2.758623 	1.668270 	0.247487 	
0.515388 	2.026080 	1.164313 	0.371652 	0.711512 	1.569236 	0.456207 	0.235850 	0.325960 	1.006231 	0.805062 	2.038535 	1.383158 	0.469707 	2.256241 	0.986154 	0.961769 	0.380789 	1.576586 	0.206155 	1.833712 	1.510381 	0.874643 	1.265158 	0.340037 	2.057304 	1.123610 	1.811249 	1.466714 	1.296630 	9.000000 	1.879495 	1.040433 	1.220656 	0.625000 	1.430035 	1.934716 	0.548862 	1.364047 	1.500000 	0.919918 	0.304138 	2.049695 	1.495410 	0.388104 	1.272792 	
1.998281 	0.460977 	2.811250 	1.971833 	1.185854 	0.360555 	2.190462 	1.775704 	1.587844 	0.874643 	2.576941 	0.246221 	2.900970 	2.275549 	0.456207 	0.894427 	2.733588 	2.191461 	0.305164 	1.680773 	0.100000 	0.369121 	2.670674 	3.029130 	2.191603 	0.200000 	2.912902 	3.518256 	3.220443 	0.601041 	1.879495 	9.000000 	2.850439 	3.022003 	1.336273 	3.233033 	0.152069 	1.439184 	0.625000 	3.303407 	2.780513 	2.169101 	3.783021 	3.307000 	2.258456 	0.750000 	
0.883530 	2.909038 	0.406971 	0.880696 	1.667708 	2.510976 	0.660019 	1.079641 	1.273283 	1.984943 	0.279509 	2.974580 	0.691466 	0.583631 	3.177361 	1.981161 	0.150000 	0.672681 	2.545707 	1.204159 	2.790161 	2.487217 	0.180278 	0.251247 	0.700446 	3.010814 	0.100000 	0.800391 	0.443001 	2.299185 	1.040433 	2.850439 	9.000000 	0.180278 	1.665270 	0.390512 	2.925854 	1.587844 	2.388122 	0.460977 	0.237171 	0.854400 	1.017964 	0.459619 	0.783023 	2.304886 	
1.041933 	3.070016 	0.419076 	1.050297 	1.841535 	2.680019 	0.832541 	1.255239 	1.449569 	2.159282 	0.445112 	3.141755 	0.665676 	0.761988 	3.342248 	2.156965 	0.291548 	0.851469 	2.717651 	1.382932 	2.960152 	2.660122 	0.353553 	0.125000 	0.880696 	3.180016 	0.111803 	0.632949 	0.276134 	2.475126 	1.220656 	3.022003 	0.180278 	9.000000 	1.845434 	0.212132 	3.099698 	1.768120 	2.566247 	0.282843 	0.375832 	1.030776 	0.840387 	0.285044 	0.956883 	2.483948 	
0.990581 	1.575794 	1.759616 	0.886002 	0.406971 	1.079641 	1.051190 	0.649038 	0.477624 	0.527376 	1.423464 	1.529706 	1.947113 	1.089151 	1.755349 	0.475000 	1.582127 	0.999062 	1.049405 	0.482830 	1.309819 	0.976281 	1.497707 	1.886796 	0.965013 	1.528275 	1.747319 	2.428220 	2.088211 	0.735272 	0.625000 	1.336273 	1.665270 	1.845434 	9.000000 	2.055024 	1.365650 	0.103078 	0.763217 	2.125000 	1.538871 	0.870704 	2.671259 	2.120289 	0.960469 	0.660019 	
