Total assets = 590
Number of asset nodes = 33

Distance:
999.000000 	11.313708 	29.068884 	19.416489 	24.596748 	19.723083 	18.439089 	97.349884 	81.055534 	108.046288 	19.697716 	18.973665 	75.742989 	72.945183 	5.099020 	26.400757 	99.317673 	4.123106 	58.412327 	86.769814 	84.118965 	108.756607 	82.219215 	106.230881 	81.492332 	24.515301 	30.675724 	87.235313 	80.659782 	85.088188 	83.546394 	82.492424 	104.043259 	27.459061 	60.307545 	19.416489 	77.781746 	106.254410 	32.015621 	99.809822 	63.126858 	87.783829 	19.924858 	80.156097 	82.734512 	27.018513 	28.017851 	30.149628 	31.257000 	77.897369 	86.267029 	
11.313708 	999.000000 	40.360870 	8.544003 	35.510563 	9.219544 	28.635643 	108.466583 	92.314682 	119.037811 	10.000000 	10.198039 	87.045967 	83.862984 	9.486833 	37.643059 	110.018181 	15.000000 	47.201694 	76.059189 	73.348480 	119.816528 	93.509361 	117.324333 	70.661163 	34.539833 	41.146080 	76.485291 	91.967384 	74.242844 	94.847244 	71.589104 	115.208504 	37.336308 	49.040798 	27.294687 	89.095451 	117.413795 	42.154476 	111.040535 	51.855568 	99.085823 	27.073973 	69.115845 	94.047859 	36.138622 	37.107952 	39.560081 	40.804413 	89.196411 	97.580734 	
29.068884 	40.360870 	999.000000 	48.104053 	8.000000 	48.166378 	15.524175 	69.771057 	52.697250 	81.024689 	47.634022 	46.400433 	47.010635 	46.840153 	32.449963 	6.324555 	73.763138 	25.806976 	87.458565 	115.247559 	112.680969 	81.394104 	53.600372 	78.714676 	110.136276 	14.142136 	11.401754 	115.762688 	51.855568 	113.740936 	54.817879 	111.220505 	76.157730 	14.866069 	89.375610 	23.194826 	48.836460 	78.390053 	14.212670 	71.561165 	92.195442 	59.033890 	25.179358 	109.041275 	53.814495 	18.681541 	18.973665 	17.888544 	17.492855 	48.836460 	57.314919 	
19.416489 	8.544003 	48.104053 	999.000000 	42.638012 	1.414214 	35.227829 	116.764717 	100.424103 	127.424484 	3.605551 	5.385165 	95.015785 	92.282173 	18.027756 	45.803928 	118.511604 	23.323807 	40.311287 	70.228203 	67.416618 	128.160049 	101.533249 	125.642349 	64.621979 	40.816662 	47.707443 	70.576202 	99.904953 	68.154236 	102.825096 	65.391129 	123.458496 	43.416588 	41.880783 	32.310989 	96.938126 	125.670204 	48.373547 	119.201508 	44.654228 	107.056061 	31.622776 	62.609905 	101.911728 	41.629318 	42.544094 	45.188496 	46.518814 	96.876213 	105.418213 	
24.596748 	35.510563 	8.000000 	42.638012 	999.000000 	42.520584 	8.062258 	76.967529 	59.539902 	88.391174 	41.725292 	40.311287 	53.535034 	54.571056 	28.792360 	11.661903 	81.492332 	22.135944 	82.661964 	111.364265 	108.706024 	88.639717 	60.207973 	85.906929 	106.066017 	6.324555 	7.071068 	111.825760 	58.249462 	109.658562 	61.294373 	107.042046 	83.186539 	7.810250 	84.403793 	15.297058 	55.000000 	85.422478 	9.486833 	78.390053 	87.200920 	65.459915 	17.262676 	104.623131 	60.000000 	11.180340 	11.661903 	11.313708 	11.401754 	54.561890 	63.411354 	
19.723083 	9.219544 	48.166378 	1.414214 	42.520584 	999.000000 	35.000000 	117.046997 	100.603180 	127.769325 	2.236068 	4.123106 	95.131485 	92.660675 	18.681541 	46.043457 	118.966385 	23.706539 	40.706264 	70.837845 	68.007355 	128.471786 	101.671036 	125.936493 	65.192024 	40.496914 	47.434166 	71.168816 	100.004997 	68.709534 	102.941734 	65.924202 	123.709335 	43.046486 	42.190044 	31.780497 	97.000000 	125.924583 	48.020828 	119.402679 	44.944408 	107.168091 	31.016125 	63.071388 	101.980392 	41.146080 	42.047592 	44.721359 	46.065170 	96.876213 	105.475113 	
18.439089 	28.635643 	15.524175 	35.227829 	8.062258 	35.000000 	999.000000 	85.000000 	67.601776 	96.384644 	34.058773 	32.557640 	61.587337 	62.361847 	23.194826 	17.117243 	89.286057 	17.000000 	75.471848 	104.694794 	101.980392 	96.664368 	68.264191 	93.941475 	99.282425 	6.082763 	12.529964 	105.118980 	66.287254 	102.859123 	69.339745 	100.184830 	91.241440 	9.055386 	77.103828 	8.062258 	63.007935 	93.477272 	13.601471 	86.452301 	79.881165 	73.498299 	10.049875 	97.616600 	68.007355 	9.486833 	10.440307 	12.041595 	13.000000 	62.481998 	71.400284 	
97.349884 	108.466583 	69.771057 	116.764717 	76.967529 	117.046997 	85.000000 	999.000000 	18.248287 	12.041595 	116.811813 	115.762688 	25.179358 	25.495098 	99.403221 	71.021126 	15.000000 	93.477272 	153.912308 	178.331146 	176.139145 	11.704700 	19.000000 	8.944272 	173.971268 	81.706795 	75.272835 	179.011169 	22.022715 	177.519012 	19.104973 	175.368179 	7.211102 	80.653580 	156.204987 	91.923882 	26.019224 	9.219544 	76.537575 	7.280110 	159.022018 	16.763054 	93.776329 	173.971268 	22.360680 	84.433403 	84.118965 	81.608826 	80.361679 	29.274563 	21.189621 	
81.055534 	92.314682 	52.697250 	100.424103 	59.539902 	100.603180 	67.601776 	18.248287 	999.000000 	30.265491 	100.209778 	99.045441 	7.000000 	16.031219 	83.546394 	54.671749 	28.460499 	77.336922 	138.600143 	164.295471 	161.969131 	29.832869 	3.162278 	26.925823 	159.665268 	63.976559 	57.384666 	164.924225 	5.656854 	163.248276 	5.099020 	160.962723 	23.769728 	62.769421 	140.758652 	74.249580 	8.944272 	26.000000 	58.523499 	18.867962 	143.586212 	8.246211 	76.059189 	159.289047 	8.062258 	66.483078 	66.128662 	63.568859 	62.297672 	13.038404 	10.198039 	
108.046288 	119.037811 	81.024689 	127.424484 	88.391174 	127.769325 	96.384644 	12.041595 	30.265491 	999.000000 	127.632286 	126.657021 	37.215588 	35.227829 	109.836243 	81.884064 	13.341664 	104.100914 	163.835281 	187.384628 	185.283569 	3.162278 	31.016125 	5.000000 	183.207535 	93.300591 	86.977005 	188.095718 	34.000000 	186.724396 	31.016125 	184.664566 	9.433981 	92.347168 	166.207703 	103.464973 	38.000000 	8.485281 	88.323273 	15.231546 	169.011841 	28.284271 	105.342300 	183.447540 	34.132095 	96.166519 	95.880135 	93.407707 	92.179176 	41.109608 	32.557640 	
19.697716 	10.000000 	47.634022 	3.605551 	41.725292 	2.236068 	34.058773 	116.811813 	100.209778 	127.632286 	999.000000 	2.000000 	94.641426 	92.590500 	19.235384 	45.793011 	119.012604 	23.769728 	42.047592 	72.422371 	69.570107 	128.280945 	101.212646 	125.717941 	66.730804 	39.408119 	46.400433 	72.732384 	99.488693 	70.228203 	102.449989 	67.416618 	123.422043 	41.880783 	43.416588 	30.413813 	96.426140 	125.642349 	46.872166 	119.037811 	46.141087 	106.667709 	29.546574 	64.474800 	101.414986 	39.824615 	40.706264 	43.416588 	44.777225 	96.208107 	104.890419 	
18.973665 	10.198039 	46.400433 	5.385165 	40.311287 	4.123106 	32.557640 	115.762688 	99.045441 	126.657021 	2.000000 	999.000000 	93.407707 	91.678787 	19.026299 	44.777225 	118.186295 	23.086792 	43.863426 	74.330345 	71.470276 	127.263504 	100.000000 	124.679588 	68.622154 	37.802116 	44.821869 	74.632431 	98.234413 	72.111023 	101.212646 	69.289246 	122.331520 	40.224369 	45.177429 	28.653097 	95.131485 	124.555206 	45.221676 	117.889778 	47.885281 	105.422958 	27.730848 	66.309875 	100.124924 	38.078865 	38.948685 	41.677334 	43.046486 	94.847244 	103.585716 	
75.742989 	87.045967 	47.010635 	95.015785 	53.535034 	95.131485 	61.587337 	25.179358 	7.000000 	37.215588 	94.641426 	93.407707 	999.000000 	17.888544 	78.492035 	49.497475 	35.171009 	72.138756 	133.689941 	160.000000 	157.610275 	36.674240 	6.708204 	33.734257 	155.241745 	57.706154 	50.990196 	160.601990 	5.000000 	158.836395 	7.810250 	156.486420 	30.364452 	56.364883 	135.771866 	68.000000 	4.123106 	32.572994 	52.000000 	25.079872 	138.600143 	12.041595 	69.771057 	154.673843 	7.615773 	60.008331 	59.615433 	57.008770 	55.713554 	8.062258 	11.180340 	
72.945183 	83.862984 	46.840153 	92.282173 	54.571056 	92.660675 	62.361847 	25.495098 	16.031219 	35.227829 	92.590500 	91.678787 	17.888544 	999.000000 	74.625732 	47.010635 	26.925823 	68.963760 	128.689545 	152.839783 	150.655243 	36.235340 	19.104973 	33.970577 	148.499161 	60.016663 	54.332310 	153.521988 	20.615528 	152.042755 	21.095022 	149.906631 	32.649654 	59.539902 	131.034348 	69.856995 	21.931713 	34.713108 	56.142673 	30.016663 	133.843185 	24.020824 	71.805290 	148.553024 	23.537205 	63.505905 	63.387695 	61.204575 	60.133186 	25.942244 	26.172504 	
5.099020 	9.486833 	32.449963 	18.027756 	28.792360 	18.681541 	23.194826 	99.403221 	83.546394 	109.836243 	19.235384 	19.026299 	78.492035 	74.625732 	999.000000 	29.000000 	100.647903 	6.708204 	55.226807 	82.855293 	80.262070 	110.679718 	84.864601 	108.226616 	77.698135 	29.274563 	35.171009 	83.354668 	83.450584 	81.301903 	86.267029 	78.771820 	106.212051 	32.249031 	57.280014 	24.515301 	80.721741 	108.406639 	36.674240 	102.176315 	60.108234 	90.509666 	25.000000 	76.609398 	85.632935 	32.000000 	33.000000 	35.057095 	36.124783 	81.055534 	89.196411 	
26.400757 	37.643059 	6.324555 	45.803928 	11.661903 	46.043457 	17.117243 	71.021126 	54.671749 	81.884064 	45.793011 	44.777225 	49.497475 	47.010635 	29.000000 	999.000000 	73.736015 	22.671568 	84.219948 	111.220505 	108.724419 	82.492424 	55.901699 	79.924965 	106.254410 	17.888544 	17.029387 	111.772087 	54.451813 	109.859001 	57.280014 	107.415085 	77.665955 	19.416489 	86.278618 	25.179358 	51.739735 	79.881165 	19.849434 	73.409805 	89.106674 	61.522354 	27.166155 	105.422958 	56.639210 	22.825424 	23.323807 	22.803509 	22.671568 	52.201534 	60.207973 	
99.317673 	110.018181 	73.763138 	118.511604 	81.492332 	118.966385 	89.286057 	15.000000 	28.460499 	13.341664 	119.012604 	118.186295 	35.171009 	26.925823 	100.647903 	73.736015 	999.000000 	95.273293 	153.687988 	176.241318 	174.229736 	16.124516 	30.463093 	16.031219 	172.246918 	86.884979 	81.049370 	176.980225 	33.615471 	175.727066 	31.304953 	173.761337 	18.681541 	86.313385 	156.156967 	96.772926 	37.336308 	19.235384 	82.734512 	21.954498 	158.937088 	30.232433 	98.716766 	172.733902 	34.885529 	90.255196 	90.094398 	87.823685 	86.700638 	41.231056 	34.669872 	
4.123106 	15.000000 	25.806976 	23.323807 	22.135944 	23.706539 	17.000000 	93.477272 	77.336922 	104.100914 	23.769728 	23.086792 	72.138756 	68.963760 	6.708204 	22.671568 	95.273293 	999.000000 	61.717098 	89.554451 	86.954010 	104.847511 	78.568443 	102.342560 	84.380089 	23.021729 	28.635643 	90.049988 	77.077881 	87.982956 	79.931221 	85.440041 	100.209778 	26.019224 	63.702435 	19.697716 	74.276512 	102.415817 	30.265491 	96.046867 	66.528191 	84.172440 	20.591261 	83.234612 	79.208588 	26.172504 	27.166155 	29.017237 	30.000000 	74.518456 	82.758682 	
58.412327 	47.201694 	87.458565 	40.311287 	82.661964 	40.706264 	75.471848 	153.912308 	138.600143 	163.835281 	42.047592 	43.863426 	133.689941 	128.689545 	55.226807 	84.219948 	153.687988 	61.717098 	999.000000 	31.257000 	28.284271 	164.924225 	140.014282 	162.606888 	25.317978 	81.123360 	87.982956 	31.400637 	138.657852 	28.635643 	141.449631 	25.709921 	160.863297 	83.725746 	3.000000 	72.449982 	135.948517 	163.027603 	88.684837 	157.079605 	5.385165 	145.691452 	71.589104 	22.472204 	140.858078 	81.841309 	82.734512 	85.422478 	86.769814 	136.235092 	144.422989 	
86.769814 	76.059189 	115.247559 	70.228203 	111.364265 	70.837845 	104.694794 	178.331146 	164.295471 	187.384628 	72.422371 	74.330345 	160.000000 	152.839783 	82.855293 	111.220505 	176.241318 	89.554451 	31.257000 	999.000000 	3.000000 	188.809433 	166.027100 	186.724396 	6.000000 	110.571243 	117.200684 	1.000000 	165.000000 	3.605551 	167.609665 	6.324555 	185.456192 	113.318138 	31.016125 	102.528046 	162.631485 	187.544662 	118.186295 	182.222397 	29.017237 	171.816757 	101.843018 	10.770329 	167.409683 	111.789978 	112.720894 	115.316956 	116.619041 	163.367691 	171.011688 	
84.118965 	73.348480 	112.680969 	67.416618 	108.706024 	68.007355 	101.980392 	176.139145 	161.969131 	185.283569 	69.570107 	71.470276 	157.610275 	150.655243 	80.262070 	108.724419 	174.229736 	86.954010 	28.284271 	3.000000 	999.000000 	186.676193 	163.670395 	184.567062 	3.000000 	107.837845 	114.494545 	3.162278 	162.609970 	2.000000 	165.239227 	3.605551 	183.251190 	110.571243 	28.017851 	99.724625 	160.206116 	185.348328 	115.451286 	179.961105 	26.019224 	169.452057 	99.020203 	8.062258 	165.000000 	109.004585 	109.931801 	112.538879 	113.846390 	160.897476 	168.600113 	
108.756607 	119.816528 	81.394104 	128.160049 	88.639717 	128.471786 	96.664368 	11.704700 	29.832869 	3.162278 	128.280945 	127.263504 	36.674240 	36.235340 	110.679718 	82.492424 	16.124516 	104.847511 	164.924225 	188.809433 	186.676193 	999.000000 	30.265491 	3.000000 	184.567062 	93.407707 	86.977005 	189.509888 	33.136082 	188.095718 	30.066593 	186.002686 	7.280110 	92.358002 	167.263260 	103.619499 	37.121422 	5.830952 	88.232651 	13.341664 	170.073517 	27.018513 	105.475113 	184.718704 	33.000000 	96.135323 	95.817535 	93.300591 	92.048897 	40.000000 	31.144823 	
82.219215 	93.509361 	53.600372 	101.533249 	60.207973 	101.671036 	68.264191 	19.000000 	3.162278 	31.016125 	101.212646 	100.000000 	6.708204 	19.104973 	84.864601 	55.901699 	30.463093 	78.568443 	140.014282 	166.027100 	163.670395 	30.265491 	999.000000 	27.294687 	161.335052 	64.412735 	57.697487 	166.643326 	3.162278 	164.924225 	2.000000 	162.606888 	23.769728 	63.071388 	142.130219 	74.706093 	7.071068 	25.961510 	58.694122 	18.384777 	144.958618 	5.830952 	76.478752 	160.863297 	5.000000 	66.708321 	66.309875 	63.694584 	62.393909 	10.770329 	7.071068 	
106.230881 	117.324333 	78.714676 	125.642349 	85.906929 	125.936493 	93.941475 	8.944272 	26.925823 	5.000000 	125.717941 	124.679588 	33.734257 	33.970577 	108.226616 	79.924965 	16.031219 	102.342560 	162.606888 	186.724396 	184.567062 	3.000000 	27.294687 	999.000000 	182.433548 	90.620087 	84.154617 	187.416641 	30.149628 	185.970428 	27.073973 	183.853195 	4.472136 	89.537704 	164.924225 	100.846420 	34.132095 	3.605551 	85.381500 	10.440307 	167.737885 	24.020824 	102.693718 	182.521225 	30.000000 	93.300591 	92.973114 	90.443352 	89.185204 	37.000000 	28.160255 	
81.492332 	70.661163 	110.136276 	64.621979 	106.066017 	65.192024 	99.282425 	173.971268 	159.665268 	183.207535 	66.730804 	68.622154 	155.241745 	148.499161 	77.698135 	106.254410 	172.246918 	84.380089 	25.317978 	6.000000 	3.000000 	184.567062 	161.335052 	182.433548 	999.000000 	105.118980 	111.803398 	6.082763 	160.240448 	3.605551 	162.889526 	2.000000 	181.069046 	107.837845 	25.019993 	96.932968 	157.800507 	183.174774 	112.729767 	177.721695 	23.021729 	167.107742 	96.208107 	5.656854 	162.609970 	106.230881 	107.154091 	109.772491 	111.085556 	158.445572 	166.207703 	
24.515301 	34.539833 	14.142136 	40.816662 	6.324555 	40.496914 	6.082763 	81.706795 	63.976559 	93.300591 	39.408119 	37.802116 	57.706154 	60.016663 	29.274563 	17.888544 	86.884979 	23.021729 	81.123360 	110.571243 	107.837845 	93.407707 	64.412735 	90.620087 	105.118980 	999.000000 	7.071068 	110.981979 	62.265560 	108.687622 	65.368187 	105.990562 	87.726852 	3.000000 	82.680107 	10.295630 	58.830265 	89.961105 	7.615773 	82.734512 	85.440041 	69.462219 	12.083046 	103.353760 	63.812225 	5.000000 	5.656854 	6.324555 	7.071068 	58.008621 	67.119293 	
30.675724 	41.146080 	11.401754 	47.707443 	7.071068 	47.434166 	12.529964 	75.272835 	57.384666 	86.977005 	46.400433 	44.821869 	50.990196 	54.332310 	35.171009 	17.029387 	81.049370 	28.635643 	87.982956 	117.200684 	114.494545 	86.977005 	57.697487 	84.154617 	111.803398 	7.071068 	999.000000 	117.630775 	55.470715 	115.381973 	58.591808 	112.712021 	81.154175 	5.385165 	89.587944 	17.204651 	51.971146 	83.384651 	2.828427 	76.059189 	92.358002 	62.649822 	18.867962 	110.145355 	56.938564 	9.219544 	9.055386 	7.071068 	6.324555 	51.039200 	60.207973 	
87.235313 	76.485291 	115.762688 	70.576202 	111.825760 	71.168816 	105.118980 	179.011169 	164.924225 	188.095718 	72.732384 	74.632431 	160.601990 	153.521988 	83.354668 	111.772087 	176.980225 	90.049988 	31.400637 	1.000000 	3.162278 	189.509888 	166.643326 	187.416641 	6.082763 	110.981979 	117.630775 	999.000000 	165.601929 	3.162278 	168.220093 	6.082763 	186.131668 	113.718948 	31.064449 	102.883430 	163.217651 	188.223267 	118.595955 	182.877014 	29.000000 	172.429703 	102.181213 	10.440307 	168.002975 	112.160599 	113.088463 	115.693558 	117.000000 	163.932907 	171.604202 	
80.659782 	91.967384 	51.855568 	99.904953 	58.249462 	100.004997 	66.287254 	22.022715 	5.656854 	34.000000 	99.488693 	98.234413 	5.000000 	20.615528 	83.450584 	54.451813 	33.615471 	77.077881 	138.657852 	165.000000 	162.609970 	33.136082 	3.162278 	30.149628 	160.240448 	62.265560 	55.470715 	165.601929 	999.000000 	163.835281 	3.162278 	161.483749 	26.476404 	60.827625 	140.730240 	72.560318 	4.000000 	28.635643 	56.364883 	20.880613 	143.558350 	7.211102 	74.303429 	159.665268 	3.000000 	64.404968 	63.976559 	61.326992 	60.008331 	7.615773 	6.324555 	
85.088188 	74.242844 	113.740936 	68.154236 	109.658562 	68.709534 	102.859123 	177.519012 	163.248276 	186.724396 	70.228203 	72.111023 	158.836395 	152.042755 	81.301903 	109.859001 	175.727066 	87.982956 	28.635643 	3.605551 	2.000000 	188.095718 	164.924225 	185.970428 	3.605551 	108.687622 	115.381973 	3.162278 	163.835281 	999.000000 	166.481232 	3.000000 	184.621231 	111.400177 	28.160255 	100.463921 	161.400131 	186.724396 	116.297035 	181.289825 	26.019224 	170.698563 	99.724625 	7.280110 	166.207703 	109.772491 	110.693268 	113.318138 	114.634201 	162.049377 	169.805771 	
83.546394 	94.847244 	54.817879 	102.825096 	61.294373 	102.941734 	69.339745 	19.104973 	5.099020 	31.016125 	102.449989 	101.212646 	7.810250 	21.095022 	86.267029 	57.280014 	31.304953 	79.931221 	141.449631 	167.609665 	165.239227 	30.066593 	2.000000 	27.073973 	162.889526 	65.368187 	58.591808 	168.220093 	3.162278 	166.481232 	999.000000 	164.149323 	23.345236 	63.953106 	143.544418 	75.663727 	7.071068 	25.495098 	59.506302 	17.720045 	146.372818 	4.242640 	77.414467 	162.373032 	3.605551 	67.542580 	67.119293 	64.474800 	63.158531 	10.198039 	5.099020 	
82.492424 	71.589104 	111.220505 	65.391129 	107.042046 	65.924202 	100.184830 	175.368179 	160.962723 	184.664566 	67.416618 	69.289246 	156.486420 	149.906631 	78.771820 	107.415085 	173.761337 	85.440041 	25.709921 	6.324555 	3.605551 	186.002686 	162.606888 	183.853195 	2.000000 	105.990562 	112.712021 	6.082763 	161.483749 	3.000000 	164.149323 	999.000000 	182.455475 	108.687622 	25.179358 	97.693398 	159.012573 	184.567062 	113.595772 	179.067032 	23.021729 	168.371613 	96.932968 	4.472136 	163.835281 	107.018692 	107.935165 	110.571243 	111.892807 	159.615158 	167.430588 	
104.043259 	115.208504 	76.157730 	123.458496 	83.186539 	123.709335 	91.241440 	7.211102 	23.769728 	9.433981 	123.422043 	122.331520 	30.364452 	32.649654 	106.212051 	77.665955 	18.681541 	100.209778 	160.863297 	185.456192 	183.251190 	7.280110 	23.769728 	4.472136 	181.069046 	87.726852 	81.154175 	186.131668 	26.476404 	184.621231 	23.345236 	182.455475 	999.000000 	86.539009 	163.131851 	97.989792 	30.413813 	2.236068 	82.280006 	6.082763 	165.951797 	20.024984 	99.809822 	181.024857 	26.076809 	90.249657 	89.888817 	87.315521 	86.034874 	33.060551 	24.020824 	
27.459061 	37.336308 	14.866069 	43.416588 	7.810250 	43.046486 	9.055386 	80.653580 	62.769421 	92.347168 	41.880783 	40.224369 	56.364883 	59.539902 	32.249031 	19.416489 	86.313385 	26.019224 	83.725746 	113.318138 	110.571243 	92.358002 	63.071388 	89.537704 	107.837845 	3.000000 	5.385165 	113.718948 	60.827625 	111.400177 	63.953106 	108.687622 	86.539009 	999.000000 	85.234970 	12.041595 	57.306194 	88.769363 	5.000000 	81.437096 	87.982956 	68.000000 	13.601471 	106.004715 	62.265560 	4.000000 	4.123106 	3.605551 	4.123106 	56.302753 	65.513359 	
60.307545 	49.040798 	89.375610 	41.880783 	84.403793 	42.190044 	77.103828 	156.204987 	140.758652 	166.207703 	43.416588 	45.177429 	135.771866 	131.034348 	57.280014 	86.278618 	156.156967 	63.702435 	3.000000 	31.016125 	28.017851 	167.263260 	142.130219 	164.924225 	25.019993 	82.680107 	89.587944 	31.064449 	140.730240 	28.160255 	143.544418 	25.179358 	163.131851 	85.234970 	999.000000 	73.824112 	137.974640 	165.302750 	90.210861 	159.289047 	2.828427 	147.787003 	72.897186 	21.587032 	142.898560 	83.240616 	84.118965 	86.833176 	88.192970 	138.191895 	146.454773 	
19.416489 	27.294687 	23.194826 	32.310989 	15.297058 	31.780497 	8.062258 	91.923882 	74.249580 	103.464973 	30.413813 	28.653097 	68.000000 	69.856995 	24.515301 	25.179358 	96.772926 	19.697716 	72.449982 	102.528046 	99.724625 	103.619499 	74.706093 	100.846420 	96.932968 	10.295630 	17.204651 	102.883430 	72.560318 	100.463921 	75.663727 	97.693398 	97.989792 	12.041595 	73.824112 	999.000000 	69.115845 	100.224747 	16.970562 	93.021500 	76.537575 	79.755875 	2.000000 	94.847244 	74.094536 	9.433981 	10.295630 	13.038404 	14.422205 	68.242218 	77.388626 	
77.781746 	89.095451 	48.836460 	96.938126 	55.000000 	97.000000 	63.007935 	26.019224 	8.944272 	38.000000 	96.426140 	95.131485 	4.123106 	21.931713 	80.721741 	51.739735 	37.336308 	74.276512 	135.948517 	162.631485 	160.206116 	37.121422 	7.071068 	34.132095 	157.800507 	58.830265 	51.971146 	163.217651 	4.000000 	161.400131 	7.071068 	159.012573 	30.413813 	57.306194 	137.974640 	69.115845 	999.000000 	32.557640 	52.773098 	24.738634 	140.801285 	10.770329 	70.830788 	157.114609 	5.000000 	60.827625 	60.373837 	57.697487 	56.364883 	4.242640 	8.485281 	
106.254410 	117.413795 	78.390053 	125.670204 	85.422478 	125.924583 	93.477272 	9.219544 	26.000000 	8.485281 	125.642349 	124.555206 	32.572994 	34.713108 	108.406639 	79.881165 	19.235384 	102.415817 	163.027603 	187.544662 	185.348328 	5.830952 	25.961510 	3.605551 	183.174774 	89.961105 	83.384651 	188.223267 	28.635643 	186.724396 	25.495098 	184.567062 	2.236068 	88.769363 	165.302750 	100.224747 	32.557640 	999.000000 	84.504440 	8.000000 	168.121979 	22.090721 	102.044106 	183.152939 	28.160255 	92.477028 	92.114059 	89.537704 	88.255310 	35.128338 	26.000000 	
32.015621 	42.154476 	14.212670 	48.373547 	9.486833 	48.020828 	13.601471 	76.537575 	58.523499 	88.323273 	46.872166 	45.221676 	52.000000 	56.142673 	36.674240 	19.849434 	82.734512 	30.265491 	88.684837 	118.186295 	115.451286 	88.232651 	58.694122 	85.381500 	112.729767 	7.615773 	2.828427 	118.595955 	56.364883 	116.297035 	59.506302 	113.595772 	82.280006 	5.000000 	90.210861 	16.970562 	52.773098 	84.504440 	999.000000 	77.077881 	92.962357 	63.505905 	18.439089 	110.941429 	57.706154 	8.062258 	7.615773 	5.099020 	4.000000 	51.623638 	60.901562 	
99.809822 	111.040535 	71.561165 	119.201508 	78.390053 	119.402679 	86.452301 	7.280110 	18.867962 	15.231546 	119.037811 	117.889778 	25.079872 	30.016663 	102.176315 	73.409805 	21.954498 	96.046867 	157.079605 	182.222397 	179.961105 	13.341664 	18.384777 	10.440307 	177.721695 	82.734512 	76.059189 	182.877014 	20.880613 	181.289825 	17.720045 	179.067032 	6.082763 	81.437096 	159.289047 	93.021500 	24.738634 	8.000000 	77.077881 	999.000000 	162.114151 	14.142136 	94.810333 	177.519012 	20.223749 	85.088188 	84.693565 	82.079231 	80.777473 	27.166155 	18.000000 	
63.126858 	51.855568 	92.195442 	44.654228 	87.200920 	44.944408 	79.881165 	159.022018 	143.586212 	169.011841 	46.141087 	47.885281 	138.600143 	133.843185 	60.108234 	89.106674 	158.937088 	66.528191 	5.385165 	29.017237 	26.019224 	170.073517 	144.958618 	167.737885 	23.021729 	85.440041 	92.358002 	29.000000 	143.558350 	26.019224 	146.372818 	23.021729 	165.951797 	87.982956 	2.828427 	76.537575 	140.801285 	168.121979 	92.962357 	162.114151 	999.000000 	150.615402 	75.591003 	19.235384 	145.725769 	85.959290 	86.833176 	89.554451 	90.917542 	141.014191 	149.281616 	
87.783829 	99.085823 	59.033890 	107.056061 	65.459915 	107.168091 	73.498299 	16.763054 	8.246211 	28.284271 	106.667709 	105.422958 	12.041595 	24.020824 	90.509666 	61.522354 	30.232433 	84.172440 	145.691452 	171.816757 	169.452057 	27.018513 	5.830952 	24.020824 	167.107742 	69.462219 	62.649822 	172.429703 	7.211102 	170.698563 	4.242640 	168.371613 	20.024984 	68.000000 	147.787003 	79.755875 	10.770329 	22.090721 	63.505905 	14.142136 	150.615402 	999.000000 	81.492332 	166.604324 	6.082763 	71.554176 	71.112587 	68.447060 	67.119293 	13.038404 	4.472136 	
19.924858 	27.073973 	25.179358 	31.622776 	17.262676 	31.016125 	10.049875 	93.776329 	76.059189 	105.342300 	29.546574 	27.730848 	69.771057 	71.805290 	25.000000 	27.166155 	98.716766 	20.591261 	71.589104 	101.843018 	99.020203 	105.475113 	76.478752 	102.693718 	96.208107 	12.083046 	18.867962 	102.181213 	74.303429 	99.724625 	77.414467 	96.932968 	99.809822 	13.601471 	72.897186 	2.000000 	70.830788 	102.044106 	18.439089 	94.810333 	75.591003 	81.492332 	999.000000 	94.021271 	75.802376 	10.630146 	11.401754 	14.212670 	15.620500 	69.892776 	79.075912 	
80.156097 	69.115845 	109.041275 	62.609905 	104.623131 	63.071388 	97.616600 	173.971268 	159.289047 	183.447540 	64.474800 	66.309875 	154.673843 	148.553024 	76.609398 	105.422958 	172.733902 	83.234612 	22.472204 	10.770329 	8.062258 	184.718704 	160.863297 	182.521225 	5.656854 	103.353760 	110.145355 	10.440307 	159.665268 	7.280110 	162.373032 	4.472136 	181.024857 	106.004715 	21.587032 	94.847244 	157.114609 	183.152939 	110.941429 	177.519012 	19.235384 	166.604324 	94.021271 	999.000000 	161.969131 	104.216118 	105.118980 	107.786827 	109.123779 	157.610275 	165.556641 	
82.734512 	94.047859 	53.814495 	101.911728 	60.000000 	101.980392 	68.007355 	22.360680 	8.062258 	34.132095 	101.414986 	100.124924 	7.615773 	23.537205 	85.632935 	56.639210 	34.885529 	79.208588 	140.858078 	167.409683 	165.000000 	33.000000 	5.000000 	30.000000 	162.609970 	63.812225 	56.938564 	168.002975 	3.000000 	166.207703 	3.605551 	163.835281 	26.076809 	62.265560 	142.898560 	74.094536 	5.000000 	28.160255 	57.706154 	20.223749 	145.725769 	6.082763 	75.802376 	161.969131 	999.000000 	65.764732 	65.299309 	62.609905 	61.269894 	7.000000 	3.605551 	
27.018513 	36.138622 	18.681541 	41.629318 	11.180340 	41.146080 	9.486833 	84.433403 	66.483078 	96.166519 	39.824615 	38.078865 	60.008331 	63.505905 	32.000000 	22.825424 	90.255196 	26.172504 	81.841309 	111.789978 	109.004585 	96.135323 	66.708321 	93.300591 	106.230881 	5.000000 	9.219544 	112.160599 	64.404968 	109.772491 	67.542580 	107.018692 	90.249657 	4.000000 	83.240616 	9.433981 	60.827625 	92.477028 	8.062258 	85.088188 	85.959290 	71.554176 	10.630146 	104.216118 	65.764732 	999.000000 	1.000000 	3.605551 	5.000000 	59.682495 	68.963760 	
28.017851 	37.107952 	18.973665 	42.544094 	11.661903 	42.047592 	10.440307 	84.118965 	66.128662 	95.880135 	40.706264 	38.948685 	59.615433 	63.387695 	33.000000 	23.323807 	90.094398 	27.166155 	82.734512 	112.720894 	109.931801 	95.817535 	66.309875 	92.973114 	107.154091 	5.656854 	9.055386 	113.088463 	63.976559 	110.693268 	67.119293 	107.935165 	89.888817 	4.123106 	84.118965 	10.295630 	60.373837 	92.114059 	7.615773 	84.693565 	86.833176 	71.112587 	11.401754 	105.118980 	65.299309 	1.000000 	999.000000 	2.828427 	4.242640 	59.169250 	68.476273 	
30.149628 	39.560081 	17.888544 	45.188496 	11.313708 	44.721359 	12.041595 	81.608826 	63.568859 	93.407707 	43.416588 	41.677334 	57.008770 	61.204575 	35.057095 	22.803509 	87.823685 	29.017237 	85.422478 	115.316956 	112.538879 	93.300591 	63.694584 	90.443352 	109.772491 	6.324555 	7.071068 	115.693558 	61.326992 	113.318138 	64.474800 	110.571243 	87.315521 	3.605551 	86.833176 	13.038404 	57.697487 	89.537704 	5.099020 	82.079231 	89.554451 	68.447060 	14.212670 	107.786827 	62.609905 	3.605551 	2.828427 	999.000000 	1.414214 	56.435802 	65.764732 	
31.257000 	40.804413 	17.492855 	46.518814 	11.401754 	46.065170 	13.000000 	80.361679 	62.297672 	92.179176 	44.777225 	43.046486 	55.713554 	60.133186 	36.124783 	22.671568 	86.700638 	30.000000 	86.769814 	116.619041 	113.846390 	92.048897 	62.393909 	89.185204 	111.085556 	7.071068 	6.324555 	117.000000 	60.008331 	114.634201 	63.158531 	111.892807 	86.034874 	4.123106 	88.192970 	14.422205 	56.364883 	88.255310 	4.000000 	80.777473 	90.917542 	67.119293 	15.620500 	109.123779 	61.269894 	5.000000 	4.242640 	1.414214 	999.000000 	55.072678 	64.412735 	
77.897369 	89.196411 	48.836460 	96.876213 	54.561890 	96.876213 	62.481998 	29.274563 	13.038404 	41.109608 	96.208107 	94.847244 	8.062258 	25.942244 	81.055534 	52.201534 	41.231056 	74.518456 	136.235092 	163.367691 	160.897476 	40.000000 	10.770329 	37.000000 	158.445572 	58.008621 	51.039200 	163.932907 	7.615773 	162.049377 	10.198039 	159.615158 	33.060551 	56.302753 	138.191895 	68.242218 	4.242640 	35.128338 	51.623638 	27.166155 	141.014191 	13.038404 	69.892776 	157.610275 	7.000000 	59.682495 	59.169250 	56.435802 	55.072678 	999.000000 	9.486833 	
86.267029 	97.580734 	57.314919 	105.418213 	63.411354 	105.475113 	71.400284 	21.189621 	10.198039 	32.557640 	104.890419 	103.585716 	11.180340 	26.172504 	89.196411 	60.207973 	34.669872 	82.758682 	144.422989 	171.011688 	168.600113 	31.144823 	7.071068 	28.160255 	166.207703 	67.119293 	60.207973 	171.604202 	6.324555 	169.805771 	5.099020 	167.430588 	24.020824 	65.513359 	146.454773 	77.388626 	8.485281 	26.000000 	60.901562 	18.000000 	149.281616 	4.472136 	79.075912 	165.556641 	3.605551 	68.963760 	68.476273 	65.764732 	64.412735 	9.486833 	999.000000 	

Travel time:
9.000000 	0.282843 	0.726722 	0.485412 	0.614919 	0.493077 	0.460977 	2.433747 	2.026388 	2.701157 	0.492443 	0.474342 	1.893575 	1.823630 	0.127475 	0.660019 	2.482942 	0.103078 	1.460308 	2.169245 	2.102974 	2.718915 	2.055480 	2.655772 	2.037308 	0.612882 	0.766893 	2.180883 	2.016495 	2.127205 	2.088660 	2.062311 	2.601081 	0.686477 	1.507689 	0.485412 	1.944544 	2.656360 	0.800391 	2.495245 	1.578171 	2.194596 	0.498121 	2.003902 	2.068363 	0.675463 	0.700446 	0.753741 	0.781425 	1.947434 	2.156676 	
0.282843 	9.000000 	1.009022 	0.213600 	0.887764 	0.230489 	0.715891 	2.711665 	2.307867 	2.975945 	0.250000 	0.254951 	2.176149 	2.096575 	0.237171 	0.941076 	2.750454 	0.375000 	1.180042 	1.901480 	1.833712 	2.995413 	2.337734 	2.933108 	1.766529 	0.863496 	1.028652 	1.912132 	2.299185 	1.856071 	2.371181 	1.789728 	2.880213 	0.933408 	1.226020 	0.682367 	2.227386 	2.935345 	1.053862 	2.776013 	1.296389 	2.477146 	0.676849 	1.727896 	2.351197 	0.903466 	0.927699 	0.989002 	1.020110 	2.229910 	2.439518 	
0.726722 	1.009022 	9.000000 	1.202601 	0.200000 	1.204159 	0.388104 	1.744276 	1.317431 	2.025617 	1.190850 	1.160011 	1.175266 	1.171004 	0.811249 	0.158114 	1.844078 	0.645174 	2.186464 	2.881189 	2.817024 	2.034853 	1.340009 	1.967867 	2.753407 	0.353553 	0.285044 	2.894067 	1.296389 	2.843524 	1.370447 	2.780513 	1.903943 	0.371652 	2.234390 	0.579871 	1.220912 	1.959751 	0.355317 	1.789029 	2.304886 	1.475847 	0.629484 	2.726032 	1.345362 	0.467039 	0.474342 	0.447214 	0.437321 	1.220912 	1.432873 	
0.485412 	0.213600 	1.202601 	9.000000 	1.065950 	0.035355 	0.880696 	2.919118 	2.510602 	3.185612 	0.090139 	0.134629 	2.375395 	2.307054 	0.450694 	1.145098 	2.962790 	0.583095 	1.007782 	1.755705 	1.685416 	3.204001 	2.538331 	3.141059 	1.615549 	1.020416 	1.192686 	1.764405 	2.497624 	1.703856 	2.570627 	1.634778 	3.086462 	1.085415 	1.047020 	0.807775 	2.423453 	3.141755 	1.209339 	2.980038 	1.116356 	2.676402 	0.790569 	1.565248 	2.547793 	1.040733 	1.063602 	1.129712 	1.162970 	2.421905 	2.635455 	
0.614919 	0.887764 	0.200000 	1.065950 	9.000000 	1.063015 	0.201556 	1.924188 	1.488497 	2.209779 	1.043132 	1.007782 	1.338376 	1.364276 	0.719809 	0.291548 	2.037308 	0.553399 	2.066549 	2.784107 	2.717651 	2.215993 	1.505199 	2.147673 	2.651650 	0.158114 	0.176777 	2.795644 	1.456237 	2.741464 	1.532359 	2.676051 	2.079664 	0.195256 	2.110095 	0.382426 	1.375000 	2.135562 	0.237171 	1.959751 	2.180023 	1.636498 	0.431567 	2.615578 	1.500000 	0.279509 	0.291548 	0.282843 	0.285044 	1.364047 	1.585284 	
0.493077 	0.230489 	1.204159 	0.035355 	1.063015 	9.000000 	0.875000 	2.926175 	2.515079 	3.194233 	0.055902 	0.103078 	2.378287 	2.316517 	0.467039 	1.151086 	2.974160 	0.592663 	1.017657 	1.770946 	1.700184 	3.211795 	2.541776 	3.148412 	1.629801 	1.012423 	1.185854 	1.779220 	2.500125 	1.717738 	2.573543 	1.648105 	3.092733 	1.076162 	1.054751 	0.794512 	2.425000 	3.148115 	1.200521 	2.985067 	1.123610 	2.679202 	0.775403 	1.576785 	2.549510 	1.028652 	1.051190 	1.118034 	1.151629 	2.421905 	2.636878 	
0.460977 	0.715891 	0.388104 	0.880696 	0.201556 	0.875000 	9.000000 	2.125000 	1.690044 	2.409616 	0.851469 	0.813941 	1.539683 	1.559046 	0.579871 	0.427931 	2.232152 	0.425000 	1.886796 	2.617370 	2.549510 	2.416609 	1.706605 	2.348537 	2.482061 	0.152069 	0.313249 	2.627975 	1.657181 	2.571478 	1.733494 	2.504621 	2.281036 	0.226385 	1.927596 	0.201556 	1.575198 	2.336932 	0.340037 	2.161308 	1.997029 	1.837457 	0.251247 	2.440415 	1.700184 	0.237171 	0.261008 	0.301040 	0.325000 	1.562050 	1.785007 	
2.433747 	2.711665 	1.744276 	2.919118 	1.924188 	2.926175 	2.125000 	9.000000 	0.456207 	0.301040 	2.920295 	2.894067 	0.629484 	0.637377 	2.485080 	1.775528 	0.375000 	2.336932 	3.847808 	4.458279 	4.403479 	0.292617 	0.475000 	0.223607 	4.349282 	2.042670 	1.881821 	4.475279 	0.550568 	4.437975 	0.477624 	4.384204 	0.180278 	2.016340 	3.905125 	2.298097 	0.650481 	0.230489 	1.913439 	0.182003 	3.975550 	0.419076 	2.344408 	4.349282 	0.559017 	2.110835 	2.102974 	2.040221 	2.009042 	0.731864 	0.529741 	
2.026388 	2.307867 	1.317431 	2.510602 	1.488497 	2.515079 	1.690044 	0.456207 	9.000000 	0.756637 	2.505244 	2.476136 	0.175000 	0.400780 	2.088660 	1.366794 	0.711512 	1.933423 	3.465003 	4.107387 	4.049228 	0.745822 	0.079057 	0.673146 	3.991632 	1.599414 	1.434617 	4.123106 	0.141421 	4.081207 	0.127475 	4.024068 	0.594243 	1.569236 	3.518966 	1.856240 	0.223607 	0.650000 	1.463087 	0.471699 	3.589655 	0.206155 	1.901480 	3.982226 	0.201556 	1.662077 	1.653217 	1.589221 	1.557442 	0.325960 	0.254951 	
2.701157 	2.975945 	2.025617 	3.185612 	2.209779 	3.194233 	2.409616 	0.301040 	0.756637 	9.000000 	3.190807 	3.166425 	0.930390 	0.880696 	2.745906 	2.047101 	0.333542 	2.602523 	4.095882 	4.684616 	4.632089 	0.079057 	0.775403 	0.125000 	4.580188 	2.332515 	2.174425 	4.702393 	0.850000 	4.668110 	0.775403 	4.616614 	0.235850 	2.308679 	4.155192 	2.586624 	0.950000 	0.212132 	2.208082 	0.380789 	4.225296 	0.707107 	2.633558 	4.586188 	0.853302 	2.404163 	2.397003 	2.335193 	2.304479 	1.027740 	0.813941 	
0.492443 	0.250000 	1.190850 	0.090139 	1.043132 	0.055902 	0.851469 	2.920295 	2.505244 	3.190807 	9.000000 	0.050000 	2.366036 	2.314763 	0.480885 	1.144825 	2.975315 	0.594243 	1.051190 	1.810559 	1.739253 	3.207024 	2.530316 	3.142949 	1.668270 	0.985203 	1.160011 	1.818310 	2.487217 	1.755705 	2.561250 	1.685416 	3.085551 	1.047020 	1.085415 	0.760345 	2.410654 	3.141059 	1.171804 	2.975945 	1.153527 	2.666693 	0.738664 	1.611870 	2.535375 	0.995615 	1.017657 	1.085415 	1.119431 	2.405203 	2.622261 	
0.474342 	0.254951 	1.160011 	0.134629 	1.007782 	0.103078 	0.813941 	2.894067 	2.476136 	3.166425 	0.050000 	9.000000 	2.335193 	2.291970 	0.475657 	1.119431 	2.954657 	0.577170 	1.096586 	1.858259 	1.786757 	3.181588 	2.500000 	3.116990 	1.715554 	0.945053 	1.120547 	1.865811 	2.455860 	1.802776 	2.530316 	1.732231 	3.058288 	1.005609 	1.129436 	0.716327 	2.378287 	3.113880 	1.130542 	2.947244 	1.197132 	2.635574 	0.693271 	1.657747 	2.503123 	0.951972 	0.973717 	1.041933 	1.076162 	2.371181 	2.589643 	
1.893575 	2.176149 	1.175266 	2.375395 	1.338376 	2.378287 	1.539683 	0.629484 	0.175000 	0.930390 	2.366036 	2.335193 	9.000000 	0.447214 	1.962301 	1.237437 	0.879275 	1.803469 	3.342248 	4.000000 	3.940257 	0.916856 	0.167705 	0.843356 	3.881044 	1.442654 	1.274755 	4.015050 	0.125000 	3.970910 	0.195256 	3.912160 	0.759111 	1.409122 	3.394297 	1.700000 	0.103078 	0.814325 	1.300000 	0.626997 	3.465003 	0.301040 	1.744276 	3.866846 	0.190394 	1.500208 	1.490386 	1.425219 	1.392839 	0.201556 	0.279509 	
1.823630 	2.096575 	1.171004 	2.307054 	1.364276 	2.316517 	1.559046 	0.637377 	0.400780 	0.880696 	2.314763 	2.291970 	0.447214 	9.000000 	1.865643 	1.175266 	0.673146 	1.724094 	3.217239 	3.820995 	3.766381 	0.905883 	0.477624 	0.849264 	3.712479 	1.500417 	1.358308 	3.838050 	0.515388 	3.801069 	0.527376 	3.747666 	0.816241 	1.488497 	3.275859 	1.746425 	0.548293 	0.867828 	1.403567 	0.750417 	3.346080 	0.600521 	1.795132 	3.713826 	0.588430 	1.587648 	1.584692 	1.530114 	1.503330 	0.648556 	0.654313 	
0.127475 	0.237171 	0.811249 	0.450694 	0.719809 	0.467039 	0.579871 	2.485080 	2.088660 	2.745906 	0.480885 	0.475657 	1.962301 	1.865643 	9.000000 	0.725000 	2.516198 	0.167705 	1.380670 	2.071382 	2.006552 	2.766993 	2.121615 	2.705665 	1.942453 	0.731864 	0.879275 	2.083867 	2.086265 	2.032547 	2.156676 	1.969296 	2.655301 	0.806226 	1.432000 	0.612882 	2.018044 	2.710166 	0.916856 	2.554408 	1.502706 	2.262742 	0.625000 	1.915235 	2.140823 	0.800000 	0.825000 	0.876427 	0.903120 	2.026388 	2.229910 	
0.660019 	0.941076 	0.158114 	1.145098 	0.291548 	1.151086 	0.427931 	1.775528 	1.366794 	2.047101 	1.144825 	1.119431 	1.237437 	1.175266 	0.725000 	9.000000 	1.843400 	0.566789 	2.105499 	2.780513 	2.718111 	2.062311 	1.397542 	1.998124 	2.656360 	0.447214 	0.425735 	2.794302 	1.361295 	2.746475 	1.432000 	2.685377 	1.941649 	0.485412 	2.156965 	0.629484 	1.293493 	1.997029 	0.496236 	1.835245 	2.227667 	1.538059 	0.679154 	2.635574 	1.415980 	0.570636 	0.583095 	0.570088 	0.566789 	1.305038 	1.505199 	
2.482942 	2.750454 	1.844078 	2.962790 	2.037308 	2.974160 	2.232152 	0.375000 	0.711512 	0.333542 	2.975315 	2.954657 	0.879275 	0.673146 	2.516198 	1.843400 	9.000000 	2.381832 	3.842200 	4.406033 	4.355743 	0.403113 	0.761577 	0.400780 	4.306173 	2.172124 	2.026234 	4.424506 	0.840387 	4.393177 	0.782624 	4.344033 	0.467039 	2.157835 	3.903924 	2.419323 	0.933408 	0.480885 	2.068363 	0.548862 	3.973427 	0.755811 	2.467919 	4.318347 	0.872138 	2.256380 	2.252360 	2.195592 	2.167516 	1.030776 	0.866747 	
0.103078 	0.375000 	0.645174 	0.583095 	0.553399 	0.592663 	0.425000 	2.336932 	1.933423 	2.602523 	0.594243 	0.577170 	1.803469 	1.724094 	0.167705 	0.566789 	2.381832 	9.000000 	1.542928 	2.238861 	2.173850 	2.621188 	1.964211 	2.558564 	2.109502 	0.575543 	0.715891 	2.251250 	1.926947 	2.199574 	1.998281 	2.136001 	2.505244 	0.650481 	1.592561 	0.492443 	1.856913 	2.560395 	0.756637 	2.401172 	1.663205 	2.104311 	0.514782 	2.080865 	1.980215 	0.654313 	0.679154 	0.725431 	0.750000 	1.862961 	2.068967 	
1.460308 	1.180042 	2.186464 	1.007782 	2.066549 	1.017657 	1.886796 	3.847808 	3.465003 	4.095882 	1.051190 	1.096586 	3.342248 	3.217239 	1.380670 	2.105499 	3.842200 	1.542928 	9.000000 	0.781425 	0.707107 	4.123106 	3.500357 	4.065172 	0.632949 	2.028084 	2.199574 	0.785016 	3.466446 	0.715891 	3.536241 	0.642748 	4.021583 	2.093144 	0.075000 	1.811249 	3.398713 	4.075690 	2.217121 	3.926990 	0.134629 	3.642286 	1.789728 	0.561805 	3.521452 	2.046033 	2.068363 	2.135562 	2.169245 	3.405877 	3.610575 	
2.169245 	1.901480 	2.881189 	1.755705 	2.784107 	1.770946 	2.617370 	4.458279 	4.107387 	4.684616 	1.810559 	1.858259 	4.000000 	3.820995 	2.071382 	2.780513 	4.406033 	2.238861 	0.781425 	9.000000 	0.075000 	4.720236 	4.150678 	4.668110 	0.150000 	2.764281 	2.930017 	0.025000 	4.125000 	0.090139 	4.190242 	0.158114 	4.636405 	2.832953 	0.775403 	2.563201 	4.065787 	4.688617 	2.954657 	4.555560 	0.725431 	4.295419 	2.546075 	0.269258 	4.185242 	2.794749 	2.818022 	2.882924 	2.915476 	4.084192 	4.275292 	
2.102974 	1.833712 	2.817024 	1.685416 	2.717651 	1.700184 	2.549510 	4.403479 	4.049228 	4.632089 	1.739253 	1.786757 	3.940257 	3.766381 	2.006552 	2.718111 	4.355743 	2.173850 	0.707107 	0.075000 	9.000000 	4.666905 	4.091760 	4.614177 	0.075000 	2.695946 	2.862364 	0.079057 	4.065249 	0.050000 	4.130980 	0.090139 	4.581280 	2.764281 	0.700446 	2.493116 	4.005153 	4.633708 	2.886282 	4.499028 	0.650481 	4.236301 	2.475505 	0.201556 	4.125000 	2.725115 	2.748295 	2.813472 	2.846160 	4.022437 	4.215003 	
