Total assets = 1262
Number of asset nodes = 66

Distance:
999.000000 	74.706093 	51.351727 	49.040798 	101.400200 	55.226807 	33.541019 	26.907248 	36.249138 	29.832869 	34.481880 	101.019798 	35.355339 	34.669872 	80.081207 	90.620087 	38.587563 	28.635643 	33.600594 	38.418747 	43.416588 	57.706154 	35.608986 	32.557640 	36.235340 	38.948685 	36.055511 	38.288380 	37.202152 	101.636604 	78.517517 	41.036568 	99.020203 	36.221542 	76.059189 	110.476242 	37.215588 	66.753281 	101.843018 	107.935165 	44.045429 	104.062485 	42.485291 	109.004585 	106.625511 	104.355164 	89.677200 	120.440857 	50.990196 	45.793011 	85.052925 	43.566040 	107.837845 	70.830788 	112.605507 	119.100800 	59.405388 	101.788994 	88.005684 	51.107731 	75.927597 	49.648766 	52.697250 	63.285069 	51.623638 	124.482933 	58.796257 	83.360664 	107.689369 	71.589104 	112.805145 	68.505478 	59.481091 	72.670486 	122.527550 	73.239334 	94.894676 	94.201912 	76.321686 	123.227432 	
74.706093 	999.000000 	32.649654 	37.121422 	30.016663 	31.953091 	61.611687 	73.000000 	59.908264 	69.028976 	63.245552 	26.907248 	62.681736 	65.459915 	17.029387 	18.027756 	64.140472 	87.000000 	77.201035 	69.115845 	62.609905 	44.911022 	76.843994 	98.351410 	76.275818 	71.344238 	79.630394 	76.006577 	78.492035 	27.658634 	28.635643 	75.292763 	27.018513 	99.704567 	33.526108 	35.777088 	95.015785 	45.000000 	30.016663 	33.955853 	78.771820 	32.000000 	86.821655 	35.510563 	34.058773 	33.060551 	33.241539 	45.793011 	74.464760 	85.088188 	37.215588 	97.800819 	36.000000 	51.088158 	40.112343 	44.922153 	72.277245 	37.576588 	42.190044 	88.549423 	52.611786 	96.041656 	87.235313 	69.050705 	103.730423 	50.289165 	83.486526 	52.497620 	43.081318 	69.065186 	45.122055 	73.552704 	104.235313 	76.236473 	52.038448 	77.233414 	55.569775 	56.824291 	75.006668 	53.084839 	
51.351727 	32.649654 	999.000000 	4.472136 	62.649822 	4.123106 	29.698484 	42.011902 	27.658634 	37.536648 	31.144823 	58.600342 	30.479502 	33.301651 	30.528675 	43.278172 	31.622776 	56.400356 	45.276924 	36.619667 	29.966648 	16.155495 	44.687805 	68.505478 	44.045429 	38.832977 	47.507893 	43.600460 	46.227695 	54.671749 	27.166155 	42.720020 	50.477718 	69.202599 	25.179358 	65.069191 	63.702435 	21.931713 	53.000000 	60.605282 	46.141087 	55.226807 	54.405884 	61.032780 	57.982758 	55.072678 	38.327538 	75.663727 	42.059483 	52.478565 	34.132095 	65.855904 	58.668560 	28.425341 	63.631752 	71.610054 	41.109608 	50.695168 	37.656342 	55.901699 	32.526913 	63.513779 	54.625999 	39.115215 	71.400284 	76.843994 	51.419842 	37.443291 	56.515484 	41.761227 	61.983868 	44.407207 	71.589104 	47.853943 	72.235725 	48.836460 	47.010635 	46.957428 	48.083260 	72.801102 	
49.040798 	37.121422 	4.472136 	999.000000 	67.119293 	6.708204 	25.495098 	38.013157 	23.345236 	33.421551 	26.870058 	63.007935 	26.172504 	29.000000 	34.409302 	47.423622 	27.202942 	52.430908 	41.012192 	32.202484 	25.495098 	13.601471 	40.360870 	64.660652 	39.698868 	34.409302 	43.185646 	39.204590 	41.868843 	58.796257 	29.832869 	38.275318 	54.405884 	65.215027 	27.018513 	69.296463 	59.548298 	20.808653 	56.859474 	64.660652 	41.677334 	59.076221 	50.000000 	65.000000 	61.854668 	58.830265 	41.000000 	79.906197 	37.643059 	48.020828 	36.013885 	61.554855 	62.433964 	26.907248 	67.416618 	75.604233 	37.013512 	53.758720 	39.115215 	51.429562 	31.400637 	59.076221 	50.159744 	35.355339 	67.007462 	80.802231 	47.074409 	37.121422 	59.481091 	38.626415 	65.192024 	40.792156 	67.119293 	44.384682 	75.643906 	45.354160 	47.434166 	47.169907 	44.944408 	76.157730 	
101.400200 	30.016663 	62.649822 	67.119293 	999.000000 	61.741398 	91.525955 	102.615791 	89.888817 	98.812958 	93.193344 	9.433981 	92.649879 	95.414886 	39.204590 	27.166155 	94.154129 	116.387283 	107.074738 	99.126183 	92.590500 	74.000000 	106.780151 	127.349915 	106.230881 	101.355812 	109.553642 	106.000000 	108.452751 	23.323807 	52.086468 	105.309067 	29.546574 	128.972870 	58.215118 	19.723083 	124.631454 	72.567207 	30.886890 	25.455845 	108.784187 	31.064449 	116.811813 	28.284271 	30.610456 	33.286633 	50.635956 	24.083189 	104.278473 	115.104301 	58.137768 	127.640121 	33.421551 	77.929459 	33.970577 	30.870699 	101.513542 	46.097721 	62.393909 	118.532700 	78.313469 	126.051575 	117.170815 	97.800819 	133.689941 	34.785053 	113.088463 	76.006577 	48.877399 	96.690224 	46.227695 	101.867561 	134.238586 	104.139328 	46.400433 	105.118980 	75.133217 	76.941536 	102.259476 	47.801674 	
55.226807 	31.953091 	4.123106 	6.708204 	61.741398 	999.000000 	32.015621 	44.654228 	29.732138 	40.000000 	33.301651 	57.140179 	32.557640 	35.383614 	27.802877 	41.012192 	33.301651 	59.076221 	47.423622 	38.288380 	31.064449 	14.142136 	46.669048 	71.344238 	45.967381 	40.459858 	49.497475 	45.343136 	48.104053 	52.345009 	23.345236 	44.204071 	47.801674 	71.847061 	21.095022 	62.968246 	66.068146 	18.601076 	50.219517 	58.137768 	47.434166 	52.430908 	56.080299 	58.412327 	55.217751 	52.153618 	34.525352 	73.593475 	42.544094 	53.823788 	30.066593 	67.882248 	55.758408 	25.238859 	60.745369 	69.028976 	40.607880 	47.127487 	33.541019 	56.938564 	29.068884 	65.000000 	55.470715 	38.013157 	73.109505 	74.202423 	51.546097 	33.600594 	52.886673 	39.812057 	58.523499 	43.046486 	72.718636 	46.270943 	68.942001 	47.265209 	42.953465 	42.941822 	46.097721 	69.462219 	
33.541019 	61.611687 	29.698484 	25.495098 	91.525955 	32.015621 	999.000000 	13.000000 	3.000000 	8.062258 	2.000000 	88.090858 	2.236068 	4.123106 	59.816387 	72.917763 	5.830952 	27.294687 	15.620500 	9.000000 	10.000000 	27.658634 	15.264338 	39.812057 	14.764823 	11.045361 	18.027756 	14.866069 	17.000000 	84.291161 	53.665630 	15.132746 	79.812279 	39.962482 	49.396355 	94.762863 	34.058773 	36.345562 	82.200974 	90.138779 	19.104973 	84.403793 	25.495098 	90.426765 	87.200920 	84.053551 	64.474800 	105.361282 	20.615528 	24.738634 	57.870544 	36.235340 	87.658424 	39.012817 	92.655273 	101.044548 	26.907248 	77.820305 	59.665737 	29.274563 	44.045429 	34.928497 	29.017237 	30.000000 	42.190044 	106.212051 	30.364452 	52.000000 	83.258636 	38.078865 	89.442719 	35.468296 	43.965897 	39.698868 	100.239716 	40.360870 	64.031242 	63.000000 	43.011627 	100.647903 	
26.907248 	73.000000 	42.011902 	38.013157 	102.615791 	44.654228 	13.000000 	999.000000 	15.811388 	5.099020 	12.369317 	99.764725 	13.341664 	11.045361 	72.422371 	85.276024 	15.000000 	14.422205 	7.280110 	12.649111 	20.024984 	40.521599 	8.944272 	26.832815 	9.433981 	12.529964 	10.198039 	11.401754 	10.770329 	96.674713 	66.640831 	14.142136 	92.417534 	27.202942 	62.393909 	106.962608 	22.022715 	49.030602 	94.868332 	102.615791 	17.204651 	97.082436 	18.027756 	103.004852 	99.864906 	96.798759 	77.472572 	117.515953 	24.413111 	19.924858 	70.837845 	25.495098 	100.404182 	51.156624 	105.394501 	113.600174 	33.541019 	90.801979 	72.532753 	25.298222 	56.080299 	27.073973 	26.400757 	38.275318 	32.572994 	118.810776 	31.890438 	64.195015 	96.254868 	47.127487 	102.415817 	42.953465 	37.013512 	46.957428 	113.176849 	47.413078 	76.321686 	75.166481 	51.078373 	113.600174 	
36.249138 	59.908264 	27.658634 	23.345236 	89.888817 	29.732138 	3.000000 	15.811388 	999.000000 	10.770329 	3.605551 	86.214851 	2.828427 	5.656854 	57.489128 	70.724815 	5.000000 	29.966648 	17.691807 	9.486833 	7.810250 	24.738634 	17.029387 	42.544094 	16.401220 	11.704700 	19.849434 	16.124516 	18.601076 	82.073135 	51.000000 	15.811388 	77.466118 	42.544094 	46.615448 	92.633690 	36.400551 	33.376640 	79.812279 	87.863533 	19.646883 	82.006096 	26.925823 	88.090858 	84.811554 	81.608826 	61.741398 	103.247276 	19.646883 	25.632011 	55.027267 	38.209946 	85.211502 	36.013885 	90.210861 	98.716766 	25.000000 	75.133217 	56.753853 	29.832869 	41.048752 	36.235340 	29.274563 	27.658634 	43.829212 	103.855667 	29.614185 	49.000000 	80.529495 	35.510563 	86.769814 	33.241539 	44.944408 	37.483330 	97.616600 	38.183765 	61.032780 	60.000000 	40.607880 	98.005104 	
29.832869 	69.028976 	37.536648 	33.421551 	98.812958 	40.000000 	8.062258 	5.099020 	10.770329 	999.000000 	7.280110 	95.671310 	8.246211 	6.000000 	67.801178 	80.808418 	10.049875 	19.235384 	8.544003 	8.602325 	15.132746 	35.440090 	9.055386 	31.780497 	9.000000 	9.219544 	11.401754 	10.198039 	11.045361 	92.195442 	61.717098 	12.083046 	87.800911 	31.906113 	57.384666 	102.591423 	26.172504 	43.931767 	90.210861 	98.081596 	15.811388 	92.417534 	19.416489 	98.407318 	95.210297 	92.086914 	72.498276 	113.172432 	21.213203 	20.024984 	65.787537 	28.844410 	95.692215 	46.097721 	100.687637 	109.018349 	29.681644 	85.866173 	67.446274 	25.179358 	51.039200 	28.861740 	25.709921 	34.014702 	35.341194 	114.201576 	29.681644 	59.135437 	91.285271 	42.720020 	97.493591 	38.948685 	38.470768 	43.046486 	108.300507 	43.566040 	71.253067 	70.114189 	46.957428 	108.706024 	
34.481880 	63.245552 	31.144823 	26.870058 	93.193344 	33.301651 	2.000000 	12.369317 	3.605551 	7.280110 	999.000000 	89.643738 	1.000000 	2.236068 	61.073727 	74.276512 	4.242640 	26.400757 	14.142136 	7.000000 	8.944272 	28.160255 	13.601471 	39.000000 	13.038404 	9.055386 	16.401220 	13.000000 	15.264338 	85.632935 	54.589375 	13.152946 	81.055534 	38.948685 	50.159744 	96.166519 	32.802441 	36.674240 	83.408630 	91.438507 	17.117243 	85.603737 	23.706539 	91.678787 	88.408142 	85.211502 	65.306969 	106.775467 	18.788294 	22.803509 	58.523499 	34.713108 	88.814415 	39.012817 	93.813644 	102.303467 	25.455845 	78.714676 	60.166435 	27.294687 	44.000000 	33.105892 	27.018513 	28.844410 	40.496914 	107.447662 	28.460499 	52.038448 	84.095184 	37.121422 	90.354858 	34.205261 	42.059483 	38.418747 	101.212646 	39.051247 	64.124878 	63.031738 	41.880783 	101.597244 	
101.019798 	26.907248 	58.600342 	63.007935 	9.433981 	57.140179 	88.090858 	99.764725 	86.214851 	95.671310 	89.643738 	999.000000 	89.022469 	91.831367 	32.280025 	19.104973 	90.210861 	113.846390 	103.711136 	95.210297 	88.204308 	68.447060 	103.232750 	125.255737 	102.615791 	97.416634 	106.042442 	102.200783 	104.809349 	13.892444 	44.721359 	101.257095 	20.248457 	126.574089 	50.990196 	12.165525 	121.753853 	66.098412 	21.470911 	16.401220 	104.560989 	21.633308 	113.004425 	19.209373 	21.260292 	23.853722 	42.107006 	19.924858 	99.362968 	110.941429 	50.009998 	124.326187 	24.083189 	71.063354 	25.000000 	23.537205 	95.854057 	36.769554 	54.037025 	114.057007 	71.021126 	122.065559 	112.507774 	91.760559 	130.000000 	28.160255 	107.786827 	68.117546 	39.446167 	89.988892 	36.878178 	95.509163 	129.849915 	97.529480 	37.735924 	98.493652 	66.483078 	68.359344 	95.341492 	39.115215 	
35.355339 	62.681736 	30.479502 	26.172504 	92.649879 	32.557640 	2.236068 	13.341664 	2.828427 	8.246211 	1.000000 	89.022469 	999.000000 	2.828427 	60.307545 	73.552704 	3.605551 	27.313000 	14.866069 	7.071068 	8.062258 	27.202942 	14.212670 	39.924931 	13.601471 	9.219544 	17.029387 	13.416408 	15.811388 	84.899940 	53.712196 	13.341664 	80.280754 	39.824615 	49.244289 	95.462036 	33.600594 	35.693138 	82.619614 	90.686272 	17.262676 	84.811554 	24.186773 	90.906548 	87.618492 	84.403793 	64.404968 	106.075447 	18.384777 	23.086792 	57.584721 	35.383614 	88.005684 	38.013157 	93.005379 	101.533249 	24.758837 	77.826729 	59.203041 	27.459061 	43.000000 	33.541019 	27.073973 	28.017851 	41.048752 	106.667709 	28.160255 	51.039200 	83.192551 	36.235340 	89.470665 	33.421551 	42.379242 	37.643059 	100.344406 	38.288380 	63.126858 	62.032249 	41.048752 	100.722389 	
34.669872 	65.459915 	33.301651 	29.000000 	95.414886 	35.383614 	4.123106 	11.045361 	5.656854 	6.000000 	2.236068 	91.831367 	2.828427 	999.000000 	63.126858 	76.380623 	4.123106 	24.698177 	12.041595 	5.099020 	9.219544 	29.732138 	11.401754 	37.336308 	10.816654 	7.000000 	14.212670 	10.770329 	13.038404 	87.726852 	56.435802 	11.045361 	83.096329 	37.121422 	51.894123 	98.290382 	30.805843 	38.078865 	85.428329 	93.509361 	15.033297 	87.618492 	21.470911 	93.723000 	90.426765 	87.200920 	67.082039 	108.903625 	17.492855 	20.615528 	60.166435 	32.557640 	90.801979 	40.112343 	95.801880 	104.350372 	24.839485 	80.529495 	61.684681 	25.179358 	45.044422 	30.870699 	25.000000 	28.653097 	38.275318 	109.480591 	26.925823 	53.150730 	85.866173 	37.161808 	92.179176 	33.837849 	39.849716 	38.013157 	103.077644 	38.600517 	65.276337 	64.124878 	41.677334 	103.445641 	
80.081207 	17.029387 	30.528675 	34.409302 	39.204590 	27.802877 	59.816387 	72.422371 	57.489128 	67.801178 	61.073727 	32.280025 	60.307545 	63.126858 	999.000000 	13.892444 	60.827625 	86.838928 	75.166481 	65.764732 	58.051701 	36.891735 	74.330345 	99.020203 	73.593475 	67.882248 	77.155685 	72.835434 	75.690155 	24.839485 	13.038404 	71.449280 	20.000000 	99.624290 	19.026299 	35.805027 	93.861603 	33.837849 	22.472204 	30.413813 	74.411018 	24.698177 	83.450584 	30.610456 	27.459061 	24.596748 	16.278820 	46.400433 	68.242218 	80.808418 	20.615528 	95.524864 	28.178005 	38.832977 	33.120991 	41.231056 	63.953106 	23.194826 	25.495098 	83.408630 	39.115215 	92.097771 	81.608826 	59.615433 	100.448990 	46.400433 	76.157730 	37.336308 	29.154760 	57.723480 	33.136082 	63.245552 	99.201813 	65.253349 	42.449970 	66.219330 	38.910152 	40.311287 	63.150612 	43.174065 	
90.620087 	18.027756 	43.278172 	47.423622 	27.166155 	41.012192 	72.917763 	85.276024 	70.724815 	80.808418 	74.276512 	19.104973 	73.552704 	76.380623 	13.892444 	999.000000 	74.276512 	99.639351 	88.413803 	79.246452 	71.700768 	50.774010 	87.681244 	111.606453 	86.977005 	81.394104 	90.509666 	86.313385 	89.106674 	11.401754 	25.709921 	85.041168 	9.000000 	112.445541 	32.015621 	22.022715 	106.962608 	47.539455 	12.000000 	17.492855 	88.090858 	14.035668 	97.000000 	18.384777 	16.278820 	15.033297 	23.537205 	32.649654 	82.097504 	94.493385 	31.016125 	108.894447 	18.027756 	52.201534 	22.360680 	28.653097 	77.826729 	21.931713 	35.227829 	97.200821 	51.971146 	105.759163 	95.441078 	73.409805 	114.021927 	34.000000 	90.049988 	49.040798 	26.627054 	71.168816 	27.513634 	76.896034 	113.004425 	78.746429 	34.014702 	79.699432 	48.052055 	49.819675 	76.400261 	35.057095 	
38.587563 	64.140472 	31.622776 	27.202942 	94.154129 	33.301651 	5.830952 	15.000000 	5.000000 	10.049875 	4.242640 	90.210861 	3.605551 	4.123106 	60.827625 	74.276512 	999.000000 	28.160255 	14.764823 	5.000000 	5.099020 	26.400757 	13.601471 	40.804413 	12.806249 	7.211102 	16.401220 	12.041595 	14.866069 	85.562843 	53.535034 	11.180340 	80.721741 	40.311287 	48.764740 	96.260063 	33.615471 	34.481880 	82.975899 	91.241440 	14.866069 	85.146935 	22.803509 	91.350975 	87.965904 	84.646324 	64.007812 	106.887794 	14.866069 	21.023796 	56.859474 	34.713108 	88.238312 	36.221542 	93.236259 	101.980392 	21.213203 	77.524193 	58.189346 	25.000000 	41.109608 	31.906113 	24.331051 	24.698177 	39.824615 	107.056061 	24.738634 	49.254440 	82.764725 	33.105892 	89.185204 	30.000000 	40.311287 	34.205261 	100.169853 	34.828148 	61.400326 	60.207973 	37.735924 	100.498756 	
28.635643 	87.000000 	56.400356 	52.430908 	116.387283 	59.076221 	27.294687 	14.422205 	29.966648 	19.235384 	26.400757 	113.846390 	27.313000 	24.698177 	86.838928 	99.639351 	28.160255 	999.000000 	14.035668 	24.331051 	32.756680 	54.424259 	16.000000 	12.649111 	17.000000 	23.086792 	14.142136 	19.026299 	16.124516 	111.040535 	80.950600 	22.090721 	106.831642 	12.806249 	76.557167 	121.264175 	9.219544 	62.641838 	109.288612 	117.004272 	22.803509 	111.503365 	16.401220 	117.413795 	114.284729 	111.220505 	91.706055 	131.795303 	32.557640 	21.095022 	84.864601 	15.033297 	114.825958 	64.132675 	119.816528 	128.003906 	42.579338 	105.095192 	86.330757 	25.612497 	68.883957 	21.470911 	28.017851 	48.259712 	23.086792 	133.221619 	36.674240 	77.103828 	110.494347 	57.314919 	116.726173 	51.971146 	31.016125 	55.542778 	127.534309 	55.785301 	89.269257 	87.965904 	60.207973 	127.941391 	
33.600594 	77.201035 	45.276924 	41.012192 	107.074738 	47.423622 	15.620500 	7.280110 	17.691807 	8.544003 	14.142136 	103.711136 	14.866069 	12.041595 	75.166481 	88.413803 	14.764823 	14.035668 	999.000000 	10.440307 	18.973665 	41.146080 	2.236068 	26.476404 	3.162278 	9.055386 	3.000000 	5.385165 	3.605551 	99.764725 	68.264191 	8.544003 	95.131485 	25.632011 	63.529522 	110.308655 	18.867962 	49.040798 	97.452553 	105.550934 	10.630146 	99.639351 	11.045361 	105.759163 	102.449989 	99.201813 	78.771820 	120.917328 	19.313208 	12.649111 	71.589104 	20.615528 	102.800781 	50.219517 	107.800743 	116.387283 	29.120440 	92.282173 	72.801102 	18.027756 	54.918121 	20.396078 	19.235384 	34.525352 	26.832815 	121.511314 	25.495098 	63.150612 	97.529480 	43.566040 	103.942291 	38.600517 	30.149628 	42.379242 	114.908661 	42.720020 	75.312683 	73.979729 	46.840153 	115.247559 	
38.418747 	69.115845 	36.619667 	32.202484 	99.126183 	38.288380 	9.000000 	12.649111 	9.486833 	8.602325 	7.000000 	95.210297 	7.071068 	5.099020 	65.764732 	79.246452 	5.000000 	24.331051 	10.440307 	999.000000 	8.544003 	30.886890 	8.944272 	36.878178 	8.062258 	2.236068 	11.661903 	7.071068 	10.000000 	90.520714 	58.249462 	6.324555 	85.632935 	36.055511 	53.338543 	101.237343 	29.068884 	38.626415 	87.863533 	96.176918 	10.198039 	90.027771 	17.804493 	96.260063 	92.849342 	89.498604 	68.600288 	111.865990 	12.806249 	16.155495 	61.269894 	29.832869 	93.085983 	39.812057 	98.081596 	106.887794 	21.095022 	82.152298 	62.393909 	20.396078 	44.553337 	26.925823 	20.024984 	25.632011 	34.828148 	111.946419 	21.931713 	52.773098 	87.321243 	34.481880 	93.813644 	30.413813 	35.468296 	34.481880 	104.847511 	34.985710 	64.938431 	63.639610 	38.483765 	105.152267 	
43.416588 	62.609905 	29.966648 	25.495098 	92.590500 	31.064449 	10.000000 	20.024984 	7.810250 	15.132746 	8.944272 	88.204308 	8.062258 	9.219544 	58.051701 	71.700768 	5.099020 	32.756680 	18.973665 	8.544003 	999.000000 	22.472204 	17.464249 	45.354160 	16.552946 	10.295630 	20.124611 	15.264338 	18.357559 	82.879433 	50.000000 	13.453624 	77.781746 	44.598206 	44.944408 	93.723000 	37.576588 	30.083218 	79.931221 	88.413803 	16.401220 	82.073135 	25.495098 	88.391174 	84.899940 	81.467789 	60.207973 	104.350372 	13.000000 	22.803509 	52.773098 	38.013157 	85.041168 	31.400637 	90.027771 	99.005051 	17.204651 	73.783470 	53.851646 	25.942244 	36.221542 	34.058773 	24.698177 	20.000000 	42.426407 	104.004807 	23.021729 	44.407207 	78.892334 	28.178005 	85.440041 	25.495098 	41.677334 	29.732138 	96.519424 	30.413813 	56.568542 	55.326305 	33.015148 	96.798759 	
57.706154 	44.911022 	16.155495 	13.601471 	74.000000 	14.142136 	27.658634 	40.521599 	24.738634 	35.440090 	28.160255 	68.447060 	27.202942 	29.732138 	36.891735 	50.774010 	26.400757 	54.424259 	41.146080 	30.886890 	22.472204 	999.000000 	39.824615 	67.067131 	38.948685 	32.756680 	42.544094 	37.735924 	40.816662 	61.611687 	27.658634 	35.805027 	56.080299 	66.708321 	22.472204 	72.670486 	59.941639 	9.055386 	58.051701 	66.843102 	38.288380 	60.141499 	47.801674 	66.603302 	62.968246 	59.396969 	37.735924 	83.234612 	31.400637 	44.598206 	30.463093 	60.464867 	62.936478 	13.892444 	67.896980 	77.155685 	27.513634 	51.312767 	32.015621 	46.754681 	18.788294 	55.901699 	44.821869 	24.186773 	64.536812 	82.036575 	39.357338 	25.709921 	56.435802 	25.709921 	62.968246 	29.000000 	62.481998 	32.140316 	74.060783 	33.136082 	37.215588 	36.496574 	32.015621 	74.330345 	
35.608986 	76.843994 	44.687805 	40.360870 	106.780151 	46.669048 	15.264338 	8.944272 	17.029387 	9.055386 	13.601471 	103.232750 	14.212670 	11.401754 	74.330345 	87.681244 	13.601471 	16.000000 	2.236068 	8.944272 	17.464249 	39.824615 	999.000000 	28.284271 	1.000000 	7.280110 	2.828427 	3.162278 	2.000000 	99.005051 	67.119293 	6.324555 	94.260277 	27.202942 	62.265560 	109.622078 	20.124611 	47.539455 	96.540146 	104.737770 	8.485281 	98.716766 	10.440307 	104.890419 	101.533249 	98.234413 	77.524193 	120.241425 	17.088007 	11.180340 	70.213959 	21.213203 	101.828285 	48.507732 	106.826965 	115.520561 	26.925823 	91.065910 	71.309189 	16.492422 	53.150730 	19.924858 	17.464249 	32.388271 	26.925823 	120.615089 	23.345236 	61.392181 	96.254868 	41.436699 	102.727798 	36.400551 	29.427877 	40.162170 	113.740936 	40.496914 	73.545906 	72.180328 	44.643028 	114.057007 	
32.557640 	98.351410 	68.505478 	64.660652 	127.349915 	71.344238 	39.812057 	26.832815 	42.544094 	31.780497 	39.000000 	125.255737 	39.924931 	37.336308 	99.020203 	111.606453 	40.804413 	12.649111 	26.476404 	36.878178 	45.354160 	67.067131 	28.284271 	999.000000 	29.274563 	35.510563 	26.076809 	31.144823 	28.071337 	123.004066 	93.471924 	34.058773 	118.983192 	4.472136 	89.157166 	133.060135 	11.180340 	75.286118 	121.490738 	129.034882 	34.058773 	123.713379 	25.709921 	129.529922 	126.479248 	123.490891 	104.278473 	143.533966 	44.045429 	30.805843 	97.498718 	17.029387 	127.094452 	76.687675 	132.075729 	140.089264 	54.083271 	117.630775 	98.979797 	34.176014 	81.394104 	26.627054 	37.000000 	60.008331 	23.600847 	145.340973 	46.572525 	89.627007 	123.065025 	69.028976 	129.247818 	63.285069 	33.970577 	66.610809 	140.003571 	66.753281 	101.788994 	100.448990 	71.449280 	140.431473 	
36.235340 	76.275818 	44.045429 	39.698868 	106.230881 	45.967381 	14.764823 	9.433981 	16.401220 	9.000000 	13.038404 	102.615791 	13.601471 	10.816654 	73.593475 	86.977005 	12.806249 	17.000000 	3.162278 	8.062258 	16.552946 	38.948685 	1.000000 	29.274563 	999.000000 	6.324555 	3.605551 	2.236068 	2.236068 	98.290382 	66.287254 	5.385165 	93.509361 	28.160255 	61.400326 	108.931168 	21.023796 	46.615448 	95.775780 	104.004807 	7.810250 	97.948967 	10.770329 	104.139328 	100.767059 	97.452553 	76.661591 	119.553337 	16.155495 	11.045361 	69.318108 	21.931713 	101.044548 	47.539455 	106.042442 	114.769333 	25.961510 	90.210861 	70.384659 	16.278820 	52.172791 	20.248457 	17.088007 	31.400637 	27.459061 	119.854080 	22.627417 	60.415230 	95.383438 	40.447498 	101.872467 	35.440090 	29.614185 	39.217342 	112.898186 	39.560081 	72.567207 	71.196907 	43.680660 	113.207771 	
38.948685 	71.344238 	38.832977 	34.409302 	101.355812 	40.459858 	11.045361 	12.529964 	11.704700 	9.219544 	9.055386 	97.416634 	9.219544 	7.000000 	67.882248 	81.394104 	7.211102 	23.086792 	9.055386 	2.236068 	10.295630 	32.756680 	7.280110 	35.510563 	6.324555 	999.000000 	9.848858 	5.000000 	8.062258 	92.655273 	60.216278 	4.123106 	87.726852 	34.481880 	55.226807 	103.392456 	27.313000 	40.311287 	89.938866 	98.290382 	8.062258 	92.097771 	15.620500 	98.351410 	94.921021 	91.547798 	70.491135 	114.021927 	12.041595 	13.928389 	63.063461 	27.802877 	95.131485 	41.231056 	100.124924 	108.977058 	21.023796 	84.059502 	64.078079 	18.248287 	45.891174 	24.698177 	18.000000 	25.961510 	32.649654 	114.021927 	20.591261 	54.129475 	89.185204 	34.928497 	95.718338 	30.463093 	33.241539 	34.438351 	106.780151 	34.885529 	66.287254 	64.938431 	38.626415 	107.070068 	
36.055511 	79.630394 	47.507893 	43.185646 	109.553642 	49.497475 	18.027756 	10.198039 	19.849434 	11.401754 	16.401220 	106.042442 	17.029387 	14.212670 	77.155685 	90.509666 	16.401220 	14.142136 	3.000000 	11.661903 	20.124611 	42.544094 	2.828427 	26.076809 	3.605551 	9.848858 	999.000000 	5.099020 	2.000000 	101.833199 	69.892776 	8.000000 	97.082436 	24.738634 	65.000000 	112.449989 	17.464249 	50.159744 	99.357941 	107.563934 	8.944272 	101.533249 	8.062258 	107.712578 	104.350372 	101.044548 	80.262070 	123.069084 	18.439089 	9.848858 	72.897186 	18.384777 	104.637466 	50.960770 	109.635757 	118.342720 	28.442924 	93.813644 	73.925636 	15.231546 	55.542778 	17.464249 	16.643316 	34.132095 	24.186773 	123.434196 	23.600847 	63.788715 	98.979797 	43.185646 	105.475113 	37.854988 	27.166155 	41.484936 	116.503220 	41.761227 	75.927597 	74.525162 	46.097721 	116.811813 	
38.288380 	76.006577 	43.600460 	39.204590 	106.000000 	45.343136 	14.866069 	11.401754 	16.124516 	10.198039 	13.000000 	102.200783 	13.416408 	10.770329 	72.835434 	86.313385 	12.041595 	19.026299 	5.385165 	7.071068 	15.264338 	37.735924 	3.162278 	31.144823 	2.236068 	5.000000 	5.099020 	999.000000 	3.162278 	97.590981 	65.215027 	3.162278 	92.698433 	29.832869 	60.207973 	108.300507 	22.472204 	45.188496 	94.921021 	103.247276 	5.830952 	97.082436 	10.816654 	103.324730 	99.904953 	96.540146 	75.471848 	118.928551 	13.928389 	10.049875 	68.000000 	22.803509 	100.124924 	45.880280 	105.118980 	113.951744 	23.769728 	89.044930 	68.942001 	15.033297 	50.447994 	20.124611 	15.524175 	29.274563 	27.802877 	119.004204 	20.518284 	58.694122 	94.154129 	38.327538 	100.702530 	33.241539 	29.120440 	37.000000 	111.772087 	37.336308 	70.830788 	69.426216 	41.484936 	112.058022 	
37.202152 	78.492035 	46.227695 	41.868843 	108.452751 	48.104053 	17.000000 	10.770329 	18.601076 	11.045361 	15.264338 	104.809349 	15.811388 	13.038404 	75.690155 	89.106674 	14.866069 	16.124516 	3.605551 	10.000000 	18.357559 	40.816662 	2.000000 	28.071337 	2.236068 	8.062258 	2.000000 	3.162278 	999.000000 	100.409164 	68.242218 	6.000000 	95.587654 	26.683329 	63.285069 	111.072052 	19.313208 	48.332184 	97.836601 	106.103722 	7.211102 	100.004997 	8.544003 	106.216759 	102.825096 	99.488693 	78.549347 	121.696342 	16.492422 	9.219544 	71.119621 	19.849434 	103.077644 	49.040798 	108.074051 	116.846054 	26.476404 	92.114059 	72.090218 	14.560220 	53.600372 	18.027756 	15.652476 	32.140316 	25.238859 	121.918007 	22.022715 	61.846584 	97.247108 	41.194660 	103.773796 	35.902645 	27.459061 	39.560081 	114.825958 	39.849716 	73.979729 	72.567207 	44.147480 	115.121674 	
101.636604 	27.658634 	54.671749 	58.796257 	23.323807 	52.345009 	84.291161 	96.674713 	82.073135 	92.195442 	85.632935 	13.892444 	84.899940 	87.726852 	24.839485 	11.401754 	85.562843 	111.040535 	99.764725 	90.520714 	82.879433 	61.611687 	99.005051 	123.004066 	98.290382 	92.655273 	101.833199 	97.590981 	100.409164 	999.000000 	35.341194 	96.260063 	7.000000 	123.846680 	41.629318 	11.180340 	118.342720 	57.706154 	7.615773 	6.324555 	99.247169 	7.810250 	108.245094 	8.000000 	8.062258 	10.000000 	30.265491 	21.633308 	93.005379 	105.645638 	38.832977 	120.216469 	10.816654 	61.846584 	13.341664 	17.464249 	88.323273 	23.086792 	42.296574 	108.231232 	61.032780 	116.931602 	106.400185 	83.648071 	125.255737 	22.847319 	100.702530 	57.070133 	25.553865 	80.777473 	23.345236 	86.815895 	124.016129 	88.391174 	26.248810 	89.319649 	54.009258 	56.000000 	85.702972 	27.513634 	
78.517517 	28.635643 	27.166155 	29.832869 	52.086468 	23.345236 	53.665630 	66.640831 	51.000000 	61.717098 	54.589375 	44.721359 	53.712196 	56.435802 	13.038404 	25.709921 	53.535034 	80.950600 	68.264191 	58.249462 	50.000000 	27.658634 	67.119293 	93.471924 	66.287254 	60.216278 	69.892776 	65.215027 	68.242218 	35.341194 	999.000000 	63.411354 	29.154760 	93.536087 	6.324555 	46.518814 	87.132080 	22.472204 	30.805843 	39.962482 	65.946945 	32.802441 	75.432091 	39.408119 	35.608986 	31.890438 	11.180340 	56.824291 	58.728188 	72.249565 	9.219544 	88.005684 	35.383614 	26.570660 	40.311287 	49.819675 	53.254108 	24.166092 	14.142136 	74.249580 	26.305893 	83.546394 	72.180328 	48.373547 	92.195442 	54.561890 	65.802734 	24.331051 	29.732138 	45.541191 	35.777088 	51.478149 	89.872131 	53.141319 	46.647614 	54.083271 	27.202942 	28.301943 	50.695168 	47.010635 	
41.036568 	75.292763 	42.720020 	38.275318 	105.309067 	44.204071 	15.132746 	14.142136 	15.811388 	12.083046 	13.152946 	101.257095 	13.341664 	11.045361 	71.449280 	85.041168 	11.180340 	22.090721 	8.544003 	6.324555 	13.453624 	35.805027 	6.324555 	34.058773 	5.385165 	4.123106 	8.000000 	3.162278 	6.000000 	96.260063 	63.411354 	999.000000 	91.219513 	32.557640 	58.249462 	107.056061 	25.000000 	42.941822 	93.380943 	101.833199 	4.000000 	95.524864 	12.041595 	101.833199 	98.351410 	94.921021 	73.498299 	117.686020 	10.770329 	9.848858 	65.863495 	24.698177 	98.493652 	43.324360 	103.479469 	112.449989 	20.615528 	87.091904 	66.640831 	14.142136 	47.801674 	20.808653 	14.035668 	26.172504 	29.000000 	117.456375 	17.804493 	56.044624 	92.114059 	35.227829 	98.737022 	30.083218 	29.154760 	33.837849 	109.859001 	34.176014 	68.154236 	66.708321 	38.327538 	110.113579 	
99.020203 	27.018513 	50.477718 	54.405884 	29.546574 	47.801674 	79.812279 	92.417534 	77.466118 	87.800911 	81.055534 	20.248457 	80.280754 	83.096329 	20.000000 	9.000000 	80.721741 	106.831642 	95.131485 	85.632935 	77.781746 	56.080299 	94.260277 	118.983192 	93.509361 	87.726852 	97.082436 	92.698433 	95.587654 	7.000000 	29.154760 	91.219513 	999.000000 	119.620232 	35.355339 	17.720045 	113.850777 	51.623638 	3.000000 	10.816654 	94.069122 	5.099020 	103.247276 	10.630146 	7.615773 	6.082763 	23.345236 	27.730848 	87.458565 	100.448990 	32.015621 	115.433968 	9.055386 	55.461697 	13.601471 	21.260292 	82.377182 	16.552946 	35.355339 	102.825096 	54.424259 	111.758667 	100.895988 	77.524193 	120.208153 	26.400757 	94.868332 	50.219517 	19.849434 	74.323616 	19.235384 	80.498444 	118.562218 	81.939003 	25.019993 	82.855293 	47.010635 	49.000000 	79.120163 	26.076809 	
36.221542 	99.704567 	69.202599 	65.215027 	128.972870 	71.847061 	39.962482 	27.202942 	42.544094 	31.906113 	38.948685 	126.574089 	39.824615 	37.121422 	99.624290 	112.445541 	40.311287 	12.806249 	25.632011 	36.055511 	44.598206 	66.708321 	27.202942 	4.472136 	28.160255 	34.481880 	24.738634 	29.832869 	26.683329 	123.846680 	93.536087 	32.557640 	119.620232 	999.000000 	89.000000 	134.063416 	8.062258 	74.672615 	122.065559 	129.807556 	32.062439 	124.277916 	23.086792 	130.207520 	127.062973 	123.975807 	104.201729 	144.589066 	42.047592 	28.160255 	97.169952 	13.038404 	127.581345 	75.690155 	132.574509 	140.801285 	52.009613 	117.647781 	98.432716 	31.048349 	80.280754 	22.825424 	33.955853 	58.077534 	19.209373 	146.013702 	43.737854 	88.526833 	122.983742 	67.029846 	129.294235 	61.032780 	29.698484 	64.195015 	140.160629 	64.280632 	100.662804 	99.247169 	69.115845 	140.545364 	
76.059189 	33.526108 	25.179358 	27.018513 	58.215118 	21.095022 	49.396355 	62.393909 	46.615448 	57.384666 	50.159744 	50.990196 	49.244289 	51.894123 	19.026299 	32.015621 	48.764740 	76.557167 	63.529522 	53.338543 	44.944408 	22.472204 	62.265560 	89.157166 	61.400326 	55.226807 	65.000000 	60.207973 	63.285069 	41.629318 	6.324555 	58.249462 	35.355339 	89.000000 	999.000000 	52.801514 	82.365044 	16.401220 	36.891735 	46.141087 	60.605282 	38.832977 	70.213959 	45.486263 	41.617306 	37.802116 	15.264338 	63.063461 	53.037724 	66.843102 	9.000000 	82.927681 	41.231056 	20.248457 	46.097721 	55.803226 	47.201694 	28.844410 	12.649111 	68.622154 	20.099751 	78.102493 	66.468040 	42.190044 	86.833176 	60.440052 	59.816387 	18.973665 	34.000000 	39.217342 	40.496914 	45.188496 	84.148682 	46.818798 	51.613953 	47.759815 	24.083189 	24.758837 	44.384682 	51.865211 	
110.476242 	35.777088 	65.069191 	69.296463 	19.723083 	62.968246 	94.762863 	106.962608 	92.633690 	102.591423 	96.166519 	12.165525 	95.462036 	98.290382 	35.805027 	22.022715 	96.260063 	121.264175 	110.308655 	101.237343 	93.723000 	72.670486 	109.622078 	133.060135 	108.931168 	103.392456 	112.449989 	108.300507 	111.072052 	11.180340 	46.518814 	107.056061 	17.720045 	134.063416 	52.801514 	999.000000 	128.763351 	68.883957 	17.117243 	8.062258 	110.113579 	16.000000 	119.004204 	10.440307 	14.142136 	18.027756 	41.000000 	10.630146 	104.043259 	116.516090 	49.729267 	130.831955 	16.492422 	73.006851 	15.264338 	11.401754 	99.478638 	32.062439 	52.952808 	119.201508 	72.111023 	127.781059 	117.413795 	94.826157 	136.029404 	16.031219 	111.830231 	67.911705 	32.984844 	91.923882 	28.635643 	97.989792 	135.000000 	99.538940 	26.907248 	100.463921 	64.124878 	66.189125 	96.798759 	28.319605 	
37.215588 	95.015785 	63.702435 	59.548298 	124.631454 	66.068146 	34.058773 	22.022715 	36.400551 	26.172504 	32.802441 	121.753853 	33.600594 	30.805843 	93.861603 	106.962608 	33.615471 	9.219544 	18.867962 	29.068884 	37.576588 	59.941639 	20.124611 	11.180340 	21.023796 	27.313000 	17.464249 	22.472204 	19.313208 	118.342720 	87.132080 	25.000000 	113.850777 	8.062258 	82.365044 	128.763351 	999.000000 	67.623962 	116.211014 	124.197426 	24.186773 	118.406082 	15.033297 	124.470879 	121.210564 	118.004234 	97.616600 	139.344894 	34.132095 	20.099751 	90.338257 	6.708204 	121.605919 	68.308128 	126.605690 	135.092560 	44.045429 	111.139549 	91.389275 	23.086792 	72.801102 	15.620500 	25.961510 	50.159744 	14.560220 	140.246216 	35.693138 	81.043198 	116.361504 	59.076221 	122.800652 	53.009434 	23.853722 	56.142673 	133.775925 	56.222771 	93.145050 	91.678787 	61.073727 	134.111893 	
66.753281 	45.000000 	21.931713 	20.808653 	72.567207 	18.601076 	36.345562 	49.030602 	33.376640 	43.931767 	36.674240 	66.098412 	35.693138 	38.078865 	33.837849 	47.539455 	34.481880 	62.641838 	49.040798 	38.626415 	30.083218 	9.055386 	47.539455 	75.286118 	46.615448 	40.311287 	50.159744 	45.188496 	48.332184 	57.706154 	22.472204 	42.941822 	51.623638 	74.672615 	16.401220 	68.883957 	67.623962 	999.000000 	53.254108 	62.433964 	44.944408 	55.217751 	54.708317 	61.854668 	58.008621 	54.203320 	31.144823 	79.259071 	36.878178 	51.039200 	23.021729 	67.601776 	57.628117 	6.708204 	62.481998 	72.201111 	30.805843 	44.687805 	23.769728 	52.497620 	10.630146 	62.201286 	50.249378 	25.942244 	71.028160 	76.837494 	43.416588 	16.763054 	49.406479 	24.186773 	56.222771 	29.410883 	67.896980 	31.575306 	67.475922 	32.557640 	28.160255 	27.459061 	30.016663 	67.623962 	
101.843018 	30.016663 	53.000000 	56.859474 	30.886890 	50.219517 	82.200974 	94.868332 	79.812279 	90.210861 	83.408630 	21.470911 	82.619614 	85.428329 	22.472204 	12.000000 	82.975899 	109.288612 	97.452553 	87.863533 	79.931221 	58.051701 	96.540146 	121.490738 	95.775780 	89.938866 	99.357941 	94.921021 	97.836601 	7.615773 	30.805843 	93.380943 	3.000000 	122.065559 	36.891735 	17.117243 	116.211014 	53.254108 	999.000000 	9.486833 	96.166519 	2.236068 	105.418213 	8.602325 	5.000000 	3.162278 	24.041630 	26.570660 	89.375610 	102.532921 	32.893768 	117.686020 	6.082763 	56.824291 	10.770329 	19.104973 	84.053551 	15.524175 	35.902645 	104.804581 	55.542778 	113.846390 	102.825096 	79.075912 	122.347862 	24.083189 	96.607452 	50.960770 	18.027756 	75.584389 	16.643316 	81.884064 	120.507263 	83.192551 	22.022715 	84.095184 	47.042534 	49.091751 	80.230919 	23.086792 	
107.935165 	33.955853 	60.605282 	64.660652 	25.455845 	58.137768 	90.138779 	102.615791 	87.863533 	98.081596 	91.438507 	16.401220 	90.686272 	93.509361 	30.413813 	17.492855 	91.241440 	117.004272 	105.550934 	96.176918 	88.413803 	66.843102 	104.737770 	129.034882 	104.004807 	98.290382 	107.563934 	103.247276 	106.103722 	6.324555 	39.962482 	101.833199 	10.816654 	129.807556 	46.141087 	8.062258 	124.197426 	62.433964 	9.486833 	999.000000 	104.737770 	8.062258 	113.846390 	2.828427 	6.082763 	10.000000 	33.526108 	17.088007 	98.234413 	111.126053 	42.379242 	125.936493 	8.544003 	66.189125 	8.602325 	11.180340 	93.193344 	24.020824 	45.354160 	113.569359 	65.000000 	122.429573 	111.664673 	88.323273 	130.831955 	16.552946 	105.683487 	60.440052 	25.000000 	85.000000 	21.095022 	91.241440 	129.321304 	92.612091 	21.470911 	93.520050 	56.222771 	58.309521 	89.693924 	22.825424 	
44.045429 	78.771820 	46.141087 	41.677334 	108.784187 	47.434166 	19.104973 	17.204651 	19.646883 	15.811388 	17.117243 	104.560989 	17.262676 	15.033297 	74.411018 	88.090858 	14.866069 	22.803509 	10.630146 	10.198039 	16.401220 	38.288380 	8.485281 	34.058773 	7.810250 	8.062258 	8.944272 	5.830952 	7.211102 	99.247169 	65.946945 	4.000000 	94.069122 	32.062439 	60.605282 	110.113579 	24.186773 	44.944408 	96.166519 	104.737770 	999.000000 	98.290382 	9.848858 	104.661362 	101.118744 	97.621719 	75.802376 	120.739388 	10.000000 	6.403124 	67.955872 	22.847319 	101.178062 	44.777225 	106.150833 	115.260574 	20.024984 	89.403580 	68.476273 	10.198039 	49.040798 	17.691807 	10.049875 	26.019224 	26.248810 	120.216469 	14.866069 	57.245087 	94.302704 	35.000000 	101.019798 	29.274563 	25.495098 	32.756680 	112.200714 	32.984844 	69.260376 	67.720009 	37.483330 	112.414413 	
104.062485 	32.000000 	55.226807 	59.076221 	31.064449 	52.430908 	84.403793 	97.082436 	82.006096 	92.417534 	85.603737 	21.633308 	84.811554 	87.618492 	24.698177 	14.035668 	85.146935 	111.503365 	99.639351 	90.027771 	82.073135 	60.141499 	98.716766 	123.713379 	97.948967 	92.097771 	101.533249 	97.082436 	100.004997 	7.810250 	32.802441 	95.524864 	5.099020 	124.277916 	38.832977 	16.000000 	118.406082 	55.217751 	2.236068 	8.062258 	98.290382 	999.000000 	107.563934 	6.708204 	2.828427 	2.236068 	25.632011 	25.000000 	91.438507 	104.651802 	34.539833 	119.854080 	4.000000 	58.668560 	8.544003 	17.029387 	86.023254 	16.124516 	37.363083 	106.887794 	57.271286 	115.965515 	104.890419 	80.993828 	124.482933 	21.931713 	98.600204 	52.497620 	17.888544 	77.369247 	15.620500 	83.725746 	122.576508 	84.970581 	20.099751 	85.866173 	48.166378 	50.249378 	81.939003 	21.213203 	
42.485291 	86.821655 	54.405884 	50.000000 	116.811813 	56.080299 	25.495098 	18.027756 	26.925823 	19.416489 	23.706539 	113.004425 	24.186773 	21.470911 	83.450584 	97.000000 	22.803509 	16.401220 	11.045361 	17.804493 	25.495098 	47.801674 	10.440307 	25.709921 	10.770329 	15.620500 	8.062258 	10.816654 	8.544003 	108.245094 	75.432091 	12.041595 	103.247276 	23.086792 	70.213959 	119.004204 	15.033297 	54.708317 	105.418213 	113.846390 	9.848858 	107.563934 	999.000000 	113.863953 	110.390221 	106.962608 	85.445892 	129.634094 	19.416489 	5.099020 	77.698135 	13.000000 	110.535065 	54.625999 	115.520561 	124.482933 	29.154760 	99.045441 	78.294319 	9.219544 	58.872746 	9.486833 	11.661903 	35.355339 	17.029387 	129.495178 	20.880613 	67.067131 	104.009613 	44.181442 	110.679718 	38.000000 	19.104973 	41.109608 	121.827744 	41.194660 	79.056938 	77.491936 	46.043457 	122.065559 	
109.004585 	35.510563 	61.032780 	65.000000 	28.284271 	58.412327 	90.426765 	103.004852 	88.090858 	98.407318 	91.678787 	19.209373 	90.906548 	93.723000 	30.610456 	18.384777 	91.350975 	117.413795 	105.759163 	96.260063 	88.391174 	66.603302 	104.890419 	129.529922 	104.139328 	98.351410 	107.712578 	103.324730 	106.216759 	8.000000 	39.408119 	101.833199 	10.630146 	130.207520 	45.486263 	10.440307 	124.470879 	61.854668 	8.602325 	2.828427 	104.661362 	6.708204 	113.863953 	999.000000 	4.123106 	8.246211 	32.310989 	18.439089 	97.948967 	111.036034 	41.231056 	126.063477 	6.082763 	65.368187 	5.830952 	10.630146 	92.655273 	22.022715 	43.965897 	113.357841 	63.976559 	122.347862 	111.395691 	87.664131 	130.816666 	15.811388 	105.209312 	59.135437 	22.561028 	84.077347 	18.357559 	90.426765 	129.073624 	91.678787 	18.788294 	92.574295 	54.451813 	56.568542 	88.639717 	20.124611 	
