Total assets = 690
Number of asset nodes = 33

Distance:
999.000000 	53.413483 	22.022715 	31.240999 	66.219330 	37.013512 	67.475922 	33.286633 	39.051247 	21.095022 	37.215588 	60.033325 	20.000000 	9.219544 	25.495098 	69.656296 	78.816238 	37.536648 	44.204071 	25.000000 	75.604233 	30.413813 	16.763054 	31.304953 	74.652527 	65.795135 	40.496914 	18.973665 	75.286118 	16.124516 	15.000000 	59.464275 	47.507893 	68.095520 	67.230942 	22.472204 	88.005684 	18.027756 	47.507893 	16.401220 	27.856777 	29.546574 	63.600315 	25.709921 	18.384777 	23.086792 	
53.413483 	999.000000 	32.249031 	23.769728 	12.806249 	89.827614 	14.142136 	24.515301 	84.380089 	69.656296 	17.204651 	10.440307 	33.421551 	59.682495 	32.572994 	16.278820 	25.553865 	90.609047 	96.876213 	78.409180 	22.203604 	28.635643 	69.339745 	28.442924 	21.260292 	13.416408 	20.024984 	71.561165 	21.931713 	67.742157 	65.863495 	11.180340 	100.448990 	119.331474 	118.562218 	75.166481 	34.669872 	68.000000 	19.697716 	59.615433 	80.454956 	82.377182 	116.000000 	77.524193 	64.474800 	73.824112 	
22.022715 	32.249031 	999.000000 	9.219544 	44.944408 	59.033890 	46.043457 	11.704700 	58.240879 	41.231056 	18.110771 	40.162170 	5.385165 	27.459061 	6.708204 	48.259712 	57.801384 	59.548298 	66.219330 	46.690472 	54.378304 	10.000000 	37.202152 	11.000000 	53.254108 	44.045429 	18.788294 	39.408119 	53.823788 	35.510563 	33.615471 	37.483330 	69.526970 	89.888817 	89.044930 	43.011627 	66.887962 	35.777088 	26.000000 	27.892651 	48.259712 	50.219517 	85.603737 	45.276924 	32.572994 	41.593269 	
31.240999 	23.769728 	9.219544 	999.000000 	36.235340 	68.249542 	37.215588 	4.472136 	66.730804 	50.089920 	13.000000 	32.557640 	12.649111 	36.400551 	9.055386 	39.446167 	49.193497 	68.767723 	75.432091 	55.865910 	45.650848 	6.708204 	46.227695 	7.211102 	44.418465 	35.000000 	10.198039 	48.414875 	44.944408 	44.407207 	42.438190 	28.284271 	78.746429 	99.020203 	98.183502 	52.009613 	58.180752 	44.418465 	17.464249 	35.846897 	57.201397 	59.203041 	94.810333 	54.083271 	40.718548 	50.249378 	
66.219330 	12.806249 	44.944408 	36.235340 	999.000000 	102.591423 	2.000000 	36.400551 	96.519424 	82.219215 	29.732138 	11.000000 	46.227695 	72.401657 	44.777225 	3.605551 	13.000000 	103.392456 	109.622078 	91.214035 	9.433981 	40.496914 	82.097504 	40.162170 	8.485281 	5.656854 	30.805843 	84.314888 	9.219544 	80.454956 	78.549347 	12.369317 	113.216606 	131.893890 	131.137329 	87.920418 	21.954498 	80.622574 	28.000000 	72.013885 	93.193344 	95.131485 	128.701202 	90.210861 	76.922035 	86.452301 	
37.013512 	89.827614 	59.033890 	68.249542 	102.591423 	999.000000 	103.966339 	70.213959 	23.259407 	22.472204 	73.000000 	95.425362 	56.586216 	34.014702 	62.128899 	106.103722 	114.865135 	2.236068 	7.211102 	14.317822 	111.865990 	67.119293 	25.000000 	67.955872 	111.072052 	102.552429 	77.420929 	23.537205 	111.758667 	27.892651 	30.083218 	96.426140 	10.630146 	31.953091 	31.016125 	21.095022 	124.084648 	30.413813 	84.314888 	40.261642 	19.235384 	17.464249 	26.627054 	23.086792 	36.496574 	27.000000 	
67.475922 	14.142136 	46.043457 	37.215588 	2.000000 	103.966339 	999.000000 	37.161808 	98.183502 	83.737686 	31.240999 	13.000000 	47.507893 	73.498299 	45.617977 	2.236068 	12.369317 	104.737770 	111.018013 	92.455391 	8.544003 	41.231056 	83.234612 	40.853397 	7.211102 	4.472136 	31.320919 	85.445892 	7.810250 	81.541397 	79.611557 	12.041595 	114.586212 	133.416641 	132.653687 	89.050545 	21.023796 	81.633324 	28.071337 	72.897186 	94.302704 	96.260063 	130.138382 	91.268837 	77.826729 	87.464279 	
33.286633 	24.515301 	11.704700 	4.472136 	36.400551 	70.213959 	37.161808 	999.000000 	69.921387 	52.924473 	16.643316 	34.058773 	16.124516 	37.483330 	8.602325 	39.395432 	49.396355 	70.604530 	77.420929 	57.384666 	45.694637 	4.123106 	47.381432 	4.000000 	44.283180 	34.481880 	7.211102 	49.517673 	44.721359 	45.343136 	43.278172 	27.202942 	80.603973 	101.355812 	100.498756 	53.075417 	58.180752 	45.000000 	14.317822 	35.846897 	58.137768 	60.207973 	96.834908 	54.817879 	40.816662 	50.803543 	
39.051247 	84.380089 	58.240879 	66.730804 	96.519424 	23.259407 	98.183502 	69.921387 	999.000000 	18.000000 	67.230942 	87.618492 	54.083271 	41.593269 	63.348244 	100.124924 	107.615051 	25.495098 	25.317978 	30.000000 	105.209312 	67.911705 	36.769554 	68.883957 	104.861816 	97.754799 	76.843994 	36.674240 	105.683487 	39.560081 	41.109608 	93.021500 	29.154760 	37.735924 	37.215588 	36.359318 	116.661903 	43.081318 	84.118965 	50.219517 	37.643059 	36.796738 	37.947330 	40.224369 	48.383881 	42.544094 	
21.095022 	69.656296 	41.231056 	50.089920 	82.219215 	22.472204 	83.737686 	52.924473 	18.000000 	999.000000 	52.497620 	74.276512 	37.589893 	24.041630 	45.880280 	85.796272 	94.047859 	24.041630 	28.653097 	18.973665 	91.285271 	50.596443 	21.260292 	51.546097 	90.686272 	82.800964 	60.008331 	21.931713 	91.438507 	23.600847 	24.698177 	77.388626 	32.649654 	49.678970 	48.918301 	23.021729 	103.237587 	27.202942 	67.230942 	32.893768 	26.400757 	26.570660 	46.861500 	27.459061 	31.764761 	28.319605 	
37.215588 	17.204651 	18.110771 	13.000000 	29.732138 	73.000000 	31.240999 	16.643316 	67.230942 	52.497620 	999.000000 	22.825424 	17.464249 	44.384682 	21.377558 	33.301651 	41.868843 	73.878281 	79.981247 	62.128899 	38.897301 	19.697716 	53.665630 	20.124611 	38.209946 	30.528675 	18.027756 	55.901699 	38.948685 	52.392746 	50.695168 	26.248810 	83.630135 	102.176315 	101.414986 	59.481091 	51.088158 	53.141319 	23.409399 	45.891174 	64.845970 	66.648331 	98.994949 	62.241467 	50.447994 	58.872746 	
60.033325 	10.440307 	40.162170 	32.557640 	11.000000 	95.425362 	13.000000 	34.058773 	87.618492 	74.276512 	22.825424 	999.000000 	40.249222 	67.119293 	41.593269 	14.142136 	20.000000 	96.400208 	102.303467 	84.905830 	17.888544 	38.118237 	76.478752 	38.052597 	18.027756 	15.524175 	30.265491 	78.714676 	18.973665 	75.153175 	73.409805 	18.439089 	106.042442 	123.761871 	123.044708 	82.298241 	29.068884 	75.769386 	30.083218 	68.007355 	87.658424 	89.470665 	121.082619 	85.000000 	72.732384 	81.541397 	
20.000000 	33.421551 	5.385165 	12.649111 	46.227695 	56.586216 	47.507893 	16.124516 	54.083271 	37.589893 	17.464249 	40.249222 	999.000000 	26.925823 	12.083046 	49.678970 	58.821766 	57.280014 	63.702435 	45.000000 	55.605755 	15.132746 	36.235340 	16.124516 	54.671749 	45.967381 	22.803509 	38.470768 	55.317268 	34.928497 	33.241539 	40.000000 	67.178864 	86.838928 	86.023254 	42.059483 	68.007355 	35.735138 	30.083218 	29.068884 	47.413078 	49.244289 	82.975899 	44.777225 	33.376640 	41.436699 	
9.219544 	59.682495 	27.459061 	36.400551 	72.401657 	34.014702 	73.498299 	37.483330 	41.593269 	24.041630 	44.384682 	67.119293 	26.925823 	999.000000 	29.000000 	75.716576 	85.234970 	34.000000 	41.146080 	20.248457 	81.835197 	33.970577 	9.899495 	34.713108 	80.709358 	71.400284 	44.553337 	12.041595 	81.271149 	8.062258 	6.324555 	64.536812 	43.908997 	65.924202 	65.000000 	15.620500 	94.339813 	9.055386 	51.088158 	8.944272 	20.808653 	22.803509 	60.415230 	17.888544 	9.433981 	14.560220 	
25.495098 	32.572994 	6.708204 	9.055386 	44.777225 	62.128899 	45.617977 	8.602325 	63.348244 	45.880280 	21.377558 	41.593269 	12.083046 	29.000000 	999.000000 	47.853943 	57.775429 	62.425957 	69.339745 	49.040798 	54.129475 	5.000000 	38.897301 	5.830952 	52.773098 	43.046486 	15.556349 	41.012192 	53.235325 	36.796738 	34.713108 	35.805027 	72.422371 	93.536087 	92.660675 	44.553337 	66.640831 	36.400551 	22.203604 	27.294687 	49.578220 	51.662365 	88.752464 	46.227695 	32.249031 	42.201897 	
69.656296 	16.278820 	48.259712 	39.446167 	3.605551 	106.103722 	2.236068 	39.395432 	100.124924 	85.796272 	33.301651 	14.142136 	49.678970 	75.716576 	47.853943 	999.000000 	10.198039 	106.887794 	113.145920 	94.641426 	6.324555 	43.462627 	85.445892 	43.081318 	5.000000 	6.082763 	33.526108 	87.658424 	5.656854 	83.761566 	81.835197 	14.000000 	116.726173 	135.473251 	134.714508 	91.263351 	18.788294 	83.862984 	30.149628 	75.133217 	96.519424 	98.473343 	132.245987 	93.493317 	80.062477 	89.693924 	
78.816238 	25.553865 	57.801384 	49.193497 	13.000000 	114.865135 	12.369317 	49.396355 	107.615051 	94.047859 	41.868843 	20.000000 	58.821766 	85.234970 	57.775429 	10.198039 	999.000000 	115.745407 	121.827744 	103.812332 	4.000000 	53.488316 	94.873604 	53.141319 	6.082763 	16.031219 	43.680660 	97.097885 	6.324555 	93.295227 	91.416626 	24.083189 	125.495018 	143.627991 	142.898560 	100.702530 	9.219544 	93.536087 	40.311287 	85.000000 	106.000000 	107.912003 	140.758652 	103.077644 	89.899948 	99.362968 	
37.536648 	90.609047 	59.548298 	68.767723 	103.392456 	2.236068 	104.737770 	70.604530 	25.495098 	24.041630 	73.878281 	96.400208 	57.280014 	34.000000 	62.425957 	106.887794 	115.745407 	999.000000 	7.280110 	13.928389 	112.698715 	67.424034 	24.698177 	68.242218 	111.865990 	103.237587 	77.801025 	23.086792 	112.538879 	27.513634 	29.732138 	97.000000 	10.000000 	32.280025 	31.320919 	20.396078 	124.963997 	29.832869 	84.628601 	39.849716 	18.027756 	16.124516 	26.419689 	22.000000 	35.902645 	26.076809 	
44.204071 	96.876213 	66.219330 	75.432091 	109.622078 	7.211102 	111.018013 	77.420929 	25.317978 	28.653097 	79.981247 	102.303467 	63.702435 	41.146080 	69.339745 	113.145920 	121.827744 	7.280110 	999.000000 	21.189621 	118.869675 	74.330345 	31.953091 	75.166481 	118.105888 	109.658562 	84.628601 	30.364452 	118.802361 	34.785053 	37.000000 	103.585716 	4.123106 	25.000000 	24.041630 	27.658634 	131.045792 	37.107952 	91.525955 	47.127487 	25.019993 	23.000000 	19.416489 	29.068884 	43.174065 	33.241539 	
25.000000 	78.409180 	46.690472 	55.865910 	91.214035 	14.317822 	92.455391 	57.384666 	30.000000 	18.973665 	62.128899 	84.905830 	45.000000 	20.248457 	49.040798 	94.641426 	103.812332 	13.928389 	21.189621 	999.000000 	100.603180 	54.037025 	10.770329 	54.817879 	99.639351 	90.686272 	64.536812 	9.219544 	100.264648 	13.601471 	15.811388 	84.148682 	23.706539 	46.173584 	45.221676 	7.071068 	113.004425 	16.124516 	71.217972 	25.961510 	7.810250 	7.615773 	40.249222 	10.295630 	22.203604 	13.341664 	
75.604233 	22.203604 	54.378304 	45.650848 	9.433981 	111.865990 	8.544003 	45.694637 	105.209312 	91.285271 	38.897301 	17.888544 	55.605755 	81.835197 	54.129475 	6.324555 	4.000000 	112.698715 	118.869675 	100.603180 	999.000000 	49.769470 	91.525955 	49.396355 	2.236068 	12.041595 	39.849716 	93.744331 	2.828427 	89.888817 	87.982956 	20.099751 	122.494896 	140.929062 	140.185593 	97.349884 	12.529964 	90.049988 	36.345562 	81.394104 	102.625534 	104.560989 	137.887634 	99.644371 	86.313385 	95.880135 	
30.413813 	28.635643 	10.000000 	6.708204 	40.496914 	67.119293 	41.231056 	4.123106 	67.911705 	50.596443 	19.697716 	38.118237 	15.132746 	33.970577 	5.000000 	43.462627 	53.488316 	67.424034 	74.330345 	54.037025 	49.769470 	999.000000 	43.863426 	1.000000 	48.332184 	38.470768 	10.630146 	45.967381 	48.754486 	41.725292 	39.623226 	31.064449 	77.420929 	98.488579 	97.616600 	49.497475 	62.241467 	41.231056 	17.204651 	31.906113 	54.488529 	56.586216 	93.744331 	51.088158 	36.891735 	47.010635 	
16.763054 	69.339745 	37.202152 	46.227695 	82.097504 	25.000000 	83.234612 	47.381432 	36.769554 	21.260292 	53.665630 	76.478752 	36.235340 	9.899495 	38.897301 	85.445892 	94.873604 	24.698177 	31.953091 	10.770329 	91.525955 	43.863426 	999.000000 	44.598206 	90.443352 	81.215759 	54.451813 	2.236068 	91.021973 	3.000000 	5.099020 	74.411018 	34.438351 	56.920998 	55.973209 	5.830952 	104.009613 	6.324555 	60.959003 	15.297058 	11.180340 	13.038404 	50.990196 	9.055386 	12.041595 	7.615773 	
31.304953 	28.442924 	11.000000 	7.211102 	40.162170 	67.955872 	40.853397 	4.000000 	68.883957 	51.546097 	20.124611 	38.052597 	16.124516 	34.713108 	5.830952 	43.081318 	53.141319 	68.242218 	75.166481 	54.817879 	49.396355 	1.000000 	44.598206 	999.000000 	47.927029 	38.013157 	10.000000 	46.690472 	48.332184 	42.426407 	40.311287 	30.528675 	78.236816 	99.362968 	98.488579 	50.209560 	61.846584 	41.868843 	16.401220 	32.449963 	55.172459 	57.280014 	94.578011 	51.739735 	37.443291 	47.634022 	
74.652527 	21.260292 	53.254108 	44.418465 	8.485281 	111.072052 	7.211102 	44.283180 	104.861816 	90.686272 	38.209946 	18.027756 	54.671749 	80.709358 	52.773098 	5.000000 	6.082763 	111.865990 	118.105888 	99.639351 	2.236068 	48.332184 	90.443352 	47.927029 	999.000000 	10.198039 	38.275318 	92.655273 	1.000000 	88.752464 	86.821655 	18.248287 	121.696342 	140.356689 	139.603012 	96.260063 	13.928389 	88.836929 	34.525352 	80.062477 	101.513542 	103.469803 	137.186005 	98.478424 	85.000000 	94.667839 	
65.795135 	13.416408 	44.045429 	35.000000 	5.656854 	102.552429 	4.472136 	34.481880 	97.754799 	82.800964 	30.528675 	15.524175 	45.967381 	71.400284 	43.046486 	6.082763 	16.031219 	103.237587 	109.658562 	90.686272 	12.041595 	38.470768 	81.215759 	38.013157 	10.198039 	999.000000 	28.231188 	83.408630 	10.440307 	79.404030 	77.420929 	8.062258 	113.145920 	132.438660 	131.654846 	87.005745 	24.041630 	79.322128 	24.331051 	70.327805 	92.200867 	94.201912 	128.887543 	89.050545 	75.292763 	85.146935 	
40.496914 	20.024984 	18.788294 	10.198039 	30.805843 	77.420929 	31.320919 	7.211102 	76.843994 	60.008331 	18.027756 	30.265491 	22.803509 	44.553337 	15.556349 	33.526108 	43.680660 	77.801025 	84.628601 	64.536812 	39.849716 	10.630146 	54.451813 	10.000000 	38.275318 	28.231188 	999.000000 	56.568542 	38.626415 	52.345009 	50.249378 	20.591261 	87.800911 	108.558739 	107.703293 	60.108234 	52.201534 	51.855568 	7.280110 	42.438190 	65.115280 	67.208633 	104.043259 	61.717098 	47.434166 	57.628117 	
18.973665 	71.561165 	39.408119 	48.414875 	84.314888 	23.537205 	85.445892 	49.517673 	36.674240 	21.931713 	55.901699 	78.714676 	38.470768 	12.041595 	41.012192 	87.658424 	97.097885 	23.086792 	30.364452 	9.219544 	93.744331 	45.967381 	2.236068 	46.690472 	92.655273 	83.408630 	56.568542 	999.000000 	93.230896 	4.472136 	6.708204 	76.576759 	32.695564 	55.362442 	54.405884 	3.605551 	106.230881 	7.000000 	63.031738 	16.763054 	8.944272 	10.816654 	49.244289 	7.000000 	13.038404 	6.403124 	
75.286118 	21.931713 	53.823788 	44.944408 	9.219544 	111.758667 	7.810250 	44.721359 	105.683487 	91.438507 	38.948685 	18.973665 	55.317268 	81.271149 	53.235325 	5.656854 	6.324555 	112.538879 	118.802361 	100.264648 	2.828427 	48.754486 	91.021973 	48.332184 	1.000000 	10.440307 	38.626415 	93.230896 	999.000000 	89.308456 	87.367043 	18.439089 	122.380554 	141.113434 	140.356689 	96.834908 	13.601471 	89.358826 	34.713108 	80.529495 	102.078400 	104.043259 	137.902145 	99.020203 	85.475143 	95.189285 	
16.124516 	67.742157 	35.510563 	44.407207 	80.454956 	27.892651 	81.541397 	45.343136 	39.560081 	23.600847 	52.392746 	75.153175 	34.928497 	8.062258 	36.796738 	83.761566 	93.295227 	27.513634 	34.785053 	13.601471 	89.888817 	41.725292 	3.000000 	42.426407 	88.752464 	79.404030 	52.345009 	4.472136 	89.308456 	999.000000 	2.236068 	72.470680 	37.161808 	59.774578 	58.821766 	7.810250 	102.396286 	3.605551 	58.728188 	12.369317 	12.806249 	14.866069 	53.712196 	9.848858 	9.055386 	7.000000 	
15.000000 	65.863495 	33.615471 	42.438190 	78.549347 	30.083218 	79.611557 	43.278172 	41.109608 	24.698177 	50.695168 	73.409805 	33.241539 	6.324555 	34.713108 	81.835197 	91.416626 	29.732138 	37.000000 	15.811388 	87.982956 	39.623226 	5.099020 	40.311287 	86.821655 	77.420929 	50.249378 	6.708204 	87.367043 	2.236068 	999.000000 	70.434364 	39.395432 	61.983868 	61.032780 	10.000000 	100.498756 	3.162278 	56.586216 	10.198039 	14.866069 	16.970562 	55.946404 	11.661903 	7.280110 	8.246211 	
59.464275 	11.180340 	37.483330 	28.284271 	12.369317 	96.426140 	12.041595 	27.202942 	93.021500 	77.388626 	26.248810 	18.439089 	40.000000 	64.536812 	35.805027 	14.000000 	24.083189 	97.000000 	103.585716 	84.148682 	20.099751 	31.064449 	74.411018 	30.528675 	18.248287 	8.062258 	20.591261 	76.576759 	18.439089 	72.470680 	70.434364 	999.000000 	106.962608 	126.826653 	126.015869 	80.156097 	32.015621 	72.201111 	16.278820 	62.968246 	85.276024 	87.321243 	122.918671 	82.006096 	67.955872 	78.006409 	
47.507893 	100.448990 	69.526970 	78.746429 	113.216606 	10.630146 	114.586212 	80.603973 	29.154760 	32.649654 	83.630135 	106.042442 	67.178864 	43.908997 	72.422371 	116.726173 	125.495018 	10.000000 	4.123106 	23.706539 	122.494896 	77.420929 	34.438351 	78.236816 	121.696342 	113.145920 	87.800911 	32.695564 	122.380554 	37.161808 	39.395432 	106.962608 	999.000000 	23.194826 	22.203604 	29.732138 	134.714508 	39.217342 	94.625580 	49.396355 	26.476404 	24.331051 	16.552946 	30.594116 	45.221676 	34.928497 	
68.095520 	119.331474 	89.888817 	99.020203 	131.893890 	31.953091 	133.416641 	101.355812 	37.735924 	49.678970 	102.176315 	123.761871 	86.838928 	65.924202 	93.536087 	135.473251 	143.627991 	32.280025 	25.000000 	46.173584 	140.929062 	98.488579 	56.920998 	99.362968 	140.356689 	132.438660 	108.558739 	55.362442 	141.113434 	59.774578 	61.983868 	126.826653 	23.194826 	999.000000 	1.000000 	52.630791 	152.793976 	62.096699 	115.602768 	72.124893 	49.648766 	47.518417 	8.944272 	53.758720 	68.154236 	58.051701 	
67.230942 	118.562218 	89.044930 	98.183502 	131.137329 	31.016125 	132.653687 	100.498756 	37.215588 	48.918301 	101.414986 	123.044708 	86.023254 	65.000000 	92.660675 	134.714508 	142.898560 	31.320919 	24.041630 	45.221676 	140.185593 	97.616600 	55.973209 	98.488579 	139.603012 	131.654846 	107.703293 	54.405884 	140.356689 	58.821766 	61.032780 	126.015869 	22.203604 	1.000000 	999.000000 	51.662365 	152.069061 	61.131008 	114.738831 	71.168816 	48.662102 	46.529560 	8.062258 	52.773098 	67.186310 	57.070133 	
22.472204 	75.166481 	43.011627 	52.009613 	87.920418 	21.095022 	89.050545 	53.075417 	36.359318 	23.021729 	59.481091 	82.298241 	42.059483 	15.620500 	44.553337 	91.263351 	100.702530 	20.396078 	27.658634 	7.071068 	97.349884 	49.497475 	5.830952 	50.209560 	96.260063 	87.005745 	60.108234 	3.605551 	96.834908 	7.810250 	10.000000 	80.156097 	29.732138 	52.630791 	51.662365 	999.000000 	109.836243 	9.486833 	66.528191 	19.697716 	5.385165 	7.211102 	46.238514 	4.472136 	15.524175 	6.324555 	
88.005684 	34.669872 	66.887962 	58.180752 	21.954498 	124.084648 	21.023796 	58.180752 	116.661903 	103.237587 	51.088158 	29.068884 	68.007355 	94.339813 	66.640831 	18.788294 	9.219544 	124.963997 	131.045792 	113.004425 	12.529964 	62.241467 	104.009613 	61.846584 	13.928389 	24.041630 	52.201534 	106.230881 	13.601471 	102.396286 	100.498756 	32.015621 	134.714508 	152.793976 	152.069061 	109.836243 	999.000000 	102.576797 	48.270073 	93.914856 	115.121674 	117.046997 	149.966660 	112.160599 	98.838249 	108.406639 	
18.027756 	68.000000 	35.777088 	44.418465 	80.622574 	30.413813 	81.633324 	45.000000 	43.081318 	27.202942 	53.141319 	75.769386 	35.735138 	9.055386 	36.400551 	83.862984 	93.536087 	29.832869 	37.107952 	16.124516 	90.049988 	41.231056 	6.324555 	41.868843 	88.836929 	79.322128 	51.855568 	7.000000 	89.358826 	3.605551 	3.162278 	72.201111 	39.217342 	62.096699 	61.131008 	9.486833 	102.576797 	999.000000 	58.000000 	10.295630 	13.601471 	15.811388 	55.713554 	9.899495 	6.082763 	5.830952 	
47.507893 	19.697716 	26.000000 	17.464249 	28.000000 	84.314888 	28.071337 	14.317822 	84.118965 	67.230942 	23.409399 	30.083218 	30.083218 	51.088158 	22.203604 	30.149628 	40.311287 	84.628601 	91.525955 	71.217972 	36.345562 	17.204651 	60.959003 	16.401220 	34.525352 	24.331051 	7.280110 	63.031738 	34.713108 	58.728188 	56.586216 	16.278820 	94.625580 	115.602768 	114.738831 	66.528191 	48.270073 	58.000000 	999.000000 	48.270073 	71.421288 	73.552704 	110.941429 	67.896980 	53.263496 	63.702435 	
16.401220 	59.615433 	27.892651 	35.846897 	72.013885 	40.261642 	72.897186 	35.846897 	50.219517 	32.893768 	45.891174 	68.007355 	29.068884 	8.944272 	27.294687 	75.133217 	85.000000 	39.849716 	47.127487 	25.961510 	81.394104 	31.906113 	15.297058 	32.449963 	80.062477 	70.327805 	42.438190 	16.763054 	80.529495 	12.369317 	10.198039 	62.968246 	49.396355 	72.124893 	71.168816 	19.697716 	93.914856 	10.295630 	48.270073 	999.000000 	23.853722 	26.076809 	65.924202 	20.000000 	5.000000 	15.620500 	
27.856777 	80.454956 	48.259712 	57.201397 	93.193344 	19.235384 	94.302704 	58.137768 	37.643059 	26.400757 	64.845970 	87.658424 	47.413078 	20.808653 	49.578220 	96.519424 	106.000000 	18.027756 	25.019993 	7.810250 	102.625534 	54.488529 	11.180340 	55.172459 	101.513542 	92.200867 	65.115280 	8.944272 	102.078400 	12.806249 	14.866069 	85.276024 	26.476404 	49.648766 	48.662102 	5.385165 	115.121674 	13.601471 	71.421288 	23.853722 	999.000000 	2.236068 	42.720020 	4.123106 	19.235384 	8.544003 	
29.546574 	82.377182 	50.219517 	59.203041 	95.131485 	17.464249 	96.260063 	60.207973 	36.796738 	26.570660 	66.648331 	89.470665 	49.244289 	22.803509 	51.662365 	98.473343 	107.912003 	16.124516 	23.000000 	7.615773 	104.560989 	56.586216 	13.038404 	57.280014 	103.469803 	94.201912 	67.208633 	10.816654 	104.043259 	14.866069 	16.970562 	87.321243 	24.331051 	47.518417 	46.529560 	7.211102 	117.046997 	15.811388 	73.552704 	26.076809 	2.236068 	999.000000 	40.521599 	6.324555 	21.470911 	10.770329 	
63.600315 	116.000000 	85.603737 	94.810333 	128.701202 	26.627054 	130.138382 	96.834908 	37.947330 	46.861500 	98.994949 	121.082619 	82.975899 	60.415230 	88.752464 	132.245987 	140.758652 	26.419689 	19.416489 	40.249222 	137.887634 	93.744331 	50.990196 	94.578011 	137.186005 	128.887543 	104.043259 	49.244289 	137.902145 	53.712196 	55.946404 	122.918671 	16.552946 	8.944272 	8.062258 	46.238514 	149.966660 	55.713554 	110.941429 	65.924202 	42.720020 	40.521599 	999.000000 	46.840153 	61.684681 	51.244511 	
25.709921 	77.524193 	45.276924 	54.083271 	90.210861 	23.086792 	91.268837 	54.817879 	40.224369 	27.459061 	62.241467 	85.000000 	44.777225 	17.888544 	46.227695 	93.493317 	103.077644 	22.000000 	29.068884 	10.295630 	99.644371 	51.088158 	9.055386 	51.739735 	98.478424 	89.050545 	61.717098 	7.000000 	99.020203 	9.848858 	11.661903 	82.006096 	30.594116 	53.758720 	52.773098 	4.472136 	112.160599 	9.899495 	67.896980 	20.000000 	4.123106 	6.324555 	46.840153 	999.000000 	15.264338 	4.472136 	
18.384777 	64.474800 	32.572994 	40.718548 	76.922035 	36.496574 	77.826729 	40.816662 	48.383881 	31.764761 	50.447994 	72.732384 	33.376640 	9.433981 	32.249031 	80.062477 	89.899948 	35.902645 	43.174065 	22.203604 	86.313385 	36.891735 	12.041595 	37.443291 	85.000000 	75.292763 	47.434166 	13.038404 	85.475143 	9.055386 	7.280110 	67.955872 	45.221676 	68.154236 	67.186310 	15.524175 	98.838249 	6.082763 	53.263496 	5.000000 	19.235384 	21.470911 	61.684681 	15.264338 	999.000000 	10.816654 	
23.086792 	73.824112 	41.593269 	50.249378 	86.452301 	27.000000 	87.464279 	50.803543 	42.544094 	28.319605 	58.872746 	81.541397 	41.436699 	14.560220 	42.201897 	89.693924 	99.362968 	26.076809 	33.241539 	13.341664 	95.880135 	47.010635 	7.615773 	47.634022 	94.667839 	85.146935 	57.628117 	6.403124 	95.189285 	7.000000 	8.246211 	78.006409 	34.928497 	58.051701 	57.070133 	6.324555 	108.406639 	5.830952 	63.702435 	15.620500 	8.544003 	10.770329 	51.244511 	4.472136 	10.816654 	999.000000 	

Travel time:
9.000000 	1.335337 	0.550568 	0.781025 	1.655483 	0.925338 	1.686898 	0.832166 	0.976281 	0.527376 	0.930390 	1.500833 	0.500000 	0.230489 	0.637377 	1.741407 	1.970406 	0.938416 	1.105102 	0.625000 	1.890106 	0.760345 	0.419076 	0.782624 	1.866313 	1.644878 	1.012423 	0.474342 	1.882153 	0.403113 	0.375000 	1.486607 	1.187697 	1.702388 	1.680773 	0.561805 	2.200142 	0.450694 	1.187697 	0.410031 	0.696419 	0.738664 	1.590008 	0.642748 	0.459619 	0.577170 	
1.335337 	9.000000 	0.806226 	0.594243 	0.320156 	2.245690 	0.353553 	0.612882 	2.109502 	1.741407 	0.430116 	0.261008 	0.835539 	1.492062 	0.814325 	0.406971 	0.638847 	2.265226 	2.421905 	1.960230 	0.555090 	0.715891 	1.733494 	0.711073 	0.531507 	0.335410 	0.500625 	1.789029 	0.548293 	1.693554 	1.646587 	0.279509 	2.511225 	2.983287 	2.964056 	1.879162 	0.866747 	1.700000 	0.492443 	1.490386 	2.011374 	2.059430 	2.900000 	1.938105 	1.611870 	1.845603 	
0.550568 	0.806226 	9.000000 	0.230489 	1.123610 	1.475847 	1.151086 	0.292617 	1.456022 	1.030776 	0.452769 	1.004054 	0.134629 	0.686477 	0.167705 	1.206493 	1.445035 	1.488707 	1.655483 	1.167262 	1.359458 	0.250000 	0.930054 	0.275000 	1.331353 	1.101136 	0.469707 	0.985203 	1.345595 	0.887764 	0.840387 	0.937083 	1.738174 	2.247221 	2.226123 	1.075291 	1.672199 	0.894427 	0.650000 	0.697316 	1.206493 	1.255488 	2.140093 	1.131923 	0.814325 	1.039832 	
0.781025 	0.594243 	0.230489 	9.000000 	0.905883 	1.706239 	0.930390 	0.111803 	1.668270 	1.252248 	0.325000 	0.813941 	0.316228 	0.910014 	0.226385 	0.986154 	1.229837 	1.719193 	1.885802 	1.396648 	1.141271 	0.167705 	1.155692 	0.180278 	1.110462 	0.875000 	0.254951 	1.210372 	1.123610 	1.110180 	1.060955 	0.707107 	1.968661 	2.475505 	2.454587 	1.300240 	1.454519 	1.110462 	0.436606 	0.896172 	1.430035 	1.480076 	2.370258 	1.352082 	1.017964 	1.256234 	
1.655483 	0.320156 	1.123610 	0.905883 	9.000000 	2.564785 	0.050000 	0.910014 	2.412986 	2.055480 	0.743303 	0.275000 	1.155692 	1.810041 	1.119431 	0.090139 	0.325000 	2.584811 	2.740552 	2.280351 	0.235850 	1.012423 	2.052438 	1.004054 	0.212132 	0.141421 	0.770146 	2.107872 	0.230489 	2.011374 	1.963734 	0.309233 	2.830415 	3.297347 	3.278433 	2.198010 	0.548862 	2.015564 	0.700000 	1.800347 	2.329834 	2.378287 	3.217530 	2.255271 	1.923051 	2.161308 	
0.925338 	2.245690 	1.475847 	1.706239 	2.564785 	9.000000 	2.599159 	1.755349 	0.581485 	0.561805 	1.825000 	2.385634 	1.414655 	0.850368 	1.553222 	2.652593 	2.871628 	0.055902 	0.180278 	0.357946 	2.796650 	1.677982 	0.625000 	1.698897 	2.776801 	2.563811 	1.935523 	0.588430 	2.793967 	0.697316 	0.752080 	2.410654 	0.265754 	0.798827 	0.775403 	0.527376 	3.102116 	0.760345 	2.107872 	1.006541 	0.480885 	0.436606 	0.665676 	0.577170 	0.912414 	0.675000 	
1.686898 	0.353553 	1.151086 	0.930390 	0.050000 	2.599159 	9.000000 	0.929045 	2.454587 	2.093442 	0.781025 	0.325000 	1.187697 	1.837457 	1.140449 	0.055902 	0.309233 	2.618444 	2.775450 	2.311385 	0.213600 	1.030776 	2.080865 	1.021335 	0.180278 	0.111803 	0.783023 	2.136147 	0.195256 	2.038535 	1.990289 	0.301040 	2.864655 	3.335416 	3.316342 	2.226264 	0.525595 	2.040833 	0.701783 	1.822430 	2.357568 	2.406502 	3.253459 	2.281721 	1.945668 	2.186607 	
0.832166 	0.612882 	0.292617 	0.111803 	0.910014 	1.755349 	0.929045 	9.000000 	1.748035 	1.323112 	0.416083 	0.851469 	0.403113 	0.937083 	0.215058 	0.984886 	1.234909 	1.765113 	1.935523 	1.434617 	1.142366 	0.103078 	1.184536 	0.100000 	1.107080 	0.862047 	0.180278 	1.237942 	1.118034 	1.133578 	1.081954 	0.680074 	2.015099 	2.533895 	2.512469 	1.326885 	1.454519 	1.125000 	0.357946 	0.896172 	1.453444 	1.505199 	2.420873 	1.370447 	1.020416 	1.270089 	
0.976281 	2.109502 	1.456022 	1.668270 	2.412986 	0.581485 	2.454587 	1.748035 	9.000000 	0.450000 	1.680773 	2.190462 	1.352082 	1.039832 	1.583706 	2.503123 	2.690376 	0.637377 	0.632949 	0.750000 	2.630233 	1.697793 	0.919239 	1.722099 	2.621545 	2.443870 	1.921100 	0.916856 	2.642087 	0.989002 	1.027740 	2.325537 	0.728869 	0.943398 	0.930390 	0.908983 	2.916548 	1.077033 	2.102974 	1.255488 	0.941076 	0.919918 	0.948683 	1.005609 	1.209597 	1.063602 	
0.527376 	1.741407 	1.030776 	1.252248 	2.055480 	0.561805 	2.093442 	1.323112 	0.450000 	9.000000 	1.312441 	1.856913 	0.939747 	0.601041 	1.147007 	2.144907 	2.351197 	0.601041 	0.716327 	0.474342 	2.282132 	1.264911 	0.531507 	1.288652 	2.267157 	2.070024 	1.500208 	0.548293 	2.285963 	0.590021 	0.617454 	1.934716 	0.816241 	1.241974 	1.222957 	0.575543 	2.580940 	0.680074 	1.680773 	0.822344 	0.660019 	0.664266 	1.171538 	0.686477 	0.794119 	0.707990 	
0.930390 	0.430116 	0.452769 	0.325000 	0.743303 	1.825000 	0.781025 	0.416083 	1.680773 	1.312441 	9.000000 	0.570636 	0.436606 	1.109617 	0.534439 	0.832541 	1.046721 	1.846957 	1.999531 	1.553222 	0.972432 	0.492443 	1.341641 	0.503115 	0.955249 	0.763217 	0.450694 	1.397542 	0.973717 	1.309819 	1.267379 	0.656220 	2.090753 	2.554408 	2.535375 	1.487027 	1.277204 	1.328533 	0.585235 	1.147279 	1.621149 	1.666208 	2.474874 	1.556037 	1.261200 	1.471819 	
1.500833 	0.261008 	1.004054 	0.813941 	0.275000 	2.385634 	0.325000 	0.851469 	2.190462 	1.856913 	0.570636 	9.000000 	1.006231 	1.677982 	1.039832 	0.353553 	0.500000 	2.410005 	2.557587 	2.122646 	0.447214 	0.952956 	1.911969 	0.951315 	0.450694 	0.388104 	0.756637 	1.967867 	0.474342 	1.878829 	1.835245 	0.460977 	2.651061 	3.094047 	3.076118 	2.057456 	0.726722 	1.894235 	0.752080 	1.700184 	2.191461 	2.236767 	3.027066 	2.125000 	1.818310 	2.038535 	
0.500000 	0.835539 	0.134629 	0.316228 	1.155692 	1.414655 	1.187697 	0.403113 	1.352082 	0.939747 	0.436606 	1.006231 	9.000000 	0.673146 	0.302076 	1.241974 	1.470544 	1.432000 	1.592561 	1.125000 	1.390144 	0.378319 	0.905883 	0.403113 	1.366794 	1.149184 	0.570088 	0.961769 	1.382932 	0.873212 	0.831038 	1.000000 	1.679472 	2.170973 	2.150581 	1.051487 	1.700184 	0.893378 	0.752080 	0.726722 	1.185327 	1.231107 	2.074398 	1.119431 	0.834416 	1.035918 	
0.230489 	1.492062 	0.686477 	0.910014 	1.810041 	0.850368 	1.837457 	0.937083 	1.039832 	0.601041 	1.109617 	1.677982 	0.673146 	9.000000 	0.725000 	1.892914 	2.130874 	0.850000 	1.028652 	0.506211 	2.045880 	0.849264 	0.247487 	0.867828 	2.017734 	1.785007 	1.113833 	0.301040 	2.031779 	0.201556 	0.158114 	1.613420 	1.097725 	1.648105 	1.625000 	0.390512 	2.358495 	0.226385 	1.277204 	0.223607 	0.520216 	0.570088 	1.510381 	0.447214 	0.235850 	0.364006 	
0.637377 	0.814325 	0.167705 	0.226385 	1.119431 	1.553222 	1.140449 	0.215058 	1.583706 	1.147007 	0.534439 	1.039832 	0.302076 	0.725000 	9.000000 	1.196349 	1.444386 	1.560649 	1.733494 	1.226020 	1.353237 	0.125000 	0.972432 	0.145774 	1.319327 	1.076162 	0.388909 	1.025305 	1.330883 	0.919918 	0.867828 	0.895126 	1.810559 	2.338402 	2.316517 	1.113833 	1.666021 	0.910014 	0.555090 	0.682367 	1.239455 	1.291559 	2.218812 	1.155692 	0.806226 	1.055047 	
1.741407 	0.406971 	1.206493 	0.986154 	0.090139 	2.652593 	0.055902 	0.984886 	2.503123 	2.144907 	0.832541 	0.353553 	1.241974 	1.892914 	1.196349 	9.000000 	0.254951 	2.672195 	2.828648 	2.366036 	0.158114 	1.086566 	2.136147 	1.077033 	0.125000 	0.152069 	0.838153 	2.191461 	0.141421 	2.094039 	2.045880 	0.350000 	2.918154 	3.386831 	3.367863 	2.281584 	0.469707 	2.096575 	0.753741 	1.878330 	2.412986 	2.461833 	3.306150 	2.337333 	2.001562 	2.242348 	
1.970406 	0.638847 	1.445035 	1.229837 	0.325000 	2.871628 	0.309233 	1.234909 	2.690376 	2.351197 	1.046721 	0.500000 	1.470544 	2.130874 	1.444386 	0.254951 	9.000000 	2.893635 	3.045694 	2.595308 	0.100000 	1.337208 	2.371840 	1.328533 	0.152069 	0.400780 	1.092016 	2.427447 	0.158114 	2.332381 	2.285416 	0.602080 	3.137375 	3.590700 	3.572464 	2.517563 	0.230489 	2.338402 	1.007782 	2.125000 	2.650000 	2.697800 	3.518966 	2.576941 	2.247499 	2.484074 	
0.938416 	2.265226 	1.488707 	1.719193 	2.584811 	0.055902 	2.618444 	1.765113 	0.637377 	0.601041 	1.846957 	2.410005 	1.432000 	0.850000 	1.560649 	2.672195 	2.893635 	9.000000 	0.182003 	0.348210 	2.817468 	1.685601 	0.617454 	1.706055 	2.796650 	2.580940 	1.945026 	0.577170 	2.813472 	0.687841 	0.743303 	2.425000 	0.250000 	0.807001 	0.783023 	0.509902 	3.124100 	0.745822 	2.115715 	0.996243 	0.450694 	0.403113 	0.660492 	0.550000 	0.897566 	0.651920 	
1.105102 	2.421905 	1.655483 	1.885802 	2.740552 	0.180278 	2.775450 	1.935523 	0.632949 	0.716327 	1.999531 	2.557587 	1.592561 	1.028652 	1.733494 	2.828648 	3.045694 	0.182003 	9.000000 	0.529741 	2.971742 	1.858259 	0.798827 	1.879162 	2.952647 	2.741464 	2.115715 	0.759111 	2.970059 	0.869626 	0.925000 	2.589643 	0.103078 	0.625000 	0.601041 	0.691466 	3.276145 	0.927699 	2.288149 	1.178187 	0.625500 	0.575000 	0.485412 	0.726722 	1.079352 	0.831038 	
0.625000 	1.960230 	1.167262 	1.396648 	2.280351 	0.357946 	2.311385 	1.434617 	0.750000 	0.474342 	1.553222 	2.122646 	1.125000 	0.506211 	1.226020 	2.366036 	2.595308 	0.348210 	0.529741 	9.000000 	2.515079 	1.350926 	0.269258 	1.370447 	2.490984 	2.267157 	1.613420 	0.230489 	2.506616 	0.340037 	0.395285 	2.103717 	0.592663 	1.154340 	1.130542 	0.176777 	2.825111 	0.403113 	1.780449 	0.649038 	0.195256 	0.190394 	1.006231 	0.257391 	0.555090 	0.333542 	
1.890106 	0.555090 	1.359458 	1.141271 	0.235850 	2.796650 	0.213600 	1.142366 	2.630233 	2.282132 	0.972432 	0.447214 	1.390144 	2.045880 	1.353237 	0.158114 	0.100000 	2.817468 	2.971742 	2.515079 	9.000000 	1.244237 	2.288149 	1.234909 	0.055902 	0.301040 	0.996243 	2.343608 	0.070711 	2.247221 	2.199574 	0.502494 	3.062372 	3.523226 	3.504640 	2.433747 	0.313249 	2.251250 	0.908639 	2.034853 	2.565638 	2.614025 	3.447191 	2.491109 	2.157835 	2.397003 	
0.760345 	0.715891 	0.250000 	0.167705 	1.012423 	1.677982 	1.030776 	0.103078 	1.697793 	1.264911 	0.492443 	0.952956 	0.378319 	0.849264 	0.125000 	1.086566 	1.337208 	1.685601 	1.858259 	1.350926 	1.244237 	9.000000 	1.096586 	0.025000 	1.208305 	0.961769 	0.265754 	1.149184 	1.218862 	1.043132 	0.990581 	0.776611 	1.935523 	2.462214 	2.440415 	1.237437 	1.556037 	1.030776 	0.430116 	0.797653 	1.362213 	1.414655 	2.343608 	1.277204 	0.922293 	1.175266 	
0.419076 	1.733494 	0.930054 	1.155692 	2.052438 	0.625000 	2.080865 	1.184536 	0.919239 	0.531507 	1.341641 	1.911969 	0.905883 	0.247487 	0.972432 	2.136147 	2.371840 	0.617454 	0.798827 	0.269258 	2.288149 	1.096586 	9.000000 	1.114955 	2.261084 	2.030394 	1.361295 	0.055902 	2.275549 	0.075000 	0.127475 	1.860276 	0.860959 	1.423025 	1.399330 	0.145774 	2.600240 	0.158114 	1.523975 	0.382426 	0.279509 	0.325960 	1.274755 	0.226385 	0.301040 	0.190394 	
0.782624 	0.711073 	0.275000 	0.180278 	1.004054 	1.698897 	1.021335 	0.100000 	1.722099 	1.288652 	0.503115 	0.951315 	0.403113 	0.867828 	0.145774 	1.077033 	1.328533 	1.706055 	1.879162 	1.370447 	1.234909 	0.025000 	1.114955 	9.000000 	1.198176 	0.950329 	0.250000 	1.167262 	1.208305 	1.060660 	1.007782 	0.763217 	1.955920 	2.484074 	2.462214 	1.255239 	1.546165 	1.046721 	0.410031 	0.811249 	1.379311 	1.432000 	2.364450 	1.293493 	0.936082 	1.190850 	
1.866313 	0.531507 	1.331353 	1.110462 	0.212132 	2.776801 	0.180278 	1.107080 	2.621545 	2.267157 	0.955249 	0.450694 	1.366794 	2.017734 	1.319327 	0.125000 	0.152069 	2.796650 	2.952647 	2.490984 	0.055902 	1.208305 	2.261084 	1.198176 	9.000000 	0.254951 	0.956883 	2.316382 	0.025000 	2.218812 	2.170541 	0.456207 	3.042408 	3.508917 	3.490075 	2.406502 	0.348210 	2.220923 	0.863134 	2.001562 	2.537838 	2.586745 	3.429650 	2.461961 	2.125000 	2.366696 	
1.644878 	0.335410 	1.101136 	0.875000 	0.141421 	2.563811 	0.111803 	0.862047 	2.443870 	2.070024 	0.763217 	0.388104 	1.149184 	1.785007 	1.076162 	0.152069 	0.400780 	2.580940 	2.741464 	2.267157 	0.301040 	0.961769 	2.030394 	0.950329 	0.254951 	9.000000 	0.705780 	2.085216 	0.261008 	1.985101 	1.935523 	0.201556 	2.828648 	3.310966 	3.291371 	2.175144 	0.601041 	1.983053 	0.608276 	1.758195 	2.305022 	2.355048 	3.222188 	2.226264 	1.882319 	2.128673 	
1.012423 	0.500625 	0.469707 	0.254951 	0.770146 	1.935523 	0.783023 	0.180278 	1.921100 	1.500208 	0.450694 	0.756637 	0.570088 	1.113833 	0.388909 	0.838153 	1.092016 	1.945026 	2.115715 	1.613420 	0.996243 	0.265754 	1.361295 	0.250000 	0.956883 	0.705780 	9.000000 	1.414214 	0.965660 	1.308625 	1.256234 	0.514782 	2.195023 	2.713969 	2.692582 	1.502706 	1.305038 	1.296389 	0.182003 	1.060955 	1.627882 	1.680216 	2.601081 	1.542928 	1.185854 	1.440703 	
0.474342 	1.789029 	0.985203 	1.210372 	2.107872 	0.588430 	2.136147 	1.237942 	0.916856 	0.548293 	1.397542 	1.967867 	0.961769 	0.301040 	1.025305 	2.191461 	2.427447 	0.577170 	0.759111 	0.230489 	2.343608 	1.149184 	0.055902 	1.167262 	2.316382 	2.085216 	1.414214 	9.000000 	2.330772 	0.111803 	0.167705 	1.914419 	0.817389 	1.384061 	1.360147 	0.090139 	2.655772 	0.175000 	1.575794 	0.419076 	0.223607 	0.270416 	1.231107 	0.175000 	0.325960 	0.160078 	
1.882153 	0.548293 	1.345595 	1.123610 	0.230489 	2.793967 	0.195256 	1.118034 	2.642087 	2.285963 	0.973717 	0.474342 	1.382932 	2.031779 	1.330883 	0.141421 	0.158114 	2.813472 	2.970059 	2.506616 	0.070711 	1.218862 	2.275549 	1.208305 	0.025000 	0.261008 	0.965660 	2.330772 	9.000000 	2.232711 	2.184176 	0.460977 	3.059514 	3.527836 	3.508917 	2.420873 	0.340037 	2.233971 	0.867828 	2.013237 	2.551960 	2.601081 	3.447554 	2.475505 	2.136878 	2.379732 	
0.403113 	1.693554 	0.887764 	1.110180 	2.011374 	0.697316 	2.038535 	1.133578 	0.989002 	0.590021 	1.309819 	1.878829 	0.873212 	0.201556 	0.919918 	2.094039 	2.332381 	0.687841 	0.869626 	0.340037 	2.247221 	1.043132 	0.075000 	1.060660 	2.218812 	1.985101 	1.308625 	0.111803 	2.232711 	9.000000 	0.055902 	1.811767 	0.929045 	1.494365 	1.470544 	0.195256 	2.559907 	0.090139 	1.468205 	0.309233 	0.320156 	0.371652 	1.342805 	0.246221 	0.226385 	0.175000 	
0.375000 	1.646587 	0.840387 	1.060955 	1.963734 	0.752080 	1.990289 	1.081954 	1.027740 	0.617454 	1.267379 	1.835245 	0.831038 	0.158114 	0.867828 	2.045880 	2.285416 	0.743303 	0.925000 	0.395285 	2.199574 	0.990581 	0.127475 	1.007782 	2.170541 	1.935523 	1.256234 	0.167705 	2.184176 	0.055902 	9.000000 	1.760859 	0.984886 	1.549597 	1.525820 	0.250000 	2.512469 	0.079057 	1.414655 	0.254951 	0.371652 	0.424264 	1.398660 	0.291548 	0.182003 	0.206155 	
1.486607 	0.279509 	0.937083 	0.707107 	0.309233 	2.410654 	0.301040 	0.680074 	2.325537 	1.934716 	0.656220 	0.460977 	1.000000 	1.613420 	0.895126 	0.350000 	0.602080 	2.425000 	2.589643 	2.103717 	0.502494 	0.776611 	1.860276 	0.763217 	0.456207 	0.201556 	0.514782 	1.914419 	0.460977 	1.811767 	1.760859 	9.000000 	2.674065 	3.170666 	3.150397 	2.003902 	0.800391 	1.805028 	0.406971 	1.574206 	2.131901 	2.183031 	3.072967 	2.050152 	1.698897 	1.950160 	
1.187697 	2.511225 	1.738174 	1.968661 	2.830415 	0.265754 	2.864655 	2.015099 	0.728869 	0.816241 	2.090753 	2.651061 	1.679472 	1.097725 	1.810559 	2.918154 	3.137375 	0.250000 	0.103078 	0.592663 	3.062372 	1.935523 	0.860959 	1.955920 	3.042408 	2.828648 	2.195023 	0.817389 	3.059514 	0.929045 	0.984886 	2.674065 	9.000000 	0.579871 	0.555090 	0.743303 	3.367863 	0.980434 	2.365639 	1.234909 	0.661910 	0.608276 	0.413824 	0.764853 	1.130542 	0.873212 	
1.702388 	2.983287 	2.247221 	2.475505 	3.297347 	0.798827 	3.335416 	2.533895 	0.943398 	1.241974 	2.554408 	3.094047 	2.170973 	1.648105 	2.338402 	3.386831 	3.590700 	0.807001 	0.625000 	1.154340 	3.523226 	2.462214 	1.423025 	2.484074 	3.508917 	3.310966 	2.713969 	1.384061 	3.527836 	1.494365 	1.549597 	3.170666 	0.579871 	9.000000 	0.025000 	1.315770 	3.819849 	1.552418 	2.890069 	1.803122 	1.241219 	1.187960 	0.223607 	1.343968 	1.703856 	1.451293 	
1.680773 	2.964056 	2.226123 	2.454587 	3.278433 	0.775403 	3.316342 	2.512469 	0.930390 	1.222957 	2.535375 	3.076118 	2.150581 	1.625000 	2.316517 	3.367863 	3.572464 	0.783023 	0.601041 	1.130542 	3.504640 	2.440415 	1.399330 	2.462214 	3.490075 	3.291371 	2.692582 	1.360147 	3.508917 	1.470544 	1.525820 	3.150397 	0.555090 	0.025000 	9.000000 	1.291559 	3.801727 	1.528275 	2.868471 	1.779220 	1.216552 	1.163239 	0.201556 	1.319327 	1.679658 	1.426753 	
