Total assets = 820
Number of asset nodes = 50

Distance:
999.000000 	47.381432 	87.658424 	47.507893 	45.453274 	9.219544 	46.227695 	104.307236 	47.201694 	13.038404 	55.000000 	7.615773 	8.062258 	22.360680 	48.918301 	78.771820 	12.806249 	71.867935 	92.314682 	59.203041 	24.331051 	109.288612 	53.907330 	17.464249 	17.720045 	16.552946 	16.124516 	48.795490 	57.384666 	50.209560 	25.317978 	23.769728 	52.497620 	23.409399 	25.000000 	26.683329 	27.658634 	25.059929 	30.413813 	26.925823 	28.231188 	29.732138 	41.773197 	45.122055 	43.324360 	44.271889 	45.607018 	48.662102 	46.840153 	47.539455 	50.635956 	50.447994 	51.419842 	44.553337 	50.447994 	51.613953 	51.400391 	50.990196 	54.644306 	55.605755 	55.317268 	56.080299 	57.314919 	
47.381432 	999.000000 	41.629318 	4.242640 	5.385165 	43.266617 	5.830952 	58.694122 	94.260277 	40.311287 	102.068604 	45.000000 	41.231056 	31.953091 	96.208107 	124.851913 	47.885281 	118.406082 	45.221676 	106.301460 	31.320919 	63.063461 	101.178062 	41.231056 	42.154476 	44.777225 	46.097721 	96.176918 	104.690018 	97.590981 	38.832977 	41.231056 	99.824844 	43.416588 	41.976185 	40.607880 	40.447498 	47.296936 	39.115215 	44.721359 	45.541191 	44.283180 	42.755116 	45.354160 	48.662102 	48.836460 	47.296936 	44.598206 	48.507732 	47.801674 	45.310043 	48.703182 	49.040798 	65.007690 	66.272163 	64.629715 	65.490456 	68.183578 	66.098412 	68.883957 	70.576202 	70.710678 	73.552704 	
87.658424 	41.629318 	999.000000 	43.324360 	45.541191 	84.599052 	45.221676 	17.088007 	133.206604 	81.841309 	140.929062 	83.868942 	80.603973 	73.539108 	135.591293 	162.052460 	89.442719 	156.272202 	9.055386 	145.165421 	72.801102 	21.633308 	140.463516 	82.855293 	83.773506 	86.406021 	87.726852 	136.033081 	144.045135 	137.437256 	80.006248 	82.540901 	140.000000 	84.758484 	83.168503 	81.608826 	81.320351 	88.543777 	79.555016 	85.726311 	86.400230 	84.899940 	80.504662 	82.219215 	86.469650 	86.371292 	84.214012 	80.024994 	85.146935 	84.095184 	80.000000 	84.005951 	84.000000 	104.560989 	104.580116 	102.313248 	103.392456 	106.677086 	103.121284 	106.169678 	108.295891 	108.226616 	111.287918 	
47.507893 	4.242640 	43.324360 	999.000000 	2.236068 	42.638012 	2.000000 	60.406952 	94.641426 	39.408119 	102.449989 	45.793011 	41.880783 	30.413813 	96.426140 	125.642349 	46.872166 	119.037811 	46.141087 	106.667709 	29.546574 	64.474800 	101.414986 	39.824615 	40.706264 	43.416588 	44.777225 	96.208107 	104.890419 	97.621719 	36.687874 	39.217342 	99.704567 	41.436699 	39.849716 	38.327538 	38.078865 	45.221676 	36.496574 	42.449970 	43.174065 	41.773197 	39.319206 	41.773197 	45.276924 	45.398239 	43.737854 	40.804413 	44.911022 	44.147480 	41.436699 	44.922153 	45.221676 	62.128899 	63.071388 	61.294373 	62.201286 	65.030762 	62.649822 	65.490456 	67.268120 	67.364677 	70.256676 	
45.453274 	5.385165 	45.541191 	2.236068 	999.000000 	40.459858 	1.000000 	62.625874 	92.617493 	37.202152 	100.424103 	43.908997 	39.962482 	28.178005 	94.366310 	123.713379 	44.654228 	117.068359 	48.373547 	104.637466 	27.313000 	66.708321 	99.357941 	37.589893 	38.470768 	41.182522 	42.544094 	94.111633 	102.825096 	95.524864 	34.481880 	37.000000 	97.580734 	39.217342 	37.643059 	36.138622 	35.902645 	43.011627 	34.365681 	40.261642 	41.000000 	39.623226 	37.483330 	40.024994 	43.416588 	43.566040 	41.976185 	39.217342 	43.174065 	42.449970 	39.924931 	43.324360 	43.657761 	60.074955 	61.131008 	59.413803 	60.299255 	63.071388 	60.827625 	63.639610 	65.375839 	65.490456 	68.359344 	
9.219544 	43.266617 	84.599052 	42.638012 	40.459858 	999.000000 	41.109608 	101.533249 	53.712196 	4.123106 	61.400326 	15.000000 	12.806249 	14.317822 	54.918121 	85.906929 	6.082763 	78.714676 	88.481636 	65.513359 	16.155495 	106.174385 	59.908264 	8.246211 	8.544003 	7.810250 	7.810250 	54.203320 	63.245552 	55.605755 	16.124516 	14.560220 	57.384666 	14.317822 	15.811388 	17.464249 	18.439089 	16.401220 	21.213203 	17.888544 	19.235384 	20.615528 	32.557640 	35.902645 	34.176014 	35.114101 	36.400551 	39.458839 	37.643059 	38.327538 	41.436699 	41.231056 	42.201897 	37.013512 	42.426407 	43.278172 	43.185646 	43.185646 	46.227695 	47.423622 	47.381432 	48.083260 	49.578220 	
46.227695 	5.830952 	45.221676 	2.000000 	1.000000 	41.109608 	999.000000 	62.297672 	93.407707 	37.802116 	101.212646 	44.777225 	40.816662 	28.653097 	95.131485 	124.555206 	45.221676 	117.889778 	47.885281 	105.422958 	27.730848 	66.309875 	100.124924 	38.078865 	38.948685 	41.677334 	43.046486 	94.847244 	103.585716 	96.260063 	34.785053 	37.336308 	98.290382 	39.560081 	37.947330 	36.400551 	36.138622 	43.324360 	34.525352 	40.521599 	41.231056 	39.812057 	37.336308 	39.812057 	43.289722 	43.416588 	41.773197 	38.897301 	42.953465 	42.201897 	39.560081 	43.011627 	43.324360 	60.133186 	61.073727 	59.304298 	60.207973 	63.031738 	60.671246 	63.505905 	65.276337 	65.375839 	68.264191 	
104.307236 	58.694122 	17.088007 	60.406952 	62.625874 	101.533249 	62.297672 	999.000000 	149.305054 	98.843307 	156.974518 	100.209778 	97.082436 	90.620087 	151.818970 	177.485214 	106.451866 	171.944763 	17.262676 	161.198639 	89.888817 	6.324555 	156.646103 	99.924973 	100.846420 	103.469803 	104.785492 	152.410629 	160.240448 	153.808319 	97.082436 	99.624290 	156.473633 	101.843018 	100.244698 	98.671173 	98.371742 	105.621971 	96.566040 	102.786186 	103.445641 	101.921539 	97.164810 	98.731964 	103.097038 	102.956299 	100.717430 	96.332756 	101.597244 	100.498756 	96.187317 	100.244698 	100.179840 	121.396049 	121.198181 	118.827606 	119.941650 	123.320717 	119.507324 	122.588745 	124.787819 	124.679588 	127.769325 	
47.201694 	94.260277 	133.206604 	94.641426 	92.617493 	53.712196 	93.407707 	149.305054 	999.000000 	57.706154 	7.810250 	49.497475 	53.075417 	68.000000 	4.123106 	32.572994 	52.000000 	25.079872 	138.600143 	12.041595 	69.771057 	154.673843 	7.615773 	60.008331 	59.615433 	57.008770 	55.713554 	8.062258 	11.180340 	8.544003 	67.416618 	64.845970 	12.649111 	63.245552 	65.459915 	67.675697 	68.622154 	62.096699 	71.784401 	65.520988 	66.219330 	68.410522 	81.492332 	83.952370 	80.230919 	81.215759 	83.546394 	88.294960 	84.344528 	85.510231 	90.244110 	88.459030 	89.442719 	70.064255 	77.103828 	80.024994 	79.056938 	76.236473 	83.054199 	82.219215 	80.399002 	81.394104 	80.752708 	
13.038404 	40.311287 	81.841309 	39.408119 	37.202152 	4.123106 	37.802116 	98.843307 	57.706154 	999.000000 	65.368187 	17.888544 	15.000000 	10.295630 	58.830265 	89.961105 	7.615773 	82.734512 	85.440041 	69.462219 	12.083046 	103.353760 	63.812225 	5.000000 	5.656854 	6.324555 	7.071068 	58.008621 	67.119293 	59.405388 	12.369317 	11.180340 	61.073727 	11.401754 	12.529964 	13.928389 	14.866069 	14.212670 	17.464249 	15.000000 	16.401220 	17.492855 	28.861740 	32.280025 	30.870699 	31.780497 	32.893768 	35.693138 	34.176014 	34.785053 	37.656342 	37.643059 	38.600517 	35.510563 	40.459858 	41.012192 	41.036568 	41.400482 	43.863426 	45.276924 	45.453274 	46.097721 	47.801674 	
55.000000 	102.068604 	140.929062 	102.449989 	100.424103 	61.400326 	101.212646 	156.974518 	7.810250 	65.368187 	999.000000 	57.280014 	60.876926 	75.663727 	7.071068 	25.495098 	59.506302 	17.720045 	146.372818 	4.242640 	77.414467 	162.373032 	3.605551 	67.542580 	67.119293 	64.474800 	63.158531 	10.198039 	5.099020 	9.486833 	74.846512 	72.235725 	12.206555 	70.576202 	72.801102 	75.026665 	75.960518 	69.260376 	79.120163 	72.732384 	73.375748 	75.584389 	88.600227 	90.956032 	87.097649 	88.073830 	90.470993 	95.336250 	91.219513 	92.417534 	97.267670 	95.341492 	96.317184 	76.026314 	83.006027 	86.052307 	85.023529 	82.006096 	89.022469 	88.005684 	86.052307 	87.051712 	86.209045 	
7.615773 	45.000000 	83.868942 	45.793011 	43.908997 	15.000000 	44.777225 	100.209778 	49.497475 	17.888544 	57.280014 	999.000000 	4.123106 	25.179358 	51.739735 	79.881165 	19.849434 	73.409805 	89.106674 	61.522354 	27.166155 	105.422958 	56.639210 	22.825424 	23.323807 	22.803509 	22.671568 	52.201534 	60.207973 	53.600372 	30.083218 	29.068884 	56.302753 	29.154760 	30.413813 	31.780497 	32.695564 	31.400637 	35.114101 	32.756680 	34.132095 	35.355339 	46.486557 	49.979996 	48.754486 	49.658836 	50.695168 	53.160137 	52.000000 	52.554733 	55.081757 	55.362442 	56.302753 	51.662365 	57.314919 	58.258045 	58.137768 	57.982758 	61.220913 	62.369865 	62.241467 	62.968246 	64.350601 	
8.062258 	41.231056 	80.603973 	41.880783 	39.962482 	12.806249 	40.816662 	97.082436 	53.075417 	15.000000 	60.876926 	4.123106 	999.000000 	21.377558 	55.172459 	83.761566 	18.357559 	77.201035 	85.632935 	65.115280 	23.345236 	102.200783 	60.108234 	20.000000 	20.615528 	20.518284 	20.615528 	55.443665 	63.655323 	56.850681 	26.832815 	26.076809 	59.405388 	26.400757 	27.459061 	28.653097 	29.529646 	29.000000 	31.780497 	30.000000 	31.400637 	32.449963 	43.081318 	46.615448 	45.650848 	46.529560 	47.423622 	49.648766 	48.754486 	49.244289 	51.546097 	52.000000 	52.924473 	49.819675 	55.172459 	55.901699 	55.865910 	55.973209 	58.796257 	60.108234 	60.141499 	60.827625 	62.369865 	
22.360680 	31.953091 	73.539108 	30.413813 	28.178005 	14.317822 	28.653097 	90.620087 	68.000000 	10.295630 	75.663727 	25.179358 	21.377558 	999.000000 	69.115845 	100.224747 	16.970562 	93.021500 	76.537575 	79.755875 	2.000000 	94.847244 	74.094536 	9.433981 	10.295630 	13.038404 	14.422205 	68.242218 	77.388626 	69.634758 	8.544003 	10.049875 	71.217972 	12.000000 	11.180340 	10.770329 	11.180340 	16.000000 	12.041595 	14.317822 	15.524175 	15.231546 	22.472204 	26.076809 	26.172504 	26.907248 	27.202942 	28.635643 	28.600698 	28.844410 	30.463093 	31.384710 	32.249031 	36.400551 	39.812057 	39.446167 	39.824615 	41.231056 	41.880783 	43.908997 	44.721359 	45.177429 	47.423622 	
48.918301 	96.208107 	135.591293 	96.426140 	94.366310 	54.918121 	95.131485 	151.818970 	4.123106 	58.830265 	7.071068 	51.739735 	55.172459 	69.115845 	999.000000 	32.557640 	52.773098 	24.738634 	140.801285 	10.770329 	70.830788 	157.114609 	5.000000 	60.827625 	60.373837 	57.697487 	56.364883 	4.242640 	8.485281 	4.472136 	68.029404 	65.391129 	8.544003 	63.694584 	65.924202 	68.154236 	69.079666 	62.297672 	72.235725 	65.787537 	66.407829 	68.622154 	81.608826 	83.934502 	80.049988 	81.024689 	83.432610 	88.323273 	84.172440 	85.375641 	90.249657 	88.294960 	89.269257 	69.007248 	76.000000 	79.025314 	78.006409 	75.026665 	82.006096 	81.024689 	79.101204 	80.099937 	79.309517 	
78.771820 	124.851913 	162.052460 	125.642349 	123.713379 	85.906929 	124.555206 	177.485214 	32.572994 	89.961105 	25.495098 	79.881165 	83.761566 	100.224747 	32.557640 	999.000000 	84.504440 	8.000000 	168.121979 	22.090721 	102.044106 	183.152939 	28.160255 	92.477028 	92.114059 	89.537704 	88.255310 	35.128338 	26.000000 	34.058773 	99.959991 	97.406364 	35.057095 	95.817535 	98.030609 	100.244698 	101.192886 	94.641426 	104.355164 	98.081596 	98.762344 	100.960388 	114.017540 	116.417351 	112.587746 	113.564957 	115.952576 	120.784935 	116.709038 	117.902504 	122.723267 	120.830460 	121.807228 	101.242287 	108.166542 	111.287918 	110.222504 	107.074738 	114.214706 	113.070778 	111.018013 	112.017853 	111.004501 	
12.806249 	47.885281 	89.442719 	46.872166 	44.654228 	6.082763 	45.221676 	106.451866 	52.000000 	7.615773 	59.506302 	19.849434 	18.357559 	16.970562 	52.773098 	84.504440 	999.000000 	77.077881 	92.962357 	63.505905 	18.439089 	110.941429 	57.706154 	8.062258 	7.615773 	5.099020 	4.000000 	51.623638 	60.901562 	53.000000 	15.524175 	13.152946 	54.405884 	12.000000 	14.035668 	16.124516 	17.117243 	12.649111 	20.223749 	15.132746 	16.278820 	18.110771 	31.000000 	34.058773 	31.575306 	32.557640 	34.234486 	38.000000 	35.355339 	36.221542 	40.000000 	39.204590 	40.199501 	31.827662 	37.643059 	38.832977 	38.600517 	38.209946 	41.880783 	42.801868 	42.520584 	43.278172 	44.553337 	
71.867935 	118.406082 	156.272202 	119.037811 	117.068359 	78.714676 	117.889778 	171.944763 	25.079872 	82.734512 	17.720045 	73.409805 	77.201035 	93.021500 	24.738634 	8.000000 	77.077881 	999.000000 	162.114151 	14.142136 	94.810333 	177.519012 	20.223749 	85.088188 	84.693565 	82.079231 	80.777473 	27.166155 	18.000000 	26.076809 	92.477028 	89.888817 	27.073973 	88.255310 	90.476517 	92.698433 	93.637596 	86.977005 	96.798759 	90.443352 	91.093361 	93.300591 	106.320274 	108.669220 	104.785492 	105.759163 	108.171158 	113.053085 	108.908218 	110.113579 	114.982605 	113.030968 	114.004387 	93.263069 	100.179840 	103.310211 	102.239914 	99.080772 	106.230881 	105.076164 	103.019417 	104.019226 	103.004852 	
92.314682 	45.221676 	9.055386 	46.141087 	48.373547 	88.481636 	47.885281 	17.262676 	138.600143 	85.440041 	146.372818 	89.106674 	85.632935 	76.537575 	140.801285 	168.121979 	92.962357 	162.114151 	999.000000 	150.615402 	75.591003 	19.235384 	145.725769 	85.959290 	86.833176 	89.554451 	90.917542 	141.014191 	149.281616 	142.425415 	82.346825 	85.000000 	144.810226 	87.235313 	85.492691 	83.773506 	83.384651 	90.873535 	81.344948 	87.846458 	88.391174 	86.729462 	81.024689 	82.377182 	86.884979 	86.683334 	84.344528 	79.762146 	85.158676 	84.011902 	79.511009 	83.600243 	83.486526 	105.513031 	104.923782 	102.420700 	103.576057 	107.079407 	102.956299 	106.066017 	108.342049 	108.189651 	111.305885 	
59.203041 	106.301460 	145.165421 	106.667709 	104.637466 	65.513359 	105.422958 	161.198639 	12.041595 	69.462219 	4.242640 	61.522354 	65.115280 	79.755875 	10.770329 	22.090721 	63.505905 	14.142136 	150.615402 	999.000000 	81.492332 	166.604324 	6.082763 	71.554176 	71.112587 	68.447060 	67.119293 	13.038404 	4.472136 	12.000000 	78.790863 	76.157730 	13.601471 	74.464760 	76.694199 	78.924011 	79.849861 	73.054771 	83.006027 	76.550636 	77.162170 	79.378838 	92.347168 	94.641426 	90.708321 	91.678787 	94.111633 	99.040398 	94.831429 	96.046867 	100.960388 	98.954536 	99.924973 	79.158073 	86.092972 	89.202019 	88.141930 	85.023529 	92.135773 	91.021973 	89.000000 	90.000000 	89.050545 	
24.331051 	31.320919 	72.801102 	29.546574 	27.313000 	16.155495 	27.730848 	89.888817 	69.771057 	12.083046 	77.414467 	27.166155 	23.345236 	2.000000 	70.830788 	102.044106 	18.439089 	94.810333 	75.591003 	81.492332 	999.000000 	94.021271 	75.802376 	10.630146 	11.401754 	14.212670 	15.620500 	69.892776 	79.075912 	71.281136 	8.062258 	10.049875 	72.801102 	12.165525 	11.000000 	10.198039 	10.440307 	16.124516 	10.816654 	14.035668 	15.132746 	14.560220 	20.808653 	24.413111 	24.758837 	25.455845 	25.612497 	26.832815 	27.018513 	27.202942 	28.635643 	29.681644 	30.528675 	35.902645 	39.000000 	38.470768 	38.910152 	40.496914 	40.816662 	42.941822 	43.863426 	44.283180 	46.615448 	
109.288612 	63.063461 	21.633308 	64.474800 	66.708321 	106.174385 	66.309875 	6.324555 	154.673843 	103.353760 	162.373032 	105.422958 	102.200783 	94.847244 	157.114609 	183.152939 	110.941429 	177.519012 	19.235384 	166.604324 	94.021271 	999.000000 	161.969131 	104.216118 	105.118980 	107.786827 	109.123779 	157.610275 	165.556641 	159.012573 	101.019798 	103.619499 	161.604462 	105.848946 	104.177734 	102.528046 	102.181213 	109.562767 	100.244698 	106.625511 	107.224068 	105.621971 	100.224747 	101.607086 	106.099007 	105.905617 	103.576057 	98.994949 	104.393486 	103.247276 	98.731964 	102.825096 	102.703453 	124.663544 	124.149101 	121.655251 	122.808792 	126.301224 	122.188377 	125.299644 	127.577431 	127.424484 	130.541183 	
53.907330 	101.178062 	140.463516 	101.414986 	99.357941 	59.908264 	100.124924 	156.646103 	7.615773 	63.812225 	3.605551 	56.639210 	60.108234 	74.094536 	5.000000 	28.160255 	57.706154 	20.223749 	145.725769 	6.082763 	75.802376 	161.969131 	999.000000 	65.764732 	65.299309 	62.609905 	61.269894 	7.000000 	3.605551 	6.082763 	72.917763 	70.263786 	8.602325 	68.541962 	70.774292 	73.006851 	73.925636 	67.067131 	77.077881 	70.576202 	71.168816 	73.389374 	86.330757 	88.600227 	84.646324 	85.615417 	88.056801 	93.005379 	88.769363 	89.988892 	94.921021 	92.892410 	93.861603 	73.109505 	80.056229 	83.150467 	82.097504 	79.006332 	86.092972 	85.005882 	83.006027 	84.005951 	83.096329 	
17.464249 	41.231056 	82.855293 	39.824615 	37.589893 	8.246211 	38.078865 	99.924973 	60.008331 	5.000000 	67.542580 	22.825424 	20.000000 	9.433981 	60.827625 	92.477028 	8.062258 	85.088188 	85.959290 	71.554176 	10.630146 	104.216118 	65.764732 	999.000000 	1.000000 	3.605551 	5.000000 	59.682495 	68.963760 	61.057350 	8.000000 	6.324555 	62.425957 	6.403124 	7.615773 	9.219544 	10.198039 	9.433981 	13.038404 	10.000000 	11.401754 	12.529964 	24.331051 	27.658634 	26.000000 	26.925823 	28.160255 	31.257000 	29.410883 	30.083218 	33.241539 	32.984844 	33.955853 	30.886890 	35.608986 	36.069378 	36.124783 	36.619667 	38.897301 	40.360870 	40.607880 	41.231056 	43.011627 	
17.720045 	42.154476 	83.773506 	40.706264 	38.470768 	8.544003 	38.948685 	100.846420 	59.615433 	5.656854 	67.119293 	23.323807 	20.615528 	10.295630 	60.373837 	92.114059 	7.615773 	84.693565 	86.833176 	71.112587 	11.401754 	105.118980 	65.299309 	1.000000 	999.000000 	2.828427 	4.242640 	59.169250 	68.476273 	60.539242 	8.062258 	6.082763 	61.854668 	5.830952 	7.280110 	9.055386 	10.049875 	8.602325 	13.000000 	9.433981 	10.816654 	12.083046 	24.186773 	27.459061 	25.632011 	26.570660 	27.892651 	31.144823 	29.120440 	29.832869 	33.136082 	32.756680 	33.734257 	30.016663 	34.828148 	35.355339 	35.383614 	35.805027 	38.209946 	39.623226 	39.824615 	40.459858 	42.201897 	
16.552946 	44.777225 	86.406021 	43.416588 	41.182522 	7.810250 	41.677334 	103.469803 	57.008770 	6.324555 	64.474800 	22.803509 	20.518284 	13.038404 	57.697487 	89.537704 	5.099020 	82.079231 	89.554451 	68.447060 	14.212670 	107.786827 	62.609905 	3.605551 	2.828427 	999.000000 	1.414214 	56.435802 	65.764732 	57.801384 	10.440307 	8.062258 	59.076221 	7.071068 	9.000000 	11.045361 	12.041595 	8.602325 	15.132746 	10.440307 	11.704700 	13.341664 	26.019224 	29.154760 	26.925823 	27.892651 	29.427877 	33.015148 	30.594116 	31.400637 	35.014282 	34.365681 	35.355339 	29.410883 	34.655445 	35.468296 	35.383614 	35.468296 	38.418747 	39.623226 	39.623226 	40.311287 	41.868843 	
16.124516 	46.097721 	87.726852 	44.777225 	42.544094 	7.810250 	43.046486 	104.785492 	55.713554 	7.071068 	63.158531 	22.671568 	20.615528 	14.422205 	56.364883 	88.255310 	4.000000 	80.777473 	90.917542 	67.119293 	15.620500 	109.123779 	61.269894 	5.000000 	4.242640 	1.414214 	999.000000 	55.072678 	64.412735 	56.435802 	11.704700 	9.219544 	57.688820 	8.000000 	10.049875 	12.165525 	13.152946 	8.944272 	16.278820 	11.180340 	12.369317 	14.142136 	27.000000 	30.066593 	27.658634 	28.635643 	30.265491 	34.000000 	31.400637 	32.249031 	36.000000 	35.227829 	36.221542 	29.206163 	34.655445 	35.608986 	35.468296 	35.383614 	38.600517 	39.698868 	39.597980 	40.311287 	41.773197 	
48.795490 	96.176918 	136.033081 	96.208107 	94.111633 	54.203320 	94.847244 	152.410629 	8.062258 	58.008621 	10.198039 	52.201534 	55.443665 	68.242218 	4.242640 	35.128338 	51.623638 	27.166155 	141.014191 	13.038404 	69.892776 	157.610275 	7.000000 	59.682495 	59.169250 	56.435802 	55.072678 	999.000000 	9.486833 	1.414214 	66.648331 	63.953106 	5.000000 	62.169125 	64.404968 	66.640831 	67.542580 	60.539242 	70.682388 	64.078079 	64.621979 	66.850578 	79.711983 	81.908485 	77.884529 	78.847954 	81.320351 	86.330757 	82.006096 	83.240616 	88.232651 	86.127815 	87.091904 	66.121101 	73.061615 	76.164299 	75.106590 	72.006943 	79.101204 	78.006409 	76.006577 	77.006493 	76.105194 	
57.384666 	104.690018 	144.045135 	104.890419 	102.825096 	63.245552 	103.585716 	160.240448 	11.180340 	67.119293 	5.099020 	60.207973 	63.655323 	77.388626 	8.485281 	26.000000 	60.901562 	18.000000 	149.281616 	4.472136 	79.075912 	165.556641 	3.605551 	68.963760 	68.476273 	65.764732 	64.412735 	9.486833 	999.000000 	8.246211 	76.026314 	73.348480 	9.219544 	71.589104 	73.824112 	76.059189 	76.967529 	70.007141 	80.112419 	73.539108 	74.094536 	76.321686 	89.196411 	91.394745 	87.361320 	88.323273 	90.801979 	95.817535 	91.482239 	92.720009 	97.718987 	95.603348 	96.566040 	75.325958 	82.219215 	85.375641 	84.291161 	81.098709 	88.277969 	87.091904 	85.023529 	86.023254 	85.005882 	
50.209560 	97.590981 	137.437256 	97.621719 	95.524864 	55.605755 	96.260063 	153.808319 	8.544003 	59.405388 	9.486833 	53.600372 	56.850681 	69.634758 	4.472136 	34.058773 	53.000000 	26.076809 	142.425415 	12.000000 	71.281136 	159.012573 	6.082763 	61.057350 	60.539242 	57.801384 	56.435802 	1.414214 	8.246211 	999.000000 	68.000000 	65.299309 	4.123106 	63.505905 	65.741920 	67.977936 	68.876701 	61.846584 	72.013885 	65.391129 	65.924202 	68.154236 	80.993828 	83.168503 	79.120163 	80.081207 	82.565125 	87.595665 	83.240616 	84.480766 	89.493019 	87.361320 	88.323273 	67.186310 	74.108032 	77.233414 	76.164299 	73.027390 	80.156097 	79.025314 	77.000000 	78.000000 	77.058418 	
25.317978 	38.832977 	80.006248 	36.687874 	34.481880 	16.124516 	34.785053 	97.082436 	67.416618 	12.369317 	74.846512 	30.083218 	26.832815 	8.544003 	68.029404 	99.959991 	15.524175 	92.477028 	82.346825 	78.790863 	8.062258 	101.019798 	72.917763 	8.000000 	8.062258 	10.440307 	11.704700 	66.648331 	76.026314 	68.000000 	999.000000 	2.828427 	69.115845 	5.000000 	3.162278 	2.236068 	2.828427 	8.544003 	5.099020 	6.000000 	7.071068 	6.708204 	16.492422 	19.924858 	18.867962 	19.723083 	20.615528 	23.345236 	21.931713 	22.472204 	25.317978 	25.298222 	26.248810 	27.892651 	31.304953 	31.064449 	31.384710 	32.695564 	33.600594 	35.510563 	36.235340 	36.715118 	38.910152 	
23.769728 	41.231056 	82.540901 	39.217342 	37.000000 	14.560220 	37.336308 	99.624290 	64.845970 	11.180340 	72.235725 	29.068884 	26.076809 	10.049875 	65.391129 	97.406364 	13.152946 	89.888817 	85.000000 	76.157730 	10.049875 	103.619499 	70.263786 	6.324555 	6.082763 	8.062258 	9.219544 	63.953106 	73.348480 	65.299309 	2.828427 	999.000000 	66.370171 	2.236068 	1.414214 	3.000000 	4.000000 	6.082763 	7.071068 	4.472136 	5.830952 	6.403124 	18.110771 	21.377558 	19.697716 	20.615528 	21.840330 	25.079872 	23.086792 	23.769728 	27.073973 	26.683329 	27.658634 	26.570660 	30.528675 	30.610456 	30.805843 	31.764761 	33.301651 	35.000000 	35.510563 	36.055511 	38.078865 	
52.497620 	99.824844 	140.000000 	99.704567 	97.580734 	57.384666 	98.290382 	156.473633 	12.649111 	61.073727 	12.206555 	56.302753 	59.405388 	71.217972 	8.544003 	35.057095 	54.405884 	27.073973 	144.810226 	13.601471 	72.801102 	161.604462 	8.602325 	62.425957 	61.854668 	59.076221 	57.688820 	5.000000 	9.219544 	4.123106 	69.115845 	66.370171 	999.000000 	64.498062 	66.730804 	68.963760 	69.835518 	62.609905 	72.945183 	66.189125 	66.640831 	68.876701 	81.541397 	83.570328 	79.378838 	80.324341 	82.873398 	88.022728 	83.486526 	84.758484 	89.888817 	87.595665 	88.543777 	66.610809 	73.437050 	76.655075 	75.538071 	72.249565 	79.511009 	78.230431 	76.105194 	77.103828 	76.006577 	
23.409399 	43.416588 	84.758484 	41.436699 	39.217342 	14.317822 	39.560081 	101.843018 	63.245552 	11.401754 	70.576202 	29.154760 	26.400757 	12.000000 	63.694584 	95.817535 	12.000000 	88.255310 	87.235313 	74.464760 	12.165525 	105.848946 	68.541962 	6.403124 	5.830952 	7.071068 	8.000000 	62.169125 	71.589104 	63.505905 	5.000000 	2.236068 	64.498062 	999.000000 	2.236068 	4.472136 	5.385165 	4.000000 	8.544003 	3.605551 	5.000000 	6.324555 	19.000000 	22.090721 	19.924858 	20.880613 	22.360680 	26.000000 	23.537205 	24.331051 	28.000000 	27.294687 	28.284271 	25.079872 	29.410883 	29.732138 	29.832869 	30.528675 	32.526913 	34.058773 	34.409302 	35.000000 	36.891735 	
25.000000 	41.976185 	83.168503 	39.849716 	37.643059 	15.811388 	37.947330 	100.244698 	65.459915 	12.529964 	72.801102 	30.413813 	27.459061 	11.180340 	65.924202 	98.030609 	14.035668 	90.476517 	85.492691 	76.694199 	11.000000 	104.177734 	70.774292 	7.615773 	7.280110 	9.000000 	10.049875 	64.404968 	73.824112 	65.741920 	3.162278 	1.414214 	66.730804 	2.236068 	999.000000 	2.236068 	3.162278 	5.385165 	6.324555 	3.162278 	4.472136 	5.000000 	17.029387 	20.223749 	18.384777 	19.313208 	20.615528 	24.020824 	21.840330 	22.561028 	26.019224 	25.495098 	26.476404 	25.298222 	29.154760 	29.206163 	29.410883 	30.413813 	31.890438 	33.600594 	34.132095 	34.669872 	36.715118 	
26.683329 	40.607880 	81.608826 	38.327538 	36.138622 	17.464249 	36.400551 	98.671173 	67.675697 	13.928389 	75.026665 	31.780497 	28.653097 	10.770329 	68.154236 	100.244698 	16.124516 	92.698433 	83.773506 	78.924011 	10.198039 	102.528046 	73.006851 	9.219544 	9.055386 	11.045361 	12.165525 	66.640831 	76.059189 	67.977936 	2.236068 	3.000000 	68.963760 	4.472136 	2.236068 	999.000000 	1.000000 	7.211102 	4.123106 	4.123106 	5.000000 	4.472136 	15.132746 	18.439089 	17.000000 	17.888544 	18.973665 	22.090721 	20.248457 	20.880613 	24.083189 	23.769728 	24.738634 	25.709921 	29.068884 	28.844410 	29.154760 	30.463093 	31.400637 	33.286633 	34.000000 	34.481880 	36.674240 	
27.658634 	40.447498 	81.320351 	38.078865 	35.902645 	18.439089 	36.138622 	98.371742 	68.622154 	14.866069 	75.960518 	32.695564 	29.529646 	11.180340 	69.079666 	101.192886 	17.117243 	93.637596 	83.384651 	79.849861 	10.440307 	102.181213 	73.925636 	10.198039 	10.049875 	12.041595 	13.152946 	67.542580 	76.967529 	68.876701 	2.828427 	4.000000 	69.835518 	5.385165 	3.162278 	1.000000 	999.000000 	7.810250 	3.162278 	4.472136 	5.099020 	4.123106 	14.142136 	17.464249 	16.124516 	17.000000 	18.027756 	21.095022 	19.313208 	19.924858 	23.086792 	22.803509 	23.769728 	25.495098 	28.635643 	28.301943 	28.653097 	30.083218 	30.805843 	32.756680 	33.541019 	34.000000 	36.249138 	
25.059929 	47.296936 	88.543777 	45.221676 	43.011627 	16.401220 	43.324360 	105.621971 	62.096699 	14.212670 	69.260376 	31.400637 	29.000000 	16.000000 	62.297672 	94.641426 	12.649111 	86.977005 	90.873535 	73.054771 	16.124516 	109.562767 	67.067131 	9.433981 	8.602325 	8.602325 	8.944272 	60.539242 	70.007141 	61.846584 	8.544003 	6.082763 	62.609905 	4.000000 	5.385165 	7.211102 	7.810250 	999.000000 	10.630146 	3.605551 	4.123106 	6.324555 	19.416489 	22.090721 	19.104973 	20.099751 	22.000000 	26.305893 	23.021729 	24.000000 	28.284271 	27.000000 	28.000000 	21.470911 	26.248810 	26.907248 	26.870058 	27.202942 	29.832869 	31.112698 	31.240999 	31.890438 	33.600594 	
30.413813 	39.115215 	79.555016 	36.496574 	34.365681 	21.213203 	34.525352 	96.566040 	71.784401 	17.464249 	79.120163 	35.114101 	31.780497 	12.041595 	72.235725 	104.355164 	20.223749 	96.798759 	81.344948 	83.006027 	10.816654 	100.244698 	77.077881 	13.038404 	13.000000 	15.132746 	16.278820 	70.682388 	80.112419 	72.013885 	5.099020 	7.071068 	72.945183 	8.544003 	6.324555 	4.123106 	3.162278 	10.630146 	999.000000 	7.071068 	7.211102 	5.385165 	11.401754 	14.866069 	14.212670 	15.000000 	15.652476 	18.248287 	17.000000 	17.464249 	20.223749 	20.248457 	21.189621 	26.076809 	28.460499 	27.730848 	28.231188 	30.083218 	30.016663 	32.202484 	33.241539 	33.615471 	36.055511 	
26.925823 	44.721359 	85.726311 	42.449970 	40.261642 	17.888544 	40.521599 	102.786186 	65.520988 	15.000000 	72.732384 	32.756680 	30.000000 	14.317822 	65.787537 	98.081596 	15.132746 	90.443352 	87.846458 	76.550636 	14.035668 	106.625511 	70.576202 	10.000000 	9.433981 	10.440307 	11.180340 	64.078079 	73.539108 	65.391129 	6.000000 	4.472136 	66.189125 	3.605551 	3.162278 	4.123106 	4.472136 	3.605551 	7.071068 	999.000000 	1.414214 	3.000000 	16.124516 	19.000000 	16.492422 	17.464249 	19.104973 	23.086792 	20.223749 	21.095022 	25.079872 	24.083189 	25.079872 	22.135944 	26.076809 	26.248810 	26.400757 	27.294687 	29.000000 	30.610456 	31.064449 	31.622776 	33.615471 	
28.231188 	45.541191 	86.400230 	43.174065 	41.000000 	19.235384 	41.231056 	103.445641 	66.219330 	16.401220 	73.375748 	34.132095 	31.400637 	15.524175 	66.407829 	98.762344 	16.278820 	91.093361 	88.391174 	77.162170 	15.132746 	107.224068 	71.168816 	11.401754 	10.816654 	11.704700 	12.369317 	64.621979 	74.094536 	65.924202 	7.071068 	5.830952 	66.640831 	5.000000 	4.472136 	5.000000 	5.099020 	4.123106 	7.211102 	1.414214 	999.000000 	2.236068 	15.297058 	18.027756 	15.297058 	16.278820 	18.027756 	22.203604 	19.104973 	20.024984 	24.186773 	23.021729 	24.020824 	20.880613 	24.698177 	24.839485 	25.000000 	25.942244 	27.586229 	29.206163 	29.681644 	30.232433 	32.249031 	
29.732138 	44.283180 	84.899940 	41.773197 	39.623226 	20.615528 	39.812057 	101.921539 	68.410522 	17.492855 	75.584389 	35.355339 	32.449963 	15.231546 	68.622154 	100.960388 	18.110771 	93.300591 	86.729462 	79.378838 	14.560220 	105.621971 	73.389374 	12.529964 	12.083046 	13.341664 	14.142136 	66.850578 	76.321686 	68.154236 	6.708204 	6.403124 	68.876701 	6.324555 	5.000000 	4.472136 	4.123106 	6.324555 	5.385165 	3.000000 	2.236068 	999.000000 	13.152946 	16.000000 	13.601471 	14.560220 	16.124516 	20.099751 	17.262676 	18.110771 	22.090721 	21.095022 	22.090721 	21.377558 	24.596748 	24.413111 	24.698177 	26.000000 	27.018513 	28.844410 	29.529646 	30.016663 	32.202484 	
41.773197 	42.755116 	80.504662 	39.319206 	37.483330 	32.557640 	37.336308 	97.164810 	81.492332 	28.861740 	88.600227 	46.486557 	43.081318 	22.472204 	81.608826 	114.017540 	31.000000 	106.320274 	81.024689 	92.347168 	20.808653 	100.224747 	86.330757 	24.331051 	24.186773 	26.019224 	27.000000 	79.711983 	89.196411 	80.993828 	16.492422 	18.110771 	81.541397 	19.000000 	17.029387 	15.132746 	14.142136 	19.416489 	11.401754 	16.124516 	15.297058 	13.152946 	999.000000 	3.605551 	6.000000 	6.082763 	5.000000 	7.000000 	6.403124 	6.403124 	9.000000 	8.944272 	9.848858 	24.698177 	24.083189 	22.022715 	23.000000 	26.172504 	23.345236 	26.172504 	28.017851 	28.071337 	31.016125 	
45.122055 	45.354160 	82.219215 	41.773197 	40.024994 	35.902645 	39.812057 	98.731964 	83.952370 	32.280025 	90.956032 	49.979996 	46.615448 	26.076809 	83.934502 	116.417351 	34.058773 	108.669220 	82.377182 	94.641426 	24.413111 	101.607086 	88.600227 	27.658634 	27.459061 	29.154760 	30.066593 	81.908485 	91.394745 	83.168503 	19.924858 	21.377558 	83.570328 	22.090721 	20.223749 	18.439089 	17.464249 	22.090721 	14.866069 	19.000000 	18.027756 	16.000000 	3.605551 	999.000000 	5.000000 	4.472136 	2.000000 	4.472136 	3.162278 	2.828427 	6.324555 	5.385165 	6.324555 	24.186773 	22.561028 	20.099751 	21.213203 	24.738634 	21.023796 	24.000000 	26.076809 	26.019224 	29.068884 	
43.324360 	48.662102 	86.469650 	45.276924 	43.416588 	34.176014 	43.289722 	103.097038 	80.230919 	30.870699 	87.097649 	48.754486 	45.650848 	26.172504 	80.049988 	112.587746 	31.575306 	104.785492 	86.884979 	90.708321 	24.758837 	106.099007 	84.646324 	26.000000 	25.632011 	26.925823 	27.658634 	77.884529 	87.361320 	79.120163 	18.867962 	19.697716 	79.378838 	19.924858 	18.384777 	17.000000 	16.124516 	19.104973 	14.212670 	16.492422 	15.297058 	13.601471 	6.000000 	5.000000 	999.000000 	1.000000 	3.605551 	9.219544 	4.123106 	5.385165 	10.816654 	8.246211 	9.219544 	19.235384 	18.110771 	16.031219 	17.000000 	20.223749 	17.464249 	20.223749 	22.022715 	22.090721 	25.019993 	
44.271889 	48.836460 	86.371292 	45.398239 	43.566040 	35.114101 	43.416588 	102.956299 	81.215759 	31.780497 	88.073830 	49.658836 	46.529560 	26.907248 	81.024689 	113.564957 	32.557640 	105.759163 	86.683334 	91.678787 	25.455845 	105.905617 	85.615417 	26.925823 	26.570660 	27.892651 	28.635643 	78.847954 	88.323273 	80.081207 	19.723083 	20.615528 	80.324341 	20.880613 	19.313208 	17.888544 	17.000000 	20.099751 	15.000000 	17.464249 	16.278820 	14.560220 	6.082763 	4.472136 	1.000000 	999.000000 	2.828427 	8.485281 	3.162278 	4.472136 	10.000000 	7.280110 	8.246211 	19.723083 	18.248287 	16.000000 	17.029387 	20.396078 	17.262676 	20.099751 	22.000000 	22.022715 	25.000000 	
45.607018 	47.296936 	84.214012 	43.737854 	41.976185 	36.400551 	41.773197 	100.717430 	83.546394 	32.893768 	90.470993 	50.695168 	47.423622 	27.202942 	83.432610 	115.952576 	34.234486 	108.171158 	84.344528 	94.111633 	25.612497 	103.576057 	88.056801 	28.160255 	27.892651 	29.427877 	30.265491 	81.320351 	90.801979 	82.565125 	20.615528 	21.840330 	82.873398 	22.360680 	20.615528 	18.973665 	18.027756 	22.000000 	15.652476 	19.104973 	18.027756 	16.124516 	5.000000 	2.000000 	3.605551 	2.828427 	999.000000 	5.656854 	1.414214 	2.000000 	7.211102 	5.000000 	6.000000 	22.472204 	20.615528 	18.110771 	19.235384 	22.803509 	19.026299 	22.000000 	24.083189 	24.020824 	27.073973 	
48.662102 	44.598206 	80.024994 	40.804413 	39.217342 	39.458839 	38.897301 	96.332756 	88.294960 	35.693138 	95.336250 	53.160137 	49.648766 	28.635643 	88.323273 	120.784935 	38.000000 	113.053085 	79.762146 	99.040398 	26.832815 	98.994949 	93.005379 	31.257000 	31.144823 	33.015148 	34.000000 	86.330757 	95.817535 	87.595665 	23.345236 	25.079872 	88.022728 	26.000000 	24.020824 	22.090721 	21.095022 	26.305893 	18.248287 	23.086792 	22.203604 	20.099751 	7.000000 	4.472136 	9.219544 	8.485281 	5.656854 	999.000000 	5.830952 	4.472136 	2.000000 	4.123106 	4.472136 	28.017851 	25.632011 	22.803509 	24.041630 	27.856777 	23.194826 	26.305893 	28.635643 	28.442924 	31.575306 	
46.840153 	48.507732 	85.146935 	44.911022 	43.174065 	37.643059 	42.953465 	101.597244 	84.344528 	34.176014 	91.219513 	52.000000 	48.754486 	28.600698 	84.172440 	116.709038 	35.355339 	108.908218 	85.158676 	94.831429 	27.018513 	104.393486 	88.769363 	29.410883 	29.120440 	30.594116 	31.400637 	82.006096 	91.482239 	83.240616 	21.931713 	23.086792 	83.486526 	23.537205 	21.840330 	20.248457 	19.313208 	23.021729 	17.000000 	20.223749 	19.104973 	17.262676 	6.403124 	3.162278 	4.123106 	3.162278 	1.414214 	5.830952 	999.000000 	1.414214 	7.071068 	4.123106 	5.099020 	22.203604 	19.924858 	17.262676 	18.439089 	22.135944 	18.000000 	21.023796 	23.194826 	23.086792 	26.172504 	
47.539455 	47.801674 	84.095184 	44.147480 	42.449970 	38.327538 	42.201897 	100.498756 	85.510231 	34.785053 	92.417534 	52.554733 	49.244289 	28.844410 	85.375641 	117.902504 	36.221542 	110.113579 	84.011902 	96.046867 	27.202942 	103.247276 	89.988892 	30.083218 	29.832869 	31.400637 	32.249031 	83.240616 	92.720009 	84.480766 	22.472204 	23.769728 	84.758484 	24.331051 	22.561028 	20.880613 	19.924858 	24.000000 	17.464249 	21.095022 	20.024984 	18.110771 	6.403124 	2.828427 	5.385165 	4.472136 	2.000000 	4.472136 	1.414214 	999.000000 	5.656854 	3.000000 	4.000000 	23.600847 	21.189621 	18.439089 	19.646883 	23.409399 	19.026299 	22.090721 	24.331051 	24.186773 	27.294687 	
50.635956 	45.310043 	80.000000 	41.436699 	39.924931 	41.436699 	39.560081 	96.187317 	90.244110 	37.656342 	97.267670 	55.081757 	51.546097 	30.463093 	90.249657 	122.723267 	40.000000 	114.982605 	79.511009 	100.960388 	28.635643 	98.731964 	94.921021 	33.241539 	33.136082 	35.014282 	36.000000 	88.232651 	97.718987 	89.493019 	25.317978 	27.073973 	89.888817 	28.000000 	26.019224 	24.083189 	23.086792 	28.284271 	20.223749 	25.079872 	24.186773 	22.090721 	9.000000 	6.324555 	10.816654 	10.000000 	7.211102 	2.000000 	7.071068 	5.656854 	999.000000 	4.123106 	4.000000 	29.206163 	26.400757 	23.409399 	24.698177 	28.635643 	23.537205 	26.683329 	29.120440 	28.861740 	32.015621 	
50.447994 	48.703182 	84.005951 	44.922153 	43.324360 	41.231056 	43.011627 	100.244698 	88.459030 	37.643059 	95.341492 	55.362442 	52.000000 	31.384710 	88.294960 	120.830460 	39.204590 	113.030968 	83.600243 	98.954536 	29.681644 	102.825096 	92.892410 	32.984844 	32.756680 	34.365681 	35.227829 	86.127815 	95.603348 	87.361320 	25.298222 	26.683329 	87.595665 	27.294687 	25.495098 	23.769728 	22.803509 	27.000000 	20.248457 	24.083189 	23.021729 	21.095022 	8.944272 	5.385165 	8.246211 	7.280110 	5.000000 	4.123106 	4.123106 	3.000000 	4.123106 	999.000000 	1.000000 	25.495098 	22.360680 	19.313208 	20.615528 	24.596748 	19.416489 	22.561028 	25.000000 	24.738634 	27.892651 	
51.419842 	49.040798 	84.000000 	45.221676 	43.657761 	42.201897 	43.324360 	100.179840 	89.442719 	38.600517 	96.317184 	56.302753 	52.924473 	32.249031 	89.269257 	121.807228 	40.199501 	114.004387 	83.486526 	99.924973 	30.528675 	102.703453 	93.861603 	33.955853 	33.734257 	35.355339 	36.221542 	87.091904 	96.566040 	88.323273 	26.248810 	27.658634 	88.543777 	28.284271 	26.476404 	24.738634 	23.769728 	28.000000 	21.189621 	25.079872 	24.020824 	22.090721 	9.848858 	6.324555 	9.219544 	8.246211 	6.000000 	4.472136 	5.099020 	4.000000 	4.000000 	1.000000 	999.000000 	26.172504 	22.825424 	19.697716 	21.023796 	25.059929 	19.646883 	22.803509 	25.298222 	25.000000 	28.160255 	
44.553337 	65.007690 	104.560989 	62.128899 	60.074955 	37.013512 	60.133186 	121.396049 	70.064255 	35.510563 	76.026314 	51.662365 	49.819675 	36.400551 	69.007248 	101.242287 	31.827662 	93.263069 	105.513031 	79.158073 	35.902645 	124.663544 	73.109505 	30.886890 	30.016663 	29.410883 	29.206163 	66.121101 	75.325958 	67.186310 	27.892651 	26.570660 	66.610809 	25.079872 	25.298222 	25.709921 	25.495098 	21.470911 	26.076809 	22.135944 	20.880613 	21.377558 	24.698177 	24.186773 	19.235384 	19.723083 	22.472204 	28.017851 	22.203604 	23.600847 	29.206163 	25.495098 	26.172504 	999.000000 	7.071068 	10.049875 	9.000000 	6.708204 	13.000000 	12.369317 	11.180340 	12.083046 	12.806249 	
50.447994 	66.272163 	104.580116 	63.071388 	61.131008 	42.426407 	61.073727 	121.198181 	77.103828 	40.459858 	83.006027 	57.314919 	55.172459 	39.812057 	76.000000 	108.166542 	37.643059 	100.179840 	104.923782 	86.092972 	39.000000 	124.149101 	80.056229 	35.608986 	34.828148 	34.655445 	34.655445 	73.061615 	82.219215 	74.108032 	31.304953 	30.528675 	73.437050 	29.410883 	29.154760 	29.068884 	28.635643 	26.248810 	28.460499 	26.076809 	24.698177 	24.596748 	24.083189 	22.561028 	18.110771 	18.248287 	20.615528 	25.632011 	19.924858 	21.189621 	26.400757 	22.360680 	22.825424 	7.071068 	999.000000 	3.605551 	2.236068 	2.236068 	6.082763 	5.385165 	5.000000 	5.656854 	7.615773 	
51.613953 	64.629715 	102.313248 	61.294373 	59.413803 	43.278172 	59.304298 	118.827606 	80.024994 	41.012192 	86.052307 	58.258045 	55.901699 	39.446167 	79.025314 	111.287918 	38.832977 	103.310211 	102.420700 	89.202019 	38.470768 	121.655251 	83.150467 	36.069378 	35.355339 	35.468296 	35.608986 	76.164299 	85.375641 	77.233414 	31.064449 	30.610456 	76.655075 	29.732138 	29.206163 	28.844410 	28.301943 	26.907248 	27.730848 	26.248810 	24.839485 	24.413111 	22.022715 	20.099751 	16.031219 	16.000000 	18.110771 	22.803509 	17.262676 	18.439089 	23.409399 	19.313208 	19.697716 	10.049875 	3.605551 	999.000000 	1.414214 	5.656854 	3.162278 	4.472136 	6.000000 	6.082763 	9.000000 	
51.400391 	65.490456 	103.392456 	62.201286 	60.299255 	43.185646 	60.207973 	119.941650 	79.056938 	41.036568 	85.023529 	58.137768 	55.865910 	39.824615 	78.006409 	110.222504 	38.600517 	102.239914 	103.576057 	88.141930 	38.910152 	122.808792 	82.097504 	36.124783 	35.383614 	35.383614 	35.468296 	75.106590 	84.291161 	76.164299 	31.384710 	30.805843 	75.538071 	29.832869 	29.410883 	29.154760 	28.653097 	26.870058 	28.231188 	26.400757 	25.000000 	24.698177 	23.000000 	21.213203 	17.000000 	17.029387 	19.235384 	24.041630 	18.439089 	19.646883 	24.698177 	20.615528 	21.023796 	9.000000 	2.236068 	1.414214 	999.000000 	4.242640 	4.000000 	4.242640 	5.099020 	5.385165 	8.062258 	
