Total assets = 720
Number of asset nodes = 40

Distance:
999.000000 	94.371605 	105.118980 	68.680420 	25.495098 	113.600174 	161.375336 	76.400261 	114.039467 	84.958817 	29.681644 	20.615528 	12.727922 	29.068884 	84.202141 	13.601471 	24.166092 	16.124516 	114.061386 	112.307610 	150.602127 	77.665955 	113.216606 	162.373032 	30.675724 	154.012985 	16.000000 	149.030197 	171.898224 	169.852875 	18.384777 	26.419689 	17.464249 	167.836227 	81.786308 	75.953934 	172.626770 	29.529646 	171.330093 	27.459061 	169.331039 	19.000000 	81.215759 	151.476074 	91.678787 	33.105892 	20.099751 	77.646637 	20.880613 	154.262756 	26.907248 	93.621582 	168.240906 	31.064449 	
94.371605 	999.000000 	11.313708 	29.068884 	75.604233 	19.416489 	76.026314 	24.596748 	19.723083 	35.608986 	65.000000 	74.464760 	99.297531 	65.306969 	18.439089 	97.349884 	81.055534 	108.046288 	19.697716 	18.027756 	61.032780 	26.570660 	18.973665 	75.292763 	75.742989 	64.637451 	102.342560 	58.412327 	86.769814 	84.118965 	108.756607 	82.219215 	106.230881 	81.492332 	24.515301 	30.675724 	87.235313 	80.659782 	85.088188 	83.546394 	82.492424 	104.043259 	27.459061 	60.307545 	19.416489 	77.781746 	106.254410 	32.015621 	99.809822 	63.126858 	87.783829 	19.924858 	80.156097 	82.734512 	
105.118980 	11.313708 	999.000000 	40.360870 	86.833176 	8.544003 	65.391129 	35.510563 	9.219544 	38.626415 	75.584389 	85.000000 	109.562767 	76.059189 	28.635643 	108.466583 	92.314682 	119.037811 	10.000000 	9.219544 	49.929951 	37.121422 	10.198039 	64.412735 	87.045967 	53.535034 	113.463654 	47.201694 	76.059189 	73.348480 	119.816528 	93.509361 	117.324333 	70.661163 	34.539833 	41.146080 	76.485291 	91.967384 	74.242844 	94.847244 	71.589104 	115.208504 	37.336308 	49.040798 	27.294687 	89.095451 	117.413795 	42.154476 	111.040535 	51.855568 	99.085823 	27.073973 	69.115845 	94.047859 	
68.680420 	29.068884 	40.360870 	999.000000 	47.507893 	48.104053 	104.446159 	8.000000 	48.166378 	44.911022 	41.109608 	50.358715 	75.663727 	40.447498 	15.524175 	69.771057 	52.697250 	81.024689 	47.634022 	45.607018 	90.000000 	10.440307 	46.400433 	104.009613 	47.010635 	93.600212 	74.706093 	87.458565 	115.247559 	112.680969 	81.394104 	53.600372 	78.714676 	110.136276 	14.142136 	11.401754 	115.762688 	51.855568 	113.740936 	54.817879 	111.220505 	76.157730 	14.866069 	89.375610 	23.194826 	48.836460 	78.390053 	14.212670 	71.561165 	92.195442 	59.033890 	25.179358 	109.041275 	53.814495 	
25.495098 	75.604233 	86.833176 	47.507893 	999.000000 	95.000000 	147.756561 	54.561890 	95.210297 	75.153175 	21.000000 	20.124611 	36.769554 	18.027756 	62.609905 	22.472204 	5.830952 	34.205261 	94.868332 	92.913940 	135.059250 	55.154327 	93.744331 	148.070923 	6.403124 	138.600143 	27.313000 	132.966156 	158.521286 	156.204987 	34.176014 	8.246211 	31.384710 	153.912308 	59.236813 	52.810986 	159.154007 	9.055386 	157.492859 	10.198039 	155.219193 	28.653097 	58.189346 	135.148071 	69.462219 	10.295630 	30.886890 	54.120235 	24.207438 	137.974640 	13.928389 	71.309189 	153.574081 	12.041595 	
113.600174 	19.416489 	8.544003 	48.104053 	95.000000 	999.000000 	59.774578 	42.638012 	1.414214 	45.354160 	84.095184 	93.520050 	118.105888 	84.534019 	35.227829 	116.764717 	100.424103 	127.424484 	3.605551 	5.099020 	43.382023 	43.829212 	5.385165 	58.309521 	95.015785 	46.957428 	121.757957 	40.311287 	70.228203 	67.416618 	128.160049 	101.533249 	125.642349 	64.621979 	40.816662 	47.707443 	70.576202 	99.904953 	68.154236 	102.825096 	65.391129 	123.458496 	43.416588 	41.880783 	32.310989 	96.938126 	125.670204 	48.373547 	119.201508 	44.654228 	107.056061 	31.622776 	62.609905 	101.911728 	
161.375336 	76.026314 	65.391129 	104.446159 	147.756561 	59.774578 	999.000000 	100.623062 	60.440052 	77.201035 	132.230865 	140.801285 	162.431519 	133.660019 	94.021271 	167.657394 	153.525238 	176.799316 	62.096699 	64.288414 	18.027756 	102.459747 	64.031242 	5.000000 	149.201202 	15.297058 	172.586212 	22.090721 	10.816654 	8.485281 	178.190903 	155.241745 	176.082367 	6.708204 	99.924973 	106.512909 	11.401754 	154.201172 	10.000000 	156.818359 	8.544003 	174.771286 	102.693718 	22.561028 	92.027168 	151.822266 	176.867188 	107.540688 	171.493439 	21.189621 	161.027954 	91.394745 	10.049875 	156.604599 	
76.400261 	24.596748 	35.510563 	8.000000 	54.561890 	42.638012 	100.623062 	999.000000 	42.520584 	47.169907 	49.091751 	58.309521 	83.600243 	48.373547 	8.062258 	76.967529 	59.539902 	88.391174 	41.725292 	39.597980 	85.440041 	3.605551 	40.311287 	99.849884 	53.535034 	89.044930 	81.859634 	82.661964 	111.364265 	108.706024 	88.639717 	60.207973 	85.906929 	106.066017 	6.324555 	7.071068 	111.825760 	58.249462 	109.658562 	61.294373 	107.042046 	83.186539 	7.810250 	84.403793 	15.297058 	55.000000 	85.422478 	9.486833 	78.390053 	87.200920 	65.459915 	17.262676 	104.623131 	60.000000 	
114.039467 	19.723083 	9.219544 	48.166378 	95.210297 	1.414214 	60.440052 	42.520584 	999.000000 	46.572525 	84.581322 	94.021271 	118.680244 	84.970581 	35.000000 	117.046997 	100.603180 	127.769325 	2.236068 	4.000000 	43.863426 	43.600460 	4.123106 	58.872746 	95.131485 	47.423622 	122.036880 	40.706264 	70.837845 	68.007355 	128.471786 	101.671036 	125.936493 	65.192024 	40.496914 	47.434166 	71.168816 	100.004997 	68.709534 	102.941734 	65.924202 	123.709335 	43.046486 	42.190044 	31.780497 	97.000000 	125.924583 	48.020828 	119.402679 	44.944408 	107.168091 	31.016125 	63.071388 	101.980392 	
84.958817 	35.608986 	38.626415 	44.911022 	75.153175 	45.354160 	77.201035 	47.169907 	46.572525 	999.000000 	56.859474 	64.660652 	85.276024 	58.830265 	46.647614 	92.655273 	80.956779 	100.767059 	48.083260 	47.759815 	68.942001 	50.695168 	48.703182 	78.771820 	78.185677 	72.013885 	97.416634 	68.352028 	87.458565 	85.603737 	102.449989 	83.258636 	100.603180 	83.815269 	51.429562 	54.083271 	88.238312 	83.006027 	87.200920 	85.088188 	85.445892 	99.864906 	54.129475 	71.168816 	52.009613 	81.596565 	101.833199 	56.648037 	97.416634 	73.736015 	89.050545 	53.263496 	84.905830 	85.796272 	
29.681644 	65.000000 	75.584389 	41.109608 	21.000000 	84.095184 	132.230865 	49.091751 	84.581322 	56.859474 	999.000000 	9.486833 	34.713108 	3.162278 	56.435802 	35.805027 	26.172504 	44.598206 	84.693565 	83.006027 	121.037186 	51.000000 	83.934502 	133.056381 	26.305893 	124.470879 	40.607880 	119.402679 	142.842575 	140.716019 	45.967381 	29.068884 	43.931767 	138.621780 	55.009090 	50.159744 	143.544418 	30.016663 	142.144287 	31.064449 	140.071411 	43.011627 	55.036350 	121.827744 	64.280632 	30.413813 	45.000000 	52.345009 	40.706264 	124.619423 	34.365681 	66.272163 	138.852432 	33.015148 	
20.615528 	74.464760 	85.000000 	50.358715 	20.124611 	93.520050 	140.801285 	58.309521 	94.021271 	64.660652 	9.486833 	999.000000 	25.317978 	10.000000 	65.764732 	28.635643 	23.769728 	36.124783 	94.154129 	92.477028 	130.000000 	60.074955 	93.407707 	141.767410 	26.419689 	133.405396 	33.120991 	128.456223 	151.347290 	149.281616 	37.802116 	26.925823 	36.055511 	147.248093 	64.124878 	59.008472 	152.069061 	28.792360 	150.748138 	28.861740 	148.734665 	35.777088 	64.007812 	130.919830 	73.552704 	30.413813 	37.589893 	61.073727 	34.481880 	133.701157 	31.257000 	75.538071 	147.627914 	31.622776 	
12.727922 	99.297531 	109.562767 	75.663727 	36.769554 	118.105888 	162.431519 	83.600243 	118.680244 	85.276024 	34.713108 	25.317978 	999.000000 	35.227829 	91.082382 	25.553865 	36.359318 	23.021729 	118.928551 	117.324333 	152.856140 	85.287750 	118.270874 	163.807816 	42.485291 	156.160172 	26.570660 	151.604752 	172.733902 	170.856659 	26.076809 	38.832977 	26.476404 	169.011841 	89.358826 	84.053551 	173.510803 	41.880783 	172.429703 	40.000000 	170.601883 	29.410883 	89.140335 	154.184952 	98.858482 	45.276924 	29.832869 	86.005814 	32.649654 	156.923553 	39.623226 	100.841461 	169.838165 	43.600460 	
29.068884 	65.306969 	76.059189 	40.447498 	18.027756 	84.534019 	133.660019 	48.373547 	84.970581 	58.830265 	3.162278 	10.000000 	35.227829 	999.000000 	55.901699 	34.058773 	23.345236 	43.416588 	85.000000 	83.258636 	122.147453 	50.089920 	84.172440 	134.380051 	23.194826 	125.606529 	38.948685 	120.420097 	144.312164 	142.144287 	44.598206 	26.172504 	42.426407 	140.007141 	54.147945 	49.010204 	145.000000 	27.000000 	143.544418 	28.160255 	141.428421 	41.231056 	54.009258 	122.800652 	63.639610 	27.294687 	43.278172 	51.088158 	38.587563 	125.602547 	31.575306 	65.620117 	140.121368 	30.000000 	
84.202141 	18.439089 	28.635643 	15.524175 	62.609905 	35.227829 	94.021271 	8.062258 	35.000000 	46.647614 	56.435802 	65.764732 	91.082382 	55.901699 	999.000000 	85.000000 	67.601776 	96.384644 	34.058773 	31.890438 	78.390053 	8.602325 	32.557640 	93.021500 	61.587337 	81.987801 	89.899948 	75.471848 	104.694794 	101.980392 	96.664368 	68.264191 	93.941475 	99.282425 	6.082763 	12.529964 	105.118980 	66.287254 	102.859123 	69.339745 	100.184830 	91.241440 	9.055386 	77.103828 	8.062258 	63.007935 	93.477272 	13.601471 	86.452301 	79.881165 	73.498299 	10.049875 	97.616600 	68.007355 	
13.601471 	97.349884 	108.466583 	69.771057 	22.472204 	116.764717 	167.657394 	76.967529 	117.046997 	92.655273 	35.805027 	28.635643 	25.553865 	34.058773 	85.000000 	999.000000 	18.248287 	12.041595 	116.811813 	114.908661 	155.794739 	77.620872 	115.762688 	168.291412 	25.179358 	159.289047 	5.000000 	153.912308 	178.331146 	176.139145 	11.704700 	19.000000 	8.944272 	173.971268 	81.706795 	75.272835 	179.011169 	22.022715 	177.519012 	19.104973 	175.368179 	7.211102 	80.653580 	156.204987 	91.923882 	26.019224 	9.219544 	76.537575 	7.280110 	159.022018 	16.763054 	93.776329 	173.971268 	22.360680 	
24.166092 	81.055534 	92.314682 	52.697250 	5.830952 	100.424103 	153.525238 	59.539902 	100.603180 	80.956779 	26.172504 	23.769728 	36.359318 	23.345236 	67.601776 	18.248287 	999.000000 	30.265491 	100.209778 	98.229324 	140.730240 	59.933296 	99.045441 	153.808319 	7.000000 	144.277512 	22.803509 	138.600143 	164.295471 	161.969131 	29.832869 	3.162278 	26.925823 	159.665268 	63.976559 	57.384666 	164.924225 	5.656854 	163.248276 	5.099020 	160.962723 	23.769728 	62.769421 	140.758652 	74.249580 	8.944272 	26.000000 	58.523499 	18.867962 	143.586212 	8.246211 	76.059189 	159.289047 	8.062258 	
16.124516 	108.046288 	119.037811 	81.024689 	34.205261 	127.424484 	176.799316 	88.391174 	127.769325 	100.767059 	44.598206 	36.124783 	23.021729 	43.416588 	96.384644 	12.041595 	30.265491 	999.000000 	127.632286 	125.781555 	165.556641 	89.196411 	126.657021 	177.654160 	37.215588 	169.008881 	8.246211 	163.835281 	187.384628 	185.283569 	3.162278 	31.016125 	5.000000 	183.207535 	93.300591 	86.977005 	188.095718 	34.000000 	186.724396 	31.016125 	184.664566 	9.433981 	92.347168 	166.207703 	103.464973 	38.000000 	8.485281 	88.323273 	15.231546 	169.011841 	28.284271 	105.342300 	183.447540 	34.132095 	
114.061386 	19.697716 	10.000000 	47.634022 	94.868332 	3.605551 	62.096699 	41.725292 	2.236068 	48.083260 	84.693565 	94.154129 	118.928551 	85.000000 	34.058773 	116.811813 	100.209778 	127.632286 	999.000000 	2.236068 	45.310043 	42.638012 	2.000000 	60.406952 	94.641426 	48.846699 	121.794907 	42.047592 	72.422371 	69.570107 	128.280945 	101.212646 	125.717941 	66.730804 	39.408119 	46.400433 	72.732384 	99.488693 	70.228203 	102.449989 	67.416618 	123.422043 	41.880783 	43.416588 	30.413813 	96.426140 	125.642349 	46.872166 	119.037811 	46.141087 	106.667709 	29.546574 	64.474800 	101.414986 	
112.307610 	18.027756 	9.219544 	45.607018 	92.913940 	5.099020 	64.288414 	39.597980 	4.000000 	47.759815 	83.006027 	92.477028 	117.324333 	83.258636 	31.890438 	114.908661 	98.229324 	125.781555 	2.236068 	999.000000 	47.539455 	40.459858 	1.000000 	62.625874 	92.617493 	51.078373 	119.887444 	44.283180 	74.632431 	71.784401 	126.400162 	99.201813 	123.822456 	68.949257 	37.202152 	44.204071 	74.946648 	97.452553 	72.449982 	100.424103 	69.641945 	121.490738 	39.661064 	45.650848 	28.178005 	94.366310 	123.713379 	44.654228 	117.068359 	48.373547 	104.637466 	27.313000 	66.708321 	99.357941 	
150.602127 	61.032780 	49.929951 	90.000000 	135.059250 	43.382023 	18.027756 	85.440041 	43.863426 	68.942001 	121.037186 	130.000000 	152.856140 	122.147453 	78.390053 	155.794739 	140.730240 	165.556641 	45.310043 	47.539455 	999.000000 	86.954010 	47.169907 	15.297058 	135.948517 	3.605551 	160.776245 	4.123106 	27.459061 	24.515301 	166.712326 	142.214630 	164.438431 	21.587032 	84.118965 	90.917542 	27.658634 	140.929062 	25.000000 	143.683685 	22.135944 	162.788208 	86.769814 	5.656854 	75.643906 	138.293167 	164.939377 	91.706055 	159.113174 	6.324555 	147.922272 	74.846512 	19.235384 	143.178207 	
77.665955 	26.570660 	37.121422 	10.440307 	55.154327 	43.829212 	102.459747 	3.605551 	43.600460 	50.695168 	51.000000 	60.074955 	85.287750 	50.089920 	8.602325 	77.620872 	59.933296 	89.196411 	42.638012 	40.459858 	86.954010 	999.000000 	41.109608 	101.533249 	53.712196 	90.553848 	82.462112 	84.059502 	113.159180 	110.462662 	89.319649 	60.415230 	86.539009 	107.782188 	4.123106 	4.123106 	113.595772 	58.309521 	111.364265 	61.400326 	108.706024 	83.671982 	4.472136 	85.702972 	14.317822 	54.918121 	85.906929 	6.082763 	78.714676 	88.481636 	65.513359 	16.155495 	106.174385 	59.908264 	
113.216606 	18.973665 	10.198039 	46.400433 	93.744331 	5.385165 	64.031242 	40.311287 	4.123106 	48.703182 	83.934502 	93.407707 	118.270874 	84.172440 	32.557640 	115.762688 	99.045441 	126.657021 	2.000000 	1.000000 	47.169907 	41.109608 	999.000000 	62.297672 	93.407707 	50.695168 	120.739388 	43.863426 	74.330345 	71.470276 	127.263504 	100.000000 	124.679588 	68.622154 	37.802116 	44.821869 	74.632431 	98.234413 	72.111023 	101.212646 	69.289246 	122.331520 	40.224369 	45.177429 	28.653097 	95.131485 	124.555206 	45.221676 	117.889778 	47.885281 	105.422958 	27.730848 	66.309875 	100.124924 	
162.373032 	75.292763 	64.412735 	104.009613 	148.070923 	58.309521 	5.000000 	99.849884 	58.872746 	78.771820 	133.056381 	141.767410 	163.807816 	134.380051 	93.021500 	168.291412 	153.808319 	177.654160 	60.406952 	62.625874 	15.297058 	101.533249 	62.297672 	999.000000 	149.305054 	12.041595 	173.242599 	19.104973 	12.165525 	9.219544 	178.966476 	155.438095 	176.799316 	6.324555 	98.843307 	105.546196 	12.369317 	154.301651 	9.848858 	156.974518 	7.211102 	175.368179 	101.552940 	19.026299 	90.620087 	151.818970 	177.485214 	106.451866 	171.944763 	17.262676 	161.198639 	89.888817 	6.324555 	156.646103 	
30.675724 	75.742989 	87.045967 	47.010635 	6.403124 	95.015785 	149.201202 	53.535034 	95.131485 	78.185677 	26.305893 	26.419689 	42.485291 	23.194826 	61.587337 	25.179358 	7.000000 	37.215588 	94.641426 	92.617493 	135.948517 	53.712196 	93.407707 	149.305054 	999.000000 	139.517029 	29.614185 	133.689941 	160.000000 	157.610275 	36.674240 	6.708204 	33.734257 	155.241745 	57.706154 	50.990196 	160.601990 	5.000000 	158.836395 	7.810250 	156.486420 	30.364452 	56.364883 	135.771866 	68.000000 	4.123106 	32.572994 	52.000000 	25.079872 	138.600143 	12.041595 	69.771057 	154.673843 	7.615773 	
154.012985 	64.637451 	53.535034 	93.600212 	138.600143 	46.957428 	15.297058 	89.044930 	47.423622 	72.013885 	124.470879 	133.405396 	156.160172 	125.606529 	81.987801 	159.289047 	144.277512 	169.008881 	48.846699 	51.078373 	3.605551 	90.553848 	50.695168 	12.041595 	139.517029 	999.000000 	164.268066 	7.071068 	24.186773 	21.213203 	170.182251 	145.773804 	167.919617 	18.248287 	87.709747 	94.514549 	24.331051 	144.499130 	21.587032 	147.248093 	18.681541 	166.291916 	90.354858 	7.280110 	79.202271 	141.873184 	168.439896 	95.294281 	162.640701 	6.403124 	151.485977 	78.390053 	15.652476 	146.754898 	
16.000000 	102.342560 	113.463654 	74.706093 	27.313000 	121.757957 	172.586212 	81.859634 	122.036880 	97.416634 	40.607880 	33.120991 	26.570660 	38.948685 	89.899948 	5.000000 	22.803509 	8.246211 	121.794907 	119.887444 	160.776245 	82.462112 	120.739388 	173.242599 	29.614185 	164.268066 	999.000000 	158.902481 	183.251190 	181.069046 	7.071068 	23.194826 	4.123106 	178.910599 	86.539009 	80.056229 	183.934769 	26.076809 	182.455475 	23.021729 	180.313614 	3.000000 	85.440041 	161.198639 	96.772926 	30.066593 	4.472136 	81.271149 	7.211102 	164.015244 	20.099751 	98.615417 	178.932953 	26.019224 	
149.030197 	58.412327 	47.201694 	87.458565 	132.966156 	40.311287 	22.090721 	82.661964 	40.706264 	68.352028 	119.402679 	128.456223 	151.604752 	120.420097 	75.471848 	153.912308 	138.600143 	163.835281 	42.047592 	44.283180 	4.123106 	84.059502 	43.863426 	19.104973 	133.689941 	7.071068 	158.902481 	999.000000 	31.257000 	28.284271 	164.924225 	140.014282 	162.606888 	25.317978 	81.123360 	87.982956 	31.400637 	138.657852 	28.635643 	141.449631 	25.709921 	160.863297 	83.725746 	3.000000 	72.449982 	135.948517 	163.027603 	88.684837 	157.079605 	5.385165 	145.691452 	71.589104 	22.472204 	140.858078 	
171.898224 	86.769814 	76.059189 	115.247559 	158.521286 	70.228203 	10.816654 	111.364265 	70.837845 	87.458565 	142.842575 	151.347290 	172.733902 	144.312164 	104.694794 	178.331146 	164.295471 	187.384628 	72.422371 	74.632431 	27.459061 	113.159180 	74.330345 	12.165525 	160.000000 	24.186773 	183.251190 	31.257000 	999.000000 	3.000000 	188.809433 	166.027100 	186.724396 	6.000000 	110.571243 	117.200684 	1.000000 	165.000000 	3.605551 	167.609665 	6.324555 	185.456192 	113.318138 	31.016125 	102.528046 	162.631485 	187.544662 	118.186295 	182.222397 	29.017237 	171.816757 	101.843018 	10.770329 	167.409683 	
169.852875 	84.118965 	73.348480 	112.680969 	156.204987 	67.416618 	8.485281 	108.706024 	68.007355 	85.603737 	140.716019 	149.281616 	170.856659 	142.144287 	101.980392 	176.139145 	161.969131 	185.283569 	69.570107 	71.784401 	24.515301 	110.462662 	71.470276 	9.219544 	157.610275 	21.213203 	181.069046 	28.284271 	3.000000 	999.000000 	186.676193 	163.670395 	184.567062 	3.000000 	107.837845 	114.494545 	3.162278 	162.609970 	2.000000 	165.239227 	3.605551 	183.251190 	110.571243 	28.017851 	99.724625 	160.206116 	185.348328 	115.451286 	179.961105 	26.019224 	169.452057 	99.020203 	8.062258 	165.000000 	
18.384777 	108.756607 	119.816528 	81.394104 	34.176014 	128.160049 	178.190903 	88.639717 	128.471786 	102.449989 	45.967381 	37.802116 	26.076809 	44.598206 	96.664368 	11.704700 	29.832869 	3.162278 	128.280945 	126.400162 	166.712326 	89.319649 	127.263504 	178.966476 	36.674240 	170.182251 	7.071068 	164.924225 	188.809433 	186.676193 	999.000000 	30.265491 	3.000000 	184.567062 	93.407707 	86.977005 	189.509888 	33.136082 	188.095718 	30.066593 	186.002686 	7.280110 	92.358002 	167.263260 	103.619499 	37.121422 	5.830952 	88.232651 	13.341664 	170.073517 	27.018513 	105.475113 	184.718704 	33.000000 	
26.419689 	82.219215 	93.509361 	53.600372 	8.246211 	101.533249 	155.241745 	60.207973 	101.671036 	83.258636 	29.068884 	26.925823 	38.832977 	26.172504 	68.264191 	19.000000 	3.162278 	31.016125 	101.212646 	99.201813 	142.214630 	60.415230 	100.000000 	155.438095 	6.708204 	145.773804 	23.194826 	140.014282 	166.027100 	163.670395 	30.265491 	999.000000 	27.294687 	161.335052 	64.412735 	57.697487 	166.643326 	3.162278 	164.924225 	2.000000 	162.606888 	23.769728 	63.071388 	142.130219 	74.706093 	7.071068 	25.961510 	58.694122 	18.384777 	144.958618 	5.830952 	76.478752 	160.863297 	5.000000 	
17.464249 	106.230881 	117.324333 	78.714676 	31.384710 	125.642349 	176.082367 	85.906929 	125.936493 	100.603180 	43.931767 	36.055511 	26.476404 	42.426407 	93.941475 	8.944272 	26.925823 	5.000000 	125.717941 	123.822456 	164.438431 	86.539009 	124.679588 	176.799316 	33.734257 	167.919617 	4.123106 	162.606888 	186.724396 	184.567062 	3.000000 	27.294687 	999.000000 	182.433548 	90.620087 	84.154617 	187.416641 	30.149628 	185.970428 	27.073973 	183.853195 	4.472136 	89.537704 	164.924225 	100.846420 	34.132095 	3.605551 	85.381500 	10.440307 	167.737885 	24.020824 	102.693718 	182.521225 	30.000000 	
167.836227 	81.492332 	70.661163 	110.136276 	153.912308 	64.621979 	6.708204 	106.066017 	65.192024 	83.815269 	138.621780 	147.248093 	169.011841 	140.007141 	99.282425 	173.971268 	159.665268 	183.207535 	66.730804 	68.949257 	21.587032 	107.782188 	68.622154 	6.324555 	155.241745 	18.248287 	178.910599 	25.317978 	6.000000 	3.000000 	184.567062 	161.335052 	182.433548 	999.000000 	105.118980 	111.803398 	6.082763 	160.240448 	3.605551 	162.889526 	2.000000 	181.069046 	107.837845 	25.019993 	96.932968 	157.800507 	183.174774 	112.729767 	177.721695 	23.021729 	167.107742 	96.208107 	5.656854 	162.609970 	
81.786308 	24.515301 	34.539833 	14.142136 	59.236813 	40.816662 	99.924973 	6.324555 	40.496914 	51.429562 	55.009090 	64.124878 	89.358826 	54.147945 	6.082763 	81.706795 	63.976559 	93.300591 	39.408119 	37.202152 	84.118965 	4.123106 	37.802116 	98.843307 	57.706154 	87.709747 	86.539009 	81.123360 	110.571243 	107.837845 	93.407707 	64.412735 	90.620087 	105.118980 	999.000000 	7.071068 	110.981979 	62.265560 	108.687622 	65.368187 	105.990562 	87.726852 	3.000000 	82.680107 	10.295630 	58.830265 	89.961105 	7.615773 	82.734512 	85.440041 	69.462219 	12.083046 	103.353760 	63.812225 	
75.953934 	30.675724 	41.146080 	11.401754 	52.810986 	47.707443 	106.512909 	7.071068 	47.434166 	54.083271 	50.159744 	59.008472 	84.053551 	49.010204 	12.529964 	75.272835 	57.384666 	86.977005 	46.400433 	44.204071 	90.917542 	4.123106 	44.821869 	105.546196 	50.990196 	94.514549 	80.056229 	87.982956 	117.200684 	114.494545 	86.977005 	57.697487 	84.154617 	111.803398 	7.071068 	999.000000 	117.630775 	55.470715 	115.381973 	58.591808 	112.712021 	81.154175 	5.385165 	89.587944 	17.204651 	51.971146 	83.384651 	2.828427 	76.059189 	92.358002 	62.649822 	18.867962 	110.145355 	56.938564 	
172.626770 	87.235313 	76.485291 	115.762688 	159.154007 	70.576202 	11.401754 	111.825760 	71.168816 	88.238312 	143.544418 	152.069061 	173.510803 	145.000000 	105.118980 	179.011169 	164.924225 	188.095718 	72.732384 	74.946648 	27.658634 	113.595772 	74.632431 	12.369317 	160.601990 	24.331051 	183.934769 	31.400637 	1.000000 	3.162278 	189.509888 	166.643326 	187.416641 	6.082763 	110.981979 	117.630775 	999.000000 	165.601929 	3.162278 	168.220093 	6.082763 	186.131668 	113.718948 	31.064449 	102.883430 	163.217651 	188.223267 	118.595955 	182.877014 	29.000000 	172.429703 	102.181213 	10.440307 	168.002975 	
29.529646 	80.659782 	91.967384 	51.855568 	9.055386 	99.904953 	154.201172 	58.249462 	100.004997 	83.006027 	30.016663 	28.792360 	41.880783 	27.000000 	66.287254 	22.022715 	5.656854 	34.000000 	99.488693 	97.452553 	140.929062 	58.309521 	98.234413 	154.301651 	5.000000 	144.499130 	26.076809 	138.657852 	165.000000 	162.609970 	33.136082 	3.162278 	30.149628 	160.240448 	62.265560 	55.470715 	165.601929 	999.000000 	163.835281 	3.162278 	161.483749 	26.476404 	60.827625 	140.730240 	72.560318 	4.000000 	28.635643 	56.364883 	20.880613 	143.558350 	7.211102 	74.303429 	159.665268 	3.000000 	
171.330093 	85.088188 	74.242844 	113.740936 	157.492859 	68.154236 	10.000000 	109.658562 	68.709534 	87.200920 	142.144287 	150.748138 	172.429703 	143.544418 	102.859123 	177.519012 	163.248276 	186.724396 	70.228203 	72.449982 	25.000000 	111.364265 	72.111023 	9.848858 	158.836395 	21.587032 	182.455475 	28.635643 	3.605551 	2.000000 	188.095718 	164.924225 	185.970428 	3.605551 	108.687622 	115.381973 	3.162278 	163.835281 	999.000000 	166.481232 	3.000000 	184.621231 	111.400177 	28.160255 	100.463921 	161.400131 	186.724396 	116.297035 	181.289825 	26.019224 	170.698563 	99.724625 	7.280110 	166.207703 	
27.459061 	83.546394 	94.847244 	54.817879 	10.198039 	102.825096 	156.818359 	61.294373 	102.941734 	85.088188 	31.064449 	28.861740 	40.000000 	28.160255 	69.339745 	19.104973 	5.099020 	31.016125 	102.449989 	100.424103 	143.683685 	61.400326 	101.212646 	156.974518 	7.810250 	147.248093 	23.021729 	141.449631 	167.609665 	165.239227 	30.066593 	2.000000 	27.073973 	162.889526 	65.368187 	58.591808 	168.220093 	3.162278 	166.481232 	999.000000 	164.149323 	23.345236 	63.953106 	143.544418 	75.663727 	7.071068 	25.495098 	59.506302 	17.720045 	146.372818 	4.242640 	77.414467 	162.373032 	3.605551 	
169.331039 	82.492424 	71.589104 	111.220505 	155.219193 	65.391129 	8.544003 	107.042046 	65.924202 	85.445892 	140.071411 	148.734665 	170.601883 	141.428421 	100.184830 	175.368179 	160.962723 	184.664566 	67.416618 	69.641945 	22.135944 	108.706024 	69.289246 	7.211102 	156.486420 	18.681541 	180.313614 	25.709921 	6.324555 	3.605551 	186.002686 	162.606888 	183.853195 	2.000000 	105.990562 	112.712021 	6.082763 	161.483749 	3.000000 	164.149323 	999.000000 	182.455475 	108.687622 	25.179358 	97.693398 	159.012573 	184.567062 	113.595772 	179.067032 	23.021729 	168.371613 	96.932968 	4.472136 	163.835281 	
19.000000 	104.043259 	115.208504 	76.157730 	28.653097 	123.458496 	174.771286 	83.186539 	123.709335 	99.864906 	43.011627 	35.777088 	29.410883 	41.231056 	91.241440 	7.211102 	23.769728 	9.433981 	123.422043 	121.490738 	162.788208 	83.671982 	122.331520 	175.368179 	30.364452 	166.291916 	3.000000 	160.863297 	185.456192 	183.251190 	7.280110 	23.769728 	4.472136 	181.069046 	87.726852 	81.154175 	186.131668 	26.476404 	184.621231 	23.345236 	182.455475 	999.000000 	86.539009 	163.131851 	97.989792 	30.413813 	2.236068 	82.280006 	6.082763 	165.951797 	20.024984 	99.809822 	181.024857 	26.076809 	
81.215759 	27.459061 	37.336308 	14.866069 	58.189346 	43.416588 	102.693718 	7.810250 	43.046486 	54.129475 	55.036350 	64.007812 	89.140335 	54.009258 	9.055386 	80.653580 	62.769421 	92.347168 	41.880783 	39.661064 	86.769814 	4.472136 	40.224369 	101.552940 	56.364883 	90.354858 	85.440041 	83.725746 	113.318138 	110.571243 	92.358002 	63.071388 	89.537704 	107.837845 	3.000000 	5.385165 	113.718948 	60.827625 	111.400177 	63.953106 	108.687622 	86.539009 	999.000000 	85.234970 	12.041595 	57.306194 	88.769363 	5.000000 	81.437096 	87.982956 	68.000000 	13.601471 	106.004715 	62.265560 	
151.476074 	60.307545 	49.040798 	89.375610 	135.148071 	41.880783 	22.561028 	84.403793 	42.190044 	71.168816 	121.827744 	130.919830 	154.184952 	122.800652 	77.103828 	156.204987 	140.758652 	166.207703 	43.416588 	45.650848 	5.656854 	85.702972 	45.177429 	19.026299 	135.771866 	7.280110 	161.198639 	3.000000 	31.016125 	28.017851 	167.263260 	142.130219 	164.924225 	25.019993 	82.680107 	89.587944 	31.064449 	140.730240 	28.160255 	143.544418 	25.179358 	163.131851 	85.234970 	999.000000 	73.824112 	137.974640 	165.302750 	90.210861 	159.289047 	2.828427 	147.787003 	72.897186 	21.587032 	142.898560 	
91.678787 	19.416489 	27.294687 	23.194826 	69.462219 	32.310989 	92.027168 	15.297058 	31.780497 	52.009613 	64.280632 	73.552704 	98.858482 	63.639610 	8.062258 	91.923882 	74.249580 	103.464973 	30.413813 	28.178005 	75.643906 	14.317822 	28.653097 	90.620087 	68.000000 	79.202271 	96.772926 	72.449982 	102.528046 	99.724625 	103.619499 	74.706093 	100.846420 	96.932968 	10.295630 	17.204651 	102.883430 	72.560318 	100.463921 	75.663727 	97.693398 	97.989792 	12.041595 	73.824112 	999.000000 	69.115845 	100.224747 	16.970562 	93.021500 	76.537575 	79.755875 	2.000000 	94.847244 	74.094536 	
33.105892 	77.781746 	89.095451 	48.836460 	10.295630 	96.938126 	151.822266 	55.000000 	97.000000 	81.596565 	30.413813 	30.413813 	45.276924 	27.294687 	63.007935 	26.019224 	8.944272 	38.000000 	96.426140 	94.366310 	138.293167 	54.918121 	95.131485 	151.818970 	4.123106 	141.873184 	30.066593 	135.948517 	162.631485 	160.206116 	37.121422 	7.071068 	34.132095 	157.800507 	58.830265 	51.971146 	163.217651 	4.000000 	161.400131 	7.071068 	159.012573 	30.413813 	57.306194 	137.974640 	69.115845 	999.000000 	32.557640 	52.773098 	24.738634 	140.801285 	10.770329 	70.830788 	157.114609 	5.000000 	
20.099751 	106.254410 	117.413795 	78.390053 	30.886890 	125.670204 	176.867188 	85.422478 	125.924583 	101.833199 	45.000000 	37.589893 	29.832869 	43.278172 	93.477272 	9.219544 	26.000000 	8.485281 	125.642349 	123.713379 	164.939377 	85.906929 	124.555206 	177.485214 	32.572994 	168.439896 	4.472136 	163.027603 	187.544662 	185.348328 	5.830952 	25.961510 	3.605551 	183.174774 	89.961105 	83.384651 	188.223267 	28.635643 	186.724396 	25.495098 	184.567062 	2.236068 	88.769363 	165.302750 	100.224747 	32.557640 	999.000000 	84.504440 	8.000000 	168.121979 	22.090721 	102.044106 	183.152939 	28.160255 	
77.646637 	32.015621 	42.154476 	14.212670 	54.120235 	48.373547 	107.540688 	9.486833 	48.020828 	56.648037 	52.345009 	61.073727 	86.005814 	51.088158 	13.601471 	76.537575 	58.523499 	88.323273 	46.872166 	44.654228 	91.706055 	6.082763 	45.221676 	106.451866 	52.000000 	95.294281 	81.271149 	88.684837 	118.186295 	115.451286 	88.232651 	58.694122 	85.381500 	112.729767 	7.615773 	2.828427 	118.595955 	56.364883 	116.297035 	59.506302 	113.595772 	82.280006 	5.000000 	90.210861 	16.970562 	52.773098 	84.504440 	999.000000 	77.077881 	92.962357 	63.505905 	18.439089 	110.941429 	57.706154 	
20.880613 	99.809822 	111.040535 	71.561165 	24.207438 	119.201508 	171.493439 	78.390053 	119.402679 	97.416634 	40.706264 	34.481880 	32.649654 	38.587563 	86.452301 	7.280110 	18.867962 	15.231546 	119.037811 	117.068359 	159.113174 	78.714676 	117.889778 	171.944763 	25.079872 	162.640701 	7.211102 	157.079605 	182.222397 	179.961105 	13.341664 	18.384777 	10.440307 	177.721695 	82.734512 	76.059189 	182.877014 	20.880613 	181.289825 	17.720045 	179.067032 	6.082763 	81.437096 	159.289047 	93.021500 	24.738634 	8.000000 	77.077881 	999.000000 	162.114151 	14.142136 	94.810333 	177.519012 	20.223749 	
154.262756 	63.126858 	51.855568 	92.195442 	137.974640 	44.654228 	21.189621 	87.200920 	44.944408 	73.736015 	124.619423 	133.701157 	156.923553 	125.602547 	79.881165 	159.022018 	143.586212 	169.011841 	46.141087 	48.373547 	6.324555 	88.481636 	47.885281 	17.262676 	138.600143 	6.403124 	164.015244 	5.385165 	29.017237 	26.019224 	170.073517 	144.958618 	167.737885 	23.021729 	85.440041 	92.358002 	29.000000 	143.558350 	26.019224 	146.372818 	23.021729 	165.951797 	87.982956 	2.828427 	76.537575 	140.801285 	168.121979 	92.962357 	162.114151 	999.000000 	150.615402 	75.591003 	19.235384 	145.725769 	
26.907248 	87.783829 	99.085823 	59.033890 	13.928389 	107.056061 	161.027954 	65.459915 	107.168091 	89.050545 	34.365681 	31.257000 	39.623226 	31.575306 	73.498299 	16.763054 	8.246211 	28.284271 	106.667709 	104.637466 	147.922272 	65.513359 	105.422958 	161.198639 	12.041595 	151.485977 	20.099751 	145.691452 	171.816757 	169.452057 	27.018513 	5.830952 	24.020824 	167.107742 	69.462219 	62.649822 	172.429703 	7.211102 	170.698563 	4.242640 	168.371613 	20.024984 	68.000000 	147.787003 	79.755875 	10.770329 	22.090721 	63.505905 	14.142136 	150.615402 	999.000000 	81.492332 	166.604324 	6.082763 	
93.621582 	19.924858 	27.073973 	25.179358 	71.309189 	31.622776 	91.394745 	17.262676 	31.016125 	53.263496 	66.272163 	75.538071 	100.841461 	65.620117 	10.049875 	93.776329 	76.059189 	105.342300 	29.546574 	27.313000 	74.846512 	16.155495 	27.730848 	89.888817 	69.771057 	78.390053 	98.615417 	71.589104 	101.843018 	99.020203 	105.475113 	76.478752 	102.693718 	96.208107 	12.083046 	18.867962 	102.181213 	74.303429 	99.724625 	77.414467 	96.932968 	99.809822 	13.601471 	72.897186 	2.000000 	70.830788 	102.044106 	18.439089 	94.810333 	75.591003 	81.492332 	999.000000 	94.021271 	75.802376 	
168.240906 	80.156097 	69.115845 	109.041275 	153.574081 	62.609905 	10.049875 	104.623131 	63.071388 	84.905830 	138.852432 	147.627914 	169.838165 	140.121368 	97.616600 	173.971268 	159.289047 	183.447540 	64.474800 	66.708321 	19.235384 	106.174385 	66.309875 	6.324555 	154.673843 	15.652476 	178.932953 	22.472204 	10.770329 	8.062258 	184.718704 	160.863297 	182.521225 	5.656854 	103.353760 	110.145355 	10.440307 	159.665268 	7.280110 	162.373032 	4.472136 	181.024857 	106.004715 	21.587032 	94.847244 	157.114609 	183.152939 	110.941429 	177.519012 	19.235384 	166.604324 	94.021271 	999.000000 	161.969131 	
31.064449 	82.734512 	94.047859 	53.814495 	12.041595 	101.911728 	156.604599 	60.000000 	101.980392 	85.796272 	33.015148 	31.622776 	43.600460 	30.000000 	68.007355 	22.360680 	8.062258 	34.132095 	101.414986 	99.357941 	143.178207 	59.908264 	100.124924 	156.646103 	7.615773 	146.754898 	26.019224 	140.858078 	167.409683 	165.000000 	33.000000 	5.000000 	30.000000 	162.609970 	63.812225 	56.938564 	168.002975 	3.000000 	166.207703 	3.605551 	163.835281 	26.076809 	62.265560 	142.898560 	74.094536 	5.000000 	28.160255 	57.706154 	20.223749 	145.725769 	6.082763 	75.802376 	161.969131 	999.000000 	

Travel time:
9.000000 	2.359290 	2.627975 	1.717010 	0.637377 	2.840004 	4.034383 	1.910007 	2.850987 	2.123971 	0.742041 	0.515388 	0.318198 	0.726722 	2.105053 	0.340037 	0.604152 	0.403113 	2.851535 	2.807690 	3.765053 	1.941649 	2.830415 	4.059326 	0.766893 	3.850325 	0.400000 	3.725755 	4.297456 	4.246322 	0.459619 	0.660492 	0.436606 	4.195906 	2.044658 	1.898848 	4.315669 	0.738241 	4.283252 	0.686477 	4.233276 	0.475000 	2.030394 	3.786902 	2.291970 	0.827647 	0.502494 	1.941166 	0.522015 	3.856569 	0.672681 	2.340539 	4.206023 	0.776611 	
2.359290 	9.000000 	0.282843 	0.726722 	1.890106 	0.485412 	1.900658 	0.614919 	0.493077 	0.890225 	1.625000 	1.861619 	2.482438 	1.632674 	0.460977 	2.433747 	2.026388 	2.701157 	0.492443 	0.450694 	1.525820 	0.664266 	0.474342 	1.882319 	1.893575 	1.615936 	2.558564 	1.460308 	2.169245 	2.102974 	2.718915 	2.055480 	2.655772 	2.037308 	0.612882 	0.766893 	2.180883 	2.016495 	2.127205 	2.088660 	2.062311 	2.601081 	0.686477 	1.507689 	0.485412 	1.944544 	2.656360 	0.800391 	2.495245 	1.578171 	2.194596 	0.498121 	2.003902 	2.068363 	
2.627975 	0.282843 	9.000000 	1.009022 	2.170829 	0.213600 	1.634778 	0.887764 	0.230489 	0.965660 	1.889610 	2.125000 	2.739069 	1.901480 	0.715891 	2.711665 	2.307867 	2.975945 	0.250000 	0.230489 	1.248249 	0.928036 	0.254951 	1.610318 	2.176149 	1.338376 	2.836591 	1.180042 	1.901480 	1.833712 	2.995413 	2.337734 	2.933108 	1.766529 	0.863496 	1.028652 	1.912132 	2.299185 	1.856071 	2.371181 	1.789728 	2.880213 	0.933408 	1.226020 	0.682367 	2.227386 	2.935345 	1.053862 	2.776013 	1.296389 	2.477146 	0.676849 	1.727896 	2.351197 	
1.717010 	0.726722 	1.009022 	9.000000 	1.187697 	1.202601 	2.611154 	0.200000 	1.204159 	1.122776 	1.027740 	1.258968 	1.891593 	1.011187 	0.388104 	1.744276 	1.317431 	2.025617 	1.190850 	1.140175 	2.250000 	0.261008 	1.160011 	2.600240 	1.175266 	2.340005 	1.867652 	2.186464 	2.881189 	2.817024 	2.034853 	1.340009 	1.967867 	2.753407 	0.353553 	0.285044 	2.894067 	1.296389 	2.843524 	1.370447 	2.780513 	1.903943 	0.371652 	2.234390 	0.579871 	1.220912 	1.959751 	0.355317 	1.789029 	2.304886 	1.475847 	0.629484 	2.726032 	1.345362 	
0.637377 	1.890106 	2.170829 	1.187697 	9.000000 	2.375000 	3.693914 	1.364047 	2.380257 	1.878829 	0.525000 	0.503115 	0.919239 	0.450694 	1.565248 	0.561805 	0.145774 	0.855132 	2.371708 	2.322849 	3.376481 	1.378858 	2.343608 	3.701773 	0.160078 	3.465003 	0.682825 	3.324154 	3.963032 	3.905125 	0.854400 	0.206155 	0.784618 	3.847808 	1.480920 	1.320275 	3.978850 	0.226385 	3.937321 	0.254951 	3.880480 	0.716327 	1.454734 	3.378702 	1.736555 	0.257391 	0.772172 	1.353006 	0.605186 	3.449366 	0.348210 	1.782730 	3.839352 	0.301040 	
2.840004 	0.485412 	0.213600 	1.202601 	2.375000 	9.000000 	1.494365 	1.065950 	0.035355 	1.133854 	2.102380 	2.338001 	2.952647 	2.113350 	0.880696 	2.919118 	2.510602 	3.185612 	0.090139 	0.127475 	1.084551 	1.095730 	0.134629 	1.457738 	2.375395 	1.173936 	3.043949 	1.007782 	1.755705 	1.685416 	3.204001 	2.538331 	3.141059 	1.615549 	1.020416 	1.192686 	1.764405 	2.497624 	1.703856 	2.570627 	1.634778 	3.086462 	1.085415 	1.047020 	0.807775 	2.423453 	3.141755 	1.209339 	2.980038 	1.116356 	2.676402 	0.790569 	1.565248 	2.547793 	
4.034383 	1.900658 	1.634778 	2.611154 	3.693914 	1.494365 	9.000000 	2.515577 	1.511001 	1.930026 	3.305772 	3.520032 	4.060788 	3.341501 	2.350532 	4.191435 	3.838131 	4.419983 	1.552418 	1.607210 	0.450694 	2.561494 	1.600781 	0.125000 	3.730030 	0.382426 	4.314655 	0.552268 	0.270416 	0.212132 	4.454772 	3.881044 	4.402059 	0.167705 	2.498124 	2.662823 	0.285044 	3.855029 	0.250000 	3.920459 	0.213600 	4.369282 	2.567343 	0.564026 	2.300679 	3.795557 	4.421679 	2.688517 	4.287336 	0.529741 	4.025699 	2.284869 	0.251247 	3.915115 	
1.910007 	0.614919 	0.887764 	0.200000 	1.364047 	1.065950 	2.515577 	9.000000 	1.063015 	1.179248 	1.227294 	1.457738 	2.090006 	1.209339 	0.201556 	1.924188 	1.488497 	2.209779 	1.043132 	0.989950 	2.136001 	0.090139 	1.007782 	2.496247 	1.338376 	2.226123 	2.046491 	2.066549 	2.784107 	2.717651 	2.215993 	1.505199 	2.147673 	2.651650 	0.158114 	0.176777 	2.795644 	1.456237 	2.741464 	1.532359 	2.676051 	2.079664 	0.195256 	2.110095 	0.382426 	1.375000 	2.135562 	0.237171 	1.959751 	2.180023 	1.636498 	0.431567 	2.615578 	1.500000 	
2.850987 	0.493077 	0.230489 	1.204159 	2.380257 	0.035355 	1.511001 	1.063015 	9.000000 	1.164313 	2.114533 	2.350532 	2.967006 	2.124264 	0.875000 	2.926175 	2.515079 	3.194233 	0.055902 	0.100000 	1.096586 	1.090011 	0.103078 	1.471819 	2.378287 	1.185591 	3.050922 	1.017657 	1.770946 	1.700184 	3.211795 	2.541776 	3.148412 	1.629801 	1.012423 	1.185854 	1.779220 	2.500125 	1.717738 	2.573543 	1.648105 	3.092733 	1.076162 	1.054751 	0.794512 	2.425000 	3.148115 	1.200521 	2.985067 	1.123610 	2.679202 	0.775403 	1.576785 	2.549510 	
2.123971 	0.890225 	0.965660 	1.122776 	1.878829 	1.133854 	1.930026 	1.179248 	1.164313 	9.000000 	1.421487 	1.616516 	2.131901 	1.470757 	1.166190 	2.316382 	2.023920 	2.519176 	1.202081 	1.193995 	1.723550 	1.267379 	1.217580 	1.969296 	1.954642 	1.800347 	2.435416 	1.708801 	2.186464 	2.140093 	2.561250 	2.081466 	2.515079 	2.095382 	1.285739 	1.352082 	2.205958 	2.075151 	2.180023 	2.127205 	2.136147 	2.496623 	1.353237 	1.779220 	1.300240 	2.039914 	2.545830 	1.416201 	2.435416 	1.843400 	2.226264 	1.331587 	2.122646 	2.144907 	
0.742041 	1.625000 	1.889610 	1.027740 	0.525000 	2.102380 	3.305772 	1.227294 	2.114533 	1.421487 	9.000000 	0.237171 	0.867828 	0.079057 	1.410895 	0.895126 	0.654313 	1.114955 	2.117339 	2.075151 	3.025930 	1.275000 	2.098362 	3.326410 	0.657647 	3.111772 	1.015197 	2.985067 	3.571064 	3.517900 	1.149184 	0.726722 	1.098294 	3.465544 	1.375227 	1.253994 	3.588610 	0.750417 	3.553607 	0.776611 	3.501785 	1.075291 	1.375909 	3.045694 	1.607016 	0.760345 	1.125000 	1.308625 	1.017657 	3.115486 	0.859142 	1.656804 	3.471311 	0.825379 	
0.515388 	1.861619 	2.125000 	1.258968 	0.503115 	2.338001 	3.520032 	1.457738 	2.350532 	1.616516 	0.237171 	9.000000 	0.632949 	0.250000 	1.644118 	0.715891 	0.594243 	0.903120 	2.353853 	2.311926 	3.250000 	1.501874 	2.335193 	3.544185 	0.660492 	3.335135 	0.828025 	3.211406 	3.783682 	3.732040 	0.945053 	0.673146 	0.901388 	3.681202 	1.603122 	1.475212 	3.801727 	0.719809 	3.768703 	0.721543 	3.718367 	0.894427 	1.600195 	3.272996 	1.838818 	0.760345 	0.939747 	1.526843 	0.862047 	3.342529 	0.781425 	1.888452 	3.690698 	0.790569 	
0.318198 	2.482438 	2.739069 	1.891593 	0.919239 	2.952647 	4.060788 	2.090006 	2.967006 	2.131901 	0.867828 	0.632949 	9.000000 	0.880696 	2.277060 	0.638847 	0.908983 	0.575543 	2.973214 	2.933108 	3.821404 	2.132194 	2.956772 	4.095195 	1.062132 	3.904004 	0.664266 	3.790119 	4.318347 	4.271417 	0.651920 	0.970824 	0.661910 	4.225296 	2.233971 	2.101339 	4.337770 	1.047020 	4.310742 	1.000000 	4.265047 	0.735272 	2.228508 	3.854624 	2.471462 	1.131923 	0.745822 	2.150145 	0.816241 	3.923089 	0.990581 	2.521037 	4.245954 	1.090011 	
