Total assets = 810
Number of asset nodes = 40

Distance:
999.000000 	3.000000 	66.400299 	81.565926 	73.006851 	81.055534 	80.000000 	82.377182 	44.598206 	28.635643 	26.076809 	29.000000 	54.451813 	43.011627 	55.326305 	45.000000 	57.558666 	33.136082 	38.275318 	50.990196 	60.671246 	70.604530 	60.406952 	45.793011 	42.379242 	60.299255 	49.406479 	47.707443 	59.135437 	57.008770 	64.629715 	45.880280 	43.462627 	62.201286 	61.032780 	44.721359 	69.720871 	74.732857 	51.971146 	46.518814 	54.918121 	49.396355 	47.853943 	44.011364 	77.103828 	78.089691 	118.004234 	53.851646 	106.066017 	75.425461 	105.588821 	78.917679 	118.460960 	
3.000000 	999.000000 	68.249542 	83.546394 	74.813103 	82.975899 	81.835197 	84.053551 	42.638012 	25.709921 	23.086792 	26.000000 	54.918121 	40.607880 	55.731499 	42.638012 	58.051701 	30.149628 	35.468296 	48.795490 	61.188232 	71.470276 	60.827625 	43.266617 	41.484936 	60.671246 	47.010635 	45.221676 	59.413803 	57.140179 	65.115280 	45.122055 	42.379242 	62.514000 	61.204575 	43.462627 	70.213959 	75.432091 	49.396355 	45.310043 	52.430908 	48.383881 	46.615448 	41.012192 	77.665955 	78.644768 	119.808182 	52.810986 	107.540688 	75.802376 	107.042046 	79.429214 	120.208153 	
66.400299 	68.249542 	999.000000 	15.811388 	6.708204 	14.866069 	13.601471 	16.763054 	110.887329 	90.027771 	83.408630 	87.005745 	33.015148 	108.208130 	34.058773 	110.344917 	32.249031 	92.005432 	100.657837 	116.846054 	31.780497 	25.806976 	33.734257 	110.317726 	55.542778 	34.713108 	114.560028 	112.432205 	36.496574 	39.204590 	32.893768 	53.758720 	58.463665 	36.138622 	38.832977 	61.392181 	34.000000 	31.240999 	116.043098 	61.000000 	119.519875 	58.420887 	61.814240 	98.792709 	35.468296 	36.124783 	51.613953 	60.074955 	41.484936 	38.832977 	41.231056 	37.536648 	52.153618 	
81.565926 	83.546394 	15.811388 	999.000000 	10.440307 	2.236068 	5.385165 	10.630146 	126.150703 	105.759163 	99.201813 	102.800781 	46.690472 	123.745705 	47.518417 	125.865005 	45.276924 	107.800743 	116.387283 	132.276230 	44.045429 	34.525352 	46.043457 	125.936493 	70.519501 	47.042534 	130.115326 	128.035156 	49.091751 	52.239830 	44.045429 	68.410522 	73.375748 	48.000000 	51.009804 	76.243034 	43.566040 	38.600517 	131.711807 	75.690155 	135.148071 	72.780495 	76.400261 	114.586212 	42.379242 	42.720020 	37.121422 	73.979729 	31.064449 	46.840153 	31.144823 	44.011364 	38.078865 	
73.006851 	74.813103 	6.708204 	10.440307 	999.000000 	8.944272 	7.071068 	10.198039 	117.443604 	96.260063 	89.498604 	93.085983 	36.345562 	114.629837 	37.215588 	116.777565 	35.057095 	98.081596 	106.887794 	123.328827 	34.014702 	25.632011 	36.013885 	116.674759 	60.083275 	37.013512 	120.966934 	118.802361 	39.000000 	42.047592 	34.365681 	57.974133 	62.936478 	38.118237 	41.048752 	65.802734 	34.481880 	30.413813 	122.347862 	65.253349 	125.865005 	62.369865 	65.969688 	104.560989 	34.481880 	34.985710 	45.000000 	63.639610 	34.928497 	38.483765 	34.713108 	36.359318 	45.486263 	
81.055534 	82.975899 	14.866069 	2.236068 	8.944272 	999.000000 	3.162278 	8.485281 	125.606529 	104.890419 	98.234413 	101.828285 	44.911022 	123.044708 	45.705578 	125.175873 	43.416588 	106.826965 	115.520561 	131.643463 	42.107006 	32.388271 	44.102154 	125.175873 	68.949257 	45.099888 	129.402466 	127.287079 	47.169907 	50.358715 	42.011902 	66.760765 	71.784401 	46.010868 	49.040798 	74.632431 	41.436699 	36.400551 	130.908371 	74.040527 	134.380051 	71.063354 	74.726166 	113.441612 	40.162170 	40.496914 	37.215588 	72.180328 	30.000000 	44.643028 	30.016663 	41.785164 	38.013157 	
80.000000 	81.835197 	13.601471 	5.385165 	7.071068 	3.162278 	999.000000 	5.830952 	124.470879 	103.324730 	96.540146 	100.124924 	42.201897 	121.696342 	42.953465 	123.842644 	40.607880 	105.118980 	113.951744 	130.384048 	39.204590 	29.274563 	41.194660 	123.745705 	66.483078 	42.190044 	128.035156 	125.872955 	44.283180 	47.518417 	39.000000 	64.195015 	69.289246 	43.046486 	46.097721 	72.111023 	38.327538 	33.241539 	129.417923 	71.470276 	132.936081 	68.410522 	72.124893 	111.503365 	37.000000 	37.336308 	38.013157 	69.426216 	29.154760 	41.484936 	29.068884 	38.626415 	38.587563 	
82.377182 	84.053551 	16.763054 	10.630146 	10.198039 	8.485281 	5.830952 	999.000000 	126.605690 	104.661362 	97.621719 	101.178062 	40.853397 	123.434196 	41.436699 	125.606529 	38.897301 	106.150833 	115.260574 	132.279999 	37.107952 	26.019224 	39.051247 	125.319588 	65.741920 	40.024994 	129.726639 	127.475487 	42.201897 	45.607018 	36.345562 	63.158531 	68.447060 	40.607880 	43.737854 	71.175842 	35.000000 	29.274563 	130.862518 	70.384659 	134.469330 	67.067131 	70.936592 	112.004463 	32.756680 	32.984844 	36.069378 	67.720009 	24.738634 	37.483330 	24.515301 	34.205261 	36.235340 	
44.598206 	42.638012 	110.887329 	126.150703 	117.443604 	125.606529 	124.470879 	126.605690 	999.000000 	27.073973 	35.227829 	33.015148 	94.540993 	9.433981 	95.078911 	8.485281 	97.693398 	30.149628 	20.880613 	8.062258 	100.846420 	112.258629 	100.089958 	12.727922 	74.732857 	99.724625 	10.770329 	12.206555 	98.081596 	95.189285 	104.546638 	78.854294 	74.148499 	101.242287 	99.297531 	73.681747 	109.562767 	115.550858 	16.552946 	75.663727 	16.278820 	79.906197 	76.531036 	36.769554 	117.175079 	118.105888 	162.431519 	83.600243 	149.789856 	114.490173 	149.251465 	118.680244 	162.800491 	
28.635643 	25.709921 	90.027771 	105.759163 	96.260063 	104.890419 	103.324730 	104.661362 	27.073973 	999.000000 	8.246211 	6.082763 	69.462219 	20.248457 	69.835518 	22.472204 	72.560318 	5.830952 	10.630146 	29.732138 	75.663727 	87.664131 	74.706093 	21.095022 	48.083260 	74.242844 	25.942244 	23.323807 	72.449982 	69.354164 	79.177017 	52.201534 	47.296936 	75.584389 	73.409805 	46.690472 	84.077347 	90.426765 	26.248810 	48.662102 	30.000000 	52.952808 	49.497475 	17.464249 	91.678787 	92.574295 	140.730240 	56.568542 	126.657021 	88.639717 	126.035706 	93.037628 	140.801285 	
26.076809 	23.086792 	83.408630 	99.201813 	89.498604 	98.234413 	96.540146 	97.621719 	35.227829 	8.246211 	999.000000 	3.605551 	61.587337 	28.460499 	61.911228 	30.675724 	64.660652 	8.602325 	18.027756 	37.947330 	67.742157 	79.881165 	66.730804 	29.068884 	39.849716 	66.241982 	34.014702 	31.304953 	64.412735 	61.269894 	71.196907 	43.965897 	39.051247 	67.535179 	65.306969 	38.470768 	76.059189 	82.492424 	33.837849 	40.447498 	37.735924 	44.721359 	41.303753 	18.027756 	83.648071 	84.534019 	133.660019 	48.373547 	119.205704 	80.529495 	118.562218 	84.970581 	133.645050 	
29.000000 	26.000000 	87.005745 	102.800781 	93.085983 	101.828285 	100.124924 	101.178062 	33.015148 	6.082763 	3.605551 	999.000000 	64.899925 	25.709921 	65.192024 	27.892651 	67.955872 	5.000000 	14.764823 	35.171009 	71.021126 	83.234612 	69.971420 	26.000000 	42.720020 	69.462219 	31.016125 	28.231188 	67.601776 	64.412735 	74.431175 	46.818798 	41.761227 	70.710678 	68.425140 	41.000000 	79.259071 	85.755463 	30.528675 	42.953465 	34.481880 	47.296936 	43.737854 	15.033297 	86.833176 	87.709747 	137.207870 	50.803543 	122.674362 	83.630135 	122.024590 	88.119240 	137.178711 	
54.451813 	54.918121 	33.015148 	46.690472 	36.345562 	44.911022 	42.201897 	40.853397 	94.540993 	69.462219 	61.587337 	64.899925 	999.000000 	89.470665 	1.414214 	91.706055 	3.162278 	69.634758 	79.611557 	98.838249 	6.324555 	18.439089 	6.000000 	90.553848 	25.238859 	6.082763 	95.383438 	92.784698 	5.830952 	6.708204 	10.198039 	22.360680 	27.784887 	8.246211 	8.602325 	30.413813 	15.297058 	21.023796 	95.414886 	29.546574 	99.322708 	26.248810 	30.083218 	73.552704 	22.803509 	23.769728 	75.166481 	27.294687 	58.796257 	21.023796 	58.051701 	24.515301 	74.632431 	
43.011627 	40.607880 	108.208130 	123.745705 	114.629837 	123.044708 	121.696342 	123.434196 	9.433981 	20.248457 	28.460499 	25.709921 	89.470665 	999.000000 	89.894379 	2.236068 	92.590500 	22.090721 	12.041595 	9.486833 	95.713112 	107.540688 	94.810333 	4.123106 	68.308128 	94.371605 	6.403124 	5.099020 	92.612091 	89.554451 	99.282425 	72.422371 	67.446274 	95.754898 	93.621582 	66.708321 	104.216118 	110.476242 	10.049875 	68.658577 	12.083046 	73.006851 	69.426216 	27.513634 	111.825760 	112.729767 	159.452194 	76.485291 	146.013702 	108.853111 	145.426956 	113.216606 	159.665268 	
55.326305 	55.731499 	34.058773 	47.518417 	37.215588 	45.705578 	42.953465 	41.436699 	95.078911 	69.835518 	61.911228 	65.192024 	1.414214 	89.894379 	999.000000 	92.130341 	2.828427 	69.892776 	79.924965 	99.282425 	5.830952 	18.384777 	5.099020 	90.917542 	25.000000 	5.000000 	95.770561 	93.150414 	4.472136 	5.385165 	9.486833 	21.954498 	27.459061 	7.071068 	7.211102 	30.016663 	14.560220 	20.591261 	95.718338 	29.068884 	99.644371 	25.632011 	29.546574 	73.593475 	22.135944 	23.086792 	75.471848 	26.476404 	58.898216 	20.099751 	58.137768 	23.769728 	74.886581 	
45.000000 	42.638012 	110.344917 	125.865005 	116.777565 	125.175873 	123.842644 	125.606529 	8.485281 	22.472204 	30.675724 	27.892651 	91.706055 	2.236068 	92.130341 	999.000000 	94.826157 	24.186773 	14.000000 	7.280110 	97.948967 	109.772491 	97.046379 	4.242640 	70.519501 	96.607452 	4.472136 	4.123106 	94.847244 	91.787796 	101.518471 	74.632431 	69.641945 	97.989792 	95.854057 	68.883957 	106.451866 	112.712021 	9.055386 	70.830788 	10.440307 	75.186432 	71.589104 	29.120440 	114.061386 	114.965210 	161.616837 	78.644768 	148.219437 	111.085556 	147.634689 	115.451286 	161.839432 	
57.558666 	58.051701 	32.249031 	45.276924 	35.057095 	43.416588 	40.607880 	38.897301 	97.693398 	72.560318 	64.660652 	67.955872 	3.162278 	92.590500 	2.828427 	94.826157 	999.000000 	72.670486 	82.680107 	101.965683 	3.162278 	15.556349 	3.162278 	93.648277 	27.802877 	3.605551 	98.488579 	95.880135 	4.472136 	7.000000 	7.071068 	24.698177 	30.232433 	5.830952 	7.211102 	32.756680 	12.165525 	17.888544 	98.478424 	31.764761 	102.396286 	28.231188 	32.202484 	76.419891 	19.646883 	20.615528 	72.718636 	28.861740 	56.080299 	18.000000 	55.317268 	21.377558 	72.111023 	
33.136082 	30.149628 	92.005432 	107.800743 	98.081596 	106.826965 	105.118980 	106.150833 	30.149628 	5.830952 	8.602325 	5.000000 	69.634758 	22.090721 	69.892776 	24.186773 	72.670486 	999.000000 	10.440307 	31.400637 	75.716576 	88.005684 	74.625732 	21.840330 	47.010635 	74.094536 	26.925823 	24.041630 	72.201111 	68.963760 	79.075912 	51.078373 	45.880280 	75.292763 	72.945183 	44.922153 	83.862984 	90.426765 	25.942244 	46.840153 	29.966648 	51.244511 	47.539455 	11.704700 	91.416626 	92.282173 	142.172424 	54.571056 	127.561752 	88.119240 	126.905479 	92.660675 	142.130219 	
38.275318 	35.468296 	100.657837 	116.387283 	106.887794 	115.520561 	113.951744 	115.260574 	20.880613 	10.630146 	18.027756 	14.764823 	79.611557 	12.041595 	79.924965 	14.000000 	82.680107 	10.440307 	999.000000 	21.095022 	85.755463 	97.908119 	84.723076 	11.401754 	57.384666 	84.219948 	16.492422 	13.601471 	82.365044 	79.177017 	89.185204 	61.465439 	56.302753 	85.475143 	83.186539 	55.362442 	94.021271 	100.498756 	15.811388 	57.280014 	19.723083 	61.684681 	57.974133 	16.124516 	101.597244 	102.474388 	151.327454 	65.000000 	137.131317 	98.386993 	136.499084 	102.883430 	151.380310 	
50.990196 	48.795490 	116.846054 	132.276230 	123.328827 	131.643463 	130.384048 	132.279999 	8.062258 	29.732138 	37.947330 	35.171009 	98.838249 	9.486833 	99.282425 	7.280110 	101.965683 	31.400637 	21.095022 	999.000000 	105.095192 	116.846054 	104.216118 	10.049875 	77.794601 	103.788246 	5.385165 	8.246211 	102.044106 	99.005051 	108.687622 	81.908485 	76.922035 	105.190300 	103.077644 	76.157730 	113.635384 	119.854080 	10.630146 	78.102493 	8.944272 	82.462112 	78.854294 	35.510563 	121.247681 	122.155640 	168.240906 	85.906929 	155.080627 	118.308914 	154.508896 	122.653984 	168.514099 	
60.671246 	61.188232 	31.780497 	44.045429 	34.014702 	42.107006 	39.204590 	37.107952 	100.846420 	75.663727 	67.742157 	71.021126 	6.324555 	95.713112 	5.830952 	97.948967 	3.162278 	75.716576 	85.755463 	105.095192 	999.000000 	12.806249 	2.000000 	96.747093 	30.479502 	3.000000 	101.597244 	98.979797 	5.099020 	8.544003 	4.000000 	27.202942 	32.802441 	4.472136 	7.071068 	35.227829 	9.055386 	14.764823 	101.548019 	34.132095 	105.475113 	30.413813 	34.481880 	79.309517 	16.492422 	17.464249 	70.327805 	30.675724 	53.413483 	15.033297 	52.630791 	18.248287 	69.641945 	
70.604530 	71.470276 	25.806976 	34.525352 	25.632011 	32.388271 	29.274563 	26.019224 	112.258629 	87.664131 	79.881165 	83.234612 	18.439089 	107.540688 	18.384777 	109.772491 	15.556349 	88.005684 	97.908119 	116.846054 	12.806249 	999.000000 	14.422205 	108.756607 	43.278172 	15.264338 	113.534134 	110.981979 	17.492855 	21.095022 	10.770329 	40.000000 	45.607018 	15.231546 	18.384777 	48.010414 	9.055386 	5.830952 	113.718948 	46.872166 	117.596771 	43.046486 	47.169907 	91.967384 	10.000000 	10.816654 	57.706154 	42.953465 	40.607880 	13.038404 	39.824615 	12.206555 	56.938564 	
60.406952 	60.827625 	33.734257 	46.043457 	36.013885 	44.102154 	41.194660 	39.051247 	100.089958 	74.706093 	66.730804 	69.971420 	6.000000 	94.810333 	5.099020 	97.046379 	3.162278 	74.625732 	84.723076 	104.216118 	2.000000 	14.422205 	999.000000 	95.770561 	29.000000 	1.000000 	100.647903 	98.005104 	3.162278 	6.708204 	4.472136 	25.612497 	31.240999 	2.828427 	5.099020 	33.600594 	9.486833 	15.811388 	100.498756 	32.449963 	104.446159 	28.653097 	32.756680 	77.987175 	17.088007 	18.027756 	72.069412 	28.792360 	55.000000 	15.033297 	54.203320 	18.681541 	71.344238 	
45.793011 	43.266617 	110.317726 	125.936493 	116.674759 	125.175873 	123.745705 	125.319588 	12.727922 	21.095022 	29.068884 	26.000000 	90.553848 	4.123106 	90.917542 	4.242640 	93.648277 	21.840330 	11.401754 	10.049875 	96.747093 	108.756607 	95.770561 	999.000000 	68.709534 	95.294281 	5.099020 	2.236068 	93.477272 	90.338257 	100.239716 	72.801102 	67.675697 	96.602280 	94.371605 	66.760765 	105.118980 	111.507851 	6.324555 	68.680420 	9.219544 	73.082146 	69.375786 	25.495098 	112.712021 	113.600174 	161.375336 	76.400261 	147.610977 	109.590149 	147.003403 	114.039467 	161.523987 	
42.379242 	41.484936 	55.542778 	70.519501 	60.083275 	68.949257 	66.483078 	65.741920 	74.732857 	48.083260 	39.849716 	42.720020 	25.238859 	68.308128 	25.000000 	70.519501 	27.802877 	47.010635 	57.384666 	77.794601 	30.479502 	43.278172 	29.000000 	68.709534 	999.000000 	28.284271 	73.736015 	70.936592 	26.172504 	22.671568 	33.241539 	4.123106 	3.000000 	29.068884 	26.400757 	6.000000 	37.643059 	44.598206 	72.917763 	6.324555 	76.967529 	7.211102 	7.615773 	49.203659 	45.000000 	45.803928 	100.404182 	11.661903 	83.868942 	41.340054 	83.096329 	46.043457 	99.864906 	
60.299255 	60.671246 	34.713108 	47.042534 	37.013512 	45.099888 	42.190044 	40.024994 	99.724625 	74.242844 	66.241982 	69.462219 	6.082763 	94.371605 	5.000000 	96.607452 	3.605551 	74.094536 	84.219948 	103.788246 	3.000000 	15.264338 	1.000000 	95.294281 	28.284271 	999.000000 	100.184830 	97.529480 	2.236068 	5.830952 	5.000000 	24.839485 	30.479502 	2.236068 	4.123106 	32.802441 	9.848858 	16.401220 	99.985001 	31.622776 	103.942291 	27.784887 	31.906113 	77.336922 	17.464249 	18.384777 	72.945183 	27.856777 	55.803226 	15.132746 	55.000000 	18.973665 	72.201111 	
49.406479 	47.010635 	114.560028 	130.115326 	120.966934 	129.402466 	128.035156 	129.726639 	10.770329 	25.942244 	34.014702 	31.016125 	95.383438 	6.403124 	95.770561 	4.472136 	98.488579 	26.925823 	16.492422 	5.385165 	101.597244 	113.534134 	100.647903 	5.099020 	73.736015 	100.184830 	999.000000 	3.000000 	98.386993 	95.273293 	105.118980 	77.833153 	72.732384 	101.518471 	99.317673 	71.840103 	110.018181 	116.361504 	5.830952 	73.763138 	6.082763 	78.160095 	74.464760 	30.265491 	117.618027 	118.511604 	165.758865 	81.492332 	152.200531 	114.542572 	151.604752 	118.966385 	165.951797 	
47.707443 	45.221676 	112.432205 	128.035156 	118.802361 	127.287079 	125.872955 	127.475487 	12.206555 	23.323807 	31.304953 	28.231188 	92.784698 	5.099020 	93.150414 	4.123106 	95.880135 	24.041630 	13.601471 	8.246211 	98.979797 	110.981979 	98.005104 	2.236068 	70.936592 	97.529480 	3.000000 	999.000000 	95.713112 	92.574295 	102.474388 	75.026665 	69.892776 	98.838249 	96.607452 	68.963760 	107.354553 	113.740936 	5.000000 	70.880180 	7.211102 	75.286118 	71.568146 	27.294687 	114.947815 	115.836090 	163.526749 	78.587532 	149.806549 	111.825760 	149.201202 	116.275536 	163.685669 	
59.135437 	59.413803 	36.496574 	49.091751 	39.000000 	47.169907 	44.283180 	42.201897 	98.081596 	72.449982 	64.412735 	67.601776 	5.830952 	92.612091 	4.472136 	94.847244 	4.472136 	72.201111 	82.365044 	102.044106 	5.099020 	17.492855 	3.162278 	93.477272 	26.172504 	2.236068 	98.386993 	95.713112 	999.000000 	3.605551 	7.071068 	22.671568 	28.319605 	3.162278 	2.828427 	30.610456 	11.661903 	18.439089 	98.112183 	29.410883 	102.083298 	25.553865 	29.681644 	75.286118 	19.235384 	20.124611 	75.179787 	25.632011 	58.008621 	16.492422 	57.201397 	20.615528 	74.431175 	
57.008770 	57.140179 	39.204590 	52.239830 	42.047592 	50.358715 	47.518417 	45.607018 	95.189285 	69.354164 	61.269894 	64.412735 	6.708204 	89.554451 	5.385165 	91.787796 	7.000000 	68.963760 	79.177017 	99.005051 	8.544003 	21.095022 	6.708204 	90.338257 	22.671568 	5.830952 	95.273293 	92.574295 	3.605551 	999.000000 	10.630146 	19.104973 	24.758837 	6.403124 	4.123106 	27.018513 	15.000000 	21.931713 	94.894676 	25.806976 	98.883774 	21.954498 	26.076809 	71.840103 	22.472204 	23.323807 	78.771820 	22.135944 	61.611687 	19.313208 	60.802959 	23.706539 	78.032043 	
64.629715 	65.115280 	32.893768 	44.045429 	34.365681 	42.011902 	39.000000 	36.345562 	104.546638 	79.177017 	71.196907 	74.431175 	10.198039 	99.282425 	9.486833 	101.518471 	7.071068 	79.075912 	89.185204 	108.687622 	4.000000 	10.770329 	4.472136 	100.239716 	33.241539 	5.000000 	105.118980 	102.474388 	7.071068 	10.630146 	999.000000 	29.732138 	35.383614 	4.472136 	7.615773 	37.643059 	5.099020 	11.401754 	104.957130 	36.400551 	108.908218 	32.449963 	36.619667 	82.328613 	12.649111 	13.601471 	68.425140 	32.202484 	51.039200 	11.045361 	50.219517 	14.317822 	67.601776 	
45.880280 	45.122055 	53.758720 	68.410522 	57.974133 	66.760765 	64.195015 	63.158531 	78.854294 	52.201534 	43.965897 	46.818798 	22.360680 	72.422371 	21.954498 	74.632431 	24.698177 	51.078373 	61.465439 	81.908485 	27.202942 	40.000000 	25.612497 	72.801102 	4.123106 	24.839485 	77.833153 	75.026665 	22.671568 	19.104973 	29.732138 	999.000000 	5.656854 	25.455845 	22.671568 	8.062258 	33.970577 	41.012192 	76.967529 	7.280110 	81.024689 	5.385165 	8.062258 	53.009434 	41.231056 	42.011902 	97.416634 	9.219544 	80.603973 	37.443291 	79.812279 	42.201897 	96.798759 	
43.462627 	42.379242 	58.463665 	73.375748 	62.936478 	71.784401 	69.289246 	68.447060 	74.148499 	47.296936 	39.051247 	41.761227 	27.784887 	67.446274 	27.459061 	69.641945 	30.232433 	45.880280 	56.302753 	76.922035 	32.802441 	45.607018 	31.240999 	67.675697 	3.000000 	30.479502 	72.732384 	69.892776 	28.319605 	24.758837 	35.383614 	5.656854 	999.000000 	31.112698 	28.319605 	3.000000 	39.623226 	46.669048 	71.693794 	3.605551 	75.769386 	6.082763 	5.000000 	47.434166 	46.861500 	47.634022 	102.927162 	10.440307 	86.214851 	43.011627 	85.428329 	47.801674 	102.342560 	
62.201286 	62.514000 	36.138622 	48.000000 	38.118237 	46.010868 	43.046486 	40.607880 	101.242287 	75.584389 	67.535179 	70.710678 	8.246211 	95.754898 	7.071068 	97.989792 	5.830952 	75.292763 	85.475143 	105.190300 	4.472136 	15.231546 	2.828427 	96.602280 	29.068884 	2.236068 	101.518471 	98.838249 	3.162278 	6.403124 	4.472136 	25.455845 	31.112698 	999.000000 	3.162278 	33.301651 	8.602325 	15.556349 	101.212646 	32.015621 	105.190300 	28.017851 	32.202484 	78.243210 	16.124516 	17.000000 	72.897186 	27.730848 	55.470715 	13.341664 	54.644306 	17.464249 	72.069412 	
61.032780 	61.204575 	38.832977 	51.009804 	41.048752 	49.040798 	46.097721 	43.737854 	99.297531 	73.409805 	65.306969 	68.425140 	8.602325 	93.621582 	7.211102 	95.854057 	7.211102 	72.945183 	83.186539 	103.077644 	7.071068 	18.384777 	5.099020 	94.371605 	26.400757 	4.123106 	99.317673 	96.607452 	2.828427 	4.123106 	7.615773 	22.671568 	28.319605 	3.162278 	999.000000 	30.413813 	11.313708 	18.439089 	98.883774 	29.068884 	102.883430 	25.000000 	29.206163 	75.604233 	18.601076 	19.416489 	76.026314 	24.596748 	58.523499 	15.231546 	57.688820 	19.723083 	75.179787 	
44.721359 	43.462627 	61.392181 	76.243034 	65.802734 	74.632431 	72.111023 	71.175842 	73.681747 	46.690472 	38.470768 	41.000000 	30.413813 	66.708321 	30.016663 	68.883957 	32.756680 	44.922153 	55.362442 	76.157730 	35.227829 	48.010414 	33.600594 	66.760765 	6.000000 	32.802441 	71.840103 	68.963760 	30.610456 	27.018513 	37.643059 	8.062258 	3.000000 	33.301651 	30.413813 	999.000000 	41.725292 	48.836460 	70.576202 	2.000000 	74.672615 	6.324555 	3.162278 	45.793011 	48.836460 	49.578220 	105.475113 	10.000000 	88.600227 	44.821869 	87.800911 	49.678970 	104.847511 	
69.720871 	70.213959 	34.000000 	43.566040 	34.481880 	41.436699 	38.327538 	35.000000 	109.562767 	84.077347 	76.059189 	79.259071 	15.297058 	104.216118 	14.560220 	106.451866 	12.165525 	83.862984 	94.021271 	113.635384 	9.055386 	9.055386 	9.486833 	105.118980 	37.643059 	9.848858 	110.018181 	107.354553 	11.661903 	15.000000 	5.099020 	33.970577 	39.623226 	8.602325 	11.313708 	41.725292 	999.000000 	7.211102 	109.772491 	40.360870 	113.740936 	36.235340 	40.459858 	86.833176 	7.615773 	8.544003 	65.391129 	35.510563 	47.507893 	6.324555 	46.647614 	9.219544 	64.404968 	
74.732857 	75.432091 	31.240999 	38.600517 	30.413813 	36.400551 	33.241539 	29.274563 	115.550858 	90.426765 	82.492424 	85.755463 	21.023796 	110.476242 	20.591261 	112.712021 	17.888544 	90.426765 	100.498756 	119.854080 	14.764823 	5.830952 	15.811388 	111.507851 	44.598206 	16.401220 	116.361504 	113.740936 	18.439089 	21.931713 	11.401754 	41.012192 	46.669048 	15.556349 	18.439089 	48.836460 	7.211102 	999.000000 	116.284134 	47.507893 	120.220627 	43.416588 	47.634022 	93.723000 	4.242640 	5.000000 	58.309521 	42.720020 	40.311287 	8.246211 	39.446167 	6.403124 	57.271286 	
51.971146 	49.396355 	116.043098 	131.711807 	122.347862 	130.908371 	129.417923 	130.862518 	16.552946 	26.248810 	33.837849 	30.528675 	95.414886 	10.049875 	95.718338 	9.055386 	98.478424 	25.942244 	15.811388 	10.630146 	101.548019 	113.718948 	100.498756 	6.324555 	72.917763 	99.985001 	5.830952 	5.000000 	98.112183 	94.894676 	104.957130 	76.967529 	71.693794 	101.212646 	98.883774 	70.576202 	109.772491 	116.284134 	999.000000 	72.449982 	4.123106 	76.896034 	73.054771 	27.018513 	117.337120 	118.207443 	166.931122 	80.006248 	152.895386 	114.061386 	152.269501 	118.595955 	167.026947 	
46.518814 	45.310043 	61.000000 	75.690155 	65.253349 	74.040527 	71.470276 	70.384659 	75.663727 	48.662102 	40.447498 	42.953465 	29.546574 	68.658577 	29.068884 	70.830788 	31.764761 	46.840153 	57.280014 	78.102493 	34.132095 	46.872166 	32.449963 	68.680420 	6.324555 	31.622776 	73.763138 	70.880180 	29.410883 	25.806976 	36.400551 	7.280110 	3.605551 	32.015621 	29.068884 	2.000000 	40.360870 	47.507893 	72.449982 	999.000000 	76.550636 	4.472136 	1.414214 	47.507893 	47.381432 	48.104053 	104.446159 	8.000000 	87.418533 	43.278172 	86.608315 	48.166378 	103.773796 	
54.918121 	52.430908 	119.519875 	135.148071 	125.865005 	134.380051 	132.936081 	134.469330 	16.278820 	30.000000 	37.735924 	34.481880 	99.322708 	12.083046 	99.644371 	10.440307 	102.396286 	29.966648 	19.723083 	8.944272 	105.475113 	117.596771 	104.446159 	9.219544 	76.967529 	103.942291 	6.082763 	7.211102 	102.083298 	98.883774 	108.908218 	81.024689 	75.769386 	105.190300 	102.883430 	74.672615 	113.740936 	120.220627 	4.123106 	76.550636 	999.000000 	80.993828 	77.162170 	31.064449 	121.313644 	122.188377 	170.531525 	84.118965 	156.646103 	118.072014 	156.028839 	122.588745 	170.660477 	
49.396355 	48.383881 	58.420887 	72.780495 	62.369865 	71.063354 	68.410522 	67.067131 	79.906197 	52.952808 	44.721359 	47.296936 	26.248810 	73.006851 	25.632011 	75.186432 	28.231188 	51.244511 	61.684681 	82.462112 	30.413813 	43.046486 	28.653097 	73.082146 	7.211102 	27.784887 	78.160095 	75.286118 	25.553865 	21.954498 	32.449963 	5.385165 	6.082763 	28.017851 	25.000000 	6.324555 	36.235340 	43.416588 	76.896034 	4.472136 	80.993828 	999.000000 	4.242640 	51.971146 	43.139309 	43.840622 	100.722389 	4.472136 	83.486526 	38.948685 	82.661964 	43.863426 	99.985001 	
47.853943 	46.615448 	61.814240 	76.400261 	65.969688 	74.726166 	72.124893 	70.936592 	76.531036 	49.497475 	41.303753 	43.737854 	30.083218 	69.426216 	29.546574 	71.589104 	32.202484 	47.539455 	57.974133 	78.854294 	34.481880 	47.169907 	32.756680 	69.375786 	7.615773 	31.906113 	74.464760 	71.568146 	29.681644 	26.076809 	36.619667 	8.062258 	5.000000 	32.202484 	29.206163 	3.162278 	40.459858 	47.634022 	73.054771 	1.414214 	77.162170 	4.242640 	999.000000 	47.885281 	47.381432 	48.083260 	104.809349 	7.071068 	87.658424 	43.185646 	86.838928 	48.104053 	104.100914 	
44.011364 	41.012192 	98.792709 	114.586212 	104.560989 	113.441612 	111.503365 	112.004463 	36.769554 	17.464249 	18.027756 	15.033297 	73.552704 	27.513634 	73.593475 	29.120440 	76.419891 	11.704700 	16.124516 	35.510563 	79.309517 	91.967384 	77.987175 	25.495098 	49.203659 	77.336922 	30.265491 	27.294687 	75.286118 	71.840103 	82.328613 	53.009434 	47.434166 	78.243210 	75.604233 	45.793011 	86.833176 	93.723000 	27.018513 	47.507893 	31.064449 	51.971146 	47.885281 	999.000000 	94.201912 	95.000000 	147.756561 	54.561890 	132.245987 	90.443352 	131.529465 	95.210297 	147.512711 	
77.103828 	77.665955 	35.468296 	42.379242 	34.481880 	40.162170 	37.000000 	32.756680 	117.175079 	91.678787 	83.648071 	86.833176 	22.803509 	111.825760 	22.135944 	114.061386 	19.646883 	91.416626 	101.597244 	121.247681 	16.492422 	10.000000 	17.088007 	112.712021 	45.000000 	17.464249 	117.618027 	114.947815 	19.235384 	22.472204 	12.649111 	41.231056 	46.861500 	16.124516 	18.601076 	48.836460 	7.615773 	4.242640 	117.337120 	47.381432 	121.313644 	43.139309 	47.381432 	94.201912 	999.000000 	1.000000 	60.083275 	42.011902 	41.629318 	5.099020 	40.718548 	2.236068 	58.872746 	
78.089691 	78.644768 	36.124783 	42.720020 	34.985710 	40.496914 	37.336308 	32.984844 	118.105888 	92.574295 	84.534019 	87.709747 	23.769728 	112.729767 	23.086792 	114.965210 	20.615528 	92.282173 	102.474388 	122.155640 	17.464249 	10.816654 	18.027756 	113.600174 	45.803928 	18.384777 	118.511604 	115.836090 	20.124611 	23.323807 	13.601471 	42.011902 	47.634022 	17.000000 	19.416489 	49.578220 	8.544003 	5.000000 	118.207443 	48.104053 	122.188377 	43.840622 	48.083260 	95.000000 	1.000000 	999.000000 	59.774578 	42.638012 	41.231056 	5.385165 	40.311287 	1.414214 	58.523499 	
118.004234 	119.808182 	51.613953 	37.121422 	45.000000 	37.215588 	38.013157 	36.069378 	162.431519 	140.730240 	133.660019 	137.207870 	75.166481 	159.452194 	75.471848 	161.616837 	72.718636 	142.172424 	151.327454 	168.240906 	70.327805 	57.706154 	72.069412 	161.375336 	100.404182 	72.945183 	165.758865 	163.526749 	75.179787 	78.771820 	68.425140 	97.416634 	102.927162 	72.897186 	76.026314 	105.475113 	65.391129 	58.309521 	166.931122 	104.446159 	170.531525 	100.722389 	104.809349 	147.756561 	60.083275 	59.774578 	999.000000 	100.623062 	19.104973 	65.145988 	20.099751 	60.440052 	2.828427 	
53.851646 	52.810986 	60.074955 	73.979729 	63.639610 	72.180328 	69.426216 	67.720009 	83.600243 	56.568542 	48.373547 	50.803543 	27.294687 	76.485291 	26.476404 	78.644768 	28.861740 	54.571056 	65.000000 	85.906929 	30.675724 	42.953465 	28.792360 	76.400261 	11.661903 	27.856777 	81.492332 	78.587532 	25.632011 	22.135944 	32.202484 	9.219544 	10.440307 	27.730848 	24.596748 	10.000000 	35.510563 	42.720020 	80.006248 	8.000000 	84.118965 	4.472136 	7.071068 	54.561890 	42.011902 	42.638012 	100.623062 	999.000000 	83.006027 	37.536648 	82.152298 	42.520584 	99.764725 	
106.066017 	107.540688 	41.484936 	31.064449 	34.928497 	30.000000 	29.154760 	24.738634 	149.789856 	126.657021 	119.205704 	122.674362 	58.796257 	146.013702 	58.898216 	148.219437 	56.080299 	127.561752 	137.131317 	155.080627 	53.413483 	40.607880 	55.000000 	147.610977 	83.868942 	55.803226 	152.200531 	149.806549 	58.008621 	61.611687 	51.039200 	80.603973 	86.214851 	55.470715 	58.523499 	88.600227 	47.507893 	40.311287 	152.895386 	87.418533 	156.646103 	83.486526 	87.658424 	132.245987 	41.629318 	41.231056 	19.104973 	83.006027 	999.000000 	46.615448 	1.000000 	41.785164 	17.464249 	
75.425461 	75.802376 	38.832977 	46.840153 	38.483765 	44.643028 	41.484936 	37.483330 	114.490173 	88.639717 	80.529495 	83.630135 	21.023796 	108.853111 	20.099751 	111.085556 	18.000000 	88.119240 	98.386993 	118.308914 	15.033297 	13.038404 	15.033297 	109.590149 	41.340054 	15.132746 	114.542572 	111.825760 	16.492422 	19.313208 	11.045361 	37.443291 	43.011627 	13.341664 	15.231546 	44.821869 	6.324555 	8.246211 	114.061386 	43.278172 	118.072014 	38.948685 	43.185646 	90.443352 	5.099020 	5.385165 	65.145988 	37.536648 	46.615448 	999.000000 	45.694637 	5.000000 	63.906181 	
105.588821 	107.042046 	41.231056 	31.144823 	34.713108 	30.016663 	29.068884 	24.515301 	149.251465 	126.035706 	118.562218 	122.024590 	58.051701 	145.426956 	58.137768 	147.634689 	55.317268 	126.905479 	136.499084 	154.508896 	52.630791 	39.824615 	54.203320 	147.003403 	83.096329 	55.000000 	151.604752 	149.201202 	57.201397 	60.802959 	50.219517 	79.812279 	85.428329 	54.644306 	57.688820 	87.800911 	46.647614 	39.446167 	152.269501 	86.608315 	156.028839 	82.661964 	86.838928 	131.529465 	40.718548 	40.311287 	20.099751 	82.152298 	1.000000 	45.694637 	999.000000 	40.853397 	18.439089 	
78.917679 	79.429214 	37.536648 	44.011364 	36.359318 	41.785164 	38.626415 	34.205261 	118.680244 	93.037628 	84.970581 	88.119240 	24.515301 	113.216606 	23.769728 	115.451286 	21.377558 	92.660675 	102.883430 	122.653984 	18.248287 	12.206555 	18.681541 	114.039467 	46.043457 	18.973665 	118.966385 	116.275536 	20.615528 	23.706539 	14.317822 	42.201897 	47.801674 	17.464249 	19.723083 	49.678970 	9.219544 	6.403124 	118.595955 	48.166378 	122.588745 	43.863426 	48.104053 	95.210297 	2.236068 	1.414214 	60.440052 	42.520584 	41.785164 	5.000000 	40.853397 	999.000000 	59.135437 	
118.460960 	120.208153 	52.153618 	38.078865 	45.486263 	38.013157 	38.587563 	36.235340 	162.800491 	140.801285 	133.645050 	137.178711 	74.632431 	159.665268 	74.886581 	161.839432 	72.111023 	142.130219 	151.380310 	168.514099 	69.641945 	56.938564 	71.344238 	161.523987 	99.864906 	72.201111 	165.951797 	163.685669 	74.431175 	78.032043 	67.601776 	96.798759 	102.342560 	72.069412 	75.179787 	104.847511 	64.404968 	57.271286 	167.026947 	103.773796 	170.660477 	99.985001 	104.100914 	147.512711 	58.872746 	58.523499 	2.828427 	99.764725 	17.464249 	63.906181 	18.439089 	59.135437 	999.000000 	

Travel time:
9.000000 	0.075000 	1.660007 	2.039148 	1.825171 	2.026388 	2.000000 	2.059430 	1.114955 	0.715891 	0.651920 	0.725000 	1.361295 	1.075291 	1.383158 	1.125000 	1.438967 	0.828402 	0.956883 	1.274755 	1.516781 	1.765113 	1.510174 	1.144825 	1.059481 	1.507481 	1.235162 	1.192686 	1.478386 	1.425219 	1.615743 	1.147007 	1.086566 	1.555032 	1.525820 	1.118034 	1.743022 	1.868321 	1.299279 	1.162970 	1.372953 	1.234909 	1.196349 	1.100284 	1.927596 	1.952242 	2.950106 	1.346291 	2.651650 	1.885637 	2.639720 	1.972942 	2.961524 	
0.075000 	9.000000 	1.706239 	2.088660 	1.870328 	2.074398 	2.045880 	2.101339 	1.065950 	0.642748 	0.577170 	0.650000 	1.372953 	1.015197 	1.393287 	1.065950 	1.451293 	0.753741 	0.886707 	1.219887 	1.529706 	1.786757 	1.520691 	1.081665 	1.037123 	1.516781 	1.175266 	1.130542 	1.485345 	1.428504 	1.627882 	1.128051 	1.059481 	1.562850 	1.530114 	1.086566 	1.755349 	1.885802 	1.234909 	1.132751 	1.310773 	1.209597 	1.165386 	1.025305 	1.941649 	1.966119 	2.995204 	1.320275 	2.688517 	1.895059 	2.676051 	1.985730 	3.005204 	
1.660007 	1.706239 	9.000000 	0.395285 	0.167705 	0.371652 	0.340037 	0.419076 	2.772183 	2.250694 	2.085216 	2.175144 	0.825379 	2.705203 	0.851469 	2.758623 	0.806226 	2.300136 	2.516446 	2.921151 	0.794512 	0.645174 	0.843356 	2.757943 	1.388569 	0.867828 	2.864001 	2.810805 	0.912414 	0.980115 	0.822344 	1.343968 	1.461592 	0.903466 	0.970824 	1.534805 	0.850000 	0.781025 	2.901078 	1.525000 	2.987997 	1.460522 	1.545356 	2.469818 	0.886707 	0.903120 	1.290349 	1.501874 	1.037123 	0.970824 	1.030776 	0.938416 	1.303840 	
2.039148 	2.088660 	0.395285 	9.000000 	0.261008 	0.055902 	0.134629 	0.265754 	3.153768 	2.643979 	2.480045 	2.570019 	1.167262 	3.093643 	1.187960 	3.146625 	1.131923 	2.695019 	2.909682 	3.306906 	1.101136 	0.863134 	1.151086 	3.148412 	1.762987 	1.176063 	3.252883 	3.200879 	1.227294 	1.305996 	1.101136 	1.710263 	1.834394 	1.200000 	1.275245 	1.906076 	1.089151 	0.965013 	3.292795 	1.892254 	3.378702 	1.819512 	1.910007 	2.864655 	1.059481 	1.068001 	0.928036 	1.849493 	0.776611 	1.171004 	0.778621 	1.100284 	0.951972 	
1.825171 	1.870328 	0.167705 	0.261008 	9.000000 	0.223607 	0.176777 	0.254951 	2.936090 	2.406502 	2.237465 	2.327150 	0.908639 	2.865746 	0.930390 	2.919439 	0.876427 	2.452040 	2.672195 	3.083221 	0.850368 	0.640800 	0.900347 	2.916869 	1.502082 	0.925338 	3.024173 	2.970059 	0.975000 	1.051190 	0.859142 	1.449353 	1.573412 	0.952956 	1.026219 	1.645068 	0.862047 	0.760345 	3.058697 	1.631334 	3.146625 	1.559247 	1.649242 	2.614025 	0.862047 	0.874643 	1.125000 	1.590990 	0.873212 	0.962094 	0.867828 	0.908983 	1.137157 	
2.026388 	2.074398 	0.371652 	0.055902 	0.223607 	9.000000 	0.079057 	0.212132 	3.140163 	2.622261 	2.455860 	2.545707 	1.122776 	3.076118 	1.142639 	3.129397 	1.085415 	2.670674 	2.888014 	3.291087 	1.052675 	0.809707 	1.102554 	3.129397 	1.723731 	1.127497 	3.235062 	3.182177 	1.179248 	1.258968 	1.050297 	1.669019 	1.794610 	1.150272 	1.226020 	1.865811 	1.035918 	0.910014 	3.272709 	1.851013 	3.359501 	1.776584 	1.868154 	2.836040 	1.004054 	1.012423 	0.930390 	1.804508 	0.750000 	1.116076 	0.750417 	1.044629 	0.950329 	
2.000000 	2.045880 	0.340037 	0.134629 	0.176777 	0.079057 	9.000000 	0.145774 	3.111772 	2.583118 	2.413504 	2.503123 	1.055047 	3.042408 	1.073837 	3.096066 	1.015197 	2.627975 	2.848794 	3.259601 	0.980115 	0.731864 	1.029866 	3.093643 	1.662077 	1.054751 	3.200879 	3.146824 	1.107080 	1.187960 	0.975000 	1.604875 	1.732231 	1.076162 	1.152443 	1.802776 	0.958188 	0.831038 	3.235448 	1.786757 	3.323402 	1.710263 	1.803122 	2.787584 	0.925000 	0.933408 	0.950329 	1.735655 	0.728869 	1.037123 	0.726722 	0.965660 	0.964689 	
2.059430 	2.101339 	0.419076 	0.265754 	0.254951 	0.212132 	0.145774 	9.000000 	3.165142 	2.616534 	2.440543 	2.529452 	1.021335 	3.085855 	1.035918 	3.140163 	0.972432 	2.653771 	2.881514 	3.307000 	0.927699 	0.650481 	0.976281 	3.132990 	1.643548 	1.000625 	3.243166 	3.186887 	1.055047 	1.140175 	0.908639 	1.578963 	1.711177 	1.015197 	1.093446 	1.779396 	0.875000 	0.731864 	3.271563 	1.759616 	3.361733 	1.676678 	1.773415 	2.800112 	0.818917 	0.824621 	0.901734 	1.693000 	0.618466 	0.937083 	0.612882 	0.855132 	0.905883 	
1.114955 	1.065950 	2.772183 	3.153768 	2.936090 	3.140163 	3.111772 	3.165142 	9.000000 	0.676849 	0.880696 	0.825379 	2.363525 	0.235850 	2.376973 	0.212132 	2.442335 	0.753741 	0.522015 	0.201556 	2.521161 	2.806466 	2.502249 	0.318198 	1.868321 	2.493116 	0.269258 	0.305164 	2.452040 	2.379732 	2.613666 	1.971357 	1.853712 	2.531057 	2.482438 	1.842044 	2.739069 	2.888772 	0.413824 	1.891593 	0.406971 	1.997655 	1.913276 	0.919239 	2.929377 	2.952647 	4.060788 	2.090006 	3.744746 	2.862254 	3.731287 	2.967006 	4.070012 	
0.715891 	0.642748 	2.250694 	2.643979 	2.406502 	2.622261 	2.583118 	2.616534 	0.676849 	9.000000 	0.206155 	0.152069 	1.736555 	0.506211 	1.745888 	0.561805 	1.814008 	0.145774 	0.265754 	0.743303 	1.891593 	2.191603 	1.867652 	0.527376 	1.202081 	1.856071 	0.648556 	0.583095 	1.811249 	1.733854 	1.979425 	1.305038 	1.182423 	1.889610 	1.835245 	1.167262 	2.101934 	2.260669 	0.656220 	1.216552 	0.750000 	1.323820 	1.237437 	0.436606 	2.291970 	2.314357 	3.518256 	1.414214 	3.166425 	2.215993 	3.150893 	2.325941 	3.520032 	
0.651920 	0.577170 	2.085216 	2.480045 	2.237465 	2.455860 	2.413504 	2.440543 	0.880696 	0.206155 	9.000000 	0.090139 	1.539683 	0.711512 	1.547781 	0.766893 	1.616516 	0.215058 	0.450694 	0.948683 	1.693554 	1.997029 	1.668270 	0.726722 	0.996243 	1.656049 	0.850368 	0.782624 	1.610318 	1.531747 	1.779923 	1.099147 	0.976281 	1.688380 	1.632674 	0.961769 	1.901480 	2.062311 	0.845946 	1.011187 	0.943398 	1.118034 	1.032594 	0.450694 	2.091202 	2.113350 	3.341501 	1.209339 	2.980143 	2.013237 	2.964056 	2.124264 	3.341126 	
0.725000 	0.650000 	2.175144 	2.570019 	2.327150 	2.545707 	2.503123 	2.529452 	0.825379 	0.152069 	0.090139 	9.000000 	1.622498 	0.642748 	1.629801 	0.697316 	1.698897 	0.125000 	0.369121 	0.879275 	1.775528 	2.080865 	1.749285 	0.650000 	1.068001 	1.736555 	0.775403 	0.705780 	1.690044 	1.610318 	1.860779 	1.170470 	1.044031 	1.767767 	1.710629 	1.025000 	1.981477 	2.143887 	0.763217 	1.073837 	0.862047 	1.182423 	1.093446 	0.375832 	2.170829 	2.192744 	3.430197 	1.270089 	3.066859 	2.090753 	3.050615 	2.202981 	3.429468 	
1.361295 	1.372953 	0.825379 	1.167262 	0.908639 	1.122776 	1.055047 	1.021335 	2.363525 	1.736555 	1.539683 	1.622498 	9.000000 	2.236767 	0.035355 	2.292651 	0.079057 	1.740869 	1.990289 	2.470956 	0.158114 	0.460977 	0.150000 	2.263846 	0.630971 	0.152069 	2.384586 	2.319618 	0.145774 	0.167705 	0.254951 	0.559017 	0.694622 	0.206155 	0.215058 	0.760345 	0.382426 	0.525595 	2.385372 	0.738664 	2.483068 	0.656220 	0.752080 	1.838818 	0.570088 	0.594243 	1.879162 	0.682367 	1.469906 	0.525595 	1.451293 	0.612882 	1.865811 	
1.075291 	1.015197 	2.705203 	3.093643 	2.865746 	3.076118 	3.042408 	3.085855 	0.235850 	0.506211 	0.711512 	0.642748 	2.236767 	9.000000 	2.247360 	0.055902 	2.314763 	0.552268 	0.301040 	0.237171 	2.392828 	2.688517 	2.370258 	0.103078 	1.707703 	2.359290 	0.160078 	0.127475 	2.315302 	2.238861 	2.482061 	1.810559 	1.686157 	2.393872 	2.340539 	1.667708 	2.605403 	2.761906 	0.251247 	1.716464 	0.302076 	1.825171 	1.735655 	0.687841 	2.795644 	2.818244 	3.986305 	1.912132 	3.650342 	2.721328 	3.635674 	2.830415 	3.991632 	
1.383158 	1.393287 	0.851469 	1.187960 	0.930390 	1.142639 	1.073837 	1.035918 	2.376973 	1.745888 	1.547781 	1.629801 	0.035355 	2.247360 	9.000000 	2.303258 	0.070711 	1.747319 	1.998124 	2.482061 	0.145774 	0.459619 	0.127475 	2.272938 	0.625000 	0.125000 	2.394264 	2.328760 	0.111803 	0.134629 	0.237171 	0.548862 	0.686477 	0.176777 	0.180278 	0.750417 	0.364006 	0.514782 	2.392958 	0.726722 	2.491109 	0.640800 	0.738664 	1.839837 	0.553399 	0.577170 	1.886796 	0.661910 	1.472455 	0.502494 	1.453444 	0.594243 	1.872164 	
1.125000 	1.065950 	2.758623 	3.146625 	2.919439 	3.129397 	3.096066 	3.140163 	0.212132 	0.561805 	0.766893 	0.697316 	2.292651 	0.055902 	2.303258 	9.000000 	2.370654 	0.604669 	0.350000 	0.182003 	2.448724 	2.744312 	2.426159 	0.106066 	1.762987 	2.415186 	0.111803 	0.103078 	2.371181 	2.294695 	2.537962 	1.865811 	1.741049 	2.449745 	2.396351 	1.722099 	2.661297 	2.817801 	0.226385 	1.770770 	0.261008 	1.879661 	1.789728 	0.728011 	2.851535 	2.874130 	4.040421 	1.966119 	3.705486 	2.777139 	3.690867 	2.886282 	4.045986 	
