Total assets = 620
Number of asset nodes = 40

Distance:
999.000000 	116.361504 	78.160095 	74.464760 	30.265491 	117.618027 	165.758865 	81.492332 	152.200531 	114.542572 	118.966385 	34.014702 	89.286057 	15.000000 	28.460499 	13.341664 	119.012604 	117.273186 	155.206314 	82.764725 	118.186295 	166.832245 	35.171009 	158.600128 	15.811388 	153.687988 	176.241318 	174.229736 	16.124516 	30.463093 	16.031219 	172.246918 	86.884979 	81.049370 	176.980225 	33.615471 	175.727066 	31.304953 	173.761337 	18.681541 	86.313385 	156.156967 	96.772926 	37.336308 	19.235384 	82.734512 	21.954498 	158.937088 	30.232433 	98.716766 	172.733902 	34.885529 	
116.361504 	999.000000 	43.416588 	47.634022 	93.723000 	4.242640 	58.309521 	42.720020 	40.311287 	8.246211 	6.403124 	82.492424 	35.777088 	115.208504 	99.247169 	125.642349 	8.485281 	9.433981 	42.720020 	44.294468 	10.000000 	57.245087 	94.069122 	46.324940 	120.208153 	40.000000 	68.942001 	66.211784 	126.491104 	100.498756 	124.036285 	63.505905 	41.629318 	48.301140 	69.354164 	99.005051 	67.082039 	101.862656 	64.412735 	122.004097 	44.384682 	41.868843 	33.955853 	96.176918 	124.201447 	49.244289 	117.923706 	44.687805 	106.103722 	33.541019 	61.911228 	101.118744 	
78.160095 	43.416588 	999.000000 	4.242640 	51.971146 	43.139309 	100.722389 	4.472136 	83.486526 	38.948685 	43.863426 	44.721359 	11.180340 	74.242844 	57.140179 	85.492691 	43.278172 	41.231056 	86.023254 	7.810250 	42.011902 	100.169853 	51.400391 	89.627007 	79.177017 	83.408630 	111.507851 	108.908218 	85.866173 	58.008621 	83.186539 	106.329674 	10.770329 	10.295630 	112.004463 	56.222771 	109.931801 	59.203041 	107.377838 	80.622574 	12.206555 	85.276024 	19.026299 	53.150730 	82.855293 	13.038404 	76.006577 	88.090858 	63.411354 	21.023796 	105.118980 	58.137768 	
74.464760 	47.634022 	4.242640 	999.000000 	47.885281 	47.381432 	104.809349 	7.071068 	87.658424 	43.185646 	48.104053 	41.303753 	14.866069 	70.213959 	53.000000 	81.541397 	47.507893 	45.453274 	90.210861 	9.219544 	46.227695 	104.307236 	47.201694 	93.813644 	75.133217 	87.618492 	115.602768 	113.017700 	81.859634 	53.823788 	79.158073 	110.453613 	13.038404 	10.000000 	116.107712 	52.009613 	114.057007 	55.000000 	111.516815 	76.537575 	13.601471 	89.498604 	22.360680 	48.918301 	78.771820 	12.806249 	71.867935 	92.314682 	59.203041 	24.331051 	109.288612 	53.907330 	
30.265491 	93.723000 	51.971146 	47.885281 	999.000000 	94.201912 	147.756561 	54.561890 	132.245987 	90.443352 	95.210297 	18.027756 	62.609905 	22.472204 	5.830952 	34.205261 	94.868332 	92.913940 	135.059250 	55.154327 	93.744331 	148.070923 	6.403124 	138.600143 	27.313000 	132.966156 	158.521286 	156.204987 	34.176014 	8.246211 	31.384710 	153.912308 	59.236813 	52.810986 	159.154007 	9.055386 	157.492859 	10.198039 	155.219193 	28.653097 	58.189346 	135.148071 	69.462219 	10.295630 	30.886890 	54.120235 	24.207438 	137.974640 	13.928389 	71.309189 	153.574081 	12.041595 	
117.618027 	4.242640 	43.139309 	47.381432 	94.201912 	999.000000 	60.083275 	42.011902 	41.629318 	5.099020 	2.236068 	83.648071 	34.669872 	115.935326 	99.639351 	126.570137 	4.242640 	5.385165 	43.829212 	43.266617 	5.830952 	58.694122 	94.260277 	47.413078 	120.929733 	40.816662 	70.576202 	67.779053 	127.318497 	100.767059 	124.807854 	65.000000 	40.311287 	47.169907 	70.936592 	99.156441 	68.541962 	102.068604 	65.795135 	122.641754 	42.941822 	42.438190 	31.953091 	96.208107 	124.851913 	47.885281 	118.406082 	45.221676 	106.301460 	31.320919 	63.063461 	101.178062 	
165.758865 	58.309521 	100.722389 	104.809349 	147.756561 	60.083275 	999.000000 	100.623062 	19.104973 	65.145988 	60.440052 	133.660019 	94.021271 	167.657394 	153.525238 	176.799316 	62.096699 	64.288414 	18.027756 	102.459747 	64.031242 	5.000000 	149.201202 	15.297058 	172.586212 	22.090721 	10.816654 	8.485281 	178.190903 	155.241745 	176.082367 	6.708204 	99.924973 	106.512909 	11.401754 	154.201172 	10.000000 	156.818359 	8.544003 	174.771286 	102.693718 	22.561028 	92.027168 	151.822266 	176.867188 	107.540688 	171.493439 	21.189621 	161.027954 	91.394745 	10.049875 	156.604599 	
81.492332 	42.720020 	4.472136 	7.071068 	54.561890 	42.011902 	100.623062 	999.000000 	83.006027 	37.536648 	42.520584 	48.373547 	8.062258 	76.967529 	59.539902 	88.391174 	41.725292 	39.597980 	85.440041 	3.605551 	40.311287 	99.849884 	53.535034 	89.044930 	81.859634 	82.661964 	111.364265 	108.706024 	88.639717 	60.207973 	85.906929 	106.066017 	6.324555 	7.071068 	111.825760 	58.249462 	109.658562 	61.294373 	107.042046 	83.186539 	7.810250 	84.403793 	15.297058 	55.000000 	85.422478 	9.486833 	78.390053 	87.200920 	65.459915 	17.262676 	104.623131 	60.000000 	
152.200531 	40.311287 	83.486526 	87.658424 	132.245987 	41.629318 	19.104973 	83.006027 	999.000000 	46.615448 	41.785164 	119.205704 	76.059189 	152.898666 	137.931137 	162.606888 	43.324360 	45.541191 	3.162278 	84.599052 	45.221676 	17.088007 	133.206604 	6.403124 	157.876541 	5.000000 	29.120440 	26.248810 	163.783386 	139.445328 	161.523987 	23.409399 	81.841309 	88.588936 	29.410883 	138.191895 	26.925823 	140.929062 	24.166092 	159.906219 	84.528099 	7.615773 	73.539108 	135.591293 	162.052460 	89.442719 	156.272202 	9.055386 	145.165421 	72.801102 	21.633308 	140.463516 	
114.542572 	8.246211 	38.948685 	43.185646 	90.443352 	5.099020 	65.145988 	37.536648 	46.615448 	999.000000 	5.000000 	80.529495 	30.000000 	112.361023 	95.801880 	123.166557 	4.472136 	3.000000 	48.754486 	38.600517 	4.000000 	63.694584 	90.271812 	52.325901 	117.345642 	45.650848 	75.610847 	72.801102 	123.822456 	96.829750 	121.264175 	70.007141 	35.510563 	42.438190 	75.960518 	95.131485 	73.539108 	98.081596 	70.774292 	118.983192 	38.078865 	47.169907 	26.925823 	92.097771 	121.202309 	43.046486 	114.621117 	49.929951 	102.303467 	26.248810 	67.977936 	97.082436 	
118.966385 	6.403124 	43.863426 	48.104053 	95.210297 	2.236068 	60.440052 	42.520584 	41.785164 	5.000000 	999.000000 	84.970581 	35.000000 	117.046997 	100.603180 	127.769325 	2.236068 	4.000000 	43.863426 	43.600460 	4.123106 	58.872746 	95.131485 	47.423622 	122.036880 	40.706264 	70.837845 	68.007355 	128.471786 	101.671036 	125.936493 	65.192024 	40.496914 	47.434166 	71.168816 	100.004997 	68.709534 	102.941734 	65.924202 	123.709335 	43.046486 	42.190044 	31.780497 	97.000000 	125.924583 	48.020828 	119.402679 	44.944408 	107.168091 	31.016125 	63.071388 	101.980392 	
34.014702 	82.492424 	44.721359 	41.303753 	18.027756 	83.648071 	133.660019 	48.373547 	119.205704 	80.529495 	84.970581 	999.000000 	55.901699 	34.058773 	23.345236 	43.416588 	85.000000 	83.258636 	122.147453 	50.089920 	84.172440 	134.380051 	23.194826 	125.606529 	38.948685 	120.420097 	144.312164 	142.144287 	44.598206 	26.172504 	42.426407 	140.007141 	54.147945 	49.010204 	145.000000 	27.000000 	143.544418 	28.160255 	141.428421 	41.231056 	54.009258 	122.800652 	63.639610 	27.294687 	43.278172 	51.088158 	38.587563 	125.602547 	31.575306 	65.620117 	140.121368 	30.000000 	
89.286057 	35.777088 	11.180340 	14.866069 	62.609905 	34.669872 	94.021271 	8.062258 	76.059189 	30.000000 	35.000000 	55.901699 	999.000000 	85.000000 	67.601776 	96.384644 	34.058773 	31.890438 	78.390053 	8.602325 	32.557640 	93.021500 	61.587337 	81.987801 	89.899948 	75.471848 	104.694794 	101.980392 	96.664368 	68.264191 	93.941475 	99.282425 	6.082763 	12.529964 	105.118980 	66.287254 	102.859123 	69.339745 	100.184830 	91.241440 	9.055386 	77.103828 	8.062258 	63.007935 	93.477272 	13.601471 	86.452301 	79.881165 	73.498299 	10.049875 	97.616600 	68.007355 	
15.000000 	115.208504 	74.242844 	70.213959 	22.472204 	115.935326 	167.657394 	76.967529 	152.898666 	112.361023 	117.046997 	34.058773 	85.000000 	999.000000 	18.248287 	12.041595 	116.811813 	114.908661 	155.794739 	77.620872 	115.762688 	168.291412 	25.179358 	159.289047 	5.000000 	153.912308 	178.331146 	176.139145 	11.704700 	19.000000 	8.944272 	173.971268 	81.706795 	75.272835 	179.011169 	22.022715 	177.519012 	19.104973 	175.368179 	7.211102 	80.653580 	156.204987 	91.923882 	26.019224 	9.219544 	76.537575 	7.280110 	159.022018 	16.763054 	93.776329 	173.971268 	22.360680 	
28.460499 	99.247169 	57.140179 	53.000000 	5.830952 	99.639351 	153.525238 	59.539902 	137.931137 	95.801880 	100.603180 	23.345236 	67.601776 	18.248287 	999.000000 	30.265491 	100.209778 	98.229324 	140.730240 	59.933296 	99.045441 	153.808319 	7.000000 	144.277512 	22.803509 	138.600143 	164.295471 	161.969131 	29.832869 	3.162278 	26.925823 	159.665268 	63.976559 	57.384666 	164.924225 	5.656854 	163.248276 	5.099020 	160.962723 	23.769728 	62.769421 	140.758652 	74.249580 	8.944272 	26.000000 	58.523499 	18.867962 	143.586212 	8.246211 	76.059189 	159.289047 	8.062258 	
13.341664 	125.642349 	85.492691 	81.541397 	34.205261 	126.570137 	176.799316 	88.391174 	162.606888 	123.166557 	127.769325 	43.416588 	96.384644 	12.041595 	30.265491 	999.000000 	127.632286 	125.781555 	165.556641 	89.196411 	126.657021 	177.654160 	37.215588 	169.008881 	8.246211 	163.835281 	187.384628 	185.283569 	3.162278 	31.016125 	5.000000 	183.207535 	93.300591 	86.977005 	188.095718 	34.000000 	186.724396 	31.016125 	184.664566 	9.433981 	92.347168 	166.207703 	103.464973 	38.000000 	8.485281 	88.323273 	15.231546 	169.011841 	28.284271 	105.342300 	183.447540 	34.132095 	
119.012604 	8.485281 	43.278172 	47.507893 	94.868332 	4.242640 	62.096699 	41.725292 	43.324360 	4.472136 	2.236068 	85.000000 	34.058773 	116.811813 	100.209778 	127.632286 	999.000000 	2.236068 	45.310043 	42.638012 	2.000000 	60.406952 	94.641426 	48.846699 	121.794907 	42.047592 	72.422371 	69.570107 	128.280945 	101.212646 	125.717941 	66.730804 	39.408119 	46.400433 	72.732384 	99.488693 	70.228203 	102.449989 	67.416618 	123.422043 	41.880783 	43.416588 	30.413813 	96.426140 	125.642349 	46.872166 	119.037811 	46.141087 	106.667709 	29.546574 	64.474800 	101.414986 	
117.273186 	9.433981 	41.231056 	45.453274 	92.913940 	5.385165 	64.288414 	39.597980 	45.541191 	3.000000 	4.000000 	83.258636 	31.890438 	114.908661 	98.229324 	125.781555 	2.236068 	999.000000 	47.539455 	40.459858 	1.000000 	62.625874 	92.617493 	51.078373 	119.887444 	44.283180 	74.632431 	71.784401 	126.400162 	99.201813 	123.822456 	68.949257 	37.202152 	44.204071 	74.946648 	97.452553 	72.449982 	100.424103 	69.641945 	121.490738 	39.661064 	45.650848 	28.178005 	94.366310 	123.713379 	44.654228 	117.068359 	48.373547 	104.637466 	27.313000 	66.708321 	99.357941 	
155.206314 	42.720020 	86.023254 	90.210861 	135.059250 	43.829212 	18.027756 	85.440041 	3.162278 	48.754486 	43.863426 	122.147453 	78.390053 	155.794739 	140.730240 	165.556641 	45.310043 	47.539455 	999.000000 	86.954010 	47.169907 	15.297058 	135.948517 	3.605551 	160.776245 	4.123106 	27.459061 	24.515301 	166.712326 	142.214630 	164.438431 	21.587032 	84.118965 	90.917542 	27.658634 	140.929062 	25.000000 	143.683685 	22.135944 	162.788208 	86.769814 	5.656854 	75.643906 	138.293167 	164.939377 	91.706055 	159.113174 	6.324555 	147.922272 	74.846512 	19.235384 	143.178207 	
82.764725 	44.294468 	7.810250 	9.219544 	55.154327 	43.266617 	102.459747 	3.605551 	84.599052 	38.600517 	43.600460 	50.089920 	8.602325 	77.620872 	59.933296 	89.196411 	42.638012 	40.459858 	86.954010 	999.000000 	41.109608 	101.533249 	53.712196 	90.553848 	82.462112 	84.059502 	113.159180 	110.462662 	89.319649 	60.415230 	86.539009 	107.782188 	4.123106 	4.123106 	113.595772 	58.309521 	111.364265 	61.400326 	108.706024 	83.671982 	4.472136 	85.702972 	14.317822 	54.918121 	85.906929 	6.082763 	78.714676 	88.481636 	65.513359 	16.155495 	106.174385 	59.908264 	
118.186295 	10.000000 	42.011902 	46.227695 	93.744331 	5.830952 	64.031242 	40.311287 	45.221676 	4.000000 	4.123106 	84.172440 	32.557640 	115.762688 	99.045441 	126.657021 	2.000000 	1.000000 	47.169907 	41.109608 	999.000000 	62.297672 	93.407707 	50.695168 	120.739388 	43.863426 	74.330345 	71.470276 	127.263504 	100.000000 	124.679588 	68.622154 	37.802116 	44.821869 	74.632431 	98.234413 	72.111023 	101.212646 	69.289246 	122.331520 	40.224369 	45.177429 	28.653097 	95.131485 	124.555206 	45.221676 	117.889778 	47.885281 	105.422958 	27.730848 	66.309875 	100.124924 	
166.832245 	57.245087 	100.169853 	104.307236 	148.070923 	58.694122 	5.000000 	99.849884 	17.088007 	63.694584 	58.872746 	134.380051 	93.021500 	168.291412 	153.808319 	177.654160 	60.406952 	62.625874 	15.297058 	101.533249 	62.297672 	999.000000 	149.305054 	12.041595 	173.242599 	19.104973 	12.165525 	9.219544 	178.966476 	155.438095 	176.799316 	6.324555 	98.843307 	105.546196 	12.369317 	154.301651 	9.848858 	156.974518 	7.211102 	175.368179 	101.552940 	19.026299 	90.620087 	151.818970 	177.485214 	106.451866 	171.944763 	17.262676 	161.198639 	89.888817 	6.324555 	156.646103 	
35.171009 	94.069122 	51.400391 	47.201694 	6.403124 	94.260277 	149.201202 	53.535034 	133.206604 	90.271812 	95.131485 	23.194826 	61.587337 	25.179358 	7.000000 	37.215588 	94.641426 	92.617493 	135.948517 	53.712196 	93.407707 	149.305054 	999.000000 	139.517029 	29.614185 	133.689941 	160.000000 	157.610275 	36.674240 	6.708204 	33.734257 	155.241745 	57.706154 	50.990196 	160.601990 	5.000000 	158.836395 	7.810250 	156.486420 	30.364452 	56.364883 	135.771866 	68.000000 	4.123106 	32.572994 	52.000000 	25.079872 	138.600143 	12.041595 	69.771057 	154.673843 	7.615773 	
158.600128 	46.324940 	89.627007 	93.813644 	138.600143 	47.413078 	15.297058 	89.044930 	6.403124 	52.325901 	47.423622 	125.606529 	81.987801 	159.289047 	144.277512 	169.008881 	48.846699 	51.078373 	3.605551 	90.553848 	50.695168 	12.041595 	139.517029 	999.000000 	164.268066 	7.071068 	24.186773 	21.213203 	170.182251 	145.773804 	167.919617 	18.248287 	87.709747 	94.514549 	24.331051 	144.499130 	21.587032 	147.248093 	18.681541 	166.291916 	90.354858 	7.280110 	79.202271 	141.873184 	168.439896 	95.294281 	162.640701 	6.403124 	151.485977 	78.390053 	15.652476 	146.754898 	
15.811388 	120.208153 	79.177017 	75.133217 	27.313000 	120.929733 	172.586212 	81.859634 	157.876541 	117.345642 	122.036880 	38.948685 	89.899948 	5.000000 	22.803509 	8.246211 	121.794907 	119.887444 	160.776245 	82.462112 	120.739388 	173.242599 	29.614185 	164.268066 	999.000000 	158.902481 	183.251190 	181.069046 	7.071068 	23.194826 	4.123106 	178.910599 	86.539009 	80.056229 	183.934769 	26.076809 	182.455475 	23.021729 	180.313614 	3.000000 	85.440041 	161.198639 	96.772926 	30.066593 	4.472136 	81.271149 	7.211102 	164.015244 	20.099751 	98.615417 	178.932953 	26.019224 	
153.687988 	40.000000 	83.408630 	87.618492 	132.966156 	40.816662 	22.090721 	82.661964 	5.000000 	45.650848 	40.706264 	120.420097 	75.471848 	153.912308 	138.600143 	163.835281 	42.047592 	44.283180 	4.123106 	84.059502 	43.863426 	19.104973 	133.689941 	7.071068 	158.902481 	999.000000 	31.257000 	28.284271 	164.924225 	140.014282 	162.606888 	25.317978 	81.123360 	87.982956 	31.400637 	138.657852 	28.635643 	141.449631 	25.709921 	160.863297 	83.725746 	3.000000 	72.449982 	135.948517 	163.027603 	88.684837 	157.079605 	5.385165 	145.691452 	71.589104 	22.472204 	140.858078 	
176.241318 	68.942001 	111.507851 	115.602768 	158.521286 	70.576202 	10.816654 	111.364265 	29.120440 	75.610847 	70.837845 	144.312164 	104.694794 	178.331146 	164.295471 	187.384628 	72.422371 	74.632431 	27.459061 	113.159180 	74.330345 	12.165525 	160.000000 	24.186773 	183.251190 	31.257000 	999.000000 	3.000000 	188.809433 	166.027100 	186.724396 	6.000000 	110.571243 	117.200684 	1.000000 	165.000000 	3.605551 	167.609665 	6.324555 	185.456192 	113.318138 	31.016125 	102.528046 	162.631485 	187.544662 	118.186295 	182.222397 	29.017237 	171.816757 	101.843018 	10.770329 	167.409683 	
174.229736 	66.211784 	108.908218 	113.017700 	156.204987 	67.779053 	8.485281 	108.706024 	26.248810 	72.801102 	68.007355 	142.144287 	101.980392 	176.139145 	161.969131 	185.283569 	69.570107 	71.784401 	24.515301 	110.462662 	71.470276 	9.219544 	157.610275 	21.213203 	181.069046 	28.284271 	3.000000 	999.000000 	186.676193 	163.670395 	184.567062 	3.000000 	107.837845 	114.494545 	3.162278 	162.609970 	2.000000 	165.239227 	3.605551 	183.251190 	110.571243 	28.017851 	99.724625 	160.206116 	185.348328 	115.451286 	179.961105 	26.019224 	169.452057 	99.020203 	8.062258 	165.000000 	
16.124516 	126.491104 	85.866173 	81.859634 	34.176014 	127.318497 	178.190903 	88.639717 	163.783386 	123.822456 	128.471786 	44.598206 	96.664368 	11.704700 	29.832869 	3.162278 	128.280945 	126.400162 	166.712326 	89.319649 	127.263504 	178.966476 	36.674240 	170.182251 	7.071068 	164.924225 	188.809433 	186.676193 	999.000000 	30.265491 	3.000000 	184.567062 	93.407707 	86.977005 	189.509888 	33.136082 	188.095718 	30.066593 	186.002686 	7.280110 	92.358002 	167.263260 	103.619499 	37.121422 	5.830952 	88.232651 	13.341664 	170.073517 	27.018513 	105.475113 	184.718704 	33.000000 	
30.463093 	100.498756 	58.008621 	53.823788 	8.246211 	100.767059 	155.241745 	60.207973 	139.445328 	96.829750 	101.671036 	26.172504 	68.264191 	19.000000 	3.162278 	31.016125 	101.212646 	99.201813 	142.214630 	60.415230 	100.000000 	155.438095 	6.708204 	145.773804 	23.194826 	140.014282 	166.027100 	163.670395 	30.265491 	999.000000 	27.294687 	161.335052 	64.412735 	57.697487 	166.643326 	3.162278 	164.924225 	2.000000 	162.606888 	23.769728 	63.071388 	142.130219 	74.706093 	7.071068 	25.961510 	58.694122 	18.384777 	144.958618 	5.830952 	76.478752 	160.863297 	5.000000 	
16.031219 	124.036285 	83.186539 	79.158073 	31.384710 	124.807854 	176.082367 	85.906929 	161.523987 	121.264175 	125.936493 	42.426407 	93.941475 	8.944272 	26.925823 	5.000000 	125.717941 	123.822456 	164.438431 	86.539009 	124.679588 	176.799316 	33.734257 	167.919617 	4.123106 	162.606888 	186.724396 	184.567062 	3.000000 	27.294687 	999.000000 	182.433548 	90.620087 	84.154617 	187.416641 	30.149628 	185.970428 	27.073973 	183.853195 	4.472136 	89.537704 	164.924225 	100.846420 	34.132095 	3.605551 	85.381500 	10.440307 	167.737885 	24.020824 	102.693718 	182.521225 	30.000000 	
172.246918 	63.505905 	106.329674 	110.453613 	153.912308 	65.000000 	6.708204 	106.066017 	23.409399 	70.007141 	65.192024 	140.007141 	99.282425 	173.971268 	159.665268 	183.207535 	66.730804 	68.949257 	21.587032 	107.782188 	68.622154 	6.324555 	155.241745 	18.248287 	178.910599 	25.317978 	6.000000 	3.000000 	184.567062 	161.335052 	182.433548 	999.000000 	105.118980 	111.803398 	6.082763 	160.240448 	3.605551 	162.889526 	2.000000 	181.069046 	107.837845 	25.019993 	96.932968 	157.800507 	183.174774 	112.729767 	177.721695 	23.021729 	167.107742 	96.208107 	5.656854 	162.609970 	
86.884979 	41.629318 	10.770329 	13.038404 	59.236813 	40.311287 	99.924973 	6.324555 	81.841309 	35.510563 	40.496914 	54.147945 	6.082763 	81.706795 	63.976559 	93.300591 	39.408119 	37.202152 	84.118965 	4.123106 	37.802116 	98.843307 	57.706154 	87.709747 	86.539009 	81.123360 	110.571243 	107.837845 	93.407707 	64.412735 	90.620087 	105.118980 	999.000000 	7.071068 	110.981979 	62.265560 	108.687622 	65.368187 	105.990562 	87.726852 	3.000000 	82.680107 	10.295630 	58.830265 	89.961105 	7.615773 	82.734512 	85.440041 	69.462219 	12.083046 	103.353760 	63.812225 	
81.049370 	48.301140 	10.295630 	10.000000 	52.810986 	47.169907 	106.512909 	7.071068 	88.588936 	42.438190 	47.434166 	49.010204 	12.529964 	75.272835 	57.384666 	86.977005 	46.400433 	44.204071 	90.917542 	4.123106 	44.821869 	105.546196 	50.990196 	94.514549 	80.056229 	87.982956 	117.200684 	114.494545 	86.977005 	57.697487 	84.154617 	111.803398 	7.071068 	999.000000 	117.630775 	55.470715 	115.381973 	58.591808 	112.712021 	81.154175 	5.385165 	89.587944 	17.204651 	51.971146 	83.384651 	2.828427 	76.059189 	92.358002 	62.649822 	18.867962 	110.145355 	56.938564 	
176.980225 	69.354164 	112.004463 	116.107712 	159.154007 	70.936592 	11.401754 	111.825760 	29.410883 	75.960518 	71.168816 	145.000000 	105.118980 	179.011169 	164.924225 	188.095718 	72.732384 	74.946648 	27.658634 	113.595772 	74.632431 	12.369317 	160.601990 	24.331051 	183.934769 	31.400637 	1.000000 	3.162278 	189.509888 	166.643326 	187.416641 	6.082763 	110.981979 	117.630775 	999.000000 	165.601929 	3.162278 	168.220093 	6.082763 	186.131668 	113.718948 	31.064449 	102.883430 	163.217651 	188.223267 	118.595955 	182.877014 	29.000000 	172.429703 	102.181213 	10.440307 	168.002975 	
33.615471 	99.005051 	56.222771 	52.009613 	9.055386 	99.156441 	154.201172 	58.249462 	138.191895 	95.131485 	100.004997 	27.000000 	66.287254 	22.022715 	5.656854 	34.000000 	99.488693 	97.452553 	140.929062 	58.309521 	98.234413 	154.301651 	5.000000 	144.499130 	26.076809 	138.657852 	165.000000 	162.609970 	33.136082 	3.162278 	30.149628 	160.240448 	62.265560 	55.470715 	165.601929 	999.000000 	163.835281 	3.162278 	161.483749 	26.476404 	60.827625 	140.730240 	72.560318 	4.000000 	28.635643 	56.364883 	20.880613 	143.558350 	7.211102 	74.303429 	159.665268 	3.000000 	
175.727066 	67.082039 	109.931801 	114.057007 	157.492859 	68.541962 	10.000000 	109.658562 	26.925823 	73.539108 	68.709534 	143.544418 	102.859123 	177.519012 	163.248276 	186.724396 	70.228203 	72.449982 	25.000000 	111.364265 	72.111023 	9.848858 	158.836395 	21.587032 	182.455475 	28.635643 	3.605551 	2.000000 	188.095718 	164.924225 	185.970428 	3.605551 	108.687622 	115.381973 	3.162278 	163.835281 	999.000000 	166.481232 	3.000000 	184.621231 	111.400177 	28.160255 	100.463921 	161.400131 	186.724396 	116.297035 	181.289825 	26.019224 	170.698563 	99.724625 	7.280110 	166.207703 	
31.304953 	101.862656 	59.203041 	55.000000 	10.198039 	102.068604 	156.818359 	61.294373 	140.929062 	98.081596 	102.941734 	28.160255 	69.339745 	19.104973 	5.099020 	31.016125 	102.449989 	100.424103 	143.683685 	61.400326 	101.212646 	156.974518 	7.810250 	147.248093 	23.021729 	141.449631 	167.609665 	165.239227 	30.066593 	2.000000 	27.073973 	162.889526 	65.368187 	58.591808 	168.220093 	3.162278 	166.481232 	999.000000 	164.149323 	23.345236 	63.953106 	143.544418 	75.663727 	7.071068 	25.495098 	59.506302 	17.720045 	146.372818 	4.242640 	77.414467 	162.373032 	3.605551 	
173.761337 	64.412735 	107.377838 	111.516815 	155.219193 	65.795135 	8.544003 	107.042046 	24.166092 	70.774292 	65.924202 	141.428421 	100.184830 	175.368179 	160.962723 	184.664566 	67.416618 	69.641945 	22.135944 	108.706024 	69.289246 	7.211102 	156.486420 	18.681541 	180.313614 	25.709921 	6.324555 	3.605551 	186.002686 	162.606888 	183.853195 	2.000000 	105.990562 	112.712021 	6.082763 	161.483749 	3.000000 	164.149323 	999.000000 	182.455475 	108.687622 	25.179358 	97.693398 	159.012573 	184.567062 	113.595772 	179.067032 	23.021729 	168.371613 	96.932968 	4.472136 	163.835281 	
18.681541 	122.004097 	80.622574 	76.537575 	28.653097 	122.641754 	174.771286 	83.186539 	159.906219 	118.983192 	123.709335 	41.231056 	91.241440 	7.211102 	23.769728 	9.433981 	123.422043 	121.490738 	162.788208 	83.671982 	122.331520 	175.368179 	30.364452 	166.291916 	3.000000 	160.863297 	185.456192 	183.251190 	7.280110 	23.769728 	4.472136 	181.069046 	87.726852 	81.154175 	186.131668 	26.476404 	184.621231 	23.345236 	182.455475 	999.000000 	86.539009 	163.131851 	97.989792 	30.413813 	2.236068 	82.280006 	6.082763 	165.951797 	20.024984 	99.809822 	181.024857 	26.076809 	
86.313385 	44.384682 	12.206555 	13.601471 	58.189346 	42.941822 	102.693718 	7.810250 	84.528099 	38.078865 	43.046486 	54.009258 	9.055386 	80.653580 	62.769421 	92.347168 	41.880783 	39.661064 	86.769814 	4.472136 	40.224369 	101.552940 	56.364883 	90.354858 	85.440041 	83.725746 	113.318138 	110.571243 	92.358002 	63.071388 	89.537704 	107.837845 	3.000000 	5.385165 	113.718948 	60.827625 	111.400177 	63.953106 	108.687622 	86.539009 	999.000000 	85.234970 	12.041595 	57.306194 	88.769363 	5.000000 	81.437096 	87.982956 	68.000000 	13.601471 	106.004715 	62.265560 	
156.156967 	41.868843 	85.276024 	89.498604 	135.148071 	42.438190 	22.561028 	84.403793 	7.615773 	47.169907 	42.190044 	122.800652 	77.103828 	156.204987 	140.758652 	166.207703 	43.416588 	45.650848 	5.656854 	85.702972 	45.177429 	19.026299 	135.771866 	7.280110 	161.198639 	3.000000 	31.016125 	28.017851 	167.263260 	142.130219 	164.924225 	25.019993 	82.680107 	89.587944 	31.064449 	140.730240 	28.160255 	143.544418 	25.179358 	163.131851 	85.234970 	999.000000 	73.824112 	137.974640 	165.302750 	90.210861 	159.289047 	2.828427 	147.787003 	72.897186 	21.587032 	142.898560 	
96.772926 	33.955853 	19.026299 	22.360680 	69.462219 	31.953091 	92.027168 	15.297058 	73.539108 	26.925823 	31.780497 	63.639610 	8.062258 	91.923882 	74.249580 	103.464973 	30.413813 	28.178005 	75.643906 	14.317822 	28.653097 	90.620087 	68.000000 	79.202271 	96.772926 	72.449982 	102.528046 	99.724625 	103.619499 	74.706093 	100.846420 	96.932968 	10.295630 	17.204651 	102.883430 	72.560318 	100.463921 	75.663727 	97.693398 	97.989792 	12.041595 	73.824112 	999.000000 	69.115845 	100.224747 	16.970562 	93.021500 	76.537575 	79.755875 	2.000000 	94.847244 	74.094536 	
37.336308 	96.176918 	53.150730 	48.918301 	10.295630 	96.208107 	151.822266 	55.000000 	135.591293 	92.097771 	97.000000 	27.294687 	63.007935 	26.019224 	8.944272 	38.000000 	96.426140 	94.366310 	138.293167 	54.918121 	95.131485 	151.818970 	4.123106 	141.873184 	30.066593 	135.948517 	162.631485 	160.206116 	37.121422 	7.071068 	34.132095 	157.800507 	58.830265 	51.971146 	163.217651 	4.000000 	161.400131 	7.071068 	159.012573 	30.413813 	57.306194 	137.974640 	69.115845 	999.000000 	32.557640 	52.773098 	24.738634 	140.801285 	10.770329 	70.830788 	157.114609 	5.000000 	
19.235384 	124.201447 	82.855293 	78.771820 	30.886890 	124.851913 	176.867188 	85.422478 	162.052460 	121.202309 	125.924583 	43.278172 	93.477272 	9.219544 	26.000000 	8.485281 	125.642349 	123.713379 	164.939377 	85.906929 	124.555206 	177.485214 	32.572994 	168.439896 	4.472136 	163.027603 	187.544662 	185.348328 	5.830952 	25.961510 	3.605551 	183.174774 	89.961105 	83.384651 	188.223267 	28.635643 	186.724396 	25.495098 	184.567062 	2.236068 	88.769363 	165.302750 	100.224747 	32.557640 	999.000000 	84.504440 	8.000000 	168.121979 	22.090721 	102.044106 	183.152939 	28.160255 	
82.734512 	49.244289 	13.038404 	12.806249 	54.120235 	47.885281 	107.540688 	9.486833 	89.442719 	43.046486 	48.020828 	51.088158 	13.601471 	76.537575 	58.523499 	88.323273 	46.872166 	44.654228 	91.706055 	6.082763 	45.221676 	106.451866 	52.000000 	95.294281 	81.271149 	88.684837 	118.186295 	115.451286 	88.232651 	58.694122 	85.381500 	112.729767 	7.615773 	2.828427 	118.595955 	56.364883 	116.297035 	59.506302 	113.595772 	82.280006 	5.000000 	90.210861 	16.970562 	52.773098 	84.504440 	999.000000 	77.077881 	92.962357 	63.505905 	18.439089 	110.941429 	57.706154 	
21.954498 	117.923706 	76.006577 	71.867935 	24.207438 	118.406082 	171.493439 	78.390053 	156.272202 	114.621117 	119.402679 	38.587563 	86.452301 	7.280110 	18.867962 	15.231546 	119.037811 	117.068359 	159.113174 	78.714676 	117.889778 	171.944763 	25.079872 	162.640701 	7.211102 	157.079605 	182.222397 	179.961105 	13.341664 	18.384777 	10.440307 	177.721695 	82.734512 	76.059189 	182.877014 	20.880613 	181.289825 	17.720045 	179.067032 	6.082763 	81.437096 	159.289047 	93.021500 	24.738634 	8.000000 	77.077881 	999.000000 	162.114151 	14.142136 	94.810333 	177.519012 	20.223749 	
158.937088 	44.687805 	88.090858 	92.314682 	137.974640 	45.221676 	21.189621 	87.200920 	9.055386 	49.929951 	44.944408 	125.602547 	79.881165 	159.022018 	143.586212 	169.011841 	46.141087 	48.373547 	6.324555 	88.481636 	47.885281 	17.262676 	138.600143 	6.403124 	164.015244 	5.385165 	29.017237 	26.019224 	170.073517 	144.958618 	167.737885 	23.021729 	85.440041 	92.358002 	29.000000 	143.558350 	26.019224 	146.372818 	23.021729 	165.951797 	87.982956 	2.828427 	76.537575 	140.801285 	168.121979 	92.962357 	162.114151 	999.000000 	150.615402 	75.591003 	19.235384 	145.725769 	
30.232433 	106.103722 	63.411354 	59.203041 	13.928389 	106.301460 	161.027954 	65.459915 	145.165421 	102.303467 	107.168091 	31.575306 	73.498299 	16.763054 	8.246211 	28.284271 	106.667709 	104.637466 	147.922272 	65.513359 	105.422958 	161.198639 	12.041595 	151.485977 	20.099751 	145.691452 	171.816757 	169.452057 	27.018513 	5.830952 	24.020824 	167.107742 	69.462219 	62.649822 	172.429703 	7.211102 	170.698563 	4.242640 	168.371613 	20.024984 	68.000000 	147.787003 	79.755875 	10.770329 	22.090721 	63.505905 	14.142136 	150.615402 	999.000000 	81.492332 	166.604324 	6.082763 	
98.716766 	33.541019 	21.023796 	24.331051 	71.309189 	31.320919 	91.394745 	17.262676 	72.801102 	26.248810 	31.016125 	65.620117 	10.049875 	93.776329 	76.059189 	105.342300 	29.546574 	27.313000 	74.846512 	16.155495 	27.730848 	89.888817 	69.771057 	78.390053 	98.615417 	71.589104 	101.843018 	99.020203 	105.475113 	76.478752 	102.693718 	96.208107 	12.083046 	18.867962 	102.181213 	74.303429 	99.724625 	77.414467 	96.932968 	99.809822 	13.601471 	72.897186 	2.000000 	70.830788 	102.044106 	18.439089 	94.810333 	75.591003 	81.492332 	999.000000 	94.021271 	75.802376 	
172.733902 	61.911228 	105.118980 	109.288612 	153.574081 	63.063461 	10.049875 	104.623131 	21.633308 	67.977936 	63.071388 	140.121368 	97.616600 	173.971268 	159.289047 	183.447540 	64.474800 	66.708321 	19.235384 	106.174385 	66.309875 	6.324555 	154.673843 	15.652476 	178.932953 	22.472204 	10.770329 	8.062258 	184.718704 	160.863297 	182.521225 	5.656854 	103.353760 	110.145355 	10.440307 	159.665268 	7.280110 	162.373032 	4.472136 	181.024857 	106.004715 	21.587032 	94.847244 	157.114609 	183.152939 	110.941429 	177.519012 	19.235384 	166.604324 	94.021271 	999.000000 	161.969131 	
34.885529 	101.118744 	58.137768 	53.907330 	12.041595 	101.178062 	156.604599 	60.000000 	140.463516 	97.082436 	101.980392 	30.000000 	68.007355 	22.360680 	8.062258 	34.132095 	101.414986 	99.357941 	143.178207 	59.908264 	100.124924 	156.646103 	7.615773 	146.754898 	26.019224 	140.858078 	167.409683 	165.000000 	33.000000 	5.000000 	30.000000 	162.609970 	63.812225 	56.938564 	168.002975 	3.000000 	166.207703 	3.605551 	163.835281 	26.076809 	62.265560 	142.898560 	74.094536 	5.000000 	28.160255 	57.706154 	20.223749 	145.725769 	6.082763 	75.802376 	161.969131 	999.000000 	

Travel time:
9.000000 	2.909038 	1.954002 	1.861619 	0.756637 	2.940451 	4.143971 	2.037308 	3.805013 	2.863564 	2.974160 	0.850368 	2.232152 	0.375000 	0.711512 	0.333542 	2.975315 	2.931830 	3.880158 	2.069118 	2.954657 	4.170806 	0.879275 	3.965003 	0.395285 	3.842200 	4.406033 	4.355743 	0.403113 	0.761577 	0.400780 	4.306173 	2.172124 	2.026234 	4.424506 	0.840387 	4.393177 	0.782624 	4.344033 	0.467039 	2.157835 	3.903924 	2.419323 	0.933408 	0.480885 	2.068363 	0.548862 	3.973427 	0.755811 	2.467919 	4.318347 	0.872138 	
2.909038 	9.000000 	1.085415 	1.190850 	2.343075 	0.106066 	1.457738 	1.068001 	1.007782 	0.206155 	0.160078 	2.062311 	0.894427 	2.880213 	2.481179 	3.141059 	0.212132 	0.235850 	1.068001 	1.107362 	0.250000 	1.431127 	2.351728 	1.158123 	3.005204 	1.000000 	1.723550 	1.655295 	3.162278 	2.512469 	3.100907 	1.587648 	1.040733 	1.207528 	1.733854 	2.475126 	1.677051 	2.546566 	1.610318 	3.050102 	1.109617 	1.046721 	0.848896 	2.404423 	3.105036 	1.231107 	2.948093 	1.117195 	2.652593 	0.838525 	1.547781 	2.527969 	
1.954002 	1.085415 	9.000000 	0.106066 	1.299279 	1.078483 	2.518060 	0.111803 	2.087163 	0.973717 	1.096586 	1.118034 	0.279509 	1.856071 	1.428504 	2.137317 	1.081954 	1.030776 	2.150581 	0.195256 	1.050297 	2.504246 	1.285010 	2.240675 	1.979425 	2.085216 	2.787696 	2.722705 	2.146654 	1.450216 	2.079664 	2.658242 	0.269258 	0.257391 	2.800112 	1.405569 	2.748295 	1.480076 	2.684446 	2.015564 	0.305164 	2.131901 	0.475657 	1.328768 	2.071382 	0.325960 	1.900164 	2.202271 	1.585284 	0.525595 	2.627975 	1.453444 	
1.861619 	1.190850 	0.106066 	9.000000 	1.197132 	1.184536 	2.620234 	0.176777 	2.191461 	1.079641 	1.202601 	1.032594 	0.371652 	1.755349 	1.325000 	2.038535 	1.187697 	1.136332 	2.255271 	0.230489 	1.155692 	2.607681 	1.180042 	2.345341 	1.878330 	2.190462 	2.890069 	2.825443 	2.046491 	1.345595 	1.978952 	2.761340 	0.325960 	0.250000 	2.902693 	1.300240 	2.851425 	1.375000 	2.787920 	1.913439 	0.340037 	2.237465 	0.559017 	1.222957 	1.969296 	0.320156 	1.796698 	2.307867 	1.480076 	0.608276 	2.732215 	1.347683 	
0.756637 	2.343075 	1.299279 	1.197132 	9.000000 	2.355048 	3.693914 	1.364047 	3.306150 	2.261084 	2.380257 	0.450694 	1.565248 	0.561805 	0.145774 	0.855132 	2.371708 	2.322849 	3.376481 	1.378858 	2.343608 	3.701773 	0.160078 	3.465003 	0.682825 	3.324154 	3.963032 	3.905125 	0.854400 	0.206155 	0.784618 	3.847808 	1.480920 	1.320275 	3.978850 	0.226385 	3.937321 	0.254951 	3.880480 	0.716327 	1.454734 	3.378702 	1.736555 	0.257391 	0.772172 	1.353006 	0.605186 	3.449366 	0.348210 	1.782730 	3.839352 	0.301040 	
2.940451 	0.106066 	1.078483 	1.184536 	2.355048 	9.000000 	1.502082 	1.050297 	1.040733 	0.127475 	0.055902 	2.091202 	0.866747 	2.898383 	2.490984 	3.164253 	0.106066 	0.134629 	1.095730 	1.081665 	0.145774 	1.467353 	2.356507 	1.185327 	3.023243 	1.020416 	1.764405 	1.694476 	3.182962 	2.519176 	3.120196 	1.625000 	1.007782 	1.179248 	1.773415 	2.478911 	1.713549 	2.551715 	1.644878 	3.066044 	1.073546 	1.060955 	0.798827 	2.405203 	3.121298 	1.197132 	2.960152 	1.130542 	2.657537 	0.783023 	1.576586 	2.529452 	
4.143971 	1.457738 	2.518060 	2.620234 	3.693914 	1.502082 	9.000000 	2.515577 	0.477624 	1.628650 	1.511001 	3.341501 	2.350532 	4.191435 	3.838131 	4.419983 	1.552418 	1.607210 	0.450694 	2.561494 	1.600781 	0.125000 	3.730030 	0.382426 	4.314655 	0.552268 	0.270416 	0.212132 	4.454772 	3.881044 	4.402059 	0.167705 	2.498124 	2.662823 	0.285044 	3.855029 	0.250000 	3.920459 	0.213600 	4.369282 	2.567343 	0.564026 	2.300679 	3.795557 	4.421679 	2.688517 	4.287336 	0.529741 	4.025699 	2.284869 	0.251247 	3.915115 	
2.037308 	1.068001 	0.111803 	0.176777 	1.364047 	1.050297 	2.515577 	9.000000 	2.075151 	0.938416 	1.063015 	1.209339 	0.201556 	1.924188 	1.488497 	2.209779 	1.043132 	0.989950 	2.136001 	0.090139 	1.007782 	2.496247 	1.338376 	2.226123 	2.046491 	2.066549 	2.784107 	2.717651 	2.215993 	1.505199 	2.147673 	2.651650 	0.158114 	0.176777 	2.795644 	1.456237 	2.741464 	1.532359 	2.676051 	2.079664 	0.195256 	2.110095 	0.382426 	1.375000 	2.135562 	0.237171 	1.959751 	2.180023 	1.636498 	0.431567 	2.615578 	1.500000 	
3.805013 	1.007782 	2.087163 	2.191461 	3.306150 	1.040733 	0.477624 	2.075151 	9.000000 	1.165386 	1.044629 	2.980143 	1.901480 	3.822467 	3.448278 	4.065172 	1.083109 	1.138530 	0.079057 	2.114976 	1.130542 	0.427200 	3.330165 	0.160078 	3.946913 	0.125000 	0.728011 	0.656220 	4.094584 	3.486133 	4.038100 	0.585235 	2.046033 	2.214723 	0.735272 	3.454797 	0.673146 	3.523226 	0.604152 	3.997655 	2.113203 	0.190394 	1.838478 	3.389782 	4.051311 	2.236068 	3.906805 	0.226385 	3.629136 	1.820028 	0.540833 	3.511588 	
2.863564 	0.206155 	0.973717 	1.079641 	2.261084 	0.127475 	1.628650 	0.938416 	1.165386 	9.000000 	0.125000 	2.013237 	0.750000 	2.809026 	2.395047 	3.079164 	0.111803 	0.075000 	1.218862 	0.965013 	0.100000 	1.592365 	2.256795 	1.308148 	2.933641 	1.141271 	1.890271 	1.820028 	3.095562 	2.420744 	3.031604 	1.750179 	0.887764 	1.060955 	1.899013 	2.378287 	1.838478 	2.452040 	1.769357 	2.974580 	0.951972 	1.179248 	0.673146 	2.302444 	3.030058 	1.076162 	2.865528 	1.248249 	2.557587 	0.656220 	1.699448 	2.427061 	
2.974160 	0.160078 	1.096586 	1.202601 	2.380257 	0.055902 	1.511001 	1.063015 	1.044629 	0.125000 	9.000000 	2.124264 	0.875000 	2.926175 	2.515079 	3.194233 	0.055902 	0.100000 	1.096586 	1.090011 	0.103078 	1.471819 	2.378287 	1.185591 	3.050922 	1.017657 	1.770946 	1.700184 	3.211795 	2.541776 	3.148412 	1.629801 	1.012423 	1.185854 	1.779220 	2.500125 	1.717738 	2.573543 	1.648105 	3.092733 	1.076162 	1.054751 	0.794512 	2.425000 	3.148115 	1.200521 	2.985067 	1.123610 	2.679202 	0.775403 	1.576785 	2.549510 	
0.850368 	2.062311 	1.118034 	1.032594 	0.450694 	2.091202 	3.341501 	1.209339 	2.980143 	2.013237 	2.124264 	9.000000 	1.397542 	0.851469 	0.583631 	1.085415 	2.125000 	2.081466 	3.053686 	1.252248 	2.104311 	3.359501 	0.579871 	3.140163 	0.973717 	3.010502 	3.607804 	3.553607 	1.114955 	0.654313 	1.060660 	3.500179 	1.353699 	1.225255 	3.625000 	0.675000 	3.588610 	0.704006 	3.535711 	1.030776 	1.350231 	3.070016 	1.590990 	0.682367 	1.081954 	1.277204 	0.964689 	3.140064 	0.789383 	1.640503 	3.503034 	0.750000 	
2.232152 	0.894427 	0.279509 	0.371652 	1.565248 	0.866747 	2.350532 	0.201556 	1.901480 	0.750000 	0.875000 	1.397542 	9.000000 	2.125000 	1.690044 	2.409616 	0.851469 	0.797261 	1.959751 	0.215058 	0.813941 	2.325537 	1.539683 	2.049695 	2.247499 	1.886796 	2.617370 	2.549510 	2.416609 	1.706605 	2.348537 	2.482061 	0.152069 	0.313249 	2.627975 	1.657181 	2.571478 	1.733494 	2.504621 	2.281036 	0.226385 	1.927596 	0.201556 	1.575198 	2.336932 	0.340037 	2.161308 	1.997029 	1.837457 	0.251247 	2.440415 	1.700184 	
0.375000 	2.880213 	1.856071 	1.755349 	0.561805 	2.898383 	4.191435 	1.924188 	3.822467 	2.809026 	2.926175 	0.851469 	2.125000 	9.000000 	0.456207 	0.301040 	2.920295 	2.872716 	3.894868 	1.940522 	2.894067 	4.207285 	0.629484 	3.982226 	0.125000 	3.847808 	4.458279 	4.403479 	0.292617 	0.475000 	0.223607 	4.349282 	2.042670 	1.881821 	4.475279 	0.550568 	4.437975 	0.477624 	4.384204 	0.180278 	2.016340 	3.905125 	2.298097 	0.650481 	0.230489 	1.913439 	0.182003 	3.975550 	0.419076 	2.344408 	4.349282 	0.559017 	
0.711512 	2.481179 	1.428504 	1.325000 	0.145774 	2.490984 	3.838131 	1.488497 	3.448278 	2.395047 	2.515079 	0.583631 	1.690044 	0.456207 	9.000000 	0.756637 	2.505244 	2.455733 	3.518256 	1.498332 	2.476136 	3.845208 	0.175000 	3.606938 	0.570088 	3.465003 	4.107387 	4.049228 	0.745822 	0.079057 	0.673146 	3.991632 	1.599414 	1.434617 	4.123106 	0.141421 	4.081207 	0.127475 	4.024068 	0.594243 	1.569236 	3.518966 	1.856240 	0.223607 	0.650000 	1.463087 	0.471699 	3.589655 	0.206155 	1.901480 	3.982226 	0.201556 	
0.333542 	3.141059 	2.137317 	2.038535 	0.855132 	3.164253 	4.419983 	2.209779 	4.065172 	3.079164 	3.194233 	1.085415 	2.409616 	0.301040 	0.756637 	9.000000 	3.190807 	3.144539 	4.138916 	2.229910 	3.166425 	4.441354 	0.930390 	4.225222 	0.206155 	4.095882 	4.684616 	4.632089 	0.079057 	0.775403 	0.125000 	4.580188 	2.332515 	2.174425 	4.702393 	0.850000 	4.668110 	0.775403 	4.616614 	0.235850 	2.308679 	4.155192 	2.586624 	0.950000 	0.212132 	2.208082 	0.380789 	4.225296 	0.707107 	2.633558 	4.586188 	0.853302 	
2.975315 	0.212132 	1.081954 	1.187697 	2.371708 	0.106066 	1.552418 	1.043132 	1.083109 	0.111803 	0.055902 	2.125000 	0.851469 	2.920295 	2.505244 	3.190807 	9.000000 	0.055902 	1.132751 	1.065950 	0.050000 	1.510174 	2.366036 	1.221167 	3.044873 	1.051190 	1.810559 	1.739253 	3.207024 	2.530316 	3.142949 	1.668270 	0.985203 	1.160011 	1.818310 	2.487217 	1.755705 	2.561250 	1.685416 	3.085551 	1.047020 	1.085415 	0.760345 	2.410654 	3.141059 	1.171804 	2.975945 	1.153527 	2.666693 	0.738664 	1.611870 	2.535375 	
2.931830 	0.235850 	1.030776 	1.136332 	2.322849 	0.134629 	1.607210 	0.989950 	1.138530 	0.075000 	0.100000 	2.081466 	0.797261 	2.872716 	2.455733 	3.144539 	0.055902 	9.000000 	1.188486 	1.011496 	0.025000 	1.565647 	2.315437 	1.276959 	2.997186 	1.107080 	1.865811 	1.794610 	3.160004 	2.480045 	3.095562 	1.723731 	0.930054 	1.105102 	1.873666 	2.436314 	1.811249 	2.510602 	1.741049 	3.037268 	0.991527 	1.141271 	0.704450 	2.359158 	3.092834 	1.116356 	2.926709 	1.209339 	2.615937 	0.682825 	1.667708 	2.483948 	
