Total assets = 720
Number of asset nodes = 40

Distance:
999.000000 	157.114609 	96.176918 	53.150730 	48.918301 	10.295630 	96.208107 	55.000000 	135.591293 	92.097771 	97.000000 	60.827625 	60.373837 	57.697487 	56.364883 	4.242640 	8.485281 	4.472136 	68.029404 	65.391129 	8.544003 	63.694584 	65.924202 	68.154236 	69.079666 	62.297672 	72.235725 	65.787537 	66.407829 	68.622154 	81.608826 	83.934502 	80.049988 	81.024689 	83.432610 	88.323273 	84.172440 	85.375641 	90.249657 	88.294960 	89.269257 	69.007248 	76.000000 	79.025314 	78.006409 	75.026665 	82.006096 	81.024689 	79.101204 	80.099937 	79.309517 	
157.114609 	999.000000 	61.911228 	105.118980 	109.288612 	153.574081 	63.063461 	104.623131 	21.633308 	67.977936 	63.071388 	104.216118 	105.118980 	107.786827 	109.123779 	157.610275 	165.556641 	159.012573 	101.019798 	103.619499 	161.604462 	105.848946 	104.177734 	102.528046 	102.181213 	109.562767 	100.244698 	106.625511 	107.224068 	105.621971 	100.224747 	101.607086 	106.099007 	105.905617 	103.576057 	98.994949 	104.393486 	103.247276 	98.731964 	102.825096 	102.703453 	124.663544 	124.149101 	121.655251 	122.808792 	126.301224 	122.188377 	125.299644 	127.577431 	127.424484 	130.541183 	
96.176918 	61.911228 	999.000000 	43.416588 	47.634022 	93.723000 	4.242640 	42.720020 	40.311287 	8.246211 	6.403124 	43.011627 	43.965897 	46.486557 	47.759815 	96.332756 	104.661362 	97.744568 	41.303753 	43.566040 	100.124924 	45.705578 	44.407207 	43.185646 	43.104523 	49.648766 	42.000000 	47.265209 	48.166378 	47.042534 	46.324940 	49.040798 	52.172791 	52.392746 	50.960770 	48.466484 	52.201534 	51.546097 	49.244289 	52.554733 	52.924473 	68.029404 	69.584480 	68.066147 	68.883957 	71.449280 	69.634758 	72.367119 	73.979729 	74.148499 	76.941536 	
53.150730 	105.118980 	43.416588 	999.000000 	4.242640 	51.971146 	43.139309 	4.472136 	83.486526 	38.948685 	43.863426 	15.652476 	16.124516 	15.620500 	15.556349 	53.037724 	61.619801 	54.451813 	23.086792 	21.931713 	56.727417 	21.954498 	23.259407 	24.698177 	25.632011 	24.207438 	28.160255 	25.553865 	26.925823 	28.178005 	39.560081 	43.011627 	41.629318 	42.544094 	43.657761 	46.324940 	44.944408 	45.541191 	48.270073 	48.383881 	49.335587 	44.687805 	50.209560 	51.088158 	50.990196 	50.931328 	54.037025 	55.226807 	55.154327 	55.865910 	57.314919 	
48.918301 	109.288612 	47.634022 	4.242640 	999.000000 	47.885281 	47.381432 	7.071068 	87.658424 	43.185646 	48.104053 	17.464249 	17.720045 	16.552946 	16.124516 	48.795490 	57.384666 	50.209560 	25.317978 	23.769728 	52.497620 	23.409399 	25.000000 	26.683329 	27.658634 	25.059929 	30.413813 	26.925823 	28.231188 	29.732138 	41.773197 	45.122055 	43.324360 	44.271889 	45.607018 	48.662102 	46.840153 	47.539455 	50.635956 	50.447994 	51.419842 	44.553337 	50.447994 	51.613953 	51.400391 	50.990196 	54.644306 	55.605755 	55.317268 	56.080299 	57.314919 	
10.295630 	153.574081 	93.723000 	51.971146 	47.885281 	999.000000 	94.201912 	54.561890 	132.245987 	90.443352 	95.210297 	61.983868 	61.684681 	59.203041 	57.974133 	14.422205 	15.033297 	14.764823 	69.641945 	67.186310 	18.788294 	65.734314 	67.911705 	70.092796 	71.063354 	64.938431 	74.215904 	68.249542 	69.050705 	71.196907 	84.344528 	86.977005 	83.486526 	84.480766 	86.700638 	91.241440 	87.572830 	88.684837 	93.214806 	91.662422 	92.655273 	74.431175 	81.498466 	84.291161 	83.384651 	80.752708 	87.367043 	86.700638 	85.000000 	85.988373 	85.510231 	
96.208107 	63.063461 	4.242640 	43.139309 	47.381432 	94.201912 	999.000000 	42.011902 	41.629318 	5.099020 	2.236068 	41.231056 	42.154476 	44.777225 	46.097721 	96.176918 	104.690018 	97.590981 	38.832977 	41.231056 	99.824844 	43.416588 	41.976185 	40.607880 	40.447498 	47.296936 	39.115215 	44.721359 	45.541191 	44.283180 	42.755116 	45.354160 	48.662102 	48.836460 	47.296936 	44.598206 	48.507732 	47.801674 	45.310043 	48.703182 	49.040798 	65.007690 	66.272163 	64.629715 	65.490456 	68.183578 	66.098412 	68.883957 	70.576202 	70.710678 	73.552704 	
55.000000 	104.623131 	42.720020 	4.472136 	7.071068 	54.561890 	42.011902 	999.000000 	83.006027 	37.536648 	42.520584 	11.180340 	11.661903 	11.313708 	11.401754 	54.561890 	63.411354 	55.973209 	18.681541 	17.464249 	57.982758 	17.492855 	18.788294 	20.248457 	21.189621 	19.849434 	23.769728 	21.095022 	22.472204 	23.706539 	35.171009 	38.600517 	37.161808 	38.078865 	39.217342 	41.976185 	40.496914 	41.109608 	43.931767 	43.965897 	44.922153 	40.607880 	45.967381 	46.754681 	46.690472 	46.754681 	49.678970 	50.931328 	50.931328 	51.623638 	53.150730 	
135.591293 	21.633308 	40.311287 	83.486526 	87.658424 	132.245987 	41.629318 	83.006027 	999.000000 	46.615448 	41.785164 	82.855293 	83.773506 	86.406021 	87.726852 	136.033081 	144.045135 	137.437256 	80.006248 	82.540901 	140.000000 	84.758484 	83.168503 	81.608826 	81.320351 	88.543777 	79.555016 	85.726311 	86.400230 	84.899940 	80.504662 	82.219215 	86.469650 	86.371292 	84.214012 	80.024994 	85.146935 	84.095184 	80.000000 	84.005951 	84.000000 	104.560989 	104.580116 	102.313248 	103.392456 	106.677086 	103.121284 	106.169678 	108.295891 	108.226616 	111.287918 	
92.097771 	67.977936 	8.246211 	38.948685 	43.185646 	90.443352 	5.099020 	37.536648 	46.615448 	999.000000 	5.000000 	36.249138 	37.161808 	39.812057 	41.146080 	91.934761 	100.568382 	93.348808 	33.734257 	36.138622 	95.482986 	38.327538 	36.878178 	35.510563 	35.355339 	42.201897 	34.058773 	39.623226 	40.447498 	39.204590 	38.078865 	40.804413 	43.931767 	44.147480 	42.720020 	40.311287 	43.965897 	43.324360 	41.146080 	44.384682 	44.777225 	60.000000 	61.400326 	59.841457 	60.671246 	63.285069 	61.392181 	64.132675 	65.764732 	65.924202 	68.731361 	
97.000000 	63.071388 	6.403124 	43.863426 	48.104053 	95.210297 	2.236068 	42.520584 	41.785164 	5.000000 	999.000000 	41.146080 	42.047592 	44.721359 	46.065170 	96.876213 	105.475113 	98.290382 	38.327538 	40.804413 	100.448990 	43.011627 	41.484936 	40.024994 	39.812057 	46.840153 	38.327538 	44.147480 	44.911022 	43.566040 	41.436699 	43.931767 	47.381432 	47.518417 	45.891174 	43.011627 	47.074409 	46.324940 	43.657761 	47.127487 	47.434166 	64.070274 	65.122963 	63.387695 	64.280632 	67.067131 	64.776543 	67.601776 	69.354164 	69.462219 	72.339478 	
60.827625 	104.216118 	43.011627 	15.652476 	17.464249 	61.983868 	41.231056 	11.180340 	82.855293 	36.249138 	41.146080 	999.000000 	1.000000 	3.605551 	5.000000 	59.682495 	68.963760 	61.057350 	8.000000 	6.324555 	62.425957 	6.403124 	7.615773 	9.219544 	10.198039 	9.433981 	13.038404 	10.000000 	11.401754 	12.529964 	24.331051 	27.658634 	26.000000 	26.925823 	28.160255 	31.257000 	29.410883 	30.083218 	33.241539 	32.984844 	33.955853 	30.886890 	35.608986 	36.069378 	36.124783 	36.619667 	38.897301 	40.360870 	40.607880 	41.231056 	43.011627 	
60.373837 	105.118980 	43.965897 	16.124516 	17.720045 	61.684681 	42.154476 	11.661903 	83.773506 	37.161808 	42.047592 	1.000000 	999.000000 	2.828427 	4.242640 	59.169250 	68.476273 	60.539242 	8.062258 	6.082763 	61.854668 	5.830952 	7.280110 	9.055386 	10.049875 	8.602325 	13.000000 	9.433981 	10.816654 	12.083046 	24.186773 	27.459061 	25.632011 	26.570660 	27.892651 	31.144823 	29.120440 	29.832869 	33.136082 	32.756680 	33.734257 	30.016663 	34.828148 	35.355339 	35.383614 	35.805027 	38.209946 	39.623226 	39.824615 	40.459858 	42.201897 	
57.697487 	107.786827 	46.486557 	15.620500 	16.552946 	59.203041 	44.777225 	11.313708 	86.406021 	39.812057 	44.721359 	3.605551 	2.828427 	999.000000 	1.414214 	56.435802 	65.764732 	57.801384 	10.440307 	8.062258 	59.076221 	7.071068 	9.000000 	11.045361 	12.041595 	8.602325 	15.132746 	10.440307 	11.704700 	13.341664 	26.019224 	29.154760 	26.925823 	27.892651 	29.427877 	33.015148 	30.594116 	31.400637 	35.014282 	34.365681 	35.355339 	29.410883 	34.655445 	35.468296 	35.383614 	35.468296 	38.418747 	39.623226 	39.623226 	40.311287 	41.868843 	
56.364883 	109.123779 	47.759815 	15.556349 	16.124516 	57.974133 	46.097721 	11.401754 	87.726852 	41.146080 	46.065170 	5.000000 	4.242640 	1.414214 	999.000000 	55.072678 	64.412735 	56.435802 	11.704700 	9.219544 	57.688820 	8.000000 	10.049875 	12.165525 	13.152946 	8.944272 	16.278820 	11.180340 	12.369317 	14.142136 	27.000000 	30.066593 	27.658634 	28.635643 	30.265491 	34.000000 	31.400637 	32.249031 	36.000000 	35.227829 	36.221542 	29.206163 	34.655445 	35.608986 	35.468296 	35.383614 	38.600517 	39.698868 	39.597980 	40.311287 	41.773197 	
4.242640 	157.610275 	96.332756 	53.037724 	48.795490 	14.422205 	96.176918 	54.561890 	136.033081 	91.934761 	96.876213 	59.682495 	59.169250 	56.435802 	55.072678 	999.000000 	9.486833 	1.414214 	66.648331 	63.953106 	5.000000 	62.169125 	64.404968 	66.640831 	67.542580 	60.539242 	70.682388 	64.078079 	64.621979 	66.850578 	79.711983 	81.908485 	77.884529 	78.847954 	81.320351 	86.330757 	82.006096 	83.240616 	88.232651 	86.127815 	87.091904 	66.121101 	73.061615 	76.164299 	75.106590 	72.006943 	79.101204 	78.006409 	76.006577 	77.006493 	76.105194 	
8.485281 	165.556641 	104.661362 	61.619801 	57.384666 	15.033297 	104.690018 	63.411354 	144.045135 	100.568382 	105.475113 	68.963760 	68.476273 	65.764732 	64.412735 	9.486833 	999.000000 	8.246211 	76.026314 	73.348480 	9.219544 	71.589104 	73.824112 	76.059189 	76.967529 	70.007141 	80.112419 	73.539108 	74.094536 	76.321686 	89.196411 	91.394745 	87.361320 	88.323273 	90.801979 	95.817535 	91.482239 	92.720009 	97.718987 	95.603348 	96.566040 	75.325958 	82.219215 	85.375641 	84.291161 	81.098709 	88.277969 	87.091904 	85.023529 	86.023254 	85.005882 	
4.472136 	159.012573 	97.744568 	54.451813 	50.209560 	14.764823 	97.590981 	55.973209 	137.437256 	93.348808 	98.290382 	61.057350 	60.539242 	57.801384 	56.435802 	1.414214 	8.246211 	999.000000 	68.000000 	65.299309 	4.123106 	63.505905 	65.741920 	67.977936 	68.876701 	61.846584 	72.013885 	65.391129 	65.924202 	68.154236 	80.993828 	83.168503 	79.120163 	80.081207 	82.565125 	87.595665 	83.240616 	84.480766 	89.493019 	87.361320 	88.323273 	67.186310 	74.108032 	77.233414 	76.164299 	73.027390 	80.156097 	79.025314 	77.000000 	78.000000 	77.058418 	
68.029404 	101.019798 	41.303753 	23.086792 	25.317978 	69.641945 	38.832977 	18.681541 	80.006248 	33.734257 	38.327538 	8.000000 	8.062258 	10.440307 	11.704700 	66.648331 	76.026314 	68.000000 	999.000000 	2.828427 	69.115845 	5.000000 	3.162278 	2.236068 	2.828427 	8.544003 	5.099020 	6.000000 	7.071068 	6.708204 	16.492422 	19.924858 	18.867962 	19.723083 	20.615528 	23.345236 	21.931713 	22.472204 	25.317978 	25.298222 	26.248810 	27.892651 	31.304953 	31.064449 	31.384710 	32.695564 	33.600594 	35.510563 	36.235340 	36.715118 	38.910152 	
65.391129 	103.619499 	43.566040 	21.931713 	23.769728 	67.186310 	41.231056 	17.464249 	82.540901 	36.138622 	40.804413 	6.324555 	6.082763 	8.062258 	9.219544 	63.953106 	73.348480 	65.299309 	2.828427 	999.000000 	66.370171 	2.236068 	1.414214 	3.000000 	4.000000 	6.082763 	7.071068 	4.472136 	5.830952 	6.403124 	18.110771 	21.377558 	19.697716 	20.615528 	21.840330 	25.079872 	23.086792 	23.769728 	27.073973 	26.683329 	27.658634 	26.570660 	30.528675 	30.610456 	30.805843 	31.764761 	33.301651 	35.000000 	35.510563 	36.055511 	38.078865 	
8.544003 	161.604462 	100.124924 	56.727417 	52.497620 	18.788294 	99.824844 	57.982758 	140.000000 	95.482986 	100.448990 	62.425957 	61.854668 	59.076221 	57.688820 	5.000000 	9.219544 	4.123106 	69.115845 	66.370171 	999.000000 	64.498062 	66.730804 	68.963760 	69.835518 	62.609905 	72.945183 	66.189125 	66.640831 	68.876701 	81.541397 	83.570328 	79.378838 	80.324341 	82.873398 	88.022728 	83.486526 	84.758484 	89.888817 	87.595665 	88.543777 	66.610809 	73.437050 	76.655075 	75.538071 	72.249565 	79.511009 	78.230431 	76.105194 	77.103828 	76.006577 	
63.694584 	105.848946 	45.705578 	21.954498 	23.409399 	65.734314 	43.416588 	17.492855 	84.758484 	38.327538 	43.011627 	6.403124 	5.830952 	7.071068 	8.000000 	62.169125 	71.589104 	63.505905 	5.000000 	2.236068 	64.498062 	999.000000 	2.236068 	4.472136 	5.385165 	4.000000 	8.544003 	3.605551 	5.000000 	6.324555 	19.000000 	22.090721 	19.924858 	20.880613 	22.360680 	26.000000 	23.537205 	24.331051 	28.000000 	27.294687 	28.284271 	25.079872 	29.410883 	29.732138 	29.832869 	30.528675 	32.526913 	34.058773 	34.409302 	35.000000 	36.891735 	
65.924202 	104.177734 	44.407207 	23.259407 	25.000000 	67.911705 	41.976185 	18.788294 	83.168503 	36.878178 	41.484936 	7.615773 	7.280110 	9.000000 	10.049875 	64.404968 	73.824112 	65.741920 	3.162278 	1.414214 	66.730804 	2.236068 	999.000000 	2.236068 	3.162278 	5.385165 	6.324555 	3.162278 	4.472136 	5.000000 	17.029387 	20.223749 	18.384777 	19.313208 	20.615528 	24.020824 	21.840330 	22.561028 	26.019224 	25.495098 	26.476404 	25.298222 	29.154760 	29.206163 	29.410883 	30.413813 	31.890438 	33.600594 	34.132095 	34.669872 	36.715118 	
68.154236 	102.528046 	43.185646 	24.698177 	26.683329 	70.092796 	40.607880 	20.248457 	81.608826 	35.510563 	40.024994 	9.219544 	9.055386 	11.045361 	12.165525 	66.640831 	76.059189 	67.977936 	2.236068 	3.000000 	68.963760 	4.472136 	2.236068 	999.000000 	1.000000 	7.211102 	4.123106 	4.123106 	5.000000 	4.472136 	15.132746 	18.439089 	17.000000 	17.888544 	18.973665 	22.090721 	20.248457 	20.880613 	24.083189 	23.769728 	24.738634 	25.709921 	29.068884 	28.844410 	29.154760 	30.463093 	31.400637 	33.286633 	34.000000 	34.481880 	36.674240 	
69.079666 	102.181213 	43.104523 	25.632011 	27.658634 	71.063354 	40.447498 	21.189621 	81.320351 	35.355339 	39.812057 	10.198039 	10.049875 	12.041595 	13.152946 	67.542580 	76.967529 	68.876701 	2.828427 	4.000000 	69.835518 	5.385165 	3.162278 	1.000000 	999.000000 	7.810250 	3.162278 	4.472136 	5.099020 	4.123106 	14.142136 	17.464249 	16.124516 	17.000000 	18.027756 	21.095022 	19.313208 	19.924858 	23.086792 	22.803509 	23.769728 	25.495098 	28.635643 	28.301943 	28.653097 	30.083218 	30.805843 	32.756680 	33.541019 	34.000000 	36.249138 	
62.297672 	109.562767 	49.648766 	24.207438 	25.059929 	64.938431 	47.296936 	19.849434 	88.543777 	42.201897 	46.840153 	9.433981 	8.602325 	8.602325 	8.944272 	60.539242 	70.007141 	61.846584 	8.544003 	6.082763 	62.609905 	4.000000 	5.385165 	7.211102 	7.810250 	999.000000 	10.630146 	3.605551 	4.123106 	6.324555 	19.416489 	22.090721 	19.104973 	20.099751 	22.000000 	26.305893 	23.021729 	24.000000 	28.284271 	27.000000 	28.000000 	21.470911 	26.248810 	26.907248 	26.870058 	27.202942 	29.832869 	31.112698 	31.240999 	31.890438 	33.600594 	
72.235725 	100.244698 	42.000000 	28.160255 	30.413813 	74.215904 	39.115215 	23.769728 	79.555016 	34.058773 	38.327538 	13.038404 	13.000000 	15.132746 	16.278820 	70.682388 	80.112419 	72.013885 	5.099020 	7.071068 	72.945183 	8.544003 	6.324555 	4.123106 	3.162278 	10.630146 	999.000000 	7.071068 	7.211102 	5.385165 	11.401754 	14.866069 	14.212670 	15.000000 	15.652476 	18.248287 	17.000000 	17.464249 	20.223749 	20.248457 	21.189621 	26.076809 	28.460499 	27.730848 	28.231188 	30.083218 	30.016663 	32.202484 	33.241539 	33.615471 	36.055511 	
65.787537 	106.625511 	47.265209 	25.553865 	26.925823 	68.249542 	44.721359 	21.095022 	85.726311 	39.623226 	44.147480 	10.000000 	9.433981 	10.440307 	11.180340 	64.078079 	73.539108 	65.391129 	6.000000 	4.472136 	66.189125 	3.605551 	3.162278 	4.123106 	4.472136 	3.605551 	7.071068 	999.000000 	1.414214 	3.000000 	16.124516 	19.000000 	16.492422 	17.464249 	19.104973 	23.086792 	20.223749 	21.095022 	25.079872 	24.083189 	25.079872 	22.135944 	26.076809 	26.248810 	26.400757 	27.294687 	29.000000 	30.610456 	31.064449 	31.622776 	33.615471 	
66.407829 	107.224068 	48.166378 	26.925823 	28.231188 	69.050705 	45.541191 	22.472204 	86.400230 	40.447498 	44.911022 	11.401754 	10.816654 	11.704700 	12.369317 	64.621979 	74.094536 	65.924202 	7.071068 	5.830952 	66.640831 	5.000000 	4.472136 	5.000000 	5.099020 	4.123106 	7.211102 	1.414214 	999.000000 	2.236068 	15.297058 	18.027756 	15.297058 	16.278820 	18.027756 	22.203604 	19.104973 	20.024984 	24.186773 	23.021729 	24.020824 	20.880613 	24.698177 	24.839485 	25.000000 	25.942244 	27.586229 	29.206163 	29.681644 	30.232433 	32.249031 	
68.622154 	105.621971 	47.042534 	28.178005 	29.732138 	71.196907 	44.283180 	23.706539 	84.899940 	39.204590 	43.566040 	12.529964 	12.083046 	13.341664 	14.142136 	66.850578 	76.321686 	68.154236 	6.708204 	6.403124 	68.876701 	6.324555 	5.000000 	4.472136 	4.123106 	6.324555 	5.385165 	3.000000 	2.236068 	999.000000 	13.152946 	16.000000 	13.601471 	14.560220 	16.124516 	20.099751 	17.262676 	18.110771 	22.090721 	21.095022 	22.090721 	21.377558 	24.596748 	24.413111 	24.698177 	26.000000 	27.018513 	28.844410 	29.529646 	30.016663 	32.202484 	
81.608826 	100.224747 	46.324940 	39.560081 	41.773197 	84.344528 	42.755116 	35.171009 	80.504662 	38.078865 	41.436699 	24.331051 	24.186773 	26.019224 	27.000000 	79.711983 	89.196411 	80.993828 	16.492422 	18.110771 	81.541397 	19.000000 	17.029387 	15.132746 	14.142136 	19.416489 	11.401754 	16.124516 	15.297058 	13.152946 	999.000000 	3.605551 	6.000000 	6.082763 	5.000000 	7.000000 	6.403124 	6.403124 	9.000000 	8.944272 	9.848858 	24.698177 	24.083189 	22.022715 	23.000000 	26.172504 	23.345236 	26.172504 	28.017851 	28.071337 	31.016125 	
83.934502 	101.607086 	49.040798 	43.011627 	45.122055 	86.977005 	45.354160 	38.600517 	82.219215 	40.804413 	43.931767 	27.658634 	27.459061 	29.154760 	30.066593 	81.908485 	91.394745 	83.168503 	19.924858 	21.377558 	83.570328 	22.090721 	20.223749 	18.439089 	17.464249 	22.090721 	14.866069 	19.000000 	18.027756 	16.000000 	3.605551 	999.000000 	5.000000 	4.472136 	2.000000 	4.472136 	3.162278 	2.828427 	6.324555 	5.385165 	6.324555 	24.186773 	22.561028 	20.099751 	21.213203 	24.738634 	21.023796 	24.000000 	26.076809 	26.019224 	29.068884 	
80.049988 	106.099007 	52.172791 	41.629318 	43.324360 	83.486526 	48.662102 	37.161808 	86.469650 	43.931767 	47.381432 	26.000000 	25.632011 	26.925823 	27.658634 	77.884529 	87.361320 	79.120163 	18.867962 	19.697716 	79.378838 	19.924858 	18.384777 	17.000000 	16.124516 	19.104973 	14.212670 	16.492422 	15.297058 	13.601471 	6.000000 	5.000000 	999.000000 	1.000000 	3.605551 	9.219544 	4.123106 	5.385165 	10.816654 	8.246211 	9.219544 	19.235384 	18.110771 	16.031219 	17.000000 	20.223749 	17.464249 	20.223749 	22.022715 	22.090721 	25.019993 	
81.024689 	105.905617 	52.392746 	42.544094 	44.271889 	84.480766 	48.836460 	38.078865 	86.371292 	44.147480 	47.518417 	26.925823 	26.570660 	27.892651 	28.635643 	78.847954 	88.323273 	80.081207 	19.723083 	20.615528 	80.324341 	20.880613 	19.313208 	17.888544 	17.000000 	20.099751 	15.000000 	17.464249 	16.278820 	14.560220 	6.082763 	4.472136 	1.000000 	999.000000 	2.828427 	8.485281 	3.162278 	4.472136 	10.000000 	7.280110 	8.246211 	19.723083 	18.248287 	16.000000 	17.029387 	20.396078 	17.262676 	20.099751 	22.000000 	22.022715 	25.000000 	
83.432610 	103.576057 	50.960770 	43.657761 	45.607018 	86.700638 	47.296936 	39.217342 	84.214012 	42.720020 	45.891174 	28.160255 	27.892651 	29.427877 	30.265491 	81.320351 	90.801979 	82.565125 	20.615528 	21.840330 	82.873398 	22.360680 	20.615528 	18.973665 	18.027756 	22.000000 	15.652476 	19.104973 	18.027756 	16.124516 	5.000000 	2.000000 	3.605551 	2.828427 	999.000000 	5.656854 	1.414214 	2.000000 	7.211102 	5.000000 	6.000000 	22.472204 	20.615528 	18.110771 	19.235384 	22.803509 	19.026299 	22.000000 	24.083189 	24.020824 	27.073973 	
88.323273 	98.994949 	48.466484 	46.324940 	48.662102 	91.241440 	44.598206 	41.976185 	80.024994 	40.311287 	43.011627 	31.257000 	31.144823 	33.015148 	34.000000 	86.330757 	95.817535 	87.595665 	23.345236 	25.079872 	88.022728 	26.000000 	24.020824 	22.090721 	21.095022 	26.305893 	18.248287 	23.086792 	22.203604 	20.099751 	7.000000 	4.472136 	9.219544 	8.485281 	5.656854 	999.000000 	5.830952 	4.472136 	2.000000 	4.123106 	4.472136 	28.017851 	25.632011 	22.803509 	24.041630 	27.856777 	23.194826 	26.305893 	28.635643 	28.442924 	31.575306 	
84.172440 	104.393486 	52.201534 	44.944408 	46.840153 	87.572830 	48.507732 	40.496914 	85.146935 	43.965897 	47.074409 	29.410883 	29.120440 	30.594116 	31.400637 	82.006096 	91.482239 	83.240616 	21.931713 	23.086792 	83.486526 	23.537205 	21.840330 	20.248457 	19.313208 	23.021729 	17.000000 	20.223749 	19.104973 	17.262676 	6.403124 	3.162278 	4.123106 	3.162278 	1.414214 	5.830952 	999.000000 	1.414214 	7.071068 	4.123106 	5.099020 	22.203604 	19.924858 	17.262676 	18.439089 	22.135944 	18.000000 	21.023796 	23.194826 	23.086792 	26.172504 	
85.375641 	103.247276 	51.546097 	45.541191 	47.539455 	88.684837 	47.801674 	41.109608 	84.095184 	43.324360 	46.324940 	30.083218 	29.832869 	31.400637 	32.249031 	83.240616 	92.720009 	84.480766 	22.472204 	23.769728 	84.758484 	24.331051 	22.561028 	20.880613 	19.924858 	24.000000 	17.464249 	21.095022 	20.024984 	18.110771 	6.403124 	2.828427 	5.385165 	4.472136 	2.000000 	4.472136 	1.414214 	999.000000 	5.656854 	3.000000 	4.000000 	23.600847 	21.189621 	18.439089 	19.646883 	23.409399 	19.026299 	22.090721 	24.331051 	24.186773 	27.294687 	
90.249657 	98.731964 	49.244289 	48.270073 	50.635956 	93.214806 	45.310043 	43.931767 	80.000000 	41.146080 	43.657761 	33.241539 	33.136082 	35.014282 	36.000000 	88.232651 	97.718987 	89.493019 	25.317978 	27.073973 	89.888817 	28.000000 	26.019224 	24.083189 	23.086792 	28.284271 	20.223749 	25.079872 	24.186773 	22.090721 	9.000000 	6.324555 	10.816654 	10.000000 	7.211102 	2.000000 	7.071068 	5.656854 	999.000000 	4.123106 	4.000000 	29.206163 	26.400757 	23.409399 	24.698177 	28.635643 	23.537205 	26.683329 	29.120440 	28.861740 	32.015621 	
88.294960 	102.825096 	52.554733 	48.383881 	50.447994 	91.662422 	48.703182 	43.965897 	84.005951 	44.384682 	47.127487 	32.984844 	32.756680 	34.365681 	35.227829 	86.127815 	95.603348 	87.361320 	25.298222 	26.683329 	87.595665 	27.294687 	25.495098 	23.769728 	22.803509 	27.000000 	20.248457 	24.083189 	23.021729 	21.095022 	8.944272 	5.385165 	8.246211 	7.280110 	5.000000 	4.123106 	4.123106 	3.000000 	4.123106 	999.000000 	1.000000 	25.495098 	22.360680 	19.313208 	20.615528 	24.596748 	19.416489 	22.561028 	25.000000 	24.738634 	27.892651 	
89.269257 	102.703453 	52.924473 	49.335587 	51.419842 	92.655273 	49.040798 	44.922153 	84.000000 	44.777225 	47.434166 	33.955853 	33.734257 	35.355339 	36.221542 	87.091904 	96.566040 	88.323273 	26.248810 	27.658634 	88.543777 	28.284271 	26.476404 	24.738634 	23.769728 	28.000000 	21.189621 	25.079872 	24.020824 	22.090721 	9.848858 	6.324555 	9.219544 	8.246211 	6.000000 	4.472136 	5.099020 	4.000000 	4.000000 	1.000000 	999.000000 	26.172504 	22.825424 	19.697716 	21.023796 	25.059929 	19.646883 	22.803509 	25.298222 	25.000000 	28.160255 	
69.007248 	124.663544 	68.029404 	44.687805 	44.553337 	74.431175 	65.007690 	40.607880 	104.560989 	60.000000 	64.070274 	30.886890 	30.016663 	29.410883 	29.206163 	66.121101 	75.325958 	67.186310 	27.892651 	26.570660 	66.610809 	25.079872 	25.298222 	25.709921 	25.495098 	21.470911 	26.076809 	22.135944 	20.880613 	21.377558 	24.698177 	24.186773 	19.235384 	19.723083 	22.472204 	28.017851 	22.203604 	23.600847 	29.206163 	25.495098 	26.172504 	999.000000 	7.071068 	10.049875 	9.000000 	6.708204 	13.000000 	12.369317 	11.180340 	12.083046 	12.806249 	
76.000000 	124.149101 	69.584480 	50.209560 	50.447994 	81.498466 	66.272163 	45.967381 	104.580116 	61.400326 	65.122963 	35.608986 	34.828148 	34.655445 	34.655445 	73.061615 	82.219215 	74.108032 	31.304953 	30.528675 	73.437050 	29.410883 	29.154760 	29.068884 	28.635643 	26.248810 	28.460499 	26.076809 	24.698177 	24.596748 	24.083189 	22.561028 	18.110771 	18.248287 	20.615528 	25.632011 	19.924858 	21.189621 	26.400757 	22.360680 	22.825424 	7.071068 	999.000000 	3.605551 	2.236068 	2.236068 	6.082763 	5.385165 	5.000000 	5.656854 	7.615773 	
79.025314 	121.655251 	68.066147 	51.088158 	51.613953 	84.291161 	64.629715 	46.754681 	102.313248 	59.841457 	63.387695 	36.069378 	35.355339 	35.468296 	35.608986 	76.164299 	85.375641 	77.233414 	31.064449 	30.610456 	76.655075 	29.732138 	29.206163 	28.844410 	28.301943 	26.907248 	27.730848 	26.248810 	24.839485 	24.413111 	22.022715 	20.099751 	16.031219 	16.000000 	18.110771 	22.803509 	17.262676 	18.439089 	23.409399 	19.313208 	19.697716 	10.049875 	3.605551 	999.000000 	1.414214 	5.656854 	3.162278 	4.472136 	6.000000 	6.082763 	9.000000 	
78.006409 	122.808792 	68.883957 	50.990196 	51.400391 	83.384651 	65.490456 	46.690472 	103.392456 	60.671246 	64.280632 	36.124783 	35.383614 	35.383614 	35.468296 	75.106590 	84.291161 	76.164299 	31.384710 	30.805843 	75.538071 	29.832869 	29.410883 	29.154760 	28.653097 	26.870058 	28.231188 	26.400757 	25.000000 	24.698177 	23.000000 	21.213203 	17.000000 	17.029387 	19.235384 	24.041630 	18.439089 	19.646883 	24.698177 	20.615528 	21.023796 	9.000000 	2.236068 	1.414214 	999.000000 	4.242640 	4.000000 	4.242640 	5.099020 	5.385165 	8.062258 	
75.026665 	126.301224 	71.449280 	50.931328 	50.990196 	80.752708 	68.183578 	46.754681 	106.677086 	63.285069 	67.067131 	36.619667 	35.805027 	35.468296 	35.383614 	72.006943 	81.098709 	73.027390 	32.695564 	31.764761 	72.249565 	30.528675 	30.413813 	30.463093 	30.083218 	27.202942 	30.083218 	27.294687 	25.942244 	26.000000 	26.172504 	24.738634 	20.223749 	20.396078 	22.803509 	27.856777 	22.135944 	23.409399 	28.635643 	24.596748 	25.059929 	6.708204 	2.236068 	5.656854 	4.242640 	999.000000 	7.615773 	6.000000 	4.472136 	5.385165 	6.403124 	
82.006096 	122.188377 	69.634758 	54.037025 	54.644306 	87.367043 	66.098412 	49.678970 	103.121284 	61.392181 	64.776543 	38.897301 	38.209946 	38.418747 	38.600517 	79.101204 	88.277969 	80.156097 	33.600594 	33.301651 	79.511009 	32.526913 	31.890438 	31.400637 	30.805843 	29.832869 	30.016663 	29.000000 	27.586229 	27.018513 	23.345236 	21.023796 	17.464249 	17.262676 	19.026299 	23.194826 	18.000000 	19.026299 	23.537205 	19.416489 	19.646883 	13.000000 	6.082763 	3.162278 	4.000000 	7.615773 	999.000000 	3.162278 	5.830952 	5.385165 	8.544003 	
81.024689 	125.299644 	72.367119 	55.226807 	55.605755 	86.700638 	68.883957 	50.931328 	106.169678 	64.132675 	67.601776 	40.360870 	39.623226 	39.623226 	39.698868 	78.006409 	87.091904 	79.025314 	35.510563 	35.000000 	78.230431 	34.058773 	33.600594 	33.286633 	32.756680 	31.112698 	32.202484 	30.610456 	29.206163 	28.844410 	26.172504 	24.000000 	20.223749 	20.099751 	22.000000 	26.305893 	21.023796 	22.090721 	26.683329 	22.561028 	22.803509 	12.369317 	5.385165 	4.472136 	4.242640 	6.000000 	3.162278 	999.000000 	2.828427 	2.236068 	5.385165 	
79.101204 	127.577431 	73.979729 	55.154327 	55.317268 	85.000000 	70.576202 	50.931328 	108.295891 	65.764732 	69.354164 	40.607880 	39.824615 	39.623226 	39.597980 	76.006577 	85.023529 	77.000000 	36.235340 	35.510563 	76.105194 	34.409302 	34.132095 	34.000000 	33.541019 	31.240999 	33.241539 	31.064449 	29.681644 	29.529646 	28.017851 	26.076809 	22.022715 	22.000000 	24.083189 	28.635643 	23.194826 	24.331051 	29.120440 	25.000000 	25.298222 	11.180340 	5.000000 	6.000000 	5.099020 	4.472136 	5.830952 	2.828427 	999.000000 	1.000000 	3.000000 	
80.099937 	127.424484 	74.148499 	55.865910 	56.080299 	85.988373 	70.710678 	51.623638 	108.226616 	65.924202 	69.462219 	41.231056 	40.459858 	40.311287 	40.311287 	77.006493 	86.023254 	78.000000 	36.715118 	36.055511 	77.103828 	35.000000 	34.669872 	34.481880 	34.000000 	31.890438 	33.615471 	31.622776 	30.232433 	30.016663 	28.071337 	26.019224 	22.090721 	22.022715 	24.020824 	28.442924 	23.086792 	24.186773 	28.861740 	24.738634 	25.000000 	12.083046 	5.656854 	6.082763 	5.385165 	5.385165 	5.385165 	2.236068 	1.000000 	999.000000 	3.162278 	
79.309517 	130.541183 	76.941536 	57.314919 	57.314919 	85.510231 	73.552704 	53.150730 	111.287918 	68.731361 	72.339478 	43.011627 	42.201897 	41.868843 	41.773197 	76.105194 	85.005882 	77.058418 	38.910152 	38.078865 	76.006577 	36.891735 	36.715118 	36.674240 	36.249138 	33.600594 	36.055511 	33.615471 	32.249031 	32.202484 	31.016125 	29.068884 	25.019993 	25.000000 	27.073973 	31.575306 	26.172504 	27.294687 	32.015621 	27.892651 	28.160255 	12.806249 	7.615773 	9.000000 	8.062258 	6.403124 	8.544003 	5.385165 	3.000000 	3.162278 	999.000000 	

Travel time:
9.000000 	3.927865 	2.404423 	1.328768 	1.222957 	0.257391 	2.405203 	1.375000 	3.389782 	2.302444 	2.425000 	1.520691 	1.509346 	1.442437 	1.409122 	0.106066 	0.212132 	0.111803 	1.700735 	1.634778 	0.213600 	1.592365 	1.648105 	1.703856 	1.726992 	1.557442 	1.805893 	1.644688 	1.660196 	1.715554 	2.040221 	2.098362 	2.001250 	2.025617 	2.085815 	2.208082 	2.104311 	2.134391 	2.256241 	2.207374 	2.231731 	1.725181 	1.900000 	1.975633 	1.950160 	1.875667 	2.050152 	2.025617 	1.977530 	2.002498 	1.982738 	
3.927865 	9.000000 	1.547781 	2.627975 	2.732215 	3.839352 	1.576586 	2.615578 	0.540833 	1.699448 	1.576785 	2.605403 	2.627975 	2.694671 	2.728095 	3.940257 	4.138916 	3.975314 	2.525495 	2.590487 	4.040112 	2.646224 	2.604443 	2.563201 	2.554530 	2.739069 	2.506117 	2.665638 	2.680602 	2.640549 	2.505619 	2.540177 	2.652475 	2.647640 	2.589401 	2.474874 	2.609837 	2.581182 	2.468299 	2.570627 	2.567586 	3.116589 	3.103728 	3.041381 	3.070220 	3.157531 	3.054709 	3.132491 	3.189436 	3.185612 	3.263530 	
2.404423 	1.547781 	9.000000 	1.085415 	1.190850 	2.343075 	0.106066 	1.068001 	1.007782 	0.206155 	0.160078 	1.075291 	1.099147 	1.162164 	1.193995 	2.408319 	2.616534 	2.443614 	1.032594 	1.089151 	2.503123 	1.142639 	1.110180 	1.079641 	1.077613 	1.241219 	1.050000 	1.181630 	1.204159 	1.176063 	1.158123 	1.226020 	1.304320 	1.309819 	1.274019 	1.211662 	1.305038 	1.288652 	1.231107 	1.313868 	1.323112 	1.700735 	1.739612 	1.701654 	1.722099 	1.786232 	1.740869 	1.809178 	1.849493 	1.853712 	1.923538 	
1.328768 	2.627975 	1.085415 	9.000000 	0.106066 	1.299279 	1.078483 	0.111803 	2.087163 	0.973717 	1.096586 	0.391312 	0.403113 	0.390512 	0.388909 	1.325943 	1.540495 	1.361295 	0.577170 	0.548293 	1.418185 	0.548862 	0.581485 	0.617454 	0.640800 	0.605186 	0.704006 	0.638847 	0.673146 	0.704450 	0.989002 	1.075291 	1.040733 	1.063602 	1.091444 	1.158123 	1.123610 	1.138530 	1.206752 	1.209597 	1.233390 	1.117195 	1.255239 	1.277204 	1.274755 	1.273283 	1.350926 	1.380670 	1.378858 	1.396648 	1.432873 	
1.222957 	2.732215 	1.190850 	0.106066 	9.000000 	1.197132 	1.184536 	0.176777 	2.191461 	1.079641 	1.202601 	0.436606 	0.443001 	0.413824 	0.403113 	1.219887 	1.434617 	1.255239 	0.632949 	0.594243 	1.312441 	0.585235 	0.625000 	0.667083 	0.691466 	0.626498 	0.760345 	0.673146 	0.705780 	0.743303 	1.044330 	1.128051 	1.083109 	1.106797 	1.140175 	1.216552 	1.171004 	1.188486 	1.265899 	1.261200 	1.285496 	1.113833 	1.261200 	1.290349 	1.285010 	1.274755 	1.366108 	1.390144 	1.382932 	1.402007 	1.432873 	
0.257391 	3.839352 	2.343075 	1.299279 	1.197132 	9.000000 	2.355048 	1.364047 	3.306150 	2.261084 	2.380257 	1.549597 	1.542117 	1.480076 	1.449353 	0.360555 	0.375832 	0.369121 	1.741049 	1.679658 	0.469707 	1.643358 	1.697793 	1.752320 	1.776584 	1.623461 	1.855398 	1.706239 	1.726268 	1.779923 	2.108613 	2.174425 	2.087163 	2.112019 	2.167516 	2.281036 	2.189321 	2.217121 	2.330370 	2.291561 	2.316382 	1.860779 	2.037462 	2.107279 	2.084616 	2.018818 	2.184176 	2.167516 	2.125000 	2.149709 	2.137756 	
2.405203 	1.576586 	0.106066 	1.078483 	1.184536 	2.355048 	9.000000 	1.050297 	1.040733 	0.127475 	0.055902 	1.030776 	1.053862 	1.119431 	1.152443 	2.404423 	2.617250 	2.439775 	0.970824 	1.030776 	2.495621 	1.085415 	1.049405 	1.015197 	1.011187 	1.182423 	0.977880 	1.118034 	1.138530 	1.107080 	1.068878 	1.133854 	1.216552 	1.220912 	1.182423 	1.114955 	1.212693 	1.195042 	1.132751 	1.217580 	1.226020 	1.625192 	1.656804 	1.615743 	1.637261 	1.704589 	1.652460 	1.722099 	1.764405 	1.767767 	1.838818 	
1.375000 	2.615578 	1.068001 	0.111803 	0.176777 	1.364047 	1.050297 	9.000000 	2.075151 	0.938416 	1.063015 	0.279509 	0.291548 	0.282843 	0.285044 	1.364047 	1.585284 	1.399330 	0.467039 	0.436606 	1.449569 	0.437321 	0.469707 	0.506211 	0.529741 	0.496236 	0.594243 	0.527376 	0.561805 	0.592663 	0.879275 	0.965013 	0.929045 	0.951972 	0.980434 	1.049405 	1.012423 	1.027740 	1.098294 	1.099147 	1.123054 	1.015197 	1.149184 	1.168867 	1.167262 	1.168867 	1.241974 	1.273283 	1.273283 	1.290591 	1.328768 	
3.389782 	0.540833 	1.007782 	2.087163 	2.191461 	3.306150 	1.040733 	2.075151 	9.000000 	1.165386 	1.044629 	2.071382 	2.094338 	2.160151 	2.193171 	3.400827 	3.601128 	3.435931 	2.000156 	2.063523 	3.500000 	2.118962 	2.079213 	2.040221 	2.033009 	2.213594 	1.988875 	2.143158 	2.160006 	2.122499 	2.012617 	2.055480 	2.161741 	2.159282 	2.105350 	2.000625 	2.128673 	2.102380 	2.000000 	2.100149 	2.100000 	2.614025 	2.614503 	2.557831 	2.584811 	2.666927 	2.578032 	2.654242 	2.707397 	2.705665 	2.782198 	
2.302444 	1.699448 	0.206155 	0.973717 	1.079641 	2.261084 	0.127475 	0.938416 	1.165386 	9.000000 	0.125000 	0.906228 	0.929045 	0.995301 	1.028652 	2.298369 	2.514210 	2.333720 	0.843356 	0.903466 	2.387075 	0.958188 	0.921954 	0.887764 	0.883883 	1.055047 	0.851469 	0.990581 	1.011187 	0.980115 	0.951972 	1.020110 	1.098294 	1.103687 	1.068001 	1.007782 	1.099147 	1.083109 	1.028652 	1.109617 	1.119431 	1.500000 	1.535008 	1.496036 	1.516781 	1.582127 	1.534805 	1.603317 	1.644118 	1.648105 	1.718284 	
2.425000 	1.576785 	0.160078 	1.096586 	1.202601 	2.380257 	0.055902 	1.063015 	1.044629 	0.125000 	9.000000 	1.028652 	1.051190 	1.118034 	1.151629 	2.421905 	2.636878 	2.457260 	0.958188 	1.020110 	2.511225 	1.075291 	1.037123 	1.000625 	0.995301 	1.171004 	0.958188 	1.103687 	1.122776 	1.089151 	1.035918 	1.098294 	1.184536 	1.187960 	1.147279 	1.075291 	1.176860 	1.158123 	1.091444 	1.178187 	1.185854 	1.601757 	1.628074 	1.584692 	1.607016 	1.676678 	1.619414 	1.690044 	1.733854 	1.736555 	1.808487 	
1.520691 	2.605403 	1.075291 	0.391312 	0.436606 	1.549597 	1.030776 	0.279509 	2.071382 	0.906228 	1.028652 	9.000000 	0.025000 	0.090139 	0.125000 	1.492062 	1.724094 	1.526434 	0.200000 	0.158114 	1.560649 	0.160078 	0.190394 	0.230489 	0.254951 	0.235850 	0.325960 	0.250000 	0.285044 	0.313249 	0.608276 	0.691466 	0.650000 	0.673146 	0.704006 	0.781425 	0.735272 	0.752080 	0.831038 	0.824621 	0.848896 	0.772172 	0.890225 	0.901734 	0.903120 	0.915492 	0.972432 	1.009022 	1.015197 	1.030776 	1.075291 	
1.509346 	2.627975 	1.099147 	0.403113 	0.443001 	1.542117 	1.053862 	0.291548 	2.094338 	0.929045 	1.051190 	0.025000 	9.000000 	0.070711 	0.106066 	1.479231 	1.711907 	1.513481 	0.201556 	0.152069 	1.546367 	0.145774 	0.182003 	0.226385 	0.251247 	0.215058 	0.325000 	0.235850 	0.270416 	0.302076 	0.604669 	0.686477 	0.640800 	0.664266 	0.697316 	0.778621 	0.728011 	0.745822 	0.828402 	0.818917 	0.843356 	0.750417 	0.870704 	0.883883 	0.884590 	0.895126 	0.955249 	0.990581 	0.995615 	1.011496 	1.055047 	
1.442437 	2.694671 	1.162164 	0.390512 	0.413824 	1.480076 	1.119431 	0.282843 	2.160151 	0.995301 	1.118034 	0.090139 	0.070711 	9.000000 	0.035355 	1.410895 	1.644118 	1.445035 	0.261008 	0.201556 	1.476906 	0.176777 	0.225000 	0.276134 	0.301040 	0.215058 	0.378319 	0.261008 	0.292617 	0.333542 	0.650481 	0.728869 	0.673146 	0.697316 	0.735697 	0.825379 	0.764853 	0.785016 	0.875357 	0.859142 	0.883883 	0.735272 	0.866386 	0.886707 	0.884590 	0.886707 	0.960469 	0.990581 	0.990581 	1.007782 	1.046721 	
1.409122 	2.728095 	1.193995 	0.388909 	0.403113 	1.449353 	1.152443 	0.285044 	2.193171 	1.028652 	1.151629 	0.125000 	0.106066 	0.035355 	9.000000 	1.376817 	1.610318 	1.410895 	0.292617 	0.230489 	1.442220 	0.200000 	0.251247 	0.304138 	0.328824 	0.223607 	0.406971 	0.279509 	0.309233 	0.353553 	0.675000 	0.751665 	0.691466 	0.715891 	0.756637 	0.850000 	0.785016 	0.806226 	0.900000 	0.880696 	0.905539 	0.730154 	0.866386 	0.890225 	0.886707 	0.884590 	0.965013 	0.992472 	0.989950 	1.007782 	1.044330 	
0.106066 	3.940257 	2.408319 	1.325943 	1.219887 	0.360555 	2.404423 	1.364047 	3.400827 	2.298369 	2.421905 	1.492062 	1.479231 	1.410895 	1.376817 	9.000000 	0.237171 	0.035355 	1.666208 	1.598828 	0.125000 	1.554228 	1.610124 	1.666021 	1.688565 	1.513481 	1.767060 	1.601952 	1.615549 	1.671264 	1.992800 	2.047712 	1.947113 	1.971199 	2.033009 	2.158269 	2.050152 	2.081015 	2.205816 	2.153195 	2.177298 	1.653028 	1.826540 	1.904107 	1.877665 	1.800174 	1.977530 	1.950160 	1.900164 	1.925162 	1.902630 	
0.212132 	4.138916 	2.616534 	1.540495 	1.434617 	0.375832 	2.617250 	1.585284 	3.601128 	2.514210 	2.636878 	1.724094 	1.711907 	1.644118 	1.610318 	0.237171 	9.000000 	0.206155 	1.900658 	1.833712 	0.230489 	1.789728 	1.845603 	1.901480 	1.924188 	1.750179 	2.002810 	1.838478 	1.852363 	1.908042 	2.229910 	2.284869 	2.184033 	2.208082 	2.270050 	2.395438 	2.287056 	2.318000 	2.442975 	2.390084 	2.414151 	1.883149 	2.055480 	2.134391 	2.107279 	2.027468 	2.206949 	2.177298 	2.125588 	2.150581 	2.125147 	
0.111803 	3.975314 	2.443614 	1.361295 	1.255239 	0.369121 	2.439775 	1.399330 	3.435931 	2.333720 	2.457260 	1.526434 	1.513481 	1.445035 	1.410895 	0.035355 	0.206155 	9.000000 	1.700000 	1.632483 	0.103078 	1.587648 	1.643548 	1.699448 	1.721918 	1.546165 	1.800347 	1.634778 	1.648105 	1.703856 	2.024846 	2.079213 	1.978004 	2.002030 	2.064128 	2.189892 	2.081015 	2.112019 	2.237325 	2.184033 	2.208082 	1.679658 	1.852701 	1.930835 	1.904107 	1.825685 	2.003902 	1.975633 	1.925000 	1.950000 	1.926461 	
1.700735 	2.525495 	1.032594 	0.577170 	0.632949 	1.741049 	0.970824 	0.467039 	2.000156 	0.843356 	0.958188 	0.200000 	0.201556 	0.261008 	0.292617 	1.666208 	1.900658 	1.700000 	9.000000 	0.070711 	1.727896 	0.125000 	0.079057 	0.055902 	0.070711 	0.213600 	0.127475 	0.150000 	0.176777 	0.167705 	0.412311 	0.498121 	0.471699 	0.493077 	0.515388 	0.583631 	0.548293 	0.561805 	0.632949 	0.632456 	0.656220 	0.697316 	0.782624 	0.776611 	0.784618 	0.817389 	0.840015 	0.887764 	0.905883 	0.917878 	0.972754 	
1.634778 	2.590487 	1.089151 	0.548293 	0.594243 	1.679658 	1.030776 	0.436606 	2.063523 	0.903466 	1.020110 	0.158114 	0.152069 	0.201556 	0.230489 	1.598828 	1.833712 	1.632483 	0.070711 	9.000000 	1.659254 	0.055902 	0.035355 	0.075000 	0.100000 	0.152069 	0.176777 	0.111803 	0.145774 	0.160078 	0.452769 	0.534439 	0.492443 	0.515388 	0.546008 	0.626997 	0.577170 	0.594243 	0.676849 	0.667083 	0.691466 	0.664266 	0.763217 	0.765261 	0.770146 	0.794119 	0.832541 	0.875000 	0.887764 	0.901388 	0.951972 	
0.213600 	4.040112 	2.503123 	1.418185 	1.312441 	0.469707 	2.495621 	1.449569 	3.500000 	2.387075 	2.511225 	1.560649 	1.546367 	1.476906 	1.442220 	0.125000 	0.230489 	0.103078 	1.727896 	1.659254 	9.000000 	1.612452 	1.668270 	1.724094 	1.745888 	1.565248 	1.823630 	1.654728 	1.666021 	1.721918 	2.038535 	2.089258 	1.984471 	2.008109 	2.071835 	2.200568 	2.087163 	2.118962 	2.247221 	2.189892 	2.213594 	1.665270 	1.835926 	1.916377 	1.888452 	1.806239 	1.987775 	1.955761 	1.902630 	1.927596 	1.900164 	
1.592365 	2.646224 	1.142639 	0.548862 	0.585235 	1.643358 	1.085415 	0.437321 	2.118962 	0.958188 	1.075291 	0.160078 	0.145774 	0.176777 	0.200000 	1.554228 	1.789728 	1.587648 	0.125000 	0.055902 	1.612452 	9.000000 	0.055902 	0.111803 	0.134629 	0.100000 	0.213600 	0.090139 	0.125000 	0.158114 	0.475000 	0.552268 	0.498121 	0.522015 	0.559017 	0.650000 	0.588430 	0.608276 	0.700000 	0.682367 	0.707107 	0.626997 	0.735272 	0.743303 	0.745822 	0.763217 	0.813173 	0.851469 	0.860233 	0.875000 	0.922293 	
