UB = 926
M = 110

Distance:
999.000000 	5.830952 	14.142136 	52.478565 	81.688431 	17.691807 	16.278820 	84.148682 	94.794518 	47.853943 	24.413111 	63.063461 	105.418213 	87.005745 	36.055511 	76.537575 	57.567352 	26.925823 	33.615471 	25.806976 	49.091751 	81.841309 	88.192970 	42.154476 	99.126183 	36.124783 	61.204575 	60.074955 	38.832977 	99.478638 	64.381676 	37.536648 	39.698868 	63.007935 	44.777225 	62.072536 	67.029846 	69.000000 	65.375839 	69.115845 	47.801674 	53.084839 	64.257294 	60.901562 	54.589375 	81.584312 	75.643906 	81.541397 	80.529495 	81.859634 	79.755875 	75.822159 	82.764725 	83.240616 	79.649231 	90.620087 	102.391403 	88.005684 	102.142059 	102.459747 	110.018181 	
5.830952 	999.000000 	16.552946 	50.000000 	79.931221 	20.124611 	18.357559 	82.879433 	93.723000 	44.944408 	25.495098 	60.207973 	104.350372 	85.041168 	31.400637 	73.783470 	53.851646 	25.942244 	34.058773 	20.000000 	44.407207 	78.892334 	85.440041 	41.677334 	96.519424 	30.413813 	56.568542 	55.326305 	33.015148 	96.798759 	59.841457 	31.827662 	33.970577 	58.137768 	38.948685 	57.000000 	62.201286 	64.070274 	60.133186 	64.007812 	42.438190 	50.039986 	58.523499 	55.072678 	49.658836 	76.118332 	69.856995 	75.769386 	74.732857 	76.059189 	73.925636 	70.092796 	76.941536 	77.414467 	73.878281 	84.864601 	96.881371 	82.200974 	96.462425 	96.767761 	104.201729 	
14.142136 	16.552946 	999.000000 	66.287254 	95.775780 	3.605551 	2.236068 	98.290382 	108.931168 	61.400326 	10.770329 	76.661591 	119.553337 	101.044548 	47.539455 	90.210861 	70.384659 	16.278820 	20.248457 	31.400637 	60.415230 	95.383438 	101.872467 	29.614185 	112.898186 	39.560081 	72.567207 	71.196907 	43.680660 	113.207771 	75.927597 	40.853397 	43.081318 	73.824112 	50.447994 	72.339478 	77.929459 	79.630394 	75.059975 	79.227524 	48.010414 	44.922153 	71.196907 	66.098412 	52.345009 	90.199776 	81.743500 	87.800911 	86.400230 	87.641312 	84.504440 	78.032043 	87.920418 	88.255310 	82.365044 	97.015465 	110.652611 	91.241440 	109.238274 	109.444046 	115.169441 	
52.478565 	50.000000 	66.287254 	999.000000 	30.805843 	69.892776 	68.242218 	35.341194 	46.518814 	6.324555 	75.432091 	11.180340 	56.824291 	35.383614 	26.570660 	24.166092 	14.142136 	74.249580 	83.546394 	48.373547 	24.331051 	29.732138 	35.777088 	89.872131 	46.647614 	54.083271 	27.202942 	28.301943 	50.695168 	47.010635 	27.586229 	54.708317 	55.081757 	31.622776 	49.365982 	34.481880 	33.301651 	36.124783 	39.446167 	39.204590 	66.940269 	90.354858 	52.201534 	57.558666 	77.369247 	55.443665 	62.769421 	66.189125 	67.119293 	68.447060 	71.168816 	77.929459 	71.693794 	72.615425 	78.854294 	72.401657 	73.661385 	83.168503 	78.644768 	79.397736 	93.477272 	
81.688431 	79.931221 	95.775780 	30.805843 	999.000000 	99.357941 	97.836601 	7.615773 	17.117243 	36.891735 	105.418213 	24.041630 	26.570660 	6.082763 	56.824291 	15.524175 	35.902645 	104.804581 	113.846390 	79.075912 	50.960770 	18.027756 	16.643316 	120.507263 	22.022715 	84.095184 	47.042534 	49.091751 	80.230919 	23.086792 	45.011108 	84.581322 	84.693565 	51.000000 	77.794601 	55.009090 	50.159744 	52.345009 	59.033890 	56.320511 	96.208107 	120.933868 	75.059975 	82.607506 	106.625511 	70.092796 	83.216583 	84.852814 	86.579445 	87.692642 	92.195442 	102.176315 	91.547798 	92.541885 	102.004898 	88.526833 	82.734512 	104.307236 	90.620087 	91.547798 	107.837845 	
17.691807 	20.124611 	3.605551 	69.892776 	99.357941 	999.000000 	2.000000 	101.833199 	112.449989 	65.000000 	8.062258 	80.262070 	123.069084 	104.637466 	50.960770 	93.813644 	73.925636 	15.231546 	17.464249 	34.132095 	63.788715 	98.979797 	105.475113 	27.166155 	116.503220 	41.761227 	75.927597 	74.525162 	46.097721 	116.811813 	79.309517 	43.011627 	45.221676 	77.103828 	52.952808 	75.538071 	81.215759 	82.873398 	78.160095 	82.389320 	49.396355 	44.011364 	73.824112 	68.410522 	53.075417 	93.085983 	84.172440 	90.244110 	88.769363 	89.988892 	86.648720 	79.649231 	90.138779 	90.443352 	84.077347 	99.463562 	113.441612 	93.037628 	111.803398 	111.986603 	117.324333 	
16.278820 	18.357559 	2.236068 	68.242218 	97.836601 	2.000000 	999.000000 	100.409164 	111.072052 	63.285069 	8.544003 	78.549347 	121.696342 	103.077644 	49.040798 	92.114059 	72.090218 	14.560220 	18.027756 	32.140316 	61.846584 	97.247108 	103.773796 	27.459061 	114.825958 	39.849716 	73.979729 	72.567207 	44.147480 	115.121674 	77.369247 	41.109608 	43.324360 	75.133217 	50.990196 	73.552704 	79.246452 	80.894997 	76.164299 	80.399002 	47.707443 	43.324360 	71.847061 	66.483078 	51.623638 	91.087868 	82.225304 	88.294960 	86.833176 	88.056801 	84.758484 	77.897369 	88.232651 	88.543777 	82.298241 	97.514099 	111.449539 	91.235954 	109.836243 	110.022728 	115.433968 	
84.148682 	82.879433 	98.290382 	35.341194 	7.615773 	101.833199 	100.409164 	999.000000 	11.180340 	41.629318 	108.245094 	30.265491 	21.633308 	10.816654 	61.846584 	23.086792 	42.296574 	108.231232 	116.931602 	83.648071 	57.070133 	25.553865 	23.345236 	124.016129 	26.248810 	89.319649 	54.009258 	56.000000 	85.702972 	27.513634 	52.153618 	89.888817 	90.138779 	58.077534 	83.677956 	62.032249 	57.428215 	59.682495 	66.189125 	63.639610 	101.833199 	125.670204 	82.000000 	89.274857 	112.271988 	77.620872 	90.448883 	92.227982 	93.904205 	95.036835 	99.408249 	109.041275 	98.858482 	99.849884 	109.018349 	96.046867 	90.338257 	111.543716 	98.234413 	99.161484 	115.433968 	
94.794518 	93.723000 	108.931168 	46.518814 	17.117243 	112.449989 	111.072052 	11.180340 	999.000000 	52.801514 	119.004204 	41.000000 	10.630146 	16.492422 	73.006851 	32.062439 	52.952808 	119.201508 	127.781059 	94.826157 	67.911705 	32.984844 	28.635643 	135.000000 	26.907248 	100.463921 	64.124878 	66.189125 	96.798759 	28.319605 	62.008064 	101.019798 	101.242287 	68.029404 	94.641426 	72.062469 	67.029846 	69.115845 	76.000000 	73.109505 	112.893753 	136.850281 	92.135773 	99.724625 	123.328827 	86.313385 	100.079971 	101.493843 	103.310211 	104.388695 	109.073372 	119.268608 	108.295891 	109.293182 	119.037811 	104.737770 	97.498718 	121.148666 	105.948097 	106.901825 	123.490891 	
47.853943 	44.944408 	61.400326 	6.324555 	36.891735 	65.000000 	63.285069 	41.629318 	52.801514 	999.000000 	70.213959 	15.264338 	63.063461 	41.231056 	20.248457 	28.844410 	12.649111 	68.622154 	78.102493 	42.190044 	18.973665 	34.000000 	40.496914 	84.148682 	51.613953 	47.759815 	24.083189 	24.758837 	44.384682 	51.865211 	25.238859 	48.383881 	48.764740 	28.284271 	43.185646 	30.610456 	30.610456 	33.421551 	35.608986 	36.069378 	60.638271 	84.118965 	47.169907 	51.971146 	71.063354 	52.325901 	58.137768 	61.911228 	62.649822 	64.007812 	66.309875 	72.367119 	67.082039 	67.977936 	73.498299 	68.600288 	71.400284 	78.185677 	75.663727 	76.367531 	89.810913 	
24.413111 	25.495098 	10.770329 	75.432091 	105.418213 	8.062258 	8.544003 	108.245094 	119.004204 	70.213959 	999.000000 	85.445892 	129.634094 	110.535065 	54.625999 	99.045441 	78.294319 	9.219544 	9.486833 	35.355339 	67.067131 	104.009613 	110.679718 	19.104973 	121.827744 	41.194660 	79.056938 	77.491936 	46.043457 	122.065559 	82.540901 	42.296574 	44.407207 	79.812279 	53.037724 	77.878113 	83.934502 	85.375641 	80.062477 	84.528099 	46.615448 	37.121422 	74.060783 	67.742157 	48.826221 	94.085068 	83.725746 	89.805344 	88.119240 	89.269257 	85.375641 	77.077881 	89.050545 	89.269257 	81.706795 	98.994949 	114.017540 	90.824005 	111.646767 	111.758667 	115.948265 	
63.063461 	60.207973 	76.661591 	11.180340 	24.041630 	80.262070 	78.549347 	30.265491 	41.000000 	15.264338 	85.445892 	999.000000 	50.596443 	27.294687 	33.600594 	13.601471 	12.041595 	83.630135 	93.236259 	56.222771 	26.925823 	18.788294 	25.238859 	99.035347 	36.400551 	60.415230 	24.515301 	26.305893 	56.364883 	36.619667 	23.409399 	60.827625 	60.835846 	28.861740 	53.758720 	32.557640 	29.154760 	31.780497 	37.107952 	35.468296 	72.235725 	97.637085 	52.153618 	59.076221 	82.637764 	51.000000 	61.392181 	63.890530 	65.253349 	66.483078 	70.213959 	79.006332 	70.092796 	71.063354 	79.227524 	68.942001 	67.357254 	82.377182 	73.498299 	74.330345 	89.470665 	
105.418213 	104.350372 	119.553337 	56.824291 	26.570660 	123.069084 	121.696342 	21.633308 	10.630146 	63.063461 	129.634094 	50.596443 	999.000000 	24.186773 	83.192551 	40.311287 	62.361847 	129.807556 	138.408813 	105.190300 	77.491936 	40.012497 	34.365681 	145.602203 	29.068884 	110.571243 	72.835434 	74.966660 	106.775467 	30.413813 	70.455658 	111.085556 	111.233986 	76.531036 	104.355164 	80.622574 	75.166481 	77.058418 	84.291161 	81.055534 	122.776222 	147.176758 	100.717430 	108.673820 	133.195343 	93.343452 	108.041656 	109.041275 	111.004501 	112.017853 	117.038452 	127.882759 	116.004311 	117.004272 	127.393089 	111.646767 	102.883430 	129.003876 	111.830231 	112.805145 	129.634094 	
87.005745 	85.041168 	101.044548 	35.383614 	6.082763 	104.637466 	103.077644 	10.816654 	16.492422 	41.231056 	110.535065 	27.294687 	24.186773 	999.000000 	60.745369 	16.124516 	38.626415 	109.622078 	118.827606 	83.234612 	53.851646 	16.492422 	12.806249 	125.255737 	16.124516 	87.709747 	48.662102 	50.803543 	83.630135 	17.262676 	46.270943 	88.119240 	88.102211 	52.345009 	80.777473 	56.435802 	51.039200 	53.000000 	60.133186 	57.000000 	99.403221 	124.867928 	76.531036 	84.528099 	109.772491 	69.871307 	84.000000 	85.211502 	87.091904 	88.141930 	93.000000 	103.696671 	92.086914 	93.085983 	103.237587 	88.283630 	81.154175 	105.019043 	89.493019 	90.443352 	107.004669 	
36.055511 	31.400637 	47.539455 	26.570660 	56.824291 	50.960770 	49.040798 	61.846584 	73.006851 	20.248457 	54.625999 	33.600594 	83.192551 	60.745369 	999.000000 	46.754681 	24.207438 	51.312767 	61.400326 	22.671568 	13.038404 	50.931328 	57.982758 	66.219330 	69.296463 	27.513634 	25.179358 	24.020824 	24.331051 	69.310890 	28.442924 	28.160255 	28.635643 	27.018513 	24.186773 	26.476404 	31.000000 	33.060551 	30.364452 	33.541019 	40.607880 	64.140472 	34.655445 	36.235340 	50.990196 	47.539455 	46.669048 	51.739735 	51.623638 	53.037724 	53.413483 	56.080299 	55.226807 	55.973209 	58.137768 	60.000000 	68.352028 	64.350601 	69.835518 	70.327805 	80.919716 	
76.537575 	73.783470 	90.210861 	24.166092 	15.524175 	93.813644 	92.114059 	23.086792 	32.062439 	28.844410 	99.045441 	13.601471 	40.311287 	16.124516 	46.754681 	999.000000 	23.323807 	97.185387 	106.826965 	69.426216 	38.470768 	6.000000 	11.661903 	112.538879 	22.803509 	72.945183 	32.557640 	34.713108 	68.600288 	23.021729 	30.149628 	73.246162 	73.061615 	36.221542 	65.306969 	40.311287 	35.000000 	37.054016 	44.045429 	41.048752 	84.077347 	110.435501 	60.406952 	68.447060 	94.371605 	54.571056 	68.029404 	69.462219 	71.253067 	72.339478 	77.025970 	87.572830 	76.236473 	77.233414 	87.143562 	73.006851 	67.601776 	89.089844 	75.239616 	76.157730 	92.358002 	
57.567352 	53.851646 	70.384659 	14.142136 	35.902645 	73.925636 	72.090218 	42.296574 	52.952808 	12.649111 	78.294319 	12.041595 	62.361847 	38.626415 	24.207438 	23.323807 	999.000000 	75.451973 	85.440041 	46.690472 	15.231546 	26.907248 	34.058773 	90.426765 	45.343136 	49.648766 	13.416408 	14.866069 	45.276924 	45.276924 	13.453624 	49.929951 	49.739319 	17.888544 	42.154476 	21.189621 	19.209373 	22.022715 	26.000000 	25.238859 	60.835846 	87.200920 	40.311287 	47.042534 	71.175842 	41.400482 	50.000000 	52.924473 	54.083271 	55.362442 	58.694122 	67.029846 	58.821766 	59.774578 	67.364677 	58.668560 	59.548298 	70.830788 	64.536812 	65.299309 	79.611557 	
26.925823 	25.942244 	16.278820 	74.249580 	104.804581 	15.231546 	14.560220 	108.231232 	119.201508 	68.622154 	9.219544 	83.630135 	129.807556 	109.622078 	51.312767 	97.185387 	75.451973 	999.000000 	10.440307 	30.083218 	63.063461 	101.828285 	108.706024 	15.811388 	119.970833 	34.058773 	74.732857 	73.006851 	39.204590 	120.104118 	78.294319 	35.014282 	37.000000 	75.026665 	46.173584 	72.732384 	79.120163 	80.324341 	74.464760 	79.120163 	37.947330 	28.792360 	67.067131 	60.133186 	39.661064 	87.572830 	76.164299 	82.219215 	80.399002 	81.498466 	77.278717 	68.352028 	81.049370 	81.215759 	73.054771 	91.350975 	107.074738 	82.219215 	104.172935 	104.235313 	107.707939 	
33.615471 	34.058773 	20.248457 	83.546394 	113.846390 	17.464249 	18.027756 	116.931602 	127.781059 	78.102493 	9.486833 	93.236259 	138.408813 	118.827606 	61.400326 	106.826965 	85.440041 	10.440307 	999.000000 	40.496914 	73.348480 	111.606453 	118.406082 	10.049875 	129.630249 	44.283180 	85.088188 	83.384651 	49.497475 	129.807556 	88.639717 	45.177429 	47.095646 	85.440041 	56.435802 	83.168503 	89.537704 	90.757919 	84.899940 	89.560036 	46.872166 	31.240999 	77.233414 	70.007141 	47.010635 	97.867256 	86.023254 	92.048897 	90.138779 	91.197586 	86.700638 	76.922035 	90.553848 	90.669731 	81.743500 	101.123688 	117.209213 	90.956032 	114.039467 	114.070152 	116.901665 	
25.806976 	20.000000 	31.400637 	48.373547 	79.075912 	34.132095 	32.140316 	83.648071 	94.826157 	42.190044 	35.355339 	56.222771 	105.190300 	83.234612 	22.671568 	69.426216 	46.690472 	30.083218 	40.496914 	999.000000 	33.286633 	73.539108 	80.622574 	44.102154 	91.934761 	10.816654 	44.721359 	42.953465 	13.038404 	91.923882 	48.301140 	12.206555 	14.212670 	44.944408 	19.313208 	42.720020 	49.040798 	50.289165 	44.721359 	49.244289 	24.351591 	42.047592 	39.812057 	35.341194 	33.376640 	59.008472 	50.596443 	56.612720 	55.362442 	56.648037 	54.120235 	50.209560 	57.271286 	57.697487 	53.907330 	65.802734 	79.309517 	62.201286 	77.878113 	78.102493 	84.581322 	
49.091751 	44.407207 	60.415230 	24.331051 	50.960770 	63.788715 	61.846584 	57.070133 	67.911705 	18.973665 	67.067131 	26.925823 	77.491936 	53.851646 	13.038404 	38.470768 	15.231546 	63.063461 	73.348480 	33.286633 	999.000000 	41.617306 	48.826221 	77.388626 	60.000000 	34.828148 	12.165525 	11.000000 	30.232433 	59.816387 	15.524175 	35.000000 	34.669872 	14.142136 	26.925823 	14.317822 	18.027756 	20.223749 	18.867962 	21.189621 	45.617977 	72.470680 	28.231188 	33.241539 	55.946404 	36.359318 	39.446167 	43.600460 	44.102154 	45.486263 	47.423622 	53.600372 	48.373547 	49.244289 	54.571056 	50.931328 	56.797886 	59.236813 	59.405388 	60.000000 	72.180328 	
81.841309 	78.892334 	95.383438 	29.732138 	18.027756 	98.979797 	97.247108 	25.553865 	32.984844 	34.000000 	104.009613 	18.788294 	40.012497 	16.492422 	50.931328 	6.000000 	26.907248 	101.828285 	111.606453 	73.539108 	41.617306 	999.000000 	7.211102 	117.034180 	18.439089 	76.400261 	34.176014 	36.400551 	71.847061 	18.384777 	31.320919 	76.609398 	76.275818 	37.363083 	68.095520 	41.484936 	35.510563 	37.215588 	44.721359 	41.194660 	86.954010 	114.017540 	61.392181 	69.921387 	97.128784 	53.460266 	68.117546 	69.028976 	71.000000 	72.006943 	77.103828 	88.459030 	76.000000 	77.000000 	87.692642 	71.847061 	64.884514 	89.022469 	73.054771 	74.000000 	90.520714 	
88.192970 	85.440041 	101.872467 	35.777088 	16.643316 	105.475113 	103.773796 	23.345236 	28.635643 	40.496914 	110.679718 	25.238859 	34.365681 	12.806249 	57.982758 	11.661903 	34.058773 	108.706024 	118.406082 	80.622574 	48.826221 	7.211102 	999.000000 	123.987900 	11.313708 	83.600243 	41.231056 	43.462627 	79.056938 	11.401754 	38.275318 	83.815269 	83.486526 	44.271889 	75.292763 	48.383881 	42.201897 	43.737854 	51.419842 	47.675991 	94.154129 	121.210564 	68.154236 	76.843994 	104.316826 	59.076221 	74.431175 	75.026665 	77.103828 	78.057671 	83.384651 	95.126228 	82.097504 	83.096329 	94.201912 	77.317528 	68.949257 	95.189285 	77.620872 	78.587532 	95.341492 	
42.154476 	41.677334 	29.614185 	89.872131 	120.507263 	27.166155 	27.459061 	124.016129 	135.000000 	84.148682 	19.104973 	99.035347 	145.602203 	125.255737 	66.219330 	112.538879 	90.426765 	15.811388 	10.049875 	44.102154 	77.388626 	117.034180 	123.987900 	999.000000 	135.281189 	45.541191 	88.684837 	86.833176 	50.921509 	135.369858 	92.282173 	46.173584 	47.801674 	88.549423 	57.567352 	85.906929 	92.574295 	93.520050 	87.091904 	91.923882 	45.011108 	23.600847 	77.665955 	69.584480 	42.953465 	98.716766 	85.375641 	91.268837 	89.140335 	90.088844 	85.005882 	73.824112 	89.000000 	89.005615 	78.771820 	100.124924 	117.239075 	87.965904 	113.216606 	113.159180 	114.529472 	
99.126183 	96.519424 	112.898186 	46.647614 	22.022715 	116.503220 	114.825958 	26.248810 	26.907248 	51.613953 	121.827744 	36.400551 	29.068884 	16.124516 	69.296463 	22.803509 	45.343136 	119.970833 	129.630249 	91.934761 	60.000000 	18.439089 	11.313708 	135.281189 	999.000000 	94.810333 	51.884487 	54.120235 	90.210861 	1.414214 	48.754486 	95.000000 	94.625580 	54.625999 	86.284416 	58.694122 	52.201534 	53.450912 	61.351448 	57.280014 	105.152267 	132.438660 	78.108902 	87.091904 	115.247559 	67.186310 	83.546394 	83.600243 	85.842880 	86.700638 	92.395889 	104.809349 	90.796478 	91.787796 	103.585716 	85.005882 	74.525162 	103.947105 	83.862984 	84.852814 	101.833199 	
36.124783 	30.413813 	39.560081 	54.083271 	84.095184 	41.761227 	39.849716 	89.319649 	100.463921 	47.759815 	41.194660 	60.415230 	110.571243 	87.709747 	27.513634 	72.945183 	49.648766 	34.058773 	44.283180 	10.816654 	34.828148 	76.400261 	83.600243 	45.541191 	94.810333 	999.000000 	44.687805 	42.638012 	5.385165 	94.641426 	48.270073 	1.414214 	3.605551 	43.829212 	12.165525 	40.816662 	47.707443 	48.373547 	41.629318 	46.518814 	14.142136 	37.643059 	33.015148 	26.683329 	24.020824 	53.600372 	42.579338 	48.662102 	47.074409 	48.270073 	44.944408 	39.698868 	48.383881 	48.703182 	43.600460 	57.870544 	73.027390 	52.153618 	70.455658 	70.576202 	75.610847 	
61.204575 	56.568542 	72.567207 	27.202942 	47.042534 	75.927597 	73.979729 	54.009258 	64.124878 	24.083189 	79.056938 	24.515301 	72.835434 	48.662102 	25.179358 	32.557640 	13.416408 	74.732857 	85.088188 	44.721359 	12.165525 	34.176014 	41.231056 	88.684837 	51.884487 	44.687805 	999.000000 	2.236068 	39.623226 	51.478149 	3.605551 	44.598206 	43.840622 	4.472136 	34.828148 	8.062258 	6.708204 	9.433981 	12.649111 	12.041595 	53.600372 	82.024384 	28.017851 	35.902645 	63.513779 	28.319605 	36.878178 	39.560081 	40.804413 	42.059483 	45.705578 	55.145264 	45.607018 	46.572525 	55.009090 	45.276924 	47.434166 	57.870544 	51.623638 	52.345009 	66.287254 	
60.074955 	55.326305 	71.196907 	28.301943 	49.091751 	74.525162 	72.567207 	56.000000 	66.189125 	24.758837 	77.491936 	26.305893 	74.966660 	50.803543 	24.020824 	34.713108 	14.866069 	73.006851 	83.384651 	42.953465 	11.000000 	36.400551 	43.462627 	86.833176 	54.120235 	42.638012 	2.236068 	999.000000 	37.536648 	53.712196 	5.656854 	42.520584 	41.725292 	3.605551 	32.649654 	6.324555 	7.071068 	9.486833 	11.180340 	11.401754 	51.400391 	79.906197 	26.000000 	33.734257 	61.294373 	27.586229 	35.171009 	38.078865 	39.217342 	40.496914 	43.931767 	53.084839 	43.965897 	44.922153 	53.037724 	44.102154 	47.169907 	56.089214 	50.931328 	51.623638 	65.215027 	
38.832977 	33.015148 	43.680660 	50.695168 	80.230919 	46.097721 	44.147480 	85.702972 	96.798759 	44.384682 	46.043457 	56.364883 	106.775467 	83.630135 	24.331051 	68.600288 	45.276924 	39.204590 	49.497475 	13.038404 	30.232433 	71.847061 	79.056938 	50.921509 	90.210861 	5.385165 	39.623226 	37.536648 	999.000000 	90.000000 	43.185646 	5.000000 	4.472136 	38.600517 	7.000000 	35.510563 	42.438190 	43.046486 	36.249138 	41.146080 	16.278820 	42.449970 	28.017851 	22.472204 	26.683329 	48.373547 	38.078865 	44.147480 	42.720020 	43.965897 	41.146080 	37.536648 	44.384682 	44.777225 	41.036568 	53.366657 	68.000000 	49.203659 	65.764732 	65.924202 	71.693794 	
99.478638 	96.798759 	113.207771 	47.010635 	23.086792 	116.811813 	115.121674 	27.513634 	28.319605 	51.865211 	122.065559 	36.619667 	30.413813 	17.262676 	69.310890 	23.021729 	45.276924 	120.104118 	129.807556 	91.923882 	59.816387 	18.384777 	11.401754 	135.369858 	1.414214 	94.641426 	51.478149 	53.712196 	90.000000 	999.000000 	48.301140 	94.810333 	94.403389 	54.129475 	85.982559 	58.180752 	51.623638 	52.810986 	60.745369 	56.612720 	104.847511 	132.279999 	77.491936 	86.539009 	114.908661 	66.272163 	82.764725 	82.734512 	85.000000 	85.842880 	91.591484 	104.120125 	89.944427 	90.934044 	102.839684 	84.023804 	73.348480 	103.097038 	82.734512 	83.725746 	100.717430 	
64.381676 	59.841457 	75.927597 	27.586229 	45.011108 	79.309517 	77.369247 	52.153618 	62.008064 	25.238859 	82.540901 	23.409399 	70.455658 	46.270943 	28.442924 	30.149628 	13.453624 	78.294319 	88.639717 	48.301140 	15.524175 	31.320919 	38.275318 	92.282173 	48.754486 	48.270073 	3.605551 	5.656854 	43.185646 	48.301140 	999.000000 	48.166378 	47.381432 	6.082763 	38.288380 	10.198039 	5.830952 	8.602325 	14.035668 	12.083046 	57.008770 	85.562843 	30.265491 	38.600517 	66.850578 	28.017851 	38.327538 	40.521599 	41.976185 	43.174065 	47.265209 	57.428215 	46.872166 	47.853943 	57.035076 	45.617977 	46.227695 	59.413803 	51.088158 	51.855568 	66.370171 	
37.536648 	31.827662 	40.853397 	54.708317 	84.581322 	43.011627 	41.109608 	89.888817 	101.019798 	48.383881 	42.296574 	60.827625 	111.085556 	88.119240 	28.160255 	73.246162 	49.929951 	35.014282 	45.177429 	12.206555 	35.000000 	76.609398 	83.815269 	46.173584 	95.000000 	1.414214 	44.598206 	42.520584 	5.000000 	94.810333 	48.166378 	999.000000 	2.236068 	43.600460 	11.401754 	40.496914 	47.434166 	48.020828 	41.146080 	46.065170 	13.038404 	37.536648 	32.062439 	25.495098 	23.086792 	52.773098 	41.436699 	47.518417 	45.891174 	47.074409 	43.657761 	38.288380 	47.127487 	47.434166 	42.201897 	56.718605 	72.062469 	50.774010 	69.354164 	69.462219 	74.330345 	
39.698868 	33.970577 	43.081318 	55.081757 	84.693565 	45.221676 	43.324360 	90.138779 	101.242287 	48.764740 	44.407207 	60.835846 	111.233986 	88.102211 	28.635643 	73.061615 	49.739319 	37.000000 	47.095646 	14.212670 	34.669872 	76.275818 	83.486526 	47.801674 	94.625580 	3.605551 	43.840622 	41.725292 	4.472136 	94.403389 	47.381432 	2.236068 	999.000000 	42.638012 	9.848858 	39.408119 	46.400433 	46.872166 	39.824615 	44.777225 	12.041595 	38.183765 	30.149628 	23.345236 	22.360680 	50.990196 	39.319206 	45.398239 	43.737854 	44.911022 	41.436699 	36.124783 	44.922153 	45.221676 	40.000000 	54.589375 	70.114189 	48.548943 	67.268120 	67.364677 	72.111023 	
63.007935 	58.137768 	73.824112 	31.622776 	51.000000 	77.103828 	75.133217 	58.077534 	68.029404 	28.284271 	79.812279 	28.861740 	76.531036 	52.345009 	27.018513 	36.221542 	17.888544 	75.026665 	85.440041 	44.944408 	14.142136 	37.363083 	44.271889 	88.549423 	54.625999 	43.829212 	4.472136 	3.605551 	38.600517 	54.129475 	6.082763 	43.600460 	42.638012 	999.000000 	33.241539 	4.123106 	4.123106 	6.082763 	8.246211 	7.810250 	51.739735 	80.721741 	24.186773 	32.572994 	61.400326 	24.041630 	32.557640 	35.114101 	36.400551 	37.643059 	41.436699 	51.351727 	41.231056 	42.201897 	51.009804 	40.816662 	43.566040 	53.600372 	47.381432 	48.083260 	61.854668 	
44.777225 	38.948685 	50.447994 	49.365982 	77.794601 	52.952808 	50.990196 	83.677956 	94.641426 	43.185646 	53.037724 	53.758720 	104.355164 	80.777473 	24.186773 	65.306969 	42.154476 	46.173584 	56.435802 	19.313208 	26.925823 	68.095520 	75.292763 	57.567352 	86.284416 	12.165525 	34.828148 	32.649654 	7.000000 	85.982559 	38.288380 	11.401754 	9.848858 	33.241539 	999.000000 	29.832869 	36.878178 	37.202152 	30.016663 	34.985710 	18.867962 	47.507893 	21.023796 	16.124516 	29.068884 	41.436699 	31.320919 	37.363083 	36.055511 	37.336308 	34.985710 	33.286633 	38.013157 	38.470768 	36.235340 	46.572525 	61.000000 	43.863426 	58.855755 	59.033890 	65.306969 	
62.072536 	57.000000 	72.339478 	34.481880 	55.009090 	75.538071 	73.552704 	62.032249 	72.062469 	30.610456 	77.878113 	32.557640 	80.622574 	56.435802 	26.476404 	40.311287 	21.189621 	72.732384 	83.168503 	42.720020 	14.317822 	41.484936 	48.383881 	85.906929 	58.694122 	40.816662 	8.062258 	6.324555 	35.510563 	58.180752 	10.198039 	40.496914 	39.408119 	4.123106 	29.832869 	999.000000 	7.071068 	7.615773 	5.000000 	7.071068 	48.104053 	77.336922 	20.099751 	28.460499 	57.628117 	22.203604 	28.861740 	31.780497 	32.893768 	34.176014 	37.656342 	47.265209 	37.643059 	38.600517 	47.000000 	38.013157 	42.485291 	49.819675 	45.453274 	46.097721 	59.203041 	
67.029846 	62.201286 	77.929459 	33.301651 	50.159744 	81.215759 	79.246452 	57.428215 	67.029846 	30.610456 	83.934502 	29.154760 	75.166481 	51.039200 	31.000000 	35.000000 	19.209373 	79.120163 	89.537704 	49.040798 	18.027756 	35.510563 	42.201897 	92.574295 	52.201534 	47.707443 	6.708204 	7.071068 	42.438190 	51.623638 	5.830952 	47.434166 	46.400433 	4.123106 	36.878178 	7.071068 	999.000000 	2.828427 	9.219544 	6.324555 	55.172459 	84.386017 	25.961510 	34.928497 	64.660652 	22.203604 	33.060551 	34.928497 	36.496574 	37.656342 	42.047592 	52.952808 	41.436699 	42.426407 	52.239830 	39.812057 	40.804413 	54.147945 	45.343136 	46.097721 	60.539242 	
69.000000 	64.070274 	79.630394 	36.124783 	52.345009 	82.873398 	80.894997 	59.682495 	69.115845 	33.421551 	85.375641 	31.780497 	77.058418 	53.000000 	33.060551 	37.054016 	22.022715 	80.324341 	90.757919 	50.289165 	20.223749 	37.215588 	43.737854 	93.520050 	53.450912 	48.373547 	9.433981 	9.486833 	43.046486 	52.810986 	8.602325 	48.020828 	46.872166 	6.082763 	37.202152 	7.615773 	2.828427 	999.000000 	8.062258 	4.000000 	55.172459 	84.646324 	24.698177 	34.000000 	64.443771 	19.416489 	31.000000 	32.557640 	34.234486 	35.355339 	40.000000 	51.419842 	39.204590 	40.199501 	50.487621 	37.161808 	38.013157 	52.038448 	42.520584 	43.278172 	57.801384 	
65.375839 	60.133186 	75.059975 	39.446167 	59.033890 	78.160095 	76.164299 	66.189125 	76.000000 	35.608986 	80.062477 	37.107952 	84.291161 	60.133186 	30.364452 	44.045429 	26.000000 	74.464760 	84.899940 	44.721359 	18.867962 	44.721359 	51.419842 	87.091904 	61.351448 	41.629318 	12.649111 	11.180340 	36.249138 	60.745369 	14.035668 	41.146080 	39.824615 	8.246211 	30.016663 	5.000000 	9.219544 	8.062258 	999.000000 	5.000000 	47.507893 	77.201035 	16.763054 	25.942244 	56.586216 	17.492855 	24.331051 	26.925823 	28.160255 	29.410883 	33.241539 	43.737854 	32.984844 	33.955853 	43.104523 	33.015148 	38.078865 	45.398239 	40.607880 	41.231056 	54.203320 	
69.115845 	64.007812 	79.227524 	39.204590 	56.320511 	82.389320 	80.399002 	63.639610 	73.109505 	36.069378 	84.528099 	35.468296 	81.055534 	57.000000 	33.541019 	41.048752 	25.238859 	79.120163 	89.560036 	49.244289 	21.189621 	41.194660 	47.675991 	91.923882 	57.280014 	46.518814 	12.041595 	11.401754 	41.146080 	56.612720 	12.083046 	46.065170 	44.777225 	7.810250 	34.985710 	7.071068 	6.324555 	4.000000 	5.000000 	999.000000 	52.497620 	82.200974 	21.023796 	30.528675 	61.522354 	16.278820 	27.000000 	28.635643 	30.265491 	31.400637 	36.000000 	47.539455 	35.227829 	36.221542 	46.529560 	33.541019 	35.846897 	48.041649 	39.597980 	40.311287 	54.378304 	
47.801674 	42.438190 	48.010414 	66.940269 	96.208107 	49.396355 	47.707443 	101.833199 	112.893753 	60.638271 	46.615448 	72.235725 	122.776222 	99.403221 	40.607880 	84.077347 	60.835846 	37.947330 	46.872166 	24.351591 	45.617977 	86.954010 	94.154129 	45.011108 	105.152267 	14.142136 	53.600372 	51.400391 	16.278820 	104.847511 	57.008770 	13.038404 	12.041595 	51.739735 	18.867962 	48.104053 	55.172459 	55.172459 	47.507893 	52.497620 	999.000000 	30.016663 	34.438351 	25.298222 	10.440307 	55.542778 	40.607880 	46.389652 	44.181442 	45.099888 	40.049969 	30.463093 	44.011364 	44.045429 	35.114101 	55.145264 	72.780495 	44.271889 	68.264191 	68.183578 	70.035706 	
53.084839 	50.039986 	44.922153 	90.354858 	120.933868 	44.011364 	43.324360 	125.670204 	136.850281 	84.118965 	37.121422 	97.637085 	147.176758 	124.867928 	64.140472 	110.435501 	87.200920 	28.792360 	31.240999 	42.047592 	72.470680 	114.017540 	121.210564 	23.600847 	132.438660 	37.643059 	82.024384 	79.906197 	42.449970 	132.279999 	85.562843 	37.536648 	38.183765 	80.721741 	47.507893 	77.336922 	84.386017 	84.646324 	77.201035 	82.200974 	30.016663 	999.000000 	64.412735 	55.036350 	23.537205 	85.428329 	69.570107 	75.000000 	72.532753 	73.246162 	67.268120 	54.083271 	71.386276 	71.196907 	59.076221 	83.198555 	101.833199 	68.007355 	96.317184 	96.104111 	95.047356 	
64.257294 	58.523499 	71.196907 	52.201534 	75.059975 	73.824112 	71.847061 	82.000000 	92.135773 	47.169907 	74.060783 	52.153618 	100.717430 	76.531036 	34.655445 	60.406952 	40.311287 	67.067131 	77.233414 	39.812057 	28.231188 	61.392181 	68.154236 	77.665955 	78.108902 	33.015148 	28.017851 	26.000000 	28.017851 	77.491936 	30.265491 	32.062439 	30.149628 	24.186773 	21.023796 	20.099751 	25.961510 	24.698177 	16.763054 	21.023796 	34.438351 	64.412735 	999.000000 	9.899495 	42.201897 	21.189621 	12.041595 	17.492855 	17.029387 	18.439089 	19.235384 	27.166155 	20.615528 	21.400934 	27.073973 	26.400757 	40.012497 	31.016125 	38.078865 	38.327538 	46.615448 	
60.901562 	55.072678 	66.098412 	57.558666 	82.607506 	68.410522 	66.483078 	89.274857 	99.724625 	51.971146 	67.742157 	59.076221 	108.673820 	84.528099 	36.235340 	68.447060 	47.042534 	60.133186 	70.007141 	35.341194 	33.241539 	69.921387 	76.843994 	69.584480 	87.091904 	26.683329 	35.902645 	33.734257 	22.472204 	86.539009 	38.600517 	25.495098 	23.345236 	32.572994 	16.124516 	28.460499 	34.928497 	34.000000 	25.942244 	30.528675 	25.298222 	55.036350 	9.899495 	999.000000 	32.449963 	30.413813 	16.031219 	22.090721 	20.396078 	21.587032 	18.867962 	20.396078 	21.931713 	22.360680 	21.931713 	31.257000 	47.675991 	28.425341 	44.045429 	44.102154 	49.244289 	
54.589375 	49.658836 	52.345009 	77.369247 	106.625511 	53.075417 	51.623638 	112.271988 	123.328827 	71.063354 	48.826221 	82.637764 	133.195343 	109.772491 	50.990196 	94.371605 	71.175842 	39.661064 	47.010635 	33.376640 	55.946404 	97.128784 	104.316826 	42.953465 	115.247559 	24.020824 	63.513779 	61.294373 	26.683329 	114.908661 	66.850578 	23.086792 	22.360680 	61.400326 	29.068884 	57.628117 	64.660652 	64.443771 	56.586216 	61.522354 	10.440307 	23.537205 	42.201897 	32.449963 	999.000000 	62.769421 	46.238514 	51.546097 	49.040798 	49.729267 	43.737854 	31.064449 	47.853943 	47.675991 	36.055511 	59.665737 	78.434685 	45.177429 	72.780495 	72.567207 	72.027771 	
81.584312 	76.118332 	90.199776 	55.443665 	70.092796 	93.085983 	91.087868 	77.620872 	86.313385 	52.325901 	94.085068 	51.000000 	93.343452 	69.871307 	47.539455 	54.571056 	41.400482 	87.572830 	97.867256 	59.008472 	36.359318 	53.460266 	59.076221 	98.716766 	67.186310 	53.600372 	28.319605 	27.586229 	48.373547 	66.272163 	28.017851 	52.773098 	50.990196 	24.041630 	41.436699 	22.203604 	22.203604 	19.416489 	17.492855 	16.278820 	55.542778 	85.428329 	21.189621 	30.413813 	62.769421 	999.000000 	18.601076 	16.763054 	19.313208 	19.924858 	26.400757 	41.048752 	24.041630 	25.000000 	38.470768 	18.439089 	20.880613 	37.107952 	23.345236 	24.041630 	38.470768 	
75.643906 	69.856995 	81.743500 	62.769421 	83.216583 	84.172440 	82.225304 	90.448883 	100.079971 	58.137768 	83.725746 	61.392181 	108.041656 	84.000000 	46.669048 	68.029404 	50.000000 	76.164299 	86.023254 	50.596443 	39.446167 	68.117546 	74.431175 	85.375641 	83.546394 	42.579338 	36.878178 	35.171009 	38.078865 	82.764725 	38.327538 	41.436699 	39.319206 	32.557640 	31.320919 	28.861740 	33.060551 	31.000000 	24.331051 	27.000000 	40.607880 	69.570107 	12.041595 	16.031219 	46.238514 	18.601076 	999.000000 	6.082763 	5.000000 	6.403124 	9.000000 	22.472204 	8.944272 	9.848858 	20.248457 	15.297058 	32.280025 	21.095022 	28.017851 	28.071337 	34.669872 	
81.541397 	75.769386 	87.800911 	66.189125 	84.852814 	90.244110 	88.294960 	92.227982 	101.493843 	61.911228 	89.805344 	63.890530 	109.041275 	85.211502 	51.739735 	69.462219 	52.924473 	82.219215 	92.048897 	56.612720 	43.600460 	69.028976 	75.026665 	91.268837 	83.600243 	48.662102 	39.560081 	38.078865 	44.147480 	82.734512 	40.521599 	47.518417 	45.398239 	35.114101 	37.363083 	31.780497 	34.928497 	32.557640 	26.925823 	28.635643 	46.389652 	75.000000 	17.492855 	22.090721 	51.546097 	16.763054 	6.082763 	999.000000 	2.828427 	3.162278 	10.000000 	25.455845 	7.280110 	8.246211 	22.203604 	9.219544 	26.925823 	20.396078 	22.000000 	22.022715 	29.206163 	
80.529495 	74.732857 	86.400230 	67.119293 	86.579445 	88.769363 	86.833176 	93.904205 	103.310211 	62.649822 	88.119240 	65.253349 	111.004501 	87.091904 	51.623638 	71.253067 	54.083271 	80.399002 	90.138779 	55.362442 	44.102154 	71.000000 	77.103828 	89.140335 	85.842880 	47.074409 	40.804413 	39.217342 	42.720020 	85.000000 	41.976185 	45.891174 	43.737854 	36.400551 	36.055511 	32.893768 	36.496574 	34.234486 	28.160255 	30.265491 	44.181442 	72.532753 	17.029387 	20.396078 	49.040798 	19.313208 	5.000000 	2.828427 	999.000000 	1.414214 	7.211102 	22.627417 	5.000000 	6.000000 	19.416489 	11.000000 	29.546574 	18.110771 	24.083189 	24.020824 	29.681644 	
81.859634 	76.059189 	87.641312 	68.447060 	87.692642 	89.988892 	88.056801 	95.036835 	104.388695 	64.007812 	89.269257 	66.483078 	112.017853 	88.141930 	53.037724 	72.339478 	55.362442 	81.498466 	91.197586 	56.648037 	45.486263 	72.006943 	78.057671 	90.088844 	86.700638 	48.270073 	42.059483 	40.496914 	43.965897 	85.842880 	43.174065 	47.074409 	44.911022 	37.643059 	37.336308 	34.176014 	37.656342 	35.355339 	29.410883 	31.400637 	45.099888 	73.246162 	18.439089 	21.587032 	49.729267 	19.924858 	6.403124 	3.162278 	1.414214 	999.000000 	7.071068 	22.671568 	4.123106 	5.099020 	19.209373 	10.049875 	29.068884 	17.262676 	23.194826 	23.086792 	28.301943 	
79.755875 	73.925636 	84.504440 	71.168816 	92.195442 	86.648720 	84.758484 	99.408249 	109.073372 	66.309875 	85.375641 	70.213959 	117.038452 	93.000000 	53.413483 	77.025970 	58.694122 	77.278717 	86.700638 	54.120235 	47.423622 	77.103828 	83.384651 	85.005882 	92.395889 	44.944408 	45.705578 	43.931767 	41.146080 	91.591484 	47.265209 	43.657761 	41.436699 	41.436699 	34.985710 	37.656342 	42.047592 	40.000000 	33.241539 	36.000000 	40.049969 	67.268120 	19.235384 	18.867962 	43.737854 	26.400757 	9.000000 	10.000000 	7.211102 	7.071068 	999.000000 	15.620500 	4.123106 	4.000000 	12.206555 	16.155495 	35.846897 	12.165525 	29.120440 	28.861740 	30.675724 	
75.822159 	70.092796 	78.032043 	77.929459 	102.176315 	79.649231 	77.897369 	109.041275 	119.268608 	72.367119 	77.077881 	79.006332 	127.882759 	103.696671 	56.080299 	87.572830 	67.029846 	68.352028 	76.922035 	50.209560 	53.600372 	88.459030 	95.126228 	73.824112 	104.809349 	39.698868 	55.145264 	53.084839 	37.536648 	104.120125 	57.428215 	38.288380 	36.124783 	51.351727 	33.286633 	47.265209 	52.952808 	51.419842 	43.737854 	47.539455 	30.463093 	54.083271 	27.166155 	20.396078 	31.064449 	41.048752 	22.472204 	25.455845 	22.627417 	22.671568 	15.620500 	999.000000 	19.416489 	18.867962 	5.000000 	31.384710 	51.312767 	14.142136 	43.863426 	43.462627 	41.000000 	
82.764725 	76.941536 	87.920418 	71.693794 	91.547798 	90.138779 	88.232651 	98.858482 	108.295891 	67.082039 	89.050545 	70.092796 	116.004311 	92.086914 	55.226807 	76.236473 	58.821766 	81.049370 	90.553848 	57.271286 	48.373547 	76.000000 	82.097504 	89.000000 	90.796478 	48.383881 	45.607018 	43.965897 	44.384682 	89.944427 	46.872166 	47.127487 	44.922153 	41.231056 	38.013157 	37.643059 	41.436699 	39.204590 	32.984844 	35.227829 	44.011364 	71.386276 	20.615528 	21.931713 	47.853943 	24.041630 	8.944272 	7.280110 	5.000000 	4.123106 	4.123106 	19.416489 	999.000000 	1.000000 	15.556349 	12.083046 	31.906113 	13.152946 	25.000000 	24.738634 	27.313000 	
83.240616 	77.414467 	88.255310 	72.615425 	92.541885 	90.443352 	88.543777 	99.849884 	109.293182 	67.977936 	89.269257 	71.063354 	117.004272 	93.085983 	55.973209 	77.233414 	59.774578 	81.215759 	90.669731 	57.697487 	49.244289 	77.000000 	83.096329 	89.005615 	91.787796 	48.703182 	46.572525 	44.922153 	44.777225 	90.934044 	47.853943 	47.434166 	45.221676 	42.201897 	38.470768 	38.600517 	42.426407 	40.199501 	33.955853 	36.221542 	44.045429 	71.196907 	21.400934 	22.360680 	47.675991 	25.000000 	9.848858 	8.246211 	6.000000 	5.099020 	4.000000 	18.867962 	1.000000 	999.000000 	14.866069 	12.529964 	32.449963 	12.165525 	25.298222 	25.000000 	26.925823 	
79.649231 	73.878281 	82.365044 	78.854294 	102.004898 	84.077347 	82.298241 	109.018349 	119.037811 	73.498299 	81.706795 	79.227524 	127.393089 	103.237587 	58.137768 	87.143562 	67.364677 	73.054771 	81.743500 	53.907330 	54.571056 	87.692642 	94.201912 	78.771820 	103.585716 	43.600460 	55.009090 	53.037724 	41.036568 	102.839684 	57.035076 	42.201897 	40.000000 	51.009804 	36.235340 	47.000000 	52.239830 	50.487621 	43.104523 	46.529560 	35.114101 	59.076221 	27.073973 	21.931713 	36.055511 	38.470768 	20.248457 	22.203604 	19.416489 	19.209373 	12.206555 	5.000000 	15.556349 	14.866069 	999.000000 	27.202942 	47.201694 	9.219544 	39.357338 	38.910152 	36.000000 	
90.620087 	84.864601 	97.015465 	72.401657 	88.526833 	99.463562 	97.514099 	96.046867 	104.737770 	68.600288 	98.994949 	68.942001 	111.646767 	88.283630 	60.000000 	73.006851 	58.668560 	91.350975 	101.123688 	65.802734 	50.931328 	71.847061 	77.317528 	100.124924 	85.005882 	57.870544 	45.276924 	44.102154 	53.366657 	84.023804 	45.617977 	56.718605 	54.589375 	40.816662 	46.572525 	38.013157 	39.812057 	37.161808 	33.015148 	33.541019 	55.145264 	83.198555 	26.400757 	31.257000 	59.665737 	18.439089 	15.297058 	9.219544 	11.000000 	10.049875 	16.155495 	31.384710 	12.083046 	12.529964 	27.202942 	999.000000 	20.000000 	22.203604 	13.152946 	13.038404 	21.260292 	
102.391403 	96.881371 	110.652611 	73.661385 	82.734512 	113.441612 	111.449539 	90.338257 	97.498718 	71.400284 	114.017540 	67.357254 	102.883430 	81.154175 	68.352028 	67.601776 	59.548298 	107.074738 	117.209213 	79.309517 	56.797886 	64.884514 	68.949257 	117.239075 	74.525162 	73.027390 	47.434166 	47.169907 	68.000000 	73.348480 	46.227695 	72.062469 	70.114189 	43.566040 	61.000000 	42.485291 	40.804413 	38.013157 	38.078865 	35.846897 	72.780495 	101.833199 	40.012497 	47.675991 	78.434685 	20.880613 	32.280025 	26.925823 	29.546574 	29.068884 	35.846897 	51.312767 	31.906113 	32.449963 	47.201694 	20.000000 	999.000000 	41.725292 	10.440307 	11.401754 	28.071337 	
88.005684 	82.200974 	91.241440 	83.168503 	104.307236 	93.037628 	91.235954 	111.543716 	121.148666 	78.185677 	90.824005 	82.377182 	129.003876 	105.019043 	64.350601 	89.089844 	70.830788 	82.219215 	90.956032 	62.201286 	59.236813 	89.022469 	95.189285 	87.965904 	103.947105 	52.153618 	57.870544 	56.089214 	49.203659 	103.097038 	59.413803 	50.774010 	48.548943 	53.600372 	43.863426 	49.819675 	54.147945 	52.038448 	45.398239 	48.041649 	44.271889 	68.007355 	31.016125 	28.425341 	45.177429 	37.107952 	21.095022 	20.396078 	18.110771 	17.262676 	12.165525 	14.142136 	13.152946 	12.165525 	9.219544 	22.203604 	41.725292 	999.000000 	32.802441 	32.202484 	27.073973 	
102.142059 	96.462425 	109.238274 	78.644768 	90.620087 	111.803398 	109.836243 	98.234413 	105.948097 	75.663727 	111.646767 	73.498299 	111.830231 	89.493019 	69.835518 	75.239616 	64.536812 	104.172935 	114.039467 	77.878113 	59.405388 	73.054771 	77.620872 	113.216606 	83.862984 	70.455658 	51.623638 	50.931328 	65.764732 	82.734512 	51.088158 	69.354164 	67.268120 	47.381432 	58.855755 	45.453274 	45.343136 	42.520584 	40.607880 	39.597980 	68.264191 	96.317184 	38.078865 	44.045429 	72.780495 	23.345236 	28.017851 	22.000000 	24.083189 	23.194826 	29.120440 	43.863426 	25.000000 	25.298222 	39.357338 	13.152946 	10.440307 	32.802441 	999.000000 	1.000000 	18.027756 	
