Total assets = 526
Number of asset nodes = 33

Distance:
999.000000 	10.770329 	16.278820 	20.248457 	95.383438 	29.614185 	112.898186 	39.560081 	72.567207 	43.680660 	113.207771 	75.927597 	40.853397 	43.081318 	73.824112 	50.447994 	72.339478 	77.929459 	79.630394 	75.059975 	79.227524 	48.010414 	44.922153 	71.196907 	66.098412 	52.345009 	90.199776 	81.743500 	87.800911 	86.400230 	87.641312 	84.504440 	78.032043 	87.920418 	88.255310 	82.365044 	97.015465 	110.652611 	91.241440 	109.238274 	109.444046 	115.169441 	
10.770329 	999.000000 	9.219544 	9.486833 	104.009613 	19.104973 	121.827744 	41.194660 	79.056938 	46.043457 	122.065559 	82.540901 	42.296574 	44.407207 	79.812279 	53.037724 	77.878113 	83.934502 	85.375641 	80.062477 	84.528099 	46.615448 	37.121422 	74.060783 	67.742157 	48.826221 	94.085068 	83.725746 	89.805344 	88.119240 	89.269257 	85.375641 	77.077881 	89.050545 	89.269257 	81.706795 	98.994949 	114.017540 	90.824005 	111.646767 	111.758667 	115.948265 	
16.278820 	9.219544 	999.000000 	10.440307 	101.828285 	15.811388 	119.970833 	34.058773 	74.732857 	39.204590 	120.104118 	78.294319 	35.014282 	37.000000 	75.026665 	46.173584 	72.732384 	79.120163 	80.324341 	74.464760 	79.120163 	37.947330 	28.792360 	67.067131 	60.133186 	39.661064 	87.572830 	76.164299 	82.219215 	80.399002 	81.498466 	77.278717 	68.352028 	81.049370 	81.215759 	73.054771 	91.350975 	107.074738 	82.219215 	104.172935 	104.235313 	107.707939 	
20.248457 	9.486833 	10.440307 	999.000000 	111.606453 	10.049875 	129.630249 	44.283180 	85.088188 	49.497475 	129.807556 	88.639717 	45.177429 	47.095646 	85.440041 	56.435802 	83.168503 	89.537704 	90.757919 	84.899940 	89.560036 	46.872166 	31.240999 	77.233414 	70.007141 	47.010635 	97.867256 	86.023254 	92.048897 	90.138779 	91.197586 	86.700638 	76.922035 	90.553848 	90.669731 	81.743500 	101.123688 	117.209213 	90.956032 	114.039467 	114.070152 	116.901665 	
95.383438 	104.009613 	101.828285 	111.606453 	999.000000 	117.034180 	18.439089 	76.400261 	34.176014 	71.847061 	18.384777 	31.320919 	76.609398 	76.275818 	37.363083 	68.095520 	41.484936 	35.510563 	37.215588 	44.721359 	41.194660 	86.954010 	114.017540 	61.392181 	69.921387 	97.128784 	53.460266 	68.117546 	69.028976 	71.000000 	72.006943 	77.103828 	88.459030 	76.000000 	77.000000 	87.692642 	71.847061 	64.884514 	89.022469 	73.054771 	74.000000 	90.520714 	
29.614185 	19.104973 	15.811388 	10.049875 	117.034180 	999.000000 	135.281189 	45.541191 	88.684837 	50.921509 	135.369858 	92.282173 	46.173584 	47.801674 	88.549423 	57.567352 	85.906929 	92.574295 	93.520050 	87.091904 	91.923882 	45.011108 	23.600847 	77.665955 	69.584480 	42.953465 	98.716766 	85.375641 	91.268837 	89.140335 	90.088844 	85.005882 	73.824112 	89.000000 	89.005615 	78.771820 	100.124924 	117.239075 	87.965904 	113.216606 	113.159180 	114.529472 	
112.898186 	121.827744 	119.970833 	129.630249 	18.439089 	135.281189 	999.000000 	94.810333 	51.884487 	90.210861 	1.414214 	48.754486 	95.000000 	94.625580 	54.625999 	86.284416 	58.694122 	52.201534 	53.450912 	61.351448 	57.280014 	105.152267 	132.438660 	78.108902 	87.091904 	115.247559 	67.186310 	83.546394 	83.600243 	85.842880 	86.700638 	92.395889 	104.809349 	90.796478 	91.787796 	103.585716 	85.005882 	74.525162 	103.947105 	83.862984 	84.852814 	101.833199 	
39.560081 	41.194660 	34.058773 	44.283180 	76.400261 	45.541191 	94.810333 	999.000000 	44.687805 	5.385165 	94.641426 	48.270073 	1.414214 	3.605551 	43.829212 	12.165525 	40.816662 	47.707443 	48.373547 	41.629318 	46.518814 	14.142136 	37.643059 	33.015148 	26.683329 	24.020824 	53.600372 	42.579338 	48.662102 	47.074409 	48.270073 	44.944408 	39.698868 	48.383881 	48.703182 	43.600460 	57.870544 	73.027390 	52.153618 	70.455658 	70.576202 	75.610847 	
72.567207 	79.056938 	74.732857 	85.088188 	34.176014 	88.684837 	51.884487 	44.687805 	999.000000 	39.623226 	51.478149 	3.605551 	44.598206 	43.840622 	4.472136 	34.828148 	8.062258 	6.708204 	9.433981 	12.649111 	12.041595 	53.600372 	82.024384 	28.017851 	35.902645 	63.513779 	28.319605 	36.878178 	39.560081 	40.804413 	42.059483 	45.705578 	55.145264 	45.607018 	46.572525 	55.009090 	45.276924 	47.434166 	57.870544 	51.623638 	52.345009 	66.287254 	
43.680660 	46.043457 	39.204590 	49.497475 	71.847061 	50.921509 	90.210861 	5.385165 	39.623226 	999.000000 	90.000000 	43.185646 	5.000000 	4.472136 	38.600517 	7.000000 	35.510563 	42.438190 	43.046486 	36.249138 	41.146080 	16.278820 	42.449970 	28.017851 	22.472204 	26.683329 	48.373547 	38.078865 	44.147480 	42.720020 	43.965897 	41.146080 	37.536648 	44.384682 	44.777225 	41.036568 	53.366657 	68.000000 	49.203659 	65.764732 	65.924202 	71.693794 	
113.207771 	122.065559 	120.104118 	129.807556 	18.384777 	135.369858 	1.414214 	94.641426 	51.478149 	90.000000 	999.000000 	48.301140 	94.810333 	94.403389 	54.129475 	85.982559 	58.180752 	51.623638 	52.810986 	60.745369 	56.612720 	104.847511 	132.279999 	77.491936 	86.539009 	114.908661 	66.272163 	82.764725 	82.734512 	85.000000 	85.842880 	91.591484 	104.120125 	89.944427 	90.934044 	102.839684 	84.023804 	73.348480 	103.097038 	82.734512 	83.725746 	100.717430 	
75.927597 	82.540901 	78.294319 	88.639717 	31.320919 	92.282173 	48.754486 	48.270073 	3.605551 	43.185646 	48.301140 	999.000000 	48.166378 	47.381432 	6.082763 	38.288380 	10.198039 	5.830952 	8.602325 	14.035668 	12.083046 	57.008770 	85.562843 	30.265491 	38.600517 	66.850578 	28.017851 	38.327538 	40.521599 	41.976185 	43.174065 	47.265209 	57.428215 	46.872166 	47.853943 	57.035076 	45.617977 	46.227695 	59.413803 	51.088158 	51.855568 	66.370171 	
40.853397 	42.296574 	35.014282 	45.177429 	76.609398 	46.173584 	95.000000 	1.414214 	44.598206 	5.000000 	94.810333 	48.166378 	999.000000 	2.236068 	43.600460 	11.401754 	40.496914 	47.434166 	48.020828 	41.146080 	46.065170 	13.038404 	37.536648 	32.062439 	25.495098 	23.086792 	52.773098 	41.436699 	47.518417 	45.891174 	47.074409 	43.657761 	38.288380 	47.127487 	47.434166 	42.201897 	56.718605 	72.062469 	50.774010 	69.354164 	69.462219 	74.330345 	
43.081318 	44.407207 	37.000000 	47.095646 	76.275818 	47.801674 	94.625580 	3.605551 	43.840622 	4.472136 	94.403389 	47.381432 	2.236068 	999.000000 	42.638012 	9.848858 	39.408119 	46.400433 	46.872166 	39.824615 	44.777225 	12.041595 	38.183765 	30.149628 	23.345236 	22.360680 	50.990196 	39.319206 	45.398239 	43.737854 	44.911022 	41.436699 	36.124783 	44.922153 	45.221676 	40.000000 	54.589375 	70.114189 	48.548943 	67.268120 	67.364677 	72.111023 	
73.824112 	79.812279 	75.026665 	85.440041 	37.363083 	88.549423 	54.625999 	43.829212 	4.472136 	38.600517 	54.129475 	6.082763 	43.600460 	42.638012 	999.000000 	33.241539 	4.123106 	4.123106 	6.082763 	8.246211 	7.810250 	51.739735 	80.721741 	24.186773 	32.572994 	61.400326 	24.041630 	32.557640 	35.114101 	36.400551 	37.643059 	41.436699 	51.351727 	41.231056 	42.201897 	51.009804 	40.816662 	43.566040 	53.600372 	47.381432 	48.083260 	61.854668 	
50.447994 	53.037724 	46.173584 	56.435802 	68.095520 	57.567352 	86.284416 	12.165525 	34.828148 	7.000000 	85.982559 	38.288380 	11.401754 	9.848858 	33.241539 	999.000000 	29.832869 	36.878178 	37.202152 	30.016663 	34.985710 	18.867962 	47.507893 	21.023796 	16.124516 	29.068884 	41.436699 	31.320919 	37.363083 	36.055511 	37.336308 	34.985710 	33.286633 	38.013157 	38.470768 	36.235340 	46.572525 	61.000000 	43.863426 	58.855755 	59.033890 	65.306969 	
72.339478 	77.878113 	72.732384 	83.168503 	41.484936 	85.906929 	58.694122 	40.816662 	8.062258 	35.510563 	58.180752 	10.198039 	40.496914 	39.408119 	4.123106 	29.832869 	999.000000 	7.071068 	7.615773 	5.000000 	7.071068 	48.104053 	77.336922 	20.099751 	28.460499 	57.628117 	22.203604 	28.861740 	31.780497 	32.893768 	34.176014 	37.656342 	47.265209 	37.643059 	38.600517 	47.000000 	38.013157 	42.485291 	49.819675 	45.453274 	46.097721 	59.203041 	
77.929459 	83.934502 	79.120163 	89.537704 	35.510563 	92.574295 	52.201534 	47.707443 	6.708204 	42.438190 	51.623638 	5.830952 	47.434166 	46.400433 	4.123106 	36.878178 	7.071068 	999.000000 	2.828427 	9.219544 	6.324555 	55.172459 	84.386017 	25.961510 	34.928497 	64.660652 	22.203604 	33.060551 	34.928497 	36.496574 	37.656342 	42.047592 	52.952808 	41.436699 	42.426407 	52.239830 	39.812057 	40.804413 	54.147945 	45.343136 	46.097721 	60.539242 	
79.630394 	85.375641 	80.324341 	90.757919 	37.215588 	93.520050 	53.450912 	48.373547 	9.433981 	43.046486 	52.810986 	8.602325 	48.020828 	46.872166 	6.082763 	37.202152 	7.615773 	2.828427 	999.000000 	8.062258 	4.000000 	55.172459 	84.646324 	24.698177 	34.000000 	64.443771 	19.416489 	31.000000 	32.557640 	34.234486 	35.355339 	40.000000 	51.419842 	39.204590 	40.199501 	50.487621 	37.161808 	38.013157 	52.038448 	42.520584 	43.278172 	57.801384 	
75.059975 	80.062477 	74.464760 	84.899940 	44.721359 	87.091904 	61.351448 	41.629318 	12.649111 	36.249138 	60.745369 	14.035668 	41.146080 	39.824615 	8.246211 	30.016663 	5.000000 	9.219544 	8.062258 	999.000000 	5.000000 	47.507893 	77.201035 	16.763054 	25.942244 	56.586216 	17.492855 	24.331051 	26.925823 	28.160255 	29.410883 	33.241539 	43.737854 	32.984844 	33.955853 	43.104523 	33.015148 	38.078865 	45.398239 	40.607880 	41.231056 	54.203320 	
79.227524 	84.528099 	79.120163 	89.560036 	41.194660 	91.923882 	57.280014 	46.518814 	12.041595 	41.146080 	56.612720 	12.083046 	46.065170 	44.777225 	7.810250 	34.985710 	7.071068 	6.324555 	4.000000 	5.000000 	999.000000 	52.497620 	82.200974 	21.023796 	30.528675 	61.522354 	16.278820 	27.000000 	28.635643 	30.265491 	31.400637 	36.000000 	47.539455 	35.227829 	36.221542 	46.529560 	33.541019 	35.846897 	48.041649 	39.597980 	40.311287 	54.378304 	
48.010414 	46.615448 	37.947330 	46.872166 	86.954010 	45.011108 	105.152267 	14.142136 	53.600372 	16.278820 	104.847511 	57.008770 	13.038404 	12.041595 	51.739735 	18.867962 	48.104053 	55.172459 	55.172459 	47.507893 	52.497620 	999.000000 	30.016663 	34.438351 	25.298222 	10.440307 	55.542778 	40.607880 	46.389652 	44.181442 	45.099888 	40.049969 	30.463093 	44.011364 	44.045429 	35.114101 	55.145264 	72.780495 	44.271889 	68.264191 	68.183578 	70.035706 	
44.922153 	37.121422 	28.792360 	31.240999 	114.017540 	23.600847 	132.438660 	37.643059 	82.024384 	42.449970 	132.279999 	85.562843 	37.536648 	38.183765 	80.721741 	47.507893 	77.336922 	84.386017 	84.646324 	77.201035 	82.200974 	30.016663 	999.000000 	64.412735 	55.036350 	23.537205 	85.428329 	69.570107 	75.000000 	72.532753 	73.246162 	67.268120 	54.083271 	71.386276 	71.196907 	59.076221 	83.198555 	101.833199 	68.007355 	96.317184 	96.104111 	95.047356 	
71.196907 	74.060783 	67.067131 	77.233414 	61.392181 	77.665955 	78.108902 	33.015148 	28.017851 	28.017851 	77.491936 	30.265491 	32.062439 	30.149628 	24.186773 	21.023796 	20.099751 	25.961510 	24.698177 	16.763054 	21.023796 	34.438351 	64.412735 	999.000000 	9.899495 	42.201897 	21.189621 	12.041595 	17.492855 	17.029387 	18.439089 	19.235384 	27.166155 	20.615528 	21.400934 	27.073973 	26.400757 	40.012497 	31.016125 	38.078865 	38.327538 	46.615448 	
66.098412 	67.742157 	60.133186 	70.007141 	69.921387 	69.584480 	87.091904 	26.683329 	35.902645 	22.472204 	86.539009 	38.600517 	25.495098 	23.345236 	32.572994 	16.124516 	28.460499 	34.928497 	34.000000 	25.942244 	30.528675 	25.298222 	55.036350 	9.899495 	999.000000 	32.449963 	30.413813 	16.031219 	22.090721 	20.396078 	21.587032 	18.867962 	20.396078 	21.931713 	22.360680 	21.931713 	31.257000 	47.675991 	28.425341 	44.045429 	44.102154 	49.244289 	
52.345009 	48.826221 	39.661064 	47.010635 	97.128784 	42.953465 	115.247559 	24.020824 	63.513779 	26.683329 	114.908661 	66.850578 	23.086792 	22.360680 	61.400326 	29.068884 	57.628117 	64.660652 	64.443771 	56.586216 	61.522354 	10.440307 	23.537205 	42.201897 	32.449963 	999.000000 	62.769421 	46.238514 	51.546097 	49.040798 	49.729267 	43.737854 	31.064449 	47.853943 	47.675991 	36.055511 	59.665737 	78.434685 	45.177429 	72.780495 	72.567207 	72.027771 	
90.199776 	94.085068 	87.572830 	97.867256 	53.460266 	98.716766 	67.186310 	53.600372 	28.319605 	48.373547 	66.272163 	28.017851 	52.773098 	50.990196 	24.041630 	41.436699 	22.203604 	22.203604 	19.416489 	17.492855 	16.278820 	55.542778 	85.428329 	21.189621 	30.413813 	62.769421 	999.000000 	18.601076 	16.763054 	19.313208 	19.924858 	26.400757 	41.048752 	24.041630 	25.000000 	38.470768 	18.439089 	20.880613 	37.107952 	23.345236 	24.041630 	38.470768 	
81.743500 	83.725746 	76.164299 	86.023254 	68.117546 	85.375641 	83.546394 	42.579338 	36.878178 	38.078865 	82.764725 	38.327538 	41.436699 	39.319206 	32.557640 	31.320919 	28.861740 	33.060551 	31.000000 	24.331051 	27.000000 	40.607880 	69.570107 	12.041595 	16.031219 	46.238514 	18.601076 	999.000000 	6.082763 	5.000000 	6.403124 	9.000000 	22.472204 	8.944272 	9.848858 	20.248457 	15.297058 	32.280025 	21.095022 	28.017851 	28.071337 	34.669872 	
87.800911 	89.805344 	82.219215 	92.048897 	69.028976 	91.268837 	83.600243 	48.662102 	39.560081 	44.147480 	82.734512 	40.521599 	47.518417 	45.398239 	35.114101 	37.363083 	31.780497 	34.928497 	32.557640 	26.925823 	28.635643 	46.389652 	75.000000 	17.492855 	22.090721 	51.546097 	16.763054 	6.082763 	999.000000 	2.828427 	3.162278 	10.000000 	25.455845 	7.280110 	8.246211 	22.203604 	9.219544 	26.925823 	20.396078 	22.000000 	22.022715 	29.206163 	
86.400230 	88.119240 	80.399002 	90.138779 	71.000000 	89.140335 	85.842880 	47.074409 	40.804413 	42.720020 	85.000000 	41.976185 	45.891174 	43.737854 	36.400551 	36.055511 	32.893768 	36.496574 	34.234486 	28.160255 	30.265491 	44.181442 	72.532753 	17.029387 	20.396078 	49.040798 	19.313208 	5.000000 	2.828427 	999.000000 	1.414214 	7.211102 	22.627417 	5.000000 	6.000000 	19.416489 	11.000000 	29.546574 	18.110771 	24.083189 	24.020824 	29.681644 	
87.641312 	89.269257 	81.498466 	91.197586 	72.006943 	90.088844 	86.700638 	48.270073 	42.059483 	43.965897 	85.842880 	43.174065 	47.074409 	44.911022 	37.643059 	37.336308 	34.176014 	37.656342 	35.355339 	29.410883 	31.400637 	45.099888 	73.246162 	18.439089 	21.587032 	49.729267 	19.924858 	6.403124 	3.162278 	1.414214 	999.000000 	7.071068 	22.671568 	4.123106 	5.099020 	19.209373 	10.049875 	29.068884 	17.262676 	23.194826 	23.086792 	28.301943 	
84.504440 	85.375641 	77.278717 	86.700638 	77.103828 	85.005882 	92.395889 	44.944408 	45.705578 	41.146080 	91.591484 	47.265209 	43.657761 	41.436699 	41.436699 	34.985710 	37.656342 	42.047592 	40.000000 	33.241539 	36.000000 	40.049969 	67.268120 	19.235384 	18.867962 	43.737854 	26.400757 	9.000000 	10.000000 	7.211102 	7.071068 	999.000000 	15.620500 	4.123106 	4.000000 	12.206555 	16.155495 	35.846897 	12.165525 	29.120440 	28.861740 	30.675724 	
78.032043 	77.077881 	68.352028 	76.922035 	88.459030 	73.824112 	104.809349 	39.698868 	55.145264 	37.536648 	104.120125 	57.428215 	38.288380 	36.124783 	51.351727 	33.286633 	47.265209 	52.952808 	51.419842 	43.737854 	47.539455 	30.463093 	54.083271 	27.166155 	20.396078 	31.064449 	41.048752 	22.472204 	25.455845 	22.627417 	22.671568 	15.620500 	999.000000 	19.416489 	18.867962 	5.000000 	31.384710 	51.312767 	14.142136 	43.863426 	43.462627 	41.000000 	
87.920418 	89.050545 	81.049370 	90.553848 	76.000000 	89.000000 	90.796478 	48.383881 	45.607018 	44.384682 	89.944427 	46.872166 	47.127487 	44.922153 	41.231056 	38.013157 	37.643059 	41.436699 	39.204590 	32.984844 	35.227829 	44.011364 	71.386276 	20.615528 	21.931713 	47.853943 	24.041630 	8.944272 	7.280110 	5.000000 	4.123106 	4.123106 	19.416489 	999.000000 	1.000000 	15.556349 	12.083046 	31.906113 	13.152946 	25.000000 	24.738634 	27.313000 	
88.255310 	89.269257 	81.215759 	90.669731 	77.000000 	89.005615 	91.787796 	48.703182 	46.572525 	44.777225 	90.934044 	47.853943 	47.434166 	45.221676 	42.201897 	38.470768 	38.600517 	42.426407 	40.199501 	33.955853 	36.221542 	44.045429 	71.196907 	21.400934 	22.360680 	47.675991 	25.000000 	9.848858 	8.246211 	6.000000 	5.099020 	4.000000 	18.867962 	1.000000 	999.000000 	14.866069 	12.529964 	32.449963 	12.165525 	25.298222 	25.000000 	26.925823 	
82.365044 	81.706795 	73.054771 	81.743500 	87.692642 	78.771820 	103.585716 	43.600460 	55.009090 	41.036568 	102.839684 	57.035076 	42.201897 	40.000000 	51.009804 	36.235340 	47.000000 	52.239830 	50.487621 	43.104523 	46.529560 	35.114101 	59.076221 	27.073973 	21.931713 	36.055511 	38.470768 	20.248457 	22.203604 	19.416489 	19.209373 	12.206555 	5.000000 	15.556349 	14.866069 	999.000000 	27.202942 	47.201694 	9.219544 	39.357338 	38.910152 	36.000000 	
97.015465 	98.994949 	91.350975 	101.123688 	71.847061 	100.124924 	85.005882 	57.870544 	45.276924 	53.366657 	84.023804 	45.617977 	56.718605 	54.589375 	40.816662 	46.572525 	38.013157 	39.812057 	37.161808 	33.015148 	33.541019 	55.145264 	83.198555 	26.400757 	31.257000 	59.665737 	18.439089 	15.297058 	9.219544 	11.000000 	10.049875 	16.155495 	31.384710 	12.083046 	12.529964 	27.202942 	999.000000 	20.000000 	22.203604 	13.152946 	13.038404 	21.260292 	
110.652611 	114.017540 	107.074738 	117.209213 	64.884514 	117.239075 	74.525162 	73.027390 	47.434166 	68.000000 	73.348480 	46.227695 	72.062469 	70.114189 	43.566040 	61.000000 	42.485291 	40.804413 	38.013157 	38.078865 	35.846897 	72.780495 	101.833199 	40.012497 	47.675991 	78.434685 	20.880613 	32.280025 	26.925823 	29.546574 	29.068884 	35.846897 	51.312767 	31.906113 	32.449963 	47.201694 	20.000000 	999.000000 	41.725292 	10.440307 	11.401754 	28.071337 	
91.241440 	90.824005 	82.219215 	90.956032 	89.022469 	87.965904 	103.947105 	52.153618 	57.870544 	49.203659 	103.097038 	59.413803 	50.774010 	48.548943 	53.600372 	43.863426 	49.819675 	54.147945 	52.038448 	45.398239 	48.041649 	44.271889 	68.007355 	31.016125 	28.425341 	45.177429 	37.107952 	21.095022 	20.396078 	18.110771 	17.262676 	12.165525 	14.142136 	13.152946 	12.165525 	9.219544 	22.203604 	41.725292 	999.000000 	32.802441 	32.202484 	27.073973 	
109.238274 	111.646767 	104.172935 	114.039467 	73.054771 	113.216606 	83.862984 	70.455658 	51.623638 	65.764732 	82.734512 	51.088158 	69.354164 	67.268120 	47.381432 	58.855755 	45.453274 	45.343136 	42.520584 	40.607880 	39.597980 	68.264191 	96.317184 	38.078865 	44.045429 	72.780495 	23.345236 	28.017851 	22.000000 	24.083189 	23.194826 	29.120440 	43.863426 	25.000000 	25.298222 	39.357338 	13.152946 	10.440307 	32.802441 	999.000000 	1.000000 	18.027756 	
109.444046 	111.758667 	104.235313 	114.070152 	74.000000 	113.159180 	84.852814 	70.576202 	52.345009 	65.924202 	83.725746 	51.855568 	69.462219 	67.364677 	48.083260 	59.033890 	46.097721 	46.097721 	43.278172 	41.231056 	40.311287 	68.183578 	96.104111 	38.327538 	44.102154 	72.567207 	24.041630 	28.071337 	22.022715 	24.020824 	23.086792 	28.861740 	43.462627 	24.738634 	25.000000 	38.910152 	13.038404 	11.401754 	32.202484 	1.000000 	999.000000 	17.029387 	
115.169441 	115.948265 	107.707939 	116.901665 	90.520714 	114.529472 	101.833199 	75.610847 	66.287254 	71.693794 	100.717430 	66.370171 	74.330345 	72.111023 	61.854668 	65.306969 	59.203041 	60.539242 	57.801384 	54.203320 	54.378304 	70.035706 	95.047356 	46.615448 	49.244289 	72.027771 	38.470768 	34.669872 	29.206163 	29.681644 	28.301943 	30.675724 	41.000000 	27.313000 	26.925823 	36.000000 	21.260292 	28.071337 	27.073973 	18.027756 	17.029387 	999.000000 	

Travel time:
9.000000 	0.269258 	0.406971 	0.506211 	2.384586 	0.740355 	2.822455 	0.989002 	1.814180 	1.092016 	2.830194 	1.898190 	1.021335 	1.077033 	1.845603 	1.261200 	1.808487 	1.948236 	1.990760 	1.876499 	1.980688 	1.200260 	1.123054 	1.779923 	1.652460 	1.308625 	2.254994 	2.043587 	2.195023 	2.160006 	2.191033 	2.112611 	1.950801 	2.198010 	2.206383 	2.059126 	2.425387 	2.766315 	2.281036 	2.730957 	2.736101 	2.879236 	
0.269258 	9.000000 	0.230489 	0.237171 	2.600240 	0.477624 	3.045694 	1.029866 	1.976424 	1.151086 	3.051639 	2.063523 	1.057414 	1.110180 	1.995307 	1.325943 	1.946953 	2.098362 	2.134391 	2.001562 	2.113203 	1.165386 	0.928036 	1.851520 	1.693554 	1.220656 	2.352127 	2.093144 	2.245134 	2.202981 	2.231731 	2.134391 	1.926947 	2.226264 	2.231731 	2.042670 	2.474874 	2.850439 	2.270600 	2.791169 	2.793967 	2.898707 	
0.406971 	0.230489 	9.000000 	0.261008 	2.545707 	0.395285 	2.999271 	0.851469 	1.868321 	0.980115 	3.002603 	1.957358 	0.875357 	0.925000 	1.875667 	1.154340 	1.818310 	1.978004 	2.008109 	1.861619 	1.978004 	0.948683 	0.719809 	1.676678 	1.503330 	0.991527 	2.189321 	1.904107 	2.055480 	2.009975 	2.037462 	1.931968 	1.708801 	2.026234 	2.030394 	1.826369 	2.283774 	2.676868 	2.055480 	2.604323 	2.605883 	2.692698 	
0.506211 	0.237171 	0.261008 	9.000000 	2.790161 	0.251247 	3.240756 	1.107080 	2.127205 	1.237437 	3.245189 	2.215993 	1.129436 	1.177391 	2.136001 	1.410895 	2.079213 	2.238443 	2.268948 	2.122499 	2.239001 	1.171804 	0.781025 	1.930835 	1.750179 	1.175266 	2.446681 	2.150581 	2.301222 	2.253469 	2.279940 	2.167516 	1.923051 	2.263846 	2.266743 	2.043587 	2.528092 	2.930230 	2.273901 	2.850987 	2.851754 	2.922542 	
2.384586 	2.600240 	2.545707 	2.790161 	9.000000 	2.925854 	0.460977 	1.910007 	0.854400 	1.796177 	0.459619 	0.783023 	1.915235 	1.906895 	0.934077 	1.702388 	1.037123 	0.887764 	0.930390 	1.118034 	1.029866 	2.173850 	2.850439 	1.534805 	1.748035 	2.428220 	1.336507 	1.702939 	1.725724 	1.775000 	1.800174 	1.927596 	2.211476 	1.900000 	1.925000 	2.192316 	1.796177 	1.622113 	2.225562 	1.826369 	1.850000 	2.263018 	
0.740355 	0.477624 	0.395285 	0.251247 	2.925854 	9.000000 	3.382030 	1.138530 	2.217121 	1.273038 	3.384246 	2.307054 	1.154340 	1.195042 	2.213736 	1.439184 	2.147673 	2.314357 	2.338001 	2.177298 	2.298097 	1.125278 	0.590021 	1.941649 	1.739612 	1.073837 	2.467919 	2.134391 	2.281721 	2.228508 	2.252221 	2.125147 	1.845603 	2.225000 	2.225140 	1.969296 	2.503123 	2.930977 	2.199148 	2.830415 	2.828979 	2.863237 	
2.822455 	3.045694 	2.999271 	3.240756 	0.460977 	3.382030 	9.000000 	2.370258 	1.297112 	2.255271 	0.035355 	1.218862 	2.375000 	2.365639 	1.365650 	2.157110 	1.467353 	1.305038 	1.336273 	1.533786 	1.432000 	2.628807 	3.310966 	1.952723 	2.177298 	2.881189 	1.679658 	2.088660 	2.090006 	2.146072 	2.167516 	2.309897 	2.620234 	2.269912 	2.294695 	2.589643 	2.125147 	1.863129 	2.598678 	2.096575 	2.121320 	2.545830 	
0.989002 	1.029866 	0.851469 	1.107080 	1.910007 	1.138530 	2.370258 	9.000000 	1.117195 	0.134629 	2.366036 	1.206752 	0.035355 	0.090139 	1.095730 	0.304138 	1.020416 	1.192686 	1.209339 	1.040733 	1.162970 	0.353553 	0.941076 	0.825379 	0.667083 	0.600521 	1.340009 	1.064483 	1.216552 	1.176860 	1.206752 	1.123610 	0.992472 	1.209597 	1.217580 	1.090011 	1.446764 	1.825685 	1.303840 	1.761391 	1.764405 	1.890271 	
1.814180 	1.976424 	1.868321 	2.127205 	0.854400 	2.217121 	1.297112 	1.117195 	9.000000 	0.990581 	1.286954 	0.090139 	1.114955 	1.096016 	0.111803 	0.870704 	0.201556 	0.167705 	0.235850 	0.316228 	0.301040 	1.340009 	2.050610 	0.700446 	0.897566 	1.587844 	0.707990 	0.921954 	0.989002 	1.020110 	1.051487 	1.142639 	1.378632 	1.140175 	1.164313 	1.375227 	1.131923 	1.185854 	1.446764 	1.290591 	1.308625 	1.657181 	
1.092016 	1.151086 	0.980115 	1.237437 	1.796177 	1.273038 	2.255271 	0.134629 	0.990581 	9.000000 	2.250000 	1.079641 	0.125000 	0.111803 	0.965013 	0.175000 	0.887764 	1.060955 	1.076162 	0.906228 	1.028652 	0.406971 	1.061249 	0.700446 	0.561805 	0.667083 	1.209339 	0.951972 	1.103687 	1.068001 	1.099147 	1.028652 	0.938416 	1.109617 	1.119431 	1.025914 	1.334166 	1.700000 	1.230091 	1.644118 	1.648105 	1.792345 	
2.830194 	3.051639 	3.002603 	3.245189 	0.459619 	3.384246 	0.035355 	2.366036 	1.286954 	2.250000 	9.000000 	1.207528 	2.370258 	2.360085 	1.353237 	2.149564 	1.454519 	1.290591 	1.320275 	1.518634 	1.415318 	2.621188 	3.307000 	1.937298 	2.163475 	2.872716 	1.656804 	2.069118 	2.068363 	2.125000 	2.146072 	2.289787 	2.603003 	2.248611 	2.273351 	2.570992 	2.100595 	1.833712 	2.577426 	2.068363 	2.093144 	2.517936 	
1.898190 	2.063523 	1.957358 	2.215993 	0.783023 	2.307054 	1.218862 	1.206752 	0.090139 	1.079641 	1.207528 	9.000000 	1.204159 	1.184536 	0.152069 	0.957209 	0.254951 	0.145774 	0.215058 	0.350892 	0.302076 	1.425219 	2.139071 	0.756637 	0.965013 	1.671264 	0.700446 	0.958188 	1.013040 	1.049405 	1.079352 	1.181630 	1.435705 	1.171804 	1.196349 	1.425877 	1.140449 	1.155692 	1.485345 	1.277204 	1.296389 	1.659254 	
1.021335 	1.057414 	0.875357 	1.129436 	1.915235 	1.154340 	2.375000 	0.035355 	1.114955 	0.125000 	2.370258 	1.204159 	9.000000 	0.055902 	1.090011 	0.285044 	1.012423 	1.185854 	1.200521 	1.028652 	1.151629 	0.325960 	0.938416 	0.801561 	0.637377 	0.577170 	1.319327 	1.035918 	1.187960 	1.147279 	1.176860 	1.091444 	0.957209 	1.178187 	1.185854 	1.055047 	1.417965 	1.801562 	1.269350 	1.733854 	1.736555 	1.858259 	
1.077033 	1.110180 	0.925000 	1.177391 	1.906895 	1.195042 	2.365639 	0.090139 	1.096016 	0.111803 	2.360085 	1.184536 	0.055902 	9.000000 	1.065950 	0.246221 	0.985203 	1.160011 	1.171804 	0.995615 	1.119431 	0.301040 	0.954594 	0.753741 	0.583631 	0.559017 	1.274755 	0.982980 	1.134956 	1.093446 	1.122776 	1.035918 	0.903120 	1.123054 	1.130542 	1.000000 	1.364734 	1.752855 	1.213724 	1.681703 	1.684117 	1.802776 	
1.845603 	1.995307 	1.875667 	2.136001 	0.934077 	2.213736 	1.365650 	1.095730 	0.111803 	0.965013 	1.353237 	0.152069 	1.090011 	1.065950 	9.000000 	0.831038 	0.103078 	0.103078 	0.152069 	0.206155 	0.195256 	1.293493 	2.018044 	0.604669 	0.814325 	1.535008 	0.601041 	0.813941 	0.877853 	0.910014 	0.941076 	1.035918 	1.283793 	1.030776 	1.055047 	1.275245 	1.020416 	1.089151 	1.340009 	1.184536 	1.202081 	1.546367 	
1.261200 	1.325943 	1.154340 	1.410895 	1.702388 	1.439184 	2.157110 	0.304138 	0.870704 	0.175000 	2.149564 	0.957209 	0.285044 	0.246221 	0.831038 	9.000000 	0.745822 	0.921954 	0.930054 	0.750417 	0.874643 	0.471699 	1.187697 	0.525595 	0.403113 	0.726722 	1.035918 	0.783023 	0.934077 	0.901388 	0.933408 	0.874643 	0.832166 	0.950329 	0.961769 	0.905883 	1.164313 	1.525000 	1.096586 	1.471394 	1.475847 	1.632674 	
1.808487 	1.946953 	1.818310 	2.079213 	1.037123 	2.147673 	1.467353 	1.020416 	0.201556 	0.887764 	1.454519 	0.254951 	1.012423 	0.985203 	0.103078 	0.745822 	9.000000 	0.176777 	0.190394 	0.125000 	0.176777 	1.202601 	1.933423 	0.502494 	0.711512 	1.440703 	0.555090 	0.721543 	0.794512 	0.822344 	0.854400 	0.941409 	1.181630 	0.941076 	0.965013 	1.175000 	0.950329 	1.062132 	1.245492 	1.136332 	1.152443 	1.480076 	
1.948236 	2.098362 	1.978004 	2.238443 	0.887764 	2.314357 	1.305038 	1.192686 	0.167705 	1.060955 	1.290591 	0.145774 	1.185854 	1.160011 	0.103078 	0.921954 	0.176777 	9.000000 	0.070711 	0.230489 	0.158114 	1.379311 	2.109650 	0.649038 	0.873212 	1.616516 	0.555090 	0.826514 	0.873212 	0.912414 	0.941409 	1.051190 	1.323820 	1.035918 	1.060660 	1.305996 	0.995301 	1.020110 	1.353699 	1.133578 	1.152443 	1.513481 	
1.990760 	2.134391 	2.008109 	2.268948 	0.930390 	2.338001 	1.336273 	1.209339 	0.235850 	1.076162 	1.320275 	0.215058 	1.200521 	1.171804 	0.152069 	0.930054 	0.190394 	0.070711 	9.000000 	0.201556 	0.100000 	1.379311 	2.116158 	0.617454 	0.850000 	1.611094 	0.485412 	0.775000 	0.813941 	0.855862 	0.883883 	1.000000 	1.285496 	0.980115 	1.004987 	1.262191 	0.929045 	0.950329 	1.300961 	1.063015 	1.081954 	1.445035 	
1.876499 	2.001562 	1.861619 	2.122499 	1.118034 	2.177298 	1.533786 	1.040733 	0.316228 	0.906228 	1.518634 	0.350892 	1.028652 	0.995615 	0.206155 	0.750417 	0.125000 	0.230489 	0.201556 	9.000000 	0.125000 	1.187697 	1.930026 	0.419076 	0.648556 	1.414655 	0.437321 	0.608276 	0.673146 	0.704006 	0.735272 	0.831038 	1.093446 	0.824621 	0.848896 	1.077613 	0.825379 	0.951972 	1.134956 	1.015197 	1.030776 	1.355083 	
1.980688 	2.113203 	1.978004 	2.239001 	1.029866 	2.298097 	1.432000 	1.162970 	0.301040 	1.028652 	1.415318 	0.302076 	1.151629 	1.119431 	0.195256 	0.874643 	0.176777 	0.158114 	0.100000 	0.125000 	9.000000 	1.312441 	2.055024 	0.525595 	0.763217 	1.538059 	0.406971 	0.675000 	0.715891 	0.756637 	0.785016 	0.900000 	1.188486 	0.880696 	0.905539 	1.163239 	0.838525 	0.896172 	1.201041 	0.989950 	1.007782 	1.359458 	
1.200260 	1.165386 	0.948683 	1.171804 	2.173850 	1.125278 	2.628807 	0.353553 	1.340009 	0.406971 	2.621188 	1.425219 	0.325960 	0.301040 	1.293493 	0.471699 	1.202601 	1.379311 	1.379311 	1.187697 	1.312441 	9.000000 	0.750417 	0.860959 	0.632456 	0.261008 	1.388569 	1.015197 	1.159741 	1.104536 	1.127497 	1.001249 	0.761577 	1.100284 	1.101136 	0.877853 	1.378632 	1.819512 	1.106797 	1.706605 	1.704589 	1.750893 	
1.123054 	0.928036 	0.719809 	0.781025 	2.850439 	0.590021 	3.310966 	0.941076 	2.050610 	1.061249 	3.307000 	2.139071 	0.938416 	0.954594 	2.018044 	1.187697 	1.933423 	2.109650 	2.116158 	1.930026 	2.055024 	0.750417 	9.000000 	1.610318 	1.375909 	0.588430 	2.135708 	1.739253 	1.875000 	1.813319 	1.831154 	1.681703 	1.352082 	1.784657 	1.779923 	1.476906 	2.079964 	2.545830 	1.700184 	2.407930 	2.402603 	2.376184 	
1.779923 	1.851520 	1.676678 	1.930835 	1.534805 	1.941649 	1.952723 	0.825379 	0.700446 	0.700446 	1.937298 	0.756637 	0.801561 	0.753741 	0.604669 	0.525595 	0.502494 	0.649038 	0.617454 	0.419076 	0.525595 	0.860959 	1.610318 	9.000000 	0.247487 	1.055047 	0.529741 	0.301040 	0.437321 	0.425735 	0.460977 	0.480885 	0.679154 	0.515388 	0.535023 	0.676849 	0.660019 	1.000312 	0.775403 	0.951972 	0.958188 	1.165386 	
1.652460 	1.693554 	1.503330 	1.750179 	1.748035 	1.739612 	2.177298 	0.667083 	0.897566 	0.561805 	2.163475 	0.965013 	0.637377 	0.583631 	0.814325 	0.403113 	0.711512 	0.873212 	0.850000 	0.648556 	0.763217 	0.632456 	1.375909 	0.247487 	9.000000 	0.811249 	0.760345 	0.400780 	0.552268 	0.509902 	0.539676 	0.471699 	0.509902 	0.548293 	0.559017 	0.548293 	0.781425 	1.191900 	0.710634 	1.101136 	1.102554 	1.231107 	
1.308625 	1.220656 	0.991527 	1.175266 	2.428220 	1.073837 	2.881189 	0.600521 	1.587844 	0.667083 	2.872716 	1.671264 	0.577170 	0.559017 	1.535008 	0.726722 	1.440703 	1.616516 	1.611094 	1.414655 	1.538059 	0.261008 	0.588430 	1.055047 	0.811249 	9.000000 	1.569236 	1.155963 	1.288652 	1.226020 	1.243232 	1.093446 	0.776611 	1.196349 	1.191900 	0.901388 	1.491643 	1.960867 	1.129436 	1.819512 	1.814180 	1.800694 	
2.254994 	2.352127 	2.189321 	2.446681 	1.336507 	2.467919 	1.679658 	1.340009 	0.707990 	1.209339 	1.656804 	0.700446 	1.319327 	1.274755 	0.601041 	1.035918 	0.555090 	0.555090 	0.485412 	0.437321 	0.406971 	1.388569 	2.135708 	0.529741 	0.760345 	1.569236 	9.000000 	0.465027 	0.419076 	0.482830 	0.498121 	0.660019 	1.026219 	0.601041 	0.625000 	0.961769 	0.460977 	0.522015 	0.927699 	0.583631 	0.601041 	0.961769 	
2.043587 	2.093144 	1.904107 	2.150581 	1.702939 	2.134391 	2.088660 	1.064483 	0.921954 	0.951972 	2.069118 	0.958188 	1.035918 	0.982980 	0.813941 	0.783023 	0.721543 	0.826514 	0.775000 	0.608276 	0.675000 	1.015197 	1.739253 	0.301040 	0.400780 	1.155963 	0.465027 	9.000000 	0.152069 	0.125000 	0.160078 	0.225000 	0.561805 	0.223607 	0.246221 	0.506211 	0.382426 	0.807001 	0.527376 	0.700446 	0.701783 	0.866747 	
2.195023 	2.245134 	2.055480 	2.301222 	1.725724 	2.281721 	2.090006 	1.216552 	0.989002 	1.103687 	2.068363 	1.013040 	1.187960 	1.134956 	0.877853 	0.934077 	0.794512 	0.873212 	0.813941 	0.673146 	0.715891 	1.159741 	1.875000 	0.437321 	0.552268 	1.288652 	0.419076 	0.152069 	9.000000 	0.070711 	0.079057 	0.250000 	0.636396 	0.182003 	0.206155 	0.555090 	0.230489 	0.673146 	0.509902 	0.550000 	0.550568 	0.730154 	
2.160006 	2.202981 	2.009975 	2.253469 	1.775000 	2.228508 	2.146072 	1.176860 	1.020110 	1.068001 	2.125000 	1.049405 	1.147279 	1.093446 	0.910014 	0.901388 	0.822344 	0.912414 	0.855862 	0.704006 	0.756637 	1.104536 	1.813319 	0.425735 	0.509902 	1.226020 	0.482830 	0.125000 	0.070711 	9.000000 	0.035355 	0.180278 	0.565685 	0.125000 	0.150000 	0.485412 	0.275000 	0.738664 	0.452769 	0.602080 	0.600521 	0.742041 	
2.191033 	2.231731 	2.037462 	2.279940 	1.800174 	2.252221 	2.167516 	1.206752 	1.051487 	1.099147 	2.146072 	1.079352 	1.176860 	1.122776 	0.941076 	0.933408 	0.854400 	0.941409 	0.883883 	0.735272 	0.785016 	1.127497 	1.831154 	0.460977 	0.539676 	1.243232 	0.498121 	0.160078 	0.079057 	0.035355 	9.000000 	0.176777 	0.566789 	0.103078 	0.127475 	0.480234 	0.251247 	0.726722 	0.431567 	0.579871 	0.577170 	0.707549 	
2.112611 	2.134391 	1.931968 	2.167516 	1.927596 	2.125147 	2.309897 	1.123610 	1.142639 	1.028652 	2.289787 	1.181630 	1.091444 	1.035918 	1.035918 	0.874643 	0.941409 	1.051190 	1.000000 	0.831038 	0.900000 	1.001249 	1.681703 	0.480885 	0.471699 	1.093446 	0.660019 	0.225000 	0.250000 	0.180278 	0.176777 	9.000000 	0.390512 	0.103078 	0.100000 	0.305164 	0.403887 	0.896172 	0.304138 	0.728011 	0.721543 	0.766893 	
1.950801 	1.926947 	1.708801 	1.923051 	2.211476 	1.845603 	2.620234 	0.992472 	1.378632 	0.938416 	2.603003 	1.435705 	0.957209 	0.903120 	1.283793 	0.832166 	1.181630 	1.323820 	1.285496 	1.093446 	1.188486 	0.761577 	1.352082 	0.679154 	0.509902 	0.776611 	1.026219 	0.561805 	0.636396 	0.565685 	0.566789 	0.390512 	9.000000 	0.485412 	0.471699 	0.125000 	0.784618 	1.282819 	0.353553 	1.096586 	1.086566 	1.025000 	
2.198010 	2.226264 	2.026234 	2.263846 	1.900000 	2.225000 	2.269912 	1.209597 	1.140175 	1.109617 	2.248611 	1.171804 	1.178187 	1.123054 	1.030776 	0.950329 	0.941076 	1.035918 	0.980115 	0.824621 	0.880696 	1.100284 	1.784657 	0.515388 	0.548293 	1.196349 	0.601041 	0.223607 	0.182003 	0.125000 	0.103078 	0.103078 	0.485412 	9.000000 	0.025000 	0.388909 	0.302076 	0.797653 	0.328824 	0.625000 	0.618466 	0.682825 	
2.206383 	2.231731 	2.030394 	2.266743 	1.925000 	2.225140 	2.294695 	1.217580 	1.164313 	1.119431 	2.273351 	1.196349 	1.185854 	1.130542 	1.055047 	0.961769 	0.965013 	1.060660 	1.004987 	0.848896 	0.905539 	1.101136 	1.779923 	0.535023 	0.559017 	1.191900 	0.625000 	0.246221 	0.206155 	0.150000 	0.127475 	0.100000 	0.471699 	0.025000 	9.000000 	0.371652 	0.313249 	0.811249 	0.304138 	0.632456 	0.625000 	0.673146 	
2.059126 	2.042670 	1.826369 	2.043587 	2.192316 	1.969296 	2.589643 	1.090011 	1.375227 	1.025914 	2.570992 	1.425877 	1.055047 	1.000000 	1.275245 	0.905883 	1.175000 	1.305996 	1.262191 	1.077613 	1.163239 	0.877853 	1.476906 	0.676849 	0.548293 	0.901388 	0.961769 	0.506211 	0.555090 	0.485412 	0.480234 	0.305164 	0.125000 	0.388909 	0.371652 	9.000000 	0.680074 	1.180042 	0.230489 	0.983933 	0.972754 	0.900000 	
2.425387 	2.474874 	2.283774 	2.528092 	1.796177 	2.503123 	2.125147 	1.446764 	1.131923 	1.334166 	2.100595 	1.140449 	1.417965 	1.364734 	1.020416 	1.164313 	0.950329 	0.995301 	0.929045 	0.825379 	0.838525 	1.378632 	2.079964 	0.660019 	0.781425 	1.491643 	0.460977 	0.382426 	0.230489 	0.275000 	0.251247 	0.403887 	0.784618 	0.302076 	0.313249 	0.680074 	9.000000 	0.500000 	0.555090 	0.328824 	0.325960 	0.531507 	
2.766315 	2.850439 	2.676868 	2.930230 	1.622113 	2.930977 	1.863129 	1.825685 	1.185854 	1.700000 	1.833712 	1.155692 	1.801562 	1.752855 	1.089151 	1.525000 	1.062132 	1.020110 	0.950329 	0.951972 	0.896172 	1.819512 	2.545830 	1.000312 	1.191900 	1.960867 	0.522015 	0.807001 	0.673146 	0.738664 	0.726722 	0.896172 	1.282819 	0.797653 	0.811249 	1.180042 	0.500000 	9.000000 	1.043132 	0.261008 	0.285044 	0.701783 	
2.281036 	2.270600 	2.055480 	2.273901 	2.225562 	2.199148 	2.598678 	1.303840 	1.446764 	1.230091 	2.577426 	1.485345 	1.269350 	1.213724 	1.340009 	1.096586 	1.245492 	1.353699 	1.300961 	1.134956 	1.201041 	1.106797 	1.700184 	0.775403 	0.710634 	1.129436 	0.927699 	0.527376 	0.509902 	0.452769 	0.431567 	0.304138 	0.353553 	0.328824 	0.304138 	0.230489 	0.555090 	1.043132 	9.000000 	0.820061 	0.805062 	0.676849 	
2.730957 	2.791169 	2.604323 	2.850987 	1.826369 	2.830415 	2.096575 	1.761391 	1.290591 	1.644118 	2.068363 	1.277204 	1.733854 	1.681703 	1.184536 	1.471394 	1.136332 	1.133578 	1.063015 	1.015197 	0.989950 	1.706605 	2.407930 	0.951972 	1.101136 	1.819512 	0.583631 	0.700446 	0.550000 	0.602080 	0.579871 	0.728011 	1.096586 	0.625000 	0.632456 	0.983933 	0.328824 	0.261008 	0.820061 	9.000000 	0.025000 	0.450694 	
2.736101 	2.793967 	2.605883 	2.851754 	1.850000 	2.828979 	2.121320 	1.764405 	1.308625 	1.648105 	2.093144 	1.296389 	1.736555 	1.684117 	1.202081 	1.475847 	1.152443 	1.152443 	1.081954 	1.030776 	1.007782 	1.704589 	2.402603 	0.958188 	1.102554 	1.814180 	0.601041 	0.701783 	0.550568 	0.600521 	0.577170 	0.721543 	1.086566 	0.618466 	0.625000 	0.972754 	0.325960 	0.285044 	0.805062 	0.025000 	9.000000 	0.425735 	
2.879236 	2.898707 	2.692698 	2.922542 	2.263018 	2.863237 	2.545830 	1.890271 	1.657181 	1.792345 	2.517936 	1.659254 	1.858259 	1.802776 	1.546367 	1.632674 	1.480076 	1.513481 	1.445035 	1.355083 	1.359458 	1.750893 	2.376184 	1.165386 	1.231107 	1.800694 	0.961769 	0.866747 	0.730154 	0.742041 	0.707549 	0.766893 	1.025000 	0.682825 	0.673146 	0.900000 	0.531507 	0.701783 	0.676849 	0.450694 	0.425735 	9.000000 	

Feasibility v1:
0 	0 	0 	0 	0 	0 	0 	0 	0 	0 	0 	0 	0 	0 	0 	0 	0 	0 	0 	0 	0 	0 	0 	0 	0 	0 	0 	0 	0 	0 	0 	0 	0 	0 	0 	0 	0 	0 	0 	0 	0 	0 	
0 	0 	0 	0 	0 	0 	0 	0 	0 	0 	0 	0 	0 	0 	0 	0 	0 	0 	0 	0 	0 	0 	0 	0 	0 	0 	0 	0 	0 	0 	0 	0 	0 	0 	0 	0 	0 	0 	0 	0 	0 	0 	
0 	0 	0 	0 	0 	0 	0 	0 	0 	0 	0 	0 	0 	0 	0 	0 	0 	0 	0 	0 	0 	0 	0 	0 	0 	0 	0 	0 	0 	0 	0 	0 	0 	0 	0 	0 	0 	0 	0 	0 	0 	0 	
0 	0 	0 	0 	0 	0 	0 	0 	0 	0 	0 	0 	0 	0 	0 	0 	0 	0 	0 	0 	0 	1 	0 	0 	1 	0 	1 	0 	0 	0 	0 	0 	1 	0 	1 	1 	1 	1 	0 	1 	1 	0 	
0 	0 	0 	0 	0 	0 	0 	0 	0 	0 	0 	0 	0 	0 	0 	0 	0 	0 	0 	0 	0 	0 	0 	0 	0 	0 	1 	0 	0 	0 	0 	0 	1 	0 	1 	1 	1 	1 	0 	1 	1 	0 	
0 	0 	0 	0 	0 	0 	0 	0 	0 	0 	0 	0 	0 	0 	0 	0 	0 	0 	0 	0 	0 	0 	0 	0 	0 	0 	0 	0 	0 	0 	0 	0 	1 	0 	1 	1 	1 	1 	0 	1 	1 	0 	
0 	0 	0 	0 	0 	0 	0 	0 	0 	0 	0 	0 	0 	0 	0 	0 	0 	0 	0 	0 	0 	0 	0 	0 	0 	0 	1 	0 	0 	0 	0 	0 	1 	0 	1 	1 	1 	1 	0 	1 	1 	0 	
0 	0 	0 	0 	0 	0 	0 	0 	0 	0 	0 	0 	0 	0 	0 	0 	0 	0 	0 	0 	0 	1 	0 	0 	1 	0 	1 	0 	0 	0 	0 	0 	1 	0 	1 	1 	1 	1 	0 	1 	1 	0 	
0 	0 	0 	0 	0 	0 	0 	0 	0 	0 	0 	0 	0 	0 	1 	0 	1 	1 	0 	1 	0 	0 	0 	0 	1 	0 	1 	0 	0 	0 	0 	0 	1 	0 	1 	1 	1 	1 	0 	1 	1 	0 	
0 	0 	0 	0 	0 	0 	0 	0 	0 	0 	0 	0 	0 	0 	0 	0 	0 	0 	0 	0 	0 	0 	0 	0 	0 	0 	0 	0 	0 	0 	0 	0 	0 	0 	0 	0 	0 	0 	0 	0 	0 	0 	
0 	0 	0 	0 	0 	0 	0 	0 	0 	0 	0 	0 	0 	0 	0 	0 	1 	1 	0 	1 	0 	0 	0 	0 	1 	0 	1 	0 	0 	0 	0 	0 	1 	0 	1 	1 	1 	1 	0 	1 	1 	0 	
0 	0 	0 	0 	0 	0 	0 	0 	0 	0 	0 	0 	0 	1 	1 	1 	1 	1 	0 	1 	0 	1 	0 	0 	1 	0 	1 	0 	0 	0 	0 	0 	1 	0 	1 	1 	1 	1 	0 	1 	1 	0 	
0 	0 	0 	0 	0 	0 	0 	0 	0 	0 	0 	0 	0 	0 	0 	0 	0 	0 	0 	0 	0 	0 	0 	0 	0 	0 	0 	0 	0 	0 	0 	0 	0 	0 	0 	0 	0 	0 	0 	0 	0 	0 	
0 	0 	0 	0 	0 	0 	0 	0 	0 	0 	0 	0 	0 	0 	1 	1 	1 	1 	0 	1 	0 	1 	0 	0 	1 	0 	1 	0 	0 	0 	0 	0 	1 	0 	1 	1 	1 	1 	0 	1 	1 	0 	
0 	0 	0 	0 	0 	0 	0 	0 	0 	0 	0 	1 	0 	0 	0 	1 	1 	1 	0 	1 	0 	1 	0 	0 	1 	0 	1 	0 	0 	0 	0 	0 	1 	0 	1 	1 	1 	1 	0 	1 	1 	0 	
0 	0 	0 	0 	0 	0 	0 	0 	0 	0 	0 	0 	0 	1 	1 	0 	1 	1 	0 	1 	0 	1 	0 	0 	1 	0 	1 	0 	0 	0 	0 	0 	1 	0 	1 	1 	1 	1 	0 	1 	1 	0 	
0 	0 	0 	0 	0 	0 	0 	0 	0 	0 	0 	1 	0 	0 	1 	1 	0 	1 	0 	1 	0 	1 	0 	0 	1 	0 	1 	0 	0 	0 	0 	0 	1 	0 	1 	1 	1 	1 	0 	1 	1 	0 	
0 	0 	0 	0 	0 	0 	0 	0 	0 	0 	0 	1 	0 	0 	1 	0 	1 	0 	0 	1 	0 	1 	0 	0 	1 	0 	1 	0 	0 	0 	0 	0 	1 	0 	1 	1 	1 	1 	0 	1 	1 	0 	
0 	0 	0 	0 	0 	0 	0 	0 	0 	0 	0 	0 	0 	0 	0 	0 	0 	0 	0 	0 	0 	0 	0 	0 	0 	0 	0 	0 	0 	0 	0 	0 	0 	0 	0 	0 	0 	0 	0 	0 	0 	0 	
0 	0 	0 	0 	0 	0 	0 	0 	0 	0 	0 	0 	0 	0 	1 	0 	1 	1 	0 	0 	0 	1 	0 	0 	1 	0 	1 	0 	0 	0 	0 	0 	1 	0 	1 	1 	1 	1 	0 	1 	1 	0 	
0 	0 	0 	0 	0 	0 	0 	0 	0 	0 	0 	0 	0 	0 	0 	0 	0 	0 	0 	0 	0 	0 	0 	0 	0 	0 	0 	0 	0 	0 	0 	0 	0 	0 	0 	0 	0 	0 	0 	0 	0 	0 	
