Total assets = 580
Number of asset nodes = 33

Distance:
999.000000 	23.769728 	39.446167 	79.246452 	15.033297 	86.278618 	13.416408 	97.590981 	13.892444 	50.990196 	49.244289 	17.720045 	82.377182 	52.009613 	44.045429 	84.053551 	85.000000 	61.619801 	54.561890 	15.264338 	43.011627 	28.017851 	23.194826 	17.492855 	18.788294 	51.264023 	19.235384 	24.515301 	32.015621 	49.040798 	55.362442 	57.428215 	51.923019 	127.561752 	56.612720 	50.990196 	89.044930 	45.177429 	51.971146 	54.341511 	55.542778 	25.238859 	31.384710 	107.447662 	40.249222 	52.153618 	37.947330 	87.658424 	45.398239 	40.162170 	32.893768 	
23.769728 	999.000000 	63.063461 	101.828285 	38.327538 	108.706024 	34.132095 	119.970833 	34.058773 	74.732857 	73.006851 	39.204590 	102.825096 	31.048349 	23.086792 	104.804581 	106.103722 	83.630135 	78.294319 	35.014282 	66.730804 	50.990196 	45.398239 	37.000000 	39.012817 	75.026665 	39.000000 	46.173584 	54.918121 	72.732384 	79.120163 	34.655445 	75.584389 	149.201202 	80.324341 	74.464760 	112.507774 	68.249542 	75.432091 	77.884529 	79.120163 	37.947330 	51.088158 	130.430054 	27.294687 	75.133217 	28.792360 	111.359779 	67.067131 	60.133186 	39.661064 	
39.446167 	63.063461 	999.000000 	41.617306 	26.870058 	48.826221 	34.058773 	60.000000 	34.828148 	12.165525 	11.000000 	30.232433 	50.219517 	88.526833 	81.043198 	50.960770 	50.921509 	26.925823 	15.524175 	35.000000 	9.899495 	19.924858 	25.495098 	34.669872 	32.756680 	14.142136 	33.615471 	26.925823 	19.104973 	14.317822 	18.027756 	96.798759 	17.088007 	90.972527 	20.223749 	18.867962 	49.648766 	19.416489 	19.723083 	20.615528 	21.189621 	45.617977 	32.388271 	68.622154 	76.419891 	24.083189 	72.470680 	48.332184 	28.231188 	33.241539 	55.946404 	
79.246452 	101.828285 	41.617306 	999.000000 	68.249542 	7.211102 	75.604233 	18.439089 	76.400261 	34.176014 	36.400551 	71.847061 	19.849434 	122.983742 	116.361504 	18.027756 	15.652476 	18.788294 	31.320919 	76.609398 	44.384682 	60.901562 	66.887962 	76.275818 	74.330345 	37.363083 	75.166481 	68.095520 	59.033890 	41.484936 	35.510563 	136.359818 	40.792156 	49.396355 	37.215588 	44.721359 	18.027756 	51.662365 	44.553337 	42.296574 	41.194660 	86.954010 	72.090218 	29.068884 	117.796432 	50.358715 	114.017540 	24.413111 	61.392181 	69.921387 	97.128784 	
15.033297 	38.327538 	26.870058 	68.249542 	999.000000 	75.432091 	7.615773 	86.683334 	8.544003 	37.443291 	35.510563 	6.324555 	74.323616 	67.029846 	59.076221 	75.584389 	76.059189 	51.971146 	41.048752 	9.219544 	28.635643 	13.000000 	8.944272 	10.000000 	9.219544 	37.121422 	10.198039 	10.816654 	17.000000 	34.539833 	41.146080 	70.710678 	37.336308 	117.413795 	42.154476 	36.138622 	76.216797 	30.149628 	37.107952 	39.560081 	40.804413 	22.022715 	19.104973 	95.482986 	49.578220 	37.121422 	45.803928 	74.094536 	30.805843 	26.925823 	32.249031 	
86.278618 	108.706024 	48.826221 	7.211102 	75.432091 	999.000000 	82.800964 	11.313708 	83.600243 	41.231056 	43.462627 	79.056938 	19.235384 	129.294235 	122.800652 	16.643316 	13.601471 	25.238859 	38.275318 	83.815269 	51.478149 	68.095520 	74.094536 	83.486526 	81.541397 	44.271889 	82.377182 	75.292763 	66.189125 	48.383881 	42.201897 	143.282944 	47.539455 	42.190044 	43.737854 	51.419842 	17.691807 	58.523499 	51.195702 	48.836460 	47.675991 	94.154129 	79.202271 	23.086792 	124.963997 	56.885849 	121.210564 	25.612497 	68.154236 	76.843994 	104.316826 	
13.416408 	34.132095 	34.058773 	75.604233 	7.615773 	82.800964 	999.000000 	94.021271 	1.000000 	44.045429 	42.011902 	5.099020 	81.939003 	64.195015 	56.142673 	83.192551 	83.648071 	59.539902 	47.634022 	2.236068 	34.669872 	17.464249 	11.401754 	4.242640 	5.385165 	43.266617 	5.830952 	12.041595 	21.189621 	40.311287 	47.169907 	64.884514 	42.941822 	124.851913 	47.885281 	41.231056 	82.975899 	34.481880 	42.154476 	44.777225 	46.097721 	15.132746 	18.027756 	102.532921 	42.426407 	41.231056 	38.418747 	80.448738 	33.000000 	26.925823 	25.019993 	
97.590981 	119.970833 	60.000000 	18.439089 	86.683334 	11.313708 	94.021271 	999.000000 	94.810333 	51.884487 	54.120235 	90.210861 	25.019993 	140.160629 	133.775925 	22.022715 	19.000000 	36.400551 	48.754486 	95.000000 	62.177166 	79.075912 	85.146935 	94.625580 	92.655273 	54.625999 	93.477272 	86.284416 	77.025970 	58.694122 	52.201534 	154.563904 	57.584721 	31.304953 	53.450912 	61.351448 	20.615528 	68.709534 	61.032780 	58.523499 	57.280014 	105.152267 	89.894379 	14.035668 	136.235092 	66.483078 	132.438660 	29.120440 	78.108902 	87.091904 	115.247559 	
13.892444 	34.058773 	34.828148 	76.400261 	8.544003 	83.600243 	1.000000 	94.810333 	999.000000 	44.687805 	42.638012 	5.385165 	82.855293 	64.280632 	56.222771 	84.095184 	84.534019 	60.415230 	48.270073 	1.414214 	35.227829 	17.888544 	11.704700 	3.605551 	5.099020 	43.829212 	5.385165 	12.165525 	21.540659 	40.816662 	47.707443 	64.474800 	43.416588 	125.670204 	48.373547 	41.629318 	83.630135 	34.785053 	42.544094 	45.188496 	46.518814 	14.142136 	17.720045 	103.247276 	41.725292 	41.484936 	37.643059 	81.024689 	33.015148 	26.683329 	24.020824 	
50.990196 	74.732857 	12.165525 	34.176014 	37.443291 	41.231056 	44.045429 	51.884487 	44.687805 	999.000000 	2.236068 	39.623226 	47.010635 	100.662804 	93.145050 	47.042534 	46.270943 	24.515301 	3.605551 	44.598206 	10.295630 	27.658634 	33.970577 	43.840622 	41.725292 	4.472136 	42.449970 	34.828148 	25.238859 	8.062258 	6.708204 	108.046288 	8.944272 	83.186539 	9.433981 	12.649111 	38.948685 	18.027756 	13.000000 	12.206555 	12.041595 	53.600372 	38.013157 	58.898216 	86.371292 	18.973665 	82.024384 	36.715118 	28.017851 	35.902645 	63.513779 	
49.244289 	73.006851 	11.000000 	36.400551 	35.510563 	43.462627 	42.011902 	54.120235 	42.638012 	2.236068 	999.000000 	37.536648 	49.000000 	99.247169 	91.678787 	49.091751 	48.373547 	26.305893 	5.656854 	42.520584 	8.062258 	25.495098 	31.827662 	41.725292 	39.597980 	3.605551 	40.311287 	32.649654 	23.021729 	6.324555 	7.071068 	106.174385 	7.810250 	85.422478 	9.486833 	11.180340 	41.036568 	16.000000 	11.661903 	11.313708 	11.401754 	51.400391 	35.777088 	61.073727 	84.291161 	17.464249 	79.906197 	38.587563 	26.000000 	33.734257 	61.294373 	
17.720045 	39.204590 	30.232433 	71.847061 	6.324555 	79.056938 	5.099020 	90.210861 	5.385165 	39.623226 	37.536648 	999.000000 	79.120163 	69.115845 	61.073727 	80.230919 	80.529495 	56.364883 	43.185646 	5.000000 	30.000000 	12.529964 	6.324555 	4.472136 	3.000000 	38.600517 	4.000000 	7.000000 	16.155495 	35.510563 	42.438190 	69.856995 	38.078865 	121.202309 	43.046486 	36.249138 	78.568443 	29.410883 	37.161808 	39.812057 	41.146080 	16.278820 	13.892444 	98.351410 	46.754681 	36.138622 	42.449970 	75.802376 	28.017851 	22.472204 	26.683329 	
82.377182 	102.825096 	50.219517 	19.849434 	74.323616 	19.235384 	81.939003 	25.019993 	82.855293 	47.010635 	49.000000 	79.120163 	999.000000 	119.620232 	113.850777 	3.000000 	6.082763 	23.345236 	45.177429 	83.384651 	56.142673 	70.092796 	75.286118 	83.570328 	81.932899 	51.088158 	82.873398 	76.922035 	69.231499 	55.036350 	50.487621 	137.360840 	55.226807 	47.434166 	52.773098 	59.211487 	36.619667 	65.000000 	59.304298 	57.558666 	56.718605 	95.189285 	82.565125 	39.051247 	122.449989 	65.375839 	119.473846 	43.931767 	75.000000 	82.298241 	105.621971 	
52.009613 	31.048349 	88.526833 	122.983742 	67.029846 	129.294235 	64.195015 	140.160629 	64.280632 	100.662804 	99.247169 	69.115845 	119.620232 	999.000000 	8.062258 	122.065559 	123.975807 	104.201729 	104.048065 	65.375839 	94.047859 	80.024994 	75.026665 	67.475922 	69.354164 	101.788994 	69.462219 	76.105194 	84.023804 	100.129913 	105.905617 	32.388271 	103.097038 	167.047897 	107.517441 	102.591423 	136.124939 	97.128784 	103.585716 	105.801704 	106.920532 	68.963760 	81.743500 	152.052628 	48.795490 	104.120125 	53.150730 	136.312149 	97.128784 	90.796478 	69.778221 	
44.045429 	23.086792 	81.043198 	116.361504 	59.076221 	122.800652 	56.142673 	133.775925 	56.222771 	93.145050 	91.678787 	61.073727 	113.850777 	8.062258 	999.000000 	116.211014 	118.004234 	97.616600 	96.566040 	57.314919 	86.313385 	72.062469 	67.007462 	59.413803 	61.294373 	94.148819 	61.400326 	68.066147 	76.059189 	92.395889 	98.270035 	31.144823 	95.351982 	161.207947 	99.824844 	94.762863 	129.077499 	89.202019 	95.754898 	98.005104 	99.141312 	61.032780 	73.681747 	145.413208 	42.801868 	96.187317 	46.690472 	129.027130 	89.089844 	82.734512 	62.177166 	
84.053551 	104.804581 	50.960770 	18.027756 	75.584389 	16.643316 	83.192551 	22.022715 	84.095184 	47.042534 	49.091751 	80.230919 	3.000000 	122.065559 	116.211014 	999.000000 	3.162278 	24.041630 	45.011108 	84.581322 	56.435802 	70.880180 	76.216797 	84.693565 	83.006027 	51.000000 	83.934502 	77.794601 	69.856995 	55.009090 	50.159744 	139.387955 	55.036350 	45.000000 	52.345009 	59.033890 	34.205261 	65.069191 	59.076221 	57.218880 	56.320511 	96.208107 	83.198555 	36.055511 	124.020157 	65.122963 	120.933868 	41.725292 	75.059975 	82.607506 	106.625511 	
85.000000 	106.103722 	50.921509 	15.652476 	76.059189 	13.601471 	83.648071 	19.000000 	84.534019 	46.270943 	48.373547 	80.529495 	6.082763 	123.975807 	118.004234 	3.162278 	999.000000 	24.166092 	44.045429 	84.970581 	55.901699 	70.837845 	76.321686 	85.000000 	83.258636 	50.089920 	84.172440 	77.833153 	69.641945 	54.147945 	49.010204 	140.730240 	54.009258 	43.278172 	51.088158 	58.008621 	31.240999 	64.280632 	58.000000 	56.035702 	55.081757 	96.384644 	82.969872 	33.015148 	124.807854 	64.007812 	121.593582 	38.897301 	74.242844 	82.036575 	106.775467 	
61.619801 	83.630135 	26.925823 	18.788294 	51.971146 	25.238859 	59.539902 	36.400551 	60.415230 	24.515301 	26.305893 	56.364883 	23.345236 	104.201729 	97.616600 	24.041630 	24.166092 	999.000000 	23.409399 	60.827625 	33.000000 	46.840153 	52.201534 	60.835846 	59.093147 	28.861740 	60.008331 	53.758720 	45.891174 	32.557640 	29.154760 	118.258194 	33.241539 	65.946945 	31.780497 	37.107952 	34.058773 	42.190044 	37.363083 	36.055511 	35.468296 	72.235725 	59.228371 	47.853943 	101.019798 	43.416588 	97.637085 	37.483330 	52.153618 	59.076221 	82.637764 	
54.561890 	78.294319 	15.524175 	31.320919 	41.048752 	38.275318 	47.634022 	48.754486 	48.270073 	3.605551 	5.656854 	43.185646 	45.177429 	104.048065 	96.566040 	45.011108 	44.045429 	23.409399 	999.000000 	48.166378 	13.601471 	31.144823 	37.483330 	47.381432 	45.254833 	6.082763 	45.967381 	38.288380 	28.600698 	10.198039 	5.830952 	111.646767 	10.049875 	80.056229 	8.602325 	14.035668 	35.383614 	20.396078 	14.142136 	12.649111 	12.083046 	57.008770 	41.182522 	55.443665 	89.938866 	20.223749 	85.562843 	33.120991 	30.265491 	38.600517 	66.850578 	
15.264338 	35.014282 	35.000000 	76.609398 	9.219544 	83.815269 	2.236068 	95.000000 	1.414214 	44.598206 	42.520584 	5.000000 	83.384651 	65.375839 	57.314919 	84.581322 	84.970581 	60.827625 	48.166378 	999.000000 	35.000000 	17.492855 	11.180340 	2.236068 	4.000000 	43.600460 	4.123106 	11.401754 	21.023796 	40.496914 	47.434166 	65.000000 	43.046486 	125.924583 	48.020828 	41.146080 	83.546394 	34.176014 	42.047592 	44.721359 	46.065170 	13.038404 	16.492422 	103.276329 	41.773197 	40.804413 	37.536648 	80.802231 	32.062439 	25.495098 	23.086792 	
43.011627 	66.730804 	9.899495 	44.384682 	28.635643 	51.478149 	34.669872 	62.177166 	35.227829 	10.295630 	8.062258 	30.000000 	56.142673 	94.047859 	86.313385 	56.435802 	55.901699 	33.000000 	13.601471 	35.000000 	999.000000 	17.691807 	24.083189 	34.058773 	31.890438 	8.602325 	32.557640 	24.758837 	15.000000 	6.082763 	12.529964 	99.297531 	9.055386 	93.477272 	13.601471 	9.486833 	48.795490 	9.848858 	10.440307 	12.041595 	13.000000 	43.416588 	27.730848 	69.028976 	76.694199 	14.212670 	72.180328 	45.803928 	19.416489 	26.172504 	53.254108 	
28.017851 	50.990196 	19.924858 	60.901562 	13.000000 	68.095520 	17.464249 	79.075912 	17.888544 	27.658634 	25.495098 	12.529964 	70.092796 	80.024994 	72.062469 	70.880180 	70.837845 	46.840153 	31.144823 	17.492855 	17.691807 	999.000000 	6.403124 	16.401220 	14.212670 	26.248810 	14.866069 	7.211102 	4.000000 	23.021729 	30.000000 	82.346825 	25.553865 	110.276924 	30.528675 	23.769728 	66.468040 	17.262676 	24.698177 	27.313000 	28.635643 	26.076809 	13.038404 	86.556343 	59.033890 	24.186773 	54.488529 	63.411354 	18.384777 	17.204651 	36.235340 	
23.194826 	45.398239 	25.495098 	66.887962 	8.944272 	74.094536 	11.401754 	85.146935 	11.704700 	33.970577 	31.827662 	6.324555 	75.286118 	75.026665 	67.007462 	76.216797 	76.321686 	52.201534 	37.483330 	11.180340 	24.083189 	6.403124 	999.000000 	10.000000 	7.810250 	32.649654 	8.485281 	2.236068 	9.848858 	29.410883 	36.400551 	76.157730 	31.906113 	116.284134 	36.891735 	29.966648 	72.835434 	23.086792 	30.870699 	33.541019 	34.885529 	20.124611 	10.816654 	92.849342 	52.630791 	29.832869 	48.104053 	69.814041 	22.203604 	18.027756 	30.463093 	
17.492855 	37.000000 	34.669872 	76.275818 	10.000000 	83.486526 	4.242640 	94.625580 	3.605551 	43.840622 	41.725292 	4.472136 	83.570328 	67.475922 	59.413803 	84.693565 	85.000000 	60.835846 	47.381432 	2.236068 	34.058773 	16.401220 	10.000000 	999.000000 	2.236068 	42.638012 	2.000000 	9.848858 	19.723083 	39.408119 	46.400433 	66.483078 	41.880783 	125.642349 	46.872166 	39.824615 	82.758682 	32.695564 	40.706264 	43.416588 	44.777225 	12.041595 	14.317822 	102.649887 	42.638012 	39.217342 	38.183765 	79.812279 	30.149628 	23.345236 	22.360680 	
18.788294 	39.012817 	32.756680 	74.330345 	9.219544 	81.541397 	5.385165 	92.655273 	5.099020 	41.725292 	39.597980 	3.000000 	81.932899 	69.354164 	61.294373 	83.006027 	83.258636 	59.093147 	45.254833 	4.000000 	31.890438 	14.212670 	7.810250 	2.236068 	999.000000 	40.459858 	1.000000 	7.615773 	17.492855 	37.202152 	44.204071 	68.709534 	39.661064 	123.713379 	44.654228 	37.589893 	80.622574 	30.463093 	38.470768 	41.182522 	42.544094 	13.341664 	12.649111 	100.568382 	44.821869 	37.000000 	40.311287 	77.620872 	28.071337 	21.587032 	23.769728 	
51.264023 	75.026665 	14.142136 	37.363083 	37.121422 	44.271889 	43.266617 	54.625999 	43.829212 	4.472136 	3.605551 	38.600517 	51.088158 	101.788994 	94.148819 	51.000000 	50.089920 	28.861740 	6.082763 	43.600460 	8.602325 	26.248810 	32.649654 	42.638012 	40.459858 	999.000000 	41.109608 	33.241539 	23.345236 	4.123106 	4.123106 	107.823929 	4.472136 	85.906929 	6.082763 	8.246211 	40.360870 	14.317822 	8.544003 	7.810250 	7.810250 	51.739735 	35.510563 	60.802959 	85.276024 	14.560220 	80.721741 	37.202152 	24.186773 	32.572994 	61.400326 	
19.235384 	39.000000 	33.615471 	75.166481 	10.198039 	82.377182 	5.830952 	93.477272 	5.385165 	42.449970 	40.311287 	4.000000 	82.873398 	69.462219 	61.400326 	83.934502 	84.172440 	60.008331 	45.967381 	4.123106 	32.557640 	14.866069 	8.485281 	2.000000 	1.000000 	41.109608 	999.000000 	8.062258 	18.027756 	37.802116 	44.821869 	68.352028 	40.224369 	124.555206 	45.221676 	38.078865 	81.320351 	30.870699 	38.948685 	41.677334 	43.046486 	12.369317 	12.369317 	101.316338 	44.204071 	37.336308 	39.623226 	78.243210 	28.160255 	21.377558 	22.803509 	
24.515301 	46.173584 	26.925823 	68.095520 	10.816654 	75.292763 	12.041595 	86.284416 	12.165525 	34.828148 	32.649654 	7.000000 	76.922035 	76.105194 	68.066147 	77.794601 	77.833153 	53.758720 	38.288380 	11.401754 	24.758837 	7.211102 	2.236068 	9.848858 	7.615773 	33.241539 	8.062258 	999.000000 	10.000000 	29.832869 	36.878178 	76.321686 	32.202484 	117.477661 	37.202152 	30.016663 	73.552704 	22.847319 	30.886890 	33.615471 	34.985710 	18.867962 	8.602325 	93.723000 	52.201534 	29.410883 	47.507893 	70.292244 	21.023796 	16.124516 	29.068884 	
32.015621 	54.918121 	19.104973 	59.033890 	17.000000 	66.189125 	21.189621 	77.025970 	21.540659 	25.238859 	23.021729 	16.155495 	69.231499 	84.023804 	76.059189 	69.856995 	69.641945 	45.891174 	28.600698 	21.023796 	15.000000 	4.000000 	9.848858 	19.723083 	17.492855 	23.345236 	18.027756 	10.000000 	999.000000 	19.849434 	26.907248 	86.005814 	22.203604 	108.300507 	27.202942 	20.124611 	63.702435 	13.341664 	21.023796 	23.706539 	25.059929 	28.425341 	13.341664 	84.023804 	62.201286 	20.223749 	57.489128 	60.307545 	14.764823 	15.231546 	38.275318 	
49.040798 	72.732384 	14.317822 	41.484936 	34.539833 	48.383881 	40.311287 	58.694122 	40.816662 	8.062258 	6.324555 	35.510563 	55.036350 	100.129913 	92.395889 	55.009090 	54.147945 	32.557640 	10.198039 	40.496914 	6.082763 	23.021729 	29.410883 	39.408119 	37.202152 	4.123106 	37.802116 	29.832869 	19.849434 	999.000000 	7.071068 	105.095192 	3.000000 	89.961105 	7.615773 	5.000000 	44.045429 	10.198039 	5.656854 	6.324555 	7.071068 	48.104053 	31.622776 	64.637451 	82.006096 	11.180340 	77.336922 	40.459858 	20.099751 	28.460499 	57.628117 	
55.362442 	79.120163 	18.027756 	35.510563 	41.146080 	42.201897 	47.169907 	52.201534 	47.707443 	6.708204 	7.071068 	42.438190 	50.487621 	105.905617 	98.270035 	50.159744 	49.010204 	29.154760 	5.830952 	47.434166 	12.529964 	30.000000 	36.400551 	46.400433 	44.204071 	4.123106 	44.821869 	36.878178 	26.907248 	7.071068 	999.000000 	111.825760 	5.385165 	83.384651 	2.828427 	9.219544 	37.013512 	16.552946 	9.055386 	7.071068 	6.324555 	55.172459 	38.600517 	57.688820 	89.022469 	15.000000 	84.386017 	33.421551 	25.961510 	34.928497 	64.660652 	
57.428215 	34.655445 	96.798759 	136.359818 	70.710678 	143.282944 	64.884514 	154.563904 	64.474800 	108.046288 	106.174385 	69.856995 	137.360840 	32.388271 	31.144823 	139.387955 	140.730240 	118.258194 	111.646767 	65.000000 	99.297531 	82.346825 	76.157730 	66.483078 	68.709534 	107.823929 	68.352028 	76.321686 	86.005814 	105.095192 	111.825760 	999.000000 	107.786827 	183.853195 	112.698715 	106.103722 	146.441116 	99.161484 	107.018692 	109.658562 	110.981979 	62.169125 	78.847954 	164.805954 	29.154760 	105.688217 	35.128338 	144.754959 	95.880135 	87.321243 	58.034473 	
51.923019 	75.584389 	17.088007 	40.792156 	37.336308 	47.539455 	42.941822 	57.584721 	43.416588 	8.944272 	7.810250 	38.078865 	55.226807 	103.097038 	95.351982 	55.036350 	54.009258 	33.241539 	10.049875 	43.046486 	9.055386 	25.553865 	31.906113 	41.880783 	39.661064 	4.472136 	40.224369 	32.202484 	22.203604 	3.000000 	5.385165 	107.786827 	999.000000 	88.769363 	5.000000 	4.000000 	42.201897 	11.180340 	4.123106 	3.605551 	4.123106 	50.209560 	33.421551 	62.968246 	84.403793 	10.198039 	79.649231 	38.209946 	20.615528 	29.546574 	59.548298 	
127.561752 	149.201202 	90.972527 	49.396355 	117.413795 	42.190044 	124.851913 	31.304953 	125.670204 	83.186539 	85.422478 	121.202309 	47.434166 	167.047897 	161.207947 	45.000000 	43.278172 	65.946945 	80.056229 	125.924583 	93.477272 	110.276924 	116.284134 	125.642349 	123.713379 	85.906929 	124.555206 	117.477661 	108.300507 	89.961105 	83.384651 	183.853195 	88.769363 	999.000000 	84.504440 	92.477028 	48.836460 	99.924973 	92.114059 	89.537704 	88.255310 	136.341476 	121.198181 	29.000000 	166.817261 	97.406364 	163.217651 	56.320511 	109.201645 	118.308914 	146.485489 	
56.612720 	80.324341 	20.223749 	37.215588 	42.154476 	43.737854 	47.885281 	53.450912 	48.373547 	9.433981 	9.486833 	43.046486 	52.773098 	107.517441 	99.824844 	52.345009 	51.088158 	31.780497 	8.602325 	48.020828 	13.601471 	30.528675 	36.891735 	46.872166 	44.654228 	6.082763 	45.221676 	37.202152 	27.202942 	7.615773 	2.828427 	112.698715 	5.000000 	84.504440 	999.000000 	8.062258 	37.443291 	15.811388 	7.615773 	5.099020 	4.000000 	55.172459 	38.288380 	58.309521 	89.403580 	13.152946 	84.646324 	33.241539 	24.698177 	34.000000 	64.443771 	
50.990196 	74.464760 	18.867962 	44.721359 	36.138622 	51.419842 	41.231056 	61.351448 	41.629318 	12.649111 	11.180340 	36.249138 	59.211487 	102.591423 	94.762863 	59.033890 	58.008621 	37.107952 	14.035668 	41.146080 	9.486833 	23.769728 	29.966648 	39.824615 	37.589893 	8.246211 	38.078865 	30.016663 	20.124611 	5.000000 	9.219544 	106.103722 	4.000000 	92.477028 	8.062258 	999.000000 	45.486263 	7.810250 	1.000000 	3.605551 	5.000000 	47.507893 	30.413813 	66.370171 	82.097504 	6.324555 	77.201035 	41.036568 	16.763054 	25.942244 	56.586216 	
89.044930 	112.507774 	49.648766 	18.027756 	76.216797 	17.691807 	82.975899 	20.615528 	83.630135 	38.948685 	41.036568 	78.568443 	36.619667 	136.124939 	129.077499 	34.205261 	31.240999 	34.058773 	35.383614 	83.546394 	48.795490 	66.468040 	72.835434 	82.758682 	80.622574 	40.360870 	81.320351 	73.552704 	63.702435 	44.045429 	37.013512 	146.441116 	42.201897 	48.836460 	37.443291 	45.486263 	999.000000 	53.254108 	44.944408 	42.190044 	40.816662 	92.097771 	75.604233 	21.023796 	125.319588 	49.648766 	120.933868 	8.544003 	61.773781 	71.344238 	101.671036 	
45.177429 	68.249542 	19.416489 	51.662365 	30.149628 	58.523499 	34.481880 	68.709534 	34.785053 	18.027756 	16.000000 	29.410883 	65.000000 	97.128784 	89.202019 	65.069191 	64.280632 	42.190044 	20.396078 	34.176014 	9.848858 	17.262676 	23.086792 	32.695564 	30.463093 	14.317822 	30.870699 	22.847319 	13.341664 	10.198039 	16.552946 	99.161484 	11.180340 	99.924973 	15.811388 	7.810250 	53.254108 	999.000000 	8.485281 	11.313708 	12.727922 	39.824615 	22.627417 	74.094536 	74.625732 	7.000000 	69.634758 	48.836460 	10.000000 	18.384777 	48.795490 	
51.971146 	75.432091 	19.723083 	44.553337 	37.107952 	51.195702 	42.154476 	61.032780 	42.544094 	13.000000 	11.661903 	37.161808 	59.304298 	103.585716 	95.754898 	59.076221 	58.000000 	37.363083 	14.142136 	42.047592 	10.440307 	24.698177 	30.870699 	40.706264 	38.470768 	8.544003 	38.948685 	30.886890 	21.023796 	5.656854 	9.055386 	107.018692 	4.123106 	92.114059 	7.615773 	1.000000 	44.944408 	8.485281 	999.000000 	2.828427 	4.242640 	48.270073 	31.112698 	65.863495 	82.927681 	6.082763 	78.006409 	40.360870 	17.088007 	26.419689 	57.280014 	
54.341511 	77.884529 	20.615528 	42.296574 	39.560081 	48.836460 	44.777225 	58.523499 	45.188496 	12.206555 	11.313708 	39.812057 	57.558666 	105.801704 	98.005104 	57.218880 	56.035702 	36.055511 	12.649111 	44.721359 	12.041595 	27.313000 	33.541019 	43.416588 	41.182522 	7.810250 	41.677334 	33.615471 	23.706539 	6.324555 	7.071068 	109.658562 	3.605551 	89.537704 	5.099020 	3.605551 	42.190044 	11.313708 	2.828427 	999.000000 	1.414214 	51.088158 	33.941124 	63.134777 	85.702972 	8.062258 	80.802231 	37.536648 	19.697716 	29.154760 	60.108234 	
55.542778 	79.120163 	21.189621 	41.194660 	40.804413 	47.675991 	46.097721 	57.280014 	46.518814 	12.041595 	11.401754 	41.146080 	56.718605 	106.920532 	99.141312 	56.320511 	55.081757 	35.468296 	12.083046 	46.065170 	13.000000 	28.635643 	34.885529 	44.777225 	42.544094 	7.810250 	43.046486 	34.985710 	25.059929 	7.071068 	6.324555 	110.981979 	4.123106 	88.255310 	4.000000 	5.000000 	40.816662 	12.727922 	4.242640 	1.414214 	999.000000 	52.497620 	35.355339 	61.773781 	87.091904 	9.219544 	82.200974 	36.124783 	21.023796 	30.528675 	61.522354 	
25.238859 	37.947330 	45.617977 	86.954010 	22.022715 	94.154129 	15.132746 	105.152267 	14.142136 	53.600372 	51.400391 	16.278820 	95.189285 	68.963760 	61.032780 	96.208107 	96.384644 	72.235725 	57.008770 	13.038404 	43.416588 	26.076809 	20.124611 	12.041595 	13.341664 	51.739735 	12.369317 	18.867962 	28.425341 	48.104053 	55.172459 	62.169125 	50.209560 	136.341476 	55.172459 	47.507893 	92.097771 	39.824615 	48.270073 	51.088158 	52.497620 	999.000000 	17.492855 	112.445541 	35.341194 	45.486263 	30.016663 	88.413803 	34.438351 	25.298222 	10.440307 	
31.384710 	51.088158 	32.388271 	72.090218 	19.104973 	79.202271 	18.027756 	89.894379 	17.720045 	38.013157 	35.777088 	13.892444 	82.565125 	81.743500 	73.681747 	83.198555 	82.969872 	59.228371 	41.182522 	16.492422 	27.730848 	13.038404 	10.816654 	14.317822 	12.649111 	35.510563 	12.369317 	8.602325 	13.341664 	31.622776 	38.600517 	78.847954 	33.421551 	121.198181 	38.288380 	30.413813 	75.604233 	22.627417 	31.112698 	33.941124 	35.355339 	17.492855 	999.000000 	96.260063 	52.773098 	28.017851 	47.507893 	71.449280 	17.088007 	9.055386 	26.172504 	
107.447662 	130.430054 	68.622154 	29.068884 	95.482986 	23.086792 	102.532921 	14.035668 	103.247276 	58.898216 	61.073727 	98.351410 	39.051247 	152.052628 	145.413208 	36.055511 	33.015148 	47.853943 	55.443665 	103.276329 	69.028976 	86.556343 	92.849342 	102.649887 	100.568382 	60.802959 	101.316338 	93.723000 	84.023804 	64.637451 	57.688820 	164.805954 	62.968246 	29.000000 	58.309521 	66.370171 	21.023796 	74.094536 	65.863495 	63.134777 	61.773781 	112.445541 	96.260063 	999.000000 	144.958618 	70.661163 	140.801285 	27.658634 	82.764725 	92.282173 	122.200653 	
40.249222 	27.294687 	76.419891 	117.796432 	49.578220 	124.963997 	42.426407 	136.235092 	41.725292 	86.371292 	84.291161 	46.754681 	122.449989 	48.795490 	42.801868 	124.020157 	124.807854 	101.019798 	89.938866 	41.773197 	76.694199 	59.033890 	52.630791 	42.638012 	44.821869 	85.276024 	44.204071 	52.201534 	62.201286 	82.006096 	89.022469 	29.154760 	84.403793 	166.817261 	89.403580 	82.097504 	125.319588 	74.625732 	82.927681 	85.702972 	87.091904 	35.341194 	52.773098 	144.958618 	999.000000 	80.622574 	6.000000 	122.441826 	69.778221 	60.539242 	29.427877 	
52.153618 	75.133217 	24.083189 	50.358715 	37.121422 	56.885849 	41.231056 	66.483078 	41.484936 	18.973665 	17.464249 	36.138622 	65.375839 	104.120125 	96.187317 	65.122963 	64.007812 	43.416588 	20.223749 	40.804413 	14.212670 	24.186773 	29.832869 	39.217342 	37.000000 	14.560220 	37.336308 	29.410883 	20.223749 	11.180340 	15.000000 	105.688217 	10.198039 	97.406364 	13.152946 	6.324555 	49.648766 	7.000000 	6.082763 	8.062258 	9.219544 	45.486263 	28.017851 	70.661163 	80.622574 	999.000000 	75.471848 	44.407207 	12.206555 	22.022715 	53.907330 	
37.947330 	28.792360 	72.470680 	114.017540 	45.803928 	121.210564 	38.418747 	132.438660 	37.643059 	82.024384 	79.906197 	42.449970 	119.473846 	53.150730 	46.690472 	120.933868 	121.593582 	97.637085 	85.562843 	37.536648 	72.180328 	54.488529 	48.104053 	38.183765 	40.311287 	80.721741 	39.623226 	47.507893 	57.489128 	77.336922 	84.386017 	35.128338 	79.649231 	163.217651 	84.646324 	77.201035 	120.933868 	69.634758 	78.006409 	80.802231 	82.200974 	30.016663 	47.507893 	140.801285 	6.000000 	75.471848 	999.000000 	117.796432 	64.412735 	55.036350 	23.537205 	
87.658424 	111.359779 	48.332184 	24.413111 	74.094536 	25.612497 	80.448738 	29.120440 	81.024689 	36.715118 	38.587563 	75.802376 	43.931767 	136.312149 	129.027130 	41.725292 	38.897301 	37.483330 	33.120991 	80.802231 	45.803928 	63.411354 	69.814041 	79.812279 	77.620872 	37.202152 	78.243210 	70.292244 	60.307545 	40.459858 	33.421551 	144.754959 	38.209946 	56.320511 	33.241539 	41.036568 	8.544003 	48.836460 	40.360870 	37.536648 	36.124783 	88.413803 	71.449280 	27.658634 	122.441826 	44.407207 	117.796432 	999.000000 	56.612720 	66.400299 	97.621719 	
45.398239 	67.067131 	28.231188 	61.392181 	30.805843 	68.154236 	33.000000 	78.108902 	33.015148 	28.017851 	26.000000 	28.017851 	75.000000 	97.128784 	89.089844 	75.059975 	74.242844 	52.153618 	30.265491 	32.062439 	19.416489 	18.384777 	22.203604 	30.149628 	28.071337 	24.186773 	28.160255 	21.023796 	14.764823 	20.099751 	25.961510 	95.880135 	20.615528 	109.201645 	24.698177 	16.763054 	61.773781 	10.000000 	17.088007 	19.697716 	21.023796 	34.438351 	17.088007 	82.764725 	69.778221 	12.206555 	64.412735 	56.612720 	999.000000 	9.899495 	42.201897 	
40.162170 	60.133186 	33.241539 	69.921387 	26.925823 	76.843994 	26.925823 	87.091904 	26.683329 	35.902645 	33.734257 	22.472204 	82.298241 	90.796478 	82.734512 	82.607506 	82.036575 	59.076221 	38.600517 	25.495098 	26.172504 	17.204651 	18.027756 	23.345236 	21.587032 	32.572994 	21.377558 	16.124516 	15.231546 	28.460499 	34.928497 	87.321243 	29.546574 	118.308914 	34.000000 	25.942244 	71.344238 	18.384777 	26.419689 	29.154760 	30.528675 	25.298222 	9.055386 	92.282173 	60.539242 	22.022715 	55.036350 	66.400299 	9.899495 	999.000000 	32.449963 	
32.893768 	39.661064 	55.946404 	97.128784 	32.249031 	104.316826 	25.019993 	115.247559 	24.020824 	63.513779 	61.294373 	26.683329 	105.621971 	69.778221 	62.177166 	106.625511 	106.775467 	82.637764 	66.850578 	23.086792 	53.254108 	36.235340 	30.463093 	22.360680 	23.769728 	61.400326 	22.803509 	29.068884 	38.275318 	57.628117 	64.660652 	58.034473 	59.548298 	146.485489 	64.443771 	56.586216 	101.671036 	48.795490 	57.280014 	60.108234 	61.522354 	10.440307 	26.172504 	122.200653 	29.427877 	53.907330 	23.537205 	97.621719 	42.201897 	32.449963 	999.000000 	

Travel time:
9.000000 	0.594243 	0.986154 	1.981161 	0.375832 	2.156965 	0.335410 	2.439775 	0.347311 	1.274755 	1.231107 	0.443001 	2.059430 	1.300240 	1.101136 	2.101339 	2.125000 	1.540495 	1.364047 	0.381608 	1.075291 	0.700446 	0.579871 	0.437321 	0.469707 	1.281601 	0.480885 	0.612882 	0.800391 	1.226020 	1.384061 	1.435705 	1.298075 	3.189044 	1.415318 	1.274755 	2.226123 	1.129436 	1.299279 	1.358538 	1.388569 	0.630971 	0.784618 	2.686192 	1.006231 	1.303840 	0.948683 	2.191461 	1.134956 	1.004054 	0.822344 	
0.594243 	9.000000 	1.576586 	2.545707 	0.958188 	2.717651 	0.853302 	2.999271 	0.851469 	1.868321 	1.825171 	0.980115 	2.570627 	0.776209 	0.577170 	2.620115 	2.652593 	2.090753 	1.957358 	0.875357 	1.668270 	1.274755 	1.134956 	0.925000 	0.975320 	1.875667 	0.975000 	1.154340 	1.372953 	1.818310 	1.978004 	0.866386 	1.889610 	3.730030 	2.008109 	1.861619 	2.812694 	1.706239 	1.885802 	1.947113 	1.978004 	0.948683 	1.277204 	3.260751 	0.682367 	1.878330 	0.719809 	2.783994 	1.676678 	1.503330 	0.991527 	
0.986154 	1.576586 	9.000000 	1.040433 	0.671751 	1.220656 	0.851469 	1.500000 	0.870704 	0.304138 	0.275000 	0.755811 	1.255488 	2.213171 	2.026080 	1.274019 	1.273038 	0.673146 	0.388104 	0.875000 	0.247487 	0.498121 	0.637377 	0.866747 	0.818917 	0.353553 	0.840387 	0.673146 	0.477624 	0.357946 	0.450694 	2.419969 	0.427200 	2.274313 	0.505594 	0.471699 	1.241219 	0.485412 	0.493077 	0.515388 	0.529741 	1.140449 	0.809707 	1.715554 	1.910497 	0.602080 	1.811767 	1.208305 	0.705780 	0.831038 	1.398660 	
1.981161 	2.545707 	1.040433 	9.000000 	1.706239 	0.180278 	1.890106 	0.460977 	1.910007 	0.854400 	0.910014 	1.796177 	0.496236 	3.074594 	2.909038 	0.450694 	0.391312 	0.469707 	0.783023 	1.915235 	1.109617 	1.522539 	1.672199 	1.906895 	1.858259 	0.934077 	1.879162 	1.702388 	1.475847 	1.037123 	0.887764 	3.408995 	1.019804 	1.234909 	0.930390 	1.118034 	0.450694 	1.291559 	1.113833 	1.057414 	1.029866 	2.173850 	1.802255 	0.726722 	2.944911 	1.258968 	2.850439 	0.610328 	1.534805 	1.748035 	2.428220 	
0.375832 	0.958188 	0.671751 	1.706239 	9.000000 	1.885802 	0.190394 	2.167083 	0.213600 	0.936082 	0.887764 	0.158114 	1.858090 	1.675746 	1.476906 	1.889610 	1.901480 	1.299279 	1.026219 	0.230489 	0.715891 	0.325000 	0.223607 	0.250000 	0.230489 	0.928036 	0.254951 	0.270416 	0.425000 	0.863496 	1.028652 	1.767767 	0.933408 	2.935345 	1.053862 	0.903466 	1.905420 	0.753741 	0.927699 	0.989002 	1.020110 	0.550568 	0.477624 	2.387075 	1.239455 	0.928036 	1.145098 	1.852363 	0.770146 	0.673146 	0.806226 	
2.156965 	2.717651 	1.220656 	0.180278 	1.885802 	9.000000 	2.070024 	0.282843 	2.090006 	1.030776 	1.086566 	1.976424 	0.480885 	3.232356 	3.070016 	0.416083 	0.340037 	0.630971 	0.956883 	2.095382 	1.286954 	1.702388 	1.852363 	2.087163 	2.038535 	1.106797 	2.059430 	1.882319 	1.654728 	1.209597 	1.055047 	3.582074 	1.188486 	1.054751 	1.093446 	1.285496 	0.442295 	1.463087 	1.279893 	1.220912 	1.191900 	2.353853 	1.980057 	0.577170 	3.124100 	1.422146 	3.030264 	0.640312 	1.703856 	1.921100 	2.607921 	
0.335410 	0.853302 	0.851469 	1.890106 	0.190394 	2.070024 	9.000000 	2.350532 	0.025000 	1.101136 	1.050297 	0.127475 	2.048475 	1.604875 	1.403567 	2.079814 	2.091202 	1.488497 	1.190850 	0.055902 	0.866747 	0.436606 	0.285044 	0.106066 	0.134629 	1.081665 	0.145774 	0.301040 	0.529741 	1.007782 	1.179248 	1.622113 	1.073546 	3.121298 	1.197132 	1.030776 	2.074398 	0.862047 	1.053862 	1.119431 	1.152443 	0.378319 	0.450694 	2.563323 	1.060660 	1.030776 	0.960469 	2.011219 	0.825000 	0.673146 	0.625500 	
2.439775 	2.999271 	1.500000 	0.460977 	2.167083 	0.282843 	2.350532 	9.000000 	2.370258 	1.297112 	1.353006 	2.255271 	0.625500 	3.504016 	3.344398 	0.550568 	0.475000 	0.910014 	1.218862 	2.375000 	1.554429 	1.976898 	2.128673 	2.365639 	2.316382 	1.365650 	2.336932 	2.157110 	1.925649 	1.467353 	1.305038 	3.864098 	1.439618 	0.782624 	1.336273 	1.533786 	0.515388 	1.717738 	1.525820 	1.463087 	1.432000 	2.628807 	2.247360 	0.350892 	3.405877 	1.662077 	3.310966 	0.728011 	1.952723 	2.177298 	2.881189 	
0.347311 	0.851469 	0.870704 	1.910007 	0.213600 	2.090006 	0.025000 	2.370258 	9.000000 	1.117195 	1.065950 	0.134629 	2.071382 	1.607016 	1.405569 	2.102380 	2.113350 	1.510381 	1.206752 	0.035355 	0.880696 	0.447214 	0.292617 	0.090139 	0.127475 	1.095730 	0.134629 	0.304138 	0.538516 	1.020416 	1.192686 	1.611870 	1.085415 	3.141755 	1.209339 	1.040733 	2.090753 	0.869626 	1.063602 	1.129712 	1.162970 	0.353553 	0.443001 	2.581182 	1.043132 	1.037123 	0.941076 	2.025617 	0.825379 	0.667083 	0.600521 	
1.274755 	1.868321 	0.304138 	0.854400 	0.936082 	1.030776 	1.101136 	1.297112 	1.117195 	9.000000 	0.055902 	0.990581 	1.175266 	2.516570 	2.328626 	1.176063 	1.156774 	0.612882 	0.090139 	1.114955 	0.257391 	0.691466 	0.849264 	1.096016 	1.043132 	0.111803 	1.061249 	0.870704 	0.630971 	0.201556 	0.167705 	2.701157 	0.223607 	2.079664 	0.235850 	0.316228 	0.973717 	0.450694 	0.325000 	0.305164 	0.301040 	1.340009 	0.950329 	1.472455 	2.159282 	0.474342 	2.050610 	0.917878 	0.700446 	0.897566 	1.587844 	
1.231107 	1.825171 	0.275000 	0.910014 	0.887764 	1.086566 	1.050297 	1.353006 	1.065950 	0.055902 	9.000000 	0.938416 	1.225000 	2.481179 	2.291970 	1.227294 	1.209339 	0.657647 	0.141421 	1.063015 	0.201556 	0.637377 	0.795692 	1.043132 	0.989950 	0.090139 	1.007782 	0.816241 	0.575543 	0.158114 	0.176777 	2.654360 	0.195256 	2.135562 	0.237171 	0.279509 	1.025914 	0.400000 	0.291548 	0.282843 	0.285044 	1.285010 	0.894427 	1.526843 	2.107279 	0.436606 	1.997655 	0.964689 	0.650000 	0.843356 	1.532359 	
0.443001 	0.980115 	0.755811 	1.796177 	0.158114 	1.976424 	0.127475 	2.255271 	0.134629 	0.990581 	0.938416 	9.000000 	1.978004 	1.727896 	1.526843 	2.005773 	2.013237 	1.409122 	1.079641 	0.125000 	0.750000 	0.313249 	0.158114 	0.111803 	0.075000 	0.965013 	0.100000 	0.175000 	0.403887 	0.887764 	1.060955 	1.746425 	0.951972 	3.030058 	1.076162 	0.906228 	1.964211 	0.735272 	0.929045 	0.995301 	1.028652 	0.406971 	0.347311 	2.458785 	1.168867 	0.903466 	1.061249 	1.895059 	0.700446 	0.561805 	0.667083 	
2.059430 	2.570627 	1.255488 	0.496236 	1.858090 	0.480885 	2.048475 	0.625500 	2.071382 	1.175266 	1.225000 	1.978004 	9.000000 	2.990506 	2.846269 	0.075000 	0.152069 	0.583631 	1.129436 	2.084616 	1.403567 	1.752320 	1.882153 	2.089258 	2.048322 	1.277204 	2.071835 	1.923051 	1.730788 	1.375909 	1.262191 	3.434021 	1.380670 	1.185854 	1.319327 	1.480287 	0.915492 	1.625000 	1.482607 	1.438967 	1.417965 	2.379732 	2.064128 	0.976281 	3.061250 	1.634396 	2.986846 	1.098294 	1.875000 	2.057456 	2.640549 	
1.300240 	0.776209 	2.213171 	3.074594 	1.675746 	3.232356 	1.604875 	3.504016 	1.607016 	2.516570 	2.481179 	1.727896 	2.990506 	9.000000 	0.201556 	3.051639 	3.099395 	2.605043 	2.601202 	1.634396 	2.351197 	2.000625 	1.875667 	1.686898 	1.733854 	2.544725 	1.736555 	1.902630 	2.100595 	2.503248 	2.647640 	0.809707 	2.577426 	4.176198 	2.687936 	2.564785 	3.403123 	2.428220 	2.589643 	2.645043 	2.673013 	1.724094 	2.043587 	3.801316 	1.219887 	2.603003 	1.328768 	3.407804 	2.428220 	2.269912 	1.744456 	
1.101136 	0.577170 	2.026080 	2.909038 	1.476906 	3.070016 	1.403567 	3.344398 	1.405569 	2.328626 	2.291970 	1.526843 	2.846269 	0.201556 	9.000000 	2.905275 	2.950106 	2.440415 	2.414151 	1.432873 	2.157835 	1.801562 	1.675187 	1.485345 	1.532359 	2.353720 	1.535008 	1.701654 	1.901480 	2.309897 	2.456751 	0.778621 	2.383800 	4.030199 	2.495621 	2.369071 	3.226938 	2.230051 	2.393872 	2.450128 	2.478533 	1.525820 	1.842044 	3.635330 	1.070047 	2.404683 	1.167262 	3.225678 	2.227246 	2.068363 	1.554429 	
2.101339 	2.620115 	1.274019 	0.450694 	1.889610 	0.416083 	2.079814 	0.550568 	2.102380 	1.176063 	1.227294 	2.005773 	0.075000 	3.051639 	2.905275 	9.000000 	0.079057 	0.601041 	1.125278 	2.114533 	1.410895 	1.772004 	1.905420 	2.117339 	2.075151 	1.275000 	2.098362 	1.944865 	1.746425 	1.375227 	1.253994 	3.484699 	1.375909 	1.125000 	1.308625 	1.475847 	0.855132 	1.626730 	1.476906 	1.430472 	1.408013 	2.405203 	2.079964 	0.901388 	3.100504 	1.628074 	3.023347 	1.043132 	1.876499 	2.065188 	2.665638 	
2.125000 	2.652593 	1.273038 	0.391312 	1.901480 	0.340037 	2.091202 	0.475000 	2.113350 	1.156774 	1.209339 	2.013237 	0.152069 	3.099395 	2.950106 	0.079057 	9.000000 	0.604152 	1.101136 	2.124264 	1.397542 	1.770946 	1.908042 	2.125000 	2.081466 	1.252248 	2.104311 	1.945829 	1.741049 	1.353699 	1.225255 	3.518256 	1.350231 	1.081954 	1.277204 	1.450216 	0.781025 	1.607016 	1.450000 	1.400892 	1.377044 	2.409616 	2.074247 	0.825379 	3.120196 	1.600195 	3.039840 	0.972432 	1.856071 	2.050914 	2.669387 	
1.540495 	2.090753 	0.673146 	0.469707 	1.299279 	0.630971 	1.488497 	0.910014 	1.510381 	0.612882 	0.657647 	1.409122 	0.583631 	2.605043 	2.440415 	0.601041 	0.604152 	9.000000 	0.585235 	1.520691 	0.825000 	1.171004 	1.305038 	1.520896 	1.477329 	0.721543 	1.500208 	1.343968 	1.147279 	0.813941 	0.728869 	2.956455 	0.831038 	1.648674 	0.794512 	0.927699 	0.851469 	1.054751 	0.934077 	0.901388 	0.886707 	1.805893 	1.480709 	1.196349 	2.525495 	1.085415 	2.440927 	0.937083 	1.303840 	1.476906 	2.065944 	
1.364047 	1.957358 	0.388104 	0.783023 	1.026219 	0.956883 	1.190850 	1.218862 	1.206752 	0.090139 	0.141421 	1.079641 	1.129436 	2.601202 	2.414151 	1.125278 	1.101136 	0.585235 	9.000000 	1.204159 	0.340037 	0.778621 	0.937083 	1.184536 	1.131371 	0.152069 	1.149184 	0.957209 	0.715017 	0.254951 	0.145774 	2.791169 	0.251247 	2.001406 	0.215058 	0.350892 	0.884590 	0.509902 	0.353553 	0.316228 	0.302076 	1.425219 	1.029563 	1.386092 	2.248472 	0.505594 	2.139071 	0.828025 	0.756637 	0.965013 	1.671264 	
0.381608 	0.875357 	0.875000 	1.915235 	0.230489 	2.095382 	0.055902 	2.375000 	0.035355 	1.114955 	1.063015 	0.125000 	2.084616 	1.634396 	1.432873 	2.114533 	2.124264 	1.520691 	1.204159 	9.000000 	0.875000 	0.437321 	0.279509 	0.055902 	0.100000 	1.090011 	0.103078 	0.285044 	0.525595 	1.012423 	1.185854 	1.625000 	1.076162 	3.148115 	1.200521 	1.028652 	2.088660 	0.854400 	1.051190 	1.118034 	1.151629 	0.325960 	0.412311 	2.581908 	1.044330 	1.020110 	0.938416 	2.020056 	0.801561 	0.637377 	0.577170 	
1.075291 	1.668270 	0.247487 	1.109617 	0.715891 	1.286954 	0.866747 	1.554429 	0.880696 	0.257391 	0.201556 	0.750000 	1.403567 	2.351197 	2.157835 	1.410895 	1.397542 	0.825000 	0.340037 	0.875000 	9.000000 	0.442295 	0.602080 	0.851469 	0.797261 	0.215058 	0.813941 	0.618971 	0.375000 	0.152069 	0.313249 	2.482438 	0.226385 	2.336932 	0.340037 	0.237171 	1.219887 	0.246221 	0.261008 	0.301040 	0.325000 	1.085415 	0.693271 	1.725724 	1.917355 	0.355317 	1.804508 	1.145098 	0.485412 	0.654313 	1.331353 	
