Total assets = 720
Number of asset nodes = 40

Distance:
999.000000 	66.287254 	9.055386 	8.062258 	13.601471 	73.498299 	21.587032 	18.439089 	17.464249 	15.524175 	14.866069 	35.227829 	8.062258 	30.000000 	9.486833 	10.440307 	12.041595 	13.000000 	62.481998 	71.400284 	63.890530 	14.212670 	14.212670 	65.795135 	15.264338 	15.620500 	16.278820 	17.029387 	18.788294 	18.867962 	18.601076 	20.000000 	20.518284 	29.966648 	33.541019 	33.015148 	33.837849 	34.481880 	36.400551 	35.846897 	36.235340 	38.275318 	38.910152 	39.812057 	40.249222 	44.654228 	44.821869 	45.000000 	45.793011 	47.507893 	49.203659 	49.648766 	50.219517 	52.153618 	
66.287254 	999.000000 	60.827625 	72.560318 	56.364883 	7.211102 	83.450584 	80.659782 	50.328918 	51.855568 	52.009613 	99.904953 	58.249462 	95.131485 	64.404968 	63.976559 	61.326992 	60.008331 	7.615773 	6.324555 	7.211102 	71.693794 	69.079666 	10.630146 	67.416618 	69.641945 	71.867935 	72.801102 	66.098412 	75.960518 	69.570107 	70.213959 	72.422371 	85.440041 	87.800911 	83.952370 	84.929382 	87.321243 	92.179176 	88.073830 	89.269257 	94.111633 	92.195442 	93.171883 	73.006851 	80.000000 	83.024094 	82.006096 	79.025314 	86.005814 	85.023529 	83.096329 	84.095184 	83.294655 	
9.055386 	60.827625 	999.000000 	12.041595 	5.000000 	68.000000 	30.594116 	27.459061 	16.763054 	14.866069 	13.601471 	43.416588 	7.810250 	38.078865 	4.000000 	4.123106 	3.605551 	4.123106 	56.302753 	65.513359 	57.688820 	12.000000 	10.198039 	59.203041 	9.848858 	11.401754 	13.152946 	14.142136 	12.041595 	17.029387 	13.416408 	14.764823 	16.155495 	28.284271 	31.575306 	29.732138 	30.675724 	32.015621 	35.227829 	33.241539 	33.955853 	37.215588 	36.878178 	37.854988 	33.015148 	38.209946 	38.948685 	38.897301 	39.051247 	41.868843 	43.139309 	43.185646 	43.863426 	45.453274 	
8.062258 	72.560318 	12.041595 	999.000000 	16.970562 	79.755875 	22.203604 	19.416489 	25.179358 	23.194826 	22.360680 	32.310989 	15.297058 	26.925823 	9.433981 	10.295630 	13.038404 	14.422205 	68.242218 	77.388626 	69.634758 	8.544003 	10.049875 	71.217972 	12.000000 	11.180340 	10.770329 	11.180340 	16.000000 	12.041595 	14.317822 	15.524175 	15.231546 	22.472204 	26.076809 	26.172504 	26.907248 	27.202942 	28.635643 	28.600698 	28.844410 	30.463093 	31.384710 	32.249031 	36.400551 	39.812057 	39.446167 	39.824615 	41.231056 	41.880783 	43.908997 	44.721359 	45.177429 	47.423622 	
13.601471 	56.364883 	5.000000 	16.970562 	999.000000 	63.505905 	35.171009 	32.015621 	15.811388 	14.212670 	12.806249 	48.373547 	9.486833 	43.046486 	8.062258 	7.615773 	5.099020 	4.000000 	51.623638 	60.901562 	53.000000 	15.524175 	13.152946 	54.405884 	12.000000 	14.035668 	16.124516 	17.117243 	12.649111 	20.223749 	15.132746 	16.278820 	18.110771 	31.000000 	34.058773 	31.575306 	32.557640 	34.234486 	38.000000 	35.355339 	36.221542 	40.000000 	39.204590 	40.199501 	31.827662 	37.643059 	38.832977 	38.600517 	38.209946 	41.880783 	42.801868 	42.520584 	43.278172 	44.553337 	
73.498299 	7.211102 	68.000000 	79.755875 	63.505905 	999.000000 	90.553848 	87.783829 	57.489128 	59.033890 	59.203041 	107.056061 	65.459915 	102.303467 	71.554176 	71.112587 	68.447060 	67.119293 	13.038404 	4.472136 	12.000000 	78.790863 	76.157730 	13.601471 	74.464760 	76.694199 	78.924011 	79.849861 	73.054771 	83.006027 	76.550636 	77.162170 	79.378838 	92.347168 	94.641426 	90.708321 	91.678787 	94.111633 	99.040398 	94.831429 	96.046867 	100.960388 	98.954536 	99.924973 	79.158073 	86.092972 	89.202019 	88.141930 	85.023529 	92.135773 	91.021973 	89.000000 	90.000000 	89.050545 	
21.587032 	83.450584 	30.594116 	22.203604 	35.171009 	90.553848 	999.000000 	3.162278 	33.301651 	32.015621 	32.202484 	17.000000 	27.730848 	13.341664 	30.066593 	31.064449 	33.241539 	34.365681 	80.808418 	89.106674 	82.219215 	30.594116 	32.249031 	84.646324 	34.132095 	33.376640 	32.756680 	32.984844 	38.118237 	32.893768 	36.496574 	37.656342 	37.107952 	40.496914 	43.829212 	45.650848 	46.141087 	45.486263 	44.687805 	46.872166 	46.615448 	46.010868 	48.414875 	49.040798 	58.463665 	61.351448 	60.539242 	61.098282 	62.936478 	62.649822 	65.000000 	66.128662 	66.483078 	68.949257 	
18.439089 	80.659782 	27.459061 	19.416489 	32.015621 	87.783829 	3.162278 	999.000000 	30.413813 	29.068884 	29.206163 	19.416489 	24.596748 	15.231546 	27.018513 	28.017851 	30.149628 	31.257000 	77.897369 	86.267029 	79.309517 	27.892651 	29.427877 	81.688431 	31.257000 	30.594116 	30.083218 	30.364452 	35.227829 	30.463093 	33.734257 	34.928497 	34.481880 	38.600517 	42.011902 	43.566040 	44.102154 	43.600460 	43.139309 	45.000000 	44.821869 	44.553337 	46.754681 	47.423622 	55.785301 	58.872746 	58.180752 	58.694122 	60.406952 	60.373837 	62.649822 	63.694584 	64.078079 	66.483078 	
17.464249 	50.328918 	16.763054 	25.179358 	15.811388 	57.489128 	33.301651 	30.413813 	999.000000 	2.000000 	3.162278 	49.578220 	10.000000 	44.821869 	20.615528 	20.880613 	19.697716 	19.235384 	47.507893 	55.865910 	48.918301 	28.442924 	26.925823 	51.400391 	26.570660 	28.160255 	29.832869 	30.805843 	28.178005 	33.541019 	30.083218 	31.384710 	32.893768 	44.911022 	48.270073 	46.486557 	47.434166 	48.764740 	51.788029 	50.000000 	50.695168 	53.758720 	53.600372 	54.571056 	47.423622 	53.413483 	54.644306 	54.405884 	53.907330 	57.688820 	58.600342 	58.258045 	59.033890 	60.207973 	
15.524175 	51.855568 	14.866069 	23.194826 	14.212670 	59.033890 	32.015621 	29.068884 	2.000000 	999.000000 	1.414214 	48.104053 	8.000000 	43.278172 	18.681541 	18.973665 	17.888544 	17.492855 	48.836460 	57.314919 	50.249378 	26.476404 	25.000000 	52.630791 	24.698177 	26.248810 	27.892651 	28.861740 	26.419689 	31.575306 	28.231188 	29.546574 	31.016125 	42.953465 	46.324940 	44.598206 	45.541191 	46.840153 	49.819675 	48.083260 	48.764740 	51.788029 	51.662365 	52.630791 	45.967381 	51.855568 	53.009434 	52.801514 	52.402290 	56.035702 	57.008770 	56.727417 	57.489128 	58.728188 	
14.866069 	52.009613 	13.601471 	22.360680 	12.806249 	59.203041 	32.202484 	29.206163 	3.162278 	1.414214 	999.000000 	48.083260 	7.071068 	43.185646 	17.464249 	17.720045 	16.552946 	16.124516 	48.795490 	57.384666 	50.209560 	25.317978 	23.769728 	52.497620 	23.409399 	25.000000 	26.683329 	27.658634 	25.059929 	30.413813 	26.925823 	28.231188 	29.732138 	41.773197 	45.122055 	43.324360 	44.271889 	45.607018 	48.662102 	46.840153 	47.539455 	50.635956 	50.447994 	51.419842 	44.553337 	50.447994 	51.613953 	51.400391 	50.990196 	54.644306 	55.605755 	55.317268 	56.080299 	57.314919 	
35.227829 	99.904953 	43.416588 	32.310989 	48.373547 	107.056061 	17.000000 	19.416489 	49.578220 	48.104053 	48.083260 	999.000000 	42.638012 	5.385165 	41.629318 	42.544094 	45.188496 	46.518814 	96.876213 	105.418213 	98.290382 	39.051247 	41.484936 	100.498756 	43.680660 	42.201897 	40.792156 	40.607880 	47.539455 	39.204590 	44.911022 	45.705578 	44.407207 	42.579338 	45.122055 	48.507732 	48.662102 	47.074409 	44.271889 	48.270073 	47.539455 	44.944408 	48.383881 	48.703182 	65.030762 	66.189125 	64.498062 	65.375839 	68.117546 	65.924202 	68.731361 	70.455658 	70.576202 	73.437050 	
8.062258 	58.249462 	7.810250 	15.297058 	9.486833 	65.459915 	27.730848 	24.596748 	10.000000 	8.000000 	7.071068 	42.638012 	999.000000 	37.536648 	11.180340 	11.661903 	11.313708 	11.401754 	54.561890 	63.411354 	55.973209 	18.681541 	17.464249 	57.982758 	17.492855 	18.788294 	20.248457 	21.189621 	19.849434 	23.769728 	21.095022 	22.472204 	23.706539 	35.171009 	38.600517 	37.161808 	38.078865 	39.217342 	41.976185 	40.496914 	41.109608 	43.931767 	43.965897 	44.922153 	40.607880 	45.967381 	46.754681 	46.690472 	46.754681 	49.678970 	50.931328 	50.931328 	51.623638 	53.150730 	
30.000000 	95.131485 	38.078865 	26.925823 	43.046486 	102.303467 	13.341664 	15.231546 	44.821869 	43.278172 	43.185646 	5.385165 	37.536648 	999.000000 	36.249138 	37.161808 	39.812057 	41.146080 	91.934761 	100.568382 	93.348808 	33.734257 	36.138622 	95.482986 	38.327538 	36.878178 	35.510563 	35.355339 	42.201897 	34.058773 	39.623226 	40.447498 	39.204590 	38.078865 	40.804413 	43.931767 	44.147480 	42.720020 	40.311287 	43.965897 	43.324360 	41.146080 	44.384682 	44.777225 	60.000000 	61.400326 	59.841457 	60.671246 	63.285069 	61.392181 	64.132675 	65.764732 	65.924202 	68.731361 	
9.486833 	64.404968 	4.000000 	9.433981 	8.062258 	71.554176 	30.066593 	27.018513 	20.615528 	18.681541 	17.464249 	41.629318 	11.180340 	36.249138 	999.000000 	1.000000 	3.605551 	5.000000 	59.682495 	68.963760 	61.057350 	8.000000 	6.324555 	62.425957 	6.403124 	7.615773 	9.219544 	10.198039 	9.433981 	13.038404 	10.000000 	11.401754 	12.529964 	24.331051 	27.658634 	26.000000 	26.925823 	28.160255 	31.257000 	29.410883 	30.083218 	33.241539 	32.984844 	33.955853 	30.886890 	35.608986 	36.069378 	36.124783 	36.619667 	38.897301 	40.360870 	40.607880 	41.231056 	43.011627 	
10.440307 	63.976559 	4.123106 	10.295630 	7.615773 	71.112587 	31.064449 	28.017851 	20.880613 	18.973665 	17.720045 	42.544094 	11.661903 	37.161808 	1.000000 	999.000000 	2.828427 	4.242640 	59.169250 	68.476273 	60.539242 	8.062258 	6.082763 	61.854668 	5.830952 	7.280110 	9.055386 	10.049875 	8.602325 	13.000000 	9.433981 	10.816654 	12.083046 	24.186773 	27.459061 	25.632011 	26.570660 	27.892651 	31.144823 	29.120440 	29.832869 	33.136082 	32.756680 	33.734257 	30.016663 	34.828148 	35.355339 	35.383614 	35.805027 	38.209946 	39.623226 	39.824615 	40.459858 	42.201897 	
12.041595 	61.326992 	3.605551 	13.038404 	5.099020 	68.447060 	33.241539 	30.149628 	19.697716 	17.888544 	16.552946 	45.188496 	11.313708 	39.812057 	3.605551 	2.828427 	999.000000 	1.414214 	56.435802 	65.764732 	57.801384 	10.440307 	8.062258 	59.076221 	7.071068 	9.000000 	11.045361 	12.041595 	8.602325 	15.132746 	10.440307 	11.704700 	13.341664 	26.019224 	29.154760 	26.925823 	27.892651 	29.427877 	33.015148 	30.594116 	31.400637 	35.014282 	34.365681 	35.355339 	29.410883 	34.655445 	35.468296 	35.383614 	35.468296 	38.418747 	39.623226 	39.623226 	40.311287 	41.868843 	
13.000000 	60.008331 	4.123106 	14.422205 	4.000000 	67.119293 	34.365681 	31.257000 	19.235384 	17.492855 	16.124516 	46.518814 	11.401754 	41.146080 	5.000000 	4.242640 	1.414214 	999.000000 	55.072678 	64.412735 	56.435802 	11.704700 	9.219544 	57.688820 	8.000000 	10.049875 	12.165525 	13.152946 	8.944272 	16.278820 	11.180340 	12.369317 	14.142136 	27.000000 	30.066593 	27.658634 	28.635643 	30.265491 	34.000000 	31.400637 	32.249031 	36.000000 	35.227829 	36.221542 	29.206163 	34.655445 	35.608986 	35.468296 	35.383614 	38.600517 	39.698868 	39.597980 	40.311287 	41.773197 	
62.481998 	7.615773 	56.302753 	68.242218 	51.623638 	13.038404 	80.808418 	77.897369 	47.507893 	48.836460 	48.795490 	96.876213 	54.561890 	91.934761 	59.682495 	59.169250 	56.435802 	55.072678 	999.000000 	9.486833 	1.414214 	66.648331 	63.953106 	5.000000 	62.169125 	64.404968 	66.640831 	67.542580 	60.539242 	70.682388 	64.078079 	64.621979 	66.850578 	79.711983 	81.908485 	77.884529 	78.847954 	81.320351 	86.330757 	82.006096 	83.240616 	88.232651 	86.127815 	87.091904 	66.121101 	73.061615 	76.164299 	75.106590 	72.006943 	79.101204 	78.006409 	76.006577 	77.006493 	76.105194 	
71.400284 	6.324555 	65.513359 	77.388626 	60.901562 	4.472136 	89.106674 	86.267029 	55.865910 	57.314919 	57.384666 	105.418213 	63.411354 	100.568382 	68.963760 	68.476273 	65.764732 	64.412735 	9.486833 	999.000000 	8.246211 	76.026314 	73.348480 	9.219544 	71.589104 	73.824112 	76.059189 	76.967529 	70.007141 	80.112419 	73.539108 	74.094536 	76.321686 	89.196411 	91.394745 	87.361320 	88.323273 	90.801979 	95.817535 	91.482239 	92.720009 	97.718987 	95.603348 	96.566040 	75.325958 	82.219215 	85.375641 	84.291161 	81.098709 	88.277969 	87.091904 	85.023529 	86.023254 	85.005882 	
63.890530 	7.211102 	57.688820 	69.634758 	53.000000 	12.000000 	82.219215 	79.309517 	48.918301 	50.249378 	50.209560 	98.290382 	55.973209 	93.348808 	61.057350 	60.539242 	57.801384 	56.435802 	1.414214 	8.246211 	999.000000 	68.000000 	65.299309 	4.123106 	63.505905 	65.741920 	67.977936 	68.876701 	61.846584 	72.013885 	65.391129 	65.924202 	68.154236 	80.993828 	83.168503 	79.120163 	80.081207 	82.565125 	87.595665 	83.240616 	84.480766 	89.493019 	87.361320 	88.323273 	67.186310 	74.108032 	77.233414 	76.164299 	73.027390 	80.156097 	79.025314 	77.000000 	78.000000 	77.058418 	
14.212670 	71.693794 	12.000000 	8.544003 	15.524175 	78.790863 	30.594116 	27.892651 	28.442924 	26.476404 	25.317978 	39.051247 	18.681541 	33.734257 	8.000000 	8.062258 	10.440307 	11.704700 	66.648331 	76.026314 	68.000000 	999.000000 	2.828427 	69.115845 	5.000000 	3.162278 	2.236068 	2.828427 	8.544003 	5.099020 	6.000000 	7.071068 	6.708204 	16.492422 	19.924858 	18.867962 	19.723083 	20.615528 	23.345236 	21.931713 	22.472204 	25.317978 	25.298222 	26.248810 	27.892651 	31.304953 	31.064449 	31.384710 	32.695564 	33.600594 	35.510563 	36.235340 	36.715118 	38.910152 	
14.212670 	69.079666 	10.198039 	10.049875 	13.152946 	76.157730 	32.249031 	29.427877 	26.925823 	25.000000 	23.769728 	41.484936 	17.464249 	36.138622 	6.324555 	6.082763 	8.062258 	9.219544 	63.953106 	73.348480 	65.299309 	2.828427 	999.000000 	66.370171 	2.236068 	1.414214 	3.000000 	4.000000 	6.082763 	7.071068 	4.472136 	5.830952 	6.403124 	18.110771 	21.377558 	19.697716 	20.615528 	21.840330 	25.079872 	23.086792 	23.769728 	27.073973 	26.683329 	27.658634 	26.570660 	30.528675 	30.610456 	30.805843 	31.764761 	33.301651 	35.000000 	35.510563 	36.055511 	38.078865 	
65.795135 	10.630146 	59.203041 	71.217972 	54.405884 	13.601471 	84.646324 	81.688431 	51.400391 	52.630791 	52.497620 	100.498756 	57.982758 	95.482986 	62.425957 	61.854668 	59.076221 	57.688820 	5.000000 	9.219544 	4.123106 	69.115845 	66.370171 	999.000000 	64.498062 	66.730804 	68.963760 	69.835518 	62.609905 	72.945183 	66.189125 	66.640831 	68.876701 	81.541397 	83.570328 	79.378838 	80.324341 	82.873398 	88.022728 	83.486526 	84.758484 	89.888817 	87.595665 	88.543777 	66.610809 	73.437050 	76.655075 	75.538071 	72.249565 	79.511009 	78.230431 	76.105194 	77.103828 	76.006577 	
15.264338 	67.416618 	9.848858 	12.000000 	12.000000 	74.464760 	34.132095 	31.257000 	26.570660 	24.698177 	23.409399 	43.680660 	17.492855 	38.327538 	6.403124 	5.830952 	7.071068 	8.000000 	62.169125 	71.589104 	63.505905 	5.000000 	2.236068 	64.498062 	999.000000 	2.236068 	4.472136 	5.385165 	4.000000 	8.544003 	3.605551 	5.000000 	6.324555 	19.000000 	22.090721 	19.924858 	20.880613 	22.360680 	26.000000 	23.537205 	24.331051 	28.000000 	27.294687 	28.284271 	25.079872 	29.410883 	29.732138 	29.832869 	30.528675 	32.526913 	34.058773 	34.409302 	35.000000 	36.891735 	
15.620500 	69.641945 	11.401754 	11.180340 	14.035668 	76.694199 	33.376640 	30.594116 	28.160255 	26.248810 	25.000000 	42.201897 	18.788294 	36.878178 	7.615773 	7.280110 	9.000000 	10.049875 	64.404968 	73.824112 	65.741920 	3.162278 	1.414214 	66.730804 	2.236068 	999.000000 	2.236068 	3.162278 	5.385165 	6.324555 	3.162278 	4.472136 	5.000000 	17.029387 	20.223749 	18.384777 	19.313208 	20.615528 	24.020824 	21.840330 	22.561028 	26.019224 	25.495098 	26.476404 	25.298222 	29.154760 	29.206163 	29.410883 	30.413813 	31.890438 	33.600594 	34.132095 	34.669872 	36.715118 	
16.278820 	71.867935 	13.152946 	10.770329 	16.124516 	78.924011 	32.756680 	30.083218 	29.832869 	27.892651 	26.683329 	40.792156 	20.248457 	35.510563 	9.219544 	9.055386 	11.045361 	12.165525 	66.640831 	76.059189 	67.977936 	2.236068 	3.000000 	68.963760 	4.472136 	2.236068 	999.000000 	1.000000 	7.211102 	4.123106 	4.123106 	5.000000 	4.472136 	15.132746 	18.439089 	17.000000 	17.888544 	18.973665 	22.090721 	20.248457 	20.880613 	24.083189 	23.769728 	24.738634 	25.709921 	29.068884 	28.844410 	29.154760 	30.463093 	31.400637 	33.286633 	34.000000 	34.481880 	36.674240 	
17.029387 	72.801102 	14.142136 	11.180340 	17.117243 	79.849861 	32.984844 	30.364452 	30.805843 	28.861740 	27.658634 	40.607880 	21.189621 	35.355339 	10.198039 	10.049875 	12.041595 	13.152946 	67.542580 	76.967529 	68.876701 	2.828427 	4.000000 	69.835518 	5.385165 	3.162278 	1.000000 	999.000000 	7.810250 	3.162278 	4.472136 	5.099020 	4.123106 	14.142136 	17.464249 	16.124516 	17.000000 	18.027756 	21.095022 	19.313208 	19.924858 	23.086792 	22.803509 	23.769728 	25.495098 	28.635643 	28.301943 	28.653097 	30.083218 	30.805843 	32.756680 	33.541019 	34.000000 	36.249138 	
18.788294 	66.098412 	12.041595 	16.000000 	12.649111 	73.054771 	38.118237 	35.227829 	28.178005 	26.419689 	25.059929 	47.539455 	19.849434 	42.201897 	9.433981 	8.602325 	8.602325 	8.944272 	60.539242 	70.007141 	61.846584 	8.544003 	6.082763 	62.609905 	4.000000 	5.385165 	7.211102 	7.810250 	999.000000 	10.630146 	3.605551 	4.123106 	6.324555 	19.416489 	22.090721 	19.104973 	20.099751 	22.000000 	26.305893 	23.021729 	24.000000 	28.284271 	27.000000 	28.000000 	21.470911 	26.248810 	26.907248 	26.870058 	27.202942 	29.832869 	31.112698 	31.240999 	31.890438 	33.600594 	
18.867962 	75.960518 	17.029387 	12.041595 	20.223749 	83.006027 	32.893768 	30.463093 	33.541019 	31.575306 	30.413813 	39.204590 	23.769728 	34.058773 	13.038404 	13.000000 	15.132746 	16.278820 	70.682388 	80.112419 	72.013885 	5.099020 	7.071068 	72.945183 	8.544003 	6.324555 	4.123106 	3.162278 	10.630146 	999.000000 	7.071068 	7.211102 	5.385165 	11.401754 	14.866069 	14.212670 	15.000000 	15.652476 	18.248287 	17.000000 	17.464249 	20.223749 	20.248457 	21.189621 	26.076809 	28.460499 	27.730848 	28.231188 	30.083218 	30.016663 	32.202484 	33.241539 	33.615471 	36.055511 	
18.601076 	69.570107 	13.416408 	14.317822 	15.132746 	76.550636 	36.496574 	33.734257 	30.083218 	28.231188 	26.925823 	44.911022 	21.095022 	39.623226 	10.000000 	9.433981 	10.440307 	11.180340 	64.078079 	73.539108 	65.391129 	6.000000 	4.472136 	66.189125 	3.605551 	3.162278 	4.123106 	4.472136 	3.605551 	7.071068 	999.000000 	1.414214 	3.000000 	16.124516 	19.000000 	16.492422 	17.464249 	19.104973 	23.086792 	20.223749 	21.095022 	25.079872 	24.083189 	25.079872 	22.135944 	26.076809 	26.248810 	26.400757 	27.294687 	29.000000 	30.610456 	31.064449 	31.622776 	33.615471 	
20.000000 	70.213959 	14.764823 	15.524175 	16.278820 	77.162170 	37.656342 	34.928497 	31.384710 	29.546574 	28.231188 	45.705578 	22.472204 	40.447498 	11.401754 	10.816654 	11.704700 	12.369317 	64.621979 	74.094536 	65.924202 	7.071068 	5.830952 	66.640831 	5.000000 	4.472136 	5.000000 	5.099020 	4.123106 	7.211102 	1.414214 	999.000000 	2.236068 	15.297058 	18.027756 	15.297058 	16.278820 	18.027756 	22.203604 	19.104973 	20.024984 	24.186773 	23.021729 	24.020824 	20.880613 	24.698177 	24.839485 	25.000000 	25.942244 	27.586229 	29.206163 	29.681644 	30.232433 	32.249031 	
20.518284 	72.422371 	16.155495 	15.231546 	18.110771 	79.378838 	37.107952 	34.481880 	32.893768 	31.016125 	29.732138 	44.407207 	23.706539 	39.204590 	12.529964 	12.083046 	13.341664 	14.142136 	66.850578 	76.321686 	68.154236 	6.708204 	6.403124 	68.876701 	6.324555 	5.000000 	4.472136 	4.123106 	6.324555 	5.385165 	3.000000 	2.236068 	999.000000 	13.152946 	16.000000 	13.601471 	14.560220 	16.124516 	20.099751 	17.262676 	18.110771 	22.090721 	21.095022 	22.090721 	21.377558 	24.596748 	24.413111 	24.698177 	26.000000 	27.018513 	28.844410 	29.529646 	30.016663 	32.202484 	
29.966648 	85.440041 	28.284271 	22.472204 	31.000000 	92.347168 	40.496914 	38.600517 	44.911022 	42.953465 	41.773197 	42.579338 	35.171009 	38.078865 	24.331051 	24.186773 	26.019224 	27.000000 	79.711983 	89.196411 	80.993828 	16.492422 	18.110771 	81.541397 	19.000000 	17.029387 	15.132746 	14.142136 	19.416489 	11.401754 	16.124516 	15.297058 	13.152946 	999.000000 	3.605551 	6.000000 	6.082763 	5.000000 	7.000000 	6.403124 	6.403124 	9.000000 	8.944272 	9.848858 	24.698177 	24.083189 	22.022715 	23.000000 	26.172504 	23.345236 	26.172504 	28.017851 	28.071337 	31.016125 	
33.541019 	87.800911 	31.575306 	26.076809 	34.058773 	94.641426 	43.829212 	42.011902 	48.270073 	46.324940 	45.122055 	45.122055 	38.600517 	40.804413 	27.658634 	27.459061 	29.154760 	30.066593 	81.908485 	91.394745 	83.168503 	19.924858 	21.377558 	83.570328 	22.090721 	20.223749 	18.439089 	17.464249 	22.090721 	14.866069 	19.000000 	18.027756 	16.000000 	3.605551 	999.000000 	5.000000 	4.472136 	2.000000 	4.472136 	3.162278 	2.828427 	6.324555 	5.385165 	6.324555 	24.186773 	22.561028 	20.099751 	21.213203 	24.738634 	21.023796 	24.000000 	26.076809 	26.019224 	29.068884 	
33.015148 	83.952370 	29.732138 	26.172504 	31.575306 	90.708321 	45.650848 	43.566040 	46.486557 	44.598206 	43.324360 	48.507732 	37.161808 	43.931767 	26.000000 	25.632011 	26.925823 	27.658634 	77.884529 	87.361320 	79.120163 	18.867962 	19.697716 	79.378838 	19.924858 	18.384777 	17.000000 	16.124516 	19.104973 	14.212670 	16.492422 	15.297058 	13.601471 	6.000000 	5.000000 	999.000000 	1.000000 	3.605551 	9.219544 	4.123106 	5.385165 	10.816654 	8.246211 	9.219544 	19.235384 	18.110771 	16.031219 	17.000000 	20.223749 	17.464249 	20.223749 	22.022715 	22.090721 	25.019993 	
33.837849 	84.929382 	30.675724 	26.907248 	32.557640 	91.678787 	46.141087 	44.102154 	47.434166 	45.541191 	44.271889 	48.662102 	38.078865 	44.147480 	26.925823 	26.570660 	27.892651 	28.635643 	78.847954 	88.323273 	80.081207 	19.723083 	20.615528 	80.324341 	20.880613 	19.313208 	17.888544 	17.000000 	20.099751 	15.000000 	17.464249 	16.278820 	14.560220 	6.082763 	4.472136 	1.000000 	999.000000 	2.828427 	8.485281 	3.162278 	4.472136 	10.000000 	7.280110 	8.246211 	19.723083 	18.248287 	16.000000 	17.029387 	20.396078 	17.262676 	20.099751 	22.000000 	22.022715 	25.000000 	
34.481880 	87.321243 	32.015621 	27.202942 	34.234486 	94.111633 	45.486263 	43.600460 	48.764740 	46.840153 	45.607018 	47.074409 	39.217342 	42.720020 	28.160255 	27.892651 	29.427877 	30.265491 	81.320351 	90.801979 	82.565125 	20.615528 	21.840330 	82.873398 	22.360680 	20.615528 	18.973665 	18.027756 	22.000000 	15.652476 	19.104973 	18.027756 	16.124516 	5.000000 	2.000000 	3.605551 	2.828427 	999.000000 	5.656854 	1.414214 	2.000000 	7.211102 	5.000000 	6.000000 	22.472204 	20.615528 	18.110771 	19.235384 	22.803509 	19.026299 	22.000000 	24.083189 	24.020824 	27.073973 	
36.400551 	92.179176 	35.227829 	28.635643 	38.000000 	99.040398 	44.687805 	43.139309 	51.788029 	49.819675 	48.662102 	44.271889 	41.976185 	40.311287 	31.257000 	31.144823 	33.015148 	34.000000 	86.330757 	95.817535 	87.595665 	23.345236 	25.079872 	88.022728 	26.000000 	24.020824 	22.090721 	21.095022 	26.305893 	18.248287 	23.086792 	22.203604 	20.099751 	7.000000 	4.472136 	9.219544 	8.485281 	5.656854 	999.000000 	5.830952 	4.472136 	2.000000 	4.123106 	4.472136 	28.017851 	25.632011 	22.803509 	24.041630 	27.856777 	23.194826 	26.305893 	28.635643 	28.442924 	31.575306 	
35.846897 	88.073830 	33.241539 	28.600698 	35.355339 	94.831429 	46.872166 	45.000000 	50.000000 	48.083260 	46.840153 	48.270073 	40.496914 	43.965897 	29.410883 	29.120440 	30.594116 	31.400637 	82.006096 	91.482239 	83.240616 	21.931713 	23.086792 	83.486526 	23.537205 	21.840330 	20.248457 	19.313208 	23.021729 	17.000000 	20.223749 	19.104973 	17.262676 	6.403124 	3.162278 	4.123106 	3.162278 	1.414214 	5.830952 	999.000000 	1.414214 	7.071068 	4.123106 	5.099020 	22.203604 	19.924858 	17.262676 	18.439089 	22.135944 	18.000000 	21.023796 	23.194826 	23.086792 	26.172504 	
36.235340 	89.269257 	33.955853 	28.844410 	36.221542 	96.046867 	46.615448 	44.821869 	50.695168 	48.764740 	47.539455 	47.539455 	41.109608 	43.324360 	30.083218 	29.832869 	31.400637 	32.249031 	83.240616 	92.720009 	84.480766 	22.472204 	23.769728 	84.758484 	24.331051 	22.561028 	20.880613 	19.924858 	24.000000 	17.464249 	21.095022 	20.024984 	18.110771 	6.403124 	2.828427 	5.385165 	4.472136 	2.000000 	4.472136 	1.414214 	999.000000 	5.656854 	3.000000 	4.000000 	23.600847 	21.189621 	18.439089 	19.646883 	23.409399 	19.026299 	22.090721 	24.331051 	24.186773 	27.294687 	
38.275318 	94.111633 	37.215588 	30.463093 	40.000000 	100.960388 	46.010868 	44.553337 	53.758720 	51.788029 	50.635956 	44.944408 	43.931767 	41.146080 	33.241539 	33.136082 	35.014282 	36.000000 	88.232651 	97.718987 	89.493019 	25.317978 	27.073973 	89.888817 	28.000000 	26.019224 	24.083189 	23.086792 	28.284271 	20.223749 	25.079872 	24.186773 	22.090721 	9.000000 	6.324555 	10.816654 	10.000000 	7.211102 	2.000000 	7.071068 	5.656854 	999.000000 	4.123106 	4.000000 	29.206163 	26.400757 	23.409399 	24.698177 	28.635643 	23.537205 	26.683329 	29.120440 	28.861740 	32.015621 	
38.910152 	92.195442 	36.878178 	31.384710 	39.204590 	98.954536 	48.414875 	46.754681 	53.600372 	51.662365 	50.447994 	48.383881 	43.965897 	44.384682 	32.984844 	32.756680 	34.365681 	35.227829 	86.127815 	95.603348 	87.361320 	25.298222 	26.683329 	87.595665 	27.294687 	25.495098 	23.769728 	22.803509 	27.000000 	20.248457 	24.083189 	23.021729 	21.095022 	8.944272 	5.385165 	8.246211 	7.280110 	5.000000 	4.123106 	4.123106 	3.000000 	4.123106 	999.000000 	1.000000 	25.495098 	22.360680 	19.313208 	20.615528 	24.596748 	19.416489 	22.561028 	25.000000 	24.738634 	27.892651 	
39.812057 	93.171883 	37.854988 	32.249031 	40.199501 	99.924973 	49.040798 	47.423622 	54.571056 	52.630791 	51.419842 	48.703182 	44.922153 	44.777225 	33.955853 	33.734257 	35.355339 	36.221542 	87.091904 	96.566040 	88.323273 	26.248810 	27.658634 	88.543777 	28.284271 	26.476404 	24.738634 	23.769728 	28.000000 	21.189621 	25.079872 	24.020824 	22.090721 	9.848858 	6.324555 	9.219544 	8.246211 	6.000000 	4.472136 	5.099020 	4.000000 	4.000000 	1.000000 	999.000000 	26.172504 	22.825424 	19.697716 	21.023796 	25.059929 	19.646883 	22.803509 	25.298222 	25.000000 	28.160255 	
40.249222 	73.006851 	33.015148 	36.400551 	31.827662 	79.158073 	58.463665 	55.785301 	47.423622 	45.967381 	44.553337 	65.030762 	40.607880 	60.000000 	30.886890 	30.016663 	29.410883 	29.206163 	66.121101 	75.325958 	67.186310 	27.892651 	26.570660 	66.610809 	25.079872 	25.298222 	25.709921 	25.495098 	21.470911 	26.076809 	22.135944 	20.880613 	21.377558 	24.698177 	24.186773 	19.235384 	19.723083 	22.472204 	28.017851 	22.203604 	23.600847 	29.206163 	25.495098 	26.172504 	999.000000 	7.071068 	10.049875 	9.000000 	6.708204 	13.000000 	12.369317 	11.180340 	12.083046 	12.806249 	
44.654228 	80.000000 	38.209946 	39.812057 	37.643059 	86.092972 	61.351448 	58.872746 	53.413483 	51.855568 	50.447994 	66.189125 	45.967381 	61.400326 	35.608986 	34.828148 	34.655445 	34.655445 	73.061615 	82.219215 	74.108032 	31.304953 	30.528675 	73.437050 	29.410883 	29.154760 	29.068884 	28.635643 	26.248810 	28.460499 	26.076809 	24.698177 	24.596748 	24.083189 	22.561028 	18.110771 	18.248287 	20.615528 	25.632011 	19.924858 	21.189621 	26.400757 	22.360680 	22.825424 	7.071068 	999.000000 	3.605551 	2.236068 	2.236068 	6.082763 	5.385165 	5.000000 	5.656854 	7.615773 	
44.821869 	83.024094 	38.948685 	39.446167 	38.832977 	89.202019 	60.539242 	58.180752 	54.644306 	53.009434 	51.613953 	64.498062 	46.754681 	59.841457 	36.069378 	35.355339 	35.468296 	35.608986 	76.164299 	85.375641 	77.233414 	31.064449 	30.610456 	76.655075 	29.732138 	29.206163 	28.844410 	28.301943 	26.907248 	27.730848 	26.248810 	24.839485 	24.413111 	22.022715 	20.099751 	16.031219 	16.000000 	18.110771 	22.803509 	17.262676 	18.439089 	23.409399 	19.313208 	19.697716 	10.049875 	3.605551 	999.000000 	1.414214 	5.656854 	3.162278 	4.472136 	6.000000 	6.082763 	9.000000 	
45.000000 	82.006096 	38.897301 	39.824615 	38.600517 	88.141930 	61.098282 	58.694122 	54.405884 	52.801514 	51.400391 	65.375839 	46.690472 	60.671246 	36.124783 	35.383614 	35.383614 	35.468296 	75.106590 	84.291161 	76.164299 	31.384710 	30.805843 	75.538071 	29.832869 	29.410883 	29.154760 	28.653097 	26.870058 	28.231188 	26.400757 	25.000000 	24.698177 	23.000000 	21.213203 	17.000000 	17.029387 	19.235384 	24.041630 	18.439089 	19.646883 	24.698177 	20.615528 	21.023796 	9.000000 	2.236068 	1.414214 	999.000000 	4.242640 	4.000000 	4.242640 	5.099020 	5.385165 	8.062258 	
45.793011 	79.025314 	39.051247 	41.231056 	38.209946 	85.023529 	62.936478 	60.406952 	53.907330 	52.402290 	50.990196 	68.117546 	46.754681 	63.285069 	36.619667 	35.805027 	35.468296 	35.383614 	72.006943 	81.098709 	73.027390 	32.695564 	31.764761 	72.249565 	30.528675 	30.413813 	30.463093 	30.083218 	27.202942 	30.083218 	27.294687 	25.942244 	26.000000 	26.172504 	24.738634 	20.223749 	20.396078 	22.803509 	27.856777 	22.135944 	23.409399 	28.635643 	24.596748 	25.059929 	6.708204 	2.236068 	5.656854 	4.242640 	999.000000 	7.615773 	6.000000 	4.472136 	5.385165 	6.403124 	
47.507893 	86.005814 	41.868843 	41.880783 	41.880783 	92.135773 	62.649822 	60.373837 	57.688820 	56.035702 	54.644306 	65.924202 	49.678970 	61.392181 	38.897301 	38.209946 	38.418747 	38.600517 	79.101204 	88.277969 	80.156097 	33.600594 	33.301651 	79.511009 	32.526913 	31.890438 	31.400637 	30.805843 	29.832869 	30.016663 	29.000000 	27.586229 	27.018513 	23.345236 	21.023796 	17.464249 	17.262676 	19.026299 	23.194826 	18.000000 	19.026299 	23.537205 	19.416489 	19.646883 	13.000000 	6.082763 	3.162278 	4.000000 	7.615773 	999.000000 	3.162278 	5.830952 	5.385165 	8.544003 	
49.203659 	85.023529 	43.139309 	43.908997 	42.801868 	91.021973 	65.000000 	62.649822 	58.600342 	57.008770 	55.605755 	68.731361 	50.931328 	64.132675 	40.360870 	39.623226 	39.623226 	39.698868 	78.006409 	87.091904 	79.025314 	35.510563 	35.000000 	78.230431 	34.058773 	33.600594 	33.286633 	32.756680 	31.112698 	32.202484 	30.610456 	29.206163 	28.844410 	26.172504 	24.000000 	20.223749 	20.099751 	22.000000 	26.305893 	21.023796 	22.090721 	26.683329 	22.561028 	22.803509 	12.369317 	5.385165 	4.472136 	4.242640 	6.000000 	3.162278 	999.000000 	2.828427 	2.236068 	5.385165 	
49.648766 	83.096329 	43.185646 	44.721359 	42.520584 	89.000000 	66.128662 	63.694584 	58.258045 	56.727417 	55.317268 	70.455658 	50.931328 	65.764732 	40.607880 	39.824615 	39.623226 	39.597980 	76.006577 	85.023529 	77.000000 	36.235340 	35.510563 	76.105194 	34.409302 	34.132095 	34.000000 	33.541019 	31.240999 	33.241539 	31.064449 	29.681644 	29.529646 	28.017851 	26.076809 	22.022715 	22.000000 	24.083189 	28.635643 	23.194826 	24.331051 	29.120440 	25.000000 	25.298222 	11.180340 	5.000000 	6.000000 	5.099020 	4.472136 	5.830952 	2.828427 	999.000000 	1.000000 	3.000000 	
50.219517 	84.095184 	43.863426 	45.177429 	43.278172 	90.000000 	66.483078 	64.078079 	59.033890 	57.489128 	56.080299 	70.576202 	51.623638 	65.924202 	41.231056 	40.459858 	40.311287 	40.311287 	77.006493 	86.023254 	78.000000 	36.715118 	36.055511 	77.103828 	35.000000 	34.669872 	34.481880 	34.000000 	31.890438 	33.615471 	31.622776 	30.232433 	30.016663 	28.071337 	26.019224 	22.090721 	22.022715 	24.020824 	28.442924 	23.086792 	24.186773 	28.861740 	24.738634 	25.000000 	12.083046 	5.656854 	6.082763 	5.385165 	5.385165 	5.385165 	2.236068 	1.000000 	999.000000 	3.162278 	
52.153618 	83.294655 	45.453274 	47.423622 	44.553337 	89.050545 	68.949257 	66.483078 	60.207973 	58.728188 	57.314919 	73.437050 	53.150730 	68.731361 	43.011627 	42.201897 	41.868843 	41.773197 	76.105194 	85.005882 	77.058418 	38.910152 	38.078865 	76.006577 	36.891735 	36.715118 	36.674240 	36.249138 	33.600594 	36.055511 	33.615471 	32.249031 	32.202484 	31.016125 	29.068884 	25.019993 	25.000000 	27.073973 	31.575306 	26.172504 	27.294687 	32.015621 	27.892651 	28.160255 	12.806249 	7.615773 	9.000000 	8.062258 	6.403124 	8.544003 	5.385165 	3.000000 	3.162278 	999.000000 	

Travel time:
9.000000 	1.657181 	0.226385 	0.201556 	0.340037 	1.837457 	0.539676 	0.460977 	0.436606 	0.388104 	0.371652 	0.880696 	0.201556 	0.750000 	0.237171 	0.261008 	0.301040 	0.325000 	1.562050 	1.785007 	1.597263 	0.355317 	0.355317 	1.644878 	0.381608 	0.390512 	0.406971 	0.425735 	0.469707 	0.471699 	0.465027 	0.500000 	0.512957 	0.749166 	0.838525 	0.825379 	0.845946 	0.862047 	0.910014 	0.896172 	0.905883 	0.956883 	0.972754 	0.995301 	1.006231 	1.116356 	1.120547 	1.125000 	1.144825 	1.187697 	1.230091 	1.241219 	1.255488 	1.303840 	
1.657181 	9.000000 	1.520691 	1.814008 	1.409122 	0.180278 	2.086265 	2.016495 	1.258223 	1.296389 	1.300240 	2.497624 	1.456237 	2.378287 	1.610124 	1.599414 	1.533175 	1.500208 	0.190394 	0.158114 	0.180278 	1.792345 	1.726992 	0.265754 	1.685416 	1.741049 	1.796698 	1.820028 	1.652460 	1.899013 	1.739253 	1.755349 	1.810559 	2.136001 	2.195023 	2.098809 	2.123235 	2.183031 	2.304479 	2.201846 	2.231731 	2.352791 	2.304886 	2.329297 	1.825171 	2.000000 	2.075602 	2.050152 	1.975633 	2.150145 	2.125588 	2.077408 	2.102380 	2.082366 	
0.226385 	1.520691 	9.000000 	0.301040 	0.125000 	1.700000 	0.764853 	0.686477 	0.419076 	0.371652 	0.340037 	1.085415 	0.195256 	0.951972 	0.100000 	0.103078 	0.090139 	0.103078 	1.407569 	1.637834 	1.442220 	0.300000 	0.254951 	1.480076 	0.246221 	0.285044 	0.328824 	0.353553 	0.301040 	0.425735 	0.335410 	0.369121 	0.403887 	0.707107 	0.789383 	0.743303 	0.766893 	0.800391 	0.880696 	0.831038 	0.848896 	0.930390 	0.921954 	0.946375 	0.825379 	0.955249 	0.973717 	0.972432 	0.976281 	1.046721 	1.078483 	1.079641 	1.096586 	1.136332 	
0.201556 	1.814008 	0.301040 	9.000000 	0.424264 	1.993897 	0.555090 	0.485412 	0.629484 	0.579871 	0.559017 	0.807775 	0.382426 	0.673146 	0.235850 	0.257391 	0.325960 	0.360555 	1.706055 	1.934716 	1.740869 	0.213600 	0.251247 	1.780449 	0.300000 	0.279509 	0.269258 	0.279509 	0.400000 	0.301040 	0.357946 	0.388104 	0.380789 	0.561805 	0.651920 	0.654313 	0.672681 	0.680074 	0.715891 	0.715017 	0.721110 	0.761577 	0.784618 	0.806226 	0.910014 	0.995301 	0.986154 	0.995615 	1.030776 	1.047020 	1.097725 	1.118034 	1.129436 	1.185591 	
0.340037 	1.409122 	0.125000 	0.424264 	9.000000 	1.587648 	0.879275 	0.800391 	0.395285 	0.355317 	0.320156 	1.209339 	0.237171 	1.076162 	0.201556 	0.190394 	0.127475 	0.100000 	1.290591 	1.522539 	1.325000 	0.388104 	0.328824 	1.360147 	0.300000 	0.350892 	0.403113 	0.427931 	0.316228 	0.505594 	0.378319 	0.406971 	0.452769 	0.775000 	0.851469 	0.789383 	0.813941 	0.855862 	0.950000 	0.883883 	0.905539 	1.000000 	0.980115 	1.004987 	0.795692 	0.941076 	0.970824 	0.965013 	0.955249 	1.047020 	1.070047 	1.063015 	1.081954 	1.113833 	
1.837457 	0.180278 	1.700000 	1.993897 	1.587648 	9.000000 	2.263846 	2.194596 	1.437228 	1.475847 	1.480076 	2.676402 	1.636498 	2.557587 	1.788854 	1.777815 	1.711177 	1.677982 	0.325960 	0.111803 	0.300000 	1.969772 	1.903943 	0.340037 	1.861619 	1.917355 	1.973100 	1.996247 	1.826369 	2.075151 	1.913766 	1.929054 	1.984471 	2.308679 	2.366036 	2.267708 	2.291970 	2.352791 	2.476010 	2.370786 	2.401172 	2.524010 	2.473863 	2.498124 	1.978952 	2.152324 	2.230051 	2.203548 	2.125588 	2.303394 	2.275549 	2.225000 	2.250000 	2.226264 	
0.539676 	2.086265 	0.764853 	0.555090 	0.879275 	2.263846 	9.000000 	0.079057 	0.832541 	0.800391 	0.805062 	0.425000 	0.693271 	0.333542 	0.751665 	0.776611 	0.831038 	0.859142 	2.020211 	2.227667 	2.055480 	0.764853 	0.806226 	2.116158 	0.853302 	0.834416 	0.818917 	0.824621 	0.952956 	0.822344 	0.912414 	0.941409 	0.927699 	1.012423 	1.095730 	1.141271 	1.153527 	1.137157 	1.117195 	1.171804 	1.165386 	1.150272 	1.210372 	1.226020 	1.461592 	1.533786 	1.513481 	1.527457 	1.573412 	1.566246 	1.625000 	1.653217 	1.662077 	1.723731 	
0.460977 	2.016495 	0.686477 	0.485412 	0.800391 	2.194596 	0.079057 	9.000000 	0.760345 	0.726722 	0.730154 	0.485412 	0.614919 	0.380789 	0.675463 	0.700446 	0.753741 	0.781425 	1.947434 	2.156676 	1.982738 	0.697316 	0.735697 	2.042211 	0.781425 	0.764853 	0.752080 	0.759111 	0.880696 	0.761577 	0.843356 	0.873212 	0.862047 	0.965013 	1.050297 	1.089151 	1.102554 	1.090011 	1.078483 	1.125000 	1.120547 	1.113833 	1.168867 	1.185591 	1.394633 	1.471819 	1.454519 	1.467353 	1.510174 	1.509346 	1.566246 	1.592365 	1.601952 	1.662077 	
0.436606 	1.258223 	0.419076 	0.629484 	0.395285 	1.437228 	0.832541 	0.760345 	9.000000 	0.050000 	0.079057 	1.239455 	0.250000 	1.120547 	0.515388 	0.522015 	0.492443 	0.480885 	1.187697 	1.396648 	1.222957 	0.711073 	0.673146 	1.285010 	0.664266 	0.704006 	0.745822 	0.770146 	0.704450 	0.838525 	0.752080 	0.784618 	0.822344 	1.122776 	1.206752 	1.162164 	1.185854 	1.219118 	1.294701 	1.250000 	1.267379 	1.343968 	1.340009 	1.364276 	1.185591 	1.335337 	1.366108 	1.360147 	1.347683 	1.442220 	1.465008 	1.456451 	1.475847 	1.505199 	
0.388104 	1.296389 	0.371652 	0.579871 	0.355317 	1.475847 	0.800391 	0.726722 	0.050000 	9.000000 	0.035355 	1.202601 	0.200000 	1.081954 	0.467039 	0.474342 	0.447214 	0.437321 	1.220912 	1.432873 	1.256234 	0.661910 	0.625000 	1.315770 	0.617454 	0.656220 	0.697316 	0.721543 	0.660492 	0.789383 	0.705780 	0.738664 	0.775403 	1.073837 	1.158123 	1.114955 	1.138530 	1.171004 	1.245492 	1.202081 	1.219118 	1.294701 	1.291559 	1.315770 	1.149184 	1.296389 	1.325236 	1.320038 	1.310057 	1.400892 	1.425219 	1.418185 	1.437228 	1.468205 	
0.371652 	1.300240 	0.340037 	0.559017 	0.320156 	1.480076 	0.805062 	0.730154 	0.079057 	0.035355 	9.000000 	1.202081 	0.176777 	1.079641 	0.436606 	0.443001 	0.413824 	0.403113 	1.219887 	1.434617 	1.255239 	0.632949 	0.594243 	1.312441 	0.585235 	0.625000 	0.667083 	0.691466 	0.626498 	0.760345 	0.673146 	0.705780 	0.743303 	1.044330 	1.128051 	1.083109 	1.106797 	1.140175 	1.216552 	1.171004 	1.188486 	1.265899 	1.261200 	1.285496 	1.113833 	1.261200 	1.290349 	1.285010 	1.274755 	1.366108 	1.390144 	1.382932 	1.402007 	1.432873 	
0.880696 	2.497624 	1.085415 	0.807775 	1.209339 	2.676402 	0.425000 	0.485412 	1.239455 	1.202601 	1.202081 	9.000000 	1.065950 	0.134629 	1.040733 	1.063602 	1.129712 	1.162970 	2.421905 	2.635455 	2.457260 	0.976281 	1.037123 	2.512469 	1.092016 	1.055047 	1.019804 	1.015197 	1.188486 	0.980115 	1.122776 	1.142639 	1.110180 	1.064483 	1.128051 	1.212693 	1.216552 	1.176860 	1.106797 	1.206752 	1.188486 	1.123610 	1.209597 	1.217580 	1.625769 	1.654728 	1.612452 	1.634396 	1.702939 	1.648105 	1.718284 	1.761391 	1.764405 	1.835926 	
0.201556 	1.456237 	0.195256 	0.382426 	0.237171 	1.636498 	0.693271 	0.614919 	0.250000 	0.200000 	0.176777 	1.065950 	9.000000 	0.938416 	0.279509 	0.291548 	0.282843 	0.285044 	1.364047 	1.585284 	1.399330 	0.467039 	0.436606 	1.449569 	0.437321 	0.469707 	0.506211 	0.529741 	0.496236 	0.594243 	0.527376 	0.561805 	0.592663 	0.879275 	0.965013 	0.929045 	0.951972 	0.980434 	1.049405 	1.012423 	1.027740 	1.098294 	1.099147 	1.123054 	1.015197 	1.149184 	1.168867 	1.167262 	1.168867 	1.241974 	1.273283 	1.273283 	1.290591 	1.328768 	
0.750000 	2.378287 	0.951972 	0.673146 	1.076162 	2.557587 	0.333542 	0.380789 	1.120547 	1.081954 	1.079641 	0.134629 	0.938416 	9.000000 	0.906228 	0.929045 	0.995301 	1.028652 	2.298369 	2.514210 	2.333720 	0.843356 	0.903466 	2.387075 	0.958188 	0.921954 	0.887764 	0.883883 	1.055047 	0.851469 	0.990581 	1.011187 	0.980115 	0.951972 	1.020110 	1.098294 	1.103687 	1.068001 	1.007782 	1.099147 	1.083109 	1.028652 	1.109617 	1.119431 	1.500000 	1.535008 	1.496036 	1.516781 	1.582127 	1.534805 	1.603317 	1.644118 	1.648105 	1.718284 	
0.237171 	1.610124 	0.100000 	0.235850 	0.201556 	1.788854 	0.751665 	0.675463 	0.515388 	0.467039 	0.436606 	1.040733 	0.279509 	0.906228 	9.000000 	0.025000 	0.090139 	0.125000 	1.492062 	1.724094 	1.526434 	0.200000 	0.158114 	1.560649 	0.160078 	0.190394 	0.230489 	0.254951 	0.235850 	0.325960 	0.250000 	0.285044 	0.313249 	0.608276 	0.691466 	0.650000 	0.673146 	0.704006 	0.781425 	0.735272 	0.752080 	0.831038 	0.824621 	0.848896 	0.772172 	0.890225 	0.901734 	0.903120 	0.915492 	0.972432 	1.009022 	1.015197 	1.030776 	1.075291 	
