Total assets = 612
Number of asset nodes = 33

Distance:
999.000000 	24.331051 	16.000000 	14.142136 	19.026299 	111.040535 	12.806249 	76.557167 	9.219544 	62.641838 	109.288612 	117.004272 	22.803509 	16.401220 	117.413795 	114.284729 	91.706055 	26.400757 	131.795303 	32.557640 	21.095022 	84.864601 	15.033297 	114.825958 	64.132675 	119.816528 	128.003906 	42.579338 	105.095192 	86.330757 	25.612497 	68.883957 	21.470911 	28.017851 	48.259712 	23.086792 	133.221619 	36.674240 	77.103828 	110.494347 	57.314919 	116.726173 	51.971146 	31.016125 	55.542778 	127.534309 	55.785301 	89.269257 	87.965904 	60.207973 	127.941391 	
24.331051 	999.000000 	8.944272 	11.661903 	7.071068 	90.520714 	36.055511 	53.338543 	29.068884 	38.626415 	87.863533 	96.176918 	10.198039 	17.804493 	96.260063 	92.849342 	68.600288 	7.000000 	111.865990 	12.806249 	16.155495 	61.269894 	29.832869 	93.085983 	39.812057 	98.081596 	106.887794 	21.095022 	82.152298 	62.393909 	20.396078 	44.553337 	26.925823 	20.024984 	25.632011 	34.828148 	111.946419 	21.931713 	52.773098 	87.321243 	34.481880 	93.813644 	30.413813 	35.468296 	34.481880 	104.847511 	34.985710 	64.938431 	63.639610 	38.483765 	105.152267 	
16.000000 	8.944272 	999.000000 	2.828427 	3.162278 	99.005051 	27.202942 	62.265560 	20.124611 	47.539455 	96.540146 	104.737770 	8.485281 	10.440307 	104.890419 	101.533249 	77.524193 	13.601471 	120.241425 	17.088007 	11.180340 	70.213959 	21.213203 	101.828285 	48.507732 	106.826965 	115.520561 	26.925823 	91.065910 	71.309189 	16.492422 	53.150730 	19.924858 	17.464249 	32.388271 	26.925823 	120.615089 	23.345236 	61.392181 	96.254868 	41.436699 	102.727798 	36.400551 	29.427877 	40.162170 	113.740936 	40.496914 	73.545906 	72.180328 	44.643028 	114.057007 	
14.142136 	11.661903 	2.828427 	999.000000 	5.099020 	101.833199 	24.738634 	65.000000 	17.464249 	50.159744 	99.357941 	107.563934 	8.944272 	8.062258 	107.712578 	104.350372 	80.262070 	16.401220 	123.069084 	18.439089 	9.848858 	72.897186 	18.384777 	104.637466 	50.960770 	109.635757 	118.342720 	28.442924 	93.813644 	73.925636 	15.231546 	55.542778 	17.464249 	16.643316 	34.132095 	24.186773 	123.434196 	23.600847 	63.788715 	98.979797 	43.185646 	105.475113 	37.854988 	27.166155 	41.484936 	116.503220 	41.761227 	75.927597 	74.525162 	46.097721 	116.811813 	
19.026299 	7.071068 	3.162278 	5.099020 	999.000000 	97.590981 	29.832869 	60.207973 	22.472204 	45.188496 	94.921021 	103.247276 	5.830952 	10.816654 	103.324730 	99.904953 	75.471848 	13.000000 	118.928551 	13.928389 	10.049875 	68.000000 	22.803509 	100.124924 	45.880280 	105.118980 	113.951744 	23.769728 	89.044930 	68.942001 	15.033297 	50.447994 	20.124611 	15.524175 	29.274563 	27.802877 	119.004204 	20.518284 	58.694122 	94.154129 	38.327538 	100.702530 	33.241539 	29.120440 	37.000000 	111.772087 	37.336308 	70.830788 	69.426216 	41.484936 	112.058022 	
111.040535 	90.520714 	99.005051 	101.833199 	97.590981 	999.000000 	123.846680 	41.629318 	118.342720 	57.706154 	7.615773 	6.324555 	99.247169 	108.245094 	8.000000 	8.062258 	30.265491 	85.632935 	21.633308 	93.005379 	105.645638 	38.832977 	120.216469 	10.816654 	61.846584 	13.341664 	17.464249 	88.323273 	23.086792 	42.296574 	108.231232 	61.032780 	116.931602 	106.400185 	83.648071 	125.255737 	22.847319 	100.702530 	57.070133 	25.553865 	80.777473 	23.345236 	86.815895 	124.016129 	88.391174 	26.248810 	89.319649 	54.009258 	56.000000 	85.702972 	27.513634 	
12.806249 	36.055511 	27.202942 	24.738634 	29.832869 	123.846680 	999.000000 	89.000000 	8.062258 	74.672615 	122.065559 	129.807556 	32.062439 	23.086792 	130.207520 	127.062973 	104.201729 	38.948685 	144.589066 	42.047592 	28.160255 	97.169952 	13.038404 	127.581345 	75.690155 	132.574509 	140.801285 	52.009613 	117.647781 	98.432716 	31.048349 	80.280754 	22.825424 	33.955853 	58.077534 	19.209373 	146.013702 	43.737854 	88.526833 	122.983742 	67.029846 	129.294235 	61.032780 	29.698484 	64.195015 	140.160629 	64.280632 	100.662804 	99.247169 	69.115845 	140.545364 	
76.557167 	53.338543 	62.265560 	65.000000 	60.207973 	41.629318 	89.000000 	999.000000 	82.365044 	16.401220 	36.891735 	46.141087 	60.605282 	70.213959 	45.486263 	41.617306 	15.264338 	50.159744 	63.063461 	53.037724 	66.843102 	9.000000 	82.927681 	41.231056 	20.248457 	46.097721 	55.803226 	47.201694 	28.844410 	12.649111 	68.622154 	20.099751 	78.102493 	66.468040 	42.190044 	86.833176 	60.440052 	59.816387 	18.973665 	34.000000 	39.217342 	40.496914 	45.188496 	84.148682 	46.818798 	51.613953 	47.759815 	24.083189 	24.758837 	44.384682 	51.865211 	
9.219544 	29.068884 	20.124611 	17.464249 	22.472204 	118.342720 	8.062258 	82.365044 	999.000000 	67.623962 	116.211014 	124.197426 	24.186773 	15.033297 	124.470879 	121.210564 	97.616600 	32.802441 	139.344894 	34.132095 	20.099751 	90.338257 	6.708204 	121.605919 	68.308128 	126.605690 	135.092560 	44.045429 	111.139549 	91.389275 	23.086792 	72.801102 	15.620500 	25.961510 	50.159744 	14.560220 	140.246216 	35.693138 	81.043198 	116.361504 	59.076221 	122.800652 	53.009434 	23.853722 	56.142673 	133.775925 	56.222771 	93.145050 	91.678787 	61.073727 	134.111893 	
62.641838 	38.626415 	47.539455 	50.159744 	45.188496 	57.706154 	74.672615 	16.401220 	67.623962 	999.000000 	53.254108 	62.433964 	44.944408 	54.708317 	61.854668 	58.008621 	31.144823 	36.674240 	79.259071 	36.878178 	51.039200 	23.021729 	67.601776 	57.628117 	6.708204 	62.481998 	72.201111 	30.805843 	44.687805 	23.769728 	52.497620 	10.630146 	62.201286 	50.249378 	25.942244 	71.028160 	76.837494 	43.416588 	16.763054 	49.406479 	24.186773 	56.222771 	29.410883 	67.896980 	31.575306 	67.475922 	32.557640 	28.160255 	27.459061 	30.016663 	67.623962 	
109.288612 	87.863533 	96.540146 	99.357941 	94.921021 	7.615773 	122.065559 	36.891735 	116.211014 	53.254108 	999.000000 	9.486833 	96.166519 	105.418213 	8.602325 	5.000000 	24.041630 	83.408630 	26.570660 	89.375610 	102.532921 	32.893768 	117.686020 	6.082763 	56.824291 	10.770329 	19.104973 	84.053551 	15.524175 	35.902645 	104.804581 	55.542778 	113.846390 	102.825096 	79.075912 	122.347862 	24.083189 	96.607452 	50.960770 	18.027756 	75.584389 	16.643316 	81.884064 	120.507263 	83.192551 	22.022715 	84.095184 	47.042534 	49.091751 	80.230919 	23.086792 	
117.004272 	96.176918 	104.737770 	107.563934 	103.247276 	6.324555 	129.807556 	46.141087 	124.197426 	62.433964 	9.486833 	999.000000 	104.737770 	113.846390 	2.828427 	6.082763 	33.526108 	91.438507 	17.088007 	98.234413 	111.126053 	42.379242 	125.936493 	8.544003 	66.189125 	8.602325 	11.180340 	93.193344 	24.020824 	45.354160 	113.569359 	65.000000 	122.429573 	111.664673 	88.323273 	130.831955 	16.552946 	105.683487 	60.440052 	25.000000 	85.000000 	21.095022 	91.241440 	129.321304 	92.612091 	21.470911 	93.520050 	56.222771 	58.309521 	89.693924 	22.825424 	
22.803509 	10.198039 	8.485281 	8.944272 	5.830952 	99.247169 	32.062439 	60.605282 	24.186773 	44.944408 	96.166519 	104.737770 	999.000000 	9.848858 	104.661362 	101.118744 	75.802376 	17.117243 	120.739388 	10.000000 	6.403124 	67.955872 	22.847319 	101.178062 	44.777225 	106.150833 	115.260574 	20.024984 	89.403580 	68.476273 	10.198039 	49.040798 	17.691807 	10.049875 	26.019224 	26.248810 	120.216469 	14.866069 	57.245087 	94.302704 	35.000000 	101.019798 	29.274563 	25.495098 	32.756680 	112.200714 	32.984844 	69.260376 	67.720009 	37.483330 	112.414413 	
16.401220 	17.804493 	10.440307 	8.062258 	10.816654 	108.245094 	23.086792 	70.213959 	15.033297 	54.708317 	105.418213 	113.846390 	9.848858 	999.000000 	113.863953 	110.390221 	85.445892 	23.706539 	129.634094 	19.416489 	5.099020 	77.698135 	13.000000 	110.535065 	54.625999 	115.520561 	124.482933 	29.154760 	99.045441 	78.294319 	9.219544 	58.872746 	9.486833 	11.661903 	35.355339 	17.029387 	129.495178 	20.880613 	67.067131 	104.009613 	44.181442 	110.679718 	38.000000 	19.104973 	41.109608 	121.827744 	41.194660 	79.056938 	77.491936 	46.043457 	122.065559 	
117.413795 	96.260063 	104.890419 	107.712578 	103.324730 	8.000000 	130.207520 	45.486263 	124.470879 	61.854668 	8.602325 	2.828427 	104.661362 	113.863953 	999.000000 	4.123106 	32.310989 	91.678787 	18.439089 	97.948967 	111.036034 	41.231056 	126.063477 	6.082763 	65.368187 	5.830952 	10.630146 	92.655273 	22.022715 	43.965897 	113.357841 	63.976559 	122.347862 	111.395691 	87.664131 	130.816666 	15.811388 	105.209312 	59.135437 	22.561028 	84.077347 	18.357559 	90.426765 	129.073624 	91.678787 	18.788294 	92.574295 	54.451813 	56.568542 	88.639717 	20.124611 	
114.284729 	92.849342 	101.533249 	104.350372 	99.904953 	8.062258 	127.062973 	41.617306 	121.210564 	58.008621 	5.000000 	6.082763 	101.118744 	110.390221 	4.123106 	999.000000 	28.231188 	88.408142 	22.561028 	94.260277 	107.480232 	37.161808 	122.674362 	2.828427 	61.400326 	6.082763 	14.212670 	88.814415 	18.000000 	39.849716 	109.713264 	59.933296 	118.793938 	107.712578 	83.761566 	127.310646 	19.104973 	101.400200 	55.027267 	18.973665 	80.062477 	15.620500 	86.452301 	125.399361 	87.658424 	18.439089 	88.549423 	50.358715 	52.469040 	84.581322 	19.646883 	
91.706055 	68.600288 	77.524193 	80.262070 	75.471848 	30.265491 	104.201729 	15.264338 	97.616600 	31.144823 	24.041630 	33.526108 	75.802376 	85.445892 	32.310989 	28.231188 	999.000000 	65.306969 	50.596443 	68.014702 	82.006096 	8.944272 	98.183502 	27.294687 	33.600594 	31.906113 	42.059483 	61.619801 	13.601471 	12.041595 	83.630135 	31.764761 	93.236259 	81.394104 	56.222771 	102.004898 	46.324940 	74.330345 	26.925823 	18.788294 	51.971146 	25.238859 	58.523499 	99.035347 	59.539902 	36.400551 	60.415230 	24.515301 	26.305893 	56.364883 	36.619667 	
26.400757 	7.000000 	13.601471 	16.401220 	13.000000 	85.632935 	38.948685 	50.159744 	32.802441 	36.674240 	83.408630 	91.438507 	17.117243 	23.706539 	91.678787 	88.408142 	65.306969 	999.000000 	106.775467 	18.788294 	22.803509 	58.523499 	34.713108 	88.814415 	39.012817 	93.813644 	102.303467 	25.455845 	78.714676 	60.166435 	27.294687 	44.000000 	33.105892 	27.018513 	28.844410 	40.496914 	107.447662 	28.460499 	52.038448 	84.095184 	37.121422 	90.354858 	34.205261 	42.059483 	38.418747 	101.212646 	39.051247 	64.124878 	63.031738 	41.880783 	101.597244 	
131.795303 	111.865990 	120.241425 	123.069084 	118.928551 	21.633308 	144.589066 	63.063461 	139.344894 	79.259071 	26.570660 	17.088007 	120.739388 	129.634094 	18.439089 	22.561028 	50.596443 	106.775467 	999.000000 	114.621117 	127.141655 	59.464275 	141.449631 	24.186773 	83.192551 	21.023796 	11.704700 	109.931801 	40.311287 	62.361847 	129.807556 	82.079231 	138.408813 	128.003906 	105.190300 	146.659470 	12.727922 	122.331520 	77.491936 	40.012497 	102.044106 	34.365681 	108.226616 	145.602203 	109.658562 	29.068884 	110.571243 	72.835434 	74.966660 	106.775467 	30.413813 	
32.557640 	12.806249 	17.088007 	18.439089 	13.928389 	93.005379 	42.047592 	53.037724 	34.132095 	36.878178 	89.375610 	98.234413 	10.000000 	19.416489 	97.948967 	94.260277 	68.014702 	18.788294 	114.621117 	999.000000 	14.866069 	59.816387 	32.280025 	94.111633 	35.846897 	99.035347 	108.466583 	10.049875 	81.565926 	59.908264 	15.620500 	39.812057 	25.553865 	13.453624 	16.031219 	34.481880 	113.278419 	10.049875 	47.927029 	86.214851 	25.000000 	93.085983 	19.416489 	31.144823 	23.086792 	104.350372 	23.409399 	59.808025 	58.189346 	27.658634 	104.484451 	
21.095022 	16.155495 	11.180340 	9.848858 	10.049875 	105.645638 	28.160255 	66.843102 	20.099751 	51.039200 	102.532921 	111.126053 	6.403124 	5.099020 	111.036034 	107.480232 	82.006096 	22.803509 	127.141655 	14.866069 	999.000000 	74.060783 	17.464249 	107.517441 	50.537113 	112.485558 	121.630585 	24.331051 	95.603348 	74.431175 	5.385165 	54.625999 	11.313708 	7.071068 	30.594116 	20.000000 	126.574089 	15.811388 	62.769421 	100.439034 	39.319206 	107.200745 	33.015148 	19.313208 	36.055511 	118.406082 	36.124783 	74.672615 	73.054771 	41.012192 	118.600166 	
84.864601 	61.269894 	70.213959 	72.897186 	68.000000 	38.832977 	97.169952 	9.000000 	90.338257 	23.021729 	32.893768 	42.379242 	67.955872 	77.698135 	41.231056 	37.161808 	8.944272 	58.523499 	59.464275 	59.816387 	74.060783 	999.000000 	90.553848 	36.235340 	24.839485 	40.816662 	51.000000 	53.037724 	21.931713 	5.000000 	75.432091 	22.825424 	85.211502 	73.109505 	47.507893 	94.047859 	55.226807 	65.764732 	18.248287 	26.400757 	43.046486 	33.301651 	49.648766 	90.686272 	50.606323 	44.598206 	51.478149 	18.357559 	19.697716 	47.423622 	44.687805 	
15.033297 	29.832869 	21.213203 	18.384777 	22.803509 	120.216469 	13.038404 	82.927681 	6.708204 	67.601776 	117.686020 	125.936493 	22.847319 	13.000000 	126.063477 	122.674362 	98.183502 	34.713108 	141.449631 	32.280025 	17.464249 	90.553848 	999.000000 	122.918671 	67.623962 	127.914032 	136.693085 	41.773197 	111.772087 	91.241440 	19.026299 	71.867935 	9.848858 	22.022715 	48.052055 	8.062258 	141.767410 	32.015621 	80.056229 	116.811813 	56.718605 	123.422043 	50.249378 	17.204651 	53.037724 	134.525085 	53.009434 	92.027168 	90.443352 	58.077534 	134.792435 	
114.825958 	93.085983 	101.828285 	104.637466 	100.124924 	10.816654 	127.581345 	41.231056 	121.605919 	57.628117 	6.082763 	8.544003 	101.178062 	110.535065 	6.082763 	2.828427 	27.294687 	88.814415 	24.186773 	94.111633 	107.517441 	36.235340 	122.918671 	999.000000 	60.745369 	5.000000 	14.764823 	88.408142 	16.124516 	38.626415 	109.622078 	59.059292 	118.827606 	107.563934 	83.234612 	127.404869 	19.209373 	101.044548 	53.851646 	16.492422 	79.259071 	12.806249 	85.755463 	125.255737 	86.833176 	16.124516 	87.709747 	48.662102 	50.803543 	83.630135 	17.262676 	
64.132675 	39.812057 	48.507732 	50.960770 	45.880280 	61.846584 	75.690155 	20.248457 	68.308128 	6.708204 	56.824291 	66.189125 	44.777225 	54.625999 	65.368187 	61.400326 	33.600594 	39.012817 	83.192551 	35.846897 	50.537113 	24.839485 	67.623962 	60.745369 	999.000000 	65.459915 	75.471848 	28.319605 	46.754681 	24.207438 	51.312767 	5.099020 	61.400326 	48.826221 	22.671568 	70.327805 	79.881165 	41.036568 	13.038404 	50.931328 	18.973665 	57.982758 	25.059929 	66.219330 	26.570660 	69.296463 	27.513634 	25.179358 	24.020824 	24.331051 	69.310890 	
119.816528 	98.081596 	106.826965 	109.635757 	105.118980 	13.341664 	132.574509 	46.097721 	126.605690 	62.481998 	10.770329 	8.602325 	106.150833 	115.520561 	5.830952 	6.082763 	31.906113 	93.813644 	21.023796 	99.035347 	112.485558 	40.816662 	127.914032 	5.000000 	65.459915 	999.000000 	10.440307 	93.236259 	19.924858 	42.953465 	114.560028 	63.631752 	123.794182 	112.485558 	88.005684 	132.382019 	14.422205 	105.891457 	58.180752 	19.000000 	83.862984 	13.601471 	90.426765 	130.176804 	91.416626 	13.000000 	92.282173 	52.392746 	54.571056 	88.119240 	14.317822 	
128.003906 	106.887794 	115.520561 	118.342720 	113.951744 	17.464249 	140.801285 	55.803226 	135.092560 	72.201111 	19.104973 	11.180340 	115.260574 	124.482933 	10.630146 	14.212670 	42.059483 	102.303467 	11.704700 	108.466583 	121.630585 	51.000000 	136.693085 	14.764823 	75.471848 	10.440307 	999.000000 	103.004852 	30.364452 	53.310413 	123.907227 	73.824112 	132.943604 	121.918007 	97.908119 	141.428421 	5.385165 	115.602768 	68.541962 	29.154760 	94.021271 	23.021729 	100.498756 	139.603012 	101.597244 	17.492855 	102.474388 	62.817196 	65.000000 	98.386993 	18.867962 	
42.579338 	21.095022 	26.925823 	28.442924 	23.769728 	88.323273 	52.009613 	47.201694 	44.045429 	30.805843 	84.053551 	93.193344 	20.024984 	29.154760 	92.655273 	88.814415 	61.619801 	25.455845 	109.931801 	10.049875 	24.331051 	53.037724 	41.773197 	88.408142 	28.319605 	93.236259 	103.004852 	999.000000 	74.966660 	52.497620 	23.769728 	31.622776 	34.176014 	21.023796 	6.324555 	43.081318 	107.615051 	12.727922 	39.446167 	79.246452 	15.033297 	86.278618 	9.486833 	38.013157 	13.416408 	97.590981 	13.892444 	50.990196 	49.244289 	17.720045 	97.621719 	
105.095192 	82.152298 	91.065910 	93.813644 	89.044930 	23.086792 	117.647781 	28.844410 	111.139549 	44.687805 	15.524175 	24.020824 	89.403580 	99.045441 	22.022715 	18.000000 	13.601471 	78.714676 	40.311287 	81.565926 	95.603348 	21.931713 	111.772087 	16.124516 	46.754681 	19.924858 	30.364452 	74.966660 	999.000000 	23.323807 	97.185387 	44.407207 	106.826965 	94.921021 	69.426216 	115.602768 	34.014702 	87.692642 	38.470768 	6.000000 	64.637451 	11.661903 	71.400284 	112.538879 	72.111023 	22.803509 	72.945183 	32.557640 	34.713108 	68.600288 	23.021729 	
86.330757 	62.393909 	71.309189 	73.925636 	68.942001 	42.296574 	98.432716 	12.649111 	91.389275 	23.769728 	35.902645 	45.354160 	68.476273 	78.294319 	43.965897 	39.849716 	12.041595 	60.166435 	62.361847 	59.908264 	74.431175 	5.000000 	91.241440 	38.626415 	24.207438 	42.953465 	53.310413 	52.497620 	23.323807 	999.000000 	75.451973 	21.260292 	85.440041 	73.006851 	46.690472 	94.339813 	57.245087 	65.192024 	15.231546 	26.907248 	41.400482 	34.058773 	48.270073 	90.426765 	48.826221 	45.343136 	49.648766 	13.416408 	14.866069 	45.276924 	45.276924 	
25.612497 	20.396078 	16.492422 	15.231546 	15.033297 	108.231232 	31.048349 	68.622154 	23.086792 	52.497620 	104.804581 	113.569359 	10.198039 	9.219544 	113.357841 	109.713264 	83.630135 	27.294687 	129.807556 	15.620500 	5.385165 	75.432091 	19.026299 	109.622078 	51.312767 	114.560028 	123.907227 	23.769728 	97.185387 	75.451973 	999.000000 	55.072678 	10.440307 	3.000000 	30.083218 	19.313208 	128.763351 	13.000000 	63.063461 	101.828285 	38.327538 	108.706024 	31.575306 	15.811388 	34.132095 	119.970833 	34.058773 	74.732857 	73.006851 	39.204590 	120.104118 	
68.883957 	44.553337 	53.150730 	55.542778 	50.447994 	61.032780 	80.280754 	20.099751 	72.801102 	10.630146 	55.542778 	65.000000 	49.040798 	58.872746 	63.976559 	59.933296 	31.764761 	44.000000 	82.079231 	39.812057 	54.625999 	22.825424 	71.867935 	59.059292 	5.099020 	63.631752 	73.824112 	31.622776 	44.407207 	21.260292 	55.072678 	999.000000 	65.299309 	52.478565 	25.612497 	74.242844 	78.032043 	44.204071 	8.246211 	48.166378 	20.248457 	55.317268 	27.018513 	69.634758 	27.784887 	66.603302 	28.653097 	20.396078 	19.104973 	24.698177 	66.528191 	
21.470911 	26.925823 	19.924858 	17.464249 	20.124611 	116.931602 	22.825424 	78.102493 	15.620500 	62.201286 	113.846390 	122.429573 	17.691807 	9.486833 	122.347862 	118.793938 	93.236259 	33.105892 	138.408813 	25.553865 	11.313708 	85.211502 	9.848858 	118.827606 	61.400326 	123.794182 	132.943604 	34.176014 	106.826965 	85.440041 	10.440307 	65.299309 	999.000000 	13.341664 	40.496914 	8.944272 	137.887634 	23.194826 	73.348480 	111.606453 	48.764740 	118.406082 	41.976185 	10.049875 	44.407207 	129.630249 	44.283180 	85.088188 	83.384651 	49.497475 	129.807556 	
28.017851 	20.024984 	17.464249 	16.643316 	15.524175 	106.400185 	33.955853 	66.468040 	25.961510 	50.249378 	102.825096 	111.664673 	10.049875 	11.661903 	111.395691 	107.712578 	81.394104 	27.018513 	128.003906 	13.453624 	7.071068 	73.109505 	22.022715 	107.563934 	48.826221 	112.485558 	121.918007 	21.023796 	94.921021 	73.006851 	3.000000 	52.478565 	13.341664 	999.000000 	27.313000 	22.135944 	126.732002 	10.000000 	60.415230 	99.488693 	35.440090 	106.404884 	28.635643 	17.691807 	31.144823 	117.686020 	31.064449 	72.013885 	70.263786 	36.221542 	117.796432 	
48.259712 	25.632011 	32.388271 	34.132095 	29.274563 	83.648071 	58.077534 	42.190044 	50.159744 	25.942244 	79.075912 	88.323273 	26.019224 	35.355339 	87.664131 	83.761566 	56.222771 	28.844410 	105.190300 	16.031219 	30.594116 	47.507893 	48.052055 	83.234612 	22.671568 	88.005684 	97.908119 	6.324555 	69.426216 	46.690472 	30.083218 	25.612497 	40.496914 	27.313000 	999.000000 	49.396355 	102.415817 	18.601076 	33.286633 	73.539108 	9.055386 	80.622574 	5.830952 	44.102154 	10.000000 	91.934761 	10.816654 	44.721359 	42.953465 	13.038404 	91.923882 	
23.086792 	34.828148 	26.925823 	24.186773 	27.802877 	125.255737 	19.209373 	86.833176 	14.560220 	71.028160 	122.347862 	130.831955 	26.248810 	17.029387 	130.816666 	127.310646 	102.004898 	40.496914 	146.659470 	34.481880 	20.000000 	94.047859 	8.062258 	127.404869 	70.327805 	132.382019 	141.428421 	43.081318 	115.602768 	94.339813 	19.313208 	74.242844 	8.944272 	22.135944 	49.396355 	999.000000 	146.413803 	31.780497 	82.292160 	120.432556 	57.567352 	127.200630 	50.695168 	10.816654 	52.952808 	138.405197 	52.773098 	94.021271 	92.309265 	58.051701 	138.600143 	
133.221619 	111.946419 	120.615089 	123.434196 	119.004204 	22.847319 	146.013702 	60.440052 	140.246216 	76.837494 	24.083189 	16.552946 	120.216469 	129.495178 	15.811388 	19.104973 	46.324940 	107.447662 	12.727922 	113.278419 	126.574089 	55.226807 	141.767410 	19.209373 	79.881165 	14.422205 	5.385165 	107.615051 	34.014702 	57.245087 	128.763351 	78.032043 	137.887634 	126.732002 	102.415817 	146.413803 	999.000000 	120.253899 	72.449982 	32.015621 	98.270035 	25.317978 	104.847511 	144.422989 	105.815880 	17.464249 	106.677086 	66.098412 	68.308128 	102.474388 	18.681541 	
36.674240 	21.931713 	23.345236 	23.600847 	20.518284 	100.702530 	43.737854 	59.816387 	35.693138 	43.416588 	96.607452 	105.683487 	14.866069 	20.880613 	105.209312 	101.400200 	74.330345 	28.460499 	122.331520 	10.049875 	15.811388 	65.764732 	32.015621 	101.044548 	41.036568 	105.891457 	115.602768 	12.727922 	87.692642 	65.192024 	13.000000 	44.204071 	23.194826 	10.000000 	18.601076 	31.780497 	120.253899 	999.000000 	51.865211 	91.967384 	26.000000 	99.005051 	18.973665 	25.553865 	21.213203 	110.317726 	21.095022 	63.134777 	61.294373 	26.305893 	110.344917 	
77.103828 	52.773098 	61.392181 	63.788715 	58.694122 	57.070133 	88.526833 	18.973665 	81.043198 	16.763054 	50.960770 	60.440052 	57.245087 	67.067131 	59.135437 	55.027267 	26.925823 	52.038448 	77.491936 	47.927029 	62.769421 	18.248287 	80.056229 	53.851646 	13.038404 	58.180752 	68.541962 	39.446167 	38.470768 	15.231546 	63.063461 	8.246211 	73.348480 	60.415230 	33.286633 	82.292160 	72.449982 	51.865211 	999.000000 	41.617306 	26.870058 	48.826221 	33.970577 	77.388626 	34.058773 	60.000000 	34.828148 	12.165525 	11.000000 	30.232433 	59.816387 	
110.494347 	87.321243 	96.254868 	98.979797 	94.154129 	25.553865 	122.983742 	34.000000 	116.361504 	49.406479 	18.027756 	25.000000 	94.302704 	104.009613 	22.561028 	18.973665 	18.788294 	84.095184 	40.012497 	86.214851 	100.439034 	26.400757 	116.811813 	16.492422 	50.931328 	19.000000 	29.154760 	79.246452 	6.000000 	26.907248 	101.828285 	48.166378 	111.606453 	99.488693 	73.539108 	120.432556 	32.015621 	91.967384 	41.617306 	999.000000 	68.249542 	7.211102 	75.166481 	117.034180 	75.604233 	18.439089 	76.400261 	34.176014 	36.400551 	71.847061 	18.384777 	
57.314919 	34.481880 	41.436699 	43.185646 	38.327538 	80.777473 	67.029846 	39.217342 	59.076221 	24.186773 	75.584389 	85.000000 	35.000000 	44.181442 	84.077347 	80.062477 	51.971146 	37.121422 	102.044106 	25.000000 	39.319206 	43.046486 	56.718605 	79.259071 	18.973665 	83.862984 	94.021271 	15.033297 	64.637451 	41.400482 	38.327538 	20.248457 	48.764740 	35.440090 	9.055386 	57.567352 	98.270035 	26.000000 	26.870058 	68.249542 	999.000000 	75.432091 	7.211102 	51.429562 	7.615773 	86.683334 	8.544003 	37.443291 	35.510563 	6.324555 	86.556343 	
116.726173 	93.813644 	102.727798 	105.475113 	100.702530 	23.345236 	129.294235 	40.496914 	122.800652 	56.222771 	16.643316 	21.095022 	101.019798 	110.679718 	18.357559 	15.620500 	25.238859 	90.354858 	34.365681 	93.085983 	107.200745 	33.301651 	123.422043 	12.806249 	57.982758 	13.601471 	23.021729 	86.278618 	11.661903 	34.058773 	108.706024 	55.317268 	118.406082 	106.404884 	80.622574 	127.200630 	25.317978 	99.005051 	48.826221 	7.211102 	75.432091 	999.000000 	82.328613 	123.987900 	82.800964 	11.313708 	83.600243 	41.231056 	43.462627 	79.056938 	11.401754 	
51.971146 	30.413813 	36.400551 	37.854988 	33.241539 	86.815895 	61.032780 	45.188496 	53.009434 	29.410883 	81.884064 	91.241440 	29.274563 	38.000000 	90.426765 	86.452301 	58.523499 	34.205261 	108.226616 	19.416489 	33.015148 	49.648766 	50.249378 	85.755463 	25.059929 	90.426765 	100.498756 	9.486833 	71.400284 	48.270073 	31.575306 	27.018513 	41.976185 	28.635643 	5.830952 	50.695168 	104.847511 	18.973665 	33.970577 	75.166481 	7.211102 	82.328613 	999.000000 	44.283180 	4.242640 	93.605553 	5.000000 	44.654228 	42.720020 	8.246211 	93.509361 	
31.016125 	35.468296 	29.427877 	27.166155 	29.120440 	124.016129 	29.698484 	84.148682 	23.853722 	67.896980 	120.507263 	129.321304 	25.495098 	19.104973 	129.073624 	125.399361 	99.035347 	42.059483 	145.602203 	31.144823 	19.313208 	90.686272 	17.204651 	125.255737 	66.219330 	130.176804 	139.603012 	38.013157 	112.538879 	90.426765 	15.811388 	69.634758 	10.049875 	17.691807 	44.102154 	10.816654 	144.422989 	25.553865 	77.388626 	117.034180 	51.429562 	123.987900 	44.283180 	999.000000 	45.880280 	135.281189 	45.541191 	88.684837 	86.833176 	50.921509 	135.369858 	
55.542778 	34.481880 	40.162170 	41.484936 	37.000000 	88.391174 	64.195015 	46.818798 	56.142673 	31.575306 	83.192551 	92.612091 	32.756680 	41.109608 	91.678787 	87.658424 	59.539902 	38.418747 	109.658562 	23.086792 	36.055511 	50.606323 	53.037724 	86.833176 	26.570660 	91.416626 	101.597244 	13.416408 	72.111023 	48.826221 	34.132095 	27.784887 	44.407207 	31.144823 	10.000000 	52.952808 	105.815880 	21.213203 	34.058773 	75.604233 	7.615773 	82.800964 	4.242640 	45.880280 	999.000000 	94.021271 	1.000000 	44.045429 	42.011902 	5.099020 	93.861603 	
127.534309 	104.847511 	113.740936 	116.503220 	111.772087 	26.248810 	140.160629 	51.613953 	133.775925 	67.475922 	22.022715 	21.470911 	112.200714 	121.827744 	18.788294 	18.439089 	36.400551 	101.212646 	29.068884 	104.350372 	118.406082 	44.598206 	134.525085 	16.124516 	69.296463 	13.000000 	17.492855 	97.590981 	22.803509 	45.343136 	119.970833 	66.603302 	129.630249 	117.686020 	91.934761 	138.405197 	17.464249 	110.317726 	60.000000 	18.439089 	86.683334 	11.313708 	93.605553 	135.281189 	94.021271 	999.000000 	94.810333 	51.884487 	54.120235 	90.210861 	1.414214 	
55.785301 	34.985710 	40.496914 	41.761227 	37.336308 	89.319649 	64.280632 	47.759815 	56.222771 	32.557640 	84.095184 	93.520050 	32.984844 	41.194660 	92.574295 	88.549423 	60.415230 	39.051247 	110.571243 	23.409399 	36.124783 	51.478149 	53.009434 	87.709747 	27.513634 	92.282173 	102.474388 	13.892444 	72.945183 	49.648766 	34.058773 	28.653097 	44.283180 	31.064449 	10.816654 	52.773098 	106.677086 	21.095022 	34.828148 	76.400261 	8.544003 	83.600243 	5.000000 	45.541191 	1.000000 	94.810333 	999.000000 	44.687805 	42.638012 	5.385165 	94.641426 	
89.269257 	64.938431 	73.545906 	75.927597 	70.830788 	54.009258 	100.662804 	24.083189 	93.145050 	28.160255 	47.042534 	56.222771 	69.260376 	79.056938 	54.451813 	50.358715 	24.515301 	64.124878 	72.835434 	59.808025 	74.672615 	18.357559 	92.027168 	48.662102 	25.179358 	52.392746 	62.817196 	50.990196 	32.557640 	13.416408 	74.732857 	20.396078 	85.088188 	72.013885 	44.721359 	94.021271 	66.098412 	63.134777 	12.165525 	34.176014 	37.443291 	41.231056 	44.654228 	88.684837 	44.045429 	51.884487 	44.687805 	999.000000 	2.236068 	39.623226 	51.478149 	
87.965904 	63.639610 	72.180328 	74.525162 	69.426216 	56.000000 	99.247169 	24.758837 	91.678787 	27.459061 	49.091751 	58.309521 	67.720009 	77.491936 	56.568542 	52.469040 	26.305893 	63.031738 	74.966660 	58.189346 	73.054771 	19.697716 	90.443352 	50.803543 	24.020824 	54.571056 	65.000000 	49.244289 	34.713108 	14.866069 	73.006851 	19.104973 	83.384651 	70.263786 	42.953465 	92.309265 	68.308128 	61.294373 	11.000000 	36.400551 	35.510563 	43.462627 	42.720020 	86.833176 	42.011902 	54.120235 	42.638012 	2.236068 	999.000000 	37.536648 	53.712196 	
60.207973 	38.483765 	44.643028 	46.097721 	41.484936 	85.702972 	69.115845 	44.384682 	61.073727 	30.016663 	80.230919 	89.693924 	37.483330 	46.043457 	88.639717 	84.581322 	56.364883 	41.880783 	106.775467 	27.658634 	41.012192 	47.423622 	58.077534 	83.630135 	24.331051 	88.119240 	98.386993 	17.720045 	68.600288 	45.276924 	39.204590 	24.698177 	49.497475 	36.221542 	13.038404 	58.051701 	102.474388 	26.305893 	30.232433 	71.847061 	6.324555 	79.056938 	8.246211 	50.921509 	5.099020 	90.210861 	5.385165 	39.623226 	37.536648 	999.000000 	90.000000 	
127.941391 	105.152267 	114.057007 	116.811813 	112.058022 	27.513634 	140.545364 	51.865211 	134.111893 	67.623962 	23.086792 	22.825424 	112.414413 	122.065559 	20.124611 	19.646883 	36.619667 	101.597244 	30.413813 	104.484451 	118.600166 	44.687805 	134.792435 	17.262676 	69.310890 	14.317822 	18.867962 	97.621719 	23.021729 	45.276924 	120.104118 	66.528191 	129.807556 	117.796432 	91.923882 	138.600143 	18.681541 	110.344917 	59.816387 	18.384777 	86.556343 	11.401754 	93.509361 	135.369858 	93.861603 	1.414214 	94.641426 	51.478149 	53.712196 	90.000000 	999.000000 	

Travel time:
9.000000 	0.608276 	0.400000 	0.353553 	0.475657 	2.776013 	0.320156 	1.913929 	0.230489 	1.566046 	2.732215 	2.925107 	0.570088 	0.410031 	2.935345 	2.857118 	2.292651 	0.660019 	3.294883 	0.813941 	0.527376 	2.121615 	0.375832 	2.870649 	1.603317 	2.995413 	3.200098 	1.064483 	2.627380 	2.158269 	0.640312 	1.722099 	0.536773 	0.700446 	1.206493 	0.577170 	3.330540 	0.916856 	1.927596 	2.762359 	1.432873 	2.918154 	1.299279 	0.775403 	1.388569 	3.188358 	1.394633 	2.231731 	2.199148 	1.505199 	3.198535 	
0.608276 	9.000000 	0.223607 	0.291548 	0.176777 	2.263018 	0.901388 	1.333464 	0.726722 	0.965660 	2.196588 	2.404423 	0.254951 	0.445112 	2.406502 	2.321234 	1.715007 	0.175000 	2.796650 	0.320156 	0.403887 	1.531747 	0.745822 	2.327150 	0.995301 	2.452040 	2.672195 	0.527376 	2.053807 	1.559848 	0.509902 	1.113833 	0.673146 	0.500625 	0.640800 	0.870704 	2.798661 	0.548293 	1.319327 	2.183031 	0.862047 	2.345341 	0.760345 	0.886707 	0.862047 	2.621188 	0.874643 	1.623461 	1.590990 	0.962094 	2.628807 	
0.400000 	0.223607 	9.000000 	0.070711 	0.079057 	2.475126 	0.680074 	1.556639 	0.503115 	1.188486 	2.413504 	2.618444 	0.212132 	0.261008 	2.622261 	2.538331 	1.938105 	0.340037 	3.006036 	0.427200 	0.279509 	1.755349 	0.530330 	2.545707 	1.212693 	2.670674 	2.888014 	0.673146 	2.276648 	1.782730 	0.412311 	1.328768 	0.498121 	0.436606 	0.809707 	0.673146 	3.015377 	0.583631 	1.534805 	2.406372 	1.035918 	2.568195 	0.910014 	0.735697 	1.004054 	2.843524 	1.012423 	1.838648 	1.804508 	1.116076 	2.851425 	
0.353553 	0.291548 	0.070711 	9.000000 	0.127475 	2.545830 	0.618466 	1.625000 	0.436606 	1.253994 	2.483948 	2.689098 	0.223607 	0.201556 	2.692814 	2.608759 	2.006552 	0.410031 	3.076727 	0.460977 	0.246221 	1.822430 	0.459619 	2.615937 	1.274019 	2.740894 	2.958568 	0.711073 	2.345341 	1.848141 	0.380789 	1.388569 	0.436606 	0.416083 	0.853302 	0.604669 	3.085855 	0.590021 	1.594718 	2.474495 	1.079641 	2.636878 	0.946375 	0.679154 	1.037123 	2.912580 	1.044031 	1.898190 	1.863129 	1.152443 	2.920295 	
0.475657 	0.176777 	0.079057 	0.127475 	9.000000 	2.439775 	0.745822 	1.505199 	0.561805 	1.129712 	2.373025 	2.581182 	0.145774 	0.270416 	2.583118 	2.497624 	1.886796 	0.325000 	2.973214 	0.348210 	0.251247 	1.700000 	0.570088 	2.503123 	1.147007 	2.627975 	2.848794 	0.594243 	2.226123 	1.723550 	0.375832 	1.261200 	0.503115 	0.388104 	0.731864 	0.695072 	2.975105 	0.512957 	1.467353 	2.353853 	0.958188 	2.517563 	0.831038 	0.728011 	0.925000 	2.794302 	0.933408 	1.770770 	1.735655 	1.037123 	2.801450 	
2.776013 	2.263018 	2.475126 	2.545830 	2.439775 	9.000000 	3.096167 	1.040733 	2.958568 	1.442654 	0.190394 	0.158114 	2.481179 	2.706127 	0.200000 	0.201556 	0.756637 	2.140823 	0.540833 	2.325135 	2.641141 	0.970824 	3.005412 	0.270416 	1.546165 	0.333542 	0.436606 	2.208082 	0.577170 	1.057414 	2.705781 	1.525820 	2.923290 	2.660005 	2.091202 	3.131393 	0.571183 	2.517563 	1.426753 	0.638847 	2.019437 	0.583631 	2.170397 	3.100403 	2.209779 	0.656220 	2.232991 	1.350231 	1.400000 	2.142574 	0.687841 	
0.320156 	0.901388 	0.680074 	0.618466 	0.745822 	3.096167 	9.000000 	2.225000 	0.201556 	1.866815 	3.051639 	3.245189 	0.801561 	0.577170 	3.255188 	3.176574 	2.605043 	0.973717 	3.614727 	1.051190 	0.704006 	2.429249 	0.325960 	3.189534 	1.892254 	3.314363 	3.520032 	1.300240 	2.941195 	2.460818 	0.776209 	2.007019 	0.570636 	0.848896 	1.451938 	0.480234 	3.650342 	1.093446 	2.213171 	3.074594 	1.675746 	3.232356 	1.525820 	0.742462 	1.604875 	3.504016 	1.607016 	2.516570 	2.481179 	1.727896 	3.513634 	
1.913929 	1.333464 	1.556639 	1.625000 	1.505199 	1.040733 	2.225000 	9.000000 	2.059126 	0.410031 	0.922293 	1.153527 	1.515132 	1.755349 	1.137157 	1.040433 	0.381608 	1.253994 	1.576586 	1.325943 	1.671077 	0.225000 	2.073192 	1.030776 	0.506211 	1.152443 	1.395081 	1.180042 	0.721110 	0.316228 	1.715554 	0.502494 	1.952562 	1.661701 	1.054751 	2.170829 	1.511001 	1.495410 	0.474342 	0.850000 	0.980434 	1.012423 	1.129712 	2.103717 	1.170470 	1.290349 	1.193995 	0.602080 	0.618971 	1.109617 	1.296630 	
0.230489 	0.726722 	0.503115 	0.436606 	0.561805 	2.958568 	0.201556 	2.059126 	9.000000 	1.690599 	2.905275 	3.104936 	0.604669 	0.375832 	3.111772 	3.030264 	2.440415 	0.820061 	3.483622 	0.853302 	0.502494 	2.258456 	0.167705 	3.040148 	1.707703 	3.165142 	3.377314 	1.101136 	2.778489 	2.284732 	0.577170 	1.820028 	0.390512 	0.649038 	1.253994 	0.364006 	3.506155 	0.892328 	2.026080 	2.909038 	1.476906 	3.070016 	1.325236 	0.596343 	1.403567 	3.344398 	1.405569 	2.328626 	2.291970 	1.526843 	3.352797 	
1.566046 	0.965660 	1.188486 	1.253994 	1.129712 	1.442654 	1.866815 	0.410031 	1.690599 	9.000000 	1.331353 	1.560849 	1.123610 	1.367708 	1.546367 	1.450216 	0.778621 	0.916856 	1.981477 	0.921954 	1.275980 	0.575543 	1.690044 	1.440703 	0.167705 	1.562050 	1.805028 	0.770146 	1.117195 	0.594243 	1.312441 	0.265754 	1.555032 	1.256234 	0.648556 	1.775704 	1.920937 	1.085415 	0.419076 	1.235162 	0.604669 	1.405569 	0.735272 	1.697425 	0.789383 	1.686898 	0.813941 	0.704006 	0.686477 	0.750417 	1.690599 	
2.732215 	2.196588 	2.413504 	2.483948 	2.373025 	0.190394 	3.051639 	0.922293 	2.905275 	1.331353 	9.000000 	0.237171 	2.404163 	2.635455 	0.215058 	0.125000 	0.601041 	2.085216 	0.664266 	2.234390 	2.563323 	0.822344 	2.942151 	0.152069 	1.420607 	0.269258 	0.477624 	2.101339 	0.388104 	0.897566 	2.620115 	1.388569 	2.846160 	2.570627 	1.976898 	3.058697 	0.602080 	2.415186 	1.274019 	0.450694 	1.889610 	0.416083 	2.047101 	3.012681 	2.079814 	0.550568 	2.102380 	1.176063 	1.227294 	2.005773 	0.577170 	
2.925107 	2.404423 	2.618444 	2.689098 	2.581182 	0.158114 	3.245189 	1.153527 	3.104936 	1.560849 	0.237171 	9.000000 	2.618444 	2.846160 	0.070711 	0.152069 	0.838153 	2.285963 	0.427200 	2.455860 	2.778151 	1.059481 	3.148412 	0.213600 	1.654728 	0.215058 	0.279509 	2.329834 	0.600521 	1.133854 	2.839234 	1.625000 	3.060739 	2.791617 	2.208082 	3.270799 	0.413824 	2.642087 	1.511001 	0.625000 	2.125000 	0.527376 	2.281036 	3.233033 	2.315302 	0.536773 	2.338001 	1.405569 	1.457738 	2.242348 	0.570636 	
0.570088 	0.254951 	0.212132 	0.223607 	0.145774 	2.481179 	0.801561 	1.515132 	0.604669 	1.123610 	2.404163 	2.618444 	9.000000 	0.246221 	2.616534 	2.527969 	1.895059 	0.427931 	3.018485 	0.250000 	0.160078 	1.698897 	0.571183 	2.529452 	1.119431 	2.653771 	2.881514 	0.500625 	2.235090 	1.711907 	0.254951 	1.226020 	0.442295 	0.251247 	0.650481 	0.656220 	3.005412 	0.371652 	1.431127 	2.357568 	0.875000 	2.525495 	0.731864 	0.637377 	0.818917 	2.805018 	0.824621 	1.731509 	1.693000 	0.937083 	2.810360 	
0.410031 	0.445112 	0.261008 	0.201556 	0.270416 	2.706127 	0.577170 	1.755349 	0.375832 	1.367708 	2.635455 	2.846160 	0.246221 	9.000000 	2.846599 	2.759756 	2.136147 	0.592663 	3.240852 	0.485412 	0.127475 	1.942453 	0.325000 	2.763377 	1.365650 	2.888014 	3.112073 	0.728869 	2.476136 	1.957358 	0.230489 	1.471819 	0.237171 	0.291548 	0.883883 	0.425735 	3.237380 	0.522015 	1.676678 	2.600240 	1.104536 	2.766993 	0.950000 	0.477624 	1.027740 	3.045694 	1.029866 	1.976424 	1.937298 	1.151086 	3.051639 	
2.935345 	2.406502 	2.622261 	2.692814 	2.583118 	0.200000 	3.255188 	1.137157 	3.111772 	1.546367 	0.215058 	0.070711 	2.616534 	2.846599 	9.000000 	0.103078 	0.807775 	2.291970 	0.460977 	2.448724 	2.775901 	1.030776 	3.151587 	0.152069 	1.634205 	0.145774 	0.265754 	2.316382 	0.550568 	1.099147 	2.833946 	1.599414 	3.058697 	2.784892 	2.191603 	3.270417 	0.395285 	2.630233 	1.478386 	0.564026 	2.101934 	0.458939 	2.260669 	3.226840 	2.291970 	0.469707 	2.314357 	1.361295 	1.414214 	2.215993 	0.503115 	
2.857118 	2.321234 	2.538331 	2.608759 	2.497624 	0.201556 	3.176574 	1.040433 	3.030264 	1.450216 	0.125000 	0.152069 	2.527969 	2.759756 	0.103078 	9.000000 	0.705780 	2.210204 	0.564026 	2.356507 	2.687006 	0.929045 	3.066859 	0.070711 	1.535008 	0.152069 	0.355317 	2.220360 	0.450000 	0.996243 	2.742832 	1.498332 	2.969848 	2.692814 	2.094039 	3.182766 	0.477624 	2.535005 	1.375682 	0.474342 	2.001562 	0.390512 	2.161308 	3.134984 	2.191461 	0.460977 	2.213736 	1.258968 	1.311726 	2.114533 	0.491172 	
2.292651 	1.715007 	1.938105 	2.006552 	1.886796 	0.756637 	2.605043 	0.381608 	2.440415 	0.778621 	0.601041 	0.838153 	1.895059 	2.136147 	0.807775 	0.705780 	9.000000 	1.632674 	1.264911 	1.700368 	2.050152 	0.223607 	2.454587 	0.682367 	0.840015 	0.797653 	1.051487 	1.540495 	0.340037 	0.301040 	2.090753 	0.794119 	2.330906 	2.034853 	1.405569 	2.550122 	1.158123 	1.858259 	0.673146 	0.469707 	1.299279 	0.630971 	1.463087 	2.475884 	1.488497 	0.910014 	1.510381 	0.612882 	0.657647 	1.409122 	0.915492 	
0.660019 	0.175000 	0.340037 	0.410031 	0.325000 	2.140823 	0.973717 	1.253994 	0.820061 	0.916856 	2.085216 	2.285963 	0.427931 	0.592663 	2.291970 	2.210204 	1.632674 	9.000000 	2.669387 	0.469707 	0.570088 	1.463087 	0.867828 	2.220360 	0.975320 	2.345341 	2.557587 	0.636396 	1.967867 	1.504161 	0.682367 	1.100000 	0.827647 	0.675463 	0.721110 	1.012423 	2.686192 	0.711512 	1.300961 	2.102380 	0.928036 	2.258872 	0.855132 	1.051487 	0.960469 	2.530316 	0.976281 	1.603122 	1.575794 	1.047020 	2.539931 	
3.294883 	2.796650 	3.006036 	3.076727 	2.973214 	0.540833 	3.614727 	1.576586 	3.483622 	1.981477 	0.664266 	0.427200 	3.018485 	3.240852 	0.460977 	0.564026 	1.264911 	2.669387 	9.000000 	2.865528 	3.178541 	1.486607 	3.536241 	0.604669 	2.079814 	0.525595 	0.292617 	2.748295 	1.007782 	1.559046 	3.245189 	2.051981 	3.460220 	3.200098 	2.629757 	3.666487 	0.318198 	3.058288 	1.937298 	1.000312 	2.551103 	0.859142 	2.705665 	3.640055 	2.741464 	0.726722 	2.764281 	1.820886 	1.874166 	2.669387 	0.760345 	
0.813941 	0.320156 	0.427200 	0.460977 	0.348210 	2.325135 	1.051190 	1.325943 	0.853302 	0.921954 	2.234390 	2.455860 	0.250000 	0.485412 	2.448724 	2.356507 	1.700368 	0.469707 	2.865528 	9.000000 	0.371652 	1.495410 	0.807001 	2.352791 	0.896172 	2.475884 	2.711665 	0.251247 	2.039148 	1.497707 	0.390512 	0.995301 	0.638847 	0.336341 	0.400780 	0.862047 	2.831960 	0.251247 	1.198176 	2.155371 	0.625000 	2.327150 	0.485412 	0.778621 	0.577170 	2.608759 	0.585235 	1.495201 	1.454734 	0.691466 	2.612111 	
0.527376 	0.403887 	0.279509 	0.246221 	0.251247 	2.641141 	0.704006 	1.671077 	0.502494 	1.275980 	2.563323 	2.778151 	0.160078 	0.127475 	2.775901 	2.687006 	2.050152 	0.570088 	3.178541 	0.371652 	9.000000 	1.851520 	0.436606 	2.687936 	1.263428 	2.812139 	3.040765 	0.608276 	2.390084 	1.860779 	0.134629 	1.365650 	0.282843 	0.176777 	0.764853 	0.500000 	3.164352 	0.395285 	1.569236 	2.510976 	0.982980 	2.680019 	0.825379 	0.482830 	0.901388 	2.960152 	0.903120 	1.866815 	1.826369 	1.025305 	2.965004 	
