Total assets = 840
Number of asset nodes = 50

Distance:
999.000000 	81.024689 	82.927681 	78.236816 	82.152298 	79.924965 	78.230431 	77.175125 	67.882248 	66.528191 	65.855904 	65.053825 	77.826729 	63.655323 	62.936478 	60.959003 	58.694122 	58.728188 	62.433964 	62.769421 	60.745369 	61.057350 	62.265560 	55.865910 	55.973209 	59.682495 	58.830265 	57.688820 	59.481091 	55.470715 	53.712196 	23.769728 	21.400934 	21.095022 	42.190044 	21.189621 	17.804493 	18.357559 	43.566040 	17.029387 	42.755116 	38.639359 	35.510563 	46.097721 	41.000000 	37.854988 	14.212670 	14.422205 	14.764823 	39.051247 	37.107952 	
81.024689 	999.000000 	3.162278 	2.828427 	5.656854 	5.385165 	5.000000 	7.000000 	18.027756 	17.117243 	17.262676 	20.024984 	11.401754 	20.223749 	21.213203 	26.019224 	25.495098 	26.305893 	19.104973 	19.209373 	20.518284 	20.518284 	20.000000 	27.202942 	26.000000 	21.931713 	22.627417 	23.430750 	23.853722 	27.018513 	30.232433 	62.241467 	60.901562 	62.177166 	56.364883 	64.884514 	64.140472 	64.884514 	58.694122 	64.070274 	60.008331 	60.827625 	61.400326 	60.745369 	61.741398 	62.177166 	67.416618 	67.742157 	68.095520 	62.609905 	63.529522 	
82.927681 	3.162278 	999.000000 	5.099020 	3.162278 	4.123106 	5.000000 	6.708204 	21.095022 	20.024984 	20.099751 	23.000000 	10.000000 	23.086792 	24.083189 	29.000000 	28.284271 	29.154760 	20.615528 	20.518284 	22.203604 	22.022715 	21.213203 	29.832869 	28.460499 	23.430750 	24.207438 	25.238859 	24.839485 	28.284271 	31.240999 	64.621979 	63.063461 	64.404968 	56.824291 	67.230942 	66.241982 	67.082039 	59.033890 	66.037865 	60.373837 	61.400326 	62.128899 	60.926186 	62.177166 	62.769421 	69.462219 	69.835518 	70.235321 	63.134777 	64.140472 	
78.236816 	2.828427 	5.099020 	999.000000 	6.324555 	5.000000 	3.605551 	5.385165 	16.278820 	15.000000 	15.033297 	18.027756 	10.295630 	18.027756 	19.026299 	24.020824 	23.194826 	24.083189 	16.278820 	16.401220 	17.691807 	17.691807 	17.204651 	24.738634 	23.409399 	19.104973 	19.798990 	20.615528 	21.095022 	24.207438 	27.459061 	59.615433 	58.180752 	59.481091 	53.712196 	62.241467 	61.400326 	62.177166 	56.080299 	61.294373 	57.384666 	58.137768 	58.668560 	58.189346 	59.093147 	59.481091 	64.660652 	65.000000 	65.368187 	59.933296 	60.827625 	
82.152298 	5.656854 	3.162278 	6.324555 	999.000000 	2.236068 	4.123106 	5.000000 	22.561028 	21.095022 	21.023796 	24.186773 	7.071068 	24.020824 	25.019993 	30.149628 	29.017237 	30.000000 	19.723083 	19.416489 	21.470911 	21.095022 	20.000000 	30.265491 	28.635643 	22.472204 	23.323807 	24.596748 	23.345236 	27.018513 	29.698484 	64.513565 	62.649822 	64.078079 	54.708317 	67.067131 	65.741920 	66.708321 	56.824291 	65.368187 	58.180752 	59.363289 	60.216278 	58.600342 	60.033325 	60.745369 	68.883957 	69.318108 	69.778221 	61.057350 	62.128899 	
79.924965 	5.385165 	4.123106 	5.000000 	2.236068 	999.000000 	2.000000 	2.828427 	20.880613 	19.235384 	19.104973 	22.360680 	6.082763 	22.090721 	23.086792 	28.284271 	27.000000 	28.017851 	17.492855 	17.204651 	19.235384 	18.867962 	17.804493 	28.160255 	26.476404 	20.248457 	21.095022 	22.360680 	21.213203 	24.839485 	27.586229 	62.297672 	60.415230 	61.846584 	52.839378 	64.845970 	63.505905 	64.474800 	55.009090 	63.134777 	56.356010 	57.454330 	58.249462 	56.859474 	58.180752 	58.830265 	66.648331 	67.082039 	67.542580 	59.169250 	60.207973 	
78.230431 	5.000000 	5.000000 	3.605551 	4.123106 	2.000000 	999.000000 	2.000000 	18.973665 	17.262676 	17.117243 	20.396078 	6.708204 	20.099751 	21.095022 	26.305893 	25.000000 	26.019224 	15.811388 	15.620500 	17.492855 	17.204651 	16.278820 	26.172504 	24.515301 	18.601076 	19.416489 	20.591261 	19.849434 	23.345236 	26.248810 	60.406952 	58.600342 	60.008331 	51.884487 	62.968246 	61.717098 	62.649822 	54.129475 	61.400326 	55.461697 	56.435802 	57.140179 	56.080299 	57.245087 	57.801384 	64.884514 	65.299309 	65.741920 	58.180752 	59.169250 	
77.175125 	7.000000 	6.708204 	5.385165 	5.000000 	2.828427 	2.000000 	999.000000 	19.697716 	17.720045 	17.464249 	20.880613 	5.000000 	20.396078 	21.377558 	26.683329 	25.079872 	26.172504 	14.764823 	14.422205 	16.552946 	16.124516 	15.000000 	26.019224 	24.186773 	17.492855 	18.357559 	19.697716 	18.384777 	22.022715 	24.758837 	59.774578 	57.775429 	59.236813 	50.119858 	62.297672 	60.835846 	61.846584 	52.325901 	60.415230 	53.665630 	54.708317 	55.470715 	54.230988 	55.470715 	56.080299 	63.953106 	64.404968 	64.884514 	56.435802 	57.454330 	
67.882248 	18.027756 	21.095022 	16.278820 	22.561028 	20.880613 	18.973665 	19.697716 	999.000000 	3.162278 	4.123106 	2.828427 	24.186773 	4.472136 	5.000000 	8.246211 	9.219544 	9.433981 	15.811388 	17.088007 	15.297058 	16.492422 	18.027756 	12.041595 	12.529964 	17.262676 	17.117243 	16.000000 	21.587032 	22.022715 	26.019224 	46.872166 	46.754681 	47.634022 	52.345009 	49.648766 	50.249378 	50.447994 	55.226807 	50.931328 	56.320511 	55.901699 	55.542778 	58.077534 	57.558666 	57.070133 	53.758720 	53.814495 	53.907330 	57.870544 	58.249462 	
66.528191 	17.117243 	20.024984 	15.000000 	21.095022 	19.235384 	17.262676 	17.720045 	3.162278 	999.000000 	1.000000 	3.162278 	21.931713 	3.162278 	4.123106 	9.055386 	8.544003 	9.219544 	12.649111 	13.928389 	12.165525 	13.341664 	14.866069 	10.816654 	10.630146 	14.142136 	14.035668 	13.038404 	18.439089 	19.000000 	23.000000 	46.141087 	45.607018 	46.615448 	49.497475 	48.877399 	49.040798 	49.406479 	52.345009 	49.517673 	53.460266 	53.150730 	52.886673 	55.145264 	54.744862 	54.341511 	52.497620 	52.630791 	52.801514 	55.108982 	55.542778 	
65.855904 	17.262676 	20.099751 	15.033297 	21.023796 	19.104973 	17.117243 	17.464249 	4.123106 	1.000000 	999.000000 	3.605551 	21.540659 	3.000000 	4.000000 	9.219544 	8.246211 	9.055386 	11.704700 	13.000000 	11.180340 	12.369317 	13.928389 	10.295630 	9.899495 	13.152946 	13.038404 	12.041595 	17.464249 	18.000000 	22.000000 	45.650848 	45.000000 	46.043457 	48.507732 	48.373547 	48.414875 	48.826221 	51.351727 	48.836460 	52.469040 	52.172791 	51.923019 	54.147945 	53.758720 	53.366657 	51.855568 	52.009613 	52.201534 	54.129475 	54.571056 	
65.053825 	20.024984 	23.000000 	18.027756 	24.186773 	22.360680 	20.396078 	20.880613 	2.828427 	3.162278 	3.605551 	999.000000 	25.079872 	2.000000 	2.236068 	6.000000 	6.403124 	6.708204 	14.764823 	16.124516 	13.928389 	15.231546 	17.000000 	9.219544 	9.848858 	15.811388 	15.524175 	14.142136 	20.248457 	20.223749 	24.186773 	44.102154 	43.931767 	44.821869 	50.159744 	46.872166 	47.423622 	47.634022 	53.084839 	48.104053 	54.147945 	53.600372 	53.150730 	56.008926 	55.326305 	54.744862 	50.931328 	50.990196 	51.088158 	55.578773 	55.901699 	
77.826729 	11.401754 	10.000000 	10.295630 	7.071068 	6.082763 	6.708204 	5.000000 	24.186773 	21.931713 	21.540659 	25.079872 	999.000000 	24.351591 	25.298222 	30.675724 	28.635643 	29.832869 	16.278820 	15.524175 	18.248287 	17.464249 	15.811388 	29.154760 	27.018513 	18.681541 	19.646883 	21.377558 	18.357559 	22.360680 	24.413111 	61.611687 	59.135437 	60.728905 	48.259712 	64.031242 	62.032249 	63.245552 	50.249378 	61.326992 	51.623638 	53.009434 	54.037025 	51.884487 	53.535034 	54.405884 	65.000000 	65.551506 	66.128662 	54.644306 	55.803226 	
63.655323 	20.223749 	23.086792 	18.027756 	24.020824 	22.090721 	20.099751 	20.396078 	4.472136 	3.162278 	3.000000 	2.000000 	24.351591 	999.000000 	1.000000 	6.324555 	5.385165 	6.082763 	13.038404 	14.422205 	12.083046 	13.416408 	15.264338 	7.810250 	8.062258 	13.928389 	13.601471 	12.165525 	18.384777 	18.248287 	22.203604 	43.046486 	42.638012 	43.600460 	48.166378 	45.793011 	46.097721 	46.400433 	51.088158 	46.669048 	52.153618 	51.623638 	51.195702 	54.009258 	53.338543 	52.773098 	49.578220 	49.678970 	49.819675 	53.600372 	53.935146 	
62.936478 	21.213203 	24.083189 	19.026299 	25.019993 	23.086792 	21.095022 	21.377558 	5.000000 	4.123106 	4.000000 	2.236068 	25.298222 	1.000000 	999.000000 	5.385165 	4.472136 	5.099020 	13.601471 	15.000000 	12.529964 	13.892444 	15.811388 	7.071068 	7.615773 	14.317822 	13.928389 	12.369317 	18.788294 	18.439089 	22.360680 	42.190044 	41.868843 	42.801868 	48.093658 	44.944408 	45.343136 	45.607018 	51.039200 	45.967381 	52.086468 	51.478149 	50.990196 	54.000000 	53.235325 	52.611786 	48.836460 	48.918301 	49.040798 	53.460266 	53.758720 	
60.959003 	26.019224 	29.000000 	24.020824 	30.149628 	28.284271 	26.305893 	26.683329 	8.246211 	9.055386 	9.219544 	6.000000 	30.675724 	6.324555 	5.385165 	999.000000 	4.123106 	3.000000 	18.384777 	19.798990 	17.029387 	18.439089 	20.518284 	7.000000 	9.219544 	18.601076 	18.027756 	16.124516 	23.021729 	21.931713 	25.632011 	39.204590 	39.623226 	40.311287 	50.039986 	42.011902 	43.185646 	43.139309 	53.084839 	44.204071 	54.037025 	53.037724 	52.239830 	56.222771 	55.000000 	54.083271 	46.754681 	46.690472 	46.669048 	55.036350 	55.145264 	
58.694122 	25.495098 	28.284271 	23.194826 	29.017237 	27.000000 	25.000000 	25.079872 	9.219544 	8.544003 	8.246211 	6.403124 	28.635643 	5.385165 	4.472136 	4.123106 	999.000000 	1.414214 	15.000000 	16.401220 	13.453624 	14.866069 	17.029387 	3.162278 	5.099020 	14.866069 	14.212670 	12.206555 	19.209373 	17.888544 	21.540659 	37.735924 	37.536648 	38.418747 	46.010868 	40.496914 	41.036568 	41.231056 	49.040798 	41.773197 	50.009998 	49.091751 	48.373547 	52.153618 	51.009804 	50.159744 	44.553337 	44.598206 	44.687805 	51.088158 	51.244511 	
58.728188 	26.305893 	29.154760 	24.083189 	30.000000 	28.017851 	26.019224 	26.172504 	9.433981 	9.219544 	9.055386 	6.708204 	29.832869 	6.082763 	5.099020 	3.000000 	1.414214 	999.000000 	16.401220 	17.804493 	14.866069 	16.278820 	18.439089 	4.000000 	6.324555 	16.278820 	15.620500 	13.601471 	20.615528 	19.235384 	22.847319 	37.443291 	37.483330 	38.288380 	47.042534 	40.224369 	41.012192 	41.109608 	50.089920 	41.868843 	51.039200 	50.039986 	49.254440 	53.235325 	52.000000 	51.088158 	44.553337 	44.553337 	44.598206 	52.038448 	52.153618 	
62.433964 	19.104973 	20.615528 	16.278820 	19.723083 	17.492855 	15.811388 	14.764823 	15.811388 	12.649111 	11.704700 	14.764823 	16.278820 	13.038404 	13.601471 	18.384777 	15.000000 	16.401220 	999.000000 	1.414214 	2.000000 	1.414214 	2.236068 	14.317822 	11.704700 	2.828427 	3.605551 	5.099020 	6.000000 	8.062258 	11.704700 	45.354160 	43.081318 	44.598206 	38.600517 	47.801674 	46.097721 	47.169907 	41.231056 	45.650848 	42.449970 	42.720020 	42.953465 	43.737854 	43.965897 	44.011364 	49.193497 	49.658836 	50.159744 	44.598206 	45.310043 	
62.769421 	19.209373 	20.518284 	16.401220 	19.416489 	17.204651 	15.620500 	14.422205 	17.088007 	13.928389 	13.000000 	16.124516 	15.524175 	14.422205 	15.000000 	19.798990 	16.401220 	17.804493 	1.414214 	999.000000 	3.162278 	2.000000 	1.000000 	15.652476 	13.000000 	3.162278 	4.123106 	6.000000 	5.099020 	7.810250 	11.180340 	46.097721 	43.657761 	45.221676 	37.947330 	48.507732 	46.615448 	47.759815 	40.521599 	46.065170 	41.761227 	42.154476 	42.485291 	42.953465 	43.324360 	43.462627 	49.658836 	50.159744 	50.695168 	44.011364 	44.777225 	
60.745369 	20.518284 	22.203604 	17.691807 	21.470911 	19.235384 	17.492855 	16.552946 	15.297058 	12.165525 	11.180340 	13.928389 	18.248287 	12.083046 	12.529964 	17.029387 	13.453624 	14.866069 	2.000000 	3.162278 	999.000000 	1.414214 	3.605551 	12.529964 	9.848858 	2.000000 	2.236068 	3.162278 	6.324555 	7.280110 	11.180340 	43.416588 	41.231056 	42.720020 	38.078865 	45.880280 	44.283180 	45.310043 	40.792156 	43.908997 	41.976185 	42.059483 	42.154476 	43.416588 	43.416588 	43.324360 	47.413078 	47.853943 	48.332184 	43.965897 	44.598206 	
61.057350 	20.518284 	22.022715 	17.691807 	21.095022 	18.867962 	17.204651 	16.124516 	16.492422 	13.341664 	12.369317 	15.231546 	17.464249 	13.416408 	13.892444 	18.439089 	14.866069 	16.278820 	1.414214 	2.000000 	1.414214 	999.000000 	2.236068 	13.892444 	11.180340 	1.414214 	2.236068 	4.000000 	5.099020 	6.708204 	10.440307 	44.147480 	41.785164 	43.324360 	37.363083 	46.572525 	44.777225 	45.880280 	40.024994 	44.294468 	41.231056 	41.436699 	41.629318 	42.579338 	42.720020 	42.720020 	47.853943 	48.332184 	48.846699 	43.324360 	44.011364 	
62.265560 	20.000000 	21.213203 	17.204651 	20.000000 	17.804493 	16.278820 	15.000000 	18.027756 	14.866069 	13.928389 	17.000000 	15.811388 	15.264338 	15.811388 	20.518284 	17.029387 	18.439089 	2.236068 	1.000000 	3.605551 	2.236068 	999.000000 	16.124516 	13.416408 	3.000000 	4.000000 	6.082763 	4.123106 	7.071068 	10.295630 	45.891174 	43.324360 	44.922153 	37.000000 	48.270073 	46.238514 	47.434166 	39.560081 	45.617977 	40.804413 	41.231056 	41.593269 	41.976185 	42.379242 	42.544094 	49.244289 	49.769470 	50.328918 	43.081318 	43.863426 	
55.865910 	27.202942 	29.832869 	24.738634 	30.265491 	28.160255 	26.172504 	26.019224 	12.041595 	10.816654 	10.295630 	9.219544 	29.154760 	7.810250 	7.071068 	7.000000 	3.162278 	4.000000 	14.317822 	15.652476 	12.529964 	13.892444 	16.124516 	999.000000 	2.828427 	13.601471 	12.806249 	10.630146 	17.691807 	15.811388 	19.235384 	35.355339 	34.828148 	35.805027 	43.046486 	38.078865 	38.288380 	38.600517 	46.097721 	38.897301 	47.042534 	46.043457 	45.276924 	49.254440 	48.000000 	47.095646 	41.773197 	41.868843 	42.011902 	48.041649 	48.166378 	
55.973209 	26.000000 	28.460499 	23.409399 	28.635643 	26.476404 	24.515301 	24.186773 	12.529964 	10.630146 	9.899495 	9.848858 	27.018513 	8.062258 	7.615773 	9.219544 	5.099020 	6.324555 	11.704700 	13.000000 	9.848858 	11.180340 	13.416408 	2.828427 	999.000000 	10.816654 	10.000000 	7.810250 	14.866069 	13.038404 	16.552946 	36.249138 	35.227829 	36.359318 	41.000000 	38.910152 	38.600517 	39.115215 	44.011364 	38.948685 	45.000000 	44.181442 	43.566040 	47.095646 	46.043457 	45.276924 	42.011902 	42.201897 	42.438190 	46.173584 	46.389652 	
59.682495 	21.931713 	23.430750 	19.104973 	22.472204 	20.248457 	18.601076 	17.492855 	17.262676 	14.142136 	13.152946 	15.811388 	18.681541 	13.928389 	14.317822 	18.601076 	14.866069 	16.278820 	2.828427 	3.162278 	2.000000 	1.414214 	3.000000 	13.601471 	10.816654 	999.000000 	1.000000 	3.162278 	4.472136 	5.385165 	9.219544 	42.953465 	40.496914 	42.059483 	36.138622 	45.354160 	43.462627 	44.598206 	38.832977 	42.941822 	40.024994 	40.162170 	40.311287 	41.436699 	41.484936 	41.436699 	46.518814 	47.010635 	47.539455 	42.059483 	42.720020 	
58.830265 	22.627417 	24.207438 	19.798990 	23.323807 	21.095022 	19.416489 	18.357559 	17.117243 	14.035668 	13.038404 	15.524175 	19.646883 	13.601471 	13.928389 	18.027756 	14.212670 	15.620500 	3.605551 	4.123106 	2.236068 	2.236068 	4.000000 	12.806249 	10.000000 	1.000000 	999.000000 	2.236068 	5.000000 	5.099020 	9.055386 	41.976185 	39.560081 	41.109608 	35.902645 	44.384682 	42.544094 	43.657761 	38.639359 	42.059483 	39.812057 	39.849716 	39.924931 	41.303753 	41.231056 	41.109608 	45.617977 	46.097721 	46.615448 	41.761227 	42.379242 	
57.688820 	23.430750 	25.238859 	20.615528 	24.596748 	22.360680 	20.591261 	19.697716 	16.000000 	13.038404 	12.041595 	14.142136 	21.377558 	12.165525 	12.369317 	16.124516 	12.206555 	13.601471 	5.099020 	6.000000 	3.162278 	4.000000 	6.082763 	10.630146 	7.810250 	3.162278 	2.236068 	999.000000 	7.071068 	6.082763 	10.049875 	40.261642 	38.078865 	39.560081 	36.496574 	42.720020 	41.146080 	42.154476 	39.319206 	40.816662 	40.447498 	40.261642 	40.162170 	42.107006 	41.773197 	41.484936 	44.294468 	44.721359 	45.188496 	42.201897 	42.720020 	
59.481091 	23.853722 	24.839485 	21.095022 	23.345236 	21.213203 	19.849434 	18.384777 	21.587032 	18.439089 	17.464249 	20.248457 	18.357559 	18.384777 	18.788294 	23.021729 	19.209373 	20.615528 	6.000000 	5.099020 	6.324555 	5.099020 	4.123106 	17.691807 	14.866069 	4.472136 	5.000000 	7.071068 	999.000000 	4.123106 	6.403124 	44.283180 	41.231056 	42.953465 	32.893768 	46.529560 	43.965897 	45.354160 	35.440090 	43.081318 	36.687874 	37.161808 	37.589893 	37.854988 	38.275318 	38.483765 	46.818798 	47.434166 	48.083260 	39.000000 	39.812057 	
55.470715 	27.018513 	28.284271 	24.207438 	27.018513 	24.839485 	23.345236 	22.022715 	22.022715 	19.000000 	18.000000 	20.223749 	22.360680 	18.248287 	18.439089 	21.931713 	17.888544 	19.235384 	8.062258 	7.810250 	7.280110 	6.708204 	7.071068 	15.811388 	13.038404 	5.385165 	5.099020 	6.082763 	4.123106 	999.000000 	4.000000 	40.199501 	37.107952 	38.832977 	30.805843 	42.426407 	39.849716 	41.231056 	33.541019 	39.000000 	34.713108 	34.785053 	34.928497 	36.221542 	36.138622 	36.055511 	42.720020 	43.324360 	43.965897 	36.687874 	37.336308 	
53.712196 	30.232433 	31.240999 	27.459061 	29.698484 	27.586229 	26.248810 	24.758837 	26.019224 	23.000000 	22.000000 	24.186773 	24.413111 	22.203604 	22.360680 	25.632011 	21.540659 	22.847319 	11.704700 	11.180340 	11.180340 	10.440307 	10.295630 	19.235384 	16.552946 	9.219544 	9.055386 	10.049875 	6.403124 	4.000000 	999.000000 	40.000000 	36.345562 	38.209946 	26.925823 	42.047592 	38.832977 	40.447498 	29.614185 	37.643059 	30.805843 	31.016125 	31.304953 	32.249031 	32.280025 	32.310989 	41.484936 	42.201897 	42.953465 	32.893768 	33.615471 	
23.769728 	62.241467 	64.621979 	59.615433 	64.513565 	62.297672 	60.406952 	59.774578 	46.872166 	46.141087 	45.650848 	44.102154 	61.611687 	43.046486 	42.190044 	39.204590 	37.735924 	37.443291 	45.354160 	46.097721 	43.416588 	44.147480 	45.891174 	35.355339 	36.249138 	42.953465 	41.976185 	40.261642 	44.283180 	40.199501 	40.000000 	999.000000 	6.403124 	4.472136 	42.011902 	2.828427 	8.246211 	6.000000 	44.687805 	11.704700 	44.598206 	41.012192 	38.209946 	48.166378 	43.840622 	41.036568 	11.000000 	10.049875 	9.219544 	42.449970 	41.109608 	
21.400934 	60.901562 	63.063461 	58.180752 	62.649822 	60.415230 	58.600342 	57.775429 	46.754681 	45.607018 	45.000000 	43.931767 	59.135437 	42.638012 	41.868843 	39.623226 	37.536648 	37.483330 	43.081318 	43.657761 	41.231056 	41.785164 	43.324360 	34.828148 	35.227829 	40.496914 	39.560081 	38.078865 	41.231056 	37.107952 	36.345562 	6.403124 	999.000000 	2.236068 	35.805027 	6.708204 	3.605551 	4.123106 	38.418747 	6.000000 	38.288380 	34.655445 	31.827662 	41.868843 	37.483330 	34.655445 	7.211102 	7.071068 	7.211102 	36.069378 	34.713108 	
21.095022 	62.177166 	64.404968 	59.481091 	64.078079 	61.846584 	60.008331 	59.236813 	47.634022 	46.615448 	46.043457 	44.821869 	60.728905 	43.600460 	42.801868 	40.311287 	38.418747 	38.288380 	44.598206 	45.221676 	42.720020 	43.324360 	44.922153 	35.805027 	36.359318 	42.059483 	41.109608 	39.560081 	42.953465 	38.832977 	38.209946 	4.472136 	2.236068 	999.000000 	38.013157 	4.472136 	4.000000 	2.828427 	40.607880 	7.280110 	40.459858 	36.796738 	33.941124 	44.045429 	39.623226 	36.769554 	7.280110 	6.708204 	6.403124 	38.183765 	36.796738 	
42.190044 	56.364883 	56.824291 	53.712196 	54.708317 	52.839378 	51.884487 	50.119858 	52.345009 	49.497475 	48.507732 	50.159744 	48.259712 	48.166378 	48.093658 	50.039986 	46.010868 	47.042534 	38.600517 	37.947330 	38.078865 	37.363083 	37.000000 	43.046486 	41.000000 	36.138622 	35.902645 	36.496574 	32.893768 	30.805843 	26.925823 	42.011902 	35.805027 	38.013157 	999.000000 	42.438190 	35.846897 	38.587563 	3.162278 	32.649654 	4.000000 	5.000000 	7.280110 	6.708204 	5.385165 	6.403124 	36.249138 	37.576588 	38.910152 	6.403124 	7.810250 	
21.189621 	64.884514 	67.230942 	62.241467 	67.067131 	64.845970 	62.968246 	62.297672 	49.648766 	48.877399 	48.373547 	46.872166 	64.031242 	45.793011 	44.944408 	42.011902 	40.496914 	40.224369 	47.801674 	48.507732 	45.880280 	46.572525 	48.270073 	38.078865 	38.910152 	45.354160 	44.384682 	42.720020 	46.529560 	42.426407 	42.047592 	2.828427 	6.708204 	4.472136 	42.438190 	999.000000 	7.211102 	4.472136 	45.000000 	10.816654 	44.821869 	41.109608 	38.209946 	48.414875 	43.931767 	41.036568 	9.219544 	8.062258 	7.000000 	42.449970 	41.012192 	
17.804493 	64.140472 	66.241982 	61.400326 	65.741920 	63.505905 	61.717098 	60.835846 	50.249378 	49.040798 	48.414875 	47.423622 	62.032249 	46.097721 	45.343136 	43.185646 	41.036568 	41.012192 	46.097721 	46.615448 	44.283180 	44.777225 	46.238514 	38.288380 	38.600517 	43.462627 	42.544094 	41.146080 	43.965897 	39.849716 	38.832977 	8.246211 	3.605551 	4.000000 	35.846897 	7.211102 	999.000000 	2.828427 	38.275318 	3.605551 	38.013157 	34.205261 	31.240999 	41.617306 	37.013512 	34.058773 	3.605551 	3.605551 	4.123106 	35.468296 	33.970577 	
18.357559 	64.884514 	67.082039 	62.177166 	66.708321 	64.474800 	62.649822 	61.846584 	50.447994 	49.406479 	48.826221 	47.634022 	63.245552 	46.400433 	45.607018 	43.139309 	41.231056 	41.109608 	47.169907 	47.759815 	45.310043 	45.880280 	47.434166 	38.600517 	39.115215 	44.598206 	43.657761 	42.154476 	45.354160 	41.231056 	40.447498 	6.000000 	4.123106 	2.828427 	38.587563 	4.472136 	2.828427 	999.000000 	41.048752 	6.403124 	40.804413 	37.013512 	34.058773 	44.407207 	39.824615 	36.878178 	5.000000 	4.123106 	3.605551 	38.288380 	36.796738 	
43.566040 	58.694122 	59.033890 	56.080299 	56.824291 	55.009090 	54.129475 	52.325901 	55.226807 	52.345009 	51.351727 	53.084839 	50.249378 	51.088158 	51.039200 	53.084839 	49.040798 	50.089920 	41.231056 	40.521599 	40.792156 	40.024994 	39.560081 	46.097721 	44.011364 	38.832977 	38.639359 	39.319206 	35.440090 	33.541019 	29.614185 	44.687805 	38.418747 	40.607880 	3.162278 	45.000000 	38.275318 	41.048752 	999.000000 	34.985710 	1.414214 	5.000000 	8.062258 	3.605551 	3.605551 	6.082763 	38.470768 	39.824615 	41.182522 	5.385165 	7.280110 	
17.029387 	64.070274 	66.037865 	61.294373 	65.368187 	63.134777 	61.400326 	60.415230 	50.931328 	49.517673 	48.836460 	48.104053 	61.326992 	46.669048 	45.967381 	44.204071 	41.773197 	41.868843 	45.650848 	46.065170 	43.908997 	44.294468 	45.617977 	38.897301 	38.948685 	42.941822 	42.059483 	40.816662 	43.081318 	39.000000 	37.643059 	11.704700 	6.000000 	7.280110 	32.649654 	10.816654 	3.605551 	6.403124 	34.985710 	999.000000 	34.669872 	30.805843 	27.802877 	38.275318 	33.600594 	30.610456 	4.000000 	5.099020 	6.324555 	32.015621 	30.479502 	
42.755116 	60.008331 	60.373837 	57.384666 	58.180752 	56.356010 	55.461697 	53.665630 	56.320511 	53.460266 	52.469040 	54.147945 	51.623638 	52.153618 	52.086468 	54.037025 	50.009998 	51.039200 	42.449970 	41.761227 	41.976185 	41.231056 	40.804413 	47.042534 	45.000000 	40.024994 	39.812057 	40.447498 	36.687874 	34.713108 	30.805843 	44.598206 	38.288380 	40.459858 	4.000000 	44.821869 	38.013157 	40.804413 	1.414214 	34.669872 	999.000000 	4.123106 	7.280110 	3.605551 	2.236068 	5.000000 	38.078865 	39.446167 	40.816662 	4.123106 	6.082763 	
38.639359 	60.827625 	61.400326 	58.137768 	59.363289 	57.454330 	56.435802 	54.708317 	55.901699 	53.150730 	52.172791 	53.600372 	53.009434 	51.623638 	51.478149 	53.037724 	49.091751 	50.039986 	42.720020 	42.154476 	42.059483 	41.436699 	41.231056 	46.043457 	44.181442 	40.162170 	39.849716 	40.261642 	37.161808 	34.785053 	31.016125 	41.012192 	34.655445 	36.796738 	5.000000 	41.109608 	34.205261 	37.013512 	5.000000 	30.805843 	4.123106 	999.000000 	3.162278 	7.615773 	2.828427 	1.414214 	34.132095 	35.510563 	36.891735 	2.000000 	2.828427 	
35.510563 	61.400326 	62.128899 	58.668560 	60.216278 	58.249462 	57.140179 	55.470715 	55.542778 	52.886673 	51.923019 	53.150730 	54.037025 	51.195702 	50.990196 	52.239830 	48.373547 	49.254440 	42.953465 	42.485291 	42.154476 	41.629318 	41.593269 	45.276924 	43.566040 	40.311287 	39.924931 	40.162170 	37.589893 	34.928497 	31.304953 	38.209946 	31.827662 	33.941124 	7.280110 	38.209946 	31.240999 	34.058773 	8.062258 	27.802877 	7.280110 	3.162278 	999.000000 	10.770329 	5.830952 	2.828427 	31.064449 	32.449963 	33.837849 	4.242640 	3.162278 	
46.097721 	60.745369 	60.926186 	58.189346 	58.600342 	56.859474 	56.080299 	54.230988 	58.077534 	55.145264 	54.147945 	56.008926 	51.884487 	54.009258 	54.000000 	56.222771 	52.153618 	53.235325 	43.737854 	42.953465 	43.416588 	42.579338 	41.976185 	49.254440 	47.095646 	41.436699 	41.303753 	42.107006 	37.854988 	36.221542 	32.249031 	48.166378 	41.868843 	44.045429 	6.708204 	48.414875 	41.617306 	44.407207 	3.605551 	38.275318 	3.605551 	7.615773 	10.770329 	999.000000 	5.099020 	8.246211 	41.677334 	43.046486 	44.418465 	7.071068 	9.055386 	
41.000000 	61.741398 	62.177166 	59.093147 	60.033325 	58.180752 	57.245087 	55.470715 	57.558666 	54.744862 	53.758720 	55.326305 	53.535034 	53.338543 	53.235325 	55.000000 	51.009804 	52.000000 	43.965897 	43.324360 	43.416588 	42.720020 	42.379242 	48.000000 	46.043457 	41.484936 	41.231056 	41.773197 	38.275318 	36.138622 	32.280025 	43.840622 	37.483330 	39.623226 	5.385165 	43.931767 	37.013512 	39.824615 	3.605551 	33.600594 	2.236068 	2.828427 	5.830952 	5.099020 	999.000000 	3.162278 	36.891735 	38.275318 	39.661064 	2.000000 	4.000000 	
37.854988 	62.177166 	62.769421 	59.481091 	60.745369 	58.830265 	57.801384 	56.080299 	57.070133 	54.341511 	53.366657 	54.744862 	54.405884 	52.773098 	52.611786 	54.083271 	50.159744 	51.088158 	44.011364 	43.462627 	43.324360 	42.720020 	42.544094 	47.095646 	45.276924 	41.436699 	41.109608 	41.484936 	38.483765 	36.055511 	32.310989 	41.036568 	34.655445 	36.769554 	6.403124 	41.036568 	34.058773 	36.878178 	6.082763 	30.610456 	5.000000 	1.414214 	2.828427 	8.246211 	3.162278 	999.000000 	33.837849 	35.227829 	36.619667 	1.414214 	1.414214 	
14.212670 	67.416618 	69.462219 	64.660652 	68.883957 	66.648331 	64.884514 	63.953106 	53.758720 	52.497620 	51.855568 	50.931328 	65.000000 	49.578220 	48.836460 	46.754681 	44.553337 	44.553337 	49.193497 	49.658836 	47.413078 	47.853943 	49.244289 	41.773197 	42.011902 	46.518814 	45.617977 	44.294468 	46.818798 	42.720020 	41.484936 	11.000000 	7.211102 	7.280110 	36.249138 	9.219544 	3.605551 	5.000000 	38.470768 	4.000000 	38.078865 	34.132095 	31.064449 	41.677334 	36.891735 	33.837849 	999.000000 	1.414214 	2.828427 	35.227829 	33.600594 	
14.422205 	67.742157 	69.835518 	65.000000 	69.318108 	67.082039 	65.299309 	64.404968 	53.814495 	52.630791 	52.009613 	50.990196 	65.551506 	49.678970 	48.918301 	46.690472 	44.598206 	44.553337 	49.658836 	50.159744 	47.853943 	48.332184 	49.769470 	41.868843 	42.201897 	47.010635 	46.097721 	44.721359 	47.434166 	43.324360 	42.201897 	10.049875 	7.071068 	6.708204 	37.576588 	8.062258 	3.605551 	4.123106 	39.824615 	5.099020 	39.446167 	35.510563 	32.449963 	43.046486 	38.275318 	35.227829 	1.414214 	999.000000 	1.414214 	36.619667 	35.000000 	
14.764823 	68.095520 	70.235321 	65.368187 	69.778221 	67.542580 	65.741920 	64.884514 	53.907330 	52.801514 	52.201534 	51.088158 	66.128662 	49.819675 	49.040798 	46.669048 	44.687805 	44.598206 	50.159744 	50.695168 	48.332184 	48.846699 	50.328918 	42.011902 	42.438190 	47.539455 	46.615448 	45.188496 	48.083260 	43.965897 	42.953465 	9.219544 	7.211102 	6.403124 	38.910152 	7.000000 	4.123106 	3.605551 	41.182522 	6.324555 	40.816662 	36.891735 	33.837849 	44.418465 	39.661064 	36.619667 	2.828427 	1.414214 	999.000000 	38.013157 	36.400551 	
39.051247 	62.609905 	63.134777 	59.933296 	61.057350 	59.169250 	58.180752 	56.435802 	57.870544 	55.108982 	54.129475 	55.578773 	54.644306 	53.600372 	53.460266 	55.036350 	51.088158 	52.038448 	44.598206 	44.011364 	43.965897 	43.324360 	43.081318 	48.041649 	46.173584 	42.059483 	41.761227 	42.201897 	39.000000 	36.687874 	32.893768 	42.449970 	36.069378 	38.183765 	6.403124 	42.449970 	35.468296 	38.288380 	5.385165 	32.015621 	4.123106 	2.000000 	4.242640 	7.071068 	2.000000 	1.414214 	35.227829 	36.619667 	38.013157 	999.000000 	2.000000 	
37.107952 	63.529522 	64.140472 	60.827625 	62.128899 	60.207973 	59.169250 	57.454330 	58.249462 	55.542778 	54.571056 	55.901699 	55.803226 	53.935146 	53.758720 	55.145264 	51.244511 	52.153618 	45.310043 	44.777225 	44.598206 	44.011364 	43.863426 	48.166378 	46.389652 	42.720020 	42.379242 	42.720020 	39.812057 	37.336308 	33.615471 	41.109608 	34.713108 	36.796738 	7.810250 	41.012192 	33.970577 	36.796738 	7.280110 	30.479502 	6.082763 	2.828427 	3.162278 	9.055386 	4.000000 	1.414214 	33.600594 	35.000000 	36.400551 	2.000000 	999.000000 	

Travel time:
0.000000 	2.025617 	2.073192 	1.955920 	2.053807 	1.998124 	1.955761 	1.929378 	1.697056 	1.663205 	1.646398 	1.626346 	1.945668 	1.591383 	1.573412 	1.523975 	1.467353 	1.468205 	1.560849 	1.569236 	1.518634 	1.526434 	1.556639 	1.396648 	1.399330 	1.492062 	1.470757 	1.442220 	1.487027 	1.386768 	1.342805 	0.594243 	0.535023 	0.527376 	1.054751 	0.529741 	0.445112 	0.458939 	1.089151 	0.425735 	1.068878 	0.965984 	0.887764 	1.152443 	1.025000 	0.946375 	0.355317 	0.360555 	0.369121 	0.976281 	0.927699 	
0.000000 	9.000000 	0.079057 	0.070711 	0.141421 	0.134629 	0.125000 	0.175000 	0.450694 	0.427931 	0.431567 	0.500625 	0.285044 	0.505594 	0.530330 	0.650481 	0.637377 	0.657647 	0.477624 	0.480234 	0.512957 	0.512957 	0.500000 	0.680074 	0.650000 	0.548293 	0.565685 	0.585769 	0.596343 	0.675463 	0.755811 	1.556037 	1.522539 	1.554429 	1.409122 	1.622113 	1.603512 	1.622113 	1.467353 	1.601757 	1.500208 	1.520691 	1.535008 	1.518634 	1.543535 	1.554429 	1.685416 	1.693554 	1.702388 	1.565248 	1.588238 	
0.000000 	0.079057 	9.000000 	0.127475 	0.079057 	0.103078 	0.125000 	0.167705 	0.527376 	0.500625 	0.502494 	0.575000 	0.250000 	0.577170 	0.602080 	0.725000 	0.707107 	0.728869 	0.515388 	0.512957 	0.555090 	0.550568 	0.530330 	0.745822 	0.711512 	0.585769 	0.605186 	0.630971 	0.620987 	0.707107 	0.781025 	1.615549 	1.576586 	1.610124 	1.420607 	1.680773 	1.656049 	1.677051 	1.475847 	1.650947 	1.509346 	1.535008 	1.553222 	1.523155 	1.554429 	1.569236 	1.736555 	1.745888 	1.755883 	1.578369 	1.603512 	
0.000000 	0.070711 	0.127475 	9.000000 	0.158114 	0.125000 	0.090139 	0.134629 	0.406971 	0.375000 	0.375832 	0.450694 	0.257391 	0.450694 	0.475657 	0.600521 	0.579871 	0.602080 	0.406971 	0.410031 	0.442295 	0.442295 	0.430116 	0.618466 	0.585235 	0.477624 	0.494975 	0.515388 	0.527376 	0.605186 	0.686477 	1.490386 	1.454519 	1.487027 	1.342805 	1.556037 	1.535008 	1.554429 	1.402007 	1.532359 	1.434617 	1.453444 	1.466714 	1.454734 	1.477329 	1.487027 	1.616516 	1.625000 	1.634205 	1.498332 	1.520691 	
0.000000 	0.141421 	0.079057 	0.158114 	9.000000 	0.055902 	0.103078 	0.125000 	0.564026 	0.527376 	0.525595 	0.604669 	0.176777 	0.600521 	0.625500 	0.753741 	0.725431 	0.750000 	0.493077 	0.485412 	0.536773 	0.527376 	0.500000 	0.756637 	0.715891 	0.561805 	0.583095 	0.614919 	0.583631 	0.675463 	0.742462 	1.612839 	1.566246 	1.601952 	1.367708 	1.676678 	1.643548 	1.667708 	1.420607 	1.634205 	1.454519 	1.484082 	1.505407 	1.465008 	1.500833 	1.518634 	1.722099 	1.732953 	1.744456 	1.526434 	1.553222 	
0.000000 	0.134629 	0.103078 	0.125000 	0.055902 	9.000000 	0.050000 	0.070711 	0.522015 	0.480885 	0.477624 	0.559017 	0.152069 	0.552268 	0.577170 	0.707107 	0.675000 	0.700446 	0.437321 	0.430116 	0.480885 	0.471699 	0.445112 	0.704006 	0.661910 	0.506211 	0.527376 	0.559017 	0.530330 	0.620987 	0.689656 	1.557442 	1.510381 	1.546165 	1.320984 	1.621149 	1.587648 	1.611870 	1.375227 	1.578369 	1.408900 	1.436358 	1.456237 	1.421487 	1.454519 	1.470757 	1.666208 	1.677051 	1.688565 	1.479231 	1.505199 	
0.000000 	0.125000 	0.125000 	0.090139 	0.103078 	0.050000 	9.000000 	0.050000 	0.474342 	0.431567 	0.427931 	0.509902 	0.167705 	0.502494 	0.527376 	0.657647 	0.625000 	0.650481 	0.395285 	0.390512 	0.437321 	0.430116 	0.406971 	0.654313 	0.612882 	0.465027 	0.485412 	0.514782 	0.496236 	0.583631 	0.656220 	1.510174 	1.465008 	1.500208 	1.297112 	1.574206 	1.542928 	1.566246 	1.353237 	1.535008 	1.386542 	1.410895 	1.428504 	1.402007 	1.431127 	1.445035 	1.622113 	1.632483 	1.643548 	1.454519 	1.479231 	
0.000000 	0.175000 	0.167705 	0.134629 	0.125000 	0.070711 	0.050000 	9.000000 	0.492443 	0.443001 	0.436606 	0.522015 	0.125000 	0.509902 	0.534439 	0.667083 	0.626997 	0.654313 	0.369121 	0.360555 	0.413824 	0.403113 	0.375000 	0.650481 	0.604669 	0.437321 	0.458939 	0.492443 	0.459619 	0.550568 	0.618971 	1.494365 	1.444386 	1.480920 	1.252996 	1.557442 	1.520896 	1.546165 	1.308148 	1.510381 	1.341641 	1.367708 	1.386768 	1.355775 	1.386768 	1.402007 	1.598828 	1.610124 	1.622113 	1.410895 	1.436358 	
0.000000 	0.450694 	0.527376 	0.406971 	0.564026 	0.522015 	0.474342 	0.492443 	9.000000 	0.079057 	0.103078 	0.070711 	0.604669 	0.111803 	0.125000 	0.206155 	0.230489 	0.235850 	0.395285 	0.427200 	0.382426 	0.412311 	0.450694 	0.301040 	0.313249 	0.431567 	0.427931 	0.400000 	0.539676 	0.550568 	0.650481 	1.171804 	1.168867 	1.190850 	1.308625 	1.241219 	1.256234 	1.261200 	1.380670 	1.273283 	1.408013 	1.397542 	1.388569 	1.451938 	1.438967 	1.426753 	1.343968 	1.345362 	1.347683 	1.446764 	1.456237 	
0.000000 	0.427931 	0.500625 	0.375000 	0.527376 	0.480885 	0.431567 	0.443001 	0.079057 	9.000000 	0.025000 	0.079057 	0.548293 	0.079057 	0.103078 	0.226385 	0.213600 	0.230489 	0.316228 	0.348210 	0.304138 	0.333542 	0.371652 	0.270416 	0.265754 	0.353553 	0.350892 	0.325960 	0.460977 	0.475000 	0.575000 	1.153527 	1.140175 	1.165386 	1.237437 	1.221935 	1.226020 	1.235162 	1.308625 	1.237942 	1.336507 	1.328768 	1.322167 	1.378632 	1.368622 	1.358538 	1.312441 	1.315770 	1.320038 	1.377725 	1.388569 	
0.000000 	0.431567 	0.502494 	0.375832 	0.525595 	0.477624 	0.427931 	0.436606 	0.103078 	0.025000 	9.000000 	0.090139 	0.538516 	0.075000 	0.100000 	0.230489 	0.206155 	0.226385 	0.292617 	0.325000 	0.279509 	0.309233 	0.348210 	0.257391 	0.247487 	0.328824 	0.325960 	0.301040 	0.436606 	0.450000 	0.550000 	1.141271 	1.125000 	1.151086 	1.212693 	1.209339 	1.210372 	1.220656 	1.283793 	1.220912 	1.311726 	1.304320 	1.298075 	1.353699 	1.343968 	1.334166 	1.296389 	1.300240 	1.305038 	1.353237 	1.364276 	
0.000000 	0.500625 	0.575000 	0.450694 	0.604669 	0.559017 	0.509902 	0.522015 	0.070711 	0.079057 	0.090139 	9.000000 	0.626997 	0.050000 	0.055902 	0.150000 	0.160078 	0.167705 	0.369121 	0.403113 	0.348210 	0.380789 	0.425000 	0.230489 	0.246221 	0.395285 	0.388104 	0.353553 	0.506211 	0.505594 	0.604669 	1.102554 	1.098294 	1.120547 	1.253994 	1.171804 	1.185591 	1.190850 	1.327121 	1.202601 	1.353699 	1.340009 	1.328768 	1.400223 	1.383158 	1.368622 	1.273283 	1.274755 	1.277204 	1.389469 	1.397542 	
0.000000 	0.285044 	0.250000 	0.257391 	0.176777 	0.152069 	0.167705 	0.125000 	0.604669 	0.548293 	0.538516 	0.626997 	9.000000 	0.608790 	0.632456 	0.766893 	0.715891 	0.745822 	0.406971 	0.388104 	0.456207 	0.436606 	0.395285 	0.728869 	0.675463 	0.467039 	0.491172 	0.534439 	0.458939 	0.559017 	0.610328 	1.540292 	1.478386 	1.518223 	1.206493 	1.600781 	1.550806 	1.581139 	1.256234 	1.533175 	1.290591 	1.325236 	1.350926 	1.297112 	1.338376 	1.360147 	1.625000 	1.638788 	1.653217 	1.366108 	1.395081 	
0.000000 	0.505594 	0.577170 	0.450694 	0.600521 	0.552268 	0.502494 	0.509902 	0.111803 	0.079057 	0.075000 	0.050000 	0.608790 	9.000000 	0.025000 	0.158114 	0.134629 	0.152069 	0.325960 	0.360555 	0.302076 	0.335410 	0.381608 	0.195256 	0.201556 	0.348210 	0.340037 	0.304138 	0.459619 	0.456207 	0.555090 	1.076162 	1.065950 	1.090011 	1.204159 	1.144825 	1.152443 	1.160011 	1.277204 	1.166726 	1.303840 	1.290591 	1.279893 	1.350231 	1.333464 	1.319327 	1.239455 	1.241974 	1.245492 	1.340009 	1.348379 	
0.000000 	0.530330 	0.602080 	0.475657 	0.625500 	0.577170 	0.527376 	0.534439 	0.125000 	0.103078 	0.100000 	0.055902 	0.632456 	0.025000 	9.000000 	0.134629 	0.111803 	0.127475 	0.340037 	0.375000 	0.313249 	0.347311 	0.395285 	0.176777 	0.190394 	0.357946 	0.348210 	0.309233 	0.469707 	0.460977 	0.559017 	1.054751 	1.046721 	1.070047 	1.202341 	1.123610 	1.133578 	1.140175 	1.275980 	1.149184 	1.302162 	1.286954 	1.274755 	1.350000 	1.330883 	1.315295 	1.220912 	1.222957 	1.226020 	1.336507 	1.343968 	
0.000000 	0.650481 	0.725000 	0.600521 	0.753741 	0.707107 	0.657647 	0.667083 	0.206155 	0.226385 	0.230489 	0.150000 	0.766893 	0.158114 	0.134629 	9.000000 	0.103078 	0.075000 	0.459619 	0.494975 	0.425735 	0.460977 	0.512957 	0.175000 	0.230489 	0.465027 	0.450694 	0.403113 	0.575543 	0.548293 	0.640800 	0.980115 	0.990581 	1.007782 	1.251000 	1.050297 	1.079641 	1.078483 	1.327121 	1.105102 	1.350926 	1.325943 	1.305996 	1.405569 	1.375000 	1.352082 	1.168867 	1.167262 	1.166726 	1.375909 	1.378632 	
0.000000 	0.637377 	0.707107 	0.579871 	0.725431 	0.675000 	0.625000 	0.626997 	0.230489 	0.213600 	0.206155 	0.160078 	0.715891 	0.134629 	0.111803 	0.103078 	9.000000 	0.035355 	0.375000 	0.410031 	0.336341 	0.371652 	0.425735 	0.079057 	0.127475 	0.371652 	0.355317 	0.305164 	0.480234 	0.447214 	0.538516 	0.943398 	0.938416 	0.960469 	1.150272 	1.012423 	1.025914 	1.030776 	1.226020 	1.044330 	1.250250 	1.227294 	1.209339 	1.303840 	1.275245 	1.253994 	1.113833 	1.114955 	1.117195 	1.277204 	1.281113 	
0.000000 	0.657647 	0.728869 	0.602080 	0.750000 	0.700446 	0.650481 	0.654313 	0.235850 	0.230489 	0.226385 	0.167705 	0.745822 	0.152069 	0.127475 	0.075000 	0.035355 	9.000000 	0.410031 	0.445112 	0.371652 	0.406971 	0.460977 	0.100000 	0.158114 	0.406971 	0.390512 	0.340037 	0.515388 	0.480885 	0.571183 	0.936082 	0.937083 	0.957209 	1.176063 	1.005609 	1.025305 	1.027740 	1.252248 	1.046721 	1.275980 	1.251000 	1.231361 	1.330883 	1.300000 	1.277204 	1.113833 	1.113833 	1.114955 	1.300961 	1.303840 	
0.000000 	0.477624 	0.515388 	0.406971 	0.493077 	0.437321 	0.395285 	0.369121 	0.395285 	0.316228 	0.292617 	0.369121 	0.406971 	0.325960 	0.340037 	0.459619 	0.375000 	0.410031 	9.000000 	0.035355 	0.050000 	0.035355 	0.055902 	0.357946 	0.292617 	0.070711 	0.090139 	0.127475 	0.150000 	0.201556 	0.292617 	1.133854 	1.077033 	1.114955 	0.965013 	1.195042 	1.152443 	1.179248 	1.030776 	1.141271 	1.061249 	1.068001 	1.073837 	1.093446 	1.099147 	1.100284 	1.229837 	1.241471 	1.253994 	1.114955 	1.132751 	
0.000000 	0.480234 	0.512957 	0.410031 	0.485412 	0.430116 	0.390512 	0.360555 	0.427200 	0.348210 	0.325000 	0.403113 	0.388104 	0.360555 	0.375000 	0.494975 	0.410031 	0.445112 	0.035355 	9.000000 	0.079057 	0.050000 	0.025000 	0.391312 	0.325000 	0.079057 	0.103078 	0.150000 	0.127475 	0.195256 	0.279509 	1.152443 	1.091444 	1.130542 	0.948683 	1.212693 	1.165386 	1.193995 	1.013040 	1.151629 	1.044031 	1.053862 	1.062132 	1.073837 	1.083109 	1.086566 	1.241471 	1.253994 	1.267379 	1.100284 	1.119431 	
0.000000 	0.512957 	0.555090 	0.442295 	0.536773 	0.480885 	0.437321 	0.413824 	0.382426 	0.304138 	0.279509 	0.348210 	0.456207 	0.302076 	0.313249 	0.425735 	0.336341 	0.371652 	0.050000 	0.079057 	9.000000 	0.035355 	0.090139 	0.313249 	0.246221 	0.050000 	0.055902 	0.079057 	0.158114 	0.182003 	0.279509 	1.085415 	1.030776 	1.068001 	0.951972 	1.147007 	1.107080 	1.132751 	1.019804 	1.097725 	1.049405 	1.051487 	1.053862 	1.085415 	1.085415 	1.083109 	1.185327 	1.196349 	1.208305 	1.099147 	1.114955 	
0.000000 	0.512957 	0.550568 	0.442295 	0.527376 	0.471699 	0.430116 	0.403113 	0.412311 	0.333542 	0.309233 	0.380789 	0.436606 	0.335410 	0.347311 	0.460977 	0.371652 	0.406971 	0.035355 	0.050000 	0.035355 	9.000000 	0.055902 	0.347311 	0.279509 	0.035355 	0.055902 	0.100000 	0.127475 	0.167705 	0.261008 	1.103687 	1.044629 	1.083109 	0.934077 	1.164313 	1.119431 	1.147007 	1.000625 	1.107362 	1.030776 	1.035918 	1.040733 	1.064483 	1.068001 	1.068001 	1.196349 	1.208305 	1.221167 	1.083109 	1.100284 	
