Total assets = 629
Number of asset nodes = 34

Distance:
999.000000 	107.786827 	62.169125 	78.847954 	164.805954 	29.154760 	105.688217 	95.880135 	87.321243 	58.034473 	149.201202 	143.282944 	19.416489 	154.870911 	117.046997 	71.007042 	102.771591 	104.235313 	108.673820 	108.503456 	106.212051 	101.710373 	107.056061 	105.929222 	101.493843 	89.000000 	105.574615 	119.050407 	105.475113 	94.000000 	127.121986 	117.098251 	118.088951 	126.751724 	124.310097 	125.447197 	128.891434 	134.937027 	103.019417 	124.903961 	128.003906 	130.249756 	130.115326 	133.221619 	123.065025 	120.000000 	130.000000 	
107.786827 	999.000000 	50.209560 	33.421551 	62.968246 	84.403793 	10.198039 	20.615528 	29.546574 	59.548298 	59.539902 	47.539455 	88.639717 	48.795490 	19.849434 	54.589375 	28.284271 	31.575306 	29.732138 	30.675724 	32.015621 	35.227829 	33.241539 	33.955853 	37.215588 	47.675991 	36.878178 	32.015621 	37.854988 	47.095646 	33.015148 	36.359318 	36.891735 	38.209946 	38.948685 	38.897301 	39.051247 	39.824615 	49.365982 	41.868843 	43.139309 	43.185646 	43.863426 	45.453274 	50.249378 	52.325901 	57.428215 	
62.169125 	50.209560 	999.000000 	17.492855 	112.445541 	35.341194 	45.486263 	34.438351 	25.298222 	10.440307 	103.788246 	94.154129 	45.011108 	99.005051 	55.542778 	16.401220 	40.607880 	42.190044 	46.529560 	46.389652 	44.181442 	40.000000 	45.099888 	44.045429 	40.049969 	30.463093 	44.011364 	56.885849 	44.045429 	35.114101 	65.000000 	55.145264 	56.142673 	64.629715 	62.289646 	63.387695 	66.753281 	72.780495 	44.271889 	63.071388 	66.121101 	68.264191 	68.183578 	71.253067 	62.514000 	60.207973 	70.035706 	
78.847954 	33.421551 	17.492855 	999.000000 	96.260063 	52.773098 	28.017851 	17.088007 	9.055386 	26.172504 	89.810913 	79.202271 	60.827625 	82.073135 	38.275318 	22.561028 	25.079872 	27.459061 	31.064449 	31.144823 	29.427877 	26.570660 	30.594116 	29.832869 	27.313000 	24.698177 	30.675724 	41.012192 	31.016125 	27.658634 	48.507732 	40.311287 	41.303753 	49.000000 	47.095646 	48.041649 	51.009804 	56.435802 	35.468296 	48.373547 	51.244511 	53.084839 	53.150730 	56.080299 	49.979996 	48.754486 	57.939625 	
164.805954 	62.968246 	112.445541 	96.260063 	999.000000 	144.958618 	70.661163 	82.764725 	92.282173 	122.200653 	26.683329 	23.086792 	145.416641 	19.026299 	68.680420 	117.477661 	86.377083 	88.543777 	84.480766 	85.440041 	87.931793 	92.973114 	88.600227 	89.844307 	94.868332 	108.461975 	92.720009 	79.246452 	93.680305 	106.625511 	72.339478 	85.328773 	85.158676 	79.227524 	82.389320 	81.301903 	78.102493 	72.006943 	105.773346 	85.287750 	84.095184 	82.024384 	83.024094 	82.006096 	96.332756 	100.603180 	100.004997 	
29.154760 	84.403793 	35.341194 	52.773098 	144.958618 	999.000000 	80.622574 	69.778221 	60.539242 	29.427877 	132.879639 	124.963997 	19.104973 	132.909744 	90.873535 	42.047592 	75.286118 	76.400261 	81.043198 	80.777473 	78.339005 	73.545906 	79.075912 	77.878113 	73.164200 	60.074955 	77.278717 	91.482239 	77.103828 	65.069191 	99.929977 	89.050545 	90.027771 	98.954536 	96.317184 	97.514099 	101.138519 	107.563934 	74.006760 	96.690224 	99.824844 	102.181213 	101.980392 	105.118980 	94.260277 	91.049438 	101.044548 	
105.688217 	10.198039 	45.486263 	28.017851 	70.661163 	80.622574 	999.000000 	12.206555 	22.022715 	53.907330 	69.260376 	56.885849 	86.977005 	55.000000 	13.341664 	47.201694 	18.110771 	21.377558 	19.697716 	20.615528 	21.840330 	25.079872 	23.086792 	23.769728 	27.073973 	38.327538 	26.683329 	23.430750 	27.658634 	37.336308 	26.570660 	27.018513 	27.658634 	30.528675 	30.610456 	30.805843 	31.764761 	34.205261 	39.204590 	33.301651 	35.000000 	35.510563 	36.055511 	38.078865 	40.804413 	42.544094 	48.270073 	
95.880135 	20.615528 	34.438351 	17.088007 	82.764725 	69.778221 	12.206555 	999.000000 	9.899495 	42.201897 	80.062477 	68.154236 	77.665955 	67.201187 	21.189621 	35.000000 	12.041595 	15.556349 	17.000000 	17.492855 	17.029387 	17.492855 	18.439089 	18.384777 	19.235384 	27.166155 	20.615528 	25.495098 	21.400934 	27.073973 	32.015621 	26.400757 	27.313000 	33.541019 	32.280025 	32.984844 	35.355339 	40.012497 	31.016125 	34.176014 	36.687874 	38.078865 	38.327538 	41.000000 	38.600517 	38.897301 	46.615448 	
87.321243 	29.546574 	25.298222 	9.055386 	92.282173 	60.539242 	22.022715 	9.899495 	999.000000 	32.449963 	88.294960 	76.843994 	69.584480 	77.006493 	30.413813 	25.238859 	16.031219 	18.439089 	22.022715 	22.090721 	20.396078 	17.888544 	21.587032 	20.880613 	18.867962 	20.396078 	21.931713 	32.062439 	22.360680 	21.931713 	39.812057 	31.257000 	32.249031 	40.012497 	38.052597 	39.012817 	42.047592 	47.675991 	28.425341 	39.319206 	42.190044 	44.045429 	44.102154 	47.042534 	41.231056 	40.311287 	49.244289 	
58.034473 	59.548298 	10.440307 	26.172504 	122.200653 	29.427877 	53.907330 	42.201897 	32.449963 	999.000000 	114.127121 	104.316826 	42.953465 	108.245094 	62.769421 	13.341664 	46.238514 	47.127487 	51.865211 	51.546097 	49.040798 	44.147480 	49.729267 	48.507732 	43.737854 	31.064449 	47.853943 	62.297672 	47.675991 	36.055511 	70.936592 	59.665737 	60.638271 	69.641945 	66.940269 	68.154236 	71.840103 	78.434685 	45.177429 	67.268120 	70.405968 	72.780495 	72.567207 	75.709976 	65.030762 	62.032249 	72.027771 	
149.201202 	59.539902 	103.788246 	89.810913 	26.683329 	132.879639 	69.260376 	80.062477 	88.294960 	114.127121 	999.000000 	13.601471 	130.176804 	36.796738 	72.339478 	112.271988 	87.091904 	90.022217 	87.022987 	88.022728 	90.000000 	94.085068 	91.005493 	92.000000 	96.083298 	107.200745 	95.000000 	84.852814 	96.000000 	106.569229 	80.280754 	90.669731 	90.796478 	87.321243 	89.822044 	89.050545 	86.833176 	82.540901 	108.018517 	92.962357 	92.649879 	91.214035 	92.179176 	92.048897 	103.576057 	107.056061 	108.908218 	
143.282944 	47.539455 	94.154129 	79.202271 	23.086792 	124.963997 	56.885849 	68.154236 	76.843994 	104.316826 	13.601471 	999.000000 	123.987900 	25.942244 	59.076221 	101.390335 	74.431175 	77.233414 	74.027023 	75.026665 	77.103828 	81.394104 	78.057671 	79.101204 	83.384651 	95.126228 	82.097504 	71.449280 	83.096329 	94.201912 	66.708321 	77.317528 	77.414467 	73.756355 	76.295479 	75.504967 	73.246162 	68.949257 	95.189285 	79.429214 	79.075912 	77.620872 	78.587532 	78.447433 	90.094398 	93.648277 	95.341492 	
19.416489 	88.639717 	45.011108 	60.827625 	145.416641 	19.104973 	86.977005 	77.665955 	69.584480 	42.953465 	130.176804 	123.987900 	999.000000 	135.484314 	98.716766 	56.293873 	85.375641 	87.143562 	91.350975 	91.268837 	89.140335 	85.005882 	90.088844 	89.050545 	85.005882 	73.824112 	89.000000 	101.597244 	89.005615 	78.771820 	109.329773 	100.124924 	101.123688 	109.457756 	107.228729 	108.295891 	111.543716 	117.239075 	87.965904 	108.074051 	111.112556 	113.216606 	113.159180 	116.211014 	107.228729 	104.580116 	114.529472 	
154.870911 	48.795490 	99.005051 	82.073135 	19.026299 	132.909744 	55.000000 	67.201187 	77.006493 	108.245094 	36.796738 	25.942244 	135.484314 	999.000000 	51.078373 	102.200783 	69.318108 	71.175842 	66.850578 	67.779053 	70.384659 	75.643906 	70.936592 	72.235725 	77.472572 	91.706055 	75.026665 	60.876926 	75.960518 	89.470665 	53.600372 	66.940269 	66.708321 	60.406952 	63.639610 	62.514000 	59.211487 	53.000000 	87.920418 	66.483078 	65.192024 	63.071388 	64.070274 	63.000000 	77.524193 	81.884064 	81.024689 	
117.046997 	19.849434 	55.542778 	38.275318 	68.680420 	90.873535 	13.341664 	21.189621 	30.413813 	62.769421 	72.339478 	59.076221 	98.716766 	51.078373 	999.000000 	53.907330 	18.601076 	20.124611 	15.811388 	16.763054 	19.313208 	24.596748 	19.924858 	21.189621 	26.400757 	41.048752 	24.041630 	13.000000 	25.000000 	38.470768 	13.416408 	18.439089 	18.681541 	18.384777 	19.416489 	19.209373 	19.209373 	20.880613 	37.107952 	22.472204 	23.430750 	23.345236 	24.041630 	25.612497 	31.953091 	34.928497 	38.470768 	
71.007042 	54.589375 	16.401220 	22.561028 	117.477661 	42.047592 	47.201694 	35.000000 	25.238859 	13.341664 	112.271988 	101.390335 	56.293873 	102.200783 	53.907330 	999.000000 	36.055511 	36.235340 	41.182522 	40.706264 	38.013157 	32.695564 	38.483765 	37.161808 	31.953091 	18.027756 	36.055511 	51.429562 	35.735138 	23.021729 	60.415230 	48.104053 	49.040798 	58.309521 	55.362442 	56.648037 	60.539242 	67.542580 	32.015621 	55.362442 	58.523499 	61.032780 	60.728905 	63.890530 	52.239830 	49.010204 	59.008472 	
102.771591 	28.284271 	40.607880 	25.079872 	86.377083 	75.286118 	18.110771 	12.041595 	16.031219 	46.238514 	87.091904 	74.431175 	85.375641 	69.318108 	18.601076 	36.055511 	999.000000 	3.605551 	6.000000 	6.082763 	5.000000 	7.000000 	6.403124 	6.403124 	9.000000 	22.472204 	8.944272 	16.278820 	9.848858 	20.248457 	24.698177 	15.297058 	16.278820 	24.083189 	22.022715 	23.000000 	26.172504 	32.280025 	21.095022 	23.345236 	26.172504 	28.017851 	28.071337 	31.016125 	26.627054 	26.870058 	34.669872 	
104.235313 	31.575306 	42.190044 	27.459061 	88.543777 	76.400261 	21.377558 	15.556349 	18.439089 	47.127487 	90.022217 	77.233414 	87.143562 	71.175842 	20.124611 	36.235340 	3.605551 	999.000000 	5.000000 	4.472136 	2.000000 	4.472136 	3.162278 	2.828427 	6.324555 	21.260292 	5.385165 	15.231546 	6.324555 	18.357559 	24.186773 	13.000000 	14.000000 	22.561028 	20.099751 	21.213203 	24.738634 	31.384710 	18.000000 	21.023796 	24.000000 	26.076809 	26.019224 	29.068884 	23.323807 	23.345236 	31.384710 	
108.673820 	29.732138 	46.529560 	31.064449 	84.480766 	81.043198 	19.697716 	17.000000 	22.022715 	51.865211 	87.022987 	74.027023 	91.350975 	66.850578 	15.811388 	41.182522 	6.000000 	5.000000 	999.000000 	1.000000 	3.605551 	9.219544 	4.123106 	5.385165 	10.816654 	26.172504 	8.246211 	10.440307 	9.219544 	23.021729 	19.235384 	9.486833 	10.440307 	18.110771 	16.031219 	17.000000 	20.223749 	26.570660 	21.377558 	17.464249 	20.223749 	22.022715 	22.090721 	25.019993 	21.931713 	23.021729 	29.832869 	
108.503456 	30.675724 	46.389652 	31.144823 	85.440041 	80.777473 	20.615528 	17.492855 	22.090721 	51.546097 	88.022728 	75.026665 	91.268837 	67.779053 	16.763054 	40.706264 	6.082763 	4.472136 	1.000000 	999.000000 	2.828427 	8.485281 	3.162278 	4.472136 	10.000000 	25.455845 	7.280110 	10.770329 	8.246211 	22.203604 	19.723083 	9.219544 	10.198039 	18.248287 	16.000000 	17.029387 	20.396078 	26.925823 	20.396078 	17.262676 	20.099751 	22.000000 	22.022715 	25.000000 	21.260292 	22.203604 	29.206163 	
106.212051 	32.015621 	44.181442 	29.427877 	87.931793 	78.339005 	21.840330 	17.029387 	20.396078 	49.040798 	90.000000 	77.103828 	89.140335 	70.384659 	19.313208 	38.013157 	5.000000 	2.000000 	3.605551 	2.828427 	999.000000 	5.656854 	1.414214 	2.000000 	7.211102 	22.627417 	5.000000 	13.416408 	6.000000 	19.416489 	22.472204 	11.000000 	12.000000 	20.615528 	18.110771 	19.235384 	22.803509 	29.546574 	18.110771 	19.026299 	22.000000 	24.083189 	24.020824 	27.073973 	21.633308 	21.931713 	29.681644 	
101.710373 	35.227829 	40.000000 	26.570660 	92.973114 	73.545906 	25.079872 	17.492855 	17.888544 	44.147480 	94.085068 	81.394104 	85.005882 	75.643906 	24.596748 	32.695564 	7.000000 	4.472136 	9.219544 	8.485281 	5.656854 	999.000000 	5.830952 	4.472136 	2.000000 	16.970562 	4.123106 	18.867962 	4.472136 	13.892444 	28.017851 	15.524175 	16.492422 	25.632011 	22.803509 	24.041630 	27.856777 	34.885529 	14.142136 	23.194826 	26.305893 	28.635643 	28.442924 	31.575306 	23.409399 	22.472204 	31.384710 	
107.056061 	33.241539 	45.099888 	30.594116 	88.600227 	79.075912 	23.086792 	18.439089 	21.587032 	49.729267 	91.005493 	78.057671 	90.088844 	70.936592 	19.924858 	38.483765 	6.403124 	3.162278 	4.123106 	3.162278 	1.414214 	5.830952 	999.000000 	1.414214 	7.071068 	22.671568 	4.123106 	13.038404 	5.099020 	19.209373 	22.203604 	10.049875 	11.045361 	19.924858 	17.262676 	18.439089 	22.135944 	29.068884 	17.262676 	18.000000 	21.023796 	23.194826 	23.086792 	26.172504 	20.248457 	20.518284 	28.301943 	
105.929222 	33.955853 	44.045429 	29.832869 	89.844307 	77.878113 	23.769728 	18.384777 	20.880613 	48.507732 	92.000000 	79.101204 	89.050545 	72.235725 	21.189621 	37.161808 	6.403124 	2.828427 	5.385165 	4.472136 	2.000000 	4.472136 	1.414214 	999.000000 	5.656854 	21.260292 	3.000000 	14.422205 	4.000000 	17.804493 	23.600847 	11.180340 	12.165525 	21.189621 	18.439089 	19.646883 	23.409399 	30.413813 	16.124516 	19.026299 	22.090721 	24.331051 	24.186773 	27.294687 	20.591261 	20.518284 	28.653097 	
101.493843 	37.215588 	40.049969 	27.313000 	94.868332 	73.164200 	27.073973 	19.235384 	18.867962 	43.737854 	96.083298 	83.384651 	85.005882 	77.472572 	26.400757 	31.953091 	9.000000 	6.324555 	10.816654 	10.000000 	7.211102 	2.000000 	7.071068 	5.656854 	999.000000 	15.620500 	4.123106 	20.000000 	4.000000 	12.206555 	29.206163 	16.155495 	17.088007 	26.400757 	23.409399 	24.698177 	28.635643 	35.846897 	12.165525 	23.537205 	26.683329 	29.120440 	28.861740 	32.015621 	22.803509 	21.470911 	30.675724 	
89.000000 	47.675991 	30.463093 	24.698177 	108.461975 	60.074955 	38.327538 	27.166155 	20.396078 	31.064449 	107.200745 	95.126228 	73.824112 	91.706055 	41.048752 	18.027756 	22.472204 	21.260292 	26.172504 	25.455845 	22.627417 	16.970562 	22.671568 	21.260292 	15.620500 	999.000000 	19.416489 	35.608986 	18.867962 	5.000000 	44.821869 	31.384710 	32.249031 	41.677334 	38.470768 	39.824615 	43.908997 	51.312767 	14.142136 	38.078865 	41.231056 	43.863426 	43.462627 	46.615448 	34.234486 	31.000000 	41.000000 	
105.574615 	36.878178 	44.011364 	30.675724 	92.720009 	77.278717 	26.683329 	20.615528 	21.931713 	47.853943 	95.000000 	82.097504 	89.000000 	75.026665 	24.041630 	36.055511 	8.944272 	5.385165 	8.246211 	7.280110 	5.000000 	4.123106 	4.123106 	3.000000 	4.123106 	19.416489 	999.000000 	16.278820 	1.000000 	15.556349 	25.495098 	12.083046 	13.000000 	22.360680 	19.313208 	20.615528 	24.596748 	31.906113 	13.152946 	19.416489 	22.561028 	25.000000 	24.738634 	27.892651 	19.313208 	18.601076 	27.313000 	
119.050407 	32.015621 	56.885849 	41.012192 	79.246452 	91.482239 	23.430750 	25.495098 	32.062439 	62.297672 	84.852814 	71.449280 	101.597244 	60.876926 	13.000000 	51.429562 	16.278820 	15.231546 	10.440307 	10.770329 	13.416408 	18.867962 	13.038404 	14.422205 	20.000000 	35.608986 	16.278820 	999.000000 	16.970562 	31.827662 	9.219544 	6.082763 	6.000000 	8.062258 	7.211102 	7.615773 	10.000000 	16.155495 	27.784887 	9.899495 	11.661903 	12.649111 	13.000000 	15.524175 	18.973665 	22.203604 	25.553865 	
105.475113 	37.854988 	44.045429 	31.016125 	93.680305 	77.103828 	27.658634 	21.400934 	22.360680 	47.675991 	96.000000 	83.096329 	89.005615 	75.960518 	25.000000 	35.735138 	9.848858 	6.324555 	9.219544 	8.246211 	6.000000 	4.472136 	5.099020 	4.000000 	4.000000 	18.867962 	1.000000 	16.970562 	999.000000 	14.866069 	26.172504 	12.529964 	13.416408 	22.825424 	19.697716 	21.023796 	25.059929 	32.449963 	12.165525 	19.646883 	22.803509 	25.298222 	25.000000 	28.160255 	18.973665 	18.027756 	26.925823 	
94.000000 	47.095646 	35.114101 	27.658634 	106.625511 	65.069191 	37.336308 	27.073973 	21.931713 	36.055511 	106.569229 	94.201912 	78.771820 	89.470665 	38.470768 	23.021729 	20.248457 	18.357559 	23.021729 	22.203604 	19.416489 	13.892444 	19.209373 	17.804493 	12.206555 	5.000000 	15.556349 	31.827662 	14.866069 	999.000000 	41.036568 	27.202942 	28.017851 	37.443291 	34.132095 	35.510563 	39.661064 	47.201694 	9.219544 	33.541019 	36.674240 	39.357338 	38.910152 	42.047592 	29.274563 	26.000000 	36.000000 	
127.121986 	33.015148 	65.000000 	48.507732 	72.339478 	99.929977 	26.570660 	32.015621 	39.812057 	70.936592 	80.280754 	66.708321 	109.329773 	53.600372 	13.416408 	60.415230 	24.698177 	24.186773 	19.235384 	19.723083 	22.472204 	28.017851 	22.203604 	23.600847 	29.206163 	44.821869 	25.495098 	9.219544 	26.172504 	41.036568 	999.000000 	14.422205 	13.892444 	7.071068 	10.049875 	9.000000 	6.708204 	8.000000 	36.619667 	13.000000 	12.369317 	11.180340 	12.083046 	12.806249 	24.020824 	28.284271 	28.635643 	
117.098251 	36.359318 	55.145264 	40.311287 	85.328773 	89.050545 	27.018513 	26.400757 	31.257000 	59.665737 	90.669731 	77.317528 	100.124924 	66.940269 	18.439089 	48.104053 	15.297058 	13.000000 	9.486833 	9.219544 	11.000000 	15.524175 	10.049875 	11.180340 	16.155495 	31.384710 	12.083046 	6.082763 	12.529964 	27.202942 	14.422205 	999.000000 	1.000000 	10.295630 	7.280110 	8.544003 	12.529964 	20.000000 	22.203604 	8.062258 	11.000000 	13.152946 	13.038404 	16.124516 	13.892444 	16.492422 	21.260292 	
118.088951 	36.891735 	56.142673 	41.303753 	85.158676 	90.027771 	27.658634 	27.313000 	32.249031 	60.638271 	90.796478 	77.414467 	101.123688 	66.708321 	18.681541 	49.040798 	16.278820 	14.000000 	10.440307 	10.198039 	12.000000 	16.492422 	11.045361 	12.165525 	17.088007 	32.249031 	13.000000 	6.000000 	13.416408 	28.017851 	13.892444 	1.000000 	999.000000 	9.433981 	6.324555 	7.615773 	11.661903 	19.209373 	22.803509 	7.071068 	10.000000 	12.165525 	12.041595 	15.132746 	13.416408 	16.278820 	20.615528 	
126.751724 	38.209946 	64.629715 	49.000000 	79.227524 	98.954536 	30.528675 	33.541019 	40.012497 	69.641945 	87.321243 	73.756355 	109.457756 	60.406952 	18.384777 	58.309521 	24.083189 	22.561028 	18.110771 	18.248287 	20.615528 	25.632011 	19.924858 	21.189621 	26.400757 	41.677334 	22.360680 	8.062258 	22.825424 	37.443291 	7.071068 	10.295630 	9.433981 	999.000000 	3.605551 	2.236068 	2.236068 	9.899495 	31.827662 	6.082763 	5.385165 	5.000000 	5.656854 	7.615773 	17.117243 	21.587032 	21.587032 	
124.310097 	38.948685 	62.289646 	47.095646 	82.389320 	96.317184 	30.610456 	32.280025 	38.052597 	66.940269 	89.822044 	76.295479 	107.228729 	63.639610 	19.416489 	55.362442 	22.022715 	20.099751 	16.031219 	16.000000 	18.110771 	22.803509 	17.262676 	18.439089 	23.409399 	38.470768 	19.313208 	7.211102 	19.697716 	34.132095 	10.049875 	7.280110 	6.324555 	3.605551 	999.000000 	1.414214 	5.656854 	13.453624 	28.284271 	3.162278 	4.472136 	6.000000 	6.082763 	9.000000 	14.000000 	18.248287 	19.313208 	
125.447197 	38.897301 	63.387695 	48.041649 	81.301903 	97.514099 	30.805843 	32.984844 	39.012817 	68.154236 	89.050545 	75.504967 	108.295891 	62.514000 	19.209373 	56.648037 	23.000000 	21.213203 	17.000000 	17.029387 	19.235384 	24.041630 	18.439089 	19.646883 	24.698177 	39.824615 	20.615528 	7.615773 	21.023796 	35.510563 	9.000000 	8.544003 	7.615773 	2.236068 	1.414214 	999.000000 	4.242640 	12.041595 	29.698484 	4.000000 	4.242640 	5.099020 	5.385165 	8.062258 	15.033297 	19.416489 	19.924858 	
128.891434 	39.051247 	66.753281 	51.009804 	78.102493 	101.138519 	31.764761 	35.355339 	42.047592 	71.840103 	86.833176 	73.246162 	111.543716 	59.211487 	19.209373 	60.539242 	26.172504 	24.738634 	20.223749 	20.396078 	22.803509 	27.856777 	22.135944 	23.409399 	28.635643 	43.908997 	24.596748 	10.000000 	25.059929 	39.661064 	6.708204 	12.529964 	11.661903 	2.236068 	5.656854 	4.242640 	999.000000 	7.810250 	33.941124 	7.615773 	6.000000 	4.472136 	5.385165 	6.403124 	18.439089 	23.086792 	22.203604 	
134.937027 	39.824615 	72.780495 	56.435802 	72.006943 	107.563934 	34.205261 	40.012497 	47.675991 	78.434685 	82.540901 	68.949257 	117.239075 	53.000000 	20.880613 	67.542580 	32.280025 	31.384710 	26.570660 	26.925823 	29.546574 	34.885529 	29.068884 	30.413813 	35.846897 	51.312767 	31.906113 	16.155495 	32.449963 	47.201694 	8.000000 	20.000000 	19.209373 	9.899495 	13.453624 	12.041595 	7.810250 	999.000000 	41.725292 	15.264338 	13.000000 	10.440307 	11.401754 	10.000000 	25.632011 	30.463093 	28.071337 	
103.019417 	49.365982 	44.271889 	35.468296 	105.773346 	74.006760 	39.204590 	31.016125 	28.425341 	45.177429 	108.018517 	95.189285 	87.965904 	87.920418 	37.107952 	32.015621 	21.095022 	18.000000 	21.377558 	20.396078 	18.110771 	14.142136 	17.262676 	16.124516 	12.165525 	14.142136 	13.152946 	27.784887 	12.165525 	9.219544 	36.619667 	22.203604 	22.803509 	31.827662 	28.284271 	29.698484 	33.941124 	41.725292 	999.000000 	27.018513 	30.000000 	32.802441 	32.202484 	35.227829 	20.880613 	17.117243 	27.073973 	
124.903961 	41.868843 	63.071388 	48.373547 	85.287750 	96.690224 	33.301651 	34.176014 	39.319206 	67.268120 	92.962357 	79.429214 	108.074051 	66.483078 	22.472204 	55.362442 	23.345236 	21.023796 	17.464249 	17.262676 	19.026299 	23.194826 	18.000000 	19.026299 	23.537205 	38.078865 	19.416489 	9.899495 	19.646883 	33.541019 	13.000000 	8.062258 	7.071068 	6.082763 	3.162278 	4.000000 	7.615773 	15.264338 	27.018513 	999.000000 	3.162278 	5.830952 	5.385165 	8.544003 	11.045361 	15.524175 	16.155495 	
128.003906 	43.139309 	66.121101 	51.244511 	84.095184 	99.824844 	35.000000 	36.687874 	42.190044 	70.405968 	92.649879 	79.075912 	111.112556 	65.192024 	23.430750 	58.523499 	26.172504 	24.000000 	20.223749 	20.099751 	22.000000 	26.305893 	21.023796 	22.090721 	26.683329 	41.231056 	22.561028 	11.661903 	22.803509 	36.674240 	12.369317 	11.000000 	10.000000 	5.385165 	4.472136 	4.242640 	6.000000 	13.000000 	30.000000 	3.162278 	999.000000 	2.828427 	2.236068 	5.385165 	12.649111 	17.464249 	16.278820 	
130.249756 	43.185646 	68.264191 	53.084839 	82.024384 	102.181213 	35.510563 	38.078865 	44.045429 	72.780495 	91.214035 	77.620872 	113.216606 	63.071388 	23.345236 	61.032780 	28.017851 	26.076809 	22.022715 	22.000000 	24.083189 	28.635643 	23.194826 	24.331051 	29.120440 	43.863426 	25.000000 	12.649111 	25.298222 	39.357338 	11.180340 	13.152946 	12.165525 	5.000000 	6.000000 	5.099020 	4.472136 	10.440307 	32.802441 	5.830952 	2.828427 	999.000000 	1.000000 	3.000000 	15.231546 	20.124611 	18.027756 	
130.115326 	43.863426 	68.183578 	53.150730 	83.024094 	101.980392 	36.055511 	38.327538 	44.102154 	72.567207 	92.179176 	78.587532 	113.159180 	64.070274 	24.041630 	60.728905 	28.071337 	26.019224 	22.090721 	22.022715 	24.020824 	28.442924 	23.086792 	24.186773 	28.861740 	43.462627 	24.738634 	13.000000 	25.000000 	38.910152 	12.083046 	13.038404 	12.041595 	5.656854 	6.082763 	5.385165 	5.385165 	11.401754 	32.202484 	5.385165 	2.236068 	1.000000 	999.000000 	3.162278 	14.317822 	19.235384 	17.029387 	
133.221619 	45.453274 	71.253067 	56.080299 	82.006096 	105.118980 	38.078865 	41.000000 	47.042534 	75.709976 	92.048897 	78.447433 	116.211014 	63.000000 	25.612497 	63.890530 	31.016125 	29.068884 	25.019993 	25.000000 	27.073973 	31.575306 	26.172504 	27.294687 	32.015621 	46.615448 	27.892651 	15.524175 	28.160255 	42.047592 	12.806249 	16.124516 	15.132746 	7.615773 	9.000000 	8.062258 	6.403124 	10.000000 	35.227829 	8.544003 	5.385165 	3.000000 	3.162278 	999.000000 	16.643316 	21.633308 	18.110771 	
123.065025 	50.249378 	62.514000 	49.979996 	96.332756 	94.260277 	40.804413 	38.600517 	41.231056 	65.030762 	103.576057 	90.094398 	107.228729 	77.524193 	31.953091 	52.239830 	26.627054 	23.323807 	21.931713 	21.260292 	21.633308 	23.409399 	20.248457 	20.591261 	22.803509 	34.234486 	19.313208 	18.973665 	18.973665 	29.274563 	24.020824 	13.892444 	13.416408 	17.117243 	14.000000 	15.033297 	18.439089 	25.632011 	20.880613 	11.045361 	12.649111 	15.231546 	14.317822 	16.643316 	999.000000 	5.000000 	8.062258 	
120.000000 	52.325901 	60.207973 	48.754486 	100.603180 	91.049438 	42.544094 	38.897301 	40.311287 	62.032249 	107.056061 	93.648277 	104.580116 	81.884064 	34.928497 	49.010204 	26.870058 	23.345236 	23.021729 	22.203604 	21.931713 	22.472204 	20.518284 	20.518284 	21.470911 	31.000000 	18.601076 	22.203604 	18.027756 	26.000000 	28.284271 	16.492422 	16.278820 	21.587032 	18.248287 	19.416489 	23.086792 	30.463093 	17.117243 	15.524175 	17.464249 	20.124611 	19.235384 	21.633308 	5.000000 	999.000000 	10.000000 	
130.000000 	57.428215 	70.035706 	57.939625 	100.004997 	101.044548 	48.270073 	46.615448 	49.244289 	72.027771 	108.908218 	95.341492 	114.529472 	81.024689 	38.470768 	59.008472 	34.669872 	31.384710 	29.832869 	29.206163 	29.681644 	31.384710 	28.301943 	28.653097 	30.675724 	41.000000 	27.313000 	25.553865 	26.925823 	36.000000 	28.635643 	21.260292 	20.615528 	21.587032 	19.313208 	19.924858 	22.203604 	28.071337 	27.073973 	16.155495 	16.278820 	18.027756 	17.029387 	18.110771 	8.062258 	10.000000 	999.000000 	

Travel time:
9.000000 	2.694671 	1.554228 	1.971199 	4.120149 	0.728869 	2.642205 	2.397003 	2.183031 	1.450862 	3.730030 	3.582074 	0.485412 	3.871773 	2.926175 	1.775176 	2.569290 	2.605883 	2.716846 	2.712586 	2.655301 	2.542759 	2.676402 	2.648231 	2.537346 	2.225000 	2.639365 	2.976260 	2.636878 	2.350000 	3.178050 	2.927456 	2.952224 	3.168793 	3.107752 	3.136180 	3.222286 	3.373426 	2.575485 	3.122599 	3.200098 	3.256244 	3.252883 	3.330540 	3.076626 	3.000000 	3.250000 	
2.694671 	9.000000 	1.255239 	0.835539 	1.574206 	2.110095 	0.254951 	0.515388 	0.738664 	1.488707 	1.488497 	1.188486 	2.215993 	1.219887 	0.496236 	1.364734 	0.707107 	0.789383 	0.743303 	0.766893 	0.800391 	0.880696 	0.831038 	0.848896 	0.930390 	1.191900 	0.921954 	0.800391 	0.946375 	1.177391 	0.825379 	0.908983 	0.922293 	0.955249 	0.973717 	0.972432 	0.976281 	0.995615 	1.234150 	1.046721 	1.078483 	1.079641 	1.096586 	1.136332 	1.256234 	1.308148 	1.435705 	
1.554228 	1.255239 	9.000000 	0.437321 	2.811139 	0.883530 	1.137157 	0.860959 	0.632456 	0.261008 	2.594706 	2.353853 	1.125278 	2.475126 	1.388569 	0.410031 	1.015197 	1.054751 	1.163239 	1.159741 	1.104536 	1.000000 	1.127497 	1.101136 	1.001249 	0.761577 	1.100284 	1.422146 	1.101136 	0.877853 	1.625000 	1.378632 	1.403567 	1.615743 	1.557241 	1.584692 	1.668832 	1.819512 	1.106797 	1.576785 	1.653028 	1.706605 	1.704589 	1.781327 	1.562850 	1.505199 	1.750893 	
1.971199 	0.835539 	0.437321 	9.000000 	2.406502 	1.319327 	0.700446 	0.427200 	0.226385 	0.654313 	2.245273 	1.980057 	1.520691 	2.051828 	0.956883 	0.564026 	0.626997 	0.686477 	0.776611 	0.778621 	0.735697 	0.664266 	0.764853 	0.745822 	0.682825 	0.617454 	0.766893 	1.025305 	0.775403 	0.691466 	1.212693 	1.007782 	1.032594 	1.225000 	1.177391 	1.201041 	1.275245 	1.410895 	0.886707 	1.209339 	1.281113 	1.327121 	1.328768 	1.402007 	1.249500 	1.218862 	1.448491 	
4.120149 	1.574206 	2.811139 	2.406502 	9.000000 	3.623966 	1.766529 	2.069118 	2.307054 	3.055016 	0.667083 	0.577170 	3.635416 	0.475657 	1.717010 	2.936942 	2.159427 	2.213594 	2.112019 	2.136001 	2.198295 	2.324328 	2.215006 	2.246108 	2.371708 	2.711549 	2.318000 	1.981161 	2.342008 	2.665638 	1.808487 	2.133219 	2.128967 	1.980688 	2.059733 	2.032547 	1.952562 	1.800174 	2.644334 	2.132194 	2.102380 	2.050610 	2.075602 	2.050152 	2.408319 	2.515079 	2.500125 	
0.728869 	2.110095 	0.883530 	1.319327 	3.623966 	9.000000 	2.015564 	1.744456 	1.513481 	0.735697 	3.321991 	3.124100 	0.477624 	3.322744 	2.271838 	1.051190 	1.882153 	1.910007 	2.026080 	2.019437 	1.958475 	1.838648 	1.976898 	1.946953 	1.829105 	1.501874 	1.931968 	2.287056 	1.927596 	1.626730 	2.498250 	2.226264 	2.250694 	2.473863 	2.407930 	2.437852 	2.528463 	2.689098 	1.850169 	2.417256 	2.495621 	2.554530 	2.549510 	2.627975 	2.356507 	2.276236 	2.526114 	
2.642205 	0.254951 	1.137157 	0.700446 	1.766529 	2.015564 	9.000000 	0.305164 	0.550568 	1.347683 	1.731509 	1.422146 	2.174425 	1.375000 	0.333542 	1.180042 	0.452769 	0.534439 	0.492443 	0.515388 	0.546008 	0.626997 	0.577170 	0.594243 	0.676849 	0.958188 	0.667083 	0.585769 	0.691466 	0.933408 	0.664266 	0.675463 	0.691466 	0.763217 	0.765261 	0.770146 	0.794119 	0.855132 	0.980115 	0.832541 	0.875000 	0.887764 	0.901388 	0.951972 	1.020110 	1.063602 	1.206752 	
2.397003 	0.515388 	0.860959 	0.427200 	2.069118 	1.744456 	0.305164 	9.000000 	0.247487 	1.055047 	2.001562 	1.703856 	1.941649 	1.680030 	0.529741 	0.875000 	0.301040 	0.388909 	0.425000 	0.437321 	0.425735 	0.437321 	0.460977 	0.459619 	0.480885 	0.679154 	0.515388 	0.637377 	0.535023 	0.676849 	0.800391 	0.660019 	0.682825 	0.838525 	0.807001 	0.824621 	0.883883 	1.000312 	0.775403 	0.854400 	0.917197 	0.951972 	0.958188 	1.025000 	0.965013 	0.972432 	1.165386 	
2.183031 	0.738664 	0.632456 	0.226385 	2.307054 	1.513481 	0.550568 	0.247487 	9.000000 	0.811249 	2.207374 	1.921100 	1.739612 	1.925162 	0.760345 	0.630971 	0.400780 	0.460977 	0.550568 	0.552268 	0.509902 	0.447214 	0.539676 	0.522015 	0.471699 	0.509902 	0.548293 	0.801561 	0.559017 	0.548293 	0.995301 	0.781425 	0.806226 	1.000312 	0.951315 	0.975320 	1.051190 	1.191900 	0.710634 	0.982980 	1.054751 	1.101136 	1.102554 	1.176063 	1.030776 	1.007782 	1.231107 	
1.450862 	1.488707 	0.261008 	0.654313 	3.055016 	0.735697 	1.347683 	1.055047 	0.811249 	9.000000 	2.853178 	2.607921 	1.073837 	2.706127 	1.569236 	0.333542 	1.155963 	1.178187 	1.296630 	1.288652 	1.226020 	1.103687 	1.243232 	1.212693 	1.093446 	0.776611 	1.196349 	1.557442 	1.191900 	0.901388 	1.773415 	1.491643 	1.515957 	1.741049 	1.673507 	1.703856 	1.796003 	1.960867 	1.129436 	1.681703 	1.760149 	1.819512 	1.814180 	1.892749 	1.625769 	1.550806 	1.800694 	
3.730030 	1.488497 	2.594706 	2.245273 	0.667083 	3.321991 	1.731509 	2.001562 	2.207374 	2.853178 	9.000000 	0.340037 	3.254420 	0.919918 	1.808487 	2.806800 	2.177298 	2.250556 	2.175575 	2.200568 	2.250000 	2.352127 	2.275137 	2.300000 	2.402082 	2.680019 	2.375000 	2.121320 	2.400000 	2.664231 	2.007019 	2.266743 	2.269912 	2.183031 	2.245551 	2.226264 	2.170829 	2.063523 	2.700463 	2.324059 	2.316247 	2.280351 	2.304479 	2.301222 	2.589401 	2.676402 	2.722705 	
3.582074 	1.188486 	2.353853 	1.980057 	0.577170 	3.124100 	1.422146 	1.703856 	1.921100 	2.607921 	0.340037 	9.000000 	3.099698 	0.648556 	1.476906 	2.534758 	1.860779 	1.930835 	1.850676 	1.875667 	1.927596 	2.034853 	1.951442 	1.977530 	2.084616 	2.378156 	2.052438 	1.786232 	2.077408 	2.355048 	1.667708 	1.932938 	1.935362 	1.843909 	1.907387 	1.887624 	1.831154 	1.723731 	2.379732 	1.985730 	1.976898 	1.940522 	1.964688 	1.961186 	2.252360 	2.341207 	2.383537 	
0.485412 	2.215993 	1.125278 	1.520691 	3.635416 	0.477624 	2.174425 	1.941649 	1.739612 	1.073837 	3.254420 	3.099698 	9.000000 	3.387108 	2.467919 	1.407347 	2.134391 	2.178589 	2.283774 	2.281721 	2.228508 	2.125147 	2.252221 	2.226264 	2.125147 	1.845603 	2.225000 	2.539931 	2.225140 	1.969296 	2.733244 	2.503123 	2.528092 	2.736444 	2.680718 	2.707397 	2.788593 	2.930977 	2.199148 	2.701851 	2.777814 	2.830415 	2.828979 	2.905275 	2.680718 	2.614503 	2.863237 	
3.871773 	1.219887 	2.475126 	2.051828 	0.475657 	3.322744 	1.375000 	1.680030 	1.925162 	2.706127 	0.919918 	0.648556 	3.387108 	9.000000 	1.276959 	2.555020 	1.732953 	1.779396 	1.671264 	1.694476 	1.759616 	1.891098 	1.773415 	1.805893 	1.936814 	2.292651 	1.875667 	1.521923 	1.899013 	2.236767 	1.340009 	1.673507 	1.667708 	1.510174 	1.590990 	1.562850 	1.480287 	1.325000 	2.198010 	1.662077 	1.629801 	1.576785 	1.601757 	1.575000 	1.938105 	2.047101 	2.025617 	
2.926175 	0.496236 	1.388569 	0.956883 	1.717010 	2.271838 	0.333542 	0.529741 	0.760345 	1.569236 	1.808487 	1.476906 	2.467919 	1.276959 	9.000000 	1.347683 	0.465027 	0.503115 	0.395285 	0.419076 	0.482830 	0.614919 	0.498121 	0.529741 	0.660019 	1.026219 	0.601041 	0.325000 	0.625000 	0.961769 	0.335410 	0.460977 	0.467039 	0.459619 	0.485412 	0.480234 	0.480234 	0.522015 	0.927699 	0.561805 	0.585769 	0.583631 	0.601041 	0.640312 	0.798827 	0.873212 	0.961769 	
1.775176 	1.364734 	0.410031 	0.564026 	2.936942 	1.051190 	1.180042 	0.875000 	0.630971 	0.333542 	2.806800 	2.534758 	1.407347 	2.555020 	1.347683 	9.000000 	0.901388 	0.905883 	1.029563 	1.017657 	0.950329 	0.817389 	0.962094 	0.929045 	0.798827 	0.450694 	0.901388 	1.285739 	0.893378 	0.575543 	1.510381 	1.202601 	1.226020 	1.457738 	1.384061 	1.416201 	1.513481 	1.688565 	0.800391 	1.384061 	1.463087 	1.525820 	1.518223 	1.597263 	1.305996 	1.225255 	1.475212 	
2.569290 	0.707107 	1.015197 	0.626997 	2.159427 	1.882153 	0.452769 	0.301040 	0.400780 	1.155963 	2.177298 	1.860779 	2.134391 	1.732953 	0.465027 	0.901388 	9.000000 	0.090139 	0.150000 	0.152069 	0.125000 	0.175000 	0.160078 	0.160078 	0.225000 	0.561805 	0.223607 	0.406971 	0.246221 	0.506211 	0.617454 	0.382426 	0.406971 	0.602080 	0.550568 	0.575000 	0.654313 	0.807001 	0.527376 	0.583631 	0.654313 	0.700446 	0.701783 	0.775403 	0.665676 	0.671751 	0.866747 	
2.605883 	0.789383 	1.054751 	0.686477 	2.213594 	1.910007 	0.534439 	0.388909 	0.460977 	1.178187 	2.250556 	1.930835 	2.178589 	1.779396 	0.503115 	0.905883 	0.090139 	9.000000 	0.125000 	0.111803 	0.050000 	0.111803 	0.079057 	0.070711 	0.158114 	0.531507 	0.134629 	0.380789 	0.158114 	0.458939 	0.604669 	0.325000 	0.350000 	0.564026 	0.502494 	0.530330 	0.618466 	0.784618 	0.450000 	0.525595 	0.600000 	0.651920 	0.650481 	0.726722 	0.583095 	0.583631 	0.784618 	
2.716846 	0.743303 	1.163239 	0.776611 	2.112019 	2.026080 	0.492443 	0.425000 	0.550568 	1.296630 	2.175575 	1.850676 	2.283774 	1.671264 	0.395285 	1.029563 	0.150000 	0.125000 	9.000000 	0.025000 	0.090139 	0.230489 	0.103078 	0.134629 	0.270416 	0.654313 	0.206155 	0.261008 	0.230489 	0.575543 	0.480885 	0.237171 	0.261008 	0.452769 	0.400780 	0.425000 	0.505594 	0.664266 	0.534439 	0.436606 	0.505594 	0.550568 	0.552268 	0.625500 	0.548293 	0.575543 	0.745822 	
2.712586 	0.766893 	1.159741 	0.778621 	2.136001 	2.019437 	0.515388 	0.437321 	0.552268 	1.288652 	2.200568 	1.875667 	2.281721 	1.694476 	0.419076 	1.017657 	0.152069 	0.111803 	0.025000 	9.000000 	0.070711 	0.212132 	0.079057 	0.111803 	0.250000 	0.636396 	0.182003 	0.269258 	0.206155 	0.555090 	0.493077 	0.230489 	0.254951 	0.456207 	0.400000 	0.425735 	0.509902 	0.673146 	0.509902 	0.431567 	0.502494 	0.550000 	0.550568 	0.625000 	0.531507 	0.555090 	0.730154 	
2.655301 	0.800391 	1.104536 	0.735697 	2.198295 	1.958475 	0.546008 	0.425735 	0.509902 	1.226020 	2.250000 	1.927596 	2.228508 	1.759616 	0.482830 	0.950329 	0.125000 	0.050000 	0.090139 	0.070711 	9.000000 	0.141421 	0.035355 	0.050000 	0.180278 	0.565685 	0.125000 	0.335410 	0.150000 	0.485412 	0.561805 	0.275000 	0.300000 	0.515388 	0.452769 	0.480885 	0.570088 	0.738664 	0.452769 	0.475657 	0.550000 	0.602080 	0.600521 	0.676849 	0.540833 	0.548293 	0.742041 	
2.542759 	0.880696 	1.000000 	0.664266 	2.324328 	1.838648 	0.626997 	0.437321 	0.447214 	1.103687 	2.352127 	2.034853 	2.125147 	1.891098 	0.614919 	0.817389 	0.175000 	0.111803 	0.230489 	0.212132 	0.141421 	9.000000 	0.145774 	0.111803 	0.050000 	0.424264 	0.103078 	0.471699 	0.111803 	0.347311 	0.700446 	0.388104 	0.412311 	0.640800 	0.570088 	0.601041 	0.696419 	0.872138 	0.353553 	0.579871 	0.657647 	0.715891 	0.711073 	0.789383 	0.585235 	0.561805 	0.784618 	
2.676402 	0.831038 	1.127497 	0.764853 	2.215006 	1.976898 	0.577170 	0.460977 	0.539676 	1.243232 	2.275137 	1.951442 	2.252221 	1.773415 	0.498121 	0.962094 	0.160078 	0.079057 	0.103078 	0.079057 	0.035355 	0.145774 	9.000000 	0.035355 	0.176777 	0.566789 	0.103078 	0.325960 	0.127475 	0.480234 	0.555090 	0.251247 	0.276134 	0.498121 	0.431567 	0.460977 	0.553399 	0.726722 	0.431567 	0.450000 	0.525595 	0.579871 	0.577170 	0.654313 	0.506211 	0.512957 	0.707549 	
2.648231 	0.848896 	1.101136 	0.745822 	2.246108 	1.946953 	0.594243 	0.459619 	0.522015 	1.212693 	2.300000 	1.977530 	2.226264 	1.805893 	0.529741 	0.929045 	0.160078 	0.070711 	0.134629 	0.111803 	0.050000 	0.111803 	0.035355 	9.000000 	0.141421 	0.531507 	0.075000 	0.360555 	0.100000 	0.445112 	0.590021 	0.279509 	0.304138 	0.529741 	0.460977 	0.491172 	0.585235 	0.760345 	0.403113 	0.475657 	0.552268 	0.608276 	0.604669 	0.682367 	0.514782 	0.512957 	0.716327 	
2.537346 	0.930390 	1.001249 	0.682825 	2.371708 	1.829105 	0.676849 	0.480885 	0.471699 	1.093446 	2.402082 	2.084616 	2.125147 	1.936814 	0.660019 	0.798827 	0.225000 	0.158114 	0.270416 	0.250000 	0.180278 	0.050000 	0.176777 	0.141421 	9.000000 	0.390512 	0.103078 	0.500000 	0.100000 	0.305164 	0.730154 	0.403887 	0.427200 	0.660019 	0.585235 	0.617454 	0.715891 	0.896172 	0.304138 	0.588430 	0.667083 	0.728011 	0.721543 	0.800391 	0.570088 	0.536773 	0.766893 	
2.225000 	1.191900 	0.761577 	0.617454 	2.711549 	1.501874 	0.958188 	0.679154 	0.509902 	0.776611 	2.680019 	2.378156 	1.845603 	2.292651 	1.026219 	0.450694 	0.561805 	0.531507 	0.654313 	0.636396 	0.565685 	0.424264 	0.566789 	0.531507 	0.390512 	9.000000 	0.485412 	0.890225 	0.471699 	0.125000 	1.120547 	0.784618 	0.806226 	1.041933 	0.961769 	0.995615 	1.097725 	1.282819 	0.353553 	0.951972 	1.030776 	1.096586 	1.086566 	1.165386 	0.855862 	0.775000 	1.025000 	
2.639365 	0.921954 	1.100284 	0.766893 	2.318000 	1.931968 	0.667083 	0.515388 	0.548293 	1.196349 	2.375000 	2.052438 	2.225000 	1.875667 	0.601041 	0.901388 	0.223607 	0.134629 	0.206155 	0.182003 	0.125000 	0.103078 	0.103078 	0.075000 	0.103078 	0.485412 	9.000000 	0.406971 	0.025000 	0.388909 	0.637377 	0.302076 	0.325000 	0.559017 	0.482830 	0.515388 	0.614919 	0.797653 	0.328824 	0.485412 	0.564026 	0.625000 	0.618466 	0.697316 	0.482830 	0.465027 	0.682825 	
2.976260 	0.800391 	1.422146 	1.025305 	1.981161 	2.287056 	0.585769 	0.637377 	0.801561 	1.557442 	2.121320 	1.786232 	2.539931 	1.521923 	0.325000 	1.285739 	0.406971 	0.380789 	0.261008 	0.269258 	0.335410 	0.471699 	0.325960 	0.360555 	0.500000 	0.890225 	0.406971 	9.000000 	0.424264 	0.795692 	0.230489 	0.152069 	0.150000 	0.201556 	0.180278 	0.190394 	0.250000 	0.403887 	0.694622 	0.247487 	0.291548 	0.316228 	0.325000 	0.388104 	0.474342 	0.555090 	0.638847 	
2.636878 	0.946375 	1.101136 	0.775403 	2.342008 	1.927596 	0.691466 	0.535023 	0.559017 	1.191900 	2.400000 	2.077408 	2.225140 	1.899013 	0.625000 	0.893378 	0.246221 	0.158114 	0.230489 	0.206155 	0.150000 	0.111803 	0.127475 	0.100000 	0.100000 	0.471699 	0.025000 	0.424264 	9.000000 	0.371652 	0.654313 	0.313249 	0.335410 	0.570636 	0.492443 	0.525595 	0.626498 	0.811249 	0.304138 	0.491172 	0.570088 	0.632456 	0.625000 	0.704006 	0.474342 	0.450694 	0.673146 	
2.350000 	1.177391 	0.877853 	0.691466 	2.665638 	1.626730 	0.933408 	0.676849 	0.548293 	0.901388 	2.664231 	2.355048 	1.969296 	2.236767 	0.961769 	0.575543 	0.506211 	0.458939 	0.575543 	0.555090 	0.485412 	0.347311 	0.480234 	0.445112 	0.305164 	0.125000 	0.388909 	0.795692 	0.371652 	9.000000 	1.025914 	0.680074 	0.700446 	0.936082 	0.853302 	0.887764 	0.991527 	1.180042 	0.230489 	0.838525 	0.916856 	0.983933 	0.972754 	1.051190 	0.731864 	0.650000 	0.900000 	
3.178050 	0.825379 	1.625000 	1.212693 	1.808487 	2.498250 	0.664266 	0.800391 	0.995301 	1.773415 	2.007019 	1.667708 	2.733244 	1.340009 	0.335410 	1.510381 	0.617454 	0.604669 	0.480885 	0.493077 	0.561805 	0.700446 	0.555090 	0.590021 	0.730154 	1.120547 	0.637377 	0.230489 	0.654313 	1.025914 	9.000000 	0.360555 	0.347311 	0.176777 	0.251247 	0.225000 	0.167705 	0.200000 	0.915492 	0.325000 	0.309233 	0.279509 	0.302076 	0.320156 	0.600521 	0.707107 	0.715891 	
2.927456 	0.908983 	1.378632 	1.007782 	2.133219 	2.226264 	0.675463 	0.660019 	0.781425 	1.491643 	2.266743 	1.932938 	2.503123 	1.673507 	0.460977 	1.202601 	0.382426 	0.325000 	0.237171 	0.230489 	0.275000 	0.388104 	0.251247 	0.279509 	0.403887 	0.784618 	0.302076 	0.152069 	0.313249 	0.680074 	0.360555 	9.000000 	0.025000 	0.257391 	0.182003 	0.213600 	0.313249 	0.500000 	0.555090 	0.201556 	0.275000 	0.328824 	0.325960 	0.403113 	0.347311 	0.412311 	0.531507 	
2.952224 	0.922293 	1.403567 	1.032594 	2.128967 	2.250694 	0.691466 	0.682825 	0.806226 	1.515957 	2.269912 	1.935362 	2.528092 	1.667708 	0.467039 	1.226020 	0.406971 	0.350000 	0.261008 	0.254951 	0.300000 	0.412311 	0.276134 	0.304138 	0.427200 	0.806226 	0.325000 	0.150000 	0.335410 	0.700446 	0.347311 	0.025000 	9.000000 	0.235850 	0.158114 	0.190394 	0.291548 	0.480234 	0.570088 	0.176777 	0.250000 	0.304138 	0.301040 	0.378319 	0.335410 	0.406971 	0.515388 	
