Total assets = 600
Number of asset nodes = 33

Distance:
999.000000 	94.201912 	95.000000 	54.561890 	90.443352 	62.609905 	92.913940 	55.154327 	93.744331 	27.294687 	75.286118 	53.009434 	98.792709 	132.966156 	158.521286 	156.204987 	34.176014 	8.246211 	31.384710 	153.912308 	59.236813 	52.810986 	159.154007 	9.055386 	157.492859 	10.198039 	155.219193 	28.653097 	58.189346 	135.148071 	69.462219 	10.295630 	30.886890 	54.120235 	24.207438 	137.974640 	13.928389 	71.309189 	153.574081 	12.041595 	61.983868 	61.684681 	59.203041 	57.974133 	14.422205 	15.033297 	
94.201912 	999.000000 	1.000000 	42.011902 	5.099020 	34.669872 	5.385165 	43.266617 	5.830952 	114.947815 	19.235384 	41.231056 	35.468296 	40.816662 	70.576202 	67.779053 	127.318497 	100.767059 	124.807854 	65.000000 	40.311287 	47.169907 	70.936592 	99.156441 	68.541962 	102.068604 	65.795135 	122.641754 	42.941822 	42.438190 	31.953091 	96.208107 	124.851913 	47.885281 	118.406082 	45.221676 	106.301460 	31.320919 	63.063461 	101.178062 	41.231056 	42.154476 	44.777225 	46.097721 	96.176918 	104.690018 	
95.000000 	1.000000 	999.000000 	42.638012 	5.385165 	35.227829 	5.099020 	43.829212 	5.385165 	115.836090 	20.124611 	42.011902 	36.124783 	40.311287 	70.228203 	67.416618 	128.160049 	101.533249 	125.642349 	64.621979 	40.816662 	47.707443 	70.576202 	99.904953 	68.154236 	102.825096 	65.391129 	123.458496 	43.416588 	41.880783 	32.310989 	96.938126 	125.670204 	48.373547 	119.201508 	44.654228 	107.056061 	31.622776 	62.609905 	101.911728 	41.629318 	42.544094 	45.188496 	46.518814 	96.876213 	105.418213 	
54.561890 	42.011902 	42.638012 	999.000000 	37.536648 	8.062258 	39.597980 	3.605551 	40.311287 	78.587532 	25.632011 	9.219544 	60.074955 	82.661964 	111.364265 	108.706024 	88.639717 	60.207973 	85.906929 	106.066017 	6.324555 	7.071068 	111.825760 	58.249462 	109.658562 	61.294373 	107.042046 	83.186539 	7.810250 	84.403793 	15.297058 	55.000000 	85.422478 	9.486833 	78.390053 	87.200920 	65.459915 	17.262676 	104.623131 	60.000000 	11.180340 	11.661903 	11.313708 	11.401754 	54.561890 	63.411354 	
90.443352 	5.099020 	5.385165 	37.536648 	999.000000 	30.000000 	3.000000 	38.600517 	4.000000 	111.825760 	16.492422 	37.443291 	38.832977 	45.650848 	75.610847 	72.801102 	123.822456 	96.829750 	121.264175 	70.007141 	35.510563 	42.438190 	75.960518 	95.131485 	73.539108 	98.081596 	70.774292 	118.983192 	38.078865 	47.169907 	26.925823 	92.097771 	121.202309 	43.046486 	114.621117 	49.929951 	102.303467 	26.248810 	67.977936 	97.082436 	36.249138 	37.161808 	39.812057 	41.146080 	91.934761 	100.568382 	
62.609905 	34.669872 	35.227829 	8.062258 	30.000000 	999.000000 	31.890438 	8.602325 	32.557640 	86.400230 	20.099751 	13.341664 	56.142673 	75.471848 	104.694794 	101.980392 	96.664368 	68.264191 	93.941475 	99.282425 	6.082763 	12.529964 	105.118980 	66.287254 	102.859123 	69.339745 	100.184830 	91.241440 	9.055386 	77.103828 	8.062258 	63.007935 	93.477272 	13.601471 	86.452301 	79.881165 	73.498299 	10.049875 	97.616600 	68.007355 	9.486833 	10.440307 	12.041595 	13.000000 	62.481998 	71.400284 	
92.913940 	5.385165 	5.099020 	39.597980 	3.000000 	31.890438 	999.000000 	40.459858 	1.000000 	114.542572 	19.416489 	39.962482 	40.607880 	44.283180 	74.632431 	71.784401 	126.400162 	99.201813 	123.822456 	68.949257 	37.202152 	44.204071 	74.946648 	97.452553 	72.449982 	100.424103 	69.641945 	121.490738 	39.661064 	45.650848 	28.178005 	94.366310 	123.713379 	44.654228 	117.068359 	48.373547 	104.637466 	27.313000 	66.708321 	99.357941 	37.589893 	38.470768 	41.182522 	42.544094 	94.111633 	102.825096 	
55.154327 	43.266617 	43.829212 	3.605551 	38.600517 	8.602325 	40.459858 	999.000000 	41.109608 	79.831070 	27.892651 	12.806249 	63.007935 	84.059502 	113.159180 	110.462662 	89.319649 	60.415230 	86.539009 	107.782188 	4.123106 	4.123106 	113.595772 	58.309521 	111.364265 	61.400326 	108.706024 	83.671982 	4.472136 	85.702972 	14.317822 	54.918121 	85.906929 	6.082763 	78.714676 	88.481636 	65.513359 	16.155495 	106.174385 	59.908264 	8.246211 	8.544003 	7.810250 	7.810250 	54.203320 	63.245552 	
93.744331 	5.830952 	5.385165 	40.311287 	4.000000 	32.557640 	1.000000 	41.109608 	999.000000 	115.451286 	20.396078 	40.816662 	41.231056 	43.863426 	74.330345 	71.470276 	127.263504 	100.000000 	124.679588 	68.622154 	37.802116 	44.821869 	74.632431 	98.234413 	72.111023 	101.212646 	69.289246 	122.331520 	40.224369 	45.177429 	28.653097 	95.131485 	124.555206 	45.221676 	117.889778 	47.885281 	105.422958 	27.730848 	66.309875 	100.124924 	38.078865 	38.948685 	41.677334 	43.046486 	94.847244 	103.585716 	
27.294687 	114.947815 	115.836090 	78.587532 	111.825760 	86.400230 	114.542572 	79.831070 	115.451286 	999.000000 	95.713112 	75.026665 	112.432205 	151.238220 	174.040222 	172.002914 	16.763054 	27.730848 	16.124516 	169.994110 	83.952370 	78.089691 	174.771286 	30.870699 	173.484863 	28.653097 	171.493439 	18.110771 	83.360664 	153.687988 	93.861603 	34.539833 	19.000000 	79.762146 	20.615528 	156.473633 	27.802877 	95.801880 	170.417130 	32.249031 	87.298340 	87.132080 	84.852814 	83.725746 	38.483765 	32.202484 	
75.286118 	19.235384 	20.124611 	25.632011 	16.492422 	20.099751 	19.416489 	27.892651 	20.396078 	95.713112 	999.000000 	22.671568 	36.496574 	58.137768 	85.959290 	83.354668 	108.166542 	82.073135 	105.683487 	80.777473 	26.172504 	32.015621 	86.452301 	80.610176 	84.380089 	83.450584 	81.835197 	103.600197 	29.154760 	60.141499 	21.840330 	77.833153 	105.801704 	33.541019 	99.488693 	62.968246 	87.692642 	22.472204 	79.630394 	82.758682 	29.017237 	30.016663 	32.015621 	33.060551 	78.102493 	86.313385 	
53.009434 	41.231056 	42.011902 	9.219544 	37.443291 	13.341664 	39.962482 	12.806249 	40.816662 	75.026665 	22.671568 	999.000000 	53.758720 	80.808418 	108.226616 	105.688217 	86.452301 	59.548298 	83.862984 	103.174606 	15.000000 	15.652476 	108.756607 	58.000000 	106.780151 	60.876926 	104.292854 	81.541397 	16.970562 	82.807007 	21.377558 	55.172459 	83.761566 	18.357559 	77.201035 	85.632935 	65.115280 	23.345236 	102.200783 	60.108234 	20.000000 	20.615528 	20.518284 	20.615528 	55.443665 	63.655323 	
98.792709 	35.468296 	36.124783 	60.074955 	38.832977 	56.142673 	40.607880 	63.007935 	41.231056 	112.432205 	36.496574 	53.758720 	999.000000 	44.721359 	61.846584 	60.000000 	127.561752 	106.677086 	125.606529 	58.249462 	62.072536 	67.029846 	62.625874 	106.066017 	61.611687 	108.406639 	59.908264 	124.631454 	65.069191 	47.675991 	58.249462 	104.201729 	126.657021 	69.000000 	121.827744 	50.009998 	112.507774 	58.694122 	59.539902 	108.706024 	65.375839 	66.370171 	68.183578 	69.115845 	105.603027 	112.294258 	
132.966156 	40.816662 	40.311287 	82.661964 	45.650848 	75.471848 	44.283180 	84.059502 	43.863426 	151.238220 	58.137768 	80.808418 	44.721359 	999.000000 	31.257000 	28.284271 	164.924225 	140.014282 	162.606888 	25.317978 	81.123360 	87.982956 	31.400637 	138.657852 	28.635643 	141.449631 	25.709921 	160.863297 	83.725746 	3.000000 	72.449982 	135.948517 	163.027603 	88.684837 	157.079605 	5.385165 	145.691452 	71.589104 	22.472204 	140.858078 	81.841309 	82.734512 	85.422478 	86.769814 	136.235092 	144.422989 	
158.521286 	70.576202 	70.228203 	111.364265 	75.610847 	104.694794 	74.632431 	113.159180 	74.330345 	174.040222 	85.959290 	108.226616 	61.846584 	31.257000 	999.000000 	3.000000 	188.809433 	166.027100 	186.724396 	6.000000 	110.571243 	117.200684 	1.000000 	165.000000 	3.605551 	167.609665 	6.324555 	185.456192 	113.318138 	31.016125 	102.528046 	162.631485 	187.544662 	118.186295 	182.222397 	29.017237 	171.816757 	101.843018 	10.770329 	167.409683 	111.789978 	112.720894 	115.316956 	116.619041 	163.367691 	171.011688 	
156.204987 	67.779053 	67.416618 	108.706024 	72.801102 	101.980392 	71.784401 	110.462662 	71.470276 	172.002914 	83.354668 	105.688217 	60.000000 	28.284271 	3.000000 	999.000000 	186.676193 	163.670395 	184.567062 	3.000000 	107.837845 	114.494545 	3.162278 	162.609970 	2.000000 	165.239227 	3.605551 	183.251190 	110.571243 	28.017851 	99.724625 	160.206116 	185.348328 	115.451286 	179.961105 	26.019224 	169.452057 	99.020203 	8.062258 	165.000000 	109.004585 	109.931801 	112.538879 	113.846390 	160.897476 	168.600113 	
34.176014 	127.318497 	128.160049 	88.639717 	123.822456 	96.664368 	126.400162 	89.319649 	127.263504 	16.763054 	108.166542 	86.452301 	127.561752 	164.924225 	188.809433 	186.676193 	999.000000 	30.265491 	3.000000 	184.567062 	93.407707 	86.977005 	189.509888 	33.136082 	188.095718 	30.066593 	186.002686 	7.280110 	92.358002 	167.263260 	103.619499 	37.121422 	5.830952 	88.232651 	13.341664 	170.073517 	27.018513 	105.475113 	184.718704 	33.000000 	96.135323 	95.817535 	93.300591 	92.048897 	40.000000 	31.144823 	
8.246211 	100.767059 	101.533249 	60.207973 	96.829750 	68.264191 	99.201813 	60.415230 	100.000000 	27.730848 	82.073135 	59.548298 	106.677086 	140.014282 	166.027100 	163.670395 	30.265491 	999.000000 	27.294687 	161.335052 	64.412735 	57.697487 	166.643326 	3.162278 	164.924225 	2.000000 	162.606888 	23.769728 	63.071388 	142.130219 	74.706093 	7.071068 	25.961510 	58.694122 	18.384777 	144.958618 	5.830952 	76.478752 	160.863297 	5.000000 	66.708321 	66.309875 	63.694584 	62.393909 	10.770329 	7.071068 	
31.384710 	124.807854 	125.642349 	85.906929 	121.264175 	93.941475 	123.822456 	86.539009 	124.679588 	16.124516 	105.683487 	83.862984 	125.606529 	162.606888 	186.724396 	184.567062 	3.000000 	27.294687 	999.000000 	182.433548 	90.620087 	84.154617 	187.416641 	30.149628 	185.970428 	27.073973 	183.853195 	4.472136 	89.537704 	164.924225 	100.846420 	34.132095 	3.605551 	85.381500 	10.440307 	167.737885 	24.020824 	102.693718 	182.521225 	30.000000 	93.300591 	92.973114 	90.443352 	89.185204 	37.000000 	28.160255 	
153.912308 	65.000000 	64.621979 	106.066017 	70.007141 	99.282425 	68.949257 	107.782188 	68.622154 	169.994110 	80.777473 	103.174606 	58.249462 	25.317978 	6.000000 	3.000000 	184.567062 	161.335052 	182.433548 	999.000000 	105.118980 	111.803398 	6.082763 	160.240448 	3.605551 	162.889526 	2.000000 	181.069046 	107.837845 	25.019993 	96.932968 	157.800507 	183.174774 	112.729767 	177.721695 	23.021729 	167.107742 	96.208107 	5.656854 	162.609970 	106.230881 	107.154091 	109.772491 	111.085556 	158.445572 	166.207703 	
59.236813 	40.311287 	40.816662 	6.324555 	35.510563 	6.082763 	37.202152 	4.123106 	37.802116 	83.952370 	26.172504 	15.000000 	62.072536 	81.123360 	110.571243 	107.837845 	93.407707 	64.412735 	90.620087 	105.118980 	999.000000 	7.071068 	110.981979 	62.265560 	108.687622 	65.368187 	105.990562 	87.726852 	3.000000 	82.680107 	10.295630 	58.830265 	89.961105 	7.615773 	82.734512 	85.440041 	69.462219 	12.083046 	103.353760 	63.812225 	5.000000 	5.656854 	6.324555 	7.071068 	58.008621 	67.119293 	
52.810986 	47.169907 	47.707443 	7.071068 	42.438190 	12.529964 	44.204071 	4.123106 	44.821869 	78.089691 	32.015621 	15.652476 	67.029846 	87.982956 	117.200684 	114.494545 	86.977005 	57.697487 	84.154617 	111.803398 	7.071068 	999.000000 	117.630775 	55.470715 	115.381973 	58.591808 	112.712021 	81.154175 	5.385165 	89.587944 	17.204651 	51.971146 	83.384651 	2.828427 	76.059189 	92.358002 	62.649822 	18.867962 	110.145355 	56.938564 	9.219544 	9.055386 	7.071068 	6.324555 	51.039200 	60.207973 	
159.154007 	70.936592 	70.576202 	111.825760 	75.960518 	105.118980 	74.946648 	113.595772 	74.632431 	174.771286 	86.452301 	108.756607 	62.625874 	31.400637 	1.000000 	3.162278 	189.509888 	166.643326 	187.416641 	6.082763 	110.981979 	117.630775 	999.000000 	165.601929 	3.162278 	168.220093 	6.082763 	186.131668 	113.718948 	31.064449 	102.883430 	163.217651 	188.223267 	118.595955 	182.877014 	29.000000 	172.429703 	102.181213 	10.440307 	168.002975 	112.160599 	113.088463 	115.693558 	117.000000 	163.932907 	171.604202 	
9.055386 	99.156441 	99.904953 	58.249462 	95.131485 	66.287254 	97.452553 	58.309521 	98.234413 	30.870699 	80.610176 	58.000000 	106.066017 	138.657852 	165.000000 	162.609970 	33.136082 	3.162278 	30.149628 	160.240448 	62.265560 	55.470715 	165.601929 	999.000000 	163.835281 	3.162278 	161.483749 	26.476404 	60.827625 	140.730240 	72.560318 	4.000000 	28.635643 	56.364883 	20.880613 	143.558350 	7.211102 	74.303429 	159.665268 	3.000000 	64.404968 	63.976559 	61.326992 	60.008331 	7.615773 	6.324555 	
157.492859 	68.541962 	68.154236 	109.658562 	73.539108 	102.859123 	72.449982 	111.364265 	72.111023 	173.484863 	84.380089 	106.780151 	61.611687 	28.635643 	3.605551 	2.000000 	188.095718 	164.924225 	185.970428 	3.605551 	108.687622 	115.381973 	3.162278 	163.835281 	999.000000 	166.481232 	3.000000 	184.621231 	111.400177 	28.160255 	100.463921 	161.400131 	186.724396 	116.297035 	181.289825 	26.019224 	170.698563 	99.724625 	7.280110 	166.207703 	109.772491 	110.693268 	113.318138 	114.634201 	162.049377 	169.805771 	
10.198039 	102.068604 	102.825096 	61.294373 	98.081596 	69.339745 	100.424103 	61.400326 	101.212646 	28.653097 	83.450584 	60.876926 	108.406639 	141.449631 	167.609665 	165.239227 	30.066593 	2.000000 	27.073973 	162.889526 	65.368187 	58.591808 	168.220093 	3.162278 	166.481232 	999.000000 	164.149323 	23.345236 	63.953106 	143.544418 	75.663727 	7.071068 	25.495098 	59.506302 	17.720045 	146.372818 	4.242640 	77.414467 	162.373032 	3.605551 	67.542580 	67.119293 	64.474800 	63.158531 	10.198039 	5.099020 	
155.219193 	65.795135 	65.391129 	107.042046 	70.774292 	100.184830 	69.641945 	108.706024 	69.289246 	171.493439 	81.835197 	104.292854 	59.908264 	25.709921 	6.324555 	3.605551 	186.002686 	162.606888 	183.853195 	2.000000 	105.990562 	112.712021 	6.082763 	161.483749 	3.000000 	164.149323 	999.000000 	182.455475 	108.687622 	25.179358 	97.693398 	159.012573 	184.567062 	113.595772 	179.067032 	23.021729 	168.371613 	96.932968 	4.472136 	163.835281 	107.018692 	107.935165 	110.571243 	111.892807 	159.615158 	167.430588 	
28.653097 	122.641754 	123.458496 	83.186539 	118.983192 	91.241440 	121.490738 	83.671982 	122.331520 	18.110771 	103.600197 	81.541397 	124.631454 	160.863297 	185.456192 	183.251190 	7.280110 	23.769728 	4.472136 	181.069046 	87.726852 	81.154175 	186.131668 	26.476404 	184.621231 	23.345236 	182.455475 	999.000000 	86.539009 	163.131851 	97.989792 	30.413813 	2.236068 	82.280006 	6.082763 	165.951797 	20.024984 	99.809822 	181.024857 	26.076809 	90.249657 	89.888817 	87.315521 	86.034874 	33.060551 	24.020824 	
58.189346 	42.941822 	43.416588 	7.810250 	38.078865 	9.055386 	39.661064 	4.472136 	40.224369 	83.360664 	29.154760 	16.970562 	65.069191 	83.725746 	113.318138 	110.571243 	92.358002 	63.071388 	89.537704 	107.837845 	3.000000 	5.385165 	113.718948 	60.827625 	111.400177 	63.953106 	108.687622 	86.539009 	999.000000 	85.234970 	12.041595 	57.306194 	88.769363 	5.000000 	81.437096 	87.982956 	68.000000 	13.601471 	106.004715 	62.265560 	4.000000 	4.123106 	3.605551 	4.123106 	56.302753 	65.513359 	
135.148071 	42.438190 	41.880783 	84.403793 	47.169907 	77.103828 	45.650848 	85.702972 	45.177429 	153.687988 	60.141499 	82.807007 	47.675991 	3.000000 	31.016125 	28.017851 	167.263260 	142.130219 	164.924225 	25.019993 	82.680107 	89.587944 	31.064449 	140.730240 	28.160255 	143.544418 	25.179358 	163.131851 	85.234970 	999.000000 	73.824112 	137.974640 	165.302750 	90.210861 	159.289047 	2.828427 	147.787003 	72.897186 	21.587032 	142.898560 	83.240616 	84.118965 	86.833176 	88.192970 	138.191895 	146.454773 	
69.462219 	31.953091 	32.310989 	15.297058 	26.925823 	8.062258 	28.178005 	14.317822 	28.653097 	93.861603 	21.840330 	21.377558 	58.249462 	72.449982 	102.528046 	99.724625 	103.619499 	74.706093 	100.846420 	96.932968 	10.295630 	17.204651 	102.883430 	72.560318 	100.463921 	75.663727 	97.693398 	97.989792 	12.041595 	73.824112 	999.000000 	69.115845 	100.224747 	16.970562 	93.021500 	76.537575 	79.755875 	2.000000 	94.847244 	74.094536 	9.433981 	10.295630 	13.038404 	14.422205 	68.242218 	77.388626 	
10.295630 	96.208107 	96.938126 	55.000000 	92.097771 	63.007935 	94.366310 	54.918121 	95.131485 	34.539833 	77.833153 	55.172459 	104.201729 	135.948517 	162.631485 	160.206116 	37.121422 	7.071068 	34.132095 	157.800507 	58.830265 	51.971146 	163.217651 	4.000000 	161.400131 	7.071068 	159.012573 	30.413813 	57.306194 	137.974640 	69.115845 	999.000000 	32.557640 	52.773098 	24.738634 	140.801285 	10.770329 	70.830788 	157.114609 	5.000000 	60.827625 	60.373837 	57.697487 	56.364883 	4.242640 	8.485281 	
30.886890 	124.851913 	125.670204 	85.422478 	121.202309 	93.477272 	123.713379 	85.906929 	124.555206 	19.000000 	105.801704 	83.761566 	126.657021 	163.027603 	187.544662 	185.348328 	5.830952 	25.961510 	3.605551 	183.174774 	89.961105 	83.384651 	188.223267 	28.635643 	186.724396 	25.495098 	184.567062 	2.236068 	88.769363 	165.302750 	100.224747 	32.557640 	999.000000 	84.504440 	8.000000 	168.121979 	22.090721 	102.044106 	183.152939 	28.160255 	92.477028 	92.114059 	89.537704 	88.255310 	35.128338 	26.000000 	
54.120235 	47.885281 	48.373547 	9.486833 	43.046486 	13.601471 	44.654228 	6.082763 	45.221676 	79.762146 	33.541019 	18.357559 	69.000000 	88.684837 	118.186295 	115.451286 	88.232651 	58.694122 	85.381500 	112.729767 	7.615773 	2.828427 	118.595955 	56.364883 	116.297035 	59.506302 	113.595772 	82.280006 	5.000000 	90.210861 	16.970562 	52.773098 	84.504440 	999.000000 	77.077881 	92.962357 	63.505905 	18.439089 	110.941429 	57.706154 	8.062258 	7.615773 	5.099020 	4.000000 	51.623638 	60.901562 	
24.207438 	118.406082 	119.201508 	78.390053 	114.621117 	86.452301 	117.068359 	78.714676 	117.889778 	20.615528 	99.488693 	77.201035 	121.827744 	157.079605 	182.222397 	179.961105 	13.341664 	18.384777 	10.440307 	177.721695 	82.734512 	76.059189 	182.877014 	20.880613 	181.289825 	17.720045 	179.067032 	6.082763 	81.437096 	159.289047 	93.021500 	24.738634 	8.000000 	77.077881 	999.000000 	162.114151 	14.142136 	94.810333 	177.519012 	20.223749 	85.088188 	84.693565 	82.079231 	80.777473 	27.166155 	18.000000 	
137.974640 	45.221676 	44.654228 	87.200920 	49.929951 	79.881165 	48.373547 	88.481636 	47.885281 	156.473633 	62.968246 	85.632935 	50.009998 	5.385165 	29.017237 	26.019224 	170.073517 	144.958618 	167.737885 	23.021729 	85.440041 	92.358002 	29.000000 	143.558350 	26.019224 	146.372818 	23.021729 	165.951797 	87.982956 	2.828427 	76.537575 	140.801285 	168.121979 	92.962357 	162.114151 	999.000000 	150.615402 	75.591003 	19.235384 	145.725769 	85.959290 	86.833176 	89.554451 	90.917542 	141.014191 	149.281616 	
13.928389 	106.301460 	107.056061 	65.459915 	102.303467 	73.498299 	104.637466 	65.513359 	105.422958 	27.802877 	87.692642 	65.115280 	112.507774 	145.691452 	171.816757 	169.452057 	27.018513 	5.830952 	24.020824 	167.107742 	69.462219 	62.649822 	172.429703 	7.211102 	170.698563 	4.242640 	168.371613 	20.024984 	68.000000 	147.787003 	79.755875 	10.770329 	22.090721 	63.505905 	14.142136 	150.615402 	999.000000 	81.492332 	166.604324 	6.082763 	71.554176 	71.112587 	68.447060 	67.119293 	13.038404 	4.472136 	
71.309189 	31.320919 	31.622776 	17.262676 	26.248810 	10.049875 	27.313000 	16.155495 	27.730848 	95.801880 	22.472204 	23.345236 	58.694122 	71.589104 	101.843018 	99.020203 	105.475113 	76.478752 	102.693718 	96.208107 	12.083046 	18.867962 	102.181213 	74.303429 	99.724625 	77.414467 	96.932968 	99.809822 	13.601471 	72.897186 	2.000000 	70.830788 	102.044106 	18.439089 	94.810333 	75.591003 	81.492332 	999.000000 	94.021271 	75.802376 	10.630146 	11.401754 	14.212670 	15.620500 	69.892776 	79.075912 	
153.574081 	63.063461 	62.609905 	104.623131 	67.977936 	97.616600 	66.708321 	106.174385 	66.309875 	170.417130 	79.630394 	102.200783 	59.539902 	22.472204 	10.770329 	8.062258 	184.718704 	160.863297 	182.521225 	5.656854 	103.353760 	110.145355 	10.440307 	159.665268 	7.280110 	162.373032 	4.472136 	181.024857 	106.004715 	21.587032 	94.847244 	157.114609 	183.152939 	110.941429 	177.519012 	19.235384 	166.604324 	94.021271 	999.000000 	161.969131 	104.216118 	105.118980 	107.786827 	109.123779 	157.610275 	165.556641 	
12.041595 	101.178062 	101.911728 	60.000000 	97.082436 	68.007355 	99.357941 	59.908264 	100.124924 	32.249031 	82.758682 	60.108234 	108.706024 	140.858078 	167.409683 	165.000000 	33.000000 	5.000000 	30.000000 	162.609970 	63.812225 	56.938564 	168.002975 	3.000000 	166.207703 	3.605551 	163.835281 	26.076809 	62.265560 	142.898560 	74.094536 	5.000000 	28.160255 	57.706154 	20.223749 	145.725769 	6.082763 	75.802376 	161.969131 	999.000000 	65.764732 	65.299309 	62.609905 	61.269894 	7.000000 	3.605551 	
61.983868 	41.231056 	41.629318 	11.180340 	36.249138 	9.486833 	37.589893 	8.246211 	38.078865 	87.298340 	29.017237 	20.000000 	65.375839 	81.841309 	111.789978 	109.004585 	96.135323 	66.708321 	93.300591 	106.230881 	5.000000 	9.219544 	112.160599 	64.404968 	109.772491 	67.542580 	107.018692 	90.249657 	4.000000 	83.240616 	9.433981 	60.827625 	92.477028 	8.062258 	85.088188 	85.959290 	71.554176 	10.630146 	104.216118 	65.764732 	999.000000 	1.000000 	3.605551 	5.000000 	59.682495 	68.963760 	
61.684681 	42.154476 	42.544094 	11.661903 	37.161808 	10.440307 	38.470768 	8.544003 	38.948685 	87.132080 	30.016663 	20.615528 	66.370171 	82.734512 	112.720894 	109.931801 	95.817535 	66.309875 	92.973114 	107.154091 	5.656854 	9.055386 	113.088463 	63.976559 	110.693268 	67.119293 	107.935165 	89.888817 	4.123106 	84.118965 	10.295630 	60.373837 	92.114059 	7.615773 	84.693565 	86.833176 	71.112587 	11.401754 	105.118980 	65.299309 	1.000000 	999.000000 	2.828427 	4.242640 	59.169250 	68.476273 	
59.203041 	44.777225 	45.188496 	11.313708 	39.812057 	12.041595 	41.182522 	7.810250 	41.677334 	84.852814 	32.015621 	20.518284 	68.183578 	85.422478 	115.316956 	112.538879 	93.300591 	63.694584 	90.443352 	109.772491 	6.324555 	7.071068 	115.693558 	61.326992 	113.318138 	64.474800 	110.571243 	87.315521 	3.605551 	86.833176 	13.038404 	57.697487 	89.537704 	5.099020 	82.079231 	89.554451 	68.447060 	14.212670 	107.786827 	62.609905 	3.605551 	2.828427 	999.000000 	1.414214 	56.435802 	65.764732 	
57.974133 	46.097721 	46.518814 	11.401754 	41.146080 	13.000000 	42.544094 	7.810250 	43.046486 	83.725746 	33.060551 	20.615528 	69.115845 	86.769814 	116.619041 	113.846390 	92.048897 	62.393909 	89.185204 	111.085556 	7.071068 	6.324555 	117.000000 	60.008331 	114.634201 	63.158531 	111.892807 	86.034874 	4.123106 	88.192970 	14.422205 	56.364883 	88.255310 	4.000000 	80.777473 	90.917542 	67.119293 	15.620500 	109.123779 	61.269894 	5.000000 	4.242640 	1.414214 	999.000000 	55.072678 	64.412735 	
14.422205 	96.176918 	96.876213 	54.561890 	91.934761 	62.481998 	94.111633 	54.203320 	94.847244 	38.483765 	78.102493 	55.443665 	105.603027 	136.235092 	163.367691 	160.897476 	40.000000 	10.770329 	37.000000 	158.445572 	58.008621 	51.039200 	163.932907 	7.615773 	162.049377 	10.198039 	159.615158 	33.060551 	56.302753 	138.191895 	68.242218 	4.242640 	35.128338 	51.623638 	27.166155 	141.014191 	13.038404 	69.892776 	157.610275 	7.000000 	59.682495 	59.169250 	56.435802 	55.072678 	999.000000 	9.486833 	
15.033297 	104.690018 	105.418213 	63.411354 	100.568382 	71.400284 	102.825096 	63.245552 	103.585716 	32.202484 	86.313385 	63.655323 	112.294258 	144.422989 	171.011688 	168.600113 	31.144823 	7.071068 	28.160255 	166.207703 	67.119293 	60.207973 	171.604202 	6.324555 	169.805771 	5.099020 	167.430588 	24.020824 	65.513359 	146.454773 	77.388626 	8.485281 	26.000000 	60.901562 	18.000000 	149.281616 	4.472136 	79.075912 	165.556641 	3.605551 	68.963760 	68.476273 	65.764732 	64.412735 	9.486833 	999.000000 	

Travel time:
9.000000 	2.355048 	2.375000 	1.364047 	2.261084 	1.565248 	2.322849 	1.378858 	2.343608 	0.682367 	1.882153 	1.325236 	2.469818 	3.324154 	3.963032 	3.905125 	0.854400 	0.206155 	0.784618 	3.847808 	1.480920 	1.320275 	3.978850 	0.226385 	3.937321 	0.254951 	3.880480 	0.716327 	1.454734 	3.378702 	1.736555 	0.257391 	0.772172 	1.353006 	0.605186 	3.449366 	0.348210 	1.782730 	3.839352 	0.301040 	1.549597 	1.542117 	1.480076 	1.449353 	0.360555 	0.375832 	
2.355048 	9.000000 	0.025000 	1.050297 	0.127475 	0.866747 	0.134629 	1.081665 	0.145774 	2.873695 	0.480885 	1.030776 	0.886707 	1.020416 	1.764405 	1.694476 	3.182962 	2.519176 	3.120196 	1.625000 	1.007782 	1.179248 	1.773415 	2.478911 	1.713549 	2.551715 	1.644878 	3.066044 	1.073546 	1.060955 	0.798827 	2.405203 	3.121298 	1.197132 	2.960152 	1.130542 	2.657537 	0.783023 	1.576586 	2.529452 	1.030776 	1.053862 	1.119431 	1.152443 	2.404423 	2.617250 	
2.375000 	0.025000 	9.000000 	1.065950 	0.134629 	0.880696 	0.127475 	1.095730 	0.134629 	2.895902 	0.503115 	1.050297 	0.903120 	1.007782 	1.755705 	1.685416 	3.204001 	2.538331 	3.141059 	1.615549 	1.020416 	1.192686 	1.764405 	2.497624 	1.703856 	2.570627 	1.634778 	3.086462 	1.085415 	1.047020 	0.807775 	2.423453 	3.141755 	1.209339 	2.980038 	1.116356 	2.676402 	0.790569 	1.565248 	2.547793 	1.040733 	1.063602 	1.129712 	1.162970 	2.421905 	2.635455 	
1.364047 	1.050297 	1.065950 	9.000000 	0.938416 	0.201556 	0.989950 	0.090139 	1.007782 	1.964688 	0.640800 	0.230489 	1.501874 	2.066549 	2.784107 	2.717651 	2.215993 	1.505199 	2.147673 	2.651650 	0.158114 	0.176777 	2.795644 	1.456237 	2.741464 	1.532359 	2.676051 	2.079664 	0.195256 	2.110095 	0.382426 	1.375000 	2.135562 	0.237171 	1.959751 	2.180023 	1.636498 	0.431567 	2.615578 	1.500000 	0.279509 	0.291548 	0.282843 	0.285044 	1.364047 	1.585284 	
2.261084 	0.127475 	0.134629 	0.938416 	9.000000 	0.750000 	0.075000 	0.965013 	0.100000 	2.795644 	0.412311 	0.936082 	0.970824 	1.141271 	1.890271 	1.820028 	3.095562 	2.420744 	3.031604 	1.750179 	0.887764 	1.060955 	1.899013 	2.378287 	1.838478 	2.452040 	1.769357 	2.974580 	0.951972 	1.179248 	0.673146 	2.302444 	3.030058 	1.076162 	2.865528 	1.248249 	2.557587 	0.656220 	1.699448 	2.427061 	0.906228 	0.929045 	0.995301 	1.028652 	2.298369 	2.514210 	
1.565248 	0.866747 	0.880696 	0.201556 	0.750000 	9.000000 	0.797261 	0.215058 	0.813941 	2.160006 	0.502494 	0.333542 	1.403567 	1.886796 	2.617370 	2.549510 	2.416609 	1.706605 	2.348537 	2.482061 	0.152069 	0.313249 	2.627975 	1.657181 	2.571478 	1.733494 	2.504621 	2.281036 	0.226385 	1.927596 	0.201556 	1.575198 	2.336932 	0.340037 	2.161308 	1.997029 	1.837457 	0.251247 	2.440415 	1.700184 	0.237171 	0.261008 	0.301040 	0.325000 	1.562050 	1.785007 	
2.322849 	0.134629 	0.127475 	0.989950 	0.075000 	0.797261 	9.000000 	1.011496 	0.025000 	2.863564 	0.485412 	0.999062 	1.015197 	1.107080 	1.865811 	1.794610 	3.160004 	2.480045 	3.095562 	1.723731 	0.930054 	1.105102 	1.873666 	2.436314 	1.811249 	2.510602 	1.741049 	3.037268 	0.991527 	1.141271 	0.704450 	2.359158 	3.092834 	1.116356 	2.926709 	1.209339 	2.615937 	0.682825 	1.667708 	2.483948 	0.939747 	0.961769 	1.029563 	1.063602 	2.352791 	2.570627 	
1.378858 	1.081665 	1.095730 	0.090139 	0.965013 	0.215058 	1.011496 	9.000000 	1.027740 	1.995777 	0.697316 	0.320156 	1.575198 	2.101488 	2.828979 	2.761567 	2.232991 	1.510381 	2.163475 	2.694555 	0.103078 	0.103078 	2.839894 	1.457738 	2.784107 	1.535008 	2.717651 	2.091799 	0.111803 	2.142574 	0.357946 	1.372953 	2.147673 	0.152069 	1.967867 	2.212041 	1.637834 	0.403887 	2.654360 	1.497707 	0.206155 	0.213600 	0.195256 	0.195256 	1.355083 	1.581139 	
2.343608 	0.145774 	0.134629 	1.007782 	0.100000 	0.813941 	0.025000 	1.027740 	9.000000 	2.886282 	0.509902 	1.020416 	1.030776 	1.096586 	1.858259 	1.786757 	3.181588 	2.500000 	3.116990 	1.715554 	0.945053 	1.120547 	1.865811 	2.455860 	1.802776 	2.530316 	1.732231 	3.058288 	1.005609 	1.129436 	0.716327 	2.378287 	3.113880 	1.130542 	2.947244 	1.197132 	2.635574 	0.693271 	1.657747 	2.503123 	0.951972 	0.973717 	1.041933 	1.076162 	2.371181 	2.589643 	
0.682367 	2.873695 	2.895902 	1.964688 	2.795644 	2.160006 	2.863564 	1.995777 	2.886282 	9.000000 	2.392828 	1.875667 	2.810805 	3.780956 	4.351006 	4.300073 	0.419076 	0.693271 	0.403113 	4.249853 	2.098809 	1.952242 	4.369282 	0.771767 	4.337121 	0.716327 	4.287336 	0.452769 	2.084017 	3.842200 	2.346540 	0.863496 	0.475000 	1.994054 	0.515388 	3.911841 	0.695072 	2.395047 	4.260428 	0.806226 	2.182458 	2.178302 	2.121320 	2.093144 	0.962094 	0.805062 	
1.882153 	0.480885 	0.503115 	0.640800 	0.412311 	0.502494 	0.485412 	0.697316 	0.509902 	2.392828 	9.000000 	0.566789 	0.912414 	1.453444 	2.148982 	2.083867 	2.704164 	2.051828 	2.642087 	2.019437 	0.654313 	0.800391 	2.161308 	2.015254 	2.109502 	2.086265 	2.045880 	2.590005 	0.728869 	1.503537 	0.546008 	1.945829 	2.645043 	0.838525 	2.487217 	1.574206 	2.192316 	0.561805 	1.990760 	2.068967 	0.725431 	0.750417 	0.800391 	0.826514 	1.952562 	2.157835 	
1.325236 	1.030776 	1.050297 	0.230489 	0.936082 	0.333542 	0.999062 	0.320156 	1.020416 	1.875667 	0.566789 	9.000000 	1.343968 	2.020211 	2.705665 	2.642205 	2.161308 	1.488707 	2.096575 	2.579365 	0.375000 	0.391312 	2.718915 	1.450000 	2.669504 	1.521923 	2.607321 	2.038535 	0.424264 	2.070175 	0.534439 	1.379311 	2.094039 	0.458939 	1.930026 	2.140823 	1.627882 	0.583631 	2.555020 	1.502706 	0.500000 	0.515388 	0.512957 	0.515388 	1.386092 	1.591383 	
2.469818 	0.886707 	0.903120 	1.501874 	0.970824 	1.403567 	1.015197 	1.575198 	1.030776 	2.810805 	0.912414 	1.343968 	9.000000 	1.118034 	1.546165 	1.500000 	3.189044 	2.666927 	3.140163 	1.456237 	1.551813 	1.675746 	1.565647 	2.651650 	1.540292 	2.710166 	1.497707 	3.115786 	1.626730 	1.191900 	1.456237 	2.605043 	3.166425 	1.725000 	3.045694 	1.250250 	2.812694 	1.467353 	1.488497 	2.717651 	1.634396 	1.659254 	1.704589 	1.727896 	2.640076 	2.807356 	
3.324154 	1.020416 	1.007782 	2.066549 	1.141271 	1.886796 	1.107080 	2.101488 	1.096586 	3.780956 	1.453444 	2.020211 	1.118034 	9.000000 	0.781425 	0.707107 	4.123106 	3.500357 	4.065172 	0.632949 	2.028084 	2.199574 	0.785016 	3.466446 	0.715891 	3.536241 	0.642748 	4.021583 	2.093144 	0.075000 	1.811249 	3.398713 	4.075690 	2.217121 	3.926990 	0.134629 	3.642286 	1.789728 	0.561805 	3.521452 	2.046033 	2.068363 	2.135562 	2.169245 	3.405877 	3.610575 	
3.963032 	1.764405 	1.755705 	2.784107 	1.890271 	2.617370 	1.865811 	2.828979 	1.858259 	4.351006 	2.148982 	2.705665 	1.546165 	0.781425 	9.000000 	0.075000 	4.720236 	4.150678 	4.668110 	0.150000 	2.764281 	2.930017 	0.025000 	4.125000 	0.090139 	4.190242 	0.158114 	4.636405 	2.832953 	0.775403 	2.563201 	4.065787 	4.688617 	2.954657 	4.555560 	0.725431 	4.295419 	2.546075 	0.269258 	4.185242 	2.794749 	2.818022 	2.882924 	2.915476 	4.084192 	4.275292 	
3.905125 	1.694476 	1.685416 	2.717651 	1.820028 	2.549510 	1.794610 	2.761567 	1.786757 	4.300073 	2.083867 	2.642205 	1.500000 	0.707107 	0.075000 	9.000000 	4.666905 	4.091760 	4.614177 	0.075000 	2.695946 	2.862364 	0.079057 	4.065249 	0.050000 	4.130980 	0.090139 	4.581280 	2.764281 	0.700446 	2.493116 	4.005153 	4.633708 	2.886282 	4.499028 	0.650481 	4.236301 	2.475505 	0.201556 	4.125000 	2.725115 	2.748295 	2.813472 	2.846160 	4.022437 	4.215003 	
0.854400 	3.182962 	3.204001 	2.215993 	3.095562 	2.416609 	3.160004 	2.232991 	3.181588 	0.419076 	2.704164 	2.161308 	3.189044 	4.123106 	4.720236 	4.666905 	9.000000 	0.756637 	0.075000 	4.614177 	2.335193 	2.174425 	4.737747 	0.828402 	4.702393 	0.751665 	4.650067 	0.182003 	2.308950 	4.181581 	2.590487 	0.928036 	0.145774 	2.205816 	0.333542 	4.251838 	0.675463 	2.636878 	4.617968 	0.825000 	2.403383 	2.395438 	2.332515 	2.301222 	1.000000 	0.778621 	
0.206155 	2.519176 	2.538331 	1.505199 	2.420744 	1.706605 	2.480045 	1.510381 	2.500000 	0.693271 	2.051828 	1.488707 	2.666927 	3.500357 	4.150678 	4.091760 	0.756637 	9.000000 	0.682367 	4.033376 	1.610318 	1.442437 	4.166083 	0.079057 	4.123106 	0.050000 	4.065172 	0.594243 	1.576785 	3.553256 	1.867652 	0.176777 	0.649038 	1.467353 	0.459619 	3.623966 	0.145774 	1.911969 	4.021583 	0.125000 	1.667708 	1.657747 	1.592365 	1.559848 	0.269258 	0.176777 	
0.784618 	3.120196 	3.141059 	2.147673 	3.031604 	2.348537 	3.095562 	2.163475 	3.116990 	0.403113 	2.642087 	2.096575 	3.140163 	4.065172 	4.668110 	4.614177 	0.075000 	0.682367 	9.000000 	4.560839 	2.265502 	2.103865 	4.685416 	0.753741 	4.649261 	0.676849 	4.596330 	0.111803 	2.238443 	4.123106 	2.521161 	0.853302 	0.090139 	2.134537 	0.261008 	4.193447 	0.600521 	2.567343 	4.563031 	0.750000 	2.332515 	2.324328 	2.261084 	2.229630 	0.925000 	0.704006 	
3.847808 	1.625000 	1.615549 	2.651650 	1.750179 	2.482061 	1.723731 	2.694555 	1.715554 	4.249853 	2.019437 	2.579365 	1.456237 	0.632949 	0.150000 	0.075000 	4.614177 	4.033376 	4.560839 	9.000000 	2.627975 	2.795085 	0.152069 	4.006011 	0.090139 	4.072238 	0.050000 	4.526726 	2.695946 	0.625500 	2.423324 	3.945013 	4.579370 	2.818244 	4.443042 	0.575543 	4.177693 	2.405203 	0.141421 	4.065249 	2.655772 	2.678852 	2.744312 	2.777139 	3.961139 	4.155192 	
1.480920 	1.007782 	1.020416 	0.158114 	0.887764 	0.152069 	0.930054 	0.103078 	0.945053 	2.098809 	0.654313 	0.375000 	1.551813 	2.028084 	2.764281 	2.695946 	2.335193 	1.610318 	2.265502 	2.627975 	9.000000 	0.176777 	2.774549 	1.556639 	2.717191 	1.634205 	2.649764 	2.193171 	0.075000 	2.067003 	0.257391 	1.470757 	2.249028 	0.190394 	2.068363 	2.136001 	1.736555 	0.302076 	2.583844 	1.595306 	0.125000 	0.141421 	0.158114 	0.176777 	1.450216 	1.677982 	
1.320275 	1.179248 	1.192686 	0.176777 	1.060955 	0.313249 	1.105102 	0.103078 	1.120547 	1.952242 	0.800391 	0.391312 	1.675746 	2.199574 	2.930017 	2.862364 	2.174425 	1.442437 	2.103865 	2.795085 	0.176777 	9.000000 	2.940769 	1.386768 	2.884549 	1.464795 	2.817801 	2.028854 	0.134629 	2.239699 	0.430116 	1.299279 	2.084616 	0.070711 	1.901480 	2.308950 	1.566246 	0.471699 	2.753634 	1.423464 	0.230489 	0.226385 	0.176777 	0.158114 	1.275980 	1.505199 	
3.978850 	1.773415 	1.764405 	2.795644 	1.899013 	2.627975 	1.873666 	2.839894 	1.865811 	4.369282 	2.161308 	2.718915 	1.565647 	0.785016 	0.025000 	0.079057 	4.737747 	4.166083 	4.685416 	0.152069 	2.774549 	2.940769 	9.000000 	4.140048 	0.079057 	4.205503 	0.152069 	4.653292 	2.842974 	0.776611 	2.572086 	4.080441 	4.705582 	2.964899 	4.571925 	0.725000 	4.310742 	2.554530 	0.261008 	4.200074 	2.804015 	2.827212 	2.892339 	2.925000 	4.098323 	4.290105 	
0.226385 	2.478911 	2.497624 	1.456237 	2.378287 	1.657181 	2.436314 	1.457738 	2.455860 	0.771767 	2.015254 	1.450000 	2.651650 	3.466446 	4.125000 	4.065249 	0.828402 	0.079057 	0.753741 	4.006011 	1.556639 	1.386768 	4.140048 	9.000000 	4.095882 	0.079057 	4.037094 	0.661910 	1.520691 	3.518256 	1.814008 	0.100000 	0.715891 	1.409122 	0.522015 	3.588959 	0.180278 	1.857586 	3.991632 	0.075000 	1.610124 	1.599414 	1.533175 	1.500208 	0.190394 	0.158114 	
3.937321 	1.713549 	1.703856 	2.741464 	1.838478 	2.571478 	1.811249 	2.784107 	1.802776 	4.337121 	2.109502 	2.669504 	1.540292 	0.715891 	0.090139 	0.050000 	4.702393 	4.123106 	4.649261 	0.090139 	2.717191 	2.884549 	0.079057 	4.095882 	9.000000 	4.162031 	0.075000 	4.615531 	2.785004 	0.704006 	2.511598 	4.035003 	4.668110 	2.907426 	4.532246 	0.650481 	4.267464 	2.493116 	0.182003 	4.155192 	2.744312 	2.767332 	2.832953 	2.865855 	4.051234 	4.245144 	
0.254951 	2.551715 	2.570627 	1.532359 	2.452040 	1.733494 	2.510602 	1.535008 	2.530316 	0.716327 	2.086265 	1.521923 	2.710166 	3.536241 	4.190242 	4.130980 	0.751665 	0.050000 	0.676849 	4.072238 	1.634205 	1.464795 	4.205503 	0.079057 	4.162031 	9.000000 	4.103733 	0.583631 	1.598828 	3.588610 	1.891593 	0.176777 	0.637377 	1.487658 	0.443001 	3.659320 	0.106066 	1.935362 	4.059326 	0.090139 	1.688565 	1.677982 	1.611870 	1.578963 	0.254951 	0.127475 	
3.880480 	1.644878 	1.634778 	2.676051 	1.769357 	2.504621 	1.741049 	2.717651 	1.732231 	4.287336 	2.045880 	2.607321 	1.497707 	0.642748 	0.158114 	0.090139 	4.650067 	4.065172 	4.596330 	0.050000 	2.649764 	2.817801 	0.152069 	4.037094 	0.075000 	4.103733 	9.000000 	4.561387 	2.717191 	0.629484 	2.442335 	3.975314 	4.614177 	2.839894 	4.476676 	0.575543 	4.209291 	2.423324 	0.111803 	4.095882 	2.675467 	2.698379 	2.764281 	2.797320 	3.990379 	4.185765 	
0.716327 	3.066044 	3.086462 	2.079664 	2.974580 	2.281036 	3.037268 	2.091799 	3.058288 	0.452769 	2.590005 	2.038535 	3.115786 	4.021583 	4.636405 	4.581280 	0.182003 	0.594243 	0.111803 	4.526726 	2.193171 	2.028854 	4.653292 	0.661910 	4.615531 	0.583631 	4.561387 	9.000000 	2.163475 	4.078296 	2.449745 	0.760345 	0.055902 	2.057000 	0.152069 	4.148795 	0.500625 	2.495245 	4.525621 	0.651920 	2.256241 	2.247221 	2.182888 	2.150872 	0.826514 	0.600521 	
1.454734 	1.073546 	1.085415 	0.195256 	0.951972 	0.226385 	0.991527 	0.111803 	1.005609 	2.084017 	0.728869 	0.424264 	1.626730 	2.093144 	2.832953 	2.764281 	2.308950 	1.576785 	2.238443 	2.695946 	0.075000 	0.134629 	2.842974 	1.520691 	2.785004 	1.598828 	2.717191 	2.163475 	9.000000 	2.130874 	0.301040 	1.432655 	2.219234 	0.125000 	2.035927 	2.199574 	1.700000 	0.340037 	2.650118 	1.556639 	0.100000 	0.103078 	0.090139 	0.103078 	1.407569 	1.637834 	
3.378702 	1.060955 	1.047020 	2.110095 	1.179248 	1.927596 	1.141271 	2.142574 	1.129436 	3.842200 	1.503537 	2.070175 	1.191900 	0.075000 	0.775403 	0.700446 	4.181581 	3.553256 	4.123106 	0.625500 	2.067003 	2.239699 	0.776611 	3.518256 	0.704006 	3.588610 	0.629484 	4.078296 	2.130874 	9.000000 	1.845603 	3.449366 	4.132569 	2.255271 	3.982226 	0.070711 	3.694675 	1.822430 	0.539676 	3.572464 	2.081015 	2.102974 	2.170829 	2.204824 	3.454797 	3.661369 	
1.736555 	0.798827 	0.807775 	0.382426 	0.673146 	0.201556 	0.704450 	0.357946 	0.716327 	2.346540 	0.546008 	0.534439 	1.456237 	1.811249 	2.563201 	2.493116 	2.590487 	1.867652 	2.521161 	2.423324 	0.257391 	0.430116 	2.572086 	1.814008 	2.511598 	1.891593 	2.442335 	2.449745 	0.301040 	1.845603 	9.000000 	1.727896 	2.505619 	0.424264 	2.325537 	1.913439 	1.993897 	0.050000 	2.371181 	1.852363 	0.235850 	0.257391 	0.325960 	0.360555 	1.706055 	1.934716 	
0.257391 	2.405203 	2.423453 	1.375000 	2.302444 	1.575198 	2.359158 	1.372953 	2.378287 	0.863496 	1.945829 	1.379311 	2.605043 	3.398713 	4.065787 	4.005153 	0.928036 	0.176777 	0.853302 	3.945013 	1.470757 	1.299279 	4.080441 	0.100000 	4.035003 	0.176777 	3.975314 	0.760345 	1.432655 	3.449366 	1.727896 	9.000000 	0.813941 	1.319327 	0.618466 	3.520032 	0.269258 	1.770770 	3.927865 	0.125000 	1.520691 	1.509346 	1.442437 	1.409122 	0.106066 	0.212132 	
0.772172 	3.121298 	3.141755 	2.135562 	3.030058 	2.336932 	3.092834 	2.147673 	3.113880 	0.475000 	2.645043 	2.094039 	3.166425 	4.075690 	4.688617 	4.633708 	0.145774 	0.649038 	0.090139 	4.579370 	2.249028 	2.084616 	4.705582 	0.715891 	4.668110 	0.637377 	4.614177 	0.055902 	2.219234 	4.132569 	2.505619 	0.813941 	9.000000 	2.112611 	0.200000 	4.203050 	0.552268 	2.551103 	4.578824 	0.704006 	2.311926 	2.302851 	2.238443 	2.206383 	0.878208 	0.650000 	
1.353006 	1.197132 	1.209339 	0.237171 	1.076162 	0.340037 	1.116356 	0.152069 	1.130542 	1.994054 	0.838525 	0.458939 	1.725000 	2.217121 	2.954657 	2.886282 	2.205816 	1.467353 	2.134537 	2.818244 	0.190394 	0.070711 	2.964899 	1.409122 	2.907426 	1.487658 	2.839894 	2.057000 	0.125000 	2.255271 	0.424264 	1.319327 	2.112611 	9.000000 	1.926947 	2.324059 	1.587648 	0.460977 	2.773536 	1.442654 	0.201556 	0.190394 	0.127475 	0.100000 	1.290591 	1.522539 	
0.605186 	2.960152 	2.980038 	1.959751 	2.865528 	2.161308 	2.926709 	1.967867 	2.947244 	0.515388 	2.487217 	1.930026 	3.045694 	3.926990 	4.555560 	4.499028 	0.333542 	0.459619 	0.261008 	4.443042 	2.068363 	1.901480 	4.571925 	0.522015 	4.532246 	0.443001 	4.476676 	0.152069 	2.035927 	3.982226 	2.325537 	0.618466 	0.200000 	1.926947 	9.000000 	4.052854 	0.353553 	2.370258 	4.437975 	0.505594 	2.127205 	2.117339 	2.051981 	2.019437 	0.679154 	0.450000 	
