Total assets = 610
Number of asset nodes = 33

Distance:
999.000000 	34.985710 	5.000000 	3.605551 	6.082763 	39.824615 	41.182522 	5.385165 	7.280110 	40.311287 	8.602325 	71.281136 	74.060783 	71.021126 	79.924965 	88.232651 	84.599052 	22.022715 	23.409399 	26.248810 	28.017851 	87.321243 	41.231056 	27.892651 	30.016663 	29.427877 	29.410883 	41.677334 	31.780497 	61.204575 	41.146080 	62.128899 	42.941822 	64.280632 	35.227829 	38.470768 	48.259712 	67.364677 	76.902534 	67.186310 	44.384682 	49.648766 	67.119293 	47.413078 	46.097721 	66.030296 	64.007812 	71.344238 	53.160137 	50.695168 	
34.985710 	999.000000 	30.805843 	33.600594 	30.610456 	5.099020 	6.324555 	32.015621 	30.479502 	7.280110 	32.526913 	36.400551 	39.204590 	36.055511 	44.944408 	53.413483 	49.648766 	49.406479 	45.650848 	48.301140 	55.470715 	52.354561 	75.073296 	50.537113 	56.080299 	53.235325 	50.566788 	74.276512 	54.129475 	33.615471 	73.000000 	34.928497 	75.073296 	36.055511 	59.033890 	66.573265 	81.320351 	38.600517 	45.011108 	39.217342 	75.432091 	38.013157 	39.560081 	79.397736 	77.466118 	39.395432 	38.948685 	42.449970 	39.115215 	40.718548 	
5.000000 	30.805843 	999.000000 	2.828427 	1.414214 	35.510563 	36.891735 	2.000000 	2.828427 	35.777088 	5.385165 	67.201187 	70.000000 	66.850578 	75.716576 	84.202141 	80.448738 	22.360680 	22.203604 	25.179358 	28.635643 	83.006027 	44.553337 	27.073973 	30.265491 	29.000000 	28.284271 	44.407207 	31.064449 	56.222771 	43.566040 	57.140179 	45.486263 	59.304298 	35.014282 	39.560081 	51.224995 	62.393909 	72.034714 	62.201286 	46.529560 	44.944408 	62.128899 	49.929951 	48.373547 	61.032780 	59.008472 	66.370171 	48.383881 	46.097721 	
3.605551 	33.600594 	2.828427 	999.000000 	3.162278 	38.275318 	39.661064 	2.000000 	4.000000 	38.470768 	5.000000 	70.000000 	72.801102 	69.634758 	78.492035 	87.005745 	83.234612 	20.099751 	20.615528 	23.537205 	26.305893 	85.755463 	41.725292 	25.317978 	28.071337 	27.073973 	26.683329 	41.617306 	29.274563 	58.420887 	40.816662 	59.304298 	42.720020 	61.522354 	33.015148 	37.107952 	48.414875 	64.629715 	74.464760 	64.381676 	43.829212 	46.173584 	64.280632 	47.169907 	45.650848 	63.126858 	61.008198 	68.593002 	49.729267 	47.169907 	
6.082763 	30.610456 	1.414214 	3.162278 	999.000000 	35.227829 	36.619667 	1.414214 	1.414214 	35.355339 	4.123106 	67.007462 	69.814041 	66.610809 	75.451973 	84.023804 	80.212219 	21.587032 	21.095022 	24.083189 	27.892651 	82.680107 	44.553337 	26.019224 	29.427877 	28.017851 	27.166155 	44.204071 	30.016663 	55.326305 	43.266617 	56.222771 	45.221676 	58.420887 	34.058773 	38.897301 	51.088158 	61.522354 	71.309189 	61.294373 	46.141087 	43.657761 	61.204575 	49.648766 	48.020828 	60.074955 	58.000000 	65.490456 	47.127487 	44.777225 	
39.824615 	5.099020 	35.510563 	38.275318 	35.227829 	999.000000 	1.414214 	36.619667 	35.000000 	3.605551 	36.878178 	31.890438 	34.713108 	31.400637 	40.224369 	48.918301 	45.000000 	53.263496 	49.091751 	51.623638 	59.203041 	47.507893 	79.511009 	53.851646 	59.640591 	56.603886 	53.712196 	78.492035 	57.306194 	29.529646 	77.103828 	30.886890 	79.208588 	31.780497 	62.265560 	70.213959 	85.586212 	34.176014 	40.049969 	34.928497 	79.397736 	37.000000 	35.341194 	83.486526 	81.467789 	35.355339 	35.227829 	37.947330 	37.576588 	39.849716 	
41.182522 	6.324555 	36.891735 	39.661064 	36.619667 	1.414214 	999.000000 	38.013157 	36.400551 	4.123106 	38.288380 	30.479502 	33.301651 	30.000000 	38.832977 	47.507893 	43.600460 	54.671749 	50.477718 	53.000000 	60.605282 	46.141087 	80.919716 	55.226807 	61.032780 	57.982758 	55.072678 	79.906197 	58.668560 	29.154760 	78.517517 	30.528675 	80.622574 	31.304953 	63.631752 	71.610054 	87.000000 	33.615471 	39.115215 	34.438351 	80.808418 	37.643059 	34.885529 	84.899940 	82.879433 	34.985710 	35.000000 	37.336308 	38.078865 	40.521599 	
5.385165 	32.015621 	2.000000 	2.000000 	1.414214 	36.619667 	38.013157 	999.000000 	2.000000 	36.715118 	3.605551 	68.410522 	71.217972 	68.007355 	76.843994 	85.428329 	81.608826 	20.396078 	20.223749 	23.194826 	26.683329 	84.059502 	43.139309 	25.079872 	28.284271 	27.000000 	26.305893 	42.801868 	29.068884 	56.435802 	41.880783 	57.314919 	43.829212 	59.539902 	33.015148 	37.643059 	49.678970 	62.649822 	72.532753 	62.393909 	44.777225 	44.271889 	62.289646 	48.259712 	46.647614 	61.131008 	59.008472 	66.610809 	47.801674 	45.310043 	
7.280110 	30.479502 	2.828427 	4.000000 	1.414214 	35.000000 	36.400551 	2.000000 	999.000000 	34.985710 	3.000000 	66.843102 	69.656296 	66.400299 	75.213028 	83.868942 	80.000000 	20.880613 	20.024984 	23.021729 	27.202942 	82.377182 	44.598206 	25.000000 	28.635643 	27.073973 	26.076809 	44.045429 	29.000000 	54.451813 	43.011627 	55.326305 	45.000000 	57.558666 	33.136082 	38.275318 	50.990196 	60.671246 	70.604530 	60.406952 	45.793011 	42.379242 	60.299255 	49.406479 	47.707443 	59.135437 	57.008770 	64.629715 	45.880280 	43.462627 	
40.311287 	7.280110 	35.777088 	38.470768 	35.355339 	3.605551 	4.123106 	36.715118 	34.985710 	999.000000 	36.619667 	32.557640 	35.383614 	31.827662 	40.459858 	49.497475 	45.343136 	52.345009 	47.801674 	50.219517 	58.137768 	47.434166 	79.202271 	52.430908 	58.412327 	55.217751 	52.153618 	77.897369 	55.758408 	26.400757 	76.380623 	27.730848 	78.517517 	28.792360 	60.745369 	69.028976 	85.041168 	31.320919 	38.013157 	31.953091 	78.517517 	33.526108 	32.310989 	82.734512 	80.622574 	32.202484 	31.906113 	35.171009 	34.014702 	36.400551 	
8.602325 	32.526913 	5.385165 	5.000000 	4.123106 	36.878178 	38.288380 	3.605551 	3.000000 	36.619667 	999.000000 	68.767723 	71.589104 	68.249542 	77.006493 	85.796272 	81.835197 	18.027756 	17.029387 	20.024984 	24.351591 	84.053551 	42.638012 	22.000000 	25.709921 	24.083189 	23.086792 	41.773197 	26.000000 	54.918121 	40.607880 	55.731499 	42.638012 	58.051701 	30.149628 	35.468296 	48.795490 	61.188232 	71.470276 	60.827625 	43.266617 	41.484936 	60.671246 	47.010635 	45.221676 	59.413803 	57.140179 	65.115280 	45.122055 	42.379242 	
71.281136 	36.400551 	67.201187 	70.000000 	67.007462 	31.890438 	30.479502 	68.410522 	66.843102 	32.557640 	68.767723 	999.000000 	2.828427 	2.236068 	9.219544 	17.029387 	13.416408 	84.899940 	80.280754 	82.619614 	90.686272 	17.262676 	111.395691 	84.811554 	90.906548 	87.618492 	84.403793 	110.344917 	88.005684 	35.057095 	108.894447 	36.124783 	111.018013 	34.365681 	93.005379 	101.533249 	117.456375 	33.955853 	28.017851 	35.902645 	111.072052 	57.271286 	36.878178 	115.260574 	113.172432 	38.639359 	41.303753 	35.114101 	55.578773 	60.207973 	
74.060783 	39.204590 	70.000000 	72.801102 	69.814041 	34.713108 	33.301651 	71.217972 	69.656296 	35.383614 	71.589104 	2.828427 	999.000000 	4.123106 	7.000000 	14.212670 	10.770329 	87.726852 	83.096329 	85.428329 	93.509361 	15.033297 	114.214706 	87.618492 	93.723000 	90.426765 	87.200920 	113.172432 	90.801979 	37.000000 	111.722870 	38.013157 	113.846390 	36.124783 	95.801880 	104.350372 	120.282997 	35.510563 	28.653097 	37.483330 	113.899078 	59.665737 	38.470768 	118.088951 	116.000000 	40.311287 	43.104523 	36.400551 	57.870544 	62.585941 	
71.021126 	36.055511 	66.850578 	69.634758 	66.610809 	31.400637 	30.000000 	68.007355 	66.400299 	31.827662 	68.249542 	2.236068 	4.123106 	999.000000 	8.944272 	17.691807 	13.601471 	84.148682 	79.397736 	81.688431 	89.872131 	16.763054 	110.887329 	83.868942 	90.027771 	86.683334 	83.408630 	109.713264 	87.005745 	33.015148 	108.208130 	34.058773 	110.344917 	32.249031 	92.005432 	100.657837 	116.846054 	31.780497 	25.806976 	33.734257 	110.317726 	55.542778 	34.713108 	114.560028 	112.432205 	36.496574 	39.204590 	32.893768 	53.758720 	58.463665 	
79.924965 	44.944408 	75.716576 	78.492035 	75.451973 	40.224369 	38.832977 	76.843994 	75.213028 	40.459858 	77.006493 	9.219544 	7.000000 	8.944272 	999.000000 	9.848858 	5.000000 	92.655273 	87.726852 	89.938866 	98.290382 	8.062258 	119.632774 	92.097771 	98.351410 	94.921021 	91.547798 	118.342720 	95.131485 	37.656342 	116.777565 	38.470768 	118.928551 	36.221542 	100.124924 	108.977058 	125.495018 	35.014282 	25.961510 	37.013512 	118.802361 	61.684681 	38.013157 	123.109711 	120.933868 	40.049969 	43.185646 	35.128338 	59.481091 	64.513565 	
88.232651 	53.413483 	84.202141 	87.005745 	84.023804 	48.918301 	47.507893 	85.428329 	83.868942 	49.497475 	85.796272 	17.029387 	14.212670 	17.691807 	9.848858 	999.000000 	5.099020 	101.833199 	97.082436 	99.357941 	107.563934 	8.944272 	128.425079 	101.533249 	107.712578 	104.350372 	101.044548 	127.349915 	104.637466 	47.296936 	125.872955 	48.052055 	128.003906 	45.705578 	109.635757 	118.342720 	134.469330 	44.283180 	34.132095 	46.270943 	128.003906 	71.512238 	47.265209 	132.230865 	130.115326 	49.365982 	52.611786 	44.011364 	69.260376 	74.330345 	
84.599052 	49.648766 	80.448738 	83.234612 	80.212219 	45.000000 	43.600460 	81.608826 	80.000000 	45.343136 	81.835197 	13.416408 	10.770329 	13.601471 	5.000000 	5.099020 	999.000000 	97.590981 	92.698433 	94.921021 	103.247276 	5.830952 	124.470879 	97.082436 	103.324730 	99.904953 	96.540146 	123.239601 	100.124924 	42.201897 	121.696342 	42.953465 	123.842644 	40.607880 	105.118980 	113.951744 	130.384048 	39.204590 	29.274563 	41.194660 	123.745705 	66.483078 	42.190044 	128.035156 	125.872955 	44.283180 	47.518417 	39.000000 	64.195015 	69.289246 	
22.022715 	49.406479 	22.360680 	20.099751 	21.587032 	53.263496 	54.671749 	20.396078 	20.880613 	52.345009 	18.027756 	84.899940 	87.726852 	84.148682 	92.655273 	101.833199 	97.590981 	999.000000 	7.000000 	7.615773 	6.324555 	99.247169 	28.792360 	7.810250 	8.000000 	8.062258 	10.000000 	26.076809 	10.816654 	65.795135 	24.207438 	66.309875 	26.400757 	68.942001 	13.341664 	17.464249 	33.286633 	72.090218 	83.648071 	71.309189 	26.172504 	46.389652 	70.936592 	30.479502 	28.284271 	69.289246 	66.407829 	75.769386 	50.487621 	46.097721 	
23.409399 	45.650848 	22.203604 	20.615528 	21.095022 	49.091751 	50.477718 	20.223749 	20.024984 	47.801674 	17.029387 	80.280754 	83.096329 	79.397736 	87.726852 	97.082436 	92.698433 	7.000000 	999.000000 	3.000000 	10.816654 	94.069122 	35.440090 	5.099020 	10.630146 	7.615773 	6.082763 	32.202484 	9.055386 	59.481091 	30.016663 	59.933296 	32.249031 	62.609905 	13.601471 	21.260292 	39.357338 	65.741920 	77.524193 	64.884514 	31.400637 	39.458839 	64.474800 	36.055511 	33.600594 	62.769421 	59.808025 	69.354164 	43.566040 	39.115215 	
26.248810 	48.301140 	25.179358 	23.537205 	24.083189 	51.623638 	53.000000 	23.194826 	23.021729 	50.219517 	20.024984 	82.619614 	85.428329 	81.688431 	89.938866 	99.357941 	94.921021 	7.615773 	3.000000 	999.000000 	9.486833 	96.166519 	34.713108 	2.236068 	8.602325 	5.000000 	3.162278 	31.016125 	6.082763 	60.901562 	28.635643 	61.294373 	30.870699 	64.007812 	10.770329 	19.104973 	38.078865 	67.119293 	79.075912 	66.189125 	29.681644 	40.024994 	65.741920 	34.481880 	31.906113 	63.976559 	60.926186 	70.661163 	44.147480 	39.458839 	
28.017851 	55.470715 	28.635643 	26.305893 	27.892651 	59.203041 	60.605282 	26.683329 	27.202942 	58.137768 	24.351591 	90.686272 	93.509361 	89.872131 	98.290382 	107.563934 	103.247276 	6.324555 	10.816654 	9.486833 	999.000000 	104.737770 	25.317978 	8.062258 	2.828427 	6.082763 	10.000000 	21.540659 	8.544003 	70.235321 	19.235384 	70.661163 	21.470911 	73.355301 	8.602325 	11.180340 	28.635643 	76.478752 	88.323273 	75.584389 	20.615528 	49.477268 	75.153175 	25.238859 	22.803509 	73.409805 	70.384659 	80.056229 	53.600372 	48.836460 	
87.321243 	52.354561 	83.006027 	85.755463 	82.680107 	47.507893 	46.141087 	84.059502 	82.377182 	47.434166 	84.053551 	17.262676 	15.033297 	16.763054 	8.062258 	8.944272 	5.830952 	99.247169 	94.069122 	96.166519 	104.737770 	999.000000 	126.605690 	98.290382 	104.661362 	101.118744 	97.621719 	125.099960 	101.178062 	40.853397 	123.434196 	41.436699 	125.606529 	38.897301 	106.150833 	115.260574 	132.279999 	37.107952 	26.019224 	39.051247 	125.319588 	65.741920 	40.024994 	129.726639 	127.475487 	42.201897 	45.607018 	36.345562 	63.158531 	68.447060 	
41.231056 	75.073296 	44.553337 	41.725292 	44.553337 	79.511009 	80.919716 	43.139309 	44.598206 	79.202271 	42.638012 	111.395691 	114.214706 	110.887329 	119.632774 	128.425079 	124.470879 	28.792360 	35.440090 	34.713108 	25.317978 	126.605690 	999.000000 	33.376640 	27.073973 	31.144823 	35.227829 	6.403124 	33.015148 	94.540993 	9.433981 	95.078911 	8.485281 	97.693398 	30.149628 	20.880613 	8.062258 	100.846420 	112.258629 	100.089958 	12.727922 	74.732857 	99.724625 	10.770329 	12.206555 	98.081596 	95.189285 	104.546638 	78.854294 	74.148499 	
27.892651 	50.537113 	27.073973 	25.317978 	26.019224 	53.851646 	55.226807 	25.079872 	25.000000 	52.430908 	22.000000 	84.811554 	87.618492 	83.868942 	92.097771 	101.533249 	97.082436 	7.810250 	5.099020 	2.236068 	8.062258 	98.290382 	33.376640 	999.000000 	6.708204 	2.828427 	2.236068 	29.410883 	4.000000 	62.769421 	26.925823 	63.134777 	29.154760 	65.863495 	8.544003 	17.029387 	36.400551 	68.963760 	80.993828 	68.000000 	27.784887 	41.484936 	67.535179 	32.649654 	30.016663 	65.741920 	62.649822 	72.470680 	45.607018 	40.792156 	
30.016663 	56.080299 	30.265491 	28.071337 	29.427877 	59.640591 	61.032780 	28.284271 	28.635643 	58.412327 	25.709921 	90.906548 	93.723000 	90.027771 	98.351410 	107.712578 	103.324730 	8.000000 	10.630146 	8.602325 	2.828427 	104.661362 	27.073973 	6.708204 	999.000000 	4.123106 	8.246211 	22.803509 	6.082763 	69.462219 	20.248457 	69.835518 	22.472204 	72.560318 	5.830952 	10.630146 	29.732138 	75.663727 	87.664131 	74.706093 	21.095022 	48.083260 	74.242844 	25.942244 	23.323807 	72.449982 	69.354164 	79.177017 	52.201534 	47.296936 	
29.427877 	53.235325 	29.000000 	27.073973 	28.017851 	56.603886 	57.982758 	27.000000 	27.073973 	55.217751 	24.083189 	87.618492 	90.426765 	86.683334 	94.921021 	104.350372 	99.904953 	8.062258 	7.615773 	5.000000 	6.082763 	101.118744 	31.144823 	2.828427 	4.123106 	999.000000 	4.123106 	26.925823 	2.828427 	65.513359 	24.351591 	65.863495 	26.570660 	68.600288 	6.082763 	14.212670 	33.837849 	71.693794 	83.761566 	70.710678 	25.059929 	43.965897 	70.235321 	29.966648 	27.294687 	68.425140 	65.306969 	75.179787 	48.083260 	43.174065 	
29.410883 	50.566788 	28.284271 	26.683329 	27.166155 	53.712196 	55.072678 	26.305893 	26.076809 	52.153618 	23.086792 	84.403793 	87.200920 	83.408630 	91.547798 	101.044548 	96.540146 	10.000000 	6.082763 	3.162278 	10.000000 	97.621719 	35.227829 	2.236068 	8.246211 	4.123106 	999.000000 	31.048349 	3.605551 	61.587337 	28.460499 	61.911228 	30.675724 	64.660652 	8.602325 	18.027756 	37.947330 	67.742157 	79.881165 	66.730804 	29.068884 	39.849716 	66.241982 	34.014702 	31.304953 	64.412735 	61.269894 	71.196907 	43.965897 	39.051247 	
41.677334 	74.276512 	44.407207 	41.617306 	44.204071 	78.492035 	79.906197 	42.801868 	44.045429 	77.897369 	41.773197 	110.344917 	113.172432 	109.713264 	118.342720 	127.349915 	123.239601 	26.076809 	32.202484 	31.016125 	21.540659 	125.099960 	6.403124 	29.410883 	22.803509 	26.925823 	31.048349 	999.000000 	28.442924 	91.678787 	3.162278 	92.135773 	2.236068 	94.810333 	25.019993 	15.132746 	7.211102 	97.943863 	109.658562 	97.082436 	6.403124 	70.880180 	96.664368 	6.082763 	6.324555 	94.936821 	91.923882 	101.552940 	75.000000 	70.092796 	
31.780497 	54.129475 	31.064449 	29.274563 	30.016663 	57.306194 	58.668560 	29.068884 	29.000000 	55.758408 	26.000000 	88.005684 	90.801979 	87.005745 	95.131485 	104.637466 	100.124924 	10.816654 	9.055386 	6.082763 	8.544003 	101.178062 	33.015148 	4.000000 	6.082763 	2.828427 	3.605551 	28.442924 	999.000000 	64.899925 	25.709921 	65.192024 	27.892651 	67.955872 	5.000000 	14.764823 	35.171009 	71.021126 	83.234612 	69.971420 	26.000000 	42.720020 	69.462219 	31.016125 	28.231188 	67.601776 	64.412735 	74.431175 	46.818798 	41.761227 	
61.204575 	33.615471 	56.222771 	58.420887 	55.326305 	29.529646 	29.154760 	56.435802 	54.451813 	26.400757 	54.918121 	35.057095 	37.000000 	33.015148 	37.656342 	47.296936 	42.201897 	65.795135 	59.481091 	60.901562 	70.235321 	40.853397 	94.540993 	62.769421 	69.462219 	65.513359 	61.587337 	91.678787 	64.899925 	999.000000 	89.470665 	1.414214 	91.706055 	3.162278 	69.634758 	79.611557 	98.838249 	6.324555 	18.439089 	6.000000 	90.553848 	25.238859 	6.082763 	95.383438 	92.784698 	5.830952 	6.708204 	10.198039 	22.360680 	27.784887 	
41.146080 	73.000000 	43.566040 	40.816662 	43.266617 	77.103828 	78.517517 	41.880783 	43.011627 	76.380623 	40.607880 	108.894447 	111.722870 	108.208130 	116.777565 	125.872955 	121.696342 	24.207438 	30.016663 	28.635643 	19.235384 	123.434196 	9.433981 	26.925823 	20.248457 	24.351591 	28.460499 	3.162278 	25.709921 	89.470665 	999.000000 	89.894379 	2.236068 	92.590500 	22.090721 	12.041595 	9.486833 	95.713112 	107.540688 	94.810333 	4.123106 	68.308128 	94.371605 	6.403124 	5.099020 	92.612091 	89.554451 	99.282425 	72.422371 	67.446274 	
62.128899 	34.928497 	57.140179 	59.304298 	56.222771 	30.886890 	30.528675 	57.314919 	55.326305 	27.730848 	55.731499 	36.124783 	38.013157 	34.058773 	38.470768 	48.052055 	42.953465 	66.309875 	59.933296 	61.294373 	70.661163 	41.436699 	95.078911 	63.134777 	69.835518 	65.863495 	61.911228 	92.135773 	65.192024 	1.414214 	89.894379 	999.000000 	92.130341 	2.828427 	69.892776 	79.924965 	99.282425 	5.830952 	18.384777 	5.099020 	90.917542 	25.000000 	5.000000 	95.770561 	93.150414 	4.472136 	5.385165 	9.486833 	21.954498 	27.459061 	
42.941822 	75.073296 	45.486263 	42.720020 	45.221676 	79.208588 	80.622574 	43.829212 	45.000000 	78.517517 	42.638012 	111.018013 	113.846390 	110.344917 	118.928551 	128.003906 	123.842644 	26.400757 	32.249031 	30.870699 	21.470911 	125.606529 	8.485281 	29.154760 	22.472204 	26.570660 	30.675724 	2.236068 	27.892651 	91.706055 	2.236068 	92.130341 	999.000000 	94.826157 	24.186773 	14.000000 	7.280110 	97.948967 	109.772491 	97.046379 	4.242640 	70.519501 	96.607452 	4.472136 	4.123106 	94.847244 	91.787796 	101.518471 	74.632431 	69.641945 	
64.280632 	36.055511 	59.304298 	61.522354 	58.420887 	31.780497 	31.304953 	59.539902 	57.558666 	28.792360 	58.051701 	34.365681 	36.124783 	32.249031 	36.221542 	45.705578 	40.607880 	68.942001 	62.609905 	64.007812 	73.355301 	38.897301 	97.693398 	65.863495 	72.560318 	68.600288 	64.660652 	94.810333 	67.955872 	3.162278 	92.590500 	2.828427 	94.826157 	999.000000 	72.670486 	82.680107 	101.965683 	3.162278 	15.556349 	3.162278 	93.648277 	27.802877 	3.605551 	98.488579 	95.880135 	4.472136 	7.000000 	7.071068 	24.698177 	30.232433 	
35.227829 	59.033890 	35.014282 	33.015148 	34.058773 	62.265560 	63.631752 	33.015148 	33.136082 	60.745369 	30.149628 	93.005379 	95.801880 	92.005432 	100.124924 	109.635757 	105.118980 	13.341664 	13.601471 	10.770329 	8.602325 	106.150833 	30.149628 	8.544003 	5.830952 	6.082763 	8.602325 	25.019993 	5.000000 	69.634758 	22.090721 	69.892776 	24.186773 	72.670486 	999.000000 	10.440307 	31.400637 	75.716576 	88.005684 	74.625732 	21.840330 	47.010635 	74.094536 	26.925823 	24.041630 	72.201111 	68.963760 	79.075912 	51.078373 	45.880280 	
38.470768 	66.573265 	39.560081 	37.107952 	38.897301 	70.213959 	71.610054 	37.643059 	38.275318 	69.028976 	35.468296 	101.533249 	104.350372 	100.657837 	108.977058 	118.342720 	113.951744 	17.464249 	21.260292 	19.104973 	11.180340 	115.260574 	20.880613 	17.029387 	10.630146 	14.212670 	18.027756 	15.132746 	14.764823 	79.611557 	12.041595 	79.924965 	14.000000 	82.680107 	10.440307 	999.000000 	21.095022 	85.755463 	97.908119 	84.723076 	11.401754 	57.384666 	84.219948 	16.492422 	13.601471 	82.365044 	79.177017 	89.185204 	61.465439 	56.302753 	
48.259712 	81.320351 	51.224995 	48.414875 	51.088158 	85.586212 	87.000000 	49.678970 	50.990196 	85.041168 	48.795490 	117.456375 	120.282997 	116.846054 	125.495018 	134.469330 	130.384048 	33.286633 	39.357338 	38.078865 	28.635643 	132.279999 	8.062258 	36.400551 	29.732138 	33.837849 	37.947330 	7.211102 	35.171009 	98.838249 	9.486833 	99.282425 	7.280110 	101.965683 	31.400637 	21.095022 	999.000000 	105.095192 	116.846054 	104.216118 	10.049875 	77.794601 	103.788246 	5.385165 	8.246211 	102.044106 	99.005051 	108.687622 	81.908485 	76.922035 	
67.364677 	38.600517 	62.393909 	64.629715 	61.522354 	34.176014 	33.615471 	62.649822 	60.671246 	31.320919 	61.188232 	33.955853 	35.510563 	31.780497 	35.014282 	44.283180 	39.204590 	72.090218 	65.741920 	67.119293 	76.478752 	37.107952 	100.846420 	68.963760 	75.663727 	71.693794 	67.742157 	97.943863 	71.021126 	6.324555 	95.713112 	5.830952 	97.948967 	3.162278 	75.716576 	85.755463 	105.095192 	999.000000 	12.806249 	2.000000 	96.747093 	30.479502 	3.000000 	101.597244 	98.979797 	5.099020 	8.544003 	4.000000 	27.202942 	32.802441 	
76.902534 	45.011108 	72.034714 	74.464760 	71.309189 	40.049969 	39.115215 	72.532753 	70.604530 	38.013157 	71.470276 	28.017851 	28.653097 	25.806976 	25.961510 	34.132095 	29.274563 	83.648071 	77.524193 	79.075912 	88.323273 	26.019224 	112.258629 	80.993828 	87.664131 	83.761566 	79.881165 	109.658562 	83.234612 	18.439089 	107.540688 	18.384777 	109.772491 	15.556349 	88.005684 	97.908119 	116.846054 	12.806249 	999.000000 	14.422205 	108.756607 	43.278172 	15.264338 	113.534134 	110.981979 	17.492855 	21.095022 	10.770329 	40.000000 	45.607018 	
67.186310 	39.217342 	62.201286 	64.381676 	61.294373 	34.928497 	34.438351 	62.393909 	60.406952 	31.953091 	60.827625 	35.902645 	37.483330 	33.734257 	37.013512 	46.270943 	41.194660 	71.309189 	64.884514 	66.189125 	75.584389 	39.051247 	100.089958 	68.000000 	74.706093 	70.710678 	66.730804 	97.082436 	69.971420 	6.000000 	94.810333 	5.099020 	97.046379 	3.162278 	74.625732 	84.723076 	104.216118 	2.000000 	14.422205 	999.000000 	95.770561 	29.000000 	1.000000 	100.647903 	98.005104 	3.162278 	6.708204 	4.472136 	25.612497 	31.240999 	
44.384682 	75.432091 	46.529560 	43.829212 	46.141087 	79.397736 	80.808418 	44.777225 	45.793011 	78.517517 	43.266617 	111.072052 	113.899078 	110.317726 	118.802361 	128.003906 	123.745705 	26.172504 	31.400637 	29.681644 	20.615528 	125.319588 	12.727922 	27.784887 	21.095022 	25.059929 	29.068884 	6.403124 	26.000000 	90.553848 	4.123106 	90.917542 	4.242640 	93.648277 	21.840330 	11.401754 	10.049875 	96.747093 	108.756607 	95.770561 	999.000000 	68.709534 	95.294281 	5.099020 	2.236068 	93.477272 	90.338257 	100.239716 	72.801102 	67.675697 	
49.648766 	38.013157 	44.944408 	46.173584 	43.657761 	37.000000 	37.643059 	44.271889 	42.379242 	33.526108 	41.484936 	57.271286 	59.665737 	55.542778 	61.684681 	71.512238 	66.483078 	46.389652 	39.458839 	40.024994 	49.477268 	65.741920 	74.732857 	41.484936 	48.083260 	43.965897 	39.849716 	70.880180 	42.720020 	25.238859 	68.308128 	25.000000 	70.519501 	27.802877 	47.010635 	57.384666 	77.794601 	30.479502 	43.278172 	29.000000 	68.709534 	999.000000 	28.284271 	73.736015 	70.936592 	26.172504 	22.671568 	33.241539 	4.123106 	3.000000 	
67.119293 	39.560081 	62.128899 	64.280632 	61.204575 	35.341194 	34.885529 	62.289646 	60.299255 	32.310989 	60.671246 	36.878178 	38.470768 	34.713108 	38.013157 	47.265209 	42.190044 	70.936592 	64.474800 	65.741920 	75.153175 	40.024994 	99.724625 	67.535179 	74.242844 	70.235321 	66.241982 	96.664368 	69.462219 	6.082763 	94.371605 	5.000000 	96.607452 	3.605551 	74.094536 	84.219948 	103.788246 	3.000000 	15.264338 	1.000000 	95.294281 	28.284271 	999.000000 	100.184830 	97.529480 	2.236068 	5.830952 	5.000000 	24.839485 	30.479502 	
47.413078 	79.397736 	49.929951 	47.169907 	49.648766 	83.486526 	84.899940 	48.259712 	49.406479 	82.734512 	47.010635 	115.260574 	118.088951 	114.560028 	123.109711 	132.230865 	128.035156 	30.479502 	36.055511 	34.481880 	25.238859 	129.726639 	10.770329 	32.649654 	25.942244 	29.966648 	34.014702 	6.082763 	31.016125 	95.383438 	6.403124 	95.770561 	4.472136 	98.488579 	26.925823 	16.492422 	5.385165 	101.597244 	113.534134 	100.647903 	5.099020 	73.736015 	100.184830 	999.000000 	3.000000 	98.386993 	95.273293 	105.118980 	77.833153 	72.732384 	
46.097721 	77.466118 	48.373547 	45.650848 	48.020828 	81.467789 	82.879433 	46.647614 	47.707443 	80.622574 	45.221676 	113.172432 	116.000000 	112.432205 	120.933868 	130.115326 	125.872955 	28.284271 	33.600594 	31.906113 	22.803509 	127.475487 	12.206555 	30.016663 	23.323807 	27.294687 	31.304953 	6.324555 	28.231188 	92.784698 	5.099020 	93.150414 	4.123106 	95.880135 	24.041630 	13.601471 	8.246211 	98.979797 	110.981979 	98.005104 	2.236068 	70.936592 	97.529480 	3.000000 	999.000000 	95.713112 	92.574295 	102.474388 	75.026665 	69.892776 	
66.030296 	39.395432 	61.032780 	63.126858 	60.074955 	35.355339 	34.985710 	61.131008 	59.135437 	32.202484 	59.413803 	38.639359 	40.311287 	36.496574 	40.049969 	49.365982 	44.283180 	69.289246 	62.769421 	63.976559 	73.409805 	42.201897 	98.081596 	65.741920 	72.449982 	68.425140 	64.412735 	94.936821 	67.601776 	5.830952 	92.612091 	4.472136 	94.847244 	4.472136 	72.201111 	82.365044 	102.044106 	5.099020 	17.492855 	3.162278 	93.477272 	26.172504 	2.236068 	98.386993 	95.713112 	999.000000 	3.605551 	7.071068 	22.671568 	28.319605 	
64.007812 	38.948685 	59.008472 	61.008198 	58.000000 	35.227829 	35.000000 	59.008472 	57.008770 	31.906113 	57.140179 	41.303753 	43.104523 	39.204590 	43.185646 	52.611786 	47.518417 	66.407829 	59.808025 	60.926186 	70.384659 	45.607018 	95.189285 	62.649822 	69.354164 	65.306969 	61.269894 	91.923882 	64.412735 	6.708204 	89.554451 	5.385165 	91.787796 	7.000000 	68.963760 	79.177017 	99.005051 	8.544003 	21.095022 	6.708204 	90.338257 	22.671568 	5.830952 	95.273293 	92.574295 	3.605551 	999.000000 	10.630146 	19.104973 	24.758837 	
71.344238 	42.449970 	66.370171 	68.593002 	65.490456 	37.947330 	37.336308 	66.610809 	64.629715 	35.171009 	65.115280 	35.114101 	36.400551 	32.893768 	35.128338 	44.011364 	39.000000 	75.769386 	69.354164 	70.661163 	80.056229 	36.345562 	104.546638 	72.470680 	79.177017 	75.179787 	71.196907 	101.552940 	74.431175 	10.198039 	99.282425 	9.486833 	101.518471 	7.071068 	79.075912 	89.185204 	108.687622 	4.000000 	10.770329 	4.472136 	100.239716 	33.241539 	5.000000 	105.118980 	102.474388 	7.071068 	10.630146 	999.000000 	29.732138 	35.383614 	
53.160137 	39.115215 	48.383881 	49.729267 	47.127487 	37.576588 	38.078865 	47.801674 	45.880280 	34.014702 	45.122055 	55.578773 	57.870544 	53.758720 	59.481091 	69.260376 	64.195015 	50.487621 	43.566040 	44.147480 	53.600372 	63.158531 	78.854294 	45.607018 	52.201534 	48.083260 	43.965897 	75.000000 	46.818798 	22.360680 	72.422371 	21.954498 	74.632431 	24.698177 	51.078373 	61.465439 	81.908485 	27.202942 	40.000000 	25.612497 	72.801102 	4.123106 	24.839485 	77.833153 	75.026665 	22.671568 	19.104973 	29.732138 	999.000000 	5.656854 	
50.695168 	40.718548 	46.097721 	47.169907 	44.777225 	39.849716 	40.521599 	45.310043 	43.462627 	36.400551 	42.379242 	60.207973 	62.585941 	58.463665 	64.513565 	74.330345 	69.289246 	46.097721 	39.115215 	39.458839 	48.836460 	68.447060 	74.148499 	40.792156 	47.296936 	43.174065 	39.051247 	70.092796 	41.761227 	27.784887 	67.446274 	27.459061 	69.641945 	30.232433 	45.880280 	56.302753 	76.922035 	32.802441 	45.607018 	31.240999 	67.675697 	3.000000 	30.479502 	72.732384 	69.892776 	28.319605 	24.758837 	35.383614 	5.656854 	999.000000 	

Travel time:
9.000000 	0.874643 	0.125000 	0.090139 	0.152069 	0.995615 	1.029563 	0.134629 	0.182003 	1.007782 	0.215058 	1.782028 	1.851520 	1.775528 	1.998124 	2.205816 	2.114976 	0.550568 	0.585235 	0.656220 	0.700446 	2.183031 	1.030776 	0.697316 	0.750417 	0.735697 	0.735272 	1.041933 	0.794512 	1.530114 	1.028652 	1.553222 	1.073546 	1.607016 	0.880696 	0.961769 	1.206493 	1.684117 	1.922563 	1.679658 	1.109617 	1.241219 	1.677982 	1.185327 	1.152443 	1.650757 	1.600195 	1.783606 	1.329003 	1.267379 	
0.874643 	9.000000 	0.770146 	0.840015 	0.765261 	0.127475 	0.158114 	0.800391 	0.761988 	0.182003 	0.813173 	0.910014 	0.980115 	0.901388 	1.123610 	1.335337 	1.241219 	1.235162 	1.141271 	1.207528 	1.386768 	1.308864 	1.876832 	1.263428 	1.402007 	1.330883 	1.264170 	1.856913 	1.353237 	0.840387 	1.825000 	0.873212 	1.876832 	0.901388 	1.475847 	1.664332 	2.033009 	0.965013 	1.125278 	0.980434 	1.885802 	0.950329 	0.989002 	1.984943 	1.936653 	0.984886 	0.973717 	1.061249 	0.977880 	1.017964 	
0.125000 	0.770146 	9.000000 	0.070711 	0.035355 	0.887764 	0.922293 	0.050000 	0.070711 	0.894427 	0.134629 	1.680030 	1.750000 	1.671264 	1.892914 	2.105053 	2.011219 	0.559017 	0.555090 	0.629484 	0.715891 	2.075151 	1.113833 	0.676849 	0.756637 	0.725000 	0.707107 	1.110180 	0.776611 	1.405569 	1.089151 	1.428504 	1.137157 	1.482607 	0.875357 	0.989002 	1.280625 	1.559848 	1.800868 	1.555032 	1.163239 	1.123610 	1.553222 	1.248249 	1.209339 	1.525820 	1.475212 	1.659254 	1.209597 	1.152443 	
0.090139 	0.840015 	0.070711 	9.000000 	0.079057 	0.956883 	0.991527 	0.050000 	0.100000 	0.961769 	0.125000 	1.750000 	1.820028 	1.740869 	1.962301 	2.175144 	2.080865 	0.502494 	0.515388 	0.588430 	0.657647 	2.143887 	1.043132 	0.632949 	0.701783 	0.676849 	0.667083 	1.040433 	0.731864 	1.460522 	1.020416 	1.482607 	1.068001 	1.538059 	0.825379 	0.927699 	1.210372 	1.615743 	1.861619 	1.609542 	1.095730 	1.154340 	1.607016 	1.179248 	1.141271 	1.578171 	1.525205 	1.714825 	1.243232 	1.179248 	
0.152069 	0.765261 	0.035355 	0.079057 	9.000000 	0.880696 	0.915492 	0.035355 	0.035355 	0.883883 	0.103078 	1.675187 	1.745351 	1.665270 	1.886299 	2.100595 	2.005306 	0.539676 	0.527376 	0.602080 	0.697316 	2.067003 	1.113833 	0.650481 	0.735697 	0.700446 	0.679154 	1.105102 	0.750417 	1.383158 	1.081665 	1.405569 	1.130542 	1.460522 	0.851469 	0.972432 	1.277204 	1.538059 	1.782730 	1.532359 	1.153527 	1.091444 	1.530114 	1.241219 	1.200521 	1.501874 	1.450000 	1.637261 	1.178187 	1.119431 	
0.995615 	0.127475 	0.887764 	0.956883 	0.880696 	9.000000 	0.035355 	0.915492 	0.875000 	0.090139 	0.921954 	0.797261 	0.867828 	0.785016 	1.005609 	1.222957 	1.125000 	1.331587 	1.227294 	1.290591 	1.480076 	1.187697 	1.987775 	1.346291 	1.491015 	1.415097 	1.342805 	1.962301 	1.432655 	0.738241 	1.927596 	0.772172 	1.980215 	0.794512 	1.556639 	1.755349 	2.139655 	0.854400 	1.001249 	0.873212 	1.984943 	0.925000 	0.883530 	2.087163 	2.036695 	0.883883 	0.880696 	0.948683 	0.939415 	0.996243 	
1.029563 	0.158114 	0.922293 	0.991527 	0.915492 	0.035355 	9.000000 	0.950329 	0.910014 	0.103078 	0.957209 	0.761988 	0.832541 	0.750000 	0.970824 	1.187697 	1.090011 	1.366794 	1.261943 	1.325000 	1.515132 	1.153527 	2.022993 	1.380670 	1.525820 	1.449569 	1.376817 	1.997655 	1.466714 	0.728869 	1.962938 	0.763217 	2.015564 	0.782624 	1.590794 	1.790251 	2.175000 	0.840387 	0.977880 	0.860959 	2.020211 	0.941076 	0.872138 	2.122499 	2.071986 	0.874643 	0.875000 	0.933408 	0.951972 	1.013040 	
0.134629 	0.800391 	0.050000 	0.050000 	0.035355 	0.915492 	0.950329 	9.000000 	0.050000 	0.917878 	0.090139 	1.710263 	1.780449 	1.700184 	1.921100 	2.135708 	2.040221 	0.509902 	0.505594 	0.579871 	0.667083 	2.101488 	1.078483 	0.626997 	0.707107 	0.675000 	0.657647 	1.070047 	0.726722 	1.410895 	1.047020 	1.432873 	1.095730 	1.488497 	0.825379 	0.941076 	1.241974 	1.566246 	1.813319 	1.559848 	1.119431 	1.106797 	1.557241 	1.206493 	1.166190 	1.528275 	1.475212 	1.665270 	1.195042 	1.132751 	
0.182003 	0.761988 	0.070711 	0.100000 	0.035355 	0.875000 	0.910014 	0.050000 	9.000000 	0.874643 	0.075000 	1.671077 	1.741407 	1.660007 	1.880326 	2.096724 	2.000000 	0.522015 	0.500625 	0.575543 	0.680074 	2.059430 	1.114955 	0.625000 	0.715891 	0.676849 	0.651920 	1.101136 	0.725000 	1.361295 	1.075291 	1.383158 	1.125000 	1.438967 	0.828402 	0.956883 	1.274755 	1.516781 	1.765113 	1.510174 	1.144825 	1.059481 	1.507481 	1.235162 	1.192686 	1.478386 	1.425219 	1.615743 	1.147007 	1.086566 	
1.007782 	0.182003 	0.894427 	0.961769 	0.883883 	0.090139 	0.103078 	0.917878 	0.874643 	9.000000 	0.915492 	0.813941 	0.884590 	0.795692 	1.011496 	1.237437 	1.133578 	1.308625 	1.195042 	1.255488 	1.453444 	1.185854 	1.980057 	1.310773 	1.460308 	1.380444 	1.303840 	1.947434 	1.393960 	0.660019 	1.909516 	0.693271 	1.962938 	0.719809 	1.518634 	1.725724 	2.126029 	0.783023 	0.950329 	0.798827 	1.962938 	0.838153 	0.807775 	2.068363 	2.015564 	0.805062 	0.797653 	0.879275 	0.850368 	0.910014 	
0.215058 	0.813173 	0.134629 	0.125000 	0.103078 	0.921954 	0.957209 	0.090139 	0.075000 	0.915492 	9.000000 	1.719193 	1.789728 	1.706239 	1.925162 	2.144907 	2.045880 	0.450694 	0.425735 	0.500625 	0.608790 	2.101339 	1.065950 	0.550000 	0.642748 	0.602080 	0.577170 	1.044330 	0.650000 	1.372953 	1.015197 	1.393287 	1.065950 	1.451293 	0.753741 	0.886707 	1.219887 	1.529706 	1.786757 	1.520691 	1.081665 	1.037123 	1.516781 	1.175266 	1.130542 	1.485345 	1.428504 	1.627882 	1.128051 	1.059481 	
1.782028 	0.910014 	1.680030 	1.750000 	1.675187 	0.797261 	0.761988 	1.710263 	1.671077 	0.813941 	1.719193 	9.000000 	0.070711 	0.055902 	0.230489 	0.425735 	0.335410 	2.122499 	2.007019 	2.065490 	2.267157 	0.431567 	2.784892 	2.120289 	2.272664 	2.190462 	2.110095 	2.758623 	2.200142 	0.876427 	2.722361 	0.903120 	2.775450 	0.859142 	2.325135 	2.538331 	2.936409 	0.848896 	0.700446 	0.897566 	2.776801 	1.431782 	0.921954 	2.881514 	2.829311 	0.965984 	1.032594 	0.877853 	1.389469 	1.505199 	
1.851520 	0.980115 	1.750000 	1.820028 	1.745351 	0.867828 	0.832541 	1.780449 	1.741407 	0.884590 	1.789728 	0.070711 	9.000000 	0.103078 	0.175000 	0.355317 	0.269258 	2.193171 	2.077408 	2.135708 	2.337734 	0.375832 	2.855368 	2.190462 	2.343075 	2.260669 	2.180023 	2.829311 	2.270050 	0.925000 	2.793072 	0.950329 	2.846160 	0.903120 	2.395047 	2.608759 	3.007075 	0.887764 	0.716327 	0.937083 	2.847477 	1.491643 	0.961769 	2.952224 	2.900000 	1.007782 	1.077613 	0.910014 	1.446764 	1.564649 	
1.775528 	0.901388 	1.671264 	1.740869 	1.665270 	0.785016 	0.750000 	1.700184 	1.660007 	0.795692 	1.706239 	0.055902 	0.103078 	9.000000 	0.223607 	0.442295 	0.340037 	2.103717 	1.984943 	2.042211 	2.246803 	0.419076 	2.772183 	2.096724 	2.250694 	2.167083 	2.085216 	2.742832 	2.175144 	0.825379 	2.705203 	0.851469 	2.758623 	0.806226 	2.300136 	2.516446 	2.921151 	0.794512 	0.645174 	0.843356 	2.757943 	1.388569 	0.867828 	2.864001 	2.810805 	0.912414 	0.980115 	0.822344 	1.343968 	1.461592 	
1.998124 	1.123610 	1.892914 	1.962301 	1.886299 	1.005609 	0.970824 	1.921100 	1.880326 	1.011496 	1.925162 	0.230489 	0.175000 	0.223607 	9.000000 	0.246221 	0.125000 	2.316382 	2.193171 	2.248472 	2.457260 	0.201556 	2.990819 	2.302444 	2.458785 	2.373025 	2.288695 	2.958568 	2.378287 	0.941409 	2.919439 	0.961769 	2.973214 	0.905539 	2.503123 	2.724427 	3.137375 	0.875357 	0.649038 	0.925338 	2.970059 	1.542117 	0.950329 	3.077743 	3.023347 	1.001249 	1.079641 	0.878208 	1.487027 	1.612839 	
2.205816 	1.335337 	2.105053 	2.175144 	2.100595 	1.222957 	1.187697 	2.135708 	2.096724 	1.237437 	2.144907 	0.425735 	0.355317 	0.442295 	0.246221 	9.000000 	0.127475 	2.545830 	2.427061 	2.483948 	2.689098 	0.223607 	3.210627 	2.538331 	2.692814 	2.608759 	2.526114 	3.183748 	2.615937 	1.182423 	3.146824 	1.201301 	3.200098 	1.142639 	2.740894 	2.958568 	3.361733 	1.107080 	0.853302 	1.156774 	3.200098 	1.787806 	1.181630 	3.305772 	3.252883 	1.234150 	1.315295 	1.100284 	1.731509 	1.858259 	
2.114976 	1.241219 	2.011219 	2.080865 	2.005306 	1.125000 	1.090011 	2.040221 	2.000000 	1.133578 	2.045880 	0.335410 	0.269258 	0.340037 	0.125000 	0.127475 	9.000000 	2.439775 	2.317461 	2.373025 	2.581182 	0.145774 	3.111772 	2.427061 	2.583118 	2.497624 	2.413504 	3.080990 	2.503123 	1.055047 	3.042408 	1.073837 	3.096066 	1.015197 	2.627975 	2.848794 	3.259601 	0.980115 	0.731864 	1.029866 	3.093643 	1.662077 	1.054751 	3.200879 	3.146824 	1.107080 	1.187960 	0.975000 	1.604875 	1.732231 	
0.550568 	1.235162 	0.559017 	0.502494 	0.539676 	1.331587 	1.366794 	0.509902 	0.522015 	1.308625 	0.450694 	2.122499 	2.193171 	2.103717 	2.316382 	2.545830 	2.439775 	9.000000 	0.175000 	0.190394 	0.158114 	2.481179 	0.719809 	0.195256 	0.200000 	0.201556 	0.250000 	0.651920 	0.270416 	1.644878 	0.605186 	1.657747 	0.660019 	1.723550 	0.333542 	0.436606 	0.832166 	1.802255 	2.091202 	1.782730 	0.654313 	1.159741 	1.773415 	0.761988 	0.707107 	1.732231 	1.660196 	1.894235 	1.262191 	1.152443 	
0.585235 	1.141271 	0.555090 	0.515388 	0.527376 	1.227294 	1.261943 	0.505594 	0.500625 	1.195042 	0.425735 	2.007019 	2.077408 	1.984943 	2.193171 	2.427061 	2.317461 	0.175000 	9.000000 	0.075000 	0.270416 	2.351728 	0.886002 	0.127475 	0.265754 	0.190394 	0.152069 	0.805062 	0.226385 	1.487027 	0.750417 	1.498332 	0.806226 	1.565248 	0.340037 	0.531507 	0.983933 	1.643548 	1.938105 	1.622113 	0.785016 	0.986471 	1.611870 	0.901388 	0.840015 	1.569236 	1.495201 	1.733854 	1.089151 	0.977880 	
0.656220 	1.207528 	0.629484 	0.588430 	0.602080 	1.290591 	1.325000 	0.579871 	0.575543 	1.255488 	0.500625 	2.065490 	2.135708 	2.042211 	2.248472 	2.483948 	2.373025 	0.190394 	0.075000 	9.000000 	0.237171 	2.404163 	0.867828 	0.055902 	0.215058 	0.125000 	0.079057 	0.775403 	0.152069 	1.522539 	0.715891 	1.532359 	0.771767 	1.600195 	0.269258 	0.477624 	0.951972 	1.677982 	1.976898 	1.654728 	0.742041 	1.000625 	1.643548 	0.862047 	0.797653 	1.599414 	1.523155 	1.766529 	1.103687 	0.986471 	
0.700446 	1.386768 	0.715891 	0.657647 	0.697316 	1.480076 	1.515132 	0.667083 	0.680074 	1.453444 	0.608790 	2.267157 	2.337734 	2.246803 	2.457260 	2.689098 	2.581182 	0.158114 	0.270416 	0.237171 	9.000000 	2.618444 	0.632949 	0.201556 	0.070711 	0.152069 	0.250000 	0.538516 	0.213600 	1.755883 	0.480885 	1.766529 	0.536773 	1.833883 	0.215058 	0.279509 	0.715891 	1.911969 	2.208082 	1.889610 	0.515388 	1.236932 	1.878829 	0.630971 	0.570088 	1.835245 	1.759616 	2.001406 	1.340009 	1.220912 	
2.183031 	1.308864 	2.075151 	2.143887 	2.067003 	1.187697 	1.153527 	2.101488 	2.059430 	1.185854 	2.101339 	0.431567 	0.375832 	0.419076 	0.201556 	0.223607 	0.145774 	2.481179 	2.351728 	2.404163 	2.618444 	9.000000 	3.165142 	2.457260 	2.616534 	2.527969 	2.440543 	3.127499 	2.529452 	1.021335 	3.085855 	1.035918 	3.140163 	0.972432 	2.653771 	2.881514 	3.307000 	0.927699 	0.650481 	0.976281 	3.132990 	1.643548 	1.000625 	3.243166 	3.186887 	1.055047 	1.140175 	0.908639 	1.578963 	1.711177 	
1.030776 	1.876832 	1.113833 	1.043132 	1.113833 	1.987775 	2.022993 	1.078483 	1.114955 	1.980057 	1.065950 	2.784892 	2.855368 	2.772183 	2.990819 	3.210627 	3.111772 	0.719809 	0.886002 	0.867828 	0.632949 	3.165142 	9.000000 	0.834416 	0.676849 	0.778621 	0.880696 	0.160078 	0.825379 	2.363525 	0.235850 	2.376973 	0.212132 	2.442335 	0.753741 	0.522015 	0.201556 	2.521161 	2.806466 	2.502249 	0.318198 	1.868321 	2.493116 	0.269258 	0.305164 	2.452040 	2.379732 	2.613666 	1.971357 	1.853712 	
0.697316 	1.263428 	0.676849 	0.632949 	0.650481 	1.346291 	1.380670 	0.626997 	0.625000 	1.310773 	0.550000 	2.120289 	2.190462 	2.096724 	2.302444 	2.538331 	2.427061 	0.195256 	0.127475 	0.055902 	0.201556 	2.457260 	0.834416 	9.000000 	0.167705 	0.070711 	0.055902 	0.735272 	0.100000 	1.569236 	0.673146 	1.578369 	0.728869 	1.646587 	0.213600 	0.425735 	0.910014 	1.724094 	2.024846 	1.700000 	0.694622 	1.037123 	1.688380 	0.816241 	0.750417 	1.643548 	1.566246 	1.811767 	1.140175 	1.019804 	
