Total assets = 1240
Number of asset nodes = 66

Distance:
999.000000 	32.015621 	7.280110 	32.526913 	36.400551 	36.055511 	51.088158 	42.720020 	50.606323 	44.944408 	53.413483 	49.648766 	52.201534 	49.406479 	45.650848 	48.301140 	55.470715 	52.354561 	75.073296 	50.537113 	56.080299 	53.235325 	50.566788 	74.276512 	54.129475 	33.615471 	73.000000 	34.928497 	75.073296 	36.055511 	59.033890 	66.573265 	81.320351 	38.600517 	45.011108 	39.217342 	75.432091 	38.013157 	39.560081 	79.397736 	77.466118 	39.395432 	38.948685 	42.449970 	39.115215 	40.718548 	41.785164 	42.047592 	43.462627 	47.074409 	50.159744 	81.400246 	44.283180 	84.646324 	44.418465 	45.617977 	67.675697 	53.460266 	54.451813 	87.658424 	48.259712 	76.557167 	53.366657 	76.157730 	55.578773 	88.204308 	49.517673 	83.862984 	73.389374 	91.400215 	56.885849 	56.293873 	79.705711 	51.865211 	57.271286 	89.358826 	71.309189 	82.764725 	88.509888 	
32.015621 	999.000000 	36.715118 	3.605551 	68.410522 	68.007355 	83.096329 	74.632431 	82.619614 	76.843994 	85.428329 	81.608826 	84.202141 	20.396078 	20.223749 	23.194826 	26.683329 	84.059502 	43.139309 	25.079872 	28.284271 	27.000000 	26.305893 	42.801868 	29.068884 	56.435802 	41.880783 	57.314919 	43.829212 	59.539902 	33.015148 	37.643059 	49.678970 	62.649822 	72.532753 	62.393909 	44.777225 	44.271889 	62.289646 	48.259712 	46.647614 	61.131008 	59.008472 	66.610809 	47.801674 	45.310043 	64.195015 	63.031738 	46.518814 	71.700768 	76.687675 	51.000000 	48.332184 	53.851646 	51.264023 	49.658836 	44.102154 	79.075912 	80.062477 	119.620232 	55.713554 	107.823929 	77.414467 	107.354553 	80.894997 	120.104118 	61.131008 	55.027267 	49.000000 	60.901562 	81.614952 	80.399002 	110.941429 	58.694122 	81.394104 	121.202309 	49.497475 	114.127121 	59.236813 	
7.280110 	36.715118 	999.000000 	36.619667 	32.557640 	31.827662 	47.423622 	38.288380 	46.669048 	40.459858 	49.497475 	45.343136 	48.104053 	52.345009 	47.801674 	50.219517 	58.137768 	47.434166 	79.202271 	52.430908 	58.412327 	55.217751 	52.153618 	77.897369 	55.758408 	26.400757 	76.380623 	27.730848 	78.517517 	28.792360 	60.745369 	69.028976 	85.041168 	31.320919 	38.013157 	31.953091 	78.517517 	33.526108 	32.310989 	82.734512 	80.622574 	32.202484 	31.906113 	35.171009 	34.014702 	36.400551 	34.539833 	34.885529 	39.293766 	39.812057 	43.046486 	84.291161 	39.849716 	87.726852 	39.395432 	41.109608 	68.447060 	46.270943 	47.265209 	83.240616 	42.941822 	71.119621 	46.097721 	70.661163 	48.373547 	83.600243 	43.416588 	86.023254 	74.249580 	94.260277 	49.648766 	49.030602 	74.242844 	46.529560 	50.009998 	84.628601 	71.512238 	77.414467 	90.801979 	
32.526913 	3.605551 	36.619667 	999.000000 	68.767723 	68.249542 	83.546394 	74.813103 	82.975899 	77.006493 	85.796272 	81.835197 	84.504440 	18.027756 	17.029387 	20.024984 	24.351591 	84.053551 	42.638012 	22.000000 	25.709921 	24.083189 	23.086792 	41.773197 	26.000000 	54.918121 	40.607880 	55.731499 	42.638012 	58.051701 	30.149628 	35.468296 	48.795490 	61.188232 	71.470276 	60.827625 	43.266617 	41.484936 	60.671246 	47.010635 	45.221676 	59.413803 	57.140179 	65.115280 	45.122055 	42.379242 	62.514000 	61.204575 	43.462627 	70.213959 	75.432091 	49.396355 	45.310043 	52.430908 	48.383881 	46.615448 	41.012192 	77.665955 	78.644768 	119.808182 	52.810986 	107.540688 	75.802376 	107.042046 	79.429214 	120.208153 	58.463665 	52.924473 	46.043457 	59.363289 	80.062477 	78.771820 	110.639053 	55.713554 	79.762146 	121.247681 	46.270943 	113.877129 	57.271286 	
36.400551 	68.410522 	32.557640 	68.767723 	999.000000 	2.236068 	14.866069 	7.071068 	14.212670 	9.219544 	17.029387 	13.416408 	15.811388 	84.899940 	80.280754 	82.619614 	90.686272 	17.262676 	111.395691 	84.811554 	90.906548 	87.618492 	84.403793 	110.344917 	88.005684 	35.057095 	108.894447 	36.124783 	111.018013 	34.365681 	93.005379 	101.533249 	117.456375 	33.955853 	28.017851 	35.902645 	111.072052 	57.271286 	36.878178 	115.260574 	113.172432 	38.639359 	41.303753 	35.114101 	55.578773 	60.207973 	38.327538 	41.000000 	63.150612 	36.235340 	33.421551 	116.846054 	62.801273 	120.282997 	60.299255 	63.639610 	99.985001 	37.643059 	38.288380 	51.312767 	62.032249 	41.976185 	41.048752 	41.773197 	39.698868 	51.971146 	58.215118 	118.406082 	105.815880 	126.810883 	41.868843 	42.801868 	45.122055 	65.000000 	43.416588 	53.235325 	102.420700 	47.801674 	123.227432 	
36.055511 	68.007355 	31.827662 	68.249542 	2.236068 	999.000000 	15.811388 	6.708204 	14.866069 	8.944272 	17.691807 	13.601471 	16.278820 	84.148682 	79.397736 	81.688431 	89.872131 	16.763054 	110.887329 	83.868942 	90.027771 	86.683334 	83.408630 	109.713264 	87.005745 	33.015148 	108.208130 	34.058773 	110.344917 	32.249031 	92.005432 	100.657837 	116.846054 	31.780497 	25.806976 	33.734257 	110.317726 	55.542778 	34.713108 	114.560028 	112.432205 	36.496574 	39.204590 	32.893768 	53.758720 	58.463665 	36.138622 	38.832977 	61.392181 	34.000000 	31.240999 	116.043098 	61.000000 	119.519875 	58.420887 	61.814240 	98.792709 	35.468296 	36.124783 	51.613953 	60.074955 	41.484936 	38.832977 	41.231056 	37.536648 	52.153618 	56.142673 	117.443604 	104.623131 	125.992065 	39.698868 	40.607880 	44.643028 	63.007935 	41.231056 	53.338543 	101.118744 	47.434166 	122.286552 	
51.088158 	83.096329 	47.423622 	83.546394 	14.866069 	15.811388 	999.000000 	10.440307 	2.236068 	9.055386 	3.000000 	5.385165 	3.605551 	99.764725 	95.131485 	97.452553 	105.550934 	10.630146 	126.150703 	99.639351 	105.759163 	102.449989 	99.201813 	125.175873 	102.800781 	46.690472 	123.745705 	47.518417 	125.865005 	45.276924 	107.800743 	116.387283 	132.276230 	44.045429 	34.525352 	46.043457 	125.936493 	70.519501 	47.042534 	130.115326 	128.035156 	49.091751 	52.239830 	44.045429 	68.410522 	73.375748 	48.000000 	51.009804 	76.243034 	43.566040 	38.600517 	131.711807 	75.690155 	135.148071 	72.780495 	76.400261 	114.586212 	42.379242 	42.720020 	37.121422 	73.979729 	31.064449 	46.840153 	31.144823 	44.011364 	38.078865 	69.180923 	133.225372 	120.415947 	141.675690 	46.238514 	47.759815 	34.014702 	76.655075 	48.104053 	39.560081 	116.846054 	36.055511 	138.057953 	
42.720020 	74.632431 	38.288380 	74.813103 	7.071068 	6.708204 	10.440307 	999.000000 	8.944272 	2.236068 	11.661903 	7.071068 	10.000000 	90.520714 	85.632935 	87.863533 	96.176918 	10.198039 	117.443604 	90.027771 	96.260063 	92.849342 	89.498604 	116.180893 	93.085983 	36.345562 	114.629837 	37.215588 	116.777565 	35.057095 	98.081596 	106.887794 	123.328827 	34.014702 	25.632011 	36.013885 	116.674759 	60.083275 	37.013512 	120.966934 	118.802361 	39.000000 	42.047592 	34.365681 	57.974133 	62.936478 	38.118237 	41.048752 	65.802734 	34.481880 	30.413813 	122.347862 	65.253349 	125.865005 	62.369865 	65.969688 	104.560989 	34.481880 	34.985710 	45.000000 	63.639610 	34.928497 	38.483765 	34.713108 	36.359318 	45.486263 	59.033890 	123.555656 	110.385689 	132.276230 	38.587563 	39.824615 	38.078865 	66.370171 	40.311287 	46.647614 	106.677086 	40.804413 	128.425079 	
50.606323 	82.619614 	46.669048 	82.975899 	14.212670 	14.866069 	2.236068 	8.944272 	999.000000 	7.280110 	2.828427 	3.162278 	2.000000 	99.005051 	94.260277 	96.540146 	104.737770 	8.485281 	125.606529 	98.716766 	104.890419 	101.533249 	98.234413 	124.523087 	101.828285 	44.911022 	123.044708 	45.705578 	125.175873 	43.416588 	106.826965 	115.520561 	131.643463 	42.107006 	32.388271 	44.102154 	125.175873 	68.949257 	45.099888 	129.402466 	127.287079 	47.169907 	50.358715 	42.011902 	66.760765 	71.784401 	46.010868 	49.040798 	74.632431 	41.436699 	36.400551 	130.908371 	74.040527 	134.380051 	71.063354 	74.726166 	113.441612 	40.162170 	40.496914 	37.215588 	72.180328 	30.000000 	44.643028 	30.016663 	41.785164 	38.013157 	67.268120 	132.279999 	119.268608 	140.858078 	44.011364 	45.541191 	33.015148 	74.813103 	45.880280 	39.395432 	115.602768 	35.227829 	137.131317 	
44.944408 	76.843994 	40.459858 	77.006493 	9.219544 	8.944272 	9.055386 	2.236068 	7.280110 	999.000000 	9.848858 	5.000000 	8.062258 	92.655273 	87.726852 	89.938866 	98.290382 	8.062258 	119.632774 	92.097771 	98.351410 	94.921021 	91.547798 	118.342720 	95.131485 	37.656342 	116.777565 	38.470768 	118.928551 	36.221542 	100.124924 	108.977058 	125.495018 	35.014282 	25.961510 	37.013512 	118.802361 	61.684681 	38.013157 	123.109711 	120.933868 	40.049969 	43.185646 	35.128338 	59.481091 	64.513565 	39.012817 	42.000000 	67.357254 	34.928497 	30.463093 	124.458832 	66.760765 	127.988281 	63.788715 	67.446274 	106.508217 	34.438351 	34.885529 	42.801868 	64.938431 	32.756680 	38.626415 	32.557640 	36.235340 	43.266617 	60.133186 	125.606529 	112.329872 	134.380051 	38.470768 	39.812057 	35.902645 	67.601776 	40.249222 	44.418465 	108.558739 	38.600517 	130.483719 	
53.413483 	85.428329 	49.497475 	85.796272 	17.029387 	17.691807 	3.000000 	11.661903 	2.828427 	9.848858 	999.000000 	5.099020 	2.000000 	101.833199 	97.082436 	99.357941 	107.563934 	8.944272 	128.425079 	101.533249 	107.712578 	104.350372 	101.044548 	127.349915 	104.637466 	47.296936 	125.872955 	48.052055 	128.003906 	45.705578 	109.635757 	118.342720 	134.469330 	44.283180 	34.132095 	46.270943 	128.003906 	71.512238 	47.265209 	132.230865 	130.115326 	49.365982 	52.611786 	44.011364 	69.260376 	74.330345 	48.093658 	51.156624 	77.162170 	43.185646 	37.854988 	133.734818 	76.537575 	137.207870 	73.498299 	77.201035 	116.211014 	41.484936 	41.761227 	34.481880 	74.525162 	28.071337 	46.097721 	28.160255 	43.011627 	35.341194 	69.462219 	135.092560 	122.036880 	143.683685 	45.221676 	46.840153 	31.016125 	77.103828 	47.127487 	36.769554 	118.338501 	33.060551 	139.946411 	
49.648766 	81.608826 	45.343136 	81.835197 	13.416408 	13.601471 	5.385165 	7.071068 	3.162278 	5.000000 	5.099020 	999.000000 	3.162278 	97.590981 	92.698433 	94.921021 	103.247276 	5.830952 	124.470879 	97.082436 	103.324730 	99.904953 	96.540146 	123.239601 	100.124924 	42.201897 	121.696342 	42.953465 	123.842644 	40.607880 	105.118980 	113.951744 	130.384048 	39.204590 	29.274563 	41.194660 	123.745705 	66.483078 	42.190044 	128.035156 	125.872955 	44.283180 	47.518417 	39.000000 	64.195015 	69.289246 	43.046486 	46.097721 	72.111023 	38.327538 	33.241539 	129.417923 	71.470276 	132.936081 	68.410522 	72.124893 	111.503365 	37.000000 	37.336308 	38.013157 	69.426216 	29.154760 	41.484936 	29.068884 	38.626415 	38.587563 	64.381676 	130.598618 	117.324333 	139.344894 	40.853397 	42.379242 	32.249031 	72.006943 	42.720020 	39.824615 	113.534134 	34.713108 	135.473251 	
52.201534 	84.202141 	48.104053 	84.504440 	15.811388 	16.278820 	3.605551 	10.000000 	2.000000 	8.062258 	2.000000 	3.162278 	999.000000 	100.409164 	95.587654 	97.836601 	106.103722 	7.211102 	127.141655 	100.004997 	106.216759 	102.825096 	99.488693 	125.992065 	103.077644 	45.354160 	124.482933 	46.097721 	126.621483 	43.737854 	108.074051 	116.846054 	133.124008 	42.296574 	32.140316 	44.283180 	126.574089 	69.641945 	45.276924 	130.831955 	128.693436 	47.381432 	50.635956 	42.011902 	67.357254 	72.449982 	46.097721 	49.162994 	75.272835 	41.194660 	35.902645 	132.276230 	74.632431 	135.771866 	71.568146 	75.286118 	114.546936 	39.560081 	39.849716 	35.510563 	72.567207 	28.000000 	44.147480 	28.017851 	41.109608 	36.235340 	67.475922 	133.544006 	120.370262 	142.214630 	43.324360 	44.922153 	31.016125 	75.133217 	45.221676 	37.576588 	116.619041 	33.241539 	138.408813 	
49.406479 	20.396078 	52.345009 	18.027756 	84.899940 	84.148682 	99.764725 	90.520714 	99.005051 	92.655273 	101.833199 	97.590981 	100.409164 	999.000000 	7.000000 	7.615773 	6.324555 	99.247169 	28.792360 	7.810250 	8.000000 	8.062258 	10.000000 	26.076809 	10.816654 	65.795135 	24.207438 	66.309875 	26.400757 	68.942001 	13.341664 	17.464249 	33.286633 	72.090218 	83.648071 	71.309189 	26.172504 	46.389652 	70.936592 	30.479502 	28.284271 	69.289246 	66.407829 	75.769386 	50.487621 	46.097721 	72.449982 	70.519501 	46.000000 	80.777473 	86.815895 	32.015621 	48.000000 	35.383614 	52.038448 	49.010204 	25.000000 	88.391174 	89.319649 	135.281189 	56.000000 	121.827744 	85.702972 	121.247681 	89.888817 	135.473251 	63.126858 	34.928497 	29.274563 	42.011902 	90.138779 	88.543777 	124.851913 	58.077534 	89.493019 	136.359818 	31.016125 	128.222458 	39.357338 	
45.650848 	20.223749 	47.801674 	17.029387 	80.280754 	79.397736 	95.131485 	85.632935 	94.260277 	87.726852 	97.082436 	92.698433 	95.587654 	7.000000 	999.000000 	3.000000 	10.816654 	94.069122 	35.440090 	5.099020 	10.630146 	7.615773 	6.082763 	32.202484 	9.055386 	59.481091 	30.016663 	59.933296 	32.249031 	62.609905 	13.601471 	21.260292 	39.357338 	65.741920 	77.524193 	64.884514 	31.400637 	39.458839 	64.474800 	36.055511 	33.600594 	62.769421 	59.808025 	69.354164 	43.566040 	39.115215 	65.924202 	63.906181 	39.000000 	74.323616 	80.498444 	36.796738 	41.000000 	40.459858 	45.044422 	42.011902 	24.000000 	81.939003 	82.855293 	130.138382 	49.000000 	116.211014 	79.120163 	115.602768 	83.384651 	130.230560 	56.142673 	38.275318 	29.154760 	46.669048 	83.570328 	81.932899 	119.201508 	51.088158 	82.873398 	131.045792 	29.274563 	122.613213 	43.011627 	
48.301140 	23.194826 	50.219517 	20.024984 	82.619614 	81.688431 	97.452553 	87.863533 	96.540146 	89.938866 	99.357941 	94.921021 	97.836601 	7.615773 	3.000000 	999.000000 	9.486833 	96.166519 	34.713108 	2.236068 	8.602325 	5.000000 	3.162278 	31.016125 	6.082763 	60.901562 	28.635643 	61.294373 	30.870699 	64.007812 	10.770329 	19.104973 	38.078865 	67.119293 	79.075912 	66.189125 	29.681644 	40.024994 	65.741920 	34.481880 	31.906113 	63.976559 	60.926186 	70.661163 	44.147480 	39.458839 	67.119293 	65.000000 	39.115215 	75.584389 	81.884064 	34.828148 	41.109608 	38.600517 	45.276924 	42.047592 	21.000000 	83.192551 	84.095184 	132.230865 	49.091751 	118.067780 	80.230919 	117.443604 	84.581322 	132.276230 	56.435802 	35.805027 	26.172504 	44.598206 	84.693565 	83.006027 	121.037186 	51.000000 	83.934502 	133.056381 	26.305893 	124.470879 	40.607880 	
55.470715 	26.683329 	58.137768 	24.351591 	90.686272 	89.872131 	105.550934 	96.176918 	104.737770 	98.290382 	107.563934 	103.247276 	106.103722 	6.324555 	10.816654 	9.486833 	999.000000 	104.737770 	25.317978 	8.062258 	2.828427 	6.082763 	10.000000 	21.540659 	8.544003 	70.235321 	19.235384 	70.661163 	21.470911 	73.355301 	8.602325 	11.180340 	28.635643 	76.478752 	88.323273 	75.584389 	20.615528 	49.477268 	75.153175 	25.238859 	22.803509 	73.409805 	70.384659 	80.056229 	53.600372 	48.836460 	76.557167 	74.464760 	48.373547 	85.000000 	91.241440 	26.172504 	50.358715 	29.732138 	54.589375 	51.244511 	20.124611 	92.612091 	93.520050 	140.801285 	58.309521 	127.003937 	89.693924 	126.400162 	94.021271 	140.929062 	65.764732 	28.635643 	23.769728 	36.124783 	94.154129 	92.477028 	130.000000 	60.074955 	93.407707 	141.767410 	26.419689 	133.405396 	33.120991 	
52.354561 	84.059502 	47.434166 	84.053551 	17.262676 	16.763054 	10.630146 	10.198039 	8.485281 	8.062258 	8.944272 	5.830952 	7.211102 	99.247169 	94.069122 	96.166519 	104.737770 	999.000000 	126.605690 	98.290382 	104.661362 	101.118744 	97.621719 	125.099960 	101.178062 	40.853397 	123.434196 	41.436699 	125.606529 	38.897301 	106.150833 	115.260574 	132.279999 	37.107952 	26.019224 	39.051247 	125.319588 	65.741920 	40.024994 	129.726639 	127.475487 	42.201897 	45.607018 	36.345562 	63.158531 	68.447060 	40.607880 	43.737854 	71.175842 	35.000000 	29.274563 	130.862518 	70.384659 	134.469330 	67.067131 	70.936592 	112.004463 	32.756680 	32.984844 	36.069378 	67.720009 	24.738634 	37.483330 	24.515301 	34.205261 	36.235340 	62.169125 	131.643463 	117.800682 	140.730240 	36.400551 	38.078865 	27.892651 	70.092796 	38.327538 	37.202152 	113.718948 	30.675724 	136.561340 	
75.073296 	43.139309 	79.202271 	42.638012 	111.395691 	110.887329 	126.150703 	117.443604 	125.606529 	119.632774 	128.425079 	124.470879 	127.141655 	28.792360 	35.440090 	34.713108 	25.317978 	126.605690 	999.000000 	33.376640 	27.073973 	31.144823 	35.227829 	6.403124 	33.015148 	94.540993 	9.433981 	95.078911 	8.485281 	97.693398 	30.149628 	20.880613 	8.062258 	100.846420 	112.258629 	100.089958 	12.727922 	74.732857 	99.724625 	10.770329 	12.206555 	98.081596 	95.189285 	104.546638 	78.854294 	74.148499 	101.242287 	99.297531 	73.681747 	109.562767 	115.550858 	16.552946 	75.663727 	16.278820 	79.906197 	76.531036 	36.769554 	117.175079 	118.105888 	162.431519 	83.600243 	149.789856 	114.490173 	149.251465 	118.680244 	162.800491 	91.082382 	25.553865 	36.359318 	23.021729 	118.928551 	117.324333 	152.856140 	85.287750 	118.270874 	163.807816 	42.485291 	156.160172 	26.570660 	
50.537113 	25.079872 	52.430908 	22.000000 	84.811554 	83.868942 	99.639351 	90.027771 	98.716766 	92.097771 	101.533249 	97.082436 	100.004997 	7.810250 	5.099020 	2.236068 	8.062258 	98.290382 	33.376640 	999.000000 	6.708204 	2.828427 	2.236068 	29.410883 	4.000000 	62.769421 	26.925823 	63.134777 	29.154760 	65.863495 	8.544003 	17.029387 	36.400551 	68.963760 	80.993828 	68.000000 	27.784887 	41.484936 	67.535179 	32.649654 	30.016663 	65.741920 	62.649822 	72.470680 	45.607018 	40.792156 	68.876701 	66.708321 	40.311287 	77.369247 	83.725746 	32.802441 	42.296574 	36.619667 	46.529560 	43.185646 	19.026299 	84.970581 	85.866173 	134.350296 	50.249378 	120.104118 	81.939003 	119.473846 	86.330757 	134.380051 	57.706154 	33.600594 	24.083189 	42.520584 	86.406021 	84.693565 	123.065025 	52.038448 	85.615417 	135.148071 	24.515301 	126.506920 	38.418747 	
56.080299 	28.284271 	58.412327 	25.709921 	90.906548 	90.027771 	105.759163 	96.260063 	104.890419 	98.351410 	107.712578 	103.324730 	106.216759 	8.000000 	10.630146 	8.602325 	2.828427 	104.661362 	27.073973 	6.708204 	999.000000 	4.123106 	8.246211 	22.803509 	6.082763 	69.462219 	20.248457 	69.835518 	22.472204 	72.560318 	5.830952 	10.630146 	29.732138 	75.663727 	87.664131 	74.706093 	21.095022 	48.083260 	74.242844 	25.942244 	23.323807 	72.449982 	69.354164 	79.177017 	52.201534 	47.296936 	75.584389 	73.409805 	46.690472 	84.077347 	90.426765 	26.248810 	48.662102 	30.000000 	52.952808 	49.497475 	17.464249 	91.678787 	92.574295 	140.730240 	56.568542 	126.657021 	88.639717 	126.035706 	93.037628 	140.801285 	64.132675 	27.784887 	21.377558 	36.069378 	93.107468 	91.389275 	129.630249 	58.215118 	92.309265 	141.598022 	23.706539 	133.060135 	32.449963 	
53.235325 	27.000000 	55.217751 	24.083189 	87.618492 	86.683334 	102.449989 	92.849342 	101.533249 	94.921021 	104.350372 	99.904953 	102.825096 	8.062258 	7.615773 	5.000000 	6.082763 	101.118744 	31.144823 	2.828427 	4.123106 	999.000000 	4.123106 	26.925823 	2.828427 	65.513359 	24.351591 	65.863495 	26.570660 	68.600288 	6.082763 	14.212670 	33.837849 	71.693794 	83.761566 	70.710678 	25.059929 	43.965897 	70.235321 	29.966648 	27.294687 	68.425140 	65.306969 	75.179787 	48.083260 	43.174065 	71.554176 	69.354164 	42.579338 	80.062477 	86.452301 	30.000000 	44.553337 	33.837849 	48.836460 	45.398239 	17.262676 	87.658424 	88.549423 	137.178711 	52.469040 	122.918671 	84.581322 	122.286552 	89.000000 	137.207870 	60.016663 	30.805843 	22.000000 	39.698868 	89.050545 	87.321243 	125.876923 	54.147945 	88.238312 	137.974640 	23.086792 	129.321304 	35.608986 	
50.566788 	26.305893 	52.153618 	23.086792 	84.403793 	83.408630 	99.201813 	89.498604 	98.234413 	91.547798 	101.044548 	96.540146 	99.488693 	10.000000 	6.082763 	3.162278 	10.000000 	97.621719 	35.227829 	2.236068 	8.246211 	4.123106 	999.000000 	31.048349 	3.605551 	61.587337 	28.460499 	61.911228 	30.675724 	64.660652 	8.602325 	18.027756 	37.947330 	67.742157 	79.881165 	66.730804 	29.068884 	39.849716 	66.241982 	34.014702 	31.304953 	64.412735 	61.269894 	71.196907 	43.965897 	39.051247 	67.535179 	65.306969 	38.470768 	76.059189 	82.492424 	33.837849 	40.447498 	37.735924 	44.721359 	41.303753 	18.027756 	83.648071 	84.534019 	133.660019 	48.373547 	119.205704 	80.529495 	118.562218 	84.970581 	133.645050 	55.901699 	34.058773 	23.345236 	43.416588 	85.000000 	83.258636 	122.147453 	50.089920 	84.172440 	134.380051 	23.194826 	125.606529 	38.948685 	
74.276512 	42.801868 	77.897369 	41.773197 	110.344917 	109.713264 	125.175873 	116.180893 	124.523087 	118.342720 	127.349915 	123.239601 	125.992065 	26.076809 	32.202484 	31.016125 	21.540659 	125.099960 	6.403124 	29.410883 	22.803509 	26.925823 	31.048349 	999.000000 	28.442924 	91.678787 	3.162278 	92.135773 	2.236068 	94.810333 	25.019993 	15.132746 	7.211102 	97.943863 	109.658562 	97.082436 	6.403124 	70.880180 	96.664368 	6.082763 	6.324555 	94.936821 	91.923882 	101.552940 	75.000000 	70.092796 	98.086693 	96.005211 	69.426216 	106.512909 	112.698715 	11.180340 	71.386276 	12.165525 	75.709976 	72.180328 	30.675724 	114.127121 	115.039124 	161.074524 	79.246452 	147.871567 	111.233986 	147.299011 	115.550858 	161.335052 	86.884979 	19.697716 	30.016663 	19.416489 	115.693558 	114.017540 	150.903946 	80.752708 	114.947815 	162.265213 	36.249138 	154.262756 	21.377558 	
54.129475 	29.068884 	55.758408 	26.000000 	88.005684 	87.005745 	102.800781 	93.085983 	101.828285 	95.131485 	104.637466 	100.124924 	103.077644 	10.816654 	9.055386 	6.082763 	8.544003 	101.178062 	33.015148 	4.000000 	6.082763 	2.828427 	3.605551 	28.442924 	999.000000 	64.899925 	25.709921 	65.192024 	27.892651 	67.955872 	5.000000 	14.764823 	35.171009 	71.021126 	83.234612 	69.971420 	26.000000 	42.720020 	69.462219 	31.016125 	28.231188 	67.601776 	64.412735 	74.431175 	46.818798 	41.761227 	70.710678 	68.425140 	41.000000 	79.259071 	85.755463 	30.528675 	42.953465 	34.481880 	47.296936 	43.737854 	15.033297 	86.833176 	87.709747 	137.207870 	50.803543 	122.674362 	83.630135 	122.024590 	88.119240 	137.178711 	58.463665 	30.479502 	20.099751 	40.000000 	88.102211 	86.330757 	125.606529 	52.345009 	87.235313 	137.902145 	20.615528 	129.073624 	35.383614 	
33.615471 	56.435802 	26.400757 	54.918121 	35.057095 	33.015148 	46.690472 	36.345562 	44.911022 	37.656342 	47.296936 	42.201897 	45.354160 	65.795135 	59.481091 	60.901562 	70.235321 	40.853397 	94.540993 	62.769421 	69.462219 	65.513359 	61.587337 	91.678787 	64.899925 	999.000000 	89.470665 	1.414214 	91.706055 	3.162278 	69.634758 	79.611557 	98.838249 	6.324555 	18.439089 	6.000000 	90.553848 	25.238859 	6.082763 	95.383438 	92.784698 	5.830952 	6.708204 	10.198039 	22.360680 	27.784887 	8.246211 	8.602325 	30.413813 	15.297058 	21.023796 	95.414886 	29.546574 	99.322708 	26.248810 	30.083218 	73.552704 	22.803509 	23.769728 	75.166481 	27.294687 	58.796257 	21.023796 	58.051701 	24.515301 	74.632431 	23.194826 	94.641426 	79.195961 	104.861816 	25.179358 	24.020824 	61.554855 	30.066593 	25.019993 	75.000000 	74.411018 	65.115280 	99.639351 	
73.000000 	41.880783 	76.380623 	40.607880 	108.894447 	108.208130 	123.745705 	114.629837 	123.044708 	116.777565 	125.872955 	121.696342 	124.482933 	24.207438 	30.016663 	28.635643 	19.235384 	123.434196 	9.433981 	26.925823 	20.248457 	24.351591 	28.460499 	3.162278 	25.709921 	89.470665 	999.000000 	89.894379 	2.236068 	92.590500 	22.090721 	12.041595 	9.486833 	95.713112 	107.540688 	94.810333 	4.123106 	68.308128 	94.371605 	6.403124 	5.099020 	92.612091 	89.554451 	99.282425 	72.422371 	67.446274 	95.754898 	93.621582 	66.708321 	104.216118 	110.476242 	10.049875 	68.658577 	12.083046 	73.006851 	69.426216 	27.513634 	111.825760 	112.729767 	159.452194 	76.485291 	146.013702 	108.853111 	145.426956 	113.216606 	159.665268 	84.172440 	17.720045 	26.925823 	19.313208 	113.318138 	111.615410 	149.030197 	77.929459 	112.538879 	160.561508 	33.105892 	152.410629 	20.024984 	
34.928497 	57.314919 	27.730848 	55.731499 	36.124783 	34.058773 	47.518417 	37.215588 	45.705578 	38.470768 	48.052055 	42.953465 	46.097721 	66.309875 	59.933296 	61.294373 	70.661163 	41.436699 	95.078911 	63.134777 	69.835518 	65.863495 	61.911228 	92.135773 	65.192024 	1.414214 	89.894379 	999.000000 	92.130341 	2.828427 	69.892776 	79.924965 	99.282425 	5.830952 	18.384777 	5.099020 	90.917542 	25.000000 	5.000000 	95.770561 	93.150414 	4.472136 	5.385165 	9.486833 	21.954498 	27.459061 	7.071068 	7.211102 	30.016663 	14.560220 	20.591261 	95.718338 	29.068884 	99.644371 	25.632011 	29.546574 	73.593475 	22.135944 	23.086792 	75.471848 	26.476404 	58.898216 	20.099751 	58.137768 	23.769728 	74.886581 	22.090721 	94.810333 	79.208588 	105.118980 	24.331051 	23.086792 	61.619801 	29.154760 	24.083189 	75.213028 	74.330345 	65.192024 	99.809822 	
75.073296 	43.829212 	78.517517 	42.638012 	111.018013 	110.344917 	125.865005 	116.777565 	125.175873 	118.928551 	128.003906 	123.842644 	126.621483 	26.400757 	32.249031 	30.870699 	21.470911 	125.606529 	8.485281 	29.154760 	22.472204 	26.570660 	30.675724 	2.236068 	27.892651 	91.706055 	2.236068 	92.130341 	999.000000 	94.826157 	24.186773 	14.000000 	7.280110 	97.948967 	109.772491 	97.046379 	4.242640 	70.519501 	96.607452 	4.472136 	4.123106 	94.847244 	91.787796 	101.518471 	74.632431 	69.641945 	97.989792 	95.854057 	68.883957 	106.451866 	112.712021 	9.055386 	70.830788 	10.440307 	75.186432 	71.589104 	29.120440 	114.061386 	114.965210 	161.616837 	78.644768 	148.219437 	111.085556 	147.634689 	115.451286 	161.839432 	86.348129 	17.464249 	28.178005 	17.720045 	115.550858 	113.846390 	151.238220 	80.062477 	114.769333 	162.742126 	34.539833 	154.615646 	19.235384 	
36.055511 	59.539902 	28.792360 	58.051701 	34.365681 	32.249031 	45.276924 	35.057095 	43.416588 	36.221542 	45.705578 	40.607880 	43.737854 	68.942001 	62.609905 	64.007812 	73.355301 	38.897301 	97.693398 	65.863495 	72.560318 	68.600288 	64.660652 	94.810333 	67.955872 	3.162278 	92.590500 	2.828427 	94.826157 	999.000000 	72.670486 	82.680107 	101.965683 	3.162278 	15.556349 	3.162278 	93.648277 	27.802877 	3.605551 	98.488579 	95.880135 	4.472136 	7.000000 	7.071068 	24.698177 	30.232433 	5.830952 	7.211102 	32.756680 	12.165525 	17.888544 	98.478424 	31.764761 	102.396286 	28.231188 	32.202484 	76.419891 	19.646883 	20.615528 	72.718636 	28.861740 	56.080299 	18.000000 	55.317268 	21.377558 	72.111023 	24.000000 	97.616600 	82.036575 	107.898102 	22.090721 	21.000000 	58.796257 	31.400637 	22.000000 	72.422371 	77.155685 	62.369865 	102.615791 	
59.033890 	33.015148 	60.745369 	30.149628 	93.005379 	92.005432 	107.800743 	98.081596 	106.826965 	100.124924 	109.635757 	105.118980 	108.074051 	13.341664 	13.601471 	10.770329 	8.602325 	106.150833 	30.149628 	8.544003 	5.830952 	6.082763 	8.602325 	25.019993 	5.000000 	69.634758 	22.090721 	69.892776 	24.186773 	72.670486 	999.000000 	10.440307 	31.400637 	75.716576 	88.005684 	74.625732 	21.840330 	47.010635 	74.094536 	26.925823 	24.041630 	72.201111 	68.963760 	79.075912 	51.078373 	45.880280 	75.292763 	72.945183 	44.922153 	83.862984 	90.426765 	25.942244 	46.840153 	29.966648 	51.244511 	47.539455 	11.704700 	91.416626 	92.282173 	142.172424 	54.571056 	127.561752 	88.119240 	126.905479 	92.660675 	142.130219 	62.361847 	25.495098 	16.031219 	35.227829 	92.590500 	90.785461 	130.483719 	55.901699 	91.678787 	142.842575 	17.888544 	133.958954 	30.413813 	
66.573265 	37.643059 	69.028976 	35.468296 	101.533249 	100.657837 	116.387283 	106.887794 	115.520561 	108.977058 	118.342720 	113.951744 	116.846054 	17.464249 	21.260292 	19.104973 	11.180340 	115.260574 	20.880613 	17.029387 	10.630146 	14.212670 	18.027756 	15.132746 	14.764823 	79.611557 	12.041595 	79.924965 	14.000000 	82.680107 	10.440307 	999.000000 	21.095022 	85.755463 	97.908119 	84.723076 	11.401754 	57.384666 	84.219948 	16.492422 	13.601471 	82.365044 	79.177017 	89.185204 	61.465439 	56.302753 	85.475143 	83.186539 	55.362442 	94.021271 	100.498756 	15.811388 	57.280014 	19.723083 	61.684681 	57.974133 	16.124516 	101.597244 	102.474388 	151.327454 	65.000000 	137.131317 	98.386993 	136.499084 	102.883430 	151.380310 	72.801102 	17.464249 	17.029387 	25.495098 	102.859123 	101.079178 	140.089264 	66.287254 	101.980392 	152.161102 	22.203604 	143.533966 	21.954498 	
81.320351 	49.678970 	85.041168 	48.795490 	117.456375 	116.846054 	132.276230 	123.328827 	131.643463 	125.495018 	134.469330 	130.384048 	133.124008 	33.286633 	39.357338 	38.078865 	28.635643 	132.279999 	8.062258 	36.400551 	29.732138 	33.837849 	37.947330 	7.211102 	35.171009 	98.838249 	9.486833 	99.282425 	7.280110 	101.965683 	31.400637 	21.095022 	999.000000 	105.095192 	116.846054 	104.216118 	10.049875 	77.794601 	103.788246 	5.385165 	8.246211 	102.044106 	99.005051 	108.687622 	81.908485 	76.922035 	105.190300 	103.077644 	76.157730 	113.635384 	119.854080 	10.630146 	78.102493 	8.944272 	82.462112 	78.854294 	35.510563 	121.247681 	122.155640 	168.240906 	85.906929 	155.080627 	118.308914 	154.508896 	122.653984 	168.514099 	93.621582 	19.798990 	33.837849 	15.132746 	122.772148 	121.078484 	158.113876 	87.298340 	122.004097 	169.452057 	40.521599 	161.471359 	19.723083 	
38.600517 	62.649822 	31.320919 	61.188232 	33.955853 	31.780497 	44.045429 	34.014702 	42.107006 	35.014282 	44.283180 	39.204590 	42.296574 	72.090218 	65.741920 	67.119293 	76.478752 	37.107952 	100.846420 	68.963760 	75.663727 	71.693794 	67.742157 	97.943863 	71.021126 	6.324555 	95.713112 	5.830952 	97.948967 	3.162278 	75.716576 	85.755463 	105.095192 	999.000000 	12.806249 	2.000000 	96.747093 	30.479502 	3.000000 	101.597244 	98.979797 	5.099020 	8.544003 	4.000000 	27.202942 	32.802441 	4.472136 	7.071068 	35.227829 	9.055386 	14.764823 	101.548019 	34.132095 	105.475113 	30.413813 	34.481880 	79.309517 	16.492422 	17.464249 	70.327805 	30.675724 	53.413483 	15.033297 	52.630791 	18.248287 	69.641945 	25.179358 	100.603180 	84.899940 	110.941429 	19.026299 	18.027756 	56.080299 	32.984844 	19.026299 	69.892776 	79.931221 	59.665737 	105.603027 	
45.011108 	72.532753 	38.013157 	71.470276 	28.017851 	25.806976 	34.525352 	25.632011 	32.388271 	25.961510 	34.132095 	29.274563 	32.140316 	83.648071 	77.524193 	79.075912 	88.323273 	26.019224 	112.258629 	80.993828 	87.664131 	83.761566 	79.881165 	109.658562 	83.234612 	18.439089 	107.540688 	18.384777 	109.772491 	15.556349 	88.005684 	97.908119 	116.846054 	12.806249 	999.000000 	14.422205 	108.756607 	43.278172 	15.264338 	113.534134 	110.981979 	17.492855 	21.095022 	10.770329 	40.000000 	45.607018 	15.231546 	18.384777 	48.010414 	9.055386 	5.830952 	113.718948 	46.872166 	117.596771 	43.046486 	47.169907 	91.967384 	10.000000 	10.816654 	57.706154 	42.953465 	40.607880 	13.038404 	39.824615 	12.206555 	56.938564 	36.687874 	113.070778 	97.590981 	123.223373 	14.212670 	14.866069 	43.278172 	44.944408 	15.556349 	57.140179 	92.698433 	46.861500 	118.067780 	
39.217342 	62.393909 	31.953091 	60.827625 	35.902645 	33.734257 	46.043457 	36.013885 	44.102154 	37.013512 	46.270943 	41.194660 	44.283180 	71.309189 	64.884514 	66.189125 	75.584389 	39.051247 	100.089958 	68.000000 	74.706093 	70.710678 	66.730804 	97.082436 	69.971420 	6.000000 	94.810333 	5.099020 	97.046379 	3.162278 	74.625732 	84.723076 	104.216118 	2.000000 	14.422205 	999.000000 	95.770561 	29.000000 	1.000000 	100.647903 	98.005104 	3.162278 	6.708204 	4.472136 	25.612497 	31.240999 	2.828427 	5.099020 	33.600594 	9.486833 	15.811388 	100.498756 	32.449963 	104.446159 	28.653097 	32.756680 	77.987175 	17.088007 	18.027756 	72.069412 	28.792360 	55.000000 	15.033297 	54.203320 	18.681541 	71.344238 	23.194826 	99.403221 	83.546394 	109.836243 	19.235384 	18.027756 	57.628117 	31.048349 	19.026299 	71.561165 	78.492035 	61.220913 	104.403069 	
75.432091 	44.777225 	78.517517 	43.266617 	111.072052 	110.317726 	125.936493 	116.674759 	125.175873 	118.802361 	128.003906 	123.745705 	126.574089 	26.172504 	31.400637 	29.681644 	20.615528 	125.319588 	12.727922 	27.784887 	21.095022 	25.059929 	29.068884 	6.403124 	26.000000 	90.553848 	4.123106 	90.917542 	4.242640 	93.648277 	21.840330 	11.401754 	10.049875 	96.747093 	108.756607 	95.770561 	999.000000 	68.709534 	95.294281 	5.099020 	2.236068 	93.477272 	90.338257 	100.239716 	72.801102 	67.675697 	96.602280 	94.371605 	66.760765 	105.118980 	111.507851 	6.324555 	68.680420 	9.219544 	73.082146 	69.375786 	25.495098 	112.712021 	113.600174 	161.375336 	76.400261 	147.610977 	109.590149 	147.003403 	114.039467 	161.523987 	84.202141 	13.601471 	24.166092 	16.124516 	114.061386 	112.307610 	150.602127 	77.665955 	113.216606 	162.373032 	30.675724 	154.012985 	16.000000 	
38.013157 	44.271889 	33.526108 	41.484936 	57.271286 	55.542778 	70.519501 	60.083275 	68.949257 	61.684681 	71.512238 	66.483078 	69.641945 	46.389652 	39.458839 	40.024994 	49.477268 	65.741920 	74.732857 	41.484936 	48.083260 	43.965897 	39.849716 	70.880180 	42.720020 	25.238859 	68.308128 	25.000000 	70.519501 	27.802877 	47.010635 	57.384666 	77.794601 	30.479502 	43.278172 	29.000000 	68.709534 	999.000000 	28.284271 	73.736015 	70.936592 	26.172504 	22.671568 	33.241539 	4.123106 	3.000000 	29.068884 	26.400757 	6.000000 	37.643059 	44.598206 	72.917763 	6.324555 	76.967529 	7.211102 	7.615773 	49.203659 	45.000000 	45.803928 	100.404182 	11.661903 	83.868942 	41.340054 	83.096329 	46.043457 	99.864906 	17.117243 	71.021126 	54.671749 	81.884064 	45.793011 	43.908997 	86.556343 	15.000000 	44.777225 	100.209778 	49.497475 	90.138779 	76.006577 	
39.560081 	62.289646 	32.310989 	60.671246 	36.878178 	34.713108 	47.042534 	37.013512 	45.099888 	38.013157 	47.265209 	42.190044 	45.276924 	70.936592 	64.474800 	65.741920 	75.153175 	40.024994 	99.724625 	67.535179 	74.242844 	70.235321 	66.241982 	96.664368 	69.462219 	6.082763 	94.371605 	5.000000 	96.607452 	3.605551 	74.094536 	84.219948 	103.788246 	3.000000 	15.264338 	1.000000 	95.294281 	28.284271 	999.000000 	100.184830 	97.529480 	2.236068 	5.830952 	5.000000 	24.839485 	30.479502 	2.236068 	4.123106 	32.802441 	9.848858 	16.401220 	99.985001 	31.622776 	103.942291 	27.784887 	31.906113 	77.336922 	17.464249 	18.384777 	72.945183 	27.856777 	55.803226 	15.132746 	55.000000 	18.973665 	72.201111 	22.203604 	98.812958 	82.879433 	109.293182 	19.416489 	18.110771 	58.412327 	30.083218 	19.104973 	72.401657 	77.781746 	62.008064 	103.812332 	
79.397736 	48.259712 	82.734512 	47.010635 	115.260574 	114.560028 	130.115326 	120.966934 	129.402466 	123.109711 	132.230865 	128.035156 	130.831955 	30.479502 	36.055511 	34.481880 	25.238859 	129.726639 	10.770329 	32.649654 	25.942244 	29.966648 	34.014702 	6.082763 	31.016125 	95.383438 	6.403124 	95.770561 	4.472136 	98.488579 	26.925823 	16.492422 	5.385165 	101.597244 	113.534134 	100.647903 	5.099020 	73.736015 	100.184830 	999.000000 	3.000000 	98.386993 	95.273293 	105.118980 	77.833153 	72.732384 	101.518471 	99.317673 	71.840103 	110.018181 	116.361504 	5.830952 	73.763138 	6.082763 	78.160095 	74.464760 	30.265491 	117.618027 	118.511604 	165.758865 	81.492332 	152.200531 	114.542572 	151.604752 	118.966385 	165.951797 	89.286057 	15.000000 	28.460499 	13.341664 	119.012604 	117.273186 	155.206314 	82.764725 	118.186295 	166.832245 	35.171009 	158.600128 	15.811388 	
77.466118 	46.647614 	80.622574 	45.221676 	113.172432 	112.432205 	128.035156 	118.802361 	127.287079 	120.933868 	130.115326 	125.872955 	128.693436 	28.284271 	33.600594 	31.906113 	22.803509 	127.475487 	12.206555 	30.016663 	23.323807 	27.294687 	31.304953 	6.324555 	28.231188 	92.784698 	5.099020 	93.150414 	4.123106 	95.880135 	24.041630 	13.601471 	8.246211 	98.979797 	110.981979 	98.005104 	2.236068 	70.936592 	97.529480 	3.000000 	999.000000 	95.713112 	92.574295 	102.474388 	75.026665 	69.892776 	98.838249 	96.607452 	68.963760 	107.354553 	113.740936 	5.000000 	70.880180 	7.211102 	75.286118 	71.568146 	27.294687 	114.947815 	115.836090 	163.526749 	78.587532 	149.806549 	111.825760 	149.201202 	116.275536 	163.685669 	86.400230 	13.416408 	25.632011 	14.317822 	116.297035 	114.542572 	152.800522 	79.831070 	115.451286 	164.541794 	32.280025 	156.208191 	15.132746 	
39.395432 	61.131008 	32.202484 	59.413803 	38.639359 	36.496574 	49.091751 	39.000000 	47.169907 	40.049969 	49.365982 	44.283180 	47.381432 	69.289246 	62.769421 	63.976559 	73.409805 	42.201897 	98.081596 	65.741920 	72.449982 	68.425140 	64.412735 	94.936821 	67.601776 	5.830952 	92.612091 	4.472136 	94.847244 	4.472136 	72.201111 	82.365044 	102.044106 	5.099020 	17.492855 	3.162278 	93.477272 	26.172504 	2.236068 	98.386993 	95.713112 	999.000000 	3.605551 	7.071068 	22.671568 	28.319605 	3.162278 	2.828427 	30.610456 	11.661903 	18.439089 	98.112183 	29.410883 	102.083298 	25.553865 	29.681644 	75.286118 	19.235384 	20.124611 	75.179787 	25.632011 	58.008621 	16.492422 	57.201397 	20.615528 	74.431175 	20.099751 	96.834908 	80.808418 	107.377838 	20.880613 	19.416489 	60.605282 	27.892651 	20.396078 	74.625732 	75.663727 	64.202805 	101.833199 	
38.948685 	59.008472 	31.906113 	57.140179 	41.303753 	39.204590 	52.239830 	42.047592 	50.358715 	43.185646 	52.611786 	47.518417 	50.635956 	66.407829 	59.808025 	60.926186 	70.384659 	45.607018 	95.189285 	62.649822 	69.354164 	65.306969 	61.269894 	91.923882 	64.412735 	6.708204 	89.554451 	5.385165 	91.787796 	7.000000 	68.963760 	79.177017 	99.005051 	8.544003 	21.095022 	6.708204 	90.338257 	22.671568 	5.830952 	95.273293 	92.574295 	3.605551 	999.000000 	10.630146 	19.104973 	24.758837 	6.403124 	4.123106 	27.018513 	15.000000 	21.931713 	94.894676 	25.806976 	98.883774 	21.954498 	26.076809 	71.840103 	22.472204 	23.323807 	78.771820 	22.135944 	61.611687 	19.313208 	60.802959 	23.706539 	78.032043 	17.000000 	93.477272 	77.336922 	104.100914 	23.769728 	22.135944 	64.202805 	24.515301 	23.086792 	78.230431 	72.138756 	67.801178 	98.473343 	
42.449970 	66.610809 	35.171009 	65.115280 	35.114101 	32.893768 	44.045429 	34.365681 	42.011902 	35.128338 	44.011364 	39.000000 	42.011902 	75.769386 	69.354164 	70.661163 	80.056229 	36.345562 	104.546638 	72.470680 	79.177017 	75.179787 	71.196907 	101.552940 	74.431175 	10.198039 	99.282425 	9.486833 	101.518471 	7.071068 	79.075912 	89.185204 	108.687622 	4.000000 	10.770329 	4.472136 	100.239716 	33.241539 	5.000000 	105.118980 	102.474388 	7.071068 	10.630146 	999.000000 	29.732138 	35.383614 	4.472136 	7.615773 	37.643059 	5.099020 	11.401754 	104.957130 	36.400551 	108.908218 	32.449963 	36.619667 	82.328613 	12.649111 	13.601471 	68.425140 	32.202484 	51.039200 	11.045361 	50.219517 	14.317822 	67.601776 	25.961510 	103.812332 	87.863533 	114.280357 	15.033297 	14.035668 	53.600372 	34.176014 	15.033297 	67.742157 	82.734512 	57.201397 	108.811768 	
39.115215 	47.801674 	34.014702 	45.122055 	55.578773 	53.758720 	68.410522 	57.974133 	66.760765 	59.481091 	69.260376 	64.195015 	67.357254 	50.487621 	43.566040 	44.147480 	53.600372 	63.158531 	78.854294 	45.607018 	52.201534 	48.083260 	43.965897 	75.000000 	46.818798 	22.360680 	72.422371 	21.954498 	74.632431 	24.698177 	51.078373 	61.465439 	81.908485 	27.202942 	40.000000 	25.612497 	72.801102 	4.123106 	24.839485 	77.833153 	75.026665 	22.671568 	19.104973 	29.732138 	999.000000 	5.656854 	25.455845 	22.671568 	8.062258 	33.970577 	41.012192 	76.967529 	7.280110 	81.024689 	5.385165 	8.062258 	53.009434 	41.231056 	42.011902 	97.416634 	9.219544 	80.603973 	37.443291 	79.812279 	42.201897 	96.798759 	13.341664 	74.946648 	58.412327 	85.883644 	41.880783 	39.962482 	83.240616 	12.806249 	40.816662 	97.082436 	53.075417 	86.833176 	79.924965 	
