Total assets = 537
Number of asset nodes = 33

Distance:
999.000000 	1.000000 	3.162278 	2.000000 	67.119293 	6.324555 	62.265560 	20.124611 	47.539455 	96.540146 	8.485281 	98.716766 	10.440307 	104.890419 	101.533249 	98.234413 	106.780151 	17.029387 	9.055386 	11.401754 	120.241425 	17.088007 	11.180340 	70.213959 	21.213203 	101.828285 	48.507732 	106.826965 	115.520561 	26.925823 	91.065910 	71.309189 	16.492422 	53.150730 	19.924858 	17.464249 	32.388271 	26.925823 	120.615089 	23.345236 	61.392181 	96.254868 	41.436699 	102.727798 	36.400551 	29.427877 	40.162170 	113.740936 	40.496914 	73.545906 	72.180328 	44.643028 	114.057007 	
1.000000 	999.000000 	2.236068 	2.236068 	66.287254 	5.385165 	61.400326 	21.023796 	46.615448 	95.775780 	7.810250 	97.948967 	10.770329 	104.139328 	100.767059 	97.452553 	106.230881 	16.401220 	9.000000 	10.816654 	119.553337 	16.155495 	11.045361 	69.318108 	21.931713 	101.044548 	47.539455 	106.042442 	114.769333 	25.961510 	90.210861 	70.384659 	16.278820 	52.172791 	20.248457 	17.088007 	31.400637 	27.459061 	119.854080 	22.627417 	60.415230 	95.383438 	40.447498 	101.872467 	35.440090 	29.614185 	39.217342 	112.898186 	39.560081 	72.567207 	71.196907 	43.680660 	113.207771 	
3.162278 	2.236068 	999.000000 	3.162278 	65.215027 	3.162278 	60.207973 	22.472204 	45.188496 	94.921021 	5.830952 	97.082436 	10.816654 	103.324730 	99.904953 	96.540146 	106.000000 	16.124516 	10.198039 	10.770329 	118.928551 	13.928389 	10.049875 	68.000000 	22.803509 	100.124924 	45.880280 	105.118980 	113.951744 	23.769728 	89.044930 	68.942001 	15.033297 	50.447994 	20.124611 	15.524175 	29.274563 	27.802877 	119.004204 	20.518284 	58.694122 	94.154129 	38.327538 	100.702530 	33.241539 	29.120440 	37.000000 	111.772087 	37.336308 	70.830788 	69.426216 	41.484936 	112.058022 	
2.000000 	2.236068 	3.162278 	999.000000 	68.242218 	6.000000 	63.285069 	19.313208 	48.332184 	97.836601 	7.211102 	100.004997 	8.544003 	106.216759 	102.825096 	99.488693 	108.452751 	18.601076 	11.045361 	13.038404 	121.696342 	16.492422 	9.219544 	71.119621 	19.849434 	103.077644 	49.040798 	108.074051 	116.846054 	26.476404 	92.114059 	72.090218 	14.560220 	53.600372 	18.027756 	15.652476 	32.140316 	25.238859 	121.918007 	22.022715 	61.846584 	97.247108 	41.194660 	103.773796 	35.902645 	27.459061 	39.560081 	114.825958 	39.849716 	73.979729 	72.567207 	44.147480 	115.121674 	
67.119293 	66.287254 	65.215027 	68.242218 	999.000000 	63.411354 	6.324555 	87.132080 	22.472204 	30.805843 	65.946945 	32.802441 	75.432091 	39.408119 	35.608986 	31.890438 	52.086468 	51.000000 	61.717098 	56.435802 	56.824291 	58.728188 	72.249565 	9.219544 	88.005684 	35.383614 	26.570660 	40.311287 	49.819675 	53.254108 	24.166092 	14.142136 	74.249580 	26.305893 	83.546394 	72.180328 	48.373547 	92.195442 	54.561890 	65.802734 	24.331051 	29.732138 	45.541191 	35.777088 	51.478149 	89.872131 	53.141319 	46.647614 	54.083271 	27.202942 	28.301943 	50.695168 	47.010635 	
6.324555 	5.385165 	3.162278 	6.000000 	63.411354 	999.000000 	58.249462 	25.000000 	42.941822 	93.380943 	4.000000 	95.524864 	12.041595 	101.833199 	98.351410 	94.921021 	105.309067 	15.811388 	12.083046 	11.045361 	117.686020 	10.770329 	9.848858 	65.863495 	24.698177 	98.493652 	43.324360 	103.479469 	112.449989 	20.615528 	87.091904 	66.640831 	14.142136 	47.801674 	20.808653 	14.035668 	26.172504 	29.000000 	117.456375 	17.804493 	56.044624 	92.114059 	35.227829 	98.737022 	30.083218 	29.154760 	33.837849 	109.859001 	34.176014 	68.154236 	66.708321 	38.327538 	110.113579 	
62.265560 	61.400326 	60.207973 	63.285069 	6.324555 	58.249462 	999.000000 	82.365044 	16.401220 	36.891735 	60.605282 	38.832977 	70.213959 	45.486263 	41.617306 	37.802116 	58.215118 	46.615448 	57.384666 	51.894123 	63.063461 	53.037724 	66.843102 	9.000000 	82.927681 	41.231056 	20.248457 	46.097721 	55.803226 	47.201694 	28.844410 	12.649111 	68.622154 	20.099751 	78.102493 	66.468040 	42.190044 	86.833176 	60.440052 	59.816387 	18.973665 	34.000000 	39.217342 	40.496914 	45.188496 	84.148682 	46.818798 	51.613953 	47.759815 	24.083189 	24.758837 	44.384682 	51.865211 	
20.124611 	21.023796 	22.472204 	19.313208 	87.132080 	25.000000 	82.365044 	999.000000 	67.623962 	116.211014 	24.186773 	118.406082 	15.033297 	124.470879 	121.210564 	118.004234 	124.631454 	36.400551 	26.172504 	30.805843 	139.344894 	34.132095 	20.099751 	90.338257 	6.708204 	121.605919 	68.308128 	126.605690 	135.092560 	44.045429 	111.139549 	91.389275 	23.086792 	72.801102 	15.620500 	25.961510 	50.159744 	14.560220 	140.246216 	35.693138 	81.043198 	116.361504 	59.076221 	122.800652 	53.009434 	23.853722 	56.142673 	133.775925 	56.222771 	93.145050 	91.678787 	61.073727 	134.111893 	
47.539455 	46.615448 	45.188496 	48.332184 	22.472204 	42.941822 	16.401220 	67.623962 	999.000000 	53.254108 	44.944408 	55.217751 	54.708317 	61.854668 	58.008621 	54.203320 	72.567207 	33.376640 	43.931767 	38.078865 	79.259071 	36.878178 	51.039200 	23.021729 	67.601776 	57.628117 	6.708204 	62.481998 	72.201111 	30.805843 	44.687805 	23.769728 	52.497620 	10.630146 	62.201286 	50.249378 	25.942244 	71.028160 	76.837494 	43.416588 	16.763054 	49.406479 	24.186773 	56.222771 	29.410883 	67.896980 	31.575306 	67.475922 	32.557640 	28.160255 	27.459061 	30.016663 	67.623962 	
96.540146 	95.775780 	94.921021 	97.836601 	30.805843 	93.380943 	36.891735 	116.211014 	53.254108 	999.000000 	96.166519 	2.236068 	105.418213 	8.602325 	5.000000 	3.162278 	30.886890 	79.812279 	90.210861 	85.428329 	26.570660 	89.375610 	102.532921 	32.893768 	117.686020 	6.082763 	56.824291 	10.770329 	19.104973 	84.053551 	15.524175 	35.902645 	104.804581 	55.542778 	113.846390 	102.825096 	79.075912 	122.347862 	24.083189 	96.607452 	50.960770 	18.027756 	75.584389 	16.643316 	81.884064 	120.507263 	83.192551 	22.022715 	84.095184 	47.042534 	49.091751 	80.230919 	23.086792 	
8.485281 	7.810250 	5.830952 	7.211102 	65.946945 	4.000000 	60.605282 	24.186773 	44.944408 	96.166519 	999.000000 	98.290382 	9.848858 	104.661362 	101.118744 	97.621719 	108.784187 	19.646883 	15.811388 	15.033297 	120.739388 	10.000000 	6.403124 	67.955872 	22.847319 	101.178062 	44.777225 	106.150833 	115.260574 	20.024984 	89.403580 	68.476273 	10.198039 	49.040798 	17.691807 	10.049875 	26.019224 	26.248810 	120.216469 	14.866069 	57.245087 	94.302704 	35.000000 	101.019798 	29.274563 	25.495098 	32.756680 	112.200714 	32.984844 	69.260376 	67.720009 	37.483330 	112.414413 	
98.716766 	97.948967 	97.082436 	100.004997 	32.802441 	95.524864 	38.832977 	118.406082 	55.217751 	2.236068 	98.290382 	999.000000 	107.563934 	6.708204 	2.828427 	2.236068 	31.064449 	82.006096 	92.417534 	87.618492 	25.000000 	91.438507 	104.651802 	34.539833 	119.854080 	4.000000 	58.668560 	8.544003 	17.029387 	86.023254 	16.124516 	37.363083 	106.887794 	57.271286 	115.965515 	104.890419 	80.993828 	124.482933 	21.931713 	98.600204 	52.497620 	17.888544 	77.369247 	15.620500 	83.725746 	122.576508 	84.970581 	20.099751 	85.866173 	48.166378 	50.249378 	81.939003 	21.213203 	
10.440307 	10.770329 	10.816654 	8.544003 	75.432091 	12.041595 	70.213959 	15.033297 	54.708317 	105.418213 	9.848858 	107.563934 	999.000000 	113.863953 	110.390221 	106.962608 	116.811813 	26.925823 	19.416489 	21.470911 	129.634094 	19.416489 	5.099020 	77.698135 	13.000000 	110.535065 	54.625999 	115.520561 	124.482933 	29.154760 	99.045441 	78.294319 	9.219544 	58.872746 	9.486833 	11.661903 	35.355339 	17.029387 	129.495178 	20.880613 	67.067131 	104.009613 	44.181442 	110.679718 	38.000000 	19.104973 	41.109608 	121.827744 	41.194660 	79.056938 	77.491936 	46.043457 	122.065559 	
104.890419 	104.139328 	103.324730 	106.216759 	39.408119 	101.833199 	45.486263 	124.470879 	61.854668 	8.602325 	104.661362 	6.708204 	113.863953 	999.000000 	4.123106 	8.246211 	28.284271 	88.090858 	98.407318 	93.723000 	18.439089 	97.948967 	111.036034 	41.231056 	126.063477 	6.082763 	65.368187 	5.830952 	10.630146 	92.655273 	22.022715 	43.965897 	113.357841 	63.976559 	122.347862 	111.395691 	87.664131 	130.816666 	15.811388 	105.209312 	59.135437 	22.561028 	84.077347 	18.357559 	90.426765 	129.073624 	91.678787 	18.788294 	92.574295 	54.451813 	56.568542 	88.639717 	20.124611 	
101.533249 	100.767059 	99.904953 	102.825096 	35.608986 	98.351410 	41.617306 	121.210564 	58.008621 	5.000000 	101.118744 	2.828427 	110.390221 	4.123106 	999.000000 	4.123106 	30.610456 	84.811554 	95.210297 	90.426765 	22.561028 	94.260277 	107.480232 	37.161808 	122.674362 	2.828427 	61.400326 	6.082763 	14.212670 	88.814415 	18.000000 	39.849716 	109.713264 	59.933296 	118.793938 	107.712578 	83.761566 	127.310646 	19.104973 	101.400200 	55.027267 	18.973665 	80.062477 	15.620500 	86.452301 	125.399361 	87.658424 	18.439089 	88.549423 	50.358715 	52.469040 	84.581322 	19.646883 	
98.234413 	97.452553 	96.540146 	99.488693 	31.890438 	94.921021 	37.802116 	118.004234 	54.203320 	3.162278 	97.621719 	2.236068 	106.962608 	8.246211 	4.123106 	999.000000 	33.286633 	81.608826 	92.086914 	87.200920 	26.683329 	90.609047 	103.966339 	33.105892 	119.331474 	3.605551 	57.454330 	8.602325 	18.027756 	85.000000 	14.035668 	35.735138 	106.103722 	55.901699 	115.277924 	104.062485 	79.881165 	123.842644 	22.671568 	97.616600 	50.921509 	15.652476 	76.059189 	13.601471 	82.492424 	121.753853 	83.648071 	19.000000 	84.534019 	46.270943 	48.373547 	80.529495 	20.024984 	
106.780151 	106.230881 	106.000000 	108.452751 	52.086468 	105.309067 	58.215118 	124.631454 	72.567207 	30.886890 	108.784187 	31.064449 	116.811813 	28.284271 	30.610456 	33.286633 	999.000000 	89.888817 	98.812958 	95.414886 	24.083189 	104.278473 	115.104301 	58.137768 	127.640121 	33.421551 	77.929459 	33.970577 	30.870699 	101.513542 	46.097721 	62.393909 	118.532700 	78.313469 	126.051575 	117.170815 	97.800819 	133.689941 	34.785053 	113.088463 	76.006577 	48.877399 	96.690224 	46.227695 	101.867561 	134.238586 	104.139328 	46.400433 	105.118980 	75.133217 	76.941536 	102.259476 	47.801674 	
17.029387 	16.401220 	16.124516 	18.601076 	51.000000 	15.811388 	46.615448 	36.400551 	33.376640 	79.812279 	19.646883 	82.006096 	26.925823 	88.090858 	84.811554 	81.608826 	89.888817 	999.000000 	10.770329 	5.656854 	103.247276 	19.646883 	25.632011 	55.027267 	38.209946 	85.211502 	36.013885 	90.210861 	98.716766 	25.000000 	75.133217 	56.753853 	29.832869 	41.048752 	36.235340 	29.274563 	27.658634 	43.829212 	103.855667 	29.614185 	49.000000 	80.529495 	35.510563 	86.769814 	33.241539 	44.944408 	37.483330 	97.616600 	38.183765 	61.032780 	60.000000 	40.607880 	98.005104 	
9.055386 	9.000000 	10.198039 	11.045361 	61.717098 	12.083046 	57.384666 	26.172504 	43.931767 	90.210861 	15.811388 	92.417534 	19.416489 	98.407318 	95.210297 	92.086914 	98.812958 	10.770329 	999.000000 	6.000000 	113.172432 	21.213203 	20.024984 	65.787537 	28.844410 	95.692215 	46.097721 	100.687637 	109.018349 	29.681644 	85.866173 	67.446274 	25.179358 	51.039200 	28.861740 	25.709921 	34.014702 	35.341194 	114.201576 	29.681644 	59.135437 	91.285271 	42.720020 	97.493591 	38.948685 	38.470768 	43.046486 	108.300507 	43.566040 	71.253067 	70.114189 	46.957428 	108.706024 	
11.401754 	10.816654 	10.770329 	13.038404 	56.435802 	11.045361 	51.894123 	30.805843 	38.078865 	85.428329 	15.033297 	87.618492 	21.470911 	93.723000 	90.426765 	87.200920 	95.414886 	5.656854 	6.000000 	999.000000 	108.903625 	17.492855 	20.615528 	60.166435 	32.557640 	90.801979 	40.112343 	95.801880 	104.350372 	24.839485 	80.529495 	61.684681 	25.179358 	45.044422 	30.870699 	25.000000 	28.653097 	38.275318 	109.480591 	26.925823 	53.150730 	85.866173 	37.161808 	92.179176 	33.837849 	39.849716 	38.013157 	103.077644 	38.600517 	65.276337 	64.124878 	41.677334 	103.445641 	
120.241425 	119.553337 	118.928551 	121.696342 	56.824291 	117.686020 	63.063461 	139.344894 	79.259071 	26.570660 	120.739388 	25.000000 	129.634094 	18.439089 	22.561028 	26.683329 	24.083189 	103.247276 	113.172432 	108.903625 	999.000000 	114.621117 	127.141655 	59.464275 	141.449631 	24.186773 	83.192551 	21.023796 	11.704700 	109.931801 	40.311287 	62.361847 	129.807556 	82.079231 	138.408813 	128.003906 	105.190300 	146.659470 	12.727922 	122.331520 	77.491936 	40.012497 	102.044106 	34.365681 	108.226616 	145.602203 	109.658562 	29.068884 	110.571243 	72.835434 	74.966660 	106.775467 	30.413813 	
17.088007 	16.155495 	13.928389 	16.492422 	58.728188 	10.770329 	53.037724 	34.132095 	36.878178 	89.375610 	10.000000 	91.438507 	19.416489 	97.948967 	94.260277 	90.609047 	104.278473 	19.646883 	21.213203 	17.492855 	114.621117 	999.000000 	14.866069 	59.816387 	32.280025 	94.111633 	35.846897 	99.035347 	108.466583 	10.049875 	81.565926 	59.908264 	15.620500 	39.812057 	25.553865 	13.453624 	16.031219 	34.481880 	113.278419 	10.049875 	47.927029 	86.214851 	25.000000 	93.085983 	19.416489 	31.144823 	23.086792 	104.350372 	23.409399 	59.808025 	58.189346 	27.658634 	104.484451 	
11.180340 	11.045361 	10.049875 	9.219544 	72.249565 	9.848858 	66.843102 	20.099751 	51.039200 	102.532921 	6.403124 	104.651802 	5.099020 	111.036034 	107.480232 	103.966339 	115.104301 	25.632011 	20.024984 	20.615528 	127.141655 	14.866069 	999.000000 	74.060783 	17.464249 	107.517441 	50.537113 	112.485558 	121.630585 	24.331051 	95.603348 	74.431175 	5.385165 	54.625999 	11.313708 	7.071068 	30.594116 	20.000000 	126.574089 	15.811388 	62.769421 	100.439034 	39.319206 	107.200745 	33.015148 	19.313208 	36.055511 	118.406082 	36.124783 	74.672615 	73.054771 	41.012192 	118.600166 	
70.213959 	69.318108 	68.000000 	71.119621 	9.219544 	65.863495 	9.000000 	90.338257 	23.021729 	32.893768 	67.955872 	34.539833 	77.698135 	41.231056 	37.161808 	33.105892 	58.137768 	55.027267 	65.787537 	60.166435 	59.464275 	59.816387 	74.060783 	999.000000 	90.553848 	36.235340 	24.839485 	40.816662 	51.000000 	53.037724 	21.931713 	5.000000 	75.432091 	22.825424 	85.211502 	73.109505 	47.507893 	94.047859 	55.226807 	65.764732 	18.248287 	26.400757 	43.046486 	33.301651 	49.648766 	90.686272 	50.606323 	44.598206 	51.478149 	18.357559 	19.697716 	47.423622 	44.687805 	
21.213203 	21.931713 	22.803509 	19.849434 	88.005684 	24.698177 	82.927681 	6.708204 	67.601776 	117.686020 	22.847319 	119.854080 	13.000000 	126.063477 	122.674362 	119.331474 	127.640121 	38.209946 	28.844410 	32.557640 	141.449631 	32.280025 	17.464249 	90.553848 	999.000000 	122.918671 	67.623962 	127.914032 	136.693085 	41.773197 	111.772087 	91.241440 	19.026299 	71.867935 	9.848858 	22.022715 	48.052055 	8.062258 	141.767410 	32.015621 	80.056229 	116.811813 	56.718605 	123.422043 	50.249378 	17.204651 	53.037724 	134.525085 	53.009434 	92.027168 	90.443352 	58.077534 	134.792435 	
101.828285 	101.044548 	100.124924 	103.077644 	35.383614 	98.493652 	41.231056 	121.605919 	57.628117 	6.082763 	101.178062 	4.000000 	110.535065 	6.082763 	2.828427 	3.605551 	33.421551 	85.211502 	95.692215 	90.801979 	24.186773 	94.111633 	107.517441 	36.235340 	122.918671 	999.000000 	60.745369 	5.000000 	14.764823 	88.408142 	16.124516 	38.626415 	109.622078 	59.059292 	118.827606 	107.563934 	83.234612 	127.404869 	19.209373 	101.044548 	53.851646 	16.492422 	79.259071 	12.806249 	85.755463 	125.255737 	86.833176 	16.124516 	87.709747 	48.662102 	50.803543 	83.630135 	17.262676 	
48.507732 	47.539455 	45.880280 	49.040798 	26.570660 	43.324360 	20.248457 	68.308128 	6.708204 	56.824291 	44.777225 	58.668560 	54.625999 	65.368187 	61.400326 	57.454330 	77.929459 	36.013885 	46.097721 	40.112343 	83.192551 	35.846897 	50.537113 	24.839485 	67.623962 	60.745369 	999.000000 	65.459915 	75.471848 	28.319605 	46.754681 	24.207438 	51.312767 	5.099020 	61.400326 	48.826221 	22.671568 	70.327805 	79.881165 	41.036568 	13.038404 	50.931328 	18.973665 	57.982758 	25.059929 	66.219330 	26.570660 	69.296463 	27.513634 	25.179358 	24.020824 	24.331051 	69.310890 	
106.826965 	106.042442 	105.118980 	108.074051 	40.311287 	103.479469 	46.097721 	126.605690 	62.481998 	10.770329 	106.150833 	8.544003 	115.520561 	5.830952 	6.082763 	8.602325 	33.970577 	90.210861 	100.687637 	95.801880 	21.023796 	99.035347 	112.485558 	40.816662 	127.914032 	5.000000 	65.459915 	999.000000 	10.440307 	93.236259 	19.924858 	42.953465 	114.560028 	63.631752 	123.794182 	112.485558 	88.005684 	132.382019 	14.422205 	105.891457 	58.180752 	19.000000 	83.862984 	13.601471 	90.426765 	130.176804 	91.416626 	13.000000 	92.282173 	52.392746 	54.571056 	88.119240 	14.317822 	
115.520561 	114.769333 	113.951744 	116.846054 	49.819675 	112.449989 	55.803226 	135.092560 	72.201111 	19.104973 	115.260574 	17.029387 	124.482933 	10.630146 	14.212670 	18.027756 	30.870699 	98.716766 	109.018349 	104.350372 	11.704700 	108.466583 	121.630585 	51.000000 	136.693085 	14.764823 	75.471848 	10.440307 	999.000000 	103.004852 	30.364452 	53.310413 	123.907227 	73.824112 	132.943604 	121.918007 	97.908119 	141.428421 	5.385165 	115.602768 	68.541962 	29.154760 	94.021271 	23.021729 	100.498756 	139.603012 	101.597244 	17.492855 	102.474388 	62.817196 	65.000000 	98.386993 	18.867962 	
26.925823 	25.961510 	23.769728 	26.476404 	53.254108 	20.615528 	47.201694 	44.045429 	30.805843 	84.053551 	20.024984 	86.023254 	29.154760 	92.655273 	88.814415 	85.000000 	101.513542 	25.000000 	29.681644 	24.839485 	109.931801 	10.049875 	24.331051 	53.037724 	41.773197 	88.408142 	28.319605 	93.236259 	103.004852 	999.000000 	74.966660 	52.497620 	23.769728 	31.622776 	34.176014 	21.023796 	6.324555 	43.081318 	107.615051 	12.727922 	39.446167 	79.246452 	15.033297 	86.278618 	9.486833 	38.013157 	13.416408 	97.590981 	13.892444 	50.990196 	49.244289 	17.720045 	97.621719 	
91.065910 	90.210861 	89.044930 	92.114059 	24.166092 	87.091904 	28.844410 	111.139549 	44.687805 	15.524175 	89.403580 	16.124516 	99.045441 	22.022715 	18.000000 	14.035668 	46.097721 	75.133217 	85.866173 	80.529495 	40.311287 	81.565926 	95.603348 	21.931713 	111.772087 	16.124516 	46.754681 	19.924858 	30.364452 	74.966660 	999.000000 	23.323807 	97.185387 	44.407207 	106.826965 	94.921021 	69.426216 	115.602768 	34.014702 	87.692642 	38.470768 	6.000000 	64.637451 	11.661903 	71.400284 	112.538879 	72.111023 	22.803509 	72.945183 	32.557640 	34.713108 	68.600288 	23.021729 	
71.309189 	70.384659 	68.942001 	72.090218 	14.142136 	66.640831 	12.649111 	91.389275 	23.769728 	35.902645 	68.476273 	37.363083 	78.294319 	43.965897 	39.849716 	35.735138 	62.393909 	56.753853 	67.446274 	61.684681 	62.361847 	59.908264 	74.431175 	5.000000 	91.241440 	38.626415 	24.207438 	42.953465 	53.310413 	52.497620 	23.323807 	999.000000 	75.451973 	21.260292 	85.440041 	73.006851 	46.690472 	94.339813 	57.245087 	65.192024 	15.231546 	26.907248 	41.400482 	34.058773 	48.270073 	90.426765 	48.826221 	45.343136 	49.648766 	13.416408 	14.866069 	45.276924 	45.276924 	
16.492422 	16.278820 	15.033297 	14.560220 	74.249580 	14.142136 	68.622154 	23.086792 	52.497620 	104.804581 	10.198039 	106.887794 	9.219544 	113.357841 	109.713264 	106.103722 	118.532700 	29.832869 	25.179358 	25.179358 	129.807556 	15.620500 	5.385165 	75.432091 	19.026299 	109.622078 	51.312767 	114.560028 	123.907227 	23.769728 	97.185387 	75.451973 	999.000000 	55.072678 	10.440307 	3.000000 	30.083218 	19.313208 	128.763351 	13.000000 	63.063461 	101.828285 	38.327538 	108.706024 	31.575306 	15.811388 	34.132095 	119.970833 	34.058773 	74.732857 	73.006851 	39.204590 	120.104118 	
53.150730 	52.172791 	50.447994 	53.600372 	26.305893 	47.801674 	20.099751 	72.801102 	10.630146 	55.542778 	49.040798 	57.271286 	58.872746 	63.976559 	59.933296 	55.901699 	78.313469 	41.048752 	51.039200 	45.044422 	82.079231 	39.812057 	54.625999 	22.825424 	71.867935 	59.059292 	5.099020 	63.631752 	73.824112 	31.622776 	44.407207 	21.260292 	55.072678 	999.000000 	65.299309 	52.478565 	25.612497 	74.242844 	78.032043 	44.204071 	8.246211 	48.166378 	20.248457 	55.317268 	27.018513 	69.634758 	27.784887 	66.603302 	28.653097 	20.396078 	19.104973 	24.698177 	66.528191 	
19.924858 	20.248457 	20.124611 	18.027756 	83.546394 	20.808653 	78.102493 	15.620500 	62.201286 	113.846390 	17.691807 	115.965515 	9.486833 	122.347862 	118.793938 	115.277924 	126.051575 	36.235340 	28.861740 	30.870699 	138.408813 	25.553865 	11.313708 	85.211502 	9.848858 	118.827606 	61.400326 	123.794182 	132.943604 	34.176014 	106.826965 	85.440041 	10.440307 	65.299309 	999.000000 	13.341664 	40.496914 	8.944272 	137.887634 	23.194826 	73.348480 	111.606453 	48.764740 	118.406082 	41.976185 	10.049875 	44.407207 	129.630249 	44.283180 	85.088188 	83.384651 	49.497475 	129.807556 	
17.464249 	17.088007 	15.524175 	15.652476 	72.180328 	14.035668 	66.468040 	25.961510 	50.249378 	102.825096 	10.049875 	104.890419 	11.661903 	111.395691 	107.712578 	104.062485 	117.170815 	29.274563 	25.709921 	25.000000 	128.003906 	13.453624 	7.071068 	73.109505 	22.022715 	107.563934 	48.826221 	112.485558 	121.918007 	21.023796 	94.921021 	73.006851 	3.000000 	52.478565 	13.341664 	999.000000 	27.313000 	22.135944 	126.732002 	10.000000 	60.415230 	99.488693 	35.440090 	106.404884 	28.635643 	17.691807 	31.144823 	117.686020 	31.064449 	72.013885 	70.263786 	36.221542 	117.796432 	
32.388271 	31.400637 	29.274563 	32.140316 	48.373547 	26.172504 	42.190044 	50.159744 	25.942244 	79.075912 	26.019224 	80.993828 	35.355339 	87.664131 	83.761566 	79.881165 	97.800819 	27.658634 	34.014702 	28.653097 	105.190300 	16.031219 	30.594116 	47.507893 	48.052055 	83.234612 	22.671568 	88.005684 	97.908119 	6.324555 	69.426216 	46.690472 	30.083218 	25.612497 	40.496914 	27.313000 	999.000000 	49.396355 	102.415817 	18.601076 	33.286633 	73.539108 	9.055386 	80.622574 	5.830952 	44.102154 	10.000000 	91.934761 	10.816654 	44.721359 	42.953465 	13.038404 	91.923882 	
26.925823 	27.459061 	27.802877 	25.238859 	92.195442 	29.000000 	86.833176 	14.560220 	71.028160 	122.347862 	26.248810 	124.482933 	17.029387 	130.816666 	127.310646 	123.842644 	133.689941 	43.829212 	35.341194 	38.275318 	146.659470 	34.481880 	20.000000 	94.047859 	8.062258 	127.404869 	70.327805 	132.382019 	141.428421 	43.081318 	115.602768 	94.339813 	19.313208 	74.242844 	8.944272 	22.135944 	49.396355 	999.000000 	146.413803 	31.780497 	82.292160 	120.432556 	57.567352 	127.200630 	50.695168 	10.816654 	52.952808 	138.405197 	52.773098 	94.021271 	92.309265 	58.051701 	138.600143 	
120.615089 	119.854080 	119.004204 	121.918007 	54.561890 	117.456375 	60.440052 	140.246216 	76.837494 	24.083189 	120.216469 	21.931713 	129.495178 	15.811388 	19.104973 	22.671568 	34.785053 	103.855667 	114.201576 	109.480591 	12.727922 	113.278419 	126.574089 	55.226807 	141.767410 	19.209373 	79.881165 	14.422205 	5.385165 	107.615051 	34.014702 	57.245087 	128.763351 	78.032043 	137.887634 	126.732002 	102.415817 	146.413803 	999.000000 	120.253899 	72.449982 	32.015621 	98.270035 	25.317978 	104.847511 	144.422989 	105.815880 	17.464249 	106.677086 	66.098412 	68.308128 	102.474388 	18.681541 	
23.345236 	22.627417 	20.518284 	22.022715 	65.802734 	17.804493 	59.816387 	35.693138 	43.416588 	96.607452 	14.866069 	98.600204 	20.880613 	105.209312 	101.400200 	97.616600 	113.088463 	29.614185 	29.681644 	26.925823 	122.331520 	10.049875 	15.811388 	65.764732 	32.015621 	101.044548 	41.036568 	105.891457 	115.602768 	12.727922 	87.692642 	65.192024 	13.000000 	44.204071 	23.194826 	10.000000 	18.601076 	31.780497 	120.253899 	999.000000 	51.865211 	91.967384 	26.000000 	99.005051 	18.973665 	25.553865 	21.213203 	110.317726 	21.095022 	63.134777 	61.294373 	26.305893 	110.344917 	
61.392181 	60.415230 	58.694122 	61.846584 	24.331051 	56.044624 	18.973665 	81.043198 	16.763054 	50.960770 	57.245087 	52.497620 	67.067131 	59.135437 	55.027267 	50.921509 	76.006577 	49.000000 	59.135437 	53.150730 	77.491936 	47.927029 	62.769421 	18.248287 	80.056229 	53.851646 	13.038404 	58.180752 	68.541962 	39.446167 	38.470768 	15.231546 	63.063461 	8.246211 	73.348480 	60.415230 	33.286633 	82.292160 	72.449982 	51.865211 	999.000000 	41.617306 	26.870058 	48.826221 	33.970577 	77.388626 	34.058773 	60.000000 	34.828148 	12.165525 	11.000000 	30.232433 	59.816387 	
96.254868 	95.383438 	94.154129 	97.247108 	29.732138 	92.114059 	34.000000 	116.361504 	49.406479 	18.027756 	94.302704 	17.888544 	104.009613 	22.561028 	18.973665 	15.652476 	48.877399 	80.529495 	91.285271 	85.866173 	40.012497 	86.214851 	100.439034 	26.400757 	116.811813 	16.492422 	50.931328 	19.000000 	29.154760 	79.246452 	6.000000 	26.907248 	101.828285 	48.166378 	111.606453 	99.488693 	73.539108 	120.432556 	32.015621 	91.967384 	41.617306 	999.000000 	68.249542 	7.211102 	75.166481 	117.034180 	75.604233 	18.439089 	76.400261 	34.176014 	36.400551 	71.847061 	18.384777 	
41.436699 	40.447498 	38.327538 	41.194660 	45.541191 	35.227829 	39.217342 	59.076221 	24.186773 	75.584389 	35.000000 	77.369247 	44.181442 	84.077347 	80.062477 	76.059189 	96.690224 	35.510563 	42.720020 	37.161808 	102.044106 	25.000000 	39.319206 	43.046486 	56.718605 	79.259071 	18.973665 	83.862984 	94.021271 	15.033297 	64.637451 	41.400482 	38.327538 	20.248457 	48.764740 	35.440090 	9.055386 	57.567352 	98.270035 	26.000000 	26.870058 	68.249542 	999.000000 	75.432091 	7.211102 	51.429562 	7.615773 	86.683334 	8.544003 	37.443291 	35.510563 	6.324555 	86.556343 	
102.727798 	101.872467 	100.702530 	103.773796 	35.777088 	98.737022 	40.496914 	122.800652 	56.222771 	16.643316 	101.019798 	15.620500 	110.679718 	18.357559 	15.620500 	13.601471 	46.227695 	86.769814 	97.493591 	92.179176 	34.365681 	93.085983 	107.200745 	33.301651 	123.422043 	12.806249 	57.982758 	13.601471 	23.021729 	86.278618 	11.661903 	34.058773 	108.706024 	55.317268 	118.406082 	106.404884 	80.622574 	127.200630 	25.317978 	99.005051 	48.826221 	7.211102 	75.432091 	999.000000 	82.328613 	123.987900 	82.800964 	11.313708 	83.600243 	41.231056 	43.462627 	79.056938 	11.401754 	
36.400551 	35.440090 	33.241539 	35.902645 	51.478149 	30.083218 	45.188496 	53.009434 	29.410883 	81.884064 	29.274563 	83.725746 	38.000000 	90.426765 	86.452301 	82.492424 	101.867561 	33.241539 	38.948685 	33.837849 	108.226616 	19.416489 	33.015148 	49.648766 	50.249378 	85.755463 	25.059929 	90.426765 	100.498756 	9.486833 	71.400284 	48.270073 	31.575306 	27.018513 	41.976185 	28.635643 	5.830952 	50.695168 	104.847511 	18.973665 	33.970577 	75.166481 	7.211102 	82.328613 	999.000000 	44.283180 	4.242640 	93.605553 	5.000000 	44.654228 	42.720020 	8.246211 	93.509361 	
29.427877 	29.614185 	29.120440 	27.459061 	89.872131 	29.154760 	84.148682 	23.853722 	67.896980 	120.507263 	25.495098 	122.576508 	19.104973 	129.073624 	125.399361 	121.753853 	134.238586 	44.944408 	38.470768 	39.849716 	145.602203 	31.144823 	19.313208 	90.686272 	17.204651 	125.255737 	66.219330 	130.176804 	139.603012 	38.013157 	112.538879 	90.426765 	15.811388 	69.634758 	10.049875 	17.691807 	44.102154 	10.816654 	144.422989 	25.553865 	77.388626 	117.034180 	51.429562 	123.987900 	44.283180 	999.000000 	45.880280 	135.281189 	45.541191 	88.684837 	86.833176 	50.921509 	135.369858 	
40.162170 	39.217342 	37.000000 	39.560081 	53.141319 	33.837849 	46.818798 	56.142673 	31.575306 	83.192551 	32.756680 	84.970581 	41.109608 	91.678787 	87.658424 	83.648071 	104.139328 	37.483330 	43.046486 	38.013157 	109.658562 	23.086792 	36.055511 	50.606323 	53.037724 	86.833176 	26.570660 	91.416626 	101.597244 	13.416408 	72.111023 	48.826221 	34.132095 	27.784887 	44.407207 	31.144823 	10.000000 	52.952808 	105.815880 	21.213203 	34.058773 	75.604233 	7.615773 	82.800964 	4.242640 	45.880280 	999.000000 	94.021271 	1.000000 	44.045429 	42.011902 	5.099020 	93.861603 	
113.740936 	112.898186 	111.772087 	114.825958 	46.647614 	109.859001 	51.613953 	133.775925 	67.475922 	22.022715 	112.200714 	20.099751 	121.827744 	18.788294 	18.439089 	19.000000 	46.400433 	97.616600 	108.300507 	103.077644 	29.068884 	104.350372 	118.406082 	44.598206 	134.525085 	16.124516 	69.296463 	13.000000 	17.492855 	97.590981 	22.803509 	45.343136 	119.970833 	66.603302 	129.630249 	117.686020 	91.934761 	138.405197 	17.464249 	110.317726 	60.000000 	18.439089 	86.683334 	11.313708 	93.605553 	135.281189 	94.021271 	999.000000 	94.810333 	51.884487 	54.120235 	90.210861 	1.414214 	
40.496914 	39.560081 	37.336308 	39.849716 	54.083271 	34.176014 	47.759815 	56.222771 	32.557640 	84.095184 	32.984844 	85.866173 	41.194660 	92.574295 	88.549423 	84.534019 	105.118980 	38.183765 	43.566040 	38.600517 	110.571243 	23.409399 	36.124783 	51.478149 	53.009434 	87.709747 	27.513634 	92.282173 	102.474388 	13.892444 	72.945183 	49.648766 	34.058773 	28.653097 	44.283180 	31.064449 	10.816654 	52.773098 	106.677086 	21.095022 	34.828148 	76.400261 	8.544003 	83.600243 	5.000000 	45.541191 	1.000000 	94.810333 	999.000000 	44.687805 	42.638012 	5.385165 	94.641426 	
73.545906 	72.567207 	70.830788 	73.979729 	27.202942 	68.154236 	24.083189 	93.145050 	28.160255 	47.042534 	69.260376 	48.166378 	79.056938 	54.451813 	50.358715 	46.270943 	75.133217 	61.032780 	71.253067 	65.276337 	72.835434 	59.808025 	74.672615 	18.357559 	92.027168 	48.662102 	25.179358 	52.392746 	62.817196 	50.990196 	32.557640 	13.416408 	74.732857 	20.396078 	85.088188 	72.013885 	44.721359 	94.021271 	66.098412 	63.134777 	12.165525 	34.176014 	37.443291 	41.231056 	44.654228 	88.684837 	44.045429 	51.884487 	44.687805 	999.000000 	2.236068 	39.623226 	51.478149 	
72.180328 	71.196907 	69.426216 	72.567207 	28.301943 	66.708321 	24.758837 	91.678787 	27.459061 	49.091751 	67.720009 	50.249378 	77.491936 	56.568542 	52.469040 	48.373547 	76.941536 	60.000000 	70.114189 	64.124878 	74.966660 	58.189346 	73.054771 	19.697716 	90.443352 	50.803543 	24.020824 	54.571056 	65.000000 	49.244289 	34.713108 	14.866069 	73.006851 	19.104973 	83.384651 	70.263786 	42.953465 	92.309265 	68.308128 	61.294373 	11.000000 	36.400551 	35.510563 	43.462627 	42.720020 	86.833176 	42.011902 	54.120235 	42.638012 	2.236068 	999.000000 	37.536648 	53.712196 	
44.643028 	43.680660 	41.484936 	44.147480 	50.695168 	38.327538 	44.384682 	61.073727 	30.016663 	80.230919 	37.483330 	81.939003 	46.043457 	88.639717 	84.581322 	80.529495 	102.259476 	40.607880 	46.957428 	41.677334 	106.775467 	27.658634 	41.012192 	47.423622 	58.077534 	83.630135 	24.331051 	88.119240 	98.386993 	17.720045 	68.600288 	45.276924 	39.204590 	24.698177 	49.497475 	36.221542 	13.038404 	58.051701 	102.474388 	26.305893 	30.232433 	71.847061 	6.324555 	79.056938 	8.246211 	50.921509 	5.099020 	90.210861 	5.385165 	39.623226 	37.536648 	999.000000 	90.000000 	
114.057007 	113.207771 	112.058022 	115.121674 	47.010635 	110.113579 	51.865211 	134.111893 	67.623962 	23.086792 	112.414413 	21.213203 	122.065559 	20.124611 	19.646883 	20.024984 	47.801674 	98.005104 	108.706024 	103.445641 	30.413813 	104.484451 	118.600166 	44.687805 	134.792435 	17.262676 	69.310890 	14.317822 	18.867962 	97.621719 	23.021729 	45.276924 	120.104118 	66.528191 	129.807556 	117.796432 	91.923882 	138.600143 	18.681541 	110.344917 	59.816387 	18.384777 	86.556343 	11.401754 	93.509361 	135.369858 	93.861603 	1.414214 	94.641426 	51.478149 	53.712196 	90.000000 	999.000000 	

Travel time:
9.000000 	0.025000 	0.079057 	0.050000 	1.677982 	0.158114 	1.556639 	0.503115 	1.188486 	2.413504 	0.212132 	2.467919 	0.261008 	2.622261 	2.538331 	2.455860 	2.669504 	0.425735 	0.226385 	0.285044 	3.006036 	0.427200 	0.279509 	1.755349 	0.530330 	2.545707 	1.212693 	2.670674 	2.888014 	0.673146 	2.276648 	1.782730 	0.412311 	1.328768 	0.498121 	0.436606 	0.809707 	0.673146 	3.015377 	0.583631 	1.534805 	2.406372 	1.035918 	2.568195 	0.910014 	0.735697 	1.004054 	2.843524 	1.012423 	1.838648 	1.804508 	1.116076 	2.851425 	
0.025000 	9.000000 	0.055902 	0.055902 	1.657181 	0.134629 	1.535008 	0.525595 	1.165386 	2.394394 	0.195256 	2.448724 	0.269258 	2.603483 	2.519176 	2.436314 	2.655772 	0.410031 	0.225000 	0.270416 	2.988833 	0.403887 	0.276134 	1.732953 	0.548293 	2.526114 	1.188486 	2.651061 	2.869233 	0.649038 	2.255271 	1.759616 	0.406971 	1.304320 	0.506211 	0.427200 	0.785016 	0.686477 	2.996352 	0.565685 	1.510381 	2.384586 	1.011187 	2.546812 	0.886002 	0.740355 	0.980434 	2.822455 	0.989002 	1.814180 	1.779923 	1.092016 	2.830194 	
0.079057 	0.055902 	9.000000 	0.079057 	1.630376 	0.079057 	1.505199 	0.561805 	1.129712 	2.373025 	0.145774 	2.427061 	0.270416 	2.583118 	2.497624 	2.413504 	2.650000 	0.403113 	0.254951 	0.269258 	2.973214 	0.348210 	0.251247 	1.700000 	0.570088 	2.503123 	1.147007 	2.627975 	2.848794 	0.594243 	2.226123 	1.723550 	0.375832 	1.261200 	0.503115 	0.388104 	0.731864 	0.695072 	2.975105 	0.512957 	1.467353 	2.353853 	0.958188 	2.517563 	0.831038 	0.728011 	0.925000 	2.794302 	0.933408 	1.770770 	1.735655 	1.037123 	2.801450 	
0.050000 	0.055902 	0.079057 	9.000000 	1.706055 	0.150000 	1.582127 	0.482830 	1.208305 	2.445915 	0.180278 	2.500125 	0.213600 	2.655419 	2.570627 	2.487217 	2.711319 	0.465027 	0.276134 	0.325960 	3.042408 	0.412311 	0.230489 	1.777991 	0.496236 	2.576941 	1.226020 	2.701851 	2.921151 	0.661910 	2.302851 	1.802255 	0.364006 	1.340009 	0.450694 	0.391312 	0.803508 	0.630971 	3.047950 	0.550568 	1.546165 	2.431178 	1.029866 	2.594345 	0.897566 	0.686477 	0.989002 	2.870649 	0.996243 	1.849493 	1.814180 	1.103687 	2.878042 	
1.677982 	1.657181 	1.630376 	1.706055 	9.000000 	1.585284 	0.158114 	2.178302 	0.561805 	0.770146 	1.648674 	0.820061 	1.885802 	0.985203 	0.890225 	0.797261 	1.302162 	1.275000 	1.542928 	1.410895 	1.420607 	1.468205 	1.806239 	0.230489 	2.200142 	0.884590 	0.664266 	1.007782 	1.245492 	1.331353 	0.604152 	0.353553 	1.856240 	0.657647 	2.088660 	1.804508 	1.209339 	2.304886 	1.364047 	1.645068 	0.608276 	0.743303 	1.138530 	0.894427 	1.286954 	2.246803 	1.328533 	1.166190 	1.352082 	0.680074 	0.707549 	1.267379 	1.175266 	
0.158114 	0.134629 	0.079057 	0.150000 	1.585284 	9.000000 	1.456237 	0.625000 	1.073546 	2.334524 	0.100000 	2.388122 	0.301040 	2.545830 	2.458785 	2.373025 	2.632727 	0.395285 	0.302076 	0.276134 	2.942151 	0.269258 	0.246221 	1.646587 	0.617454 	2.462341 	1.083109 	2.586987 	2.811250 	0.515388 	2.177298 	1.666021 	0.353553 	1.195042 	0.520216 	0.350892 	0.654313 	0.725000 	2.936409 	0.445112 	1.401116 	2.302851 	0.880696 	2.468426 	0.752080 	0.728869 	0.845946 	2.746475 	0.854400 	1.703856 	1.667708 	0.958188 	2.752840 	
1.556639 	1.535008 	1.505199 	1.582127 	0.158114 	1.456237 	9.000000 	2.059126 	0.410031 	0.922293 	1.515132 	0.970824 	1.755349 	1.137157 	1.040433 	0.945053 	1.455378 	1.165386 	1.434617 	1.297353 	1.576586 	1.325943 	1.671077 	0.225000 	2.073192 	1.030776 	0.506211 	1.152443 	1.395081 	1.180042 	0.721110 	0.316228 	1.715554 	0.502494 	1.952562 	1.661701 	1.054751 	2.170829 	1.511001 	1.495410 	0.474342 	0.850000 	0.980434 	1.012423 	1.129712 	2.103717 	1.170470 	1.290349 	1.193995 	0.602080 	0.618971 	1.109617 	1.296630 	
0.503115 	0.525595 	0.561805 	0.482830 	2.178302 	0.625000 	2.059126 	9.000000 	1.690599 	2.905275 	0.604669 	2.960152 	0.375832 	3.111772 	3.030264 	2.950106 	3.115786 	0.910014 	0.654313 	0.770146 	3.483622 	0.853302 	0.502494 	2.258456 	0.167705 	3.040148 	1.707703 	3.165142 	3.377314 	1.101136 	2.778489 	2.284732 	0.577170 	1.820028 	0.390512 	0.649038 	1.253994 	0.364006 	3.506155 	0.892328 	2.026080 	2.909038 	1.476906 	3.070016 	1.325236 	0.596343 	1.403567 	3.344398 	1.405569 	2.328626 	2.291970 	1.526843 	3.352797 	
1.188486 	1.165386 	1.129712 	1.208305 	0.561805 	1.073546 	0.410031 	1.690599 	9.000000 	1.331353 	1.123610 	1.380444 	1.367708 	1.546367 	1.450216 	1.355083 	1.814180 	0.834416 	1.098294 	0.951972 	1.981477 	0.921954 	1.275980 	0.575543 	1.690044 	1.440703 	0.167705 	1.562050 	1.805028 	0.770146 	1.117195 	0.594243 	1.312441 	0.265754 	1.555032 	1.256234 	0.648556 	1.775704 	1.920937 	1.085415 	0.419076 	1.235162 	0.604669 	1.405569 	0.735272 	1.697425 	0.789383 	1.686898 	0.813941 	0.704006 	0.686477 	0.750417 	1.690599 	
2.413504 	2.394394 	2.373025 	2.445915 	0.770146 	2.334524 	0.922293 	2.905275 	1.331353 	9.000000 	2.404163 	0.055902 	2.635455 	0.215058 	0.125000 	0.079057 	0.772172 	1.995307 	2.255271 	2.135708 	0.664266 	2.234390 	2.563323 	0.822344 	2.942151 	0.152069 	1.420607 	0.269258 	0.477624 	2.101339 	0.388104 	0.897566 	2.620115 	1.388569 	2.846160 	2.570627 	1.976898 	3.058697 	0.602080 	2.415186 	1.274019 	0.450694 	1.889610 	0.416083 	2.047101 	3.012681 	2.079814 	0.550568 	2.102380 	1.176063 	1.227294 	2.005773 	0.577170 	
0.212132 	0.195256 	0.145774 	0.180278 	1.648674 	0.100000 	1.515132 	0.604669 	1.123610 	2.404163 	9.000000 	2.457260 	0.246221 	2.616534 	2.527969 	2.440543 	2.719605 	0.491172 	0.395285 	0.375832 	3.018485 	0.250000 	0.160078 	1.698897 	0.571183 	2.529452 	1.119431 	2.653771 	2.881514 	0.500625 	2.235090 	1.711907 	0.254951 	1.226020 	0.442295 	0.251247 	0.650481 	0.656220 	3.005412 	0.371652 	1.431127 	2.357568 	0.875000 	2.525495 	0.731864 	0.637377 	0.818917 	2.805018 	0.824621 	1.731509 	1.693000 	0.937083 	2.810360 	
2.467919 	2.448724 	2.427061 	2.500125 	0.820061 	2.388122 	0.970824 	2.960152 	1.380444 	0.055902 	2.457260 	9.000000 	2.689098 	0.167705 	0.070711 	0.055902 	0.776611 	2.050152 	2.310438 	2.190462 	0.625000 	2.285963 	2.616295 	0.863496 	2.996352 	0.100000 	1.466714 	0.213600 	0.425735 	2.150581 	0.403113 	0.934077 	2.672195 	1.431782 	2.899138 	2.622261 	2.024846 	3.112073 	0.548293 	2.465005 	1.312441 	0.447214 	1.934231 	0.390512 	2.093144 	3.064413 	2.124264 	0.502494 	2.146654 	1.204159 	1.256234 	2.048475 	0.530330 	
0.261008 	0.269258 	0.270416 	0.213600 	1.885802 	0.301040 	1.755349 	0.375832 	1.367708 	2.635455 	0.246221 	2.689098 	9.000000 	2.846599 	2.759756 	2.674065 	2.920295 	0.673146 	0.485412 	0.536773 	3.240852 	0.485412 	0.127475 	1.942453 	0.325000 	2.763377 	1.365650 	2.888014 	3.112073 	0.728869 	2.476136 	1.957358 	0.230489 	1.471819 	0.237171 	0.291548 	0.883883 	0.425735 	3.237380 	0.522015 	1.676678 	2.600240 	1.104536 	2.766993 	0.950000 	0.477624 	1.027740 	3.045694 	1.029866 	1.976424 	1.937298 	1.151086 	3.051639 	
2.622261 	2.603483 	2.583118 	2.655419 	0.985203 	2.545830 	1.137157 	3.111772 	1.546367 	0.215058 	2.616534 	0.167705 	2.846599 	9.000000 	0.103078 	0.206155 	0.707107 	2.202271 	2.460183 	2.343075 	0.460977 	2.448724 	2.775901 	1.030776 	3.151587 	0.152069 	1.634205 	0.145774 	0.265754 	2.316382 	0.550568 	1.099147 	2.833946 	1.599414 	3.058697 	2.784892 	2.191603 	3.270417 	0.395285 	2.630233 	1.478386 	0.564026 	2.101934 	0.458939 	2.260669 	3.226840 	2.291970 	0.469707 	2.314357 	1.361295 	1.414214 	2.215993 	0.503115 	
2.538331 	2.519176 	2.497624 	2.570627 	0.890225 	2.458785 	1.040433 	3.030264 	1.450216 	0.125000 	2.527969 	0.070711 	2.759756 	0.103078 	9.000000 	0.103078 	0.765261 	2.120289 	2.380257 	2.260669 	0.564026 	2.356507 	2.687006 	0.929045 	3.066859 	0.070711 	1.535008 	0.152069 	0.355317 	2.220360 	0.450000 	0.996243 	2.742832 	1.498332 	2.969848 	2.692814 	2.094039 	3.182766 	0.477624 	2.535005 	1.375682 	0.474342 	2.001562 	0.390512 	2.161308 	3.134984 	2.191461 	0.460977 	2.213736 	1.258968 	1.311726 	2.114533 	0.491172 	
2.455860 	2.436314 	2.413504 	2.487217 	0.797261 	2.373025 	0.945053 	2.950106 	1.355083 	0.079057 	2.440543 	0.055902 	2.674065 	0.206155 	0.103078 	9.000000 	0.832166 	2.040221 	2.302173 	2.180023 	0.667083 	2.265226 	2.599159 	0.827647 	2.983287 	0.090139 	1.436358 	0.215058 	0.450694 	2.125000 	0.350892 	0.893378 	2.652593 	1.397542 	2.881948 	2.601562 	1.997029 	3.096066 	0.566789 	2.440415 	1.273038 	0.391312 	1.901480 	0.340037 	2.062311 	3.043846 	2.091202 	0.475000 	2.113350 	1.156774 	1.209339 	2.013237 	0.500625 	
