UB = 820
M = 90

Distance:
999.000000 	21.587032 	83.737686 	17.720045 	58.008621 	29.732138 	17.262676 	78.517517 	111.220505 	86.313385 	27.730848 	83.450584 	27.658634 	6.403124 	4.472136 	25.455845 	31.112698 	15.231546 	22.203604 	80.622574 	108.811768 	35.171009 	102.449989 	60.207973 	90.553848 	22.561028 	77.103828 	85.562843 	30.066593 	31.064449 	33.241539 	34.365681 	80.808418 	89.106674 	82.219215 	30.594116 	32.249031 	84.646324 	34.132095 	33.376640 	32.756680 	32.984844 	38.118237 	32.893768 	36.496574 	37.656342 	37.107952 	40.496914 	43.829212 	45.650848 	46.141087 	45.486263 	44.687805 	46.872166 	46.615448 	46.010868 	48.414875 	49.040798 	58.463665 	61.351448 	60.539242 	61.098282 	62.936478 	62.649822 	65.000000 	66.128662 	66.483078 	68.949257 	
21.587032 	999.000000 	67.601776 	34.058773 	78.390053 	8.602325 	32.557640 	61.587337 	96.664368 	69.339745 	8.062258 	66.287254 	6.082763 	17.000000 	25.961510 	13.341664 	17.029387 	36.687874 	8.062258 	63.007935 	93.477272 	13.601471 	86.452301 	79.881165 	73.498299 	10.049875 	97.616600 	68.007355 	9.486833 	10.440307 	12.041595 	13.000000 	62.481998 	71.400284 	63.890530 	14.212670 	14.212670 	65.795135 	15.264338 	15.620500 	16.278820 	17.029387 	18.788294 	18.867962 	18.601076 	20.000000 	20.518284 	29.966648 	33.541019 	33.015148 	33.837849 	34.481880 	36.400551 	35.846897 	36.235340 	38.275318 	38.910152 	39.812057 	40.249222 	44.654228 	44.821869 	45.000000 	45.793011 	47.507893 	49.203659 	49.648766 	50.219517 	52.153618 	
83.737686 	67.601776 	999.000000 	100.209778 	140.730240 	59.933296 	99.045441 	7.000000 	29.832869 	5.099020 	59.539902 	5.656854 	63.976559 	77.336922 	87.863533 	58.412327 	52.801514 	97.590981 	74.249580 	8.944272 	26.000000 	58.523499 	18.867962 	143.586212 	8.246211 	76.059189 	159.289047 	8.062258 	66.483078 	66.128662 	63.568859 	62.297672 	13.038404 	10.198039 	12.806249 	74.000000 	71.470276 	16.278820 	69.921387 	72.124893 	74.330345 	75.286118 	68.883957 	78.447433 	72.277245 	73.006851 	75.186432 	88.294960 	90.801979 	87.132080 	88.119240 	90.426765 	95.126228 	91.241440 	92.395889 	97.082436 	95.351982 	96.337944 	77.058418 	84.095184 	87.022987 	86.052307 	83.216583 	90.049988 	89.202019 	87.367043 	88.362885 	87.692642 	
17.720045 	34.058773 	100.209778 	999.000000 	45.310043 	42.638012 	2.000000 	94.641426 	128.280945 	102.449989 	41.725292 	99.488693 	39.408119 	23.769728 	15.033297 	41.880783 	47.434166 	14.212670 	30.413813 	96.426140 	125.642349 	46.872166 	119.037811 	46.141087 	106.667709 	29.546574 	64.474800 	101.414986 	39.824615 	40.706264 	43.416588 	44.777225 	96.208107 	104.890419 	97.621719 	36.687874 	39.217342 	99.704567 	41.436699 	39.849716 	38.327538 	38.078865 	45.221676 	36.496574 	42.449970 	43.174065 	41.773197 	39.319206 	41.773197 	45.276924 	45.398239 	43.737854 	40.804413 	44.911022 	44.147480 	41.436699 	44.922153 	45.221676 	62.128899 	63.071388 	61.294373 	62.201286 	65.030762 	62.649822 	65.490456 	67.268120 	67.364677 	70.256676 	
58.008621 	78.390053 	140.730240 	45.310043 	999.000000 	86.954010 	47.169907 	135.948517 	166.712326 	143.683685 	85.440041 	140.929062 	84.118965 	64.202805 	53.600372 	83.240616 	88.865067 	43.278172 	75.643906 	138.293167 	164.939377 	91.706055 	159.113174 	6.324555 	147.922272 	74.846512 	19.235384 	143.178207 	85.000000 	85.906929 	88.566360 	89.899948 	138.683090 	146.754898 	140.089264 	81.932899 	84.504440 	142.611359 	86.729462 	85.094063 	83.486526 	83.168503 	90.476517 	81.320351 	87.595665 	88.232651 	86.683334 	81.884064 	83.486526 	87.823685 	87.692642 	85.475143 	81.154175 	86.371292 	85.287750 	81.055534 	85.094063 	85.052925 	106.099007 	105.929222 	103.585716 	104.690018 	108.046288 	104.307236 	107.377838 	109.553642 	109.457756 	112.538879 	
29.732138 	8.602325 	59.933296 	42.638012 	86.954010 	999.000000 	41.109608 	53.712196 	89.319649 	61.400326 	3.605551 	58.309521 	4.123106 	24.515301 	34.176014 	12.806249 	13.416408 	44.944408 	14.317822 	54.918121 	85.906929 	6.082763 	78.714676 	88.481636 	65.513359 	16.155495 	106.174385 	59.908264 	8.246211 	8.544003 	7.810250 	7.810250 	54.203320 	63.245552 	55.605755 	16.124516 	14.560220 	57.384666 	14.317822 	15.811388 	17.464249 	18.439089 	16.401220 	21.213203 	17.888544 	19.235384 	20.615528 	32.557640 	35.902645 	34.176014 	35.114101 	36.400551 	39.458839 	37.643059 	38.327538 	41.436699 	41.231056 	42.201897 	37.013512 	42.426407 	43.278172 	43.185646 	43.185646 	46.227695 	47.423622 	47.381432 	48.083260 	49.578220 	
17.262676 	32.557640 	99.045441 	2.000000 	47.169907 	41.109608 	999.000000 	93.407707 	127.263504 	101.212646 	40.311287 	98.234413 	37.802116 	23.086792 	15.033297 	40.816662 	46.324940 	15.556349 	28.653097 	95.131485 	124.555206 	45.221676 	117.889778 	47.885281 	105.422958 	27.730848 	66.309875 	100.124924 	38.078865 	38.948685 	41.677334 	43.046486 	94.847244 	103.585716 	96.260063 	34.785053 	37.336308 	98.290382 	39.560081 	37.947330 	36.400551 	36.138622 	43.324360 	34.525352 	40.521599 	41.231056 	39.812057 	37.336308 	39.812057 	43.289722 	43.416588 	41.773197 	38.897301 	42.953465 	42.201897 	39.560081 	43.011627 	43.324360 	60.133186 	61.073727 	59.304298 	60.207973 	63.031738 	60.671246 	63.505905 	65.276337 	65.375839 	68.264191 	
78.517517 	61.587337 	7.000000 	94.641426 	135.948517 	53.712196 	93.407707 	999.000000 	36.674240 	7.810250 	53.535034 	5.000000 	57.706154 	72.138756 	82.734512 	53.075417 	47.423622 	92.698433 	68.000000 	4.123106 	32.572994 	52.000000 	25.079872 	138.600143 	12.041595 	69.771057 	154.673843 	7.615773 	60.008331 	59.615433 	57.008770 	55.713554 	8.062258 	11.180340 	8.544003 	67.416618 	64.845970 	12.649111 	63.245552 	65.459915 	67.675697 	68.622154 	62.096699 	71.784401 	65.520988 	66.219330 	68.410522 	81.492332 	83.952370 	80.230919 	81.215759 	83.546394 	88.294960 	84.344528 	85.510231 	90.244110 	88.459030 	89.442719 	70.064255 	77.103828 	80.024994 	79.056938 	76.236473 	83.054199 	82.219215 	80.399002 	81.394104 	80.752708 	
111.220505 	96.664368 	29.832869 	128.280945 	166.712326 	89.319649 	127.263504 	36.674240 	999.000000 	30.066593 	88.639717 	33.136082 	93.407707 	104.847511 	115.108643 	86.452301 	81.006172 	124.201447 	103.619499 	37.121422 	5.830952 	88.232651 	13.341664 	170.073517 	27.018513 	105.475113 	184.718704 	33.000000 	96.135323 	95.817535 	93.300591 	92.048897 	40.000000 	31.144823 	39.012817 	103.740059 	101.242287 	40.311287 	99.724625 	101.921539 	104.120125 	105.080925 	98.716766 	108.240471 	102.107788 	102.839684 	105.019043 	118.127052 	120.619232 	116.901665 	117.885536 	120.220627 	124.951988 	121.016525 	122.184288 	126.905479 	125.131927 	126.115028 	106.075447 	113.039818 	116.107712 	115.069542 	112.004463 	119.067207 	118.004234 	116.004311 	117.004272 	116.068947 	
86.313385 	69.339745 	5.099020 	102.449989 	143.683685 	61.400326 	101.212646 	7.810250 	30.066593 	999.000000 	61.294373 	3.162278 	65.368187 	79.931221 	90.520714 	60.876926 	55.226807 	100.448990 	75.663727 	7.071068 	25.495098 	59.506302 	17.720045 	146.372818 	4.242640 	77.414467 	162.373032 	3.605551 	67.542580 	67.119293 	64.474800 	63.158531 	10.198039 	5.099020 	9.486833 	74.846512 	72.235725 	12.206555 	70.576202 	72.801102 	75.026665 	75.960518 	69.260376 	79.120163 	72.732384 	73.375748 	75.584389 	88.600227 	90.956032 	87.097649 	88.073830 	90.470993 	95.336250 	91.219513 	92.417534 	97.267670 	95.341492 	96.317184 	76.026314 	83.006027 	86.052307 	85.023529 	82.006096 	89.022469 	88.005684 	86.052307 	87.051712 	86.209045 	
27.730848 	8.062258 	59.539902 	41.725292 	85.440041 	3.605551 	40.311287 	53.535034 	88.639717 	61.294373 	999.000000 	58.249462 	6.324555 	22.135944 	32.202484 	9.219544 	10.440307 	42.953465 	15.297058 	55.000000 	85.422478 	9.486833 	78.390053 	87.200920 	65.459915 	17.262676 	104.623131 	60.000000 	11.180340 	11.661903 	11.313708 	11.401754 	54.561890 	63.411354 	55.973209 	18.681541 	17.464249 	57.982758 	17.492855 	18.788294 	20.248457 	21.189621 	19.849434 	23.769728 	21.095022 	22.472204 	23.706539 	35.171009 	38.600517 	37.161808 	38.078865 	39.217342 	41.976185 	40.496914 	41.109608 	43.931767 	43.965897 	44.922153 	40.607880 	45.967381 	46.754681 	46.690472 	46.754681 	49.678970 	50.931328 	50.931328 	51.623638 	53.150730 	
83.450584 	66.287254 	5.656854 	99.488693 	140.929062 	58.309521 	98.234413 	5.000000 	33.136082 	3.162278 	58.249462 	999.000000 	62.265560 	77.077881 	87.681244 	58.000000 	52.345009 	97.672920 	72.560318 	4.000000 	28.635643 	56.364883 	20.880613 	143.558350 	7.211102 	74.303429 	159.665268 	3.000000 	64.404968 	63.976559 	61.326992 	60.008331 	7.615773 	6.324555 	7.211102 	71.693794 	69.079666 	10.630146 	67.416618 	69.641945 	71.867935 	72.801102 	66.098412 	75.960518 	69.570107 	70.213959 	72.422371 	85.440041 	87.800911 	83.952370 	84.929382 	87.321243 	92.179176 	88.073830 	89.269257 	94.111633 	92.195442 	93.171883 	73.006851 	80.000000 	83.024094 	82.006096 	79.025314 	86.005814 	85.023529 	83.096329 	84.095184 	83.294655 	
27.658634 	6.082763 	63.976559 	39.408119 	84.118965 	4.123106 	37.802116 	57.706154 	93.407707 	65.368187 	6.324555 	62.265560 	999.000000 	23.021729 	32.015621 	15.000000 	16.763054 	42.720020 	10.295630 	58.830265 	89.961105 	7.615773 	82.734512 	85.440041 	69.462219 	12.083046 	103.353760 	63.812225 	5.000000 	5.656854 	6.324555 	7.071068 	58.008621 	67.119293 	59.405388 	12.369317 	11.180340 	61.073727 	11.401754 	12.529964 	13.928389 	14.866069 	14.212670 	17.464249 	15.000000 	16.401220 	17.492855 	28.861740 	32.280025 	30.870699 	31.780497 	32.893768 	35.693138 	34.176014 	34.785053 	37.656342 	37.643059 	38.600517 	35.510563 	40.459858 	41.012192 	41.036568 	41.400482 	43.863426 	45.276924 	45.453274 	46.097721 	47.801674 	
6.403124 	17.000000 	77.336922 	23.769728 	64.202805 	24.515301 	23.086792 	72.138756 	104.847511 	79.931221 	22.135944 	77.077881 	23.021729 	999.000000 	10.630146 	19.104973 	24.758837 	21.095022 	19.697716 	74.276512 	102.415817 	30.265491 	96.046867 	66.528191 	84.172440 	20.591261 	83.234612 	79.208588 	26.172504 	27.166155 	29.017237 	30.000000 	74.518456 	82.758682 	75.927597 	28.231188 	29.410883 	78.409180 	31.048349 	30.675724 	30.463093 	30.870699 	34.928497 	31.384710 	33.837849 	35.114101 	34.928497 	40.360870 	43.863426 	45.000000 	45.607018 	45.343136 	45.343136 	46.754681 	46.690472 	46.861500 	48.795490 	49.517673 	55.973209 	59.506302 	59.059292 	59.481091 	60.926186 	61.400326 	63.529522 	64.404968 	64.845970 	67.119293 	
4.472136 	25.961510 	87.863533 	15.033297 	53.600372 	34.176014 	15.033297 	82.734512 	115.108643 	90.520714 	32.202484 	87.681244 	32.015621 	10.630146 	999.000000 	29.732138 	35.383614 	10.770329 	26.019224 	84.899940 	112.800713 	39.560081 	106.526993 	55.901699 	94.762863 	26.172504 	72.670486 	89.827614 	34.234486 	35.227829 	37.483330 	38.639359 	85.146935 	93.380943 	86.556343 	34.234486 	36.055511 	89.022469 	38.013157 	37.121422 	36.345562 	36.496574 	42.011902 	36.138622 	40.199501 	41.303753 	40.607880 	42.941822 	46.141087 	48.332184 	48.754486 	47.885281 	46.615448 	49.244289 	48.877399 	47.801674 	50.477718 	51.039200 	61.983868 	64.560051 	63.568859 	64.195015 	66.219330 	65.551506 	68.007355 	69.260376 	69.570107 	72.124893 	
25.455845 	13.341664 	58.412327 	41.880783 	83.240616 	12.806249 	40.816662 	53.075417 	86.452301 	60.876926 	9.219544 	58.000000 	15.000000 	19.104973 	29.732138 	999.000000 	5.656854 	40.000000 	21.377558 	55.172459 	83.761566 	18.357559 	77.201035 	85.632935 	65.115280 	23.345236 	102.200783 	60.108234 	20.000000 	20.615528 	20.518284 	20.615528 	55.443665 	63.655323 	56.850681 	26.832815 	26.076809 	59.405388 	26.400757 	27.459061 	28.653097 	29.529646 	29.000000 	31.780497 	30.000000 	31.400637 	32.449963 	43.081318 	46.615448 	45.650848 	46.529560 	47.423622 	49.648766 	48.754486 	49.244289 	51.546097 	52.000000 	52.924473 	49.819675 	55.172459 	55.901699 	55.865910 	55.973209 	58.796257 	60.108234 	60.141499 	60.827625 	62.369865 	
31.112698 	17.029387 	52.801514 	47.434166 	88.865067 	13.416408 	46.324940 	47.423622 	81.006172 	55.226807 	10.440307 	52.345009 	16.763054 	24.758837 	35.383614 	5.656854 	999.000000 	45.607018 	25.000000 	49.517673 	78.230431 	17.691807 	71.610054 	91.285271 	59.464275 	27.000000 	107.800743 	54.451813 	21.540659 	21.931713 	21.095022 	20.808653 	49.819675 	58.000000 	51.224995 	29.120440 	27.856777 	53.823788 	27.730848 	29.154760 	30.675724 	31.622776 	29.681644 	34.205261 	31.304953 	32.649654 	34.014702 	45.607018 	49.040798 	47.539455 	48.466484 	49.648766 	52.392746 	50.921509 	51.546097 	54.341511 	54.405884 	55.362442 	49.497475 	55.317268 	56.400356 	56.222771 	55.901699 	59.405388 	60.440052 	60.207973 	60.959003 	62.241467 	
15.231546 	36.687874 	97.590981 	14.212670 	43.278172 	44.944408 	15.556349 	92.698433 	124.201447 	100.448990 	42.953465 	97.672920 	42.720020 	21.095022 	10.770329 	40.000000 	45.607018 	999.000000 	36.124783 	95.015785 	122.147453 	50.289165 	116.103401 	46.010868 	104.690018 	36.013885 	62.201286 	99.904953 	44.721359 	45.705578 	48.052055 	49.244289 	95.425362 	103.479469 	96.829750 	44.000000 	46.043457 	99.403221 	48.093658 	47.010635 	46.010868 	46.043457 	52.086468 	45.276924 	50.000000 	51.009804 	50.089920 	50.596443 	53.488316 	56.320511 	56.612720 	55.362442 	53.225933 	56.648037 	56.080299 	54.120235 	57.271286 	57.697487 	71.344238 	73.348480 	72.034714 	72.780495 	75.133217 	73.763138 	76.400261 	77.878113 	78.102493 	80.808418 	
22.203604 	8.062258 	74.249580 	30.413813 	75.643906 	14.317822 	28.653097 	68.000000 	103.619499 	75.663727 	15.297058 	72.560318 	10.295630 	19.697716 	26.019224 	21.377558 	25.000000 	36.124783 	999.000000 	69.115845 	100.224747 	16.970562 	93.021500 	76.537575 	79.755875 	2.000000 	94.847244 	74.094536 	9.433981 	10.295630 	13.038404 	14.422205 	68.242218 	77.388626 	69.634758 	8.544003 	10.049875 	71.217972 	12.000000 	11.180340 	10.770329 	11.180340 	16.000000 	12.041595 	14.317822 	15.524175 	15.231546 	22.472204 	26.076809 	26.172504 	26.907248 	27.202942 	28.635643 	28.600698 	28.844410 	30.463093 	31.384710 	32.249031 	36.400551 	39.812057 	39.446167 	39.824615 	41.231056 	41.880783 	43.908997 	44.721359 	45.177429 	47.423622 	
80.622574 	63.007935 	8.944272 	96.426140 	138.293167 	54.918121 	95.131485 	4.123106 	37.121422 	7.071068 	55.000000 	4.000000 	58.830265 	74.276512 	84.899940 	55.172459 	49.517673 	95.015785 	69.115845 	999.000000 	32.557640 	52.773098 	24.738634 	140.801285 	10.770329 	70.830788 	157.114609 	5.000000 	60.827625 	60.373837 	57.697487 	56.364883 	4.242640 	8.485281 	4.472136 	68.029404 	65.391129 	8.544003 	63.694584 	65.924202 	68.154236 	69.079666 	62.297672 	72.235725 	65.787537 	66.407829 	68.622154 	81.608826 	83.934502 	80.049988 	81.024689 	83.432610 	88.323273 	84.172440 	85.375641 	90.249657 	88.294960 	89.269257 	69.007248 	76.000000 	79.025314 	78.006409 	75.026665 	82.006096 	81.024689 	79.101204 	80.099937 	79.309517 	
108.811768 	93.477272 	26.000000 	125.642349 	164.939377 	85.906929 	124.555206 	32.572994 	5.830952 	25.495098 	85.422478 	28.635643 	89.961105 	102.415817 	112.800713 	83.761566 	78.230431 	122.147453 	100.224747 	32.557640 	999.000000 	84.504440 	8.000000 	168.121979 	22.090721 	102.044106 	183.152939 	28.160255 	92.477028 	92.114059 	89.537704 	88.255310 	35.128338 	26.000000 	34.058773 	99.959991 	97.406364 	35.057095 	95.817535 	98.030609 	100.244698 	101.192886 	94.641426 	104.355164 	98.081596 	98.762344 	100.960388 	114.017540 	116.417351 	112.587746 	113.564957 	115.952576 	120.784935 	116.709038 	117.902504 	122.723267 	120.830460 	121.807228 	101.242287 	108.166542 	111.287918 	110.222504 	107.074738 	114.214706 	113.070778 	111.018013 	112.017853 	111.004501 	
35.171009 	13.601471 	58.523499 	46.872166 	91.706055 	6.082763 	45.221676 	52.000000 	88.232651 	59.506302 	9.486833 	56.364883 	7.615773 	30.265491 	39.560081 	18.357559 	17.691807 	50.289165 	16.970562 	52.773098 	84.504440 	999.000000 	77.077881 	92.962357 	63.505905 	18.439089 	110.941429 	57.706154 	8.062258 	7.615773 	5.099020 	4.000000 	51.623638 	60.901562 	53.000000 	15.524175 	13.152946 	54.405884 	12.000000 	14.035668 	16.124516 	17.117243 	12.649111 	20.223749 	15.132746 	16.278820 	18.110771 	31.000000 	34.058773 	31.575306 	32.557640 	34.234486 	38.000000 	35.355339 	36.221542 	40.000000 	39.204590 	40.199501 	31.827662 	37.643059 	38.832977 	38.600517 	38.209946 	41.880783 	42.801868 	42.520584 	43.278172 	44.553337 	
102.449989 	86.452301 	18.867962 	119.037811 	159.113174 	78.714676 	117.889778 	25.079872 	13.341664 	17.720045 	78.390053 	20.880613 	82.734512 	96.046867 	106.526993 	77.201035 	71.610054 	116.103401 	93.021500 	24.738634 	8.000000 	77.077881 	999.000000 	162.114151 	14.142136 	94.810333 	177.519012 	20.223749 	85.088188 	84.693565 	82.079231 	80.777473 	27.166155 	18.000000 	26.076809 	92.477028 	89.888817 	27.073973 	88.255310 	90.476517 	92.698433 	93.637596 	86.977005 	96.798759 	90.443352 	91.093361 	93.300591 	106.320274 	108.669220 	104.785492 	105.759163 	108.171158 	113.053085 	108.908218 	110.113579 	114.982605 	113.030968 	114.004387 	93.263069 	100.179840 	103.310211 	102.239914 	99.080772 	106.230881 	105.076164 	103.019417 	104.019226 	103.004852 	
60.207973 	79.881165 	143.586212 	46.141087 	6.324555 	88.481636 	47.885281 	138.600143 	170.073517 	146.372818 	87.200920 	143.558350 	85.440041 	66.528191 	55.901699 	85.632935 	91.285271 	46.010868 	76.537575 	140.801285 	168.121979 	92.962357 	162.114151 	999.000000 	150.615402 	75.591003 	19.235384 	145.725769 	85.959290 	86.833176 	89.554451 	90.917542 	141.014191 	149.281616 	142.425415 	82.346825 	85.000000 	144.810226 	87.235313 	85.492691 	83.773506 	83.384651 	90.873535 	81.344948 	87.846458 	88.391174 	86.729462 	81.024689 	82.377182 	86.884979 	86.683334 	84.344528 	79.762146 	85.158676 	84.011902 	79.511009 	83.600243 	83.486526 	105.513031 	104.923782 	102.420700 	103.576057 	107.079407 	102.956299 	106.066017 	108.342049 	108.189651 	111.305885 	
90.553848 	73.498299 	8.246211 	106.667709 	147.922272 	65.513359 	105.422958 	12.041595 	27.018513 	4.242640 	65.459915 	7.211102 	69.462219 	84.172440 	94.762863 	65.115280 	59.464275 	104.690018 	79.755875 	10.770329 	22.090721 	63.505905 	14.142136 	150.615402 	999.000000 	81.492332 	166.604324 	6.082763 	71.554176 	71.112587 	68.447060 	67.119293 	13.038404 	4.472136 	12.000000 	78.790863 	76.157730 	13.601471 	74.464760 	76.694199 	78.924011 	79.849861 	73.054771 	83.006027 	76.550636 	77.162170 	79.378838 	92.347168 	94.641426 	90.708321 	91.678787 	94.111633 	99.040398 	94.831429 	96.046867 	100.960388 	98.954536 	99.924973 	79.158073 	86.092972 	89.202019 	88.141930 	85.023529 	92.135773 	91.021973 	89.000000 	90.000000 	89.050545 	
22.561028 	10.049875 	76.059189 	29.546574 	74.846512 	16.155495 	27.730848 	69.771057 	105.475113 	77.414467 	17.262676 	74.303429 	12.083046 	20.591261 	26.172504 	23.345236 	27.000000 	36.013885 	2.000000 	70.830788 	102.044106 	18.439089 	94.810333 	75.591003 	81.492332 	999.000000 	94.021271 	75.802376 	10.630146 	11.401754 	14.212670 	15.620500 	69.892776 	79.075912 	71.281136 	8.062258 	10.049875 	72.801102 	12.165525 	11.000000 	10.198039 	10.440307 	16.124516 	10.816654 	14.035668 	15.132746 	14.560220 	20.808653 	24.413111 	24.758837 	25.455845 	25.612497 	26.832815 	27.018513 	27.202942 	28.635643 	29.681644 	30.528675 	35.902645 	39.000000 	38.470768 	38.910152 	40.496914 	40.816662 	42.941822 	43.863426 	44.283180 	46.615448 	
77.103828 	97.616600 	159.289047 	64.474800 	19.235384 	106.174385 	66.309875 	154.673843 	184.718704 	162.373032 	104.623131 	159.665268 	103.353760 	83.234612 	72.670486 	102.200783 	107.800743 	62.201286 	94.847244 	157.114609 	183.152939 	110.941429 	177.519012 	19.235384 	166.604324 	94.021271 	999.000000 	161.969131 	104.216118 	105.118980 	107.786827 	109.123779 	157.610275 	165.556641 	159.012573 	101.019798 	103.619499 	161.604462 	105.848946 	104.177734 	102.528046 	102.181213 	109.562767 	100.244698 	106.625511 	107.224068 	105.621971 	100.224747 	101.607086 	106.099007 	105.905617 	103.576057 	98.994949 	104.393486 	103.247276 	98.731964 	102.825096 	102.703453 	124.663544 	124.149101 	121.655251 	122.808792 	126.301224 	122.188377 	125.299644 	127.577431 	127.424484 	130.541183 	
85.562843 	68.007355 	8.062258 	101.414986 	143.178207 	59.908264 	100.124924 	7.615773 	33.000000 	3.605551 	60.000000 	3.000000 	63.812225 	79.208588 	89.827614 	60.108234 	54.451813 	99.904953 	74.094536 	5.000000 	28.160255 	57.706154 	20.223749 	145.725769 	6.082763 	75.802376 	161.969131 	999.000000 	65.764732 	65.299309 	62.609905 	61.269894 	7.000000 	3.605551 	6.082763 	72.917763 	70.263786 	8.602325 	68.541962 	70.774292 	73.006851 	73.925636 	67.067131 	77.077881 	70.576202 	71.168816 	73.389374 	86.330757 	88.600227 	84.646324 	85.615417 	88.056801 	93.005379 	88.769363 	89.988892 	94.921021 	92.892410 	93.861603 	73.109505 	80.056229 	83.150467 	82.097504 	79.006332 	86.092972 	85.005882 	83.006027 	84.005951 	83.096329 	
30.066593 	9.486833 	66.483078 	39.824615 	85.000000 	8.246211 	38.078865 	60.008331 	96.135323 	67.542580 	11.180340 	64.404968 	5.000000 	26.172504 	34.234486 	20.000000 	21.540659 	44.721359 	9.433981 	60.827625 	92.477028 	8.062258 	85.088188 	85.959290 	71.554176 	10.630146 	104.216118 	65.764732 	999.000000 	1.000000 	3.605551 	5.000000 	59.682495 	68.963760 	61.057350 	8.000000 	6.324555 	62.425957 	6.403124 	7.615773 	9.219544 	10.198039 	9.433981 	13.038404 	10.000000 	11.401754 	12.529964 	24.331051 	27.658634 	26.000000 	26.925823 	28.160255 	31.257000 	29.410883 	30.083218 	33.241539 	32.984844 	33.955853 	30.886890 	35.608986 	36.069378 	36.124783 	36.619667 	38.897301 	40.360870 	40.607880 	41.231056 	43.011627 	
31.064449 	10.440307 	66.128662 	40.706264 	85.906929 	8.544003 	38.948685 	59.615433 	95.817535 	67.119293 	11.661903 	63.976559 	5.656854 	27.166155 	35.227829 	20.615528 	21.931713 	45.705578 	10.295630 	60.373837 	92.114059 	7.615773 	84.693565 	86.833176 	71.112587 	11.401754 	105.118980 	65.299309 	1.000000 	999.000000 	2.828427 	4.242640 	59.169250 	68.476273 	60.539242 	8.062258 	6.082763 	61.854668 	5.830952 	7.280110 	9.055386 	10.049875 	8.602325 	13.000000 	9.433981 	10.816654 	12.083046 	24.186773 	27.459061 	25.632011 	26.570660 	27.892651 	31.144823 	29.120440 	29.832869 	33.136082 	32.756680 	33.734257 	30.016663 	34.828148 	35.355339 	35.383614 	35.805027 	38.209946 	39.623226 	39.824615 	40.459858 	42.201897 	
33.241539 	12.041595 	63.568859 	43.416588 	88.566360 	7.810250 	41.677334 	57.008770 	93.300591 	64.474800 	11.313708 	61.326992 	6.324555 	29.017237 	37.483330 	20.518284 	21.095022 	48.052055 	13.038404 	57.697487 	89.537704 	5.099020 	82.079231 	89.554451 	68.447060 	14.212670 	107.786827 	62.609905 	3.605551 	2.828427 	999.000000 	1.414214 	56.435802 	65.764732 	57.801384 	10.440307 	8.062258 	59.076221 	7.071068 	9.000000 	11.045361 	12.041595 	8.602325 	15.132746 	10.440307 	11.704700 	13.341664 	26.019224 	29.154760 	26.925823 	27.892651 	29.427877 	33.015148 	30.594116 	31.400637 	35.014282 	34.365681 	35.355339 	29.410883 	34.655445 	35.468296 	35.383614 	35.468296 	38.418747 	39.623226 	39.623226 	40.311287 	41.868843 	
34.365681 	13.000000 	62.297672 	44.777225 	89.899948 	7.810250 	43.046486 	55.713554 	92.048897 	63.158531 	11.401754 	60.008331 	7.071068 	30.000000 	38.639359 	20.615528 	20.808653 	49.244289 	14.422205 	56.364883 	88.255310 	4.000000 	80.777473 	90.917542 	67.119293 	15.620500 	109.123779 	61.269894 	5.000000 	4.242640 	1.414214 	999.000000 	55.072678 	64.412735 	56.435802 	11.704700 	9.219544 	57.688820 	8.000000 	10.049875 	12.165525 	13.152946 	8.944272 	16.278820 	11.180340 	12.369317 	14.142136 	27.000000 	30.066593 	27.658634 	28.635643 	30.265491 	34.000000 	31.400637 	32.249031 	36.000000 	35.227829 	36.221542 	29.206163 	34.655445 	35.608986 	35.468296 	35.383614 	38.600517 	39.698868 	39.597980 	40.311287 	41.773197 	
80.808418 	62.481998 	13.038404 	96.208107 	138.683090 	54.203320 	94.847244 	8.062258 	40.000000 	10.198039 	54.561890 	7.615773 	58.008621 	74.518456 	85.146935 	55.443665 	49.819675 	95.425362 	68.242218 	4.242640 	35.128338 	51.623638 	27.166155 	141.014191 	13.038404 	69.892776 	157.610275 	7.000000 	59.682495 	59.169250 	56.435802 	55.072678 	999.000000 	9.486833 	1.414214 	66.648331 	63.953106 	5.000000 	62.169125 	64.404968 	66.640831 	67.542580 	60.539242 	70.682388 	64.078079 	64.621979 	66.850578 	79.711983 	81.908485 	77.884529 	78.847954 	81.320351 	86.330757 	82.006096 	83.240616 	88.232651 	86.127815 	87.091904 	66.121101 	73.061615 	76.164299 	75.106590 	72.006943 	79.101204 	78.006409 	76.006577 	77.006493 	76.105194 	
89.106674 	71.400284 	10.198039 	104.890419 	146.754898 	63.245552 	103.585716 	11.180340 	31.144823 	5.099020 	63.411354 	6.324555 	67.119293 	82.758682 	93.380943 	63.655323 	58.000000 	103.479469 	77.388626 	8.485281 	26.000000 	60.901562 	18.000000 	149.281616 	4.472136 	79.075912 	165.556641 	3.605551 	68.963760 	68.476273 	65.764732 	64.412735 	9.486833 	999.000000 	8.246211 	76.026314 	73.348480 	9.219544 	71.589104 	73.824112 	76.059189 	76.967529 	70.007141 	80.112419 	73.539108 	74.094536 	76.321686 	89.196411 	91.394745 	87.361320 	88.323273 	90.801979 	95.817535 	91.482239 	92.720009 	97.718987 	95.603348 	96.566040 	75.325958 	82.219215 	85.375641 	84.291161 	81.098709 	88.277969 	87.091904 	85.023529 	86.023254 	85.005882 	
82.219215 	63.890530 	12.806249 	97.621719 	140.089264 	55.605755 	96.260063 	8.544003 	39.012817 	9.486833 	55.973209 	7.211102 	59.405388 	75.927597 	86.556343 	56.850681 	51.224995 	96.829750 	69.634758 	4.472136 	34.058773 	53.000000 	26.076809 	142.425415 	12.000000 	71.281136 	159.012573 	6.082763 	61.057350 	60.539242 	57.801384 	56.435802 	1.414214 	8.246211 	999.000000 	68.000000 	65.299309 	4.123106 	63.505905 	65.741920 	67.977936 	68.876701 	61.846584 	72.013885 	65.391129 	65.924202 	68.154236 	80.993828 	83.168503 	79.120163 	80.081207 	82.565125 	87.595665 	83.240616 	84.480766 	89.493019 	87.361320 	88.323273 	67.186310 	74.108032 	77.233414 	76.164299 	73.027390 	80.156097 	79.025314 	77.000000 	78.000000 	77.058418 	
30.594116 	14.212670 	74.000000 	36.687874 	81.932899 	16.124516 	34.785053 	67.416618 	103.740059 	74.846512 	18.681541 	71.693794 	12.369317 	28.231188 	34.234486 	26.832815 	29.120440 	44.000000 	8.544003 	68.029404 	99.959991 	15.524175 	92.477028 	82.346825 	78.790863 	8.062258 	101.019798 	72.917763 	8.000000 	8.062258 	10.440307 	11.704700 	66.648331 	76.026314 	68.000000 	999.000000 	2.828427 	69.115845 	5.000000 	3.162278 	2.236068 	2.828427 	8.544003 	5.099020 	6.000000 	7.071068 	6.708204 	16.492422 	19.924858 	18.867962 	19.723083 	20.615528 	23.345236 	21.931713 	22.472204 	25.317978 	25.298222 	26.248810 	27.892651 	31.304953 	31.064449 	31.384710 	32.695564 	33.600594 	35.510563 	36.235340 	36.715118 	38.910152 	
32.249031 	14.212670 	71.470276 	39.217342 	84.504440 	14.560220 	37.336308 	64.845970 	101.242287 	72.235725 	17.464249 	69.079666 	11.180340 	29.410883 	36.055511 	26.076809 	27.856777 	46.043457 	10.049875 	65.391129 	97.406364 	13.152946 	89.888817 	85.000000 	76.157730 	10.049875 	103.619499 	70.263786 	6.324555 	6.082763 	8.062258 	9.219544 	63.953106 	73.348480 	65.299309 	2.828427 	999.000000 	66.370171 	2.236068 	1.414214 	3.000000 	4.000000 	6.082763 	7.071068 	4.472136 	5.830952 	6.403124 	18.110771 	21.377558 	19.697716 	20.615528 	21.840330 	25.079872 	23.086792 	23.769728 	27.073973 	26.683329 	27.658634 	26.570660 	30.528675 	30.610456 	30.805843 	31.764761 	33.301651 	35.000000 	35.510563 	36.055511 	38.078865 	
84.646324 	65.795135 	16.278820 	99.704567 	142.611359 	57.384666 	98.290382 	12.649111 	40.311287 	12.206555 	57.982758 	10.630146 	61.073727 	78.409180 	89.022469 	59.405388 	53.823788 	99.403221 	71.217972 	8.544003 	35.057095 	54.405884 	27.073973 	144.810226 	13.601471 	72.801102 	161.604462 	8.602325 	62.425957 	61.854668 	59.076221 	57.688820 	5.000000 	9.219544 	4.123106 	69.115845 	66.370171 	999.000000 	64.498062 	66.730804 	68.963760 	69.835518 	62.609905 	72.945183 	66.189125 	66.640831 	68.876701 	81.541397 	83.570328 	79.378838 	80.324341 	82.873398 	88.022728 	83.486526 	84.758484 	89.888817 	87.595665 	88.543777 	66.610809 	73.437050 	76.655075 	75.538071 	72.249565 	79.511009 	78.230431 	76.105194 	77.103828 	76.006577 	
34.132095 	15.264338 	69.921387 	41.436699 	86.729462 	14.317822 	39.560081 	63.245552 	99.724625 	70.576202 	17.492855 	67.416618 	11.401754 	31.048349 	38.013157 	26.400757 	27.730848 	48.093658 	12.000000 	63.694584 	95.817535 	12.000000 	88.255310 	87.235313 	74.464760 	12.165525 	105.848946 	68.541962 	6.403124 	5.830952 	7.071068 	8.000000 	62.169125 	71.589104 	63.505905 	5.000000 	2.236068 	64.498062 	999.000000 	2.236068 	4.472136 	5.385165 	4.000000 	8.544003 	3.605551 	5.000000 	6.324555 	19.000000 	22.090721 	19.924858 	20.880613 	22.360680 	26.000000 	23.537205 	24.331051 	28.000000 	27.294687 	28.284271 	25.079872 	29.410883 	29.732138 	29.832869 	30.528675 	32.526913 	34.058773 	34.409302 	35.000000 	36.891735 	
33.376640 	15.620500 	72.124893 	39.849716 	85.094063 	15.811388 	37.947330 	65.459915 	101.921539 	72.801102 	18.788294 	69.641945 	12.529964 	30.675724 	37.121422 	27.459061 	29.154760 	47.010635 	11.180340 	65.924202 	98.030609 	14.035668 	90.476517 	85.492691 	76.694199 	11.000000 	104.177734 	70.774292 	7.615773 	7.280110 	9.000000 	10.049875 	64.404968 	73.824112 	65.741920 	3.162278 	1.414214 	66.730804 	2.236068 	999.000000 	2.236068 	3.162278 	5.385165 	6.324555 	3.162278 	4.472136 	5.000000 	17.029387 	20.223749 	18.384777 	19.313208 	20.615528 	24.020824 	21.840330 	22.561028 	26.019224 	25.495098 	26.476404 	25.298222 	29.154760 	29.206163 	29.410883 	30.413813 	31.890438 	33.600594 	34.132095 	34.669872 	36.715118 	
32.756680 	16.278820 	74.330345 	38.327538 	83.486526 	17.464249 	36.400551 	67.675697 	104.120125 	75.026665 	20.248457 	71.867935 	13.928389 	30.463093 	36.345562 	28.653097 	30.675724 	46.010868 	10.770329 	68.154236 	100.244698 	16.124516 	92.698433 	83.773506 	78.924011 	10.198039 	102.528046 	73.006851 	9.219544 	9.055386 	11.045361 	12.165525 	66.640831 	76.059189 	67.977936 	2.236068 	3.000000 	68.963760 	4.472136 	2.236068 	999.000000 	1.000000 	7.211102 	4.123106 	4.123106 	5.000000 	4.472136 	15.132746 	18.439089 	17.000000 	17.888544 	18.973665 	22.090721 	20.248457 	20.880613 	24.083189 	23.769728 	24.738634 	25.709921 	29.068884 	28.844410 	29.154760 	30.463093 	31.400637 	33.286633 	34.000000 	34.481880 	36.674240 	
32.984844 	17.029387 	75.286118 	38.078865 	83.168503 	18.439089 	36.138622 	68.622154 	105.080925 	75.960518 	21.189621 	72.801102 	14.866069 	30.870699 	36.496574 	29.529646 	31.622776 	46.043457 	11.180340 	69.079666 	101.192886 	17.117243 	93.637596 	83.384651 	79.849861 	10.440307 	102.181213 	73.925636 	10.198039 	10.049875 	12.041595 	13.152946 	67.542580 	76.967529 	68.876701 	2.828427 	4.000000 	69.835518 	5.385165 	3.162278 	1.000000 	999.000000 	7.810250 	3.162278 	4.472136 	5.099020 	4.123106 	14.142136 	17.464249 	16.124516 	17.000000 	18.027756 	21.095022 	19.313208 	19.924858 	23.086792 	22.803509 	23.769728 	25.495098 	28.635643 	28.301943 	28.653097 	30.083218 	30.805843 	32.756680 	33.541019 	34.000000 	36.249138 	
38.118237 	18.788294 	68.883957 	45.221676 	90.476517 	16.401220 	43.324360 	62.096699 	98.716766 	69.260376 	19.849434 	66.098412 	14.212670 	34.928497 	42.011902 	29.000000 	29.681644 	52.086468 	16.000000 	62.297672 	94.641426 	12.649111 	86.977005 	90.873535 	73.054771 	16.124516 	109.562767 	67.067131 	9.433981 	8.602325 	8.602325 	8.944272 	60.539242 	70.007141 	61.846584 	8.544003 	6.082763 	62.609905 	4.000000 	5.385165 	7.211102 	7.810250 	999.000000 	10.630146 	3.605551 	4.123106 	6.324555 	19.416489 	22.090721 	19.104973 	20.099751 	22.000000 	26.305893 	23.021729 	24.000000 	28.284271 	27.000000 	28.000000 	21.470911 	26.248810 	26.907248 	26.870058 	27.202942 	29.832869 	31.112698 	31.240999 	31.890438 	33.600594 	
32.893768 	18.867962 	78.447433 	36.496574 	81.320351 	21.213203 	34.525352 	71.784401 	108.240471 	79.120163 	23.769728 	75.960518 	17.464249 	31.384710 	36.138622 	31.780497 	34.205261 	45.276924 	12.041595 	72.235725 	104.355164 	20.223749 	96.798759 	81.344948 	83.006027 	10.816654 	100.244698 	77.077881 	13.038404 	13.000000 	15.132746 	16.278820 	70.682388 	80.112419 	72.013885 	5.099020 	7.071068 	72.945183 	8.544003 	6.324555 	4.123106 	3.162278 	10.630146 	999.000000 	7.071068 	7.211102 	5.385165 	11.401754 	14.866069 	14.212670 	15.000000 	15.652476 	18.248287 	17.000000 	17.464249 	20.223749 	20.248457 	21.189621 	26.076809 	28.460499 	27.730848 	28.231188 	30.083218 	30.016663 	32.202484 	33.241539 	33.615471 	36.055511 	
36.496574 	18.601076 	72.277245 	42.449970 	87.595665 	17.888544 	40.521599 	65.520988 	102.107788 	72.732384 	21.095022 	69.570107 	15.000000 	33.837849 	40.199501 	30.000000 	31.304953 	50.000000 	14.317822 	65.787537 	98.081596 	15.132746 	90.443352 	87.846458 	76.550636 	14.035668 	106.625511 	70.576202 	10.000000 	9.433981 	10.440307 	11.180340 	64.078079 	73.539108 	65.391129 	6.000000 	4.472136 	66.189125 	3.605551 	3.162278 	4.123106 	4.472136 	3.605551 	7.071068 	999.000000 	1.414214 	3.000000 	16.124516 	19.000000 	16.492422 	17.464249 	19.104973 	23.086792 	20.223749 	21.095022 	25.079872 	24.083189 	25.079872 	22.135944 	26.076809 	26.248810 	26.400757 	27.294687 	29.000000 	30.610456 	31.064449 	31.622776 	33.615471 	
37.656342 	20.000000 	73.006851 	43.174065 	88.232651 	19.235384 	41.231056 	66.219330 	102.839684 	73.375748 	22.472204 	70.213959 	16.401220 	35.114101 	41.303753 	31.400637 	32.649654 	51.009804 	15.524175 	66.407829 	98.762344 	16.278820 	91.093361 	88.391174 	77.162170 	15.132746 	107.224068 	71.168816 	11.401754 	10.816654 	11.704700 	12.369317 	64.621979 	74.094536 	65.924202 	7.071068 	5.830952 	66.640831 	5.000000 	4.472136 	5.000000 	5.099020 	4.123106 	7.211102 	1.414214 	999.000000 	2.236068 	15.297058 	18.027756 	15.297058 	16.278820 	18.027756 	22.203604 	19.104973 	20.024984 	24.186773 	23.021729 	24.020824 	20.880613 	24.698177 	24.839485 	25.000000 	25.942244 	27.586229 	29.206163 	29.681644 	30.232433 	32.249031 	
37.107952 	20.518284 	75.186432 	41.773197 	86.683334 	20.615528 	39.812057 	68.410522 	105.019043 	75.584389 	23.706539 	72.422371 	17.492855 	34.928497 	40.607880 	32.449963 	34.014702 	50.089920 	15.231546 	68.622154 	100.960388 	18.110771 	93.300591 	86.729462 	79.378838 	14.560220 	105.621971 	73.389374 	12.529964 	12.083046 	13.341664 	14.142136 	66.850578 	76.321686 	68.154236 	6.708204 	6.403124 	68.876701 	6.324555 	5.000000 	4.472136 	4.123106 	6.324555 	5.385165 	3.000000 	2.236068 	999.000000 	13.152946 	16.000000 	13.601471 	14.560220 	16.124516 	20.099751 	17.262676 	18.110771 	22.090721 	21.095022 	22.090721 	21.377558 	24.596748 	24.413111 	24.698177 	26.000000 	27.018513 	28.844410 	29.529646 	30.016663 	32.202484 	
40.496914 	29.966648 	88.294960 	39.319206 	81.884064 	32.557640 	37.336308 	81.492332 	118.127052 	88.600227 	35.171009 	85.440041 	28.861740 	40.360870 	42.941822 	43.081318 	45.607018 	50.596443 	22.472204 	81.608826 	114.017540 	31.000000 	106.320274 	81.024689 	92.347168 	20.808653 	100.224747 	86.330757 	24.331051 	24.186773 	26.019224 	27.000000 	79.711983 	89.196411 	80.993828 	16.492422 	18.110771 	81.541397 	19.000000 	17.029387 	15.132746 	14.142136 	19.416489 	11.401754 	16.124516 	15.297058 	13.152946 	999.000000 	3.605551 	6.000000 	6.082763 	5.000000 	7.000000 	6.403124 	6.403124 	9.000000 	8.944272 	9.848858 	24.698177 	24.083189 	22.022715 	23.000000 	26.172504 	23.345236 	26.172504 	28.017851 	28.071337 	31.016125 	
43.829212 	33.541019 	90.801979 	41.773197 	83.486526 	35.902645 	39.812057 	83.952370 	120.619232 	90.956032 	38.600517 	87.800911 	32.280025 	43.863426 	46.141087 	46.615448 	49.040798 	53.488316 	26.076809 	83.934502 	116.417351 	34.058773 	108.669220 	82.377182 	94.641426 	24.413111 	101.607086 	88.600227 	27.658634 	27.459061 	29.154760 	30.066593 	81.908485 	91.394745 	83.168503 	19.924858 	21.377558 	83.570328 	22.090721 	20.223749 	18.439089 	17.464249 	22.090721 	14.866069 	19.000000 	18.027756 	16.000000 	3.605551 	999.000000 	5.000000 	4.472136 	2.000000 	4.472136 	3.162278 	2.828427 	6.324555 	5.385165 	6.324555 	24.186773 	22.561028 	20.099751 	21.213203 	24.738634 	21.023796 	24.000000 	26.076809 	26.019224 	29.068884 	
45.650848 	33.015148 	87.132080 	45.276924 	87.823685 	34.176014 	43.289722 	80.230919 	116.901665 	87.097649 	37.161808 	83.952370 	30.870699 	45.000000 	48.332184 	45.650848 	47.539455 	56.320511 	26.172504 	80.049988 	112.587746 	31.575306 	104.785492 	86.884979 	90.708321 	24.758837 	106.099007 	84.646324 	26.000000 	25.632011 	26.925823 	27.658634 	77.884529 	87.361320 	79.120163 	18.867962 	19.697716 	79.378838 	19.924858 	18.384777 	17.000000 	16.124516 	19.104973 	14.212670 	16.492422 	15.297058 	13.601471 	6.000000 	5.000000 	999.000000 	1.000000 	3.605551 	9.219544 	4.123106 	5.385165 	10.816654 	8.246211 	9.219544 	19.235384 	18.110771 	16.031219 	17.000000 	20.223749 	17.464249 	20.223749 	22.022715 	22.090721 	25.019993 	
46.141087 	33.837849 	88.119240 	45.398239 	87.692642 	35.114101 	43.416588 	81.215759 	117.885536 	88.073830 	38.078865 	84.929382 	31.780497 	45.607018 	48.754486 	46.529560 	48.466484 	56.612720 	26.907248 	81.024689 	113.564957 	32.557640 	105.759163 	86.683334 	91.678787 	25.455845 	105.905617 	85.615417 	26.925823 	26.570660 	27.892651 	28.635643 	78.847954 	88.323273 	80.081207 	19.723083 	20.615528 	80.324341 	20.880613 	19.313208 	17.888544 	17.000000 	20.099751 	15.000000 	17.464249 	16.278820 	14.560220 	6.082763 	4.472136 	1.000000 	999.000000 	2.828427 	8.485281 	3.162278 	4.472136 	10.000000 	7.280110 	8.246211 	19.723083 	18.248287 	16.000000 	17.029387 	20.396078 	17.262676 	20.099751 	22.000000 	22.022715 	25.000000 	
45.486263 	34.481880 	90.426765 	43.737854 	85.475143 	36.400551 	41.773197 	83.546394 	120.220627 	90.470993 	39.217342 	87.321243 	32.893768 	45.343136 	47.885281 	47.423622 	49.648766 	55.362442 	27.202942 	83.432610 	115.952576 	34.234486 	108.171158 	84.344528 	94.111633 	25.612497 	103.576057 	88.056801 	28.160255 	27.892651 	29.427877 	30.265491 	81.320351 	90.801979 	82.565125 	20.615528 	21.840330 	82.873398 	22.360680 	20.615528 	18.973665 	18.027756 	22.000000 	15.652476 	19.104973 	18.027756 	16.124516 	5.000000 	2.000000 	3.605551 	2.828427 	999.000000 	5.656854 	1.414214 	2.000000 	7.211102 	5.000000 	6.000000 	22.472204 	20.615528 	18.110771 	19.235384 	22.803509 	19.026299 	22.000000 	24.083189 	24.020824 	27.073973 	
44.687805 	36.400551 	95.126228 	40.804413 	81.154175 	39.458839 	38.897301 	88.294960 	124.951988 	95.336250 	41.976185 	92.179176 	35.693138 	45.343136 	46.615448 	49.648766 	52.392746 	53.225933 	28.635643 	88.323273 	120.784935 	38.000000 	113.053085 	79.762146 	99.040398 	26.832815 	98.994949 	93.005379 	31.257000 	31.144823 	33.015148 	34.000000 	86.330757 	95.817535 	87.595665 	23.345236 	25.079872 	88.022728 	26.000000 	24.020824 	22.090721 	21.095022 	26.305893 	18.248287 	23.086792 	22.203604 	20.099751 	7.000000 	4.472136 	9.219544 	8.485281 	5.656854 	999.000000 	5.830952 	4.472136 	2.000000 	4.123106 	4.472136 	28.017851 	25.632011 	22.803509 	24.041630 	27.856777 	23.194826 	26.305893 	28.635643 	28.442924 	31.575306 	
