Total assets = 692
Number of asset nodes = 40

Distance:
999.000000 	46.872166 	39.204590 	27.166155 	94.154129 	116.387283 	122.429573 	78.924011 	12.369317 	74.000000 	127.349915 	57.428215 	43.289722 	58.215118 	72.567207 	33.615471 	25.495098 	22.472204 	62.128899 	110.639053 	116.811813 	88.887573 	50.635956 	24.083189 	104.278473 	115.104301 	58.137768 	71.344238 	127.640121 	77.929459 	117.834633 	100.304535 	49.335587 	130.919830 	137.003647 	59.682495 	101.513542 	62.393909 	46.097721 	118.532700 	78.313469 	126.051575 	117.170815 	49.769470 	41.231056 	65.620117 	133.689941 	45.486263 	34.785053 	39.051247 	113.088463 	76.006577 	129.495178 	48.877399 	
46.872166 	999.000000 	8.602325 	22.472204 	52.402290 	78.771820 	86.092972 	34.205261 	53.310413 	28.301943 	91.065910 	11.180340 	14.317822 	12.649111 	25.709921 	26.627054 	37.483330 	44.045429 	16.763054 	67.941154 	74.953316 	42.544094 	17.464249 	55.000000 	59.640591 	72.249565 	17.691807 	25.079872 	87.114868 	31.144823 	75.073296 	54.589375 	24.020824 	89.827614 	97.185387 	22.203604 	55.461697 	22.627417 	28.284271 	74.813103 	32.062439 	83.546394 	73.006851 	28.000000 	37.696156 	26.172504 	91.934761 	34.928497 	54.671749 	44.294468 	67.601776 	31.622776 	86.556343 	34.234486 	
39.204590 	8.602325 	999.000000 	13.892444 	60.827625 	86.838928 	94.031906 	42.801868 	44.944408 	36.891735 	99.020203 	18.248287 	9.848858 	19.026299 	33.837849 	18.788294 	29.000000 	35.468296 	23.000000 	76.485291 	83.450584 	50.990196 	16.278820 	46.400433 	68.242218 	80.808418 	20.615528 	32.140316 	95.524864 	38.832977 	83.630135 	63.134777 	20.615528 	98.290382 	105.550934 	23.853722 	63.953106 	25.495098 	23.194826 	83.408630 	39.115215 	92.097771 	81.608826 	24.041630 	30.805843 	29.068884 	100.448990 	29.017237 	46.400433 	36.769554 	76.157730 	37.336308 	95.131485 	29.154760 	
27.166155 	22.472204 	13.892444 	999.000000 	74.276512 	99.639351 	106.606750 	56.612720 	31.320919 	50.774010 	111.606453 	31.622776 	16.124516 	32.015621 	47.539455 	10.770329 	16.124516 	21.931713 	35.693138 	90.138779 	97.000000 	64.845970 	23.537205 	32.649654 	82.097504 	94.493385 	31.016125 	45.122055 	108.894447 	52.201534 	97.308784 	77.025970 	23.323807 	111.758667 	118.827606 	32.557640 	77.826729 	35.227829 	21.931713 	97.200821 	51.971146 	105.759163 	95.441078 	24.839485 	23.537205 	38.470768 	114.021927 	24.596748 	34.000000 	27.073973 	90.049988 	49.040798 	108.853111 	26.627054 	
94.154129 	52.402290 	60.827625 	74.276512 	999.000000 	28.160255 	36.138622 	19.697716 	103.227905 	26.400757 	40.804413 	47.507893 	65.215027 	48.764740 	34.481880 	78.873314 	89.827614 	96.176918 	47.927029 	16.552946 	22.803509 	22.360680 	64.007812 	106.887794 	14.866069 	21.023796 	56.859474 	42.201897 	34.713108 	36.221542 	23.706539 	18.384777 	71.589104 	37.483330 	44.821869 	61.098282 	21.213203 	58.189346 	77.524193 	25.000000 	41.109608 	31.906113 	24.331051 	75.591003 	88.752464 	59.203041 	39.824615 	84.723076 	107.056061 	96.020828 	24.738634 	49.254440 	35.355339 	82.764725 	
116.387283 	78.771820 	86.838928 	99.639351 	28.160255 	999.000000 	8.062258 	47.759815 	126.621483 	54.424259 	12.649111 	75.153175 	92.282173 	76.557167 	62.641838 	105.394501 	115.602768 	121.511314 	75.960518 	21.189621 	16.401220 	49.162994 	91.706055 	131.795303 	32.557640 	21.095022 	84.864601 	70.342018 	15.033297 	64.132675 	20.615528 	40.311287 	99.317673 	19.026299 	21.540659 	89.196411 	42.579338 	86.330757 	105.095192 	25.612497 	68.883957 	21.470911 	28.017851 	103.368271 	115.974136 	87.361320 	23.086792 	112.254173 	133.221619 	122.967476 	36.674240 	77.103828 	25.079872 	110.494347 	
122.429573 	86.092972 	94.031906 	106.606750 	36.138622 	8.062258 	999.000000 	55.659679 	132.943604 	62.297672 	5.000000 	82.855293 	99.764725 	84.308952 	70.604530 	112.680969 	122.641754 	128.405609 	83.815269 	28.635643 	22.847319 	57.218880 	99.403221 	138.538803 	40.311287 	27.856777 	92.698433 	78.339005 	16.643316 	72.180328 	26.832815 	48.166378 	107.018692 	20.124611 	19.000000 	97.082436 	50.358715 	94.254974 	112.729767 	31.764761 	76.941536 	25.455845 	34.438351 	111.085556 	123.470642 	95.336250 	24.166092 	119.866592 	140.346008 	130.361038 	43.657761 	85.158676 	28.425341 	118.186295 	
78.924011 	34.205261 	42.801868 	56.612720 	19.697716 	47.759815 	55.659679 	999.000000 	86.833176 	6.708204 	60.406952 	28.017851 	46.097721 	29.154760 	15.132746 	60.108234 	71.589104 	78.243210 	28.231188 	33.970577 	41.231056 	12.649111 	44.418465 	89.202019 	25.553865 	38.183765 	37.161808 	23.086792 	53.823788 	18.439089 	41.012192 	21.587032 	51.971146 	56.222771 	64.070274 	41.436699 	23.194826 	38.600517 	57.982758 	40.607880 	23.537205 	49.497475 	38.832977 	55.946404 	69.404610 	39.812057 	58.051701 	65.192024 	88.391174 	76.837494 	34.176014 	31.144823 	52.402290 	63.134777 	
12.369317 	53.310413 	44.944408 	31.320919 	103.227905 	126.621483 	132.943604 	86.833176 	999.000000 	81.394104 	137.902145 	62.936478 	46.529560 	63.324562 	78.771820 	34.014702 	22.561028 	16.552946 	66.940269 	119.540787 	126.015869 	95.854057 	53.150730 	13.000000 	112.378822 	123.975807 	61.522354 	76.400261 	137.277100 	83.522453 	126.751724 	107.786827 	50.089920 	140.417236 	146.863876 	62.072536 	108.747414 	65.192024 	45.541191 	127.094452 	83.198555 	135.092560 	125.538841 	49.497475 	37.696156 	68.066147 	143.003494 	43.011627 	25.238859 	33.286633 	120.747673 	79.762146 	138.397980 	46.840153 	
74.000000 	28.301943 	36.891735 	50.774010 	26.400757 	54.424259 	62.297672 	6.708204 	81.394104 	999.000000 	67.067131 	21.400934 	39.623226 	22.472204 	9.055386 	53.758720 	65.436989 	72.201111 	21.540659 	40.459858 	47.801674 	15.132746 	37.735924 	83.234612 	31.400637 	44.598206 	30.463093 	17.029387 	60.464867 	13.892444 	47.423622 	26.400757 	45.276924 	62.801273 	70.724815 	34.785053 	27.513634 	32.015621 	51.312767 	46.754681 	18.788294 	55.901699 	44.821869 	49.244289 	62.801273 	33.376640 	64.536812 	58.523499 	82.036575 	70.292244 	39.357338 	25.709921 	58.694122 	56.435802 	
127.349915 	91.065910 	99.020203 	111.606453 	40.804413 	12.649111 	5.000000 	60.406952 	137.902145 	67.067131 	999.000000 	87.726852 	104.709122 	89.157166 	75.286118 	117.660530 	127.640121 	133.405396 	88.600227 	32.140316 	25.709921 	61.522354 	104.278473 	143.533966 	44.045429 	30.805843 	97.498718 	82.969872 	17.029387 	76.687675 	29.410883 	52.009613 	111.892807 	19.849434 	16.492422 	101.843018 	54.083271 	98.979797 	117.630775 	34.176014 	81.394104 	26.627054 	37.000000 	115.952576 	128.413391 	100.000000 	23.600847 	124.775803 	145.340973 	135.325531 	46.572525 	89.627007 	29.068884 	123.065025 	
57.428215 	11.180340 	18.248287 	31.622776 	47.507893 	75.153175 	82.855293 	28.017851 	62.936478 	21.400934 	87.726852 	999.000000 	18.439089 	2.236068 	16.124516 	32.802441 	44.944408 	51.971146 	5.830952 	61.846584 	69.202599 	33.837849 	16.552946 	63.134777 	52.345009 	65.946945 	11.045361 	14.000000 	81.841309 	20.615528 	68.767723 	46.400433 	24.166092 	84.202141 	92.086914 	16.124516 	46.872166 	14.866069 	30.016663 	67.882248 	21.000000 	77.233414 	65.795135 	28.231188 	41.400482 	17.888544 	85.912750 	37.215588 	60.959003 	48.918301 	59.405388 	20.615528 	79.931221 	35.341194 	
43.289722 	14.317822 	9.848858 	16.124516 	65.215027 	92.282173 	99.764725 	46.097721 	46.529560 	39.623226 	104.709122 	18.439089 	999.000000 	18.027756 	34.409302 	14.422205 	26.832815 	34.014702 	21.023796 	80.056229 	87.321243 	52.201534 	7.615773 	45.188496 	70.767227 	84.219948 	15.033297 	30.463093 	99.809822 	38.013157 	87.045967 	64.815125 	10.770329 	102.303467 	110.000000 	16.492422 	65.215027 	19.104973 	14.035668 	86.278618 	37.000000 	95.524864 	84.219948 	14.317822 	23.706539 	22.360680 	104.139328 	20.615528 	42.520584 	30.805843 	77.801025 	33.241539 	98.290382 	20.024984 	
58.215118 	12.649111 	19.026299 	32.015621 	48.764740 	76.557167 	84.308952 	29.154760 	63.324562 	22.472204 	89.157166 	2.236068 	18.027756 	999.000000 	16.401220 	32.449963 	44.777225 	51.884487 	4.123106 	62.801273 	70.213959 	34.205261 	15.264338 	63.063461 	53.037724 	66.843102 	9.000000 	13.152946 	82.927681 	20.248457 	69.656296 	46.861500 	22.825424 	85.211502 	93.193344 	14.035668 	47.201694 	12.649111 	28.844410 	68.622154 	20.099751 	78.102493 	66.468040 	26.832815 	40.459858 	15.652476 	86.833176 	36.055511 	60.440052 	48.104053 	59.816387 	18.973665 	80.721741 	34.000000 	
72.567207 	25.709921 	33.837849 	47.539455 	34.481880 	62.641838 	70.604530 	15.132746 	78.771820 	9.055386 	75.286118 	16.124516 	34.409302 	16.401220 	999.000000 	48.826221 	61.057350 	68.095520 	14.212670 	47.169907 	54.708317 	17.804493 	31.144823 	79.259071 	36.878178 	51.039200 	23.021729 	8.000000 	67.601776 	6.708204 	53.823788 	30.479502 	38.418747 	69.641945 	77.897369 	26.832815 	30.805843 	23.769728 	44.687805 	52.497620 	10.630146 	62.201286 	50.249378 	42.201897 	56.586216 	24.738634 	71.028160 	51.855568 	76.837494 	64.350601 	43.416588 	16.763054 	64.660652 	49.406479 	
33.615471 	26.627054 	18.788294 	10.770329 	78.873314 	105.394501 	112.680969 	60.108234 	34.014702 	53.758720 	117.660530 	32.802441 	14.422205 	32.449963 	48.826221 	999.000000 	12.649111 	19.924858 	35.355339 	94.069122 	101.237343 	66.610809 	19.646883 	31.016125 	85.041168 	98.290382 	28.460499 	44.721359 	113.569359 	52.354561 	101.118744 	79.202271 	16.124516 	116.180893 	123.693169 	28.284271 	79.630394 	31.575306 	12.529964 	100.498756 	51.078373 	109.603828 	98.493652 	16.155495 	13.038404 	34.234486 	118.139748 	13.892444 	28.284271 	18.027756 	92.200867 	46.572525 	112.449989 	16.278820 	
25.495098 	37.483330 	29.000000 	16.124516 	89.827614 	115.602768 	122.641754 	71.589104 	22.561028 	65.436989 	127.640121 	44.944408 	26.832815 	44.777225 	61.057350 	12.649111 	999.000000 	7.280110 	47.853943 	105.418213 	112.432205 	78.771820 	32.280025 	18.384777 	96.829750 	109.713264 	41.109608 	57.271286 	124.523087 	64.845970 	112.538879 	91.263351 	28.071337 	127.287079 	134.536240 	40.792156 	91.809586 	44.147480 	23.086792 	112.160599 	63.694584 	121.016525 	110.258789 	27.073973 	15.811388 	46.690472 	129.417923 	20.615528 	17.888544 	14.317822 	104.292854 	59.203041 	123.987900 	24.351591 	
22.472204 	44.045429 	35.468296 	21.931713 	96.176918 	121.511314 	128.405609 	78.243210 	16.552946 	72.201111 	133.405396 	51.971146 	34.014702 	51.884487 	68.095520 	19.924858 	7.280110 	999.000000 	55.036350 	111.946419 	118.869675 	85.755463 	39.560081 	11.180340 	103.600197 	116.275536 	48.383881 	64.474800 	130.816666 	72.013885 	119.096596 	98.183502 	35.227829 	133.660019 	140.758652 	48.052055 	98.792709 	51.419842 	30.000000 	118.848640 	70.936592 	127.561752 	117.004272 	34.000000 	21.189621 	53.935146 	135.882309 	26.683329 	14.035668 	17.029387 	111.220505 	66.483078 	130.598618 	30.594116 	
62.128899 	16.763054 	23.000000 	35.693138 	47.927029 	75.960518 	83.815269 	28.231188 	66.940269 	21.540659 	88.600227 	5.830952 	21.023796 	4.123106 	14.212670 	35.355339 	47.853943 	55.036350 	999.000000 	61.294373 	68.796799 	31.827662 	16.970562 	66.211784 	51.088158 	65.215027 	8.944272 	9.486833 	81.633324 	17.000000 	68.007355 	44.553337 	24.207438 	83.761566 	91.923882 	13.341664 	44.687805 	11.000000 	30.479502 	66.708321 	16.278820 	76.400261 	64.443771 	28.017851 	42.426407 	13.341664 	85.211502 	37.643059 	63.007935 	50.249378 	57.384666 	14.866069 	78.873314 	35.227829 	
110.639053 	67.941154 	76.485291 	90.138779 	16.552946 	21.189621 	28.635643 	33.970577 	119.540787 	40.459858 	32.140316 	61.846584 	80.056229 	62.801273 	47.169907 	94.069122 	105.418213 	111.946419 	61.294373 	999.000000 	7.615773 	31.016125 	78.006409 	122.788437 	12.041595 	4.472136 	70.178345 	54.120235 	20.615528 	47.010635 	7.211102 	20.099751 	85.445892 	22.472204 	30.870699 	73.925636 	22.000000 	70.710678 	91.607857 	9.000000 	51.264023 	15.620500 	9.486833 	89.308456 	103.232750 	71.112587 	24.083189 	98.812958 	122.347862 	110.751976 	15.811388 	59.464275 	18.867962 	96.519424 	
116.811813 	74.953316 	83.450584 	97.000000 	22.803509 	16.401220 	22.847319 	41.231056 	126.015869 	47.801674 	25.709921 	69.202599 	87.321243 	70.213959 	54.708317 	101.237343 	112.432205 	118.869675 	68.796799 	7.615773 	999.000000 	38.626415 	85.445892 	129.634094 	19.416489 	5.099020 	77.698135 	61.717098 	13.000000 	54.625999 	4.242640 	27.459061 	92.913940 	15.000000 	23.259407 	81.492332 	29.154760 	78.294319 	99.045441 	9.219544 	58.872746 	9.486833 	11.661903 	96.798759 	110.602890 	78.721024 	17.029387 	106.254410 	129.495178 	118.067780 	20.880613 	67.067131 	13.341664 	104.009613 	
88.887573 	42.544094 	50.990196 	64.845970 	22.360680 	49.162994 	57.218880 	12.649111 	95.854057 	15.132746 	61.522354 	33.837849 	52.201534 	34.205261 	17.804493 	66.610809 	78.771820 	85.755463 	31.827662 	31.016125 	38.626415 	999.000000 	48.795490 	96.896851 	19.723083 	34.438351 	40.360870 	23.600847 	51.623638 	16.124516 	37.121422 	12.727922 	55.901699 	53.225933 	61.846584 	43.600460 	13.038404 	40.224369 	62.241467 	35.227829 	20.248457 	45.276924 	32.802441 	59.548298 	74.249580 	40.311287 	54.203320 	69.354164 	94.641426 	82.073135 	25.612497 	28.460499 	47.434166 	66.708321 	
50.635956 	17.464249 	16.278820 	23.537205 	64.007812 	91.706055 	99.403221 	44.418465 	53.150730 	37.735924 	104.278473 	16.552946 	7.615773 	15.264338 	31.144823 	19.646883 	32.280025 	39.560081 	16.970562 	78.006409 	85.445892 	48.795490 	999.000000 	50.596443 	68.014702 	82.006096 	8.944272 	25.806976 	98.183502 	33.600594 	84.811554 	61.522354 	7.615773 	100.439034 	108.452751 	9.055386 	61.619801 	12.041595 	13.601471 	83.630135 	31.764761 	93.236259 	81.394104 	11.704700 	25.455845 	15.033297 	102.004898 	20.808653 	46.324940 	33.301651 	74.330345 	26.925823 	95.775780 	18.788294 	
24.083189 	55.000000 	46.400433 	32.649654 	106.887794 	131.795303 	138.538803 	89.202019 	13.000000 	83.234612 	143.533966 	63.134777 	45.188496 	63.063461 	79.259071 	31.016125 	18.384777 	11.180340 	66.211784 	122.788437 	129.634094 	96.896851 	50.596443 	999.000000 	114.621117 	127.141655 	59.464275 	75.643906 	141.449631 	83.192551 	129.957687 	109.293182 	45.891174 	144.360657 	151.320847 	58.940647 	109.931801 	62.361847 	40.311287 	129.807556 	82.079231 	138.408813 	128.003906 	44.283180 	30.066593 	64.761101 	146.659470 	36.013885 	12.727922 	23.769728 	122.331520 	77.491936 	141.495590 	40.012497 	
104.278473 	59.640591 	68.242218 	82.097504 	14.866069 	32.557640 	40.311287 	25.553865 	112.378822 	31.400637 	44.045429 	52.345009 	70.767227 	53.037724 	36.878178 	85.041168 	96.829750 	103.600197 	51.088158 	12.041595 	19.416489 	19.723083 	68.014702 	114.621117 	999.000000 	14.866069 	59.816387 	43.266617 	32.280025 	35.846897 	17.464249 	8.062258 	75.286118 	33.615471 	42.379242 	63.245552 	10.049875 	59.908264 	81.565926 	15.620500 	39.812057 	25.553865 	13.453624 	79.025314 	93.434471 	60.033325 	34.481880 	88.729927 	113.278419 	101.138519 	10.049875 	47.927029 	27.802877 	86.214851 	
115.104301 	72.249565 	80.808418 	94.493385 	21.023796 	21.095022 	27.856777 	38.183765 	123.975807 	44.598206 	30.805843 	65.946945 	84.219948 	66.843102 	51.039200 	98.290382 	109.713264 	116.275536 	65.215027 	4.472136 	5.099020 	34.438351 	82.006096 	127.141655 	14.866069 	999.000000 	74.060783 	57.801384 	17.464249 	50.537113 	2.828427 	22.803509 	89.403580 	18.788294 	27.513634 	77.698135 	24.331051 	74.431175 	95.603348 	5.385165 	54.625999 	11.313708 	7.071068 	93.230896 	107.298645 	74.706093 	20.000000 	102.800781 	126.574089 	114.865135 	15.811388 	62.769421 	14.422205 	100.439034 	
58.137768 	17.691807 	20.615528 	31.016125 	56.859474 	84.864601 	92.698433 	37.161808 	61.522354 	30.463093 	97.498718 	11.045361 	15.033297 	9.000000 	23.021729 	28.460499 	41.109608 	48.383881 	8.944272 	70.178345 	77.698135 	40.360870 	8.944272 	59.464275 	59.816387 	74.060783 	999.000000 	17.029387 	90.553848 	24.839485 	76.843994 	53.075417 	15.556349 	92.649879 	100.846420 	5.099020 	53.037724 	5.000000 	21.931713 	75.432091 	22.825424 	85.211502 	73.109505 	19.209373 	34.058773 	8.602325 	94.047859 	29.000000 	55.226807 	42.011902 	65.764732 	18.248287 	87.618492 	26.400757 	
71.344238 	25.079872 	32.140316 	45.122055 	42.201897 	70.342018 	78.339005 	23.086792 	76.400261 	17.029387 	82.969872 	14.000000 	30.463093 	13.152946 	8.000000 	44.721359 	57.271286 	64.474800 	9.486833 	54.120235 	61.717098 	23.600847 	25.806976 	75.643906 	43.266617 	57.801384 	17.029387 	999.000000 	74.686012 	7.810250 	60.539242 	36.235340 	32.557640 	76.537575 	84.970581 	20.000000 	36.069378 	16.643316 	38.948685 	58.821766 	7.000000 	68.796799 	56.400356 	36.069378 	51.088158 	17.088007 	77.698135 	45.967381 	72.111023 	59.033890 	48.795490 	9.433981 	71.028160 	43.185646 	
127.640121 	87.114868 	95.524864 	108.894447 	34.713108 	15.033297 	16.643316 	53.823788 	137.277100 	60.464867 	17.029387 	81.841309 	99.809822 	82.927681 	67.601776 	113.569359 	124.523087 	130.816666 	81.633324 	20.615528 	13.000000 	51.623638 	98.183502 	141.449631 	32.280025 	17.464249 	90.553848 	74.686012 	999.000000 	67.623962 	15.132746 	40.261642 	105.688217 	4.000000 	10.295630 	94.413979 	41.773197 	91.241440 	111.772087 	19.026299 	71.867935 	9.848858 	22.022715 	109.603828 	123.223373 	91.706055 	8.062258 	118.983192 	141.767410 	130.602448 	32.015621 	80.056229 	12.041595 	116.811813 	
77.929459 	31.144823 	38.832977 	52.201534 	36.221542 	64.132675 	72.180328 	18.439089 	83.522453 	13.892444 	76.687675 	20.615528 	38.013157 	20.248457 	6.708204 	52.354561 	64.845970 	72.013885 	17.000000 	47.010635 	54.625999 	16.124516 	33.600594 	83.192551 	35.846897 	50.537113 	24.839485 	7.810250 	67.623962 	999.000000 	53.235325 	28.600698 	40.360870 	69.318108 	77.878113 	27.658634 	28.319605 	24.207438 	46.754681 	51.312767 	5.099020 	61.400326 	48.826221 	43.840622 	58.898216 	24.186773 	70.327805 	53.758720 	79.881165 	66.843102 	41.036568 	13.038404 	63.513779 	50.931328 	
117.834633 	75.073296 	83.630135 	97.308784 	23.706539 	20.615528 	26.832815 	41.012192 	126.751724 	47.423622 	29.410883 	68.767723 	87.045967 	69.656296 	53.823788 	101.118744 	112.538879 	119.096596 	68.007355 	7.211102 	4.242640 	37.121422 	84.811554 	129.957687 	17.464249 	2.828427 	76.843994 	60.539242 	15.132746 	53.235325 	999.000000 	25.298222 	92.200867 	16.155495 	25.000000 	80.454956 	26.683329 	77.175125 	98.407318 	5.000000 	57.271286 	8.485281 	7.615773 	96.020828 	110.113579 	77.414467 	17.204651 	105.603027 	129.402466 	117.686020 	17.262676 	65.391129 	11.661903 	103.227905 	
100.304535 	54.589375 	63.134777 	77.025970 	18.384777 	40.311287 	48.166378 	21.587032 	107.786827 	26.400757 	52.009613 	46.400433 	64.815125 	46.861500 	30.479502 	79.202271 	91.263351 	98.183502 	44.553337 	20.099751 	27.459061 	12.727922 	61.522354 	109.293182 	8.062258 	22.803509 	53.075417 	36.235340 	40.261642 	28.600698 	25.298222 	999.000000 	68.622154 	41.436699 	50.289165 	56.222771 	2.828427 	52.801514 	74.966660 	22.825424 	32.249031 	33.105892 	20.248457 	72.249565 	86.977005 	52.697250 	42.047592 	82.073135 	107.298645 	94.794518 	13.038404 	40.249222 	34.985710 	79.397736 	
49.335587 	24.020824 	20.615528 	23.323807 	71.589104 	99.317673 	107.018692 	51.971146 	50.089920 	45.276924 	111.892807 	24.166092 	10.770329 	22.825424 	38.418747 	16.124516 	28.071337 	35.227829 	24.207438 	85.445892 	92.913940 	55.901699 	7.615773 	45.891174 	75.286118 	89.403580 	15.556349 	32.557640 	105.688217 	40.360870 	92.200867 	68.622154 	999.000000 	107.898102 	115.965515 	13.416408 	68.593002 	17.000000 	6.403124 	90.906548 	38.013157 	100.603180 	88.617157 	4.123106 	18.601076 	18.973665 	109.402924 	13.453624 	40.249222 	26.627054 	81.320351 	32.202484 	103.077644 	11.180340 	
130.919830 	89.827614 	98.290382 	111.758667 	37.483330 	19.026299 	20.124611 	56.222771 	140.417236 	62.801273 	19.849434 	84.202141 	102.303467 	85.211502 	69.641945 	116.180893 	127.287079 	133.660019 	83.761566 	22.472204 	15.000000 	53.225933 	100.439034 	144.360657 	33.615471 	18.788294 	92.649879 	76.537575 	4.000000 	69.318108 	16.155495 	41.436699 	107.898102 	999.000000 	9.055386 	96.384644 	42.720020 	93.150414 	114.039467 	19.235384 	73.409805 	9.000000 	22.203604 	111.772087 	125.602547 	93.477272 	4.123106 	121.247681 	144.422989 	133.060135 	32.140316 	81.541397 	9.848858 	118.983192 	
137.003647 	97.185387 	105.550934 	118.827606 	44.821869 	21.540659 	19.000000 	64.070274 	146.863876 	70.724815 	16.492422 	92.086914 	110.000000 	93.193344 	77.897369 	123.693169 	134.536240 	140.758652 	91.923882 	30.870699 	23.259407 	61.846584 	108.452751 	151.320847 	42.379242 	27.513634 	100.846420 	84.970581 	10.295630 	77.878113 	25.000000 	50.289165 	115.965515 	9.055386 	999.000000 	104.709122 	51.662365 	101.533249 	122.036880 	28.284271 	82.079231 	18.027756 	31.257000 	119.887444 	133.454117 	101.980392 	10.440307 	129.247818 	151.855194 	140.801285 	41.194660 	90.249657 	18.248287 	127.094452 	
59.682495 	22.203604 	23.853722 	32.557640 	61.098282 	89.196411 	97.082436 	41.436699 	62.072536 	34.785053 	101.843018 	16.124516 	16.492422 	14.035668 	26.832815 	28.284271 	40.792156 	48.052055 	13.341664 	73.925636 	81.492332 	43.600460 	9.055386 	58.940647 	63.245552 	77.698135 	5.099020 	20.000000 	94.413979 	27.658634 	80.454956 	56.222771 	13.416408 	96.384644 	104.709122 	999.000000 	55.973209 	3.605551 	19.723083 	78.816238 	24.839485 	88.752464 	76.400261 	16.401220 	31.906113 	6.000000 	97.637085 	26.400757 	53.665630 	39.962482 	68.680420 	18.788294 	91.021973 	23.345236 	
101.513542 	55.461697 	63.953106 	77.826729 	21.213203 	42.579338 	50.358715 	23.194826 	108.747414 	27.513634 	54.083271 	46.872166 	65.215027 	47.201694 	30.805843 	79.630394 	91.809586 	98.792709 	44.687805 	22.000000 	29.154760 	13.038404 	61.619801 	109.931801 	10.049875 	24.331051 	53.037724 	36.069378 	41.773197 	28.319605 	26.683329 	2.828427 	68.593002 	42.720020 	51.662365 	55.973209 	999.000000 	52.497620 	74.966660 	23.769728 	31.622776 	34.176014 	21.023796 	72.138756 	87.045967 	52.201534 	43.081318 	82.024384 	107.615051 	94.921021 	12.727922 	39.446167 	35.777088 	79.246452 	
62.393909 	22.627417 	25.495098 	35.227829 	58.189346 	86.330757 	94.254974 	38.600517 	65.192024 	32.015621 	98.979797 	14.866069 	19.104973 	12.649111 	23.769728 	31.575306 	44.147480 	51.419842 	11.000000 	70.710678 	78.294319 	40.224369 	12.041595 	62.361847 	59.908264 	74.431175 	5.000000 	16.643316 	91.241440 	24.207438 	77.175125 	52.801514 	17.000000 	93.150414 	101.533249 	3.605551 	52.497620 	999.000000 	23.323807 	75.451973 	21.260292 	85.440041 	73.006851 	20.000000 	35.510563 	3.605551 	94.339813 	30.000000 	57.245087 	43.566040 	65.192024 	15.231546 	87.658424 	26.907248 	
46.097721 	28.284271 	23.194826 	21.931713 	77.524193 	105.095192 	112.729767 	57.982758 	45.541191 	51.312767 	117.630775 	30.016663 	14.035668 	28.844410 	44.687805 	12.529964 	23.086792 	30.000000 	30.479502 	91.607857 	99.045441 	62.241467 	13.601471 	40.311287 	81.565926 	95.603348 	21.931713 	38.948685 	111.772087 	46.754681 	98.407318 	74.966660 	6.403124 	114.039467 	122.036880 	19.723083 	74.966660 	23.323807 	999.000000 	97.185387 	44.407207 	106.826965 	94.921021 	4.000000 	12.206555 	25.079872 	115.602768 	7.211102 	34.014702 	20.248457 	87.692642 	38.470768 	109.343498 	6.000000 	
118.532700 	74.813103 	83.408630 	97.200821 	25.000000 	25.612497 	31.764761 	40.607880 	127.094452 	46.754681 	34.176014 	67.882248 	86.278618 	68.622154 	52.497620 	100.498756 	112.160599 	118.848640 	66.708321 	9.000000 	9.219544 	35.227829 	83.630135 	129.807556 	15.620500 	5.385165 	75.432091 	58.821766 	19.026299 	51.312767 	5.000000 	22.825424 	90.906548 	19.235384 	28.284271 	78.816238 	23.769728 	75.451973 	97.185387 	999.000000 	55.072678 	10.440307 	3.000000 	94.641426 	109.041275 	75.471848 	19.313208 	104.350372 	128.763351 	116.726173 	13.000000 	63.063461 	12.206555 	101.828285 	
78.313469 	32.062439 	39.115215 	51.971146 	41.109608 	68.883957 	76.941536 	23.537205 	83.198555 	18.788294 	81.394104 	21.000000 	37.000000 	20.099751 	10.630146 	51.078373 	63.694584 	70.936592 	16.278820 	51.264023 	58.872746 	20.248457 	31.764761 	82.079231 	39.812057 	54.625999 	22.825424 	7.000000 	71.867935 	5.099020 	57.271286 	32.249031 	38.013157 	73.409805 	82.079231 	24.839485 	31.622776 	21.260292 	44.407207 	55.072678 	999.000000 	65.299309 	52.478565 	41.231056 	56.612720 	20.615528 	74.242844 	51.224995 	78.032043 	64.637451 	44.204071 	8.246211 	67.230942 	48.166378 	
126.051575 	83.546394 	92.097771 	105.759163 	31.906113 	21.470911 	25.455845 	49.497475 	135.092560 	55.901699 	26.627054 	77.233414 	95.524864 	78.102493 	62.201286 	109.603828 	121.016525 	127.561752 	76.400261 	15.620500 	9.486833 	45.276924 	93.236259 	138.408813 	25.553865 	11.313708 	85.211502 	68.796799 	9.848858 	61.400326 	8.485281 	33.105892 	100.603180 	9.000000 	18.027756 	88.752464 	34.176014 	85.440041 	106.826965 	10.440307 	65.299309 	999.000000 	13.341664 	104.403069 	118.562218 	85.586212 	8.944272 	114.017540 	137.887634 	126.150703 	23.194826 	73.348480 	4.000000 	111.606453 	
117.170815 	73.006851 	81.608826 	95.441078 	24.331051 	28.017851 	34.438351 	38.832977 	125.538841 	44.821869 	37.000000 	65.795135 	84.219948 	66.468040 	50.249378 	98.493652 	110.258789 	117.004272 	64.443771 	9.486833 	11.661903 	32.802441 	81.394104 	128.003906 	13.453624 	7.071068 	73.109505 	56.400356 	22.022715 	48.826221 	7.615773 	20.248457 	88.617157 	22.203604 	31.257000 	76.400261 	21.023796 	73.006851 	94.921021 	3.000000 	52.478565 	13.341664 	999.000000 	92.314682 	106.831642 	72.945183 	22.135944 	102.068604 	126.732002 	114.560028 	10.000000 	60.415230 	14.764823 	99.488693 	
49.769470 	28.000000 	24.041630 	24.839485 	75.591003 	103.368271 	111.085556 	55.946404 	49.497475 	49.244289 	115.952576 	28.231188 	14.317822 	26.832815 	42.201897 	16.155495 	27.073973 	34.000000 	28.017851 	89.308456 	96.798759 	59.548298 	11.704700 	44.283180 	79.025314 	93.230896 	19.209373 	36.069378 	109.603828 	43.840622 	96.020828 	72.249565 	4.123106 	111.772087 	119.887444 	16.401220 	72.138756 	20.000000 	4.000000 	94.641426 	41.231056 	104.403069 	92.314682 	999.000000 	15.652476 	21.470911 	113.225441 	10.000000 	37.696156 	23.706539 	84.864601 	34.985710 	106.826965 	7.211102 	
41.231056 	37.696156 	30.805843 	23.537205 	88.752464 	115.974136 	123.470642 	69.404610 	37.696156 	62.801273 	128.413391 	41.400482 	23.706539 	40.459858 	56.586216 	13.038404 	15.811388 	21.189621 	42.426407 	103.232750 	110.602890 	74.249580 	25.455845 	30.066593 	93.434471 	107.298645 	34.058773 	51.088158 	123.223373 	58.898216 	110.113579 	86.977005 	18.601076 	125.602547 	133.454117 	31.906113 	87.045967 	35.510563 	12.206555 	109.041275 	56.612720 	118.562218 	106.831642 	15.652476 	999.000000 	37.121422 	127.283150 	6.082763 	22.135944 	8.062258 	99.764725 	50.606323 	121.165176 	10.049875 	
65.620117 	26.172504 	29.068884 	38.470768 	59.203041 	87.361320 	95.336250 	39.812057 	68.066147 	33.376640 	100.000000 	17.888544 	22.360680 	15.652476 	24.738634 	34.234486 	46.690472 	53.935146 	13.341664 	71.112587 	78.721024 	40.311287 	15.033297 	64.761101 	60.033325 	74.706093 	8.602325 	17.088007 	91.706055 	24.186773 	77.414467 	52.697250 	18.973665 	93.477272 	101.980392 	6.000000 	52.201534 	3.605551 	25.079872 	75.471848 	20.615528 	85.586212 	72.945183 	21.470911 	37.121422 	999.000000 	94.514549 	31.384710 	59.093147 	45.177429 	64.815125 	13.601471 	87.664131 	28.017851 	
133.689941 	91.934761 	100.448990 	114.021927 	39.824615 	23.086792 	24.166092 	58.051701 	143.003494 	64.536812 	23.600847 	85.912750 	104.139328 	86.833176 	71.028160 	118.139748 	129.417923 	135.882309 	85.211502 	24.083189 	17.029387 	54.203320 	102.004898 	146.659470 	34.481880 	20.000000 	94.047859 	77.698135 	8.062258 	70.327805 	17.204651 	42.047592 	109.402924 	4.123106 	10.440307 	97.637085 	43.081318 	94.339813 	115.602768 	19.313208 	74.242844 	8.944272 	22.135944 	113.225441 	127.283150 	94.514549 	999.000000 	122.800652 	146.413803 	134.825821 	31.780497 	82.292160 	8.000000 	120.432556 	
45.486263 	34.928497 	29.017237 	24.596748 	84.723076 	112.254173 	119.866592 	65.192024 	43.011627 	58.523499 	124.775803 	37.215588 	20.615528 	36.055511 	51.855568 	13.892444 	20.615528 	26.683329 	37.643059 	98.812958 	106.254410 	69.354164 	20.808653 	36.013885 	88.729927 	102.800781 	29.000000 	45.967381 	118.983192 	53.758720 	105.603027 	82.073135 	13.453624 	121.247681 	129.247818 	26.400757 	82.024384 	30.000000 	7.211102 	104.350372 	51.224995 	114.017540 	102.068604 	10.000000 	6.082763 	31.384710 	122.800652 	999.000000 	28.160255 	13.928389 	94.752312 	44.944408 	116.516090 	4.000000 	
34.785053 	54.671749 	46.400433 	34.000000 	107.056061 	133.221619 	140.346008 	88.391174 	25.238859 	82.036575 	145.340973 	60.959003 	42.520584 	60.440052 	76.837494 	28.284271 	17.888544 	14.035668 	63.007935 	122.347862 	129.495178 	94.641426 	46.324940 	12.727922 	113.278419 	126.574089 	55.226807 	72.111023 	141.767410 	79.881165 	129.402466 	107.298645 	40.249222 	144.422989 	151.855194 	53.665630 	107.615051 	57.245087 	34.014702 	128.763351 	78.032043 	137.887634 	126.732002 	37.696156 	22.135944 	59.093147 	146.413803 	28.160255 	999.000000 	14.317822 	120.253899 	72.449982 	140.730240 	32.015621 	
39.051247 	44.294468 	36.769554 	27.073973 	96.020828 	122.967476 	130.361038 	76.837494 	33.286633 	70.292244 	135.325531 	48.918301 	30.805843 	48.104053 	64.350601 	18.027756 	14.317822 	17.029387 	50.249378 	110.751976 	118.067780 	82.073135 	33.301651 	23.769728 	101.138519 	114.865135 	42.011902 	59.033890 	130.602448 	66.843102 	117.686020 	94.794518 	26.627054 	133.060135 	140.801285 	39.962482 	94.921021 	43.566040 	20.248457 	116.726173 	64.637451 	126.150703 	114.560028 	23.706539 	8.062258 	45.177429 	134.825821 	13.928389 	14.317822 	999.000000 	107.628990 	58.668560 	128.817703 	17.720045 	
113.088463 	67.601776 	76.157730 	90.049988 	24.738634 	36.674240 	43.657761 	34.176014 	120.747673 	39.357338 	46.572525 	59.405388 	77.801025 	59.816387 	43.416588 	92.200867 	104.292854 	111.220505 	57.384666 	15.811388 	20.880613 	25.612497 	74.330345 	122.331520 	10.049875 	15.811388 	65.764732 	48.795490 	32.015621 	41.036568 	17.262676 	13.038404 	81.320351 	32.140316 	41.194660 	68.680420 	12.727922 	65.192024 	87.692642 	13.000000 	44.204071 	23.194826 	10.000000 	84.864601 	99.764725 	64.815125 	31.780497 	94.752312 	120.253899 	107.628990 	999.000000 	51.865211 	24.041630 	91.967384 	
76.006577 	31.622776 	37.336308 	49.040798 	49.254440 	77.103828 	85.158676 	31.144823 	79.762146 	25.709921 	89.627007 	20.615528 	33.241539 	18.973665 	16.763054 	46.572525 	59.203041 	66.483078 	14.866069 	59.464275 	67.067131 	28.460499 	26.925823 	77.491936 	47.927029 	62.769421 	18.248287 	9.433981 	80.056229 	13.038404 	65.391129 	40.249222 	32.202484 	81.541397 	90.249657 	18.788294 	39.446167 	15.231546 	38.470768 	63.063461 	8.246211 	73.348480 	60.415230 	34.985710 	50.606323 	13.601471 	82.292160 	44.944408 	72.449982 	58.668560 	51.865211 	999.000000 	75.179787 	41.617306 	
129.495178 	86.556343 	95.131485 	108.853111 	35.355339 	25.079872 	28.425341 	52.402290 	138.397980 	58.694122 	29.068884 	79.931221 	98.290382 	80.721741 	64.660652 	112.449989 	123.987900 	130.598618 	78.873314 	18.867962 	13.341664 	47.434166 	95.775780 	141.495590 	27.802877 	14.422205 	87.618492 	71.028160 	12.041595 	63.513779 	11.661903 	34.985710 	103.077644 	9.848858 	18.248287 	91.021973 	35.777088 	87.658424 	109.343498 	12.206555 	67.230942 	4.000000 	14.764823 	106.826965 	121.165176 	87.664131 	8.000000 	116.516090 	140.730240 	128.817703 	24.041630 	75.179787 	999.000000 	114.017540 	
48.877399 	34.234486 	29.154760 	26.627054 	82.764725 	110.494347 	118.186295 	63.134777 	46.840153 	56.435802 	123.065025 	35.341194 	20.024984 	34.000000 	49.406479 	16.278820 	24.351591 	30.594116 	35.227829 	96.519424 	104.009613 	66.708321 	18.788294 	40.012497 	86.214851 	100.439034 	26.400757 	43.185646 	116.811813 	50.931328 	103.227905 	79.397736 	11.180340 	118.983192 	127.094452 	23.345236 	79.246452 	26.907248 	6.000000 	101.828285 	48.166378 	111.606453 	99.488693 	7.211102 	10.049875 	28.017851 	120.432556 	4.000000 	32.015621 	17.720045 	91.967384 	41.617306 	114.017540 	999.000000 	

Travel time:
9.000000 	1.171804 	0.980115 	0.679154 	2.353853 	2.909682 	3.060739 	1.973100 	0.309233 	1.850000 	3.183748 	1.435705 	1.082243 	1.455378 	1.814180 	0.840387 	0.637377 	0.561805 	1.553222 	2.765976 	2.920295 	2.222189 	1.265899 	0.602080 	2.606962 	2.877608 	1.453444 	1.783606 	3.191003 	1.948236 	2.945866 	2.507613 	1.233390 	3.272996 	3.425091 	1.492062 	2.537838 	1.559848 	1.152443 	2.963317 	1.957837 	3.151289 	2.929270 	1.244237 	1.030776 	1.640503 	3.342248 	1.137157 	0.869626 	0.976281 	2.827212 	1.900164 	3.237380 	1.221935 	
1.171804 	9.000000 	0.215058 	0.561805 	1.310057 	1.969296 	2.152324 	0.855132 	1.332760 	0.707549 	2.276648 	0.279509 	0.357946 	0.316228 	0.642748 	0.665676 	0.937083 	1.101136 	0.419076 	1.698529 	1.873833 	1.063602 	0.436606 	1.375000 	1.491015 	1.806239 	0.442295 	0.626997 	2.177872 	0.778621 	1.876832 	1.364734 	0.600521 	2.245690 	2.429635 	0.555090 	1.386542 	0.565685 	0.707107 	1.870328 	0.801561 	2.088660 	1.825171 	0.700000 	0.942404 	0.654313 	2.298369 	0.873212 	1.366794 	1.107362 	1.690044 	0.790569 	2.163908 	0.855862 	
0.980115 	0.215058 	9.000000 	0.347311 	1.520691 	2.170973 	2.350798 	1.070047 	1.123610 	0.922293 	2.475505 	0.456207 	0.246221 	0.475657 	0.845946 	0.469707 	0.725000 	0.886707 	0.575000 	1.912132 	2.086265 	1.274755 	0.406971 	1.160011 	1.706055 	2.020211 	0.515388 	0.803508 	2.388122 	0.970824 	2.090753 	1.578369 	0.515388 	2.457260 	2.638773 	0.596343 	1.598828 	0.637377 	0.579871 	2.085216 	0.977880 	2.302444 	2.040221 	0.601041 	0.770146 	0.726722 	2.511225 	0.725431 	1.160011 	0.919239 	1.903943 	0.933408 	2.378287 	0.728869 	
0.679154 	0.561805 	0.347311 	9.000000 	1.856913 	2.490984 	2.665169 	1.415318 	0.783023 	1.269350 	2.790161 	0.790569 	0.403113 	0.800391 	1.188486 	0.269258 	0.403113 	0.548293 	0.892328 	2.253469 	2.425000 	1.621149 	0.588430 	0.816241 	2.052438 	2.362335 	0.775403 	1.128051 	2.722361 	1.305038 	2.432720 	1.925649 	0.583095 	2.793967 	2.970690 	0.813941 	1.945668 	0.880696 	0.548293 	2.430021 	1.299279 	2.643979 	2.386027 	0.620987 	0.588430 	0.961769 	2.850548 	0.614919 	0.850000 	0.676849 	2.251250 	1.226020 	2.721328 	0.665676 	
2.353853 	1.310057 	1.520691 	1.856913 	9.000000 	0.704006 	0.903466 	0.492443 	2.580698 	0.660019 	1.020110 	1.187697 	1.630376 	1.219118 	0.862047 	1.971833 	2.245690 	2.404423 	1.198176 	0.413824 	0.570088 	0.559017 	1.600195 	2.672195 	0.371652 	0.525595 	1.421487 	1.055047 	0.867828 	0.905539 	0.592663 	0.459619 	1.789728 	0.937083 	1.120547 	1.527457 	0.530330 	1.454734 	1.938105 	0.625000 	1.027740 	0.797653 	0.608276 	1.889775 	2.218812 	1.480076 	0.995615 	2.118077 	2.676402 	2.400521 	0.618466 	1.231361 	0.883883 	2.069118 	
2.909682 	1.969296 	2.170973 	2.490984 	0.704006 	9.000000 	0.201556 	1.193995 	3.165537 	1.360606 	0.316228 	1.878829 	2.307054 	1.913929 	1.566046 	2.634862 	2.890069 	3.037783 	1.899013 	0.529741 	0.410031 	1.229075 	2.292651 	3.294883 	0.813941 	0.527376 	2.121615 	1.758550 	0.375832 	1.603317 	0.515388 	1.007782 	2.482942 	0.475657 	0.538516 	2.229910 	1.064483 	2.158269 	2.627380 	0.640312 	1.722099 	0.536773 	0.700446 	2.584207 	2.899354 	2.184033 	0.577170 	2.806354 	3.330540 	3.074187 	0.916856 	1.927596 	0.626997 	2.762359 	
3.060739 	2.152324 	2.350798 	2.665169 	0.903466 	0.201556 	9.000000 	1.391492 	3.323590 	1.557442 	0.125000 	2.071382 	2.494118 	2.107724 	1.765113 	2.817024 	3.066044 	3.210140 	2.095382 	0.715891 	0.571183 	1.430472 	2.485080 	3.463470 	1.007782 	0.696419 	2.317461 	1.958475 	0.416083 	1.804508 	0.670820 	1.204159 	2.675467 	0.503115 	0.475000 	2.427061 	1.258968 	2.356374 	2.818244 	0.794119 	1.923538 	0.636396 	0.860959 	2.777139 	3.086766 	2.383406 	0.604152 	2.996665 	3.508650 	3.259026 	1.091444 	2.128967 	0.710634 	2.954657 	
1.973100 	0.855132 	1.070047 	1.415318 	0.492443 	1.193995 	1.391492 	9.000000 	2.170829 	0.167705 	1.510174 	0.700446 	1.152443 	0.728869 	0.378319 	1.502706 	1.789728 	1.956080 	0.705780 	0.849264 	1.030776 	0.316228 	1.110462 	2.230051 	0.638847 	0.954594 	0.929045 	0.577170 	1.345595 	0.460977 	1.025305 	0.539676 	1.299279 	1.405569 	1.601757 	1.035918 	0.579871 	0.965013 	1.449569 	1.015197 	0.588430 	1.237437 	0.970824 	1.398660 	1.735115 	0.995301 	1.451293 	1.629801 	2.209779 	1.920937 	0.854400 	0.778621 	1.310057 	1.578369 	
0.309233 	1.332760 	1.123610 	0.783023 	2.580698 	3.165537 	3.323590 	2.170829 	9.000000 	2.034853 	3.447554 	1.573412 	1.163239 	1.583114 	1.969296 	0.850368 	0.564026 	0.413824 	1.673507 	2.988520 	3.150397 	2.396351 	1.328768 	0.325000 	2.809471 	3.099395 	1.538059 	1.910007 	3.431927 	2.088061 	3.168793 	2.694671 	1.252248 	3.510431 	3.671597 	1.551813 	2.718685 	1.629801 	1.138530 	3.177361 	2.079964 	3.377314 	3.138471 	1.237437 	0.942404 	1.701654 	3.575087 	1.075291 	0.630971 	0.832166 	3.018692 	1.994054 	3.459949 	1.171004 	
1.850000 	0.707549 	0.922293 	1.269350 	0.660019 	1.360606 	1.557442 	0.167705 	2.034853 	9.000000 	1.676678 	0.535023 	0.990581 	0.561805 	0.226385 	1.343968 	1.635925 	1.805028 	0.538516 	1.011496 	1.195042 	0.378319 	0.943398 	2.080865 	0.785016 	1.114955 	0.761577 	0.425735 	1.511622 	0.347311 	1.185591 	0.660019 	1.131923 	1.570032 	1.768120 	0.869626 	0.687841 	0.800391 	1.282819 	1.168867 	0.469707 	1.397542 	1.120547 	1.231107 	1.570032 	0.834416 	1.613420 	1.463087 	2.050914 	1.757306 	0.983933 	0.642748 	1.467353 	1.410895 	
3.183748 	2.276648 	2.475505 	2.790161 	1.020110 	0.316228 	0.125000 	1.510174 	3.447554 	1.676678 	9.000000 	2.193171 	2.617728 	2.228929 	1.882153 	2.941513 	3.191003 	3.335135 	2.215006 	0.803508 	0.642748 	1.538059 	2.606962 	3.588349 	1.101136 	0.770146 	2.437468 	2.074247 	0.425735 	1.917192 	0.735272 	1.300240 	2.797320 	0.496236 	0.412311 	2.546075 	1.352082 	2.474495 	2.940769 	0.854400 	2.034853 	0.665676 	0.925000 	2.898814 	3.210335 	2.500000 	0.590021 	3.119395 	3.633524 	3.383138 	1.164313 	2.240675 	0.726722 	3.076626 	
1.435705 	0.279509 	0.456207 	0.790569 	1.187697 	1.878829 	2.071382 	0.700446 	1.573412 	0.535023 	2.193171 	9.000000 	0.460977 	0.055902 	0.403113 	0.820061 	1.123610 	1.299279 	0.145774 	1.546165 	1.730065 	0.845946 	0.413824 	1.578369 	1.308625 	1.648674 	0.276134 	0.350000 	2.046033 	0.515388 	1.719193 	1.160011 	0.604152 	2.105053 	2.302173 	0.403113 	1.171804 	0.371652 	0.750417 	1.697056 	0.525000 	1.930835 	1.644878 	0.705780 	1.035012 	0.447214 	2.147819 	0.930390 	1.523975 	1.222957 	1.485135 	0.515388 	1.998281 	0.883530 	
1.082243 	0.357946 	0.246221 	0.403113 	1.630376 	2.307054 	2.494118 	1.152443 	1.163239 	0.990581 	2.617728 	0.460977 	9.000000 	0.450694 	0.860233 	0.360555 	0.670820 	0.850368 	0.525595 	2.001406 	2.183031 	1.305038 	0.190394 	1.129712 	1.769181 	2.105499 	0.375832 	0.761577 	2.495245 	0.950329 	2.176149 	1.620378 	0.269258 	2.557587 	2.750000 	0.412311 	1.630376 	0.477624 	0.350892 	2.156965 	0.925000 	2.388122 	2.105499 	0.357946 	0.592663 	0.559017 	2.603483 	0.515388 	1.063015 	0.770146 	1.945026 	0.831038 	2.457260 	0.500625 	
