Total assets = 510
Number of asset nodes = 33

Distance:
999.000000 	123.907227 	73.824112 	132.943604 	121.918007 	141.428421 	115.602768 	68.541962 	23.021729 	139.603012 	101.597244 	17.492855 	102.474388 	62.817196 	98.386993 	18.867962 	124.482933 	14.212670 	60.207973 	102.883430 	72.801102 	88.391174 	94.021271 	102.859123 	101.079178 	66.287254 	101.980392 	95.462036 	86.977005 	70.405968 	64.629715 	158.492905 	69.871307 	26.419689 	66.370171 	73.824112 	37.696156 	80.603973 	73.681747 	71.449280 	70.349129 	114.127121 	100.244698 	28.017851 	142.835571 	79.511009 	139.606583 	46.238514 	90.426765 	98.716766 	124.482933 	
123.907227 	999.000000 	55.072678 	10.440307 	3.000000 	19.313208 	13.000000 	63.063461 	108.706024 	15.811388 	34.132095 	119.970833 	34.058773 	74.732857 	39.204590 	120.104118 	9.219544 	109.713264 	78.294319 	35.014282 	66.730804 	50.990196 	45.398239 	37.000000 	39.012817 	75.026665 	39.000000 	46.173584 	54.918121 	72.732384 	79.120163 	34.655445 	75.584389 	149.201202 	80.324341 	74.464760 	112.507774 	68.249542 	75.432091 	77.884529 	79.120163 	37.947330 	51.088158 	130.430054 	27.294687 	75.133217 	28.792360 	111.359779 	67.067131 	60.133186 	39.661064 	
73.824112 	55.072678 	999.000000 	65.299309 	52.478565 	74.242844 	44.204071 	8.246211 	55.317268 	69.634758 	27.784887 	66.603302 	28.653097 	20.396078 	24.698177 	66.528191 	58.872746 	59.933296 	23.769728 	29.068884 	15.811388 	17.117243 	21.213203 	29.154760 	27.513634 	22.000000 	28.460499 	23.086792 	18.027756 	21.377558 	26.019224 	89.050545 	24.331051 	97.200821 	28.017851 	25.298222 	57.454330 	23.600847 	26.248810 	27.658634 	28.442924 	40.804413 	30.149628 	75.927597 	69.656296 	29.529646 	66.030296 	56.462376 	30.610456 	33.241539 	51.244511 	
132.943604 	10.440307 	65.299309 	999.000000 	13.341664 	8.944272 	23.194826 	73.348480 	118.406082 	10.049875 	44.407207 	129.630249 	44.283180 	85.088188 	49.497475 	129.807556 	9.486833 	118.793938 	88.639717 	45.177429 	77.162170 	61.392181 	55.731499 	47.095646 	49.162994 	85.440041 	49.091751 	56.435802 	65.306969 	83.168503 	89.537704 	25.806976 	86.023254 	158.492905 	90.757919 	84.899940 	122.674362 	78.644768 	85.866173 	88.323273 	89.560036 	46.872166 	61.000000 	140.346008 	27.784887 	85.510231 	31.240999 	121.671692 	77.233414 	70.007141 	47.010635 	
121.918007 	3.000000 	52.478565 	13.341664 	999.000000 	22.135944 	10.000000 	60.415230 	106.404884 	17.691807 	31.144823 	117.686020 	31.064449 	72.013885 	36.221542 	117.796432 	11.661903 	107.712578 	75.584389 	32.015621 	63.906181 	48.052055 	42.426407 	34.000000 	36.013885 	72.235725 	36.000000 	43.185646 	51.971146 	69.892776 	76.321686 	36.878178 	72.732384 	147.085007 	77.491936 	71.568146 	109.931801 	65.306969 	72.532753 	75.000000 	76.243034 	35.114101 	48.093658 	128.003906 	27.018513 	72.180328 	27.892651 	108.673820 	64.070274 	57.140179 	37.202152 	
141.428421 	19.313208 	74.242844 	8.944272 	22.135944 	999.000000 	31.780497 	82.292160 	127.200630 	10.816654 	52.952808 	138.405197 	52.773098 	94.021271 	58.051701 	138.600143 	17.029387 	127.310646 	97.575615 	53.600372 	86.034874 	70.092796 	64.327286 	55.443665 	57.558666 	94.339813 	57.428215 	64.938431 	73.979729 	92.027168 	98.432716 	18.384777 	94.868332 	167.092789 	99.624290 	93.680305 	131.609268 	87.321243 	94.641426 	97.123634 	98.371742 	54.230988 	69.115845 	149.214615 	29.732138 	94.148819 	34.409302 	130.613937 	85.586212 	78.057671 	53.160137 	
115.602768 	13.000000 	44.204071 	23.194826 	10.000000 	31.780497 	999.000000 	51.865211 	99.005051 	25.553865 	21.213203 	110.317726 	21.095022 	63.134777 	26.305893 	110.344917 	20.880613 	101.400200 	66.730804 	22.022715 	54.625999 	38.327538 	32.557640 	24.000000 	26.019224 	63.071388 	26.000000 	33.241539 	42.201897 	60.539242 	67.119293 	44.944408 	63.324562 	140.264038 	68.154236 	61.983868 	101.513542 	55.542778 	62.936478 	65.459915 	66.730804 	25.942244 	38.118237 	120.104118 	28.460499 	62.369865 	27.166155 	99.849884 	54.083271 	47.169907 	29.732138 	
68.541962 	63.063461 	8.246211 	73.348480 	60.415230 	82.292160 	51.865211 	999.000000 	48.826221 	77.388626 	34.058773 	60.000000 	34.828148 	12.165525 	30.232433 	59.816387 	67.067131 	55.027267 	15.524175 	35.000000 	9.899495 	19.924858 	25.495098 	34.669872 	32.756680 	14.142136 	33.615471 	26.925823 	19.104973 	14.317822 	18.027756 	96.798759 	17.088007 	90.972527 	20.223749 	18.867962 	49.648766 	19.416489 	19.723083 	20.615528 	21.189621 	45.617977 	32.388271 	68.622154 	76.419891 	24.083189 	72.470680 	48.332184 	28.231188 	33.241539 	55.946404 	
23.021729 	108.706024 	55.317268 	118.406082 	106.404884 	127.200630 	99.005051 	48.826221 	999.000000 	123.987900 	82.800964 	11.313708 	83.600243 	41.231056 	79.056938 	11.401754 	110.679718 	15.620500 	38.275318 	83.815269 	51.478149 	68.095520 	74.094536 	83.486526 	81.541397 	44.271889 	82.377182 	75.292763 	66.189125 	48.383881 	42.201897 	143.282944 	47.539455 	42.190044 	43.737854 	51.419842 	17.691807 	58.523499 	51.195702 	48.836460 	47.675991 	94.154129 	79.202271 	23.086792 	124.963997 	56.885849 	121.210564 	25.612497 	68.154236 	76.843994 	104.316826 	
139.603012 	15.811388 	69.634758 	10.049875 	17.691807 	10.816654 	25.553865 	77.388626 	123.987900 	999.000000 	45.880280 	135.281189 	45.541191 	88.684837 	50.921509 	135.369858 	19.104973 	125.399361 	92.282173 	46.173584 	80.056229 	63.324562 	57.245087 	47.801674 	50.000000 	88.549423 	49.729267 	57.567352 	67.067131 	85.906929 	92.574295 	19.416489 	88.639717 	164.769531 	93.520050 	87.091904 	127.027557 	80.324341 	88.022728 	90.620087 	91.923882 	45.011108 	60.827625 	145.416641 	19.104973 	86.977005 	23.600847 	125.399361 	77.665955 	69.584480 	42.953465 	
101.597244 	34.132095 	27.784887 	44.407207 	31.144823 	52.952808 	21.213203 	34.058773 	82.800964 	45.880280 	999.000000 	94.021271 	1.000000 	44.045429 	5.099020 	93.861603 	41.109608 	87.658424 	47.634022 	2.236068 	34.669872 	17.464249 	11.401754 	4.242640 	5.385165 	43.266617 	5.830952 	12.041595 	21.189621 	40.311287 	47.169907 	64.884514 	42.941822 	124.851913 	47.885281 	41.231056 	82.975899 	34.481880 	42.154476 	44.777225 	46.097721 	15.132746 	18.027756 	102.532921 	42.426407 	41.231056 	38.418747 	80.448738 	33.000000 	26.925823 	25.019993 	
17.492855 	119.970833 	66.603302 	129.630249 	117.686020 	138.405197 	110.317726 	60.000000 	11.313708 	135.281189 	94.021271 	999.000000 	94.810333 	51.884487 	90.210861 	1.414214 	121.827744 	18.439089 	48.754486 	95.000000 	62.177166 	79.075912 	85.146935 	94.625580 	92.655273 	54.625999 	93.477272 	86.284416 	77.025970 	58.694122 	52.201534 	154.563904 	57.584721 	31.304953 	53.450912 	61.351448 	20.615528 	68.709534 	61.032780 	58.523499 	57.280014 	105.152267 	89.894379 	14.035668 	136.235092 	66.483078 	132.438660 	29.120440 	78.108902 	87.091904 	115.247559 	
102.474388 	34.058773 	28.653097 	44.283180 	31.064449 	52.773098 	21.095022 	34.828148 	83.600243 	45.541191 	1.000000 	94.810333 	999.000000 	44.687805 	5.385165 	94.641426 	41.194660 	88.549423 	48.270073 	1.414214 	35.227829 	17.888544 	11.704700 	3.605551 	5.099020 	43.829212 	5.385165 	12.165525 	21.540659 	40.816662 	47.707443 	64.474800 	43.416588 	125.670204 	48.373547 	41.629318 	83.630135 	34.785053 	42.544094 	45.188496 	46.518814 	14.142136 	17.720045 	103.247276 	41.725292 	41.484936 	37.643059 	81.024689 	33.015148 	26.683329 	24.020824 	
62.817196 	74.732857 	20.396078 	85.088188 	72.013885 	94.021271 	63.134777 	12.165525 	41.231056 	88.684837 	44.045429 	51.884487 	44.687805 	999.000000 	39.623226 	51.478149 	79.056938 	50.358715 	3.605551 	44.598206 	10.295630 	27.658634 	33.970577 	43.840622 	41.725292 	4.472136 	42.449970 	34.828148 	25.238859 	8.062258 	6.708204 	108.046288 	8.944272 	83.186539 	9.433981 	12.649111 	38.948685 	18.027756 	13.000000 	12.206555 	12.041595 	53.600372 	38.013157 	58.898216 	86.371292 	18.973665 	82.024384 	36.715118 	28.017851 	35.902645 	63.513779 	
98.386993 	39.204590 	24.698177 	49.497475 	36.221542 	58.051701 	26.305893 	30.232433 	79.056938 	50.921509 	5.099020 	90.210861 	5.385165 	39.623226 	999.000000 	90.000000 	46.043457 	84.581322 	43.185646 	5.000000 	30.000000 	12.529964 	6.324555 	4.472136 	3.000000 	38.600517 	4.000000 	7.000000 	16.155495 	35.510563 	42.438190 	69.856995 	38.078865 	121.202309 	43.046486 	36.249138 	78.568443 	29.410883 	37.161808 	39.812057 	41.146080 	16.278820 	13.892444 	98.351410 	46.754681 	36.138622 	42.449970 	75.802376 	28.017851 	22.472204 	26.683329 	
18.867962 	120.104118 	66.528191 	129.807556 	117.796432 	138.600143 	110.344917 	59.816387 	11.401754 	135.369858 	93.861603 	1.414214 	94.641426 	51.478149 	90.000000 	999.000000 	122.065559 	19.646883 	48.301140 	94.810333 	61.773781 	78.771820 	84.876381 	94.403389 	92.417534 	54.129475 	93.230896 	85.982559 	76.661591 	58.180752 	51.623638 	154.673843 	57.008770 	31.780497 	52.810986 	60.745369 	19.416489 	68.154236 	60.406952 	57.870544 	56.612720 	104.847511 	89.470665 	13.000000 	136.124939 	65.802734 	132.279999 	27.892651 	77.491936 	86.539009 	114.908661 	
124.482933 	9.219544 	58.872746 	9.486833 	11.661903 	17.029387 	20.880613 	67.067131 	110.679718 	19.104973 	41.109608 	121.827744 	41.194660 	79.056938 	46.043457 	122.065559 	999.000000 	110.390221 	82.540901 	42.296574 	71.805290 	57.140179 	52.000000 	44.407207 	46.270943 	79.812279 	46.389652 	53.037724 	61.131008 	77.878113 	83.934502 	34.985710 	80.808418 	150.233154 	85.375641 	80.062477 	115.831772 	74.330345 	81.049370 	83.360664 	84.528099 	46.615448 	58.694122 	132.924789 	34.785053 	81.301903 	37.121422 	115.316956 	74.060783 	67.742157 	48.826221 	
14.212670 	109.713264 	59.933296 	118.793938 	107.712578 	127.310646 	101.400200 	55.027267 	15.620500 	125.399361 	87.658424 	18.439089 	88.549423 	50.358715 	84.581322 	19.646883 	110.390221 	999.000000 	48.093658 	89.000000 	60.016663 	74.946648 	80.411446 	89.050545 	87.321243 	54.147945 	88.238312 	81.932899 	73.763138 	58.215118 	53.000000 	144.312164 	58.034473 	40.000000 	55.036350 	62.032249 	33.241539 	68.359344 	62.008064 	60.008331 	59.033890 	100.463921 	87.091904 	32.388271 	128.701202 	68.000000 	125.538841 	41.231056 	78.313469 	86.145226 	110.860275 	
60.207973 	78.294319 	23.769728 	88.639717 	75.584389 	97.575615 	66.730804 	15.524175 	38.275318 	92.282173 	47.634022 	48.754486 	48.270073 	3.605551 	43.185646 	48.301140 	82.540901 	48.093658 	999.000000 	48.166378 	13.601471 	31.144823 	37.483330 	47.381432 	45.254833 	6.082763 	45.967381 	38.288380 	28.600698 	10.198039 	5.830952 	111.646767 	10.049875 	80.056229 	8.602325 	14.035668 	35.383614 	20.396078 	14.142136 	12.649111 	12.083046 	57.008770 	41.182522 	55.443665 	89.938866 	20.223749 	85.562843 	33.120991 	30.265491 	38.600517 	66.850578 	
102.883430 	35.014282 	29.068884 	45.177429 	32.015621 	53.600372 	22.022715 	35.000000 	83.815269 	46.173584 	2.236068 	95.000000 	1.414214 	44.598206 	5.000000 	94.810333 	42.296574 	89.000000 	48.166378 	999.000000 	35.000000 	17.492855 	11.180340 	2.236068 	4.000000 	43.600460 	4.123106 	11.401754 	21.023796 	40.496914 	47.434166 	65.000000 	43.046486 	125.924583 	48.020828 	41.146080 	83.546394 	34.176014 	42.047592 	44.721359 	46.065170 	13.038404 	16.492422 	103.276329 	41.773197 	40.804413 	37.536648 	80.802231 	32.062439 	25.495098 	23.086792 	
72.801102 	66.730804 	15.811388 	77.162170 	63.906181 	86.034874 	54.625999 	9.899495 	51.478149 	80.056229 	34.669872 	62.177166 	35.227829 	10.295630 	30.000000 	61.773781 	71.805290 	60.016663 	13.601471 	35.000000 	999.000000 	17.691807 	24.083189 	34.058773 	31.890438 	8.602325 	32.557640 	24.758837 	15.000000 	6.082763 	12.529964 	99.297531 	9.055386 	93.477272 	13.601471 	9.486833 	48.795490 	9.848858 	10.440307 	12.041595 	13.000000 	43.416588 	27.730848 	69.028976 	76.694199 	14.212670 	72.180328 	45.803928 	19.416489 	26.172504 	53.254108 	
88.391174 	50.990196 	17.117243 	61.392181 	48.052055 	70.092796 	38.327538 	19.924858 	68.095520 	63.324562 	17.464249 	79.075912 	17.888544 	27.658634 	12.529964 	78.771820 	57.140179 	74.946648 	31.144823 	17.492855 	17.691807 	999.000000 	6.403124 	16.401220 	14.212670 	26.248810 	14.866069 	7.211102 	4.000000 	23.021729 	30.000000 	82.346825 	25.553865 	110.276924 	30.528675 	23.769728 	66.468040 	17.262676 	24.698177 	27.313000 	28.635643 	26.076809 	13.038404 	86.556343 	59.033890 	24.186773 	54.488529 	63.411354 	18.384777 	17.204651 	36.235340 	
94.021271 	45.398239 	21.213203 	55.731499 	42.426407 	64.327286 	32.557640 	25.495098 	74.094536 	57.245087 	11.401754 	85.146935 	11.704700 	33.970577 	6.324555 	84.876381 	52.000000 	80.411446 	37.483330 	11.180340 	24.083189 	6.403124 	999.000000 	10.000000 	7.810250 	32.649654 	8.485281 	2.236068 	9.848858 	29.410883 	36.400551 	76.157730 	31.906113 	116.284134 	36.891735 	29.966648 	72.835434 	23.086792 	30.870699 	33.541019 	34.885529 	20.124611 	10.816654 	92.849342 	52.630791 	29.832869 	48.104053 	69.814041 	22.203604 	18.027756 	30.463093 	
102.859123 	37.000000 	29.154760 	47.095646 	34.000000 	55.443665 	24.000000 	34.669872 	83.486526 	47.801674 	4.242640 	94.625580 	3.605551 	43.840622 	4.472136 	94.403389 	44.407207 	89.050545 	47.381432 	2.236068 	34.058773 	16.401220 	10.000000 	999.000000 	2.236068 	42.638012 	2.000000 	9.848858 	19.723083 	39.408119 	46.400433 	66.483078 	41.880783 	125.642349 	46.872166 	39.824615 	82.758682 	32.695564 	40.706264 	43.416588 	44.777225 	12.041595 	14.317822 	102.649887 	42.638012 	39.217342 	38.183765 	79.812279 	30.149628 	23.345236 	22.360680 	
101.079178 	39.012817 	27.513634 	49.162994 	36.013885 	57.558666 	26.019224 	32.756680 	81.541397 	50.000000 	5.385165 	92.655273 	5.099020 	41.725292 	3.000000 	92.417534 	46.270943 	87.321243 	45.254833 	4.000000 	31.890438 	14.212670 	7.810250 	2.236068 	999.000000 	40.459858 	1.000000 	7.615773 	17.492855 	37.202152 	44.204071 	68.709534 	39.661064 	123.713379 	44.654228 	37.589893 	80.622574 	30.463093 	38.470768 	41.182522 	42.544094 	13.341664 	12.649111 	100.568382 	44.821869 	37.000000 	40.311287 	77.620872 	28.071337 	21.587032 	23.769728 	
66.287254 	75.026665 	22.000000 	85.440041 	72.235725 	94.339813 	63.071388 	14.142136 	44.271889 	88.549423 	43.266617 	54.625999 	43.829212 	4.472136 	38.600517 	54.129475 	79.812279 	54.147945 	6.082763 	43.600460 	8.602325 	26.248810 	32.649654 	42.638012 	40.459858 	999.000000 	41.109608 	33.241539 	23.345236 	4.123106 	4.123106 	107.823929 	4.472136 	85.906929 	6.082763 	8.246211 	40.360870 	14.317822 	8.544003 	7.810250 	7.810250 	51.739735 	35.510563 	60.802959 	85.276024 	14.560220 	80.721741 	37.202152 	24.186773 	32.572994 	61.400326 	
101.980392 	39.000000 	28.460499 	49.091751 	36.000000 	57.428215 	26.000000 	33.615471 	82.377182 	49.729267 	5.830952 	93.477272 	5.385165 	42.449970 	4.000000 	93.230896 	46.389652 	88.238312 	45.967381 	4.123106 	32.557640 	14.866069 	8.485281 	2.000000 	1.000000 	41.109608 	999.000000 	8.062258 	18.027756 	37.802116 	44.821869 	68.352028 	40.224369 	124.555206 	45.221676 	38.078865 	81.320351 	30.870699 	38.948685 	41.677334 	43.046486 	12.369317 	12.369317 	101.316338 	44.204071 	37.336308 	39.623226 	78.243210 	28.160255 	21.377558 	22.803509 	
95.462036 	46.173584 	23.086792 	56.435802 	43.185646 	64.938431 	33.241539 	26.925823 	75.292763 	57.567352 	12.041595 	86.284416 	12.165525 	34.828148 	7.000000 	85.982559 	53.037724 	81.932899 	38.288380 	11.401754 	24.758837 	7.211102 	2.236068 	9.848858 	7.615773 	33.241539 	8.062258 	999.000000 	10.000000 	29.832869 	36.878178 	76.321686 	32.202484 	117.477661 	37.202152 	30.016663 	73.552704 	22.847319 	30.886890 	33.615471 	34.985710 	18.867962 	8.602325 	93.723000 	52.201534 	29.410883 	47.507893 	70.292244 	21.023796 	16.124516 	29.068884 	
86.977005 	54.918121 	18.027756 	65.306969 	51.971146 	73.979729 	42.201897 	19.104973 	66.189125 	67.067131 	21.189621 	77.025970 	21.540659 	25.238859 	16.155495 	76.661591 	61.131008 	73.763138 	28.600698 	21.023796 	15.000000 	4.000000 	9.848858 	19.723083 	17.492855 	23.345236 	18.027756 	10.000000 	999.000000 	19.849434 	26.907248 	86.005814 	22.203604 	108.300507 	27.202942 	20.124611 	63.702435 	13.341664 	21.023796 	23.706539 	25.059929 	28.425341 	13.341664 	84.023804 	62.201286 	20.223749 	57.489128 	60.307545 	14.764823 	15.231546 	38.275318 	
70.405968 	72.732384 	21.377558 	83.168503 	69.892776 	92.027168 	60.539242 	14.317822 	48.383881 	85.906929 	40.311287 	58.694122 	40.816662 	8.062258 	35.510563 	58.180752 	77.878113 	58.215118 	10.198039 	40.496914 	6.082763 	23.021729 	29.410883 	39.408119 	37.202152 	4.123106 	37.802116 	29.832869 	19.849434 	999.000000 	7.071068 	105.095192 	3.000000 	89.961105 	7.615773 	5.000000 	44.045429 	10.198039 	5.656854 	6.324555 	7.071068 	48.104053 	31.622776 	64.637451 	82.006096 	11.180340 	77.336922 	40.459858 	20.099751 	28.460499 	57.628117 	
64.629715 	79.120163 	26.019224 	89.537704 	76.321686 	98.432716 	67.119293 	18.027756 	42.201897 	92.574295 	47.169907 	52.201534 	47.707443 	6.708204 	42.438190 	51.623638 	83.934502 	53.000000 	5.830952 	47.434166 	12.529964 	30.000000 	36.400551 	46.400433 	44.204071 	4.123106 	44.821869 	36.878178 	26.907248 	7.071068 	999.000000 	111.825760 	5.385165 	83.384651 	2.828427 	9.219544 	37.013512 	16.552946 	9.055386 	7.071068 	6.324555 	55.172459 	38.600517 	57.688820 	89.022469 	15.000000 	84.386017 	33.421551 	25.961510 	34.928497 	64.660652 	
158.492905 	34.655445 	89.050545 	25.806976 	36.878178 	18.384777 	44.944408 	96.798759 	143.282944 	19.416489 	64.884514 	154.563904 	64.474800 	108.046288 	69.856995 	154.673843 	34.985710 	144.312164 	111.646767 	65.000000 	99.297531 	82.346825 	76.157730 	66.483078 	68.709534 	107.823929 	68.352028 	76.321686 	86.005814 	105.095192 	111.825760 	999.000000 	107.786827 	183.853195 	112.698715 	106.103722 	146.441116 	99.161484 	107.018692 	109.658562 	110.981979 	62.169125 	78.847954 	164.805954 	29.154760 	105.688217 	35.128338 	144.754959 	95.880135 	87.321243 	58.034473 	
69.871307 	75.584389 	24.331051 	86.023254 	72.732384 	94.868332 	63.324562 	17.088007 	47.539455 	88.639717 	42.941822 	57.584721 	43.416588 	8.944272 	38.078865 	57.008770 	80.808418 	58.034473 	10.049875 	43.046486 	9.055386 	25.553865 	31.906113 	41.880783 	39.661064 	4.472136 	40.224369 	32.202484 	22.203604 	3.000000 	5.385165 	107.786827 	999.000000 	88.769363 	5.000000 	4.000000 	42.201897 	11.180340 	4.123106 	3.605551 	4.123106 	50.209560 	33.421551 	62.968246 	84.403793 	10.198039 	79.649231 	38.209946 	20.615528 	29.546574 	59.548298 	
26.419689 	149.201202 	97.200821 	158.492905 	147.085007 	167.092789 	140.264038 	90.972527 	42.190044 	164.769531 	124.851913 	31.304953 	125.670204 	83.186539 	121.202309 	31.780497 	150.233154 	40.000000 	80.056229 	125.924583 	93.477272 	110.276924 	116.284134 	125.642349 	123.713379 	85.906929 	124.555206 	117.477661 	108.300507 	89.961105 	83.384651 	183.853195 	88.769363 	999.000000 	84.504440 	92.477028 	48.836460 	99.924973 	92.114059 	89.537704 	88.255310 	136.341476 	121.198181 	29.000000 	166.817261 	97.406364 	163.217651 	56.320511 	109.201645 	118.308914 	146.485489 	
66.370171 	80.324341 	28.017851 	90.757919 	77.491936 	99.624290 	68.154236 	20.223749 	43.737854 	93.520050 	47.885281 	53.450912 	48.373547 	9.433981 	43.046486 	52.810986 	85.375641 	55.036350 	8.602325 	48.020828 	13.601471 	30.528675 	36.891735 	46.872166 	44.654228 	6.082763 	45.221676 	37.202152 	27.202942 	7.615773 	2.828427 	112.698715 	5.000000 	84.504440 	999.000000 	8.062258 	37.443291 	15.811388 	7.615773 	5.099020 	4.000000 	55.172459 	38.288380 	58.309521 	89.403580 	13.152946 	84.646324 	33.241539 	24.698177 	34.000000 	64.443771 	
73.824112 	74.464760 	25.298222 	84.899940 	71.568146 	93.680305 	61.983868 	18.867962 	51.419842 	87.091904 	41.231056 	61.351448 	41.629318 	12.649111 	36.249138 	60.745369 	80.062477 	62.032249 	14.035668 	41.146080 	9.486833 	23.769728 	29.966648 	39.824615 	37.589893 	8.246211 	38.078865 	30.016663 	20.124611 	5.000000 	9.219544 	106.103722 	4.000000 	92.477028 	8.062258 	999.000000 	45.486263 	7.810250 	1.000000 	3.605551 	5.000000 	47.507893 	30.413813 	66.370171 	82.097504 	6.324555 	77.201035 	41.036568 	16.763054 	25.942244 	56.586216 	
37.696156 	112.507774 	57.454330 	122.674362 	109.931801 	131.609268 	101.513542 	49.648766 	17.691807 	127.027557 	82.975899 	20.615528 	83.630135 	38.948685 	78.568443 	19.416489 	115.831772 	33.241539 	35.383614 	83.546394 	48.795490 	66.468040 	72.835434 	82.758682 	80.622574 	40.360870 	81.320351 	73.552704 	63.702435 	44.045429 	37.013512 	146.441116 	42.201897 	48.836460 	37.443291 	45.486263 	999.000000 	53.254108 	44.944408 	42.190044 	40.816662 	92.097771 	75.604233 	21.023796 	125.319588 	49.648766 	120.933868 	8.544003 	61.773781 	71.344238 	101.671036 	
80.603973 	68.249542 	23.600847 	78.644768 	65.306969 	87.321243 	55.542778 	19.416489 	58.523499 	80.324341 	34.481880 	68.709534 	34.785053 	18.027756 	29.410883 	68.154236 	74.330345 	68.359344 	20.396078 	34.176014 	9.848858 	17.262676 	23.086792 	32.695564 	30.463093 	14.317822 	30.870699 	22.847319 	13.341664 	10.198039 	16.552946 	99.161484 	11.180340 	99.924973 	15.811388 	7.810250 	53.254108 	999.000000 	8.485281 	11.313708 	12.727922 	39.824615 	22.627417 	74.094536 	74.625732 	7.000000 	69.634758 	48.836460 	10.000000 	18.384777 	48.795490 	
73.681747 	75.432091 	26.248810 	85.866173 	72.532753 	94.641426 	62.936478 	19.723083 	51.195702 	88.022728 	42.154476 	61.032780 	42.544094 	13.000000 	37.161808 	60.406952 	81.049370 	62.008064 	14.142136 	42.047592 	10.440307 	24.698177 	30.870699 	40.706264 	38.470768 	8.544003 	38.948685 	30.886890 	21.023796 	5.656854 	9.055386 	107.018692 	4.123106 	92.114059 	7.615773 	1.000000 	44.944408 	8.485281 	999.000000 	2.828427 	4.242640 	48.270073 	31.112698 	65.863495 	82.927681 	6.082763 	78.006409 	40.360870 	17.088007 	26.419689 	57.280014 	
71.449280 	77.884529 	27.658634 	88.323273 	75.000000 	97.123634 	65.459915 	20.615528 	48.836460 	90.620087 	44.777225 	58.523499 	45.188496 	12.206555 	39.812057 	57.870544 	83.360664 	60.008331 	12.649111 	44.721359 	12.041595 	27.313000 	33.541019 	43.416588 	41.182522 	7.810250 	41.677334 	33.615471 	23.706539 	6.324555 	7.071068 	109.658562 	3.605551 	89.537704 	5.099020 	3.605551 	42.190044 	11.313708 	2.828427 	999.000000 	1.414214 	51.088158 	33.941124 	63.134777 	85.702972 	8.062258 	80.802231 	37.536648 	19.697716 	29.154760 	60.108234 	
70.349129 	79.120163 	28.442924 	89.560036 	76.243034 	98.371742 	66.730804 	21.189621 	47.675991 	91.923882 	46.097721 	57.280014 	46.518814 	12.041595 	41.146080 	56.612720 	84.528099 	59.033890 	12.083046 	46.065170 	13.000000 	28.635643 	34.885529 	44.777225 	42.544094 	7.810250 	43.046486 	34.985710 	25.059929 	7.071068 	6.324555 	110.981979 	4.123106 	88.255310 	4.000000 	5.000000 	40.816662 	12.727922 	4.242640 	1.414214 	999.000000 	52.497620 	35.355339 	61.773781 	87.091904 	9.219544 	82.200974 	36.124783 	21.023796 	30.528675 	61.522354 	
114.127121 	37.947330 	40.804413 	46.872166 	35.114101 	54.230988 	25.942244 	45.617977 	94.154129 	45.011108 	15.132746 	105.152267 	14.142136 	53.600372 	16.278820 	104.847511 	46.615448 	100.463921 	57.008770 	13.038404 	43.416588 	26.076809 	20.124611 	12.041595 	13.341664 	51.739735 	12.369317 	18.867962 	28.425341 	48.104053 	55.172459 	62.169125 	50.209560 	136.341476 	55.172459 	47.507893 	92.097771 	39.824615 	48.270073 	51.088158 	52.497620 	999.000000 	17.492855 	112.445541 	35.341194 	45.486263 	30.016663 	88.413803 	34.438351 	25.298222 	10.440307 	
100.244698 	51.088158 	30.149628 	61.000000 	48.093658 	69.115845 	38.118237 	32.388271 	79.202271 	60.827625 	18.027756 	89.894379 	17.720045 	38.013157 	13.892444 	89.470665 	58.694122 	87.091904 	41.182522 	16.492422 	27.730848 	13.038404 	10.816654 	14.317822 	12.649111 	35.510563 	12.369317 	8.602325 	13.341664 	31.622776 	38.600517 	78.847954 	33.421551 	121.198181 	38.288380 	30.413813 	75.604233 	22.627417 	31.112698 	33.941124 	35.355339 	17.492855 	999.000000 	96.260063 	52.773098 	28.017851 	47.507893 	71.449280 	17.088007 	9.055386 	26.172504 	
28.017851 	130.430054 	75.927597 	140.346008 	128.003906 	149.214615 	120.104118 	68.622154 	23.086792 	145.416641 	102.532921 	14.035668 	103.247276 	58.898216 	98.351410 	13.000000 	132.924789 	32.388271 	55.443665 	103.276329 	69.028976 	86.556343 	92.849342 	102.649887 	100.568382 	60.802959 	101.316338 	93.723000 	84.023804 	64.637451 	57.688820 	164.805954 	62.968246 	29.000000 	58.309521 	66.370171 	21.023796 	74.094536 	65.863495 	63.134777 	61.773781 	112.445541 	96.260063 	999.000000 	144.958618 	70.661163 	140.801285 	27.658634 	82.764725 	92.282173 	122.200653 	
142.835571 	27.294687 	69.656296 	27.784887 	27.018513 	29.732138 	28.460499 	76.419891 	124.963997 	19.104973 	42.426407 	136.235092 	41.725292 	86.371292 	46.754681 	136.124939 	34.785053 	128.701202 	89.938866 	41.773197 	76.694199 	59.033890 	52.630791 	42.638012 	44.821869 	85.276024 	44.204071 	52.201534 	62.201286 	82.006096 	89.022469 	29.154760 	84.403793 	166.817261 	89.403580 	82.097504 	125.319588 	74.625732 	82.927681 	85.702972 	87.091904 	35.341194 	52.773098 	144.958618 	999.000000 	80.622574 	6.000000 	122.441826 	69.778221 	60.539242 	29.427877 	
79.511009 	75.133217 	29.529646 	85.510231 	72.180328 	94.148819 	62.369865 	24.083189 	56.885849 	86.977005 	41.231056 	66.483078 	41.484936 	18.973665 	36.138622 	65.802734 	81.301903 	68.000000 	20.223749 	40.804413 	14.212670 	24.186773 	29.832869 	39.217342 	37.000000 	14.560220 	37.336308 	29.410883 	20.223749 	11.180340 	15.000000 	105.688217 	10.198039 	97.406364 	13.152946 	6.324555 	49.648766 	7.000000 	6.082763 	8.062258 	9.219544 	45.486263 	28.017851 	70.661163 	80.622574 	999.000000 	75.471848 	44.407207 	12.206555 	22.022715 	53.907330 	
139.606583 	28.792360 	66.030296 	31.240999 	27.892651 	34.409302 	27.166155 	72.470680 	121.210564 	23.600847 	38.418747 	132.438660 	37.643059 	82.024384 	42.449970 	132.279999 	37.121422 	125.538841 	85.562843 	37.536648 	72.180328 	54.488529 	48.104053 	38.183765 	40.311287 	80.721741 	39.623226 	47.507893 	57.489128 	77.336922 	84.386017 	35.128338 	79.649231 	163.217651 	84.646324 	77.201035 	120.933868 	69.634758 	78.006409 	80.802231 	82.200974 	30.016663 	47.507893 	140.801285 	6.000000 	75.471848 	999.000000 	117.796432 	64.412735 	55.036350 	23.537205 	
46.238514 	111.359779 	56.462376 	121.671692 	108.673820 	130.613937 	99.849884 	48.332184 	25.612497 	125.399361 	80.448738 	29.120440 	81.024689 	36.715118 	75.802376 	27.892651 	115.316956 	41.231056 	33.120991 	80.802231 	45.803928 	63.411354 	69.814041 	79.812279 	77.620872 	37.202152 	78.243210 	70.292244 	60.307545 	40.459858 	33.421551 	144.754959 	38.209946 	56.320511 	33.241539 	41.036568 	8.544003 	48.836460 	40.360870 	37.536648 	36.124783 	88.413803 	71.449280 	27.658634 	122.441826 	44.407207 	117.796432 	999.000000 	56.612720 	66.400299 	97.621719 	
90.426765 	67.067131 	30.610456 	77.233414 	64.070274 	85.586212 	54.083271 	28.231188 	68.154236 	77.665955 	33.000000 	78.108902 	33.015148 	28.017851 	28.017851 	77.491936 	74.060783 	78.313469 	30.265491 	32.062439 	19.416489 	18.384777 	22.203604 	30.149628 	28.071337 	24.186773 	28.160255 	21.023796 	14.764823 	20.099751 	25.961510 	95.880135 	20.615528 	109.201645 	24.698177 	16.763054 	61.773781 	10.000000 	17.088007 	19.697716 	21.023796 	34.438351 	17.088007 	82.764725 	69.778221 	12.206555 	64.412735 	56.612720 	999.000000 	9.899495 	42.201897 	
98.716766 	60.133186 	33.241539 	70.007141 	57.140179 	78.057671 	47.169907 	33.241539 	76.843994 	69.584480 	26.925823 	87.091904 	26.683329 	35.902645 	22.472204 	86.539009 	67.742157 	86.145226 	38.600517 	25.495098 	26.172504 	17.204651 	18.027756 	23.345236 	21.587032 	32.572994 	21.377558 	16.124516 	15.231546 	28.460499 	34.928497 	87.321243 	29.546574 	118.308914 	34.000000 	25.942244 	71.344238 	18.384777 	26.419689 	29.154760 	30.528675 	25.298222 	9.055386 	92.282173 	60.539242 	22.022715 	55.036350 	66.400299 	9.899495 	999.000000 	32.449963 	
124.482933 	39.661064 	51.244511 	47.010635 	37.202152 	53.160137 	29.732138 	55.946404 	104.316826 	42.953465 	25.019993 	115.247559 	24.020824 	63.513779 	26.683329 	114.908661 	48.826221 	110.860275 	66.850578 	23.086792 	53.254108 	36.235340 	30.463093 	22.360680 	23.769728 	61.400326 	22.803509 	29.068884 	38.275318 	57.628117 	64.660652 	58.034473 	59.548298 	146.485489 	64.443771 	56.586216 	101.671036 	48.795490 	57.280014 	60.108234 	61.522354 	10.440307 	26.172504 	122.200653 	29.427877 	53.907330 	23.537205 	97.621719 	42.201897 	32.449963 	999.000000 	

Travel time:
9.000000 	3.097681 	1.845603 	3.323590 	3.047950 	3.535711 	2.890069 	1.713549 	0.575543 	3.490075 	2.539931 	0.437321 	2.561860 	1.570430 	2.459675 	0.471699 	3.112073 	0.355317 	1.505199 	2.572086 	1.820028 	2.209779 	2.350532 	2.571478 	2.526979 	1.657181 	2.549510 	2.386551 	2.174425 	1.760149 	1.615743 	3.962323 	1.746783 	0.660492 	1.659254 	1.845603 	0.942404 	2.015099 	1.842044 	1.786232 	1.758728 	2.853178 	2.506117 	0.700446 	3.570889 	1.987775 	3.490165 	1.155963 	2.260669 	2.467919 	3.112073 	
3.097681 	9.000000 	1.376817 	0.261008 	0.075000 	0.482830 	0.325000 	1.576586 	2.717651 	0.395285 	0.853302 	2.999271 	0.851469 	1.868321 	0.980115 	3.002603 	0.230489 	2.742832 	1.957358 	0.875357 	1.668270 	1.274755 	1.134956 	0.925000 	0.975320 	1.875667 	0.975000 	1.154340 	1.372953 	1.818310 	1.978004 	0.866386 	1.889610 	3.730030 	2.008109 	1.861619 	2.812694 	1.706239 	1.885802 	1.947113 	1.978004 	0.948683 	1.277204 	3.260751 	0.682367 	1.878330 	0.719809 	2.783994 	1.676678 	1.503330 	0.991527 	
1.845603 	1.376817 	9.000000 	1.632483 	1.311964 	1.856071 	1.105102 	0.206155 	1.382932 	1.740869 	0.694622 	1.665083 	0.716327 	0.509902 	0.617454 	1.663205 	1.471819 	1.498332 	0.594243 	0.726722 	0.395285 	0.427931 	0.530330 	0.728869 	0.687841 	0.550000 	0.711512 	0.577170 	0.450694 	0.534439 	0.650481 	2.226264 	0.608276 	2.430021 	0.700446 	0.632456 	1.436358 	0.590021 	0.656220 	0.691466 	0.711073 	1.020110 	0.753741 	1.898190 	1.741407 	0.738241 	1.650757 	1.411559 	0.765261 	0.831038 	1.281113 	
3.323590 	0.261008 	1.632483 	9.000000 	0.333542 	0.223607 	0.579871 	1.833712 	2.960152 	0.251247 	1.110180 	3.240756 	1.107080 	2.127205 	1.237437 	3.245189 	0.237171 	2.969848 	2.215993 	1.129436 	1.929054 	1.534805 	1.393287 	1.177391 	1.229075 	2.136001 	1.227294 	1.410895 	1.632674 	2.079213 	2.238443 	0.645174 	2.150581 	3.962323 	2.268948 	2.122499 	3.066859 	1.966119 	2.146654 	2.208082 	2.239001 	1.171804 	1.525000 	3.508650 	0.694622 	2.137756 	0.781025 	3.041792 	1.930835 	1.750179 	1.175266 	
3.047950 	0.075000 	1.311964 	0.333542 	9.000000 	0.553399 	0.250000 	1.510381 	2.660122 	0.442295 	0.778621 	2.942151 	0.776611 	1.800347 	0.905539 	2.944911 	0.291548 	2.692814 	1.889610 	0.800391 	1.597655 	1.201301 	1.060660 	0.850000 	0.900347 	1.805893 	0.900000 	1.079641 	1.299279 	1.747319 	1.908042 	0.921954 	1.818310 	3.677125 	1.937298 	1.789204 	2.748295 	1.632674 	1.813319 	1.875000 	1.906076 	0.877853 	1.202341 	3.200098 	0.675463 	1.804508 	0.697316 	2.716846 	1.601757 	1.428504 	0.930054 	
3.535711 	0.482830 	1.856071 	0.223607 	0.553399 	9.000000 	0.794512 	2.057304 	3.180016 	0.270416 	1.323820 	3.460130 	1.319327 	2.350532 	1.451293 	3.465003 	0.425735 	3.182766 	2.439390 	1.340009 	2.150872 	1.752320 	1.608182 	1.386092 	1.438967 	2.358495 	1.435705 	1.623461 	1.849493 	2.300679 	2.460818 	0.459619 	2.371708 	4.177320 	2.490607 	2.342008 	3.290232 	2.183031 	2.366036 	2.428091 	2.459294 	1.355775 	1.727896 	3.730365 	0.743303 	2.353720 	0.860233 	3.265348 	2.139655 	1.951442 	1.329003 	
2.890069 	0.325000 	1.105102 	0.579871 	0.250000 	0.794512 	9.000000 	1.296630 	2.475126 	0.638847 	0.530330 	2.757943 	0.527376 	1.578369 	0.657647 	2.758623 	0.522015 	2.535005 	1.668270 	0.550568 	1.365650 	0.958188 	0.813941 	0.600000 	0.650481 	1.576785 	0.650000 	0.831038 	1.055047 	1.513481 	1.677982 	1.123610 	1.583114 	3.506601 	1.703856 	1.549597 	2.537838 	1.388569 	1.573412 	1.636498 	1.668270 	0.648556 	0.952956 	3.002603 	0.711512 	1.559247 	0.679154 	2.496247 	1.352082 	1.179248 	0.743303 	
1.713549 	1.576586 	0.206155 	1.833712 	1.510381 	2.057304 	1.296630 	9.000000 	1.220656 	1.934716 	0.851469 	1.500000 	0.870704 	0.304138 	0.755811 	1.495410 	1.676678 	1.375682 	0.388104 	0.875000 	0.247487 	0.498121 	0.637377 	0.866747 	0.818917 	0.353553 	0.840387 	0.673146 	0.477624 	0.357946 	0.450694 	2.419969 	0.427200 	2.274313 	0.505594 	0.471699 	1.241219 	0.485412 	0.493077 	0.515388 	0.529741 	1.140449 	0.809707 	1.715554 	1.910497 	0.602080 	1.811767 	1.208305 	0.705780 	0.831038 	1.398660 	
0.575543 	2.717651 	1.382932 	2.960152 	2.660122 	3.180016 	2.475126 	1.220656 	9.000000 	3.099698 	2.070024 	0.282843 	2.090006 	1.030776 	1.976424 	0.285044 	2.766993 	0.390512 	0.956883 	2.095382 	1.286954 	1.702388 	1.852363 	2.087163 	2.038535 	1.106797 	2.059430 	1.882319 	1.654728 	1.209597 	1.055047 	3.582074 	1.188486 	1.054751 	1.093446 	1.285496 	0.442295 	1.463087 	1.279893 	1.220912 	1.191900 	2.353853 	1.980057 	0.577170 	3.124100 	1.422146 	3.030264 	0.640312 	1.703856 	1.921100 	2.607921 	
3.490075 	0.395285 	1.740869 	0.251247 	0.442295 	0.270416 	0.638847 	1.934716 	3.099698 	9.000000 	1.147007 	3.382030 	1.138530 	2.217121 	1.273038 	3.384246 	0.477624 	3.134984 	2.307054 	1.154340 	2.001406 	1.583114 	1.431127 	1.195042 	1.250000 	2.213736 	1.243232 	1.439184 	1.676678 	2.147673 	2.314357 	0.485412 	2.215993 	4.119238 	2.338001 	2.177298 	3.175689 	2.008109 	2.200568 	2.265502 	2.298097 	1.125278 	1.520691 	3.635416 	0.477624 	2.174425 	0.590021 	3.134984 	1.941649 	1.739612 	1.073837 	
2.539931 	0.853302 	0.694622 	1.110180 	0.778621 	1.323820 	0.530330 	0.851469 	2.070024 	1.147007 	9.000000 	2.350532 	0.025000 	1.101136 	0.127475 	2.346540 	1.027740 	2.191461 	1.190850 	0.055902 	0.866747 	0.436606 	0.285044 	0.106066 	0.134629 	1.081665 	0.145774 	0.301040 	0.529741 	1.007782 	1.179248 	1.622113 	1.073546 	3.121298 	1.197132 	1.030776 	2.074398 	0.862047 	1.053862 	1.119431 	1.152443 	0.378319 	0.450694 	2.563323 	1.060660 	1.030776 	0.960469 	2.011219 	0.825000 	0.673146 	0.625500 	
0.437321 	2.999271 	1.665083 	3.240756 	2.942151 	3.460130 	2.757943 	1.500000 	0.282843 	3.382030 	2.350532 	9.000000 	2.370258 	1.297112 	2.255271 	0.035355 	3.045694 	0.460977 	1.218862 	2.375000 	1.554429 	1.976898 	2.128673 	2.365639 	2.316382 	1.365650 	2.336932 	2.157110 	1.925649 	1.467353 	1.305038 	3.864098 	1.439618 	0.782624 	1.336273 	1.533786 	0.515388 	1.717738 	1.525820 	1.463087 	1.432000 	2.628807 	2.247360 	0.350892 	3.405877 	1.662077 	3.310966 	0.728011 	1.952723 	2.177298 	2.881189 	
2.561860 	0.851469 	0.716327 	1.107080 	0.776611 	1.319327 	0.527376 	0.870704 	2.090006 	1.138530 	0.025000 	2.370258 	9.000000 	1.117195 	0.134629 	2.366036 	1.029866 	2.213736 	1.206752 	0.035355 	0.880696 	0.447214 	0.292617 	0.090139 	0.127475 	1.095730 	0.134629 	0.304138 	0.538516 	1.020416 	1.192686 	1.611870 	1.085415 	3.141755 	1.209339 	1.040733 	2.090753 	0.869626 	1.063602 	1.129712 	1.162970 	0.353553 	0.443001 	2.581182 	1.043132 	1.037123 	0.941076 	2.025617 	0.825379 	0.667083 	0.600521 	
1.570430 	1.868321 	0.509902 	2.127205 	1.800347 	2.350532 	1.578369 	0.304138 	1.030776 	2.217121 	1.101136 	1.297112 	1.117195 	9.000000 	0.990581 	1.286954 	1.976424 	1.258968 	0.090139 	1.114955 	0.257391 	0.691466 	0.849264 	1.096016 	1.043132 	0.111803 	1.061249 	0.870704 	0.630971 	0.201556 	0.167705 	2.701157 	0.223607 	2.079664 	0.235850 	0.316228 	0.973717 	0.450694 	0.325000 	0.305164 	0.301040 	1.340009 	0.950329 	1.472455 	2.159282 	0.474342 	2.050610 	0.917878 	0.700446 	0.897566 	1.587844 	
2.459675 	0.980115 	0.617454 	1.237437 	0.905539 	1.451293 	0.657647 	0.755811 	1.976424 	1.273038 	0.127475 	2.255271 	0.134629 	0.990581 	9.000000 	2.250000 	1.151086 	2.114533 	1.079641 	0.125000 	0.750000 	0.313249 	0.158114 	0.111803 	0.075000 	0.965013 	0.100000 	0.175000 	0.403887 	0.887764 	1.060955 	1.746425 	0.951972 	3.030058 	1.076162 	0.906228 	1.964211 	0.735272 	0.929045 	0.995301 	1.028652 	0.406971 	0.347311 	2.458785 	1.168867 	0.903466 	1.061249 	1.895059 	0.700446 	0.561805 	0.667083 	
0.471699 	3.002603 	1.663205 	3.245189 	2.944911 	3.465003 	2.758623 	1.495410 	0.285044 	3.384246 	2.346540 	0.035355 	2.366036 	1.286954 	2.250000 	9.000000 	3.051639 	0.491172 	1.207528 	2.370258 	1.544345 	1.969296 	2.121910 	2.360085 	2.310438 	1.353237 	2.330772 	2.149564 	1.916540 	1.454519 	1.290591 	3.866846 	1.425219 	0.794512 	1.320275 	1.518634 	0.485412 	1.703856 	1.510174 	1.446764 	1.415318 	2.621188 	2.236767 	0.325000 	3.403123 	1.645068 	3.307000 	0.697316 	1.937298 	2.163475 	2.872716 	
3.112073 	0.230489 	1.471819 	0.237171 	0.291548 	0.425735 	0.522015 	1.676678 	2.766993 	0.477624 	1.027740 	3.045694 	1.029866 	1.976424 	1.151086 	3.051639 	9.000000 	2.759756 	2.063523 	1.057414 	1.795132 	1.428504 	1.300000 	1.110180 	1.156774 	1.995307 	1.159741 	1.325943 	1.528275 	1.946953 	2.098362 	0.874643 	2.020211 	3.755829 	2.134391 	2.001562 	2.895794 	1.858259 	2.026234 	2.084017 	2.113203 	1.165386 	1.467353 	3.323120 	0.869626 	2.032547 	0.928036 	2.882924 	1.851520 	1.693554 	1.220656 	
0.355317 	2.742832 	1.498332 	2.969848 	2.692814 	3.182766 	2.535005 	1.375682 	0.390512 	3.134984 	2.191461 	0.460977 	2.213736 	1.258968 	2.114533 	0.491172 	2.759756 	9.000000 	1.202341 	2.225000 	1.500417 	1.873666 	2.010286 	2.226264 	2.183031 	1.353699 	2.205958 	2.048322 	1.844078 	1.455378 	1.325000 	3.607804 	1.450862 	1.000000 	1.375909 	1.550806 	0.831038 	1.708984 	1.550202 	1.500208 	1.475847 	2.511598 	2.177298 	0.809707 	3.217530 	1.700000 	3.138471 	1.030776 	1.957837 	2.153631 	2.771507 	
1.505199 	1.957358 	0.594243 	2.215993 	1.889610 	2.439390 	1.668270 	0.388104 	0.956883 	2.307054 	1.190850 	1.218862 	1.206752 	0.090139 	1.079641 	1.207528 	2.063523 	1.202341 	9.000000 	1.204159 	0.340037 	0.778621 	0.937083 	1.184536 	1.131371 	0.152069 	1.149184 	0.957209 	0.715017 	0.254951 	0.145774 	2.791169 	0.251247 	2.001406 	0.215058 	0.350892 	0.884590 	0.509902 	0.353553 	0.316228 	0.302076 	1.425219 	1.029563 	1.386092 	2.248472 	0.505594 	2.139071 	0.828025 	0.756637 	0.965013 	1.671264 	
2.572086 	0.875357 	0.726722 	1.129436 	0.800391 	1.340009 	0.550568 	0.875000 	2.095382 	1.154340 	0.055902 	2.375000 	0.035355 	1.114955 	0.125000 	2.370258 	1.057414 	2.225000 	1.204159 	9.000000 	0.875000 	0.437321 	0.279509 	0.055902 	0.100000 	1.090011 	0.103078 	0.285044 	0.525595 	1.012423 	1.185854 	1.625000 	1.076162 	3.148115 	1.200521 	1.028652 	2.088660 	0.854400 	1.051190 	1.118034 	1.151629 	0.325960 	0.412311 	2.581908 	1.044330 	1.020110 	0.938416 	2.020056 	0.801561 	0.637377 	0.577170 	
1.820028 	1.668270 	0.395285 	1.929054 	1.597655 	2.150872 	1.365650 	0.247487 	1.286954 	2.001406 	0.866747 	1.554429 	0.880696 	0.257391 	0.750000 	1.544345 	1.795132 	1.500417 	0.340037 	0.875000 	9.000000 	0.442295 	0.602080 	0.851469 	0.797261 	0.215058 	0.813941 	0.618971 	0.375000 	0.152069 	0.313249 	2.482438 	0.226385 	2.336932 	0.340037 	0.237171 	1.219887 	0.246221 	0.261008 	0.301040 	0.325000 	1.085415 	0.693271 	1.725724 	1.917355 	0.355317 	1.804508 	1.145098 	0.485412 	0.654313 	1.331353 	
