Total assets = 598
Number of asset nodes = 33

Distance:
999.000000 	18.973665 	26.476404 	3.162278 	9.055386 	3.000000 	3.605551 	8.544003 	18.867962 	49.040798 	97.452553 	10.630146 	11.045361 	105.759163 	102.449989 	78.771820 	15.620500 	120.917328 	19.313208 	12.649111 	71.589104 	20.615528 	102.800781 	50.219517 	107.800743 	116.387283 	29.120440 	92.282173 	72.801102 	18.027756 	54.918121 	20.396078 	19.235384 	34.525352 	26.832815 	121.511314 	25.495098 	63.150612 	97.529480 	43.566040 	103.942291 	38.600517 	30.149628 	42.379242 	114.908661 	42.720020 	75.312683 	73.979729 	46.840153 	115.247559 	
18.973665 	999.000000 	45.354160 	16.552946 	10.295630 	20.124611 	18.357559 	13.453624 	37.576588 	30.083218 	79.931221 	16.401220 	25.495098 	88.391174 	84.899940 	60.207973 	10.000000 	104.350372 	13.000000 	22.803509 	52.773098 	38.013157 	85.041168 	31.400637 	90.027771 	99.005051 	17.204651 	73.783470 	53.851646 	25.942244 	36.221542 	34.058773 	24.698177 	20.000000 	42.426407 	104.004807 	23.021729 	44.407207 	78.892334 	28.178005 	85.440041 	25.495098 	41.677334 	29.732138 	96.519424 	30.413813 	56.568542 	55.326305 	33.015148 	96.798759 	
26.476404 	45.354160 	999.000000 	29.274563 	35.510563 	26.076809 	28.071337 	34.058773 	11.180340 	75.286118 	121.490738 	34.058773 	25.709921 	129.529922 	126.479248 	104.278473 	39.812057 	143.533966 	44.045429 	30.805843 	97.498718 	17.029387 	127.094452 	76.687675 	132.075729 	140.089264 	54.083271 	117.630775 	98.979797 	34.176014 	81.394104 	26.627054 	37.000000 	60.008331 	23.600847 	145.340973 	46.572525 	89.627007 	123.065025 	69.028976 	129.247818 	63.285069 	33.970577 	66.610809 	140.003571 	66.753281 	101.788994 	100.448990 	71.449280 	140.431473 	
3.162278 	16.552946 	29.274563 	999.000000 	6.324555 	3.605551 	2.236068 	5.385165 	21.023796 	46.615448 	95.775780 	7.810250 	10.770329 	104.139328 	100.767059 	76.661591 	14.764823 	119.553337 	16.155495 	11.045361 	69.318108 	21.931713 	101.044548 	47.539455 	106.042442 	114.769333 	25.961510 	90.210861 	70.384659 	16.278820 	52.172791 	20.248457 	17.088007 	31.400637 	27.459061 	119.854080 	22.627417 	60.415230 	95.383438 	40.447498 	101.872467 	35.440090 	29.614185 	39.217342 	112.898186 	39.560081 	72.567207 	71.196907 	43.680660 	113.207771 	
9.055386 	10.295630 	35.510563 	6.324555 	999.000000 	9.848858 	8.062258 	4.123106 	27.313000 	40.311287 	89.938866 	8.062258 	15.620500 	98.351410 	94.921021 	70.491135 	11.045361 	114.021927 	12.041595 	13.928389 	63.063461 	27.802877 	95.131485 	41.231056 	100.124924 	108.977058 	21.023796 	84.059502 	64.078079 	18.248287 	45.891174 	24.698177 	18.000000 	25.961510 	32.649654 	114.021927 	20.591261 	54.129475 	89.185204 	34.928497 	95.718338 	30.463093 	33.241539 	34.438351 	106.780151 	34.885529 	66.287254 	64.938431 	38.626415 	107.070068 	
3.000000 	20.124611 	26.076809 	3.605551 	9.848858 	999.000000 	2.000000 	8.000000 	17.464249 	50.159744 	99.357941 	8.944272 	8.062258 	107.712578 	104.350372 	80.262070 	18.027756 	123.069084 	18.439089 	9.848858 	72.897186 	18.384777 	104.637466 	50.960770 	109.635757 	118.342720 	28.442924 	93.813644 	73.925636 	15.231546 	55.542778 	17.464249 	16.643316 	34.132095 	24.186773 	123.434196 	23.600847 	63.788715 	98.979797 	43.185646 	105.475113 	37.854988 	27.166155 	41.484936 	116.503220 	41.761227 	75.927597 	74.525162 	46.097721 	116.811813 	
3.605551 	18.357559 	28.071337 	2.236068 	8.062258 	2.000000 	999.000000 	6.000000 	19.313208 	48.332184 	97.836601 	7.211102 	8.544003 	106.216759 	102.825096 	78.549347 	17.000000 	121.696342 	16.492422 	9.219544 	71.119621 	19.849434 	103.077644 	49.040798 	108.074051 	116.846054 	26.476404 	92.114059 	72.090218 	14.560220 	53.600372 	18.027756 	15.652476 	32.140316 	25.238859 	121.918007 	22.022715 	61.846584 	97.247108 	41.194660 	103.773796 	35.902645 	27.459061 	39.560081 	114.825958 	39.849716 	73.979729 	72.567207 	44.147480 	115.121674 	
8.544003 	13.453624 	34.058773 	5.385165 	4.123106 	8.000000 	6.000000 	999.000000 	25.000000 	42.941822 	93.380943 	4.000000 	12.041595 	101.833199 	98.351410 	73.498299 	15.132746 	117.686020 	10.770329 	9.848858 	65.863495 	24.698177 	98.493652 	43.324360 	103.479469 	112.449989 	20.615528 	87.091904 	66.640831 	14.142136 	47.801674 	20.808653 	14.035668 	26.172504 	29.000000 	117.456375 	17.804493 	56.044624 	92.114059 	35.227829 	98.737022 	30.083218 	29.154760 	33.837849 	109.859001 	34.176014 	68.154236 	66.708321 	38.327538 	110.113579 	
18.867962 	37.576588 	11.180340 	21.023796 	27.313000 	17.464249 	19.313208 	25.000000 	999.000000 	67.623962 	116.211014 	24.186773 	15.033297 	124.470879 	121.210564 	97.616600 	34.058773 	139.344894 	34.132095 	20.099751 	90.338257 	6.708204 	121.605919 	68.308128 	126.605690 	135.092560 	44.045429 	111.139549 	91.389275 	23.086792 	72.801102 	15.620500 	25.961510 	50.159744 	14.560220 	140.246216 	35.693138 	81.043198 	116.361504 	59.076221 	122.800652 	53.009434 	23.853722 	56.142673 	133.775925 	56.222771 	93.145050 	91.678787 	61.073727 	134.111893 	
49.040798 	30.083218 	75.286118 	46.615448 	40.311287 	50.159744 	48.332184 	42.941822 	67.623962 	999.000000 	53.254108 	44.944408 	54.708317 	61.854668 	58.008621 	31.144823 	36.345562 	79.259071 	36.878178 	51.039200 	23.021729 	67.601776 	57.628117 	6.708204 	62.481998 	72.201111 	30.805843 	44.687805 	23.769728 	52.497620 	10.630146 	62.201286 	50.249378 	25.942244 	71.028160 	76.837494 	43.416588 	16.763054 	49.406479 	24.186773 	56.222771 	29.410883 	67.896980 	31.575306 	67.475922 	32.557640 	28.160255 	27.459061 	30.016663 	67.623962 	
97.452553 	79.931221 	121.490738 	95.775780 	89.938866 	99.357941 	97.836601 	93.380943 	116.211014 	53.254108 	999.000000 	96.166519 	105.418213 	8.602325 	5.000000 	24.041630 	82.200974 	26.570660 	89.375610 	102.532921 	32.893768 	117.686020 	6.082763 	56.824291 	10.770329 	19.104973 	84.053551 	15.524175 	35.902645 	104.804581 	55.542778 	113.846390 	102.825096 	79.075912 	122.347862 	24.083189 	96.607452 	50.960770 	18.027756 	75.584389 	16.643316 	81.884064 	120.507263 	83.192551 	22.022715 	84.095184 	47.042534 	49.091751 	80.230919 	23.086792 	
10.630146 	16.401220 	34.058773 	7.810250 	8.062258 	8.944272 	7.211102 	4.000000 	24.186773 	44.944408 	96.166519 	999.000000 	9.848858 	104.661362 	101.118744 	75.802376 	19.104973 	120.739388 	10.000000 	6.403124 	67.955872 	22.847319 	101.178062 	44.777225 	106.150833 	115.260574 	20.024984 	89.403580 	68.476273 	10.198039 	49.040798 	17.691807 	10.049875 	26.019224 	26.248810 	120.216469 	14.866069 	57.245087 	94.302704 	35.000000 	101.019798 	29.274563 	25.495098 	32.756680 	112.200714 	32.984844 	69.260376 	67.720009 	37.483330 	112.414413 	
11.045361 	25.495098 	25.709921 	10.770329 	15.620500 	8.062258 	8.544003 	12.041595 	15.033297 	54.708317 	105.418213 	9.848858 	999.000000 	113.863953 	110.390221 	85.445892 	25.495098 	129.634094 	19.416489 	5.099020 	77.698135 	13.000000 	110.535065 	54.625999 	115.520561 	124.482933 	29.154760 	99.045441 	78.294319 	9.219544 	58.872746 	9.486833 	11.661903 	35.355339 	17.029387 	129.495178 	20.880613 	67.067131 	104.009613 	44.181442 	110.679718 	38.000000 	19.104973 	41.109608 	121.827744 	41.194660 	79.056938 	77.491936 	46.043457 	122.065559 	
105.759163 	88.391174 	129.529922 	104.139328 	98.351410 	107.712578 	106.216759 	101.833199 	124.470879 	61.854668 	8.602325 	104.661362 	113.863953 	999.000000 	4.123106 	32.310989 	90.426765 	18.439089 	97.948967 	111.036034 	41.231056 	126.063477 	6.082763 	65.368187 	5.830952 	10.630146 	92.655273 	22.022715 	43.965897 	113.357841 	63.976559 	122.347862 	111.395691 	87.664131 	130.816666 	15.811388 	105.209312 	59.135437 	22.561028 	84.077347 	18.357559 	90.426765 	129.073624 	91.678787 	18.788294 	92.574295 	54.451813 	56.568542 	88.639717 	20.124611 	
102.449989 	84.899940 	126.479248 	100.767059 	94.921021 	104.350372 	102.825096 	98.351410 	121.210564 	58.008621 	5.000000 	101.118744 	110.390221 	4.123106 	999.000000 	28.231188 	87.200920 	22.561028 	94.260277 	107.480232 	37.161808 	122.674362 	2.828427 	61.400326 	6.082763 	14.212670 	88.814415 	18.000000 	39.849716 	109.713264 	59.933296 	118.793938 	107.712578 	83.761566 	127.310646 	19.104973 	101.400200 	55.027267 	18.973665 	80.062477 	15.620500 	86.452301 	125.399361 	87.658424 	18.439089 	88.549423 	50.358715 	52.469040 	84.581322 	19.646883 	
78.771820 	60.207973 	104.278473 	76.661591 	70.491135 	80.262070 	78.549347 	73.498299 	97.616600 	31.144823 	24.041630 	75.802376 	85.445892 	32.310989 	28.231188 	999.000000 	64.474800 	50.596443 	68.014702 	82.006096 	8.944272 	98.183502 	27.294687 	33.600594 	31.906113 	42.059483 	61.619801 	13.601471 	12.041595 	83.630135 	31.764761 	93.236259 	81.394104 	56.222771 	102.004898 	46.324940 	74.330345 	26.925823 	18.788294 	51.971146 	25.238859 	58.523499 	99.035347 	59.539902 	36.400551 	60.415230 	24.515301 	26.305893 	56.364883 	36.619667 	
15.620500 	10.000000 	39.812057 	14.764823 	11.045361 	18.027756 	17.000000 	15.132746 	34.058773 	36.345562 	82.200974 	19.104973 	25.495098 	90.426765 	87.200920 	64.474800 	999.000000 	105.361282 	20.615528 	24.738634 	57.870544 	36.235340 	87.658424 	39.012817 	92.655273 	101.044548 	26.907248 	77.820305 	59.665737 	29.274563 	44.045429 	34.928497 	29.017237 	30.000000 	42.190044 	106.212051 	30.364452 	52.000000 	83.258636 	38.078865 	89.442719 	35.468296 	43.965897 	39.698868 	100.239716 	40.360870 	64.031242 	63.000000 	43.011627 	100.647903 	
120.917328 	104.350372 	143.533966 	119.553337 	114.021927 	123.069084 	121.696342 	117.686020 	139.344894 	79.259071 	26.570660 	120.739388 	129.634094 	18.439089 	22.561028 	50.596443 	105.361282 	999.000000 	114.621117 	127.141655 	59.464275 	141.449631 	24.186773 	83.192551 	21.023796 	11.704700 	109.931801 	40.311287 	62.361847 	129.807556 	82.079231 	138.408813 	128.003906 	105.190300 	146.659470 	12.727922 	122.331520 	77.491936 	40.012497 	102.044106 	34.365681 	108.226616 	145.602203 	109.658562 	29.068884 	110.571243 	72.835434 	74.966660 	106.775467 	30.413813 	
19.313208 	13.000000 	44.045429 	16.155495 	12.041595 	18.439089 	16.492422 	10.770329 	34.132095 	36.878178 	89.375610 	10.000000 	19.416489 	97.948967 	94.260277 	68.014702 	20.615528 	114.621117 	999.000000 	14.866069 	59.816387 	32.280025 	94.111633 	35.846897 	99.035347 	108.466583 	10.049875 	81.565926 	59.908264 	15.620500 	39.812057 	25.553865 	13.453624 	16.031219 	34.481880 	113.278419 	10.049875 	47.927029 	86.214851 	25.000000 	93.085983 	19.416489 	31.144823 	23.086792 	104.350372 	23.409399 	59.808025 	58.189346 	27.658634 	104.484451 	
12.649111 	22.803509 	30.805843 	11.045361 	13.928389 	9.848858 	9.219544 	9.848858 	20.099751 	51.039200 	102.532921 	6.403124 	5.099020 	111.036034 	107.480232 	82.006096 	24.738634 	127.141655 	14.866069 	999.000000 	74.060783 	17.464249 	107.517441 	50.537113 	112.485558 	121.630585 	24.331051 	95.603348 	74.431175 	5.385165 	54.625999 	11.313708 	7.071068 	30.594116 	20.000000 	126.574089 	15.811388 	62.769421 	100.439034 	39.319206 	107.200745 	33.015148 	19.313208 	36.055511 	118.406082 	36.124783 	74.672615 	73.054771 	41.012192 	118.600166 	
71.589104 	52.773098 	97.498718 	69.318108 	63.063461 	72.897186 	71.119621 	65.863495 	90.338257 	23.021729 	32.893768 	67.955872 	77.698135 	41.231056 	37.161808 	8.944272 	57.870544 	59.464275 	59.816387 	74.060783 	999.000000 	90.553848 	36.235340 	24.839485 	40.816662 	51.000000 	53.037724 	21.931713 	5.000000 	75.432091 	22.825424 	85.211502 	73.109505 	47.507893 	94.047859 	55.226807 	65.764732 	18.248287 	26.400757 	43.046486 	33.301651 	49.648766 	90.686272 	50.606323 	44.598206 	51.478149 	18.357559 	19.697716 	47.423622 	44.687805 	
20.615528 	38.013157 	17.029387 	21.931713 	27.802877 	18.384777 	19.849434 	24.698177 	6.708204 	67.601776 	117.686020 	22.847319 	13.000000 	126.063477 	122.674362 	98.183502 	36.235340 	141.449631 	32.280025 	17.464249 	90.553848 	999.000000 	122.918671 	67.623962 	127.914032 	136.693085 	41.773197 	111.772087 	91.241440 	19.026299 	71.867935 	9.848858 	22.022715 	48.052055 	8.062258 	141.767410 	32.015621 	80.056229 	116.811813 	56.718605 	123.422043 	50.249378 	17.204651 	53.037724 	134.525085 	53.009434 	92.027168 	90.443352 	58.077534 	134.792435 	
102.800781 	85.041168 	127.094452 	101.044548 	95.131485 	104.637466 	103.077644 	98.493652 	121.605919 	57.628117 	6.082763 	101.178062 	110.535065 	6.082763 	2.828427 	27.294687 	87.658424 	24.186773 	94.111633 	107.517441 	36.235340 	122.918671 	999.000000 	60.745369 	5.000000 	14.764823 	88.408142 	16.124516 	38.626415 	109.622078 	59.059292 	118.827606 	107.563934 	83.234612 	127.404869 	19.209373 	101.044548 	53.851646 	16.492422 	79.259071 	12.806249 	85.755463 	125.255737 	86.833176 	16.124516 	87.709747 	48.662102 	50.803543 	83.630135 	17.262676 	
50.219517 	31.400637 	76.687675 	47.539455 	41.231056 	50.960770 	49.040798 	43.324360 	68.308128 	6.708204 	56.824291 	44.777225 	54.625999 	65.368187 	61.400326 	33.600594 	39.012817 	83.192551 	35.846897 	50.537113 	24.839485 	67.623962 	60.745369 	999.000000 	65.459915 	75.471848 	28.319605 	46.754681 	24.207438 	51.312767 	5.099020 	61.400326 	48.826221 	22.671568 	70.327805 	79.881165 	41.036568 	13.038404 	50.931328 	18.973665 	57.982758 	25.059929 	66.219330 	26.570660 	69.296463 	27.513634 	25.179358 	24.020824 	24.331051 	69.310890 	
107.800743 	90.027771 	132.075729 	106.042442 	100.124924 	109.635757 	108.074051 	103.479469 	126.605690 	62.481998 	10.770329 	106.150833 	115.520561 	5.830952 	6.082763 	31.906113 	92.655273 	21.023796 	99.035347 	112.485558 	40.816662 	127.914032 	5.000000 	65.459915 	999.000000 	10.440307 	93.236259 	19.924858 	42.953465 	114.560028 	63.631752 	123.794182 	112.485558 	88.005684 	132.382019 	14.422205 	105.891457 	58.180752 	19.000000 	83.862984 	13.601471 	90.426765 	130.176804 	91.416626 	13.000000 	92.282173 	52.392746 	54.571056 	88.119240 	14.317822 	
116.387283 	99.005051 	140.089264 	114.769333 	108.977058 	118.342720 	116.846054 	112.449989 	135.092560 	72.201111 	19.104973 	115.260574 	124.482933 	10.630146 	14.212670 	42.059483 	101.044548 	11.704700 	108.466583 	121.630585 	51.000000 	136.693085 	14.764823 	75.471848 	10.440307 	999.000000 	103.004852 	30.364452 	53.310413 	123.907227 	73.824112 	132.943604 	121.918007 	97.908119 	141.428421 	5.385165 	115.602768 	68.541962 	29.154760 	94.021271 	23.021729 	100.498756 	139.603012 	101.597244 	17.492855 	102.474388 	62.817196 	65.000000 	98.386993 	18.867962 	
29.120440 	17.204651 	54.083271 	25.961510 	21.023796 	28.442924 	26.476404 	20.615528 	44.045429 	30.805843 	84.053551 	20.024984 	29.154760 	92.655273 	88.814415 	61.619801 	26.907248 	109.931801 	10.049875 	24.331051 	53.037724 	41.773197 	88.408142 	28.319605 	93.236259 	103.004852 	999.000000 	74.966660 	52.497620 	23.769728 	31.622776 	34.176014 	21.023796 	6.324555 	43.081318 	107.615051 	12.727922 	39.446167 	79.246452 	15.033297 	86.278618 	9.486833 	38.013157 	13.416408 	97.590981 	13.892444 	50.990196 	49.244289 	17.720045 	97.621719 	
92.282173 	73.783470 	117.630775 	90.210861 	84.059502 	93.813644 	92.114059 	87.091904 	111.139549 	44.687805 	15.524175 	89.403580 	99.045441 	22.022715 	18.000000 	13.601471 	77.820305 	40.311287 	81.565926 	95.603348 	21.931713 	111.772087 	16.124516 	46.754681 	19.924858 	30.364452 	74.966660 	999.000000 	23.323807 	97.185387 	44.407207 	106.826965 	94.921021 	69.426216 	115.602768 	34.014702 	87.692642 	38.470768 	6.000000 	64.637451 	11.661903 	71.400284 	112.538879 	72.111023 	22.803509 	72.945183 	32.557640 	34.713108 	68.600288 	23.021729 	
72.801102 	53.851646 	98.979797 	70.384659 	64.078079 	73.925636 	72.090218 	66.640831 	91.389275 	23.769728 	35.902645 	68.476273 	78.294319 	43.965897 	39.849716 	12.041595 	59.665737 	62.361847 	59.908264 	74.431175 	5.000000 	91.241440 	38.626415 	24.207438 	42.953465 	53.310413 	52.497620 	23.323807 	999.000000 	75.451973 	21.260292 	85.440041 	73.006851 	46.690472 	94.339813 	57.245087 	65.192024 	15.231546 	26.907248 	41.400482 	34.058773 	48.270073 	90.426765 	48.826221 	45.343136 	49.648766 	13.416408 	14.866069 	45.276924 	45.276924 	
18.027756 	25.942244 	34.176014 	16.278820 	18.248287 	15.231546 	14.560220 	14.142136 	23.086792 	52.497620 	104.804581 	10.198039 	9.219544 	113.357841 	109.713264 	83.630135 	29.274563 	129.807556 	15.620500 	5.385165 	75.432091 	19.026299 	109.622078 	51.312767 	114.560028 	123.907227 	23.769728 	97.185387 	75.451973 	999.000000 	55.072678 	10.440307 	3.000000 	30.083218 	19.313208 	128.763351 	13.000000 	63.063461 	101.828285 	38.327538 	108.706024 	31.575306 	15.811388 	34.132095 	119.970833 	34.058773 	74.732857 	73.006851 	39.204590 	120.104118 	
54.918121 	36.221542 	81.394104 	52.172791 	45.891174 	55.542778 	53.600372 	47.801674 	72.801102 	10.630146 	55.542778 	49.040798 	58.872746 	63.976559 	59.933296 	31.764761 	44.045429 	82.079231 	39.812057 	54.625999 	22.825424 	71.867935 	59.059292 	5.099020 	63.631752 	73.824112 	31.622776 	44.407207 	21.260292 	55.072678 	999.000000 	65.299309 	52.478565 	25.612497 	74.242844 	78.032043 	44.204071 	8.246211 	48.166378 	20.248457 	55.317268 	27.018513 	69.634758 	27.784887 	66.603302 	28.653097 	20.396078 	19.104973 	24.698177 	66.528191 	
20.396078 	34.058773 	26.627054 	20.248457 	24.698177 	17.464249 	18.027756 	20.808653 	15.620500 	62.201286 	113.846390 	17.691807 	9.486833 	122.347862 	118.793938 	93.236259 	34.928497 	138.408813 	25.553865 	11.313708 	85.211502 	9.848858 	118.827606 	61.400326 	123.794182 	132.943604 	34.176014 	106.826965 	85.440041 	10.440307 	65.299309 	999.000000 	13.341664 	40.496914 	8.944272 	137.887634 	23.194826 	73.348480 	111.606453 	48.764740 	118.406082 	41.976185 	10.049875 	44.407207 	129.630249 	44.283180 	85.088188 	83.384651 	49.497475 	129.807556 	
19.235384 	24.698177 	37.000000 	17.088007 	18.000000 	16.643316 	15.652476 	14.035668 	25.961510 	50.249378 	102.825096 	10.049875 	11.661903 	111.395691 	107.712578 	81.394104 	29.017237 	128.003906 	13.453624 	7.071068 	73.109505 	22.022715 	107.563934 	48.826221 	112.485558 	121.918007 	21.023796 	94.921021 	73.006851 	3.000000 	52.478565 	13.341664 	999.000000 	27.313000 	22.135944 	126.732002 	10.000000 	60.415230 	99.488693 	35.440090 	106.404884 	28.635643 	17.691807 	31.144823 	117.686020 	31.064449 	72.013885 	70.263786 	36.221542 	117.796432 	
34.525352 	20.000000 	60.008331 	31.400637 	25.961510 	34.132095 	32.140316 	26.172504 	50.159744 	25.942244 	79.075912 	26.019224 	35.355339 	87.664131 	83.761566 	56.222771 	30.000000 	105.190300 	16.031219 	30.594116 	47.507893 	48.052055 	83.234612 	22.671568 	88.005684 	97.908119 	6.324555 	69.426216 	46.690472 	30.083218 	25.612497 	40.496914 	27.313000 	999.000000 	49.396355 	102.415817 	18.601076 	33.286633 	73.539108 	9.055386 	80.622574 	5.830952 	44.102154 	10.000000 	91.934761 	10.816654 	44.721359 	42.953465 	13.038404 	91.923882 	
26.832815 	42.426407 	23.600847 	27.459061 	32.649654 	24.186773 	25.238859 	29.000000 	14.560220 	71.028160 	122.347862 	26.248810 	17.029387 	130.816666 	127.310646 	102.004898 	42.190044 	146.659470 	34.481880 	20.000000 	94.047859 	8.062258 	127.404869 	70.327805 	132.382019 	141.428421 	43.081318 	115.602768 	94.339813 	19.313208 	74.242844 	8.944272 	22.135944 	49.396355 	999.000000 	146.413803 	31.780497 	82.292160 	120.432556 	57.567352 	127.200630 	50.695168 	10.816654 	52.952808 	138.405197 	52.773098 	94.021271 	92.309265 	58.051701 	138.600143 	
121.511314 	104.004807 	145.340973 	119.854080 	114.021927 	123.434196 	121.918007 	117.456375 	140.246216 	76.837494 	24.083189 	120.216469 	129.495178 	15.811388 	19.104973 	46.324940 	106.212051 	12.727922 	113.278419 	126.574089 	55.226807 	141.767410 	19.209373 	79.881165 	14.422205 	5.385165 	107.615051 	34.014702 	57.245087 	128.763351 	78.032043 	137.887634 	126.732002 	102.415817 	146.413803 	999.000000 	120.253899 	72.449982 	32.015621 	98.270035 	25.317978 	104.847511 	144.422989 	105.815880 	17.464249 	106.677086 	66.098412 	68.308128 	102.474388 	18.681541 	
25.495098 	23.021729 	46.572525 	22.627417 	20.591261 	23.600847 	22.022715 	17.804493 	35.693138 	43.416588 	96.607452 	14.866069 	20.880613 	105.209312 	101.400200 	74.330345 	30.364452 	122.331520 	10.049875 	15.811388 	65.764732 	32.015621 	101.044548 	41.036568 	105.891457 	115.602768 	12.727922 	87.692642 	65.192024 	13.000000 	44.204071 	23.194826 	10.000000 	18.601076 	31.780497 	120.253899 	999.000000 	51.865211 	91.967384 	26.000000 	99.005051 	18.973665 	25.553865 	21.213203 	110.317726 	21.095022 	63.134777 	61.294373 	26.305893 	110.344917 	
63.150612 	44.407207 	89.627007 	60.415230 	54.129475 	63.788715 	61.846584 	56.044624 	81.043198 	16.763054 	50.960770 	57.245087 	67.067131 	59.135437 	55.027267 	26.925823 	52.000000 	77.491936 	47.927029 	62.769421 	18.248287 	80.056229 	53.851646 	13.038404 	58.180752 	68.541962 	39.446167 	38.470768 	15.231546 	63.063461 	8.246211 	73.348480 	60.415230 	33.286633 	82.292160 	72.449982 	51.865211 	999.000000 	41.617306 	26.870058 	48.826221 	33.970577 	77.388626 	34.058773 	60.000000 	34.828148 	12.165525 	11.000000 	30.232433 	59.816387 	
97.529480 	78.892334 	123.065025 	95.383438 	89.185204 	98.979797 	97.247108 	92.114059 	116.361504 	49.406479 	18.027756 	94.302704 	104.009613 	22.561028 	18.973665 	18.788294 	83.258636 	40.012497 	86.214851 	100.439034 	26.400757 	116.811813 	16.492422 	50.931328 	19.000000 	29.154760 	79.246452 	6.000000 	26.907248 	101.828285 	48.166378 	111.606453 	99.488693 	73.539108 	120.432556 	32.015621 	91.967384 	41.617306 	999.000000 	68.249542 	7.211102 	75.166481 	117.034180 	75.604233 	18.439089 	76.400261 	34.176014 	36.400551 	71.847061 	18.384777 	
43.566040 	28.178005 	69.028976 	40.447498 	34.928497 	43.185646 	41.194660 	35.227829 	59.076221 	24.186773 	75.584389 	35.000000 	44.181442 	84.077347 	80.062477 	51.971146 	38.078865 	102.044106 	25.000000 	39.319206 	43.046486 	56.718605 	79.259071 	18.973665 	83.862984 	94.021271 	15.033297 	64.637451 	41.400482 	38.327538 	20.248457 	48.764740 	35.440090 	9.055386 	57.567352 	98.270035 	26.000000 	26.870058 	68.249542 	999.000000 	75.432091 	7.211102 	51.429562 	7.615773 	86.683334 	8.544003 	37.443291 	35.510563 	6.324555 	86.556343 	
103.942291 	85.440041 	129.247818 	101.872467 	95.718338 	105.475113 	103.773796 	98.737022 	122.800652 	56.222771 	16.643316 	101.019798 	110.679718 	18.357559 	15.620500 	25.238859 	89.442719 	34.365681 	93.085983 	107.200745 	33.301651 	123.422043 	12.806249 	57.982758 	13.601471 	23.021729 	86.278618 	11.661903 	34.058773 	108.706024 	55.317268 	118.406082 	106.404884 	80.622574 	127.200630 	25.317978 	99.005051 	48.826221 	7.211102 	75.432091 	999.000000 	82.328613 	123.987900 	82.800964 	11.313708 	83.600243 	41.231056 	43.462627 	79.056938 	11.401754 	
38.600517 	25.495098 	63.285069 	35.440090 	30.463093 	37.854988 	35.902645 	30.083218 	53.009434 	29.410883 	81.884064 	29.274563 	38.000000 	90.426765 	86.452301 	58.523499 	35.468296 	108.226616 	19.416489 	33.015148 	49.648766 	50.249378 	85.755463 	25.059929 	90.426765 	100.498756 	9.486833 	71.400284 	48.270073 	31.575306 	27.018513 	41.976185 	28.635643 	5.830952 	50.695168 	104.847511 	18.973665 	33.970577 	75.166481 	7.211102 	82.328613 	999.000000 	44.283180 	4.242640 	93.605553 	5.000000 	44.654228 	42.720020 	8.246211 	93.509361 	
30.149628 	41.677334 	33.970577 	29.614185 	33.241539 	27.166155 	27.459061 	29.154760 	23.853722 	67.896980 	120.507263 	25.495098 	19.104973 	129.073624 	125.399361 	99.035347 	43.965897 	145.602203 	31.144823 	19.313208 	90.686272 	17.204651 	125.255737 	66.219330 	130.176804 	139.603012 	38.013157 	112.538879 	90.426765 	15.811388 	69.634758 	10.049875 	17.691807 	44.102154 	10.816654 	144.422989 	25.553865 	77.388626 	117.034180 	51.429562 	123.987900 	44.283180 	999.000000 	45.880280 	135.281189 	45.541191 	88.684837 	86.833176 	50.921509 	135.369858 	
42.379242 	29.732138 	66.610809 	39.217342 	34.438351 	41.484936 	39.560081 	33.837849 	56.142673 	31.575306 	83.192551 	32.756680 	41.109608 	91.678787 	87.658424 	59.539902 	39.698868 	109.658562 	23.086792 	36.055511 	50.606323 	53.037724 	86.833176 	26.570660 	91.416626 	101.597244 	13.416408 	72.111023 	48.826221 	34.132095 	27.784887 	44.407207 	31.144823 	10.000000 	52.952808 	105.815880 	21.213203 	34.058773 	75.604233 	7.615773 	82.800964 	4.242640 	45.880280 	999.000000 	94.021271 	1.000000 	44.045429 	42.011902 	5.099020 	93.861603 	
114.908661 	96.519424 	140.003571 	112.898186 	106.780151 	116.503220 	114.825958 	109.859001 	133.775925 	67.475922 	22.022715 	112.200714 	121.827744 	18.788294 	18.439089 	36.400551 	100.239716 	29.068884 	104.350372 	118.406082 	44.598206 	134.525085 	16.124516 	69.296463 	13.000000 	17.492855 	97.590981 	22.803509 	45.343136 	119.970833 	66.603302 	129.630249 	117.686020 	91.934761 	138.405197 	17.464249 	110.317726 	60.000000 	18.439089 	86.683334 	11.313708 	93.605553 	135.281189 	94.021271 	999.000000 	94.810333 	51.884487 	54.120235 	90.210861 	1.414214 	
42.720020 	30.413813 	66.753281 	39.560081 	34.885529 	41.761227 	39.849716 	34.176014 	56.222771 	32.557640 	84.095184 	32.984844 	41.194660 	92.574295 	88.549423 	60.415230 	40.360870 	110.571243 	23.409399 	36.124783 	51.478149 	53.009434 	87.709747 	27.513634 	92.282173 	102.474388 	13.892444 	72.945183 	49.648766 	34.058773 	28.653097 	44.283180 	31.064449 	10.816654 	52.773098 	106.677086 	21.095022 	34.828148 	76.400261 	8.544003 	83.600243 	5.000000 	45.541191 	1.000000 	94.810333 	999.000000 	44.687805 	42.638012 	5.385165 	94.641426 	
75.312683 	56.568542 	101.788994 	72.567207 	66.287254 	75.927597 	73.979729 	68.154236 	93.145050 	28.160255 	47.042534 	69.260376 	79.056938 	54.451813 	50.358715 	24.515301 	64.031242 	72.835434 	59.808025 	74.672615 	18.357559 	92.027168 	48.662102 	25.179358 	52.392746 	62.817196 	50.990196 	32.557640 	13.416408 	74.732857 	20.396078 	85.088188 	72.013885 	44.721359 	94.021271 	66.098412 	63.134777 	12.165525 	34.176014 	37.443291 	41.231056 	44.654228 	88.684837 	44.045429 	51.884487 	44.687805 	999.000000 	2.236068 	39.623226 	51.478149 	
73.979729 	55.326305 	100.448990 	71.196907 	64.938431 	74.525162 	72.567207 	66.708321 	91.678787 	27.459061 	49.091751 	67.720009 	77.491936 	56.568542 	52.469040 	26.305893 	63.000000 	74.966660 	58.189346 	73.054771 	19.697716 	90.443352 	50.803543 	24.020824 	54.571056 	65.000000 	49.244289 	34.713108 	14.866069 	73.006851 	19.104973 	83.384651 	70.263786 	42.953465 	92.309265 	68.308128 	61.294373 	11.000000 	36.400551 	35.510563 	43.462627 	42.720020 	86.833176 	42.011902 	54.120235 	42.638012 	2.236068 	999.000000 	37.536648 	53.712196 	
46.840153 	33.015148 	71.449280 	43.680660 	38.626415 	46.097721 	44.147480 	38.327538 	61.073727 	30.016663 	80.230919 	37.483330 	46.043457 	88.639717 	84.581322 	56.364883 	43.011627 	106.775467 	27.658634 	41.012192 	47.423622 	58.077534 	83.630135 	24.331051 	88.119240 	98.386993 	17.720045 	68.600288 	45.276924 	39.204590 	24.698177 	49.497475 	36.221542 	13.038404 	58.051701 	102.474388 	26.305893 	30.232433 	71.847061 	6.324555 	79.056938 	8.246211 	50.921509 	5.099020 	90.210861 	5.385165 	39.623226 	37.536648 	999.000000 	90.000000 	
115.247559 	96.798759 	140.431473 	113.207771 	107.070068 	116.811813 	115.121674 	110.113579 	134.111893 	67.623962 	23.086792 	112.414413 	122.065559 	20.124611 	19.646883 	36.619667 	100.647903 	30.413813 	104.484451 	118.600166 	44.687805 	134.792435 	17.262676 	69.310890 	14.317822 	18.867962 	97.621719 	23.021729 	45.276924 	120.104118 	66.528191 	129.807556 	117.796432 	91.923882 	138.600143 	18.681541 	110.344917 	59.816387 	18.384777 	86.556343 	11.401754 	93.509361 	135.369858 	93.861603 	1.414214 	94.641426 	51.478149 	53.712196 	90.000000 	999.000000 	

Travel time:
9.000000 	0.474342 	0.661910 	0.079057 	0.226385 	0.075000 	0.090139 	0.213600 	0.471699 	1.226020 	2.436314 	0.265754 	0.276134 	2.643979 	2.561250 	1.969296 	0.390512 	3.022933 	0.482830 	0.316228 	1.789728 	0.515388 	2.570019 	1.255488 	2.695019 	2.909682 	0.728011 	2.307054 	1.820028 	0.450694 	1.372953 	0.509902 	0.480885 	0.863134 	0.670820 	3.037783 	0.637377 	1.578765 	2.438237 	1.089151 	2.598557 	0.965013 	0.753741 	1.059481 	2.872716 	1.068001 	1.882817 	1.849493 	1.171004 	2.881189 	
0.474342 	9.000000 	1.133854 	0.413824 	0.257391 	0.503115 	0.458939 	0.336341 	0.939415 	0.752080 	1.998281 	0.410031 	0.637377 	2.209779 	2.122499 	1.505199 	0.250000 	2.608759 	0.325000 	0.570088 	1.319327 	0.950329 	2.126029 	0.785016 	2.250694 	2.475126 	0.430116 	1.844587 	1.346291 	0.648556 	0.905539 	0.851469 	0.617454 	0.500000 	1.060660 	2.600120 	0.575543 	1.110180 	1.972308 	0.704450 	2.136001 	0.637377 	1.041933 	0.743303 	2.412986 	0.760345 	1.414214 	1.383158 	0.825379 	2.419969 	
0.661910 	1.133854 	9.000000 	0.731864 	0.887764 	0.651920 	0.701783 	0.851469 	0.279509 	1.882153 	3.037268 	0.851469 	0.642748 	3.238248 	3.161981 	2.606962 	0.995301 	3.588349 	1.101136 	0.770146 	2.437468 	0.425735 	3.177361 	1.917192 	3.301893 	3.502232 	1.352082 	2.940769 	2.474495 	0.854400 	2.034853 	0.665676 	0.925000 	1.500208 	0.590021 	3.633524 	1.164313 	2.240675 	3.076626 	1.725724 	3.231195 	1.582127 	0.849264 	1.665270 	3.500089 	1.668832 	2.544725 	2.511225 	1.786232 	3.510787 	
0.079057 	0.413824 	0.731864 	9.000000 	0.158114 	0.090139 	0.055902 	0.134629 	0.525595 	1.165386 	2.394394 	0.195256 	0.269258 	2.603483 	2.519176 	1.916540 	0.369121 	2.988833 	0.403887 	0.276134 	1.732953 	0.548293 	2.526114 	1.188486 	2.651061 	2.869233 	0.649038 	2.255271 	1.759616 	0.406971 	1.304320 	0.506211 	0.427200 	0.785016 	0.686477 	2.996352 	0.565685 	1.510381 	2.384586 	1.011187 	2.546812 	0.886002 	0.740355 	0.980434 	2.822455 	0.989002 	1.814180 	1.779923 	1.092016 	2.830194 	
0.226385 	0.257391 	0.887764 	0.158114 	9.000000 	0.246221 	0.201556 	0.103078 	0.682825 	1.007782 	2.248472 	0.201556 	0.390512 	2.458785 	2.373025 	1.762278 	0.276134 	2.850548 	0.301040 	0.348210 	1.576586 	0.695072 	2.378287 	1.030776 	2.503123 	2.724427 	0.525595 	2.101488 	1.601952 	0.456207 	1.147279 	0.617454 	0.450000 	0.649038 	0.816241 	2.850548 	0.514782 	1.353237 	2.229630 	0.873212 	2.392958 	0.761577 	0.831038 	0.860959 	2.669504 	0.872138 	1.657181 	1.623461 	0.965660 	2.676752 	
0.075000 	0.503115 	0.651920 	0.090139 	0.246221 	9.000000 	0.050000 	0.200000 	0.436606 	1.253994 	2.483948 	0.223607 	0.201556 	2.692814 	2.608759 	2.006552 	0.450694 	3.076727 	0.460977 	0.246221 	1.822430 	0.459619 	2.615937 	1.274019 	2.740894 	2.958568 	0.711073 	2.345341 	1.848141 	0.380789 	1.388569 	0.436606 	0.416083 	0.853302 	0.604669 	3.085855 	0.590021 	1.594718 	2.474495 	1.079641 	2.636878 	0.946375 	0.679154 	1.037123 	2.912580 	1.044031 	1.898190 	1.863129 	1.152443 	2.920295 	
0.090139 	0.458939 	0.701783 	0.055902 	0.201556 	0.050000 	9.000000 	0.150000 	0.482830 	1.208305 	2.445915 	0.180278 	0.213600 	2.655419 	2.570627 	1.963734 	0.425000 	3.042408 	0.412311 	0.230489 	1.777991 	0.496236 	2.576941 	1.226020 	2.701851 	2.921151 	0.661910 	2.302851 	1.802255 	0.364006 	1.340009 	0.450694 	0.391312 	0.803508 	0.630971 	3.047950 	0.550568 	1.546165 	2.431178 	1.029866 	2.594345 	0.897566 	0.686477 	0.989002 	2.870649 	0.996243 	1.849493 	1.814180 	1.103687 	2.878042 	
0.213600 	0.336341 	0.851469 	0.134629 	0.103078 	0.200000 	0.150000 	9.000000 	0.625000 	1.073546 	2.334524 	0.100000 	0.301040 	2.545830 	2.458785 	1.837457 	0.378319 	2.942151 	0.269258 	0.246221 	1.646587 	0.617454 	2.462341 	1.083109 	2.586987 	2.811250 	0.515388 	2.177298 	1.666021 	0.353553 	1.195042 	0.520216 	0.350892 	0.654313 	0.725000 	2.936409 	0.445112 	1.401116 	2.302851 	0.880696 	2.468426 	0.752080 	0.728869 	0.845946 	2.746475 	0.854400 	1.703856 	1.667708 	0.958188 	2.752840 	
0.471699 	0.939415 	0.279509 	0.525595 	0.682825 	0.436606 	0.482830 	0.625000 	9.000000 	1.690599 	2.905275 	0.604669 	0.375832 	3.111772 	3.030264 	2.440415 	0.851469 	3.483622 	0.853302 	0.502494 	2.258456 	0.167705 	3.040148 	1.707703 	3.165142 	3.377314 	1.101136 	2.778489 	2.284732 	0.577170 	1.820028 	0.390512 	0.649038 	1.253994 	0.364006 	3.506155 	0.892328 	2.026080 	2.909038 	1.476906 	3.070016 	1.325236 	0.596343 	1.403567 	3.344398 	1.405569 	2.328626 	2.291970 	1.526843 	3.352797 	
1.226020 	0.752080 	1.882153 	1.165386 	1.007782 	1.253994 	1.208305 	1.073546 	1.690599 	9.000000 	1.331353 	1.123610 	1.367708 	1.546367 	1.450216 	0.778621 	0.908639 	1.981477 	0.921954 	1.275980 	0.575543 	1.690044 	1.440703 	0.167705 	1.562050 	1.805028 	0.770146 	1.117195 	0.594243 	1.312441 	0.265754 	1.555032 	1.256234 	0.648556 	1.775704 	1.920937 	1.085415 	0.419076 	1.235162 	0.604669 	1.405569 	0.735272 	1.697425 	0.789383 	1.686898 	0.813941 	0.704006 	0.686477 	0.750417 	1.690599 	
2.436314 	1.998281 	3.037268 	2.394394 	2.248472 	2.483948 	2.445915 	2.334524 	2.905275 	1.331353 	9.000000 	2.404163 	2.635455 	0.215058 	0.125000 	0.601041 	2.055024 	0.664266 	2.234390 	2.563323 	0.822344 	2.942151 	0.152069 	1.420607 	0.269258 	0.477624 	2.101339 	0.388104 	0.897566 	2.620115 	1.388569 	2.846160 	2.570627 	1.976898 	3.058697 	0.602080 	2.415186 	1.274019 	0.450694 	1.889610 	0.416083 	2.047101 	3.012681 	2.079814 	0.550568 	2.102380 	1.176063 	1.227294 	2.005773 	0.577170 	
0.265754 	0.410031 	0.851469 	0.195256 	0.201556 	0.223607 	0.180278 	0.100000 	0.604669 	1.123610 	2.404163 	9.000000 	0.246221 	2.616534 	2.527969 	1.895059 	0.477624 	3.018485 	0.250000 	0.160078 	1.698897 	0.571183 	2.529452 	1.119431 	2.653771 	2.881514 	0.500625 	2.235090 	1.711907 	0.254951 	1.226020 	0.442295 	0.251247 	0.650481 	0.656220 	3.005412 	0.371652 	1.431127 	2.357568 	0.875000 	2.525495 	0.731864 	0.637377 	0.818917 	2.805018 	0.824621 	1.731509 	1.693000 	0.937083 	2.810360 	
0.276134 	0.637377 	0.642748 	0.269258 	0.390512 	0.201556 	0.213600 	0.301040 	0.375832 	1.367708 	2.635455 	0.246221 	9.000000 	2.846599 	2.759756 	2.136147 	0.637377 	3.240852 	0.485412 	0.127475 	1.942453 	0.325000 	2.763377 	1.365650 	2.888014 	3.112073 	0.728869 	2.476136 	1.957358 	0.230489 	1.471819 	0.237171 	0.291548 	0.883883 	0.425735 	3.237380 	0.522015 	1.676678 	2.600240 	1.104536 	2.766993 	0.950000 	0.477624 	1.027740 	3.045694 	1.029866 	1.976424 	1.937298 	1.151086 	3.051639 	
2.643979 	2.209779 	3.238248 	2.603483 	2.458785 	2.692814 	2.655419 	2.545830 	3.111772 	1.546367 	0.215058 	2.616534 	2.846599 	9.000000 	0.103078 	0.807775 	2.260669 	0.460977 	2.448724 	2.775901 	1.030776 	3.151587 	0.152069 	1.634205 	0.145774 	0.265754 	2.316382 	0.550568 	1.099147 	2.833946 	1.599414 	3.058697 	2.784892 	2.191603 	3.270417 	0.395285 	2.630233 	1.478386 	0.564026 	2.101934 	0.458939 	2.260669 	3.226840 	2.291970 	0.469707 	2.314357 	1.361295 	1.414214 	2.215993 	0.503115 	
2.561250 	2.122499 	3.161981 	2.519176 	2.373025 	2.608759 	2.570627 	2.458785 	3.030264 	1.450216 	0.125000 	2.527969 	2.759756 	0.103078 	9.000000 	0.705780 	2.180023 	0.564026 	2.356507 	2.687006 	0.929045 	3.066859 	0.070711 	1.535008 	0.152069 	0.355317 	2.220360 	0.450000 	0.996243 	2.742832 	1.498332 	2.969848 	2.692814 	2.094039 	3.182766 	0.477624 	2.535005 	1.375682 	0.474342 	2.001562 	0.390512 	2.161308 	3.134984 	2.191461 	0.460977 	2.213736 	1.258968 	1.311726 	2.114533 	0.491172 	
1.969296 	1.505199 	2.606962 	1.916540 	1.762278 	2.006552 	1.963734 	1.837457 	2.440415 	0.778621 	0.601041 	1.895059 	2.136147 	0.807775 	0.705780 	9.000000 	1.611870 	1.264911 	1.700368 	2.050152 	0.223607 	2.454587 	0.682367 	0.840015 	0.797653 	1.051487 	1.540495 	0.340037 	0.301040 	2.090753 	0.794119 	2.330906 	2.034853 	1.405569 	2.550122 	1.158123 	1.858259 	0.673146 	0.469707 	1.299279 	0.630971 	1.463087 	2.475884 	1.488497 	0.910014 	1.510381 	0.612882 	0.657647 	1.409122 	0.915492 	
0.390512 	0.250000 	0.995301 	0.369121 	0.276134 	0.450694 	0.425000 	0.378319 	0.851469 	0.908639 	2.055024 	0.477624 	0.637377 	2.260669 	2.180023 	1.611870 	9.000000 	2.634032 	0.515388 	0.618466 	1.446764 	0.905883 	2.191461 	0.975320 	2.316382 	2.526114 	0.672681 	1.945508 	1.491643 	0.731864 	1.101136 	0.873212 	0.725431 	0.750000 	1.054751 	2.655301 	0.759111 	1.300000 	2.081466 	0.951972 	2.236068 	0.886707 	1.099147 	0.992472 	2.505993 	1.009022 	1.600781 	1.575000 	1.075291 	2.516198 	
3.022933 	2.608759 	3.588349 	2.988833 	2.850548 	3.076727 	3.042408 	2.942151 	3.483622 	1.981477 	0.664266 	3.018485 	3.240852 	0.460977 	0.564026 	1.264911 	2.634032 	9.000000 	2.865528 	3.178541 	1.486607 	3.536241 	0.604669 	2.079814 	0.525595 	0.292617 	2.748295 	1.007782 	1.559046 	3.245189 	2.051981 	3.460220 	3.200098 	2.629757 	3.666487 	0.318198 	3.058288 	1.937298 	1.000312 	2.551103 	0.859142 	2.705665 	3.640055 	2.741464 	0.726722 	2.764281 	1.820886 	1.874166 	2.669387 	0.760345 	
0.482830 	0.325000 	1.101136 	0.403887 	0.301040 	0.460977 	0.412311 	0.269258 	0.853302 	0.921954 	2.234390 	0.250000 	0.485412 	2.448724 	2.356507 	1.700368 	0.515388 	2.865528 	9.000000 	0.371652 	1.495410 	0.807001 	2.352791 	0.896172 	2.475884 	2.711665 	0.251247 	2.039148 	1.497707 	0.390512 	0.995301 	0.638847 	0.336341 	0.400780 	0.862047 	2.831960 	0.251247 	1.198176 	2.155371 	0.625000 	2.327150 	0.485412 	0.778621 	0.577170 	2.608759 	0.585235 	1.495201 	1.454734 	0.691466 	2.612111 	
0.316228 	0.570088 	0.770146 	0.276134 	0.348210 	0.246221 	0.230489 	0.246221 	0.502494 	1.275980 	2.563323 	0.160078 	0.127475 	2.775901 	2.687006 	2.050152 	0.618466 	3.178541 	0.371652 	9.000000 	1.851520 	0.436606 	2.687936 	1.263428 	2.812139 	3.040765 	0.608276 	2.390084 	1.860779 	0.134629 	1.365650 	0.282843 	0.176777 	0.764853 	0.500000 	3.164352 	0.395285 	1.569236 	2.510976 	0.982980 	2.680019 	0.825379 	0.482830 	0.901388 	2.960152 	0.903120 	1.866815 	1.826369 	1.025305 	2.965004 	
1.789728 	1.319327 	2.437468 	1.732953 	1.576586 	1.822430 	1.777991 	1.646587 	2.258456 	0.575543 	0.822344 	1.698897 	1.942453 	1.030776 	0.929045 	0.223607 	1.446764 	1.486607 	1.495410 	1.851520 	9.000000 	2.263846 	0.905883 	0.620987 	1.020416 	1.275000 	1.325943 	0.548293 	0.125000 	1.885802 	0.570636 	2.130288 	1.827738 	1.187697 	2.351197 	1.380670 	1.644118 	0.456207 	0.660019 	1.076162 	0.832541 	1.241219 	2.267157 	1.265158 	1.114955 	1.286954 	0.458939 	0.492443 	1.185591 	1.117195 	
0.515388 	0.950329 	0.425735 	0.548293 	0.695072 	0.459619 	0.496236 	0.617454 	0.167705 	1.690044 	2.942151 	0.571183 	0.325000 	3.151587 	3.066859 	2.454587 	0.905883 	3.536241 	0.807001 	0.436606 	2.263846 	9.000000 	3.072967 	1.690599 	3.197851 	3.417327 	1.044330 	2.794302 	2.281036 	0.475657 	1.796698 	0.246221 	0.550568 	1.201301 	0.201556 	3.544185 	0.800391 	2.001406 	2.920295 	1.417965 	3.085551 	1.256234 	0.430116 	1.325943 	3.363127 	1.325236 	2.300679 	2.261084 	1.451938 	3.369811 	
2.570019 	2.126029 	3.177361 	2.526114 	2.378287 	2.615937 	2.576941 	2.462341 	3.040148 	1.440703 	0.152069 	2.529452 	2.763377 	0.152069 	0.070711 	0.682367 	2.191461 	0.604669 	2.352791 	2.687936 	0.905883 	3.072967 	9.000000 	1.518634 	0.125000 	0.369121 	2.210204 	0.403113 	0.965660 	2.740552 	1.476482 	2.970690 	2.689098 	2.080865 	3.185122 	0.480234 	2.526114 	1.346291 	0.412311 	1.981477 	0.320156 	2.143887 	3.131393 	2.170829 	0.403113 	2.192744 	1.216552 	1.270089 	2.090753 	0.431567 	
