Total assets = 1270
Number of asset nodes = 67

Distance:
999.000000 	8.602325 	45.694637 	47.381432 	44.283180 	7.211102 	45.343136 	58.180752 	35.846897 	54.817879 	40.816662 	50.803543 	31.827662 	97.416634 	49.091751 	11.401754 	86.556343 	41.231056 	57.801384 	74.953316 	25.317978 	99.201813 	90.785461 	14.317822 	34.713108 	78.492035 	62.769421 	100.603180 	91.438507 	46.065170 	73.000000 	99.639351 	18.027756 	40.496914 	54.037025 	94.175369 	27.513634 	22.000000 	20.518284 	95.482986 	30.066593 	112.004463 	31.064449 	66.370171 	34.000000 	26.000000 	59.933296 	23.259407 	101.138519 	110.751976 	54.424259 	57.384666 	44.553337 	26.000000 	46.690472 	63.655323 	28.017851 	28.635643 	52.172791 	73.756355 	30.463093 	67.779053 	32.802441 	36.055511 	32.695564 	34.713108 	32.756680 	37.696156 	37.161808 	39.051247 	42.426407 	70.035706 	43.382023 	43.600460 	46.615448 	46.690472 	47.423622 	50.566788 	60.802959 	
8.602325 	999.000000 	54.129475 	38.897301 	52.773098 	15.556349 	36.796738 	66.640831 	27.294687 	46.227695 	32.249031 	42.201897 	40.360870 	89.308456 	57.688820 	16.492422 	78.243210 	49.819675 	66.370171 	66.483078 	18.027756 	91.021973 	82.462112 	19.416489 	43.139309 	70.007141 	71.344238 	92.417534 	83.096329 	37.576588 	64.443771 	91.400215 	23.769728 	32.280025 	62.625874 	85.796272 	34.885529 	27.892651 	20.615528 	87.045967 	24.041630 	103.812332 	25.000000 	57.801384 	27.459061 	31.780497 	51.478149 	26.172504 	92.698433 	102.449989 	46.173584 	49.040798 	37.054016 	29.154760 	39.115215 	72.180328 	26.400757 	33.015148 	44.407207 	82.328613 	33.376640 	59.464275 	31.400637 	41.303753 	35.510563 	39.000000 	34.481880 	33.837849 	33.600594 	44.283180 	47.010635 	62.393909 	45.607018 	44.283180 	44.553337 	46.324940 	46.400433 	52.886673 	61.294373 	
45.694637 	54.129475 	999.000000 	91.525955 	2.236068 	39.849716 	89.888817 	12.529964 	81.394104 	99.644371 	86.313385 	95.880135 	19.416489 	138.600143 	9.055386 	45.541191 	129.073624 	12.806249 	13.601471 	118.600166 	70.519501 	140.758652 	133.304169 	45.177429 	20.615528 	122.200653 	18.439089 	142.172424 	134.063416 	91.706055 	117.324333 	141.534454 	43.000000 	86.162636 	16.000000 	137.000000 	33.955853 	42.190044 	57.140179 	138.683090 	73.756355 	153.456833 	74.732857 	111.825760 	78.102493 	42.755116 	105.603027 	52.086468 	144.308701 	152.898666 	100.089958 	103.077644 	89.560036 	52.345009 	91.760559 	26.305893 	65.030762 	49.030602 	97.416634 	33.105892 	54.918121 	113.463654 	68.029404 	47.539455 	56.293873 	51.546097 	59.841457 	77.103828 	76.059189 	48.754486 	53.665630 	114.982605 	64.513565 	70.092796 	80.504662 	75.709976 	78.262383 	68.942001 	83.934502 	
47.381432 	38.897301 	91.525955 	999.000000 	90.443352 	54.451813 	3.000000 	104.009613 	15.297058 	9.055386 	12.041595 	7.615773 	79.208588 	51.429562 	96.046867 	53.823788 	39.661064 	88.526833 	104.403069 	27.586229 	30.364452 	52.839378 	43.829212 	56.302753 	82.036575 	31.112698 	109.402924 	54.203320 	44.407207 	13.892444 	25.806976 	53.000000 	60.745369 	19.416489 	101.316338 	47.010635 	73.006851 	64.660652 	50.695168 	48.166378 	35.227829 	65.513359 	35.128338 	23.021729 	33.000000 	68.095520 	21.189621 	59.093147 	53.814495 	63.820061 	22.022715 	21.954498 	27.856777 	61.846584 	27.730848 	111.036034 	50.219517 	67.119293 	27.802877 	121.082619 	64.845970 	30.083218 	53.600372 	76.059189 	66.407829 	72.235725 	63.324562 	47.010635 	48.000000 	78.790863 	80.056229 	40.816662 	73.545906 	68.468971 	60.133186 	67.029846 	65.007690 	80.062477 	82.024384 	
44.283180 	52.773098 	2.236068 	90.443352 	999.000000 	38.275318 	88.752464 	13.928389 	80.062477 	98.478424 	85.000000 	94.667839 	17.262676 	137.887634 	8.062258 	43.737854 	128.222458 	10.630146 	14.142136 	117.613777 	68.949257 	140.014282 	132.457535 	43.289722 	18.384777 	121.210564 	19.104973 	141.428421 	133.206604 	90.338257 	116.249733 	140.758652 	41.012192 	84.693565 	15.132746 	136.124939 	31.780497 	40.112343 	55.226807 	137.767914 	72.034714 	152.735062 	73.006851 	110.535065 	76.400261 	40.607880 	104.216118 	50.039986 	143.401535 	152.108521 	98.615417 	101.636604 	87.931793 	50.249378 	90.138779 	25.709921 	63.071388 	46.872166 	95.817535 	33.120991 	52.773098 	112.004463 	66.007576 	45.310043 	54.129475 	49.335587 	57.706154 	75.166481 	74.108032 	46.518814 	51.429562 	113.322548 	62.297672 	67.911705 	78.409180 	73.545906 	76.118332 	66.708321 	81.706795 	
7.211102 	15.556349 	39.849716 	54.451813 	38.275318 	999.000000 	52.345009 	52.201534 	42.438190 	61.717098 	47.434166 	57.628117 	24.839485 	104.623131 	42.544094 	8.602325 	93.723000 	34.409302 	51.429562 	82.036575 	30.675724 	106.400185 	97.948967 	10.630146 	27.586229 	85.562843 	56.356010 	107.800743 	98.595131 	52.478565 	79.981247 	106.826965 	13.000000 	46.518814 	47.201694 	101.316338 	20.615528 	16.492422 	20.615528 	102.591423 	34.234486 	119.201508 	35.227829 	72.945183 	38.470768 	20.396078 	66.241982 	20.518284 	108.245094 	117.923706 	60.415230 	63.505905 	49.729267 	22.803509 	51.923019 	56.639210 	28.792360 	24.166092 	57.567352 	66.843102 	27.202942 	73.824112 	33.105892 	30.594116 	29.410883 	30.083218 	30.413813 	39.812057 	39.051247 	33.541019 	37.363083 	75.186432 	40.224369 	41.725292 	46.957428 	45.607018 	46.872166 	47.169907 	58.728188 	
45.343136 	36.796738 	89.888817 	3.000000 	88.752464 	52.345009 	999.000000 	102.396286 	12.369317 	9.848858 	9.055386 	7.000000 	77.155685 	54.129475 	94.201912 	51.400391 	42.190044 	86.556343 	102.649887 	29.832869 	27.513634 	55.470715 	46.324940 	53.823788 	79.906197 	33.301651 	107.647575 	56.824291 	46.872166 	11.401754 	27.658634 	55.569775 	58.249462 	16.492422 	99.357941 	49.406479 	70.604530 	62.128899 	47.927029 	50.447994 	32.249031 	68.095520 	32.140316 	23.345236 	30.000000 	65.513359 	20.396078 	56.364883 	56.080299 	66.287254 	20.248457 	20.615528 	25.079872 	59.093147 	25.059929 	108.977058 	47.296936 	64.404968 	25.495098 	119.096596 	62.032249 	29.427877 	50.635956 	73.348480 	63.568859 	69.462219 	60.440052 	44.011364 	45.000000 	76.059189 	77.252831 	39.357338 	70.611610 	65.490456 	57.140179 	64.031242 	62.008064 	77.103828 	79.025314 	
58.180752 	66.640831 	12.529964 	104.009613 	13.928389 	52.201534 	102.396286 	999.000000 	93.914856 	112.160599 	98.838249 	108.406639 	30.066593 	150.695053 	12.369317 	57.489128 	141.354172 	21.095022 	5.830952 	131.015259 	82.873398 	152.898666 	145.578156 	56.885849 	30.066593 	134.617981 	8.062258 	154.311371 	146.348892 	104.216118 	129.799850 	153.717270 	54.332310 	98.615417 	14.866069 	149.305054 	44.045429 	53.037724 	68.731361 	151.029800 	85.866173 	165.559662 	86.833176 	124.354332 	90.249657 	53.037724 	118.105888 	63.071388 	156.646103 	165.096939 	112.538879 	115.550858 	101.833199 	63.000000 	104.043259 	21.189621 	76.419891 	59.135437 	109.731491 	24.186773 	65.122963 	125.924583 	79.101204 	56.293873 	66.272163 	60.827625 	70.114189 	88.566360 	87.464279 	57.008770 	61.684681 	127.200630 	73.545906 	79.762146 	91.049438 	85.586212 	88.362885 	77.201035 	92.444580 	
35.846897 	27.294687 	81.394104 	15.297058 	80.062477 	42.438190 	12.369317 	93.914856 	999.000000 	20.000000 	5.000000 	15.620500 	67.201187 	66.309875 	84.905830 	40.311287 	54.120235 	76.843994 	93.648277 	41.340054 	15.231546 	67.542580 	58.180752 	42.520584 	69.656296 	44.654228 	98.615417 	68.876701 	58.668560 	10.440307 	38.418747 	67.535179 	46.861500 	8.062258 	89.627007 	61.057350 	59.464275 	50.606323 	35.777088 	61.854668 	20.024984 	80.062477 	20.000000 	30.528675 	18.248287 	53.823788 	24.351591 	44.294468 	67.424034 	78.032043 	20.024984 	22.360680 	17.029387 	46.957428 	18.027756 	98.858482 	34.928497 	52.354561 	21.189621 	109.201645 	49.769470 	32.756680 	38.327538 	61.294373 	51.264023 	57.271286 	48.083260 	32.249031 	33.136082 	63.953106 	65.000000 	38.470768 	58.249462 	53.235325 	45.541191 	52.009613 	50.159744 	64.776543 	67.186310 	
54.817879 	46.227695 	99.644371 	9.055386 	98.478424 	61.717098 	9.848858 	112.160599 	20.000000 	999.000000 	15.264338 	4.472136 	86.556343 	47.127487 	103.812332 	60.207973 	34.539833 	96.046867 	112.329872 	21.470911 	34.985710 	48.104053 	38.483765 	62.481998 	89.196411 	24.698177 	117.324333 	49.396355 	38.910152 	13.152946 	18.439089 	47.927029 	66.843102 	20.615528 	108.853111 	41.182522 	79.397736 	70.604530 	55.569775 	41.880783 	38.275318 	60.415230 	37.947330 	14.000000 	35.171009 	73.817345 	13.601471 	64.140472 	47.434166 	58.180752 	17.000000 	15.620500 	27.018513 	66.730804 	26.172504 	118.342720 	53.851646 	72.201111 	24.351591 	128.549606 	69.318108 	21.931713 	56.612720 	81.123360 	70.682388 	76.941536 	67.230942 	48.662102 	49.819675 	83.725746 	84.528099 	34.058773 	76.843994 	71.063354 	61.204575 	68.883957 	66.483078 	82.969872 	83.294655 	
40.816662 	32.249031 	86.313385 	12.041595 	85.000000 	47.434166 	9.055386 	98.838249 	5.000000 	15.264338 	999.000000 	10.816654 	72.201111 	62.032249 	89.888817 	45.254833 	49.658836 	81.841309 	98.615417 	36.715118 	19.723083 	63.158531 	53.665630 	47.423622 	74.652527 	39.962482 	103.585716 	64.474800 	54.120235 	6.000000 	33.600594 	63.071388 	51.739735 	7.615773 	94.625580 	56.435802 	64.381676 	55.443665 	40.311287 	57.140179 	23.537205 	75.584389 	23.345236 	25.553865 	21.023796 	58.600342 	19.646883 	48.877399 	62.681736 	73.430237 	16.124516 	18.027756 	16.643316 	51.478149 	17.029387 	103.855667 	38.897301 	56.938564 	18.867962 	114.201576 	54.129475 	28.284271 	41.976185 	65.863495 	55.542778 	61.717098 	52.201534 	35.000000 	36.013885 	68.476273 	69.354164 	35.171009 	62.096699 	56.718605 	48.093658 	55.081757 	53.000000 	68.447060 	70.007141 	
50.803543 	42.201897 	95.880135 	7.615773 	94.667839 	57.628117 	7.000000 	108.406639 	15.620500 	4.472136 	10.816654 	999.000000 	82.462112 	51.546097 	99.864906 	55.901699 	39.000000 	92.005432 	108.452751 	25.942244 	30.528675 	52.554733 	42.953465 	58.137768 	85.041168 	29.154760 	113.441612 	53.851646 	43.382023 	9.000000 	22.803509 	52.392746 	62.481998 	16.278820 	104.809349 	45.650848 	75.073296 	66.219330 	51.107731 	46.324940 	33.837849 	64.884514 	33.526108 	16.492422 	30.805843 	69.404610 	13.601471 	59.682495 	51.865211 	62.649822 	14.866069 	14.422205 	23.194826 	62.265560 	22.561028 	114.214706 	49.396355 	67.742157 	21.470911 	124.470879 	64.845970 	22.561028 	52.201534 	76.661591 	66.211784 	72.470680 	62.769421 	44.407207 	45.541191 	79.259071 	80.056229 	33.286633 	72.422371 	66.708321 	57.078892 	64.629715 	62.289646 	78.587532 	79.158073 	
31.827662 	40.360870 	19.416489 	79.208588 	17.262676 	24.839485 	77.155685 	30.066593 	67.201187 	86.556343 	72.201111 	82.462112 	999.000000 	128.844864 	18.681541 	28.231188 	118.258194 	9.848858 	27.892651 	106.775467 	54.589375 	130.728729 	122.494896 	27.202942 	4.000000 	110.317726 	32.572994 	132.136292 	123.166557 	77.103828 	104.804581 	131.244049 	24.331051 	70.830788 	22.472204 	125.936493 	14.560220 	23.000000 	38.832977 	127.287079 	56.648037 	143.533966 	57.584721 	97.652443 	61.098282 	23.345236 	90.735878 	33.015148 	132.943604 	142.425415 	84.599052 	87.817993 	73.006851 	33.060551 	75.239616 	31.827662 	46.389652 	29.614185 	81.024689 	42.011902 	35.510563 	98.005104 	49.040798 	28.653097 	36.878178 	32.310989 	40.447498 	58.549126 	57.428215 	30.232433 	35.227829 	98.081596 	45.310043 	50.695168 	61.204575 	56.293873 	58.855755 	50.119858 	64.884514 	
97.416634 	89.308456 	138.600143 	51.429562 	137.887634 	104.623131 	54.129475 	150.695053 	66.309875 	47.127487 	62.032249 	51.546097 	128.844864 	999.000000 	144.360657 	104.957130 	13.038404 	137.644470 	152.029602 	26.305893 	81.541397 	3.000000 	10.198039 	107.540688 	132.003784 	24.020824 	156.977707 	4.123106 	10.440307 	60.166435 	31.064449 	5.099020 	112.004463 	67.720009 	150.233154 	10.816654 	124.020157 	115.974136 	102.044106 	13.453624 	85.381500 	14.866069 	85.070557 	45.000000 	82.280006 	119.473846 	53.084839 	110.494347 	14.317822 	15.231546 	60.299255 	57.140179 	73.164200 	113.216606 	71.847061 	160.430664 	100.900940 	118.532700 	68.264191 	169.994110 	116.077560 	54.332310 	103.740059 	127.475487 	117.545738 	123.567795 	114.232216 	95.566734 	96.772926 	130.188324 	131.308792 	68.066147 	123.967735 	118.139748 	107.689369 	115.732452 	113.159180 	130.080750 	129.711212 	
49.091751 	57.688820 	9.055386 	96.046867 	8.062258 	42.544094 	94.201912 	12.369317 	84.905830 	103.812332 	89.888817 	99.864906 	18.681541 	144.360657 	999.000000 	46.818798 	134.380051 	9.055386 	9.219544 	123.434196 	72.917763 	146.413803 	138.621780 	45.880280 	18.027756 	127.015747 	13.928389 	147.827606 	139.344894 	95.015785 	121.823647 	147.085007 	42.953465 	89.005615 	7.071068 	142.214630 	32.015621 	41.303753 	57.489128 	143.753265 	75.272835 	159.176010 	76.216797 	115.433968 	79.711983 	41.012192 	108.784187 	51.351727 	149.402145 	158.391922 	102.859123 	106.004715 	91.547798 	51.088158 	93.776329 	17.720045 	64.938431 	47.010635 	99.538940 	25.806976 	53.009434 	116.275536 	67.364677 	43.931767 	54.083271 	48.507732 	58.008621 	77.103828 	75.953934 	44.643028 	49.335587 	116.709038 	61.188232 	67.475922 	79.000000 	73.334846 	76.164299 	64.845970 	80.081207 	
11.401754 	16.492422 	45.541191 	53.823788 	43.737854 	8.602325 	51.400391 	57.489128 	40.311287 	60.207973 	45.254833 	55.901699 	28.231188 	104.957130 	46.818798 	999.000000 	93.477272 	38.078865 	55.973209 	81.215759 	26.627054 	106.531685 	97.652443 	3.000000 	30.016663 	84.646324 	60.745369 	107.912003 	98.229324 	49.678970 	78.644768 	106.780151 	7.280110 	43.011627 	50.537113 	100.801788 	19.209373 	11.401754 	12.369317 	101.828285 	28.460499 	119.268608 	29.410883 	70.292244 	32.893768 	15.297058 	63.007935 	12.206555 	107.447662 	117.643532 	56.603886 	59.908264 	44.777225 	14.764823 	47.010635 	59.076221 	20.615528 	17.262676 	52.801514 	69.641945 	19.235384 	69.971420 	24.698177 	25.019993 	21.470911 	23.345236 	22.022715 	32.140316 	31.257000 	28.017851 	31.144823 	69.892776 	32.249031 	33.241539 	38.483765 	37.013512 	38.275318 	39.357338 	50.328918 	
86.556343 	78.243210 	129.073624 	39.661064 	128.222458 	93.723000 	42.190044 	141.354172 	54.120235 	34.539833 	49.658836 	39.000000 	118.258194 	13.038404 	134.380051 	93.477272 	999.000000 	127.310646 	142.341141 	13.341664 	69.318108 	13.601471 	4.242640 	95.963531 	121.264175 	11.000000 	147.322769 	14.866069 	5.000000 	47.434166 	18.027756 	13.416408 	100.404182 	55.027267 	140.014282 	8.062258 	112.645462 	104.307236 	89.894379 	10.440307 	72.801102 	25.942244 	72.449982 	32.015621 	69.570107 	107.703293 	40.049969 	98.412399 	15.652476 	24.207438 	47.265209 	44.102154 	60.207973 	101.074226 	58.855755 	150.013336 	88.391174 	106.470650 	55.226807 	159.812393 	103.788246 	41.593269 	91.082382 	115.412308 	105.190300 	111.359779 	101.769348 	82.710335 	83.934502 	118.072014 	119.012604 	55.542778 	111.328346 	105.361282 	94.725922 	102.839684 	100.224747 	117.341385 	116.726173 	
41.231056 	49.819675 	12.806249 	88.526833 	10.630146 	34.409302 	86.556343 	21.095022 	76.843994 	96.046867 	81.841309 	92.005432 	9.848858 	137.644470 	9.055386 	38.078865 	127.310646 	999.000000 	18.248287 	116.043098 	64.412735 	139.603012 	131.552277 	37.000000 	9.000000 	119.603508 	22.803509 	141.014191 	132.245987 	86.821655 	114.214706 	140.185593 	33.955853 	80.622574 	12.806249 	135.059250 	23.000000 	32.249031 	48.507732 	136.488098 	66.483078 	152.397507 	67.416618 	107.335922 	70.936592 	32.000000 	100.498756 	42.296574 	142.144287 	151.426544 	94.413979 	97.616600 	82.855293 	42.047592 	85.088188 	22.803509 	55.901699 	38.052597 	90.873535 	32.557640 	44.045429 	107.823929 	58.309521 	35.440090 	45.177429 	39.812057 	49.040798 	68.066147 	66.910385 	36.400551 	41.231056 	107.912003 	52.630791 	58.694122 	70.007141 	64.498062 	67.268120 	56.648037 	71.784401 	
57.801384 	66.370171 	13.601471 	104.403069 	14.142136 	51.429562 	102.649887 	5.830952 	93.648277 	112.329872 	98.615417 	108.452751 	27.892651 	152.029602 	9.219544 	55.973209 	142.341141 	18.248287 	999.000000 	131.654846 	81.939003 	154.155762 	146.577621 	55.081757 	27.166155 	135.247925 	5.000000 	155.569916 	147.322769 	103.831596 	130.207520 	154.896744 	52.172791 	97.943863 	9.433981 	150.233154 	41.109608 	50.487621 	66.708321 	151.855194 	84.433403 	166.877197 	85.381500 	124.169243 	88.865067 	50.089920 	117.647781 	60.530983 	157.492859 	166.243790 	111.825760 	114.934761 	100.657837 	60.207973 	102.883430 	15.524175 	74.148499 	56.008926 	108.632408 	19.924858 	62.008064 	125.239769 	76.531036 	52.469040 	63.007935 	57.218880 	67.007462 	86.313385 	85.158676 	52.952808 	57.489128 	125.865005 	69.720871 	76.236473 	88.022728 	82.152298 	85.052925 	73.006851 	88.294960 	
74.953316 	66.483078 	118.600166 	27.586229 	117.613777 	82.036575 	29.832869 	131.015259 	41.340054 	21.470911 	36.715118 	25.942244 	106.775467 	26.305893 	123.434196 	81.215759 	13.341664 	116.043098 	131.654846 	999.000000 	56.435802 	26.925823 	17.088007 	83.600243 	109.622078 	3.605551 	136.652847 	28.160255 	17.464249 	34.176014 	5.385165 	26.570660 	88.005684 	41.785164 	128.817703 	19.723083 	100.424103 	91.836815 	77.025970 	20.615528 	59.615433 	39.000000 	59.236813 	19.416489 	56.302753 	95.131485 	27.018513 	85.586212 	26.248810 	36.715118 	34.058773 	31.000000 	46.872166 	88.192970 	45.541191 	138.600143 	75.239616 	93.648277 	42.047592 	148.600128 	90.785461 	29.732138 	77.833153 	102.576797 	92.135773 	98.412399 	88.639717 	69.375786 	70.604530 	105.190300 	105.990562 	44.011364 	98.081596 	92.048897 	81.394104 	89.498604 	86.884979 	104.043259 	103.406960 	
25.317978 	18.027756 	70.519501 	30.364452 	68.949257 	30.675724 	27.513634 	82.873398 	15.231546 	34.985710 	19.723083 	30.528675 	54.589375 	81.541397 	72.917763 	26.627054 	69.318108 	64.412735 	81.939003 	56.435802 	999.000000 	82.764725 	73.355301 	28.425341 	56.603886 	59.682495 	86.815895 	84.095184 	73.824112 	23.345236 	53.254108 	82.734512 	32.557640 	16.401220 	77.025970 	76.157730 	45.343136 	36.069378 	20.591261 	76.850502 	7.810250 	95.257545 	8.485281 	43.863426 	9.848858 	39.051247 	36.400551 	29.154760 	82.377182 	93.150414 	30.016663 	33.286633 	19.235384 	31.764761 	21.377558 	85.702972 	20.099751 	37.215588 	26.925823 	96.254868 	34.539833 	43.416588 	24.020824 	46.141087 	36.055511 	42.047592 	32.984844 	20.591261 	21.023796 	48.764740 	49.769470 	44.721359 	43.416588 	39.012817 	33.615471 	38.639359 	37.363083 	50.159744 	54.129475 	
99.201813 	91.021973 	140.758652 	52.839378 	140.014282 	106.400185 	55.470715 	152.898666 	67.542580 	48.104053 	63.158531 	52.554733 	130.728729 	3.000000 	146.413803 	106.531685 	13.601471 	139.603012 	154.155762 	26.925823 	82.764725 	999.000000 	10.049875 	109.077957 	133.843185 	24.331051 	159.113174 	1.414214 	10.000000 	61.032780 	31.400637 	2.236068 	113.534134 	68.622154 	152.226807 	9.486833 	125.642349 	117.477661 	103.315056 	11.661903 	86.377083 	12.806249 	86.034874 	45.099888 	83.168503 	120.933868 	53.338543 	111.803398 	11.661903 	12.529964 	60.671246 	57.428215 	73.756355 	114.494545 	72.367119 	162.373032 	101.950966 	119.854080 	68.593002 	172.002914 	117.273186 	54.083271 	104.675690 	128.798294 	118.701309 	124.811859 	115.316956 	96.301613 	97.529480 	131.483841 	132.502823 	67.601776 	124.919975 	118.962181 	108.258949 	116.417351 	113.780487 	130.942734 	130.230560 	
90.785461 	82.462112 	133.304169 	43.829212 	132.457535 	97.948967 	46.324940 	145.578156 	58.180752 	38.483765 	53.665630 	42.953465 	122.494896 	10.198039 	138.621780 	97.652443 	4.242640 	131.552277 	146.577621 	17.088007 	73.355301 	10.049875 	999.000000 	100.124924 	125.495018 	14.317822 	151.558563 	11.180340 	1.000000 	51.264023 	21.377558 	9.486833 	104.560989 	58.872746 	144.256714 	4.123106 	116.828934 	108.452751 	93.941475 	7.000000 	76.694199 	21.931713 	76.321686 	35.057095 	73.389374 	111.830231 	43.289722 	102.474388 	11.704700 	20.000000 	50.635956 	47.381432 	63.788715 	105.118980 	62.369865 	154.253036 	92.309265 	110.535065 	58.549126 	164.054871 	107.786827 	44.181442 	94.921021 	119.473846 	109.165016 	115.381973 	105.702415 	86.400230 	87.641312 	122.118797 	123.004066 	57.870544 	115.169441 	109.110039 	98.270035 	106.480042 	103.812332 	121.115646 	120.220627 	
14.317822 	19.416489 	45.177429 	56.302753 	43.289722 	10.630146 	53.823788 	56.885849 	42.520584 	62.481998 	47.423622 	58.137768 	27.202942 	107.540688 	45.880280 	3.000000 	95.963531 	37.000000 	55.081757 	83.600243 	28.425341 	109.077957 	100.124924 	999.000000 	28.635643 	87.005745 	59.774578 	110.453613 	100.687637 	51.662365 	80.919716 	109.293182 	4.472136 	44.821869 	49.244289 	103.227905 	16.970562 	8.544003 	12.000000 	104.201729 	29.546574 	121.794907 	30.463093 	72.249565 	34.014702 	12.369317 	64.815125 	9.899495 	109.808922 	120.104118 	58.249462 	61.611687 	46.065170 	12.206555 	48.301140 	57.454330 	20.099751 	14.317822 	54.120235 	68.095520 	16.643316 	71.561165 	23.769728 	22.022715 	18.867962 	20.396078 	19.798990 	32.000000 	31.016125 	25.019993 	28.160255 	70.936592 	29.681644 	31.144823 	37.336308 	35.227829 	36.715118 	36.715118 	48.104053 	
34.713108 	43.139309 	20.615528 	82.036575 	18.384777 	27.586229 	79.906197 	30.066593 	69.656296 	89.196411 	74.652527 	85.041168 	4.000000 	132.003784 	18.027756 	30.016663 	121.264175 	9.000000 	27.166155 	109.622078 	56.603886 	133.843185 	125.495018 	28.635643 	999.000000 	113.145920 	31.575306 	135.247925 	126.150703 	79.404030 	107.517441 	134.316788 	25.298222 	72.945183 	20.615528 	128.887543 	14.000000 	23.345236 	39.849716 	130.176804 	58.180752 	146.649246 	59.093147 	100.000000 	62.649822 	23.000000 	92.913940 	33.376640 	135.830780 	145.454468 	86.608315 	89.888817 	74.686012 	33.060551 	76.922035 	29.206163 	47.074409 	29.068884 	82.734512 	39.661064 	35.057095 	99.985001 	49.365982 	26.925823 	36.221542 	31.048349 	40.049969 	59.228371 	58.051701 	28.178005 	33.120991 	99.538940 	43.965897 	49.819675 	61.008198 	55.578773 	58.309521 	48.332184 	63.324562 	
78.492035 	70.007141 	122.200653 	31.112698 	121.210564 	85.562843 	33.301651 	134.617981 	44.654228 	24.698177 	39.962482 	29.154760 	110.317726 	24.020824 	127.015747 	84.646324 	11.000000 	119.603508 	135.247925 	3.605551 	59.682495 	24.331051 	14.317822 	87.005745 	113.145920 	999.000000 	140.246216 	25.495098 	14.560220 	37.161808 	7.071068 	23.769728 	91.400215 	44.777225 	132.382019 	16.552946 	103.855667 	95.210297 	80.262070 	17.204651 	62.649822 	36.055511 	62.241467 	21.023796 	59.236813 	98.473343 	29.068884 	88.836929 	22.803509 	33.541019 	36.345562 	33.136082 	49.477268 	91.416626 	48.052055 	142.144287 	78.294319 	96.896851 	44.283180 	152.161102 	93.941475 	30.805843 	80.777473 	105.815880 	95.257545 	101.597244 	91.706055 	72.124893 	73.375748 	108.406639 	109.128365 	44.922153 	101.019798 	94.868332 	83.952370 	92.179176 	89.498604 	106.892471 	105.905617 	
62.769421 	71.344238 	18.439089 	109.402924 	19.104973 	56.356010 	107.647575 	8.062258 	98.615417 	117.324333 	103.585716 	113.441612 	32.572994 	156.977707 	13.928389 	60.745369 	147.322769 	22.803509 	5.000000 	136.652847 	86.815895 	159.113174 	151.558563 	59.774578 	31.575306 	140.246216 	999.000000 	160.527252 	152.305618 	108.784187 	135.207245 	159.862442 	56.753853 	102.859123 	12.165525 	155.219193 	45.398239 	54.918121 	71.309189 	156.847061 	89.196411 	171.828400 	90.138779 	129.139465 	93.637596 	54.332310 	122.588745 	64.938431 	162.483841 	171.213318 	116.730461 	119.854080 	105.475113 	64.498062 	107.703293 	14.422205 	78.644768 	60.133186 	113.463654 	16.124516 	66.121101 	130.146072 	80.894997 	56.142673 	67.029846 	61.032780 	71.112587 	90.801979 	89.627007 	56.435802 	60.827625 	130.633072 	73.334846 	80.056229 	92.135773 	86.023254 	89.000000 	76.295479 	91.591484 	
100.603180 	92.417534 	142.172424 	54.203320 	141.428421 	107.800743 	56.824291 	154.311371 	68.876701 	49.396355 	64.474800 	53.851646 	132.136292 	4.123106 	147.827606 	107.912003 	14.866069 	141.014191 	155.569916 	28.160255 	84.095184 	1.414214 	11.180340 	110.453613 	135.247925 	25.495098 	160.527252 	999.000000 	11.045361 	62.297672 	32.557640 	2.236068 	114.908661 	69.892776 	153.639191 	10.198039 	127.027557 	118.848640 	104.651802 	12.083046 	87.664131 	11.401754 	87.315521 	46.173584 	84.433403 	122.298813 	54.451813 	113.145920 	11.401754 	11.180340 	61.814240 	58.549126 	74.953316 	115.831772 	73.545906 	163.783386 	103.247276 	121.198181 	69.720871 	173.415680 	118.595955 	55.036350 	105.948097 	130.142227 	120.016663 	126.142776 	116.619041 	97.529480 	98.762344 	132.823196 	133.824509 	68.468971 	126.194298 	120.208153 	109.444046 	117.630775 	114.978256 	132.196823 	131.400146 	
91.438507 	83.096329 	134.063416 	44.407207 	133.206604 	98.595131 	46.872166 	146.348892 	58.668560 	38.910152 	54.120235 	43.382023 	123.166557 	10.440307 	139.344894 	98.229324 	5.000000 	132.245987 	147.322769 	17.464249 	73.824112 	10.000000 	1.000000 	100.687637 	126.150703 	14.560220 	152.305618 	11.045361 	999.000000 	51.623638 	21.587032 	9.219544 	105.118980 	59.236813 	144.958618 	3.162278 	117.413795 	109.000000 	94.413979 	6.000000 	77.077881 	21.540659 	76.694199 	35.128338 	73.736015 	112.361023 	43.416588 	102.956299 	10.770329 	19.416489 	50.803543 	47.518417 	64.031242 	105.588821 	62.585941 	154.935471 	92.703827 	111.018013 	58.694122 	164.757401 	108.226616 	44.102154 	95.273293 	119.954155 	109.590149 	115.836090 	106.103722 	86.683334 	87.931793 	122.588745 	123.438240 	57.706154 	115.520561 	109.416634 	98.488579 	106.737999 	104.048065 	121.433105 	120.415947 	
46.065170 	37.576588 	91.706055 	13.892444 	90.338257 	52.478565 	11.401754 	104.216118 	10.440307 	13.152946 	6.000000 	9.000000 	77.103828 	60.166435 	95.015785 	49.678970 	47.434166 	86.821655 	103.831596 	34.176014 	23.345236 	61.032780 	51.264023 	51.662365 	79.404030 	37.161808 	108.784187 	62.297672 	51.623638 	999.000000 	30.413813 	60.745369 	55.865910 	7.615773 	99.569069 	53.712196 	68.622154 	59.413803 	43.600460 	54.120235 	25.495098 	73.164200 	25.079872 	20.615528 	22.135944 	62.369865 	13.928389 	52.201534 	59.539902 	70.682388 	10.198039 	12.041595 	14.317822 	54.644306 	13.928389 	108.600182 	41.146080 	60.216278 	14.142136 	119.037811 	56.938564 	22.360680 	43.657761 	69.065186 	58.180752 	64.660652 	54.561890 	35.510563 	36.674240 	71.561165 	72.069412 	29.410883 	63.906181 	57.974133 	48.093658 	55.731499 	53.338543 	69.921387 	70.178345 	
73.000000 	64.443771 	117.324333 	25.806976 	116.249733 	79.981247 	27.658634 	129.799850 	38.418747 	18.439089 	33.600594 	22.803509 	104.804581 	31.064449 	121.823647 	78.644768 	18.027756 	114.214706 	130.207520 	5.385165 	53.254108 	31.400637 	21.377558 	80.919716 	107.517441 	7.071068 	135.207245 	32.557640 	21.587032 	30.413813 	999.000000 	30.805843 	85.276024 	38.013157 	127.015747 	23.409399 	97.836601 	89.022469 	73.783470 	23.706539 	55.901699 	43.011627 	55.461697 	14.142136 	52.392746 	92.200867 	22.022715 	82.377182 	29.154760 	40.311287 	29.274563 	26.076809 	42.449970 	84.905830 	41.000000 	136.619904 	71.554176 	90.426765 	37.215588 	146.754898 	87.321243 	24.351591 	73.925636 	99.322708 	88.588936 	95.015785 	84.970581 	65.145988 	66.407829 	101.872467 	102.474388 	38.626415 	94.154129 	87.920418 	76.902534 	85.164543 	82.462112 	99.959991 	98.843307 	
99.639351 	91.400215 	141.534454 	53.000000 	140.758652 	106.826965 	55.569775 	153.717270 	67.535179 	47.927029 	63.071388 	52.392746 	131.244049 	5.099020 	147.085007 	106.780151 	13.416408 	140.185593 	154.896744 	26.570660 	82.734512 	2.236068 	9.486833 	109.293182 	134.316788 	23.769728 	159.862442 	2.236068 	9.219544 	60.745369 	30.805843 	999.000000 	113.740936 	68.352028 	152.839783 	8.062258 	125.924583 	117.660530 	103.310211 	9.848858 	86.162636 	12.529964 	85.796272 	44.283180 	82.873398 	121.078484 	52.611786 	111.825760 	9.433981 	11.401754 	60.016663 	56.718605 	73.246162 	114.490173 	71.805290 	162.935577 	101.769348 	119.883278 	67.896980 	172.626770 	117.200684 	53.009434 	104.403069 	128.825470 	118.595955 	124.775803 	115.156418 	95.880135 	97.123634 	131.487640 	132.423569 	66.370171 	124.651512 	118.595955 	107.707939 	115.948265 	113.265175 	130.602448 	129.634094 	
18.027756 	23.769728 	43.000000 	60.745369 	41.012192 	13.000000 	58.249462 	54.332310 	46.861500 	66.843102 	51.739735 	62.481998 	24.331051 	112.004463 	42.953465 	7.280110 	100.404182 	33.955853 	52.172791 	88.005684 	32.557640 	113.534134 	104.560989 	4.472136 	25.298222 	91.400215 	56.753853 	114.908661 	105.118980 	55.865910 	85.276024 	113.740936 	999.000000 	48.918301 	45.880280 	107.647575 	12.806249 	4.123106 	14.560220 	108.600182 	33.120991 	126.245789 	34.000000 	76.419891 	37.589893 	8.062258 	68.883957 	9.486833 	114.201576 	124.535133 	62.201286 	65.604881 	49.739319 	10.816654 	51.971146 	53.712196 	22.090721 	11.180340 	57.801384 	64.412735 	14.866069 	75.451973 	25.079872 	18.027756 	16.970562 	17.088007 	18.867962 	34.234486 	33.136082 	21.023796 	24.515301 	74.323616 	27.658634 	30.232433 	38.078865 	34.885529 	36.769554 	34.409302 	46.754681 	
40.496914 	32.280025 	86.162636 	19.416489 	84.693565 	46.518814 	16.492422 	98.615417 	8.062258 	20.615528 	7.615773 	16.278820 	70.830788 	67.720009 	89.005615 	43.011627 	55.027267 	80.622574 	97.943863 	41.785164 	16.401220 	68.622154 	58.872746 	44.821869 	72.945183 	44.777225 	102.859123 	69.892776 	59.236813 	7.615773 	38.013157 	68.352028 	48.918301 	999.000000 	93.295227 	61.326992 	61.717098 	52.345009 	36.235340 	61.717098 	17.888544 	80.777473 	17.464249 	27.586229 	14.560220 	55.172459 	20.000000 	44.821869 	67.119293 	78.294319 	13.928389 	17.000000 	9.219544 	47.201694 	10.000000 	102.078400 	33.541019 	52.801514 	13.341664 	112.605507 	49.396355 	27.313000 	36.055511 	61.611687 	50.606323 	57.140179 	46.957428 	28.160255 	29.274563 	64.070274 	64.498062 	31.064449 	56.302753 	50.447994 	41.000000 	48.373547 	46.097721 	62.361847 	63.031738 	
54.037025 	62.625874 	16.000000 	101.316338 	15.132746 	47.201694 	99.357941 	14.866069 	89.627007 	108.853111 	94.625580 	104.809349 	22.472204 	150.233154 	7.071068 	50.537113 	140.014282 	12.806249 	9.433981 	128.817703 	77.025970 	152.226807 	144.256714 	49.244289 	20.615528 	132.382019 	12.165525 	153.639191 	144.958618 	99.569069 	127.015747 	152.839783 	45.880280 	93.295227 	999.000000 	147.787003 	33.955853 	43.680660 	60.406952 	149.241409 	78.790863 	165.012115 	79.705711 	120.104118 	83.258636 	42.755116 	113.207771 	53.600372 	154.896744 	164.103622 	107.042046 	110.276924 	95.273293 	52.952808 	97.508972 	10.770329 	67.446274 	48.373547 	103.315056 	19.798990 	54.332310 	120.440857 	69.426216 	44.045429 	55.145264 	49.000000 	59.304298 	79.555016 	78.339005 	44.283180 	48.662102 	120.154068 	61.204575 	68.007355 	80.305664 	74.000000 	77.025970 	64.132675 	79.429214 	
94.175369 	85.796272 	137.000000 	47.010635 	136.124939 	101.316338 	49.406479 	149.305054 	61.057350 	41.182522 	56.435802 	45.650848 	125.936493 	10.816654 	142.214630 	100.801788 	8.062258 	135.059250 	150.233154 	19.723083 	76.157730 	9.486833 	4.123106 	103.227905 	128.887543 	16.552946 	155.219193 	10.198039 	3.162278 	53.712196 	23.409399 	8.062258 	107.647575 	61.326992 	147.787003 	999.000000 	120.000000 	111.503365 	96.747093 	3.162278 	79.202271 	19.646883 	78.790863 	36.496574 	75.769386 	114.825958 	44.911022 	105.309067 	7.615773 	17.000000 	52.392746 	49.030602 	65.802734 	107.912003 	64.288414 	157.724442 	94.847244 	113.371071 	60.207973 	167.585800 	110.476242 	45.000000 	97.308784 	122.298813 	111.803398 	118.118584 	108.258949 	88.543777 	89.810913 	124.907967 	125.670204 	58.309521 	117.545738 	111.328346 	100.169853 	108.521889 	105.773346 	123.369362 	122.024590 	
27.513634 	34.885529 	33.955853 	73.006851 	31.780497 	20.615528 	70.604530 	44.045429 	59.464275 	79.397736 	64.381676 	75.073296 	14.560220 	124.020157 	32.015621 	19.209373 	112.645462 	23.000000 	41.109608 	100.424103 	45.343136 	125.642349 	116.828934 	16.970562 	14.000000 	103.855667 	45.398239 	127.027557 	117.413795 	68.622154 	97.836601 	125.924583 	12.806249 	61.717098 	33.955853 	120.000000 	999.000000 	9.848858 	26.832815 	121.037186 	45.793011 	138.397980 	46.647614 	89.196411 	50.249378 	9.000000 	81.688431 	19.646883 	126.657021 	136.824707 	75.000000 	78.409180 	62.433964 	19.104973 	64.660652 	41.146080 	33.526108 	15.132746 	70.491135 	51.894123 	21.095022 	88.232651 	35.510563 	14.866069 	22.360680 	17.888544 	26.076809 	45.607018 	44.384682 	17.029387 	21.931713 	86.764046 	30.870699 	36.138622 	47.010635 	41.773197 	44.407207 	36.055511 	50.537113 	
22.000000 	27.892651 	42.190044 	64.660652 	40.112343 	16.492422 	62.128899 	53.037724 	50.606323 	70.604530 	55.443665 	66.219330 	23.000000 	115.974136 	41.303753 	11.401754 	104.307236 	32.249031 	50.487621 	91.836815 	36.069378 	117.477661 	108.452751 	8.544003 	23.345236 	95.210297 	54.918121 	118.848640 	109.000000 	59.413803 	89.022469 	117.660530 	4.123106 	52.345009 	43.680660 	111.503365 	9.848858 	999.000000 	17.000000 	112.414413 	36.055511 	130.172958 	36.891735 	79.906197 	40.496914 	4.000000 	72.249565 	10.049875 	118.004234 	128.413391 	65.436989 	68.883957 	52.697250 	10.198039 	54.918121 	50.990196 	23.769728 	8.485281 	60.745369 	61.741398 	13.416408 	78.600258 	26.076809 	14.142136 	15.264338 	13.892444 	18.027756 	35.902645 	34.713108 	17.117243 	20.880613 	76.922035 	25.495098 	29.068884 	38.327538 	34.176014 	36.400551 	31.890438 	45.000000 	
20.518284 	20.615528 	57.140179 	50.695168 	55.226807 	20.615528 	47.927029 	68.731361 	35.777088 	55.569775 	40.311287 	51.107731 	38.832977 	102.044106 	57.489128 	12.369317 	89.894379 	48.507732 	66.708321 	77.025970 	20.591261 	103.315056 	93.941475 	12.000000 	39.849716 	80.262070 	71.309189 	104.651802 	94.413979 	43.600460 	73.783470 	103.310211 	14.560220 	36.235340 	60.406952 	96.747093 	26.832815 	17.000000 	999.000000 	97.416634 	19.209373 	115.836090 	20.000000 	63.780876 	23.600847 	19.209373 	55.865910 	8.602325 	102.927162 	113.740936 	48.836460 	52.345009 	35.805027 	11.180340 	38.013157 	67.977936 	8.246211 	16.643316 	43.829212 	78.721024 	14.317822 	61.846584 	12.529964 	25.553865 	16.124516 	21.540659 	14.142136 	20.000000 	19.026299 	28.178005 	29.410883 	59.933296 	25.317978 	23.706539 	26.419689 	26.248810 	26.907248 	32.557640 	40.816662 	
95.482986 	87.045967 	138.683090 	48.166378 	137.767914 	102.591423 	50.447994 	151.029800 	61.854668 	41.880783 	57.140179 	46.324940 	127.287079 	13.453624 	143.753265 	101.828285 	10.440307 	136.488098 	151.855194 	20.615528 	76.850502 	11.661903 	7.000000 	104.201729 	130.176804 	17.204651 	156.847061 	12.083046 	6.000000 	54.120235 	23.706539 	9.848858 	108.600182 	61.717098 	149.241409 	3.162278 	121.037186 	112.414413 	97.416634 	999.000000 	79.605278 	20.099751 	79.158073 	36.138622 	76.059189 	115.676270 	44.643028 	106.000000 	5.656854 	16.763054 	52.201534 	48.764740 	65.787537 	108.558739 	64.195015 	159.100601 	95.257545 	114.057007 	59.908264 	169.035492 	111.018013 	44.102154 	97.575615 	122.967476 	112.294258 	118.701309 	108.673820 	88.600227 	89.888817 	125.538841 	126.178444 	57.078892 	117.783699 	111.427109 	100.000000 	108.466583 	105.650368 	123.490891 	121.753853 	
30.066593 	24.041630 	73.756355 	35.227829 	72.034714 	34.234486 	32.249031 	85.866173 	20.024984 	38.275318 	23.537205 	33.837849 	56.648037 	85.381500 	75.272835 	28.460499 	72.801102 	66.483078 	84.433403 	59.615433 	7.810250 	86.377083 	76.694199 	29.546574 	58.180752 	62.649822 	89.196411 	87.664131 	77.077881 	25.495098 	55.901699 	86.162636 	33.120991 	17.888544 	78.790863 	79.202271 	45.793011 	36.055511 	19.209373 	79.605278 	999.000000 	98.615417 	1.000000 	45.000000 	4.472136 	38.418747 	36.878178 	27.586229 	85.000000 	96.176918 	29.698484 	33.241539 	16.643316 	29.732138 	18.867962 	86.833176 	15.652476 	35.383614 	24.698177 	97.529480 	31.622776 	42.638012 	18.439089 	44.045429 	32.756680 	39.408119 	29.068884 	13.000000 	13.601471 	46.400433 	46.647614 	41.436699 	38.600517 	33.241539 	26.248810 	32.062439 	30.413813 	44.911022 	47.381432 	
112.004463 	103.812332 	153.456833 	65.513359 	152.735062 	119.201508 	68.095520 	165.559662 	80.062477 	60.415230 	75.584389 	64.884514 	143.533966 	14.866069 	159.176010 	119.268608 	25.942244 	152.397507 	166.877197 	39.000000 	95.257545 	12.806249 	21.931713 	121.794907 	146.649246 	36.055511 	171.828400 	11.401754 	21.540659 	73.164200 	43.011627 	12.529964 	126.245789 	80.777473 	165.012115 	19.646883 	138.397980 	130.172958 	115.836090 	20.099751 	98.615417 	999.000000 	98.234413 	56.089214 	95.273293 	133.600143 	64.536812 	124.354332 	16.124516 	5.000000 	72.034714 	68.658577 	85.440041 	127.015747 	83.934502 	175.171341 	114.236595 	132.412231 	79.831070 	184.783661 	129.711212 	64.195015 	116.811813 	141.354172 	131.095383 	137.295303 	127.632286 	108.157295 	109.416634 	144.013885 	144.931015 	77.006493 	137.058380 	130.919830 	119.816528 	128.160049 	125.419296 	142.947540 	141.661575 	
31.064449 	25.000000 	74.732857 	35.128338 	73.006851 	35.227829 	32.140316 	86.833176 	20.000000 	37.947330 	23.345236 	33.526108 	57.584721 	85.070557 	76.216797 	29.410883 	72.449982 	67.416618 	85.381500 	59.236813 	8.485281 	86.034874 	76.321686 	30.463093 	59.093147 	62.241467 	90.138779 	87.315521 	76.694199 	25.079872 	55.461697 	85.796272 	34.000000 	17.464249 	79.705711 	78.790863 	46.647614 	36.891735 	20.000000 	79.158073 	1.000000 	98.234413 	999.000000 	44.407207 	3.605551 	39.204590 	36.235340 	28.319605 	84.534019 	95.754898 	29.000000 	32.557640 	15.811388 	30.413813 	18.027756 	87.709747 	16.124516 	36.069378 	23.853722 	98.412399 	32.202484 	41.868843 	18.681541 	44.687805 	33.286633 	40.000000 	29.529646 	12.649111 	13.341664 	47.010635 	47.169907 	40.496914 	38.897301 	33.376640 	25.961510 	32.015621 	30.265491 	45.122055 	47.265209 	
66.370171 	57.801384 	111.825760 	23.021729 	110.535065 	72.945183 	23.345236 	124.354332 	30.528675 	14.000000 	25.553865 	16.492422 	97.652443 	45.000000 	115.433968 	70.292244 	32.015621 	107.335922 	124.169243 	19.416489 	43.863426 	45.099888 	35.057095 	72.249565 	100.000000 	21.023796 	129.139465 	46.173584 	35.128338 	20.615528 	14.142136 	44.283180 	76.419891 	27.586229 	120.104118 	36.496574 	89.196411 	79.906197 	63.780876 	36.138622 	45.000000 	56.089214 	44.407207 	999.000000 	41.048752 	82.758682 	8.544003 	72.346390 	41.109608 	52.886673 	16.155495 	12.649111 	29.966648 	74.652527 	28.231188 	129.201401 	60.464867 	80.280754 	23.769728 	139.617340 	76.609398 	10.816654 	62.265560 	89.022469 	77.665955 	84.403793 	73.783470 	52.801514 	54.129475 	91.400215 	91.525955 	25.059929 	82.298241 	75.643906 	63.890530 	72.449982 	69.570107 	87.726852 	85.615417 	
34.000000 	27.459061 	78.102493 	33.000000 	76.400261 	38.470768 	30.000000 	90.249657 	18.248287 	35.171009 	21.023796 	30.805843 	61.098282 	82.280006 	79.711983 	32.893768 	69.570107 	70.936592 	88.865067 	56.302753 	9.848858 	83.168503 	73.389374 	34.014702 	62.649822 	59.236813 	93.637596 	84.433403 	73.736015 	22.135944 	52.392746 	82.873398 	37.589893 	14.560220 	83.258636 	75.769386 	50.249378 	40.496914 	23.600847 	76.059189 	4.472136 	95.273293 	3.605551 	41.048752 	999.000000 	42.801868 	32.802441 	31.890438 	81.394104 	92.703827 	25.495098 	29.068884 	12.206555 	33.941124 	14.422205 	91.301697 	19.416489 	39.597980 	20.248457 	102.000000 	35.608986 	38.288380 	21.540659 	48.166378 	36.619667 	43.416588 	32.756680 	14.035668 	15.000000 	50.447994 	50.477718 	37.000000 	41.785164 	35.902645 	27.294687 	34.058773 	32.015621 	47.801674 	49.040798 	
