Total assets = 481
Number of asset nodes = 34

Distance:
999.000000 	41.109608 	33.241539 	8.246211 	51.739735 	35.510563 	14.560220 	37.202152 	24.186773 	32.572994 	61.400326 	88.549423 	43.829212 	47.634022 	24.041630 	57.271286 	32.557640 	35.902645 	34.176014 	35.114101 	36.400551 	39.458839 	37.643059 	38.327538 	41.436699 	51.351727 	41.231056 	36.400551 	42.201897 	51.009804 	37.013512 	40.816662 	41.340054 	42.426407 	43.278172 	43.185646 	43.185646 	43.566040 	53.600372 	46.227695 	47.423622 	47.381432 	48.083260 	49.578220 	54.708317 	56.797886 	61.854668 	
41.109608 	999.000000 	8.062258 	38.078865 	12.369317 	12.369317 	37.336308 	78.243210 	28.160255 	21.377558 	22.803509 	49.729267 	5.385165 	88.729927 	49.030602 	25.961510 	37.336308 	39.812057 	43.289722 	43.416588 	41.773197 	38.897301 	42.953465 	42.201897 	39.560081 	34.655445 	43.011627 	53.037724 	43.324360 	38.418747 	60.133186 	52.611786 	53.600372 	61.073727 	59.304298 	60.207973 	63.031738 	68.117546 	46.872166 	60.671246 	63.505905 	65.276337 	65.375839 	68.264191 	62.297672 	60.926186 	70.228203 	
33.241539 	8.062258 	999.000000 	30.016663 	18.867962 	8.602325 	29.410883 	70.292244 	21.023796 	16.124516 	29.068884 	57.567352 	12.165525 	80.808418 	41.436699 	29.000000 	31.320919 	34.176014 	37.107952 	37.363083 	36.055511 	34.000000 	37.336308 	36.769554 	34.985710 	33.286633 	38.013157 	46.389652 	38.470768 	36.235340 	53.000000 	46.572525 	47.539455 	54.451813 	52.952808 	53.758720 	56.320511 	61.000000 	43.863426 	54.571056 	57.271286 	58.855755 	59.033890 	61.814240 	57.271286 	56.435802 	65.306969 	
8.246211 	38.078865 	30.016663 	999.000000 	47.507893 	30.413813 	6.324555 	41.036568 	16.763054 	25.942244 	56.586216 	87.091904 	41.629318 	51.662365 	17.492855 	51.107731 	24.331051 	27.658634 	26.000000 	26.925823 	28.160255 	31.257000 	29.410883 	30.083218 	33.241539 	43.737854 	32.984844 	29.000000 	33.955853 	43.104523 	30.886890 	33.015148 	33.600594 	35.608986 	36.069378 	36.124783 	36.619667 	38.078865 	45.398239 	38.897301 	40.360870 	40.607880 	41.231056 	43.011627 	46.872166 	48.764740 	54.203320 	
51.739735 	12.369317 	18.867962 	47.507893 	999.000000 	17.492855 	45.486263 	88.413803 	34.438351 	25.298222 	10.440307 	45.011108 	14.142136 	99.005051 	55.542778 	16.401220 	40.607880 	42.190044 	46.529560 	46.389652 	44.181442 	40.000000 	45.099888 	44.045429 	40.049969 	30.463093 	44.011364 	56.885849 	44.045429 	35.114101 	65.000000 	55.145264 	56.142673 	64.629715 	62.289646 	63.387695 	66.753281 	72.780495 	44.271889 	63.071388 	66.121101 	68.264191 	68.183578 	71.253067 	62.514000 	60.207973 	70.035706 	
35.510563 	12.369317 	8.602325 	30.413813 	17.492855 	999.000000 	28.017851 	71.449280 	17.088007 	9.055386 	26.172504 	60.827625 	17.720045 	82.073135 	38.275318 	22.561028 	25.079872 	27.459061 	31.064449 	31.144823 	29.427877 	26.570660 	30.594116 	29.832869 	27.313000 	24.698177 	30.675724 	41.012192 	31.016125 	27.658634 	48.507732 	40.311287 	41.303753 	49.000000 	47.095646 	48.041649 	51.009804 	56.435802 	35.468296 	48.373547 	51.244511 	53.084839 	53.150730 	56.080299 	49.979996 	48.754486 	57.939625 	
14.560220 	37.336308 	29.410883 	6.324555 	45.486263 	28.017851 	999.000000 	44.407207 	12.206555 	22.022715 	53.907330 	86.977005 	41.484936 	55.000000 	13.341664 	47.201694 	18.110771 	21.377558 	19.697716 	20.615528 	21.840330 	25.079872 	23.086792 	23.769728 	27.073973 	38.327538 	26.683329 	23.430750 	27.658634 	37.336308 	26.570660 	27.018513 	27.658634 	30.528675 	30.610456 	30.805843 	31.764761 	34.205261 	39.204590 	33.301651 	35.000000 	35.510563 	36.055511 	38.078865 	40.804413 	42.544094 	48.270073 	
37.202152 	78.243210 	70.292244 	41.036568 	88.413803 	71.449280 	44.407207 	999.000000 	56.612720 	66.400299 	97.621719 	125.399361 	81.024689 	10.630146 	41.109608 	91.607857 	59.093147 	61.098282 	56.920998 	57.870544 	60.406952 	65.551506 	61.032780 	62.297672 	67.416618 	81.394104 	65.145988 	51.623638 	66.098412 	79.309517 	45.011108 	57.706154 	57.558666 	52.000000 	55.036350 	54.009258 	51.039200 	45.541191 	78.160095 	58.008621 	57.035076 	55.145264 	56.142673 	55.443665 	69.028976 	73.171036 	73.171036 	
24.186773 	28.160255 	21.023796 	16.763054 	34.438351 	17.088007 	12.206555 	56.612720 	999.000000 	9.899495 	42.201897 	77.665955 	33.015148 	67.201187 	21.189621 	35.000000 	12.041595 	15.556349 	17.000000 	17.492855 	17.029387 	17.492855 	18.439089 	18.384777 	19.235384 	27.166155 	20.615528 	25.495098 	21.400934 	27.073973 	32.015621 	26.400757 	27.313000 	33.541019 	32.280025 	32.984844 	35.355339 	40.012497 	31.016125 	34.176014 	36.687874 	38.078865 	38.327538 	41.000000 	38.600517 	38.897301 	46.615448 	
32.572994 	21.377558 	16.124516 	25.942244 	25.298222 	9.055386 	22.022715 	66.400299 	9.899495 	999.000000 	32.449963 	69.584480 	26.683329 	77.006493 	30.413813 	25.238859 	16.031219 	18.439089 	22.022715 	22.090721 	20.396078 	17.888544 	21.587032 	20.880613 	18.867962 	20.396078 	21.931713 	32.062439 	22.360680 	21.931713 	39.812057 	31.257000 	32.249031 	40.012497 	38.052597 	39.012817 	42.047592 	47.675991 	28.425341 	39.319206 	42.190044 	44.045429 	44.102154 	47.042534 	41.231056 	40.311287 	49.244289 	
61.400326 	22.803509 	29.068884 	56.586216 	10.440307 	26.172504 	53.907330 	97.621719 	42.201897 	32.449963 	999.000000 	42.953465 	24.020824 	108.245094 	62.769421 	13.341664 	46.238514 	47.127487 	51.865211 	51.546097 	49.040798 	44.147480 	49.729267 	48.507732 	43.737854 	31.064449 	47.853943 	62.297672 	47.675991 	36.055511 	70.936592 	59.665737 	60.638271 	69.641945 	66.940269 	68.154236 	71.840103 	78.434685 	45.177429 	67.268120 	70.405968 	72.780495 	72.567207 	75.709976 	65.030762 	62.032249 	72.027771 	
88.549423 	49.729267 	57.567352 	87.091904 	45.011108 	60.827625 	86.977005 	125.399361 	77.665955 	69.584480 	42.953465 	999.000000 	45.541191 	135.484314 	98.716766 	56.293873 	85.375641 	87.143562 	91.350975 	91.268837 	89.140335 	85.005882 	90.088844 	89.050545 	85.005882 	73.824112 	89.000000 	101.597244 	89.005615 	78.771820 	109.329773 	100.124924 	101.123688 	109.457756 	107.228729 	108.295891 	111.543716 	117.239075 	87.965904 	108.074051 	111.112556 	113.216606 	113.159180 	116.211014 	107.228729 	104.580116 	114.529472 	
43.829212 	5.385165 	12.165525 	41.629318 	14.142136 	17.720045 	41.484936 	81.024689 	33.015148 	26.683329 	24.020824 	45.541191 	999.000000 	91.400215 	53.600372 	29.546574 	42.579338 	45.122055 	48.507732 	48.662102 	47.074409 	44.271889 	48.270073 	47.539455 	44.944408 	39.698868 	48.383881 	58.137768 	48.703182 	43.600460 	65.030762 	57.870544 	58.855755 	66.189125 	64.498062 	65.375839 	68.117546 	73.027390 	52.153618 	65.924202 	68.731361 	70.455658 	70.576202 	73.437050 	67.675697 	66.309875 	75.610847 	
47.634022 	88.729927 	80.808418 	51.662365 	99.005051 	82.073135 	55.000000 	10.630146 	67.201187 	77.006493 	108.245094 	135.484314 	91.400215 	999.000000 	51.078373 	102.200783 	69.318108 	71.175842 	66.850578 	67.779053 	70.384659 	75.643906 	70.936592 	72.235725 	77.472572 	91.706055 	75.026665 	60.876926 	75.960518 	89.470665 	53.600372 	66.940269 	66.708321 	60.406952 	63.639610 	62.514000 	59.211487 	53.000000 	87.920418 	66.483078 	65.192024 	63.071388 	64.070274 	63.000000 	77.524193 	81.884064 	81.024689 	
24.041630 	49.030602 	41.436699 	17.492855 	55.542778 	38.275318 	13.341664 	41.109608 	21.189621 	30.413813 	62.769421 	98.716766 	53.600372 	51.078373 	999.000000 	53.907330 	18.601076 	20.124611 	15.811388 	16.763054 	19.313208 	24.596748 	19.924858 	21.189621 	26.400757 	41.048752 	24.041630 	13.000000 	25.000000 	38.470768 	13.416408 	18.439089 	18.681541 	18.384777 	19.416489 	19.209373 	19.209373 	20.880613 	37.107952 	22.472204 	23.430750 	23.345236 	24.041630 	25.612497 	31.953091 	34.928497 	38.470768 	
57.271286 	25.961510 	29.000000 	51.107731 	16.401220 	22.561028 	47.201694 	91.607857 	35.000000 	25.238859 	13.341664 	56.293873 	29.546574 	102.200783 	53.907330 	999.000000 	36.055511 	36.235340 	41.182522 	40.706264 	38.013157 	32.695564 	38.483765 	37.161808 	31.953091 	18.027756 	36.055511 	51.429562 	35.735138 	23.021729 	60.415230 	48.104053 	49.040798 	58.309521 	55.362442 	56.648037 	60.539242 	67.542580 	32.015621 	55.362442 	58.523499 	61.032780 	60.728905 	63.890530 	52.239830 	49.010204 	59.008472 	
32.557640 	37.336308 	31.320919 	24.331051 	40.607880 	25.079872 	18.110771 	59.093147 	12.041595 	16.031219 	46.238514 	85.375641 	42.579338 	69.318108 	18.601076 	36.055511 	999.000000 	3.605551 	6.000000 	6.082763 	5.000000 	7.000000 	6.403124 	6.403124 	9.000000 	22.472204 	8.944272 	16.278820 	9.848858 	20.248457 	24.698177 	15.297058 	16.278820 	24.083189 	22.022715 	23.000000 	26.172504 	32.280025 	21.095022 	23.345236 	26.172504 	28.017851 	28.071337 	31.016125 	26.627054 	26.870058 	34.669872 	
35.902645 	39.812057 	34.176014 	27.658634 	42.190044 	27.459061 	21.377558 	61.098282 	15.556349 	18.439089 	47.127487 	87.143562 	45.122055 	71.175842 	20.124611 	36.235340 	3.605551 	999.000000 	5.000000 	4.472136 	2.000000 	4.472136 	3.162278 	2.828427 	6.324555 	21.260292 	5.385165 	15.231546 	6.324555 	18.357559 	24.186773 	13.000000 	14.000000 	22.561028 	20.099751 	21.213203 	24.738634 	31.384710 	18.000000 	21.023796 	24.000000 	26.076809 	26.019224 	29.068884 	23.323807 	23.345236 	31.384710 	
34.176014 	43.289722 	37.107952 	26.000000 	46.529560 	31.064449 	19.697716 	56.920998 	17.000000 	22.022715 	51.865211 	91.350975 	48.507732 	66.850578 	15.811388 	41.182522 	6.000000 	5.000000 	999.000000 	1.000000 	3.605551 	9.219544 	4.123106 	5.385165 	10.816654 	26.172504 	8.246211 	10.440307 	9.219544 	23.021729 	19.235384 	9.486833 	10.440307 	18.110771 	16.031219 	17.000000 	20.223749 	26.570660 	21.377558 	17.464249 	20.223749 	22.022715 	22.090721 	25.019993 	21.931713 	23.021729 	29.832869 	
35.114101 	43.416588 	37.363083 	26.925823 	46.389652 	31.144823 	20.615528 	57.870544 	17.492855 	22.090721 	51.546097 	91.268837 	48.662102 	67.779053 	16.763054 	40.706264 	6.082763 	4.472136 	1.000000 	999.000000 	2.828427 	8.485281 	3.162278 	4.472136 	10.000000 	25.455845 	7.280110 	10.770329 	8.246211 	22.203604 	19.723083 	9.219544 	10.198039 	18.248287 	16.000000 	17.029387 	20.396078 	26.925823 	20.396078 	17.262676 	20.099751 	22.000000 	22.022715 	25.000000 	21.260292 	22.203604 	29.206163 	
36.400551 	41.773197 	36.055511 	28.160255 	44.181442 	29.427877 	21.840330 	60.406952 	17.029387 	20.396078 	49.040798 	89.140335 	47.074409 	70.384659 	19.313208 	38.013157 	5.000000 	2.000000 	3.605551 	2.828427 	999.000000 	5.656854 	1.414214 	2.000000 	7.211102 	22.627417 	5.000000 	13.416408 	6.000000 	19.416489 	22.472204 	11.000000 	12.000000 	20.615528 	18.110771 	19.235384 	22.803509 	29.546574 	18.110771 	19.026299 	22.000000 	24.083189 	24.020824 	27.073973 	21.633308 	21.931713 	29.681644 	
39.458839 	38.897301 	34.000000 	31.257000 	40.000000 	26.570660 	25.079872 	65.551506 	17.492855 	17.888544 	44.147480 	85.005882 	44.271889 	75.643906 	24.596748 	32.695564 	7.000000 	4.472136 	9.219544 	8.485281 	5.656854 	999.000000 	5.830952 	4.472136 	2.000000 	16.970562 	4.123106 	18.867962 	4.472136 	13.892444 	28.017851 	15.524175 	16.492422 	25.632011 	22.803509 	24.041630 	27.856777 	34.885529 	14.142136 	23.194826 	26.305893 	28.635643 	28.442924 	31.575306 	23.409399 	22.472204 	31.384710 	
37.643059 	42.953465 	37.336308 	29.410883 	45.099888 	30.594116 	23.086792 	61.032780 	18.439089 	21.587032 	49.729267 	90.088844 	48.270073 	70.936592 	19.924858 	38.483765 	6.403124 	3.162278 	4.123106 	3.162278 	1.414214 	5.830952 	999.000000 	1.414214 	7.071068 	22.671568 	4.123106 	13.038404 	5.099020 	19.209373 	22.203604 	10.049875 	11.045361 	19.924858 	17.262676 	18.439089 	22.135944 	29.068884 	17.262676 	18.000000 	21.023796 	23.194826 	23.086792 	26.172504 	20.248457 	20.518284 	28.301943 	
38.327538 	42.201897 	36.769554 	30.083218 	44.045429 	29.832869 	23.769728 	62.297672 	18.384777 	20.880613 	48.507732 	89.050545 	47.539455 	72.235725 	21.189621 	37.161808 	6.403124 	2.828427 	5.385165 	4.472136 	2.000000 	4.472136 	1.414214 	999.000000 	5.656854 	21.260292 	3.000000 	14.422205 	4.000000 	17.804493 	23.600847 	11.180340 	12.165525 	21.189621 	18.439089 	19.646883 	23.409399 	30.413813 	16.124516 	19.026299 	22.090721 	24.331051 	24.186773 	27.294687 	20.591261 	20.518284 	28.653097 	
41.436699 	39.560081 	34.985710 	33.241539 	40.049969 	27.313000 	27.073973 	67.416618 	19.235384 	18.867962 	43.737854 	85.005882 	44.944408 	77.472572 	26.400757 	31.953091 	9.000000 	6.324555 	10.816654 	10.000000 	7.211102 	2.000000 	7.071068 	5.656854 	999.000000 	15.620500 	4.123106 	20.000000 	4.000000 	12.206555 	29.206163 	16.155495 	17.088007 	26.400757 	23.409399 	24.698177 	28.635643 	35.846897 	12.165525 	23.537205 	26.683329 	29.120440 	28.861740 	32.015621 	22.803509 	21.470911 	30.675724 	
51.351727 	34.655445 	33.286633 	43.737854 	30.463093 	24.698177 	38.327538 	81.394104 	27.166155 	20.396078 	31.064449 	73.824112 	39.698868 	91.706055 	41.048752 	18.027756 	22.472204 	21.260292 	26.172504 	25.455845 	22.627417 	16.970562 	22.671568 	21.260292 	15.620500 	999.000000 	19.416489 	35.608986 	18.867962 	5.000000 	44.821869 	31.384710 	32.249031 	41.677334 	38.470768 	39.824615 	43.908997 	51.312767 	14.142136 	38.078865 	41.231056 	43.863426 	43.462627 	46.615448 	34.234486 	31.000000 	41.000000 	
41.231056 	43.011627 	38.013157 	32.984844 	44.011364 	30.675724 	26.683329 	65.145988 	20.615528 	21.931713 	47.853943 	89.000000 	48.383881 	75.026665 	24.041630 	36.055511 	8.944272 	5.385165 	8.246211 	7.280110 	5.000000 	4.123106 	4.123106 	3.000000 	4.123106 	19.416489 	999.000000 	16.278820 	1.000000 	15.556349 	25.495098 	12.083046 	13.000000 	22.360680 	19.313208 	20.615528 	24.596748 	31.906113 	13.152946 	19.416489 	22.561028 	25.000000 	24.738634 	27.892651 	19.313208 	18.601076 	27.313000 	
36.400551 	53.037724 	46.389652 	29.000000 	56.885849 	41.012192 	23.430750 	51.623638 	25.495098 	32.062439 	62.297672 	101.597244 	58.137768 	60.876926 	13.000000 	51.429562 	16.278820 	15.231546 	10.440307 	10.770329 	13.416408 	18.867962 	13.038404 	14.422205 	20.000000 	35.608986 	16.278820 	999.000000 	16.970562 	31.827662 	9.219544 	6.082763 	6.000000 	8.062258 	7.211102 	7.615773 	10.000000 	16.155495 	27.784887 	9.899495 	11.661903 	12.649111 	13.000000 	15.524175 	18.973665 	22.203604 	25.553865 	
42.201897 	43.324360 	38.470768 	33.955853 	44.045429 	31.016125 	27.658634 	66.098412 	21.400934 	22.360680 	47.675991 	89.005615 	48.703182 	75.960518 	25.000000 	35.735138 	9.848858 	6.324555 	9.219544 	8.246211 	6.000000 	4.472136 	5.099020 	4.000000 	4.000000 	18.867962 	1.000000 	16.970562 	999.000000 	14.866069 	26.172504 	12.529964 	13.416408 	22.825424 	19.697716 	21.023796 	25.059929 	32.449963 	12.165525 	19.646883 	22.803509 	25.298222 	25.000000 	28.160255 	18.973665 	18.027756 	26.925823 	
51.009804 	38.418747 	36.235340 	43.104523 	35.114101 	27.658634 	37.336308 	79.309517 	27.073973 	21.931713 	36.055511 	78.771820 	43.600460 	89.470665 	38.470768 	23.021729 	20.248457 	18.357559 	23.021729 	22.203604 	19.416489 	13.892444 	19.209373 	17.804493 	12.206555 	5.000000 	15.556349 	31.827662 	14.866069 	999.000000 	41.036568 	27.202942 	28.017851 	37.443291 	34.132095 	35.510563 	39.661064 	47.201694 	9.219544 	33.541019 	36.674240 	39.357338 	38.910152 	42.047592 	29.274563 	26.000000 	36.000000 	
37.013512 	60.133186 	53.000000 	30.886890 	65.000000 	48.507732 	26.570660 	45.011108 	32.015621 	39.812057 	70.936592 	109.329773 	65.030762 	53.600372 	13.416408 	60.415230 	24.698177 	24.186773 	19.235384 	19.723083 	22.472204 	28.017851 	22.203604 	23.600847 	29.206163 	44.821869 	25.495098 	9.219544 	26.172504 	41.036568 	999.000000 	14.422205 	13.892444 	7.071068 	10.049875 	9.000000 	6.708204 	8.000000 	36.619667 	13.000000 	12.369317 	11.180340 	12.083046 	12.806249 	24.020824 	28.284271 	28.635643 	
40.816662 	52.611786 	46.572525 	33.015148 	55.145264 	40.311287 	27.018513 	57.706154 	26.400757 	31.257000 	59.665737 	100.124924 	57.870544 	66.940269 	18.439089 	48.104053 	15.297058 	13.000000 	9.486833 	9.219544 	11.000000 	15.524175 	10.049875 	11.180340 	16.155495 	31.384710 	12.083046 	6.082763 	12.529964 	27.202942 	14.422205 	999.000000 	1.000000 	10.295630 	7.280110 	8.544003 	12.529964 	20.000000 	22.203604 	8.062258 	11.000000 	13.152946 	13.038404 	16.124516 	13.892444 	16.492422 	21.260292 	
41.340054 	53.600372 	47.539455 	33.600594 	56.142673 	41.303753 	27.658634 	57.558666 	27.313000 	32.249031 	60.638271 	101.123688 	58.855755 	66.708321 	18.681541 	49.040798 	16.278820 	14.000000 	10.440307 	10.198039 	12.000000 	16.492422 	11.045361 	12.165525 	17.088007 	32.249031 	13.000000 	6.000000 	13.416408 	28.017851 	13.892444 	1.000000 	999.000000 	9.433981 	6.324555 	7.615773 	11.661903 	19.209373 	22.803509 	7.071068 	10.000000 	12.165525 	12.041595 	15.132746 	13.416408 	16.278820 	20.615528 	
42.426407 	61.073727 	54.451813 	35.608986 	64.629715 	49.000000 	30.528675 	52.000000 	33.541019 	40.012497 	69.641945 	109.457756 	66.189125 	60.406952 	18.384777 	58.309521 	24.083189 	22.561028 	18.110771 	18.248287 	20.615528 	25.632011 	19.924858 	21.189621 	26.400757 	41.677334 	22.360680 	8.062258 	22.825424 	37.443291 	7.071068 	10.295630 	9.433981 	999.000000 	3.605551 	2.236068 	2.236068 	9.899495 	31.827662 	6.082763 	5.385165 	5.000000 	5.656854 	7.615773 	17.117243 	21.587032 	21.587032 	
43.278172 	59.304298 	52.952808 	36.069378 	62.289646 	47.095646 	30.610456 	55.036350 	32.280025 	38.052597 	66.940269 	107.228729 	64.498062 	63.639610 	19.416489 	55.362442 	22.022715 	20.099751 	16.031219 	16.000000 	18.110771 	22.803509 	17.262676 	18.439089 	23.409399 	38.470768 	19.313208 	7.211102 	19.697716 	34.132095 	10.049875 	7.280110 	6.324555 	3.605551 	999.000000 	1.414214 	5.656854 	13.453624 	28.284271 	3.162278 	4.472136 	6.000000 	6.082763 	9.000000 	14.000000 	18.248287 	19.313208 	
43.185646 	60.207973 	53.758720 	36.124783 	63.387695 	48.041649 	30.805843 	54.009258 	32.984844 	39.012817 	68.154236 	108.295891 	65.375839 	62.514000 	19.209373 	56.648037 	23.000000 	21.213203 	17.000000 	17.029387 	19.235384 	24.041630 	18.439089 	19.646883 	24.698177 	39.824615 	20.615528 	7.615773 	21.023796 	35.510563 	9.000000 	8.544003 	7.615773 	2.236068 	1.414214 	999.000000 	4.242640 	12.041595 	29.698484 	4.000000 	4.242640 	5.099020 	5.385165 	8.062258 	15.033297 	19.416489 	19.924858 	
43.185646 	63.031738 	56.320511 	36.619667 	66.753281 	51.009804 	31.764761 	51.039200 	35.355339 	42.047592 	71.840103 	111.543716 	68.117546 	59.211487 	19.209373 	60.539242 	26.172504 	24.738634 	20.223749 	20.396078 	22.803509 	27.856777 	22.135944 	23.409399 	28.635643 	43.908997 	24.596748 	10.000000 	25.059929 	39.661064 	6.708204 	12.529964 	11.661903 	2.236068 	5.656854 	4.242640 	999.000000 	7.810250 	33.941124 	7.615773 	6.000000 	4.472136 	5.385165 	6.403124 	18.439089 	23.086792 	22.203604 	
43.566040 	68.117546 	61.000000 	38.078865 	72.780495 	56.435802 	34.205261 	45.541191 	40.012497 	47.675991 	78.434685 	117.239075 	73.027390 	53.000000 	20.880613 	67.542580 	32.280025 	31.384710 	26.570660 	26.925823 	29.546574 	34.885529 	29.068884 	30.413813 	35.846897 	51.312767 	31.906113 	16.155495 	32.449963 	47.201694 	8.000000 	20.000000 	19.209373 	9.899495 	13.453624 	12.041595 	7.810250 	999.000000 	41.725292 	15.264338 	13.000000 	10.440307 	11.401754 	10.000000 	25.632011 	30.463093 	28.071337 	
53.600372 	46.872166 	43.863426 	45.398239 	44.271889 	35.468296 	39.204590 	78.160095 	31.016125 	28.425341 	45.177429 	87.965904 	52.153618 	87.920418 	37.107952 	32.015621 	21.095022 	18.000000 	21.377558 	20.396078 	18.110771 	14.142136 	17.262676 	16.124516 	12.165525 	14.142136 	13.152946 	27.784887 	12.165525 	9.219544 	36.619667 	22.203604 	22.803509 	31.827662 	28.284271 	29.698484 	33.941124 	41.725292 	999.000000 	27.018513 	30.000000 	32.802441 	32.202484 	35.227829 	20.880613 	17.117243 	27.073973 	
46.227695 	60.671246 	54.571056 	38.897301 	63.071388 	48.373547 	33.301651 	58.008621 	34.176014 	39.319206 	67.268120 	108.074051 	65.924202 	66.483078 	22.472204 	55.362442 	23.345236 	21.023796 	17.464249 	17.262676 	19.026299 	23.194826 	18.000000 	19.026299 	23.537205 	38.078865 	19.416489 	9.899495 	19.646883 	33.541019 	13.000000 	8.062258 	7.071068 	6.082763 	3.162278 	4.000000 	7.615773 	15.264338 	27.018513 	999.000000 	3.162278 	5.830952 	5.385165 	8.544003 	11.045361 	15.524175 	16.155495 	
47.423622 	63.505905 	57.271286 	40.360870 	66.121101 	51.244511 	35.000000 	57.035076 	36.687874 	42.190044 	70.405968 	111.112556 	68.731361 	65.192024 	23.430750 	58.523499 	26.172504 	24.000000 	20.223749 	20.099751 	22.000000 	26.305893 	21.023796 	22.090721 	26.683329 	41.231056 	22.561028 	11.661903 	22.803509 	36.674240 	12.369317 	11.000000 	10.000000 	5.385165 	4.472136 	4.242640 	6.000000 	13.000000 	30.000000 	3.162278 	999.000000 	2.828427 	2.236068 	5.385165 	12.649111 	17.464249 	16.278820 	
47.381432 	65.276337 	58.855755 	40.607880 	68.264191 	53.084839 	35.510563 	55.145264 	38.078865 	44.045429 	72.780495 	113.216606 	70.455658 	63.071388 	23.345236 	61.032780 	28.017851 	26.076809 	22.022715 	22.000000 	24.083189 	28.635643 	23.194826 	24.331051 	29.120440 	43.863426 	25.000000 	12.649111 	25.298222 	39.357338 	11.180340 	13.152946 	12.165525 	5.000000 	6.000000 	5.099020 	4.472136 	10.440307 	32.802441 	5.830952 	2.828427 	999.000000 	1.000000 	3.000000 	15.231546 	20.124611 	18.027756 	
48.083260 	65.375839 	59.033890 	41.231056 	68.183578 	53.150730 	36.055511 	56.142673 	38.327538 	44.102154 	72.567207 	113.159180 	70.576202 	64.070274 	24.041630 	60.728905 	28.071337 	26.019224 	22.090721 	22.022715 	24.020824 	28.442924 	23.086792 	24.186773 	28.861740 	43.462627 	24.738634 	13.000000 	25.000000 	38.910152 	12.083046 	13.038404 	12.041595 	5.656854 	6.082763 	5.385165 	5.385165 	11.401754 	32.202484 	5.385165 	2.236068 	1.000000 	999.000000 	3.162278 	14.317822 	19.235384 	17.029387 	
49.578220 	68.264191 	61.814240 	43.011627 	71.253067 	56.080299 	38.078865 	55.443665 	41.000000 	47.042534 	75.709976 	116.211014 	73.437050 	63.000000 	25.612497 	63.890530 	31.016125 	29.068884 	25.019993 	25.000000 	27.073973 	31.575306 	26.172504 	27.294687 	32.015621 	46.615448 	27.892651 	15.524175 	28.160255 	42.047592 	12.806249 	16.124516 	15.132746 	7.615773 	9.000000 	8.062258 	6.403124 	10.000000 	35.227829 	8.544003 	5.385165 	3.000000 	3.162278 	999.000000 	16.643316 	21.633308 	18.110771 	
54.708317 	62.297672 	57.271286 	46.872166 	62.514000 	49.979996 	40.804413 	69.028976 	38.600517 	41.231056 	65.030762 	107.228729 	67.675697 	77.524193 	31.953091 	52.239830 	26.627054 	23.323807 	21.931713 	21.260292 	21.633308 	23.409399 	20.248457 	20.591261 	22.803509 	34.234486 	19.313208 	18.973665 	18.973665 	29.274563 	24.020824 	13.892444 	13.416408 	17.117243 	14.000000 	15.033297 	18.439089 	25.632011 	20.880613 	11.045361 	12.649111 	15.231546 	14.317822 	16.643316 	999.000000 	5.000000 	8.062258 	
56.797886 	60.926186 	56.435802 	48.764740 	60.207973 	48.754486 	42.544094 	73.171036 	38.897301 	40.311287 	62.032249 	104.580116 	66.309875 	81.884064 	34.928497 	49.010204 	26.870058 	23.345236 	23.021729 	22.203604 	21.931713 	22.472204 	20.518284 	20.518284 	21.470911 	31.000000 	18.601076 	22.203604 	18.027756 	26.000000 	28.284271 	16.492422 	16.278820 	21.587032 	18.248287 	19.416489 	23.086792 	30.463093 	17.117243 	15.524175 	17.464249 	20.124611 	19.235384 	21.633308 	5.000000 	999.000000 	10.000000 	
61.854668 	70.228203 	65.306969 	54.203320 	70.035706 	57.939625 	48.270073 	73.171036 	46.615448 	49.244289 	72.027771 	114.529472 	75.610847 	81.024689 	38.470768 	59.008472 	34.669872 	31.384710 	29.832869 	29.206163 	29.681644 	31.384710 	28.301943 	28.653097 	30.675724 	41.000000 	27.313000 	25.553865 	26.925823 	36.000000 	28.635643 	21.260292 	20.615528 	21.587032 	19.313208 	19.924858 	22.203604 	28.071337 	27.073973 	16.155495 	16.278820 	18.027756 	17.029387 	18.110771 	8.062258 	10.000000 	999.000000 	

Travel time:
9.000000 	1.027740 	0.831038 	0.206155 	1.293493 	0.887764 	0.364006 	0.930054 	0.604669 	0.814325 	1.535008 	2.213736 	1.095730 	1.190850 	0.601041 	1.431782 	0.813941 	0.897566 	0.854400 	0.877853 	0.910014 	0.986471 	0.941076 	0.958188 	1.035918 	1.283793 	1.030776 	0.910014 	1.055047 	1.275245 	0.925338 	1.020416 	1.033501 	1.060660 	1.081954 	1.079641 	1.079641 	1.089151 	1.340009 	1.155692 	1.185591 	1.184536 	1.202081 	1.239455 	1.367708 	1.419947 	1.546367 	
1.027740 	9.000000 	0.201556 	0.951972 	0.309233 	0.309233 	0.933408 	1.956080 	0.704006 	0.534439 	0.570088 	1.243232 	0.134629 	2.218248 	1.225765 	0.649038 	0.933408 	0.995301 	1.082243 	1.085415 	1.044330 	0.972432 	1.073837 	1.055047 	0.989002 	0.866386 	1.075291 	1.325943 	1.083109 	0.960469 	1.503330 	1.315295 	1.340009 	1.526843 	1.482607 	1.505199 	1.575794 	1.702939 	1.171804 	1.516781 	1.587648 	1.631908 	1.634396 	1.706605 	1.557442 	1.523155 	1.755705 	
0.831038 	0.201556 	9.000000 	0.750417 	0.471699 	0.215058 	0.735272 	1.757306 	0.525595 	0.403113 	0.726722 	1.439184 	0.304138 	2.020211 	1.035918 	0.725000 	0.783023 	0.854400 	0.927699 	0.934077 	0.901388 	0.850000 	0.933408 	0.919239 	0.874643 	0.832166 	0.950329 	1.159741 	0.961769 	0.905883 	1.325000 	1.164313 	1.188486 	1.361295 	1.323820 	1.343968 	1.408013 	1.525000 	1.096586 	1.364276 	1.431782 	1.471394 	1.475847 	1.545356 	1.431782 	1.410895 	1.632674 	
0.206155 	0.951972 	0.750417 	9.000000 	1.187697 	0.760345 	0.158114 	1.025914 	0.419076 	0.648556 	1.414655 	2.177298 	1.040733 	1.291559 	0.437321 	1.277693 	0.608276 	0.691466 	0.650000 	0.673146 	0.704006 	0.781425 	0.735272 	0.752080 	0.831038 	1.093446 	0.824621 	0.725000 	0.848896 	1.077613 	0.772172 	0.825379 	0.840015 	0.890225 	0.901734 	0.903120 	0.915492 	0.951972 	1.134956 	0.972432 	1.009022 	1.015197 	1.030776 	1.075291 	1.171804 	1.219118 	1.355083 	
1.293493 	0.309233 	0.471699 	1.187697 	9.000000 	0.437321 	1.137157 	2.210345 	0.860959 	0.632456 	0.261008 	1.125278 	0.353553 	2.475126 	1.388569 	0.410031 	1.015197 	1.054751 	1.163239 	1.159741 	1.104536 	1.000000 	1.127497 	1.101136 	1.001249 	0.761577 	1.100284 	1.422146 	1.101136 	0.877853 	1.625000 	1.378632 	1.403567 	1.615743 	1.557241 	1.584692 	1.668832 	1.819512 	1.106797 	1.576785 	1.653028 	1.706605 	1.704589 	1.781327 	1.562850 	1.505199 	1.750893 	
0.887764 	0.309233 	0.215058 	0.760345 	0.437321 	9.000000 	0.700446 	1.786232 	0.427200 	0.226385 	0.654313 	1.520691 	0.443001 	2.051828 	0.956883 	0.564026 	0.626997 	0.686477 	0.776611 	0.778621 	0.735697 	0.664266 	0.764853 	0.745822 	0.682825 	0.617454 	0.766893 	1.025305 	0.775403 	0.691466 	1.212693 	1.007782 	1.032594 	1.225000 	1.177391 	1.201041 	1.275245 	1.410895 	0.886707 	1.209339 	1.281113 	1.327121 	1.328768 	1.402007 	1.249500 	1.218862 	1.448491 	
0.364006 	0.933408 	0.735272 	0.158114 	1.137157 	0.700446 	9.000000 	1.110180 	0.305164 	0.550568 	1.347683 	2.174425 	1.037123 	1.375000 	0.333542 	1.180042 	0.452769 	0.534439 	0.492443 	0.515388 	0.546008 	0.626997 	0.577170 	0.594243 	0.676849 	0.958188 	0.667083 	0.585769 	0.691466 	0.933408 	0.664266 	0.675463 	0.691466 	0.763217 	0.765261 	0.770146 	0.794119 	0.855132 	0.980115 	0.832541 	0.875000 	0.887764 	0.901388 	0.951972 	1.020110 	1.063602 	1.206752 	
0.930054 	1.956080 	1.757306 	1.025914 	2.210345 	1.786232 	1.110180 	9.000000 	1.415318 	1.660007 	2.440543 	3.134984 	2.025617 	0.265754 	1.027740 	2.290196 	1.477329 	1.527457 	1.423025 	1.446764 	1.510174 	1.638788 	1.525820 	1.557442 	1.685416 	2.034853 	1.628650 	1.290591 	1.652460 	1.982738 	1.125278 	1.442654 	1.438967 	1.300000 	1.375909 	1.350231 	1.275980 	1.138530 	1.954002 	1.450216 	1.425877 	1.378632 	1.403567 	1.386092 	1.725724 	1.829276 	1.829276 	
0.604669 	0.704006 	0.525595 	0.419076 	0.860959 	0.427200 	0.305164 	1.415318 	9.000000 	0.247487 	1.055047 	1.941649 	0.825379 	1.680030 	0.529741 	0.875000 	0.301040 	0.388909 	0.425000 	0.437321 	0.425735 	0.437321 	0.460977 	0.459619 	0.480885 	0.679154 	0.515388 	0.637377 	0.535023 	0.676849 	0.800391 	0.660019 	0.682825 	0.838525 	0.807001 	0.824621 	0.883883 	1.000312 	0.775403 	0.854400 	0.917197 	0.951972 	0.958188 	1.025000 	0.965013 	0.972432 	1.165386 	
0.814325 	0.534439 	0.403113 	0.648556 	0.632456 	0.226385 	0.550568 	1.660007 	0.247487 	9.000000 	0.811249 	1.739612 	0.667083 	1.925162 	0.760345 	0.630971 	0.400780 	0.460977 	0.550568 	0.552268 	0.509902 	0.447214 	0.539676 	0.522015 	0.471699 	0.509902 	0.548293 	0.801561 	0.559017 	0.548293 	0.995301 	0.781425 	0.806226 	1.000312 	0.951315 	0.975320 	1.051190 	1.191900 	0.710634 	0.982980 	1.054751 	1.101136 	1.102554 	1.176063 	1.030776 	1.007782 	1.231107 	
1.535008 	0.570088 	0.726722 	1.414655 	0.261008 	0.654313 	1.347683 	2.440543 	1.055047 	0.811249 	9.000000 	1.073837 	0.600521 	2.706127 	1.569236 	0.333542 	1.155963 	1.178187 	1.296630 	1.288652 	1.226020 	1.103687 	1.243232 	1.212693 	1.093446 	0.776611 	1.196349 	1.557442 	1.191900 	0.901388 	1.773415 	1.491643 	1.515957 	1.741049 	1.673507 	1.703856 	1.796003 	1.960867 	1.129436 	1.681703 	1.760149 	1.819512 	1.814180 	1.892749 	1.625769 	1.550806 	1.800694 	
2.213736 	1.243232 	1.439184 	2.177298 	1.125278 	1.520691 	2.174425 	3.134984 	1.941649 	1.739612 	1.073837 	9.000000 	1.138530 	3.387108 	2.467919 	1.407347 	2.134391 	2.178589 	2.283774 	2.281721 	2.228508 	2.125147 	2.252221 	2.226264 	2.125147 	1.845603 	2.225000 	2.539931 	2.225140 	1.969296 	2.733244 	2.503123 	2.528092 	2.736444 	2.680718 	2.707397 	2.788593 	2.930977 	2.199148 	2.701851 	2.777814 	2.830415 	2.828979 	2.905275 	2.680718 	2.614503 	2.863237 	
1.095730 	0.134629 	0.304138 	1.040733 	0.353553 	0.443001 	1.037123 	2.025617 	0.825379 	0.667083 	0.600521 	1.138530 	9.000000 	2.285005 	1.340009 	0.738664 	1.064483 	1.128051 	1.212693 	1.216552 	1.176860 	1.106797 	1.206752 	1.188486 	1.123610 	0.992472 	1.209597 	1.453444 	1.217580 	1.090011 	1.625769 	1.446764 	1.471394 	1.654728 	1.612452 	1.634396 	1.702939 	1.825685 	1.303840 	1.648105 	1.718284 	1.761391 	1.764405 	1.835926 	1.691892 	1.657747 	1.890271 	
1.190850 	2.218248 	2.020211 	1.291559 	2.475126 	2.051828 	1.375000 	0.265754 	1.680030 	1.925162 	2.706127 	3.387108 	2.285005 	9.000000 	1.276959 	2.555020 	1.732953 	1.779396 	1.671264 	1.694476 	1.759616 	1.891098 	1.773415 	1.805893 	1.936814 	2.292651 	1.875667 	1.521923 	1.899013 	2.236767 	1.340009 	1.673507 	1.667708 	1.510174 	1.590990 	1.562850 	1.480287 	1.325000 	2.198010 	1.662077 	1.629801 	1.576785 	1.601757 	1.575000 	1.938105 	2.047101 	2.025617 	
0.601041 	1.225765 	1.035918 	0.437321 	1.388569 	0.956883 	0.333542 	1.027740 	0.529741 	0.760345 	1.569236 	2.467919 	1.340009 	1.276959 	9.000000 	1.347683 	0.465027 	0.503115 	0.395285 	0.419076 	0.482830 	0.614919 	0.498121 	0.529741 	0.660019 	1.026219 	0.601041 	0.325000 	0.625000 	0.961769 	0.335410 	0.460977 	0.467039 	0.459619 	0.485412 	0.480234 	0.480234 	0.522015 	0.927699 	0.561805 	0.585769 	0.583631 	0.601041 	0.640312 	0.798827 	0.873212 	0.961769 	
1.431782 	0.649038 	0.725000 	1.277693 	0.410031 	0.564026 	1.180042 	2.290196 	0.875000 	0.630971 	0.333542 	1.407347 	0.738664 	2.555020 	1.347683 	9.000000 	0.901388 	0.905883 	1.029563 	1.017657 	0.950329 	0.817389 	0.962094 	0.929045 	0.798827 	0.450694 	0.901388 	1.285739 	0.893378 	0.575543 	1.510381 	1.202601 	1.226020 	1.457738 	1.384061 	1.416201 	1.513481 	1.688565 	0.800391 	1.384061 	1.463087 	1.525820 	1.518223 	1.597263 	1.305996 	1.225255 	1.475212 	
0.813941 	0.933408 	0.783023 	0.608276 	1.015197 	0.626997 	0.452769 	1.477329 	0.301040 	0.400780 	1.155963 	2.134391 	1.064483 	1.732953 	0.465027 	0.901388 	9.000000 	0.090139 	0.150000 	0.152069 	0.125000 	0.175000 	0.160078 	0.160078 	0.225000 	0.561805 	0.223607 	0.406971 	0.246221 	0.506211 	0.617454 	0.382426 	0.406971 	0.602080 	0.550568 	0.575000 	0.654313 	0.807001 	0.527376 	0.583631 	0.654313 	0.700446 	0.701783 	0.775403 	0.665676 	0.671751 	0.866747 	
0.897566 	0.995301 	0.854400 	0.691466 	1.054751 	0.686477 	0.534439 	1.527457 	0.388909 	0.460977 	1.178187 	2.178589 	1.128051 	1.779396 	0.503115 	0.905883 	0.090139 	9.000000 	0.125000 	0.111803 	0.050000 	0.111803 	0.079057 	0.070711 	0.158114 	0.531507 	0.134629 	0.380789 	0.158114 	0.458939 	0.604669 	0.325000 	0.350000 	0.564026 	0.502494 	0.530330 	0.618466 	0.784618 	0.450000 	0.525595 	0.600000 	0.651920 	0.650481 	0.726722 	0.583095 	0.583631 	0.784618 	
0.854400 	1.082243 	0.927699 	0.650000 	1.163239 	0.776611 	0.492443 	1.423025 	0.425000 	0.550568 	1.296630 	2.283774 	1.212693 	1.671264 	0.395285 	1.029563 	0.150000 	0.125000 	9.000000 	0.025000 	0.090139 	0.230489 	0.103078 	0.134629 	0.270416 	0.654313 	0.206155 	0.261008 	0.230489 	0.575543 	0.480885 	0.237171 	0.261008 	0.452769 	0.400780 	0.425000 	0.505594 	0.664266 	0.534439 	0.436606 	0.505594 	0.550568 	0.552268 	0.625500 	0.548293 	0.575543 	0.745822 	
0.877853 	1.085415 	0.934077 	0.673146 	1.159741 	0.778621 	0.515388 	1.446764 	0.437321 	0.552268 	1.288652 	2.281721 	1.216552 	1.694476 	0.419076 	1.017657 	0.152069 	0.111803 	0.025000 	9.000000 	0.070711 	0.212132 	0.079057 	0.111803 	0.250000 	0.636396 	0.182003 	0.269258 	0.206155 	0.555090 	0.493077 	0.230489 	0.254951 	0.456207 	0.400000 	0.425735 	0.509902 	0.673146 	0.509902 	0.431567 	0.502494 	0.550000 	0.550568 	0.625000 	0.531507 	0.555090 	0.730154 	
0.910014 	1.044330 	0.901388 	0.704006 	1.104536 	0.735697 	0.546008 	1.510174 	0.425735 	0.509902 	1.226020 	2.228508 	1.176860 	1.759616 	0.482830 	0.950329 	0.125000 	0.050000 	0.090139 	0.070711 	9.000000 	0.141421 	0.035355 	0.050000 	0.180278 	0.565685 	0.125000 	0.335410 	0.150000 	0.485412 	0.561805 	0.275000 	0.300000 	0.515388 	0.452769 	0.480885 	0.570088 	0.738664 	0.452769 	0.475657 	0.550000 	0.602080 	0.600521 	0.676849 	0.540833 	0.548293 	0.742041 	
0.986471 	0.972432 	0.850000 	0.781425 	1.000000 	0.664266 	0.626997 	1.638788 	0.437321 	0.447214 	1.103687 	2.125147 	1.106797 	1.891098 	0.614919 	0.817389 	0.175000 	0.111803 	0.230489 	0.212132 	0.141421 	9.000000 	0.145774 	0.111803 	0.050000 	0.424264 	0.103078 	0.471699 	0.111803 	0.347311 	0.700446 	0.388104 	0.412311 	0.640800 	0.570088 	0.601041 	0.696419 	0.872138 	0.353553 	0.579871 	0.657647 	0.715891 	0.711073 	0.789383 	0.585235 	0.561805 	0.784618 	
0.941076 	1.073837 	0.933408 	0.735272 	1.127497 	0.764853 	0.577170 	1.525820 	0.460977 	0.539676 	1.243232 	2.252221 	1.206752 	1.773415 	0.498121 	0.962094 	0.160078 	0.079057 	0.103078 	0.079057 	0.035355 	0.145774 	9.000000 	0.035355 	0.176777 	0.566789 	0.103078 	0.325960 	0.127475 	0.480234 	0.555090 	0.251247 	0.276134 	0.498121 	0.431567 	0.460977 	0.553399 	0.726722 	0.431567 	0.450000 	0.525595 	0.579871 	0.577170 	0.654313 	0.506211 	0.512957 	0.707549 	
0.958188 	1.055047 	0.919239 	0.752080 	1.101136 	0.745822 	0.594243 	1.557442 	0.459619 	0.522015 	1.212693 	2.226264 	1.188486 	1.805893 	0.529741 	0.929045 	0.160078 	0.070711 	0.134629 	0.111803 	0.050000 	0.111803 	0.035355 	9.000000 	0.141421 	0.531507 	0.075000 	0.360555 	0.100000 	0.445112 	0.590021 	0.279509 	0.304138 	0.529741 	0.460977 	0.491172 	0.585235 	0.760345 	0.403113 	0.475657 	0.552268 	0.608276 	0.604669 	0.682367 	0.514782 	0.512957 	0.716327 	
1.035918 	0.989002 	0.874643 	0.831038 	1.001249 	0.682825 	0.676849 	1.685416 	0.480885 	0.471699 	1.093446 	2.125147 	1.123610 	1.936814 	0.660019 	0.798827 	0.225000 	0.158114 	0.270416 	0.250000 	0.180278 	0.050000 	0.176777 	0.141421 	9.000000 	0.390512 	0.103078 	0.500000 	0.100000 	0.305164 	0.730154 	0.403887 	0.427200 	0.660019 	0.585235 	0.617454 	0.715891 	0.896172 	0.304138 	0.588430 	0.667083 	0.728011 	0.721543 	0.800391 	0.570088 	0.536773 	0.766893 	
1.283793 	0.866386 	0.832166 	1.093446 	0.761577 	0.617454 	0.958188 	2.034853 	0.679154 	0.509902 	0.776611 	1.845603 	0.992472 	2.292651 	1.026219 	0.450694 	0.561805 	0.531507 	0.654313 	0.636396 	0.565685 	0.424264 	0.566789 	0.531507 	0.390512 	9.000000 	0.485412 	0.890225 	0.471699 	0.125000 	1.120547 	0.784618 	0.806226 	1.041933 	0.961769 	0.995615 	1.097725 	1.282819 	0.353553 	0.951972 	1.030776 	1.096586 	1.086566 	1.165386 	0.855862 	0.775000 	1.025000 	
1.030776 	1.075291 	0.950329 	0.824621 	1.100284 	0.766893 	0.667083 	1.628650 	0.515388 	0.548293 	1.196349 	2.225000 	1.209597 	1.875667 	0.601041 	0.901388 	0.223607 	0.134629 	0.206155 	0.182003 	0.125000 	0.103078 	0.103078 	0.075000 	0.103078 	0.485412 	9.000000 	0.406971 	0.025000 	0.388909 	0.637377 	0.302076 	0.325000 	0.559017 	0.482830 	0.515388 	0.614919 	0.797653 	0.328824 	0.485412 	0.564026 	0.625000 	0.618466 	0.697316 	0.482830 	0.465027 	0.682825 	
0.910014 	1.325943 	1.159741 	0.725000 	1.422146 	1.025305 	0.585769 	1.290591 	0.637377 	0.801561 	1.557442 	2.539931 	1.453444 	1.521923 	0.325000 	1.285739 	0.406971 	0.380789 	0.261008 	0.269258 	0.335410 	0.471699 	0.325960 	0.360555 	0.500000 	0.890225 	0.406971 	9.000000 	0.424264 	0.795692 	0.230489 	0.152069 	0.150000 	0.201556 	0.180278 	0.190394 	0.250000 	0.403887 	0.694622 	0.247487 	0.291548 	0.316228 	0.325000 	0.388104 	0.474342 	0.555090 	0.638847 	
1.055047 	1.083109 	0.961769 	0.848896 	1.101136 	0.775403 	0.691466 	1.652460 	0.535023 	0.559017 	1.191900 	2.225140 	1.217580 	1.899013 	0.625000 	0.893378 	0.246221 	0.158114 	0.230489 	0.206155 	0.150000 	0.111803 	0.127475 	0.100000 	0.100000 	0.471699 	0.025000 	0.424264 	9.000000 	0.371652 	0.654313 	0.313249 	0.335410 	0.570636 	0.492443 	0.525595 	0.626498 	0.811249 	0.304138 	0.491172 	0.570088 	0.632456 	0.625000 	0.704006 	0.474342 	0.450694 	0.673146 	
1.275245 	0.960469 	0.905883 	1.077613 	0.877853 	0.691466 	0.933408 	1.982738 	0.676849 	0.548293 	0.901388 	1.969296 	1.090011 	2.236767 	0.961769 	0.575543 	0.506211 	0.458939 	0.575543 	0.555090 	0.485412 	0.347311 	0.480234 	0.445112 	0.305164 	0.125000 	0.388909 	0.795692 	0.371652 	9.000000 	1.025914 	0.680074 	0.700446 	0.936082 	0.853302 	0.887764 	0.991527 	1.180042 	0.230489 	0.838525 	0.916856 	0.983933 	0.972754 	1.051190 	0.731864 	0.650000 	0.900000 	
0.925338 	1.503330 	1.325000 	0.772172 	1.625000 	1.212693 	0.664266 	1.125278 	0.800391 	0.995301 	1.773415 	2.733244 	1.625769 	1.340009 	0.335410 	1.510381 	0.617454 	0.604669 	0.480885 	0.493077 	0.561805 	0.700446 	0.555090 	0.590021 	0.730154 	1.120547 	0.637377 	0.230489 	0.654313 	1.025914 	9.000000 	0.360555 	0.347311 	0.176777 	0.251247 	0.225000 	0.167705 	0.200000 	0.915492 	0.325000 	0.309233 	0.279509 	0.302076 	0.320156 	0.600521 	0.707107 	0.715891 	
1.020416 	1.315295 	1.164313 	0.825379 	1.378632 	1.007782 	0.675463 	1.442654 	0.660019 	0.781425 	1.491643 	2.503123 	1.446764 	1.673507 	0.460977 	1.202601 	0.382426 	0.325000 	0.237171 	0.230489 	0.275000 	0.388104 	0.251247 	0.279509 	0.403887 	0.784618 	0.302076 	0.152069 	0.313249 	0.680074 	0.360555 	9.000000 	0.025000 	0.257391 	0.182003 	0.213600 	0.313249 	0.500000 	0.555090 	0.201556 	0.275000 	0.328824 	0.325960 	0.403113 	0.347311 	0.412311 	0.531507 	
1.033501 	1.340009 	1.188486 	0.840015 	1.403567 	1.032594 	0.691466 	1.438967 	0.682825 	0.806226 	1.515957 	2.528092 	1.471394 	1.667708 	0.467039 	1.226020 	0.406971 	0.350000 	0.261008 	0.254951 	0.300000 	0.412311 	0.276134 	0.304138 	0.427200 	0.806226 	0.325000 	0.150000 	0.335410 	0.700446 	0.347311 	0.025000 	9.000000 	0.235850 	0.158114 	0.190394 	0.291548 	0.480234 	0.570088 	0.176777 	0.250000 	0.304138 	0.301040 	0.378319 	0.335410 	0.406971 	0.515388 	
