Total assets = 480
Number of asset nodes = 33

Distance:
999.000000 	3.162278 	2.828427 	2.828427 	35.777088 	5.385165 	66.219330 	67.801178 	67.201187 	81.400246 	80.802231 	80.448738 	22.360680 	22.203604 	25.179358 	28.635643 	83.006027 	44.553337 	27.073973 	30.265491 	29.000000 	28.284271 	44.407207 	31.064449 	56.222771 	43.566040 	57.140179 	45.486263 	59.304298 	35.014282 	39.560081 	51.224995 	62.393909 	72.034714 	62.201286 	46.529560 	44.944408 	62.128899 	49.929951 	48.373547 	61.032780 	59.008472 	66.370171 	48.383881 	46.097721 	
3.162278 	999.000000 	5.830952 	3.162278 	32.649654 	6.082763 	63.253460 	64.815125 	64.202805 	78.409180 	77.801025 	77.420929 	24.041630 	23.000000 	26.000000 	30.364452 	79.924965 	47.381432 	28.017851 	31.780497 	30.149628 	29.017237 	47.010635 	32.015621 	53.150730 	46.043457 	54.083271 	48.010414 	56.222771 	36.221542 	41.436699 	53.907330 	59.304298 	68.883957 	59.135437 	48.877399 	42.544094 	59.076221 	52.430908 	50.774010 	58.008621 	56.035702 	63.285069 	45.880280 	43.829212 	
2.828427 	5.830952 	999.000000 	4.000000 	38.470768 	5.000000 	69.028976 	70.604530 	70.000000 	84.202141 	83.600243 	83.234612 	20.099751 	20.615528 	23.537205 	26.305893 	85.755463 	41.725292 	25.317978 	28.071337 	27.073973 	26.683329 	41.617306 	29.274563 	58.420887 	40.816662 	59.304298 	42.720020 	61.522354 	33.015148 	37.107952 	48.414875 	64.629715 	74.464760 	64.381676 	43.829212 	46.173584 	64.280632 	47.169907 	45.650848 	63.126858 	61.008198 	68.593002 	49.729267 	47.169907 	
2.828427 	3.162278 	4.000000 	999.000000 	34.985710 	3.000000 	65.946945 	67.475922 	66.843102 	81.055534 	80.430092 	80.000000 	20.880613 	20.024984 	23.021729 	27.202942 	82.377182 	44.598206 	25.000000 	28.635643 	27.073973 	26.076809 	44.045429 	29.000000 	54.451813 	43.011627 	55.326305 	45.000000 	57.558666 	33.136082 	38.275318 	50.990196 	60.671246 	70.604530 	60.406952 	45.793011 	42.379242 	60.299255 	49.406479 	47.707443 	59.135437 	57.008770 	64.629715 	45.880280 	43.462627 	
35.777088 	32.649654 	38.470768 	34.985710 	999.000000 	36.619667 	32.015621 	33.301651 	32.557640 	46.669048 	45.967381 	45.343136 	52.345009 	47.801674 	50.219517 	58.137768 	47.434166 	79.202271 	52.430908 	58.412327 	55.217751 	52.153618 	77.897369 	55.758408 	26.400757 	76.380623 	27.730848 	78.517517 	28.792360 	60.745369 	69.028976 	85.041168 	31.320919 	38.013157 	31.953091 	78.517517 	33.526108 	32.310989 	82.734512 	80.622574 	32.202484 	31.906113 	35.171009 	34.014702 	36.400551 	
5.385165 	6.082763 	5.000000 	3.000000 	36.619667 	999.000000 	67.941154 	69.426216 	68.767723 	82.975899 	82.328613 	81.835197 	18.027756 	17.029387 	20.024984 	24.351591 	84.053551 	42.638012 	22.000000 	25.709921 	24.083189 	23.086792 	41.773197 	26.000000 	54.918121 	40.607880 	55.731499 	42.638012 	58.051701 	30.149628 	35.468296 	48.795490 	61.188232 	71.470276 	60.827625 	43.266617 	41.484936 	60.671246 	47.010635 	45.221676 	59.413803 	57.140179 	65.115280 	45.122055 	42.379242 	
66.219330 	63.253460 	69.028976 	65.946945 	32.015621 	67.941154 	999.000000 	2.000000 	2.236068 	15.264338 	14.764823 	14.866069 	84.291161 	79.812279 	82.200974 	90.138779 	19.104973 	110.535065 	84.403793 	90.426765 	87.200920 	84.053551 	109.603828 	87.658424 	36.221542 	108.208130 	37.336308 	110.317726 	35.693138 	92.655273 	101.044548 	116.691902 	35.440090 	30.000000 	37.363083 	110.453613 	57.870544 	38.327538 	114.586212 	112.538879 	40.024994 	42.579338 	36.769554 	56.320511 	60.827625 	
67.801178 	64.815125 	70.604530 	67.475922 	33.301651 	69.426216 	2.000000 	999.000000 	1.000000 	13.601471 	13.038404 	13.000000 	85.632935 	81.055534 	83.408630 	91.438507 	17.117243 	112.044632 	85.603737 	91.678787 	88.408142 	85.211502 	111.036034 	88.814415 	36.055511 	109.603828 	37.121422 	111.722870 	35.355339 	93.813644 	102.303467 	118.139748 	34.928497 	28.844410 	36.878178 	111.803398 	58.249462 	37.854988 	115.974136 	113.899078 	39.623226 	42.296574 	36.055511 	56.568542 	61.188232 	
67.201187 	64.202805 	70.000000 	66.843102 	32.557640 	68.767723 	2.236068 	1.000000 	999.000000 	14.212670 	13.601471 	13.416408 	84.899940 	80.280754 	82.619614 	90.686272 	17.262676 	111.395691 	84.811554 	90.906548 	87.618492 	84.403793 	110.344917 	88.005684 	35.057095 	108.894447 	36.124783 	111.018013 	34.365681 	93.005379 	101.533249 	117.456375 	33.955853 	28.017851 	35.902645 	111.072052 	57.271286 	36.878178 	115.260574 	113.172432 	38.639359 	41.303753 	35.114101 	55.578773 	60.207973 	
81.400246 	78.409180 	84.202141 	81.055534 	46.669048 	82.975899 	15.264338 	13.601471 	14.212670 	999.000000 	1.000000 	3.162278 	99.005051 	94.260277 	96.540146 	104.737770 	8.485281 	125.606529 	98.716766 	104.890419 	101.533249 	98.234413 	124.523087 	101.828285 	44.911022 	123.044708 	45.705578 	125.175873 	43.416588 	106.826965 	115.520561 	131.643463 	42.107006 	32.388271 	44.102154 	125.175873 	68.949257 	45.099888 	129.402466 	127.287079 	47.169907 	50.358715 	42.011902 	66.760765 	71.784401 	
80.802231 	77.801025 	83.600243 	80.430092 	45.967381 	82.328613 	14.764823 	13.038404 	13.601471 	1.000000 	999.000000 	2.236068 	98.290382 	93.509361 	95.775780 	104.004807 	7.810250 	124.963997 	97.948967 	104.139328 	100.767059 	97.452553 	123.842644 	101.044548 	43.931767 	122.347862 	44.721359 	124.482933 	42.426407 	106.042442 	114.769333 	130.969467 	41.109608 	31.400637 	43.104523 	124.458832 	68.007355 	44.102154 	128.701202 	126.574089 	46.173584 	49.365982 	41.012192 	65.802734 	70.837845 	
80.448738 	77.420929 	83.234612 	80.000000 	45.343136 	81.835197 	14.866069 	13.000000 	13.416408 	3.162278 	2.236068 	999.000000 	97.590981 	92.698433 	94.921021 	103.247276 	5.830952 	124.470879 	97.082436 	103.324730 	99.904953 	96.540146 	123.239601 	100.124924 	42.201897 	121.696342 	42.953465 	123.842644 	40.607880 	105.118980 	113.951744 	130.384048 	39.204590 	29.274563 	41.194660 	123.745705 	66.483078 	42.190044 	128.035156 	125.872955 	44.283180 	47.518417 	39.000000 	64.195015 	69.289246 	
22.360680 	24.041630 	20.099751 	20.880613 	52.345009 	18.027756 	84.291161 	85.632935 	84.899940 	99.005051 	98.290382 	97.590981 	999.000000 	7.000000 	7.615773 	6.324555 	99.247169 	28.792360 	7.810250 	8.000000 	8.062258 	10.000000 	26.076809 	10.816654 	65.795135 	24.207438 	66.309875 	26.400757 	68.942001 	13.341664 	17.464249 	33.286633 	72.090218 	83.648071 	71.309189 	26.172504 	46.389652 	70.936592 	30.479502 	28.284271 	69.289246 	66.407829 	75.769386 	50.487621 	46.097721 	
22.203604 	23.000000 	20.615528 	20.024984 	47.801674 	17.029387 	79.812279 	81.055534 	80.280754 	94.260277 	93.509361 	92.698433 	7.000000 	999.000000 	3.000000 	10.816654 	94.069122 	35.440090 	5.099020 	10.630146 	7.615773 	6.082763 	32.202484 	9.055386 	59.481091 	30.016663 	59.933296 	32.249031 	62.609905 	13.601471 	21.260292 	39.357338 	65.741920 	77.524193 	64.884514 	31.400637 	39.458839 	64.474800 	36.055511 	33.600594 	62.769421 	59.808025 	69.354164 	43.566040 	39.115215 	
25.179358 	26.000000 	23.537205 	23.021729 	50.219517 	20.024984 	82.200974 	83.408630 	82.619614 	96.540146 	95.775780 	94.921021 	7.615773 	3.000000 	999.000000 	9.486833 	96.166519 	34.713108 	2.236068 	8.602325 	5.000000 	3.162278 	31.016125 	6.082763 	60.901562 	28.635643 	61.294373 	30.870699 	64.007812 	10.770329 	19.104973 	38.078865 	67.119293 	79.075912 	66.189125 	29.681644 	40.024994 	65.741920 	34.481880 	31.906113 	63.976559 	60.926186 	70.661163 	44.147480 	39.458839 	
28.635643 	30.364452 	26.305893 	27.202942 	58.137768 	24.351591 	90.138779 	91.438507 	90.686272 	104.737770 	104.004807 	103.247276 	6.324555 	10.816654 	9.486833 	999.000000 	104.737770 	25.317978 	8.062258 	2.828427 	6.082763 	10.000000 	21.540659 	8.544003 	70.235321 	19.235384 	70.661163 	21.470911 	73.355301 	8.602325 	11.180340 	28.635643 	76.478752 	88.323273 	75.584389 	20.615528 	49.477268 	75.153175 	25.238859 	22.803509 	73.409805 	70.384659 	80.056229 	53.600372 	48.836460 	
83.006027 	79.924965 	85.755463 	82.377182 	47.434166 	84.053551 	19.104973 	17.117243 	17.262676 	8.485281 	7.810250 	5.830952 	99.247169 	94.069122 	96.166519 	104.737770 	999.000000 	126.605690 	98.290382 	104.661362 	101.118744 	97.621719 	125.099960 	101.178062 	40.853397 	123.434196 	41.436699 	125.606529 	38.897301 	106.150833 	115.260574 	132.279999 	37.107952 	26.019224 	39.051247 	125.319588 	65.741920 	40.024994 	129.726639 	127.475487 	42.201897 	45.607018 	36.345562 	63.158531 	68.447060 	
44.553337 	47.381432 	41.725292 	44.598206 	79.202271 	42.638012 	110.535065 	112.044632 	111.395691 	125.606529 	124.963997 	124.470879 	28.792360 	35.440090 	34.713108 	25.317978 	126.605690 	999.000000 	33.376640 	27.073973 	31.144823 	35.227829 	6.403124 	33.015148 	94.540993 	9.433981 	95.078911 	8.485281 	97.693398 	30.149628 	20.880613 	8.062258 	100.846420 	112.258629 	100.089958 	12.727922 	74.732857 	99.724625 	10.770329 	12.206555 	98.081596 	95.189285 	104.546638 	78.854294 	74.148499 	
27.073973 	28.017851 	25.317978 	25.000000 	52.430908 	22.000000 	84.403793 	85.603737 	84.811554 	98.716766 	97.948967 	97.082436 	7.810250 	5.099020 	2.236068 	8.062258 	98.290382 	33.376640 	999.000000 	6.708204 	2.828427 	2.236068 	29.410883 	4.000000 	62.769421 	26.925823 	63.134777 	29.154760 	65.863495 	8.544003 	17.029387 	36.400551 	68.963760 	80.993828 	68.000000 	27.784887 	41.484936 	67.535179 	32.649654 	30.016663 	65.741920 	62.649822 	72.470680 	45.607018 	40.792156 	
30.265491 	31.780497 	28.071337 	28.635643 	58.412327 	25.709921 	90.426765 	91.678787 	90.906548 	104.890419 	104.139328 	103.324730 	8.000000 	10.630146 	8.602325 	2.828427 	104.661362 	27.073973 	6.708204 	999.000000 	4.123106 	8.246211 	22.803509 	6.082763 	69.462219 	20.248457 	69.835518 	22.472204 	72.560318 	5.830952 	10.630146 	29.732138 	75.663727 	87.664131 	74.706093 	21.095022 	48.083260 	74.242844 	25.942244 	23.323807 	72.449982 	69.354164 	79.177017 	52.201534 	47.296936 	
29.000000 	30.149628 	27.073973 	27.073973 	55.217751 	24.083189 	87.200920 	88.408142 	87.618492 	101.533249 	100.767059 	99.904953 	8.062258 	7.615773 	5.000000 	6.082763 	101.118744 	31.144823 	2.828427 	4.123106 	999.000000 	4.123106 	26.925823 	2.828427 	65.513359 	24.351591 	65.863495 	26.570660 	68.600288 	6.082763 	14.212670 	33.837849 	71.693794 	83.761566 	70.710678 	25.059929 	43.965897 	70.235321 	29.966648 	27.294687 	68.425140 	65.306969 	75.179787 	48.083260 	43.174065 	
28.284271 	29.017237 	26.683329 	26.076809 	52.153618 	23.086792 	84.053551 	85.211502 	84.403793 	98.234413 	97.452553 	96.540146 	10.000000 	6.082763 	3.162278 	10.000000 	97.621719 	35.227829 	2.236068 	8.246211 	4.123106 	999.000000 	31.048349 	3.605551 	61.587337 	28.460499 	61.911228 	30.675724 	64.660652 	8.602325 	18.027756 	37.947330 	67.742157 	79.881165 	66.730804 	29.068884 	39.849716 	66.241982 	34.014702 	31.304953 	64.412735 	61.269894 	71.196907 	43.965897 	39.051247 	
44.407207 	47.010635 	41.617306 	44.045429 	77.897369 	41.773197 	109.603828 	111.036034 	110.344917 	124.523087 	123.842644 	123.239601 	26.076809 	32.202484 	31.016125 	21.540659 	125.099960 	6.403124 	29.410883 	22.803509 	26.925823 	31.048349 	999.000000 	28.442924 	91.678787 	3.162278 	92.135773 	2.236068 	94.810333 	25.019993 	15.132746 	7.211102 	97.943863 	109.658562 	97.082436 	6.403124 	70.880180 	96.664368 	6.082763 	6.324555 	94.936821 	91.923882 	101.552940 	75.000000 	70.092796 	
31.064449 	32.015621 	29.274563 	29.000000 	55.758408 	26.000000 	87.658424 	88.814415 	88.005684 	101.828285 	101.044548 	100.124924 	10.816654 	9.055386 	6.082763 	8.544003 	101.178062 	33.015148 	4.000000 	6.082763 	2.828427 	3.605551 	28.442924 	999.000000 	64.899925 	25.709921 	65.192024 	27.892651 	67.955872 	5.000000 	14.764823 	35.171009 	71.021126 	83.234612 	69.971420 	26.000000 	42.720020 	69.462219 	31.016125 	28.231188 	67.601776 	64.412735 	74.431175 	46.818798 	41.761227 	
56.222771 	53.150730 	58.420887 	54.451813 	26.400757 	54.918121 	36.221542 	36.055511 	35.057095 	44.911022 	43.931767 	42.201897 	65.795135 	59.481091 	60.901562 	70.235321 	40.853397 	94.540993 	62.769421 	69.462219 	65.513359 	61.587337 	91.678787 	64.899925 	999.000000 	89.470665 	1.414214 	91.706055 	3.162278 	69.634758 	79.611557 	98.838249 	6.324555 	18.439089 	6.000000 	90.553848 	25.238859 	6.082763 	95.383438 	92.784698 	5.830952 	6.708204 	10.198039 	22.360680 	27.784887 	
43.566040 	46.043457 	40.816662 	43.011627 	76.380623 	40.607880 	108.208130 	109.603828 	108.894447 	123.044708 	122.347862 	121.696342 	24.207438 	30.016663 	28.635643 	19.235384 	123.434196 	9.433981 	26.925823 	20.248457 	24.351591 	28.460499 	3.162278 	25.709921 	89.470665 	999.000000 	89.894379 	2.236068 	92.590500 	22.090721 	12.041595 	9.486833 	95.713112 	107.540688 	94.810333 	4.123106 	68.308128 	94.371605 	6.403124 	5.099020 	92.612091 	89.554451 	99.282425 	72.422371 	67.446274 	
57.140179 	54.083271 	59.304298 	55.326305 	27.730848 	55.731499 	37.336308 	37.121422 	36.124783 	45.705578 	44.721359 	42.953465 	66.309875 	59.933296 	61.294373 	70.661163 	41.436699 	95.078911 	63.134777 	69.835518 	65.863495 	61.911228 	92.135773 	65.192024 	1.414214 	89.894379 	999.000000 	92.130341 	2.828427 	69.892776 	79.924965 	99.282425 	5.830952 	18.384777 	5.099020 	90.917542 	25.000000 	5.000000 	95.770561 	93.150414 	4.472136 	5.385165 	9.486833 	21.954498 	27.459061 	
45.486263 	48.010414 	42.720020 	45.000000 	78.517517 	42.638012 	110.317726 	111.722870 	111.018013 	125.175873 	124.482933 	123.842644 	26.400757 	32.249031 	30.870699 	21.470911 	125.606529 	8.485281 	29.154760 	22.472204 	26.570660 	30.675724 	2.236068 	27.892651 	91.706055 	2.236068 	92.130341 	999.000000 	94.826157 	24.186773 	14.000000 	7.280110 	97.948967 	109.772491 	97.046379 	4.242640 	70.519501 	96.607452 	4.472136 	4.123106 	94.847244 	91.787796 	101.518471 	74.632431 	69.641945 	
59.304298 	56.222771 	61.522354 	57.558666 	28.792360 	58.051701 	35.693138 	35.355339 	34.365681 	43.416588 	42.426407 	40.607880 	68.942001 	62.609905 	64.007812 	73.355301 	38.897301 	97.693398 	65.863495 	72.560318 	68.600288 	64.660652 	94.810333 	67.955872 	3.162278 	92.590500 	2.828427 	94.826157 	999.000000 	72.670486 	82.680107 	101.965683 	3.162278 	15.556349 	3.162278 	93.648277 	27.802877 	3.605551 	98.488579 	95.880135 	4.472136 	7.000000 	7.071068 	24.698177 	30.232433 	
35.014282 	36.221542 	33.015148 	33.136082 	60.745369 	30.149628 	92.655273 	93.813644 	93.005379 	106.826965 	106.042442 	105.118980 	13.341664 	13.601471 	10.770329 	8.602325 	106.150833 	30.149628 	8.544003 	5.830952 	6.082763 	8.602325 	25.019993 	5.000000 	69.634758 	22.090721 	69.892776 	24.186773 	72.670486 	999.000000 	10.440307 	31.400637 	75.716576 	88.005684 	74.625732 	21.840330 	47.010635 	74.094536 	26.925823 	24.041630 	72.201111 	68.963760 	79.075912 	51.078373 	45.880280 	
39.560081 	41.436699 	37.107952 	38.275318 	69.028976 	35.468296 	101.044548 	102.303467 	101.533249 	115.520561 	114.769333 	113.951744 	17.464249 	21.260292 	19.104973 	11.180340 	115.260574 	20.880613 	17.029387 	10.630146 	14.212670 	18.027756 	15.132746 	14.764823 	79.611557 	12.041595 	79.924965 	14.000000 	82.680107 	10.440307 	999.000000 	21.095022 	85.755463 	97.908119 	84.723076 	11.401754 	57.384666 	84.219948 	16.492422 	13.601471 	82.365044 	79.177017 	89.185204 	61.465439 	56.302753 	
51.224995 	53.907330 	48.414875 	50.990196 	85.041168 	48.795490 	116.691902 	118.139748 	117.456375 	131.643463 	130.969467 	130.384048 	33.286633 	39.357338 	38.078865 	28.635643 	132.279999 	8.062258 	36.400551 	29.732138 	33.837849 	37.947330 	7.211102 	35.171009 	98.838249 	9.486833 	99.282425 	7.280110 	101.965683 	31.400637 	21.095022 	999.000000 	105.095192 	116.846054 	104.216118 	10.049875 	77.794601 	103.788246 	5.385165 	8.246211 	102.044106 	99.005051 	108.687622 	81.908485 	76.922035 	
62.393909 	59.304298 	64.629715 	60.671246 	31.320919 	61.188232 	35.440090 	34.928497 	33.955853 	42.107006 	41.109608 	39.204590 	72.090218 	65.741920 	67.119293 	76.478752 	37.107952 	100.846420 	68.963760 	75.663727 	71.693794 	67.742157 	97.943863 	71.021126 	6.324555 	95.713112 	5.830952 	97.948967 	3.162278 	75.716576 	85.755463 	105.095192 	999.000000 	12.806249 	2.000000 	96.747093 	30.479502 	3.000000 	101.597244 	98.979797 	5.099020 	8.544003 	4.000000 	27.202942 	32.802441 	
72.034714 	68.883957 	74.464760 	70.604530 	38.013157 	71.470276 	30.000000 	28.844410 	28.017851 	32.388271 	31.400637 	29.274563 	83.648071 	77.524193 	79.075912 	88.323273 	26.019224 	112.258629 	80.993828 	87.664131 	83.761566 	79.881165 	109.658562 	83.234612 	18.439089 	107.540688 	18.384777 	109.772491 	15.556349 	88.005684 	97.908119 	116.846054 	12.806249 	999.000000 	14.422205 	108.756607 	43.278172 	15.264338 	113.534134 	110.981979 	17.492855 	21.095022 	10.770329 	40.000000 	45.607018 	
62.201286 	59.135437 	64.381676 	60.406952 	31.953091 	60.827625 	37.363083 	36.878178 	35.902645 	44.102154 	43.104523 	41.194660 	71.309189 	64.884514 	66.189125 	75.584389 	39.051247 	100.089958 	68.000000 	74.706093 	70.710678 	66.730804 	97.082436 	69.971420 	6.000000 	94.810333 	5.099020 	97.046379 	3.162278 	74.625732 	84.723076 	104.216118 	2.000000 	14.422205 	999.000000 	95.770561 	29.000000 	1.000000 	100.647903 	98.005104 	3.162278 	6.708204 	4.472136 	25.612497 	31.240999 	
46.529560 	48.877399 	43.829212 	45.793011 	78.517517 	43.266617 	110.453613 	111.803398 	111.072052 	125.175873 	124.458832 	123.745705 	26.172504 	31.400637 	29.681644 	20.615528 	125.319588 	12.727922 	27.784887 	21.095022 	25.059929 	29.068884 	6.403124 	26.000000 	90.553848 	4.123106 	90.917542 	4.242640 	93.648277 	21.840330 	11.401754 	10.049875 	96.747093 	108.756607 	95.770561 	999.000000 	68.709534 	95.294281 	5.099020 	2.236068 	93.477272 	90.338257 	100.239716 	72.801102 	67.675697 	
44.944408 	42.544094 	46.173584 	42.379242 	33.526108 	41.484936 	57.870544 	58.249462 	57.271286 	68.949257 	68.007355 	66.483078 	46.389652 	39.458839 	40.024994 	49.477268 	65.741920 	74.732857 	41.484936 	48.083260 	43.965897 	39.849716 	70.880180 	42.720020 	25.238859 	68.308128 	25.000000 	70.519501 	27.802877 	47.010635 	57.384666 	77.794601 	30.479502 	43.278172 	29.000000 	68.709534 	999.000000 	28.284271 	73.736015 	70.936592 	26.172504 	22.671568 	33.241539 	4.123106 	3.000000 	
62.128899 	59.076221 	64.280632 	60.299255 	32.310989 	60.671246 	38.327538 	37.854988 	36.878178 	45.099888 	44.102154 	42.190044 	70.936592 	64.474800 	65.741920 	75.153175 	40.024994 	99.724625 	67.535179 	74.242844 	70.235321 	66.241982 	96.664368 	69.462219 	6.082763 	94.371605 	5.000000 	96.607452 	3.605551 	74.094536 	84.219948 	103.788246 	3.000000 	15.264338 	1.000000 	95.294281 	28.284271 	999.000000 	100.184830 	97.529480 	2.236068 	5.830952 	5.000000 	24.839485 	30.479502 	
49.929951 	52.430908 	47.169907 	49.406479 	82.734512 	47.010635 	114.586212 	115.974136 	115.260574 	129.402466 	128.701202 	128.035156 	30.479502 	36.055511 	34.481880 	25.238859 	129.726639 	10.770329 	32.649654 	25.942244 	29.966648 	34.014702 	6.082763 	31.016125 	95.383438 	6.403124 	95.770561 	4.472136 	98.488579 	26.925823 	16.492422 	5.385165 	101.597244 	113.534134 	100.647903 	5.099020 	73.736015 	100.184830 	999.000000 	3.000000 	98.386993 	95.273293 	105.118980 	77.833153 	72.732384 	
48.373547 	50.774010 	45.650848 	47.707443 	80.622574 	45.221676 	112.538879 	113.899078 	113.172432 	127.287079 	126.574089 	125.872955 	28.284271 	33.600594 	31.906113 	22.803509 	127.475487 	12.206555 	30.016663 	23.323807 	27.294687 	31.304953 	6.324555 	28.231188 	92.784698 	5.099020 	93.150414 	4.123106 	95.880135 	24.041630 	13.601471 	8.246211 	98.979797 	110.981979 	98.005104 	2.236068 	70.936592 	97.529480 	3.000000 	999.000000 	95.713112 	92.574295 	102.474388 	75.026665 	69.892776 	
61.032780 	58.008621 	63.126858 	59.135437 	32.202484 	59.413803 	40.024994 	39.623226 	38.639359 	47.169907 	46.173584 	44.283180 	69.289246 	62.769421 	63.976559 	73.409805 	42.201897 	98.081596 	65.741920 	72.449982 	68.425140 	64.412735 	94.936821 	67.601776 	5.830952 	92.612091 	4.472136 	94.847244 	4.472136 	72.201111 	82.365044 	102.044106 	5.099020 	17.492855 	3.162278 	93.477272 	26.172504 	2.236068 	98.386993 	95.713112 	999.000000 	3.605551 	7.071068 	22.671568 	28.319605 	
59.008472 	56.035702 	61.008198 	57.008770 	31.906113 	57.140179 	42.579338 	42.296574 	41.303753 	50.358715 	49.365982 	47.518417 	66.407829 	59.808025 	60.926186 	70.384659 	45.607018 	95.189285 	62.649822 	69.354164 	65.306969 	61.269894 	91.923882 	64.412735 	6.708204 	89.554451 	5.385165 	91.787796 	7.000000 	68.963760 	79.177017 	99.005051 	8.544003 	21.095022 	6.708204 	90.338257 	22.671568 	5.830952 	95.273293 	92.574295 	3.605551 	999.000000 	10.630146 	19.104973 	24.758837 	
66.370171 	63.285069 	68.593002 	64.629715 	35.171009 	65.115280 	36.769554 	36.055511 	35.114101 	42.011902 	41.012192 	39.000000 	75.769386 	69.354164 	70.661163 	80.056229 	36.345562 	104.546638 	72.470680 	79.177017 	75.179787 	71.196907 	101.552940 	74.431175 	10.198039 	99.282425 	9.486833 	101.518471 	7.071068 	79.075912 	89.185204 	108.687622 	4.000000 	10.770329 	4.472136 	100.239716 	33.241539 	5.000000 	105.118980 	102.474388 	7.071068 	10.630146 	999.000000 	29.732138 	35.383614 	
48.383881 	45.880280 	49.729267 	45.880280 	34.014702 	45.122055 	56.320511 	56.568542 	55.578773 	66.760765 	65.802734 	64.195015 	50.487621 	43.566040 	44.147480 	53.600372 	63.158531 	78.854294 	45.607018 	52.201534 	48.083260 	43.965897 	75.000000 	46.818798 	22.360680 	72.422371 	21.954498 	74.632431 	24.698177 	51.078373 	61.465439 	81.908485 	27.202942 	40.000000 	25.612497 	72.801102 	4.123106 	24.839485 	77.833153 	75.026665 	22.671568 	19.104973 	29.732138 	999.000000 	5.656854 	
46.097721 	43.829212 	47.169907 	43.462627 	36.400551 	42.379242 	60.827625 	61.188232 	60.207973 	71.784401 	70.837845 	69.289246 	46.097721 	39.115215 	39.458839 	48.836460 	68.447060 	74.148499 	40.792156 	47.296936 	43.174065 	39.051247 	70.092796 	41.761227 	27.784887 	67.446274 	27.459061 	69.641945 	30.232433 	45.880280 	56.302753 	76.922035 	32.802441 	45.607018 	31.240999 	67.675697 	3.000000 	30.479502 	72.732384 	69.892776 	28.319605 	24.758837 	35.383614 	5.656854 	999.000000 	

Travel time:
9.000000 	0.079057 	0.070711 	0.070711 	0.894427 	0.134629 	1.655483 	1.695029 	1.680030 	2.035006 	2.020056 	2.011219 	0.559017 	0.555090 	0.629484 	0.715891 	2.075151 	1.113833 	0.676849 	0.756637 	0.725000 	0.707107 	1.110180 	0.776611 	1.405569 	1.089151 	1.428504 	1.137157 	1.482607 	0.875357 	0.989002 	1.280625 	1.559848 	1.800868 	1.555032 	1.163239 	1.123610 	1.553222 	1.248249 	1.209339 	1.525820 	1.475212 	1.659254 	1.209597 	1.152443 	
0.079057 	9.000000 	0.145774 	0.079057 	0.816241 	0.152069 	1.581336 	1.620378 	1.605070 	1.960230 	1.945026 	1.935523 	0.601041 	0.575000 	0.650000 	0.759111 	1.998124 	1.184536 	0.700446 	0.794512 	0.753741 	0.725431 	1.175266 	0.800391 	1.328768 	1.151086 	1.352082 	1.200260 	1.405569 	0.905539 	1.035918 	1.347683 	1.482607 	1.722099 	1.478386 	1.221935 	1.063602 	1.476906 	1.310773 	1.269350 	1.450216 	1.400892 	1.582127 	1.147007 	1.095730 	
0.070711 	0.145774 	9.000000 	0.100000 	0.961769 	0.125000 	1.725724 	1.765113 	1.750000 	2.105053 	2.090006 	2.080865 	0.502494 	0.515388 	0.588430 	0.657647 	2.143887 	1.043132 	0.632949 	0.701783 	0.676849 	0.667083 	1.040433 	0.731864 	1.460522 	1.020416 	1.482607 	1.068001 	1.538059 	0.825379 	0.927699 	1.210372 	1.615743 	1.861619 	1.609542 	1.095730 	1.154340 	1.607016 	1.179248 	1.141271 	1.578171 	1.525205 	1.714825 	1.243232 	1.179248 	
0.070711 	0.079057 	0.100000 	9.000000 	0.874643 	0.075000 	1.648674 	1.686898 	1.671077 	2.026388 	2.010752 	2.000000 	0.522015 	0.500625 	0.575543 	0.680074 	2.059430 	1.114955 	0.625000 	0.715891 	0.676849 	0.651920 	1.101136 	0.725000 	1.361295 	1.075291 	1.383158 	1.125000 	1.438967 	0.828402 	0.956883 	1.274755 	1.516781 	1.765113 	1.510174 	1.144825 	1.059481 	1.507481 	1.235162 	1.192686 	1.478386 	1.425219 	1.615743 	1.147007 	1.086566 	
0.894427 	0.816241 	0.961769 	0.874643 	9.000000 	0.915492 	0.800391 	0.832541 	0.813941 	1.166726 	1.149184 	1.133578 	1.308625 	1.195042 	1.255488 	1.453444 	1.185854 	1.980057 	1.310773 	1.460308 	1.380444 	1.303840 	1.947434 	1.393960 	0.660019 	1.909516 	0.693271 	1.962938 	0.719809 	1.518634 	1.725724 	2.126029 	0.783023 	0.950329 	0.798827 	1.962938 	0.838153 	0.807775 	2.068363 	2.015564 	0.805062 	0.797653 	0.879275 	0.850368 	0.910014 	
0.134629 	0.152069 	0.125000 	0.075000 	0.915492 	9.000000 	1.698529 	1.735655 	1.719193 	2.074398 	2.058215 	2.045880 	0.450694 	0.425735 	0.500625 	0.608790 	2.101339 	1.065950 	0.550000 	0.642748 	0.602080 	0.577170 	1.044330 	0.650000 	1.372953 	1.015197 	1.393287 	1.065950 	1.451293 	0.753741 	0.886707 	1.219887 	1.529706 	1.786757 	1.520691 	1.081665 	1.037123 	1.516781 	1.175266 	1.130542 	1.485345 	1.428504 	1.627882 	1.128051 	1.059481 	
1.655483 	1.581336 	1.725724 	1.648674 	0.800391 	1.698529 	9.000000 	0.050000 	0.055902 	0.381608 	0.369121 	0.371652 	2.107279 	1.995307 	2.055024 	2.253469 	0.477624 	2.763377 	2.110095 	2.260669 	2.180023 	2.101339 	2.740096 	2.191461 	0.905539 	2.705203 	0.933408 	2.757943 	0.892328 	2.316382 	2.526114 	2.917298 	0.886002 	0.750000 	0.934077 	2.761340 	1.446764 	0.958188 	2.864655 	2.813472 	1.000625 	1.064483 	0.919239 	1.408013 	1.520691 	
1.695029 	1.620378 	1.765113 	1.686898 	0.832541 	1.735655 	0.050000 	9.000000 	0.025000 	0.340037 	0.325960 	0.325000 	2.140823 	2.026388 	2.085216 	2.285963 	0.427931 	2.801116 	2.140093 	2.291970 	2.210204 	2.130288 	2.775901 	2.220360 	0.901388 	2.740096 	0.928036 	2.793072 	0.883883 	2.345341 	2.557587 	2.953494 	0.873212 	0.721110 	0.921954 	2.795085 	1.456237 	0.946375 	2.899354 	2.847477 	0.990581 	1.057414 	0.901388 	1.414214 	1.529706 	
1.680030 	1.605070 	1.750000 	1.671077 	0.813941 	1.719193 	0.055902 	0.025000 	9.000000 	0.355317 	0.340037 	0.335410 	2.122499 	2.007019 	2.065490 	2.267157 	0.431567 	2.784892 	2.120289 	2.272664 	2.190462 	2.110095 	2.758623 	2.200142 	0.876427 	2.722361 	0.903120 	2.775450 	0.859142 	2.325135 	2.538331 	2.936409 	0.848896 	0.700446 	0.897566 	2.776801 	1.431782 	0.921954 	2.881514 	2.829311 	0.965984 	1.032594 	0.877853 	1.389469 	1.505199 	
2.035006 	1.960230 	2.105053 	2.026388 	1.166726 	2.074398 	0.381608 	0.340037 	0.355317 	9.000000 	0.025000 	0.079057 	2.475126 	2.356507 	2.413504 	2.618444 	0.212132 	3.140163 	2.467919 	2.622261 	2.538331 	2.455860 	3.113077 	2.545707 	1.122776 	3.076118 	1.142639 	3.129397 	1.085415 	2.670674 	2.888014 	3.291087 	1.052675 	0.809707 	1.102554 	3.129397 	1.723731 	1.127497 	3.235062 	3.182177 	1.179248 	1.258968 	1.050297 	1.669019 	1.794610 	
2.020056 	1.945026 	2.090006 	2.010752 	1.149184 	2.058215 	0.369121 	0.325960 	0.340037 	0.025000 	9.000000 	0.055902 	2.457260 	2.337734 	2.394394 	2.600120 	0.195256 	3.124100 	2.448724 	2.603483 	2.519176 	2.436314 	3.096066 	2.526114 	1.098294 	3.058697 	1.118034 	3.112073 	1.060660 	2.651061 	2.869233 	3.274237 	1.027740 	0.785016 	1.077613 	3.111471 	1.700184 	1.102554 	3.217530 	3.164352 	1.154340 	1.234150 	1.025305 	1.645068 	1.770946 	
2.011219 	1.935523 	2.080865 	2.000000 	1.133578 	2.045880 	0.371652 	0.325000 	0.335410 	0.079057 	0.055902 	9.000000 	2.439775 	2.317461 	2.373025 	2.581182 	0.145774 	3.111772 	2.427061 	2.583118 	2.497624 	2.413504 	3.080990 	2.503123 	1.055047 	3.042408 	1.073837 	3.096066 	1.015197 	2.627975 	2.848794 	3.259601 	0.980115 	0.731864 	1.029866 	3.093643 	1.662077 	1.054751 	3.200879 	3.146824 	1.107080 	1.187960 	0.975000 	1.604875 	1.732231 	
0.559017 	0.601041 	0.502494 	0.522015 	1.308625 	0.450694 	2.107279 	2.140823 	2.122499 	2.475126 	2.457260 	2.439775 	9.000000 	0.175000 	0.190394 	0.158114 	2.481179 	0.719809 	0.195256 	0.200000 	0.201556 	0.250000 	0.651920 	0.270416 	1.644878 	0.605186 	1.657747 	0.660019 	1.723550 	0.333542 	0.436606 	0.832166 	1.802255 	2.091202 	1.782730 	0.654313 	1.159741 	1.773415 	0.761988 	0.707107 	1.732231 	1.660196 	1.894235 	1.262191 	1.152443 	
0.555090 	0.575000 	0.515388 	0.500625 	1.195042 	0.425735 	1.995307 	2.026388 	2.007019 	2.356507 	2.337734 	2.317461 	0.175000 	9.000000 	0.075000 	0.270416 	2.351728 	0.886002 	0.127475 	0.265754 	0.190394 	0.152069 	0.805062 	0.226385 	1.487027 	0.750417 	1.498332 	0.806226 	1.565248 	0.340037 	0.531507 	0.983933 	1.643548 	1.938105 	1.622113 	0.785016 	0.986471 	1.611870 	0.901388 	0.840015 	1.569236 	1.495201 	1.733854 	1.089151 	0.977880 	
0.629484 	0.650000 	0.588430 	0.575543 	1.255488 	0.500625 	2.055024 	2.085216 	2.065490 	2.413504 	2.394394 	2.373025 	0.190394 	0.075000 	9.000000 	0.237171 	2.404163 	0.867828 	0.055902 	0.215058 	0.125000 	0.079057 	0.775403 	0.152069 	1.522539 	0.715891 	1.532359 	0.771767 	1.600195 	0.269258 	0.477624 	0.951972 	1.677982 	1.976898 	1.654728 	0.742041 	1.000625 	1.643548 	0.862047 	0.797653 	1.599414 	1.523155 	1.766529 	1.103687 	0.986471 	
0.715891 	0.759111 	0.657647 	0.680074 	1.453444 	0.608790 	2.253469 	2.285963 	2.267157 	2.618444 	2.600120 	2.581182 	0.158114 	0.270416 	0.237171 	9.000000 	2.618444 	0.632949 	0.201556 	0.070711 	0.152069 	0.250000 	0.538516 	0.213600 	1.755883 	0.480885 	1.766529 	0.536773 	1.833883 	0.215058 	0.279509 	0.715891 	1.911969 	2.208082 	1.889610 	0.515388 	1.236932 	1.878829 	0.630971 	0.570088 	1.835245 	1.759616 	2.001406 	1.340009 	1.220912 	
2.075151 	1.998124 	2.143887 	2.059430 	1.185854 	2.101339 	0.477624 	0.427931 	0.431567 	0.212132 	0.195256 	0.145774 	2.481179 	2.351728 	2.404163 	2.618444 	9.000000 	3.165142 	2.457260 	2.616534 	2.527969 	2.440543 	3.127499 	2.529452 	1.021335 	3.085855 	1.035918 	3.140163 	0.972432 	2.653771 	2.881514 	3.307000 	0.927699 	0.650481 	0.976281 	3.132990 	1.643548 	1.000625 	3.243166 	3.186887 	1.055047 	1.140175 	0.908639 	1.578963 	1.711177 	
1.113833 	1.184536 	1.043132 	1.114955 	1.980057 	1.065950 	2.763377 	2.801116 	2.784892 	3.140163 	3.124100 	3.111772 	0.719809 	0.886002 	0.867828 	0.632949 	3.165142 	9.000000 	0.834416 	0.676849 	0.778621 	0.880696 	0.160078 	0.825379 	2.363525 	0.235850 	2.376973 	0.212132 	2.442335 	0.753741 	0.522015 	0.201556 	2.521161 	2.806466 	2.502249 	0.318198 	1.868321 	2.493116 	0.269258 	0.305164 	2.452040 	2.379732 	2.613666 	1.971357 	1.853712 	
0.676849 	0.700446 	0.632949 	0.625000 	1.310773 	0.550000 	2.110095 	2.140093 	2.120289 	2.467919 	2.448724 	2.427061 	0.195256 	0.127475 	0.055902 	0.201556 	2.457260 	0.834416 	9.000000 	0.167705 	0.070711 	0.055902 	0.735272 	0.100000 	1.569236 	0.673146 	1.578369 	0.728869 	1.646587 	0.213600 	0.425735 	0.910014 	1.724094 	2.024846 	1.700000 	0.694622 	1.037123 	1.688380 	0.816241 	0.750417 	1.643548 	1.566246 	1.811767 	1.140175 	1.019804 	
0.756637 	0.794512 	0.701783 	0.715891 	1.460308 	0.642748 	2.260669 	2.291970 	2.272664 	2.622261 	2.603483 	2.583118 	0.200000 	0.265754 	0.215058 	0.070711 	2.616534 	0.676849 	0.167705 	9.000000 	0.103078 	0.206155 	0.570088 	0.152069 	1.736555 	0.506211 	1.745888 	0.561805 	1.814008 	0.145774 	0.265754 	0.743303 	1.891593 	2.191603 	1.867652 	0.527376 	1.202081 	1.856071 	0.648556 	0.583095 	1.811249 	1.733854 	1.979425 	1.305038 	1.182423 	
0.725000 	0.753741 	0.676849 	0.676849 	1.380444 	0.602080 	2.180023 	2.210204 	2.190462 	2.538331 	2.519176 	2.497624 	0.201556 	0.190394 	0.125000 	0.152069 	2.527969 	0.778621 	0.070711 	0.103078 	9.000000 	0.103078 	0.673146 	0.070711 	1.637834 	0.608790 	1.646587 	0.664266 	1.715007 	0.152069 	0.355317 	0.845946 	1.792345 	2.094039 	1.767767 	0.626498 	1.099147 	1.755883 	0.749166 	0.682367 	1.710629 	1.632674 	1.879495 	1.202081 	1.079352 	
0.707107 	0.725431 	0.667083 	0.651920 	1.303840 	0.577170 	2.101339 	2.130288 	2.110095 	2.455860 	2.436314 	2.413504 	0.250000 	0.152069 	0.079057 	0.250000 	2.440543 	0.880696 	0.055902 	0.206155 	0.103078 	9.000000 	0.776209 	0.090139 	1.539683 	0.711512 	1.547781 	0.766893 	1.616516 	0.215058 	0.450694 	0.948683 	1.693554 	1.997029 	1.668270 	0.726722 	0.996243 	1.656049 	0.850368 	0.782624 	1.610318 	1.531747 	1.779923 	1.099147 	0.976281 	
1.110180 	1.175266 	1.040433 	1.101136 	1.947434 	1.044330 	2.740096 	2.775901 	2.758623 	3.113077 	3.096066 	3.080990 	0.651920 	0.805062 	0.775403 	0.538516 	3.127499 	0.160078 	0.735272 	0.570088 	0.673146 	0.776209 	9.000000 	0.711073 	2.291970 	0.079057 	2.303394 	0.055902 	2.370258 	0.625500 	0.378319 	0.180278 	2.448596 	2.741464 	2.427061 	0.160078 	1.772004 	2.416609 	0.152069 	0.158114 	2.373420 	2.298097 	2.538824 	1.875000 	1.752320 	
0.776611 	0.800391 	0.731864 	0.725000 	1.393960 	0.650000 	2.191461 	2.220360 	2.200142 	2.545707 	2.526114 	2.503123 	0.270416 	0.226385 	0.152069 	0.213600 	2.529452 	0.825379 	0.100000 	0.152069 	0.070711 	0.090139 	0.711073 	9.000000 	1.622498 	0.642748 	1.629801 	0.697316 	1.698897 	0.125000 	0.369121 	0.879275 	1.775528 	2.080865 	1.749285 	0.650000 	1.068001 	1.736555 	0.775403 	0.705780 	1.690044 	1.610318 	1.860779 	1.170470 	1.044031 	
1.405569 	1.328768 	1.460522 	1.361295 	0.660019 	1.372953 	0.905539 	0.901388 	0.876427 	1.122776 	1.098294 	1.055047 	1.644878 	1.487027 	1.522539 	1.755883 	1.021335 	2.363525 	1.569236 	1.736555 	1.637834 	1.539683 	2.291970 	1.622498 	9.000000 	2.236767 	0.035355 	2.292651 	0.079057 	1.740869 	1.990289 	2.470956 	0.158114 	0.460977 	0.150000 	2.263846 	0.630971 	0.152069 	2.384586 	2.319618 	0.145774 	0.167705 	0.254951 	0.559017 	0.694622 	
1.089151 	1.151086 	1.020416 	1.075291 	1.909516 	1.015197 	2.705203 	2.740096 	2.722361 	3.076118 	3.058697 	3.042408 	0.605186 	0.750417 	0.715891 	0.480885 	3.085855 	0.235850 	0.673146 	0.506211 	0.608790 	0.711512 	0.079057 	0.642748 	2.236767 	9.000000 	2.247360 	0.055902 	2.314763 	0.552268 	0.301040 	0.237171 	2.392828 	2.688517 	2.370258 	0.103078 	1.707703 	2.359290 	0.160078 	0.127475 	2.315302 	2.238861 	2.482061 	1.810559 	1.686157 	
1.428504 	1.352082 	1.482607 	1.383158 	0.693271 	1.393287 	0.933408 	0.928036 	0.903120 	1.142639 	1.118034 	1.073837 	1.657747 	1.498332 	1.532359 	1.766529 	1.035918 	2.376973 	1.578369 	1.745888 	1.646587 	1.547781 	2.303394 	1.629801 	0.035355 	2.247360 	9.000000 	2.303258 	0.070711 	1.747319 	1.998124 	2.482061 	0.145774 	0.459619 	0.127475 	2.272938 	0.625000 	0.125000 	2.394264 	2.328760 	0.111803 	0.134629 	0.237171 	0.548862 	0.686477 	
1.137157 	1.200260 	1.068001 	1.125000 	1.962938 	1.065950 	2.757943 	2.793072 	2.775450 	3.129397 	3.112073 	3.096066 	0.660019 	0.806226 	0.771767 	0.536773 	3.140163 	0.212132 	0.728869 	0.561805 	0.664266 	0.766893 	0.055902 	0.697316 	2.292651 	0.055902 	2.303258 	9.000000 	2.370654 	0.604669 	0.350000 	0.182003 	2.448724 	2.744312 	2.426159 	0.106066 	1.762987 	2.415186 	0.111803 	0.103078 	2.371181 	2.294695 	2.537962 	1.865811 	1.741049 	
1.482607 	1.405569 	1.538059 	1.438967 	0.719809 	1.451293 	0.892328 	0.883883 	0.859142 	1.085415 	1.060660 	1.015197 	1.723550 	1.565248 	1.600195 	1.833883 	0.972432 	2.442335 	1.646587 	1.814008 	1.715007 	1.616516 	2.370258 	1.698897 	0.079057 	2.314763 	0.070711 	2.370654 	9.000000 	1.816762 	2.067003 	2.549142 	0.079057 	0.388909 	0.079057 	2.341207 	0.695072 	0.090139 	2.462214 	2.397003 	0.111803 	0.175000 	0.176777 	0.617454 	0.755811 	
0.875357 	0.905539 	0.825379 	0.828402 	1.518634 	0.753741 	2.316382 	2.345341 	2.325135 	2.670674 	2.651061 	2.627975 	0.333542 	0.340037 	0.269258 	0.215058 	2.653771 	0.753741 	0.213600 	0.145774 	0.152069 	0.215058 	0.625500 	0.125000 	1.740869 	0.552268 	1.747319 	0.604669 	1.816762 	9.000000 	0.261008 	0.785016 	1.892914 	2.200142 	1.865643 	0.546008 	1.175266 	1.852363 	0.673146 	0.601041 	1.805028 	1.724094 	1.976898 	1.276959 	1.147007 	
0.989002 	1.035918 	0.927699 	0.956883 	1.725724 	0.886707 	2.526114 	2.557587 	2.538331 	2.888014 	2.869233 	2.848794 	0.436606 	0.531507 	0.477624 	0.279509 	2.881514 	0.522015 	0.425735 	0.265754 	0.355317 	0.450694 	0.378319 	0.369121 	1.990289 	0.301040 	1.998124 	0.350000 	2.067003 	0.261008 	9.000000 	0.527376 	2.143887 	2.447703 	2.118077 	0.285044 	1.434617 	2.105499 	0.412311 	0.340037 	2.059126 	1.979425 	2.229630 	1.536636 	1.407569 	
1.280625 	1.347683 	1.210372 	1.274755 	2.126029 	1.219887 	2.917298 	2.953494 	2.936409 	3.291087 	3.274237 	3.259601 	0.832166 	0.983933 	0.951972 	0.715891 	3.307000 	0.201556 	0.910014 	0.743303 	0.845946 	0.948683 	0.180278 	0.879275 	2.470956 	0.237171 	2.482061 	0.182003 	2.549142 	0.785016 	0.527376 	9.000000 	2.627380 	2.921151 	2.605403 	0.251247 	1.944865 	2.594706 	0.134629 	0.206155 	2.551103 	2.475126 	2.717191 	2.047712 	1.923051 	
1.559848 	1.482607 	1.615743 	1.516781 	0.783023 	1.529706 	0.886002 	0.873212 	0.848896 	1.052675 	1.027740 	0.980115 	1.802255 	1.643548 	1.677982 	1.911969 	0.927699 	2.521161 	1.724094 	1.891593 	1.792345 	1.693554 	2.448596 	1.775528 	0.158114 	2.392828 	0.145774 	2.448724 	0.079057 	1.892914 	2.143887 	2.627380 	9.000000 	0.320156 	0.050000 	2.418677 	0.761988 	0.075000 	2.539931 	2.474495 	0.127475 	0.213600 	0.100000 	0.680074 	0.820061 	
1.800868 	1.722099 	1.861619 	1.765113 	0.950329 	1.786757 	0.750000 	0.721110 	0.700446 	0.809707 	0.785016 	0.731864 	2.091202 	1.938105 	1.976898 	2.208082 	0.650481 	2.806466 	2.024846 	2.191603 	2.094039 	1.997029 	2.741464 	2.080865 	0.460977 	2.688517 	0.459619 	2.744312 	0.388909 	2.200142 	2.447703 	2.921151 	0.320156 	9.000000 	0.360555 	2.718915 	1.081954 	0.381608 	2.838353 	2.774549 	0.437321 	0.527376 	0.269258 	1.000000 	1.140175 	
1.555032 	1.478386 	1.609542 	1.510174 	0.798827 	1.520691 	0.934077 	0.921954 	0.897566 	1.102554 	1.077613 	1.029866 	1.782730 	1.622113 	1.654728 	1.889610 	0.976281 	2.502249 	1.700000 	1.867652 	1.767767 	1.668270 	2.427061 	1.749285 	0.150000 	2.370258 	0.127475 	2.426159 	0.079057 	1.865643 	2.118077 	2.605403 	0.050000 	0.360555 	9.000000 	2.394264 	0.725000 	0.025000 	2.516198 	2.450128 	0.079057 	0.167705 	0.111803 	0.640312 	0.781025 	
1.163239 	1.221935 	1.095730 	1.144825 	1.962938 	1.081665 	2.761340 	2.795085 	2.776801 	3.129397 	3.111471 	3.093643 	0.654313 	0.785016 	0.742041 	0.515388 	3.132990 	0.318198 	0.694622 	0.527376 	0.626498 	0.726722 	0.160078 	0.650000 	2.263846 	0.103078 	2.272938 	0.106066 	2.341207 	0.546008 	0.285044 	0.251247 	2.418677 	2.718915 	2.394264 	9.000000 	1.717738 	2.382357 	0.127475 	0.055902 	2.336932 	2.258456 	2.505993 	1.820028 	1.691892 	
1.123610 	1.063602 	1.154340 	1.059481 	0.838153 	1.037123 	1.446764 	1.456237 	1.431782 	1.723731 	1.700184 	1.662077 	1.159741 	0.986471 	1.000625 	1.236932 	1.643548 	1.868321 	1.037123 	1.202081 	1.099147 	0.996243 	1.772004 	1.068001 	0.630971 	1.707703 	0.625000 	1.762987 	0.695072 	1.175266 	1.434617 	1.944865 	0.761988 	1.081954 	0.725000 	1.717738 	9.000000 	0.707107 	1.843400 	1.773415 	0.654313 	0.566789 	0.831038 	0.103078 	0.075000 	
1.553222 	1.476906 	1.607016 	1.507481 	0.807775 	1.516781 	0.958188 	0.946375 	0.921954 	1.127497 	1.102554 	1.054751 	1.773415 	1.611870 	1.643548 	1.878829 	1.000625 	2.493116 	1.688380 	1.856071 	1.755883 	1.656049 	2.416609 	1.736555 	0.152069 	2.359290 	0.125000 	2.415186 	0.090139 	1.852363 	2.105499 	2.594706 	0.075000 	0.381608 	0.025000 	2.382357 	0.707107 	9.000000 	2.504621 	2.438237 	0.055902 	0.145774 	0.125000 	0.620987 	0.761988 	
