Total assets = 1263
Number of asset nodes = 66

Distance:
999.000000 	101.118744 	103.947105 	13.416408 	17.720045 	13.453624 	28.160255 	72.090218 	91.586021 	98.183502 	72.449982 	45.044422 	59.228371 	32.756680 	51.244511 	21.633308 	70.342018 	75.584389 	27.202942 	24.166092 	86.162636 	72.034714 	112.645462 	124.084648 	110.385689 	23.086792 	60.133186 	98.386993 	107.703293 	113.159180 	72.180328 	29.000000 	27.294687 	50.009998 	86.683334 	123.004066 	37.735924 	30.805843 	80.808418 	68.117546 	29.017237 	63.031738 	31.384710 	44.283180 	94.254974 	33.015148 	34.928497 	85.510231 	46.957428 	83.024094 	99.624290 	36.055511 	68.066147 	34.481880 	37.802116 	98.371742 	109.772491 	84.593147 	37.054016 	106.625511 	125.538841 	116.297035 	44.598206 	76.006577 	38.327538 	105.304321 	111.072052 	64.513565 	118.848640 	44.384682 	68.007355 	50.931328 	121.461929 	105.759163 	88.005684 	136.341476 	122.004097 	91.049438 	54.488529 	
101.118744 	999.000000 	2.828427 	97.616600 	93.813644 	101.212646 	86.092972 	42.426407 	23.769728 	19.723083 	46.173584 	74.094536 	60.638271 	87.658424 	69.260376 	122.380554 	53.150730 	48.000000 	100.344406 	123.987900 	39.812057 	54.037025 	20.880613 	24.166092 	22.360680 	119.632774 	68.066147 	31.384710 	25.000000 	23.409399 	58.008621 	105.678757 	111.830231 	84.202141 	47.296936 	27.073973 	99.403221 	110.145355 	54.451813 	67.119293 	122.641754 	73.552704 	112.871605 	95.519630 	46.615448 	125.924583 	132.003784 	56.293873 	96.767761 	58.855755 	43.908997 	113.600174 	74.108032 	121.078484 	112.258629 	47.413078 	40.311287 	62.169125 	128.701202 	44.045429 	36.674240 	39.115215 	108.268188 	72.111023 	124.531120 	47.201694 	45.254833 	92.655273 	46.043457 	129.294235 	91.268837 	114.162163 	46.647614 	56.302753 	71.805290 	45.011108 	48.020828 	70.604530 	112.641022 	
103.947105 	2.828427 	999.000000 	100.424103 	96.607452 	104.019226 	88.836929 	44.721359 	25.317978 	20.615528 	48.373547 	76.694199 	63.063461 	90.354858 	71.784401 	125.207825 	55.326305 	50.039986 	103.077644 	126.810883 	41.436699 	56.142673 	19.697716 	21.540659 	21.633308 	122.441826 	70.405968 	32.202484 	24.758837 	22.360680 	60.074955 	108.406639 	114.586212 	86.683334 	48.836460 	25.000000 	102.044106 	112.871605 	56.222771 	69.260376 	125.431259 	75.802376 	115.602768 	98.081596 	47.759815 	128.705093 	134.807266 	57.870544 	99.297531 	60.530983 	44.721359 	116.297035 	76.236473 	123.822456 	114.934761 	48.332184 	40.360870 	63.788715 	131.468628 	44.407207 	35.171009 	38.600517 	110.860275 	74.027023 	127.263504 	47.707443 	45.343136 	94.894676 	45.607018 	132.003784 	93.434471 	116.709038 	46.043457 	56.938564 	73.348480 	43.104523 	47.434166 	72.034714 	115.134705 	
13.416408 	97.616600 	100.424103 	999.000000 	5.099020 	3.605551 	16.278820 	64.350601 	85.276024 	92.195442 	64.007812 	33.955853 	49.396355 	20.024984 	40.521599 	26.832815 	60.926186 	66.640831 	14.142136 	27.202942 	77.897369 	62.393909 	106.962608 	119.553337 	104.350372 	22.022715 	49.030602 	90.972527 	101.212646 	107.168091 	61.983868 	17.000000 	18.027756 	37.215588 	77.472572 	117.515953 	24.413111 	19.924858 	70.837845 	56.885849 	25.495098 	51.156624 	21.377558 	30.870699 	85.088188 	29.154760 	34.409302 	75.286118 	33.541019 	72.532753 	90.801979 	25.298222 	56.080299 	27.073973 	26.400757 	89.157166 	101.597244 	73.756355 	32.572994 	97.943863 	118.810776 	108.558739 	31.890438 	64.195015 	31.064449 	96.254868 	102.415817 	51.244511 	110.476242 	37.013512 	54.817879 	38.600517 	113.176849 	95.817535 	76.321686 	129.618668 	113.600174 	79.511009 	41.773197 	
17.720045 	93.813644 	96.607452 	5.099020 	999.000000 	8.062258 	11.180340 	59.640591 	80.808418 	87.783829 	59.169250 	28.861740 	44.384682 	15.132746 	35.440090 	31.780497 	55.946404 	61.717098 	12.083046 	31.906113 	73.061615 	57.384666 	102.591423 	115.433968 	99.904953 	26.172504 	43.931767 	86.267029 	96.674713 	102.727798 	56.920998 	16.278820 	19.416489 	32.388271 	72.498276 	113.172432 	21.213203 	20.024984 	65.787537 	51.788029 	28.844410 	46.097721 	22.022715 	26.925823 	80.112419 	32.249031 	38.288380 	70.213959 	29.681644 	67.446274 	85.866173 	25.179358 	51.039200 	28.861740 	25.709921 	84.172440 	96.747093 	68.658577 	35.341194 	93.021500 	114.201576 	103.773796 	29.681644 	59.135437 	32.756680 	91.285271 	97.493591 	46.818798 	105.588821 	38.470768 	50.289165 	36.715118 	108.300507 	90.757919 	71.253067 	125.000000 	108.706024 	74.431175 	39.408119 	
13.453624 	101.212646 	104.019226 	3.605551 	8.062258 	999.000000 	18.973665 	67.675697 	88.729927 	95.671310 	67.230942 	36.687874 	52.392746 	22.090721 	43.324360 	23.769728 	63.976559 	69.771057 	13.892444 	23.853722 	81.123360 	65.391129 	110.453613 	123.109711 	107.814659 	18.439089 	51.662365 	94.302704 	104.637466 	110.634537 	64.845970 	15.620500 	15.297058 	39.012817 	80.529495 	121.016525 	24.596748 	17.888544 	73.736015 	59.439045 	21.931713 	53.460266 	18.973665 	31.622776 	88.141930 	25.632011 	30.805843 	78.108902 	34.176014 	75.286118 	93.914856 	23.259407 	58.309521 	24.000000 	24.698177 	92.195442 	104.809349 	76.400261 	29.120440 	101.074226 	122.200653 	111.830231 	31.144823 	66.483078 	28.000000 	99.317673 	105.546196 	52.392746 	113.648582 	34.014702 	56.089214 	37.536648 	116.361504 	98.681305 	78.638412 	133.003754 	116.764717 	81.884064 	41.036568 	
28.160255 	86.092972 	88.836929 	16.278820 	11.180340 	18.973665 	999.000000 	49.678970 	71.421288 	78.517517 	48.826221 	17.720045 	33.541019 	5.656854 	24.351591 	42.720020 	45.177429 	51.107731 	14.317822 	42.485291 	62.681736 	46.518814 	93.380943 	106.826965 	90.509666 	36.055511 	32.756680 	76.216797 	87.045967 	93.338097 	45.880280 	19.697716 	25.806976 	22.135944 	61.717098 	104.004807 	17.464249 	24.166092 	54.781384 	40.607880 	37.483330 	35.014282 	26.832815 	20.000000 	69.318108 	40.360870 	47.507893 	59.135437 	22.803509 	56.320511 	75.179787 	28.160255 	40.000000 	34.985710 	27.459061 	73.348480 	86.284416 	57.489128 	42.801868 	82.365044 	104.350372 	93.477272 	27.459061 	48.041649 	38.470768 	80.498444 	86.833176 	37.589893 	95.015785 	43.462627 	40.718548 	34.713108 	97.754799 	79.711983 	60.133186 	115.108643 	98.112183 	63.285069 	36.055511 	
72.090218 	42.426407 	44.721359 	64.350601 	59.640591 	67.675697 	49.678970 	999.000000 	22.472204 	29.681644 	4.472136 	34.205261 	18.788294 	49.517673 	28.301943 	91.065910 	11.180340 	8.485281 	62.936478 	91.525955 	14.317822 	12.649111 	44.407207 	59.059292 	41.231056 	85.603737 	25.709921 	26.627054 	37.483330 	44.045429 	16.763054 	67.941154 	74.953316 	42.544094 	17.464249 	55.000000 	59.640591 	72.249565 	17.691807 	25.079872 	87.114868 	31.144823 	75.073296 	54.589375 	24.020824 	89.827614 	97.185387 	22.203604 	55.461697 	22.627417 	28.284271 	74.813103 	32.062439 	83.546394 	73.006851 	28.000000 	37.696156 	26.172504 	91.934761 	34.928497 	54.671749 	44.294468 	67.601776 	31.622776 	86.556343 	34.234486 	39.293766 	50.249378 	46.818798 	90.603531 	49.010204 	72.917763 	49.396355 	37.336308 	35.608986 	65.436989 	49.979996 	36.069378 	70.936592 	
91.586021 	23.769728 	25.317978 	85.276024 	80.808418 	88.729927 	71.421288 	22.472204 	999.000000 	7.211102 	25.079872 	56.612720 	41.182522 	71.700768 	50.774010 	111.606453 	31.622776 	25.709921 	85.041168 	112.445541 	16.124516 	32.015621 	22.022715 	36.674240 	19.104973 	106.962608 	47.539455 	10.770329 	16.124516 	21.931713 	35.693138 	90.138779 	97.000000 	64.845970 	23.537205 	32.649654 	82.097504 	94.493385 	31.016125 	45.122055 	108.894447 	52.201534 	97.308784 	77.025970 	23.323807 	111.758667 	118.827606 	32.557640 	77.826729 	35.227829 	21.931713 	97.200821 	51.971146 	105.759163 	95.441078 	24.839485 	23.537205 	38.470768 	114.021927 	24.596748 	34.000000 	27.073973 	90.049988 	49.040798 	108.853111 	26.627054 	27.513634 	71.063354 	32.140316 	113.004425 	69.231499 	95.257545 	34.014702 	34.655445 	48.052055 	44.777225 	35.057095 	46.840153 	93.107468 	
98.183502 	19.723083 	20.615528 	92.195442 	87.783829 	95.671310 	78.517517 	29.681644 	7.211102 	999.000000 	32.202484 	63.820061 	48.373547 	78.873314 	57.982758 	118.406082 	38.626415 	32.572994 	92.195442 	119.331474 	22.090721 	38.897301 	14.866069 	29.546574 	12.206555 	113.951744 	54.625999 	11.661903 	10.198039 	15.000000 	42.449970 	97.308784 	104.139328 	72.006943 	29.017237 	25.495098 	89.308456 	101.671036 	37.121422 	51.923019 	115.974136 	59.135437 	104.484451 	84.219948 	27.202942 	118.869675 	125.872955 	38.052597 	85.000000 	41.000000 	24.186773 	104.403069 	58.694122 	112.929184 	102.649887 	27.730848 	21.954498 	44.045429 	121.165176 	24.758837 	27.856777 	23.345236 	97.247108 	55.326305 	116.038788 	27.658634 	26.627054 	77.884529 	29.410883 	120.208153 	75.927597 	102.420700 	30.805843 	36.619667 	53.338543 	38.483765 	32.015621 	51.788029 	100.224747 	
72.449982 	46.173584 	48.373547 	64.007812 	59.169250 	67.230942 	48.826221 	4.472136 	25.079872 	32.202484 	999.000000 	32.526913 	16.401220 	48.166378 	26.248810 	90.824005 	7.000000 	4.472136 	61.619801 	91.065910 	13.892444 	8.246211 	46.647614 	61.741398 	43.266617 	84.876381 	22.472204 	27.586229 	39.204590 	46.043457 	12.369317 	66.483078 	73.661385 	39.824615 	15.000000 	57.140179 	57.628117 	70.710678 	13.601471 	21.000000 	86.052307 	27.459061 	73.539108 	52.153618 	22.203604 	88.617157 	96.213303 	18.357559 	52.839378 	18.439089 	27.202942 	73.000000 	28.000000 	82.024384 	71.063354 	26.305893 	37.589893 	21.931713 	90.553848 	34.176014 	55.865910 	44.654228 	65.192024 	27.202942 	84.899940 	32.984844 	38.626415 	46.529560 	46.518814 	88.729927 	45.099888 	70.235321 	49.193497 	35.014282 	31.240999 	66.528191 	49.658836 	31.827662 	68.029404 	
45.044422 	74.094536 	76.694199 	33.955853 	28.861740 	36.687874 	17.720045 	34.205261 	56.612720 	63.820061 	32.526913 	999.000000 	16.401220 	15.811388 	6.708204 	60.406952 	28.017851 	34.205261 	29.206163 	60.008331 	46.097721 	29.154760 	78.600258 	92.962357 	75.432091 	53.235325 	15.132746 	60.108234 	71.589104 	78.243210 	28.231188 	33.970577 	41.231056 	12.649111 	44.418465 	89.202019 	25.553865 	38.183765 	37.161808 	23.086792 	53.823788 	18.439089 	41.012192 	21.587032 	51.971146 	56.222771 	64.070274 	41.436699 	23.194826 	38.600517 	57.982758 	40.607880 	23.537205 	49.497475 	38.832977 	55.946404 	69.404610 	39.812057 	58.051701 	65.192024 	88.391174 	76.837494 	34.176014 	31.144823 	52.402290 	63.134777 	69.641945 	28.017851 	77.935867 	56.400356 	29.732138 	40.261642 	80.709358 	62.032249 	43.011627 	99.035347 	80.993828 	46.010868 	39.319206 	
59.228371 	60.638271 	63.063461 	49.396355 	44.384682 	52.392746 	33.541019 	18.788294 	41.182522 	48.373547 	16.401220 	16.401220 	999.000000 	32.202484 	9.899495 	76.157730 	11.661903 	17.804493 	45.607018 	76.026314 	29.732138 	13.000000 	62.968246 	77.826729 	59.640591 	69.462219 	8.246211 	43.863426 	55.605755 	62.425957 	13.038404 	50.328918 	57.628117 	23.769728 	28.178005 	73.498299 	41.231056 	54.488529 	21.587032 	12.806249 	70.213959 	14.866069 	57.314919 	35.846897 	35.777088 	72.622307 	80.448738 	26.305893 	36.674240 	24.020824 	41.677334 	56.639210 	18.027756 	65.795135 	54.671749 	39.812057 	53.009434 	26.076809 	74.411018 	48.877399 	72.138756 	60.440052 	48.877399 	22.203604 	68.593002 	46.957428 	53.338543 	33.136082 	61.587337 	72.346390 	32.756680 	54.129475 	64.350601 	46.572525 	31.953091 	82.734512 	64.660652 	34.205261 	52.201534 	
32.756680 	87.658424 	90.354858 	20.024984 	15.132746 	22.090721 	5.656854 	49.517673 	71.700768 	78.873314 	48.166378 	15.811388 	32.202484 	999.000000 	22.472204 	45.354160 	43.829212 	50.000000 	13.453624 	44.598206 	61.846584 	44.944408 	93.723000 	107.647575 	90.686272 	37.576588 	30.083218 	75.742989 	87.000000 	93.509361 	43.829212 	18.439089 	25.495098 	17.262676 	60.207973 	104.350372 	13.000000 	22.803509 	52.773098 	37.643059 	38.013157 	31.400637 	25.612497 	14.422205 	67.742157 	40.459858 	48.259712 	56.859474 	17.204651 	53.851646 	73.783470 	25.942244 	36.221542 	34.058773 	24.698177 	71.693794 	85.211502 	54.708317 	42.426407 	80.993828 	104.004807 	92.617493 	23.021729 	44.407207 	37.202152 	78.892334 	85.440041 	32.202484 	93.744331 	41.677334 	35.468296 	30.149628 	96.519424 	77.472572 	56.568542 	114.690887 	96.798759 	59.841457 	31.048349 	
51.244511 	69.260376 	71.784401 	40.521599 	35.440090 	43.324360 	24.351591 	28.301943 	50.774010 	57.982758 	26.248810 	6.708204 	9.899495 	22.472204 	999.000000 	67.067131 	21.400934 	27.658634 	35.805027 	66.708321 	39.623226 	22.472204 	72.670486 	87.321243 	69.404610 	59.941639 	9.055386 	53.758720 	65.436989 	72.201111 	21.540659 	40.459858 	47.801674 	15.132746 	37.735924 	83.234612 	31.400637 	44.598206 	30.463093 	17.029387 	60.464867 	13.892444 	47.423622 	26.400757 	45.276924 	62.801273 	70.724815 	34.785053 	27.513634 	32.015621 	51.312767 	46.754681 	18.788294 	55.901699 	44.821869 	49.244289 	62.801273 	33.376640 	64.536812 	58.523499 	82.036575 	70.292244 	39.357338 	25.709921 	58.694122 	56.435802 	62.968246 	27.856777 	71.281136 	62.481998 	28.653097 	44.944408 	74.060783 	55.362442 	37.215588 	92.633690 	74.330345 	40.049969 	43.416588 	
21.633308 	122.380554 	125.207825 	26.832815 	31.780497 	23.769728 	42.720020 	91.065910 	111.606453 	118.406082 	90.824005 	60.406952 	76.157730 	45.354160 	67.067131 	999.000000 	87.726852 	93.471924 	34.058773 	4.472136 	104.709122 	89.157166 	133.060135 	145.041367 	130.602448 	11.180340 	75.286118 	117.660530 	127.640121 	133.405396 	88.600227 	32.140316 	25.709921 	61.522354 	104.278473 	143.533966 	44.045429 	30.805843 	97.498718 	82.969872 	17.029387 	76.687675 	29.410883 	52.009613 	111.892807 	19.849434 	16.492422 	101.843018 	54.083271 	98.979797 	117.630775 	34.176014 	81.394104 	26.627054 	37.000000 	115.952576 	128.413391 	100.000000 	23.600847 	124.775803 	145.340973 	135.325531 	46.572525 	89.627007 	29.068884 	123.065025 	129.247818 	73.061615 	137.306229 	33.970577 	77.025970 	50.695168 	140.003571 	122.429573 	101.788994 	156.156967 	140.431473 	105.118980 	55.362442 	
70.342018 	53.150730 	55.326305 	60.926186 	55.946404 	63.976559 	45.177429 	11.180340 	31.622776 	38.626415 	7.000000 	28.017851 	11.661903 	43.829212 	21.400934 	87.726852 	999.000000 	6.403124 	57.201397 	87.658424 	18.439089 	2.236068 	52.773098 	68.154236 	49.244289 	81.123360 	16.124516 	32.802441 	44.944408 	51.971146 	5.830952 	61.846584 	69.202599 	33.837849 	16.552946 	63.134777 	52.345009 	65.946945 	11.045361 	14.000000 	81.841309 	20.615528 	68.767723 	46.400433 	24.166092 	84.202141 	92.086914 	16.124516 	46.872166 	14.866069 	30.016663 	67.882248 	21.000000 	77.233414 	65.795135 	28.231188 	41.400482 	17.888544 	85.912750 	37.215588 	60.959003 	48.918301 	59.405388 	20.615528 	79.931221 	35.341194 	41.677334 	39.623226 	49.929951 	83.486526 	38.118237 	64.140472 	52.697250 	35.510563 	26.248810 	71.449280 	53.000000 	27.459061 	61.717098 	
75.584389 	48.000000 	50.039986 	66.640831 	61.717098 	69.771057 	51.107731 	8.485281 	25.709921 	32.572994 	4.472136 	34.205261 	17.804493 	50.000000 	27.658634 	93.471924 	6.403124 	999.000000 	63.411354 	93.536087 	12.041595 	6.324555 	46.518814 	62.032249 	42.941822 	87.132080 	22.472204 	26.400757 	38.587563 	45.650848 	10.049875 	68.117546 	75.432091 	40.224369 	11.180340 	56.824291 	58.728188 	72.249565 	9.219544 	19.416489 	88.005684 	26.570660 	75.073296 	52.801514 	18.681541 	90.426765 	98.229324 	13.892444 	53.254108 	14.142136 	24.166092 	74.249580 	26.305893 	83.546394 	72.180328 	22.803509 	35.227829 	17.691807 	92.195442 	31.304953 	54.561890 	42.638012 	65.802734 	24.331051 	86.278618 	29.732138 	35.777088 	45.354160 	43.908997 	89.872131 	43.566040 	70.491135 	46.647614 	31.016125 	27.202942 	65.069191 	47.010635 	27.586229 	68.000000 	
27.202942 	100.344406 	103.077644 	14.142136 	12.083046 	13.892444 	14.317822 	62.936478 	85.041168 	92.195442 	61.619801 	29.206163 	45.607018 	13.453624 	35.805027 	34.058773 	57.201397 	63.411354 	999.000000 	32.557640 	75.286118 	58.249462 	107.056061 	120.801491 	104.062485 	25.000000 	42.941822 	89.196411 	100.419121 	106.887794 	56.938564 	5.385165 	12.041595 	27.658634 	73.498299 	117.686020 	10.770329 	9.848858 	65.863495 	50.159744 	24.698177 	43.324360 	12.529964 	18.248287 	80.993828 	27.018513 	34.985710 	69.771057 	20.615528 	66.640831 	87.091904 	14.142136 	47.801674 	20.808653 	14.035668 	84.905830 	98.600204 	67.230942 	29.000000 	94.302704 	117.456375 	106.042442 	17.804493 	56.044624 	24.186773 	92.114059 	98.737022 	39.319206 	107.074738 	29.154760 	43.185646 	24.698177 	109.859001 	90.338257 	68.154236 	128.144455 	110.113579 	71.568146 	27.658634 	
24.166092 	123.987900 	126.810883 	27.202942 	31.906113 	23.853722 	42.485291 	91.525955 	112.445541 	119.331474 	91.065910 	60.008331 	76.026314 	44.598206 	66.708321 	4.472136 	87.658424 	93.536087 	32.557640 	999.000000 	104.957130 	89.000000 	134.063416 	146.372818 	131.502853 	8.062258 	74.672615 	118.152443 	128.405609 	134.316788 	88.238312 	30.016663 	23.086792 	60.207973 	104.201729 	144.589066 	42.047592 	28.160255 	97.169952 	82.219215 	13.038404 	75.690155 	26.476404 	50.089920 	111.803398 	15.556349 	12.165525 	101.390335 	52.009613 	98.432716 	117.647781 	31.048349 	80.280754 	22.825424 	33.955853 	115.831772 	128.631256 	99.297531 	19.209373 	124.823875 	146.013702 	135.679764 	43.737854 	88.526833 	25.000000 	122.983742 	129.294235 	71.007042 	137.437256 	29.698484 	75.026665 	47.434166 	140.160629 	122.004097 	100.662804 	156.821548 	140.545364 	104.048065 	52.201534 	
86.162636 	39.812057 	41.436699 	77.897369 	73.061615 	81.123360 	62.681736 	14.317822 	16.124516 	22.090721 	13.892444 	46.097721 	29.732138 	61.846584 	39.623226 	104.709122 	18.439089 	12.041595 	75.286118 	104.957130 	999.000000 	18.027756 	35.114101 	50.960770 	31.384710 	98.737022 	34.409302 	14.422205 	26.832815 	34.014702 	21.023796 	80.056229 	87.321243 	52.201534 	7.615773 	45.188496 	70.767227 	84.219948 	15.033297 	30.463093 	99.809822 	38.013157 	87.045967 	64.815125 	10.770329 	102.303467 	110.000000 	16.492422 	65.215027 	19.104973 	14.035668 	86.278618 	37.000000 	95.524864 	84.219948 	14.317822 	23.706539 	22.360680 	104.139328 	20.615528 	42.520584 	30.805843 	77.801025 	33.241539 	98.290382 	20.024984 	25.000000 	56.302753 	32.695564 	101.911728 	54.120235 	82.377182 	35.341194 	24.351591 	32.015621 	53.037724 	35.846897 	31.016125 	79.755875 	
72.034714 	54.037025 	56.142673 	62.393909 	57.384666 	65.391129 	46.518814 	12.649111 	32.015621 	38.897301 	8.246211 	29.154760 	13.000000 	44.944408 	22.472204 	89.157166 	2.236068 	6.324555 	58.249462 	89.000000 	18.027756 	999.000000 	52.801514 	68.352028 	49.193497 	82.365044 	16.401220 	32.449963 	44.777225 	51.884487 	4.123106 	62.801273 	70.213959 	34.205261 	15.264338 	63.063461 	53.037724 	66.843102 	9.000000 	13.152946 	82.927681 	20.248457 	69.656296 	46.861500 	22.825424 	85.211502 	93.193344 	14.035668 	47.201694 	12.649111 	28.844410 	68.622154 	20.099751 	78.102493 	66.468040 	26.832815 	40.459858 	15.652476 	86.833176 	36.055511 	60.440052 	48.104053 	59.816387 	18.973665 	80.721741 	34.000000 	40.496914 	39.051247 	48.826221 	84.148682 	37.336308 	64.350601 	51.613953 	33.734257 	24.083189 	70.837845 	51.865211 	25.238859 	61.773781 	
112.645462 	20.880613 	19.697716 	106.962608 	102.591423 	110.453613 	93.380943 	44.407207 	22.022715 	14.866069 	46.647614 	78.600258 	62.968246 	93.723000 	72.670486 	133.060135 	52.773098 	46.518814 	107.056061 	134.063416 	35.114101 	52.801514 	999.000000 	16.124516 	4.000000 	128.763351 	68.883957 	21.377558 	9.000000 	2.828427 	56.080299 	112.160599 	119.004204 	86.452301 	41.000000 	10.630146 	104.043259 	116.516090 	49.729267 	65.551506 	130.831955 	73.006851 	119.331474 	98.792709 	37.054016 	133.734818 	140.716019 	49.648766 	99.478638 	52.952808 	32.062439 	119.201508 	72.111023 	127.781059 	117.413795 	36.055511 	23.769728 	55.578773 	136.029404 	29.120440 	16.031219 	19.849434 	111.830231 	67.911705 	130.873978 	32.984844 	28.635643 	91.416626 	26.907248 	135.000000 	89.185204 	116.846054 	26.907248 	42.449970 	64.124878 	25.495098 	28.319605 	62.008064 	114.490173 	
124.084648 	24.166092 	21.540659 	119.553337 	115.433968 	123.109711 	106.826965 	59.059292 	36.674240 	29.546574 	61.741398 	92.962357 	77.826729 	107.647575 	87.321243 	145.041367 	68.154236 	62.032249 	120.801491 	146.372818 	50.960770 	68.352028 	16.124516 	999.000000 	20.099751 	141.534454 	84.172440 	37.483330 	25.079872 	18.000000 	71.784401 	126.015869 	132.612213 	101.518471 	57.070133 	9.433981 	118.511604 	130.430054 	65.734314 	81.271149 	144.045135 	88.600227 	133.221619 	113.648582 	53.150730 	147.122391 	153.717270 	65.764732 	114.490173 	69.050705 	48.000000 	133.405396 	87.931793 	141.605087 	131.764938 	52.000000 	38.639359 	71.700768 	149.626205 	44.407207 	22.022715 	32.893768 	126.657021 	83.952370 	144.844742 	48.373547 	43.174065 	107.205414 	39.395432 	149.214615 	105.080925 	131.928009 	38.470768 	57.706154 	80.224686 	25.495098 	39.824615 	78.057671 	129.769028 	
110.385689 	22.360680 	21.633308 	104.350372 	99.904953 	107.814659 	90.509666 	41.231056 	19.104973 	12.206555 	43.266617 	75.432091 	59.640591 	90.686272 	69.404610 	130.602448 	49.244289 	42.941822 	104.062485 	131.502853 	31.384710 	49.193497 	4.000000 	20.099751 	999.000000 	126.063477 	65.368187 	17.464249 	5.000000 	2.828427 	52.392746 	109.123779 	116.043098 	83.006027 	37.107952 	13.892444 	100.801788 	113.454834 	45.880280 	61.846584 	127.988281 	69.354164 	116.275536 	95.414886 	33.060551 	130.831955 	137.931137 	45.705578 	96.041656 	49.030602 	28.071337 	116.038788 	68.352028 	124.739731 	114.201576 	32.062439 	20.124611 	51.623638 	133.056381 	25.298222 	16.278820 	17.029387 	108.452751 	64.031242 	127.781059 	29.120440 	25.059929 	87.664131 	24.083189 	131.821854 	85.381500 	113.371071 	24.413111 	38.600517 	60.133186 	26.570660 	25.806976 	58.008621 	110.941429 	
23.086792 	119.632774 	122.441826 	22.022715 	26.172504 	18.439089 	36.055511 	85.603737 	106.962608 	113.951744 	84.876381 	53.235325 	69.462219 	37.576588 	59.941639 	11.180340 	81.123360 	87.132080 	25.000000 	8.062258 	98.737022 	82.365044 	128.763351 	141.534454 	126.063477 	999.000000 	67.623962 	112.200714 	122.788437 	128.887543 	81.394104 	22.090721 	15.033297 	52.630791 	97.616600 	139.344894 	34.132095 	20.099751 	90.338257 	75.026665 	6.708204 	68.308128 	18.439089 	42.190044 	105.190300 	10.440307 	12.529964 	94.429871 	44.045429 	91.389275 	111.139549 	23.086792 	72.801102 	15.620500 	25.961510 	109.178749 	122.331520 	92.114059 	14.560220 	118.338501 	140.246216 	129.529922 	35.693138 	81.043198 	18.439089 	116.361504 	122.800652 	63.031738 	131.026718 	23.853722 	67.067131 	39.560081 	133.775925 	115.039124 	93.145050 	151.029800 	134.111893 	96.566040 	44.271889 	
60.133186 	68.066147 	70.405968 	49.030602 	43.931767 	51.662365 	32.756680 	25.709921 	47.539455 	54.625999 	22.472204 	15.132746 	8.246211 	30.083218 	9.055386 	75.286118 	16.124516 	22.472204 	42.941822 	74.672615 	34.409302 	16.401220 	68.883957 	84.172440 	65.368187 	67.623962 	999.000000 	48.826221 	61.057350 	68.095520 	14.212670 	47.169907 	54.708317 	17.804493 	31.144823 	79.259071 	36.878178 	51.039200 	23.021729 	8.000000 	67.601776 	6.708204 	53.823788 	30.479502 	38.418747 	69.641945 	77.897369 	26.832815 	30.805843 	23.769728 	44.687805 	52.497620 	10.630146 	62.201286 	50.249378 	42.201897 	56.586216 	24.738634 	71.028160 	51.855568 	76.837494 	64.350601 	43.416588 	16.763054 	64.660652 	49.406479 	56.222771 	25.019993 	64.660652 	67.896980 	24.515301 	48.020828 	67.475922 	47.423622 	28.160255 	87.206650 	67.623962 	31.016125 	45.617977 	
98.386993 	31.384710 	32.202484 	90.972527 	86.267029 	94.302704 	76.216797 	26.627054 	10.770329 	11.661903 	27.586229 	60.108234 	43.863426 	75.742989 	53.758720 	117.660530 	32.802441 	26.400757 	89.196411 	118.152443 	14.422205 	32.449963 	21.377558 	37.483330 	17.464249 	112.200714 	48.826221 	999.000000 	12.649111 	19.924858 	35.355339 	94.069122 	101.237343 	66.610809 	19.646883 	31.016125 	85.041168 	98.290382 	28.460499 	44.721359 	113.569359 	52.354561 	101.118744 	79.202271 	16.124516 	116.180893 	123.693169 	28.284271 	79.630394 	31.575306 	12.529964 	100.498756 	51.078373 	109.603828 	98.493652 	16.155495 	13.038404 	34.234486 	118.139748 	13.892444 	28.284271 	18.027756 	92.200867 	46.572525 	112.449989 	16.278820 	16.763054 	70.384659 	22.022715 	116.180893 	68.007355 	96.798759 	24.186773 	25.000000 	43.000000 	38.948685 	25.079872 	41.109608 	94.154129 	
107.703293 	25.000000 	24.758837 	101.212646 	96.674713 	104.637466 	87.045967 	37.483330 	16.124516 	10.198039 	39.204590 	71.589104 	55.605755 	87.000000 	65.436989 	127.640121 	44.944408 	38.587563 	100.419121 	128.405609 	26.832815 	44.777225 	9.000000 	25.079872 	5.000000 	122.788437 	61.057350 	12.649111 	999.000000 	7.280110 	47.853943 	105.418213 	112.432205 	78.771820 	32.280025 	18.384777 	96.829750 	109.713264 	41.109608 	57.271286 	124.523087 	64.845970 	112.538879 	91.263351 	28.071337 	127.287079 	134.536240 	40.792156 	91.809586 	44.147480 	23.086792 	112.160599 	63.694584 	121.016525 	110.258789 	27.073973 	15.811388 	46.690472 	129.417923 	20.615528 	17.888544 	14.317822 	104.292854 	59.203041 	123.987900 	24.351591 	20.808653 	83.006027 	21.095022 	127.914032 	80.653580 	109.077957 	21.931713 	33.837849 	55.145264 	28.653097 	23.259407 	53.009434 	106.550461 	
113.159180 	23.409399 	22.360680 	107.168091 	102.727798 	110.634537 	93.338097 	44.045429 	21.931713 	15.000000 	46.043457 	78.243210 	62.425957 	93.509361 	72.201111 	133.405396 	51.971146 	45.650848 	106.887794 	134.316788 	34.014702 	51.884487 	2.828427 	18.000000 	2.828427 	128.887543 	68.095520 	19.924858 	7.280110 	999.000000 	55.036350 	111.946419 	118.869675 	85.755463 	39.560081 	11.180340 	103.600197 	116.275536 	48.383881 	64.474800 	130.816666 	72.013885 	119.096596 	98.183502 	35.227829 	133.660019 	140.758652 	48.052055 	98.792709 	51.419842 	30.000000 	118.848640 	70.936592 	127.561752 	117.004272 	34.000000 	21.189621 	53.935146 	135.882309 	26.683329 	14.035668 	17.029387 	111.220505 	66.483078 	130.598618 	30.594116 	26.000000 	90.249657 	24.083189 	134.629120 	87.920418 	116.107712 	24.083189 	40.024994 	62.289646 	24.041630 	25.495098 	60.074955 	113.648582 	
72.180328 	58.008621 	60.074955 	61.983868 	56.920998 	64.845970 	45.880280 	16.763054 	35.693138 	42.449970 	12.369317 	28.231188 	13.038404 	43.829212 	21.540659 	88.600227 	5.830952 	10.049875 	56.938564 	88.238312 	21.023796 	4.123106 	56.080299 	71.784401 	52.392746 	81.394104 	14.212670 	35.355339 	47.853943 	55.036350 	999.000000 	61.294373 	68.796799 	31.827662 	16.970562 	66.211784 	51.088158 	65.215027 	8.944272 	9.486833 	81.633324 	17.000000 	68.007355 	44.553337 	24.207438 	83.761566 	91.923882 	13.341664 	44.687805 	11.000000 	30.479502 	66.708321 	16.278820 	76.400261 	64.443771 	28.017851 	42.426407 	13.341664 	85.211502 	37.643059 	63.007935 	50.249378 	57.384666 	14.866069 	78.873314 	35.227829 	42.011902 	35.440090 	50.447994 	82.073135 	33.541019 	61.611687 	53.263496 	33.837849 	20.808653 	73.246162 	53.413483 	22.360680 	58.830265 	
29.000000 	105.678757 	108.406639 	17.000000 	16.278820 	15.620500 	19.697716 	67.941154 	90.138779 	97.308784 	66.483078 	33.970577 	50.328918 	18.439089 	40.459858 	32.140316 	61.846584 	68.117546 	5.385165 	30.016663 	80.056229 	62.801273 	112.160599 	126.015869 	109.123779 	22.090721 	47.169907 	94.069122 	105.418213 	111.946419 	61.294373 	999.000000 	7.615773 	31.016125 	78.006409 	122.788437 	12.041595 	4.472136 	70.178345 	54.120235 	20.615528 	47.010635 	7.211102 	20.099751 	85.445892 	22.472204 	30.870699 	73.925636 	22.000000 	70.710678 	91.607857 	9.000000 	51.264023 	15.620500 	9.486833 	89.308456 	103.232750 	71.112587 	24.083189 	98.812958 	122.347862 	110.751976 	15.811388 	59.464275 	18.867962 	96.519424 	103.227905 	41.000000 	111.606453 	23.769728 	45.011108 	21.931713 	114.402794 	94.413979 	71.470276 	133.003754 	114.621117 	74.946648 	25.612497 	
27.294687 	111.830231 	114.586212 	18.027756 	19.416489 	15.297058 	25.806976 	74.953316 	97.000000 	104.139328 	73.661385 	41.231056 	57.628117 	25.495098 	47.801674 	25.709921 	69.202599 	75.432091 	12.041595 	23.086792 	87.321243 	70.213959 	119.004204 	132.612213 	116.043098 	15.033297 	54.708317 	101.237343 	112.432205 	118.869675 	68.796799 	7.615773 	999.000000 	38.626415 	85.445892 	129.634094 	19.416489 	5.099020 	77.698135 	61.717098 	13.000000 	54.625999 	4.242640 	27.459061 	92.913940 	15.000000 	23.259407 	81.492332 	29.154760 	78.294319 	99.045441 	9.219544 	58.872746 	9.486833 	11.661903 	96.798759 	110.602890 	78.721024 	17.029387 	106.254410 	129.495178 	118.067780 	20.880613 	67.067131 	13.341664 	104.009613 	110.679718 	48.093658 	119.037811 	19.104973 	52.153618 	25.553865 	121.827744 	102.000000 	79.056938 	140.185593 	122.065559 	82.540901 	29.966648 	
50.009998 	84.202141 	86.683334 	37.215588 	32.388271 	39.012817 	22.135944 	42.544094 	64.845970 	72.006943 	39.824615 	12.649111 	23.769728 	17.262676 	15.132746 	61.522354 	33.837849 	40.224369 	27.658634 	60.207973 	52.201534 	34.205261 	86.452301 	101.518471 	83.006027 	52.630791 	17.804493 	66.610809 	78.771820 	85.755463 	31.827662 	31.016125 	38.626415 	999.000000 	48.795490 	96.896851 	19.723083 	34.438351 	40.360870 	23.600847 	51.623638 	16.124516 	37.121422 	12.727922 	55.901699 	53.225933 	61.846584 	43.600460 	13.038404 	40.224369 	62.241467 	35.227829 	20.248457 	45.276924 	32.802441 	59.548298 	74.249580 	40.311287 	54.203320 	69.354164 	94.641426 	82.073135 	25.612497 	28.460499 	47.434166 	66.708321 	73.661385 	16.278820 	82.134033 	50.328918 	18.867962 	30.413813 	84.958817 	63.812225 	40.521599 	104.995239 	85.041168 	43.965897 	28.460499 	
86.683334 	47.296936 	48.836460 	77.472572 	72.498276 	80.529495 	61.717098 	17.464249 	23.537205 	29.017237 	15.000000 	44.418465 	28.178005 	60.207973 	37.735924 	104.278473 	16.552946 	11.180340 	73.498299 	104.201729 	7.615773 	15.264338 	41.000000 	57.070133 	37.107952 	97.616600 	31.144823 	19.646883 	32.280025 	39.560081 	16.970562 	78.006409 	85.445892 	48.795490 	999.000000 	50.596443 	68.014702 	82.006096 	8.944272 	25.806976 	98.183502 	33.600594 	84.811554 	61.522354 	7.615773 	100.439034 	108.452751 	9.055386 	61.619801 	12.041595 	13.601471 	83.630135 	31.764761 	93.236259 	81.394104 	11.704700 	25.455845 	15.033297 	102.004898 	20.808653 	46.324940 	33.301651 	74.330345 	26.925823 	95.775780 	18.788294 	25.238859 	50.990196 	33.600594 	99.035347 	48.466484 	78.409180 	36.400551 	20.024984 	24.515301 	56.400356 	36.619667 	23.409399 	75.451973 	
123.004066 	27.073973 	25.000000 	117.515953 	113.172432 	121.016525 	104.004807 	55.000000 	32.649654 	25.495098 	57.140179 	89.202019 	73.498299 	104.350372 	83.234612 	143.533966 	63.134777 	56.824291 	117.686020 	144.589066 	45.188496 	63.063461 	10.630146 	9.433981 	13.892444 	139.344894 	79.259071 	31.016125 	18.384777 	11.180340 	66.211784 	122.788437 	129.634094 	96.896851 	50.596443 	999.000000 	114.621117 	127.141655 	59.464275 	75.643906 	141.449631 	83.192551 	129.957687 	109.293182 	45.891174 	144.360657 	151.320847 	58.940647 	109.931801 	62.361847 	40.311287 	129.807556 	82.079231 	138.408813 	128.003906 	44.283180 	30.066593 	64.761101 	146.659470 	36.013885 	12.727922 	23.769728 	122.331520 	77.491936 	141.495590 	40.012497 	34.365681 	101.390335 	30.083218 	145.602203 	99.020203 	127.263504 	29.068884 	49.162994 	72.835434 	18.248287 	30.413813 	70.455658 	124.823875 	
37.735924 	99.403221 	102.044106 	24.413111 	21.213203 	24.596748 	17.464249 	59.640591 	82.097504 	89.308456 	57.628117 	25.553865 	41.231056 	13.000000 	31.400637 	44.045429 	52.345009 	58.728188 	10.770329 	42.047592 	70.767227 	53.037724 	104.043259 	118.511604 	100.801788 	34.132095 	36.878178 	85.041168 	96.829750 	103.600197 	51.088158 	12.041595 	19.416489 	19.723083 	68.014702 	114.621117 	999.000000 	14.866069 	59.816387 	43.266617 	32.280025 	35.846897 	17.464249 	8.062258 	75.286118 	33.615471 	42.379242 	63.245552 	10.049875 	59.908264 	81.565926 	15.620500 	39.812057 	25.553865 	13.453624 	79.025314 	93.434471 	60.033325 	34.481880 	88.729927 	113.278419 	101.138519 	10.049875 	47.927029 	27.802877 	86.214851 	93.085983 	29.017237 	101.533249 	31.144823 	33.000000 	17.262676 	104.350372 	83.528435 	59.808025 	123.794182 	104.484451 	63.324562 	18.788294 	
30.805843 	110.145355 	112.871605 	19.924858 	20.024984 	17.888544 	24.166092 	72.249565 	94.493385 	101.671036 	70.710678 	38.183765 	54.488529 	22.803509 	44.598206 	30.805843 	65.946945 	72.249565 	9.848858 	28.160255 	84.219948 	66.843102 	116.516090 	130.430054 	113.454834 	20.099751 	51.039200 	98.290382 	109.713264 	116.275536 	65.215027 	4.472136 	5.099020 	34.438351 	82.006096 	127.141655 	14.866069 	999.000000 	74.060783 	57.801384 	17.464249 	50.537113 	2.828427 	22.803509 	89.403580 	18.788294 	27.513634 	77.698135 	24.331051 	74.431175 	95.603348 	5.385165 	54.625999 	11.313708 	7.071068 	93.230896 	107.298645 	74.706093 	20.000000 	102.800781 	126.574089 	114.865135 	15.811388 	62.769421 	14.422205 	100.439034 	107.200745 	43.185646 	115.602768 	19.313208 	47.265209 	20.808653 	118.406082 	98.112183 	74.672615 	137.207870 	118.600166 	78.185677 	25.059929 	
80.808418 	54.451813 	56.222771 	70.837845 	65.787537 	73.736015 	54.781384 	17.691807 	31.016125 	37.121422 	13.601471 	37.161808 	21.587032 	52.773098 	30.463093 	97.498718 	11.045361 	9.219544 	65.863495 	97.169952 	15.033297 	9.000000 	49.729267 	65.734314 	45.880280 	90.338257 	23.021729 	28.460499 	41.109608 	48.383881 	8.944272 	70.178345 	77.698135 	40.360870 	8.944272 	59.464275 	59.816387 	74.060783 	999.000000 	17.029387 	90.553848 	24.839485 	76.843994 	53.075417 	15.556349 	92.649879 	100.846420 	5.099020 	53.037724 	5.000000 	21.931713 	75.432091 	22.825424 	85.211502 	73.109505 	19.209373 	34.058773 	8.602325 	94.047859 	29.000000 	55.226807 	42.011902 	65.764732 	18.248287 	87.618492 	26.400757 	33.301651 	42.047592 	41.773197 	90.686272 	39.560081 	69.656296 	44.598206 	25.000000 	18.357559 	65.215027 	44.687805 	18.439089 	66.610809 	
68.117546 	67.119293 	69.260376 	56.885849 	51.788029 	59.439045 	40.607880 	25.079872 	45.122055 	51.923019 	21.000000 	23.086792 	12.806249 	37.643059 	17.029387 	82.969872 	14.000000 	19.416489 	50.159744 	82.219215 	30.463093 	13.152946 	65.551506 	81.271149 	61.846584 	75.026665 	8.000000 	44.721359 	57.271286 	64.474800 	9.486833 	54.120235 	61.717098 	23.600847 	25.806976 	75.643906 	43.266617 	57.801384 	17.029387 	999.000000 	74.686012 	7.810250 	60.539242 	36.235340 	32.557640 	76.537575 	84.970581 	20.000000 	36.069378 	16.643316 	38.948685 	58.821766 	7.000000 	68.796799 	56.400356 	36.069378 	51.088158 	17.088007 	77.698135 	45.967381 	72.111023 	59.033890 	48.795490 	9.433981 	71.028160 	43.185646 	50.209560 	25.961510 	58.694122 	73.878281 	24.186773 	52.630791 	61.522354 	40.311287 	20.223749 	82.200974 	61.554855 	23.021729 	49.648766 	
29.017237 	122.641754 	125.431259 	25.495098 	28.844410 	21.931713 	37.483330 	87.114868 	108.894447 	115.974136 	86.052307 	53.823788 	70.213959 	38.013157 	60.464867 	17.029387 	81.841309 	88.005684 	24.698177 	13.038404 	99.809822 	82.927681 	130.831955 	144.045135 	127.988281 	6.708204 	67.601776 	113.569359 	124.523087 	130.816666 	81.633324 	20.615528 	13.000000 	51.623638 	98.183502 	141.449631 	32.280025 	17.464249 	90.553848 	74.686012 	999.000000 	67.623962 	15.132746 	40.261642 	105.688217 	4.000000 	10.295630 	94.413979 	41.773197 	91.241440 	111.772087 	19.026299 	71.867935 	9.848858 	22.022715 	109.603828 	123.223373 	91.706055 	8.062258 	118.983192 	141.767410 	130.602448 	32.015621 	80.056229 	12.041595 	116.811813 	123.422043 	60.530983 	131.745972 	17.204651 	64.629715 	34.928497 	134.525085 	114.947815 	92.027168 	152.502457 	134.792435 	95.519630 	39.812057 	
63.031738 	73.552704 	75.802376 	51.156624 	46.097721 	53.460266 	35.014282 	31.144823 	52.201534 	59.135437 	27.459061 	18.439089 	14.866069 	31.400637 	13.892444 	76.687675 	20.615528 	26.570660 	43.324360 	75.690155 	38.013157 	20.248457 	73.006851 	88.600227 	69.354164 	68.308128 	6.708204 	52.354561 	64.845970 	72.013885 	17.000000 	47.010635 	54.625999 	16.124516 	33.600594 	83.192551 	35.846897 	50.537113 	24.839485 	7.810250 	67.623962 	999.000000 	53.235325 	28.600698 	40.360870 	69.318108 	77.878113 	27.658634 	28.319605 	24.207438 	46.754681 	51.312767 	5.099020 	61.400326 	48.826221 	43.840622 	58.898216 	24.186773 	70.327805 	53.758720 	79.881165 	66.843102 	41.036568 	13.038404 	63.513779 	50.931328 	57.982758 	19.104973 	66.468040 	66.219330 	18.110771 	44.821869 	69.296463 	47.707443 	25.179358 	90.000000 	69.310890 	28.442924 	41.880783 	
31.384710 	112.871605 	115.602768 	21.377558 	22.022715 	18.973665 	26.832815 	75.073296 	97.308784 	104.484451 	73.539108 	41.012192 	57.314919 	25.612497 	47.423622 	29.410883 	68.767723 	75.073296 	12.529964 	26.476404 	87.045967 	69.656296 	119.331474 	133.221619 	116.275536 	18.439089 	53.823788 	101.118744 	112.538879 	119.096596 	68.007355 	7.211102 	4.242640 	37.121422 	84.811554 	129.957687 	17.464249 	2.828427 	76.843994 	60.539242 	15.132746 	53.235325 	999.000000 	25.298222 	92.200867 	16.155495 	25.000000 	80.454956 	26.683329 	77.175125 	98.407318 	5.000000 	57.271286 	8.485281 	7.615773 	96.020828 	110.113579 	77.414467 	17.204651 	105.603027 	129.402466 	117.686020 	17.262676 	65.391129 	11.661903 	103.227905 	110.000000 	45.398239 	118.406082 	16.763054 	49.497475 	21.470911 	121.210564 	100.846420 	77.252831 	140.035706 	121.400162 	80.777473 	26.000000 	
44.283180 	95.519630 	98.081596 	30.870699 	26.925823 	31.622776 	20.000000 	54.589375 	77.025970 	84.219948 	52.153618 	21.587032 	35.846897 	14.422205 	26.400757 	52.009613 	46.400433 	52.801514 	18.248287 	50.089920 	64.815125 	46.861500 	98.792709 	113.648582 	95.414886 	42.190044 	30.479502 	79.202271 	91.263351 	98.183502 	44.553337 	20.099751 	27.459061 	12.727922 	61.522354 	109.293182 	8.062258 	22.803509 	53.075417 	36.235340 	40.261642 	28.600698 	25.298222 	999.000000 	68.622154 	41.436699 	50.289165 	56.222771 	2.828427 	52.801514 	74.966660 	22.825424 	32.249031 	33.105892 	20.248457 	72.249565 	86.977005 	52.697250 	42.047592 	82.073135 	107.298645 	94.794518 	13.038404 	40.249222 	34.985710 	79.397736 	86.371292 	21.095022 	94.847244 	37.643059 	25.019993 	18.681541 	97.672920 	76.275818 	52.000000 	117.686020 	97.744568 	55.542778 	18.000000 	
94.254974 	46.615448 	47.759815 	85.088188 	80.112419 	88.141930 	69.318108 	24.020824 	23.323807 	27.202942 	22.203604 	51.971146 	35.777088 	67.742157 	45.276924 	111.892807 	24.166092 	18.681541 	80.993828 	111.803398 	10.770329 	22.825424 	37.054016 	53.150730 	33.060551 	105.190300 	38.418747 	16.124516 	28.071337 	35.227829 	24.207438 	85.445892 	92.913940 	55.901699 	7.615773 	45.891174 	75.286118 	89.403580 	15.556349 	32.557640 	105.688217 	40.360870 	92.200867 	68.622154 	999.000000 	107.898102 	115.965515 	13.416408 	68.593002 	17.000000 	6.403124 	90.906548 	38.013157 	100.603180 	88.617157 	4.123106 	18.601076 	18.973665 	109.402924 	13.453624 	40.249222 	26.627054 	81.320351 	32.202484 	103.077644 	11.180340 	17.804493 	56.938564 	26.248810 	106.216759 	54.120235 	85.146935 	29.068884 	13.601471 	27.073973 	49.929951 	29.206163 	25.019993 	82.006096 	
