Total assets = 704
Number of asset nodes = 40

Distance:
999.000000 	40.311287 	32.649654 	23.021729 	106.174385 	9.486833 	11.180340 	16.000000 	11.401754 	51.400391 	35.777088 	92.309265 	17.464249 	79.906197 	38.587563 	26.000000 	33.734257 	61.294373 	48.826221 	27.586229 	57.939625 	35.171009 	38.600517 	37.161808 	38.078865 	39.217342 	41.976185 	40.496914 	41.109608 	43.931767 	53.084839 	43.965897 	39.824615 	44.922153 	53.037724 	40.607880 	44.102154 	44.654228 	45.967381 	46.754681 	46.690472 	46.754681 	47.169907 	56.089214 	49.678970 	50.931328 	50.931328 	51.623638 	53.150730 	57.982758 	59.941639 	65.215027 	
40.311287 	999.000000 	8.062258 	18.027756 	68.352028 	45.221676 	38.078865 	30.870699 	43.046486 	12.369317 	12.369317 	57.428215 	37.336308 	39.623226 	78.243210 	28.160255 	21.377558 	22.803509 	88.729927 	49.030602 	25.961510 	37.336308 	39.812057 	43.289722 	43.416588 	41.773197 	38.897301 	42.953465 	42.201897 	39.560081 	34.655445 	43.011627 	53.037724 	43.324360 	38.418747 	60.133186 	52.611786 	53.600372 	61.073727 	59.304298 	60.207973 	63.031738 	68.117546 	46.872166 	60.671246 	63.505905 	65.276337 	65.375839 	68.264191 	62.297672 	60.926186 	70.228203 	
32.649654 	8.062258 	999.000000 	10.000000 	76.321686 	37.202152 	30.016663 	22.847319 	34.985710 	18.867962 	8.602325 	64.938431 	29.410883 	47.507893 	70.292244 	21.023796 	16.124516 	29.068884 	80.808418 	41.436699 	29.000000 	31.320919 	34.176014 	37.107952 	37.363083 	36.055511 	34.000000 	37.336308 	36.769554 	34.985710 	33.286633 	38.013157 	46.389652 	38.470768 	36.235340 	53.000000 	46.572525 	47.539455 	54.451813 	52.952808 	53.758720 	56.320511 	61.000000 	43.863426 	54.571056 	57.271286 	58.855755 	59.033890 	61.814240 	57.271286 	56.435802 	65.306969 	
23.021729 	18.027756 	10.000000 	999.000000 	86.005814 	27.202942 	20.124611 	13.341664 	25.059929 	28.425341 	13.341664 	73.979729 	20.223749 	57.489128 	60.307545 	14.764823 	15.231546 	38.275318 	70.837845 	33.000000 	35.902645 	26.627054 	30.000000 	31.764761 	32.249031 	31.622776 	31.112698 	33.015148 	32.802441 	32.557640 	35.440090 	34.713108 	39.849716 	35.383614 	37.161808 	45.398239 	41.146080 	42.047592 	47.801674 	46.818798 	47.434166 	49.477268 	53.338543 	43.266617 	48.846699 	51.264023 	52.497620 	52.810986 	55.362442 	53.254108 	53.263496 	61.294373 	
106.174385 	68.352028 	76.321686 	86.005814 	999.000000 	112.698715 	106.103722 	99.161484 	110.981979 	62.169125 	78.847954 	18.384777 	105.688217 	35.128338 	144.754959 	95.880135 	87.321243 	58.034473 	154.870911 	117.046997 	71.007042 	102.771591 	104.235313 	108.673820 	108.503456 	106.212051 	101.710373 	107.056061 	105.929222 	101.493843 	89.000000 	105.574615 	119.050407 	105.475113 	94.000000 	127.121986 	117.098251 	118.088951 	126.751724 	124.310097 	125.447197 	128.891434 	134.937027 	103.019417 	124.903961 	128.003906 	130.249756 	130.115326 	133.221619 	123.065025 	120.000000 	130.000000 	
9.486833 	45.221676 	37.202152 	27.202942 	112.698715 	999.000000 	8.062258 	15.811388 	4.000000 	55.172459 	38.288380 	99.624290 	13.152946 	84.646324 	33.241539 	24.698177 	34.000000 	64.443771 	43.840622 	19.416489 	59.169250 	31.000000 	34.058773 	31.575306 	32.557640 	34.234486 	38.000000 	35.355339 	36.221542 	40.000000 	51.419842 	39.204590 	32.249031 	40.199501 	50.487621 	31.827662 	37.161808 	37.576588 	37.643059 	38.832977 	38.600517 	38.209946 	38.013157 	52.038448 	41.880783 	42.801868 	42.520584 	43.278172 	44.553337 	50.990196 	53.488316 	57.801384 	
11.180340 	38.078865 	30.016663 	20.124611 	106.103722 	8.062258 	999.000000 	7.810250 	5.000000 	47.507893 	30.413813 	93.680305 	6.324555 	77.201035 	41.036568 	16.763054 	25.942244 	56.586216 	51.662365 	17.492855 	51.107731 	24.331051 	27.658634 	26.000000 	26.925823 	28.160255 	31.257000 	29.410883 	30.083218 	33.241539 	43.737854 	32.984844 	29.000000 	33.955853 	43.104523 	30.886890 	33.015148 	33.600594 	35.608986 	36.069378 	36.124783 	36.619667 	38.078865 	45.398239 	38.897301 	40.360870 	40.607880 	41.231056 	43.011627 	46.872166 	48.764740 	54.203320 	
16.000000 	30.870699 	22.847319 	13.341664 	99.161484 	15.811388 	7.810250 	999.000000 	12.727922 	39.824615 	22.627417 	87.321243 	7.000000 	69.634758 	48.836460 	10.000000 	18.384777 	48.795490 	59.464275 	20.223749 	43.416588 	20.124611 	23.706539 	23.430750 	24.207438 	24.698177 	26.570660 	26.076809 	26.419689 	28.460499 	37.121422 	29.068884 	29.154760 	29.966648 	37.054016 	33.241539 	31.890438 	32.649654 	36.674240 	36.359318 	36.715118 	38.078865 	41.000000 	40.521599 	38.832977 	40.816662 	41.593269 	42.059483 	44.283180 	45.276924 	46.400433 	53.037724 	
11.401754 	43.046486 	34.985710 	25.059929 	110.981979 	4.000000 	5.000000 	12.727922 	999.000000 	52.497620 	35.355339 	98.371742 	9.219544 	82.200974 	36.124783 	21.023796 	30.528675 	61.522354 	46.754681 	16.278820 	55.758408 	27.000000 	30.066593 	27.658634 	28.635643 	30.265491 	34.000000 	31.400637 	32.249031 	36.000000 	47.539455 	35.227829 	28.844410 	36.221542 	46.529560 	29.206163 	33.541019 	34.000000 	34.655445 	35.608986 	35.468296 	35.383614 	35.846897 	48.041649 	38.600517 	39.698868 	39.597980 	40.311287 	41.773197 	47.413078 	49.769470 	54.378304 	
51.400391 	12.369317 	18.867962 	28.425341 	62.169125 	55.172459 	47.507893 	39.824615 	52.497620 	999.000000 	17.492855 	54.230988 	45.486263 	30.016663 	88.413803 	34.438351 	25.298222 	10.440307 	99.005051 	55.542778 	16.401220 	40.607880 	42.190044 	46.529560 	46.389652 	44.181442 	40.000000 	45.099888 	44.045429 	40.049969 	30.463093 	44.011364 	56.885849 	44.045429 	35.114101 	65.000000 	55.145264 	56.142673 	64.629715 	62.289646 	63.387695 	66.753281 	72.780495 	44.271889 	63.071388 	66.121101 	68.264191 	68.183578 	71.253067 	62.514000 	60.207973 	70.035706 	
35.777088 	12.369317 	8.602325 	13.341664 	78.847954 	38.288380 	30.413813 	22.627417 	35.355339 	17.492855 	999.000000 	69.115845 	28.017851 	47.507893 	71.449280 	17.088007 	9.055386 	26.172504 	82.073135 	38.275318 	22.561028 	25.079872 	27.459061 	31.064449 	31.144823 	29.427877 	26.570660 	30.594116 	29.832869 	27.313000 	24.698177 	30.675724 	41.012192 	31.016125 	27.658634 	48.507732 	40.311287 	41.303753 	49.000000 	47.095646 	48.041649 	51.009804 	56.435802 	35.468296 	48.373547 	51.244511 	53.084839 	53.150730 	56.080299 	49.979996 	48.754486 	57.939625 	
92.309265 	57.428215 	64.938431 	73.979729 	18.384777 	99.624290 	93.680305 	87.321243 	98.371742 	54.230988 	69.115845 	999.000000 	94.148819 	34.409302 	130.613937 	85.586212 	78.057671 	53.160137 	140.431473 	106.367287 	66.483078 	94.021271 	96.005211 	100.019997 	100.004997 	98.005104 	94.132881 	99.020203 	98.045906 	94.260277 	83.743660 	98.183502 	110.113579 	98.249680 	88.645363 	117.515953 	109.004585 	110.004547 	118.067780 	116.004311 	117.017090 	120.104118 	125.483070 	97.862144 	117.017090 	120.004166 	122.004097 	122.000000 	125.003998 	116.726173 	114.271606 	124.169243 	
17.464249 	37.336308 	29.410883 	20.223749 	105.688217 	13.152946 	6.324555 	7.000000 	9.219544 	45.486263 	28.017851 	94.148819 	999.000000 	75.471848 	44.407207 	12.206555 	22.022715 	53.907330 	55.000000 	13.341664 	47.201694 	18.110771 	21.377558 	19.697716 	20.615528 	21.840330 	25.079872 	23.086792 	23.769728 	27.073973 	38.327538 	26.683329 	23.430750 	27.658634 	37.336308 	26.570660 	27.018513 	27.658634 	30.528675 	30.610456 	30.805843 	31.764761 	34.205261 	39.204590 	33.301651 	35.000000 	35.510563 	36.055511 	38.078865 	40.804413 	42.544094 	48.270073 	
79.906197 	39.623226 	47.507893 	57.489128 	35.128338 	84.646324 	77.201035 	69.634758 	82.200974 	30.016663 	47.507893 	34.409302 	75.471848 	999.000000 	117.796432 	64.412735 	55.036350 	23.537205 	128.316010 	85.428329 	36.055511 	69.570107 	70.604530 	75.286118 	75.000000 	72.532753 	67.683083 	73.246162 	72.034714 	67.268120 	54.083271 	71.386276 	85.726311 	71.196907 	59.076221 	94.244362 	83.198555 	84.172440 	93.145050 	90.470993 	91.678787 	95.336250 	101.833199 	68.007355 	90.801979 	93.941475 	96.317184 	96.104111 	99.247169 	88.277969 	85.052925 	95.047356 	
38.587563 	78.243210 	70.292244 	60.307545 	144.754959 	33.241539 	41.036568 	48.836460 	36.124783 	88.413803 	71.449280 	130.613937 	44.407207 	117.796432 	999.000000 	56.612720 	66.400299 	97.621719 	10.630146 	41.109608 	91.607857 	59.093147 	61.098282 	56.920998 	57.870544 	60.406952 	65.551506 	61.032780 	62.297672 	67.416618 	81.394104 	65.145988 	51.623638 	66.098412 	79.309517 	45.011108 	57.706154 	57.558666 	52.000000 	55.036350 	54.009258 	51.039200 	45.541191 	78.160095 	58.008621 	57.035076 	55.145264 	56.142673 	55.443665 	69.028976 	73.171036 	73.171036 	
26.000000 	28.160255 	21.023796 	14.764823 	95.880135 	24.698177 	16.763054 	10.000000 	21.023796 	34.438351 	17.088007 	85.586212 	12.206555 	64.412735 	56.612720 	999.000000 	9.899495 	42.201897 	67.201187 	21.189621 	35.000000 	12.041595 	15.556349 	17.000000 	17.492855 	17.029387 	17.492855 	18.439089 	18.384777 	19.235384 	27.166155 	20.615528 	25.495098 	21.400934 	27.073973 	32.015621 	26.400757 	27.313000 	33.541019 	32.280025 	32.984844 	35.355339 	40.012497 	31.016125 	34.176014 	36.687874 	38.078865 	38.327538 	41.000000 	38.600517 	38.897301 	46.615448 	
33.734257 	21.377558 	16.124516 	15.231546 	87.321243 	34.000000 	25.942244 	18.384777 	30.528675 	25.298222 	9.055386 	78.057671 	22.022715 	55.036350 	66.400299 	9.899495 	999.000000 	32.449963 	77.006493 	30.413813 	25.238859 	16.031219 	18.439089 	22.022715 	22.090721 	20.396078 	17.888544 	21.587032 	20.880613 	18.867962 	20.396078 	21.931713 	32.062439 	22.360680 	21.931713 	39.812057 	31.257000 	32.249031 	40.012497 	38.052597 	39.012817 	42.047592 	47.675991 	28.425341 	39.319206 	42.190044 	44.045429 	44.102154 	47.042534 	41.231056 	40.311287 	49.244289 	
61.294373 	22.803509 	29.068884 	38.275318 	58.034473 	64.443771 	56.586216 	48.795490 	61.522354 	10.440307 	26.172504 	53.160137 	53.907330 	23.537205 	97.621719 	42.201897 	32.449963 	999.000000 	108.245094 	62.769421 	13.341664 	46.238514 	47.127487 	51.865211 	51.546097 	49.040798 	44.147480 	49.729267 	48.507732 	43.737854 	31.064449 	47.853943 	62.297672 	47.675991 	36.055511 	70.936592 	59.665737 	60.638271 	69.641945 	66.940269 	68.154236 	71.840103 	78.434685 	45.177429 	67.268120 	70.405968 	72.780495 	72.567207 	75.709976 	65.030762 	62.032249 	72.027771 	
48.826221 	88.729927 	80.808418 	70.837845 	154.870911 	43.840622 	51.662365 	59.464275 	46.754681 	99.005051 	82.073135 	140.431473 	55.000000 	128.316010 	10.630146 	67.201187 	77.006493 	108.245094 	999.000000 	51.078373 	102.200783 	69.318108 	71.175842 	66.850578 	67.779053 	70.384659 	75.643906 	70.936592 	72.235725 	77.472572 	91.706055 	75.026665 	60.876926 	75.960518 	89.470665 	53.600372 	66.940269 	66.708321 	60.406952 	63.639610 	62.514000 	59.211487 	53.000000 	87.920418 	66.483078 	65.192024 	63.071388 	64.070274 	63.000000 	77.524193 	81.884064 	81.024689 	
27.586229 	49.030602 	41.436699 	33.000000 	117.046997 	19.416489 	17.492855 	20.223749 	16.278820 	55.542778 	38.275318 	106.367287 	13.341664 	85.428329 	41.109608 	21.189621 	30.413813 	62.769421 	51.078373 	999.000000 	53.907330 	18.601076 	20.124611 	15.811388 	16.763054 	19.313208 	24.596748 	19.924858 	21.189621 	26.400757 	41.048752 	24.041630 	13.000000 	25.000000 	38.470768 	13.416408 	18.439089 	18.681541 	18.384777 	19.416489 	19.209373 	19.209373 	20.880613 	37.107952 	22.472204 	23.430750 	23.345236 	24.041630 	25.612497 	31.953091 	34.928497 	38.470768 	
57.939625 	25.961510 	29.000000 	35.902645 	71.007042 	59.169250 	51.107731 	43.416588 	55.758408 	16.401220 	22.561028 	66.483078 	47.201694 	36.055511 	91.607857 	35.000000 	25.238859 	13.341664 	102.200783 	53.907330 	999.000000 	36.055511 	36.235340 	41.182522 	40.706264 	38.013157 	32.695564 	38.483765 	37.161808 	31.953091 	18.027756 	36.055511 	51.429562 	35.735138 	23.021729 	60.415230 	48.104053 	49.040798 	58.309521 	55.362442 	56.648037 	60.539242 	67.542580 	32.015621 	55.362442 	58.523499 	61.032780 	60.728905 	63.890530 	52.239830 	49.010204 	59.008472 	
35.171009 	37.336308 	31.320919 	26.627054 	102.771591 	31.000000 	24.331051 	20.124611 	27.000000 	40.607880 	25.079872 	94.021271 	18.110771 	69.570107 	59.093147 	12.041595 	16.031219 	46.238514 	69.318108 	18.601076 	36.055511 	999.000000 	3.605551 	6.000000 	6.082763 	5.000000 	7.000000 	6.403124 	6.403124 	9.000000 	22.472204 	8.944272 	16.278820 	9.848858 	20.248457 	24.698177 	15.297058 	16.278820 	24.083189 	22.022715 	23.000000 	26.172504 	32.280025 	21.095022 	23.345236 	26.172504 	28.017851 	28.071337 	31.016125 	26.627054 	26.870058 	34.669872 	
38.600517 	39.812057 	34.176014 	30.000000 	104.235313 	34.058773 	27.658634 	23.706539 	30.066593 	42.190044 	27.459061 	96.005211 	21.377558 	70.604530 	61.098282 	15.556349 	18.439089 	47.127487 	71.175842 	20.124611 	36.235340 	3.605551 	999.000000 	5.000000 	4.472136 	2.000000 	4.472136 	3.162278 	2.828427 	6.324555 	21.260292 	5.385165 	15.231546 	6.324555 	18.357559 	24.186773 	13.000000 	14.000000 	22.561028 	20.099751 	21.213203 	24.738634 	31.384710 	18.000000 	21.023796 	24.000000 	26.076809 	26.019224 	29.068884 	23.323807 	23.345236 	31.384710 	
37.161808 	43.289722 	37.107952 	31.764761 	108.673820 	31.575306 	26.000000 	23.430750 	27.658634 	46.529560 	31.064449 	100.019997 	19.697716 	75.286118 	56.920998 	17.000000 	22.022715 	51.865211 	66.850578 	15.811388 	41.182522 	6.000000 	5.000000 	999.000000 	1.000000 	3.605551 	9.219544 	4.123106 	5.385165 	10.816654 	26.172504 	8.246211 	10.440307 	9.219544 	23.021729 	19.235384 	9.486833 	10.440307 	18.110771 	16.031219 	17.000000 	20.223749 	26.570660 	21.377558 	17.464249 	20.223749 	22.022715 	22.090721 	25.019993 	21.931713 	23.021729 	29.832869 	
38.078865 	43.416588 	37.363083 	32.249031 	108.503456 	32.557640 	26.925823 	24.207438 	28.635643 	46.389652 	31.144823 	100.004997 	20.615528 	75.000000 	57.870544 	17.492855 	22.090721 	51.546097 	67.779053 	16.763054 	40.706264 	6.082763 	4.472136 	1.000000 	999.000000 	2.828427 	8.485281 	3.162278 	4.472136 	10.000000 	25.455845 	7.280110 	10.770329 	8.246211 	22.203604 	19.723083 	9.219544 	10.198039 	18.248287 	16.000000 	17.029387 	20.396078 	26.925823 	20.396078 	17.262676 	20.099751 	22.000000 	22.022715 	25.000000 	21.260292 	22.203604 	29.206163 	
39.217342 	41.773197 	36.055511 	31.622776 	106.212051 	34.234486 	28.160255 	24.698177 	30.265491 	44.181442 	29.427877 	98.005104 	21.840330 	72.532753 	60.406952 	17.029387 	20.396078 	49.040798 	70.384659 	19.313208 	38.013157 	5.000000 	2.000000 	3.605551 	2.828427 	999.000000 	5.656854 	1.414214 	2.000000 	7.211102 	22.627417 	5.000000 	13.416408 	6.000000 	19.416489 	22.472204 	11.000000 	12.000000 	20.615528 	18.110771 	19.235384 	22.803509 	29.546574 	18.110771 	19.026299 	22.000000 	24.083189 	24.020824 	27.073973 	21.633308 	21.931713 	29.681644 	
41.976185 	38.897301 	34.000000 	31.112698 	101.710373 	38.000000 	31.257000 	26.570660 	34.000000 	40.000000 	26.570660 	94.132881 	25.079872 	67.683083 	65.551506 	17.492855 	17.888544 	44.147480 	75.643906 	24.596748 	32.695564 	7.000000 	4.472136 	9.219544 	8.485281 	5.656854 	999.000000 	5.830952 	4.472136 	2.000000 	16.970562 	4.123106 	18.867962 	4.472136 	13.892444 	28.017851 	15.524175 	16.492422 	25.632011 	22.803509 	24.041630 	27.856777 	34.885529 	14.142136 	23.194826 	26.305893 	28.635643 	28.442924 	31.575306 	23.409399 	22.472204 	31.384710 	
40.496914 	42.953465 	37.336308 	33.015148 	107.056061 	35.355339 	29.410883 	26.076809 	31.400637 	45.099888 	30.594116 	99.020203 	23.086792 	73.246162 	61.032780 	18.439089 	21.587032 	49.729267 	70.936592 	19.924858 	38.483765 	6.403124 	3.162278 	4.123106 	3.162278 	1.414214 	5.830952 	999.000000 	1.414214 	7.071068 	22.671568 	4.123106 	13.038404 	5.099020 	19.209373 	22.203604 	10.049875 	11.045361 	19.924858 	17.262676 	18.439089 	22.135944 	29.068884 	17.262676 	18.000000 	21.023796 	23.194826 	23.086792 	26.172504 	20.248457 	20.518284 	28.301943 	
41.109608 	42.201897 	36.769554 	32.802441 	105.929222 	36.221542 	30.083218 	26.419689 	32.249031 	44.045429 	29.832869 	98.045906 	23.769728 	72.034714 	62.297672 	18.384777 	20.880613 	48.507732 	72.235725 	21.189621 	37.161808 	6.403124 	2.828427 	5.385165 	4.472136 	2.000000 	4.472136 	1.414214 	999.000000 	5.656854 	21.260292 	3.000000 	14.422205 	4.000000 	17.804493 	23.600847 	11.180340 	12.165525 	21.189621 	18.439089 	19.646883 	23.409399 	30.413813 	16.124516 	19.026299 	22.090721 	24.331051 	24.186773 	27.294687 	20.591261 	20.518284 	28.653097 	
43.931767 	39.560081 	34.985710 	32.557640 	101.493843 	40.000000 	33.241539 	28.460499 	36.000000 	40.049969 	27.313000 	94.260277 	27.073973 	67.268120 	67.416618 	19.235384 	18.867962 	43.737854 	77.472572 	26.400757 	31.953091 	9.000000 	6.324555 	10.816654 	10.000000 	7.211102 	2.000000 	7.071068 	5.656854 	999.000000 	15.620500 	4.123106 	20.000000 	4.000000 	12.206555 	29.206163 	16.155495 	17.088007 	26.400757 	23.409399 	24.698177 	28.635643 	35.846897 	12.165525 	23.537205 	26.683329 	29.120440 	28.861740 	32.015621 	22.803509 	21.470911 	30.675724 	
53.084839 	34.655445 	33.286633 	35.440090 	89.000000 	51.419842 	43.737854 	37.121422 	47.539455 	30.463093 	24.698177 	83.743660 	38.327538 	54.083271 	81.394104 	27.166155 	20.396078 	31.064449 	91.706055 	41.048752 	18.027756 	22.472204 	21.260292 	26.172504 	25.455845 	22.627417 	16.970562 	22.671568 	21.260292 	15.620500 	999.000000 	19.416489 	35.608986 	18.867962 	5.000000 	44.821869 	31.384710 	32.249031 	41.677334 	38.470768 	39.824615 	43.908997 	51.312767 	14.142136 	38.078865 	41.231056 	43.863426 	43.462627 	46.615448 	34.234486 	31.000000 	41.000000 	
43.965897 	43.011627 	38.013157 	34.713108 	105.574615 	39.204590 	32.984844 	29.068884 	35.227829 	44.011364 	30.675724 	98.183502 	26.683329 	71.386276 	65.145988 	20.615528 	21.931713 	47.853943 	75.026665 	24.041630 	36.055511 	8.944272 	5.385165 	8.246211 	7.280110 	5.000000 	4.123106 	4.123106 	3.000000 	4.123106 	19.416489 	999.000000 	16.278820 	1.000000 	15.556349 	25.495098 	12.083046 	13.000000 	22.360680 	19.313208 	20.615528 	24.596748 	31.906113 	13.152946 	19.416489 	22.561028 	25.000000 	24.738634 	27.892651 	19.313208 	18.601076 	27.313000 	
39.824615 	53.037724 	46.389652 	39.849716 	119.050407 	32.249031 	29.000000 	29.154760 	28.844410 	56.885849 	41.012192 	110.113579 	23.430750 	85.726311 	51.623638 	25.495098 	32.062439 	62.297672 	60.876926 	13.000000 	51.429562 	16.278820 	15.231546 	10.440307 	10.770329 	13.416408 	18.867962 	13.038404 	14.422205 	20.000000 	35.608986 	16.278820 	999.000000 	16.970562 	31.827662 	9.219544 	6.082763 	6.000000 	8.062258 	7.211102 	7.615773 	10.000000 	16.155495 	27.784887 	9.899495 	11.661903 	12.649111 	13.000000 	15.524175 	18.973665 	22.203604 	25.553865 	
44.922153 	43.324360 	38.470768 	35.383614 	105.475113 	40.199501 	33.955853 	29.966648 	36.221542 	44.045429 	31.016125 	98.249680 	27.658634 	71.196907 	66.098412 	21.400934 	22.360680 	47.675991 	75.960518 	25.000000 	35.735138 	9.848858 	6.324555 	9.219544 	8.246211 	6.000000 	4.472136 	5.099020 	4.000000 	4.000000 	18.867962 	1.000000 	16.970562 	999.000000 	14.866069 	26.172504 	12.529964 	13.416408 	22.825424 	19.697716 	21.023796 	25.059929 	32.449963 	12.165525 	19.646883 	22.803509 	25.298222 	25.000000 	28.160255 	18.973665 	18.027756 	26.925823 	
53.037724 	38.418747 	36.235340 	37.161808 	94.000000 	50.487621 	43.104523 	37.054016 	46.529560 	35.114101 	27.658634 	88.645363 	37.336308 	59.076221 	79.309517 	27.073973 	21.931713 	36.055511 	89.470665 	38.470768 	23.021729 	20.248457 	18.357559 	23.021729 	22.203604 	19.416489 	13.892444 	19.209373 	17.804493 	12.206555 	5.000000 	15.556349 	31.827662 	14.866069 	999.000000 	41.036568 	27.202942 	28.017851 	37.443291 	34.132095 	35.510563 	39.661064 	47.201694 	9.219544 	33.541019 	36.674240 	39.357338 	38.910152 	42.047592 	29.274563 	26.000000 	36.000000 	
40.607880 	60.133186 	53.000000 	45.398239 	127.121986 	31.827662 	30.886890 	33.241539 	29.206163 	65.000000 	48.507732 	117.515953 	26.570660 	94.244362 	45.011108 	32.015621 	39.812057 	70.936592 	53.600372 	13.416408 	60.415230 	24.698177 	24.186773 	19.235384 	19.723083 	22.472204 	28.017851 	22.203604 	23.600847 	29.206163 	44.821869 	25.495098 	9.219544 	26.172504 	41.036568 	999.000000 	14.422205 	13.892444 	7.071068 	10.049875 	9.000000 	6.708204 	8.000000 	36.619667 	13.000000 	12.369317 	11.180340 	12.083046 	12.806249 	24.020824 	28.284271 	28.635643 	
44.102154 	52.611786 	46.572525 	41.146080 	117.098251 	37.161808 	33.015148 	31.890438 	33.541019 	55.145264 	40.311287 	109.004585 	27.018513 	83.198555 	57.706154 	26.400757 	31.257000 	59.665737 	66.940269 	18.439089 	48.104053 	15.297058 	13.000000 	9.486833 	9.219544 	11.000000 	15.524175 	10.049875 	11.180340 	16.155495 	31.384710 	12.083046 	6.082763 	12.529964 	27.202942 	14.422205 	999.000000 	1.000000 	10.295630 	7.280110 	8.544003 	12.529964 	20.000000 	22.203604 	8.062258 	11.000000 	13.152946 	13.038404 	16.124516 	13.892444 	16.492422 	21.260292 	
44.654228 	53.600372 	47.539455 	42.047592 	118.088951 	37.576588 	33.600594 	32.649654 	34.000000 	56.142673 	41.303753 	110.004547 	27.658634 	84.172440 	57.558666 	27.313000 	32.249031 	60.638271 	66.708321 	18.681541 	49.040798 	16.278820 	14.000000 	10.440307 	10.198039 	12.000000 	16.492422 	11.045361 	12.165525 	17.088007 	32.249031 	13.000000 	6.000000 	13.416408 	28.017851 	13.892444 	1.000000 	999.000000 	9.433981 	6.324555 	7.615773 	11.661903 	19.209373 	22.803509 	7.071068 	10.000000 	12.165525 	12.041595 	15.132746 	13.416408 	16.278820 	20.615528 	
45.967381 	61.073727 	54.451813 	47.801674 	126.751724 	37.643059 	35.608986 	36.674240 	34.655445 	64.629715 	49.000000 	118.067780 	30.528675 	93.145050 	52.000000 	33.541019 	40.012497 	69.641945 	60.406952 	18.384777 	58.309521 	24.083189 	22.561028 	18.110771 	18.248287 	20.615528 	25.632011 	19.924858 	21.189621 	26.400757 	41.677334 	22.360680 	8.062258 	22.825424 	37.443291 	7.071068 	10.295630 	9.433981 	999.000000 	3.605551 	2.236068 	2.236068 	9.899495 	31.827662 	6.082763 	5.385165 	5.000000 	5.656854 	7.615773 	17.117243 	21.587032 	21.587032 	
46.754681 	59.304298 	52.952808 	46.818798 	124.310097 	38.832977 	36.069378 	36.359318 	35.608986 	62.289646 	47.095646 	116.004311 	30.610456 	90.470993 	55.036350 	32.280025 	38.052597 	66.940269 	63.639610 	19.416489 	55.362442 	22.022715 	20.099751 	16.031219 	16.000000 	18.110771 	22.803509 	17.262676 	18.439089 	23.409399 	38.470768 	19.313208 	7.211102 	19.697716 	34.132095 	10.049875 	7.280110 	6.324555 	3.605551 	999.000000 	1.414214 	5.656854 	13.453624 	28.284271 	3.162278 	4.472136 	6.000000 	6.082763 	9.000000 	14.000000 	18.248287 	19.313208 	
46.690472 	60.207973 	53.758720 	47.434166 	125.447197 	38.600517 	36.124783 	36.715118 	35.468296 	63.387695 	48.041649 	117.017090 	30.805843 	91.678787 	54.009258 	32.984844 	39.012817 	68.154236 	62.514000 	19.209373 	56.648037 	23.000000 	21.213203 	17.000000 	17.029387 	19.235384 	24.041630 	18.439089 	19.646883 	24.698177 	39.824615 	20.615528 	7.615773 	21.023796 	35.510563 	9.000000 	8.544003 	7.615773 	2.236068 	1.414214 	999.000000 	4.242640 	12.041595 	29.698484 	4.000000 	4.242640 	5.099020 	5.385165 	8.062258 	15.033297 	19.416489 	19.924858 	
46.754681 	63.031738 	56.320511 	49.477268 	128.891434 	38.209946 	36.619667 	38.078865 	35.383614 	66.753281 	51.009804 	120.104118 	31.764761 	95.336250 	51.039200 	35.355339 	42.047592 	71.840103 	59.211487 	19.209373 	60.539242 	26.172504 	24.738634 	20.223749 	20.396078 	22.803509 	27.856777 	22.135944 	23.409399 	28.635643 	43.908997 	24.596748 	10.000000 	25.059929 	39.661064 	6.708204 	12.529964 	11.661903 	2.236068 	5.656854 	4.242640 	999.000000 	7.810250 	33.941124 	7.615773 	6.000000 	4.472136 	5.385165 	6.403124 	18.439089 	23.086792 	22.203604 	
47.169907 	68.117546 	61.000000 	53.338543 	134.937027 	38.013157 	38.078865 	41.000000 	35.846897 	72.780495 	56.435802 	125.483070 	34.205261 	101.833199 	45.541191 	40.012497 	47.675991 	78.434685 	53.000000 	20.880613 	67.542580 	32.280025 	31.384710 	26.570660 	26.925823 	29.546574 	34.885529 	29.068884 	30.413813 	35.846897 	51.312767 	31.906113 	16.155495 	32.449963 	47.201694 	8.000000 	20.000000 	19.209373 	9.899495 	13.453624 	12.041595 	7.810250 	999.000000 	41.725292 	15.264338 	13.000000 	10.440307 	11.401754 	10.000000 	25.632011 	30.463093 	28.071337 	
56.089214 	46.872166 	43.863426 	43.266617 	103.019417 	52.038448 	45.398239 	40.521599 	48.041649 	44.271889 	35.468296 	97.862144 	39.204590 	68.007355 	78.160095 	31.016125 	28.425341 	45.177429 	87.920418 	37.107952 	32.015621 	21.095022 	18.000000 	21.377558 	20.396078 	18.110771 	14.142136 	17.262676 	16.124516 	12.165525 	14.142136 	13.152946 	27.784887 	12.165525 	9.219544 	36.619667 	22.203604 	22.803509 	31.827662 	28.284271 	29.698484 	33.941124 	41.725292 	999.000000 	27.018513 	30.000000 	32.802441 	32.202484 	35.227829 	20.880613 	17.117243 	27.073973 	
49.678970 	60.671246 	54.571056 	48.846699 	124.903961 	41.880783 	38.897301 	38.832977 	38.600517 	63.071388 	48.373547 	117.017090 	33.301651 	90.801979 	58.008621 	34.176014 	39.319206 	67.268120 	66.483078 	22.472204 	55.362442 	23.345236 	21.023796 	17.464249 	17.262676 	19.026299 	23.194826 	18.000000 	19.026299 	23.537205 	38.078865 	19.416489 	9.899495 	19.646883 	33.541019 	13.000000 	8.062258 	7.071068 	6.082763 	3.162278 	4.000000 	7.615773 	15.264338 	27.018513 	999.000000 	3.162278 	5.830952 	5.385165 	8.544003 	11.045361 	15.524175 	16.155495 	
50.931328 	63.505905 	57.271286 	51.264023 	128.003906 	42.801868 	40.360870 	40.816662 	39.698868 	66.121101 	51.244511 	120.004166 	35.000000 	93.941475 	57.035076 	36.687874 	42.190044 	70.405968 	65.192024 	23.430750 	58.523499 	26.172504 	24.000000 	20.223749 	20.099751 	22.000000 	26.305893 	21.023796 	22.090721 	26.683329 	41.231056 	22.561028 	11.661903 	22.803509 	36.674240 	12.369317 	11.000000 	10.000000 	5.385165 	4.472136 	4.242640 	6.000000 	13.000000 	30.000000 	3.162278 	999.000000 	2.828427 	2.236068 	5.385165 	12.649111 	17.464249 	16.278820 	
50.931328 	65.276337 	58.855755 	52.497620 	130.249756 	42.520584 	40.607880 	41.593269 	39.597980 	68.264191 	53.084839 	122.004097 	35.510563 	96.317184 	55.145264 	38.078865 	44.045429 	72.780495 	63.071388 	23.345236 	61.032780 	28.017851 	26.076809 	22.022715 	22.000000 	24.083189 	28.635643 	23.194826 	24.331051 	29.120440 	43.863426 	25.000000 	12.649111 	25.298222 	39.357338 	11.180340 	13.152946 	12.165525 	5.000000 	6.000000 	5.099020 	4.472136 	10.440307 	32.802441 	5.830952 	2.828427 	999.000000 	1.000000 	3.000000 	15.231546 	20.124611 	18.027756 	
51.623638 	65.375839 	59.033890 	52.810986 	130.115326 	43.278172 	41.231056 	42.059483 	40.311287 	68.183578 	53.150730 	122.000000 	36.055511 	96.104111 	56.142673 	38.327538 	44.102154 	72.567207 	64.070274 	24.041630 	60.728905 	28.071337 	26.019224 	22.090721 	22.022715 	24.020824 	28.442924 	23.086792 	24.186773 	28.861740 	43.462627 	24.738634 	13.000000 	25.000000 	38.910152 	12.083046 	13.038404 	12.041595 	5.656854 	6.082763 	5.385165 	5.385165 	11.401754 	32.202484 	5.385165 	2.236068 	1.000000 	999.000000 	3.162278 	14.317822 	19.235384 	17.029387 	
53.150730 	68.264191 	61.814240 	55.362442 	133.221619 	44.553337 	43.011627 	44.283180 	41.773197 	71.253067 	56.080299 	125.003998 	38.078865 	99.247169 	55.443665 	41.000000 	47.042534 	75.709976 	63.000000 	25.612497 	63.890530 	31.016125 	29.068884 	25.019993 	25.000000 	27.073973 	31.575306 	26.172504 	27.294687 	32.015621 	46.615448 	27.892651 	15.524175 	28.160255 	42.047592 	12.806249 	16.124516 	15.132746 	7.615773 	9.000000 	8.062258 	6.403124 	10.000000 	35.227829 	8.544003 	5.385165 	3.000000 	3.162278 	999.000000 	16.643316 	21.633308 	18.110771 	
57.982758 	62.297672 	57.271286 	53.254108 	123.065025 	50.990196 	46.872166 	45.276924 	47.413078 	62.514000 	49.979996 	116.726173 	40.804413 	88.277969 	69.028976 	38.600517 	41.231056 	65.030762 	77.524193 	31.953091 	52.239830 	26.627054 	23.323807 	21.931713 	21.260292 	21.633308 	23.409399 	20.248457 	20.591261 	22.803509 	34.234486 	19.313208 	18.973665 	18.973665 	29.274563 	24.020824 	13.892444 	13.416408 	17.117243 	14.000000 	15.033297 	18.439089 	25.632011 	20.880613 	11.045361 	12.649111 	15.231546 	14.317822 	16.643316 	999.000000 	5.000000 	8.062258 	
59.941639 	60.926186 	56.435802 	53.263496 	120.000000 	53.488316 	48.764740 	46.400433 	49.769470 	60.207973 	48.754486 	114.271606 	42.544094 	85.052925 	73.171036 	38.897301 	40.311287 	62.032249 	81.884064 	34.928497 	49.010204 	26.870058 	23.345236 	23.021729 	22.203604 	21.931713 	22.472204 	20.518284 	20.518284 	21.470911 	31.000000 	18.601076 	22.203604 	18.027756 	26.000000 	28.284271 	16.492422 	16.278820 	21.587032 	18.248287 	19.416489 	23.086792 	30.463093 	17.117243 	15.524175 	17.464249 	20.124611 	19.235384 	21.633308 	5.000000 	999.000000 	10.000000 	
65.215027 	70.228203 	65.306969 	61.294373 	130.000000 	57.801384 	54.203320 	53.037724 	54.378304 	70.035706 	57.939625 	124.169243 	48.270073 	95.047356 	73.171036 	46.615448 	49.244289 	72.027771 	81.024689 	38.470768 	59.008472 	34.669872 	31.384710 	29.832869 	29.206163 	29.681644 	31.384710 	28.301943 	28.653097 	30.675724 	41.000000 	27.313000 	25.553865 	26.925823 	36.000000 	28.635643 	21.260292 	20.615528 	21.587032 	19.313208 	19.924858 	22.203604 	28.071337 	27.073973 	16.155495 	16.278820 	18.027756 	17.029387 	18.110771 	8.062258 	10.000000 	999.000000 	

Travel time:
9.000000 	1.007782 	0.816241 	0.575543 	2.654360 	0.237171 	0.279509 	0.400000 	0.285044 	1.285010 	0.894427 	2.307732 	0.436606 	1.997655 	0.964689 	0.650000 	0.843356 	1.532359 	1.220656 	0.689656 	1.448491 	0.879275 	0.965013 	0.929045 	0.951972 	0.980434 	1.049405 	1.012423 	1.027740 	1.098294 	1.327121 	1.099147 	0.995615 	1.123054 	1.325943 	1.015197 	1.102554 	1.116356 	1.149184 	1.168867 	1.167262 	1.168867 	1.179248 	1.402230 	1.241974 	1.273283 	1.273283 	1.290591 	1.328768 	1.449569 	1.498541 	1.630376 	
1.007782 	9.000000 	0.201556 	0.450694 	1.708801 	1.130542 	0.951972 	0.771767 	1.076162 	0.309233 	0.309233 	1.435705 	0.933408 	0.990581 	1.956080 	0.704006 	0.534439 	0.570088 	2.218248 	1.225765 	0.649038 	0.933408 	0.995301 	1.082243 	1.085415 	1.044330 	0.972432 	1.073837 	1.055047 	0.989002 	0.866386 	1.075291 	1.325943 	1.083109 	0.960469 	1.503330 	1.315295 	1.340009 	1.526843 	1.482607 	1.505199 	1.575794 	1.702939 	1.171804 	1.516781 	1.587648 	1.631908 	1.634396 	1.706605 	1.557442 	1.523155 	1.755705 	
0.816241 	0.201556 	9.000000 	0.250000 	1.908042 	0.930054 	0.750417 	0.571183 	0.874643 	0.471699 	0.215058 	1.623461 	0.735272 	1.187697 	1.757306 	0.525595 	0.403113 	0.726722 	2.020211 	1.035918 	0.725000 	0.783023 	0.854400 	0.927699 	0.934077 	0.901388 	0.850000 	0.933408 	0.919239 	0.874643 	0.832166 	0.950329 	1.159741 	0.961769 	0.905883 	1.325000 	1.164313 	1.188486 	1.361295 	1.323820 	1.343968 	1.408013 	1.525000 	1.096586 	1.364276 	1.431782 	1.471394 	1.475847 	1.545356 	1.431782 	1.410895 	1.632674 	
0.575543 	0.450694 	0.250000 	9.000000 	2.150145 	0.680074 	0.503115 	0.333542 	0.626498 	0.710634 	0.333542 	1.849493 	0.505594 	1.437228 	1.507689 	0.369121 	0.380789 	0.956883 	1.770946 	0.825000 	0.897566 	0.665676 	0.750000 	0.794119 	0.806226 	0.790569 	0.777817 	0.825379 	0.820061 	0.813941 	0.886002 	0.867828 	0.996243 	0.884590 	0.929045 	1.134956 	1.028652 	1.051190 	1.195042 	1.170470 	1.185854 	1.236932 	1.333464 	1.081665 	1.221167 	1.281601 	1.312441 	1.320275 	1.384061 	1.331353 	1.331587 	1.532359 	
2.654360 	1.708801 	1.908042 	2.150145 	9.000000 	2.817468 	2.652593 	2.479037 	2.774549 	1.554228 	1.971199 	0.459619 	2.642205 	0.878208 	3.618874 	2.397003 	2.183031 	1.450862 	3.871773 	2.926175 	1.775176 	2.569290 	2.605883 	2.716846 	2.712586 	2.655301 	2.542759 	2.676402 	2.648231 	2.537346 	2.225000 	2.639365 	2.976260 	2.636878 	2.350000 	3.178050 	2.927456 	2.952224 	3.168793 	3.107752 	3.136180 	3.222286 	3.373426 	2.575485 	3.122599 	3.200098 	3.256244 	3.252883 	3.330540 	3.076626 	3.000000 	3.250000 	
0.237171 	1.130542 	0.930054 	0.680074 	2.817468 	9.000000 	0.201556 	0.395285 	0.100000 	1.379311 	0.957209 	2.490607 	0.328824 	2.116158 	0.831038 	0.617454 	0.850000 	1.611094 	1.096016 	0.485412 	1.479231 	0.775000 	0.851469 	0.789383 	0.813941 	0.855862 	0.950000 	0.883883 	0.905539 	1.000000 	1.285496 	0.980115 	0.806226 	1.004987 	1.262191 	0.795692 	0.929045 	0.939415 	0.941076 	0.970824 	0.965013 	0.955249 	0.950329 	1.300961 	1.047020 	1.070047 	1.063015 	1.081954 	1.113833 	1.274755 	1.337208 	1.445035 	
0.279509 	0.951972 	0.750417 	0.503115 	2.652593 	0.201556 	9.000000 	0.195256 	0.125000 	1.187697 	0.760345 	2.342008 	0.158114 	1.930026 	1.025914 	0.419076 	0.648556 	1.414655 	1.291559 	0.437321 	1.277693 	0.608276 	0.691466 	0.650000 	0.673146 	0.704006 	0.781425 	0.735272 	0.752080 	0.831038 	1.093446 	0.824621 	0.725000 	0.848896 	1.077613 	0.772172 	0.825379 	0.840015 	0.890225 	0.901734 	0.903120 	0.915492 	0.951972 	1.134956 	0.972432 	1.009022 	1.015197 	1.030776 	1.075291 	1.171804 	1.219118 	1.355083 	
0.400000 	0.771767 	0.571183 	0.333542 	2.479037 	0.395285 	0.195256 	9.000000 	0.318198 	0.995615 	0.565685 	2.183031 	0.175000 	1.740869 	1.220912 	0.250000 	0.459619 	1.219887 	1.486607 	0.505594 	1.085415 	0.503115 	0.592663 	0.585769 	0.605186 	0.617454 	0.664266 	0.651920 	0.660492 	0.711512 	0.928036 	0.726722 	0.728869 	0.749166 	0.926350 	0.831038 	0.797261 	0.816241 	0.916856 	0.908983 	0.917878 	0.951972 	1.025000 	1.013040 	0.970824 	1.020416 	1.039832 	1.051487 	1.107080 	1.131923 	1.160011 	1.325943 	
0.285044 	1.076162 	0.874643 	0.626498 	2.774549 	0.100000 	0.125000 	0.318198 	9.000000 	1.312441 	0.883883 	2.459294 	0.230489 	2.055024 	0.903120 	0.525595 	0.763217 	1.538059 	1.168867 	0.406971 	1.393960 	0.675000 	0.751665 	0.691466 	0.715891 	0.756637 	0.850000 	0.785016 	0.806226 	0.900000 	1.188486 	0.880696 	0.721110 	0.905539 	1.163239 	0.730154 	0.838525 	0.850000 	0.866386 	0.890225 	0.886707 	0.884590 	0.896172 	1.201041 	0.965013 	0.992472 	0.989950 	1.007782 	1.044330 	1.185327 	1.244237 	1.359458 	
1.285010 	0.309233 	0.471699 	0.710634 	1.554228 	1.379311 	1.187697 	0.995615 	1.312441 	9.000000 	0.437321 	1.355775 	1.137157 	0.750417 	2.210345 	0.860959 	0.632456 	0.261008 	2.475126 	1.388569 	0.410031 	1.015197 	1.054751 	1.163239 	1.159741 	1.104536 	1.000000 	1.127497 	1.101136 	1.001249 	0.761577 	1.100284 	1.422146 	1.101136 	0.877853 	1.625000 	1.378632 	1.403567 	1.615743 	1.557241 	1.584692 	1.668832 	1.819512 	1.106797 	1.576785 	1.653028 	1.706605 	1.704589 	1.781327 	1.562850 	1.505199 	1.750893 	
0.894427 	0.309233 	0.215058 	0.333542 	1.971199 	0.957209 	0.760345 	0.565685 	0.883883 	0.437321 	9.000000 	1.727896 	0.700446 	1.187697 	1.786232 	0.427200 	0.226385 	0.654313 	2.051828 	0.956883 	0.564026 	0.626997 	0.686477 	0.776611 	0.778621 	0.735697 	0.664266 	0.764853 	0.745822 	0.682825 	0.617454 	0.766893 	1.025305 	0.775403 	0.691466 	1.212693 	1.007782 	1.032594 	1.225000 	1.177391 	1.201041 	1.275245 	1.410895 	0.886707 	1.209339 	1.281113 	1.327121 	1.328768 	1.402007 	1.249500 	1.218862 	1.448491 	
2.307732 	1.435705 	1.623461 	1.849493 	0.459619 	2.490607 	2.342008 	2.183031 	2.459294 	1.355775 	1.727896 	9.000000 	2.353720 	0.860233 	3.265348 	2.139655 	1.951442 	1.329003 	3.510787 	2.659182 	1.662077 	2.350532 	2.400130 	2.500500 	2.500125 	2.450128 	2.353322 	2.475505 	2.451148 	2.356507 	2.093591 	2.454587 	2.752840 	2.456242 	2.216134 	2.937899 	2.725115 	2.750114 	2.951694 	2.900108 	2.925427 	3.002603 	3.137077 	2.446554 	2.925427 	3.000104 	3.050102 	3.050000 	3.125100 	2.918154 	2.856790 	3.104231 	
0.436606 	0.933408 	0.735272 	0.505594 	2.642205 	0.328824 	0.158114 	0.175000 	0.230489 	1.137157 	0.700446 	2.353720 	9.000000 	1.886796 	1.110180 	0.305164 	0.550568 	1.347683 	1.375000 	0.333542 	1.180042 	0.452769 	0.534439 	0.492443 	0.515388 	0.546008 	0.626997 	0.577170 	0.594243 	0.676849 	0.958188 	0.667083 	0.585769 	0.691466 	0.933408 	0.664266 	0.675463 	0.691466 	0.763217 	0.765261 	0.770146 	0.794119 	0.855132 	0.980115 	0.832541 	0.875000 	0.887764 	0.901388 	0.951972 	1.020110 	1.063602 	1.206752 	
1.997655 	0.990581 	1.187697 	1.437228 	0.878208 	2.116158 	1.930026 	1.740869 	2.055024 	0.750417 	1.187697 	0.860233 	1.886796 	9.000000 	2.944911 	1.610318 	1.375909 	0.588430 	3.207900 	2.135708 	0.901388 	1.739253 	1.765113 	1.882153 	1.875000 	1.813319 	1.692077 	1.831154 	1.800868 	1.681703 	1.352082 	1.784657 	2.143158 	1.779923 	1.476906 	2.356109 	2.079964 	2.104311 	2.328626 	2.261775 	2.291970 	2.383406 	2.545830 	1.700184 	2.270050 	2.348537 	2.407930 	2.402603 	2.481179 	2.206949 	2.126323 	2.376184 	
0.964689 	1.956080 	1.757306 	1.507689 	3.618874 	0.831038 	1.025914 	1.220912 	0.903120 	2.210345 	1.786232 	3.265348 	1.110180 	2.944911 	9.000000 	1.415318 	1.660007 	2.440543 	0.265754 	1.027740 	2.290196 	1.477329 	1.527457 	1.423025 	1.446764 	1.510174 	1.638788 	1.525820 	1.557442 	1.685416 	2.034853 	1.628650 	1.290591 	1.652460 	1.982738 	1.125278 	1.442654 	1.438967 	1.300000 	1.375909 	1.350231 	1.275980 	1.138530 	1.954002 	1.450216 	1.425877 	1.378632 	1.403567 	1.386092 	1.725724 	1.829276 	1.829276 	
0.650000 	0.704006 	0.525595 	0.369121 	2.397003 	0.617454 	0.419076 	0.250000 	0.525595 	0.860959 	0.427200 	2.139655 	0.305164 	1.610318 	1.415318 	9.000000 	0.247487 	1.055047 	1.680030 	0.529741 	0.875000 	0.301040 	0.388909 	0.425000 	0.437321 	0.425735 	0.437321 	0.460977 	0.459619 	0.480885 	0.679154 	0.515388 	0.637377 	0.535023 	0.676849 	0.800391 	0.660019 	0.682825 	0.838525 	0.807001 	0.824621 	0.883883 	1.000312 	0.775403 	0.854400 	0.917197 	0.951972 	0.958188 	1.025000 	0.965013 	0.972432 	1.165386 	
0.843356 	0.534439 	0.403113 	0.380789 	2.183031 	0.850000 	0.648556 	0.459619 	0.763217 	0.632456 	0.226385 	1.951442 	0.550568 	1.375909 	1.660007 	0.247487 	9.000000 	0.811249 	1.925162 	0.760345 	0.630971 	0.400780 	0.460977 	0.550568 	0.552268 	0.509902 	0.447214 	0.539676 	0.522015 	0.471699 	0.509902 	0.548293 	0.801561 	0.559017 	0.548293 	0.995301 	0.781425 	0.806226 	1.000312 	0.951315 	0.975320 	1.051190 	1.191900 	0.710634 	0.982980 	1.054751 	1.101136 	1.102554 	1.176063 	1.030776 	1.007782 	1.231107 	
1.532359 	0.570088 	0.726722 	0.956883 	1.450862 	1.611094 	1.414655 	1.219887 	1.538059 	0.261008 	0.654313 	1.329003 	1.347683 	0.588430 	2.440543 	1.055047 	0.811249 	9.000000 	2.706127 	1.569236 	0.333542 	1.155963 	1.178187 	1.296630 	1.288652 	1.226020 	1.103687 	1.243232 	1.212693 	1.093446 	0.776611 	1.196349 	1.557442 	1.191900 	0.901388 	1.773415 	1.491643 	1.515957 	1.741049 	1.673507 	1.703856 	1.796003 	1.960867 	1.129436 	1.681703 	1.760149 	1.819512 	1.814180 	1.892749 	1.625769 	1.550806 	1.800694 	
1.220656 	2.218248 	2.020211 	1.770946 	3.871773 	1.096016 	1.291559 	1.486607 	1.168867 	2.475126 	2.051828 	3.510787 	1.375000 	3.207900 	0.265754 	1.680030 	1.925162 	2.706127 	9.000000 	1.276959 	2.555020 	1.732953 	1.779396 	1.671264 	1.694476 	1.759616 	1.891098 	1.773415 	1.805893 	1.936814 	2.292651 	1.875667 	1.521923 	1.899013 	2.236767 	1.340009 	1.673507 	1.667708 	1.510174 	1.590990 	1.562850 	1.480287 	1.325000 	2.198010 	1.662077 	1.629801 	1.576785 	1.601757 	1.575000 	1.938105 	2.047101 	2.025617 	
