Total assets = 910
Number of asset nodes = 50

Distance:
999.000000 	98.883774 	24.596748 	18.439089 	18.027756 	86.769814 	106.230881 	24.515301 	30.675724 	83.546394 	104.043259 	72.945183 	19.416489 	77.781746 	106.254410 	32.015621 	99.809822 	63.126858 	87.783829 	19.924858 	80.156097 	82.734512 	27.018513 	28.017851 	30.149628 	31.257000 	77.897369 	86.267029 	79.309517 	27.892651 	29.427877 	81.688431 	31.257000 	30.594116 	30.083218 	30.364452 	35.227829 	30.463093 	33.734257 	34.928497 	34.481880 	38.600517 	42.011902 	43.566040 	44.102154 	43.600460 	43.139309 	45.000000 	44.821869 	44.553337 	46.754681 	47.423622 	55.785301 	58.872746 	58.180752 	58.694122 	60.406952 	60.373837 	62.649822 	63.694584 	64.078079 	66.483078 	
98.883774 	999.000000 	80.006248 	87.920418 	116.726173 	177.496475 	11.180340 	85.164543 	79.075912 	26.570660 	13.152946 	25.942244 	95.210297 	32.984844 	14.000000 	80.603973 	16.124516 	159.402008 	25.059929 	97.123634 	173.657715 	30.083218 	88.294960 	88.073830 	85.702972 	84.528099 	36.687874 	29.529646 	36.055511 	96.104111 	93.744331 	38.483765 	92.395889 	94.540993 	96.690224 	97.672920 	91.787796 	100.806747 	95.036835 	95.885345 	98.005104 	111.157547 	113.863953 	110.453613 	111.449539 	113.635384 	118.088951 	114.529472 	115.624390 	120.070816 	118.608597 	119.603508 	101.242287 	108.295891 	111.162041 	110.222504 	107.466270 	114.214706 	113.441612 	111.646767 	112.641022 	112.008926 	
24.596748 	80.006248 	999.000000 	8.062258 	39.597980 	111.364265 	85.906929 	6.324555 	7.071068 	61.294373 	83.186539 	54.571056 	15.297058 	55.000000 	85.422478 	9.486833 	78.390053 	87.200920 	65.459915 	17.262676 	104.623131 	60.000000 	11.180340 	11.661903 	11.313708 	11.401754 	54.561890 	63.411354 	55.973209 	18.681541 	17.464249 	57.982758 	17.492855 	18.788294 	20.248457 	21.189621 	19.849434 	23.769728 	21.095022 	22.472204 	23.706539 	35.171009 	38.600517 	37.161808 	38.078865 	39.217342 	41.976185 	40.496914 	41.109608 	43.931767 	43.965897 	44.922153 	40.607880 	45.967381 	46.754681 	46.690472 	46.754681 	49.678970 	50.931328 	50.931328 	51.623638 	53.150730 	
18.439089 	87.920418 	8.062258 	999.000000 	31.890438 	104.694794 	93.941475 	6.082763 	12.529964 	69.339745 	91.241440 	62.361847 	8.062258 	63.007935 	93.477272 	13.601471 	86.452301 	79.881165 	73.498299 	10.049875 	97.616600 	68.007355 	9.486833 	10.440307 	12.041595 	13.000000 	62.481998 	71.400284 	63.890530 	14.212670 	14.212670 	65.795135 	15.264338 	15.620500 	16.278820 	17.029387 	18.788294 	18.867962 	18.601076 	20.000000 	20.518284 	29.966648 	33.541019 	33.015148 	33.837849 	34.481880 	36.400551 	35.846897 	36.235340 	38.275318 	38.910152 	39.812057 	40.249222 	44.654228 	44.821869 	45.000000 	45.793011 	47.507893 	49.203659 	49.648766 	50.219517 	52.153618 	
18.027756 	116.726173 	39.597980 	31.890438 	999.000000 	74.632431 	123.822456 	37.202152 	44.204071 	100.424103 	121.490738 	90.785461 	28.178005 	94.366310 	123.713379 	44.654228 	117.068359 	48.373547 	104.637466 	27.313000 	66.708321 	99.357941 	37.589893 	38.470768 	41.182522 	42.544094 	94.111633 	102.825096 	95.524864 	34.481880 	37.000000 	97.580734 	39.217342 	37.643059 	36.138622 	35.902645 	43.011627 	34.365681 	40.261642 	41.000000 	39.623226 	37.483330 	40.024994 	43.416588 	43.566040 	41.976185 	39.217342 	43.174065 	42.449970 	39.924931 	43.324360 	43.657761 	60.074955 	61.131008 	59.413803 	60.299255 	63.071388 	60.827625 	63.639610 	65.375839 	65.490456 	68.359344 	
86.769814 	177.496475 	111.364265 	104.694794 	74.632431 	999.000000 	186.724396 	110.571243 	117.200684 	167.609665 	185.456192 	152.839783 	102.528046 	162.631485 	187.544662 	118.186295 	182.222397 	29.017237 	171.816757 	101.843018 	10.770329 	167.409683 	111.789978 	112.720894 	115.316956 	116.619041 	163.367691 	171.011688 	164.757401 	109.110039 	111.628853 	167.523132 	113.841995 	112.271988 	110.724884 	110.440025 	117.643532 	108.669220 	114.843369 	115.520561 	114.017540 	109.329773 	110.887329 	115.260574 	115.117332 	112.871605 	108.461975 	113.745331 	112.641022 	108.295891 	112.361023 	112.285347 	133.555237 	133.360413 	130.980911 	132.098450 	135.484314 	131.643463 	134.729355 	136.937943 	136.824707 	139.917831 	
106.230881 	11.180340 	85.906929 	93.941475 	123.822456 	186.724396 	999.000000 	90.620087 	84.154617 	27.073973 	4.472136 	33.970577 	100.846420 	34.132095 	3.605551 	85.381500 	10.440307 	167.737885 	24.020824 	102.693718 	182.521225 	30.000000 	93.300591 	92.973114 	90.443352 	89.185204 	37.000000 	28.160255 	36.013885 	100.881119 	98.371742 	37.336308 	96.840073 	99.040398 	101.242287 	102.200783 	95.801880 	105.361282 	99.201813 	99.924973 	102.107788 	115.208504 	117.686020 	113.951744 	114.934761 	117.277451 	122.024590 	118.067780 	119.239258 	123.975807 	122.184288 	123.166557 	103.077644 	110.040901 	113.110565 	112.071404 	109.004585 	116.068947 	115.004349 	113.004425 	114.004387 	113.070778 	
24.515301 	85.164543 	6.324555 	6.082763 	37.202152 	110.571243 	90.620087 	999.000000 	7.071068 	65.368187 	87.726852 	60.016663 	10.295630 	58.830265 	89.961105 	7.615773 	82.734512 	85.440041 	69.462219 	12.083046 	103.353760 	63.812225 	5.000000 	5.656854 	6.324555 	7.071068 	58.008621 	67.119293 	59.405388 	12.369317 	11.180340 	61.073727 	11.401754 	12.529964 	13.928389 	14.866069 	14.212670 	17.464249 	15.000000 	16.401220 	17.492855 	28.861740 	32.280025 	30.870699 	31.780497 	32.893768 	35.693138 	34.176014 	34.785053 	37.656342 	37.643059 	38.600517 	35.510563 	40.459858 	41.012192 	41.036568 	41.400482 	43.863426 	45.276924 	45.453274 	46.097721 	47.801674 	
30.675724 	79.075912 	7.071068 	12.529964 	44.204071 	117.200684 	84.154617 	7.071068 	999.000000 	58.591808 	81.154175 	54.332310 	17.204651 	51.971146 	83.384651 	2.828427 	76.059189 	92.358002 	62.649822 	18.867962 	110.145355 	56.938564 	9.219544 	9.055386 	7.071068 	6.324555 	51.039200 	60.207973 	52.430908 	17.117243 	15.000000 	54.037025 	14.142136 	16.031219 	18.000000 	19.000000 	15.231546 	22.022715 	17.464249 	18.681541 	20.396078 	33.060551 	36.221542 	33.955853 	34.928497 	36.496574 	40.049969 	37.656342 	38.470768 	42.047592 	41.436699 	42.426407 	34.655445 	40.459858 	41.617306 	41.400482 	41.036568 	44.654228 	45.607018 	45.343136 	46.097721 	47.381432 	
83.546394 	26.570660 	61.294373 	69.339745 	100.424103 	167.609665 	27.073973 	65.368187 	58.591808 	999.000000 	23.345236 	21.095022 	75.663727 	7.071068 	25.495098 	59.506302 	17.720045 	146.372818 	4.242640 	77.414467 	162.373032 	3.605551 	67.542580 	67.119293 	64.474800 	63.158531 	10.198039 	5.099020 	9.486833 	74.846512 	72.235725 	12.206555 	70.576202 	72.801102 	75.026665 	75.960518 	69.260376 	79.120163 	72.732384 	73.375748 	75.584389 	88.600227 	90.956032 	87.097649 	88.073830 	90.470993 	95.336250 	91.219513 	92.417534 	97.267670 	95.341492 	96.317184 	76.026314 	83.006027 	86.052307 	85.023529 	82.006096 	89.022469 	88.005684 	86.052307 	87.051712 	86.209045 	
104.043259 	13.152946 	83.186539 	91.241440 	121.490738 	185.456192 	4.472136 	87.726852 	81.154175 	23.345236 	999.000000 	32.649654 	97.989792 	30.413813 	2.236068 	82.280006 	6.082763 	165.951797 	20.024984 	99.809822 	181.024857 	26.076809 	90.249657 	89.888817 	87.315521 	86.034874 	33.060551 	24.020824 	32.015621 	97.739449 	95.189285 	33.136082 	93.605553 	95.817535 	98.030609 	98.979797 	92.444580 	102.142059 	95.880135 	96.566040 	98.762344 	111.825760 	114.236595 	110.421921 	111.400177 	113.780487 	118.600166 	114.542572 	115.732452 	120.540451 	118.663391 	119.641129 	99.181648 	106.117859 	109.224541 	108.166542 	105.042847 	112.160599 	111.040535 	109.004585 	110.004547 	109.018349 	
72.945183 	25.942244 	54.571056 	62.361847 	90.785461 	152.839783 	33.970577 	60.016663 	54.332310 	21.095022 	32.649654 	999.000000 	69.856995 	21.931713 	34.713108 	56.142673 	30.016663 	133.843185 	24.020824 	71.805290 	148.553024 	23.537205 	63.505905 	63.387695 	61.204575 	60.133186 	25.942244 	26.172504 	26.400757 	71.449280 	69.260376 	30.463093 	68.117546 	70.178345 	72.249565 	73.246162 	68.000000 	76.321686 	71.028160 	72.006943 	74.027023 	87.091904 	90.022217 	87.022987 	88.022728 	90.000000 	94.085068 	91.005493 	92.000000 	96.083298 	95.000000 	96.000000 	80.280754 	87.321243 	89.822044 	89.050545 	86.833176 	92.962357 	92.649879 	91.214035 	92.179176 	92.048897 	
19.416489 	95.210297 	15.297058 	8.062258 	28.178005 	102.528046 	100.846420 	10.295630 	17.204651 	75.663727 	97.989792 	69.856995 	999.000000 	69.115845 	100.224747 	16.970562 	93.021500 	76.537575 	79.755875 	2.000000 	94.847244 	74.094536 	9.433981 	10.295630 	13.038404 	14.422205 	68.242218 	77.388626 	69.634758 	8.544003 	10.049875 	71.217972 	12.000000 	11.180340 	10.770329 	11.180340 	16.000000 	12.041595 	14.317822 	15.524175 	15.231546 	22.472204 	26.076809 	26.172504 	26.907248 	27.202942 	28.635643 	28.600698 	28.844410 	30.463093 	31.384710 	32.249031 	36.400551 	39.812057 	39.446167 	39.824615 	41.231056 	41.880783 	43.908997 	44.721359 	45.177429 	47.423622 	
77.781746 	32.984844 	55.000000 	63.007935 	94.366310 	162.631485 	34.132095 	58.830265 	51.971146 	7.071068 	30.413813 	21.931713 	69.115845 	999.000000 	32.557640 	52.773098 	24.738634 	140.801285 	10.770329 	70.830788 	157.114609 	5.000000 	60.827625 	60.373837 	57.697487 	56.364883 	4.242640 	8.485281 	4.472136 	68.029404 	65.391129 	8.544003 	63.694584 	65.924202 	68.154236 	69.079666 	62.297672 	72.235725 	65.787537 	66.407829 	68.622154 	81.608826 	83.934502 	80.049988 	81.024689 	83.432610 	88.323273 	84.172440 	85.375641 	90.249657 	88.294960 	89.269257 	69.007248 	76.000000 	79.025314 	78.006409 	75.026665 	82.006096 	81.024689 	79.101204 	80.099937 	79.309517 	
106.254410 	14.000000 	85.422478 	93.477272 	123.713379 	187.544662 	3.605551 	89.961105 	83.384651 	25.495098 	2.236068 	34.713108 	100.224747 	32.557640 	999.000000 	84.504440 	8.000000 	168.121979 	22.090721 	102.044106 	183.152939 	28.160255 	92.477028 	92.114059 	89.537704 	88.255310 	35.128338 	26.000000 	34.058773 	99.959991 	97.406364 	35.057095 	95.817535 	98.030609 	100.244698 	101.192886 	94.641426 	104.355164 	98.081596 	98.762344 	100.960388 	114.017540 	116.417351 	112.587746 	113.564957 	115.952576 	120.784935 	116.709038 	117.902504 	122.723267 	120.830460 	121.807228 	101.242287 	108.166542 	111.287918 	110.222504 	107.074738 	114.214706 	113.070778 	111.018013 	112.017853 	111.004501 	
32.015621 	80.603973 	9.486833 	13.601471 	44.654228 	118.186295 	85.381500 	7.615773 	2.828427 	59.506302 	82.280006 	56.142673 	16.970562 	52.773098 	84.504440 	999.000000 	77.077881 	92.962357 	63.505905 	18.439089 	110.941429 	57.706154 	8.062258 	7.615773 	5.099020 	4.000000 	51.623638 	60.901562 	53.000000 	15.524175 	13.152946 	54.405884 	12.000000 	14.035668 	16.124516 	17.117243 	12.649111 	20.223749 	15.132746 	16.278820 	18.110771 	31.000000 	34.058773 	31.575306 	32.557640 	34.234486 	38.000000 	35.355339 	36.221542 	40.000000 	39.204590 	40.199501 	31.827662 	37.643059 	38.832977 	38.600517 	38.209946 	41.880783 	42.801868 	42.520584 	43.278172 	44.553337 	
99.809822 	16.124516 	78.390053 	86.452301 	117.068359 	182.222397 	10.440307 	82.734512 	76.059189 	17.720045 	6.082763 	30.016663 	93.021500 	24.738634 	8.000000 	77.077881 	999.000000 	162.114151 	14.142136 	94.810333 	177.519012 	20.223749 	85.088188 	84.693565 	82.079231 	80.777473 	27.166155 	18.000000 	26.076809 	92.477028 	89.888817 	27.073973 	88.255310 	90.476517 	92.698433 	93.637596 	86.977005 	96.798759 	90.443352 	91.093361 	93.300591 	106.320274 	108.669220 	104.785492 	105.759163 	108.171158 	113.053085 	108.908218 	110.113579 	114.982605 	113.030968 	114.004387 	93.263069 	100.179840 	103.310211 	102.239914 	99.080772 	106.230881 	105.076164 	103.019417 	104.019226 	103.004852 	
63.126858 	159.402008 	87.200920 	79.881165 	48.373547 	29.017237 	167.737885 	85.440041 	92.358002 	146.372818 	165.951797 	133.843185 	76.537575 	140.801285 	168.121979 	92.962357 	162.114151 	999.000000 	150.615402 	75.591003 	19.235384 	145.725769 	85.959290 	86.833176 	89.554451 	90.917542 	141.014191 	149.281616 	142.425415 	82.346825 	85.000000 	144.810226 	87.235313 	85.492691 	83.773506 	83.384651 	90.873535 	81.344948 	87.846458 	88.391174 	86.729462 	81.024689 	82.377182 	86.884979 	86.683334 	84.344528 	79.762146 	85.158676 	84.011902 	79.511009 	83.600243 	83.486526 	105.513031 	104.923782 	102.420700 	103.576057 	107.079407 	102.956299 	106.066017 	108.342049 	108.189651 	111.305885 	
87.783829 	25.059929 	65.459915 	73.498299 	104.637466 	171.816757 	24.020824 	69.462219 	62.649822 	4.242640 	20.024984 	24.020824 	79.755875 	10.770329 	22.090721 	63.505905 	14.142136 	150.615402 	999.000000 	81.492332 	166.604324 	6.082763 	71.554176 	71.112587 	68.447060 	67.119293 	13.038404 	4.472136 	12.000000 	78.790863 	76.157730 	13.601471 	74.464760 	76.694199 	78.924011 	79.849861 	73.054771 	83.006027 	76.550636 	77.162170 	79.378838 	92.347168 	94.641426 	90.708321 	91.678787 	94.111633 	99.040398 	94.831429 	96.046867 	100.960388 	98.954536 	99.924973 	79.158073 	86.092972 	89.202019 	88.141930 	85.023529 	92.135773 	91.021973 	89.000000 	90.000000 	89.050545 	
19.924858 	97.123634 	17.262676 	10.049875 	27.313000 	101.843018 	102.693718 	12.083046 	18.867962 	77.414467 	99.809822 	71.805290 	2.000000 	70.830788 	102.044106 	18.439089 	94.810333 	75.591003 	81.492332 	999.000000 	94.021271 	75.802376 	10.630146 	11.401754 	14.212670 	15.620500 	69.892776 	79.075912 	71.281136 	8.062258 	10.049875 	72.801102 	12.165525 	11.000000 	10.198039 	10.440307 	16.124516 	10.816654 	14.035668 	15.132746 	14.560220 	20.808653 	24.413111 	24.758837 	25.455845 	25.612497 	26.832815 	27.018513 	27.202942 	28.635643 	29.681644 	30.528675 	35.902645 	39.000000 	38.470768 	38.910152 	40.496914 	40.816662 	42.941822 	43.863426 	44.283180 	46.615448 	
80.156097 	173.657715 	104.623131 	97.616600 	66.708321 	10.770329 	182.521225 	103.353760 	110.145355 	162.373032 	181.024857 	148.553024 	94.847244 	157.114609 	183.152939 	110.941429 	177.519012 	19.235384 	166.604324 	94.021271 	999.000000 	161.969131 	104.216118 	105.118980 	107.786827 	109.123779 	157.610275 	165.556641 	159.012573 	101.019798 	103.619499 	161.604462 	105.848946 	104.177734 	102.528046 	102.181213 	109.562767 	100.244698 	106.625511 	107.224068 	105.621971 	100.224747 	101.607086 	106.099007 	105.905617 	103.576057 	98.994949 	104.393486 	103.247276 	98.731964 	102.825096 	102.703453 	124.663544 	124.149101 	121.655251 	122.808792 	126.301224 	122.188377 	125.299644 	127.577431 	127.424484 	130.541183 	
82.734512 	30.083218 	60.000000 	68.007355 	99.357941 	167.409683 	30.000000 	63.812225 	56.938564 	3.605551 	26.076809 	23.537205 	74.094536 	5.000000 	28.160255 	57.706154 	20.223749 	145.725769 	6.082763 	75.802376 	161.969131 	999.000000 	65.764732 	65.299309 	62.609905 	61.269894 	7.000000 	3.605551 	6.082763 	72.917763 	70.263786 	8.602325 	68.541962 	70.774292 	73.006851 	73.925636 	67.067131 	77.077881 	70.576202 	71.168816 	73.389374 	86.330757 	88.600227 	84.646324 	85.615417 	88.056801 	93.005379 	88.769363 	89.988892 	94.921021 	92.892410 	93.861603 	73.109505 	80.056229 	83.150467 	82.097504 	79.006332 	86.092972 	85.005882 	83.006027 	84.005951 	83.096329 	
27.018513 	88.294960 	11.180340 	9.486833 	37.589893 	111.789978 	93.300591 	5.000000 	9.219544 	67.542580 	90.249657 	63.505905 	9.433981 	60.827625 	92.477028 	8.062258 	85.088188 	85.959290 	71.554176 	10.630146 	104.216118 	65.764732 	999.000000 	1.000000 	3.605551 	5.000000 	59.682495 	68.963760 	61.057350 	8.000000 	6.324555 	62.425957 	6.403124 	7.615773 	9.219544 	10.198039 	9.433981 	13.038404 	10.000000 	11.401754 	12.529964 	24.331051 	27.658634 	26.000000 	26.925823 	28.160255 	31.257000 	29.410883 	30.083218 	33.241539 	32.984844 	33.955853 	30.886890 	35.608986 	36.069378 	36.124783 	36.619667 	38.897301 	40.360870 	40.607880 	41.231056 	43.011627 	
28.017851 	88.073830 	11.661903 	10.440307 	38.470768 	112.720894 	92.973114 	5.656854 	9.055386 	67.119293 	89.888817 	63.387695 	10.295630 	60.373837 	92.114059 	7.615773 	84.693565 	86.833176 	71.112587 	11.401754 	105.118980 	65.299309 	1.000000 	999.000000 	2.828427 	4.242640 	59.169250 	68.476273 	60.539242 	8.062258 	6.082763 	61.854668 	5.830952 	7.280110 	9.055386 	10.049875 	8.602325 	13.000000 	9.433981 	10.816654 	12.083046 	24.186773 	27.459061 	25.632011 	26.570660 	27.892651 	31.144823 	29.120440 	29.832869 	33.136082 	32.756680 	33.734257 	30.016663 	34.828148 	35.355339 	35.383614 	35.805027 	38.209946 	39.623226 	39.824615 	40.459858 	42.201897 	
30.149628 	85.702972 	11.313708 	12.041595 	41.182522 	115.316956 	90.443352 	6.324555 	7.071068 	64.474800 	87.315521 	61.204575 	13.038404 	57.697487 	89.537704 	5.099020 	82.079231 	89.554451 	68.447060 	14.212670 	107.786827 	62.609905 	3.605551 	2.828427 	999.000000 	1.414214 	56.435802 	65.764732 	57.801384 	10.440307 	8.062258 	59.076221 	7.071068 	9.000000 	11.045361 	12.041595 	8.602325 	15.132746 	10.440307 	11.704700 	13.341664 	26.019224 	29.154760 	26.925823 	27.892651 	29.427877 	33.015148 	30.594116 	31.400637 	35.014282 	34.365681 	35.355339 	29.410883 	34.655445 	35.468296 	35.383614 	35.468296 	38.418747 	39.623226 	39.623226 	40.311287 	41.868843 	
31.257000 	84.528099 	11.401754 	13.000000 	42.544094 	116.619041 	89.185204 	7.071068 	6.324555 	63.158531 	86.034874 	60.133186 	14.422205 	56.364883 	88.255310 	4.000000 	80.777473 	90.917542 	67.119293 	15.620500 	109.123779 	61.269894 	5.000000 	4.242640 	1.414214 	999.000000 	55.072678 	64.412735 	56.435802 	11.704700 	9.219544 	57.688820 	8.000000 	10.049875 	12.165525 	13.152946 	8.944272 	16.278820 	11.180340 	12.369317 	14.142136 	27.000000 	30.066593 	27.658634 	28.635643 	30.265491 	34.000000 	31.400637 	32.249031 	36.000000 	35.227829 	36.221542 	29.206163 	34.655445 	35.608986 	35.468296 	35.383614 	38.600517 	39.698868 	39.597980 	40.311287 	41.773197 	
77.897369 	36.687874 	54.561890 	62.481998 	94.111633 	163.367691 	37.000000 	58.008621 	51.039200 	10.198039 	33.060551 	25.942244 	68.242218 	4.242640 	35.128338 	51.623638 	27.166155 	141.014191 	13.038404 	69.892776 	157.610275 	7.000000 	59.682495 	59.169250 	56.435802 	55.072678 	999.000000 	9.486833 	1.414214 	66.648331 	63.953106 	5.000000 	62.169125 	64.404968 	66.640831 	67.542580 	60.539242 	70.682388 	64.078079 	64.621979 	66.850578 	79.711983 	81.908485 	77.884529 	78.847954 	81.320351 	86.330757 	82.006096 	83.240616 	88.232651 	86.127815 	87.091904 	66.121101 	73.061615 	76.164299 	75.106590 	72.006943 	79.101204 	78.006409 	76.006577 	77.006493 	76.105194 	
86.267029 	29.529646 	63.411354 	71.400284 	102.825096 	171.011688 	28.160255 	67.119293 	60.207973 	5.099020 	24.020824 	26.172504 	77.388626 	8.485281 	26.000000 	60.901562 	18.000000 	149.281616 	4.472136 	79.075912 	165.556641 	3.605551 	68.963760 	68.476273 	65.764732 	64.412735 	9.486833 	999.000000 	8.246211 	76.026314 	73.348480 	9.219544 	71.589104 	73.824112 	76.059189 	76.967529 	70.007141 	80.112419 	73.539108 	74.094536 	76.321686 	89.196411 	91.394745 	87.361320 	88.323273 	90.801979 	95.817535 	91.482239 	92.720009 	97.718987 	95.603348 	96.566040 	75.325958 	82.219215 	85.375641 	84.291161 	81.098709 	88.277969 	87.091904 	85.023529 	86.023254 	85.005882 	
79.309517 	36.055511 	55.973209 	63.890530 	95.524864 	164.757401 	36.013885 	59.405388 	52.430908 	9.486833 	32.015621 	26.400757 	69.634758 	4.472136 	34.058773 	53.000000 	26.076809 	142.425415 	12.000000 	71.281136 	159.012573 	6.082763 	61.057350 	60.539242 	57.801384 	56.435802 	1.414214 	8.246211 	999.000000 	68.000000 	65.299309 	4.123106 	63.505905 	65.741920 	67.977936 	68.876701 	61.846584 	72.013885 	65.391129 	65.924202 	68.154236 	80.993828 	83.168503 	79.120163 	80.081207 	82.565125 	87.595665 	83.240616 	84.480766 	89.493019 	87.361320 	88.323273 	67.186310 	74.108032 	77.233414 	76.164299 	73.027390 	80.156097 	79.025314 	77.000000 	78.000000 	77.058418 	
27.892651 	96.104111 	18.681541 	14.212670 	34.481880 	109.110039 	100.881119 	12.369317 	17.117243 	74.846512 	97.739449 	71.449280 	8.544003 	68.029404 	99.959991 	15.524175 	92.477028 	82.346825 	78.790863 	8.062258 	101.019798 	72.917763 	8.000000 	8.062258 	10.440307 	11.704700 	66.648331 	76.026314 	68.000000 	999.000000 	2.828427 	69.115845 	5.000000 	3.162278 	2.236068 	2.828427 	8.544003 	5.099020 	6.000000 	7.071068 	6.708204 	16.492422 	19.924858 	18.867962 	19.723083 	20.615528 	23.345236 	21.931713 	22.472204 	25.317978 	25.298222 	26.248810 	27.892651 	31.304953 	31.064449 	31.384710 	32.695564 	33.600594 	35.510563 	36.235340 	36.715118 	38.910152 	
29.427877 	93.744331 	17.464249 	14.212670 	37.000000 	111.628853 	98.371742 	11.180340 	15.000000 	72.235725 	95.189285 	69.260376 	10.049875 	65.391129 	97.406364 	13.152946 	89.888817 	85.000000 	76.157730 	10.049875 	103.619499 	70.263786 	6.324555 	6.082763 	8.062258 	9.219544 	63.953106 	73.348480 	65.299309 	2.828427 	999.000000 	66.370171 	2.236068 	1.414214 	3.000000 	4.000000 	6.082763 	7.071068 	4.472136 	5.830952 	6.403124 	18.110771 	21.377558 	19.697716 	20.615528 	21.840330 	25.079872 	23.086792 	23.769728 	27.073973 	26.683329 	27.658634 	26.570660 	30.528675 	30.610456 	30.805843 	31.764761 	33.301651 	35.000000 	35.510563 	36.055511 	38.078865 	
81.688431 	38.483765 	57.982758 	65.795135 	97.580734 	167.523132 	37.336308 	61.073727 	54.037025 	12.206555 	33.136082 	30.463093 	71.217972 	8.544003 	35.057095 	54.405884 	27.073973 	144.810226 	13.601471 	72.801102 	161.604462 	8.602325 	62.425957 	61.854668 	59.076221 	57.688820 	5.000000 	9.219544 	4.123106 	69.115845 	66.370171 	999.000000 	64.498062 	66.730804 	68.963760 	69.835518 	62.609905 	72.945183 	66.189125 	66.640831 	68.876701 	81.541397 	83.570328 	79.378838 	80.324341 	82.873398 	88.022728 	83.486526 	84.758484 	89.888817 	87.595665 	88.543777 	66.610809 	73.437050 	76.655075 	75.538071 	72.249565 	79.511009 	78.230431 	76.105194 	77.103828 	76.006577 	
31.257000 	92.395889 	17.492855 	15.264338 	39.217342 	113.841995 	96.840073 	11.401754 	14.142136 	70.576202 	93.605553 	68.117546 	12.000000 	63.694584 	95.817535 	12.000000 	88.255310 	87.235313 	74.464760 	12.165525 	105.848946 	68.541962 	6.403124 	5.830952 	7.071068 	8.000000 	62.169125 	71.589104 	63.505905 	5.000000 	2.236068 	64.498062 	999.000000 	2.236068 	4.472136 	5.385165 	4.000000 	8.544003 	3.605551 	5.000000 	6.324555 	19.000000 	22.090721 	19.924858 	20.880613 	22.360680 	26.000000 	23.537205 	24.331051 	28.000000 	27.294687 	28.284271 	25.079872 	29.410883 	29.732138 	29.832869 	30.528675 	32.526913 	34.058773 	34.409302 	35.000000 	36.891735 	
30.594116 	94.540993 	18.788294 	15.620500 	37.643059 	112.271988 	99.040398 	12.529964 	16.031219 	72.801102 	95.817535 	70.178345 	11.180340 	65.924202 	98.030609 	14.035668 	90.476517 	85.492691 	76.694199 	11.000000 	104.177734 	70.774292 	7.615773 	7.280110 	9.000000 	10.049875 	64.404968 	73.824112 	65.741920 	3.162278 	1.414214 	66.730804 	2.236068 	999.000000 	2.236068 	3.162278 	5.385165 	6.324555 	3.162278 	4.472136 	5.000000 	17.029387 	20.223749 	18.384777 	19.313208 	20.615528 	24.020824 	21.840330 	22.561028 	26.019224 	25.495098 	26.476404 	25.298222 	29.154760 	29.206163 	29.410883 	30.413813 	31.890438 	33.600594 	34.132095 	34.669872 	36.715118 	
30.083218 	96.690224 	20.248457 	16.278820 	36.138622 	110.724884 	101.242287 	13.928389 	18.000000 	75.026665 	98.030609 	72.249565 	10.770329 	68.154236 	100.244698 	16.124516 	92.698433 	83.773506 	78.924011 	10.198039 	102.528046 	73.006851 	9.219544 	9.055386 	11.045361 	12.165525 	66.640831 	76.059189 	67.977936 	2.236068 	3.000000 	68.963760 	4.472136 	2.236068 	999.000000 	1.000000 	7.211102 	4.123106 	4.123106 	5.000000 	4.472136 	15.132746 	18.439089 	17.000000 	17.888544 	18.973665 	22.090721 	20.248457 	20.880613 	24.083189 	23.769728 	24.738634 	25.709921 	29.068884 	28.844410 	29.154760 	30.463093 	31.400637 	33.286633 	34.000000 	34.481880 	36.674240 	
30.364452 	97.672920 	21.189621 	17.029387 	35.902645 	110.440025 	102.200783 	14.866069 	19.000000 	75.960518 	98.979797 	73.246162 	11.180340 	69.079666 	101.192886 	17.117243 	93.637596 	83.384651 	79.849861 	10.440307 	102.181213 	73.925636 	10.198039 	10.049875 	12.041595 	13.152946 	67.542580 	76.967529 	68.876701 	2.828427 	4.000000 	69.835518 	5.385165 	3.162278 	1.000000 	999.000000 	7.810250 	3.162278 	4.472136 	5.099020 	4.123106 	14.142136 	17.464249 	16.124516 	17.000000 	18.027756 	21.095022 	19.313208 	19.924858 	23.086792 	22.803509 	23.769728 	25.495098 	28.635643 	28.301943 	28.653097 	30.083218 	30.805843 	32.756680 	33.541019 	34.000000 	36.249138 	
35.227829 	91.787796 	19.849434 	18.788294 	43.011627 	117.643532 	95.801880 	14.212670 	15.231546 	69.260376 	92.444580 	68.000000 	16.000000 	62.297672 	94.641426 	12.649111 	86.977005 	90.873535 	73.054771 	16.124516 	109.562767 	67.067131 	9.433981 	8.602325 	8.602325 	8.944272 	60.539242 	70.007141 	61.846584 	8.544003 	6.082763 	62.609905 	4.000000 	5.385165 	7.211102 	7.810250 	999.000000 	10.630146 	3.605551 	4.123106 	6.324555 	19.416489 	22.090721 	19.104973 	20.099751 	22.000000 	26.305893 	23.021729 	24.000000 	28.284271 	27.000000 	28.000000 	21.470911 	26.248810 	26.907248 	26.870058 	27.202942 	29.832869 	31.112698 	31.240999 	31.890438 	33.600594 	
30.463093 	100.806747 	23.769728 	18.867962 	34.365681 	108.669220 	105.361282 	17.464249 	22.022715 	79.120163 	102.142059 	76.321686 	12.041595 	72.235725 	104.355164 	20.223749 	96.798759 	81.344948 	83.006027 	10.816654 	100.244698 	77.077881 	13.038404 	13.000000 	15.132746 	16.278820 	70.682388 	80.112419 	72.013885 	5.099020 	7.071068 	72.945183 	8.544003 	6.324555 	4.123106 	3.162278 	10.630146 	999.000000 	7.071068 	7.211102 	5.385165 	11.401754 	14.866069 	14.212670 	15.000000 	15.652476 	18.248287 	17.000000 	17.464249 	20.223749 	20.248457 	21.189621 	26.076809 	28.460499 	27.730848 	28.231188 	30.083218 	30.016663 	32.202484 	33.241539 	33.615471 	36.055511 	
33.734257 	95.036835 	21.095022 	18.601076 	40.261642 	114.843369 	99.201813 	15.000000 	17.464249 	72.732384 	95.880135 	71.028160 	14.317822 	65.787537 	98.081596 	15.132746 	90.443352 	87.846458 	76.550636 	14.035668 	106.625511 	70.576202 	10.000000 	9.433981 	10.440307 	11.180340 	64.078079 	73.539108 	65.391129 	6.000000 	4.472136 	66.189125 	3.605551 	3.162278 	4.123106 	4.472136 	3.605551 	7.071068 	999.000000 	1.414214 	3.000000 	16.124516 	19.000000 	16.492422 	17.464249 	19.104973 	23.086792 	20.223749 	21.095022 	25.079872 	24.083189 	25.079872 	22.135944 	26.076809 	26.248810 	26.400757 	27.294687 	29.000000 	30.610456 	31.064449 	31.622776 	33.615471 	
34.928497 	95.885345 	22.472204 	20.000000 	41.000000 	115.520561 	99.924973 	16.401220 	18.681541 	73.375748 	96.566040 	72.006943 	15.524175 	66.407829 	98.762344 	16.278820 	91.093361 	88.391174 	77.162170 	15.132746 	107.224068 	71.168816 	11.401754 	10.816654 	11.704700 	12.369317 	64.621979 	74.094536 	65.924202 	7.071068 	5.830952 	66.640831 	5.000000 	4.472136 	5.000000 	5.099020 	4.123106 	7.211102 	1.414214 	999.000000 	2.236068 	15.297058 	18.027756 	15.297058 	16.278820 	18.027756 	22.203604 	19.104973 	20.024984 	24.186773 	23.021729 	24.020824 	20.880613 	24.698177 	24.839485 	25.000000 	25.942244 	27.586229 	29.206163 	29.681644 	30.232433 	32.249031 	
34.481880 	98.005104 	23.706539 	20.518284 	39.623226 	114.017540 	102.107788 	17.492855 	20.396078 	75.584389 	98.762344 	74.027023 	15.231546 	68.622154 	100.960388 	18.110771 	93.300591 	86.729462 	79.378838 	14.560220 	105.621971 	73.389374 	12.529964 	12.083046 	13.341664 	14.142136 	66.850578 	76.321686 	68.154236 	6.708204 	6.403124 	68.876701 	6.324555 	5.000000 	4.472136 	4.123106 	6.324555 	5.385165 	3.000000 	2.236068 	999.000000 	13.152946 	16.000000 	13.601471 	14.560220 	16.124516 	20.099751 	17.262676 	18.110771 	22.090721 	21.095022 	22.090721 	21.377558 	24.596748 	24.413111 	24.698177 	26.000000 	27.018513 	28.844410 	29.529646 	30.016663 	32.202484 	
38.600517 	111.157547 	35.171009 	29.966648 	37.483330 	109.329773 	115.208504 	28.861740 	33.060551 	88.600227 	111.825760 	87.091904 	22.472204 	81.608826 	114.017540 	31.000000 	106.320274 	81.024689 	92.347168 	20.808653 	100.224747 	86.330757 	24.331051 	24.186773 	26.019224 	27.000000 	79.711983 	89.196411 	80.993828 	16.492422 	18.110771 	81.541397 	19.000000 	17.029387 	15.132746 	14.142136 	19.416489 	11.401754 	16.124516 	15.297058 	13.152946 	999.000000 	3.605551 	6.000000 	6.082763 	5.000000 	7.000000 	6.403124 	6.403124 	9.000000 	8.944272 	9.848858 	24.698177 	24.083189 	22.022715 	23.000000 	26.172504 	23.345236 	26.172504 	28.017851 	28.071337 	31.016125 	
42.011902 	113.863953 	38.600517 	33.541019 	40.024994 	110.887329 	117.686020 	32.280025 	36.221542 	90.956032 	114.236595 	90.022217 	26.076809 	83.934502 	116.417351 	34.058773 	108.669220 	82.377182 	94.641426 	24.413111 	101.607086 	88.600227 	27.658634 	27.459061 	29.154760 	30.066593 	81.908485 	91.394745 	83.168503 	19.924858 	21.377558 	83.570328 	22.090721 	20.223749 	18.439089 	17.464249 	22.090721 	14.866069 	19.000000 	18.027756 	16.000000 	3.605551 	999.000000 	5.000000 	4.472136 	2.000000 	4.472136 	3.162278 	2.828427 	6.324555 	5.385165 	6.324555 	24.186773 	22.561028 	20.099751 	21.213203 	24.738634 	21.023796 	24.000000 	26.076809 	26.019224 	29.068884 	
43.566040 	110.453613 	37.161808 	33.015148 	43.416588 	115.260574 	113.951744 	30.870699 	33.955853 	87.097649 	110.421921 	87.022987 	26.172504 	80.049988 	112.587746 	31.575306 	104.785492 	86.884979 	90.708321 	24.758837 	106.099007 	84.646324 	26.000000 	25.632011 	26.925823 	27.658634 	77.884529 	87.361320 	79.120163 	18.867962 	19.697716 	79.378838 	19.924858 	18.384777 	17.000000 	16.124516 	19.104973 	14.212670 	16.492422 	15.297058 	13.601471 	6.000000 	5.000000 	999.000000 	1.000000 	3.605551 	9.219544 	4.123106 	5.385165 	10.816654 	8.246211 	9.219544 	19.235384 	18.110771 	16.031219 	17.000000 	20.223749 	17.464249 	20.223749 	22.022715 	22.090721 	25.019993 	
44.102154 	111.449539 	38.078865 	33.837849 	43.566040 	115.117332 	114.934761 	31.780497 	34.928497 	88.073830 	111.400177 	88.022728 	26.907248 	81.024689 	113.564957 	32.557640 	105.759163 	86.683334 	91.678787 	25.455845 	105.905617 	85.615417 	26.925823 	26.570660 	27.892651 	28.635643 	78.847954 	88.323273 	80.081207 	19.723083 	20.615528 	80.324341 	20.880613 	19.313208 	17.888544 	17.000000 	20.099751 	15.000000 	17.464249 	16.278820 	14.560220 	6.082763 	4.472136 	1.000000 	999.000000 	2.828427 	8.485281 	3.162278 	4.472136 	10.000000 	7.280110 	8.246211 	19.723083 	18.248287 	16.000000 	17.029387 	20.396078 	17.262676 	20.099751 	22.000000 	22.022715 	25.000000 	
43.600460 	113.635384 	39.217342 	34.481880 	41.976185 	112.871605 	117.277451 	32.893768 	36.496574 	90.470993 	113.780487 	90.000000 	27.202942 	83.432610 	115.952576 	34.234486 	108.171158 	84.344528 	94.111633 	25.612497 	103.576057 	88.056801 	28.160255 	27.892651 	29.427877 	30.265491 	81.320351 	90.801979 	82.565125 	20.615528 	21.840330 	82.873398 	22.360680 	20.615528 	18.973665 	18.027756 	22.000000 	15.652476 	19.104973 	18.027756 	16.124516 	5.000000 	2.000000 	3.605551 	2.828427 	999.000000 	5.656854 	1.414214 	2.000000 	7.211102 	5.000000 	6.000000 	22.472204 	20.615528 	18.110771 	19.235384 	22.803509 	19.026299 	22.000000 	24.083189 	24.020824 	27.073973 	
43.139309 	118.088951 	41.976185 	36.400551 	39.217342 	108.461975 	122.024590 	35.693138 	40.049969 	95.336250 	118.600166 	94.085068 	28.635643 	88.323273 	120.784935 	38.000000 	113.053085 	79.762146 	99.040398 	26.832815 	98.994949 	93.005379 	31.257000 	31.144823 	33.015148 	34.000000 	86.330757 	95.817535 	87.595665 	23.345236 	25.079872 	88.022728 	26.000000 	24.020824 	22.090721 	21.095022 	26.305893 	18.248287 	23.086792 	22.203604 	20.099751 	7.000000 	4.472136 	9.219544 	8.485281 	5.656854 	999.000000 	5.830952 	4.472136 	2.000000 	4.123106 	4.472136 	28.017851 	25.632011 	22.803509 	24.041630 	27.856777 	23.194826 	26.305893 	28.635643 	28.442924 	31.575306 	
45.000000 	114.529472 	40.496914 	35.846897 	43.174065 	113.745331 	118.067780 	34.176014 	37.656342 	91.219513 	114.542572 	91.005493 	28.600698 	84.172440 	116.709038 	35.355339 	108.908218 	85.158676 	94.831429 	27.018513 	104.393486 	88.769363 	29.410883 	29.120440 	30.594116 	31.400637 	82.006096 	91.482239 	83.240616 	21.931713 	23.086792 	83.486526 	23.537205 	21.840330 	20.248457 	19.313208 	23.021729 	17.000000 	20.223749 	19.104973 	17.262676 	6.403124 	3.162278 	4.123106 	3.162278 	1.414214 	5.830952 	999.000000 	1.414214 	7.071068 	4.123106 	5.099020 	22.203604 	19.924858 	17.262676 	18.439089 	22.135944 	18.000000 	21.023796 	23.194826 	23.086792 	26.172504 	
44.821869 	115.624390 	41.109608 	36.235340 	42.449970 	112.641022 	119.239258 	34.785053 	38.470768 	92.417534 	115.732452 	92.000000 	28.844410 	85.375641 	117.902504 	36.221542 	110.113579 	84.011902 	96.046867 	27.202942 	103.247276 	89.988892 	30.083218 	29.832869 	31.400637 	32.249031 	83.240616 	92.720009 	84.480766 	22.472204 	23.769728 	84.758484 	24.331051 	22.561028 	20.880613 	19.924858 	24.000000 	17.464249 	21.095022 	20.024984 	18.110771 	6.403124 	2.828427 	5.385165 	4.472136 	2.000000 	4.472136 	1.414214 	999.000000 	5.656854 	3.000000 	4.000000 	23.600847 	21.189621 	18.439089 	19.646883 	23.409399 	19.026299 	22.090721 	24.331051 	24.186773 	27.294687 	
44.553337 	120.070816 	43.931767 	38.275318 	39.924931 	108.295891 	123.975807 	37.656342 	42.047592 	97.267670 	120.540451 	96.083298 	30.463093 	90.249657 	122.723267 	40.000000 	114.982605 	79.511009 	100.960388 	28.635643 	98.731964 	94.921021 	33.241539 	33.136082 	35.014282 	36.000000 	88.232651 	97.718987 	89.493019 	25.317978 	27.073973 	89.888817 	28.000000 	26.019224 	24.083189 	23.086792 	28.284271 	20.223749 	25.079872 	24.186773 	22.090721 	9.000000 	6.324555 	10.816654 	10.000000 	7.211102 	2.000000 	7.071068 	5.656854 	999.000000 	4.123106 	4.000000 	29.206163 	26.400757 	23.409399 	24.698177 	28.635643 	23.537205 	26.683329 	29.120440 	28.861740 	32.015621 	
46.754681 	118.608597 	43.965897 	38.910152 	43.324360 	112.361023 	122.184288 	37.643059 	41.436699 	95.341492 	118.663391 	95.000000 	31.384710 	88.294960 	120.830460 	39.204590 	113.030968 	83.600243 	98.954536 	29.681644 	102.825096 	92.892410 	32.984844 	32.756680 	34.365681 	35.227829 	86.127815 	95.603348 	87.361320 	25.298222 	26.683329 	87.595665 	27.294687 	25.495098 	23.769728 	22.803509 	27.000000 	20.248457 	24.083189 	23.021729 	21.095022 	8.944272 	5.385165 	8.246211 	7.280110 	5.000000 	4.123106 	4.123106 	3.000000 	4.123106 	999.000000 	1.000000 	25.495098 	22.360680 	19.313208 	20.615528 	24.596748 	19.416489 	22.561028 	25.000000 	24.738634 	27.892651 	
47.423622 	119.603508 	44.922153 	39.812057 	43.657761 	112.285347 	123.166557 	38.600517 	42.426407 	96.317184 	119.641129 	96.000000 	32.249031 	89.269257 	121.807228 	40.199501 	114.004387 	83.486526 	99.924973 	30.528675 	102.703453 	93.861603 	33.955853 	33.734257 	35.355339 	36.221542 	87.091904 	96.566040 	88.323273 	26.248810 	27.658634 	88.543777 	28.284271 	26.476404 	24.738634 	23.769728 	28.000000 	21.189621 	25.079872 	24.020824 	22.090721 	9.848858 	6.324555 	9.219544 	8.246211 	6.000000 	4.472136 	5.099020 	4.000000 	4.000000 	1.000000 	999.000000 	26.172504 	22.825424 	19.697716 	21.023796 	25.059929 	19.646883 	22.803509 	25.298222 	25.000000 	28.160255 	
55.785301 	101.242287 	40.607880 	40.249222 	60.074955 	133.555237 	103.077644 	35.510563 	34.655445 	76.026314 	99.181648 	80.280754 	36.400551 	69.007248 	101.242287 	31.827662 	93.263069 	105.513031 	79.158073 	35.902645 	124.663544 	73.109505 	30.886890 	30.016663 	29.410883 	29.206163 	66.121101 	75.325958 	67.186310 	27.892651 	26.570660 	66.610809 	25.079872 	25.298222 	25.709921 	25.495098 	21.470911 	26.076809 	22.135944 	20.880613 	21.377558 	24.698177 	24.186773 	19.235384 	19.723083 	22.472204 	28.017851 	22.203604 	23.600847 	29.206163 	25.495098 	26.172504 	999.000000 	7.071068 	10.049875 	9.000000 	6.708204 	13.000000 	12.369317 	11.180340 	12.083046 	12.806249 	
58.872746 	108.295891 	45.967381 	44.654228 	61.131008 	133.360413 	110.040901 	40.459858 	40.459858 	83.006027 	106.117859 	87.321243 	39.812057 	76.000000 	108.166542 	37.643059 	100.179840 	104.923782 	86.092972 	39.000000 	124.149101 	80.056229 	35.608986 	34.828148 	34.655445 	34.655445 	73.061615 	82.219215 	74.108032 	31.304953 	30.528675 	73.437050 	29.410883 	29.154760 	29.068884 	28.635643 	26.248810 	28.460499 	26.076809 	24.698177 	24.596748 	24.083189 	22.561028 	18.110771 	18.248287 	20.615528 	25.632011 	19.924858 	21.189621 	26.400757 	22.360680 	22.825424 	7.071068 	999.000000 	3.605551 	2.236068 	2.236068 	6.082763 	5.385165 	5.000000 	5.656854 	7.615773 	
58.180752 	111.162041 	46.754681 	44.821869 	59.413803 	130.980911 	113.110565 	41.012192 	41.617306 	86.052307 	109.224541 	89.822044 	39.446167 	79.025314 	111.287918 	38.832977 	103.310211 	102.420700 	89.202019 	38.470768 	121.655251 	83.150467 	36.069378 	35.355339 	35.468296 	35.608986 	76.164299 	85.375641 	77.233414 	31.064449 	30.610456 	76.655075 	29.732138 	29.206163 	28.844410 	28.301943 	26.907248 	27.730848 	26.248810 	24.839485 	24.413111 	22.022715 	20.099751 	16.031219 	16.000000 	18.110771 	22.803509 	17.262676 	18.439089 	23.409399 	19.313208 	19.697716 	10.049875 	3.605551 	999.000000 	1.414214 	5.656854 	3.162278 	4.472136 	6.000000 	6.082763 	9.000000 	
58.694122 	110.222504 	46.690472 	45.000000 	60.299255 	132.098450 	112.071404 	41.036568 	41.400482 	85.023529 	108.166542 	89.050545 	39.824615 	78.006409 	110.222504 	38.600517 	102.239914 	103.576057 	88.141930 	38.910152 	122.808792 	82.097504 	36.124783 	35.383614 	35.383614 	35.468296 	75.106590 	84.291161 	76.164299 	31.384710 	30.805843 	75.538071 	29.832869 	29.410883 	29.154760 	28.653097 	26.870058 	28.231188 	26.400757 	25.000000 	24.698177 	23.000000 	21.213203 	17.000000 	17.029387 	19.235384 	24.041630 	18.439089 	19.646883 	24.698177 	20.615528 	21.023796 	9.000000 	2.236068 	1.414214 	999.000000 	4.242640 	4.000000 	4.242640 	5.099020 	5.385165 	8.062258 	
60.406952 	107.466270 	46.754681 	45.793011 	63.071388 	135.484314 	109.004585 	41.400482 	41.036568 	82.006096 	105.042847 	86.833176 	41.231056 	75.026665 	107.074738 	38.209946 	99.080772 	107.079407 	85.023529 	40.496914 	126.301224 	79.006332 	36.619667 	35.805027 	35.468296 	35.383614 	72.006943 	81.098709 	73.027390 	32.695564 	31.764761 	72.249565 	30.528675 	30.413813 	30.463093 	30.083218 	27.202942 	30.083218 	27.294687 	25.942244 	26.000000 	26.172504 	24.738634 	20.223749 	20.396078 	22.803509 	27.856777 	22.135944 	23.409399 	28.635643 	24.596748 	25.059929 	6.708204 	2.236068 	5.656854 	4.242640 	999.000000 	7.615773 	6.000000 	4.472136 	5.385165 	6.403124 	
60.373837 	114.214706 	49.678970 	47.507893 	60.827625 	131.643463 	116.068947 	43.863426 	44.654228 	89.022469 	112.160599 	92.962357 	41.880783 	82.006096 	114.214706 	41.880783 	106.230881 	102.956299 	92.135773 	40.816662 	122.188377 	86.092972 	38.897301 	38.209946 	38.418747 	38.600517 	79.101204 	88.277969 	80.156097 	33.600594 	33.301651 	79.511009 	32.526913 	31.890438 	31.400637 	30.805843 	29.832869 	30.016663 	29.000000 	27.586229 	27.018513 	23.345236 	21.023796 	17.464249 	17.262676 	19.026299 	23.194826 	18.000000 	19.026299 	23.537205 	19.416489 	19.646883 	13.000000 	6.082763 	3.162278 	4.000000 	7.615773 	999.000000 	3.162278 	5.830952 	5.385165 	8.544003 	
