Total assets = 560
Number of asset nodes = 33

Distance:
999.000000 	67.424034 	29.732138 	97.000000 	10.000000 	29.832869 	84.628601 	39.849716 	16.124516 	22.000000 	41.868843 	59.548298 	60.440052 	70.936592 	103.392456 	117.613777 	70.604530 	102.176315 	26.925823 	118.088951 	78.032043 	16.401220 	111.126053 	125.992065 	10.440307 	55.027267 	28.600698 	20.615528 	80.622574 	105.261581 	13.038404 	130.969467 	30.000000 	21.400934 	35.057095 	14.422205 	29.068884 	85.088188 	42.296574 	123.794182 	24.413111 	97.097885 	89.067390 	75.392311 	26.419689 	59.439045 	41.400482 	59.228371 	26.076809 	56.718605 	
67.424034 	999.000000 	39.623226 	31.064449 	77.420929 	41.231056 	17.204651 	31.906113 	56.586216 	51.088158 	25.942244 	10.000000 	8.062258 	7.071068 	40.496914 	56.612720 	4.123106 	35.468296 	94.302704 	53.000000 	12.041595 	83.240616 	45.000000 	61.773781 	71.449280 	21.213203 	96.020828 	87.458565 	15.033297 	38.183765 	74.966660 	66.730804 	97.416634 	88.090858 	42.059483 	69.354164 	96.400208 	19.235384 	36.400551 	57.801384 	90.785461 	29.966648 	23.345236 	18.601076 	92.021736 	26.172504 	108.811768 	27.166155 	62.433964 	30.016663 	
29.732138 	39.623226 	999.000000 	70.434364 	39.395432 	3.162278 	56.586216 	10.198039 	16.970562 	11.661903 	17.464249 	33.615471 	33.837849 	44.407207 	78.549347 	93.941475 	43.278172 	75.073296 	56.364883 	92.200867 	49.203659 	44.418465 	84.504440 	100.687637 	32.015621 	25.298222 	57.706154 	48.548943 	51.613953 	77.794601 	35.468296 	105.683487 	59.059292 	49.091751 	10.630146 	29.732138 	57.801384 	56.035702 	14.866069 	97.308784 	51.613953 	68.410522 	59.908264 	45.694637 	52.630791 	30.149628 	70.327805 	30.066593 	24.738634 	28.017851 	
97.000000 	31.064449 	70.434364 	999.000000 	106.962608 	72.201111 	16.278820 	62.968246 	87.321243 	82.006096 	55.172459 	37.483330 	36.796738 	26.172504 	12.369317 	28.000000 	27.202942 	6.082763 	123.555656 	21.954498 	25.495098 	113.172432 	14.142136 	30.870699 	101.911728 	51.078373 	125.495018 	117.413795 	25.079872 	10.049875 	105.475113 	35.777088 	126.905479 	118.105888 	73.061615 	100.124924 	126.063477 	23.086792 	67.082039 	26.907248 	120.917328 	16.401220 	22.803509 	37.054016 	122.347862 	53.851646 	138.293167 	54.817879 	93.493317 	58.240879 	
10.000000 	77.420929 	39.395432 	106.962608 	999.000000 	39.217342 	94.625580 	49.396355 	24.331051 	30.594116 	51.855568 	69.526970 	70.434364 	80.919716 	113.216606 	127.283150 	80.603973 	112.160599 	17.000000 	127.988281 	87.982956 	7.280110 	121.082619 	135.830780 	11.704700 	64.621979 	18.601076 	11.180340 	90.553848 	115.256233 	11.401754 	140.801285 	20.000000 	12.083046 	43.737854 	17.088007 	19.104973 	95.015785 	51.195702 	133.734818 	15.231546 	107.070068 	98.979797 	85.088188 	17.720045 	68.680420 	31.400637 	68.410522 	31.048349 	65.734314 	
29.832869 	41.231056 	3.162278 	72.201111 	39.217342 	999.000000 	58.000000 	10.295630 	15.811388 	9.899495 	20.223749 	35.777088 	35.846897 	46.324940 	80.622574 	96.150925 	45.000000 	76.694199 	56.080299 	94.047859 	50.328918 	43.829212 	86.214851 	102.625534 	31.064449 	25.495098 	57.271286 	47.885281 	52.630791 	79.309517 	34.409302 	107.615051 	58.600342 	48.373547 	7.810250 	28.319605 	57.245087 	57.008770 	13.152946 	99.020203 	50.774010 	69.526970 	60.802959 	46.065170 	51.613953 	29.614185 	69.771057 	29.427877 	22.135944 	27.073973 	
84.628601 	17.204651 	56.586216 	16.278820 	94.625580 	58.000000 	999.000000 	48.270073 	73.552704 	67.896980 	43.046486 	26.000000 	24.596748 	15.297058 	28.000000 	44.102154 	14.317822 	19.235384 	111.503365 	37.696156 	9.219544 	100.424103 	29.068884 	46.818798 	88.526833 	35.355339 	113.225441 	104.637466 	9.055386 	21.400934 	92.021736 	51.623638 	114.621117 	105.261581 	58.008621 	86.267029 	113.600174 	8.602325 	51.623638 	41.677334 	107.935165 	13.341664 	10.816654 	21.023796 	109.123779 	37.643059 	126.015869 	38.600517 	78.600258 	42.059483 	
39.849716 	31.906113 	10.198039 	62.968246 	49.396355 	10.295630 	48.270073 	999.000000 	26.076809 	20.000000 	16.155495 	27.892651 	27.513634 	37.576588 	72.013885 	87.846458 	35.846897 	67.201187 	66.309875 	84.905830 	40.311287 	54.120235 	76.843994 	93.648277 	41.340054 	15.231546 	67.542580 	58.180752 	42.520584 	69.656296 	44.654228 	98.615417 	68.876701 	58.668560 	10.440307 	38.418747 	67.535179 	46.861500 	8.062258 	89.627007 	61.057350 	59.464275 	50.606323 	35.777088 	61.854668 	20.024984 	80.062477 	20.000000 	30.528675 	18.248287 	
16.124516 	56.586216 	16.970562 	87.321243 	24.331051 	15.811388 	73.552704 	26.076809 	999.000000 	6.324555 	33.120991 	50.219517 	50.606323 	61.220913 	95.131485 	110.276924 	60.207973 	92.021736 	40.804413 	109.018349 	66.068146 	28.231188 	101.414986 	117.413795 	15.264338 	41.182522 	41.785164 	32.202484 	68.410522 	94.762863 	18.601076 	122.413231 	43.081318 	32.649654 	19.416489 	12.806249 	41.629318 	72.801102 	26.925823 	114.214706 	34.985710 	85.276024 	76.609398 	61.773781 	35.805027 	44.598206 	54.129475 	44.271889 	13.416408 	41.484936 	
22.000000 	51.088158 	11.661903 	82.006096 	30.594116 	9.899495 	67.896980 	20.000000 	6.324555 	999.000000 	28.792360 	45.276924 	45.486263 	56.035702 	90.210861 	105.588821 	54.817879 	86.556343 	47.127487 	103.812332 	60.207973 	34.539833 	96.046867 	112.329872 	21.470911 	34.985710 	48.104053 	38.483765 	62.481998 	89.196411 	24.698177 	117.324333 	49.396355 	38.910152 	13.152946 	18.439089 	47.927029 	66.843102 	20.615528 	108.853111 	41.182522 	79.397736 	70.604530 	55.569775 	41.880783 	38.275318 	60.415230 	37.947330 	14.000000 	35.171009 	
41.868843 	25.942244 	17.464249 	55.172459 	51.855568 	20.223749 	43.046486 	16.155495 	33.120991 	28.792360 	999.000000 	17.691807 	18.601076 	29.068884 	62.201286 	77.175125 	28.844410 	60.307545 	68.600288 	76.485291 	37.336308 	58.000000 	69.310890 	84.646324 	47.010635 	21.931713 	70.434364 	62.241467 	40.162170 	63.411354 	50.606323 	89.643738 	71.840103 	62.936478 	25.179358 	45.793011 	70.936592 	44.598206 	24.166092 	82.024384 	65.764732 	55.901699 	48.703182 	38.013157 	67.268120 	29.529646 	83.240616 	30.016663 	42.201897 	30.000000 	
59.548298 	10.000000 	33.615471 	37.483330 	69.526970 	35.777088 	26.000000 	27.892651 	50.219517 	45.276924 	17.691807 	999.000000 	2.236068 	11.401754 	44.944408 	60.373837 	11.704700 	42.638012 	86.214851 	58.898216 	22.022715 	75.690155 	51.623638 	67.201187 	64.536812 	22.135944 	88.090858 	79.931221 	25.019993 	45.803928 	68.117546 	72.201111 	89.498604 	80.622574 	38.327538 	63.007935 	88.617157 	29.154760 	34.132095 	64.350601 	83.438599 	39.217342 	33.241539 	27.313000 	84.899940 	29.068884 	100.895988 	29.966648 	57.775429 	31.953091 	
60.440052 	8.062258 	33.837849 	36.796738 	70.434364 	35.846897 	24.596748 	27.513634 	50.606323 	45.486263 	18.601076 	2.236068 	999.000000 	10.630146 	44.777225 	60.415230 	10.295630 	41.773197 	87.200920 	58.412327 	20.099751 	76.485291 	50.931328 	66.850578 	65.115280 	20.615528 	89.022469 	80.721741 	23.086792 	44.821869 	68.680420 	71.847061 	90.426765 	81.394104 	37.947330 	63.411354 	89.498604 	27.294687 	33.376640 	63.702435 	84.172440 	37.696156 	31.400637 	25.079872 	85.562843 	27.313000 	101.828285 	28.231188 	57.697487 	30.364452 	
70.936592 	7.071068 	44.407207 	26.172504 	80.919716 	46.324940 	15.297058 	37.576588 	61.220913 	56.035702 	29.068884 	11.401754 	10.630146 	999.000000 	34.438351 	50.328918 	3.605551 	31.240999 	97.616600 	47.801674 	14.317822 	87.045967 	40.311287 	56.302753 	75.742989 	28.071337 	99.488693 	91.285271 	17.088007 	34.409302 	79.309517 	61.294373 	100.895988 	91.967384 	47.927029 	74.027023 	100.004997 	20.396078 	42.720020 	53.075417 	94.762863 	28.635643 	24.186773 	24.083189 	96.176918 	33.241539 	112.294258 	34.234486 	68.000000 	37.054016 	
103.392456 	40.496914 	78.549347 	12.369317 	113.216606 	80.622574 	28.000000 	72.013885 	95.131485 	90.210861 	62.201286 	44.944408 	44.777225 	34.438351 	999.000000 	16.278820 	36.400551 	14.212670 	129.402466 	15.652476 	37.054016 	119.753914 	13.152946 	22.627417 	109.201645 	61.400326 	131.529465 	123.987900 	37.013512 	17.029387 	112.800713 	27.586229 	132.943604 	124.739731 	82.346825 	107.898102 	132.276230 	35.355339 	76.896034 	22.472204 	127.663620 	28.178005 	35.171009 	49.010204 	129.321304 	64.938431 	144.249786 	65.924202 	102.420700 	69.231499 	
117.613777 	56.612720 	93.941475 	28.000000 	127.283150 	96.150925 	44.102154 	87.846458 	110.276924 	105.588821 	77.175125 	60.373837 	60.415230 	50.328918 	16.278820 	999.000000 	52.497620 	27.658634 	143.087387 	14.212670 	53.235325 	134.014923 	20.591261 	13.000000 	123.975807 	77.620872 	145.344421 	138.224457 	53.037724 	28.792360 	127.581345 	16.492422 	146.754898 	139.014389 	98.234413 	122.967476 	146.219009 	51.039200 	92.973114 	19.697716 	142.003525 	42.201897 	50.358715 	65.030762 	143.808899 	81.215759 	157.952530 	82.200974 	118.105888 	85.510231 	
70.604530 	4.123106 	43.278172 	27.202942 	80.603973 	45.000000 	14.317822 	35.846897 	60.207973 	54.817879 	28.844410 	11.704700 	10.295630 	3.605551 	36.400551 	52.497620 	999.000000 	31.827662 	97.416634 	49.091751 	11.401754 	86.556343 	41.231056 	57.801384 	74.953316 	25.317978 	99.201813 	90.785461 	14.317822 	34.713108 	78.492035 	62.769421 	100.603180 	91.438507 	46.065170 	73.000000 	99.639351 	18.027756 	40.496914 	54.037025 	94.175369 	27.513634 	22.000000 	20.518284 	95.482986 	30.066593 	112.004463 	31.064449 	66.370171 	34.000000 	
102.176315 	35.468296 	75.073296 	6.082763 	112.160599 	76.694199 	19.235384 	67.201187 	92.021736 	86.556343 	60.307545 	42.638012 	41.773197 	31.240999 	14.212670 	27.658634 	31.827662 	999.000000 	128.844864 	18.681541 	28.231188 	118.258194 	9.848858 	27.892651 	106.775467 	54.589375 	130.728729 	122.494896 	27.202942 	4.000000 	110.317726 	32.572994 	132.136292 	123.166557 	77.103828 	104.804581 	131.244049 	24.331051 	70.830788 	22.472204 	125.936493 	14.560220 	23.000000 	38.832977 	127.287079 	56.648037 	143.533966 	57.584721 	97.652443 	61.098282 	
26.925823 	94.302704 	56.364883 	123.555656 	17.000000 	56.080299 	111.503365 	66.309875 	40.804413 	47.127487 	68.600288 	86.214851 	87.200920 	97.616600 	129.402466 	143.087387 	97.416634 	128.844864 	999.000000 	144.360657 	104.957130 	13.038404 	137.644470 	152.029602 	26.305893 	81.541397 	3.000000 	10.198039 	107.540688 	132.003784 	24.020824 	156.977707 	4.123106 	10.440307 	60.166435 	31.064449 	5.099020 	112.004463 	67.720009 	150.233154 	10.816654 	124.020157 	115.974136 	102.044106 	13.453624 	85.381500 	14.866069 	85.070557 	45.000000 	82.280006 	
118.088951 	53.000000 	92.200867 	21.954498 	127.988281 	94.047859 	37.696156 	84.905830 	109.018349 	103.812332 	76.485291 	58.898216 	58.412327 	47.801674 	15.652476 	14.212670 	49.091751 	18.681541 	144.360657 	999.000000 	46.818798 	134.380051 	9.055386 	9.219544 	123.434196 	72.917763 	146.413803 	138.621780 	45.880280 	18.027756 	127.015747 	13.928389 	147.827606 	139.344894 	95.015785 	121.823647 	147.085007 	42.953465 	89.005615 	7.071068 	142.214630 	32.015621 	41.303753 	57.489128 	143.753265 	75.272835 	159.176010 	76.216797 	115.433968 	79.711983 	
78.032043 	12.041595 	49.203659 	25.495098 	87.982956 	50.328918 	9.219544 	40.311287 	66.068146 	60.207973 	37.336308 	22.022715 	20.099751 	14.317822 	37.054016 	53.235325 	11.401754 	28.231188 	104.957130 	46.818798 	999.000000 	93.477272 	38.078865 	55.973209 	81.215759 	26.627054 	106.531685 	97.652443 	3.000000 	30.016663 	84.646324 	60.745369 	107.912003 	98.229324 	49.678970 	78.644768 	106.780151 	7.280110 	43.011627 	50.537113 	100.801788 	19.209373 	11.401754 	12.369317 	101.828285 	28.460499 	119.268608 	29.410883 	70.292244 	32.893768 	
16.401220 	83.240616 	44.418465 	113.172432 	7.280110 	43.829212 	100.424103 	54.120235 	28.231188 	34.539833 	58.000000 	75.690155 	76.485291 	87.045967 	119.753914 	134.014923 	86.556343 	118.258194 	13.038404 	134.380051 	93.477272 	999.000000 	127.310646 	142.341141 	13.341664 	69.318108 	13.601471 	4.242640 	95.963531 	121.264175 	11.000000 	147.322769 	14.866069 	5.000000 	47.434166 	18.027756 	13.416408 	100.404182 	55.027267 	140.014282 	8.062258 	112.645462 	104.307236 	89.894379 	10.440307 	72.801102 	25.942244 	72.449982 	32.015621 	69.570107 	
111.126053 	45.000000 	84.504440 	14.142136 	121.082619 	86.214851 	29.068884 	76.843994 	101.414986 	96.046867 	69.310890 	51.623638 	50.931328 	40.311287 	13.152946 	20.591261 	41.231056 	9.848858 	137.644470 	9.055386 	38.078865 	127.310646 	999.000000 	18.248287 	116.043098 	64.412735 	139.603012 	131.552277 	37.000000 	9.000000 	119.603508 	22.803509 	141.014191 	132.245987 	86.821655 	114.214706 	140.185593 	33.955853 	80.622574 	12.806249 	135.059250 	23.000000 	32.249031 	48.507732 	136.488098 	66.483078 	152.397507 	67.416618 	107.335922 	70.936592 	
125.992065 	61.773781 	100.687637 	30.870699 	135.830780 	102.625534 	46.818798 	93.648277 	117.413795 	112.329872 	84.646324 	67.201187 	66.850578 	56.302753 	22.627417 	13.000000 	57.801384 	27.892651 	152.029602 	9.219544 	55.973209 	142.341141 	18.248287 	999.000000 	131.654846 	81.939003 	154.155762 	146.577621 	55.081757 	27.166155 	135.247925 	5.000000 	155.569916 	147.322769 	103.831596 	130.207520 	154.896744 	52.172791 	97.943863 	9.433981 	150.233154 	41.109608 	50.487621 	66.708321 	151.855194 	84.433403 	166.877197 	85.381500 	124.169243 	88.865067 	
10.440307 	71.449280 	32.015621 	101.911728 	11.704700 	31.064449 	88.526833 	41.340054 	15.264338 	21.470911 	47.010635 	64.536812 	65.115280 	75.742989 	109.201645 	123.975807 	74.953316 	106.775467 	26.305893 	123.434196 	81.215759 	13.341664 	116.043098 	131.654846 	999.000000 	56.435802 	26.925823 	17.088007 	83.600243 	109.622078 	3.605551 	136.652847 	28.160255 	17.464249 	34.176014 	5.385165 	26.570660 	88.005684 	41.785164 	128.817703 	19.723083 	100.424103 	91.836815 	77.025970 	20.615528 	59.615433 	39.000000 	59.236813 	19.416489 	56.302753 	
55.027267 	21.213203 	25.298222 	51.078373 	64.621979 	25.495098 	35.355339 	15.231546 	41.182522 	34.985710 	21.931713 	22.135944 	20.615528 	28.071337 	61.400326 	77.620872 	25.317978 	54.589375 	81.541397 	72.917763 	26.627054 	69.318108 	64.412735 	81.939003 	56.435802 	999.000000 	82.764725 	73.355301 	28.425341 	56.603886 	59.682495 	86.815895 	84.095184 	73.824112 	23.345236 	53.254108 	82.734512 	32.557640 	16.401220 	77.025970 	76.157730 	45.343136 	36.069378 	20.591261 	76.850502 	7.810250 	95.257545 	8.485281 	43.863426 	9.848858 	
28.600698 	96.020828 	57.706154 	125.495018 	18.601076 	57.271286 	113.225441 	67.542580 	41.785164 	48.104053 	70.434364 	88.090858 	89.022469 	99.488693 	131.529465 	145.344421 	99.201813 	130.728729 	3.000000 	146.413803 	106.531685 	13.601471 	139.603012 	154.155762 	26.925823 	82.764725 	999.000000 	10.049875 	109.077957 	133.843185 	24.331051 	159.113174 	1.414214 	10.000000 	61.032780 	31.400637 	2.236068 	113.534134 	68.622154 	152.226807 	9.486833 	125.642349 	117.477661 	103.315056 	11.661903 	86.377083 	12.806249 	86.034874 	45.099888 	83.168503 	
20.615528 	87.458565 	48.548943 	117.413795 	11.180340 	47.885281 	104.637466 	58.180752 	32.202484 	38.483765 	62.241467 	79.931221 	80.721741 	91.285271 	123.987900 	138.224457 	90.785461 	122.494896 	10.198039 	138.621780 	97.652443 	4.242640 	131.552277 	146.577621 	17.088007 	73.355301 	10.049875 	999.000000 	100.124924 	125.495018 	14.317822 	151.558563 	11.180340 	1.000000 	51.264023 	21.377558 	9.486833 	104.560989 	58.872746 	144.256714 	4.123106 	116.828934 	108.452751 	93.941475 	7.000000 	76.694199 	21.931713 	76.321686 	35.057095 	73.389374 	
80.622574 	15.033297 	51.613953 	25.079872 	90.553848 	52.630791 	9.055386 	42.520584 	68.410522 	62.481998 	40.162170 	25.019993 	23.086792 	17.088007 	37.013512 	53.037724 	14.317822 	27.202942 	107.540688 	45.880280 	3.000000 	95.963531 	37.000000 	55.081757 	83.600243 	28.425341 	109.077957 	100.124924 	999.000000 	28.635643 	87.005745 	59.774578 	110.453613 	100.687637 	51.662365 	80.919716 	109.293182 	4.472136 	44.821869 	49.244289 	103.227905 	16.970562 	8.544003 	12.000000 	104.201729 	29.546574 	121.794907 	30.463093 	72.249565 	34.014702 	
105.261581 	38.183765 	77.794601 	10.049875 	115.256233 	79.309517 	21.400934 	69.656296 	94.762863 	89.196411 	63.411354 	45.803928 	44.821869 	34.409302 	17.029387 	28.792360 	34.713108 	4.000000 	132.003784 	18.027756 	30.016663 	121.264175 	9.000000 	27.166155 	109.622078 	56.603886 	133.843185 	125.495018 	28.635643 	999.000000 	113.145920 	31.575306 	135.247925 	126.150703 	79.404030 	107.517441 	134.316788 	25.298222 	72.945183 	20.615528 	128.887543 	14.000000 	23.345236 	39.849716 	130.176804 	58.180752 	146.649246 	59.093147 	100.000000 	62.649822 	
13.038404 	74.966660 	35.468296 	105.475113 	11.401754 	34.409302 	92.021736 	44.654228 	18.601076 	24.698177 	50.606323 	68.117546 	68.680420 	79.309517 	112.800713 	127.581345 	78.492035 	110.317726 	24.020824 	127.015747 	84.646324 	11.000000 	119.603508 	135.247925 	3.605551 	59.682495 	24.331051 	14.317822 	87.005745 	113.145920 	999.000000 	140.246216 	25.495098 	14.560220 	37.161808 	7.071068 	23.769728 	91.400215 	44.777225 	132.382019 	16.552946 	103.855667 	95.210297 	80.262070 	17.204651 	62.649822 	36.055511 	62.241467 	21.023796 	59.236813 	
130.969467 	66.730804 	105.683487 	35.777088 	140.801285 	107.615051 	51.623638 	98.615417 	122.413231 	117.324333 	89.643738 	72.201111 	71.847061 	61.294373 	27.586229 	16.492422 	62.769421 	32.572994 	156.977707 	13.928389 	60.745369 	147.322769 	22.803509 	5.000000 	136.652847 	86.815895 	159.113174 	151.558563 	59.774578 	31.575306 	140.246216 	999.000000 	160.527252 	152.305618 	108.784187 	135.207245 	159.862442 	56.753853 	102.859123 	12.165525 	155.219193 	45.398239 	54.918121 	71.309189 	156.847061 	89.196411 	171.828400 	90.138779 	129.139465 	93.637596 	
30.000000 	97.416634 	59.059292 	126.905479 	20.000000 	58.600342 	114.621117 	68.876701 	43.081318 	49.396355 	71.840103 	89.498604 	90.426765 	100.895988 	132.943604 	146.754898 	100.603180 	132.136292 	4.123106 	147.827606 	107.912003 	14.866069 	141.014191 	155.569916 	28.160255 	84.095184 	1.414214 	11.180340 	110.453613 	135.247925 	25.495098 	160.527252 	999.000000 	11.045361 	62.297672 	32.557640 	2.236068 	114.908661 	69.892776 	153.639191 	10.198039 	127.027557 	118.848640 	104.651802 	12.083046 	87.664131 	11.401754 	87.315521 	46.173584 	84.433403 	
21.400934 	88.090858 	49.091751 	118.105888 	12.083046 	48.373547 	105.261581 	58.668560 	32.649654 	38.910152 	62.936478 	80.622574 	81.394104 	91.967384 	124.739731 	139.014389 	91.438507 	123.166557 	10.440307 	139.344894 	98.229324 	5.000000 	132.245987 	147.322769 	17.464249 	73.824112 	10.000000 	1.000000 	100.687637 	126.150703 	14.560220 	152.305618 	11.045361 	999.000000 	51.623638 	21.587032 	9.219544 	105.118980 	59.236813 	144.958618 	3.162278 	117.413795 	109.000000 	94.413979 	6.000000 	77.077881 	21.540659 	76.694199 	35.128338 	73.736015 	
35.057095 	42.059483 	10.630146 	73.061615 	43.737854 	7.810250 	58.008621 	10.440307 	19.416489 	13.152946 	25.179358 	38.327538 	37.947330 	47.927029 	82.346825 	98.234413 	46.065170 	77.103828 	60.166435 	95.015785 	49.678970 	47.434166 	86.821655 	103.831596 	34.176014 	23.345236 	61.032780 	51.264023 	51.662365 	79.404030 	37.161808 	108.784187 	62.297672 	51.623638 	999.000000 	30.413813 	60.745369 	55.865910 	7.615773 	99.569069 	53.712196 	68.622154 	59.413803 	43.600460 	54.120235 	25.495098 	73.164200 	25.079872 	20.615528 	22.135944 	
14.422205 	69.354164 	29.732138 	100.124924 	17.088007 	28.319605 	86.267029 	38.418747 	12.806249 	18.439089 	45.793011 	63.007935 	63.411354 	74.027023 	107.898102 	122.967476 	73.000000 	104.804581 	31.064449 	121.823647 	78.644768 	18.027756 	114.214706 	130.207520 	5.385165 	53.254108 	31.400637 	21.377558 	80.919716 	107.517441 	7.071068 	135.207245 	32.557640 	21.587032 	30.413813 	999.000000 	30.805843 	85.276024 	38.013157 	127.015747 	23.409399 	97.836601 	89.022469 	73.783470 	23.706539 	55.901699 	43.011627 	55.461697 	14.142136 	52.392746 	
29.068884 	96.400208 	57.801384 	126.063477 	19.104973 	57.245087 	113.600174 	67.535179 	41.629318 	47.927029 	70.936592 	88.617157 	89.498604 	100.004997 	132.276230 	146.219009 	99.639351 	131.244049 	5.099020 	147.085007 	106.780151 	13.416408 	140.185593 	154.896744 	26.570660 	82.734512 	2.236068 	9.486833 	109.293182 	134.316788 	23.769728 	159.862442 	2.236068 	9.219544 	60.745369 	30.805843 	999.000000 	113.740936 	68.352028 	152.839783 	8.062258 	125.924583 	117.660530 	103.310211 	9.848858 	86.162636 	12.529964 	85.796272 	44.283180 	82.873398 	
85.088188 	19.235384 	56.035702 	23.086792 	95.015785 	57.008770 	8.602325 	46.861500 	72.801102 	66.843102 	44.598206 	29.154760 	27.294687 	20.396078 	35.355339 	51.039200 	18.027756 	24.331051 	112.004463 	42.953465 	7.280110 	100.404182 	33.955853 	52.172791 	88.005684 	32.557640 	113.534134 	104.560989 	4.472136 	25.298222 	91.400215 	56.753853 	114.908661 	105.118980 	55.865910 	85.276024 	113.740936 	999.000000 	48.918301 	45.880280 	107.647575 	12.806249 	4.123106 	14.560220 	108.600182 	33.120991 	126.245789 	34.000000 	76.419891 	37.589893 	
42.296574 	36.400551 	14.866069 	67.082039 	51.195702 	13.152946 	51.623638 	8.062258 	26.925823 	20.615528 	24.166092 	34.132095 	33.376640 	42.720020 	76.896034 	92.973114 	40.496914 	70.830788 	67.720009 	89.005615 	43.011627 	55.027267 	80.622574 	97.943863 	41.785164 	16.401220 	68.622154 	58.872746 	44.821869 	72.945183 	44.777225 	102.859123 	69.892776 	59.236813 	7.615773 	38.013157 	68.352028 	48.918301 	999.000000 	93.295227 	61.326992 	61.717098 	52.345009 	36.235340 	61.717098 	17.888544 	80.777473 	17.464249 	27.586229 	14.560220 	
123.794182 	57.801384 	97.308784 	26.907248 	133.734818 	99.020203 	41.677334 	89.627007 	114.214706 	108.853111 	82.024384 	64.350601 	63.702435 	53.075417 	22.472204 	19.697716 	54.037025 	22.472204 	150.233154 	7.071068 	50.537113 	140.014282 	12.806249 	9.433981 	128.817703 	77.025970 	152.226807 	144.256714 	49.244289 	20.615528 	132.382019 	12.165525 	153.639191 	144.958618 	99.569069 	127.015747 	152.839783 	45.880280 	93.295227 	999.000000 	147.787003 	33.955853 	43.680660 	60.406952 	149.241409 	78.790863 	165.012115 	79.705711 	120.104118 	83.258636 	
24.413111 	90.785461 	51.613953 	120.917328 	15.231546 	50.774010 	107.935165 	61.057350 	34.985710 	41.182522 	65.764732 	83.438599 	84.172440 	94.762863 	127.663620 	142.003525 	94.175369 	125.936493 	10.816654 	142.214630 	100.801788 	8.062258 	135.059250 	150.233154 	19.723083 	76.157730 	9.486833 	4.123106 	103.227905 	128.887543 	16.552946 	155.219193 	10.198039 	3.162278 	53.712196 	23.409399 	8.062258 	107.647575 	61.326992 	147.787003 	999.000000 	120.000000 	111.503365 	96.747093 	3.162278 	79.202271 	19.646883 	78.790863 	36.496574 	75.769386 	
97.097885 	29.966648 	68.410522 	16.401220 	107.070068 	69.526970 	13.341664 	59.464275 	85.276024 	79.397736 	55.901699 	39.217342 	37.696156 	28.635643 	28.178005 	42.201897 	27.513634 	14.560220 	124.020157 	32.015621 	19.209373 	112.645462 	23.000000 	41.109608 	100.424103 	45.343136 	125.642349 	116.828934 	16.970562 	14.000000 	103.855667 	45.398239 	127.027557 	117.413795 	68.622154 	97.836601 	125.924583 	12.806249 	61.717098 	33.955853 	120.000000 	999.000000 	9.848858 	26.832815 	121.037186 	45.793011 	138.397980 	46.647614 	89.196411 	50.249378 	
89.067390 	23.345236 	59.908264 	22.803509 	98.979797 	60.802959 	10.816654 	50.606323 	76.609398 	70.604530 	48.703182 	33.241539 	31.400637 	24.186773 	35.171009 	50.358715 	22.000000 	23.000000 	115.974136 	41.303753 	11.401754 	104.307236 	32.249031 	50.487621 	91.836815 	36.069378 	117.477661 	108.452751 	8.544003 	23.345236 	95.210297 	54.918121 	118.848640 	109.000000 	59.413803 	89.022469 	117.660530 	4.123106 	52.345009 	43.680660 	111.503365 	9.848858 	999.000000 	17.000000 	112.414413 	36.055511 	130.172958 	36.891735 	79.906197 	40.496914 	
75.392311 	18.601076 	45.694637 	37.054016 	85.088188 	46.065170 	21.023796 	35.777088 	61.773781 	55.569775 	38.013157 	27.313000 	25.079872 	24.083189 	49.010204 	65.030762 	20.518284 	38.832977 	102.044106 	57.489128 	12.369317 	89.894379 	48.507732 	66.708321 	77.025970 	20.591261 	103.315056 	93.941475 	12.000000 	39.849716 	80.262070 	71.309189 	104.651802 	94.413979 	43.600460 	73.783470 	103.310211 	14.560220 	36.235340 	60.406952 	96.747093 	26.832815 	17.000000 	999.000000 	97.416634 	19.209373 	115.836090 	20.000000 	63.780876 	23.600847 	
26.419689 	92.021736 	52.630791 	122.347862 	17.720045 	51.613953 	109.123779 	61.854668 	35.805027 	41.880783 	67.268120 	84.899940 	85.562843 	96.176918 	129.321304 	143.808899 	95.482986 	127.287079 	13.453624 	143.753265 	101.828285 	10.440307 	136.488098 	151.855194 	20.615528 	76.850502 	11.661903 	7.000000 	104.201729 	130.176804 	17.204651 	156.847061 	12.083046 	6.000000 	54.120235 	23.706539 	9.848858 	108.600182 	61.717098 	149.241409 	3.162278 	121.037186 	112.414413 	97.416634 	999.000000 	79.605278 	20.099751 	79.158073 	36.138622 	76.059189 	
59.439045 	26.172504 	30.149628 	53.851646 	68.680420 	29.614185 	37.643059 	20.024984 	44.598206 	38.275318 	29.529646 	29.068884 	27.313000 	33.241539 	64.938431 	81.215759 	30.066593 	56.648037 	85.381500 	75.272835 	28.460499 	72.801102 	66.483078 	84.433403 	59.615433 	7.810250 	86.377083 	76.694199 	29.546574 	58.180752 	62.649822 	89.196411 	87.664131 	77.077881 	25.495098 	55.901699 	86.162636 	33.120991 	17.888544 	78.790863 	79.202271 	45.793011 	36.055511 	19.209373 	79.605278 	999.000000 	98.615417 	1.000000 	45.000000 	4.472136 	
41.400482 	108.811768 	70.327805 	138.293167 	31.400637 	69.771057 	126.015869 	80.062477 	54.129475 	60.415230 	83.240616 	100.895988 	101.828285 	112.294258 	144.249786 	157.952530 	112.004463 	143.533966 	14.866069 	159.176010 	119.268608 	25.942244 	152.397507 	166.877197 	39.000000 	95.257545 	12.806249 	21.931713 	121.794907 	146.649246 	36.055511 	171.828400 	11.401754 	21.540659 	73.164200 	43.011627 	12.529964 	126.245789 	80.777473 	165.012115 	19.646883 	138.397980 	130.172958 	115.836090 	20.099751 	98.615417 	999.000000 	98.234413 	56.089214 	95.273293 	
59.228371 	27.166155 	30.066593 	54.817879 	68.410522 	29.427877 	38.600517 	20.000000 	44.271889 	37.947330 	30.016663 	29.966648 	28.231188 	34.234486 	65.924202 	82.200974 	31.064449 	57.584721 	85.070557 	76.216797 	29.410883 	72.449982 	67.416618 	85.381500 	59.236813 	8.485281 	86.034874 	76.321686 	30.463093 	59.093147 	62.241467 	90.138779 	87.315521 	76.694199 	25.079872 	55.461697 	85.796272 	34.000000 	17.464249 	79.705711 	78.790863 	46.647614 	36.891735 	20.000000 	79.158073 	1.000000 	98.234413 	999.000000 	44.407207 	3.605551 	
26.076809 	62.433964 	24.738634 	93.493317 	31.048349 	22.135944 	78.600258 	30.528675 	13.416408 	14.000000 	42.201897 	57.775429 	57.697487 	68.000000 	102.420700 	118.105888 	66.370171 	97.652443 	45.000000 	115.433968 	70.292244 	32.015621 	107.335922 	124.169243 	19.416489 	43.863426 	45.099888 	35.057095 	72.249565 	100.000000 	21.023796 	129.139465 	46.173584 	35.128338 	20.615528 	14.142136 	44.283180 	76.419891 	27.586229 	120.104118 	36.496574 	89.196411 	79.906197 	63.780876 	36.138622 	45.000000 	56.089214 	44.407207 	999.000000 	41.048752 	
56.718605 	30.016663 	28.017851 	58.240879 	65.734314 	27.073973 	42.059483 	18.248287 	41.484936 	35.171009 	30.000000 	31.953091 	30.364452 	37.054016 	69.231499 	85.510231 	34.000000 	61.098282 	82.280006 	79.711983 	32.893768 	69.570107 	70.936592 	88.865067 	56.302753 	9.848858 	83.168503 	73.389374 	34.014702 	62.649822 	59.236813 	93.637596 	84.433403 	73.736015 	22.135944 	52.392746 	82.873398 	37.589893 	14.560220 	83.258636 	75.769386 	50.249378 	40.496914 	23.600847 	76.059189 	4.472136 	95.273293 	3.605551 	41.048752 	999.000000 	

Travel time:
9.000000 	1.685601 	0.743303 	2.425000 	0.250000 	0.745822 	2.115715 	0.996243 	0.403113 	0.550000 	1.046721 	1.488707 	1.511001 	1.773415 	2.584811 	2.940344 	1.765113 	2.554408 	0.673146 	2.952224 	1.950801 	0.410031 	2.778151 	3.149802 	0.261008 	1.375682 	0.715017 	0.515388 	2.015564 	2.631540 	0.325960 	3.274237 	0.750000 	0.535023 	0.876427 	0.360555 	0.726722 	2.127205 	1.057414 	3.094855 	0.610328 	2.427447 	2.226685 	1.884808 	0.660492 	1.485976 	1.035012 	1.480709 	0.651920 	1.417965 	
1.685601 	9.000000 	0.990581 	0.776611 	1.935523 	1.030776 	0.430116 	0.797653 	1.414655 	1.277204 	0.648556 	0.250000 	0.201556 	0.176777 	1.012423 	1.415318 	0.103078 	0.886707 	2.357568 	1.325000 	0.301040 	2.081015 	1.125000 	1.544345 	1.786232 	0.530330 	2.400521 	2.186464 	0.375832 	0.954594 	1.874166 	1.668270 	2.435416 	2.202271 	1.051487 	1.733854 	2.410005 	0.480885 	0.910014 	1.445035 	2.269637 	0.749166 	0.583631 	0.465027 	2.300543 	0.654313 	2.720294 	0.679154 	1.560849 	0.750417 	
0.743303 	0.990581 	9.000000 	1.760859 	0.984886 	0.079057 	1.414655 	0.254951 	0.424264 	0.291548 	0.436606 	0.840387 	0.845946 	1.110180 	1.963734 	2.348537 	1.081954 	1.876832 	1.409122 	2.305022 	1.230091 	1.110462 	2.112611 	2.517191 	0.800391 	0.632456 	1.442654 	1.213724 	1.290349 	1.944865 	0.886707 	2.642087 	1.476482 	1.227294 	0.265754 	0.743303 	1.445035 	1.400892 	0.371652 	2.432720 	1.290349 	1.710263 	1.497707 	1.142366 	1.315770 	0.753741 	1.758195 	0.751665 	0.618466 	0.700446 	
2.425000 	0.776611 	1.760859 	9.000000 	2.674065 	1.805028 	0.406971 	1.574206 	2.183031 	2.050152 	1.379311 	0.937083 	0.919918 	0.654313 	0.309233 	0.700000 	0.680074 	0.152069 	3.088892 	0.548862 	0.637377 	2.829311 	0.353553 	0.771767 	2.547793 	1.276959 	3.137375 	2.935345 	0.626997 	0.251247 	2.636878 	0.894427 	3.172637 	2.952647 	1.826540 	2.503123 	3.151587 	0.577170 	1.677051 	0.672681 	3.022933 	0.410031 	0.570088 	0.926350 	3.058697 	1.346291 	3.457329 	1.370447 	2.337333 	1.456022 	
0.250000 	1.935523 	0.984886 	2.674065 	9.000000 	0.980434 	2.365639 	1.234909 	0.608276 	0.764853 	1.296389 	1.738174 	1.760859 	2.022993 	2.830415 	3.182079 	2.015099 	2.804015 	0.425000 	3.199707 	2.199574 	0.182003 	3.027066 	3.395770 	0.292617 	1.615549 	0.465027 	0.279509 	2.263846 	2.881406 	0.285044 	3.520032 	0.500000 	0.302076 	1.093446 	0.427200 	0.477624 	2.375395 	1.279893 	3.343370 	0.380789 	2.676752 	2.474495 	2.127205 	0.443001 	1.717010 	0.785016 	1.710263 	0.776209 	1.643358 	
0.745822 	1.030776 	0.079057 	1.805028 	0.980434 	9.000000 	1.450000 	0.257391 	0.395285 	0.247487 	0.505594 	0.894427 	0.896172 	1.158123 	2.015564 	2.403773 	1.125000 	1.917355 	1.402007 	2.351197 	1.258223 	1.095730 	2.155371 	2.565638 	0.776611 	0.637377 	1.431782 	1.197132 	1.315770 	1.982738 	0.860233 	2.690376 	1.465008 	1.209339 	0.195256 	0.707990 	1.431127 	1.425219 	0.328824 	2.475505 	1.269350 	1.738174 	1.520074 	1.151629 	1.290349 	0.740355 	1.744276 	0.735697 	0.553399 	0.676849 	
2.115715 	0.430116 	1.414655 	0.406971 	2.365639 	1.450000 	9.000000 	1.206752 	1.838818 	1.697425 	1.076162 	0.650000 	0.614919 	0.382426 	0.700000 	1.102554 	0.357946 	0.480885 	2.787584 	0.942404 	0.230489 	2.510602 	0.726722 	1.170470 	2.213171 	0.883883 	2.830636 	2.615937 	0.226385 	0.535023 	2.300543 	1.290591 	2.865528 	2.631540 	1.450216 	2.156676 	2.840004 	0.215058 	1.290591 	1.041933 	2.698379 	0.333542 	0.270416 	0.525595 	2.728095 	0.941076 	3.150397 	0.965013 	1.965006 	1.051487 	
0.996243 	0.797653 	0.254951 	1.574206 	1.234909 	0.257391 	1.206752 	9.000000 	0.651920 	0.500000 	0.403887 	0.697316 	0.687841 	0.939415 	1.800347 	2.196162 	0.896172 	1.680030 	1.657747 	2.122646 	1.007782 	1.353006 	1.921100 	2.341207 	1.033501 	0.380789 	1.688565 	1.454519 	1.063015 	1.741407 	1.116356 	2.465385 	1.721918 	1.466714 	0.261008 	0.960469 	1.688380 	1.171538 	0.201556 	2.240675 	1.526434 	1.486607 	1.265158 	0.894427 	1.546367 	0.500625 	2.001562 	0.500000 	0.763217 	0.456207 	
0.403113 	1.414655 	0.424264 	2.183031 	0.608276 	0.395285 	1.838818 	0.651920 	9.000000 	0.158114 	0.828025 	1.255488 	1.265158 	1.530523 	2.378287 	2.756923 	1.505199 	2.300543 	1.020110 	2.725459 	1.651704 	0.705780 	2.535375 	2.935345 	0.381608 	1.029563 	1.044629 	0.805062 	1.710263 	2.369071 	0.465027 	3.060331 	1.077033 	0.816241 	0.485412 	0.320156 	1.040733 	1.820028 	0.673146 	2.855368 	0.874643 	2.131901 	1.915235 	1.544345 	0.895126 	1.114955 	1.353237 	1.106797 	0.335410 	1.037123 	
0.550000 	1.277204 	0.291548 	2.050152 	0.764853 	0.247487 	1.697425 	0.500000 	0.158114 	9.000000 	0.719809 	1.131923 	1.137157 	1.400892 	2.255271 	2.639720 	1.370447 	2.163908 	1.178187 	2.595308 	1.505199 	0.863496 	2.401172 	2.808247 	0.536773 	0.874643 	1.202601 	0.962094 	1.562050 	2.229910 	0.617454 	2.933108 	1.234909 	0.972754 	0.328824 	0.460977 	1.198176 	1.671077 	0.515388 	2.721328 	1.029563 	1.984943 	1.765113 	1.389244 	1.047020 	0.956883 	1.510381 	0.948683 	0.350000 	0.879275 	
1.046721 	0.648556 	0.436606 	1.379311 	1.296389 	0.505594 	1.076162 	0.403887 	0.828025 	0.719809 	9.000000 	0.442295 	0.465027 	0.726722 	1.555032 	1.929378 	0.721110 	1.507689 	1.715007 	1.912132 	0.933408 	1.450000 	1.732772 	2.116158 	1.175266 	0.548293 	1.760859 	1.556037 	1.004054 	1.585284 	1.265158 	2.241093 	1.796003 	1.573412 	0.629484 	1.144825 	1.773415 	1.114955 	0.604152 	2.050610 	1.644118 	1.397542 	1.217580 	0.950329 	1.681703 	0.738241 	2.081015 	0.750417 	1.055047 	0.750000 	
1.488707 	0.250000 	0.840387 	0.937083 	1.738174 	0.894427 	0.650000 	0.697316 	1.255488 	1.131923 	0.442295 	9.000000 	0.055902 	0.285044 	1.123610 	1.509346 	0.292617 	1.065950 	2.155371 	1.472455 	0.550568 	1.892254 	1.290591 	1.680030 	1.613420 	0.553399 	2.202271 	1.998281 	0.625500 	1.145098 	1.702939 	1.805028 	2.237465 	2.015564 	0.958188 	1.575198 	2.215429 	0.728869 	0.853302 	1.608765 	2.085965 	0.980434 	0.831038 	0.682825 	2.122499 	0.726722 	2.522400 	0.749166 	1.444386 	0.798827 	
1.511001 	0.201556 	0.845946 	0.919918 	1.760859 	0.896172 	0.614919 	0.687841 	1.265158 	1.137157 	0.465027 	0.055902 	9.000000 	0.265754 	1.119431 	1.510381 	0.257391 	1.044330 	2.180023 	1.460308 	0.502494 	1.912132 	1.273283 	1.671264 	1.627882 	0.515388 	2.225562 	2.018044 	0.577170 	1.120547 	1.717010 	1.796177 	2.260669 	2.034853 	0.948683 	1.585284 	2.237465 	0.682367 	0.834416 	1.592561 	2.104311 	0.942404 	0.785016 	0.626997 	2.139071 	0.682825 	2.545707 	0.705780 	1.442437 	0.759111 	
1.773415 	0.176777 	1.110180 	0.654313 	2.022993 	1.158123 	0.382426 	0.939415 	1.530523 	1.400892 	0.726722 	0.285044 	0.265754 	9.000000 	0.860959 	1.258223 	0.090139 	0.781025 	2.440415 	1.195042 	0.357946 	2.176149 	1.007782 	1.407569 	1.893575 	0.701783 	2.487217 	2.282132 	0.427200 	0.860233 	1.982738 	1.532359 	2.522400 	2.299185 	1.198176 	1.850676 	2.500125 	0.509902 	1.068001 	1.326885 	2.369071 	0.715891 	0.604669 	0.602080 	2.404423 	0.831038 	2.807356 	0.855862 	1.700000 	0.926350 	
2.584811 	1.012423 	1.963734 	0.309233 	2.830415 	2.015564 	0.700000 	1.800347 	2.378287 	2.255271 	1.555032 	1.123610 	1.119431 	0.860959 	9.000000 	0.406971 	0.910014 	0.355317 	3.235062 	0.391312 	0.926350 	2.993848 	0.328824 	0.565685 	2.730041 	1.535008 	3.288237 	3.099698 	0.925338 	0.425735 	2.820018 	0.689656 	3.323590 	3.118493 	2.058671 	2.697453 	3.306906 	0.883883 	1.922401 	0.561805 	3.191591 	0.704450 	0.879275 	1.225255 	3.233033 	1.623461 	3.606245 	1.648105 	2.560518 	1.730788 	
2.940344 	1.415318 	2.348537 	0.700000 	3.182079 	2.403773 	1.102554 	2.196162 	2.756923 	2.639720 	1.929378 	1.509346 	1.510381 	1.258223 	0.406971 	9.000000 	1.312441 	0.691466 	3.577185 	0.355317 	1.330883 	3.350373 	0.514782 	0.325000 	3.099395 	1.940522 	3.633610 	3.455611 	1.325943 	0.719809 	3.189534 	0.412311 	3.668872 	3.475360 	2.455860 	3.074187 	3.655475 	1.275980 	2.324328 	0.492443 	3.550088 	1.055047 	1.258968 	1.625769 	3.595222 	2.030394 	3.948813 	2.055024 	2.952647 	2.137756 	
1.765113 	0.103078 	1.081954 	0.680074 	2.015099 	1.125000 	0.357946 	0.896172 	1.505199 	1.370447 	0.721110 	0.292617 	0.257391 	0.090139 	0.910014 	1.312441 	9.000000 	0.795692 	2.435416 	1.227294 	0.285044 	2.163908 	1.030776 	1.445035 	1.873833 	0.632949 	2.480045 	2.269637 	0.357946 	0.867828 	1.962301 	1.569236 	2.515079 	2.285963 	1.151629 	1.825000 	2.490984 	0.450694 	1.012423 	1.350926 	2.354384 	0.687841 	0.550000 	0.512957 	2.387075 	0.751665 	2.800112 	0.776611 	1.659254 	0.850000 	
2.554408 	0.886707 	1.876832 	0.152069 	2.804015 	1.917355 	0.480885 	1.680030 	2.300543 	2.163908 	1.507689 	1.065950 	1.044330 	0.781025 	0.355317 	0.691466 	0.795692 	9.000000 	3.221122 	0.467039 	0.705780 	2.956455 	0.246221 	0.697316 	2.669387 	1.364734 	3.268218 	3.062372 	0.680074 	0.100000 	2.757943 	0.814325 	3.303407 	3.079164 	1.927596 	2.620115 	3.281101 	0.608276 	1.770770 	0.561805 	3.148412 	0.364006 	0.575000 	0.970824 	3.182177 	1.416201 	3.588349 	1.439618 	2.441311 	1.527457 	
0.673146 	2.357568 	1.409122 	3.088892 	0.425000 	1.402007 	2.787584 	1.657747 	1.020110 	1.178187 	1.715007 	2.155371 	2.180023 	2.440415 	3.235062 	3.577185 	2.435416 	3.221122 	9.000000 	3.609016 	2.623928 	0.325960 	3.441112 	3.800740 	0.657647 	2.038535 	0.075000 	0.254951 	2.688517 	3.300095 	0.600521 	3.924443 	0.103078 	0.261008 	1.504161 	0.776611 	0.127475 	2.800112 	1.693000 	3.755829 	0.270416 	3.100504 	2.899354 	2.551103 	0.336341 	2.134537 	0.371652 	2.126764 	1.125000 	2.057000 	
2.952224 	1.325000 	2.305022 	0.548862 	3.199707 	2.351197 	0.942404 	2.122646 	2.725459 	2.595308 	1.912132 	1.472455 	1.460308 	1.195042 	0.391312 	0.355317 	1.227294 	0.467039 	3.609016 	9.000000 	1.170470 	3.359501 	0.226385 	0.230489 	3.085855 	1.822944 	3.660345 	3.465544 	1.147007 	0.450694 	3.175394 	0.348210 	3.695690 	3.483622 	2.375395 	3.045591 	3.677125 	1.073837 	2.225140 	0.176777 	3.555366 	0.800391 	1.032594 	1.437228 	3.593832 	1.881821 	3.979400 	1.905420 	2.885849 	1.992800 	
1.950801 	0.301040 	1.230091 	0.637377 	2.199574 	1.258223 	0.230489 	1.007782 	1.651704 	1.505199 	0.933408 	0.550568 	0.502494 	0.357946 	0.926350 	1.330883 	0.285044 	0.705780 	2.623928 	1.170470 	9.000000 	2.336932 	0.951972 	1.399330 	2.030394 	0.665676 	2.663292 	2.441311 	0.075000 	0.750417 	2.116158 	1.518634 	2.697800 	2.455733 	1.241974 	1.966119 	2.669504 	0.182003 	1.075291 	1.263428 	2.520045 	0.480234 	0.285044 	0.309233 	2.545707 	0.711512 	2.981715 	0.735272 	1.757306 	0.822344 	
0.410031 	2.081015 	1.110462 	2.829311 	0.182003 	1.095730 	2.510602 	1.353006 	0.705780 	0.863496 	1.450000 	1.892254 	1.912132 	2.176149 	2.993848 	3.350373 	2.163908 	2.956455 	0.325960 	3.359501 	2.336932 	9.000000 	3.182766 	3.558528 	0.333542 	1.732953 	0.340037 	0.106066 	2.399088 	3.031604 	0.275000 	3.683069 	0.371652 	0.125000 	1.185854 	0.450694 	0.335410 	2.510105 	1.375682 	3.500357 	0.201556 	2.816137 	2.607681 	2.247360 	0.261008 	1.820028 	0.648556 	1.811249 	0.800391 	1.739253 	
2.778151 	1.125000 	2.112611 	0.353553 	3.027066 	2.155371 	0.726722 	1.921100 	2.535375 	2.401172 	1.732772 	1.290591 	1.273283 	1.007782 	0.328824 	0.514782 	1.030776 	0.246221 	3.441112 	0.226385 	0.951972 	3.182766 	9.000000 	0.456207 	2.901078 	1.610318 	3.490075 	3.288807 	0.925000 	0.225000 	2.990088 	0.570088 	3.525355 	3.306150 	2.170541 	2.855368 	3.504640 	0.848896 	2.015564 	0.320156 	3.376481 	0.575000 	0.806226 	1.212693 	3.412202 	1.662077 	3.809938 	1.685416 	2.683398 	1.773415 	
