Total assets = 770
Number of asset nodes = 33

Distance:
999.000000 	36.235340 	66.610809 	26.400757 	22.472204 	7.071068 	85.234970 	8.062258 	8.544003 	10.000000 	39.824615 	54.708317 	12.369317 	10.295630 	43.566040 	43.011627 	69.641945 	33.105892 	12.206555 	43.278172 	52.430908 	63.655323 	70.035706 	51.400391 	49.203659 	13.038404 	42.544094 	13.892444 	48.270073 	39.623226 	18.027756 	44.777225 	48.918301 	41.146080 	39.395432 	33.837849 	73.539108 	93.005379 	92.200867 	48.373547 	61.611687 	41.785164 	25.179358 	34.525352 	53.712196 	55.569775 	89.274857 	50.990196 	39.051247 	47.539455 	
36.235340 	999.000000 	100.409164 	62.433964 	58.668560 	42.154476 	117.796432 	34.205261 	42.379242 	32.756680 	8.062258 	18.601076 	35.355339 	31.827662 	77.077881 	9.848858 	102.649887 	69.318108 	43.174065 	11.045361 	17.029387 	99.020203 	104.995239 	87.367043 	14.764823 	39.458839 	78.771820 	39.319206 	14.866069 	13.000000 	31.016125 	81.006172 	15.811388 	77.369247 	75.584389 	17.029387 	108.706024 	126.621483 	125.896782 	84.599052 	26.172504 	77.878113 	30.083218 	69.892776 	89.944427 	91.787796 	123.842644 	87.206650 	74.672615 	83.671982 	
66.610809 	100.409164 	999.000000 	42.047592 	46.518814 	63.631752 	19.646883 	72.718636 	64.884514 	74.946648 	105.550934 	118.827606 	75.179787 	68.593002 	23.345236 	104.350372 	5.385165 	41.000000 	67.542580 	109.123779 	117.388245 	12.206555 	9.486833 	23.086792 	114.629837 	72.449982 	33.060551 	73.348480 	114.021927 	106.042442 	82.365044 	32.000000 	114.769333 	36.055511 	38.118237 	100.439034 	13.152946 	26.400757 	25.612497 	30.149628 	126.574089 	39.000000 	89.470665 	48.259712 	29.120440 	27.513634 	23.853722 	32.756680 	45.011108 	36.345562 	
26.400757 	62.433964 	42.047592 	999.000000 	4.472136 	22.022715 	61.465439 	31.240999 	23.021729 	33.421551 	66.219330 	80.993828 	33.286633 	31.953091 	21.095022 	68.447060 	45.880280 	9.219544 	25.495098 	69.656296 	78.816238 	37.536648 	44.204071 	25.000000 	75.604233 	30.413813 	16.763054 	31.304953 	74.652527 	65.795135 	40.496914 	18.973665 	75.286118 	16.124516 	15.000000 	59.464275 	47.507893 	68.095520 	67.230942 	22.472204 	88.005684 	18.027756 	47.507893 	16.401220 	27.856777 	29.546574 	63.600315 	25.709921 	18.384777 	23.086792 	
22.472204 	58.668560 	46.518814 	4.472136 	999.000000 	17.691807 	65.924202 	26.907248 	18.601076 	29.068884 	62.201286 	77.175125 	28.844410 	28.861740 	25.317978 	65.000000 	50.328918 	11.180340 	21.023796 	65.604881 	74.886581 	41.868843 	48.600410 	29.068884 	71.610054 	25.942244 	20.124611 	26.832815 	70.604530 	61.619801 	36.055511 	22.360680 	71.217972 	18.973665 	17.464249 	55.172459 	51.855568 	72.560318 	71.693794 	25.942244 	84.053551 	20.223749 	43.046486 	16.155495 	31.304953 	33.120991 	68.007355 	28.792360 	19.235384 	25.709921 	
7.071068 	42.154476 	63.631752 	22.022715 	17.691807 	999.000000 	82.734512 	9.219544 	2.236068 	11.401754 	44.944408 	60.373837 	11.704700 	17.088007 	41.231056 	49.477268 	67.082039 	27.459061 	6.708204 	48.259712 	57.801384 	59.548298 	66.219330 	46.690472 	54.378304 	10.000000 	37.202152 	11.000000 	53.254108 	44.045429 	18.788294 	39.408119 	53.823788 	35.510563 	33.615471 	37.483330 	69.526970 	89.888817 	89.044930 	43.011627 	66.887962 	35.777088 	26.000000 	27.892651 	48.259712 	50.219517 	85.603737 	45.276924 	32.572994 	41.593269 	
85.234970 	117.796432 	19.646883 	61.465439 	65.924202 	82.734512 	999.000000 	91.706055 	84.095184 	93.941475 	123.405838 	135.948517 	94.371605 	86.214851 	41.677334 	120.917328 	15.652476 	60.638271 	86.925255 	127.003937 	134.825821 	29.068884 	22.360680 	42.107006 	132.279999 	91.787796 	52.469040 	92.703827 	131.821854 	124.277916 	101.518471 	51.244511 	132.612213 	55.443665 	57.558666 	119.037811 	22.472204 	11.180340 	11.045361 	49.040798 	143.934006 	58.215118 	108.687622 	67.742157 	47.095646 	45.177429 	16.155495 	51.039200 	64.280632 	55.000000 	
8.062258 	34.205261 	72.718636 	31.240999 	26.907248 	9.219544 	91.706055 	999.000000 	8.602325 	2.236068 	36.235340 	52.000000 	4.472136 	16.401220 	50.089920 	42.296574 	76.059189 	36.400551 	9.055386 	39.446167 	49.193497 	68.767723 	75.432091 	55.865910 	45.650848 	6.708204 	46.227695 	7.211102 	44.418465 	35.000000 	10.198039 	48.414875 	44.944408 	44.407207 	42.438190 	28.284271 	78.746429 	99.020203 	98.183502 	52.009613 	58.180752 	44.418465 	17.464249 	35.846897 	57.201397 	59.203041 	94.810333 	54.083271 	40.718548 	50.249378 	
8.544003 	42.379242 	64.884514 	23.021729 	18.601076 	2.236068 	84.095184 	8.602325 	999.000000 	10.630146 	44.777225 	60.415230 	10.295630 	18.788294 	42.720020 	50.009998 	68.447060 	27.802877 	4.472136 	48.020828 	57.706154 	60.440052 	67.201187 	47.381432 	54.203320 	8.062258 	37.643059 	9.055386 	53.000000 	43.600460 	17.492855 	39.824615 	53.535034 	35.805027 	33.837849 	36.796738 	70.434364 	91.065910 	90.210861 	43.416588 	66.730804 	35.846897 	24.596748 	27.513634 	48.600410 	50.606323 	86.608315 	45.486263 	32.310989 	41.677334 	
10.000000 	32.756680 	74.946648 	33.421551 	29.068884 	11.401754 	93.941475 	2.236068 	10.630146 	999.000000 	34.438351 	50.328918 	3.605551 	17.492855 	52.325901 	41.109608 	78.294319 	38.418747 	10.440307 	37.589893 	47.423622 	70.936592 	77.620872 	57.982758 	43.829212 	7.071068 	48.270073 	7.280110 	42.544094 	33.015148 	8.062258 	50.447994 	43.046486 	46.400433 	44.407207 	26.172504 	80.919716 	101.242287 	100.404182 	54.037025 	56.356010 	46.324940 	15.297058 	37.576588 	59.203041 	61.220913 	97.005157 	56.035702 	42.485291 	52.153618 	
39.824615 	8.062258 	105.550934 	66.219330 	62.201286 	44.944408 	123.405838 	36.235340 	44.777225 	34.438351 	999.000000 	16.278820 	36.400551 	37.202152 	82.219215 	15.620500 	108.074051 	72.401657 	44.777225 	3.605551 	13.000000 	103.392456 	109.622078 	91.214035 	9.433981 	40.496914 	82.097504 	40.162170 	8.485281 	5.656854 	30.805843 	84.314888 	9.219544 	80.454956 	78.549347 	12.369317 	113.216606 	131.893890 	131.137329 	87.920418 	21.954498 	80.622574 	28.000000 	72.013885 	93.193344 	95.131485 	128.701202 	90.210861 	76.922035 	86.452301 	
54.708317 	18.601076 	118.827606 	80.993828 	77.175125 	60.373837 	135.948517 	52.000000 	60.415230 	50.328918 	16.278820 	999.000000 	52.497620 	50.328918 	95.524864 	16.155495 	120.933868 	87.709747 	60.745369 	14.000000 	4.472136 	117.613777 	123.555656 	105.948097 	8.246211 	56.612720 	97.247108 	56.320511 	10.440307 	20.024984 	47.074409 	99.478638 	10.770329 	95.770561 	93.941475 	28.000000 	127.283150 	144.958618 	144.249786 	103.077644 	8.544003 	96.150925 	44.102154 	87.846458 	108.406639 	110.276924 	142.341141 	105.588821 	92.703827 	101.965683 	
12.369317 	35.355339 	75.179787 	33.286633 	28.844410 	11.704700 	94.371605 	4.472136 	10.295630 	3.605551 	36.400551 	52.497620 	999.000000 	20.808653 	52.924473 	44.011364 	78.721024 	37.483330 	8.602325 	39.395432 	49.396355 	70.604530 	77.420929 	57.384666 	45.694637 	4.123106 	47.381432 	4.000000 	44.283180 	34.481880 	7.211102 	49.517673 	44.721359 	45.343136 	43.278172 	27.202942 	80.603973 	101.355812 	100.498756 	53.075417 	58.180752 	45.000000 	14.317822 	35.846897 	58.137768 	60.207973 	96.834908 	54.817879 	40.816662 	50.803543 	
10.295630 	31.827662 	68.593002 	31.953091 	28.861740 	17.088007 	86.214851 	16.401220 	18.788294 	17.492855 	37.202152 	50.328918 	20.808653 	999.000000 	45.254833 	36.715118 	70.936592 	40.024994 	22.472204 	40.804413 	48.795490 	67.424034 	73.246162 	56.356010 	46.097721 	22.627417 	48.703182 	23.345236 	45.607018 	38.470768 	24.351591 	50.921509 	46.400433 	47.801674 	46.324940 	34.481880 	77.006493 	94.847244 	94.111633 	54.424259 	57.982758 	49.030602 	30.594116 	43.011627 	59.808025 	61.465439 	92.021736 	57.567352 	47.169907 	54.571056 	
43.566040 	77.077881 	23.345236 	21.095022 	25.317978 	41.231056 	41.677334 	50.089920 	42.720020 	52.325901 	82.219215 	95.524864 	52.924473 	45.254833 	999.000000 	81.215759 	26.076809 	24.041630 	45.880280 	85.796272 	94.047859 	24.041630 	28.653097 	18.973665 	91.285271 	50.596443 	21.260292 	51.546097 	90.686272 	82.800964 	60.008331 	21.931713 	91.438507 	23.600847 	24.698177 	77.388626 	32.649654 	49.678970 	48.918301 	23.021729 	103.237587 	27.202942 	67.230942 	32.893768 	26.400757 	26.570660 	46.861500 	27.459061 	31.764761 	28.319605 	
43.011627 	9.848858 	104.350372 	68.447060 	65.000000 	49.477268 	120.917328 	42.296574 	50.009998 	41.109608 	15.620500 	16.155495 	44.011364 	36.715118 	81.215759 	999.000000 	106.150833 	75.960518 	51.351727 	17.000000 	17.117243 	104.009613 	109.622078 	93.059120 	17.117243 	48.041649 	85.088188 	48.010414 	18.439089 	21.260292 	40.311287 	87.321243 	19.416489 	83.934502 	82.280006 	26.627054 	113.463654 	130.230560 	129.556931 	90.873535 	24.698177 	84.758484 	39.849716 	77.369247 	96.254868 	97.989792 	128.062485 	93.776329 	82.006096 	90.476517 	
69.641945 	102.649887 	5.385165 	45.880280 	50.328918 	67.082039 	15.652476 	76.059189 	68.447060 	78.294319 	108.074051 	120.933868 	78.721024 	70.936592 	26.076809 	106.150833 	999.000000 	45.541191 	71.309189 	111.664673 	119.670380 	17.492855 	13.601471 	28.284271 	117.034180 	76.157730 	38.000000 	77.077881 	116.516090 	108.811768 	85.866173 	37.054016 	117.290237 	41.000000 	43.011627 	103.464973 	16.552946 	24.083189 	23.430750 	35.355339 	128.817703 	44.045429 	93.037628 	53.084839 	34.481880 	32.893768 	23.409399 	38.078865 	50.009998 	41.593269 	
33.105892 	69.318108 	41.000000 	9.219544 	11.180340 	27.459061 	60.638271 	36.400551 	27.802877 	38.418747 	72.401657 	87.709747 	37.483330 	40.024994 	24.041630 	75.960518 	45.541191 	999.000000 	29.000000 	75.716576 	85.234970 	34.000000 	41.146080 	20.248457 	81.835197 	33.970577 	9.899495 	34.713108 	80.709358 	71.400284 	44.553337 	12.041595 	81.271149 	8.062258 	6.324555 	64.536812 	43.908997 	65.924202 	65.000000 	15.620500 	94.339813 	9.055386 	51.088158 	8.944272 	20.808653 	22.803509 	60.415230 	17.888544 	9.433981 	14.560220 	
12.206555 	43.174065 	67.542580 	25.495098 	21.023796 	6.708204 	86.925255 	9.055386 	4.472136 	10.440307 	44.777225 	60.745369 	8.602325 	22.472204 	45.880280 	51.351727 	71.309189 	29.000000 	999.000000 	47.853943 	57.775429 	62.425957 	69.339745 	49.040798 	54.129475 	5.000000 	38.897301 	5.830952 	52.773098 	43.046486 	15.556349 	41.012192 	53.235325 	36.796738 	34.713108 	35.805027 	72.422371 	93.536087 	92.660675 	44.553337 	66.640831 	36.400551 	22.203604 	27.294687 	49.578220 	51.662365 	88.752464 	46.227695 	32.249031 	42.201897 	
43.278172 	11.045361 	109.123779 	69.656296 	65.604881 	48.259712 	127.003937 	39.446167 	48.020828 	37.589893 	3.605551 	14.000000 	39.395432 	40.804413 	85.796272 	17.000000 	111.664673 	75.716576 	47.853943 	999.000000 	10.198039 	106.887794 	113.145920 	94.641426 	6.324555 	43.462627 	85.445892 	43.081318 	5.000000 	6.082763 	33.526108 	87.658424 	5.656854 	83.761566 	81.835197 	14.000000 	116.726173 	135.473251 	134.714508 	91.263351 	18.788294 	83.862984 	30.149628 	75.133217 	96.519424 	98.473343 	132.245987 	93.493317 	80.062477 	89.693924 	
52.430908 	17.029387 	117.388245 	78.816238 	74.886581 	57.801384 	134.825821 	49.193497 	57.706154 	47.423622 	13.000000 	4.472136 	49.396355 	48.795490 	94.047859 	17.117243 	119.670380 	85.234970 	57.775429 	10.198039 	999.000000 	115.745407 	121.827744 	103.812332 	4.000000 	53.488316 	94.873604 	53.141319 	6.082763 	16.031219 	43.680660 	97.097885 	6.324555 	93.295227 	91.416626 	24.083189 	125.495018 	143.627991 	142.898560 	100.702530 	9.219544 	93.536087 	40.311287 	85.000000 	106.000000 	107.912003 	140.758652 	103.077644 	89.899948 	99.362968 	
63.655323 	99.020203 	12.206555 	37.536648 	41.868843 	59.548298 	29.068884 	68.767723 	60.440052 	70.936592 	103.392456 	117.613777 	70.604530 	67.424034 	24.041630 	104.009613 	17.492855 	34.000000 	62.425957 	106.887794 	115.745407 	999.000000 	7.280110 	13.928389 	112.698715 	67.424034 	24.698177 	68.242218 	111.865990 	103.237587 	77.801025 	23.086792 	112.538879 	27.513634 	29.732138 	97.000000 	10.000000 	32.280025 	31.320919 	20.396078 	124.963997 	29.832869 	84.628601 	39.849716 	18.027756 	16.124516 	26.419689 	22.000000 	35.902645 	26.076809 	
70.035706 	104.995239 	9.486833 	44.204071 	48.600410 	66.219330 	22.360680 	75.432091 	67.201187 	77.620872 	109.622078 	123.555656 	77.420929 	73.246162 	28.653097 	109.622078 	13.601471 	41.146080 	69.339745 	113.145920 	121.827744 	7.280110 	999.000000 	21.189621 	118.869675 	74.330345 	31.953091 	75.166481 	118.105888 	109.658562 	84.628601 	30.364452 	118.802361 	34.785053 	37.000000 	103.585716 	4.123106 	25.000000 	24.041630 	27.658634 	131.045792 	37.107952 	91.525955 	47.127487 	25.019993 	23.000000 	19.416489 	29.068884 	43.174065 	33.241539 	
51.400391 	87.367043 	23.086792 	25.000000 	29.068884 	46.690472 	42.107006 	55.865910 	47.381432 	57.982758 	91.214035 	105.948097 	57.384666 	56.356010 	18.973665 	93.059120 	28.284271 	20.248457 	49.040798 	94.641426 	103.812332 	13.928389 	21.189621 	999.000000 	100.603180 	54.037025 	10.770329 	54.817879 	99.639351 	90.686272 	64.536812 	9.219544 	100.264648 	13.601471 	15.811388 	84.148682 	23.706539 	46.173584 	45.221676 	7.071068 	113.004425 	16.124516 	71.217972 	25.961510 	7.810250 	7.615773 	40.249222 	10.295630 	22.203604 	13.341664 	
49.203659 	14.764823 	114.629837 	75.604233 	71.610054 	54.378304 	132.279999 	45.650848 	54.203320 	43.829212 	9.433981 	8.246211 	45.694637 	46.097721 	91.285271 	17.117243 	117.034180 	81.835197 	54.129475 	6.324555 	4.000000 	112.698715 	118.869675 	100.603180 	999.000000 	49.769470 	91.525955 	49.396355 	2.236068 	12.041595 	39.849716 	93.744331 	2.828427 	89.888817 	87.982956 	20.099751 	122.494896 	140.929062 	140.185593 	97.349884 	12.529964 	90.049988 	36.345562 	81.394104 	102.625534 	104.560989 	137.887634 	99.644371 	86.313385 	95.880135 	
13.038404 	39.458839 	72.449982 	30.413813 	25.942244 	10.000000 	91.787796 	6.708204 	8.062258 	7.071068 	40.496914 	56.612720 	4.123106 	22.627417 	50.596443 	48.041649 	76.157730 	33.970577 	5.000000 	43.462627 	53.488316 	67.424034 	74.330345 	54.037025 	49.769470 	999.000000 	43.863426 	1.000000 	48.332184 	38.470768 	10.630146 	45.967381 	48.754486 	41.725292 	39.623226 	31.064449 	77.420929 	98.488579 	97.616600 	49.497475 	62.241467 	41.231056 	17.204651 	31.906113 	54.488529 	56.586216 	93.744331 	51.088158 	36.891735 	47.010635 	
42.544094 	78.771820 	33.060551 	16.763054 	20.124611 	37.202152 	52.469040 	46.227695 	37.643059 	48.270073 	82.097504 	97.247108 	47.381432 	48.703182 	21.260292 	85.088188 	38.000000 	9.899495 	38.897301 	85.445892 	94.873604 	24.698177 	31.953091 	10.770329 	91.525955 	43.863426 	999.000000 	44.598206 	90.443352 	81.215759 	54.451813 	2.236068 	91.021973 	3.000000 	5.099020 	74.411018 	34.438351 	56.920998 	55.973209 	5.830952 	104.009613 	6.324555 	60.959003 	15.297058 	11.180340 	13.038404 	50.990196 	9.055386 	12.041595 	7.615773 	
13.892444 	39.319206 	73.348480 	31.304953 	26.832815 	11.000000 	92.703827 	7.211102 	9.055386 	7.280110 	40.162170 	56.320511 	4.000000 	23.345236 	51.546097 	48.010414 	77.077881 	34.713108 	5.830952 	43.081318 	53.141319 	68.242218 	75.166481 	54.817879 	49.396355 	1.000000 	44.598206 	999.000000 	47.927029 	38.013157 	10.000000 	46.690472 	48.332184 	42.426407 	40.311287 	30.528675 	78.236816 	99.362968 	98.488579 	50.209560 	61.846584 	41.868843 	16.401220 	32.449963 	55.172459 	57.280014 	94.578011 	51.739735 	37.443291 	47.634022 	
48.270073 	14.866069 	114.021927 	74.652527 	70.604530 	53.254108 	131.821854 	44.418465 	53.000000 	42.544094 	8.485281 	10.440307 	44.283180 	45.607018 	90.686272 	18.439089 	116.516090 	80.709358 	52.773098 	5.000000 	6.082763 	111.865990 	118.105888 	99.639351 	2.236068 	48.332184 	90.443352 	47.927029 	999.000000 	10.198039 	38.275318 	92.655273 	1.000000 	88.752464 	86.821655 	18.248287 	121.696342 	140.356689 	139.603012 	96.260063 	13.928389 	88.836929 	34.525352 	80.062477 	101.513542 	103.469803 	137.186005 	98.478424 	85.000000 	94.667839 	
39.623226 	13.000000 	106.042442 	65.795135 	61.619801 	44.045429 	124.277916 	35.000000 	43.600460 	33.015148 	5.656854 	20.024984 	34.481880 	38.470768 	82.800964 	21.260292 	108.811768 	71.400284 	43.046486 	6.082763 	16.031219 	103.237587 	109.658562 	90.686272 	12.041595 	38.470768 	81.215759 	38.013157 	10.198039 	999.000000 	28.231188 	83.408630 	10.440307 	79.404030 	77.420929 	8.062258 	113.145920 	132.438660 	131.654846 	87.005745 	24.041630 	79.322128 	24.331051 	70.327805 	92.200867 	94.201912 	128.887543 	89.050545 	75.292763 	85.146935 	
18.027756 	31.016125 	82.365044 	40.496914 	36.055511 	18.788294 	101.518471 	10.198039 	17.492855 	8.062258 	30.805843 	47.074409 	7.211102 	24.351591 	60.008331 	40.311287 	85.866173 	44.553337 	15.556349 	33.526108 	43.680660 	77.801025 	84.628601 	64.536812 	39.849716 	10.630146 	54.451813 	10.000000 	38.275318 	28.231188 	999.000000 	56.568542 	38.626415 	52.345009 	50.249378 	20.591261 	87.800911 	108.558739 	107.703293 	60.108234 	52.201534 	51.855568 	7.280110 	42.438190 	65.115280 	67.208633 	104.043259 	61.717098 	47.434166 	57.628117 	
44.777225 	81.006172 	32.000000 	18.973665 	22.360680 	39.408119 	51.244511 	48.414875 	39.824615 	50.447994 	84.314888 	99.478638 	49.517673 	50.921509 	21.931713 	87.321243 	37.054016 	12.041595 	41.012192 	87.658424 	97.097885 	23.086792 	30.364452 	9.219544 	93.744331 	45.967381 	2.236068 	46.690472 	92.655273 	83.408630 	56.568542 	999.000000 	93.230896 	4.472136 	6.708204 	76.576759 	32.695564 	55.362442 	54.405884 	3.605551 	106.230881 	7.000000 	63.031738 	16.763054 	8.944272 	10.816654 	49.244289 	7.000000 	13.038404 	6.403124 	
48.918301 	15.811388 	114.769333 	75.286118 	71.217972 	53.823788 	132.612213 	44.944408 	53.535034 	43.046486 	9.219544 	10.770329 	44.721359 	46.400433 	91.438507 	19.416489 	117.290237 	81.271149 	53.235325 	5.656854 	6.324555 	112.538879 	118.802361 	100.264648 	2.828427 	48.754486 	91.021973 	48.332184 	1.000000 	10.440307 	38.626415 	93.230896 	999.000000 	89.308456 	87.367043 	18.439089 	122.380554 	141.113434 	140.356689 	96.834908 	13.601471 	89.358826 	34.713108 	80.529495 	102.078400 	104.043259 	137.902145 	99.020203 	85.475143 	95.189285 	
41.146080 	77.369247 	36.055511 	16.124516 	18.973665 	35.510563 	55.443665 	44.407207 	35.805027 	46.400433 	80.454956 	95.770561 	45.343136 	47.801674 	23.600847 	83.934502 	41.000000 	8.062258 	36.796738 	83.761566 	93.295227 	27.513634 	34.785053 	13.601471 	89.888817 	41.725292 	3.000000 	42.426407 	88.752464 	79.404030 	52.345009 	4.472136 	89.308456 	999.000000 	2.236068 	72.470680 	37.161808 	59.774578 	58.821766 	7.810250 	102.396286 	3.605551 	58.728188 	12.369317 	12.806249 	14.866069 	53.712196 	9.848858 	9.055386 	7.000000 	
39.395432 	75.584389 	38.118237 	15.000000 	17.464249 	33.615471 	57.558666 	42.438190 	33.837849 	44.407207 	78.549347 	93.941475 	43.278172 	46.324940 	24.698177 	82.280006 	43.011627 	6.324555 	34.713108 	81.835197 	91.416626 	29.732138 	37.000000 	15.811388 	87.982956 	39.623226 	5.099020 	40.311287 	86.821655 	77.420929 	50.249378 	6.708204 	87.367043 	2.236068 	999.000000 	70.434364 	39.395432 	61.983868 	61.032780 	10.000000 	100.498756 	3.162278 	56.586216 	10.198039 	14.866069 	16.970562 	55.946404 	11.661903 	7.280110 	8.246211 	
33.837849 	17.029387 	100.439034 	59.464275 	55.172459 	37.483330 	119.037811 	28.284271 	36.796738 	26.172504 	12.369317 	28.000000 	27.202942 	34.481880 	77.388626 	26.627054 	103.464973 	64.536812 	35.805027 	14.000000 	24.083189 	97.000000 	103.585716 	84.148682 	20.099751 	31.064449 	74.411018 	30.528675 	18.248287 	8.062258 	20.591261 	76.576759 	18.439089 	72.470680 	70.434364 	999.000000 	106.962608 	126.826653 	126.015869 	80.156097 	32.015621 	72.201111 	16.278820 	62.968246 	85.276024 	87.321243 	122.918671 	82.006096 	67.955872 	78.006409 	
73.539108 	108.706024 	13.152946 	47.507893 	51.855568 	69.526970 	22.472204 	78.746429 	70.434364 	80.919716 	113.216606 	127.283150 	80.603973 	77.006493 	32.649654 	113.463654 	16.552946 	43.908997 	72.422371 	116.726173 	125.495018 	10.000000 	4.123106 	23.706539 	122.494896 	77.420929 	34.438351 	78.236816 	121.696342 	113.145920 	87.800911 	32.695564 	122.380554 	37.161808 	39.395432 	106.962608 	999.000000 	23.194826 	22.203604 	29.732138 	134.714508 	39.217342 	94.625580 	49.396355 	26.476404 	24.331051 	16.552946 	30.594116 	45.221676 	34.928497 	
93.005379 	126.621483 	26.400757 	68.095520 	72.560318 	89.888817 	11.180340 	99.020203 	91.065910 	101.242287 	131.893890 	144.958618 	101.355812 	94.847244 	49.678970 	130.230560 	24.083189 	65.924202 	93.536087 	135.473251 	143.627991 	32.280025 	25.000000 	46.173584 	140.929062 	98.488579 	56.920998 	99.362968 	140.356689 	132.438660 	108.558739 	55.362442 	141.113434 	59.774578 	61.983868 	126.826653 	23.194826 	999.000000 	1.000000 	52.630791 	152.793976 	62.096699 	115.602768 	72.124893 	49.648766 	47.518417 	8.944272 	53.758720 	68.154236 	58.051701 	
92.200867 	125.896782 	25.612497 	67.230942 	71.693794 	89.044930 	11.045361 	98.183502 	90.210861 	100.404182 	131.137329 	144.249786 	100.498756 	94.111633 	48.918301 	129.556931 	23.430750 	65.000000 	92.660675 	134.714508 	142.898560 	31.320919 	24.041630 	45.221676 	140.185593 	97.616600 	55.973209 	98.488579 	139.603012 	131.654846 	107.703293 	54.405884 	140.356689 	58.821766 	61.032780 	126.015869 	22.203604 	1.000000 	999.000000 	51.662365 	152.069061 	61.131008 	114.738831 	71.168816 	48.662102 	46.529560 	8.062258 	52.773098 	67.186310 	57.070133 	
48.373547 	84.599052 	30.149628 	22.472204 	25.942244 	43.011627 	49.040798 	52.009613 	43.416588 	54.037025 	87.920418 	103.077644 	53.075417 	54.424259 	23.021729 	90.873535 	35.355339 	15.620500 	44.553337 	91.263351 	100.702530 	20.396078 	27.658634 	7.071068 	97.349884 	49.497475 	5.830952 	50.209560 	96.260063 	87.005745 	60.108234 	3.605551 	96.834908 	7.810250 	10.000000 	80.156097 	29.732138 	52.630791 	51.662365 	999.000000 	109.836243 	9.486833 	66.528191 	19.697716 	5.385165 	7.211102 	46.238514 	4.472136 	15.524175 	6.324555 	
61.611687 	26.172504 	126.574089 	88.005684 	84.053551 	66.887962 	143.934006 	58.180752 	66.730804 	56.356010 	21.954498 	8.544003 	58.180752 	57.982758 	103.237587 	24.698177 	128.817703 	94.339813 	66.640831 	18.788294 	9.219544 	124.963997 	131.045792 	113.004425 	12.529964 	62.241467 	104.009613 	61.846584 	13.928389 	24.041630 	52.201534 	106.230881 	13.601471 	102.396286 	100.498756 	32.015621 	134.714508 	152.793976 	152.069061 	109.836243 	999.000000 	102.576797 	48.270073 	93.914856 	115.121674 	117.046997 	149.966660 	112.160599 	98.838249 	108.406639 	
41.785164 	77.878113 	39.000000 	18.027756 	20.223749 	35.777088 	58.215118 	44.418465 	35.846897 	46.324940 	80.622574 	96.150925 	45.000000 	49.030602 	27.202942 	84.758484 	44.045429 	9.055386 	36.400551 	83.862984 	93.536087 	29.832869 	37.107952 	16.124516 	90.049988 	41.231056 	6.324555 	41.868843 	88.836929 	79.322128 	51.855568 	7.000000 	89.358826 	3.605551 	3.162278 	72.201111 	39.217342 	62.096699 	61.131008 	9.486833 	102.576797 	999.000000 	58.000000 	10.295630 	13.601471 	15.811388 	55.713554 	9.899495 	6.082763 	5.830952 	
25.179358 	30.083218 	89.470665 	47.507893 	43.046486 	26.000000 	108.687622 	17.464249 	24.596748 	15.297058 	28.000000 	44.102154 	14.317822 	30.594116 	67.230942 	39.849716 	93.037628 	51.088158 	22.203604 	30.149628 	40.311287 	84.628601 	91.525955 	71.217972 	36.345562 	17.204651 	60.959003 	16.401220 	34.525352 	24.331051 	7.280110 	63.031738 	34.713108 	58.728188 	56.586216 	16.278820 	94.625580 	115.602768 	114.738831 	66.528191 	48.270073 	58.000000 	999.000000 	48.270073 	71.421288 	73.552704 	110.941429 	67.896980 	53.263496 	63.702435 	
34.525352 	69.892776 	48.259712 	16.401220 	16.155495 	27.892651 	67.742157 	35.846897 	27.513634 	37.576588 	72.013885 	87.846458 	35.846897 	43.011627 	32.893768 	77.369247 	53.084839 	8.944272 	27.294687 	75.133217 	85.000000 	39.849716 	47.127487 	25.961510 	81.394104 	31.906113 	15.297058 	32.449963 	80.062477 	70.327805 	42.438190 	16.763054 	80.529495 	12.369317 	10.198039 	62.968246 	49.396355 	72.124893 	71.168816 	19.697716 	93.914856 	10.295630 	48.270073 	999.000000 	23.853722 	26.076809 	65.924202 	20.000000 	5.000000 	15.620500 	
53.712196 	89.944427 	29.120440 	27.856777 	31.304953 	48.259712 	47.095646 	57.201397 	48.600410 	59.203041 	93.193344 	108.406639 	58.137768 	59.808025 	26.400757 	96.254868 	34.481880 	20.808653 	49.578220 	96.519424 	106.000000 	18.027756 	25.019993 	7.810250 	102.625534 	54.488529 	11.180340 	55.172459 	101.513542 	92.200867 	65.115280 	8.944272 	102.078400 	12.806249 	14.866069 	85.276024 	26.476404 	49.648766 	48.662102 	5.385165 	115.121674 	13.601471 	71.421288 	23.853722 	999.000000 	2.236068 	42.720020 	4.123106 	19.235384 	8.544003 	
55.569775 	91.787796 	27.513634 	29.546574 	33.120991 	50.219517 	45.177429 	59.203041 	50.606323 	61.220913 	95.131485 	110.276924 	60.207973 	61.465439 	26.570660 	97.989792 	32.893768 	22.803509 	51.662365 	98.473343 	107.912003 	16.124516 	23.000000 	7.615773 	104.560989 	56.586216 	13.038404 	57.280014 	103.469803 	94.201912 	67.208633 	10.816654 	104.043259 	14.866069 	16.970562 	87.321243 	24.331051 	47.518417 	46.529560 	7.211102 	117.046997 	15.811388 	73.552704 	26.076809 	2.236068 	999.000000 	40.521599 	6.324555 	21.470911 	10.770329 	
89.274857 	123.842644 	23.853722 	63.600315 	68.007355 	85.603737 	16.155495 	94.810333 	86.608315 	97.005157 	128.701202 	142.341141 	96.834908 	92.021736 	46.861500 	128.062485 	23.409399 	60.415230 	88.752464 	132.245987 	140.758652 	26.419689 	19.416489 	40.249222 	137.887634 	93.744331 	50.990196 	94.578011 	137.186005 	128.887543 	104.043259 	49.244289 	137.902145 	53.712196 	55.946404 	122.918671 	16.552946 	8.944272 	8.062258 	46.238514 	149.966660 	55.713554 	110.941429 	65.924202 	42.720020 	40.521599 	999.000000 	46.840153 	61.684681 	51.244511 	
50.990196 	87.206650 	32.756680 	25.709921 	28.792360 	45.276924 	51.039200 	54.083271 	45.486263 	56.035702 	90.210861 	105.588821 	54.817879 	57.567352 	27.459061 	93.776329 	38.078865 	17.888544 	46.227695 	93.493317 	103.077644 	22.000000 	29.068884 	10.295630 	99.644371 	51.088158 	9.055386 	51.739735 	98.478424 	89.050545 	61.717098 	7.000000 	99.020203 	9.848858 	11.661903 	82.006096 	30.594116 	53.758720 	52.773098 	4.472136 	112.160599 	9.899495 	67.896980 	20.000000 	4.123106 	6.324555 	46.840153 	999.000000 	15.264338 	4.472136 	
39.051247 	74.672615 	45.011108 	18.384777 	19.235384 	32.572994 	64.280632 	40.718548 	32.310989 	42.485291 	76.922035 	92.703827 	40.816662 	47.169907 	31.764761 	82.006096 	50.009998 	9.433981 	32.249031 	80.062477 	89.899948 	35.902645 	43.174065 	22.203604 	86.313385 	36.891735 	12.041595 	37.443291 	85.000000 	75.292763 	47.434166 	13.038404 	85.475143 	9.055386 	7.280110 	67.955872 	45.221676 	68.154236 	67.186310 	15.524175 	98.838249 	6.082763 	53.263496 	5.000000 	19.235384 	21.470911 	61.684681 	15.264338 	999.000000 	10.816654 	
47.539455 	83.671982 	36.345562 	23.086792 	25.709921 	41.593269 	55.000000 	50.249378 	41.677334 	52.153618 	86.452301 	101.965683 	50.803543 	54.571056 	28.319605 	90.476517 	41.593269 	14.560220 	42.201897 	89.693924 	99.362968 	26.076809 	33.241539 	13.341664 	95.880135 	47.010635 	7.615773 	47.634022 	94.667839 	85.146935 	57.628117 	6.403124 	95.189285 	7.000000 	8.246211 	78.006409 	34.928497 	58.051701 	57.070133 	6.324555 	108.406639 	5.830952 	63.702435 	15.620500 	8.544003 	10.770329 	51.244511 	4.472136 	10.816654 	999.000000 	

Travel time:
9.000000 	0.905883 	1.665270 	0.660019 	0.561805 	0.176777 	2.130874 	0.201556 	0.213600 	0.250000 	0.995615 	1.367708 	0.309233 	0.257391 	1.089151 	1.075291 	1.741049 	0.827647 	0.305164 	1.081954 	1.310773 	1.591383 	1.750893 	1.285010 	1.230091 	0.325960 	1.063602 	0.347311 	1.206752 	0.990581 	0.450694 	1.119431 	1.222957 	1.028652 	0.984886 	0.845946 	1.838478 	2.325135 	2.305022 	1.209339 	1.540292 	1.044629 	0.629484 	0.863134 	1.342805 	1.389244 	2.231871 	1.274755 	0.976281 	1.188486 	
0.905883 	9.000000 	2.510229 	1.560849 	1.466714 	1.053862 	2.944911 	0.855132 	1.059481 	0.818917 	0.201556 	0.465027 	0.883883 	0.795692 	1.926947 	0.246221 	2.566247 	1.732953 	1.079352 	0.276134 	0.425735 	2.475505 	2.624881 	2.184176 	0.369121 	0.986471 	1.969296 	0.982980 	0.371652 	0.325000 	0.775403 	2.025154 	0.395285 	1.934231 	1.889610 	0.425735 	2.717651 	3.165537 	3.147419 	2.114976 	0.654313 	1.946953 	0.752080 	1.747319 	2.248611 	2.294695 	3.096066 	2.180166 	1.866815 	2.091799 	
1.665270 	2.510229 	9.000000 	1.051190 	1.162970 	1.590794 	0.491172 	1.817966 	1.622113 	1.873666 	2.638773 	2.970690 	1.879495 	1.714825 	0.583631 	2.608759 	0.134629 	1.025000 	1.688565 	2.728095 	2.934706 	0.305164 	0.237171 	0.577170 	2.865746 	1.811249 	0.826514 	1.833712 	2.850548 	2.651061 	2.059126 	0.800000 	2.869233 	0.901388 	0.952956 	2.510976 	0.328824 	0.660019 	0.640312 	0.753741 	3.164352 	0.975000 	2.236767 	1.206493 	0.728011 	0.687841 	0.596343 	0.818917 	1.125278 	0.908639 	
0.660019 	1.560849 	1.051190 	9.000000 	0.111803 	0.550568 	1.536636 	0.781025 	0.575543 	0.835539 	1.655483 	2.024846 	0.832166 	0.798827 	0.527376 	1.711177 	1.147007 	0.230489 	0.637377 	1.741407 	1.970406 	0.938416 	1.105102 	0.625000 	1.890106 	0.760345 	0.419076 	0.782624 	1.866313 	1.644878 	1.012423 	0.474342 	1.882153 	0.403113 	0.375000 	1.486607 	1.187697 	1.702388 	1.680773 	0.561805 	2.200142 	0.450694 	1.187697 	0.410031 	0.696419 	0.738664 	1.590008 	0.642748 	0.459619 	0.577170 	
0.561805 	1.466714 	1.162970 	0.111803 	9.000000 	0.442295 	1.648105 	0.672681 	0.465027 	0.726722 	1.555032 	1.929378 	0.721110 	0.721543 	0.632949 	1.625000 	1.258223 	0.279509 	0.525595 	1.640122 	1.872164 	1.046721 	1.215010 	0.726722 	1.790251 	0.648556 	0.503115 	0.670820 	1.765113 	1.540495 	0.901388 	0.559017 	1.780449 	0.474342 	0.436606 	1.379311 	1.296389 	1.814008 	1.792345 	0.648556 	2.101339 	0.505594 	1.076162 	0.403887 	0.782624 	0.828025 	1.700184 	0.719809 	0.480885 	0.642748 	
0.176777 	1.053862 	1.590794 	0.550568 	0.442295 	9.000000 	2.068363 	0.230489 	0.055902 	0.285044 	1.123610 	1.509346 	0.292617 	0.427200 	1.030776 	1.236932 	1.677051 	0.686477 	0.167705 	1.206493 	1.445035 	1.488707 	1.655483 	1.167262 	1.359458 	0.250000 	0.930054 	0.275000 	1.331353 	1.101136 	0.469707 	0.985203 	1.345595 	0.887764 	0.840387 	0.937083 	1.738174 	2.247221 	2.226123 	1.075291 	1.672199 	0.894427 	0.650000 	0.697316 	1.206493 	1.255488 	2.140093 	1.131923 	0.814325 	1.039832 	
2.130874 	2.944911 	0.491172 	1.536636 	1.648105 	2.068363 	9.000000 	2.292651 	2.102380 	2.348537 	3.085146 	3.398713 	2.359290 	2.155371 	1.041933 	3.022933 	0.391312 	1.515957 	2.173131 	3.175098 	3.370646 	0.726722 	0.559017 	1.052675 	3.307000 	2.294695 	1.311726 	2.317596 	3.295546 	3.106948 	2.537962 	1.281113 	3.315305 	1.386092 	1.438967 	2.975945 	0.561805 	0.279509 	0.276134 	1.226020 	3.598350 	1.455378 	2.717191 	1.693554 	1.177391 	1.129436 	0.403887 	1.275980 	1.607016 	1.375000 	
0.201556 	0.855132 	1.817966 	0.781025 	0.672681 	0.230489 	2.292651 	9.000000 	0.215058 	0.055902 	0.905883 	1.300000 	0.111803 	0.410031 	1.252248 	1.057414 	1.901480 	0.910014 	0.226385 	0.986154 	1.229837 	1.719193 	1.885802 	1.396648 	1.141271 	0.167705 	1.155692 	0.180278 	1.110462 	0.875000 	0.254951 	1.210372 	1.123610 	1.110180 	1.060955 	0.707107 	1.968661 	2.475505 	2.454587 	1.300240 	1.454519 	1.110462 	0.436606 	0.896172 	1.430035 	1.480076 	2.370258 	1.352082 	1.017964 	1.256234 	
0.213600 	1.059481 	1.622113 	0.575543 	0.465027 	0.055902 	2.102380 	0.215058 	9.000000 	0.265754 	1.119431 	1.510381 	0.257391 	0.469707 	1.068001 	1.250250 	1.711177 	0.695072 	0.111803 	1.200521 	1.442654 	1.511001 	1.680030 	1.184536 	1.355083 	0.201556 	0.941076 	0.226385 	1.325000 	1.090011 	0.437321 	0.995615 	1.338376 	0.895126 	0.845946 	0.919918 	1.760859 	2.276648 	2.255271 	1.085415 	1.668270 	0.896172 	0.614919 	0.687841 	1.215010 	1.265158 	2.165208 	1.137157 	0.807775 	1.041933 	
0.250000 	0.818917 	1.873666 	0.835539 	0.726722 	0.285044 	2.348537 	0.055902 	0.265754 	9.000000 	0.860959 	1.258223 	0.090139 	0.437321 	1.308148 	1.027740 	1.957358 	0.960469 	0.261008 	0.939747 	1.185591 	1.773415 	1.940522 	1.449569 	1.095730 	0.176777 	1.206752 	0.182003 	1.063602 	0.825379 	0.201556 	1.261200 	1.076162 	1.160011 	1.110180 	0.654313 	2.022993 	2.531057 	2.510105 	1.350926 	1.408900 	1.158123 	0.382426 	0.939415 	1.480076 	1.530523 	2.425129 	1.400892 	1.062132 	1.303840 	
0.995615 	0.201556 	2.638773 	1.655483 	1.555032 	1.123610 	3.085146 	0.905883 	1.119431 	0.860959 	9.000000 	0.406971 	0.910014 	0.930054 	2.055480 	0.390512 	2.701851 	1.810041 	1.119431 	0.090139 	0.325000 	2.584811 	2.740552 	2.280351 	0.235850 	1.012423 	2.052438 	1.004054 	0.212132 	0.141421 	0.770146 	2.107872 	0.230489 	2.011374 	1.963734 	0.309233 	2.830415 	3.297347 	3.278433 	2.198010 	0.548862 	2.015564 	0.700000 	1.800347 	2.329834 	2.378287 	3.217530 	2.255271 	1.923051 	2.161308 	
1.367708 	0.465027 	2.970690 	2.024846 	1.929378 	1.509346 	3.398713 	1.300000 	1.510381 	1.258223 	0.406971 	9.000000 	1.312441 	1.258223 	2.388122 	0.403887 	3.023347 	2.192744 	1.518634 	0.350000 	0.111803 	2.940344 	3.088892 	2.648702 	0.206155 	1.415318 	2.431178 	1.408013 	0.261008 	0.500625 	1.176860 	2.486966 	0.269258 	2.394264 	2.348537 	0.700000 	3.182079 	3.623966 	3.606245 	2.576941 	0.213600 	2.403773 	1.102554 	2.196162 	2.710166 	2.756923 	3.558528 	2.639720 	2.317596 	2.549142 	
0.309233 	0.883883 	1.879495 	0.832166 	0.721110 	0.292617 	2.359290 	0.111803 	0.257391 	0.090139 	0.910014 	1.312441 	9.000000 	0.520216 	1.323112 	1.100284 	1.968026 	0.937083 	0.215058 	0.984886 	1.234909 	1.765113 	1.935523 	1.434617 	1.142366 	0.103078 	1.184536 	0.100000 	1.107080 	0.862047 	0.180278 	1.237942 	1.118034 	1.133578 	1.081954 	0.680074 	2.015099 	2.533895 	2.512469 	1.326885 	1.454519 	1.125000 	0.357946 	0.896172 	1.453444 	1.505199 	2.420873 	1.370447 	1.020416 	1.270089 	
0.257391 	0.795692 	1.714825 	0.798827 	0.721543 	0.427200 	2.155371 	0.410031 	0.469707 	0.437321 	0.930054 	1.258223 	0.520216 	9.000000 	1.131371 	0.917878 	1.773415 	1.000625 	0.561805 	1.020110 	1.219887 	1.685601 	1.831154 	1.408900 	1.152443 	0.565685 	1.217580 	0.583631 	1.140175 	0.961769 	0.608790 	1.273038 	1.160011 	1.195042 	1.158123 	0.862047 	1.925162 	2.371181 	2.352791 	1.360606 	1.449569 	1.225765 	0.764853 	1.075291 	1.495201 	1.536636 	2.300543 	1.439184 	1.179248 	1.364276 	
1.089151 	1.926947 	0.583631 	0.527376 	0.632949 	1.030776 	1.041933 	1.252248 	1.068001 	1.308148 	2.055480 	2.388122 	1.323112 	1.131371 	9.000000 	2.030394 	0.651920 	0.601041 	1.147007 	2.144907 	2.351197 	0.601041 	0.716327 	0.474342 	2.282132 	1.264911 	0.531507 	1.288652 	2.267157 	2.070024 	1.500208 	0.548293 	2.285963 	0.590021 	0.617454 	1.934716 	0.816241 	1.241974 	1.222957 	0.575543 	2.580940 	0.680074 	1.680773 	0.822344 	0.660019 	0.664266 	1.171538 	0.686477 	0.794119 	0.707990 	
1.075291 	0.246221 	2.608759 	1.711177 	1.625000 	1.236932 	3.022933 	1.057414 	1.250250 	1.027740 	0.390512 	0.403887 	1.100284 	0.917878 	2.030394 	9.000000 	2.653771 	1.899013 	1.283793 	0.425000 	0.427931 	2.600240 	2.740552 	2.326478 	0.427931 	1.201041 	2.127205 	1.200260 	0.460977 	0.531507 	1.007782 	2.183031 	0.485412 	2.098362 	2.057000 	0.665676 	2.836591 	3.255764 	3.238923 	2.271838 	0.617454 	2.118962 	0.996243 	1.934231 	2.406372 	2.449745 	3.201562 	2.344408 	2.050152 	2.261913 	
1.741049 	2.566247 	0.134629 	1.147007 	1.258223 	1.677051 	0.391312 	1.901480 	1.711177 	1.957358 	2.701851 	3.023347 	1.968026 	1.773415 	0.651920 	2.653771 	9.000000 	1.138530 	1.782730 	2.791617 	2.991760 	0.437321 	0.340037 	0.707107 	2.925854 	1.903943 	0.950000 	1.926947 	2.912902 	2.720294 	2.146654 	0.926350 	2.932256 	1.025000 	1.075291 	2.586624 	0.413824 	0.602080 	0.585769 	0.883883 	3.220443 	1.101136 	2.325941 	1.327121 	0.862047 	0.822344 	0.585235 	0.951972 	1.250250 	1.039832 	
0.827647 	1.732953 	1.025000 	0.230489 	0.279509 	0.686477 	1.515957 	0.910014 	0.695072 	0.960469 	1.810041 	2.192744 	0.937083 	1.000625 	0.601041 	1.899013 	1.138530 	9.000000 	0.725000 	1.892914 	2.130874 	0.850000 	1.028652 	0.506211 	2.045880 	0.849264 	0.247487 	0.867828 	2.017734 	1.785007 	1.113833 	0.301040 	2.031779 	0.201556 	0.158114 	1.613420 	1.097725 	1.648105 	1.625000 	0.390512 	2.358495 	0.226385 	1.277204 	0.223607 	0.520216 	0.570088 	1.510381 	0.447214 	0.235850 	0.364006 	
0.305164 	1.079352 	1.688565 	0.637377 	0.525595 	0.167705 	2.173131 	0.226385 	0.111803 	0.261008 	1.119431 	1.518634 	0.215058 	0.561805 	1.147007 	1.283793 	1.782730 	0.725000 	9.000000 	1.196349 	1.444386 	1.560649 	1.733494 	1.226020 	1.353237 	0.125000 	0.972432 	0.145774 	1.319327 	1.076162 	0.388909 	1.025305 	1.330883 	0.919918 	0.867828 	0.895126 	1.810559 	2.338402 	2.316517 	1.113833 	1.666021 	0.910014 	0.555090 	0.682367 	1.239455 	1.291559 	2.218812 	1.155692 	0.806226 	1.055047 	
1.081954 	0.276134 	2.728095 	1.741407 	1.640122 	1.206493 	3.175098 	0.986154 	1.200521 	0.939747 	0.090139 	0.350000 	0.984886 	1.020110 	2.144907 	0.425000 	2.791617 	1.892914 	1.196349 	9.000000 	0.254951 	2.672195 	2.828648 	2.366036 	0.158114 	1.086566 	2.136147 	1.077033 	0.125000 	0.152069 	0.838153 	2.191461 	0.141421 	2.094039 	2.045880 	0.350000 	2.918154 	3.386831 	3.367863 	2.281584 	0.469707 	2.096575 	0.753741 	1.878330 	2.412986 	2.461833 	3.306150 	2.337333 	2.001562 	2.242348 	
1.310773 	0.425735 	2.934706 	1.970406 	1.872164 	1.445035 	3.370646 	1.229837 	1.442654 	1.185591 	0.325000 	0.111803 	1.234909 	1.219887 	2.351197 	0.427931 	2.991760 	2.130874 	1.444386 	0.254951 	9.000000 	2.893635 	3.045694 	2.595308 	0.100000 	1.337208 	2.371840 	1.328533 	0.152069 	0.400780 	1.092016 	2.427447 	0.158114 	2.332381 	2.285416 	0.602080 	3.137375 	3.590700 	3.572464 	2.517563 	0.230489 	2.338402 	1.007782 	2.125000 	2.650000 	2.697800 	3.518966 	2.576941 	2.247499 	2.484074 	
1.591383 	2.475505 	0.305164 	0.938416 	1.046721 	1.488707 	0.726722 	1.719193 	1.511001 	1.773415 	2.584811 	2.940344 	1.765113 	1.685601 	0.601041 	2.600240 	0.437321 	0.850000 	1.560649 	2.672195 	2.893635 	9.000000 	0.182003 	0.348210 	2.817468 	1.685601 	0.617454 	1.706055 	2.796650 	2.580940 	1.945026 	0.577170 	2.813472 	0.687841 	0.743303 	2.425000 	0.250000 	0.807001 	0.783023 	0.509902 	3.124100 	0.745822 	2.115715 	0.996243 	0.450694 	0.403113 	0.660492 	0.550000 	0.897566 	0.651920 	
1.750893 	2.624881 	0.237171 	1.105102 	1.215010 	1.655483 	0.559017 	1.885802 	1.680030 	1.940522 	2.740552 	3.088892 	1.935523 	1.831154 	0.716327 	2.740552 	0.340037 	1.028652 	1.733494 	2.828648 	3.045694 	0.182003 	9.000000 	0.529741 	2.971742 	1.858259 	0.798827 	1.879162 	2.952647 	2.741464 	2.115715 	0.759111 	2.970059 	0.869626 	0.925000 	2.589643 	0.103078 	0.625000 	0.601041 	0.691466 	3.276145 	0.927699 	2.288149 	1.178187 	0.625500 	0.575000 	0.485412 	0.726722 	1.079352 	0.831038 	
1.285010 	2.184176 	0.577170 	0.625000 	0.726722 	1.167262 	1.052675 	1.396648 	1.184536 	1.449569 	2.280351 	2.648702 	1.434617 	1.408900 	0.474342 	2.326478 	0.707107 	0.506211 	1.226020 	2.366036 	2.595308 	0.348210 	0.529741 	9.000000 	2.515079 	1.350926 	0.269258 	1.370447 	2.490984 	2.267157 	1.613420 	0.230489 	2.506616 	0.340037 	0.395285 	2.103717 	0.592663 	1.154340 	1.130542 	0.176777 	2.825111 	0.403113 	1.780449 	0.649038 	0.195256 	0.190394 	1.006231 	0.257391 	0.555090 	0.333542 	
