Total assets = 640
Number of asset nodes = 34

Distance:
999.000000 	46.818798 	18.027756 	13.928389 	89.005615 	32.015621 	41.303753 	57.489128 	75.272835 	159.176010 	76.216797 	115.433968 	79.711983 	118.088951 	92.200867 	127.988281 	103.812332 	41.012192 	108.784187 	51.351727 	149.402145 	158.391922 	102.859123 	106.004715 	91.547798 	51.088158 	93.776329 	17.720045 	64.938431 	47.010635 	99.538940 	25.806976 	53.009434 	116.275536 	67.364677 	43.931767 	54.083271 	48.507732 	58.008621 	77.103828 	75.953934 	44.643028 	49.335587 	116.709038 	61.188232 	67.475922 	79.000000 	73.334846 	76.164299 	64.845970 	80.081207 	
46.818798 	999.000000 	30.016663 	60.745369 	43.011627 	19.209373 	11.401754 	12.369317 	28.460499 	119.268608 	29.410883 	70.292244 	32.893768 	78.032043 	49.203659 	87.982956 	60.207973 	15.297058 	63.007935 	12.206555 	107.447662 	117.643532 	56.603886 	59.908264 	44.777225 	14.764823 	47.010635 	59.076221 	20.615528 	17.262676 	52.801514 	69.641945 	19.235384 	69.971420 	24.698177 	25.019993 	21.470911 	23.345236 	22.022715 	32.140316 	31.257000 	28.017851 	31.144823 	69.892776 	32.249031 	33.241539 	38.483765 	37.013512 	38.275318 	39.357338 	50.328918 	
18.027756 	30.016663 	999.000000 	31.575306 	72.945183 	14.000000 	23.345236 	39.849716 	58.180752 	146.649246 	59.093147 	100.000000 	62.649822 	105.261581 	77.794601 	115.256233 	89.196411 	23.000000 	92.913940 	33.376640 	135.830780 	145.454468 	86.608315 	89.888817 	74.686012 	33.060551 	76.922035 	29.206163 	47.074409 	29.068884 	82.734512 	39.661064 	35.057095 	99.985001 	49.365982 	26.925823 	36.221542 	31.048349 	40.049969 	59.228371 	58.051701 	28.178005 	33.120991 	99.538940 	43.965897 	49.819675 	61.008198 	55.578773 	58.309521 	48.332184 	63.324562 	
13.928389 	60.745369 	31.575306 	999.000000 	102.859123 	45.398239 	54.918121 	71.309189 	89.196411 	171.828400 	90.138779 	129.139465 	93.637596 	130.969467 	105.683487 	140.801285 	117.324333 	54.332310 	122.588745 	64.938431 	162.483841 	171.213318 	116.730461 	119.854080 	105.475113 	64.498062 	107.703293 	14.422205 	78.644768 	60.133186 	113.463654 	16.124516 	66.121101 	130.146072 	80.894997 	56.142673 	67.029846 	61.032780 	71.112587 	90.801979 	89.627007 	56.435802 	60.827625 	130.633072 	73.334846 	80.056229 	92.135773 	86.023254 	89.000000 	76.295479 	91.591484 	
89.005615 	43.011627 	72.945183 	102.859123 	999.000000 	61.717098 	52.345009 	36.235340 	17.888544 	80.777473 	17.464249 	27.586229 	14.560220 	42.296574 	14.866069 	51.195702 	20.615528 	55.172459 	20.000000 	44.821869 	67.119293 	78.294319 	13.928389 	17.000000 	9.219544 	47.201694 	10.000000 	102.078400 	33.541019 	52.801514 	13.341664 	112.605507 	49.396355 	27.313000 	36.055511 	61.611687 	50.606323 	57.140179 	46.957428 	28.160255 	29.274563 	64.070274 	64.498062 	31.064449 	56.302753 	50.447994 	41.000000 	48.373547 	46.097721 	62.361847 	63.031738 	
32.015621 	19.209373 	14.000000 	45.398239 	61.717098 	999.000000 	9.848858 	26.832815 	45.793011 	138.397980 	46.647614 	89.196411 	50.249378 	97.097885 	68.410522 	107.070068 	79.397736 	9.000000 	81.688431 	19.646883 	126.657021 	136.824707 	75.000000 	78.409180 	62.433964 	19.104973 	64.660652 	41.146080 	33.526108 	15.132746 	70.491135 	51.894123 	21.095022 	88.232651 	35.510563 	14.866069 	22.360680 	17.888544 	26.076809 	45.607018 	44.384682 	17.029387 	21.931713 	86.764046 	30.870699 	36.138622 	47.010635 	41.773197 	44.407207 	36.055511 	50.537113 	
41.303753 	11.401754 	23.345236 	54.918121 	52.345009 	9.848858 	999.000000 	17.000000 	36.055511 	130.172958 	36.891735 	79.906197 	40.496914 	89.067390 	59.908264 	98.979797 	70.604530 	4.000000 	72.249565 	10.049875 	118.004234 	128.413391 	65.436989 	68.883957 	52.697250 	10.198039 	54.918121 	50.990196 	23.769728 	8.485281 	60.745369 	61.741398 	13.416408 	78.600258 	26.076809 	14.142136 	15.264338 	13.892444 	18.027756 	35.902645 	34.713108 	17.117243 	20.880613 	76.922035 	25.495098 	29.068884 	38.327538 	34.176014 	36.400551 	31.890438 	45.000000 	
57.489128 	12.369317 	39.849716 	71.309189 	36.235340 	26.832815 	17.000000 	999.000000 	19.209373 	115.836090 	20.000000 	63.780876 	23.600847 	75.392311 	45.694637 	85.088188 	55.569775 	19.209373 	55.865910 	8.602325 	102.927162 	113.740936 	48.836460 	52.345009 	35.805027 	11.180340 	38.013157 	67.977936 	8.246211 	16.643316 	43.829212 	78.721024 	14.317822 	61.846584 	12.529964 	25.553865 	16.124516 	21.540659 	14.142136 	20.000000 	19.026299 	28.178005 	29.410883 	59.933296 	25.317978 	23.706539 	26.419689 	26.248810 	26.907248 	32.557640 	40.816662 	
75.272835 	28.460499 	58.180752 	89.196411 	17.888544 	45.793011 	36.055511 	19.209373 	999.000000 	98.615417 	1.000000 	45.000000 	4.472136 	59.439045 	30.149628 	68.680420 	38.275318 	38.418747 	36.878178 	27.586229 	85.000000 	96.176918 	29.698484 	33.241539 	16.643316 	29.732138 	18.867962 	86.833176 	15.652476 	35.383614 	24.698177 	97.529480 	31.622776 	42.638012 	18.439089 	44.045429 	32.756680 	39.408119 	29.068884 	13.000000 	13.601471 	46.400433 	46.647614 	41.436699 	38.600517 	33.241539 	26.248810 	32.062439 	30.413813 	44.911022 	47.381432 	
159.176010 	119.268608 	146.649246 	171.828400 	80.777473 	138.397980 	130.172958 	115.836090 	98.615417 	999.000000 	98.234413 	56.089214 	95.273293 	41.400482 	70.327805 	31.400637 	60.415230 	133.600143 	64.536812 	124.354332 	16.124516 	5.000000 	72.034714 	68.658577 	85.440041 	127.015747 	83.934502 	175.171341 	114.236595 	132.412231 	79.831070 	184.783661 	129.711212 	64.195015 	116.811813 	141.354172 	131.095383 	137.295303 	127.632286 	108.157295 	109.416634 	144.013885 	144.931015 	77.006493 	137.058380 	130.919830 	119.816528 	128.160049 	125.419296 	142.947540 	141.661575 	
76.216797 	29.410883 	59.093147 	90.138779 	17.464249 	46.647614 	36.891735 	20.000000 	1.000000 	98.234413 	999.000000 	44.407207 	3.605551 	59.228371 	30.066593 	68.410522 	37.947330 	39.204590 	36.235340 	28.319605 	84.534019 	95.754898 	29.000000 	32.557640 	15.811388 	30.413813 	18.027756 	87.709747 	16.124516 	36.069378 	23.853722 	98.412399 	32.202484 	41.868843 	18.681541 	44.687805 	33.286633 	40.000000 	29.529646 	12.649111 	13.341664 	47.010635 	47.169907 	40.496914 	38.897301 	33.376640 	25.961510 	32.015621 	30.265491 	45.122055 	47.265209 	
115.433968 	70.292244 	100.000000 	129.139465 	27.586229 	89.196411 	79.906197 	63.780876 	45.000000 	56.089214 	44.407207 	999.000000 	41.048752 	26.076809 	24.738634 	31.048349 	14.000000 	82.758682 	8.544003 	72.346390 	41.109608 	52.886673 	16.155495 	12.649111 	29.966648 	74.652527 	28.231188 	129.201401 	60.464867 	80.280754 	23.769728 	139.617340 	76.609398 	10.816654 	62.265560 	89.022469 	77.665955 	84.403793 	73.783470 	52.801514 	54.129475 	91.400215 	91.525955 	25.059929 	82.298241 	75.643906 	63.890530 	72.449982 	69.570107 	87.726852 	85.615417 	
79.711983 	32.893768 	62.649822 	93.637596 	14.560220 	50.249378 	40.496914 	23.600847 	4.472136 	95.273293 	3.605551 	41.048752 	999.000000 	56.718605 	28.017851 	65.734314 	35.171009 	42.801868 	32.802441 	31.890438 	81.394104 	92.703827 	25.495098 	29.068884 	12.206555 	33.941124 	14.422205 	91.301697 	19.416489 	39.597980 	20.248457 	102.000000 	35.608986 	38.288380 	21.540659 	48.166378 	36.619667 	43.416588 	32.756680 	14.035668 	15.000000 	50.447994 	50.477718 	37.000000 	41.785164 	35.902645 	27.294687 	34.058773 	32.015621 	47.801674 	49.040798 	
118.088951 	78.032043 	105.261581 	130.969467 	42.296574 	97.097885 	89.067390 	75.392311 	59.439045 	41.400482 	59.228371 	26.076809 	56.718605 	999.000000 	29.732138 	10.000000 	22.000000 	92.590500 	31.953091 	83.773506 	31.906113 	40.311287 	37.854988 	35.440090 	49.010204 	86.539009 	48.093658 	133.869339 	74.726166 	91.787796 	45.705578 	143.586212 	89.537704 	36.891735 	77.878113 	100.722389 	91.082382 	96.932968 	87.931793 	70.455658 	71.568146 	103.469803 	104.752090 	51.107731 	97.984695 	92.574295 	83.150467 	90.669731 	88.362885 	104.345581 	105.233078 	
92.200867 	49.203659 	77.794601 	105.683487 	14.866069 	68.410522 	59.908264 	45.694637 	30.149628 	70.327805 	30.066593 	24.738634 	28.017851 	29.732138 	999.000000 	39.395432 	11.661903 	63.285069 	21.095022 	54.129475 	58.258045 	68.505478 	20.124611 	20.880613 	23.706539 	56.859474 	23.853722 	106.887794 	45.122055 	62.169125 	24.758837 	117.034180 	59.808025 	30.149628 	48.507732 	71.112587 	61.351448 	67.230942 	58.240879 	42.047592 	43.011627 	73.824112 	75.026665 	39.395432 	68.447060 	63.387695 	55.226807 	62.008064 	60.033325 	74.966660 	77.058418 	
127.988281 	87.982956 	115.256233 	140.801285 	51.195702 	107.070068 	98.979797 	85.088188 	68.680420 	31.400637 	68.410522 	31.048349 	65.734314 	10.000000 	39.395432 	999.000000 	30.594116 	102.474388 	38.327538 	93.520050 	22.847319 	30.413813 	45.044422 	42.190044 	57.218880 	96.254868 	56.080299 	143.836716 	84.118965 	101.552940 	53.037724 	153.521988 	99.161484 	41.436699 	87.091904 	110.494347 	100.657837 	106.620827 	97.406364 	79.246452 	80.411446 	113.216606 	114.389687 	55.713554 	107.280006 	101.636604 	91.662422 	99.463562 	97.015465 	113.507706 	113.745331 	
103.812332 	60.207973 	89.196411 	117.324333 	20.615528 	79.397736 	70.604530 	55.569775 	38.275318 	60.415230 	37.947330 	14.000000 	35.171009 	22.000000 	11.661903 	30.594116 	999.000000 	73.817345 	13.601471 	64.140472 	47.434166 	58.180752 	17.000000 	15.620500 	27.018513 	66.730804 	26.172504 	118.342720 	53.851646 	72.201111 	24.351591 	128.549606 	69.318108 	21.931713 	56.612720 	81.123360 	70.682388 	76.941536 	67.230942 	48.662102 	49.819675 	83.725746 	84.528099 	34.058773 	76.843994 	71.063354 	61.204575 	68.883957 	66.483078 	82.969872 	83.294655 	
41.012192 	15.297058 	23.000000 	54.332310 	55.172459 	9.000000 	4.000000 	19.209373 	38.418747 	133.600143 	39.204590 	82.758682 	42.801868 	92.590500 	63.285069 	102.474388 	73.817345 	999.000000 	74.966660 	11.180340 	121.247681 	131.764938 	68.014702 	71.505241 	55.000000 	10.198039 	57.201397 	49.396355 	25.079872 	6.324555 	63.007935 	60.166435 	12.165525 	81.055534 	26.683329 	10.198039 	13.601471 	10.630146 	17.117243 	37.000000 	35.735138 	13.152946 	17.088007 	78.771820 	23.021729 	27.513634 	38.013157 	32.984844 	35.510563 	29.000000 	42.720020 	
108.784187 	63.007935 	92.913940 	122.588745 	20.000000 	81.688431 	72.249565 	55.865910 	36.878178 	64.536812 	36.235340 	8.544003 	32.802441 	31.953091 	21.095022 	38.327538 	13.601471 	74.966660 	999.000000 	64.381676 	49.648766 	61.400326 	7.615773 	4.123106 	21.470911 	66.603302 	19.697716 	122.065559 	52.201534 	72.249565 	15.297058 	132.574509 	68.410522 	9.055386 	53.851646 	80.919716 	69.404610 	76.216797 	65.459915 	44.283180 	45.617977 	83.240616 	83.234612 	20.518284 	73.824112 	67.119293 	55.362442 	63.906181 	61.032780 	79.202271 	77.129761 	
51.351727 	12.206555 	33.376640 	64.938431 	44.821869 	19.646883 	10.049875 	8.602325 	27.586229 	124.354332 	28.319605 	72.346390 	31.890438 	83.773506 	54.129475 	93.520050 	64.140472 	11.180340 	64.381676 	999.000000 	111.516815 	122.298813 	57.280014 	60.811184 	44.045429 	3.000000 	46.227695 	60.539242 	13.928389 	8.062258 	52.009613 	71.309189 	7.280110 	70.178345 	16.031219 	17.000000 	9.486833 	13.341664 	9.899495 	25.961510 	24.738634 	19.697716 	21.377558 	67.601776 	20.124611 	21.260292 	28.635643 	25.553865 	27.313000 	27.313000 	38.209946 	
149.402145 	107.447662 	135.830780 	162.483841 	67.119293 	126.657021 	118.004234 	102.927162 	85.000000 	16.124516 	84.534019 	41.109608 	81.394104 	31.906113 	58.258045 	22.847319 	47.434166 	121.247681 	49.648766 	111.516815 	999.000000 	12.041595 	57.245087 	53.758720 	70.936592 	114.057007 	69.289246 	164.757401 	100.647903 	119.570061 	64.845970 	174.691162 	116.468880 	48.507732 	102.883430 	128.471786 	117.720009 	124.169243 	114.061386 	93.776329 	95.078911 	131.026718 	131.609268 	61.008198 	123.065025 	116.619041 	104.995239 	113.547348 	110.679718 	128.693436 	126.649124 	
158.391922 	117.643532 	145.454468 	171.213318 	78.294319 	136.824707 	128.413391 	113.740936 	96.176918 	5.000000 	95.754898 	52.886673 	92.703827 	40.311287 	68.505478 	30.413813 	58.180752 	131.764938 	61.400326 	122.298813 	12.041595 	999.000000 	68.963760 	65.520988 	82.540901 	124.907967 	80.956779 	174.155106 	111.825760 	130.361038 	76.655075 	183.896713 	127.475487 	60.530983 	114.236595 	139.291061 	128.798294 	135.118469 	125.239769 	105.342300 	106.625511 	141.904892 	142.667450 	73.027390 	134.461884 	128.160049 	116.760437 	125.227791 	122.413231 	140.217682 	138.495483 	
102.859123 	56.603886 	86.608315 	116.730461 	13.928389 	75.000000 	65.436989 	48.836460 	29.698484 	72.034714 	29.000000 	16.155495 	25.495098 	37.854988 	20.124611 	45.044422 	17.000000 	68.014702 	7.615773 	57.280014 	57.245087 	68.963760 	999.000000 	3.605551 	13.892444 	59.413803 	12.083046 	115.663307 	44.821869 	65.069191 	8.000000 	126.245789 	61.073727 	13.416408 	46.324940 	73.661385 	62.008064 	68.883957 	58.008621 	36.674240 	38.013157 	75.927597 	75.802376 	19.313208 	66.241982 	59.506302 	47.801674 	56.302753 	53.450912 	71.589104 	69.634758 	
106.004715 	59.908264 	89.888817 	119.854080 	17.000000 	78.409180 	68.883957 	52.345009 	33.241539 	68.658577 	32.557640 	12.649111 	29.068884 	35.440090 	20.880613 	42.190044 	15.620500 	71.505241 	4.123106 	60.811184 	53.758720 	65.520988 	3.605551 	999.000000 	17.492855 	62.968246 	15.652476 	118.983192 	48.414875 	68.622154 	11.180340 	129.541504 	64.660652 	10.440307 	49.929951 	77.233414 	65.604881 	72.470680 	61.611687 	40.249222 	41.593269 	79.511009 	79.404030 	18.867962 	69.835518 	63.071388 	51.244511 	59.808025 	56.920998 	75.153175 	73.006851 	
91.547798 	44.777225 	74.686012 	105.475113 	9.219544 	62.433964 	52.697250 	35.805027 	16.643316 	85.440041 	15.811388 	29.966648 	12.206555 	49.010204 	23.706539 	57.218880 	27.018513 	55.000000 	21.470911 	44.045429 	70.936592 	82.540901 	13.892444 	17.492855 	999.000000 	46.010868 	2.236068 	103.445641 	31.144823 	51.662365 	8.062258 	114.127121 	47.423622 	26.172504 	32.449963 	60.108234 	48.270073 	55.226807 	44.204071 	22.847319 	24.166092 	62.289646 	62.008064 	25.495098 	52.354561 	45.694637 	34.525352 	42.720020 	40.024994 	57.775429 	56.568542 	
51.088158 	14.764823 	33.060551 	64.498062 	47.201694 	19.104973 	10.198039 	11.180340 	29.732138 	127.015747 	30.413813 	74.652527 	33.941124 	86.539009 	56.859474 	96.254868 	66.730804 	10.198039 	66.603302 	3.000000 	114.057007 	124.907967 	59.413803 	62.968246 	46.010868 	999.000000 	48.166378 	59.464275 	15.264338 	5.656854 	53.907330 	70.228203 	4.472136 	72.180328 	16.492422 	14.422205 	6.708204 	10.440307 	8.062258 	26.925823 	25.632011 	17.000000 	18.439089 	69.115845 	17.492855 	19.416489 	28.160255 	24.166092 	26.248810 	24.596748 	36.069378 	
93.776329 	47.010635 	76.922035 	107.703293 	10.000000 	64.660652 	54.918121 	38.013157 	18.867962 	83.934502 	18.027756 	28.231188 	14.422205 	48.093658 	23.853722 	56.080299 	26.172504 	57.201397 	19.697716 	46.227695 	69.289246 	80.956779 	12.083046 	15.652476 	2.236068 	48.166378 	999.000000 	105.678757 	33.241539 	53.814495 	5.830952 	116.361504 	49.517673 	24.041630 	34.409302 	62.225395 	50.328918 	57.314919 	46.227695 	24.596748 	25.942244 	64.381676 	64.031242 	23.345236 	54.203320 	47.423622 	35.902645 	44.271889 	41.484936 	59.506302 	57.870544 	
17.720045 	59.076221 	29.206163 	14.422205 	102.078400 	41.146080 	50.990196 	67.977936 	86.833176 	175.171341 	87.709747 	129.201401 	91.301697 	133.869339 	106.887794 	143.836716 	118.342720 	49.396355 	122.065559 	60.539242 	164.757401 	174.155106 	115.663307 	118.983192 	103.445641 	59.464275 	105.678757 	999.000000 	74.464760 	54.405884 	111.507851 	10.770329 	60.166435 	129.003876 	75.894661 	48.662102 	60.638271 	53.935146 	65.000000 	86.377083 	85.094063 	48.259712 	52.038448 	127.910126 	65.192024 	72.560318 	85.702972 	78.638412 	81.884064 	67.029846 	82.152298 	
64.938431 	20.615528 	47.074409 	78.644768 	33.541019 	33.526108 	23.769728 	8.246211 	15.652476 	114.236595 	16.124516 	60.464867 	19.416489 	74.726166 	45.122055 	84.118965 	53.851646 	25.079872 	52.201534 	13.928389 	100.647903 	111.825760 	44.821869 	48.414875 	31.144823 	15.264338 	33.241539 	74.464760 	999.000000 	20.808653 	38.897301 	85.234970 	16.278820 	57.280014 	5.000000 	29.000000 	17.204651 	24.083189 	13.416408 	12.165525 	11.045361 	31.144823 	31.064449 	53.851646 	23.345236 	19.235384 	18.601076 	20.124611 	20.000000 	30.066593 	35.468296 	
47.010635 	17.262676 	29.068884 	60.133186 	52.801514 	15.132746 	8.485281 	16.643316 	35.383614 	132.412231 	36.069378 	80.280754 	39.597980 	91.787796 	62.169125 	101.552940 	72.201111 	6.324555 	72.249565 	8.062258 	119.570061 	130.361038 	65.069191 	68.622154 	51.662365 	5.656854 	53.814495 	54.405884 	20.808653 	999.000000 	59.548298 	65.145988 	6.000000 	77.833153 	21.540659 	8.944272 	7.280110 	6.082763 	11.000000 	32.202484 	30.870699 	11.704700 	14.000000 	74.625732 	17.029387 	21.189621 	32.015621 	26.683329 	29.274563 	23.430750 	36.619667 	
99.538940 	52.801514 	82.734512 	113.463654 	13.341664 	70.491135 	60.745369 	43.829212 	24.698177 	79.831070 	23.853722 	23.769728 	20.248457 	45.705578 	24.758837 	53.037724 	24.351591 	63.007935 	15.297058 	52.009613 	64.845970 	76.655075 	8.000000 	11.180340 	8.062258 	53.907330 	5.830952 	111.507851 	38.897301 	59.548298 	999.000000 	122.188377 	55.154327 	18.439089 	39.824615 	67.896980 	55.901699 	62.936478 	51.739735 	29.681644 	31.064449 	70.007141 	69.526970 	18.027756 	59.363289 	52.354561 	40.162170 	48.846699 	45.880280 	64.412735 	61.846584 	
25.806976 	69.641945 	39.661064 	16.124516 	112.605507 	51.894123 	61.741398 	78.721024 	97.529480 	184.783661 	98.412399 	139.617340 	102.000000 	143.586212 	117.034180 	153.521988 	128.549606 	60.166435 	132.574509 	71.309189 	174.691162 	183.896713 	126.245789 	129.541504 	114.127121 	70.228203 	116.361504 	10.770329 	85.234970 	65.145988 	122.188377 	999.000000 	70.880180 	139.606583 	86.648720 	59.228371 	71.309189 	64.536812 	75.690155 	97.144226 	95.859268 	58.694122 	62.289646 	138.654251 	75.538071 	83.024094 	96.317184 	89.106674 	92.395889 	77.025970 	92.005432 	
53.009434 	19.235384 	35.057095 	66.121101 	49.396355 	21.095022 	13.416408 	14.317822 	31.622776 	129.711212 	32.202484 	76.609398 	35.608986 	89.537704 	59.808025 	99.161484 	69.318108 	12.165525 	68.410522 	7.280110 	116.468880 	127.475487 	61.073727 	64.660652 	47.423622 	4.472136 	49.517673 	60.166435 	16.278820 	6.000000 	55.154327 	70.880180 	999.000000 	73.552704 	16.124516 	12.806249 	2.236068 	7.810250 	5.000000 	26.925823 	25.553865 	14.866069 	15.231546 	69.634758 	13.038404 	15.652476 	26.019224 	20.880613 	23.345236 	20.124611 	31.890438 	
116.275536 	69.971420 	99.985001 	130.146072 	27.313000 	88.232651 	78.600258 	61.846584 	42.638012 	64.195015 	41.868843 	10.816654 	38.288380 	36.891735 	30.149628 	41.436699 	21.931713 	81.055534 	9.055386 	70.178345 	48.507732 	60.530983 	13.416408 	10.440307 	26.172504 	72.180328 	24.041630 	129.003876 	57.280014 	77.833153 	18.439089 	139.606583 	73.552704 	999.000000 	58.258045 	86.267029 	74.330345 	81.344948 	70.178345 	48.010414 	49.406479 	88.413803 	87.965904 	14.317822 	77.665955 	70.491135 	57.697487 	66.648331 	63.505905 	82.492424 	78.771820 	
67.364677 	24.698177 	49.365982 	80.894997 	36.055511 	35.510563 	26.076809 	12.529964 	18.439089 	116.811813 	18.681541 	62.265560 	21.540659 	77.878113 	48.507732 	87.091904 	56.612720 	26.683329 	53.851646 	16.031219 	102.883430 	114.236595 	46.324940 	49.929951 	32.449963 	16.492422 	34.409302 	75.894661 	5.000000 	21.540659 	39.824615 	86.648720 	16.124516 	58.258045 	999.000000 	28.844410 	16.401220 	23.600847 	12.041595 	10.816654 	9.433981 	30.610456 	29.732138 	53.600372 	20.248457 	15.000000 	13.892444 	15.231546 	15.000000 	26.476404 	30.675724 	
43.931767 	25.019993 	26.925823 	56.142673 	61.611687 	14.866069 	14.142136 	25.553865 	44.045429 	141.354172 	44.687805 	89.022469 	48.166378 	100.722389 	71.112587 	110.494347 	81.123360 	10.198039 	80.919716 	17.000000 	128.471786 	139.291061 	73.661385 	77.233414 	60.108234 	14.422205 	62.225395 	48.662102 	29.000000 	8.944272 	67.896980 	59.228371 	12.806249 	86.267029 	28.844410 	999.000000 	12.529964 	5.385165 	17.000000 	39.661064 	38.275318 	3.000000 	7.211102 	82.419655 	17.262676 	24.020824 	37.107952 	30.066593 	33.241539 	21.470911 	36.400551 	
54.083271 	21.470911 	36.221542 	67.029846 	50.606323 	22.360680 	15.264338 	16.124516 	32.756680 	131.095383 	33.286633 	77.665955 	36.619667 	91.082382 	61.351448 	100.657837 	70.682388 	13.601471 	69.404610 	9.486833 	117.720009 	128.798294 	62.008064 	65.604881 	48.270073 	6.708204 	50.328918 	60.638271 	17.204651 	7.280110 	55.901699 	71.309189 	2.236068 	74.330345 	16.401220 	12.529964 	999.000000 	7.211102 	4.472136 	27.202942 	25.806976 	14.212670 	13.892444 	70.000000 	10.816654 	13.928389 	25.179358 	19.416489 	22.090721 	17.888544 	29.832869 	
48.507732 	23.345236 	31.048349 	61.032780 	57.140179 	17.888544 	13.892444 	21.540659 	39.408119 	137.295303 	40.000000 	84.403793 	43.416588 	96.932968 	67.230942 	106.620827 	76.941536 	10.630146 	76.216797 	13.341664 	124.169243 	135.118469 	68.883957 	72.470680 	55.226807 	10.440307 	57.314919 	53.935146 	24.083189 	6.082763 	62.936478 	64.536812 	7.810250 	81.344948 	23.600847 	5.385165 	7.211102 	999.000000 	11.661903 	34.409302 	33.015148 	7.071068 	8.062258 	77.201035 	13.000000 	19.026299 	31.780497 	25.000000 	28.071337 	18.439089 	32.649654 	
58.008621 	22.022715 	40.049969 	71.112587 	46.957428 	26.076809 	18.027756 	14.142136 	29.068884 	127.632286 	29.529646 	73.783470 	32.756680 	87.931793 	58.240879 	97.406364 	67.230942 	17.117243 	65.459915 	9.899495 	114.061386 	125.239769 	58.008621 	61.611687 	44.204071 	8.062258 	46.227695 	65.000000 	13.416408 	11.000000 	51.739735 	75.690155 	5.000000 	70.178345 	12.041595 	17.000000 	4.472136 	11.661903 	999.000000 	22.803509 	21.400934 	18.601076 	17.804493 	65.604881 	11.180340 	11.401754 	21.023796 	16.155495 	18.439089 	18.439089 	28.319605 	
77.103828 	32.140316 	59.228371 	90.801979 	28.160255 	45.607018 	35.902645 	20.000000 	13.000000 	108.157295 	12.649111 	52.801514 	14.035668 	70.455658 	42.047592 	79.246452 	48.662102 	37.000000 	44.283180 	25.961510 	93.776329 	105.342300 	36.674240 	40.249222 	22.847319 	26.925823 	24.596748 	86.377083 	12.165525 	32.202484 	29.681644 	97.144226 	26.925823 	48.010414 	10.816654 	39.661064 	27.202942 	34.409302 	22.803509 	999.000000 	1.414214 	41.400482 	40.311287 	42.801868 	29.681644 	22.847319 	13.341664 	20.223749 	18.000000 	34.928497 	35.014282 	
75.953934 	31.257000 	58.051701 	89.627007 	29.274563 	44.384682 	34.713108 	19.026299 	13.601471 	109.416634 	13.341664 	54.129475 	15.000000 	71.568146 	43.011627 	80.411446 	49.819675 	35.735138 	45.617977 	24.738634 	95.078911 	106.625511 	38.013157 	41.593269 	24.166092 	25.632011 	25.942244 	85.094063 	11.045361 	30.870699 	31.064449 	95.859268 	25.553865 	49.406479 	9.433981 	38.275318 	25.806976 	33.015148 	21.400934 	1.414214 	999.000000 	40.000000 	38.897301 	44.204071 	28.301943 	21.540659 	12.649111 	19.104973 	17.029387 	33.615471 	34.058773 	
44.643028 	28.017851 	28.178005 	56.435802 	64.070274 	17.029387 	17.117243 	28.178005 	46.400433 	144.013885 	47.010635 	91.400215 	50.447994 	103.469803 	73.824112 	113.216606 	83.725746 	13.152946 	83.240616 	19.697716 	131.026718 	141.904892 	75.927597 	79.511009 	62.289646 	17.000000 	64.381676 	48.259712 	31.144823 	11.704700 	70.007141 	58.694122 	14.866069 	88.413803 	30.610456 	3.000000 	14.212670 	7.071068 	18.601076 	41.400482 	40.000000 	999.000000 	5.000000 	84.202141 	17.000000 	24.331051 	37.947330 	30.413813 	33.734257 	20.248457 	35.440090 	
49.335587 	31.144823 	33.120991 	60.827625 	64.498062 	21.931713 	20.880613 	29.410883 	46.647614 	144.931015 	47.169907 	91.525955 	50.477718 	104.752090 	75.026665 	114.389687 	84.528099 	17.088007 	83.234612 	21.377558 	131.609268 	142.667450 	75.802376 	79.404030 	62.008064 	18.439089 	64.031242 	52.038448 	31.064449 	14.000000 	69.526970 	62.289646 	15.231546 	87.965904 	29.732138 	7.211102 	13.892444 	8.062258 	17.804493 	40.311287 	38.897301 	5.000000 	999.000000 	82.975899 	13.341664 	21.189621 	35.341194 	27.202942 	30.675724 	15.524175 	30.805843 	
116.709038 	69.892776 	99.538940 	130.633072 	31.064449 	86.764046 	76.922035 	59.933296 	41.436699 	77.006493 	40.496914 	25.059929 	37.000000 	51.107731 	39.395432 	55.713554 	34.058773 	78.771820 	20.518284 	67.601776 	61.008198 	73.027390 	19.313208 	18.867962 	25.495098 	69.115845 	23.345236 	127.910126 	53.851646 	74.625732 	18.027756 	138.654251 	69.634758 	14.317822 	53.600372 	82.419655 	70.000000 	77.201035 	65.604881 	42.801868 	44.204071 	84.202141 	82.975899 	999.000000 	71.421288 	63.702435 	49.819675 	59.033890 	55.605755 	75.286118 	69.354164 	
61.188232 	32.249031 	43.965897 	73.334846 	56.302753 	30.870699 	25.495098 	25.317978 	38.600517 	137.058380 	38.897301 	82.298241 	41.785164 	97.984695 	68.447060 	107.280006 	76.843994 	23.021729 	73.824112 	20.124611 	123.065025 	134.461884 	66.241982 	69.835518 	52.354561 	17.492855 	54.203320 	65.192024 	23.345236 	17.029387 	59.363289 	75.538071 	13.038404 	77.665955 	20.248457 	17.262676 	10.816654 	13.000000 	11.180340 	29.681644 	28.301943 	17.000000 	13.341664 	71.421288 	999.000000 	8.062258 	22.472204 	13.928389 	17.464249 	7.280110 	19.723083 	
67.475922 	33.241539 	49.819675 	80.056229 	50.447994 	36.138622 	29.068884 	23.706539 	33.241539 	130.919830 	33.376640 	75.643906 	35.902645 	92.574295 	63.387695 	101.636604 	71.063354 	27.513634 	67.119293 	21.260292 	116.619041 	128.160049 	59.506302 	63.071388 	45.694637 	19.416489 	47.423622 	72.560318 	19.235384 	21.189621 	52.354561 	83.024094 	15.652476 	70.491135 	15.000000 	24.020824 	13.928389 	19.026299 	11.401754 	22.847319 	21.540659 	24.331051 	21.189621 	63.702435 	8.062258 	999.000000 	14.422205 	6.082763 	9.486833 	12.083046 	17.204651 	
79.000000 	38.483765 	61.008198 	92.135773 	41.000000 	47.010635 	38.327538 	26.419689 	26.248810 	119.816528 	25.961510 	63.890530 	27.294687 	83.150467 	55.226807 	91.662422 	61.204575 	38.013157 	55.362442 	28.635643 	104.995239 	116.760437 	47.801674 	51.244511 	34.525352 	28.160255 	35.902645 	85.702972 	18.601076 	32.015621 	40.162170 	96.317184 	26.019224 	57.697487 	13.892444 	37.107952 	25.179358 	31.780497 	21.023796 	13.341664 	12.649111 	37.947330 	35.341194 	49.819675 	22.472204 	14.422205 	999.000000 	9.219544 	5.830952 	25.495098 	22.090721 	
73.334846 	37.013512 	55.578773 	86.023254 	48.373547 	41.773197 	34.176014 	26.248810 	32.062439 	128.160049 	32.015621 	72.449982 	34.058773 	90.669731 	62.008064 	99.463562 	68.883957 	32.984844 	63.906181 	25.553865 	113.547348 	125.227791 	56.302753 	59.808025 	42.720020 	24.166092 	44.271889 	78.638412 	20.124611 	26.683329 	48.846699 	89.106674 	20.880613 	66.648331 	15.231546 	30.066593 	19.416489 	25.000000 	16.155495 	20.223749 	19.104973 	30.413813 	27.202942 	59.033890 	13.928389 	6.082763 	9.219544 	999.000000 	3.605551 	16.278820 	15.524175 	
76.164299 	38.275318 	58.309521 	89.000000 	46.097721 	44.407207 	36.400551 	26.907248 	30.413813 	125.419296 	30.265491 	69.570107 	32.015621 	88.362885 	60.033325 	97.015465 	66.483078 	35.510563 	61.032780 	27.313000 	110.679718 	122.413231 	53.450912 	56.920998 	40.024994 	26.248810 	41.484936 	81.884064 	20.000000 	29.274563 	45.880280 	92.395889 	23.345236 	63.505905 	15.000000 	33.241539 	22.090721 	28.071337 	18.439089 	18.000000 	17.029387 	33.734257 	30.675724 	55.605755 	17.464249 	9.486833 	5.830952 	3.605551 	999.000000 	19.798990 	17.029387 	
64.845970 	39.357338 	48.332184 	76.295479 	62.361847 	36.055511 	31.890438 	32.557640 	44.911022 	142.947540 	45.122055 	87.726852 	47.801674 	104.345581 	74.966660 	113.507706 	82.969872 	29.000000 	79.202271 	27.313000 	128.693436 	140.217682 	71.589104 	75.153175 	57.775429 	24.596748 	59.506302 	67.029846 	30.066593 	23.430750 	64.412735 	77.025970 	20.124611 	82.492424 	26.476404 	21.470911 	17.888544 	18.439089 	18.439089 	34.928497 	33.615471 	20.248457 	15.524175 	75.286118 	7.280110 	12.083046 	25.495098 	16.278820 	19.798990 	999.000000 	15.297058 	
80.081207 	50.328918 	63.324562 	91.591484 	63.031738 	50.537113 	45.000000 	40.816662 	47.381432 	141.661575 	47.265209 	85.615417 	49.040798 	105.233078 	77.058418 	113.745331 	83.294655 	42.720020 	77.129761 	38.209946 	126.649124 	138.495483 	69.634758 	73.006851 	56.568542 	36.069378 	57.870544 	82.152298 	35.468296 	36.619667 	61.846584 	92.005432 	31.890438 	78.771820 	30.675724 	36.400551 	29.832869 	32.649654 	28.319605 	35.014282 	34.058773 	35.440090 	30.805843 	69.354164 	19.723083 	17.204651 	22.090721 	15.524175 	17.029387 	15.297058 	999.000000 	

Travel time:
9.000000 	1.170470 	0.450694 	0.348210 	2.225140 	0.800391 	1.032594 	1.437228 	1.881821 	3.979400 	1.905420 	2.885849 	1.992800 	2.952224 	2.305022 	3.199707 	2.595308 	1.025305 	2.719605 	1.283793 	3.735054 	3.959798 	2.571478 	2.650118 	2.288695 	1.277204 	2.344408 	0.443001 	1.623461 	1.175266 	2.488473 	0.645174 	1.325236 	2.906888 	1.684117 	1.098294 	1.352082 	1.212693 	1.450216 	1.927596 	1.898848 	1.116076 	1.233390 	2.917726 	1.529706 	1.686898 	1.975000 	1.833371 	1.904107 	1.621149 	2.002030 	
1.170470 	9.000000 	0.750417 	1.518634 	1.075291 	0.480234 	0.285044 	0.309233 	0.711512 	2.981715 	0.735272 	1.757306 	0.822344 	1.950801 	1.230091 	2.199574 	1.505199 	0.382426 	1.575198 	0.305164 	2.686192 	2.941088 	1.415097 	1.497707 	1.119431 	0.369121 	1.175266 	1.476906 	0.515388 	0.431567 	1.320038 	1.741049 	0.480885 	1.749285 	0.617454 	0.625500 	0.536773 	0.583631 	0.550568 	0.803508 	0.781425 	0.700446 	0.778621 	1.747319 	0.806226 	0.831038 	0.962094 	0.925338 	0.956883 	0.983933 	1.258223 	
0.450694 	0.750417 	9.000000 	0.789383 	1.823630 	0.350000 	0.583631 	0.996243 	1.454519 	3.666231 	1.477329 	2.500000 	1.566246 	2.631540 	1.944865 	2.881406 	2.229910 	0.575000 	2.322849 	0.834416 	3.395770 	3.636362 	2.165208 	2.247221 	1.867150 	0.826514 	1.923051 	0.730154 	1.176860 	0.726722 	2.068363 	0.991527 	0.876427 	2.499625 	1.234150 	0.673146 	0.905539 	0.776209 	1.001249 	1.480709 	1.451293 	0.704450 	0.828025 	2.488473 	1.099147 	1.245492 	1.525205 	1.389469 	1.457738 	1.208305 	1.583114 	
0.348210 	1.518634 	0.789383 	9.000000 	2.571478 	1.134956 	1.372953 	1.782730 	2.229910 	4.295710 	2.253469 	3.228487 	2.340940 	3.274237 	2.642087 	3.520032 	2.933108 	1.358308 	3.064719 	1.623461 	4.062096 	4.280333 	2.918262 	2.996352 	2.636878 	1.612452 	2.692582 	0.360555 	1.966119 	1.503330 	2.836591 	0.403113 	1.653028 	3.253652 	2.022375 	1.403567 	1.675746 	1.525820 	1.777815 	2.270050 	2.240675 	1.410895 	1.520691 	3.265827 	1.833371 	2.001406 	2.303394 	2.150581 	2.225000 	1.907387 	2.289787 	
2.225140 	1.075291 	1.823630 	2.571478 	9.000000 	1.542928 	1.308625 	0.905883 	0.447214 	2.019437 	0.436606 	0.689656 	0.364006 	1.057414 	0.371652 	1.279893 	0.515388 	1.379311 	0.500000 	1.120547 	1.677982 	1.957358 	0.348210 	0.425000 	0.230489 	1.180042 	0.250000 	2.551960 	0.838525 	1.320038 	0.333542 	2.815138 	1.234909 	0.682825 	0.901388 	1.540292 	1.265158 	1.428504 	1.173936 	0.704006 	0.731864 	1.601757 	1.612452 	0.776611 	1.407569 	1.261200 	1.025000 	1.209339 	1.152443 	1.559046 	1.575794 	
0.800391 	0.480234 	0.350000 	1.134956 	1.542928 	9.000000 	0.246221 	0.670820 	1.144825 	3.459949 	1.166190 	2.229910 	1.256234 	2.427447 	1.710263 	2.676752 	1.984943 	0.225000 	2.042211 	0.491172 	3.166425 	3.420618 	1.875000 	1.960230 	1.560849 	0.477624 	1.616516 	1.028652 	0.838153 	0.378319 	1.762278 	1.297353 	0.527376 	2.205816 	0.887764 	0.371652 	0.559017 	0.447214 	0.651920 	1.140175 	1.109617 	0.425735 	0.548293 	2.169101 	0.771767 	0.903466 	1.175266 	1.044330 	1.110180 	0.901388 	1.263428 	
1.032594 	0.285044 	0.583631 	1.372953 	1.308625 	0.246221 	9.000000 	0.425000 	0.901388 	3.254324 	0.922293 	1.997655 	1.012423 	2.226685 	1.497707 	2.474495 	1.765113 	0.100000 	1.806239 	0.251247 	2.950106 	3.210335 	1.635925 	1.722099 	1.317431 	0.254951 	1.372953 	1.274755 	0.594243 	0.212132 	1.518634 	1.543535 	0.335410 	1.965006 	0.651920 	0.353553 	0.381608 	0.347311 	0.450694 	0.897566 	0.867828 	0.427931 	0.522015 	1.923051 	0.637377 	0.726722 	0.958188 	0.854400 	0.910014 	0.797261 	1.125000 	
1.437228 	0.309233 	0.996243 	1.782730 	0.905883 	0.670820 	0.425000 	9.000000 	0.480234 	2.895902 	0.500000 	1.594522 	0.590021 	1.884808 	1.142366 	2.127205 	1.389244 	0.480234 	1.396648 	0.215058 	2.573179 	2.843524 	1.220912 	1.308625 	0.895126 	0.279509 	0.950329 	1.699448 	0.206155 	0.416083 	1.095730 	1.968026 	0.357946 	1.546165 	0.313249 	0.638847 	0.403113 	0.538516 	0.353553 	0.500000 	0.475657 	0.704450 	0.735272 	1.498332 	0.632949 	0.592663 	0.660492 	0.656220 	0.672681 	0.813941 	1.020416 	
1.881821 	0.711512 	1.454519 	2.229910 	0.447214 	1.144825 	0.901388 	0.480234 	9.000000 	2.465385 	0.025000 	1.125000 	0.111803 	1.485976 	0.753741 	1.717010 	0.956883 	0.960469 	0.921954 	0.689656 	2.125000 	2.404423 	0.742462 	0.831038 	0.416083 	0.743303 	0.471699 	2.170829 	0.391312 	0.884590 	0.617454 	2.438237 	0.790569 	1.065950 	0.460977 	1.101136 	0.818917 	0.985203 	0.726722 	0.325000 	0.340037 	1.160011 	1.166190 	1.035918 	0.965013 	0.831038 	0.656220 	0.801561 	0.760345 	1.122776 	1.184536 	
3.979400 	2.981715 	3.666231 	4.295710 	2.019437 	3.459949 	3.254324 	2.895902 	2.465385 	9.000000 	2.455860 	1.402230 	2.381832 	1.035012 	1.758195 	0.785016 	1.510381 	3.340003 	1.613420 	3.108858 	0.403113 	0.125000 	1.800868 	1.716464 	2.136001 	3.175394 	2.098362 	4.379283 	2.855915 	3.310306 	1.995777 	4.619592 	3.242780 	1.604875 	2.920295 	3.533854 	3.277385 	3.432383 	3.190807 	2.703932 	2.735416 	3.600347 	3.623275 	1.925162 	3.426460 	3.272996 	2.995413 	3.204001 	3.135482 	3.573689 	3.541539 	
1.905420 	0.735272 	1.477329 	2.253469 	0.436606 	1.166190 	0.922293 	0.500000 	0.025000 	2.455860 	9.000000 	1.110180 	0.090139 	1.480709 	0.751665 	1.710263 	0.948683 	0.980115 	0.905883 	0.707990 	2.113350 	2.393872 	0.725000 	0.813941 	0.395285 	0.760345 	0.450694 	2.192744 	0.403113 	0.901734 	0.596343 	2.460310 	0.805062 	1.046721 	0.467039 	1.117195 	0.832166 	1.000000 	0.738241 	0.316228 	0.333542 	1.175266 	1.179248 	1.012423 	0.972432 	0.834416 	0.649038 	0.800391 	0.756637 	1.128051 	1.181630 	
2.885849 	1.757306 	2.500000 	3.228487 	0.689656 	2.229910 	1.997655 	1.594522 	1.125000 	1.402230 	1.110180 	9.000000 	1.026219 	0.651920 	0.618466 	0.776209 	0.350000 	2.068967 	0.213600 	1.808660 	1.027740 	1.322167 	0.403887 	0.316228 	0.749166 	1.866313 	0.705780 	3.230035 	1.511622 	2.007019 	0.594243 	3.490433 	1.915235 	0.270416 	1.556639 	2.225562 	1.941649 	2.110095 	1.844587 	1.320038 	1.353237 	2.285005 	2.288149 	0.626498 	2.057456 	1.891098 	1.597263 	1.811249 	1.739253 	2.193171 	2.140385 	
1.992800 	0.822344 	1.566246 	2.340940 	0.364006 	1.256234 	1.012423 	0.590021 	0.111803 	2.381832 	0.090139 	1.026219 	9.000000 	1.417965 	0.700446 	1.643358 	0.879275 	1.070047 	0.820061 	0.797261 	2.034853 	2.317596 	0.637377 	0.726722 	0.305164 	0.848528 	0.360555 	2.282542 	0.485412 	0.989950 	0.506211 	2.550000 	0.890225 	0.957209 	0.538516 	1.204159 	0.915492 	1.085415 	0.818917 	0.350892 	0.375000 	1.261200 	1.261943 	0.925000 	1.044629 	0.897566 	0.682367 	0.851469 	0.800391 	1.195042 	1.226020 	
2.952224 	1.950801 	2.631540 	3.274237 	1.057414 	2.427447 	2.226685 	1.884808 	1.485976 	1.035012 	1.480709 	0.651920 	1.417965 	9.000000 	0.743303 	0.250000 	0.550000 	2.314763 	0.798827 	2.094338 	0.797653 	1.007782 	0.946375 	0.886002 	1.225255 	2.163475 	1.202341 	3.346734 	1.868154 	2.294695 	1.142639 	3.589655 	2.238443 	0.922293 	1.946953 	2.518060 	2.277060 	2.423324 	2.198295 	1.761391 	1.789204 	2.586745 	2.618802 	1.277693 	2.449617 	2.314357 	2.078762 	2.266743 	2.209072 	2.608639 	2.630827 	
2.305022 	1.230091 	1.944865 	2.642087 	0.371652 	1.710263 	1.497707 	1.142366 	0.753741 	1.758195 	0.751665 	0.618466 	0.700446 	0.743303 	9.000000 	0.984886 	0.291548 	1.582127 	0.527376 	1.353237 	1.456451 	1.712637 	0.503115 	0.522015 	0.592663 	1.421487 	0.596343 	2.672195 	1.128051 	1.554228 	0.618971 	2.925854 	1.495201 	0.753741 	1.212693 	1.777815 	1.533786 	1.680773 	1.456022 	1.051190 	1.075291 	1.845603 	1.875667 	0.984886 	1.711177 	1.584692 	1.380670 	1.550202 	1.500833 	1.874166 	1.926461 	
3.199707 	2.199574 	2.881406 	3.520032 	1.279893 	2.676752 	2.474495 	2.127205 	1.717010 	0.785016 	1.710263 	0.776209 	1.643358 	0.250000 	0.984886 	9.000000 	0.764853 	2.561860 	0.958188 	2.338001 	0.571183 	0.760345 	1.126111 	1.054751 	1.430472 	2.406372 	1.402007 	3.595918 	2.102974 	2.538824 	1.325943 	3.838050 	2.479037 	1.035918 	2.177298 	2.762359 	2.516446 	2.665521 	2.435159 	1.981161 	2.010286 	2.830415 	2.859742 	1.392839 	2.682000 	2.540915 	2.291561 	2.486589 	2.425387 	2.837693 	2.843633 	
2.595308 	1.505199 	2.229910 	2.933108 	0.515388 	1.984943 	1.765113 	1.389244 	0.956883 	1.510381 	0.948683 	0.350000 	0.879275 	0.550000 	0.291548 	0.764853 	9.000000 	1.845434 	0.340037 	1.603512 	1.185854 	1.454519 	0.425000 	0.390512 	0.675463 	1.668270 	0.654313 	2.958568 	1.346291 	1.805028 	0.608790 	3.213740 	1.732953 	0.548293 	1.415318 	2.028084 	1.767060 	1.923538 	1.680773 	1.216552 	1.245492 	2.093144 	2.113203 	0.851469 	1.921100 	1.776584 	1.530114 	1.722099 	1.662077 	2.074247 	2.082366 	
1.025305 	0.382426 	0.575000 	1.358308 	1.379311 	0.225000 	0.100000 	0.480234 	0.960469 	3.340003 	0.980115 	2.068967 	1.070047 	2.314763 	1.582127 	2.561860 	1.845434 	9.000000 	1.874166 	0.279509 	3.031192 	3.294123 	1.700368 	1.787631 	1.375000 	0.254951 	1.430035 	1.234909 	0.626997 	0.158114 	1.575198 	1.504161 	0.304138 	2.026388 	0.667083 	0.254951 	0.340037 	0.265754 	0.427931 	0.925000 	0.893378 	0.328824 	0.427200 	1.969296 	0.575543 	0.687841 	0.950329 	0.824621 	0.887764 	0.725000 	1.068001 	
2.719605 	1.575198 	2.322849 	3.064719 	0.500000 	2.042211 	1.806239 	1.396648 	0.921954 	1.613420 	0.905883 	0.213600 	0.820061 	0.798827 	0.527376 	0.958188 	0.340037 	1.874166 	9.000000 	1.609542 	1.241219 	1.535008 	0.190394 	0.103078 	0.536773 	1.665083 	0.492443 	3.051639 	1.305038 	1.806239 	0.382426 	3.314363 	1.710263 	0.226385 	1.346291 	2.022993 	1.735115 	1.905420 	1.636498 	1.107080 	1.140449 	2.081015 	2.080865 	0.512957 	1.845603 	1.677982 	1.384061 	1.597655 	1.525820 	1.980057 	1.928244 	
1.283793 	0.305164 	0.834416 	1.623461 	1.120547 	0.491172 	0.251247 	0.215058 	0.689656 	3.108858 	0.707990 	1.808660 	0.797261 	2.094338 	1.353237 	2.338001 	1.603512 	0.279509 	1.609542 	9.000000 	2.787920 	3.057470 	1.432000 	1.520280 	1.101136 	0.075000 	1.155692 	1.513481 	0.348210 	0.201556 	1.300240 	1.782730 	0.182003 	1.754459 	0.400780 	0.425000 	0.237171 	0.333542 	0.247487 	0.649038 	0.618466 	0.492443 	0.534439 	1.690044 	0.503115 	0.531507 	0.715891 	0.638847 	0.682825 	0.682825 	0.955249 	
3.735054 	2.686192 	3.395770 	4.062096 	1.677982 	3.166425 	2.950106 	2.573179 	2.125000 	0.403113 	2.113350 	1.027740 	2.034853 	0.797653 	1.456451 	0.571183 	1.185854 	3.031192 	1.241219 	2.787920 	9.000000 	0.301040 	1.431127 	1.343968 	1.773415 	2.851425 	1.732231 	4.118935 	2.516198 	2.989252 	1.621149 	4.367279 	2.911722 	1.212693 	2.572086 	3.211795 	2.943000 	3.104231 	2.851535 	2.344408 	2.376973 	3.275668 	3.290232 	1.525205 	3.076626 	2.915476 	2.624881 	2.838684 	2.766993 	3.217336 	3.166228 	
