Total assets = 690
Number of asset nodes = 33

Distance:
999.000000 	1.414214 	49.203659 	17.804493 	5.099020 	27.018513 	59.059292 	29.206163 	53.000000 	62.008064 	76.850502 	41.231056 	66.648331 	63.253460 	29.154760 	73.539108 	55.946404 	12.041595 	21.540659 	65.436989 	74.632431 	41.773197 	48.414875 	29.206163 	71.400284 	26.400757 	20.615528 	27.313000 	70.434364 	61.554855 	36.359318 	22.847319 	71.063354 	19.646883 	18.248287 	55.226807 	51.739735 	72.201111 	71.344238 	26.400757 	83.815269 	21.095022 	43.416588 	17.464249 	31.780497 	33.541019 	67.801178 	29.410883 	20.396078 	26.476404 	
1.414214 	999.000000 	49.406479 	17.691807 	4.472136 	26.907248 	59.481091 	29.068884 	53.338543 	62.201286 	77.175125 	41.400482 	67.082039 	63.411354 	28.844410 	74.094536 	56.356010 	11.180340 	21.023796 	65.604881 	74.886581 	41.868843 	48.600410 	29.068884 	71.610054 	25.942244 	20.124611 	26.832815 	70.604530 	61.619801 	36.055511 	22.360680 	71.217972 	18.973665 	17.464249 	55.172459 	51.855568 	72.560318 	71.693794 	25.942244 	84.053551 	20.223749 	43.046486 	16.155495 	31.304953 	33.120991 	68.007355 	28.792360 	19.235384 	25.709921 	
49.203659 	49.406479 	999.000000 	32.249031 	53.823788 	23.769728 	105.891457 	22.135944 	100.568382 	12.806249 	28.231188 	89.827614 	113.229858 	14.142136 	24.515301 	29.068884 	10.440307 	59.682495 	32.572994 	16.278820 	25.553865 	90.609047 	96.876213 	78.409180 	22.203604 	28.635643 	69.339745 	28.442924 	21.260292 	13.416408 	20.024984 	71.561165 	21.931713 	67.742157 	65.863495 	11.180340 	100.448990 	119.331474 	118.562218 	75.166481 	34.669872 	68.000000 	19.697716 	59.615433 	80.454956 	82.377182 	116.000000 	77.524193 	64.474800 	73.824112 	
17.804493 	17.691807 	32.249031 	999.000000 	21.931713 	9.219544 	76.661591 	11.401754 	70.724815 	44.944408 	60.373837 	59.033890 	84.219948 	46.043457 	11.704700 	58.694122 	40.162170 	27.459061 	6.708204 	48.259712 	57.801384 	59.548298 	66.219330 	46.690472 	54.378304 	10.000000 	37.202152 	11.000000 	53.254108 	44.045429 	18.788294 	39.408119 	53.823788 	35.510563 	33.615471 	37.483330 	69.526970 	89.888817 	89.044930 	43.011627 	66.887962 	35.777088 	26.000000 	27.892651 	48.259712 	50.219517 	85.603737 	45.276924 	32.572994 	41.593269 	
5.099020 	4.472136 	53.823788 	21.931713 	999.000000 	31.112698 	55.946404 	33.241539 	49.648766 	66.610809 	81.633324 	37.443291 	63.560993 	67.801178 	32.802441 	78.549347 	60.827625 	7.000000 	24.698177 	70.000000 	79.322128 	37.802116 	44.654228 	24.758837 	76.026314 	29.681644 	15.652476 	30.528675 	75.000000 	65.946945 	40.000000 	17.888544 	75.604233 	14.560220 	13.152946 	59.396969 	47.801674 	68.883957 	68.000000 	21.470911 	88.481636 	16.031219 	46.872166 	13.601471 	26.832815 	28.653097 	64.070274 	24.351591 	15.811388 	21.377558 	
27.018513 	26.907248 	23.769728 	9.219544 	31.112698 	999.000000 	85.755463 	2.236068 	79.881165 	36.235340 	52.000000 	68.249542 	93.295227 	37.215588 	4.472136 	51.478149 	32.557640 	36.400551 	9.055386 	39.446167 	49.193497 	68.767723 	75.432091 	55.865910 	45.650848 	6.708204 	46.227695 	7.211102 	44.418465 	35.000000 	10.198039 	48.414875 	44.944408 	44.407207 	42.438190 	28.284271 	78.746429 	99.020203 	98.183502 	52.009613 	58.180752 	44.418465 	17.464249 	35.846897 	57.201397 	59.203041 	94.810333 	54.083271 	40.718548 	50.249378 	
59.059292 	59.481091 	105.891457 	76.661591 	55.946404 	85.755463 	999.000000 	87.982956 	7.000000 	118.444077 	131.521866 	20.099751 	7.615773 	119.970833 	88.192970 	124.963997 	110.317726 	53.450912 	80.498444 	122.024590 	130.176804 	21.000000 	14.142136 	34.365681 	127.475487 	85.422478 	44.911022 	86.313385 	126.905479 	119.016808 	95.383438 	43.566040 	127.663620 	47.853943 	50.009998 	113.463654 	14.317822 	13.453624 	12.727922 	41.194660 	139.344894 	50.487621 	102.474388 	60.207973 	39.012817 	37.054016 	13.152946 	43.000000 	56.568542 	47.042534 	
29.206163 	29.068884 	22.135944 	11.401754 	33.241539 	2.236068 	87.982956 	999.000000 	82.097504 	34.438351 	50.328918 	70.434364 	95.524864 	35.355339 	3.605551 	50.249378 	31.257000 	38.418747 	10.440307 	37.589893 	47.423622 	70.936592 	77.620872 	57.982758 	43.829212 	7.071068 	48.270073 	7.280110 	42.544094 	33.015148 	8.062258 	50.447994 	43.046486 	46.400433 	44.407207 	26.172504 	80.919716 	101.242287 	100.404182 	54.037025 	56.356010 	46.324940 	15.297058 	37.576588 	59.203041 	61.220913 	97.005157 	56.035702 	42.485291 	52.153618 	
53.000000 	53.338543 	100.568382 	70.724815 	49.648766 	79.881165 	7.000000 	82.097504 	999.000000 	113.216606 	126.668861 	13.152946 	14.317822 	114.690887 	82.152298 	120.602654 	105.418213 	46.818798 	74.303429 	116.777565 	125.159897 	14.000000 	7.280110 	27.459061 	122.347862 	79.259071 	38.078865 	80.131142 	121.696342 	113.569359 	89.358826 	36.674240 	122.429573 	41.000000 	43.174065 	107.800743 	8.485281 	19.235384 	18.357559 	34.234486 	134.357727 	43.566040 	96.384644 	53.366657 	32.015621 	30.066593 	15.811388 	36.000000 	49.648766 	40.049969 	
62.008064 	62.201286 	12.806249 	44.944408 	66.610809 	36.235340 	118.444077 	34.438351 	113.216606 	999.000000 	16.278820 	102.591423 	125.733849 	2.000000 	36.400551 	21.470911 	11.000000 	72.401657 	44.777225 	3.605551 	13.000000 	103.392456 	109.622078 	91.214035 	9.433981 	40.496914 	82.097504 	40.162170 	8.485281 	5.656854 	30.805843 	84.314888 	9.219544 	80.454956 	78.549347 	12.369317 	113.216606 	131.893890 	131.137329 	87.920418 	21.954498 	80.622574 	28.000000 	72.013885 	93.193344 	95.131485 	128.701202 	90.210861 	76.922035 	86.452301 	
76.850502 	77.175125 	28.231188 	60.373837 	81.633324 	52.000000 	131.521866 	50.328918 	126.668861 	16.278820 	999.000000 	116.661903 	138.621780 	16.031219 	52.497620 	13.341664 	21.260292 	87.709747 	60.745369 	14.000000 	4.472136 	117.613777 	123.555656 	105.948097 	8.246211 	56.612720 	97.247108 	56.320511 	10.440307 	20.024984 	47.074409 	99.478638 	10.770329 	95.770561 	93.941475 	28.000000 	127.283150 	144.958618 	144.249786 	103.077644 	8.544003 	96.150925 	44.102154 	87.846458 	108.406639 	110.276924 	142.341141 	105.588821 	92.703827 	101.965683 	
41.231056 	41.400482 	89.827614 	59.033890 	37.443291 	68.249542 	20.099751 	70.434364 	13.152946 	102.591423 	116.661903 	999.000000 	27.459061 	103.966339 	70.213959 	111.516815 	95.425362 	34.014702 	62.128899 	106.103722 	114.865135 	2.236068 	7.211102 	14.317822 	111.865990 	67.119293 	25.000000 	67.955872 	111.072052 	102.552429 	77.420929 	23.537205 	111.758667 	27.892651 	30.083218 	96.426140 	10.630146 	31.953091 	31.016125 	21.095022 	124.084648 	30.413813 	84.314888 	40.261642 	19.235384 	17.464249 	26.627054 	23.086792 	36.496574 	27.000000 	
66.648331 	67.082039 	113.229858 	84.219948 	63.560993 	93.295227 	7.615773 	95.524864 	14.317822 	125.733849 	138.621780 	27.459061 	999.000000 	127.283150 	95.770561 	131.795303 	117.456375 	61.032780 	88.102211 	129.321304 	137.360840 	28.160255 	21.023796 	41.773197 	134.714508 	93.021500 	52.392746 	93.914856 	134.182709 	126.400162 	102.956299 	50.990196 	134.951843 	55.317268 	57.489128 	120.929733 	20.223749 	6.708204 	6.324555 	48.507732 	146.509384 	57.870544 	110.059074 	67.683083 	46.043457 	44.011364 	11.180340 	50.089920 	63.953106 	54.230988 	
63.253460 	63.411354 	14.142136 	46.043457 	67.801178 	37.215588 	119.970833 	35.355339 	114.690887 	2.000000 	16.031219 	103.966339 	127.283150 	999.000000 	37.161808 	22.472204 	13.000000 	73.498299 	45.617977 	2.236068 	12.369317 	104.737770 	111.018013 	92.455391 	8.544003 	41.231056 	83.234612 	40.853397 	7.211102 	4.472136 	31.320919 	85.445892 	7.810250 	81.541397 	79.611557 	12.041595 	114.586212 	133.416641 	132.653687 	89.050545 	21.023796 	81.633324 	28.071337 	72.897186 	94.302704 	96.260063 	130.138382 	91.268837 	77.826729 	87.464279 	
29.154760 	28.844410 	24.515301 	11.704700 	32.802441 	4.472136 	88.192970 	3.605551 	82.152298 	36.400551 	52.497620 	70.213959 	95.770561 	37.161808 	999.000000 	53.084839 	34.058773 	37.483330 	8.602325 	39.395432 	49.396355 	70.604530 	77.420929 	57.384666 	45.694637 	4.123106 	47.381432 	4.000000 	44.283180 	34.481880 	7.211102 	49.517673 	44.721359 	45.343136 	43.278172 	27.202942 	80.603973 	101.355812 	100.498756 	53.075417 	58.180752 	45.000000 	14.317822 	35.846897 	58.137768 	60.207973 	96.834908 	54.817879 	40.816662 	50.803543 	
73.539108 	74.094536 	29.068884 	58.694122 	78.549347 	51.478149 	124.963997 	50.249378 	120.602654 	21.470911 	13.341664 	111.516815 	131.795303 	22.472204 	53.084839 	999.000000 	19.026299 	85.094063 	60.530983 	21.400934 	16.552946 	112.680969 	118.152443 	101.965683 	18.601076 	57.140179 	94.154129 	57.078892 	20.615528 	26.925823 	49.091751 	96.384644 	21.400934 	93.048378 	91.416626 	33.615471 	122.036880 	138.293167 	137.644470 	99.924973 	21.000000 	93.920181 	48.052055 	86.585220 	105.309067 	107.018692 	136.400146 	102.883430 	91.214035 	99.624290 	
55.946404 	56.356010 	10.440307 	40.162170 	60.827625 	32.557640 	110.317726 	31.257000 	105.418213 	11.000000 	21.260292 	95.425362 	117.456375 	13.000000 	34.058773 	19.026299 	999.000000 	67.119293 	41.593269 	14.142136 	20.000000 	96.400208 	102.303467 	84.905830 	17.888544 	38.118237 	76.478752 	38.052597 	18.027756 	15.524175 	30.265491 	78.714676 	18.973665 	75.153175 	73.409805 	18.439089 	106.042442 	123.761871 	123.044708 	82.298241 	29.068884 	75.769386 	30.083218 	68.007355 	87.658424 	89.470665 	121.082619 	85.000000 	72.732384 	81.541397 	
12.041595 	11.180340 	59.682495 	27.459061 	7.000000 	36.400551 	53.450912 	38.418747 	46.818798 	72.401657 	87.709747 	34.014702 	61.032780 	73.498299 	37.483330 	85.094063 	67.119293 	999.000000 	29.000000 	75.716576 	85.234970 	34.000000 	41.146080 	20.248457 	81.835197 	33.970577 	9.899495 	34.713108 	80.709358 	71.400284 	44.553337 	12.041595 	81.271149 	8.062258 	6.324555 	64.536812 	43.908997 	65.924202 	65.000000 	15.620500 	94.339813 	9.055386 	51.088158 	8.944272 	20.808653 	22.803509 	60.415230 	17.888544 	9.433981 	14.560220 	
21.540659 	21.023796 	32.572994 	6.708204 	24.698177 	9.055386 	80.498444 	10.440307 	74.303429 	44.777225 	60.745369 	62.128899 	88.102211 	45.617977 	8.602325 	60.530983 	41.593269 	29.000000 	999.000000 	47.853943 	57.775429 	62.425957 	69.339745 	49.040798 	54.129475 	5.000000 	38.897301 	5.830952 	52.773098 	43.046486 	15.556349 	41.012192 	53.235325 	36.796738 	34.713108 	35.805027 	72.422371 	93.536087 	92.660675 	44.553337 	66.640831 	36.400551 	22.203604 	27.294687 	49.578220 	51.662365 	88.752464 	46.227695 	32.249031 	42.201897 	
65.436989 	65.604881 	16.278820 	48.259712 	70.000000 	39.446167 	122.024590 	37.589893 	116.777565 	3.605551 	14.000000 	106.103722 	129.321304 	2.236068 	39.395432 	21.400934 	14.142136 	75.716576 	47.853943 	999.000000 	10.198039 	106.887794 	113.145920 	94.641426 	6.324555 	43.462627 	85.445892 	43.081318 	5.000000 	6.082763 	33.526108 	87.658424 	5.656854 	83.761566 	81.835197 	14.000000 	116.726173 	135.473251 	134.714508 	91.263351 	18.788294 	83.862984 	30.149628 	75.133217 	96.519424 	98.473343 	132.245987 	93.493317 	80.062477 	89.693924 	
74.632431 	74.886581 	25.553865 	57.801384 	79.322128 	49.193497 	130.176804 	47.423622 	125.159897 	13.000000 	4.472136 	114.865135 	137.360840 	12.369317 	49.396355 	16.552946 	20.000000 	85.234970 	57.775429 	10.198039 	999.000000 	115.745407 	121.827744 	103.812332 	4.000000 	53.488316 	94.873604 	53.141319 	6.082763 	16.031219 	43.680660 	97.097885 	6.324555 	93.295227 	91.416626 	24.083189 	125.495018 	143.627991 	142.898560 	100.702530 	9.219544 	93.536087 	40.311287 	85.000000 	106.000000 	107.912003 	140.758652 	103.077644 	89.899948 	99.362968 	
41.773197 	41.868843 	90.609047 	59.548298 	37.802116 	68.767723 	21.000000 	70.936592 	14.000000 	103.392456 	117.613777 	2.236068 	28.160255 	104.737770 	70.604530 	112.680969 	96.400208 	34.000000 	62.425957 	106.887794 	115.745407 	999.000000 	7.280110 	13.928389 	112.698715 	67.424034 	24.698177 	68.242218 	111.865990 	103.237587 	77.801025 	23.086792 	112.538879 	27.513634 	29.732138 	97.000000 	10.000000 	32.280025 	31.320919 	20.396078 	124.963997 	29.832869 	84.628601 	39.849716 	18.027756 	16.124516 	26.419689 	22.000000 	35.902645 	26.076809 	
48.414875 	48.600410 	96.876213 	66.219330 	44.654228 	75.432091 	14.142136 	77.620872 	7.280110 	109.622078 	123.555656 	7.211102 	21.023796 	111.018013 	77.420929 	118.152443 	102.303467 	41.146080 	69.339745 	113.145920 	121.827744 	7.280110 	999.000000 	21.189621 	118.869675 	74.330345 	31.953091 	75.166481 	118.105888 	109.658562 	84.628601 	30.364452 	118.802361 	34.785053 	37.000000 	103.585716 	4.123106 	25.000000 	24.041630 	27.658634 	131.045792 	37.107952 	91.525955 	47.127487 	25.019993 	23.000000 	19.416489 	29.068884 	43.174065 	33.241539 	
29.206163 	29.068884 	78.409180 	46.690472 	24.758837 	55.865910 	34.365681 	57.982758 	27.459061 	91.214035 	105.948097 	14.317822 	41.773197 	92.455391 	57.384666 	101.965683 	84.905830 	20.248457 	49.040798 	94.641426 	103.812332 	13.928389 	21.189621 	999.000000 	100.603180 	54.037025 	10.770329 	54.817879 	99.639351 	90.686272 	64.536812 	9.219544 	100.264648 	13.601471 	15.811388 	84.148682 	23.706539 	46.173584 	45.221676 	7.071068 	113.004425 	16.124516 	71.217972 	25.961510 	7.810250 	7.615773 	40.249222 	10.295630 	22.203604 	13.341664 	
71.400284 	71.610054 	22.203604 	54.378304 	76.026314 	45.650848 	127.475487 	43.829212 	122.347862 	9.433981 	8.246211 	111.865990 	134.714508 	8.544003 	45.694637 	18.601076 	17.888544 	81.835197 	54.129475 	6.324555 	4.000000 	112.698715 	118.869675 	100.603180 	999.000000 	49.769470 	91.525955 	49.396355 	2.236068 	12.041595 	39.849716 	93.744331 	2.828427 	89.888817 	87.982956 	20.099751 	122.494896 	140.929062 	140.185593 	97.349884 	12.529964 	90.049988 	36.345562 	81.394104 	102.625534 	104.560989 	137.887634 	99.644371 	86.313385 	95.880135 	
26.400757 	25.942244 	28.635643 	10.000000 	29.681644 	6.708204 	85.422478 	7.071068 	79.259071 	40.496914 	56.612720 	67.119293 	93.021500 	41.231056 	4.123106 	57.140179 	38.118237 	33.970577 	5.000000 	43.462627 	53.488316 	67.424034 	74.330345 	54.037025 	49.769470 	999.000000 	43.863426 	1.000000 	48.332184 	38.470768 	10.630146 	45.967381 	48.754486 	41.725292 	39.623226 	31.064449 	77.420929 	98.488579 	97.616600 	49.497475 	62.241467 	41.231056 	17.204651 	31.906113 	54.488529 	56.586216 	93.744331 	51.088158 	36.891735 	47.010635 	
20.615528 	20.124611 	69.339745 	37.202152 	15.652476 	46.227695 	44.911022 	48.270073 	38.078865 	82.097504 	97.247108 	25.000000 	52.392746 	83.234612 	47.381432 	94.154129 	76.478752 	9.899495 	38.897301 	85.445892 	94.873604 	24.698177 	31.953091 	10.770329 	91.525955 	43.863426 	999.000000 	44.598206 	90.443352 	81.215759 	54.451813 	2.236068 	91.021973 	3.000000 	5.099020 	74.411018 	34.438351 	56.920998 	55.973209 	5.830952 	104.009613 	6.324555 	60.959003 	15.297058 	11.180340 	13.038404 	50.990196 	9.055386 	12.041595 	7.615773 	
27.313000 	26.832815 	28.442924 	11.000000 	30.528675 	7.211102 	86.313385 	7.280110 	80.131142 	40.162170 	56.320511 	67.955872 	93.914856 	40.853397 	4.000000 	57.078892 	38.052597 	34.713108 	5.830952 	43.081318 	53.141319 	68.242218 	75.166481 	54.817879 	49.396355 	1.000000 	44.598206 	999.000000 	47.927029 	38.013157 	10.000000 	46.690472 	48.332184 	42.426407 	40.311287 	30.528675 	78.236816 	99.362968 	98.488579 	50.209560 	61.846584 	41.868843 	16.401220 	32.449963 	55.172459 	57.280014 	94.578011 	51.739735 	37.443291 	47.634022 	
70.434364 	70.604530 	21.260292 	53.254108 	75.000000 	44.418465 	126.905479 	42.544094 	121.696342 	8.485281 	10.440307 	111.072052 	134.182709 	7.211102 	44.283180 	20.615528 	18.027756 	80.709358 	52.773098 	5.000000 	6.082763 	111.865990 	118.105888 	99.639351 	2.236068 	48.332184 	90.443352 	47.927029 	999.000000 	10.198039 	38.275318 	92.655273 	1.000000 	88.752464 	86.821655 	18.248287 	121.696342 	140.356689 	139.603012 	96.260063 	13.928389 	88.836929 	34.525352 	80.062477 	101.513542 	103.469803 	137.186005 	98.478424 	85.000000 	94.667839 	
61.554855 	61.619801 	13.416408 	44.045429 	65.946945 	35.000000 	119.016808 	33.015148 	113.569359 	5.656854 	20.024984 	102.552429 	126.400162 	4.472136 	34.481880 	26.925823 	15.524175 	71.400284 	43.046486 	6.082763 	16.031219 	103.237587 	109.658562 	90.686272 	12.041595 	38.470768 	81.215759 	38.013157 	10.198039 	999.000000 	28.231188 	83.408630 	10.440307 	79.404030 	77.420929 	8.062258 	113.145920 	132.438660 	131.654846 	87.005745 	24.041630 	79.322128 	24.331051 	70.327805 	92.200867 	94.201912 	128.887543 	89.050545 	75.292763 	85.146935 	
36.359318 	36.055511 	20.024984 	18.788294 	40.000000 	10.198039 	95.383438 	8.062258 	89.358826 	30.805843 	47.074409 	77.420929 	102.956299 	31.320919 	7.211102 	49.091751 	30.265491 	44.553337 	15.556349 	33.526108 	43.680660 	77.801025 	84.628601 	64.536812 	39.849716 	10.630146 	54.451813 	10.000000 	38.275318 	28.231188 	999.000000 	56.568542 	38.626415 	52.345009 	50.249378 	20.591261 	87.800911 	108.558739 	107.703293 	60.108234 	52.201534 	51.855568 	7.280110 	42.438190 	65.115280 	67.208633 	104.043259 	61.717098 	47.434166 	57.628117 	
22.847319 	22.360680 	71.561165 	39.408119 	17.888544 	48.414875 	43.566040 	50.447994 	36.674240 	84.314888 	99.478638 	23.537205 	50.990196 	85.445892 	49.517673 	96.384644 	78.714676 	12.041595 	41.012192 	87.658424 	97.097885 	23.086792 	30.364452 	9.219544 	93.744331 	45.967381 	2.236068 	46.690472 	92.655273 	83.408630 	56.568542 	999.000000 	93.230896 	4.472136 	6.708204 	76.576759 	32.695564 	55.362442 	54.405884 	3.605551 	106.230881 	7.000000 	63.031738 	16.763054 	8.944272 	10.816654 	49.244289 	7.000000 	13.038404 	6.403124 	
71.063354 	71.217972 	21.931713 	53.823788 	75.604233 	44.944408 	127.663620 	43.046486 	122.429573 	9.219544 	10.770329 	111.758667 	134.951843 	7.810250 	44.721359 	21.400934 	18.973665 	81.271149 	53.235325 	5.656854 	6.324555 	112.538879 	118.802361 	100.264648 	2.828427 	48.754486 	91.021973 	48.332184 	1.000000 	10.440307 	38.626415 	93.230896 	999.000000 	89.308456 	87.367043 	18.439089 	122.380554 	141.113434 	140.356689 	96.834908 	13.601471 	89.358826 	34.713108 	80.529495 	102.078400 	104.043259 	137.902145 	99.020203 	85.475143 	95.189285 	
19.646883 	18.973665 	67.742157 	35.510563 	14.560220 	44.407207 	47.853943 	46.400433 	41.000000 	80.454956 	95.770561 	27.892651 	55.317268 	81.541397 	45.343136 	93.048378 	75.153175 	8.062258 	36.796738 	83.761566 	93.295227 	27.513634 	34.785053 	13.601471 	89.888817 	41.725292 	3.000000 	42.426407 	88.752464 	79.404030 	52.345009 	4.472136 	89.308456 	999.000000 	2.236068 	72.470680 	37.161808 	59.774578 	58.821766 	7.810250 	102.396286 	3.605551 	58.728188 	12.369317 	12.806249 	14.866069 	53.712196 	9.848858 	9.055386 	7.000000 	
18.248287 	17.464249 	65.863495 	33.615471 	13.152946 	42.438190 	50.009998 	44.407207 	43.174065 	78.549347 	93.941475 	30.083218 	57.489128 	79.611557 	43.278172 	91.416626 	73.409805 	6.324555 	34.713108 	81.835197 	91.416626 	29.732138 	37.000000 	15.811388 	87.982956 	39.623226 	5.099020 	40.311287 	86.821655 	77.420929 	50.249378 	6.708204 	87.367043 	2.236068 	999.000000 	70.434364 	39.395432 	61.983868 	61.032780 	10.000000 	100.498756 	3.162278 	56.586216 	10.198039 	14.866069 	16.970562 	55.946404 	11.661903 	7.280110 	8.246211 	
55.226807 	55.172459 	11.180340 	37.483330 	59.396969 	28.284271 	113.463654 	26.172504 	107.800743 	12.369317 	28.000000 	96.426140 	120.929733 	12.041595 	27.202942 	33.615471 	18.439089 	64.536812 	35.805027 	14.000000 	24.083189 	97.000000 	103.585716 	84.148682 	20.099751 	31.064449 	74.411018 	30.528675 	18.248287 	8.062258 	20.591261 	76.576759 	18.439089 	72.470680 	70.434364 	999.000000 	106.962608 	126.826653 	126.015869 	80.156097 	32.015621 	72.201111 	16.278820 	62.968246 	85.276024 	87.321243 	122.918671 	82.006096 	67.955872 	78.006409 	
51.739735 	51.855568 	100.448990 	69.526970 	47.801674 	78.746429 	14.317822 	80.919716 	8.485281 	113.216606 	127.283150 	10.630146 	20.223749 	114.586212 	80.603973 	122.036880 	106.042442 	43.908997 	72.422371 	116.726173 	125.495018 	10.000000 	4.123106 	23.706539 	122.494896 	77.420929 	34.438351 	78.236816 	121.696342 	113.145920 	87.800911 	32.695564 	122.380554 	37.161808 	39.395432 	106.962608 	999.000000 	23.194826 	22.203604 	29.732138 	134.714508 	39.217342 	94.625580 	49.396355 	26.476404 	24.331051 	16.552946 	30.594116 	45.221676 	34.928497 	
72.201111 	72.560318 	119.331474 	89.888817 	68.883957 	99.020203 	13.453624 	101.242287 	19.235384 	131.893890 	144.958618 	31.953091 	6.708204 	133.416641 	101.355812 	138.293167 	123.761871 	65.924202 	93.536087 	135.473251 	143.627991 	32.280025 	25.000000 	46.173584 	140.929062 	98.488579 	56.920998 	99.362968 	140.356689 	132.438660 	108.558739 	55.362442 	141.113434 	59.774578 	61.983868 	126.826653 	23.194826 	999.000000 	1.000000 	52.630791 	152.793976 	62.096699 	115.602768 	72.124893 	49.648766 	47.518417 	8.944272 	53.758720 	68.154236 	58.051701 	
71.344238 	71.693794 	118.562218 	89.044930 	68.000000 	98.183502 	12.727922 	100.404182 	18.357559 	131.137329 	144.249786 	31.016125 	6.324555 	132.653687 	100.498756 	137.644470 	123.044708 	65.000000 	92.660675 	134.714508 	142.898560 	31.320919 	24.041630 	45.221676 	140.185593 	97.616600 	55.973209 	98.488579 	139.603012 	131.654846 	107.703293 	54.405884 	140.356689 	58.821766 	61.032780 	126.015869 	22.203604 	1.000000 	999.000000 	51.662365 	152.069061 	61.131008 	114.738831 	71.168816 	48.662102 	46.529560 	8.062258 	52.773098 	67.186310 	57.070133 	
26.400757 	25.942244 	75.166481 	43.011627 	21.470911 	52.009613 	41.194660 	54.037025 	34.234486 	87.920418 	103.077644 	21.095022 	48.507732 	89.050545 	53.075417 	99.924973 	82.298241 	15.620500 	44.553337 	91.263351 	100.702530 	20.396078 	27.658634 	7.071068 	97.349884 	49.497475 	5.830952 	50.209560 	96.260063 	87.005745 	60.108234 	3.605551 	96.834908 	7.810250 	10.000000 	80.156097 	29.732138 	52.630791 	51.662365 	999.000000 	109.836243 	9.486833 	66.528191 	19.697716 	5.385165 	7.211102 	46.238514 	4.472136 	15.524175 	6.324555 	
83.815269 	84.053551 	34.669872 	66.887962 	88.481636 	58.180752 	139.344894 	56.356010 	134.357727 	21.954498 	8.544003 	124.084648 	146.509384 	21.023796 	58.180752 	21.000000 	29.068884 	94.339813 	66.640831 	18.788294 	9.219544 	124.963997 	131.045792 	113.004425 	12.529964 	62.241467 	104.009613 	61.846584 	13.928389 	24.041630 	52.201534 	106.230881 	13.601471 	102.396286 	100.498756 	32.015621 	134.714508 	152.793976 	152.069061 	109.836243 	999.000000 	102.576797 	48.270073 	93.914856 	115.121674 	117.046997 	149.966660 	112.160599 	98.838249 	108.406639 	
21.095022 	20.223749 	68.000000 	35.777088 	16.031219 	44.418465 	50.487621 	46.324940 	43.566040 	80.622574 	96.150925 	30.413813 	57.870544 	81.633324 	45.000000 	93.920181 	75.769386 	9.055386 	36.400551 	83.862984 	93.536087 	29.832869 	37.107952 	16.124516 	90.049988 	41.231056 	6.324555 	41.868843 	88.836929 	79.322128 	51.855568 	7.000000 	89.358826 	3.605551 	3.162278 	72.201111 	39.217342 	62.096699 	61.131008 	9.486833 	102.576797 	999.000000 	58.000000 	10.295630 	13.601471 	15.811388 	55.713554 	9.899495 	6.082763 	5.830952 	
43.416588 	43.046486 	19.697716 	26.000000 	46.872166 	17.464249 	102.474388 	15.297058 	96.384644 	28.000000 	44.102154 	84.314888 	110.059074 	28.071337 	14.317822 	48.052055 	30.083218 	51.088158 	22.203604 	30.149628 	40.311287 	84.628601 	91.525955 	71.217972 	36.345562 	17.204651 	60.959003 	16.401220 	34.525352 	24.331051 	7.280110 	63.031738 	34.713108 	58.728188 	56.586216 	16.278820 	94.625580 	115.602768 	114.738831 	66.528191 	48.270073 	58.000000 	999.000000 	48.270073 	71.421288 	73.552704 	110.941429 	67.896980 	53.263496 	63.702435 	
17.464249 	16.155495 	59.615433 	27.892651 	13.601471 	35.846897 	60.207973 	37.576588 	53.366657 	72.013885 	87.846458 	40.261642 	67.683083 	72.897186 	35.846897 	86.585220 	68.007355 	8.944272 	27.294687 	75.133217 	85.000000 	39.849716 	47.127487 	25.961510 	81.394104 	31.906113 	15.297058 	32.449963 	80.062477 	70.327805 	42.438190 	16.763054 	80.529495 	12.369317 	10.198039 	62.968246 	49.396355 	72.124893 	71.168816 	19.697716 	93.914856 	10.295630 	48.270073 	999.000000 	23.853722 	26.076809 	65.924202 	20.000000 	5.000000 	15.620500 	
31.780497 	31.304953 	80.454956 	48.259712 	26.832815 	57.201397 	39.012817 	59.203041 	32.015621 	93.193344 	108.406639 	19.235384 	46.043457 	94.302704 	58.137768 	105.309067 	87.658424 	20.808653 	49.578220 	96.519424 	106.000000 	18.027756 	25.019993 	7.810250 	102.625534 	54.488529 	11.180340 	55.172459 	101.513542 	92.200867 	65.115280 	8.944272 	102.078400 	12.806249 	14.866069 	85.276024 	26.476404 	49.648766 	48.662102 	5.385165 	115.121674 	13.601471 	71.421288 	23.853722 	999.000000 	2.236068 	42.720020 	4.123106 	19.235384 	8.544003 	
33.541019 	33.120991 	82.377182 	50.219517 	28.653097 	59.203041 	37.054016 	61.220913 	30.066593 	95.131485 	110.276924 	17.464249 	44.011364 	96.260063 	60.207973 	107.018692 	89.470665 	22.803509 	51.662365 	98.473343 	107.912003 	16.124516 	23.000000 	7.615773 	104.560989 	56.586216 	13.038404 	57.280014 	103.469803 	94.201912 	67.208633 	10.816654 	104.043259 	14.866069 	16.970562 	87.321243 	24.331051 	47.518417 	46.529560 	7.211102 	117.046997 	15.811388 	73.552704 	26.076809 	2.236068 	999.000000 	40.521599 	6.324555 	21.470911 	10.770329 	
67.801178 	68.007355 	116.000000 	85.603737 	64.070274 	94.810333 	13.152946 	97.005157 	15.811388 	128.701202 	142.341141 	26.627054 	11.180340 	130.138382 	96.834908 	136.400146 	121.082619 	60.415230 	88.752464 	132.245987 	140.758652 	26.419689 	19.416489 	40.249222 	137.887634 	93.744331 	50.990196 	94.578011 	137.186005 	128.887543 	104.043259 	49.244289 	137.902145 	53.712196 	55.946404 	122.918671 	16.552946 	8.944272 	8.062258 	46.238514 	149.966660 	55.713554 	110.941429 	65.924202 	42.720020 	40.521599 	999.000000 	46.840153 	61.684681 	51.244511 	
29.410883 	28.792360 	77.524193 	45.276924 	24.351591 	54.083271 	43.000000 	56.035702 	36.000000 	90.210861 	105.588821 	23.086792 	50.089920 	91.268837 	54.817879 	102.883430 	85.000000 	17.888544 	46.227695 	93.493317 	103.077644 	22.000000 	29.068884 	10.295630 	99.644371 	51.088158 	9.055386 	51.739735 	98.478424 	89.050545 	61.717098 	7.000000 	99.020203 	9.848858 	11.661903 	82.006096 	30.594116 	53.758720 	52.773098 	4.472136 	112.160599 	9.899495 	67.896980 	20.000000 	4.123106 	6.324555 	46.840153 	999.000000 	15.264338 	4.472136 	
20.396078 	19.235384 	64.474800 	32.572994 	15.811388 	40.718548 	56.568542 	42.485291 	49.648766 	76.922035 	92.703827 	36.496574 	63.953106 	77.826729 	40.816662 	91.214035 	72.732384 	9.433981 	32.249031 	80.062477 	89.899948 	35.902645 	43.174065 	22.203604 	86.313385 	36.891735 	12.041595 	37.443291 	85.000000 	75.292763 	47.434166 	13.038404 	85.475143 	9.055386 	7.280110 	67.955872 	45.221676 	68.154236 	67.186310 	15.524175 	98.838249 	6.082763 	53.263496 	5.000000 	19.235384 	21.470911 	61.684681 	15.264338 	999.000000 	10.816654 	
26.476404 	25.709921 	73.824112 	41.593269 	21.377558 	50.249378 	47.042534 	52.153618 	40.049969 	86.452301 	101.965683 	27.000000 	54.230988 	87.464279 	50.803543 	99.624290 	81.541397 	14.560220 	42.201897 	89.693924 	99.362968 	26.076809 	33.241539 	13.341664 	95.880135 	47.010635 	7.615773 	47.634022 	94.667839 	85.146935 	57.628117 	6.403124 	95.189285 	7.000000 	8.246211 	78.006409 	34.928497 	58.051701 	57.070133 	6.324555 	108.406639 	5.830952 	63.702435 	15.620500 	8.544003 	10.770329 	51.244511 	4.472136 	10.816654 	999.000000 	

Travel time:
9.000000 	0.035355 	1.230091 	0.445112 	0.127475 	0.675463 	1.476482 	0.730154 	1.325000 	1.550202 	1.921263 	1.030776 	1.666208 	1.581336 	0.728869 	1.838478 	1.398660 	0.301040 	0.538516 	1.635925 	1.865811 	1.044330 	1.210372 	0.730154 	1.785007 	0.660019 	0.515388 	0.682825 	1.760859 	1.538871 	0.908983 	0.571183 	1.776584 	0.491172 	0.456207 	1.380670 	1.293493 	1.805028 	1.783606 	0.660019 	2.095382 	0.527376 	1.085415 	0.436606 	0.794512 	0.838525 	1.695029 	0.735272 	0.509902 	0.661910 	
0.035355 	9.000000 	1.235162 	0.442295 	0.111803 	0.672681 	1.487027 	0.726722 	1.333464 	1.555032 	1.929378 	1.035012 	1.677051 	1.585284 	0.721110 	1.852363 	1.408900 	0.279509 	0.525595 	1.640122 	1.872164 	1.046721 	1.215010 	0.726722 	1.790251 	0.648556 	0.503115 	0.670820 	1.765113 	1.540495 	0.901388 	0.559017 	1.780449 	0.474342 	0.436606 	1.379311 	1.296389 	1.814008 	1.792345 	0.648556 	2.101339 	0.505594 	1.076162 	0.403887 	0.782624 	0.828025 	1.700184 	0.719809 	0.480885 	0.642748 	
1.230091 	1.235162 	9.000000 	0.806226 	1.345595 	0.594243 	2.647286 	0.553399 	2.514210 	0.320156 	0.705780 	2.245690 	2.830746 	0.353553 	0.612882 	0.726722 	0.261008 	1.492062 	0.814325 	0.406971 	0.638847 	2.265226 	2.421905 	1.960230 	0.555090 	0.715891 	1.733494 	0.711073 	0.531507 	0.335410 	0.500625 	1.789029 	0.548293 	1.693554 	1.646587 	0.279509 	2.511225 	2.983287 	2.964056 	1.879162 	0.866747 	1.700000 	0.492443 	1.490386 	2.011374 	2.059430 	2.900000 	1.938105 	1.611870 	1.845603 	
0.445112 	0.442295 	0.806226 	9.000000 	0.548293 	0.230489 	1.916540 	0.285044 	1.768120 	1.123610 	1.509346 	1.475847 	2.105499 	1.151086 	0.292617 	1.467353 	1.004054 	0.686477 	0.167705 	1.206493 	1.445035 	1.488707 	1.655483 	1.167262 	1.359458 	0.250000 	0.930054 	0.275000 	1.331353 	1.101136 	0.469707 	0.985203 	1.345595 	0.887764 	0.840387 	0.937083 	1.738174 	2.247221 	2.226123 	1.075291 	1.672199 	0.894427 	0.650000 	0.697316 	1.206493 	1.255488 	2.140093 	1.131923 	0.814325 	1.039832 	
0.127475 	0.111803 	1.345595 	0.548293 	9.000000 	0.777817 	1.398660 	0.831038 	1.241219 	1.665270 	2.040833 	0.936082 	1.589025 	1.695029 	0.820061 	1.963734 	1.520691 	0.175000 	0.617454 	1.750000 	1.983053 	0.945053 	1.116356 	0.618971 	1.900658 	0.742041 	0.391312 	0.763217 	1.875000 	1.648674 	1.000000 	0.447214 	1.890106 	0.364006 	0.328824 	1.484924 	1.195042 	1.722099 	1.700000 	0.536773 	2.212041 	0.400780 	1.171804 	0.340037 	0.670820 	0.716327 	1.601757 	0.608790 	0.395285 	0.534439 	
0.675463 	0.672681 	0.594243 	0.230489 	0.777817 	9.000000 	2.143887 	0.055902 	1.997029 	0.905883 	1.300000 	1.706239 	2.332381 	0.930390 	0.111803 	1.286954 	0.813941 	0.910014 	0.226385 	0.986154 	1.229837 	1.719193 	1.885802 	1.396648 	1.141271 	0.167705 	1.155692 	0.180278 	1.110462 	0.875000 	0.254951 	1.210372 	1.123610 	1.110180 	1.060955 	0.707107 	1.968661 	2.475505 	2.454587 	1.300240 	1.454519 	1.110462 	0.436606 	0.896172 	1.430035 	1.480076 	2.370258 	1.352082 	1.017964 	1.256234 	
1.476482 	1.487027 	2.647286 	1.916540 	1.398660 	2.143887 	9.000000 	2.199574 	0.175000 	2.961102 	3.288047 	0.502494 	0.190394 	2.999271 	2.204824 	3.124100 	2.757943 	1.336273 	2.012461 	3.050615 	3.254420 	0.525000 	0.353553 	0.859142 	3.186887 	2.135562 	1.122776 	2.157835 	3.172637 	2.975420 	2.384586 	1.089151 	3.191591 	1.196349 	1.250250 	2.836591 	0.357946 	0.336341 	0.318198 	1.029866 	3.483622 	1.262191 	2.561860 	1.505199 	0.975320 	0.926350 	0.328824 	1.075000 	1.414214 	1.176063 	
0.730154 	0.726722 	0.553399 	0.285044 	0.831038 	0.055902 	2.199574 	9.000000 	2.052438 	0.860959 	1.258223 	1.760859 	2.388122 	0.883883 	0.090139 	1.256234 	0.781425 	0.960469 	0.261008 	0.939747 	1.185591 	1.773415 	1.940522 	1.449569 	1.095730 	0.176777 	1.206752 	0.182003 	1.063602 	0.825379 	0.201556 	1.261200 	1.076162 	1.160011 	1.110180 	0.654313 	2.022993 	2.531057 	2.510105 	1.350926 	1.408900 	1.158123 	0.382426 	0.939415 	1.480076 	1.530523 	2.425129 	1.400892 	1.062132 	1.303840 	
1.325000 	1.333464 	2.514210 	1.768120 	1.241219 	1.997029 	0.175000 	2.052438 	9.000000 	2.830415 	3.166722 	0.328824 	0.357946 	2.867272 	2.053807 	3.015066 	2.635455 	1.170470 	1.857586 	2.919439 	3.128997 	0.350000 	0.182003 	0.686477 	3.058697 	1.981477 	0.951972 	2.003278 	3.042408 	2.839234 	2.233971 	0.916856 	3.060739 	1.025000 	1.079352 	2.695019 	0.212132 	0.480885 	0.458939 	0.855862 	3.358943 	1.089151 	2.409616 	1.334166 	0.800391 	0.751665 	0.395285 	0.900000 	1.241219 	1.001249 	
1.550202 	1.555032 	0.320156 	1.123610 	1.665270 	0.905883 	2.961102 	0.860959 	2.830415 	9.000000 	0.406971 	2.564785 	3.143346 	0.050000 	0.910014 	0.536773 	0.275000 	1.810041 	1.119431 	0.090139 	0.325000 	2.584811 	2.740552 	2.280351 	0.235850 	1.012423 	2.052438 	1.004054 	0.212132 	0.141421 	0.770146 	2.107872 	0.230489 	2.011374 	1.963734 	0.309233 	2.830415 	3.297347 	3.278433 	2.198010 	0.548862 	2.015564 	0.700000 	1.800347 	2.329834 	2.378287 	3.217530 	2.255271 	1.923051 	2.161308 	
1.921263 	1.929378 	0.705780 	1.509346 	2.040833 	1.300000 	3.288047 	1.258223 	3.166722 	0.406971 	9.000000 	2.916548 	3.465544 	0.400780 	1.312441 	0.333542 	0.531507 	2.192744 	1.518634 	0.350000 	0.111803 	2.940344 	3.088892 	2.648702 	0.206155 	1.415318 	2.431178 	1.408013 	0.261008 	0.500625 	1.176860 	2.486966 	0.269258 	2.394264 	2.348537 	0.700000 	3.182079 	3.623966 	3.606245 	2.576941 	0.213600 	2.403773 	1.102554 	2.196162 	2.710166 	2.756923 	3.558528 	2.639720 	2.317596 	2.549142 	
1.030776 	1.035012 	2.245690 	1.475847 	0.936082 	1.706239 	0.502494 	1.760859 	0.328824 	2.564785 	2.916548 	9.000000 	0.686477 	2.599159 	1.755349 	2.787920 	2.385634 	0.850368 	1.553222 	2.652593 	2.871628 	0.055902 	0.180278 	0.357946 	2.796650 	1.677982 	0.625000 	1.698897 	2.776801 	2.563811 	1.935523 	0.588430 	2.793967 	0.697316 	0.752080 	2.410654 	0.265754 	0.798827 	0.775403 	0.527376 	3.102116 	0.760345 	2.107872 	1.006541 	0.480885 	0.436606 	0.665676 	0.577170 	0.912414 	0.675000 	
1.666208 	1.677051 	2.830746 	2.105499 	1.589025 	2.332381 	0.190394 	2.388122 	0.357946 	3.143346 	3.465544 	0.686477 	9.000000 	3.182079 	2.394264 	3.294883 	2.936409 	1.525820 	2.202555 	3.233033 	3.434021 	0.704006 	0.525595 	1.044330 	3.367863 	2.325537 	1.309819 	2.347871 	3.354568 	3.160004 	2.573907 	1.274755 	3.373796 	1.382932 	1.437228 	3.023243 	0.505594 	0.167705 	0.158114 	1.212693 	3.662735 	1.446764 	2.751477 	1.692077 	1.151086 	1.100284 	0.279509 	1.252248 	1.598828 	1.355775 	
1.581336 	1.585284 	0.353553 	1.151086 	1.695029 	0.930390 	2.999271 	0.883883 	2.867272 	0.050000 	0.400780 	2.599159 	3.182079 	9.000000 	0.929045 	0.561805 	0.325000 	1.837457 	1.140449 	0.055902 	0.309233 	2.618444 	2.775450 	2.311385 	0.213600 	1.030776 	2.080865 	1.021335 	0.180278 	0.111803 	0.783023 	2.136147 	0.195256 	2.038535 	1.990289 	0.301040 	2.864655 	3.335416 	3.316342 	2.226264 	0.525595 	2.040833 	0.701783 	1.822430 	2.357568 	2.406502 	3.253459 	2.281721 	1.945668 	2.186607 	
0.728869 	0.721110 	0.612882 	0.292617 	0.820061 	0.111803 	2.204824 	0.090139 	2.053807 	0.910014 	1.312441 	1.755349 	2.394264 	0.929045 	9.000000 	1.327121 	0.851469 	0.937083 	0.215058 	0.984886 	1.234909 	1.765113 	1.935523 	1.434617 	1.142366 	0.103078 	1.184536 	0.100000 	1.107080 	0.862047 	0.180278 	1.237942 	1.118034 	1.133578 	1.081954 	0.680074 	2.015099 	2.533895 	2.512469 	1.326885 	1.454519 	1.125000 	0.357946 	0.896172 	1.453444 	1.505199 	2.420873 	1.370447 	1.020416 	1.270089 	
1.838478 	1.852363 	0.726722 	1.467353 	1.963734 	1.286954 	3.124100 	1.256234 	3.015066 	0.536773 	0.333542 	2.787920 	3.294883 	0.561805 	1.327121 	9.000000 	0.475657 	2.127352 	1.513275 	0.535023 	0.413824 	2.817024 	2.953811 	2.549142 	0.465027 	1.428504 	2.353853 	1.426972 	0.515388 	0.673146 	1.227294 	2.409616 	0.535023 	2.326210 	2.285416 	0.840387 	3.050922 	3.457329 	3.441112 	2.498124 	0.525000 	2.348005 	1.201301 	2.164630 	2.632727 	2.675467 	3.410004 	2.572086 	2.280351 	2.490607 	
1.398660 	1.408900 	0.261008 	1.004054 	1.520691 	0.813941 	2.757943 	0.781425 	2.635455 	0.275000 	0.531507 	2.385634 	2.936409 	0.325000 	0.851469 	0.475657 	9.000000 	1.677982 	1.039832 	0.353553 	0.500000 	2.410005 	2.557587 	2.122646 	0.447214 	0.952956 	1.911969 	0.951315 	0.450694 	0.388104 	0.756637 	1.967867 	0.474342 	1.878829 	1.835245 	0.460977 	2.651061 	3.094047 	3.076118 	2.057456 	0.726722 	1.894235 	0.752080 	1.700184 	2.191461 	2.236767 	3.027066 	2.125000 	1.818310 	2.038535 	
0.301040 	0.279509 	1.492062 	0.686477 	0.175000 	0.910014 	1.336273 	0.960469 	1.170470 	1.810041 	2.192744 	0.850368 	1.525820 	1.837457 	0.937083 	2.127352 	1.677982 	9.000000 	0.725000 	1.892914 	2.130874 	0.850000 	1.028652 	0.506211 	2.045880 	0.849264 	0.247487 	0.867828 	2.017734 	1.785007 	1.113833 	0.301040 	2.031779 	0.201556 	0.158114 	1.613420 	1.097725 	1.648105 	1.625000 	0.390512 	2.358495 	0.226385 	1.277204 	0.223607 	0.520216 	0.570088 	1.510381 	0.447214 	0.235850 	0.364006 	
0.538516 	0.525595 	0.814325 	0.167705 	0.617454 	0.226385 	2.012461 	0.261008 	1.857586 	1.119431 	1.518634 	1.553222 	2.202555 	1.140449 	0.215058 	1.513275 	1.039832 	0.725000 	9.000000 	1.196349 	1.444386 	1.560649 	1.733494 	1.226020 	1.353237 	0.125000 	0.972432 	0.145774 	1.319327 	1.076162 	0.388909 	1.025305 	1.330883 	0.919918 	0.867828 	0.895126 	1.810559 	2.338402 	2.316517 	1.113833 	1.666021 	0.910014 	0.555090 	0.682367 	1.239455 	1.291559 	2.218812 	1.155692 	0.806226 	1.055047 	
1.635925 	1.640122 	0.406971 	1.206493 	1.750000 	0.986154 	3.050615 	0.939747 	2.919439 	0.090139 	0.350000 	2.652593 	3.233033 	0.055902 	0.984886 	0.535023 	0.353553 	1.892914 	1.196349 	9.000000 	0.254951 	2.672195 	2.828648 	2.366036 	0.158114 	1.086566 	2.136147 	1.077033 	0.125000 	0.152069 	0.838153 	2.191461 	0.141421 	2.094039 	2.045880 	0.350000 	2.918154 	3.386831 	3.367863 	2.281584 	0.469707 	2.096575 	0.753741 	1.878330 	2.412986 	2.461833 	3.306150 	2.337333 	2.001562 	2.242348 	
1.865811 	1.872164 	0.638847 	1.445035 	1.983053 	1.229837 	3.254420 	1.185591 	3.128997 	0.325000 	0.111803 	2.871628 	3.434021 	0.309233 	1.234909 	0.413824 	0.500000 	2.130874 	1.444386 	0.254951 	9.000000 	2.893635 	3.045694 	2.595308 	0.100000 	1.337208 	2.371840 	1.328533 	0.152069 	0.400780 	1.092016 	2.427447 	0.158114 	2.332381 	2.285416 	0.602080 	3.137375 	3.590700 	3.572464 	2.517563 	0.230489 	2.338402 	1.007782 	2.125000 	2.650000 	2.697800 	3.518966 	2.576941 	2.247499 	2.484074 	
1.044330 	1.046721 	2.265226 	1.488707 	0.945053 	1.719193 	0.525000 	1.773415 	0.350000 	2.584811 	2.940344 	0.055902 	0.704006 	2.618444 	1.765113 	2.817024 	2.410005 	0.850000 	1.560649 	2.672195 	2.893635 	9.000000 	0.182003 	0.348210 	2.817468 	1.685601 	0.617454 	1.706055 	2.796650 	2.580940 	1.945026 	0.577170 	2.813472 	0.687841 	0.743303 	2.425000 	0.250000 	0.807001 	0.783023 	0.509902 	3.124100 	0.745822 	2.115715 	0.996243 	0.450694 	0.403113 	0.660492 	0.550000 	0.897566 	0.651920 	
1.210372 	1.215010 	2.421905 	1.655483 	1.116356 	1.885802 	0.353553 	1.940522 	0.182003 	2.740552 	3.088892 	0.180278 	0.525595 	2.775450 	1.935523 	2.953811 	2.557587 	1.028652 	1.733494 	2.828648 	3.045694 	0.182003 	9.000000 	0.529741 	2.971742 	1.858259 	0.798827 	1.879162 	2.952647 	2.741464 	2.115715 	0.759111 	2.970059 	0.869626 	0.925000 	2.589643 	0.103078 	0.625000 	0.601041 	0.691466 	3.276145 	0.927699 	2.288149 	1.178187 	0.625500 	0.575000 	0.485412 	0.726722 	1.079352 	0.831038 	
0.730154 	0.726722 	1.960230 	1.167262 	0.618971 	1.396648 	0.859142 	1.449569 	0.686477 	2.280351 	2.648702 	0.357946 	1.044330 	2.311385 	1.434617 	2.549142 	2.122646 	0.506211 	1.226020 	2.366036 	2.595308 	0.348210 	0.529741 	9.000000 	2.515079 	1.350926 	0.269258 	1.370447 	2.490984 	2.267157 	1.613420 	0.230489 	2.506616 	0.340037 	0.395285 	2.103717 	0.592663 	1.154340 	1.130542 	0.176777 	2.825111 	0.403113 	1.780449 	0.649038 	0.195256 	0.190394 	1.006231 	0.257391 	0.555090 	0.333542 	
