Total assets = 960
Number of asset nodes = 50

Distance:
999.000000 	112.160599 	98.838249 	30.066593 	57.489128 	131.015259 	56.885849 	134.617981 	146.348892 	139.344894 	21.954498 	146.509384 	58.180752 	104.216118 	129.799850 	153.717270 	54.332310 	98.615417 	14.866069 	149.305054 	44.045429 	53.037724 	68.731361 	151.029800 	85.866173 	165.559662 	86.833176 	124.354332 	90.249657 	53.037724 	118.105888 	63.071388 	156.646103 	165.096939 	112.538879 	115.550858 	101.833199 	63.000000 	104.043259 	21.189621 	76.419891 	59.135437 	109.731491 	24.186773 	65.122963 	125.924583 	79.101204 	56.293873 	66.272163 	60.827625 	70.114189 	88.566360 	87.464279 	57.008770 	61.684681 	127.200630 	73.545906 	79.762146 	91.049438 	85.586212 	88.362885 	77.201035 	92.444580 	
112.160599 	999.000000 	15.264338 	86.556343 	60.207973 	21.470911 	62.481998 	24.698177 	38.910152 	43.000000 	90.210861 	50.089920 	54.817879 	13.152946 	18.439089 	47.927029 	66.843102 	20.615528 	108.853111 	41.182522 	79.397736 	70.604530 	55.569775 	41.880783 	38.275318 	60.415230 	37.947330 	14.000000 	35.171009 	73.817345 	13.601471 	64.140472 	47.434166 	58.180752 	17.000000 	15.620500 	27.018513 	66.730804 	26.172504 	118.342720 	53.851646 	72.201111 	24.351591 	128.549606 	69.318108 	21.931713 	56.612720 	81.123360 	70.682388 	76.941536 	67.230942 	48.662102 	49.819675 	83.725746 	84.528099 	34.058773 	76.843994 	71.063354 	61.204575 	68.883957 	66.483078 	82.969872 	83.294655 	
98.838249 	15.264338 	999.000000 	72.201111 	45.254833 	36.715118 	47.423622 	39.962482 	54.120235 	56.568542 	76.922035 	63.953106 	40.816662 	6.000000 	33.600594 	63.071388 	51.739735 	7.615773 	94.625580 	56.435802 	64.381676 	55.443665 	40.311287 	57.140179 	23.537205 	75.584389 	23.345236 	25.553865 	21.023796 	58.600342 	19.646883 	48.877399 	62.681736 	73.430237 	16.124516 	18.027756 	16.643316 	51.478149 	17.029387 	103.855667 	38.897301 	56.938564 	18.867962 	114.201576 	54.129475 	28.284271 	41.976185 	65.863495 	55.542778 	61.717098 	52.201534 	35.000000 	36.013885 	68.476273 	69.354164 	35.171009 	62.096699 	56.718605 	48.093658 	55.081757 	53.000000 	68.447060 	70.007141 	
30.066593 	86.556343 	72.201111 	999.000000 	28.231188 	106.775467 	27.202942 	110.317726 	123.166557 	118.983192 	14.212670 	126.479248 	31.827662 	77.103828 	104.804581 	131.244049 	24.331051 	70.830788 	22.472204 	125.936493 	14.560220 	23.000000 	38.832977 	127.287079 	56.648037 	143.533966 	57.584721 	97.652443 	61.098282 	23.345236 	90.735878 	33.015148 	132.943604 	142.425415 	84.599052 	87.817993 	73.006851 	33.060551 	75.239616 	31.827662 	46.389652 	29.614185 	81.024689 	42.011902 	35.510563 	98.005104 	49.040798 	28.653097 	36.878178 	32.310989 	40.447498 	58.549126 	57.428215 	30.232433 	35.227829 	98.081596 	45.310043 	50.695168 	61.204575 	56.293873 	58.855755 	50.119858 	64.884514 	
57.489128 	60.207973 	45.254833 	28.231188 	999.000000 	81.215759 	3.000000 	84.646324 	98.229324 	96.664368 	37.054016 	104.278473 	11.401754 	49.678970 	78.644768 	106.780151 	7.280110 	43.011627 	50.537113 	100.801788 	19.209373 	11.401754 	12.369317 	101.828285 	28.460499 	119.268608 	29.410883 	70.292244 	32.893768 	15.297058 	63.007935 	12.206555 	107.447662 	117.643532 	56.603886 	59.908264 	44.777225 	14.764823 	47.010635 	59.076221 	20.615528 	17.262676 	52.801514 	69.641945 	19.235384 	69.971420 	24.698177 	25.019993 	21.470911 	23.345236 	22.022715 	32.140316 	31.257000 	28.017851 	31.144823 	69.892776 	32.249031 	33.241539 	38.483765 	37.013512 	38.275318 	39.357338 	50.328918 	
131.015259 	21.470911 	36.715118 	106.775467 	81.215759 	999.000000 	83.600243 	3.605551 	17.464249 	26.000000 	109.201645 	31.780497 	74.953316 	34.176014 	5.385165 	26.570660 	88.005684 	41.785164 	128.817703 	19.723083 	100.424103 	91.836815 	77.025970 	20.615528 	59.615433 	39.000000 	59.236813 	19.416489 	56.302753 	95.131485 	27.018513 	85.586212 	26.248810 	36.715118 	34.058773 	31.000000 	46.872166 	88.192970 	45.541191 	138.600143 	75.239616 	93.648277 	42.047592 	148.600128 	90.785461 	29.732138 	77.833153 	102.576797 	92.135773 	98.412399 	88.639717 	69.375786 	70.604530 	105.190300 	105.990562 	44.011364 	98.081596 	92.048897 	81.394104 	89.498604 	86.884979 	104.043259 	103.406960 	
56.885849 	62.481998 	47.423622 	27.202942 	3.000000 	83.600243 	999.000000 	87.005745 	100.687637 	99.403221 	37.013512 	107.018692 	14.317822 	51.662365 	80.919716 	109.293182 	4.472136 	44.821869 	49.244289 	103.227905 	16.970562 	8.544003 	12.000000 	104.201729 	29.546574 	121.794907 	30.463093 	72.249565 	34.014702 	12.369317 	64.815125 	9.899495 	109.808922 	120.104118 	58.249462 	61.611687 	46.065170 	12.206555 	48.301140 	57.454330 	20.099751 	14.317822 	54.120235 	68.095520 	16.643316 	71.561165 	23.769728 	22.022715 	18.867962 	20.396078 	19.798990 	32.000000 	31.016125 	25.019993 	28.160255 	70.936592 	29.681644 	31.144823 	37.336308 	35.227829 	36.715118 	36.715118 	48.104053 	
134.617981 	24.698177 	39.962482 	110.317726 	84.646324 	3.605551 	87.005745 	999.000000 	14.560220 	25.553865 	112.800713 	30.675724 	78.492035 	37.161808 	7.071068 	23.769728 	91.400215 	44.777225 	132.382019 	16.552946 	103.855667 	95.210297 	80.262070 	17.204651 	62.649822 	36.055511 	62.241467 	21.023796 	59.236813 	98.473343 	29.068884 	88.836929 	22.803509 	33.541019 	36.345562 	33.136082 	49.477268 	91.416626 	48.052055 	142.144287 	78.294319 	96.896851 	44.283180 	152.161102 	93.941475 	30.805843 	80.777473 	105.815880 	95.257545 	101.597244 	91.706055 	72.124893 	73.375748 	108.406639 	109.128365 	44.922153 	101.019798 	94.868332 	83.952370 	92.179176 	89.498604 	106.892471 	105.905617 	
146.348892 	38.910152 	54.120235 	123.166557 	98.229324 	17.464249 	100.687637 	14.560220 	999.000000 	18.788294 	124.739731 	20.518284 	91.438507 	51.623638 	21.587032 	9.219544 	105.118980 	59.236813 	144.958618 	3.162278 	117.413795 	109.000000 	94.413979 	6.000000 	77.077881 	21.540659 	76.694199 	35.128338 	73.736015 	112.361023 	43.416588 	102.956299 	10.770329 	19.416489 	50.803543 	47.518417 	64.031242 	105.588821 	62.585941 	154.935471 	92.703827 	111.018013 	58.694122 	164.757401 	108.226616 	44.102154 	95.273293 	119.954155 	109.590149 	115.836090 	106.103722 	86.683334 	87.931793 	122.588745 	123.438240 	57.706154 	115.520561 	109.416634 	98.488579 	106.737999 	104.048065 	121.433105 	120.415947 	
139.344894 	43.000000 	56.568542 	118.983192 	96.664368 	26.000000 	99.403221 	25.553865 	18.788294 	999.000000 	118.444077 	7.615773 	88.192970 	56.035702 	31.384710 	19.026299 	103.870110 	63.198101 	139.807007 	21.189621 	115.381973 	107.935165 	95.210297 	24.351591 	80.062477 	27.730848 	79.906197 	45.221676 	77.524193 	111.615410 	52.172791 	103.406960 	27.294687 	29.120440 	58.549126 	55.901699 	70.007141 	106.254410 	69.065186 	150.206528 	95.126228 	111.328346 	66.483078 	159.455322 	109.480591 	55.713554 	98.478424 	120.208153 	111.126053 	116.691902 	108.171158 	91.350975 	92.439171 	123.032516 	124.619423 	70.007141 	118.456741 	113.282829 	104.120125 	111.543716 	109.293182 	124.951988 	126.194298 	
21.954498 	90.210861 	76.922035 	14.212670 	37.054016 	109.201645 	37.013512 	112.800713 	124.739731 	118.444077 	999.000000 	125.733849 	36.400551 	82.346825 	107.898102 	132.276230 	35.355339 	76.896034 	22.472204 	127.663620 	28.178005 	35.171009 	49.010204 	129.321304 	64.938431 	144.249786 	65.924202 	102.420700 	69.231499 	36.400551 	96.254868 	44.721359 	134.951843 	143.627991 	90.824005 	93.776329 	80.523285 	45.354160 	82.710335 	33.241539 	57.078892 	42.720020 	88.323273 	41.340054 	48.383881 	104.177734 	60.406952 	42.720020 	49.979996 	46.065170 	53.160137 	69.007248 	68.029404 	44.407207 	49.406479 	105.990562 	59.033890 	63.906181 	73.348480 	69.260376 	71.568146 	64.140472 	78.714676 	
146.509384 	50.089920 	63.953106 	126.479248 	104.278473 	31.780497 	107.018692 	30.675724 	20.518284 	7.615773 	125.733849 	999.000000 	95.770561 	63.198101 	37.107952 	17.088007 	111.485428 	70.455658 	147.200546 	22.022715 	122.983742 	115.550858 	102.786186 	25.000000 	87.475708 	22.561028 	87.298340 	51.195702 	84.852814 	119.230865 	58.549126 	111.000000 	26.400757 	25.019993 	65.192024 	62.393909 	77.025970 	113.841995 	76.000000 	157.632477 	102.610916 	118.928551 	73.171036 	166.817261 	117.046997 	61.400326 	105.905617 	127.812363 	118.680244 	124.277916 	115.693558 	98.615417 	99.724625 	130.633072 	132.196823 	75.584389 	125.928551 	120.668968 	111.287918 	118.827606 	116.520386 	132.382019 	133.375412 	
58.180752 	54.817879 	40.816662 	31.827662 	11.401754 	74.953316 	14.317822 	78.492035 	91.438507 	88.192970 	36.400551 	95.770561 	999.000000 	46.065170 	73.000000 	99.639351 	18.027756 	40.496914 	54.037025 	94.175369 	27.513634 	22.000000 	20.518284 	95.482986 	30.066593 	112.004463 	31.064449 	66.370171 	34.000000 	26.000000 	59.933296 	23.259407 	101.138519 	110.751976 	54.424259 	57.384666 	44.553337 	26.000000 	46.690472 	63.655323 	28.017851 	28.635643 	52.172791 	73.756355 	30.463093 	67.779053 	32.802441 	36.055511 	32.695564 	34.713108 	32.756680 	37.696156 	37.161808 	39.051247 	42.426407 	70.035706 	43.382023 	43.600460 	46.615448 	46.690472 	47.423622 	50.566788 	60.802959 	
104.216118 	13.152946 	6.000000 	77.103828 	49.678970 	34.176014 	51.662365 	37.161808 	51.623638 	56.035702 	82.346825 	63.198101 	46.065170 	999.000000 	30.413813 	60.745369 	55.865910 	7.615773 	99.569069 	53.712196 	68.622154 	59.413803 	43.600460 	54.120235 	25.495098 	73.164200 	25.079872 	20.615528 	22.135944 	62.369865 	13.928389 	52.201534 	59.539902 	70.682388 	10.198039 	12.041595 	14.317822 	54.644306 	13.928389 	108.600182 	41.146080 	60.216278 	14.142136 	119.037811 	56.938564 	22.360680 	43.657761 	69.065186 	58.180752 	64.660652 	54.561890 	35.510563 	36.674240 	71.561165 	72.069412 	29.410883 	63.906181 	57.974133 	48.093658 	55.731499 	53.338543 	69.921387 	70.178345 	
129.799850 	18.439089 	33.600594 	104.804581 	78.644768 	5.385165 	80.919716 	7.071068 	21.587032 	31.384710 	107.898102 	37.107952 	73.000000 	30.413813 	999.000000 	30.805843 	85.276024 	38.013157 	127.015747 	23.409399 	97.836601 	89.022469 	73.783470 	23.706539 	55.901699 	43.011627 	55.461697 	14.142136 	52.392746 	92.200867 	22.022715 	82.377182 	29.154760 	40.311287 	29.274563 	26.076809 	42.449970 	84.905830 	41.000000 	136.619904 	71.554176 	90.426765 	37.215588 	146.754898 	87.321243 	24.351591 	73.925636 	99.322708 	88.588936 	95.015785 	84.970581 	65.145988 	66.407829 	101.872467 	102.474388 	38.626415 	94.154129 	87.920418 	76.902534 	85.164543 	82.462112 	99.959991 	98.843307 	
153.717270 	47.927029 	63.071388 	131.244049 	106.780151 	26.570660 	109.293182 	23.769728 	9.219544 	19.026299 	132.276230 	17.088007 	99.639351 	60.745369 	30.805843 	999.000000 	113.740936 	68.352028 	152.839783 	8.062258 	125.924583 	117.660530 	103.310211 	9.848858 	86.162636 	12.529964 	85.796272 	44.283180 	82.873398 	121.078484 	52.611786 	111.825760 	9.433981 	11.401754 	60.016663 	56.718605 	73.246162 	114.490173 	71.805290 	162.935577 	101.769348 	119.883278 	67.896980 	172.626770 	117.200684 	53.009434 	104.403069 	128.825470 	118.595955 	124.775803 	115.156418 	95.880135 	97.123634 	131.487640 	132.423569 	66.370171 	124.651512 	118.595955 	107.707939 	115.948265 	113.265175 	130.602448 	129.634094 	
54.332310 	66.843102 	51.739735 	24.331051 	7.280110 	88.005684 	4.472136 	91.400215 	105.118980 	103.870110 	35.355339 	111.485428 	18.027756 	55.865910 	85.276024 	113.740936 	999.000000 	48.918301 	45.880280 	107.647575 	12.806249 	4.123106 	14.560220 	108.600182 	33.120991 	126.245789 	34.000000 	76.419891 	37.589893 	8.062258 	68.883957 	9.486833 	114.201576 	124.535133 	62.201286 	65.604881 	49.739319 	10.816654 	51.971146 	53.712196 	22.090721 	11.180340 	57.801384 	64.412735 	14.866069 	75.451973 	25.079872 	18.027756 	16.970562 	17.088007 	18.867962 	34.234486 	33.136082 	21.023796 	24.515301 	74.323616 	27.658634 	30.232433 	38.078865 	34.885529 	36.769554 	34.409302 	46.754681 	
98.615417 	20.615528 	7.615773 	70.830788 	43.011627 	41.785164 	44.821869 	44.777225 	59.236813 	63.198101 	76.896034 	70.455658 	40.496914 	7.615773 	38.013157 	68.352028 	48.918301 	999.000000 	93.295227 	61.326992 	61.717098 	52.345009 	36.235340 	61.717098 	17.888544 	80.777473 	17.464249 	27.586229 	14.560220 	55.172459 	20.000000 	44.821869 	67.119293 	78.294319 	13.928389 	17.000000 	9.219544 	47.201694 	10.000000 	102.078400 	33.541019 	52.801514 	13.341664 	112.605507 	49.396355 	27.313000 	36.055511 	61.611687 	50.606323 	57.140179 	46.957428 	28.160255 	29.274563 	64.070274 	64.498062 	31.064449 	56.302753 	50.447994 	41.000000 	48.373547 	46.097721 	62.361847 	63.031738 	
14.866069 	108.853111 	94.625580 	22.472204 	50.537113 	128.817703 	49.244289 	132.382019 	144.958618 	139.807007 	22.472204 	147.200546 	54.037025 	99.569069 	127.015747 	152.839783 	45.880280 	93.295227 	999.000000 	147.787003 	33.955853 	43.680660 	60.406952 	149.241409 	78.790863 	165.012115 	79.705711 	120.104118 	83.258636 	42.755116 	113.207771 	53.600372 	154.896744 	164.103622 	107.042046 	110.276924 	95.273293 	52.952808 	97.508972 	10.770329 	67.446274 	48.373547 	103.315056 	19.798990 	54.332310 	120.440857 	69.426216 	44.045429 	55.145264 	49.000000 	59.304298 	79.555016 	78.339005 	44.283180 	48.662102 	120.154068 	61.204575 	68.007355 	80.305664 	74.000000 	77.025970 	64.132675 	79.429214 	
149.305054 	41.182522 	56.435802 	125.936493 	100.801788 	19.723083 	103.227905 	16.552946 	3.162278 	21.189621 	127.663620 	22.022715 	94.175369 	53.712196 	23.409399 	8.062258 	107.647575 	61.326992 	147.787003 	999.000000 	120.000000 	111.503365 	96.747093 	3.162278 	79.202271 	19.646883 	78.790863 	36.496574 	75.769386 	114.825958 	44.911022 	105.309067 	7.615773 	17.000000 	52.392746 	49.030602 	65.802734 	107.912003 	64.288414 	157.724442 	94.847244 	113.371071 	60.207973 	167.585800 	110.476242 	45.000000 	97.308784 	122.298813 	111.803398 	118.118584 	108.258949 	88.543777 	89.810913 	124.907967 	125.670204 	58.309521 	117.545738 	111.328346 	100.169853 	108.521889 	105.773346 	123.369362 	122.024590 	
44.045429 	79.397736 	64.381676 	14.560220 	19.209373 	100.424103 	16.970562 	103.855667 	117.413795 	115.381973 	28.178005 	122.983742 	27.513634 	68.622154 	97.836601 	125.924583 	12.806249 	61.717098 	33.955853 	120.000000 	999.000000 	9.848858 	26.832815 	121.037186 	45.793011 	138.397980 	46.647614 	89.196411 	50.249378 	9.000000 	81.688431 	19.646883 	126.657021 	136.824707 	75.000000 	78.409180 	62.433964 	19.104973 	64.660652 	41.146080 	33.526108 	15.132746 	70.491135 	51.894123 	21.095022 	88.232651 	35.510563 	14.866069 	22.360680 	17.888544 	26.076809 	45.607018 	44.384682 	17.029387 	21.931713 	86.764046 	30.870699 	36.138622 	47.010635 	41.773197 	44.407207 	36.055511 	50.537113 	
53.037724 	70.604530 	55.443665 	23.000000 	11.401754 	91.836815 	8.544003 	95.210297 	109.000000 	107.935165 	35.171009 	115.550858 	22.000000 	59.413803 	89.022469 	117.660530 	4.123106 	52.345009 	43.680660 	111.503365 	9.848858 	999.000000 	17.000000 	112.414413 	36.055511 	130.172958 	36.891735 	79.906197 	40.496914 	4.000000 	72.249565 	10.049875 	118.004234 	128.413391 	65.436989 	68.883957 	52.697250 	10.198039 	54.918121 	50.990196 	23.769728 	8.485281 	60.745369 	61.741398 	13.416408 	78.600258 	26.076809 	14.142136 	15.264338 	13.892444 	18.027756 	35.902645 	34.713108 	17.117243 	20.880613 	76.922035 	25.495098 	29.068884 	38.327538 	34.176014 	36.400551 	31.890438 	45.000000 	
68.731361 	55.569775 	40.311287 	38.832977 	12.369317 	77.025970 	12.000000 	80.262070 	94.413979 	95.210297 	49.010204 	102.786186 	20.518284 	43.600460 	73.783470 	103.310211 	14.560220 	36.235340 	60.406952 	96.747093 	26.832815 	17.000000 	999.000000 	97.416634 	19.209373 	115.836090 	20.000000 	63.780876 	23.600847 	19.209373 	55.865910 	8.602325 	102.927162 	113.740936 	48.836460 	52.345009 	35.805027 	11.180340 	38.013157 	67.977936 	8.246211 	16.643316 	43.829212 	78.721024 	14.317822 	61.846584 	12.529964 	25.553865 	16.124516 	21.540659 	14.142136 	20.000000 	19.026299 	28.178005 	29.410883 	59.933296 	25.317978 	23.706539 	26.419689 	26.248810 	26.907248 	32.557640 	40.816662 	
151.029800 	41.880783 	57.140179 	127.287079 	101.828285 	20.615528 	104.201729 	17.204651 	6.000000 	24.351591 	129.321304 	25.000000 	95.482986 	54.120235 	23.706539 	9.848858 	108.600182 	61.717098 	149.241409 	3.162278 	121.037186 	112.414413 	97.416634 	999.000000 	79.605278 	20.099751 	79.158073 	36.138622 	76.059189 	115.676270 	44.643028 	106.000000 	5.656854 	16.763054 	52.201534 	48.764740 	65.787537 	108.558739 	64.195015 	159.100601 	95.257545 	114.057007 	59.908264 	169.035492 	111.018013 	44.102154 	97.575615 	122.967476 	112.294258 	118.701309 	108.673820 	88.600227 	89.888817 	125.538841 	126.178444 	57.078892 	117.783699 	111.427109 	100.000000 	108.466583 	105.650368 	123.490891 	121.753853 	
85.866173 	38.275318 	23.537205 	56.648037 	28.460499 	59.615433 	29.546574 	62.649822 	77.077881 	80.062477 	64.938431 	87.475708 	30.066593 	25.495098 	55.901699 	86.162636 	33.120991 	17.888544 	78.790863 	79.202271 	45.793011 	36.055511 	19.209373 	79.605278 	999.000000 	98.615417 	1.000000 	45.000000 	4.472136 	38.418747 	36.878178 	27.586229 	85.000000 	96.176918 	29.698484 	33.241539 	16.643316 	29.732138 	18.867962 	86.833176 	15.652476 	35.383614 	24.698177 	97.529480 	31.622776 	42.638012 	18.439089 	44.045429 	32.756680 	39.408119 	29.068884 	13.000000 	13.601471 	46.400433 	46.647614 	41.436699 	38.600517 	33.241539 	26.248810 	32.062439 	30.413813 	44.911022 	47.381432 	
165.559662 	60.415230 	75.584389 	143.533966 	119.268608 	39.000000 	121.794907 	36.055511 	21.540659 	27.730848 	144.249786 	22.561028 	112.004463 	73.164200 	43.011627 	12.529964 	126.245789 	80.777473 	165.012115 	19.646883 	138.397980 	130.172958 	115.836090 	20.099751 	98.615417 	999.000000 	98.234413 	56.089214 	95.273293 	133.600143 	64.536812 	124.354332 	16.124516 	5.000000 	72.034714 	68.658577 	85.440041 	127.015747 	83.934502 	175.171341 	114.236595 	132.412231 	79.831070 	184.783661 	129.711212 	64.195015 	116.811813 	141.354172 	131.095383 	137.295303 	127.632286 	108.157295 	109.416634 	144.013885 	144.931015 	77.006493 	137.058380 	130.919830 	119.816528 	128.160049 	125.419296 	142.947540 	141.661575 	
86.833176 	37.947330 	23.345236 	57.584721 	29.410883 	59.236813 	30.463093 	62.241467 	76.694199 	79.906197 	65.924202 	87.298340 	31.064449 	25.079872 	55.461697 	85.796272 	34.000000 	17.464249 	79.705711 	78.790863 	46.647614 	36.891735 	20.000000 	79.158073 	1.000000 	98.234413 	999.000000 	44.407207 	3.605551 	39.204590 	36.235340 	28.319605 	84.534019 	95.754898 	29.000000 	32.557640 	15.811388 	30.413813 	18.027756 	87.709747 	16.124516 	36.069378 	23.853722 	98.412399 	32.202484 	41.868843 	18.681541 	44.687805 	33.286633 	40.000000 	29.529646 	12.649111 	13.341664 	47.010635 	47.169907 	40.496914 	38.897301 	33.376640 	25.961510 	32.015621 	30.265491 	45.122055 	47.265209 	
124.354332 	14.000000 	25.553865 	97.652443 	70.292244 	19.416489 	72.249565 	21.023796 	35.128338 	45.221676 	102.420700 	51.195702 	66.370171 	20.615528 	14.142136 	44.283180 	76.419891 	27.586229 	120.104118 	36.496574 	89.196411 	79.906197 	63.780876 	36.138622 	45.000000 	56.089214 	44.407207 	999.000000 	41.048752 	82.758682 	8.544003 	72.346390 	41.109608 	52.886673 	16.155495 	12.649111 	29.966648 	74.652527 	28.231188 	129.201401 	60.464867 	80.280754 	23.769728 	139.617340 	76.609398 	10.816654 	62.265560 	89.022469 	77.665955 	84.403793 	73.783470 	52.801514 	54.129475 	91.400215 	91.525955 	25.059929 	82.298241 	75.643906 	63.890530 	72.449982 	69.570107 	87.726852 	85.615417 	
90.249657 	35.171009 	21.023796 	61.098282 	32.893768 	56.302753 	34.014702 	59.236813 	73.736015 	77.524193 	69.231499 	84.852814 	34.000000 	22.135944 	52.392746 	82.873398 	37.589893 	14.560220 	83.258636 	75.769386 	50.249378 	40.496914 	23.600847 	76.059189 	4.472136 	95.273293 	3.605551 	41.048752 	999.000000 	42.801868 	32.802441 	31.890438 	81.394104 	92.703827 	25.495098 	29.068884 	12.206555 	33.941124 	14.422205 	91.301697 	19.416489 	39.597980 	20.248457 	102.000000 	35.608986 	38.288380 	21.540659 	48.166378 	36.619667 	43.416588 	32.756680 	14.035668 	15.000000 	50.447994 	50.477718 	37.000000 	41.785164 	35.902645 	27.294687 	34.058773 	32.015621 	47.801674 	49.040798 	
53.037724 	73.817345 	58.600342 	23.345236 	15.297058 	95.131485 	12.369317 	98.473343 	112.361023 	111.615410 	36.400551 	119.230865 	26.000000 	62.369865 	92.200867 	121.078484 	8.062258 	55.172459 	42.755116 	114.825958 	9.000000 	4.000000 	19.209373 	115.676270 	38.418747 	133.600143 	39.204590 	82.758682 	42.801868 	999.000000 	74.966660 	11.180340 	121.247681 	131.764938 	68.014702 	71.505241 	55.000000 	10.198039 	57.201397 	49.396355 	25.079872 	6.324555 	63.007935 	60.166435 	12.165525 	81.055534 	26.683329 	10.198039 	13.601471 	10.630146 	17.117243 	37.000000 	35.735138 	13.152946 	17.088007 	78.771820 	23.021729 	27.513634 	38.013157 	32.984844 	35.510563 	29.000000 	42.720020 	
118.105888 	13.601471 	19.646883 	90.735878 	63.007935 	27.018513 	64.815125 	29.068884 	43.416588 	52.172791 	96.254868 	58.549126 	59.933296 	13.928389 	22.022715 	52.611786 	68.883957 	20.000000 	113.207771 	44.911022 	81.688431 	72.249565 	55.865910 	44.643028 	36.878178 	64.536812 	36.235340 	8.544003 	32.802441 	74.966660 	999.000000 	64.381676 	49.648766 	61.400326 	7.615773 	4.123106 	21.470911 	66.603302 	19.697716 	122.065559 	52.201534 	72.249565 	15.297058 	132.574509 	68.410522 	9.055386 	53.851646 	80.919716 	69.404610 	76.216797 	65.459915 	44.283180 	45.617977 	83.240616 	83.234612 	20.518284 	73.824112 	67.119293 	55.362442 	63.906181 	61.032780 	79.202271 	77.129761 	
63.071388 	64.140472 	48.877399 	33.015148 	12.206555 	85.586212 	9.899495 	88.836929 	102.956299 	103.406960 	44.721359 	111.000000 	23.259407 	52.201534 	82.377182 	111.825760 	9.486833 	44.821869 	53.600372 	105.309067 	19.646883 	10.049875 	8.602325 	106.000000 	27.586229 	124.354332 	28.319605 	72.346390 	31.890438 	11.180340 	64.381676 	999.000000 	111.516815 	122.298813 	57.280014 	60.811184 	44.045429 	3.000000 	46.227695 	60.539242 	13.928389 	8.062258 	52.009613 	71.309189 	7.280110 	70.178345 	16.031219 	17.000000 	9.486833 	13.341664 	9.899495 	25.961510 	24.738634 	19.697716 	21.377558 	67.601776 	20.124611 	21.260292 	28.635643 	25.553865 	27.313000 	27.313000 	38.209946 	
156.646103 	47.434166 	62.681736 	132.943604 	107.447662 	26.248810 	109.808922 	22.803509 	10.770329 	27.294687 	134.951843 	26.400757 	101.138519 	59.539902 	29.154760 	9.433981 	114.201576 	67.119293 	154.896744 	7.615773 	126.657021 	118.004234 	102.927162 	5.656854 	85.000000 	16.124516 	84.534019 	41.109608 	81.394104 	121.247681 	49.648766 	111.516815 	999.000000 	12.041595 	57.245087 	53.758720 	70.936592 	114.057007 	69.289246 	164.757401 	100.647903 	119.570061 	64.845970 	174.691162 	116.468880 	48.507732 	102.883430 	128.471786 	117.720009 	124.169243 	114.061386 	93.776329 	95.078911 	131.026718 	131.609268 	61.008198 	123.065025 	116.619041 	104.995239 	113.547348 	110.679718 	128.693436 	126.649124 	
165.096939 	58.180752 	73.430237 	142.425415 	117.643532 	36.715118 	120.104118 	33.541019 	19.416489 	29.120440 	143.627991 	25.019993 	110.751976 	70.682388 	40.311287 	11.401754 	124.535133 	78.294319 	164.103622 	17.000000 	136.824707 	128.413391 	113.740936 	16.763054 	96.176918 	5.000000 	95.754898 	52.886673 	92.703827 	131.764938 	61.400326 	122.298813 	12.041595 	999.000000 	68.963760 	65.520988 	82.540901 	124.907967 	80.956779 	174.155106 	111.825760 	130.361038 	76.655075 	183.896713 	127.475487 	60.530983 	114.236595 	139.291061 	128.798294 	135.118469 	125.239769 	105.342300 	106.625511 	141.904892 	142.667450 	73.027390 	134.461884 	128.160049 	116.760437 	125.227791 	122.413231 	140.217682 	138.495483 	
112.538879 	17.000000 	16.124516 	84.599052 	56.603886 	34.058773 	58.249462 	36.345562 	50.803543 	58.549126 	90.824005 	65.192024 	54.424259 	10.198039 	29.274563 	60.016663 	62.201286 	13.928389 	107.042046 	52.392746 	75.000000 	65.436989 	48.836460 	52.201534 	29.698484 	72.034714 	29.000000 	16.155495 	25.495098 	68.014702 	7.615773 	57.280014 	57.245087 	68.963760 	999.000000 	3.605551 	13.892444 	59.413803 	12.083046 	115.663307 	44.821869 	65.069191 	8.000000 	126.245789 	61.073727 	13.416408 	46.324940 	73.661385 	62.008064 	68.883957 	58.008621 	36.674240 	38.013157 	75.927597 	75.802376 	19.313208 	66.241982 	59.506302 	47.801674 	56.302753 	53.450912 	71.589104 	69.634758 	
115.550858 	15.620500 	18.027756 	87.817993 	59.908264 	31.000000 	61.611687 	33.136082 	47.518417 	55.901699 	93.776329 	62.393909 	57.384666 	12.041595 	26.076809 	56.718605 	65.604881 	17.000000 	110.276924 	49.030602 	78.409180 	68.883957 	52.345009 	48.764740 	33.241539 	68.658577 	32.557640 	12.649111 	29.068884 	71.505241 	4.123106 	60.811184 	53.758720 	65.520988 	3.605551 	999.000000 	17.492855 	62.968246 	15.652476 	118.983192 	48.414875 	68.622154 	11.180340 	129.541504 	64.660652 	10.440307 	49.929951 	77.233414 	65.604881 	72.470680 	61.611687 	40.249222 	41.593269 	79.511009 	79.404030 	18.867962 	69.835518 	63.071388 	51.244511 	59.808025 	56.920998 	75.153175 	73.006851 	
101.833199 	27.018513 	16.643316 	73.006851 	44.777225 	46.872166 	46.065170 	49.477268 	64.031242 	70.007141 	80.523285 	77.025970 	44.553337 	14.317822 	42.449970 	73.246162 	49.739319 	9.219544 	95.273293 	65.802734 	62.433964 	52.697250 	35.805027 	65.787537 	16.643316 	85.440041 	15.811388 	29.966648 	12.206555 	55.000000 	21.470911 	44.045429 	70.936592 	82.540901 	13.892444 	17.492855 	999.000000 	46.010868 	2.236068 	103.445641 	31.144823 	51.662365 	8.062258 	114.127121 	47.423622 	26.172504 	32.449963 	60.108234 	48.270073 	55.226807 	44.204071 	22.847319 	24.166092 	62.289646 	62.008064 	25.495098 	52.354561 	45.694637 	34.525352 	42.720020 	40.024994 	57.775429 	56.568542 	
63.000000 	66.730804 	51.478149 	33.060551 	14.764823 	88.192970 	12.206555 	91.416626 	105.588821 	106.254410 	45.354160 	113.841995 	26.000000 	54.644306 	84.905830 	114.490173 	10.816654 	47.201694 	52.952808 	107.912003 	19.104973 	10.198039 	11.180340 	108.558739 	29.732138 	127.015747 	30.413813 	74.652527 	33.941124 	10.198039 	66.603302 	3.000000 	114.057007 	124.907967 	59.413803 	62.968246 	46.010868 	999.000000 	48.166378 	59.464275 	15.264338 	5.656854 	53.907330 	70.228203 	4.472136 	72.180328 	16.492422 	14.422205 	6.708204 	10.440307 	8.062258 	26.925823 	25.632011 	17.000000 	18.439089 	69.115845 	17.492855 	19.416489 	28.160255 	24.166092 	26.248810 	24.596748 	36.069378 	
104.043259 	26.172504 	17.029387 	75.239616 	47.010635 	45.541191 	48.301140 	48.052055 	62.585941 	69.065186 	82.710335 	76.000000 	46.690472 	13.928389 	41.000000 	71.805290 	51.971146 	10.000000 	97.508972 	64.288414 	64.660652 	54.918121 	38.013157 	64.195015 	18.867962 	83.934502 	18.027756 	28.231188 	14.422205 	57.201397 	19.697716 	46.227695 	69.289246 	80.956779 	12.083046 	15.652476 	2.236068 	48.166378 	999.000000 	105.678757 	33.241539 	53.814495 	5.830952 	116.361504 	49.517673 	24.041630 	34.409302 	62.225395 	50.328918 	57.314919 	46.227695 	24.596748 	25.942244 	64.381676 	64.031242 	23.345236 	54.203320 	47.423622 	35.902645 	44.271889 	41.484936 	59.506302 	57.870544 	
21.189621 	118.342720 	103.855667 	31.827662 	59.076221 	138.600143 	57.454330 	142.144287 	154.935471 	150.206528 	33.241539 	157.632477 	63.655323 	108.600182 	136.619904 	162.935577 	53.712196 	102.078400 	10.770329 	157.724442 	41.146080 	50.990196 	67.977936 	159.100601 	86.833176 	175.171341 	87.709747 	129.201401 	91.301697 	49.396355 	122.065559 	60.539242 	164.757401 	174.155106 	115.663307 	118.983192 	103.445641 	59.464275 	105.678757 	999.000000 	74.464760 	54.405884 	111.507851 	10.770329 	60.166435 	129.003876 	75.894661 	48.662102 	60.638271 	53.935146 	65.000000 	86.377083 	85.094063 	48.259712 	52.038448 	127.910126 	65.192024 	72.560318 	85.702972 	78.638412 	81.884064 	67.029846 	82.152298 	
76.419891 	53.851646 	38.897301 	46.389652 	20.615528 	75.239616 	20.099751 	78.294319 	92.703827 	95.126228 	57.078892 	102.610916 	28.017851 	41.146080 	71.554176 	101.769348 	22.090721 	33.541019 	67.446274 	94.847244 	33.526108 	23.769728 	8.246211 	95.257545 	15.652476 	114.236595 	16.124516 	60.464867 	19.416489 	25.079872 	52.201534 	13.928389 	100.647903 	111.825760 	44.821869 	48.414875 	31.144823 	15.264338 	33.241539 	74.464760 	999.000000 	20.808653 	38.897301 	85.234970 	16.278820 	57.280014 	5.000000 	29.000000 	17.204651 	24.083189 	13.416408 	12.165525 	11.045361 	31.144823 	31.064449 	53.851646 	23.345236 	19.235384 	18.601076 	20.124611 	20.000000 	30.066593 	35.468296 	
59.135437 	72.201111 	56.938564 	29.614185 	17.262676 	93.648277 	14.317822 	96.896851 	111.018013 	111.328346 	42.720020 	118.928551 	28.635643 	60.216278 	90.426765 	119.883278 	11.180340 	52.801514 	48.373547 	113.371071 	15.132746 	8.485281 	16.643316 	114.057007 	35.383614 	132.412231 	36.069378 	80.280754 	39.597980 	6.324555 	72.249565 	8.062258 	119.570061 	130.361038 	65.069191 	68.622154 	51.662365 	5.656854 	53.814495 	54.405884 	20.808653 	999.000000 	59.548298 	65.145988 	6.000000 	77.833153 	21.540659 	8.944272 	7.280110 	6.082763 	11.000000 	32.202484 	30.870699 	11.704700 	14.000000 	74.625732 	17.029387 	21.189621 	32.015621 	26.683329 	29.274563 	23.430750 	36.619667 	
109.731491 	24.351591 	18.867962 	81.024689 	52.801514 	42.047592 	54.120235 	44.283180 	58.694122 	66.483078 	88.323273 	73.171036 	52.172791 	14.142136 	37.215588 	67.896980 	57.801384 	13.341664 	103.315056 	60.207973 	70.491135 	60.745369 	43.829212 	59.908264 	24.698177 	79.831070 	23.853722 	23.769728 	20.248457 	63.007935 	15.297058 	52.009613 	64.845970 	76.655075 	8.000000 	11.180340 	8.062258 	53.907330 	5.830952 	111.507851 	38.897301 	59.548298 	999.000000 	122.188377 	55.154327 	18.439089 	39.824615 	67.896980 	55.901699 	62.936478 	51.739735 	29.681644 	31.064449 	70.007141 	69.526970 	18.027756 	59.363289 	52.354561 	40.162170 	48.846699 	45.880280 	64.412735 	61.846584 	
24.186773 	128.549606 	114.201576 	42.011902 	69.641945 	148.600128 	68.095520 	152.161102 	164.757401 	159.455322 	41.340054 	166.817261 	73.756355 	119.037811 	146.754898 	172.626770 	64.412735 	112.605507 	19.798990 	167.585800 	51.894123 	61.741398 	78.721024 	169.035492 	97.529480 	184.783661 	98.412399 	139.617340 	102.000000 	60.166435 	132.574509 	71.309189 	174.691162 	183.896713 	126.245789 	129.541504 	114.127121 	70.228203 	116.361504 	10.770329 	85.234970 	65.145988 	122.188377 	999.000000 	70.880180 	139.606583 	86.648720 	59.228371 	71.309189 	64.536812 	75.690155 	97.144226 	95.859268 	58.694122 	62.289646 	138.654251 	75.538071 	83.024094 	96.317184 	89.106674 	92.395889 	77.025970 	92.005432 	
65.122963 	69.318108 	54.129475 	35.510563 	19.235384 	90.785461 	16.643316 	93.941475 	108.226616 	109.480591 	48.383881 	117.046997 	30.463093 	56.938564 	87.321243 	117.200684 	14.866069 	49.396355 	54.332310 	110.476242 	21.095022 	13.416408 	14.317822 	111.018013 	31.622776 	129.711212 	32.202484 	76.609398 	35.608986 	12.165525 	68.410522 	7.280110 	116.468880 	127.475487 	61.073727 	64.660652 	47.423622 	4.472136 	49.517673 	60.166435 	16.278820 	6.000000 	55.154327 	70.880180 	999.000000 	73.552704 	16.124516 	12.806249 	2.236068 	7.810250 	5.000000 	26.925823 	25.553865 	14.866069 	15.231546 	69.634758 	13.038404 	15.652476 	26.019224 	20.880613 	23.345236 	20.124611 	31.890438 	
125.924583 	21.931713 	28.284271 	98.005104 	69.971420 	29.732138 	71.561165 	30.805843 	44.102154 	55.713554 	104.177734 	61.400326 	67.779053 	22.360680 	24.351591 	53.009434 	75.451973 	27.313000 	120.440857 	45.000000 	88.232651 	78.600258 	61.846584 	44.102154 	42.638012 	64.195015 	41.868843 	10.816654 	38.288380 	81.055534 	9.055386 	70.178345 	48.507732 	60.530983 	13.416408 	10.440307 	26.172504 	72.180328 	24.041630 	129.003876 	57.280014 	77.833153 	18.439089 	139.606583 	73.552704 	999.000000 	58.258045 	86.267029 	74.330345 	81.344948 	70.178345 	48.010414 	49.406479 	88.413803 	87.965904 	14.317822 	77.665955 	70.491135 	57.697487 	66.648331 	63.505905 	82.492424 	78.771820 	
79.101204 	56.612720 	41.976185 	49.040798 	24.698177 	77.833153 	23.769728 	80.777473 	95.273293 	98.478424 	60.406952 	105.905617 	32.802441 	43.657761 	73.925636 	104.403069 	25.079872 	36.055511 	69.426216 	97.308784 	35.510563 	26.076809 	12.529964 	97.575615 	18.439089 	116.811813 	18.681541 	62.265560 	21.540659 	26.683329 	53.851646 	16.031219 	102.883430 	114.236595 	46.324940 	49.929951 	32.449963 	16.492422 	34.409302 	75.894661 	5.000000 	21.540659 	39.824615 	86.648720 	16.124516 	58.258045 	999.000000 	28.844410 	16.401220 	23.600847 	12.041595 	10.816654 	9.433981 	30.610456 	29.732138 	53.600372 	20.248457 	15.000000 	13.892444 	15.231546 	15.000000 	26.476404 	30.675724 	
56.293873 	81.123360 	65.863495 	28.653097 	25.019993 	102.576797 	22.022715 	105.815880 	119.954155 	120.208153 	42.720020 	127.812363 	36.055511 	69.065186 	99.322708 	128.825470 	18.027756 	61.611687 	44.045429 	122.298813 	14.866069 	14.142136 	25.553865 	122.967476 	44.045429 	141.354172 	44.687805 	89.022469 	48.166378 	10.198039 	80.919716 	17.000000 	128.471786 	139.291061 	73.661385 	77.233414 	60.108234 	14.422205 	62.225395 	48.662102 	29.000000 	8.944272 	67.896980 	59.228371 	12.806249 	86.267029 	28.844410 	999.000000 	12.529964 	5.385165 	17.000000 	39.661064 	38.275318 	3.000000 	7.211102 	82.419655 	17.262676 	24.020824 	37.107952 	30.066593 	33.241539 	21.470911 	36.400551 	
66.272163 	70.682388 	55.542778 	36.878178 	21.470911 	92.135773 	18.867962 	95.257545 	109.590149 	111.126053 	49.979996 	118.680244 	32.695564 	58.180752 	88.588936 	118.595955 	16.970562 	50.606323 	55.145264 	111.803398 	22.360680 	15.264338 	16.124516 	112.294258 	32.756680 	131.095383 	33.286633 	77.665955 	36.619667 	13.601471 	69.404610 	9.486833 	117.720009 	128.798294 	62.008064 	65.604881 	48.270073 	6.708204 	50.328918 	60.638271 	17.204651 	7.280110 	55.901699 	71.309189 	2.236068 	74.330345 	16.401220 	12.529964 	999.000000 	7.211102 	4.472136 	27.202942 	25.806976 	14.212670 	13.892444 	70.000000 	10.816654 	13.928389 	25.179358 	19.416489 	22.090721 	17.888544 	29.832869 	
60.827625 	76.941536 	61.717098 	32.310989 	23.345236 	98.412399 	20.396078 	101.597244 	115.836090 	116.691902 	46.065170 	124.277916 	34.713108 	64.660652 	95.015785 	124.775803 	17.088007 	57.140179 	49.000000 	118.118584 	17.888544 	13.892444 	21.540659 	118.701309 	39.408119 	137.295303 	40.000000 	84.403793 	43.416588 	10.630146 	76.216797 	13.341664 	124.169243 	135.118469 	68.883957 	72.470680 	55.226807 	10.440307 	57.314919 	53.935146 	24.083189 	6.082763 	62.936478 	64.536812 	7.810250 	81.344948 	23.600847 	5.385165 	7.211102 	999.000000 	11.661903 	34.409302 	33.015148 	7.071068 	8.062258 	77.201035 	13.000000 	19.026299 	31.780497 	25.000000 	28.071337 	18.439089 	32.649654 	
70.114189 	67.230942 	52.201534 	40.447498 	22.022715 	88.639717 	19.798990 	91.706055 	106.103722 	108.171158 	53.160137 	115.693558 	32.756680 	54.561890 	84.970581 	115.156418 	18.867962 	46.957428 	59.304298 	108.258949 	26.076809 	18.027756 	14.142136 	108.673820 	29.068884 	127.632286 	29.529646 	73.783470 	32.756680 	17.117243 	65.459915 	9.899495 	114.061386 	125.239769 	58.008621 	61.611687 	44.204071 	8.062258 	46.227695 	65.000000 	13.416408 	11.000000 	51.739735 	75.690155 	5.000000 	70.178345 	12.041595 	17.000000 	4.472136 	11.661903 	999.000000 	22.803509 	21.400934 	18.601076 	17.804493 	65.604881 	11.180340 	11.401754 	21.023796 	16.155495 	18.439089 	18.439089 	28.319605 	
88.566360 	48.662102 	35.000000 	58.549126 	32.140316 	69.375786 	32.000000 	72.124893 	86.683334 	91.350975 	69.007248 	98.615417 	37.696156 	35.510563 	65.145988 	95.880135 	34.234486 	28.160255 	79.555016 	88.543777 	45.607018 	35.902645 	20.000000 	88.600227 	13.000000 	108.157295 	12.649111 	52.801514 	14.035668 	37.000000 	44.283180 	25.961510 	93.776329 	105.342300 	36.674240 	40.249222 	22.847319 	26.925823 	24.596748 	86.377083 	12.165525 	32.202484 	29.681644 	97.144226 	26.925823 	48.010414 	10.816654 	39.661064 	27.202942 	34.409302 	22.803509 	999.000000 	1.414214 	41.400482 	40.311287 	42.801868 	29.681644 	22.847319 	13.341664 	20.223749 	18.000000 	34.928497 	35.014282 	
87.464279 	49.819675 	36.013885 	57.428215 	31.257000 	70.604530 	31.016125 	73.375748 	87.931793 	92.439171 	68.029404 	99.724625 	37.161808 	36.674240 	66.407829 	97.123634 	33.136082 	29.274563 	78.339005 	89.810913 	44.384682 	34.713108 	19.026299 	89.888817 	13.601471 	109.416634 	13.341664 	54.129475 	15.000000 	35.735138 	45.617977 	24.738634 	95.078911 	106.625511 	38.013157 	41.593269 	24.166092 	25.632011 	25.942244 	85.094063 	11.045361 	30.870699 	31.064449 	95.859268 	25.553865 	49.406479 	9.433981 	38.275318 	25.806976 	33.015148 	21.400934 	1.414214 	999.000000 	40.000000 	38.897301 	44.204071 	28.301943 	21.540659 	12.649111 	19.104973 	17.029387 	33.615471 	34.058773 	
57.008770 	83.725746 	68.476273 	30.232433 	28.017851 	105.190300 	25.019993 	108.406639 	122.588745 	123.032516 	44.407207 	130.633072 	39.051247 	71.561165 	101.872467 	131.487640 	21.023796 	64.070274 	44.283180 	124.907967 	17.029387 	17.117243 	28.178005 	125.538841 	46.400433 	144.013885 	47.010635 	91.400215 	50.447994 	13.152946 	83.240616 	19.697716 	131.026718 	141.904892 	75.927597 	79.511009 	62.289646 	17.000000 	64.381676 	48.259712 	31.144823 	11.704700 	70.007141 	58.694122 	14.866069 	88.413803 	30.610456 	3.000000 	14.212670 	7.071068 	18.601076 	41.400482 	40.000000 	999.000000 	5.000000 	84.202141 	17.000000 	24.331051 	37.947330 	30.413813 	33.734257 	20.248457 	35.440090 	
61.684681 	84.528099 	69.354164 	35.227829 	31.144823 	105.990562 	28.160255 	109.128365 	123.438240 	124.619423 	49.406479 	132.196823 	42.426407 	72.069412 	102.474388 	132.423569 	24.515301 	64.498062 	48.662102 	125.670204 	21.931713 	20.880613 	29.410883 	126.178444 	46.647614 	144.931015 	47.169907 	91.525955 	50.477718 	17.088007 	83.234612 	21.377558 	131.609268 	142.667450 	75.802376 	79.404030 	62.008064 	18.439089 	64.031242 	52.038448 	31.064449 	14.000000 	69.526970 	62.289646 	15.231546 	87.965904 	29.732138 	7.211102 	13.892444 	8.062258 	17.804493 	40.311287 	38.897301 	5.000000 	999.000000 	82.975899 	13.341664 	21.189621 	35.341194 	27.202942 	30.675724 	15.524175 	30.805843 	
127.200630 	34.058773 	35.171009 	98.081596 	69.892776 	44.011364 	70.936592 	44.922153 	57.706154 	70.007141 	105.990562 	75.584389 	70.035706 	29.410883 	38.626415 	66.370171 	74.323616 	31.064449 	120.154068 	58.309521 	86.764046 	76.922035 	59.933296 	57.078892 	41.436699 	77.006493 	40.496914 	25.059929 	37.000000 	78.771820 	20.518284 	67.601776 	61.008198 	73.027390 	19.313208 	18.867962 	25.495098 	69.115845 	23.345236 	127.910126 	53.851646 	74.625732 	18.027756 	138.654251 	69.634758 	14.317822 	53.600372 	82.419655 	70.000000 	77.201035 	65.604881 	42.801868 	44.204071 	84.202141 	82.975899 	999.000000 	71.421288 	63.702435 	49.819675 	59.033890 	55.605755 	75.286118 	69.354164 	
