UB = 960
M = 100

Distance:
999.000000 	17.029387 	67.535179 	65.741920 	72.470680 	97.082436 	100.004997 	2.828427 	68.963760 	45.607018 	40.311287 	77.369247 	32.802441 	36.619667 	46.529560 	19.026299 	84.970581 	134.350296 	50.249378 	81.939003 	86.330757 	24.083189 	86.406021 	84.693565 	85.615417 	38.418747 	144.972412 	142.835571 	41.773197 	56.080299 	51.039200 	144.256714 	142.172424 	40.804413 	56.000000 	123.810341 	42.801868 	67.475922 	31.064449 	60.008331 	58.077534 	32.280025 	68.000000 	66.030296 	37.107952 	65.122963 	70.028564 	65.490456 	69.354164 	87.206650 	87.367043 	91.087868 	93.085983 	93.343452 	79.711983 	86.648720 	88.232651 	86.377083 	90.824005 	
17.029387 	999.000000 	84.219948 	82.365044 	89.185204 	113.951744 	116.846054 	14.212670 	85.755463 	61.465439 	55.362442 	94.021271 	15.811388 	19.723083 	61.684681 	16.124516 	101.597244 	151.327454 	65.000000 	98.386993 	102.883430 	17.029387 	102.859123 	101.079178 	101.980392 	21.954498 	161.929001 	159.812393 	25.000000 	70.405968 	64.629715 	161.245148 	159.176010 	24.596748 	69.871307 	140.801285 	26.419689 	82.225304 	25.000000 	73.681747 	71.449280 	29.732138 	81.743500 	79.511009 	33.301651 	78.313469 	83.486526 	78.057671 	82.097504 	100.124924 	100.044991 	104.235313 	106.230881 	106.042442 	89.442719 	96.509064 	98.310730 	95.900993 	100.224747 	
67.535179 	84.219948 	999.000000 	2.236068 	5.000000 	42.190044 	45.276924 	70.235321 	3.000000 	24.839485 	32.802441 	9.848858 	99.985001 	103.942291 	27.784887 	77.336922 	17.464249 	72.945183 	27.856777 	15.132746 	18.973665 	82.879433 	19.416489 	18.110771 	19.104973 	103.812332 	83.725746 	81.123360 	107.647575 	28.284271 	34.205261 	82.152298 	79.611557 	105.603027 	31.257000 	58.000000 	107.800743 	24.041630 	84.899940 	32.000000 	34.058773 	80.280754 	32.015621 	33.541019 	84.202141 	35.355339 	34.481880 	39.319206 	39.051247 	45.803928 	47.434166 	46.754681 	48.104053 	51.088158 	59.908264 	62.968246 	62.769421 	64.513565 	67.779053 	
65.741920 	82.365044 	2.236068 	999.000000 	7.071068 	44.283180 	47.381432 	68.425140 	5.099020 	22.671568 	30.610456 	11.661903 	98.112183 	102.083298 	25.553865 	75.286118 	19.235384 	75.179787 	25.632011 	16.492422 	20.615528 	80.808418 	20.880613 	19.416489 	20.396078 	101.833199 	85.959290 	83.354668 	105.683487 	26.172504 	32.015621 	84.380089 	81.835197 	103.600197 	29.154760 	60.141499 	105.801704 	22.472204 	82.758682 	30.016663 	32.015621 	78.102493 	30.364452 	31.780497 	82.006096 	33.541019 	32.893768 	37.483330 	37.363083 	44.821869 	46.400433 	45.967381 	47.381432 	50.249378 	58.240879 	61.465439 	61.326992 	62.968246 	66.309875 	
72.470680 	89.185204 	5.000000 	7.071068 	999.000000 	39.000000 	42.011902 	75.179787 	4.000000 	29.732138 	37.643059 	5.099020 	104.957130 	108.908218 	32.449963 	82.328613 	12.649111 	68.425140 	32.202484 	11.045361 	14.317822 	87.863533 	15.033297 	14.035668 	15.033297 	108.811768 	79.177017 	76.537575 	112.645462 	32.015621 	38.275318 	77.524193 	74.946648 	110.602890 	34.928497 	53.075417 	112.800713 	26.172504 	89.827614 	35.227829 	37.483330 	85.146935 	34.234486 	36.055511 	89.022469 	38.013157 	36.496574 	42.011902 	41.303753 	46.141087 	47.885281 	46.615448 	47.801674 	51.039200 	61.983868 	64.560051 	64.195015 	66.219330 	69.260376 	
97.082436 	113.951744 	42.190044 	44.283180 	39.000000 	999.000000 	3.162278 	99.904953 	39.204590 	64.195015 	72.111023 	38.327538 	129.417923 	132.936081 	68.410522 	111.503365 	37.000000 	38.013157 	69.426216 	41.484936 	38.626415 	117.324333 	40.853397 	42.379242 	42.720020 	135.473251 	48.270073 	46.400433 	138.852432 	70.455658 	76.118332 	48.010414 	46.324940 	137.767914 	73.437050 	36.000000 	139.817734 	65.069191 	121.078484 	74.108032 	76.236473 	117.647781 	73.109505 	75.026665 	122.090134 	77.006493 	75.239616 	81.006172 	80.156097 	82.280006 	84.202141 	81.596565 	82.280006 	86.034874 	100.603180 	102.591423 	101.980392 	104.393486 	107.079407 	
100.004997 	116.846054 	45.276924 	47.381432 	42.011902 	3.162278 	999.000000 	102.825096 	42.296574 	67.357254 	75.272835 	41.194660 	132.276230 	135.771866 	71.568146 	114.546936 	39.560081 	35.510563 	72.567207 	44.147480 	41.109608 	120.370262 	43.324360 	44.922153 	45.221676 	138.408813 	45.607018 	43.829212 	141.767410 	73.552704 	79.246452 	45.486263 	43.908997 	140.719574 	76.531036 	35.128338 	142.762039 	68.029404 	124.169243 	77.162170 	79.309517 	120.768372 	76.059189 	78.006409 	125.219810 	80.000000 	78.160095 	84.000000 	83.096329 	84.899940 	86.833176 	84.118965 	84.758484 	88.543777 	103.484299 	105.380264 	104.737770 	107.200745 	109.836243 	
2.828427 	14.212670 	70.235321 	68.425140 	75.179787 	99.904953 	102.825096 	999.000000 	71.693794 	48.083260 	42.579338 	80.062477 	30.000000 	33.837849 	48.836460 	17.262676 	87.658424 	137.178711 	52.469040 	84.581322 	89.000000 	22.000000 	89.050545 	87.321243 	88.238312 	35.608986 	147.800537 	145.664001 	38.948685 	58.215118 	53.000000 	147.085007 	145.000000 	38.013157 	58.034473 	126.605690 	40.000000 	69.720871 	29.274563 	62.008064 	60.008331 	31.016125 	70.028564 	68.000000 	35.735138 	67.029846 	72.000000 	67.268120 	71.175842 	89.089844 	89.202019 	93.021500 	95.021049 	95.189285 	80.956779 	87.931793 	89.560036 	87.595665 	92.027168 	
68.963760 	85.755463 	3.000000 	5.099020 	4.000000 	39.204590 	42.296574 	71.693794 	999.000000 	27.202942 	35.227829 	9.055386 	101.548019 	105.475113 	30.413813 	79.309517 	16.492422 	70.327805 	30.675724 	15.033297 	18.248287 	84.899940 	19.026299 	18.027756 	19.026299 	105.603027 	81.123360 	78.549347 	109.402924 	31.257000 	37.107952 	79.611557 	77.103828 	107.447662 	34.234486 	55.865910 	109.635757 	26.925823 	87.114868 	35.000000 	37.054016 	82.619614 	34.928497 	36.496574 	86.608315 	38.327538 	37.363083 	42.296574 	41.976185 	48.259712 	49.929951 	49.040798 	50.328918 	53.413483 	62.817196 	65.787537 	65.551506 	67.357254 	70.576202 	
45.607018 	61.465439 	24.839485 	22.671568 	29.732138 	64.195015 	67.357254 	48.083260 	27.202942 	999.000000 	8.062258 	33.970577 	76.967529 	81.024689 	5.385165 	53.009434 	41.231056 	97.416634 	9.219544 	37.443291 	42.201897 	58.412327 	41.880783 	39.962482 	40.816662 	79.924965 	108.226616 	105.688217 	83.862984 	15.000000 	15.652476 	106.780151 	104.292854 	81.541397 	16.970562 	82.807007 	83.761566 	23.345236 	60.108234 	20.615528 	20.518284 	55.443665 	26.832815 	26.076809 	59.405388 	26.400757 	29.529646 	29.000000 	31.400637 	46.615448 	47.423622 	49.648766 	51.546097 	52.924473 	49.819675 	55.172459 	55.865910 	55.973209 	60.141499 	
40.311287 	55.362442 	32.802441 	30.610456 	37.643059 	72.111023 	75.272835 	42.579338 	35.227829 	8.062258 	999.000000 	41.725292 	70.576202 	74.672615 	6.324555 	45.793011 	48.836460 	105.475113 	10.000000 	44.821869 	49.678970 	51.039200 	49.203659 	47.201694 	48.010414 	72.945183 	116.284134 	113.740936 	76.941536 	16.124516 	13.038404 	114.825958 	112.329872 	74.431175 	16.763054 	90.686272 	76.661591 	27.166155 	52.345009 	20.880613 	19.697716 	47.507893 	28.442924 	26.925823 	51.400391 	26.570660 	30.805843 	28.178005 	31.384710 	48.270073 	48.764740 	51.788029 	53.758720 	54.571056 	47.423622 	53.413483 	54.405884 	53.907330 	58.258045 	
77.369247 	94.021271 	9.848858 	11.661903 	5.099020 	38.327538 	41.194660 	80.062477 	9.055386 	33.970577 	41.725292 	999.000000 	109.772491 	113.740936 	36.235340 	86.833176 	7.615773 	65.391129 	35.510563 	6.324555 	9.219544 	92.314682 	10.000000 	9.219544 	10.198039 	113.463654 	76.059189 	73.348480 	117.324333 	34.539833 	41.146080 	74.242844 	71.589104 	115.208504 	37.336308 	49.040798 	117.413795 	27.073973 	94.047859 	37.107952 	39.560081 	89.196411 	35.014282 	37.121422 	92.956978 	39.204590 	37.013512 	43.185646 	42.000000 	44.777225 	46.615448 	44.777225 	45.793011 	49.244289 	62.289646 	64.327286 	63.788715 	66.098412 	68.883957 	
32.802441 	15.811388 	99.985001 	98.112183 	104.957130 	129.417923 	132.276230 	30.000000 	101.548019 	76.967529 	70.576202 	109.772491 	999.000000 	4.123106 	76.896034 	27.018513 	117.337120 	166.931122 	80.006248 	114.061386 	118.595955 	24.331051 	118.532700 	116.726173 	117.618027 	10.198039 	177.496475 	175.413803 	11.180340 	85.164543 	79.075912 	176.867188 	174.828491 	13.152946 	84.403793 	156.604599 	14.000000 	97.123634 	30.083218 	88.073830 	85.702972 	36.687874 	96.104111 	93.744331 	38.483765 	92.395889 	97.672920 	91.787796 	95.885345 	113.863953 	113.635384 	118.088951 	120.070816 	119.603508 	101.242287 	108.295891 	110.222504 	107.466270 	111.646767 	
36.619667 	19.723083 	103.942291 	102.083298 	108.908218 	132.936081 	135.771866 	33.837849 	105.475113 	81.024689 	74.672615 	113.740936 	4.123106 	999.000000 	80.993828 	31.064449 	121.313644 	170.531525 	84.118965 	118.072014 	122.588745 	28.160255 	122.543869 	120.747673 	121.642921 	10.816654 	181.069046 	179.011169 	10.198039 	89.286057 	83.198555 	180.479919 	178.465683 	13.416408 	88.526833 	160.424438 	13.601471 	101.242287 	33.526108 	92.195442 	89.822044 	40.261642 	100.224747 	97.862144 	41.785164 	96.509064 	101.788994 	95.885345 	99.985001 	117.957619 	117.720009 	122.188377 	124.169243 	123.685081 	105.171288 	112.218536 	114.157784 	111.364265 	115.524887 	
46.529560 	61.684681 	27.784887 	25.553865 	32.449963 	68.410522 	71.568146 	48.836460 	30.413813 	5.385165 	6.324555 	36.235340 	76.896034 	80.993828 	999.000000 	51.971146 	43.139309 	100.722389 	4.472136 	38.948685 	43.863426 	57.140179 	43.278172 	41.231056 	42.011902 	79.177017 	111.507851 	108.908218 	83.186539 	10.770329 	10.295630 	109.931801 	107.377838 	80.622574 	12.206555 	85.276024 	82.855293 	21.023796 	58.137768 	16.124516 	15.620500 	53.037724 	23.086792 	21.931713 	56.727417 	21.954498 	25.632011 	24.207438 	26.925823 	43.011627 	43.657761 	46.324940 	48.270073 	49.335587 	44.687805 	50.209560 	50.990196 	50.931328 	55.154327 	
19.026299 	16.124516 	77.336922 	75.286118 	82.328613 	111.503365 	114.546936 	17.262676 	79.309517 	53.009434 	45.793011 	86.833176 	27.018513 	31.064449 	51.971146 	999.000000 	94.201912 	147.756561 	54.561890 	90.443352 	95.210297 	5.830952 	94.868332 	92.913940 	93.744331 	27.313000 	158.521286 	156.204987 	31.384710 	59.236813 	52.810986 	157.492859 	155.219193 	28.653097 	58.189346 	135.148071 	30.886890 	71.309189 	12.041595 	61.684681 	59.203041 	14.422205 	69.641945 	67.186310 	18.788294 	65.734314 	71.063354 	64.938431 	69.050705 	86.977005 	86.700638 	91.241440 	93.214806 	92.655273 	74.431175 	81.498466 	83.384651 	80.752708 	85.000000 	
84.970581 	101.597244 	17.464249 	19.235384 	12.649111 	37.000000 	39.560081 	87.658424 	16.492422 	41.231056 	48.836460 	7.615773 	117.337120 	121.313644 	43.139309 	94.201912 	999.000000 	60.083275 	42.011902 	5.099020 	2.236068 	99.639351 	4.242640 	5.385165 	5.830952 	120.929733 	70.576202 	67.779053 	124.807854 	40.311287 	47.169907 	68.541962 	65.795135 	122.641754 	42.941822 	42.438190 	124.851913 	31.320919 	101.178062 	42.154476 	44.777225 	96.176918 	38.832977 	41.231056 	99.824844 	43.416588 	40.447498 	47.296936 	45.541191 	45.354160 	47.296936 	44.598206 	45.310043 	49.040798 	65.007690 	66.272163 	65.490456 	68.183578 	70.576202 	
134.350296 	151.327454 	72.945183 	75.179787 	68.425140 	38.013157 	35.510563 	137.178711 	70.327805 	97.416634 	105.475113 	65.391129 	166.931122 	170.531525 	100.722389 	147.756561 	60.083275 	999.000000 	100.623062 	65.145988 	60.440052 	153.525238 	62.096699 	64.288414 	64.031242 	172.586212 	10.816654 	8.485281 	176.082367 	99.924973 	106.512909 	10.000000 	8.544003 	174.771286 	102.693718 	22.561028 	176.867188 	91.394745 	156.604599 	102.181213 	104.752090 	152.551636 	98.762344 	101.242287 	156.706726 	103.445641 	100.169853 	107.280006 	105.261581 	101.316338 	103.310211 	99.080772 	99.020203 	103.019417 	123.628479 	123.685081 	122.494896 	125.781555 	127.393089 	
50.249378 	65.000000 	27.856777 	25.632011 	32.202484 	69.426216 	72.567207 	52.469040 	30.675724 	9.219544 	10.000000 	35.510563 	80.006248 	84.118965 	4.472136 	54.561890 	42.011902 	100.623062 	999.000000 	37.536648 	42.520584 	59.539902 	41.725292 	39.597980 	40.311287 	81.859634 	111.364265 	108.706024 	85.906929 	6.324555 	7.071068 	109.658562 	107.042046 	83.186539 	7.810250 	84.403793 	85.422478 	17.262676 	60.000000 	11.661903 	11.313708 	54.561890 	18.681541 	17.464249 	57.982758 	17.492855 	21.189621 	19.849434 	22.472204 	38.600517 	39.217342 	41.976185 	43.931767 	44.922153 	40.607880 	45.967381 	46.690472 	46.754681 	50.931328 	
81.939003 	98.386993 	15.132746 	16.492422 	11.045361 	41.484936 	44.147480 	84.581322 	15.033297 	37.443291 	44.821869 	6.324555 	114.061386 	118.072014 	38.948685 	90.443352 	5.099020 	65.145988 	37.536648 	999.000000 	5.000000 	95.801880 	4.472136 	3.000000 	4.000000 	117.345642 	75.610847 	72.801102 	121.264175 	35.510563 	42.438190 	73.539108 	70.774292 	118.983192 	38.078865 	47.169907 	121.202309 	26.248810 	97.082436 	37.161808 	39.812057 	91.934761 	33.734257 	36.138622 	95.482986 	38.327538 	35.355339 	42.201897 	40.447498 	40.804413 	42.720020 	40.311287 	41.146080 	44.777225 	60.000000 	61.400326 	60.671246 	63.285069 	65.764732 	
86.330757 	102.883430 	18.973665 	20.615528 	14.317822 	38.626415 	41.109608 	89.000000 	18.248287 	42.201897 	49.678970 	9.219544 	118.595955 	122.588745 	43.863426 	95.210297 	2.236068 	60.440052 	42.520584 	5.000000 	999.000000 	100.603180 	2.236068 	4.000000 	4.123106 	122.036880 	70.837845 	68.007355 	125.936493 	40.496914 	47.434166 	68.709534 	65.924202 	123.709335 	43.046486 	42.190044 	125.924583 	31.016125 	101.980392 	42.047592 	44.721359 	96.876213 	38.327538 	40.804413 	100.448990 	43.011627 	39.812057 	46.840153 	44.911022 	43.931767 	45.891174 	43.011627 	43.657761 	47.434166 	64.070274 	65.122963 	64.280632 	67.067131 	69.354164 	
24.083189 	17.029387 	82.879433 	80.808418 	87.863533 	117.324333 	120.370262 	22.000000 	84.899940 	58.412327 	51.039200 	92.314682 	24.331051 	28.160255 	57.140179 	5.830952 	99.639351 	153.525238 	59.539902 	95.801880 	100.603180 	999.000000 	100.209778 	98.229324 	99.045441 	22.803509 	164.295471 	161.969131 	26.925823 	63.976559 	57.384666 	163.248276 	160.962723 	23.769728 	62.769421 	140.758652 	26.000000 	76.059189 	8.062258 	66.128662 	63.568859 	13.038404 	74.000000 	71.470276 	16.278820 	69.921387 	75.286118 	68.883957 	73.006851 	90.801979 	90.426765 	95.126228 	97.082436 	96.337944 	77.058418 	84.095184 	86.052307 	83.216583 	87.367043 	
86.406021 	102.859123 	19.416489 	20.880613 	15.033297 	40.853397 	43.324360 	89.050545 	19.026299 	41.880783 	49.203659 	10.000000 	118.532700 	122.543869 	43.278172 	94.868332 	4.242640 	62.096699 	41.725292 	4.472136 	2.236068 	100.209778 	999.000000 	2.236068 	2.000000 	121.794907 	72.422371 	69.570107 	125.717941 	39.408119 	46.400433 	70.228203 	67.416618 	123.422043 	41.880783 	43.416588 	125.642349 	29.546574 	101.414986 	40.706264 	43.416588 	96.208107 	36.687874 	39.217342 	99.704567 	41.436699 	38.078865 	45.221676 	43.174065 	41.773197 	43.737854 	40.804413 	41.436699 	45.221676 	62.128899 	63.071388 	62.201286 	65.030762 	67.268120 	
84.693565 	101.079178 	18.110771 	19.416489 	14.035668 	42.379242 	44.922153 	87.321243 	18.027756 	39.962482 	47.201694 	9.219544 	116.726173 	120.747673 	41.231056 	92.913940 	5.385165 	64.288414 	39.597980 	3.000000 	4.000000 	98.229324 	2.236068 	999.000000 	1.000000 	119.887444 	74.632431 	71.784401 	123.822456 	37.202152 	44.204071 	72.449982 	69.641945 	121.490738 	39.661064 	45.650848 	123.713379 	27.313000 	99.357941 	38.470768 	41.182522 	94.111633 	34.481880 	37.000000 	97.580734 	39.217342 	35.902645 	43.011627 	41.000000 	40.024994 	41.976185 	39.217342 	39.924931 	43.657761 	60.074955 	61.131008 	60.299255 	63.071388 	65.375839 	
85.615417 	101.980392 	19.104973 	20.396078 	15.033297 	42.720020 	45.221676 	88.238312 	19.026299 	40.816662 	48.010414 	10.198039 	117.618027 	121.642921 	42.011902 	93.744331 	5.830952 	64.031242 	40.311287 	4.000000 	4.123106 	99.045441 	2.000000 	1.000000 	999.000000 	120.739388 	74.330345 	71.470276 	124.679588 	37.802116 	44.821869 	72.111023 	69.289246 	122.331520 	40.224369 	45.177429 	124.555206 	27.730848 	100.124924 	38.948685 	41.677334 	94.847244 	34.785053 	37.336308 	98.290382 	39.560081 	36.138622 	43.324360 	41.231056 	39.812057 	41.773197 	38.897301 	39.560081 	43.324360 	60.133186 	61.073727 	60.207973 	63.031738 	65.276337 	
38.418747 	21.954498 	103.812332 	101.833199 	108.811768 	135.473251 	138.408813 	35.608986 	105.603027 	79.924965 	72.945183 	113.463654 	10.198039 	10.816654 	79.177017 	27.313000 	120.929733 	172.586212 	81.859634 	117.345642 	122.036880 	22.803509 	121.794907 	119.887444 	120.739388 	999.000000 	183.251190 	181.069046 	4.123106 	86.539009 	80.056229 	182.455475 	180.313614 	3.000000 	85.440041 	161.198639 	4.472136 	98.615417 	26.019224 	88.865067 	86.330757 	33.015148 	96.767761 	94.254974 	33.541019 	92.720009 	98.081596 	91.678787 	95.801880 	113.564957 	113.159180 	117.902504 	119.854080 	119.050407 	99.045441 	106.018867 	108.041656 	105.000000 	109.018349 	
144.972412 	161.929001 	83.725746 	85.959290 	79.177017 	48.270073 	45.607018 	147.800537 	81.123360 	108.226616 	116.284134 	76.059189 	177.496475 	181.069046 	111.507851 	158.521286 	70.576202 	10.816654 	111.364265 	75.610847 	70.837845 	164.295471 	72.422371 	74.632431 	74.330345 	183.251190 	999.000000 	3.000000 	186.724396 	110.571243 	117.200684 	3.605551 	6.324555 	185.456192 	113.318138 	31.016125 	187.544662 	101.843018 	167.409683 	112.720894 	115.316956 	163.367691 	109.110039 	111.628853 	167.523132 	113.841995 	110.440025 	117.643532 	115.520561 	110.887329 	112.871605 	108.461975 	108.295891 	112.285347 	133.555237 	133.360413 	132.098450 	135.484314 	136.937943 	
142.835571 	159.812393 	81.123360 	83.354668 	76.537575 	46.400433 	43.829212 	145.664001 	78.549347 	105.688217 	113.740936 	73.348480 	175.413803 	179.011169 	108.908218 	156.204987 	67.779053 	8.485281 	108.706024 	72.801102 	68.007355 	161.969131 	69.570107 	71.784401 	71.470276 	181.069046 	3.000000 	999.000000 	184.567062 	107.837845 	114.494545 	2.000000 	3.605551 	183.251190 	110.571243 	28.017851 	185.348328 	99.020203 	165.000000 	109.931801 	112.538879 	160.897476 	106.254410 	108.784187 	165.024246 	111.000000 	107.563934 	114.791115 	112.641022 	107.912003 	109.895409 	105.475113 	105.304321 	109.293182 	130.613937 	130.391724 	129.123978 	132.517929 	133.958954 	
41.773197 	25.000000 	107.647575 	105.683487 	112.645462 	138.852432 	141.767410 	38.948685 	109.402924 	83.862984 	76.941536 	117.324333 	11.180340 	10.198039 	83.186539 	31.384710 	124.807854 	176.082367 	85.906929 	121.264175 	125.936493 	26.925823 	125.717941 	123.822456 	124.679588 	4.123106 	186.724396 	184.567062 	999.000000 	90.620087 	84.154617 	185.970428 	183.853195 	4.472136 	89.537704 	164.924225 	3.605551 	102.693718 	30.000000 	92.973114 	90.443352 	37.000000 	100.881119 	98.371742 	37.336308 	96.840073 	102.200783 	95.801880 	99.924973 	117.686020 	117.277451 	122.024590 	123.975807 	123.166557 	103.077644 	110.040901 	112.071404 	109.004585 	113.004425 	
56.080299 	70.405968 	28.284271 	26.172504 	32.015621 	70.455658 	73.552704 	58.215118 	31.257000 	15.000000 	16.124516 	34.539833 	85.164543 	89.286057 	10.770329 	59.236813 	40.311287 	99.924973 	6.324555 	35.510563 	40.496914 	63.976559 	39.408119 	37.202152 	37.802116 	86.539009 	110.571243 	107.837845 	90.620087 	999.000000 	7.071068 	108.687622 	105.990562 	87.726852 	3.000000 	82.680107 	89.961105 	12.083046 	63.812225 	5.656854 	6.324555 	58.008621 	12.369317 	11.180340 	61.073727 	11.401754 	14.866069 	14.212670 	16.401220 	32.280025 	32.893768 	35.693138 	37.656342 	38.600517 	35.510563 	40.459858 	41.036568 	41.400482 	45.453274 	
51.039200 	64.629715 	34.205261 	32.015621 	38.275318 	76.118332 	79.246452 	53.000000 	37.107952 	15.652476 	13.038404 	41.146080 	79.075912 	83.198555 	10.295630 	52.810986 	47.169907 	106.512909 	7.071068 	42.438190 	47.434166 	57.384666 	46.400433 	44.204071 	44.821869 	80.056229 	117.200684 	114.494545 	84.154617 	7.071068 	999.000000 	115.381973 	112.712021 	81.154175 	5.385165 	89.587944 	83.384651 	18.867962 	56.938564 	9.055386 	7.071068 	51.039200 	17.117243 	15.000000 	54.037025 	14.142136 	19.000000 	15.231546 	18.681541 	36.221542 	36.496574 	40.049969 	42.047592 	42.426407 	34.655445 	40.459858 	41.400482 	41.036568 	45.343136 	
144.256714 	161.245148 	82.152298 	84.380089 	77.524193 	48.010414 	45.486263 	147.085007 	79.611557 	106.780151 	114.825958 	74.242844 	176.867188 	180.479919 	109.931801 	157.492859 	68.541962 	10.000000 	109.658562 	73.539108 	68.709534 	163.248276 	70.228203 	72.449982 	72.111023 	182.455475 	3.605551 	2.000000 	185.970428 	108.687622 	115.381973 	999.000000 	3.000000 	184.621231 	111.400177 	28.160255 	186.724396 	99.724625 	166.207703 	110.693268 	113.318138 	162.049377 	106.892471 	109.444046 	166.147522 	111.664673 	108.157295 	115.433968 	113.225441 	108.189651 	110.168053 	105.683487 	105.475113 	109.457756 	131.026718 	130.698120 	129.402466 	132.834488 	134.212524 	
142.172424 	159.176010 	79.611557 	81.835197 	74.946648 	46.324940 	43.908997 	145.000000 	77.103828 	104.292854 	112.329872 	71.589104 	174.828491 	178.465683 	107.377838 	155.219193 	65.795135 	8.544003 	107.042046 	70.774292 	65.924202 	160.962723 	67.416618 	69.641945 	69.289246 	180.313614 	6.324555 	3.605551 	183.853195 	105.990562 	112.712021 	3.000000 	999.000000 	182.455475 	108.687622 	25.179358 	184.567062 	96.932968 	163.835281 	107.935165 	110.571243 	159.615158 	104.062485 	106.625511 	163.682617 	108.848518 	105.304321 	112.605507 	110.367569 	105.223572 	107.200745 	102.703453 	102.489021 	106.470650 	128.097626 	127.738014 	126.435753 	129.876862 	131.240234 	
40.804413 	24.596748 	105.603027 	103.600197 	110.602890 	137.767914 	140.719574 	38.013157 	107.447662 	81.541397 	74.431175 	115.208504 	13.152946 	13.416408 	80.622574 	28.653097 	122.641754 	174.771286 	83.186539 	118.983192 	123.709335 	23.769728 	123.422043 	121.490738 	122.331520 	3.000000 	185.456192 	183.251190 	4.472136 	87.726852 	81.154175 	184.621231 	182.455475 	999.000000 	86.539009 	163.131851 	2.236068 	99.809822 	26.076809 	89.888817 	87.315521 	33.060551 	97.739449 	95.189285 	33.136082 	93.605553 	98.979797 	92.444580 	96.566040 	114.236595 	113.780487 	118.600166 	120.540451 	119.641129 	99.181648 	106.117859 	108.166542 	105.042847 	109.004585 	
56.000000 	69.871307 	31.257000 	29.154760 	34.928497 	73.437050 	76.531036 	58.034473 	34.234486 	16.970562 	16.763054 	37.336308 	84.403793 	88.526833 	12.206555 	58.189346 	42.941822 	102.693718 	7.810250 	38.078865 	43.046486 	62.769421 	41.880783 	39.661064 	40.224369 	85.440041 	113.318138 	110.571243 	89.537704 	3.000000 	5.385165 	111.400177 	108.687622 	86.539009 	999.000000 	85.234970 	88.769363 	13.601471 	62.265560 	4.123106 	3.605551 	56.302753 	12.000000 	10.198039 	59.203041 	9.848858 	14.142136 	12.041595 	14.764823 	31.575306 	32.015621 	35.227829 	37.215588 	37.854988 	33.015148 	38.209946 	38.897301 	39.051247 	43.185646 	
123.810341 	140.801285 	58.000000 	60.141499 	53.075417 	36.000000 	35.128338 	126.605690 	55.865910 	82.807007 	90.686272 	49.040798 	156.604599 	160.424438 	85.276024 	135.148071 	42.438190 	22.561028 	84.403793 	47.169907 	42.190044 	140.758652 	43.416588 	45.650848 	45.177429 	161.198639 	31.016125 	28.017851 	164.924225 	82.680107 	89.587944 	28.160255 	25.179358 	163.131851 	85.234970 	999.000000 	165.302750 	72.897186 	142.898560 	84.118965 	86.833176 	138.191895 	79.705711 	82.346825 	141.992950 	84.581322 	80.777473 	88.238312 	85.796272 	80.062477 	82.036575 	77.524193 	77.317528 	81.301903 	103.077644 	102.591423 	101.271912 	104.737770 	106.066017 	
42.801868 	26.419689 	107.800743 	105.801704 	112.800713 	139.817734 	142.762039 	40.000000 	109.635757 	83.761566 	76.661591 	117.413795 	14.000000 	13.601471 	82.855293 	30.886890 	124.851913 	176.867188 	85.422478 	121.202309 	125.924583 	26.000000 	125.642349 	123.713379 	124.555206 	4.472136 	187.544662 	185.348328 	3.605551 	89.961105 	83.384651 	186.724396 	184.567062 	2.236068 	88.769363 	165.302750 	999.000000 	102.044106 	28.160255 	92.114059 	89.537704 	35.128338 	99.959991 	97.406364 	35.057095 	95.817535 	101.192886 	94.641426 	98.762344 	116.417351 	115.952576 	120.784935 	122.723267 	121.807228 	101.242287 	108.166542 	110.222504 	107.074738 	111.018013 	
67.475922 	82.225304 	24.041630 	22.472204 	26.172504 	65.069191 	68.029404 	69.720871 	26.925823 	23.345236 	27.166155 	27.073973 	97.123634 	101.242287 	21.023796 	71.309189 	31.320919 	91.394745 	17.262676 	26.248810 	31.016125 	76.059189 	29.546574 	27.313000 	27.730848 	98.615417 	101.843018 	99.020203 	102.693718 	12.083046 	18.867962 	99.724625 	96.932968 	99.809822 	13.601471 	72.897186 	102.044106 	999.000000 	75.802376 	11.401754 	14.212670 	69.892776 	8.062258 	10.049875 	72.801102 	12.165525 	10.440307 	16.124516 	15.132746 	24.413111 	25.612497 	26.832815 	28.635643 	30.528675 	35.902645 	39.000000 	38.910152 	40.496914 	43.863426 	
31.064449 	25.000000 	84.899940 	82.758682 	89.827614 	121.078484 	124.169243 	29.274563 	87.114868 	60.108234 	52.345009 	94.047859 	30.083218 	33.526108 	58.137768 	12.041595 	101.178062 	156.604599 	60.000000 	97.082436 	101.980392 	8.062258 	101.414986 	99.357941 	100.124924 	26.019224 	167.409683 	165.000000 	30.000000 	63.812225 	56.938564 	166.207703 	163.835281 	26.076809 	62.265560 	142.898560 	28.160255 	75.802376 	999.000000 	65.299309 	62.609905 	7.000000 	72.917763 	70.263786 	8.602325 	68.541962 	73.925636 	67.067131 	71.168816 	88.600227 	88.056801 	93.005379 	94.921021 	93.861603 	73.109505 	80.056229 	82.097504 	79.006332 	83.006027 	
60.008331 	73.681747 	32.000000 	30.016663 	35.227829 	74.108032 	77.162170 	62.008064 	35.000000 	20.615528 	20.880613 	37.107952 	88.073830 	92.195442 	16.124516 	61.684681 	42.154476 	102.181213 	11.661903 	37.161808 	42.047592 	66.128662 	40.706264 	38.470768 	38.948685 	88.865067 	112.720894 	109.931801 	92.973114 	5.656854 	9.055386 	110.693268 	107.935165 	89.888817 	4.123106 	84.118965 	92.114059 	11.401754 	65.299309 	999.000000 	2.828427 	59.169250 	8.062258 	6.082763 	61.854668 	5.830952 	10.049875 	8.602325 	10.816654 	27.459061 	27.892651 	31.144823 	33.136082 	33.734257 	30.016663 	34.828148 	35.383614 	35.805027 	39.824615 	
58.077534 	71.449280 	34.058773 	32.015621 	37.483330 	76.236473 	79.309517 	60.008331 	37.054016 	20.518284 	19.697716 	39.560081 	85.702972 	89.822044 	15.620500 	59.203041 	44.777225 	104.752090 	11.313708 	39.812057 	44.721359 	63.568859 	43.416588 	41.182522 	41.677334 	86.330757 	115.316956 	112.538879 	90.443352 	6.324555 	7.071068 	113.318138 	110.571243 	87.315521 	3.605551 	86.833176 	89.537704 	14.212670 	62.609905 	2.828427 	999.000000 	56.435802 	10.440307 	8.062258 	59.076221 	7.071068 	12.041595 	8.602325 	11.704700 	29.154760 	29.427877 	33.015148 	35.014282 	35.355339 	29.410883 	34.655445 	35.383614 	35.468296 	39.623226 	
32.280025 	29.732138 	80.280754 	78.102493 	85.146935 	117.647781 	120.768372 	31.016125 	82.619614 	55.443665 	47.507893 	89.196411 	36.687874 	40.261642 	53.037724 	14.422205 	96.176918 	152.551636 	54.561890 	91.934761 	96.876213 	13.038404 	96.208107 	94.111633 	94.847244 	33.015148 	163.367691 	160.897476 	37.000000 	58.008621 	51.039200 	162.049377 	159.615158 	33.060551 	56.302753 	138.191895 	35.128338 	69.892776 	7.000000 	59.169250 	56.435802 	999.000000 	66.648331 	63.953106 	5.000000 	62.169125 	67.542580 	60.539242 	64.621979 	81.908485 	81.320351 	86.330757 	88.232651 	87.091904 	66.121101 	73.061615 	75.106590 	72.006943 	76.006577 	
68.000000 	81.743500 	32.015621 	30.364452 	34.234486 	73.109505 	76.059189 	70.028564 	34.928497 	26.832815 	28.442924 	35.014282 	96.104111 	100.224747 	23.086792 	69.641945 	38.832977 	98.762344 	18.681541 	33.734257 	38.327538 	74.000000 	36.687874 	34.481880 	34.785053 	96.767761 	109.110039 	106.254410 	100.881119 	12.369317 	17.117243 	106.892471 	104.062485 	97.739449 	12.000000 	79.705711 	99.959991 	8.062258 	72.917763 	8.062258 	10.440307 	66.648331 	999.000000 	2.828427 	69.115845 	5.000000 	2.828427 	8.544003 	7.071068 	19.924858 	20.615528 	23.345236 	25.317978 	26.248810 	27.892651 	31.304953 	31.384710 	32.695564 	36.235340 	
66.030296 	79.511009 	33.541019 	31.780497 	36.055511 	75.026665 	78.006409 	68.000000 	36.496574 	26.076809 	26.925823 	37.121422 	93.744331 	97.862144 	21.931713 	67.186310 	41.231056 	101.242287 	17.464249 	36.138622 	40.804413 	71.470276 	39.217342 	37.000000 	37.336308 	94.254974 	111.628853 	108.784187 	98.371742 	11.180340 	15.000000 	109.444046 	106.625511 	95.189285 	10.198039 	82.346825 	97.406364 	10.049875 	70.263786 	6.082763 	8.062258 	63.953106 	2.828427 	999.000000 	66.370171 	2.236068 	4.000000 	6.082763 	5.830952 	21.377558 	21.840330 	25.079872 	27.073973 	27.658634 	26.570660 	30.528675 	30.805843 	31.764761 	35.510563 	
37.107952 	33.301651 	84.202141 	82.006096 	89.022469 	122.090134 	125.219810 	35.735138 	86.608315 	59.405388 	51.400391 	92.956978 	38.483765 	41.785164 	56.727417 	18.788294 	99.824844 	156.706726 	57.982758 	95.482986 	100.448990 	16.278820 	99.704567 	97.580734 	98.290382 	33.541019 	167.523132 	165.024246 	37.336308 	61.073727 	54.037025 	166.147522 	163.682617 	33.136082 	59.203041 	141.992950 	35.057095 	72.801102 	8.602325 	61.854668 	59.076221 	5.000000 	69.115845 	66.370171 	999.000000 	64.498062 	69.835518 	62.609905 	66.640831 	83.570328 	82.873398 	88.022728 	89.888817 	88.543777 	66.610809 	73.437050 	75.538071 	72.249565 	76.105194 	
65.122963 	78.313469 	35.355339 	33.541019 	38.013157 	77.006493 	80.000000 	67.029846 	38.327538 	26.400757 	26.570660 	39.204590 	92.395889 	96.509064 	21.954498 	65.734314 	43.416588 	103.445641 	17.492855 	38.327538 	43.011627 	69.921387 	41.436699 	39.217342 	39.560081 	92.720009 	113.841995 	111.000000 	96.840073 	11.401754 	14.142136 	111.664673 	108.848518 	93.605553 	9.848858 	84.581322 	95.817535 	12.165525 	68.541962 	5.830952 	7.071068 	62.169125 	5.000000 	2.236068 	64.498062 	999.000000 	5.385165 	4.000000 	5.000000 	22.090721 	22.360680 	26.000000 	28.000000 	28.284271 	25.079872 	29.410883 	29.832869 	30.528675 	34.409302 	
70.028564 	83.486526 	34.481880 	32.893768 	36.496574 	75.239616 	78.160095 	72.000000 	37.363083 	29.529646 	30.805843 	37.013512 	97.672920 	101.788994 	25.632011 	71.063354 	40.447498 	100.169853 	21.189621 	35.355339 	39.812057 	75.286118 	38.078865 	35.902645 	36.138622 	98.081596 	110.440025 	107.563934 	102.200783 	14.866069 	19.000000 	108.157295 	105.304321 	98.979797 	14.142136 	80.777473 	101.192886 	10.440307 	73.925636 	10.049875 	12.041595 	67.542580 	2.828427 	4.000000 	69.835518 	5.385165 	999.000000 	7.810250 	5.099020 	17.464249 	18.027756 	21.095022 	23.086792 	23.769728 	25.495098 	28.635643 	28.653097 	30.083218 	33.541019 	
65.490456 	78.057671 	39.319206 	37.483330 	42.011902 	81.006172 	84.000000 	67.268120 	42.296574 	29.000000 	28.178005 	43.185646 	91.787796 	95.885345 	24.207438 	64.938431 	47.296936 	107.280006 	19.849434 	42.201897 	46.840153 	68.883957 	45.221676 	43.011627 	43.324360 	91.678787 	117.643532 	114.791115 	95.801880 	14.212670 	15.231546 	115.433968 	112.605507 	92.444580 	12.041595 	88.238312 	94.641426 	16.124516 	67.067131 	8.602325 	8.602325 	60.539242 	8.544003 	6.082763 	62.609905 	4.000000 	7.810250 	999.000000 	4.123106 	22.090721 	22.000000 	26.305893 	28.284271 	28.000000 	21.470911 	26.248810 	26.870058 	27.202942 	31.240999 	
69.354164 	82.097504 	39.051247 	37.363083 	41.303753 	80.156097 	83.096329 	71.175842 	41.976185 	31.400637 	31.384710 	42.000000 	95.885345 	99.985001 	26.925823 	69.050705 	45.541191 	105.261581 	22.472204 	40.447498 	44.911022 	73.006851 	43.174065 	41.000000 	41.231056 	95.801880 	115.520561 	112.641022 	99.924973 	16.401220 	18.681541 	113.225441 	110.367569 	96.566040 	14.764823 	85.796272 	98.762344 	15.132746 	71.168816 	10.816654 	11.704700 	64.621979 	7.071068 	5.830952 	66.640831 	5.000000 	5.099020 	4.123106 	999.000000 	18.027756 	18.027756 	22.203604 	24.186773 	24.020824 	20.880613 	24.698177 	25.000000 	25.942244 	29.681644 	
87.206650 	100.124924 	45.803928 	44.821869 	46.141087 	82.280006 	84.899940 	89.089844 	48.259712 	46.615448 	48.270073 	44.777225 	113.863953 	117.957619 	43.011627 	86.977005 	45.354160 	101.316338 	38.600517 	40.804413 	43.931767 	90.801979 	41.773197 	40.024994 	39.812057 	113.564957 	110.887329 	107.912003 	117.686020 	32.280025 	36.221542 	108.189651 	105.223572 	114.236595 	31.575306 	80.062477 	116.417351 	24.413111 	88.600227 	27.459061 	29.154760 	81.908485 	19.924858 	21.377558 	83.570328 	22.090721 	17.464249 	22.090721 	18.027756 	999.000000 	2.000000 	4.472136 	6.324555 	6.324555 	24.186773 	22.561028 	21.213203 	24.738634 	26.076809 	
87.367043 	100.044991 	47.434166 	46.400433 	47.885281 	84.202141 	86.833176 	89.202019 	49.929951 	47.423622 	48.764740 	46.615448 	113.635384 	117.720009 	43.657761 	86.700638 	47.296936 	103.310211 	39.217342 	42.720020 	45.891174 	90.426765 	43.737854 	41.976185 	41.773197 	113.159180 	112.871605 	109.895409 	117.277451 	32.893768 	36.496574 	110.168053 	107.200745 	113.780487 	32.015621 	82.036575 	115.952576 	25.612497 	88.056801 	27.892651 	29.427877 	81.320351 	20.615528 	21.840330 	82.873398 	22.360680 	18.027756 	22.000000 	18.027756 	2.000000 	999.000000 	5.656854 	7.211102 	6.000000 	22.472204 	20.615528 	19.235384 	22.803509 	24.083189 	
91.087868 	104.235313 	46.754681 	45.967381 	46.615448 	81.596565 	84.118965 	93.021500 	49.040798 	49.648766 	51.788029 	44.777225 	118.088951 	122.188377 	46.324940 	91.241440 	44.598206 	99.080772 	41.976185 	40.311287 	43.011627 	95.126228 	40.804413 	39.217342 	38.897301 	117.902504 	108.461975 	105.475113 	122.024590 	35.693138 	40.049969 	105.683487 	102.703453 	118.600166 	35.227829 	77.524193 	120.784935 	26.832815 	93.005379 	31.144823 	33.015148 	86.330757 	23.345236 	25.079872 	88.022728 	26.000000 	21.095022 	26.305893 	22.203604 	4.472136 	5.656854 	999.000000 	2.000000 	4.472136 	28.017851 	25.632011 	24.041630 	27.856777 	28.635643 	
93.085983 	106.230881 	48.104053 	47.381432 	47.801674 	82.280006 	84.758484 	95.021049 	50.328918 	51.546097 	53.758720 	45.793011 	120.070816 	124.169243 	48.270073 	93.214806 	45.310043 	99.020203 	43.931767 	41.146080 	43.657761 	97.082436 	41.436699 	39.924931 	39.560081 	119.854080 	108.295891 	105.304321 	123.975807 	37.656342 	42.047592 	105.475113 	102.489021 	120.540451 	37.215588 	77.317528 	122.723267 	28.635643 	94.921021 	33.136082 	35.014282 	88.232651 	25.317978 	27.073973 	89.888817 	28.000000 	23.086792 	28.284271 	24.186773 	6.324555 	7.211102 	2.000000 	999.000000 	4.000000 	29.206163 	26.400757 	24.698177 	28.635643 	29.120440 	
93.343452 	106.042442 	51.088158 	50.249378 	51.039200 	86.034874 	88.543777 	95.189285 	53.413483 	52.924473 	54.571056 	49.244289 	119.603508 	123.685081 	49.335587 	92.655273 	49.040798 	103.019417 	44.922153 	44.777225 	47.434166 	96.337944 	45.221676 	43.657761 	43.324360 	119.050407 	112.285347 	109.293182 	123.166557 	38.600517 	42.426407 	109.457756 	106.470650 	119.641129 	37.854988 	81.301903 	121.807228 	30.528675 	93.861603 	33.734257 	35.355339 	87.091904 	26.248810 	27.658634 	88.543777 	28.284271 	23.769728 	28.000000 	24.020824 	6.324555 	6.000000 	4.472136 	4.000000 	999.000000 	26.172504 	22.825424 	21.023796 	25.059929 	25.298222 	
79.711983 	89.442719 	59.908264 	58.240879 	61.983868 	100.603180 	103.484299 	80.956779 	62.817196 	49.819675 	47.423622 	62.289646 	101.242287 	105.171288 	44.687805 	74.431175 	65.007690 	123.628479 	40.607880 	60.000000 	64.070274 	77.058418 	62.128899 	60.074955 	60.133186 	99.045441 	133.555237 	130.613937 	103.077644 	35.510563 	34.655445 	131.026718 	128.097626 	99.181648 	33.015148 	103.077644 	101.242287 	35.902645 	73.109505 	30.016663 	29.410883 	66.121101 	27.892651 	26.570660 	66.610809 	25.079872 	25.495098 	21.470911 	20.880613 	24.186773 	22.472204 	28.017851 	29.206163 	26.172504 	999.000000 	7.071068 	9.000000 	6.708204 	11.180340 	
86.648720 	96.509064 	62.968246 	61.465439 	64.560051 	102.591423 	105.380264 	87.931793 	65.787537 	55.172459 	53.413483 	64.327286 	108.295891 	112.218536 	50.209560 	81.498466 	66.272163 	123.685081 	45.967381 	61.400326 	65.122963 	84.095184 	63.071388 	61.131008 	61.073727 	106.018867 	133.360413 	130.391724 	110.040901 	40.459858 	40.459858 	130.698120 	127.738014 	106.117859 	38.209946 	102.591423 	108.166542 	39.000000 	80.056229 	34.828148 	34.655445 	73.061615 	31.304953 	30.528675 	73.437050 	29.410883 	28.635643 	26.248810 	24.698177 	22.561028 	20.615528 	25.632011 	26.400757 	22.825424 	7.071068 	999.000000 	2.236068 	2.236068 	5.000000 	
88.232651 	98.310730 	62.769421 	61.326992 	64.195015 	101.980392 	104.737770 	89.560036 	65.551506 	55.865910 	54.405884 	63.788715 	110.222504 	114.157784 	50.990196 	83.384651 	65.490456 	122.494896 	46.690472 	60.671246 	64.280632 	86.052307 	62.201286 	60.299255 	60.207973 	108.041656 	132.098450 	129.123978 	112.071404 	41.036568 	41.400482 	129.402466 	126.435753 	108.166542 	38.897301 	101.271912 	110.222504 	38.910152 	82.097504 	35.383614 	35.383614 	75.106590 	31.384710 	30.805843 	75.538071 	29.832869 	28.653097 	26.870058 	25.000000 	21.213203 	19.235384 	24.041630 	24.698177 	21.023796 	9.000000 	2.236068 	999.000000 	4.242640 	5.099020 	
86.377083 	95.900993 	64.513565 	62.968246 	66.219330 	104.393486 	107.200745 	87.595665 	67.357254 	55.973209 	53.907330 	66.098412 	107.466270 	111.364265 	50.931328 	80.752708 	68.183578 	125.781555 	46.754681 	63.285069 	67.067131 	83.216583 	65.030762 	63.071388 	63.031738 	105.000000 	135.484314 	132.517929 	109.004585 	41.400482 	41.036568 	132.834488 	129.876862 	105.042847 	39.051247 	104.737770 	107.074738 	40.496914 	79.006332 	35.805027 	35.468296 	72.006943 	32.695564 	31.764761 	72.249565 	30.528675 	30.083218 	27.202942 	25.942244 	24.738634 	22.803509 	27.856777 	28.635643 	25.059929 	6.708204 	2.236068 	4.242640 	999.000000 	4.472136 	
90.824005 	100.224747 	67.779053 	66.309875 	69.260376 	107.079407 	109.836243 	92.027168 	70.576202 	60.141499 	58.258045 	68.883957 	111.646767 	115.524887 	55.154327 	85.000000 	70.576202 	127.393089 	50.931328 	65.764732 	69.354164 	87.367043 	67.268120 	65.375839 	65.276337 	109.018349 	136.937943 	133.958954 	113.004425 	45.453274 	45.343136 	134.212524 	131.240234 	109.004585 	43.185646 	106.066017 	111.018013 	43.863426 	83.006027 	39.824615 	39.623226 	76.006577 	36.235340 	35.510563 	76.105194 	34.409302 	33.541019 	31.240999 	29.681644 	26.076809 	24.083189 	28.635643 	29.120440 	25.298222 	11.180340 	5.000000 	5.099020 	4.472136 	999.000000 	

Travel time:
9.000000 	0.425735 	1.688380 	1.643548 	1.811767 	2.427061 	2.500125 	0.070711 	1.724094 	1.140175 	1.007782 	1.934231 	0.820061 	0.915492 	1.163239 	0.475657 	2.124264 	3.358757 	1.256234 	2.048475 	2.158269 	0.602080 	2.160151 	2.117339 	2.140385 	0.960469 	3.624310 	3.570889 	1.044330 	1.402007 	1.275980 	3.606418 	3.554311 	1.020110 	1.400000 	3.095258 	1.070047 	1.686898 	0.776611 	1.500208 	1.451938 	0.807001 	1.700000 	1.650757 	0.927699 	1.628074 	1.750714 	1.637261 	1.733854 	2.180166 	2.184176 	2.277197 	2.327150 	2.333586 	1.992800 	2.166218 	2.205816 	2.159427 	2.270600 	
