Total assets = 640
Number of asset nodes = 33

Distance:
999.000000 	22.472204 	10.000000 	62.936478 	41.109608 	12.369317 	11.401754 	7.000000 	11.401754 	27.018513 	13.928389 	69.641945 	33.105892 	12.206555 	43.278172 	52.430908 	63.655323 	70.035706 	51.400391 	49.203659 	13.038404 	42.544094 	13.892444 	48.270073 	39.623226 	18.027756 	44.777225 	48.918301 	41.146080 	39.395432 	33.837849 	73.539108 	93.005379 	92.200867 	48.373547 	61.611687 	41.785164 	25.179358 	34.525352 	53.712196 	55.569775 	89.274857 	50.990196 	39.051247 	47.539455 	
22.472204 	999.000000 	29.068884 	41.400482 	63.411354 	28.844410 	16.031219 	19.646883 	33.541019 	9.219544 	36.235340 	50.328918 	11.180340 	21.023796 	65.604881 	74.886581 	41.868843 	48.600410 	29.068884 	71.610054 	25.942244 	20.124611 	26.832815 	70.604530 	61.619801 	36.055511 	22.360680 	71.217972 	18.973665 	17.464249 	55.172459 	51.855568 	72.560318 	71.693794 	25.942244 	84.053551 	20.223749 	43.046486 	16.155495 	31.304953 	33.120991 	68.007355 	28.792360 	19.235384 	25.709921 	
10.000000 	29.068884 	999.000000 	70.434364 	35.355339 	3.605551 	21.213203 	17.000000 	13.038404 	35.355339 	13.928389 	78.294319 	38.418747 	10.440307 	37.589893 	47.423622 	70.936592 	77.620872 	57.982758 	43.829212 	7.071068 	48.270073 	7.280110 	42.544094 	33.015148 	8.062258 	50.447994 	43.046486 	46.400433 	44.407207 	26.172504 	80.919716 	101.242287 	100.404182 	54.037025 	56.356010 	46.324940 	15.297058 	37.576588 	59.203041 	61.220913 	97.005157 	56.035702 	42.485291 	52.153618 	
62.936478 	41.400482 	70.434364 	999.000000 	103.966339 	70.213959 	53.263496 	58.137768 	73.000000 	36.124783 	75.822159 	15.652476 	34.014702 	62.128899 	106.103722 	114.865135 	2.236068 	7.211102 	14.317822 	111.865990 	67.119293 	25.000000 	67.955872 	111.072052 	102.552429 	77.420929 	23.537205 	111.758667 	27.892651 	30.083218 	96.426140 	10.630146 	31.953091 	31.016125 	21.095022 	124.084648 	30.413813 	84.314888 	40.261642 	19.235384 	17.464249 	26.627054 	23.086792 	36.496574 	27.000000 	
41.109608 	63.411354 	35.355339 	103.966339 	999.000000 	37.161808 	50.990196 	46.010868 	31.240999 	67.882248 	28.425341 	109.635757 	73.498299 	45.617977 	2.236068 	12.369317 	104.737770 	111.018013 	92.455391 	8.544003 	41.231056 	83.234612 	40.853397 	7.211102 	4.472136 	31.320919 	85.445892 	7.810250 	81.541397 	79.611557 	12.041595 	114.586212 	133.416641 	132.653687 	89.050545 	21.023796 	81.633324 	28.071337 	72.897186 	94.302704 	96.260063 	130.138382 	91.268837 	77.826729 	87.464279 	
12.369317 	28.844410 	3.605551 	70.213959 	37.161808 	999.000000 	23.000000 	19.235384 	16.643316 	35.846897 	17.464249 	78.721024 	37.483330 	8.602325 	39.395432 	49.396355 	70.604530 	77.420929 	57.384666 	45.694637 	4.123106 	47.381432 	4.000000 	44.283180 	34.481880 	7.211102 	49.517673 	44.721359 	45.343136 	43.278172 	27.202942 	80.603973 	101.355812 	100.498756 	53.075417 	58.180752 	45.000000 	14.317822 	35.846897 	58.137768 	60.207973 	96.834908 	54.817879 	40.816662 	50.803543 	
11.401754 	16.031219 	21.213203 	53.263496 	50.990196 	23.000000 	999.000000 	5.000000 	19.798990 	17.204651 	22.627417 	58.821766 	27.166155 	19.313208 	53.075417 	61.619801 	54.203320 	60.207973 	42.941822 	58.694122 	22.360680 	35.440090 	23.345236 	58.000000 	50.000000 	29.274563 	37.643059 	58.728188 	34.713108 	33.376640 	44.777225 	63.890530 	82.462112 	81.688431 	41.109608 	70.837845 	36.221542 	36.496574 	31.400637 	46.486557 	48.104053 	79.195961 	44.384682 	35.057095 	41.593269 	
7.000000 	19.646883 	17.000000 	58.137768 	46.010868 	19.235384 	5.000000 	999.000000 	14.866069 	22.022715 	17.691807 	63.820061 	30.805843 	17.204651 	48.104053 	56.727417 	59.033890 	65.115280 	47.507893 	53.758720 	19.313208 	39.560081 	20.248457 	53.037724 	45.000000 	25.019993 	41.785164 	53.758720 	38.600517 	37.107952 	39.824615 	68.767723 	87.458565 	86.683334 	45.310043 	65.946945 	39.812057 	32.140316 	34.014702 	50.695168 	52.392746 	84.148682 	48.383881 	38.052597 	45.354160 	
11.401754 	33.541019 	13.038404 	73.000000 	31.240999 	16.643316 	19.798990 	14.866069 	999.000000 	36.878178 	2.828427 	78.409180 	44.384682 	21.377558 	33.301651 	41.868843 	73.878281 	79.981247 	62.128899 	38.897301 	19.697716 	53.665630 	20.124611 	38.209946 	30.528675 	18.027756 	55.901699 	38.948685 	52.392746 	50.695168 	26.248810 	83.630135 	102.176315 	101.414986 	59.481091 	51.088158 	53.141319 	23.409399 	45.891174 	64.845970 	66.648331 	98.994949 	62.241467 	50.447994 	58.872746 	
27.018513 	9.219544 	35.355339 	36.124783 	67.882248 	35.846897 	17.204651 	22.022715 	36.878178 	999.000000 	39.698868 	42.941822 	14.764823 	28.861740 	70.007141 	78.746429 	37.013512 	43.139309 	26.000000 	75.742989 	33.526108 	20.000000 	34.481880 	74.966660 	66.603302 	42.953465 	22.022715 	75.663727 	20.223749 	19.646883 	60.802959 	46.754681 	66.030296 	65.215027 	25.179358 	87.965904 	22.803509 	50.159744 	22.671568 	30.413813 	31.780497 	62.289646 	29.017237 	24.186773 	27.166155 	
13.928389 	36.235340 	13.928389 	75.822159 	28.425341 	17.464249 	22.627417 	17.691807 	2.828427 	39.698868 	999.000000 	81.215759 	47.010635 	23.086792 	30.479502 	39.051247 	76.694199 	82.807007 	64.899925 	36.069378 	20.880613 	56.356010 	21.189621 	35.383614 	27.784887 	17.691807 	58.591808 	36.124783 	55.036350 	53.310413 	23.769728 	86.452301 	104.995239 	104.235313 	62.177166 	48.270073 	55.713554 	22.360680 	48.270073 	67.535179 	69.354164 	101.823380 	64.884514 	52.886673 	61.465439 	
69.641945 	50.328918 	78.294319 	15.652476 	109.635757 	78.721024 	58.821766 	63.820061 	78.409180 	42.941822 	81.215759 	999.000000 	45.541191 	71.309189 	111.664673 	119.670380 	17.492855 	13.601471 	28.284271 	117.034180 	76.157730 	38.000000 	77.077881 	116.516090 	108.811768 	85.866173 	37.054016 	117.290237 	41.000000 	43.011627 	103.464973 	16.552946 	24.083189 	23.430750 	35.355339 	128.817703 	44.045429 	93.037628 	53.084839 	34.481880 	32.893768 	23.409399 	38.078865 	50.009998 	41.593269 	
33.105892 	11.180340 	38.418747 	34.014702 	73.498299 	37.483330 	27.166155 	30.805843 	44.384682 	14.764823 	47.010635 	45.541191 	999.000000 	29.000000 	75.716576 	85.234970 	34.000000 	41.146080 	20.248457 	81.835197 	33.970577 	9.899495 	34.713108 	80.709358 	71.400284 	44.553337 	12.041595 	81.271149 	8.062258 	6.324555 	64.536812 	43.908997 	65.924202 	65.000000 	15.620500 	94.339813 	9.055386 	51.088158 	8.944272 	20.808653 	22.803509 	60.415230 	17.888544 	9.433981 	14.560220 	
12.206555 	21.023796 	10.440307 	62.128899 	45.617977 	8.602325 	19.313208 	17.204651 	21.377558 	28.861740 	23.086792 	71.309189 	29.000000 	999.000000 	47.853943 	57.775429 	62.425957 	69.339745 	49.040798 	54.129475 	5.000000 	38.897301 	5.830952 	52.773098 	43.046486 	15.556349 	41.012192 	53.235325 	36.796738 	34.713108 	35.805027 	72.422371 	93.536087 	92.660675 	44.553337 	66.640831 	36.400551 	22.203604 	27.294687 	49.578220 	51.662365 	88.752464 	46.227695 	32.249031 	42.201897 	
43.278172 	65.604881 	37.589893 	106.103722 	2.236068 	39.395432 	53.075417 	48.104053 	33.301651 	70.007141 	30.479502 	111.664673 	75.716576 	47.853943 	999.000000 	10.198039 	106.887794 	113.145920 	94.641426 	6.324555 	43.462627 	85.445892 	43.081318 	5.000000 	6.082763 	33.526108 	87.658424 	5.656854 	83.761566 	81.835197 	14.000000 	116.726173 	135.473251 	134.714508 	91.263351 	18.788294 	83.862984 	30.149628 	75.133217 	96.519424 	98.473343 	132.245987 	93.493317 	80.062477 	89.693924 	
52.430908 	74.886581 	47.423622 	114.865135 	12.369317 	49.396355 	61.619801 	56.727417 	41.868843 	78.746429 	39.051247 	119.670380 	85.234970 	57.775429 	10.198039 	999.000000 	115.745407 	121.827744 	103.812332 	4.000000 	53.488316 	94.873604 	53.141319 	6.082763 	16.031219 	43.680660 	97.097885 	6.324555 	93.295227 	91.416626 	24.083189 	125.495018 	143.627991 	142.898560 	100.702530 	9.219544 	93.536087 	40.311287 	85.000000 	106.000000 	107.912003 	140.758652 	103.077644 	89.899948 	99.362968 	
63.655323 	41.868843 	70.936592 	2.236068 	104.737770 	70.604530 	54.203320 	59.033890 	73.878281 	37.013512 	76.694199 	17.492855 	34.000000 	62.425957 	106.887794 	115.745407 	999.000000 	7.280110 	13.928389 	112.698715 	67.424034 	24.698177 	68.242218 	111.865990 	103.237587 	77.801025 	23.086792 	112.538879 	27.513634 	29.732138 	97.000000 	10.000000 	32.280025 	31.320919 	20.396078 	124.963997 	29.832869 	84.628601 	39.849716 	18.027756 	16.124516 	26.419689 	22.000000 	35.902645 	26.076809 	
70.035706 	48.600410 	77.620872 	7.211102 	111.018013 	77.420929 	60.207973 	65.115280 	79.981247 	43.139309 	82.807007 	13.601471 	41.146080 	69.339745 	113.145920 	121.827744 	7.280110 	999.000000 	21.189621 	118.869675 	74.330345 	31.953091 	75.166481 	118.105888 	109.658562 	84.628601 	30.364452 	118.802361 	34.785053 	37.000000 	103.585716 	4.123106 	25.000000 	24.041630 	27.658634 	131.045792 	37.107952 	91.525955 	47.127487 	25.019993 	23.000000 	19.416489 	29.068884 	43.174065 	33.241539 	
51.400391 	29.068884 	57.982758 	14.317822 	92.455391 	57.384666 	42.941822 	47.507893 	62.128899 	26.000000 	64.899925 	28.284271 	20.248457 	49.040798 	94.641426 	103.812332 	13.928389 	21.189621 	999.000000 	100.603180 	54.037025 	10.770329 	54.817879 	99.639351 	90.686272 	64.536812 	9.219544 	100.264648 	13.601471 	15.811388 	84.148682 	23.706539 	46.173584 	45.221676 	7.071068 	113.004425 	16.124516 	71.217972 	25.961510 	7.810250 	7.615773 	40.249222 	10.295630 	22.203604 	13.341664 	
49.203659 	71.610054 	43.829212 	111.865990 	8.544003 	45.694637 	58.694122 	53.758720 	38.897301 	75.742989 	36.069378 	117.034180 	81.835197 	54.129475 	6.324555 	4.000000 	112.698715 	118.869675 	100.603180 	999.000000 	49.769470 	91.525955 	49.396355 	2.236068 	12.041595 	39.849716 	93.744331 	2.828427 	89.888817 	87.982956 	20.099751 	122.494896 	140.929062 	140.185593 	97.349884 	12.529964 	90.049988 	36.345562 	81.394104 	102.625534 	104.560989 	137.887634 	99.644371 	86.313385 	95.880135 	
13.038404 	25.942244 	7.071068 	67.119293 	41.231056 	4.123106 	22.360680 	19.313208 	19.697716 	33.526108 	20.880613 	76.157730 	33.970577 	5.000000 	43.462627 	53.488316 	67.424034 	74.330345 	54.037025 	49.769470 	999.000000 	43.863426 	1.000000 	48.332184 	38.470768 	10.630146 	45.967381 	48.754486 	41.725292 	39.623226 	31.064449 	77.420929 	98.488579 	97.616600 	49.497475 	62.241467 	41.231056 	17.204651 	31.906113 	54.488529 	56.586216 	93.744331 	51.088158 	36.891735 	47.010635 	
42.544094 	20.124611 	48.270073 	25.000000 	83.234612 	47.381432 	35.440090 	39.560081 	53.665630 	20.000000 	56.356010 	38.000000 	9.899495 	38.897301 	85.445892 	94.873604 	24.698177 	31.953091 	10.770329 	91.525955 	43.863426 	999.000000 	44.598206 	90.443352 	81.215759 	54.451813 	2.236068 	91.021973 	3.000000 	5.099020 	74.411018 	34.438351 	56.920998 	55.973209 	5.830952 	104.009613 	6.324555 	60.959003 	15.297058 	11.180340 	13.038404 	50.990196 	9.055386 	12.041595 	7.615773 	
13.892444 	26.832815 	7.280110 	67.955872 	40.853397 	4.000000 	23.345236 	20.248457 	20.124611 	34.481880 	21.189621 	77.077881 	34.713108 	5.830952 	43.081318 	53.141319 	68.242218 	75.166481 	54.817879 	49.396355 	1.000000 	44.598206 	999.000000 	47.927029 	38.013157 	10.000000 	46.690472 	48.332184 	42.426407 	40.311287 	30.528675 	78.236816 	99.362968 	98.488579 	50.209560 	61.846584 	41.868843 	16.401220 	32.449963 	55.172459 	57.280014 	94.578011 	51.739735 	37.443291 	47.634022 	
48.270073 	70.604530 	42.544094 	111.072052 	7.211102 	44.283180 	58.000000 	53.037724 	38.209946 	74.966660 	35.383614 	116.516090 	80.709358 	52.773098 	5.000000 	6.082763 	111.865990 	118.105888 	99.639351 	2.236068 	48.332184 	90.443352 	47.927029 	999.000000 	10.198039 	38.275318 	92.655273 	1.000000 	88.752464 	86.821655 	18.248287 	121.696342 	140.356689 	139.603012 	96.260063 	13.928389 	88.836929 	34.525352 	80.062477 	101.513542 	103.469803 	137.186005 	98.478424 	85.000000 	94.667839 	
39.623226 	61.619801 	33.015148 	102.552429 	4.472136 	34.481880 	50.000000 	45.000000 	30.528675 	66.603302 	27.784887 	108.811768 	71.400284 	43.046486 	6.082763 	16.031219 	103.237587 	109.658562 	90.686272 	12.041595 	38.470768 	81.215759 	38.013157 	10.198039 	999.000000 	28.231188 	83.408630 	10.440307 	79.404030 	77.420929 	8.062258 	113.145920 	132.438660 	131.654846 	87.005745 	24.041630 	79.322128 	24.331051 	70.327805 	92.200867 	94.201912 	128.887543 	89.050545 	75.292763 	85.146935 	
18.027756 	36.055511 	8.062258 	77.420929 	31.320919 	7.211102 	29.274563 	25.019993 	18.027756 	42.953465 	17.691807 	85.866173 	44.553337 	15.556349 	33.526108 	43.680660 	77.801025 	84.628601 	64.536812 	39.849716 	10.630146 	54.451813 	10.000000 	38.275318 	28.231188 	999.000000 	56.568542 	38.626415 	52.345009 	50.249378 	20.591261 	87.800911 	108.558739 	107.703293 	60.108234 	52.201534 	51.855568 	7.280110 	42.438190 	65.115280 	67.208633 	104.043259 	61.717098 	47.434166 	57.628117 	
44.777225 	22.360680 	50.447994 	23.537205 	85.445892 	49.517673 	37.643059 	41.785164 	55.901699 	22.022715 	58.591808 	37.054016 	12.041595 	41.012192 	87.658424 	97.097885 	23.086792 	30.364452 	9.219544 	93.744331 	45.967381 	2.236068 	46.690472 	92.655273 	83.408630 	56.568542 	999.000000 	93.230896 	4.472136 	6.708204 	76.576759 	32.695564 	55.362442 	54.405884 	3.605551 	106.230881 	7.000000 	63.031738 	16.763054 	8.944272 	10.816654 	49.244289 	7.000000 	13.038404 	6.403124 	
48.918301 	71.217972 	43.046486 	111.758667 	7.810250 	44.721359 	58.728188 	53.758720 	38.948685 	75.663727 	36.124783 	117.290237 	81.271149 	53.235325 	5.656854 	6.324555 	112.538879 	118.802361 	100.264648 	2.828427 	48.754486 	91.021973 	48.332184 	1.000000 	10.440307 	38.626415 	93.230896 	999.000000 	89.308456 	87.367043 	18.439089 	122.380554 	141.113434 	140.356689 	96.834908 	13.601471 	89.358826 	34.713108 	80.529495 	102.078400 	104.043259 	137.902145 	99.020203 	85.475143 	95.189285 	
41.146080 	18.973665 	46.400433 	27.892651 	81.541397 	45.343136 	34.713108 	38.600517 	52.392746 	20.223749 	55.036350 	41.000000 	8.062258 	36.796738 	83.761566 	93.295227 	27.513634 	34.785053 	13.601471 	89.888817 	41.725292 	3.000000 	42.426407 	88.752464 	79.404030 	52.345009 	4.472136 	89.308456 	999.000000 	2.236068 	72.470680 	37.161808 	59.774578 	58.821766 	7.810250 	102.396286 	3.605551 	58.728188 	12.369317 	12.806249 	14.866069 	53.712196 	9.848858 	9.055386 	7.000000 	
39.395432 	17.464249 	44.407207 	30.083218 	79.611557 	43.278172 	33.376640 	37.107952 	50.695168 	19.646883 	53.310413 	43.011627 	6.324555 	34.713108 	81.835197 	91.416626 	29.732138 	37.000000 	15.811388 	87.982956 	39.623226 	5.099020 	40.311287 	86.821655 	77.420929 	50.249378 	6.708204 	87.367043 	2.236068 	999.000000 	70.434364 	39.395432 	61.983868 	61.032780 	10.000000 	100.498756 	3.162278 	56.586216 	10.198039 	14.866069 	16.970562 	55.946404 	11.661903 	7.280110 	8.246211 	
33.837849 	55.172459 	26.172504 	96.426140 	12.041595 	27.202942 	44.777225 	39.824615 	26.248810 	60.802959 	23.769728 	103.464973 	64.536812 	35.805027 	14.000000 	24.083189 	97.000000 	103.585716 	84.148682 	20.099751 	31.064449 	74.411018 	30.528675 	18.248287 	8.062258 	20.591261 	76.576759 	18.439089 	72.470680 	70.434364 	999.000000 	106.962608 	126.826653 	126.015869 	80.156097 	32.015621 	72.201111 	16.278820 	62.968246 	85.276024 	87.321243 	122.918671 	82.006096 	67.955872 	78.006409 	
73.539108 	51.855568 	80.919716 	10.630146 	114.586212 	80.603973 	63.890530 	68.767723 	83.630135 	46.754681 	86.452301 	16.552946 	43.908997 	72.422371 	116.726173 	125.495018 	10.000000 	4.123106 	23.706539 	122.494896 	77.420929 	34.438351 	78.236816 	121.696342 	113.145920 	87.800911 	32.695564 	122.380554 	37.161808 	39.395432 	106.962608 	999.000000 	23.194826 	22.203604 	29.732138 	134.714508 	39.217342 	94.625580 	49.396355 	26.476404 	24.331051 	16.552946 	30.594116 	45.221676 	34.928497 	
93.005379 	72.560318 	101.242287 	31.953091 	133.416641 	101.355812 	82.462112 	87.458565 	102.176315 	66.030296 	104.995239 	24.083189 	65.924202 	93.536087 	135.473251 	143.627991 	32.280025 	25.000000 	46.173584 	140.929062 	98.488579 	56.920998 	99.362968 	140.356689 	132.438660 	108.558739 	55.362442 	141.113434 	59.774578 	61.983868 	126.826653 	23.194826 	999.000000 	1.000000 	52.630791 	152.793976 	62.096699 	115.602768 	72.124893 	49.648766 	47.518417 	8.944272 	53.758720 	68.154236 	58.051701 	
92.200867 	71.693794 	100.404182 	31.016125 	132.653687 	100.498756 	81.688431 	86.683334 	101.414986 	65.215027 	104.235313 	23.430750 	65.000000 	92.660675 	134.714508 	142.898560 	31.320919 	24.041630 	45.221676 	140.185593 	97.616600 	55.973209 	98.488579 	139.603012 	131.654846 	107.703293 	54.405884 	140.356689 	58.821766 	61.032780 	126.015869 	22.203604 	1.000000 	999.000000 	51.662365 	152.069061 	61.131008 	114.738831 	71.168816 	48.662102 	46.529560 	8.062258 	52.773098 	67.186310 	57.070133 	
48.373547 	25.942244 	54.037025 	21.095022 	89.050545 	53.075417 	41.109608 	45.310043 	59.481091 	25.179358 	62.177166 	35.355339 	15.620500 	44.553337 	91.263351 	100.702530 	20.396078 	27.658634 	7.071068 	97.349884 	49.497475 	5.830952 	50.209560 	96.260063 	87.005745 	60.108234 	3.605551 	96.834908 	7.810250 	10.000000 	80.156097 	29.732138 	52.630791 	51.662365 	999.000000 	109.836243 	9.486833 	66.528191 	19.697716 	5.385165 	7.211102 	46.238514 	4.472136 	15.524175 	6.324555 	
61.611687 	84.053551 	56.356010 	124.084648 	21.023796 	58.180752 	70.837845 	65.946945 	51.088158 	87.965904 	48.270073 	128.817703 	94.339813 	66.640831 	18.788294 	9.219544 	124.963997 	131.045792 	113.004425 	12.529964 	62.241467 	104.009613 	61.846584 	13.928389 	24.041630 	52.201534 	106.230881 	13.601471 	102.396286 	100.498756 	32.015621 	134.714508 	152.793976 	152.069061 	109.836243 	999.000000 	102.576797 	48.270073 	93.914856 	115.121674 	117.046997 	149.966660 	112.160599 	98.838249 	108.406639 	
41.785164 	20.223749 	46.324940 	30.413813 	81.633324 	45.000000 	36.221542 	39.812057 	53.141319 	22.803509 	55.713554 	44.045429 	9.055386 	36.400551 	83.862984 	93.536087 	29.832869 	37.107952 	16.124516 	90.049988 	41.231056 	6.324555 	41.868843 	88.836929 	79.322128 	51.855568 	7.000000 	89.358826 	3.605551 	3.162278 	72.201111 	39.217342 	62.096699 	61.131008 	9.486833 	102.576797 	999.000000 	58.000000 	10.295630 	13.601471 	15.811388 	55.713554 	9.899495 	6.082763 	5.830952 	
25.179358 	43.046486 	15.297058 	84.314888 	28.071337 	14.317822 	36.496574 	32.140316 	23.409399 	50.159744 	22.360680 	93.037628 	51.088158 	22.203604 	30.149628 	40.311287 	84.628601 	91.525955 	71.217972 	36.345562 	17.204651 	60.959003 	16.401220 	34.525352 	24.331051 	7.280110 	63.031738 	34.713108 	58.728188 	56.586216 	16.278820 	94.625580 	115.602768 	114.738831 	66.528191 	48.270073 	58.000000 	999.000000 	48.270073 	71.421288 	73.552704 	110.941429 	67.896980 	53.263496 	63.702435 	
34.525352 	16.155495 	37.576588 	40.261642 	72.897186 	35.846897 	31.400637 	34.014702 	45.891174 	22.671568 	48.270073 	53.084839 	8.944272 	27.294687 	75.133217 	85.000000 	39.849716 	47.127487 	25.961510 	81.394104 	31.906113 	15.297058 	32.449963 	80.062477 	70.327805 	42.438190 	16.763054 	80.529495 	12.369317 	10.198039 	62.968246 	49.396355 	72.124893 	71.168816 	19.697716 	93.914856 	10.295630 	48.270073 	999.000000 	23.853722 	26.076809 	65.924202 	20.000000 	5.000000 	15.620500 	
53.712196 	31.304953 	59.203041 	19.235384 	94.302704 	58.137768 	46.486557 	50.695168 	64.845970 	30.413813 	67.535179 	34.481880 	20.808653 	49.578220 	96.519424 	106.000000 	18.027756 	25.019993 	7.810250 	102.625534 	54.488529 	11.180340 	55.172459 	101.513542 	92.200867 	65.115280 	8.944272 	102.078400 	12.806249 	14.866069 	85.276024 	26.476404 	49.648766 	48.662102 	5.385165 	115.121674 	13.601471 	71.421288 	23.853722 	999.000000 	2.236068 	42.720020 	4.123106 	19.235384 	8.544003 	
55.569775 	33.120991 	61.220913 	17.464249 	96.260063 	60.207973 	48.104053 	52.392746 	66.648331 	31.780497 	69.354164 	32.893768 	22.803509 	51.662365 	98.473343 	107.912003 	16.124516 	23.000000 	7.615773 	104.560989 	56.586216 	13.038404 	57.280014 	103.469803 	94.201912 	67.208633 	10.816654 	104.043259 	14.866069 	16.970562 	87.321243 	24.331051 	47.518417 	46.529560 	7.211102 	117.046997 	15.811388 	73.552704 	26.076809 	2.236068 	999.000000 	40.521599 	6.324555 	21.470911 	10.770329 	
89.274857 	68.007355 	97.005157 	26.627054 	130.138382 	96.834908 	79.195961 	84.148682 	98.994949 	62.289646 	101.823380 	23.409399 	60.415230 	88.752464 	132.245987 	140.758652 	26.419689 	19.416489 	40.249222 	137.887634 	93.744331 	50.990196 	94.578011 	137.186005 	128.887543 	104.043259 	49.244289 	137.902145 	53.712196 	55.946404 	122.918671 	16.552946 	8.944272 	8.062258 	46.238514 	149.966660 	55.713554 	110.941429 	65.924202 	42.720020 	40.521599 	999.000000 	46.840153 	61.684681 	51.244511 	
50.990196 	28.792360 	56.035702 	23.086792 	91.268837 	54.817879 	44.384682 	48.383881 	62.241467 	29.017237 	64.884514 	38.078865 	17.888544 	46.227695 	93.493317 	103.077644 	22.000000 	29.068884 	10.295630 	99.644371 	51.088158 	9.055386 	51.739735 	98.478424 	89.050545 	61.717098 	7.000000 	99.020203 	9.848858 	11.661903 	82.006096 	30.594116 	53.758720 	52.773098 	4.472136 	112.160599 	9.899495 	67.896980 	20.000000 	4.123106 	6.324555 	46.840153 	999.000000 	15.264338 	4.472136 	
39.051247 	19.235384 	42.485291 	36.496574 	77.826729 	40.816662 	35.057095 	38.052597 	50.447994 	24.186773 	52.886673 	50.009998 	9.433981 	32.249031 	80.062477 	89.899948 	35.902645 	43.174065 	22.203604 	86.313385 	36.891735 	12.041595 	37.443291 	85.000000 	75.292763 	47.434166 	13.038404 	85.475143 	9.055386 	7.280110 	67.955872 	45.221676 	68.154236 	67.186310 	15.524175 	98.838249 	6.082763 	53.263496 	5.000000 	19.235384 	21.470911 	61.684681 	15.264338 	999.000000 	10.816654 	
47.539455 	25.709921 	52.153618 	27.000000 	87.464279 	50.803543 	41.593269 	45.354160 	58.872746 	27.166155 	61.465439 	41.593269 	14.560220 	42.201897 	89.693924 	99.362968 	26.076809 	33.241539 	13.341664 	95.880135 	47.010635 	7.615773 	47.634022 	94.667839 	85.146935 	57.628117 	6.403124 	95.189285 	7.000000 	8.246211 	78.006409 	34.928497 	58.051701 	57.070133 	6.324555 	108.406639 	5.830952 	63.702435 	15.620500 	8.544003 	10.770329 	51.244511 	4.472136 	10.816654 	999.000000 	

Travel time:
9.000000 	0.561805 	0.250000 	1.573412 	1.027740 	0.309233 	0.285044 	0.175000 	0.285044 	0.675463 	0.348210 	1.741049 	0.827647 	0.305164 	1.081954 	1.310773 	1.591383 	1.750893 	1.285010 	1.230091 	0.325960 	1.063602 	0.347311 	1.206752 	0.990581 	0.450694 	1.119431 	1.222957 	1.028652 	0.984886 	0.845946 	1.838478 	2.325135 	2.305022 	1.209339 	1.540292 	1.044629 	0.629484 	0.863134 	1.342805 	1.389244 	2.231871 	1.274755 	0.976281 	1.188486 	
0.561805 	9.000000 	0.726722 	1.035012 	1.585284 	0.721110 	0.400780 	0.491172 	0.838525 	0.230489 	0.905883 	1.258223 	0.279509 	0.525595 	1.640122 	1.872164 	1.046721 	1.215010 	0.726722 	1.790251 	0.648556 	0.503115 	0.670820 	1.765113 	1.540495 	0.901388 	0.559017 	1.780449 	0.474342 	0.436606 	1.379311 	1.296389 	1.814008 	1.792345 	0.648556 	2.101339 	0.505594 	1.076162 	0.403887 	0.782624 	0.828025 	1.700184 	0.719809 	0.480885 	0.642748 	
0.250000 	0.726722 	9.000000 	1.760859 	0.883883 	0.090139 	0.530330 	0.425000 	0.325960 	0.883883 	0.348210 	1.957358 	0.960469 	0.261008 	0.939747 	1.185591 	1.773415 	1.940522 	1.449569 	1.095730 	0.176777 	1.206752 	0.182003 	1.063602 	0.825379 	0.201556 	1.261200 	1.076162 	1.160011 	1.110180 	0.654313 	2.022993 	2.531057 	2.510105 	1.350926 	1.408900 	1.158123 	0.382426 	0.939415 	1.480076 	1.530523 	2.425129 	1.400892 	1.062132 	1.303840 	
1.573412 	1.035012 	1.760859 	9.000000 	2.599159 	1.755349 	1.331587 	1.453444 	1.825000 	0.903120 	1.895554 	0.391312 	0.850368 	1.553222 	2.652593 	2.871628 	0.055902 	0.180278 	0.357946 	2.796650 	1.677982 	0.625000 	1.698897 	2.776801 	2.563811 	1.935523 	0.588430 	2.793967 	0.697316 	0.752080 	2.410654 	0.265754 	0.798827 	0.775403 	0.527376 	3.102116 	0.760345 	2.107872 	1.006541 	0.480885 	0.436606 	0.665676 	0.577170 	0.912414 	0.675000 	
1.027740 	1.585284 	0.883883 	2.599159 	9.000000 	0.929045 	1.274755 	1.150272 	0.781025 	1.697056 	0.710634 	2.740894 	1.837457 	1.140449 	0.055902 	0.309233 	2.618444 	2.775450 	2.311385 	0.213600 	1.030776 	2.080865 	1.021335 	0.180278 	0.111803 	0.783023 	2.136147 	0.195256 	2.038535 	1.990289 	0.301040 	2.864655 	3.335416 	3.316342 	2.226264 	0.525595 	2.040833 	0.701783 	1.822430 	2.357568 	2.406502 	3.253459 	2.281721 	1.945668 	2.186607 	
0.309233 	0.721110 	0.090139 	1.755349 	0.929045 	9.000000 	0.575000 	0.480885 	0.416083 	0.896172 	0.436606 	1.968026 	0.937083 	0.215058 	0.984886 	1.234909 	1.765113 	1.935523 	1.434617 	1.142366 	0.103078 	1.184536 	0.100000 	1.107080 	0.862047 	0.180278 	1.237942 	1.118034 	1.133578 	1.081954 	0.680074 	2.015099 	2.533895 	2.512469 	1.326885 	1.454519 	1.125000 	0.357946 	0.896172 	1.453444 	1.505199 	2.420873 	1.370447 	1.020416 	1.270089 	
0.285044 	0.400780 	0.530330 	1.331587 	1.274755 	0.575000 	9.000000 	0.125000 	0.494975 	0.430116 	0.565685 	1.470544 	0.679154 	0.482830 	1.326885 	1.540495 	1.355083 	1.505199 	1.073546 	1.467353 	0.559017 	0.886002 	0.583631 	1.450000 	1.250000 	0.731864 	0.941076 	1.468205 	0.867828 	0.834416 	1.119431 	1.597263 	2.061553 	2.042211 	1.027740 	1.770946 	0.905539 	0.912414 	0.785016 	1.162164 	1.202601 	1.979899 	1.109617 	0.876427 	1.039832 	
0.175000 	0.491172 	0.425000 	1.453444 	1.150272 	0.480885 	0.125000 	9.000000 	0.371652 	0.550568 	0.442295 	1.595502 	0.770146 	0.430116 	1.202601 	1.418185 	1.475847 	1.627882 	1.187697 	1.343968 	0.482830 	0.989002 	0.506211 	1.325943 	1.125000 	0.625500 	1.044629 	1.343968 	0.965013 	0.927699 	0.995615 	1.719193 	2.186464 	2.167083 	1.132751 	1.648674 	0.995301 	0.803508 	0.850368 	1.267379 	1.309819 	2.103717 	1.209597 	0.951315 	1.133854 	
0.285044 	0.838525 	0.325960 	1.825000 	0.781025 	0.416083 	0.494975 	0.371652 	9.000000 	0.921954 	0.070711 	1.960230 	1.109617 	0.534439 	0.832541 	1.046721 	1.846957 	1.999531 	1.553222 	0.972432 	0.492443 	1.341641 	0.503115 	0.955249 	0.763217 	0.450694 	1.397542 	0.973717 	1.309819 	1.267379 	0.656220 	2.090753 	2.554408 	2.535375 	1.487027 	1.277204 	1.328533 	0.585235 	1.147279 	1.621149 	1.666208 	2.474874 	1.556037 	1.261200 	1.471819 	
0.675463 	0.230489 	0.883883 	0.903120 	1.697056 	0.896172 	0.430116 	0.550568 	0.921954 	9.000000 	0.992472 	1.073546 	0.369121 	0.721543 	1.750179 	1.968661 	0.925338 	1.078483 	0.650000 	1.893575 	0.838153 	0.500000 	0.862047 	1.874166 	1.665083 	1.073837 	0.550568 	1.891593 	0.505594 	0.491172 	1.520074 	1.168867 	1.650757 	1.630376 	0.629484 	2.199148 	0.570088 	1.253994 	0.566789 	0.760345 	0.794512 	1.557241 	0.725431 	0.604669 	0.679154 	
0.348210 	0.905883 	0.348210 	1.895554 	0.710634 	0.436606 	0.565685 	0.442295 	0.070711 	0.992472 	9.000000 	2.030394 	1.175266 	0.577170 	0.761988 	0.976281 	1.917355 	2.070175 	1.622498 	0.901734 	0.522015 	1.408900 	0.529741 	0.884590 	0.694622 	0.442295 	1.464795 	0.903120 	1.375909 	1.332760 	0.594243 	2.161308 	2.624881 	2.605883 	1.554429 	1.206752 	1.392839 	0.559017 	1.206752 	1.688380 	1.733854 	2.545584 	1.622113 	1.322167 	1.536636 	
1.741049 	1.258223 	1.957358 	0.391312 	2.740894 	1.968026 	1.470544 	1.595502 	1.960230 	1.073546 	2.030394 	9.000000 	1.138530 	1.782730 	2.791617 	2.991760 	0.437321 	0.340037 	0.707107 	2.925854 	1.903943 	0.950000 	1.926947 	2.912902 	2.720294 	2.146654 	0.926350 	2.932256 	1.025000 	1.075291 	2.586624 	0.413824 	0.602080 	0.585769 	0.883883 	3.220443 	1.101136 	2.325941 	1.327121 	0.862047 	0.822344 	0.585235 	0.951972 	1.250250 	1.039832 	
0.827647 	0.279509 	0.960469 	0.850368 	1.837457 	0.937083 	0.679154 	0.770146 	1.109617 	0.369121 	1.175266 	1.138530 	9.000000 	0.725000 	1.892914 	2.130874 	0.850000 	1.028652 	0.506211 	2.045880 	0.849264 	0.247487 	0.867828 	2.017734 	1.785007 	1.113833 	0.301040 	2.031779 	0.201556 	0.158114 	1.613420 	1.097725 	1.648105 	1.625000 	0.390512 	2.358495 	0.226385 	1.277204 	0.223607 	0.520216 	0.570088 	1.510381 	0.447214 	0.235850 	0.364006 	
0.305164 	0.525595 	0.261008 	1.553222 	1.140449 	0.215058 	0.482830 	0.430116 	0.534439 	0.721543 	0.577170 	1.782730 	0.725000 	9.000000 	1.196349 	1.444386 	1.560649 	1.733494 	1.226020 	1.353237 	0.125000 	0.972432 	0.145774 	1.319327 	1.076162 	0.388909 	1.025305 	1.330883 	0.919918 	0.867828 	0.895126 	1.810559 	2.338402 	2.316517 	1.113833 	1.666021 	0.910014 	0.555090 	0.682367 	1.239455 	1.291559 	2.218812 	1.155692 	0.806226 	1.055047 	
1.081954 	1.640122 	0.939747 	2.652593 	0.055902 	0.984886 	1.326885 	1.202601 	0.832541 	1.750179 	0.761988 	2.791617 	1.892914 	1.196349 	9.000000 	0.254951 	2.672195 	2.828648 	2.366036 	0.158114 	1.086566 	2.136147 	1.077033 	0.125000 	0.152069 	0.838153 	2.191461 	0.141421 	2.094039 	2.045880 	0.350000 	2.918154 	3.386831 	3.367863 	2.281584 	0.469707 	2.096575 	0.753741 	1.878330 	2.412986 	2.461833 	3.306150 	2.337333 	2.001562 	2.242348 	
1.310773 	1.872164 	1.185591 	2.871628 	0.309233 	1.234909 	1.540495 	1.418185 	1.046721 	1.968661 	0.976281 	2.991760 	2.130874 	1.444386 	0.254951 	9.000000 	2.893635 	3.045694 	2.595308 	0.100000 	1.337208 	2.371840 	1.328533 	0.152069 	0.400780 	1.092016 	2.427447 	0.158114 	2.332381 	2.285416 	0.602080 	3.137375 	3.590700 	3.572464 	2.517563 	0.230489 	2.338402 	1.007782 	2.125000 	2.650000 	2.697800 	3.518966 	2.576941 	2.247499 	2.484074 	
1.591383 	1.046721 	1.773415 	0.055902 	2.618444 	1.765113 	1.355083 	1.475847 	1.846957 	0.925338 	1.917355 	0.437321 	0.850000 	1.560649 	2.672195 	2.893635 	9.000000 	0.182003 	0.348210 	2.817468 	1.685601 	0.617454 	1.706055 	2.796650 	2.580940 	1.945026 	0.577170 	2.813472 	0.687841 	0.743303 	2.425000 	0.250000 	0.807001 	0.783023 	0.509902 	3.124100 	0.745822 	2.115715 	0.996243 	0.450694 	0.403113 	0.660492 	0.550000 	0.897566 	0.651920 	
1.750893 	1.215010 	1.940522 	0.180278 	2.775450 	1.935523 	1.505199 	1.627882 	1.999531 	1.078483 	2.070175 	0.340037 	1.028652 	1.733494 	2.828648 	3.045694 	0.182003 	9.000000 	0.529741 	2.971742 	1.858259 	0.798827 	1.879162 	2.952647 	2.741464 	2.115715 	0.759111 	2.970059 	0.869626 	0.925000 	2.589643 	0.103078 	0.625000 	0.601041 	0.691466 	3.276145 	0.927699 	2.288149 	1.178187 	0.625500 	0.575000 	0.485412 	0.726722 	1.079352 	0.831038 	
1.285010 	0.726722 	1.449569 	0.357946 	2.311385 	1.434617 	1.073546 	1.187697 	1.553222 	0.650000 	1.622498 	0.707107 	0.506211 	1.226020 	2.366036 	2.595308 	0.348210 	0.529741 	9.000000 	2.515079 	1.350926 	0.269258 	1.370447 	2.490984 	2.267157 	1.613420 	0.230489 	2.506616 	0.340037 	0.395285 	2.103717 	0.592663 	1.154340 	1.130542 	0.176777 	2.825111 	0.403113 	1.780449 	0.649038 	0.195256 	0.190394 	1.006231 	0.257391 	0.555090 	0.333542 	
1.230091 	1.790251 	1.095730 	2.796650 	0.213600 	1.142366 	1.467353 	1.343968 	0.972432 	1.893575 	0.901734 	2.925854 	2.045880 	1.353237 	0.158114 	0.100000 	2.817468 	2.971742 	2.515079 	9.000000 	1.244237 	2.288149 	1.234909 	0.055902 	0.301040 	0.996243 	2.343608 	0.070711 	2.247221 	2.199574 	0.502494 	3.062372 	3.523226 	3.504640 	2.433747 	0.313249 	2.251250 	0.908639 	2.034853 	2.565638 	2.614025 	3.447191 	2.491109 	2.157835 	2.397003 	
0.325960 	0.648556 	0.176777 	1.677982 	1.030776 	0.103078 	0.559017 	0.482830 	0.492443 	0.838153 	0.522015 	1.903943 	0.849264 	0.125000 	1.086566 	1.337208 	1.685601 	1.858259 	1.350926 	1.244237 	9.000000 	1.096586 	0.025000 	1.208305 	0.961769 	0.265754 	1.149184 	1.218862 	1.043132 	0.990581 	0.776611 	1.935523 	2.462214 	2.440415 	1.237437 	1.556037 	1.030776 	0.430116 	0.797653 	1.362213 	1.414655 	2.343608 	1.277204 	0.922293 	1.175266 	
1.063602 	0.503115 	1.206752 	0.625000 	2.080865 	1.184536 	0.886002 	0.989002 	1.341641 	0.500000 	1.408900 	0.950000 	0.247487 	0.972432 	2.136147 	2.371840 	0.617454 	0.798827 	0.269258 	2.288149 	1.096586 	9.000000 	1.114955 	2.261084 	2.030394 	1.361295 	0.055902 	2.275549 	0.075000 	0.127475 	1.860276 	0.860959 	1.423025 	1.399330 	0.145774 	2.600240 	0.158114 	1.523975 	0.382426 	0.279509 	0.325960 	1.274755 	0.226385 	0.301040 	0.190394 	
0.347311 	0.670820 	0.182003 	1.698897 	1.021335 	0.100000 	0.583631 	0.506211 	0.503115 	0.862047 	0.529741 	1.926947 	0.867828 	0.145774 	1.077033 	1.328533 	1.706055 	1.879162 	1.370447 	1.234909 	0.025000 	1.114955 	9.000000 	1.198176 	0.950329 	0.250000 	1.167262 	1.208305 	1.060660 	1.007782 	0.763217 	1.955920 	2.484074 	2.462214 	1.255239 	1.546165 	1.046721 	0.410031 	0.811249 	1.379311 	1.432000 	2.364450 	1.293493 	0.936082 	1.190850 	
1.206752 	1.765113 	1.063602 	2.776801 	0.180278 	1.107080 	1.450000 	1.325943 	0.955249 	1.874166 	0.884590 	2.912902 	2.017734 	1.319327 	0.125000 	0.152069 	2.796650 	2.952647 	2.490984 	0.055902 	1.208305 	2.261084 	1.198176 	9.000000 	0.254951 	0.956883 	2.316382 	0.025000 	2.218812 	2.170541 	0.456207 	3.042408 	3.508917 	3.490075 	2.406502 	0.348210 	2.220923 	0.863134 	2.001562 	2.537838 	2.586745 	3.429650 	2.461961 	2.125000 	2.366696 	
0.990581 	1.540495 	0.825379 	2.563811 	0.111803 	0.862047 	1.250000 	1.125000 	0.763217 	1.665083 	0.694622 	2.720294 	1.785007 	1.076162 	0.152069 	0.400780 	2.580940 	2.741464 	2.267157 	0.301040 	0.961769 	2.030394 	0.950329 	0.254951 	9.000000 	0.705780 	2.085216 	0.261008 	1.985101 	1.935523 	0.201556 	2.828648 	3.310966 	3.291371 	2.175144 	0.601041 	1.983053 	0.608276 	1.758195 	2.305022 	2.355048 	3.222188 	2.226264 	1.882319 	2.128673 	
0.450694 	0.901388 	0.201556 	1.935523 	0.783023 	0.180278 	0.731864 	0.625500 	0.450694 	1.073837 	0.442295 	2.146654 	1.113833 	0.388909 	0.838153 	1.092016 	1.945026 	2.115715 	1.613420 	0.996243 	0.265754 	1.361295 	0.250000 	0.956883 	0.705780 	9.000000 	1.414214 	0.965660 	1.308625 	1.256234 	0.514782 	2.195023 	2.713969 	2.692582 	1.502706 	1.305038 	1.296389 	0.182003 	1.060955 	1.627882 	1.680216 	2.601081 	1.542928 	1.185854 	1.440703 	
1.119431 	0.559017 	1.261200 	0.588430 	2.136147 	1.237942 	0.941076 	1.044629 	1.397542 	0.550568 	1.464795 	0.926350 	0.301040 	1.025305 	2.191461 	2.427447 	0.577170 	0.759111 	0.230489 	2.343608 	1.149184 	0.055902 	1.167262 	2.316382 	2.085216 	1.414214 	9.000000 	2.330772 	0.111803 	0.167705 	1.914419 	0.817389 	1.384061 	1.360147 	0.090139 	2.655772 	0.175000 	1.575794 	0.419076 	0.223607 	0.270416 	1.231107 	0.175000 	0.325960 	0.160078 	
1.222957 	1.780449 	1.076162 	2.793967 	0.195256 	1.118034 	1.468205 	1.343968 	0.973717 	1.891593 	0.903120 	2.932256 	2.031779 	1.330883 	0.141421 	0.158114 	2.813472 	2.970059 	2.506616 	0.070711 	1.218862 	2.275549 	1.208305 	0.025000 	0.261008 	0.965660 	2.330772 	9.000000 	2.232711 	2.184176 	0.460977 	3.059514 	3.527836 	3.508917 	2.420873 	0.340037 	2.233971 	0.867828 	2.013237 	2.551960 	2.601081 	3.447554 	2.475505 	2.136878 	2.379732 	
1.028652 	0.474342 	1.160011 	0.697316 	2.038535 	1.133578 	0.867828 	0.965013 	1.309819 	0.505594 	1.375909 	1.025000 	0.201556 	0.919918 	2.094039 	2.332381 	0.687841 	0.869626 	0.340037 	2.247221 	1.043132 	0.075000 	1.060660 	2.218812 	1.985101 	1.308625 	0.111803 	2.232711 	9.000000 	0.055902 	1.811767 	0.929045 	1.494365 	1.470544 	0.195256 	2.559907 	0.090139 	1.468205 	0.309233 	0.320156 	0.371652 	1.342805 	0.246221 	0.226385 	0.175000 	
0.984886 	0.436606 	1.110180 	0.752080 	1.990289 	1.081954 	0.834416 	0.927699 	1.267379 	0.491172 	1.332760 	1.075291 	0.158114 	0.867828 	2.045880 	2.285416 	0.743303 	0.925000 	0.395285 	2.199574 	0.990581 	0.127475 	1.007782 	2.170541 	1.935523 	1.256234 	0.167705 	2.184176 	0.055902 	9.000000 	1.760859 	0.984886 	1.549597 	1.525820 	0.250000 	2.512469 	0.079057 	1.414655 	0.254951 	0.371652 	0.424264 	1.398660 	0.291548 	0.182003 	0.206155 	
0.845946 	1.379311 	0.654313 	2.410654 	0.301040 	0.680074 	1.119431 	0.995615 	0.656220 	1.520074 	0.594243 	2.586624 	1.613420 	0.895126 	0.350000 	0.602080 	2.425000 	2.589643 	2.103717 	0.502494 	0.776611 	1.860276 	0.763217 	0.456207 	0.201556 	0.514782 	1.914419 	0.460977 	1.811767 	1.760859 	9.000000 	2.674065 	3.170666 	3.150397 	2.003902 	0.800391 	1.805028 	0.406971 	1.574206 	2.131901 	2.183031 	3.072967 	2.050152 	1.698897 	1.950160 	
1.838478 	1.296389 	2.022993 	0.265754 	2.864655 	2.015099 	1.597263 	1.719193 	2.090753 	1.168867 	2.161308 	0.413824 	1.097725 	1.810559 	2.918154 	3.137375 	0.250000 	0.103078 	0.592663 	3.062372 	1.935523 	0.860959 	1.955920 	3.042408 	2.828648 	2.195023 	0.817389 	3.059514 	0.929045 	0.984886 	2.674065 	9.000000 	0.579871 	0.555090 	0.743303 	3.367863 	0.980434 	2.365639 	1.234909 	0.661910 	0.608276 	0.413824 	0.764853 	1.130542 	0.873212 	
2.325135 	1.814008 	2.531057 	0.798827 	3.335416 	2.533895 	2.061553 	2.186464 	2.554408 	1.650757 	2.624881 	0.602080 	1.648105 	2.338402 	3.386831 	3.590700 	0.807001 	0.625000 	1.154340 	3.523226 	2.462214 	1.423025 	2.484074 	3.508917 	3.310966 	2.713969 	1.384061 	3.527836 	1.494365 	1.549597 	3.170666 	0.579871 	9.000000 	0.025000 	1.315770 	3.819849 	1.552418 	2.890069 	1.803122 	1.241219 	1.187960 	0.223607 	1.343968 	1.703856 	1.451293 	
2.305022 	1.792345 	2.510105 	0.775403 	3.316342 	2.512469 	2.042211 	2.167083 	2.535375 	1.630376 	2.605883 	0.585769 	1.625000 	2.316517 	3.367863 	3.572464 	0.783023 	0.601041 	1.130542 	3.504640 	2.440415 	1.399330 	2.462214 	3.490075 	3.291371 	2.692582 	1.360147 	3.508917 	1.470544 	1.525820 	3.150397 	0.555090 	0.025000 	9.000000 	1.291559 	3.801727 	1.528275 	2.868471 	1.779220 	1.216552 	1.163239 	0.201556 	1.319327 	1.679658 	1.426753 	
1.209339 	0.648556 	1.350926 	0.527376 	2.226264 	1.326885 	1.027740 	1.132751 	1.487027 	0.629484 	1.554429 	0.883883 	0.390512 	1.113833 	2.281584 	2.517563 	0.509902 	0.691466 	0.176777 	2.433747 	1.237437 	0.145774 	1.255239 	2.406502 	2.175144 	1.502706 	0.090139 	2.420873 	0.195256 	0.250000 	2.003902 	0.743303 	1.315770 	1.291559 	9.000000 	2.745906 	0.237171 	1.663205 	0.492443 	0.134629 	0.180278 	1.155963 	0.111803 	0.388104 	0.158114 	
1.540292 	2.101339 	1.408900 	3.102116 	0.525595 	1.454519 	1.770946 	1.648674 	1.277204 	2.199148 	1.206752 	3.220443 	2.358495 	1.666021 	0.469707 	0.230489 	3.124100 	3.276145 	2.825111 	0.313249 	1.556037 	2.600240 	1.546165 	0.348210 	0.601041 	1.305038 	2.655772 	0.340037 	2.559907 	2.512469 	0.800391 	3.367863 	3.819849 	3.801727 	2.745906 	9.000000 	2.564420 	1.206752 	2.347871 	2.878042 	2.926175 	3.749166 	2.804015 	2.470956 	2.710166 	
1.044629 	0.505594 	1.158123 	0.760345 	2.040833 	1.125000 	0.905539 	0.995301 	1.328533 	0.570088 	1.392839 	1.101136 	0.226385 	0.910014 	2.096575 	2.338402 	0.745822 	0.927699 	0.403113 	2.251250 	1.030776 	0.158114 	1.046721 	2.220923 	1.983053 	1.296389 	0.175000 	2.233971 	0.090139 	0.079057 	1.805028 	0.980434 	1.552418 	1.528275 	0.237171 	2.564420 	9.000000 	1.450000 	0.257391 	0.340037 	0.395285 	1.392839 	0.247487 	0.152069 	0.145774 	
0.629484 	1.076162 	0.382426 	2.107872 	0.701783 	0.357946 	0.912414 	0.803508 	0.585235 	1.253994 	0.559017 	2.325941 	1.277204 	0.555090 	0.753741 	1.007782 	2.115715 	2.288149 	1.780449 	0.908639 	0.430116 	1.523975 	0.410031 	0.863134 	0.608276 	0.182003 	1.575794 	0.867828 	1.468205 	1.414655 	0.406971 	2.365639 	2.890069 	2.868471 	1.663205 	1.206752 	1.450000 	9.000000 	1.206752 	1.785532 	1.838818 	2.773536 	1.697425 	1.331587 	1.592561 	
