Total assets = 599
Number of asset nodes = 33

Distance:
999.000000 	17.464249 	20.124611 	18.357559 	50.000000 	44.944408 	93.723000 	37.576588 	30.083218 	79.931221 	88.413803 	16.401220 	82.073135 	88.391174 	60.207973 	10.000000 	7.810250 	104.350372 	13.000000 	22.803509 	52.773098 	38.013157 	85.041168 	31.400637 	90.027771 	99.005051 	17.204651 	73.783470 	53.851646 	25.942244 	36.221542 	34.058773 	24.698177 	20.000000 	42.426407 	104.004807 	23.021729 	44.407207 	78.892334 	28.178005 	85.440041 	25.495098 	41.677334 	29.732138 	96.519424 	30.413813 	56.568542 	55.326305 	33.015148 	96.798759 	
17.464249 	999.000000 	2.828427 	2.000000 	67.119293 	62.265560 	109.622078 	20.124611 	47.539455 	96.540146 	104.737770 	8.485281 	98.716766 	104.890419 	77.524193 	15.264338 	17.029387 	120.241425 	17.088007 	11.180340 	70.213959 	21.213203 	101.828285 	48.507732 	106.826965 	115.520561 	26.925823 	91.065910 	71.309189 	16.492422 	53.150730 	19.924858 	17.464249 	32.388271 	26.925823 	120.615089 	23.345236 	61.392181 	96.254868 	41.436699 	102.727798 	36.400551 	29.427877 	40.162170 	113.740936 	40.496914 	73.545906 	72.180328 	44.643028 	114.057007 	
20.124611 	2.828427 	999.000000 	2.000000 	69.892776 	65.000000 	112.449989 	17.464249 	50.159744 	99.357941 	107.563934 	8.944272 	101.533249 	107.712578 	80.262070 	18.027756 	19.849434 	123.069084 	18.439089 	9.848858 	72.897186 	18.384777 	104.637466 	50.960770 	109.635757 	118.342720 	28.442924 	93.813644 	73.925636 	15.231546 	55.542778 	17.464249 	16.643316 	34.132095 	24.186773 	123.434196 	23.600847 	63.788715 	98.979797 	43.185646 	105.475113 	37.854988 	27.166155 	41.484936 	116.503220 	41.761227 	75.927597 	74.525162 	46.097721 	116.811813 	
18.357559 	2.000000 	2.000000 	999.000000 	68.242218 	63.285069 	111.072052 	19.313208 	48.332184 	97.836601 	106.103722 	7.211102 	100.004997 	106.216759 	78.549347 	17.000000 	18.601076 	121.696342 	16.492422 	9.219544 	71.119621 	19.849434 	103.077644 	49.040798 	108.074051 	116.846054 	26.476404 	92.114059 	72.090218 	14.560220 	53.600372 	18.027756 	15.652476 	32.140316 	25.238859 	121.918007 	22.022715 	61.846584 	97.247108 	41.194660 	103.773796 	35.902645 	27.459061 	39.560081 	114.825958 	39.849716 	73.979729 	72.567207 	44.147480 	115.121674 	
50.000000 	67.119293 	69.892776 	68.242218 	999.000000 	6.324555 	46.518814 	87.132080 	22.472204 	30.805843 	39.962482 	65.946945 	32.802441 	39.408119 	11.180340 	53.665630 	51.000000 	56.824291 	58.728188 	72.249565 	9.219544 	88.005684 	35.383614 	26.570660 	40.311287 	49.819675 	53.254108 	24.166092 	14.142136 	74.249580 	26.305893 	83.546394 	72.180328 	48.373547 	92.195442 	54.561890 	65.802734 	24.331051 	29.732138 	45.541191 	35.777088 	51.478149 	89.872131 	53.141319 	46.647614 	54.083271 	27.202942 	28.301943 	50.695168 	47.010635 	
44.944408 	62.265560 	65.000000 	63.285069 	6.324555 	999.000000 	52.801514 	82.365044 	16.401220 	36.891735 	46.141087 	60.605282 	38.832977 	45.486263 	15.264338 	49.396355 	46.615448 	63.063461 	53.037724 	66.843102 	9.000000 	82.927681 	41.231056 	20.248457 	46.097721 	55.803226 	47.201694 	28.844410 	12.649111 	68.622154 	20.099751 	78.102493 	66.468040 	42.190044 	86.833176 	60.440052 	59.816387 	18.973665 	34.000000 	39.217342 	40.496914 	45.188496 	84.148682 	46.818798 	51.613953 	47.759815 	24.083189 	24.758837 	44.384682 	51.865211 	
93.723000 	109.622078 	112.449989 	111.072052 	46.518814 	52.801514 	999.000000 	128.763351 	68.883957 	17.117243 	8.062258 	110.113579 	16.000000 	10.440307 	41.000000 	94.762863 	92.633690 	10.630146 	104.043259 	116.516090 	49.729267 	130.831955 	16.492422 	73.006851 	15.264338 	11.401754 	99.478638 	32.062439 	52.952808 	119.201508 	72.111023 	127.781059 	117.413795 	94.826157 	136.029404 	16.031219 	111.830231 	67.911705 	32.984844 	91.923882 	28.635643 	97.989792 	135.000000 	99.538940 	26.907248 	100.463921 	64.124878 	66.189125 	96.798759 	28.319605 	
37.576588 	20.124611 	17.464249 	19.313208 	87.132080 	82.365044 	128.763351 	999.000000 	67.623962 	116.211014 	124.197426 	24.186773 	118.406082 	124.470879 	97.616600 	34.058773 	36.400551 	139.344894 	34.132095 	20.099751 	90.338257 	6.708204 	121.605919 	68.308128 	126.605690 	135.092560 	44.045429 	111.139549 	91.389275 	23.086792 	72.801102 	15.620500 	25.961510 	50.159744 	14.560220 	140.246216 	35.693138 	81.043198 	116.361504 	59.076221 	122.800652 	53.009434 	23.853722 	56.142673 	133.775925 	56.222771 	93.145050 	91.678787 	61.073727 	134.111893 	
30.083218 	47.539455 	50.159744 	48.332184 	22.472204 	16.401220 	68.883957 	67.623962 	999.000000 	53.254108 	62.433964 	44.944408 	55.217751 	61.854668 	31.144823 	36.345562 	33.376640 	79.259071 	36.878178 	51.039200 	23.021729 	67.601776 	57.628117 	6.708204 	62.481998 	72.201111 	30.805843 	44.687805 	23.769728 	52.497620 	10.630146 	62.201286 	50.249378 	25.942244 	71.028160 	76.837494 	43.416588 	16.763054 	49.406479 	24.186773 	56.222771 	29.410883 	67.896980 	31.575306 	67.475922 	32.557640 	28.160255 	27.459061 	30.016663 	67.623962 	
79.931221 	96.540146 	99.357941 	97.836601 	30.805843 	36.891735 	17.117243 	116.211014 	53.254108 	999.000000 	9.486833 	96.166519 	2.236068 	8.602325 	24.041630 	82.200974 	79.812279 	26.570660 	89.375610 	102.532921 	32.893768 	117.686020 	6.082763 	56.824291 	10.770329 	19.104973 	84.053551 	15.524175 	35.902645 	104.804581 	55.542778 	113.846390 	102.825096 	79.075912 	122.347862 	24.083189 	96.607452 	50.960770 	18.027756 	75.584389 	16.643316 	81.884064 	120.507263 	83.192551 	22.022715 	84.095184 	47.042534 	49.091751 	80.230919 	23.086792 	
88.413803 	104.737770 	107.563934 	106.103722 	39.962482 	46.141087 	8.062258 	124.197426 	62.433964 	9.486833 	999.000000 	104.737770 	8.062258 	2.828427 	33.526108 	90.138779 	87.863533 	17.088007 	98.234413 	111.126053 	42.379242 	125.936493 	8.544003 	66.189125 	8.602325 	11.180340 	93.193344 	24.020824 	45.354160 	113.569359 	65.000000 	122.429573 	111.664673 	88.323273 	130.831955 	16.552946 	105.683487 	60.440052 	25.000000 	85.000000 	21.095022 	91.241440 	129.321304 	92.612091 	21.470911 	93.520050 	56.222771 	58.309521 	89.693924 	22.825424 	
16.401220 	8.485281 	8.944272 	7.211102 	65.946945 	60.605282 	110.113579 	24.186773 	44.944408 	96.166519 	104.737770 	999.000000 	98.290382 	104.661362 	75.802376 	19.104973 	19.646883 	120.739388 	10.000000 	6.403124 	67.955872 	22.847319 	101.178062 	44.777225 	106.150833 	115.260574 	20.024984 	89.403580 	68.476273 	10.198039 	49.040798 	17.691807 	10.049875 	26.019224 	26.248810 	120.216469 	14.866069 	57.245087 	94.302704 	35.000000 	101.019798 	29.274563 	25.495098 	32.756680 	112.200714 	32.984844 	69.260376 	67.720009 	37.483330 	112.414413 	
82.073135 	98.716766 	101.533249 	100.004997 	32.802441 	38.832977 	16.000000 	118.406082 	55.217751 	2.236068 	8.062258 	98.290382 	999.000000 	6.708204 	25.632011 	84.403793 	82.006096 	25.000000 	91.438507 	104.651802 	34.539833 	119.854080 	4.000000 	58.668560 	8.544003 	17.029387 	86.023254 	16.124516 	37.363083 	106.887794 	57.271286 	115.965515 	104.890419 	80.993828 	124.482933 	21.931713 	98.600204 	52.497620 	17.888544 	77.369247 	15.620500 	83.725746 	122.576508 	84.970581 	20.099751 	85.866173 	48.166378 	50.249378 	81.939003 	21.213203 	
88.391174 	104.890419 	107.712578 	106.216759 	39.408119 	45.486263 	10.440307 	124.470879 	61.854668 	8.602325 	2.828427 	104.661362 	6.708204 	999.000000 	32.310989 	90.426765 	88.090858 	18.439089 	97.948967 	111.036034 	41.231056 	126.063477 	6.082763 	65.368187 	5.830952 	10.630146 	92.655273 	22.022715 	43.965897 	113.357841 	63.976559 	122.347862 	111.395691 	87.664131 	130.816666 	15.811388 	105.209312 	59.135437 	22.561028 	84.077347 	18.357559 	90.426765 	129.073624 	91.678787 	18.788294 	92.574295 	54.451813 	56.568542 	88.639717 	20.124611 	
60.207973 	77.524193 	80.262070 	78.549347 	11.180340 	15.264338 	41.000000 	97.616600 	31.144823 	24.041630 	33.526108 	75.802376 	25.632011 	32.310989 	999.000000 	64.474800 	61.741398 	50.596443 	68.014702 	82.006096 	8.944272 	98.183502 	27.294687 	33.600594 	31.906113 	42.059483 	61.619801 	13.601471 	12.041595 	83.630135 	31.764761 	93.236259 	81.394104 	56.222771 	102.004898 	46.324940 	74.330345 	26.925823 	18.788294 	51.971146 	25.238859 	58.523499 	99.035347 	59.539902 	36.400551 	60.415230 	24.515301 	26.305893 	56.364883 	36.619667 	
10.000000 	15.264338 	18.027756 	17.000000 	53.665630 	49.396355 	94.762863 	34.058773 	36.345562 	82.200974 	90.138779 	19.104973 	84.403793 	90.426765 	64.474800 	999.000000 	3.000000 	105.361282 	20.615528 	24.738634 	57.870544 	36.235340 	87.658424 	39.012817 	92.655273 	101.044548 	26.907248 	77.820305 	59.665737 	29.274563 	44.045429 	34.928497 	29.017237 	30.000000 	42.190044 	106.212051 	30.364452 	52.000000 	83.258636 	38.078865 	89.442719 	35.468296 	43.965897 	39.698868 	100.239716 	40.360870 	64.031242 	63.000000 	43.011627 	100.647903 	
7.810250 	17.029387 	19.849434 	18.601076 	51.000000 	46.615448 	92.633690 	36.400551 	33.376640 	79.812279 	87.863533 	19.646883 	82.006096 	88.090858 	61.741398 	3.000000 	999.000000 	103.247276 	19.646883 	25.632011 	55.027267 	38.209946 	85.211502 	36.013885 	90.210861 	98.716766 	25.000000 	75.133217 	56.753853 	29.832869 	41.048752 	36.235340 	29.274563 	27.658634 	43.829212 	103.855667 	29.614185 	49.000000 	80.529495 	35.510563 	86.769814 	33.241539 	44.944408 	37.483330 	97.616600 	38.183765 	61.032780 	60.000000 	40.607880 	98.005104 	
104.350372 	120.241425 	123.069084 	121.696342 	56.824291 	63.063461 	10.630146 	139.344894 	79.259071 	26.570660 	17.088007 	120.739388 	25.000000 	18.439089 	50.596443 	105.361282 	103.247276 	999.000000 	114.621117 	127.141655 	59.464275 	141.449631 	24.186773 	83.192551 	21.023796 	11.704700 	109.931801 	40.311287 	62.361847 	129.807556 	82.079231 	138.408813 	128.003906 	105.190300 	146.659470 	12.727922 	122.331520 	77.491936 	40.012497 	102.044106 	34.365681 	108.226616 	145.602203 	109.658562 	29.068884 	110.571243 	72.835434 	74.966660 	106.775467 	30.413813 	
13.000000 	17.088007 	18.439089 	16.492422 	58.728188 	53.037724 	104.043259 	34.132095 	36.878178 	89.375610 	98.234413 	10.000000 	91.438507 	97.948967 	68.014702 	20.615528 	19.646883 	114.621117 	999.000000 	14.866069 	59.816387 	32.280025 	94.111633 	35.846897 	99.035347 	108.466583 	10.049875 	81.565926 	59.908264 	15.620500 	39.812057 	25.553865 	13.453624 	16.031219 	34.481880 	113.278419 	10.049875 	47.927029 	86.214851 	25.000000 	93.085983 	19.416489 	31.144823 	23.086792 	104.350372 	23.409399 	59.808025 	58.189346 	27.658634 	104.484451 	
22.803509 	11.180340 	9.848858 	9.219544 	72.249565 	66.843102 	116.516090 	20.099751 	51.039200 	102.532921 	111.126053 	6.403124 	104.651802 	111.036034 	82.006096 	24.738634 	25.632011 	127.141655 	14.866069 	999.000000 	74.060783 	17.464249 	107.517441 	50.537113 	112.485558 	121.630585 	24.331051 	95.603348 	74.431175 	5.385165 	54.625999 	11.313708 	7.071068 	30.594116 	20.000000 	126.574089 	15.811388 	62.769421 	100.439034 	39.319206 	107.200745 	33.015148 	19.313208 	36.055511 	118.406082 	36.124783 	74.672615 	73.054771 	41.012192 	118.600166 	
52.773098 	70.213959 	72.897186 	71.119621 	9.219544 	9.000000 	49.729267 	90.338257 	23.021729 	32.893768 	42.379242 	67.955872 	34.539833 	41.231056 	8.944272 	57.870544 	55.027267 	59.464275 	59.816387 	74.060783 	999.000000 	90.553848 	36.235340 	24.839485 	40.816662 	51.000000 	53.037724 	21.931713 	5.000000 	75.432091 	22.825424 	85.211502 	73.109505 	47.507893 	94.047859 	55.226807 	65.764732 	18.248287 	26.400757 	43.046486 	33.301651 	49.648766 	90.686272 	50.606323 	44.598206 	51.478149 	18.357559 	19.697716 	47.423622 	44.687805 	
38.013157 	21.213203 	18.384777 	19.849434 	88.005684 	82.927681 	130.831955 	6.708204 	67.601776 	117.686020 	125.936493 	22.847319 	119.854080 	126.063477 	98.183502 	36.235340 	38.209946 	141.449631 	32.280025 	17.464249 	90.553848 	999.000000 	122.918671 	67.623962 	127.914032 	136.693085 	41.773197 	111.772087 	91.241440 	19.026299 	71.867935 	9.848858 	22.022715 	48.052055 	8.062258 	141.767410 	32.015621 	80.056229 	116.811813 	56.718605 	123.422043 	50.249378 	17.204651 	53.037724 	134.525085 	53.009434 	92.027168 	90.443352 	58.077534 	134.792435 	
85.041168 	101.828285 	104.637466 	103.077644 	35.383614 	41.231056 	16.492422 	121.605919 	57.628117 	6.082763 	8.544003 	101.178062 	4.000000 	6.082763 	27.294687 	87.658424 	85.211502 	24.186773 	94.111633 	107.517441 	36.235340 	122.918671 	999.000000 	60.745369 	5.000000 	14.764823 	88.408142 	16.124516 	38.626415 	109.622078 	59.059292 	118.827606 	107.563934 	83.234612 	127.404869 	19.209373 	101.044548 	53.851646 	16.492422 	79.259071 	12.806249 	85.755463 	125.255737 	86.833176 	16.124516 	87.709747 	48.662102 	50.803543 	83.630135 	17.262676 	
31.400637 	48.507732 	50.960770 	49.040798 	26.570660 	20.248457 	73.006851 	68.308128 	6.708204 	56.824291 	66.189125 	44.777225 	58.668560 	65.368187 	33.600594 	39.012817 	36.013885 	83.192551 	35.846897 	50.537113 	24.839485 	67.623962 	60.745369 	999.000000 	65.459915 	75.471848 	28.319605 	46.754681 	24.207438 	51.312767 	5.099020 	61.400326 	48.826221 	22.671568 	70.327805 	79.881165 	41.036568 	13.038404 	50.931328 	18.973665 	57.982758 	25.059929 	66.219330 	26.570660 	69.296463 	27.513634 	25.179358 	24.020824 	24.331051 	69.310890 	
90.027771 	106.826965 	109.635757 	108.074051 	40.311287 	46.097721 	15.264338 	126.605690 	62.481998 	10.770329 	8.602325 	106.150833 	8.544003 	5.830952 	31.906113 	92.655273 	90.210861 	21.023796 	99.035347 	112.485558 	40.816662 	127.914032 	5.000000 	65.459915 	999.000000 	10.440307 	93.236259 	19.924858 	42.953465 	114.560028 	63.631752 	123.794182 	112.485558 	88.005684 	132.382019 	14.422205 	105.891457 	58.180752 	19.000000 	83.862984 	13.601471 	90.426765 	130.176804 	91.416626 	13.000000 	92.282173 	52.392746 	54.571056 	88.119240 	14.317822 	
99.005051 	115.520561 	118.342720 	116.846054 	49.819675 	55.803226 	11.401754 	135.092560 	72.201111 	19.104973 	11.180340 	115.260574 	17.029387 	10.630146 	42.059483 	101.044548 	98.716766 	11.704700 	108.466583 	121.630585 	51.000000 	136.693085 	14.764823 	75.471848 	10.440307 	999.000000 	103.004852 	30.364452 	53.310413 	123.907227 	73.824112 	132.943604 	121.918007 	97.908119 	141.428421 	5.385165 	115.602768 	68.541962 	29.154760 	94.021271 	23.021729 	100.498756 	139.603012 	101.597244 	17.492855 	102.474388 	62.817196 	65.000000 	98.386993 	18.867962 	
17.204651 	26.925823 	28.442924 	26.476404 	53.254108 	47.201694 	99.478638 	44.045429 	30.805843 	84.053551 	93.193344 	20.024984 	86.023254 	92.655273 	61.619801 	26.907248 	25.000000 	109.931801 	10.049875 	24.331051 	53.037724 	41.773197 	88.408142 	28.319605 	93.236259 	103.004852 	999.000000 	74.966660 	52.497620 	23.769728 	31.622776 	34.176014 	21.023796 	6.324555 	43.081318 	107.615051 	12.727922 	39.446167 	79.246452 	15.033297 	86.278618 	9.486833 	38.013157 	13.416408 	97.590981 	13.892444 	50.990196 	49.244289 	17.720045 	97.621719 	
73.783470 	91.065910 	93.813644 	92.114059 	24.166092 	28.844410 	32.062439 	111.139549 	44.687805 	15.524175 	24.020824 	89.403580 	16.124516 	22.022715 	13.601471 	77.820305 	75.133217 	40.311287 	81.565926 	95.603348 	21.931713 	111.772087 	16.124516 	46.754681 	19.924858 	30.364452 	74.966660 	999.000000 	23.323807 	97.185387 	44.407207 	106.826965 	94.921021 	69.426216 	115.602768 	34.014702 	87.692642 	38.470768 	6.000000 	64.637451 	11.661903 	71.400284 	112.538879 	72.111023 	22.803509 	72.945183 	32.557640 	34.713108 	68.600288 	23.021729 	
53.851646 	71.309189 	73.925636 	72.090218 	14.142136 	12.649111 	52.952808 	91.389275 	23.769728 	35.902645 	45.354160 	68.476273 	37.363083 	43.965897 	12.041595 	59.665737 	56.753853 	62.361847 	59.908264 	74.431175 	5.000000 	91.241440 	38.626415 	24.207438 	42.953465 	53.310413 	52.497620 	23.323807 	999.000000 	75.451973 	21.260292 	85.440041 	73.006851 	46.690472 	94.339813 	57.245087 	65.192024 	15.231546 	26.907248 	41.400482 	34.058773 	48.270073 	90.426765 	48.826221 	45.343136 	49.648766 	13.416408 	14.866069 	45.276924 	45.276924 	
25.942244 	16.492422 	15.231546 	14.560220 	74.249580 	68.622154 	119.201508 	23.086792 	52.497620 	104.804581 	113.569359 	10.198039 	106.887794 	113.357841 	83.630135 	29.274563 	29.832869 	129.807556 	15.620500 	5.385165 	75.432091 	19.026299 	109.622078 	51.312767 	114.560028 	123.907227 	23.769728 	97.185387 	75.451973 	999.000000 	55.072678 	10.440307 	3.000000 	30.083218 	19.313208 	128.763351 	13.000000 	63.063461 	101.828285 	38.327538 	108.706024 	31.575306 	15.811388 	34.132095 	119.970833 	34.058773 	74.732857 	73.006851 	39.204590 	120.104118 	
36.221542 	53.150730 	55.542778 	53.600372 	26.305893 	20.099751 	72.111023 	72.801102 	10.630146 	55.542778 	65.000000 	49.040798 	57.271286 	63.976559 	31.764761 	44.045429 	41.048752 	82.079231 	39.812057 	54.625999 	22.825424 	71.867935 	59.059292 	5.099020 	63.631752 	73.824112 	31.622776 	44.407207 	21.260292 	55.072678 	999.000000 	65.299309 	52.478565 	25.612497 	74.242844 	78.032043 	44.204071 	8.246211 	48.166378 	20.248457 	55.317268 	27.018513 	69.634758 	27.784887 	66.603302 	28.653097 	20.396078 	19.104973 	24.698177 	66.528191 	
34.058773 	19.924858 	17.464249 	18.027756 	83.546394 	78.102493 	127.781059 	15.620500 	62.201286 	113.846390 	122.429573 	17.691807 	115.965515 	122.347862 	93.236259 	34.928497 	36.235340 	138.408813 	25.553865 	11.313708 	85.211502 	9.848858 	118.827606 	61.400326 	123.794182 	132.943604 	34.176014 	106.826965 	85.440041 	10.440307 	65.299309 	999.000000 	13.341664 	40.496914 	8.944272 	137.887634 	23.194826 	73.348480 	111.606453 	48.764740 	118.406082 	41.976185 	10.049875 	44.407207 	129.630249 	44.283180 	85.088188 	83.384651 	49.497475 	129.807556 	
24.698177 	17.464249 	16.643316 	15.652476 	72.180328 	66.468040 	117.413795 	25.961510 	50.249378 	102.825096 	111.664673 	10.049875 	104.890419 	111.395691 	81.394104 	29.017237 	29.274563 	128.003906 	13.453624 	7.071068 	73.109505 	22.022715 	107.563934 	48.826221 	112.485558 	121.918007 	21.023796 	94.921021 	73.006851 	3.000000 	52.478565 	13.341664 	999.000000 	27.313000 	22.135944 	126.732002 	10.000000 	60.415230 	99.488693 	35.440090 	106.404884 	28.635643 	17.691807 	31.144823 	117.686020 	31.064449 	72.013885 	70.263786 	36.221542 	117.796432 	
20.000000 	32.388271 	34.132095 	32.140316 	48.373547 	42.190044 	94.826157 	50.159744 	25.942244 	79.075912 	88.323273 	26.019224 	80.993828 	87.664131 	56.222771 	30.000000 	27.658634 	105.190300 	16.031219 	30.594116 	47.507893 	48.052055 	83.234612 	22.671568 	88.005684 	97.908119 	6.324555 	69.426216 	46.690472 	30.083218 	25.612497 	40.496914 	27.313000 	999.000000 	49.396355 	102.415817 	18.601076 	33.286633 	73.539108 	9.055386 	80.622574 	5.830952 	44.102154 	10.000000 	91.934761 	10.816654 	44.721359 	42.953465 	13.038404 	91.923882 	
42.426407 	26.925823 	24.186773 	25.238859 	92.195442 	86.833176 	136.029404 	14.560220 	71.028160 	122.347862 	130.831955 	26.248810 	124.482933 	130.816666 	102.004898 	42.190044 	43.829212 	146.659470 	34.481880 	20.000000 	94.047859 	8.062258 	127.404869 	70.327805 	132.382019 	141.428421 	43.081318 	115.602768 	94.339813 	19.313208 	74.242844 	8.944272 	22.135944 	49.396355 	999.000000 	146.413803 	31.780497 	82.292160 	120.432556 	57.567352 	127.200630 	50.695168 	10.816654 	52.952808 	138.405197 	52.773098 	94.021271 	92.309265 	58.051701 	138.600143 	
104.004807 	120.615089 	123.434196 	121.918007 	54.561890 	60.440052 	16.031219 	140.246216 	76.837494 	24.083189 	16.552946 	120.216469 	21.931713 	15.811388 	46.324940 	106.212051 	103.855667 	12.727922 	113.278419 	126.574089 	55.226807 	141.767410 	19.209373 	79.881165 	14.422205 	5.385165 	107.615051 	34.014702 	57.245087 	128.763351 	78.032043 	137.887634 	126.732002 	102.415817 	146.413803 	999.000000 	120.253899 	72.449982 	32.015621 	98.270035 	25.317978 	104.847511 	144.422989 	105.815880 	17.464249 	106.677086 	66.098412 	68.308128 	102.474388 	18.681541 	
23.021729 	23.345236 	23.600847 	22.022715 	65.802734 	59.816387 	111.830231 	35.693138 	43.416588 	96.607452 	105.683487 	14.866069 	98.600204 	105.209312 	74.330345 	30.364452 	29.614185 	122.331520 	10.049875 	15.811388 	65.764732 	32.015621 	101.044548 	41.036568 	105.891457 	115.602768 	12.727922 	87.692642 	65.192024 	13.000000 	44.204071 	23.194826 	10.000000 	18.601076 	31.780497 	120.253899 	999.000000 	51.865211 	91.967384 	26.000000 	99.005051 	18.973665 	25.553865 	21.213203 	110.317726 	21.095022 	63.134777 	61.294373 	26.305893 	110.344917 	
44.407207 	61.392181 	63.788715 	61.846584 	24.331051 	18.973665 	67.911705 	81.043198 	16.763054 	50.960770 	60.440052 	57.245087 	52.497620 	59.135437 	26.925823 	52.000000 	49.000000 	77.491936 	47.927029 	62.769421 	18.248287 	80.056229 	53.851646 	13.038404 	58.180752 	68.541962 	39.446167 	38.470768 	15.231546 	63.063461 	8.246211 	73.348480 	60.415230 	33.286633 	82.292160 	72.449982 	51.865211 	999.000000 	41.617306 	26.870058 	48.826221 	33.970577 	77.388626 	34.058773 	60.000000 	34.828148 	12.165525 	11.000000 	30.232433 	59.816387 	
78.892334 	96.254868 	98.979797 	97.247108 	29.732138 	34.000000 	32.984844 	116.361504 	49.406479 	18.027756 	25.000000 	94.302704 	17.888544 	22.561028 	18.788294 	83.258636 	80.529495 	40.012497 	86.214851 	100.439034 	26.400757 	116.811813 	16.492422 	50.931328 	19.000000 	29.154760 	79.246452 	6.000000 	26.907248 	101.828285 	48.166378 	111.606453 	99.488693 	73.539108 	120.432556 	32.015621 	91.967384 	41.617306 	999.000000 	68.249542 	7.211102 	75.166481 	117.034180 	75.604233 	18.439089 	76.400261 	34.176014 	36.400551 	71.847061 	18.384777 	
28.178005 	41.436699 	43.185646 	41.194660 	45.541191 	39.217342 	91.923882 	59.076221 	24.186773 	75.584389 	85.000000 	35.000000 	77.369247 	84.077347 	51.971146 	38.078865 	35.510563 	102.044106 	25.000000 	39.319206 	43.046486 	56.718605 	79.259071 	18.973665 	83.862984 	94.021271 	15.033297 	64.637451 	41.400482 	38.327538 	20.248457 	48.764740 	35.440090 	9.055386 	57.567352 	98.270035 	26.000000 	26.870058 	68.249542 	999.000000 	75.432091 	7.211102 	51.429562 	7.615773 	86.683334 	8.544003 	37.443291 	35.510563 	6.324555 	86.556343 	
85.440041 	102.727798 	105.475113 	103.773796 	35.777088 	40.496914 	28.635643 	122.800652 	56.222771 	16.643316 	21.095022 	101.019798 	15.620500 	18.357559 	25.238859 	89.442719 	86.769814 	34.365681 	93.085983 	107.200745 	33.301651 	123.422043 	12.806249 	57.982758 	13.601471 	23.021729 	86.278618 	11.661903 	34.058773 	108.706024 	55.317268 	118.406082 	106.404884 	80.622574 	127.200630 	25.317978 	99.005051 	48.826221 	7.211102 	75.432091 	999.000000 	82.328613 	123.987900 	82.800964 	11.313708 	83.600243 	41.231056 	43.462627 	79.056938 	11.401754 	
25.495098 	36.400551 	37.854988 	35.902645 	51.478149 	45.188496 	97.989792 	53.009434 	29.410883 	81.884064 	91.241440 	29.274563 	83.725746 	90.426765 	58.523499 	35.468296 	33.241539 	108.226616 	19.416489 	33.015148 	49.648766 	50.249378 	85.755463 	25.059929 	90.426765 	100.498756 	9.486833 	71.400284 	48.270073 	31.575306 	27.018513 	41.976185 	28.635643 	5.830952 	50.695168 	104.847511 	18.973665 	33.970577 	75.166481 	7.211102 	82.328613 	999.000000 	44.283180 	4.242640 	93.605553 	5.000000 	44.654228 	42.720020 	8.246211 	93.509361 	
41.677334 	29.427877 	27.166155 	27.459061 	89.872131 	84.148682 	135.000000 	23.853722 	67.896980 	120.507263 	129.321304 	25.495098 	122.576508 	129.073624 	99.035347 	43.965897 	44.944408 	145.602203 	31.144823 	19.313208 	90.686272 	17.204651 	125.255737 	66.219330 	130.176804 	139.603012 	38.013157 	112.538879 	90.426765 	15.811388 	69.634758 	10.049875 	17.691807 	44.102154 	10.816654 	144.422989 	25.553865 	77.388626 	117.034180 	51.429562 	123.987900 	44.283180 	999.000000 	45.880280 	135.281189 	45.541191 	88.684837 	86.833176 	50.921509 	135.369858 	
29.732138 	40.162170 	41.484936 	39.560081 	53.141319 	46.818798 	99.538940 	56.142673 	31.575306 	83.192551 	92.612091 	32.756680 	84.970581 	91.678787 	59.539902 	39.698868 	37.483330 	109.658562 	23.086792 	36.055511 	50.606323 	53.037724 	86.833176 	26.570660 	91.416626 	101.597244 	13.416408 	72.111023 	48.826221 	34.132095 	27.784887 	44.407207 	31.144823 	10.000000 	52.952808 	105.815880 	21.213203 	34.058773 	75.604233 	7.615773 	82.800964 	4.242640 	45.880280 	999.000000 	94.021271 	1.000000 	44.045429 	42.011902 	5.099020 	93.861603 	
96.519424 	113.740936 	116.503220 	114.825958 	46.647614 	51.613953 	26.907248 	133.775925 	67.475922 	22.022715 	21.470911 	112.200714 	20.099751 	18.788294 	36.400551 	100.239716 	97.616600 	29.068884 	104.350372 	118.406082 	44.598206 	134.525085 	16.124516 	69.296463 	13.000000 	17.492855 	97.590981 	22.803509 	45.343136 	119.970833 	66.603302 	129.630249 	117.686020 	91.934761 	138.405197 	17.464249 	110.317726 	60.000000 	18.439089 	86.683334 	11.313708 	93.605553 	135.281189 	94.021271 	999.000000 	94.810333 	51.884487 	54.120235 	90.210861 	1.414214 	
30.413813 	40.496914 	41.761227 	39.849716 	54.083271 	47.759815 	100.463921 	56.222771 	32.557640 	84.095184 	93.520050 	32.984844 	85.866173 	92.574295 	60.415230 	40.360870 	38.183765 	110.571243 	23.409399 	36.124783 	51.478149 	53.009434 	87.709747 	27.513634 	92.282173 	102.474388 	13.892444 	72.945183 	49.648766 	34.058773 	28.653097 	44.283180 	31.064449 	10.816654 	52.773098 	106.677086 	21.095022 	34.828148 	76.400261 	8.544003 	83.600243 	5.000000 	45.541191 	1.000000 	94.810333 	999.000000 	44.687805 	42.638012 	5.385165 	94.641426 	
56.568542 	73.545906 	75.927597 	73.979729 	27.202942 	24.083189 	64.124878 	93.145050 	28.160255 	47.042534 	56.222771 	69.260376 	48.166378 	54.451813 	24.515301 	64.031242 	61.032780 	72.835434 	59.808025 	74.672615 	18.357559 	92.027168 	48.662102 	25.179358 	52.392746 	62.817196 	50.990196 	32.557640 	13.416408 	74.732857 	20.396078 	85.088188 	72.013885 	44.721359 	94.021271 	66.098412 	63.134777 	12.165525 	34.176014 	37.443291 	41.231056 	44.654228 	88.684837 	44.045429 	51.884487 	44.687805 	999.000000 	2.236068 	39.623226 	51.478149 	
55.326305 	72.180328 	74.525162 	72.567207 	28.301943 	24.758837 	66.189125 	91.678787 	27.459061 	49.091751 	58.309521 	67.720009 	50.249378 	56.568542 	26.305893 	63.000000 	60.000000 	74.966660 	58.189346 	73.054771 	19.697716 	90.443352 	50.803543 	24.020824 	54.571056 	65.000000 	49.244289 	34.713108 	14.866069 	73.006851 	19.104973 	83.384651 	70.263786 	42.953465 	92.309265 	68.308128 	61.294373 	11.000000 	36.400551 	35.510563 	43.462627 	42.720020 	86.833176 	42.011902 	54.120235 	42.638012 	2.236068 	999.000000 	37.536648 	53.712196 	
33.015148 	44.643028 	46.097721 	44.147480 	50.695168 	44.384682 	96.798759 	61.073727 	30.016663 	80.230919 	89.693924 	37.483330 	81.939003 	88.639717 	56.364883 	43.011627 	40.607880 	106.775467 	27.658634 	41.012192 	47.423622 	58.077534 	83.630135 	24.331051 	88.119240 	98.386993 	17.720045 	68.600288 	45.276924 	39.204590 	24.698177 	49.497475 	36.221542 	13.038404 	58.051701 	102.474388 	26.305893 	30.232433 	71.847061 	6.324555 	79.056938 	8.246211 	50.921509 	5.099020 	90.210861 	5.385165 	39.623226 	37.536648 	999.000000 	90.000000 	
96.798759 	114.057007 	116.811813 	115.121674 	47.010635 	51.865211 	28.319605 	134.111893 	67.623962 	23.086792 	22.825424 	112.414413 	21.213203 	20.124611 	36.619667 	100.647903 	98.005104 	30.413813 	104.484451 	118.600166 	44.687805 	134.792435 	17.262676 	69.310890 	14.317822 	18.867962 	97.621719 	23.021729 	45.276924 	120.104118 	66.528191 	129.807556 	117.796432 	91.923882 	138.600143 	18.681541 	110.344917 	59.816387 	18.384777 	86.556343 	11.401754 	93.509361 	135.369858 	93.861603 	1.414214 	94.641426 	51.478149 	53.712196 	90.000000 	999.000000 	

Travel time:
9.000000 	0.436606 	0.503115 	0.458939 	1.250000 	1.123610 	2.343075 	0.939415 	0.752080 	1.998281 	2.210345 	0.410031 	2.051828 	2.209779 	1.505199 	0.250000 	0.195256 	2.608759 	0.325000 	0.570088 	1.319327 	0.950329 	2.126029 	0.785016 	2.250694 	2.475126 	0.430116 	1.844587 	1.346291 	0.648556 	0.905539 	0.851469 	0.617454 	0.500000 	1.060660 	2.600120 	0.575543 	1.110180 	1.972308 	0.704450 	2.136001 	0.637377 	1.041933 	0.743303 	2.412986 	0.760345 	1.414214 	1.383158 	0.825379 	2.419969 	
0.436606 	9.000000 	0.070711 	0.050000 	1.677982 	1.556639 	2.740552 	0.503115 	1.188486 	2.413504 	2.618444 	0.212132 	2.467919 	2.622261 	1.938105 	0.381608 	0.425735 	3.006036 	0.427200 	0.279509 	1.755349 	0.530330 	2.545707 	1.212693 	2.670674 	2.888014 	0.673146 	2.276648 	1.782730 	0.412311 	1.328768 	0.498121 	0.436606 	0.809707 	0.673146 	3.015377 	0.583631 	1.534805 	2.406372 	1.035918 	2.568195 	0.910014 	0.735697 	1.004054 	2.843524 	1.012423 	1.838648 	1.804508 	1.116076 	2.851425 	
0.503115 	0.070711 	9.000000 	0.050000 	1.747319 	1.625000 	2.811250 	0.436606 	1.253994 	2.483948 	2.689098 	0.223607 	2.538331 	2.692814 	2.006552 	0.450694 	0.496236 	3.076727 	0.460977 	0.246221 	1.822430 	0.459619 	2.615937 	1.274019 	2.740894 	2.958568 	0.711073 	2.345341 	1.848141 	0.380789 	1.388569 	0.436606 	0.416083 	0.853302 	0.604669 	3.085855 	0.590021 	1.594718 	2.474495 	1.079641 	2.636878 	0.946375 	0.679154 	1.037123 	2.912580 	1.044031 	1.898190 	1.863129 	1.152443 	2.920295 	
0.458939 	0.050000 	0.050000 	9.000000 	1.706055 	1.582127 	2.776801 	0.482830 	1.208305 	2.445915 	2.652593 	0.180278 	2.500125 	2.655419 	1.963734 	0.425000 	0.465027 	3.042408 	0.412311 	0.230489 	1.777991 	0.496236 	2.576941 	1.226020 	2.701851 	2.921151 	0.661910 	2.302851 	1.802255 	0.364006 	1.340009 	0.450694 	0.391312 	0.803508 	0.630971 	3.047950 	0.550568 	1.546165 	2.431178 	1.029866 	2.594345 	0.897566 	0.686477 	0.989002 	2.870649 	0.996243 	1.849493 	1.814180 	1.103687 	2.878042 	
1.250000 	1.677982 	1.747319 	1.706055 	9.000000 	0.158114 	1.162970 	2.178302 	0.561805 	0.770146 	0.999062 	1.648674 	0.820061 	0.985203 	0.279509 	1.341641 	1.275000 	1.420607 	1.468205 	1.806239 	0.230489 	2.200142 	0.884590 	0.664266 	1.007782 	1.245492 	1.331353 	0.604152 	0.353553 	1.856240 	0.657647 	2.088660 	1.804508 	1.209339 	2.304886 	1.364047 	1.645068 	0.608276 	0.743303 	1.138530 	0.894427 	1.286954 	2.246803 	1.328533 	1.166190 	1.352082 	0.680074 	0.707549 	1.267379 	1.175266 	
1.123610 	1.556639 	1.625000 	1.582127 	0.158114 	9.000000 	1.320038 	2.059126 	0.410031 	0.922293 	1.153527 	1.515132 	0.970824 	1.137157 	0.381608 	1.234909 	1.165386 	1.576586 	1.325943 	1.671077 	0.225000 	2.073192 	1.030776 	0.506211 	1.152443 	1.395081 	1.180042 	0.721110 	0.316228 	1.715554 	0.502494 	1.952562 	1.661701 	1.054751 	2.170829 	1.511001 	1.495410 	0.474342 	0.850000 	0.980434 	1.012423 	1.129712 	2.103717 	1.170470 	1.290349 	1.193995 	0.602080 	0.618971 	1.109617 	1.296630 	
2.343075 	2.740552 	2.811250 	2.776801 	1.162970 	1.320038 	9.000000 	3.219084 	1.722099 	0.427931 	0.201556 	2.752840 	0.400000 	0.261008 	1.025000 	2.369071 	2.315842 	0.265754 	2.601081 	2.912902 	1.243232 	3.270799 	0.412311 	1.825171 	0.381608 	0.285044 	2.486966 	0.801561 	1.323820 	2.980038 	1.802776 	3.194526 	2.935345 	2.370654 	3.400735 	0.400780 	2.795756 	1.697793 	0.824621 	2.298097 	0.715891 	2.449745 	3.375000 	2.488473 	0.672681 	2.511598 	1.603122 	1.654728 	2.419969 	0.707990 	
0.939415 	0.503115 	0.436606 	0.482830 	2.178302 	2.059126 	3.219084 	9.000000 	1.690599 	2.905275 	3.104936 	0.604669 	2.960152 	3.111772 	2.440415 	0.851469 	0.910014 	3.483622 	0.853302 	0.502494 	2.258456 	0.167705 	3.040148 	1.707703 	3.165142 	3.377314 	1.101136 	2.778489 	2.284732 	0.577170 	1.820028 	0.390512 	0.649038 	1.253994 	0.364006 	3.506155 	0.892328 	2.026080 	2.909038 	1.476906 	3.070016 	1.325236 	0.596343 	1.403567 	3.344398 	1.405569 	2.328626 	2.291970 	1.526843 	3.352797 	
0.752080 	1.188486 	1.253994 	1.208305 	0.561805 	0.410031 	1.722099 	1.690599 	9.000000 	1.331353 	1.560849 	1.123610 	1.380444 	1.546367 	0.778621 	0.908639 	0.834416 	1.981477 	0.921954 	1.275980 	0.575543 	1.690044 	1.440703 	0.167705 	1.562050 	1.805028 	0.770146 	1.117195 	0.594243 	1.312441 	0.265754 	1.555032 	1.256234 	0.648556 	1.775704 	1.920937 	1.085415 	0.419076 	1.235162 	0.604669 	1.405569 	0.735272 	1.697425 	0.789383 	1.686898 	0.813941 	0.704006 	0.686477 	0.750417 	1.690599 	
1.998281 	2.413504 	2.483948 	2.445915 	0.770146 	0.922293 	0.427931 	2.905275 	1.331353 	9.000000 	0.237171 	2.404163 	0.055902 	0.215058 	0.601041 	2.055024 	1.995307 	0.664266 	2.234390 	2.563323 	0.822344 	2.942151 	0.152069 	1.420607 	0.269258 	0.477624 	2.101339 	0.388104 	0.897566 	2.620115 	1.388569 	2.846160 	2.570627 	1.976898 	3.058697 	0.602080 	2.415186 	1.274019 	0.450694 	1.889610 	0.416083 	2.047101 	3.012681 	2.079814 	0.550568 	2.102380 	1.176063 	1.227294 	2.005773 	0.577170 	
2.210345 	2.618444 	2.689098 	2.652593 	0.999062 	1.153527 	0.201556 	3.104936 	1.560849 	0.237171 	9.000000 	2.618444 	0.201556 	0.070711 	0.838153 	2.253469 	2.196588 	0.427200 	2.455860 	2.778151 	1.059481 	3.148412 	0.213600 	1.654728 	0.215058 	0.279509 	2.329834 	0.600521 	1.133854 	2.839234 	1.625000 	3.060739 	2.791617 	2.208082 	3.270799 	0.413824 	2.642087 	1.511001 	0.625000 	2.125000 	0.527376 	2.281036 	3.233033 	2.315302 	0.536773 	2.338001 	1.405569 	1.457738 	2.242348 	0.570636 	
0.410031 	0.212132 	0.223607 	0.180278 	1.648674 	1.515132 	2.752840 	0.604669 	1.123610 	2.404163 	2.618444 	9.000000 	2.457260 	2.616534 	1.895059 	0.477624 	0.491172 	3.018485 	0.250000 	0.160078 	1.698897 	0.571183 	2.529452 	1.119431 	2.653771 	2.881514 	0.500625 	2.235090 	1.711907 	0.254951 	1.226020 	0.442295 	0.251247 	0.650481 	0.656220 	3.005412 	0.371652 	1.431127 	2.357568 	0.875000 	2.525495 	0.731864 	0.637377 	0.818917 	2.805018 	0.824621 	1.731509 	1.693000 	0.937083 	2.810360 	
2.051828 	2.467919 	2.538331 	2.500125 	0.820061 	0.970824 	0.400000 	2.960152 	1.380444 	0.055902 	0.201556 	2.457260 	9.000000 	0.167705 	0.640800 	2.110095 	2.050152 	0.625000 	2.285963 	2.616295 	0.863496 	2.996352 	0.100000 	1.466714 	0.213600 	0.425735 	2.150581 	0.403113 	0.934077 	2.672195 	1.431782 	2.899138 	2.622261 	2.024846 	3.112073 	0.548293 	2.465005 	1.312441 	0.447214 	1.934231 	0.390512 	2.093144 	3.064413 	2.124264 	0.502494 	2.146654 	1.204159 	1.256234 	2.048475 	0.530330 	
2.209779 	2.622261 	2.692814 	2.655419 	0.985203 	1.137157 	0.261008 	3.111772 	1.546367 	0.215058 	0.070711 	2.616534 	0.167705 	9.000000 	0.807775 	2.260669 	2.202271 	0.460977 	2.448724 	2.775901 	1.030776 	3.151587 	0.152069 	1.634205 	0.145774 	0.265754 	2.316382 	0.550568 	1.099147 	2.833946 	1.599414 	3.058697 	2.784892 	2.191603 	3.270417 	0.395285 	2.630233 	1.478386 	0.564026 	2.101934 	0.458939 	2.260669 	3.226840 	2.291970 	0.469707 	2.314357 	1.361295 	1.414214 	2.215993 	0.503115 	
1.505199 	1.938105 	2.006552 	1.963734 	0.279509 	0.381608 	1.025000 	2.440415 	0.778621 	0.601041 	0.838153 	1.895059 	0.640800 	0.807775 	9.000000 	1.611870 	1.543535 	1.264911 	1.700368 	2.050152 	0.223607 	2.454587 	0.682367 	0.840015 	0.797653 	1.051487 	1.540495 	0.340037 	0.301040 	2.090753 	0.794119 	2.330906 	2.034853 	1.405569 	2.550122 	1.158123 	1.858259 	0.673146 	0.469707 	1.299279 	0.630971 	1.463087 	2.475884 	1.488497 	0.910014 	1.510381 	0.612882 	0.657647 	1.409122 	0.915492 	
0.250000 	0.381608 	0.450694 	0.425000 	1.341641 	1.234909 	2.369071 	0.851469 	0.908639 	2.055024 	2.253469 	0.477624 	2.110095 	2.260669 	1.611870 	9.000000 	0.075000 	2.634032 	0.515388 	0.618466 	1.446764 	0.905883 	2.191461 	0.975320 	2.316382 	2.526114 	0.672681 	1.945508 	1.491643 	0.731864 	1.101136 	0.873212 	0.725431 	0.750000 	1.054751 	2.655301 	0.759111 	1.300000 	2.081466 	0.951972 	2.236068 	0.886707 	1.099147 	0.992472 	2.505993 	1.009022 	1.600781 	1.575000 	1.075291 	2.516198 	
0.195256 	0.425735 	0.496236 	0.465027 	1.275000 	1.165386 	2.315842 	0.910014 	0.834416 	1.995307 	2.196588 	0.491172 	2.050152 	2.202271 	1.543535 	0.075000 	9.000000 	2.581182 	0.491172 	0.640800 	1.375682 	0.955249 	2.130288 	0.900347 	2.255271 	2.467919 	0.625000 	1.878330 	1.418846 	0.745822 	1.026219 	0.905883 	0.731864 	0.691466 	1.095730 	2.596392 	0.740355 	1.225000 	2.013237 	0.887764 	2.169245 	0.831038 	1.123610 	0.937083 	2.440415 	0.954594 	1.525820 	1.500000 	1.015197 	2.450128 	
2.608759 	3.006036 	3.076727 	3.042408 	1.420607 	1.576586 	0.265754 	3.483622 	1.981477 	0.664266 	0.427200 	3.018485 	0.625000 	0.460977 	1.264911 	2.634032 	2.581182 	9.000000 	2.865528 	3.178541 	1.486607 	3.536241 	0.604669 	2.079814 	0.525595 	0.292617 	2.748295 	1.007782 	1.559046 	3.245189 	2.051981 	3.460220 	3.200098 	2.629757 	3.666487 	0.318198 	3.058288 	1.937298 	1.000312 	2.551103 	0.859142 	2.705665 	3.640055 	2.741464 	0.726722 	2.764281 	1.820886 	1.874166 	2.669387 	0.760345 	
0.325000 	0.427200 	0.460977 	0.412311 	1.468205 	1.325943 	2.601081 	0.853302 	0.921954 	2.234390 	2.455860 	0.250000 	2.285963 	2.448724 	1.700368 	0.515388 	0.491172 	2.865528 	9.000000 	0.371652 	1.495410 	0.807001 	2.352791 	0.896172 	2.475884 	2.711665 	0.251247 	2.039148 	1.497707 	0.390512 	0.995301 	0.638847 	0.336341 	0.400780 	0.862047 	2.831960 	0.251247 	1.198176 	2.155371 	0.625000 	2.327150 	0.485412 	0.778621 	0.577170 	2.608759 	0.585235 	1.495201 	1.454734 	0.691466 	2.612111 	
0.570088 	0.279509 	0.246221 	0.230489 	1.806239 	1.671077 	2.912902 	0.502494 	1.275980 	2.563323 	2.778151 	0.160078 	2.616295 	2.775901 	2.050152 	0.618466 	0.640800 	3.178541 	0.371652 	9.000000 	1.851520 	0.436606 	2.687936 	1.263428 	2.812139 	3.040765 	0.608276 	2.390084 	1.860779 	0.134629 	1.365650 	0.282843 	0.176777 	0.764853 	0.500000 	3.164352 	0.395285 	1.569236 	2.510976 	0.982980 	2.680019 	0.825379 	0.482830 	0.901388 	2.960152 	0.903120 	1.866815 	1.826369 	1.025305 	2.965004 	
1.319327 	1.755349 	1.822430 	1.777991 	0.230489 	0.225000 	1.243232 	2.258456 	0.575543 	0.822344 	1.059481 	1.698897 	0.863496 	1.030776 	0.223607 	1.446764 	1.375682 	1.486607 	1.495410 	1.851520 	9.000000 	2.263846 	0.905883 	0.620987 	1.020416 	1.275000 	1.325943 	0.548293 	0.125000 	1.885802 	0.570636 	2.130288 	1.827738 	1.187697 	2.351197 	1.380670 	1.644118 	0.456207 	0.660019 	1.076162 	0.832541 	1.241219 	2.267157 	1.265158 	1.114955 	1.286954 	0.458939 	0.492443 	1.185591 	1.117195 	
0.950329 	0.530330 	0.459619 	0.496236 	2.200142 	2.073192 	3.270799 	0.167705 	1.690044 	2.942151 	3.148412 	0.571183 	2.996352 	3.151587 	2.454587 	0.905883 	0.955249 	3.536241 	0.807001 	0.436606 	2.263846 	9.000000 	3.072967 	1.690599 	3.197851 	3.417327 	1.044330 	2.794302 	2.281036 	0.475657 	1.796698 	0.246221 	0.550568 	1.201301 	0.201556 	3.544185 	0.800391 	2.001406 	2.920295 	1.417965 	3.085551 	1.256234 	0.430116 	1.325943 	3.363127 	1.325236 	2.300679 	2.261084 	1.451938 	3.369811 	
2.126029 	2.545707 	2.615937 	2.576941 	0.884590 	1.030776 	0.412311 	3.040148 	1.440703 	0.152069 	0.213600 	2.529452 	0.100000 	0.152069 	0.682367 	2.191461 	2.130288 	0.604669 	2.352791 	2.687936 	0.905883 	3.072967 	9.000000 	1.518634 	0.125000 	0.369121 	2.210204 	0.403113 	0.965660 	2.740552 	1.476482 	2.970690 	2.689098 	2.080865 	3.185122 	0.480234 	2.526114 	1.346291 	0.412311 	1.981477 	0.320156 	2.143887 	3.131393 	2.170829 	0.403113 	2.192744 	1.216552 	1.270089 	2.090753 	0.431567 	
0.785016 	1.212693 	1.274019 	1.226020 	0.664266 	0.506211 	1.825171 	1.707703 	0.167705 	1.420607 	1.654728 	1.119431 	1.466714 	1.634205 	0.840015 	0.975320 	0.900347 	2.079814 	0.896172 	1.263428 	0.620987 	1.690599 	1.518634 	9.000000 	1.636498 	1.886796 	0.707990 	1.168867 	0.605186 	1.282819 	0.127475 	1.535008 	1.220656 	0.566789 	1.758195 	1.997029 	1.025914 	0.325960 	1.273283 	0.474342 	1.449569 	0.626498 	1.655483 	0.664266 	1.732412 	0.687841 	0.629484 	0.600521 	0.608276 	1.732772 	
