Total assets = 600
Number of asset nodes = 33

Distance:
999.000000 	107.517441 	50.537113 	24.331051 	74.431175 	5.385165 	30.594116 	20.000000 	15.811388 	62.769421 	36.055511 	118.406082 	36.124783 	73.054771 	41.012192 	118.600166 	116.516090 	51.039200 	78.185677 	37.215588 	67.186310 	52.239830 	47.010635 	39.319206 	41.194660 	75.286118 	41.303753 	48.010414 	56.222771 	73.246162 	79.404030 	37.013512 	76.157730 	147.186951 	80.777473 	75.312683 	111.825760 	69.462219 	76.295479 	78.644768 	79.831070 	41.629318 	53.600372 	129.247818 	32.557640 	76.419891 	34.176014 	111.085556 	69.028976 	62.649822 	44.204071 	
107.517441 	999.000000 	60.745369 	88.408142 	38.626415 	109.622078 	83.234612 	127.404869 	101.044548 	53.851646 	86.833176 	16.124516 	87.709747 	50.803543 	83.630135 	17.262676 	16.492422 	57.628117 	46.270943 	88.119240 	58.463665 	73.736015 	79.309517 	88.102211 	86.330757 	52.345009 	87.235313 	80.777473 	72.422371 	56.435802 	51.039200 	144.256714 	56.142673 	39.698868 	53.000000 	60.133186 	30.413813 	66.610809 	60.074955 	58.008621 	57.000000 	99.403221 	85.726311 	30.149628 	128.140549 	66.030296 	124.867928 	38.418747 	76.531036 	84.528099 	109.772491 	
50.537113 	60.745369 	999.000000 	28.319605 	24.207438 	51.312767 	22.671568 	70.327805 	41.036568 	13.038404 	26.570660 	69.296463 	27.513634 	24.020824 	24.331051 	69.310890 	73.006851 	6.708204 	28.442924 	28.160255 	20.880613 	19.313208 	22.090721 	28.635643 	27.294687 	27.018513 	28.284271 	24.186773 	21.095022 	26.476404 	31.000000 	85.603737 	29.427877 	99.488693 	33.060551 	30.364452 	61.294373 	28.301943 	31.320919 	32.756680 	33.541019 	40.607880 	32.015621 	79.202271 	67.424034 	34.438351 	64.140472 	60.745369 	34.655445 	36.235340 	50.990196 	
24.331051 	88.408142 	28.319605 	999.000000 	52.497620 	23.769728 	6.324555 	43.081318 	12.727922 	39.446167 	13.416408 	97.590981 	13.892444 	49.244289 	17.720045 	97.621719 	99.478638 	30.805843 	54.561890 	15.264338 	43.011627 	28.017851 	23.194826 	17.492855 	18.788294 	51.264023 	19.235384 	24.515301 	32.015621 	49.040798 	55.362442 	57.428215 	51.923019 	127.561752 	56.612720 	50.990196 	89.044930 	45.177429 	51.971146 	54.341511 	55.542778 	25.238859 	31.384710 	107.447662 	40.249222 	52.153618 	37.947330 	87.658424 	45.398239 	40.162170 	32.893768 	
74.431175 	38.626415 	24.207438 	52.497620 	999.000000 	75.451973 	46.690472 	94.339813 	65.192024 	15.231546 	48.826221 	45.343136 	49.648766 	14.866069 	45.276924 	45.276924 	52.952808 	23.769728 	13.453624 	49.929951 	21.023796 	35.114101 	40.718548 	49.739319 	47.885281 	17.888544 	48.764740 	42.154476 	33.955853 	21.189621 	19.209373 	109.808922 	22.360680 	76.026314 	22.022715 	26.000000 	37.696156 	30.413813 	26.400757 	25.553865 	25.238859 	60.835846 	47.296936 	55.000000 	90.906548 	32.310989 	87.200920 	38.470768 	40.311287 	47.042534 	71.175842 	
5.385165 	109.622078 	51.312767 	23.769728 	75.451973 	999.000000 	30.083218 	19.313208 	13.000000 	63.063461 	34.132095 	119.970833 	34.058773 	73.006851 	39.204590 	120.104118 	119.201508 	52.497620 	78.294319 	35.014282 	66.730804 	50.990196 	45.398239 	37.000000 	39.012817 	75.026665 	39.000000 	46.173584 	54.918121 	72.732384 	79.120163 	34.655445 	75.584389 	149.201202 	80.324341 	74.464760 	112.507774 	68.249542 	75.432091 	77.884529 	79.120163 	37.947330 	51.088158 	130.430054 	27.294687 	75.133217 	28.792360 	111.359779 	67.067131 	60.133186 	39.661064 	
30.594116 	83.234612 	22.671568 	6.324555 	46.690472 	30.083218 	999.000000 	49.396355 	18.601076 	33.286633 	10.000000 	91.934761 	10.816654 	42.953465 	13.038404 	91.923882 	94.826157 	25.942244 	48.301140 	12.206555 	36.687874 	22.022715 	17.720045 	14.212670 	14.866069 	44.944408 	15.556349 	19.313208 	26.019224 	42.720020 	49.040798 	63.513779 	45.607018 	122.147453 	50.289165 	44.721359 	82.927681 	39.051247 	45.705578 	48.052055 	49.244289 	24.351591 	26.925823 	101.533249 	44.944408 	46.043457 	42.047592 	81.412529 	39.812057 	35.341194 	33.376640 	
20.000000 	127.404869 	70.327805 	43.081318 	94.339813 	19.313208 	49.396355 	999.000000 	31.780497 	82.292160 	52.952808 	138.405197 	52.773098 	92.309265 	58.051701 	138.600143 	136.029404 	71.028160 	97.575615 	53.600372 	86.034874 	70.092796 	64.327286 	55.443665 	57.558666 	94.339813 	57.428215 	64.938431 	73.979729 	92.027168 	98.432716 	18.384777 	94.868332 	167.092789 	99.624290 	93.680305 	131.609268 	87.321243 	94.641426 	97.123634 	98.371742 	54.230988 	69.115845 	149.214615 	29.732138 	94.148819 	34.409302 	130.613937 	85.586212 	78.057671 	53.160137 	
15.811388 	101.044548 	41.036568 	12.727922 	65.192024 	13.000000 	18.601076 	31.780497 	999.000000 	51.865211 	21.213203 	110.317726 	21.095022 	61.294373 	26.305893 	110.344917 	111.830231 	43.416588 	66.730804 	22.022715 	54.625999 	38.327538 	32.557640 	24.000000 	26.019224 	63.071388 	26.000000 	33.241539 	42.201897 	60.539242 	67.119293 	44.944408 	63.324562 	140.264038 	68.154236 	61.983868 	101.513542 	55.542778 	62.936478 	65.459915 	66.730804 	25.942244 	38.118237 	120.104118 	28.460499 	62.369865 	27.166155 	99.849884 	54.083271 	47.169907 	29.732138 	
62.769421 	53.851646 	13.038404 	39.446167 	15.231546 	63.063461 	33.286633 	82.292160 	51.865211 	999.000000 	34.058773 	60.000000 	34.828148 	11.000000 	30.232433 	59.816387 	67.911705 	16.763054 	15.524175 	35.000000 	9.899495 	19.924858 	25.495098 	34.669872 	32.756680 	14.142136 	33.615471 	26.925823 	19.104973 	14.317822 	18.027756 	96.798759 	17.088007 	90.972527 	20.223749 	18.867962 	49.648766 	19.416489 	19.723083 	20.615528 	21.189621 	45.617977 	32.388271 	68.622154 	76.419891 	24.083189 	72.470680 	48.332184 	28.231188 	33.241539 	55.946404 	
36.055511 	86.833176 	26.570660 	13.416408 	48.826221 	34.132095 	10.000000 	52.952808 	21.213203 	34.058773 	999.000000 	94.021271 	1.000000 	42.011902 	5.099020 	93.861603 	99.538940 	31.575306 	47.634022 	2.236068 	34.669872 	17.464249 	11.401754 	4.242640 	5.385165 	43.266617 	5.830952 	12.041595 	21.189621 	40.311287 	47.169907 	64.884514 	42.941822 	124.851913 	47.885281 	41.231056 	82.975899 	34.481880 	42.154476 	44.777225 	46.097721 	15.132746 	18.027756 	102.532921 	42.426407 	41.231056 	38.418747 	80.448738 	33.000000 	26.925823 	25.019993 	
118.406082 	16.124516 	69.296463 	97.590981 	45.343136 	119.970833 	91.934761 	138.405197 	110.317726 	60.000000 	94.021271 	999.000000 	94.810333 	54.120235 	90.210861 	1.414214 	26.907248 	67.475922 	48.754486 	95.000000 	62.177166 	79.075912 	85.146935 	94.625580 	92.655273 	54.625999 	93.477272 	86.284416 	77.025970 	58.694122 	52.201534 	154.563904 	57.584721 	31.304953 	53.450912 	61.351448 	20.615528 	68.709534 	61.032780 	58.523499 	57.280014 	105.152267 	89.894379 	14.035668 	136.235092 	66.483078 	132.438660 	29.120440 	78.108902 	87.091904 	115.247559 	
36.124783 	87.709747 	27.513634 	13.892444 	49.648766 	34.058773 	10.816654 	52.773098 	21.095022 	34.828148 	1.000000 	94.810333 	999.000000 	42.638012 	5.385165 	94.641426 	100.463921 	32.557640 	48.270073 	1.414214 	35.227829 	17.888544 	11.704700 	3.605551 	5.099020 	43.829212 	5.385165 	12.165525 	21.540659 	40.816662 	47.707443 	64.474800 	43.416588 	125.670204 	48.373547 	41.629318 	83.630135 	34.785053 	42.544094 	45.188496 	46.518814 	14.142136 	17.720045 	103.247276 	41.725292 	41.484936 	37.643059 	81.024689 	33.015148 	26.683329 	24.020824 	
73.054771 	50.803543 	24.020824 	49.244289 	14.866069 	73.006851 	42.953465 	92.309265 	61.294373 	11.000000 	42.011902 	54.120235 	42.638012 	999.000000 	37.536648 	53.712196 	66.189125 	27.459061 	5.656854 	42.520584 	8.062258 	25.495098 	31.827662 	41.725292 	39.597980 	3.605551 	40.311287 	32.649654 	23.021729 	6.324555 	7.071068 	106.174385 	7.810250 	85.422478 	9.486833 	11.180340 	41.036568 	16.000000 	11.661903 	11.313708 	11.401754 	51.400391 	35.777088 	61.073727 	84.291161 	17.464249 	79.906197 	38.587563 	26.000000 	33.734257 	61.294373 	
41.012192 	83.630135 	24.331051 	17.720045 	45.276924 	39.204590 	13.038404 	58.051701 	26.305893 	30.232433 	5.099020 	90.210861 	5.385165 	37.536648 	999.000000 	90.000000 	96.798759 	30.016663 	43.185646 	5.000000 	30.000000 	12.529964 	6.324555 	4.472136 	3.000000 	38.600517 	4.000000 	7.000000 	16.155495 	35.510563 	42.438190 	69.856995 	38.078865 	121.202309 	43.046486 	36.249138 	78.568443 	29.410883 	37.161808 	39.812057 	41.146080 	16.278820 	13.892444 	98.351410 	46.754681 	36.138622 	42.449970 	75.802376 	28.017851 	22.472204 	26.683329 	
118.600166 	17.262676 	69.310890 	97.621719 	45.276924 	120.104118 	91.923882 	138.600143 	110.344917 	59.816387 	93.861603 	1.414214 	94.641426 	53.712196 	90.000000 	999.000000 	28.319605 	67.623962 	48.301140 	94.810333 	61.773781 	78.771820 	84.876381 	94.403389 	92.417534 	54.129475 	93.230896 	85.982559 	76.661591 	58.180752 	51.623638 	154.673843 	57.008770 	31.780497 	52.810986 	60.745369 	19.416489 	68.154236 	60.406952 	57.870544 	56.612720 	104.847511 	89.470665 	13.000000 	136.124939 	65.802734 	132.279999 	27.892651 	77.491936 	86.539009 	114.908661 	
116.516090 	16.492422 	73.006851 	99.478638 	52.952808 	119.201508 	94.826157 	136.029404 	111.830231 	67.911705 	99.538940 	26.907248 	100.463921 	66.189125 	96.798759 	28.319605 	999.000000 	68.883957 	62.008064 	101.019798 	73.552704 	87.800911 	93.005379 	101.242287 	99.624290 	68.029404 	100.568382 	94.641426 	86.884979 	72.062469 	67.029846 	153.525238 	72.000000 	35.440090 	69.115845 	76.000000 	45.486263 	82.152298 	76.006577 	74.060783 	73.109505 	112.893753 	100.224747 	38.948685 	139.671036 	82.024384 	136.850281 	53.851646 	92.135773 	99.724625 	123.328827 	
51.039200 	57.628117 	6.708204 	30.805843 	23.769728 	52.497620 	25.942244 	71.028160 	43.416588 	16.763054 	31.575306 	67.475922 	32.557640 	27.459061 	30.016663 	67.623962 	68.883957 	999.000000 	31.016125 	33.376640 	25.942244 	26.000000 	28.442924 	34.132095 	33.015148 	30.805843 	34.014702 	30.594116 	27.784887 	31.016125 	34.525352 	87.114868 	33.837849 	96.938126 	36.878178 	35.341194 	61.465439 	34.205261 	36.249138 	37.336308 	37.947330 	46.173584 	38.600517 	78.230431 	70.830788 	39.962482 	67.977936 	61.846584 	41.109608 	42.941822 	56.435802 	
78.185677 	46.270943 	28.442924 	54.561890 	13.453624 	78.294319 	48.301140 	97.575615 	66.730804 	15.524175 	47.634022 	48.754486 	48.270073 	5.656854 	43.185646 	48.301140 	62.008064 	31.016125 	999.000000 	48.166378 	13.601471 	31.144823 	37.483330 	47.381432 	45.254833 	6.082763 	45.967381 	38.288380 	28.600698 	10.198039 	5.830952 	111.646767 	10.049875 	80.056229 	8.602325 	14.035668 	35.383614 	20.396078 	14.142136 	12.649111 	12.083046 	57.008770 	41.182522 	55.443665 	89.938866 	20.223749 	85.562843 	33.120991 	30.265491 	38.600517 	66.850578 	
37.215588 	88.119240 	28.160255 	15.264338 	49.929951 	35.014282 	12.206555 	53.600372 	22.022715 	35.000000 	2.236068 	95.000000 	1.414214 	42.520584 	5.000000 	94.810333 	101.019798 	33.376640 	48.166378 	999.000000 	35.000000 	17.492855 	11.180340 	2.236068 	4.000000 	43.600460 	4.123106 	11.401754 	21.023796 	40.496914 	47.434166 	65.000000 	43.046486 	125.924583 	48.020828 	41.146080 	83.546394 	34.176014 	42.047592 	44.721359 	46.065170 	13.038404 	16.492422 	103.276329 	41.773197 	40.804413 	37.536648 	80.802231 	32.062439 	25.495098 	23.086792 	
67.186310 	58.463665 	20.880613 	43.011627 	21.023796 	66.730804 	36.687874 	86.034874 	54.625999 	9.899495 	34.669872 	62.177166 	35.227829 	8.062258 	30.000000 	61.773781 	73.552704 	25.942244 	13.601471 	35.000000 	999.000000 	17.691807 	24.083189 	34.058773 	31.890438 	8.602325 	32.557640 	24.758837 	15.000000 	6.082763 	12.529964 	99.297531 	9.055386 	93.477272 	13.601471 	9.486833 	48.795490 	9.848858 	10.440307 	12.041595 	13.000000 	43.416588 	27.730848 	69.028976 	76.694199 	14.212670 	72.180328 	45.803928 	19.416489 	26.172504 	53.254108 	
52.239830 	73.736015 	19.313208 	28.017851 	35.114101 	50.990196 	22.022715 	70.092796 	38.327538 	19.924858 	17.464249 	79.075912 	17.888544 	25.495098 	12.529964 	78.771820 	87.800911 	26.000000 	31.144823 	17.492855 	17.691807 	999.000000 	6.403124 	16.401220 	14.212670 	26.248810 	14.866069 	7.211102 	4.000000 	23.021729 	30.000000 	82.346825 	25.553865 	110.276924 	30.528675 	23.769728 	66.468040 	17.262676 	24.698177 	27.313000 	28.635643 	26.076809 	13.038404 	86.556343 	59.033890 	24.186773 	54.488529 	63.411354 	18.384777 	17.204651 	36.235340 	
47.010635 	79.309517 	22.090721 	23.194826 	40.718548 	45.398239 	17.720045 	64.327286 	32.557640 	25.495098 	11.401754 	85.146935 	11.704700 	31.827662 	6.324555 	84.876381 	93.005379 	28.442924 	37.483330 	11.180340 	24.083189 	6.403124 	999.000000 	10.000000 	7.810250 	32.649654 	8.485281 	2.236068 	9.848858 	29.410883 	36.400551 	76.157730 	31.906113 	116.284134 	36.891735 	29.966648 	72.835434 	23.086792 	30.870699 	33.541019 	34.885529 	20.124611 	10.816654 	92.849342 	52.630791 	29.832869 	48.104053 	69.814041 	22.203604 	18.027756 	30.463093 	
39.319206 	88.102211 	28.635643 	17.492855 	49.739319 	37.000000 	14.212670 	55.443665 	24.000000 	34.669872 	4.242640 	94.625580 	3.605551 	41.725292 	4.472136 	94.403389 	101.242287 	34.132095 	47.381432 	2.236068 	34.058773 	16.401220 	10.000000 	999.000000 	2.236068 	42.638012 	2.000000 	9.848858 	19.723083 	39.408119 	46.400433 	66.483078 	41.880783 	125.642349 	46.872166 	39.824615 	82.758682 	32.695564 	40.706264 	43.416588 	44.777225 	12.041595 	14.317822 	102.649887 	42.638012 	39.217342 	38.183765 	79.812279 	30.149628 	23.345236 	22.360680 	
41.194660 	86.330757 	27.294687 	18.788294 	47.885281 	39.012817 	14.866069 	57.558666 	26.019224 	32.756680 	5.385165 	92.655273 	5.099020 	39.597980 	3.000000 	92.417534 	99.624290 	33.015148 	45.254833 	4.000000 	31.890438 	14.212670 	7.810250 	2.236068 	999.000000 	40.459858 	1.000000 	7.615773 	17.492855 	37.202152 	44.204071 	68.709534 	39.661064 	123.713379 	44.654228 	37.589893 	80.622574 	30.463093 	38.470768 	41.182522 	42.544094 	13.341664 	12.649111 	100.568382 	44.821869 	37.000000 	40.311287 	77.620872 	28.071337 	21.587032 	23.769728 	
75.286118 	52.345009 	27.018513 	51.264023 	17.888544 	75.026665 	44.944408 	94.339813 	63.071388 	14.142136 	43.266617 	54.625999 	43.829212 	3.605551 	38.600517 	54.129475 	68.029404 	30.805843 	6.082763 	43.600460 	8.602325 	26.248810 	32.649654 	42.638012 	40.459858 	999.000000 	41.109608 	33.241539 	23.345236 	4.123106 	4.123106 	107.823929 	4.472136 	85.906929 	6.082763 	8.246211 	40.360870 	14.317822 	8.544003 	7.810250 	7.810250 	51.739735 	35.510563 	60.802959 	85.276024 	14.560220 	80.721741 	37.202152 	24.186773 	32.572994 	61.400326 	
41.303753 	87.235313 	28.284271 	19.235384 	48.764740 	39.000000 	15.556349 	57.428215 	26.000000 	33.615471 	5.830952 	93.477272 	5.385165 	40.311287 	4.000000 	93.230896 	100.568382 	34.014702 	45.967381 	4.123106 	32.557640 	14.866069 	8.485281 	2.000000 	1.000000 	41.109608 	999.000000 	8.062258 	18.027756 	37.802116 	44.821869 	68.352028 	40.224369 	124.555206 	45.221676 	38.078865 	81.320351 	30.870699 	38.948685 	41.677334 	43.046486 	12.369317 	12.369317 	101.316338 	44.204071 	37.336308 	39.623226 	78.243210 	28.160255 	21.377558 	22.803509 	
48.010414 	80.777473 	24.186773 	24.515301 	42.154476 	46.173584 	19.313208 	64.938431 	33.241539 	26.925823 	12.041595 	86.284416 	12.165525 	32.649654 	7.000000 	85.982559 	94.641426 	30.594116 	38.288380 	11.401754 	24.758837 	7.211102 	2.236068 	9.848858 	7.615773 	33.241539 	8.062258 	999.000000 	10.000000 	29.832869 	36.878178 	76.321686 	32.202484 	117.477661 	37.202152 	30.016663 	73.552704 	22.847319 	30.886890 	33.615471 	34.985710 	18.867962 	8.602325 	93.723000 	52.201534 	29.410883 	47.507893 	70.292244 	21.023796 	16.124516 	29.068884 	
56.222771 	72.422371 	21.095022 	32.015621 	33.955853 	54.918121 	26.019224 	73.979729 	42.201897 	19.104973 	21.189621 	77.025970 	21.540659 	23.021729 	16.155495 	76.661591 	86.884979 	27.784887 	28.600698 	21.023796 	15.000000 	4.000000 	9.848858 	19.723083 	17.492855 	23.345236 	18.027756 	10.000000 	999.000000 	19.849434 	26.907248 	86.005814 	22.203604 	108.300507 	27.202942 	20.124611 	63.702435 	13.341664 	21.023796 	23.706539 	25.059929 	28.425341 	13.341664 	84.023804 	62.201286 	20.223749 	57.489128 	60.307545 	14.764823 	15.231546 	38.275318 	
73.246162 	56.435802 	26.476404 	49.040798 	21.189621 	72.732384 	42.720020 	92.027168 	60.539242 	14.317822 	40.311287 	58.694122 	40.816662 	6.324555 	35.510563 	58.180752 	72.062469 	31.016125 	10.198039 	40.496914 	6.082763 	23.021729 	29.410883 	39.408119 	37.202152 	4.123106 	37.802116 	29.832869 	19.849434 	999.000000 	7.071068 	105.095192 	3.000000 	89.961105 	7.615773 	5.000000 	44.045429 	10.198039 	5.656854 	6.324555 	7.071068 	48.104053 	31.622776 	64.637451 	82.006096 	11.180340 	77.336922 	40.459858 	20.099751 	28.460499 	57.628117 	
79.404030 	51.039200 	31.000000 	55.362442 	19.209373 	79.120163 	49.040798 	98.432716 	67.119293 	18.027756 	47.169907 	52.201534 	47.707443 	7.071068 	42.438190 	51.623638 	67.029846 	34.525352 	5.830952 	47.434166 	12.529964 	30.000000 	36.400551 	46.400433 	44.204071 	4.123106 	44.821869 	36.878178 	26.907248 	7.071068 	999.000000 	111.825760 	5.385165 	83.384651 	2.828427 	9.219544 	37.013512 	16.552946 	9.055386 	7.071068 	6.324555 	55.172459 	38.600517 	57.688820 	89.022469 	15.000000 	84.386017 	33.421551 	25.961510 	34.928497 	64.660652 	
37.013512 	144.256714 	85.603737 	57.428215 	109.808922 	34.655445 	63.513779 	18.384777 	44.944408 	96.798759 	64.884514 	154.563904 	64.474800 	106.174385 	69.856995 	154.673843 	153.525238 	87.114868 	111.646767 	65.000000 	99.297531 	82.346825 	76.157730 	66.483078 	68.709534 	107.823929 	68.352028 	76.321686 	86.005814 	105.095192 	111.825760 	999.000000 	107.786827 	183.853195 	112.698715 	106.103722 	146.441116 	99.161484 	107.018692 	109.658562 	110.981979 	62.169125 	78.847954 	164.805954 	29.154760 	105.688217 	35.128338 	144.754959 	95.880135 	87.321243 	58.034473 	
76.157730 	56.142673 	29.427877 	51.923019 	22.360680 	75.584389 	45.607018 	94.868332 	63.324562 	17.088007 	42.941822 	57.584721 	43.416588 	7.810250 	38.078865 	57.008770 	72.000000 	33.837849 	10.049875 	43.046486 	9.055386 	25.553865 	31.906113 	41.880783 	39.661064 	4.472136 	40.224369 	32.202484 	22.203604 	3.000000 	5.385165 	107.786827 	999.000000 	88.769363 	5.000000 	4.000000 	42.201897 	11.180340 	4.123106 	3.605551 	4.123106 	50.209560 	33.421551 	62.968246 	84.403793 	10.198039 	79.649231 	38.209946 	20.615528 	29.546574 	59.548298 	
147.186951 	39.698868 	99.488693 	127.561752 	76.026314 	149.201202 	122.147453 	167.092789 	140.264038 	90.972527 	124.851913 	31.304953 	125.670204 	85.422478 	121.202309 	31.780497 	35.440090 	96.938126 	80.056229 	125.924583 	93.477272 	110.276924 	116.284134 	125.642349 	123.713379 	85.906929 	124.555206 	117.477661 	108.300507 	89.961105 	83.384651 	183.853195 	88.769363 	999.000000 	84.504440 	92.477028 	48.836460 	99.924973 	92.114059 	89.537704 	88.255310 	136.341476 	121.198181 	29.000000 	166.817261 	97.406364 	163.217651 	56.320511 	109.201645 	118.308914 	146.485489 	
80.777473 	53.000000 	33.060551 	56.612720 	22.022715 	80.324341 	50.289165 	99.624290 	68.154236 	20.223749 	47.885281 	53.450912 	48.373547 	9.486833 	43.046486 	52.810986 	69.115845 	36.878178 	8.602325 	48.020828 	13.601471 	30.528675 	36.891735 	46.872166 	44.654228 	6.082763 	45.221676 	37.202152 	27.202942 	7.615773 	2.828427 	112.698715 	5.000000 	84.504440 	999.000000 	8.062258 	37.443291 	15.811388 	7.615773 	5.099020 	4.000000 	55.172459 	38.288380 	58.309521 	89.403580 	13.152946 	84.646324 	33.241539 	24.698177 	34.000000 	64.443771 	
75.312683 	60.133186 	30.364452 	50.990196 	26.000000 	74.464760 	44.721359 	93.680305 	61.983868 	18.867962 	41.231056 	61.351448 	41.629318 	11.180340 	36.249138 	60.745369 	76.000000 	35.341194 	14.035668 	41.146080 	9.486833 	23.769728 	29.966648 	39.824615 	37.589893 	8.246211 	38.078865 	30.016663 	20.124611 	5.000000 	9.219544 	106.103722 	4.000000 	92.477028 	8.062258 	999.000000 	45.486263 	7.810250 	1.000000 	3.605551 	5.000000 	47.507893 	30.413813 	66.370171 	82.097504 	6.324555 	77.201035 	41.036568 	16.763054 	25.942244 	56.586216 	
111.825760 	30.413813 	61.294373 	89.044930 	37.696156 	112.507774 	82.927681 	131.609268 	101.513542 	49.648766 	82.975899 	20.615528 	83.630135 	41.036568 	78.568443 	19.416489 	45.486263 	61.465439 	35.383614 	83.546394 	48.795490 	66.468040 	72.835434 	82.758682 	80.622574 	40.360870 	81.320351 	73.552704 	63.702435 	44.045429 	37.013512 	146.441116 	42.201897 	48.836460 	37.443291 	45.486263 	999.000000 	53.254108 	44.944408 	42.190044 	40.816662 	92.097771 	75.604233 	21.023796 	125.319588 	49.648766 	120.933868 	8.544003 	61.773781 	71.344238 	101.671036 	
69.462219 	66.610809 	28.301943 	45.177429 	30.413813 	68.249542 	39.051247 	87.321243 	55.542778 	19.416489 	34.481880 	68.709534 	34.785053 	16.000000 	29.410883 	68.154236 	82.152298 	34.205261 	20.396078 	34.176014 	9.848858 	17.262676 	23.086792 	32.695564 	30.463093 	14.317822 	30.870699 	22.847319 	13.341664 	10.198039 	16.552946 	99.161484 	11.180340 	99.924973 	15.811388 	7.810250 	53.254108 	999.000000 	8.485281 	11.313708 	12.727922 	39.824615 	22.627417 	74.094536 	74.625732 	7.000000 	69.634758 	48.836460 	10.000000 	18.384777 	48.795490 	
76.295479 	60.074955 	31.320919 	51.971146 	26.400757 	75.432091 	45.705578 	94.641426 	62.936478 	19.723083 	42.154476 	61.032780 	42.544094 	11.661903 	37.161808 	60.406952 	76.006577 	36.249138 	14.142136 	42.047592 	10.440307 	24.698177 	30.870699 	40.706264 	38.470768 	8.544003 	38.948685 	30.886890 	21.023796 	5.656854 	9.055386 	107.018692 	4.123106 	92.114059 	7.615773 	1.000000 	44.944408 	8.485281 	999.000000 	2.828427 	4.242640 	48.270073 	31.112698 	65.863495 	82.927681 	6.082763 	78.006409 	40.360870 	17.088007 	26.419689 	57.280014 	
78.644768 	58.008621 	32.756680 	54.341511 	25.553865 	77.884529 	48.052055 	97.123634 	65.459915 	20.615528 	44.777225 	58.523499 	45.188496 	11.313708 	39.812057 	57.870544 	74.060783 	37.336308 	12.649111 	44.721359 	12.041595 	27.313000 	33.541019 	43.416588 	41.182522 	7.810250 	41.677334 	33.615471 	23.706539 	6.324555 	7.071068 	109.658562 	3.605551 	89.537704 	5.099020 	3.605551 	42.190044 	11.313708 	2.828427 	999.000000 	1.414214 	51.088158 	33.941124 	63.134777 	85.702972 	8.062258 	80.802231 	37.536648 	19.697716 	29.154760 	60.108234 	
79.831070 	57.000000 	33.541019 	55.542778 	25.238859 	79.120163 	49.244289 	98.371742 	66.730804 	21.189621 	46.097721 	57.280014 	46.518814 	11.401754 	41.146080 	56.612720 	73.109505 	37.947330 	12.083046 	46.065170 	13.000000 	28.635643 	34.885529 	44.777225 	42.544094 	7.810250 	43.046486 	34.985710 	25.059929 	7.071068 	6.324555 	110.981979 	4.123106 	88.255310 	4.000000 	5.000000 	40.816662 	12.727922 	4.242640 	1.414214 	999.000000 	52.497620 	35.355339 	61.773781 	87.091904 	9.219544 	82.200974 	36.124783 	21.023796 	30.528675 	61.522354 	
41.629318 	99.403221 	40.607880 	25.238859 	60.835846 	37.947330 	24.351591 	54.230988 	25.942244 	45.617977 	15.132746 	105.152267 	14.142136 	51.400391 	16.278820 	104.847511 	112.893753 	46.173584 	57.008770 	13.038404 	43.416588 	26.076809 	20.124611 	12.041595 	13.341664 	51.739735 	12.369317 	18.867962 	28.425341 	48.104053 	55.172459 	62.169125 	50.209560 	136.341476 	55.172459 	47.507893 	92.097771 	39.824615 	48.270073 	51.088158 	52.497620 	999.000000 	17.492855 	112.445541 	35.341194 	45.486263 	30.016663 	88.413803 	34.438351 	25.298222 	10.440307 	
53.600372 	85.726311 	32.015621 	31.384710 	47.296936 	51.088158 	26.925823 	69.115845 	38.118237 	32.388271 	18.027756 	89.894379 	17.720045 	35.777088 	13.892444 	89.470665 	100.224747 	38.600517 	41.182522 	16.492422 	27.730848 	13.038404 	10.816654 	14.317822 	12.649111 	35.510563 	12.369317 	8.602325 	13.341664 	31.622776 	38.600517 	78.847954 	33.421551 	121.198181 	38.288380 	30.413813 	75.604233 	22.627417 	31.112698 	33.941124 	35.355339 	17.492855 	999.000000 	96.260063 	52.773098 	28.017851 	47.507893 	71.449280 	17.088007 	9.055386 	26.172504 	
129.247818 	30.149628 	79.202271 	107.447662 	55.000000 	130.430054 	101.533249 	149.214615 	120.104118 	68.622154 	102.532921 	14.035668 	103.247276 	61.073727 	98.351410 	13.000000 	38.948685 	78.230431 	55.443665 	103.276329 	69.028976 	86.556343 	92.849342 	102.649887 	100.568382 	60.802959 	101.316338 	93.723000 	84.023804 	64.637451 	57.688820 	164.805954 	62.968246 	29.000000 	58.309521 	66.370171 	21.023796 	74.094536 	65.863495 	63.134777 	61.773781 	112.445541 	96.260063 	999.000000 	144.958618 	70.661163 	140.801285 	27.658634 	82.764725 	92.282173 	122.200653 	
32.557640 	128.140549 	67.424034 	40.249222 	90.906548 	27.294687 	44.944408 	29.732138 	28.460499 	76.419891 	42.426407 	136.235092 	41.725292 	84.291161 	46.754681 	136.124939 	139.671036 	70.830788 	89.938866 	41.773197 	76.694199 	59.033890 	52.630791 	42.638012 	44.821869 	85.276024 	44.204071 	52.201534 	62.201286 	82.006096 	89.022469 	29.154760 	84.403793 	166.817261 	89.403580 	82.097504 	125.319588 	74.625732 	82.927681 	85.702972 	87.091904 	35.341194 	52.773098 	144.958618 	999.000000 	80.622574 	6.000000 	122.441826 	69.778221 	60.539242 	29.427877 	
76.419891 	66.030296 	34.438351 	52.153618 	32.310989 	75.133217 	46.043457 	94.148819 	62.369865 	24.083189 	41.231056 	66.483078 	41.484936 	17.464249 	36.138622 	65.802734 	82.024384 	39.962482 	20.223749 	40.804413 	14.212670 	24.186773 	29.832869 	39.217342 	37.000000 	14.560220 	37.336308 	29.410883 	20.223749 	11.180340 	15.000000 	105.688217 	10.198039 	97.406364 	13.152946 	6.324555 	49.648766 	7.000000 	6.082763 	8.062258 	9.219544 	45.486263 	28.017851 	70.661163 	80.622574 	999.000000 	75.471848 	44.407207 	12.206555 	22.022715 	53.907330 	
34.176014 	124.867928 	64.140472 	37.947330 	87.200920 	28.792360 	42.047592 	34.409302 	27.166155 	72.470680 	38.418747 	132.438660 	37.643059 	79.906197 	42.449970 	132.279999 	136.850281 	67.977936 	85.562843 	37.536648 	72.180328 	54.488529 	48.104053 	38.183765 	40.311287 	80.721741 	39.623226 	47.507893 	57.489128 	77.336922 	84.386017 	35.128338 	79.649231 	163.217651 	84.646324 	77.201035 	120.933868 	69.634758 	78.006409 	80.802231 	82.200974 	30.016663 	47.507893 	140.801285 	6.000000 	75.471848 	999.000000 	117.796432 	64.412735 	55.036350 	23.537205 	
111.085556 	38.418747 	60.745369 	87.658424 	38.470768 	111.359779 	81.412529 	130.613937 	99.849884 	48.332184 	80.448738 	29.120440 	81.024689 	38.587563 	75.802376 	27.892651 	53.851646 	61.846584 	33.120991 	80.802231 	45.803928 	63.411354 	69.814041 	79.812279 	77.620872 	37.202152 	78.243210 	70.292244 	60.307545 	40.459858 	33.421551 	144.754959 	38.209946 	56.320511 	33.241539 	41.036568 	8.544003 	48.836460 	40.360870 	37.536648 	36.124783 	88.413803 	71.449280 	27.658634 	122.441826 	44.407207 	117.796432 	999.000000 	56.612720 	66.400299 	97.621719 	
69.028976 	76.531036 	34.655445 	45.398239 	40.311287 	67.067131 	39.812057 	85.586212 	54.083271 	28.231188 	33.000000 	78.108902 	33.015148 	26.000000 	28.017851 	77.491936 	92.135773 	41.109608 	30.265491 	32.062439 	19.416489 	18.384777 	22.203604 	30.149628 	28.071337 	24.186773 	28.160255 	21.023796 	14.764823 	20.099751 	25.961510 	95.880135 	20.615528 	109.201645 	24.698177 	16.763054 	61.773781 	10.000000 	17.088007 	19.697716 	21.023796 	34.438351 	17.088007 	82.764725 	69.778221 	12.206555 	64.412735 	56.612720 	999.000000 	9.899495 	42.201897 	
62.649822 	84.528099 	36.235340 	40.162170 	47.042534 	60.133186 	35.341194 	78.057671 	47.169907 	33.241539 	26.925823 	87.091904 	26.683329 	33.734257 	22.472204 	86.539009 	99.724625 	42.941822 	38.600517 	25.495098 	26.172504 	17.204651 	18.027756 	23.345236 	21.587032 	32.572994 	21.377558 	16.124516 	15.231546 	28.460499 	34.928497 	87.321243 	29.546574 	118.308914 	34.000000 	25.942244 	71.344238 	18.384777 	26.419689 	29.154760 	30.528675 	25.298222 	9.055386 	92.282173 	60.539242 	22.022715 	55.036350 	66.400299 	9.899495 	999.000000 	32.449963 	
44.204071 	109.772491 	50.990196 	32.893768 	71.175842 	39.661064 	33.376640 	53.160137 	29.732138 	55.946404 	25.019993 	115.247559 	24.020824 	61.294373 	26.683329 	114.908661 	123.328827 	56.435802 	66.850578 	23.086792 	53.254108 	36.235340 	30.463093 	22.360680 	23.769728 	61.400326 	22.803509 	29.068884 	38.275318 	57.628117 	64.660652 	58.034473 	59.548298 	146.485489 	64.443771 	56.586216 	101.671036 	48.795490 	57.280014 	60.108234 	61.522354 	10.440307 	26.172504 	122.200653 	29.427877 	53.907330 	23.537205 	97.621719 	42.201897 	32.449963 	999.000000 	

Travel time:
9.000000 	2.687936 	1.263428 	0.608276 	1.860779 	0.134629 	0.764853 	0.500000 	0.395285 	1.569236 	0.901388 	2.960152 	0.903120 	1.826369 	1.025305 	2.965004 	2.912902 	1.275980 	1.954642 	0.930390 	1.679658 	1.305996 	1.175266 	0.982980 	1.029866 	1.882153 	1.032594 	1.200260 	1.405569 	1.831154 	1.985101 	0.925338 	1.903943 	3.679674 	2.019437 	1.882817 	2.795644 	1.736555 	1.907387 	1.966119 	1.995777 	1.040733 	1.340009 	3.231195 	0.813941 	1.910497 	0.854400 	2.777139 	1.725724 	1.566246 	1.105102 	
2.687936 	9.000000 	1.518634 	2.210204 	0.965660 	2.740552 	2.080865 	3.185122 	2.526114 	1.346291 	2.170829 	0.403113 	2.192744 	1.270089 	2.090753 	0.431567 	0.412311 	1.440703 	1.156774 	2.202981 	1.461592 	1.843400 	1.982738 	2.202555 	2.158269 	1.308625 	2.180883 	2.019437 	1.810559 	1.410895 	1.275980 	3.606418 	1.403567 	0.992472 	1.325000 	1.503330 	0.760345 	1.665270 	1.501874 	1.450216 	1.425000 	2.485080 	2.143158 	0.753741 	3.203514 	1.650757 	3.121698 	0.960469 	1.913276 	2.113203 	2.744312 	
1.263428 	1.518634 	9.000000 	0.707990 	0.605186 	1.282819 	0.566789 	1.758195 	1.025914 	0.325960 	0.664266 	1.732412 	0.687841 	0.600521 	0.608276 	1.732772 	1.825171 	0.167705 	0.711073 	0.704006 	0.522015 	0.482830 	0.552268 	0.715891 	0.682367 	0.675463 	0.707107 	0.604669 	0.527376 	0.661910 	0.775000 	2.140093 	0.735697 	2.487217 	0.826514 	0.759111 	1.532359 	0.707549 	0.783023 	0.818917 	0.838525 	1.015197 	0.800391 	1.980057 	1.685601 	0.860959 	1.603512 	1.518634 	0.866386 	0.905883 	1.274755 	
0.608276 	2.210204 	0.707990 	9.000000 	1.312441 	0.594243 	0.158114 	1.077033 	0.318198 	0.986154 	0.335410 	2.439775 	0.347311 	1.231107 	0.443001 	2.440543 	2.486966 	0.770146 	1.364047 	0.381608 	1.075291 	0.700446 	0.579871 	0.437321 	0.469707 	1.281601 	0.480885 	0.612882 	0.800391 	1.226020 	1.384061 	1.435705 	1.298075 	3.189044 	1.415318 	1.274755 	2.226123 	1.129436 	1.299279 	1.358538 	1.388569 	0.630971 	0.784618 	2.686192 	1.006231 	1.303840 	0.948683 	2.191461 	1.134956 	1.004054 	0.822344 	
1.860779 	0.965660 	0.605186 	1.312441 	9.000000 	1.886299 	1.167262 	2.358495 	1.629801 	0.380789 	1.220656 	1.133578 	1.241219 	0.371652 	1.131923 	1.131923 	1.323820 	0.594243 	0.336341 	1.248249 	0.525595 	0.877853 	1.017964 	1.243483 	1.197132 	0.447214 	1.219118 	1.053862 	0.848896 	0.529741 	0.480234 	2.745223 	0.559017 	1.900658 	0.550568 	0.650000 	0.942404 	0.760345 	0.660019 	0.638847 	0.630971 	1.520896 	1.182423 	1.375000 	2.272664 	0.807775 	2.180023 	0.961769 	1.007782 	1.176063 	1.779396 	
0.134629 	2.740552 	1.282819 	0.594243 	1.886299 	9.000000 	0.752080 	0.482830 	0.325000 	1.576586 	0.853302 	2.999271 	0.851469 	1.825171 	0.980115 	3.002603 	2.980038 	1.312441 	1.957358 	0.875357 	1.668270 	1.274755 	1.134956 	0.925000 	0.975320 	1.875667 	0.975000 	1.154340 	1.372953 	1.818310 	1.978004 	0.866386 	1.889610 	3.730030 	2.008109 	1.861619 	2.812694 	1.706239 	1.885802 	1.947113 	1.978004 	0.948683 	1.277204 	3.260751 	0.682367 	1.878330 	0.719809 	2.783994 	1.676678 	1.503330 	0.991527 	
0.764853 	2.080865 	0.566789 	0.158114 	1.167262 	0.752080 	9.000000 	1.234909 	0.465027 	0.832166 	0.250000 	2.298369 	0.270416 	1.073837 	0.325960 	2.298097 	2.370654 	0.648556 	1.207528 	0.305164 	0.917197 	0.550568 	0.443001 	0.355317 	0.371652 	1.123610 	0.388909 	0.482830 	0.650481 	1.068001 	1.226020 	1.587844 	1.140175 	3.053686 	1.257229 	1.118034 	2.073192 	0.976281 	1.142639 	1.201301 	1.231107 	0.608790 	0.673146 	2.538331 	1.123610 	1.151086 	1.051190 	2.035313 	0.995301 	0.883530 	0.834416 	
0.500000 	3.185122 	1.758195 	1.077033 	2.358495 	0.482830 	1.234909 	9.000000 	0.794512 	2.057304 	1.323820 	3.460130 	1.319327 	2.307732 	1.451293 	3.465003 	3.400735 	1.775704 	2.439390 	1.340009 	2.150872 	1.752320 	1.608182 	1.386092 	1.438967 	2.358495 	1.435705 	1.623461 	1.849493 	2.300679 	2.460818 	0.459619 	2.371708 	4.177320 	2.490607 	2.342008 	3.290232 	2.183031 	2.366036 	2.428091 	2.459294 	1.355775 	1.727896 	3.730365 	0.743303 	2.353720 	0.860233 	3.265348 	2.139655 	1.951442 	1.329003 	
0.395285 	2.526114 	1.025914 	0.318198 	1.629801 	0.325000 	0.465027 	0.794512 	9.000000 	1.296630 	0.530330 	2.757943 	0.527376 	1.532359 	0.657647 	2.758623 	2.795756 	1.085415 	1.668270 	0.550568 	1.365650 	0.958188 	0.813941 	0.600000 	0.650481 	1.576785 	0.650000 	0.831038 	1.055047 	1.513481 	1.677982 	1.123610 	1.583114 	3.506601 	1.703856 	1.549597 	2.537838 	1.388569 	1.573412 	1.636498 	1.668270 	0.648556 	0.952956 	3.002603 	0.711512 	1.559247 	0.679154 	2.496247 	1.352082 	1.179248 	0.743303 	
1.569236 	1.346291 	0.325960 	0.986154 	0.380789 	1.576586 	0.832166 	2.057304 	1.296630 	9.000000 	0.851469 	1.500000 	0.870704 	0.275000 	0.755811 	1.495410 	1.697793 	0.419076 	0.388104 	0.875000 	0.247487 	0.498121 	0.637377 	0.866747 	0.818917 	0.353553 	0.840387 	0.673146 	0.477624 	0.357946 	0.450694 	2.419969 	0.427200 	2.274313 	0.505594 	0.471699 	1.241219 	0.485412 	0.493077 	0.515388 	0.529741 	1.140449 	0.809707 	1.715554 	1.910497 	0.602080 	1.811767 	1.208305 	0.705780 	0.831038 	1.398660 	
0.901388 	2.170829 	0.664266 	0.335410 	1.220656 	0.853302 	0.250000 	1.323820 	0.530330 	0.851469 	9.000000 	2.350532 	0.025000 	1.050297 	0.127475 	2.346540 	2.488473 	0.789383 	1.190850 	0.055902 	0.866747 	0.436606 	0.285044 	0.106066 	0.134629 	1.081665 	0.145774 	0.301040 	0.529741 	1.007782 	1.179248 	1.622113 	1.073546 	3.121298 	1.197132 	1.030776 	2.074398 	0.862047 	1.053862 	1.119431 	1.152443 	0.378319 	0.450694 	2.563323 	1.060660 	1.030776 	0.960469 	2.011219 	0.825000 	0.673146 	0.625500 	
2.960152 	0.403113 	1.732412 	2.439775 	1.133578 	2.999271 	2.298369 	3.460130 	2.757943 	1.500000 	2.350532 	9.000000 	2.370258 	1.353006 	2.255271 	0.035355 	0.672681 	1.686898 	1.218862 	2.375000 	1.554429 	1.976898 	2.128673 	2.365639 	2.316382 	1.365650 	2.336932 	2.157110 	1.925649 	1.467353 	1.305038 	3.864098 	1.439618 	0.782624 	1.336273 	1.533786 	0.515388 	1.717738 	1.525820 	1.463087 	1.432000 	2.628807 	2.247360 	0.350892 	3.405877 	1.662077 	3.310966 	0.728011 	1.952723 	2.177298 	2.881189 	
0.903120 	2.192744 	0.687841 	0.347311 	1.241219 	0.851469 	0.270416 	1.319327 	0.527376 	0.870704 	0.025000 	2.370258 	9.000000 	1.065950 	0.134629 	2.366036 	2.511598 	0.813941 	1.206752 	0.035355 	0.880696 	0.447214 	0.292617 	0.090139 	0.127475 	1.095730 	0.134629 	0.304138 	0.538516 	1.020416 	1.192686 	1.611870 	1.085415 	3.141755 	1.209339 	1.040733 	2.090753 	0.869626 	1.063602 	1.129712 	1.162970 	0.353553 	0.443001 	2.581182 	1.043132 	1.037123 	0.941076 	2.025617 	0.825379 	0.667083 	0.600521 	
1.826369 	1.270089 	0.600521 	1.231107 	0.371652 	1.825171 	1.073837 	2.307732 	1.532359 	0.275000 	1.050297 	1.353006 	1.065950 	9.000000 	0.938416 	1.342805 	1.654728 	0.686477 	0.141421 	1.063015 	0.201556 	0.637377 	0.795692 	1.043132 	0.989950 	0.090139 	1.007782 	0.816241 	0.575543 	0.158114 	0.176777 	2.654360 	0.195256 	2.135562 	0.237171 	0.279509 	1.025914 	0.400000 	0.291548 	0.282843 	0.285044 	1.285010 	0.894427 	1.526843 	2.107279 	0.436606 	1.997655 	0.964689 	0.650000 	0.843356 	1.532359 	
1.025305 	2.090753 	0.608276 	0.443001 	1.131923 	0.980115 	0.325960 	1.451293 	0.657647 	0.755811 	0.127475 	2.255271 	0.134629 	0.938416 	9.000000 	2.250000 	2.419969 	0.750417 	1.079641 	0.125000 	0.750000 	0.313249 	0.158114 	0.111803 	0.075000 	0.965013 	0.100000 	0.175000 	0.403887 	0.887764 	1.060955 	1.746425 	0.951972 	3.030058 	1.076162 	0.906228 	1.964211 	0.735272 	0.929045 	0.995301 	1.028652 	0.406971 	0.347311 	2.458785 	1.168867 	0.903466 	1.061249 	1.895059 	0.700446 	0.561805 	0.667083 	
2.965004 	0.431567 	1.732772 	2.440543 	1.131923 	3.002603 	2.298097 	3.465003 	2.758623 	1.495410 	2.346540 	0.035355 	2.366036 	1.342805 	2.250000 	9.000000 	0.707990 	1.690599 	1.207528 	2.370258 	1.544345 	1.969296 	2.121910 	2.360085 	2.310438 	1.353237 	2.330772 	2.149564 	1.916540 	1.454519 	1.290591 	3.866846 	1.425219 	0.794512 	1.320275 	1.518634 	0.485412 	1.703856 	1.510174 	1.446764 	1.415318 	2.621188 	2.236767 	0.325000 	3.403123 	1.645068 	3.307000 	0.697316 	1.937298 	2.163475 	2.872716 	
2.912902 	0.412311 	1.825171 	2.486966 	1.323820 	2.980038 	2.370654 	3.400735 	2.795756 	1.697793 	2.488473 	0.672681 	2.511598 	1.654728 	2.419969 	0.707990 	9.000000 	1.722099 	1.550202 	2.525495 	1.838818 	2.195023 	2.325135 	2.531057 	2.490607 	1.700735 	2.514210 	2.366036 	2.172124 	1.801562 	1.675746 	3.838131 	1.800000 	0.886002 	1.727896 	1.900000 	1.137157 	2.053807 	1.900164 	1.851520 	1.827738 	2.822344 	2.505619 	0.973717 	3.491776 	2.050610 	3.421257 	1.346291 	2.303394 	2.493116 	3.083221 	
1.275980 	1.440703 	0.167705 	0.770146 	0.594243 	1.312441 	0.648556 	1.775704 	1.085415 	0.419076 	0.789383 	1.686898 	0.813941 	0.686477 	0.750417 	1.690599 	1.722099 	9.000000 	0.775403 	0.834416 	0.648556 	0.650000 	0.711073 	0.853302 	0.825379 	0.770146 	0.850368 	0.764853 	0.694622 	0.775403 	0.863134 	2.177872 	0.845946 	2.423453 	0.921954 	0.883530 	1.536636 	0.855132 	0.906228 	0.933408 	0.948683 	1.154340 	0.965013 	1.955761 	1.770770 	0.999062 	1.699448 	1.546165 	1.027740 	1.073546 	1.410895 	
1.954642 	1.156774 	0.711073 	1.364047 	0.336341 	1.957358 	1.207528 	2.439390 	1.668270 	0.388104 	1.190850 	1.218862 	1.206752 	0.141421 	1.079641 	1.207528 	1.550202 	0.775403 	9.000000 	1.204159 	0.340037 	0.778621 	0.937083 	1.184536 	1.131371 	0.152069 	1.149184 	0.957209 	0.715017 	0.254951 	0.145774 	2.791169 	0.251247 	2.001406 	0.215058 	0.350892 	0.884590 	0.509902 	0.353553 	0.316228 	0.302076 	1.425219 	1.029563 	1.386092 	2.248472 	0.505594 	2.139071 	0.828025 	0.756637 	0.965013 	1.671264 	
0.930390 	2.202981 	0.704006 	0.381608 	1.248249 	0.875357 	0.305164 	1.340009 	0.550568 	0.875000 	0.055902 	2.375000 	0.035355 	1.063015 	0.125000 	2.370258 	2.525495 	0.834416 	1.204159 	9.000000 	0.875000 	0.437321 	0.279509 	0.055902 	0.100000 	1.090011 	0.103078 	0.285044 	0.525595 	1.012423 	1.185854 	1.625000 	1.076162 	3.148115 	1.200521 	1.028652 	2.088660 	0.854400 	1.051190 	1.118034 	1.151629 	0.325960 	0.412311 	2.581908 	1.044330 	1.020110 	0.938416 	2.020056 	0.801561 	0.637377 	0.577170 	
1.679658 	1.461592 	0.522015 	1.075291 	0.525595 	1.668270 	0.917197 	2.150872 	1.365650 	0.247487 	0.866747 	1.554429 	0.880696 	0.201556 	0.750000 	1.544345 	1.838818 	0.648556 	0.340037 	0.875000 	9.000000 	0.442295 	0.602080 	0.851469 	0.797261 	0.215058 	0.813941 	0.618971 	0.375000 	0.152069 	0.313249 	2.482438 	0.226385 	2.336932 	0.340037 	0.237171 	1.219887 	0.246221 	0.261008 	0.301040 	0.325000 	1.085415 	0.693271 	1.725724 	1.917355 	0.355317 	1.804508 	1.145098 	0.485412 	0.654313 	1.331353 	
