Total assets = 720
Number of asset nodes = 33

Distance:
999.000000 	69.641945 	78.294319 	78.721024 	85.866173 	44.045429 	23.409399 	123.405838 	26.076809 	117.324333 	130.598618 	90.476517 	112.507774 	135.473251 	28.460499 	50.487621 	31.144823 	28.861740 	57.140179 	29.017237 	106.103722 	99.020203 	73.109505 	73.061615 	43.566040 	71.000000 	39.560081 	54.708317 	64.776543 	97.984695 	87.692642 	102.883430 	62.361847 	149.201202 	108.415863 	100.448990 	114.560028 	116.417351 	106.301460 	98.081596 	117.720009 	120.016663 	
69.641945 	999.000000 	10.000000 	12.369317 	18.027756 	41.785164 	89.274857 	54.451813 	43.566040 	47.801674 	62.369865 	26.683329 	42.941822 	67.357254 	93.380943 	44.911022 	68.264191 	92.633690 	41.048752 	87.863533 	38.470768 	34.132095 	35.846897 	36.769554 	63.906181 	38.897301 	103.947105 	54.451813 	47.265209 	38.275318 	38.209946 	41.000000 	54.009258 	80.056229 	47.074409 	44.721359 	51.244511 	54.744862 	55.226807 	56.586216 	62.769421 	72.401657 	
78.294319 	10.000000 	999.000000 	3.605551 	8.062258 	46.324940 	97.005157 	47.801674 	52.325901 	40.311287 	56.302753 	17.088007 	34.409302 	61.294373 	100.895988 	47.927029 	74.027023 	100.004997 	42.720020 	94.762863 	28.635643 	24.186773 	33.241539 	34.234486 	68.000000 	37.054016 	111.198021 	56.612720 	47.265209 	29.068884 	31.622776 	31.320919 	54.744862 	72.862885 	37.363083 	36.055511 	41.303753 	44.911022 	47.010635 	50.219517 	53.665630 	64.202805 	
78.721024 	12.369317 	3.605551 	999.000000 	7.211102 	45.000000 	96.834908 	49.091751 	52.924473 	41.231056 	57.801384 	14.317822 	34.713108 	62.769421 	100.603180 	46.065170 	73.000000 	99.639351 	40.496914 	94.175369 	27.513634 	22.000000 	30.066593 	31.064449 	66.370171 	34.000000 	110.751976 	54.424259 	44.553337 	26.000000 	28.017851 	28.635643 	52.172791 	73.756355 	34.713108 	32.756680 	39.051247 	42.426407 	43.600460 	46.615448 	50.566788 	60.802959 	
85.866173 	18.027756 	8.062258 	7.211102 	999.000000 	51.855568 	104.043259 	42.544094 	60.008331 	34.409302 	51.429562 	10.630146 	27.586229 	56.356010 	107.800743 	52.478565 	79.981247 	106.826965 	46.518814 	101.316338 	20.615528 	16.492422 	34.234486 	35.227829 	72.945183 	38.470768 	117.923706 	60.415230 	49.729267 	22.803509 	28.792360 	24.166092 	57.567352 	66.843102 	30.083218 	30.413813 	33.541019 	37.363083 	41.725292 	46.957428 	47.169907 	58.728188 	
44.045429 	41.785164 	46.324940 	45.000000 	51.855568 	999.000000 	55.713554 	94.047859 	27.202942 	86.214851 	102.625534 	52.630791 	79.309517 	107.615051 	58.600342 	7.810250 	28.319605 	57.245087 	13.152946 	50.774010 	69.526970 	60.802959 	29.614185 	29.427877 	22.135944 	27.073973 	67.742157 	17.000000 	21.540659 	57.245087 	44.922153 	62.649822 	21.931713 	118.697090 	67.542580 	58.189346 	74.242844 	75.239616 	62.801273 	54.037025 	74.525162 	76.000000 	
23.409399 	89.274857 	97.005157 	96.834908 	104.043259 	55.713554 	999.000000 	143.683685 	46.861500 	137.000000 	151.327454 	107.042046 	131.400146 	156.272202 	5.099020 	59.908264 	31.016125 	6.082763 	67.446274 	11.401754 	123.490891 	115.485931 	85.070557 	84.770279 	45.011108 	82.006096 	16.155495 	60.207973 	72.993149 	112.805145 	100.568382 	118.105888 	68.183578 	169.331039 	123.166557 	113.885910 	129.769028 	130.923645 	117.881294 	107.517441 	129.807556 	129.553085 	
123.405838 	54.451813 	47.801674 	49.091751 	42.544094 	94.047859 	143.683685 	999.000000 	97.452553 	9.055386 	9.219544 	45.880280 	18.027756 	13.928389 	147.827606 	95.015785 	121.823647 	147.085007 	89.005615 	142.214630 	32.015621 	41.303753 	75.272835 	76.216797 	115.433968 	79.711983 	158.391922 	102.859123 	91.547798 	51.088158 	64.938431 	47.010635 	99.538940 	25.806976 	48.507732 	58.008621 	44.643028 	49.335587 	67.475922 	79.000000 	64.845970 	80.081207 	
26.076809 	43.566040 	52.325901 	52.924473 	60.008331 	27.202942 	46.861500 	97.452553 	999.000000 	91.263351 	104.804581 	65.253349 	86.452301 	109.713264 	51.400391 	35.000000 	35.014282 	51.039200 	39.357338 	47.853943 	80.411446 	73.763138 	51.971146 	52.172791 	39.924931 	50.960770 	62.425957 	43.139309 	48.373547 	73.681747 	65.069191 	78.262383 	49.040798 	123.227432 	84.011902 	77.058418 	89.822044 	92.070625 	84.214012 	78.102493 	95.005264 	99.297531 	
117.324333 	47.801674 	40.311287 	41.231056 	34.409302 	86.214851 	137.000000 	9.055386 	91.263351 	999.000000 	18.248287 	37.000000 	9.000000 	22.803509 	141.014191 	86.821655 	114.214706 	140.185593 	80.622574 	135.059250 	23.000000 	32.249031 	66.483078 	67.416618 	107.335922 	70.936592 	151.426544 	94.413979 	82.855293 	42.047592 	55.901699 	38.052597 	90.873535 	32.557640 	39.812057 	49.040798 	36.400551 	41.231056 	58.694122 	70.007141 	56.648037 	71.784401 	
130.598618 	62.369865 	56.302753 	57.801384 	51.429562 	102.625534 	151.327454 	9.219544 	104.804581 	18.248287 	999.000000 	55.081757 	27.166155 	5.000000 	155.569916 	103.831596 	130.207520 	154.896744 	97.943863 	150.233154 	41.109608 	50.487621 	84.433403 	85.381500 	124.169243 	88.865067 	166.243790 	111.825760 	100.657837 	60.207973 	74.148499 	56.008926 	108.632408 	19.924858 	57.218880 	67.007462 	52.952808 	57.489128 	76.236473 	88.022728 	73.006851 	88.294960 	
90.476517 	26.683329 	17.088007 	14.317822 	10.630146 	52.630791 	107.042046 	45.880280 	65.253349 	37.000000 	55.081757 	999.000000 	28.635643 	59.774578 	110.453613 	51.662365 	80.919716 	109.293182 	44.821869 	103.227905 	16.970562 	8.544003 	29.546574 	30.463093 	72.249565 	34.014702 	120.104118 	58.249462 	46.065170 	12.206555 	20.099751 	14.317822 	54.120235 	68.095520 	20.396078 	19.798990 	25.019993 	28.160255 	31.144823 	37.336308 	36.715118 	48.104053 	
112.507774 	42.941822 	34.409302 	34.713108 	27.586229 	79.309517 	131.400146 	18.027756 	86.452301 	9.000000 	27.166155 	28.635643 	999.000000 	31.575306 	135.247925 	79.404030 	107.517441 	134.316788 	72.945183 	128.887543 	14.000000 	23.345236 	58.180752 	59.093147 	100.000000 	62.649822 	145.454468 	86.608315 	74.686012 	33.060551 	47.074409 	29.068884 	82.734512 	39.661064 	31.048349 	40.049969 	28.178005 	33.120991 	49.819675 	61.008198 	48.332184 	63.324562 	
135.473251 	67.357254 	61.294373 	62.769421 	56.356010 	107.615051 	156.272202 	13.928389 	109.713264 	22.803509 	5.000000 	59.774578 	31.575306 	999.000000 	160.527252 	108.784187 	135.207245 	159.862442 	102.859123 	155.219193 	45.398239 	54.918121 	89.196411 	90.138779 	129.139465 	93.637596 	171.213318 	116.730461 	105.475113 	64.498062 	78.644768 	60.133186 	113.463654 	16.124516 	61.032780 	71.112587 	56.435802 	60.827625 	80.056229 	92.135773 	76.295479 	91.591484 	
28.460499 	93.380943 	100.895988 	100.603180 	107.800743 	58.600342 	5.099020 	147.827606 	51.400391 	141.014191 	155.569916 	110.453613 	135.247925 	160.527252 	999.000000 	62.297672 	32.557640 	2.236068 	69.892776 	10.198039 	127.027557 	118.848640 	87.664131 	87.315521 	46.173584 	84.433403 	11.180340 	61.814240 	74.953316 	115.831772 	103.247276 	121.198181 	69.720871 	173.415680 	126.142776 	116.619041 	132.823196 	133.824509 	120.208153 	109.444046 	132.196823 	131.400146 	
50.487621 	44.911022 	47.927029 	46.065170 	52.478565 	7.810250 	59.908264 	95.015785 	35.000000 	86.821655 	103.831596 	51.662365 	79.404030 	108.784187 	62.297672 	999.000000 	30.413813 	60.745369 	7.615773 	53.712196 	68.622154 	59.413803 	25.495098 	25.079872 	20.615528 	22.135944 	70.682388 	10.198039 	14.317822 	54.644306 	41.146080 	60.216278 	14.142136 	119.037811 	64.660652 	54.561890 	71.561165 	72.069412 	57.974133 	48.093658 	69.921387 	70.178345 	
31.144823 	68.264191 	74.027023 	73.000000 	79.981247 	28.319605 	31.016125 	121.823647 	35.014282 	114.214706 	130.207520 	80.919716 	107.517441 	135.207245 	32.557640 	30.413813 	999.000000 	30.805843 	38.013157 	23.409399 	97.836601 	89.022469 	55.901699 	55.461697 	14.142136 	52.392746 	40.311287 	29.274563 	42.449970 	84.905830 	71.554176 	90.426765 	37.215588 	146.754898 	95.015785 	84.970581 	101.872467 	102.474388 	87.920418 	76.902534 	99.959991 	98.843307 	
28.861740 	92.633690 	100.004997 	99.639351 	106.826965 	57.245087 	6.082763 	147.085007 	51.039200 	140.185593 	154.896744 	109.293182 	134.316788 	159.862442 	2.236068 	60.745369 	30.805843 	999.000000 	68.352028 	8.062258 	125.924583 	117.660530 	86.162636 	85.796272 	44.283180 	82.873398 	11.401754 	60.016663 	73.246162 	114.490173 	101.769348 	119.883278 	67.896980 	172.626770 	124.775803 	115.156418 	131.487640 	132.423569 	118.595955 	107.707939 	130.602448 	129.634094 	
57.140179 	41.048752 	42.720020 	40.496914 	46.518814 	13.152946 	67.446274 	89.005615 	39.357338 	80.622574 	97.943863 	44.821869 	72.945183 	102.859123 	69.892776 	7.615773 	38.013157 	68.352028 	999.000000 	61.326992 	61.717098 	52.345009 	17.888544 	17.464249 	27.586229 	14.560220 	78.294319 	13.928389 	9.219544 	47.201694 	33.541019 	52.801514 	13.341664 	112.605507 	57.140179 	46.957428 	64.070274 	64.498062 	50.447994 	41.000000 	62.361847 	63.031738 	
29.017237 	87.863533 	94.762863 	94.175369 	101.316338 	50.774010 	11.401754 	142.214630 	47.853943 	135.059250 	150.233154 	103.227905 	128.887543 	155.219193 	10.198039 	53.712196 	23.409399 	8.062258 	61.326992 	999.000000 	120.000000 	111.503365 	79.202271 	78.790863 	36.496574 	75.769386 	17.000000 	52.392746 	65.802734 	107.912003 	94.847244 	113.371071 	60.207973 	167.585800 	118.118584 	108.258949 	124.907967 	125.670204 	111.328346 	100.169853 	123.369362 	122.024590 	
106.103722 	38.470768 	28.635643 	27.513634 	20.615528 	69.526970 	123.490891 	32.015621 	80.411446 	23.000000 	41.109608 	16.970562 	14.000000 	45.398239 	127.027557 	68.622154 	97.836601 	125.924583 	61.717098 	120.000000 	999.000000 	9.848858 	45.793011 	46.647614 	89.196411 	50.249378 	136.824707 	75.000000 	62.433964 	19.104973 	33.526108 	15.132746 	70.491135 	51.894123 	17.888544 	26.076809 	17.029387 	21.931713 	36.138622 	47.010635 	36.055511 	50.537113 	
99.020203 	34.132095 	24.186773 	22.000000 	16.492422 	60.802959 	115.485931 	41.303753 	73.763138 	32.249031 	50.487621 	8.544003 	23.345236 	54.918121 	118.848640 	59.413803 	89.022469 	117.660530 	52.345009 	111.503365 	9.848858 	999.000000 	36.055511 	36.891735 	79.906197 	40.496914 	128.413391 	65.436989 	52.697250 	10.198039 	23.769728 	8.485281 	60.745369 	61.741398 	13.892444 	18.027756 	17.117243 	20.880613 	29.068884 	38.327538 	31.890438 	45.000000 	
73.109505 	35.846897 	33.241539 	30.066593 	34.234486 	29.614185 	85.070557 	75.272835 	51.971146 	66.483078 	84.433403 	29.546574 	58.180752 	89.196411 	87.664131 	25.495098 	55.901699 	86.162636 	17.888544 	79.202271 	45.793011 	36.055511 	999.000000 	1.000000 	45.000000 	4.472136 	96.176918 	29.698484 	16.643316 	29.732138 	15.652476 	35.383614 	24.698177 	97.529480 	39.408119 	29.068884 	46.400433 	46.647614 	33.241539 	26.248810 	44.911022 	47.381432 	
73.061615 	36.769554 	34.234486 	31.064449 	35.227829 	29.427877 	84.770279 	76.216797 	52.172791 	67.416618 	85.381500 	30.463093 	59.093147 	90.138779 	87.315521 	25.079872 	55.461697 	85.796272 	17.464249 	78.790863 	46.647614 	36.891735 	1.000000 	999.000000 	44.407207 	3.605551 	95.754898 	29.000000 	15.811388 	30.413813 	16.124516 	36.069378 	23.853722 	98.412399 	40.000000 	29.529646 	47.010635 	47.169907 	33.376640 	25.961510 	45.122055 	47.265209 	
43.566040 	63.906181 	68.000000 	66.370171 	72.945183 	22.135944 	45.011108 	115.433968 	39.924931 	107.335922 	124.169243 	72.249565 	100.000000 	129.139465 	46.173584 	20.615528 	14.142136 	44.283180 	27.586229 	36.496574 	89.196411 	79.906197 	45.000000 	44.407207 	999.000000 	41.048752 	52.886673 	16.155495 	29.966648 	74.652527 	60.464867 	80.280754 	23.769728 	139.617340 	84.403793 	73.783470 	91.400215 	91.525955 	75.643906 	63.890530 	87.726852 	85.615417 	
71.000000 	38.897301 	37.054016 	34.000000 	38.470768 	27.073973 	82.006096 	79.711983 	50.960770 	70.936592 	88.865067 	34.014702 	62.649822 	93.637596 	84.433403 	22.135944 	52.392746 	82.873398 	14.560220 	75.769386 	50.249378 	40.496914 	4.472136 	3.605551 	41.048752 	999.000000 	92.703827 	25.495098 	12.206555 	33.941124 	19.416489 	39.597980 	20.248457 	102.000000 	43.416588 	32.756680 	50.447994 	50.477718 	35.902645 	27.294687 	47.801674 	49.040798 	
39.560081 	103.947105 	111.198021 	110.751976 	117.923706 	67.742157 	16.155495 	158.391922 	62.425957 	151.426544 	166.243790 	120.104118 	145.454468 	171.213318 	11.180340 	70.682388 	40.311287 	11.401754 	78.294319 	17.000000 	136.824707 	128.413391 	96.176918 	95.754898 	52.886673 	92.703827 	999.000000 	68.963760 	82.540901 	124.907967 	111.825760 	130.361038 	76.655075 	183.896713 	135.118469 	125.239769 	141.904892 	142.667450 	128.160049 	116.760437 	140.217682 	138.495483 	
54.708317 	54.451813 	56.612720 	54.424259 	60.415230 	17.000000 	60.207973 	102.859123 	43.139309 	94.413979 	111.825760 	58.249462 	86.608315 	116.730461 	61.814240 	10.198039 	29.274563 	60.016663 	13.928389 	52.392746 	75.000000 	65.436989 	29.698484 	29.000000 	16.155495 	25.495098 	68.963760 	999.000000 	13.892444 	59.413803 	44.821869 	65.069191 	8.000000 	126.245789 	68.883957 	58.008621 	75.927597 	75.802376 	59.506302 	47.801674 	71.589104 	69.634758 	
64.776543 	47.265209 	47.265209 	44.553337 	49.729267 	21.540659 	72.993149 	91.547798 	48.373547 	82.855293 	100.657837 	46.065170 	74.686012 	105.475113 	74.953316 	14.317822 	42.449970 	73.246162 	9.219544 	65.802734 	62.433964 	52.697250 	16.643316 	15.811388 	29.966648 	12.206555 	82.540901 	13.892444 	999.000000 	46.010868 	31.144823 	51.662365 	8.062258 	114.127121 	55.226807 	44.204071 	62.289646 	62.008064 	45.694637 	34.525352 	57.775429 	56.568542 	
97.984695 	38.275318 	29.068884 	26.000000 	22.803509 	57.245087 	112.805145 	51.088158 	73.681747 	42.047592 	60.207973 	12.206555 	33.060551 	64.498062 	115.831772 	54.644306 	84.905830 	114.490173 	47.201694 	107.912003 	19.104973 	10.198039 	29.732138 	30.413813 	74.652527 	33.941124 	124.907967 	59.413803 	46.010868 	999.000000 	15.264338 	5.656854 	53.907330 	70.228203 	10.440307 	8.062258 	17.000000 	18.439089 	19.416489 	28.160255 	24.596748 	36.069378 	
87.692642 	38.209946 	31.622776 	28.017851 	28.792360 	44.922153 	100.568382 	64.938431 	65.069191 	55.901699 	74.148499 	20.099751 	47.074409 	78.644768 	103.247276 	41.146080 	71.554176 	101.769348 	33.541019 	94.847244 	33.526108 	23.769728 	15.652476 	16.124516 	60.464867 	19.416489 	111.825760 	44.821869 	31.144823 	15.264338 	999.000000 	20.808653 	38.897301 	85.234970 	24.083189 	13.416408 	31.144823 	31.064449 	19.235384 	18.601076 	30.066593 	35.468296 	
102.883430 	41.000000 	31.320919 	28.635643 	24.166092 	62.649822 	118.105888 	47.010635 	78.262383 	38.052597 	56.008926 	14.317822 	29.068884 	60.133186 	121.198181 	60.216278 	90.426765 	119.883278 	52.801514 	113.371071 	15.132746 	8.485281 	35.383614 	36.069378 	80.280754 	39.597980 	130.361038 	65.069191 	51.662365 	5.656854 	20.808653 	999.000000 	59.548298 	65.145988 	6.082763 	11.000000 	11.704700 	14.000000 	21.189621 	32.015621 	23.430750 	36.619667 	
62.361847 	54.009258 	54.744862 	52.172791 	57.567352 	21.931713 	68.183578 	99.538940 	49.040798 	90.873535 	108.632408 	54.120235 	82.734512 	113.463654 	69.720871 	14.142136 	37.215588 	67.896980 	13.341664 	60.207973 	70.491135 	60.745369 	24.698177 	23.853722 	23.769728 	20.248457 	76.655075 	8.000000 	8.062258 	53.907330 	38.897301 	59.548298 	999.000000 	122.188377 	62.936478 	51.739735 	70.007141 	69.526970 	52.354561 	40.162170 	64.412735 	61.846584 	
149.201202 	80.056229 	72.862885 	73.756355 	66.843102 	118.697090 	169.331039 	25.806976 	123.227432 	32.557640 	19.924858 	68.095520 	39.661064 	16.124516 	173.415680 	119.037811 	146.754898 	172.626770 	112.605507 	167.585800 	51.894123 	61.741398 	97.529480 	98.412399 	139.617340 	102.000000 	183.896713 	126.245789 	114.127121 	70.228203 	85.234970 	65.145988 	122.188377 	999.000000 	64.536812 	75.690155 	58.694122 	62.289646 	83.024094 	96.317184 	77.025970 	92.005432 	
108.415863 	47.074409 	37.363083 	34.713108 	30.083218 	67.542580 	123.166557 	48.507732 	84.011902 	39.812057 	57.218880 	20.396078 	31.048349 	61.032780 	126.142776 	64.660652 	95.015785 	124.775803 	57.140179 	118.118584 	17.888544 	13.892444 	39.408119 	40.000000 	84.403793 	43.416588 	135.118469 	68.883957 	55.226807 	10.440307 	24.083189 	6.082763 	62.936478 	64.536812 	999.000000 	11.661903 	7.071068 	8.062258 	19.026299 	31.780497 	18.439089 	32.649654 	
100.448990 	44.721359 	36.055511 	32.756680 	30.413813 	58.189346 	113.885910 	58.008621 	77.058418 	49.040798 	67.007462 	19.798990 	40.049969 	71.112587 	116.619041 	54.561890 	84.970581 	115.156418 	46.957428 	108.258949 	26.076809 	18.027756 	29.068884 	29.529646 	73.783470 	32.756680 	125.239769 	58.008621 	44.204071 	8.062258 	13.416408 	11.000000 	51.739735 	75.690155 	11.661903 	999.000000 	18.601076 	17.804493 	11.401754 	21.023796 	18.439089 	28.319605 	
114.560028 	51.244511 	41.303753 	39.051247 	33.541019 	74.242844 	129.769028 	44.643028 	89.822044 	36.400551 	52.952808 	25.019993 	28.178005 	56.435802 	132.823196 	71.561165 	101.872467 	131.487640 	64.070274 	124.907967 	17.029387 	17.117243 	46.400433 	47.010635 	91.400215 	50.447994 	141.904892 	75.927597 	62.289646 	17.000000 	31.144823 	11.704700 	70.007141 	58.694122 	7.071068 	18.601076 	999.000000 	5.000000 	24.331051 	37.947330 	20.248457 	35.440090 	
116.417351 	54.744862 	44.911022 	42.426407 	37.363083 	75.239616 	130.923645 	49.335587 	92.070625 	41.231056 	57.489128 	28.160255 	33.120991 	60.827625 	133.824509 	72.069412 	102.474388 	132.423569 	64.498062 	125.670204 	21.931713 	20.880613 	46.647614 	47.169907 	91.525955 	50.477718 	142.667450 	75.802376 	62.008064 	18.439089 	31.064449 	14.000000 	69.526970 	62.289646 	8.062258 	17.804493 	5.000000 	999.000000 	21.189621 	35.341194 	15.524175 	30.805843 	
106.301460 	55.226807 	47.010635 	43.600460 	41.725292 	62.801273 	117.881294 	67.475922 	84.214012 	58.694122 	76.236473 	31.144823 	49.819675 	80.056229 	120.208153 	57.974133 	87.920418 	118.595955 	50.447994 	111.328346 	36.138622 	29.068884 	33.241539 	33.376640 	75.643906 	35.902645 	128.160049 	59.506302 	45.694637 	19.416489 	19.235384 	21.189621 	52.354561 	83.024094 	19.026299 	11.401754 	24.331051 	21.189621 	999.000000 	14.422205 	12.083046 	17.204651 	
98.081596 	56.586216 	50.219517 	46.615448 	46.957428 	54.037025 	107.517441 	79.000000 	78.102493 	70.007141 	88.022728 	37.336308 	61.008198 	92.135773 	109.444046 	48.093658 	76.902534 	107.707939 	41.000000 	100.169853 	47.010635 	38.327538 	26.248810 	25.961510 	63.890530 	27.294687 	116.760437 	47.801674 	34.525352 	28.160255 	18.601076 	32.015621 	40.162170 	96.317184 	31.780497 	21.023796 	37.947330 	35.341194 	14.422205 	999.000000 	25.495098 	22.090721 	
117.720009 	62.769421 	53.665630 	50.566788 	47.169907 	74.525162 	129.807556 	64.845970 	95.005264 	56.648037 	73.006851 	36.715118 	48.332184 	76.295479 	132.196823 	69.921387 	99.959991 	130.602448 	62.361847 	123.369362 	36.055511 	31.890438 	44.911022 	45.122055 	87.726852 	47.801674 	140.217682 	71.589104 	57.775429 	24.596748 	30.066593 	23.430750 	64.412735 	77.025970 	18.439089 	18.439089 	20.248457 	15.524175 	12.083046 	25.495098 	999.000000 	15.297058 	
120.016663 	72.401657 	64.202805 	60.802959 	58.728188 	76.000000 	129.553085 	80.081207 	99.297531 	71.784401 	88.294960 	48.104053 	63.324562 	91.591484 	131.400146 	70.178345 	98.843307 	129.634094 	63.031738 	122.024590 	50.537113 	45.000000 	47.381432 	47.265209 	85.615417 	49.040798 	138.495483 	69.634758 	56.568542 	36.069378 	35.468296 	36.619667 	61.846584 	92.005432 	32.649654 	28.319605 	35.440090 	30.805843 	17.204651 	22.090721 	15.297058 	999.000000 	

Travel time:
9.000000 	1.741049 	1.957358 	1.968026 	2.146654 	1.101136 	0.585235 	3.085146 	0.651920 	2.933108 	3.264966 	2.261913 	2.812694 	3.386831 	0.711512 	1.262191 	0.778621 	0.721543 	1.428504 	0.725431 	2.652593 	2.475505 	1.827738 	1.826540 	1.089151 	1.775000 	0.989002 	1.367708 	1.619414 	2.449617 	2.192316 	2.572086 	1.559046 	3.730030 	2.710397 	2.511225 	2.864001 	2.910434 	2.657537 	2.452040 	2.943000 	3.000417 	
1.741049 	9.000000 	0.250000 	0.309233 	0.450694 	1.044629 	2.231871 	1.361295 	1.089151 	1.195042 	1.559247 	0.667083 	1.073546 	1.683931 	2.334524 	1.122776 	1.706605 	2.315842 	1.026219 	2.196588 	0.961769 	0.853302 	0.896172 	0.919239 	1.597655 	0.972432 	2.598678 	1.361295 	1.181630 	0.956883 	0.955249 	1.025000 	1.350231 	2.001406 	1.176860 	1.118034 	1.281113 	1.368622 	1.380670 	1.414655 	1.569236 	1.810041 	
1.957358 	0.250000 	9.000000 	0.090139 	0.201556 	1.158123 	2.425129 	1.195042 	1.308148 	1.007782 	1.407569 	0.427200 	0.860233 	1.532359 	2.522400 	1.198176 	1.850676 	2.500125 	1.068001 	2.369071 	0.715891 	0.604669 	0.831038 	0.855862 	1.700000 	0.926350 	2.779951 	1.415318 	1.181630 	0.726722 	0.790569 	0.783023 	1.368622 	1.821572 	0.934077 	0.901388 	1.032594 	1.122776 	1.175266 	1.255488 	1.341641 	1.605070 	
1.968026 	0.309233 	0.090139 	9.000000 	0.180278 	1.125000 	2.420873 	1.227294 	1.323112 	1.030776 	1.445035 	0.357946 	0.867828 	1.569236 	2.515079 	1.151629 	1.825000 	2.490984 	1.012423 	2.354384 	0.687841 	0.550000 	0.751665 	0.776611 	1.659254 	0.850000 	2.768799 	1.360606 	1.113833 	0.650000 	0.700446 	0.715891 	1.304320 	1.843909 	0.867828 	0.818917 	0.976281 	1.060660 	1.090011 	1.165386 	1.264170 	1.520074 	
2.146654 	0.450694 	0.201556 	0.180278 	9.000000 	1.296389 	2.601081 	1.063602 	1.500208 	0.860233 	1.285739 	0.265754 	0.689656 	1.408900 	2.695019 	1.311964 	1.999531 	2.670674 	1.162970 	2.532908 	0.515388 	0.412311 	0.855862 	0.880696 	1.823630 	0.961769 	2.948093 	1.510381 	1.243232 	0.570088 	0.719809 	0.604152 	1.439184 	1.671077 	0.752080 	0.760345 	0.838525 	0.934077 	1.043132 	1.173936 	1.179248 	1.468205 	
1.101136 	1.044629 	1.158123 	1.125000 	1.296389 	9.000000 	1.392839 	2.351197 	0.680074 	2.155371 	2.565638 	1.315770 	1.982738 	2.690376 	1.465008 	0.195256 	0.707990 	1.431127 	0.328824 	1.269350 	1.738174 	1.520074 	0.740355 	0.735697 	0.553399 	0.676849 	1.693554 	0.425000 	0.538516 	1.431127 	1.123054 	1.566246 	0.548293 	2.967427 	1.688565 	1.454734 	1.856071 	1.880990 	1.570032 	1.350926 	1.863129 	1.900000 	
0.585235 	2.231871 	2.425129 	2.420873 	2.601081 	1.392839 	9.000000 	3.592092 	1.171538 	3.425000 	3.783186 	2.676051 	3.285004 	3.906805 	0.127475 	1.497707 	0.775403 	0.152069 	1.686157 	0.285044 	3.087272 	2.887148 	2.126764 	2.119257 	1.125278 	2.050152 	0.403887 	1.505199 	1.824829 	2.820129 	2.514210 	2.952647 	1.704589 	4.233276 	3.079164 	2.847148 	3.244226 	3.273091 	2.947032 	2.687936 	3.245189 	3.238827 	
3.085146 	1.361295 	1.195042 	1.227294 	1.063602 	2.351197 	3.592092 	9.000000 	2.436314 	0.226385 	0.230489 	1.147007 	0.450694 	0.348210 	3.695690 	2.375395 	3.045591 	3.677125 	2.225140 	3.555366 	0.800391 	1.032594 	1.881821 	1.905420 	2.885849 	1.992800 	3.959798 	2.571478 	2.288695 	1.277204 	1.623461 	1.175266 	2.488473 	0.645174 	1.212693 	1.450216 	1.116076 	1.233390 	1.686898 	1.975000 	1.621149 	2.002030 	
0.651920 	1.089151 	1.308148 	1.323112 	1.500208 	0.680074 	1.171538 	2.436314 	9.000000 	2.281584 	2.620115 	1.631334 	2.161308 	2.742832 	1.285010 	0.875000 	0.875357 	1.275980 	0.983933 	1.196349 	2.010286 	1.844078 	1.299279 	1.304320 	0.998123 	1.274019 	1.560649 	1.078483 	1.209339 	1.842044 	1.626730 	1.956560 	1.226020 	3.080686 	2.100297 	1.926461 	2.245551 	2.301766 	2.105350 	1.952562 	2.375132 	2.482438 	
2.933108 	1.195042 	1.007782 	1.030776 	0.860233 	2.155371 	3.425000 	0.226385 	2.281584 	9.000000 	0.456207 	0.925000 	0.225000 	0.570088 	3.525355 	2.170541 	2.855368 	3.504640 	2.015564 	3.376481 	0.575000 	0.806226 	1.662077 	1.685416 	2.683398 	1.773415 	3.785664 	2.360349 	2.071382 	1.051190 	1.397542 	0.951315 	2.271838 	0.813941 	0.995301 	1.226020 	0.910014 	1.030776 	1.467353 	1.750179 	1.416201 	1.794610 	
3.264966 	1.559247 	1.407569 	1.445035 	1.285739 	2.565638 	3.783186 	0.230489 	2.620115 	0.456207 	9.000000 	1.377044 	0.679154 	0.125000 	3.889248 	2.595790 	3.255188 	3.872419 	2.448596 	3.755829 	1.027740 	1.262191 	2.110835 	2.134537 	3.104231 	2.221627 	4.156095 	2.795644 	2.516446 	1.505199 	1.853712 	1.400223 	2.715810 	0.498121 	1.430472 	1.675187 	1.323820 	1.437228 	1.905912 	2.200568 	1.825171 	2.207374 	
2.261913 	0.667083 	0.427200 	0.357946 	0.265754 	1.315770 	2.676051 	1.147007 	1.631334 	0.925000 	1.377044 	9.000000 	0.715891 	1.494365 	2.761340 	1.291559 	2.022993 	2.732330 	1.120547 	2.580698 	0.424264 	0.213600 	0.738664 	0.761577 	1.806239 	0.850368 	3.002603 	1.456237 	1.151629 	0.305164 	0.502494 	0.357946 	1.353006 	1.702388 	0.509902 	0.494975 	0.625500 	0.704006 	0.778621 	0.933408 	0.917878 	1.202601 	
2.812694 	1.073546 	0.860233 	0.867828 	0.689656 	1.982738 	3.285004 	0.450694 	2.161308 	0.225000 	0.679154 	0.715891 	9.000000 	0.789383 	3.381198 	1.985101 	2.687936 	3.357920 	1.823630 	3.222188 	0.350000 	0.583631 	1.454519 	1.477329 	2.500000 	1.566246 	3.636362 	2.165208 	1.867150 	0.826514 	1.176860 	0.726722 	2.068363 	0.991527 	0.776209 	1.001249 	0.704450 	0.828025 	1.245492 	1.525205 	1.208305 	1.583114 	
3.386831 	1.683931 	1.532359 	1.569236 	1.408900 	2.690376 	3.906805 	0.348210 	2.742832 	0.570088 	0.125000 	1.494365 	0.789383 	9.000000 	4.013181 	2.719605 	3.380181 	3.996561 	2.571478 	3.880480 	1.134956 	1.372953 	2.229910 	2.253469 	3.228487 	2.340940 	4.280333 	2.918262 	2.636878 	1.612452 	1.966119 	1.503330 	2.836591 	0.403113 	1.525820 	1.777815 	1.410895 	1.520691 	2.001406 	2.303394 	1.907387 	2.289787 	
0.711512 	2.334524 	2.522400 	2.515079 	2.695019 	1.465008 	0.127475 	3.695690 	1.285010 	3.525355 	3.889248 	2.761340 	3.381198 	4.013181 	9.000000 	1.557442 	0.813941 	0.055902 	1.747319 	0.254951 	3.175689 	2.971216 	2.191603 	2.182888 	1.154340 	2.110835 	0.279509 	1.545356 	1.873833 	2.895794 	2.581182 	3.029954 	1.743022 	4.335392 	3.153569 	2.915476 	3.320580 	3.345613 	3.005204 	2.736101 	3.304921 	3.285004 	
1.262191 	1.122776 	1.198176 	1.151629 	1.311964 	0.195256 	1.497707 	2.375395 	0.875000 	2.170541 	2.595790 	1.291559 	1.985101 	2.719605 	1.557442 	9.000000 	0.760345 	1.518634 	0.190394 	1.342805 	1.715554 	1.485345 	0.637377 	0.626997 	0.515388 	0.553399 	1.767060 	0.254951 	0.357946 	1.366108 	1.028652 	1.505407 	0.353553 	2.975945 	1.616516 	1.364047 	1.789029 	1.801735 	1.449353 	1.202341 	1.748035 	1.754459 	
0.778621 	1.706605 	1.850676 	1.825000 	1.999531 	0.707990 	0.775403 	3.045591 	0.875357 	2.855368 	3.255188 	2.022993 	2.687936 	3.380181 	0.813941 	0.760345 	9.000000 	0.770146 	0.950329 	0.585235 	2.445915 	2.225562 	1.397542 	1.386542 	0.353553 	1.309819 	1.007782 	0.731864 	1.061249 	2.122646 	1.788854 	2.260669 	0.930390 	3.668872 	2.375395 	2.124264 	2.546812 	2.561860 	2.198010 	1.922563 	2.499000 	2.471083 	
0.721543 	2.315842 	2.500125 	2.490984 	2.670674 	1.431127 	0.152069 	3.677125 	1.275980 	3.504640 	3.872419 	2.732330 	3.357920 	3.996561 	0.055902 	1.518634 	0.770146 	9.000000 	1.708801 	0.201556 	3.148115 	2.941513 	2.154066 	2.144907 	1.107080 	2.071835 	0.285044 	1.500417 	1.831154 	2.862254 	2.544234 	2.997082 	1.697425 	4.315669 	3.119395 	2.878911 	3.287191 	3.310589 	2.964899 	2.692698 	3.265061 	3.240852 	
1.428504 	1.026219 	1.068001 	1.012423 	1.162970 	0.328824 	1.686157 	2.225140 	0.983933 	2.015564 	2.448596 	1.120547 	1.823630 	2.571478 	1.747319 	0.190394 	0.950329 	1.708801 	9.000000 	1.533175 	1.542928 	1.308625 	0.447214 	0.436606 	0.689656 	0.364006 	1.957358 	0.348210 	0.230489 	1.180042 	0.838525 	1.320038 	0.333542 	2.815138 	1.428504 	1.173936 	1.601757 	1.612452 	1.261200 	1.025000 	1.559046 	1.575794 	
0.725431 	2.196588 	2.369071 	2.354384 	2.532908 	1.269350 	0.285044 	3.555366 	1.196349 	3.376481 	3.755829 	2.580698 	3.222188 	3.880480 	0.254951 	1.342805 	0.585235 	0.201556 	1.533175 	9.000000 	3.000000 	2.787584 	1.980057 	1.969772 	0.912414 	1.894235 	0.425000 	1.309819 	1.645068 	2.697800 	2.371181 	2.834277 	1.505199 	4.189645 	2.952965 	2.706474 	3.122699 	3.141755 	2.783209 	2.504246 	3.084234 	3.050615 	
2.652593 	0.961769 	0.715891 	0.687841 	0.515388 	1.738174 	3.087272 	0.800391 	2.010286 	0.575000 	1.027740 	0.424264 	0.350000 	1.134956 	3.175689 	1.715554 	2.445915 	3.148115 	1.542928 	3.000000 	9.000000 	0.246221 	1.144825 	1.166190 	2.229910 	1.256234 	3.420618 	1.875000 	1.560849 	0.477624 	0.838153 	0.378319 	1.762278 	1.297353 	0.447214 	0.651920 	0.425735 	0.548293 	0.903466 	1.175266 	0.901388 	1.263428 	
2.475505 	0.853302 	0.604669 	0.550000 	0.412311 	1.520074 	2.887148 	1.032594 	1.844078 	0.806226 	1.262191 	0.213600 	0.583631 	1.372953 	2.971216 	1.485345 	2.225562 	2.941513 	1.308625 	2.787584 	0.246221 	9.000000 	0.901388 	0.922293 	1.997655 	1.012423 	3.210335 	1.635925 	1.317431 	0.254951 	0.594243 	0.212132 	1.518634 	1.543535 	0.347311 	0.450694 	0.427931 	0.522015 	0.726722 	0.958188 	0.797261 	1.125000 	
1.827738 	0.896172 	0.831038 	0.751665 	0.855862 	0.740355 	2.126764 	1.881821 	1.299279 	1.662077 	2.110835 	0.738664 	1.454519 	2.229910 	2.191603 	0.637377 	1.397542 	2.154066 	0.447214 	1.980057 	1.144825 	0.901388 	9.000000 	0.025000 	1.125000 	0.111803 	2.404423 	0.742462 	0.416083 	0.743303 	0.391312 	0.884590 	0.617454 	2.438237 	0.985203 	0.726722 	1.160011 	1.166190 	0.831038 	0.656220 	1.122776 	1.184536 	
1.826540 	0.919239 	0.855862 	0.776611 	0.880696 	0.735697 	2.119257 	1.905420 	1.304320 	1.685416 	2.134537 	0.761577 	1.477329 	2.253469 	2.182888 	0.626997 	1.386542 	2.144907 	0.436606 	1.969772 	1.166190 	0.922293 	0.025000 	9.000000 	1.110180 	0.090139 	2.393872 	0.725000 	0.395285 	0.760345 	0.403113 	0.901734 	0.596343 	2.460310 	1.000000 	0.738241 	1.175266 	1.179248 	0.834416 	0.649038 	1.128051 	1.181630 	
1.089151 	1.597655 	1.700000 	1.659254 	1.823630 	0.553399 	1.125278 	2.885849 	0.998123 	2.683398 	3.104231 	1.806239 	2.500000 	3.228487 	1.154340 	0.515388 	0.353553 	1.107080 	0.689656 	0.912414 	2.229910 	1.997655 	1.125000 	1.110180 	9.000000 	1.026219 	1.322167 	0.403887 	0.749166 	1.866313 	1.511622 	2.007019 	0.594243 	3.490433 	2.110095 	1.844587 	2.285005 	2.288149 	1.891098 	1.597263 	2.193171 	2.140385 	
1.775000 	0.972432 	0.926350 	0.850000 	0.961769 	0.676849 	2.050152 	1.992800 	1.274019 	1.773415 	2.221627 	0.850368 	1.566246 	2.340940 	2.110835 	0.553399 	1.309819 	2.071835 	0.364006 	1.894235 	1.256234 	1.012423 	0.111803 	0.090139 	1.026219 	9.000000 	2.317596 	0.637377 	0.305164 	0.848528 	0.485412 	0.989950 	0.506211 	2.550000 	1.085415 	0.818917 	1.261200 	1.261943 	0.897566 	0.682367 	1.195042 	1.226020 	
0.989002 	2.598678 	2.779951 	2.768799 	2.948093 	1.693554 	0.403887 	3.959798 	1.560649 	3.785664 	4.156095 	3.002603 	3.636362 	4.280333 	0.279509 	1.767060 	1.007782 	0.285044 	1.957358 	0.425000 	3.420618 	3.210335 	2.404423 	2.393872 	1.322167 	2.317596 	9.000000 	1.724094 	2.063523 	3.122699 	2.795644 	3.259026 	1.916377 	4.597418 	3.377962 	3.130994 	3.547622 	3.566686 	3.204001 	2.919011 	3.505442 	3.462387 	
1.367708 	1.361295 	1.415318 	1.360606 	1.510381 	0.425000 	1.505199 	2.571478 	1.078483 	2.360349 	2.795644 	1.456237 	2.165208 	2.918262 	1.545356 	0.254951 	0.731864 	1.500417 	0.348210 	1.309819 	1.875000 	1.635925 	0.742462 	0.725000 	0.403887 	0.637377 	1.724094 	9.000000 	0.347311 	1.485345 	1.120547 	1.626730 	0.200000 	3.156145 	1.722099 	1.450216 	1.898190 	1.895059 	1.487658 	1.195042 	1.789728 	1.740869 	
1.619414 	1.181630 	1.181630 	1.113833 	1.243232 	0.538516 	1.824829 	2.288695 	1.209339 	2.071382 	2.516446 	1.151629 	1.867150 	2.636878 	1.873833 	0.357946 	1.061249 	1.831154 	0.230489 	1.645068 	1.560849 	1.317431 	0.416083 	0.395285 	0.749166 	0.305164 	2.063523 	0.347311 	9.000000 	1.150272 	0.778621 	1.291559 	0.201556 	2.853178 	1.380670 	1.105102 	1.557241 	1.550202 	1.142366 	0.863134 	1.444386 	1.414214 	
2.449617 	0.956883 	0.726722 	0.650000 	0.570088 	1.431127 	2.820129 	1.277204 	1.842044 	1.051190 	1.505199 	0.305164 	0.826514 	1.612452 	2.895794 	1.366108 	2.122646 	2.862254 	1.180042 	2.697800 	0.477624 	0.254951 	0.743303 	0.760345 	1.866313 	0.848528 	3.122699 	1.485345 	1.150272 	9.000000 	0.381608 	0.141421 	1.347683 	1.755705 	0.261008 	0.201556 	0.425000 	0.460977 	0.485412 	0.704006 	0.614919 	0.901734 	
2.192316 	0.955249 	0.790569 	0.700446 	0.719809 	1.123054 	2.514210 	1.623461 	1.626730 	1.397542 	1.853712 	0.502494 	1.176860 	1.966119 	2.581182 	1.028652 	1.788854 	2.544234 	0.838525 	2.371181 	0.838153 	0.594243 	0.391312 	0.403113 	1.511622 	0.485412 	2.795644 	1.120547 	0.778621 	0.381608 	9.000000 	0.520216 	0.972432 	2.130874 	0.602080 	0.335410 	0.778621 	0.776611 	0.480885 	0.465027 	0.751665 	0.886707 	
2.572086 	1.025000 	0.783023 	0.715891 	0.604152 	1.566246 	2.952647 	1.175266 	1.956560 	0.951315 	1.400223 	0.357946 	0.726722 	1.503330 	3.029954 	1.505407 	2.260669 	2.997082 	1.320038 	2.834277 	0.378319 	0.212132 	0.884590 	0.901734 	2.007019 	0.989950 	3.259026 	1.626730 	1.291559 	0.141421 	0.520216 	9.000000 	1.488707 	1.628650 	0.152069 	0.275000 	0.292617 	0.350000 	0.529741 	0.800391 	0.585769 	0.915492 	
1.559046 	1.350231 	1.368622 	1.304320 	1.439184 	0.548293 	1.704589 	2.488473 	1.226020 	2.271838 	2.715810 	1.353006 	2.068363 	2.836591 	1.743022 	0.353553 	0.930390 	1.697425 	0.333542 	1.505199 	1.762278 	1.518634 	0.617454 	0.596343 	0.594243 	0.506211 	1.916377 	0.200000 	0.201556 	1.347683 	0.972432 	1.488707 	9.000000 	3.054709 	1.573412 	1.293493 	1.750179 	1.738174 	1.308864 	1.004054 	1.610318 	1.546165 	
3.730030 	2.001406 	1.821572 	1.843909 	1.671077 	2.967427 	4.233276 	0.645174 	3.080686 	0.813941 	0.498121 	1.702388 	0.991527 	0.403113 	4.335392 	2.975945 	3.668872 	4.315669 	2.815138 	4.189645 	1.297353 	1.543535 	2.438237 	2.460310 	3.490433 	2.550000 	4.597418 	3.156145 	2.853178 	1.755705 	2.130874 	1.628650 	3.054709 	9.000000 	1.613420 	1.892254 	1.467353 	1.557241 	2.075602 	2.407930 	1.925649 	2.300136 	
2.710397 	1.176860 	0.934077 	0.867828 	0.752080 	1.688565 	3.079164 	1.212693 	2.100297 	0.995301 	1.430472 	0.509902 	0.776209 	1.525820 	3.153569 	1.616516 	2.375395 	3.119395 	1.428504 	2.952965 	0.447214 	0.347311 	0.985203 	1.000000 	2.110095 	1.085415 	3.377962 	1.722099 	1.380670 	0.261008 	0.602080 	0.152069 	1.573412 	1.613420 	9.000000 	0.291548 	0.176777 	0.201556 	0.475657 	0.794512 	0.460977 	0.816241 	
2.511225 	1.118034 	0.901388 	0.818917 	0.760345 	1.454734 	2.847148 	1.450216 	1.926461 	1.226020 	1.675187 	0.494975 	1.001249 	1.777815 	2.915476 	1.364047 	2.124264 	2.878911 	1.173936 	2.706474 	0.651920 	0.450694 	0.726722 	0.738241 	1.844587 	0.818917 	3.130994 	1.450216 	1.105102 	0.201556 	0.335410 	0.275000 	1.293493 	1.892254 	0.291548 	9.000000 	0.465027 	0.445112 	0.285044 	0.525595 	0.460977 	0.707990 	
2.864001 	1.281113 	1.032594 	0.976281 	0.838525 	1.856071 	3.244226 	1.116076 	2.245551 	0.910014 	1.323820 	0.625500 	0.704450 	1.410895 	3.320580 	1.789029 	2.546812 	3.287191 	1.601757 	3.122699 	0.425735 	0.427931 	1.160011 	1.175266 	2.285005 	1.261200 	3.547622 	1.898190 	1.557241 	0.425000 	0.778621 	0.292617 	1.750179 	1.467353 	0.176777 	0.465027 	9.000000 	0.125000 	0.608276 	0.948683 	0.506211 	0.886002 	
2.910434 	1.368622 	1.122776 	1.060660 	0.934077 	1.880990 	3.273091 	1.233390 	2.301766 	1.030776 	1.437228 	0.704006 	0.828025 	1.520691 	3.345613 	1.801735 	2.561860 	3.310589 	1.612452 	3.141755 	0.548293 	0.522015 	1.166190 	1.179248 	2.288149 	1.261943 	3.566686 	1.895059 	1.550202 	0.460977 	0.776611 	0.350000 	1.738174 	1.557241 	0.201556 	0.445112 	0.125000 	9.000000 	0.529741 	0.883530 	0.388104 	0.770146 	
2.657537 	1.380670 	1.175266 	1.090011 	1.043132 	1.570032 	2.947032 	1.686898 	2.105350 	1.467353 	1.905912 	0.778621 	1.245492 	2.001406 	3.005204 	1.449353 	2.198010 	2.964899 	1.261200 	2.783209 	0.903466 	0.726722 	0.831038 	0.834416 	1.891098 	0.897566 	3.204001 	1.487658 	1.142366 	0.485412 	0.480885 	0.529741 	1.308864 	2.075602 	0.475657 	0.285044 	0.608276 	0.529741 	9.000000 	0.360555 	0.302076 	0.430116 	
2.452040 	1.414655 	1.255488 	1.165386 	1.173936 	1.350926 	2.687936 	1.975000 	1.952562 	1.750179 	2.200568 	0.933408 	1.525205 	2.303394 	2.736101 	1.202341 	1.922563 	2.692698 	1.025000 	2.504246 	1.175266 	0.958188 	0.656220 	0.649038 	1.597263 	0.682367 	2.919011 	1.195042 	0.863134 	0.704006 	0.465027 	0.800391 	1.004054 	2.407930 	0.794512 	0.525595 	0.948683 	0.883530 	0.360555 	9.000000 	0.637377 	0.552268 	
2.943000 	1.569236 	1.341641 	1.264170 	1.179248 	1.863129 	3.245189 	1.621149 	2.375132 	1.416201 	1.825171 	0.917878 	1.208305 	1.907387 	3.304921 	1.748035 	2.499000 	3.265061 	1.559046 	3.084234 	0.901388 	0.797261 	1.122776 	1.128051 	2.193171 	1.195042 	3.505442 	1.789728 	1.444386 	0.614919 	0.751665 	0.585769 	1.610318 	1.925649 	0.460977 	0.460977 	0.506211 	0.388104 	0.302076 	0.637377 	9.000000 	0.382426 	
3.000417 	1.810041 	1.605070 	1.520074 	1.468205 	1.900000 	3.238827 	2.002030 	2.482438 	1.794610 	2.207374 	1.202601 	1.583114 	2.289787 	3.285004 	1.754459 	2.471083 	3.240852 	1.575794 	3.050615 	1.263428 	1.125000 	1.184536 	1.181630 	2.140385 	1.226020 	3.462387 	1.740869 	1.414214 	0.901734 	0.886707 	0.915492 	1.546165 	2.300136 	0.816241 	0.707990 	0.886002 	0.770146 	0.430116 	0.552268 	0.382426 	9.000000 	

Feasibility v1:
0 	0 	0 	0 	0 	0 	0 	0 	0 	0 	0 	0 	0 	0 	0 	0 	0 	0 	0 	0 	0 	0 	0 	0 	0 	0 	0 	0 	0 	0 	0 	0 	0 	0 	0 	0 	0 	0 	0 	0 	0 	0 	
0 	0 	0 	0 	0 	0 	0 	0 	0 	0 	1 	1 	0 	1 	0 	1 	0 	0 	1 	1 	1 	1 	0 	1 	0 	1 	1 	1 	0 	0 	0 	1 	0 	1 	1 	0 	1 	1 	1 	0 	0 	1 	
0 	0 	0 	0 	0 	0 	0 	0 	0 	0 	0 	0 	0 	0 	0 	0 	0 	0 	0 	0 	0 	0 	0 	0 	0 	0 	0 	0 	0 	0 	0 	0 	0 	0 	0 	0 	0 	0 	0 	0 	0 	0 	
0 	0 	0 	0 	0 	0 	0 	0 	0 	0 	1 	1 	0 	1 	0 	1 	0 	0 	1 	0 	1 	1 	0 	1 	0 	1 	1 	1 	0 	0 	0 	1 	0 	1 	1 	0 	1 	1 	1 	0 	0 	1 	
0 	0 	0 	0 	0 	0 	0 	0 	0 	0 	0 	1 	0 	0 	0 	0 	0 	0 	0 	0 	1 	1 	0 	1 	0 	1 	0 	1 	0 	0 	0 	1 	0 	1 	1 	0 	1 	1 	1 	0 	0 	1 	
0 	0 	0 	0 	0 	0 	0 	0 	0 	0 	0 	0 	0 	0 	0 	0 	0 	0 	0 	0 	0 	0 	0 	0 	0 	0 	0 	0 	0 	0 	0 	0 	0 	0 	0 	0 	0 	0 	0 	0 	0 	0 	
0 	0 	0 	0 	0 	0 	0 	0 	0 	0 	0 	0 	0 	0 	0 	0 	0 	0 	0 	0 	0 	0 	0 	0 	0 	0 	0 	0 	0 	0 	0 	0 	0 	0 	0 	0 	0 	0 	0 	0 	0 	0 	
0 	0 	0 	0 	0 	0 	0 	0 	0 	0 	0 	0 	0 	0 	0 	0 	0 	0 	0 	0 	0 	0 	0 	0 	0 	0 	0 	0 	0 	0 	0 	1 	0 	1 	1 	0 	1 	1 	1 	0 	0 	1 	
0 	0 	0 	0 	0 	0 	0 	0 	0 	0 	1 	1 	0 	1 	0 	1 	0 	1 	1 	1 	1 	1 	0 	1 	0 	1 	1 	1 	0 	0 	0 	1 	0 	1 	1 	0 	1 	1 	1 	0 	0 	1 	
0 	0 	0 	0 	0 	0 	0 	0 	0 	0 	0 	0 	0 	0 	0 	0 	0 	0 	0 	0 	0 	0 	0 	0 	0 	0 	0 	0 	0 	0 	0 	0 	0 	0 	0 	0 	0 	0 	0 	0 	0 	0 	
0 	0 	0 	0 	0 	0 	0 	0 	0 	0 	0 	0 	0 	1 	0 	0 	0 	0 	0 	0 	1 	1 	0 	0 	0 	0 	0 	0 	0 	0 	0 	1 	0 	1 	1 	0 	1 	1 	1 	0 	0 	1 	
0 	0 	0 	0 	0 	0 	0 	0 	0 	0 	0 	0 	0 	0 	0 	0 	0 	0 	1 	0 	1 	1 	0 	1 	0 	1 	0 	1 	0 	0 	0 	1 	0 	1 	1 	0 	1 	1 	1 	0 	0 	1 	
0 	0 	0 	0 	0 	0 	0 	0 	0 	0 	0 	0 	0 	0 	0 	0 	0 	0 	0 	0 	0 	0 	0 	0 	0 	0 	0 	0 	0 	0 	0 	0 	0 	0 	0 	0 	0 	0 	0 	0 	0 	0 	
0 	0 	0 	0 	0 	0 	0 	0 	0 	0 	1 	0 	0 	0 	0 	0 	0 	0 	0 	0 	1 	1 	0 	0 	0 	0 	0 	0 	0 	0 	0 	1 	0 	1 	1 	0 	1 	1 	1 	0 	0 	1 	
0 	0 	0 	0 	0 	0 	0 	0 	0 	0 	0 	0 	0 	0 	0 	0 	0 	0 	0 	0 	0 	0 	0 	0 	0 	0 	0 	0 	0 	0 	0 	0 	0 	0 	0 	0 	0 	0 	0 	0 	0 	0 	
0 	0 	0 	0 	0 	0 	0 	0 	0 	0 	0 	0 	0 	0 	0 	0 	0 	0 	1 	0 	0 	0 	0 	1 	0 	1 	1 	1 	0 	0 	0 	1 	0 	0 	1 	0 	1 	1 	1 	0 	0 	1 	
0 	0 	0 	0 	0 	0 	0 	0 	0 	0 	0 	0 	0 	0 	0 	0 	0 	0 	0 	0 	0 	0 	0 	0 	0 	0 	0 	0 	0 	0 	0 	0 	0 	0 	0 	0 	0 	0 	0 	0 	0 	0 	
0 	0 	0 	0 	0 	0 	0 	0 	0 	0 	0 	0 	0 	0 	0 	0 	0 	0 	0 	1 	0 	0 	0 	0 	0 	0 	1 	1 	0 	0 	0 	0 	0 	0 	0 	0 	0 	1 	1 	0 	0 	1 	
0 	0 	0 	0 	0 	0 	0 	0 	0 	0 	0 	0 	0 	0 	0 	1 	0 	0 	0 	0 	0 	0 	0 	1 	0 	1 	0 	1 	0 	0 	0 	1 	0 	0 	1 	0 	1 	1 	1 	0 	0 	1 	
