Total assets = 800
Number of asset nodes = 40

Distance:
999.000000 	7.211102 	34.928497 	25.495098 	39.115215 	22.022715 	78.409180 	69.892776 	55.461697 	34.234486 	97.349884 	96.834908 	10.000000 	42.638012 	39.051247 	60.415230 	38.832977 	18.110771 	36.345562 	73.246162 	18.027756 	63.953106 	48.270073 	58.523499 	20.808653 	19.798990 	29.427877 	66.640831 	28.861740 	116.726173 	54.405884 	72.006943 	27.730848 	126.810883 	69.462219 	26.400757 	57.489128 	80.950600 	70.936592 	76.967529 	67.675697 	50.159744 	51.244511 	83.630135 	84.693565 	38.418747 	77.620872 	72.180328 	63.007935 	70.349129 	68.117546 	83.952370 	85.052925 	
7.211102 	999.000000 	41.182522 	18.601076 	32.649654 	26.925823 	85.276024 	76.609398 	61.773781 	30.066593 	104.560989 	104.043259 	16.970562 	35.805027 	44.598206 	54.129475 	44.271889 	13.416408 	41.484936 	79.881165 	16.643316 	70.327805 	41.400482 	51.971146 	21.840330 	19.697716 	33.015148 	72.945183 	32.015621 	123.842644 	60.166435 	78.390053 	29.614185 	133.958954 	75.584389 	23.430750 	62.936478 	87.321243 	76.967529 	83.186539 	73.539108 	54.918121 	56.089214 	89.944427 	90.801979 	36.878178 	83.168503 	77.369247 	67.364677 	75.133217 	72.691124 	89.286057 	89.453896 	
34.928497 	41.182522 	999.000000 	59.682495 	73.824112 	16.401220 	45.343136 	36.069378 	20.591261 	68.410522 	70.519501 	69.289246 	25.298222 	76.850502 	7.810250 	95.257545 	8.485281 	43.863426 	9.848858 	39.051247 	36.400551 	29.154760 	82.377182 	93.150414 	30.016663 	33.286633 	19.235384 	31.764761 	21.377558 	85.702972 	20.099751 	37.215588 	26.925823 	96.254868 	34.539833 	43.416588 	24.020824 	46.141087 	36.055511 	42.047592 	32.984844 	20.591261 	21.023796 	48.764740 	49.769470 	44.721359 	43.416588 	39.012817 	33.615471 	38.639359 	37.363083 	50.159744 	54.129475 	
25.495098 	18.601076 	59.682495 	999.000000 	14.560220 	44.777225 	103.855667 	95.210297 	80.262070 	19.849434 	122.200653 	121.823647 	35.468296 	17.204651 	62.649822 	36.055511 	62.241467 	21.023796 	59.236813 	98.473343 	29.068884 	88.836929 	22.803509 	33.541019 	36.345562 	33.136082 	49.477268 	91.416626 	48.052055 	142.144287 	78.294319 	96.896851 	44.283180 	152.161102 	93.941475 	30.805843 	80.777473 	105.815880 	95.257545 	101.597244 	91.706055 	72.124893 	73.375748 	108.406639 	109.128365 	44.922153 	101.019798 	94.868332 	83.952370 	92.179176 	89.498604 	106.892471 	105.905617 	
39.115215 	32.649654 	73.824112 	14.560220 	999.000000 	59.236813 	117.413795 	109.000000 	94.413979 	17.029387 	134.063416 	133.869339 	49.091751 	6.000000 	77.077881 	21.540659 	76.694199 	35.128338 	73.736015 	112.361023 	43.416588 	102.956299 	10.770329 	19.416489 	50.803543 	47.518417 	64.031242 	105.588821 	62.585941 	154.935471 	92.703827 	111.018013 	58.694122 	164.757401 	108.226616 	44.102154 	95.273293 	119.954155 	109.590149 	115.836090 	106.103722 	86.683334 	87.931793 	122.588745 	123.438240 	57.706154 	115.520561 	109.416634 	98.488579 	106.737999 	104.048065 	121.433105 	120.415947 	
22.022715 	26.925823 	16.401220 	44.777225 	59.236813 	999.000000 	61.717098 	52.345009 	36.235340 	56.222771 	86.162636 	85.088188 	14.866069 	61.717098 	17.888544 	80.777473 	17.464249 	27.586229 	14.560220 	55.172459 	20.000000 	44.821869 	67.119293 	78.294319 	13.928389 	17.000000 	9.219544 	47.201694 	10.000000 	102.078400 	33.541019 	52.801514 	13.341664 	112.605507 	49.396355 	27.313000 	36.055511 	61.611687 	50.606323 	57.140179 	46.957428 	28.160255 	29.274563 	64.070274 	64.498062 	31.064449 	56.302753 	50.447994 	41.000000 	48.373547 	46.097721 	62.361847 	63.031738 	
78.409180 	85.276024 	45.343136 	103.855667 	117.413795 	61.717098 	999.000000 	9.848858 	26.832815 	109.178749 	33.955853 	31.575306 	68.410522 	121.037186 	45.793011 	138.397980 	46.647614 	89.196411 	50.249378 	9.000000 	81.688431 	19.646883 	126.657021 	136.824707 	75.000000 	78.409180 	62.433964 	19.104973 	64.660652 	41.146080 	33.526108 	15.132746 	70.491135 	51.894123 	21.095022 	88.232651 	35.510563 	14.866069 	22.360680 	17.888544 	26.076809 	45.607018 	44.384682 	17.029387 	21.931713 	86.764046 	30.870699 	36.138622 	47.010635 	41.773197 	44.407207 	36.055511 	50.537113 	
69.892776 	76.609398 	36.069378 	95.210297 	109.000000 	52.345009 	9.848858 	999.000000 	17.000000 	101.552940 	42.190044 	40.049969 	59.908264 	112.414413 	36.055511 	130.172958 	36.891735 	79.906197 	40.496914 	4.000000 	72.249565 	10.049875 	118.004234 	128.413391 	65.436989 	68.883957 	52.697250 	10.198039 	54.918121 	50.990196 	23.769728 	8.485281 	60.745369 	61.741398 	13.416408 	78.600258 	26.076809 	14.142136 	15.264338 	13.892444 	18.027756 	35.902645 	34.713108 	17.117243 	20.880613 	76.922035 	25.495098 	29.068884 	38.327538 	34.176014 	36.400551 	31.890438 	45.000000 	
55.461697 	61.773781 	20.591261 	80.262070 	94.413979 	36.235340 	26.832815 	17.000000 	999.000000 	88.543777 	57.140179 	55.326305 	45.694637 	97.416634 	19.209373 	115.836090 	20.000000 	63.780876 	23.600847 	19.209373 	55.865910 	8.602325 	102.927162 	113.740936 	48.836460 	52.345009 	35.805027 	11.180340 	38.013157 	67.977936 	8.246211 	16.643316 	43.829212 	78.721024 	14.317822 	61.846584 	12.529964 	25.553865 	16.124516 	21.540659 	14.142136 	20.000000 	19.026299 	28.178005 	29.410883 	59.933296 	25.317978 	23.706539 	26.419689 	26.248810 	26.907248 	32.557640 	40.816662 	
34.234486 	30.066593 	68.410522 	19.849434 	17.029387 	56.222771 	109.178749 	101.552940 	88.543777 	999.000000 	122.347862 	122.429573 	43.174065 	23.021729 	73.164200 	31.400637 	72.993149 	38.626415 	70.576202 	105.190300 	45.354160 	96.798759 	27.166155 	31.764761 	51.623638 	49.030602 	63.007935 	99.624290 	62.072536 	144.627106 	88.294960 	104.752090 	59.539902 	154.029221 	102.786186 	49.244289 	91.591484 	113.652977 	104.403069 	110.054535 	101.390335 	84.380089 	85.475143 	116.456001 	117.953384 	63.560993 	111.610931 	106.367287 	97.128784 	104.580116 	102.313248 	118.067780 	119.205704 	
97.349884 	104.560989 	70.519501 	122.200653 	134.063416 	86.162636 	33.955853 	42.190044 	57.140179 	122.347862 	999.000000 	2.828427 	87.982956 	138.683090 	73.756355 	153.456833 	74.732857 	111.825760 	78.102493 	42.755116 	105.603027 	52.086468 	144.308701 	152.898666 	100.089958 	103.077644 	89.560036 	52.345009 	91.760559 	26.305893 	65.030762 	49.030602 	97.416634 	33.105892 	54.918121 	113.463654 	68.029404 	47.539455 	56.293873 	51.546097 	59.841457 	77.103828 	76.059189 	48.754486 	53.665630 	114.982605 	64.513565 	70.092796 	80.504662 	75.709976 	78.262383 	68.942001 	83.934502 	
96.834908 	104.043259 	69.289246 	121.823647 	133.869339 	85.088188 	31.575306 	40.049969 	55.326305 	122.429573 	2.828427 	999.000000 	87.367043 	138.408813 	72.277245 	153.443802 	73.246162 	111.018013 	76.655075 	40.447498 	104.651802 	50.009998 	144.045135 	152.793976 	99.005051 	102.044106 	88.232651 	50.159744 	90.443352 	24.738634 	63.126858 	46.690472 	96.135323 	32.249031 	52.611786 	112.401070 	66.000000 	44.944408 	53.935146 	49.040798 	57.558666 	75.239616 	74.168724 	46.097721 	50.990196 	113.600174 	61.983868 	67.683083 	78.313469 	73.348480 	75.953934 	66.309875 	81.344948 	
10.000000 	16.970562 	25.298222 	35.468296 	49.091751 	14.866069 	68.410522 	59.908264 	45.694637 	43.174065 	87.982956 	87.367043 	999.000000 	52.630791 	30.149628 	70.327805 	30.066593 	24.738634 	28.017851 	63.285069 	21.095022 	54.129475 	58.258045 	68.505478 	20.124611 	20.880613 	23.706539 	56.859474 	23.853722 	106.887794 	45.122055 	62.169125 	24.758837 	117.034180 	59.808025 	30.149628 	48.507732 	71.112587 	61.351448 	67.230942 	58.240879 	42.047592 	43.011627 	73.824112 	75.026665 	39.395432 	68.447060 	63.387695 	55.226807 	62.008064 	60.033325 	74.966660 	77.058418 	
42.638012 	35.805027 	76.850502 	17.204651 	6.000000 	61.717098 	121.037186 	112.414413 	97.416634 	23.021729 	138.683090 	138.408813 	52.630791 	999.000000 	79.605278 	20.099751 	79.158073 	36.138622 	76.059189 	115.676270 	44.643028 	106.000000 	5.656854 	16.763054 	52.201534 	48.764740 	65.787537 	108.558739 	64.195015 	159.100601 	95.257545 	114.057007 	59.908264 	169.035492 	111.018013 	44.102154 	97.575615 	122.967476 	112.294258 	118.701309 	108.673820 	88.600227 	89.888817 	125.538841 	126.178444 	57.078892 	117.783699 	111.427109 	100.000000 	108.466583 	105.650368 	123.490891 	121.753853 	
39.051247 	44.598206 	7.810250 	62.649822 	77.077881 	17.888544 	45.793011 	36.055511 	19.209373 	73.164200 	73.756355 	72.277245 	30.149628 	79.605278 	999.000000 	98.615417 	1.000000 	45.000000 	4.472136 	38.418747 	36.878178 	27.586229 	85.000000 	96.176918 	29.698484 	33.241539 	16.643316 	29.732138 	18.867962 	86.833176 	15.652476 	35.383614 	24.698177 	97.529480 	31.622776 	42.638012 	18.439089 	44.045429 	32.756680 	39.408119 	29.068884 	13.000000 	13.601471 	46.400433 	46.647614 	41.436699 	38.600517 	33.241539 	26.248810 	32.062439 	30.413813 	44.911022 	47.381432 	
60.415230 	54.129475 	95.257545 	36.055511 	21.540659 	80.777473 	138.397980 	130.172958 	115.836090 	31.400637 	153.456833 	153.443802 	70.327805 	20.099751 	98.615417 	999.000000 	98.234413 	56.089214 	95.273293 	133.600143 	64.536812 	124.354332 	16.124516 	5.000000 	72.034714 	68.658577 	85.440041 	127.015747 	83.934502 	175.171341 	114.236595 	132.412231 	79.831070 	184.783661 	129.711212 	64.195015 	116.811813 	141.354172 	131.095383 	137.295303 	127.632286 	108.157295 	109.416634 	144.013885 	144.931015 	77.006493 	137.058380 	130.919830 	119.816528 	128.160049 	125.419296 	142.947540 	141.661575 	
38.832977 	44.271889 	8.485281 	62.241467 	76.694199 	17.464249 	46.647614 	36.891735 	20.000000 	72.993149 	74.732857 	73.246162 	30.066593 	79.158073 	1.000000 	98.234413 	999.000000 	44.407207 	3.605551 	39.204590 	36.235340 	28.319605 	84.534019 	95.754898 	29.000000 	32.557640 	15.811388 	30.413813 	18.027756 	87.709747 	16.124516 	36.069378 	23.853722 	98.412399 	32.202484 	41.868843 	18.681541 	44.687805 	33.286633 	40.000000 	29.529646 	12.649111 	13.341664 	47.010635 	47.169907 	40.496914 	38.897301 	33.376640 	25.961510 	32.015621 	30.265491 	45.122055 	47.265209 	
18.110771 	13.416408 	43.863426 	21.023796 	35.128338 	27.586229 	89.196411 	79.906197 	63.780876 	38.626415 	111.825760 	111.018013 	24.738634 	36.138622 	45.000000 	56.089214 	44.407207 	999.000000 	41.048752 	82.758682 	8.544003 	72.346390 	41.109608 	52.886673 	16.155495 	12.649111 	29.966648 	74.652527 	28.231188 	129.201401 	60.464867 	80.280754 	23.769728 	139.617340 	76.609398 	10.816654 	62.265560 	89.022469 	77.665955 	84.403793 	73.783470 	52.801514 	54.129475 	91.400215 	91.525955 	25.059929 	82.298241 	75.643906 	63.890530 	72.449982 	69.570107 	87.726852 	85.615417 	
36.345562 	41.484936 	9.848858 	59.236813 	73.736015 	14.560220 	50.249378 	40.496914 	23.600847 	70.576202 	78.102493 	76.655075 	28.017851 	76.059189 	4.472136 	95.273293 	3.605551 	41.048752 	999.000000 	42.801868 	32.802441 	31.890438 	81.394104 	92.703827 	25.495098 	29.068884 	12.206555 	33.941124 	14.422205 	91.301697 	19.416489 	39.597980 	20.248457 	102.000000 	35.608986 	38.288380 	21.540659 	48.166378 	36.619667 	43.416588 	32.756680 	14.035668 	15.000000 	50.447994 	50.477718 	37.000000 	41.785164 	35.902645 	27.294687 	34.058773 	32.015621 	47.801674 	49.040798 	
73.246162 	79.881165 	39.051247 	98.473343 	112.361023 	55.172459 	9.000000 	4.000000 	19.209373 	105.190300 	42.755116 	40.447498 	63.285069 	115.676270 	38.418747 	133.600143 	39.204590 	82.758682 	42.801868 	999.000000 	74.966660 	11.180340 	121.247681 	131.764938 	68.014702 	71.505241 	55.000000 	10.198039 	57.201397 	49.396355 	25.079872 	6.324555 	63.007935 	60.166435 	12.165525 	81.055534 	26.683329 	10.198039 	13.601471 	10.630146 	17.117243 	37.000000 	35.735138 	13.152946 	17.088007 	78.771820 	23.021729 	27.513634 	38.013157 	32.984844 	35.510563 	29.000000 	42.720020 	
18.027756 	16.643316 	36.400551 	29.068884 	43.416588 	20.000000 	81.688431 	72.249565 	55.865910 	45.354160 	105.603027 	104.651802 	21.095022 	44.643028 	36.878178 	64.536812 	36.235340 	8.544003 	32.802441 	74.966660 	999.000000 	64.381676 	49.648766 	61.400326 	7.615773 	4.123106 	21.470911 	66.603302 	19.697716 	122.065559 	52.201534 	72.249565 	15.297058 	132.574509 	68.410522 	9.055386 	53.851646 	80.919716 	69.404610 	76.216797 	65.459915 	44.283180 	45.617977 	83.240616 	83.234612 	20.518284 	73.824112 	67.119293 	55.362442 	63.906181 	61.032780 	79.202271 	77.129761 	
63.953106 	70.327805 	29.154760 	88.836929 	102.956299 	44.821869 	19.646883 	10.049875 	8.602325 	96.798759 	52.086468 	50.009998 	54.129475 	106.000000 	27.586229 	124.354332 	28.319605 	72.346390 	31.890438 	11.180340 	64.381676 	999.000000 	111.516815 	122.298813 	57.280014 	60.811184 	44.045429 	3.000000 	46.227695 	60.539242 	13.928389 	8.062258 	52.009613 	71.309189 	7.280110 	70.178345 	16.031219 	17.000000 	9.486833 	13.341664 	9.899495 	25.961510 	24.738634 	19.697716 	21.377558 	67.601776 	20.124611 	21.260292 	28.635643 	25.553865 	27.313000 	27.313000 	38.209946 	
48.270073 	41.400482 	82.377182 	22.803509 	10.770329 	67.119293 	126.657021 	118.004234 	102.927162 	27.166155 	144.308701 	144.045135 	58.258045 	5.656854 	85.000000 	16.124516 	84.534019 	41.109608 	81.394104 	121.247681 	49.648766 	111.516815 	999.000000 	12.041595 	57.245087 	53.758720 	70.936592 	114.057007 	69.289246 	164.757401 	100.647903 	119.570061 	64.845970 	174.691162 	116.468880 	48.507732 	102.883430 	128.471786 	117.720009 	124.169243 	114.061386 	93.776329 	95.078911 	131.026718 	131.609268 	61.008198 	123.065025 	116.619041 	104.995239 	113.547348 	110.679718 	128.693436 	126.649124 	
58.523499 	51.971146 	93.150414 	33.541019 	19.416489 	78.294319 	136.824707 	128.413391 	113.740936 	31.764761 	152.898666 	152.793976 	68.505478 	16.763054 	96.176918 	5.000000 	95.754898 	52.886673 	92.703827 	131.764938 	61.400326 	122.298813 	12.041595 	999.000000 	68.963760 	65.520988 	82.540901 	124.907967 	80.956779 	174.155106 	111.825760 	130.361038 	76.655075 	183.896713 	127.475487 	60.530983 	114.236595 	139.291061 	128.798294 	135.118469 	125.239769 	105.342300 	106.625511 	141.904892 	142.667450 	73.027390 	134.461884 	128.160049 	116.760437 	125.227791 	122.413231 	140.217682 	138.495483 	
20.808653 	21.840330 	30.016663 	36.345562 	50.803543 	13.928389 	75.000000 	65.436989 	48.836460 	51.623638 	100.089958 	99.005051 	20.124611 	52.201534 	29.698484 	72.034714 	29.000000 	16.155495 	25.495098 	68.014702 	7.615773 	57.280014 	57.245087 	68.963760 	999.000000 	3.605551 	13.892444 	59.413803 	12.083046 	115.663307 	44.821869 	65.069191 	8.000000 	126.245789 	61.073727 	13.416408 	46.324940 	73.661385 	62.008064 	68.883957 	58.008621 	36.674240 	38.013157 	75.927597 	75.802376 	19.313208 	66.241982 	59.506302 	47.801674 	56.302753 	53.450912 	71.589104 	69.634758 	
19.798990 	19.697716 	33.286633 	33.136082 	47.518417 	17.000000 	78.409180 	68.883957 	52.345009 	49.030602 	103.077644 	102.044106 	20.880613 	48.764740 	33.241539 	68.658577 	32.557640 	12.649111 	29.068884 	71.505241 	4.123106 	60.811184 	53.758720 	65.520988 	3.605551 	999.000000 	17.492855 	62.968246 	15.652476 	118.983192 	48.414875 	68.622154 	11.180340 	129.541504 	64.660652 	10.440307 	49.929951 	77.233414 	65.604881 	72.470680 	61.611687 	40.249222 	41.593269 	79.511009 	79.404030 	18.867962 	69.835518 	63.071388 	51.244511 	59.808025 	56.920998 	75.153175 	73.006851 	
29.427877 	33.015148 	19.235384 	49.477268 	64.031242 	9.219544 	62.433964 	52.697250 	35.805027 	63.007935 	89.560036 	88.232651 	23.706539 	65.787537 	16.643316 	85.440041 	15.811388 	29.966648 	12.206555 	55.000000 	21.470911 	44.045429 	70.936592 	82.540901 	13.892444 	17.492855 	999.000000 	46.010868 	2.236068 	103.445641 	31.144823 	51.662365 	8.062258 	114.127121 	47.423622 	26.172504 	32.449963 	60.108234 	48.270073 	55.226807 	44.204071 	22.847319 	24.166092 	62.289646 	62.008064 	25.495098 	52.354561 	45.694637 	34.525352 	42.720020 	40.024994 	57.775429 	56.568542 	
66.640831 	72.945183 	31.764761 	91.416626 	105.588821 	47.201694 	19.104973 	10.198039 	11.180340 	99.624290 	52.345009 	50.159744 	56.859474 	108.558739 	29.732138 	127.015747 	30.413813 	74.652527 	33.941124 	10.198039 	66.603302 	3.000000 	114.057007 	124.907967 	59.413803 	62.968246 	46.010868 	999.000000 	48.166378 	59.464275 	15.264338 	5.656854 	53.907330 	70.228203 	4.472136 	72.180328 	16.492422 	14.422205 	6.708204 	10.440307 	8.062258 	26.925823 	25.632011 	17.000000 	18.439089 	69.115845 	17.492855 	19.416489 	28.160255 	24.166092 	26.248810 	24.596748 	36.069378 	
28.861740 	32.015621 	21.377558 	48.052055 	62.585941 	10.000000 	64.660652 	54.918121 	38.013157 	62.072536 	91.760559 	90.443352 	23.853722 	64.195015 	18.867962 	83.934502 	18.027756 	28.231188 	14.422205 	57.201397 	19.697716 	46.227695 	69.289246 	80.956779 	12.083046 	15.652476 	2.236068 	48.166378 	999.000000 	105.678757 	33.241539 	53.814495 	5.830952 	116.361504 	49.517673 	24.041630 	34.409302 	62.225395 	50.328918 	57.314919 	46.227695 	24.596748 	25.942244 	64.381676 	64.031242 	23.345236 	54.203320 	47.423622 	35.902645 	44.271889 	41.484936 	59.506302 	57.870544 	
116.726173 	123.842644 	85.702972 	142.144287 	154.935471 	102.078400 	41.146080 	50.990196 	67.977936 	144.627106 	26.305893 	24.738634 	106.887794 	159.100601 	86.833176 	175.171341 	87.709747 	129.201401 	91.301697 	49.396355 	122.065559 	60.539242 	164.757401 	174.155106 	115.663307 	118.983192 	103.445641 	59.464275 	105.678757 	999.000000 	74.464760 	54.405884 	111.507851 	10.770329 	60.166435 	129.003876 	75.894661 	48.662102 	60.638271 	53.935146 	65.000000 	86.377083 	85.094063 	48.259712 	52.038448 	127.910126 	65.192024 	72.560318 	85.702972 	78.638412 	81.884064 	67.029846 	82.152298 	
54.405884 	60.166435 	20.099751 	78.294319 	92.703827 	33.541019 	33.526108 	23.769728 	8.246211 	88.294960 	65.030762 	63.126858 	45.122055 	95.257545 	15.652476 	114.236595 	16.124516 	60.464867 	19.416489 	25.079872 	52.201534 	13.928389 	100.647903 	111.825760 	44.821869 	48.414875 	31.144823 	15.264338 	33.241539 	74.464760 	999.000000 	20.808653 	38.897301 	85.234970 	16.278820 	57.280014 	5.000000 	29.000000 	17.204651 	24.083189 	13.416408 	12.165525 	11.045361 	31.144823 	31.064449 	53.851646 	23.345236 	19.235384 	18.601076 	20.124611 	20.000000 	30.066593 	35.468296 	
72.006943 	78.390053 	37.215588 	96.896851 	111.018013 	52.801514 	15.132746 	8.485281 	16.643316 	104.752090 	49.030602 	46.690472 	62.169125 	114.057007 	35.383614 	132.412231 	36.069378 	80.280754 	39.597980 	6.324555 	72.249565 	8.062258 	119.570061 	130.361038 	65.069191 	68.622154 	51.662365 	5.656854 	53.814495 	54.405884 	20.808653 	999.000000 	59.548298 	65.145988 	6.000000 	77.833153 	21.540659 	8.944272 	7.280110 	6.082763 	11.000000 	32.202484 	30.870699 	11.704700 	14.000000 	74.625732 	17.029387 	21.189621 	32.015621 	26.683329 	29.274563 	23.430750 	36.619667 	
27.730848 	29.614185 	26.925823 	44.283180 	58.694122 	13.341664 	70.491135 	60.745369 	43.829212 	59.539902 	97.416634 	96.135323 	24.758837 	59.908264 	24.698177 	79.831070 	23.853722 	23.769728 	20.248457 	63.007935 	15.297058 	52.009613 	64.845970 	76.655075 	8.000000 	11.180340 	8.062258 	53.907330 	5.830952 	111.507851 	38.897301 	59.548298 	999.000000 	122.188377 	55.154327 	18.439089 	39.824615 	67.896980 	55.901699 	62.936478 	51.739735 	29.681644 	31.064449 	70.007141 	69.526970 	18.027756 	59.363289 	52.354561 	40.162170 	48.846699 	45.880280 	64.412735 	61.846584 	
126.810883 	133.958954 	96.254868 	152.161102 	164.757401 	112.605507 	51.894123 	61.741398 	78.721024 	154.029221 	33.105892 	32.249031 	117.034180 	169.035492 	97.529480 	184.783661 	98.412399 	139.617340 	102.000000 	60.166435 	132.574509 	71.309189 	174.691162 	183.896713 	126.245789 	129.541504 	114.127121 	70.228203 	116.361504 	10.770329 	85.234970 	65.145988 	122.188377 	999.000000 	70.880180 	139.606583 	86.648720 	59.228371 	71.309189 	64.536812 	75.690155 	97.144226 	95.859268 	58.694122 	62.289646 	138.654251 	75.538071 	83.024094 	96.317184 	89.106674 	92.395889 	77.025970 	92.005432 	
69.462219 	75.584389 	34.539833 	93.941475 	108.226616 	49.396355 	21.095022 	13.416408 	14.317822 	102.786186 	54.918121 	52.611786 	59.808025 	111.018013 	31.622776 	129.711212 	32.202484 	76.609398 	35.608986 	12.165525 	68.410522 	7.280110 	116.468880 	127.475487 	61.073727 	64.660652 	47.423622 	4.472136 	49.517673 	60.166435 	16.278820 	6.000000 	55.154327 	70.880180 	999.000000 	73.552704 	16.124516 	12.806249 	2.236068 	7.810250 	5.000000 	26.925823 	25.553865 	14.866069 	15.231546 	69.634758 	13.038404 	15.652476 	26.019224 	20.880613 	23.345236 	20.124611 	31.890438 	
26.400757 	23.430750 	43.416588 	30.805843 	44.102154 	27.313000 	88.232651 	78.600258 	61.846584 	49.244289 	113.463654 	112.401070 	30.149628 	44.102154 	42.638012 	64.195015 	41.868843 	10.816654 	38.288380 	81.055534 	9.055386 	70.178345 	48.507732 	60.530983 	13.416408 	10.440307 	26.172504 	72.180328 	24.041630 	129.003876 	57.280014 	77.833153 	18.439089 	139.606583 	73.552704 	999.000000 	58.258045 	86.267029 	74.330345 	81.344948 	70.178345 	48.010414 	49.406479 	88.413803 	87.965904 	14.317822 	77.665955 	70.491135 	57.697487 	66.648331 	63.505905 	82.492424 	78.771820 	
57.489128 	62.936478 	24.020824 	80.777473 	95.273293 	36.055511 	35.510563 	26.076809 	12.529964 	91.591484 	68.029404 	66.000000 	48.507732 	97.575615 	18.439089 	116.811813 	18.681541 	62.265560 	21.540659 	26.683329 	53.851646 	16.031219 	102.883430 	114.236595 	46.324940 	49.929951 	32.449963 	16.492422 	34.409302 	75.894661 	5.000000 	21.540659 	39.824615 	86.648720 	16.124516 	58.258045 	999.000000 	28.844410 	16.401220 	23.600847 	12.041595 	10.816654 	9.433981 	30.610456 	29.732138 	53.600372 	20.248457 	15.000000 	13.892444 	15.231546 	15.000000 	26.476404 	30.675724 	
80.950600 	87.321243 	46.141087 	105.815880 	119.954155 	61.611687 	14.866069 	14.142136 	25.553865 	113.652977 	47.539455 	44.944408 	71.112587 	122.967476 	44.045429 	141.354172 	44.687805 	89.022469 	48.166378 	10.198039 	80.919716 	17.000000 	128.471786 	139.291061 	73.661385 	77.233414 	60.108234 	14.422205 	62.225395 	48.662102 	29.000000 	8.944272 	67.896980 	59.228371 	12.806249 	86.267029 	28.844410 	999.000000 	12.529964 	5.385165 	17.000000 	39.661064 	38.275318 	3.000000 	7.211102 	82.419655 	17.262676 	24.020824 	37.107952 	30.066593 	33.241539 	21.470911 	36.400551 	
70.936592 	76.967529 	36.055511 	95.257545 	109.590149 	50.606323 	22.360680 	15.264338 	16.124516 	104.403069 	56.293873 	53.935146 	61.351448 	112.294258 	32.756680 	131.095383 	33.286633 	77.665955 	36.619667 	13.601471 	69.404610 	9.486833 	117.720009 	128.798294 	62.008064 	65.604881 	48.270073 	6.708204 	50.328918 	60.638271 	17.204651 	7.280110 	55.901699 	71.309189 	2.236068 	74.330345 	16.401220 	12.529964 	999.000000 	7.211102 	4.472136 	27.202942 	25.806976 	14.212670 	13.892444 	70.000000 	10.816654 	13.928389 	25.179358 	19.416489 	22.090721 	17.888544 	29.832869 	
76.967529 	83.186539 	42.047592 	101.597244 	115.836090 	57.140179 	17.888544 	13.892444 	21.540659 	110.054535 	51.546097 	49.040798 	67.230942 	118.701309 	39.408119 	137.295303 	40.000000 	84.403793 	43.416588 	10.630146 	76.216797 	13.341664 	124.169243 	135.118469 	68.883957 	72.470680 	55.226807 	10.440307 	57.314919 	53.935146 	24.083189 	6.082763 	62.936478 	64.536812 	7.810250 	81.344948 	23.600847 	5.385165 	7.211102 	999.000000 	11.661903 	34.409302 	33.015148 	7.071068 	8.062258 	77.201035 	13.000000 	19.026299 	31.780497 	25.000000 	28.071337 	18.439089 	32.649654 	
67.675697 	73.539108 	32.984844 	91.706055 	106.103722 	46.957428 	26.076809 	18.027756 	14.142136 	101.390335 	59.841457 	57.558666 	58.240879 	108.673820 	29.068884 	127.632286 	29.529646 	73.783470 	32.756680 	17.117243 	65.459915 	9.899495 	114.061386 	125.239769 	58.008621 	61.611687 	44.204071 	8.062258 	46.227695 	65.000000 	13.416408 	11.000000 	51.739735 	75.690155 	5.000000 	70.178345 	12.041595 	17.000000 	4.472136 	11.661903 	999.000000 	22.803509 	21.400934 	18.601076 	17.804493 	65.604881 	11.180340 	11.401754 	21.023796 	16.155495 	18.439089 	18.439089 	28.319605 	
50.159744 	54.918121 	20.591261 	72.124893 	86.683334 	28.160255 	45.607018 	35.902645 	20.000000 	84.380089 	77.103828 	75.239616 	42.047592 	88.600227 	13.000000 	108.157295 	12.649111 	52.801514 	14.035668 	37.000000 	44.283180 	25.961510 	93.776329 	105.342300 	36.674240 	40.249222 	22.847319 	26.925823 	24.596748 	86.377083 	12.165525 	32.202484 	29.681644 	97.144226 	26.925823 	48.010414 	10.816654 	39.661064 	27.202942 	34.409302 	22.803509 	999.000000 	1.414214 	41.400482 	40.311287 	42.801868 	29.681644 	22.847319 	13.341664 	20.223749 	18.000000 	34.928497 	35.014282 	
51.244511 	56.089214 	21.023796 	73.375748 	87.931793 	29.274563 	44.384682 	34.713108 	19.026299 	85.475143 	76.059189 	74.168724 	43.011627 	89.888817 	13.601471 	109.416634 	13.341664 	54.129475 	15.000000 	35.735138 	45.617977 	24.738634 	95.078911 	106.625511 	38.013157 	41.593269 	24.166092 	25.632011 	25.942244 	85.094063 	11.045361 	30.870699 	31.064449 	95.859268 	25.553865 	49.406479 	9.433981 	38.275318 	25.806976 	33.015148 	21.400934 	1.414214 	999.000000 	40.000000 	38.897301 	44.204071 	28.301943 	21.540659 	12.649111 	19.104973 	17.029387 	33.615471 	34.058773 	
83.630135 	89.944427 	48.764740 	108.406639 	122.588745 	64.070274 	17.029387 	17.117243 	28.178005 	116.456001 	48.754486 	46.097721 	73.824112 	125.538841 	46.400433 	144.013885 	47.010635 	91.400215 	50.447994 	13.152946 	83.240616 	19.697716 	131.026718 	141.904892 	75.927597 	79.511009 	62.289646 	17.000000 	64.381676 	48.259712 	31.144823 	11.704700 	70.007141 	58.694122 	14.866069 	88.413803 	30.610456 	3.000000 	14.212670 	7.071068 	18.601076 	41.400482 	40.000000 	999.000000 	5.000000 	84.202141 	17.000000 	24.331051 	37.947330 	30.413813 	33.734257 	20.248457 	35.440090 	
84.693565 	90.801979 	49.769470 	109.128365 	123.438240 	64.498062 	21.931713 	20.880613 	29.410883 	117.953384 	53.665630 	50.990196 	75.026665 	126.178444 	46.647614 	144.931015 	47.169907 	91.525955 	50.477718 	17.088007 	83.234612 	21.377558 	131.609268 	142.667450 	75.802376 	79.404030 	62.008064 	18.439089 	64.031242 	52.038448 	31.064449 	14.000000 	69.526970 	62.289646 	15.231546 	87.965904 	29.732138 	7.211102 	13.892444 	8.062258 	17.804493 	40.311287 	38.897301 	5.000000 	999.000000 	82.975899 	13.341664 	21.189621 	35.341194 	27.202942 	30.675724 	15.524175 	30.805843 	
38.418747 	36.878178 	44.721359 	44.922153 	57.706154 	31.064449 	86.764046 	76.922035 	59.933296 	63.560993 	114.982605 	113.600174 	39.395432 	57.078892 	41.436699 	77.006493 	40.496914 	25.059929 	37.000000 	78.771820 	20.518284 	67.601776 	61.008198 	73.027390 	19.313208 	18.867962 	25.495098 	69.115845 	23.345236 	127.910126 	53.851646 	74.625732 	18.027756 	138.654251 	69.634758 	14.317822 	53.600372 	82.419655 	70.000000 	77.201035 	65.604881 	42.801868 	44.204071 	84.202141 	82.975899 	999.000000 	71.421288 	63.702435 	49.819675 	59.033890 	55.605755 	75.286118 	69.354164 	
77.620872 	83.168503 	43.416588 	101.019798 	115.520561 	56.302753 	30.870699 	25.495098 	25.317978 	111.610931 	64.513565 	61.983868 	68.447060 	117.783699 	38.600517 	137.058380 	38.897301 	82.298241 	41.785164 	23.021729 	73.824112 	20.124611 	123.065025 	134.461884 	66.241982 	69.835518 	52.354561 	17.492855 	54.203320 	65.192024 	23.345236 	17.029387 	59.363289 	75.538071 	13.038404 	77.665955 	20.248457 	17.262676 	10.816654 	13.000000 	11.180340 	29.681644 	28.301943 	17.000000 	13.341664 	71.421288 	999.000000 	8.062258 	22.472204 	13.928389 	17.464249 	7.280110 	19.723083 	
72.180328 	77.369247 	39.012817 	94.868332 	109.416634 	50.447994 	36.138622 	29.068884 	23.706539 	106.367287 	70.092796 	67.683083 	63.387695 	111.427109 	33.241539 	130.919830 	33.376640 	75.643906 	35.902645 	27.513634 	67.119293 	21.260292 	116.619041 	128.160049 	59.506302 	63.071388 	45.694637 	19.416489 	47.423622 	72.560318 	19.235384 	21.189621 	52.354561 	83.024094 	15.652476 	70.491135 	15.000000 	24.020824 	13.928389 	19.026299 	11.401754 	22.847319 	21.540659 	24.331051 	21.189621 	63.702435 	8.062258 	999.000000 	14.422205 	6.082763 	9.486833 	12.083046 	17.204651 	
63.007935 	67.364677 	33.615471 	83.952370 	98.488579 	41.000000 	47.010635 	38.327538 	26.419689 	97.128784 	80.504662 	78.313469 	55.226807 	100.000000 	26.248810 	119.816528 	25.961510 	63.890530 	27.294687 	38.013157 	55.362442 	28.635643 	104.995239 	116.760437 	47.801674 	51.244511 	34.525352 	28.160255 	35.902645 	85.702972 	18.601076 	32.015621 	40.162170 	96.317184 	26.019224 	57.697487 	13.892444 	37.107952 	25.179358 	31.780497 	21.023796 	13.341664 	12.649111 	37.947330 	35.341194 	49.819675 	22.472204 	14.422205 	999.000000 	9.219544 	5.830952 	25.495098 	22.090721 	
70.349129 	75.133217 	38.639359 	92.179176 	106.737999 	48.373547 	41.773197 	34.176014 	26.248810 	104.580116 	75.709976 	73.348480 	62.008064 	108.466583 	32.062439 	128.160049 	32.015621 	72.449982 	34.058773 	32.984844 	63.906181 	25.553865 	113.547348 	125.227791 	56.302753 	59.808025 	42.720020 	24.166092 	44.271889 	78.638412 	20.124611 	26.683329 	48.846699 	89.106674 	20.880613 	66.648331 	15.231546 	30.066593 	19.416489 	25.000000 	16.155495 	20.223749 	19.104973 	30.413813 	27.202942 	59.033890 	13.928389 	6.082763 	9.219544 	999.000000 	3.605551 	16.278820 	15.524175 	
68.117546 	72.691124 	37.363083 	89.498604 	104.048065 	46.097721 	44.407207 	36.400551 	26.907248 	102.313248 	78.262383 	75.953934 	60.033325 	105.650368 	30.413813 	125.419296 	30.265491 	69.570107 	32.015621 	35.510563 	61.032780 	27.313000 	110.679718 	122.413231 	53.450912 	56.920998 	40.024994 	26.248810 	41.484936 	81.884064 	20.000000 	29.274563 	45.880280 	92.395889 	23.345236 	63.505905 	15.000000 	33.241539 	22.090721 	28.071337 	18.439089 	18.000000 	17.029387 	33.734257 	30.675724 	55.605755 	17.464249 	9.486833 	5.830952 	3.605551 	999.000000 	19.798990 	17.029387 	
83.952370 	89.286057 	50.159744 	106.892471 	121.433105 	62.361847 	36.055511 	31.890438 	32.557640 	118.067780 	68.942001 	66.309875 	74.966660 	123.490891 	44.911022 	142.947540 	45.122055 	87.726852 	47.801674 	29.000000 	79.202271 	27.313000 	128.693436 	140.217682 	71.589104 	75.153175 	57.775429 	24.596748 	59.506302 	67.029846 	30.066593 	23.430750 	64.412735 	77.025970 	20.124611 	82.492424 	26.476404 	21.470911 	17.888544 	18.439089 	18.439089 	34.928497 	33.615471 	20.248457 	15.524175 	75.286118 	7.280110 	12.083046 	25.495098 	16.278820 	19.798990 	999.000000 	15.297058 	
85.052925 	89.453896 	54.129475 	105.905617 	120.415947 	63.031738 	50.537113 	45.000000 	40.816662 	119.205704 	83.934502 	81.344948 	77.058418 	121.753853 	47.381432 	141.661575 	47.265209 	85.615417 	49.040798 	42.720020 	77.129761 	38.209946 	126.649124 	138.495483 	69.634758 	73.006851 	56.568542 	36.069378 	57.870544 	82.152298 	35.468296 	36.619667 	61.846584 	92.005432 	31.890438 	78.771820 	30.675724 	36.400551 	29.832869 	32.649654 	28.319605 	35.014282 	34.058773 	35.440090 	30.805843 	69.354164 	19.723083 	17.204651 	22.090721 	15.524175 	17.029387 	15.297058 	999.000000 	

Travel time:
9.000000 	0.180278 	0.873212 	0.637377 	0.977880 	0.550568 	1.960230 	1.747319 	1.386542 	0.855862 	2.433747 	2.420873 	0.250000 	1.065950 	0.976281 	1.510381 	0.970824 	0.452769 	0.908639 	1.831154 	0.450694 	1.598828 	1.206752 	1.463087 	0.520216 	0.494975 	0.735697 	1.666021 	0.721543 	2.918154 	1.360147 	1.800174 	0.693271 	3.170272 	1.736555 	0.660019 	1.437228 	2.023765 	1.773415 	1.924188 	1.691892 	1.253994 	1.281113 	2.090753 	2.117339 	0.960469 	1.940522 	1.804508 	1.575198 	1.758728 	1.702939 	2.098809 	2.126323 	
0.180278 	9.000000 	1.029563 	0.465027 	0.816241 	0.673146 	2.131901 	1.915235 	1.544345 	0.751665 	2.614025 	2.601081 	0.424264 	0.895126 	1.114955 	1.353237 	1.106797 	0.335410 	1.037123 	1.997029 	0.416083 	1.758195 	1.035012 	1.299279 	0.546008 	0.492443 	0.825379 	1.823630 	0.800391 	3.096066 	1.504161 	1.959751 	0.740355 	3.348974 	1.889610 	0.585769 	1.573412 	2.183031 	1.924188 	2.079664 	1.838478 	1.372953 	1.402230 	2.248611 	2.270050 	0.921954 	2.079213 	1.934231 	1.684117 	1.878330 	1.817278 	2.232152 	2.236347 	
0.873212 	1.029563 	9.000000 	1.492062 	1.845603 	0.410031 	1.133578 	0.901734 	0.514782 	1.710263 	1.762987 	1.732231 	0.632456 	1.921263 	0.195256 	2.381439 	0.212132 	1.096586 	0.246221 	0.976281 	0.910014 	0.728869 	2.059430 	2.328760 	0.750417 	0.832166 	0.480885 	0.794119 	0.534439 	2.142574 	0.502494 	0.930390 	0.673146 	2.406372 	0.863496 	1.085415 	0.600521 	1.153527 	0.901388 	1.051190 	0.824621 	0.514782 	0.525595 	1.219118 	1.244237 	1.118034 	1.085415 	0.975320 	0.840387 	0.965984 	0.934077 	1.253994 	1.353237 	
0.637377 	0.465027 	1.492062 	9.000000 	0.364006 	1.119431 	2.596392 	2.380257 	2.006552 	0.496236 	3.055016 	3.045591 	0.886707 	0.430116 	1.566246 	0.901388 	1.556037 	0.525595 	1.480920 	2.461833 	0.726722 	2.220923 	0.570088 	0.838525 	0.908639 	0.828402 	1.236932 	2.285416 	1.201301 	3.553607 	1.957358 	2.422421 	1.107080 	3.804028 	2.348537 	0.770146 	2.019437 	2.645397 	2.381439 	2.539931 	2.292651 	1.803122 	1.834394 	2.710166 	2.728209 	1.123054 	2.525495 	2.371708 	2.098809 	2.304479 	2.237465 	2.672312 	2.647640 	
0.977880 	0.816241 	1.845603 	0.364006 	9.000000 	1.480920 	2.935345 	2.725000 	2.360349 	0.425735 	3.351585 	3.346734 	1.227294 	0.150000 	1.926947 	0.538516 	1.917355 	0.878208 	1.843400 	2.809026 	1.085415 	2.573907 	0.269258 	0.485412 	1.270089 	1.187960 	1.600781 	2.639720 	1.564649 	3.873387 	2.317596 	2.775450 	1.467353 	4.118935 	2.705665 	1.102554 	2.381832 	2.998854 	2.739754 	2.895902 	2.652593 	2.167083 	2.198295 	3.064719 	3.085956 	1.442654 	2.888014 	2.735416 	2.462214 	2.668450 	2.601202 	3.035828 	3.010399 	
0.550568 	0.673146 	0.410031 	1.119431 	1.480920 	9.000000 	1.542928 	1.308625 	0.905883 	1.405569 	2.154066 	2.127205 	0.371652 	1.542928 	0.447214 	2.019437 	0.436606 	0.689656 	0.364006 	1.379311 	0.500000 	1.120547 	1.677982 	1.957358 	0.348210 	0.425000 	0.230489 	1.180042 	0.250000 	2.551960 	0.838525 	1.320038 	0.333542 	2.815138 	1.234909 	0.682825 	0.901388 	1.540292 	1.265158 	1.428504 	1.173936 	0.704006 	0.731864 	1.601757 	1.612452 	0.776611 	1.407569 	1.261200 	1.025000 	1.209339 	1.152443 	1.559046 	1.575794 	
1.960230 	2.131901 	1.133578 	2.596392 	2.935345 	1.542928 	9.000000 	0.246221 	0.670820 	2.729469 	0.848896 	0.789383 	1.710263 	3.025930 	1.144825 	3.459949 	1.166190 	2.229910 	1.256234 	0.225000 	2.042211 	0.491172 	3.166425 	3.420618 	1.875000 	1.960230 	1.560849 	0.477624 	1.616516 	1.028652 	0.838153 	0.378319 	1.762278 	1.297353 	0.527376 	2.205816 	0.887764 	0.371652 	0.559017 	0.447214 	0.651920 	1.140175 	1.109617 	0.425735 	0.548293 	2.169101 	0.771767 	0.903466 	1.175266 	1.044330 	1.110180 	0.901388 	1.263428 	
1.747319 	1.915235 	0.901734 	2.380257 	2.725000 	1.308625 	0.246221 	9.000000 	0.425000 	2.538824 	1.054751 	1.001249 	1.497707 	2.810360 	0.901388 	3.254324 	0.922293 	1.997655 	1.012423 	0.100000 	1.806239 	0.251247 	2.950106 	3.210335 	1.635925 	1.722099 	1.317431 	0.254951 	1.372953 	1.274755 	0.594243 	0.212132 	1.518634 	1.543535 	0.335410 	1.965006 	0.651920 	0.353553 	0.381608 	0.347311 	0.450694 	0.897566 	0.867828 	0.427931 	0.522015 	1.923051 	0.637377 	0.726722 	0.958188 	0.854400 	0.910014 	0.797261 	1.125000 	
1.386542 	1.544345 	0.514782 	2.006552 	2.360349 	0.905883 	0.670820 	0.425000 	9.000000 	2.213594 	1.428504 	1.383158 	1.142366 	2.435416 	0.480234 	2.895902 	0.500000 	1.594522 	0.590021 	0.480234 	1.396648 	0.215058 	2.573179 	2.843524 	1.220912 	1.308625 	0.895126 	0.279509 	0.950329 	1.699448 	0.206155 	0.416083 	1.095730 	1.968026 	0.357946 	1.546165 	0.313249 	0.638847 	0.403113 	0.538516 	0.353553 	0.500000 	0.475657 	0.704450 	0.735272 	1.498332 	0.632949 	0.592663 	0.660492 	0.656220 	0.672681 	0.813941 	1.020416 	
0.855862 	0.751665 	1.710263 	0.496236 	0.425735 	1.405569 	2.729469 	2.538824 	2.213594 	9.000000 	3.058697 	3.060739 	1.079352 	0.575543 	1.829105 	0.785016 	1.824829 	0.965660 	1.764405 	2.629757 	1.133854 	2.419969 	0.679154 	0.794119 	1.290591 	1.225765 	1.575198 	2.490607 	1.551813 	3.615678 	2.207374 	2.618802 	1.488497 	3.850730 	2.569655 	1.231107 	2.289787 	2.841324 	2.610077 	2.751363 	2.534758 	2.109502 	2.136878 	2.911400 	2.948835 	1.589025 	2.790273 	2.659182 	2.428220 	2.614503 	2.557831 	2.951694 	2.980143 	
2.433747 	2.614025 	1.762987 	3.055016 	3.351585 	2.154066 	0.848896 	1.054751 	1.428504 	3.058697 	9.000000 	0.070711 	2.199574 	3.467077 	1.843909 	3.836421 	1.868321 	2.795644 	1.952562 	1.068878 	2.640076 	1.302162 	3.607718 	3.822467 	2.502249 	2.576941 	2.239001 	1.308625 	2.294014 	0.657647 	1.625769 	1.225765 	2.435416 	0.827647 	1.372953 	2.836591 	1.700735 	1.188486 	1.407347 	1.288652 	1.496036 	1.927596 	1.901480 	1.218862 	1.341641 	2.874565 	1.612839 	1.752320 	2.012617 	1.892749 	1.956560 	1.723550 	2.098362 	
2.420873 	2.601081 	1.732231 	3.045591 	3.346734 	2.127205 	0.789383 	1.001249 	1.383158 	3.060739 	0.070711 	9.000000 	2.184176 	3.460220 	1.806931 	3.836095 	1.831154 	2.775450 	1.916377 	1.011187 	2.616295 	1.250250 	3.601128 	3.819849 	2.475126 	2.551103 	2.205816 	1.253994 	2.261084 	0.618466 	1.578171 	1.167262 	2.403383 	0.806226 	1.315295 	2.810027 	1.650000 	1.123610 	1.348379 	1.226020 	1.438967 	1.880990 	1.854218 	1.152443 	1.274755 	2.840004 	1.549597 	1.692077 	1.957837 	1.833712 	1.898848 	1.657747 	2.033624 	
0.250000 	0.424264 	0.632456 	0.886707 	1.227294 	0.371652 	1.710263 	1.497707 	1.142366 	1.079352 	2.199574 	2.184176 	9.000000 	1.315770 	0.753741 	1.758195 	0.751665 	0.618466 	0.700446 	1.582127 	0.527376 	1.353237 	1.456451 	1.712637 	0.503115 	0.522015 	0.592663 	1.421487 	0.596343 	2.672195 	1.128051 	1.554228 	0.618971 	2.925854 	1.495201 	0.753741 	1.212693 	1.777815 	1.533786 	1.680773 	1.456022 	1.051190 	1.075291 	1.845603 	1.875667 	0.984886 	1.711177 	1.584692 	1.380670 	1.550202 	1.500833 	1.874166 	1.926461 	
1.065950 	0.895126 	1.921263 	0.430116 	0.150000 	1.542928 	3.025930 	2.810360 	2.435416 	0.575543 	3.467077 	3.460220 	1.315770 	9.000000 	1.990132 	0.502494 	1.978952 	0.903466 	1.901480 	2.891907 	1.116076 	2.650000 	0.141421 	0.419076 	1.305038 	1.219118 	1.644688 	2.713969 	1.604875 	3.977515 	2.381439 	2.851425 	1.497707 	4.225887 	2.775450 	1.102554 	2.439390 	3.074187 	2.807356 	2.967533 	2.716846 	2.215006 	2.247221 	3.138471 	3.154461 	1.426972 	2.944592 	2.785678 	2.500000 	2.711665 	2.641259 	3.087272 	3.043846 	
0.976281 	1.114955 	0.195256 	1.566246 	1.926947 	0.447214 	1.144825 	0.901388 	0.480234 	1.829105 	1.843909 	1.806931 	0.753741 	1.990132 	9.000000 	2.465385 	0.025000 	1.125000 	0.111803 	0.960469 	0.921954 	0.689656 	2.125000 	2.404423 	0.742462 	0.831038 	0.416083 	0.743303 	0.471699 	2.170829 	0.391312 	0.884590 	0.617454 	2.438237 	0.790569 	1.065950 	0.460977 	1.101136 	0.818917 	0.985203 	0.726722 	0.325000 	0.340037 	1.160011 	1.166190 	1.035918 	0.965013 	0.831038 	0.656220 	0.801561 	0.760345 	1.122776 	1.184536 	
1.510381 	1.353237 	2.381439 	0.901388 	0.538516 	2.019437 	3.459949 	3.254324 	2.895902 	0.785016 	3.836421 	3.836095 	1.758195 	0.502494 	2.465385 	9.000000 	2.455860 	1.402230 	2.381832 	3.340003 	1.613420 	3.108858 	0.403113 	0.125000 	1.800868 	1.716464 	2.136001 	3.175394 	2.098362 	4.379283 	2.855915 	3.310306 	1.995777 	4.619592 	3.242780 	1.604875 	2.920295 	3.533854 	3.277385 	3.432383 	3.190807 	2.703932 	2.735416 	3.600347 	3.623275 	1.925162 	3.426460 	3.272996 	2.995413 	3.204001 	3.135482 	3.573689 	3.541539 	
