Total assets = 780
Number of asset nodes = 40

Distance:
999.000000 	82.097504 	10.440307 	43.829212 	7.280110 	43.046486 	44.407207 	10.198039 	32.756680 	29.206163 	29.068884 	47.801674 	101.242287 	100.404182 	54.037025 	56.356010 	46.324940 	15.297058 	37.576588 	59.203041 	61.220913 	97.005157 	56.035702 	42.485291 	52.153618 	31.240999 	97.616600 	47.801674 	14.317822 	87.045967 	40.311287 	56.302753 	75.742989 	28.071337 	99.488693 	91.285271 	17.088007 	34.409302 	79.309517 	61.294373 	100.895988 	91.967384 	47.927029 	74.027023 	100.004997 	20.396078 	42.720020 	53.075417 	94.762863 	28.635643 	24.186773 	24.083189 	
82.097504 	999.000000 	74.303429 	122.347862 	80.131142 	122.429573 	43.174065 	72.801102 	108.208130 	53.000000 	53.338543 	122.576508 	19.235384 	18.357559 	34.234486 	134.357727 	43.566040 	96.384644 	53.366657 	32.015621 	30.066593 	15.811388 	36.000000 	49.648766 	40.049969 	113.225441 	16.643316 	128.316010 	90.338257 	13.601471 	121.823647 	135.830780 	19.723083 	68.410522 	19.235384 	16.031219 	93.037628 	116.498924 	19.849434 	140.758652 	20.591261 	17.029387 	49.040798 	25.059929 	20.615528 	97.508972 	56.222771 	134.316788 	20.000000 	109.178749 	101.552940 	88.543777 	
10.440307 	74.303429 	999.000000 	54.129475 	5.830952 	53.235325 	34.713108 	10.630146 	43.174065 	21.540659 	21.023796 	58.240879 	93.536087 	92.660675 	44.553337 	66.640831 	36.400551 	22.203604 	27.294687 	49.578220 	51.662365 	88.752464 	46.227695 	32.249031 	42.201897 	40.360870 	89.308456 	57.688820 	16.492422 	78.243210 	49.819675 	66.370171 	66.483078 	18.027756 	91.021973 	82.462112 	19.416489 	43.139309 	70.007141 	71.344238 	92.417534 	83.096329 	37.576588 	64.443771 	91.400215 	23.769728 	32.280025 	62.625874 	85.796272 	34.885529 	27.892651 	20.615528 	
43.829212 	122.347862 	54.129475 	999.000000 	49.396355 	2.828427 	87.982956 	50.803543 	14.764823 	71.400284 	71.610054 	9.899495 	140.929062 	140.185593 	97.349884 	12.529964 	90.049988 	36.345562 	81.394104 	102.625534 	104.560989 	137.887634 	99.644371 	86.313385 	95.880135 	19.416489 	138.600143 	9.055386 	45.541191 	129.073624 	12.806249 	13.601471 	118.600166 	70.519501 	140.758652 	133.304169 	45.177429 	20.615528 	122.200653 	18.439089 	142.172424 	134.063416 	91.706055 	117.324333 	141.534454 	43.000000 	86.162636 	16.000000 	137.000000 	33.955853 	42.190044 	57.140179 	
7.280110 	80.131142 	5.830952 	49.396355 	999.000000 	48.332184 	40.311287 	13.000000 	39.319206 	27.313000 	26.832815 	54.129475 	99.362968 	98.488579 	50.209560 	61.846584 	41.868843 	16.401220 	32.449963 	55.172459 	57.280014 	94.578011 	51.739735 	37.443291 	47.634022 	34.828148 	95.131485 	52.478565 	11.045361 	84.023804 	44.407207 	61.294373 	72.180328 	21.377558 	96.834908 	88.238312 	14.035668 	37.483330 	75.690155 	66.241982 	98.229324 	88.865067 	42.544094 	70.035706 	97.200821 	18.248287 	36.769554 	57.201397 	91.547798 	29.068884 	22.360680 	17.804493 	
43.046486 	122.429573 	53.235325 	2.828427 	48.332184 	999.000000 	87.367043 	50.447994 	15.811388 	71.063354 	71.217972 	12.727922 	141.113434 	140.356689 	96.834908 	13.601471 	89.358826 	34.713108 	80.529495 	102.078400 	104.043259 	137.902145 	99.020203 	85.475143 	95.189285 	17.117243 	138.600143 	7.071068 	43.931767 	128.887543 	10.000000 	13.453624 	118.228592 	69.289246 	140.716019 	133.124008 	43.416588 	18.027756 	121.823647 	18.439089 	142.130219 	133.869339 	90.785461 	116.828934 	141.449631 	41.048752 	85.088188 	14.142136 	136.780853 	31.575306 	40.049969 	55.326305 	
44.407207 	43.174065 	34.713108 	87.982956 	40.311287 	87.367043 	999.000000 	37.576588 	75.584389 	18.248287 	17.464249 	90.801979 	61.983868 	61.032780 	10.000000 	100.498756 	3.162278 	56.586216 	10.198039 	14.866069 	16.970562 	55.946404 	11.661903 	7.280110 	8.246211 	75.073296 	56.364883 	92.200867 	49.203659 	44.418465 	84.504440 	100.687637 	32.015621 	25.298222 	57.706154 	48.548943 	51.613953 	77.794601 	35.468296 	105.683487 	59.059292 	49.091751 	10.630146 	29.732138 	57.801384 	56.035702 	14.866069 	97.308784 	51.613953 	68.410522 	59.908264 	45.694637 	
10.198039 	72.801102 	10.630146 	50.803543 	13.000000 	50.447994 	37.576588 	999.000000 	38.013157 	20.615528 	20.808653 	53.225933 	91.836815 	91.021973 	46.647614 	63.245552 	39.924931 	25.495098 	32.557640 	51.971146 	53.851646 	87.965904 	49.193497 	37.107952 	45.694637 	40.496914 	88.617157 	55.865910 	23.345236 	78.517517 	49.040798 	63.890530 	67.801178 	27.202942 	90.609047 	82.758682 	26.305893 	43.908997 	71.400284 	68.883957 	92.021736 	83.486526 	42.953465 	66.573265 	91.241440 	30.066593 	39.051247 	61.619801 	86.371292 	38.832977 	34.014702 	30.528675 	
32.756680 	108.208130 	43.174065 	14.764823 	39.319206 	15.811388 	75.584389 	38.013157 	999.000000 	58.309521 	58.668560 	15.231546 	126.621483 	125.896782 	84.599052 	26.172504 	77.878113 	30.083218 	69.892776 	89.944427 	91.787796 	123.842644 	87.206650 	74.672615 	83.671982 	20.808653 	124.579292 	22.803509 	38.470768 	115.420967 	21.213203 	28.301943 	105.394501 	60.671246 	126.810883 	119.632774 	39.051247 	24.186773 	109.000000 	33.015148 	128.222458 	120.420097 	80.324341 	104.446159 	127.663620 	38.275318 	75.432091 	29.832869 	123.405838 	33.421551 	38.910152 	50.803543 	
29.206163 	53.000000 	21.540659 	71.400284 	27.313000 	71.063354 	18.248287 	20.615528 	58.309521 	999.000000 	1.414214 	73.430237 	72.201111 	71.344238 	26.400757 	83.815269 	21.095022 	43.416588 	17.464249 	31.780497 	33.541019 	67.801178 	29.410883 	20.396078 	26.476404 	60.440052 	68.410522 	76.419891 	37.947330 	57.982758 	69.354164 	84.504440 	47.201694 	23.259407 	70.292244 	62.225395 	40.804413 	63.600315 	50.803543 	89.498604 	71.700768 	62.936478 	26.305893 	46.141087 	70.837845 	45.221676 	25.495098 	82.036575 	65.795135 	56.364883 	49.335587 	39.000000 	
29.068884 	53.338543 	21.023796 	71.610054 	26.832815 	71.217972 	17.464249 	20.808653 	58.668560 	1.414214 	999.000000 	73.824112 	72.560318 	71.693794 	25.942244 	84.053551 	20.223749 	43.046486 	16.155495 	31.304953 	33.120991 	68.007355 	28.792360 	19.235384 	25.709921 	60.307545 	68.600288 	76.485291 	37.336308 	58.000000 	69.310890 	84.646324 	47.010635 	21.931713 	70.434364 	62.241467 	40.162170 	63.411354 	50.606323 	89.643738 	71.840103 	62.936478 	25.179358 	45.793011 	70.936592 	44.598206 	24.166092 	82.024384 	65.764732 	55.901699 	48.703182 	38.013157 	
47.801674 	122.576508 	58.240879 	9.899495 	54.129475 	12.727922 	90.801979 	53.225933 	15.231546 	73.430237 	73.824112 	999.000000 	140.730240 	140.035706 	99.764725 	13.601471 	93.107468 	43.046486 	85.094063 	105.118980 	106.943909 	138.293167 	102.415817 	89.888817 	98.898941 	28.231188 	139.053940 	17.888544 	52.000000 	130.207520 	22.671568 	18.027756 	120.415947 	75.504967 	141.354172 	134.402374 	52.086468 	30.016663 	124.020157 	21.587032 	142.762039 	135.207245 	95.519630 	119.570061 	142.274384 	50.487621 	90.520714 	24.041630 	138.220840 	42.720020 	50.219517 	64.070274 	
101.242287 	19.235384 	93.536087 	140.929062 	99.362968 	141.113434 	61.983868 	91.836815 	126.621483 	72.201111 	72.560318 	140.730240 	999.000000 	1.000000 	52.630791 	152.793976 	62.096699 	115.602768 	72.124893 	49.648766 	47.518417 	8.944272 	53.758720 	68.154236 	58.051701 	132.310242 	9.433981 	147.122391 	109.567329 	21.377558 	140.801285 	154.466827 	34.014702 	87.281158 	11.313708 	19.313208 	112.258629 	135.624481 	32.249031 	159.364365 	11.401754 	19.697716 	66.910385 	39.115215 	13.453624 	116.730461 	74.330345 	153.222061 	20.248457 	128.413391 	120.768372 	107.563934 	
100.404182 	18.357559 	92.660675 	140.185593 	98.488579 	140.356689 	61.032780 	91.021973 	125.896782 	71.344238 	71.693794 	140.035706 	1.000000 	999.000000 	51.662365 	152.069061 	61.131008 	114.738831 	71.168816 	48.662102 	46.529560 	8.062258 	52.773098 	67.186310 	57.070133 	131.487640 	8.602325 	146.348892 	108.673820 	20.396078 	140.000000 	153.717270 	33.015148 	86.330757 	10.630146 	18.384777 	111.359779 	134.792435 	31.257000 	158.619034 	10.816654 	18.788294 	65.924202 	38.118237 	12.806249 	115.831772 	73.348480 	152.433594 	19.416489 	127.534309 	119.866592 	106.625511 	
54.037025 	34.234486 	44.553337 	97.349884 	50.209560 	96.834908 	10.000000 	46.647614 	84.599052 	26.400757 	25.942244 	99.764725 	52.630791 	51.662365 	999.000000 	109.836243 	9.486833 	66.528191 	19.697716 	5.385165 	7.211102 	46.238514 	4.472136 	15.524175 	6.324555 	84.899940 	46.615448 	101.828285 	59.203041 	34.481880 	94.260277 	110.208893 	22.022715 	34.928497 	47.853943 	38.587563 	61.611687 	87.681244 	25.495098 	115.208504 	49.193497 	39.115215 	15.132746 	20.000000 	47.885281 	66.030296 	22.022715 	107.056061 	41.617306 	78.409180 	69.892776 	55.461697 	
56.356010 	134.357727 	66.640831 	12.529964 	61.846584 	13.601471 	100.498756 	63.245552 	26.172504 	83.815269 	84.053551 	13.601471 	152.793976 	152.069061 	109.836243 	999.000000 	102.576797 	48.270073 	93.914856 	115.121674 	117.046997 	149.966660 	112.160599 	98.838249 	108.406639 	30.066593 	150.695053 	12.369317 	57.489128 	141.354172 	21.095022 	5.830952 	131.015259 	82.873398 	152.898666 	145.578156 	56.885849 	30.066593 	134.617981 	8.062258 	154.311371 	146.348892 	104.216118 	129.799850 	153.717270 	54.332310 	98.615417 	14.866069 	149.305054 	44.045429 	53.037724 	68.731361 	
46.324940 	43.566040 	36.400551 	90.049988 	41.868843 	89.358826 	3.162278 	39.924931 	77.878113 	21.095022 	20.223749 	93.107468 	62.096699 	61.131008 	9.486833 	102.576797 	999.000000 	58.000000 	10.295630 	13.601471 	15.811388 	55.713554 	9.899495 	6.082763 	5.830952 	76.694199 	56.080299 	94.047859 	50.328918 	43.829212 	86.214851 	102.625534 	31.064449 	25.495098 	57.271286 	47.885281 	52.630791 	79.309517 	34.409302 	107.615051 	58.600342 	48.373547 	7.810250 	28.319605 	57.245087 	57.008770 	13.152946 	99.020203 	50.774010 	69.526970 	60.802959 	46.065170 	
15.297058 	96.384644 	22.203604 	36.345562 	16.401220 	34.713108 	56.586216 	25.495098 	30.083218 	43.416588 	43.046486 	43.046486 	115.602768 	114.738831 	66.528191 	48.270073 	58.000000 	999.000000 	48.270073 	71.421288 	73.552704 	110.941429 	67.896980 	53.263496 	63.702435 	19.235384 	111.503365 	37.696156 	9.219544 	100.424103 	29.068884 	46.818798 	88.526833 	35.355339 	113.225441 	104.637466 	9.055386 	21.400934 	92.021736 	51.623638 	114.621117 	105.261581 	58.008621 	86.267029 	113.600174 	8.602325 	51.623638 	41.677334 	107.935165 	13.341664 	10.816654 	21.023796 	
37.576588 	53.366657 	27.294687 	81.394104 	32.449963 	80.529495 	10.198039 	32.557640 	69.892776 	17.464249 	16.155495 	85.094063 	72.124893 	71.168816 	19.697716 	93.914856 	10.295630 	48.270073 	999.000000 	23.853722 	26.076809 	65.924202 	20.000000 	5.000000 	15.620500 	67.201187 	66.309875 	84.905830 	40.311287 	54.120235 	76.843994 	93.648277 	41.340054 	15.231546 	67.542580 	58.180752 	42.520584 	69.656296 	44.654228 	98.615417 	68.876701 	58.668560 	10.440307 	38.418747 	67.535179 	46.861500 	8.062258 	89.627007 	61.057350 	59.464275 	50.606323 	35.777088 	
59.203041 	32.015621 	49.578220 	102.625534 	55.172459 	102.078400 	14.866069 	51.971146 	89.944427 	31.780497 	31.304953 	105.118980 	49.648766 	48.662102 	5.385165 	115.121674 	13.601471 	71.421288 	23.853722 	999.000000 	2.236068 	42.720020 	4.123106 	19.235384 	8.544003 	89.938866 	43.011627 	107.004669 	63.890530 	30.463093 	99.357941 	115.433968 	17.492855 	38.948685 	44.011364 	34.438351 	66.219330 	92.655273 	20.808653 	120.432556 	45.310043 	34.885529 	17.262676 	14.866069 	43.863426 	70.604530 	24.738634 	112.160599 	37.215588 	83.096329 	74.404305 	59.539902 	
61.220913 	30.066593 	51.662365 	104.560989 	57.280014 	104.043259 	16.970562 	53.851646 	91.787796 	33.541019 	33.120991 	106.943909 	47.518417 	46.529560 	7.211102 	117.046997 	15.811388 	73.552704 	26.076809 	2.236068 	999.000000 	40.521599 	6.324555 	21.470911 	10.770329 	92.021736 	40.804413 	109.018349 	66.068146 	28.231188 	101.414986 	117.413795 	15.264338 	41.182522 	41.785164 	32.202484 	68.410522 	94.762863 	18.601076 	122.413231 	43.081318 	32.649654 	19.416489 	12.806249 	41.629318 	72.801102 	26.925823 	114.214706 	34.985710 	85.276024 	76.609398 	61.773781 	
97.005157 	15.811388 	88.752464 	137.887634 	94.578011 	137.902145 	55.946404 	87.965904 	123.842644 	67.801178 	68.007355 	138.293167 	8.944272 	8.062258 	46.238514 	149.966660 	55.713554 	110.941429 	65.924202 	42.720020 	40.521599 	999.000000 	46.840153 	61.684681 	51.244511 	128.226364 	1.000000 	143.683685 	104.446159 	13.000000 	137.000000 	151.327454 	26.172504 	81.154175 	4.000000 	10.440307 	107.042046 	131.400146 	24.000000 	156.272202 	5.099020 	10.770329 	59.908264 	31.016125 	6.082763 	111.507851 	67.446274 	149.576065 	11.401754 	123.490891 	115.485931 	101.636604 	
56.035702 	36.000000 	46.227695 	99.644371 	51.739735 	99.020203 	11.661903 	49.193497 	87.206650 	29.410883 	28.792360 	102.415817 	53.758720 	52.773098 	4.472136 	112.160599 	9.899495 	67.896980 	20.000000 	4.123106 	6.324555 	46.840153 	999.000000 	15.264338 	4.472136 	86.556343 	47.127487 	103.812332 	60.207973 	34.539833 	96.046867 	112.329872 	21.470911 	34.985710 	48.104053 	38.483765 	62.481998 	89.196411 	24.698177 	117.324333 	49.396355 	38.910152 	13.152946 	18.439089 	47.927029 	66.843102 	20.615528 	108.853111 	41.182522 	79.397736 	70.604530 	55.569775 	
42.485291 	49.648766 	32.249031 	86.313385 	37.443291 	85.475143 	7.280110 	37.107952 	74.672615 	20.396078 	19.235384 	89.888817 	68.154236 	67.186310 	15.524175 	98.838249 	6.082763 	53.263496 	5.000000 	19.235384 	21.470911 	61.684681 	15.264338 	999.000000 	10.816654 	72.201111 	62.032249 	89.888817 	45.254833 	49.658836 	81.841309 	98.615417 	36.715118 	19.723083 	63.158531 	53.665630 	47.423622 	74.652527 	39.962482 	103.585716 	64.474800 	54.120235 	6.000000 	33.600594 	63.071388 	51.739735 	7.615773 	94.625580 	56.435802 	64.381676 	55.443665 	40.311287 	
52.153618 	40.049969 	42.201897 	95.880135 	47.634022 	95.189285 	8.246211 	45.694637 	83.671982 	26.476404 	25.709921 	98.898941 	58.051701 	57.070133 	6.324555 	108.406639 	5.830952 	63.702435 	15.620500 	8.544003 	10.770329 	51.244511 	4.472136 	10.816654 	999.000000 	82.462112 	51.546097 	99.864906 	55.901699 	39.000000 	92.005432 	108.452751 	25.942244 	30.528675 	52.554733 	42.953465 	58.137768 	85.041168 	29.154760 	113.441612 	53.851646 	43.382023 	9.000000 	22.803509 	52.392746 	62.481998 	16.278820 	104.809349 	45.650848 	75.073296 	66.219330 	51.107731 	
31.240999 	113.225441 	40.360870 	19.416489 	34.828148 	17.117243 	75.073296 	40.496914 	20.808653 	60.440052 	60.307545 	28.231188 	132.310242 	131.487640 	84.899940 	30.066593 	76.694199 	19.235384 	67.201187 	89.938866 	92.021736 	128.226364 	86.556343 	72.201111 	82.462112 	999.000000 	128.844864 	18.681541 	28.231188 	118.258194 	9.848858 	27.892651 	106.775467 	54.589375 	130.728729 	122.494896 	27.202942 	4.000000 	110.317726 	32.572994 	132.136292 	123.166557 	77.103828 	104.804581 	131.244049 	24.331051 	70.830788 	22.472204 	125.936493 	14.560220 	23.000000 	38.832977 	
97.616600 	16.643316 	89.308456 	138.600143 	95.131485 	138.600143 	56.364883 	88.617157 	124.579292 	68.410522 	68.600288 	139.053940 	9.433981 	8.602325 	46.615448 	150.695053 	56.080299 	111.503365 	66.309875 	43.011627 	40.804413 	1.000000 	47.127487 	62.032249 	51.546097 	128.844864 	999.000000 	144.360657 	104.957130 	13.038404 	137.644470 	152.029602 	26.305893 	81.541397 	3.000000 	10.198039 	107.540688 	132.003784 	24.020824 	156.977707 	4.123106 	10.440307 	60.166435 	31.064449 	5.099020 	112.004463 	67.720009 	150.233154 	10.816654 	124.020157 	115.974136 	102.044106 	
47.801674 	128.316010 	57.688820 	9.055386 	52.478565 	7.071068 	92.200867 	55.865910 	22.803509 	76.419891 	76.485291 	17.888544 	147.122391 	146.348892 	101.828285 	12.369317 	94.047859 	37.696156 	84.905830 	107.004669 	109.018349 	143.683685 	103.812332 	89.888817 	99.864906 	18.681541 	144.360657 	999.000000 	46.818798 	134.380051 	9.055386 	9.219544 	123.434196 	72.917763 	146.413803 	138.621780 	45.880280 	18.027756 	127.015747 	13.928389 	147.827606 	139.344894 	95.015785 	121.823647 	147.085007 	42.953465 	89.005615 	7.071068 	142.214630 	32.015621 	41.303753 	57.489128 	
14.317822 	90.338257 	16.492422 	45.541191 	11.045361 	43.931767 	49.203659 	23.345236 	38.470768 	37.947330 	37.336308 	52.000000 	109.567329 	108.673820 	59.203041 	57.489128 	50.328918 	9.219544 	40.311287 	63.890530 	66.068146 	104.446159 	60.207973 	45.254833 	55.901699 	28.231188 	104.957130 	46.818798 	999.000000 	93.477272 	38.078865 	55.973209 	81.215759 	26.627054 	106.531685 	97.652443 	3.000000 	30.016663 	84.646324 	60.745369 	107.912003 	98.229324 	49.678970 	78.644768 	106.780151 	7.280110 	43.011627 	50.537113 	100.801788 	19.209373 	11.401754 	12.369317 	
87.045967 	13.601471 	78.243210 	129.073624 	84.023804 	128.887543 	44.418465 	78.517517 	115.420967 	57.982758 	58.000000 	130.207520 	21.377558 	20.396078 	34.481880 	141.354172 	43.829212 	100.424103 	54.120235 	30.463093 	28.231188 	13.000000 	34.539833 	49.658836 	39.000000 	118.258194 	13.038404 	134.380051 	93.477272 	999.000000 	127.310646 	142.341141 	13.341664 	69.318108 	13.601471 	4.242640 	95.963531 	121.264175 	11.000000 	147.322769 	14.866069 	5.000000 	47.434166 	18.027756 	13.416408 	100.404182 	55.027267 	140.014282 	8.062258 	112.645462 	104.307236 	89.894379 	
40.311287 	121.823647 	49.819675 	12.806249 	44.407207 	10.000000 	84.504440 	49.040798 	21.213203 	69.354164 	69.310890 	22.671568 	140.801285 	140.000000 	94.260277 	21.095022 	86.214851 	29.068884 	76.843994 	99.357941 	101.414986 	137.000000 	96.046867 	81.841309 	92.005432 	9.848858 	137.644470 	9.055386 	38.078865 	127.310646 	999.000000 	18.248287 	116.043098 	64.412735 	139.603012 	131.552277 	37.000000 	9.000000 	119.603508 	22.803509 	141.014191 	132.245987 	86.821655 	114.214706 	140.185593 	33.955853 	80.622574 	12.806249 	135.059250 	23.000000 	32.249031 	48.507732 	
56.302753 	135.830780 	66.370171 	13.601471 	61.294373 	13.453624 	100.687637 	63.890530 	28.301943 	84.504440 	84.646324 	18.027756 	154.466827 	153.717270 	110.208893 	5.830952 	102.625534 	46.818798 	93.648277 	115.433968 	117.413795 	151.327454 	112.329872 	98.615417 	108.452751 	27.892651 	152.029602 	9.219544 	55.973209 	142.341141 	18.248287 	999.000000 	131.654846 	81.939003 	154.155762 	146.577621 	55.081757 	27.166155 	135.247925 	5.000000 	155.569916 	147.322769 	103.831596 	130.207520 	154.896744 	52.172791 	97.943863 	9.433981 	150.233154 	41.109608 	50.487621 	66.708321 	
75.742989 	19.723083 	66.483078 	118.600166 	72.180328 	118.228592 	32.015621 	67.801178 	105.394501 	47.201694 	47.010635 	120.415947 	34.014702 	33.015148 	22.022715 	131.015259 	31.064449 	88.526833 	41.340054 	17.492855 	15.264338 	26.172504 	21.470911 	36.715118 	25.942244 	106.775467 	26.305893 	123.434196 	81.215759 	13.341664 	116.043098 	131.654846 	999.000000 	56.435802 	26.925823 	17.088007 	83.600243 	109.622078 	3.605551 	136.652847 	28.160255 	17.464249 	34.176014 	5.385165 	26.570660 	88.005684 	41.785164 	128.817703 	19.723083 	100.424103 	91.836815 	77.025970 	
28.071337 	68.410522 	18.027756 	70.519501 	21.377558 	69.289246 	25.298222 	27.202942 	60.671246 	23.259407 	21.931713 	75.504967 	87.281158 	86.330757 	34.928497 	82.873398 	25.495098 	35.355339 	15.231546 	38.948685 	41.182522 	81.154175 	34.985710 	19.723083 	30.528675 	54.589375 	81.541397 	72.917763 	26.627054 	69.318108 	64.412735 	81.939003 	56.435802 	999.000000 	82.764725 	73.355301 	28.425341 	56.603886 	59.682495 	86.815895 	84.095184 	73.824112 	23.345236 	53.254108 	82.734512 	32.557640 	16.401220 	77.025970 	76.157730 	45.343136 	36.069378 	20.591261 	
99.488693 	19.235384 	91.021973 	140.758652 	96.834908 	140.716019 	57.706154 	90.609047 	126.810883 	70.292244 	70.434364 	141.354172 	11.313708 	10.630146 	47.853943 	152.898666 	57.271286 	113.225441 	67.542580 	44.011364 	41.785164 	4.000000 	48.104053 	63.158531 	52.554733 	130.728729 	3.000000 	146.413803 	106.531685 	13.601471 	139.603012 	154.155762 	26.925823 	82.764725 	999.000000 	10.049875 	109.077957 	133.843185 	24.331051 	159.113174 	1.414214 	10.000000 	61.032780 	31.400637 	2.236068 	113.534134 	68.622154 	152.226807 	9.486833 	125.642349 	117.477661 	103.315056 	
91.285271 	16.031219 	82.462112 	133.304169 	88.238312 	133.124008 	48.548943 	82.758682 	119.632774 	62.225395 	62.241467 	134.402374 	19.313208 	18.384777 	38.587563 	145.578156 	47.885281 	104.637466 	58.180752 	34.438351 	32.202484 	10.440307 	38.483765 	53.665630 	42.953465 	122.494896 	10.198039 	138.621780 	97.652443 	4.242640 	131.552277 	146.577621 	17.088007 	73.355301 	10.049875 	999.000000 	100.124924 	125.495018 	14.317822 	151.558563 	11.180340 	1.000000 	51.264023 	21.377558 	9.486833 	104.560989 	58.872746 	144.256714 	4.123106 	116.828934 	108.452751 	93.941475 	
17.088007 	93.037628 	19.416489 	45.177429 	14.035668 	43.416588 	51.613953 	26.305893 	39.051247 	40.804413 	40.162170 	52.086468 	112.258629 	111.359779 	61.611687 	56.885849 	52.630791 	9.055386 	42.520584 	66.219330 	68.410522 	107.042046 	62.481998 	47.423622 	58.137768 	27.202942 	107.540688 	45.880280 	3.000000 	95.963531 	37.000000 	55.081757 	83.600243 	28.425341 	109.077957 	100.124924 	999.000000 	28.635643 	87.005745 	59.774578 	110.453613 	100.687637 	51.662365 	80.919716 	109.293182 	4.472136 	44.821869 	49.244289 	103.227905 	16.970562 	8.544003 	12.000000 	
34.409302 	116.498924 	43.139309 	20.615528 	37.483330 	18.027756 	77.794601 	43.908997 	24.186773 	63.600315 	63.411354 	30.016663 	135.624481 	134.792435 	87.681244 	30.066593 	79.309517 	21.400934 	69.656296 	92.655273 	94.762863 	131.400146 	89.196411 	74.652527 	85.041168 	4.000000 	132.003784 	18.027756 	30.016663 	121.264175 	9.000000 	27.166155 	109.622078 	56.603886 	133.843185 	125.495018 	28.635643 	999.000000 	113.145920 	31.575306 	135.247925 	126.150703 	79.404030 	107.517441 	134.316788 	25.298222 	72.945183 	20.615528 	128.887543 	14.000000 	23.345236 	39.849716 	
79.309517 	19.849434 	70.007141 	122.200653 	75.690155 	121.823647 	35.468296 	71.400284 	109.000000 	50.803543 	50.606323 	124.020157 	32.249031 	31.257000 	25.495098 	134.617981 	34.409302 	92.021736 	44.654228 	20.808653 	18.601076 	24.000000 	24.698177 	39.962482 	29.154760 	110.317726 	24.020824 	127.015747 	84.646324 	11.000000 	119.603508 	135.247925 	3.605551 	59.682495 	24.331051 	14.317822 	87.005745 	113.145920 	999.000000 	140.246216 	25.495098 	14.560220 	37.161808 	7.071068 	23.769728 	91.400215 	44.777225 	132.382019 	16.552946 	103.855667 	95.210297 	80.262070 	
61.294373 	140.758652 	71.344238 	18.439089 	66.241982 	18.439089 	105.683487 	68.883957 	33.015148 	89.498604 	89.643738 	21.587032 	159.364365 	158.619034 	115.208504 	8.062258 	107.615051 	51.623638 	98.615417 	120.432556 	122.413231 	156.272202 	117.324333 	103.585716 	113.441612 	32.572994 	156.977707 	13.928389 	60.745369 	147.322769 	22.803509 	5.000000 	136.652847 	86.815895 	159.113174 	151.558563 	59.774578 	31.575306 	140.246216 	999.000000 	160.527252 	152.305618 	108.784187 	135.207245 	159.862442 	56.753853 	102.859123 	12.165525 	155.219193 	45.398239 	54.918121 	71.309189 	
100.895988 	20.591261 	92.417534 	142.172424 	98.229324 	142.130219 	59.059292 	92.021736 	128.222458 	71.700768 	71.840103 	142.762039 	11.401754 	10.816654 	49.193497 	154.311371 	58.600342 	114.621117 	68.876701 	45.310043 	43.081318 	5.099020 	49.396355 	64.474800 	53.851646 	132.136292 	4.123106 	147.827606 	107.912003 	14.866069 	141.014191 	155.569916 	28.160255 	84.095184 	1.414214 	11.180340 	110.453613 	135.247925 	25.495098 	160.527252 	999.000000 	11.045361 	62.297672 	32.557640 	2.236068 	114.908661 	69.892776 	153.639191 	10.198039 	127.027557 	118.848640 	104.651802 	
91.967384 	17.029387 	83.096329 	134.063416 	88.865067 	133.869339 	49.091751 	83.486526 	120.420097 	62.936478 	62.936478 	135.207245 	19.697716 	18.788294 	39.115215 	146.348892 	48.373547 	105.261581 	58.668560 	34.885529 	32.649654 	10.770329 	38.910152 	54.120235 	43.382023 	123.166557 	10.440307 	139.344894 	98.229324 	5.000000 	132.245987 	147.322769 	17.464249 	73.824112 	10.000000 	1.000000 	100.687637 	126.150703 	14.560220 	152.305618 	11.045361 	999.000000 	51.623638 	21.587032 	9.219544 	105.118980 	59.236813 	144.958618 	3.162278 	117.413795 	109.000000 	94.413979 	
47.927029 	49.040798 	37.576588 	91.706055 	42.544094 	90.785461 	10.630146 	42.953465 	80.324341 	26.305893 	25.179358 	95.519630 	66.910385 	65.924202 	15.132746 	104.216118 	7.810250 	58.008621 	10.440307 	17.262676 	19.416489 	59.908264 	13.152946 	6.000000 	9.000000 	77.103828 	60.166435 	95.015785 	49.678970 	47.434166 	86.821655 	103.831596 	34.176014 	23.345236 	61.032780 	51.264023 	51.662365 	79.404030 	37.161808 	108.784187 	62.297672 	51.623638 	999.000000 	30.413813 	60.745369 	55.865910 	7.615773 	99.569069 	53.712196 	68.622154 	59.413803 	43.600460 	
74.027023 	25.059929 	64.443771 	117.324333 	70.035706 	116.828934 	29.732138 	66.573265 	104.446159 	46.141087 	45.793011 	119.570061 	39.115215 	38.118237 	20.000000 	129.799850 	28.319605 	86.267029 	38.418747 	14.866069 	12.806249 	31.016125 	18.439089 	33.600594 	22.803509 	104.804581 	31.064449 	121.823647 	78.644768 	18.027756 	114.214706 	130.207520 	5.385165 	53.254108 	31.400637 	21.377558 	80.919716 	107.517441 	7.071068 	135.207245 	32.557640 	21.587032 	30.413813 	999.000000 	30.805843 	85.276024 	38.013157 	127.015747 	23.409399 	97.836601 	89.022469 	73.783470 	
100.004997 	20.615528 	91.400215 	141.534454 	97.200821 	141.449631 	57.801384 	91.241440 	127.663620 	70.837845 	70.936592 	142.274384 	13.453624 	12.806249 	47.885281 	153.717270 	57.245087 	113.600174 	67.535179 	43.863426 	41.629318 	6.082763 	47.927029 	63.071388 	52.392746 	131.244049 	5.099020 	147.085007 	106.780151 	13.416408 	140.185593 	154.896744 	26.570660 	82.734512 	2.236068 	9.486833 	109.293182 	134.316788 	23.769728 	159.862442 	2.236068 	9.219544 	60.745369 	30.805843 	999.000000 	113.740936 	68.352028 	152.839783 	8.062258 	125.924583 	117.660530 	103.310211 	
20.396078 	97.508972 	23.769728 	43.000000 	18.248287 	41.048752 	56.035702 	30.066593 	38.275318 	45.221676 	44.598206 	50.487621 	116.730461 	115.831772 	66.030296 	54.332310 	57.008770 	8.602325 	46.861500 	70.604530 	72.801102 	111.507851 	66.843102 	51.739735 	62.481998 	24.331051 	112.004463 	42.953465 	7.280110 	100.404182 	33.955853 	52.172791 	88.005684 	32.557640 	113.534134 	104.560989 	4.472136 	25.298222 	91.400215 	56.753853 	114.908661 	105.118980 	55.865910 	85.276024 	113.740936 	999.000000 	48.918301 	45.880280 	107.647575 	12.806249 	4.123106 	14.560220 	
42.720020 	56.222771 	32.280025 	86.162636 	36.769554 	85.088188 	14.866069 	39.051247 	75.432091 	25.495098 	24.166092 	90.520714 	74.330345 	73.348480 	22.022715 	98.615417 	13.152946 	51.623638 	8.062258 	24.738634 	26.925823 	67.446274 	20.615528 	7.615773 	16.278820 	70.830788 	67.720009 	89.005615 	43.011627 	55.027267 	80.622574 	97.943863 	41.785164 	16.401220 	68.622154 	58.872746 	44.821869 	72.945183 	44.777225 	102.859123 	69.892776 	59.236813 	7.615773 	38.013157 	68.352028 	48.918301 	999.000000 	93.295227 	61.326992 	61.717098 	52.345009 	36.235340 	
53.075417 	134.316788 	62.625874 	16.000000 	57.201397 	14.142136 	97.308784 	61.619801 	29.832869 	82.036575 	82.024384 	24.041630 	153.222061 	152.433594 	107.056061 	14.866069 	99.020203 	41.677334 	89.627007 	112.160599 	114.214706 	149.576065 	108.853111 	94.625580 	104.809349 	22.472204 	150.233154 	7.071068 	50.537113 	140.014282 	12.806249 	9.433981 	128.817703 	77.025970 	152.226807 	144.256714 	49.244289 	20.615528 	132.382019 	12.165525 	153.639191 	144.958618 	99.569069 	127.015747 	152.839783 	45.880280 	93.295227 	999.000000 	147.787003 	33.955853 	43.680660 	60.406952 	
94.762863 	20.000000 	85.796272 	137.000000 	91.547798 	136.780853 	51.613953 	86.371292 	123.405838 	65.795135 	65.764732 	138.220840 	20.248457 	19.416489 	41.617306 	149.305054 	50.774010 	107.935165 	61.057350 	37.215588 	34.985710 	11.401754 	41.182522 	56.435802 	45.650848 	125.936493 	10.816654 	142.214630 	100.801788 	8.062258 	135.059250 	150.233154 	19.723083 	76.157730 	9.486833 	4.123106 	103.227905 	128.887543 	16.552946 	155.219193 	10.198039 	3.162278 	53.712196 	23.409399 	8.062258 	107.647575 	61.326992 	147.787003 	999.000000 	120.000000 	111.503365 	96.747093 	
28.635643 	109.178749 	34.885529 	33.955853 	29.068884 	31.575306 	68.410522 	38.832977 	33.421551 	56.364883 	55.901699 	42.720020 	128.413391 	127.534309 	78.409180 	44.045429 	69.526970 	13.341664 	59.464275 	83.096329 	85.276024 	123.490891 	79.397736 	64.381676 	75.073296 	14.560220 	124.020157 	32.015621 	19.209373 	112.645462 	23.000000 	41.109608 	100.424103 	45.343136 	125.642349 	116.828934 	16.970562 	14.000000 	103.855667 	45.398239 	127.027557 	117.413795 	68.622154 	97.836601 	125.924583 	12.806249 	61.717098 	33.955853 	120.000000 	999.000000 	9.848858 	26.832815 	
24.186773 	101.552940 	27.892651 	42.190044 	22.360680 	40.049969 	59.908264 	34.014702 	38.910152 	49.335587 	48.703182 	50.219517 	120.768372 	119.866592 	69.892776 	53.037724 	60.802959 	10.816654 	50.606323 	74.404305 	76.609398 	115.485931 	70.604530 	55.443665 	66.219330 	23.000000 	115.974136 	41.303753 	11.401754 	104.307236 	32.249031 	50.487621 	91.836815 	36.069378 	117.477661 	108.452751 	8.544003 	23.345236 	95.210297 	54.918121 	118.848640 	109.000000 	59.413803 	89.022469 	117.660530 	4.123106 	52.345009 	43.680660 	111.503365 	9.848858 	999.000000 	17.000000 	
24.083189 	88.543777 	20.615528 	57.140179 	17.804493 	55.326305 	45.694637 	30.528675 	50.803543 	39.000000 	38.013157 	64.070274 	107.563934 	106.625511 	55.461697 	68.731361 	46.065170 	21.023796 	35.777088 	59.539902 	61.773781 	101.636604 	55.569775 	40.311287 	51.107731 	38.832977 	102.044106 	57.489128 	12.369317 	89.894379 	48.507732 	66.708321 	77.025970 	20.591261 	103.315056 	93.941475 	12.000000 	39.849716 	80.262070 	71.309189 	104.651802 	94.413979 	43.600460 	73.783470 	103.310211 	14.560220 	36.235340 	60.406952 	96.747093 	26.832815 	17.000000 	999.000000 	

Travel time:
9.000000 	2.052438 	0.261008 	1.095730 	0.182003 	1.076162 	1.110180 	0.254951 	0.818917 	0.730154 	0.726722 	1.195042 	2.531057 	2.510105 	1.350926 	1.408900 	1.158123 	0.382426 	0.939415 	1.480076 	1.530523 	2.425129 	1.400892 	1.062132 	1.303840 	0.781025 	2.440415 	1.195042 	0.357946 	2.176149 	1.007782 	1.407569 	1.893575 	0.701783 	2.487217 	2.282132 	0.427200 	0.860233 	1.982738 	1.532359 	2.522400 	2.299185 	1.198176 	1.850676 	2.500125 	0.509902 	1.068001 	1.326885 	2.369071 	0.715891 	0.604669 	0.602080 	
2.052438 	9.000000 	1.857586 	3.058697 	2.003278 	3.060739 	1.079352 	1.820028 	2.705203 	1.325000 	1.333464 	3.064413 	0.480885 	0.458939 	0.855862 	3.358943 	1.089151 	2.409616 	1.334166 	0.800391 	0.751665 	0.395285 	0.900000 	1.241219 	1.001249 	2.830636 	0.416083 	3.207900 	2.258456 	0.340037 	3.045591 	3.395770 	0.493077 	1.710263 	0.480885 	0.400780 	2.325941 	2.912473 	0.496236 	3.518966 	0.514782 	0.425735 	1.226020 	0.626498 	0.515388 	2.437724 	1.405569 	3.357920 	0.500000 	2.729469 	2.538824 	2.213594 	
0.261008 	1.857586 	9.000000 	1.353237 	0.145774 	1.330883 	0.867828 	0.265754 	1.079352 	0.538516 	0.525595 	1.456022 	2.338402 	2.316517 	1.113833 	1.666021 	0.910014 	0.555090 	0.682367 	1.239455 	1.291559 	2.218812 	1.155692 	0.806226 	1.055047 	1.009022 	2.232711 	1.442220 	0.412311 	1.956080 	1.245492 	1.659254 	1.662077 	0.450694 	2.275549 	2.061553 	0.485412 	1.078483 	1.750179 	1.783606 	2.310438 	2.077408 	0.939415 	1.611094 	2.285005 	0.594243 	0.807001 	1.565647 	2.144907 	0.872138 	0.697316 	0.515388 	
1.095730 	3.058697 	1.353237 	9.000000 	1.234909 	0.070711 	2.199574 	1.270089 	0.369121 	1.785007 	1.790251 	0.247487 	3.523226 	3.504640 	2.433747 	0.313249 	2.251250 	0.908639 	2.034853 	2.565638 	2.614025 	3.447191 	2.491109 	2.157835 	2.397003 	0.485412 	3.465003 	0.226385 	1.138530 	3.226840 	0.320156 	0.340037 	2.965004 	1.762987 	3.518966 	3.332604 	1.129436 	0.515388 	3.055016 	0.460977 	3.554311 	3.351585 	2.292651 	2.933108 	3.538361 	1.075000 	2.154066 	0.400000 	3.425000 	0.848896 	1.054751 	1.428504 	
0.182003 	2.003278 	0.145774 	1.234909 	9.000000 	1.208305 	1.007782 	0.325000 	0.982980 	0.682825 	0.670820 	1.353237 	2.484074 	2.462214 	1.255239 	1.546165 	1.046721 	0.410031 	0.811249 	1.379311 	1.432000 	2.364450 	1.293493 	0.936082 	1.190850 	0.870704 	2.378287 	1.311964 	0.276134 	2.100595 	1.110180 	1.532359 	1.804508 	0.534439 	2.420873 	2.205958 	0.350892 	0.937083 	1.892254 	1.656049 	2.455733 	2.221627 	1.063602 	1.750893 	2.430021 	0.456207 	0.919239 	1.430035 	2.288695 	0.726722 	0.559017 	0.445112 	
1.076162 	3.060739 	1.330883 	0.070711 	1.208305 	9.000000 	2.184176 	1.261200 	0.395285 	1.776584 	1.780449 	0.318198 	3.527836 	3.508917 	2.420873 	0.340037 	2.233971 	0.867828 	2.013237 	2.551960 	2.601081 	3.447554 	2.475505 	2.136878 	2.379732 	0.427931 	3.465003 	0.176777 	1.098294 	3.222188 	0.250000 	0.336341 	2.955715 	1.732231 	3.517900 	3.328100 	1.085415 	0.450694 	3.045591 	0.460977 	3.553256 	3.346734 	2.269637 	2.920723 	3.536241 	1.026219 	2.127205 	0.353553 	3.419521 	0.789383 	1.001249 	1.383158 	
1.110180 	1.079352 	0.867828 	2.199574 	1.007782 	2.184176 	9.000000 	0.939415 	1.889610 	0.456207 	0.436606 	2.270050 	1.549597 	1.525820 	0.250000 	2.512469 	0.079057 	1.414655 	0.254951 	0.371652 	0.424264 	1.398660 	0.291548 	0.182003 	0.206155 	1.876832 	1.409122 	2.305022 	1.230091 	1.110462 	2.112611 	2.517191 	0.800391 	0.632456 	1.442654 	1.213724 	1.290349 	1.944865 	0.886707 	2.642087 	1.476482 	1.227294 	0.265754 	0.743303 	1.445035 	1.400892 	0.371652 	2.432720 	1.290349 	1.710263 	1.497707 	1.142366 	
0.254951 	1.820028 	0.265754 	1.270089 	0.325000 	1.261200 	0.939415 	9.000000 	0.950329 	0.515388 	0.520216 	1.330648 	2.295920 	2.275549 	1.166190 	1.581139 	0.998123 	0.637377 	0.813941 	1.299279 	1.346291 	2.199148 	1.229837 	0.927699 	1.142366 	1.012423 	2.215429 	1.396648 	0.583631 	1.962938 	1.226020 	1.597263 	1.695029 	0.680074 	2.265226 	2.068967 	0.657647 	1.097725 	1.785007 	1.722099 	2.300543 	2.087163 	1.073837 	1.664332 	2.281036 	0.751665 	0.976281 	1.540495 	2.159282 	0.970824 	0.850368 	0.763217 	
0.818917 	2.705203 	1.079352 	0.369121 	0.982980 	0.395285 	1.889610 	0.950329 	9.000000 	1.457738 	1.466714 	0.380789 	3.165537 	3.147419 	2.114976 	0.654313 	1.946953 	0.752080 	1.747319 	2.248611 	2.294695 	3.096066 	2.180166 	1.866815 	2.091799 	0.520216 	3.114482 	0.570088 	0.961769 	2.885524 	0.530330 	0.707549 	2.634862 	1.516781 	3.170272 	2.990819 	0.976281 	0.604669 	2.725000 	0.825379 	3.205561 	3.010502 	2.008109 	2.611154 	3.191591 	0.956883 	1.885802 	0.745822 	3.085146 	0.835539 	0.972754 	1.270089 	
0.730154 	1.325000 	0.538516 	1.785007 	0.682825 	1.776584 	0.456207 	0.515388 	1.457738 	9.000000 	0.035355 	1.835756 	1.805028 	1.783606 	0.660019 	2.095382 	0.527376 	1.085415 	0.436606 	0.794512 	0.838525 	1.695029 	0.735272 	0.509902 	0.661910 	1.511001 	1.710263 	1.910497 	0.948683 	1.449569 	1.733854 	2.112611 	1.180042 	0.581485 	1.757306 	1.555635 	1.020110 	1.590008 	1.270089 	2.237465 	1.792519 	1.573412 	0.657647 	1.153527 	1.770946 	1.130542 	0.637377 	2.050914 	1.644878 	1.409122 	1.233390 	0.975000 	
0.726722 	1.333464 	0.525595 	1.790251 	0.670820 	1.780449 	0.436606 	0.520216 	1.466714 	0.035355 	9.000000 	1.845603 	1.814008 	1.792345 	0.648556 	2.101339 	0.505594 	1.076162 	0.403887 	0.782624 	0.828025 	1.700184 	0.719809 	0.480885 	0.642748 	1.507689 	1.715007 	1.912132 	0.933408 	1.450000 	1.732772 	2.116158 	1.175266 	0.548293 	1.760859 	1.556037 	1.004054 	1.585284 	1.265158 	2.241093 	1.796003 	1.573412 	0.629484 	1.144825 	1.773415 	1.114955 	0.604152 	2.050610 	1.644118 	1.397542 	1.217580 	0.950329 	
1.195042 	3.064413 	1.456022 	0.247487 	1.353237 	0.318198 	2.270050 	1.330648 	0.380789 	1.835756 	1.845603 	9.000000 	3.518256 	3.500893 	2.494118 	0.340037 	2.327687 	1.076162 	2.127352 	2.627975 	2.673598 	3.457329 	2.560395 	2.247221 	2.472474 	0.705780 	3.476348 	0.447214 	1.300000 	3.255188 	0.566789 	0.450694 	3.010399 	1.887624 	3.533854 	3.360059 	1.302162 	0.750417 	3.100504 	0.539676 	3.569051 	3.380181 	2.387991 	2.989252 	3.556859 	1.262191 	2.263018 	0.601041 	3.455521 	1.068001 	1.255488 	1.601757 	
2.531057 	0.480885 	2.338402 	3.523226 	2.484074 	3.527836 	1.549597 	2.295920 	3.165537 	1.805028 	1.814008 	3.518256 	9.000000 	0.025000 	1.315770 	3.819849 	1.552418 	2.890069 	1.803122 	1.241219 	1.187960 	0.223607 	1.343968 	1.703856 	1.451293 	3.307756 	0.235850 	3.678060 	2.739183 	0.534439 	3.520032 	3.861671 	0.850368 	2.182029 	0.282843 	0.482830 	2.806466 	3.390612 	0.806226 	3.984109 	0.285044 	0.492443 	1.672760 	0.977880 	0.336341 	2.918262 	1.858259 	3.830552 	0.506211 	3.210335 	3.019209 	2.689098 	
2.510105 	0.458939 	2.316517 	3.504640 	2.462214 	3.508917 	1.525820 	2.275549 	3.147419 	1.783606 	1.792345 	3.500893 	0.025000 	9.000000 	1.291559 	3.801727 	1.528275 	2.868471 	1.779220 	1.216552 	1.163239 	0.201556 	1.319327 	1.679658 	1.426753 	3.287191 	0.215058 	3.658722 	2.716846 	0.509902 	3.500000 	3.842932 	0.825379 	2.158269 	0.265754 	0.459619 	2.783994 	3.369811 	0.781425 	3.965476 	0.270416 	0.469707 	1.648105 	0.952956 	0.320156 	2.895794 	1.833712 	3.810840 	0.485412 	3.188358 	2.996665 	2.665638 	
1.350926 	0.855862 	1.113833 	2.433747 	1.255239 	2.420873 	0.250000 	1.166190 	2.114976 	0.660019 	0.648556 	2.494118 	1.315770 	1.291559 	9.000000 	2.745906 	0.237171 	1.663205 	0.492443 	0.134629 	0.180278 	1.155963 	0.111803 	0.388104 	0.158114 	2.122499 	1.165386 	2.545707 	1.480076 	0.862047 	2.356507 	2.755222 	0.550568 	0.873212 	1.196349 	0.964689 	1.540292 	2.192031 	0.637377 	2.880213 	1.229837 	0.977880 	0.378319 	0.500000 	1.197132 	1.650757 	0.550568 	2.676402 	1.040433 	1.960230 	1.747319 	1.386542 	
1.408900 	3.358943 	1.666021 	0.313249 	1.546165 	0.340037 	2.512469 	1.581139 	0.654313 	2.095382 	2.101339 	0.340037 	3.819849 	3.801727 	2.745906 	9.000000 	2.564420 	1.206752 	2.347871 	2.878042 	2.926175 	3.749166 	2.804015 	2.470956 	2.710166 	0.751665 	3.767376 	0.309233 	1.437228 	3.533854 	0.527376 	0.145774 	3.275382 	2.071835 	3.822467 	3.639454 	1.422146 	0.751665 	3.365449 	0.201556 	3.857784 	3.658722 	2.605403 	3.244996 	3.842932 	1.358308 	2.465385 	0.371652 	3.732626 	1.101136 	1.325943 	1.718284 	
1.158123 	1.089151 	0.910014 	2.251250 	1.046721 	2.233971 	0.079057 	0.998123 	1.946953 	0.527376 	0.505594 	2.327687 	1.552418 	1.528275 	0.237171 	2.564420 	9.000000 	1.450000 	0.257391 	0.340037 	0.395285 	1.392839 	0.247487 	0.152069 	0.145774 	1.917355 	1.402007 	2.351197 	1.258223 	1.095730 	2.155371 	2.565638 	0.776611 	0.637377 	1.431782 	1.197132 	1.315770 	1.982738 	0.860233 	2.690376 	1.465008 	1.209339 	0.195256 	0.707990 	1.431127 	1.425219 	0.328824 	2.475505 	1.269350 	1.738174 	1.520074 	1.151629 	
0.382426 	2.409616 	0.555090 	0.908639 	0.410031 	0.867828 	1.414655 	0.637377 	0.752080 	1.085415 	1.076162 	1.076162 	2.890069 	2.868471 	1.663205 	1.206752 	1.450000 	9.000000 	1.206752 	1.785532 	1.838818 	2.773536 	1.697425 	1.331587 	1.592561 	0.480885 	2.787584 	0.942404 	0.230489 	2.510602 	0.726722 	1.170470 	2.213171 	0.883883 	2.830636 	2.615937 	0.226385 	0.535023 	2.300543 	1.290591 	2.865528 	2.631540 	1.450216 	2.156676 	2.840004 	0.215058 	1.290591 	1.041933 	2.698379 	0.333542 	0.270416 	0.525595 	
