Total assets = 760
Number of asset nodes = 40

Distance:
999.000000 	111.606453 	53.600372 	88.102211 	11.180340 	57.489128 	13.416408 	22.360680 	48.507732 	99.764725 	96.150925 	120.216469 	144.277512 	143.586212 	103.353760 	11.045361 	96.664368 	46.000000 	88.600227 	108.706024 	110.535065 	141.873184 	105.990562 	93.407707 	102.459747 	30.364452 	142.635895 	17.804493 	55.036350 	133.809570 	23.853722 	16.124516 	124.020157 	78.854294 	144.941360 	138.003616 	55.009090 	31.780497 	127.624451 	19.104973 	146.348892 	138.809219 	99.020203 	123.166557 	145.866379 	53.235325 	93.962761 	23.259407 	141.823837 	44.922153 	52.773098 	67.007462 	
111.606453 	999.000000 	65.215027 	29.154760 	106.962608 	62.968246 	106.150833 	97.590981 	72.422371 	19.104973 	23.345236 	18.439089 	36.769554 	35.846897 	17.029387 	119.205704 	26.076809 	79.322128 	35.693138 	16.155495 	14.764823 	31.622776 	19.646883 	32.140316 	23.194826 	96.674713 	32.202484 	112.432205 	72.945183 	22.203604 	105.550934 	120.282997 	15.000000 	50.695168 	34.058773 	26.400757 	75.591003 	99.809822 	18.110771 	125.255737 	35.468296 	27.202942 	32.140316 	17.720045 	34.655445 	80.062477 	39.000000 	118.190521 	30.232433 	91.923882 	84.077347 	70.837845 	
53.600372 	65.215027 	999.000000 	37.483330 	45.694637 	4.000000 	44.283180 	34.481880 	7.211102 	49.517673 	45.343136 	78.721024 	101.355812 	100.498756 	53.075417 	58.180752 	45.000000 	14.317822 	35.846897 	58.137768 	60.207973 	96.834908 	54.817879 	40.816662 	50.803543 	31.827662 	97.416634 	49.091751 	11.401754 	86.556343 	41.231056 	57.801384 	74.953316 	25.317978 	99.201813 	90.785461 	14.317822 	34.713108 	78.492035 	62.769421 	100.603180 	91.438507 	46.065170 	73.000000 	99.639351 	18.027756 	40.496914 	54.037025 	94.175369 	27.513634 	22.000000 	20.518284 	
88.102211 	29.154760 	37.483330 	999.000000 	81.835197 	34.713108 	80.709358 	71.400284 	44.553337 	12.041595 	8.062258 	45.541191 	65.924202 	65.000000 	15.620500 	94.339813 	9.055386 	51.088158 	8.944272 	20.808653 	22.803509 	60.415230 	17.888544 	9.433981 	14.560220 	69.310890 	60.901562 	86.214851 	44.102154 	49.406479 	78.644768 	94.625580 	37.483330 	22.090721 	62.433964 	53.600372 	46.647614 	72.138756 	41.012192 	99.624290 	63.812225 	54.203320 	14.866069 	35.608986 	62.681736 	51.107731 	16.278820 	91.438507 	56.850681 	63.245552 	55.072678 	41.761227 	
11.180340 	106.962608 	45.694637 	81.835197 	999.000000 	49.396355 	2.236068 	12.041595 	39.849716 	93.744331 	89.888817 	117.034180 	140.929062 	140.185593 	97.349884 	12.529964 	90.049988 	36.345562 	81.394104 	102.625534 	104.560989 	137.887634 	99.644371 	86.313385 	95.880135 	19.416489 	138.600143 	9.055386 	45.541191 	129.073624 	12.806249 	13.601471 	118.600166 	70.519501 	140.758652 	133.304169 	45.177429 	20.615528 	122.200653 	18.439089 	142.172424 	134.063416 	91.706055 	117.324333 	141.534454 	43.000000 	86.162636 	16.000000 	137.000000 	33.955853 	42.190044 	57.140179 	
57.489128 	62.968246 	4.000000 	34.713108 	49.396355 	999.000000 	47.927029 	38.013157 	10.000000 	46.690472 	42.426407 	77.077881 	99.362968 	98.488579 	50.209560 	61.846584 	41.868843 	16.401220 	32.449963 	55.172459 	57.280014 	94.578011 	51.739735 	37.443291 	47.634022 	34.828148 	95.131485 	52.478565 	11.045361 	84.023804 	44.407207 	61.294373 	72.180328 	21.377558 	96.834908 	88.238312 	14.035668 	37.483330 	75.690155 	66.241982 	98.229324 	88.865067 	42.544094 	70.035706 	97.200821 	18.248287 	36.769554 	57.201397 	91.547798 	29.068884 	22.360680 	17.804493 	
13.416408 	106.150833 	44.283180 	80.709358 	2.236068 	47.927029 	999.000000 	10.198039 	38.275318 	92.655273 	88.752464 	116.516090 	140.356689 	139.603012 	96.260063 	13.928389 	88.836929 	34.525352 	80.062477 	101.513542 	103.469803 	137.186005 	98.478424 	85.000000 	94.667839 	17.262676 	137.887634 	8.062258 	43.737854 	128.222458 	10.630146 	14.142136 	117.613777 	68.949257 	140.014282 	132.457535 	43.289722 	18.384777 	121.210564 	19.104973 	141.428421 	133.206604 	90.338257 	116.249733 	140.758652 	41.012192 	84.693565 	15.132746 	136.124939 	31.780497 	40.112343 	55.226807 	
22.360680 	97.590981 	34.481880 	71.400284 	12.041595 	38.013157 	10.198039 	999.000000 	28.231188 	83.408630 	79.404030 	108.811768 	132.438660 	131.654846 	87.005745 	24.041630 	79.322128 	24.331051 	70.327805 	92.200867 	94.201912 	128.887543 	89.050545 	75.292763 	85.146935 	8.602325 	129.556931 	14.866069 	33.541019 	119.519875 	9.219544 	23.323807 	108.577164 	58.872746 	131.590271 	123.761871 	33.136082 	11.401754 	112.160599 	28.301943 	133.003754 	124.482933 	80.529495 	107.004669 	132.245987 	31.016125 	74.732857 	20.808653 	127.349915 	22.847319 	30.413813 	45.099888 	
48.507732 	72.422371 	7.211102 	44.553337 	39.849716 	10.000000 	38.275318 	28.231188 	999.000000 	56.568542 	52.345009 	85.866173 	108.558739 	107.703293 	60.108234 	52.201534 	51.855568 	7.280110 	42.438190 	65.115280 	67.208633 	104.043259 	61.717098 	47.434166 	57.628117 	24.839485 	104.623131 	42.544094 	8.602325 	93.723000 	34.409302 	51.429562 	82.036575 	30.675724 	106.400185 	97.948967 	10.630146 	27.586229 	85.562843 	56.356010 	107.800743 	98.595131 	52.478565 	79.981247 	106.826965 	13.000000 	46.518814 	47.201694 	101.316338 	20.615528 	16.492422 	20.615528 	
99.764725 	19.104973 	49.517673 	12.041595 	93.744331 	46.690472 	92.655273 	83.408630 	56.568542 	999.000000 	4.472136 	37.054016 	55.362442 	54.405884 	3.605551 	106.230881 	7.000000 	63.031738 	16.763054 	8.944272 	10.816654 	49.244289 	7.000000 	13.038404 	6.403124 	81.344948 	49.658836 	98.234413 	55.803226 	37.735924 	90.686272 	106.606750 	25.495098 	31.953091 	51.000000 	41.880783 	58.249462 	84.148682 	29.000000 	111.606453 	52.354561 	42.438190 	13.928389 	23.600847 	51.107731 	62.681736 	20.099751 	103.479469 	45.000000 	75.000000 	66.573265 	52.392746 	
96.150925 	23.345236 	45.343136 	8.062258 	89.888817 	42.426407 	88.752464 	79.404030 	52.345009 	4.472136 	999.000000 	41.000000 	59.774578 	58.821766 	7.810250 	102.396286 	3.605551 	58.728188 	12.369317 	12.806249 	14.866069 	53.712196 	9.848858 	9.055386 	7.000000 	77.155685 	54.129475 	94.201912 	51.400391 	42.190044 	86.556343 	102.649887 	29.832869 	27.513634 	55.470715 	46.324940 	53.823788 	79.906197 	33.301651 	107.647575 	56.824291 	46.872166 	11.401754 	27.658634 	55.569775 	58.249462 	16.492422 	99.357941 	49.406479 	70.604530 	62.128899 	47.927029 	
120.216469 	18.439089 	78.721024 	45.541191 	117.034180 	77.077881 	116.516090 	108.811768 	85.866173 	37.054016 	41.000000 	999.000000 	24.083189 	23.430750 	35.355339 	128.817703 	44.045429 	93.037628 	53.084839 	34.481880 	32.893768 	23.409399 	38.078865 	50.009998 	41.593269 	109.077957 	24.351591 	123.405838 	87.664131 	22.561028 	117.324333 	130.598618 	26.172504 	67.601776 	27.202942 	25.079872 	90.476517 	112.507774 	27.202942 	135.473251 	28.460499 	26.076809 	50.487621 	31.144823 	28.861740 	94.921021 	57.140179 	129.618668 	29.017237 	106.103722 	99.020203 	87.097649 	
144.277512 	36.769554 	101.355812 	65.924202 	140.929062 	99.362968 	140.356689 	132.438660 	108.558739 	55.362442 	59.774578 	24.083189 	999.000000 	1.000000 	52.630791 	152.793976 	62.096699 	115.602768 	72.124893 	49.648766 	47.518417 	8.944272 	53.758720 	68.154236 	58.051701 	132.310242 	9.433981 	147.122391 	109.567329 	21.377558 	140.801285 	154.466827 	34.014702 	87.281158 	11.313708 	19.313208 	112.258629 	135.624481 	32.249031 	159.364365 	11.401754 	19.697716 	66.910385 	39.115215 	13.453624 	116.730461 	74.330345 	153.222061 	20.248457 	128.413391 	120.768372 	107.563934 	
143.586212 	35.846897 	100.498756 	65.000000 	140.185593 	98.488579 	139.603012 	131.654846 	107.703293 	54.405884 	58.821766 	23.430750 	1.000000 	999.000000 	51.662365 	152.069061 	61.131008 	114.738831 	71.168816 	48.662102 	46.529560 	8.062258 	52.773098 	67.186310 	57.070133 	131.487640 	8.602325 	146.348892 	108.673820 	20.396078 	140.000000 	153.717270 	33.015148 	86.330757 	10.630146 	18.384777 	111.359779 	134.792435 	31.257000 	158.619034 	10.816654 	18.788294 	65.924202 	38.118237 	12.806249 	115.831772 	73.348480 	152.433594 	19.416489 	127.534309 	119.866592 	106.625511 	
103.353760 	17.029387 	53.075417 	15.620500 	97.349884 	50.209560 	96.260063 	87.005745 	60.108234 	3.605551 	7.810250 	35.355339 	52.630791 	51.662365 	999.000000 	109.836243 	9.486833 	66.528191 	19.697716 	5.385165 	7.211102 	46.238514 	4.472136 	15.524175 	6.324555 	84.899940 	46.615448 	101.828285 	59.203041 	34.481880 	94.260277 	110.208893 	22.022715 	34.928497 	47.853943 	38.587563 	61.611687 	87.681244 	25.495098 	115.208504 	49.193497 	39.115215 	15.132746 	20.000000 	47.885281 	66.030296 	22.022715 	107.056061 	41.617306 	78.409180 	69.892776 	55.461697 	
11.045361 	119.205704 	58.180752 	94.339813 	12.529964 	61.846584 	13.928389 	24.041630 	52.201534 	106.230881 	102.396286 	128.817703 	152.793976 	152.069061 	109.836243 	999.000000 	102.576797 	48.270073 	93.914856 	115.121674 	117.046997 	149.966660 	112.160599 	98.838249 	108.406639 	30.066593 	150.695053 	12.369317 	57.489128 	141.354172 	21.095022 	5.830952 	131.015259 	82.873398 	152.898666 	145.578156 	56.885849 	30.066593 	134.617981 	8.062258 	154.311371 	146.348892 	104.216118 	129.799850 	153.717270 	54.332310 	98.615417 	14.866069 	149.305054 	44.045429 	53.037724 	68.731361 	
96.664368 	26.076809 	45.000000 	9.055386 	90.049988 	41.868843 	88.836929 	79.322128 	51.855568 	7.000000 	3.605551 	44.045429 	62.096699 	61.131008 	9.486833 	102.576797 	999.000000 	58.000000 	10.295630 	13.601471 	15.811388 	55.713554 	9.899495 	6.082763 	5.830952 	76.694199 	56.080299 	94.047859 	50.328918 	43.829212 	86.214851 	102.625534 	31.064449 	25.495098 	57.271286 	47.885281 	52.630791 	79.309517 	34.409302 	107.615051 	58.600342 	48.373547 	7.810250 	28.319605 	57.245087 	57.008770 	13.152946 	99.020203 	50.774010 	69.526970 	60.802959 	46.065170 	
46.000000 	79.322128 	14.317822 	51.088158 	36.345562 	16.401220 	34.525352 	24.331051 	7.280110 	63.031738 	58.728188 	93.037628 	115.602768 	114.738831 	66.528191 	48.270073 	58.000000 	999.000000 	48.270073 	71.421288 	73.552704 	110.941429 	67.896980 	53.263496 	63.702435 	19.235384 	111.503365 	37.696156 	9.219544 	100.424103 	29.068884 	46.818798 	88.526833 	35.355339 	113.225441 	104.637466 	9.055386 	21.400934 	92.021736 	51.623638 	114.621117 	105.261581 	58.008621 	86.267029 	113.600174 	8.602325 	51.623638 	41.677334 	107.935165 	13.341664 	10.816654 	21.023796 	
88.600227 	35.693138 	35.846897 	8.944272 	81.394104 	32.449963 	80.062477 	70.327805 	42.438190 	16.763054 	12.369317 	53.084839 	72.124893 	71.168816 	19.697716 	93.914856 	10.295630 	48.270073 	999.000000 	23.853722 	26.076809 	65.924202 	20.000000 	5.000000 	15.620500 	67.201187 	66.309875 	84.905830 	40.311287 	54.120235 	76.843994 	93.648277 	41.340054 	15.231546 	67.542580 	58.180752 	42.520584 	69.656296 	44.654228 	98.615417 	68.876701 	58.668560 	10.440307 	38.418747 	67.535179 	46.861500 	8.062258 	89.627007 	61.057350 	59.464275 	50.606323 	35.777088 	
108.706024 	16.155495 	58.137768 	20.808653 	102.625534 	55.172459 	101.513542 	92.200867 	65.115280 	8.944272 	12.806249 	34.481880 	49.648766 	48.662102 	5.385165 	115.121674 	13.601471 	71.421288 	23.853722 	999.000000 	2.236068 	42.720020 	4.123106 	19.235384 	8.544003 	89.938866 	43.011627 	107.004669 	63.890530 	30.463093 	99.357941 	115.433968 	17.492855 	38.948685 	44.011364 	34.438351 	66.219330 	92.655273 	20.808653 	120.432556 	45.310043 	34.885529 	17.262676 	14.866069 	43.863426 	70.604530 	24.738634 	112.160599 	37.215588 	83.096329 	74.404305 	59.539902 	
110.535065 	14.764823 	60.207973 	22.803509 	104.560989 	57.280014 	103.469803 	94.201912 	67.208633 	10.816654 	14.866069 	32.893768 	47.518417 	46.529560 	7.211102 	117.046997 	15.811388 	73.552704 	26.076809 	2.236068 	999.000000 	40.521599 	6.324555 	21.470911 	10.770329 	92.021736 	40.804413 	109.018349 	66.068146 	28.231188 	101.414986 	117.413795 	15.264338 	41.182522 	41.785164 	32.202484 	68.410522 	94.762863 	18.601076 	122.413231 	43.081318 	32.649654 	19.416489 	12.806249 	41.629318 	72.801102 	26.925823 	114.214706 	34.985710 	85.276024 	76.609398 	61.773781 	
141.873184 	31.622776 	96.834908 	60.415230 	137.887634 	94.578011 	137.186005 	128.887543 	104.043259 	49.244289 	53.712196 	23.409399 	8.944272 	8.062258 	46.238514 	149.966660 	55.713554 	110.941429 	65.924202 	42.720020 	40.521599 	999.000000 	46.840153 	61.684681 	51.244511 	128.226364 	1.000000 	143.683685 	104.446159 	13.000000 	137.000000 	151.327454 	26.172504 	81.154175 	4.000000 	10.440307 	107.042046 	131.400146 	24.000000 	156.272202 	5.099020 	10.770329 	59.908264 	31.016125 	6.082763 	111.507851 	67.446274 	149.576065 	11.401754 	123.490891 	115.485931 	101.636604 	
105.990562 	19.646883 	54.817879 	17.888544 	99.644371 	51.739735 	98.478424 	89.050545 	61.717098 	7.000000 	9.848858 	38.078865 	53.758720 	52.773098 	4.472136 	112.160599 	9.899495 	67.896980 	20.000000 	4.123106 	6.324555 	46.840153 	999.000000 	15.264338 	4.472136 	86.556343 	47.127487 	103.812332 	60.207973 	34.539833 	96.046867 	112.329872 	21.470911 	34.985710 	48.104053 	38.483765 	62.481998 	89.196411 	24.698177 	117.324333 	49.396355 	38.910152 	13.152946 	18.439089 	47.927029 	66.843102 	20.615528 	108.853111 	41.182522 	79.397736 	70.604530 	55.569775 	
93.407707 	32.140316 	40.816662 	9.433981 	86.313385 	37.443291 	85.000000 	75.292763 	47.434166 	13.038404 	9.055386 	50.009998 	68.154236 	67.186310 	15.524175 	98.838249 	6.082763 	53.263496 	5.000000 	19.235384 	21.470911 	61.684681 	15.264338 	999.000000 	10.816654 	72.201111 	62.032249 	89.888817 	45.254833 	49.658836 	81.841309 	98.615417 	36.715118 	19.723083 	63.158531 	53.665630 	47.423622 	74.652527 	39.962482 	103.585716 	64.474800 	54.120235 	6.000000 	33.600594 	63.071388 	51.739735 	7.615773 	94.625580 	56.435802 	64.381676 	55.443665 	40.311287 	
102.459747 	23.194826 	50.803543 	14.560220 	95.880135 	47.634022 	94.667839 	85.146935 	57.628117 	6.403124 	7.000000 	41.593269 	58.051701 	57.070133 	6.324555 	108.406639 	5.830952 	63.702435 	15.620500 	8.544003 	10.770329 	51.244511 	4.472136 	10.816654 	999.000000 	82.462112 	51.546097 	99.864906 	55.901699 	39.000000 	92.005432 	108.452751 	25.942244 	30.528675 	52.554733 	42.953465 	58.137768 	85.041168 	29.154760 	113.441612 	53.851646 	43.382023 	9.000000 	22.803509 	52.392746 	62.481998 	16.278820 	104.809349 	45.650848 	75.073296 	66.219330 	51.107731 	
30.364452 	96.674713 	31.827662 	69.310890 	19.416489 	34.828148 	17.262676 	8.602325 	24.839485 	81.344948 	77.155685 	109.077957 	132.310242 	131.487640 	84.899940 	30.066593 	76.694199 	19.235384 	67.201187 	89.938866 	92.021736 	128.226364 	86.556343 	72.201111 	82.462112 	999.000000 	128.844864 	18.681541 	28.231188 	118.258194 	9.848858 	27.892651 	106.775467 	54.589375 	130.728729 	122.494896 	27.202942 	4.000000 	110.317726 	32.572994 	132.136292 	123.166557 	77.103828 	104.804581 	131.244049 	24.331051 	70.830788 	22.472204 	125.936493 	14.560220 	23.000000 	38.832977 	
142.635895 	32.202484 	97.416634 	60.901562 	138.600143 	95.131485 	137.887634 	129.556931 	104.623131 	49.658836 	54.129475 	24.351591 	9.433981 	8.602325 	46.615448 	150.695053 	56.080299 	111.503365 	66.309875 	43.011627 	40.804413 	1.000000 	47.127487 	62.032249 	51.546097 	128.844864 	999.000000 	144.360657 	104.957130 	13.038404 	137.644470 	152.029602 	26.305893 	81.541397 	3.000000 	10.198039 	107.540688 	132.003784 	24.020824 	156.977707 	4.123106 	10.440307 	60.166435 	31.064449 	5.099020 	112.004463 	67.720009 	150.233154 	10.816654 	124.020157 	115.974136 	102.044106 	
17.804493 	112.432205 	49.091751 	86.214851 	9.055386 	52.478565 	8.062258 	14.866069 	42.544094 	98.234413 	94.201912 	123.405838 	147.122391 	146.348892 	101.828285 	12.369317 	94.047859 	37.696156 	84.905830 	107.004669 	109.018349 	143.683685 	103.812332 	89.888817 	99.864906 	18.681541 	144.360657 	999.000000 	46.818798 	134.380051 	9.055386 	9.219544 	123.434196 	72.917763 	146.413803 	138.621780 	45.880280 	18.027756 	127.015747 	13.928389 	147.827606 	139.344894 	95.015785 	121.823647 	147.085007 	42.953465 	89.005615 	7.071068 	142.214630 	32.015621 	41.303753 	57.489128 	
55.036350 	72.945183 	11.401754 	44.102154 	45.541191 	11.045361 	43.737854 	33.541019 	8.602325 	55.803226 	51.400391 	87.664131 	109.567329 	108.673820 	59.203041 	57.489128 	50.328918 	9.219544 	40.311287 	63.890530 	66.068146 	104.446159 	60.207973 	45.254833 	55.901699 	28.231188 	104.957130 	46.818798 	999.000000 	93.477272 	38.078865 	55.973209 	81.215759 	26.627054 	106.531685 	97.652443 	3.000000 	30.016663 	84.646324 	60.745369 	107.912003 	98.229324 	49.678970 	78.644768 	106.780151 	7.280110 	43.011627 	50.537113 	100.801788 	19.209373 	11.401754 	12.369317 	
133.809570 	22.203604 	86.556343 	49.406479 	129.073624 	84.023804 	128.222458 	119.519875 	93.723000 	37.735924 	42.190044 	22.561028 	21.377558 	20.396078 	34.481880 	141.354172 	43.829212 	100.424103 	54.120235 	30.463093 	28.231188 	13.000000 	34.539833 	49.658836 	39.000000 	118.258194 	13.038404 	134.380051 	93.477272 	999.000000 	127.310646 	142.341141 	13.341664 	69.318108 	13.601471 	4.242640 	95.963531 	121.264175 	11.000000 	147.322769 	14.866069 	5.000000 	47.434166 	18.027756 	13.416408 	100.404182 	55.027267 	140.014282 	8.062258 	112.645462 	104.307236 	89.894379 	
23.853722 	105.550934 	41.231056 	78.644768 	12.806249 	44.407207 	10.630146 	9.219544 	34.409302 	90.686272 	86.556343 	117.324333 	140.801285 	140.000000 	94.260277 	21.095022 	86.214851 	29.068884 	76.843994 	99.357941 	101.414986 	137.000000 	96.046867 	81.841309 	92.005432 	9.848858 	137.644470 	9.055386 	38.078865 	127.310646 	999.000000 	18.248287 	116.043098 	64.412735 	139.603012 	131.552277 	37.000000 	9.000000 	119.603508 	22.803509 	141.014191 	132.245987 	86.821655 	114.214706 	140.185593 	33.955853 	80.622574 	12.806249 	135.059250 	23.000000 	32.249031 	48.507732 	
16.124516 	120.282997 	57.801384 	94.625580 	13.601471 	61.294373 	14.142136 	23.323807 	51.429562 	106.606750 	102.649887 	130.598618 	154.466827 	153.717270 	110.208893 	5.830952 	102.625534 	46.818798 	93.648277 	115.433968 	117.413795 	151.327454 	112.329872 	98.615417 	108.452751 	27.892651 	152.029602 	9.219544 	55.973209 	142.341141 	18.248287 	999.000000 	131.654846 	81.939003 	154.155762 	146.577621 	55.081757 	27.166155 	135.247925 	5.000000 	155.569916 	147.322769 	103.831596 	130.207520 	154.896744 	52.172791 	97.943863 	9.433981 	150.233154 	41.109608 	50.487621 	66.708321 	
124.020157 	15.000000 	74.953316 	37.483330 	118.600166 	72.180328 	117.613777 	108.577164 	82.036575 	25.495098 	29.832869 	26.172504 	34.014702 	33.015148 	22.022715 	131.015259 	31.064449 	88.526833 	41.340054 	17.492855 	15.264338 	26.172504 	21.470911 	36.715118 	25.942244 	106.775467 	26.305893 	123.434196 	81.215759 	13.341664 	116.043098 	131.654846 	999.000000 	56.435802 	26.925823 	17.088007 	83.600243 	109.622078 	3.605551 	136.652847 	28.160255 	17.464249 	34.176014 	5.385165 	26.570660 	88.005684 	41.785164 	128.817703 	19.723083 	100.424103 	91.836815 	77.025970 	
78.854294 	50.695168 	25.317978 	22.090721 	70.519501 	21.377558 	68.949257 	58.872746 	30.675724 	31.953091 	27.513634 	67.601776 	87.281158 	86.330757 	34.928497 	82.873398 	25.495098 	35.355339 	15.231546 	38.948685 	41.182522 	81.154175 	34.985710 	19.723083 	30.528675 	54.589375 	81.541397 	72.917763 	26.627054 	69.318108 	64.412735 	81.939003 	56.435802 	999.000000 	82.764725 	73.355301 	28.425341 	56.603886 	59.682495 	86.815895 	84.095184 	73.824112 	23.345236 	53.254108 	82.734512 	32.557640 	16.401220 	77.025970 	76.157730 	45.343136 	36.069378 	20.591261 	
144.941360 	34.058773 	99.201813 	62.433964 	140.758652 	96.834908 	140.014282 	131.590271 	106.400185 	51.000000 	55.470715 	27.202942 	11.313708 	10.630146 	47.853943 	152.898666 	57.271286 	113.225441 	67.542580 	44.011364 	41.785164 	4.000000 	48.104053 	63.158531 	52.554733 	130.728729 	3.000000 	146.413803 	106.531685 	13.601471 	139.603012 	154.155762 	26.925823 	82.764725 	999.000000 	10.049875 	109.077957 	133.843185 	24.331051 	159.113174 	1.414214 	10.000000 	61.032780 	31.400637 	2.236068 	113.534134 	68.622154 	152.226807 	9.486833 	125.642349 	117.477661 	103.315056 	
138.003616 	26.400757 	90.785461 	53.600372 	133.304169 	88.238312 	132.457535 	123.761871 	97.948967 	41.880783 	46.324940 	25.079872 	19.313208 	18.384777 	38.587563 	145.578156 	47.885281 	104.637466 	58.180752 	34.438351 	32.202484 	10.440307 	38.483765 	53.665630 	42.953465 	122.494896 	10.198039 	138.621780 	97.652443 	4.242640 	131.552277 	146.577621 	17.088007 	73.355301 	10.049875 	999.000000 	100.124924 	125.495018 	14.317822 	151.558563 	11.180340 	1.000000 	51.264023 	21.377558 	9.486833 	104.560989 	58.872746 	144.256714 	4.123106 	116.828934 	108.452751 	93.941475 	
55.009090 	75.591003 	14.317822 	46.647614 	45.177429 	14.035668 	43.289722 	33.136082 	10.630146 	58.249462 	53.823788 	90.476517 	112.258629 	111.359779 	61.611687 	56.885849 	52.630791 	9.055386 	42.520584 	66.219330 	68.410522 	107.042046 	62.481998 	47.423622 	58.137768 	27.202942 	107.540688 	45.880280 	3.000000 	95.963531 	37.000000 	55.081757 	83.600243 	28.425341 	109.077957 	100.124924 	999.000000 	28.635643 	87.005745 	59.774578 	110.453613 	100.687637 	51.662365 	80.919716 	109.293182 	4.472136 	44.821869 	49.244289 	103.227905 	16.970562 	8.544003 	12.000000 	
31.780497 	99.809822 	34.713108 	72.138756 	20.615528 	37.483330 	18.384777 	11.401754 	27.586229 	84.148682 	79.906197 	112.507774 	135.624481 	134.792435 	87.681244 	30.066593 	79.309517 	21.400934 	69.656296 	92.655273 	94.762863 	131.400146 	89.196411 	74.652527 	85.041168 	4.000000 	132.003784 	18.027756 	30.016663 	121.264175 	9.000000 	27.166155 	109.622078 	56.603886 	133.843185 	125.495018 	28.635643 	999.000000 	113.145920 	31.575306 	135.247925 	126.150703 	79.404030 	107.517441 	134.316788 	25.298222 	72.945183 	20.615528 	128.887543 	14.000000 	23.345236 	39.849716 	
127.624451 	18.110771 	78.492035 	41.012192 	122.200653 	75.690155 	121.210564 	112.160599 	85.562843 	29.000000 	33.301651 	27.202942 	32.249031 	31.257000 	25.495098 	134.617981 	34.409302 	92.021736 	44.654228 	20.808653 	18.601076 	24.000000 	24.698177 	39.962482 	29.154760 	110.317726 	24.020824 	127.015747 	84.646324 	11.000000 	119.603508 	135.247925 	3.605551 	59.682495 	24.331051 	14.317822 	87.005745 	113.145920 	999.000000 	140.246216 	25.495098 	14.560220 	37.161808 	7.071068 	23.769728 	91.400215 	44.777225 	132.382019 	16.552946 	103.855667 	95.210297 	80.262070 	
19.104973 	125.255737 	62.769421 	99.624290 	18.439089 	66.241982 	19.104973 	28.301943 	56.356010 	111.606453 	107.647575 	135.473251 	159.364365 	158.619034 	115.208504 	8.062258 	107.615051 	51.623638 	98.615417 	120.432556 	122.413231 	156.272202 	117.324333 	103.585716 	113.441612 	32.572994 	156.977707 	13.928389 	60.745369 	147.322769 	22.803509 	5.000000 	136.652847 	86.815895 	159.113174 	151.558563 	59.774578 	31.575306 	140.246216 	999.000000 	160.527252 	152.305618 	108.784187 	135.207245 	159.862442 	56.753853 	102.859123 	12.165525 	155.219193 	45.398239 	54.918121 	71.309189 	
146.348892 	35.468296 	100.603180 	63.812225 	142.172424 	98.229324 	141.428421 	133.003754 	107.800743 	52.354561 	56.824291 	28.460499 	11.401754 	10.816654 	49.193497 	154.311371 	58.600342 	114.621117 	68.876701 	45.310043 	43.081318 	5.099020 	49.396355 	64.474800 	53.851646 	132.136292 	4.123106 	147.827606 	107.912003 	14.866069 	141.014191 	155.569916 	28.160255 	84.095184 	1.414214 	11.180340 	110.453613 	135.247925 	25.495098 	160.527252 	999.000000 	11.045361 	62.297672 	32.557640 	2.236068 	114.908661 	69.892776 	153.639191 	10.198039 	127.027557 	118.848640 	104.651802 	
138.809219 	27.202942 	91.438507 	54.203320 	134.063416 	88.865067 	133.206604 	124.482933 	98.595131 	42.438190 	46.872166 	26.076809 	19.697716 	18.788294 	39.115215 	146.348892 	48.373547 	105.261581 	58.668560 	34.885529 	32.649654 	10.770329 	38.910152 	54.120235 	43.382023 	123.166557 	10.440307 	139.344894 	98.229324 	5.000000 	132.245987 	147.322769 	17.464249 	73.824112 	10.000000 	1.000000 	100.687637 	126.150703 	14.560220 	152.305618 	11.045361 	999.000000 	51.623638 	21.587032 	9.219544 	105.118980 	59.236813 	144.958618 	3.162278 	117.413795 	109.000000 	94.413979 	
99.020203 	32.140316 	46.065170 	14.866069 	91.706055 	42.544094 	90.338257 	80.529495 	52.478565 	13.928389 	11.401754 	50.487621 	66.910385 	65.924202 	15.132746 	104.216118 	7.810250 	58.008621 	10.440307 	17.262676 	19.416489 	59.908264 	13.152946 	6.000000 	9.000000 	77.103828 	60.166435 	95.015785 	49.678970 	47.434166 	86.821655 	103.831596 	34.176014 	23.345236 	61.032780 	51.264023 	51.662365 	79.404030 	37.161808 	108.784187 	62.297672 	51.623638 	999.000000 	30.413813 	60.745369 	55.865910 	7.615773 	99.569069 	53.712196 	68.622154 	59.413803 	43.600460 	
123.166557 	17.720045 	73.000000 	35.608986 	117.324333 	70.035706 	116.249733 	107.004669 	79.981247 	23.600847 	27.658634 	31.144823 	39.115215 	38.118237 	20.000000 	129.799850 	28.319605 	86.267029 	38.418747 	14.866069 	12.806249 	31.016125 	18.439089 	33.600594 	22.803509 	104.804581 	31.064449 	121.823647 	78.644768 	18.027756 	114.214706 	130.207520 	5.385165 	53.254108 	31.400637 	21.377558 	80.919716 	107.517441 	7.071068 	135.207245 	32.557640 	21.587032 	30.413813 	999.000000 	30.805843 	85.276024 	38.013157 	127.015747 	23.409399 	97.836601 	89.022469 	73.783470 	
145.866379 	34.655445 	99.639351 	62.681736 	141.534454 	97.200821 	140.758652 	132.245987 	106.826965 	51.107731 	55.569775 	28.861740 	13.453624 	12.806249 	47.885281 	153.717270 	57.245087 	113.600174 	67.535179 	43.863426 	41.629318 	6.082763 	47.927029 	63.071388 	52.392746 	131.244049 	5.099020 	147.085007 	106.780151 	13.416408 	140.185593 	154.896744 	26.570660 	82.734512 	2.236068 	9.486833 	109.293182 	134.316788 	23.769728 	159.862442 	2.236068 	9.219544 	60.745369 	30.805843 	999.000000 	113.740936 	68.352028 	152.839783 	8.062258 	125.924583 	117.660530 	103.310211 	
53.235325 	80.062477 	18.027756 	51.107731 	43.000000 	18.248287 	41.012192 	31.016125 	13.000000 	62.681736 	58.249462 	94.921021 	116.730461 	115.831772 	66.030296 	54.332310 	57.008770 	8.602325 	46.861500 	70.604530 	72.801102 	111.507851 	66.843102 	51.739735 	62.481998 	24.331051 	112.004463 	42.953465 	7.280110 	100.404182 	33.955853 	52.172791 	88.005684 	32.557640 	113.534134 	104.560989 	4.472136 	25.298222 	91.400215 	56.753853 	114.908661 	105.118980 	55.865910 	85.276024 	113.740936 	999.000000 	48.918301 	45.880280 	107.647575 	12.806249 	4.123106 	14.560220 	
93.962761 	39.000000 	40.496914 	16.278820 	86.162636 	36.769554 	84.693565 	74.732857 	46.518814 	20.099751 	16.492422 	57.140179 	74.330345 	73.348480 	22.022715 	98.615417 	13.152946 	51.623638 	8.062258 	24.738634 	26.925823 	67.446274 	20.615528 	7.615773 	16.278820 	70.830788 	67.720009 	89.005615 	43.011627 	55.027267 	80.622574 	97.943863 	41.785164 	16.401220 	68.622154 	58.872746 	44.821869 	72.945183 	44.777225 	102.859123 	69.892776 	59.236813 	7.615773 	38.013157 	68.352028 	48.918301 	999.000000 	93.295227 	61.326992 	61.717098 	52.345009 	36.235340 	
23.259407 	118.190521 	54.037025 	91.438507 	16.000000 	57.201397 	15.132746 	20.808653 	47.201694 	103.479469 	99.357941 	129.618668 	153.222061 	152.433594 	107.056061 	14.866069 	99.020203 	41.677334 	89.627007 	112.160599 	114.214706 	149.576065 	108.853111 	94.625580 	104.809349 	22.472204 	150.233154 	7.071068 	50.537113 	140.014282 	12.806249 	9.433981 	128.817703 	77.025970 	152.226807 	144.256714 	49.244289 	20.615528 	132.382019 	12.165525 	153.639191 	144.958618 	99.569069 	127.015747 	152.839783 	45.880280 	93.295227 	999.000000 	147.787003 	33.955853 	43.680660 	60.406952 	
141.823837 	30.232433 	94.175369 	56.850681 	137.000000 	91.547798 	136.124939 	127.349915 	101.316338 	45.000000 	49.406479 	29.017237 	20.248457 	19.416489 	41.617306 	149.305054 	50.774010 	107.935165 	61.057350 	37.215588 	34.985710 	11.401754 	41.182522 	56.435802 	45.650848 	125.936493 	10.816654 	142.214630 	100.801788 	8.062258 	135.059250 	150.233154 	19.723083 	76.157730 	9.486833 	4.123106 	103.227905 	128.887543 	16.552946 	155.219193 	10.198039 	3.162278 	53.712196 	23.409399 	8.062258 	107.647575 	61.326992 	147.787003 	999.000000 	120.000000 	111.503365 	96.747093 	
44.922153 	91.923882 	27.513634 	63.245552 	33.955853 	29.068884 	31.780497 	22.847319 	20.615528 	75.000000 	70.604530 	106.103722 	128.413391 	127.534309 	78.409180 	44.045429 	69.526970 	13.341664 	59.464275 	83.096329 	85.276024 	123.490891 	79.397736 	64.381676 	75.073296 	14.560220 	124.020157 	32.015621 	19.209373 	112.645462 	23.000000 	41.109608 	100.424103 	45.343136 	125.642349 	116.828934 	16.970562 	14.000000 	103.855667 	45.398239 	127.027557 	117.413795 	68.622154 	97.836601 	125.924583 	12.806249 	61.717098 	33.955853 	120.000000 	999.000000 	9.848858 	26.832815 	
52.773098 	84.077347 	22.000000 	55.072678 	42.190044 	22.360680 	40.112343 	30.413813 	16.492422 	66.573265 	62.128899 	99.020203 	120.768372 	119.866592 	69.892776 	53.037724 	60.802959 	10.816654 	50.606323 	74.404305 	76.609398 	115.485931 	70.604530 	55.443665 	66.219330 	23.000000 	115.974136 	41.303753 	11.401754 	104.307236 	32.249031 	50.487621 	91.836815 	36.069378 	117.477661 	108.452751 	8.544003 	23.345236 	95.210297 	54.918121 	118.848640 	109.000000 	59.413803 	89.022469 	117.660530 	4.123106 	52.345009 	43.680660 	111.503365 	9.848858 	999.000000 	17.000000 	
67.007462 	70.837845 	20.518284 	41.761227 	57.140179 	17.804493 	55.226807 	45.099888 	20.615528 	52.392746 	47.927029 	87.097649 	107.563934 	106.625511 	55.461697 	68.731361 	46.065170 	21.023796 	35.777088 	59.539902 	61.773781 	101.636604 	55.569775 	40.311287 	51.107731 	38.832977 	102.044106 	57.489128 	12.369317 	89.894379 	48.507732 	66.708321 	77.025970 	20.591261 	103.315056 	93.941475 	12.000000 	39.849716 	80.262070 	71.309189 	104.651802 	94.413979 	43.600460 	73.783470 	103.310211 	14.560220 	36.235340 	60.406952 	96.747093 	26.832815 	17.000000 	999.000000 	

Travel time:
9.000000 	2.790161 	1.340009 	2.202555 	0.279509 	1.437228 	0.335410 	0.559017 	1.212693 	2.494118 	2.403773 	3.005412 	3.606938 	3.589655 	2.583844 	0.276134 	2.416609 	1.150000 	2.215006 	2.717651 	2.763377 	3.546830 	2.649764 	2.335193 	2.561494 	0.759111 	3.565897 	0.445112 	1.375909 	3.345239 	0.596343 	0.403113 	3.100504 	1.971357 	3.623534 	3.450090 	1.375227 	0.794512 	3.190611 	0.477624 	3.658722 	3.470231 	2.475505 	3.079164 	3.646659 	1.330883 	2.349069 	0.581485 	3.545596 	1.123054 	1.319327 	1.675187 	
2.790161 	9.000000 	1.630376 	0.728869 	2.674065 	1.574206 	2.653771 	2.439775 	1.810559 	0.477624 	0.583631 	0.460977 	0.919239 	0.896172 	0.425735 	2.980143 	0.651920 	1.983053 	0.892328 	0.403887 	0.369121 	0.790569 	0.491172 	0.803508 	0.579871 	2.416868 	0.805062 	2.810805 	1.823630 	0.555090 	2.638773 	3.007075 	0.375000 	1.267379 	0.851469 	0.660019 	1.889775 	2.495245 	0.452769 	3.131393 	0.886707 	0.680074 	0.803508 	0.443001 	0.866386 	2.001562 	0.975000 	2.954763 	0.755811 	2.298097 	2.101934 	1.770946 	
1.340009 	1.630376 	9.000000 	0.937083 	1.142366 	0.100000 	1.107080 	0.862047 	0.180278 	1.237942 	1.133578 	1.968026 	2.533895 	2.512469 	1.326885 	1.454519 	1.125000 	0.357946 	0.896172 	1.453444 	1.505199 	2.420873 	1.370447 	1.020416 	1.270089 	0.795692 	2.435416 	1.227294 	0.285044 	2.163908 	1.030776 	1.445035 	1.873833 	0.632949 	2.480045 	2.269637 	0.357946 	0.867828 	1.962301 	1.569236 	2.515079 	2.285963 	1.151629 	1.825000 	2.490984 	0.450694 	1.012423 	1.350926 	2.354384 	0.687841 	0.550000 	0.512957 	
2.202555 	0.728869 	0.937083 	9.000000 	2.045880 	0.867828 	2.017734 	1.785007 	1.113833 	0.301040 	0.201556 	1.138530 	1.648105 	1.625000 	0.390512 	2.358495 	0.226385 	1.277204 	0.223607 	0.520216 	0.570088 	1.510381 	0.447214 	0.235850 	0.364006 	1.732772 	1.522539 	2.155371 	1.102554 	1.235162 	1.966119 	2.365639 	0.937083 	0.552268 	1.560849 	1.340009 	1.166190 	1.803469 	1.025305 	2.490607 	1.595306 	1.355083 	0.371652 	0.890225 	1.567043 	1.277693 	0.406971 	2.285963 	1.421267 	1.581139 	1.376817 	1.044031 	
0.279509 	2.674065 	1.142366 	2.045880 	9.000000 	1.234909 	0.055902 	0.301040 	0.996243 	2.343608 	2.247221 	2.925854 	3.523226 	3.504640 	2.433747 	0.313249 	2.251250 	0.908639 	2.034853 	2.565638 	2.614025 	3.447191 	2.491109 	2.157835 	2.397003 	0.485412 	3.465003 	0.226385 	1.138530 	3.226840 	0.320156 	0.340037 	2.965004 	1.762987 	3.518966 	3.332604 	1.129436 	0.515388 	3.055016 	0.460977 	3.554311 	3.351585 	2.292651 	2.933108 	3.538361 	1.075000 	2.154066 	0.400000 	3.425000 	0.848896 	1.054751 	1.428504 	
1.437228 	1.574206 	0.100000 	0.867828 	1.234909 	9.000000 	1.198176 	0.950329 	0.250000 	1.167262 	1.060660 	1.926947 	2.484074 	2.462214 	1.255239 	1.546165 	1.046721 	0.410031 	0.811249 	1.379311 	1.432000 	2.364450 	1.293493 	0.936082 	1.190850 	0.870704 	2.378287 	1.311964 	0.276134 	2.100595 	1.110180 	1.532359 	1.804508 	0.534439 	2.420873 	2.205958 	0.350892 	0.937083 	1.892254 	1.656049 	2.455733 	2.221627 	1.063602 	1.750893 	2.430021 	0.456207 	0.919239 	1.430035 	2.288695 	0.726722 	0.559017 	0.445112 	
0.335410 	2.653771 	1.107080 	2.017734 	0.055902 	1.198176 	9.000000 	0.254951 	0.956883 	2.316382 	2.218812 	2.912902 	3.508917 	3.490075 	2.406502 	0.348210 	2.220923 	0.863134 	2.001562 	2.537838 	2.586745 	3.429650 	2.461961 	2.125000 	2.366696 	0.431567 	3.447191 	0.201556 	1.093446 	3.205561 	0.265754 	0.353553 	2.940344 	1.723731 	3.500357 	3.311438 	1.082243 	0.459619 	3.030264 	0.477624 	3.535711 	3.330165 	2.258456 	2.906243 	3.518966 	1.025305 	2.117339 	0.378319 	3.403123 	0.794512 	1.002809 	1.380670 	
0.559017 	2.439775 	0.862047 	1.785007 	0.301040 	0.950329 	0.254951 	9.000000 	0.705780 	2.085216 	1.985101 	2.720294 	3.310966 	3.291371 	2.175144 	0.601041 	1.983053 	0.608276 	1.758195 	2.305022 	2.355048 	3.222188 	2.226264 	1.882319 	2.128673 	0.215058 	3.238923 	0.371652 	0.838525 	2.987997 	0.230489 	0.583095 	2.714429 	1.471819 	3.289757 	3.094047 	0.828402 	0.285044 	2.804015 	0.707549 	3.325094 	3.112073 	2.013237 	2.675117 	3.306150 	0.775403 	1.868321 	0.520216 	3.183748 	0.571183 	0.760345 	1.127497 	
1.212693 	1.810559 	0.180278 	1.113833 	0.996243 	0.250000 	0.956883 	0.705780 	9.000000 	1.414214 	1.308625 	2.146654 	2.713969 	2.692582 	1.502706 	1.305038 	1.296389 	0.182003 	1.060955 	1.627882 	1.680216 	2.601081 	1.542928 	1.185854 	1.440703 	0.620987 	2.615578 	1.063602 	0.215058 	2.343075 	0.860233 	1.285739 	2.050914 	0.766893 	2.660005 	2.448724 	0.265754 	0.689656 	2.139071 	1.408900 	2.695019 	2.464878 	1.311964 	1.999531 	2.670674 	0.325000 	1.162970 	1.180042 	2.532908 	0.515388 	0.412311 	0.515388 	
2.494118 	0.477624 	1.237942 	0.301040 	2.343608 	1.167262 	2.316382 	2.085216 	1.414214 	9.000000 	0.111803 	0.926350 	1.384061 	1.360147 	0.090139 	2.655772 	0.175000 	1.575794 	0.419076 	0.223607 	0.270416 	1.231107 	0.175000 	0.325960 	0.160078 	2.033624 	1.241471 	2.455860 	1.395081 	0.943398 	2.267157 	2.665169 	0.637377 	0.798827 	1.275000 	1.047020 	1.456237 	2.103717 	0.725000 	2.790161 	1.308864 	1.060955 	0.348210 	0.590021 	1.277693 	1.567043 	0.502494 	2.586987 	1.125000 	1.875000 	1.664332 	1.309819 	
2.403773 	0.583631 	1.133578 	0.201556 	2.247221 	1.060660 	2.218812 	1.985101 	1.308625 	0.111803 	9.000000 	1.025000 	1.494365 	1.470544 	0.195256 	2.559907 	0.090139 	1.468205 	0.309233 	0.320156 	0.371652 	1.342805 	0.246221 	0.226385 	0.175000 	1.928892 	1.353237 	2.355048 	1.285010 	1.054751 	2.163908 	2.566247 	0.745822 	0.687841 	1.386768 	1.158123 	1.345595 	1.997655 	0.832541 	2.691189 	1.420607 	1.171804 	0.285044 	0.691466 	1.389244 	1.456237 	0.412311 	2.483948 	1.235162 	1.765113 	1.553222 	1.198176 	
3.005412 	0.460977 	1.968026 	1.138530 	2.925854 	1.926947 	2.912902 	2.720294 	2.146654 	0.926350 	1.025000 	9.000000 	0.602080 	0.585769 	0.883883 	3.220443 	1.101136 	2.325941 	1.327121 	0.862047 	0.822344 	0.585235 	0.951972 	1.250250 	1.039832 	2.726949 	0.608790 	3.085146 	2.191603 	0.564026 	2.933108 	3.264966 	0.654313 	1.690044 	0.680074 	0.626997 	2.261913 	2.812694 	0.680074 	3.386831 	0.711512 	0.651920 	1.262191 	0.778621 	0.721543 	2.373025 	1.428504 	3.240467 	0.725431 	2.652593 	2.475505 	2.177441 	
3.606938 	0.919239 	2.533895 	1.648105 	3.523226 	2.484074 	3.508917 	3.310966 	2.713969 	1.384061 	1.494365 	0.602080 	9.000000 	0.025000 	1.315770 	3.819849 	1.552418 	2.890069 	1.803122 	1.241219 	1.187960 	0.223607 	1.343968 	1.703856 	1.451293 	3.307756 	0.235850 	3.678060 	2.739183 	0.534439 	3.520032 	3.861671 	0.850368 	2.182029 	0.282843 	0.482830 	2.806466 	3.390612 	0.806226 	3.984109 	0.285044 	0.492443 	1.672760 	0.977880 	0.336341 	2.918262 	1.858259 	3.830552 	0.506211 	3.210335 	3.019209 	2.689098 	
3.589655 	0.896172 	2.512469 	1.625000 	3.504640 	2.462214 	3.490075 	3.291371 	2.692582 	1.360147 	1.470544 	0.585769 	0.025000 	9.000000 	1.291559 	3.801727 	1.528275 	2.868471 	1.779220 	1.216552 	1.163239 	0.201556 	1.319327 	1.679658 	1.426753 	3.287191 	0.215058 	3.658722 	2.716846 	0.509902 	3.500000 	3.842932 	0.825379 	2.158269 	0.265754 	0.459619 	2.783994 	3.369811 	0.781425 	3.965476 	0.270416 	0.469707 	1.648105 	0.952956 	0.320156 	2.895794 	1.833712 	3.810840 	0.485412 	3.188358 	2.996665 	2.665638 	
2.583844 	0.425735 	1.326885 	0.390512 	2.433747 	1.255239 	2.406502 	2.175144 	1.502706 	0.090139 	0.195256 	0.883883 	1.315770 	1.291559 	9.000000 	2.745906 	0.237171 	1.663205 	0.492443 	0.134629 	0.180278 	1.155963 	0.111803 	0.388104 	0.158114 	2.122499 	1.165386 	2.545707 	1.480076 	0.862047 	2.356507 	2.755222 	0.550568 	0.873212 	1.196349 	0.964689 	1.540292 	2.192031 	0.637377 	2.880213 	1.229837 	0.977880 	0.378319 	0.500000 	1.197132 	1.650757 	0.550568 	2.676402 	1.040433 	1.960230 	1.747319 	1.386542 	
0.276134 	2.980143 	1.454519 	2.358495 	0.313249 	1.546165 	0.348210 	0.601041 	1.305038 	2.655772 	2.559907 	3.220443 	3.819849 	3.801727 	2.745906 	9.000000 	2.564420 	1.206752 	2.347871 	2.878042 	2.926175 	3.749166 	2.804015 	2.470956 	2.710166 	0.751665 	3.767376 	0.309233 	1.437228 	3.533854 	0.527376 	0.145774 	3.275382 	2.071835 	3.822467 	3.639454 	1.422146 	0.751665 	3.365449 	0.201556 	3.857784 	3.658722 	2.605403 	3.244996 	3.842932 	1.358308 	2.465385 	0.371652 	3.732626 	1.101136 	1.325943 	1.718284 	
2.416609 	0.651920 	1.125000 	0.226385 	2.251250 	1.046721 	2.220923 	1.983053 	1.296389 	0.175000 	0.090139 	1.101136 	1.552418 	1.528275 	0.237171 	2.564420 	9.000000 	1.450000 	0.257391 	0.340037 	0.395285 	1.392839 	0.247487 	0.152069 	0.145774 	1.917355 	1.402007 	2.351197 	1.258223 	1.095730 	2.155371 	2.565638 	0.776611 	0.637377 	1.431782 	1.197132 	1.315770 	1.982738 	0.860233 	2.690376 	1.465008 	1.209339 	0.195256 	0.707990 	1.431127 	1.425219 	0.328824 	2.475505 	1.269350 	1.738174 	1.520074 	1.151629 	
1.150000 	1.983053 	0.357946 	1.277204 	0.908639 	0.410031 	0.863134 	0.608276 	0.182003 	1.575794 	1.468205 	2.325941 	2.890069 	2.868471 	1.663205 	1.206752 	1.450000 	9.000000 	1.206752 	1.785532 	1.838818 	2.773536 	1.697425 	1.331587 	1.592561 	0.480885 	2.787584 	0.942404 	0.230489 	2.510602 	0.726722 	1.170470 	2.213171 	0.883883 	2.830636 	2.615937 	0.226385 	0.535023 	2.300543 	1.290591 	2.865528 	2.631540 	1.450216 	2.156676 	2.840004 	0.215058 	1.290591 	1.041933 	2.698379 	0.333542 	0.270416 	0.525595 	
