Total assets = 540
Number of asset nodes = 33

Distance:
999.000000 	31.064449 	92.027168 	7.280110 	120.747673 	85.164543 	35.128338 	34.481880 	76.967529 	103.942291 	7.211102 	102.083298 	98.883774 	108.908218 	158.003159 	181.069046 	179.011169 	10.049875 	29.614185 	10.198039 	176.980225 	89.286057 	83.198555 	181.793839 	32.756680 	180.479919 	30.083218 	178.465683 	13.416408 	88.526833 	160.424438 	99.327744 	36.674240 	13.601471 	84.723076 	17.691807 	163.217651 	28.231188 	101.242287 	177.341476 	33.526108 	92.417534 	92.195442 	89.822044 	88.645363 	40.261642 	32.695564 	
31.064449 	999.000000 	62.609905 	34.205261 	92.913940 	55.154327 	6.403124 	15.033297 	49.203659 	77.336922 	27.294687 	75.286118 	71.840103 	82.328613 	132.966156 	158.521286 	156.204987 	34.176014 	8.246211 	31.384710 	153.912308 	59.236813 	52.810986 	159.154007 	9.055386 	157.492859 	10.198039 	155.219193 	28.653097 	58.189346 	135.148071 	69.462219 	10.295630 	30.886890 	54.120235 	24.207438 	137.974640 	13.928389 	71.309189 	153.574081 	12.041595 	61.983868 	61.684681 	59.203041 	57.974133 	14.422205 	15.033297 	
92.027168 	62.609905 	999.000000 	96.384644 	31.890438 	8.602325 	61.587337 	58.463665 	17.117243 	22.203604 	86.400230 	20.099751 	17.000000 	25.961510 	75.471848 	104.694794 	101.980392 	96.664368 	68.264191 	93.941475 	99.282425 	6.082763 	12.529964 	105.118980 	66.287254 	102.859123 	69.339745 	100.184830 	91.241440 	9.055386 	77.103828 	8.062258 	63.007935 	93.477272 	13.601471 	86.452301 	79.881165 	73.498299 	10.049875 	97.616600 	68.007355 	9.486833 	10.440307 	12.041595 	13.000000 	62.481998 	71.400284 	
7.280110 	34.205261 	96.384644 	999.000000 	125.781555 	89.196411 	37.215588 	40.000000 	81.884064 	109.293182 	14.317822 	107.377838 	104.100914 	114.280357 	163.835281 	187.384628 	185.283569 	3.162278 	31.016125 	5.000000 	183.207535 	93.300591 	86.977005 	188.095718 	34.000000 	186.724396 	31.016125 	184.664566 	9.433981 	92.347168 	166.207703 	103.464973 	38.000000 	8.485281 	88.323273 	15.231546 	169.011841 	28.284271 	105.342300 	183.447540 	34.132095 	96.166519 	95.880135 	93.407707 	92.179176 	41.109608 	32.557640 	
120.747673 	92.913940 	31.890438 	125.781555 	999.000000 	40.459858 	92.617493 	86.330757 	43.908997 	18.110771 	114.542572 	19.416489 	22.135944 	14.035668 	44.283180 	74.632431 	71.784401 	126.400162 	99.201813 	123.822456 	68.949257 	37.202152 	44.204071 	74.946648 	97.452553 	72.449982 	100.424103 	69.641945 	121.490738 	39.661064 	45.650848 	28.178005 	94.366310 	123.713379 	44.654228 	117.068359 	48.373547 	104.637466 	27.313000 	66.708321 	99.357941 	37.589893 	38.470768 	41.182522 	42.544094 	94.111633 	102.825096 	
85.164543 	55.154327 	8.602325 	89.196411 	40.459858 	999.000000 	53.712196 	52.345009 	15.000000 	30.083218 	79.831070 	27.892651 	24.515301 	34.176014 	84.059502 	113.159180 	110.462662 	89.319649 	60.415230 	86.539009 	107.782188 	4.123106 	4.123106 	113.595772 	58.309521 	111.364265 	61.400326 	108.706024 	83.671982 	4.472136 	85.702972 	14.317822 	54.918121 	85.906929 	6.082763 	78.714676 	88.481636 	65.513359 	16.155495 	106.174385 	59.908264 	8.246211 	8.544003 	7.810250 	7.810250 	54.203320 	63.245552 	
35.128338 	6.403124 	61.587337 	37.215588 	92.617493 	53.712196 	999.000000 	20.615528 	49.497475 	77.781746 	32.280025 	75.663727 	72.138756 	82.734512 	133.689941 	160.000000 	157.610275 	36.674240 	6.708204 	33.734257 	155.241745 	57.706154 	50.990196 	160.601990 	5.000000 	158.836395 	7.810250 	156.486420 	30.364452 	56.364883 	135.771866 	68.000000 	4.123106 	32.572994 	52.000000 	25.079872 	138.600143 	12.041595 	69.771057 	154.673843 	7.615773 	60.008331 	59.615433 	57.008770 	55.713554 	8.062258 	11.180340 	
34.481880 	15.033297 	58.463665 	40.000000 	86.330757 	52.345009 	20.615528 	999.000000 	42.720020 	69.462219 	28.231188 	67.601776 	64.412735 	74.431175 	123.846680 	147.868179 	145.691452 	41.109608 	23.021729 	38.897301 	143.544418 	56.435802 	51.039200 	148.553024 	24.083189 	147.085007 	25.019993 	144.958618 	37.643059 	56.142673 	126.210144 	66.098412 	24.738634 	39.698868 	53.000000 	34.985710 	129.015503 	28.284271 	68.066147 	143.627991 	27.073973 	60.133186 	60.074955 	58.008621 	57.000000 	28.460499 	30.000000 	
76.967529 	49.203659 	17.117243 	81.884064 	43.908997 	15.000000 	49.497475 	42.720020 	999.000000 	28.284271 	70.936592 	26.172504 	22.671568 	33.241539 	84.219948 	111.220505 	108.724419 	82.492424 	55.901699 	79.924965 	106.254410 	17.888544 	17.029387 	111.772087 	54.451813 	109.859001 	57.280014 	107.415085 	77.665955 	19.416489 	86.278618 	25.179358 	51.739735 	79.881165 	19.849434 	73.409805 	89.106674 	61.522354 	27.166155 	105.422958 	56.639210 	22.825424 	23.323807 	22.803509 	22.671568 	52.201534 	60.207973 	
103.942291 	77.336922 	22.203604 	109.293182 	18.110771 	30.083218 	77.781746 	69.462219 	28.284271 	999.000000 	97.529480 	2.236068 	5.830952 	5.000000 	55.973209 	83.725746 	81.123360 	110.113579 	84.172440 	107.647575 	78.549347 	28.284271 	34.205261 	84.219948 	82.734512 	82.152298 	85.562843 	79.611557 	105.603027 	31.257000 	58.000000 	23.537205 	79.981247 	107.800743 	35.693138 	101.533249 	60.827625 	89.805344 	24.041630 	77.420929 	84.899940 	31.000000 	32.000000 	34.058773 	35.128338 	80.280754 	88.459030 	
7.211102 	27.294687 	86.400230 	14.317822 	114.542572 	79.831070 	32.280025 	28.231188 	70.936592 	97.529480 	999.000000 	95.713112 	92.574295 	102.474388 	151.238220 	174.040222 	172.002914 	16.763054 	27.730848 	16.124516 	169.994110 	83.952370 	78.089691 	174.771286 	30.870699 	173.484863 	28.653097 	171.493439 	18.110771 	83.360664 	153.687988 	93.861603 	34.539833 	19.000000 	79.762146 	20.615528 	156.473633 	27.802877 	95.801880 	170.417130 	32.249031 	87.298340 	87.132080 	84.852814 	83.725746 	38.483765 	32.202484 	
102.083298 	75.286118 	20.099751 	107.377838 	19.416489 	27.892651 	75.663727 	67.601776 	26.172504 	2.236068 	95.713112 	999.000000 	3.605551 	7.071068 	58.137768 	85.959290 	83.354668 	108.166542 	82.073135 	105.683487 	80.777473 	26.172504 	32.015621 	86.452301 	80.610176 	84.380089 	83.450584 	81.835197 	103.600197 	29.154760 	60.141499 	21.840330 	77.833153 	105.801704 	33.541019 	99.488693 	62.968246 	87.692642 	22.472204 	79.630394 	82.758682 	29.017237 	30.016663 	32.015621 	33.060551 	78.102493 	86.313385 	
98.883774 	71.840103 	17.000000 	104.100914 	22.135944 	24.515301 	72.138756 	64.412735 	22.671568 	5.830952 	92.574295 	3.605551 	999.000000 	10.630146 	61.717098 	89.554451 	86.954010 	104.847511 	78.568443 	102.342560 	84.380089 	23.021729 	28.635643 	90.049988 	77.077881 	87.982956 	79.931221 	85.440041 	100.209778 	26.019224 	63.702435 	19.697716 	74.276512 	102.415817 	30.265491 	96.046867 	66.528191 	84.172440 	20.591261 	83.234612 	79.208588 	26.172504 	27.166155 	29.017237 	30.000000 	74.518456 	82.758682 	
108.908218 	82.328613 	25.961510 	114.280357 	14.035668 	34.176014 	82.734512 	74.431175 	33.241539 	5.000000 	102.474388 	7.071068 	10.630146 	999.000000 	51.088158 	79.177017 	76.537575 	115.108643 	89.140335 	112.645462 	73.925636 	32.015621 	38.275318 	79.649231 	87.681244 	77.524193 	90.520714 	74.946648 	110.602890 	34.928497 	53.075417 	26.019224 	84.899940 	112.800713 	39.560081 	106.526993 	55.901699 	94.762863 	26.172504 	72.670486 	89.827614 	34.234486 	35.227829 	37.483330 	38.639359 	85.146935 	93.380943 	
158.003159 	132.966156 	75.471848 	163.835281 	44.283180 	84.059502 	133.689941 	123.846680 	84.219948 	55.973209 	151.238220 	58.137768 	61.717098 	51.088158 	999.000000 	31.257000 	28.284271 	164.924225 	140.014282 	162.606888 	25.317978 	81.123360 	87.982956 	31.400637 	138.657852 	28.635643 	141.449631 	25.709921 	160.863297 	83.725746 	3.000000 	72.449982 	135.948517 	163.027603 	88.684837 	157.079605 	5.385165 	145.691452 	71.589104 	22.472204 	140.858078 	81.841309 	82.734512 	85.422478 	86.769814 	136.235092 	144.422989 	
181.069046 	158.521286 	104.694794 	187.384628 	74.632431 	113.159180 	160.000000 	147.868179 	111.220505 	83.725746 	174.040222 	85.959290 	89.554451 	79.177017 	31.257000 	999.000000 	3.000000 	188.809433 	166.027100 	186.724396 	6.000000 	110.571243 	117.200684 	1.000000 	165.000000 	3.605551 	167.609665 	6.324555 	185.456192 	113.318138 	31.016125 	102.528046 	162.631485 	187.544662 	118.186295 	182.222397 	29.017237 	171.816757 	101.843018 	10.770329 	167.409683 	111.789978 	112.720894 	115.316956 	116.619041 	163.367691 	171.011688 	
179.011169 	156.204987 	101.980392 	185.283569 	71.784401 	110.462662 	157.610275 	145.691452 	108.724419 	81.123360 	172.002914 	83.354668 	86.954010 	76.537575 	28.284271 	3.000000 	999.000000 	186.676193 	163.670395 	184.567062 	3.000000 	107.837845 	114.494545 	3.162278 	162.609970 	2.000000 	165.239227 	3.605551 	183.251190 	110.571243 	28.017851 	99.724625 	160.206116 	185.348328 	115.451286 	179.961105 	26.019224 	169.452057 	99.020203 	8.062258 	165.000000 	109.004585 	109.931801 	112.538879 	113.846390 	160.897476 	168.600113 	
10.049875 	34.176014 	96.664368 	3.162278 	126.400162 	89.319649 	36.674240 	41.109608 	82.492424 	110.113579 	16.763054 	108.166542 	104.847511 	115.108643 	164.924225 	188.809433 	186.676193 	999.000000 	30.265491 	3.000000 	184.567062 	93.407707 	86.977005 	189.509888 	33.136082 	188.095718 	30.066593 	186.002686 	7.280110 	92.358002 	167.263260 	103.619499 	37.121422 	5.830952 	88.232651 	13.341664 	170.073517 	27.018513 	105.475113 	184.718704 	33.000000 	96.135323 	95.817535 	93.300591 	92.048897 	40.000000 	31.144823 	
29.614185 	8.246211 	68.264191 	31.016125 	99.201813 	60.415230 	6.708204 	23.021729 	55.901699 	84.172440 	27.730848 	82.073135 	78.568443 	89.140335 	140.014282 	166.027100 	163.670395 	30.265491 	999.000000 	27.294687 	161.335052 	64.412735 	57.697487 	166.643326 	3.162278 	164.924225 	2.000000 	162.606888 	23.769728 	63.071388 	142.130219 	74.706093 	7.071068 	25.961510 	58.694122 	18.384777 	144.958618 	5.830952 	76.478752 	160.863297 	5.000000 	66.708321 	66.309875 	63.694584 	62.393909 	10.770329 	7.071068 	
10.198039 	31.384710 	93.941475 	5.000000 	123.822456 	86.539009 	33.734257 	38.897301 	79.924965 	107.647575 	16.124516 	105.683487 	102.342560 	112.645462 	162.606888 	186.724396 	184.567062 	3.000000 	27.294687 	999.000000 	182.433548 	90.620087 	84.154617 	187.416641 	30.149628 	185.970428 	27.073973 	183.853195 	4.472136 	89.537704 	164.924225 	100.846420 	34.132095 	3.605551 	85.381500 	10.440307 	167.737885 	24.020824 	102.693718 	182.521225 	30.000000 	93.300591 	92.973114 	90.443352 	89.185204 	37.000000 	28.160255 	
176.980225 	153.912308 	99.282425 	183.207535 	68.949257 	107.782188 	155.241745 	143.544418 	106.254410 	78.549347 	169.994110 	80.777473 	84.380089 	73.925636 	25.317978 	6.000000 	3.000000 	184.567062 	161.335052 	182.433548 	999.000000 	105.118980 	111.803398 	6.082763 	160.240448 	3.605551 	162.889526 	2.000000 	181.069046 	107.837845 	25.019993 	96.932968 	157.800507 	183.174774 	112.729767 	177.721695 	23.021729 	167.107742 	96.208107 	5.656854 	162.609970 	106.230881 	107.154091 	109.772491 	111.085556 	158.445572 	166.207703 	
89.286057 	59.236813 	6.082763 	93.300591 	37.202152 	4.123106 	57.706154 	56.435802 	17.888544 	28.284271 	83.952370 	26.172504 	23.021729 	32.015621 	81.123360 	110.571243 	107.837845 	93.407707 	64.412735 	90.620087 	105.118980 	999.000000 	7.071068 	110.981979 	62.265560 	108.687622 	65.368187 	105.990562 	87.726852 	3.000000 	82.680107 	10.295630 	58.830265 	89.961105 	7.615773 	82.734512 	85.440041 	69.462219 	12.083046 	103.353760 	63.812225 	5.000000 	5.656854 	6.324555 	7.071068 	58.008621 	67.119293 	
83.198555 	52.810986 	12.529964 	86.977005 	44.204071 	4.123106 	50.990196 	51.039200 	17.029387 	34.205261 	78.089691 	32.015621 	28.635643 	38.275318 	87.982956 	117.200684 	114.494545 	86.977005 	57.697487 	84.154617 	111.803398 	7.071068 	999.000000 	117.630775 	55.470715 	115.381973 	58.591808 	112.712021 	81.154175 	5.385165 	89.587944 	17.204651 	51.971146 	83.384651 	2.828427 	76.059189 	92.358002 	62.649822 	18.867962 	110.145355 	56.938564 	9.219544 	9.055386 	7.071068 	6.324555 	51.039200 	60.207973 	
181.793839 	159.154007 	105.118980 	188.095718 	74.946648 	113.595772 	160.601990 	148.553024 	111.772087 	84.219948 	174.771286 	86.452301 	90.049988 	79.649231 	31.400637 	1.000000 	3.162278 	189.509888 	166.643326 	187.416641 	6.082763 	110.981979 	117.630775 	999.000000 	165.601929 	3.162278 	168.220093 	6.082763 	186.131668 	113.718948 	31.064449 	102.883430 	163.217651 	188.223267 	118.595955 	182.877014 	29.000000 	172.429703 	102.181213 	10.440307 	168.002975 	112.160599 	113.088463 	115.693558 	117.000000 	163.932907 	171.604202 	
32.756680 	9.055386 	66.287254 	34.000000 	97.452553 	58.309521 	5.000000 	24.083189 	54.451813 	82.734512 	30.870699 	80.610176 	77.077881 	87.681244 	138.657852 	165.000000 	162.609970 	33.136082 	3.162278 	30.149628 	160.240448 	62.265560 	55.470715 	165.601929 	999.000000 	163.835281 	3.162278 	161.483749 	26.476404 	60.827625 	140.730240 	72.560318 	4.000000 	28.635643 	56.364883 	20.880613 	143.558350 	7.211102 	74.303429 	159.665268 	3.000000 	64.404968 	63.976559 	61.326992 	60.008331 	7.615773 	6.324555 	
180.479919 	157.492859 	102.859123 	186.724396 	72.449982 	111.364265 	158.836395 	147.085007 	109.859001 	82.152298 	173.484863 	84.380089 	87.982956 	77.524193 	28.635643 	3.605551 	2.000000 	188.095718 	164.924225 	185.970428 	3.605551 	108.687622 	115.381973 	3.162278 	163.835281 	999.000000 	166.481232 	3.000000 	184.621231 	111.400177 	28.160255 	100.463921 	161.400131 	186.724396 	116.297035 	181.289825 	26.019224 	170.698563 	99.724625 	7.280110 	166.207703 	109.772491 	110.693268 	113.318138 	114.634201 	162.049377 	169.805771 	
30.083218 	10.198039 	69.339745 	31.016125 	100.424103 	61.400326 	7.810250 	25.019993 	57.280014 	85.562843 	28.653097 	83.450584 	79.931221 	90.520714 	141.449631 	167.609665 	165.239227 	30.066593 	2.000000 	27.073973 	162.889526 	65.368187 	58.591808 	168.220093 	3.162278 	166.481232 	999.000000 	164.149323 	23.345236 	63.953106 	143.544418 	75.663727 	7.071068 	25.495098 	59.506302 	17.720045 	146.372818 	4.242640 	77.414467 	162.373032 	3.605551 	67.542580 	67.119293 	64.474800 	63.158531 	10.198039 	5.099020 	
178.465683 	155.219193 	100.184830 	184.664566 	69.641945 	108.706024 	156.486420 	144.958618 	107.415085 	79.611557 	171.493439 	81.835197 	85.440041 	74.946648 	25.709921 	6.324555 	3.605551 	186.002686 	162.606888 	183.853195 	2.000000 	105.990562 	112.712021 	6.082763 	161.483749 	3.000000 	164.149323 	999.000000 	182.455475 	108.687622 	25.179358 	97.693398 	159.012573 	184.567062 	113.595772 	179.067032 	23.021729 	168.371613 	96.932968 	4.472136 	163.835281 	107.018692 	107.935165 	110.571243 	111.892807 	159.615158 	167.430588 	
13.416408 	28.653097 	91.241440 	9.433981 	121.490738 	83.671982 	30.364452 	37.643059 	77.665955 	105.603027 	18.110771 	103.600197 	100.209778 	110.602890 	160.863297 	185.456192 	183.251190 	7.280110 	23.769728 	4.472136 	181.069046 	87.726852 	81.154175 	186.131668 	26.476404 	184.621231 	23.345236 	182.455475 	999.000000 	86.539009 	163.131851 	97.989792 	30.413813 	2.236068 	82.280006 	6.082763 	165.951797 	20.024984 	99.809822 	181.024857 	26.076809 	90.249657 	89.888817 	87.315521 	86.034874 	33.060551 	24.020824 	
88.526833 	58.189346 	9.055386 	92.347168 	39.661064 	4.472136 	56.364883 	56.142673 	19.416489 	31.257000 	83.360664 	29.154760 	26.019224 	34.928497 	83.725746 	113.318138 	110.571243 	92.358002 	63.071388 	89.537704 	107.837845 	3.000000 	5.385165 	113.718948 	60.827625 	111.400177 	63.953106 	108.687622 	86.539009 	999.000000 	85.234970 	12.041595 	57.306194 	88.769363 	5.000000 	81.437096 	87.982956 	68.000000 	13.601471 	106.004715 	62.265560 	4.000000 	4.123106 	3.605551 	4.123106 	56.302753 	65.513359 	
160.424438 	135.148071 	77.103828 	166.207703 	45.650848 	85.702972 	135.771866 	126.210144 	86.278618 	58.000000 	153.687988 	60.141499 	63.702435 	53.075417 	3.000000 	31.016125 	28.017851 	167.263260 	142.130219 	164.924225 	25.019993 	82.680107 	89.587944 	31.064449 	140.730240 	28.160255 	143.544418 	25.179358 	163.131851 	85.234970 	999.000000 	73.824112 	137.974640 	165.302750 	90.210861 	159.289047 	2.828427 	147.787003 	72.897186 	21.587032 	142.898560 	83.240616 	84.118965 	86.833176 	88.192970 	138.191895 	146.454773 	
99.327744 	69.462219 	8.062258 	103.464973 	28.178005 	14.317822 	68.000000 	66.098412 	25.179358 	23.537205 	93.861603 	21.840330 	19.697716 	26.019224 	72.449982 	102.528046 	99.724625 	103.619499 	74.706093 	100.846420 	96.932968 	10.295630 	17.204651 	102.883430 	72.560318 	100.463921 	75.663727 	97.693398 	97.989792 	12.041595 	73.824112 	999.000000 	69.115845 	100.224747 	16.970562 	93.021500 	76.537575 	79.755875 	2.000000 	94.847244 	74.094536 	9.433981 	10.295630 	13.038404 	14.422205 	68.242218 	77.388626 	
36.674240 	10.295630 	63.007935 	38.000000 	94.366310 	54.918121 	4.123106 	24.738634 	51.739735 	79.981247 	34.539833 	77.833153 	74.276512 	84.899940 	135.948517 	162.631485 	160.206116 	37.121422 	7.071068 	34.132095 	157.800507 	58.830265 	51.971146 	163.217651 	4.000000 	161.400131 	7.071068 	159.012573 	30.413813 	57.306194 	137.974640 	69.115845 	999.000000 	32.557640 	52.773098 	24.738634 	140.801285 	10.770329 	70.830788 	157.114609 	5.000000 	60.827625 	60.373837 	57.697487 	56.364883 	4.242640 	8.485281 	
13.601471 	30.886890 	93.477272 	8.485281 	123.713379 	85.906929 	32.572994 	39.698868 	79.881165 	107.800743 	19.000000 	105.801704 	102.415817 	112.800713 	163.027603 	187.544662 	185.348328 	5.830952 	25.961510 	3.605551 	183.174774 	89.961105 	83.384651 	188.223267 	28.635643 	186.724396 	25.495098 	184.567062 	2.236068 	88.769363 	165.302750 	100.224747 	32.557640 	999.000000 	84.504440 	8.000000 	168.121979 	22.090721 	102.044106 	183.152939 	28.160255 	92.477028 	92.114059 	89.537704 	88.255310 	35.128338 	26.000000 	
84.723076 	54.120235 	13.601471 	88.323273 	44.654228 	6.082763 	52.000000 	53.000000 	19.849434 	35.693138 	79.762146 	33.541019 	30.265491 	39.560081 	88.684837 	118.186295 	115.451286 	88.232651 	58.694122 	85.381500 	112.729767 	7.615773 	2.828427 	118.595955 	56.364883 	116.297035 	59.506302 	113.595772 	82.280006 	5.000000 	90.210861 	16.970562 	52.773098 	84.504440 	999.000000 	77.077881 	92.962357 	63.505905 	18.439089 	110.941429 	57.706154 	8.062258 	7.615773 	5.099020 	4.000000 	51.623638 	60.901562 	
17.691807 	24.207438 	86.452301 	15.231546 	117.068359 	78.714676 	25.079872 	34.985710 	73.409805 	101.533249 	20.615528 	99.488693 	96.046867 	106.526993 	157.079605 	182.222397 	179.961105 	13.341664 	18.384777 	10.440307 	177.721695 	82.734512 	76.059189 	182.877014 	20.880613 	181.289825 	17.720045 	179.067032 	6.082763 	81.437096 	159.289047 	93.021500 	24.738634 	8.000000 	77.077881 	999.000000 	162.114151 	14.142136 	94.810333 	177.519012 	20.223749 	85.088188 	84.693565 	82.079231 	80.777473 	27.166155 	18.000000 	
163.217651 	137.974640 	79.881165 	169.011841 	48.373547 	88.481636 	138.600143 	129.015503 	89.106674 	60.827625 	156.473633 	62.968246 	66.528191 	55.901699 	5.385165 	29.017237 	26.019224 	170.073517 	144.958618 	167.737885 	23.021729 	85.440041 	92.358002 	29.000000 	143.558350 	26.019224 	146.372818 	23.021729 	165.951797 	87.982956 	2.828427 	76.537575 	140.801285 	168.121979 	92.962357 	162.114151 	999.000000 	150.615402 	75.591003 	19.235384 	145.725769 	85.959290 	86.833176 	89.554451 	90.917542 	141.014191 	149.281616 	
28.231188 	13.928389 	73.498299 	28.284271 	104.637466 	65.513359 	12.041595 	28.284271 	61.522354 	89.805344 	27.802877 	87.692642 	84.172440 	94.762863 	145.691452 	171.816757 	169.452057 	27.018513 	5.830952 	24.020824 	167.107742 	69.462219 	62.649822 	172.429703 	7.211102 	170.698563 	4.242640 	168.371613 	20.024984 	68.000000 	147.787003 	79.755875 	10.770329 	22.090721 	63.505905 	14.142136 	150.615402 	999.000000 	81.492332 	166.604324 	6.082763 	71.554176 	71.112587 	68.447060 	67.119293 	13.038404 	4.472136 	
101.242287 	71.309189 	10.049875 	105.342300 	27.313000 	16.155495 	69.771057 	68.066147 	27.166155 	24.041630 	95.801880 	22.472204 	20.591261 	26.172504 	71.589104 	101.843018 	99.020203 	105.475113 	76.478752 	102.693718 	96.208107 	12.083046 	18.867962 	102.181213 	74.303429 	99.724625 	77.414467 	96.932968 	99.809822 	13.601471 	72.897186 	2.000000 	70.830788 	102.044106 	18.439089 	94.810333 	75.591003 	81.492332 	999.000000 	94.021271 	75.802376 	10.630146 	11.401754 	14.212670 	15.620500 	69.892776 	79.075912 	
177.341476 	153.574081 	97.616600 	183.447540 	66.708321 	106.174385 	154.673843 	143.627991 	105.422958 	77.420929 	170.417130 	79.630394 	83.234612 	72.670486 	22.472204 	10.770329 	8.062258 	184.718704 	160.863297 	182.521225 	5.656854 	103.353760 	110.145355 	10.440307 	159.665268 	7.280110 	162.373032 	4.472136 	181.024857 	106.004715 	21.587032 	94.847244 	157.114609 	183.152939 	110.941429 	177.519012 	19.235384 	166.604324 	94.021271 	999.000000 	161.969131 	104.216118 	105.118980 	107.786827 	109.123779 	157.610275 	165.556641 	
33.526108 	12.041595 	68.007355 	34.132095 	99.357941 	59.908264 	7.615773 	27.073973 	56.639210 	84.899940 	32.249031 	82.758682 	79.208588 	89.827614 	140.858078 	167.409683 	165.000000 	33.000000 	5.000000 	30.000000 	162.609970 	63.812225 	56.938564 	168.002975 	3.000000 	166.207703 	3.605551 	163.835281 	26.076809 	62.265560 	142.898560 	74.094536 	5.000000 	28.160255 	57.706154 	20.223749 	145.725769 	6.082763 	75.802376 	161.969131 	999.000000 	65.764732 	65.299309 	62.609905 	61.269894 	7.000000 	3.605551 	
92.417534 	61.983868 	9.486833 	96.166519 	37.589893 	8.246211 	60.008331 	60.133186 	22.825424 	31.000000 	87.298340 	29.017237 	26.172504 	34.234486 	81.841309 	111.789978 	109.004585 	96.135323 	66.708321 	93.300591 	106.230881 	5.000000 	9.219544 	112.160599 	64.404968 	109.772491 	67.542580 	107.018692 	90.249657 	4.000000 	83.240616 	9.433981 	60.827625 	92.477028 	8.062258 	85.088188 	85.959290 	71.554176 	10.630146 	104.216118 	65.764732 	999.000000 	1.000000 	3.605551 	5.000000 	59.682495 	68.963760 	
92.195442 	61.684681 	10.440307 	95.880135 	38.470768 	8.544003 	59.615433 	60.074955 	23.323807 	32.000000 	87.132080 	30.016663 	27.166155 	35.227829 	82.734512 	112.720894 	109.931801 	95.817535 	66.309875 	92.973114 	107.154091 	5.656854 	9.055386 	113.088463 	63.976559 	110.693268 	67.119293 	107.935165 	89.888817 	4.123106 	84.118965 	10.295630 	60.373837 	92.114059 	7.615773 	84.693565 	86.833176 	71.112587 	11.401754 	105.118980 	65.299309 	1.000000 	999.000000 	2.828427 	4.242640 	59.169250 	68.476273 	
89.822044 	59.203041 	12.041595 	93.407707 	41.182522 	7.810250 	57.008770 	58.008621 	22.803509 	34.058773 	84.852814 	32.015621 	29.017237 	37.483330 	85.422478 	115.316956 	112.538879 	93.300591 	63.694584 	90.443352 	109.772491 	6.324555 	7.071068 	115.693558 	61.326992 	113.318138 	64.474800 	110.571243 	87.315521 	3.605551 	86.833176 	13.038404 	57.697487 	89.537704 	5.099020 	82.079231 	89.554451 	68.447060 	14.212670 	107.786827 	62.609905 	3.605551 	2.828427 	999.000000 	1.414214 	56.435802 	65.764732 	
88.645363 	57.974133 	13.000000 	92.179176 	42.544094 	7.810250 	55.713554 	57.000000 	22.671568 	35.128338 	83.725746 	33.060551 	30.000000 	38.639359 	86.769814 	116.619041 	113.846390 	92.048897 	62.393909 	89.185204 	111.085556 	7.071068 	6.324555 	117.000000 	60.008331 	114.634201 	63.158531 	111.892807 	86.034874 	4.123106 	88.192970 	14.422205 	56.364883 	88.255310 	4.000000 	80.777473 	90.917542 	67.119293 	15.620500 	109.123779 	61.269894 	5.000000 	4.242640 	1.414214 	999.000000 	55.072678 	64.412735 	
40.261642 	14.422205 	62.481998 	41.109608 	94.111633 	54.203320 	8.062258 	28.460499 	52.201534 	80.280754 	38.483765 	78.102493 	74.518456 	85.146935 	136.235092 	163.367691 	160.897476 	40.000000 	10.770329 	37.000000 	158.445572 	58.008621 	51.039200 	163.932907 	7.615773 	162.049377 	10.198039 	159.615158 	33.060551 	56.302753 	138.191895 	68.242218 	4.242640 	35.128338 	51.623638 	27.166155 	141.014191 	13.038404 	69.892776 	157.610275 	7.000000 	59.682495 	59.169250 	56.435802 	55.072678 	999.000000 	9.486833 	
32.695564 	15.033297 	71.400284 	32.557640 	102.825096 	63.245552 	11.180340 	30.000000 	60.207973 	88.459030 	32.202484 	86.313385 	82.758682 	93.380943 	144.422989 	171.011688 	168.600113 	31.144823 	7.071068 	28.160255 	166.207703 	67.119293 	60.207973 	171.604202 	6.324555 	169.805771 	5.099020 	167.430588 	24.020824 	65.513359 	146.454773 	77.388626 	8.485281 	26.000000 	60.901562 	18.000000 	149.281616 	4.472136 	79.075912 	165.556641 	3.605551 	68.963760 	68.476273 	65.764732 	64.412735 	9.486833 	999.000000 	

Travel time:
9.000000 	0.776611 	2.300679 	0.182003 	3.018692 	2.129114 	0.878208 	0.862047 	1.924188 	2.598557 	0.180278 	2.552083 	2.472094 	2.722705 	3.950079 	4.526726 	4.475279 	0.251247 	0.740355 	0.254951 	4.424506 	2.232152 	2.079964 	4.544846 	0.818917 	4.511998 	0.752080 	4.461642 	0.335410 	2.213171 	4.010611 	2.483194 	0.916856 	0.340037 	2.118077 	0.442295 	4.080441 	0.705780 	2.531057 	4.433537 	0.838153 	2.310438 	2.304886 	2.245551 	2.216134 	1.006541 	0.817389 	
0.776611 	9.000000 	1.565248 	0.855132 	2.322849 	1.378858 	0.160078 	0.375832 	1.230091 	1.933423 	0.682367 	1.882153 	1.796003 	2.058215 	3.324154 	3.963032 	3.905125 	0.854400 	0.206155 	0.784618 	3.847808 	1.480920 	1.320275 	3.978850 	0.226385 	3.937321 	0.254951 	3.880480 	0.716327 	1.454734 	3.378702 	1.736555 	0.257391 	0.772172 	1.353006 	0.605186 	3.449366 	0.348210 	1.782730 	3.839352 	0.301040 	1.549597 	1.542117 	1.480076 	1.449353 	0.360555 	0.375832 	
2.300679 	1.565248 	9.000000 	2.409616 	0.797261 	0.215058 	1.539683 	1.461592 	0.427931 	0.555090 	2.160006 	0.502494 	0.425000 	0.649038 	1.886796 	2.617370 	2.549510 	2.416609 	1.706605 	2.348537 	2.482061 	0.152069 	0.313249 	2.627975 	1.657181 	2.571478 	1.733494 	2.504621 	2.281036 	0.226385 	1.927596 	0.201556 	1.575198 	2.336932 	0.340037 	2.161308 	1.997029 	1.837457 	0.251247 	2.440415 	1.700184 	0.237171 	0.261008 	0.301040 	0.325000 	1.562050 	1.785007 	
0.182003 	0.855132 	2.409616 	9.000000 	3.144539 	2.229910 	0.930390 	1.000000 	2.047101 	2.732330 	0.357946 	2.684446 	2.602523 	2.857009 	4.095882 	4.684616 	4.632089 	0.079057 	0.775403 	0.125000 	4.580188 	2.332515 	2.174425 	4.702393 	0.850000 	4.668110 	0.775403 	4.616614 	0.235850 	2.308679 	4.155192 	2.586624 	0.950000 	0.212132 	2.208082 	0.380789 	4.225296 	0.707107 	2.633558 	4.586188 	0.853302 	2.404163 	2.397003 	2.335193 	2.304479 	1.027740 	0.813941 	
3.018692 	2.322849 	0.797261 	3.144539 	9.000000 	1.011496 	2.315437 	2.158269 	1.097725 	0.452769 	2.863564 	0.485412 	0.553399 	0.350892 	1.107080 	1.865811 	1.794610 	3.160004 	2.480045 	3.095562 	1.723731 	0.930054 	1.105102 	1.873666 	2.436314 	1.811249 	2.510602 	1.741049 	3.037268 	0.991527 	1.141271 	0.704450 	2.359158 	3.092834 	1.116356 	2.926709 	1.209339 	2.615937 	0.682825 	1.667708 	2.483948 	0.939747 	0.961769 	1.029563 	1.063602 	2.352791 	2.570627 	
2.129114 	1.378858 	0.215058 	2.229910 	1.011496 	9.000000 	1.342805 	1.308625 	0.375000 	0.752080 	1.995777 	0.697316 	0.612882 	0.854400 	2.101488 	2.828979 	2.761567 	2.232991 	1.510381 	2.163475 	2.694555 	0.103078 	0.103078 	2.839894 	1.457738 	2.784107 	1.535008 	2.717651 	2.091799 	0.111803 	2.142574 	0.357946 	1.372953 	2.147673 	0.152069 	1.967867 	2.212041 	1.637834 	0.403887 	2.654360 	1.497707 	0.206155 	0.213600 	0.195256 	0.195256 	1.355083 	1.581139 	
0.878208 	0.160078 	1.539683 	0.930390 	2.315437 	1.342805 	9.000000 	0.515388 	1.237437 	1.944544 	0.807001 	1.891593 	1.803469 	2.068363 	3.342248 	4.000000 	3.940257 	0.916856 	0.167705 	0.843356 	3.881044 	1.442654 	1.274755 	4.015050 	0.125000 	3.970910 	0.195256 	3.912160 	0.759111 	1.409122 	3.394297 	1.700000 	0.103078 	0.814325 	1.300000 	0.626997 	3.465003 	0.301040 	1.744276 	3.866846 	0.190394 	1.500208 	1.490386 	1.425219 	1.392839 	0.201556 	0.279509 	
0.862047 	0.375832 	1.461592 	1.000000 	2.158269 	1.308625 	0.515388 	9.000000 	1.068001 	1.736555 	0.705780 	1.690044 	1.610318 	1.860779 	3.096167 	3.696704 	3.642286 	1.027740 	0.575543 	0.972432 	3.588610 	1.410895 	1.275980 	3.713826 	0.602080 	3.677125 	0.625500 	3.623966 	0.941076 	1.403567 	3.155254 	1.652460 	0.618466 	0.992472 	1.325000 	0.874643 	3.225388 	0.707107 	1.701654 	3.590700 	0.676849 	1.503330 	1.501874 	1.450216 	1.425000 	0.711512 	0.750000 	
1.924188 	1.230091 	0.427931 	2.047101 	1.097725 	0.375000 	1.237437 	1.068001 	9.000000 	0.707107 	1.773415 	0.654313 	0.566789 	0.831038 	2.105499 	2.780513 	2.718111 	2.062311 	1.397542 	1.998124 	2.656360 	0.447214 	0.425735 	2.794302 	1.361295 	2.746475 	1.432000 	2.685377 	1.941649 	0.485412 	2.156965 	0.629484 	1.293493 	1.997029 	0.496236 	1.835245 	2.227667 	1.538059 	0.679154 	2.635574 	1.415980 	0.570636 	0.583095 	0.570088 	0.566789 	1.305038 	1.505199 	
2.598557 	1.933423 	0.555090 	2.732330 	0.452769 	0.752080 	1.944544 	1.736555 	0.707107 	9.000000 	2.438237 	0.055902 	0.145774 	0.125000 	1.399330 	2.093144 	2.028084 	2.752840 	2.104311 	2.691189 	1.963734 	0.707107 	0.855132 	2.105499 	2.068363 	2.053807 	2.139071 	1.990289 	2.640076 	0.781425 	1.450000 	0.588430 	1.999531 	2.695019 	0.892328 	2.538331 	1.520691 	2.245134 	0.601041 	1.935523 	2.122499 	0.775000 	0.800000 	0.851469 	0.878208 	2.007019 	2.211476 	
0.180278 	0.682367 	2.160006 	0.357946 	2.863564 	1.995777 	0.807001 	0.705780 	1.773415 	2.438237 	9.000000 	2.392828 	2.314357 	2.561860 	3.780956 	4.351006 	4.300073 	0.419076 	0.693271 	0.403113 	4.249853 	2.098809 	1.952242 	4.369282 	0.771767 	4.337121 	0.716327 	4.287336 	0.452769 	2.084017 	3.842200 	2.346540 	0.863496 	0.475000 	1.994054 	0.515388 	3.911841 	0.695072 	2.395047 	4.260428 	0.806226 	2.182458 	2.178302 	2.121320 	2.093144 	0.962094 	0.805062 	
2.552083 	1.882153 	0.502494 	2.684446 	0.485412 	0.697316 	1.891593 	1.690044 	0.654313 	0.055902 	2.392828 	9.000000 	0.090139 	0.176777 	1.453444 	2.148982 	2.083867 	2.704164 	2.051828 	2.642087 	2.019437 	0.654313 	0.800391 	2.161308 	2.015254 	2.109502 	2.086265 	2.045880 	2.590005 	0.728869 	1.503537 	0.546008 	1.945829 	2.645043 	0.838525 	2.487217 	1.574206 	2.192316 	0.561805 	1.990760 	2.068967 	0.725431 	0.750417 	0.800391 	0.826514 	1.952562 	2.157835 	
2.472094 	1.796003 	0.425000 	2.602523 	0.553399 	0.612882 	1.803469 	1.610318 	0.566789 	0.145774 	2.314357 	0.090139 	9.000000 	0.265754 	1.542928 	2.238861 	2.173850 	2.621188 	1.964211 	2.558564 	2.109502 	0.575543 	0.715891 	2.251250 	1.926947 	2.199574 	1.998281 	2.136001 	2.505244 	0.650481 	1.592561 	0.492443 	1.856913 	2.560395 	0.756637 	2.401172 	1.663205 	2.104311 	0.514782 	2.080865 	1.980215 	0.654313 	0.679154 	0.725431 	0.750000 	1.862961 	2.068967 	
2.722705 	2.058215 	0.649038 	2.857009 	0.350892 	0.854400 	2.068363 	1.860779 	0.831038 	0.125000 	2.561860 	0.176777 	0.265754 	9.000000 	1.277204 	1.979425 	1.913439 	2.877716 	2.228508 	2.816137 	1.848141 	0.800391 	0.956883 	1.991231 	2.192031 	1.938105 	2.263018 	1.873666 	2.765072 	0.873212 	1.326885 	0.650481 	2.122499 	2.820018 	0.989002 	2.663175 	1.397542 	2.369071 	0.654313 	1.816762 	2.245690 	0.855862 	0.880696 	0.937083 	0.965984 	2.128673 	2.334524 	
3.950079 	3.324154 	1.886796 	4.095882 	1.107080 	2.101488 	3.342248 	3.096167 	2.105499 	1.399330 	3.780956 	1.453444 	1.542928 	1.277204 	9.000000 	0.781425 	0.707107 	4.123106 	3.500357 	4.065172 	0.632949 	2.028084 	2.199574 	0.785016 	3.466446 	0.715891 	3.536241 	0.642748 	4.021583 	2.093144 	0.075000 	1.811249 	3.398713 	4.075690 	2.217121 	3.926990 	0.134629 	3.642286 	1.789728 	0.561805 	3.521452 	2.046033 	2.068363 	2.135562 	2.169245 	3.405877 	3.610575 	
4.526726 	3.963032 	2.617370 	4.684616 	1.865811 	2.828979 	4.000000 	3.696704 	2.780513 	2.093144 	4.351006 	2.148982 	2.238861 	1.979425 	0.781425 	9.000000 	0.075000 	4.720236 	4.150678 	4.668110 	0.150000 	2.764281 	2.930017 	0.025000 	4.125000 	0.090139 	4.190242 	0.158114 	4.636405 	2.832953 	0.775403 	2.563201 	4.065787 	4.688617 	2.954657 	4.555560 	0.725431 	4.295419 	2.546075 	0.269258 	4.185242 	2.794749 	2.818022 	2.882924 	2.915476 	4.084192 	4.275292 	
4.475279 	3.905125 	2.549510 	4.632089 	1.794610 	2.761567 	3.940257 	3.642286 	2.718111 	2.028084 	4.300073 	2.083867 	2.173850 	1.913439 	0.707107 	0.075000 	9.000000 	4.666905 	4.091760 	4.614177 	0.075000 	2.695946 	2.862364 	0.079057 	4.065249 	0.050000 	4.130980 	0.090139 	4.581280 	2.764281 	0.700446 	2.493116 	4.005153 	4.633708 	2.886282 	4.499028 	0.650481 	4.236301 	2.475505 	0.201556 	4.125000 	2.725115 	2.748295 	2.813472 	2.846160 	4.022437 	4.215003 	
0.251247 	0.854400 	2.416609 	0.079057 	3.160004 	2.232991 	0.916856 	1.027740 	2.062311 	2.752840 	0.419076 	2.704164 	2.621188 	2.877716 	4.123106 	4.720236 	4.666905 	9.000000 	0.756637 	0.075000 	4.614177 	2.335193 	2.174425 	4.737747 	0.828402 	4.702393 	0.751665 	4.650067 	0.182003 	2.308950 	4.181581 	2.590487 	0.928036 	0.145774 	2.205816 	0.333542 	4.251838 	0.675463 	2.636878 	4.617968 	0.825000 	2.403383 	2.395438 	2.332515 	2.301222 	1.000000 	0.778621 	
0.740355 	0.206155 	1.706605 	0.775403 	2.480045 	1.510381 	0.167705 	0.575543 	1.397542 	2.104311 	0.693271 	2.051828 	1.964211 	2.228508 	3.500357 	4.150678 	4.091760 	0.756637 	9.000000 	0.682367 	4.033376 	1.610318 	1.442437 	4.166083 	0.079057 	4.123106 	0.050000 	4.065172 	0.594243 	1.576785 	3.553256 	1.867652 	0.176777 	0.649038 	1.467353 	0.459619 	3.623966 	0.145774 	1.911969 	4.021583 	0.125000 	1.667708 	1.657747 	1.592365 	1.559848 	0.269258 	0.176777 	
0.254951 	0.784618 	2.348537 	0.125000 	3.095562 	2.163475 	0.843356 	0.972432 	1.998124 	2.691189 	0.403113 	2.642087 	2.558564 	2.816137 	4.065172 	4.668110 	4.614177 	0.075000 	0.682367 	9.000000 	4.560839 	2.265502 	2.103865 	4.685416 	0.753741 	4.649261 	0.676849 	4.596330 	0.111803 	2.238443 	4.123106 	2.521161 	0.853302 	0.090139 	2.134537 	0.261008 	4.193447 	0.600521 	2.567343 	4.563031 	0.750000 	2.332515 	2.324328 	2.261084 	2.229630 	0.925000 	0.704006 	
4.424506 	3.847808 	2.482061 	4.580188 	1.723731 	2.694555 	3.881044 	3.588610 	2.656360 	1.963734 	4.249853 	2.019437 	2.109502 	1.848141 	0.632949 	0.150000 	0.075000 	4.614177 	4.033376 	4.560839 	9.000000 	2.627975 	2.795085 	0.152069 	4.006011 	0.090139 	4.072238 	0.050000 	4.526726 	2.695946 	0.625500 	2.423324 	3.945013 	4.579370 	2.818244 	4.443042 	0.575543 	4.177693 	2.405203 	0.141421 	4.065249 	2.655772 	2.678852 	2.744312 	2.777139 	3.961139 	4.155192 	
2.232152 	1.480920 	0.152069 	2.332515 	0.930054 	0.103078 	1.442654 	1.410895 	0.447214 	0.707107 	2.098809 	0.654313 	0.575543 	0.800391 	2.028084 	2.764281 	2.695946 	2.335193 	1.610318 	2.265502 	2.627975 	9.000000 	0.176777 	2.774549 	1.556639 	2.717191 	1.634205 	2.649764 	2.193171 	0.075000 	2.067003 	0.257391 	1.470757 	2.249028 	0.190394 	2.068363 	2.136001 	1.736555 	0.302076 	2.583844 	1.595306 	0.125000 	0.141421 	0.158114 	0.176777 	1.450216 	1.677982 	
2.079964 	1.320275 	0.313249 	2.174425 	1.105102 	0.103078 	1.274755 	1.275980 	0.425735 	0.855132 	1.952242 	0.800391 	0.715891 	0.956883 	2.199574 	2.930017 	2.862364 	2.174425 	1.442437 	2.103865 	2.795085 	0.176777 	9.000000 	2.940769 	1.386768 	2.884549 	1.464795 	2.817801 	2.028854 	0.134629 	2.239699 	0.430116 	1.299279 	2.084616 	0.070711 	1.901480 	2.308950 	1.566246 	0.471699 	2.753634 	1.423464 	0.230489 	0.226385 	0.176777 	0.158114 	1.275980 	1.505199 	
4.544846 	3.978850 	2.627975 	4.702393 	1.873666 	2.839894 	4.015050 	3.713826 	2.794302 	2.105499 	4.369282 	2.161308 	2.251250 	1.991231 	0.785016 	0.025000 	0.079057 	4.737747 	4.166083 	4.685416 	0.152069 	2.774549 	2.940769 	9.000000 	4.140048 	0.079057 	4.205503 	0.152069 	4.653292 	2.842974 	0.776611 	2.572086 	4.080441 	4.705582 	2.964899 	4.571925 	0.725000 	4.310742 	2.554530 	0.261008 	4.200074 	2.804015 	2.827212 	2.892339 	2.925000 	4.098323 	4.290105 	
0.818917 	0.226385 	1.657181 	0.850000 	2.436314 	1.457738 	0.125000 	0.602080 	1.361295 	2.068363 	0.771767 	2.015254 	1.926947 	2.192031 	3.466446 	4.125000 	4.065249 	0.828402 	0.079057 	0.753741 	4.006011 	1.556639 	1.386768 	4.140048 	9.000000 	4.095882 	0.079057 	4.037094 	0.661910 	1.520691 	3.518256 	1.814008 	0.100000 	0.715891 	1.409122 	0.522015 	3.588959 	0.180278 	1.857586 	3.991632 	0.075000 	1.610124 	1.599414 	1.533175 	1.500208 	0.190394 	0.158114 	
4.511998 	3.937321 	2.571478 	4.668110 	1.811249 	2.784107 	3.970910 	3.677125 	2.746475 	2.053807 	4.337121 	2.109502 	2.199574 	1.938105 	0.715891 	0.090139 	0.050000 	4.702393 	4.123106 	4.649261 	0.090139 	2.717191 	2.884549 	0.079057 	4.095882 	9.000000 	4.162031 	0.075000 	4.615531 	2.785004 	0.704006 	2.511598 	4.035003 	4.668110 	2.907426 	4.532246 	0.650481 	4.267464 	2.493116 	0.182003 	4.155192 	2.744312 	2.767332 	2.832953 	2.865855 	4.051234 	4.245144 	
0.752080 	0.254951 	1.733494 	0.775403 	2.510602 	1.535008 	0.195256 	0.625500 	1.432000 	2.139071 	0.716327 	2.086265 	1.998281 	2.263018 	3.536241 	4.190242 	4.130980 	0.751665 	0.050000 	0.676849 	4.072238 	1.634205 	1.464795 	4.205503 	0.079057 	4.162031 	9.000000 	4.103733 	0.583631 	1.598828 	3.588610 	1.891593 	0.176777 	0.637377 	1.487658 	0.443001 	3.659320 	0.106066 	1.935362 	4.059326 	0.090139 	1.688565 	1.677982 	1.611870 	1.578963 	0.254951 	0.127475 	
4.461642 	3.880480 	2.504621 	4.616614 	1.741049 	2.717651 	3.912160 	3.623966 	2.685377 	1.990289 	4.287336 	2.045880 	2.136001 	1.873666 	0.642748 	0.158114 	0.090139 	4.650067 	4.065172 	4.596330 	0.050000 	2.649764 	2.817801 	0.152069 	4.037094 	0.075000 	4.103733 	9.000000 	4.561387 	2.717191 	0.629484 	2.442335 	3.975314 	4.614177 	2.839894 	4.476676 	0.575543 	4.209291 	2.423324 	0.111803 	4.095882 	2.675467 	2.698379 	2.764281 	2.797320 	3.990379 	4.185765 	
0.335410 	0.716327 	2.281036 	0.235850 	3.037268 	2.091799 	0.759111 	0.941076 	1.941649 	2.640076 	0.452769 	2.590005 	2.505244 	2.765072 	4.021583 	4.636405 	4.581280 	0.182003 	0.594243 	0.111803 	4.526726 	2.193171 	2.028854 	4.653292 	0.661910 	4.615531 	0.583631 	4.561387 	9.000000 	2.163475 	4.078296 	2.449745 	0.760345 	0.055902 	2.057000 	0.152069 	4.148795 	0.500625 	2.495245 	4.525621 	0.651920 	2.256241 	2.247221 	2.182888 	2.150872 	0.826514 	0.600521 	
2.213171 	1.454734 	0.226385 	2.308679 	0.991527 	0.111803 	1.409122 	1.403567 	0.485412 	0.781425 	2.084017 	0.728869 	0.650481 	0.873212 	2.093144 	2.832953 	2.764281 	2.308950 	1.576785 	2.238443 	2.695946 	0.075000 	0.134629 	2.842974 	1.520691 	2.785004 	1.598828 	2.717191 	2.163475 	9.000000 	2.130874 	0.301040 	1.432655 	2.219234 	0.125000 	2.035927 	2.199574 	1.700000 	0.340037 	2.650118 	1.556639 	0.100000 	0.103078 	0.090139 	0.103078 	1.407569 	1.637834 	
4.010611 	3.378702 	1.927596 	4.155192 	1.141271 	2.142574 	3.394297 	3.155254 	2.156965 	1.450000 	3.842200 	1.503537 	1.592561 	1.326885 	0.075000 	0.775403 	0.700446 	4.181581 	3.553256 	4.123106 	0.625500 	2.067003 	2.239699 	0.776611 	3.518256 	0.704006 	3.588610 	0.629484 	4.078296 	2.130874 	9.000000 	1.845603 	3.449366 	4.132569 	2.255271 	3.982226 	0.070711 	3.694675 	1.822430 	0.539676 	3.572464 	2.081015 	2.102974 	2.170829 	2.204824 	3.454797 	3.661369 	
2.483194 	1.736555 	0.201556 	2.586624 	0.704450 	0.357946 	1.700000 	1.652460 	0.629484 	0.588430 	2.346540 	0.546008 	0.492443 	0.650481 	1.811249 	2.563201 	2.493116 	2.590487 	1.867652 	2.521161 	2.423324 	0.257391 	0.430116 	2.572086 	1.814008 	2.511598 	1.891593 	2.442335 	2.449745 	0.301040 	1.845603 	9.000000 	1.727896 	2.505619 	0.424264 	2.325537 	1.913439 	1.993897 	0.050000 	2.371181 	1.852363 	0.235850 	0.257391 	0.325960 	0.360555 	1.706055 	1.934716 	
