Total assets = 568
Number of asset nodes = 33

Distance:
999.000000 	6.403124 	52.773098 	32.802441 	44.944408 	51.971146 	5.830952 	16.552946 	52.345009 	65.946945 	11.045361 	14.000000 	20.615528 	68.767723 	46.400433 	84.202141 	11.661903 	16.124516 	92.086914 	46.872166 	30.016663 	14.866069 	67.882248 	21.000000 	77.233414 	65.795135 	28.231188 	41.400482 	17.888544 	85.912750 	37.215588 	60.959003 	48.918301 	59.405388 	20.615528 	79.931221 	35.341194 	41.677334 	39.623226 	49.929951 	83.486526 	38.118237 	64.140472 	52.697250 	35.510563 	26.248810 	71.449280 	53.000000 	27.459061 	61.717098 	
6.403124 	999.000000 	46.518814 	26.400757 	38.587563 	45.650848 	10.049875 	11.180340 	58.728188 	72.249565 	9.219544 	19.416489 	26.570660 	75.073296 	52.801514 	90.426765 	17.804493 	13.892444 	98.229324 	53.254108 	24.166092 	14.142136 	74.249580 	26.305893 	83.546394 	72.180328 	22.803509 	35.227829 	17.691807 	92.195442 	31.304953 	54.561890 	42.638012 	65.802734 	24.331051 	86.278618 	29.732138 	35.777088 	45.354160 	43.908997 	89.872131 	43.566040 	70.491135 	46.647614 	31.016125 	27.202942 	65.069191 	47.010635 	27.586229 	68.000000 	
52.773098 	46.518814 	999.000000 	21.377558 	9.000000 	2.828427 	56.080299 	41.000000 	104.043259 	116.516090 	49.729267 	65.551506 	73.006851 	119.331474 	98.792709 	133.734818 	62.968246 	49.648766 	140.716019 	99.478638 	32.062439 	52.952808 	119.201508 	72.111023 	127.781059 	117.413795 	36.055511 	23.769728 	55.578773 	136.029404 	29.120440 	16.031219 	19.849434 	111.830231 	67.911705 	130.873978 	32.984844 	28.635643 	91.416626 	26.907248 	135.000000 	89.185204 	116.846054 	26.907248 	42.449970 	64.124878 	25.495098 	28.319605 	62.008064 	114.490173 	
32.802441 	26.400757 	21.377558 	999.000000 	12.649111 	19.924858 	35.355339 	19.646883 	85.041168 	98.290382 	28.460499 	44.721359 	52.354561 	101.118744 	79.202271 	116.180893 	43.863426 	28.284271 	123.693169 	79.630394 	12.529964 	31.575306 	100.498756 	51.078373 	109.603828 	98.493652 	16.155495 	13.038404 	34.234486 	118.139748 	13.892444 	28.284271 	18.027756 	92.200867 	46.572525 	112.449989 	16.278820 	16.763054 	70.384659 	22.022715 	116.180893 	68.007355 	96.798759 	24.186773 	25.000000 	43.000000 	38.948685 	25.079872 	41.109608 	94.154129 	
44.944408 	38.587563 	9.000000 	12.649111 	999.000000 	7.280110 	47.853943 	32.280025 	96.829750 	109.713264 	41.109608 	57.271286 	64.845970 	112.538879 	91.263351 	127.287079 	55.605755 	40.792156 	134.536240 	91.809586 	23.086792 	44.147480 	112.160599 	63.694584 	121.016525 	110.258789 	27.073973 	15.811388 	46.690472 	129.417923 	20.615528 	17.888544 	14.317822 	104.292854 	59.203041 	123.987900 	24.351591 	20.808653 	83.006027 	21.095022 	127.914032 	80.653580 	109.077957 	21.931713 	33.837849 	55.145264 	28.653097 	23.259407 	53.009434 	106.550461 	
51.971146 	45.650848 	2.828427 	19.924858 	7.280110 	999.000000 	55.036350 	39.560081 	103.600197 	116.275536 	48.383881 	64.474800 	72.013885 	119.096596 	98.183502 	133.660019 	62.425957 	48.052055 	140.758652 	98.792709 	30.000000 	51.419842 	118.848640 	70.936592 	127.561752 	117.004272 	34.000000 	21.189621 	53.935146 	135.882309 	26.683329 	14.035668 	17.029387 	111.220505 	66.483078 	130.598618 	30.594116 	26.000000 	90.249657 	24.083189 	134.629120 	87.920418 	116.107712 	24.083189 	40.024994 	62.289646 	24.041630 	25.495098 	60.074955 	113.648582 	
5.830952 	10.049875 	56.080299 	35.355339 	47.853943 	55.036350 	999.000000 	16.970562 	51.088158 	65.215027 	8.944272 	9.486833 	17.000000 	68.007355 	44.553337 	83.761566 	13.038404 	13.341664 	91.923882 	44.687805 	30.479502 	11.000000 	66.708321 	16.278820 	76.400261 	64.443771 	28.017851 	42.426407 	13.341664 	85.211502 	37.643059 	63.007935 	50.249378 	57.384666 	14.866069 	78.873314 	35.227829 	42.011902 	35.440090 	50.447994 	82.073135 	33.541019 	61.611687 	53.263496 	33.837849 	20.808653 	73.246162 	53.413483 	22.360680 	58.830265 	
16.552946 	11.180340 	41.000000 	19.646883 	32.280025 	39.560081 	16.970562 	999.000000 	68.014702 	82.006096 	8.944272 	25.806976 	33.600594 	84.811554 	61.522354 	100.439034 	28.178005 	9.055386 	108.452751 	61.619801 	13.601471 	12.041595 	83.630135 	31.764761 	93.236259 	81.394104 	11.704700 	25.455845 	15.033297 	102.004898 	20.808653 	46.324940 	33.301651 	74.330345 	26.925823 	95.775780 	18.788294 	25.238859 	50.990196 	33.600594 	99.035347 	48.466484 	78.409180 	36.400551 	20.024984 	24.515301 	56.400356 	36.619667 	23.409399 	75.451973 	
52.345009 	58.728188 	104.043259 	85.041168 	96.829750 	103.600197 	51.088158 	68.014702 	999.000000 	14.866069 	59.816387 	43.266617 	35.846897 	17.464249 	8.062258 	33.615471 	41.231056 	63.245552 	42.379242 	10.049875 	81.565926 	59.908264 	15.620500 	39.812057 	25.553865 	13.453624 	79.025314 	93.434471 	60.033325 	34.481880 	88.729927 	113.278419 	101.138519 	10.049875 	47.927029 	27.802877 	86.214851 	93.085983 	29.017237 	101.533249 	31.144823 	33.000000 	17.262676 	104.350372 	83.528435 	59.808025 	123.794182 	104.484451 	63.324562 	18.788294 	
65.946945 	72.249565 	116.516090 	98.290382 	109.713264 	116.275536 	65.215027 	82.006096 	14.866069 	999.000000 	74.060783 	57.801384 	50.537113 	2.828427 	22.803509 	18.788294 	54.488529 	77.698135 	27.513634 	24.331051 	95.603348 	74.431175 	5.385165 	54.625999 	11.313708 	7.071068 	93.230896 	107.298645 	74.706093 	20.000000 	102.800781 	126.574089 	114.865135 	15.811388 	62.769421 	14.422205 	100.439034 	107.200745 	43.185646 	115.602768 	19.313208 	47.265209 	20.808653 	118.406082 	98.112183 	74.672615 	137.207870 	118.600166 	78.185677 	25.059929 	
11.045361 	9.219544 	49.729267 	28.460499 	41.109608 	48.383881 	8.944272 	8.944272 	59.816387 	74.060783 	999.000000 	17.029387 	24.839485 	76.843994 	53.075417 	92.649879 	21.587032 	5.099020 	100.846420 	53.037724 	21.931713 	5.000000 	75.432091 	22.825424 	85.211502 	73.109505 	19.209373 	34.058773 	8.602325 	94.047859 	29.000000 	55.226807 	42.011902 	65.764732 	18.248287 	87.618492 	26.400757 	33.301651 	42.047592 	41.773197 	90.686272 	39.560081 	69.656296 	44.598206 	25.000000 	18.357559 	65.215027 	44.687805 	18.439089 	66.610809 	
14.000000 	19.416489 	65.551506 	44.721359 	57.271286 	64.474800 	9.486833 	25.806976 	43.266617 	57.801384 	17.029387 	999.000000 	7.810250 	60.539242 	36.235340 	76.537575 	12.806249 	20.000000 	84.970581 	36.069378 	38.948685 	16.643316 	58.821766 	7.000000 	68.796799 	56.400356 	36.069378 	51.088158 	17.088007 	77.698135 	45.967381 	72.111023 	59.033890 	48.795490 	9.433981 	71.028160 	43.185646 	50.209560 	25.961510 	58.694122 	73.878281 	24.186773 	52.630791 	61.522354 	40.311287 	20.223749 	82.200974 	61.554855 	23.021729 	49.648766 	
20.615528 	26.570660 	73.006851 	52.354561 	64.845970 	72.013885 	17.000000 	33.600594 	35.846897 	50.537113 	24.839485 	7.810250 	999.000000 	53.235325 	28.600698 	69.318108 	14.866069 	27.658634 	77.878113 	28.319605 	46.754681 	24.207438 	51.312767 	5.099020 	61.400326 	48.826221 	43.840622 	58.898216 	24.186773 	70.327805 	53.758720 	79.881165 	66.843102 	41.036568 	13.038404 	63.513779 	50.931328 	57.982758 	19.104973 	66.468040 	66.219330 	18.110771 	44.821869 	69.296463 	47.707443 	25.179358 	90.000000 	69.310890 	28.442924 	41.880783 	
68.767723 	75.073296 	119.331474 	101.118744 	112.538879 	119.096596 	68.007355 	84.811554 	17.464249 	2.828427 	76.843994 	60.539242 	53.235325 	999.000000 	25.298222 	16.155495 	57.314919 	80.454956 	25.000000 	26.683329 	98.407318 	77.175125 	5.000000 	57.271286 	8.485281 	7.615773 	96.020828 	110.113579 	77.414467 	17.204651 	105.603027 	129.402466 	117.686020 	17.262676 	65.391129 	11.661903 	103.227905 	110.000000 	45.398239 	118.406082 	16.763054 	49.497475 	21.470911 	121.210564 	100.846420 	77.252831 	140.035706 	121.400162 	80.777473 	26.000000 	
46.400433 	52.801514 	98.792709 	79.202271 	91.263351 	98.183502 	44.553337 	61.522354 	8.062258 	22.803509 	53.075417 	36.235340 	28.600698 	25.298222 	999.000000 	41.436699 	35.846897 	56.222771 	50.289165 	2.828427 	74.966660 	52.801514 	22.825424 	32.249031 	33.105892 	20.248457 	72.249565 	86.977005 	52.697250 	42.047592 	82.073135 	107.298645 	94.794518 	13.038404 	40.249222 	34.985710 	79.397736 	86.371292 	21.095022 	94.847244 	37.643059 	25.019993 	18.681541 	97.672920 	76.275818 	52.000000 	117.686020 	97.744568 	55.542778 	18.000000 	
84.202141 	90.426765 	133.734818 	116.180893 	127.287079 	133.660019 	83.761566 	100.439034 	33.615471 	18.788294 	92.649879 	76.537575 	69.318108 	16.155495 	41.436699 	999.000000 	72.622307 	96.384644 	9.055386 	42.720020 	114.039467 	93.150414 	19.235384 	73.409805 	9.000000 	22.203604 	111.772087 	125.602547 	93.477272 	4.123106 	121.247681 	144.422989 	133.060135 	32.140316 	81.541397 	9.848858 	118.983192 	125.670204 	61.188232 	134.033585 	14.142136 	65.306969 	34.234486 	136.824707 	116.846054 	93.407707 	155.128983 	137.058380 	96.932968 	39.204590 	
11.661903 	17.804493 	62.968246 	43.863426 	55.605755 	62.425957 	13.038404 	28.178005 	41.231056 	54.488529 	21.587032 	12.806249 	14.866069 	57.314919 	35.846897 	72.622307 	999.000000 	26.305893 	80.448738 	36.674240 	41.677334 	24.020824 	56.639210 	18.027756 	65.795135 	54.671749 	39.812057 	53.009434 	26.076809 	74.411018 	48.877399 	72.138756 	60.440052 	48.877399 	22.203604 	68.593002 	46.957428 	53.338543 	33.136082 	61.587337 	72.346390 	32.756680 	54.129475 	64.350601 	46.572525 	31.953091 	82.734512 	64.660652 	34.205261 	52.201534 	
16.124516 	13.892444 	49.648766 	28.284271 	40.792156 	48.052055 	13.341664 	9.055386 	63.245552 	77.698135 	5.099020 	20.000000 	27.658634 	80.454956 	56.222771 	96.384644 	26.305893 	999.000000 	104.709122 	55.973209 	19.723083 	3.605551 	78.816238 	24.839485 	88.752464 	76.400261 	16.401220 	31.906113 	6.000000 	97.637085 	26.400757 	53.665630 	39.962482 	68.680420 	18.788294 	91.021973 	23.345236 	30.479502 	43.566040 	38.948685 	93.861603 	40.706264 	72.180328 	41.773197 	20.615528 	15.524175 	63.285069 	41.725292 	14.764823 	68.883957 	
92.086914 	98.229324 	140.716019 	123.693169 	134.536240 	140.758652 	91.923882 	108.452751 	42.379242 	27.513634 	100.846420 	84.970581 	77.878113 	25.000000 	50.289165 	9.055386 	80.448738 	104.709122 	999.000000 	51.662365 	122.036880 	101.533249 	28.284271 	82.079231 	18.027756 	31.257000 	119.887444 	133.454117 	101.980392 	10.440307 	129.247818 	151.855194 	140.801285 	41.194660 	90.249657 	18.248287 	127.094452 	133.689941 	70.213959 	142.003525 	21.023796 	74.330345 	43.104523 	144.779144 	125.239769 	102.181213 	162.606888 	145.055161 	105.688217 	48.093658 	
46.872166 	53.254108 	99.478638 	79.630394 	91.809586 	98.792709 	44.687805 	61.619801 	10.049875 	24.331051 	53.037724 	36.069378 	28.319605 	26.683329 	2.828427 	42.720020 	36.674240 	55.973209 	51.662365 	999.000000 	74.966660 	52.497620 	23.769728 	31.622776 	34.176014 	21.023796 	72.138756 	87.045967 	52.201534 	43.081318 	82.024384 	107.615051 	94.921021 	12.727922 	39.446167 	35.777088 	79.246452 	86.278618 	19.000000 	94.762863 	38.013157 	23.021729 	17.464249 	97.590981 	75.802376 	50.990196 	117.923706 	97.621719 	54.561890 	16.124516 	
30.016663 	24.166092 	32.062439 	12.529964 	23.086792 	30.000000 	30.479502 	13.601471 	81.565926 	95.603348 	21.931713 	38.948685 	46.754681 	98.407318 	74.966660 	114.039467 	41.677334 	19.723083 	122.036880 	74.966660 	999.000000 	23.323807 	97.185387 	44.407207 	106.826965 	94.921021 	4.000000 	12.206555 	25.079872 	115.602768 	7.211102 	34.014702 	20.248457 	87.692642 	38.470768 	109.343498 	6.000000 	11.661903 	63.285069 	20.000000 	112.538879 	60.415230 	91.547798 	22.803509 	12.727922 	32.557640 	43.566040 	23.021729 	30.149628 	88.408142 	
14.866069 	14.142136 	52.952808 	31.575306 	44.147480 	51.419842 	11.000000 	12.041595 	59.908264 	74.431175 	5.000000 	16.643316 	24.207438 	77.175125 	52.801514 	93.150414 	24.020824 	3.605551 	101.533249 	52.497620 	23.323807 	999.000000 	75.451973 	21.260292 	85.440041 	73.006851 	20.000000 	35.510563 	3.605551 	94.339813 	30.000000 	57.245087 	43.566040 	65.192024 	15.231546 	87.658424 	26.907248 	34.058773 	39.962482 	42.520584 	90.426765 	37.121422 	68.622154 	45.343136 	23.706539 	13.416408 	66.887962 	45.276924 	13.453624 	65.299309 	
67.882248 	74.249580 	119.201508 	100.498756 	112.160599 	118.848640 	66.708321 	83.630135 	15.620500 	5.385165 	75.432091 	58.821766 	51.312767 	5.000000 	22.825424 	19.235384 	56.639210 	78.816238 	28.284271 	23.769728 	97.185387 	75.451973 	999.000000 	55.072678 	10.440307 	3.000000 	94.641426 	109.041275 	75.471848 	19.313208 	104.350372 	128.763351 	116.726173 	13.000000 	63.063461 	12.206555 	101.828285 	108.706024 	41.976185 	117.153748 	15.811388 	46.097721 	16.552946 	119.970833 	99.020203 	74.732857 	139.316193 	120.104118 	78.294319 	21.189621 	
21.000000 	26.305893 	72.111023 	51.078373 	63.694584 	70.936592 	16.278820 	31.764761 	39.812057 	54.625999 	22.825424 	7.000000 	5.099020 	57.271286 	32.249031 	73.409805 	18.027756 	24.839485 	82.079231 	31.622776 	44.407207 	21.260292 	55.072678 	999.000000 	65.299309 	52.478565 	41.231056 	56.612720 	20.615528 	74.242844 	51.224995 	78.032043 	64.637451 	44.204071 	8.246211 	67.230942 	48.166378 	55.317268 	19.313208 	63.780876 	69.634758 	17.262676 	47.381432 	66.603302 	44.204071 	20.396078 	87.920418 	66.528191 	23.769728 	44.045429 	
77.233414 	83.546394 	127.781059 	109.603828 	121.016525 	127.561752 	76.400261 	93.236259 	25.553865 	11.313708 	85.211502 	68.796799 	61.400326 	8.485281 	33.105892 	9.000000 	65.795135 	88.752464 	18.027756 	34.176014 	106.826965 	85.440041 	10.440307 	65.299309 	999.000000 	13.341664 	104.403069 	118.562218 	85.586212 	8.944272 	114.017540 	137.887634 	126.150703 	23.194826 	73.348480 	4.000000 	111.606453 	118.406082 	52.392746 	126.822708 	10.049875 	56.515484 	25.317978 	129.630249 	109.077957 	85.088188 	148.519363 	129.807556 	88.639717 	30.265491 	
65.795135 	72.180328 	117.413795 	98.493652 	110.258789 	117.004272 	64.443771 	81.394104 	13.453624 	7.071068 	73.109505 	56.400356 	48.826221 	7.615773 	20.248457 	22.203604 	54.671749 	76.400261 	31.257000 	21.023796 	94.921021 	73.006851 	3.000000 	52.478565 	13.341664 	999.000000 	92.314682 	106.831642 	72.945183 	22.135944 	102.068604 	126.732002 	114.560028 	10.000000 	60.415230 	14.764823 	99.488693 	106.404884 	39.051247 	114.865135 	17.691807 	43.174065 	13.892444 	117.686020 	96.519424 	72.013885 	137.244308 	117.796432 	75.584389 	18.384777 	
28.231188 	22.803509 	36.055511 	16.155495 	27.073973 	34.000000 	28.017851 	11.704700 	79.025314 	93.230896 	19.209373 	36.069378 	43.840622 	96.020828 	72.249565 	111.772087 	39.812057 	16.401220 	119.887444 	72.138756 	4.000000 	20.000000 	94.641426 	41.231056 	104.403069 	92.314682 	999.000000 	15.652476 	21.470911 	113.225441 	10.000000 	37.696156 	23.706539 	84.864601 	34.985710 	106.826965 	7.211102 	14.142136 	59.908264 	22.627417 	109.877205 	56.938564 	88.526833 	25.455845 	10.295630 	28.635643 	47.010635 	25.495098 	26.172504 	85.276024 	
41.400482 	35.227829 	23.769728 	13.038404 	15.811388 	21.189621 	42.426407 	25.455845 	93.434471 	107.298645 	34.058773 	51.088158 	58.898216 	110.113579 	86.977005 	125.602547 	53.009434 	31.906113 	133.454117 	87.045967 	12.206555 	35.510563 	109.041275 	56.612720 	118.562218 	106.831642 	15.652476 	999.000000 	37.121422 	127.283150 	6.082763 	22.135944 	8.062258 	99.764725 	50.606323 	121.165176 	10.049875 	5.000000 	75.471848 	9.219544 	124.482933 	72.560318 	103.711136 	11.704700 	19.104973 	43.965897 	31.384710 	12.369317 	41.231056 	100.603180 	
17.888544 	17.691807 	55.578773 	34.234486 	46.690472 	53.935146 	13.341664 	15.033297 	60.033325 	74.706093 	8.602325 	17.088007 	24.186773 	77.414467 	52.697250 	93.477272 	26.076809 	6.000000 	101.980392 	52.201534 	25.079872 	3.605551 	75.471848 	20.615528 	85.586212 	72.945183 	21.470911 	37.121422 	999.000000 	94.514549 	31.384710 	59.093147 	45.177429 	64.815125 	13.601471 	87.664131 	28.017851 	35.227829 	38.600517 	43.600460 	90.210861 	35.510563 	67.896980 	46.400433 	23.600847 	9.848858 	68.476273 	46.227695 	9.899495 	64.381676 	
85.912750 	92.195442 	136.029404 	118.139748 	129.417923 	135.882309 	85.211502 	102.004898 	34.481880 	20.000000 	94.047859 	77.698135 	70.327805 	17.204651 	42.047592 	4.123106 	74.411018 	97.637085 	10.440307 	43.081318 	115.602768 	94.339813 	19.313208 	74.242844 	8.944272 	22.135944 	113.225441 	127.283150 	94.514549 	999.000000 	122.800652 	146.413803 	134.825821 	31.780497 	82.292160 	8.000000 	120.432556 	127.200630 	61.131008 	135.602356 	10.816654 	65.253349 	33.000000 	138.405197 	117.991524 	94.021271 	157.079605 	138.600143 	97.575615 	38.000000 	
37.215588 	31.304953 	29.120440 	13.892444 	20.615528 	26.683329 	37.643059 	20.808653 	88.729927 	102.800781 	29.000000 	45.967381 	53.758720 	105.603027 	82.073135 	121.247681 	48.877399 	26.400757 	129.247818 	82.024384 	7.211102 	30.000000 	104.350372 	51.224995 	114.017540 	102.068604 	10.000000 	6.082763 	31.384710 	122.800652 	999.000000 	28.160255 	13.928389 	94.752312 	44.944408 	116.516090 	4.000000 	4.472136 	69.892776 	12.806249 	119.670380 	66.887962 	98.493652 	15.620500 	13.341664 	37.947330 	37.121422 	15.811388 	35.171009 	95.268044 	
60.959003 	54.561890 	16.031219 	28.284271 	17.888544 	14.035668 	63.007935 	46.324940 	113.278419 	126.574089 	55.226807 	72.111023 	79.881165 	129.402466 	107.298645 	144.422989 	72.138756 	53.665630 	151.855194 	107.615051 	34.014702 	57.245087 	128.763351 	78.032043 	137.887634 	126.732002 	37.696156 	22.135944 	59.093147 	146.413803 	28.160255 	999.000000 	14.317822 	120.253899 	72.449982 	140.730240 	32.015621 	25.317978 	97.128784 	19.104973 	144.422989 	94.366310 	124.619423 	17.464249 	40.311287 	66.098412 	10.816654 	18.681541 	63.324562 	121.757957 	
48.918301 	42.638012 	19.849434 	18.027756 	14.317822 	17.029387 	50.249378 	33.301651 	101.138519 	114.865135 	42.011902 	59.033890 	66.843102 	117.686020 	94.794518 	133.060135 	60.440052 	39.962482 	140.801285 	94.921021 	20.248457 	43.566040 	116.726173 	64.637451 	126.150703 	114.560028 	23.706539 	8.062258 	45.177429 	134.825821 	13.928389 	14.317822 	999.000000 	107.628990 	58.668560 	128.817703 	17.720045 	11.045361 	83.528435 	7.071068 	132.230865 	80.622574 	111.664673 	7.615773 	26.076809 	51.865211 	23.323807 	8.944272 	49.040798 	108.600182 	
59.405388 	65.802734 	111.830231 	92.200867 	104.292854 	111.220505 	57.384666 	74.330345 	10.049875 	15.811388 	65.764732 	48.795490 	41.036568 	17.262676 	13.038404 	32.140316 	48.877399 	68.680420 	41.194660 	12.727922 	87.692642 	65.192024 	13.000000 	44.204071 	23.194826 	10.000000 	84.864601 	99.764725 	64.815125 	31.780497 	94.752312 	120.253899 	107.628990 	999.000000 	51.865211 	24.041630 	91.967384 	99.005051 	29.410883 	107.489532 	25.553865 	33.526108 	7.280110 	110.317726 	88.408142 	63.134777 	130.598618 	110.344917 	66.730804 	9.899495 	
20.615528 	24.331051 	67.911705 	46.572525 	59.203041 	66.483078 	14.866069 	26.925823 	47.927029 	62.769421 	18.248287 	9.433981 	13.038404 	65.391129 	40.249222 	81.541397 	22.203604 	18.788294 	90.249657 	39.446167 	38.470768 	15.231546 	63.063461 	8.246211 	73.348480 	60.415230 	34.985710 	50.606323 	13.601471 	82.292160 	44.944408 	72.449982 	58.668560 	51.865211 	999.000000 	75.179787 	41.617306 	48.826221 	25.000000 	57.201397 	77.388626 	21.954498 	54.561890 	60.000000 	36.796738 	12.165525 	81.987801 	59.816387 	15.524175 	50.911690 	
79.931221 	86.278618 	130.873978 	112.449989 	123.987900 	130.598618 	78.873314 	95.775780 	27.802877 	14.422205 	87.618492 	71.028160 	63.513779 	11.661903 	34.985710 	9.848858 	68.593002 	91.021973 	18.248287 	35.777088 	109.343498 	87.658424 	12.206555 	67.230942 	4.000000 	14.764823 	106.826965 	121.165176 	87.664131 	8.000000 	116.516090 	140.730240 	128.817703 	24.041630 	75.179787 	999.000000 	114.017540 	120.880104 	53.450912 	129.321304 	6.082763 	57.567352 	25.000000 	132.136292 	111.220505 	86.764046 	151.320847 	132.279999 	90.338257 	30.000000 	
35.341194 	29.732138 	32.984844 	16.278820 	24.351591 	30.594116 	35.227829 	18.788294 	86.214851 	100.439034 	26.400757 	43.185646 	50.931328 	103.227905 	79.397736 	118.983192 	46.957428 	23.345236 	127.094452 	79.246452 	6.000000 	26.907248 	101.828285 	48.166378 	111.606453 	99.488693 	7.211102 	10.049875 	28.017851 	120.432556 	4.000000 	32.015621 	17.720045 	91.967384 	41.617306 	114.017540 	999.000000 	7.211102 	66.610809 	15.620500 	117.034180 	63.513779 	95.524864 	18.439089 	9.486833 	34.176014 	40.718548 	18.384777 	31.320919 	92.195442 	
41.677334 	35.777088 	28.635643 	16.763054 	20.808653 	26.000000 	42.011902 	25.238859 	93.085983 	107.200745 	33.301651 	50.209560 	57.982758 	110.000000 	86.371292 	125.670204 	53.338543 	30.479502 	133.689941 	86.278618 	11.661903 	34.058773 	108.706024 	55.317268 	118.406082 	106.404884 	14.142136 	5.000000 	35.227829 	127.200630 	4.472136 	25.317978 	11.045361 	99.005051 	48.826221 	120.880104 	7.211102 	999.000000 	73.817345 	8.485281 	123.987900 	70.724815 	102.649887 	11.313708 	15.033297 	41.231056 	33.615471 	11.401754 	38.275318 	99.357941 	
39.623226 	45.354160 	91.416626 	70.384659 	83.006027 	90.249657 	35.440090 	50.990196 	29.017237 	43.185646 	42.047592 	25.961510 	19.104973 	45.398239 	21.095022 	61.188232 	33.136082 	43.566040 	70.213959 	19.000000 	63.285069 	39.962482 	41.976185 	19.313208 	52.392746 	39.051247 	59.908264 	75.471848 	38.600517 	61.131008 	69.892776 	97.128784 	83.528435 	29.410883 	25.000000 	53.450912 	66.610809 	73.817345 	999.000000 	82.200974 	54.625999 	4.123106 	30.528675 	85.000000 	61.554855 	34.828148 	106.850365 	84.811554 	38.418747 	26.400757 	
49.929951 	43.908997 	26.907248 	22.022715 	21.095022 	24.083189 	50.447994 	33.600594 	101.533249 	115.602768 	41.773197 	58.694122 	66.468040 	118.406082 	94.847244 	134.033585 	61.587337 	38.948685 	142.003525 	94.762863 	20.000000 	42.520584 	117.153748 	63.780876 	126.822708 	114.865135 	22.627417 	9.219544 	43.600460 	135.602356 	12.806249 	19.104973 	7.071068 	107.489532 	57.201397 	129.321304 	15.620500 	8.485281 	82.200974 	999.000000 	132.457535 	79.056938 	111.126053 	2.828427 	22.135944 	49.193497 	25.961510 	3.162278 	46.097721 	107.814659 	
83.486526 	89.872131 	135.000000 	116.180893 	127.914032 	134.629120 	82.073135 	99.035347 	31.144823 	19.313208 	90.686272 	73.878281 	66.219330 	16.763054 	37.643059 	14.142136 	72.346390 	93.861603 	21.023796 	38.013157 	112.538879 	90.426765 	15.811388 	69.634758 	10.049875 	17.691807 	109.877205 	124.482933 	90.210861 	10.816654 	119.670380 	144.422989 	132.230865 	25.553865 	77.388626 	6.082763 	117.034180 	123.987900 	54.625999 	132.457535 	999.000000 	58.694122 	24.738634 	135.281189 	113.811249 	88.684837 	154.935471 	135.369858 	92.282173 	29.614185 	
38.118237 	43.566040 	89.185204 	68.007355 	80.653580 	87.920418 	33.541019 	48.466484 	33.000000 	47.265209 	39.560081 	24.186773 	18.110771 	49.497475 	25.019993 	65.306969 	32.756680 	40.706264 	74.330345 	23.021729 	60.415230 	37.121422 	46.097721 	17.262676 	56.515484 	43.174065 	56.938564 	72.560318 	35.510563 	65.253349 	66.887962 	94.366310 	80.622574 	33.526108 	21.954498 	57.567352 	63.513779 	70.724815 	4.123106 	79.056938 	58.694122 	999.000000 	34.481880 	81.841309 	58.137768 	31.144823 	103.942291 	81.608826 	34.713108 	30.232433 	
64.140472 	70.491135 	116.846054 	96.798759 	109.077957 	116.107712 	61.611687 	78.409180 	17.262676 	20.808653 	69.656296 	52.630791 	44.821869 	21.470911 	18.681541 	34.234486 	54.129475 	72.180328 	43.104523 	17.464249 	91.547798 	68.622154 	16.552946 	47.381432 	25.317978 	13.892444 	88.526833 	103.711136 	67.896980 	33.000000 	98.493652 	124.619423 	111.664673 	7.280110 	54.561890 	25.000000 	95.524864 	102.649887 	30.528675 	111.126053 	24.738634 	34.481880 	999.000000 	113.951744 	91.350975 	65.215027 	134.807266 	113.899078 	68.818604 	5.000000 	
52.697250 	46.647614 	26.907248 	24.186773 	21.931713 	24.083189 	53.263496 	36.400551 	104.350372 	118.406082 	44.598206 	61.522354 	69.296463 	121.210564 	97.672920 	136.824707 	64.350601 	41.773197 	144.779144 	97.590981 	22.803509 	45.343136 	119.970833 	66.603302 	129.630249 	117.686020 	25.455845 	11.704700 	46.400433 	138.405197 	15.620500 	17.464249 	7.615773 	110.317726 	60.000000 	132.136292 	18.439089 	11.313708 	85.000000 	2.828427 	135.281189 	81.841309 	113.951744 	999.000000 	24.698177 	51.884487 	23.537205 	1.414214 	48.754486 	110.634537 	
35.510563 	31.016125 	42.449970 	25.000000 	33.837849 	40.024994 	33.837849 	20.024984 	83.528435 	98.112183 	25.000000 	40.311287 	47.707443 	100.846420 	76.275818 	116.846054 	46.572525 	20.615528 	125.239769 	75.802376 	12.727922 	23.706539 	99.020203 	44.204071 	109.077957 	96.519424 	10.295630 	19.104973 	23.600847 	117.991524 	13.341664 	40.311287 	26.076809 	88.408142 	36.796738 	111.220505 	9.486833 	15.033297 	61.554855 	22.135944 	113.811249 	58.137768 	91.350975 	24.698177 	999.000000 	27.459061 	48.083260 	24.166092 	24.186773 	87.692642 	
26.248810 	27.202942 	64.124878 	43.000000 	55.145264 	62.289646 	20.808653 	24.515301 	59.808025 	74.672615 	18.357559 	20.223749 	25.179358 	77.252831 	52.000000 	93.407707 	31.953091 	15.524175 	102.181213 	50.990196 	32.557640 	13.416408 	74.732857 	20.396078 	85.088188 	72.013885 	28.635643 	43.965897 	9.848858 	94.021271 	37.947330 	66.098412 	51.865211 	63.134777 	12.165525 	86.764046 	34.176014 	41.231056 	34.828148 	49.193497 	88.684837 	31.144823 	65.215027 	51.884487 	27.459061 	999.000000 	74.846512 	51.478149 	3.605551 	61.220913 	
71.449280 	65.069191 	25.495098 	38.948685 	28.653097 	24.041630 	73.246162 	56.400356 	123.794182 	137.207870 	65.215027 	82.200974 	90.000000 	140.035706 	117.686020 	155.128983 	82.734512 	63.285069 	162.606888 	117.923706 	43.566040 	66.887962 	139.316193 	87.920418 	148.519363 	137.244308 	47.010635 	31.384710 	68.476273 	157.079605 	37.121422 	10.816654 	23.323807 	130.598618 	81.987801 	151.320847 	40.718548 	33.615471 	106.850365 	25.961510 	154.935471 	103.942291 	134.807266 	23.537205 	48.083260 	74.846512 	999.000000 	24.331051 	71.867935 	131.825638 	
53.000000 	47.010635 	28.319605 	25.079872 	23.259407 	25.495098 	53.413483 	36.619667 	104.484451 	118.600166 	44.687805 	61.554855 	69.310890 	121.400162 	97.744568 	137.058380 	64.660652 	41.725292 	145.055161 	97.621719 	23.021729 	45.276924 	120.104118 	66.528191 	129.807556 	117.796432 	25.495098 	12.369317 	46.227695 	138.600143 	15.811388 	18.681541 	8.944272 	110.344917 	59.816387 	132.279999 	18.384777 	11.401754 	84.811554 	3.162278 	135.369858 	81.608826 	113.899078 	1.414214 	24.166092 	51.478149 	24.331051 	999.000000 	48.301140 	110.535065 	
27.459061 	27.586229 	62.008064 	41.109608 	53.009434 	60.074955 	22.360680 	23.409399 	63.324562 	78.185677 	18.439089 	23.021729 	28.442924 	80.777473 	55.542778 	96.932968 	34.205261 	14.764823 	105.688217 	54.561890 	30.149628 	13.453624 	78.294319 	23.769728 	88.639717 	75.584389 	26.172504 	41.231056 	9.899495 	97.575615 	35.171009 	63.324562 	49.040798 	66.730804 	15.524175 	90.338257 	31.320919 	38.275318 	38.418747 	46.097721 	92.282173 	34.713108 	68.818604 	48.754486 	24.186773 	3.605551 	71.867935 	48.301140 	999.000000 	64.815125 	
61.717098 	68.000000 	114.490173 	94.154129 	106.550461 	113.648582 	58.830265 	75.451973 	18.788294 	25.059929 	66.610809 	49.648766 	41.880783 	26.000000 	18.000000 	39.204590 	52.201534 	68.883957 	48.093658 	16.124516 	88.408142 	65.299309 	21.189621 	44.045429 	30.265491 	18.384777 	85.276024 	100.603180 	64.381676 	38.000000 	95.268044 	121.757957 	108.600182 	9.899495 	50.911690 	30.000000 	92.195442 	99.357941 	26.400757 	107.814659 	29.614185 	30.232433 	5.000000 	110.634537 	87.692642 	61.220913 	131.825638 	110.535065 	64.815125 	999.000000 	

Travel time:
9.000000 	0.160078 	1.319327 	0.820061 	1.123610 	1.299279 	0.145774 	0.413824 	1.308625 	1.648674 	0.276134 	0.350000 	0.515388 	1.719193 	1.160011 	2.105053 	0.291548 	0.403113 	2.302173 	1.171804 	0.750417 	0.371652 	1.697056 	0.525000 	1.930835 	1.644878 	0.705780 	1.035012 	0.447214 	2.147819 	0.930390 	1.523975 	1.222957 	1.485135 	0.515388 	1.998281 	0.883530 	1.041933 	0.990581 	1.248249 	2.087163 	0.952956 	1.603512 	1.317431 	0.887764 	0.656220 	1.786232 	1.325000 	0.686477 	1.542928 	
0.160078 	9.000000 	1.162970 	0.660019 	0.964689 	1.141271 	0.251247 	0.279509 	1.468205 	1.806239 	0.230489 	0.485412 	0.664266 	1.876832 	1.320038 	2.260669 	0.445112 	0.347311 	2.455733 	1.331353 	0.604152 	0.353553 	1.856240 	0.657647 	2.088660 	1.804508 	0.570088 	0.880696 	0.442295 	2.304886 	0.782624 	1.364047 	1.065950 	1.645068 	0.608276 	2.156965 	0.743303 	0.894427 	1.133854 	1.097725 	2.246803 	1.089151 	1.762278 	1.166190 	0.775403 	0.680074 	1.626730 	1.175266 	0.689656 	1.700000 	
1.319327 	1.162970 	9.000000 	0.534439 	0.225000 	0.070711 	1.402007 	1.025000 	2.601081 	2.912902 	1.243232 	1.638788 	1.825171 	2.983287 	2.469818 	3.343370 	1.574206 	1.241219 	3.517900 	2.486966 	0.801561 	1.323820 	2.980038 	1.802776 	3.194526 	2.935345 	0.901388 	0.594243 	1.389469 	3.400735 	0.728011 	0.400780 	0.496236 	2.795756 	1.697793 	3.271849 	0.824621 	0.715891 	2.285416 	0.672681 	3.375000 	2.229630 	2.921151 	0.672681 	1.061249 	1.603122 	0.637377 	0.707990 	1.550202 	2.862254 	
0.820061 	0.660019 	0.534439 	9.000000 	0.316228 	0.498121 	0.883883 	0.491172 	2.126029 	2.457260 	0.711512 	1.118034 	1.308864 	2.527969 	1.980057 	2.904522 	1.096586 	0.707107 	3.092329 	1.990760 	0.313249 	0.789383 	2.512469 	1.276959 	2.740096 	2.462341 	0.403887 	0.325960 	0.855862 	2.953494 	0.347311 	0.707107 	0.450694 	2.305022 	1.164313 	2.811250 	0.406971 	0.419076 	1.759616 	0.550568 	2.904522 	1.700184 	2.419969 	0.604669 	0.625000 	1.075000 	0.973717 	0.626997 	1.027740 	2.353853 	
1.123610 	0.964689 	0.225000 	0.316228 	9.000000 	0.182003 	1.196349 	0.807001 	2.420744 	2.742832 	1.027740 	1.431782 	1.621149 	2.813472 	2.281584 	3.182177 	1.390144 	1.019804 	3.363406 	2.295240 	0.577170 	1.103687 	2.804015 	1.592365 	3.025413 	2.756470 	0.676849 	0.395285 	1.167262 	3.235448 	0.515388 	0.447214 	0.357946 	2.607321 	1.480076 	3.099698 	0.608790 	0.520216 	2.075151 	0.527376 	3.197851 	2.016340 	2.726949 	0.548293 	0.845946 	1.378632 	0.716327 	0.581485 	1.325236 	2.663762 	
1.299279 	1.141271 	0.070711 	0.498121 	0.182003 	9.000000 	1.375909 	0.989002 	2.590005 	2.906888 	1.209597 	1.611870 	1.800347 	2.977415 	2.454587 	3.341501 	1.560649 	1.201301 	3.518966 	2.469818 	0.750000 	1.285496 	2.971216 	1.773415 	3.189044 	2.925107 	0.850000 	0.529741 	1.348379 	3.397058 	0.667083 	0.350892 	0.425735 	2.780513 	1.662077 	3.264966 	0.764853 	0.650000 	2.256241 	0.602080 	3.365728 	2.198010 	2.902693 	0.602080 	1.000625 	1.557241 	0.601041 	0.637377 	1.501874 	2.841215 	
0.145774 	0.251247 	1.402007 	0.883883 	1.196349 	1.375909 	9.000000 	0.424264 	1.277204 	1.630376 	0.223607 	0.237171 	0.425000 	1.700184 	1.113833 	2.094039 	0.325960 	0.333542 	2.298097 	1.117195 	0.761988 	0.275000 	1.667708 	0.406971 	1.910007 	1.611094 	0.700446 	1.060660 	0.333542 	2.130288 	0.941076 	1.575198 	1.256234 	1.434617 	0.371652 	1.971833 	0.880696 	1.050297 	0.886002 	1.261200 	2.051828 	0.838525 	1.540292 	1.331587 	0.845946 	0.520216 	1.831154 	1.335337 	0.559017 	1.470757 	
0.413824 	0.279509 	1.025000 	0.491172 	0.807001 	0.989002 	0.424264 	9.000000 	1.700368 	2.050152 	0.223607 	0.645174 	0.840015 	2.120289 	1.538059 	2.510976 	0.704450 	0.226385 	2.711319 	1.540495 	0.340037 	0.301040 	2.090753 	0.794119 	2.330906 	2.034853 	0.292617 	0.636396 	0.375832 	2.550122 	0.520216 	1.158123 	0.832541 	1.858259 	0.673146 	2.394394 	0.469707 	0.630971 	1.274755 	0.840015 	2.475884 	1.211662 	1.960230 	0.910014 	0.500625 	0.612882 	1.410009 	0.915492 	0.585235 	1.886299 	
1.308625 	1.468205 	2.601081 	2.126029 	2.420744 	2.590005 	1.277204 	1.700368 	9.000000 	0.371652 	1.495410 	1.081665 	0.896172 	0.436606 	0.201556 	0.840387 	1.030776 	1.581139 	1.059481 	0.251247 	2.039148 	1.497707 	0.390512 	0.995301 	0.638847 	0.336341 	1.975633 	2.335862 	1.500833 	0.862047 	2.218248 	2.831960 	2.528463 	0.251247 	1.198176 	0.695072 	2.155371 	2.327150 	0.725431 	2.538331 	0.778621 	0.825000 	0.431567 	2.608759 	2.088211 	1.495201 	3.094855 	2.612111 	1.583114 	0.469707 	
1.648674 	1.806239 	2.912902 	2.457260 	2.742832 	2.906888 	1.630376 	2.050152 	0.371652 	9.000000 	1.851520 	1.445035 	1.263428 	0.070711 	0.570088 	0.469707 	1.362213 	1.942453 	0.687841 	0.608276 	2.390084 	1.860779 	0.134629 	1.365650 	0.282843 	0.176777 	2.330772 	2.682466 	1.867652 	0.500000 	2.570019 	3.164352 	2.871628 	0.395285 	1.569236 	0.360555 	2.510976 	2.680019 	1.079641 	2.890069 	0.482830 	1.181630 	0.520216 	2.960152 	2.452805 	1.866815 	3.430197 	2.965004 	1.954642 	0.626498 	
0.276134 	0.230489 	1.243232 	0.711512 	1.027740 	1.209597 	0.223607 	0.223607 	1.495410 	1.851520 	9.000000 	0.425735 	0.620987 	1.921100 	1.326885 	2.316247 	0.539676 	0.127475 	2.521161 	1.325943 	0.548293 	0.125000 	1.885802 	0.570636 	2.130288 	1.827738 	0.480234 	0.851469 	0.215058 	2.351197 	0.725000 	1.380670 	1.050297 	1.644118 	0.456207 	2.190462 	0.660019 	0.832541 	1.051190 	1.044330 	2.267157 	0.989002 	1.741407 	1.114955 	0.625000 	0.458939 	1.630376 	1.117195 	0.460977 	1.665270 	
0.350000 	0.485412 	1.638788 	1.118034 	1.431782 	1.611870 	0.237171 	0.645174 	1.081665 	1.445035 	0.425735 	9.000000 	0.195256 	1.513481 	0.905883 	1.913439 	0.320156 	0.500000 	2.124264 	0.901734 	0.973717 	0.416083 	1.470544 	0.175000 	1.719920 	1.410009 	0.901734 	1.277204 	0.427200 	1.942453 	1.149184 	1.802776 	1.475847 	1.219887 	0.235850 	1.775704 	1.079641 	1.255239 	0.649038 	1.467353 	1.846957 	0.604669 	1.315770 	1.538059 	1.007782 	0.505594 	2.055024 	1.538871 	0.575543 	1.241219 	
0.515388 	0.664266 	1.825171 	1.308864 	1.621149 	1.800347 	0.425000 	0.840015 	0.896172 	1.263428 	0.620987 	0.195256 	9.000000 	1.330883 	0.715017 	1.732953 	0.371652 	0.691466 	1.946953 	0.707990 	1.168867 	0.605186 	1.282819 	0.127475 	1.535008 	1.220656 	1.096016 	1.472455 	0.604669 	1.758195 	1.343968 	1.997029 	1.671077 	1.025914 	0.325960 	1.587844 	1.273283 	1.449569 	0.477624 	1.661701 	1.655483 	0.452769 	1.120547 	1.732412 	1.192686 	0.629484 	2.250000 	1.732772 	0.711073 	1.047020 	
1.719193 	1.876832 	2.983287 	2.527969 	2.813472 	2.977415 	1.700184 	2.120289 	0.436606 	0.070711 	1.921100 	1.513481 	1.330883 	9.000000 	0.632456 	0.403887 	1.432873 	2.011374 	0.625000 	0.667083 	2.460183 	1.929378 	0.125000 	1.431782 	0.212132 	0.190394 	2.400521 	2.752840 	1.935362 	0.430116 	2.640076 	3.235062 	2.942151 	0.431567 	1.634778 	0.291548 	2.580698 	2.750000 	1.134956 	2.960152 	0.419076 	1.237437 	0.536773 	3.030264 	2.521161 	1.931321 	3.500893 	3.035004 	2.019437 	0.650000 	
1.160011 	1.320038 	2.469818 	1.980057 	2.281584 	2.454587 	1.113833 	1.538059 	0.201556 	0.570088 	1.326885 	0.905883 	0.715017 	0.632456 	9.000000 	1.035918 	0.896172 	1.405569 	1.257229 	0.070711 	1.874166 	1.320038 	0.570636 	0.806226 	0.827647 	0.506211 	1.806239 	2.174425 	1.317431 	1.051190 	2.051828 	2.682466 	2.369863 	0.325960 	1.006231 	0.874643 	1.984943 	2.159282 	0.527376 	2.371181 	0.941076 	0.625500 	0.467039 	2.441823 	1.906895 	1.300000 	2.942151 	2.443614 	1.388569 	0.450000 	
2.105053 	2.260669 	3.343370 	2.904522 	3.182177 	3.341501 	2.094039 	2.510976 	0.840387 	0.469707 	2.316247 	1.913439 	1.732953 	0.403887 	1.035918 	9.000000 	1.815558 	2.409616 	0.226385 	1.068001 	2.850987 	2.328760 	0.480885 	1.835245 	0.225000 	0.555090 	2.794302 	3.140064 	2.336932 	0.103078 	3.031192 	3.610575 	3.326503 	0.803508 	2.038535 	0.246221 	2.974580 	3.141755 	1.529706 	3.350840 	0.353553 	1.632674 	0.855862 	3.420618 	2.921151 	2.335193 	3.878225 	3.426460 	2.423324 	0.980115 	
0.291548 	0.445112 	1.574206 	1.096586 	1.390144 	1.560649 	0.325960 	0.704450 	1.030776 	1.362213 	0.539676 	0.320156 	0.371652 	1.432873 	0.896172 	1.815558 	9.000000 	0.657647 	2.011219 	0.916856 	1.041933 	0.600521 	1.415980 	0.450694 	1.644878 	1.366794 	0.995301 	1.325236 	0.651920 	1.860276 	1.221935 	1.803469 	1.511001 	1.221935 	0.555090 	1.714825 	1.173936 	1.333464 	0.828402 	1.539683 	1.808660 	0.818917 	1.353237 	1.608765 	1.164313 	0.798827 	2.068363 	1.616516 	0.855132 	1.305038 	
0.403113 	0.347311 	1.241219 	0.707107 	1.019804 	1.201301 	0.333542 	0.226385 	1.581139 	1.942453 	0.127475 	0.500000 	0.691466 	2.011374 	1.405569 	2.409616 	0.657647 	9.000000 	2.617728 	1.399330 	0.493077 	0.090139 	1.970406 	0.620987 	2.218812 	1.910007 	0.410031 	0.797653 	0.150000 	2.440927 	0.660019 	1.341641 	0.999062 	1.717010 	0.469707 	2.275549 	0.583631 	0.761988 	1.089151 	0.973717 	2.346540 	1.017657 	1.804508 	1.044330 	0.515388 	0.388104 	1.582127 	1.043132 	0.369121 	1.722099 	
2.302173 	2.455733 	3.517900 	3.092329 	3.363406 	3.518966 	2.298097 	2.711319 	1.059481 	0.687841 	2.521161 	2.124264 	1.946953 	0.625000 	1.257229 	0.226385 	2.011219 	2.617728 	9.000000 	1.291559 	3.050922 	2.538331 	0.707107 	2.051981 	0.450694 	0.781425 	2.997186 	3.336353 	2.549510 	0.261008 	3.231195 	3.796380 	3.520032 	1.029866 	2.256241 	0.456207 	3.177361 	3.342248 	1.755349 	3.550088 	0.525595 	1.858259 	1.077613 	3.619479 	3.130994 	2.554530 	4.065172 	3.626379 	2.642205 	1.202341 	
1.171804 	1.331353 	2.486966 	1.990760 	2.295240 	2.469818 	1.117195 	1.540495 	0.251247 	0.608276 	1.325943 	0.901734 	0.707990 	0.667083 	0.070711 	1.068001 	0.916856 	1.399330 	1.291559 	9.000000 	1.874166 	1.312441 	0.594243 	0.790569 	0.854400 	0.525595 	1.803469 	2.176149 	1.305038 	1.077033 	2.050610 	2.690376 	2.373025 	0.318198 	0.986154 	0.894427 	1.981161 	2.156965 	0.475000 	2.369071 	0.950329 	0.575543 	0.436606 	2.439775 	1.895059 	1.274755 	2.948093 	2.440543 	1.364047 	0.403113 	
0.750417 	0.604152 	0.801561 	0.313249 	0.577170 	0.750000 	0.761988 	0.340037 	2.039148 	2.390084 	0.548293 	0.973717 	1.168867 	2.460183 	1.874166 	2.850987 	1.041933 	0.493077 	3.050922 	1.874166 	9.000000 	0.583095 	2.429635 	1.110180 	2.670674 	2.373025 	0.100000 	0.305164 	0.626997 	2.890069 	0.180278 	0.850368 	0.506211 	2.192316 	0.961769 	2.733588 	0.150000 	0.291548 	1.582127 	0.500000 	2.813472 	1.510381 	2.288695 	0.570088 	0.318198 	0.813941 	1.089151 	0.575543 	0.753741 	2.210204 	
0.371652 	0.353553 	1.323820 	0.789383 	1.103687 	1.285496 	0.275000 	0.301040 	1.497707 	1.860779 	0.125000 	0.416083 	0.605186 	1.929378 	1.320038 	2.328760 	0.600521 	0.090139 	2.538331 	1.312441 	0.583095 	9.000000 	1.886299 	0.531507 	2.136001 	1.825171 	0.500000 	0.887764 	0.090139 	2.358495 	0.750000 	1.431127 	1.089151 	1.629801 	0.380789 	2.191461 	0.672681 	0.851469 	0.999062 	1.063015 	2.260669 	0.928036 	1.715554 	1.133578 	0.592663 	0.335410 	1.672199 	1.131923 	0.336341 	1.632483 	
1.697056 	1.856240 	2.980038 	2.512469 	2.804015 	2.971216 	1.667708 	2.090753 	0.390512 	0.134629 	1.885802 	1.470544 	1.282819 	0.125000 	0.570636 	0.480885 	1.415980 	1.970406 	0.707107 	0.594243 	2.429635 	1.886299 	9.000000 	1.376817 	0.261008 	0.075000 	2.366036 	2.726032 	1.886796 	0.482830 	2.608759 	3.219084 	2.918154 	0.325000 	1.576586 	0.305164 	2.545707 	2.717651 	1.049405 	2.928844 	0.395285 	1.152443 	0.413824 	2.999271 	2.475505 	1.868321 	3.482905 	3.002603 	1.957358 	0.529741 	
0.525000 	0.657647 	1.802776 	1.276959 	1.592365 	1.773415 	0.406971 	0.794119 	0.995301 	1.365650 	0.570636 	0.175000 	0.127475 	1.431782 	0.806226 	1.835245 	0.450694 	0.620987 	2.051981 	0.790569 	1.110180 	0.531507 	1.376817 	9.000000 	1.632483 	1.311964 	1.030776 	1.415318 	0.515388 	1.856071 	1.280625 	1.950801 	1.615936 	1.105102 	0.206155 	1.680773 	1.204159 	1.382932 	0.482830 	1.594522 	1.740869 	0.431567 	1.184536 	1.665083 	1.105102 	0.509902 	2.198010 	1.663205 	0.594243 	1.101136 	
