Total assets = 649
Number of asset nodes = 33

Distance:
999.000000 	81.271149 	24.083189 	7.280110 	13.416408 	17.720045 	104.350372 	13.453624 	28.160255 	72.090218 	79.605278 	27.658634 	98.183502 	72.449982 	45.044422 	116.846054 	59.228371 	83.600243 	41.012192 	31.112698 	32.756680 	51.244511 	21.633308 	70.342018 	75.584389 	27.202942 	24.166092 	86.162636 	72.034714 	112.645462 	124.084648 	110.385689 	23.086792 	60.133186 	98.386993 	107.703293 	113.159180 	72.180328 	29.000000 	27.294687 	50.009998 	86.683334 	123.004066 	37.735924 	30.805843 	80.808418 	68.117546 	29.017237 	63.031738 	31.384710 	44.283180 	94.254974 	33.015148 	
81.271149 	999.000000 	61.522354 	83.868942 	75.690155 	71.421288 	24.698177 	79.208588 	62.625874 	17.029387 	10.770329 	65.604881 	17.000000 	21.023796 	49.193497 	37.735924 	35.171009 	27.018513 	41.629318 	51.000000 	63.513779 	44.011364 	101.671036 	28.017851 	23.537205 	76.609398 	102.727798 	19.104973 	29.154760 	31.400637 	44.204071 	29.154760 	97.580734 	42.579338 	21.095022 	26.925823 	31.906113 	33.241539 	81.841309 	88.408142 	58.821766 	26.400757 	41.868843 	74.706093 	86.267029 	31.384710 	42.011902 	99.904953 	48.166378 	89.050545 	70.384659 	29.206163 	102.941734 	
24.083189 	61.522354 	999.000000 	23.769728 	14.422205 	9.899495 	85.796272 	17.804493 	6.403124 	49.929951 	58.008621 	8.544003 	77.897369 	49.648766 	21.000000 	98.716766 	35.440090 	70.007141 	27.459061 	20.099751 	12.041595 	27.166155 	41.182522 	46.818798 	52.392746 	18.110771 	41.617306 	63.529522 	48.383881 	92.698433 	105.550934 	90.027771 	36.069378 	36.055511 	76.550636 	86.833176 	92.849342 	48.270073 	23.345236 	28.231188 	27.730848 	63.324562 	103.276329 	23.409399 	27.658634 	57.008770 	44.045429 	38.600517 	39.204590 	30.083218 	26.400757 	70.936592 	41.880783 	
7.280110 	83.868942 	23.769728 	999.000000 	10.049875 	15.132746 	107.517441 	8.246211 	26.305893 	73.430237 	81.301903 	25.019993 	100.603180 	73.348480 	43.931767 	120.208153 	59.135437 	88.204308 	45.000000 	35.227829 	30.000000 	50.447994 	17.804493 	70.576202 	76.157730 	21.931713 	19.209373 	87.206650 	72.111023 	115.256233 	127.310646 	112.800713 	16.492422 	59.033890 	99.985001 	109.859001 	115.602768 	71.840103 	22.803509 	20.248457 	47.095646 	87.091904 	125.733849 	32.695564 	24.083189 	80.653580 	66.910385 	22.022715 	61.204575 	24.413111 	39.849716 	94.704803 	26.019224 	
13.416408 	75.690155 	14.422205 	10.049875 	999.000000 	5.099020 	99.764725 	3.605551 	16.278820 	64.350601 	72.422371 	15.000000 	92.195442 	64.007812 	33.955853 	112.609947 	49.396355 	82.298241 	38.910152 	29.732138 	20.024984 	40.521599 	26.832815 	60.926186 	66.640831 	14.142136 	27.202942 	77.897369 	62.393909 	106.962608 	119.553337 	104.350372 	22.022715 	49.030602 	90.972527 	101.212646 	107.168091 	61.983868 	17.000000 	18.027756 	37.215588 	77.472572 	117.515953 	24.413111 	19.924858 	70.837845 	56.885849 	25.495098 	51.156624 	21.377558 	30.870699 	85.088188 	29.154760 	
17.720045 	71.421288 	9.899495 	15.132746 	5.099020 	999.000000 	95.671310 	8.062258 	11.180340 	59.640591 	67.801178 	10.049875 	87.783829 	59.169250 	28.861740 	108.577164 	44.384682 	79.202271 	36.055511 	27.459061 	15.132746 	35.440090 	31.780497 	55.946404 	61.717098 	12.083046 	31.906113 	73.061615 	57.384666 	102.591423 	115.433968 	99.904953 	26.172504 	43.931767 	86.267029 	96.674713 	102.727798 	56.920998 	16.278820 	19.416489 	32.388271 	72.498276 	113.172432 	21.213203 	20.024984 	65.787537 	51.788029 	28.844410 	46.097721 	22.022715 	26.925823 	80.112419 	32.249031 	
104.350372 	24.698177 	85.796272 	107.517441 	99.764725 	95.671310 	999.000000 	103.324730 	87.200920 	40.496914 	32.280025 	90.210861 	13.152946 	43.680660 	73.824112 	13.038404 	59.236813 	30.000000 	63.600315 	73.409805 	88.204308 	68.447060 	125.255737 	50.447994 	44.721359 	101.257095 	126.574089 	35.000000 	50.990196 	12.165525 	19.798990 	13.416408 	121.753853 	66.098412 	24.351591 	16.278820 	14.560220 	54.744862 	106.508217 	113.004425 	83.006027 	42.107006 	19.924858 	99.362968 	110.941429 	50.009998 	64.132675 	124.326187 	71.063354 	113.718948 	94.847244 	40.261642 	127.440186 	
13.453624 	79.208588 	17.804493 	8.246211 	3.605551 	8.062258 	103.324730 	999.000000 	18.973665 	67.675697 	75.802376 	17.262676 	95.671310 	67.230942 	36.687874 	116.180893 	52.392746 	85.883644 	42.485291 	33.241539 	22.090721 	43.324360 	23.769728 	63.976559 	69.771057 	13.892444 	23.853722 	81.123360 	65.391129 	110.453613 	123.109711 	107.814659 	18.439089 	51.662365 	94.302704 	104.637466 	110.634537 	64.845970 	15.620500 	15.297058 	39.012817 	80.529495 	121.016525 	24.596748 	17.888544 	73.736015 	59.439045 	21.931713 	53.460266 	18.973665 	31.622776 	88.141930 	25.632011 	
28.160255 	62.625874 	6.403124 	26.305893 	16.278820 	11.180340 	87.200920 	18.973665 	999.000000 	49.678970 	58.051701 	3.162278 	78.517517 	48.826221 	17.720045 	100.209778 	33.541019 	73.375748 	32.015621 	25.709921 	5.656854 	24.351591 	42.720020 	45.177429 	51.107731 	14.317822 	42.485291 	62.681736 	46.518814 	93.380943 	106.826965 	90.509666 	36.055511 	32.756680 	76.216797 	87.045967 	93.338097 	45.880280 	19.697716 	25.806976 	22.135944 	61.717098 	104.004807 	17.464249 	24.166092 	54.781384 	40.607880 	37.483330 	35.014282 	26.832815 	20.000000 	69.318108 	40.360870 	
72.090218 	17.029387 	49.929951 	73.430237 	64.350601 	59.640591 	40.496914 	67.675697 	49.678970 	999.000000 	8.602325 	52.402290 	29.681644 	4.472136 	34.205261 	53.310413 	18.788294 	41.231056 	37.000000 	44.553337 	49.517673 	28.301943 	91.065910 	11.180340 	8.485281 	62.936478 	91.525955 	14.317822 	12.649111 	44.407207 	59.059292 	41.231056 	85.603737 	25.709921 	26.627054 	37.483330 	44.045429 	16.763054 	67.941154 	74.953316 	42.544094 	17.464249 	55.000000 	59.640591 	72.249565 	17.691807 	25.079872 	87.114868 	31.144823 	75.073296 	54.589375 	24.020824 	89.827614 	
79.605278 	10.770329 	58.008621 	81.301903 	72.422371 	67.801178 	32.280025 	75.802376 	58.051701 	8.602325 	999.000000 	60.827625 	21.095022 	11.401754 	42.801868 	44.944408 	27.294687 	37.443291 	42.579338 	50.960770 	58.051701 	36.891735 	99.020203 	18.248287 	13.038404 	71.449280 	99.624290 	9.848858 	19.026299 	35.805027 	50.537113 	32.649654 	93.861603 	33.837849 	18.788294 	29.000000 	35.468296 	23.000000 	76.485291 	83.450584 	50.990196 	16.278820 	46.400433 	68.242218 	80.808418 	20.615528 	32.140316 	95.524864 	38.832977 	83.630135 	63.134777 	20.615528 	98.290382 	
27.658634 	65.604881 	8.544003 	25.019993 	15.000000 	10.049875 	90.210861 	17.262676 	3.162278 	52.402290 	60.827625 	999.000000 	81.394104 	51.400391 	19.697716 	103.227905 	35.846897 	76.537575 	35.057095 	28.442924 	5.099020 	26.400757 	40.804413 	47.507893 	53.535034 	11.180340 	40.311287 	65.215027 	48.764740 	96.260063 	109.808922 	93.348808 	33.615471 	34.481880 	78.873314 	89.827614 	96.176918 	47.927029 	16.552946 	22.803509 	22.360680 	64.007812 	106.887794 	14.866069 	21.023796 	56.859474 	42.201897 	34.713108 	36.221542 	23.706539 	18.384777 	71.589104 	37.483330 	
98.183502 	17.000000 	77.897369 	100.603180 	92.195442 	87.783829 	13.152946 	95.671310 	78.517517 	29.681644 	21.095022 	81.394104 	999.000000 	32.202484 	63.820061 	24.515301 	48.373547 	34.539833 	58.600342 	68.000000 	78.873314 	57.982758 	118.406082 	38.626415 	32.572994 	92.195442 	119.331474 	22.090721 	38.897301 	14.866069 	29.546574 	12.206555 	113.951744 	54.625999 	11.661903 	10.198039 	15.000000 	42.449970 	97.308784 	104.139328 	72.006943 	29.017237 	25.495098 	89.308456 	101.671036 	37.121422 	51.923019 	115.974136 	59.135437 	104.484451 	84.219948 	27.202942 	118.869675 	
72.449982 	21.023796 	49.648766 	73.348480 	64.007812 	59.169250 	43.680660 	67.230942 	48.826221 	4.472136 	11.401754 	51.400391 	32.202484 	999.000000 	32.526913 	56.302753 	16.401220 	45.694637 	39.204590 	46.097721 	48.166378 	26.248810 	90.824005 	7.000000 	4.472136 	61.619801 	91.065910 	13.892444 	8.246211 	46.647614 	61.741398 	43.266617 	84.876381 	22.472204 	27.586229 	39.204590 	46.043457 	12.369317 	66.483078 	73.661385 	39.824615 	15.000000 	57.140179 	57.628117 	70.710678 	13.601471 	21.000000 	86.052307 	27.459061 	73.539108 	52.153618 	22.203604 	88.617157 	
45.044422 	49.193497 	21.000000 	43.931767 	33.955853 	28.861740 	73.824112 	36.687874 	17.720045 	34.205261 	42.801868 	19.697716 	63.820061 	32.526913 	999.000000 	86.833176 	16.401220 	65.192024 	31.384710 	30.479502 	15.811388 	6.708204 	60.406952 	28.017851 	34.205261 	29.206163 	60.008331 	46.097721 	29.154760 	78.600258 	92.962357 	75.432091 	53.235325 	15.132746 	60.108234 	71.589104 	78.243210 	28.231188 	33.970577 	41.231056 	12.649111 	44.418465 	89.202019 	25.553865 	38.183765 	37.161808 	23.086792 	53.823788 	18.439089 	41.012192 	21.587032 	51.971146 	56.222771 	
116.846054 	37.735924 	98.716766 	120.208153 	112.609947 	108.577164 	13.038404 	116.180893 	100.209778 	53.310413 	44.944408 	103.227905 	24.515301 	56.302753 	86.833176 	999.000000 	72.090218 	38.600517 	75.927597 	85.796272 	101.242287 	81.394104 	137.902145 	62.936478 	57.008770 	114.284729 	139.316193 	46.529560 	63.324562 	13.928389 	7.615773 	17.720045 	134.617981 	78.771820 	34.014702 	22.561028 	16.552946 	66.940269 	119.540787 	126.015869 	95.854057 	53.150730 	13.000000 	112.378822 	123.975807 	61.522354 	76.400261 	137.277100 	83.522453 	126.751724 	107.786827 	50.089920 	140.417236 	
59.228371 	35.171009 	35.440090 	59.135437 	49.396355 	44.384682 	59.236813 	52.392746 	33.541019 	18.788294 	27.294687 	35.846897 	48.373547 	16.401220 	16.401220 	72.090218 	999.000000 	55.578773 	33.615471 	37.363083 	32.202484 	9.899495 	76.157730 	11.661903 	17.804493 	45.607018 	76.026314 	29.732138 	13.000000 	62.968246 	77.826729 	59.640591 	69.462219 	8.246211 	43.863426 	55.605755 	62.425957 	13.038404 	50.328918 	57.628117 	23.769728 	28.178005 	73.498299 	41.231056 	54.488529 	21.587032 	12.806249 	70.213959 	14.866069 	57.314919 	35.846897 	35.777088 	72.622307 	
83.600243 	27.018513 	70.007141 	88.204308 	82.298241 	79.202271 	30.000000 	85.883644 	73.375748 	41.231056 	37.443291 	76.537575 	34.539833 	45.694637 	65.192024 	38.600517 	55.578773 	999.000000 	43.416588 	53.000000 	76.157730 	62.008064 	105.209312 	52.201534 	49.193497 	87.595665 	107.335922 	46.097721 	53.851646 	42.047592 	46.173584 	42.426407 	103.942291 	63.788715 	44.418465 	43.416588 	44.181442 	57.939625 	92.973114 	98.234413 	77.006493 	53.413483 	49.365982 	88.842560 	97.406364 	57.801384 	65.520988 	107.782188 	70.213959 	99.959991 	86.579445 	55.865910 	111.359779 	
41.012192 	41.629318 	27.459061 	45.000000 	38.910152 	36.055511 	63.600315 	42.485291 	32.015621 	37.000000 	42.579338 	35.057095 	58.600342 	39.204590 	31.384710 	75.927597 	33.615471 	43.416588 	999.000000 	9.899495 	36.124783 	32.557640 	62.369865 	40.521599 	43.416588 	45.541191 	64.202805 	51.088158 	42.720020 	72.560318 	83.240616 	70.661163 	60.539242 	39.824615 	60.876926 	68.541962 	73.355301 	44.944408 	50.803543 	55.362442 	43.829212 	54.147945 	82.680107 	49.091751 	55.108982 	51.419842 	46.324940 	64.404968 	46.010868 	57.489128 	49.244289 	61.008198 	68.029404 	
31.112698 	51.000000 	20.099751 	35.227829 	29.732138 	27.459061 	73.409805 	33.241539 	25.709921 	44.553337 	50.960770 	28.442924 	68.000000 	46.097721 	30.479502 	85.796272 	37.363083 	53.000000 	9.899495 	999.000000 	30.675724 	33.615471 	52.497620 	46.173584 	50.009998 	38.000000 	54.405884 	58.855755 	48.259712 	82.152298 	93.085983 	80.131142 	51.000000 	42.047592 	69.570107 	77.820305 	82.855293 	49.819675 	43.046486 	46.872166 	41.868843 	61.073727 	92.358002 	43.174065 	47.169907 	57.218880 	49.396355 	55.154327 	47.507893 	49.365982 	44.777225 	68.264191 	58.872746 	
32.756680 	63.513779 	12.041595 	30.000000 	20.024984 	15.132746 	88.204308 	22.090721 	5.656854 	49.517673 	58.051701 	5.099020 	78.873314 	48.166378 	15.811388 	101.242287 	32.202484 	76.157730 	36.124783 	30.675724 	999.000000 	22.472204 	45.354160 	43.829212 	50.000000 	13.453624 	44.598206 	61.846584 	44.944408 	93.723000 	107.647575 	90.686272 	37.576588 	30.083218 	75.742989 	87.000000 	93.509361 	43.829212 	18.439089 	25.495098 	17.262676 	60.207973 	104.350372 	13.000000 	22.803509 	52.773098 	37.643059 	38.013157 	31.400637 	25.612497 	14.422205 	67.742157 	40.459858 	
51.244511 	44.011364 	27.166155 	50.447994 	40.521599 	35.440090 	68.447060 	43.324360 	24.351591 	28.301943 	36.891735 	26.400757 	57.982758 	26.248810 	6.708204 	81.394104 	9.899495 	62.008064 	32.557640 	33.615471 	22.472204 	999.000000 	67.067131 	21.400934 	27.658634 	35.805027 	66.708321 	39.623226 	22.472204 	72.670486 	87.321243 	69.404610 	59.941639 	9.055386 	53.758720 	65.436989 	72.201111 	21.540659 	40.459858 	47.801674 	15.132746 	37.735924 	83.234612 	31.400637 	44.598206 	30.463093 	17.029387 	60.464867 	13.892444 	47.423622 	26.400757 	45.276924 	62.801273 	
21.633308 	101.671036 	41.182522 	17.804493 	26.832815 	31.780497 	125.255737 	23.769728 	42.720020 	91.065910 	99.020203 	40.804413 	118.406082 	90.824005 	60.406952 	137.902145 	76.157730 	105.209312 	62.369865 	52.497620 	45.354160 	67.067131 	999.000000 	87.726852 	93.471924 	34.058773 	4.472136 	104.709122 	89.157166 	133.060135 	145.041367 	130.602448 	11.180340 	75.286118 	117.660530 	127.640121 	133.405396 	88.600227 	32.140316 	25.709921 	61.522354 	104.278473 	143.533966 	44.045429 	30.805843 	97.498718 	82.969872 	17.029387 	76.687675 	29.410883 	52.009613 	111.892807 	19.849434 	
70.342018 	28.017851 	46.818798 	70.576202 	60.926186 	55.946404 	50.447994 	63.976559 	45.177429 	11.180340 	18.248287 	47.507893 	38.626415 	7.000000 	28.017851 	62.936478 	11.661903 	52.201534 	40.521599 	46.173584 	43.829212 	21.400934 	87.726852 	999.000000 	6.403124 	57.201397 	87.658424 	18.439089 	2.236068 	52.773098 	68.154236 	49.244289 	81.123360 	16.124516 	32.802441 	44.944408 	51.971146 	5.830952 	61.846584 	69.202599 	33.837849 	16.552946 	63.134777 	52.345009 	65.946945 	11.045361 	14.000000 	81.841309 	20.615528 	68.767723 	46.400433 	24.166092 	84.202141 	
75.584389 	23.537205 	52.392746 	76.157730 	66.640831 	61.717098 	44.721359 	69.771057 	51.107731 	8.485281 	13.038404 	53.535034 	32.572994 	4.472136 	34.205261 	57.008770 	17.804493 	49.193497 	43.416588 	50.009998 	50.000000 	27.658634 	93.471924 	6.403124 	999.000000 	63.411354 	93.536087 	12.041595 	6.324555 	46.518814 	62.032249 	42.941822 	87.132080 	22.472204 	26.400757 	38.587563 	45.650848 	10.049875 	68.117546 	75.432091 	40.224369 	11.180340 	56.824291 	58.728188 	72.249565 	9.219544 	19.416489 	88.005684 	26.570660 	75.073296 	52.801514 	18.681541 	90.426765 	
27.202942 	76.609398 	18.110771 	21.931713 	14.142136 	12.083046 	101.257095 	13.892444 	14.317822 	62.936478 	71.449280 	11.180340 	92.195442 	61.619801 	29.206163 	114.284729 	45.607018 	87.595665 	45.541191 	38.000000 	13.453624 	35.805027 	34.058773 	57.201397 	63.411354 	999.000000 	32.557640 	75.286118 	58.249462 	107.056061 	120.801491 	104.062485 	25.000000 	42.941822 	89.196411 	100.419121 	106.887794 	56.938564 	5.385165 	12.041595 	27.658634 	73.498299 	117.686020 	10.770329 	9.848858 	65.863495 	50.159744 	24.698177 	43.324360 	12.529964 	18.248287 	80.993828 	27.018513 	
24.166092 	102.727798 	41.617306 	19.209373 	27.202942 	31.906113 	126.574089 	23.853722 	42.485291 	91.525955 	99.624290 	40.311287 	119.331474 	91.065910 	60.008331 	139.316193 	76.026314 	107.335922 	64.202805 	54.405884 	44.598206 	66.708321 	4.472136 	87.658424 	93.536087 	32.557640 	999.000000 	104.957130 	89.000000 	134.063416 	146.372818 	131.502853 	8.062258 	74.672615 	118.152443 	128.405609 	134.316788 	88.238312 	30.016663 	23.086792 	60.207973 	104.201729 	144.589066 	42.047592 	28.160255 	97.169952 	82.219215 	13.038404 	75.690155 	26.476404 	50.089920 	111.803398 	15.556349 	
86.162636 	19.104973 	63.529522 	87.206650 	77.897369 	73.061615 	35.000000 	81.123360 	62.681736 	14.317822 	9.848858 	65.215027 	22.090721 	13.892444 	46.097721 	46.529560 	29.732138 	46.097721 	51.088158 	58.855755 	61.846584 	39.623226 	104.709122 	18.439089 	12.041595 	75.286118 	104.957130 	999.000000 	18.027756 	35.114101 	50.960770 	31.384710 	98.737022 	34.409302 	14.422205 	26.832815 	34.014702 	21.023796 	80.056229 	87.321243 	52.201534 	7.615773 	45.188496 	70.767227 	84.219948 	15.033297 	30.463093 	99.809822 	38.013157 	87.045967 	64.815125 	10.770329 	102.303467 	
72.034714 	29.154760 	48.383881 	72.111023 	62.393909 	57.384666 	50.990196 	65.391129 	46.518814 	12.649111 	19.026299 	48.764740 	38.897301 	8.246211 	29.154760 	63.324562 	13.000000 	53.851646 	42.720020 	48.259712 	44.944408 	22.472204 	89.157166 	2.236068 	6.324555 	58.249462 	89.000000 	18.027756 	999.000000 	52.801514 	68.352028 	49.193497 	82.365044 	16.401220 	32.449963 	44.777225 	51.884487 	4.123106 	62.801273 	70.213959 	34.205261 	15.264338 	63.063461 	53.037724 	66.843102 	9.000000 	13.152946 	82.927681 	20.248457 	69.656296 	46.861500 	22.825424 	85.211502 	
112.645462 	31.400637 	92.698433 	115.256233 	106.962608 	102.591423 	12.165525 	110.453613 	93.380943 	44.407207 	35.805027 	96.260063 	14.866069 	46.647614 	78.600258 	13.928389 	62.968246 	42.047592 	72.560318 	82.152298 	93.723000 	72.670486 	133.060135 	52.773098 	46.518814 	107.056061 	134.063416 	35.114101 	52.801514 	999.000000 	16.124516 	4.000000 	128.763351 	68.883957 	21.377558 	9.000000 	2.828427 	56.080299 	112.160599 	119.004204 	86.452301 	41.000000 	10.630146 	104.043259 	116.516090 	49.729267 	65.551506 	130.831955 	73.006851 	119.331474 	98.792709 	37.054016 	133.734818 	
124.084648 	44.204071 	105.550934 	127.310646 	119.553337 	115.433968 	19.798990 	123.109711 	106.826965 	59.059292 	50.537113 	109.808922 	29.546574 	61.741398 	92.962357 	7.615773 	77.826729 	46.173584 	83.240616 	93.085983 	107.647575 	87.321243 	145.041367 	68.154236 	62.032249 	120.801491 	146.372818 	50.960770 	68.352028 	16.124516 	999.000000 	20.099751 	141.534454 	84.172440 	37.483330 	25.079872 	18.000000 	71.784401 	126.015869 	132.612213 	101.518471 	57.070133 	9.433981 	118.511604 	130.430054 	65.734314 	81.271149 	144.045135 	88.600227 	133.221619 	113.648582 	53.150730 	147.122391 	
110.385689 	29.154760 	90.027771 	112.800713 	104.350372 	99.904953 	13.416408 	107.814659 	90.509666 	41.231056 	32.649654 	93.348808 	12.206555 	43.266617 	75.432091 	17.720045 	59.640591 	42.426407 	70.661163 	80.131142 	90.686272 	69.404610 	130.602448 	49.244289 	42.941822 	104.062485 	131.502853 	31.384710 	49.193497 	4.000000 	20.099751 	999.000000 	126.063477 	65.368187 	17.464249 	5.000000 	2.828427 	52.392746 	109.123779 	116.043098 	83.006027 	37.107952 	13.892444 	100.801788 	113.454834 	45.880280 	61.846584 	127.988281 	69.354164 	116.275536 	95.414886 	33.060551 	130.831955 	
23.086792 	97.580734 	36.069378 	16.492422 	22.022715 	26.172504 	121.753853 	18.439089 	36.055511 	85.603737 	93.861603 	33.615471 	113.951744 	84.876381 	53.235325 	134.617981 	69.462219 	103.942291 	60.539242 	51.000000 	37.576588 	59.941639 	11.180340 	81.123360 	87.132080 	25.000000 	8.062258 	98.737022 	82.365044 	128.763351 	141.534454 	126.063477 	999.000000 	67.623962 	112.200714 	122.788437 	128.887543 	81.394104 	22.090721 	15.033297 	52.630791 	97.616600 	139.344894 	34.132095 	20.099751 	90.338257 	75.026665 	6.708204 	68.308128 	18.439089 	42.190044 	105.190300 	10.440307 	
60.133186 	42.579338 	36.055511 	59.033890 	49.030602 	43.931767 	66.098412 	51.662365 	32.756680 	25.709921 	33.837849 	34.481880 	54.625999 	22.472204 	15.132746 	78.771820 	8.246211 	63.788715 	39.824615 	42.047592 	30.083218 	9.055386 	75.286118 	16.124516 	22.472204 	42.941822 	74.672615 	34.409302 	16.401220 	68.883957 	84.172440 	65.368187 	67.623962 	999.000000 	48.826221 	61.057350 	68.095520 	14.212670 	47.169907 	54.708317 	17.804493 	31.144823 	79.259071 	36.878178 	51.039200 	23.021729 	8.000000 	67.601776 	6.708204 	53.823788 	30.479502 	38.418747 	69.641945 	
98.386993 	21.095022 	76.550636 	99.985001 	90.972527 	86.267029 	24.351591 	94.302704 	76.216797 	26.627054 	18.788294 	78.873314 	11.661903 	27.586229 	60.108234 	34.014702 	43.863426 	44.418465 	60.876926 	69.570107 	75.742989 	53.758720 	117.660530 	32.802441 	26.400757 	89.196411 	118.152443 	14.422205 	32.449963 	21.377558 	37.483330 	17.464249 	112.200714 	48.826221 	999.000000 	12.649111 	19.924858 	35.355339 	94.069122 	101.237343 	66.610809 	19.646883 	31.016125 	85.041168 	98.290382 	28.460499 	44.721359 	113.569359 	52.354561 	101.118744 	79.202271 	16.124516 	116.180893 	
107.703293 	26.925823 	86.833176 	109.859001 	101.212646 	96.674713 	16.278820 	104.637466 	87.045967 	37.483330 	29.000000 	89.827614 	10.198039 	39.204590 	71.589104 	22.561028 	55.605755 	43.416588 	68.541962 	77.820305 	87.000000 	65.436989 	127.640121 	44.944408 	38.587563 	100.419121 	128.405609 	26.832815 	44.777225 	9.000000 	25.079872 	5.000000 	122.788437 	61.057350 	12.649111 	999.000000 	7.280110 	47.853943 	105.418213 	112.432205 	78.771820 	32.280025 	18.384777 	96.829750 	109.713264 	41.109608 	57.271286 	124.523087 	64.845970 	112.538879 	91.263351 	28.071337 	127.287079 	
113.159180 	31.906113 	92.849342 	115.602768 	107.168091 	102.727798 	14.560220 	110.634537 	93.338097 	44.045429 	35.468296 	96.176918 	15.000000 	46.043457 	78.243210 	16.552946 	62.425957 	44.181442 	73.355301 	82.855293 	93.509361 	72.201111 	133.405396 	51.971146 	45.650848 	106.887794 	134.316788 	34.014702 	51.884487 	2.828427 	18.000000 	2.828427 	128.887543 	68.095520 	19.924858 	7.280110 	999.000000 	55.036350 	111.946419 	118.869675 	85.755463 	39.560081 	11.180340 	103.600197 	116.275536 	48.383881 	64.474800 	130.816666 	72.013885 	119.096596 	98.183502 	35.227829 	133.660019 	
72.180328 	33.241539 	48.270073 	71.840103 	61.983868 	56.920998 	54.744862 	64.845970 	45.880280 	16.763054 	23.000000 	47.927029 	42.449970 	12.369317 	28.231188 	66.940269 	13.038404 	57.939625 	44.944408 	49.819675 	43.829212 	21.540659 	88.600227 	5.830952 	10.049875 	56.938564 	88.238312 	21.023796 	4.123106 	56.080299 	71.784401 	52.392746 	81.394104 	14.212670 	35.355339 	47.853943 	55.036350 	999.000000 	61.294373 	68.796799 	31.827662 	16.970562 	66.211784 	51.088158 	65.215027 	8.944272 	9.486833 	81.633324 	17.000000 	68.007355 	44.553337 	24.207438 	83.761566 	
29.000000 	81.841309 	23.345236 	22.803509 	17.000000 	16.278820 	106.508217 	15.620500 	19.697716 	67.941154 	76.485291 	16.552946 	97.308784 	66.483078 	33.970577 	119.540787 	50.328918 	92.973114 	50.803543 	43.046486 	18.439089 	40.459858 	32.140316 	61.846584 	68.117546 	5.385165 	30.016663 	80.056229 	62.801273 	112.160599 	126.015869 	109.123779 	22.090721 	47.169907 	94.069122 	105.418213 	111.946419 	61.294373 	999.000000 	7.615773 	31.016125 	78.006409 	122.788437 	12.041595 	4.472136 	70.178345 	54.120235 	20.615528 	47.010635 	7.211102 	20.099751 	85.445892 	22.472204 	
27.294687 	88.408142 	28.231188 	20.248457 	18.027756 	19.416489 	113.004425 	15.297058 	25.806976 	74.953316 	83.450584 	22.803509 	104.139328 	73.661385 	41.231056 	126.015869 	57.628117 	98.234413 	55.362442 	46.872166 	25.495098 	47.801674 	25.709921 	69.202599 	75.432091 	12.041595 	23.086792 	87.321243 	70.213959 	119.004204 	132.612213 	116.043098 	15.033297 	54.708317 	101.237343 	112.432205 	118.869675 	68.796799 	7.615773 	999.000000 	38.626415 	85.445892 	129.634094 	19.416489 	5.099020 	77.698135 	61.717098 	13.000000 	54.625999 	4.242640 	27.459061 	92.913940 	15.000000 	
50.009998 	58.821766 	27.730848 	47.095646 	37.215588 	32.388271 	83.006027 	39.012817 	22.135944 	42.544094 	50.990196 	22.360680 	72.006943 	39.824615 	12.649111 	95.854057 	23.769728 	77.006493 	43.829212 	41.868843 	17.262676 	15.132746 	61.522354 	33.837849 	40.224369 	27.658634 	60.207973 	52.201534 	34.205261 	86.452301 	101.518471 	83.006027 	52.630791 	17.804493 	66.610809 	78.771820 	85.755463 	31.827662 	31.016125 	38.626415 	999.000000 	48.795490 	96.896851 	19.723083 	34.438351 	40.360870 	23.600847 	51.623638 	16.124516 	37.121422 	12.727922 	55.901699 	53.225933 	
86.683334 	26.400757 	63.324562 	87.091904 	77.472572 	72.498276 	42.107006 	80.529495 	61.717098 	17.464249 	16.278820 	64.007812 	29.017237 	15.000000 	44.418465 	53.150730 	28.178005 	53.413483 	54.147945 	61.073727 	60.207973 	37.735924 	104.278473 	16.552946 	11.180340 	73.498299 	104.201729 	7.615773 	15.264338 	41.000000 	57.070133 	37.107952 	97.616600 	31.144823 	19.646883 	32.280025 	39.560081 	16.970562 	78.006409 	85.445892 	48.795490 	999.000000 	50.596443 	68.014702 	82.006096 	8.944272 	25.806976 	98.183502 	33.600594 	84.811554 	61.522354 	7.615773 	100.439034 	
123.004066 	41.868843 	103.276329 	125.733849 	117.515953 	113.172432 	19.924858 	121.016525 	104.004807 	55.000000 	46.400433 	106.887794 	25.495098 	57.140179 	89.202019 	13.000000 	73.498299 	49.365982 	82.680107 	92.358002 	104.350372 	83.234612 	143.533966 	63.134777 	56.824291 	117.686020 	144.589066 	45.188496 	63.063461 	10.630146 	9.433981 	13.892444 	139.344894 	79.259071 	31.016125 	18.384777 	11.180340 	66.211784 	122.788437 	129.634094 	96.896851 	50.596443 	999.000000 	114.621117 	127.141655 	59.464275 	75.643906 	141.449631 	83.192551 	129.957687 	109.293182 	45.891174 	144.360657 	
37.735924 	74.706093 	23.409399 	32.695564 	24.413111 	21.213203 	99.362968 	24.596748 	17.464249 	59.640591 	68.242218 	14.866069 	89.308456 	57.628117 	25.553865 	112.378822 	41.231056 	88.842560 	49.091751 	43.174065 	13.000000 	31.400637 	44.045429 	52.345009 	58.728188 	10.770329 	42.047592 	70.767227 	53.037724 	104.043259 	118.511604 	100.801788 	34.132095 	36.878178 	85.041168 	96.829750 	103.600197 	51.088158 	12.041595 	19.416489 	19.723083 	68.014702 	114.621117 	999.000000 	14.866069 	59.816387 	43.266617 	32.280025 	35.846897 	17.464249 	8.062258 	75.286118 	33.615471 	
30.805843 	86.267029 	27.658634 	24.083189 	19.924858 	20.024984 	110.941429 	17.888544 	24.166092 	72.249565 	80.808418 	21.023796 	101.671036 	70.710678 	38.183765 	123.975807 	54.488529 	97.406364 	55.108982 	47.169907 	22.803509 	44.598206 	30.805843 	65.946945 	72.249565 	9.848858 	28.160255 	84.219948 	66.843102 	116.516090 	130.430054 	113.454834 	20.099751 	51.039200 	98.290382 	109.713264 	116.275536 	65.215027 	4.472136 	5.099020 	34.438351 	82.006096 	127.141655 	14.866069 	999.000000 	74.060783 	57.801384 	17.464249 	50.537113 	2.828427 	22.803509 	89.403580 	18.788294 	
80.808418 	31.384710 	57.008770 	80.653580 	70.837845 	65.787537 	50.009998 	73.736015 	54.781384 	17.691807 	20.615528 	56.859474 	37.121422 	13.601471 	37.161808 	61.522354 	21.587032 	57.801384 	51.419842 	57.218880 	52.773098 	30.463093 	97.498718 	11.045361 	9.219544 	65.863495 	97.169952 	15.033297 	9.000000 	49.729267 	65.734314 	45.880280 	90.338257 	23.021729 	28.460499 	41.109608 	48.383881 	8.944272 	70.178345 	77.698135 	40.360870 	8.944272 	59.464275 	59.816387 	74.060783 	999.000000 	17.029387 	90.553848 	24.839485 	76.843994 	53.075417 	15.556349 	92.649879 	
68.117546 	42.011902 	44.045429 	66.910385 	56.885849 	51.788029 	64.132675 	59.439045 	40.607880 	25.079872 	32.140316 	42.201897 	51.923019 	21.000000 	23.086792 	76.400261 	12.806249 	65.520988 	46.324940 	49.396355 	37.643059 	17.029387 	82.969872 	14.000000 	19.416489 	50.159744 	82.219215 	30.463093 	13.152946 	65.551506 	81.271149 	61.846584 	75.026665 	8.000000 	44.721359 	57.271286 	64.474800 	9.486833 	54.120235 	61.717098 	23.600847 	25.806976 	75.643906 	43.266617 	57.801384 	17.029387 	999.000000 	74.686012 	7.810250 	60.539242 	36.235340 	32.557640 	76.537575 	
29.017237 	99.904953 	38.600517 	22.022715 	25.495098 	28.844410 	124.326187 	21.931713 	37.483330 	87.114868 	95.524864 	34.713108 	115.974136 	86.052307 	53.823788 	137.277100 	70.213959 	107.782188 	64.404968 	55.154327 	38.013157 	60.464867 	17.029387 	81.841309 	88.005684 	24.698177 	13.038404 	99.809822 	82.927681 	130.831955 	144.045135 	127.988281 	6.708204 	67.601776 	113.569359 	124.523087 	130.816666 	81.633324 	20.615528 	13.000000 	51.623638 	98.183502 	141.449631 	32.280025 	17.464249 	90.553848 	74.686012 	999.000000 	67.623962 	15.132746 	40.261642 	105.688217 	4.000000 	
63.031738 	48.166378 	39.204590 	61.204575 	51.156624 	46.097721 	71.063354 	53.460266 	35.014282 	31.144823 	38.832977 	36.221542 	59.135437 	27.459061 	18.439089 	83.522453 	14.866069 	70.213959 	46.010868 	47.507893 	31.400637 	13.892444 	76.687675 	20.615528 	26.570660 	43.324360 	75.690155 	38.013157 	20.248457 	73.006851 	88.600227 	69.354164 	68.308128 	6.708204 	52.354561 	64.845970 	72.013885 	17.000000 	47.010635 	54.625999 	16.124516 	33.600594 	83.192551 	35.846897 	50.537113 	24.839485 	7.810250 	67.623962 	999.000000 	53.235325 	28.600698 	40.360870 	69.318108 	
31.384710 	89.050545 	30.083218 	24.413111 	21.377558 	22.022715 	113.718948 	18.973665 	26.832815 	75.073296 	83.630135 	23.706539 	104.484451 	73.539108 	41.012192 	126.751724 	57.314919 	99.959991 	57.489128 	49.365982 	25.612497 	47.423622 	29.410883 	68.767723 	75.073296 	12.529964 	26.476404 	87.045967 	69.656296 	119.331474 	133.221619 	116.275536 	18.439089 	53.823788 	101.118744 	112.538879 	119.096596 	68.007355 	7.211102 	4.242640 	37.121422 	84.811554 	129.957687 	17.464249 	2.828427 	76.843994 	60.539242 	15.132746 	53.235325 	999.000000 	25.298222 	92.200867 	16.155495 	
44.283180 	70.384659 	26.400757 	39.849716 	30.870699 	26.925823 	94.847244 	31.622776 	20.000000 	54.589375 	63.134777 	18.384777 	84.219948 	52.153618 	21.587032 	107.786827 	35.846897 	86.579445 	49.244289 	44.777225 	14.422205 	26.400757 	52.009613 	46.400433 	52.801514 	18.248287 	50.089920 	64.815125 	46.861500 	98.792709 	113.648582 	95.414886 	42.190044 	30.479502 	79.202271 	91.263351 	98.183502 	44.553337 	20.099751 	27.459061 	12.727922 	61.522354 	109.293182 	8.062258 	22.803509 	53.075417 	36.235340 	40.261642 	28.600698 	25.298222 	999.000000 	68.622154 	41.436699 	
94.254974 	29.206163 	70.936592 	94.704803 	85.088188 	80.112419 	40.261642 	88.141930 	69.318108 	24.020824 	20.615528 	71.589104 	27.202942 	22.203604 	51.971146 	50.089920 	35.777088 	55.865910 	61.008198 	68.264191 	67.742157 	45.276924 	111.892807 	24.166092 	18.681541 	80.993828 	111.803398 	10.770329 	22.825424 	37.054016 	53.150730 	33.060551 	105.190300 	38.418747 	16.124516 	28.071337 	35.227829 	24.207438 	85.445892 	92.913940 	55.901699 	7.615773 	45.891174 	75.286118 	89.403580 	15.556349 	32.557640 	105.688217 	40.360870 	92.200867 	68.622154 	999.000000 	107.898102 	
33.015148 	102.941734 	41.880783 	26.019224 	29.154760 	32.249031 	127.440186 	25.632011 	40.360870 	89.827614 	98.290382 	37.483330 	118.869675 	88.617157 	56.222771 	140.417236 	72.622307 	111.359779 	68.029404 	58.872746 	40.459858 	62.801273 	19.849434 	84.202141 	90.426765 	27.018513 	15.556349 	102.303467 	85.211502 	133.734818 	147.122391 	130.831955 	10.440307 	69.641945 	116.180893 	127.287079 	133.660019 	83.761566 	22.472204 	15.000000 	53.225933 	100.439034 	144.360657 	33.615471 	18.788294 	92.649879 	76.537575 	4.000000 	69.318108 	16.155495 	41.436699 	107.898102 	999.000000 	

Travel time:
9.000000 	2.031779 	0.602080 	0.182003 	0.335410 	0.443001 	2.608759 	0.336341 	0.704006 	1.802255 	1.990132 	0.691466 	2.454587 	1.811249 	1.126111 	2.921151 	1.480709 	2.090006 	1.025305 	0.777817 	0.818917 	1.281113 	0.540833 	1.758550 	1.889610 	0.680074 	0.604152 	2.154066 	1.800868 	2.816137 	3.102116 	2.759642 	0.577170 	1.503330 	2.459675 	2.692582 	2.828979 	1.804508 	0.725000 	0.682367 	1.250250 	2.167083 	3.075102 	0.943398 	0.770146 	2.020211 	1.702939 	0.725431 	1.575794 	0.784618 	1.107080 	2.356374 	0.825379 	
2.031779 	9.000000 	1.538059 	2.096724 	1.892254 	1.785532 	0.617454 	1.980215 	1.565647 	0.425735 	0.269258 	1.640122 	0.425000 	0.525595 	1.229837 	0.943398 	0.879275 	0.675463 	1.040733 	1.275000 	1.587844 	1.100284 	2.541776 	0.700446 	0.588430 	1.915235 	2.568195 	0.477624 	0.728869 	0.785016 	1.105102 	0.728869 	2.439518 	1.064483 	0.527376 	0.673146 	0.797653 	0.831038 	2.046033 	2.210204 	1.470544 	0.660019 	1.046721 	1.867652 	2.156676 	0.784618 	1.050297 	2.497624 	1.204159 	2.226264 	1.759616 	0.730154 	2.573543 	
0.602080 	1.538059 	9.000000 	0.594243 	0.360555 	0.247487 	2.144907 	0.445112 	0.160078 	1.248249 	1.450216 	0.213600 	1.947434 	1.241219 	0.525000 	2.467919 	0.886002 	1.750179 	0.686477 	0.502494 	0.301040 	0.679154 	1.029563 	1.170470 	1.309819 	0.452769 	1.040433 	1.588238 	1.209597 	2.317461 	2.638773 	2.250694 	0.901734 	0.901388 	1.913766 	2.170829 	2.321234 	1.206752 	0.583631 	0.705780 	0.693271 	1.583114 	2.581908 	0.585235 	0.691466 	1.425219 	1.101136 	0.965013 	0.980115 	0.752080 	0.660019 	1.773415 	1.047020 	
0.182003 	2.096724 	0.594243 	9.000000 	0.251247 	0.378319 	2.687936 	0.206155 	0.657647 	1.835756 	2.032547 	0.625500 	2.515079 	1.833712 	1.098294 	3.005204 	1.478386 	2.205108 	1.125000 	0.880696 	0.750000 	1.261200 	0.445112 	1.764405 	1.903943 	0.548293 	0.480234 	2.180166 	1.802776 	2.881406 	3.182766 	2.820018 	0.412311 	1.475847 	2.499625 	2.746475 	2.890069 	1.796003 	0.570088 	0.506211 	1.177391 	2.177298 	3.143346 	0.817389 	0.602080 	2.016340 	1.672760 	0.550568 	1.530114 	0.610328 	0.996243 	2.367620 	0.650481 	
0.335410 	1.892254 	0.360555 	0.251247 	9.000000 	0.127475 	2.494118 	0.090139 	0.406971 	1.608765 	1.810559 	0.375000 	2.304886 	1.600195 	0.848896 	2.815249 	1.234909 	2.057456 	0.972754 	0.743303 	0.500625 	1.013040 	0.670820 	1.523155 	1.666021 	0.353553 	0.680074 	1.947434 	1.559848 	2.674065 	2.988833 	2.608759 	0.550568 	1.225765 	2.274313 	2.530316 	2.679202 	1.549597 	0.425000 	0.450694 	0.930390 	1.936814 	2.937899 	0.610328 	0.498121 	1.770946 	1.422146 	0.637377 	1.278916 	0.534439 	0.771767 	2.127205 	0.728869 	
0.443001 	1.785532 	0.247487 	0.378319 	0.127475 	9.000000 	2.391783 	0.201556 	0.279509 	1.491015 	1.695029 	0.251247 	2.194596 	1.479231 	0.721543 	2.714429 	1.109617 	1.980057 	0.901388 	0.686477 	0.378319 	0.886002 	0.794512 	1.398660 	1.542928 	0.302076 	0.797653 	1.826540 	1.434617 	2.564785 	2.885849 	2.497624 	0.654313 	1.098294 	2.156676 	2.416868 	2.568195 	1.423025 	0.406971 	0.485412 	0.809707 	1.812457 	2.829311 	0.530330 	0.500625 	1.644688 	1.294701 	0.721110 	1.152443 	0.550568 	0.673146 	2.002810 	0.806226 	
2.608759 	0.617454 	2.144907 	2.687936 	2.494118 	2.391783 	9.000000 	2.583118 	2.180023 	1.012423 	0.807001 	2.255271 	0.328824 	1.092016 	1.845603 	0.325960 	1.480920 	0.750000 	1.590008 	1.835245 	2.205108 	1.711177 	3.131393 	1.261200 	1.118034 	2.531427 	3.164352 	0.875000 	1.274755 	0.304138 	0.494975 	0.335410 	3.043846 	1.652460 	0.608790 	0.406971 	0.364006 	1.368622 	2.662705 	2.825111 	2.075151 	1.052675 	0.498121 	2.484074 	2.773536 	1.250250 	1.603317 	3.108155 	1.776584 	2.842974 	2.371181 	1.006541 	3.186005 	
0.336341 	1.980215 	0.445112 	0.206155 	0.090139 	0.201556 	2.583118 	9.000000 	0.474342 	1.691892 	1.895059 	0.431567 	2.391783 	1.680773 	0.917197 	2.904522 	1.309819 	2.147091 	1.062132 	0.831038 	0.552268 	1.083109 	0.594243 	1.599414 	1.744276 	0.347311 	0.596343 	2.028084 	1.634778 	2.761340 	3.077743 	2.695366 	0.460977 	1.291559 	2.357568 	2.615937 	2.765863 	1.621149 	0.390512 	0.382426 	0.975320 	2.013237 	3.025413 	0.614919 	0.447214 	1.843400 	1.485976 	0.548293 	1.336507 	0.474342 	0.790569 	2.203548 	0.640800 	
0.704006 	1.565647 	0.160078 	0.657647 	0.406971 	0.279509 	2.180023 	0.474342 	9.000000 	1.241974 	1.451293 	0.079057 	1.962938 	1.220656 	0.443001 	2.505244 	0.838525 	1.834394 	0.800391 	0.642748 	0.141421 	0.608790 	1.068001 	1.129436 	1.277693 	0.357946 	1.062132 	1.567043 	1.162970 	2.334524 	2.670674 	2.262742 	0.901388 	0.818917 	1.905420 	2.176149 	2.333452 	1.147007 	0.492443 	0.645174 	0.553399 	1.542928 	2.600120 	0.436606 	0.604152 	1.369535 	1.015197 	0.937083 	0.875357 	0.670820 	0.500000 	1.732953 	1.009022 	
1.802255 	0.425735 	1.248249 	1.835756 	1.608765 	1.491015 	1.012423 	1.691892 	1.241974 	9.000000 	0.215058 	1.310057 	0.742041 	0.111803 	0.855132 	1.332760 	0.469707 	1.030776 	0.925000 	1.113833 	1.237942 	0.707549 	2.276648 	0.279509 	0.212132 	1.573412 	2.288149 	0.357946 	0.316228 	1.110180 	1.476482 	1.030776 	2.140093 	0.642748 	0.665676 	0.937083 	1.101136 	0.419076 	1.698529 	1.873833 	1.063602 	0.436606 	1.375000 	1.491015 	1.806239 	0.442295 	0.626997 	2.177872 	0.778621 	1.876832 	1.364734 	0.600521 	2.245690 	
1.990132 	0.269258 	1.450216 	2.032547 	1.810559 	1.695029 	0.807001 	1.895059 	1.451293 	0.215058 	9.000000 	1.520691 	0.527376 	0.285044 	1.070047 	1.123610 	0.682367 	0.936082 	1.064483 	1.274019 	1.451293 	0.922293 	2.475505 	0.456207 	0.325960 	1.786232 	2.490607 	0.246221 	0.475657 	0.895126 	1.263428 	0.816241 	2.346540 	0.845946 	0.469707 	0.725000 	0.886707 	0.575000 	1.912132 	2.086265 	1.274755 	0.406971 	1.160011 	1.706055 	2.020211 	0.515388 	0.803508 	2.388122 	0.970824 	2.090753 	1.578369 	0.515388 	2.457260 	
0.691466 	1.640122 	0.213600 	0.625500 	0.375000 	0.251247 	2.255271 	0.431567 	0.079057 	1.310057 	1.520691 	9.000000 	2.034853 	1.285010 	0.492443 	2.580698 	0.896172 	1.913439 	0.876427 	0.711073 	0.127475 	0.660019 	1.020110 	1.187697 	1.338376 	0.279509 	1.007782 	1.630376 	1.219118 	2.406502 	2.745223 	2.333720 	0.840387 	0.862047 	1.971833 	2.245690 	2.404423 	1.198176 	0.413824 	0.570088 	0.559017 	1.600195 	2.672195 	0.371652 	0.525595 	1.421487 	1.055047 	0.867828 	0.905539 	0.592663 	0.459619 	1.789728 	0.937083 	
2.454587 	0.425000 	1.947434 	2.515079 	2.304886 	2.194596 	0.328824 	2.391783 	1.962938 	0.742041 	0.527376 	2.034853 	9.000000 	0.805062 	1.595502 	0.612882 	1.209339 	0.863496 	1.465008 	1.700000 	1.971833 	1.449569 	2.960152 	0.965660 	0.814325 	2.304886 	2.983287 	0.552268 	0.972432 	0.371652 	0.738664 	0.305164 	2.848794 	1.365650 	0.291548 	0.254951 	0.375000 	1.061249 	2.432720 	2.603483 	1.800174 	0.725431 	0.637377 	2.232711 	2.541776 	0.928036 	1.298075 	2.899354 	1.478386 	2.612111 	2.105499 	0.680074 	2.971742 	
1.811249 	0.525595 	1.241219 	1.833712 	1.600195 	1.479231 	1.092016 	1.680773 	1.220656 	0.111803 	0.285044 	1.285010 	0.805062 	9.000000 	0.813173 	1.407569 	0.410031 	1.142366 	0.980115 	1.152443 	1.204159 	0.656220 	2.270600 	0.175000 	0.111803 	1.540495 	2.276648 	0.347311 	0.206155 	1.166190 	1.543535 	1.081665 	2.121910 	0.561805 	0.689656 	0.980115 	1.151086 	0.309233 	1.662077 	1.841535 	0.995615 	0.375000 	1.428504 	1.440703 	1.767767 	0.340037 	0.525000 	2.151308 	0.686477 	1.838478 	1.303840 	0.555090 	2.215429 	
1.126111 	1.229837 	0.525000 	1.098294 	0.848896 	0.721543 	1.845603 	0.917197 	0.443001 	0.855132 	1.070047 	0.492443 	1.595502 	0.813173 	9.000000 	2.170829 	0.410031 	1.629801 	0.784618 	0.761988 	0.395285 	0.167705 	1.510174 	0.700446 	0.855132 	0.730154 	1.500208 	1.152443 	0.728869 	1.965006 	2.324059 	1.885802 	1.330883 	0.378319 	1.502706 	1.789728 	1.956080 	0.705780 	0.849264 	1.030776 	0.316228 	1.110462 	2.230051 	0.638847 	0.954594 	0.929045 	0.577170 	1.345595 	0.460977 	1.025305 	0.539676 	1.299279 	1.405569 	
2.921151 	0.943398 	2.467919 	3.005204 	2.815249 	2.714429 	0.325960 	2.904522 	2.505244 	1.332760 	1.123610 	2.580698 	0.612882 	1.407569 	2.170829 	9.000000 	1.802255 	0.965013 	1.898190 	2.144907 	2.531057 	2.034853 	3.447554 	1.573412 	1.425219 	2.857118 	3.482905 	1.163239 	1.583114 	0.348210 	0.190394 	0.443001 	3.365449 	1.969296 	0.850368 	0.564026 	0.413824 	1.673507 	2.988520 	3.150397 	2.396351 	1.328768 	0.325000 	2.809471 	3.099395 	1.538059 	1.910007 	3.431927 	2.088061 	3.168793 	2.694671 	1.252248 	3.510431 	
