Total assets = 663
Number of asset nodes = 34

Distance:
999.000000 	30.870699 	41.677334 	43.046486 	44.204071 	39.623226 	28.160255 	21.377558 	22.803509 	106.004715 	75.166481 	5.830952 	4.000000 	53.366657 	104.086502 	88.729927 	49.030602 	25.961510 	37.336308 	39.812057 	43.289722 	43.416588 	41.773197 	38.897301 	42.953465 	42.201897 	39.560081 	34.655445 	43.011627 	53.037724 	43.324360 	38.418747 	60.133186 	52.611786 	53.600372 	61.073727 	59.304298 	60.207973 	63.031738 	68.117546 	46.872166 	60.671246 	63.505905 	65.276337 	65.375839 	68.264191 	62.297672 	60.926186 	70.228203 	
30.870699 	999.000000 	11.313708 	12.727922 	74.625732 	69.634758 	10.000000 	18.384777 	48.795490 	83.677956 	51.662365 	34.481880 	29.410883 	55.865910 	90.934044 	59.464275 	20.223749 	43.416588 	20.124611 	23.706539 	23.430750 	24.207438 	24.698177 	26.570660 	26.076809 	26.419689 	28.460499 	37.121422 	29.068884 	29.154760 	29.966648 	37.054016 	33.241539 	31.890438 	32.649654 	36.674240 	36.359318 	36.715118 	38.078865 	41.000000 	40.521599 	38.832977 	40.816662 	41.593269 	42.059483 	44.283180 	45.276924 	46.400433 	53.037724 	
41.677334 	11.313708 	999.000000 	1.414214 	85.702972 	80.802231 	19.697716 	29.154760 	60.108234 	74.148499 	42.296574 	44.777225 	39.812057 	57.140179 	84.646324 	48.166378 	16.278820 	54.378304 	26.019224 	29.154760 	26.925823 	27.892651 	29.427877 	33.015148 	30.594116 	31.400637 	35.014282 	46.324940 	34.365681 	28.600698 	35.355339 	45.398239 	29.410883 	33.120991 	33.615471 	34.655445 	35.468296 	35.383614 	35.468296 	36.235340 	47.095646 	38.418747 	39.623226 	39.623226 	40.311287 	41.868843 	47.010635 	49.244289 	54.083271 	
43.046486 	12.727922 	1.414214 	999.000000 	87.091904 	82.200974 	21.023796 	30.528675 	61.522354 	72.993149 	41.194660 	46.097721 	41.146080 	57.454330 	83.934502 	46.754681 	16.278820 	55.758408 	27.000000 	30.066593 	27.658634 	28.635643 	30.265491 	34.000000 	31.400637 	32.249031 	36.000000 	47.539455 	35.227829 	28.844410 	36.221542 	46.529560 	29.206163 	33.541019 	34.000000 	34.655445 	35.608986 	35.468296 	35.383614 	35.846897 	48.041649 	38.600517 	39.698868 	39.597980 	40.311287 	41.773197 	47.413078 	49.769470 	54.378304 	
44.204071 	74.625732 	85.702972 	87.091904 	999.000000 	6.000000 	69.778221 	60.539242 	29.427877 	147.299011 	117.796432 	42.426407 	46.754681 	82.280006 	139.283890 	132.909744 	90.873535 	42.047592 	75.286118 	76.400261 	81.043198 	80.777473 	78.339005 	73.545906 	79.075912 	77.878113 	73.164200 	60.074955 	77.278717 	91.482239 	77.103828 	65.069191 	99.929977 	89.050545 	90.027771 	98.954536 	96.317184 	97.514099 	101.138519 	107.563934 	74.006760 	96.690224 	99.824844 	102.181213 	101.980392 	105.118980 	94.260277 	91.049438 	101.044548 	
39.623226 	69.634758 	80.802231 	82.200974 	6.000000 	999.000000 	64.412735 	55.036350 	23.537205 	143.961807 	114.017540 	38.418747 	42.449970 	80.808418 	137.244308 	128.316010 	85.428329 	36.055511 	69.570107 	70.604530 	75.286118 	75.000000 	72.532753 	67.683083 	73.246162 	72.034714 	67.268120 	54.083271 	71.386276 	85.726311 	71.196907 	59.076221 	94.244362 	83.198555 	84.172440 	93.145050 	90.470993 	91.678787 	95.336250 	101.833199 	68.007355 	90.801979 	93.941475 	96.317184 	96.104111 	99.247169 	88.277969 	85.052925 	95.047356 	
28.160255 	10.000000 	19.697716 	21.023796 	69.778221 	64.412735 	999.000000 	9.899495 	42.201897 	93.391647 	61.392181 	33.000000 	28.017851 	63.253460 	100.841461 	67.201187 	21.189621 	35.000000 	12.041595 	15.556349 	17.000000 	17.492855 	17.029387 	17.492855 	18.439089 	18.384777 	19.235384 	27.166155 	20.615528 	25.495098 	21.400934 	27.073973 	32.015621 	26.400757 	27.313000 	33.541019 	32.280025 	32.984844 	35.355339 	40.012497 	31.016125 	34.176014 	36.687874 	38.078865 	38.327538 	41.000000 	38.600517 	38.897301 	46.615448 	
21.377558 	18.384777 	29.154760 	30.528675 	60.539242 	55.036350 	9.899495 	999.000000 	32.449963 	101.921539 	69.921387 	26.925823 	22.472204 	65.000000 	107.168091 	77.006493 	30.413813 	25.238859 	16.031219 	18.439089 	22.022715 	22.090721 	20.396078 	17.888544 	21.587032 	20.880613 	18.867962 	20.396078 	21.931713 	32.062439 	22.360680 	21.931713 	39.812057 	31.257000 	32.249031 	40.012497 	38.052597 	39.012817 	42.047592 	47.675991 	28.425341 	39.319206 	42.190044 	44.045429 	44.102154 	47.042534 	41.231056 	40.311287 	49.244289 	
22.803509 	48.795490 	60.108234 	61.522354 	29.427877 	23.537205 	42.201897 	32.449963 	999.000000 	128.378342 	97.128784 	25.019993 	26.683329 	74.242844 	126.751724 	108.245094 	62.769421 	13.341664 	46.238514 	47.127487 	51.865211 	51.546097 	49.040798 	44.147480 	49.729267 	48.507732 	43.737854 	31.064449 	47.853943 	62.297672 	47.675991 	36.055511 	70.936592 	59.665737 	60.638271 	69.641945 	66.940269 	68.154236 	71.840103 	78.434685 	45.177429 	67.268120 	70.405968 	72.780495 	72.567207 	75.709976 	65.030762 	62.032249 	72.027771 	
106.004715 	83.677956 	74.148499 	72.993149 	147.299011 	143.961807 	93.391647 	101.921539 	128.378342 	999.000000 	32.015621 	105.815880 	102.474388 	74.060783 	35.171009 	41.593269 	84.005951 	126.194298 	99.724625 	102.489021 	99.181648 	100.179840 	102.313248 	106.677086 	103.237587 	104.307236 	108.664619 	120.415947 	107.298645 	96.083298 	108.295891 	119.519875 	90.669731 	102.044106 	102.078400 	97.739449 	100.498756 	99.609238 	97.015465 	91.983696 	120.415947 	103.585716 	102.956299 	101.271912 	102.259476 	101.788994 	114.437759 	118.207443 	119.218285 	
75.166481 	51.662365 	42.296574 	41.194660 	117.796432 	114.017540 	61.392181 	69.921387 	97.128784 	32.015621 	999.000000 	75.604233 	71.847061 	54.129475 	47.707443 	27.658634 	53.460266 	94.339813 	68.117546 	71.028160 	68.029404 	69.028976 	71.000000 	75.106590 	72.006943 	73.000000 	77.103828 	88.459030 	76.000000 	66.098412 	77.000000 	87.692642 	61.983868 	71.847061 	72.006943 	68.963760 	71.309189 	70.604530 	68.622154 	64.884514 	89.022469 	74.464760 	74.330345 	73.054771 	74.000000 	74.094536 	84.929382 	88.283630 	90.520714 	
5.830952 	34.481880 	44.777225 	46.097721 	42.426407 	38.418747 	33.000000 	26.925823 	25.019993 	105.815880 	75.604233 	999.000000 	5.099020 	49.497475 	101.980392 	90.801979 	53.460266 	30.463093 	42.755116 	45.354160 	48.662102 	48.836460 	47.296936 	44.598206 	48.507732 	47.801674 	45.310043 	40.360870 	48.703182 	58.215118 	49.040798 	44.204071 	65.007690 	58.051701 	59.033890 	66.272163 	64.629715 	65.490456 	68.183578 	73.006851 	52.697250 	66.098412 	68.883957 	70.576202 	70.710678 	73.552704 	68.007355 	66.708321 	75.960518 	
4.000000 	29.410883 	39.812057 	41.146080 	46.754681 	42.449970 	28.017851 	22.472204 	26.683329 	102.474388 	71.847061 	5.099020 	999.000000 	49.477268 	100.129913 	86.214851 	48.373547 	29.832869 	38.078865 	40.804413 	43.931767 	44.147480 	42.720020 	40.311287 	43.965897 	43.324360 	41.146080 	37.536648 	44.384682 	53.338543 	44.777225 	41.036568 	60.000000 	53.366657 	54.341511 	61.400326 	59.841457 	60.671246 	63.285069 	68.000000 	49.203659 	61.392181 	64.132675 	65.764732 	65.924202 	68.731361 	63.694584 	62.609905 	71.693794 	
53.366657 	55.865910 	57.140179 	57.454330 	82.280006 	80.808418 	63.253460 	65.000000 	74.242844 	74.060783 	54.129475 	49.497475 	49.477268 	999.000000 	57.706154 	80.156097 	73.239334 	79.309517 	75.166481 	78.746429 	79.208588 	79.931221 	80.056229 	80.603973 	81.467789 	81.565926 	82.200974 	84.528099 	83.868942 	84.504440 	84.646324 	86.833176 	86.533234 	87.726852 	88.459030 	91.400215 	91.678787 	91.831367 	92.417534 	93.295227 	93.193344 	94.366310 	96.046867 	96.400208 	97.005157 	98.812958 	101.118744 	101.980392 	108.903625 	
104.086502 	90.934044 	84.646324 	83.934502 	139.283890 	137.244308 	100.841461 	107.168091 	126.751724 	35.171009 	47.707443 	101.980392 	100.129913 	57.706154 	999.000000 	70.178345 	98.681305 	128.249756 	110.217964 	113.564957 	111.570602 	112.538879 	114.004387 	117.085442 	115.208504 	115.952576 	119.050407 	127.393089 	118.878090 	111.664673 	119.854080 	127.882759 	108.747414 	117.004272 	117.324333 	115.550858 	117.545738 	117.000000 	115.451286 	112.294258 	131.213562 	120.702110 	120.933868 	119.920807 	120.830460 	121.202309 	130.633072 	133.454117 	136.857590 	
88.729927 	59.464275 	48.166378 	46.754681 	132.909744 	128.316010 	67.201187 	77.006493 	108.245094 	41.593269 	27.658634 	90.801979 	86.214851 	80.156097 	70.178345 	999.000000 	51.078373 	102.200783 	69.318108 	71.175842 	66.850578 	67.779053 	70.384659 	75.643906 	70.936592 	72.235725 	77.472572 	91.706055 	75.026665 	60.876926 	75.960518 	89.470665 	53.600372 	66.940269 	66.708321 	60.406952 	63.639610 	62.514000 	59.211487 	53.000000 	87.920418 	66.483078 	65.192024 	63.071388 	64.070274 	63.000000 	77.524193 	81.884064 	81.024689 	
49.030602 	20.223749 	16.278820 	16.278820 	90.873535 	85.428329 	21.189621 	30.413813 	62.769421 	84.005951 	53.460266 	53.460266 	48.373547 	73.239334 	98.681305 	51.078373 	999.000000 	53.907330 	18.601076 	20.124611 	15.811388 	16.763054 	19.313208 	24.596748 	19.924858 	21.189621 	26.400757 	41.048752 	24.041630 	13.000000 	25.000000 	38.470768 	13.416408 	18.439089 	18.681541 	18.384777 	19.416489 	19.209373 	19.209373 	20.880613 	37.107952 	22.472204 	23.430750 	23.345236 	24.041630 	25.612497 	31.953091 	34.928497 	38.470768 	
25.961510 	43.416588 	54.378304 	55.758408 	42.047592 	36.055511 	35.000000 	25.238859 	13.341664 	126.194298 	94.339813 	30.463093 	29.832869 	79.309517 	128.249756 	102.200783 	53.907330 	999.000000 	36.055511 	36.235340 	41.182522 	40.706264 	38.013157 	32.695564 	38.483765 	37.161808 	31.953091 	18.027756 	36.055511 	51.429562 	35.735138 	23.021729 	60.415230 	48.104053 	49.040798 	58.309521 	55.362442 	56.648037 	60.539242 	67.542580 	32.015621 	55.362442 	58.523499 	61.032780 	60.728905 	63.890530 	52.239830 	49.010204 	59.008472 	
37.336308 	20.124611 	26.019224 	27.000000 	75.286118 	69.570107 	12.041595 	16.031219 	46.238514 	99.724625 	68.117546 	42.755116 	38.078865 	75.166481 	110.217964 	69.318108 	18.601076 	36.055511 	999.000000 	3.605551 	6.000000 	6.082763 	5.000000 	7.000000 	6.403124 	6.403124 	9.000000 	22.472204 	8.944272 	16.278820 	9.848858 	20.248457 	24.698177 	15.297058 	16.278820 	24.083189 	22.022715 	23.000000 	26.172504 	32.280025 	21.095022 	23.345236 	26.172504 	28.017851 	28.071337 	31.016125 	26.627054 	26.870058 	34.669872 	
39.812057 	23.706539 	29.154760 	30.066593 	76.400261 	70.604530 	15.556349 	18.439089 	47.127487 	102.489021 	71.028160 	45.354160 	40.804413 	78.746429 	113.564957 	71.175842 	20.124611 	36.235340 	3.605551 	999.000000 	5.000000 	4.472136 	2.000000 	4.472136 	3.162278 	2.828427 	6.324555 	21.260292 	5.385165 	15.231546 	6.324555 	18.357559 	24.186773 	13.000000 	14.000000 	22.561028 	20.099751 	21.213203 	24.738634 	31.384710 	18.000000 	21.023796 	24.000000 	26.076809 	26.019224 	29.068884 	23.323807 	23.345236 	31.384710 	
43.289722 	23.430750 	26.925823 	27.658634 	81.043198 	75.286118 	17.000000 	22.022715 	51.865211 	99.181648 	68.029404 	48.662102 	43.931767 	79.208588 	111.570602 	66.850578 	15.811388 	41.182522 	6.000000 	5.000000 	999.000000 	1.000000 	3.605551 	9.219544 	4.123106 	5.385165 	10.816654 	26.172504 	8.246211 	10.440307 	9.219544 	23.021729 	19.235384 	9.486833 	10.440307 	18.110771 	16.031219 	17.000000 	20.223749 	26.570660 	21.377558 	17.464249 	20.223749 	22.022715 	22.090721 	25.019993 	21.931713 	23.021729 	29.832869 	
43.416588 	24.207438 	27.892651 	28.635643 	80.777473 	75.000000 	17.492855 	22.090721 	51.546097 	100.179840 	69.028976 	48.836460 	44.147480 	79.931221 	112.538879 	67.779053 	16.763054 	40.706264 	6.082763 	4.472136 	1.000000 	999.000000 	2.828427 	8.485281 	3.162278 	4.472136 	10.000000 	25.455845 	7.280110 	10.770329 	8.246211 	22.203604 	19.723083 	9.219544 	10.198039 	18.248287 	16.000000 	17.029387 	20.396078 	26.925823 	20.396078 	17.262676 	20.099751 	22.000000 	22.022715 	25.000000 	21.260292 	22.203604 	29.206163 	
41.773197 	24.698177 	29.427877 	30.265491 	78.339005 	72.532753 	17.029387 	20.396078 	49.040798 	102.313248 	71.000000 	47.296936 	42.720020 	80.056229 	114.004387 	70.384659 	19.313208 	38.013157 	5.000000 	2.000000 	3.605551 	2.828427 	999.000000 	5.656854 	1.414214 	2.000000 	7.211102 	22.627417 	5.000000 	13.416408 	6.000000 	19.416489 	22.472204 	11.000000 	12.000000 	20.615528 	18.110771 	19.235384 	22.803509 	29.546574 	18.110771 	19.026299 	22.000000 	24.083189 	24.020824 	27.073973 	21.633308 	21.931713 	29.681644 	
38.897301 	26.570660 	33.015148 	34.000000 	73.545906 	67.683083 	17.492855 	17.888544 	44.147480 	106.677086 	75.106590 	44.598206 	40.311287 	80.603973 	117.085442 	75.643906 	24.596748 	32.695564 	7.000000 	4.472136 	9.219544 	8.485281 	5.656854 	999.000000 	5.830952 	4.472136 	2.000000 	16.970562 	4.123106 	18.867962 	4.472136 	13.892444 	28.017851 	15.524175 	16.492422 	25.632011 	22.803509 	24.041630 	27.856777 	34.885529 	14.142136 	23.194826 	26.305893 	28.635643 	28.442924 	31.575306 	23.409399 	22.472204 	31.384710 	
42.953465 	26.076809 	30.594116 	31.400637 	79.075912 	73.246162 	18.439089 	21.587032 	49.729267 	103.237587 	72.006943 	48.507732 	43.965897 	81.467789 	115.208504 	70.936592 	19.924858 	38.483765 	6.403124 	3.162278 	4.123106 	3.162278 	1.414214 	5.830952 	999.000000 	1.414214 	7.071068 	22.671568 	4.123106 	13.038404 	5.099020 	19.209373 	22.203604 	10.049875 	11.045361 	19.924858 	17.262676 	18.439089 	22.135944 	29.068884 	17.262676 	18.000000 	21.023796 	23.194826 	23.086792 	26.172504 	20.248457 	20.518284 	28.301943 	
42.201897 	26.419689 	31.400637 	32.249031 	77.878113 	72.034714 	18.384777 	20.880613 	48.507732 	104.307236 	73.000000 	47.801674 	43.324360 	81.565926 	115.952576 	72.235725 	21.189621 	37.161808 	6.403124 	2.828427 	5.385165 	4.472136 	2.000000 	4.472136 	1.414214 	999.000000 	5.656854 	21.260292 	3.000000 	14.422205 	4.000000 	17.804493 	23.600847 	11.180340 	12.165525 	21.189621 	18.439089 	19.646883 	23.409399 	30.413813 	16.124516 	19.026299 	22.090721 	24.331051 	24.186773 	27.294687 	20.591261 	20.518284 	28.653097 	
39.560081 	28.460499 	35.014282 	36.000000 	73.164200 	67.268120 	19.235384 	18.867962 	43.737854 	108.664619 	77.103828 	45.310043 	41.146080 	82.200974 	119.050407 	77.472572 	26.400757 	31.953091 	9.000000 	6.324555 	10.816654 	10.000000 	7.211102 	2.000000 	7.071068 	5.656854 	999.000000 	15.620500 	4.123106 	20.000000 	4.000000 	12.206555 	29.206163 	16.155495 	17.088007 	26.400757 	23.409399 	24.698177 	28.635643 	35.846897 	12.165525 	23.537205 	26.683329 	29.120440 	28.861740 	32.015621 	22.803509 	21.470911 	30.675724 	
34.655445 	37.121422 	46.324940 	47.539455 	60.074955 	54.083271 	27.166155 	20.396078 	31.064449 	120.415947 	88.459030 	40.360870 	37.536648 	84.528099 	127.393089 	91.706055 	41.048752 	18.027756 	22.472204 	21.260292 	26.172504 	25.455845 	22.627417 	16.970562 	22.671568 	21.260292 	15.620500 	999.000000 	19.416489 	35.608986 	18.867962 	5.000000 	44.821869 	31.384710 	32.249031 	41.677334 	38.470768 	39.824615 	43.908997 	51.312767 	14.142136 	38.078865 	41.231056 	43.863426 	43.462627 	46.615448 	34.234486 	31.000000 	41.000000 	
43.011627 	29.068884 	34.365681 	35.227829 	77.278717 	71.386276 	20.615528 	21.931713 	47.853943 	107.298645 	76.000000 	48.703182 	44.384682 	83.868942 	118.878090 	75.026665 	24.041630 	36.055511 	8.944272 	5.385165 	8.246211 	7.280110 	5.000000 	4.123106 	4.123106 	3.000000 	4.123106 	19.416489 	999.000000 	16.278820 	1.000000 	15.556349 	25.495098 	12.083046 	13.000000 	22.360680 	19.313208 	20.615528 	24.596748 	31.906113 	13.152946 	19.416489 	22.561028 	25.000000 	24.738634 	27.892651 	19.313208 	18.601076 	27.313000 	
53.037724 	29.154760 	28.600698 	28.844410 	91.482239 	85.726311 	25.495098 	32.062439 	62.297672 	96.083298 	66.098412 	58.215118 	53.338543 	84.504440 	111.664673 	60.876926 	13.000000 	51.429562 	16.278820 	15.231546 	10.440307 	10.770329 	13.416408 	18.867962 	13.038404 	14.422205 	20.000000 	35.608986 	16.278820 	999.000000 	16.970562 	31.827662 	9.219544 	6.082763 	6.000000 	8.062258 	7.211102 	7.615773 	10.000000 	16.155495 	27.784887 	9.899495 	11.661903 	12.649111 	13.000000 	15.524175 	18.973665 	22.203604 	25.553865 	
43.324360 	29.966648 	35.355339 	36.221542 	77.103828 	71.196907 	21.400934 	22.360680 	47.675991 	108.295891 	77.000000 	49.040798 	44.777225 	84.646324 	119.854080 	75.960518 	25.000000 	35.735138 	9.848858 	6.324555 	9.219544 	8.246211 	6.000000 	4.472136 	5.099020 	4.000000 	4.000000 	18.867962 	1.000000 	16.970562 	999.000000 	14.866069 	26.172504 	12.529964 	13.416408 	22.825424 	19.697716 	21.023796 	25.059929 	32.449963 	12.165525 	19.646883 	22.803509 	25.298222 	25.000000 	28.160255 	18.973665 	18.027756 	26.925823 	
38.418747 	37.054016 	45.398239 	46.529560 	65.069191 	59.076221 	27.073973 	21.931713 	36.055511 	119.519875 	87.692642 	44.204071 	41.036568 	86.833176 	127.882759 	89.470665 	38.470768 	23.021729 	20.248457 	18.357559 	23.021729 	22.203604 	19.416489 	13.892444 	19.209373 	17.804493 	12.206555 	5.000000 	15.556349 	31.827662 	14.866069 	999.000000 	41.036568 	27.202942 	28.017851 	37.443291 	34.132095 	35.510563 	39.661064 	47.201694 	9.219544 	33.541019 	36.674240 	39.357338 	38.910152 	42.047592 	29.274563 	26.000000 	36.000000 	
60.133186 	33.241539 	29.410883 	29.206163 	99.929977 	94.244362 	32.015621 	39.812057 	70.936592 	90.669731 	61.983868 	65.007690 	60.000000 	86.533234 	108.747414 	53.600372 	13.416408 	60.415230 	24.698177 	24.186773 	19.235384 	19.723083 	22.472204 	28.017851 	22.203604 	23.600847 	29.206163 	44.821869 	25.495098 	9.219544 	26.172504 	41.036568 	999.000000 	14.422205 	13.892444 	7.071068 	10.049875 	9.000000 	6.708204 	8.000000 	36.619667 	13.000000 	12.369317 	11.180340 	12.083046 	12.806249 	24.020824 	28.284271 	28.635643 	
52.611786 	31.890438 	33.120991 	33.541019 	89.050545 	83.198555 	26.400757 	31.257000 	59.665737 	102.044106 	71.847061 	58.051701 	53.366657 	87.726852 	117.004272 	66.940269 	18.439089 	48.104053 	15.297058 	13.000000 	9.486833 	9.219544 	11.000000 	15.524175 	10.049875 	11.180340 	16.155495 	31.384710 	12.083046 	6.082763 	12.529964 	27.202942 	14.422205 	999.000000 	1.000000 	10.295630 	7.280110 	8.544003 	12.529964 	20.000000 	22.203604 	8.062258 	11.000000 	13.152946 	13.038404 	16.124516 	13.892444 	16.492422 	21.260292 	
53.600372 	32.649654 	33.615471 	34.000000 	90.027771 	84.172440 	27.313000 	32.249031 	60.638271 	102.078400 	72.006943 	59.033890 	54.341511 	88.459030 	117.324333 	66.708321 	18.681541 	49.040798 	16.278820 	14.000000 	10.440307 	10.198039 	12.000000 	16.492422 	11.045361 	12.165525 	17.088007 	32.249031 	13.000000 	6.000000 	13.416408 	28.017851 	13.892444 	1.000000 	999.000000 	9.433981 	6.324555 	7.615773 	11.661903 	19.209373 	22.803509 	7.071068 	10.000000 	12.165525 	12.041595 	15.132746 	13.416408 	16.278820 	20.615528 	
61.073727 	36.674240 	34.655445 	34.655445 	98.954536 	93.145050 	33.541019 	40.012497 	69.641945 	97.739449 	68.963760 	66.272163 	61.400326 	91.400215 	115.550858 	60.406952 	18.384777 	58.309521 	24.083189 	22.561028 	18.110771 	18.248287 	20.615528 	25.632011 	19.924858 	21.189621 	26.400757 	41.677334 	22.360680 	8.062258 	22.825424 	37.443291 	7.071068 	10.295630 	9.433981 	999.000000 	3.605551 	2.236068 	2.236068 	9.899495 	31.827662 	6.082763 	5.385165 	5.000000 	5.656854 	7.615773 	17.117243 	21.587032 	21.587032 	
59.304298 	36.359318 	35.468296 	35.608986 	96.317184 	90.470993 	32.280025 	38.052597 	66.940269 	100.498756 	71.309189 	64.629715 	59.841457 	91.678787 	117.545738 	63.639610 	19.416489 	55.362442 	22.022715 	20.099751 	16.031219 	16.000000 	18.110771 	22.803509 	17.262676 	18.439089 	23.409399 	38.470768 	19.313208 	7.211102 	19.697716 	34.132095 	10.049875 	7.280110 	6.324555 	3.605551 	999.000000 	1.414214 	5.656854 	13.453624 	28.284271 	3.162278 	4.472136 	6.000000 	6.082763 	9.000000 	14.000000 	18.248287 	19.313208 	
60.207973 	36.715118 	35.383614 	35.468296 	97.514099 	91.678787 	32.984844 	39.012817 	68.154236 	99.609238 	70.604530 	65.490456 	60.671246 	91.831367 	117.000000 	62.514000 	19.209373 	56.648037 	23.000000 	21.213203 	17.000000 	17.029387 	19.235384 	24.041630 	18.439089 	19.646883 	24.698177 	39.824615 	20.615528 	7.615773 	21.023796 	35.510563 	9.000000 	8.544003 	7.615773 	2.236068 	1.414214 	999.000000 	4.242640 	12.041595 	29.698484 	4.000000 	4.242640 	5.099020 	5.385165 	8.062258 	15.033297 	19.416489 	19.924858 	
63.031738 	38.078865 	35.468296 	35.383614 	101.138519 	95.336250 	35.355339 	42.047592 	71.840103 	97.015465 	68.622154 	68.183578 	63.285069 	92.417534 	115.451286 	59.211487 	19.209373 	60.539242 	26.172504 	24.738634 	20.223749 	20.396078 	22.803509 	27.856777 	22.135944 	23.409399 	28.635643 	43.908997 	24.596748 	10.000000 	25.059929 	39.661064 	6.708204 	12.529964 	11.661903 	2.236068 	5.656854 	4.242640 	999.000000 	7.810250 	33.941124 	7.615773 	6.000000 	4.472136 	5.385165 	6.403124 	18.439089 	23.086792 	22.203604 	
68.117546 	41.000000 	36.235340 	35.846897 	107.563934 	101.833199 	40.012497 	47.675991 	78.434685 	91.983696 	64.884514 	73.006851 	68.000000 	93.295227 	112.294258 	53.000000 	20.880613 	67.542580 	32.280025 	31.384710 	26.570660 	26.925823 	29.546574 	34.885529 	29.068884 	30.413813 	35.846897 	51.312767 	31.906113 	16.155495 	32.449963 	47.201694 	8.000000 	20.000000 	19.209373 	9.899495 	13.453624 	12.041595 	7.810250 	999.000000 	41.725292 	15.264338 	13.000000 	10.440307 	11.401754 	10.000000 	25.632011 	30.463093 	28.071337 	
46.872166 	40.521599 	47.095646 	48.041649 	74.006760 	68.007355 	31.016125 	28.425341 	45.177429 	120.415947 	89.022469 	52.697250 	49.203659 	93.193344 	131.213562 	87.920418 	37.107952 	32.015621 	21.095022 	18.000000 	21.377558 	20.396078 	18.110771 	14.142136 	17.262676 	16.124516 	12.165525 	14.142136 	13.152946 	27.784887 	12.165525 	9.219544 	36.619667 	22.203604 	22.803509 	31.827662 	28.284271 	29.698484 	33.941124 	41.725292 	999.000000 	27.018513 	30.000000 	32.802441 	32.202484 	35.227829 	20.880613 	17.117243 	27.073973 	
60.671246 	38.832977 	38.418747 	38.600517 	96.690224 	90.801979 	34.176014 	39.319206 	67.268120 	103.585716 	74.464760 	66.098412 	61.392181 	94.366310 	120.702110 	66.483078 	22.472204 	55.362442 	23.345236 	21.023796 	17.464249 	17.262676 	19.026299 	23.194826 	18.000000 	19.026299 	23.537205 	38.078865 	19.416489 	9.899495 	19.646883 	33.541019 	13.000000 	8.062258 	7.071068 	6.082763 	3.162278 	4.000000 	7.615773 	15.264338 	27.018513 	999.000000 	3.162278 	5.830952 	5.385165 	8.544003 	11.045361 	15.524175 	16.155495 	
63.505905 	40.816662 	39.623226 	39.698868 	99.824844 	93.941475 	36.687874 	42.190044 	70.405968 	102.956299 	74.330345 	68.883957 	64.132675 	96.046867 	120.933868 	65.192024 	23.430750 	58.523499 	26.172504 	24.000000 	20.223749 	20.099751 	22.000000 	26.305893 	21.023796 	22.090721 	26.683329 	41.231056 	22.561028 	11.661903 	22.803509 	36.674240 	12.369317 	11.000000 	10.000000 	5.385165 	4.472136 	4.242640 	6.000000 	13.000000 	30.000000 	3.162278 	999.000000 	2.828427 	2.236068 	5.385165 	12.649111 	17.464249 	16.278820 	
65.276337 	41.593269 	39.623226 	39.597980 	102.181213 	96.317184 	38.078865 	44.045429 	72.780495 	101.271912 	73.054771 	70.576202 	65.764732 	96.400208 	119.920807 	63.071388 	23.345236 	61.032780 	28.017851 	26.076809 	22.022715 	22.000000 	24.083189 	28.635643 	23.194826 	24.331051 	29.120440 	43.863426 	25.000000 	12.649111 	25.298222 	39.357338 	11.180340 	13.152946 	12.165525 	5.000000 	6.000000 	5.099020 	4.472136 	10.440307 	32.802441 	5.830952 	2.828427 	999.000000 	1.000000 	3.000000 	15.231546 	20.124611 	18.027756 	
65.375839 	42.059483 	40.311287 	40.311287 	101.980392 	96.104111 	38.327538 	44.102154 	72.567207 	102.259476 	74.000000 	70.710678 	65.924202 	97.005157 	120.830460 	64.070274 	24.041630 	60.728905 	28.071337 	26.019224 	22.090721 	22.022715 	24.020824 	28.442924 	23.086792 	24.186773 	28.861740 	43.462627 	24.738634 	13.000000 	25.000000 	38.910152 	12.083046 	13.038404 	12.041595 	5.656854 	6.082763 	5.385165 	5.385165 	11.401754 	32.202484 	5.385165 	2.236068 	1.000000 	999.000000 	3.162278 	14.317822 	19.235384 	17.029387 	
68.264191 	44.283180 	41.868843 	41.773197 	105.118980 	99.247169 	41.000000 	47.042534 	75.709976 	101.788994 	74.094536 	73.552704 	68.731361 	98.812958 	121.202309 	63.000000 	25.612497 	63.890530 	31.016125 	29.068884 	25.019993 	25.000000 	27.073973 	31.575306 	26.172504 	27.294687 	32.015621 	46.615448 	27.892651 	15.524175 	28.160255 	42.047592 	12.806249 	16.124516 	15.132746 	7.615773 	9.000000 	8.062258 	6.403124 	10.000000 	35.227829 	8.544003 	5.385165 	3.000000 	3.162278 	999.000000 	16.643316 	21.633308 	18.110771 	
62.297672 	45.276924 	47.010635 	47.413078 	94.260277 	88.277969 	38.600517 	41.231056 	65.030762 	114.437759 	84.929382 	68.007355 	63.694584 	101.118744 	130.633072 	77.524193 	31.953091 	52.239830 	26.627054 	23.323807 	21.931713 	21.260292 	21.633308 	23.409399 	20.248457 	20.591261 	22.803509 	34.234486 	19.313208 	18.973665 	18.973665 	29.274563 	24.020824 	13.892444 	13.416408 	17.117243 	14.000000 	15.033297 	18.439089 	25.632011 	20.880613 	11.045361 	12.649111 	15.231546 	14.317822 	16.643316 	999.000000 	5.000000 	8.062258 	
60.926186 	46.400433 	49.244289 	49.769470 	91.049438 	85.052925 	38.897301 	40.311287 	62.032249 	118.207443 	88.283630 	66.708321 	62.609905 	101.980392 	133.454117 	81.884064 	34.928497 	49.010204 	26.870058 	23.345236 	23.021729 	22.203604 	21.931713 	22.472204 	20.518284 	20.518284 	21.470911 	31.000000 	18.601076 	22.203604 	18.027756 	26.000000 	28.284271 	16.492422 	16.278820 	21.587032 	18.248287 	19.416489 	23.086792 	30.463093 	17.117243 	15.524175 	17.464249 	20.124611 	19.235384 	21.633308 	5.000000 	999.000000 	10.000000 	
70.228203 	53.037724 	54.083271 	54.378304 	101.044548 	95.047356 	46.615448 	49.244289 	72.027771 	119.218285 	90.520714 	75.960518 	71.693794 	108.903625 	136.857590 	81.024689 	38.470768 	59.008472 	34.669872 	31.384710 	29.832869 	29.206163 	29.681644 	31.384710 	28.301943 	28.653097 	30.675724 	41.000000 	27.313000 	25.553865 	26.925823 	36.000000 	28.635643 	21.260292 	20.615528 	21.587032 	19.313208 	19.924858 	22.203604 	28.071337 	27.073973 	16.155495 	16.278820 	18.027756 	17.029387 	18.110771 	8.062258 	10.000000 	999.000000 	

Travel time:
9.000000 	0.771767 	1.041933 	1.076162 	1.105102 	0.990581 	0.704006 	0.534439 	0.570088 	2.650118 	1.879162 	0.145774 	0.100000 	1.334166 	2.602163 	2.218248 	1.225765 	0.649038 	0.933408 	0.995301 	1.082243 	1.085415 	1.044330 	0.972432 	1.073837 	1.055047 	0.989002 	0.866386 	1.075291 	1.325943 	1.083109 	0.960469 	1.503330 	1.315295 	1.340009 	1.526843 	1.482607 	1.505199 	1.575794 	1.702939 	1.171804 	1.516781 	1.587648 	1.631908 	1.634396 	1.706605 	1.557442 	1.523155 	1.755705 	
0.771767 	9.000000 	0.282843 	0.318198 	1.865643 	1.740869 	0.250000 	0.459619 	1.219887 	2.091949 	1.291559 	0.862047 	0.735272 	1.396648 	2.273351 	1.486607 	0.505594 	1.085415 	0.503115 	0.592663 	0.585769 	0.605186 	0.617454 	0.664266 	0.651920 	0.660492 	0.711512 	0.928036 	0.726722 	0.728869 	0.749166 	0.926350 	0.831038 	0.797261 	0.816241 	0.916856 	0.908983 	0.917878 	0.951972 	1.025000 	1.013040 	0.970824 	1.020416 	1.039832 	1.051487 	1.107080 	1.131923 	1.160011 	1.325943 	
1.041933 	0.282843 	9.000000 	0.035355 	2.142574 	2.020056 	0.492443 	0.728869 	1.502706 	1.853712 	1.057414 	1.119431 	0.995301 	1.428504 	2.116158 	1.204159 	0.406971 	1.359458 	0.650481 	0.728869 	0.673146 	0.697316 	0.735697 	0.825379 	0.764853 	0.785016 	0.875357 	1.158123 	0.859142 	0.715017 	0.883883 	1.134956 	0.735272 	0.828025 	0.840387 	0.866386 	0.886707 	0.884590 	0.886707 	0.905883 	1.177391 	0.960469 	0.990581 	0.990581 	1.007782 	1.046721 	1.175266 	1.231107 	1.352082 	
1.076162 	0.318198 	0.035355 	9.000000 	2.177298 	2.055024 	0.525595 	0.763217 	1.538059 	1.824829 	1.029866 	1.152443 	1.028652 	1.436358 	2.098362 	1.168867 	0.406971 	1.393960 	0.675000 	0.751665 	0.691466 	0.715891 	0.756637 	0.850000 	0.785016 	0.806226 	0.900000 	1.188486 	0.880696 	0.721110 	0.905539 	1.163239 	0.730154 	0.838525 	0.850000 	0.866386 	0.890225 	0.886707 	0.884590 	0.896172 	1.201041 	0.965013 	0.992472 	0.989950 	1.007782 	1.044330 	1.185327 	1.244237 	1.359458 	
1.105102 	1.865643 	2.142574 	2.177298 	9.000000 	0.150000 	1.744456 	1.513481 	0.735697 	3.682475 	2.944911 	1.060660 	1.168867 	2.057000 	3.482097 	3.322744 	2.271838 	1.051190 	1.882153 	1.910007 	2.026080 	2.019437 	1.958475 	1.838648 	1.976898 	1.946953 	1.829105 	1.501874 	1.931968 	2.287056 	1.927596 	1.626730 	2.498250 	2.226264 	2.250694 	2.473863 	2.407930 	2.437852 	2.528463 	2.689098 	1.850169 	2.417256 	2.495621 	2.554530 	2.549510 	2.627975 	2.356507 	2.276236 	2.526114 	
0.990581 	1.740869 	2.020056 	2.055024 	0.150000 	9.000000 	1.610318 	1.375909 	0.588430 	3.599045 	2.850439 	0.960469 	1.061249 	2.020211 	3.431108 	3.207900 	2.135708 	0.901388 	1.739253 	1.765113 	1.882153 	1.875000 	1.813319 	1.692077 	1.831154 	1.800868 	1.681703 	1.352082 	1.784657 	2.143158 	1.779923 	1.476906 	2.356109 	2.079964 	2.104311 	2.328626 	2.261775 	2.291970 	2.383406 	2.545830 	1.700184 	2.270050 	2.348537 	2.407930 	2.402603 	2.481179 	2.206949 	2.126323 	2.376184 	
0.704006 	0.250000 	0.492443 	0.525595 	1.744456 	1.610318 	9.000000 	0.247487 	1.055047 	2.334791 	1.534805 	0.825000 	0.700446 	1.581336 	2.521037 	1.680030 	0.529741 	0.875000 	0.301040 	0.388909 	0.425000 	0.437321 	0.425735 	0.437321 	0.460977 	0.459619 	0.480885 	0.679154 	0.515388 	0.637377 	0.535023 	0.676849 	0.800391 	0.660019 	0.682825 	0.838525 	0.807001 	0.824621 	0.883883 	1.000312 	0.775403 	0.854400 	0.917197 	0.951972 	0.958188 	1.025000 	0.965013 	0.972432 	1.165386 	
0.534439 	0.459619 	0.728869 	0.763217 	1.513481 	1.375909 	0.247487 	9.000000 	0.811249 	2.548038 	1.748035 	0.673146 	0.561805 	1.625000 	2.679202 	1.925162 	0.760345 	0.630971 	0.400780 	0.460977 	0.550568 	0.552268 	0.509902 	0.447214 	0.539676 	0.522015 	0.471699 	0.509902 	0.548293 	0.801561 	0.559017 	0.548293 	0.995301 	0.781425 	0.806226 	1.000312 	0.951315 	0.975320 	1.051190 	1.191900 	0.710634 	0.982980 	1.054751 	1.101136 	1.102554 	1.176063 	1.030776 	1.007782 	1.231107 	
0.570088 	1.219887 	1.502706 	1.538059 	0.735697 	0.588430 	1.055047 	0.811249 	9.000000 	3.209459 	2.428220 	0.625500 	0.667083 	1.856071 	3.168793 	2.706127 	1.569236 	0.333542 	1.155963 	1.178187 	1.296630 	1.288652 	1.226020 	1.103687 	1.243232 	1.212693 	1.093446 	0.776611 	1.196349 	1.557442 	1.191900 	0.901388 	1.773415 	1.491643 	1.515957 	1.741049 	1.673507 	1.703856 	1.796003 	1.960867 	1.129436 	1.681703 	1.760149 	1.819512 	1.814180 	1.892749 	1.625769 	1.550806 	1.800694 	
2.650118 	2.091949 	1.853712 	1.824829 	3.682475 	3.599045 	2.334791 	2.548038 	3.209459 	9.000000 	0.800391 	2.645397 	2.561860 	1.851520 	0.879275 	1.039832 	2.100149 	3.154857 	2.493116 	2.562226 	2.479541 	2.504496 	2.557831 	2.666927 	2.580940 	2.607681 	2.716615 	3.010399 	2.682466 	2.402082 	2.707397 	2.987997 	2.266743 	2.551103 	2.551960 	2.443486 	2.512469 	2.490231 	2.425387 	2.299592 	3.010399 	2.589643 	2.573907 	2.531798 	2.556487 	2.544725 	2.860944 	2.955186 	2.980457 	
1.879162 	1.291559 	1.057414 	1.029866 	2.944911 	2.850439 	1.534805 	1.748035 	2.428220 	0.800391 	9.000000 	1.890106 	1.796177 	1.353237 	1.192686 	0.691466 	1.336507 	2.358495 	1.702939 	1.775704 	1.700735 	1.725724 	1.775000 	1.877665 	1.800174 	1.825000 	1.927596 	2.211476 	1.900000 	1.652460 	1.925000 	2.192316 	1.549597 	1.796177 	1.800174 	1.724094 	1.782730 	1.765113 	1.715554 	1.622113 	2.225562 	1.861619 	1.858259 	1.826369 	1.850000 	1.852363 	2.123235 	2.207091 	2.263018 	
0.145774 	0.862047 	1.119431 	1.152443 	1.060660 	0.960469 	0.825000 	0.673146 	0.625500 	2.645397 	1.890106 	9.000000 	0.127475 	1.237437 	2.549510 	2.270050 	1.336507 	0.761577 	1.068878 	1.133854 	1.216552 	1.220912 	1.182423 	1.114955 	1.212693 	1.195042 	1.132751 	1.009022 	1.217580 	1.455378 	1.226020 	1.105102 	1.625192 	1.451293 	1.475847 	1.656804 	1.615743 	1.637261 	1.704589 	1.825171 	1.317431 	1.652460 	1.722099 	1.764405 	1.767767 	1.838818 	1.700184 	1.667708 	1.899013 	
0.100000 	0.735272 	0.995301 	1.028652 	1.168867 	1.061249 	0.700446 	0.561805 	0.667083 	2.561860 	1.796177 	0.127475 	9.000000 	1.236932 	2.503248 	2.155371 	1.209339 	0.745822 	0.951972 	1.020110 	1.098294 	1.103687 	1.068001 	1.007782 	1.099147 	1.083109 	1.028652 	0.938416 	1.109617 	1.333464 	1.119431 	1.025914 	1.500000 	1.334166 	1.358538 	1.535008 	1.496036 	1.516781 	1.582127 	1.700000 	1.230091 	1.534805 	1.603317 	1.644118 	1.648105 	1.718284 	1.592365 	1.565248 	1.792345 	
1.334166 	1.396648 	1.428504 	1.436358 	2.057000 	2.020211 	1.581336 	1.625000 	1.856071 	1.851520 	1.353237 	1.237437 	1.236932 	9.000000 	1.442654 	2.003902 	1.830983 	1.982738 	1.879162 	1.968661 	1.980215 	1.998281 	2.001406 	2.015099 	2.036695 	2.039148 	2.055024 	2.113203 	2.096724 	2.112611 	2.116158 	2.170829 	2.163331 	2.193171 	2.211476 	2.285005 	2.291970 	2.295784 	2.310438 	2.332381 	2.329834 	2.359158 	2.401172 	2.410005 	2.425129 	2.470324 	2.527969 	2.549510 	2.722591 	
2.602163 	2.273351 	2.116158 	2.098362 	3.482097 	3.431108 	2.521037 	2.679202 	3.168793 	0.879275 	1.192686 	2.549510 	2.503248 	1.442654 	9.000000 	1.754459 	2.467033 	3.206244 	2.755449 	2.839124 	2.789265 	2.813472 	2.850110 	2.927136 	2.880213 	2.898814 	2.976260 	3.184827 	2.971952 	2.791617 	2.996352 	3.197069 	2.718685 	2.925107 	2.933108 	2.888772 	2.938643 	2.925000 	2.886282 	2.807356 	3.280339 	3.017553 	3.023347 	2.998020 	3.020761 	3.030058 	3.265827 	3.336353 	3.421440 	
2.218248 	1.486607 	1.204159 	1.168867 	3.322744 	3.207900 	1.680030 	1.925162 	2.706127 	1.039832 	0.691466 	2.270050 	2.155371 	2.003902 	1.754459 	9.000000 	1.276959 	2.555020 	1.732953 	1.779396 	1.671264 	1.694476 	1.759616 	1.891098 	1.773415 	1.805893 	1.936814 	2.292651 	1.875667 	1.521923 	1.899013 	2.236767 	1.340009 	1.673507 	1.667708 	1.510174 	1.590990 	1.562850 	1.480287 	1.325000 	2.198010 	1.662077 	1.629801 	1.576785 	1.601757 	1.575000 	1.938105 	2.047101 	2.025617 	
1.225765 	0.505594 	0.406971 	0.406971 	2.271838 	2.135708 	0.529741 	0.760345 	1.569236 	2.100149 	1.336507 	1.336507 	1.209339 	1.830983 	2.467033 	1.276959 	9.000000 	1.347683 	0.465027 	0.503115 	0.395285 	0.419076 	0.482830 	0.614919 	0.498121 	0.529741 	0.660019 	1.026219 	0.601041 	0.325000 	0.625000 	0.961769 	0.335410 	0.460977 	0.467039 	0.459619 	0.485412 	0.480234 	0.480234 	0.522015 	0.927699 	0.561805 	0.585769 	0.583631 	0.601041 	0.640312 	0.798827 	0.873212 	0.961769 	
0.649038 	1.085415 	1.359458 	1.393960 	1.051190 	0.901388 	0.875000 	0.630971 	0.333542 	3.154857 	2.358495 	0.761577 	0.745822 	1.982738 	3.206244 	2.555020 	1.347683 	9.000000 	0.901388 	0.905883 	1.029563 	1.017657 	0.950329 	0.817389 	0.962094 	0.929045 	0.798827 	0.450694 	0.901388 	1.285739 	0.893378 	0.575543 	1.510381 	1.202601 	1.226020 	1.457738 	1.384061 	1.416201 	1.513481 	1.688565 	0.800391 	1.384061 	1.463087 	1.525820 	1.518223 	1.597263 	1.305996 	1.225255 	1.475212 	
0.933408 	0.503115 	0.650481 	0.675000 	1.882153 	1.739253 	0.301040 	0.400780 	1.155963 	2.493116 	1.702939 	1.068878 	0.951972 	1.879162 	2.755449 	1.732953 	0.465027 	0.901388 	9.000000 	0.090139 	0.150000 	0.152069 	0.125000 	0.175000 	0.160078 	0.160078 	0.225000 	0.561805 	0.223607 	0.406971 	0.246221 	0.506211 	0.617454 	0.382426 	0.406971 	0.602080 	0.550568 	0.575000 	0.654313 	0.807001 	0.527376 	0.583631 	0.654313 	0.700446 	0.701783 	0.775403 	0.665676 	0.671751 	0.866747 	
0.995301 	0.592663 	0.728869 	0.751665 	1.910007 	1.765113 	0.388909 	0.460977 	1.178187 	2.562226 	1.775704 	1.133854 	1.020110 	1.968661 	2.839124 	1.779396 	0.503115 	0.905883 	0.090139 	9.000000 	0.125000 	0.111803 	0.050000 	0.111803 	0.079057 	0.070711 	0.158114 	0.531507 	0.134629 	0.380789 	0.158114 	0.458939 	0.604669 	0.325000 	0.350000 	0.564026 	0.502494 	0.530330 	0.618466 	0.784618 	0.450000 	0.525595 	0.600000 	0.651920 	0.650481 	0.726722 	0.583095 	0.583631 	0.784618 	
1.082243 	0.585769 	0.673146 	0.691466 	2.026080 	1.882153 	0.425000 	0.550568 	1.296630 	2.479541 	1.700735 	1.216552 	1.098294 	1.980215 	2.789265 	1.671264 	0.395285 	1.029563 	0.150000 	0.125000 	9.000000 	0.025000 	0.090139 	0.230489 	0.103078 	0.134629 	0.270416 	0.654313 	0.206155 	0.261008 	0.230489 	0.575543 	0.480885 	0.237171 	0.261008 	0.452769 	0.400780 	0.425000 	0.505594 	0.664266 	0.534439 	0.436606 	0.505594 	0.550568 	0.552268 	0.625500 	0.548293 	0.575543 	0.745822 	
1.085415 	0.605186 	0.697316 	0.715891 	2.019437 	1.875000 	0.437321 	0.552268 	1.288652 	2.504496 	1.725724 	1.220912 	1.103687 	1.998281 	2.813472 	1.694476 	0.419076 	1.017657 	0.152069 	0.111803 	0.025000 	9.000000 	0.070711 	0.212132 	0.079057 	0.111803 	0.250000 	0.636396 	0.182003 	0.269258 	0.206155 	0.555090 	0.493077 	0.230489 	0.254951 	0.456207 	0.400000 	0.425735 	0.509902 	0.673146 	0.509902 	0.431567 	0.502494 	0.550000 	0.550568 	0.625000 	0.531507 	0.555090 	0.730154 	
1.044330 	0.617454 	0.735697 	0.756637 	1.958475 	1.813319 	0.425735 	0.509902 	1.226020 	2.557831 	1.775000 	1.182423 	1.068001 	2.001406 	2.850110 	1.759616 	0.482830 	0.950329 	0.125000 	0.050000 	0.090139 	0.070711 	9.000000 	0.141421 	0.035355 	0.050000 	0.180278 	0.565685 	0.125000 	0.335410 	0.150000 	0.485412 	0.561805 	0.275000 	0.300000 	0.515388 	0.452769 	0.480885 	0.570088 	0.738664 	0.452769 	0.475657 	0.550000 	0.602080 	0.600521 	0.676849 	0.540833 	0.548293 	0.742041 	
0.972432 	0.664266 	0.825379 	0.850000 	1.838648 	1.692077 	0.437321 	0.447214 	1.103687 	2.666927 	1.877665 	1.114955 	1.007782 	2.015099 	2.927136 	1.891098 	0.614919 	0.817389 	0.175000 	0.111803 	0.230489 	0.212132 	0.141421 	9.000000 	0.145774 	0.111803 	0.050000 	0.424264 	0.103078 	0.471699 	0.111803 	0.347311 	0.700446 	0.388104 	0.412311 	0.640800 	0.570088 	0.601041 	0.696419 	0.872138 	0.353553 	0.579871 	0.657647 	0.715891 	0.711073 	0.789383 	0.585235 	0.561805 	0.784618 	
1.073837 	0.651920 	0.764853 	0.785016 	1.976898 	1.831154 	0.460977 	0.539676 	1.243232 	2.580940 	1.800174 	1.212693 	1.099147 	2.036695 	2.880213 	1.773415 	0.498121 	0.962094 	0.160078 	0.079057 	0.103078 	0.079057 	0.035355 	0.145774 	9.000000 	0.035355 	0.176777 	0.566789 	0.103078 	0.325960 	0.127475 	0.480234 	0.555090 	0.251247 	0.276134 	0.498121 	0.431567 	0.460977 	0.553399 	0.726722 	0.431567 	0.450000 	0.525595 	0.579871 	0.577170 	0.654313 	0.506211 	0.512957 	0.707549 	
1.055047 	0.660492 	0.785016 	0.806226 	1.946953 	1.800868 	0.459619 	0.522015 	1.212693 	2.607681 	1.825000 	1.195042 	1.083109 	2.039148 	2.898814 	1.805893 	0.529741 	0.929045 	0.160078 	0.070711 	0.134629 	0.111803 	0.050000 	0.111803 	0.035355 	9.000000 	0.141421 	0.531507 	0.075000 	0.360555 	0.100000 	0.445112 	0.590021 	0.279509 	0.304138 	0.529741 	0.460977 	0.491172 	0.585235 	0.760345 	0.403113 	0.475657 	0.552268 	0.608276 	0.604669 	0.682367 	0.514782 	0.512957 	0.716327 	
0.989002 	0.711512 	0.875357 	0.900000 	1.829105 	1.681703 	0.480885 	0.471699 	1.093446 	2.716615 	1.927596 	1.132751 	1.028652 	2.055024 	2.976260 	1.936814 	0.660019 	0.798827 	0.225000 	0.158114 	0.270416 	0.250000 	0.180278 	0.050000 	0.176777 	0.141421 	9.000000 	0.390512 	0.103078 	0.500000 	0.100000 	0.305164 	0.730154 	0.403887 	0.427200 	0.660019 	0.585235 	0.617454 	0.715891 	0.896172 	0.304138 	0.588430 	0.667083 	0.728011 	0.721543 	0.800391 	0.570088 	0.536773 	0.766893 	
