Total assets = 579
Number of asset nodes = 34

Distance:
999.000000 	18.788294 	126.826653 	50.009998 	97.493591 	59.665737 	44.181442 	60.415230 	124.020157 	16.278820 	126.051575 	81.043198 	70.604530 	55.009090 	89.358826 	136.619904 	92.962357 	29.410883 	77.369247 	140.911316 	69.050705 	60.299255 	41.436699 	136.213074 	96.462425 	131.228806 	45.122055 	82.036575 	49.030602 	50.009998 	98.493652 	78.517517 	86.313385 	54.744862 	60.530983 	116.090485 	119.854080 	72.443085 	100.975243 	77.414467 	108.853111 	99.322708 	100.319489 	81.498466 	117.686020 	116.726173 	86.579445 	99.247169 	106.075447 	103.310211 	109.041275 	113.282829 	
18.788294 	999.000000 	145.340973 	68.410522 	116.275536 	78.160095 	62.169125 	78.847954 	142.688477 	29.154760 	144.754959 	99.624290 	89.050545 	73.790245 	108.046288 	154.673843 	111.646767 	48.104053 	95.880135 	159.477264 	87.321243 	78.262383 	58.034473 	154.870911 	115.169441 	149.966660 	61.032780 	100.224747 	65.030762 	66.030296 	117.046997 	96.509064 	104.560989 	71.007042 	77.000000 	134.714508 	138.513535 	89.000000 	119.050407 	94.000000 	127.121986 	117.098251 	118.088951 	98.005104 	136.062485 	134.937027 	103.019417 	116.004311 	123.065025 	120.000000 	126.099167 	130.000000 	
126.826653 	145.340973 	999.000000 	83.737686 	34.000000 	75.000000 	91.547798 	75.213028 	8.246211 	124.523087 	10.295630 	57.697487 	56.302753 	72.917763 	38.183765 	18.110771 	34.655445 	99.247169 	61.717098 	14.317822 	71.196907 	80.454956 	101.212646 	12.041595 	43.680660 	14.212670 	102.649887 	64.845970 	100.404182 	99.859901 	48.662102 	69.641945 	61.684681 	96.384644 	92.590500 	40.792156 	38.600517 	87.664131 	60.074955 	86.023254 	54.147945 	66.121101 	66.068146 	85.866173 	50.447994 	55.317268 	85.702972 	81.098709 	78.057671 	82.000000 	77.233414 	82.607506 	
50.009998 	68.410522 	83.737686 	999.000000 	50.990196 	9.848858 	7.810250 	10.440307 	79.195961 	42.544094 	80.659782 	31.384710 	33.734257 	15.000000 	45.803928 	97.097885 	49.203659 	21.023796 	27.513634 	96.896851 	19.104973 	11.704700 	17.888544 	91.241440 	47.413078 	85.146935 	20.615528 	32.140316 	20.024984 	20.000000 	48.703182 	29.017237 	36.345562 	19.646883 	21.095022 	66.483078 	70.384659 	29.206163 	51.156624 	33.286633 	58.855755 	50.039986 	51.039200 	37.215588 	67.683083 	66.753281 	42.059483 	52.810986 	58.694122 	56.920998 	61.392181 	66.483078 	
97.493591 	116.275536 	34.000000 	50.990196 	999.000000 	41.725292 	58.728188 	41.773197 	28.425341 	93.005379 	29.698484 	23.769728 	31.016125 	42.485291 	11.401754 	50.000000 	9.433981 	68.600288 	27.730848 	46.227695 	37.215588 	46.615448 	67.941154 	40.311287 	12.649111 	34.205261 	69.028976 	31.575306 	66.610809 	66.030296 	19.697716 	36.138622 	29.068884 	62.433964 	58.591808 	26.000000 	27.892651 	54.120235 	32.695564 	52.952808 	31.240999 	37.947330 	38.275318 	53.338543 	33.837849 	36.878178 	54.009258 	52.392746 	51.623638 	54.405884 	51.894123 	58.137768 	
59.665737 	78.160095 	75.000000 	9.848858 	41.725292 	999.000000 	17.204651 	1.414214 	70.092796 	52.354561 	71.421288 	21.540659 	29.068884 	14.212670 	37.589893 	89.067390 	40.816662 	30.413813 	17.720045 	87.863533 	10.198039 	8.246211 	26.248810 	82.036575 	37.589893 	75.742989 	27.784887 	23.021729 	26.000000 	25.632011 	38.897301 	20.615528 	27.018513 	23.345236 	22.090721 	56.648037 	60.539242 	26.076809 	42.000000 	29.068884 	49.365982 	41.436699 	42.426407 	32.526913 	58.051701 	57.314919 	36.878178 	46.065170 	51.264023 	50.089920 	53.758720 	59.236813 	
44.181442 	62.169125 	91.547798 	7.810250 	58.728188 	17.204651 	999.000000 	17.492855 	86.977005 	35.341194 	88.413803 	38.470768 	40.804413 	21.587032 	53.600372 	104.847511 	57.008770 	16.763054 	34.438351 	104.690018 	25.298222 	16.124516 	10.440307 	99.005051 	54.708317 	92.849342 	14.000000 	38.078865 	14.560220 	14.866069 	55.542778 	34.365681 	42.449970 	16.401220 	20.000000 	73.409805 	77.388626 	30.463093 	56.885849 	35.114101 	65.000000 	55.145264 	56.142673 	39.217342 	74.040527 	72.780495 	44.271889 	56.089214 	62.514000 	60.207973 	65.375839 	70.035706 	
60.415230 	78.847954 	75.213028 	10.440307 	41.773197 	1.414214 	17.492855 	999.000000 	70.178345 	52.773098 	71.449280 	21.023796 	30.149628 	15.620500 	38.013157 	89.470665 	41.182522 	31.257000 	17.088007 	87.965904 	9.055386 	7.071068 	26.172504 	82.073135 	37.215588 	75.690155 	27.459061 	22.000000 	25.495098 	25.079872 	38.275318 	19.416489 	26.076809 	22.561028 	21.023796 	56.080299 	60.008331 	24.698177 	41.012192 	27.658634 	48.507732 	40.311287 	41.303753 	31.112698 	57.271286 	56.435802 	35.468296 	44.721359 	49.979996 	48.754486 	52.497620 	57.939625 	
124.020157 	142.688477 	8.246211 	79.195961 	28.425341 	70.092796 	86.977005 	70.178345 	999.000000 	120.739388 	3.162278 	51.623638 	54.129475 	69.404610 	34.669872 	26.305893 	31.064449 	95.801880 	55.758408 	17.804493 	65.459915 	75.000000 	96.332756 	12.206555 	36.769554 	9.055386 	97.452553 	58.180752 	95.000000 	94.403389 	41.231056 	63.071388 	54.781384 	90.697296 	86.608315 	32.557640 	30.364452 	81.024689 	52.239830 	79.120163 	46.043457 	58.309521 	58.215118 	78.746429 	42.201897 	47.074409 	78.339005 	73.246162 	70.007141 	74.027023 	69.115845 	74.431175 	
16.278820 	29.154760 	124.523087 	42.544094 	93.005379 	52.354561 	35.341194 	52.773098 	120.739388 	999.000000 	122.441826 	73.790245 	69.656296 	51.623638 	86.371292 	136.124939 	89.938866 	25.612497 	69.778221 	138.191895 	60.539242 	50.921509 	29.427877 	132.909744 	89.944427 	127.200630 	32.015621 	73.054771 	36.013885 	37.013512 	90.873535 	68.963760 	77.491936 	42.047592 	48.093658 	108.747414 	112.729767 	60.074955 	91.482239 	65.069191 	99.929977 	89.050545 	90.027771 	69.028976 	109.110039 	107.563934 	74.006760 	87.091904 	94.260277 	91.049438 	97.329338 	101.044548 	
126.051575 	144.754959 	10.295630 	80.659782 	29.698484 	71.421288 	88.413803 	71.449280 	3.162278 	122.441826 	999.000000 	52.430908 	56.462376 	71.281136 	36.715118 	27.892651 	33.120991 	97.652443 	56.612720 	17.000000 	66.400299 	76.059189 	97.621719 	10.630146 	37.121422 	6.000000 	98.595131 	58.591808 	96.046867 	95.425362 	41.109608 	63.529522 	55.036350 	91.607857 	87.367043 	31.144823 	28.635643 	81.394104 	51.623638 	79.309517 	45.011108 	57.706154 	57.558666 	78.771820 	40.607880 	45.541191 	78.160095 	72.560318 	69.028976 	73.171036 	68.007355 	73.171036 	
81.043198 	99.624290 	57.697487 	31.384710 	23.769728 	21.540659 	38.470768 	21.023796 	51.623638 	73.790245 	52.430908 	999.000000 	30.413813 	29.154760 	25.079872 	73.681747 	27.018513 	51.662365 	4.242640 	69.339745 	14.142136 	24.083189 	46.400433 	63.007935 	16.401220 	56.080299 	46.690472 	9.486833 	43.863426 	43.185646 	17.464249 	13.000000 	9.899495 	39.204590 	34.985710 	35.114101 	39.000000 	30.594116 	23.409399 	30.016663 	29.068884 	25.238859 	26.076809 	31.144823 	37.121422 	37.054016 	32.984844 	35.805027 	38.209946 	39.051247 	39.824615 	46.097721 	
70.604530 	89.050545 	56.302753 	33.734257 	31.016125 	29.068884 	40.804413 	30.149628 	54.129475 	69.656296 	56.462376 	30.413813 	999.000000 	19.313208 	20.396078 	66.528191 	23.769728 	44.045429 	30.610456 	70.491135 	33.241539 	37.215588 	51.244511 	66.189125 	36.687874 	62.032249 	54.341511 	39.051247 	53.600372 	53.460266 	42.544094 	40.496914 	40.311287 	52.038448 	51.156624 	55.731499 	58.309521 	53.450912 	52.697250 	55.154327 	55.946404 	55.443665 	56.222771 	57.697487 	61.684681 	63.324562 	60.901562 	65.946945 	68.622154 	69.354164 	70.178345 	76.485291 	
55.009090 	73.790245 	72.917763 	15.000000 	42.485291 	14.212670 	21.587032 	15.620500 	69.404610 	51.623638 	71.281136 	29.154760 	19.313208 	999.000000 	34.828148 	84.811554 	38.418747 	26.400757 	26.683329 	86.683334 	23.021729 	21.954498 	32.015621 	81.608826 	42.579338 	76.321686 	35.355339 	34.176014 	35.014282 	35.000000 	46.010868 	33.120991 	37.363083 	34.365681 	34.785053 	62.649822 	66.098412 	40.224369 	52.172791 	43.278172 	58.215118 	52.810986 	53.758720 	46.690472 	66.000000 	66.189125 	50.931328 	59.363289 	63.953106 	63.285069 	66.211784 	72.006943 	
89.358826 	108.046288 	38.183765 	45.803928 	11.401754 	37.589893 	53.600372 	38.013157 	34.669872 	86.371292 	36.715118 	25.079872 	20.396078 	34.828148 	999.000000 	51.478149 	3.605551 	61.220913 	28.017851 	51.855568 	35.902645 	44.011364 	63.513779 	46.872166 	21.213203 	42.047592 	65.368187 	34.365681 	63.505905 	63.071388 	28.319605 	38.052597 	33.241539 	60.166435 	57.280014 	37.336308 	39.293766 	55.145264 	40.804413 	55.009090 	41.109608 	45.276924 	45.793011 	56.222771 	44.777225 	47.434166 	57.870544 	58.694122 	59.169250 	61.269894 	59.908264 	66.287254 	
136.619904 	154.673843 	18.110771 	97.097885 	50.000000 	89.067390 	104.847511 	89.470665 	26.305893 	136.124939 	27.892651 	73.681747 	66.528191 	84.811554 	51.478149 	999.000000 	48.301140 	110.535065 	77.491936 	19.209373 	86.539009 	95.273293 	114.908661 	23.600847 	60.827625 	29.966648 	116.846054 	81.492332 	114.947815 	114.490173 	66.272163 	86.127815 	78.644768 	111.400177 	108.078674 	58.855755 	56.515484 	104.120125 	78.006409 	102.839684 	72.249565 	84.023804 	84.005951 	102.961159 	68.447060 	73.348480 	103.097038 	99.020203 	96.130119 	100.019997 	95.336250 	100.717430 	
92.962357 	111.646767 	34.655445 	49.203659 	9.433981 	40.816662 	57.008770 	41.182522 	31.064449 	89.938866 	33.120991 	27.018513 	23.769728 	38.418747 	3.605551 	48.301140 	999.000000 	64.815125 	30.265491 	48.270073 	38.600517 	47.010635 	66.850578 	43.266617 	20.808653 	38.483765 	68.600288 	36.055511 	66.648331 	66.189125 	28.017851 	40.012497 	34.525352 	63.158531 	60.083275 	35.341194 	37.000000 	57.428215 	40.816662 	57.035076 	40.311287 	45.617977 	46.065170 	58.034473 	43.266617 	46.227695 	59.413803 	59.464275 	59.481091 	61.846584 	60.033325 	66.370171 	
29.410883 	48.104053 	99.247169 	21.023796 	68.600288 	30.413813 	16.763054 	31.257000 	95.801880 	25.612497 	97.652443 	51.662365 	44.045429 	26.400757 	61.220913 	110.535065 	64.815125 	999.000000 	48.052055 	113.070778 	40.112343 	32.140316 	19.849434 	108.004631 	67.067131 	102.625534 	24.839485 	53.150730 	27.586229 	28.319605 	69.123077 	50.000000 	57.314919 	31.622776 	36.235340 	86.683334 	90.443352 	47.169907 	72.173401 	51.865211 	79.762146 	71.007042 	72.006943 	55.973209 	88.459030 	87.692642 	61.032780 	72.780495 	79.075912 	76.902534 	81.884064 	86.683334 	
77.369247 	95.880135 	61.717098 	27.513634 	27.730848 	17.720045 	34.438351 	17.088007 	55.758408 	69.778221 	56.612720 	4.242640 	30.610456 	26.683329 	28.017851 	77.491936 	30.265491 	48.052055 	999.000000 	73.498299 	9.899495 	19.849434 	42.201897 	67.201187 	20.615528 	60.307545 	42.449970 	8.485281 	39.623226 	38.948685 	21.189621 	10.440307 	10.770329 	35.000000 	30.886890 	39.000000 	42.953465 	27.166155 	25.495098 	27.073973 	32.015621 	26.400757 	27.313000 	28.635643 	40.447498 	40.012497 	31.016125 	35.383614 	38.600517 	38.897301 	40.496914 	46.615448 	
140.911316 	159.477264 	14.317822 	96.896851 	46.227695 	87.863533 	104.690018 	87.965904 	17.804493 	138.191895 	17.000000 	69.339745 	70.491135 	86.683334 	51.855568 	19.209373 	48.270073 	113.070778 	73.498299 	999.000000 	83.234612 	92.800865 	114.109596 	7.071068 	54.120235 	15.132746 	115.256233 	75.591003 	112.800713 	112.200714 	57.939625 	80.529495 	72.013885 	108.466583 	104.307236 	46.270943 	43.046486 	98.386993 	67.911705 	96.254868 	60.671246 	73.979729 	73.756355 	95.634720 	55.009090 	60.008331 	94.868332 	88.645363 	84.593147 	88.955048 	83.294655 	88.051125 	
69.050705 	87.321243 	71.196907 	19.104973 	37.215588 	10.198039 	25.298222 	9.055386 	65.459915 	60.539242 	66.400299 	14.142136 	33.241539 	23.021729 	35.902645 	86.539009 	38.600517 	40.112343 	9.899495 	83.234612 	999.000000 	10.000000 	32.449963 	77.006493 	30.479502 	70.178345 	32.557640 	13.038404 	29.732138 	29.068884 	30.413813 	10.440307 	17.262676 	25.238859 	21.540659 	48.301140 	52.354561 	20.396078 	32.062439 	21.931713 	39.812057 	31.257000 	32.249031 	24.698177 	48.764740 	47.675991 	28.425341 	36.359318 	41.231056 	40.311287 	43.657761 	49.244289 	
60.299255 	78.262383 	80.454956 	11.704700 	46.615448 	8.246211 	16.124516 	7.071068 	75.000000 	50.921509 	76.059189 	24.083189 	37.215588 	21.954498 	44.011364 	95.273293 	47.010635 	32.140316 	19.849434 	92.800865 	10.000000 	999.000000 	22.472204 	86.683334 	40.459858 	79.981247 	22.627417 	22.135944 	20.000000 	19.416489 	40.311287 	18.248287 	26.570660 	16.155495 	14.000000 	58.180752 	62.265560 	18.439089 	40.792156 	22.022715 	49.040798 	39.051247 	40.049969 	25.806976 	58.189346 	56.753853 	30.528675 	41.109608 	47.074409 	45.221676 	49.819675 	54.817879 	
41.436699 	58.034473 	101.212646 	17.888544 	67.941154 	26.248810 	10.440307 	26.172504 	96.332756 	29.427877 	97.621719 	46.400433 	51.244511 	32.015621 	63.513779 	114.908661 	66.850578 	19.849434 	42.201897 	114.109596 	32.449963 	22.472204 	999.000000 	108.245094 	62.801273 	101.833199 	5.000000 	44.283180 	8.062258 	8.944272 	62.769421 	39.924931 	48.754486 	13.341664 	19.104973 	80.622574 	84.723076 	31.064449 	62.297672 	36.055511 	70.936592 	59.665737 	60.638271 	40.112343 	80.230919 	78.434685 	45.177429 	58.008621 	65.030762 	62.032249 	68.066147 	72.027771 	
136.213074 	154.870911 	12.041595 	91.241440 	40.311287 	82.036575 	99.005051 	82.073135 	12.206555 	132.909744 	10.630146 	63.007935 	66.189125 	81.608826 	46.872166 	23.600847 	43.266617 	108.004631 	67.201187 	7.071068 	77.006493 	86.683334 	108.245094 	999.000000 	47.507893 	8.062258 	109.224541 	68.963760 	106.667709 	106.042442 	51.078373 	73.925636 	65.299309 	102.200783 	97.908119 	39.204590 	36.013885 	91.706055 	60.876926 	89.470665 	53.600372 	66.940269 	66.708321 	88.769363 	48.000000 	53.000000 	87.920418 	81.584312 	77.524193 	81.884064 	76.236473 	81.024689 	
96.462425 	115.169441 	43.680660 	47.413078 	12.649111 	37.589893 	54.708317 	37.215588 	36.769554 	89.944427 	37.121422 	16.401220 	36.687874 	42.579338 	21.213203 	60.827625 	20.808653 	67.067131 	20.615528 	54.120235 	30.479502 	40.459858 	62.801273 	47.507893 	999.000000 	40.224369 	63.031738 	21.470911 	60.108234 	59.396969 	7.211102 	26.419689 	18.027756 	55.226807 	50.606323 	20.099751 	23.537205 	44.283180 	20.124611 	42.379242 	20.000000 	25.298222 	25.632011 	42.201897 	25.000000 	26.832815 	42.296574 	39.812057 	39.000000 	41.761227 	39.357338 	45.650848 	
131.228806 	149.966660 	14.212670 	85.146935 	34.205261 	75.742989 	92.849342 	75.690155 	9.055386 	127.200630 	6.000000 	56.080299 	62.032249 	76.321686 	42.047592 	29.966648 	38.483765 	102.625534 	60.307545 	15.132746 	70.178345 	79.981247 	101.833199 	8.062258 	40.224369 	999.000000 	102.591423 	61.587337 	99.904953 	99.247169 	43.382023 	66.573265 	57.801384 	95.268044 	90.801979 	31.144823 	28.000000 	84.219948 	52.886673 	81.841309 	45.541191 	58.940647 	58.694122 	81.024689 	40.012497 	45.011108 	80.056229 	73.545906 	69.462219 	73.824112 	68.183578 	73.006851 	
45.122055 	61.032780 	102.649887 	20.615528 	69.028976 	27.784887 	14.000000 	27.459061 	97.452553 	32.015621 	98.595131 	46.690472 	54.341511 	35.355339 	65.368187 	116.846054 	68.600288 	24.839485 	42.449970 	115.256233 	32.557640 	22.627417 	5.000000 	109.224541 	63.031738 	102.591423 	999.000000 	43.566040 	4.000000 	5.000000 	62.425957 	38.948685 	48.020828 	10.049875 	16.124516 	80.156097 	84.314888 	28.071337 	60.926186 	33.060551 	69.778221 	57.870544 	58.821766 	37.013512 	79.158073 	77.077881 	42.000000 	55.081757 	62.289646 	59.033890 	65.375839 	69.028976 	
82.036575 	100.224747 	64.845970 	32.140316 	31.575306 	23.021729 	38.078865 	22.000000 	58.180752 	73.054771 	58.591808 	9.486833 	39.051247 	34.176014 	34.365681 	81.492332 	36.055511 	53.150730 	8.485281 	75.591003 	13.038404 	22.135944 	44.283180 	68.963760 	21.470911 	61.587337 	43.566040 	999.000000 	40.224369 	39.408119 	19.104973 	5.000000 	4.472136 	34.828148 	29.698484 	36.619667 	40.804413 	22.847319 	19.026299 	21.377558 	26.925823 	18.681541 	19.646883 	22.000000 	36.055511 	34.713108 	23.537205 	26.907248 	30.232433 	30.413813 	32.249031 	38.275318 	
49.030602 	65.030762 	100.404182 	20.024984 	66.610809 	26.000000 	14.560220 	25.495098 	95.000000 	36.013885 	96.046867 	43.863426 	53.600372 	35.014282 	63.505905 	114.947815 	66.648331 	27.586229 	39.623226 	112.800713 	29.732138 	20.000000 	8.062258 	106.667709 	60.108234 	99.904953 	4.000000 	40.224369 	999.000000 	1.000000 	59.203041 	35.510563 	44.654228 	6.082763 	12.165525 	76.843994 	81.024689 	24.083189 	57.271286 	29.068884 	66.189125 	54.083271 	55.027267 	33.015148 	75.591003 	73.409805 	38.000000 	51.088158 	58.309521 	55.036350 	61.400326 	65.030762 	
50.009998 	66.030296 	99.859901 	20.000000 	66.030296 	25.632011 	14.866069 	25.079872 	94.403389 	37.013512 	95.425362 	43.185646 	53.460266 	35.000000 	63.071388 	114.490173 	66.189125 	28.319605 	38.948685 	112.200714 	29.068884 	19.416489 	8.944272 	106.042442 	59.396969 	99.247169 	5.000000 	39.408119 	1.000000 	999.000000 	58.412327 	34.669872 	43.829212 	5.099020 	11.180340 	76.026314 	80.212219 	23.086792 	56.364883 	28.071337 	65.299309 	53.141319 	54.083271 	32.015621 	74.706093 	72.498276 	37.000000 	50.089920 	57.314919 	54.037025 	60.406952 	64.031242 	
98.493652 	117.046997 	48.662102 	48.703182 	19.697716 	38.897301 	55.542778 	38.275318 	41.231056 	90.873535 	41.109608 	17.464249 	42.544094 	46.010868 	28.319605 	66.272163 	28.017851 	69.123077 	21.189621 	57.939625 	30.413813 	40.311287 	62.769421 	51.078373 	7.211102 	43.382023 	62.425957 	19.104973 	59.203041 	58.412327 	999.000000 	24.041630 	14.866069 	53.907330 	48.795490 	17.888544 	21.954498 	41.048752 	13.000000 	38.470768 	13.416408 	18.439089 	18.681541 	37.696156 	20.024984 	20.880613 	37.107952 	33.241539 	31.953091 	34.928497 	32.202484 	38.470768 	
78.517517 	96.509064 	69.641945 	29.017237 	36.138622 	20.615528 	34.365681 	19.416489 	63.071388 	68.963760 	63.529522 	13.000000 	40.496914 	33.120991 	38.052597 	86.127815 	40.012497 	50.000000 	10.440307 	80.529495 	10.440307 	18.248287 	39.924931 	73.925636 	26.419689 	66.573265 	38.948685 	5.000000 	35.510563 	34.669872 	24.041630 	999.000000 	9.219544 	30.000000 	24.758837 	41.400482 	45.607018 	18.027756 	22.561028 	17.029387 	31.016125 	21.023796 	22.022715 	18.248287 	40.311287 	38.600517 	20.615528 	26.400757 	30.870699 	30.232433 	33.241539 	38.910152 	
86.313385 	104.560989 	61.684681 	36.345562 	29.068884 	27.018513 	42.449970 	26.076809 	54.781384 	77.491936 	55.036350 	9.899495 	40.311287 	37.363083 	33.241539 	78.644768 	34.525352 	57.314919 	10.770329 	72.013885 	17.262676 	26.570660 	48.754486 	65.299309 	18.027756 	57.801384 	48.020828 	4.472136 	44.654228 	43.829212 	14.866069 	9.219544 	999.000000 	39.204590 	33.970577 	32.202484 	36.400551 	26.419689 	15.033297 	24.351591 	22.561028 	15.652476 	16.552946 	24.331051 	31.622776 	30.413813 	25.019993 	26.076809 	28.319605 	29.206163 	30.000000 	36.235340 	
54.744862 	71.007042 	96.384644 	19.646883 	62.433964 	23.345236 	16.401220 	22.561028 	90.697296 	42.047592 	91.607857 	39.204590 	52.038448 	34.365681 	60.166435 	111.400177 	63.158531 	31.622776 	35.000000 	108.466583 	25.238859 	16.155495 	13.341664 	102.200783 	55.226807 	95.268044 	10.049875 	34.828148 	6.082763 	5.099020 	53.907330 	30.000000 	39.204590 	999.000000 	6.082763 	71.400284 	75.604233 	18.027756 	51.429562 	23.021729 	60.415230 	48.104053 	49.040798 	27.000000 	69.835518 	67.542580 	32.015621 	45.044422 	52.239830 	49.010204 	55.326305 	59.008472 	
60.530983 	77.000000 	92.590500 	21.095022 	58.591808 	22.090721 	20.000000 	21.023796 	86.608315 	48.093658 	87.367043 	34.985710 	51.156624 	34.785053 	57.280014 	108.078674 	60.083275 	36.235340 	30.886890 	104.307236 	21.540659 	14.000000 	19.104973 	97.908119 	50.606323 	90.801979 	16.124516 	29.698484 	12.165525 	11.180340 	48.795490 	24.758837 	33.970577 	6.082763 	999.000000 	66.068146 	70.292244 	12.000000 	45.650848 	17.000000 	54.708317 	42.154476 	43.081318 	21.023796 	64.140472 	61.717098 	26.076809 	39.012817 	46.173584 	43.000000 	49.254440 	53.000000 	
116.090485 	134.714508 	40.792156 	66.483078 	26.000000 	56.648037 	73.409805 	56.080299 	32.557640 	108.747414 	31.144823 	35.114101 	55.731499 	62.649822 	37.336308 	58.855755 	35.341194 	86.683334 	39.000000 	46.270943 	48.301140 	58.180752 	80.622574 	39.204590 	20.099751 	31.144823 	80.156097 	36.619667 	76.843994 	76.026314 	17.888544 	41.400482 	32.202484 	71.400284 	66.068146 	999.000000 	4.242640 	57.314919 	22.825424 	54.037025 	14.560220 	28.635643 	28.231188 	52.430908 	9.848858 	14.560220 	50.606323 	42.720020 	38.327538 	42.755116 	37.054016 	42.047592 	
119.854080 	138.513535 	38.600517 	70.384659 	27.892651 	60.539242 	77.388626 	60.008331 	30.364452 	112.729767 	28.635643 	39.000000 	58.309521 	66.098412 	39.293766 	56.515484 	37.000000 	90.443352 	42.953465 	43.046486 	52.354561 	62.265560 	84.723076 	36.013885 	23.537205 	28.000000 	84.314888 	40.804413 	81.024689 	80.212219 	21.954498 	45.607018 	36.400551 	75.604233 	70.292244 	4.242640 	999.000000 	61.554855 	26.925823 	58.258045 	18.384777 	32.649654 	32.202484 	56.612720 	12.041595 	17.029387 	54.708317 	46.486557 	41.773197 	46.324940 	40.311287 	45.011108 	
72.443085 	89.000000 	87.664131 	29.206163 	54.120235 	26.076809 	30.463093 	24.698177 	81.024689 	60.074955 	81.394104 	30.594116 	53.450912 	40.224369 	55.145264 	104.120125 	57.428215 	47.169907 	27.166155 	98.386993 	20.396078 	18.439089 	31.064449 	91.706055 	44.283180 	84.219948 	28.071337 	22.847319 	24.083189 	23.086792 	41.048752 	18.027756 	26.419689 	18.027756 	12.000000 	57.314919 	61.554855 	999.000000 	35.608986 	5.000000 	44.821869 	31.384710 	32.249031 	9.055386 	54.203320 	51.312767 	14.142136 	27.018513 	34.234486 	31.000000 	37.336308 	41.000000 	
100.975243 	119.050407 	60.074955 	51.156624 	32.695564 	42.000000 	56.885849 	41.012192 	52.239830 	91.482239 	51.623638 	23.409399 	52.697250 	52.172791 	40.804413 	78.006409 	40.816662 	72.173401 	25.495098 	67.911705 	32.062439 	40.792156 	62.297672 	60.876926 	20.124611 	52.886673 	60.926186 	19.026299 	57.271286 	56.364883 	13.000000 	22.561028 	15.033297 	51.429562 	45.650848 	22.825424 	26.925823 	35.608986 	999.000000 	31.827662 	9.219544 	6.082763 	6.000000 	29.832869 	18.601076 	16.155495 	27.784887 	21.023796 	18.973665 	22.203604 	19.235384 	25.553865 	
77.414467 	94.000000 	86.023254 	33.286633 	52.952808 	29.068884 	35.114101 	27.658634 	79.120163 	65.069191 	79.309517 	30.016663 	55.154327 	43.278172 	55.009090 	102.839684 	57.035076 	51.865211 	27.073973 	96.254868 	21.931713 	22.022715 	36.055511 	89.470665 	42.379242 	81.841309 	33.060551 	21.377558 	29.068884 	28.071337 	38.470768 	17.029387 	24.351591 	23.021729 	17.000000 	54.037025 	58.258045 	5.000000 	31.827662 	999.000000 	41.036568 	27.202942 	28.017851 	4.123106 	50.328918 	47.201694 	9.219544 	22.022715 	29.274563 	26.000000 	32.388271 	36.000000 	
108.853111 	127.121986 	54.147945 	58.855755 	31.240999 	49.365982 	65.000000 	48.507732 	46.043457 	99.929977 	45.011108 	29.068884 	55.946404 	58.215118 	41.109608 	72.249565 	40.311287 	79.762146 	32.015621 	60.671246 	39.812057 	49.040798 	70.936592 	53.600372 	20.000000 	45.541191 	69.778221 	26.925823 	66.189125 	65.299309 	13.416408 	31.016125 	22.561028 	60.415230 	54.708317 	14.560220 	18.384777 	44.821869 	9.219544 	41.036568 	999.000000 	14.422205 	13.892444 	38.948685 	9.433981 	8.000000 	36.619667 	28.160255 	24.020824 	28.284271 	23.086792 	28.635643 	
99.322708 	117.098251 	66.121101 	50.039986 	37.947330 	41.436699 	55.145264 	40.311287 	58.309521 	89.050545 	57.706154 	25.238859 	55.443665 	52.810986 	45.276924 	84.023804 	45.617977 	71.007042 	26.400757 	73.979729 	31.257000 	39.051247 	59.665737 	66.940269 	25.298222 	58.940647 	57.870544 	18.681541 	54.083271 	53.141319 	18.439089 	21.023796 	15.652476 	48.104053 	42.154476 	28.635643 	32.649654 	31.384710 	6.082763 	27.202942 	14.422205 	999.000000 	1.000000 	24.758837 	23.345236 	20.000000 	22.203604 	15.000000 	13.892444 	16.492422 	14.866069 	21.260292 	
100.319489 	118.088951 	66.068146 	51.039200 	38.275318 	42.426407 	56.142673 	41.303753 	58.215118 	90.027771 	57.558666 	26.076809 	56.222771 	53.758720 	45.793011 	84.005951 	46.065170 	72.006943 	27.313000 	73.756355 	32.249031 	40.049969 	60.638271 	66.708321 	25.632011 	58.694122 	58.821766 	19.646883 	55.027267 	54.083271 	18.681541 	22.022715 	16.552946 	49.040798 	43.081318 	28.231188 	32.202484 	32.249031 	6.000000 	28.017851 	13.892444 	1.000000 	999.000000 	25.495098 	22.671568 	19.209373 	22.803509 	15.033297 	13.416408 	16.278820 	14.212670 	20.615528 	
81.498466 	98.005104 	85.866173 	37.215588 	53.338543 	32.526913 	39.217342 	31.112698 	78.746429 	69.028976 	78.771820 	31.144823 	57.697487 	46.690472 	56.222771 	102.961159 	58.034473 	55.973209 	28.635643 	95.634720 	24.698177 	25.806976 	40.112343 	88.769363 	42.201897 	81.024689 	37.013512 	22.000000 	33.015148 	32.015621 	37.696156 	18.248287 	24.331051 	27.000000 	21.023796 	52.430908 	56.612720 	9.055386 	29.832869 	4.123106 	38.948685 	24.758837 	25.495098 	999.000000 	48.083260 	44.687805 	5.099020 	18.110771 	25.495098 	22.022715 	28.635643 	32.015621 	
117.686020 	136.062485 	50.447994 	67.683083 	33.837849 	58.051701 	74.040527 	57.271286 	42.201897 	109.110039 	40.607880 	37.121422 	61.684681 	66.000000 	44.777225 	68.447060 	43.266617 	88.459030 	40.447498 	55.009090 	48.764740 	58.189346 	80.230919 	48.000000 	25.000000 	40.012497 	79.158073 	36.055511 	75.591003 	74.706093 	20.024984 	40.311287 	31.622776 	69.835518 	64.140472 	9.848858 	12.041595 	54.203320 	18.601076 	50.328918 	9.433981 	23.345236 	22.671568 	48.083260 	999.000000 	5.000000 	45.453274 	35.777088 	30.364452 	35.114101 	28.635643 	33.060551 	
116.726173 	134.937027 	55.317268 	66.753281 	36.878178 	57.314919 	72.780495 	56.435802 	47.074409 	107.563934 	45.541191 	37.054016 	63.324562 	66.189125 	47.434166 	73.348480 	46.227695 	87.692642 	40.012497 	60.008331 	47.675991 	56.753853 	78.434685 	53.000000 	26.832815 	45.011108 	77.077881 	34.713108 	73.409805 	72.498276 	20.880613 	38.600517 	30.413813 	67.542580 	61.717098 	14.560220 	17.029387 	51.312767 	16.155495 	47.201694 	8.000000 	20.000000 	19.209373 	44.687805 	5.000000 	999.000000 	41.725292 	31.384710 	25.632011 	30.463093 	23.769728 	28.071337 	
86.579445 	103.019417 	85.702972 	42.059483 	54.009258 	36.878178 	44.271889 	35.468296 	78.339005 	74.006760 	78.160095 	32.984844 	60.901562 	50.931328 	57.870544 	103.097038 	59.413803 	61.032780 	31.016125 	94.868332 	28.425341 	30.528675 	45.177429 	87.920418 	42.296574 	80.056229 	42.000000 	23.537205 	38.000000 	37.000000 	37.107952 	20.615528 	25.019993 	32.015621 	26.076809 	50.606323 	54.708317 	14.142136 	27.784887 	9.219544 	36.619667 	22.203604 	22.803509 	5.099020 	45.453274 	41.725292 	999.000000 	13.341664 	20.880613 	17.117243 	24.041630 	27.073973 	
99.247169 	116.004311 	81.098709 	52.810986 	52.392746 	46.065170 	56.089214 	44.721359 	73.246162 	87.091904 	72.560318 	35.805027 	65.946945 	59.363289 	58.694122 	99.020203 	59.464275 	72.780495 	35.383614 	88.645363 	36.359318 	41.109608 	58.008621 	81.584312 	39.812057 	73.545906 	55.081757 	26.907248 	51.088158 	50.089920 	33.241539 	26.400757 	26.076809 	45.044422 	39.012817 	42.720020 	46.486557 	27.018513 	21.023796 	22.022715 	28.160255 	15.000000 	15.033297 	18.110771 	35.777088 	31.384710 	13.341664 	999.000000 	7.615773 	4.123106 	10.770329 	14.035668 	
106.075447 	123.065025 	78.057671 	58.694122 	51.623638 	51.264023 	62.514000 	49.979996 	70.007141 	94.260277 	69.028976 	38.209946 	68.622154 	63.953106 	59.169250 	96.130119 	59.481091 	79.075912 	38.600517 	84.593147 	41.231056 	47.074409 	65.030762 	77.524193 	39.000000 	69.462219 	62.289646 	30.232433 	58.309521 	57.314919 	31.953091 	30.870699 	28.319605 	52.239830 	46.173584 	38.327538 	41.773197 	34.234486 	18.973665 	29.274563 	24.020824 	13.892444 	13.416408 	25.495098 	30.364452 	25.632011 	20.880613 	7.615773 	999.000000 	5.000000 	3.162278 	8.062258 	
103.310211 	120.000000 	82.000000 	56.920998 	54.405884 	50.089920 	60.207973 	48.754486 	74.027023 	91.049438 	73.171036 	39.051247 	69.354164 	63.285069 	61.269894 	100.019997 	61.846584 	76.902534 	38.897301 	88.955048 	40.311287 	45.221676 	62.032249 	81.884064 	41.761227 	73.824112 	59.033890 	30.413813 	55.036350 	54.037025 	34.928497 	30.232433 	29.206163 	49.010204 	43.000000 	42.755116 	46.324940 	31.000000 	22.203604 	26.000000 	28.284271 	16.492422 	16.278820 	22.022715 	35.114101 	30.463093 	17.117243 	4.123106 	5.000000 	999.000000 	7.810250 	10.000000 	
109.041275 	126.099167 	77.233414 	61.392181 	51.894123 	53.758720 	65.375839 	52.497620 	69.115845 	97.329338 	68.007355 	39.824615 	70.178345 	66.211784 	59.908264 	95.336250 	60.033325 	81.884064 	40.496914 	83.294655 	43.657761 	49.819675 	68.066147 	76.236473 	39.357338 	68.183578 	65.375839 	32.249031 	61.400326 	60.406952 	32.202484 	33.241539 	30.000000 	55.326305 	49.254440 	37.054016 	40.311287 	37.336308 	19.235384 	32.388271 	23.086792 	14.866069 	14.212670 	28.635643 	28.635643 	23.769728 	24.041630 	10.770329 	3.162278 	7.810250 	999.000000 	6.403124 	
113.282829 	130.000000 	82.607506 	66.483078 	58.137768 	59.236813 	70.035706 	57.939625 	74.431175 	101.044548 	73.171036 	46.097721 	76.485291 	72.006943 	66.287254 	100.717430 	66.370171 	86.683334 	46.615448 	88.051125 	49.244289 	54.817879 	72.027771 	81.024689 	45.650848 	73.006851 	69.028976 	38.275318 	65.030762 	64.031242 	38.470768 	38.910152 	36.235340 	59.008472 	53.000000 	42.047592 	45.011108 	41.000000 	25.553865 	36.000000 	28.635643 	21.260292 	20.615528 	32.015621 	33.060551 	28.071337 	27.073973 	14.035668 	8.062258 	10.000000 	6.403124 	999.000000 	

Travel time:
9.000000 	0.469707 	3.170666 	1.250250 	2.437340 	1.491643 	1.104536 	1.510381 	3.100504 	0.406971 	3.151289 	2.026080 	1.765113 	1.375227 	2.233971 	3.415498 	2.324059 	0.735272 	1.934231 	3.522783 	1.726268 	1.507481 	1.035918 	3.405327 	2.411561 	3.280720 	1.128051 	2.050914 	1.225765 	1.250250 	2.462341 	1.962938 	2.157835 	1.368622 	1.513275 	2.902262 	2.996352 	1.811077 	2.524381 	1.935362 	2.721328 	2.483068 	2.507987 	2.037462 	2.942151 	2.918154 	2.164486 	2.481179 	2.651886 	2.582755 	2.726032 	2.832071 	
0.469707 	9.000000 	3.633524 	1.710263 	2.906888 	1.954002 	1.554228 	1.971199 	3.567212 	0.728869 	3.618874 	2.490607 	2.226264 	1.844756 	2.701157 	3.866846 	2.791169 	1.202601 	2.397003 	3.986932 	2.183031 	1.956560 	1.450862 	3.871773 	2.879236 	3.749166 	1.525820 	2.505619 	1.625769 	1.650757 	2.926175 	2.412727 	2.614025 	1.775176 	1.925000 	3.367863 	3.462838 	2.225000 	2.976260 	2.350000 	3.178050 	2.927456 	2.952224 	2.450128 	3.401562 	3.373426 	2.575485 	2.900108 	3.076626 	3.000000 	3.152479 	3.250000 	
3.170666 	3.633524 	9.000000 	2.093442 	0.850000 	1.875000 	2.288695 	1.880326 	0.206155 	3.113077 	0.257391 	1.442437 	1.407569 	1.822944 	0.954594 	0.452769 	0.866386 	2.481179 	1.542928 	0.357946 	1.779923 	2.011374 	2.530316 	0.301040 	1.092016 	0.355317 	2.566247 	1.621149 	2.510105 	2.496498 	1.216552 	1.741049 	1.542117 	2.409616 	2.314763 	1.019804 	0.965013 	2.191603 	1.501874 	2.150581 	1.353699 	1.653028 	1.651704 	2.146654 	1.261200 	1.382932 	2.142574 	2.027468 	1.951442 	2.050000 	1.930835 	2.065188 	
1.250250 	1.710263 	2.093442 	9.000000 	1.274755 	0.246221 	0.195256 	0.261008 	1.979899 	1.063602 	2.016495 	0.784618 	0.843356 	0.375000 	1.145098 	2.427447 	1.230091 	0.525595 	0.687841 	2.422421 	0.477624 	0.292617 	0.447214 	2.281036 	1.185327 	2.128673 	0.515388 	0.803508 	0.500625 	0.500000 	1.217580 	0.725431 	0.908639 	0.491172 	0.527376 	1.662077 	1.759616 	0.730154 	1.278916 	0.832166 	1.471394 	1.251000 	1.275980 	0.930390 	1.692077 	1.668832 	1.051487 	1.320275 	1.467353 	1.423025 	1.534805 	1.662077 	
2.437340 	2.906888 	0.850000 	1.274755 	9.000000 	1.043132 	1.468205 	1.044330 	0.710634 	2.325135 	0.742462 	0.594243 	0.775403 	1.062132 	0.285044 	1.250000 	0.235850 	1.715007 	0.693271 	1.155692 	0.930390 	1.165386 	1.698529 	1.007782 	0.316228 	0.855132 	1.725724 	0.789383 	1.665270 	1.650757 	0.492443 	0.903466 	0.726722 	1.560849 	1.464795 	0.650000 	0.697316 	1.353006 	0.817389 	1.323820 	0.781025 	0.948683 	0.956883 	1.333464 	0.845946 	0.921954 	1.350231 	1.309819 	1.290591 	1.360147 	1.297353 	1.453444 	
1.491643 	1.954002 	1.875000 	0.246221 	1.043132 	9.000000 	0.430116 	0.035355 	1.752320 	1.308864 	1.785532 	0.538516 	0.726722 	0.355317 	0.939747 	2.226685 	1.020416 	0.760345 	0.443001 	2.196588 	0.254951 	0.206155 	0.656220 	2.050914 	0.939747 	1.893575 	0.694622 	0.575543 	0.650000 	0.640800 	0.972432 	0.515388 	0.675463 	0.583631 	0.552268 	1.416201 	1.513481 	0.651920 	1.050000 	0.726722 	1.234150 	1.035918 	1.060660 	0.813173 	1.451293 	1.432873 	0.921954 	1.151629 	1.281601 	1.252248 	1.343968 	1.480920 	
1.104536 	1.554228 	2.288695 	0.195256 	1.468205 	0.430116 	9.000000 	0.437321 	2.174425 	0.883530 	2.210345 	0.961769 	1.020110 	0.539676 	1.340009 	2.621188 	1.425219 	0.419076 	0.860959 	2.617250 	0.632456 	0.403113 	0.261008 	2.475126 	1.367708 	2.321234 	0.350000 	0.951972 	0.364006 	0.371652 	1.388569 	0.859142 	1.061249 	0.410031 	0.500000 	1.835245 	1.934716 	0.761577 	1.422146 	0.877853 	1.625000 	1.378632 	1.403567 	0.980434 	1.851013 	1.819512 	1.106797 	1.402230 	1.562850 	1.505199 	1.634396 	1.750893 	
1.510381 	1.971199 	1.880326 	0.261008 	1.044330 	0.035355 	0.437321 	9.000000 	1.754459 	1.319327 	1.786232 	0.525595 	0.753741 	0.390512 	0.950329 	2.236767 	1.029563 	0.781425 	0.427200 	2.199148 	0.226385 	0.176777 	0.654313 	2.051828 	0.930390 	1.892254 	0.686477 	0.550000 	0.637377 	0.626997 	0.956883 	0.485412 	0.651920 	0.564026 	0.525595 	1.402007 	1.500208 	0.617454 	1.025305 	0.691466 	1.212693 	1.007782 	1.032594 	0.777817 	1.431782 	1.410895 	0.886707 	1.118034 	1.249500 	1.218862 	1.312441 	1.448491 	
3.100504 	3.567212 	0.206155 	1.979899 	0.710634 	1.752320 	2.174425 	1.754459 	9.000000 	3.018485 	0.079057 	1.290591 	1.353237 	1.735115 	0.866747 	0.657647 	0.776611 	2.395047 	1.393960 	0.445112 	1.636498 	1.875000 	2.408319 	0.305164 	0.919239 	0.226385 	2.436314 	1.454519 	2.375000 	2.360085 	1.030776 	1.576785 	1.369535 	2.267432 	2.165208 	0.813941 	0.759111 	2.025617 	1.305996 	1.978004 	1.151086 	1.457738 	1.455378 	1.968661 	1.055047 	1.176860 	1.958475 	1.831154 	1.750179 	1.850676 	1.727896 	1.860779 	
0.406971 	0.728869 	3.113077 	1.063602 	2.325135 	1.308864 	0.883530 	1.319327 	3.018485 	9.000000 	3.061046 	1.844756 	1.741407 	1.290591 	2.159282 	3.403123 	2.248472 	0.640312 	1.744456 	3.454797 	1.513481 	1.273038 	0.735697 	3.322744 	2.248611 	3.180016 	0.800391 	1.826369 	0.900347 	0.925338 	2.271838 	1.724094 	1.937298 	1.051190 	1.202341 	2.718685 	2.818244 	1.501874 	2.287056 	1.626730 	2.498250 	2.226264 	2.250694 	1.725724 	2.727751 	2.689098 	1.850169 	2.177298 	2.356507 	2.276236 	2.433233 	2.526114 	
3.151289 	3.618874 	0.257391 	2.016495 	0.742462 	1.785532 	2.210345 	1.786232 	0.079057 	3.061046 	9.000000 	1.310773 	1.411559 	1.782028 	0.917878 	0.697316 	0.828025 	2.441311 	1.415318 	0.425000 	1.660007 	1.901480 	2.440543 	0.265754 	0.928036 	0.150000 	2.464878 	1.464795 	2.401172 	2.385634 	1.027740 	1.588238 	1.375909 	2.290196 	2.184176 	0.778621 	0.715891 	2.034853 	1.290591 	1.982738 	1.125278 	1.442654 	1.438967 	1.969296 	1.015197 	1.138530 	1.954002 	1.814008 	1.725724 	1.829276 	1.700184 	1.829276 	
2.026080 	2.490607 	1.442437 	0.784618 	0.594243 	0.538516 	0.961769 	0.525595 	1.290591 	1.844756 	1.310773 	9.000000 	0.760345 	0.728869 	0.626997 	1.842044 	0.675463 	1.291559 	0.106066 	1.733494 	0.353553 	0.602080 	1.160011 	1.575198 	0.410031 	1.402007 	1.167262 	0.237171 	1.096586 	1.079641 	0.436606 	0.325000 	0.247487 	0.980115 	0.874643 	0.877853 	0.975000 	0.764853 	0.585235 	0.750417 	0.726722 	0.630971 	0.651920 	0.778621 	0.928036 	0.926350 	0.824621 	0.895126 	0.955249 	0.976281 	0.995615 	1.152443 	
1.765113 	2.226264 	1.407569 	0.843356 	0.775403 	0.726722 	1.020110 	0.753741 	1.353237 	1.741407 	1.411559 	0.760345 	9.000000 	0.482830 	0.509902 	1.663205 	0.594243 	1.101136 	0.765261 	1.762278 	0.831038 	0.930390 	1.281113 	1.654728 	0.917197 	1.550806 	1.358538 	0.976281 	1.340009 	1.336507 	1.063602 	1.012423 	1.007782 	1.300961 	1.278916 	1.393287 	1.457738 	1.336273 	1.317431 	1.378858 	1.398660 	1.386092 	1.405569 	1.442437 	1.542117 	1.583114 	1.522539 	1.648674 	1.715554 	1.733854 	1.754459 	1.912132 	
1.375227 	1.844756 	1.822944 	0.375000 	1.062132 	0.355317 	0.539676 	0.390512 	1.735115 	1.290591 	1.782028 	0.728869 	0.482830 	9.000000 	0.870704 	2.120289 	0.960469 	0.660019 	0.667083 	2.167083 	0.575543 	0.548862 	0.800391 	2.040221 	1.064483 	1.908042 	0.883883 	0.854400 	0.875357 	0.875000 	1.150272 	0.828025 	0.934077 	0.859142 	0.869626 	1.566246 	1.652460 	1.005609 	1.304320 	1.081954 	1.455378 	1.320275 	1.343968 	1.167262 	1.650000 	1.654728 	1.273283 	1.484082 	1.598828 	1.582127 	1.655295 	1.800174 	
2.233971 	2.701157 	0.954594 	1.145098 	0.285044 	0.939747 	1.340009 	0.950329 	0.866747 	2.159282 	0.917878 	0.626997 	0.509902 	0.870704 	9.000000 	1.286954 	0.090139 	1.530523 	0.700446 	1.296389 	0.897566 	1.100284 	1.587844 	1.171804 	0.530330 	1.051190 	1.634205 	0.859142 	1.587648 	1.576785 	0.707990 	0.951315 	0.831038 	1.504161 	1.432000 	0.933408 	0.982344 	1.378632 	1.020110 	1.375227 	1.027740 	1.131923 	1.144825 	1.405569 	1.119431 	1.185854 	1.446764 	1.467353 	1.479231 	1.531747 	1.497707 	1.657181 	
3.415498 	3.866846 	0.452769 	2.427447 	1.250000 	2.226685 	2.621188 	2.236767 	0.657647 	3.403123 	0.697316 	1.842044 	1.663205 	2.120289 	1.286954 	9.000000 	1.207528 	2.763377 	1.937298 	0.480234 	2.163475 	2.381832 	2.872716 	0.590021 	1.520691 	0.749166 	2.921151 	2.037308 	2.873695 	2.862254 	1.656804 	2.153195 	1.966119 	2.785004 	2.701967 	1.471394 	1.412887 	2.603003 	1.950160 	2.570992 	1.806239 	2.100595 	2.100149 	2.574029 	1.711177 	1.833712 	2.577426 	2.475505 	2.403253 	2.500500 	2.383406 	2.517936 	
2.324059 	2.791169 	0.866386 	1.230091 	0.235850 	1.020416 	1.425219 	1.029563 	0.776611 	2.248472 	0.828025 	0.675463 	0.594243 	0.960469 	0.090139 	1.207528 	9.000000 	1.620378 	0.756637 	1.206752 	0.965013 	1.175266 	1.671264 	1.081665 	0.520216 	0.962094 	1.715007 	0.901388 	1.666208 	1.654728 	0.700446 	1.000312 	0.863134 	1.578963 	1.502082 	0.883530 	0.925000 	1.435705 	1.020416 	1.425877 	1.007782 	1.140449 	1.151629 	1.450862 	1.081665 	1.155692 	1.485345 	1.486607 	1.487027 	1.546165 	1.500833 	1.659254 	
0.735272 	1.202601 	2.481179 	0.525595 	1.715007 	0.760345 	0.419076 	0.781425 	2.395047 	0.640312 	2.441311 	1.291559 	1.101136 	0.660019 	1.530523 	2.763377 	1.620378 	9.000000 	1.201301 	2.826769 	1.002809 	0.803508 	0.496236 	2.700116 	1.676678 	2.565638 	0.620987 	1.328768 	0.689656 	0.707990 	1.728077 	1.250000 	1.432873 	0.790569 	0.905883 	2.167083 	2.261084 	1.179248 	1.804335 	1.296630 	1.994054 	1.775176 	1.800174 	1.399330 	2.211476 	2.192316 	1.525820 	1.819512 	1.976898 	1.922563 	2.047101 	2.167083 	
1.934231 	2.397003 	1.542928 	0.687841 	0.693271 	0.443001 	0.860959 	0.427200 	1.393960 	1.744456 	1.415318 	0.106066 	0.765261 	0.667083 	0.700446 	1.937298 	0.756637 	1.201301 	9.000000 	1.837457 	0.247487 	0.496236 	1.055047 	1.680030 	0.515388 	1.507689 	1.061249 	0.212132 	0.990581 	0.973717 	0.529741 	0.261008 	0.269258 	0.875000 	0.772172 	0.975000 	1.073837 	0.679154 	0.637377 	0.676849 	0.800391 	0.660019 	0.682825 	0.715891 	1.011187 	1.000312 	0.775403 	0.884590 	0.965013 	0.972432 	1.012423 	1.165386 	
