Total assets = 642
Number of asset nodes = 33

Distance:
999.000000 	35.114101 	31.384710 	98.737022 	34.409302 	14.422205 	21.023796 	87.321243 	52.201534 	7.615773 	70.767227 	30.463093 	38.013157 	87.045967 	64.815125 	10.770329 	9.848858 	110.000000 	16.492422 	65.215027 	19.104973 	14.035668 	86.278618 	37.000000 	95.524864 	84.219948 	14.317822 	23.706539 	22.360680 	104.139328 	20.615528 	42.520584 	30.805843 	77.801025 	33.241539 	98.290382 	20.024984 	25.000000 	56.302753 	32.695564 	101.911728 	54.120235 	82.377182 	35.341194 	24.351591 	32.015621 	53.037724 	35.846897 	31.016125 	79.755875 	
35.114101 	999.000000 	4.000000 	128.763351 	68.883957 	21.377558 	56.080299 	119.004204 	86.452301 	41.000000 	104.043259 	65.551506 	73.006851 	119.331474 	98.792709 	37.054016 	35.805027 	140.716019 	49.648766 	99.478638 	52.952808 	32.062439 	119.201508 	72.111023 	127.781059 	117.413795 	36.055511 	23.769728 	55.578773 	136.029404 	29.120440 	16.031219 	19.849434 	111.830231 	67.911705 	130.873978 	32.984844 	28.635643 	91.416626 	26.907248 	135.000000 	89.185204 	116.846054 	26.907248 	42.449970 	64.124878 	25.495098 	28.319605 	62.008064 	114.490173 	
31.384710 	4.000000 	999.000000 	126.063477 	65.368187 	17.464249 	52.392746 	116.043098 	83.006027 	37.107952 	100.801788 	61.846584 	69.354164 	116.275536 	95.414886 	33.060551 	32.649654 	137.931137 	45.705578 	96.041656 	49.030602 	28.071337 	116.038788 	68.352028 	124.739731 	114.201576 	32.062439 	20.124611 	51.623638 	133.056381 	25.298222 	16.278820 	17.029387 	108.452751 	64.031242 	127.781059 	29.120440 	25.059929 	87.664131 	24.083189 	131.821854 	85.381500 	113.371071 	24.413111 	38.600517 	60.133186 	26.570660 	25.806976 	58.008621 	110.941429 	
98.737022 	128.763351 	126.063477 	999.000000 	67.623962 	112.200714 	81.394104 	15.033297 	52.630791 	97.616600 	34.132095 	75.026665 	68.308128 	18.439089 	42.190044 	105.190300 	93.861603 	12.529964 	94.429871 	44.045429 	91.389275 	111.139549 	23.086792 	72.801102 	15.620500 	25.961510 	109.178749 	122.331520 	92.114059 	14.560220 	118.338501 	140.246216 	129.529922 	35.693138 	81.043198 	18.439089 	116.361504 	122.800652 	63.031738 	131.026718 	23.853722 	67.067131 	39.560081 	133.775925 	115.039124 	93.145050 	151.029800 	134.111893 	96.566040 	44.271889 	
34.409302 	68.883957 	65.368187 	67.623962 	999.000000 	48.826221 	14.212670 	54.708317 	17.804493 	31.144823 	36.878178 	8.000000 	6.708204 	53.823788 	30.479502 	38.418747 	33.837849 	77.897369 	26.832815 	30.805843 	23.769728 	44.687805 	52.497620 	10.630146 	62.201286 	50.249378 	42.201897 	56.586216 	24.738634 	71.028160 	51.855568 	76.837494 	64.350601 	43.416588 	16.763054 	64.660652 	49.406479 	56.222771 	25.019993 	64.660652 	67.896980 	24.515301 	48.020828 	67.475922 	47.423622 	28.160255 	87.206650 	67.623962 	31.016125 	45.617977 	
14.422205 	21.377558 	17.464249 	112.200714 	48.826221 	999.000000 	35.355339 	101.237343 	66.610809 	19.646883 	85.041168 	44.721359 	52.354561 	101.118744 	79.202271 	16.124516 	18.788294 	123.693169 	28.284271 	79.630394 	31.575306 	12.529964 	100.498756 	51.078373 	109.603828 	98.493652 	16.155495 	13.038404 	34.234486 	118.139748 	13.892444 	28.284271 	18.027756 	92.200867 	46.572525 	112.449989 	16.278820 	16.763054 	70.384659 	22.022715 	116.180893 	68.007355 	96.798759 	24.186773 	25.000000 	43.000000 	38.948685 	25.079872 	41.109608 	94.154129 	
21.023796 	56.080299 	52.392746 	81.394104 	14.212670 	35.355339 	999.000000 	68.796799 	31.827662 	16.970562 	51.088158 	9.486833 	17.000000 	68.007355 	44.553337 	24.207438 	23.000000 	91.923882 	13.341664 	44.687805 	11.000000 	30.479502 	66.708321 	16.278820 	76.400261 	64.443771 	28.017851 	42.426407 	13.341664 	85.211502 	37.643059 	63.007935 	50.249378 	57.384666 	14.866069 	78.873314 	35.227829 	42.011902 	35.440090 	50.447994 	82.073135 	33.541019 	61.611687 	53.263496 	33.837849 	20.808653 	73.246162 	53.413483 	22.360680 	58.830265 	
87.321243 	119.004204 	116.043098 	15.033297 	54.708317 	101.237343 	68.796799 	999.000000 	38.626415 	85.445892 	19.416489 	61.717098 	54.625999 	4.242640 	27.459061 	92.913940 	83.450584 	23.259407 	81.492332 	29.154760 	78.294319 	99.045441 	9.219544 	58.872746 	9.486833 	11.661903 	96.798759 	110.602890 	78.721024 	17.029387 	106.254410 	129.495178 	118.067780 	20.880613 	67.067131 	13.341664 	104.009613 	110.679718 	48.093658 	119.037811 	19.104973 	52.153618 	25.553865 	121.827744 	102.000000 	79.056938 	140.185593 	122.065559 	82.540901 	29.966648 	
52.201534 	86.452301 	83.006027 	52.630791 	17.804493 	66.610809 	31.827662 	38.626415 	999.000000 	48.795490 	19.723083 	23.600847 	16.124516 	37.121422 	12.727922 	55.901699 	50.990196 	61.846584 	43.600460 	13.038404 	40.224369 	62.241467 	35.227829 	20.248457 	45.276924 	32.802441 	59.548298 	74.249580 	40.311287 	54.203320 	69.354164 	94.641426 	82.073135 	25.612497 	28.460499 	47.434166 	66.708321 	73.661385 	16.278820 	82.134033 	50.328918 	18.867962 	30.413813 	84.958817 	63.812225 	40.521599 	104.995239 	85.041168 	43.965897 	28.460499 	
7.615773 	41.000000 	37.107952 	97.616600 	31.144823 	19.646883 	16.970562 	85.445892 	48.795490 	999.000000 	68.014702 	25.806976 	33.600594 	84.811554 	61.522354 	7.615773 	16.278820 	108.452751 	9.055386 	61.619801 	12.041595 	13.601471 	83.630135 	31.764761 	93.236259 	81.394104 	11.704700 	25.455845 	15.033297 	102.004898 	20.808653 	46.324940 	33.301651 	74.330345 	26.925823 	95.775780 	18.788294 	25.238859 	50.990196 	33.600594 	99.035347 	48.466484 	78.409180 	36.400551 	20.024984 	24.515301 	56.400356 	36.619667 	23.409399 	75.451973 	
70.767227 	104.043259 	100.801788 	34.132095 	36.878178 	85.041168 	51.088158 	19.416489 	19.723083 	68.014702 	999.000000 	43.266617 	35.846897 	17.464249 	8.062258 	75.286118 	68.242218 	42.379242 	63.245552 	10.049875 	59.908264 	81.565926 	15.620500 	39.812057 	25.553865 	13.453624 	79.025314 	93.434471 	60.033325 	34.481880 	88.729927 	113.278419 	101.138519 	10.049875 	47.927029 	27.802877 	86.214851 	93.085983 	29.017237 	101.533249 	31.144823 	33.000000 	17.262676 	104.350372 	83.528435 	59.808025 	123.794182 	104.484451 	63.324562 	18.788294 	
30.463093 	65.551506 	61.846584 	75.026665 	8.000000 	44.721359 	9.486833 	61.717098 	23.600847 	25.806976 	43.266617 	999.000000 	7.810250 	60.539242 	36.235340 	32.557640 	32.140316 	84.970581 	20.000000 	36.069378 	16.643316 	38.948685 	58.821766 	7.000000 	68.796799 	56.400356 	36.069378 	51.088158 	17.088007 	77.698135 	45.967381 	72.111023 	59.033890 	48.795490 	9.433981 	71.028160 	43.185646 	50.209560 	25.961510 	58.694122 	73.878281 	24.186773 	52.630791 	61.522354 	40.311287 	20.223749 	82.200974 	61.554855 	23.021729 	49.648766 	
38.013157 	73.006851 	69.354164 	68.308128 	6.708204 	52.354561 	17.000000 	54.625999 	16.124516 	33.600594 	35.846897 	7.810250 	999.000000 	53.235325 	28.600698 	40.360870 	38.832977 	77.878113 	27.658634 	28.319605 	24.207438 	46.754681 	51.312767 	5.099020 	61.400326 	48.826221 	43.840622 	58.898216 	24.186773 	70.327805 	53.758720 	79.881165 	66.843102 	41.036568 	13.038404 	63.513779 	50.931328 	57.982758 	19.104973 	66.468040 	66.219330 	18.110771 	44.821869 	69.296463 	47.707443 	25.179358 	90.000000 	69.310890 	28.442924 	41.880783 	
87.045967 	119.331474 	116.275536 	18.439089 	53.823788 	101.118744 	68.007355 	4.242640 	37.121422 	84.811554 	17.464249 	60.539242 	53.235325 	999.000000 	25.298222 	92.200867 	83.630135 	25.000000 	80.454956 	26.683329 	77.175125 	98.407318 	5.000000 	57.271286 	8.485281 	7.615773 	96.020828 	110.113579 	77.414467 	17.204651 	105.603027 	129.402466 	117.686020 	17.262676 	65.391129 	11.661903 	103.227905 	110.000000 	45.398239 	118.406082 	16.763054 	49.497475 	21.470911 	121.210564 	100.846420 	77.252831 	140.035706 	121.400162 	80.777473 	26.000000 	
64.815125 	98.792709 	95.414886 	42.190044 	30.479502 	79.202271 	44.553337 	27.459061 	12.727922 	61.522354 	8.062258 	36.235340 	28.600698 	25.298222 	999.000000 	68.622154 	63.134777 	50.289165 	56.222771 	2.828427 	52.801514 	74.966660 	22.825424 	32.249031 	33.105892 	20.248457 	72.249565 	86.977005 	52.697250 	42.047592 	82.073135 	107.298645 	94.794518 	13.038404 	40.249222 	34.985710 	79.397736 	86.371292 	21.095022 	94.847244 	37.643059 	25.019993 	18.681541 	97.672920 	76.275818 	52.000000 	117.686020 	97.744568 	55.542778 	18.000000 	
10.770329 	37.054016 	33.060551 	105.190300 	38.418747 	16.124516 	24.207438 	92.913940 	55.901699 	7.615773 	75.286118 	32.557640 	40.360870 	92.200867 	68.622154 	999.000000 	20.615528 	115.965515 	13.416408 	68.593002 	17.000000 	6.403124 	90.906548 	38.013157 	100.603180 	88.617157 	4.123106 	18.601076 	18.973665 	109.402924 	13.453624 	40.249222 	26.627054 	81.320351 	32.202484 	103.077644 	11.180340 	17.804493 	56.938564 	26.248810 	106.216759 	54.120235 	85.146935 	29.068884 	13.601471 	27.073973 	49.929951 	29.206163 	25.019993 	82.006096 	
9.848858 	35.805027 	32.649654 	93.861603 	33.837849 	18.788294 	23.000000 	83.450584 	50.990196 	16.278820 	68.242218 	32.140316 	38.832977 	83.630135 	63.134777 	20.615528 	999.000000 	105.550934 	23.853722 	63.953106 	25.495098 	23.194826 	83.408630 	39.115215 	92.097771 	81.608826 	24.041630 	30.805843 	29.068884 	100.448990 	29.017237 	46.400433 	36.769554 	76.157730 	37.336308 	95.131485 	29.154760 	33.136082 	57.870544 	40.024994 	99.201813 	56.320511 	81.394104 	42.449970 	34.176014 	38.910152 	57.201397 	43.174065 	38.587563 	79.309517 	
110.000000 	140.716019 	137.931137 	12.529964 	77.897369 	123.693169 	91.923882 	23.259407 	61.846584 	108.452751 	42.379242 	84.970581 	77.878113 	25.000000 	50.289165 	115.965515 	105.550934 	999.000000 	104.709122 	51.662365 	101.533249 	122.036880 	28.284271 	82.079231 	18.027756 	31.257000 	119.887444 	133.454117 	101.980392 	10.440307 	129.247818 	151.855194 	140.801285 	41.194660 	90.249657 	18.248287 	127.094452 	133.689941 	70.213959 	142.003525 	21.023796 	74.330345 	43.104523 	144.779144 	125.239769 	102.181213 	162.606888 	145.055161 	105.688217 	48.093658 	
16.492422 	49.648766 	45.705578 	94.429871 	26.832815 	28.284271 	13.341664 	81.492332 	43.600460 	9.055386 	63.245552 	20.000000 	27.658634 	80.454956 	56.222771 	13.416408 	23.853722 	104.709122 	999.000000 	55.973209 	3.605551 	19.723083 	78.816238 	24.839485 	88.752464 	76.400261 	16.401220 	31.906113 	6.000000 	97.637085 	26.400757 	53.665630 	39.962482 	68.680420 	18.788294 	91.021973 	23.345236 	30.479502 	43.566040 	38.948685 	93.861603 	40.706264 	72.180328 	41.773197 	20.615528 	15.524175 	63.285069 	41.725292 	14.764823 	68.883957 	
65.215027 	99.478638 	96.041656 	44.045429 	30.805843 	79.630394 	44.687805 	29.154760 	13.038404 	61.619801 	10.049875 	36.069378 	28.319605 	26.683329 	2.828427 	68.593002 	63.953106 	51.662365 	55.973209 	999.000000 	52.497620 	74.966660 	23.769728 	31.622776 	34.176014 	21.023796 	72.138756 	87.045967 	52.201534 	43.081318 	82.024384 	107.615051 	94.921021 	12.727922 	39.446167 	35.777088 	79.246452 	86.278618 	19.000000 	94.762863 	38.013157 	23.021729 	17.464249 	97.590981 	75.802376 	50.990196 	117.923706 	97.621719 	54.561890 	16.124516 	
19.104973 	52.952808 	49.030602 	91.389275 	23.769728 	31.575306 	11.000000 	78.294319 	40.224369 	12.041595 	59.908264 	16.643316 	24.207438 	77.175125 	52.801514 	17.000000 	25.495098 	101.533249 	3.605551 	52.497620 	999.000000 	23.323807 	75.451973 	21.260292 	85.440041 	73.006851 	20.000000 	35.510563 	3.605551 	94.339813 	30.000000 	57.245087 	43.566040 	65.192024 	15.231546 	87.658424 	26.907248 	34.058773 	39.962482 	42.520584 	90.426765 	37.121422 	68.622154 	45.343136 	23.706539 	13.416408 	66.887962 	45.276924 	13.453624 	65.299309 	
14.035668 	32.062439 	28.071337 	111.139549 	44.687805 	12.529964 	30.479502 	99.045441 	62.241467 	13.601471 	81.565926 	38.948685 	46.754681 	98.407318 	74.966660 	6.403124 	23.194826 	122.036880 	19.723083 	74.966660 	23.323807 	999.000000 	97.185387 	44.407207 	106.826965 	94.921021 	4.000000 	12.206555 	25.079872 	115.602768 	7.211102 	34.014702 	20.248457 	87.692642 	38.470768 	109.343498 	6.000000 	11.661903 	63.285069 	20.000000 	112.538879 	60.415230 	91.547798 	22.803509 	12.727922 	32.557640 	43.566040 	23.021729 	30.149628 	88.408142 	
86.278618 	119.201508 	116.038788 	23.086792 	52.497620 	100.498756 	66.708321 	9.219544 	35.227829 	83.630135 	15.620500 	58.821766 	51.312767 	5.000000 	22.825424 	90.906548 	83.408630 	28.284271 	78.816238 	23.769728 	75.451973 	97.185387 	999.000000 	55.072678 	10.440307 	3.000000 	94.641426 	109.041275 	75.471848 	19.313208 	104.350372 	128.763351 	116.726173 	13.000000 	63.063461 	12.206555 	101.828285 	108.706024 	41.976185 	117.153748 	15.811388 	46.097721 	16.552946 	119.970833 	99.020203 	74.732857 	139.316193 	120.104118 	78.294319 	21.189621 	
37.000000 	72.111023 	68.352028 	72.801102 	10.630146 	51.078373 	16.278820 	58.872746 	20.248457 	31.764761 	39.812057 	7.000000 	5.099020 	57.271286 	32.249031 	38.013157 	39.115215 	82.079231 	24.839485 	31.622776 	21.260292 	44.407207 	55.072678 	999.000000 	65.299309 	52.478565 	41.231056 	56.612720 	20.615528 	74.242844 	51.224995 	78.032043 	64.637451 	44.204071 	8.246211 	67.230942 	48.166378 	55.317268 	19.313208 	63.780876 	69.634758 	17.262676 	47.381432 	66.603302 	44.204071 	20.396078 	87.920418 	66.528191 	23.769728 	44.045429 	
95.524864 	127.781059 	124.739731 	15.620500 	62.201286 	109.603828 	76.400261 	9.486833 	45.276924 	93.236259 	25.553865 	68.796799 	61.400326 	8.485281 	33.105892 	100.603180 	92.097771 	18.027756 	88.752464 	34.176014 	85.440041 	106.826965 	10.440307 	65.299309 	999.000000 	13.341664 	104.403069 	118.562218 	85.586212 	8.944272 	114.017540 	137.887634 	126.150703 	23.194826 	73.348480 	4.000000 	111.606453 	118.406082 	52.392746 	126.822708 	10.049875 	56.515484 	25.317978 	129.630249 	109.077957 	85.088188 	148.519363 	129.807556 	88.639717 	30.265491 	
84.219948 	117.413795 	114.201576 	25.961510 	50.249378 	98.493652 	64.443771 	11.661903 	32.802441 	81.394104 	13.453624 	56.400356 	48.826221 	7.615773 	20.248457 	88.617157 	81.608826 	31.257000 	76.400261 	21.023796 	73.006851 	94.921021 	3.000000 	52.478565 	13.341664 	999.000000 	92.314682 	106.831642 	72.945183 	22.135944 	102.068604 	126.732002 	114.560028 	10.000000 	60.415230 	14.764823 	99.488693 	106.404884 	39.051247 	114.865135 	17.691807 	43.174065 	13.892444 	117.686020 	96.519424 	72.013885 	137.244308 	117.796432 	75.584389 	18.384777 	
14.317822 	36.055511 	32.062439 	109.178749 	42.201897 	16.155495 	28.017851 	96.798759 	59.548298 	11.704700 	79.025314 	36.069378 	43.840622 	96.020828 	72.249565 	4.123106 	24.041630 	119.887444 	16.401220 	72.138756 	20.000000 	4.000000 	94.641426 	41.231056 	104.403069 	92.314682 	999.000000 	15.652476 	21.470911 	113.225441 	10.000000 	37.696156 	23.706539 	84.864601 	34.985710 	106.826965 	7.211102 	14.142136 	59.908264 	22.627417 	109.877205 	56.938564 	88.526833 	25.455845 	10.295630 	28.635643 	47.010635 	25.495098 	26.172504 	85.276024 	
23.706539 	23.769728 	20.124611 	122.331520 	56.586216 	13.038404 	42.426407 	110.602890 	74.249580 	25.455845 	93.434471 	51.088158 	58.898216 	110.113579 	86.977005 	18.601076 	30.805843 	133.454117 	31.906113 	87.045967 	35.510563 	12.206555 	109.041275 	56.612720 	118.562218 	106.831642 	15.652476 	999.000000 	37.121422 	127.283150 	6.082763 	22.135944 	8.062258 	99.764725 	50.606323 	121.165176 	10.049875 	5.000000 	75.471848 	9.219544 	124.482933 	72.560318 	103.711136 	11.704700 	19.104973 	43.965897 	31.384710 	12.369317 	41.231056 	100.603180 	
22.360680 	55.578773 	51.623638 	92.114059 	24.738634 	34.234486 	13.341664 	78.721024 	40.311287 	15.033297 	60.033325 	17.088007 	24.186773 	77.414467 	52.697250 	18.973665 	29.068884 	101.980392 	6.000000 	52.201534 	3.605551 	25.079872 	75.471848 	20.615528 	85.586212 	72.945183 	21.470911 	37.121422 	999.000000 	94.514549 	31.384710 	59.093147 	45.177429 	64.815125 	13.601471 	87.664131 	28.017851 	35.227829 	38.600517 	43.600460 	90.210861 	35.510563 	67.896980 	46.400433 	23.600847 	9.848858 	68.476273 	46.227695 	9.899495 	64.381676 	
104.139328 	136.029404 	133.056381 	14.560220 	71.028160 	118.139748 	85.211502 	17.029387 	54.203320 	102.004898 	34.481880 	77.698135 	70.327805 	17.204651 	42.047592 	109.402924 	100.448990 	10.440307 	97.637085 	43.081318 	94.339813 	115.602768 	19.313208 	74.242844 	8.944272 	22.135944 	113.225441 	127.283150 	94.514549 	999.000000 	122.800652 	146.413803 	134.825821 	31.780497 	82.292160 	8.000000 	120.432556 	127.200630 	61.131008 	135.602356 	10.816654 	65.253349 	33.000000 	138.405197 	117.991524 	94.021271 	157.079605 	138.600143 	97.575615 	38.000000 	
20.615528 	29.120440 	25.298222 	118.338501 	51.855568 	13.892444 	37.643059 	106.254410 	69.354164 	20.808653 	88.729927 	45.967381 	53.758720 	105.603027 	82.073135 	13.453624 	29.017237 	129.247818 	26.400757 	82.024384 	30.000000 	7.211102 	104.350372 	51.224995 	114.017540 	102.068604 	10.000000 	6.082763 	31.384710 	122.800652 	999.000000 	28.160255 	13.928389 	94.752312 	44.944408 	116.516090 	4.000000 	4.472136 	69.892776 	12.806249 	119.670380 	66.887962 	98.493652 	15.620500 	13.341664 	37.947330 	37.121422 	15.811388 	35.171009 	95.268044 	
42.520584 	16.031219 	16.278820 	140.246216 	76.837494 	28.284271 	63.007935 	129.495178 	94.641426 	46.324940 	113.278419 	72.111023 	79.881165 	129.402466 	107.298645 	40.249222 	46.400433 	151.855194 	53.665630 	107.615051 	57.245087 	34.014702 	128.763351 	78.032043 	137.887634 	126.732002 	37.696156 	22.135944 	59.093147 	146.413803 	28.160255 	999.000000 	14.317822 	120.253899 	72.449982 	140.730240 	32.015621 	25.317978 	97.128784 	19.104973 	144.422989 	94.366310 	124.619423 	17.464249 	40.311287 	66.098412 	10.816654 	18.681541 	63.324562 	121.757957 	
30.805843 	19.849434 	17.029387 	129.529922 	64.350601 	18.027756 	50.249378 	118.067780 	82.073135 	33.301651 	101.138519 	59.033890 	66.843102 	117.686020 	94.794518 	26.627054 	36.769554 	140.801285 	39.962482 	94.921021 	43.566040 	20.248457 	116.726173 	64.637451 	126.150703 	114.560028 	23.706539 	8.062258 	45.177429 	134.825821 	13.928389 	14.317822 	999.000000 	107.628990 	58.668560 	128.817703 	17.720045 	11.045361 	83.528435 	7.071068 	132.230865 	80.622574 	111.664673 	7.615773 	26.076809 	51.865211 	23.323807 	8.944272 	49.040798 	108.600182 	
77.801025 	111.830231 	108.452751 	35.693138 	43.416588 	92.200867 	57.384666 	20.880613 	25.612497 	74.330345 	10.049875 	48.795490 	41.036568 	17.262676 	13.038404 	81.320351 	76.157730 	41.194660 	68.680420 	12.727922 	65.192024 	87.692642 	13.000000 	44.204071 	23.194826 	10.000000 	84.864601 	99.764725 	64.815125 	31.780497 	94.752312 	120.253899 	107.628990 	999.000000 	51.865211 	24.041630 	91.967384 	99.005051 	29.410883 	107.489532 	25.553865 	33.526108 	7.280110 	110.317726 	88.408142 	63.134777 	130.598618 	110.344917 	66.730804 	9.899495 	
33.241539 	67.911705 	64.031242 	81.043198 	16.763054 	46.572525 	14.866069 	67.067131 	28.460499 	26.925823 	47.927029 	9.433981 	13.038404 	65.391129 	40.249222 	32.202484 	37.336308 	90.249657 	18.788294 	39.446167 	15.231546 	38.470768 	63.063461 	8.246211 	73.348480 	60.415230 	34.985710 	50.606323 	13.601471 	82.292160 	44.944408 	72.449982 	58.668560 	51.865211 	999.000000 	75.179787 	41.617306 	48.826221 	25.000000 	57.201397 	77.388626 	21.954498 	54.561890 	60.000000 	36.796738 	12.165525 	81.987801 	59.816387 	15.524175 	50.911690 	
98.290382 	130.873978 	127.781059 	18.439089 	64.660652 	112.449989 	78.873314 	13.341664 	47.434166 	95.775780 	27.802877 	71.028160 	63.513779 	11.661903 	34.985710 	103.077644 	95.131485 	18.248287 	91.021973 	35.777088 	87.658424 	109.343498 	12.206555 	67.230942 	4.000000 	14.764823 	106.826965 	121.165176 	87.664131 	8.000000 	116.516090 	140.730240 	128.817703 	24.041630 	75.179787 	999.000000 	114.017540 	120.880104 	53.450912 	129.321304 	6.082763 	57.567352 	25.000000 	132.136292 	111.220505 	86.764046 	151.320847 	132.279999 	90.338257 	30.000000 	
20.024984 	32.984844 	29.120440 	116.361504 	49.406479 	16.278820 	35.227829 	104.009613 	66.708321 	18.788294 	86.214851 	43.185646 	50.931328 	103.227905 	79.397736 	11.180340 	29.154760 	127.094452 	23.345236 	79.246452 	26.907248 	6.000000 	101.828285 	48.166378 	111.606453 	99.488693 	7.211102 	10.049875 	28.017851 	120.432556 	4.000000 	32.015621 	17.720045 	91.967384 	41.617306 	114.017540 	999.000000 	7.211102 	66.610809 	15.620500 	117.034180 	63.513779 	95.524864 	18.439089 	9.486833 	34.176014 	40.718548 	18.384777 	31.320919 	92.195442 	
25.000000 	28.635643 	25.059929 	122.800652 	56.222771 	16.763054 	42.011902 	110.679718 	73.661385 	25.238859 	93.085983 	50.209560 	57.982758 	110.000000 	86.371292 	17.804493 	33.136082 	133.689941 	30.479502 	86.278618 	34.058773 	11.661903 	108.706024 	55.317268 	118.406082 	106.404884 	14.142136 	5.000000 	35.227829 	127.200630 	4.472136 	25.317978 	11.045361 	99.005051 	48.826221 	120.880104 	7.211102 	999.000000 	73.817345 	8.485281 	123.987900 	70.724815 	102.649887 	11.313708 	15.033297 	41.231056 	33.615471 	11.401754 	38.275318 	99.357941 	
56.302753 	91.416626 	87.664131 	63.031738 	25.019993 	70.384659 	35.440090 	48.093658 	16.278820 	50.990196 	29.017237 	25.961510 	19.104973 	45.398239 	21.095022 	56.938564 	57.870544 	70.213959 	43.566040 	19.000000 	39.962482 	63.285069 	41.976185 	19.313208 	52.392746 	39.051247 	59.908264 	75.471848 	38.600517 	61.131008 	69.892776 	97.128784 	83.528435 	29.410883 	25.000000 	53.450912 	66.610809 	73.817345 	999.000000 	82.200974 	54.625999 	4.123106 	30.528675 	85.000000 	61.554855 	34.828148 	106.850365 	84.811554 	38.418747 	26.400757 	
32.695564 	26.907248 	24.083189 	131.026718 	64.660652 	22.022715 	50.447994 	119.037811 	82.134033 	33.600594 	101.533249 	58.694122 	66.468040 	118.406082 	94.847244 	26.248810 	40.024994 	142.003525 	38.948685 	94.762863 	42.520584 	20.000000 	117.153748 	63.780876 	126.822708 	114.865135 	22.627417 	9.219544 	43.600460 	135.602356 	12.806249 	19.104973 	7.071068 	107.489532 	57.201397 	129.321304 	15.620500 	8.485281 	82.200974 	999.000000 	132.457535 	79.056938 	111.126053 	2.828427 	22.135944 	49.193497 	25.961510 	3.162278 	46.097721 	107.814659 	
101.911728 	135.000000 	131.821854 	23.853722 	67.896980 	116.180893 	82.073135 	19.104973 	50.328918 	99.035347 	31.144823 	73.878281 	66.219330 	16.763054 	37.643059 	106.216759 	99.201813 	21.023796 	93.861603 	38.013157 	90.426765 	112.538879 	15.811388 	69.634758 	10.049875 	17.691807 	109.877205 	124.482933 	90.210861 	10.816654 	119.670380 	144.422989 	132.230865 	25.553865 	77.388626 	6.082763 	117.034180 	123.987900 	54.625999 	132.457535 	999.000000 	58.694122 	24.738634 	135.281189 	113.811249 	88.684837 	154.935471 	135.369858 	92.282173 	29.614185 	
54.120235 	89.185204 	85.381500 	67.067131 	24.515301 	68.007355 	33.541019 	52.153618 	18.867962 	48.466484 	33.000000 	24.186773 	18.110771 	49.497475 	25.019993 	54.120235 	56.320511 	74.330345 	40.706264 	23.021729 	37.121422 	60.415230 	46.097721 	17.262676 	56.515484 	43.174065 	56.938564 	72.560318 	35.510563 	65.253349 	66.887962 	94.366310 	80.622574 	33.526108 	21.954498 	57.567352 	63.513779 	70.724815 	4.123106 	79.056938 	58.694122 	999.000000 	34.481880 	81.841309 	58.137768 	31.144823 	103.942291 	81.608826 	34.713108 	30.232433 	
82.377182 	116.846054 	113.371071 	39.560081 	48.020828 	96.798759 	61.611687 	25.553865 	30.413813 	78.409180 	17.262676 	52.630791 	44.821869 	21.470911 	18.681541 	85.146935 	81.394104 	43.104523 	72.180328 	17.464249 	68.622154 	91.547798 	16.552946 	47.381432 	25.317978 	13.892444 	88.526833 	103.711136 	67.896980 	33.000000 	98.493652 	124.619423 	111.664673 	7.280110 	54.561890 	25.000000 	95.524864 	102.649887 	30.528675 	111.126053 	24.738634 	34.481880 	999.000000 	113.951744 	91.350975 	65.215027 	134.807266 	113.899078 	68.818604 	5.000000 	
35.341194 	26.907248 	24.413111 	133.775925 	67.475922 	24.186773 	53.263496 	121.827744 	84.958817 	36.400551 	104.350372 	61.522354 	69.296463 	121.210564 	97.672920 	29.068884 	42.449970 	144.779144 	41.773197 	97.590981 	45.343136 	22.803509 	119.970833 	66.603302 	129.630249 	117.686020 	25.455845 	11.704700 	46.400433 	138.405197 	15.620500 	17.464249 	7.615773 	110.317726 	60.000000 	132.136292 	18.439089 	11.313708 	85.000000 	2.828427 	135.281189 	81.841309 	113.951744 	999.000000 	24.698177 	51.884487 	23.537205 	1.414214 	48.754486 	110.634537 	
24.351591 	42.449970 	38.600517 	115.039124 	47.423622 	25.000000 	33.837849 	102.000000 	63.812225 	20.024984 	83.528435 	40.311287 	47.707443 	100.846420 	76.275818 	13.601471 	34.176014 	125.239769 	20.615528 	75.802376 	23.706539 	12.727922 	99.020203 	44.204071 	109.077957 	96.519424 	10.295630 	19.104973 	23.600847 	117.991524 	13.341664 	40.311287 	26.076809 	88.408142 	36.796738 	111.220505 	9.486833 	15.033297 	61.554855 	22.135944 	113.811249 	58.137768 	91.350975 	24.698177 	999.000000 	27.459061 	48.083260 	24.166092 	24.186773 	87.692642 	
32.015621 	64.124878 	60.133186 	93.145050 	28.160255 	43.000000 	20.808653 	79.056938 	40.521599 	24.515301 	59.808025 	20.223749 	25.179358 	77.252831 	52.000000 	27.073973 	38.910152 	102.181213 	15.524175 	50.990196 	13.416408 	32.557640 	74.732857 	20.396078 	85.088188 	72.013885 	28.635643 	43.965897 	9.848858 	94.021271 	37.947330 	66.098412 	51.865211 	63.134777 	12.165525 	86.764046 	34.176014 	41.231056 	34.828148 	49.193497 	88.684837 	31.144823 	65.215027 	51.884487 	27.459061 	999.000000 	74.846512 	51.478149 	3.605551 	61.220913 	
53.037724 	25.495098 	26.570660 	151.029800 	87.206650 	38.948685 	73.246162 	140.185593 	104.995239 	56.400356 	123.794182 	82.200974 	90.000000 	140.035706 	117.686020 	49.929951 	57.201397 	162.606888 	63.285069 	117.923706 	66.887962 	43.566040 	139.316193 	87.920418 	148.519363 	137.244308 	47.010635 	31.384710 	68.476273 	157.079605 	37.121422 	10.816654 	23.323807 	130.598618 	81.987801 	151.320847 	40.718548 	33.615471 	106.850365 	25.961510 	154.935471 	103.942291 	134.807266 	23.537205 	48.083260 	74.846512 	999.000000 	24.331051 	71.867935 	131.825638 	
35.846897 	28.319605 	25.806976 	134.111893 	67.623962 	25.079872 	53.413483 	122.065559 	85.041168 	36.619667 	104.484451 	61.554855 	69.310890 	121.400162 	97.744568 	29.206163 	43.174065 	145.055161 	41.725292 	97.621719 	45.276924 	23.021729 	120.104118 	66.528191 	129.807556 	117.796432 	25.495098 	12.369317 	46.227695 	138.600143 	15.811388 	18.681541 	8.944272 	110.344917 	59.816387 	132.279999 	18.384777 	11.401754 	84.811554 	3.162278 	135.369858 	81.608826 	113.899078 	1.414214 	24.166092 	51.478149 	24.331051 	999.000000 	48.301140 	110.535065 	
31.016125 	62.008064 	58.008621 	96.566040 	31.016125 	41.109608 	22.360680 	82.540901 	43.965897 	23.409399 	63.324562 	23.021729 	28.442924 	80.777473 	55.542778 	25.019993 	38.587563 	105.688217 	14.764823 	54.561890 	13.453624 	30.149628 	78.294319 	23.769728 	88.639717 	75.584389 	26.172504 	41.231056 	9.899495 	97.575615 	35.171009 	63.324562 	49.040798 	66.730804 	15.524175 	90.338257 	31.320919 	38.275318 	38.418747 	46.097721 	92.282173 	34.713108 	68.818604 	48.754486 	24.186773 	3.605551 	71.867935 	48.301140 	999.000000 	64.815125 	
79.755875 	114.490173 	110.941429 	44.271889 	45.617977 	94.154129 	58.830265 	29.966648 	28.460499 	75.451973 	18.788294 	49.648766 	41.880783 	26.000000 	18.000000 	82.006096 	79.309517 	48.093658 	68.883957 	16.124516 	65.299309 	88.408142 	21.189621 	44.045429 	30.265491 	18.384777 	85.276024 	100.603180 	64.381676 	38.000000 	95.268044 	121.757957 	108.600182 	9.899495 	50.911690 	30.000000 	92.195442 	99.357941 	26.400757 	107.814659 	29.614185 	30.232433 	5.000000 	110.634537 	87.692642 	61.220913 	131.825638 	110.535065 	64.815125 	999.000000 	

Travel time:
9.000000 	0.877853 	0.784618 	2.468426 	0.860233 	0.360555 	0.525595 	2.183031 	1.305038 	0.190394 	1.769181 	0.761577 	0.950329 	2.176149 	1.620378 	0.269258 	0.246221 	2.750000 	0.412311 	1.630376 	0.477624 	0.350892 	2.156965 	0.925000 	2.388122 	2.105499 	0.357946 	0.592663 	0.559017 	2.603483 	0.515388 	1.063015 	0.770146 	1.945026 	0.831038 	2.457260 	0.500625 	0.625000 	1.407569 	0.817389 	2.547793 	1.353006 	2.059430 	0.883530 	0.608790 	0.800391 	1.325943 	0.896172 	0.775403 	1.993897 	
0.877853 	9.000000 	0.100000 	3.219084 	1.722099 	0.534439 	1.402007 	2.975105 	2.161308 	1.025000 	2.601081 	1.638788 	1.825171 	2.983287 	2.469818 	0.926350 	0.895126 	3.517900 	1.241219 	2.486966 	1.323820 	0.801561 	2.980038 	1.802776 	3.194526 	2.935345 	0.901388 	0.594243 	1.389469 	3.400735 	0.728011 	0.400780 	0.496236 	2.795756 	1.697793 	3.271849 	0.824621 	0.715891 	2.285416 	0.672681 	3.375000 	2.229630 	2.921151 	0.672681 	1.061249 	1.603122 	0.637377 	0.707990 	1.550202 	2.862254 	
0.784618 	0.100000 	9.000000 	3.151587 	1.634205 	0.436606 	1.309819 	2.901078 	2.075151 	0.927699 	2.520045 	1.546165 	1.733854 	2.906888 	2.385372 	0.826514 	0.816241 	3.448278 	1.142639 	2.401042 	1.225765 	0.701783 	2.900970 	1.708801 	3.118493 	2.855039 	0.801561 	0.503115 	1.290591 	3.326410 	0.632456 	0.406971 	0.425735 	2.711319 	1.600781 	3.194526 	0.728011 	0.626498 	2.191603 	0.602080 	3.295546 	2.134537 	2.834277 	0.610328 	0.965013 	1.503330 	0.664266 	0.645174 	1.450216 	2.773536 	
2.468426 	3.219084 	3.151587 	9.000000 	1.690599 	2.805018 	2.034853 	0.375832 	1.315770 	2.440415 	0.853302 	1.875667 	1.707703 	0.460977 	1.054751 	2.629757 	2.346540 	0.313249 	2.360747 	1.101136 	2.284732 	2.778489 	0.577170 	1.820028 	0.390512 	0.649038 	2.729469 	3.058288 	2.302851 	0.364006 	2.958462 	3.506155 	3.238248 	0.892328 	2.026080 	0.460977 	2.909038 	3.070016 	1.575794 	3.275668 	0.596343 	1.676678 	0.989002 	3.344398 	2.875978 	2.328626 	3.775745 	3.352797 	2.414151 	1.106797 	
0.860233 	1.722099 	1.634205 	1.690599 	9.000000 	1.220656 	0.355317 	1.367708 	0.445112 	0.778621 	0.921954 	0.200000 	0.167705 	1.345595 	0.761988 	0.960469 	0.845946 	1.947434 	0.670820 	0.770146 	0.594243 	1.117195 	1.312441 	0.265754 	1.555032 	1.256234 	1.055047 	1.414655 	0.618466 	1.775704 	1.296389 	1.920937 	1.608765 	1.085415 	0.419076 	1.616516 	1.235162 	1.405569 	0.625500 	1.616516 	1.697425 	0.612882 	1.200521 	1.686898 	1.185591 	0.704006 	2.180166 	1.690599 	0.775403 	1.140449 	
0.360555 	0.534439 	0.436606 	2.805018 	1.220656 	9.000000 	0.883883 	2.530934 	1.665270 	0.491172 	2.126029 	1.118034 	1.308864 	2.527969 	1.980057 	0.403113 	0.469707 	3.092329 	0.707107 	1.990760 	0.789383 	0.313249 	2.512469 	1.276959 	2.740096 	2.462341 	0.403887 	0.325960 	0.855862 	2.953494 	0.347311 	0.707107 	0.450694 	2.305022 	1.164313 	2.811250 	0.406971 	0.419076 	1.759616 	0.550568 	2.904522 	1.700184 	2.419969 	0.604669 	0.625000 	1.075000 	0.973717 	0.626997 	1.027740 	2.353853 	
0.525595 	1.402007 	1.309819 	2.034853 	0.355317 	0.883883 	9.000000 	1.719920 	0.795692 	0.424264 	1.277204 	0.237171 	0.425000 	1.700184 	1.113833 	0.605186 	0.575000 	2.298097 	0.333542 	1.117195 	0.275000 	0.761988 	1.667708 	0.406971 	1.910007 	1.611094 	0.700446 	1.060660 	0.333542 	2.130288 	0.941076 	1.575198 	1.256234 	1.434617 	0.371652 	1.971833 	0.880696 	1.050297 	0.886002 	1.261200 	2.051828 	0.838525 	1.540292 	1.331587 	0.845946 	0.520216 	1.831154 	1.335337 	0.559017 	1.470757 	
2.183031 	2.975105 	2.901078 	0.375832 	1.367708 	2.530934 	1.719920 	9.000000 	0.965660 	2.136147 	0.485412 	1.542928 	1.365650 	0.106066 	0.686477 	2.322849 	2.086265 	0.581485 	2.037308 	0.728869 	1.957358 	2.476136 	0.230489 	1.471819 	0.237171 	0.291548 	2.419969 	2.765072 	1.968026 	0.425735 	2.656360 	3.237380 	2.951694 	0.522015 	1.676678 	0.333542 	2.600240 	2.766993 	1.202341 	2.975945 	0.477624 	1.303840 	0.638847 	3.045694 	2.550000 	1.976424 	3.504640 	3.051639 	2.063523 	0.749166 	
1.305038 	2.161308 	2.075151 	1.315770 	0.445112 	1.665270 	0.795692 	0.965660 	9.000000 	1.219887 	0.493077 	0.590021 	0.403113 	0.928036 	0.318198 	1.397542 	1.274755 	1.546165 	1.090011 	0.325960 	1.005609 	1.556037 	0.880696 	0.506211 	1.131923 	0.820061 	1.488707 	1.856240 	1.007782 	1.355083 	1.733854 	2.366036 	2.051828 	0.640312 	0.711512 	1.185854 	1.667708 	1.841535 	0.406971 	2.053351 	1.258223 	0.471699 	0.760345 	2.123971 	1.595306 	1.013040 	2.624881 	2.126029 	1.099147 	0.711512 	
0.190394 	1.025000 	0.927699 	2.440415 	0.778621 	0.491172 	0.424264 	2.136147 	1.219887 	9.000000 	1.700368 	0.645174 	0.840015 	2.120289 	1.538059 	0.190394 	0.406971 	2.711319 	0.226385 	1.540495 	0.301040 	0.340037 	2.090753 	0.794119 	2.330906 	2.034853 	0.292617 	0.636396 	0.375832 	2.550122 	0.520216 	1.158123 	0.832541 	1.858259 	0.673146 	2.394394 	0.469707 	0.630971 	1.274755 	0.840015 	2.475884 	1.211662 	1.960230 	0.910014 	0.500625 	0.612882 	1.410009 	0.915492 	0.585235 	1.886299 	
1.769181 	2.601081 	2.520045 	0.853302 	0.921954 	2.126029 	1.277204 	0.485412 	0.493077 	1.700368 	9.000000 	1.081665 	0.896172 	0.436606 	0.201556 	1.882153 	1.706055 	1.059481 	1.581139 	0.251247 	1.497707 	2.039148 	0.390512 	0.995301 	0.638847 	0.336341 	1.975633 	2.335862 	1.500833 	0.862047 	2.218248 	2.831960 	2.528463 	0.251247 	1.198176 	0.695072 	2.155371 	2.327150 	0.725431 	2.538331 	0.778621 	0.825000 	0.431567 	2.608759 	2.088211 	1.495201 	3.094855 	2.612111 	1.583114 	0.469707 	
0.761577 	1.638788 	1.546165 	1.875667 	0.200000 	1.118034 	0.237171 	1.542928 	0.590021 	0.645174 	1.081665 	9.000000 	0.195256 	1.513481 	0.905883 	0.813941 	0.803508 	2.124264 	0.500000 	0.901734 	0.416083 	0.973717 	1.470544 	0.175000 	1.719920 	1.410009 	0.901734 	1.277204 	0.427200 	1.942453 	1.149184 	1.802776 	1.475847 	1.219887 	0.235850 	1.775704 	1.079641 	1.255239 	0.649038 	1.467353 	1.846957 	0.604669 	1.315770 	1.538059 	1.007782 	0.505594 	2.055024 	1.538871 	0.575543 	1.241219 	
0.950329 	1.825171 	1.733854 	1.707703 	0.167705 	1.308864 	0.425000 	1.365650 	0.403113 	0.840015 	0.896172 	0.195256 	9.000000 	1.330883 	0.715017 	1.009022 	0.970824 	1.946953 	0.691466 	0.707990 	0.605186 	1.168867 	1.282819 	0.127475 	1.535008 	1.220656 	1.096016 	1.472455 	0.604669 	1.758195 	1.343968 	1.997029 	1.671077 	1.025914 	0.325960 	1.587844 	1.273283 	1.449569 	0.477624 	1.661701 	1.655483 	0.452769 	1.120547 	1.732412 	1.192686 	0.629484 	2.250000 	1.732772 	0.711073 	1.047020 	
2.176149 	2.983287 	2.906888 	0.460977 	1.345595 	2.527969 	1.700184 	0.106066 	0.928036 	2.120289 	0.436606 	1.513481 	1.330883 	9.000000 	0.632456 	2.305022 	2.090753 	0.625000 	2.011374 	0.667083 	1.929378 	2.460183 	0.125000 	1.431782 	0.212132 	0.190394 	2.400521 	2.752840 	1.935362 	0.430116 	2.640076 	3.235062 	2.942151 	0.431567 	1.634778 	0.291548 	2.580698 	2.750000 	1.134956 	2.960152 	0.419076 	1.237437 	0.536773 	3.030264 	2.521161 	1.931321 	3.500893 	3.035004 	2.019437 	0.650000 	
1.620378 	2.469818 	2.385372 	1.054751 	0.761988 	1.980057 	1.113833 	0.686477 	0.318198 	1.538059 	0.201556 	0.905883 	0.715017 	0.632456 	9.000000 	1.715554 	1.578369 	1.257229 	1.405569 	0.070711 	1.320038 	1.874166 	0.570636 	0.806226 	0.827647 	0.506211 	1.806239 	2.174425 	1.317431 	1.051190 	2.051828 	2.682466 	2.369863 	0.325960 	1.006231 	0.874643 	1.984943 	2.159282 	0.527376 	2.371181 	0.941076 	0.625500 	0.467039 	2.441823 	1.906895 	1.300000 	2.942151 	2.443614 	1.388569 	0.450000 	
0.269258 	0.926350 	0.826514 	2.629757 	0.960469 	0.403113 	0.605186 	2.322849 	1.397542 	0.190394 	1.882153 	0.813941 	1.009022 	2.305022 	1.715554 	9.000000 	0.515388 	2.899138 	0.335410 	1.714825 	0.425000 	0.160078 	2.272664 	0.950329 	2.515079 	2.215429 	0.103078 	0.465027 	0.474342 	2.735073 	0.336341 	1.006231 	0.665676 	2.033009 	0.805062 	2.576941 	0.279509 	0.445112 	1.423464 	0.656220 	2.655419 	1.353006 	2.128673 	0.726722 	0.340037 	0.676849 	1.248249 	0.730154 	0.625500 	2.050152 	
0.246221 	0.895126 	0.816241 	2.346540 	0.845946 	0.469707 	0.575000 	2.086265 	1.274755 	0.406971 	1.706055 	0.803508 	0.970824 	2.090753 	1.578369 	0.515388 	9.000000 	2.638773 	0.596343 	1.598828 	0.637377 	0.579871 	2.085216 	0.977880 	2.302444 	2.040221 	0.601041 	0.770146 	0.726722 	2.511225 	0.725431 	1.160011 	0.919239 	1.903943 	0.933408 	2.378287 	0.728869 	0.828402 	1.446764 	1.000625 	2.480045 	1.408013 	2.034853 	1.061249 	0.854400 	0.972754 	1.430035 	1.079352 	0.964689 	1.982738 	
2.750000 	3.517900 	3.448278 	0.313249 	1.947434 	3.092329 	2.298097 	0.581485 	1.546165 	2.711319 	1.059481 	2.124264 	1.946953 	0.625000 	1.257229 	2.899138 	2.638773 	9.000000 	2.617728 	1.291559 	2.538331 	3.050922 	0.707107 	2.051981 	0.450694 	0.781425 	2.997186 	3.336353 	2.549510 	0.261008 	3.231195 	3.796380 	3.520032 	1.029866 	2.256241 	0.456207 	3.177361 	3.342248 	1.755349 	3.550088 	0.525595 	1.858259 	1.077613 	3.619479 	3.130994 	2.554530 	4.065172 	3.626379 	2.642205 	1.202341 	
0.412311 	1.241219 	1.142639 	2.360747 	0.670820 	0.707107 	0.333542 	2.037308 	1.090011 	0.226385 	1.581139 	0.500000 	0.691466 	2.011374 	1.405569 	0.335410 	0.596343 	2.617728 	9.000000 	1.399330 	0.090139 	0.493077 	1.970406 	0.620987 	2.218812 	1.910007 	0.410031 	0.797653 	0.150000 	2.440927 	0.660019 	1.341641 	0.999062 	1.717010 	0.469707 	2.275549 	0.583631 	0.761988 	1.089151 	0.973717 	2.346540 	1.017657 	1.804508 	1.044330 	0.515388 	0.388104 	1.582127 	1.043132 	0.369121 	1.722099 	
1.630376 	2.486966 	2.401042 	1.101136 	0.770146 	1.990760 	1.117195 	0.728869 	0.325960 	1.540495 	0.251247 	0.901734 	0.707990 	0.667083 	0.070711 	1.714825 	1.598828 	1.291559 	1.399330 	9.000000 	1.312441 	1.874166 	0.594243 	0.790569 	0.854400 	0.525595 	1.803469 	2.176149 	1.305038 	1.077033 	2.050610 	2.690376 	2.373025 	0.318198 	0.986154 	0.894427 	1.981161 	2.156965 	0.475000 	2.369071 	0.950329 	0.575543 	0.436606 	2.439775 	1.895059 	1.274755 	2.948093 	2.440543 	1.364047 	0.403113 	
0.477624 	1.323820 	1.225765 	2.284732 	0.594243 	0.789383 	0.275000 	1.957358 	1.005609 	0.301040 	1.497707 	0.416083 	0.605186 	1.929378 	1.320038 	0.425000 	0.637377 	2.538331 	0.090139 	1.312441 	9.000000 	0.583095 	1.886299 	0.531507 	2.136001 	1.825171 	0.500000 	0.887764 	0.090139 	2.358495 	0.750000 	1.431127 	1.089151 	1.629801 	0.380789 	2.191461 	0.672681 	0.851469 	0.999062 	1.063015 	2.260669 	0.928036 	1.715554 	1.133578 	0.592663 	0.335410 	1.672199 	1.131923 	0.336341 	1.632483 	
0.350892 	0.801561 	0.701783 	2.778489 	1.117195 	0.313249 	0.761988 	2.476136 	1.556037 	0.340037 	2.039148 	0.973717 	1.168867 	2.460183 	1.874166 	0.160078 	0.579871 	3.050922 	0.493077 	1.874166 	0.583095 	9.000000 	2.429635 	1.110180 	2.670674 	2.373025 	0.100000 	0.305164 	0.626997 	2.890069 	0.180278 	0.850368 	0.506211 	2.192316 	0.961769 	2.733588 	0.150000 	0.291548 	1.582127 	0.500000 	2.813472 	1.510381 	2.288695 	0.570088 	0.318198 	0.813941 	1.089151 	0.575543 	0.753741 	2.210204 	
2.156965 	2.980038 	2.900970 	0.577170 	1.312441 	2.512469 	1.667708 	0.230489 	0.880696 	2.090753 	0.390512 	1.470544 	1.282819 	0.125000 	0.570636 	2.272664 	2.085216 	0.707107 	1.970406 	0.594243 	1.886299 	2.429635 	9.000000 	1.376817 	0.261008 	0.075000 	2.366036 	2.726032 	1.886796 	0.482830 	2.608759 	3.219084 	2.918154 	0.325000 	1.576586 	0.305164 	2.545707 	2.717651 	1.049405 	2.928844 	0.395285 	1.152443 	0.413824 	2.999271 	2.475505 	1.868321 	3.482905 	3.002603 	1.957358 	0.529741 	
0.925000 	1.802776 	1.708801 	1.820028 	0.265754 	1.276959 	0.406971 	1.471819 	0.506211 	0.794119 	0.995301 	0.175000 	0.127475 	1.431782 	0.806226 	0.950329 	0.977880 	2.051981 	0.620987 	0.790569 	0.531507 	1.110180 	1.376817 	9.000000 	1.632483 	1.311964 	1.030776 	1.415318 	0.515388 	1.856071 	1.280625 	1.950801 	1.615936 	1.105102 	0.206155 	1.680773 	1.204159 	1.382932 	0.482830 	1.594522 	1.740869 	0.431567 	1.184536 	1.665083 	1.105102 	0.509902 	2.198010 	1.663205 	0.594243 	1.101136 	
