UB = 961
M = 110

Distance:
999.000000 	126.621483 	76.557167 	131.795303 	32.557640 	70.342018 	105.394501 	16.401220 	30.083218 	118.697090 	21.095022 	64.132675 	40.311287 	21.540659 	89.196411 	42.579338 	86.330757 	105.095192 	25.612497 	21.470911 	28.017851 	103.368271 	115.974136 	87.361320 	112.254173 	133.221619 	36.674240 	25.079872 	110.494347 	116.726173 	61.400326 	127.534309 	89.269257 	34.176014 	65.764732 	106.737999 	107.703293 	40.311287 	122.429573 	151.990128 	131.308792 	72.277245 	121.840057 	49.244289 	52.430908 	124.454811 	136.704056 	70.000000 	94.921021 	74.060783 	107.168091 	92.892410 	77.698135 	126.099167 	113.437210 	119.603508 	114.542572 	101.636604 	127.192764 	127.565666 	125.960312 	
126.621483 	999.000000 	63.324562 	13.000000 	112.378822 	76.400261 	34.014702 	126.015869 	100.209778 	17.720045 	123.975807 	83.522453 	107.786827 	146.863876 	62.072536 	108.747414 	65.192024 	45.541191 	127.094452 	135.092560 	125.538841 	49.497475 	37.696156 	68.066147 	43.011627 	25.238859 	120.747673 	138.397980 	46.840153 	42.544094 	102.357216 	39.824615 	77.006493 	144.917221 	104.345581 	65.969688 	66.219330 	160.897476 	57.306194 	39.623226 	53.263496 	111.305885 	65.299309 	148.976501 	146.540100 	67.601776 	60.141499 	137.539078 	111.162041 	136.499084 	100.019997 	115.039124 	134.647690 	95.341492 	112.805145 	108.811768 	118.663391 	133.135269 	106.775467 	111.427109 	131.472427 	
76.557167 	63.324562 	999.000000 	63.063461 	53.037724 	13.152946 	32.449963 	70.213959 	46.518814 	49.193497 	66.843102 	20.248457 	46.861500 	93.193344 	14.035668 	47.201694 	12.649111 	28.844410 	68.622154 	78.102493 	66.468040 	26.832815 	40.459858 	15.652476 	36.055511 	60.440052 	59.816387 	80.721741 	34.000000 	40.496914 	39.051247 	51.613953 	24.083189 	85.632935 	41.303753 	33.136082 	34.132095 	103.276329 	46.324940 	77.794601 	54.781384 	49.000000 	47.095646 	87.132080 	84.118965 	50.039986 	60.440052 	74.330345 	55.036350 	73.552704 	52.325901 	57.584721 	72.111023 	61.741398 	64.536812 	65.192024 	69.202599 	75.584389 	68.505478 	71.400284 	83.408630 	
131.795303 	13.000000 	63.063461 	999.000000 	114.621117 	75.643906 	31.016125 	129.634094 	104.004807 	13.892444 	127.141655 	83.192551 	109.293182 	151.320847 	58.940647 	109.931801 	62.361847 	40.311287 	129.807556 	138.408813 	128.003906 	44.283180 	30.066593 	64.761101 	36.013885 	12.727922 	122.331520 	141.495590 	40.012497 	34.365681 	101.390335 	29.068884 	72.835434 	147.410995 	102.786186 	59.135437 	59.211487 	164.149323 	47.759815 	27.073973 	42.190044 	108.931168 	55.973209 	150.083313 	147.176758 	57.939625 	48.600410 	135.977936 	106.169678 	134.480484 	93.343452 	110.367569 	132.185471 	86.330757 	105.801704 	101.000000 	111.758667 	128.140549 	98.081596 	102.883430 	123.967735 	
32.557640 	112.378822 	53.037724 	114.621117 	999.000000 	43.266617 	85.041168 	19.416489 	17.464249 	100.801788 	14.866069 	35.846897 	8.062258 	42.379242 	63.245552 	10.049875 	59.908264 	81.565926 	15.620500 	25.553865 	13.453624 	79.025314 	93.434471 	60.033325 	88.729927 	113.278419 	10.049875 	27.802877 	86.214851 	93.085983 	29.017237 	104.350372 	59.808025 	32.802441 	33.241539 	78.721024 	79.624115 	50.249378 	95.880135 	130.831955 	105.688217 	39.849716 	93.941475 	37.854988 	37.054016 	96.254868 	110.145355 	43.266617 	62.369865 	46.227695 	75.000000 	60.440052 	48.795490 	94.641426 	80.894997 	87.206650 	82.000000 	70.327805 	95.005264 	95.189285 	93.605553 	
70.342018 	76.400261 	13.152946 	75.643906 	43.266617 	999.000000 	44.721359 	61.717098 	40.607880 	61.846584 	57.801384 	7.810250 	36.235340 	84.970581 	20.000000 	36.069378 	16.643316 	38.948685 	58.821766 	68.796799 	56.400356 	36.069378 	51.088158 	17.088007 	45.967381 	72.111023 	48.795490 	71.028160 	43.185646 	50.209560 	25.961510 	61.522354 	20.223749 	75.073296 	28.160255 	36.400551 	37.363083 	93.236259 	52.773098 	88.617157 	62.433964 	36.055511 	51.546097 	75.213028 	71.867935 	54.120235 	67.082039 	61.188232 	44.654228 	60.406952 	45.793011 	46.529560 	59.033890 	59.439045 	56.850681 	59.169250 	60.827625 	64.078079 	64.078079 	66.189125 	74.953316 	
105.394501 	34.014702 	32.449963 	31.016125 	85.041168 	44.721359 	999.000000 	101.237343 	76.216797 	17.464249 	98.290382 	52.354561 	79.202271 	123.693169 	28.284271 	79.630394 	31.575306 	12.529964 	100.498756 	109.603828 	98.493652 	16.155495 	13.038404 	34.234486 	13.892444 	28.284271 	92.200867 	112.449989 	16.278820 	16.763054 	70.384659 	24.186773 	43.000000 	117.796432 	71.784401 	33.541019 	34.000000 	135.103668 	31.384710 	46.615448 	33.734257 	78.102493 	37.643059 	119.570061 	116.468880 	40.607880 	41.231056 	104.995239 	77.162170 	103.580887 	66.760765 	81.024689 	101.414986 	65.215027 	79.699432 	76.557167 	85.440041 	99.126183 	75.802376 	80.131142 	98.681305 	
16.401220 	126.015869 	70.213959 	129.634094 	19.416489 	61.717098 	101.237343 	999.000000 	25.806976 	116.043098 	5.099020 	54.625999 	27.459061 	23.259407 	81.492332 	29.154760 	78.294319 	99.045441 	9.219544 	9.486833 	11.661903 	96.798759 	110.602890 	78.721024 	106.254410 	129.495178 	20.880613 	13.341664 	104.009613 	110.679718 	48.093658 	121.827744 	79.056938 	22.022715 	52.000000 	97.693398 	98.615417 	34.985710 	114.490173 	147.627914 	124.036285 	57.558666 	112.924751 	34.785053 	37.121422 	115.316956 	128.798294 	53.600372 	80.504662 	57.688820 	94.085068 	78.089691 	61.400326 	113.991226 	99.322708 	106.018867 	99.985001 	85.796272 	114.039467 	114.017540 	110.855759 	
30.083218 	100.209778 	46.518814 	104.004807 	17.464249 	40.607880 	76.216797 	25.806976 	999.000000 	90.509666 	24.166092 	35.014282 	20.000000 	47.507893 	59.135437 	22.803509 	56.320511 	75.179787 	28.160255 	34.985710 	27.459061 	73.348480 	86.284416 	57.489128 	82.365044 	104.350372 	27.459061 	38.470768 	80.498444 	86.833176 	37.589893 	97.754799 	60.133186 	45.880280 	42.544094 	76.902534 	77.878113 	60.745369 	92.358002 	122.800652 	101.237343 	51.039200 	91.923882 	54.147945 	54.037025 	94.593872 	106.625511 	59.941639 	71.589104 	62.433964 	80.808418 	70.710678 	64.404968 	98.183502 	88.865067 	93.861603 	91.000000 	83.240616 	100.623062 	101.636604 	103.754517 	
118.697090 	17.720045 	49.193497 	13.892444 	100.801788 	61.846584 	17.464249 	116.043098 	90.509666 	999.000000 	113.454834 	69.354164 	95.414886 	137.931137 	45.705578 	96.041656 	49.030602 	28.071337 	116.038788 	124.739731 	114.201576 	32.062439 	20.124611 	51.623638 	25.298222 	16.278820 	108.452751 	127.781059 	29.120440 	25.059929 	87.664131 	24.413111 	60.133186 	133.600143 	89.185204 	48.270073 	48.507732 	150.445999 	40.224369 	35.440090 	37.643059 	95.566734 	48.020828 	136.191040 	133.296661 	50.477718 	45.000000 	122.413231 	94.005318 	121.037186 	82.377182 	98.020409 	118.878090 	77.820305 	95.126228 	91.093361 	101.000000 	116.004311 	89.157166 	93.776329 	113.758514 	
21.095022 	123.975807 	66.843102 	127.141655 	14.866069 	57.801384 	98.290382 	5.099020 	24.166092 	113.454834 	999.000000 	50.537113 	22.803509 	27.513634 	77.698135 	24.331051 	74.431175 	95.603348 	5.385165 	11.313708 	7.071068 	93.230896 	107.298645 	74.706093 	102.800781 	126.574089 	15.811388 	14.422205 	100.439034 	107.200745 	43.185646 	118.406082 	74.672615 	21.840330 	47.010635 	93.520050 	94.429871 	37.013512 	110.535065 	144.499130 	120.220627 	52.469040 	108.747414 	32.557640 	34.176014 	111.085556 	124.823875 	49.040798 	75.425461 	53.009434 	89.140335 	72.993149 	56.603886 	109.178749 	94.260277 	101.004951 	94.894676 	80.777473 	109.073372 	109.004585 	105.759163 	
64.132675 	83.522453 	20.248457 	83.192551 	35.846897 	7.810250 	52.354561 	54.625999 	35.014282 	69.354164 	50.537113 	999.000000 	28.600698 	77.878113 	27.658634 	28.319605 	24.207438 	46.754681 	51.312767 	61.400326 	48.826221 	43.840622 	58.898216 	24.186773 	53.758720 	79.881165 	41.036568 	63.513779 	50.931328 	57.982758 	19.104973 	69.296463 	25.179358 	67.357254 	22.090721 	43.081318 	44.011364 	85.603737 	60.033325 	96.426140 	69.892776 	30.805843 	58.309521 	67.424034 	64.140472 	60.745369 	74.303429 	54.451813 	43.139309 	54.037025 	47.539455 	44.204071 	53.084839 	63.387695 	57.454330 	60.926186 	60.802959 	60.901562 	66.760765 	68.352028 	74.652527 	
40.311287 	107.786827 	46.861500 	109.293182 	8.062258 	36.235340 	79.202271 	27.459061 	20.000000 	95.414886 	22.803509 	28.600698 	999.000000 	50.289165 	56.222771 	2.828427 	52.801514 	74.966660 	22.825424 	33.105892 	20.248457 	72.249565 	86.977005 	52.697250 	82.073135 	107.298645 	13.038404 	34.985710 	79.397736 	86.371292 	21.095022 	97.672920 	52.000000 	38.897301 	25.495098 	71.119621 	72.006943 	57.008770 	88.509888 	124.482933 	98.473343 	32.695564 	86.313385 	41.231056 	39.293766 	88.566360 	102.727798 	40.311287 	54.817879 	42.544094 	67.007462 	53.141319 	44.407207 	86.579445 	73.164200 	79.309517 	74.464760 	64.070274 	87.022987 	87.281158 	86.377083 	
21.540659 	146.863876 	93.193344 	151.320847 	42.379242 	84.970581 	123.693169 	23.259407 	47.507893 	137.931137 	27.513634 	77.878113 	50.289165 	999.000000 	104.709122 	51.662365 	101.533249 	122.036880 	28.284271 	18.027756 	31.257000 	119.887444 	133.454117 	101.980392 	129.247818 	151.855194 	41.194660 	18.248287 	127.094452 	133.689941 	70.213959 	144.779144 	102.181213 	23.323807 	73.681747 	120.933868 	121.852371 	20.223749 	137.742508 	170.238068 	147.248093 	78.025635 	136.165344 	39.408119 	44.418465 	138.538803 	152.052628 	67.675697 	101.004951 	72.422371 	115.849037 	98.045906 	76.922035 	136.312149 	120.016663 	127.251717 	120.066650 	103.160072 	135.624481 	135.236832 	129.869171 	
89.196411 	62.072536 	14.035668 	58.940647 	63.245552 	20.000000 	28.284271 	81.492332 	59.135437 	45.705578 	77.698135 	27.658634 	56.222771 	104.709122 	999.000000 	55.973209 	3.605551 	19.723083 	78.816238 	88.752464 	76.400261 	16.401220 	31.906113 	6.000000 	26.400757 	53.665630 	68.680420 	91.021973 	23.345236 	30.479502 	43.566040 	41.773197 	15.524175 	95.015785 	44.283180 	19.104973 	20.099751 	113.229858 	33.241539 	69.202599 	42.544094 	50.000000 	33.241539 	94.493385 	90.801979 	36.124783 	47.539455 	77.252831 	49.819675 	75.584389 	42.720020 	53.338543 	73.246162 	48.877399 	55.569775 	54.671749 	60.827625 	71.568146 	56.727417 	60.108234 	74.793045 	
42.579338 	108.747414 	47.201694 	109.931801 	10.049875 	36.069378 	79.630394 	29.154760 	22.803509 	96.041656 	24.331051 	28.319605 	2.828427 	51.662365 	55.973209 	999.000000 	52.497620 	74.966660 	23.769728 	34.176014 	21.023796 	72.138756 	87.045967 	52.201534 	82.024384 	107.615051 	12.727922 	35.777088 	79.246452 	86.278618 	19.000000 	97.590981 	50.990196 	39.051247 	23.194826 	70.327805 	71.196907 	57.428215 	87.920418 	124.579292 	98.005104 	30.083218 	85.475143 	40.249222 	37.947330 	87.658424 	102.083298 	37.696156 	52.392746 	39.824615 	65.007690 	50.596443 	41.617306 	84.852814 	70.859016 	77.162170 	72.034714 	61.294373 	85.000000 	85.146935 	83.815269 	
86.330757 	65.192024 	12.649111 	62.361847 	59.908264 	16.643316 	31.575306 	78.294319 	56.320511 	49.030602 	74.431175 	24.207438 	52.801514 	101.533249 	3.605551 	52.497620 	999.000000 	23.323807 	75.451973 	85.440041 	73.006851 	20.000000 	35.510563 	3.605551 	30.000000 	57.245087 	65.192024 	87.658424 	26.907248 	34.058773 	39.962482 	45.343136 	13.416408 	91.547798 	40.718548 	21.023796 	22.022715 	109.808922 	36.249138 	72.801102 	45.793011 	46.572525 	35.693138 	90.906548 	87.200920 	38.470768 	50.566788 	73.736015 	47.296936 	72.124893 	41.400482 	50.635956 	69.856995 	49.193497 	54.083271 	53.758720 	59.169250 	68.883957 	56.400356 	59.548298 	73.246162 	
105.095192 	45.541191 	28.844410 	40.311287 	81.565926 	38.948685 	12.529964 	99.045441 	75.179787 	28.071337 	95.603348 	46.754681 	74.966660 	122.036880 	19.723083 	74.966660 	23.323807 	999.000000 	97.185387 	106.826965 	94.921021 	4.000000 	12.206555 	25.079872 	7.211102 	34.014702 	87.692642 	109.343498 	6.000000 	11.661903 	63.285069 	22.803509 	32.557640 	113.863953 	63.953106 	21.023796 	21.470911 	131.795303 	21.587032 	49.678970 	27.294687 	69.289246 	26.419689 	114.017540 	110.435501 	29.529646 	34.014702 	96.772926 	66.007576 	94.921021 	54.571056 	70.114189 	92.347168 	52.801514 	67.446274 	64.078079 	73.246162 	88.005684 	63.285069 	67.601776 	86.330757 	
25.612497 	127.094452 	68.622154 	129.807556 	15.620500 	58.821766 	100.498756 	9.219544 	28.160255 	116.038788 	5.385165 	51.312767 	22.825424 	28.284271 	78.816238 	23.769728 	75.451973 	97.185387 	999.000000 	10.440307 	3.000000 	94.641426 	109.041275 	75.471848 	104.350372 	128.763351 	13.000000 	12.206555 	101.828285 	108.706024 	41.976185 	119.970833 	74.732857 	17.888544 	45.398239 	93.941475 	94.826157 	34.655445 	111.305885 	146.413803 	121.202309 	50.039986 	109.128365 	27.294687 	28.792360 	111.359779 	125.538841 	44.407207 	73.061615 	48.548943 	87.572830 	70.349129 	52.354561 	108.060165 	92.021736 	99.080772 	92.347168 	77.162170 	107.377838 	107.074738 	102.771591 	
21.470911 	135.092560 	78.102493 	138.408813 	25.553865 	68.796799 	109.603828 	9.486833 	34.985710 	124.739731 	11.313708 	61.400326 	33.105892 	18.027756 	88.752464 	34.176014 	85.440041 	106.826965 	10.440307 	999.000000 	13.341664 	104.403069 	118.562218 	85.586212 	114.017540 	137.887634 	23.194826 	4.000000 	111.606453 	118.406082 	52.392746 	129.630249 	85.088188 	13.152946 	55.731499 	104.201729 	105.095192 	25.806976 	121.433105 	155.794739 	131.228806 	60.008331 	119.406868 	27.784887 	31.240999 	121.671692 	135.694504 	51.429562 	83.000000 	55.946404 	97.867256 	80.099937 	60.166435 	118.456741 	102.004898 	109.224541 	102.122475 	85.866173 	117.613777 	117.209213 	112.147224 	
28.017851 	125.538841 	66.468040 	128.003906 	13.453624 	56.400356 	98.493652 	11.661903 	27.459061 	114.201576 	7.071068 	48.826221 	20.248457 	31.257000 	76.400261 	21.023796 	73.006851 	94.921021 	3.000000 	13.341664 	999.000000 	92.314682 	106.831642 	72.945183 	102.068604 	126.732002 	10.000000 	14.764823 	99.488693 	106.404884 	39.051247 	117.686020 	72.013885 	19.416489 	42.426407 	91.301697 	92.179176 	36.878178 	108.756607 	144.256714 	118.713943 	47.042534 	106.470650 	27.018513 	27.892651 	108.673820 	122.967476 	42.011902 	70.064255 	46.043457 	84.593147 	67.364677 	49.739319 	105.118980 	89.022469 	96.083298 	89.358826 	74.330345 	104.388695 	104.076897 	99.824844 	
103.368271 	49.497475 	26.832815 	44.283180 	79.025314 	36.069378 	16.155495 	96.798759 	73.348480 	32.062439 	93.230896 	43.840622 	72.249565 	119.887444 	16.401220 	72.138756 	20.000000 	4.000000 	94.641426 	104.403069 	92.314682 	999.000000 	15.652476 	21.470911 	10.000000 	37.696156 	84.864601 	106.826965 	7.211102 	14.142136 	59.908264 	25.455845 	28.635643 	111.126053 	60.415230 	17.492855 	18.027756 	129.189789 	21.023796 	52.801514 	28.160255 	65.551506 	24.698177 	110.887329 	107.200745 	27.856777 	34.365681 	93.107468 	62.008064 	91.181137 	50.695168 	66.121101 	88.543777 	49.678970 	63.600315 	60.415230 	69.375786 	84.005951 	59.908264 	64.140472 	82.540901 	
115.974136 	37.696156 	40.459858 	30.066593 	93.434471 	51.088158 	13.038404 	110.602890 	86.284416 	20.124611 	107.298645 	58.898216 	86.977005 	133.454117 	31.906113 	87.045967 	35.510563 	12.206555 	109.041275 	118.562218 	106.831642 	15.652476 	999.000000 	37.121422 	6.082763 	22.135944 	99.764725 	121.165176 	10.049875 	5.000000 	75.471848 	11.704700 	43.965897 	125.865005 	76.059189 	29.068884 	29.154760 	143.683685 	20.518284 	37.536648 	20.880613 	81.154175 	28.017851 	126.210144 	122.641754 	30.610456 	28.460499 	108.747414 	76.419891 	106.775467 	63.285069 	80.752708 	104.062485 	57.697487 	75.802376 	71.309189 	81.743500 	98.325989 	69.079666 	73.736015 	94.148819 	
87.361320 	68.066147 	15.652476 	64.761101 	60.033325 	17.088007 	34.234486 	78.721024 	57.489128 	51.623638 	74.706093 	24.186773 	52.697250 	101.980392 	6.000000 	52.201534 	3.605551 	25.079872 	75.471848 	85.586212 	72.945183 	21.470911 	37.121422 	999.000000 	31.384710 	59.093147 	64.815125 	87.664131 	28.017851 	35.227829 	38.600517 	46.400433 	9.848858 	91.214035 	38.948685 	19.416489 	20.396078 	109.622078 	35.846897 	74.060783 	45.803928 	44.271889 	34.481880 	89.938866 	86.052307 	37.107952 	50.119858 	71.693794 	43.931767 	69.892776 	37.802116 	47.381432 	67.446274 	46.097721 	50.477718 	50.209560 	55.569775 	65.620117 	53.009434 	56.080299 	69.641945 	
112.254173 	43.011627 	36.055511 	36.013885 	88.729927 	45.967381 	13.892444 	106.254410 	82.365044 	25.298222 	102.800781 	53.758720 	82.073135 	129.247818 	26.400757 	82.024384 	30.000000 	7.211102 	104.350372 	114.017540 	102.068604 	10.000000 	6.082763 	31.384710 	999.000000 	28.160255 	94.752312 	116.516090 	4.000000 	4.472136 	69.892776 	15.620500 	37.947330 	120.966934 	70.327805 	23.194826 	23.345236 	138.946030 	17.492855 	42.801868 	21.000000 	75.239616 	24.041630 	120.880104 	117.200684 	26.907248 	28.160255 	102.883430 	70.349129 	100.846420 	57.428215 	74.672615 	98.081596 	52.839378 	70.035706 	65.802734 	75.953934 	92.265923 	63.976559 	68.541962 	88.526833 	
133.221619 	25.238859 	60.440052 	12.727922 	113.278419 	72.111023 	28.284271 	129.495178 	104.350372 	16.278820 	126.574089 	79.881165 	107.298645 	151.855194 	53.665630 	107.615051 	57.245087 	34.014702 	128.763351 	137.887634 	126.732002 	37.696156 	22.135944 	59.093147 	28.160255 	999.000000 	120.253899 	140.730240 	32.015621 	25.317978 	97.128784 	17.464249 	66.098412 	146.000000 	97.943863 	50.249378 	50.159744 	163.379929 	36.674240 	19.313208 	29.966648 	103.247276 	44.911022 	147.299011 	143.961807 	46.572525 	36.055511 	130.782257 	98.152939 	128.875916 	84.005951 	102.591423 	126.194298 	75.186432 	96.083298 	90.669731 	102.078400 	119.941650 	87.097649 	91.983696 	113.745331 	
36.674240 	120.747673 	59.816387 	122.331520 	10.049875 	48.795490 	92.200867 	20.880613 	27.459061 	108.452751 	15.811388 	41.036568 	13.038404 	41.194660 	68.680420 	12.727922 	65.192024 	87.692642 	13.000000 	23.194826 	10.000000 	84.864601 	99.764725 	64.815125 	94.752312 	120.253899 	999.000000 	24.041630 	91.967384 	99.005051 	29.410883 	110.317726 	63.134777 	26.400757 	32.557640 	82.680107 	83.528435 	44.944408 	100.439034 	137.295303 	110.602890 	37.054016 	97.754799 	28.460499 	27.166155 	99.849884 	114.546936 	34.713108 	60.074955 	38.209946 	74.672615 	57.428215 	41.400482 	95.341492 	79.025314 	86.092972 	79.404030 	65.000000 	94.429871 	94.085068 	90.027771 	
25.079872 	138.397980 	80.721741 	141.495590 	27.802877 	71.028160 	112.449989 	13.341664 	38.470768 	127.781059 	14.422205 	63.513779 	34.985710 	18.248287 	91.021973 	35.777088 	87.658424 	109.343498 	12.206555 	4.000000 	14.764823 	106.826965 	121.165176 	87.664131 	116.516090 	140.730240 	24.041630 	999.000000 	114.017540 	120.880104 	53.450912 	132.136292 	86.764046 	9.219544 	56.515484 	106.066017 	106.943909 	22.671568 	123.490891 	158.492905 	133.405396 	60.207973 	121.235306 	24.413111 	28.284271 	123.434196 	137.713470 	49.769470 	83.096329 	54.424259 	98.478424 	80.000000 	58.821766 	119.331474 	102.122475 	109.553642 	102.004898 	84.929382 	118.088951 	117.515953 	111.646767 	
110.494347 	46.840153 	34.000000 	40.012497 	86.214851 	43.185646 	16.278820 	104.009613 	80.498444 	29.120440 	100.439034 	50.931328 	79.397736 	127.094452 	23.345236 	79.246452 	26.907248 	6.000000 	101.828285 	111.606453 	99.488693 	7.211102 	10.049875 	28.017851 	4.000000 	32.015621 	91.967384 	114.017540 	999.000000 	7.211102 	66.610809 	18.439089 	34.176014 	118.258194 	66.887962 	19.235384 	19.416489 	136.359818 	15.811388 	46.043457 	21.377558 	71.589104 	21.400934 	117.796432 	114.017540 	24.413111 	28.017851 	99.282425 	66.370171 	97.169952 	53.460266 	70.710678 	94.339813 	49.396355 	66.098412 	61.983868 	72.006943 	88.277969 	60.373837 	64.884514 	84.646324 	
116.726173 	42.544094 	40.496914 	34.365681 	93.085983 	50.209560 	16.763054 	110.679718 	86.833176 	25.059929 	107.200745 	57.982758 	86.371292 	133.689941 	30.479502 	86.278618 	34.058773 	11.661903 	108.706024 	118.406082 	106.404884 	14.142136 	5.000000 	35.227829 	4.472136 	25.317978 	99.005051 	120.880104 	7.211102 	999.000000 	73.817345 	11.313708 	41.231056 	125.255737 	74.094536 	25.019993 	25.000000 	143.282944 	15.556349 	38.832977 	17.117243 	78.721024 	23.021729 	124.963997 	121.210564 	25.612497 	24.515301 	106.437775 	72.835434 	104.278473 	59.076221 	77.278717 	101.390335 	52.801514 	71.449280 	66.708321 	77.414467 	94.641426 	64.257294 	68.949257 	89.627007 	
61.400326 	102.357216 	39.051247 	101.390335 	29.017237 	25.961510 	70.384659 	48.093658 	37.589893 	87.664131 	43.185646 	19.104973 	21.095022 	70.213959 	43.566040 	19.000000 	39.962482 	63.285069 	41.976185 	52.392746 	39.051247 	59.908264 	75.471848 	38.600517 	69.892776 	97.128784 	29.410883 	53.450912 	66.610809 	73.817345 	999.000000 	85.000000 	34.828148 	55.009090 	5.000000 	54.671749 	55.443665 	73.790245 	72.917763 	112.645462 	83.450584 	14.212670 	69.404610 	51.623638 	47.507893 	71.281136 	86.683334 	35.355339 	34.176014 	35.000000 	46.010868 	33.120991 	34.365681 	66.098412 	52.172791 	58.215118 	53.758720 	46.690472 	66.000000 	66.189125 	66.211784 	
127.534309 	39.824615 	51.613953 	29.068884 	104.350372 	61.522354 	24.186773 	121.827744 	97.754799 	24.413111 	118.406082 	69.296463 	97.672920 	144.779144 	41.773197 	97.590981 	45.343136 	22.803509 	119.970833 	129.630249 	117.686020 	25.455845 	11.704700 	46.400433 	15.620500 	17.464249 	110.317726 	132.136292 	18.439089 	11.313708 	85.000000 	999.000000 	51.884487 	136.561340 	85.146935 	34.205261 	33.955853 	154.563904 	19.235384 	27.784887 	13.453624 	89.470665 	27.459061 	136.235092 	132.438660 	29.120440 	20.615528 	117.239075 	82.225304 	114.934761 	67.186310 	86.833176 	111.892807 	57.723480 	79.000000 	73.334846 	85.000000 	103.754517 	69.634758 	74.525162 	96.420952 	
89.269257 	77.006493 	24.083189 	72.835434 	59.808025 	20.223749 	43.000000 	79.056938 	60.133186 	60.133186 	74.672615 	25.179358 	52.000000 	102.181213 	15.524175 	50.990196 	13.416408 	32.557640 	74.732857 	85.088188 	72.013885 	28.635643 	43.965897 	9.848858 	37.947330 	66.098412 	63.134777 	86.764046 	34.176014 	41.231056 	34.828148 	51.884487 	999.000000 	89.358826 	33.970577 	19.849434 	20.615528 	108.046288 	38.183765 	79.649231 	48.836460 	37.589893 	34.669872 	86.371292 	82.024384 	36.715118 	51.855568 	65.368187 	34.365681 	63.071388 	28.319605 	38.052597 	60.166435 	39.293766 	40.804413 	41.109608 	45.793011 	56.222771 	44.777225 	47.434166 	59.908264 	
34.176014 	144.917221 	85.632935 	147.410995 	32.802441 	75.073296 	117.796432 	22.022715 	45.880280 	133.600143 	21.840330 	67.357254 	38.897301 	23.323807 	95.015785 	39.051247 	91.547798 	113.863953 	17.888544 	13.152946 	19.416489 	111.126053 	125.865005 	91.214035 	120.966934 	146.000000 	26.400757 	9.219544 	118.258194 	125.255737 	55.009090 	136.561340 	89.358826 	999.000000 	57.384666 	109.000000 	109.836243 	18.788294 	126.826653 	163.355438 	137.003647 	59.665737 	124.020157 	16.278820 	21.095022 	126.051575 	140.911316 	45.122055 	82.036575 	50.009998 	98.493652 	78.517517 	54.744862 	119.854080 	100.975243 	108.853111 	100.319489 	81.498466 	117.686020 	116.726173 	109.041275 	
65.764732 	104.345581 	41.303753 	102.786186 	33.241539 	28.160255 	71.784401 	52.000000 	42.544094 	89.185204 	47.010635 	22.090721 	25.495098 	73.681747 	44.283180 	23.194826 	40.718548 	63.953106 	45.398239 	55.731499 	42.426407 	60.415230 	76.059189 	38.948685 	70.327805 	97.943863 	32.557640 	56.515484 	66.887962 	74.094536 	5.000000 	85.146935 	33.970577 	57.384666 	999.000000 	53.740116 	54.451813 	76.157730 	72.138756 	112.898186 	82.807007 	9.433981 	68.117546 	52.630791 	48.104053 	69.814041 	85.632935 	33.241539 	29.410883 	32.249031 	42.190044 	28.178005 	31.016125 	62.817196 	47.675991 	54.037025 	49.040798 	41.773197 	62.072536 	62.032249 	61.326992 	
106.737999 	65.969688 	33.136082 	59.135437 	78.721024 	36.400551 	33.541019 	97.693398 	76.902534 	48.270073 	93.520050 	43.081318 	71.119621 	120.933868 	19.104973 	70.327805 	21.023796 	21.023796 	93.941475 	104.201729 	91.301697 	17.492855 	29.068884 	19.416489 	23.194826 	50.249378 	82.680107 	106.066017 	19.235384 	25.019993 	54.671749 	34.205261 	19.849434 	109.000000 	53.740116 	999.000000 	1.000000 	127.624451 	18.439089 	61.465439 	29.206163 	56.612720 	15.231546 	106.216759 	101.833199 	17.720045 	32.015621 	84.314888 	48.052055 	81.633324 	34.234486 	52.630791 	78.294319 	32.526913 	46.872166 	43.081318 	52.773098 	69.720871 	42.438190 	46.647614 	65.520988 	
107.703293 	66.219330 	34.132095 	59.211487 	79.624115 	37.363083 	34.000000 	98.615417 	77.878113 	48.507732 	94.429871 	44.011364 	72.006943 	121.852371 	20.099751 	71.196907 	22.022715 	21.470911 	94.826157 	105.095192 	92.179176 	18.027756 	29.154760 	20.396078 	23.345236 	50.159744 	83.528435 	106.943909 	19.416489 	25.000000 	55.443665 	33.955853 	20.615528 	109.836243 	54.451813 	1.000000 	999.000000 	128.471786 	17.804493 	61.098282 	28.600698 	57.201397 	14.317822 	106.962608 	102.552429 	16.763054 	31.240999 	84.876381 	48.270073 	82.152298 	34.132095 	52.886673 	78.771820 	31.827662 	46.690472 	42.720020 	52.611786 	69.871307 	41.880783 	46.141087 	65.253349 	
40.311287 	160.897476 	103.276329 	164.149323 	50.249378 	93.236259 	135.103668 	34.985710 	60.745369 	150.445999 	37.013512 	85.603737 	57.008770 	20.223749 	113.229858 	57.428215 	109.808922 	131.795303 	34.655445 	25.806976 	36.878178 	129.189789 	143.683685 	109.622078 	138.946030 	163.379929 	44.944408 	22.671568 	136.359818 	143.282944 	73.790245 	154.563904 	108.046288 	18.788294 	76.157730 	127.624451 	128.471786 	999.000000 	145.340973 	181.069046 	155.425217 	78.160095 	142.688477 	29.154760 	35.128338 	144.754959 	159.477264 	61.032780 	100.224747 	66.030296 	117.046997 	96.509064 	71.007042 	138.513535 	119.050407 	127.121986 	118.088951 	98.005104 	136.062485 	134.937027 	126.099167 	
122.429573 	57.306194 	46.324940 	47.759815 	95.880135 	52.773098 	31.384710 	114.490173 	92.358002 	40.224369 	110.535065 	60.033325 	88.509888 	137.742508 	33.241539 	87.920418 	36.249138 	21.587032 	111.305885 	121.433105 	108.756607 	21.023796 	20.518284 	35.846897 	17.492855 	36.674240 	100.439034 	123.490891 	15.811388 	15.556349 	72.917763 	19.235384 	38.183765 	126.826653 	72.138756 	18.439089 	17.804493 	145.340973 	999.000000 	44.384682 	10.816654 	75.000000 	8.246211 	124.523087 	120.208153 	10.295630 	14.317822 	102.649887 	64.845970 	99.859901 	48.662102 	69.641945 	96.384644 	38.600517 	60.074955 	54.147945 	66.068146 	85.866173 	50.447994 	55.317268 	77.233414 	
151.990128 	39.623226 	77.794601 	27.073973 	130.831955 	88.617157 	46.615448 	147.627914 	122.800652 	35.440090 	144.499130 	96.426140 	124.482933 	170.238068 	69.202599 	124.579292 	72.801102 	49.678970 	146.413803 	155.794739 	144.256714 	52.801514 	37.536648 	74.060783 	42.801868 	19.313208 	137.295303 	158.492905 	46.043457 	38.832977 	112.645462 	27.784887 	79.649231 	163.355438 	112.898186 	61.465439 	61.098282 	181.069046 	44.384682 	999.000000 	34.365681 	117.239075 	51.788029 	163.670395 	160.000000 	52.345009 	37.054016 	145.013794 	109.110039 	142.667450 	92.962357 	113.841995 	139.556442 	80.000000 	103.947105 	97.252251 	109.895409 	130.249756 	92.005432 	97.005157 	120.104118 	
131.308792 	53.263496 	54.781384 	42.190044 	105.688217 	62.433964 	33.734257 	124.036285 	101.237343 	37.643059 	120.220627 	69.892776 	98.473343 	147.248093 	42.544094 	98.005104 	45.793011 	27.294687 	121.202309 	131.228806 	118.713943 	28.160255 	20.880613 	45.803928 	21.000000 	29.966648 	110.602890 	133.405396 	21.377558 	17.117243 	83.450584 	13.453624 	48.836460 	137.003647 	82.807007 	29.206163 	28.600698 	155.425217 	10.816654 	34.365681 	999.000000 	85.802101 	17.464249 	135.074051 	130.831955 	18.027756 	7.615773 	113.463654 	75.392311 	110.675201 	58.694122 	80.230919 	107.186752 	46.270943 	69.584480 	63.031738 	75.538071 	96.166519 	58.309521 	63.285069 	86.000000 	
72.277245 	111.305885 	49.000000 	108.931168 	39.849716 	36.055511 	78.102493 	57.558666 	51.039200 	95.566734 	52.469040 	30.805843 	32.695564 	78.025635 	50.000000 	30.083218 	46.572525 	69.289246 	50.039986 	60.008331 	47.042534 	65.551506 	81.154175 	44.271889 	75.239616 	103.247276 	37.054016 	60.207973 	71.589104 	78.721024 	14.212670 	89.470665 	37.589893 	59.665737 	9.433981 	56.612720 	57.201397 	78.160095 	75.000000 	117.239075 	85.802101 	999.000000 	70.092796 	52.354561 	47.169907 	71.421288 	87.863533 	27.784887 	23.021729 	25.632011 	38.897301 	20.615528 	23.345236 	60.539242 	42.000000 	49.365982 	42.426407 	32.526913 	58.051701 	57.314919 	53.758720 	
121.840057 	65.299309 	47.095646 	55.973209 	93.941475 	51.546097 	37.643059 	112.924751 	91.923882 	48.020828 	108.747414 	58.309521 	86.313385 	136.165344 	33.241539 	85.475143 	35.693138 	26.419689 	109.128365 	119.406868 	106.470650 	24.698177 	28.017851 	34.481880 	24.041630 	44.911022 	97.754799 	121.235306 	21.400934 	23.021729 	69.404610 	27.459061 	34.669872 	124.020157 	68.117546 	15.231546 	14.317822 	142.688477 	8.246211 	51.788029 	17.464249 	70.092796 	999.000000 	120.739388 	116.180893 	3.162278 	17.804493 	97.452553 	58.180752 	94.403389 	41.231056 	63.071388 	90.697296 	30.364452 	52.239830 	46.043457 	58.215118 	78.746429 	42.201897 	47.074409 	69.115845 	
49.244289 	148.976501 	87.132080 	150.083313 	37.854988 	75.213028 	119.570061 	34.785053 	54.147945 	136.191040 	32.557640 	67.424034 	41.231056 	39.408119 	94.493385 	40.249222 	90.906548 	114.017540 	27.294687 	27.784887 	27.018513 	110.887329 	126.210144 	89.938866 	120.880104 	147.299011 	28.460499 	24.413111 	117.796432 	124.963997 	51.623638 	136.235092 	86.371292 	16.278820 	52.630791 	106.216759 	106.962608 	29.154760 	124.523087 	163.670395 	135.074051 	52.354561 	120.739388 	999.000000 	6.000000 	122.441826 	138.191895 	32.015621 	73.054771 	37.013512 	90.873535 	68.963760 	42.047592 	112.729767 	91.482239 	99.929977 	90.027771 	69.028976 	109.110039 	107.563934 	97.329338 	
52.430908 	146.540100 	84.118965 	147.176758 	37.054016 	71.867935 	116.468880 	37.121422 	54.037025 	133.296661 	34.176014 	64.140472 	39.293766 	44.418465 	90.801979 	37.947330 	87.200920 	110.435501 	28.792360 	31.240999 	27.892651 	107.200745 	122.641754 	86.052307 	117.200684 	143.961807 	27.166155 	28.284271 	114.017540 	121.210564 	47.507893 	132.438660 	82.024384 	21.095022 	48.104053 	101.833199 	102.552429 	35.128338 	120.208153 	160.000000 	130.831955 	47.169907 	116.180893 	6.000000 	999.000000 	117.796432 	133.734818 	26.019224 	67.416618 	31.016125 	85.428329 	63.245552 	36.055511 	107.331261 	85.726311 	94.244362 	84.172440 	63.031738 	103.464973 	101.833199 	91.350975 	
124.454811 	67.601776 	50.039986 	57.939625 	96.254868 	54.120235 	40.607880 	115.316956 	94.593872 	50.477718 	111.085556 	60.745369 	88.566360 	138.538803 	36.124783 	87.658424 	38.470768 	29.529646 	111.359779 	121.671692 	108.673820 	27.856777 	30.610456 	37.107952 	26.907248 	46.572525 	99.849884 	123.434196 	24.413111 	25.612497 	71.281136 	29.120440 	36.715118 	126.051575 	69.814041 	17.720045 	16.763054 	144.754959 	10.295630 	52.345009 	18.027756 	71.421288 	3.162278 	122.441826 	117.796432 	999.000000 	17.000000 	98.595131 	58.591808 	95.425362 	41.109608 	63.529522 	91.607857 	28.635643 	51.623638 	45.011108 	57.558666 	78.771820 	40.607880 	45.541191 	68.007355 	
136.704056 	60.141499 	60.440052 	48.600410 	110.145355 	67.082039 	41.231056 	128.798294 	106.625511 	45.000000 	124.823875 	74.303429 	102.727798 	152.052628 	47.539455 	102.083298 	50.566788 	34.014702 	125.538841 	135.694504 	122.967476 	34.365681 	28.460499 	50.119858 	28.160255 	36.055511 	114.546936 	137.713470 	28.017851 	24.515301 	86.683334 	20.615528 	51.855568 	140.911316 	85.632935 	32.015621 	31.240999 	159.477264 	14.317822 	37.054016 	7.615773 	87.863533 	17.804493 	138.191895 	133.734818 	17.000000 	999.000000 	115.256233 	75.591003 	112.200714 	57.939625 	80.529495 	108.466583 	43.046486 	67.911705 	60.671246 	73.756355 	95.634720 	55.009090 	60.008331 	83.294655 	
70.000000 	137.539078 	74.330345 	135.977936 	43.266617 	61.188232 	104.995239 	53.600372 	59.941639 	122.413231 	49.040798 	54.451813 	40.311287 	67.675697 	77.252831 	37.696156 	73.736015 	96.772926 	44.407207 	51.429562 	42.011902 	93.107468 	108.747414 	71.693794 	102.883430 	130.782257 	34.713108 	49.769470 	99.282425 	106.437775 	35.355339 	117.239075 	65.368187 	45.122055 	33.241539 	84.314888 	84.876381 	61.032780 	102.649887 	145.013794 	113.463654 	27.784887 	97.452553 	32.015621 	26.019224 	98.595131 	115.256233 	999.000000 	43.566040 	5.000000 	62.425957 	38.948685 	10.049875 	84.314888 	60.926186 	69.778221 	58.821766 	37.013512 	79.158073 	77.077881 	65.375839 	
94.921021 	111.162041 	55.036350 	106.169678 	62.369865 	44.654228 	77.162170 	80.504662 	71.589104 	94.005318 	75.425461 	43.139309 	54.817879 	101.004951 	49.819675 	52.392746 	47.296936 	66.007576 	73.061615 	83.000000 	70.064255 	62.008064 	76.419891 	43.931767 	70.349129 	98.152939 	60.074955 	83.096329 	66.370171 	72.835434 	34.176014 	82.225304 	34.365681 	82.036575 	29.410883 	48.052055 	48.270073 	100.224747 	64.845970 	109.110039 	75.392311 	23.021729 	58.180752 	73.054771 	67.416618 	58.591808 	75.591003 	43.566040 	999.000000 	39.408119 	19.104973 	5.000000 	34.828148 	40.804413 	19.026299 	26.925823 	19.646883 	22.000000 	36.055511 	34.713108 	32.249031 	
74.060783 	136.499084 	73.552704 	134.480484 	46.227695 	60.406952 	103.580887 	57.688820 	62.433964 	121.037186 	53.009434 	54.037025 	42.544094 	72.422371 	75.584389 	39.824615 	72.124893 	94.921021 	48.548943 	55.946404 	46.043457 	91.181137 	106.775467 	69.892776 	100.846420 	128.875916 	38.209946 	54.424259 	97.169952 	104.278473 	35.000000 	114.934761 	63.071388 	50.009998 	32.249031 	81.633324 	82.152298 	66.030296 	99.859901 	142.667450 	110.675201 	25.632011 	94.403389 	37.013512 	31.016125 	95.425362 	112.200714 	5.000000 	39.408119 	999.000000 	58.412327 	34.669872 	5.099020 	80.212219 	56.364883 	65.299309 	54.083271 	32.015621 	74.706093 	72.498276 	60.406952 	
107.168091 	100.019997 	52.325901 	93.343452 	75.000000 	45.793011 	66.760765 	94.085068 	80.808418 	82.377182 	89.140335 	47.539455 	67.007462 	115.849037 	42.720020 	65.007690 	41.400482 	54.571056 	87.572830 	97.867256 	84.593147 	50.695168 	63.285069 	37.802116 	57.428215 	84.005951 	74.672615 	98.478424 	53.460266 	59.076221 	46.010868 	67.186310 	28.319605 	98.493652 	42.190044 	34.234486 	34.132095 	117.046997 	48.662102 	92.962357 	58.694122 	38.897301 	41.231056 	90.873535 	85.428329 	41.109608 	57.939625 	62.425957 	19.104973 	58.412327 	999.000000 	24.041630 	53.907330 	21.954498 	13.000000 	13.416408 	18.681541 	37.696156 	20.024984 	20.880613 	32.202484 	
92.892410 	115.039124 	57.584721 	110.367569 	60.440052 	46.529560 	81.024689 	78.089691 	70.710678 	98.020409 	72.993149 	44.204071 	53.141319 	98.045906 	53.338543 	50.596443 	50.635956 	70.114189 	70.349129 	80.099937 	67.364677 	66.121101 	80.752708 	47.381432 	74.672615 	102.591423 	57.428215 	80.000000 	70.710678 	77.278717 	33.120991 	86.833176 	38.052597 	78.517517 	28.178005 	52.630791 	52.886673 	96.509064 	69.641945 	113.841995 	80.230919 	20.615528 	63.071388 	68.963760 	63.245552 	63.529522 	80.529495 	38.948685 	5.000000 	34.669872 	24.041630 	999.000000 	30.000000 	45.607018 	22.561028 	31.016125 	22.022715 	18.248287 	40.311287 	38.600517 	33.241539 	
77.698135 	134.647690 	72.111023 	132.185471 	48.795490 	59.033890 	101.414986 	61.400326 	64.404968 	118.878090 	56.603886 	53.084839 	44.407207 	76.922035 	73.246162 	41.617306 	69.856995 	92.347168 	52.354561 	60.166435 	49.739319 	88.543777 	104.062485 	67.446274 	98.081596 	126.194298 	41.400482 	58.821766 	94.339813 	101.390335 	34.365681 	111.892807 	60.166435 	54.744862 	31.016125 	78.294319 	78.771820 	71.007042 	96.384644 	139.556442 	107.186752 	23.345236 	90.697296 	42.047592 	36.055511 	91.607857 	108.466583 	10.049875 	34.828148 	5.099020 	53.907330 	30.000000 	999.000000 	75.604233 	51.429562 	60.415230 	49.040798 	27.000000 	69.835518 	67.542580 	55.326305 	
126.099167 	95.341492 	61.741398 	86.330757 	94.641426 	59.439045 	65.215027 	113.991226 	98.183502 	77.820305 	109.178749 	63.387695 	86.579445 	136.312149 	48.877399 	84.852814 	49.193497 	52.801514 	108.060165 	118.456741 	105.118980 	49.678970 	57.697487 	46.097721 	52.839378 	75.186432 	95.341492 	119.331474 	49.396355 	52.801514 	66.098412 	57.723480 	39.293766 	119.854080 	62.817196 	32.526913 	31.827662 	138.513535 	38.600517 	80.000000 	46.270943 	60.539242 	30.364452 	112.729767 	107.331261 	28.635643 	43.046486 	84.314888 	40.804413 	80.212219 	21.954498 	45.607018 	75.604233 	999.000000 	26.925823 	18.384777 	32.202484 	56.612720 	12.041595 	17.029387 	40.311287 	
113.437210 	112.805145 	64.536812 	105.801704 	80.894997 	56.850681 	79.699432 	99.322708 	88.865067 	95.126228 	94.260277 	57.454330 	73.164200 	120.016663 	55.569775 	70.859016 	54.083271 	67.446274 	92.021736 	102.004898 	89.022469 	63.600315 	75.802376 	50.477718 	70.035706 	96.083298 	79.025314 	102.122475 	66.098412 	71.449280 	52.172791 	79.000000 	40.804413 	100.975243 	47.675991 	46.872166 	46.690472 	119.050407 	60.074955 	103.947105 	69.584480 	42.000000 	52.239830 	91.482239 	85.726311 	51.623638 	67.911705 	60.926186 	19.026299 	56.364883 	13.000000 	22.561028 	51.429562 	26.925823 	999.000000 	9.219544 	6.000000 	29.832869 	18.601076 	16.155495 	19.235384 	
119.603508 	108.811768 	65.192024 	101.000000 	87.206650 	59.169250 	76.557167 	106.018867 	93.861603 	91.093361 	101.004951 	60.926186 	79.309517 	127.251717 	54.671749 	77.162170 	53.758720 	64.078079 	99.080772 	109.224541 	96.083298 	60.415230 	71.309189 	50.209560 	65.802734 	90.669731 	86.092972 	109.553642 	61.983868 	66.708321 	58.215118 	73.334846 	41.109608 	108.853111 	54.037025 	43.081318 	42.720020 	127.121986 	54.147945 	97.252251 	63.031738 	49.365982 	46.043457 	99.929977 	94.244362 	45.011108 	60.671246 	69.778221 	26.925823 	65.299309 	13.416408 	31.016125 	60.415230 	18.384777 	9.219544 	999.000000 	13.892444 	38.948685 	9.433981 	8.000000 	23.086792 	
114.542572 	118.663391 	69.202599 	111.758667 	82.000000 	60.827625 	85.440041 	99.985001 	91.000000 	101.000000 	94.894676 	60.802959 	74.464760 	120.066650 	60.827625 	72.034714 	59.169250 	73.246162 	92.347168 	102.122475 	89.358826 	69.375786 	81.743500 	55.569775 	75.953934 	102.078400 	79.404030 	102.004898 	72.006943 	77.414467 	53.758720 	85.000000 	45.793011 	100.319489 	49.040798 	52.773098 	52.611786 	118.088951 	66.068146 	109.895409 	75.538071 	42.426407 	58.215118 	90.027771 	84.172440 	57.558666 	73.756355 	58.821766 	19.646883 	54.083271 	18.681541 	22.022715 	49.040798 	32.202484 	6.000000 	13.892444 	999.000000 	25.495098 	22.671568 	19.209373 	14.212670 	
101.636604 	133.135269 	75.584389 	128.140549 	70.327805 	64.078079 	99.126183 	85.796272 	83.240616 	116.004311 	80.777473 	60.901562 	64.070274 	103.160072 	71.568146 	61.294373 	68.883957 	88.005684 	77.162170 	85.866173 	74.330345 	84.005951 	98.325989 	65.620117 	92.265923 	119.941650 	65.000000 	84.929382 	88.277969 	94.641426 	46.690472 	103.754517 	56.222771 	81.498466 	41.773197 	69.720871 	69.871307 	98.005104 	85.866173 	130.249756 	96.166519 	32.526913 	78.746429 	69.028976 	63.031738 	78.771820 	95.634720 	37.013512 	22.000000 	32.015621 	37.696156 	18.248287 	27.000000 	56.612720 	29.832869 	38.948685 	25.495098 	999.000000 	48.083260 	44.687805 	28.635643 	
