Total assets = 511
Number of asset nodes = 33

Distance:
999.000000 	46.518814 	10.049875 	40.224369 	72.249565 	9.219544 	19.416489 	26.570660 	52.801514 	18.681541 	57.008770 	17.804493 	98.229324 	13.892444 	53.254108 	14.142136 	24.166092 	74.249580 	26.305893 	83.546394 	72.180328 	22.803509 	35.227829 	17.691807 	92.195442 	31.304953 	54.561890 	42.638012 	65.802734 	24.331051 	86.278618 	29.732138 	35.777088 	45.354160 	43.908997 	89.872131 	43.566040 	70.491135 	46.647614 	31.016125 	27.202942 	65.069191 	47.010635 	27.586229 	68.000000 	
46.518814 	999.000000 	56.080299 	86.452301 	116.516090 	49.729267 	65.551506 	73.006851 	98.792709 	37.054016 	13.928389 	62.968246 	140.716019 	49.648766 	99.478638 	52.952808 	32.062439 	119.201508 	72.111023 	127.781059 	117.413795 	36.055511 	23.769728 	55.578773 	136.029404 	29.120440 	16.031219 	19.849434 	111.830231 	67.911705 	130.873978 	32.984844 	28.635643 	91.416626 	26.907248 	135.000000 	89.185204 	116.846054 	26.907248 	42.449970 	64.124878 	25.495098 	28.319605 	62.008064 	114.490173 	
10.049875 	56.080299 	999.000000 	31.827662 	65.215027 	8.944272 	9.486833 	17.000000 	44.553337 	24.207438 	66.940269 	13.038404 	91.923882 	13.341664 	44.687805 	11.000000 	30.479502 	66.708321 	16.278820 	76.400261 	64.443771 	28.017851 	42.426407 	13.341664 	85.211502 	37.643059 	63.007935 	50.249378 	57.384666 	14.866069 	78.873314 	35.227829 	42.011902 	35.440090 	50.447994 	82.073135 	33.541019 	61.611687 	53.263496 	33.837849 	20.808653 	73.246162 	53.413483 	22.360680 	58.830265 	
40.224369 	86.452301 	31.827662 	999.000000 	34.438351 	40.360870 	23.600847 	16.124516 	12.727922 	55.901699 	95.854057 	23.769728 	61.846584 	43.600460 	13.038404 	40.224369 	62.241467 	35.227829 	20.248457 	45.276924 	32.802441 	59.548298 	74.249580 	40.311287 	54.203320 	69.354164 	94.641426 	82.073135 	25.612497 	28.460499 	47.434166 	66.708321 	73.661385 	16.278820 	82.134033 	50.328918 	18.867962 	30.413813 	84.958817 	63.812225 	40.521599 	104.995239 	85.041168 	43.965897 	28.460499 	
72.249565 	116.516090 	65.215027 	34.438351 	999.000000 	74.060783 	57.801384 	50.537113 	22.803509 	89.403580 	123.975807 	54.488529 	27.513634 	77.698135 	24.331051 	74.431175 	95.603348 	5.385165 	54.625999 	11.313708 	7.071068 	93.230896 	107.298645 	74.706093 	20.000000 	102.800781 	126.574089 	114.865135 	15.811388 	62.769421 	14.422205 	100.439034 	107.200745 	43.185646 	115.602768 	19.313208 	47.265209 	20.808653 	118.406082 	98.112183 	74.672615 	137.207870 	118.600166 	78.185677 	25.059929 	
9.219544 	49.729267 	8.944272 	40.360870 	74.060783 	999.000000 	17.029387 	24.839485 	53.075417 	15.556349 	61.522354 	21.587032 	100.846420 	5.099020 	53.037724 	5.000000 	21.931713 	75.432091 	22.825424 	85.211502 	73.109505 	19.209373 	34.058773 	8.602325 	94.047859 	29.000000 	55.226807 	42.011902 	65.764732 	18.248287 	87.618492 	26.400757 	33.301651 	42.047592 	41.773197 	90.686272 	39.560081 	69.656296 	44.598206 	25.000000 	18.357559 	65.215027 	44.687805 	18.439089 	66.610809 	
19.416489 	65.551506 	9.486833 	23.600847 	57.801384 	17.029387 	999.000000 	7.810250 	36.235340 	32.557640 	76.400261 	12.806249 	84.970581 	20.000000 	36.069378 	16.643316 	38.948685 	58.821766 	7.000000 	68.796799 	56.400356 	36.069378 	51.088158 	17.088007 	77.698135 	45.967381 	72.111023 	59.033890 	48.795490 	9.433981 	71.028160 	43.185646 	50.209560 	25.961510 	58.694122 	73.878281 	24.186773 	52.630791 	61.522354 	40.311287 	20.223749 	82.200974 	61.554855 	23.021729 	49.648766 	
26.570660 	73.006851 	17.000000 	16.124516 	50.537113 	24.839485 	7.810250 	999.000000 	28.600698 	40.360870 	83.522453 	14.866069 	77.878113 	27.658634 	28.319605 	24.207438 	46.754681 	51.312767 	5.099020 	61.400326 	48.826221 	43.840622 	58.898216 	24.186773 	70.327805 	53.758720 	79.881165 	66.843102 	41.036568 	13.038404 	63.513779 	50.931328 	57.982758 	19.104973 	66.468040 	66.219330 	18.110771 	44.821869 	69.296463 	47.707443 	25.179358 	90.000000 	69.310890 	28.442924 	41.880783 	
52.801514 	98.792709 	44.553337 	12.727922 	22.803509 	53.075417 	36.235340 	28.600698 	999.000000 	68.622154 	107.786827 	35.846897 	50.289165 	56.222771 	2.828427 	52.801514 	74.966660 	22.825424 	32.249031 	33.105892 	20.248457 	72.249565 	86.977005 	52.697250 	42.047592 	82.073135 	107.298645 	94.794518 	13.038404 	40.249222 	34.985710 	79.397736 	86.371292 	21.095022 	94.847244 	37.643059 	25.019993 	18.681541 	97.672920 	76.275818 	52.000000 	117.686020 	97.744568 	55.542778 	18.000000 	
18.681541 	37.054016 	24.207438 	55.901699 	89.403580 	15.556349 	32.557640 	40.360870 	68.622154 	999.000000 	50.089920 	35.777088 	115.965515 	13.416408 	68.593002 	17.000000 	6.403124 	90.906548 	38.013157 	100.603180 	88.617157 	4.123106 	18.601076 	18.973665 	109.402924 	13.453624 	40.249222 	26.627054 	81.320351 	32.202484 	103.077644 	11.180340 	17.804493 	56.938564 	26.248810 	106.216759 	54.120235 	85.146935 	29.068884 	13.601471 	27.073973 	49.929951 	29.206163 	25.019993 	82.006096 	
57.008770 	13.928389 	66.940269 	95.854057 	123.975807 	61.522354 	76.400261 	83.522453 	107.786827 	50.089920 	999.000000 	72.090218 	146.863876 	62.072536 	108.747414 	65.192024 	45.541191 	127.094452 	83.198555 	135.092560 	125.538841 	49.497475 	37.696156 	68.066147 	143.003494 	43.011627 	25.238859 	33.286633 	120.747673 	79.762146 	138.397980 	46.840153 	42.544094 	102.357216 	40.224369 	142.888062 	100.439034 	126.210144 	39.824615 	56.320511 	77.006493 	31.048349 	41.231056 	75.106590 	124.233650 	
17.804493 	62.968246 	13.038404 	23.769728 	54.488529 	21.587032 	12.806249 	14.866069 	35.846897 	35.777088 	72.090218 	999.000000 	80.448738 	26.305893 	36.674240 	24.020824 	41.677334 	56.639210 	18.027756 	65.795135 	54.671749 	39.812057 	53.009434 	26.076809 	74.411018 	48.877399 	72.138756 	60.440052 	48.877399 	22.203604 	68.593002 	46.957428 	53.338543 	33.136082 	61.587337 	72.346390 	32.756680 	54.129475 	64.350601 	46.572525 	31.953091 	82.734512 	64.660652 	34.205261 	52.201534 	
98.229324 	140.716019 	91.923882 	61.846584 	27.513634 	100.846420 	84.970581 	77.878113 	50.289165 	115.965515 	146.863876 	80.448738 	999.000000 	104.709122 	51.662365 	101.533249 	122.036880 	28.284271 	82.079231 	18.027756 	31.257000 	119.887444 	133.454117 	101.980392 	10.440307 	129.247818 	151.855194 	140.801285 	41.194660 	90.249657 	18.248287 	127.094452 	133.689941 	70.213959 	142.003525 	21.023796 	74.330345 	43.104523 	144.779144 	125.239769 	102.181213 	162.606888 	145.055161 	105.688217 	48.093658 	
13.892444 	49.648766 	13.341664 	43.600460 	77.698135 	5.099020 	20.000000 	27.658634 	56.222771 	13.416408 	62.072536 	26.305893 	104.709122 	999.000000 	55.973209 	3.605551 	19.723083 	78.816238 	24.839485 	88.752464 	76.400261 	16.401220 	31.906113 	6.000000 	97.637085 	26.400757 	53.665630 	39.962482 	68.680420 	18.788294 	91.021973 	23.345236 	30.479502 	43.566040 	38.948685 	93.861603 	40.706264 	72.180328 	41.773197 	20.615528 	15.524175 	63.285069 	41.725292 	14.764823 	68.883957 	
53.254108 	99.478638 	44.687805 	13.038404 	24.331051 	53.037724 	36.069378 	28.319605 	2.828427 	68.593002 	108.747414 	36.674240 	51.662365 	55.973209 	999.000000 	52.497620 	74.966660 	23.769728 	31.622776 	34.176014 	21.023796 	72.138756 	87.045967 	52.201534 	43.081318 	82.024384 	107.615051 	94.921021 	12.727922 	39.446167 	35.777088 	79.246452 	86.278618 	19.000000 	94.762863 	38.013157 	23.021729 	17.464249 	97.590981 	75.802376 	50.990196 	117.923706 	97.621719 	54.561890 	16.124516 	
14.142136 	52.952808 	11.000000 	40.224369 	74.431175 	5.000000 	16.643316 	24.207438 	52.801514 	17.000000 	65.192024 	24.020824 	101.533249 	3.605551 	52.497620 	999.000000 	23.323807 	75.451973 	21.260292 	85.440041 	73.006851 	20.000000 	35.510563 	3.605551 	94.339813 	30.000000 	57.245087 	43.566040 	65.192024 	15.231546 	87.658424 	26.907248 	34.058773 	39.962482 	42.520584 	90.426765 	37.121422 	68.622154 	45.343136 	23.706539 	13.416408 	66.887962 	45.276924 	13.453624 	65.299309 	
24.166092 	32.062439 	30.479502 	62.241467 	95.603348 	21.931713 	38.948685 	46.754681 	74.966660 	6.403124 	45.541191 	41.677334 	122.036880 	19.723083 	74.966660 	23.323807 	999.000000 	97.185387 	44.407207 	106.826965 	94.921021 	4.000000 	12.206555 	25.079872 	115.602768 	7.211102 	34.014702 	20.248457 	87.692642 	38.470768 	109.343498 	6.000000 	11.661903 	63.285069 	20.000000 	112.538879 	60.415230 	91.547798 	22.803509 	12.727922 	32.557640 	43.566040 	23.021729 	30.149628 	88.408142 	
74.249580 	119.201508 	66.708321 	35.227829 	5.385165 	75.432091 	58.821766 	51.312767 	22.825424 	90.906548 	127.094452 	56.639210 	28.284271 	78.816238 	23.769728 	75.451973 	97.185387 	999.000000 	55.072678 	10.440307 	3.000000 	94.641426 	109.041275 	75.471848 	19.313208 	104.350372 	128.763351 	116.726173 	13.000000 	63.063461 	12.206555 	101.828285 	108.706024 	41.976185 	117.153748 	15.811388 	46.097721 	16.552946 	119.970833 	99.020203 	74.732857 	139.316193 	120.104118 	78.294319 	21.189621 	
26.305893 	72.111023 	16.278820 	20.248457 	54.625999 	22.825424 	7.000000 	5.099020 	32.249031 	38.013157 	83.198555 	18.027756 	82.079231 	24.839485 	31.622776 	21.260292 	44.407207 	55.072678 	999.000000 	65.299309 	52.478565 	41.231056 	56.612720 	20.615528 	74.242844 	51.224995 	78.032043 	64.637451 	44.204071 	8.246211 	67.230942 	48.166378 	55.317268 	19.313208 	63.780876 	69.634758 	17.262676 	47.381432 	66.603302 	44.204071 	20.396078 	87.920418 	66.528191 	23.769728 	44.045429 	
83.546394 	127.781059 	76.400261 	45.276924 	11.313708 	85.211502 	68.796799 	61.400326 	33.105892 	100.603180 	135.092560 	65.795135 	18.027756 	88.752464 	34.176014 	85.440041 	106.826965 	10.440307 	65.299309 	999.000000 	13.341664 	104.403069 	118.562218 	85.586212 	8.944272 	114.017540 	137.887634 	126.150703 	23.194826 	73.348480 	4.000000 	111.606453 	118.406082 	52.392746 	126.822708 	10.049875 	56.515484 	25.317978 	129.630249 	109.077957 	85.088188 	148.519363 	129.807556 	88.639717 	30.265491 	
72.180328 	117.413795 	64.443771 	32.802441 	7.071068 	73.109505 	56.400356 	48.826221 	20.248457 	88.617157 	125.538841 	54.671749 	31.257000 	76.400261 	21.023796 	73.006851 	94.921021 	3.000000 	52.478565 	13.341664 	999.000000 	92.314682 	106.831642 	72.945183 	22.135944 	102.068604 	126.732002 	114.560028 	10.000000 	60.415230 	14.764823 	99.488693 	106.404884 	39.051247 	114.865135 	17.691807 	43.174065 	13.892444 	117.686020 	96.519424 	72.013885 	137.244308 	117.796432 	75.584389 	18.384777 	
22.803509 	36.055511 	28.017851 	59.548298 	93.230896 	19.209373 	36.069378 	43.840622 	72.249565 	4.123106 	49.497475 	39.812057 	119.887444 	16.401220 	72.138756 	20.000000 	4.000000 	94.641426 	41.231056 	104.403069 	92.314682 	999.000000 	15.652476 	21.470911 	113.225441 	10.000000 	37.696156 	23.706539 	84.864601 	34.985710 	106.826965 	7.211102 	14.142136 	59.908264 	22.627417 	109.877205 	56.938564 	88.526833 	25.455845 	10.295630 	28.635643 	47.010635 	25.495098 	26.172504 	85.276024 	
35.227829 	23.769728 	42.426407 	74.249580 	107.298645 	34.058773 	51.088158 	58.898216 	86.977005 	18.601076 	37.696156 	53.009434 	133.454117 	31.906113 	87.045967 	35.510563 	12.206555 	109.041275 	56.612720 	118.562218 	106.831642 	15.652476 	999.000000 	37.121422 	127.283150 	6.082763 	22.135944 	8.062258 	99.764725 	50.606323 	121.165176 	10.049875 	5.000000 	75.471848 	9.219544 	124.482933 	72.560318 	103.711136 	11.704700 	19.104973 	43.965897 	31.384710 	12.369317 	41.231056 	100.603180 	
17.691807 	55.578773 	13.341664 	40.311287 	74.706093 	8.602325 	17.088007 	24.186773 	52.697250 	18.973665 	68.066147 	26.076809 	101.980392 	6.000000 	52.201534 	3.605551 	25.079872 	75.471848 	20.615528 	85.586212 	72.945183 	21.470911 	37.121422 	999.000000 	94.514549 	31.384710 	59.093147 	45.177429 	64.815125 	13.601471 	87.664131 	28.017851 	35.227829 	38.600517 	43.600460 	90.210861 	35.510563 	67.896980 	46.400433 	23.600847 	9.848858 	68.476273 	46.227695 	9.899495 	64.381676 	
92.195442 	136.029404 	85.211502 	54.203320 	20.000000 	94.047859 	77.698135 	70.327805 	42.047592 	109.402924 	143.003494 	74.411018 	10.440307 	97.637085 	43.081318 	94.339813 	115.602768 	19.313208 	74.242844 	8.944272 	22.135944 	113.225441 	127.283150 	94.514549 	999.000000 	122.800652 	146.413803 	134.825821 	31.780497 	82.292160 	8.000000 	120.432556 	127.200630 	61.131008 	135.602356 	10.816654 	65.253349 	33.000000 	138.405197 	117.991524 	94.021271 	157.079605 	138.600143 	97.575615 	38.000000 	
31.304953 	29.120440 	37.643059 	69.354164 	102.800781 	29.000000 	45.967381 	53.758720 	82.073135 	13.453624 	43.011627 	48.877399 	129.247818 	26.400757 	82.024384 	30.000000 	7.211102 	104.350372 	51.224995 	114.017540 	102.068604 	10.000000 	6.082763 	31.384710 	122.800652 	999.000000 	28.160255 	13.928389 	94.752312 	44.944408 	116.516090 	4.000000 	4.472136 	69.892776 	12.806249 	119.670380 	66.887962 	98.493652 	15.620500 	13.341664 	37.947330 	37.121422 	15.811388 	35.171009 	95.268044 	
54.561890 	16.031219 	63.007935 	94.641426 	126.574089 	55.226807 	72.111023 	79.881165 	107.298645 	40.249222 	25.238859 	72.138756 	151.855194 	53.665630 	107.615051 	57.245087 	34.014702 	128.763351 	78.032043 	137.887634 	126.732002 	37.696156 	22.135944 	59.093147 	146.413803 	28.160255 	999.000000 	14.317822 	120.253899 	72.449982 	140.730240 	32.015621 	25.317978 	97.128784 	19.104973 	144.422989 	94.366310 	124.619423 	17.464249 	40.311287 	66.098412 	10.816654 	18.681541 	63.324562 	121.757957 	
42.638012 	19.849434 	50.249378 	82.073135 	114.865135 	42.011902 	59.033890 	66.843102 	94.794518 	26.627054 	33.286633 	60.440052 	140.801285 	39.962482 	94.921021 	43.566040 	20.248457 	116.726173 	64.637451 	126.150703 	114.560028 	23.706539 	8.062258 	45.177429 	134.825821 	13.928389 	14.317822 	999.000000 	107.628990 	58.668560 	128.817703 	17.720045 	11.045361 	83.528435 	7.071068 	132.230865 	80.622574 	111.664673 	7.615773 	26.076809 	51.865211 	23.323807 	8.944272 	49.040798 	108.600182 	
65.802734 	111.830231 	57.384666 	25.612497 	15.811388 	65.764732 	48.795490 	41.036568 	13.038404 	81.320351 	120.747673 	48.877399 	41.194660 	68.680420 	12.727922 	65.192024 	87.692642 	13.000000 	44.204071 	23.194826 	10.000000 	84.864601 	99.764725 	64.815125 	31.780497 	94.752312 	120.253899 	107.628990 	999.000000 	51.865211 	24.041630 	91.967384 	99.005051 	29.410883 	107.489532 	25.553865 	33.526108 	7.280110 	110.317726 	88.408142 	63.134777 	130.598618 	110.344917 	66.730804 	9.899495 	
24.331051 	67.911705 	14.866069 	28.460499 	62.769421 	18.248287 	9.433981 	13.038404 	40.249222 	32.202484 	79.762146 	22.203604 	90.249657 	18.788294 	39.446167 	15.231546 	38.470768 	63.063461 	8.246211 	73.348480 	60.415230 	34.985710 	50.606323 	13.601471 	82.292160 	44.944408 	72.449982 	58.668560 	51.865211 	999.000000 	75.179787 	41.617306 	48.826221 	25.000000 	57.201397 	77.388626 	21.954498 	54.561890 	60.000000 	36.796738 	12.165525 	81.987801 	59.816387 	15.524175 	50.911690 	
86.278618 	130.873978 	78.873314 	47.434166 	14.422205 	87.618492 	71.028160 	63.513779 	34.985710 	103.077644 	138.397980 	68.593002 	18.248287 	91.021973 	35.777088 	87.658424 	109.343498 	12.206555 	67.230942 	4.000000 	14.764823 	106.826965 	121.165176 	87.664131 	8.000000 	116.516090 	140.730240 	128.817703 	24.041630 	75.179787 	999.000000 	114.017540 	120.880104 	53.450912 	129.321304 	6.082763 	57.567352 	25.000000 	132.136292 	111.220505 	86.764046 	151.320847 	132.279999 	90.338257 	30.000000 	
29.732138 	32.984844 	35.227829 	66.708321 	100.439034 	26.400757 	43.185646 	50.931328 	79.397736 	11.180340 	46.840153 	46.957428 	127.094452 	23.345236 	79.246452 	26.907248 	6.000000 	101.828285 	48.166378 	111.606453 	99.488693 	7.211102 	10.049875 	28.017851 	120.432556 	4.000000 	32.015621 	17.720045 	91.967384 	41.617306 	114.017540 	999.000000 	7.211102 	66.610809 	15.620500 	117.034180 	63.513779 	95.524864 	18.439089 	9.486833 	34.176014 	40.718548 	18.384777 	31.320919 	92.195442 	
35.777088 	28.635643 	42.011902 	73.661385 	107.200745 	33.301651 	50.209560 	57.982758 	86.371292 	17.804493 	42.544094 	53.338543 	133.689941 	30.479502 	86.278618 	34.058773 	11.661903 	108.706024 	55.317268 	118.406082 	106.404884 	14.142136 	5.000000 	35.227829 	127.200630 	4.472136 	25.317978 	11.045361 	99.005051 	48.826221 	120.880104 	7.211102 	999.000000 	73.817345 	8.485281 	123.987900 	70.724815 	102.649887 	11.313708 	15.033297 	41.231056 	33.615471 	11.401754 	38.275318 	99.357941 	
45.354160 	91.416626 	35.440090 	16.278820 	43.185646 	42.047592 	25.961510 	19.104973 	21.095022 	56.938564 	102.357216 	33.136082 	70.213959 	43.566040 	19.000000 	39.962482 	63.285069 	41.976185 	19.313208 	52.392746 	39.051247 	59.908264 	75.471848 	38.600517 	61.131008 	69.892776 	97.128784 	83.528435 	29.410883 	25.000000 	53.450912 	66.610809 	73.817345 	999.000000 	82.200974 	54.625999 	4.123106 	30.528675 	85.000000 	61.554855 	34.828148 	106.850365 	84.811554 	38.418747 	26.400757 	
43.908997 	26.907248 	50.447994 	82.134033 	115.602768 	41.773197 	58.694122 	66.468040 	94.847244 	26.248810 	40.224369 	61.587337 	142.003525 	38.948685 	94.762863 	42.520584 	20.000000 	117.153748 	63.780876 	126.822708 	114.865135 	22.627417 	9.219544 	43.600460 	135.602356 	12.806249 	19.104973 	7.071068 	107.489532 	57.201397 	129.321304 	15.620500 	8.485281 	82.200974 	999.000000 	132.457535 	79.056938 	111.126053 	2.828427 	22.135944 	49.193497 	25.961510 	3.162278 	46.097721 	107.814659 	
89.872131 	135.000000 	82.073135 	50.328918 	19.313208 	90.686272 	73.878281 	66.219330 	37.643059 	106.216759 	142.888062 	72.346390 	21.023796 	93.861603 	38.013157 	90.426765 	112.538879 	15.811388 	69.634758 	10.049875 	17.691807 	109.877205 	124.482933 	90.210861 	10.816654 	119.670380 	144.422989 	132.230865 	25.553865 	77.388626 	6.082763 	117.034180 	123.987900 	54.625999 	132.457535 	999.000000 	58.694122 	24.738634 	135.281189 	113.811249 	88.684837 	154.935471 	135.369858 	92.282173 	29.614185 	
43.566040 	89.185204 	33.541019 	18.867962 	47.265209 	39.560081 	24.186773 	18.110771 	25.019993 	54.120235 	100.439034 	32.756680 	74.330345 	40.706264 	23.021729 	37.121422 	60.415230 	46.097721 	17.262676 	56.515484 	43.174065 	56.938564 	72.560318 	35.510563 	65.253349 	66.887962 	94.366310 	80.622574 	33.526108 	21.954498 	57.567352 	63.513779 	70.724815 	4.123106 	79.056938 	58.694122 	999.000000 	34.481880 	81.841309 	58.137768 	31.144823 	103.942291 	81.608826 	34.713108 	30.232433 	
70.491135 	116.846054 	61.611687 	30.413813 	20.808653 	69.656296 	52.630791 	44.821869 	18.681541 	85.146935 	126.210144 	54.129475 	43.104523 	72.180328 	17.464249 	68.622154 	91.547798 	16.552946 	47.381432 	25.317978 	13.892444 	88.526833 	103.711136 	67.896980 	33.000000 	98.493652 	124.619423 	111.664673 	7.280110 	54.561890 	25.000000 	95.524864 	102.649887 	30.528675 	111.126053 	24.738634 	34.481880 	999.000000 	113.951744 	91.350975 	65.215027 	134.807266 	113.899078 	68.818604 	5.000000 	
46.647614 	26.907248 	53.263496 	84.958817 	118.406082 	44.598206 	61.522354 	69.296463 	97.672920 	29.068884 	39.824615 	64.350601 	144.779144 	41.773197 	97.590981 	45.343136 	22.803509 	119.970833 	66.603302 	129.630249 	117.686020 	25.455845 	11.704700 	46.400433 	138.405197 	15.620500 	17.464249 	7.615773 	110.317726 	60.000000 	132.136292 	18.439089 	11.313708 	85.000000 	2.828427 	135.281189 	81.841309 	113.951744 	999.000000 	24.698177 	51.884487 	23.537205 	1.414214 	48.754486 	110.634537 	
31.016125 	42.449970 	33.837849 	63.812225 	98.112183 	25.000000 	40.311287 	47.707443 	76.275818 	13.601471 	56.320511 	46.572525 	125.239769 	20.615528 	75.802376 	23.706539 	12.727922 	99.020203 	44.204071 	109.077957 	96.519424 	10.295630 	19.104973 	23.600847 	117.991524 	13.341664 	40.311287 	26.076809 	88.408142 	36.796738 	111.220505 	9.486833 	15.033297 	61.554855 	22.135944 	113.811249 	58.137768 	91.350975 	24.698177 	999.000000 	27.459061 	48.083260 	24.166092 	24.186773 	87.692642 	
27.202942 	64.124878 	20.808653 	40.521599 	74.672615 	18.357559 	20.223749 	25.179358 	52.000000 	27.073973 	77.006493 	31.953091 	102.181213 	15.524175 	50.990196 	13.416408 	32.557640 	74.732857 	20.396078 	85.088188 	72.013885 	28.635643 	43.965897 	9.848858 	94.021271 	37.947330 	66.098412 	51.865211 	63.134777 	12.165525 	86.764046 	34.176014 	41.231056 	34.828148 	49.193497 	88.684837 	31.144823 	65.215027 	51.884487 	27.459061 	999.000000 	74.846512 	51.478149 	3.605551 	61.220913 	
65.069191 	25.495098 	73.246162 	104.995239 	137.207870 	65.215027 	82.200974 	90.000000 	117.686020 	49.929951 	31.048349 	82.734512 	162.606888 	63.285069 	117.923706 	66.887962 	43.566040 	139.316193 	87.920418 	148.519363 	137.244308 	47.010635 	31.384710 	68.476273 	157.079605 	37.121422 	10.816654 	23.323807 	130.598618 	81.987801 	151.320847 	40.718548 	33.615471 	106.850365 	25.961510 	154.935471 	103.942291 	134.807266 	23.537205 	48.083260 	74.846512 	999.000000 	24.331051 	71.867935 	131.825638 	
47.010635 	28.319605 	53.413483 	85.041168 	118.600166 	44.687805 	61.554855 	69.310890 	97.744568 	29.206163 	41.231056 	64.660652 	145.055161 	41.725292 	97.621719 	45.276924 	23.021729 	120.104118 	66.528191 	129.807556 	117.796432 	25.495098 	12.369317 	46.227695 	138.600143 	15.811388 	18.681541 	8.944272 	110.344917 	59.816387 	132.279999 	18.384777 	11.401754 	84.811554 	3.162278 	135.369858 	81.608826 	113.899078 	1.414214 	24.166092 	51.478149 	24.331051 	999.000000 	48.301140 	110.535065 	
27.586229 	62.008064 	22.360680 	43.965897 	78.185677 	18.439089 	23.021729 	28.442924 	55.542778 	25.019993 	75.106590 	34.205261 	105.688217 	14.764823 	54.561890 	13.453624 	30.149628 	78.294319 	23.769728 	88.639717 	75.584389 	26.172504 	41.231056 	9.899495 	97.575615 	35.171009 	63.324562 	49.040798 	66.730804 	15.524175 	90.338257 	31.320919 	38.275318 	38.418747 	46.097721 	92.282173 	34.713108 	68.818604 	48.754486 	24.186773 	3.605551 	71.867935 	48.301140 	999.000000 	64.815125 	
68.000000 	114.490173 	58.830265 	28.460499 	25.059929 	66.610809 	49.648766 	41.880783 	18.000000 	82.006096 	124.233650 	52.201534 	48.093658 	68.883957 	16.124516 	65.299309 	88.408142 	21.189621 	44.045429 	30.265491 	18.384777 	85.276024 	100.603180 	64.381676 	38.000000 	95.268044 	121.757957 	108.600182 	9.899495 	50.911690 	30.000000 	92.195442 	99.357941 	26.400757 	107.814659 	29.614185 	30.232433 	5.000000 	110.634537 	87.692642 	61.220913 	131.825638 	110.535065 	64.815125 	999.000000 	

Travel time:
9.000000 	1.162970 	0.251247 	1.005609 	1.806239 	0.230489 	0.485412 	0.664266 	1.320038 	0.467039 	1.425219 	0.445112 	2.455733 	0.347311 	1.331353 	0.353553 	0.604152 	1.856240 	0.657647 	2.088660 	1.804508 	0.570088 	0.880696 	0.442295 	2.304886 	0.782624 	1.364047 	1.065950 	1.645068 	0.608276 	2.156965 	0.743303 	0.894427 	1.133854 	1.097725 	2.246803 	1.089151 	1.762278 	1.166190 	0.775403 	0.680074 	1.626730 	1.175266 	0.689656 	1.700000 	
1.162970 	9.000000 	1.402007 	2.161308 	2.912902 	1.243232 	1.638788 	1.825171 	2.469818 	0.926350 	0.348210 	1.574206 	3.517900 	1.241219 	2.486966 	1.323820 	0.801561 	2.980038 	1.802776 	3.194526 	2.935345 	0.901388 	0.594243 	1.389469 	3.400735 	0.728011 	0.400780 	0.496236 	2.795756 	1.697793 	3.271849 	0.824621 	0.715891 	2.285416 	0.672681 	3.375000 	2.229630 	2.921151 	0.672681 	1.061249 	1.603122 	0.637377 	0.707990 	1.550202 	2.862254 	
0.251247 	1.402007 	9.000000 	0.795692 	1.630376 	0.223607 	0.237171 	0.425000 	1.113833 	0.605186 	1.673507 	0.325960 	2.298097 	0.333542 	1.117195 	0.275000 	0.761988 	1.667708 	0.406971 	1.910007 	1.611094 	0.700446 	1.060660 	0.333542 	2.130288 	0.941076 	1.575198 	1.256234 	1.434617 	0.371652 	1.971833 	0.880696 	1.050297 	0.886002 	1.261200 	2.051828 	0.838525 	1.540292 	1.331587 	0.845946 	0.520216 	1.831154 	1.335337 	0.559017 	1.470757 	
1.005609 	2.161308 	0.795692 	9.000000 	0.860959 	1.009022 	0.590021 	0.403113 	0.318198 	1.397542 	2.396351 	0.594243 	1.546165 	1.090011 	0.325960 	1.005609 	1.556037 	0.880696 	0.506211 	1.131923 	0.820061 	1.488707 	1.856240 	1.007782 	1.355083 	1.733854 	2.366036 	2.051828 	0.640312 	0.711512 	1.185854 	1.667708 	1.841535 	0.406971 	2.053351 	1.258223 	0.471699 	0.760345 	2.123971 	1.595306 	1.013040 	2.624881 	2.126029 	1.099147 	0.711512 	
1.806239 	2.912902 	1.630376 	0.860959 	9.000000 	1.851520 	1.445035 	1.263428 	0.570088 	2.235090 	3.099395 	1.362213 	0.687841 	1.942453 	0.608276 	1.860779 	2.390084 	0.134629 	1.365650 	0.282843 	0.176777 	2.330772 	2.682466 	1.867652 	0.500000 	2.570019 	3.164352 	2.871628 	0.395285 	1.569236 	0.360555 	2.510976 	2.680019 	1.079641 	2.890069 	0.482830 	1.181630 	0.520216 	2.960152 	2.452805 	1.866815 	3.430197 	2.965004 	1.954642 	0.626498 	
0.230489 	1.243232 	0.223607 	1.009022 	1.851520 	9.000000 	0.425735 	0.620987 	1.326885 	0.388909 	1.538059 	0.539676 	2.521161 	0.127475 	1.325943 	0.125000 	0.548293 	1.885802 	0.570636 	2.130288 	1.827738 	0.480234 	0.851469 	0.215058 	2.351197 	0.725000 	1.380670 	1.050297 	1.644118 	0.456207 	2.190462 	0.660019 	0.832541 	1.051190 	1.044330 	2.267157 	0.989002 	1.741407 	1.114955 	0.625000 	0.458939 	1.630376 	1.117195 	0.460977 	1.665270 	
0.485412 	1.638788 	0.237171 	0.590021 	1.445035 	0.425735 	9.000000 	0.195256 	0.905883 	0.813941 	1.910007 	0.320156 	2.124264 	0.500000 	0.901734 	0.416083 	0.973717 	1.470544 	0.175000 	1.719920 	1.410009 	0.901734 	1.277204 	0.427200 	1.942453 	1.149184 	1.802776 	1.475847 	1.219887 	0.235850 	1.775704 	1.079641 	1.255239 	0.649038 	1.467353 	1.846957 	0.604669 	1.315770 	1.538059 	1.007782 	0.505594 	2.055024 	1.538871 	0.575543 	1.241219 	
0.664266 	1.825171 	0.425000 	0.403113 	1.263428 	0.620987 	0.195256 	9.000000 	0.715017 	1.009022 	2.088061 	0.371652 	1.946953 	0.691466 	0.707990 	0.605186 	1.168867 	1.282819 	0.127475 	1.535008 	1.220656 	1.096016 	1.472455 	0.604669 	1.758195 	1.343968 	1.997029 	1.671077 	1.025914 	0.325960 	1.587844 	1.273283 	1.449569 	0.477624 	1.661701 	1.655483 	0.452769 	1.120547 	1.732412 	1.192686 	0.629484 	2.250000 	1.732772 	0.711073 	1.047020 	
1.320038 	2.469818 	1.113833 	0.318198 	0.570088 	1.326885 	0.905883 	0.715017 	9.000000 	1.715554 	2.694671 	0.896172 	1.257229 	1.405569 	0.070711 	1.320038 	1.874166 	0.570636 	0.806226 	0.827647 	0.506211 	1.806239 	2.174425 	1.317431 	1.051190 	2.051828 	2.682466 	2.369863 	0.325960 	1.006231 	0.874643 	1.984943 	2.159282 	0.527376 	2.371181 	0.941076 	0.625500 	0.467039 	2.441823 	1.906895 	1.300000 	2.942151 	2.443614 	1.388569 	0.450000 	
0.467039 	0.926350 	0.605186 	1.397542 	2.235090 	0.388909 	0.813941 	1.009022 	1.715554 	9.000000 	1.252248 	0.894427 	2.899138 	0.335410 	1.714825 	0.425000 	0.160078 	2.272664 	0.950329 	2.515079 	2.215429 	0.103078 	0.465027 	0.474342 	2.735073 	0.336341 	1.006231 	0.665676 	2.033009 	0.805062 	2.576941 	0.279509 	0.445112 	1.423464 	0.656220 	2.655419 	1.353006 	2.128673 	0.726722 	0.340037 	0.676849 	1.248249 	0.730154 	0.625500 	2.050152 	
1.425219 	0.348210 	1.673507 	2.396351 	3.099395 	1.538059 	1.910007 	2.088061 	2.694671 	1.252248 	9.000000 	1.802255 	3.671597 	1.551813 	2.718685 	1.629801 	1.138530 	3.177361 	2.079964 	3.377314 	3.138471 	1.237437 	0.942404 	1.701654 	3.575087 	1.075291 	0.630971 	0.832166 	3.018692 	1.994054 	3.459949 	1.171004 	1.063602 	2.558930 	1.005609 	3.572201 	2.510976 	3.155254 	0.995615 	1.408013 	1.925162 	0.776209 	1.030776 	1.877665 	3.105841 	
0.445112 	1.574206 	0.325960 	0.594243 	1.362213 	0.539676 	0.320156 	0.371652 	0.896172 	0.894427 	1.802255 	9.000000 	2.011219 	0.657647 	0.916856 	0.600521 	1.041933 	1.415980 	0.450694 	1.644878 	1.366794 	0.995301 	1.325236 	0.651920 	1.860276 	1.221935 	1.803469 	1.511001 	1.221935 	0.555090 	1.714825 	1.173936 	1.333464 	0.828402 	1.539683 	1.808660 	0.818917 	1.353237 	1.608765 	1.164313 	0.798827 	2.068363 	1.616516 	0.855132 	1.305038 	
2.455733 	3.517900 	2.298097 	1.546165 	0.687841 	2.521161 	2.124264 	1.946953 	1.257229 	2.899138 	3.671597 	2.011219 	9.000000 	2.617728 	1.291559 	2.538331 	3.050922 	0.707107 	2.051981 	0.450694 	0.781425 	2.997186 	3.336353 	2.549510 	0.261008 	3.231195 	3.796380 	3.520032 	1.029866 	2.256241 	0.456207 	3.177361 	3.342248 	1.755349 	3.550088 	0.525595 	1.858259 	1.077613 	3.619479 	3.130994 	2.554530 	4.065172 	3.626379 	2.642205 	1.202341 	
0.347311 	1.241219 	0.333542 	1.090011 	1.942453 	0.127475 	0.500000 	0.691466 	1.405569 	0.335410 	1.551813 	0.657647 	2.617728 	9.000000 	1.399330 	0.090139 	0.493077 	1.970406 	0.620987 	2.218812 	1.910007 	0.410031 	0.797653 	0.150000 	2.440927 	0.660019 	1.341641 	0.999062 	1.717010 	0.469707 	2.275549 	0.583631 	0.761988 	1.089151 	0.973717 	2.346540 	1.017657 	1.804508 	1.044330 	0.515388 	0.388104 	1.582127 	1.043132 	0.369121 	1.722099 	
1.331353 	2.486966 	1.117195 	0.325960 	0.608276 	1.325943 	0.901734 	0.707990 	0.070711 	1.714825 	2.718685 	0.916856 	1.291559 	1.399330 	9.000000 	1.312441 	1.874166 	0.594243 	0.790569 	0.854400 	0.525595 	1.803469 	2.176149 	1.305038 	1.077033 	2.050610 	2.690376 	2.373025 	0.318198 	0.986154 	0.894427 	1.981161 	2.156965 	0.475000 	2.369071 	0.950329 	0.575543 	0.436606 	2.439775 	1.895059 	1.274755 	2.948093 	2.440543 	1.364047 	0.403113 	
0.353553 	1.323820 	0.275000 	1.005609 	1.860779 	0.125000 	0.416083 	0.605186 	1.320038 	0.425000 	1.629801 	0.600521 	2.538331 	0.090139 	1.312441 	9.000000 	0.583095 	1.886299 	0.531507 	2.136001 	1.825171 	0.500000 	0.887764 	0.090139 	2.358495 	0.750000 	1.431127 	1.089151 	1.629801 	0.380789 	2.191461 	0.672681 	0.851469 	0.999062 	1.063015 	2.260669 	0.928036 	1.715554 	1.133578 	0.592663 	0.335410 	1.672199 	1.131923 	0.336341 	1.632483 	
0.604152 	0.801561 	0.761988 	1.556037 	2.390084 	0.548293 	0.973717 	1.168867 	1.874166 	0.160078 	1.138530 	1.041933 	3.050922 	0.493077 	1.874166 	0.583095 	9.000000 	2.429635 	1.110180 	2.670674 	2.373025 	0.100000 	0.305164 	0.626997 	2.890069 	0.180278 	0.850368 	0.506211 	2.192316 	0.961769 	2.733588 	0.150000 	0.291548 	1.582127 	0.500000 	2.813472 	1.510381 	2.288695 	0.570088 	0.318198 	0.813941 	1.089151 	0.575543 	0.753741 	2.210204 	
1.856240 	2.980038 	1.667708 	0.880696 	0.134629 	1.885802 	1.470544 	1.282819 	0.570636 	2.272664 	3.177361 	1.415980 	0.707107 	1.970406 	0.594243 	1.886299 	2.429635 	9.000000 	1.376817 	0.261008 	0.075000 	2.366036 	2.726032 	1.886796 	0.482830 	2.608759 	3.219084 	2.918154 	0.325000 	1.576586 	0.305164 	2.545707 	2.717651 	1.049405 	2.928844 	0.395285 	1.152443 	0.413824 	2.999271 	2.475505 	1.868321 	3.482905 	3.002603 	1.957358 	0.529741 	
0.657647 	1.802776 	0.406971 	0.506211 	1.365650 	0.570636 	0.175000 	0.127475 	0.806226 	0.950329 	2.079964 	0.450694 	2.051981 	0.620987 	0.790569 	0.531507 	1.110180 	1.376817 	9.000000 	1.632483 	1.311964 	1.030776 	1.415318 	0.515388 	1.856071 	1.280625 	1.950801 	1.615936 	1.105102 	0.206155 	1.680773 	1.204159 	1.382932 	0.482830 	1.594522 	1.740869 	0.431567 	1.184536 	1.665083 	1.105102 	0.509902 	2.198010 	1.663205 	0.594243 	1.101136 	
2.088660 	3.194526 	1.910007 	1.131923 	0.282843 	2.130288 	1.719920 	1.535008 	0.827647 	2.515079 	3.377314 	1.644878 	0.450694 	2.218812 	0.854400 	2.136001 	2.670674 	0.261008 	1.632483 	9.000000 	0.333542 	2.610077 	2.964056 	2.139655 	0.223607 	2.850439 	3.447191 	3.153768 	0.579871 	1.833712 	0.100000 	2.790161 	2.960152 	1.309819 	3.170568 	0.251247 	1.412887 	0.632949 	3.240756 	2.726949 	2.127205 	3.712984 	3.245189 	2.215993 	0.756637 	
1.804508 	2.935345 	1.611094 	0.820061 	0.176777 	1.827738 	1.410009 	1.220656 	0.506211 	2.215429 	3.138471 	1.366794 	0.781425 	1.910007 	0.525595 	1.825171 	2.373025 	0.075000 	1.311964 	0.333542 	9.000000 	2.307867 	2.670791 	1.823630 	0.553399 	2.551715 	3.168300 	2.864001 	0.250000 	1.510381 	0.369121 	2.487217 	2.660122 	0.976281 	2.871628 	0.442295 	1.079352 	0.347311 	2.942151 	2.412986 	1.800347 	3.431108 	2.944911 	1.889610 	0.459619 	
0.570088 	0.901388 	0.700446 	1.488707 	2.330772 	0.480234 	0.901734 	1.096016 	1.806239 	0.103078 	1.237437 	0.995301 	2.997186 	0.410031 	1.803469 	0.500000 	0.100000 	2.366036 	1.030776 	2.610077 	2.307867 	9.000000 	0.391312 	0.536773 	2.830636 	0.250000 	0.942404 	0.592663 	2.121615 	0.874643 	2.670674 	0.180278 	0.353553 	1.497707 	0.565685 	2.746930 	1.423464 	2.213171 	0.636396 	0.257391 	0.715891 	1.175266 	0.637377 	0.654313 	2.131901 	
0.880696 	0.594243 	1.060660 	1.856240 	2.682466 	0.851469 	1.277204 	1.472455 	2.174425 	0.465027 	0.942404 	1.325236 	3.336353 	0.797653 	2.176149 	0.887764 	0.305164 	2.726032 	1.415318 	2.964056 	2.670791 	0.391312 	9.000000 	0.928036 	3.182079 	0.152069 	0.553399 	0.201556 	2.494118 	1.265158 	3.029130 	0.251247 	0.125000 	1.886796 	0.230489 	3.112073 	1.814008 	2.592778 	0.292617 	0.477624 	1.099147 	0.784618 	0.309233 	1.030776 	2.515079 	
0.442295 	1.389469 	0.333542 	1.007782 	1.867652 	0.215058 	0.427200 	0.604669 	1.317431 	0.474342 	1.701654 	0.651920 	2.549510 	0.150000 	1.305038 	0.090139 	0.626997 	1.886796 	0.515388 	2.139655 	1.823630 	0.536773 	0.928036 	9.000000 	2.362864 	0.784618 	1.477329 	1.129436 	1.620378 	0.340037 	2.191603 	0.700446 	0.880696 	0.965013 	1.090011 	2.255271 	0.887764 	1.697425 	1.160011 	0.590021 	0.246221 	1.711907 	1.155692 	0.247487 	1.609542 	
2.304886 	3.400735 	2.130288 	1.355083 	0.500000 	2.351197 	1.942453 	1.758195 	1.051190 	2.735073 	3.575087 	1.860276 	0.261008 	2.440927 	1.077033 	2.358495 	2.890069 	0.482830 	1.856071 	0.223607 	0.553399 	2.830636 	3.182079 	2.362864 	9.000000 	3.070016 	3.660345 	3.370646 	0.794512 	2.057304 	0.200000 	3.010814 	3.180016 	1.528275 	3.390059 	0.270416 	1.631334 	0.825000 	3.460130 	2.949788 	2.350532 	3.926990 	3.465003 	2.439390 	0.950000 	
0.782624 	0.728011 	0.941076 	1.733854 	2.570019 	0.725000 	1.149184 	1.343968 	2.051828 	0.336341 	1.075291 	1.221935 	3.231195 	0.660019 	2.050610 	0.750000 	0.180278 	2.608759 	1.280625 	2.850439 	2.551715 	0.250000 	0.152069 	0.784618 	3.070016 	9.000000 	0.704006 	0.348210 	2.368808 	1.123610 	2.912902 	0.100000 	0.111803 	1.747319 	0.320156 	2.991760 	1.672199 	2.462341 	0.390512 	0.333542 	0.948683 	0.928036 	0.395285 	0.879275 	2.381701 	
1.364047 	0.400780 	1.575198 	2.366036 	3.164352 	1.380670 	1.802776 	1.997029 	2.682466 	1.006231 	0.630971 	1.803469 	3.796380 	1.341641 	2.690376 	1.431127 	0.850368 	3.219084 	1.950801 	3.447191 	3.168300 	0.942404 	0.553399 	1.477329 	3.660345 	0.704006 	9.000000 	0.357946 	3.006347 	1.811249 	3.518256 	0.800391 	0.632949 	2.428220 	0.477624 	3.610575 	2.359158 	3.115486 	0.436606 	1.007782 	1.652460 	0.270416 	0.467039 	1.583114 	3.043949 	
1.065950 	0.496236 	1.256234 	2.051828 	2.871628 	1.050297 	1.475847 	1.671077 	2.369863 	0.665676 	0.832166 	1.511001 	3.520032 	0.999062 	2.373025 	1.089151 	0.506211 	2.918154 	1.615936 	3.153768 	2.864001 	0.592663 	0.201556 	1.129436 	3.370646 	0.348210 	0.357946 	9.000000 	2.690725 	1.466714 	3.220443 	0.443001 	0.276134 	2.088211 	0.176777 	3.305772 	2.015564 	2.791617 	0.190394 	0.651920 	1.296630 	0.583095 	0.223607 	1.226020 	2.715004 	
1.645068 	2.795756 	1.434617 	0.640312 	0.395285 	1.644118 	1.219887 	1.025914 	0.325960 	2.033009 	3.018692 	1.221935 	1.029866 	1.717010 	0.318198 	1.629801 	2.192316 	0.325000 	1.105102 	0.579871 	0.250000 	2.121615 	2.494118 	1.620378 	0.794512 	2.368808 	3.006347 	2.690725 	9.000000 	1.296630 	0.601041 	2.299185 	2.475126 	0.735272 	2.687238 	0.638847 	0.838153 	0.182003 	2.757943 	2.210204 	1.578369 	3.264966 	2.758623 	1.668270 	0.247487 	
0.608276 	1.697793 	0.371652 	0.711512 	1.569236 	0.456207 	0.235850 	0.325960 	1.006231 	0.805062 	1.994054 	0.555090 	2.256241 	0.469707 	0.986154 	0.380789 	0.961769 	1.576586 	0.206155 	1.833712 	1.510381 	0.874643 	1.265158 	0.340037 	2.057304 	1.123610 	1.811249 	1.466714 	1.296630 	9.000000 	1.879495 	1.040433 	1.220656 	0.625000 	1.430035 	1.934716 	0.548862 	1.364047 	1.500000 	0.919918 	0.304138 	2.049695 	1.495410 	0.388104 	1.272792 	
2.156965 	3.271849 	1.971833 	1.185854 	0.360555 	2.190462 	1.775704 	1.587844 	0.874643 	2.576941 	3.459949 	1.714825 	0.456207 	2.275549 	0.894427 	2.191461 	2.733588 	0.305164 	1.680773 	0.100000 	0.369121 	2.670674 	3.029130 	2.191603 	0.200000 	2.912902 	3.518256 	3.220443 	0.601041 	1.879495 	9.000000 	2.850439 	3.022003 	1.336273 	3.233033 	0.152069 	1.439184 	0.625000 	3.303407 	2.780513 	2.169101 	3.783021 	3.307000 	2.258456 	0.750000 	
0.743303 	0.824621 	0.880696 	1.667708 	2.510976 	0.660019 	1.079641 	1.273283 	1.984943 	0.279509 	1.171004 	1.173936 	3.177361 	0.583631 	1.981161 	0.672681 	0.150000 	2.545707 	1.204159 	2.790161 	2.487217 	0.180278 	0.251247 	0.700446 	3.010814 	0.100000 	0.800391 	0.443001 	2.299185 	1.040433 	2.850439 	9.000000 	0.180278 	1.665270 	0.390512 	2.925854 	1.587844 	2.388122 	0.460977 	0.237171 	0.854400 	1.017964 	0.459619 	0.783023 	2.304886 	
0.894427 	0.715891 	1.050297 	1.841535 	2.680019 	0.832541 	1.255239 	1.449569 	2.159282 	0.445112 	1.063602 	1.333464 	3.342248 	0.761988 	2.156965 	0.851469 	0.291548 	2.717651 	1.382932 	2.960152 	2.660122 	0.353553 	0.125000 	0.880696 	3.180016 	0.111803 	0.632949 	0.276134 	2.475126 	1.220656 	3.022003 	0.180278 	9.000000 	1.845434 	0.212132 	3.099698 	1.768120 	2.566247 	0.282843 	0.375832 	1.030776 	0.840387 	0.285044 	0.956883 	2.483948 	
1.133854 	2.285416 	0.886002 	0.406971 	1.079641 	1.051190 	0.649038 	0.477624 	0.527376 	1.423464 	2.558930 	0.828402 	1.755349 	1.089151 	0.475000 	0.999062 	1.582127 	1.049405 	0.482830 	1.309819 	0.976281 	1.497707 	1.886796 	0.965013 	1.528275 	1.747319 	2.428220 	2.088211 	0.735272 	0.625000 	1.336273 	1.665270 	1.845434 	9.000000 	2.055024 	1.365650 	0.103078 	0.763217 	2.125000 	1.538871 	0.870704 	2.671259 	2.120289 	0.960469 	0.660019 	
1.097725 	0.672681 	1.261200 	2.053351 	2.890069 	1.044330 	1.467353 	1.661701 	2.371181 	0.656220 	1.005609 	1.539683 	3.550088 	0.973717 	2.369071 	1.063015 	0.500000 	2.928844 	1.594522 	3.170568 	2.871628 	0.565685 	0.230489 	1.090011 	3.390059 	0.320156 	0.477624 	0.176777 	2.687238 	1.430035 	3.233033 	0.390512 	0.212132 	2.055024 	9.000000 	3.311438 	1.976424 	2.778151 	0.070711 	0.553399 	1.229837 	0.649038 	0.079057 	1.152443 	2.695366 	
2.246803 	3.375000 	2.051828 	1.258223 	0.482830 	2.267157 	1.846957 	1.655483 	0.941076 	2.655419 	3.572201 	1.808660 	0.525595 	2.346540 	0.950329 	2.260669 	2.813472 	0.395285 	1.740869 	0.251247 	0.442295 	2.746930 	3.112073 	2.255271 	0.270416 	2.991760 	3.610575 	3.305772 	0.638847 	1.934716 	0.152069 	2.925854 	3.099698 	1.365650 	3.311438 	9.000000 	1.467353 	0.618466 	3.382030 	2.845281 	2.217121 	3.873387 	3.384246 	2.307054 	0.740355 	
1.089151 	2.229630 	0.838525 	0.471699 	1.181630 	0.989002 	0.604669 	0.452769 	0.625500 	1.353006 	2.510976 	0.818917 	1.858259 	1.017657 	0.575543 	0.928036 	1.510381 	1.152443 	0.431567 	1.412887 	1.079352 	1.423464 	1.814008 	0.887764 	1.631334 	1.672199 	2.359158 	2.015564 	0.838153 	0.548862 	1.439184 	1.587844 	1.768120 	0.103078 	1.976424 	1.467353 	9.000000 	0.862047 	2.046033 	1.453444 	0.778621 	2.598557 	2.040221 	0.867828 	0.755811 	
1.762278 	2.921151 	1.540292 	0.760345 	0.520216 	1.741407 	1.315770 	1.120547 	0.467039 	2.128673 	3.155254 	1.353237 	1.077613 	1.804508 	0.436606 	1.715554 	2.288695 	0.413824 	1.184536 	0.632949 	0.347311 	2.213171 	2.592778 	1.697425 	0.825000 	2.462341 	3.115486 	2.791617 	0.182003 	1.364047 	0.625000 	2.388122 	2.566247 	0.763217 	2.778151 	0.618466 	0.862047 	9.000000 	2.848794 	2.283774 	1.630376 	3.370182 	2.847477 	1.720465 	0.125000 	
