Total assets = 627
Number of asset nodes = 34

Distance:
999.000000 	30.016663 	20.223749 	116.811813 	37.013512 	144.013885 	85.702972 	22.803509 	93.477272 	125.399361 	36.249138 	63.529522 	12.083046 	60.373837 	122.147453 	89.537704 	25.079872 	98.615417 	107.354553 	126.909416 	31.320919 	72.567207 	38.832977 	128.891434 	93.407707 	127.015747 	126.562241 	77.781746 	98.081596 	90.470993 	123.482796 	120.154068 	69.180923 	66.483078 	116.090485 	89.202019 	114.725761 	83.006027 	95.257545 	95.189285 	114.756264 	78.517517 	83.486526 	114.756264 	110.222504 	107.000000 	111.040535 	106.042442 	111.220505 	
30.016663 	999.000000 	10.770329 	92.097771 	7.000000 	120.933868 	57.706154 	17.691807 	70.092796 	104.019226 	14.317822 	38.948685 	19.416489 	35.383614 	100.124924 	61.773781 	13.038404 	71.344238 	80.709358 	101.671036 	10.000000 	43.324360 	12.041595 	103.004852 	64.621979 	100.687637 	100.124924 	48.052055 	69.462219 	61.351448 	96.566040 	92.660675 	39.458839 	37.107952 	87.464279 	59.211487 	85.702972 	53.037724 	65.276337 	65.192024 	85.440041 	49.030602 	53.935146 	85.146935 	80.224686 	77.006493 	81.024689 	76.105194 	81.394104 	
20.223749 	10.770329 	999.000000 	102.303467 	17.464249 	130.831955 	68.425140 	17.117243 	79.906197 	113.454834 	22.203604 	48.836460 	12.041595 	45.343136 	109.713264 	72.470680 	7.615773 	81.987801 	91.268837 	112.004463 	11.661903 	54.083271 	18.681541 	113.463654 	75.392311 	111.220505 	110.675201 	58.694122 	80.230919 	72.111023 	107.186752 	103.353760 	49.040798 	46.270943 	98.234413 	69.584480 	96.462425 	63.031738 	75.663727 	75.538071 	96.166519 	58.309521 	63.285069 	95.801880 	90.553848 	87.051712 	91.197586 	86.000000 	91.087868 	
116.811813 	92.097771 	102.303467 	999.000000 	86.977005 	30.016663 	38.470768 	94.154129 	23.769728 	21.587032 	81.024689 	53.600372 	104.847511 	57.008770 	16.763054 	34.438351 	104.690018 	25.298222 	16.124516 	10.440307 	99.005051 	54.708317 	92.849342 	14.000000 	38.078865 	14.560220 	14.866069 	55.542778 	34.365681 	42.449970 	16.401220 	20.000000 	73.409805 	77.388626 	30.463093 	56.885849 	35.114101 	65.000000 	55.145264 	56.142673 	39.217342 	74.040527 	72.780495 	44.271889 	56.089214 	62.514000 	60.207973 	65.375839 	70.035706 	
37.013512 	7.000000 	17.464249 	86.977005 	999.000000 	116.180893 	51.623638 	23.021729 	65.604881 	99.864906 	14.560220 	34.669872 	26.305893 	31.064449 	95.801880 	55.758408 	17.804493 	65.459915 	75.000000 	96.332756 	12.206555 	36.769554 	9.055386 	97.452553 	58.180752 	95.000000 	94.403389 	41.231056 	63.071388 	54.781384 	90.697296 	86.608315 	32.557640 	30.364452 	81.024689 	52.239830 	79.120163 	46.043457 	58.309521 	58.215118 	78.746429 	42.201897 	47.074409 	78.339005 	73.246162 	70.007141 	74.027023 	69.115845 	74.431175 	
144.013885 	120.933868 	130.831955 	30.016663 	116.180893 	999.000000 	68.476273 	121.210564 	50.931328 	20.615528 	109.041275 	82.024384 	132.279999 	85.562843 	22.360680 	64.412735 	133.734818 	55.036350 	45.310043 	23.537205 	128.316010 	84.723076 	122.441826 	26.019224 	67.416618 	30.016663 	31.016125 	85.428329 	63.245552 	71.867935 	36.055511 	42.107006 	103.315056 	107.331261 	54.083271 	85.726311 	59.076221 	94.244362 	83.198555 	84.172440 	63.031738 	103.464973 	101.833199 	68.007355 	81.098709 	88.277969 	85.052925 	91.350975 	95.047356 	
85.702972 	57.706154 	68.425140 	38.470768 	51.623638 	68.476273 	999.000000 	64.536812 	25.317978 	56.515484 	49.729267 	25.079872 	73.681747 	27.018513 	51.662365 	4.242640 	69.339745 	14.142136 	24.083189 	46.400433 	63.007935 	16.401220 	56.080299 	46.690472 	9.486833 	43.863426 	43.185646 	17.464249 	13.000000 	9.899495 	39.204590 	34.985710 	35.114101 	39.000000 	30.594116 	23.409399 	30.016663 	29.068884 	25.238859 	26.076809 	31.144823 	37.121422 	37.054016 	32.984844 	35.805027 	38.209946 	39.051247 	39.824615 	46.097721 	
22.803509 	17.691807 	17.117243 	94.154129 	23.021729 	121.210564 	64.536812 	999.000000 	70.724815 	102.649887 	15.033297 	41.231056 	11.401754 	38.275318 	99.357941 	68.154236 	24.515301 	76.843994 	85.234970 	104.316826 	25.942244 	53.009434 	29.732138 	106.437775 	72.835434 	104.694794 	104.278473 	59.076221 	77.278717 	70.349129 	101.390335 	98.351410 	54.424259 	52.801514 	95.126228 	71.449280 	94.201912 	66.708321 	77.317528 	77.414467 	94.641426 	64.257294 	68.949257 	95.189285 	92.265923 	90.094398 	93.648277 	89.627007 	95.341492 	
93.477272 	70.092796 	79.906197 	23.769728 	65.604881 	50.931328 	25.317978 	70.724815 	999.000000 	34.481880 	58.137768 	31.144823 	81.608826 	34.713108 	30.232433 	23.086792 	82.975899 	20.518284 	21.189621 	34.176014 	77.801025 	38.470768 	72.401657 	37.107952 	30.870699 	36.345562 	36.221542 	42.000000 	30.232433 	33.837849 	35.014282 	34.713108 	58.549126 	61.983868 	38.948685 	48.507732 	41.617306 	54.332310 	49.396355 	50.328918 	44.821869 	62.008064 	62.289646 	48.836460 	56.612720 	60.901562 	60.464867 	63.063461 	68.963760 	
125.399361 	104.019226 	113.454834 	21.587032 	99.864906 	20.615528 	56.515484 	102.649887 	34.481880 	999.000000 	91.350975 	65.215027 	113.899078 	68.818604 	5.000000 	52.952808 	117.004272 	45.099888 	37.121422 	23.430750 	112.071404 	71.784401 	106.850365 	28.319605 	58.137768 	31.400637 	32.202484 	73.979729 	55.000000 	62.289646 	35.846897 	40.718548 	91.482239 	95.210297 	51.865211 	77.162170 	56.612720 	84.717178 	76.006577 	77.006493 	60.728905 	93.380943 	92.655273 	65.802734 	77.665955 	84.011902 	81.786308 	86.833176 	91.591484 	
36.249138 	14.317822 	22.203604 	81.024689 	14.560220 	109.041275 	49.729267 	15.033297 	58.137768 	91.350975 	999.000000 	27.459061 	24.166092 	24.186773 	87.692642 	53.450912 	26.925823 	62.393909 	71.112587 	90.972527 	24.186773 	38.000000 	23.537205 	92.784698 	57.870544 	90.824005 	90.354858 	44.181442 	62.369865 	55.326305 	87.235313 	83.934502 	41.182522 	40.224369 	80.280754 	56.718605 	79.246452 	52.497620 	62.514000 	62.649822 	79.630394 	51.000000 	55.461697 	80.156097 	77.414467 	75.504967 	78.917679 	75.186432 	81.043198 	
63.529522 	38.948685 	48.836460 	53.600372 	34.669872 	82.024384 	25.079872 	41.231056 	31.144823 	65.215027 	27.459061 	999.000000 	51.478149 	3.605551 	61.220913 	28.017851 	51.855568 	35.902645 	44.011364 	63.513779 	46.872166 	21.213203 	42.047592 	65.368187 	34.365681 	63.505905 	63.071388 	28.319605 	38.052597 	33.241539 	60.166435 	57.280014 	37.336308 	39.293766 	55.145264 	40.804413 	55.009090 	41.109608 	45.276924 	45.793011 	56.222771 	44.777225 	47.434166 	57.870544 	58.694122 	59.169250 	61.269894 	59.908264 	66.287254 	
12.083046 	19.416489 	12.041595 	104.847511 	26.305893 	132.279999 	73.681747 	11.401754 	81.608826 	113.899078 	24.166092 	51.478149 	999.000000 	48.301140 	110.535065 	77.491936 	19.209373 	86.539009 	95.273293 	114.908661 	23.600847 	60.827625 	29.966648 	116.846054 	81.492332 	114.947815 	114.490173 	66.272163 	86.127815 	78.644768 	111.400177 	108.078674 	58.855755 	56.515484 	104.120125 	78.006409 	102.839684 	72.249565 	84.023804 	84.005951 	102.961159 	68.447060 	73.348480 	103.097038 	99.020203 	96.130119 	100.019997 	95.336250 	100.717430 	
60.373837 	35.383614 	45.343136 	57.008770 	31.064449 	85.562843 	27.018513 	38.275318 	34.713108 	68.818604 	24.186773 	3.605551 	48.301140 	999.000000 	64.815125 	30.265491 	48.270073 	38.600517 	47.010635 	66.850578 	43.266617 	20.808653 	38.483765 	68.600288 	36.055511 	66.648331 	66.189125 	28.017851 	40.012497 	34.525352 	63.158531 	60.083275 	35.341194 	37.000000 	57.428215 	40.816662 	57.035076 	40.311287 	45.617977 	46.065170 	58.034473 	43.266617 	46.227695 	59.413803 	59.464275 	59.481091 	61.846584 	60.033325 	66.370171 	
122.147453 	100.124924 	109.713264 	16.763054 	95.801880 	22.360680 	51.662365 	99.357941 	30.232433 	5.000000 	87.692642 	61.220913 	110.535065 	64.815125 	999.000000 	48.052055 	113.070778 	40.112343 	32.140316 	19.849434 	108.004631 	67.067131 	102.625534 	24.839485 	53.150730 	27.586229 	28.319605 	69.123077 	50.000000 	57.314919 	31.622776 	36.235340 	86.683334 	90.443352 	47.169907 	72.173401 	51.865211 	79.762146 	71.007042 	72.006943 	55.973209 	88.459030 	87.692642 	61.032780 	72.780495 	79.075912 	76.902534 	81.884064 	86.683334 	
89.537704 	61.773781 	72.470680 	34.438351 	55.758408 	64.412735 	4.242640 	68.154236 	23.086792 	52.952808 	53.450912 	28.017851 	77.491936 	30.265491 	48.052055 	999.000000 	73.498299 	9.899495 	19.849434 	42.201897 	67.201187 	20.615528 	60.307545 	42.449970 	8.485281 	39.623226 	38.948685 	21.189621 	10.440307 	10.770329 	35.000000 	30.886890 	39.000000 	42.953465 	27.166155 	25.495098 	27.073973 	32.015621 	26.400757 	27.313000 	28.635643 	40.447498 	40.012497 	31.016125 	35.383614 	38.600517 	38.897301 	40.496914 	46.615448 	
25.079872 	13.038404 	7.615773 	104.690018 	17.804493 	133.734818 	69.339745 	24.515301 	82.975899 	117.004272 	26.925823 	51.855568 	19.209373 	48.270073 	113.070778 	73.498299 	999.000000 	83.234612 	92.800865 	114.109596 	7.071068 	54.120235 	15.132746 	115.256233 	75.591003 	112.800713 	112.200714 	57.939625 	80.529495 	72.013885 	108.466583 	104.307236 	46.270943 	43.046486 	98.386993 	67.911705 	96.254868 	60.671246 	73.979729 	73.756355 	95.634720 	55.009090 	60.008331 	94.868332 	88.645363 	84.593147 	88.955048 	83.294655 	88.051125 	
98.615417 	71.344238 	81.987801 	25.298222 	65.459915 	55.036350 	14.142136 	76.843994 	20.518284 	45.099888 	62.393909 	35.902645 	86.539009 	38.600517 	40.112343 	9.899495 	83.234612 	999.000000 	10.000000 	32.449963 	77.006493 	30.479502 	70.178345 	32.557640 	13.038404 	29.732138 	29.068884 	30.413813 	10.440307 	17.262676 	25.238859 	21.540659 	48.301140 	52.354561 	20.396078 	32.062439 	21.931713 	39.812057 	31.257000 	32.249031 	24.698177 	48.764740 	47.675991 	28.425341 	36.359318 	41.231056 	40.311287 	43.657761 	49.244289 	
107.354553 	80.709358 	91.268837 	16.124516 	75.000000 	45.310043 	24.083189 	85.234970 	21.189621 	37.121422 	71.112587 	44.011364 	95.273293 	47.010635 	32.140316 	19.849434 	92.800865 	10.000000 	999.000000 	22.472204 	86.683334 	40.459858 	79.981247 	22.627417 	22.135944 	20.000000 	19.416489 	40.311287 	18.248287 	26.570660 	16.155495 	14.000000 	58.180752 	62.265560 	18.439089 	40.792156 	22.022715 	49.040798 	39.051247 	40.049969 	25.806976 	58.189346 	56.753853 	30.528675 	41.109608 	47.074409 	45.221676 	49.819675 	54.817879 	
126.909416 	101.671036 	112.004463 	10.440307 	96.332756 	23.537205 	46.400433 	104.316826 	34.176014 	23.430750 	90.972527 	63.513779 	114.908661 	66.850578 	19.849434 	42.201897 	114.109596 	32.449963 	22.472204 	999.000000 	108.245094 	62.801273 	101.833199 	5.000000 	44.283180 	8.062258 	8.944272 	62.769421 	39.924931 	48.754486 	13.341664 	19.104973 	80.622574 	84.723076 	31.064449 	62.297672 	36.055511 	70.936592 	59.665737 	60.638271 	40.112343 	80.230919 	78.434685 	45.177429 	58.008621 	65.030762 	62.032249 	68.066147 	72.027771 	
31.320919 	10.000000 	11.661903 	99.005051 	12.206555 	128.316010 	63.007935 	25.942244 	77.801025 	112.071404 	24.186773 	46.872166 	23.600847 	43.266617 	108.004631 	67.201187 	7.071068 	77.006493 	86.683334 	108.245094 	999.000000 	47.507893 	8.062258 	109.224541 	68.963760 	106.667709 	106.042442 	51.078373 	73.925636 	65.299309 	102.200783 	97.908119 	39.204590 	36.013885 	91.706055 	60.876926 	89.470665 	53.600372 	66.940269 	66.708321 	88.769363 	48.000000 	53.000000 	87.920418 	81.584312 	77.524193 	81.884064 	76.236473 	81.024689 	
72.567207 	43.324360 	54.083271 	54.708317 	36.769554 	84.723076 	16.401220 	53.009434 	38.470768 	71.784401 	38.000000 	21.213203 	60.827625 	20.808653 	67.067131 	20.615528 	54.120235 	30.479502 	40.459858 	62.801273 	47.507893 	999.000000 	40.224369 	63.031738 	21.470911 	60.108234 	59.396969 	7.211102 	26.419689 	18.027756 	55.226807 	50.606323 	20.099751 	23.537205 	44.283180 	20.124611 	42.379242 	20.000000 	25.298222 	25.632011 	42.201897 	25.000000 	26.832815 	42.296574 	39.812057 	39.000000 	41.761227 	39.357338 	45.650848 	
38.832977 	12.041595 	18.681541 	92.849342 	9.055386 	122.441826 	56.080299 	29.732138 	72.401657 	106.850365 	23.537205 	42.047592 	29.966648 	38.483765 	102.625534 	60.307545 	15.132746 	70.178345 	79.981247 	101.833199 	8.062258 	40.224369 	999.000000 	102.591423 	61.587337 	99.904953 	99.247169 	43.382023 	66.573265 	57.801384 	95.268044 	90.801979 	31.144823 	28.000000 	84.219948 	52.886673 	81.841309 	45.541191 	58.940647 	58.694122 	81.024689 	40.012497 	45.011108 	80.056229 	73.545906 	69.462219 	73.824112 	68.183578 	73.006851 	
128.891434 	103.004852 	113.463654 	14.000000 	97.452553 	26.019224 	46.690472 	106.437775 	37.107952 	28.319605 	92.784698 	65.368187 	116.846054 	68.600288 	24.839485 	42.449970 	115.256233 	32.557640 	22.627417 	5.000000 	109.224541 	63.031738 	102.591423 	999.000000 	43.566040 	4.000000 	5.000000 	62.425957 	38.948685 	48.020828 	10.049875 	16.124516 	80.156097 	84.314888 	28.071337 	60.926186 	33.060551 	69.778221 	57.870544 	58.821766 	37.013512 	79.158073 	77.077881 	42.000000 	55.081757 	62.289646 	59.033890 	65.375839 	69.028976 	
93.407707 	64.621979 	75.392311 	38.078865 	58.180752 	67.416618 	9.486833 	72.835434 	30.870699 	58.137768 	57.870544 	34.365681 	81.492332 	36.055511 	53.150730 	8.485281 	75.591003 	13.038404 	22.135944 	44.283180 	68.963760 	21.470911 	61.587337 	43.566040 	999.000000 	40.224369 	39.408119 	19.104973 	5.000000 	4.472136 	34.828148 	29.698484 	36.619667 	40.804413 	22.847319 	19.026299 	21.377558 	26.925823 	18.681541 	19.646883 	22.000000 	36.055511 	34.713108 	23.537205 	26.907248 	30.232433 	30.413813 	32.249031 	38.275318 	
127.015747 	100.687637 	111.220505 	14.560220 	95.000000 	30.016663 	43.863426 	104.694794 	36.345562 	31.400637 	90.824005 	63.505905 	114.947815 	66.648331 	27.586229 	39.623226 	112.800713 	29.732138 	20.000000 	8.062258 	106.667709 	60.108234 	99.904953 	4.000000 	40.224369 	999.000000 	1.000000 	59.203041 	35.510563 	44.654228 	6.082763 	12.165525 	76.843994 	81.024689 	24.083189 	57.271286 	29.068884 	66.189125 	54.083271 	55.027267 	33.015148 	75.591003 	73.409805 	38.000000 	51.088158 	58.309521 	55.036350 	61.400326 	65.030762 	
126.562241 	100.124924 	110.675201 	14.866069 	94.403389 	31.016125 	43.185646 	104.278473 	36.221542 	32.202484 	90.354858 	63.071388 	114.490173 	66.189125 	28.319605 	38.948685 	112.200714 	29.068884 	19.416489 	8.944272 	106.042442 	59.396969 	99.247169 	5.000000 	39.408119 	1.000000 	999.000000 	58.412327 	34.669872 	43.829212 	5.099020 	11.180340 	76.026314 	80.212219 	23.086792 	56.364883 	28.071337 	65.299309 	53.141319 	54.083271 	32.015621 	74.706093 	72.498276 	37.000000 	50.089920 	57.314919 	54.037025 	60.406952 	64.031242 	
77.781746 	48.052055 	58.694122 	55.542778 	41.231056 	85.428329 	17.464249 	59.076221 	42.000000 	73.979729 	44.181442 	28.319605 	66.272163 	28.017851 	69.123077 	21.189621 	57.939625 	30.413813 	40.311287 	62.769421 	51.078373 	7.211102 	43.382023 	62.425957 	19.104973 	59.203041 	58.412327 	999.000000 	24.041630 	14.866069 	53.907330 	48.795490 	17.888544 	21.954498 	41.048752 	13.000000 	38.470768 	13.416408 	18.439089 	18.681541 	37.696156 	20.024984 	20.880613 	37.107952 	33.241539 	31.953091 	34.928497 	32.202484 	38.470768 	
98.081596 	69.462219 	80.230919 	34.365681 	63.071388 	63.245552 	13.000000 	77.278717 	30.232433 	55.000000 	62.369865 	38.052597 	86.127815 	40.012497 	50.000000 	10.440307 	80.529495 	10.440307 	18.248287 	39.924931 	73.925636 	26.419689 	66.573265 	38.948685 	5.000000 	35.510563 	34.669872 	24.041630 	999.000000 	9.219544 	30.000000 	24.758837 	41.400482 	45.607018 	18.027756 	22.561028 	17.029387 	31.016125 	21.023796 	22.022715 	18.248287 	40.311287 	38.600517 	20.615528 	26.400757 	30.870699 	30.232433 	33.241539 	38.910152 	
90.470993 	61.351448 	72.111023 	42.449970 	54.781384 	71.867935 	9.899495 	70.349129 	33.837849 	62.289646 	55.326305 	33.241539 	78.644768 	34.525352 	57.314919 	10.770329 	72.013885 	17.262676 	26.570660 	48.754486 	65.299309 	18.027756 	57.801384 	48.020828 	4.472136 	44.654228 	43.829212 	14.866069 	9.219544 	999.000000 	39.204590 	33.970577 	32.202484 	36.400551 	26.419689 	15.033297 	24.351591 	22.561028 	15.652476 	16.552946 	24.331051 	31.622776 	30.413813 	25.019993 	26.076809 	28.319605 	29.206163 	30.000000 	36.235340 	
123.482796 	96.566040 	107.186752 	16.401220 	90.697296 	36.055511 	39.204590 	101.390335 	35.014282 	35.846897 	87.235313 	60.166435 	111.400177 	63.158531 	31.622776 	35.000000 	108.466583 	25.238859 	16.155495 	13.341664 	102.200783 	55.226807 	95.268044 	10.049875 	34.828148 	6.082763 	5.099020 	53.907330 	30.000000 	39.204590 	999.000000 	6.082763 	71.400284 	75.604233 	18.027756 	51.429562 	23.021729 	60.415230 	48.104053 	49.040798 	27.000000 	69.835518 	67.542580 	32.015621 	45.044422 	52.239830 	49.010204 	55.326305 	59.008472 	
120.154068 	92.660675 	103.353760 	20.000000 	86.608315 	42.107006 	34.985710 	98.351410 	34.713108 	40.718548 	83.934502 	57.280014 	108.078674 	60.083275 	36.235340 	30.886890 	104.307236 	21.540659 	14.000000 	19.104973 	97.908119 	50.606323 	90.801979 	16.124516 	29.698484 	12.165525 	11.180340 	48.795490 	24.758837 	33.970577 	6.082763 	999.000000 	66.068146 	70.292244 	12.000000 	45.650848 	17.000000 	54.708317 	42.154476 	43.081318 	21.023796 	64.140472 	61.717098 	26.076809 	39.012817 	46.173584 	43.000000 	49.254440 	53.000000 	
69.180923 	39.458839 	49.040798 	73.409805 	32.557640 	103.315056 	35.114101 	54.424259 	58.549126 	91.482239 	41.182522 	37.336308 	58.855755 	35.341194 	86.683334 	39.000000 	46.270943 	48.301140 	58.180752 	80.622574 	39.204590 	20.099751 	31.144823 	80.156097 	36.619667 	76.843994 	76.026314 	17.888544 	41.400482 	32.202484 	71.400284 	66.068146 	999.000000 	4.242640 	57.314919 	22.825424 	54.037025 	14.560220 	28.635643 	28.231188 	52.430908 	9.848858 	14.560220 	50.606323 	42.720020 	38.327538 	42.755116 	37.054016 	42.047592 	
66.483078 	37.107952 	46.270943 	77.388626 	30.364452 	107.331261 	39.000000 	52.801514 	61.983868 	95.210297 	40.224369 	39.293766 	56.515484 	37.000000 	90.443352 	42.953465 	43.046486 	52.354561 	62.265560 	84.723076 	36.013885 	23.537205 	28.000000 	84.314888 	40.804413 	81.024689 	80.212219 	21.954498 	45.607018 	36.400551 	75.604233 	70.292244 	4.242640 	999.000000 	61.554855 	26.925823 	58.258045 	18.384777 	32.649654 	32.202484 	56.612720 	12.041595 	17.029387 	54.708317 	46.486557 	41.773197 	46.324940 	40.311287 	45.011108 	
116.090485 	87.464279 	98.234413 	30.463093 	81.024689 	54.083271 	30.594116 	95.126228 	38.948685 	51.865211 	80.280754 	55.145264 	104.120125 	57.428215 	47.169907 	27.166155 	98.386993 	20.396078 	18.439089 	31.064449 	91.706055 	44.283180 	84.219948 	28.071337 	22.847319 	24.083189 	23.086792 	41.048752 	18.027756 	26.419689 	18.027756 	12.000000 	57.314919 	61.554855 	999.000000 	35.608986 	5.000000 	44.821869 	31.384710 	32.249031 	9.055386 	54.203320 	51.312767 	14.142136 	27.018513 	34.234486 	31.000000 	37.336308 	41.000000 	
89.202019 	59.211487 	69.584480 	56.885849 	52.239830 	85.726311 	23.409399 	71.449280 	48.507732 	77.162170 	56.718605 	40.804413 	78.006409 	40.816662 	72.173401 	25.495098 	67.911705 	32.062439 	40.792156 	62.297672 	60.876926 	20.124611 	52.886673 	60.926186 	19.026299 	57.271286 	56.364883 	13.000000 	22.561028 	15.033297 	51.429562 	45.650848 	22.825424 	26.925823 	35.608986 	999.000000 	31.827662 	9.219544 	6.082763 	6.000000 	29.832869 	18.601076 	16.155495 	27.784887 	21.023796 	18.973665 	22.203604 	19.235384 	25.553865 	
114.725761 	85.702972 	96.462425 	35.114101 	79.120163 	59.076221 	30.016663 	94.201912 	41.617306 	56.612720 	79.246452 	55.009090 	102.839684 	57.035076 	51.865211 	27.073973 	96.254868 	21.931713 	22.022715 	36.055511 	89.470665 	42.379242 	81.841309 	33.060551 	21.377558 	29.068884 	28.071337 	38.470768 	17.029387 	24.351591 	23.021729 	17.000000 	54.037025 	58.258045 	5.000000 	31.827662 	999.000000 	41.036568 	27.202942 	28.017851 	4.123106 	50.328918 	47.201694 	9.219544 	22.022715 	29.274563 	26.000000 	32.388271 	36.000000 	
83.006027 	53.037724 	63.031738 	65.000000 	46.043457 	94.244362 	29.068884 	66.708321 	54.332310 	84.717178 	52.497620 	41.109608 	72.249565 	40.311287 	79.762146 	32.015621 	60.671246 	39.812057 	49.040798 	70.936592 	53.600372 	20.000000 	45.541191 	69.778221 	26.925823 	66.189125 	65.299309 	13.416408 	31.016125 	22.561028 	60.415230 	54.708317 	14.560220 	18.384777 	44.821869 	9.219544 	41.036568 	999.000000 	14.422205 	13.892444 	38.948685 	9.433981 	8.000000 	36.619667 	28.160255 	24.020824 	28.284271 	23.086792 	28.635643 	
95.257545 	65.276337 	75.663727 	55.145264 	58.309521 	83.198555 	25.238859 	77.317528 	49.396355 	76.006577 	62.514000 	45.276924 	84.023804 	45.617977 	71.007042 	26.400757 	73.979729 	31.257000 	39.051247 	59.665737 	66.940269 	25.298222 	58.940647 	57.870544 	18.681541 	54.083271 	53.141319 	18.439089 	21.023796 	15.652476 	48.104053 	42.154476 	28.635643 	32.649654 	31.384710 	6.082763 	27.202942 	14.422205 	999.000000 	1.000000 	24.758837 	23.345236 	20.000000 	22.203604 	15.000000 	13.892444 	16.492422 	14.866069 	21.260292 	
95.189285 	65.192024 	75.538071 	56.142673 	58.215118 	84.172440 	26.076809 	77.414467 	50.328918 	77.006493 	62.649822 	45.793011 	84.005951 	46.065170 	72.006943 	27.313000 	73.756355 	32.249031 	40.049969 	60.638271 	66.708321 	25.632011 	58.694122 	58.821766 	19.646883 	55.027267 	54.083271 	18.681541 	22.022715 	16.552946 	49.040798 	43.081318 	28.231188 	32.202484 	32.249031 	6.000000 	28.017851 	13.892444 	1.000000 	999.000000 	25.495098 	22.671568 	19.209373 	22.803509 	15.033297 	13.416408 	16.278820 	14.212670 	20.615528 	
114.756264 	85.440041 	96.166519 	39.217342 	78.746429 	63.031738 	31.144823 	94.641426 	44.821869 	60.728905 	79.630394 	56.222771 	102.961159 	58.034473 	55.973209 	28.635643 	95.634720 	24.698177 	25.806976 	40.112343 	88.769363 	42.201897 	81.024689 	37.013512 	22.000000 	33.015148 	32.015621 	37.696156 	18.248287 	24.331051 	27.000000 	21.023796 	52.430908 	56.612720 	9.055386 	29.832869 	4.123106 	38.948685 	24.758837 	25.495098 	999.000000 	48.083260 	44.687805 	5.099020 	18.110771 	25.495098 	22.022715 	28.635643 	32.015621 	
78.517517 	49.030602 	58.309521 	74.040527 	42.201897 	103.464973 	37.121422 	64.257294 	62.008064 	93.380943 	51.000000 	44.777225 	68.447060 	43.266617 	88.459030 	40.447498 	55.009090 	48.764740 	58.189346 	80.230919 	48.000000 	25.000000 	40.012497 	79.158073 	36.055511 	75.591003 	74.706093 	20.024984 	40.311287 	31.622776 	69.835518 	64.140472 	9.848858 	12.041595 	54.203320 	18.601076 	50.328918 	9.433981 	23.345236 	22.671568 	48.083260 	999.000000 	5.000000 	45.453274 	35.777088 	30.364452 	35.114101 	28.635643 	33.060551 	
83.486526 	53.935146 	63.285069 	72.780495 	47.074409 	101.833199 	37.054016 	68.949257 	62.289646 	92.655273 	55.461697 	47.434166 	73.348480 	46.227695 	87.692642 	40.012497 	60.008331 	47.675991 	56.753853 	78.434685 	53.000000 	26.832815 	45.011108 	77.077881 	34.713108 	73.409805 	72.498276 	20.880613 	38.600517 	30.413813 	67.542580 	61.717098 	14.560220 	17.029387 	51.312767 	16.155495 	47.201694 	8.000000 	20.000000 	19.209373 	44.687805 	5.000000 	999.000000 	41.725292 	31.384710 	25.632011 	30.463093 	23.769728 	28.071337 	
114.756264 	85.146935 	95.801880 	44.271889 	78.339005 	68.007355 	32.984844 	95.189285 	48.836460 	65.802734 	80.156097 	57.870544 	103.097038 	59.413803 	61.032780 	31.016125 	94.868332 	28.425341 	30.528675 	45.177429 	87.920418 	42.296574 	80.056229 	42.000000 	23.537205 	38.000000 	37.000000 	37.107952 	20.615528 	25.019993 	32.015621 	26.076809 	50.606323 	54.708317 	14.142136 	27.784887 	9.219544 	36.619667 	22.203604 	22.803509 	5.099020 	45.453274 	41.725292 	999.000000 	13.341664 	20.880613 	17.117243 	24.041630 	27.073973 	
110.222504 	80.224686 	90.553848 	56.089214 	73.246162 	81.098709 	35.805027 	92.265923 	56.612720 	77.665955 	77.414467 	58.694122 	99.020203 	59.464275 	72.780495 	35.383614 	88.645363 	36.359318 	41.109608 	58.008621 	81.584312 	39.812057 	73.545906 	55.081757 	26.907248 	51.088158 	50.089920 	33.241539 	26.400757 	26.076809 	45.044422 	39.012817 	42.720020 	46.486557 	27.018513 	21.023796 	22.022715 	28.160255 	15.000000 	15.033297 	18.110771 	35.777088 	31.384710 	13.341664 	999.000000 	7.615773 	4.123106 	10.770329 	14.035668 	
107.000000 	77.006493 	87.051712 	62.514000 	70.007141 	88.277969 	38.209946 	90.094398 	60.901562 	84.011902 	75.504967 	59.169250 	96.130119 	59.481091 	79.075912 	38.600517 	84.593147 	41.231056 	47.074409 	65.030762 	77.524193 	39.000000 	69.462219 	62.289646 	30.232433 	58.309521 	57.314919 	31.953091 	30.870699 	28.319605 	52.239830 	46.173584 	38.327538 	41.773197 	34.234486 	18.973665 	29.274563 	24.020824 	13.892444 	13.416408 	25.495098 	30.364452 	25.632011 	20.880613 	7.615773 	999.000000 	5.000000 	3.162278 	8.062258 	
111.040535 	81.024689 	91.197586 	60.207973 	74.027023 	85.052925 	39.051247 	93.648277 	60.464867 	81.786308 	78.917679 	61.269894 	100.019997 	61.846584 	76.902534 	38.897301 	88.955048 	40.311287 	45.221676 	62.032249 	81.884064 	41.761227 	73.824112 	59.033890 	30.413813 	55.036350 	54.037025 	34.928497 	30.232433 	29.206163 	49.010204 	43.000000 	42.755116 	46.324940 	31.000000 	22.203604 	26.000000 	28.284271 	16.492422 	16.278820 	22.022715 	35.114101 	30.463093 	17.117243 	4.123106 	5.000000 	999.000000 	7.810250 	10.000000 	
106.042442 	76.105194 	86.000000 	65.375839 	69.115845 	91.350975 	39.824615 	89.627007 	63.063461 	86.833176 	75.186432 	59.908264 	95.336250 	60.033325 	81.884064 	40.496914 	83.294655 	43.657761 	49.819675 	68.066147 	76.236473 	39.357338 	68.183578 	65.375839 	32.249031 	61.400326 	60.406952 	32.202484 	33.241539 	30.000000 	55.326305 	49.254440 	37.054016 	40.311287 	37.336308 	19.235384 	32.388271 	23.086792 	14.866069 	14.212670 	28.635643 	28.635643 	23.769728 	24.041630 	10.770329 	3.162278 	7.810250 	999.000000 	6.403124 	
111.220505 	81.394104 	91.087868 	70.035706 	74.431175 	95.047356 	46.097721 	95.341492 	68.963760 	91.591484 	81.043198 	66.287254 	100.717430 	66.370171 	86.683334 	46.615448 	88.051125 	49.244289 	54.817879 	72.027771 	81.024689 	45.650848 	73.006851 	69.028976 	38.275318 	65.030762 	64.031242 	38.470768 	38.910152 	36.235340 	59.008472 	53.000000 	42.047592 	45.011108 	41.000000 	25.553865 	36.000000 	28.635643 	21.260292 	20.615528 	32.015621 	33.060551 	28.071337 	27.073973 	14.035668 	8.062258 	10.000000 	6.403124 	999.000000 	

Travel time:
9.000000 	0.750417 	0.505594 	2.920295 	0.925338 	3.600347 	2.142574 	0.570088 	2.336932 	3.134984 	0.906228 	1.588238 	0.302076 	1.509346 	3.053686 	2.238443 	0.626997 	2.465385 	2.683864 	3.172735 	0.783023 	1.814180 	0.970824 	3.222286 	2.335193 	3.175394 	3.164056 	1.944544 	2.452040 	2.261775 	3.087070 	3.003852 	1.729523 	1.662077 	2.902262 	2.230051 	2.868144 	2.075151 	2.381439 	2.379732 	2.868906 	1.962938 	2.087163 	2.868906 	2.755563 	2.675000 	2.776013 	2.651061 	2.780513 	
0.750417 	9.000000 	0.269258 	2.302444 	0.175000 	3.023347 	1.442654 	0.442295 	1.752320 	2.600481 	0.357946 	0.973717 	0.485412 	0.884590 	2.503123 	1.544345 	0.325960 	1.783606 	2.017734 	2.541776 	0.250000 	1.083109 	0.301040 	2.575121 	1.615549 	2.517191 	2.503123 	1.201301 	1.736555 	1.533786 	2.414151 	2.316517 	0.986471 	0.927699 	2.186607 	1.480287 	2.142574 	1.325943 	1.631908 	1.629801 	2.136001 	1.225765 	1.348379 	2.128673 	2.005617 	1.925162 	2.025617 	1.902630 	2.034853 	
0.505594 	0.269258 	9.000000 	2.557587 	0.436606 	3.270799 	1.710629 	0.427931 	1.997655 	2.836371 	0.555090 	1.220912 	0.301040 	1.133578 	2.742832 	1.811767 	0.190394 	2.049695 	2.281721 	2.800112 	0.291548 	1.352082 	0.467039 	2.836591 	1.884808 	2.780513 	2.766880 	1.467353 	2.005773 	1.802776 	2.679669 	2.583844 	1.226020 	1.156774 	2.455860 	1.739612 	2.411561 	1.575794 	1.891593 	1.888452 	2.404163 	1.457738 	1.582127 	2.395047 	2.263846 	2.176293 	2.279940 	2.150000 	2.277197 	
2.920295 	2.302444 	2.557587 	9.000000 	2.174425 	0.750417 	0.961769 	2.353853 	0.594243 	0.539676 	2.025617 	1.340009 	2.621188 	1.425219 	0.419076 	0.860959 	2.617250 	0.632456 	0.403113 	0.261008 	2.475126 	1.367708 	2.321234 	0.350000 	0.951972 	0.364006 	0.371652 	1.388569 	0.859142 	1.061249 	0.410031 	0.500000 	1.835245 	1.934716 	0.761577 	1.422146 	0.877853 	1.625000 	1.378632 	1.403567 	0.980434 	1.851013 	1.819512 	1.106797 	1.402230 	1.562850 	1.505199 	1.634396 	1.750893 	
0.925338 	0.175000 	0.436606 	2.174425 	9.000000 	2.904522 	1.290591 	0.575543 	1.640122 	2.496623 	0.364006 	0.866747 	0.657647 	0.776611 	2.395047 	1.393960 	0.445112 	1.636498 	1.875000 	2.408319 	0.305164 	0.919239 	0.226385 	2.436314 	1.454519 	2.375000 	2.360085 	1.030776 	1.576785 	1.369535 	2.267432 	2.165208 	0.813941 	0.759111 	2.025617 	1.305996 	1.978004 	1.151086 	1.457738 	1.455378 	1.968661 	1.055047 	1.176860 	1.958475 	1.831154 	1.750179 	1.850676 	1.727896 	1.860779 	
3.600347 	3.023347 	3.270799 	0.750417 	2.904522 	9.000000 	1.711907 	3.030264 	1.273283 	0.515388 	2.726032 	2.050610 	3.307000 	2.139071 	0.559017 	1.610318 	3.343370 	1.375909 	1.132751 	0.588430 	3.207900 	2.118077 	3.061046 	0.650481 	1.685416 	0.750417 	0.775403 	2.135708 	1.581139 	1.796698 	0.901388 	1.052675 	2.582876 	2.683281 	1.352082 	2.143158 	1.476906 	2.356109 	2.079964 	2.104311 	1.575794 	2.586624 	2.545830 	1.700184 	2.027468 	2.206949 	2.126323 	2.283774 	2.376184 	
2.142574 	1.442654 	1.710629 	0.961769 	1.290591 	1.711907 	9.000000 	1.613420 	0.632949 	1.412887 	1.243232 	0.626997 	1.842044 	0.675463 	1.291559 	0.106066 	1.733494 	0.353553 	0.602080 	1.160011 	1.575198 	0.410031 	1.402007 	1.167262 	0.237171 	1.096586 	1.079641 	0.436606 	0.325000 	0.247487 	0.980115 	0.874643 	0.877853 	0.975000 	0.764853 	0.585235 	0.750417 	0.726722 	0.630971 	0.651920 	0.778621 	0.928036 	0.926350 	0.824621 	0.895126 	0.955249 	0.976281 	0.995615 	1.152443 	
0.570088 	0.442295 	0.427931 	2.353853 	0.575543 	3.030264 	1.613420 	9.000000 	1.768120 	2.566247 	0.375832 	1.030776 	0.285044 	0.956883 	2.483948 	1.703856 	0.612882 	1.921100 	2.130874 	2.607921 	0.648556 	1.325236 	0.743303 	2.660944 	1.820886 	2.617370 	2.606962 	1.476906 	1.931968 	1.758728 	2.534758 	2.458785 	1.360606 	1.320038 	2.378156 	1.786232 	2.355048 	1.667708 	1.932938 	1.935362 	2.366036 	1.606432 	1.723731 	2.379732 	2.306648 	2.252360 	2.341207 	2.240675 	2.383537 	
2.336932 	1.752320 	1.997655 	0.594243 	1.640122 	1.273283 	0.632949 	1.768120 	9.000000 	0.862047 	1.453444 	0.778621 	2.040221 	0.867828 	0.755811 	0.577170 	2.074398 	0.512957 	0.529741 	0.854400 	1.945026 	0.961769 	1.810041 	0.927699 	0.771767 	0.908639 	0.905539 	1.050000 	0.755811 	0.845946 	0.875357 	0.867828 	1.463728 	1.549597 	0.973717 	1.212693 	1.040433 	1.358308 	1.234909 	1.258223 	1.120547 	1.550202 	1.557241 	1.220912 	1.415318 	1.522539 	1.511622 	1.576586 	1.724094 	
3.134984 	2.600481 	2.836371 	0.539676 	2.496623 	0.515388 	1.412887 	2.566247 	0.862047 	9.000000 	2.283774 	1.630376 	2.847477 	1.720465 	0.125000 	1.323820 	2.925107 	1.127497 	0.928036 	0.585769 	2.801785 	1.794610 	2.671259 	0.707990 	1.453444 	0.785016 	0.805062 	1.849493 	1.375000 	1.557241 	0.896172 	1.017964 	2.287056 	2.380257 	1.296630 	1.929054 	1.415318 	2.117929 	1.900164 	1.925162 	1.518223 	2.334524 	2.316382 	1.645068 	1.941649 	2.100297 	2.044658 	2.170829 	2.289787 	
0.906228 	0.357946 	0.555090 	2.025617 	0.364006 	2.726032 	1.243232 	0.375832 	1.453444 	2.283774 	9.000000 	0.686477 	0.604152 	0.604669 	2.192316 	1.336273 	0.673146 	1.559848 	1.777815 	2.274313 	0.604669 	0.950000 	0.588430 	2.319618 	1.446764 	2.270600 	2.258872 	1.104536 	1.559247 	1.383158 	2.180883 	2.098362 	1.029563 	1.005609 	2.007019 	1.417965 	1.981161 	1.312441 	1.562850 	1.566246 	1.990760 	1.275000 	1.386542 	2.003902 	1.935362 	1.887624 	1.972942 	1.879661 	2.026080 	
1.588238 	0.973717 	1.220912 	1.340009 	0.866747 	2.050610 	0.626997 	1.030776 	0.778621 	1.630376 	0.686477 	9.000000 	1.286954 	0.090139 	1.530523 	0.700446 	1.296389 	0.897566 	1.100284 	1.587844 	1.171804 	0.530330 	1.051190 	1.634205 	0.859142 	1.587648 	1.576785 	0.707990 	0.951315 	0.831038 	1.504161 	1.432000 	0.933408 	0.982344 	1.378632 	1.020110 	1.375227 	1.027740 	1.131923 	1.144825 	1.405569 	1.119431 	1.185854 	1.446764 	1.467353 	1.479231 	1.531747 	1.497707 	1.657181 	
0.302076 	0.485412 	0.301040 	2.621188 	0.657647 	3.307000 	1.842044 	0.285044 	2.040221 	2.847477 	0.604152 	1.286954 	9.000000 	1.207528 	2.763377 	1.937298 	0.480234 	2.163475 	2.381832 	2.872716 	0.590021 	1.520691 	0.749166 	2.921151 	2.037308 	2.873695 	2.862254 	1.656804 	2.153195 	1.966119 	2.785004 	2.701967 	1.471394 	1.412887 	2.603003 	1.950160 	2.570992 	1.806239 	2.100595 	2.100149 	2.574029 	1.711177 	1.833712 	2.577426 	2.475505 	2.403253 	2.500500 	2.383406 	2.517936 	
1.509346 	0.884590 	1.133578 	1.425219 	0.776611 	2.139071 	0.675463 	0.956883 	0.867828 	1.720465 	0.604669 	0.090139 	1.207528 	9.000000 	1.620378 	0.756637 	1.206752 	0.965013 	1.175266 	1.671264 	1.081665 	0.520216 	0.962094 	1.715007 	0.901388 	1.666208 	1.654728 	0.700446 	1.000312 	0.863134 	1.578963 	1.502082 	0.883530 	0.925000 	1.435705 	1.020416 	1.425877 	1.007782 	1.140449 	1.151629 	1.450862 	1.081665 	1.155692 	1.485345 	1.486607 	1.487027 	1.546165 	1.500833 	1.659254 	
3.053686 	2.503123 	2.742832 	0.419076 	2.395047 	0.559017 	1.291559 	2.483948 	0.755811 	0.125000 	2.192316 	1.530523 	2.763377 	1.620378 	9.000000 	1.201301 	2.826769 	1.002809 	0.803508 	0.496236 	2.700116 	1.676678 	2.565638 	0.620987 	1.328768 	0.689656 	0.707990 	1.728077 	1.250000 	1.432873 	0.790569 	0.905883 	2.167083 	2.261084 	1.179248 	1.804335 	1.296630 	1.994054 	1.775176 	1.800174 	1.399330 	2.211476 	2.192316 	1.525820 	1.819512 	1.976898 	1.922563 	2.047101 	2.167083 	
2.238443 	1.544345 	1.811767 	0.860959 	1.393960 	1.610318 	0.106066 	1.703856 	0.577170 	1.323820 	1.336273 	0.700446 	1.937298 	0.756637 	1.201301 	9.000000 	1.837457 	0.247487 	0.496236 	1.055047 	1.680030 	0.515388 	1.507689 	1.061249 	0.212132 	0.990581 	0.973717 	0.529741 	0.261008 	0.269258 	0.875000 	0.772172 	0.975000 	1.073837 	0.679154 	0.637377 	0.676849 	0.800391 	0.660019 	0.682825 	0.715891 	1.011187 	1.000312 	0.775403 	0.884590 	0.965013 	0.972432 	1.012423 	1.165386 	
0.626997 	0.325960 	0.190394 	2.617250 	0.445112 	3.343370 	1.733494 	0.612882 	2.074398 	2.925107 	0.673146 	1.296389 	0.480234 	1.206752 	2.826769 	1.837457 	9.000000 	2.080865 	2.320022 	2.852740 	0.176777 	1.353006 	0.378319 	2.881406 	1.889775 	2.820018 	2.805018 	1.448491 	2.013237 	1.800347 	2.711665 	2.607681 	1.156774 	1.076162 	2.459675 	1.697793 	2.406372 	1.516781 	1.849493 	1.843909 	2.390868 	1.375227 	1.500208 	2.371708 	2.216134 	2.114829 	2.223876 	2.082366 	2.201278 	
2.465385 	1.783606 	2.049695 	0.632456 	1.636498 	1.375909 	0.353553 	1.921100 	0.512957 	1.127497 	1.559848 	0.897566 	2.163475 	0.965013 	1.002809 	0.247487 	2.080865 	9.000000 	0.250000 	0.811249 	1.925162 	0.761988 	1.754459 	0.813941 	0.325960 	0.743303 	0.726722 	0.760345 	0.261008 	0.431567 	0.630971 	0.538516 	1.207528 	1.308864 	0.509902 	0.801561 	0.548293 	0.995301 	0.781425 	0.806226 	0.617454 	1.219118 	1.191900 	0.710634 	0.908983 	1.030776 	1.007782 	1.091444 	1.231107 	
2.683864 	2.017734 	2.281721 	0.403113 	1.875000 	1.132751 	0.602080 	2.130874 	0.529741 	0.928036 	1.777815 	1.100284 	2.381832 	1.175266 	0.803508 	0.496236 	2.320022 	0.250000 	9.000000 	0.561805 	2.167083 	1.011496 	1.999531 	0.565685 	0.553399 	0.500000 	0.485412 	1.007782 	0.456207 	0.664266 	0.403887 	0.350000 	1.454519 	1.556639 	0.460977 	1.019804 	0.550568 	1.226020 	0.976281 	1.001249 	0.645174 	1.454734 	1.418846 	0.763217 	1.027740 	1.176860 	1.130542 	1.245492 	1.370447 	
3.172735 	2.541776 	2.800112 	0.261008 	2.408319 	0.588430 	1.160011 	2.607921 	0.854400 	0.585769 	2.274313 	1.587844 	2.872716 	1.671264 	0.496236 	1.055047 	2.852740 	0.811249 	0.561805 	9.000000 	2.706127 	1.570032 	2.545830 	0.125000 	1.107080 	0.201556 	0.223607 	1.569236 	0.998123 	1.218862 	0.333542 	0.477624 	2.015564 	2.118077 	0.776611 	1.557442 	0.901388 	1.773415 	1.491643 	1.515957 	1.002809 	2.005773 	1.960867 	1.129436 	1.450216 	1.625769 	1.550806 	1.701654 	1.800694 	
0.783023 	0.250000 	0.291548 	2.475126 	0.305164 	3.207900 	1.575198 	0.648556 	1.945026 	2.801785 	0.604669 	1.171804 	0.590021 	1.081665 	2.700116 	1.680030 	0.176777 	1.925162 	2.167083 	2.706127 	9.000000 	1.187697 	0.201556 	2.730613 	1.724094 	2.666693 	2.651061 	1.276959 	1.848141 	1.632483 	2.555020 	2.447703 	0.980115 	0.900347 	2.292651 	1.521923 	2.236767 	1.340009 	1.673507 	1.667708 	2.219234 	1.200000 	1.325000 	2.198010 	2.039608 	1.938105 	2.047101 	1.905912 	2.025617 	
1.814180 	1.083109 	1.352082 	1.367708 	0.919239 	2.118077 	0.410031 	1.325236 	0.961769 	1.794610 	0.950000 	0.530330 	1.520691 	0.520216 	1.676678 	0.515388 	1.353006 	0.761988 	1.011496 	1.570032 	1.187697 	9.000000 	1.005609 	1.575794 	0.536773 	1.502706 	1.484924 	0.180278 	0.660492 	0.450694 	1.380670 	1.265158 	0.502494 	0.588430 	1.107080 	0.503115 	1.059481 	0.500000 	0.632456 	0.640800 	1.055047 	0.625000 	0.670820 	1.057414 	0.995301 	0.975000 	1.044031 	0.983933 	1.141271 	
0.970824 	0.301040 	0.467039 	2.321234 	0.226385 	3.061046 	1.402007 	0.743303 	1.810041 	2.671259 	0.588430 	1.051190 	0.749166 	0.962094 	2.565638 	1.507689 	0.378319 	1.754459 	1.999531 	2.545830 	0.201556 	1.005609 	9.000000 	2.564785 	1.539683 	2.497624 	2.481179 	1.084551 	1.664332 	1.445035 	2.381701 	2.270050 	0.778621 	0.700000 	2.105499 	1.322167 	2.046033 	1.138530 	1.473516 	1.467353 	2.025617 	1.000312 	1.125278 	2.001406 	1.838648 	1.736555 	1.845603 	1.704589 	1.825171 	
3.222286 	2.575121 	2.836591 	0.350000 	2.436314 	0.650481 	1.167262 	2.660944 	0.927699 	0.707990 	2.319618 	1.634205 	2.921151 	1.715007 	0.620987 	1.061249 	2.881406 	0.813941 	0.565685 	0.125000 	2.730613 	1.575794 	2.564785 	9.000000 	1.089151 	0.100000 	0.125000 	1.560649 	0.973717 	1.200521 	0.251247 	0.403113 	2.003902 	2.107872 	0.701783 	1.523155 	0.826514 	1.744456 	1.446764 	1.470544 	0.925338 	1.978952 	1.926947 	1.050000 	1.377044 	1.557241 	1.475847 	1.634396 	1.725724 	
2.335193 	1.615549 	1.884808 	0.951972 	1.454519 	1.685416 	0.237171 	1.820886 	0.771767 	1.453444 	1.446764 	0.859142 	2.037308 	0.901388 	1.328768 	0.212132 	1.889775 	0.325960 	0.553399 	1.107080 	1.724094 	0.536773 	1.539683 	1.089151 	9.000000 	1.005609 	0.985203 	0.477624 	0.125000 	0.111803 	0.870704 	0.742462 	0.915492 	1.020110 	0.571183 	0.475657 	0.534439 	0.673146 	0.467039 	0.491172 	0.550000 	0.901388 	0.867828 	0.588430 	0.672681 	0.755811 	0.760345 	0.806226 	0.956883 	
3.175394 	2.517191 	2.780513 	0.364006 	2.375000 	0.750417 	1.096586 	2.617370 	0.908639 	0.785016 	2.270600 	1.587648 	2.873695 	1.666208 	0.689656 	0.990581 	2.820018 	0.743303 	0.500000 	0.201556 	2.666693 	1.502706 	2.497624 	0.100000 	1.005609 	9.000000 	0.025000 	1.480076 	0.887764 	1.116356 	0.152069 	0.304138 	1.921100 	2.025617 	0.602080 	1.431782 	0.726722 	1.654728 	1.352082 	1.375682 	0.825379 	1.889775 	1.835245 	0.950000 	1.277204 	1.457738 	1.375909 	1.535008 	1.625769 	
3.164056 	2.503123 	2.766880 	0.371652 	2.360085 	0.775403 	1.079641 	2.606962 	0.905539 	0.805062 	2.258872 	1.576785 	2.862254 	1.654728 	0.707990 	0.973717 	2.805018 	0.726722 	0.485412 	0.223607 	2.651061 	1.484924 	2.481179 	0.125000 	0.985203 	0.025000 	9.000000 	1.460308 	0.866747 	1.095730 	0.127475 	0.279509 	1.900658 	2.005306 	0.577170 	1.409122 	0.701783 	1.632483 	1.328533 	1.352082 	0.800391 	1.867652 	1.812457 	0.925000 	1.252248 	1.432873 	1.350926 	1.510174 	1.600781 	
