Total assets = 625
Number of asset nodes = 33

Distance:
999.000000 	16.124516 	44.922153 	17.888544 	19.723083 	84.599052 	81.123360 	22.090721 	36.878178 	31.780497 	26.248810 	77.472572 	98.005104 	103.711136 	26.400757 	41.231056 	64.327286 	53.000000 	37.802116 	81.835197 	76.550636 	60.406952 	108.577164 	48.052055 	44.271889 	88.639717 	110.421921 	39.661064 	49.477268 	34.000000 	39.395432 	34.234486 	106.508217 	61.032780 	36.619667 	35.171009 	36.055511 	53.600372 	94.021271 	99.729637 	75.538071 	47.169907 	41.773197 	88.887573 	98.488579 	52.392746 	61.814240 	109.931801 	67.186310 	101.133575 	85.906929 	48.918301 	113.371071 	
16.124516 	999.000000 	30.886890 	27.784887 	30.016663 	73.000000 	69.028976 	26.907248 	20.880613 	17.029387 	18.027756 	64.140472 	87.000000 	93.380943 	22.561028 	25.298222 	49.335587 	37.054016 	28.653097 	74.706093 	62.609905 	44.911022 	98.351410 	32.015621 	28.635643 	75.292763 	99.704567 	26.248810 	33.526108 	35.777088 	46.690472 	34.176014 	95.015785 	45.000000 	28.442924 	32.756680 	36.769554 	37.643059 	80.622574 	86.821655 	60.016663 	33.241539 	45.793011 	74.464760 	85.088188 	37.215588 	45.705578 	97.800819 	51.088158 	87.817993 	70.880180 	36.619667 	101.019798 	
44.922153 	30.886890 	999.000000 	58.668560 	60.901562 	43.278172 	38.897301 	57.008770 	22.135944 	29.529646 	42.011902 	33.286633 	57.628117 	64.637451 	48.918301 	23.194826 	20.000000 	16.401220 	16.401220 	51.623638 	31.780497 	18.027756 	69.634758 	23.345236 	27.018513 	44.418465 	70.434364 	36.400551 	25.495098 	63.702435 	76.694199 	61.073727 	65.069191 	23.430750 	48.301140 	58.008621 	63.890530 	27.513634 	49.739319 	56.035702 	32.249031 	38.118237 	74.276512 	43.965897 	54.203320 	34.365681 	29.206163 	67.357254 	30.000000 	56.938564 	41.303753 	45.398239 	70.434364 	
17.888544 	27.784887 	58.668560 	999.000000 	2.236068 	100.424103 	96.607452 	8.485281 	44.721359 	37.121422 	25.317978 	91.923882 	114.214706 	120.282997 	20.615528 	48.373547 	76.694199 	63.063461 	54.451813 	99.403221 	90.354858 	71.784401 	125.207825 	55.326305 	50.039986 	103.077644 	126.810883 	41.436699 	56.142673 	19.697716 	21.540659 	21.633308 	122.441826 	70.405968 	32.202484 	24.758837 	22.360680 	60.074955 	108.406639 	114.586212 	86.683334 	48.836460 	25.000000 	102.044106 	112.871605 	56.222771 	69.260376 	125.431259 	75.802376 	115.602768 	98.081596 	47.759815 	128.705093 	
19.723083 	30.016663 	60.901562 	2.236068 	999.000000 	102.615791 	98.812958 	9.433981 	46.872166 	39.204590 	27.166155 	94.154129 	116.387283 	122.429573 	22.135944 	50.487621 	78.924011 	65.253349 	56.568542 	101.400200 	92.590500 	74.000000 	127.349915 	57.428215 	52.086468 	105.309067 	128.972870 	43.289722 	58.215118 	19.723083 	19.924858 	22.022715 	124.631454 	72.567207 	33.615471 	25.495098 	22.472204 	62.128899 	110.639053 	116.811813 	88.887573 	50.635956 	24.083189 	104.278473 	115.104301 	58.137768 	71.344238 	127.640121 	77.929459 	117.834633 	100.304535 	49.335587 	130.919830 	
84.599052 	73.000000 	43.278172 	100.424103 	102.615791 	999.000000 	5.099020 	99.764725 	64.350601 	72.422371 	85.276024 	15.000000 	14.422205 	21.931713 	92.195442 	64.007812 	33.955853 	49.396355 	47.010635 	26.907248 	20.024984 	40.521599 	26.832815 	60.926186 	66.640831 	14.142136 	27.202942 	77.897369 	62.393909 	106.962608 	119.553337 	104.350372 	22.022715 	49.030602 	90.972527 	101.212646 	107.168091 	61.983868 	17.000000 	18.027756 	37.215588 	77.472572 	117.515953 	24.413111 	19.924858 	70.837845 	56.885849 	25.495098 	51.156624 	21.377558 	30.870699 	85.088188 	29.154760 	
81.123360 	69.028976 	38.897301 	96.607452 	98.812958 	5.099020 	999.000000 	95.671310 	59.640591 	67.801178 	80.808418 	10.049875 	19.235384 	26.925823 	87.783829 	59.169250 	28.861740 	44.384682 	43.863426 	29.832869 	15.132746 	35.440090 	31.780497 	55.946404 	61.717098 	12.083046 	31.906113 	73.061615 	57.384666 	102.591423 	115.433968 	99.904953 	26.172504 	43.931767 	86.267029 	96.674713 	102.727798 	56.920998 	16.278820 	19.416489 	32.388271 	72.498276 	113.172432 	21.213203 	20.024984 	65.787537 	51.788029 	28.844410 	46.097721 	22.022715 	26.925823 	80.112419 	32.249031 	
22.090721 	26.907248 	57.008770 	8.485281 	9.433981 	99.764725 	95.671310 	999.000000 	40.496914 	32.280025 	19.104973 	90.210861 	113.846390 	120.282997 	13.152946 	43.680660 	73.824112 	59.236813 	55.217751 	101.019798 	88.204308 	68.447060 	125.255737 	50.447994 	44.721359 	101.257095 	126.574089 	35.000000 	50.990196 	12.165525 	19.798990 	13.416408 	121.753853 	66.098412 	24.351591 	16.278820 	14.560220 	54.744862 	106.508217 	113.004425 	83.006027 	42.107006 	19.924858 	99.362968 	110.941429 	50.009998 	64.132675 	124.326187 	71.063354 	113.718948 	94.847244 	40.261642 	127.440186 	
36.878178 	20.880613 	22.135944 	44.721359 	46.872166 	64.350601 	59.640591 	40.496914 	999.000000 	8.602325 	22.472204 	52.402290 	78.771820 	86.092972 	29.681644 	4.472136 	34.205261 	18.788294 	31.575306 	73.545906 	49.517673 	28.301943 	91.065910 	11.180340 	8.485281 	62.936478 	91.525955 	14.317822 	12.649111 	44.407207 	59.059292 	41.231056 	85.603737 	25.709921 	26.627054 	37.483330 	44.045429 	16.763054 	67.941154 	74.953316 	42.544094 	17.464249 	55.000000 	59.640591 	72.249565 	17.691807 	25.079872 	87.114868 	31.144823 	75.073296 	54.589375 	24.020824 	89.827614 	
31.780497 	17.029387 	29.529646 	37.121422 	39.204590 	72.422371 	67.801178 	32.280025 	8.602325 	999.000000 	13.892444 	60.827625 	86.838928 	94.031906 	21.095022 	11.401754 	42.801868 	27.294687 	36.013885 	80.081207 	58.051701 	36.891735 	99.020203 	18.248287 	13.038404 	71.449280 	99.624290 	9.848858 	19.026299 	35.805027 	50.537113 	32.649654 	93.861603 	33.837849 	18.788294 	29.000000 	35.468296 	23.000000 	76.485291 	83.450584 	50.990196 	16.278820 	46.400433 	68.242218 	80.808418 	20.615528 	32.140316 	95.524864 	38.832977 	83.630135 	63.134777 	20.615528 	98.290382 	
26.248810 	18.027756 	42.011902 	25.317978 	27.166155 	85.276024 	80.808418 	19.104973 	22.472204 	13.892444 	999.000000 	74.276512 	99.639351 	106.606750 	7.211102 	25.079872 	56.612720 	41.182522 	44.922153 	90.620087 	71.700768 	50.774010 	111.606453 	31.622776 	25.709921 	85.041168 	112.445541 	16.124516 	32.015621 	22.022715 	36.674240 	19.104973 	106.962608 	47.539455 	10.770329 	16.124516 	21.931713 	35.693138 	90.138779 	97.000000 	64.845970 	23.537205 	32.649654 	82.097504 	94.493385 	31.016125 	45.122055 	108.894447 	52.201534 	97.308784 	77.025970 	23.323807 	111.758667 	
77.472572 	64.140472 	33.286633 	91.923882 	94.154129 	15.000000 	10.049875 	90.210861 	52.402290 	60.827625 	74.276512 	999.000000 	28.160255 	36.138622 	81.394104 	51.400391 	19.697716 	35.846897 	41.773197 	38.587563 	5.099020 	26.400757 	40.804413 	47.507893 	53.535034 	11.180340 	40.311287 	65.215027 	48.764740 	96.260063 	109.808922 	93.348808 	33.615471 	34.481880 	78.873314 	89.827614 	96.176918 	47.927029 	16.552946 	22.803509 	22.360680 	64.007812 	106.887794 	14.866069 	21.023796 	56.859474 	42.201897 	34.713108 	36.221542 	23.706539 	18.384777 	71.589104 	37.483330 	
98.005104 	87.000000 	57.628117 	114.214706 	116.387283 	14.422205 	19.235384 	113.846390 	78.771820 	86.838928 	99.639351 	28.160255 	999.000000 	8.062258 	106.526993 	78.390053 	47.759815 	63.560993 	60.216278 	28.635643 	32.756680 	54.424259 	12.649111 	75.153175 	80.950600 	22.090721 	12.806249 	92.282173 	76.557167 	121.264175 	133.645050 	118.697090 	9.219544 	62.641838 	105.394501 	115.602768 	121.511314 	75.960518 	21.189621 	16.401220 	49.162994 	91.706055 	131.795303 	32.557640 	21.095022 	84.864601 	70.342018 	15.033297 	64.132675 	20.615528 	40.311287 	99.317673 	19.026299 	
103.711136 	93.380943 	64.637451 	120.282997 	122.429573 	21.931713 	26.925823 	120.282997 	86.092972 	94.031906 	106.606750 	36.138622 	8.062258 	999.000000 	113.406349 	85.883644 	55.659679 	71.309189 	65.946945 	29.068884 	40.792156 	62.297672 	5.000000 	82.855293 	88.566360 	30.016663 	7.280110 	99.764725 	84.308952 	128.062485 	140.071411 	125.602547 	10.000000 	70.604530 	112.680969 	122.641754 	128.405609 	83.815269 	28.635643 	22.847319 	57.218880 	99.403221 	138.538803 	40.311287 	27.856777 	92.698433 	78.339005 	16.643316 	72.180328 	26.832815 	48.166378 	107.018692 	20.124611 	
26.400757 	22.561028 	48.918301 	20.615528 	22.135944 	92.195442 	87.783829 	13.152946 	29.681644 	21.095022 	7.211102 	81.394104 	106.526993 	113.406349 	999.000000 	32.202484 	63.820061 	48.373547 	50.695168 	96.664368 	78.873314 	57.982758 	118.406082 	38.626415 	32.572994 	92.195442 	119.331474 	22.090721 	38.897301 	14.866069 	29.546574 	12.206555 	113.951744 	54.625999 	11.661903 	10.198039 	15.000000 	42.449970 	97.308784 	104.139328 	72.006943 	29.017237 	25.495098 	89.308456 	101.671036 	37.121422 	51.923019 	115.974136 	59.135437 	104.484451 	84.219948 	27.202942 	118.869675 	
41.231056 	25.298222 	23.194826 	48.373547 	50.487621 	64.007812 	59.169250 	43.680660 	4.472136 	11.401754 	25.079872 	51.400391 	78.390053 	85.883644 	32.202484 	999.000000 	32.526913 	16.401220 	34.481880 	74.813103 	48.166378 	26.248810 	90.824005 	7.000000 	4.472136 	61.619801 	91.065910 	13.892444 	8.246211 	46.647614 	61.741398 	43.266617 	84.876381 	22.472204 	27.586229 	39.204590 	46.043457 	12.369317 	66.483078 	73.661385 	39.824615 	15.000000 	57.140179 	57.628117 	70.710678 	13.601471 	21.000000 	86.052307 	27.459061 	73.539108 	52.153618 	22.203604 	88.617157 	
64.327286 	49.335587 	20.000000 	76.694199 	78.924011 	33.955853 	28.861740 	73.824112 	34.205261 	42.801868 	56.612720 	19.697716 	47.759815 	55.659679 	63.820061 	32.526913 	999.000000 	16.401220 	34.481880 	52.392746 	15.811388 	6.708204 	60.406952 	28.017851 	34.205261 	29.206163 	60.008331 	46.097721 	29.154760 	78.600258 	92.962357 	75.432091 	53.235325 	15.132746 	60.108234 	71.589104 	78.243210 	28.231188 	33.970577 	41.231056 	12.649111 	44.418465 	89.202019 	25.553865 	38.183765 	37.161808 	23.086792 	53.823788 	18.439089 	41.012192 	21.587032 	51.971146 	56.222771 	
53.000000 	37.054016 	16.401220 	63.063461 	65.253349 	49.396355 	44.384682 	59.236813 	18.788294 	27.294687 	41.182522 	35.846897 	63.560993 	71.309189 	48.373547 	16.401220 	16.401220 	999.000000 	32.526913 	64.031242 	32.202484 	9.899495 	76.157730 	11.661903 	17.804493 	45.607018 	76.026314 	29.732138 	13.000000 	62.968246 	77.826729 	59.640591 	69.462219 	8.246211 	43.863426 	55.605755 	62.425957 	13.038404 	50.328918 	57.628117 	23.769728 	28.178005 	73.498299 	41.231056 	54.488529 	21.587032 	12.806249 	70.213959 	14.866069 	57.314919 	35.846897 	35.777088 	72.622307 	
37.802116 	28.653097 	16.401220 	54.451813 	56.568542 	47.010635 	43.863426 	55.217751 	31.575306 	36.013885 	44.922153 	41.773197 	60.216278 	65.946945 	50.695168 	34.481880 	34.481880 	32.526913 	999.000000 	46.065170 	42.107006 	34.000000 	70.837845 	37.121422 	38.897301 	52.630791 	72.622307 	45.099888 	39.357338 	64.412735 	74.813103 	62.649822 	68.796799 	39.824615 	53.758720 	60.745369 	65.306969 	42.190044 	57.974133 	62.968246 	47.127487 	49.030602 	74.431175 	55.081757 	62.361847 	47.539455 	45.276924 	72.470680 	46.400433 	64.845970 	54.230988 	55.443665 	76.026314 	
81.835197 	74.706093 	51.623638 	99.403221 	101.400200 	26.907248 	29.832869 	101.019798 	73.545906 	80.081207 	90.620087 	38.587563 	28.635643 	29.068884 	96.664368 	74.813103 	52.392746 	64.031242 	46.065170 	999.000000 	43.416588 	57.706154 	32.557640 	74.108032 	78.517517 	41.036568 	36.221542 	87.863533 	76.059189 	110.476242 	120.370262 	108.687622 	37.215588 	66.753281 	98.671173 	106.620827 	111.359779 	77.006493 	43.600460 	42.485291 	60.008331 	89.677200 	120.440857 	50.990196 	45.793011 	85.052925 	74.672615 	43.566040 	70.830788 	46.529560 	56.612720 	97.015465 	47.518417 	
76.550636 	62.609905 	31.780497 	90.354858 	92.590500 	20.024984 	15.132746 	88.204308 	49.517673 	58.051701 	71.700768 	5.099020 	32.756680 	40.792156 	78.873314 	48.166378 	15.811388 	32.202484 	42.107006 	43.416588 	999.000000 	22.472204 	45.354160 	43.829212 	50.000000 	13.453624 	44.598206 	61.846584 	44.944408 	93.723000 	107.647575 	90.686272 	37.576588 	30.083218 	75.742989 	87.000000 	93.509361 	43.829212 	18.439089 	25.495098 	17.262676 	60.207973 	104.350372 	13.000000 	22.803509 	52.773098 	37.643059 	38.013157 	31.400637 	25.612497 	14.422205 	67.742157 	40.459858 	
60.406952 	44.911022 	18.027756 	71.784401 	74.000000 	40.521599 	35.440090 	68.447060 	28.301943 	36.891735 	50.774010 	26.400757 	54.424259 	62.297672 	57.982758 	26.248810 	6.708204 	9.899495 	34.000000 	57.706154 	22.472204 	999.000000 	67.067131 	21.400934 	27.658634 	35.805027 	66.708321 	39.623226 	22.472204 	72.670486 	87.321243 	69.404610 	59.941639 	9.055386 	53.758720 	65.436989 	72.201111 	21.540659 	40.459858 	47.801674 	15.132746 	37.735924 	83.234612 	31.400637 	44.598206 	30.463093 	17.029387 	60.464867 	13.892444 	47.423622 	26.400757 	45.276924 	62.801273 	
108.577164 	98.351410 	69.634758 	125.207825 	127.349915 	26.832815 	31.780497 	125.255737 	91.065910 	99.020203 	111.606453 	40.804413 	12.649111 	5.000000 	118.406082 	90.824005 	60.406952 	76.157730 	70.837845 	32.557640 	45.354160 	67.067131 	999.000000 	87.726852 	93.471924 	34.058773 	4.472136 	104.709122 	89.157166 	133.060135 	145.041367 	130.602448 	11.180340 	75.286118 	117.660530 	127.640121 	133.405396 	88.600227 	32.140316 	25.709921 	61.522354 	104.278473 	143.533966 	44.045429 	30.805843 	97.498718 	82.969872 	17.029387 	76.687675 	29.410883 	52.009613 	111.892807 	19.849434 	
48.052055 	32.015621 	23.345236 	55.326305 	57.428215 	60.926186 	55.946404 	50.447994 	11.180340 	18.248287 	31.622776 	47.507893 	75.153175 	82.855293 	38.626415 	7.000000 	28.017851 	11.661903 	37.121422 	74.108032 	43.829212 	21.400934 	87.726852 	999.000000 	6.403124 	57.201397 	87.658424 	18.439089 	2.236068 	52.773098 	68.154236 	49.244289 	81.123360 	16.124516 	32.802441 	44.944408 	51.971146 	5.830952 	61.846584 	69.202599 	33.837849 	16.552946 	63.134777 	52.345009 	65.946945 	11.045361 	14.000000 	81.841309 	20.615528 	68.767723 	46.400433 	24.166092 	84.202141 	
44.271889 	28.635643 	27.018513 	50.039986 	52.086468 	66.640831 	61.717098 	44.721359 	8.485281 	13.038404 	25.709921 	53.535034 	80.950600 	88.566360 	32.572994 	4.472136 	34.205261 	17.804493 	38.897301 	78.517517 	50.000000 	27.658634 	93.471924 	6.403124 	999.000000 	63.411354 	93.536087 	12.041595 	6.324555 	46.518814 	62.032249 	42.941822 	87.132080 	22.472204 	26.400757 	38.587563 	45.650848 	10.049875 	68.117546 	75.432091 	40.224369 	11.180340 	56.824291 	58.728188 	72.249565 	9.219544 	19.416489 	88.005684 	26.570660 	75.073296 	52.801514 	18.681541 	90.426765 	
88.639717 	75.292763 	44.418465 	103.077644 	105.309067 	14.142136 	12.083046 	101.257095 	62.936478 	71.449280 	85.041168 	11.180340 	22.090721 	30.016663 	92.195442 	61.619801 	29.206163 	45.607018 	52.630791 	41.036568 	13.453624 	35.805027 	34.058773 	57.201397 	63.411354 	999.000000 	32.557640 	75.286118 	58.249462 	107.056061 	120.801491 	104.062485 	25.000000 	42.941822 	89.196411 	100.419121 	106.887794 	56.938564 	5.385165 	12.041595 	27.658634 	73.498299 	117.686020 	10.770329 	9.848858 	65.863495 	50.159744 	24.698177 	43.324360 	12.529964 	18.248287 	80.993828 	27.018513 	
110.421921 	99.704567 	70.434364 	126.810883 	128.972870 	27.202942 	31.906113 	126.574089 	91.525955 	99.624290 	112.445541 	40.311287 	12.806249 	7.280110 	119.331474 	91.065910 	60.008331 	76.026314 	72.622307 	36.221542 	44.598206 	66.708321 	4.472136 	87.658424 	93.536087 	32.557640 	999.000000 	104.957130 	89.000000 	134.063416 	146.372818 	131.502853 	8.062258 	74.672615 	118.152443 	128.405609 	134.316788 	88.238312 	30.016663 	23.086792 	60.207973 	104.201729 	144.589066 	42.047592 	28.160255 	97.169952 	82.219215 	13.038404 	75.690155 	26.476404 	50.089920 	111.803398 	15.556349 	
39.661064 	26.248810 	36.400551 	41.436699 	43.289722 	77.897369 	73.061615 	35.000000 	14.317822 	9.848858 	16.124516 	65.215027 	92.282173 	99.764725 	22.090721 	13.892444 	46.097721 	29.732138 	45.099888 	87.863533 	61.846584 	39.623226 	104.709122 	18.439089 	12.041595 	75.286118 	104.957130 	999.000000 	18.027756 	35.114101 	50.960770 	31.384710 	98.737022 	34.409302 	14.422205 	26.832815 	34.014702 	21.023796 	80.056229 	87.321243 	52.201534 	7.615773 	45.188496 	70.767227 	84.219948 	15.033297 	30.463093 	99.809822 	38.013157 	87.045967 	64.815125 	10.770329 	102.303467 	
49.477268 	33.526108 	25.495098 	56.142673 	58.215118 	62.393909 	57.384666 	50.990196 	12.649111 	19.026299 	32.015621 	48.764740 	76.557167 	84.308952 	38.897301 	8.246211 	29.154760 	13.000000 	39.357338 	76.059189 	44.944408 	22.472204 	89.157166 	2.236068 	6.324555 	58.249462 	89.000000 	18.027756 	999.000000 	52.801514 	68.352028 	49.193497 	82.365044 	16.401220 	32.449963 	44.777225 	51.884487 	4.123106 	62.801273 	70.213959 	34.205261 	15.264338 	63.063461 	53.037724 	66.843102 	9.000000 	13.152946 	82.927681 	20.248457 	69.656296 	46.861500 	22.825424 	85.211502 	
34.000000 	35.777088 	63.702435 	19.697716 	19.723083 	106.962608 	102.591423 	12.165525 	44.407207 	35.805027 	22.022715 	96.260063 	121.264175 	128.062485 	14.866069 	46.647614 	78.600258 	62.968246 	64.412735 	110.476242 	93.723000 	72.670486 	133.060135 	52.773098 	46.518814 	107.056061 	134.063416 	35.114101 	52.801514 	999.000000 	16.124516 	4.000000 	128.763351 	68.883957 	21.377558 	9.000000 	2.828427 	56.080299 	112.160599 	119.004204 	86.452301 	41.000000 	10.630146 	104.043259 	116.516090 	49.729267 	65.551506 	130.831955 	73.006851 	119.331474 	98.792709 	37.054016 	133.734818 	
39.395432 	46.690472 	76.694199 	21.540659 	19.924858 	119.553337 	115.433968 	19.798990 	59.059292 	50.537113 	36.674240 	109.808922 	133.645050 	140.071411 	29.546574 	61.741398 	92.962357 	77.826729 	74.813103 	120.370262 	107.647575 	87.321243 	145.041367 	68.154236 	62.032249 	120.801491 	146.372818 	50.960770 	68.352028 	16.124516 	999.000000 	20.099751 	141.534454 	84.172440 	37.483330 	25.079872 	18.000000 	71.784401 	126.015869 	132.612213 	101.518471 	57.070133 	9.433981 	118.511604 	130.430054 	65.734314 	81.271149 	144.045135 	88.600227 	133.221619 	113.648582 	53.150730 	147.122391 	
34.234486 	34.176014 	61.073727 	21.633308 	22.022715 	104.350372 	99.904953 	13.416408 	41.231056 	32.649654 	19.104973 	93.348808 	118.697090 	125.602547 	12.206555 	43.266617 	75.432091 	59.640591 	62.649822 	108.687622 	90.686272 	69.404610 	130.602448 	49.244289 	42.941822 	104.062485 	131.502853 	31.384710 	49.193497 	4.000000 	20.099751 	999.000000 	126.063477 	65.368187 	17.464249 	5.000000 	2.828427 	52.392746 	109.123779 	116.043098 	83.006027 	37.107952 	13.892444 	100.801788 	113.454834 	45.880280 	61.846584 	127.988281 	69.354164 	116.275536 	95.414886 	33.060551 	130.831955 	
106.508217 	95.015785 	65.069191 	122.441826 	124.631454 	22.022715 	26.172504 	121.753853 	85.603737 	93.861603 	106.962608 	33.615471 	9.219544 	10.000000 	113.951744 	84.876381 	53.235325 	69.462219 	68.796799 	37.215588 	37.576588 	59.941639 	11.180340 	81.123360 	87.132080 	25.000000 	8.062258 	98.737022 	82.365044 	128.763351 	141.534454 	126.063477 	999.000000 	67.623962 	112.200714 	122.788437 	128.887543 	81.394104 	22.090721 	15.033297 	52.630791 	97.616600 	139.344894 	34.132095 	20.099751 	90.338257 	75.026665 	6.708204 	68.308128 	18.439089 	42.190044 	105.190300 	10.440307 	
61.032780 	45.000000 	23.430750 	70.405968 	72.567207 	49.030602 	43.931767 	66.098412 	25.709921 	33.837849 	47.539455 	34.481880 	62.641838 	70.604530 	54.625999 	22.472204 	15.132746 	8.246211 	39.824615 	66.753281 	30.083218 	9.055386 	75.286118 	16.124516 	22.472204 	42.941822 	74.672615 	34.409302 	16.401220 	68.883957 	84.172440 	65.368187 	67.623962 	999.000000 	48.826221 	61.057350 	68.095520 	14.212670 	47.169907 	54.708317 	17.804493 	31.144823 	79.259071 	36.878178 	51.039200 	23.021729 	8.000000 	67.601776 	6.708204 	53.823788 	30.479502 	38.418747 	69.641945 	
36.619667 	28.442924 	48.301140 	32.202484 	33.615471 	90.972527 	86.267029 	24.351591 	26.627054 	18.788294 	10.770329 	78.873314 	105.394501 	112.680969 	11.661903 	27.586229 	60.108234 	43.863426 	53.758720 	98.671173 	75.742989 	53.758720 	117.660530 	32.802441 	26.400757 	89.196411 	118.152443 	14.422205 	32.449963 	21.377558 	37.483330 	17.464249 	112.200714 	48.826221 	999.000000 	12.649111 	19.924858 	35.355339 	94.069122 	101.237343 	66.610809 	19.646883 	31.016125 	85.041168 	98.290382 	28.460499 	44.721359 	113.569359 	52.354561 	101.118744 	79.202271 	16.124516 	116.180893 	
35.171009 	32.756680 	58.008621 	24.758837 	25.495098 	101.212646 	96.674713 	16.278820 	37.483330 	29.000000 	16.124516 	89.827614 	115.602768 	122.641754 	10.198039 	39.204590 	71.589104 	55.605755 	60.745369 	106.620827 	87.000000 	65.436989 	127.640121 	44.944408 	38.587563 	100.419121 	128.405609 	26.832815 	44.777225 	9.000000 	25.079872 	5.000000 	122.788437 	61.057350 	12.649111 	999.000000 	7.280110 	47.853943 	105.418213 	112.432205 	78.771820 	32.280025 	18.384777 	96.829750 	109.713264 	41.109608 	57.271286 	124.523087 	64.845970 	112.538879 	91.263351 	28.071337 	127.287079 	
36.055511 	36.769554 	63.890530 	22.360680 	22.472204 	107.168091 	102.727798 	14.560220 	44.045429 	35.468296 	21.931713 	96.176918 	121.511314 	128.405609 	15.000000 	46.043457 	78.243210 	62.425957 	65.306969 	111.359779 	93.509361 	72.201111 	133.405396 	51.971146 	45.650848 	106.887794 	134.316788 	34.014702 	51.884487 	2.828427 	18.000000 	2.828427 	128.887543 	68.095520 	19.924858 	7.280110 	999.000000 	55.036350 	111.946419 	118.869675 	85.755463 	39.560081 	11.180340 	103.600197 	116.275536 	48.383881 	64.474800 	130.816666 	72.013885 	119.096596 	98.183502 	35.227829 	133.660019 	
53.600372 	37.643059 	27.513634 	60.074955 	62.128899 	61.983868 	56.920998 	54.744862 	16.763054 	23.000000 	35.693138 	47.927029 	75.960518 	83.815269 	42.449970 	12.369317 	28.231188 	13.038404 	42.190044 	77.006493 	43.829212 	21.540659 	88.600227 	5.830952 	10.049875 	56.938564 	88.238312 	21.023796 	4.123106 	56.080299 	71.784401 	52.392746 	81.394104 	14.212670 	35.355339 	47.853943 	55.036350 	999.000000 	61.294373 	68.796799 	31.827662 	16.970562 	66.211784 	51.088158 	65.215027 	8.944272 	9.486833 	81.633324 	17.000000 	68.007355 	44.553337 	24.207438 	83.761566 	
94.021271 	80.622574 	49.739319 	108.406639 	110.639053 	17.000000 	16.278820 	106.508217 	67.941154 	76.485291 	90.138779 	16.552946 	21.189621 	28.635643 	97.308784 	66.483078 	33.970577 	50.328918 	57.974133 	43.600460 	18.439089 	40.459858 	32.140316 	61.846584 	68.117546 	5.385165 	30.016663 	80.056229 	62.801273 	112.160599 	126.015869 	109.123779 	22.090721 	47.169907 	94.069122 	105.418213 	111.946419 	61.294373 	999.000000 	7.615773 	31.016125 	78.006409 	122.788437 	12.041595 	4.472136 	70.178345 	54.120235 	20.615528 	47.010635 	7.211102 	20.099751 	85.445892 	22.472204 	
99.729637 	86.821655 	56.035702 	114.586212 	116.811813 	18.027756 	19.416489 	113.004425 	74.953316 	83.450584 	97.000000 	22.803509 	16.401220 	22.847319 	104.139328 	73.661385 	41.231056 	57.628117 	62.968246 	42.485291 	25.495098 	47.801674 	25.709921 	69.202599 	75.432091 	12.041595 	23.086792 	87.321243 	70.213959 	119.004204 	132.612213 	116.043098 	15.033297 	54.708317 	101.237343 	112.432205 	118.869675 	68.796799 	7.615773 	999.000000 	38.626415 	85.445892 	129.634094 	19.416489 	5.099020 	77.698135 	61.717098 	13.000000 	54.625999 	4.242640 	27.459061 	92.913940 	15.000000 	
75.538071 	60.016663 	32.249031 	86.683334 	88.887573 	37.215588 	32.388271 	83.006027 	42.544094 	50.990196 	64.845970 	22.360680 	49.162994 	57.218880 	72.006943 	39.824615 	12.649111 	23.769728 	47.127487 	60.008331 	17.262676 	15.132746 	61.522354 	33.837849 	40.224369 	27.658634 	60.207973 	52.201534 	34.205261 	86.452301 	101.518471 	83.006027 	52.630791 	17.804493 	66.610809 	78.771820 	85.755463 	31.827662 	31.016125 	38.626415 	999.000000 	48.795490 	96.896851 	19.723083 	34.438351 	40.360870 	23.600847 	51.623638 	16.124516 	37.121422 	12.727922 	55.901699 	53.225933 	
47.169907 	33.241539 	38.118237 	48.836460 	50.635956 	77.472572 	72.498276 	42.107006 	17.464249 	16.278820 	23.537205 	64.007812 	91.706055 	99.403221 	29.017237 	15.000000 	44.418465 	28.178005 	49.030602 	89.677200 	60.207973 	37.735924 	104.278473 	16.552946 	11.180340 	73.498299 	104.201729 	7.615773 	15.264338 	41.000000 	57.070133 	37.107952 	97.616600 	31.144823 	19.646883 	32.280025 	39.560081 	16.970562 	78.006409 	85.445892 	48.795490 	999.000000 	50.596443 	68.014702 	82.006096 	8.944272 	25.806976 	98.183502 	33.600594 	84.811554 	61.522354 	7.615773 	100.439034 	
41.773197 	45.793011 	74.276512 	25.000000 	24.083189 	117.515953 	113.172432 	19.924858 	55.000000 	46.400433 	32.649654 	106.887794 	131.795303 	138.538803 	25.495098 	57.140179 	89.202019 	73.498299 	74.431175 	120.440857 	104.350372 	83.234612 	143.533966 	63.134777 	56.824291 	117.686020 	144.589066 	45.188496 	63.063461 	10.630146 	9.433981 	13.892444 	139.344894 	79.259071 	31.016125 	18.384777 	11.180340 	66.211784 	122.788437 	129.634094 	96.896851 	50.596443 	999.000000 	114.621117 	127.141655 	59.464275 	75.643906 	141.449631 	83.192551 	129.957687 	109.293182 	45.891174 	144.360657 	
88.887573 	74.464760 	43.965897 	102.044106 	104.278473 	24.413111 	21.213203 	99.362968 	59.640591 	68.242218 	82.097504 	14.866069 	32.557640 	40.311287 	89.308456 	57.628117 	25.553865 	41.231056 	55.081757 	50.990196 	13.000000 	31.400637 	44.045429 	52.345009 	58.728188 	10.770329 	42.047592 	70.767227 	53.037724 	104.043259 	118.511604 	100.801788 	34.132095 	36.878178 	85.041168 	96.829750 	103.600197 	51.088158 	12.041595 	19.416489 	19.723083 	68.014702 	114.621117 	999.000000 	14.866069 	59.816387 	43.266617 	32.280025 	35.846897 	17.464249 	8.062258 	75.286118 	33.615471 	
98.488579 	85.088188 	54.203320 	112.871605 	115.104301 	19.924858 	20.024984 	110.941429 	72.249565 	80.808418 	94.493385 	21.023796 	21.095022 	27.856777 	101.671036 	70.710678 	38.183765 	54.488529 	62.361847 	45.793011 	22.803509 	44.598206 	30.805843 	65.946945 	72.249565 	9.848858 	28.160255 	84.219948 	66.843102 	116.516090 	130.430054 	113.454834 	20.099751 	51.039200 	98.290382 	109.713264 	116.275536 	65.215027 	4.472136 	5.099020 	34.438351 	82.006096 	127.141655 	14.866069 	999.000000 	74.060783 	57.801384 	17.464249 	50.537113 	2.828427 	22.803509 	89.403580 	18.788294 	
52.392746 	37.215588 	34.365681 	56.222771 	58.137768 	70.837845 	65.787537 	50.009998 	17.691807 	20.615528 	31.016125 	56.859474 	84.864601 	92.698433 	37.121422 	13.601471 	37.161808 	21.587032 	47.539455 	85.052925 	52.773098 	30.463093 	97.498718 	11.045361 	9.219544 	65.863495 	97.169952 	15.033297 	9.000000 	49.729267 	65.734314 	45.880280 	90.338257 	23.021729 	28.460499 	41.109608 	48.383881 	8.944272 	70.178345 	77.698135 	40.360870 	8.944272 	59.464275 	59.816387 	74.060783 	999.000000 	17.029387 	90.553848 	24.839485 	76.843994 	53.075417 	15.556349 	92.649879 	
61.814240 	45.705578 	29.206163 	69.260376 	71.344238 	56.885849 	51.788029 	64.132675 	25.079872 	32.140316 	45.122055 	42.201897 	70.342018 	78.339005 	51.923019 	21.000000 	23.086792 	12.806249 	45.276924 	74.672615 	37.643059 	17.029387 	82.969872 	14.000000 	19.416489 	50.159744 	82.219215 	30.463093 	13.152946 	65.551506 	81.271149 	61.846584 	75.026665 	8.000000 	44.721359 	57.271286 	64.474800 	9.486833 	54.120235 	61.717098 	23.600847 	25.806976 	75.643906 	43.266617 	57.801384 	17.029387 	999.000000 	74.686012 	7.810250 	60.539242 	36.235340 	32.557640 	76.537575 	
109.931801 	97.800819 	67.357254 	125.431259 	127.640121 	25.495098 	28.844410 	124.326187 	87.114868 	95.524864 	108.894447 	34.713108 	15.033297 	16.643316 	115.974136 	86.052307 	53.823788 	70.213959 	72.470680 	43.566040 	38.013157 	60.464867 	17.029387 	81.841309 	88.005684 	24.698177 	13.038404 	99.809822 	82.927681 	130.831955 	144.045135 	127.988281 	6.708204 	67.601776 	113.569359 	124.523087 	130.816666 	81.633324 	20.615528 	13.000000 	51.623638 	98.183502 	141.449631 	32.280025 	17.464249 	90.553848 	74.686012 	999.000000 	67.623962 	15.132746 	40.261642 	105.688217 	4.000000 	
67.186310 	51.088158 	30.000000 	75.802376 	77.929459 	51.156624 	46.097721 	71.063354 	31.144823 	38.832977 	52.201534 	36.221542 	64.132675 	72.180328 	59.135437 	27.459061 	18.439089 	14.866069 	46.400433 	70.830788 	31.400637 	13.892444 	76.687675 	20.615528 	26.570660 	43.324360 	75.690155 	38.013157 	20.248457 	73.006851 	88.600227 	69.354164 	68.308128 	6.708204 	52.354561 	64.845970 	72.013885 	17.000000 	47.010635 	54.625999 	16.124516 	33.600594 	83.192551 	35.846897 	50.537113 	24.839485 	7.810250 	67.623962 	999.000000 	53.235325 	28.600698 	40.360870 	69.318108 	
101.133575 	87.817993 	56.938564 	115.602768 	117.834633 	21.377558 	22.022715 	113.718948 	75.073296 	83.630135 	97.308784 	23.706539 	20.615528 	26.832815 	104.484451 	73.539108 	41.012192 	57.314919 	64.845970 	46.529560 	25.612497 	47.423622 	29.410883 	68.767723 	75.073296 	12.529964 	26.476404 	87.045967 	69.656296 	119.331474 	133.221619 	116.275536 	18.439089 	53.823788 	101.118744 	112.538879 	119.096596 	68.007355 	7.211102 	4.242640 	37.121422 	84.811554 	129.957687 	17.464249 	2.828427 	76.843994 	60.539242 	15.132746 	53.235325 	999.000000 	25.298222 	92.200867 	16.155495 	
85.906929 	70.880180 	41.303753 	98.081596 	100.304535 	30.870699 	26.925823 	94.847244 	54.589375 	63.134777 	77.025970 	18.384777 	40.311287 	48.166378 	84.219948 	52.153618 	21.587032 	35.846897 	54.230988 	56.612720 	14.422205 	26.400757 	52.009613 	46.400433 	52.801514 	18.248287 	50.089920 	64.815125 	46.861500 	98.792709 	113.648582 	95.414886 	42.190044 	30.479502 	79.202271 	91.263351 	98.183502 	44.553337 	20.099751 	27.459061 	12.727922 	61.522354 	109.293182 	8.062258 	22.803509 	53.075417 	36.235340 	40.261642 	28.600698 	25.298222 	999.000000 	68.622154 	41.436699 	
48.918301 	36.619667 	45.398239 	47.759815 	49.335587 	85.088188 	80.112419 	40.261642 	24.020824 	20.615528 	23.323807 	71.589104 	99.317673 	107.018692 	27.202942 	22.203604 	51.971146 	35.777088 	55.443665 	97.015465 	67.742157 	45.276924 	111.892807 	24.166092 	18.681541 	80.993828 	111.803398 	10.770329 	22.825424 	37.054016 	53.150730 	33.060551 	105.190300 	38.418747 	16.124516 	28.071337 	35.227829 	24.207438 	85.445892 	92.913940 	55.901699 	7.615773 	45.891174 	75.286118 	89.403580 	15.556349 	32.557640 	105.688217 	40.360870 	92.200867 	68.622154 	999.000000 	107.898102 	
113.371071 	101.019798 	70.434364 	128.705093 	130.919830 	29.154760 	32.249031 	127.440186 	89.827614 	98.290382 	111.758667 	37.483330 	19.026299 	20.124611 	118.869675 	88.617157 	56.222771 	72.622307 	76.026314 	47.518417 	40.459858 	62.801273 	19.849434 	84.202141 	90.426765 	27.018513 	15.556349 	102.303467 	85.211502 	133.734818 	147.122391 	130.831955 	10.440307 	69.641945 	116.180893 	127.287079 	133.660019 	83.761566 	22.472204 	15.000000 	53.225933 	100.439034 	144.360657 	33.615471 	18.788294 	92.649879 	76.537575 	4.000000 	69.318108 	16.155495 	41.436699 	107.898102 	999.000000 	

Travel time:
9.000000 	0.403113 	1.123054 	0.447214 	0.493077 	2.114976 	2.028084 	0.552268 	0.921954 	0.794512 	0.656220 	1.936814 	2.450128 	2.592778 	0.660019 	1.030776 	1.608182 	1.325000 	0.945053 	2.045880 	1.913766 	1.510174 	2.714429 	1.201301 	1.106797 	2.215993 	2.760548 	0.991527 	1.236932 	0.850000 	0.984886 	0.855862 	2.662705 	1.525820 	0.915492 	0.879275 	0.901388 	1.340009 	2.350532 	2.493241 	1.888452 	1.179248 	1.044330 	2.222189 	2.462214 	1.309819 	1.545356 	2.748295 	1.679658 	2.528339 	2.147673 	1.222957 	2.834277 	
0.403113 	9.000000 	0.772172 	0.694622 	0.750417 	1.825000 	1.725724 	0.672681 	0.522015 	0.425735 	0.450694 	1.603512 	2.175000 	2.334524 	0.564026 	0.632456 	1.233390 	0.926350 	0.716327 	1.867652 	1.565248 	1.122776 	2.458785 	0.800391 	0.715891 	1.882319 	2.492614 	0.656220 	0.838153 	0.894427 	1.167262 	0.854400 	2.375395 	1.125000 	0.711073 	0.818917 	0.919239 	0.941076 	2.015564 	2.170541 	1.500417 	0.831038 	1.144825 	1.861619 	2.127205 	0.930390 	1.142639 	2.445020 	1.277204 	2.195450 	1.772004 	0.915492 	2.525495 	
1.123054 	0.772172 	9.000000 	1.466714 	1.522539 	1.081954 	0.972432 	1.425219 	0.553399 	0.738241 	1.050297 	0.832166 	1.440703 	1.615936 	1.222957 	0.579871 	0.500000 	0.410031 	0.410031 	1.290591 	0.794512 	0.450694 	1.740869 	0.583631 	0.675463 	1.110462 	1.760859 	0.910014 	0.637377 	1.592561 	1.917355 	1.526843 	1.626730 	0.585769 	1.207528 	1.450216 	1.597263 	0.687841 	1.243483 	1.400892 	0.806226 	0.952956 	1.856913 	1.099147 	1.355083 	0.859142 	0.730154 	1.683931 	0.750000 	1.423464 	1.032594 	1.134956 	1.760859 	
0.447214 	0.694622 	1.466714 	9.000000 	0.055902 	2.510602 	2.415186 	0.212132 	1.118034 	0.928036 	0.632949 	2.298097 	2.855368 	3.007075 	0.515388 	1.209339 	1.917355 	1.576586 	1.361295 	2.485080 	2.258872 	1.794610 	3.130196 	1.383158 	1.251000 	2.576941 	3.170272 	1.035918 	1.403567 	0.492443 	0.538516 	0.540833 	3.061046 	1.760149 	0.805062 	0.618971 	0.559017 	1.501874 	2.710166 	2.864655 	2.167083 	1.220912 	0.625000 	2.551103 	2.821790 	1.405569 	1.731509 	3.135782 	1.895059 	2.890069 	2.452040 	1.193995 	3.217627 	
0.493077 	0.750417 	1.522539 	0.055902 	9.000000 	2.565395 	2.470324 	0.235850 	1.171804 	0.980115 	0.679154 	2.353853 	2.909682 	3.060739 	0.553399 	1.262191 	1.973100 	1.631334 	1.414214 	2.535005 	2.314763 	1.850000 	3.183748 	1.435705 	1.302162 	2.632727 	3.224322 	1.082243 	1.455378 	0.493077 	0.498121 	0.550568 	3.115786 	1.814180 	0.840387 	0.637377 	0.561805 	1.553222 	2.765976 	2.920295 	2.222189 	1.265899 	0.602080 	2.606962 	2.877608 	1.453444 	1.783606 	3.191003 	1.948236 	2.945866 	2.507613 	1.233390 	3.272996 	
2.114976 	1.825000 	1.081954 	2.510602 	2.565395 	9.000000 	0.127475 	2.494118 	1.608765 	1.810559 	2.131901 	0.375000 	0.360555 	0.548293 	2.304886 	1.600195 	0.848896 	1.234909 	1.175266 	0.672681 	0.500625 	1.013040 	0.670820 	1.523155 	1.666021 	0.353553 	0.680074 	1.947434 	1.559848 	2.674065 	2.988833 	2.608759 	0.550568 	1.225765 	2.274313 	2.530316 	2.679202 	1.549597 	0.425000 	0.450694 	0.930390 	1.936814 	2.937899 	0.610328 	0.498121 	1.770946 	1.422146 	0.637377 	1.278916 	0.534439 	0.771767 	2.127205 	0.728869 	
2.028084 	1.725724 	0.972432 	2.415186 	2.470324 	0.127475 	9.000000 	2.391783 	1.491015 	1.695029 	2.020211 	0.251247 	0.480885 	0.673146 	2.194596 	1.479231 	0.721543 	1.109617 	1.096586 	0.745822 	0.378319 	0.886002 	0.794512 	1.398660 	1.542928 	0.302076 	0.797653 	1.826540 	1.434617 	2.564785 	2.885849 	2.497624 	0.654313 	1.098294 	2.156676 	2.416868 	2.568195 	1.423025 	0.406971 	0.485412 	0.809707 	1.812457 	2.829311 	0.530330 	0.500625 	1.644688 	1.294701 	0.721110 	1.152443 	0.550568 	0.673146 	2.002810 	0.806226 	
0.552268 	0.672681 	1.425219 	0.212132 	0.235850 	2.494118 	2.391783 	9.000000 	1.012423 	0.807001 	0.477624 	2.255271 	2.846160 	3.007075 	0.328824 	1.092016 	1.845603 	1.480920 	1.380444 	2.525495 	2.205108 	1.711177 	3.131393 	1.261200 	1.118034 	2.531427 	3.164352 	0.875000 	1.274755 	0.304138 	0.494975 	0.335410 	3.043846 	1.652460 	0.608790 	0.406971 	0.364006 	1.368622 	2.662705 	2.825111 	2.075151 	1.052675 	0.498121 	2.484074 	2.773536 	1.250250 	1.603317 	3.108155 	1.776584 	2.842974 	2.371181 	1.006541 	3.186005 	
0.921954 	0.522015 	0.553399 	1.118034 	1.171804 	1.608765 	1.491015 	1.012423 	9.000000 	0.215058 	0.561805 	1.310057 	1.969296 	2.152324 	0.742041 	0.111803 	0.855132 	0.469707 	0.789383 	1.838648 	1.237942 	0.707549 	2.276648 	0.279509 	0.212132 	1.573412 	2.288149 	0.357946 	0.316228 	1.110180 	1.476482 	1.030776 	2.140093 	0.642748 	0.665676 	0.937083 	1.101136 	0.419076 	1.698529 	1.873833 	1.063602 	0.436606 	1.375000 	1.491015 	1.806239 	0.442295 	0.626997 	2.177872 	0.778621 	1.876832 	1.364734 	0.600521 	2.245690 	
0.794512 	0.425735 	0.738241 	0.928036 	0.980115 	1.810559 	1.695029 	0.807001 	0.215058 	9.000000 	0.347311 	1.520691 	2.170973 	2.350798 	0.527376 	0.285044 	1.070047 	0.682367 	0.900347 	2.002030 	1.451293 	0.922293 	2.475505 	0.456207 	0.325960 	1.786232 	2.490607 	0.246221 	0.475657 	0.895126 	1.263428 	0.816241 	2.346540 	0.845946 	0.469707 	0.725000 	0.886707 	0.575000 	1.912132 	2.086265 	1.274755 	0.406971 	1.160011 	1.706055 	2.020211 	0.515388 	0.803508 	2.388122 	0.970824 	2.090753 	1.578369 	0.515388 	2.457260 	
0.656220 	0.450694 	1.050297 	0.632949 	0.679154 	2.131901 	2.020211 	0.477624 	0.561805 	0.347311 	9.000000 	1.856913 	2.490984 	2.665169 	0.180278 	0.626997 	1.415318 	1.029563 	1.123054 	2.265502 	1.792519 	1.269350 	2.790161 	0.790569 	0.642748 	2.126029 	2.811139 	0.403113 	0.800391 	0.550568 	0.916856 	0.477624 	2.674065 	1.188486 	0.269258 	0.403113 	0.548293 	0.892328 	2.253469 	2.425000 	1.621149 	0.588430 	0.816241 	2.052438 	2.362335 	0.775403 	1.128051 	2.722361 	1.305038 	2.432720 	1.925649 	0.583095 	2.793967 	
1.936814 	1.603512 	0.832166 	2.298097 	2.353853 	0.375000 	0.251247 	2.255271 	1.310057 	1.520691 	1.856913 	9.000000 	0.704006 	0.903466 	2.034853 	1.285010 	0.492443 	0.896172 	1.044330 	0.964689 	0.127475 	0.660019 	1.020110 	1.187697 	1.338376 	0.279509 	1.007782 	1.630376 	1.219118 	2.406502 	2.745223 	2.333720 	0.840387 	0.862047 	1.971833 	2.245690 	2.404423 	1.198176 	0.413824 	0.570088 	0.559017 	1.600195 	2.672195 	0.371652 	0.525595 	1.421487 	1.055047 	0.867828 	0.905539 	0.592663 	0.459619 	1.789728 	0.937083 	
2.450128 	2.175000 	1.440703 	2.855368 	2.909682 	0.360555 	0.480885 	2.846160 	1.969296 	2.170973 	2.490984 	0.704006 	9.000000 	0.201556 	2.663175 	1.959751 	1.193995 	1.589025 	1.505407 	0.715891 	0.818917 	1.360606 	0.316228 	1.878829 	2.023765 	0.552268 	0.320156 	2.307054 	1.913929 	3.031604 	3.341126 	2.967427 	0.230489 	1.566046 	2.634862 	2.890069 	3.037783 	1.899013 	0.529741 	0.410031 	1.229075 	2.292651 	3.294883 	0.813941 	0.527376 	2.121615 	1.758550 	0.375832 	1.603317 	0.515388 	1.007782 	2.482942 	0.475657 	
2.592778 	2.334524 	1.615936 	3.007075 	3.060739 	0.548293 	0.673146 	3.007075 	2.152324 	2.350798 	2.665169 	0.903466 	0.201556 	9.000000 	2.835159 	2.147091 	1.391492 	1.782730 	1.648674 	0.726722 	1.019804 	1.557442 	0.125000 	2.071382 	2.214159 	0.750417 	0.182003 	2.494118 	2.107724 	3.201562 	3.501785 	3.140064 	0.250000 	1.765113 	2.817024 	3.066044 	3.210140 	2.095382 	0.715891 	0.571183 	1.430472 	2.485080 	3.463470 	1.007782 	0.696419 	2.317461 	1.958475 	0.416083 	1.804508 	0.670820 	1.204159 	2.675467 	0.503115 	
0.660019 	0.564026 	1.222957 	0.515388 	0.553399 	2.304886 	2.194596 	0.328824 	0.742041 	0.527376 	0.180278 	2.034853 	2.663175 	2.835159 	9.000000 	0.805062 	1.595502 	1.209339 	1.267379 	2.416609 	1.971833 	1.449569 	2.960152 	0.965660 	0.814325 	2.304886 	2.983287 	0.552268 	0.972432 	0.371652 	0.738664 	0.305164 	2.848794 	1.365650 	0.291548 	0.254951 	0.375000 	1.061249 	2.432720 	2.603483 	1.800174 	0.725431 	0.637377 	2.232711 	2.541776 	0.928036 	1.298075 	2.899354 	1.478386 	2.612111 	2.105499 	0.680074 	2.971742 	
1.030776 	0.632456 	0.579871 	1.209339 	1.262191 	1.600195 	1.479231 	1.092016 	0.111803 	0.285044 	0.626997 	1.285010 	1.959751 	2.147091 	0.805062 	9.000000 	0.813173 	0.410031 	0.862047 	1.870328 	1.204159 	0.656220 	2.270600 	0.175000 	0.111803 	1.540495 	2.276648 	0.347311 	0.206155 	1.166190 	1.543535 	1.081665 	2.121910 	0.561805 	0.689656 	0.980115 	1.151086 	0.309233 	1.662077 	1.841535 	0.995615 	0.375000 	1.428504 	1.440703 	1.767767 	0.340037 	0.525000 	2.151308 	0.686477 	1.838478 	1.303840 	0.555090 	2.215429 	
