Total assets = 573
Number of asset nodes = 33

Distance:
999.000000 	75.471848 	19.313208 	108.706024 	41.976185 	117.153748 	46.097721 	16.552946 	119.970833 	99.020203 	74.732857 	120.104118 	78.294319 	133.405396 	129.807556 	75.432091 	58.821766 	22.825424 	90.906548 	17.888544 	96.384644 	50.990196 	77.472572 	45.398239 	131.045792 	46.173584 	93.941475 	28.861740 	54.918121 	94.826157 	86.406021 	34.655445 	99.297531 	149.201202 	111.305885 	146.413803 	143.010483 	41.436699 	83.815269 	26.248810 	112.507774 	68.249542 	121.202309 	50.039986 	37.947330 	51.088158 	130.430054 	109.128365 	27.294687 	28.792360 	111.359779 	70.256676 	
75.471848 	999.000000 	94.514549 	35.227829 	38.600517 	43.600460 	35.510563 	67.896980 	46.400433 	23.600847 	9.848858 	46.227695 	9.899495 	71.700768 	64.761101 	8.602325 	17.088007 	52.697250 	18.973665 	91.214035 	21.023796 	33.105892 	11.401754 	38.948685 	58.008621 	40.249222 	19.416489 	59.203041 	31.622776 	20.396078 	15.811388 	109.622078 	24.738634 	77.388626 	35.846897 	74.060783 	70.000000 	51.429562 	19.209373 	97.000000 	37.121422 	27.166155 	45.803928 	44.271889 	59.059292 	44.922153 	55.317268 	34.481880 	89.938866 	86.052307 	37.107952 	34.525352 	
19.313208 	94.514549 	999.000000 	127.200630 	61.131008 	135.602356 	65.253349 	33.000000 	138.405197 	117.991524 	94.021271 	138.600143 	97.575615 	149.626205 	146.659470 	94.047859 	77.698135 	42.047592 	109.402924 	13.453624 	115.485931 	70.092796 	96.772926 	64.327286 	149.305054 	64.938431 	113.145920 	46.000000 	73.979729 	114.039467 	105.702415 	18.384777 	118.511604 	167.092789 	130.361038 	164.438431 	161.198639 	59.008472 	103.121284 	20.591261 	131.609268 	87.321243 	140.132080 	68.183578 	54.230988 	69.115845 	149.214615 	128.351074 	29.732138 	34.409302 	130.613937 	88.955048 	
108.706024 	35.227829 	127.200630 	999.000000 	73.817345 	8.485281 	70.724815 	102.649887 	11.313708 	15.033297 	41.231056 	11.401754 	38.275318 	43.174065 	34.365681 	33.301651 	50.209560 	86.371292 	17.804493 	125.255737 	20.024984 	68.095520 	40.162170 	74.094536 	22.803509 	75.292763 	25.019993 	94.403389 	66.189125 	25.000000 	34.365681 	143.282944 	23.345236 	42.190044 	15.556349 	38.832977 	34.828148 	86.452301 	41.303753 	131.529465 	17.691807 	58.523499 	17.117243 	78.721024 	94.154129 	79.202271 	23.086792 	23.021729 	124.963997 	121.210564 	25.612497 	64.536812 	
41.976185 	38.600517 	61.131008 	73.817345 	999.000000 	82.200974 	4.123106 	30.528675 	85.000000 	61.554855 	34.828148 	84.811554 	38.418747 	107.205414 	101.390335 	42.047592 	25.961510 	21.095022 	56.938564 	55.009090 	58.000000 	9.055386 	37.202152 	5.000000 	96.607452 	7.071068 	54.671749 	20.615528 	13.038404 	55.443665 	46.043457 	73.790245 	59.816387 	115.935326 	72.917763 	112.645462 	108.600182 	15.000000 	42.485291 	59.640591 	73.756355 	26.305893 	83.450584 	14.212670 	21.587032 	15.620500 	93.348808 	69.404610 	51.623638 	47.507893 	71.281136 	29.154760 	
117.153748 	43.600460 	135.602356 	8.485281 	82.200974 	999.000000 	79.056938 	111.126053 	2.828427 	22.135944 	49.193497 	3.162278 	46.097721 	39.395432 	30.083218 	41.773197 	58.694122 	94.847244 	26.248810 	133.734818 	26.925823 	76.321686 	47.927029 	82.377182 	14.422205 	83.528435 	31.780497 	102.800781 	74.303429 	31.575306 	41.484936 	151.743210 	29.068884 	34.000000 	17.720045 	30.528675 	26.400757 	94.667839 	48.270073 	140.014282 	19.313208 	66.128662 	13.601471 	86.769814 	102.396286 	87.206650 	16.031219 	25.961510 	133.416641 	129.630249 	27.856777 	71.840103 	
46.097721 	35.510563 	65.253349 	70.724815 	4.123106 	79.056938 	999.000000 	34.481880 	81.841309 	58.137768 	31.144823 	81.608826 	34.713108 	105.080925 	99.020203 	39.560081 	24.186773 	25.019993 	54.120235 	59.033890 	54.451813 	5.000000 	33.421551 	4.000000 	93.477272 	6.082763 	50.990196 	24.041630 	9.000000 	51.739735 	42.201897 	77.820305 	56.080299 	112.898186 	69.310890 	109.553642 	105.437187 	16.492422 	38.470768 	63.513779 	70.092796 	22.203604 	79.906197 	13.000000 	23.769728 	14.317822 	89.872131 	65.604881 	55.226807 	50.931328 	67.424034 	25.317978 	
16.552946 	67.896980 	33.000000 	102.649887 	30.528675 	111.126053 	34.481880 	999.000000 	113.951744 	91.350975 	65.215027 	113.899078 	68.818604 	131.928009 	127.263504 	69.656296 	52.630791 	18.681541 	85.146935 	24.698177 	88.090858 	38.910152 	67.675697 	32.695564 	125.399361 	32.893768 	85.000000 	13.000000 	42.544094 	85.802101 	76.550636 	43.462627 	90.210861 	144.308701 	103.077644 	141.226761 	137.440903 	26.019224 	72.945183 	29.206163 	104.019226 	55.713554 	113.454834 	35.355339 	21.587032 	36.221542 	123.166557 	99.864906 	22.825424 	20.615528 	101.788994 	56.515484 	
119.970833 	46.400433 	138.405197 	11.313708 	85.000000 	2.828427 	81.841309 	113.951744 	999.000000 	24.698177 	51.884487 	1.414214 	48.754486 	38.470768 	29.068884 	44.598206 	61.522354 	97.672920 	29.068884 	136.561340 	29.410883 	79.075912 	50.566788 	85.146935 	11.661903 	86.284416 	34.205261 	105.603027 	77.025970 	33.955853 	43.965897 	154.563904 	31.257000 	31.304953 	19.235384 	27.784887 	23.600847 	97.416634 	50.695168 	142.842575 	20.615528 	68.709534 	13.453624 	89.470665 	105.152267 	89.894379 	14.035668 	27.459061 	136.235092 	132.438660 	29.120440 	74.330345 	
99.020203 	23.600847 	117.991524 	15.033297 	61.554855 	22.135944 	58.137768 	91.350975 	24.698177 	999.000000 	27.459061 	24.166092 	24.186773 	57.706154 	49.162994 	25.000000 	40.311287 	76.275818 	13.601471 	114.808533 	5.000000 	55.000000 	25.942244 	61.220913 	36.249138 	62.201286 	10.000000 	82.134033 	52.697250 	10.049875 	19.416489 	133.221619 	9.433981 	55.946404 	12.649111 	52.325901 	47.885281 	73.239334 	26.305893 	120.507263 	14.317822 	44.011364 	22.203604 	65.000000 	81.024689 	65.368187 	31.827662 	14.560220 	113.145920 	109.041275 	17.720045 	49.729267 	
74.732857 	9.848858 	94.021271 	41.231056 	34.828148 	49.193497 	31.144823 	65.215027 	51.884487 	27.459061 	999.000000 	51.478149 	3.605551 	80.224686 	72.835434 	18.357559 	20.223749 	52.000000 	27.073973 	89.358826 	23.430750 	27.658634 	3.000000 	33.970577 	63.529522 	34.828148 	19.849434 	55.172459 	25.238859 	20.615528 	11.704700 	108.046288 	25.000000 	83.186539 	38.183765 	79.649231 	75.292763 	45.803928 	11.401754 	94.403389 	38.948685 	18.027756 	48.836460 	37.589893 	53.600372 	38.013157 	58.898216 	34.669872 	86.371292 	82.024384 	36.715118 	25.079872 	
120.104118 	46.227695 	138.600143 	11.401754 	84.811554 	3.162278 	81.608826 	113.899078 	1.414214 	24.166092 	51.478149 	999.000000 	48.301140 	39.824615 	30.413813 	44.687805 	61.554855 	97.744568 	29.206163 	136.619904 	28.792360 	78.771820 	50.089920 	84.876381 	12.083046 	85.982559 	33.526108 	105.422958 	76.661591 	33.241539 	43.324360 	154.673843 	30.413813 	31.780497 	18.110771 	28.178005 	23.853722 	97.097885 	50.000000 	142.835571 	19.416489 	68.154236 	12.041595 	89.067390 	104.847511 	89.470665 	13.000000 	26.305893 	136.124939 	132.279999 	27.892651 	73.681747 	
78.294319 	9.899495 	97.575615 	38.275318 	38.418747 	46.097721 	34.713108 	68.818604 	48.754486 	24.186773 	3.605551 	48.301140 	999.000000 	78.057671 	70.455658 	18.439089 	23.021729 	55.542778 	25.019993 	92.962357 	20.000000 	31.144823 	2.000000 	37.483330 	60.373837 	38.288380 	16.278820 	58.728188 	28.600698 	17.029387 	8.246211 	111.646767 	21.400934 	80.056229 	34.655445 	76.478752 	72.069412 	49.203659 	9.433981 	98.005104 	35.383614 	20.396078 	45.343136 	40.816662 	57.008770 	41.182522 	55.443665 	31.064449 	89.938866 	85.562843 	33.120991 	27.018513 	
133.405396 	71.700768 	149.626205 	43.174065 	107.205414 	39.395432 	105.080925 	131.928009 	38.470768 	57.706154 	80.224686 	39.824615 	78.057671 	999.000000 	9.433981 	65.734314 	81.271149 	113.648582 	53.150730 	151.172089 	62.649822 	103.812332 	80.056229 	108.931168 	33.941124 	110.602890 	67.601776 	126.649124 	102.961159 	67.742157 	76.164299 	167.409683 	66.490601 	32.557640 	57.008770 	33.526108 	35.341194 	121.564796 	83.150467 	158.808060 	58.694122 	98.249680 	51.623638 	115.520561 	128.736160 	116.297035 	47.423622 	65.192024 	154.738495 	152.118378 	67.230942 	105.076164 	
129.807556 	64.761101 	146.659470 	34.365681 	101.390335 	30.083218 	99.020203 	127.263504 	29.068884 	49.162994 	72.835434 	30.413813 	70.455658 	9.433981 	999.000000 	59.464275 	75.643906 	109.293182 	45.891174 	147.410995 	54.147945 	97.416634 	72.443085 	102.786186 	24.839485 	104.355164 	59.135437 	121.247681 	96.301613 	59.211487 	68.000000 	164.149323 	57.706154 	27.073973 	47.759815 	27.073973 	27.892651 	115.433968 	75.000000 	154.767563 	49.396355 	90.796478 	42.190044 	108.931168 	122.776222 	109.635757 	38.183765 	55.973209 	150.083313 	147.176758 	57.939625 	97.416634 	
75.432091 	8.602325 	94.047859 	33.301651 	42.047592 	41.773197 	39.560081 	69.656296 	44.598206 	25.000000 	18.357559 	44.687805 	18.439089 	65.734314 	59.464275 	999.000000 	17.029387 	53.075417 	15.556349 	91.967384 	24.083189 	38.078865 	20.000000 	43.324360 	55.865910 	44.922153 	24.186773 	62.265560 	37.336308 	25.179358 	23.323807 	109.986366 	29.017237 	74.652527 	37.643059 	71.589104 	67.896980 	55.973209 	27.586229 	98.351410 	39.293766 	34.928497 	46.518814 	49.819675 	63.324562 	50.635956 	55.226807 	38.118237 	92.200867 	88.752464 	41.048752 	42.449970 	
58.821766 	17.088007 	77.698135 	50.209560 	25.961510 	58.694122 	24.186773 	52.630791 	61.522354 	40.311287 	20.223749 	61.554855 	23.021729 	81.271149 	75.643906 	17.029387 	999.000000 	36.235340 	32.557640 	75.073296 	38.078865 	24.083189 	23.194826 	28.160255 	72.862885 	30.066593 	36.400551 	45.617977 	24.738634 	37.363083 	31.016125 	93.236259 	41.761227 	91.678787 	52.773098 	88.617157 	84.899940 	40.607880 	31.575306 	81.344948 	54.129475 	28.319605 	62.433964 	36.055511 	47.539455 	37.121422 	71.610054 	51.546097 	75.213028 	71.867935 	54.120235 	35.608986 	
22.825424 	52.697250 	42.047592 	86.371292 	21.095022 	94.847244 	25.019993 	18.681541 	97.672920 	76.275818 	52.000000 	97.744568 	55.542778 	113.648582 	109.293182 	53.075417 	36.235340 	999.000000 	68.622154 	38.897301 	73.573090 	30.016663 	54.781384 	25.495098 	108.903625 	26.925823 	71.119621 	19.697716 	34.014702 	72.006943 	63.694584 	57.008770 	76.478752 	127.404869 	88.509888 	124.482933 	120.917328 	27.018513 	61.400326 	45.607018 	89.693924 	47.042534 	98.473343 	32.695564 	28.017851 	34.014702 	107.800743 	86.313385 	41.231056 	39.293766 	88.566360 	50.249378 	
90.906548 	18.973665 	109.402924 	17.804493 	56.938564 	26.248810 	54.120235 	85.146935 	29.068884 	13.601471 	27.073973 	29.206163 	25.019993 	53.150730 	45.891174 	15.556349 	32.557640 	68.622154 	999.000000 	107.517441 	15.811388 	52.000000 	27.018513 	57.697487 	40.311287 	59.093147 	19.104973 	77.388626 	50.596443 	19.798990 	24.698177 	125.495018 	21.633308 	59.203041 	25.000000 	56.080299 	52.345009 	70.263786 	31.320919 	113.899078 	27.018513 	45.099888 	32.280025 	63.245552 	77.820305 	63.890530 	40.249222 	28.160255 	107.615051 	104.043259 	31.320919 	52.000000 	
17.888544 	91.214035 	13.453624 	125.255737 	55.009090 	133.734818 	59.033890 	24.698177 	136.561340 	114.808533 	89.358826 	136.619904 	92.962357 	151.172089 	147.410995 	91.967384 	75.073296 	38.897301 	107.517441 	999.000000 	111.830231 	63.560993 	91.923882 	57.384666 	147.800537 	57.584721 	109.000000 	37.107952 	67.230942 	109.836243 	100.846420 	18.788294 	114.280357 	166.243790 	126.826653 	163.355438 	159.812393 	50.009998 	97.493591 	9.000000 	127.882759 	80.411446 	137.003647 	59.665737 	44.181442 	60.415230 	146.492325 	124.020157 	16.278820 	21.095022 	126.051575 	81.043198 	
96.384644 	21.023796 	115.485931 	20.024984 	58.000000 	26.925823 	54.451813 	88.090858 	29.410883 	5.000000 	23.430750 	28.792360 	20.000000 	62.649822 	54.147945 	24.083189 	38.078865 	73.573090 	15.811388 	111.830231 	999.000000 	51.088158 	21.633308 	57.384666 	40.853397 	58.258045 	5.000000 	78.492035 	48.600410 	5.099020 	14.560220 	130.357208 	5.830952 	60.539242 	15.000000 	56.859474 	52.325901 	69.202599 	21.377558 	117.290237 	16.124516 	39.395432 	25.455845 	60.745369 	77.006493 	61.057350 	35.468296 	14.035668 	109.622078 	105.380264 	17.000000 	44.922153 	
50.990196 	33.105892 	70.092796 	68.095520 	9.055386 	76.321686 	5.000000 	38.910152 	79.075912 	55.000000 	27.658634 	78.771820 	31.144823 	103.812332 	97.416634 	38.078865 	24.083189 	30.016663 	52.000000 	63.560993 	51.088158 	999.000000 	29.698484 	6.403124 	90.735878 	7.211102 	47.381432 	27.802877 	4.000000 	48.083260 	38.288380 	82.346825 	52.345009 	110.276924 	65.795135 	106.850365 	102.625534 	18.357559 	34.132095 	67.742157 	66.468040 	17.262676 	76.485291 	12.000000 	26.076809 	13.038404 	86.556343 	61.717098 	59.033890 	54.488529 	63.411354 	20.396078 	
77.472572 	11.401754 	96.772926 	40.162170 	37.202152 	47.927029 	33.421551 	67.675697 	50.566788 	25.942244 	3.000000 	50.089920 	2.000000 	80.056229 	72.443085 	20.000000 	23.194826 	54.781384 	27.018513 	91.923882 	21.633308 	29.698484 	999.000000 	36.069378 	62.169125 	36.796738 	17.691807 	57.384666 	27.018513 	18.384777 	8.944272 	110.639053 	22.671568 	81.859634 	36.124783 	78.262383 	73.824112 	47.634022 	8.544003 	96.834908 	36.769554 	18.439089 	46.861500 	39.115215 	55.443665 	39.446167 	57.008770 	32.202484 	88.617157 	84.172440 	34.132095 	25.019993 	
45.398239 	38.948685 	64.327286 	74.094536 	5.000000 	82.377182 	4.000000 	32.695564 	85.146935 	61.220913 	33.970577 	84.876381 	37.483330 	108.931168 	102.786186 	43.324360 	28.160255 	25.495098 	57.697487 	57.384666 	57.384666 	6.403124 	36.069378 	999.000000 	96.798759 	2.236068 	53.740116 	21.400934 	9.848858 	54.451813 	44.687805 	76.157730 	58.728188 	116.284134 	72.138756 	112.898186 	108.724419 	12.649111 	40.496914 	61.400326 	72.835434 	23.086792 	82.807007 	9.433981 	20.124611 	10.816654 	92.849342 	68.117546 	52.630791 	48.104053 	69.814041 	25.000000 	
131.045792 	58.008621 	149.305054 	22.803509 	96.607452 	14.422205 	93.477272 	125.399361 	11.661903 	36.249138 	63.529522 	12.083046 	60.373837 	33.941124 	24.839485 	55.865910 	72.862885 	108.903625 	40.311287 	147.800537 	40.853397 	90.735878 	62.169125 	96.798759 	999.000000 	97.943863 	45.541191 	117.200684 	88.684837 	45.221676 	55.362442 	165.680420 	42.201897 	19.697716 	29.154760 	16.124516 	12.041595 	109.077957 	61.983868 	154.207657 	30.016663 	80.230919 	20.223749 	101.118744 	116.811813 	101.533249 	13.601471 	37.013512 	147.756561 	144.013885 	38.052597 	85.702972 	
46.173584 	40.249222 	64.938431 	75.292763 	7.071068 	83.528435 	6.082763 	32.893768 	86.284416 	62.201286 	34.828148 	85.982559 	38.288380 	110.602890 	104.355164 	44.922153 	30.066593 	26.925823 	59.093147 	57.584721 	58.258045 	7.211102 	36.796738 	2.236068 	97.943863 	999.000000 	54.488529 	21.095022 	10.000000 	55.172459 	45.276924 	76.321686 	59.396969 	117.477661 	72.917763 	114.057007 	109.836243 	11.180340 	40.804413 	61.294373 	73.552704 	22.847319 	83.630135 	7.211102 	18.867962 	8.602325 	93.723000 	68.680420 	52.201534 	47.507893 	70.292244 	24.083189 	
93.941475 	19.416489 	113.145920 	25.019993 	54.671749 	31.780497 	50.990196 	85.000000 	34.205261 	10.000000 	19.849434 	33.526108 	16.278820 	67.601776 	59.135437 	24.186773 	36.400551 	71.119621 	19.104973 	109.000000 	5.000000 	47.381432 	17.691807 	53.740116 	45.541191 	54.488529 	999.000000 	75.006668 	44.687805 	1.000000 	9.848858 	127.624451 	5.385165 	65.192024 	18.439089 	61.465439 	56.859474 	65.299309 	16.492422 	114.201576 	19.104973 	34.885529 	29.206163 	56.612720 	73.109505 	56.859474 	39.408119 	15.231546 	106.216759 	101.833199 	17.720045 	40.162170 	
28.861740 	59.203041 	46.000000 	94.403389 	20.615528 	102.800781 	24.041630 	13.000000 	105.603027 	82.134033 	55.172459 	105.422958 	58.728188 	126.649124 	121.247681 	62.265560 	45.617977 	19.697716 	77.388626 	37.107952 	78.492035 	27.802877 	57.384666 	21.400934 	117.200684 	21.095022 	75.006668 	999.000000 	31.064449 	75.742989 	66.068146 	55.659679 	80.056229 	136.484436 	93.348808 	133.221619 	129.201401 	13.038404 	61.854668 	40.249222 	94.111633 	43.829212 	103.947105 	22.561028 	9.433981 	23.345236 	113.899078 	89.498604 	31.240999 	26.907248 	91.214035 	43.965897 	
54.918121 	31.622776 	73.979729 	66.189125 	13.038404 	74.303429 	9.000000 	42.544094 	77.025970 	52.697250 	25.238859 	76.661591 	28.600698 	102.961159 	96.301613 	37.336308 	24.738634 	34.014702 	50.596443 	67.230942 	48.600410 	4.000000 	27.018513 	9.848858 	88.684837 	10.000000 	44.687805 	31.064449 	999.000000 	45.343136 	35.355339 	86.005814 	49.517673 	108.300507 	63.126858 	104.809349 	100.498756 	20.615528 	30.805843 	71.196907 	63.702435 	13.341664 	73.878281 	12.649111 	28.425341 	13.341664 	84.023804 	58.728188 	62.201286 	57.489128 	60.307545 	16.492422 	
94.826157 	20.396078 	114.039467 	25.000000 	55.443665 	31.575306 	51.739735 	85.802101 	33.955853 	10.049875 	20.615528 	33.241539 	17.029387 	67.742157 	59.211487 	25.179358 	37.363083 	72.006943 	19.798990 	109.836243 	5.099020 	48.083260 	18.384777 	54.451813 	45.221676 	55.172459 	1.000000 	75.742989 	45.343136 	999.000000 	10.295630 	128.471786 	4.472136 	64.845970 	17.804493 	61.098282 	56.462376 	65.946945 	16.763054 	115.000000 	18.384777 	35.355339 	28.600698 	57.201397 	73.756355 	57.428215 	38.832977 	14.317822 	106.962608 	102.552429 	16.763054 	40.496914 	
86.406021 	15.811388 	105.702415 	34.365681 	46.043457 	41.484936 	42.201897 	76.550636 	43.965897 	19.416489 	11.704700 	43.324360 	8.246211 	76.164299 	68.000000 	23.323807 	31.016125 	63.694584 	24.698177 	100.846420 	14.560220 	38.288380 	8.944272 	44.687805 	55.362442 	45.276924 	9.848858 	66.068146 	35.355339 	10.295630 	999.000000 	119.570061 	14.212670 	75.026665 	28.017851 	71.309189 	66.708321 	55.901699 	7.000000 	105.683487 	28.425341 	25.059929 	38.832977 	47.010635 	63.702435 	47.201694 	49.091751 	23.430750 	97.308784 	92.763138 	25.238859 	30.364452 	
34.655445 	109.622078 	18.384777 	143.282944 	73.790245 	151.743210 	77.820305 	43.462627 	154.563904 	133.221619 	108.046288 	154.673843 	111.646767 	167.409683 	164.149323 	109.986366 	93.236259 	57.008770 	125.495018 	18.788294 	130.357208 	82.346825 	110.639053 	76.157730 	165.680420 	76.321686 	127.624451 	55.659679 	86.005814 	128.471786 	119.570061 	999.000000 	132.924789 	183.853195 	145.340973 	181.069046 	177.654160 	68.410522 	116.275536 	17.029387 	146.441116 	99.161484 	155.425217 	78.160095 	62.169125 	78.847954 	164.805954 	142.688477 	29.154760 	35.128338 	144.754959 	99.624290 	
99.297531 	24.738634 	118.511604 	23.345236 	59.816387 	29.068884 	56.080299 	90.210861 	31.257000 	9.433981 	25.000000 	30.413813 	21.400934 	66.490601 	57.706154 	29.017237 	41.761227 	76.478752 	21.633308 	114.280357 	5.830952 	52.345009 	22.671568 	58.728188 	42.201897 	59.396969 	5.385165 	80.056229 	49.517673 	4.472136 	14.212670 	132.924789 	999.000000 	61.684681 	13.892444 	57.870544 	53.141319 	70.092796 	20.124611 	119.402679 	14.212670 	39.115215 	24.698177 	61.220913 	77.897369 	61.400326 	34.985710 	9.848858 	111.287918 	106.831642 	12.369317 	43.863426 	
149.201202 	77.388626 	167.092789 	42.190044 	115.935326 	34.000000 	112.898186 	144.308701 	31.304953 	55.946404 	83.186539 	31.780497 	80.056229 	32.557640 	27.073973 	74.652527 	91.678787 	127.404869 	59.203041 	166.243790 	60.539242 	110.276924 	81.859634 	116.284134 	19.697716 	117.477661 	65.192024 	136.484436 	108.300507 	64.845970 	75.026665 	183.853195 	61.684681 	999.000000 	48.270073 	4.000000 	9.000000 	128.631256 	81.596565 	172.904602 	48.836460 	99.924973 	38.327538 	120.768372 	136.341476 	121.198181 	29.000000 	55.731499 	166.817261 	163.217651 	56.320511 	105.342300 	
111.305885 	35.846897 	130.361038 	15.556349 	72.917763 	17.720045 	69.310890 	103.077644 	19.235384 	12.649111 	38.183765 	18.110771 	34.655445 	57.008770 	47.759815 	37.643059 	52.773098 	88.509888 	25.000000 	126.826653 	15.000000 	65.795135 	36.124783 	72.138756 	29.154760 	72.917763 	18.439089 	93.348808 	63.126858 	17.804493 	28.017851 	145.340973 	13.892444 	48.270073 	999.000000 	44.384682 	39.560081 	83.737686 	34.000000 	132.279999 	2.236068 	53.000000 	10.816654 	75.000000 	91.547798 	75.213028 	21.095022 	8.246211 	124.523087 	120.208153 	10.295630 	57.697487 	
146.413803 	74.060783 	164.438431 	38.832977 	112.645462 	30.528675 	109.553642 	141.226761 	27.784887 	52.325901 	79.649231 	28.178005 	76.478752 	33.526108 	27.073973 	71.589104 	88.617157 	124.482933 	56.080299 	163.355438 	56.859474 	106.850365 	78.262383 	112.898186 	16.124516 	114.057007 	61.465439 	133.221619 	104.809349 	61.098282 	71.309189 	181.069046 	57.870544 	4.000000 	44.384682 	999.000000 	5.000000 	125.195847 	77.833153 	169.917633 	44.911022 	96.254868 	34.365681 	117.239075 	132.924789 	117.647781 	25.000000 	51.788029 	163.670395 	160.000000 	52.345009 	101.592323 	
143.010483 	70.000000 	161.198639 	34.828148 	108.600182 	26.400757 	105.437187 	137.440903 	23.600847 	47.885281 	75.292763 	23.853722 	72.069412 	35.341194 	27.892651 	67.896980 	84.899940 	120.917328 	52.345009 	159.812393 	52.325901 	102.625534 	73.824112 	108.724419 	12.041595 	109.836243 	56.859474 	129.201401 	100.498756 	56.462376 	66.708321 	177.654160 	53.141319 	9.000000 	39.560081 	5.000000 	999.000000 	120.950401 	73.164200 	166.243790 	40.024994 	91.706055 	29.427877 	112.871605 	128.701202 	113.251930 	20.000000 	46.872166 	159.790482 	156.028839 	47.381432 	96.932968 	
41.436699 	51.429562 	59.008472 	86.452301 	15.000000 	94.667839 	16.492422 	26.019224 	97.416634 	73.239334 	45.803928 	97.097885 	49.203659 	121.564796 	115.433968 	55.973209 	40.607880 	27.018513 	70.263786 	50.009998 	69.202599 	18.357559 	47.634022 	12.649111 	109.077957 	11.180340 	65.299309 	13.038404 	20.615528 	65.946945 	55.901699 	68.410522 	70.092796 	128.631256 	83.737686 	125.195847 	120.950401 	999.000000 	50.990196 	52.554733 	84.291161 	32.202484 	94.493385 	9.848858 	7.810250 	10.440307 	104.637466 	79.195961 	42.544094 	37.443291 	80.659782 	31.384710 	
83.815269 	19.209373 	103.121284 	41.303753 	42.485291 	48.270073 	38.470768 	72.945183 	50.695168 	26.305893 	11.401754 	50.000000 	9.433981 	83.150467 	75.000000 	27.586229 	31.575306 	61.400326 	31.320919 	97.493591 	21.377558 	34.132095 	8.544003 	40.496914 	61.983868 	40.804413 	16.492422 	61.854668 	30.805843 	16.763054 	7.000000 	116.275536 	20.124611 	81.596565 	34.000000 	77.833153 	73.164200 	50.990196 	999.000000 	101.872467 	34.132095 	19.209373 	44.777225 	41.725292 	58.728188 	41.773197 	55.072678 	28.425341 	93.005379 	88.238312 	29.698484 	23.769728 	
26.248810 	97.000000 	20.591261 	131.529465 	59.640591 	140.014282 	63.513779 	29.206163 	142.842575 	120.507263 	94.403389 	142.835571 	98.005104 	158.808060 	154.767563 	98.351410 	81.344948 	45.607018 	113.899078 	9.000000 	117.290237 	67.742157 	96.834908 	61.400326 	154.207657 	61.294373 	114.201576 	40.249222 	71.196907 	115.000000 	105.683487 	17.029387 	119.402679 	172.904602 	132.279999 	169.917633 	166.243790 	52.554733 	101.872467 	999.000000 	133.225372 	84.077347 	142.635895 	62.393909 	45.880280 	62.968246 	152.305618 	129.034882 	12.165525 	18.110771 	130.919830 	83.934502 	
112.507774 	37.121422 	131.609268 	17.691807 	73.756355 	19.313208 	70.092796 	104.019226 	20.615528 	14.317822 	38.948685 	19.416489 	35.383614 	58.694122 	49.396355 	39.293766 	54.129475 	89.693924 	27.018513 	127.882759 	16.124516 	66.468040 	36.769554 	72.835434 	30.016663 	73.552704 	19.104973 	94.111633 	63.702435 	18.384777 	28.425341 	146.441116 	14.212670 	48.836460 	2.236068 	44.911022 	40.024994 	84.291161 	34.132095 	133.225372 	999.000000 	53.254108 	10.770329 	75.432091 	92.097771 	75.604233 	21.023796 	7.000000 	125.319588 	120.933868 	8.544003 	57.706154 	
68.249542 	27.166155 	87.321243 	58.523499 	26.305893 	66.128662 	22.203604 	55.713554 	68.709534 	44.011364 	18.027756 	68.154236 	20.396078 	98.249680 	90.796478 	34.928497 	28.319605 	47.042534 	45.099888 	80.411446 	39.395432 	17.262676 	18.439089 	23.086792 	80.230919 	22.847319 	34.885529 	43.829212 	13.341664 	35.355339 	25.059929 	99.161484 	39.115215 	99.924973 	53.000000 	96.254868 	91.706055 	32.202484 	19.209373 	84.077347 	53.254108 	999.000000 	63.812225 	22.671568 	39.824615 	22.627417 	74.094536 	47.634022 	74.625732 	69.634758 	48.836460 	7.615773 	
121.202309 	45.803928 	140.132080 	17.117243 	83.450584 	13.601471 	79.906197 	113.454834 	13.453624 	22.203604 	48.836460 	12.041595 	45.343136 	51.623638 	42.190044 	46.518814 	62.433964 	98.473343 	32.280025 	137.003647 	25.455845 	76.485291 	46.861500 	82.807007 	20.223749 	83.630135 	29.206163 	103.947105 	73.878281 	28.600698 	38.832977 	155.425217 	24.698177 	38.327538 	10.816654 	34.365681 	29.427877 	94.493385 	44.777225 	142.635895 	10.770329 	63.812225 	999.000000 	85.802101 	102.303467 	86.023254 	10.295630 	17.464249 	135.074051 	130.831955 	18.027756 	68.425140 	
50.039986 	44.271889 	68.183578 	78.721024 	14.212670 	86.769814 	13.000000 	35.355339 	89.470665 	65.000000 	37.589893 	89.067390 	40.816662 	115.520561 	108.931168 	49.819675 	36.055511 	32.695564 	63.245552 	59.665737 	60.745369 	12.000000 	39.115215 	9.433981 	101.118744 	7.211102 	56.612720 	22.561028 	12.649111 	57.201397 	47.010635 	78.160095 	61.220913 	120.768372 	75.000000 	117.239075 	112.871605 	9.848858 	41.725292 	62.393909 	75.432091 	22.671568 	85.802101 	999.000000 	17.204651 	1.414214 	96.020828 	70.092796 	52.354561 	47.169907 	71.421288 	21.540659 	
37.947330 	59.059292 	54.230988 	94.154129 	21.587032 	102.396286 	23.769728 	21.587032 	105.152267 	81.024689 	53.600372 	104.847511 	57.008770 	128.736160 	122.776222 	63.324562 	47.539455 	28.017851 	77.820305 	44.181442 	77.006493 	26.076809 	55.443665 	20.124611 	116.811813 	18.867962 	73.109505 	9.433981 	28.425341 	73.756355 	63.702435 	62.169125 	77.897369 	136.341476 	91.547798 	132.924789 	128.701202 	7.810250 	58.728188 	45.880280 	92.097771 	39.824615 	102.303467 	17.204651 	999.000000 	17.492855 	112.445541 	86.977005 	35.341194 	30.016663 	88.413803 	38.470768 	
51.088158 	44.922153 	69.115845 	79.202271 	15.620500 	87.206650 	14.317822 	36.221542 	89.894379 	65.368187 	38.013157 	89.470665 	41.182522 	116.297035 	109.635757 	50.635956 	37.121422 	34.014702 	63.890530 	60.415230 	61.057350 	13.038404 	39.446167 	10.816654 	101.533249 	8.602325 	56.859474 	23.345236 	13.341664 	57.428215 	47.201694 	78.847954 	61.400326 	121.198181 	75.213028 	117.647781 	113.251930 	10.440307 	41.773197 	62.968246 	75.604233 	22.627417 	86.023254 	1.414214 	17.492855 	999.000000 	96.260063 	70.178345 	52.773098 	47.507893 	71.449280 	21.023796 	
130.430054 	55.317268 	149.214615 	23.086792 	93.348808 	16.031219 	89.872131 	123.166557 	14.035668 	31.827662 	58.898216 	13.000000 	55.443665 	47.423622 	38.183765 	55.226807 	71.610054 	107.800743 	40.249222 	146.492325 	35.468296 	86.556343 	57.008770 	92.849342 	13.601471 	93.723000 	39.408119 	113.899078 	84.023804 	38.832977 	49.091751 	164.805954 	34.985710 	29.000000 	21.095022 	25.000000 	20.000000 	104.637466 	55.072678 	152.305618 	21.023796 	74.094536 	10.295630 	96.020828 	112.445541 	96.260063 	999.000000 	27.513634 	144.958618 	140.801285 	27.658634 	78.714676 	
109.128365 	34.481880 	128.351074 	23.021729 	69.404610 	25.961510 	65.604881 	99.864906 	27.459061 	14.560220 	34.669872 	26.305893 	31.064449 	65.192024 	55.973209 	38.118237 	51.546097 	86.313385 	28.160255 	124.020157 	14.035668 	61.717098 	32.202484 	68.117546 	37.013512 	68.680420 	15.231546 	89.498604 	58.728188 	14.317822 	23.430750 	142.688477 	9.848858 	55.731499 	8.246211 	51.788029 	46.872166 	79.195961 	28.425341 	129.034882 	7.000000 	47.634022 	17.464249 	70.092796 	86.977005 	70.178345 	27.513634 	999.000000 	120.739388 	116.180893 	3.162278 	51.623638 	
27.294687 	89.938866 	29.732138 	124.963997 	51.623638 	133.416641 	55.226807 	22.825424 	136.235092 	113.145920 	86.371292 	136.124939 	89.938866 	154.738495 	150.083313 	92.200867 	75.213028 	41.231056 	107.615051 	16.278820 	109.622078 	59.033890 	88.617157 	52.630791 	147.756561 	52.201534 	106.216759 	31.240999 	62.201286 	106.962608 	97.308784 	29.154760 	111.287918 	166.817261 	124.523087 	163.670395 	159.790482 	42.544094 	93.005379 	12.165525 	125.319588 	74.625732 	135.074051 	52.354561 	35.341194 	52.773098 	144.958618 	120.739388 	999.000000 	6.000000 	122.441826 	73.790245 	
28.792360 	86.052307 	34.409302 	121.210564 	47.507893 	129.630249 	50.931328 	20.615528 	132.438660 	109.041275 	82.024384 	132.279999 	85.562843 	152.118378 	147.176758 	88.752464 	71.867935 	39.293766 	104.043259 	21.095022 	105.380264 	54.488529 	84.172440 	48.104053 	144.013885 	47.507893 	101.833199 	26.907248 	57.489128 	102.552429 	92.763138 	35.128338 	106.831642 	163.217651 	120.208153 	160.000000 	156.028839 	37.443291 	88.238312 	18.110771 	120.933868 	69.634758 	130.831955 	47.169907 	30.016663 	47.507893 	140.801285 	116.180893 	6.000000 	999.000000 	117.796432 	68.476273 	
111.359779 	37.107952 	130.613937 	25.612497 	71.281136 	27.856777 	67.424034 	101.788994 	29.120440 	17.720045 	36.715118 	27.892651 	33.120991 	67.230942 	57.939625 	41.048752 	54.120235 	88.566360 	31.320919 	126.051575 	17.000000 	63.411354 	34.132095 	69.814041 	38.052597 	70.292244 	17.720045 	91.214035 	60.307545 	16.763054 	25.238859 	144.754959 	12.369317 	56.320511 	10.295630 	52.345009 	47.381432 	80.659782 	29.698484 	130.919830 	8.544003 	48.836460 	18.027756 	71.421288 	88.413803 	71.449280 	27.658634 	3.162278 	122.441826 	117.796432 	999.000000 	52.430908 	
70.256676 	34.525352 	88.955048 	64.536812 	29.154760 	71.840103 	25.317978 	56.515484 	74.330345 	49.729267 	25.079872 	73.681747 	27.018513 	105.076164 	97.416634 	42.449970 	35.608986 	50.249378 	52.000000 	81.043198 	44.922153 	20.396078 	25.019993 	25.000000 	85.702972 	24.083189 	40.162170 	43.965897 	16.492422 	40.496914 	30.364452 	99.624290 	43.863426 	105.342300 	57.697487 	101.592323 	96.932968 	31.384710 	23.769728 	83.934502 	57.706154 	7.615773 	68.425140 	21.540659 	38.470768 	21.023796 	78.714676 	51.623638 	73.790245 	68.476273 	52.430908 	999.000000 	

Travel time:
9.000000 	1.886796 	0.482830 	2.717651 	1.049405 	2.928844 	1.152443 	0.413824 	2.999271 	2.475505 	1.868321 	3.002603 	1.957358 	3.335135 	3.245189 	1.885802 	1.470544 	0.570636 	2.272664 	0.447214 	2.409616 	1.274755 	1.936814 	1.134956 	3.276145 	1.154340 	2.348537 	0.721543 	1.372953 	2.370654 	2.160151 	0.866386 	2.482438 	3.730030 	2.782647 	3.660345 	3.575262 	1.035918 	2.095382 	0.656220 	2.812694 	1.706239 	3.030058 	1.251000 	0.948683 	1.277204 	3.260751 	2.728209 	0.682367 	0.719809 	2.783994 	1.756417 	
1.886796 	9.000000 	2.362864 	0.880696 	0.965013 	1.090011 	0.887764 	1.697425 	1.160011 	0.590021 	0.246221 	1.155692 	0.247487 	1.792519 	1.619027 	0.215058 	0.427200 	1.317431 	0.474342 	2.280351 	0.525595 	0.827647 	0.285044 	0.973717 	1.450216 	1.006231 	0.485412 	1.480076 	0.790569 	0.509902 	0.395285 	2.740552 	0.618466 	1.934716 	0.896172 	1.851520 	1.750000 	1.285739 	0.480234 	2.425000 	0.928036 	0.679154 	1.145098 	1.106797 	1.476482 	1.123054 	1.382932 	0.862047 	2.248472 	2.151308 	0.927699 	0.863134 	
0.482830 	2.362864 	9.000000 	3.180016 	1.528275 	3.390059 	1.631334 	0.825000 	3.460130 	2.949788 	2.350532 	3.465003 	2.439390 	3.740655 	3.666487 	2.351197 	1.942453 	1.051190 	2.735073 	0.336341 	2.887148 	1.752320 	2.419323 	1.608182 	3.732626 	1.623461 	2.828648 	1.150000 	1.849493 	2.850987 	2.642560 	0.459619 	2.962790 	4.177320 	3.259026 	4.110961 	4.029966 	1.475212 	2.578032 	0.514782 	3.290232 	2.183031 	3.503302 	1.704589 	1.355775 	1.727896 	3.730365 	3.208777 	0.743303 	0.860233 	3.265348 	2.223876 	
2.717651 	0.880696 	3.180016 	9.000000 	1.845434 	0.212132 	1.768120 	2.566247 	0.282843 	0.375832 	1.030776 	0.285044 	0.956883 	1.079352 	0.859142 	0.832541 	1.255239 	2.159282 	0.445112 	3.131393 	0.500625 	1.702388 	1.004054 	1.852363 	0.570088 	1.882319 	0.625500 	2.360085 	1.654728 	0.625000 	0.859142 	3.582074 	0.583631 	1.054751 	0.388909 	0.970824 	0.870704 	2.161308 	1.032594 	3.288237 	0.442295 	1.463087 	0.427931 	1.968026 	2.353853 	1.980057 	0.577170 	0.575543 	3.124100 	3.030264 	0.640312 	1.613420 	
1.049405 	0.965013 	1.528275 	1.845434 	9.000000 	2.055024 	0.103078 	0.763217 	2.125000 	1.538871 	0.870704 	2.120289 	0.960469 	2.680135 	2.534758 	1.051190 	0.649038 	0.527376 	1.423464 	1.375227 	1.450000 	0.226385 	0.930054 	0.125000 	2.415186 	0.176777 	1.366794 	0.515388 	0.325960 	1.386092 	1.151086 	1.844756 	1.495410 	2.898383 	1.822944 	2.816137 	2.715004 	0.375000 	1.062132 	1.491015 	1.843909 	0.657647 	2.086265 	0.355317 	0.539676 	0.390512 	2.333720 	1.735115 	1.290591 	1.187697 	1.782028 	0.728869 	
2.928844 	1.090011 	3.390059 	0.212132 	2.055024 	9.000000 	1.976424 	2.778151 	0.070711 	0.553399 	1.229837 	0.079057 	1.152443 	0.984886 	0.752080 	1.044330 	1.467353 	2.371181 	0.656220 	3.343370 	0.673146 	1.908042 	1.198176 	2.059430 	0.360555 	2.088211 	0.794512 	2.570019 	1.857586 	0.789383 	1.037123 	3.793580 	0.726722 	0.850000 	0.443001 	0.763217 	0.660019 	2.366696 	1.206752 	3.500357 	0.482830 	1.653217 	0.340037 	2.169245 	2.559907 	2.180166 	0.400780 	0.649038 	3.335416 	3.240756 	0.696419 	1.796003 	
1.152443 	0.887764 	1.631334 	1.768120 	0.103078 	1.976424 	9.000000 	0.862047 	2.046033 	1.453444 	0.778621 	2.040221 	0.867828 	2.627023 	2.475505 	0.989002 	0.604669 	0.625500 	1.353006 	1.475847 	1.361295 	0.125000 	0.835539 	0.100000 	2.336932 	0.152069 	1.274755 	0.601041 	0.225000 	1.293493 	1.055047 	1.945508 	1.402007 	2.822455 	1.732772 	2.738841 	2.635930 	0.412311 	0.961769 	1.587844 	1.752320 	0.555090 	1.997655 	0.325000 	0.594243 	0.357946 	2.246803 	1.640122 	1.380670 	1.273283 	1.685601 	0.632949 	
0.413824 	1.697425 	0.825000 	2.566247 	0.763217 	2.778151 	0.862047 	9.000000 	2.848794 	2.283774 	1.630376 	2.847477 	1.720465 	3.298200 	3.181588 	1.741407 	1.315770 	0.467039 	2.128673 	0.617454 	2.202271 	0.972754 	1.691892 	0.817389 	3.134984 	0.822344 	2.125000 	0.325000 	1.063602 	2.145052 	1.913766 	1.086566 	2.255271 	3.607718 	2.576941 	3.530669 	3.436023 	0.650481 	1.823630 	0.730154 	2.600481 	1.392839 	2.836371 	0.883883 	0.539676 	0.905539 	3.079164 	2.496623 	0.570636 	0.515388 	2.544725 	1.412887 	
2.999271 	1.160011 	3.460130 	0.282843 	2.125000 	0.070711 	2.046033 	2.848794 	9.000000 	0.617454 	1.297112 	0.035355 	1.218862 	0.961769 	0.726722 	1.114955 	1.538059 	2.441823 	0.726722 	3.414033 	0.735272 	1.976898 	1.264170 	2.128673 	0.291548 	2.157110 	0.855132 	2.640076 	1.925649 	0.848896 	1.099147 	3.864098 	0.781425 	0.782624 	0.480885 	0.694622 	0.590021 	2.435416 	1.267379 	3.571064 	0.515388 	1.717738 	0.336341 	2.236767 	2.628807 	2.247360 	0.350892 	0.686477 	3.405877 	3.310966 	0.728011 	1.858259 	
2.475505 	0.590021 	2.949788 	0.375832 	1.538871 	0.553399 	1.453444 	2.283774 	0.617454 	9.000000 	0.686477 	0.604152 	0.604669 	1.442654 	1.229075 	0.625000 	1.007782 	1.906895 	0.340037 	2.870213 	0.125000 	1.375000 	0.648556 	1.530523 	0.906228 	1.555032 	0.250000 	2.053351 	1.317431 	0.251247 	0.485412 	3.330540 	0.235850 	1.398660 	0.316228 	1.308148 	1.197132 	1.830983 	0.657647 	3.012681 	0.357946 	1.100284 	0.555090 	1.625000 	2.025617 	1.634205 	0.795692 	0.364006 	2.828648 	2.726032 	0.443001 	1.243232 	
1.868321 	0.246221 	2.350532 	1.030776 	0.870704 	1.229837 	0.778621 	1.630376 	1.297112 	0.686477 	9.000000 	1.286954 	0.090139 	2.005617 	1.820886 	0.458939 	0.505594 	1.300000 	0.676849 	2.233971 	0.585769 	0.691466 	0.075000 	0.849264 	1.588238 	0.870704 	0.496236 	1.379311 	0.630971 	0.515388 	0.292617 	2.701157 	0.625000 	2.079664 	0.954594 	1.991231 	1.882319 	1.145098 	0.285044 	2.360085 	0.973717 	0.450694 	1.220912 	0.939747 	1.340009 	0.950329 	1.472455 	0.866747 	2.159282 	2.050610 	0.917878 	0.626997 	
3.002603 	1.155692 	3.465003 	0.285044 	2.120289 	0.079057 	2.040221 	2.847477 	0.035355 	0.604152 	1.286954 	9.000000 	1.207528 	0.995615 	0.760345 	1.117195 	1.538871 	2.443614 	0.730154 	3.415498 	0.719809 	1.969296 	1.252248 	2.121910 	0.302076 	2.149564 	0.838153 	2.635574 	1.916540 	0.831038 	1.083109 	3.866846 	0.760345 	0.794512 	0.452769 	0.704450 	0.596343 	2.427447 	1.250000 	3.570889 	0.485412 	1.703856 	0.301040 	2.226685 	2.621188 	2.236767 	0.325000 	0.657647 	3.403123 	3.307000 	0.697316 	1.842044 	
1.957358 	0.247487 	2.439390 	0.956883 	0.960469 	1.152443 	0.867828 	1.720465 	1.218862 	0.604669 	0.090139 	1.207528 	9.000000 	1.951442 	1.761391 	0.460977 	0.575543 	1.388569 	0.625500 	2.324059 	0.500000 	0.778621 	0.050000 	0.937083 	1.509346 	0.957209 	0.406971 	1.468205 	0.715017 	0.425735 	0.206155 	2.791169 	0.535023 	2.001406 	0.866386 	1.911969 	1.801735 	1.230091 	0.235850 	2.450128 	0.884590 	0.509902 	1.133578 	1.020416 	1.425219 	1.029563 	1.386092 	0.776611 	2.248472 	2.139071 	0.828025 	0.675463 	
3.335135 	1.792519 	3.740655 	1.079352 	2.680135 	0.984886 	2.627023 	3.298200 	0.961769 	1.442654 	2.005617 	0.995615 	1.951442 	9.000000 	0.235850 	1.643358 	2.031779 	2.841215 	1.328768 	3.779302 	1.566246 	2.595308 	2.001406 	2.723279 	0.848528 	2.765072 	1.690044 	3.166228 	2.574029 	1.693554 	1.904107 	4.185242 	1.662265 	0.813941 	1.425219 	0.838153 	0.883530 	3.039120 	2.078762 	3.970201 	1.467353 	2.456242 	1.290591 	2.888014 	3.218404 	2.907426 	1.185591 	1.629801 	3.868462 	3.802959 	1.680773 	2.626904 	
3.245189 	1.619027 	3.666487 	0.859142 	2.534758 	0.752080 	2.475505 	3.181588 	0.726722 	1.229075 	1.820886 	0.760345 	1.761391 	0.235850 	9.000000 	1.486607 	1.891098 	2.732330 	1.147279 	3.685275 	1.353699 	2.435416 	1.811077 	2.569655 	0.620987 	2.608879 	1.478386 	3.031192 	2.407540 	1.480287 	1.700000 	4.103733 	1.442654 	0.676849 	1.193995 	0.676849 	0.697316 	2.885849 	1.875000 	3.869189 	1.234909 	2.269912 	1.054751 	2.723279 	3.069406 	2.740894 	0.954594 	1.399330 	3.752083 	3.679419 	1.448491 	2.435416 	
1.885802 	0.215058 	2.351197 	0.832541 	1.051190 	1.044330 	0.989002 	1.741407 	1.114955 	0.625000 	0.458939 	1.117195 	0.460977 	1.643358 	1.486607 	9.000000 	0.425735 	1.326885 	0.388909 	2.299185 	0.602080 	0.951972 	0.500000 	1.083109 	1.396648 	1.123054 	0.604669 	1.556639 	0.933408 	0.629484 	0.583095 	2.749659 	0.725431 	1.866313 	0.941076 	1.789728 	1.697425 	1.399330 	0.689656 	2.458785 	0.982344 	0.873212 	1.162970 	1.245492 	1.583114 	1.265899 	1.380670 	0.952956 	2.305022 	2.218812 	1.026219 	1.061249 	
1.470544 	0.427200 	1.942453 	1.255239 	0.649038 	1.467353 	0.604669 	1.315770 	1.538059 	1.007782 	0.505594 	1.538871 	0.575543 	2.031779 	1.891098 	0.425735 	9.000000 	0.905883 	0.813941 	1.876832 	0.951972 	0.602080 	0.579871 	0.704006 	1.821572 	0.751665 	0.910014 	1.140449 	0.618466 	0.934077 	0.775403 	2.330906 	1.044031 	2.291970 	1.319327 	2.215429 	2.122499 	1.015197 	0.789383 	2.033624 	1.353237 	0.707990 	1.560849 	0.901388 	1.188486 	0.928036 	1.790251 	1.288652 	1.880326 	1.796698 	1.353006 	0.890225 	
0.570636 	1.317431 	1.051190 	2.159282 	0.527376 	2.371181 	0.625500 	0.467039 	2.441823 	1.906895 	1.300000 	2.443614 	1.388569 	2.841215 	2.732330 	1.326885 	0.905883 	9.000000 	1.715554 	0.972432 	1.839327 	0.750417 	1.369535 	0.637377 	2.722591 	0.673146 	1.777991 	0.492443 	0.850368 	1.800174 	1.592365 	1.425219 	1.911969 	3.185122 	2.212747 	3.112073 	3.022933 	0.675463 	1.535008 	1.140175 	2.242348 	1.176063 	2.461833 	0.817389 	0.700446 	0.850368 	2.695019 	2.157835 	1.030776 	0.982344 	2.214159 	1.256234 	
