Total assets = 514
Number of asset nodes = 33

Distance:
999.000000 	57.201397 	2.236068 	68.154236 	49.244289 	32.802441 	61.846584 	33.837849 	16.552946 	63.134777 	52.345009 	11.045361 	14.000000 	20.615528 	68.767723 	46.400433 	24.166092 	82.855293 	92.086914 	16.124516 	46.872166 	14.866069 	30.016663 	67.882248 	21.000000 	77.233414 	65.795135 	28.231188 	41.400482 	17.888544 	85.912750 	37.215588 	60.959003 	48.918301 	59.405388 	20.615528 	79.931221 	35.341194 	41.677334 	39.623226 	49.929951 	83.486526 	38.118237 	64.140472 	52.697250 	35.510563 	26.248810 	71.449280 	53.000000 	27.459061 	61.717098 	
57.201397 	999.000000 	58.249462 	120.801491 	104.062485 	89.196411 	5.385165 	27.658634 	73.498299 	117.686020 	10.770329 	65.863495 	50.159744 	43.324360 	12.529964 	18.248287 	80.993828 	30.016663 	34.985710 	69.771057 	20.615528 	66.640831 	87.091904 	14.142136 	47.801674 	20.808653 	14.035668 	84.905830 	98.600204 	67.230942 	29.000000 	94.302704 	117.456375 	106.042442 	17.804493 	56.044624 	24.186773 	92.114059 	98.737022 	39.319206 	107.074738 	29.154760 	43.185646 	24.698177 	109.859001 	90.338257 	68.154236 	128.144455 	110.113579 	71.568146 	27.658634 	
2.236068 	58.249462 	999.000000 	68.352028 	49.193497 	32.449963 	62.801273 	34.205261 	15.264338 	63.063461 	53.037724 	9.000000 	13.152946 	20.248457 	69.656296 	46.861500 	22.825424 	84.308952 	93.193344 	14.035668 	47.201694 	12.649111 	28.844410 	68.622154 	20.099751 	78.102493 	66.468040 	26.832815 	40.459858 	15.652476 	86.833176 	36.055511 	60.440052 	48.104053 	59.816387 	18.973665 	80.721741 	34.000000 	40.496914 	39.051247 	48.826221 	84.148682 	37.336308 	64.350601 	51.613953 	33.734257 	24.083189 	70.837845 	51.865211 	25.238859 	61.773781 	
68.154236 	120.801491 	68.352028 	999.000000 	20.099751 	37.483330 	126.015869 	101.518471 	57.070133 	9.433981 	118.511604 	65.734314 	81.271149 	88.600227 	133.221619 	113.648582 	53.150730 	140.071411 	153.717270 	65.764732 	114.490173 	69.050705 	48.000000 	133.405396 	87.931793 	141.605087 	131.764938 	52.000000 	38.639359 	71.700768 	149.626205 	44.407207 	22.022715 	32.893768 	126.657021 	83.952370 	144.844742 	48.373547 	43.174065 	107.205414 	39.395432 	149.214615 	105.080925 	131.928009 	38.470768 	57.706154 	80.224686 	25.495098 	39.824615 	78.057671 	129.769028 	
49.244289 	104.062485 	49.193497 	20.099751 	999.000000 	17.464249 	109.123779 	83.006027 	37.107952 	13.892444 	100.801788 	45.880280 	61.846584 	69.354164 	116.275536 	95.414886 	33.060551 	125.602547 	137.931137 	45.705578 	96.041656 	49.030602 	28.071337 	116.038788 	68.352028 	124.739731 	114.201576 	32.062439 	20.124611 	51.623638 	133.056381 	25.298222 	16.278820 	17.029387 	108.452751 	64.031242 	127.781059 	29.120440 	25.059929 	87.664131 	24.083189 	131.821854 	85.381500 	113.371071 	24.413111 	38.600517 	60.133186 	26.570660 	25.806976 	58.008621 	110.941429 	
32.802441 	89.196411 	32.449963 	37.483330 	17.464249 	999.000000 	94.069122 	66.610809 	19.646883 	31.016125 	85.041168 	28.460499 	44.721359 	52.354561 	101.118744 	79.202271 	16.124516 	112.680969 	123.693169 	28.284271 	79.630394 	31.575306 	12.529964 	100.498756 	51.078373 	109.603828 	98.493652 	16.155495 	13.038404 	34.234486 	118.139748 	13.892444 	28.284271 	18.027756 	92.200867 	46.572525 	112.449989 	16.278820 	16.763054 	70.384659 	22.022715 	116.180893 	68.007355 	96.798759 	24.186773 	25.000000 	43.000000 	38.948685 	25.079872 	41.109608 	94.154129 	
61.846584 	5.385165 	62.801273 	126.015869 	109.123779 	94.069122 	999.000000 	31.016125 	78.006409 	122.788437 	12.041595 	70.178345 	54.120235 	47.010635 	7.211102 	20.099751 	85.445892 	28.635643 	30.870699 	73.925636 	22.000000 	70.710678 	91.607857 	9.000000 	51.264023 	15.620500 	9.486833 	89.308456 	103.232750 	71.112587 	24.083189 	98.812958 	122.347862 	110.751976 	15.811388 	59.464275 	18.867962 	96.519424 	103.227905 	41.000000 	111.606453 	23.769728 	45.011108 	21.931713 	114.402794 	94.413979 	71.470276 	133.003754 	114.621117 	74.946648 	25.612497 	
33.837849 	27.658634 	34.205261 	101.518471 	83.006027 	66.610809 	31.016125 	999.000000 	48.795490 	96.896851 	19.723083 	40.360870 	23.600847 	16.124516 	37.121422 	12.727922 	55.901699 	57.218880 	61.846584 	43.600460 	13.038404 	40.224369 	62.241467 	35.227829 	20.248457 	45.276924 	32.802441 	59.548298 	74.249580 	40.311287 	54.203320 	69.354164 	94.641426 	82.073135 	25.612497 	28.460499 	47.434166 	66.708321 	73.661385 	16.278820 	82.134033 	50.328918 	18.867962 	30.413813 	84.958817 	63.812225 	40.521599 	104.995239 	85.041168 	43.965897 	28.460499 	
16.552946 	73.498299 	15.264338 	57.070133 	37.107952 	19.646883 	78.006409 	48.795490 	999.000000 	50.596443 	68.014702 	8.944272 	25.806976 	33.600594 	84.811554 	61.522354 	7.615773 	99.403221 	108.452751 	9.055386 	61.619801 	12.041595 	13.601471 	83.630135 	31.764761 	93.236259 	81.394104 	11.704700 	25.455845 	15.033297 	102.004898 	20.808653 	46.324940 	33.301651 	74.330345 	26.925823 	95.775780 	18.788294 	25.238859 	50.990196 	33.600594 	99.035347 	48.466484 	78.409180 	36.400551 	20.024984 	24.515301 	56.400356 	36.619667 	23.409399 	75.451973 	
63.134777 	117.686020 	63.063461 	9.433981 	13.892444 	31.016125 	122.788437 	96.896851 	50.596443 	999.000000 	114.621117 	59.464275 	75.643906 	83.192551 	129.957687 	109.293182 	45.891174 	138.538803 	151.320847 	58.940647 	109.931801 	62.361847 	40.311287 	129.807556 	82.079231 	138.408813 	128.003906 	44.283180 	30.066593 	64.761101 	146.659470 	36.013885 	12.727922 	23.769728 	122.331520 	77.491936 	141.495590 	40.012497 	34.365681 	101.390335 	30.083218 	145.602203 	99.020203 	127.263504 	29.068884 	49.162994 	72.835434 	18.248287 	30.413813 	70.455658 	124.823875 	
52.345009 	10.770329 	53.037724 	118.511604 	100.801788 	85.041168 	12.041595 	19.723083 	68.014702 	114.621117 	999.000000 	59.816387 	43.266617 	35.846897 	17.464249 	8.062258 	75.286118 	40.311287 	42.379242 	63.245552 	10.049875 	59.908264 	81.565926 	15.620500 	39.812057 	25.553865 	13.453624 	79.025314 	93.434471 	60.033325 	34.481880 	88.729927 	113.278419 	101.138519 	10.049875 	47.927029 	27.802877 	86.214851 	93.085983 	29.017237 	101.533249 	31.144823 	33.000000 	17.262676 	104.350372 	83.528435 	59.808025 	123.794182 	104.484451 	63.324562 	18.788294 	
11.045361 	65.863495 	9.000000 	65.734314 	45.880280 	28.460499 	70.178345 	40.360870 	8.944272 	59.464275 	59.816387 	999.000000 	17.029387 	24.839485 	76.843994 	53.075417 	15.556349 	92.698433 	100.846420 	5.099020 	53.037724 	5.000000 	21.931713 	75.432091 	22.825424 	85.211502 	73.109505 	19.209373 	34.058773 	8.602325 	94.047859 	29.000000 	55.226807 	42.011902 	65.764732 	18.248287 	87.618492 	26.400757 	33.301651 	42.047592 	41.773197 	90.686272 	39.560081 	69.656296 	44.598206 	25.000000 	18.357559 	65.215027 	44.687805 	18.439089 	66.610809 	
14.000000 	50.159744 	13.152946 	81.271149 	61.846584 	44.721359 	54.120235 	23.600847 	25.806976 	75.643906 	43.266617 	17.029387 	999.000000 	7.810250 	60.539242 	36.235340 	32.557640 	78.339005 	84.970581 	20.000000 	36.069378 	16.643316 	38.948685 	58.821766 	7.000000 	68.796799 	56.400356 	36.069378 	51.088158 	17.088007 	77.698135 	45.967381 	72.111023 	59.033890 	48.795490 	9.433981 	71.028160 	43.185646 	50.209560 	25.961510 	58.694122 	73.878281 	24.186773 	52.630791 	61.522354 	40.311287 	20.223749 	82.200974 	61.554855 	23.021729 	49.648766 	
20.615528 	43.324360 	20.248457 	88.600227 	69.354164 	52.354561 	47.010635 	16.124516 	33.600594 	83.192551 	35.846897 	24.839485 	7.810250 	999.000000 	53.235325 	28.600698 	40.360870 	72.180328 	77.878113 	27.658634 	28.319605 	24.207438 	46.754681 	51.312767 	5.099020 	61.400326 	48.826221 	43.840622 	58.898216 	24.186773 	70.327805 	53.758720 	79.881165 	66.843102 	41.036568 	13.038404 	63.513779 	50.931328 	57.982758 	19.104973 	66.468040 	66.219330 	18.110771 	44.821869 	69.296463 	47.707443 	25.179358 	90.000000 	69.310890 	28.442924 	41.880783 	
68.767723 	12.529964 	69.656296 	133.221619 	116.275536 	101.118744 	7.211102 	37.121422 	84.811554 	129.957687 	17.464249 	76.843994 	60.539242 	53.235325 	999.000000 	25.298222 	92.200867 	26.832815 	25.000000 	80.454956 	26.683329 	77.175125 	98.407318 	5.000000 	57.271286 	8.485281 	7.615773 	96.020828 	110.113579 	77.414467 	17.204651 	105.603027 	129.402466 	117.686020 	17.262676 	65.391129 	11.661903 	103.227905 	110.000000 	45.398239 	118.406082 	16.763054 	49.497475 	21.470911 	121.210564 	100.846420 	77.252831 	140.035706 	121.400162 	80.777473 	26.000000 	
46.400433 	18.248287 	46.861500 	113.648582 	95.414886 	79.202271 	20.099751 	12.727922 	61.522354 	109.293182 	8.062258 	53.075417 	36.235340 	28.600698 	25.298222 	999.000000 	68.622154 	48.166378 	50.289165 	56.222771 	2.828427 	52.801514 	74.966660 	22.825424 	32.249031 	33.105892 	20.248457 	72.249565 	86.977005 	52.697250 	42.047592 	82.073135 	107.298645 	94.794518 	13.038404 	40.249222 	34.985710 	79.397736 	86.371292 	21.095022 	94.847244 	37.643059 	25.019993 	18.681541 	97.672920 	76.275818 	52.000000 	117.686020 	97.744568 	55.542778 	18.000000 	
24.166092 	80.993828 	22.825424 	53.150730 	33.060551 	16.124516 	85.445892 	55.901699 	7.615773 	45.891174 	75.286118 	15.556349 	32.557640 	40.360870 	92.200867 	68.622154 	999.000000 	107.018692 	115.965515 	13.416408 	68.593002 	17.000000 	6.403124 	90.906548 	38.013157 	100.603180 	88.617157 	4.123106 	18.601076 	18.973665 	109.402924 	13.453624 	40.249222 	26.627054 	81.320351 	32.202484 	103.077644 	11.180340 	17.804493 	56.938564 	26.248810 	106.216759 	54.120235 	85.146935 	29.068884 	13.601471 	27.073973 	49.929951 	29.206163 	25.019993 	82.006096 	
82.855293 	30.016663 	84.308952 	140.071411 	125.602547 	112.680969 	28.635643 	57.218880 	99.403221 	138.538803 	40.311287 	92.698433 	78.339005 	72.180328 	26.832815 	48.166378 	107.018692 	999.000000 	19.000000 	97.082436 	50.358715 	94.254974 	112.729767 	31.764761 	76.941536 	25.455845 	34.438351 	111.085556 	123.470642 	95.336250 	24.166092 	119.866592 	140.346008 	130.361038 	43.657761 	85.158676 	28.425341 	118.186295 	124.338249 	69.260376 	132.378250 	33.837849 	73.171036 	48.301140 	135.070358 	117.652031 	97.324203 	151.162170 	135.506454 	100.623062 	52.801514 	
92.086914 	34.985710 	93.193344 	153.717270 	137.931137 	123.693169 	30.870699 	61.846584 	108.452751 	151.320847 	42.379242 	100.846420 	84.970581 	77.878113 	25.000000 	50.289165 	115.965515 	19.000000 	999.000000 	104.709122 	51.662365 	101.533249 	122.036880 	28.284271 	82.079231 	18.027756 	31.257000 	119.887444 	133.454117 	101.980392 	10.440307 	129.247818 	151.855194 	140.801285 	41.194660 	90.249657 	18.248287 	127.094452 	133.689941 	70.213959 	142.003525 	21.023796 	74.330345 	43.104523 	144.779144 	125.239769 	102.181213 	162.606888 	145.055161 	105.688217 	48.093658 	
16.124516 	69.771057 	14.035668 	65.764732 	45.705578 	28.284271 	73.925636 	43.600460 	9.055386 	58.940647 	63.245552 	5.099020 	20.000000 	27.658634 	80.454956 	56.222771 	13.416408 	97.082436 	104.709122 	999.000000 	55.973209 	3.605551 	19.723083 	78.816238 	24.839485 	88.752464 	76.400261 	16.401220 	31.906113 	6.000000 	97.637085 	26.400757 	53.665630 	39.962482 	68.680420 	18.788294 	91.021973 	23.345236 	30.479502 	43.566040 	38.948685 	93.861603 	40.706264 	72.180328 	41.773197 	20.615528 	15.524175 	63.285069 	41.725292 	14.764823 	68.883957 	
46.872166 	20.615528 	47.201694 	114.490173 	96.041656 	79.630394 	22.000000 	13.038404 	61.619801 	109.931801 	10.049875 	53.037724 	36.069378 	28.319605 	26.683329 	2.828427 	68.593002 	50.358715 	51.662365 	55.973209 	999.000000 	52.497620 	74.966660 	23.769728 	31.622776 	34.176014 	21.023796 	72.138756 	87.045967 	52.201534 	43.081318 	82.024384 	107.615051 	94.921021 	12.727922 	39.446167 	35.777088 	79.246452 	86.278618 	19.000000 	94.762863 	38.013157 	23.021729 	17.464249 	97.590981 	75.802376 	50.990196 	117.923706 	97.621719 	54.561890 	16.124516 	
14.866069 	66.640831 	12.649111 	69.050705 	49.030602 	31.575306 	70.710678 	40.224369 	12.041595 	62.361847 	59.908264 	5.000000 	16.643316 	24.207438 	77.175125 	52.801514 	17.000000 	94.254974 	101.533249 	3.605551 	52.497620 	999.000000 	23.323807 	75.451973 	21.260292 	85.440041 	73.006851 	20.000000 	35.510563 	3.605551 	94.339813 	30.000000 	57.245087 	43.566040 	65.192024 	15.231546 	87.658424 	26.907248 	34.058773 	39.962482 	42.520584 	90.426765 	37.121422 	68.622154 	45.343136 	23.706539 	13.416408 	66.887962 	45.276924 	13.453624 	65.299309 	
30.016663 	87.091904 	28.844410 	48.000000 	28.071337 	12.529964 	91.607857 	62.241467 	13.601471 	40.311287 	81.565926 	21.931713 	38.948685 	46.754681 	98.407318 	74.966660 	6.403124 	112.729767 	122.036880 	19.723083 	74.966660 	23.323807 	999.000000 	97.185387 	44.407207 	106.826965 	94.921021 	4.000000 	12.206555 	25.079872 	115.602768 	7.211102 	34.014702 	20.248457 	87.692642 	38.470768 	109.343498 	6.000000 	11.661903 	63.285069 	20.000000 	112.538879 	60.415230 	91.547798 	22.803509 	12.727922 	32.557640 	43.566040 	23.021729 	30.149628 	88.408142 	
67.882248 	14.142136 	68.622154 	133.405396 	116.038788 	100.498756 	9.000000 	35.227829 	83.630135 	129.807556 	15.620500 	75.432091 	58.821766 	51.312767 	5.000000 	22.825424 	90.906548 	31.764761 	28.284271 	78.816238 	23.769728 	75.451973 	97.185387 	999.000000 	55.072678 	10.440307 	3.000000 	94.641426 	109.041275 	75.471848 	19.313208 	104.350372 	128.763351 	116.726173 	13.000000 	63.063461 	12.206555 	101.828285 	108.706024 	41.976185 	117.153748 	15.811388 	46.097721 	16.552946 	119.970833 	99.020203 	74.732857 	139.316193 	120.104118 	78.294319 	21.189621 	
21.000000 	47.801674 	20.099751 	87.931793 	68.352028 	51.078373 	51.264023 	20.248457 	31.764761 	82.079231 	39.812057 	22.825424 	7.000000 	5.099020 	57.271286 	32.249031 	38.013157 	76.941536 	82.079231 	24.839485 	31.622776 	21.260292 	44.407207 	55.072678 	999.000000 	65.299309 	52.478565 	41.231056 	56.612720 	20.615528 	74.242844 	51.224995 	78.032043 	64.637451 	44.204071 	8.246211 	67.230942 	48.166378 	55.317268 	19.313208 	63.780876 	69.634758 	17.262676 	47.381432 	66.603302 	44.204071 	20.396078 	87.920418 	66.528191 	23.769728 	44.045429 	
77.233414 	20.808653 	78.102493 	141.605087 	124.739731 	109.603828 	15.620500 	45.276924 	93.236259 	138.408813 	25.553865 	85.211502 	68.796799 	61.400326 	8.485281 	33.105892 	100.603180 	25.455845 	18.027756 	88.752464 	34.176014 	85.440041 	106.826965 	10.440307 	65.299309 	999.000000 	13.341664 	104.403069 	118.562218 	85.586212 	8.944272 	114.017540 	137.887634 	126.150703 	23.194826 	73.348480 	4.000000 	111.606453 	118.406082 	52.392746 	126.822708 	10.049875 	56.515484 	25.317978 	129.630249 	109.077957 	85.088188 	148.519363 	129.807556 	88.639717 	30.265491 	
65.795135 	14.035668 	66.468040 	131.764938 	114.201576 	98.493652 	9.486833 	32.802441 	81.394104 	128.003906 	13.453624 	73.109505 	56.400356 	48.826221 	7.615773 	20.248457 	88.617157 	34.438351 	31.257000 	76.400261 	21.023796 	73.006851 	94.921021 	3.000000 	52.478565 	13.341664 	999.000000 	92.314682 	106.831642 	72.945183 	22.135944 	102.068604 	126.732002 	114.560028 	10.000000 	60.415230 	14.764823 	99.488693 	106.404884 	39.051247 	114.865135 	17.691807 	43.174065 	13.892444 	117.686020 	96.519424 	72.013885 	137.244308 	117.796432 	75.584389 	18.384777 	
28.231188 	84.905830 	26.832815 	52.000000 	32.062439 	16.155495 	89.308456 	59.548298 	11.704700 	44.283180 	79.025314 	19.209373 	36.069378 	43.840622 	96.020828 	72.249565 	4.123106 	111.085556 	119.887444 	16.401220 	72.138756 	20.000000 	4.000000 	94.641426 	41.231056 	104.403069 	92.314682 	999.000000 	15.652476 	21.470911 	113.225441 	10.000000 	37.696156 	23.706539 	84.864601 	34.985710 	106.826965 	7.211102 	14.142136 	59.908264 	22.627417 	109.877205 	56.938564 	88.526833 	25.455845 	10.295630 	28.635643 	47.010635 	25.495098 	26.172504 	85.276024 	
41.400482 	98.600204 	40.459858 	38.639359 	20.124611 	13.038404 	103.232750 	74.249580 	25.455845 	30.066593 	93.434471 	34.058773 	51.088158 	58.898216 	110.113579 	86.977005 	18.601076 	123.470642 	133.454117 	31.906113 	87.045967 	35.510563 	12.206555 	109.041275 	56.612720 	118.562218 	106.831642 	15.652476 	999.000000 	37.121422 	127.283150 	6.082763 	22.135944 	8.062258 	99.764725 	50.606323 	121.165176 	10.049875 	5.000000 	75.471848 	9.219544 	124.482933 	72.560318 	103.711136 	11.704700 	19.104973 	43.965897 	31.384710 	12.369317 	41.231056 	100.603180 	
17.888544 	67.230942 	15.652476 	71.700768 	51.623638 	34.234486 	71.112587 	40.311287 	15.033297 	64.761101 	60.033325 	8.602325 	17.088007 	24.186773 	77.414467 	52.697250 	18.973665 	95.336250 	101.980392 	6.000000 	52.201534 	3.605551 	25.079872 	75.471848 	20.615528 	85.586212 	72.945183 	21.470911 	37.121422 	999.000000 	94.514549 	31.384710 	59.093147 	45.177429 	64.815125 	13.601471 	87.664131 	28.017851 	35.227829 	38.600517 	43.600460 	90.210861 	35.510563 	67.896980 	46.400433 	23.600847 	9.848858 	68.476273 	46.227695 	9.899495 	64.381676 	
85.912750 	29.000000 	86.833176 	149.626205 	133.056381 	118.139748 	24.083189 	54.203320 	102.004898 	146.659470 	34.481880 	94.047859 	77.698135 	70.327805 	17.204651 	42.047592 	109.402924 	24.166092 	10.440307 	97.637085 	43.081318 	94.339813 	115.602768 	19.313208 	74.242844 	8.944272 	22.135944 	113.225441 	127.283150 	94.514549 	999.000000 	122.800652 	146.413803 	134.825821 	31.780497 	82.292160 	8.000000 	120.432556 	127.200630 	61.131008 	135.602356 	10.816654 	65.253349 	33.000000 	138.405197 	117.991524 	94.021271 	157.079605 	138.600143 	97.575615 	38.000000 	
37.215588 	94.302704 	36.055511 	44.407207 	25.298222 	13.892444 	98.812958 	69.354164 	20.808653 	36.013885 	88.729927 	29.000000 	45.967381 	53.758720 	105.603027 	82.073135 	13.453624 	119.866592 	129.247818 	26.400757 	82.024384 	30.000000 	7.211102 	104.350372 	51.224995 	114.017540 	102.068604 	10.000000 	6.082763 	31.384710 	122.800652 	999.000000 	28.160255 	13.928389 	94.752312 	44.944408 	116.516090 	4.000000 	4.472136 	69.892776 	12.806249 	119.670380 	66.887962 	98.493652 	15.620500 	13.341664 	37.947330 	37.121422 	15.811388 	35.171009 	95.268044 	
60.959003 	117.456375 	60.440052 	22.022715 	16.278820 	28.284271 	122.347862 	94.641426 	46.324940 	12.727922 	113.278419 	55.226807 	72.111023 	79.881165 	129.402466 	107.298645 	40.249222 	140.346008 	151.855194 	53.665630 	107.615051 	57.245087 	34.014702 	128.763351 	78.032043 	137.887634 	126.732002 	37.696156 	22.135944 	59.093147 	146.413803 	28.160255 	999.000000 	14.317822 	120.253899 	72.449982 	140.730240 	32.015621 	25.317978 	97.128784 	19.104973 	144.422989 	94.366310 	124.619423 	17.464249 	40.311287 	66.098412 	10.816654 	18.681541 	63.324562 	121.757957 	
48.918301 	106.042442 	48.104053 	32.893768 	17.029387 	18.027756 	110.751976 	82.073135 	33.301651 	23.769728 	101.138519 	42.011902 	59.033890 	66.843102 	117.686020 	94.794518 	26.627054 	130.361038 	140.801285 	39.962482 	94.921021 	43.566040 	20.248457 	116.726173 	64.637451 	126.150703 	114.560028 	23.706539 	8.062258 	45.177429 	134.825821 	13.928389 	14.317822 	999.000000 	107.628990 	58.668560 	128.817703 	17.720045 	11.045361 	83.528435 	7.071068 	132.230865 	80.622574 	111.664673 	7.615773 	26.076809 	51.865211 	23.323807 	8.944272 	49.040798 	108.600182 	
59.405388 	17.804493 	59.816387 	126.657021 	108.452751 	92.200867 	15.811388 	25.612497 	74.330345 	122.331520 	10.049875 	65.764732 	48.795490 	41.036568 	17.262676 	13.038404 	81.320351 	43.657761 	41.194660 	68.680420 	12.727922 	65.192024 	87.692642 	13.000000 	44.204071 	23.194826 	10.000000 	84.864601 	99.764725 	64.815125 	31.780497 	94.752312 	120.253899 	107.628990 	999.000000 	51.865211 	24.041630 	91.967384 	99.005051 	29.410883 	107.489532 	25.553865 	33.526108 	7.280110 	110.317726 	88.408142 	63.134777 	130.598618 	110.344917 	66.730804 	9.899495 	
20.615528 	56.044624 	18.973665 	83.952370 	64.031242 	46.572525 	59.464275 	28.460499 	26.925823 	77.491936 	47.927029 	18.248287 	9.433981 	13.038404 	65.391129 	40.249222 	32.202484 	85.158676 	90.249657 	18.788294 	39.446167 	15.231546 	38.470768 	63.063461 	8.246211 	73.348480 	60.415230 	34.985710 	50.606323 	13.601471 	82.292160 	44.944408 	72.449982 	58.668560 	51.865211 	999.000000 	75.179787 	41.617306 	48.826221 	25.000000 	57.201397 	77.388626 	21.954498 	54.561890 	60.000000 	36.796738 	12.165525 	81.987801 	59.816387 	15.524175 	50.911690 	
79.931221 	24.186773 	80.721741 	144.844742 	127.781059 	112.449989 	18.867962 	47.434166 	95.775780 	141.495590 	27.802877 	87.618492 	71.028160 	63.513779 	11.661903 	34.985710 	103.077644 	28.425341 	18.248287 	91.021973 	35.777088 	87.658424 	109.343498 	12.206555 	67.230942 	4.000000 	14.764823 	106.826965 	121.165176 	87.664131 	8.000000 	116.516090 	140.730240 	128.817703 	24.041630 	75.179787 	999.000000 	114.017540 	120.880104 	53.450912 	129.321304 	6.082763 	57.567352 	25.000000 	132.136292 	111.220505 	86.764046 	151.320847 	132.279999 	90.338257 	30.000000 	
35.341194 	92.114059 	34.000000 	48.373547 	29.120440 	16.278820 	96.519424 	66.708321 	18.788294 	40.012497 	86.214851 	26.400757 	43.185646 	50.931328 	103.227905 	79.397736 	11.180340 	118.186295 	127.094452 	23.345236 	79.246452 	26.907248 	6.000000 	101.828285 	48.166378 	111.606453 	99.488693 	7.211102 	10.049875 	28.017851 	120.432556 	4.000000 	32.015621 	17.720045 	91.967384 	41.617306 	114.017540 	999.000000 	7.211102 	66.610809 	15.620500 	117.034180 	63.513779 	95.524864 	18.439089 	9.486833 	34.176014 	40.718548 	18.384777 	31.320919 	92.195442 	
41.677334 	98.737022 	40.496914 	43.174065 	25.059929 	16.763054 	103.227905 	73.661385 	25.238859 	34.365681 	93.085983 	33.301651 	50.209560 	57.982758 	110.000000 	86.371292 	17.804493 	124.338249 	133.689941 	30.479502 	86.278618 	34.058773 	11.661903 	108.706024 	55.317268 	118.406082 	106.404884 	14.142136 	5.000000 	35.227829 	127.200630 	4.472136 	25.317978 	11.045361 	99.005051 	48.826221 	120.880104 	7.211102 	999.000000 	73.817345 	8.485281 	123.987900 	70.724815 	102.649887 	11.313708 	15.033297 	41.231056 	33.615471 	11.401754 	38.275318 	99.357941 	
39.623226 	39.319206 	39.051247 	107.205414 	87.664131 	70.384659 	41.000000 	16.278820 	50.990196 	101.390335 	29.017237 	42.047592 	25.961510 	19.104973 	45.398239 	21.095022 	56.938564 	69.260376 	70.213959 	43.566040 	19.000000 	39.962482 	63.285069 	41.976185 	19.313208 	52.392746 	39.051247 	59.908264 	75.471848 	38.600517 	61.131008 	69.892776 	97.128784 	83.528435 	29.410883 	25.000000 	53.450912 	66.610809 	73.817345 	999.000000 	82.200974 	54.625999 	4.123106 	30.528675 	85.000000 	61.554855 	34.828148 	106.850365 	84.811554 	38.418747 	26.400757 	
49.929951 	107.074738 	48.826221 	39.395432 	24.083189 	22.022715 	111.606453 	82.134033 	33.600594 	30.083218 	101.533249 	41.773197 	58.694122 	66.468040 	118.406082 	94.847244 	26.248810 	132.378250 	142.003525 	38.948685 	94.762863 	42.520584 	20.000000 	117.153748 	63.780876 	126.822708 	114.865135 	22.627417 	9.219544 	43.600460 	135.602356 	12.806249 	19.104973 	7.071068 	107.489532 	57.201397 	129.321304 	15.620500 	8.485281 	82.200974 	999.000000 	132.457535 	79.056938 	111.126053 	2.828427 	22.135944 	49.193497 	25.961510 	3.162278 	46.097721 	107.814659 	
83.486526 	29.154760 	84.148682 	149.214615 	131.821854 	116.180893 	23.769728 	50.328918 	99.035347 	145.602203 	31.144823 	90.686272 	73.878281 	66.219330 	16.763054 	37.643059 	106.216759 	33.837849 	21.023796 	93.861603 	38.013157 	90.426765 	112.538879 	15.811388 	69.634758 	10.049875 	17.691807 	109.877205 	124.482933 	90.210861 	10.816654 	119.670380 	144.422989 	132.230865 	25.553865 	77.388626 	6.082763 	117.034180 	123.987900 	54.625999 	132.457535 	999.000000 	58.694122 	24.738634 	135.281189 	113.811249 	88.684837 	154.935471 	135.369858 	92.282173 	29.614185 	
38.118237 	43.185646 	37.336308 	105.080925 	85.381500 	68.007355 	45.011108 	18.867962 	48.466484 	99.020203 	33.000000 	39.560081 	24.186773 	18.110771 	49.497475 	25.019993 	54.120235 	73.171036 	74.330345 	40.706264 	23.021729 	37.121422 	60.415230 	46.097721 	17.262676 	56.515484 	43.174065 	56.938564 	72.560318 	35.510563 	65.253349 	66.887962 	94.366310 	80.622574 	33.526108 	21.954498 	57.567352 	63.513779 	70.724815 	4.123106 	79.056938 	58.694122 	999.000000 	34.481880 	81.841309 	58.137768 	31.144823 	103.942291 	81.608826 	34.713108 	30.232433 	
64.140472 	24.698177 	64.350601 	131.928009 	113.371071 	96.798759 	21.931713 	30.413813 	78.409180 	127.263504 	17.262676 	69.656296 	52.630791 	44.821869 	21.470911 	18.681541 	85.146935 	48.301140 	43.104523 	72.180328 	17.464249 	68.622154 	91.547798 	16.552946 	47.381432 	25.317978 	13.892444 	88.526833 	103.711136 	67.896980 	33.000000 	98.493652 	124.619423 	111.664673 	7.280110 	54.561890 	25.000000 	95.524864 	102.649887 	30.528675 	111.126053 	24.738634 	34.481880 	999.000000 	113.951744 	91.350975 	65.215027 	134.807266 	113.899078 	68.818604 	5.000000 	
52.697250 	109.859001 	51.613953 	38.470768 	24.413111 	24.186773 	114.402794 	84.958817 	36.400551 	29.068884 	104.350372 	44.598206 	61.522354 	69.296463 	121.210564 	97.672920 	29.068884 	135.070358 	144.779144 	41.773197 	97.590981 	45.343136 	22.803509 	119.970833 	66.603302 	129.630249 	117.686020 	25.455845 	11.704700 	46.400433 	138.405197 	15.620500 	17.464249 	7.615773 	110.317726 	60.000000 	132.136292 	18.439089 	11.313708 	85.000000 	2.828427 	135.281189 	81.841309 	113.951744 	999.000000 	24.698177 	51.884487 	23.537205 	1.414214 	48.754486 	110.634537 	
35.510563 	90.338257 	33.734257 	57.706154 	38.600517 	25.000000 	94.413979 	63.812225 	20.024984 	49.162994 	83.528435 	25.000000 	40.311287 	47.707443 	100.846420 	76.275818 	13.601471 	117.652031 	125.239769 	20.615528 	75.802376 	23.706539 	12.727922 	99.020203 	44.204071 	109.077957 	96.519424 	10.295630 	19.104973 	23.600847 	117.991524 	13.341664 	40.311287 	26.076809 	88.408142 	36.796738 	111.220505 	9.486833 	15.033297 	61.554855 	22.135944 	113.811249 	58.137768 	91.350975 	24.698177 	999.000000 	27.459061 	48.083260 	24.166092 	24.186773 	87.692642 	
26.248810 	68.154236 	24.083189 	80.224686 	60.133186 	43.000000 	71.470276 	40.521599 	24.515301 	72.835434 	59.808025 	18.357559 	20.223749 	25.179358 	77.252831 	52.000000 	27.073973 	97.324203 	102.181213 	15.524175 	50.990196 	13.416408 	32.557640 	74.732857 	20.396078 	85.088188 	72.013885 	28.635643 	43.965897 	9.848858 	94.021271 	37.947330 	66.098412 	51.865211 	63.134777 	12.165525 	86.764046 	34.176014 	41.231056 	34.828148 	49.193497 	88.684837 	31.144823 	65.215027 	51.884487 	27.459061 	999.000000 	74.846512 	51.478149 	3.605551 	61.220913 	
71.449280 	128.144455 	70.837845 	25.495098 	26.570660 	38.948685 	133.003754 	104.995239 	56.400356 	18.248287 	123.794182 	65.215027 	82.200974 	90.000000 	140.035706 	117.686020 	49.929951 	151.162170 	162.606888 	63.285069 	117.923706 	66.887962 	43.566040 	139.316193 	87.920418 	148.519363 	137.244308 	47.010635 	31.384710 	68.476273 	157.079605 	37.121422 	10.816654 	23.323807 	130.598618 	81.987801 	151.320847 	40.718548 	33.615471 	106.850365 	25.961510 	154.935471 	103.942291 	134.807266 	23.537205 	48.083260 	74.846512 	999.000000 	24.331051 	71.867935 	131.825638 	
53.000000 	110.113579 	51.865211 	39.824615 	25.806976 	25.079872 	114.621117 	85.041168 	36.619667 	30.413813 	104.484451 	44.687805 	61.554855 	69.310890 	121.400162 	97.744568 	29.206163 	135.506454 	145.055161 	41.725292 	97.621719 	45.276924 	23.021729 	120.104118 	66.528191 	129.807556 	117.796432 	25.495098 	12.369317 	46.227695 	138.600143 	15.811388 	18.681541 	8.944272 	110.344917 	59.816387 	132.279999 	18.384777 	11.401754 	84.811554 	3.162278 	135.369858 	81.608826 	113.899078 	1.414214 	24.166092 	51.478149 	24.331051 	999.000000 	48.301140 	110.535065 	
27.459061 	71.568146 	25.238859 	78.057671 	58.008621 	41.109608 	74.946648 	43.965897 	23.409399 	70.455658 	63.324562 	18.439089 	23.021729 	28.442924 	80.777473 	55.542778 	25.019993 	100.623062 	105.688217 	14.764823 	54.561890 	13.453624 	30.149628 	78.294319 	23.769728 	88.639717 	75.584389 	26.172504 	41.231056 	9.899495 	97.575615 	35.171009 	63.324562 	49.040798 	66.730804 	15.524175 	90.338257 	31.320919 	38.275318 	38.418747 	46.097721 	92.282173 	34.713108 	68.818604 	48.754486 	24.186773 	3.605551 	71.867935 	48.301140 	999.000000 	64.815125 	
61.717098 	27.658634 	61.773781 	129.769028 	110.941429 	94.154129 	25.612497 	28.460499 	75.451973 	124.823875 	18.788294 	66.610809 	49.648766 	41.880783 	26.000000 	18.000000 	82.006096 	52.801514 	48.093658 	68.883957 	16.124516 	65.299309 	88.408142 	21.189621 	44.045429 	30.265491 	18.384777 	85.276024 	100.603180 	64.381676 	38.000000 	95.268044 	121.757957 	108.600182 	9.899495 	50.911690 	30.000000 	92.195442 	99.357941 	26.400757 	107.814659 	29.614185 	30.232433 	5.000000 	110.634537 	87.692642 	61.220913 	131.825638 	110.535065 	64.815125 	999.000000 	

Travel time:
9.000000 	1.430035 	0.055902 	1.703856 	1.231107 	0.820061 	1.546165 	0.845946 	0.413824 	1.578369 	1.308625 	0.276134 	0.350000 	0.515388 	1.719193 	1.160011 	0.604152 	2.071382 	2.302173 	0.403113 	1.171804 	0.371652 	0.750417 	1.697056 	0.525000 	1.930835 	1.644878 	0.705780 	1.035012 	0.447214 	2.147819 	0.930390 	1.523975 	1.222957 	1.485135 	0.515388 	1.998281 	0.883530 	1.041933 	0.990581 	1.248249 	2.087163 	0.952956 	1.603512 	1.317431 	0.887764 	0.656220 	1.786232 	1.325000 	0.686477 	1.542928 	
1.430035 	9.000000 	1.456237 	3.020037 	2.601562 	2.229910 	0.134629 	0.691466 	1.837457 	2.942151 	0.269258 	1.646587 	1.253994 	1.083109 	0.313249 	0.456207 	2.024846 	0.750417 	0.874643 	1.744276 	0.515388 	1.666021 	2.177298 	0.353553 	1.195042 	0.520216 	0.350892 	2.122646 	2.465005 	1.680773 	0.725000 	2.357568 	2.936409 	2.651061 	0.445112 	1.401116 	0.604669 	2.302851 	2.468426 	0.982980 	2.676868 	0.728869 	1.079641 	0.617454 	2.746475 	2.258456 	1.703856 	3.203611 	2.752840 	1.789204 	0.691466 	
0.055902 	1.456237 	9.000000 	1.708801 	1.229837 	0.811249 	1.570032 	0.855132 	0.381608 	1.576586 	1.325943 	0.225000 	0.328824 	0.506211 	1.741407 	1.171538 	0.570636 	2.107724 	2.329834 	0.350892 	1.180042 	0.316228 	0.721110 	1.715554 	0.502494 	1.952562 	1.661701 	0.670820 	1.011496 	0.391312 	2.170829 	0.901388 	1.511001 	1.202601 	1.495410 	0.474342 	2.018044 	0.850000 	1.012423 	0.976281 	1.220656 	2.103717 	0.933408 	1.608765 	1.290349 	0.843356 	0.602080 	1.770946 	1.296630 	0.630971 	1.544345 	
1.703856 	3.020037 	1.708801 	9.000000 	0.502494 	0.937083 	3.150397 	2.537962 	1.426753 	0.235850 	2.962790 	1.643358 	2.031779 	2.215006 	3.330540 	2.841215 	1.328768 	3.501785 	3.842932 	1.644118 	2.862254 	1.726268 	1.200000 	3.335135 	2.198295 	3.540127 	3.294123 	1.300000 	0.965984 	1.792519 	3.740655 	1.110180 	0.550568 	0.822344 	3.166425 	2.098809 	3.621119 	1.209339 	1.079352 	2.680135 	0.984886 	3.730365 	2.627023 	3.298200 	0.961769 	1.442654 	2.005617 	0.637377 	0.995615 	1.951442 	3.244226 	
1.231107 	2.601562 	1.229837 	0.502494 	9.000000 	0.436606 	2.728095 	2.075151 	0.927699 	0.347311 	2.520045 	1.147007 	1.546165 	1.733854 	2.906888 	2.385372 	0.826514 	3.140064 	3.448278 	1.142639 	2.401042 	1.225765 	0.701783 	2.900970 	1.708801 	3.118493 	2.855039 	0.801561 	0.503115 	1.290591 	3.326410 	0.632456 	0.406971 	0.425735 	2.711319 	1.600781 	3.194526 	0.728011 	0.626498 	2.191603 	0.602080 	3.295546 	2.134537 	2.834277 	0.610328 	0.965013 	1.503330 	0.664266 	0.645174 	1.450216 	2.773536 	
0.820061 	2.229910 	0.811249 	0.937083 	0.436606 	9.000000 	2.351728 	1.665270 	0.491172 	0.775403 	2.126029 	0.711512 	1.118034 	1.308864 	2.527969 	1.980057 	0.403113 	2.817024 	3.092329 	0.707107 	1.990760 	0.789383 	0.313249 	2.512469 	1.276959 	2.740096 	2.462341 	0.403887 	0.325960 	0.855862 	2.953494 	0.347311 	0.707107 	0.450694 	2.305022 	1.164313 	2.811250 	0.406971 	0.419076 	1.759616 	0.550568 	2.904522 	1.700184 	2.419969 	0.604669 	0.625000 	1.075000 	0.973717 	0.626997 	1.027740 	2.353853 	
1.546165 	0.134629 	1.570032 	3.150397 	2.728095 	2.351728 	9.000000 	0.775403 	1.950160 	3.069711 	0.301040 	1.754459 	1.353006 	1.175266 	0.180278 	0.502494 	2.136147 	0.715891 	0.771767 	1.848141 	0.550000 	1.767767 	2.290196 	0.225000 	1.281601 	0.390512 	0.237171 	2.232711 	2.580819 	1.777815 	0.602080 	2.470324 	3.058697 	2.768799 	0.395285 	1.486607 	0.471699 	2.412986 	2.580698 	1.025000 	2.790161 	0.594243 	1.125278 	0.548293 	2.860070 	2.360349 	1.786757 	3.325094 	2.865528 	1.873666 	0.640312 	
0.845946 	0.691466 	0.855132 	2.537962 	2.075151 	1.665270 	0.775403 	9.000000 	1.219887 	2.422421 	0.493077 	1.009022 	0.590021 	0.403113 	0.928036 	0.318198 	1.397542 	1.430472 	1.546165 	1.090011 	0.325960 	1.005609 	1.556037 	0.880696 	0.506211 	1.131923 	0.820061 	1.488707 	1.856240 	1.007782 	1.355083 	1.733854 	2.366036 	2.051828 	0.640312 	0.711512 	1.185854 	1.667708 	1.841535 	0.406971 	2.053351 	1.258223 	0.471699 	0.760345 	2.123971 	1.595306 	1.013040 	2.624881 	2.126029 	1.099147 	0.711512 	
0.413824 	1.837457 	0.381608 	1.426753 	0.927699 	0.491172 	1.950160 	1.219887 	9.000000 	1.264911 	1.700368 	0.223607 	0.645174 	0.840015 	2.120289 	1.538059 	0.190394 	2.485080 	2.711319 	0.226385 	1.540495 	0.301040 	0.340037 	2.090753 	0.794119 	2.330906 	2.034853 	0.292617 	0.636396 	0.375832 	2.550122 	0.520216 	1.158123 	0.832541 	1.858259 	0.673146 	2.394394 	0.469707 	0.630971 	1.274755 	0.840015 	2.475884 	1.211662 	1.960230 	0.910014 	0.500625 	0.612882 	1.410009 	0.915492 	0.585235 	1.886299 	
1.578369 	2.942151 	1.576586 	0.235850 	0.347311 	0.775403 	3.069711 	2.422421 	1.264911 	9.000000 	2.865528 	1.486607 	1.891098 	2.079814 	3.248942 	2.732330 	1.147279 	3.463470 	3.783021 	1.473516 	2.748295 	1.559046 	1.007782 	3.245189 	2.051981 	3.460220 	3.200098 	1.107080 	0.751665 	1.619027 	3.666487 	0.900347 	0.318198 	0.594243 	3.058288 	1.937298 	3.537390 	1.000312 	0.859142 	2.534758 	0.752080 	3.640055 	2.475505 	3.181588 	0.726722 	1.229075 	1.820886 	0.456207 	0.760345 	1.761391 	3.120597 	
1.308625 	0.269258 	1.325943 	2.962790 	2.520045 	2.126029 	0.301040 	0.493077 	1.700368 	2.865528 	9.000000 	1.495410 	1.081665 	0.896172 	0.436606 	0.201556 	1.882153 	1.007782 	1.059481 	1.581139 	0.251247 	1.497707 	2.039148 	0.390512 	0.995301 	0.638847 	0.336341 	1.975633 	2.335862 	1.500833 	0.862047 	2.218248 	2.831960 	2.528463 	0.251247 	1.198176 	0.695072 	2.155371 	2.327150 	0.725431 	2.538331 	0.778621 	0.825000 	0.431567 	2.608759 	2.088211 	1.495201 	3.094855 	2.612111 	1.583114 	0.469707 	
0.276134 	1.646587 	0.225000 	1.643358 	1.147007 	0.711512 	1.754459 	1.009022 	0.223607 	1.486607 	1.495410 	9.000000 	0.425735 	0.620987 	1.921100 	1.326885 	0.388909 	2.317461 	2.521161 	0.127475 	1.325943 	0.125000 	0.548293 	1.885802 	0.570636 	2.130288 	1.827738 	0.480234 	0.851469 	0.215058 	2.351197 	0.725000 	1.380670 	1.050297 	1.644118 	0.456207 	2.190462 	0.660019 	0.832541 	1.051190 	1.044330 	2.267157 	0.989002 	1.741407 	1.114955 	0.625000 	0.458939 	1.630376 	1.117195 	0.460977 	1.665270 	
0.350000 	1.253994 	0.328824 	2.031779 	1.546165 	1.118034 	1.353006 	0.590021 	0.645174 	1.891098 	1.081665 	0.425735 	9.000000 	0.195256 	1.513481 	0.905883 	0.813941 	1.958475 	2.124264 	0.500000 	0.901734 	0.416083 	0.973717 	1.470544 	0.175000 	1.719920 	1.410009 	0.901734 	1.277204 	0.427200 	1.942453 	1.149184 	1.802776 	1.475847 	1.219887 	0.235850 	1.775704 	1.079641 	1.255239 	0.649038 	1.467353 	1.846957 	0.604669 	1.315770 	1.538059 	1.007782 	0.505594 	2.055024 	1.538871 	0.575543 	1.241219 	
0.515388 	1.083109 	0.506211 	2.215006 	1.733854 	1.308864 	1.175266 	0.403113 	0.840015 	2.079814 	0.896172 	0.620987 	0.195256 	9.000000 	1.330883 	0.715017 	1.009022 	1.804508 	1.946953 	0.691466 	0.707990 	0.605186 	1.168867 	1.282819 	0.127475 	1.535008 	1.220656 	1.096016 	1.472455 	0.604669 	1.758195 	1.343968 	1.997029 	1.671077 	1.025914 	0.325960 	1.587844 	1.273283 	1.449569 	0.477624 	1.661701 	1.655483 	0.452769 	1.120547 	1.732412 	1.192686 	0.629484 	2.250000 	1.732772 	0.711073 	1.047020 	
1.719193 	0.313249 	1.741407 	3.330540 	2.906888 	2.527969 	0.180278 	0.928036 	2.120289 	3.248942 	0.436606 	1.921100 	1.513481 	1.330883 	9.000000 	0.632456 	2.305022 	0.670820 	0.625000 	2.011374 	0.667083 	1.929378 	2.460183 	0.125000 	1.431782 	0.212132 	0.190394 	2.400521 	2.752840 	1.935362 	0.430116 	2.640076 	3.235062 	2.942151 	0.431567 	1.634778 	0.291548 	2.580698 	2.750000 	1.134956 	2.960152 	0.419076 	1.237437 	0.536773 	3.030264 	2.521161 	1.931321 	3.500893 	3.035004 	2.019437 	0.650000 	
1.160011 	0.456207 	1.171538 	2.841215 	2.385372 	1.980057 	0.502494 	0.318198 	1.538059 	2.732330 	0.201556 	1.326885 	0.905883 	0.715017 	0.632456 	9.000000 	1.715554 	1.204159 	1.257229 	1.405569 	0.070711 	1.320038 	1.874166 	0.570636 	0.806226 	0.827647 	0.506211 	1.806239 	2.174425 	1.317431 	1.051190 	2.051828 	2.682466 	2.369863 	0.325960 	1.006231 	0.874643 	1.984943 	2.159282 	0.527376 	2.371181 	0.941076 	0.625500 	0.467039 	2.441823 	1.906895 	1.300000 	2.942151 	2.443614 	1.388569 	0.450000 	
0.604152 	2.024846 	0.570636 	1.328768 	0.826514 	0.403113 	2.136147 	1.397542 	0.190394 	1.147279 	1.882153 	0.388909 	0.813941 	1.009022 	2.305022 	1.715554 	9.000000 	2.675467 	2.899138 	0.335410 	1.714825 	0.425000 	0.160078 	2.272664 	0.950329 	2.515079 	2.215429 	0.103078 	0.465027 	0.474342 	2.735073 	0.336341 	1.006231 	0.665676 	2.033009 	0.805062 	2.576941 	0.279509 	0.445112 	1.423464 	0.656220 	2.655419 	1.353006 	2.128673 	0.726722 	0.340037 	0.676849 	1.248249 	0.730154 	0.625500 	2.050152 	
2.071382 	0.750417 	2.107724 	3.501785 	3.140064 	2.817024 	0.715891 	1.430472 	2.485080 	3.463470 	1.007782 	2.317461 	1.958475 	1.804508 	0.670820 	1.204159 	2.675467 	9.000000 	0.475000 	2.427061 	1.258968 	2.356374 	2.818244 	0.794119 	1.923538 	0.636396 	0.860959 	2.777139 	3.086766 	2.383406 	0.604152 	2.996665 	3.508650 	3.259026 	1.091444 	2.128967 	0.710634 	2.954657 	3.108456 	1.731509 	3.309456 	0.845946 	1.829276 	1.207528 	3.376759 	2.941301 	2.433105 	3.779054 	3.387661 	2.515577 	1.320038 	
2.302173 	0.874643 	2.329834 	3.842932 	3.448278 	3.092329 	0.771767 	1.546165 	2.711319 	3.783021 	1.059481 	2.521161 	2.124264 	1.946953 	0.625000 	1.257229 	2.899138 	0.475000 	9.000000 	2.617728 	1.291559 	2.538331 	3.050922 	0.707107 	2.051981 	0.450694 	0.781425 	2.997186 	3.336353 	2.549510 	0.261008 	3.231195 	3.796380 	3.520032 	1.029866 	2.256241 	0.456207 	3.177361 	3.342248 	1.755349 	3.550088 	0.525595 	1.858259 	1.077613 	3.619479 	3.130994 	2.554530 	4.065172 	3.626379 	2.642205 	1.202341 	
0.403113 	1.744276 	0.350892 	1.644118 	1.142639 	0.707107 	1.848141 	1.090011 	0.226385 	1.473516 	1.581139 	0.127475 	0.500000 	0.691466 	2.011374 	1.405569 	0.335410 	2.427061 	2.617728 	9.000000 	1.399330 	0.090139 	0.493077 	1.970406 	0.620987 	2.218812 	1.910007 	0.410031 	0.797653 	0.150000 	2.440927 	0.660019 	1.341641 	0.999062 	1.717010 	0.469707 	2.275549 	0.583631 	0.761988 	1.089151 	0.973717 	2.346540 	1.017657 	1.804508 	1.044330 	0.515388 	0.388104 	1.582127 	1.043132 	0.369121 	1.722099 	
1.171804 	0.515388 	1.180042 	2.862254 	2.401042 	1.990760 	0.550000 	0.325960 	1.540495 	2.748295 	0.251247 	1.325943 	0.901734 	0.707990 	0.667083 	0.070711 	1.714825 	1.258968 	1.291559 	1.399330 	9.000000 	1.312441 	1.874166 	0.594243 	0.790569 	0.854400 	0.525595 	1.803469 	2.176149 	1.305038 	1.077033 	2.050610 	2.690376 	2.373025 	0.318198 	0.986154 	0.894427 	1.981161 	2.156965 	0.475000 	2.369071 	0.950329 	0.575543 	0.436606 	2.439775 	1.895059 	1.274755 	2.948093 	2.440543 	1.364047 	0.403113 	
