Total assets = 633
Number of asset nodes = 40

Distance:
999.000000 	99.764725 	15.000000 	21.931713 	92.195442 	33.955853 	49.396355 	20.024984 	40.521599 	60.926186 	62.393909 	104.350372 	56.400356 	73.000000 	49.030602 	90.972527 	101.212646 	107.168091 	61.983868 	17.000000 	18.027756 	37.215588 	77.472572 	117.515953 	24.413111 	19.924858 	70.837845 	56.885849 	25.495098 	51.156624 	21.377558 	30.870699 	85.088188 	29.154760 	34.409302 	75.286118 	33.541019 	72.532753 	90.801979 	25.298222 	56.080299 	27.073973 	26.400757 	89.157166 	101.597244 	73.756355 	32.572994 	97.943863 	118.810776 	108.558739 	31.890438 	64.195015 	31.064449 	96.254868 	
99.764725 	999.000000 	90.210861 	120.282997 	13.152946 	73.824112 	59.236813 	88.204308 	68.447060 	50.447994 	50.990196 	13.416408 	44.045429 	26.907248 	66.098412 	24.351591 	16.278820 	14.560220 	54.744862 	106.508217 	113.004425 	83.006027 	42.107006 	19.924858 	99.362968 	110.941429 	50.009998 	64.132675 	124.326187 	71.063354 	113.718948 	94.847244 	40.261642 	127.440186 	133.958954 	51.156624 	95.854057 	54.037025 	36.769554 	114.057007 	71.021126 	122.065559 	112.507774 	40.496914 	31.890438 	57.140179 	130.000000 	36.055511 	28.160255 	30.232433 	107.786827 	68.117546 	125.363472 	39.446167 	
15.000000 	90.210861 	999.000000 	36.138622 	81.394104 	19.697716 	35.846897 	5.099020 	26.400757 	47.507893 	48.764740 	93.348808 	48.846699 	64.140472 	34.481880 	78.873314 	89.827614 	96.176918 	47.927029 	16.552946 	22.803509 	22.360680 	64.007812 	106.887794 	14.866069 	21.023796 	56.859474 	42.201897 	34.713108 	36.221542 	23.706539 	18.384777 	71.589104 	37.483330 	44.821869 	61.098282 	21.213203 	58.189346 	77.524193 	25.000000 	41.109608 	31.906113 	24.331051 	75.591003 	88.752464 	59.203041 	39.824615 	84.723076 	107.056061 	96.020828 	24.738634 	49.254440 	35.355339 	82.764725 	
21.931713 	120.282997 	36.138622 	999.000000 	113.406349 	55.659679 	71.309189 	40.792156 	62.297672 	82.855293 	84.308952 	125.602547 	76.367531 	93.380943 	70.604530 	112.680969 	122.641754 	128.405609 	83.815269 	28.635643 	22.847319 	57.218880 	99.403221 	138.538803 	40.311287 	27.856777 	92.698433 	78.339005 	16.643316 	72.180328 	26.832815 	48.166378 	107.018692 	20.124611 	19.000000 	97.082436 	50.358715 	94.254974 	112.729767 	31.764761 	76.941536 	25.455845 	34.438351 	111.085556 	123.470642 	95.336250 	24.166092 	119.866592 	140.346008 	130.361038 	43.657761 	85.158676 	28.425341 	118.186295 	
92.195442 	13.152946 	81.394104 	113.406349 	999.000000 	63.820061 	48.373547 	78.873314 	57.982758 	38.626415 	38.897301 	12.206555 	39.000000 	22.561028 	54.625999 	11.661903 	10.198039 	15.000000 	42.449970 	97.308784 	104.139328 	72.006943 	29.017237 	25.495098 	89.308456 	101.671036 	37.121422 	51.923019 	115.974136 	59.135437 	104.484451 	84.219948 	27.202942 	118.869675 	125.872955 	38.052597 	85.000000 	41.000000 	24.186773 	104.403069 	58.694122 	112.929184 	102.649887 	27.730848 	21.954498 	44.045429 	121.165176 	24.758837 	27.856777 	23.345236 	97.247108 	55.326305 	116.038788 	27.658634 	
33.955853 	73.824112 	19.697716 	55.659679 	63.820061 	999.000000 	16.401220 	15.811388 	6.708204 	28.017851 	29.154760 	75.432091 	37.013512 	49.335587 	15.132746 	60.108234 	71.589104 	78.243210 	28.231188 	33.970577 	41.231056 	12.649111 	44.418465 	89.202019 	25.553865 	38.183765 	37.161808 	23.086792 	53.823788 	18.439089 	41.012192 	21.587032 	51.971146 	56.222771 	64.070274 	41.436699 	23.194826 	38.600517 	57.982758 	40.607880 	23.537205 	49.497475 	38.832977 	55.946404 	69.404610 	39.812057 	58.051701 	65.192024 	88.391174 	76.837494 	34.176014 	31.144823 	52.402290 	63.134777 	
49.396355 	59.236813 	35.846897 	71.309189 	48.373547 	16.401220 	999.000000 	32.202484 	9.899495 	11.661903 	13.000000 	59.640591 	29.546574 	37.054016 	8.246211 	43.863426 	55.605755 	62.425957 	13.038404 	50.328918 	57.628117 	23.769728 	28.178005 	73.498299 	41.231056 	54.488529 	21.587032 	12.806249 	70.213959 	14.866069 	57.314919 	35.846897 	35.777088 	72.622307 	80.448738 	26.305893 	36.674240 	24.020824 	41.677334 	56.639210 	18.027756 	65.795135 	54.671749 	39.812057 	53.009434 	26.076809 	74.411018 	48.877399 	72.138756 	60.440052 	48.877399 	22.203604 	68.593002 	46.957428 	
20.024984 	88.204308 	5.099020 	40.792156 	78.873314 	15.811388 	32.202484 	999.000000 	22.472204 	43.829212 	44.944408 	90.686272 	48.083260 	62.609905 	30.083218 	75.742989 	87.000000 	93.509361 	43.829212 	18.439089 	25.495098 	17.262676 	60.207973 	104.350372 	13.000000 	22.803509 	52.773098 	37.643059 	38.013157 	31.400637 	25.612497 	14.422205 	67.742157 	40.459858 	48.259712 	56.859474 	17.204651 	53.851646 	73.783470 	25.942244 	36.221542 	34.058773 	24.698177 	71.693794 	85.211502 	54.708317 	42.426407 	80.993828 	104.004807 	92.617493 	23.021729 	44.407207 	37.202152 	78.892334 	
40.521599 	68.447060 	26.400757 	62.297672 	57.982758 	6.708204 	9.899495 	22.472204 	999.000000 	21.400934 	22.472204 	69.404610 	34.365681 	44.911022 	9.055386 	53.758720 	65.436989 	72.201111 	21.540659 	40.459858 	47.801674 	15.132746 	37.735924 	83.234612 	31.400637 	44.598206 	30.463093 	17.029387 	60.464867 	13.892444 	47.423622 	26.400757 	45.276924 	62.801273 	70.724815 	34.785053 	27.513634 	32.015621 	51.312767 	46.754681 	18.788294 	55.901699 	44.821869 	49.244289 	62.801273 	33.376640 	64.536812 	58.523499 	82.036575 	70.292244 	39.357338 	25.709921 	58.694122 	56.435802 	
60.926186 	50.447994 	47.507893 	82.855293 	38.626415 	28.017851 	11.661903 	43.829212 	21.400934 	999.000000 	2.236068 	49.244289 	30.413813 	32.015621 	16.124516 	32.802441 	44.944408 	51.971146 	5.830952 	61.846584 	69.202599 	33.837849 	16.552946 	63.134777 	52.345009 	65.946945 	11.045361 	14.000000 	81.841309 	20.615528 	68.767723 	46.400433 	24.166092 	84.202141 	92.086914 	16.124516 	46.872166 	14.866069 	30.016663 	67.882248 	21.000000 	77.233414 	65.795135 	28.231188 	41.400482 	17.888544 	85.912750 	37.215588 	60.959003 	48.918301 	59.405388 	20.615528 	79.931221 	35.341194 	
62.393909 	50.990196 	48.764740 	84.308952 	38.897301 	29.154760 	13.000000 	44.944408 	22.472204 	2.236068 	999.000000 	49.193497 	32.557640 	33.526108 	16.401220 	32.449963 	44.777225 	51.884487 	4.123106 	62.801273 	70.213959 	34.205261 	15.264338 	63.063461 	53.037724 	66.843102 	9.000000 	13.152946 	82.927681 	20.248457 	69.656296 	46.861500 	22.825424 	85.211502 	93.193344 	14.035668 	47.201694 	12.649111 	28.844410 	68.622154 	20.099751 	78.102493 	66.468040 	26.832815 	40.459858 	15.652476 	86.833176 	36.055511 	60.440052 	48.104053 	59.816387 	18.973665 	80.721741 	34.000000 	
104.350372 	13.416408 	93.348808 	125.602547 	12.206555 	75.432091 	59.640591 	90.686272 	69.404610 	49.244289 	49.193497 	999.000000 	50.990196 	34.176014 	65.368187 	17.464249 	5.000000 	2.828427 	52.392746 	109.123779 	116.043098 	83.006027 	37.107952 	13.892444 	100.801788 	113.454834 	45.880280 	61.846584 	127.988281 	69.354164 	116.275536 	95.414886 	33.060551 	130.831955 	137.931137 	45.705578 	96.041656 	49.030602 	28.071337 	116.038788 	68.352028 	124.739731 	114.201576 	32.062439 	20.124611 	51.623638 	133.056381 	25.298222 	16.278820 	17.029387 	108.452751 	64.031242 	127.781059 	29.120440 	
56.400356 	44.045429 	48.846699 	76.367531 	39.000000 	37.013512 	29.546574 	48.083260 	34.365681 	30.413813 	32.557640 	50.990196 	999.000000 	17.204651 	37.696156 	42.296574 	49.040798 	53.665630 	36.069378 	65.391129 	71.119621 	49.091751 	39.560081 	62.968246 	60.638271 	69.856995 	39.661064 	41.340054 	81.541397 	44.384682 	72.498276 	58.309521 	45.354160 	84.905830 	90.801979 	44.418465 	60.133186 	44.407207 	48.373547 	73.736015 	47.413078 	80.498444 	72.732384 	49.030602 	55.145264 	47.801674 	87.817993 	54.037025 	66.850578 	60.016663 	70.213959 	50.000000 	84.095184 	54.332310 	
73.000000 	26.907248 	64.140472 	93.380943 	22.561028 	49.335587 	37.054016 	62.609905 	44.911022 	32.015621 	33.526108 	34.176014 	17.204651 	999.000000 	45.000000 	28.442924 	32.756680 	36.769554 	37.643059 	80.622574 	86.821655 	60.016663 	33.241539 	45.793011 	74.464760 	85.088188 	37.215588 	45.705578 	97.800819 	51.088158 	87.817993 	70.880180 	36.619667 	101.019798 	107.298645 	40.804413 	72.277245 	42.190044 	37.576588 	88.549423 	52.611786 	96.041656 	87.235313 	39.446167 	41.436699 	45.793011 	103.730423 	41.761227 	50.289165 	45.011108 	83.486526 	52.497620 	99.478638 	43.081318 	
49.030602 	66.098412 	34.481880 	70.604530 	54.625999 	15.132746 	8.246211 	30.083218 	9.055386 	16.124516 	16.401220 	65.368187 	37.696156 	45.000000 	999.000000 	48.826221 	61.057350 	68.095520 	14.212670 	47.169907 	54.708317 	17.804493 	31.144823 	79.259071 	36.878178 	51.039200 	23.021729 	8.000000 	67.601776 	6.708204 	53.823788 	30.479502 	38.418747 	69.641945 	77.897369 	26.832815 	30.805843 	23.769728 	44.687805 	52.497620 	10.630146 	62.201286 	50.249378 	42.201897 	56.586216 	24.738634 	71.028160 	51.855568 	76.837494 	64.350601 	43.416588 	16.763054 	64.660652 	49.406479 	
90.972527 	24.351591 	78.873314 	112.680969 	11.661903 	60.108234 	43.863426 	75.742989 	53.758720 	32.802441 	32.449963 	17.464249 	42.296574 	28.442924 	48.826221 	999.000000 	12.649111 	19.924858 	35.355339 	94.069122 	101.237343 	66.610809 	19.646883 	31.016125 	85.041168 	98.290382 	28.460499 	44.721359 	113.569359 	52.354561 	101.118744 	79.202271 	16.124516 	116.180893 	123.693169 	28.284271 	79.630394 	31.575306 	12.529964 	100.498756 	51.078373 	109.603828 	98.493652 	16.155495 	13.038404 	34.234486 	118.139748 	13.892444 	28.284271 	18.027756 	92.200867 	46.572525 	112.449989 	16.278820 	
101.212646 	16.278820 	89.827614 	122.641754 	10.198039 	71.589104 	55.605755 	87.000000 	65.436989 	44.944408 	44.777225 	5.000000 	49.040798 	32.756680 	61.057350 	12.649111 	999.000000 	7.280110 	47.853943 	105.418213 	112.432205 	78.771820 	32.280025 	18.384777 	96.829750 	109.713264 	41.109608 	57.271286 	124.523087 	64.845970 	112.538879 	91.263351 	28.071337 	127.287079 	134.536240 	40.792156 	91.809586 	44.147480 	23.086792 	112.160599 	63.694584 	121.016525 	110.258789 	27.073973 	15.811388 	46.690472 	129.417923 	20.615528 	17.888544 	14.317822 	104.292854 	59.203041 	123.987900 	24.351591 	
107.168091 	14.560220 	96.176918 	128.405609 	15.000000 	78.243210 	62.425957 	93.509361 	72.201111 	51.971146 	51.884487 	2.828427 	53.665630 	36.769554 	68.095520 	19.924858 	7.280110 	999.000000 	55.036350 	111.946419 	118.869675 	85.755463 	39.560081 	11.180340 	103.600197 	116.275536 	48.383881 	64.474800 	130.816666 	72.013885 	119.096596 	98.183502 	35.227829 	133.660019 	140.758652 	48.052055 	98.792709 	51.419842 	30.000000 	118.848640 	70.936592 	127.561752 	117.004272 	34.000000 	21.189621 	53.935146 	135.882309 	26.683329 	14.035668 	17.029387 	111.220505 	66.483078 	130.598618 	30.594116 	
61.983868 	54.744862 	47.927029 	83.815269 	42.449970 	28.231188 	13.038404 	43.829212 	21.540659 	5.830952 	4.123106 	52.392746 	36.069378 	37.643059 	14.212670 	35.355339 	47.853943 	55.036350 	999.000000 	61.294373 	68.796799 	31.827662 	16.970562 	66.211784 	51.088158 	65.215027 	8.944272 	9.486833 	81.633324 	17.000000 	68.007355 	44.553337 	24.207438 	83.761566 	91.923882 	13.341664 	44.687805 	11.000000 	30.479502 	66.708321 	16.278820 	76.400261 	64.443771 	28.017851 	42.426407 	13.341664 	85.211502 	37.643059 	63.007935 	50.249378 	57.384666 	14.866069 	78.873314 	35.227829 	
17.000000 	106.508217 	16.552946 	28.635643 	97.308784 	33.970577 	50.328918 	18.439089 	40.459858 	61.846584 	62.801273 	109.123779 	65.391129 	80.622574 	47.169907 	94.069122 	105.418213 	111.946419 	61.294373 	999.000000 	7.615773 	31.016125 	78.006409 	122.788437 	12.041595 	4.472136 	70.178345 	54.120235 	20.615528 	47.010635 	7.211102 	20.099751 	85.445892 	22.472204 	30.870699 	73.925636 	22.000000 	70.710678 	91.607857 	9.000000 	51.264023 	15.620500 	9.486833 	89.308456 	103.232750 	71.112587 	24.083189 	98.812958 	122.347862 	110.751976 	15.811388 	59.464275 	18.867962 	96.519424 	
18.027756 	113.004425 	22.803509 	22.847319 	104.139328 	41.231056 	57.628117 	25.495098 	47.801674 	69.202599 	70.213959 	116.043098 	71.119621 	86.821655 	54.708317 	101.237343 	112.432205 	118.869675 	68.796799 	7.615773 	999.000000 	38.626415 	85.445892 	129.634094 	19.416489 	5.099020 	77.698135 	61.717098 	13.000000 	54.625999 	4.242640 	27.459061 	92.913940 	15.000000 	23.259407 	81.492332 	29.154760 	78.294319 	99.045441 	9.219544 	58.872746 	9.486833 	11.661903 	96.798759 	110.602890 	78.721024 	17.029387 	106.254410 	129.495178 	118.067780 	20.880613 	67.067131 	13.341664 	104.009613 	
37.215588 	83.006027 	22.360680 	57.218880 	72.006943 	12.649111 	23.769728 	17.262676 	15.132746 	33.837849 	34.205261 	83.006027 	49.091751 	60.016663 	17.804493 	66.610809 	78.771820 	85.755463 	31.827662 	31.016125 	38.626415 	999.000000 	48.795490 	96.896851 	19.723083 	34.438351 	40.360870 	23.600847 	51.623638 	16.124516 	37.121422 	12.727922 	55.901699 	53.225933 	61.846584 	43.600460 	13.038404 	40.224369 	62.241467 	35.227829 	20.248457 	45.276924 	32.802441 	59.548298 	74.249580 	40.311287 	54.203320 	69.354164 	94.641426 	82.073135 	25.612497 	28.460499 	47.434166 	66.708321 	
77.472572 	42.107006 	64.007812 	99.403221 	29.017237 	44.418465 	28.178005 	60.207973 	37.735924 	16.552946 	15.264338 	37.107952 	39.560081 	33.241539 	31.144823 	19.646883 	32.280025 	39.560081 	16.970562 	78.006409 	85.445892 	48.795490 	999.000000 	50.596443 	68.014702 	82.006096 	8.944272 	25.806976 	98.183502 	33.600594 	84.811554 	61.522354 	7.615773 	100.439034 	108.452751 	9.055386 	61.619801 	12.041595 	13.601471 	83.630135 	31.764761 	93.236259 	81.394104 	11.704700 	25.455845 	15.033297 	102.004898 	20.808653 	46.324940 	33.301651 	74.330345 	26.925823 	95.775780 	18.788294 	
117.515953 	19.924858 	106.887794 	138.538803 	25.495098 	89.202019 	73.498299 	104.350372 	83.234612 	63.134777 	63.063461 	13.892444 	62.968246 	45.793011 	79.259071 	31.016125 	18.384777 	11.180340 	66.211784 	122.788437 	129.634094 	96.896851 	50.596443 	999.000000 	114.621117 	127.141655 	59.464275 	75.643906 	141.449631 	83.192551 	129.957687 	109.293182 	45.891174 	144.360657 	151.320847 	58.940647 	109.931801 	62.361847 	40.311287 	129.807556 	82.079231 	138.408813 	128.003906 	44.283180 	30.066593 	64.761101 	146.659470 	36.013885 	12.727922 	23.769728 	122.331520 	77.491936 	141.495590 	40.012497 	
24.413111 	99.362968 	14.866069 	40.311287 	89.308456 	25.553865 	41.231056 	13.000000 	31.400637 	52.345009 	53.037724 	100.801788 	60.638271 	74.464760 	36.878178 	85.041168 	96.829750 	103.600197 	51.088158 	12.041595 	19.416489 	19.723083 	68.014702 	114.621117 	999.000000 	14.866069 	59.816387 	43.266617 	32.280025 	35.846897 	17.464249 	8.062258 	75.286118 	33.615471 	42.379242 	63.245552 	10.049875 	59.908264 	81.565926 	15.620500 	39.812057 	25.553865 	13.453624 	79.025314 	93.434471 	60.033325 	34.481880 	88.729927 	113.278419 	101.138519 	10.049875 	47.927029 	27.802877 	86.214851 	
19.924858 	110.941429 	21.023796 	27.856777 	101.671036 	38.183765 	54.488529 	22.803509 	44.598206 	65.946945 	66.843102 	113.454834 	69.856995 	85.088188 	51.039200 	98.290382 	109.713264 	116.275536 	65.215027 	4.472136 	5.099020 	34.438351 	82.006096 	127.141655 	14.866069 	999.000000 	74.060783 	57.801384 	17.464249 	50.537113 	2.828427 	22.803509 	89.403580 	18.788294 	27.513634 	77.698135 	24.331051 	74.431175 	95.603348 	5.385165 	54.625999 	11.313708 	7.071068 	93.230896 	107.298645 	74.706093 	20.000000 	102.800781 	126.574089 	114.865135 	15.811388 	62.769421 	14.422205 	100.439034 	
70.837845 	50.009998 	56.859474 	92.698433 	37.121422 	37.161808 	21.587032 	52.773098 	30.463093 	11.045361 	9.000000 	45.880280 	39.661064 	37.215588 	23.021729 	28.460499 	41.109608 	48.383881 	8.944272 	70.178345 	77.698135 	40.360870 	8.944272 	59.464275 	59.816387 	74.060783 	999.000000 	17.029387 	90.553848 	24.839485 	76.843994 	53.075417 	15.556349 	92.649879 	100.846420 	5.099020 	53.037724 	5.000000 	21.931713 	75.432091 	22.825424 	85.211502 	73.109505 	19.209373 	34.058773 	8.602325 	94.047859 	29.000000 	55.226807 	42.011902 	65.764732 	18.248287 	87.618492 	26.400757 	
56.885849 	64.132675 	42.201897 	78.339005 	51.923019 	23.086792 	12.806249 	37.643059 	17.029387 	14.000000 	13.152946 	61.846584 	41.340054 	45.705578 	8.000000 	44.721359 	57.271286 	64.474800 	9.486833 	54.120235 	61.717098 	23.600847 	25.806976 	75.643906 	43.266617 	57.801384 	17.029387 	999.000000 	74.686012 	7.810250 	60.539242 	36.235340 	32.557640 	76.537575 	84.970581 	20.000000 	36.069378 	16.643316 	38.948685 	58.821766 	7.000000 	68.796799 	56.400356 	36.069378 	51.088158 	17.088007 	77.698135 	45.967381 	72.111023 	59.033890 	48.795490 	9.433981 	71.028160 	43.185646 	
25.495098 	124.326187 	34.713108 	16.643316 	115.974136 	53.823788 	70.213959 	38.013157 	60.464867 	81.841309 	82.927681 	127.988281 	81.541397 	97.800819 	67.601776 	113.569359 	124.523087 	130.816666 	81.633324 	20.615528 	13.000000 	51.623638 	98.183502 	141.449631 	32.280025 	17.464249 	90.553848 	74.686012 	999.000000 	67.623962 	15.132746 	40.261642 	105.688217 	4.000000 	10.295630 	94.413979 	41.773197 	91.241440 	111.772087 	19.026299 	71.867935 	9.848858 	22.022715 	109.603828 	123.223373 	91.706055 	8.062258 	118.983192 	141.767410 	130.602448 	32.015621 	80.056229 	12.041595 	116.811813 	
51.156624 	71.063354 	36.221542 	72.180328 	59.135437 	18.439089 	14.866069 	31.400637 	13.892444 	20.615528 	20.248457 	69.354164 	44.384682 	51.088158 	6.708204 	52.354561 	64.845970 	72.013885 	17.000000 	47.010635 	54.625999 	16.124516 	33.600594 	83.192551 	35.846897 	50.537113 	24.839485 	7.810250 	67.623962 	999.000000 	53.235325 	28.600698 	40.360870 	69.318108 	77.878113 	27.658634 	28.319605 	24.207438 	46.754681 	51.312767 	5.099020 	61.400326 	48.826221 	43.840622 	58.898216 	24.186773 	70.327805 	53.758720 	79.881165 	66.843102 	41.036568 	13.038404 	63.513779 	50.931328 	
21.377558 	113.718948 	23.706539 	26.832815 	104.484451 	41.012192 	57.314919 	25.612497 	47.423622 	68.767723 	69.656296 	116.275536 	72.498276 	87.817993 	53.823788 	101.118744 	112.538879 	119.096596 	68.007355 	7.211102 	4.242640 	37.121422 	84.811554 	129.957687 	17.464249 	2.828427 	76.843994 	60.539242 	15.132746 	53.235325 	999.000000 	25.298222 	92.200867 	16.155495 	25.000000 	80.454956 	26.683329 	77.175125 	98.407318 	5.000000 	57.271286 	8.485281 	7.615773 	96.020828 	110.113579 	77.414467 	17.204651 	105.603027 	129.402466 	117.686020 	17.262676 	65.391129 	11.661903 	103.227905 	
30.870699 	94.847244 	18.384777 	48.166378 	84.219948 	21.587032 	35.846897 	14.422205 	26.400757 	46.400433 	46.861500 	95.414886 	58.309521 	70.880180 	30.479502 	79.202271 	91.263351 	98.183502 	44.553337 	20.099751 	27.459061 	12.727922 	61.522354 	109.293182 	8.062258 	22.803509 	53.075417 	36.235340 	40.261642 	28.600698 	25.298222 	999.000000 	68.622154 	41.436699 	50.289165 	56.222771 	2.828427 	52.801514 	74.966660 	22.825424 	32.249031 	33.105892 	20.248457 	72.249565 	86.977005 	52.697250 	42.047592 	82.073135 	107.298645 	94.794518 	13.038404 	40.249222 	34.985710 	79.397736 	
85.088188 	40.261642 	71.589104 	107.018692 	27.202942 	51.971146 	35.777088 	67.742157 	45.276924 	24.166092 	22.825424 	33.060551 	45.354160 	36.619667 	38.418747 	16.124516 	28.071337 	35.227829 	24.207438 	85.445892 	92.913940 	55.901699 	7.615773 	45.891174 	75.286118 	89.403580 	15.556349 	32.557640 	105.688217 	40.360870 	92.200867 	68.622154 	999.000000 	107.898102 	115.965515 	13.416408 	68.593002 	17.000000 	6.403124 	90.906548 	38.013157 	100.603180 	88.617157 	4.123106 	18.601076 	18.973665 	109.402924 	13.453624 	40.249222 	26.627054 	81.320351 	32.202484 	103.077644 	11.180340 	
29.154760 	127.440186 	37.483330 	20.124611 	118.869675 	56.222771 	72.622307 	40.459858 	62.801273 	84.202141 	85.211502 	130.831955 	84.905830 	101.019798 	69.641945 	116.180893 	127.287079 	133.660019 	83.761566 	22.472204 	15.000000 	53.225933 	100.439034 	144.360657 	33.615471 	18.788294 	92.649879 	76.537575 	4.000000 	69.318108 	16.155495 	41.436699 	107.898102 	999.000000 	9.055386 	96.384644 	42.720020 	93.150414 	114.039467 	19.235384 	73.409805 	9.000000 	22.203604 	111.772087 	125.602547 	93.477272 	4.123106 	121.247681 	144.422989 	133.060135 	32.140316 	81.541397 	9.848858 	118.983192 	
34.409302 	133.958954 	44.821869 	19.000000 	125.872955 	64.070274 	80.448738 	48.259712 	70.724815 	92.086914 	93.193344 	137.931137 	90.801979 	107.298645 	77.897369 	123.693169 	134.536240 	140.758652 	91.923882 	30.870699 	23.259407 	61.846584 	108.452751 	151.320847 	42.379242 	27.513634 	100.846420 	84.970581 	10.295630 	77.878113 	25.000000 	50.289165 	115.965515 	9.055386 	999.000000 	104.709122 	51.662365 	101.533249 	122.036880 	28.284271 	82.079231 	18.027756 	31.257000 	119.887444 	133.454117 	101.980392 	10.440307 	129.247818 	151.855194 	140.801285 	41.194660 	90.249657 	18.248287 	127.094452 	
75.286118 	51.156624 	61.098282 	97.082436 	38.052597 	41.436699 	26.305893 	56.859474 	34.785053 	16.124516 	14.035668 	45.705578 	44.418465 	40.804413 	26.832815 	28.284271 	40.792156 	48.052055 	13.341664 	73.925636 	81.492332 	43.600460 	9.055386 	58.940647 	63.245552 	77.698135 	5.099020 	20.000000 	94.413979 	27.658634 	80.454956 	56.222771 	13.416408 	96.384644 	104.709122 	999.000000 	55.973209 	3.605551 	19.723083 	78.816238 	24.839485 	88.752464 	76.400261 	16.401220 	31.906113 	6.000000 	97.637085 	26.400757 	53.665630 	39.962482 	68.680420 	18.788294 	91.021973 	23.345236 	
33.541019 	95.854057 	21.213203 	50.358715 	85.000000 	23.194826 	36.674240 	17.204651 	27.513634 	46.872166 	47.201694 	96.041656 	60.133186 	72.277245 	30.805843 	79.630394 	91.809586 	98.792709 	44.687805 	22.000000 	29.154760 	13.038404 	61.619801 	109.931801 	10.049875 	24.331051 	53.037724 	36.069378 	41.773197 	28.319605 	26.683329 	2.828427 	68.593002 	42.720020 	51.662365 	55.973209 	999.000000 	52.497620 	74.966660 	23.769728 	31.622776 	34.176014 	21.023796 	72.138756 	87.045967 	52.201534 	43.081318 	82.024384 	107.615051 	94.921021 	12.727922 	39.446167 	35.777088 	79.246452 	
72.532753 	54.037025 	58.189346 	94.254974 	41.000000 	38.600517 	24.020824 	53.851646 	32.015621 	14.866069 	12.649111 	49.030602 	44.407207 	42.190044 	23.769728 	31.575306 	44.147480 	51.419842 	11.000000 	70.710678 	78.294319 	40.224369 	12.041595 	62.361847 	59.908264 	74.431175 	5.000000 	16.643316 	91.241440 	24.207438 	77.175125 	52.801514 	17.000000 	93.150414 	101.533249 	3.605551 	52.497620 	999.000000 	23.323807 	75.451973 	21.260292 	85.440041 	73.006851 	20.000000 	35.510563 	3.605551 	94.339813 	30.000000 	57.245087 	43.566040 	65.192024 	15.231546 	87.658424 	26.907248 	
90.801979 	36.769554 	77.524193 	112.729767 	24.186773 	57.982758 	41.677334 	73.783470 	51.312767 	30.016663 	28.844410 	28.071337 	48.373547 	37.576588 	44.687805 	12.529964 	23.086792 	30.000000 	30.479502 	91.607857 	99.045441 	62.241467 	13.601471 	40.311287 	81.565926 	95.603348 	21.931713 	38.948685 	111.772087 	46.754681 	98.407318 	74.966660 	6.403124 	114.039467 	122.036880 	19.723083 	74.966660 	23.323807 	999.000000 	97.185387 	44.407207 	106.826965 	94.921021 	4.000000 	12.206555 	25.079872 	115.602768 	7.211102 	34.014702 	20.248457 	87.692642 	38.470768 	109.343498 	6.000000 	
25.298222 	114.057007 	25.000000 	31.764761 	104.403069 	40.607880 	56.639210 	25.942244 	46.754681 	67.882248 	68.622154 	116.038788 	73.736015 	88.549423 	52.497620 	100.498756 	112.160599 	118.848640 	66.708321 	9.000000 	9.219544 	35.227829 	83.630135 	129.807556 	15.620500 	5.385165 	75.432091 	58.821766 	19.026299 	51.312767 	5.000000 	22.825424 	90.906548 	19.235384 	28.284271 	78.816238 	23.769728 	75.451973 	97.185387 	999.000000 	55.072678 	10.440307 	3.000000 	94.641426 	109.041275 	75.471848 	19.313208 	104.350372 	128.763351 	116.726173 	13.000000 	63.063461 	12.206555 	101.828285 	
56.080299 	71.021126 	41.109608 	76.941536 	58.694122 	23.537205 	18.027756 	36.221542 	18.788294 	21.000000 	20.099751 	68.352028 	47.413078 	52.611786 	10.630146 	51.078373 	63.694584 	70.936592 	16.278820 	51.264023 	58.872746 	20.248457 	31.764761 	82.079231 	39.812057 	54.625999 	22.825424 	7.000000 	71.867935 	5.099020 	57.271286 	32.249031 	38.013157 	73.409805 	82.079231 	24.839485 	31.622776 	21.260292 	44.407207 	55.072678 	999.000000 	65.299309 	52.478565 	41.231056 	56.612720 	20.615528 	74.242844 	51.224995 	78.032043 	64.637451 	44.204071 	8.246211 	67.230942 	48.166378 	
27.073973 	122.065559 	31.906113 	25.455845 	112.929184 	49.497475 	65.795135 	34.058773 	55.901699 	77.233414 	78.102493 	124.739731 	80.498444 	96.041656 	62.201286 	109.603828 	121.016525 	127.561752 	76.400261 	15.620500 	9.486833 	45.276924 	93.236259 	138.408813 	25.553865 	11.313708 	85.211502 	68.796799 	9.848858 	61.400326 	8.485281 	33.105892 	100.603180 	9.000000 	18.027756 	88.752464 	34.176014 	85.440041 	106.826965 	10.440307 	65.299309 	999.000000 	13.341664 	104.403069 	118.562218 	85.586212 	8.944272 	114.017540 	137.887634 	126.150703 	23.194826 	73.348480 	4.000000 	111.606453 	
26.400757 	112.507774 	24.331051 	34.438351 	102.649887 	38.832977 	54.671749 	24.698177 	44.821869 	65.795135 	66.468040 	114.201576 	72.732384 	87.235313 	50.249378 	98.493652 	110.258789 	117.004272 	64.443771 	9.486833 	11.661903 	32.802441 	81.394104 	128.003906 	13.453624 	7.071068 	73.109505 	56.400356 	22.022715 	48.826221 	7.615773 	20.248457 	88.617157 	22.203604 	31.257000 	76.400261 	21.023796 	73.006851 	94.921021 	3.000000 	52.478565 	13.341664 	999.000000 	92.314682 	106.831642 	72.945183 	22.135944 	102.068604 	126.732002 	114.560028 	10.000000 	60.415230 	14.764823 	99.488693 	
89.157166 	40.496914 	75.591003 	111.085556 	27.730848 	55.946404 	39.812057 	71.693794 	49.244289 	28.231188 	26.832815 	32.062439 	49.030602 	39.446167 	42.201897 	16.155495 	27.073973 	34.000000 	28.017851 	89.308456 	96.798759 	59.548298 	11.704700 	44.283180 	79.025314 	93.230896 	19.209373 	36.069378 	109.603828 	43.840622 	96.020828 	72.249565 	4.123106 	111.772087 	119.887444 	16.401220 	72.138756 	20.000000 	4.000000 	94.641426 	41.231056 	104.403069 	92.314682 	999.000000 	15.652476 	21.470911 	113.225441 	10.000000 	37.696156 	23.706539 	84.864601 	34.985710 	106.826965 	7.211102 	
101.597244 	31.890438 	88.752464 	123.470642 	21.954498 	69.404610 	53.009434 	85.211502 	62.801273 	41.400482 	40.459858 	20.124611 	55.145264 	41.436699 	56.586216 	13.038404 	15.811388 	21.189621 	42.426407 	103.232750 	110.602890 	74.249580 	25.455845 	30.066593 	93.434471 	107.298645 	34.058773 	51.088158 	123.223373 	58.898216 	110.113579 	86.977005 	18.601076 	125.602547 	133.454117 	31.906113 	87.045967 	35.510563 	12.206555 	109.041275 	56.612720 	118.562218 	106.831642 	15.652476 	999.000000 	37.121422 	127.283150 	6.082763 	22.135944 	8.062258 	99.764725 	50.606323 	121.165176 	10.049875 	
73.756355 	57.140179 	59.203041 	95.336250 	44.045429 	39.812057 	26.076809 	54.708317 	33.376640 	17.888544 	15.652476 	51.623638 	47.801674 	45.793011 	24.738634 	34.234486 	46.690472 	53.935146 	13.341664 	71.112587 	78.721024 	40.311287 	15.033297 	64.761101 	60.033325 	74.706093 	8.602325 	17.088007 	91.706055 	24.186773 	77.414467 	52.697250 	18.973665 	93.477272 	101.980392 	6.000000 	52.201534 	3.605551 	25.079872 	75.471848 	20.615528 	85.586212 	72.945183 	21.470911 	37.121422 	999.000000 	94.514549 	31.384710 	59.093147 	45.177429 	64.815125 	13.601471 	87.664131 	28.017851 	
32.572994 	130.000000 	39.824615 	24.166092 	121.165176 	58.051701 	74.411018 	42.426407 	64.536812 	85.912750 	86.833176 	133.056381 	87.817993 	103.730423 	71.028160 	118.139748 	129.417923 	135.882309 	85.211502 	24.083189 	17.029387 	54.203320 	102.004898 	146.659470 	34.481880 	20.000000 	94.047859 	77.698135 	8.062258 	70.327805 	17.204651 	42.047592 	109.402924 	4.123106 	10.440307 	97.637085 	43.081318 	94.339813 	115.602768 	19.313208 	74.242844 	8.944272 	22.135944 	113.225441 	127.283150 	94.514549 	999.000000 	122.800652 	146.413803 	134.825821 	31.780497 	82.292160 	8.000000 	120.432556 	
97.943863 	36.055511 	84.723076 	119.866592 	24.758837 	65.192024 	48.877399 	80.993828 	58.523499 	37.215588 	36.055511 	25.298222 	54.037025 	41.761227 	51.855568 	13.892444 	20.615528 	26.683329 	37.643059 	98.812958 	106.254410 	69.354164 	20.808653 	36.013885 	88.729927 	102.800781 	29.000000 	45.967381 	118.983192 	53.758720 	105.603027 	82.073135 	13.453624 	121.247681 	129.247818 	26.400757 	82.024384 	30.000000 	7.211102 	104.350372 	51.224995 	114.017540 	102.068604 	10.000000 	6.082763 	31.384710 	122.800652 	999.000000 	28.160255 	13.928389 	94.752312 	44.944408 	116.516090 	4.000000 	
118.810776 	28.160255 	107.056061 	140.346008 	27.856777 	88.391174 	72.138756 	104.004807 	82.036575 	60.959003 	60.440052 	16.278820 	66.850578 	50.289165 	76.837494 	28.284271 	17.888544 	14.035668 	63.007935 	122.347862 	129.495178 	94.641426 	46.324940 	12.727922 	113.278419 	126.574089 	55.226807 	72.111023 	141.767410 	79.881165 	129.402466 	107.298645 	40.249222 	144.422989 	151.855194 	53.665630 	107.615051 	57.245087 	34.014702 	128.763351 	78.032043 	137.887634 	126.732002 	37.696156 	22.135944 	59.093147 	146.413803 	28.160255 	999.000000 	14.317822 	120.253899 	72.449982 	140.730240 	32.015621 	
108.558739 	30.232433 	96.020828 	130.361038 	23.345236 	76.837494 	60.440052 	92.617493 	70.292244 	48.918301 	48.104053 	17.029387 	60.016663 	45.011108 	64.350601 	18.027756 	14.317822 	17.029387 	50.249378 	110.751976 	118.067780 	82.073135 	33.301651 	23.769728 	101.138519 	114.865135 	42.011902 	59.033890 	130.602448 	66.843102 	117.686020 	94.794518 	26.627054 	133.060135 	140.801285 	39.962482 	94.921021 	43.566040 	20.248457 	116.726173 	64.637451 	126.150703 	114.560028 	23.706539 	8.062258 	45.177429 	134.825821 	13.928389 	14.317822 	999.000000 	107.628990 	58.668560 	128.817703 	17.720045 	
31.890438 	107.786827 	24.738634 	43.657761 	97.247108 	34.176014 	48.877399 	23.021729 	39.357338 	59.405388 	59.816387 	108.452751 	70.213959 	83.486526 	43.416588 	92.200867 	104.292854 	111.220505 	57.384666 	15.811388 	20.880613 	25.612497 	74.330345 	122.331520 	10.049875 	15.811388 	65.764732 	48.795490 	32.015621 	41.036568 	17.262676 	13.038404 	81.320351 	32.140316 	41.194660 	68.680420 	12.727922 	65.192024 	87.692642 	13.000000 	44.204071 	23.194826 	10.000000 	84.864601 	99.764725 	64.815125 	31.780497 	94.752312 	120.253899 	107.628990 	999.000000 	51.865211 	24.041630 	91.967384 	
64.195015 	68.117546 	49.254440 	85.158676 	55.326305 	31.144823 	22.203604 	44.407207 	25.709921 	20.615528 	18.973665 	64.031242 	50.000000 	52.497620 	16.763054 	46.572525 	59.203041 	66.483078 	14.866069 	59.464275 	67.067131 	28.460499 	26.925823 	77.491936 	47.927029 	62.769421 	18.248287 	9.433981 	80.056229 	13.038404 	65.391129 	40.249222 	32.202484 	81.541397 	90.249657 	18.788294 	39.446167 	15.231546 	38.470768 	63.063461 	8.246211 	73.348480 	60.415230 	34.985710 	50.606323 	13.601471 	82.292160 	44.944408 	72.449982 	58.668560 	51.865211 	999.000000 	75.179787 	41.617306 	
31.064449 	125.363472 	35.355339 	28.425341 	116.038788 	52.402290 	68.593002 	37.202152 	58.694122 	79.931221 	80.721741 	127.781059 	84.095184 	99.478638 	64.660652 	112.449989 	123.987900 	130.598618 	78.873314 	18.867962 	13.341664 	47.434166 	95.775780 	141.495590 	27.802877 	14.422205 	87.618492 	71.028160 	12.041595 	63.513779 	11.661903 	34.985710 	103.077644 	9.848858 	18.248287 	91.021973 	35.777088 	87.658424 	109.343498 	12.206555 	67.230942 	4.000000 	14.764823 	106.826965 	121.165176 	87.664131 	8.000000 	116.516090 	140.730240 	128.817703 	24.041630 	75.179787 	999.000000 	114.017540 	
96.254868 	39.446167 	82.764725 	118.186295 	27.658634 	63.134777 	46.957428 	78.892334 	56.435802 	35.341194 	34.000000 	29.120440 	54.332310 	43.081318 	49.406479 	16.278820 	24.351591 	30.594116 	35.227829 	96.519424 	104.009613 	66.708321 	18.788294 	40.012497 	86.214851 	100.439034 	26.400757 	43.185646 	116.811813 	50.931328 	103.227905 	79.397736 	11.180340 	118.983192 	127.094452 	23.345236 	79.246452 	26.907248 	6.000000 	101.828285 	48.166378 	111.606453 	99.488693 	7.211102 	10.049875 	28.017851 	120.432556 	4.000000 	32.015621 	17.720045 	91.967384 	41.617306 	114.017540 	999.000000 	

Travel time:
9.000000 	2.494118 	0.375000 	0.548293 	2.304886 	0.848896 	1.234909 	0.500625 	1.013040 	1.523155 	1.559848 	2.608759 	1.410009 	1.825000 	1.225765 	2.274313 	2.530316 	2.679202 	1.549597 	0.425000 	0.450694 	0.930390 	1.936814 	2.937899 	0.610328 	0.498121 	1.770946 	1.422146 	0.637377 	1.278916 	0.534439 	0.771767 	2.127205 	0.728869 	0.860233 	1.882153 	0.838525 	1.813319 	2.270050 	0.632456 	1.402007 	0.676849 	0.660019 	2.228929 	2.539931 	1.843909 	0.814325 	2.448596 	2.970269 	2.713969 	0.797261 	1.604875 	0.776611 	2.406372 	
2.494118 	9.000000 	2.255271 	3.007075 	0.328824 	1.845603 	1.480920 	2.205108 	1.711177 	1.261200 	1.274755 	0.335410 	1.101136 	0.672681 	1.652460 	0.608790 	0.406971 	0.364006 	1.368622 	2.662705 	2.825111 	2.075151 	1.052675 	0.498121 	2.484074 	2.773536 	1.250250 	1.603317 	3.108155 	1.776584 	2.842974 	2.371181 	1.006541 	3.186005 	3.348974 	1.278916 	2.396351 	1.350926 	0.919239 	2.851425 	1.775528 	3.051639 	2.812694 	1.012423 	0.797261 	1.428504 	3.250000 	0.901388 	0.704006 	0.755811 	2.694671 	1.702939 	3.134087 	0.986154 	
0.375000 	2.255271 	9.000000 	0.903466 	2.034853 	0.492443 	0.896172 	0.127475 	0.660019 	1.187697 	1.219118 	2.333720 	1.221167 	1.603512 	0.862047 	1.971833 	2.245690 	2.404423 	1.198176 	0.413824 	0.570088 	0.559017 	1.600195 	2.672195 	0.371652 	0.525595 	1.421487 	1.055047 	0.867828 	0.905539 	0.592663 	0.459619 	1.789728 	0.937083 	1.120547 	1.527457 	0.530330 	1.454734 	1.938105 	0.625000 	1.027740 	0.797653 	0.608276 	1.889775 	2.218812 	1.480076 	0.995615 	2.118077 	2.676402 	2.400521 	0.618466 	1.231361 	0.883883 	2.069118 	
0.548293 	3.007075 	0.903466 	9.000000 	2.835159 	1.391492 	1.782730 	1.019804 	1.557442 	2.071382 	2.107724 	3.140064 	1.909188 	2.334524 	1.765113 	2.817024 	3.066044 	3.210140 	2.095382 	0.715891 	0.571183 	1.430472 	2.485080 	3.463470 	1.007782 	0.696419 	2.317461 	1.958475 	0.416083 	1.804508 	0.670820 	1.204159 	2.675467 	0.503115 	0.475000 	2.427061 	1.258968 	2.356374 	2.818244 	0.794119 	1.923538 	0.636396 	0.860959 	2.777139 	3.086766 	2.383406 	0.604152 	2.996665 	3.508650 	3.259026 	1.091444 	2.128967 	0.710634 	2.954657 	
2.304886 	0.328824 	2.034853 	2.835159 	9.000000 	1.595502 	1.209339 	1.971833 	1.449569 	0.965660 	0.972432 	0.305164 	0.975000 	0.564026 	1.365650 	0.291548 	0.254951 	0.375000 	1.061249 	2.432720 	2.603483 	1.800174 	0.725431 	0.637377 	2.232711 	2.541776 	0.928036 	1.298075 	2.899354 	1.478386 	2.612111 	2.105499 	0.680074 	2.971742 	3.146824 	0.951315 	2.125000 	1.025000 	0.604669 	2.610077 	1.467353 	2.823230 	2.566247 	0.693271 	0.548862 	1.101136 	3.029130 	0.618971 	0.696419 	0.583631 	2.431178 	1.383158 	2.900970 	0.691466 	
0.848896 	1.845603 	0.492443 	1.391492 	1.595502 	9.000000 	0.410031 	0.395285 	0.167705 	0.700446 	0.728869 	1.885802 	0.925338 	1.233390 	0.378319 	1.502706 	1.789728 	1.956080 	0.705780 	0.849264 	1.030776 	0.316228 	1.110462 	2.230051 	0.638847 	0.954594 	0.929045 	0.577170 	1.345595 	0.460977 	1.025305 	0.539676 	1.299279 	1.405569 	1.601757 	1.035918 	0.579871 	0.965013 	1.449569 	1.015197 	0.588430 	1.237437 	0.970824 	1.398660 	1.735115 	0.995301 	1.451293 	1.629801 	2.209779 	1.920937 	0.854400 	0.778621 	1.310057 	1.578369 	
1.234909 	1.480920 	0.896172 	1.782730 	1.209339 	0.410031 	9.000000 	0.805062 	0.247487 	0.291548 	0.325000 	1.491015 	0.738664 	0.926350 	0.206155 	1.096586 	1.390144 	1.560649 	0.325960 	1.258223 	1.440703 	0.594243 	0.704450 	1.837457 	1.030776 	1.362213 	0.539676 	0.320156 	1.755349 	0.371652 	1.432873 	0.896172 	0.894427 	1.815558 	2.011219 	0.657647 	0.916856 	0.600521 	1.041933 	1.415980 	0.450694 	1.644878 	1.366794 	0.995301 	1.325236 	0.651920 	1.860276 	1.221935 	1.803469 	1.511001 	1.221935 	0.555090 	1.714825 	1.173936 	
0.500625 	2.205108 	0.127475 	1.019804 	1.971833 	0.395285 	0.805062 	9.000000 	0.561805 	1.095730 	1.123610 	2.267157 	1.202081 	1.565248 	0.752080 	1.893575 	2.175000 	2.337734 	1.095730 	0.460977 	0.637377 	0.431567 	1.505199 	2.608759 	0.325000 	0.570088 	1.319327 	0.941076 	0.950329 	0.785016 	0.640312 	0.360555 	1.693554 	1.011496 	1.206493 	1.421487 	0.430116 	1.346291 	1.844587 	0.648556 	0.905539 	0.851469 	0.617454 	1.792345 	2.130288 	1.367708 	1.060660 	2.024846 	2.600120 	2.315437 	0.575543 	1.110180 	0.930054 	1.972308 	
1.013040 	1.711177 	0.660019 	1.557442 	1.449569 	0.167705 	0.247487 	0.561805 	9.000000 	0.535023 	0.561805 	1.735115 	0.859142 	1.122776 	0.226385 	1.343968 	1.635925 	1.805028 	0.538516 	1.011496 	1.195042 	0.378319 	0.943398 	2.080865 	0.785016 	1.114955 	0.761577 	0.425735 	1.511622 	0.347311 	1.185591 	0.660019 	1.131923 	1.570032 	1.768120 	0.869626 	0.687841 	0.800391 	1.282819 	1.168867 	0.469707 	1.397542 	1.120547 	1.231107 	1.570032 	0.834416 	1.613420 	1.463087 	2.050914 	1.757306 	0.983933 	0.642748 	1.467353 	1.410895 	
1.523155 	1.261200 	1.187697 	2.071382 	0.965660 	0.700446 	0.291548 	1.095730 	0.535023 	9.000000 	0.055902 	1.231107 	0.760345 	0.800391 	0.403113 	0.820061 	1.123610 	1.299279 	0.145774 	1.546165 	1.730065 	0.845946 	0.413824 	1.578369 	1.308625 	1.648674 	0.276134 	0.350000 	2.046033 	0.515388 	1.719193 	1.160011 	0.604152 	2.105053 	2.302173 	0.403113 	1.171804 	0.371652 	0.750417 	1.697056 	0.525000 	1.930835 	1.644878 	0.705780 	1.035012 	0.447214 	2.147819 	0.930390 	1.523975 	1.222957 	1.485135 	0.515388 	1.998281 	0.883530 	
1.559848 	1.274755 	1.219118 	2.107724 	0.972432 	0.728869 	0.325000 	1.123610 	0.561805 	0.055902 	9.000000 	1.229837 	0.813941 	0.838153 	0.410031 	0.811249 	1.119431 	1.297112 	0.103078 	1.570032 	1.755349 	0.855132 	0.381608 	1.576586 	1.325943 	1.671077 	0.225000 	0.328824 	2.073192 	0.506211 	1.741407 	1.171538 	0.570636 	2.130288 	2.329834 	0.350892 	1.180042 	0.316228 	0.721110 	1.715554 	0.502494 	1.952562 	1.661701 	0.670820 	1.011496 	0.391312 	2.170829 	0.901388 	1.511001 	1.202601 	1.495410 	0.474342 	2.018044 	0.850000 	
2.608759 	0.335410 	2.333720 	3.140064 	0.305164 	1.885802 	1.491015 	2.267157 	1.735115 	1.231107 	1.229837 	9.000000 	1.274755 	0.854400 	1.634205 	0.436606 	0.125000 	0.070711 	1.309819 	2.728095 	2.901078 	2.075151 	0.927699 	0.347311 	2.520045 	2.836371 	1.147007 	1.546165 	3.199707 	1.733854 	2.906888 	2.385372 	0.826514 	3.270799 	3.448278 	1.142639 	2.401042 	1.225765 	0.701783 	2.900970 	1.708801 	3.118493 	2.855039 	0.801561 	0.503115 	1.290591 	3.326410 	0.632456 	0.406971 	0.425735 	2.711319 	1.600781 	3.194526 	0.728011 	
1.410009 	1.101136 	1.221167 	1.909188 	0.975000 	0.925338 	0.738664 	1.202081 	0.859142 	0.760345 	0.813941 	1.274755 	9.000000 	0.430116 	0.942404 	1.057414 	1.226020 	1.341641 	0.901734 	1.634778 	1.777991 	1.227294 	0.989002 	1.574206 	1.515957 	1.746425 	0.991527 	1.033501 	2.038535 	1.109617 	1.812457 	1.457738 	1.133854 	2.122646 	2.270050 	1.110462 	1.503330 	1.110180 	1.209339 	1.843400 	1.185327 	2.012461 	1.818310 	1.225765 	1.378632 	1.195042 	2.195450 	1.350926 	1.671264 	1.500417 	1.755349 	1.250000 	2.102380 	1.358308 	
