Total assets = 730
Number of asset nodes = 40

Distance:
999.000000 	74.060783 	57.801384 	50.537113 	22.803509 	89.403580 	77.698135 	74.431175 	93.230896 	74.706093 	21.023796 	27.856777 	107.200745 	43.185646 	115.602768 	19.313208 	47.265209 	20.808653 	118.406082 	98.112183 	74.672615 	137.207870 	118.600166 	78.185677 	25.059929 	21.840330 	95.713112 	52.239830 	77.491936 	47.010635 	129.321304 	48.010414 	93.520050 	32.310989 	56.222771 	94.429871 	86.377083 	37.013512 	98.898941 	147.186951 	110.535065 	144.499130 	141.226761 	44.384682 	84.202141 	30.594116 	111.825760 	69.462219 	120.220627 	52.469040 	41.629318 	53.600372 	
74.060783 	999.000000 	17.029387 	24.839485 	53.075417 	15.556349 	5.099020 	5.000000 	19.209373 	8.602325 	56.859474 	92.698433 	33.301651 	42.047592 	41.773197 	90.686272 	39.560081 	69.656296 	44.598206 	25.000000 	18.357559 	65.215027 	44.687805 	18.439089 	66.610809 	91.967384 	24.083189 	38.078865 	20.000000 	43.324360 	55.865910 	44.922153 	24.186773 	62.265560 	37.336308 	25.179358 	23.323807 	109.986366 	29.017237 	74.652527 	37.643059 	71.589104 	67.896980 	55.973209 	27.586229 	98.351410 	39.293766 	34.928497 	46.518814 	49.819675 	63.324562 	50.635956 	
57.801384 	17.029387 	999.000000 	7.810250 	36.235340 	32.557640 	20.000000 	16.643316 	36.069378 	17.088007 	42.201897 	78.339005 	50.209560 	25.961510 	58.694122 	73.878281 	24.186773 	52.630791 	61.522354 	40.311287 	20.223749 	82.200974 	61.554855 	23.021729 	49.648766 	75.073296 	38.078865 	24.083189 	23.194826 	28.160255 	72.862885 	30.066593 	36.400551 	45.617977 	24.738634 	37.363083 	31.016125 	93.236259 	41.761227 	91.678787 	52.773098 	88.617157 	84.899940 	40.607880 	31.575306 	81.344948 	54.129475 	28.319605 	62.433964 	36.055511 	47.539455 	37.121422 	
50.537113 	24.839485 	7.810250 	999.000000 	28.600698 	40.360870 	27.658634 	24.207438 	43.840622 	24.186773 	36.221542 	72.180328 	57.982758 	19.104973 	66.468040 	66.219330 	18.110771 	44.821869 	69.296463 	47.707443 	25.179358 	90.000000 	69.310890 	28.442924 	41.880783 	67.357254 	45.177429 	19.313208 	28.160255 	22.090721 	80.659782 	24.186773 	43.081318 	38.078865 	21.095022 	44.011364 	36.674240 	85.603737 	48.466484 	99.488693 	60.033325 	96.426140 	92.698433 	34.058773 	36.000000 	73.552704 	61.294373 	28.301943 	69.892776 	30.805843 	40.607880 	32.015621 	
22.803509 	53.075417 	36.235340 	28.600698 	999.000000 	68.622154 	56.222771 	52.801514 	72.249565 	52.697250 	18.384777 	48.166378 	86.371292 	21.095022 	94.847244 	37.643059 	25.019993 	18.681541 	97.672920 	76.275818 	52.000000 	117.686020 	97.744568 	55.542778 	18.000000 	38.897301 	73.573090 	30.016663 	54.781384 	25.495098 	108.903625 	26.925823 	71.119621 	19.697716 	34.014702 	72.006943 	63.694584 	57.008770 	76.478752 	127.404869 	88.509888 	124.482933 	120.917328 	27.018513 	61.400326 	45.607018 	89.693924 	47.042534 	98.473343 	32.695564 	28.017851 	34.014702 	
89.403580 	15.556349 	32.557640 	40.360870 	68.622154 	999.000000 	13.416408 	17.000000 	4.123106 	18.973665 	71.589104 	107.018692 	17.804493 	56.938564 	26.248810 	106.216759 	54.120235 	85.146935 	29.068884 	13.601471 	27.073973 	49.929951 	29.206163 	25.019993 	82.006096 	107.517441 	15.811388 	52.000000 	27.018513 	57.697487 	40.311287 	59.093147 	19.104973 	77.388626 	50.596443 	19.798990 	24.698177 	125.495018 	21.633308 	59.203041 	25.000000 	56.080299 	52.345009 	70.263786 	31.320919 	113.899078 	27.018513 	45.099888 	32.280025 	63.245552 	77.820305 	63.890530 	
77.698135 	5.099020 	20.000000 	27.658634 	56.222771 	13.416408 	999.000000 	3.605551 	16.401220 	6.000000 	61.098282 	97.082436 	30.479502 	43.566040 	38.948685 	93.861603 	40.706264 	72.180328 	41.773197 	20.615528 	15.524175 	63.285069 	41.725292 	14.764823 	68.883957 	95.015785 	19.235384 	38.626415 	16.552946 	44.283180 	53.263496 	45.694637 	19.104973 	64.070274 	37.363083 	20.099751 	18.601076 	113.229858 	24.000000 	72.422371 	33.241539 	69.202599 	65.299309 	56.859474 	23.430750 	101.118744 	34.785053 	33.136082 	42.544094 	50.000000 	64.404968 	50.695168 	
74.431175 	5.000000 	16.643316 	24.207438 	52.801514 	17.000000 	3.605551 	999.000000 	20.000000 	3.605551 	58.189346 	94.254974 	34.058773 	39.962482 	42.520584 	90.426765 	37.121422 	68.622154 	45.343136 	23.706539 	13.416408 	66.887962 	45.276924 	13.453624 	65.299309 	91.547798 	21.840330 	35.114101 	15.000000 	40.718548 	56.850681 	42.154476 	21.023796 	60.464867 	33.955853 	22.022715 	18.788294 	109.808922 	26.172504 	76.026314 	36.249138 	72.801102 	68.883957 	53.310413 	22.671568 	97.590981 	37.696156 	30.413813 	45.793011 	46.572525 	60.835846 	47.296936 	
93.230896 	19.209373 	36.069378 	43.840622 	72.249565 	4.123106 	16.401220 	20.000000 	999.000000 	21.470911 	75.591003 	111.085556 	14.142136 	59.908264 	22.627417 	109.877205 	56.938564 	88.526833 	25.455845 	10.295630 	28.635643 	47.010635 	25.495098 	26.172504 	85.276024 	111.126053 	13.453624 	54.561890 	28.160255 	60.415230 	36.878178 	61.717098 	17.492855 	80.448738 	52.924473 	18.027756 	24.515301 	129.189789 	19.104973 	56.035702 	21.023796 	52.801514 	48.918301 	72.897186 	31.400637 	117.388245 	23.086792 	46.529560 	28.160255 	65.551506 	80.529495 	66.128662 	
74.706093 	8.602325 	17.088007 	24.186773 	52.697250 	18.973665 	6.000000 	3.605551 	21.470911 	999.000000 	59.203041 	95.336250 	35.227829 	38.600517 	43.600460 	90.210861 	35.510563 	67.896980 	46.400433 	23.600847 	9.848858 	68.476273 	46.227695 	9.899495 	64.381676 	91.214035 	21.023796 	33.105892 	11.401754 	38.948685 	58.008621 	40.249222 	19.416489 	59.203041 	31.622776 	20.396078 	15.811388 	109.622078 	24.738634 	77.388626 	35.846897 	74.060783 	70.000000 	51.429562 	19.209373 	97.000000 	37.121422 	27.166155 	45.803928 	44.271889 	59.059292 	44.922153 	
21.023796 	56.859474 	42.201897 	36.221542 	18.384777 	71.589104 	61.098282 	58.189346 	75.591003 	59.203041 	999.000000 	36.138622 	89.185204 	37.161808 	97.416634 	40.311287 	40.496914 	32.015621 	100.169853 	81.706795 	61.400326 	117.796432 	100.498756 	64.629715 	33.615471 	42.720020 	80.006248 	45.221676 	64.381676 	42.047592 	110.679718 	43.829212 	78.587532 	37.443291 	49.040798 	79.555016 	72.835434 	57.688820 	83.934502 	127.914032 	94.339813 	125.419296 	122.413231 	45.343136 	72.111023 	51.244511 	95.859268 	61.000000 	103.368271 	50.249378 	46.227695 	51.623638 	
27.856777 	92.698433 	78.339005 	72.180328 	48.166378 	107.018692 	97.082436 	94.254974 	111.085556 	95.336250 	36.138622 	999.000000 	124.338249 	69.260376 	132.378250 	33.837849 	73.171036 	48.301140 	135.070358 	117.652031 	97.324203 	151.162170 	135.506454 	100.623062 	52.801514 	36.891735 	116.090485 	78.160095 	100.284592 	73.552704 	145.120636 	74.813103 	114.725761 	60.166435 	82.152298 	115.693558 	108.853111 	39.115215 	120.070816 	161.418716 	130.299652 	159.223114 	156.579056 	72.124893 	107.786827 	44.721359 	131.867355 	95.021049 	139.086304 	79.831070 	69.462219 	81.024689 	
107.200745 	33.301651 	50.209560 	57.982758 	86.371292 	17.804493 	30.479502 	34.058773 	14.142136 	35.227829 	89.185204 	124.338249 	999.000000 	73.817345 	8.485281 	123.987900 	70.724815 	102.649887 	11.313708 	15.033297 	41.231056 	33.615471 	11.401754 	38.275318 	99.357941 	125.255737 	20.024984 	68.095520 	40.162170 	74.094536 	22.803509 	75.292763 	25.019993 	94.403389 	66.189125 	25.000000 	34.365681 	143.282944 	23.345236 	42.190044 	15.556349 	38.832977 	34.828148 	86.452301 	41.303753 	131.529465 	17.691807 	58.523499 	17.117243 	78.721024 	94.154129 	79.202271 	
43.185646 	42.047592 	25.961510 	19.104973 	21.095022 	56.938564 	43.566040 	39.962482 	59.908264 	38.600517 	37.161808 	69.260376 	73.817345 	999.000000 	82.200974 	54.625999 	4.123106 	30.528675 	85.000000 	61.554855 	34.828148 	106.850365 	84.811554 	38.418747 	26.400757 	55.009090 	58.000000 	9.055386 	37.202152 	5.000000 	96.607452 	7.071068 	54.671749 	20.615528 	13.038404 	55.443665 	46.043457 	73.790245 	59.816387 	115.935326 	72.917763 	112.645462 	108.600182 	15.000000 	42.485291 	59.640591 	73.756355 	26.305893 	83.450584 	14.212670 	21.587032 	15.620500 	
115.602768 	41.773197 	58.694122 	66.468040 	94.847244 	26.248810 	38.948685 	42.520584 	22.627417 	43.600460 	97.416634 	132.378250 	8.485281 	82.200974 	999.000000 	132.457535 	79.056938 	111.126053 	2.828427 	22.135944 	49.193497 	25.961510 	3.162278 	46.097721 	107.814659 	133.734818 	26.925823 	76.321686 	47.927029 	82.377182 	14.422205 	83.528435 	31.780497 	102.800781 	74.303429 	31.575306 	41.484936 	151.743210 	29.068884 	34.000000 	17.720045 	30.528675 	26.400757 	94.667839 	48.270073 	140.014282 	19.313208 	66.128662 	13.601471 	86.769814 	102.396286 	87.206650 	
19.313208 	90.686272 	73.878281 	66.219330 	37.643059 	106.216759 	93.861603 	90.426765 	109.877205 	90.210861 	40.311287 	33.837849 	123.987900 	54.625999 	132.457535 	999.000000 	58.694122 	24.738634 	135.281189 	113.811249 	88.684837 	154.935471 	135.369858 	92.282173 	29.614185 	3.162278 	110.941429 	63.324562 	91.301697 	57.245087 	146.454773 	57.567352 	108.226616 	37.483330 	67.067131 	109.077957 	100.239716 	19.416489 	113.534134 	164.769531 	125.924583 	161.929001 	158.448730 	50.487621 	97.082436 	12.041595 	127.027557 	80.324341 	136.014709 	60.016663 	45.011108 	60.827625 	
47.265209 	39.560081 	24.186773 	18.110771 	25.019993 	54.120235 	40.706264 	37.121422 	56.938564 	35.510563 	40.496914 	73.171036 	70.724815 	4.123106 	79.056938 	58.694122 	999.000000 	34.481880 	81.841309 	58.137768 	31.144823 	103.942291 	81.608826 	34.713108 	30.232433 	59.033890 	54.451813 	5.000000 	33.421551 	4.000000 	93.477272 	6.082763 	50.990196 	24.041630 	9.000000 	51.739735 	42.201897 	77.820305 	56.080299 	112.898186 	69.310890 	109.553642 	105.437187 	16.492422 	38.470768 	63.513779 	70.092796 	22.203604 	79.906197 	13.000000 	23.769728 	14.317822 	
20.808653 	69.656296 	52.630791 	44.821869 	18.681541 	85.146935 	72.180328 	68.622154 	88.526833 	67.896980 	32.015621 	48.301140 	102.649887 	30.528675 	111.126053 	24.738634 	34.481880 	999.000000 	113.951744 	91.350975 	65.215027 	134.807266 	113.899078 	68.818604 	5.000000 	24.698177 	88.090858 	38.910152 	67.675697 	32.695564 	125.399361 	32.893768 	85.000000 	13.000000 	42.544094 	85.802101 	76.550636 	43.462627 	90.210861 	144.308701 	103.077644 	141.226761 	137.440903 	26.019224 	72.945183 	29.206163 	104.019226 	55.713554 	113.454834 	35.355339 	21.587032 	36.221542 	
118.406082 	44.598206 	61.522354 	69.296463 	97.672920 	29.068884 	41.773197 	45.343136 	25.455845 	46.400433 	100.169853 	135.070358 	11.313708 	85.000000 	2.828427 	135.281189 	81.841309 	113.951744 	999.000000 	24.698177 	51.884487 	23.537205 	1.414214 	48.754486 	110.634537 	136.561340 	29.410883 	79.075912 	50.566788 	85.146935 	11.661903 	86.284416 	34.205261 	105.603027 	77.025970 	33.955853 	43.965897 	154.563904 	31.257000 	31.304953 	19.235384 	27.784887 	23.600847 	97.416634 	50.695168 	142.842575 	20.615528 	68.709534 	13.453624 	89.470665 	105.152267 	89.894379 	
98.112183 	25.000000 	40.311287 	47.707443 	76.275818 	13.601471 	20.615528 	23.706539 	10.295630 	23.600847 	81.706795 	117.652031 	15.033297 	61.554855 	22.135944 	113.811249 	58.137768 	91.350975 	24.698177 	999.000000 	27.459061 	48.083260 	24.166092 	24.186773 	87.692642 	114.808533 	5.000000 	55.000000 	25.942244 	61.220913 	36.249138 	62.201286 	10.000000 	82.134033 	52.697250 	10.049875 	19.416489 	133.221619 	9.433981 	55.946404 	12.649111 	52.325901 	47.885281 	73.239334 	26.305893 	120.507263 	14.317822 	44.011364 	22.203604 	65.000000 	81.024689 	65.368187 	
74.672615 	18.357559 	20.223749 	25.179358 	52.000000 	27.073973 	15.524175 	13.416408 	28.635643 	9.848858 	61.400326 	97.324203 	41.231056 	34.828148 	49.193497 	88.684837 	31.144823 	65.215027 	51.884487 	27.459061 	999.000000 	74.846512 	51.478149 	3.605551 	61.220913 	89.358826 	23.430750 	27.658634 	3.000000 	33.970577 	63.529522 	34.828148 	19.849434 	55.172459 	25.238859 	20.615528 	11.704700 	108.046288 	25.000000 	83.186539 	38.183765 	79.649231 	75.292763 	45.803928 	11.401754 	94.403389 	38.948685 	18.027756 	48.836460 	37.589893 	53.600372 	38.013157 	
137.207870 	65.215027 	82.200974 	90.000000 	117.686020 	49.929951 	63.285069 	66.887962 	47.010635 	68.476273 	117.796432 	151.162170 	33.615471 	106.850365 	25.961510 	154.935471 	103.942291 	134.807266 	23.537205 	48.083260 	74.846512 	999.000000 	24.331051 	71.867935 	131.825638 	156.464050 	52.886673 	101.533249 	73.736015 	107.424393 	13.038404 	108.706024 	57.723480 	127.318497 	99.744675 	57.489128 	67.446274 	173.954010 	54.744862 	10.295630 	42.047592 	9.055386 	9.848858 	119.883278 	74.215904 	163.248276 	43.000000 	92.027168 	33.241539 	112.307610 	127.534309 	112.805145 	
118.600166 	44.687805 	61.554855 	69.310890 	97.744568 	29.206163 	41.725292 	45.276924 	25.495098 	46.227695 	100.498756 	135.506454 	11.401754 	84.811554 	3.162278 	135.369858 	81.608826 	113.899078 	1.414214 	24.166092 	51.478149 	24.331051 	999.000000 	48.301140 	110.535065 	136.619904 	28.792360 	78.771820 	50.089920 	84.876381 	12.083046 	85.982559 	33.526108 	105.422958 	76.661591 	33.241539 	43.324360 	154.673843 	30.413813 	31.780497 	18.110771 	28.178005 	23.853722 	97.097885 	50.000000 	142.835571 	19.416489 	68.154236 	12.041595 	89.067390 	104.847511 	89.470665 	
78.185677 	18.439089 	23.021729 	28.442924 	55.542778 	25.019993 	14.764823 	13.453624 	26.172504 	9.899495 	64.629715 	100.623062 	38.275318 	38.418747 	46.097721 	92.282173 	34.713108 	68.818604 	48.754486 	24.186773 	3.605551 	71.867935 	48.301140 	999.000000 	64.815125 	92.962357 	20.000000 	31.144823 	2.000000 	37.483330 	60.373837 	38.288380 	16.278820 	58.728188 	28.600698 	17.029387 	8.246211 	111.646767 	21.400934 	80.056229 	34.655445 	76.478752 	72.069412 	49.203659 	9.433981 	98.005104 	35.383614 	20.396078 	45.343136 	40.816662 	57.008770 	41.182522 	
25.059929 	66.610809 	49.648766 	41.880783 	18.000000 	82.006096 	68.883957 	65.299309 	85.276024 	64.381676 	33.615471 	52.801514 	99.357941 	26.400757 	107.814659 	29.614185 	30.232433 	5.000000 	110.634537 	87.692642 	61.220913 	131.825638 	110.535065 	64.815125 	999.000000 	29.410883 	84.291161 	34.481880 	63.600315 	28.178005 	122.147453 	28.231188 	81.055534 	8.000000 	38.013157 	81.835197 	72.422371 	48.104053 	86.214851 	141.209061 	99.247169 	138.057953 	134.182709 	21.023796 	68.600288 	33.286633 	100.124924 	51.078373 	109.713264 	30.413813 	16.763054 	31.257000 	
21.840330 	91.967384 	75.073296 	67.357254 	38.897301 	107.517441 	95.015785 	91.547798 	111.126053 	91.214035 	42.720020 	36.891735 	125.255737 	55.009090 	133.734818 	3.162278 	59.033890 	24.698177 	136.561340 	114.808533 	89.358826 	156.464050 	136.619904 	92.962357 	29.410883 	999.000000 	111.830231 	63.560993 	91.923882 	57.384666 	147.800537 	57.584721 	109.000000 	37.107952 	67.230942 	109.836243 	100.846420 	18.788294 	114.280357 	166.243790 	126.826653 	163.355438 	159.812393 	50.009998 	97.493591 	9.000000 	127.882759 	80.411446 	137.003647 	59.665737 	44.181442 	60.415230 	
95.713112 	24.083189 	38.078865 	45.177429 	73.573090 	15.811388 	19.235384 	21.840330 	13.453624 	21.023796 	80.006248 	116.090485 	20.024984 	58.000000 	26.925823 	110.941429 	54.451813 	88.090858 	29.410883 	5.000000 	23.430750 	52.886673 	28.792360 	20.000000 	84.291161 	111.830231 	999.000000 	51.088158 	21.633308 	57.384666 	40.853397 	58.258045 	5.000000 	78.492035 	48.600410 	5.099020 	14.560220 	130.357208 	5.830952 	60.539242 	15.000000 	56.859474 	52.325901 	69.202599 	21.377558 	117.290237 	16.124516 	39.395432 	25.455845 	60.745369 	77.006493 	61.057350 	
52.239830 	38.078865 	24.083189 	19.313208 	30.016663 	52.000000 	38.626415 	35.114101 	54.561890 	33.105892 	45.221676 	78.160095 	68.095520 	9.055386 	76.321686 	63.324562 	5.000000 	38.910152 	79.075912 	55.000000 	27.658634 	101.533249 	78.771820 	31.144823 	34.481880 	63.560993 	51.088158 	999.000000 	29.698484 	6.403124 	90.735878 	7.211102 	47.381432 	27.802877 	4.000000 	48.083260 	38.288380 	82.346825 	52.345009 	110.276924 	65.795135 	106.850365 	102.625534 	18.357559 	34.132095 	67.742157 	66.468040 	17.262676 	76.485291 	12.000000 	26.076809 	13.038404 	
77.491936 	20.000000 	23.194826 	28.160255 	54.781384 	27.018513 	16.552946 	15.000000 	28.160255 	11.401754 	64.381676 	100.284592 	40.162170 	37.202152 	47.927029 	91.301697 	33.421551 	67.675697 	50.566788 	25.942244 	3.000000 	73.736015 	50.089920 	2.000000 	63.600315 	91.923882 	21.633308 	29.698484 	999.000000 	36.069378 	62.169125 	36.796738 	17.691807 	57.384666 	27.018513 	18.384777 	8.944272 	110.639053 	22.671568 	81.859634 	36.124783 	78.262383 	73.824112 	47.634022 	8.544003 	96.834908 	36.769554 	18.439089 	46.861500 	39.115215 	55.443665 	39.446167 	
47.010635 	43.324360 	28.160255 	22.090721 	25.495098 	57.697487 	44.283180 	40.718548 	60.415230 	38.948685 	42.047592 	73.552704 	74.094536 	5.000000 	82.377182 	57.245087 	4.000000 	32.695564 	85.146935 	61.220913 	33.970577 	107.424393 	84.876381 	37.483330 	28.178005 	57.384666 	57.384666 	6.403124 	36.069378 	999.000000 	96.798759 	2.236068 	53.740116 	21.400934 	9.848858 	54.451813 	44.687805 	76.157730 	58.728188 	116.284134 	72.138756 	112.898186 	108.724419 	12.649111 	40.496914 	61.400326 	72.835434 	23.086792 	82.807007 	9.433981 	20.124611 	10.816654 	
129.321304 	55.865910 	72.862885 	80.659782 	108.903625 	40.311287 	53.263496 	56.850681 	36.878178 	58.008621 	110.679718 	145.120636 	22.803509 	96.607452 	14.422205 	146.454773 	93.477272 	125.399361 	11.661903 	36.249138 	63.529522 	13.038404 	12.083046 	60.373837 	122.147453 	147.800537 	40.853397 	90.735878 	62.169125 	96.798759 	999.000000 	97.943863 	45.541191 	117.200684 	88.684837 	45.221676 	55.362442 	165.680420 	42.201897 	19.697716 	29.154760 	16.124516 	12.041595 	109.077957 	61.983868 	154.207657 	30.016663 	80.230919 	20.223749 	101.118744 	116.811813 	101.533249 	
48.010414 	44.922153 	30.066593 	24.186773 	26.925823 	59.093147 	45.694637 	42.154476 	61.717098 	40.249222 	43.829212 	74.813103 	75.292763 	7.071068 	83.528435 	57.567352 	6.082763 	32.893768 	86.284416 	62.201286 	34.828148 	108.706024 	85.982559 	38.288380 	28.231188 	57.584721 	58.258045 	7.211102 	36.796738 	2.236068 	97.943863 	999.000000 	54.488529 	21.095022 	10.000000 	55.172459 	45.276924 	76.321686 	59.396969 	117.477661 	72.917763 	114.057007 	109.836243 	11.180340 	40.804413 	61.294373 	73.552704 	22.847319 	83.630135 	7.211102 	18.867962 	8.602325 	
93.520050 	24.186773 	36.400551 	43.081318 	71.119621 	19.104973 	19.104973 	21.023796 	17.492855 	19.416489 	78.587532 	114.725761 	25.019993 	54.671749 	31.780497 	108.226616 	50.990196 	85.000000 	34.205261 	10.000000 	19.849434 	57.723480 	33.526108 	16.278820 	81.055534 	109.000000 	5.000000 	47.381432 	17.691807 	53.740116 	45.541191 	54.488529 	999.000000 	75.006668 	44.687805 	1.000000 	9.848858 	127.624451 	5.385165 	65.192024 	18.439089 	61.465439 	56.859474 	65.299309 	16.492422 	114.201576 	19.104973 	34.885529 	29.206163 	56.612720 	73.109505 	56.859474 	
32.310989 	62.265560 	45.617977 	38.078865 	19.697716 	77.388626 	64.070274 	60.464867 	80.448738 	59.203041 	37.443291 	60.166435 	94.403389 	20.615528 	102.800781 	37.483330 	24.041630 	13.000000 	105.603027 	82.134033 	55.172459 	127.318497 	105.422958 	58.728188 	8.000000 	37.107952 	78.492035 	27.802877 	57.384666 	21.400934 	117.200684 	21.095022 	75.006668 	999.000000 	31.064449 	75.742989 	66.068146 	55.659679 	80.056229 	136.484436 	93.348808 	133.221619 	129.201401 	13.038404 	61.854668 	40.249222 	94.111633 	43.829212 	103.947105 	22.561028 	9.433981 	23.345236 	
56.222771 	37.336308 	24.738634 	21.095022 	34.014702 	50.596443 	37.363083 	33.955853 	52.924473 	31.622776 	49.040798 	82.152298 	66.189125 	13.038404 	74.303429 	67.067131 	9.000000 	42.544094 	77.025970 	52.697250 	25.238859 	99.744675 	76.661591 	28.600698 	38.013157 	67.230942 	48.600410 	4.000000 	27.018513 	9.848858 	88.684837 	10.000000 	44.687805 	31.064449 	999.000000 	45.343136 	35.355339 	86.005814 	49.517673 	108.300507 	63.126858 	104.809349 	100.498756 	20.615528 	30.805843 	71.196907 	63.702435 	13.341664 	73.878281 	12.649111 	28.425341 	13.341664 	
94.429871 	25.179358 	37.363083 	44.011364 	72.006943 	19.798990 	20.099751 	22.022715 	18.027756 	20.396078 	79.555016 	115.693558 	25.000000 	55.443665 	31.575306 	109.077957 	51.739735 	85.802101 	33.955853 	10.049875 	20.615528 	57.489128 	33.241539 	17.029387 	81.835197 	109.836243 	5.099020 	48.083260 	18.384777 	54.451813 	45.221676 	55.172459 	1.000000 	75.742989 	45.343136 	999.000000 	10.295630 	128.471786 	4.472136 	64.845970 	17.804493 	61.098282 	56.462376 	65.946945 	16.763054 	115.000000 	18.384777 	35.355339 	28.600698 	57.201397 	73.756355 	57.428215 	
86.377083 	23.323807 	31.016125 	36.674240 	63.694584 	24.698177 	18.601076 	18.788294 	24.515301 	15.811388 	72.835434 	108.853111 	34.365681 	46.043457 	41.484936 	100.239716 	42.201897 	76.550636 	43.965897 	19.416489 	11.704700 	67.446274 	43.324360 	8.246211 	72.422371 	100.846420 	14.560220 	38.288380 	8.944272 	44.687805 	55.362442 	45.276924 	9.848858 	66.068146 	35.355339 	10.295630 	999.000000 	119.570061 	14.212670 	75.026665 	28.017851 	71.309189 	66.708321 	55.901699 	7.000000 	105.683487 	28.425341 	25.059929 	38.832977 	47.010635 	63.702435 	47.201694 	
37.013512 	109.986366 	93.236259 	85.603737 	57.008770 	125.495018 	113.229858 	109.808922 	129.189789 	109.622078 	57.688820 	39.115215 	143.282944 	73.790245 	151.743210 	19.416489 	77.820305 	43.462627 	154.563904 	133.221619 	108.046288 	173.954010 	154.673843 	111.646767 	48.104053 	18.788294 	130.357208 	82.346825 	110.639053 	76.157730 	165.680420 	76.321686 	127.624451 	55.659679 	86.005814 	128.471786 	119.570061 	999.000000 	132.924789 	183.853195 	145.340973 	181.069046 	177.654160 	68.410522 	116.275536 	17.029387 	146.441116 	99.161484 	155.425217 	78.160095 	62.169125 	78.847954 	
98.898941 	29.017237 	41.761227 	48.466484 	76.478752 	21.633308 	24.000000 	26.172504 	19.104973 	24.738634 	83.934502 	120.070816 	23.345236 	59.816387 	29.068884 	113.534134 	56.080299 	90.210861 	31.257000 	9.433981 	25.000000 	54.744862 	30.413813 	21.400934 	86.214851 	114.280357 	5.830952 	52.345009 	22.671568 	58.728188 	42.201897 	59.396969 	5.385165 	80.056229 	49.517673 	4.472136 	14.212670 	132.924789 	999.000000 	61.684681 	13.892444 	57.870544 	53.141319 	70.092796 	20.124611 	119.402679 	14.212670 	39.115215 	24.698177 	61.220913 	77.897369 	61.400326 	
147.186951 	74.652527 	91.678787 	99.488693 	127.404869 	59.203041 	72.422371 	76.026314 	56.035702 	77.388626 	127.914032 	161.418716 	42.190044 	115.935326 	34.000000 	164.769531 	112.898186 	144.308701 	31.304953 	55.946404 	83.186539 	10.295630 	31.780497 	80.056229 	141.209061 	166.243790 	60.539242 	110.276924 	81.859634 	116.284134 	19.697716 	117.477661 	65.192024 	136.484436 	108.300507 	64.845970 	75.026665 	183.853195 	61.684681 	999.000000 	48.270073 	4.000000 	9.000000 	128.631256 	81.596565 	172.904602 	48.836460 	99.924973 	38.327538 	120.768372 	136.341476 	121.198181 	
110.535065 	37.643059 	52.773098 	60.033325 	88.509888 	25.000000 	33.241539 	36.249138 	21.023796 	35.846897 	94.339813 	130.299652 	15.556349 	72.917763 	17.720045 	125.924583 	69.310890 	103.077644 	19.235384 	12.649111 	38.183765 	42.047592 	18.110771 	34.655445 	99.247169 	126.826653 	15.000000 	65.795135 	36.124783 	72.138756 	29.154760 	72.917763 	18.439089 	93.348808 	63.126858 	17.804493 	28.017851 	145.340973 	13.892444 	48.270073 	999.000000 	44.384682 	39.560081 	83.737686 	34.000000 	132.279999 	2.236068 	53.000000 	10.816654 	75.000000 	91.547798 	75.213028 	
144.499130 	71.589104 	88.617157 	96.426140 	124.482933 	56.080299 	69.202599 	72.801102 	52.801514 	74.060783 	125.419296 	159.223114 	38.832977 	112.645462 	30.528675 	161.929001 	109.553642 	141.226761 	27.784887 	52.325901 	79.649231 	9.055386 	28.178005 	76.478752 	138.057953 	163.355438 	56.859474 	106.850365 	78.262383 	112.898186 	16.124516 	114.057007 	61.465439 	133.221619 	104.809349 	61.098282 	71.309189 	181.069046 	57.870544 	4.000000 	44.384682 	999.000000 	5.000000 	125.195847 	77.833153 	169.917633 	44.911022 	96.254868 	34.365681 	117.239075 	132.924789 	117.647781 	
141.226761 	67.896980 	84.899940 	92.698433 	120.917328 	52.345009 	65.299309 	68.883957 	48.918301 	70.000000 	122.413231 	156.579056 	34.828148 	108.600182 	26.400757 	158.448730 	105.437187 	137.440903 	23.600847 	47.885281 	75.292763 	9.848858 	23.853722 	72.069412 	134.182709 	159.812393 	52.325901 	102.625534 	73.824112 	108.724419 	12.041595 	109.836243 	56.859474 	129.201401 	100.498756 	56.462376 	66.708321 	177.654160 	53.141319 	9.000000 	39.560081 	5.000000 	999.000000 	120.950401 	73.164200 	166.243790 	40.024994 	91.706055 	29.427877 	112.871605 	128.701202 	113.251930 	
44.384682 	55.973209 	40.607880 	34.058773 	27.018513 	70.263786 	56.859474 	53.310413 	72.897186 	51.429562 	45.343136 	72.124893 	86.452301 	15.000000 	94.667839 	50.487621 	16.492422 	26.019224 	97.416634 	73.239334 	45.803928 	119.883278 	97.097885 	49.203659 	21.023796 	50.009998 	69.202599 	18.357559 	47.634022 	12.649111 	109.077957 	11.180340 	65.299309 	13.038404 	20.615528 	65.946945 	55.901699 	68.410522 	70.092796 	128.631256 	83.737686 	125.195847 	120.950401 	999.000000 	50.990196 	52.554733 	84.291161 	32.202484 	94.493385 	9.848858 	7.810250 	10.440307 	
84.202141 	27.586229 	31.575306 	36.000000 	61.400326 	31.320919 	23.430750 	22.671568 	31.400637 	19.209373 	72.111023 	107.786827 	41.303753 	42.485291 	48.270073 	97.082436 	38.470768 	72.945183 	50.695168 	26.305893 	11.401754 	74.215904 	50.000000 	9.433981 	68.600288 	97.493591 	21.377558 	34.132095 	8.544003 	40.496914 	61.983868 	40.804413 	16.492422 	61.854668 	30.805843 	16.763054 	7.000000 	116.275536 	20.124611 	81.596565 	34.000000 	77.833153 	73.164200 	50.990196 	999.000000 	101.872467 	34.132095 	19.209373 	44.777225 	41.725292 	58.728188 	41.773197 	
30.594116 	98.351410 	81.344948 	73.552704 	45.607018 	113.899078 	101.118744 	97.590981 	117.388245 	97.000000 	51.244511 	44.721359 	131.529465 	59.640591 	140.014282 	12.041595 	63.513779 	29.206163 	142.842575 	120.507263 	94.403389 	163.248276 	142.835571 	98.005104 	33.286633 	9.000000 	117.290237 	67.742157 	96.834908 	61.400326 	154.207657 	61.294373 	114.201576 	40.249222 	71.196907 	115.000000 	105.683487 	17.029387 	119.402679 	172.904602 	132.279999 	169.917633 	166.243790 	52.554733 	101.872467 	999.000000 	133.225372 	84.077347 	142.635895 	62.393909 	45.880280 	62.968246 	
111.825760 	39.293766 	54.129475 	61.294373 	89.693924 	27.018513 	34.785053 	37.696156 	23.086792 	37.121422 	95.859268 	131.867355 	17.691807 	73.756355 	19.313208 	127.027557 	70.092796 	104.019226 	20.615528 	14.317822 	38.948685 	43.000000 	19.416489 	35.383614 	100.124924 	127.882759 	16.124516 	66.468040 	36.769554 	72.835434 	30.016663 	73.552704 	19.104973 	94.111633 	63.702435 	18.384777 	28.425341 	146.441116 	14.212670 	48.836460 	2.236068 	44.911022 	40.024994 	84.291161 	34.132095 	133.225372 	999.000000 	53.254108 	10.770329 	75.432091 	92.097771 	75.604233 	
69.462219 	34.928497 	28.319605 	28.301943 	47.042534 	45.099888 	33.136082 	30.413813 	46.529560 	27.166155 	61.000000 	95.021049 	58.523499 	26.305893 	66.128662 	80.324341 	22.203604 	55.713554 	68.709534 	44.011364 	18.027756 	92.027168 	68.154236 	20.396078 	51.078373 	80.411446 	39.395432 	17.262676 	18.439089 	23.086792 	80.230919 	22.847319 	34.885529 	43.829212 	13.341664 	35.355339 	25.059929 	99.161484 	39.115215 	99.924973 	53.000000 	96.254868 	91.706055 	32.202484 	19.209373 	84.077347 	53.254108 	999.000000 	63.812225 	22.671568 	39.824615 	22.627417 	
120.220627 	46.518814 	62.433964 	69.892776 	98.473343 	32.280025 	42.544094 	45.793011 	28.160255 	45.803928 	103.368271 	139.086304 	17.117243 	83.450584 	13.601471 	136.014709 	79.906197 	113.454834 	13.453624 	22.203604 	48.836460 	33.241539 	12.041595 	45.343136 	109.713264 	137.003647 	25.455845 	76.485291 	46.861500 	82.807007 	20.223749 	83.630135 	29.206163 	103.947105 	73.878281 	28.600698 	38.832977 	155.425217 	24.698177 	38.327538 	10.816654 	34.365681 	29.427877 	94.493385 	44.777225 	142.635895 	10.770329 	63.812225 	999.000000 	85.802101 	102.303467 	86.023254 	
52.469040 	49.819675 	36.055511 	30.805843 	32.695564 	63.245552 	50.000000 	46.572525 	65.551506 	44.271889 	50.249378 	79.831070 	78.721024 	14.212670 	86.769814 	60.016663 	13.000000 	35.355339 	89.470665 	65.000000 	37.589893 	112.307610 	89.067390 	40.816662 	30.413813 	59.665737 	60.745369 	12.000000 	39.115215 	9.433981 	101.118744 	7.211102 	56.612720 	22.561028 	12.649111 	57.201397 	47.010635 	78.160095 	61.220913 	120.768372 	75.000000 	117.239075 	112.871605 	9.848858 	41.725292 	62.393909 	75.432091 	22.671568 	85.802101 	999.000000 	17.204651 	1.414214 	
41.629318 	63.324562 	47.539455 	40.607880 	28.017851 	77.820305 	64.404968 	60.835846 	80.529495 	59.059292 	46.227695 	69.462219 	94.154129 	21.587032 	102.396286 	45.011108 	23.769728 	21.587032 	105.152267 	81.024689 	53.600372 	127.534309 	104.847511 	57.008770 	16.763054 	44.181442 	77.006493 	26.076809 	55.443665 	20.124611 	116.811813 	18.867962 	73.109505 	9.433981 	28.425341 	73.756355 	63.702435 	62.169125 	77.897369 	136.341476 	91.547798 	132.924789 	128.701202 	7.810250 	58.728188 	45.880280 	92.097771 	39.824615 	102.303467 	17.204651 	999.000000 	17.492855 	
53.600372 	50.635956 	37.121422 	32.015621 	34.014702 	63.890530 	50.695168 	47.296936 	66.128662 	44.922153 	51.623638 	81.024689 	79.202271 	15.620500 	87.206650 	60.827625 	14.317822 	36.221542 	89.894379 	65.368187 	38.013157 	112.805145 	89.470665 	41.182522 	31.257000 	60.415230 	61.057350 	13.038404 	39.446167 	10.816654 	101.533249 	8.602325 	56.859474 	23.345236 	13.341664 	57.428215 	47.201694 	78.847954 	61.400326 	121.198181 	75.213028 	117.647781 	113.251930 	10.440307 	41.773197 	62.968246 	75.604233 	22.627417 	86.023254 	1.414214 	17.492855 	999.000000 	

Travel time:
9.000000 	1.851520 	1.445035 	1.263428 	0.570088 	2.235090 	1.942453 	1.860779 	2.330772 	1.867652 	0.525595 	0.696419 	2.680019 	1.079641 	2.890069 	0.482830 	1.181630 	0.520216 	2.960152 	2.452805 	1.866815 	3.430197 	2.965004 	1.954642 	0.626498 	0.546008 	2.392828 	1.305996 	1.937298 	1.175266 	3.233033 	1.200260 	2.338001 	0.807775 	1.405569 	2.360747 	2.159427 	0.925338 	2.472474 	3.679674 	2.763377 	3.612478 	3.530669 	1.109617 	2.105053 	0.764853 	2.795644 	1.736555 	3.005516 	1.311726 	1.040733 	1.340009 	
1.851520 	9.000000 	0.425735 	0.620987 	1.326885 	0.388909 	0.127475 	0.125000 	0.480234 	0.215058 	1.421487 	2.317461 	0.832541 	1.051190 	1.044330 	2.267157 	0.989002 	1.741407 	1.114955 	0.625000 	0.458939 	1.630376 	1.117195 	0.460977 	1.665270 	2.299185 	0.602080 	0.951972 	0.500000 	1.083109 	1.396648 	1.123054 	0.604669 	1.556639 	0.933408 	0.629484 	0.583095 	2.749659 	0.725431 	1.866313 	0.941076 	1.789728 	1.697425 	1.399330 	0.689656 	2.458785 	0.982344 	0.873212 	1.162970 	1.245492 	1.583114 	1.265899 	
1.445035 	0.425735 	9.000000 	0.195256 	0.905883 	0.813941 	0.500000 	0.416083 	0.901734 	0.427200 	1.055047 	1.958475 	1.255239 	0.649038 	1.467353 	1.846957 	0.604669 	1.315770 	1.538059 	1.007782 	0.505594 	2.055024 	1.538871 	0.575543 	1.241219 	1.876832 	0.951972 	0.602080 	0.579871 	0.704006 	1.821572 	0.751665 	0.910014 	1.140449 	0.618466 	0.934077 	0.775403 	2.330906 	1.044031 	2.291970 	1.319327 	2.215429 	2.122499 	1.015197 	0.789383 	2.033624 	1.353237 	0.707990 	1.560849 	0.901388 	1.188486 	0.928036 	
1.263428 	0.620987 	0.195256 	9.000000 	0.715017 	1.009022 	0.691466 	0.605186 	1.096016 	0.604669 	0.905539 	1.804508 	1.449569 	0.477624 	1.661701 	1.655483 	0.452769 	1.120547 	1.732412 	1.192686 	0.629484 	2.250000 	1.732772 	0.711073 	1.047020 	1.683931 	1.129436 	0.482830 	0.704006 	0.552268 	2.016495 	0.604669 	1.077033 	0.951972 	0.527376 	1.100284 	0.916856 	2.140093 	1.211662 	2.487217 	1.500833 	2.410654 	2.317461 	0.851469 	0.900000 	1.838818 	1.532359 	0.707549 	1.747319 	0.770146 	1.015197 	0.800391 	
0.570088 	1.326885 	0.905883 	0.715017 	9.000000 	1.715554 	1.405569 	1.320038 	1.806239 	1.317431 	0.459619 	1.204159 	2.159282 	0.527376 	2.371181 	0.941076 	0.625500 	0.467039 	2.441823 	1.906895 	1.300000 	2.942151 	2.443614 	1.388569 	0.450000 	0.972432 	1.839327 	0.750417 	1.369535 	0.637377 	2.722591 	0.673146 	1.777991 	0.492443 	0.850368 	1.800174 	1.592365 	1.425219 	1.911969 	3.185122 	2.212747 	3.112073 	3.022933 	0.675463 	1.535008 	1.140175 	2.242348 	1.176063 	2.461833 	0.817389 	0.700446 	0.850368 	
2.235090 	0.388909 	0.813941 	1.009022 	1.715554 	9.000000 	0.335410 	0.425000 	0.103078 	0.474342 	1.789728 	2.675467 	0.445112 	1.423464 	0.656220 	2.655419 	1.353006 	2.128673 	0.726722 	0.340037 	0.676849 	1.248249 	0.730154 	0.625500 	2.050152 	2.687936 	0.395285 	1.300000 	0.675463 	1.442437 	1.007782 	1.477329 	0.477624 	1.934716 	1.264911 	0.494975 	0.617454 	3.137375 	0.540833 	1.480076 	0.625000 	1.402007 	1.308625 	1.756595 	0.783023 	2.847477 	0.675463 	1.127497 	0.807001 	1.581139 	1.945508 	1.597263 	
1.942453 	0.127475 	0.500000 	0.691466 	1.405569 	0.335410 	9.000000 	0.090139 	0.410031 	0.150000 	1.527457 	2.427061 	0.761988 	1.089151 	0.973717 	2.346540 	1.017657 	1.804508 	1.044330 	0.515388 	0.388104 	1.582127 	1.043132 	0.369121 	1.722099 	2.375395 	0.480885 	0.965660 	0.413824 	1.107080 	1.331587 	1.142366 	0.477624 	1.601757 	0.934077 	0.502494 	0.465027 	2.830746 	0.600000 	1.810559 	0.831038 	1.730065 	1.632483 	1.421487 	0.585769 	2.527969 	0.869626 	0.828402 	1.063602 	1.250000 	1.610124 	1.267379 	
1.860779 	0.125000 	0.416083 	0.605186 	1.320038 	0.425000 	0.090139 	9.000000 	0.500000 	0.090139 	1.454734 	2.356374 	0.851469 	0.999062 	1.063015 	2.260669 	0.928036 	1.715554 	1.133578 	0.592663 	0.335410 	1.672199 	1.131923 	0.336341 	1.632483 	2.288695 	0.546008 	0.877853 	0.375000 	1.017964 	1.421267 	1.053862 	0.525595 	1.511622 	0.848896 	0.550568 	0.469707 	2.745223 	0.654313 	1.900658 	0.906228 	1.820028 	1.722099 	1.332760 	0.566789 	2.439775 	0.942404 	0.760345 	1.144825 	1.164313 	1.520896 	1.182423 	
2.330772 	0.480234 	0.901734 	1.096016 	1.806239 	0.103078 	0.410031 	0.500000 	9.000000 	0.536773 	1.889775 	2.777139 	0.353553 	1.497707 	0.565685 	2.746930 	1.423464 	2.213171 	0.636396 	0.257391 	0.715891 	1.175266 	0.637377 	0.654313 	2.131901 	2.778151 	0.336341 	1.364047 	0.704006 	1.510381 	0.921954 	1.542928 	0.437321 	2.011219 	1.323112 	0.450694 	0.612882 	3.229745 	0.477624 	1.400892 	0.525595 	1.320038 	1.222957 	1.822430 	0.785016 	2.934706 	0.577170 	1.163239 	0.704006 	1.638788 	2.013237 	1.653217 	
1.867652 	0.215058 	0.427200 	0.604669 	1.317431 	0.474342 	0.150000 	0.090139 	0.536773 	9.000000 	1.480076 	2.383406 	0.880696 	0.965013 	1.090011 	2.255271 	0.887764 	1.697425 	1.160011 	0.590021 	0.246221 	1.711907 	1.155692 	0.247487 	1.609542 	2.280351 	0.525595 	0.827647 	0.285044 	0.973717 	1.450216 	1.006231 	0.485412 	1.480076 	0.790569 	0.509902 	0.395285 	2.740552 	0.618466 	1.934716 	0.896172 	1.851520 	1.750000 	1.285739 	0.480234 	2.425000 	0.928036 	0.679154 	1.145098 	1.106797 	1.476482 	1.123054 	
0.525595 	1.421487 	1.055047 	0.905539 	0.459619 	1.789728 	1.527457 	1.454734 	1.889775 	1.480076 	9.000000 	0.903466 	2.229630 	0.929045 	2.435416 	1.007782 	1.012423 	0.800391 	2.504246 	2.042670 	1.535008 	2.944911 	2.512469 	1.615743 	0.840387 	1.068001 	2.000156 	1.130542 	1.609542 	1.051190 	2.766993 	1.095730 	1.964688 	0.936082 	1.226020 	1.988875 	1.820886 	1.442220 	2.098362 	3.197851 	2.358495 	3.135482 	3.060331 	1.133578 	1.802776 	1.281113 	2.396482 	1.525000 	2.584207 	1.256234 	1.155692 	1.290591 	
0.696419 	2.317461 	1.958475 	1.804508 	1.204159 	2.675467 	2.427061 	2.356374 	2.777139 	2.383406 	0.903466 	9.000000 	3.108456 	1.731509 	3.309456 	0.845946 	1.829276 	1.207528 	3.376759 	2.941301 	2.433105 	3.779054 	3.387661 	2.515577 	1.320038 	0.922293 	2.902262 	1.954002 	2.507115 	1.838818 	3.628016 	1.870328 	2.868144 	1.504161 	2.053807 	2.892339 	2.721328 	0.977880 	3.001770 	4.035468 	3.257491 	3.980578 	3.914476 	1.803122 	2.694671 	1.118034 	3.296684 	2.375526 	3.477158 	1.995777 	1.736555 	2.025617 	
2.680019 	0.832541 	1.255239 	1.449569 	2.159282 	0.445112 	0.761988 	0.851469 	0.353553 	0.880696 	2.229630 	3.108456 	9.000000 	1.845434 	0.212132 	3.099698 	1.768120 	2.566247 	0.282843 	0.375832 	1.030776 	0.840387 	0.285044 	0.956883 	2.483948 	3.131393 	0.500625 	1.702388 	1.004054 	1.852363 	0.570088 	1.882319 	0.625500 	2.360085 	1.654728 	0.625000 	0.859142 	3.582074 	0.583631 	1.054751 	0.388909 	0.970824 	0.870704 	2.161308 	1.032594 	3.288237 	0.442295 	1.463087 	0.427931 	1.968026 	2.353853 	1.980057 	
1.079641 	1.051190 	0.649038 	0.477624 	0.527376 	1.423464 	1.089151 	0.999062 	1.497707 	0.965013 	0.929045 	1.731509 	1.845434 	9.000000 	2.055024 	1.365650 	0.103078 	0.763217 	2.125000 	1.538871 	0.870704 	2.671259 	2.120289 	0.960469 	0.660019 	1.375227 	1.450000 	0.226385 	0.930054 	0.125000 	2.415186 	0.176777 	1.366794 	0.515388 	0.325960 	1.386092 	1.151086 	1.844756 	1.495410 	2.898383 	1.822944 	2.816137 	2.715004 	0.375000 	1.062132 	1.491015 	1.843909 	0.657647 	2.086265 	0.355317 	0.539676 	0.390512 	
2.890069 	1.044330 	1.467353 	1.661701 	2.371181 	0.656220 	0.973717 	1.063015 	0.565685 	1.090011 	2.435416 	3.309456 	0.212132 	2.055024 	9.000000 	3.311438 	1.976424 	2.778151 	0.070711 	0.553399 	1.229837 	0.649038 	0.079057 	1.152443 	2.695366 	3.343370 	0.673146 	1.908042 	1.198176 	2.059430 	0.360555 	2.088211 	0.794512 	2.570019 	1.857586 	0.789383 	1.037123 	3.793580 	0.726722 	0.850000 	0.443001 	0.763217 	0.660019 	2.366696 	1.206752 	3.500357 	0.482830 	1.653217 	0.340037 	2.169245 	2.559907 	2.180166 	
0.482830 	2.267157 	1.846957 	1.655483 	0.941076 	2.655419 	2.346540 	2.260669 	2.746930 	2.255271 	1.007782 	0.845946 	3.099698 	1.365650 	3.311438 	9.000000 	1.467353 	0.618466 	3.382030 	2.845281 	2.217121 	3.873387 	3.384246 	2.307054 	0.740355 	0.079057 	2.773536 	1.583114 	2.282542 	1.431127 	3.661369 	1.439184 	2.705665 	0.937083 	1.676678 	2.726949 	2.505993 	0.485412 	2.838353 	4.119238 	3.148115 	4.048225 	3.961218 	1.262191 	2.427061 	0.301040 	3.175689 	2.008109 	3.400368 	1.500417 	1.125278 	1.520691 	
1.181630 	0.989002 	0.604669 	0.452769 	0.625500 	1.353006 	1.017657 	0.928036 	1.423464 	0.887764 	1.012423 	1.829276 	1.768120 	0.103078 	1.976424 	1.467353 	9.000000 	0.862047 	2.046033 	1.453444 	0.778621 	2.598557 	2.040221 	0.867828 	0.755811 	1.475847 	1.361295 	0.125000 	0.835539 	0.100000 	2.336932 	0.152069 	1.274755 	0.601041 	0.225000 	1.293493 	1.055047 	1.945508 	1.402007 	2.822455 	1.732772 	2.738841 	2.635930 	0.412311 	0.961769 	1.587844 	1.752320 	0.555090 	1.997655 	0.325000 	0.594243 	0.357946 	
0.520216 	1.741407 	1.315770 	1.120547 	0.467039 	2.128673 	1.804508 	1.715554 	2.213171 	1.697425 	0.800391 	1.207528 	2.566247 	0.763217 	2.778151 	0.618466 	0.862047 	9.000000 	2.848794 	2.283774 	1.630376 	3.370182 	2.847477 	1.720465 	0.125000 	0.617454 	2.202271 	0.972754 	1.691892 	0.817389 	3.134984 	0.822344 	2.125000 	0.325000 	1.063602 	2.145052 	1.913766 	1.086566 	2.255271 	3.607718 	2.576941 	3.530669 	3.436023 	0.650481 	1.823630 	0.730154 	2.600481 	1.392839 	2.836371 	0.883883 	0.539676 	0.905539 	
