Total assets = 570
Number of asset nodes = 33

Distance:
999.000000 	65.513359 	68.600288 	6.082763 	33.837849 	71.693794 	70.710678 	68.425140 	75.179787 	48.083260 	43.174065 	101.533249 	71.554176 	69.354164 	42.579338 	80.062477 	86.452301 	30.000000 	44.553337 	33.837849 	48.836460 	45.398239 	17.262676 	87.658424 	88.549423 	137.178711 	52.469040 	122.918671 	84.581322 	122.286552 	89.000000 	137.207870 	60.016663 	30.805843 	22.000000 	39.698868 	89.050545 	87.321243 	125.876923 	54.147945 	88.238312 	137.974640 	23.086792 	129.321304 	35.608986 	
65.513359 	999.000000 	3.162278 	69.634758 	98.838249 	6.324555 	6.000000 	5.830952 	10.198039 	22.360680 	27.784887 	44.911022 	8.246211 	8.602325 	30.413813 	15.297058 	21.023796 	95.414886 	29.546574 	99.322708 	26.248810 	30.083218 	73.552704 	22.803509 	23.769728 	75.166481 	27.294687 	58.796257 	21.023796 	58.051701 	24.515301 	74.632431 	23.194826 	94.641426 	79.195961 	104.861816 	25.179358 	24.020824 	61.554855 	30.066593 	25.019993 	75.000000 	74.411018 	65.115280 	99.639351 	
68.600288 	3.162278 	999.000000 	72.670486 	101.965683 	3.162278 	3.162278 	4.472136 	7.071068 	24.698177 	30.232433 	43.416588 	5.830952 	7.211102 	32.756680 	12.165525 	17.888544 	98.478424 	31.764761 	102.396286 	28.231188 	32.202484 	76.419891 	19.646883 	20.615528 	72.718636 	28.861740 	56.080299 	18.000000 	55.317268 	21.377558 	72.111023 	24.000000 	97.616600 	82.036575 	107.898102 	22.090721 	21.000000 	58.796257 	31.400637 	22.000000 	72.422371 	77.155685 	62.369865 	102.615791 	
6.082763 	69.634758 	72.670486 	999.000000 	31.400637 	75.716576 	74.625732 	72.201111 	79.075912 	51.078373 	45.880280 	106.826965 	75.292763 	72.945183 	44.922153 	83.862984 	90.426765 	25.942244 	46.840153 	29.966648 	51.244511 	47.539455 	11.704700 	91.416626 	92.282173 	142.172424 	54.571056 	127.561752 	88.119240 	126.905479 	92.660675 	142.130219 	62.361847 	25.495098 	16.031219 	35.227829 	92.590500 	90.785461 	130.483719 	55.901699 	91.678787 	142.842575 	17.888544 	133.958954 	30.413813 	
33.837849 	98.838249 	101.965683 	31.400637 	999.000000 	105.095192 	104.216118 	102.044106 	108.687622 	81.908485 	76.922035 	131.643463 	105.190300 	103.077644 	76.157730 	113.635384 	119.854080 	10.630146 	78.102493 	8.944272 	82.462112 	78.854294 	35.510563 	121.247681 	122.155640 	168.240906 	85.906929 	155.080627 	118.308914 	154.508896 	122.653984 	168.514099 	93.621582 	19.798990 	33.837849 	15.132746 	122.772148 	121.078484 	158.113876 	87.298340 	122.004097 	169.452057 	40.521599 	161.471359 	19.723083 	
71.693794 	6.324555 	3.162278 	75.716576 	105.095192 	999.000000 	2.000000 	5.099020 	4.000000 	27.202942 	32.802441 	42.107006 	4.472136 	7.071068 	35.227829 	9.055386 	14.764823 	101.548019 	34.132095 	105.475113 	30.413813 	34.481880 	79.309517 	16.492422 	17.464249 	70.327805 	30.675724 	53.413483 	15.033297 	52.630791 	18.248287 	69.641945 	25.179358 	100.603180 	84.899940 	110.941429 	19.026299 	18.027756 	56.080299 	32.984844 	19.026299 	69.892776 	79.931221 	59.665737 	105.603027 	
70.710678 	6.000000 	3.162278 	74.625732 	104.216118 	2.000000 	999.000000 	3.162278 	4.472136 	25.612497 	31.240999 	44.102154 	2.828427 	5.099020 	33.600594 	9.486833 	15.811388 	100.498756 	32.449963 	104.446159 	28.653097 	32.756680 	77.987175 	17.088007 	18.027756 	72.069412 	28.792360 	55.000000 	15.033297 	54.203320 	18.681541 	71.344238 	23.194826 	99.403221 	83.546394 	109.836243 	19.235384 	18.027756 	57.628117 	31.048349 	19.026299 	71.561165 	78.492035 	61.220913 	104.403069 	
68.425140 	5.830952 	4.472136 	72.201111 	102.044106 	5.099020 	3.162278 	999.000000 	7.071068 	22.671568 	28.319605 	47.169907 	3.162278 	2.828427 	30.610456 	11.661903 	18.439089 	98.112183 	29.410883 	102.083298 	25.553865 	29.681644 	75.286118 	19.235384 	20.124611 	75.179787 	25.632011 	58.008621 	16.492422 	57.201397 	20.615528 	74.431175 	20.099751 	96.834908 	80.808418 	107.377838 	20.880613 	19.416489 	60.605282 	27.892651 	20.396078 	74.625732 	75.663727 	64.202805 	101.833199 	
75.179787 	10.198039 	7.071068 	79.075912 	108.687622 	4.000000 	4.472136 	7.071068 	999.000000 	29.732138 	35.383614 	42.011902 	4.472136 	7.615773 	37.643059 	5.099020 	11.401754 	104.957130 	36.400551 	108.908218 	32.449963 	36.619667 	82.328613 	12.649111 	13.601471 	68.425140 	32.202484 	51.039200 	11.045361 	50.219517 	14.317822 	67.601776 	25.961510 	103.812332 	87.863533 	114.280357 	15.033297 	14.035668 	53.600372 	34.176014 	15.033297 	67.742157 	82.734512 	57.201397 	108.811768 	
48.083260 	22.360680 	24.698177 	51.078373 	81.908485 	27.202942 	25.612497 	22.671568 	29.732138 	999.000000 	5.656854 	66.760765 	25.455845 	22.671568 	8.062258 	33.970577 	41.012192 	76.967529 	7.280110 	81.024689 	5.385165 	8.062258 	53.009434 	41.231056 	42.011902 	97.416634 	9.219544 	80.603973 	37.443291 	79.812279 	42.201897 	96.798759 	13.341664 	74.946648 	58.412327 	85.883644 	41.880783 	39.962482 	83.240616 	12.806249 	40.816662 	97.082436 	53.075417 	86.833176 	79.924965 	
43.174065 	27.784887 	30.232433 	45.880280 	76.922035 	32.802441 	31.240999 	28.319605 	35.383614 	5.656854 	999.000000 	71.784401 	31.112698 	28.319605 	3.000000 	39.623226 	46.669048 	71.693794 	3.605551 	75.769386 	6.082763 	5.000000 	47.434166 	46.861500 	47.634022 	102.927162 	10.440307 	86.214851 	43.011627 	85.428329 	47.801674 	102.342560 	17.029387 	69.462219 	52.801514 	80.498444 	47.434166 	45.486263 	88.865067 	13.416408 	46.324940 	102.649887 	47.423622 	92.455391 	74.431175 	
101.533249 	44.911022 	43.416588 	106.826965 	131.643463 	42.107006 	44.102154 	47.169907 	42.011902 	66.760765 	71.784401 	999.000000 	46.010868 	49.040798 	74.632431 	41.436699 	36.400551 	130.908371 	74.040527 	134.380051 	71.063354 	74.726166 	113.441612 	40.162170 	40.496914 	37.215588 	72.180328 	30.000000 	44.643028 	30.016663 	41.785164 	38.013157 	67.268120 	132.279999 	119.268608 	140.858078 	44.011364 	45.541191 	33.015148 	74.813103 	45.880280 	39.395432 	115.602768 	35.227829 	137.131317 	
71.554176 	8.246211 	5.830952 	75.292763 	105.190300 	4.472136 	2.828427 	3.162278 	4.472136 	25.455845 	31.112698 	46.010868 	999.000000 	3.162278 	33.301651 	8.602325 	15.556349 	101.212646 	32.015621 	105.190300 	28.017851 	32.202484 	78.243210 	16.124516 	17.000000 	72.897186 	27.730848 	55.470715 	13.341664 	54.644306 	17.464249 	72.069412 	21.587032 	99.864906 	83.737686 	110.453613 	17.720045 	16.278820 	58.008621 	29.732138 	17.262676 	72.201111 	78.517517 	61.611687 	104.861816 	
69.354164 	8.602325 	7.211102 	72.945183 	103.077644 	7.071068 	5.099020 	2.828427 	7.615773 	22.671568 	28.319605 	49.040798 	3.162278 	999.000000 	30.413813 	11.313708 	18.439089 	98.883774 	29.068884 	102.883430 	25.000000 	29.206163 	75.604233 	18.601076 	19.416489 	76.026314 	24.596748 	58.523499 	15.231546 	57.688820 	19.723083 	75.179787 	18.439089 	97.349884 	81.055534 	108.046288 	19.697716 	18.027756 	61.032780 	26.570660 	18.973665 	75.292763 	75.742989 	64.637451 	102.342560 	
42.579338 	30.413813 	32.756680 	44.922153 	76.157730 	35.227829 	33.600594 	30.610456 	37.643059 	8.062258 	3.000000 	74.632431 	33.301651 	30.413813 	999.000000 	41.725292 	48.836460 	70.576202 	2.000000 	74.672615 	6.324555 	3.162278 	45.793011 	48.836460 	49.578220 	105.475113 	10.000000 	88.600227 	44.821869 	87.800911 	49.678970 	104.847511 	17.464249 	68.000000 	51.039200 	79.202271 	49.203659 	47.201694 	91.214035 	12.369317 	48.010414 	105.118980 	45.453274 	94.810333 	72.945183 	
80.062477 	15.297058 	12.165525 	83.862984 	113.635384 	9.055386 	9.486833 	11.661903 	5.099020 	33.970577 	39.623226 	41.436699 	8.602325 	11.313708 	41.725292 	999.000000 	7.211102 	109.772491 	40.360870 	113.740936 	36.235340 	40.459858 	86.833176 	7.615773 	8.544003 	65.391129 	35.510563 	47.507893 	6.324555 	46.647614 	9.219544 	64.404968 	28.635643 	108.466583 	92.314682 	119.037811 	10.000000 	9.219544 	49.929951 	37.121422 	10.198039 	64.412735 	87.045967 	53.535034 	113.463654 	
86.452301 	21.023796 	17.888544 	90.426765 	119.854080 	14.764823 	15.811388 	18.439089 	11.401754 	41.012192 	46.669048 	36.400551 	15.556349 	18.439089 	48.836460 	7.211102 	999.000000 	116.284134 	47.507893 	120.220627 	43.416588 	47.634022 	93.723000 	4.242640 	5.000000 	58.309521 	42.720020 	40.311287 	8.246211 	39.446167 	6.403124 	57.271286 	35.777088 	115.208504 	99.247169 	125.642349 	8.485281 	9.433981 	42.720020 	44.294468 	10.000000 	57.245087 	94.069122 	46.324940 	120.208153 	
30.000000 	95.414886 	98.478424 	25.942244 	10.630146 	101.548019 	100.498756 	98.112183 	104.957130 	76.967529 	71.693794 	130.908371 	101.212646 	98.883774 	70.576202 	109.772491 	116.284134 	999.000000 	72.449982 	4.123106 	76.896034 	73.054771 	27.018513 	117.337120 	118.207443 	166.931122 	80.006248 	152.895386 	114.061386 	152.269501 	118.595955 	167.026947 	87.920418 	9.219544 	24.331051 	10.000000 	118.532700 	116.726173 	155.862122 	81.043198 	117.618027 	167.836227 	31.257000 	159.298462 	10.198039 	
44.553337 	29.546574 	31.764761 	46.840153 	78.102493 	34.132095 	32.449963 	29.410883 	36.400551 	7.280110 	3.605551 	74.040527 	32.015621 	29.068884 	2.000000 	40.360870 	47.507893 	72.449982 	999.000000 	76.550636 	4.472136 	1.414214 	47.507893 	47.381432 	48.104053 	104.446159 	8.000000 	87.418533 	43.278172 	86.608315 	48.166378 	103.773796 	15.524175 	69.771057 	52.697250 	81.024689 	47.634022 	45.607018 	90.000000 	10.440307 	46.400433 	104.009613 	47.010635 	93.600212 	74.706093 	
33.837849 	99.322708 	102.396286 	29.966648 	8.944272 	105.475113 	104.446159 	102.083298 	108.908218 	81.024689 	75.769386 	134.380051 	105.190300 	102.883430 	74.672615 	113.740936 	120.220627 	4.123106 	76.550636 	999.000000 	80.993828 	77.162170 	31.064449 	121.313644 	122.188377 	170.531525 	84.118965 	156.646103 	118.072014 	156.028839 	122.588745 	170.660477 	92.027168 	11.661903 	28.160255 	7.280110 	122.543869 	120.747673 	159.624557 	85.164543 	121.642921 	171.493439 	35.128338 	163.049072 	10.816654 	
48.836460 	26.248810 	28.231188 	51.244511 	82.462112 	30.413813 	28.653097 	25.553865 	32.449963 	5.385165 	6.082763 	71.063354 	28.017851 	25.000000 	6.324555 	36.235340 	43.416588 	76.896034 	4.472136 	80.993828 	999.000000 	4.242640 	51.971146 	43.139309 	43.840622 	100.722389 	4.472136 	83.486526 	38.948685 	82.661964 	43.863426 	99.985001 	11.180340 	74.242844 	57.140179 	85.492691 	43.278172 	41.231056 	86.023254 	7.810250 	42.011902 	100.169853 	51.400391 	89.627007 	79.177017 	
45.398239 	30.083218 	32.202484 	47.539455 	78.854294 	34.481880 	32.756680 	29.681644 	36.619667 	8.062258 	5.000000 	74.726166 	32.202484 	29.206163 	3.162278 	40.459858 	47.634022 	73.054771 	1.414214 	77.162170 	4.242640 	999.000000 	47.885281 	47.381432 	48.083260 	104.809349 	7.071068 	87.658424 	43.185646 	86.838928 	48.104053 	104.100914 	14.866069 	70.213959 	53.000000 	81.541397 	47.507893 	45.453274 	90.210861 	9.219544 	46.227695 	104.307236 	47.201694 	93.813644 	75.133217 	
17.262676 	73.552704 	76.419891 	11.704700 	35.510563 	79.309517 	77.987175 	75.286118 	82.328613 	53.009434 	47.434166 	113.441612 	78.243210 	75.604233 	45.793011 	86.833176 	93.723000 	27.018513 	47.507893 	31.064449 	51.971146 	47.885281 	999.000000 	94.201912 	95.000000 	147.756561 	54.561890 	132.245987 	90.443352 	131.529465 	95.210297 	147.512711 	62.609905 	22.472204 	5.830952 	34.205261 	94.868332 	92.913940 	135.059250 	55.154327 	93.744331 	148.070923 	6.403124 	138.600143 	27.313000 	
87.658424 	22.803509 	19.646883 	91.416626 	121.247681 	16.492422 	17.088007 	19.235384 	12.649111 	41.231056 	46.861500 	40.162170 	16.124516 	18.601076 	48.836460 	7.615773 	4.242640 	117.337120 	47.381432 	121.313644 	43.139309 	47.381432 	94.201912 	999.000000 	1.000000 	60.083275 	42.011902 	41.629318 	5.099020 	40.718548 	2.236068 	58.872746 	34.669872 	115.935326 	99.639351 	126.570137 	4.242640 	5.385165 	43.829212 	43.266617 	5.830952 	58.694122 	94.260277 	47.413078 	120.929733 	
88.549423 	23.769728 	20.615528 	92.282173 	122.155640 	17.464249 	18.027756 	20.124611 	13.601471 	42.011902 	47.634022 	40.496914 	17.000000 	19.416489 	49.578220 	8.544003 	5.000000 	118.207443 	48.104053 	122.188377 	43.840622 	48.083260 	95.000000 	1.000000 	999.000000 	59.774578 	42.638012 	41.231056 	5.385165 	40.311287 	1.414214 	58.523499 	35.227829 	116.764717 	100.424103 	127.424484 	3.605551 	5.099020 	43.382023 	43.829212 	5.385165 	58.309521 	95.015785 	46.957428 	121.757957 	
137.178711 	75.166481 	72.718636 	142.172424 	168.240906 	70.327805 	72.069412 	75.179787 	68.425140 	97.416634 	102.927162 	37.215588 	72.897186 	76.026314 	105.475113 	65.391129 	58.309521 	166.931122 	104.446159 	170.531525 	100.722389 	104.809349 	147.756561 	60.083275 	59.774578 	999.000000 	100.623062 	19.104973 	65.145988 	20.099751 	60.440052 	2.828427 	94.021271 	167.657394 	153.525238 	176.799316 	62.096699 	64.288414 	18.027756 	102.459747 	64.031242 	5.000000 	149.201202 	15.297058 	172.586212 	
52.469040 	27.294687 	28.861740 	54.571056 	85.906929 	30.675724 	28.792360 	25.632011 	32.202484 	9.219544 	10.440307 	72.180328 	27.730848 	24.596748 	10.000000 	35.510563 	42.720020 	80.006248 	8.000000 	84.118965 	4.472136 	7.071068 	54.561890 	42.011902 	42.638012 	100.623062 	999.000000 	83.006027 	37.536648 	82.152298 	42.520584 	99.764725 	8.062258 	76.967529 	59.539902 	88.391174 	41.725292 	39.597980 	85.440041 	3.605551 	40.311287 	99.849884 	53.535034 	89.044930 	81.859634 	
122.918671 	58.796257 	56.080299 	127.561752 	155.080627 	53.413483 	55.000000 	58.008621 	51.039200 	80.603973 	86.214851 	30.000000 	55.470715 	58.523499 	88.600227 	47.507893 	40.311287 	152.895386 	87.418533 	156.646103 	83.486526 	87.658424 	132.245987 	41.629318 	41.231056 	19.104973 	83.006027 	999.000000 	46.615448 	1.000000 	41.785164 	17.464249 	76.059189 	152.898666 	137.931137 	162.606888 	43.324360 	45.541191 	3.162278 	84.599052 	45.221676 	17.088007 	133.206604 	6.403124 	157.876541 	
84.581322 	21.023796 	18.000000 	88.119240 	118.308914 	15.033297 	15.033297 	16.492422 	11.045361 	37.443291 	43.011627 	44.643028 	13.341664 	15.231546 	44.821869 	6.324555 	8.246211 	114.061386 	43.278172 	118.072014 	38.948685 	43.185646 	90.443352 	5.099020 	5.385165 	65.145988 	37.536648 	46.615448 	999.000000 	45.694637 	5.000000 	63.906181 	30.000000 	112.361023 	95.801880 	123.166557 	4.472136 	3.000000 	48.754486 	38.600517 	4.000000 	63.694584 	90.271812 	52.325901 	117.345642 	
122.286552 	58.051701 	55.317268 	126.905479 	154.508896 	52.630791 	54.203320 	57.201397 	50.219517 	79.812279 	85.428329 	30.016663 	54.644306 	57.688820 	87.800911 	46.647614 	39.446167 	152.269501 	86.608315 	156.028839 	82.661964 	86.838928 	131.529465 	40.718548 	40.311287 	20.099751 	82.152298 	1.000000 	45.694637 	999.000000 	40.853397 	18.439089 	75.179787 	152.226807 	137.207870 	161.969131 	42.379242 	44.598206 	3.605551 	83.725746 	44.271889 	18.027756 	132.457535 	7.071068 	157.206863 	
89.000000 	24.515301 	21.377558 	92.660675 	122.653984 	18.248287 	18.681541 	20.615528 	14.317822 	42.201897 	47.801674 	41.785164 	17.464249 	19.723083 	49.678970 	9.219544 	6.403124 	118.595955 	48.166378 	122.588745 	43.863426 	48.104053 	95.210297 	2.236068 	1.414214 	60.440052 	42.520584 	41.785164 	5.000000 	40.853397 	999.000000 	59.135437 	35.000000 	117.046997 	100.603180 	127.769325 	2.236068 	4.000000 	43.863426 	43.600460 	4.123106 	58.872746 	95.131485 	47.423622 	122.036880 	
137.207870 	74.632431 	72.111023 	142.130219 	168.514099 	69.641945 	71.344238 	74.431175 	67.601776 	96.798759 	102.342560 	38.013157 	72.069412 	75.179787 	104.847511 	64.404968 	57.271286 	167.026947 	103.773796 	170.660477 	99.985001 	104.100914 	147.512711 	58.872746 	58.523499 	2.828427 	99.764725 	17.464249 	63.906181 	18.439089 	59.135437 	999.000000 	93.037628 	167.597733 	153.264481 	176.867188 	60.728905 	62.936478 	16.031219 	101.518471 	62.641838 	2.236068 	148.838837 	13.038404 	172.539856 	
60.016663 	23.194826 	24.000000 	62.361847 	93.621582 	25.179358 	23.194826 	20.099751 	25.961510 	13.341664 	17.029387 	67.268120 	21.587032 	18.439089 	17.464249 	28.635643 	35.777088 	87.920418 	15.524175 	92.027168 	11.180340 	14.866069 	62.609905 	34.669872 	35.227829 	94.021271 	8.062258 	76.059189 	30.000000 	75.179787 	35.000000 	93.037628 	999.000000 	85.000000 	67.601776 	96.384644 	34.058773 	31.890438 	78.390053 	8.602325 	32.557640 	93.021500 	61.587337 	81.987801 	89.899948 	
30.805843 	94.641426 	97.616600 	25.495098 	19.798990 	100.603180 	99.403221 	96.834908 	103.812332 	74.946648 	69.462219 	132.279999 	99.864906 	97.349884 	68.000000 	108.466583 	115.208504 	9.219544 	69.771057 	11.661903 	74.242844 	70.213959 	22.472204 	115.935326 	116.764717 	167.657394 	76.967529 	152.898666 	112.361023 	152.226807 	117.046997 	167.597733 	85.000000 	999.000000 	18.248287 	12.041595 	116.811813 	114.908661 	155.794739 	77.620872 	115.762688 	168.291412 	25.179358 	159.289047 	5.000000 	
22.000000 	79.195961 	82.036575 	16.031219 	33.837849 	84.899940 	83.546394 	80.808418 	87.863533 	58.412327 	52.801514 	119.268608 	83.737686 	81.055534 	51.039200 	92.314682 	99.247169 	24.331051 	52.697250 	28.160255 	57.140179 	53.000000 	5.830952 	99.639351 	100.424103 	153.525238 	59.539902 	137.931137 	95.801880 	137.207870 	100.603180 	153.264481 	67.601776 	18.248287 	999.000000 	30.265491 	100.209778 	98.229324 	140.730240 	59.933296 	99.045441 	153.808319 	7.000000 	144.277512 	22.803509 	
39.698868 	104.861816 	107.898102 	35.227829 	15.132746 	110.941429 	109.836243 	107.377838 	114.280357 	85.883644 	80.498444 	140.858078 	110.453613 	108.046288 	79.202271 	119.037811 	125.642349 	10.000000 	81.024689 	7.280110 	85.492691 	81.541397 	34.205261 	126.570137 	127.424484 	176.799316 	88.391174 	162.606888 	123.166557 	161.969131 	127.769325 	176.867188 	96.384644 	12.041595 	30.265491 	999.000000 	127.632286 	125.781555 	165.556641 	89.196411 	126.657021 	177.654160 	37.215588 	169.008881 	8.246211 	
89.050545 	25.179358 	22.090721 	92.590500 	122.772148 	19.026299 	19.235384 	20.880613 	15.033297 	41.880783 	47.434166 	44.011364 	17.720045 	19.697716 	49.203659 	10.000000 	8.485281 	118.532700 	47.634022 	122.543869 	43.278172 	47.507893 	94.868332 	4.242640 	3.605551 	62.096699 	41.725292 	43.324360 	4.472136 	42.379242 	2.236068 	60.728905 	34.058773 	116.811813 	100.209778 	127.632286 	999.000000 	2.236068 	45.310043 	42.638012 	2.000000 	60.406952 	94.641426 	48.846699 	121.794907 	
87.321243 	24.020824 	21.000000 	90.785461 	121.078484 	18.027756 	18.027756 	19.416489 	14.035668 	39.962482 	45.486263 	45.541191 	16.278820 	18.027756 	47.201694 	9.219544 	9.433981 	116.726173 	45.607018 	120.747673 	41.231056 	45.453274 	92.913940 	5.385165 	5.099020 	64.288414 	39.597980 	45.541191 	3.000000 	44.598206 	4.000000 	62.936478 	31.890438 	114.908661 	98.229324 	125.781555 	2.236068 	999.000000 	47.539455 	40.459858 	1.000000 	62.625874 	92.617493 	51.078373 	119.887444 	
125.876923 	61.554855 	58.796257 	130.483719 	158.113876 	56.080299 	57.628117 	60.605282 	53.600372 	83.240616 	88.865067 	33.015148 	58.008621 	61.032780 	91.214035 	49.929951 	42.720020 	155.862122 	90.000000 	159.624557 	86.023254 	90.210861 	135.059250 	43.829212 	43.382023 	18.027756 	85.440041 	3.162278 	48.754486 	3.605551 	43.863426 	16.031219 	78.390053 	155.794739 	140.730240 	165.556641 	45.310043 	47.539455 	999.000000 	86.954010 	47.169907 	15.297058 	135.948517 	3.605551 	160.776245 	
54.147945 	30.066593 	31.400637 	55.901699 	87.298340 	32.984844 	31.048349 	27.892651 	34.176014 	12.806249 	13.416408 	74.813103 	29.732138 	26.570660 	12.369317 	37.121422 	44.294468 	81.043198 	10.440307 	85.164543 	7.810250 	9.219544 	55.154327 	43.266617 	43.829212 	102.459747 	3.605551 	84.599052 	38.600517 	83.725746 	43.600460 	101.518471 	8.602325 	77.620872 	59.933296 	89.196411 	42.638012 	40.459858 	86.954010 	999.000000 	41.109608 	101.533249 	53.712196 	90.553848 	82.462112 	
88.238312 	25.019993 	22.000000 	91.678787 	122.004097 	19.026299 	19.026299 	20.396078 	15.033297 	40.816662 	46.324940 	45.880280 	17.262676 	18.973665 	48.010414 	10.198039 	10.000000 	117.618027 	46.400433 	121.642921 	42.011902 	46.227695 	93.744331 	5.830952 	5.385165 	64.031242 	40.311287 	45.221676 	4.000000 	44.271889 	4.123106 	62.641838 	32.557640 	115.762688 	99.045441 	126.657021 	2.000000 	1.000000 	47.169907 	41.109608 	999.000000 	62.297672 	93.407707 	50.695168 	120.739388 	
137.974640 	75.000000 	72.422371 	142.842575 	169.452057 	69.892776 	71.561165 	74.625732 	67.742157 	97.082436 	102.649887 	39.395432 	72.201111 	75.292763 	105.118980 	64.412735 	57.245087 	167.836227 	104.009613 	171.493439 	100.169853 	104.307236 	148.070923 	58.694122 	58.309521 	5.000000 	99.849884 	17.088007 	63.694584 	18.027756 	58.872746 	2.236068 	93.021500 	168.291412 	153.808319 	177.654160 	60.406952 	62.625874 	15.297058 	101.533249 	62.297672 	999.000000 	149.305054 	12.041595 	173.242599 	
23.086792 	74.411018 	77.155685 	17.888544 	40.521599 	79.931221 	78.492035 	75.663727 	82.734512 	53.075417 	47.423622 	115.602768 	78.517517 	75.742989 	45.453274 	87.045967 	94.069122 	31.257000 	47.010635 	35.128338 	51.400391 	47.201694 	6.403124 	94.260277 	95.015785 	149.201202 	53.535034 	133.206604 	90.271812 	132.457535 	95.131485 	148.838837 	61.587337 	25.179358 	7.000000 	37.215588 	94.641426 	92.617493 	135.948517 	53.712196 	93.407707 	149.305054 	999.000000 	139.517029 	29.614185 	
129.321304 	65.115280 	62.369865 	133.958954 	161.471359 	59.665737 	61.220913 	64.202805 	57.201397 	86.833176 	92.455391 	35.227829 	61.611687 	64.637451 	94.810333 	53.535034 	46.324940 	159.298462 	93.600212 	163.049072 	89.627007 	93.813644 	138.600143 	47.413078 	46.957428 	15.297058 	89.044930 	6.403124 	52.325901 	7.071068 	47.423622 	13.038404 	81.987801 	159.289047 	144.277512 	169.008881 	48.846699 	51.078373 	3.605551 	90.553848 	50.695168 	12.041595 	139.517029 	999.000000 	164.268066 	
35.608986 	99.639351 	102.615791 	30.413813 	19.723083 	105.603027 	104.403069 	101.833199 	108.811768 	79.924965 	74.431175 	137.131317 	104.861816 	102.342560 	72.945183 	113.463654 	120.208153 	10.198039 	74.706093 	10.816654 	79.177017 	75.133217 	27.313000 	120.929733 	121.757957 	172.586212 	81.859634 	157.876541 	117.345642 	157.206863 	122.036880 	172.539856 	89.899948 	5.000000 	22.803509 	8.246211 	121.794907 	119.887444 	160.776245 	82.462112 	120.739388 	173.242599 	29.614185 	164.268066 	999.000000 	

Travel time:
9.000000 	1.637834 	1.715007 	0.152069 	0.845946 	1.792345 	1.767767 	1.710629 	1.879495 	1.202081 	1.079352 	2.538331 	1.788854 	1.733854 	1.064483 	2.001562 	2.161308 	0.750000 	1.113833 	0.845946 	1.220912 	1.134956 	0.431567 	2.191461 	2.213736 	3.429468 	1.311726 	3.072967 	2.114533 	3.057164 	2.225000 	3.430197 	1.500417 	0.770146 	0.550000 	0.992472 	2.226264 	2.183031 	3.146923 	1.353699 	2.205958 	3.449366 	0.577170 	3.233033 	0.890225 	
1.637834 	9.000000 	0.079057 	1.740869 	2.470956 	0.158114 	0.150000 	0.145774 	0.254951 	0.559017 	0.694622 	1.122776 	0.206155 	0.215058 	0.760345 	0.382426 	0.525595 	2.385372 	0.738664 	2.483068 	0.656220 	0.752080 	1.838818 	0.570088 	0.594243 	1.879162 	0.682367 	1.469906 	0.525595 	1.451293 	0.612882 	1.865811 	0.579871 	2.366036 	1.979899 	2.621545 	0.629484 	0.600521 	1.538871 	0.751665 	0.625500 	1.875000 	1.860276 	1.627882 	2.490984 	
1.715007 	0.079057 	9.000000 	1.816762 	2.549142 	0.079057 	0.079057 	0.111803 	0.176777 	0.617454 	0.755811 	1.085415 	0.145774 	0.180278 	0.818917 	0.304138 	0.447214 	2.461961 	0.794119 	2.559907 	0.705780 	0.805062 	1.910497 	0.491172 	0.515388 	1.817966 	0.721543 	1.402007 	0.450000 	1.382932 	0.534439 	1.802776 	0.600000 	2.440415 	2.050914 	2.697453 	0.552268 	0.525000 	1.469906 	0.785016 	0.550000 	1.810559 	1.928892 	1.559247 	2.565395 	
0.152069 	1.740869 	1.816762 	9.000000 	0.785016 	1.892914 	1.865643 	1.805028 	1.976898 	1.276959 	1.147007 	2.670674 	1.882319 	1.823630 	1.123054 	2.096575 	2.260669 	0.648556 	1.171004 	0.749166 	1.281113 	1.188486 	0.292617 	2.285416 	2.307054 	3.554311 	1.364276 	3.189044 	2.202981 	3.172637 	2.316517 	3.553256 	1.559046 	0.637377 	0.400780 	0.880696 	2.314763 	2.269637 	3.262093 	1.397542 	2.291970 	3.571064 	0.447214 	3.348974 	0.760345 	
0.845946 	2.470956 	2.549142 	0.785016 	9.000000 	2.627380 	2.605403 	2.551103 	2.717191 	2.047712 	1.923051 	3.291087 	2.629757 	2.576941 	1.903943 	2.840885 	2.996352 	0.265754 	1.952562 	0.223607 	2.061553 	1.971357 	0.887764 	3.031192 	3.053891 	4.206023 	2.147673 	3.877016 	2.957723 	3.862722 	3.066350 	4.212852 	2.340539 	0.494975 	0.845946 	0.378319 	3.069304 	3.026962 	3.952847 	2.182458 	3.050102 	4.236301 	1.013040 	4.036784 	0.493077 	
1.792345 	0.158114 	0.079057 	1.892914 	2.627380 	9.000000 	0.050000 	0.127475 	0.100000 	0.680074 	0.820061 	1.052675 	0.111803 	0.176777 	0.880696 	0.226385 	0.369121 	2.538701 	0.853302 	2.636878 	0.760345 	0.862047 	1.982738 	0.412311 	0.436606 	1.758195 	0.766893 	1.335337 	0.375832 	1.315770 	0.456207 	1.741049 	0.629484 	2.515079 	2.122499 	2.773536 	0.475657 	0.450694 	1.402007 	0.824621 	0.475657 	1.747319 	1.998281 	1.491643 	2.640076 	
1.767767 	0.150000 	0.079057 	1.865643 	2.605403 	0.050000 	9.000000 	0.079057 	0.111803 	0.640312 	0.781025 	1.102554 	0.070711 	0.127475 	0.840015 	0.237171 	0.395285 	2.512469 	0.811249 	2.611154 	0.716327 	0.818917 	1.949679 	0.427200 	0.450694 	1.801735 	0.719809 	1.375000 	0.375832 	1.355083 	0.467039 	1.783606 	0.579871 	2.485080 	2.088660 	2.745906 	0.480885 	0.450694 	1.440703 	0.776209 	0.475657 	1.789029 	1.962301 	1.530523 	2.610077 	
1.710629 	0.145774 	0.111803 	1.805028 	2.551103 	0.127475 	0.079057 	9.000000 	0.176777 	0.566789 	0.707990 	1.179248 	0.079057 	0.070711 	0.765261 	0.291548 	0.460977 	2.452805 	0.735272 	2.552083 	0.638847 	0.742041 	1.882153 	0.480885 	0.503115 	1.879495 	0.640800 	1.450216 	0.412311 	1.430035 	0.515388 	1.860779 	0.502494 	2.420873 	2.020211 	2.684446 	0.522015 	0.485412 	1.515132 	0.697316 	0.509902 	1.865643 	1.891593 	1.605070 	2.545830 	
1.879495 	0.254951 	0.176777 	1.976898 	2.717191 	0.100000 	0.111803 	0.176777 	9.000000 	0.743303 	0.884590 	1.050297 	0.111803 	0.190394 	0.941076 	0.127475 	0.285044 	2.623928 	0.910014 	2.722705 	0.811249 	0.915492 	2.058215 	0.316228 	0.340037 	1.710629 	0.805062 	1.275980 	0.276134 	1.255488 	0.357946 	1.690044 	0.649038 	2.595308 	2.196588 	2.857009 	0.375832 	0.350892 	1.340009 	0.854400 	0.375832 	1.693554 	2.068363 	1.430035 	2.720294 	
1.202081 	0.559017 	0.617454 	1.276959 	2.047712 	0.680074 	0.640312 	0.566789 	0.743303 	9.000000 	0.141421 	1.669019 	0.636396 	0.566789 	0.201556 	0.849264 	1.025305 	1.924188 	0.182003 	2.025617 	0.134629 	0.201556 	1.325236 	1.030776 	1.050297 	2.435416 	0.230489 	2.015099 	0.936082 	1.995307 	1.055047 	2.419969 	0.333542 	1.873666 	1.460308 	2.147091 	1.047020 	0.999062 	2.081015 	0.320156 	1.020416 	2.427061 	1.326885 	2.170829 	1.998124 	
1.079352 	0.694622 	0.755811 	1.147007 	1.923051 	0.820061 	0.781025 	0.707990 	0.884590 	0.141421 	9.000000 	1.794610 	0.777817 	0.707990 	0.075000 	0.990581 	1.166726 	1.792345 	0.090139 	1.894235 	0.152069 	0.125000 	1.185854 	1.171538 	1.190850 	2.573179 	0.261008 	2.155371 	1.075291 	2.135708 	1.195042 	2.558564 	0.425735 	1.736555 	1.320038 	2.012461 	1.185854 	1.137157 	2.221627 	0.335410 	1.158123 	2.566247 	1.185591 	2.311385 	1.860779 	
2.538331 	1.122776 	1.085415 	2.670674 	3.291087 	1.052675 	1.102554 	1.179248 	1.050297 	1.669019 	1.794610 	9.000000 	1.150272 	1.226020 	1.865811 	1.035918 	0.910014 	3.272709 	1.851013 	3.359501 	1.776584 	1.868154 	2.836040 	1.004054 	1.012423 	0.930390 	1.804508 	0.750000 	1.116076 	0.750417 	1.044629 	0.950329 	1.681703 	3.307000 	2.981715 	3.521452 	1.100284 	1.138530 	0.825379 	1.870328 	1.147007 	0.984886 	2.890069 	0.880696 	3.428283 	
1.788854 	0.206155 	0.145774 	1.882319 	2.629757 	0.111803 	0.070711 	0.079057 	0.111803 	0.636396 	0.777817 	1.150272 	9.000000 	0.079057 	0.832541 	0.215058 	0.388909 	2.530316 	0.800391 	2.629757 	0.700446 	0.805062 	1.956080 	0.403113 	0.425000 	1.822430 	0.693271 	1.386768 	0.333542 	1.366108 	0.436606 	1.801735 	0.539676 	2.496623 	2.093442 	2.761340 	0.443001 	0.406971 	1.450216 	0.743303 	0.431567 	1.805028 	1.962938 	1.540292 	2.621545 	
1.733854 	0.215058 	0.180278 	1.823630 	2.576941 	0.176777 	0.127475 	0.070711 	0.190394 	0.566789 	0.707990 	1.226020 	0.079057 	9.000000 	0.760345 	0.282843 	0.460977 	2.472094 	0.726722 	2.572086 	0.625000 	0.730154 	1.890106 	0.465027 	0.485412 	1.900658 	0.614919 	1.463087 	0.380789 	1.442220 	0.493077 	1.879495 	0.460977 	2.433747 	2.026388 	2.701157 	0.492443 	0.450694 	1.525820 	0.664266 	0.474342 	1.882319 	1.893575 	1.615936 	2.558564 	
1.064483 	0.760345 	0.818917 	1.123054 	1.903943 	0.880696 	0.840015 	0.765261 	0.941076 	0.201556 	0.075000 	1.865811 	0.832541 	0.760345 	9.000000 	1.043132 	1.220912 	1.764405 	0.050000 	1.866815 	0.158114 	0.079057 	1.144825 	1.220912 	1.239455 	2.636878 	0.250000 	2.215006 	1.120547 	2.195023 	1.241974 	2.621188 	0.436606 	1.700000 	1.275980 	1.980057 	1.230091 	1.180042 	2.280351 	0.309233 	1.200260 	2.627975 	1.136332 	2.370258 	1.823630 	
2.001562 	0.382426 	0.304138 	2.096575 	2.840885 	0.226385 	0.237171 	0.291548 	0.127475 	0.849264 	0.990581 	1.035918 	0.215058 	0.282843 	1.043132 	9.000000 	0.180278 	2.744312 	1.009022 	2.843524 	0.905883 	1.011496 	2.170829 	0.190394 	0.213600 	1.634778 	0.887764 	1.187697 	0.158114 	1.166190 	0.230489 	1.610124 	0.715891 	2.711665 	2.307867 	2.975945 	0.250000 	0.230489 	1.248249 	0.928036 	0.254951 	1.610318 	2.176149 	1.338376 	2.836591 	
2.161308 	0.525595 	0.447214 	2.260669 	2.996352 	0.369121 	0.395285 	0.460977 	0.285044 	1.025305 	1.166726 	0.910014 	0.388909 	0.460977 	1.220912 	0.180278 	9.000000 	2.907103 	1.187697 	3.005516 	1.085415 	1.190850 	2.343075 	0.106066 	0.125000 	1.457738 	1.068001 	1.007782 	0.206155 	0.986154 	0.160078 	1.431782 	0.894427 	2.880213 	2.481179 	3.141059 	0.212132 	0.235850 	1.068001 	1.107362 	0.250000 	1.431127 	2.351728 	1.158123 	3.005204 	
0.750000 	2.385372 	2.461961 	0.648556 	0.265754 	2.538701 	2.512469 	2.452805 	2.623928 	1.924188 	1.792345 	3.272709 	2.530316 	2.472094 	1.764405 	2.744312 	2.907103 	9.000000 	1.811249 	0.103078 	1.922401 	1.826369 	0.675463 	2.933428 	2.955186 	4.173278 	2.000156 	3.822385 	2.851535 	3.806737 	2.964899 	4.175673 	2.198010 	0.230489 	0.608276 	0.250000 	2.963317 	2.918154 	3.896553 	2.026080 	2.940451 	4.195906 	0.781425 	3.982461 	0.254951 	
1.113833 	0.738664 	0.794119 	1.171004 	1.952562 	0.853302 	0.811249 	0.735272 	0.910014 	0.182003 	0.090139 	1.851013 	0.800391 	0.726722 	0.050000 	1.009022 	1.187697 	1.811249 	9.000000 	1.913766 	0.111803 	0.035355 	1.187697 	1.184536 	1.202601 	2.611154 	0.200000 	2.185463 	1.081954 	2.165208 	1.204159 	2.594345 	0.388104 	1.744276 	1.317431 	2.025617 	1.190850 	1.140175 	2.250000 	0.261008 	1.160011 	2.600240 	1.175266 	2.340005 	1.867652 	
0.845946 	2.483068 	2.559907 	0.749166 	0.223607 	2.636878 	2.611154 	2.552083 	2.722705 	2.025617 	1.894235 	3.359501 	2.629757 	2.572086 	1.866815 	2.843524 	3.005516 	0.103078 	1.913766 	9.000000 	2.024846 	1.929054 	0.776611 	3.032841 	3.054709 	4.263288 	2.102974 	3.916152 	2.951800 	3.900721 	3.064719 	4.266512 	2.300679 	0.291548 	0.704006 	0.182003 	3.063597 	3.018692 	3.990614 	2.129114 	3.041073 	4.287336 	0.878208 	4.076227 	0.270416 	
1.220912 	0.656220 	0.705780 	1.281113 	2.061553 	0.760345 	0.716327 	0.638847 	0.811249 	0.134629 	0.152069 	1.776584 	0.700446 	0.625000 	0.158114 	0.905883 	1.085415 	1.922401 	0.111803 	2.024846 	9.000000 	0.106066 	1.299279 	1.078483 	1.096016 	2.518060 	0.111803 	2.087163 	0.973717 	2.066549 	1.096586 	2.499625 	0.279509 	1.856071 	1.428504 	2.137317 	1.081954 	1.030776 	2.150581 	0.195256 	1.050297 	2.504246 	1.285010 	2.240675 	1.979425 	
1.134956 	0.752080 	0.805062 	1.188486 	1.971357 	0.862047 	0.818917 	0.742041 	0.915492 	0.201556 	0.125000 	1.868154 	0.805062 	0.730154 	0.079057 	1.011496 	1.190850 	1.826369 	0.035355 	1.929054 	0.106066 	9.000000 	1.197132 	1.184536 	1.202081 	2.620234 	0.176777 	2.191461 	1.079641 	2.170973 	1.202601 	2.602523 	0.371652 	1.755349 	1.325000 	2.038535 	1.187697 	1.136332 	2.255271 	0.230489 	1.155692 	2.607681 	1.180042 	2.345341 	1.878330 	
0.431567 	1.838818 	1.910497 	0.292617 	0.887764 	1.982738 	1.949679 	1.882153 	2.058215 	1.325236 	1.185854 	2.836040 	1.956080 	1.890106 	1.144825 	2.170829 	2.343075 	0.675463 	1.187697 	0.776611 	1.299279 	1.197132 	9.000000 	2.355048 	2.375000 	3.693914 	1.364047 	3.306150 	2.261084 	3.288237 	2.380257 	3.687818 	1.565248 	0.561805 	0.145774 	0.855132 	2.371708 	2.322849 	3.376481 	1.378858 	2.343608 	3.701773 	0.160078 	3.465003 	0.682825 	
2.191461 	0.570088 	0.491172 	2.285416 	3.031192 	0.412311 	0.427200 	0.480885 	0.316228 	1.030776 	1.171538 	1.004054 	0.403113 	0.465027 	1.220912 	0.190394 	0.106066 	2.933428 	1.184536 	3.032841 	1.078483 	1.184536 	2.355048 	9.000000 	0.025000 	1.502082 	1.050297 	1.040733 	0.127475 	1.017964 	0.055902 	1.471819 	0.866747 	2.898383 	2.490984 	3.164253 	0.106066 	0.134629 	1.095730 	1.081665 	0.145774 	1.467353 	2.356507 	1.185327 	3.023243 	
2.213736 	0.594243 	0.515388 	2.307054 	3.053891 	0.436606 	0.450694 	0.503115 	0.340037 	1.050297 	1.190850 	1.012423 	0.425000 	0.485412 	1.239455 	0.213600 	0.125000 	2.955186 	1.202601 	3.054709 	1.096016 	1.202081 	2.375000 	0.025000 	9.000000 	1.494365 	1.065950 	1.030776 	0.134629 	1.007782 	0.035355 	1.463087 	0.880696 	2.919118 	2.510602 	3.185612 	0.090139 	0.127475 	1.084551 	1.095730 	0.134629 	1.457738 	2.375395 	1.173936 	3.043949 	
3.429468 	1.879162 	1.817966 	3.554311 	4.206023 	1.758195 	1.801735 	1.879495 	1.710629 	2.435416 	2.573179 	0.930390 	1.822430 	1.900658 	2.636878 	1.634778 	1.457738 	4.173278 	2.611154 	4.263288 	2.518060 	2.620234 	3.693914 	1.502082 	1.494365 	9.000000 	2.515577 	0.477624 	1.628650 	0.502494 	1.511001 	0.070711 	2.350532 	4.191435 	3.838131 	4.419983 	1.552418 	1.607210 	0.450694 	2.561494 	1.600781 	0.125000 	3.730030 	0.382426 	4.314655 	
1.311726 	0.682367 	0.721543 	1.364276 	2.147673 	0.766893 	0.719809 	0.640800 	0.805062 	0.230489 	0.261008 	1.804508 	0.693271 	0.614919 	0.250000 	0.887764 	1.068001 	2.000156 	0.200000 	2.102974 	0.111803 	0.176777 	1.364047 	1.050297 	1.065950 	2.515577 	9.000000 	2.075151 	0.938416 	2.053807 	1.063015 	2.494118 	0.201556 	1.924188 	1.488497 	2.209779 	1.043132 	0.989950 	2.136001 	0.090139 	1.007782 	2.496247 	1.338376 	2.226123 	2.046491 	
3.072967 	1.469906 	1.402007 	3.189044 	3.877016 	1.335337 	1.375000 	1.450216 	1.275980 	2.015099 	2.155371 	0.750000 	1.386768 	1.463087 	2.215006 	1.187697 	1.007782 	3.822385 	2.185463 	3.916152 	2.087163 	2.191461 	3.306150 	1.040733 	1.030776 	0.477624 	2.075151 	9.000000 	1.165386 	0.025000 	1.044629 	0.436606 	1.901480 	3.822467 	3.448278 	4.065172 	1.083109 	1.138530 	0.079057 	2.114976 	1.130542 	0.427200 	3.330165 	0.160078 	3.946913 	
2.114533 	0.525595 	0.450000 	2.202981 	2.957723 	0.375832 	0.375832 	0.412311 	0.276134 	0.936082 	1.075291 	1.116076 	0.333542 	0.380789 	1.120547 	0.158114 	0.206155 	2.851535 	1.081954 	2.951800 	0.973717 	1.079641 	2.261084 	0.127475 	0.134629 	1.628650 	0.938416 	1.165386 	9.000000 	1.142366 	0.125000 	1.597655 	0.750000 	2.809026 	2.395047 	3.079164 	0.111803 	0.075000 	1.218862 	0.965013 	0.100000 	1.592365 	2.256795 	1.308148 	2.933641 	
3.057164 	1.451293 	1.382932 	3.172637 	3.862722 	1.315770 	1.355083 	1.430035 	1.255488 	1.995307 	2.135708 	0.750417 	1.366108 	1.442220 	2.195023 	1.166190 	0.986154 	3.806737 	2.165208 	3.900721 	2.066549 	2.170973 	3.288237 	1.017964 	1.007782 	0.502494 	2.053807 	0.025000 	1.142366 	9.000000 	1.021335 	0.460977 	1.879495 	3.805670 	3.430197 	4.049228 	1.059481 	1.114955 	0.090139 	2.093144 	1.106797 	0.450694 	3.311438 	0.176777 	3.930171 	
2.225000 	0.612882 	0.534439 	2.316517 	3.066350 	0.456207 	0.467039 	0.515388 	0.357946 	1.055047 	1.195042 	1.044629 	0.436606 	0.493077 	1.241974 	0.230489 	0.160078 	2.964899 	1.204159 	3.064719 	1.096586 	1.202601 	2.380257 	0.055902 	0.035355 	1.511001 	1.063015 	1.044629 	0.125000 	1.021335 	9.000000 	1.478386 	0.875000 	2.926175 	2.515079 	3.194233 	0.055902 	0.100000 	1.096586 	1.090011 	0.103078 	1.471819 	2.378287 	1.185591 	3.050922 	
3.430197 	1.865811 	1.802776 	3.553256 	4.212852 	1.741049 	1.783606 	1.860779 	1.690044 	2.419969 	2.558564 	0.950329 	1.801735 	1.879495 	2.621188 	1.610124 	1.431782 	4.175673 	2.594345 	4.266512 	2.499625 	2.602523 	3.687818 	1.471819 	1.463087 	0.070711 	2.494118 	0.436606 	1.597655 	0.460977 	1.478386 	9.000000 	2.325941 	4.189943 	3.831612 	4.421679 	1.518223 	1.573412 	0.400780 	2.537962 	1.566046 	0.055902 	3.720971 	0.325960 	4.313497 	
1.500417 	0.579871 	0.600000 	1.559046 	2.340539 	0.629484 	0.579871 	0.502494 	0.649038 	0.333542 	0.425735 	1.681703 	0.539676 	0.460977 	0.436606 	0.715891 	0.894427 	2.198010 	0.388104 	2.300679 	0.279509 	0.371652 	1.565248 	0.866747 	0.880696 	2.350532 	0.201556 	1.901480 	0.750000 	1.879495 	0.875000 	2.325941 	9.000000 	2.125000 	1.690044 	2.409616 	0.851469 	0.797261 	1.959751 	0.215058 	0.813941 	2.325537 	1.539683 	2.049695 	2.247499 	
0.770146 	2.366036 	2.440415 	0.637377 	0.494975 	2.515079 	2.485080 	2.420873 	2.595308 	1.873666 	1.736555 	3.307000 	2.496623 	2.433747 	1.700000 	2.711665 	2.880213 	0.230489 	1.744276 	0.291548 	1.856071 	1.755349 	0.561805 	2.898383 	2.919118 	4.191435 	1.924188 	3.822467 	2.809026 	3.805670 	2.926175 	4.189943 	2.125000 	9.000000 	0.456207 	0.301040 	2.920295 	2.872716 	3.894868 	1.940522 	2.894067 	4.207285 	0.629484 	3.982226 	0.125000 	
0.550000 	1.979899 	2.050914 	0.400780 	0.845946 	2.122499 	2.088660 	2.020211 	2.196588 	1.460308 	1.320038 	2.981715 	2.093442 	2.026388 	1.275980 	2.307867 	2.481179 	0.608276 	1.317431 	0.704006 	1.428504 	1.325000 	0.145774 	2.490984 	2.510602 	3.838131 	1.488497 	3.448278 	2.395047 	3.430197 	2.515079 	3.831612 	1.690044 	0.456207 	9.000000 	0.756637 	2.505244 	2.455733 	3.518256 	1.498332 	2.476136 	3.845208 	0.175000 	3.606938 	0.570088 	
0.992472 	2.621545 	2.697453 	0.880696 	0.378319 	2.773536 	2.745906 	2.684446 	2.857009 	2.147091 	2.012461 	3.521452 	2.761340 	2.701157 	1.980057 	2.975945 	3.141059 	0.250000 	2.025617 	0.182003 	2.137317 	2.038535 	0.855132 	3.164253 	3.185612 	4.419983 	2.209779 	4.065172 	3.079164 	4.049228 	3.194233 	4.421679 	2.409616 	0.301040 	0.756637 	9.000000 	3.190807 	3.144539 	4.138916 	2.229910 	3.166425 	4.441354 	0.930390 	4.225222 	0.206155 	
2.226264 	0.629484 	0.552268 	2.314763 	3.069304 	0.475657 	0.480885 	0.522015 	0.375832 	1.047020 	1.185854 	1.100284 	0.443001 	0.492443 	1.230091 	0.250000 	0.212132 	2.963317 	1.190850 	3.063597 	1.081954 	1.187697 	2.371708 	0.106066 	0.090139 	1.552418 	1.043132 	1.083109 	0.111803 	1.059481 	0.055902 	1.518223 	0.851469 	2.920295 	2.505244 	3.190807 	9.000000 	0.055902 	1.132751 	1.065950 	0.050000 	1.510174 	2.366036 	1.221167 	3.044873 	
2.183031 	0.600521 	0.525000 	2.269637 	3.026962 	0.450694 	0.450694 	0.485412 	0.350892 	0.999062 	1.137157 	1.138530 	0.406971 	0.450694 	1.180042 	0.230489 	0.235850 	2.918154 	1.140175 	3.018692 	1.030776 	1.136332 	2.322849 	0.134629 	0.127475 	1.607210 	0.989950 	1.138530 	0.075000 	1.114955 	0.100000 	1.573412 	0.797261 	2.872716 	2.455733 	3.144539 	0.055902 	9.000000 	1.188486 	1.011496 	0.025000 	1.565647 	2.315437 	1.276959 	2.997186 	
