Total assets = 620
Number of asset nodes = 33

Distance:
999.000000 	70.576202 	44.821869 	49.678970 	68.000000 	47.201694 	12.369317 	48.010414 	30.610456 	37.643059 	8.062258 	88.729927 	116.284134 	113.740936 	79.605278 	52.009613 	76.941536 	111.220505 	16.124516 	13.038404 	116.811813 	50.328918 	114.825958 	53.263496 	112.329872 	74.431175 	16.763054 	90.686272 	25.179358 	47.381432 	76.661591 	15.811388 	69.892776 	93.509361 	57.489128 	27.166155 	110.208893 	52.345009 	20.615528 	20.880613 	19.697716 	19.235384 	47.507893 	55.865910 	
70.576202 	999.000000 	114.061386 	118.595955 	9.219544 	116.726173 	81.043198 	117.618027 	98.112183 	104.957130 	76.967529 	154.201172 	177.496475 	175.413803 	12.083046 	25.961510 	11.180340 	173.358017 	85.164543 	79.075912 	178.213348 	29.120440 	176.867188 	26.570660 	174.828491 	13.152946 	84.403793 	156.604599 	95.210297 	32.984844 	14.000000 	80.603973 	16.124516 	159.402008 	25.059929 	97.123634 	173.657715 	30.083218 	88.294960 	88.073830 	85.702972 	84.528099 	36.687874 	29.529646 	
44.821869 	114.061386 	999.000000 	5.000000 	112.361023 	3.000000 	38.600517 	4.000000 	16.492422 	11.045361 	37.443291 	45.650848 	75.610847 	72.801102 	123.822456 	96.829750 	121.264175 	70.007141 	35.510563 	42.438190 	75.960518 	95.131485 	73.539108 	98.081596 	70.774292 	118.983192 	38.078865 	47.169907 	26.925823 	92.097771 	121.202309 	43.046486 	114.621117 	49.929951 	102.303467 	26.248810 	67.977936 	97.082436 	36.249138 	37.161808 	39.812057 	41.146080 	91.934761 	100.568382 	
49.678970 	118.595955 	5.000000 	999.000000 	117.046997 	4.000000 	43.600460 	4.123106 	20.615528 	14.317822 	42.201897 	40.706264 	70.837845 	68.007355 	128.471786 	101.671036 	125.936493 	65.192024 	40.496914 	47.434166 	71.168816 	100.004997 	68.709534 	102.941734 	65.924202 	123.709335 	43.046486 	42.190044 	31.780497 	97.000000 	125.924583 	48.020828 	119.402679 	44.944408 	107.168091 	31.016125 	63.071388 	101.980392 	41.146080 	42.047592 	44.721359 	46.065170 	96.876213 	105.475113 	
68.000000 	9.219544 	112.361023 	117.046997 	999.000000 	114.908661 	77.620872 	115.762688 	96.834908 	103.812332 	74.946648 	153.912308 	178.331146 	176.139145 	11.704700 	19.000000 	8.944272 	173.971268 	81.706795 	75.272835 	179.011169 	22.022715 	177.519012 	19.104973 	175.368179 	7.211102 	80.653580 	156.204987 	91.923882 	26.019224 	9.219544 	76.537575 	7.280110 	159.022018 	16.763054 	93.776329 	173.971268 	22.360680 	84.433403 	84.118965 	81.608826 	80.361679 	29.274563 	21.189621 	
47.201694 	116.726173 	3.000000 	4.000000 	114.908661 	999.000000 	40.459858 	1.000000 	19.416489 	14.035668 	39.962482 	44.283180 	74.632431 	71.784401 	126.400162 	99.201813 	123.822456 	68.949257 	37.202152 	44.204071 	74.946648 	97.452553 	72.449982 	100.424103 	69.641945 	121.490738 	39.661064 	45.650848 	28.178005 	94.366310 	123.713379 	44.654228 	117.068359 	48.373547 	104.637466 	27.313000 	66.708321 	99.357941 	37.589893 	38.470768 	41.182522 	42.544094 	94.111633 	102.825096 	
12.369317 	81.043198 	38.600517 	43.600460 	77.620872 	40.459858 	999.000000 	41.109608 	27.892651 	34.176014 	12.806249 	84.059502 	113.159180 	110.462662 	89.319649 	60.415230 	86.539009 	107.782188 	4.123106 	4.123106 	113.595772 	58.309521 	111.364265 	61.400326 	108.706024 	83.671982 	4.472136 	85.702972 	14.317822 	54.918121 	85.906929 	6.082763 	78.714676 	88.481636 	65.513359 	16.155495 	106.174385 	59.908264 	8.246211 	8.544003 	7.810250 	7.810250 	54.203320 	63.245552 	
48.010414 	117.618027 	4.000000 	4.123106 	115.762688 	1.000000 	41.109608 	999.000000 	20.396078 	15.033297 	40.816662 	43.863426 	74.330345 	71.470276 	127.263504 	100.000000 	124.679588 	68.622154 	37.802116 	44.821869 	74.632431 	98.234413 	72.111023 	101.212646 	69.289246 	122.331520 	40.224369 	45.177429 	28.653097 	95.131485 	124.555206 	45.221676 	117.889778 	47.885281 	105.422958 	27.730848 	66.309875 	100.124924 	38.078865 	38.948685 	41.677334 	43.046486 	94.847244 	103.585716 	
30.610456 	98.112183 	16.492422 	20.615528 	96.834908 	19.416489 	27.892651 	20.396078 	999.000000 	7.071068 	22.671568 	58.137768 	85.959290 	83.354668 	108.166542 	82.073135 	105.683487 	80.777473 	26.172504 	32.015621 	86.452301 	80.610176 	84.380089 	83.450584 	81.835197 	103.600197 	29.154760 	60.141499 	21.840330 	77.833153 	105.801704 	33.541019 	99.488693 	62.968246 	87.692642 	22.472204 	79.630394 	82.758682 	29.017237 	30.016663 	32.015621 	33.060551 	78.102493 	86.313385 	
37.643059 	104.957130 	11.045361 	14.317822 	103.812332 	14.035668 	34.176014 	15.033297 	7.071068 	999.000000 	29.732138 	51.088158 	79.177017 	76.537575 	115.108643 	89.140335 	112.645462 	73.925636 	32.015621 	38.275318 	79.649231 	87.681244 	77.524193 	90.520714 	74.946648 	110.602890 	34.928497 	53.075417 	26.019224 	84.899940 	112.800713 	39.560081 	106.526993 	55.901699 	94.762863 	26.172504 	72.670486 	89.827614 	34.234486 	35.227829 	37.483330 	38.639359 	85.146935 	93.380943 	
8.062258 	76.967529 	37.443291 	42.201897 	74.946648 	39.962482 	12.806249 	40.816662 	22.671568 	29.732138 	999.000000 	80.808418 	108.226616 	105.688217 	86.452301 	59.548298 	83.862984 	103.174606 	15.000000 	15.652476 	108.756607 	58.000000 	106.780151 	60.876926 	104.292854 	81.541397 	16.970562 	82.807007 	21.377558 	55.172459 	83.761566 	18.357559 	77.201035 	85.632935 	65.115280 	23.345236 	102.200783 	60.108234 	20.000000 	20.615528 	20.518284 	20.615528 	55.443665 	63.655323 	
88.729927 	154.201172 	45.650848 	40.706264 	153.912308 	44.283180 	84.059502 	43.863426 	58.137768 	51.088158 	80.808418 	999.000000 	31.257000 	28.284271 	164.924225 	140.014282 	162.606888 	25.317978 	81.123360 	87.982956 	31.400637 	138.657852 	28.635643 	141.449631 	25.709921 	160.863297 	83.725746 	3.000000 	72.449982 	135.948517 	163.027603 	88.684837 	157.079605 	5.385165 	145.691452 	71.589104 	22.472204 	140.858078 	81.841309 	82.734512 	85.422478 	86.769814 	136.235092 	144.422989 	
116.284134 	177.496475 	75.610847 	70.837845 	178.331146 	74.632431 	113.159180 	74.330345 	85.959290 	79.177017 	108.226616 	31.257000 	999.000000 	3.000000 	188.809433 	166.027100 	186.724396 	6.000000 	110.571243 	117.200684 	1.000000 	165.000000 	3.605551 	167.609665 	6.324555 	185.456192 	113.318138 	31.016125 	102.528046 	162.631485 	187.544662 	118.186295 	182.222397 	29.017237 	171.816757 	101.843018 	10.770329 	167.409683 	111.789978 	112.720894 	115.316956 	116.619041 	163.367691 	171.011688 	
113.740936 	175.413803 	72.801102 	68.007355 	176.139145 	71.784401 	110.462662 	71.470276 	83.354668 	76.537575 	105.688217 	28.284271 	3.000000 	999.000000 	186.676193 	163.670395 	184.567062 	3.000000 	107.837845 	114.494545 	3.162278 	162.609970 	2.000000 	165.239227 	3.605551 	183.251190 	110.571243 	28.017851 	99.724625 	160.206116 	185.348328 	115.451286 	179.961105 	26.019224 	169.452057 	99.020203 	8.062258 	165.000000 	109.004585 	109.931801 	112.538879 	113.846390 	160.897476 	168.600113 	
79.605278 	12.083046 	123.822456 	128.471786 	11.704700 	126.400162 	89.319649 	127.263504 	108.166542 	115.108643 	86.452301 	164.924225 	188.809433 	186.676193 	999.000000 	30.265491 	3.000000 	184.567062 	93.407707 	86.977005 	189.509888 	33.136082 	188.095718 	30.066593 	186.002686 	7.280110 	92.358002 	167.263260 	103.619499 	37.121422 	5.830952 	88.232651 	13.341664 	170.073517 	27.018513 	105.475113 	184.718704 	33.000000 	96.135323 	95.817535 	93.300591 	92.048897 	40.000000 	31.144823 	
52.009613 	25.961510 	96.829750 	101.671036 	19.000000 	99.201813 	60.415230 	100.000000 	82.073135 	89.140335 	59.548298 	140.014282 	166.027100 	163.670395 	30.265491 	999.000000 	27.294687 	161.335052 	64.412735 	57.697487 	166.643326 	3.162278 	164.924225 	2.000000 	162.606888 	23.769728 	63.071388 	142.130219 	74.706093 	7.071068 	25.961510 	58.694122 	18.384777 	144.958618 	5.830952 	76.478752 	160.863297 	5.000000 	66.708321 	66.309875 	63.694584 	62.393909 	10.770329 	7.071068 	
76.941536 	11.180340 	121.264175 	125.936493 	8.944272 	123.822456 	86.539009 	124.679588 	105.683487 	112.645462 	83.862984 	162.606888 	186.724396 	184.567062 	3.000000 	27.294687 	999.000000 	182.433548 	90.620087 	84.154617 	187.416641 	30.149628 	185.970428 	27.073973 	183.853195 	4.472136 	89.537704 	164.924225 	100.846420 	34.132095 	3.605551 	85.381500 	10.440307 	167.737885 	24.020824 	102.693718 	182.521225 	30.000000 	93.300591 	92.973114 	90.443352 	89.185204 	37.000000 	28.160255 	
111.220505 	173.358017 	70.007141 	65.192024 	173.971268 	68.949257 	107.782188 	68.622154 	80.777473 	73.925636 	103.174606 	25.317978 	6.000000 	3.000000 	184.567062 	161.335052 	182.433548 	999.000000 	105.118980 	111.803398 	6.082763 	160.240448 	3.605551 	162.889526 	2.000000 	181.069046 	107.837845 	25.019993 	96.932968 	157.800507 	183.174774 	112.729767 	177.721695 	23.021729 	167.107742 	96.208107 	5.656854 	162.609970 	106.230881 	107.154091 	109.772491 	111.085556 	158.445572 	166.207703 	
16.124516 	85.164543 	35.510563 	40.496914 	81.706795 	37.202152 	4.123106 	37.802116 	26.172504 	32.015621 	15.000000 	81.123360 	110.571243 	107.837845 	93.407707 	64.412735 	90.620087 	105.118980 	999.000000 	7.071068 	110.981979 	62.265560 	108.687622 	65.368187 	105.990562 	87.726852 	3.000000 	82.680107 	10.295630 	58.830265 	89.961105 	7.615773 	82.734512 	85.440041 	69.462219 	12.083046 	103.353760 	63.812225 	5.000000 	5.656854 	6.324555 	7.071068 	58.008621 	67.119293 	
13.038404 	79.075912 	42.438190 	47.434166 	75.272835 	44.204071 	4.123106 	44.821869 	32.015621 	38.275318 	15.652476 	87.982956 	117.200684 	114.494545 	86.977005 	57.697487 	84.154617 	111.803398 	7.071068 	999.000000 	117.630775 	55.470715 	115.381973 	58.591808 	112.712021 	81.154175 	5.385165 	89.587944 	17.204651 	51.971146 	83.384651 	2.828427 	76.059189 	92.358002 	62.649822 	18.867962 	110.145355 	56.938564 	9.219544 	9.055386 	7.071068 	6.324555 	51.039200 	60.207973 	
116.811813 	178.213348 	75.960518 	71.168816 	179.011169 	74.946648 	113.595772 	74.632431 	86.452301 	79.649231 	108.756607 	31.400637 	1.000000 	3.162278 	189.509888 	166.643326 	187.416641 	6.082763 	110.981979 	117.630775 	999.000000 	165.601929 	3.162278 	168.220093 	6.082763 	186.131668 	113.718948 	31.064449 	102.883430 	163.217651 	188.223267 	118.595955 	182.877014 	29.000000 	172.429703 	102.181213 	10.440307 	168.002975 	112.160599 	113.088463 	115.693558 	117.000000 	163.932907 	171.604202 	
50.328918 	29.120440 	95.131485 	100.004997 	22.022715 	97.452553 	58.309521 	98.234413 	80.610176 	87.681244 	58.000000 	138.657852 	165.000000 	162.609970 	33.136082 	3.162278 	30.149628 	160.240448 	62.265560 	55.470715 	165.601929 	999.000000 	163.835281 	3.162278 	161.483749 	26.476404 	60.827625 	140.730240 	72.560318 	4.000000 	28.635643 	56.364883 	20.880613 	143.558350 	7.211102 	74.303429 	159.665268 	3.000000 	64.404968 	63.976559 	61.326992 	60.008331 	7.615773 	6.324555 	
114.825958 	176.867188 	73.539108 	68.709534 	177.519012 	72.449982 	111.364265 	72.111023 	84.380089 	77.524193 	106.780151 	28.635643 	3.605551 	2.000000 	188.095718 	164.924225 	185.970428 	3.605551 	108.687622 	115.381973 	3.162278 	163.835281 	999.000000 	166.481232 	3.000000 	184.621231 	111.400177 	28.160255 	100.463921 	161.400131 	186.724396 	116.297035 	181.289825 	26.019224 	170.698563 	99.724625 	7.280110 	166.207703 	109.772491 	110.693268 	113.318138 	114.634201 	162.049377 	169.805771 	
53.263496 	26.570660 	98.081596 	102.941734 	19.104973 	100.424103 	61.400326 	101.212646 	83.450584 	90.520714 	60.876926 	141.449631 	167.609665 	165.239227 	30.066593 	2.000000 	27.073973 	162.889526 	65.368187 	58.591808 	168.220093 	3.162278 	166.481232 	999.000000 	164.149323 	23.345236 	63.953106 	143.544418 	75.663727 	7.071068 	25.495098 	59.506302 	17.720045 	146.372818 	4.242640 	77.414467 	162.373032 	3.605551 	67.542580 	67.119293 	64.474800 	63.158531 	10.198039 	5.099020 	
112.329872 	174.828491 	70.774292 	65.924202 	175.368179 	69.641945 	108.706024 	69.289246 	81.835197 	74.946648 	104.292854 	25.709921 	6.324555 	3.605551 	186.002686 	162.606888 	183.853195 	2.000000 	105.990562 	112.712021 	6.082763 	161.483749 	3.000000 	164.149323 	999.000000 	182.455475 	108.687622 	25.179358 	97.693398 	159.012573 	184.567062 	113.595772 	179.067032 	23.021729 	168.371613 	96.932968 	4.472136 	163.835281 	107.018692 	107.935165 	110.571243 	111.892807 	159.615158 	167.430588 	
74.431175 	13.152946 	118.983192 	123.709335 	7.211102 	121.490738 	83.671982 	122.331520 	103.600197 	110.602890 	81.541397 	160.863297 	185.456192 	183.251190 	7.280110 	23.769728 	4.472136 	181.069046 	87.726852 	81.154175 	186.131668 	26.476404 	184.621231 	23.345236 	182.455475 	999.000000 	86.539009 	163.131851 	97.989792 	30.413813 	2.236068 	82.280006 	6.082763 	165.951797 	20.024984 	99.809822 	181.024857 	26.076809 	90.249657 	89.888817 	87.315521 	86.034874 	33.060551 	24.020824 	
16.763054 	84.403793 	38.078865 	43.046486 	80.653580 	39.661064 	4.472136 	40.224369 	29.154760 	34.928497 	16.970562 	83.725746 	113.318138 	110.571243 	92.358002 	63.071388 	89.537704 	107.837845 	3.000000 	5.385165 	113.718948 	60.827625 	111.400177 	63.953106 	108.687622 	86.539009 	999.000000 	85.234970 	12.041595 	57.306194 	88.769363 	5.000000 	81.437096 	87.982956 	68.000000 	13.601471 	106.004715 	62.265560 	4.000000 	4.123106 	3.605551 	4.123106 	56.302753 	65.513359 	
90.686272 	156.604599 	47.169907 	42.190044 	156.204987 	45.650848 	85.702972 	45.177429 	60.141499 	53.075417 	82.807007 	3.000000 	31.016125 	28.017851 	167.263260 	142.130219 	164.924225 	25.019993 	82.680107 	89.587944 	31.064449 	140.730240 	28.160255 	143.544418 	25.179358 	163.131851 	85.234970 	999.000000 	73.824112 	137.974640 	165.302750 	90.210861 	159.289047 	2.828427 	147.787003 	72.897186 	21.587032 	142.898560 	83.240616 	84.118965 	86.833176 	88.192970 	138.191895 	146.454773 	
25.179358 	95.210297 	26.925823 	31.780497 	91.923882 	28.178005 	14.317822 	28.653097 	21.840330 	26.019224 	21.377558 	72.449982 	102.528046 	99.724625 	103.619499 	74.706093 	100.846420 	96.932968 	10.295630 	17.204651 	102.883430 	72.560318 	100.463921 	75.663727 	97.693398 	97.989792 	12.041595 	73.824112 	999.000000 	69.115845 	100.224747 	16.970562 	93.021500 	76.537575 	79.755875 	2.000000 	94.847244 	74.094536 	9.433981 	10.295630 	13.038404 	14.422205 	68.242218 	77.388626 	
47.381432 	32.984844 	92.097771 	97.000000 	26.019224 	94.366310 	54.918121 	95.131485 	77.833153 	84.899940 	55.172459 	135.948517 	162.631485 	160.206116 	37.121422 	7.071068 	34.132095 	157.800507 	58.830265 	51.971146 	163.217651 	4.000000 	161.400131 	7.071068 	159.012573 	30.413813 	57.306194 	137.974640 	69.115845 	999.000000 	32.557640 	52.773098 	24.738634 	140.801285 	10.770329 	70.830788 	157.114609 	5.000000 	60.827625 	60.373837 	57.697487 	56.364883 	4.242640 	8.485281 	
76.661591 	14.000000 	121.202309 	125.924583 	9.219544 	123.713379 	85.906929 	124.555206 	105.801704 	112.800713 	83.761566 	163.027603 	187.544662 	185.348328 	5.830952 	25.961510 	3.605551 	183.174774 	89.961105 	83.384651 	188.223267 	28.635643 	186.724396 	25.495098 	184.567062 	2.236068 	88.769363 	165.302750 	100.224747 	32.557640 	999.000000 	84.504440 	8.000000 	168.121979 	22.090721 	102.044106 	183.152939 	28.160255 	92.477028 	92.114059 	89.537704 	88.255310 	35.128338 	26.000000 	
15.811388 	80.603973 	43.046486 	48.020828 	76.537575 	44.654228 	6.082763 	45.221676 	33.541019 	39.560081 	18.357559 	88.684837 	118.186295 	115.451286 	88.232651 	58.694122 	85.381500 	112.729767 	7.615773 	2.828427 	118.595955 	56.364883 	116.297035 	59.506302 	113.595772 	82.280006 	5.000000 	90.210861 	16.970562 	52.773098 	84.504440 	999.000000 	77.077881 	92.962357 	63.505905 	18.439089 	110.941429 	57.706154 	8.062258 	7.615773 	5.099020 	4.000000 	51.623638 	60.901562 	
69.892776 	16.124516 	114.621117 	119.402679 	7.280110 	117.068359 	78.714676 	117.889778 	99.488693 	106.526993 	77.201035 	157.079605 	182.222397 	179.961105 	13.341664 	18.384777 	10.440307 	177.721695 	82.734512 	76.059189 	182.877014 	20.880613 	181.289825 	17.720045 	179.067032 	6.082763 	81.437096 	159.289047 	93.021500 	24.738634 	8.000000 	77.077881 	999.000000 	162.114151 	14.142136 	94.810333 	177.519012 	20.223749 	85.088188 	84.693565 	82.079231 	80.777473 	27.166155 	18.000000 	
93.509361 	159.402008 	49.929951 	44.944408 	159.022018 	48.373547 	88.481636 	47.885281 	62.968246 	55.901699 	85.632935 	5.385165 	29.017237 	26.019224 	170.073517 	144.958618 	167.737885 	23.021729 	85.440041 	92.358002 	29.000000 	143.558350 	26.019224 	146.372818 	23.021729 	165.951797 	87.982956 	2.828427 	76.537575 	140.801285 	168.121979 	92.962357 	162.114151 	999.000000 	150.615402 	75.591003 	19.235384 	145.725769 	85.959290 	86.833176 	89.554451 	90.917542 	141.014191 	149.281616 	
57.489128 	25.059929 	102.303467 	107.168091 	16.763054 	104.637466 	65.513359 	105.422958 	87.692642 	94.762863 	65.115280 	145.691452 	171.816757 	169.452057 	27.018513 	5.830952 	24.020824 	167.107742 	69.462219 	62.649822 	172.429703 	7.211102 	170.698563 	4.242640 	168.371613 	20.024984 	68.000000 	147.787003 	79.755875 	10.770329 	22.090721 	63.505905 	14.142136 	150.615402 	999.000000 	81.492332 	166.604324 	6.082763 	71.554176 	71.112587 	68.447060 	67.119293 	13.038404 	4.472136 	
27.166155 	97.123634 	26.248810 	31.016125 	93.776329 	27.313000 	16.155495 	27.730848 	22.472204 	26.172504 	23.345236 	71.589104 	101.843018 	99.020203 	105.475113 	76.478752 	102.693718 	96.208107 	12.083046 	18.867962 	102.181213 	74.303429 	99.724625 	77.414467 	96.932968 	99.809822 	13.601471 	72.897186 	2.000000 	70.830788 	102.044106 	18.439089 	94.810333 	75.591003 	81.492332 	999.000000 	94.021271 	75.802376 	10.630146 	11.401754 	14.212670 	15.620500 	69.892776 	79.075912 	
110.208893 	173.657715 	67.977936 	63.071388 	173.971268 	66.708321 	106.174385 	66.309875 	79.630394 	72.670486 	102.200783 	22.472204 	10.770329 	8.062258 	184.718704 	160.863297 	182.521225 	5.656854 	103.353760 	110.145355 	10.440307 	159.665268 	7.280110 	162.373032 	4.472136 	181.024857 	106.004715 	21.587032 	94.847244 	157.114609 	183.152939 	110.941429 	177.519012 	19.235384 	166.604324 	94.021271 	999.000000 	161.969131 	104.216118 	105.118980 	107.786827 	109.123779 	157.610275 	165.556641 	
52.345009 	30.083218 	97.082436 	101.980392 	22.360680 	99.357941 	59.908264 	100.124924 	82.758682 	89.827614 	60.108234 	140.858078 	167.409683 	165.000000 	33.000000 	5.000000 	30.000000 	162.609970 	63.812225 	56.938564 	168.002975 	3.000000 	166.207703 	3.605551 	163.835281 	26.076809 	62.265560 	142.898560 	74.094536 	5.000000 	28.160255 	57.706154 	20.223749 	145.725769 	6.082763 	75.802376 	161.969131 	999.000000 	65.764732 	65.299309 	62.609905 	61.269894 	7.000000 	3.605551 	
20.615528 	88.294960 	36.249138 	41.146080 	84.433403 	37.589893 	8.246211 	38.078865 	29.017237 	34.234486 	20.000000 	81.841309 	111.789978 	109.004585 	96.135323 	66.708321 	93.300591 	106.230881 	5.000000 	9.219544 	112.160599 	64.404968 	109.772491 	67.542580 	107.018692 	90.249657 	4.000000 	83.240616 	9.433981 	60.827625 	92.477028 	8.062258 	85.088188 	85.959290 	71.554176 	10.630146 	104.216118 	65.764732 	999.000000 	1.000000 	3.605551 	5.000000 	59.682495 	68.963760 	
20.880613 	88.073830 	37.161808 	42.047592 	84.118965 	38.470768 	8.544003 	38.948685 	30.016663 	35.227829 	20.615528 	82.734512 	112.720894 	109.931801 	95.817535 	66.309875 	92.973114 	107.154091 	5.656854 	9.055386 	113.088463 	63.976559 	110.693268 	67.119293 	107.935165 	89.888817 	4.123106 	84.118965 	10.295630 	60.373837 	92.114059 	7.615773 	84.693565 	86.833176 	71.112587 	11.401754 	105.118980 	65.299309 	1.000000 	999.000000 	2.828427 	4.242640 	59.169250 	68.476273 	
19.697716 	85.702972 	39.812057 	44.721359 	81.608826 	41.182522 	7.810250 	41.677334 	32.015621 	37.483330 	20.518284 	85.422478 	115.316956 	112.538879 	93.300591 	63.694584 	90.443352 	109.772491 	6.324555 	7.071068 	115.693558 	61.326992 	113.318138 	64.474800 	110.571243 	87.315521 	3.605551 	86.833176 	13.038404 	57.697487 	89.537704 	5.099020 	82.079231 	89.554451 	68.447060 	14.212670 	107.786827 	62.609905 	3.605551 	2.828427 	999.000000 	1.414214 	56.435802 	65.764732 	
19.235384 	84.528099 	41.146080 	46.065170 	80.361679 	42.544094 	7.810250 	43.046486 	33.060551 	38.639359 	20.615528 	86.769814 	116.619041 	113.846390 	92.048897 	62.393909 	89.185204 	111.085556 	7.071068 	6.324555 	117.000000 	60.008331 	114.634201 	63.158531 	111.892807 	86.034874 	4.123106 	88.192970 	14.422205 	56.364883 	88.255310 	4.000000 	80.777473 	90.917542 	67.119293 	15.620500 	109.123779 	61.269894 	5.000000 	4.242640 	1.414214 	999.000000 	55.072678 	64.412735 	
47.507893 	36.687874 	91.934761 	96.876213 	29.274563 	94.111633 	54.203320 	94.847244 	78.102493 	85.146935 	55.443665 	136.235092 	163.367691 	160.897476 	40.000000 	10.770329 	37.000000 	158.445572 	58.008621 	51.039200 	163.932907 	7.615773 	162.049377 	10.198039 	159.615158 	33.060551 	56.302753 	138.191895 	68.242218 	4.242640 	35.128338 	51.623638 	27.166155 	141.014191 	13.038404 	69.892776 	157.610275 	7.000000 	59.682495 	59.169250 	56.435802 	55.072678 	999.000000 	9.486833 	
55.865910 	29.529646 	100.568382 	105.475113 	21.189621 	102.825096 	63.245552 	103.585716 	86.313385 	93.380943 	63.655323 	144.422989 	171.011688 	168.600113 	31.144823 	7.071068 	28.160255 	166.207703 	67.119293 	60.207973 	171.604202 	6.324555 	169.805771 	5.099020 	167.430588 	24.020824 	65.513359 	146.454773 	77.388626 	8.485281 	26.000000 	60.901562 	18.000000 	149.281616 	4.472136 	79.075912 	165.556641 	3.605551 	68.963760 	68.476273 	65.764732 	64.412735 	9.486833 	999.000000 	

Travel time:
9.000000 	1.764405 	1.120547 	1.241974 	1.700000 	1.180042 	0.309233 	1.200260 	0.765261 	0.941076 	0.201556 	2.218248 	2.907103 	2.843524 	1.990132 	1.300240 	1.923538 	2.780513 	0.403113 	0.325960 	2.920295 	1.258223 	2.870649 	1.331587 	2.808247 	1.860779 	0.419076 	2.267157 	0.629484 	1.184536 	1.916540 	0.395285 	1.747319 	2.337734 	1.437228 	0.679154 	2.755222 	1.308625 	0.515388 	0.522015 	0.492443 	0.480885 	1.187697 	1.396648 	
1.764405 	9.000000 	2.851535 	2.964899 	0.230489 	2.918154 	2.026080 	2.940451 	2.452805 	2.623928 	1.924188 	3.855029 	4.437412 	4.385345 	0.302076 	0.649038 	0.279509 	4.333951 	2.129114 	1.976898 	4.455334 	0.728011 	4.421679 	0.664266 	4.370712 	0.328824 	2.110095 	3.915115 	2.380257 	0.824621 	0.350000 	2.015099 	0.403113 	3.985050 	0.626498 	2.428091 	4.341443 	0.752080 	2.207374 	2.201846 	2.142574 	2.113203 	0.917197 	0.738241 	
1.120547 	2.851535 	9.000000 	0.125000 	2.809026 	0.075000 	0.965013 	0.100000 	0.412311 	0.276134 	0.936082 	1.141271 	1.890271 	1.820028 	3.095562 	2.420744 	3.031604 	1.750179 	0.887764 	1.060955 	1.899013 	2.378287 	1.838478 	2.452040 	1.769357 	2.974580 	0.951972 	1.179248 	0.673146 	2.302444 	3.030058 	1.076162 	2.865528 	1.248249 	2.557587 	0.656220 	1.699448 	2.427061 	0.906228 	0.929045 	0.995301 	1.028652 	2.298369 	2.514210 	
1.241974 	2.964899 	0.125000 	9.000000 	2.926175 	0.100000 	1.090011 	0.103078 	0.515388 	0.357946 	1.055047 	1.017657 	1.770946 	1.700184 	3.211795 	2.541776 	3.148412 	1.629801 	1.012423 	1.185854 	1.779220 	2.500125 	1.717738 	2.573543 	1.648105 	3.092733 	1.076162 	1.054751 	0.794512 	2.425000 	3.148115 	1.200521 	2.985067 	1.123610 	2.679202 	0.775403 	1.576785 	2.549510 	1.028652 	1.051190 	1.118034 	1.151629 	2.421905 	2.636878 	
1.700000 	0.230489 	2.809026 	2.926175 	9.000000 	2.872716 	1.940522 	2.894067 	2.420873 	2.595308 	1.873666 	3.847808 	4.458279 	4.403479 	0.292617 	0.475000 	0.223607 	4.349282 	2.042670 	1.881821 	4.475279 	0.550568 	4.437975 	0.477624 	4.384204 	0.180278 	2.016340 	3.905125 	2.298097 	0.650481 	0.230489 	1.913439 	0.182003 	3.975550 	0.419076 	2.344408 	4.349282 	0.559017 	2.110835 	2.102974 	2.040221 	2.009042 	0.731864 	0.529741 	
1.180042 	2.918154 	0.075000 	0.100000 	2.872716 	9.000000 	1.011496 	0.025000 	0.485412 	0.350892 	0.999062 	1.107080 	1.865811 	1.794610 	3.160004 	2.480045 	3.095562 	1.723731 	0.930054 	1.105102 	1.873666 	2.436314 	1.811249 	2.510602 	1.741049 	3.037268 	0.991527 	1.141271 	0.704450 	2.359158 	3.092834 	1.116356 	2.926709 	1.209339 	2.615937 	0.682825 	1.667708 	2.483948 	0.939747 	0.961769 	1.029563 	1.063602 	2.352791 	2.570627 	
0.309233 	2.026080 	0.965013 	1.090011 	1.940522 	1.011496 	9.000000 	1.027740 	0.697316 	0.854400 	0.320156 	2.101488 	2.828979 	2.761567 	2.232991 	1.510381 	2.163475 	2.694555 	0.103078 	0.103078 	2.839894 	1.457738 	2.784107 	1.535008 	2.717651 	2.091799 	0.111803 	2.142574 	0.357946 	1.372953 	2.147673 	0.152069 	1.967867 	2.212041 	1.637834 	0.403887 	2.654360 	1.497707 	0.206155 	0.213600 	0.195256 	0.195256 	1.355083 	1.581139 	
1.200260 	2.940451 	0.100000 	0.103078 	2.894067 	0.025000 	1.027740 	9.000000 	0.509902 	0.375832 	1.020416 	1.096586 	1.858259 	1.786757 	3.181588 	2.500000 	3.116990 	1.715554 	0.945053 	1.120547 	1.865811 	2.455860 	1.802776 	2.530316 	1.732231 	3.058288 	1.005609 	1.129436 	0.716327 	2.378287 	3.113880 	1.130542 	2.947244 	1.197132 	2.635574 	0.693271 	1.657747 	2.503123 	0.951972 	0.973717 	1.041933 	1.076162 	2.371181 	2.589643 	
0.765261 	2.452805 	0.412311 	0.515388 	2.420873 	0.485412 	0.697316 	0.509902 	9.000000 	0.176777 	0.566789 	1.453444 	2.148982 	2.083867 	2.704164 	2.051828 	2.642087 	2.019437 	0.654313 	0.800391 	2.161308 	2.015254 	2.109502 	2.086265 	2.045880 	2.590005 	0.728869 	1.503537 	0.546008 	1.945829 	2.645043 	0.838525 	2.487217 	1.574206 	2.192316 	0.561805 	1.990760 	2.068967 	0.725431 	0.750417 	0.800391 	0.826514 	1.952562 	2.157835 	
0.941076 	2.623928 	0.276134 	0.357946 	2.595308 	0.350892 	0.854400 	0.375832 	0.176777 	9.000000 	0.743303 	1.277204 	1.979425 	1.913439 	2.877716 	2.228508 	2.816137 	1.848141 	0.800391 	0.956883 	1.991231 	2.192031 	1.938105 	2.263018 	1.873666 	2.765072 	0.873212 	1.326885 	0.650481 	2.122499 	2.820018 	0.989002 	2.663175 	1.397542 	2.369071 	0.654313 	1.816762 	2.245690 	0.855862 	0.880696 	0.937083 	0.965984 	2.128673 	2.334524 	
0.201556 	1.924188 	0.936082 	1.055047 	1.873666 	0.999062 	0.320156 	1.020416 	0.566789 	0.743303 	9.000000 	2.020211 	2.705665 	2.642205 	2.161308 	1.488707 	2.096575 	2.579365 	0.375000 	0.391312 	2.718915 	1.450000 	2.669504 	1.521923 	2.607321 	2.038535 	0.424264 	2.070175 	0.534439 	1.379311 	2.094039 	0.458939 	1.930026 	2.140823 	1.627882 	0.583631 	2.555020 	1.502706 	0.500000 	0.515388 	0.512957 	0.515388 	1.386092 	1.591383 	
2.218248 	3.855029 	1.141271 	1.017657 	3.847808 	1.107080 	2.101488 	1.096586 	1.453444 	1.277204 	2.020211 	9.000000 	0.781425 	0.707107 	4.123106 	3.500357 	4.065172 	0.632949 	2.028084 	2.199574 	0.785016 	3.466446 	0.715891 	3.536241 	0.642748 	4.021583 	2.093144 	0.075000 	1.811249 	3.398713 	4.075690 	2.217121 	3.926990 	0.134629 	3.642286 	1.789728 	0.561805 	3.521452 	2.046033 	2.068363 	2.135562 	2.169245 	3.405877 	3.610575 	
2.907103 	4.437412 	1.890271 	1.770946 	4.458279 	1.865811 	2.828979 	1.858259 	2.148982 	1.979425 	2.705665 	0.781425 	9.000000 	0.075000 	4.720236 	4.150678 	4.668110 	0.150000 	2.764281 	2.930017 	0.025000 	4.125000 	0.090139 	4.190242 	0.158114 	4.636405 	2.832953 	0.775403 	2.563201 	4.065787 	4.688617 	2.954657 	4.555560 	0.725431 	4.295419 	2.546075 	0.269258 	4.185242 	2.794749 	2.818022 	2.882924 	2.915476 	4.084192 	4.275292 	
2.843524 	4.385345 	1.820028 	1.700184 	4.403479 	1.794610 	2.761567 	1.786757 	2.083867 	1.913439 	2.642205 	0.707107 	0.075000 	9.000000 	4.666905 	4.091760 	4.614177 	0.075000 	2.695946 	2.862364 	0.079057 	4.065249 	0.050000 	4.130980 	0.090139 	4.581280 	2.764281 	0.700446 	2.493116 	4.005153 	4.633708 	2.886282 	4.499028 	0.650481 	4.236301 	2.475505 	0.201556 	4.125000 	2.725115 	2.748295 	2.813472 	2.846160 	4.022437 	4.215003 	
1.990132 	0.302076 	3.095562 	3.211795 	0.292617 	3.160004 	2.232991 	3.181588 	2.704164 	2.877716 	2.161308 	4.123106 	4.720236 	4.666905 	9.000000 	0.756637 	0.075000 	4.614177 	2.335193 	2.174425 	4.737747 	0.828402 	4.702393 	0.751665 	4.650067 	0.182003 	2.308950 	4.181581 	2.590487 	0.928036 	0.145774 	2.205816 	0.333542 	4.251838 	0.675463 	2.636878 	4.617968 	0.825000 	2.403383 	2.395438 	2.332515 	2.301222 	1.000000 	0.778621 	
1.300240 	0.649038 	2.420744 	2.541776 	0.475000 	2.480045 	1.510381 	2.500000 	2.051828 	2.228508 	1.488707 	3.500357 	4.150678 	4.091760 	0.756637 	9.000000 	0.682367 	4.033376 	1.610318 	1.442437 	4.166083 	0.079057 	4.123106 	0.050000 	4.065172 	0.594243 	1.576785 	3.553256 	1.867652 	0.176777 	0.649038 	1.467353 	0.459619 	3.623966 	0.145774 	1.911969 	4.021583 	0.125000 	1.667708 	1.657747 	1.592365 	1.559848 	0.269258 	0.176777 	
1.923538 	0.279509 	3.031604 	3.148412 	0.223607 	3.095562 	2.163475 	3.116990 	2.642087 	2.816137 	2.096575 	4.065172 	4.668110 	4.614177 	0.075000 	0.682367 	9.000000 	4.560839 	2.265502 	2.103865 	4.685416 	0.753741 	4.649261 	0.676849 	4.596330 	0.111803 	2.238443 	4.123106 	2.521161 	0.853302 	0.090139 	2.134537 	0.261008 	4.193447 	0.600521 	2.567343 	4.563031 	0.750000 	2.332515 	2.324328 	2.261084 	2.229630 	0.925000 	0.704006 	
2.780513 	4.333951 	1.750179 	1.629801 	4.349282 	1.723731 	2.694555 	1.715554 	2.019437 	1.848141 	2.579365 	0.632949 	0.150000 	0.075000 	4.614177 	4.033376 	4.560839 	9.000000 	2.627975 	2.795085 	0.152069 	4.006011 	0.090139 	4.072238 	0.050000 	4.526726 	2.695946 	0.625500 	2.423324 	3.945013 	4.579370 	2.818244 	4.443042 	0.575543 	4.177693 	2.405203 	0.141421 	4.065249 	2.655772 	2.678852 	2.744312 	2.777139 	3.961139 	4.155192 	
0.403113 	2.129114 	0.887764 	1.012423 	2.042670 	0.930054 	0.103078 	0.945053 	0.654313 	0.800391 	0.375000 	2.028084 	2.764281 	2.695946 	2.335193 	1.610318 	2.265502 	2.627975 	9.000000 	0.176777 	2.774549 	1.556639 	2.717191 	1.634205 	2.649764 	2.193171 	0.075000 	2.067003 	0.257391 	1.470757 	2.249028 	0.190394 	2.068363 	2.136001 	1.736555 	0.302076 	2.583844 	1.595306 	0.125000 	0.141421 	0.158114 	0.176777 	1.450216 	1.677982 	
0.325960 	1.976898 	1.060955 	1.185854 	1.881821 	1.105102 	0.103078 	1.120547 	0.800391 	0.956883 	0.391312 	2.199574 	2.930017 	2.862364 	2.174425 	1.442437 	2.103865 	2.795085 	0.176777 	9.000000 	2.940769 	1.386768 	2.884549 	1.464795 	2.817801 	2.028854 	0.134629 	2.239699 	0.430116 	1.299279 	2.084616 	0.070711 	1.901480 	2.308950 	1.566246 	0.471699 	2.753634 	1.423464 	0.230489 	0.226385 	0.176777 	0.158114 	1.275980 	1.505199 	
2.920295 	4.455334 	1.899013 	1.779220 	4.475279 	1.873666 	2.839894 	1.865811 	2.161308 	1.991231 	2.718915 	0.785016 	0.025000 	0.079057 	4.737747 	4.166083 	4.685416 	0.152069 	2.774549 	2.940769 	9.000000 	4.140048 	0.079057 	4.205503 	0.152069 	4.653292 	2.842974 	0.776611 	2.572086 	4.080441 	4.705582 	2.964899 	4.571925 	0.725000 	4.310742 	2.554530 	0.261008 	4.200074 	2.804015 	2.827212 	2.892339 	2.925000 	4.098323 	4.290105 	
1.258223 	0.728011 	2.378287 	2.500125 	0.550568 	2.436314 	1.457738 	2.455860 	2.015254 	2.192031 	1.450000 	3.466446 	4.125000 	4.065249 	0.828402 	0.079057 	0.753741 	4.006011 	1.556639 	1.386768 	4.140048 	9.000000 	4.095882 	0.079057 	4.037094 	0.661910 	1.520691 	3.518256 	1.814008 	0.100000 	0.715891 	1.409122 	0.522015 	3.588959 	0.180278 	1.857586 	3.991632 	0.075000 	1.610124 	1.599414 	1.533175 	1.500208 	0.190394 	0.158114 	
2.870649 	4.421679 	1.838478 	1.717738 	4.437975 	1.811249 	2.784107 	1.802776 	2.109502 	1.938105 	2.669504 	0.715891 	0.090139 	0.050000 	4.702393 	4.123106 	4.649261 	0.090139 	2.717191 	2.884549 	0.079057 	4.095882 	9.000000 	4.162031 	0.075000 	4.615531 	2.785004 	0.704006 	2.511598 	4.035003 	4.668110 	2.907426 	4.532246 	0.650481 	4.267464 	2.493116 	0.182003 	4.155192 	2.744312 	2.767332 	2.832953 	2.865855 	4.051234 	4.245144 	
1.331587 	0.664266 	2.452040 	2.573543 	0.477624 	2.510602 	1.535008 	2.530316 	2.086265 	2.263018 	1.521923 	3.536241 	4.190242 	4.130980 	0.751665 	0.050000 	0.676849 	4.072238 	1.634205 	1.464795 	4.205503 	0.079057 	4.162031 	9.000000 	4.103733 	0.583631 	1.598828 	3.588610 	1.891593 	0.176777 	0.637377 	1.487658 	0.443001 	3.659320 	0.106066 	1.935362 	4.059326 	0.090139 	1.688565 	1.677982 	1.611870 	1.578963 	0.254951 	0.127475 	
2.808247 	4.370712 	1.769357 	1.648105 	4.384204 	1.741049 	2.717651 	1.732231 	2.045880 	1.873666 	2.607321 	0.642748 	0.158114 	0.090139 	4.650067 	4.065172 	4.596330 	0.050000 	2.649764 	2.817801 	0.152069 	4.037094 	0.075000 	4.103733 	9.000000 	4.561387 	2.717191 	0.629484 	2.442335 	3.975314 	4.614177 	2.839894 	4.476676 	0.575543 	4.209291 	2.423324 	0.111803 	4.095882 	2.675467 	2.698379 	2.764281 	2.797320 	3.990379 	4.185765 	
1.860779 	0.328824 	2.974580 	3.092733 	0.180278 	3.037268 	2.091799 	3.058288 	2.590005 	2.765072 	2.038535 	4.021583 	4.636405 	4.581280 	0.182003 	0.594243 	0.111803 	4.526726 	2.193171 	2.028854 	4.653292 	0.661910 	4.615531 	0.583631 	4.561387 	9.000000 	2.163475 	4.078296 	2.449745 	0.760345 	0.055902 	2.057000 	0.152069 	4.148795 	0.500625 	2.495245 	4.525621 	0.651920 	2.256241 	2.247221 	2.182888 	2.150872 	0.826514 	0.600521 	
0.419076 	2.110095 	0.951972 	1.076162 	2.016340 	0.991527 	0.111803 	1.005609 	0.728869 	0.873212 	0.424264 	2.093144 	2.832953 	2.764281 	2.308950 	1.576785 	2.238443 	2.695946 	0.075000 	0.134629 	2.842974 	1.520691 	2.785004 	1.598828 	2.717191 	2.163475 	9.000000 	2.130874 	0.301040 	1.432655 	2.219234 	0.125000 	2.035927 	2.199574 	1.700000 	0.340037 	2.650118 	1.556639 	0.100000 	0.103078 	0.090139 	0.103078 	1.407569 	1.637834 	
2.267157 	3.915115 	1.179248 	1.054751 	3.905125 	1.141271 	2.142574 	1.129436 	1.503537 	1.326885 	2.070175 	0.075000 	0.775403 	0.700446 	4.181581 	3.553256 	4.123106 	0.625500 	2.067003 	2.239699 	0.776611 	3.518256 	0.704006 	3.588610 	0.629484 	4.078296 	2.130874 	9.000000 	1.845603 	3.449366 	4.132569 	2.255271 	3.982226 	0.070711 	3.694675 	1.822430 	0.539676 	3.572464 	2.081015 	2.102974 	2.170829 	2.204824 	3.454797 	3.661369 	
0.629484 	2.380257 	0.673146 	0.794512 	2.298097 	0.704450 	0.357946 	0.716327 	0.546008 	0.650481 	0.534439 	1.811249 	2.563201 	2.493116 	2.590487 	1.867652 	2.521161 	2.423324 	0.257391 	0.430116 	2.572086 	1.814008 	2.511598 	1.891593 	2.442335 	2.449745 	0.301040 	1.845603 	9.000000 	1.727896 	2.505619 	0.424264 	2.325537 	1.913439 	1.993897 	0.050000 	2.371181 	1.852363 	0.235850 	0.257391 	0.325960 	0.360555 	1.706055 	1.934716 	
1.184536 	0.824621 	2.302444 	2.425000 	0.650481 	2.359158 	1.372953 	2.378287 	1.945829 	2.122499 	1.379311 	3.398713 	4.065787 	4.005153 	0.928036 	0.176777 	0.853302 	3.945013 	1.470757 	1.299279 	4.080441 	0.100000 	4.035003 	0.176777 	3.975314 	0.760345 	1.432655 	3.449366 	1.727896 	9.000000 	0.813941 	1.319327 	0.618466 	3.520032 	0.269258 	1.770770 	3.927865 	0.125000 	1.520691 	1.509346 	1.442437 	1.409122 	0.106066 	0.212132 	
1.916540 	0.350000 	3.030058 	3.148115 	0.230489 	3.092834 	2.147673 	3.113880 	2.645043 	2.820018 	2.094039 	4.075690 	4.688617 	4.633708 	0.145774 	0.649038 	0.090139 	4.579370 	2.249028 	2.084616 	4.705582 	0.715891 	4.668110 	0.637377 	4.614177 	0.055902 	2.219234 	4.132569 	2.505619 	0.813941 	9.000000 	2.112611 	0.200000 	4.203050 	0.552268 	2.551103 	4.578824 	0.704006 	2.311926 	2.302851 	2.238443 	2.206383 	0.878208 	0.650000 	
0.395285 	2.015099 	1.076162 	1.200521 	1.913439 	1.116356 	0.152069 	1.130542 	0.838525 	0.989002 	0.458939 	2.217121 	2.954657 	2.886282 	2.205816 	1.467353 	2.134537 	2.818244 	0.190394 	0.070711 	2.964899 	1.409122 	2.907426 	1.487658 	2.839894 	2.057000 	0.125000 	2.255271 	0.424264 	1.319327 	2.112611 	9.000000 	1.926947 	2.324059 	1.587648 	0.460977 	2.773536 	1.442654 	0.201556 	0.190394 	0.127475 	0.100000 	1.290591 	1.522539 	
1.747319 	0.403113 	2.865528 	2.985067 	0.182003 	2.926709 	1.967867 	2.947244 	2.487217 	2.663175 	1.930026 	3.926990 	4.555560 	4.499028 	0.333542 	0.459619 	0.261008 	4.443042 	2.068363 	1.901480 	4.571925 	0.522015 	4.532246 	0.443001 	4.476676 	0.152069 	2.035927 	3.982226 	2.325537 	0.618466 	0.200000 	1.926947 	9.000000 	4.052854 	0.353553 	2.370258 	4.437975 	0.505594 	2.127205 	2.117339 	2.051981 	2.019437 	0.679154 	0.450000 	
2.337734 	3.985050 	1.248249 	1.123610 	3.975550 	1.209339 	2.212041 	1.197132 	1.574206 	1.397542 	2.140823 	0.134629 	0.725431 	0.650481 	4.251838 	3.623966 	4.193447 	0.575543 	2.136001 	2.308950 	0.725000 	3.588959 	0.650481 	3.659320 	0.575543 	4.148795 	2.199574 	0.070711 	1.913439 	3.520032 	4.203050 	2.324059 	4.052854 	9.000000 	3.765385 	1.889775 	0.480885 	3.643144 	2.148982 	2.170829 	2.238861 	2.272938 	3.525355 	3.732040 	
1.437228 	0.626498 	2.557587 	2.679202 	0.419076 	2.615937 	1.637834 	2.635574 	2.192316 	2.369071 	1.627882 	3.642286 	4.295419 	4.236301 	0.675463 	0.145774 	0.600521 	4.177693 	1.736555 	1.566246 	4.310742 	0.180278 	4.267464 	0.106066 	4.209291 	0.500625 	1.700000 	3.694675 	1.993897 	0.269258 	0.552268 	1.587648 	0.353553 	3.765385 	9.000000 	2.037308 	4.165108 	0.152069 	1.788854 	1.777815 	1.711177 	1.677982 	0.325960 	0.111803 	
0.679154 	2.428091 	0.656220 	0.775403 	2.344408 	0.682825 	0.403887 	0.693271 	0.561805 	0.654313 	0.583631 	1.789728 	2.546075 	2.475505 	2.636878 	1.911969 	2.567343 	2.405203 	0.302076 	0.471699 	2.554530 	1.857586 	2.493116 	1.935362 	2.423324 	2.495245 	0.340037 	1.822430 	0.050000 	1.770770 	2.551103 	0.460977 	2.370258 	1.889775 	2.037308 	9.000000 	2.350532 	1.895059 	0.265754 	0.285044 	0.355317 	0.390512 	1.747319 	1.976898 	
2.755222 	4.341443 	1.699448 	1.576785 	4.349282 	1.667708 	2.654360 	1.657747 	1.990760 	1.816762 	2.555020 	0.561805 	0.269258 	0.201556 	4.617968 	4.021583 	4.563031 	0.141421 	2.583844 	2.753634 	0.261008 	3.991632 	0.182003 	4.059326 	0.111803 	4.525621 	2.650118 	0.539676 	2.371181 	3.927865 	4.578824 	2.773536 	4.437975 	0.480885 	4.165108 	2.350532 	9.000000 	4.049228 	2.605403 	2.627975 	2.694671 	2.728095 	3.940257 	4.138916 	
1.308625 	0.752080 	2.427061 	2.549510 	0.559017 	2.483948 	1.497707 	2.503123 	2.068967 	2.245690 	1.502706 	3.521452 	4.185242 	4.125000 	0.825000 	0.125000 	0.750000 	4.065249 	1.595306 	1.423464 	4.200074 	0.075000 	4.155192 	0.090139 	4.095882 	0.651920 	1.556639 	3.572464 	1.852363 	0.125000 	0.704006 	1.442654 	0.505594 	3.643144 	0.152069 	1.895059 	4.049228 	9.000000 	1.644118 	1.632483 	1.565248 	1.531747 	0.175000 	0.090139 	
0.515388 	2.207374 	0.906228 	1.028652 	2.110835 	0.939747 	0.206155 	0.951972 	0.725431 	0.855862 	0.500000 	2.046033 	2.794749 	2.725115 	2.403383 	1.667708 	2.332515 	2.655772 	0.125000 	0.230489 	2.804015 	1.610124 	2.744312 	1.688565 	2.675467 	2.256241 	0.100000 	2.081015 	0.235850 	1.520691 	2.311926 	0.201556 	2.127205 	2.148982 	1.788854 	0.265754 	2.605403 	1.644118 	9.000000 	0.025000 	0.090139 	0.125000 	1.492062 	1.724094 	
0.522015 	2.201846 	0.929045 	1.051190 	2.102974 	0.961769 	0.213600 	0.973717 	0.750417 	0.880696 	0.515388 	2.068363 	2.818022 	2.748295 	2.395438 	1.657747 	2.324328 	2.678852 	0.141421 	0.226385 	2.827212 	1.599414 	2.767332 	1.677982 	2.698379 	2.247221 	0.103078 	2.102974 	0.257391 	1.509346 	2.302851 	0.190394 	2.117339 	2.170829 	1.777815 	0.285044 	2.627975 	1.632483 	0.025000 	9.000000 	0.070711 	0.106066 	1.479231 	1.711907 	
0.492443 	2.142574 	0.995301 	1.118034 	2.040221 	1.029563 	0.195256 	1.041933 	0.800391 	0.937083 	0.512957 	2.135562 	2.882924 	2.813472 	2.332515 	1.592365 	2.261084 	2.744312 	0.158114 	0.176777 	2.892339 	1.533175 	2.832953 	1.611870 	2.764281 	2.182888 	0.090139 	2.170829 	0.325960 	1.442437 	2.238443 	0.127475 	2.051981 	2.238861 	1.711177 	0.355317 	2.694671 	1.565248 	0.090139 	0.070711 	9.000000 	0.035355 	1.410895 	1.644118 	
