Total assets = 660
Number of asset nodes = 33

Distance:
999.000000 	57.939625 	22.472204 	7.071068 	26.925823 	63.890530 	55.009090 	8.062258 	8.544003 	79.630394 	57.982758 	39.824615 	41.109608 	12.369317 	10.630146 	19.313208 	24.596748 	69.641945 	33.105892 	12.206555 	43.278172 	52.430908 	63.655323 	70.035706 	51.400391 	49.203659 	13.038404 	42.544094 	13.892444 	48.270073 	39.623226 	18.027756 	44.777225 	48.918301 	41.146080 	39.395432 	33.837849 	73.539108 	93.005379 	92.200867 	48.373547 	61.611687 	41.785164 	25.179358 	34.525352 	53.712196 	55.569775 	89.274857 	50.990196 	39.051247 	47.539455 	
57.939625 	999.000000 	80.112419 	64.195015 	84.581322 	118.004234 	6.403124 	56.515484 	64.560051 	131.893890 	113.441612 	23.345236 	23.769728 	57.706154 	53.851646 	72.401657 	33.526108 	121.165176 	91.000000 	65.513359 	22.135944 	14.212670 	119.268608 	124.851913 	108.300507 	17.492855 	61.814240 	100.224747 	61.660358 	19.723083 	28.160255 	53.084839 	102.459747 	20.248457 	99.005051 	97.308784 	35.693138 	128.705093 	145.248062 	144.589066 	106.023582 	15.524175 	99.724625 	51.156624 	92.048897 	111.400177 	113.159180 	143.223602 	108.853111 	96.767761 	105.475113 	
22.472204 	80.112419 	999.000000 	17.691807 	4.472136 	43.046486 	77.414467 	26.907248 	18.601076 	59.481091 	36.400551 	62.201286 	63.411354 	28.844410 	27.459061 	13.416408 	47.010635 	50.328918 	11.180340 	21.023796 	65.604881 	74.886581 	41.868843 	48.600410 	29.068884 	71.610054 	25.942244 	20.124611 	26.832815 	70.604530 	61.619801 	36.055511 	22.360680 	71.217972 	18.973665 	17.464249 	55.172459 	51.855568 	72.560318 	71.693794 	25.942244 	84.053551 	20.223749 	43.046486 	16.155495 	31.304953 	33.120991 	68.007355 	28.792360 	19.235384 	25.709921 	
7.071068 	64.195015 	17.691807 	999.000000 	21.931713 	60.464867 	60.926186 	9.219544 	2.236068 	76.661591 	54.037025 	44.944408 	46.043457 	11.704700 	17.000000 	19.000000 	30.675724 	67.082039 	27.459061 	6.708204 	48.259712 	57.801384 	59.548298 	66.219330 	46.690472 	54.378304 	10.000000 	37.202152 	11.000000 	53.254108 	44.045429 	18.788294 	39.408119 	53.823788 	35.510563 	33.615471 	37.483330 	69.526970 	89.888817 	89.044930 	43.011627 	66.887962 	35.777088 	26.000000 	27.892651 	48.259712 	50.219517 	85.603737 	45.276924 	32.572994 	41.593269 	
26.925823 	84.581322 	4.472136 	21.931713 	999.000000 	39.357338 	81.884064 	31.112698 	22.671568 	55.946404 	32.449963 	66.610809 	67.801178 	32.802441 	31.780497 	16.492422 	51.478149 	47.127487 	7.000000 	24.698177 	70.000000 	79.322128 	37.802116 	44.654228 	24.758837 	76.026314 	29.681644 	15.652476 	30.528675 	75.000000 	65.946945 	40.000000 	17.888544 	75.604233 	14.560220 	13.152946 	59.396969 	47.801674 	68.883957 	68.000000 	21.470911 	88.481636 	16.031219 	46.872166 	13.601471 	26.832815 	28.653097 	64.070274 	24.351591 	15.811388 	21.377558 	
63.890530 	118.004234 	43.046486 	60.464867 	39.357338 	999.000000 	116.516090 	69.634758 	61.587337 	16.763054 	8.000000 	103.247276 	104.690018 	71.867935 	64.536812 	46.010868 	87.000000 	10.770329 	36.687874 	64.007812 	106.794197 	115.312622 	7.071068 	7.280110 	18.000000 	112.432205 	68.963760 	28.284271 	69.835518 	111.731819 	103.479469 	79.075912 	27.073973 	112.449989 	31.257000 	33.376640 	97.616600 	11.401754 	29.529646 	28.653097 	25.019993 	124.523087 	34.058773 	86.092972 	43.566040 	23.769728 	22.135944 	25.455845 	27.459061 	40.112343 	31.144823 	
55.009090 	6.403124 	77.414467 	60.926186 	81.884064 	116.516090 	999.000000 	52.810986 	61.098282 	130.862518 	111.606453 	18.000000 	18.110771 	53.600372 	52.009613 	70.604530 	30.413813 	120.216469 	88.102211 	61.684681 	16.278820 	7.810250 	117.413795 	123.227432 	106.000000 	11.180340 	57.723480 	97.529480 	57.489128 	13.416408 	22.360680 	48.507732 	99.764725 	13.892444 	96.150925 	94.371605 	30.149628 	127.003937 	144.277512 	143.586212 	103.353760 	11.045361 	96.664368 	46.000000 	88.600227 	108.706024 	110.535065 	141.873184 	105.990562 	93.407707 	102.459747 	
8.062258 	56.515484 	26.907248 	9.219544 	31.112698 	69.634758 	52.810986 	999.000000 	8.602325 	85.755463 	63.253460 	36.235340 	37.215588 	4.472136 	17.492855 	26.683329 	23.194826 	76.059189 	36.400551 	9.055386 	39.446167 	49.193497 	68.767723 	75.432091 	55.865910 	45.650848 	6.708204 	46.227695 	7.211102 	44.418465 	35.000000 	10.198039 	48.414875 	44.944408 	44.407207 	42.438190 	28.284271 	78.746429 	99.020203 	98.183502 	52.009613 	58.180752 	44.418465 	17.464249 	35.846897 	57.201397 	59.203041 	94.810333 	54.083271 	40.718548 	50.249378 	
8.544003 	64.560051 	18.601076 	2.236068 	22.671568 	61.587337 	61.098282 	8.602325 	999.000000 	77.897369 	55.000000 	44.777225 	45.793011 	10.295630 	18.867962 	21.023796 	31.048349 	68.447060 	27.802877 	4.472136 	48.020828 	57.706154 	60.440052 	67.201187 	47.381432 	54.203320 	8.062258 	37.643059 	9.055386 	53.000000 	43.600460 	17.492855 	39.824615 	53.535034 	35.805027 	33.837849 	36.796738 	70.434364 	91.065910 	90.210861 	43.416588 	66.730804 	35.846897 	24.596748 	27.513634 	48.600410 	50.606323 	86.608315 	45.486263 	32.310989 	41.677334 	
79.630394 	131.893890 	59.481091 	76.661591 	55.946404 	16.763054 	130.862518 	85.755463 	77.897369 	999.000000 	24.515301 	118.444077 	119.970833 	88.192970 	79.246452 	61.073727 	101.980392 	10.816654 	53.450912 	80.498444 	122.024590 	130.176804 	21.000000 	14.142136 	34.365681 	127.475487 	85.422478 	44.911022 	86.313385 	126.905479 	119.016808 	95.383438 	43.566040 	127.663620 	47.853943 	50.009998 	113.463654 	14.317822 	13.453624 	12.727922 	41.194660 	139.344894 	50.487621 	102.474388 	60.207973 	39.012817 	37.054016 	13.152946 	43.000000 	56.568542 	47.042534 	
57.982758 	113.441612 	36.400551 	54.037025 	32.449963 	8.000000 	111.606453 	63.253460 	55.000000 	24.515301 	999.000000 	97.672920 	99.035347 	65.215027 	59.640591 	41.048752 	81.688431 	18.439089 	29.154760 	57.140179 	101.178062 	109.986366 	5.830952 	12.206555 	10.000000 	106.962608 	62.128899 	20.396078 	62.968246 	106.150833 	97.590981 	72.422371 	19.104973 	106.831642 	23.345236 	25.495098 	91.438507 	15.556349 	36.769554 	35.846897 	17.029387 	119.205704 	26.076809 	79.322128 	35.693138 	16.155495 	14.764823 	31.622776 	19.646883 	32.140316 	23.194826 	
39.824615 	23.345236 	62.201286 	44.944408 	66.610809 	103.247276 	18.000000 	36.235340 	44.777225 	118.444077 	97.672920 	999.000000 	2.000000 	36.400551 	39.408119 	57.384666 	16.643316 	108.074051 	72.401657 	44.777225 	3.605551 	13.000000 	103.392456 	109.622078 	91.214035 	9.433981 	40.496914 	82.097504 	40.162170 	8.485281 	5.656854 	30.805843 	84.314888 	9.219544 	80.454956 	78.549347 	12.369317 	113.216606 	131.893890 	131.137329 	87.920418 	21.954498 	80.622574 	28.000000 	72.013885 	93.193344 	95.131485 	128.701202 	90.210861 	76.922035 	86.452301 	
41.109608 	23.769728 	63.411354 	46.043457 	67.801178 	104.690018 	18.110771 	37.215588 	45.793011 	119.970833 	99.035347 	2.000000 	999.000000 	37.161808 	41.048752 	58.898216 	18.357559 	109.635757 	73.498299 	45.617977 	2.236068 	12.369317 	104.737770 	111.018013 	92.455391 	8.544003 	41.231056 	83.234612 	40.853397 	7.211102 	4.472136 	31.320919 	85.445892 	7.810250 	81.541397 	79.611557 	12.041595 	114.586212 	133.416641 	132.653687 	89.050545 	21.023796 	81.633324 	28.071337 	72.897186 	94.302704 	96.260063 	130.138382 	91.268837 	77.826729 	87.464279 	
12.369317 	57.706154 	28.844410 	11.704700 	32.802441 	71.867935 	53.600372 	4.472136 	10.295630 	88.192970 	65.215027 	36.400551 	37.161808 	999.000000 	21.954498 	30.265491 	25.019993 	78.721024 	37.483330 	8.602325 	39.395432 	49.396355 	70.604530 	77.420929 	57.384666 	45.694637 	4.123106 	47.381432 	4.000000 	44.283180 	34.481880 	7.211102 	49.517673 	44.721359 	45.343136 	43.278172 	27.202942 	80.603973 	101.355812 	100.498756 	53.075417 	58.180752 	45.000000 	14.317822 	35.846897 	58.137768 	60.207973 	96.834908 	54.817879 	40.816662 	50.803543 	
10.630146 	53.851646 	27.459061 	17.000000 	31.780497 	64.536812 	52.009613 	17.492855 	18.867962 	79.246452 	59.640591 	39.408119 	41.048752 	21.954498 	999.000000 	18.601076 	22.803509 	68.767723 	38.639359 	22.803509 	43.011627 	50.931328 	65.459915 	71.217972 	54.561890 	48.270073 	23.430750 	47.127487 	24.207438 	47.801674 	40.706264 	25.961510 	49.335587 	48.600410 	46.324940 	44.911022 	36.687874 	75.000000 	92.698433 	91.967384 	52.810986 	60.108234 	47.675991 	32.388271 	42.011902 	58.189346 	59.808025 	89.938866 	56.044624 	46.043457 	53.150730 	
19.313208 	72.401657 	13.416408 	19.000000 	16.492422 	46.010868 	70.604530 	26.683329 	21.023796 	61.073727 	41.048752 	57.384666 	58.898216 	30.265491 	18.601076 	999.000000 	41.012192 	50.803543 	23.345236 	25.179358 	60.959003 	69.310890 	46.872166 	52.630791 	36.400551 	66.483078 	29.000000 	30.149628 	30.000000 	65.855904 	58.008621 	36.878178 	32.249031 	66.603302 	30.000000 	29.068884 	52.839378 	56.400356 	74.518456 	73.756355 	35.510563 	78.517517 	32.140316 	44.147480 	29.546574 	40.792156 	42.201897 	71.449280 	39.204590 	32.280025 	37.000000 	
24.596748 	33.526108 	47.010635 	30.675724 	51.478149 	87.000000 	30.413813 	23.194826 	31.048349 	101.980392 	81.688431 	16.643316 	18.357559 	25.019993 	22.803509 	41.012192 	999.000000 	91.547798 	57.697487 	32.249031 	20.248457 	28.319605 	87.458565 	93.509361 	75.716576 	25.495098 	29.000000 	67.119293 	29.017237 	25.000000 	18.681541 	22.135944 	69.354164 	25.806976 	65.741920 	63.976559 	17.262676 	97.185387 	115.433968 	114.690887 	72.945183 	37.536648 	66.309875 	23.600847 	58.523499 	78.294319 	80.131142 	112.449989 	75.584389 	63.245552 	72.090218 	
69.641945 	121.165176 	50.328918 	67.082039 	47.127487 	10.770329 	120.216469 	76.059189 	68.447060 	10.816654 	18.439089 	108.074051 	109.635757 	78.721024 	68.767723 	50.803543 	91.547798 	999.000000 	45.541191 	71.309189 	111.664673 	119.670380 	17.492855 	13.601471 	28.284271 	117.034180 	76.157730 	38.000000 	77.077881 	116.516090 	108.811768 	85.866173 	37.054016 	117.290237 	41.000000 	43.011627 	103.464973 	16.552946 	24.083189 	23.430750 	35.355339 	128.817703 	44.045429 	93.037628 	53.084839 	34.481880 	32.893768 	23.409399 	38.078865 	50.009998 	41.593269 	
33.105892 	91.000000 	11.180340 	27.459061 	7.000000 	36.687874 	88.102211 	36.400551 	27.802877 	53.450912 	29.154760 	72.401657 	73.498299 	37.483330 	38.639359 	23.345236 	57.697487 	45.541191 	999.000000 	29.000000 	75.716576 	85.234970 	34.000000 	41.146080 	20.248457 	81.835197 	33.970577 	9.899495 	34.713108 	80.709358 	71.400284 	44.553337 	12.041595 	81.271149 	8.062258 	6.324555 	64.536812 	43.908997 	65.924202 	65.000000 	15.620500 	94.339813 	9.055386 	51.088158 	8.944272 	20.808653 	22.803509 	60.415230 	17.888544 	9.433981 	14.560220 	
12.206555 	65.513359 	21.023796 	6.708204 	24.698177 	64.007812 	61.684681 	9.055386 	4.472136 	80.498444 	57.140179 	44.777225 	45.617977 	8.602325 	22.803509 	25.179358 	32.249031 	71.309189 	29.000000 	999.000000 	47.853943 	57.775429 	62.425957 	69.339745 	49.040798 	54.129475 	5.000000 	38.897301 	5.830952 	52.773098 	43.046486 	15.556349 	41.012192 	53.235325 	36.796738 	34.713108 	35.805027 	72.422371 	93.536087 	92.660675 	44.553337 	66.640831 	36.400551 	22.203604 	27.294687 	49.578220 	51.662365 	88.752464 	46.227695 	32.249031 	42.201897 	
43.278172 	22.135944 	65.604881 	48.259712 	70.000000 	106.794197 	16.278820 	39.446167 	48.020828 	122.024590 	101.178062 	3.605551 	2.236068 	39.395432 	43.011627 	60.959003 	20.248457 	111.664673 	75.716576 	47.853943 	999.000000 	10.198039 	106.887794 	113.145920 	94.641426 	6.324555 	43.462627 	85.445892 	43.081318 	5.000000 	6.082763 	33.526108 	87.658424 	5.656854 	83.761566 	81.835197 	14.000000 	116.726173 	135.473251 	134.714508 	91.263351 	18.788294 	83.862984 	30.149628 	75.133217 	96.519424 	98.473343 	132.245987 	93.493317 	80.062477 	89.693924 	
52.430908 	14.212670 	74.886581 	57.801384 	79.322128 	115.312622 	7.810250 	49.193497 	57.706154 	130.176804 	109.986366 	13.000000 	12.369317 	49.396355 	50.931328 	69.310890 	28.319605 	119.670380 	85.234970 	57.775429 	10.198039 	999.000000 	115.745407 	121.827744 	103.812332 	4.000000 	53.488316 	94.873604 	53.141319 	6.082763 	16.031219 	43.680660 	97.097885 	6.324555 	93.295227 	91.416626 	24.083189 	125.495018 	143.627991 	142.898560 	100.702530 	9.219544 	93.536087 	40.311287 	85.000000 	106.000000 	107.912003 	140.758652 	103.077644 	89.899948 	99.362968 	
63.655323 	119.268608 	41.868843 	59.548298 	37.802116 	7.071068 	117.413795 	68.767723 	60.440052 	21.000000 	5.830952 	103.392456 	104.737770 	70.604530 	65.459915 	46.872166 	87.458565 	17.492855 	34.000000 	62.425957 	106.887794 	115.745407 	999.000000 	7.280110 	13.928389 	112.698715 	67.424034 	24.698177 	68.242218 	111.865990 	103.237587 	77.801025 	23.086792 	112.538879 	27.513634 	29.732138 	97.000000 	10.000000 	32.280025 	31.320919 	20.396078 	124.963997 	29.832869 	84.628601 	39.849716 	18.027756 	16.124516 	26.419689 	22.000000 	35.902645 	26.076809 	
70.035706 	124.851913 	48.600410 	66.219330 	44.654228 	7.280110 	123.227432 	75.432091 	67.201187 	14.142136 	12.206555 	109.622078 	111.018013 	77.420929 	71.217972 	52.630791 	93.509361 	13.601471 	41.146080 	69.339745 	113.145920 	121.827744 	7.280110 	999.000000 	21.189621 	118.869675 	74.330345 	31.953091 	75.166481 	118.105888 	109.658562 	84.628601 	30.364452 	118.802361 	34.785053 	37.000000 	103.585716 	4.123106 	25.000000 	24.041630 	27.658634 	131.045792 	37.107952 	91.525955 	47.127487 	25.019993 	23.000000 	19.416489 	29.068884 	43.174065 	33.241539 	
51.400391 	108.300507 	29.068884 	46.690472 	24.758837 	18.000000 	106.000000 	55.865910 	47.381432 	34.365681 	10.000000 	91.214035 	92.455391 	57.384666 	54.561890 	36.400551 	75.716576 	28.284271 	20.248457 	49.040798 	94.641426 	103.812332 	13.928389 	21.189621 	999.000000 	100.603180 	54.037025 	10.770329 	54.817879 	99.639351 	90.686272 	64.536812 	9.219544 	100.264648 	13.601471 	15.811388 	84.148682 	23.706539 	46.173584 	45.221676 	7.071068 	113.004425 	16.124516 	71.217972 	25.961510 	7.810250 	7.615773 	40.249222 	10.295630 	22.203604 	13.341664 	
49.203659 	17.492855 	71.610054 	54.378304 	76.026314 	112.432205 	11.180340 	45.650848 	54.203320 	127.475487 	106.962608 	9.433981 	8.544003 	45.694637 	48.270073 	66.483078 	25.495098 	117.034180 	81.835197 	54.129475 	6.324555 	4.000000 	112.698715 	118.869675 	100.603180 	999.000000 	49.769470 	91.525955 	49.396355 	2.236068 	12.041595 	39.849716 	93.744331 	2.828427 	89.888817 	87.982956 	20.099751 	122.494896 	140.929062 	140.185593 	97.349884 	12.529964 	90.049988 	36.345562 	81.394104 	102.625534 	104.560989 	137.887634 	99.644371 	86.313385 	95.880135 	
13.038404 	61.814240 	25.942244 	10.000000 	29.681644 	68.963760 	57.723480 	6.708204 	8.062258 	85.422478 	62.128899 	40.496914 	41.231056 	4.123106 	23.430750 	29.000000 	29.000000 	76.157730 	33.970577 	5.000000 	43.462627 	53.488316 	67.424034 	74.330345 	54.037025 	49.769470 	999.000000 	43.863426 	1.000000 	48.332184 	38.470768 	10.630146 	45.967381 	48.754486 	41.725292 	39.623226 	31.064449 	77.420929 	98.488579 	97.616600 	49.497475 	62.241467 	41.231056 	17.204651 	31.906113 	54.488529 	56.586216 	93.744331 	51.088158 	36.891735 	47.010635 	
42.544094 	100.224747 	20.124611 	37.202152 	15.652476 	28.284271 	97.529480 	46.227695 	37.643059 	44.911022 	20.396078 	82.097504 	83.234612 	47.381432 	47.127487 	30.149628 	67.119293 	38.000000 	9.899495 	38.897301 	85.445892 	94.873604 	24.698177 	31.953091 	10.770329 	91.525955 	43.863426 	999.000000 	44.598206 	90.443352 	81.215759 	54.451813 	2.236068 	91.021973 	3.000000 	5.099020 	74.411018 	34.438351 	56.920998 	55.973209 	5.830952 	104.009613 	6.324555 	60.959003 	15.297058 	11.180340 	13.038404 	50.990196 	9.055386 	12.041595 	7.615773 	
13.892444 	61.660358 	26.832815 	11.000000 	30.528675 	69.835518 	57.489128 	7.211102 	9.055386 	86.313385 	62.968246 	40.162170 	40.853397 	4.000000 	24.207438 	30.000000 	29.017237 	77.077881 	34.713108 	5.830952 	43.081318 	53.141319 	68.242218 	75.166481 	54.817879 	49.396355 	1.000000 	44.598206 	999.000000 	47.927029 	38.013157 	10.000000 	46.690472 	48.332184 	42.426407 	40.311287 	30.528675 	78.236816 	99.362968 	98.488579 	50.209560 	61.846584 	41.868843 	16.401220 	32.449963 	55.172459 	57.280014 	94.578011 	51.739735 	37.443291 	47.634022 	
48.270073 	19.723083 	70.604530 	53.254108 	75.000000 	111.731819 	13.416408 	44.418465 	53.000000 	126.905479 	106.150833 	8.485281 	7.211102 	44.283180 	47.801674 	65.855904 	25.000000 	116.516090 	80.709358 	52.773098 	5.000000 	6.082763 	111.865990 	118.105888 	99.639351 	2.236068 	48.332184 	90.443352 	47.927029 	999.000000 	10.198039 	38.275318 	92.655273 	1.000000 	88.752464 	86.821655 	18.248287 	121.696342 	140.356689 	139.603012 	96.260063 	13.928389 	88.836929 	34.525352 	80.062477 	101.513542 	103.469803 	137.186005 	98.478424 	85.000000 	94.667839 	
39.623226 	28.160255 	61.619801 	44.045429 	65.946945 	103.479469 	22.360680 	35.000000 	43.600460 	119.016808 	97.590981 	5.656854 	4.472136 	34.481880 	40.706264 	58.008621 	18.681541 	108.811768 	71.400284 	43.046486 	6.082763 	16.031219 	103.237587 	109.658562 	90.686272 	12.041595 	38.470768 	81.215759 	38.013157 	10.198039 	999.000000 	28.231188 	83.408630 	10.440307 	79.404030 	77.420929 	8.062258 	113.145920 	132.438660 	131.654846 	87.005745 	24.041630 	79.322128 	24.331051 	70.327805 	92.200867 	94.201912 	128.887543 	89.050545 	75.292763 	85.146935 	
18.027756 	53.084839 	36.055511 	18.788294 	40.000000 	79.075912 	48.507732 	10.198039 	17.492855 	95.383438 	72.422371 	30.805843 	31.320919 	7.211102 	25.961510 	36.878178 	22.135944 	85.866173 	44.553337 	15.556349 	33.526108 	43.680660 	77.801025 	84.628601 	64.536812 	39.849716 	10.630146 	54.451813 	10.000000 	38.275318 	28.231188 	999.000000 	56.568542 	38.626415 	52.345009 	50.249378 	20.591261 	87.800911 	108.558739 	107.703293 	60.108234 	52.201534 	51.855568 	7.280110 	42.438190 	65.115280 	67.208633 	104.043259 	61.717098 	47.434166 	57.628117 	
44.777225 	102.459747 	22.360680 	39.408119 	17.888544 	27.073973 	99.764725 	48.414875 	39.824615 	43.566040 	19.104973 	84.314888 	85.445892 	49.517673 	49.335587 	32.249031 	69.354164 	37.054016 	12.041595 	41.012192 	87.658424 	97.097885 	23.086792 	30.364452 	9.219544 	93.744331 	45.967381 	2.236068 	46.690472 	92.655273 	83.408630 	56.568542 	999.000000 	93.230896 	4.472136 	6.708204 	76.576759 	32.695564 	55.362442 	54.405884 	3.605551 	106.230881 	7.000000 	63.031738 	16.763054 	8.944272 	10.816654 	49.244289 	7.000000 	13.038404 	6.403124 	
48.918301 	20.248457 	71.217972 	53.823788 	75.604233 	112.449989 	13.892444 	44.944408 	53.535034 	127.663620 	106.831642 	9.219544 	7.810250 	44.721359 	48.600410 	66.603302 	25.806976 	117.290237 	81.271149 	53.235325 	5.656854 	6.324555 	112.538879 	118.802361 	100.264648 	2.828427 	48.754486 	91.021973 	48.332184 	1.000000 	10.440307 	38.626415 	93.230896 	999.000000 	89.308456 	87.367043 	18.439089 	122.380554 	141.113434 	140.356689 	96.834908 	13.601471 	89.358826 	34.713108 	80.529495 	102.078400 	104.043259 	137.902145 	99.020203 	85.475143 	95.189285 	
41.146080 	99.005051 	18.973665 	35.510563 	14.560220 	31.257000 	96.150925 	44.407207 	35.805027 	47.853943 	23.345236 	80.454956 	81.541397 	45.343136 	46.324940 	30.000000 	65.741920 	41.000000 	8.062258 	36.796738 	83.761566 	93.295227 	27.513634 	34.785053 	13.601471 	89.888817 	41.725292 	3.000000 	42.426407 	88.752464 	79.404030 	52.345009 	4.472136 	89.308456 	999.000000 	2.236068 	72.470680 	37.161808 	59.774578 	58.821766 	7.810250 	102.396286 	3.605551 	58.728188 	12.369317 	12.806249 	14.866069 	53.712196 	9.848858 	9.055386 	7.000000 	
39.395432 	97.308784 	17.464249 	33.615471 	13.152946 	33.376640 	94.371605 	42.438190 	33.837849 	50.009998 	25.495098 	78.549347 	79.611557 	43.278172 	44.911022 	29.068884 	63.976559 	43.011627 	6.324555 	34.713108 	81.835197 	91.416626 	29.732138 	37.000000 	15.811388 	87.982956 	39.623226 	5.099020 	40.311287 	86.821655 	77.420929 	50.249378 	6.708204 	87.367043 	2.236068 	999.000000 	70.434364 	39.395432 	61.983868 	61.032780 	10.000000 	100.498756 	3.162278 	56.586216 	10.198039 	14.866069 	16.970562 	55.946404 	11.661903 	7.280110 	8.246211 	
33.837849 	35.693138 	55.172459 	37.483330 	59.396969 	97.616600 	30.149628 	28.284271 	36.796738 	113.463654 	91.438507 	12.369317 	12.041595 	27.202942 	36.687874 	52.839378 	17.262676 	103.464973 	64.536812 	35.805027 	14.000000 	24.083189 	97.000000 	103.585716 	84.148682 	20.099751 	31.064449 	74.411018 	30.528675 	18.248287 	8.062258 	20.591261 	76.576759 	18.439089 	72.470680 	70.434364 	999.000000 	106.962608 	126.826653 	126.015869 	80.156097 	32.015621 	72.201111 	16.278820 	62.968246 	85.276024 	87.321243 	122.918671 	82.006096 	67.955872 	78.006409 	
73.539108 	128.705093 	51.855568 	69.526970 	47.801674 	11.401754 	127.003937 	78.746429 	70.434364 	14.317822 	15.556349 	113.216606 	114.586212 	80.603973 	75.000000 	56.400356 	97.185387 	16.552946 	43.908997 	72.422371 	116.726173 	125.495018 	10.000000 	4.123106 	23.706539 	122.494896 	77.420929 	34.438351 	78.236816 	121.696342 	113.145920 	87.800911 	32.695564 	122.380554 	37.161808 	39.395432 	106.962608 	999.000000 	23.194826 	22.203604 	29.732138 	134.714508 	39.217342 	94.625580 	49.396355 	26.476404 	24.331051 	16.552946 	30.594116 	45.221676 	34.928497 	
93.005379 	145.248062 	72.560318 	89.888817 	68.883957 	29.529646 	144.277512 	99.020203 	91.065910 	13.453624 	36.769554 	131.893890 	133.416641 	101.355812 	92.698433 	74.518456 	115.433968 	24.083189 	65.924202 	93.536087 	135.473251 	143.627991 	32.280025 	25.000000 	46.173584 	140.929062 	98.488579 	56.920998 	99.362968 	140.356689 	132.438660 	108.558739 	55.362442 	141.113434 	59.774578 	61.983868 	126.826653 	23.194826 	999.000000 	1.000000 	52.630791 	152.793976 	62.096699 	115.602768 	72.124893 	49.648766 	47.518417 	8.944272 	53.758720 	68.154236 	58.051701 	
92.200867 	144.589066 	71.693794 	89.044930 	68.000000 	28.653097 	143.586212 	98.183502 	90.210861 	12.727922 	35.846897 	131.137329 	132.653687 	100.498756 	91.967384 	73.756355 	114.690887 	23.430750 	65.000000 	92.660675 	134.714508 	142.898560 	31.320919 	24.041630 	45.221676 	140.185593 	97.616600 	55.973209 	98.488579 	139.603012 	131.654846 	107.703293 	54.405884 	140.356689 	58.821766 	61.032780 	126.015869 	22.203604 	1.000000 	999.000000 	51.662365 	152.069061 	61.131008 	114.738831 	71.168816 	48.662102 	46.529560 	8.062258 	52.773098 	67.186310 	57.070133 	
48.373547 	106.023582 	25.942244 	43.011627 	21.470911 	25.019993 	103.353760 	52.009613 	43.416588 	41.194660 	17.029387 	87.920418 	89.050545 	53.075417 	52.810986 	35.510563 	72.945183 	35.355339 	15.620500 	44.553337 	91.263351 	100.702530 	20.396078 	27.658634 	7.071068 	97.349884 	49.497475 	5.830952 	50.209560 	96.260063 	87.005745 	60.108234 	3.605551 	96.834908 	7.810250 	10.000000 	80.156097 	29.732138 	52.630791 	51.662365 	999.000000 	109.836243 	9.486833 	66.528191 	19.697716 	5.385165 	7.211102 	46.238514 	4.472136 	15.524175 	6.324555 	
61.611687 	15.524175 	84.053551 	66.887962 	88.481636 	124.523087 	11.045361 	58.180752 	66.730804 	139.344894 	119.205704 	21.954498 	21.023796 	58.180752 	60.108234 	78.517517 	37.536648 	128.817703 	94.339813 	66.640831 	18.788294 	9.219544 	124.963997 	131.045792 	113.004425 	12.529964 	62.241467 	104.009613 	61.846584 	13.928389 	24.041630 	52.201534 	106.230881 	13.601471 	102.396286 	100.498756 	32.015621 	134.714508 	152.793976 	152.069061 	109.836243 	999.000000 	102.576797 	48.270073 	93.914856 	115.121674 	117.046997 	149.966660 	112.160599 	98.838249 	108.406639 	
41.785164 	99.724625 	20.223749 	35.777088 	16.031219 	34.058773 	96.664368 	44.418465 	35.846897 	50.487621 	26.076809 	80.622574 	81.633324 	45.000000 	47.675991 	32.140316 	66.309875 	44.045429 	9.055386 	36.400551 	83.862984 	93.536087 	29.832869 	37.107952 	16.124516 	90.049988 	41.231056 	6.324555 	41.868843 	88.836929 	79.322128 	51.855568 	7.000000 	89.358826 	3.605551 	3.162278 	72.201111 	39.217342 	62.096699 	61.131008 	9.486833 	102.576797 	999.000000 	58.000000 	10.295630 	13.601471 	15.811388 	55.713554 	9.899495 	6.082763 	5.830952 	
25.179358 	51.156624 	43.046486 	26.000000 	46.872166 	86.092972 	46.000000 	17.464249 	24.596748 	102.474388 	79.322128 	28.000000 	28.071337 	14.317822 	32.388271 	44.147480 	23.600847 	93.037628 	51.088158 	22.203604 	30.149628 	40.311287 	84.628601 	91.525955 	71.217972 	36.345562 	17.204651 	60.959003 	16.401220 	34.525352 	24.331051 	7.280110 	63.031738 	34.713108 	58.728188 	56.586216 	16.278820 	94.625580 	115.602768 	114.738831 	66.528191 	48.270073 	58.000000 	999.000000 	48.270073 	71.421288 	73.552704 	110.941429 	67.896980 	53.263496 	63.702435 	
34.525352 	92.048897 	16.155495 	27.892651 	13.601471 	43.566040 	88.600227 	35.846897 	27.513634 	60.207973 	35.693138 	72.013885 	72.897186 	35.846897 	42.011902 	29.546574 	58.523499 	53.084839 	8.944272 	27.294687 	75.133217 	85.000000 	39.849716 	47.127487 	25.961510 	81.394104 	31.906113 	15.297058 	32.449963 	80.062477 	70.327805 	42.438190 	16.763054 	80.529495 	12.369317 	10.198039 	62.968246 	49.396355 	72.124893 	71.168816 	19.697716 	93.914856 	10.295630 	48.270073 	999.000000 	23.853722 	26.076809 	65.924202 	20.000000 	5.000000 	15.620500 	
53.712196 	111.400177 	31.304953 	48.259712 	26.832815 	23.769728 	108.706024 	57.201397 	48.600410 	39.012817 	16.155495 	93.193344 	94.302704 	58.137768 	58.189346 	40.792156 	78.294319 	34.481880 	20.808653 	49.578220 	96.519424 	106.000000 	18.027756 	25.019993 	7.810250 	102.625534 	54.488529 	11.180340 	55.172459 	101.513542 	92.200867 	65.115280 	8.944272 	102.078400 	12.806249 	14.866069 	85.276024 	26.476404 	49.648766 	48.662102 	5.385165 	115.121674 	13.601471 	71.421288 	23.853722 	999.000000 	2.236068 	42.720020 	4.123106 	19.235384 	8.544003 	
55.569775 	113.159180 	33.120991 	50.219517 	28.653097 	22.135944 	110.535065 	59.203041 	50.606323 	37.054016 	14.764823 	95.131485 	96.260063 	60.207973 	59.808025 	42.201897 	80.131142 	32.893768 	22.803509 	51.662365 	98.473343 	107.912003 	16.124516 	23.000000 	7.615773 	104.560989 	56.586216 	13.038404 	57.280014 	103.469803 	94.201912 	67.208633 	10.816654 	104.043259 	14.866069 	16.970562 	87.321243 	24.331051 	47.518417 	46.529560 	7.211102 	117.046997 	15.811388 	73.552704 	26.076809 	2.236068 	999.000000 	40.521599 	6.324555 	21.470911 	10.770329 	
89.274857 	143.223602 	68.007355 	85.603737 	64.070274 	25.455845 	141.873184 	94.810333 	86.608315 	13.152946 	31.622776 	128.701202 	130.138382 	96.834908 	89.938866 	71.449280 	112.449989 	23.409399 	60.415230 	88.752464 	132.245987 	140.758652 	26.419689 	19.416489 	40.249222 	137.887634 	93.744331 	50.990196 	94.578011 	137.186005 	128.887543 	104.043259 	49.244289 	137.902145 	53.712196 	55.946404 	122.918671 	16.552946 	8.944272 	8.062258 	46.238514 	149.966660 	55.713554 	110.941429 	65.924202 	42.720020 	40.521599 	999.000000 	46.840153 	61.684681 	51.244511 	
50.990196 	108.853111 	28.792360 	45.276924 	24.351591 	27.459061 	105.990562 	54.083271 	45.486263 	43.000000 	19.646883 	90.210861 	91.268837 	54.817879 	56.044624 	39.204590 	75.584389 	38.078865 	17.888544 	46.227695 	93.493317 	103.077644 	22.000000 	29.068884 	10.295630 	99.644371 	51.088158 	9.055386 	51.739735 	98.478424 	89.050545 	61.717098 	7.000000 	99.020203 	9.848858 	11.661903 	82.006096 	30.594116 	53.758720 	52.773098 	4.472136 	112.160599 	9.899495 	67.896980 	20.000000 	4.123106 	6.324555 	46.840153 	999.000000 	15.264338 	4.472136 	
39.051247 	96.767761 	19.235384 	32.572994 	15.811388 	40.112343 	93.407707 	40.718548 	32.310989 	56.568542 	32.140316 	76.922035 	77.826729 	40.816662 	46.043457 	32.280025 	63.245552 	50.009998 	9.433981 	32.249031 	80.062477 	89.899948 	35.902645 	43.174065 	22.203604 	86.313385 	36.891735 	12.041595 	37.443291 	85.000000 	75.292763 	47.434166 	13.038404 	85.475143 	9.055386 	7.280110 	67.955872 	45.221676 	68.154236 	67.186310 	15.524175 	98.838249 	6.082763 	53.263496 	5.000000 	19.235384 	21.470911 	61.684681 	15.264338 	999.000000 	10.816654 	
47.539455 	105.475113 	25.709921 	41.593269 	21.377558 	31.144823 	102.459747 	50.249378 	41.677334 	47.042534 	23.194826 	86.452301 	87.464279 	50.803543 	53.150730 	37.000000 	72.090218 	41.593269 	14.560220 	42.201897 	89.693924 	99.362968 	26.076809 	33.241539 	13.341664 	95.880135 	47.010635 	7.615773 	47.634022 	94.667839 	85.146935 	57.628117 	6.403124 	95.189285 	7.000000 	8.246211 	78.006409 	34.928497 	58.051701 	57.070133 	6.324555 	108.406639 	5.830952 	63.702435 	15.620500 	8.544003 	10.770329 	51.244511 	4.472136 	10.816654 	999.000000 	

Travel time:
9.000000 	1.448491 	0.561805 	0.176777 	0.673146 	1.597263 	1.375227 	0.201556 	0.213600 	1.990760 	1.449569 	0.995615 	1.027740 	0.309233 	0.265754 	0.482830 	0.614919 	1.741049 	0.827647 	0.305164 	1.081954 	1.310773 	1.591383 	1.750893 	1.285010 	1.230091 	0.325960 	1.063602 	0.347311 	1.206752 	0.990581 	0.450694 	1.119431 	1.222957 	1.028652 	0.984886 	0.845946 	1.838478 	2.325135 	2.305022 	1.209339 	1.540292 	1.044629 	0.629484 	0.863134 	1.342805 	1.389244 	2.231871 	1.274755 	0.976281 	1.188486 	
1.448491 	9.000000 	2.002810 	1.604875 	2.114533 	2.950106 	0.160078 	1.412887 	1.614001 	3.297347 	2.836040 	0.583631 	0.594243 	1.442654 	1.346291 	1.810041 	0.838153 	3.029130 	2.275000 	1.637834 	0.553399 	0.355317 	2.981715 	3.121298 	2.707513 	0.437321 	1.545356 	2.505619 	1.541509 	0.493077 	0.704006 	1.327121 	2.561494 	0.506211 	2.475126 	2.432720 	0.892328 	3.217627 	3.631202 	3.614727 	2.650589 	0.388104 	2.493116 	1.278916 	2.301222 	2.785004 	2.828979 	3.580590 	2.721328 	2.419194 	2.636878 	
0.561805 	2.002810 	9.000000 	0.442295 	0.111803 	1.076162 	1.935362 	0.672681 	0.465027 	1.487027 	0.910014 	1.555032 	1.585284 	0.721110 	0.686477 	0.335410 	1.175266 	1.258223 	0.279509 	0.525595 	1.640122 	1.872164 	1.046721 	1.215010 	0.726722 	1.790251 	0.648556 	0.503115 	0.670820 	1.765113 	1.540495 	0.901388 	0.559017 	1.780449 	0.474342 	0.436606 	1.379311 	1.296389 	1.814008 	1.792345 	0.648556 	2.101339 	0.505594 	1.076162 	0.403887 	0.782624 	0.828025 	1.700184 	0.719809 	0.480885 	0.642748 	
0.176777 	1.604875 	0.442295 	9.000000 	0.548293 	1.511622 	1.523155 	0.230489 	0.055902 	1.916540 	1.350926 	1.123610 	1.151086 	0.292617 	0.425000 	0.475000 	0.766893 	1.677051 	0.686477 	0.167705 	1.206493 	1.445035 	1.488707 	1.655483 	1.167262 	1.359458 	0.250000 	0.930054 	0.275000 	1.331353 	1.101136 	0.469707 	0.985203 	1.345595 	0.887764 	0.840387 	0.937083 	1.738174 	2.247221 	2.226123 	1.075291 	1.672199 	0.894427 	0.650000 	0.697316 	1.206493 	1.255488 	2.140093 	1.131923 	0.814325 	1.039832 	
0.673146 	2.114533 	0.111803 	0.548293 	9.000000 	0.983933 	2.047101 	0.777817 	0.566789 	1.398660 	0.811249 	1.665270 	1.695029 	0.820061 	0.794512 	0.412311 	1.286954 	1.178187 	0.175000 	0.617454 	1.750000 	1.983053 	0.945053 	1.116356 	0.618971 	1.900658 	0.742041 	0.391312 	0.763217 	1.875000 	1.648674 	1.000000 	0.447214 	1.890106 	0.364006 	0.328824 	1.484924 	1.195042 	1.722099 	1.700000 	0.536773 	2.212041 	0.400780 	1.171804 	0.340037 	0.670820 	0.716327 	1.601757 	0.608790 	0.395285 	0.534439 	
1.597263 	2.950106 	1.076162 	1.511622 	0.983933 	9.000000 	2.912902 	1.740869 	1.539683 	0.419076 	0.200000 	2.581182 	2.617250 	1.796698 	1.613420 	1.150272 	2.175000 	0.269258 	0.917197 	1.600195 	2.669855 	2.882816 	0.176777 	0.182003 	0.450000 	2.810805 	1.724094 	0.707107 	1.745888 	2.793295 	2.586987 	1.976898 	0.676849 	2.811250 	0.781425 	0.834416 	2.440415 	0.285044 	0.738241 	0.716327 	0.625500 	3.113077 	0.851469 	2.152324 	1.089151 	0.594243 	0.553399 	0.636396 	0.686477 	1.002809 	0.778621 	
1.375227 	0.160078 	1.935362 	1.523155 	2.047101 	2.912902 	9.000000 	1.320275 	1.527457 	3.271563 	2.790161 	0.450000 	0.452769 	1.340009 	1.300240 	1.765113 	0.760345 	3.005412 	2.202555 	1.542117 	0.406971 	0.195256 	2.935345 	3.080686 	2.650000 	0.279509 	1.443087 	2.438237 	1.437228 	0.335410 	0.559017 	1.212693 	2.494118 	0.347311 	2.403773 	2.359290 	0.753741 	3.175098 	3.606938 	3.589655 	2.583844 	0.276134 	2.416609 	1.150000 	2.215006 	2.717651 	2.763377 	3.546830 	2.649764 	2.335193 	2.561494 	
0.201556 	1.412887 	0.672681 	0.230489 	0.777817 	1.740869 	1.320275 	9.000000 	0.215058 	2.143887 	1.581336 	0.905883 	0.930390 	0.111803 	0.437321 	0.667083 	0.579871 	1.901480 	0.910014 	0.226385 	0.986154 	1.229837 	1.719193 	1.885802 	1.396648 	1.141271 	0.167705 	1.155692 	0.180278 	1.110462 	0.875000 	0.254951 	1.210372 	1.123610 	1.110180 	1.060955 	0.707107 	1.968661 	2.475505 	2.454587 	1.300240 	1.454519 	1.110462 	0.436606 	0.896172 	1.430035 	1.480076 	2.370258 	1.352082 	1.017964 	1.256234 	
0.213600 	1.614001 	0.465027 	0.055902 	0.566789 	1.539683 	1.527457 	0.215058 	9.000000 	1.947434 	1.375000 	1.119431 	1.144825 	0.257391 	0.471699 	0.525595 	0.776209 	1.711177 	0.695072 	0.111803 	1.200521 	1.442654 	1.511001 	1.680030 	1.184536 	1.355083 	0.201556 	0.941076 	0.226385 	1.325000 	1.090011 	0.437321 	0.995615 	1.338376 	0.895126 	0.845946 	0.919918 	1.760859 	2.276648 	2.255271 	1.085415 	1.668270 	0.896172 	0.614919 	0.687841 	1.215010 	1.265158 	2.165208 	1.137157 	0.807775 	1.041933 	
1.990760 	3.297347 	1.487027 	1.916540 	1.398660 	0.419076 	3.271563 	2.143887 	1.947434 	9.000000 	0.612882 	2.961102 	2.999271 	2.204824 	1.981161 	1.526843 	2.549510 	0.270416 	1.336273 	2.012461 	3.050615 	3.254420 	0.525000 	0.353553 	0.859142 	3.186887 	2.135562 	1.122776 	2.157835 	3.172637 	2.975420 	2.384586 	1.089151 	3.191591 	1.196349 	1.250250 	2.836591 	0.357946 	0.336341 	0.318198 	1.029866 	3.483622 	1.262191 	2.561860 	1.505199 	0.975320 	0.926350 	0.328824 	1.075000 	1.414214 	1.176063 	
1.449569 	2.836040 	0.910014 	1.350926 	0.811249 	0.200000 	2.790161 	1.581336 	1.375000 	0.612882 	9.000000 	2.441823 	2.475884 	1.630376 	1.491015 	1.026219 	2.042211 	0.460977 	0.728869 	1.428504 	2.529452 	2.749659 	0.145774 	0.305164 	0.250000 	2.674065 	1.553222 	0.509902 	1.574206 	2.653771 	2.439775 	1.810559 	0.477624 	2.670791 	0.583631 	0.637377 	2.285963 	0.388909 	0.919239 	0.896172 	0.425735 	2.980143 	0.651920 	1.983053 	0.892328 	0.403887 	0.369121 	0.790569 	0.491172 	0.803508 	0.579871 	
0.995615 	0.583631 	1.555032 	1.123610 	1.665270 	2.581182 	0.450000 	0.905883 	1.119431 	2.961102 	2.441823 	9.000000 	0.050000 	0.910014 	0.985203 	1.434617 	0.416083 	2.701851 	1.810041 	1.119431 	0.090139 	0.325000 	2.584811 	2.740552 	2.280351 	0.235850 	1.012423 	2.052438 	1.004054 	0.212132 	0.141421 	0.770146 	2.107872 	0.230489 	2.011374 	1.963734 	0.309233 	2.830415 	3.297347 	3.278433 	2.198010 	0.548862 	2.015564 	0.700000 	1.800347 	2.329834 	2.378287 	3.217530 	2.255271 	1.923051 	2.161308 	
1.027740 	0.594243 	1.585284 	1.151086 	1.695029 	2.617250 	0.452769 	0.930390 	1.144825 	2.999271 	2.475884 	0.050000 	9.000000 	0.929045 	1.026219 	1.472455 	0.458939 	2.740894 	1.837457 	1.140449 	0.055902 	0.309233 	2.618444 	2.775450 	2.311385 	0.213600 	1.030776 	2.080865 	1.021335 	0.180278 	0.111803 	0.783023 	2.136147 	0.195256 	2.038535 	1.990289 	0.301040 	2.864655 	3.335416 	3.316342 	2.226264 	0.525595 	2.040833 	0.701783 	1.822430 	2.357568 	2.406502 	3.253459 	2.281721 	1.945668 	2.186607 	
0.309233 	1.442654 	0.721110 	0.292617 	0.820061 	1.796698 	1.340009 	0.111803 	0.257391 	2.204824 	1.630376 	0.910014 	0.929045 	9.000000 	0.548862 	0.756637 	0.625500 	1.968026 	0.937083 	0.215058 	0.984886 	1.234909 	1.765113 	1.935523 	1.434617 	1.142366 	0.103078 	1.184536 	0.100000 	1.107080 	0.862047 	0.180278 	1.237942 	1.118034 	1.133578 	1.081954 	0.680074 	2.015099 	2.533895 	2.512469 	1.326885 	1.454519 	1.125000 	0.357946 	0.896172 	1.453444 	1.505199 	2.420873 	1.370447 	1.020416 	1.270089 	
0.265754 	1.346291 	0.686477 	0.425000 	0.794512 	1.613420 	1.300240 	0.437321 	0.471699 	1.981161 	1.491015 	0.985203 	1.026219 	0.548862 	9.000000 	0.465027 	0.570088 	1.719193 	0.965984 	0.570088 	1.075291 	1.273283 	1.636498 	1.780449 	1.364047 	1.206752 	0.585769 	1.178187 	0.605186 	1.195042 	1.017657 	0.649038 	1.233390 	1.215010 	1.158123 	1.122776 	0.917197 	1.875000 	2.317461 	2.299185 	1.320275 	1.502706 	1.191900 	0.809707 	1.050297 	1.454734 	1.495201 	2.248472 	1.401116 	1.151086 	1.328768 	
0.482830 	1.810041 	0.335410 	0.475000 	0.412311 	1.150272 	1.765113 	0.667083 	0.525595 	1.526843 	1.026219 	1.434617 	1.472455 	0.756637 	0.465027 	9.000000 	1.025305 	1.270089 	0.583631 	0.629484 	1.523975 	1.732772 	1.171804 	1.315770 	0.910014 	1.662077 	0.725000 	0.753741 	0.750000 	1.646398 	1.450216 	0.921954 	0.806226 	1.665083 	0.750000 	0.726722 	1.320984 	1.410009 	1.862961 	1.843909 	0.887764 	1.962938 	0.803508 	1.103687 	0.738664 	1.019804 	1.055047 	1.786232 	0.980115 	0.807001 	0.925000 	
0.614919 	0.838153 	1.175266 	0.766893 	1.286954 	2.175000 	0.760345 	0.579871 	0.776209 	2.549510 	2.042211 	0.416083 	0.458939 	0.625500 	0.570088 	1.025305 	9.000000 	2.288695 	1.442437 	0.806226 	0.506211 	0.707990 	2.186464 	2.337734 	1.892914 	0.637377 	0.725000 	1.677982 	0.725431 	0.625000 	0.467039 	0.553399 	1.733854 	0.645174 	1.643548 	1.599414 	0.431567 	2.429635 	2.885849 	2.867272 	1.823630 	0.938416 	1.657747 	0.590021 	1.463087 	1.957358 	2.003278 	2.811250 	1.889610 	1.581139 	1.802255 	
1.741049 	3.029130 	1.258223 	1.677051 	1.178187 	0.269258 	3.005412 	1.901480 	1.711177 	0.270416 	0.460977 	2.701851 	2.740894 	1.968026 	1.719193 	1.270089 	2.288695 	9.000000 	1.138530 	1.782730 	2.791617 	2.991760 	0.437321 	0.340037 	0.707107 	2.925854 	1.903943 	0.950000 	1.926947 	2.912902 	2.720294 	2.146654 	0.926350 	2.932256 	1.025000 	1.075291 	2.586624 	0.413824 	0.602080 	0.585769 	0.883883 	3.220443 	1.101136 	2.325941 	1.327121 	0.862047 	0.822344 	0.585235 	0.951972 	1.250250 	1.039832 	
0.827647 	2.275000 	0.279509 	0.686477 	0.175000 	0.917197 	2.202555 	0.910014 	0.695072 	1.336273 	0.728869 	1.810041 	1.837457 	0.937083 	0.965984 	0.583631 	1.442437 	1.138530 	9.000000 	0.725000 	1.892914 	2.130874 	0.850000 	1.028652 	0.506211 	2.045880 	0.849264 	0.247487 	0.867828 	2.017734 	1.785007 	1.113833 	0.301040 	2.031779 	0.201556 	0.158114 	1.613420 	1.097725 	1.648105 	1.625000 	0.390512 	2.358495 	0.226385 	1.277204 	0.223607 	0.520216 	0.570088 	1.510381 	0.447214 	0.235850 	0.364006 	
0.305164 	1.637834 	0.525595 	0.167705 	0.617454 	1.600195 	1.542117 	0.226385 	0.111803 	2.012461 	1.428504 	1.119431 	1.140449 	0.215058 	0.570088 	0.629484 	0.806226 	1.782730 	0.725000 	9.000000 	1.196349 	1.444386 	1.560649 	1.733494 	1.226020 	1.353237 	0.125000 	0.972432 	0.145774 	1.319327 	1.076162 	0.388909 	1.025305 	1.330883 	0.919918 	0.867828 	0.895126 	1.810559 	2.338402 	2.316517 	1.113833 	1.666021 	0.910014 	0.555090 	0.682367 	1.239455 	1.291559 	2.218812 	1.155692 	0.806226 	1.055047 	
1.081954 	0.553399 	1.640122 	1.206493 	1.750000 	2.669855 	0.406971 	0.986154 	1.200521 	3.050615 	2.529452 	0.090139 	0.055902 	0.984886 	1.075291 	1.523975 	0.506211 	2.791617 	1.892914 	1.196349 	9.000000 	0.254951 	2.672195 	2.828648 	2.366036 	0.158114 	1.086566 	2.136147 	1.077033 	0.125000 	0.152069 	0.838153 	2.191461 	0.141421 	2.094039 	2.045880 	0.350000 	2.918154 	3.386831 	3.367863 	2.281584 	0.469707 	2.096575 	0.753741 	1.878330 	2.412986 	2.461833 	3.306150 	2.337333 	2.001562 	2.242348 	
