Total assets = 640
Number of asset nodes = 34

Distance:
999.000000 	28.231188 	9.848858 	27.892651 	54.589375 	132.136292 	123.166557 	77.103828 	70.830788 	14.560220 	23.000000 	38.832977 	57.584721 	61.098282 	8.602325 	86.556343 	72.201111 	82.462112 	23.345236 	90.735878 	33.015148 	132.943604 	142.425415 	84.599052 	87.817993 	73.006851 	33.060551 	75.239616 	31.827662 	46.389652 	29.614185 	81.024689 	42.011902 	35.510563 	98.005104 	49.040798 	28.653097 	36.878178 	32.310989 	40.447498 	58.549126 	57.428215 	30.232433 	35.227829 	98.081596 	45.310043 	50.695168 	61.204575 	56.293873 	58.855755 	50.119858 	64.884514 	
28.231188 	999.000000 	38.078865 	55.973209 	26.627054 	107.912003 	98.229324 	49.678970 	43.011627 	19.209373 	11.401754 	12.369317 	29.410883 	32.893768 	33.541019 	60.207973 	45.254833 	55.901699 	15.297058 	63.007935 	12.206555 	107.447662 	117.643532 	56.603886 	59.908264 	44.777225 	14.764823 	47.010635 	59.076221 	20.615528 	17.262676 	52.801514 	69.641945 	19.235384 	69.971420 	24.698177 	25.019993 	21.470911 	23.345236 	22.022715 	32.140316 	31.257000 	28.017851 	31.144823 	69.892776 	32.249031 	33.241539 	38.483765 	37.013512 	38.275318 	39.357338 	50.328918 	
9.848858 	38.078865 	999.000000 	18.248287 	64.412735 	141.014191 	132.245987 	86.821655 	80.622574 	23.000000 	32.249031 	48.507732 	67.416618 	70.936592 	9.219544 	96.046867 	81.841309 	92.005432 	32.000000 	100.498756 	42.296574 	142.144287 	151.426544 	94.413979 	97.616600 	82.855293 	42.047592 	85.088188 	22.803509 	55.901699 	38.052597 	90.873535 	32.557640 	44.045429 	107.823929 	58.309521 	35.440090 	45.177429 	39.812057 	49.040798 	68.066147 	66.910385 	36.400551 	41.231056 	107.912003 	52.630791 	58.694122 	70.007141 	64.498062 	67.268120 	56.648037 	71.784401 	
27.892651 	55.973209 	18.248287 	999.000000 	81.939003 	155.569916 	147.322769 	103.831596 	97.943863 	41.109608 	50.487621 	66.708321 	85.381500 	88.865067 	23.323807 	112.329872 	98.615417 	108.452751 	50.089920 	117.647781 	60.530983 	157.492859 	166.243790 	111.825760 	114.934761 	100.657837 	60.207973 	102.883430 	15.524175 	74.148499 	56.008926 	108.632408 	19.924858 	62.008064 	125.239769 	76.531036 	52.469040 	63.007935 	57.218880 	67.007462 	86.313385 	85.158676 	52.952808 	57.489128 	125.865005 	69.720871 	76.236473 	88.022728 	82.152298 	85.052925 	73.006851 	88.294960 	
54.589375 	26.627054 	64.412735 	81.939003 	999.000000 	84.095184 	73.824112 	23.345236 	16.401220 	45.343136 	36.069378 	20.591261 	8.485281 	9.848858 	58.872746 	34.985710 	19.723083 	30.528675 	39.051247 	36.400551 	29.154760 	82.377182 	93.150414 	30.016663 	33.286633 	19.235384 	31.764761 	21.377558 	85.702972 	20.099751 	37.215588 	26.925823 	96.254868 	34.539833 	43.416588 	24.020824 	46.141087 	36.055511 	42.047592 	32.984844 	20.591261 	21.023796 	48.764740 	49.769470 	44.721359 	43.416588 	39.012817 	33.615471 	38.639359 	37.363083 	50.159744 	54.129475 	
132.136292 	107.912003 	141.014191 	155.569916 	84.095184 	999.000000 	11.045361 	62.297672 	69.892776 	127.027557 	118.848640 	104.651802 	87.315521 	84.433403 	133.003754 	49.396355 	64.474800 	53.851646 	122.298813 	54.451813 	113.145920 	11.401754 	11.180340 	61.814240 	58.549126 	74.953316 	115.831772 	73.545906 	163.783386 	103.247276 	121.198181 	69.720871 	173.415680 	118.595955 	55.036350 	105.948097 	130.142227 	120.016663 	126.142776 	116.619041 	97.529480 	98.762344 	132.823196 	133.824509 	68.468971 	126.194298 	120.208153 	109.444046 	117.630775 	114.978256 	132.196823 	131.400146 	
123.166557 	98.229324 	132.245987 	147.322769 	73.824112 	11.045361 	999.000000 	51.623638 	59.236813 	117.413795 	109.000000 	94.413979 	76.694199 	73.736015 	124.482933 	38.910152 	54.120235 	43.382023 	112.361023 	43.416588 	102.956299 	10.770329 	19.416489 	50.803543 	47.518417 	64.031242 	105.588821 	62.585941 	154.935471 	92.703827 	111.018013 	58.694122 	164.757401 	108.226616 	44.102154 	95.273293 	119.954155 	109.590149 	115.836090 	106.103722 	86.683334 	87.931793 	122.588745 	123.438240 	57.706154 	115.520561 	109.416634 	98.488579 	106.737999 	104.048065 	121.433105 	120.415947 	
77.103828 	49.678970 	86.821655 	103.831596 	23.345236 	62.297672 	51.623638 	999.000000 	7.615773 	68.622154 	59.413803 	43.600460 	25.079872 	22.135944 	80.529495 	13.152946 	6.000000 	9.000000 	62.369865 	13.928389 	52.201534 	59.539902 	70.682388 	10.198039 	12.041595 	14.317822 	54.644306 	13.928389 	108.600182 	41.146080 	60.216278 	14.142136 	119.037811 	56.938564 	22.360680 	43.657761 	69.065186 	58.180752 	64.660652 	54.561890 	35.510563 	36.674240 	71.561165 	72.069412 	29.410883 	63.906181 	57.974133 	48.093658 	55.731499 	53.338543 	69.921387 	70.178345 	
70.830788 	43.011627 	80.622574 	97.943863 	16.401220 	69.892776 	59.236813 	7.615773 	999.000000 	61.717098 	52.345009 	36.235340 	17.464249 	14.560220 	74.732857 	20.615528 	7.615773 	16.278820 	55.172459 	20.000000 	44.821869 	67.119293 	78.294319 	13.928389 	17.000000 	9.219544 	47.201694 	10.000000 	102.078400 	33.541019 	52.801514 	13.341664 	112.605507 	49.396355 	27.313000 	36.055511 	61.611687 	50.606323 	57.140179 	46.957428 	28.160255 	29.274563 	64.070274 	64.498062 	31.064449 	56.302753 	50.447994 	41.000000 	48.373547 	46.097721 	62.361847 	63.031738 	
14.560220 	19.209373 	23.000000 	41.109608 	45.343136 	127.027557 	117.413795 	68.622154 	61.717098 	999.000000 	9.848858 	26.832815 	46.647614 	50.249378 	22.847319 	79.397736 	64.381676 	75.073296 	9.000000 	81.688431 	19.646883 	126.657021 	136.824707 	75.000000 	78.409180 	62.433964 	19.104973 	64.660652 	41.146080 	33.526108 	15.132746 	70.491135 	51.894123 	21.095022 	88.232651 	35.510563 	14.866069 	22.360680 	17.888544 	26.076809 	45.607018 	44.384682 	17.029387 	21.931713 	86.764046 	30.870699 	36.138622 	47.010635 	41.773197 	44.407207 	36.055511 	50.537113 	
23.000000 	11.401754 	32.249031 	50.487621 	36.069378 	118.848640 	109.000000 	59.413803 	52.345009 	9.848858 	999.000000 	17.000000 	36.891735 	40.496914 	30.413813 	70.604530 	55.443665 	66.219330 	4.000000 	72.249565 	10.049875 	118.004234 	128.413391 	65.436989 	68.883957 	52.697250 	10.198039 	54.918121 	50.990196 	23.769728 	8.485281 	60.745369 	61.741398 	13.416408 	78.600258 	26.076809 	14.142136 	15.264338 	13.892444 	18.027756 	35.902645 	34.713108 	17.117243 	20.880613 	76.922035 	25.495098 	29.068884 	38.327538 	34.176014 	36.400551 	31.890438 	45.000000 	
38.832977 	12.369317 	48.507732 	66.708321 	20.591261 	104.651802 	94.413979 	43.600460 	36.235340 	26.832815 	17.000000 	999.000000 	20.000000 	23.600847 	45.099888 	55.569775 	40.311287 	51.107731 	19.209373 	55.865910 	8.602325 	102.927162 	113.740936 	48.836460 	52.345009 	35.805027 	11.180340 	38.013157 	67.977936 	8.246211 	16.643316 	43.829212 	78.721024 	14.317822 	61.846584 	12.529964 	25.553865 	16.124516 	21.540659 	14.142136 	20.000000 	19.026299 	28.178005 	29.410883 	59.933296 	25.317978 	23.706539 	26.419689 	26.248810 	26.907248 	32.557640 	40.816662 	
57.584721 	29.410883 	67.416618 	85.381500 	8.485281 	87.315521 	76.694199 	25.079872 	17.464249 	46.647614 	36.891735 	20.000000 	999.000000 	3.605551 	62.817196 	37.947330 	23.345236 	33.526108 	39.204590 	36.235340 	28.319605 	84.534019 	95.754898 	29.000000 	32.557640 	15.811388 	30.413813 	18.027756 	87.709747 	16.124516 	36.069378 	23.853722 	98.412399 	32.202484 	41.868843 	18.681541 	44.687805 	33.286633 	40.000000 	29.529646 	12.649111 	13.341664 	47.010635 	47.169907 	40.496914 	38.897301 	33.376640 	25.961510 	32.015621 	30.265491 	45.122055 	47.265209 	
61.098282 	32.893768 	70.936592 	88.865067 	9.848858 	84.433403 	73.736015 	22.135944 	14.560220 	50.249378 	40.496914 	23.600847 	3.605551 	999.000000 	66.219330 	35.171009 	21.023796 	30.805843 	42.801868 	32.802441 	31.890438 	81.394104 	92.703827 	25.495098 	29.068884 	12.206555 	33.941124 	14.422205 	91.301697 	19.416489 	39.597980 	20.248457 	102.000000 	35.608986 	38.288380 	21.540659 	48.166378 	36.619667 	43.416588 	32.756680 	14.035668 	15.000000 	50.447994 	50.477718 	37.000000 	41.785164 	35.902645 	27.294687 	34.058773 	32.015621 	47.801674 	49.040798 	
8.602325 	33.541019 	9.219544 	23.323807 	58.872746 	133.003754 	124.482933 	80.529495 	74.732857 	22.847319 	30.413813 	45.099888 	62.817196 	66.219330 	999.000000 	89.050545 	75.292763 	85.146935 	31.320919 	94.366310 	40.199501 	134.536240 	143.544418 	88.639717 	91.706055 	77.794601 	40.607880 	80.006248 	31.384710 	53.009434 	37.643059 	85.702972 	40.459858 	43.416588 	102.044106 	56.080299 	37.215588 	44.922153 	40.718548 	48.270073 	65.069191 	64.031242 	38.832977 	43.829212 	103.160072 	53.712196 	58.821766 	68.731361 	64.288414 	66.708321 	58.668560 	73.348480 	
86.556343 	60.207973 	96.046867 	112.329872 	34.985710 	49.396355 	38.910152 	13.152946 	20.615528 	79.397736 	70.604530 	55.569775 	37.947330 	35.171009 	89.050545 	999.000000 	15.264338 	4.472136 	73.817345 	13.601471 	64.140472 	47.434166 	58.180752 	17.000000 	15.620500 	27.018513 	66.730804 	26.172504 	118.342720 	53.851646 	72.201111 	24.351591 	128.549606 	69.318108 	21.931713 	56.612720 	81.123360 	70.682388 	76.941536 	67.230942 	48.662102 	49.819675 	83.725746 	84.528099 	34.058773 	76.843994 	71.063354 	61.204575 	68.883957 	66.483078 	82.969872 	83.294655 	
72.201111 	45.254833 	81.841309 	98.615417 	19.723083 	64.474800 	54.120235 	6.000000 	7.615773 	64.381676 	55.443665 	40.311287 	23.345236 	21.023796 	75.292763 	15.264338 	999.000000 	10.816654 	58.600342 	19.646883 	48.877399 	62.681736 	73.430237 	16.124516 	18.027756 	16.643316 	51.478149 	17.029387 	103.855667 	38.897301 	56.938564 	18.867962 	114.201576 	54.129475 	28.284271 	41.976185 	65.863495 	55.542778 	61.717098 	52.201534 	35.000000 	36.013885 	68.476273 	69.354164 	35.171009 	62.096699 	56.718605 	48.093658 	55.081757 	53.000000 	68.447060 	70.007141 	
82.462112 	55.901699 	92.005432 	108.452751 	30.528675 	53.851646 	43.382023 	9.000000 	16.278820 	75.073296 	66.219330 	51.107731 	33.526108 	30.805843 	85.146935 	4.472136 	10.816654 	999.000000 	69.404610 	13.601471 	59.682495 	51.865211 	62.649822 	14.866069 	14.422205 	23.194826 	62.265560 	22.561028 	114.214706 	49.396355 	67.742157 	21.470911 	124.470879 	64.845970 	22.561028 	52.201534 	76.661591 	66.211784 	72.470680 	62.769421 	44.407207 	45.541191 	79.259071 	80.056229 	33.286633 	72.422371 	66.708321 	57.078892 	64.629715 	62.289646 	78.587532 	79.158073 	
23.345236 	15.297058 	32.000000 	50.089920 	39.051247 	122.298813 	112.361023 	62.369865 	55.172459 	9.000000 	4.000000 	19.209373 	39.204590 	42.801868 	31.320919 	73.817345 	58.600342 	69.404610 	999.000000 	74.966660 	11.180340 	121.247681 	131.764938 	68.014702 	71.505241 	55.000000 	10.198039 	57.201397 	49.396355 	25.079872 	6.324555 	63.007935 	60.166435 	12.165525 	81.055534 	26.683329 	10.198039 	13.601471 	10.630146 	17.117243 	37.000000 	35.735138 	13.152946 	17.088007 	78.771820 	23.021729 	27.513634 	38.013157 	32.984844 	35.510563 	29.000000 	42.720020 	
90.735878 	63.007935 	100.498756 	117.647781 	36.400551 	54.451813 	43.416588 	13.928389 	20.000000 	81.688431 	72.249565 	55.865910 	36.235340 	32.802441 	94.366310 	13.601471 	19.646883 	13.601471 	74.966660 	999.000000 	64.381676 	49.648766 	61.400326 	7.615773 	4.123106 	21.470911 	66.603302 	19.697716 	122.065559 	52.201534 	72.249565 	15.297058 	132.574509 	68.410522 	9.055386 	53.851646 	80.919716 	69.404610 	76.216797 	65.459915 	44.283180 	45.617977 	83.240616 	83.234612 	20.518284 	73.824112 	67.119293 	55.362442 	63.906181 	61.032780 	79.202271 	77.129761 	
33.015148 	12.206555 	42.296574 	60.530983 	29.154760 	113.145920 	102.956299 	52.201534 	44.821869 	19.646883 	10.049875 	8.602325 	28.319605 	31.890438 	40.199501 	64.140472 	48.877399 	59.682495 	11.180340 	64.381676 	999.000000 	111.516815 	122.298813 	57.280014 	60.811184 	44.045429 	3.000000 	46.227695 	60.539242 	13.928389 	8.062258 	52.009613 	71.309189 	7.280110 	70.178345 	16.031219 	17.000000 	9.486833 	13.341664 	9.899495 	25.961510 	24.738634 	19.697716 	21.377558 	67.601776 	20.124611 	21.260292 	28.635643 	25.553865 	27.313000 	27.313000 	38.209946 	
132.943604 	107.447662 	142.144287 	157.492859 	82.377182 	11.401754 	10.770329 	59.539902 	67.119293 	126.657021 	118.004234 	102.927162 	84.534019 	81.394104 	134.536240 	47.434166 	62.681736 	51.865211 	121.247681 	49.648766 	111.516815 	999.000000 	12.041595 	57.245087 	53.758720 	70.936592 	114.057007 	69.289246 	164.757401 	100.647903 	119.570061 	64.845970 	174.691162 	116.468880 	48.507732 	102.883430 	128.471786 	117.720009 	124.169243 	114.061386 	93.776329 	95.078911 	131.026718 	131.609268 	61.008198 	123.065025 	116.619041 	104.995239 	113.547348 	110.679718 	128.693436 	126.649124 	
142.425415 	117.643532 	151.426544 	166.243790 	93.150414 	11.180340 	19.416489 	70.682388 	78.294319 	136.824707 	128.413391 	113.740936 	95.754898 	92.703827 	143.544418 	58.180752 	73.430237 	62.649822 	131.764938 	61.400326 	122.298813 	12.041595 	999.000000 	68.963760 	65.520988 	82.540901 	124.907967 	80.956779 	174.155106 	111.825760 	130.361038 	76.655075 	183.896713 	127.475487 	60.530983 	114.236595 	139.291061 	128.798294 	135.118469 	125.239769 	105.342300 	106.625511 	141.904892 	142.667450 	73.027390 	134.461884 	128.160049 	116.760437 	125.227791 	122.413231 	140.217682 	138.495483 	
84.599052 	56.603886 	94.413979 	111.825760 	30.016663 	61.814240 	50.803543 	10.198039 	13.928389 	75.000000 	65.436989 	48.836460 	29.000000 	25.495098 	88.639717 	17.000000 	16.124516 	14.866069 	68.014702 	7.615773 	57.280014 	57.245087 	68.963760 	999.000000 	3.605551 	13.892444 	59.413803 	12.083046 	115.663307 	44.821869 	65.069191 	8.000000 	126.245789 	61.073727 	13.416408 	46.324940 	73.661385 	62.008064 	68.883957 	58.008621 	36.674240 	38.013157 	75.927597 	75.802376 	19.313208 	66.241982 	59.506302 	47.801674 	56.302753 	53.450912 	71.589104 	69.634758 	
87.817993 	59.908264 	97.616600 	114.934761 	33.286633 	58.549126 	47.518417 	12.041595 	17.000000 	78.409180 	68.883957 	52.345009 	32.557640 	29.068884 	91.706055 	15.620500 	18.027756 	14.422205 	71.505241 	4.123106 	60.811184 	53.758720 	65.520988 	3.605551 	999.000000 	17.492855 	62.968246 	15.652476 	118.983192 	48.414875 	68.622154 	11.180340 	129.541504 	64.660652 	10.440307 	49.929951 	77.233414 	65.604881 	72.470680 	61.611687 	40.249222 	41.593269 	79.511009 	79.404030 	18.867962 	69.835518 	63.071388 	51.244511 	59.808025 	56.920998 	75.153175 	73.006851 	
73.006851 	44.777225 	82.855293 	100.657837 	19.235384 	74.953316 	64.031242 	14.317822 	9.219544 	62.433964 	52.697250 	35.805027 	15.811388 	12.206555 	77.794601 	27.018513 	16.643316 	23.194826 	55.000000 	21.470911 	44.045429 	70.936592 	82.540901 	13.892444 	17.492855 	999.000000 	46.010868 	2.236068 	103.445641 	31.144823 	51.662365 	8.062258 	114.127121 	47.423622 	26.172504 	32.449963 	60.108234 	48.270073 	55.226807 	44.204071 	22.847319 	24.166092 	62.289646 	62.008064 	25.495098 	52.354561 	45.694637 	34.525352 	42.720020 	40.024994 	57.775429 	56.568542 	
33.060551 	14.764823 	42.047592 	60.207973 	31.764761 	115.831772 	105.588821 	54.644306 	47.201694 	19.104973 	10.198039 	11.180340 	30.413813 	33.941124 	40.607880 	66.730804 	51.478149 	62.265560 	10.198039 	66.603302 	3.000000 	114.057007 	124.907967 	59.413803 	62.968246 	46.010868 	999.000000 	48.166378 	59.464275 	15.264338 	5.656854 	53.907330 	70.228203 	4.472136 	72.180328 	16.492422 	14.422205 	6.708204 	10.440307 	8.062258 	26.925823 	25.632011 	17.000000 	18.439089 	69.115845 	17.492855 	19.416489 	28.160255 	24.166092 	26.248810 	24.596748 	36.069378 	
75.239616 	47.010635 	85.088188 	102.883430 	21.377558 	73.545906 	62.585941 	13.928389 	10.000000 	64.660652 	54.918121 	38.013157 	18.027756 	14.422205 	80.006248 	26.172504 	17.029387 	22.561028 	57.201397 	19.697716 	46.227695 	69.289246 	80.956779 	12.083046 	15.652476 	2.236068 	48.166378 	999.000000 	105.678757 	33.241539 	53.814495 	5.830952 	116.361504 	49.517673 	24.041630 	34.409302 	62.225395 	50.328918 	57.314919 	46.227695 	24.596748 	25.942244 	64.381676 	64.031242 	23.345236 	54.203320 	47.423622 	35.902645 	44.271889 	41.484936 	59.506302 	57.870544 	
31.827662 	59.076221 	22.803509 	15.524175 	85.702972 	163.783386 	154.935471 	108.600182 	102.078400 	41.146080 	50.990196 	67.977936 	87.709747 	91.301697 	31.384710 	118.342720 	103.855667 	114.214706 	49.396355 	122.065559 	60.539242 	164.757401 	174.155106 	115.663307 	118.983192 	103.445641 	59.464275 	105.678757 	999.000000 	74.464760 	54.405884 	111.507851 	10.770329 	60.166435 	129.003876 	75.894661 	48.662102 	60.638271 	53.935146 	65.000000 	86.377083 	85.094063 	48.259712 	52.038448 	127.910126 	65.192024 	72.560318 	85.702972 	78.638412 	81.884064 	67.029846 	82.152298 	
46.389652 	20.615528 	55.901699 	74.148499 	20.099751 	103.247276 	92.703827 	41.146080 	33.541019 	33.526108 	23.769728 	8.246211 	16.124516 	19.416489 	53.009434 	53.851646 	38.897301 	49.396355 	25.079872 	52.201534 	13.928389 	100.647903 	111.825760 	44.821869 	48.414875 	31.144823 	15.264338 	33.241539 	74.464760 	999.000000 	20.808653 	38.897301 	85.234970 	16.278820 	57.280014 	5.000000 	29.000000 	17.204651 	24.083189 	13.416408 	12.165525 	11.045361 	31.144823 	31.064449 	53.851646 	23.345236 	19.235384 	18.601076 	20.124611 	20.000000 	30.066593 	35.468296 	
29.614185 	17.262676 	38.052597 	56.008926 	37.215588 	121.198181 	111.018013 	60.216278 	52.801514 	15.132746 	8.485281 	16.643316 	36.069378 	39.597980 	37.643059 	72.201111 	56.938564 	67.742157 	6.324555 	72.249565 	8.062258 	119.570061 	130.361038 	65.069191 	68.622154 	51.662365 	5.656854 	53.814495 	54.405884 	20.808653 	999.000000 	59.548298 	65.145988 	6.000000 	77.833153 	21.540659 	8.944272 	7.280110 	6.082763 	11.000000 	32.202484 	30.870699 	11.704700 	14.000000 	74.625732 	17.029387 	21.189621 	32.015621 	26.683329 	29.274563 	23.430750 	36.619667 	
81.024689 	52.801514 	90.873535 	108.632408 	26.925823 	69.720871 	58.694122 	14.142136 	13.341664 	70.491135 	60.745369 	43.829212 	23.853722 	20.248457 	85.702972 	24.351591 	18.867962 	21.470911 	63.007935 	15.297058 	52.009613 	64.845970 	76.655075 	8.000000 	11.180340 	8.062258 	53.907330 	5.830952 	111.507851 	38.897301 	59.548298 	999.000000 	122.188377 	55.154327 	18.439089 	39.824615 	67.896980 	55.901699 	62.936478 	51.739735 	29.681644 	31.064449 	70.007141 	69.526970 	18.027756 	59.363289 	52.354561 	40.162170 	48.846699 	45.880280 	64.412735 	61.846584 	
42.011902 	69.641945 	32.557640 	19.924858 	96.254868 	173.415680 	164.757401 	119.037811 	112.605507 	51.894123 	61.741398 	78.721024 	98.412399 	102.000000 	40.459858 	128.549606 	114.201576 	124.470879 	60.166435 	132.574509 	71.309189 	174.691162 	183.896713 	126.245789 	129.541504 	114.127121 	70.228203 	116.361504 	10.770329 	85.234970 	65.145988 	122.188377 	999.000000 	70.880180 	139.606583 	86.648720 	59.228371 	71.309189 	64.536812 	75.690155 	97.144226 	95.859268 	58.694122 	62.289646 	138.654251 	75.538071 	83.024094 	96.317184 	89.106674 	92.395889 	77.025970 	92.005432 	
35.510563 	19.235384 	44.045429 	62.008064 	34.539833 	118.595955 	108.226616 	56.938564 	49.396355 	21.095022 	13.416408 	14.317822 	32.202484 	35.608986 	43.416588 	69.318108 	54.129475 	64.845970 	12.165525 	68.410522 	7.280110 	116.468880 	127.475487 	61.073727 	64.660652 	47.423622 	4.472136 	49.517673 	60.166435 	16.278820 	6.000000 	55.154327 	70.880180 	999.000000 	73.552704 	16.124516 	12.806249 	2.236068 	7.810250 	5.000000 	26.925823 	25.553865 	14.866069 	15.231546 	69.634758 	13.038404 	15.652476 	26.019224 	20.880613 	23.345236 	20.124611 	31.890438 	
98.005104 	69.971420 	107.823929 	125.239769 	43.416588 	55.036350 	44.102154 	22.360680 	27.313000 	88.232651 	78.600258 	61.846584 	41.868843 	38.288380 	102.044106 	21.931713 	28.284271 	22.561028 	81.055534 	9.055386 	70.178345 	48.507732 	60.530983 	13.416408 	10.440307 	26.172504 	72.180328 	24.041630 	129.003876 	57.280014 	77.833153 	18.439089 	139.606583 	73.552704 	999.000000 	58.258045 	86.267029 	74.330345 	81.344948 	70.178345 	48.010414 	49.406479 	88.413803 	87.965904 	14.317822 	77.665955 	70.491135 	57.697487 	66.648331 	63.505905 	82.492424 	78.771820 	
49.040798 	24.698177 	58.309521 	76.531036 	24.020824 	105.948097 	95.273293 	43.657761 	36.055511 	35.510563 	26.076809 	12.529964 	18.681541 	21.540659 	56.080299 	56.612720 	41.976185 	52.201534 	26.683329 	53.851646 	16.031219 	102.883430 	114.236595 	46.324940 	49.929951 	32.449963 	16.492422 	34.409302 	75.894661 	5.000000 	21.540659 	39.824615 	86.648720 	16.124516 	58.258045 	999.000000 	28.844410 	16.401220 	23.600847 	12.041595 	10.816654 	9.433981 	30.610456 	29.732138 	53.600372 	20.248457 	15.000000 	13.892444 	15.231546 	15.000000 	26.476404 	30.675724 	
28.653097 	25.019993 	35.440090 	52.469040 	46.141087 	130.142227 	119.954155 	69.065186 	61.611687 	14.866069 	14.142136 	25.553865 	44.687805 	48.166378 	37.215588 	81.123360 	65.863495 	76.661591 	10.198039 	80.919716 	17.000000 	128.471786 	139.291061 	73.661385 	77.233414 	60.108234 	14.422205 	62.225395 	48.662102 	29.000000 	8.944272 	67.896980 	59.228371 	12.806249 	86.267029 	28.844410 	999.000000 	12.529964 	5.385165 	17.000000 	39.661064 	38.275318 	3.000000 	7.211102 	82.419655 	17.262676 	24.020824 	37.107952 	30.066593 	33.241539 	21.470911 	36.400551 	
36.878178 	21.470911 	45.177429 	63.007935 	36.055511 	120.016663 	109.590149 	58.180752 	50.606323 	22.360680 	15.264338 	16.124516 	33.286633 	36.619667 	44.922153 	70.682388 	55.542778 	66.211784 	13.601471 	69.404610 	9.486833 	117.720009 	128.798294 	62.008064 	65.604881 	48.270073 	6.708204 	50.328918 	60.638271 	17.204651 	7.280110 	55.901699 	71.309189 	2.236068 	74.330345 	16.401220 	12.529964 	999.000000 	7.211102 	4.472136 	27.202942 	25.806976 	14.212670 	13.892444 	70.000000 	10.816654 	13.928389 	25.179358 	19.416489 	22.090721 	17.888544 	29.832869 	
32.310989 	23.345236 	39.812057 	57.218880 	42.047592 	126.142776 	115.836090 	64.660652 	57.140179 	17.888544 	13.892444 	21.540659 	40.000000 	43.416588 	40.718548 	76.941536 	61.717098 	72.470680 	10.630146 	76.216797 	13.341664 	124.169243 	135.118469 	68.883957 	72.470680 	55.226807 	10.440307 	57.314919 	53.935146 	24.083189 	6.082763 	62.936478 	64.536812 	7.810250 	81.344948 	23.600847 	5.385165 	7.211102 	999.000000 	11.661903 	34.409302 	33.015148 	7.071068 	8.062258 	77.201035 	13.000000 	19.026299 	31.780497 	25.000000 	28.071337 	18.439089 	32.649654 	
40.447498 	22.022715 	49.040798 	67.007462 	32.984844 	116.619041 	106.103722 	54.561890 	46.957428 	26.076809 	18.027756 	14.142136 	29.529646 	32.756680 	48.270073 	67.230942 	52.201534 	62.769421 	17.117243 	65.459915 	9.899495 	114.061386 	125.239769 	58.008621 	61.611687 	44.204071 	8.062258 	46.227695 	65.000000 	13.416408 	11.000000 	51.739735 	75.690155 	5.000000 	70.178345 	12.041595 	17.000000 	4.472136 	11.661903 	999.000000 	22.803509 	21.400934 	18.601076 	17.804493 	65.604881 	11.180340 	11.401754 	21.023796 	16.155495 	18.439089 	18.439089 	28.319605 	
58.549126 	32.140316 	68.066147 	86.313385 	20.591261 	97.529480 	86.683334 	35.510563 	28.160255 	45.607018 	35.902645 	20.000000 	12.649111 	14.035668 	65.069191 	48.662102 	35.000000 	44.407207 	37.000000 	44.283180 	25.961510 	93.776329 	105.342300 	36.674240 	40.249222 	22.847319 	26.925823 	24.596748 	86.377083 	12.165525 	32.202484 	29.681644 	97.144226 	26.925823 	48.010414 	10.816654 	39.661064 	27.202942 	34.409302 	22.803509 	999.000000 	1.414214 	41.400482 	40.311287 	42.801868 	29.681644 	22.847319 	13.341664 	20.223749 	18.000000 	34.928497 	35.014282 	
57.428215 	31.257000 	66.910385 	85.158676 	21.023796 	98.762344 	87.931793 	36.674240 	29.274563 	44.384682 	34.713108 	19.026299 	13.341664 	15.000000 	64.031242 	49.819675 	36.013885 	45.541191 	35.735138 	45.617977 	24.738634 	95.078911 	106.625511 	38.013157 	41.593269 	24.166092 	25.632011 	25.942244 	85.094063 	11.045361 	30.870699 	31.064449 	95.859268 	25.553865 	49.406479 	9.433981 	38.275318 	25.806976 	33.015148 	21.400934 	1.414214 	999.000000 	40.000000 	38.897301 	44.204071 	28.301943 	21.540659 	12.649111 	19.104973 	17.029387 	33.615471 	34.058773 	
30.232433 	28.017851 	36.400551 	52.952808 	48.764740 	132.823196 	122.588745 	71.561165 	64.070274 	17.029387 	17.117243 	28.178005 	47.010635 	50.447994 	38.832977 	83.725746 	68.476273 	79.259071 	13.152946 	83.240616 	19.697716 	131.026718 	141.904892 	75.927597 	79.511009 	62.289646 	17.000000 	64.381676 	48.259712 	31.144823 	11.704700 	70.007141 	58.694122 	14.866069 	88.413803 	30.610456 	3.000000 	14.212670 	7.071068 	18.601076 	41.400482 	40.000000 	999.000000 	5.000000 	84.202141 	17.000000 	24.331051 	37.947330 	30.413813 	33.734257 	20.248457 	35.440090 	
35.227829 	31.144823 	41.231056 	57.489128 	49.769470 	133.824509 	123.438240 	72.069412 	64.498062 	21.931713 	20.880613 	29.410883 	47.169907 	50.477718 	43.829212 	84.528099 	69.354164 	80.056229 	17.088007 	83.234612 	21.377558 	131.609268 	142.667450 	75.802376 	79.404030 	62.008064 	18.439089 	64.031242 	52.038448 	31.064449 	14.000000 	69.526970 	62.289646 	15.231546 	87.965904 	29.732138 	7.211102 	13.892444 	8.062258 	17.804493 	40.311287 	38.897301 	5.000000 	999.000000 	82.975899 	13.341664 	21.189621 	35.341194 	27.202942 	30.675724 	15.524175 	30.805843 	
98.081596 	69.892776 	107.912003 	125.865005 	44.721359 	68.468971 	57.706154 	29.410883 	31.064449 	86.764046 	76.922035 	59.933296 	40.496914 	37.000000 	103.160072 	34.058773 	35.171009 	33.286633 	78.771820 	20.518284 	67.601776 	61.008198 	73.027390 	19.313208 	18.867962 	25.495098 	69.115845 	23.345236 	127.910126 	53.851646 	74.625732 	18.027756 	138.654251 	69.634758 	14.317822 	53.600372 	82.419655 	70.000000 	77.201035 	65.604881 	42.801868 	44.204071 	84.202141 	82.975899 	999.000000 	71.421288 	63.702435 	49.819675 	59.033890 	55.605755 	75.286118 	69.354164 	
45.310043 	32.249031 	52.630791 	69.720871 	43.416588 	126.194298 	115.520561 	63.906181 	56.302753 	30.870699 	25.495098 	25.317978 	38.897301 	41.785164 	53.712196 	76.843994 	62.096699 	72.422371 	23.021729 	73.824112 	20.124611 	123.065025 	134.461884 	66.241982 	69.835518 	52.354561 	17.492855 	54.203320 	65.192024 	23.345236 	17.029387 	59.363289 	75.538071 	13.038404 	77.665955 	20.248457 	17.262676 	10.816654 	13.000000 	11.180340 	29.681644 	28.301943 	17.000000 	13.341664 	71.421288 	999.000000 	8.062258 	22.472204 	13.928389 	17.464249 	7.280110 	19.723083 	
50.695168 	33.241539 	58.694122 	76.236473 	39.012817 	120.208153 	109.416634 	57.974133 	50.447994 	36.138622 	29.068884 	23.706539 	33.376640 	35.902645 	58.821766 	71.063354 	56.718605 	66.708321 	27.513634 	67.119293 	21.260292 	116.619041 	128.160049 	59.506302 	63.071388 	45.694637 	19.416489 	47.423622 	72.560318 	19.235384 	21.189621 	52.354561 	83.024094 	15.652476 	70.491135 	15.000000 	24.020824 	13.928389 	19.026299 	11.401754 	22.847319 	21.540659 	24.331051 	21.189621 	63.702435 	8.062258 	999.000000 	14.422205 	6.082763 	9.486833 	12.083046 	17.204651 	
61.204575 	38.483765 	70.007141 	88.022728 	33.615471 	109.444046 	98.488579 	48.093658 	41.000000 	47.010635 	38.327538 	26.419689 	25.961510 	27.294687 	68.731361 	61.204575 	48.093658 	57.078892 	38.013157 	55.362442 	28.635643 	104.995239 	116.760437 	47.801674 	51.244511 	34.525352 	28.160255 	35.902645 	85.702972 	18.601076 	32.015621 	40.162170 	96.317184 	26.019224 	57.697487 	13.892444 	37.107952 	25.179358 	31.780497 	21.023796 	13.341664 	12.649111 	37.947330 	35.341194 	49.819675 	22.472204 	14.422205 	999.000000 	9.219544 	5.830952 	25.495098 	22.090721 	
56.293873 	37.013512 	64.498062 	82.152298 	38.639359 	117.630775 	106.737999 	55.731499 	48.373547 	41.773197 	34.176014 	26.248810 	32.015621 	34.058773 	64.288414 	68.883957 	55.081757 	64.629715 	32.984844 	63.906181 	25.553865 	113.547348 	125.227791 	56.302753 	59.808025 	42.720020 	24.166092 	44.271889 	78.638412 	20.124611 	26.683329 	48.846699 	89.106674 	20.880613 	66.648331 	15.231546 	30.066593 	19.416489 	25.000000 	16.155495 	20.223749 	19.104973 	30.413813 	27.202942 	59.033890 	13.928389 	6.082763 	9.219544 	999.000000 	3.605551 	16.278820 	15.524175 	
58.855755 	38.275318 	67.268120 	85.052925 	37.363083 	114.978256 	104.048065 	53.338543 	46.097721 	44.407207 	36.400551 	26.907248 	30.265491 	32.015621 	66.708321 	66.483078 	53.000000 	62.289646 	35.510563 	61.032780 	27.313000 	110.679718 	122.413231 	53.450912 	56.920998 	40.024994 	26.248810 	41.484936 	81.884064 	20.000000 	29.274563 	45.880280 	92.395889 	23.345236 	63.505905 	15.000000 	33.241539 	22.090721 	28.071337 	18.439089 	18.000000 	17.029387 	33.734257 	30.675724 	55.605755 	17.464249 	9.486833 	5.830952 	3.605551 	999.000000 	19.798990 	17.029387 	
50.119858 	39.357338 	56.648037 	73.006851 	50.159744 	132.196823 	121.433105 	69.921387 	62.361847 	36.055511 	31.890438 	32.557640 	45.122055 	47.801674 	58.668560 	82.969872 	68.447060 	78.587532 	29.000000 	79.202271 	27.313000 	128.693436 	140.217682 	71.589104 	75.153175 	57.775429 	24.596748 	59.506302 	67.029846 	30.066593 	23.430750 	64.412735 	77.025970 	20.124611 	82.492424 	26.476404 	21.470911 	17.888544 	18.439089 	18.439089 	34.928497 	33.615471 	20.248457 	15.524175 	75.286118 	7.280110 	12.083046 	25.495098 	16.278820 	19.798990 	999.000000 	15.297058 	
64.884514 	50.328918 	71.784401 	88.294960 	54.129475 	131.400146 	120.415947 	70.178345 	63.031738 	50.537113 	45.000000 	40.816662 	47.265209 	49.040798 	73.348480 	83.294655 	70.007141 	79.158073 	42.720020 	77.129761 	38.209946 	126.649124 	138.495483 	69.634758 	73.006851 	56.568542 	36.069378 	57.870544 	82.152298 	35.468296 	36.619667 	61.846584 	92.005432 	31.890438 	78.771820 	30.675724 	36.400551 	29.832869 	32.649654 	28.319605 	35.014282 	34.058773 	35.440090 	30.805843 	69.354164 	19.723083 	17.204651 	22.090721 	15.524175 	17.029387 	15.297058 	999.000000 	

Travel time:
9.000000 	0.705780 	0.246221 	0.697316 	1.364734 	3.303407 	3.079164 	1.927596 	1.770770 	0.364006 	0.575000 	0.970824 	1.439618 	1.527457 	0.215058 	2.163908 	1.805028 	2.061553 	0.583631 	2.268397 	0.825379 	3.323590 	3.560635 	2.114976 	2.195450 	1.825171 	0.826514 	1.880990 	0.795692 	1.159741 	0.740355 	2.025617 	1.050297 	0.887764 	2.450128 	1.226020 	0.716327 	0.921954 	0.807775 	1.011187 	1.463728 	1.435705 	0.755811 	0.880696 	2.452040 	1.132751 	1.267379 	1.530114 	1.407347 	1.471394 	1.252996 	1.622113 	
0.705780 	9.000000 	0.951972 	1.399330 	0.665676 	2.697800 	2.455733 	1.241974 	1.075291 	0.480234 	0.285044 	0.309233 	0.735272 	0.822344 	0.838525 	1.505199 	1.131371 	1.397542 	0.382426 	1.575198 	0.305164 	2.686192 	2.941088 	1.415097 	1.497707 	1.119431 	0.369121 	1.175266 	1.476906 	0.515388 	0.431567 	1.320038 	1.741049 	0.480885 	1.749285 	0.617454 	0.625500 	0.536773 	0.583631 	0.550568 	0.803508 	0.781425 	0.700446 	0.778621 	1.747319 	0.806226 	0.831038 	0.962094 	0.925338 	0.956883 	0.983933 	1.258223 	
0.246221 	0.951972 	9.000000 	0.456207 	1.610318 	3.525355 	3.306150 	2.170541 	2.015564 	0.575000 	0.806226 	1.212693 	1.685416 	1.773415 	0.230489 	2.401172 	2.046033 	2.300136 	0.800000 	2.512469 	1.057414 	3.553607 	3.785664 	2.360349 	2.440415 	2.071382 	1.051190 	2.127205 	0.570088 	1.397542 	0.951315 	2.271838 	0.813941 	1.101136 	2.695598 	1.457738 	0.886002 	1.129436 	0.995301 	1.226020 	1.701654 	1.672760 	0.910014 	1.030776 	2.697800 	1.315770 	1.467353 	1.750179 	1.612452 	1.681703 	1.416201 	1.794610 	
0.697316 	1.399330 	0.456207 	9.000000 	2.048475 	3.889248 	3.683069 	2.595790 	2.448596 	1.027740 	1.262191 	1.667708 	2.134537 	2.221627 	0.583095 	2.808247 	2.465385 	2.711319 	1.252248 	2.941195 	1.513275 	3.937321 	4.156095 	2.795644 	2.873369 	2.516446 	1.505199 	2.572086 	0.388104 	1.853712 	1.400223 	2.715810 	0.498121 	1.550202 	3.130994 	1.913276 	1.311726 	1.575198 	1.430472 	1.675187 	2.157835 	2.128967 	1.323820 	1.437228 	3.146625 	1.743022 	1.905912 	2.200568 	2.053807 	2.126323 	1.825171 	2.207374 	
1.364734 	0.665676 	1.610318 	2.048475 	9.000000 	2.102380 	1.845603 	0.583631 	0.410031 	1.133578 	0.901734 	0.514782 	0.212132 	0.246221 	1.471819 	0.874643 	0.493077 	0.763217 	0.976281 	0.910014 	0.728869 	2.059430 	2.328760 	0.750417 	0.832166 	0.480885 	0.794119 	0.534439 	2.142574 	0.502494 	0.930390 	0.673146 	2.406372 	0.863496 	1.085415 	0.600521 	1.153527 	0.901388 	1.051190 	0.824621 	0.514782 	0.525595 	1.219118 	1.244237 	1.118034 	1.085415 	0.975320 	0.840387 	0.965984 	0.934077 	1.253994 	1.353237 	
3.303407 	2.697800 	3.525355 	3.889248 	2.102380 	9.000000 	0.276134 	1.557442 	1.747319 	3.175689 	2.971216 	2.616295 	2.182888 	2.110835 	3.325094 	1.234909 	1.611870 	1.346291 	3.057470 	1.361295 	2.828648 	0.285044 	0.279509 	1.545356 	1.463728 	1.873833 	2.895794 	1.838648 	4.094584 	2.581182 	3.029954 	1.743022 	4.335392 	2.964899 	1.375909 	2.648702 	3.253556 	3.000417 	3.153569 	2.915476 	2.438237 	2.469059 	3.320580 	3.345613 	1.711724 	3.154857 	3.005204 	2.736101 	2.940769 	2.874456 	3.304921 	3.285004 	
3.079164 	2.455733 	3.306150 	3.683069 	1.845603 	0.276134 	9.000000 	1.290591 	1.480920 	2.935345 	2.725000 	2.360349 	1.917355 	1.843400 	3.112073 	0.972754 	1.353006 	1.084551 	2.809026 	1.085415 	2.573907 	0.269258 	0.485412 	1.270089 	1.187960 	1.600781 	2.639720 	1.564649 	3.873387 	2.317596 	2.775450 	1.467353 	4.118935 	2.705665 	1.102554 	2.381832 	2.998854 	2.739754 	2.895902 	2.652593 	2.167083 	2.198295 	3.064719 	3.085956 	1.442654 	2.888014 	2.735416 	2.462214 	2.668450 	2.601202 	3.035828 	3.010399 	
1.927596 	1.241974 	2.170541 	2.595790 	0.583631 	1.557442 	1.290591 	9.000000 	0.190394 	1.715554 	1.485345 	1.090011 	0.626997 	0.553399 	2.013237 	0.328824 	0.150000 	0.225000 	1.559247 	0.348210 	1.305038 	1.488497 	1.767060 	0.254951 	0.301040 	0.357946 	1.366108 	0.348210 	2.715004 	1.028652 	1.505407 	0.353553 	2.975945 	1.423464 	0.559017 	1.091444 	1.726630 	1.454519 	1.616516 	1.364047 	0.887764 	0.916856 	1.789029 	1.801735 	0.735272 	1.597655 	1.449353 	1.202341 	1.393287 	1.333464 	1.748035 	1.754459 	
1.770770 	1.075291 	2.015564 	2.448596 	0.410031 	1.747319 	1.480920 	0.190394 	9.000000 	1.542928 	1.308625 	0.905883 	0.436606 	0.364006 	1.868321 	0.515388 	0.190394 	0.406971 	1.379311 	0.500000 	1.120547 	1.677982 	1.957358 	0.348210 	0.425000 	0.230489 	1.180042 	0.250000 	2.551960 	0.838525 	1.320038 	0.333542 	2.815138 	1.234909 	0.682825 	0.901388 	1.540292 	1.265158 	1.428504 	1.173936 	0.704006 	0.731864 	1.601757 	1.612452 	0.776611 	1.407569 	1.261200 	1.025000 	1.209339 	1.152443 	1.559046 	1.575794 	
0.364006 	0.480234 	0.575000 	1.027740 	1.133578 	3.175689 	2.935345 	1.715554 	1.542928 	9.000000 	0.246221 	0.670820 	1.166190 	1.256234 	0.571183 	1.984943 	1.609542 	1.876832 	0.225000 	2.042211 	0.491172 	3.166425 	3.420618 	1.875000 	1.960230 	1.560849 	0.477624 	1.616516 	1.028652 	0.838153 	0.378319 	1.762278 	1.297353 	0.527376 	2.205816 	0.887764 	0.371652 	0.559017 	0.447214 	0.651920 	1.140175 	1.109617 	0.425735 	0.548293 	2.169101 	0.771767 	0.903466 	1.175266 	1.044330 	1.110180 	0.901388 	1.263428 	
0.575000 	0.285044 	0.806226 	1.262191 	0.901734 	2.971216 	2.725000 	1.485345 	1.308625 	0.246221 	9.000000 	0.425000 	0.922293 	1.012423 	0.760345 	1.765113 	1.386092 	1.655483 	0.100000 	1.806239 	0.251247 	2.950106 	3.210335 	1.635925 	1.722099 	1.317431 	0.254951 	1.372953 	1.274755 	0.594243 	0.212132 	1.518634 	1.543535 	0.335410 	1.965006 	0.651920 	0.353553 	0.381608 	0.347311 	0.450694 	0.897566 	0.867828 	0.427931 	0.522015 	1.923051 	0.637377 	0.726722 	0.958188 	0.854400 	0.910014 	0.797261 	1.125000 	
0.970824 	0.309233 	1.212693 	1.667708 	0.514782 	2.616295 	2.360349 	1.090011 	0.905883 	0.670820 	0.425000 	9.000000 	0.500000 	0.590021 	1.127497 	1.389244 	1.007782 	1.277693 	0.480234 	1.396648 	0.215058 	2.573179 	2.843524 	1.220912 	1.308625 	0.895126 	0.279509 	0.950329 	1.699448 	0.206155 	0.416083 	1.095730 	1.968026 	0.357946 	1.546165 	0.313249 	0.638847 	0.403113 	0.538516 	0.353553 	0.500000 	0.475657 	0.704450 	0.735272 	1.498332 	0.632949 	0.592663 	0.660492 	0.656220 	0.672681 	0.813941 	1.020416 	
1.439618 	0.735272 	1.685416 	2.134537 	0.212132 	2.182888 	1.917355 	0.626997 	0.436606 	1.166190 	0.922293 	0.500000 	9.000000 	0.090139 	1.570430 	0.948683 	0.583631 	0.838153 	0.980115 	0.905883 	0.707990 	2.113350 	2.393872 	0.725000 	0.813941 	0.395285 	0.760345 	0.450694 	2.192744 	0.403113 	0.901734 	0.596343 	2.460310 	0.805062 	1.046721 	0.467039 	1.117195 	0.832166 	1.000000 	0.738241 	0.316228 	0.333542 	1.175266 	1.179248 	1.012423 	0.972432 	0.834416 	0.649038 	0.800391 	0.756637 	1.128051 	1.181630 	
1.527457 	0.822344 	1.773415 	2.221627 	0.246221 	2.110835 	1.843400 	0.553399 	0.364006 	1.256234 	1.012423 	0.590021 	0.090139 	9.000000 	1.655483 	0.879275 	0.525595 	0.770146 	1.070047 	0.820061 	0.797261 	2.034853 	2.317596 	0.637377 	0.726722 	0.305164 	0.848528 	0.360555 	2.282542 	0.485412 	0.989950 	0.506211 	2.550000 	0.890225 	0.957209 	0.538516 	1.204159 	0.915492 	1.085415 	0.818917 	0.350892 	0.375000 	1.261200 	1.261943 	0.925000 	1.044629 	0.897566 	0.682367 	0.851469 	0.800391 	1.195042 	1.226020 	
0.215058 	0.838525 	0.230489 	0.583095 	1.471819 	3.325094 	3.112073 	2.013237 	1.868321 	0.571183 	0.760345 	1.127497 	1.570430 	1.655483 	9.000000 	2.226264 	1.882319 	2.128673 	0.783023 	2.359158 	1.004987 	3.363406 	3.588610 	2.215993 	2.292651 	1.944865 	1.015197 	2.000156 	0.784618 	1.325236 	0.941076 	2.142574 	1.011496 	1.085415 	2.551103 	1.402007 	0.930390 	1.123054 	1.017964 	1.206752 	1.626730 	1.600781 	0.970824 	1.095730 	2.579002 	1.342805 	1.470544 	1.718284 	1.607210 	1.667708 	1.466714 	1.833712 	
2.163908 	1.505199 	2.401172 	2.808247 	0.874643 	1.234909 	0.972754 	0.328824 	0.515388 	1.984943 	1.765113 	1.389244 	0.948683 	0.879275 	2.226264 	9.000000 	0.381608 	0.111803 	1.845434 	0.340037 	1.603512 	1.185854 	1.454519 	0.425000 	0.390512 	0.675463 	1.668270 	0.654313 	2.958568 	1.346291 	1.805028 	0.608790 	3.213740 	1.732953 	0.548293 	1.415318 	2.028084 	1.767060 	1.923538 	1.680773 	1.216552 	1.245492 	2.093144 	2.113203 	0.851469 	1.921100 	1.776584 	1.530114 	1.722099 	1.662077 	2.074247 	2.082366 	
1.805028 	1.131371 	2.046033 	2.465385 	0.493077 	1.611870 	1.353006 	0.150000 	0.190394 	1.609542 	1.386092 	1.007782 	0.583631 	0.525595 	1.882319 	0.381608 	9.000000 	0.270416 	1.465008 	0.491172 	1.221935 	1.567043 	1.835756 	0.403113 	0.450694 	0.416083 	1.286954 	0.425735 	2.596392 	0.972432 	1.423464 	0.471699 	2.855039 	1.353237 	0.707107 	1.049405 	1.646587 	1.388569 	1.542928 	1.305038 	0.875000 	0.900347 	1.711907 	1.733854 	0.879275 	1.552418 	1.417965 	1.202341 	1.377044 	1.325000 	1.711177 	1.750179 	
2.061553 	1.397542 	2.300136 	2.711319 	0.763217 	1.346291 	1.084551 	0.225000 	0.406971 	1.876832 	1.655483 	1.277693 	0.838153 	0.770146 	2.128673 	0.111803 	0.270416 	9.000000 	1.735115 	0.340037 	1.492062 	1.296630 	1.566246 	0.371652 	0.360555 	0.579871 	1.556639 	0.564026 	2.855368 	1.234909 	1.693554 	0.536773 	3.111772 	1.621149 	0.564026 	1.305038 	1.916540 	1.655295 	1.811767 	1.569236 	1.110180 	1.138530 	1.981477 	2.001406 	0.832166 	1.810559 	1.667708 	1.426972 	1.615743 	1.557241 	1.964688 	1.978952 	
