UB = 920
M = 90

Distance:
999.000000 	28.425341 	73.824112 	34.928497 	15.231546 	26.627054 	56.603886 	84.095184 	72.917763 	75.504967 	20.615528 	61.400326 	54.708317 	23.345236 	53.254108 	82.734512 	32.557640 	16.401220 	77.025970 	76.157730 	45.343136 	36.069378 	20.591261 	76.850502 	7.810250 	95.257545 	8.485281 	43.863426 	9.848858 	39.051247 	36.400551 	29.154760 	82.377182 	93.150414 	30.016663 	33.286633 	19.235384 	31.764761 	21.377558 	85.702972 	20.099751 	37.215588 	26.925823 	96.254868 	34.539833 	43.416588 	24.020824 	46.141087 	36.055511 	42.047592 	32.984844 	20.591261 	21.023796 	48.764740 	49.769470 	44.721359 	43.416588 	39.012817 	33.615471 	38.639359 	37.363083 	50.159744 	54.129475 	
28.425341 	999.000000 	100.687637 	61.611687 	42.520584 	3.000000 	28.635643 	110.453613 	45.880280 	52.086468 	23.086792 	37.013512 	80.131142 	51.662365 	80.919716 	109.293182 	4.472136 	44.821869 	49.244289 	103.227905 	16.970562 	8.544003 	12.000000 	104.201729 	29.546574 	121.794907 	30.463093 	72.249565 	34.014702 	12.369317 	64.815125 	9.899495 	109.808922 	120.104118 	58.249462 	61.611687 	46.065170 	12.206555 	48.301140 	57.454330 	20.099751 	14.317822 	54.120235 	68.095520 	16.643316 	71.561165 	23.769728 	22.022715 	18.867962 	20.396078 	19.798990 	32.000000 	31.016125 	25.019993 	28.160255 	70.936592 	29.681644 	31.144823 	37.336308 	35.227829 	36.715118 	36.715118 	48.104053 	
73.824112 	100.687637 	999.000000 	39.115215 	58.668560 	98.229324 	126.150703 	11.045361 	139.344894 	135.207245 	81.394104 	124.739731 	22.203604 	51.623638 	21.587032 	9.219544 	105.118980 	59.236813 	144.958618 	3.162278 	117.413795 	109.000000 	94.413979 	6.000000 	77.077881 	21.540659 	76.694199 	35.128338 	73.736015 	112.361023 	43.416588 	102.956299 	10.770329 	19.416489 	50.803543 	47.518417 	64.031242 	105.588821 	62.585941 	154.935471 	92.703827 	111.018013 	58.694122 	164.757401 	108.226616 	44.102154 	95.273293 	119.954155 	109.590149 	115.836090 	106.103722 	86.683334 	87.931793 	122.588745 	123.438240 	57.706154 	115.520561 	109.416634 	98.488579 	106.737999 	104.048065 	121.433105 	120.415947 	
34.928497 	61.611687 	39.115215 	999.000000 	19.697716 	59.203041 	87.681244 	49.193497 	101.828285 	99.764725 	43.416588 	87.920418 	20.223749 	15.132746 	20.000000 	47.885281 	66.030296 	22.022715 	107.056061 	41.617306 	78.409180 	69.892776 	55.461697 	42.638012 	39.051247 	60.415230 	38.832977 	18.110771 	36.345562 	73.246162 	18.027756 	63.953106 	48.270073 	58.523499 	20.808653 	19.798990 	29.427877 	66.640831 	28.861740 	116.726173 	54.405884 	72.006943 	27.730848 	126.810883 	69.462219 	26.400757 	57.489128 	80.950600 	70.936592 	76.967529 	67.675697 	50.159744 	51.244511 	83.630135 	84.693565 	38.418747 	77.620872 	72.180328 	63.007935 	70.349129 	68.117546 	83.952370 	85.052925 	
15.231546 	42.520584 	58.668560 	19.697716 	999.000000 	40.311287 	69.656296 	68.876701 	84.905830 	85.094063 	27.513634 	72.013885 	39.560081 	10.440307 	38.418747 	67.535179 	46.861500 	8.062258 	89.627007 	61.057350 	59.464275 	50.606323 	35.777088 	61.854668 	20.024984 	80.062477 	20.000000 	30.528675 	18.248287 	53.823788 	24.351591 	44.294468 	67.424034 	78.032043 	20.024984 	22.360680 	17.029387 	46.957428 	18.027756 	98.858482 	34.928497 	52.354561 	21.189621 	109.201645 	49.769470 	32.756680 	38.327538 	61.294373 	51.264023 	57.271286 	48.083260 	32.249031 	33.136082 	63.953106 	65.000000 	38.470768 	58.249462 	53.235325 	45.541191 	52.009613 	50.159744 	64.776543 	67.186310 	
26.627054 	3.000000 	98.229324 	59.203041 	40.311287 	999.000000 	30.016663 	107.912003 	46.818798 	52.000000 	20.099751 	37.054016 	77.524193 	49.678970 	78.644768 	106.780151 	7.280110 	43.011627 	50.537113 	100.801788 	19.209373 	11.401754 	12.369317 	101.828285 	28.460499 	119.268608 	29.410883 	70.292244 	32.893768 	15.297058 	63.007935 	12.206555 	107.447662 	117.643532 	56.603886 	59.908264 	44.777225 	14.764823 	47.010635 	59.076221 	20.615528 	17.262676 	52.801514 	69.641945 	19.235384 	69.971420 	24.698177 	25.019993 	21.470911 	23.345236 	22.022715 	32.140316 	31.257000 	28.017851 	31.144823 	69.892776 	32.249031 	33.241539 	38.483765 	37.013512 	38.275318 	39.357338 	50.328918 	
56.603886 	28.635643 	126.150703 	87.681244 	69.656296 	30.016663 	999.000000 	135.247925 	18.027756 	30.016663 	44.821869 	17.029387 	104.637466 	79.404030 	107.517441 	134.316788 	25.298222 	72.945183 	20.615528 	128.887543 	14.000000 	23.345236 	39.849716 	130.176804 	58.180752 	146.649246 	59.093147 	100.000000 	62.649822 	23.000000 	92.913940 	33.376640 	135.830780 	145.454468 	86.608315 	89.888817 	74.686012 	33.060551 	76.922035 	29.206163 	47.074409 	29.068884 	82.734512 	39.661064 	35.057095 	99.985001 	49.365982 	26.925823 	36.221542 	31.048349 	40.049969 	59.228371 	58.051701 	28.178005 	33.120991 	99.538940 	43.965897 	49.819675 	61.008198 	55.578773 	58.309521 	48.332184 	63.324562 	
84.095184 	110.453613 	11.045361 	49.193497 	68.876701 	107.912003 	135.247925 	999.000000 	147.827606 	142.762039 	90.426765 	132.943604 	30.610456 	62.297672 	32.557640 	2.236068 	114.908661 	69.892776 	153.639191 	10.198039 	127.027557 	118.848640 	104.651802 	12.083046 	87.664131 	11.401754 	87.315521 	46.173584 	84.433403 	122.298813 	54.451813 	113.145920 	11.401754 	11.180340 	61.814240 	58.549126 	74.953316 	115.831772 	73.545906 	163.783386 	103.247276 	121.198181 	69.720871 	173.415680 	118.595955 	55.036350 	105.948097 	130.142227 	120.016663 	126.142776 	116.619041 	97.529480 	98.762344 	132.823196 	133.824509 	68.468971 	126.194298 	120.208153 	109.444046 	117.630775 	114.978256 	132.196823 	131.400146 	
72.917763 	45.880280 	139.344894 	101.828285 	84.905830 	46.818798 	18.027756 	147.827606 	999.000000 	17.888544 	58.412327 	15.652476 	117.379723 	95.015785 	121.823647 	147.085007 	42.953465 	89.005615 	7.071068 	142.214630 	32.015621 	41.303753 	57.489128 	143.753265 	75.272835 	159.176010 	76.216797 	115.433968 	79.711983 	41.012192 	108.784187 	51.351727 	149.402145 	158.391922 	102.859123 	106.004715 	91.547798 	51.088158 	93.776329 	17.720045 	64.938431 	47.010635 	99.538940 	25.806976 	53.009434 	116.275536 	67.364677 	43.931767 	54.083271 	48.507732 	58.008621 	77.103828 	75.953934 	44.643028 	49.335587 	116.709038 	61.188232 	67.475922 	79.000000 	73.334846 	76.164299 	64.845970 	80.081207 	
75.504967 	52.086468 	135.207245 	99.764725 	85.094063 	52.000000 	30.016663 	142.762039 	17.888544 	999.000000 	57.584721 	15.132746 	113.004425 	95.519630 	119.570061 	142.274384 	50.487621 	90.520714 	24.041630 	138.220840 	42.720020 	50.219517 	64.070274 	140.089264 	79.511009 	153.912308 	80.504662 	115.156418 	83.725746 	51.244511 	109.444046 	59.841457 	145.660568 	153.674988 	104.403069 	107.205414 	94.725922 	60.415230 	96.881371 	33.136082 	72.173401 	57.567352 	102.391403 	37.656342 	63.324562 	117.643532 	75.538071 	56.797886 	64.845970 	60.539242 	68.154236 	84.053551 	83.096329 	58.180752 	63.134777 	120.220627 	73.539108 	78.746429 	88.459030 	84.202141 	86.585220 	78.262383 	93.107468 	
20.615528 	23.086792 	81.394104 	43.416588 	27.513634 	20.099751 	44.821869 	90.426765 	58.412327 	57.584721 	999.000000 	44.777225 	59.816387 	37.947330 	63.411354 	89.498604 	27.294687 	33.376640 	63.702435 	84.172440 	37.696156 	31.400637 	25.079872 	85.562843 	27.313000 	101.828285 	28.231188 	57.697487 	30.364452 	35.355339 	51.865211 	30.413813 	91.219513 	100.657837 	47.074409 	49.729267 	39.051247 	33.376640 	41.012192 	73.552704 	30.805843 	37.013512 	46.043457 	83.486526 	37.656342 	60.166435 	35.805027 	45.099888 	39.812057 	43.046486 	38.897301 	37.802116 	37.643059 	48.093658 	51.009804 	64.070274 	50.000000 	48.754486 	48.836460 	50.774010 	50.803543 	57.280014 	65.764732 	
61.400326 	37.013512 	124.739731 	87.920418 	72.013885 	37.054016 	17.029387 	132.943604 	15.652476 	15.132746 	44.777225 	999.000000 	102.649887 	82.346825 	107.898102 	132.276230 	35.355339 	76.896034 	22.472204 	127.663620 	28.178005 	35.171009 	49.010204 	129.321304 	64.938431 	144.249786 	65.924202 	102.420700 	69.231499 	36.400551 	96.254868 	44.721359 	134.951843 	143.627991 	90.824005 	93.776329 	80.523285 	45.354160 	82.710335 	33.241539 	57.078892 	42.720020 	88.323273 	41.340054 	48.383881 	104.177734 	60.406952 	42.720020 	49.979996 	46.065170 	53.160137 	69.007248 	68.029404 	44.407207 	49.406479 	105.990562 	59.033890 	63.906181 	73.348480 	69.260376 	71.568146 	64.140472 	78.714676 	
54.708317 	80.131142 	22.203604 	20.223749 	39.560081 	77.524193 	104.637466 	30.610456 	117.379723 	113.004425 	59.816387 	102.649887 	999.000000 	35.014282 	15.264338 	29.732138 	84.599052 	42.190044 	123.109711 	25.238859 	96.566040 	88.588936 	75.026665 	27.294687 	59.228371 	42.011902 	59.033890 	26.627054 	56.568542 	92.130341 	32.310989 	83.384651 	32.756680 	41.012192 	38.078865 	35.735138 	49.040798 	86.162636 	48.166378 	133.206604 	74.464760 	91.389275 	45.891174 	142.898560 	89.196411 	37.443291 	77.665955 	100.319489 	90.757919 	96.566040 	87.641312 	70.349129 	71.449280 	103.077644 	104.403069 	51.623638 	97.744568 	92.395889 	83.096329 	90.553848 	88.277969 	104.139328 	105.171288 	
23.345236 	51.662365 	51.623638 	15.132746 	10.440307 	49.678970 	79.404030 	62.297672 	95.015785 	95.519630 	37.947330 	82.346825 	35.014282 	999.000000 	30.413813 	60.745369 	55.865910 	7.615773 	99.569069 	53.712196 	68.622154 	59.413803 	43.600460 	54.120235 	25.495098 	73.164200 	25.079872 	20.615528 	22.135944 	62.369865 	13.928389 	52.201534 	59.539902 	70.682388 	10.198039 	12.041595 	14.317822 	54.644306 	13.928389 	108.600182 	41.146080 	60.216278 	14.142136 	119.037811 	56.938564 	22.360680 	43.657761 	69.065186 	58.180752 	64.660652 	54.561890 	35.510563 	36.674240 	71.561165 	72.069412 	29.410883 	63.906181 	57.974133 	48.093658 	55.731499 	53.338543 	69.921387 	70.178345 	
53.254108 	80.919716 	21.587032 	20.000000 	38.418747 	78.644768 	107.517441 	32.557640 	121.823647 	119.570061 	63.411354 	107.898102 	15.264338 	30.413813 	999.000000 	30.805843 	85.276024 	38.013157 	127.015747 	23.409399 	97.836601 	89.022469 	73.783470 	23.706539 	55.901699 	43.011627 	55.461697 	14.142136 	52.392746 	92.200867 	22.022715 	82.377182 	29.154760 	40.311287 	29.274563 	26.076809 	42.449970 	84.905830 	41.000000 	136.619904 	71.554176 	90.426765 	37.215588 	146.754898 	87.321243 	24.351591 	73.925636 	99.322708 	88.588936 	95.015785 	84.970581 	65.145988 	66.407829 	101.872467 	102.474388 	38.626415 	94.154129 	87.920418 	76.902534 	85.164543 	82.462112 	99.959991 	98.843307 	
82.734512 	109.293182 	9.219544 	47.885281 	67.535179 	106.780151 	134.316788 	2.236068 	147.085007 	142.274384 	89.498604 	132.276230 	29.732138 	60.745369 	30.805843 	999.000000 	113.740936 	68.352028 	152.839783 	8.062258 	125.924583 	117.660530 	103.310211 	9.848858 	86.162636 	12.529964 	85.796272 	44.283180 	82.873398 	121.078484 	52.611786 	111.825760 	9.433981 	11.401754 	60.016663 	56.718605 	73.246162 	114.490173 	71.805290 	162.935577 	101.769348 	119.883278 	67.896980 	172.626770 	117.200684 	53.009434 	104.403069 	128.825470 	118.595955 	124.775803 	115.156418 	95.880135 	97.123634 	131.487640 	132.423569 	66.370171 	124.651512 	118.595955 	107.707939 	115.948265 	113.265175 	130.602448 	129.634094 	
32.557640 	4.472136 	105.118980 	66.030296 	46.861500 	7.280110 	25.298222 	114.908661 	42.953465 	50.487621 	27.294687 	35.355339 	84.599052 	55.865910 	85.276024 	113.740936 	999.000000 	48.918301 	45.880280 	107.647575 	12.806249 	4.123106 	14.560220 	108.600182 	33.120991 	126.245789 	34.000000 	76.419891 	37.589893 	8.062258 	68.883957 	9.486833 	114.201576 	124.535133 	62.201286 	65.604881 	49.739319 	10.816654 	51.971146 	53.712196 	22.090721 	11.180340 	57.801384 	64.412735 	14.866069 	75.451973 	25.079872 	18.027756 	16.970562 	17.088007 	18.867962 	34.234486 	33.136082 	21.023796 	24.515301 	74.323616 	27.658634 	30.232433 	38.078865 	34.885529 	36.769554 	34.409302 	46.754681 	
16.401220 	44.821869 	59.236813 	22.022715 	8.062258 	43.011627 	72.945183 	69.892776 	89.005615 	90.520714 	33.376640 	76.896034 	42.190044 	7.615773 	38.013157 	68.352028 	48.918301 	999.000000 	93.295227 	61.326992 	61.717098 	52.345009 	36.235340 	61.717098 	17.888544 	80.777473 	17.464249 	27.586229 	14.560220 	55.172459 	20.000000 	44.821869 	67.119293 	78.294319 	13.928389 	17.000000 	9.219544 	47.201694 	10.000000 	102.078400 	33.541019 	52.801514 	13.341664 	112.605507 	49.396355 	27.313000 	36.055511 	61.611687 	50.606323 	57.140179 	46.957428 	28.160255 	29.274563 	64.070274 	64.498062 	31.064449 	56.302753 	50.447994 	41.000000 	48.373547 	46.097721 	62.361847 	63.031738 	
77.025970 	49.244289 	144.958618 	107.056061 	89.627007 	50.537113 	20.615528 	153.639191 	7.071068 	24.041630 	63.702435 	22.472204 	123.109711 	99.569069 	127.015747 	152.839783 	45.880280 	93.295227 	999.000000 	147.787003 	33.955853 	43.680660 	60.406952 	149.241409 	78.790863 	165.012115 	79.705711 	120.104118 	83.258636 	42.755116 	113.207771 	53.600372 	154.896744 	164.103622 	107.042046 	110.276924 	95.273293 	52.952808 	97.508972 	10.770329 	67.446274 	48.373547 	103.315056 	19.798990 	54.332310 	120.440857 	69.426216 	44.045429 	55.145264 	49.000000 	59.304298 	79.555016 	78.339005 	44.283180 	48.662102 	120.154068 	61.204575 	68.007355 	80.305664 	74.000000 	77.025970 	64.132675 	79.429214 	
76.157730 	103.227905 	3.162278 	41.617306 	61.057350 	100.801788 	128.887543 	10.198039 	142.214630 	138.220840 	84.172440 	127.663620 	25.238859 	53.712196 	23.409399 	8.062258 	107.647575 	61.326992 	147.787003 	999.000000 	120.000000 	111.503365 	96.747093 	3.162278 	79.202271 	19.646883 	78.790863 	36.496574 	75.769386 	114.825958 	44.911022 	105.309067 	7.615773 	17.000000 	52.392746 	49.030602 	65.802734 	107.912003 	64.288414 	157.724442 	94.847244 	113.371071 	60.207973 	167.585800 	110.476242 	45.000000 	97.308784 	122.298813 	111.803398 	118.118584 	108.258949 	88.543777 	89.810913 	124.907967 	125.670204 	58.309521 	117.545738 	111.328346 	100.169853 	108.521889 	105.773346 	123.369362 	122.024590 	
45.343136 	16.970562 	117.413795 	78.409180 	59.464275 	19.209373 	14.000000 	127.027557 	32.015621 	42.720020 	37.696156 	28.178005 	96.566040 	68.622154 	97.836601 	125.924583 	12.806249 	61.717098 	33.955853 	120.000000 	999.000000 	9.848858 	26.832815 	121.037186 	45.793011 	138.397980 	46.647614 	89.196411 	50.249378 	9.000000 	81.688431 	19.646883 	126.657021 	136.824707 	75.000000 	78.409180 	62.433964 	19.104973 	64.660652 	41.146080 	33.526108 	15.132746 	70.491135 	51.894123 	21.095022 	88.232651 	35.510563 	14.866069 	22.360680 	17.888544 	26.076809 	45.607018 	44.384682 	17.029387 	21.931713 	86.764046 	30.870699 	36.138622 	47.010635 	41.773197 	44.407207 	36.055511 	50.537113 	
36.069378 	8.544003 	109.000000 	69.892776 	50.606323 	11.401754 	23.345236 	118.848640 	41.303753 	50.219517 	31.400637 	35.171009 	88.588936 	59.413803 	89.022469 	117.660530 	4.123106 	52.345009 	43.680660 	111.503365 	9.848858 	999.000000 	17.000000 	112.414413 	36.055511 	130.172958 	36.891735 	79.906197 	40.496914 	4.000000 	72.249565 	10.049875 	118.004234 	128.413391 	65.436989 	68.883957 	52.697250 	10.198039 	54.918121 	50.990196 	23.769728 	8.485281 	60.745369 	61.741398 	13.416408 	78.600258 	26.076809 	14.142136 	15.264338 	13.892444 	18.027756 	35.902645 	34.713108 	17.117243 	20.880613 	76.922035 	25.495098 	29.068884 	38.327538 	34.176014 	36.400551 	31.890438 	45.000000 	
20.591261 	12.000000 	94.413979 	55.461697 	35.777088 	12.369317 	39.849716 	104.651802 	57.489128 	64.070274 	25.079872 	49.010204 	75.026665 	43.600460 	73.783470 	103.310211 	14.560220 	36.235340 	60.406952 	96.747093 	26.832815 	17.000000 	999.000000 	97.416634 	19.209373 	115.836090 	20.000000 	63.780876 	23.600847 	19.209373 	55.865910 	8.602325 	102.927162 	113.740936 	48.836460 	52.345009 	35.805027 	11.180340 	38.013157 	67.977936 	8.246211 	16.643316 	43.829212 	78.721024 	14.317822 	61.846584 	12.529964 	25.553865 	16.124516 	21.540659 	14.142136 	20.000000 	19.026299 	28.178005 	29.410883 	59.933296 	25.317978 	23.706539 	26.419689 	26.248810 	26.907248 	32.557640 	40.816662 	
76.850502 	104.201729 	6.000000 	42.638012 	61.854668 	101.828285 	130.176804 	12.083046 	143.753265 	140.089264 	85.562843 	129.321304 	27.294687 	54.120235 	23.706539 	9.848858 	108.600182 	61.717098 	149.241409 	3.162278 	121.037186 	112.414413 	97.416634 	999.000000 	79.605278 	20.099751 	79.158073 	36.138622 	76.059189 	115.676270 	44.643028 	106.000000 	5.656854 	16.763054 	52.201534 	48.764740 	65.787537 	108.558739 	64.195015 	159.100601 	95.257545 	114.057007 	59.908264 	169.035492 	111.018013 	44.102154 	97.575615 	122.967476 	112.294258 	118.701309 	108.673820 	88.600227 	89.888817 	125.538841 	126.178444 	57.078892 	117.783699 	111.427109 	100.000000 	108.466583 	105.650368 	123.490891 	121.753853 	
7.810250 	29.546574 	77.077881 	39.051247 	20.024984 	28.460499 	58.180752 	87.664131 	75.272835 	79.511009 	27.313000 	64.938431 	59.228371 	25.495098 	55.901699 	86.162636 	33.120991 	17.888544 	78.790863 	79.202271 	45.793011 	36.055511 	19.209373 	79.605278 	999.000000 	98.615417 	1.000000 	45.000000 	4.472136 	38.418747 	36.878178 	27.586229 	85.000000 	96.176918 	29.698484 	33.241539 	16.643316 	29.732138 	18.867962 	86.833176 	15.652476 	35.383614 	24.698177 	97.529480 	31.622776 	42.638012 	18.439089 	44.045429 	32.756680 	39.408119 	29.068884 	13.000000 	13.601471 	46.400433 	46.647614 	41.436699 	38.600517 	33.241539 	26.248810 	32.062439 	30.413813 	44.911022 	47.381432 	
95.257545 	121.794907 	21.540659 	60.415230 	80.062477 	119.268608 	146.649246 	11.401754 	159.176010 	153.912308 	101.828285 	144.249786 	42.011902 	73.164200 	43.011627 	12.529964 	126.245789 	80.777473 	165.012115 	19.646883 	138.397980 	130.172958 	115.836090 	20.099751 	98.615417 	999.000000 	98.234413 	56.089214 	95.273293 	133.600143 	64.536812 	124.354332 	16.124516 	5.000000 	72.034714 	68.658577 	85.440041 	127.015747 	83.934502 	175.171341 	114.236595 	132.412231 	79.831070 	184.783661 	129.711212 	64.195015 	116.811813 	141.354172 	131.095383 	137.295303 	127.632286 	108.157295 	109.416634 	144.013885 	144.931015 	77.006493 	137.058380 	130.919830 	119.816528 	128.160049 	125.419296 	142.947540 	141.661575 	
8.485281 	30.463093 	76.694199 	38.832977 	20.000000 	29.410883 	59.093147 	87.315521 	76.216797 	80.504662 	28.231188 	65.924202 	59.033890 	25.079872 	55.461697 	85.796272 	34.000000 	17.464249 	79.705711 	78.790863 	46.647614 	36.891735 	20.000000 	79.158073 	1.000000 	98.234413 	999.000000 	44.407207 	3.605551 	39.204590 	36.235340 	28.319605 	84.534019 	95.754898 	29.000000 	32.557640 	15.811388 	30.413813 	18.027756 	87.709747 	16.124516 	36.069378 	23.853722 	98.412399 	32.202484 	41.868843 	18.681541 	44.687805 	33.286633 	40.000000 	29.529646 	12.649111 	13.341664 	47.010635 	47.169907 	40.496914 	38.897301 	33.376640 	25.961510 	32.015621 	30.265491 	45.122055 	47.265209 	
43.863426 	72.249565 	35.128338 	18.110771 	30.528675 	70.292244 	100.000000 	46.173584 	115.433968 	115.156418 	57.697487 	102.420700 	26.627054 	20.615528 	14.142136 	44.283180 	76.419891 	27.586229 	120.104118 	36.496574 	89.196411 	79.906197 	63.780876 	36.138622 	45.000000 	56.089214 	44.407207 	999.000000 	41.048752 	82.758682 	8.544003 	72.346390 	41.109608 	52.886673 	16.155495 	12.649111 	29.966648 	74.652527 	28.231188 	129.201401 	60.464867 	80.280754 	23.769728 	139.617340 	76.609398 	10.816654 	62.265560 	89.022469 	77.665955 	84.403793 	73.783470 	52.801514 	54.129475 	91.400215 	91.525955 	25.059929 	82.298241 	75.643906 	63.890530 	72.449982 	69.570107 	87.726852 	85.615417 	
9.848858 	34.014702 	73.736015 	36.345562 	18.248287 	32.893768 	62.649822 	84.433403 	79.711983 	83.725746 	30.364452 	69.231499 	56.568542 	22.135944 	52.392746 	82.873398 	37.589893 	14.560220 	83.258636 	75.769386 	50.249378 	40.496914 	23.600847 	76.059189 	4.472136 	95.273293 	3.605551 	41.048752 	999.000000 	42.801868 	32.802441 	31.890438 	81.394104 	92.703827 	25.495098 	29.068884 	12.206555 	33.941124 	14.422205 	91.301697 	19.416489 	39.597980 	20.248457 	102.000000 	35.608986 	38.288380 	21.540659 	48.166378 	36.619667 	43.416588 	32.756680 	14.035668 	15.000000 	50.447994 	50.477718 	37.000000 	41.785164 	35.902645 	27.294687 	34.058773 	32.015621 	47.801674 	49.040798 	
39.051247 	12.369317 	112.361023 	73.246162 	53.823788 	15.297058 	23.000000 	122.298813 	41.012192 	51.244511 	35.355339 	36.400551 	92.130341 	62.369865 	92.200867 	121.078484 	8.062258 	55.172459 	42.755116 	114.825958 	9.000000 	4.000000 	19.209373 	115.676270 	38.418747 	133.600143 	39.204590 	82.758682 	42.801868 	999.000000 	74.966660 	11.180340 	121.247681 	131.764938 	68.014702 	71.505241 	55.000000 	10.198039 	57.201397 	49.396355 	25.079872 	6.324555 	63.007935 	60.166435 	12.165525 	81.055534 	26.683329 	10.198039 	13.601471 	10.630146 	17.117243 	37.000000 	35.735138 	13.152946 	17.088007 	78.771820 	23.021729 	27.513634 	38.013157 	32.984844 	35.510563 	29.000000 	42.720020 	
36.400551 	64.815125 	43.416588 	18.027756 	24.351591 	63.007935 	92.913940 	54.451813 	108.784187 	109.444046 	51.865211 	96.254868 	32.310989 	13.928389 	22.022715 	52.611786 	68.883957 	20.000000 	113.207771 	44.911022 	81.688431 	72.249565 	55.865910 	44.643028 	36.878178 	64.536812 	36.235340 	8.544003 	32.802441 	74.966660 	999.000000 	64.381676 	49.648766 	61.400326 	7.615773 	4.123106 	21.470911 	66.603302 	19.697716 	122.065559 	52.201534 	72.249565 	15.297058 	132.574509 	68.410522 	9.055386 	53.851646 	80.919716 	69.404610 	76.216797 	65.459915 	44.283180 	45.617977 	83.240616 	83.234612 	20.518284 	73.824112 	67.119293 	55.362442 	63.906181 	61.032780 	79.202271 	77.129761 	
29.154760 	9.899495 	102.956299 	63.953106 	44.294468 	12.206555 	33.376640 	113.145920 	51.351727 	59.841457 	30.413813 	44.721359 	83.384651 	52.201534 	82.377182 	111.825760 	9.486833 	44.821869 	53.600372 	105.309067 	19.646883 	10.049875 	8.602325 	106.000000 	27.586229 	124.354332 	28.319605 	72.346390 	31.890438 	11.180340 	64.381676 	999.000000 	111.516815 	122.298813 	57.280014 	60.811184 	44.045429 	3.000000 	46.227695 	60.539242 	13.928389 	8.062258 	52.009613 	71.309189 	7.280110 	70.178345 	16.031219 	17.000000 	9.486833 	13.341664 	9.899495 	25.961510 	24.738634 	19.697716 	21.377558 	67.601776 	20.124611 	21.260292 	28.635643 	25.553865 	27.313000 	27.313000 	38.209946 	
82.377182 	109.808922 	10.770329 	48.270073 	67.424034 	107.447662 	135.830780 	11.401754 	149.402145 	145.660568 	91.219513 	134.951843 	32.756680 	59.539902 	29.154760 	9.433981 	114.201576 	67.119293 	154.896744 	7.615773 	126.657021 	118.004234 	102.927162 	5.656854 	85.000000 	16.124516 	84.534019 	41.109608 	81.394104 	121.247681 	49.648766 	111.516815 	999.000000 	12.041595 	57.245087 	53.758720 	70.936592 	114.057007 	69.289246 	164.757401 	100.647903 	119.570061 	64.845970 	174.691162 	116.468880 	48.507732 	102.883430 	128.471786 	117.720009 	124.169243 	114.061386 	93.776329 	95.078911 	131.026718 	131.609268 	61.008198 	123.065025 	116.619041 	104.995239 	113.547348 	110.679718 	128.693436 	126.649124 	
93.150414 	120.104118 	19.416489 	58.523499 	78.032043 	117.643532 	145.454468 	11.180340 	158.391922 	153.674988 	100.657837 	143.627991 	41.012192 	70.682388 	40.311287 	11.401754 	124.535133 	78.294319 	164.103622 	17.000000 	136.824707 	128.413391 	113.740936 	16.763054 	96.176918 	5.000000 	95.754898 	52.886673 	92.703827 	131.764938 	61.400326 	122.298813 	12.041595 	999.000000 	68.963760 	65.520988 	82.540901 	124.907967 	80.956779 	174.155106 	111.825760 	130.361038 	76.655075 	183.896713 	127.475487 	60.530983 	114.236595 	139.291061 	128.798294 	135.118469 	125.239769 	105.342300 	106.625511 	141.904892 	142.667450 	73.027390 	134.461884 	128.160049 	116.760437 	125.227791 	122.413231 	140.217682 	138.495483 	
30.016663 	58.249462 	50.803543 	20.808653 	20.024984 	56.603886 	86.608315 	61.814240 	102.859123 	104.403069 	47.074409 	90.824005 	38.078865 	10.198039 	29.274563 	60.016663 	62.201286 	13.928389 	107.042046 	52.392746 	75.000000 	65.436989 	48.836460 	52.201534 	29.698484 	72.034714 	29.000000 	16.155495 	25.495098 	68.014702 	7.615773 	57.280014 	57.245087 	68.963760 	999.000000 	3.605551 	13.892444 	59.413803 	12.083046 	115.663307 	44.821869 	65.069191 	8.000000 	126.245789 	61.073727 	13.416408 	46.324940 	73.661385 	62.008064 	68.883957 	58.008621 	36.674240 	38.013157 	75.927597 	75.802376 	19.313208 	66.241982 	59.506302 	47.801674 	56.302753 	53.450912 	71.589104 	69.634758 	
33.286633 	61.611687 	47.518417 	19.798990 	22.360680 	59.908264 	89.888817 	58.549126 	106.004715 	107.205414 	49.729267 	93.776329 	35.735138 	12.041595 	26.076809 	56.718605 	65.604881 	17.000000 	110.276924 	49.030602 	78.409180 	68.883957 	52.345009 	48.764740 	33.241539 	68.658577 	32.557640 	12.649111 	29.068884 	71.505241 	4.123106 	60.811184 	53.758720 	65.520988 	3.605551 	999.000000 	17.492855 	62.968246 	15.652476 	118.983192 	48.414875 	68.622154 	11.180340 	129.541504 	64.660652 	10.440307 	49.929951 	77.233414 	65.604881 	72.470680 	61.611687 	40.249222 	41.593269 	79.511009 	79.404030 	18.867962 	69.835518 	63.071388 	51.244511 	59.808025 	56.920998 	75.153175 	73.006851 	
19.235384 	46.065170 	64.031242 	29.427877 	17.029387 	44.777225 	74.686012 	74.953316 	91.547798 	94.725922 	39.051247 	80.523285 	49.040798 	14.317822 	42.449970 	73.246162 	49.739319 	9.219544 	95.273293 	65.802734 	62.433964 	52.697250 	35.805027 	65.787537 	16.643316 	85.440041 	15.811388 	29.966648 	12.206555 	55.000000 	21.470911 	44.045429 	70.936592 	82.540901 	13.892444 	17.492855 	999.000000 	46.010868 	2.236068 	103.445641 	31.144823 	51.662365 	8.062258 	114.127121 	47.423622 	26.172504 	32.449963 	60.108234 	48.270073 	55.226807 	44.204071 	22.847319 	24.166092 	62.289646 	62.008064 	25.495098 	52.354561 	45.694637 	34.525352 	42.720020 	40.024994 	57.775429 	56.568542 	
31.764761 	12.206555 	105.588821 	66.640831 	46.957428 	14.764823 	33.060551 	115.831772 	51.088158 	60.415230 	33.376640 	45.354160 	86.162636 	54.644306 	84.905830 	114.490173 	10.816654 	47.201694 	52.952808 	107.912003 	19.104973 	10.198039 	11.180340 	108.558739 	29.732138 	127.015747 	30.413813 	74.652527 	33.941124 	10.198039 	66.603302 	3.000000 	114.057007 	124.907967 	59.413803 	62.968246 	46.010868 	999.000000 	48.166378 	59.464275 	15.264338 	5.656854 	53.907330 	70.228203 	4.472136 	72.180328 	16.492422 	14.422205 	6.708204 	10.440307 	8.062258 	26.925823 	25.632011 	17.000000 	18.439089 	69.115845 	17.492855 	19.416489 	28.160255 	24.166092 	26.248810 	24.596748 	36.069378 	
21.377558 	48.301140 	62.585941 	28.861740 	18.027756 	47.010635 	76.922035 	73.545906 	93.776329 	96.881371 	41.012192 	82.710335 	48.166378 	13.928389 	41.000000 	71.805290 	51.971146 	10.000000 	97.508972 	64.288414 	64.660652 	54.918121 	38.013157 	64.195015 	18.867962 	83.934502 	18.027756 	28.231188 	14.422205 	57.201397 	19.697716 	46.227695 	69.289246 	80.956779 	12.083046 	15.652476 	2.236068 	48.166378 	999.000000 	105.678757 	33.241539 	53.814495 	5.830952 	116.361504 	49.517673 	24.041630 	34.409302 	62.225395 	50.328918 	57.314919 	46.227695 	24.596748 	25.942244 	64.381676 	64.031242 	23.345236 	54.203320 	47.423622 	35.902645 	44.271889 	41.484936 	59.506302 	57.870544 	
85.702972 	57.454330 	154.935471 	116.726173 	98.858482 	59.076221 	29.206163 	163.783386 	17.720045 	33.136082 	73.552704 	33.241539 	133.206604 	108.600182 	136.619904 	162.935577 	53.712196 	102.078400 	10.770329 	157.724442 	41.146080 	50.990196 	67.977936 	159.100601 	86.833176 	175.171341 	87.709747 	129.201401 	91.301697 	49.396355 	122.065559 	60.539242 	164.757401 	174.155106 	115.663307 	118.983192 	103.445641 	59.464275 	105.678757 	999.000000 	74.464760 	54.405884 	111.507851 	10.770329 	60.166435 	129.003876 	75.894661 	48.662102 	60.638271 	53.935146 	65.000000 	86.377083 	85.094063 	48.259712 	52.038448 	127.910126 	65.192024 	72.560318 	85.702972 	78.638412 	81.884064 	67.029846 	82.152298 	
20.099751 	20.099751 	92.703827 	54.405884 	34.928497 	20.615528 	47.074409 	103.247276 	64.938431 	72.173401 	30.805843 	57.078892 	74.464760 	41.146080 	71.554176 	101.769348 	22.090721 	33.541019 	67.446274 	94.847244 	33.526108 	23.769728 	8.246211 	95.257545 	15.652476 	114.236595 	16.124516 	60.464867 	19.416489 	25.079872 	52.201534 	13.928389 	100.647903 	111.825760 	44.821869 	48.414875 	31.144823 	15.264338 	33.241539 	74.464760 	999.000000 	20.808653 	38.897301 	85.234970 	16.278820 	57.280014 	5.000000 	29.000000 	17.204651 	24.083189 	13.416408 	12.165525 	11.045361 	31.144823 	31.064449 	53.851646 	23.345236 	19.235384 	18.601076 	20.124611 	20.000000 	30.066593 	35.468296 	
37.215588 	14.317822 	111.018013 	72.006943 	52.354561 	17.262676 	29.068884 	121.198181 	47.010635 	57.567352 	37.013512 	42.720020 	91.389275 	60.216278 	90.426765 	119.883278 	11.180340 	52.801514 	48.373547 	113.371071 	15.132746 	8.485281 	16.643316 	114.057007 	35.383614 	132.412231 	36.069378 	80.280754 	39.597980 	6.324555 	72.249565 	8.062258 	119.570061 	130.361038 	65.069191 	68.622154 	51.662365 	5.656854 	53.814495 	54.405884 	20.808653 	999.000000 	59.548298 	65.145988 	6.000000 	77.833153 	21.540659 	8.944272 	7.280110 	6.082763 	11.000000 	32.202484 	30.870699 	11.704700 	14.000000 	74.625732 	17.029387 	21.189621 	32.015621 	26.683329 	29.274563 	23.430750 	36.619667 	
26.925823 	54.120235 	58.694122 	27.730848 	21.189621 	52.801514 	82.734512 	69.720871 	99.538940 	102.391403 	46.043457 	88.323273 	45.891174 	14.142136 	37.215588 	67.896980 	57.801384 	13.341664 	103.315056 	60.207973 	70.491135 	60.745369 	43.829212 	59.908264 	24.698177 	79.831070 	23.853722 	23.769728 	20.248457 	63.007935 	15.297058 	52.009613 	64.845970 	76.655075 	8.000000 	11.180340 	8.062258 	53.907330 	5.830952 	111.507851 	38.897301 	59.548298 	999.000000 	122.188377 	55.154327 	18.439089 	39.824615 	67.896980 	55.901699 	62.936478 	51.739735 	29.681644 	31.064449 	70.007141 	69.526970 	18.027756 	59.363289 	52.354561 	40.162170 	48.846699 	45.880280 	64.412735 	61.846584 	
96.254868 	68.095520 	164.757401 	126.810883 	109.201645 	69.641945 	39.661064 	173.415680 	25.806976 	37.656342 	83.486526 	41.340054 	142.898560 	119.037811 	146.754898 	172.626770 	64.412735 	112.605507 	19.798990 	167.585800 	51.894123 	61.741398 	78.721024 	169.035492 	97.529480 	184.783661 	98.412399 	139.617340 	102.000000 	60.166435 	132.574509 	71.309189 	174.691162 	183.896713 	126.245789 	129.541504 	114.127121 	70.228203 	116.361504 	10.770329 	85.234970 	65.145988 	122.188377 	999.000000 	70.880180 	139.606583 	86.648720 	59.228371 	71.309189 	64.536812 	75.690155 	97.144226 	95.859268 	58.694122 	62.289646 	138.654251 	75.538071 	83.024094 	96.317184 	89.106674 	92.395889 	77.025970 	92.005432 	
34.539833 	16.643316 	108.226616 	69.462219 	49.769470 	19.235384 	35.057095 	118.595955 	53.009434 	63.324562 	37.656342 	48.383881 	89.196411 	56.938564 	87.321243 	117.200684 	14.866069 	49.396355 	54.332310 	110.476242 	21.095022 	13.416408 	14.317822 	111.018013 	31.622776 	129.711212 	32.202484 	76.609398 	35.608986 	12.165525 	68.410522 	7.280110 	116.468880 	127.475487 	61.073727 	64.660652 	47.423622 	4.472136 	49.517673 	60.166435 	16.278820 	6.000000 	55.154327 	70.880180 	999.000000 	73.552704 	16.124516 	12.806249 	2.236068 	7.810250 	5.000000 	26.925823 	25.553865 	14.866069 	15.231546 	69.634758 	13.038404 	15.652476 	26.019224 	20.880613 	23.345236 	20.124611 	31.890438 	
43.416588 	71.561165 	44.102154 	26.400757 	32.756680 	69.971420 	99.985001 	55.036350 	116.275536 	117.643532 	60.166435 	104.177734 	37.443291 	22.360680 	24.351591 	53.009434 	75.451973 	27.313000 	120.440857 	45.000000 	88.232651 	78.600258 	61.846584 	44.102154 	42.638012 	64.195015 	41.868843 	10.816654 	38.288380 	81.055534 	9.055386 	70.178345 	48.507732 	60.530983 	13.416408 	10.440307 	26.172504 	72.180328 	24.041630 	129.003876 	57.280014 	77.833153 	18.439089 	139.606583 	73.552704 	999.000000 	58.258045 	86.267029 	74.330345 	81.344948 	70.178345 	48.010414 	49.406479 	88.413803 	87.965904 	14.317822 	77.665955 	70.491135 	57.697487 	66.648331 	63.505905 	82.492424 	78.771820 	
24.020824 	23.769728 	95.273293 	57.489128 	38.327538 	24.698177 	49.365982 	105.948097 	67.364677 	75.538071 	35.805027 	60.406952 	77.665955 	43.657761 	73.925636 	104.403069 	25.079872 	36.055511 	69.426216 	97.308784 	35.510563 	26.076809 	12.529964 	97.575615 	18.439089 	116.811813 	18.681541 	62.265560 	21.540659 	26.683329 	53.851646 	16.031219 	102.883430 	114.236595 	46.324940 	49.929951 	32.449963 	16.492422 	34.409302 	75.894661 	5.000000 	21.540659 	39.824615 	86.648720 	16.124516 	58.258045 	999.000000 	28.844410 	16.401220 	23.600847 	12.041595 	10.816654 	9.433981 	30.610456 	29.732138 	53.600372 	20.248457 	15.000000 	13.892444 	15.231546 	15.000000 	26.476404 	30.675724 	
46.141087 	22.022715 	119.954155 	80.950600 	61.294373 	25.019993 	26.925823 	130.142227 	43.931767 	56.797886 	45.099888 	42.720020 	100.319489 	69.065186 	99.322708 	128.825470 	18.027756 	61.611687 	44.045429 	122.298813 	14.866069 	14.142136 	25.553865 	122.967476 	44.045429 	141.354172 	44.687805 	89.022469 	48.166378 	10.198039 	80.919716 	17.000000 	128.471786 	139.291061 	73.661385 	77.233414 	60.108234 	14.422205 	62.225395 	48.662102 	29.000000 	8.944272 	67.896980 	59.228371 	12.806249 	86.267029 	28.844410 	999.000000 	12.529964 	5.385165 	17.000000 	39.661064 	38.275318 	3.000000 	7.211102 	82.419655 	17.262676 	24.020824 	37.107952 	30.066593 	33.241539 	21.470911 	36.400551 	
36.055511 	18.867962 	109.590149 	70.936592 	51.264023 	21.470911 	36.221542 	120.016663 	54.083271 	64.845970 	39.812057 	49.979996 	90.757919 	58.180752 	88.588936 	118.595955 	16.970562 	50.606323 	55.145264 	111.803398 	22.360680 	15.264338 	16.124516 	112.294258 	32.756680 	131.095383 	33.286633 	77.665955 	36.619667 	13.601471 	69.404610 	9.486833 	117.720009 	128.798294 	62.008064 	65.604881 	48.270073 	6.708204 	50.328918 	60.638271 	17.204651 	7.280110 	55.901699 	71.309189 	2.236068 	74.330345 	16.401220 	12.529964 	999.000000 	7.211102 	4.472136 	27.202942 	25.806976 	14.212670 	13.892444 	70.000000 	10.816654 	13.928389 	25.179358 	19.416489 	22.090721 	17.888544 	29.832869 	
42.047592 	20.396078 	115.836090 	76.967529 	57.271286 	23.345236 	31.048349 	126.142776 	48.507732 	60.539242 	43.046486 	46.065170 	96.566040 	64.660652 	95.015785 	124.775803 	17.088007 	57.140179 	49.000000 	118.118584 	17.888544 	13.892444 	21.540659 	118.701309 	39.408119 	137.295303 	40.000000 	84.403793 	43.416588 	10.630146 	76.216797 	13.341664 	124.169243 	135.118469 	68.883957 	72.470680 	55.226807 	10.440307 	57.314919 	53.935146 	24.083189 	6.082763 	62.936478 	64.536812 	7.810250 	81.344948 	23.600847 	5.385165 	7.211102 	999.000000 	11.661903 	34.409302 	33.015148 	7.071068 	8.062258 	77.201035 	13.000000 	19.026299 	31.780497 	25.000000 	28.071337 	18.439089 	32.649654 	
32.984844 	19.798990 	106.103722 	67.675697 	48.083260 	22.022715 	40.049969 	116.619041 	58.008621 	68.154236 	38.897301 	53.160137 	87.641312 	54.561890 	84.970581 	115.156418 	18.867962 	46.957428 	59.304298 	108.258949 	26.076809 	18.027756 	14.142136 	108.673820 	29.068884 	127.632286 	29.529646 	73.783470 	32.756680 	17.117243 	65.459915 	9.899495 	114.061386 	125.239769 	58.008621 	61.611687 	44.204071 	8.062258 	46.227695 	65.000000 	13.416408 	11.000000 	51.739735 	75.690155 	5.000000 	70.178345 	12.041595 	17.000000 	4.472136 	11.661903 	999.000000 	22.803509 	21.400934 	18.601076 	17.804493 	65.604881 	11.180340 	11.401754 	21.023796 	16.155495 	18.439089 	18.439089 	28.319605 	
20.591261 	32.000000 	86.683334 	50.159744 	32.249031 	32.140316 	59.228371 	97.529480 	77.103828 	84.053551 	37.802116 	69.007248 	70.349129 	35.510563 	65.145988 	95.880135 	34.234486 	28.160255 	79.555016 	88.543777 	45.607018 	35.902645 	20.000000 	88.600227 	13.000000 	108.157295 	12.649111 	52.801514 	14.035668 	37.000000 	44.283180 	25.961510 	93.776329 	105.342300 	36.674240 	40.249222 	22.847319 	26.925823 	24.596748 	86.377083 	12.165525 	32.202484 	29.681644 	97.144226 	26.925823 	48.010414 	10.816654 	39.661064 	27.202942 	34.409302 	22.803509 	999.000000 	1.414214 	41.400482 	40.311287 	42.801868 	29.681644 	22.847319 	13.341664 	20.223749 	18.000000 	34.928497 	35.014282 	
21.023796 	31.016125 	87.931793 	51.244511 	33.136082 	31.257000 	58.051701 	98.762344 	75.953934 	83.096329 	37.643059 	68.029404 	71.449280 	36.674240 	66.407829 	97.123634 	33.136082 	29.274563 	78.339005 	89.810913 	44.384682 	34.713108 	19.026299 	89.888817 	13.601471 	109.416634 	13.341664 	54.129475 	15.000000 	35.735138 	45.617977 	24.738634 	95.078911 	106.625511 	38.013157 	41.593269 	24.166092 	25.632011 	25.942244 	85.094063 	11.045361 	30.870699 	31.064449 	95.859268 	25.553865 	49.406479 	9.433981 	38.275318 	25.806976 	33.015148 	21.400934 	1.414214 	999.000000 	40.000000 	38.897301 	44.204071 	28.301943 	21.540659 	12.649111 	19.104973 	17.029387 	33.615471 	34.058773 	
48.764740 	25.019993 	122.588745 	83.630135 	63.953106 	28.017851 	28.178005 	132.823196 	44.643028 	58.180752 	48.093658 	44.407207 	103.077644 	71.561165 	101.872467 	131.487640 	21.023796 	64.070274 	44.283180 	124.907967 	17.029387 	17.117243 	28.178005 	125.538841 	46.400433 	144.013885 	47.010635 	91.400215 	50.447994 	13.152946 	83.240616 	19.697716 	131.026718 	141.904892 	75.927597 	79.511009 	62.289646 	17.000000 	64.381676 	48.259712 	31.144823 	11.704700 	70.007141 	58.694122 	14.866069 	88.413803 	30.610456 	3.000000 	14.212670 	7.071068 	18.601076 	41.400482 	40.000000 	999.000000 	5.000000 	84.202141 	17.000000 	24.331051 	37.947330 	30.413813 	33.734257 	20.248457 	35.440090 	
49.769470 	28.160255 	123.438240 	84.693565 	65.000000 	31.144823 	33.120991 	133.824509 	49.335587 	63.134777 	51.009804 	49.406479 	104.403069 	72.069412 	102.474388 	132.423569 	24.515301 	64.498062 	48.662102 	125.670204 	21.931713 	20.880613 	29.410883 	126.178444 	46.647614 	144.931015 	47.169907 	91.525955 	50.477718 	17.088007 	83.234612 	21.377558 	131.609268 	142.667450 	75.802376 	79.404030 	62.008064 	18.439089 	64.031242 	52.038448 	31.064449 	14.000000 	69.526970 	62.289646 	15.231546 	87.965904 	29.732138 	7.211102 	13.892444 	8.062258 	17.804493 	40.311287 	38.897301 	5.000000 	999.000000 	82.975899 	13.341664 	21.189621 	35.341194 	27.202942 	30.675724 	15.524175 	30.805843 	
44.721359 	70.936592 	57.706154 	38.418747 	38.470768 	69.892776 	99.538940 	68.468971 	116.709038 	120.220627 	64.070274 	105.990562 	51.623638 	29.410883 	38.626415 	66.370171 	74.323616 	31.064449 	120.154068 	58.309521 	86.764046 	76.922035 	59.933296 	57.078892 	41.436699 	77.006493 	40.496914 	25.059929 	37.000000 	78.771820 	20.518284 	67.601776 	61.008198 	73.027390 	19.313208 	18.867962 	25.495098 	69.115845 	23.345236 	127.910126 	53.851646 	74.625732 	18.027756 	138.654251 	69.634758 	14.317822 	53.600372 	82.419655 	70.000000 	77.201035 	65.604881 	42.801868 	44.204071 	84.202141 	82.975899 	999.000000 	71.421288 	63.702435 	49.819675 	59.033890 	55.605755 	75.286118 	69.354164 	
