Total assets = 632
Number of asset nodes = 40

Distance:
999.000000 	16.278820 	64.007812 	33.955853 	20.024984 	66.640831 	14.142136 	27.202942 	77.897369 	62.393909 	106.962608 	119.553337 	22.022715 	49.030602 	90.972527 	101.212646 	107.168091 	61.983868 	17.000000 	18.027756 	37.215588 	77.472572 	117.515953 	24.413111 	19.924858 	70.837845 	56.885849 	25.495098 	51.156624 	21.377558 	30.870699 	85.088188 	29.154760 	75.286118 	34.409302 	33.541019 	90.801979 	72.532753 	25.298222 	56.080299 	27.073973 	26.400757 	89.157166 	101.597244 	73.756355 	32.572994 	97.943863 	118.810776 	108.558739 	31.890438 	64.195015 	31.064449 	96.254868 	
16.278820 	999.000000 	48.826221 	17.720045 	5.656854 	51.107731 	14.317822 	42.485291 	62.681736 	46.518814 	93.380943 	106.826965 	36.055511 	32.756680 	76.216797 	87.045967 	93.338097 	45.880280 	19.697716 	25.806976 	22.135944 	61.717098 	104.004807 	17.464249 	24.166092 	54.781384 	40.607880 	37.483330 	35.014282 	26.832815 	20.000000 	69.318108 	40.360870 	59.135437 	47.507893 	22.803509 	75.179787 	56.320511 	28.160255 	40.000000 	34.985710 	27.459061 	73.348480 	86.284416 	57.489128 	42.801868 	82.365044 	104.350372 	93.477272 	27.459061 	48.041649 	38.470768 	80.498444 	
64.007812 	48.826221 	999.000000 	32.526913 	48.166378 	4.472136 	61.619801 	91.065910 	13.892444 	8.246211 	46.647614 	61.741398 	84.876381 	22.472204 	27.586229 	39.204590 	46.043457 	12.369317 	66.483078 	73.661385 	39.824615 	15.000000 	57.140179 	57.628117 	70.710678 	13.601471 	21.000000 	86.052307 	27.459061 	73.539108 	52.153618 	22.203604 	88.617157 	18.357559 	96.213303 	52.839378 	27.202942 	18.439089 	73.000000 	28.000000 	82.024384 	71.063354 	26.305893 	37.589893 	21.931713 	90.553848 	34.176014 	55.865910 	44.654228 	65.192024 	27.202942 	84.899940 	32.984844 	
33.955853 	17.720045 	32.526913 	999.000000 	15.811388 	34.205261 	29.206163 	60.008331 	46.097721 	29.154760 	78.600258 	92.962357 	53.235325 	15.132746 	60.108234 	71.589104 	78.243210 	28.231188 	33.970577 	41.231056 	12.649111 	44.418465 	89.202019 	25.553865 	38.183765 	37.161808 	23.086792 	53.823788 	18.439089 	41.012192 	21.587032 	51.971146 	56.222771 	41.436699 	64.070274 	23.194826 	57.982758 	38.600517 	40.607880 	23.537205 	49.497475 	38.832977 	55.946404 	69.404610 	39.812057 	58.051701 	65.192024 	88.391174 	76.837494 	34.176014 	31.144823 	52.402290 	63.134777 	
20.024984 	5.656854 	48.166378 	15.811388 	999.000000 	50.000000 	13.453624 	44.598206 	61.846584 	44.944408 	93.723000 	107.647575 	37.576588 	30.083218 	75.742989 	87.000000 	93.509361 	43.829212 	18.439089 	25.495098 	17.262676 	60.207973 	104.350372 	13.000000 	22.803509 	52.773098 	37.643059 	38.013157 	31.400637 	25.612497 	14.422205 	67.742157 	40.459858 	56.859474 	48.259712 	17.204651 	73.783470 	53.851646 	25.942244 	36.221542 	34.058773 	24.698177 	71.693794 	85.211502 	54.708317 	42.426407 	80.993828 	104.004807 	92.617493 	23.021729 	44.407207 	37.202152 	78.892334 	
66.640831 	51.107731 	4.472136 	34.205261 	50.000000 	999.000000 	63.411354 	93.536087 	12.041595 	6.324555 	46.518814 	62.032249 	87.132080 	22.472204 	26.400757 	38.587563 	45.650848 	10.049875 	68.117546 	75.432091 	40.224369 	11.180340 	56.824291 	58.728188 	72.249565 	9.219544 	19.416489 	88.005684 	26.570660 	75.073296 	52.801514 	18.681541 	90.426765 	13.892444 	98.229324 	53.254108 	24.166092 	14.142136 	74.249580 	26.305893 	83.546394 	72.180328 	22.803509 	35.227829 	17.691807 	92.195442 	31.304953 	54.561890 	42.638012 	65.802734 	24.331051 	86.278618 	29.732138 	
14.142136 	14.317822 	61.619801 	29.206163 	13.453624 	63.411354 	999.000000 	32.557640 	75.286118 	58.249462 	107.056061 	120.801491 	25.000000 	42.941822 	89.196411 	100.419121 	106.887794 	56.938564 	5.385165 	12.041595 	27.658634 	73.498299 	117.686020 	10.770329 	9.848858 	65.863495 	50.159744 	24.698177 	43.324360 	12.529964 	18.248287 	80.993828 	27.018513 	69.771057 	34.985710 	20.615528 	87.091904 	66.640831 	14.142136 	47.801674 	20.808653 	14.035668 	84.905830 	98.600204 	67.230942 	29.000000 	94.302704 	117.456375 	106.042442 	17.804493 	56.044624 	24.186773 	92.114059 	
27.202942 	42.485291 	91.065910 	60.008331 	44.598206 	93.536087 	32.557640 	999.000000 	104.957130 	89.000000 	134.063416 	146.372818 	8.062258 	74.672615 	118.152443 	128.405609 	134.316788 	88.238312 	30.016663 	23.086792 	60.207973 	104.201729 	144.589066 	42.047592 	28.160255 	97.169952 	82.219215 	13.038404 	75.690155 	26.476404 	50.089920 	111.803398 	15.556349 	101.390335 	12.165525 	52.009613 	117.647781 	98.432716 	31.048349 	80.280754 	22.825424 	33.955853 	115.831772 	128.631256 	99.297531 	19.209373 	124.823875 	146.013702 	135.679764 	43.737854 	88.526833 	25.000000 	122.983742 	
77.897369 	62.681736 	13.892444 	46.097721 	61.846584 	12.041595 	75.286118 	104.957130 	999.000000 	18.027756 	35.114101 	50.960770 	98.737022 	34.409302 	14.422205 	26.832815 	34.014702 	21.023796 	80.056229 	87.321243 	52.201534 	7.615773 	45.188496 	70.767227 	84.219948 	15.033297 	30.463093 	99.809822 	38.013157 	87.045967 	64.815125 	10.770329 	102.303467 	16.492422 	110.000000 	65.215027 	14.035668 	19.104973 	86.278618 	37.000000 	95.524864 	84.219948 	14.317822 	23.706539 	22.360680 	104.139328 	20.615528 	42.520584 	30.805843 	77.801025 	33.241539 	98.290382 	20.024984 	
62.393909 	46.518814 	8.246211 	29.154760 	44.944408 	6.324555 	58.249462 	89.000000 	18.027756 	999.000000 	52.801514 	68.352028 	82.365044 	16.401220 	32.449963 	44.777225 	51.884487 	4.123106 	62.801273 	70.213959 	34.205261 	15.264338 	63.063461 	53.037724 	66.843102 	9.000000 	13.152946 	82.927681 	20.248457 	69.656296 	46.861500 	22.825424 	85.211502 	14.035668 	93.193344 	47.201694 	28.844410 	12.649111 	68.622154 	20.099751 	78.102493 	66.468040 	26.832815 	40.459858 	15.652476 	86.833176 	36.055511 	60.440052 	48.104053 	59.816387 	18.973665 	80.721741 	34.000000 	
106.962608 	93.380943 	46.647614 	78.600258 	93.723000 	46.518814 	107.056061 	134.063416 	35.114101 	52.801514 	999.000000 	16.124516 	128.763351 	68.883957 	21.377558 	9.000000 	2.828427 	56.080299 	112.160599 	119.004204 	86.452301 	41.000000 	10.630146 	104.043259 	116.516090 	49.729267 	65.551506 	130.831955 	73.006851 	119.331474 	98.792709 	37.054016 	133.734818 	49.648766 	140.716019 	99.478638 	32.062439 	52.952808 	119.201508 	72.111023 	127.781059 	117.413795 	36.055511 	23.769728 	55.578773 	136.029404 	29.120440 	16.031219 	19.849434 	111.830231 	67.911705 	130.873978 	32.984844 	
119.553337 	106.826965 	61.741398 	92.962357 	107.647575 	62.032249 	120.801491 	146.372818 	50.960770 	68.352028 	16.124516 	999.000000 	141.534454 	84.172440 	37.483330 	25.079872 	18.000000 	71.784401 	126.015869 	132.612213 	101.518471 	57.070133 	9.433981 	118.511604 	130.430054 	65.734314 	81.271149 	144.045135 	88.600227 	133.221619 	113.648582 	53.150730 	147.122391 	65.764732 	153.717270 	114.490173 	48.000000 	69.050705 	133.405396 	87.931793 	141.605087 	131.764938 	52.000000 	38.639359 	71.700768 	149.626205 	44.407207 	22.022715 	32.893768 	126.657021 	83.952370 	144.844742 	48.373547 	
22.022715 	36.055511 	84.876381 	53.235325 	37.576588 	87.132080 	25.000000 	8.062258 	98.737022 	82.365044 	128.763351 	141.534454 	999.000000 	67.623962 	112.200714 	122.788437 	128.887543 	81.394104 	22.090721 	15.033297 	52.630791 	97.616600 	139.344894 	34.132095 	20.099751 	90.338257 	75.026665 	6.708204 	68.308128 	18.439089 	42.190044 	105.190300 	10.440307 	94.429871 	12.529964 	44.045429 	111.139549 	91.389275 	23.086792 	72.801102 	15.620500 	25.961510 	109.178749 	122.331520 	92.114059 	14.560220 	118.338501 	140.246216 	129.529922 	35.693138 	81.043198 	18.439089 	116.361504 	
49.030602 	32.756680 	22.472204 	15.132746 	30.083218 	22.472204 	42.941822 	74.672615 	34.409302 	16.401220 	68.883957 	84.172440 	67.623962 	999.000000 	48.826221 	61.057350 	68.095520 	14.212670 	47.169907 	54.708317 	17.804493 	31.144823 	79.259071 	36.878178 	51.039200 	23.021729 	8.000000 	67.601776 	6.708204 	53.823788 	30.479502 	38.418747 	69.641945 	26.832815 	77.897369 	30.805843 	44.687805 	23.769728 	52.497620 	10.630146 	62.201286 	50.249378 	42.201897 	56.586216 	24.738634 	71.028160 	51.855568 	76.837494 	64.350601 	43.416588 	16.763054 	64.660652 	49.406479 	
90.972527 	76.216797 	27.586229 	60.108234 	75.742989 	26.400757 	89.196411 	118.152443 	14.422205 	32.449963 	21.377558 	37.483330 	112.200714 	48.826221 	999.000000 	12.649111 	19.924858 	35.355339 	94.069122 	101.237343 	66.610809 	19.646883 	31.016125 	85.041168 	98.290382 	28.460499 	44.721359 	113.569359 	52.354561 	101.118744 	79.202271 	16.124516 	116.180893 	28.284271 	123.693169 	79.630394 	12.529964 	31.575306 	100.498756 	51.078373 	109.603828 	98.493652 	16.155495 	13.038404 	34.234486 	118.139748 	13.892444 	28.284271 	18.027756 	92.200867 	46.572525 	112.449989 	16.278820 	
101.212646 	87.045967 	39.204590 	71.589104 	87.000000 	38.587563 	100.419121 	128.405609 	26.832815 	44.777225 	9.000000 	25.079872 	122.788437 	61.057350 	12.649111 	999.000000 	7.280110 	47.853943 	105.418213 	112.432205 	78.771820 	32.280025 	18.384777 	96.829750 	109.713264 	41.109608 	57.271286 	124.523087 	64.845970 	112.538879 	91.263351 	28.071337 	127.287079 	40.792156 	134.536240 	91.809586 	23.086792 	44.147480 	112.160599 	63.694584 	121.016525 	110.258789 	27.073973 	15.811388 	46.690472 	129.417923 	20.615528 	17.888544 	14.317822 	104.292854 	59.203041 	123.987900 	24.351591 	
107.168091 	93.338097 	46.043457 	78.243210 	93.509361 	45.650848 	106.887794 	134.316788 	34.014702 	51.884487 	2.828427 	18.000000 	128.887543 	68.095520 	19.924858 	7.280110 	999.000000 	55.036350 	111.946419 	118.869675 	85.755463 	39.560081 	11.180340 	103.600197 	116.275536 	48.383881 	64.474800 	130.816666 	72.013885 	119.096596 	98.183502 	35.227829 	133.660019 	48.052055 	140.758652 	98.792709 	30.000000 	51.419842 	118.848640 	70.936592 	127.561752 	117.004272 	34.000000 	21.189621 	53.935146 	135.882309 	26.683329 	14.035668 	17.029387 	111.220505 	66.483078 	130.598618 	30.594116 	
61.983868 	45.880280 	12.369317 	28.231188 	43.829212 	10.049875 	56.938564 	88.238312 	21.023796 	4.123106 	56.080299 	71.784401 	81.394104 	14.212670 	35.355339 	47.853943 	55.036350 	999.000000 	61.294373 	68.796799 	31.827662 	16.970562 	66.211784 	51.088158 	65.215027 	8.944272 	9.486833 	81.633324 	17.000000 	68.007355 	44.553337 	24.207438 	83.761566 	13.341664 	91.923882 	44.687805 	30.479502 	11.000000 	66.708321 	16.278820 	76.400261 	64.443771 	28.017851 	42.426407 	13.341664 	85.211502 	37.643059 	63.007935 	50.249378 	57.384666 	14.866069 	78.873314 	35.227829 	
17.000000 	19.697716 	66.483078 	33.970577 	18.439089 	68.117546 	5.385165 	30.016663 	80.056229 	62.801273 	112.160599 	126.015869 	22.090721 	47.169907 	94.069122 	105.418213 	111.946419 	61.294373 	999.000000 	7.615773 	31.016125 	78.006409 	122.788437 	12.041595 	4.472136 	70.178345 	54.120235 	20.615528 	47.010635 	7.211102 	20.099751 	85.445892 	22.472204 	73.925636 	30.870699 	22.000000 	91.607857 	70.710678 	9.000000 	51.264023 	15.620500 	9.486833 	89.308456 	103.232750 	71.112587 	24.083189 	98.812958 	122.347862 	110.751976 	15.811388 	59.464275 	18.867962 	96.519424 	
18.027756 	25.806976 	73.661385 	41.231056 	25.495098 	75.432091 	12.041595 	23.086792 	87.321243 	70.213959 	119.004204 	132.612213 	15.033297 	54.708317 	101.237343 	112.432205 	118.869675 	68.796799 	7.615773 	999.000000 	38.626415 	85.445892 	129.634094 	19.416489 	5.099020 	77.698135 	61.717098 	13.000000 	54.625999 	4.242640 	27.459061 	92.913940 	15.000000 	81.492332 	23.259407 	29.154760 	99.045441 	78.294319 	9.219544 	58.872746 	9.486833 	11.661903 	96.798759 	110.602890 	78.721024 	17.029387 	106.254410 	129.495178 	118.067780 	20.880613 	67.067131 	13.341664 	104.009613 	
37.215588 	22.135944 	39.824615 	12.649111 	17.262676 	40.224369 	27.658634 	60.207973 	52.201534 	34.205261 	86.452301 	101.518471 	52.630791 	17.804493 	66.610809 	78.771820 	85.755463 	31.827662 	31.016125 	38.626415 	999.000000 	48.795490 	96.896851 	19.723083 	34.438351 	40.360870 	23.600847 	51.623638 	16.124516 	37.121422 	12.727922 	55.901699 	53.225933 	43.600460 	61.846584 	13.038404 	62.241467 	40.224369 	35.227829 	20.248457 	45.276924 	32.802441 	59.548298 	74.249580 	40.311287 	54.203320 	69.354164 	94.641426 	82.073135 	25.612497 	28.460499 	47.434166 	66.708321 	
77.472572 	61.717098 	15.000000 	44.418465 	60.207973 	11.180340 	73.498299 	104.201729 	7.615773 	15.264338 	41.000000 	57.070133 	97.616600 	31.144823 	19.646883 	32.280025 	39.560081 	16.970562 	78.006409 	85.445892 	48.795490 	999.000000 	50.596443 	68.014702 	82.006096 	8.944272 	25.806976 	98.183502 	33.600594 	84.811554 	61.522354 	7.615773 	100.439034 	9.055386 	108.452751 	61.619801 	13.601471 	12.041595 	83.630135 	31.764761 	93.236259 	81.394104 	11.704700 	25.455845 	15.033297 	102.004898 	20.808653 	46.324940 	33.301651 	74.330345 	26.925823 	95.775780 	18.788294 	
117.515953 	104.004807 	57.140179 	89.202019 	104.350372 	56.824291 	117.686020 	144.589066 	45.188496 	63.063461 	10.630146 	9.433981 	139.344894 	79.259071 	31.016125 	18.384777 	11.180340 	66.211784 	122.788437 	129.634094 	96.896851 	50.596443 	999.000000 	114.621117 	127.141655 	59.464275 	75.643906 	141.449631 	83.192551 	129.957687 	109.293182 	45.891174 	144.360657 	58.940647 	151.320847 	109.931801 	40.311287 	62.361847 	129.807556 	82.079231 	138.408813 	128.003906 	44.283180 	30.066593 	64.761101 	146.659470 	36.013885 	12.727922 	23.769728 	122.331520 	77.491936 	141.495590 	40.012497 	
24.413111 	17.464249 	57.628117 	25.553865 	13.000000 	58.728188 	10.770329 	42.047592 	70.767227 	53.037724 	104.043259 	118.511604 	34.132095 	36.878178 	85.041168 	96.829750 	103.600197 	51.088158 	12.041595 	19.416489 	19.723083 	68.014702 	114.621117 	999.000000 	14.866069 	59.816387 	43.266617 	32.280025 	35.846897 	17.464249 	8.062258 	75.286118 	33.615471 	63.245552 	42.379242 	10.049875 	81.565926 	59.908264 	15.620500 	39.812057 	25.553865 	13.453624 	79.025314 	93.434471 	60.033325 	34.481880 	88.729927 	113.278419 	101.138519 	10.049875 	47.927029 	27.802877 	86.214851 	
19.924858 	24.166092 	70.710678 	38.183765 	22.803509 	72.249565 	9.848858 	28.160255 	84.219948 	66.843102 	116.516090 	130.430054 	20.099751 	51.039200 	98.290382 	109.713264 	116.275536 	65.215027 	4.472136 	5.099020 	34.438351 	82.006096 	127.141655 	14.866069 	999.000000 	74.060783 	57.801384 	17.464249 	50.537113 	2.828427 	22.803509 	89.403580 	18.788294 	77.698135 	27.513634 	24.331051 	95.603348 	74.431175 	5.385165 	54.625999 	11.313708 	7.071068 	93.230896 	107.298645 	74.706093 	20.000000 	102.800781 	126.574089 	114.865135 	15.811388 	62.769421 	14.422205 	100.439034 	
70.837845 	54.781384 	13.601471 	37.161808 	52.773098 	9.219544 	65.863495 	97.169952 	15.033297 	9.000000 	49.729267 	65.734314 	90.338257 	23.021729 	28.460499 	41.109608 	48.383881 	8.944272 	70.178345 	77.698135 	40.360870 	8.944272 	59.464275 	59.816387 	74.060783 	999.000000 	17.029387 	90.553848 	24.839485 	76.843994 	53.075417 	15.556349 	92.649879 	5.099020 	100.846420 	53.037724 	21.931713 	5.000000 	75.432091 	22.825424 	85.211502 	73.109505 	19.209373 	34.058773 	8.602325 	94.047859 	29.000000 	55.226807 	42.011902 	65.764732 	18.248287 	87.618492 	26.400757 	
56.885849 	40.607880 	21.000000 	23.086792 	37.643059 	19.416489 	50.159744 	82.219215 	30.463093 	13.152946 	65.551506 	81.271149 	75.026665 	8.000000 	44.721359 	57.271286 	64.474800 	9.486833 	54.120235 	61.717098 	23.600847 	25.806976 	75.643906 	43.266617 	57.801384 	17.029387 	999.000000 	74.686012 	7.810250 	60.539242 	36.235340 	32.557640 	76.537575 	20.000000 	84.970581 	36.069378 	38.948685 	16.643316 	58.821766 	7.000000 	68.796799 	56.400356 	36.069378 	51.088158 	17.088007 	77.698135 	45.967381 	72.111023 	59.033890 	48.795490 	9.433981 	71.028160 	43.185646 	
25.495098 	37.483330 	86.052307 	53.823788 	38.013157 	88.005684 	24.698177 	13.038404 	99.809822 	82.927681 	130.831955 	144.045135 	6.708204 	67.601776 	113.569359 	124.523087 	130.816666 	81.633324 	20.615528 	13.000000 	51.623638 	98.183502 	141.449631 	32.280025 	17.464249 	90.553848 	74.686012 	999.000000 	67.623962 	15.132746 	40.261642 	105.688217 	4.000000 	94.413979 	10.295630 	41.773197 	111.772087 	91.241440 	19.026299 	71.867935 	9.848858 	22.022715 	109.603828 	123.223373 	91.706055 	8.062258 	118.983192 	141.767410 	130.602448 	32.015621 	80.056229 	12.041595 	116.811813 	
51.156624 	35.014282 	27.459061 	18.439089 	31.400637 	26.570660 	43.324360 	75.690155 	38.013157 	20.248457 	73.006851 	88.600227 	68.308128 	6.708204 	52.354561 	64.845970 	72.013885 	17.000000 	47.010635 	54.625999 	16.124516 	33.600594 	83.192551 	35.846897 	50.537113 	24.839485 	7.810250 	67.623962 	999.000000 	53.235325 	28.600698 	40.360870 	69.318108 	27.658634 	77.878113 	28.319605 	46.754681 	24.207438 	51.312767 	5.099020 	61.400326 	48.826221 	43.840622 	58.898216 	24.186773 	70.327805 	53.758720 	79.881165 	66.843102 	41.036568 	13.038404 	63.513779 	50.931328 	
21.377558 	26.832815 	73.539108 	41.012192 	25.612497 	75.073296 	12.529964 	26.476404 	87.045967 	69.656296 	119.331474 	133.221619 	18.439089 	53.823788 	101.118744 	112.538879 	119.096596 	68.007355 	7.211102 	4.242640 	37.121422 	84.811554 	129.957687 	17.464249 	2.828427 	76.843994 	60.539242 	15.132746 	53.235325 	999.000000 	25.298222 	92.200867 	16.155495 	80.454956 	25.000000 	26.683329 	98.407318 	77.175125 	5.000000 	57.271286 	8.485281 	7.615773 	96.020828 	110.113579 	77.414467 	17.204651 	105.603027 	129.402466 	117.686020 	17.262676 	65.391129 	11.661903 	103.227905 	
30.870699 	20.000000 	52.153618 	21.587032 	14.422205 	52.801514 	18.248287 	50.089920 	64.815125 	46.861500 	98.792709 	113.648582 	42.190044 	30.479502 	79.202271 	91.263351 	98.183502 	44.553337 	20.099751 	27.459061 	12.727922 	61.522354 	109.293182 	8.062258 	22.803509 	53.075417 	36.235340 	40.261642 	28.600698 	25.298222 	999.000000 	68.622154 	41.436699 	56.222771 	50.289165 	2.828427 	74.966660 	52.801514 	22.825424 	32.249031 	33.105892 	20.248457 	72.249565 	86.977005 	52.697250 	42.047592 	82.073135 	107.298645 	94.794518 	13.038404 	40.249222 	34.985710 	79.397736 	
85.088188 	69.318108 	22.203604 	51.971146 	67.742157 	18.681541 	80.993828 	111.803398 	10.770329 	22.825424 	37.054016 	53.150730 	105.190300 	38.418747 	16.124516 	28.071337 	35.227829 	24.207438 	85.445892 	92.913940 	55.901699 	7.615773 	45.891174 	75.286118 	89.403580 	15.556349 	32.557640 	105.688217 	40.360870 	92.200867 	68.622154 	999.000000 	107.898102 	13.416408 	115.965515 	68.593002 	6.403124 	17.000000 	90.906548 	38.013157 	100.603180 	88.617157 	4.123106 	18.601076 	18.973665 	109.402924 	13.453624 	40.249222 	26.627054 	81.320351 	32.202484 	103.077644 	11.180340 	
29.154760 	40.360870 	88.617157 	56.222771 	40.459858 	90.426765 	27.018513 	15.556349 	102.303467 	85.211502 	133.734818 	147.122391 	10.440307 	69.641945 	116.180893 	127.287079 	133.660019 	83.761566 	22.472204 	15.000000 	53.225933 	100.439034 	144.360657 	33.615471 	18.788294 	92.649879 	76.537575 	4.000000 	69.318108 	16.155495 	41.436699 	107.898102 	999.000000 	96.384644 	9.055386 	42.720020 	114.039467 	93.150414 	19.235384 	73.409805 	9.000000 	22.203604 	111.772087 	125.602547 	93.477272 	4.123106 	121.247681 	144.422989 	133.060135 	32.140316 	81.541397 	9.848858 	118.983192 	
75.286118 	59.135437 	18.357559 	41.436699 	56.859474 	13.892444 	69.771057 	101.390335 	16.492422 	14.035668 	49.648766 	65.764732 	94.429871 	26.832815 	28.284271 	40.792156 	48.052055 	13.341664 	73.925636 	81.492332 	43.600460 	9.055386 	58.940647 	63.245552 	77.698135 	5.099020 	20.000000 	94.413979 	27.658634 	80.454956 	56.222771 	13.416408 	96.384644 	999.000000 	104.709122 	55.973209 	19.723083 	3.605551 	78.816238 	24.839485 	88.752464 	76.400261 	16.401220 	31.906113 	6.000000 	97.637085 	26.400757 	53.665630 	39.962482 	68.680420 	18.788294 	91.021973 	23.345236 	
34.409302 	47.507893 	96.213303 	64.070274 	48.259712 	98.229324 	34.985710 	12.165525 	110.000000 	93.193344 	140.716019 	153.717270 	12.529964 	77.897369 	123.693169 	134.536240 	140.758652 	91.923882 	30.870699 	23.259407 	61.846584 	108.452751 	151.320847 	42.379242 	27.513634 	100.846420 	84.970581 	10.295630 	77.878113 	25.000000 	50.289165 	115.965515 	9.055386 	104.709122 	999.000000 	51.662365 	122.036880 	101.533249 	28.284271 	82.079231 	18.027756 	31.257000 	119.887444 	133.454117 	101.980392 	10.440307 	129.247818 	151.855194 	140.801285 	41.194660 	90.249657 	18.248287 	127.094452 	
33.541019 	22.803509 	52.839378 	23.194826 	17.204651 	53.254108 	20.615528 	52.009613 	65.215027 	47.201694 	99.478638 	114.490173 	44.045429 	30.805843 	79.630394 	91.809586 	98.792709 	44.687805 	22.000000 	29.154760 	13.038404 	61.619801 	109.931801 	10.049875 	24.331051 	53.037724 	36.069378 	41.773197 	28.319605 	26.683329 	2.828427 	68.593002 	42.720020 	55.973209 	51.662365 	999.000000 	74.966660 	52.497620 	23.769728 	31.622776 	34.176014 	21.023796 	72.138756 	87.045967 	52.201534 	43.081318 	82.024384 	107.615051 	94.921021 	12.727922 	39.446167 	35.777088 	79.246452 	
90.801979 	75.179787 	27.202942 	57.982758 	73.783470 	24.166092 	87.091904 	117.647781 	14.035668 	28.844410 	32.062439 	48.000000 	111.139549 	44.687805 	12.529964 	23.086792 	30.000000 	30.479502 	91.607857 	99.045441 	62.241467 	13.601471 	40.311287 	81.565926 	95.603348 	21.931713 	38.948685 	111.772087 	46.754681 	98.407318 	74.966660 	6.403124 	114.039467 	19.723083 	122.036880 	74.966660 	999.000000 	23.323807 	97.185387 	44.407207 	106.826965 	94.921021 	4.000000 	12.206555 	25.079872 	115.602768 	7.211102 	34.014702 	20.248457 	87.692642 	38.470768 	109.343498 	6.000000 	
72.532753 	56.320511 	18.439089 	38.600517 	53.851646 	14.142136 	66.640831 	98.432716 	19.104973 	12.649111 	52.952808 	69.050705 	91.389275 	23.769728 	31.575306 	44.147480 	51.419842 	11.000000 	70.710678 	78.294319 	40.224369 	12.041595 	62.361847 	59.908264 	74.431175 	5.000000 	16.643316 	91.241440 	24.207438 	77.175125 	52.801514 	17.000000 	93.150414 	3.605551 	101.533249 	52.497620 	23.323807 	999.000000 	75.451973 	21.260292 	85.440041 	73.006851 	20.000000 	35.510563 	3.605551 	94.339813 	30.000000 	57.245087 	43.566040 	65.192024 	15.231546 	87.658424 	26.907248 	
25.298222 	28.160255 	73.000000 	40.607880 	25.942244 	74.249580 	14.142136 	31.048349 	86.278618 	68.622154 	119.201508 	133.405396 	23.086792 	52.497620 	100.498756 	112.160599 	118.848640 	66.708321 	9.000000 	9.219544 	35.227829 	83.630135 	129.807556 	15.620500 	5.385165 	75.432091 	58.821766 	19.026299 	51.312767 	5.000000 	22.825424 	90.906548 	19.235384 	78.816238 	28.284271 	23.769728 	97.185387 	75.451973 	999.000000 	55.072678 	10.440307 	3.000000 	94.641426 	109.041275 	75.471848 	19.313208 	104.350372 	128.763351 	116.726173 	13.000000 	63.063461 	12.206555 	101.828285 	
56.080299 	40.000000 	28.000000 	23.537205 	36.221542 	26.305893 	47.801674 	80.280754 	37.000000 	20.099751 	72.111023 	87.931793 	72.801102 	10.630146 	51.078373 	63.694584 	70.936592 	16.278820 	51.264023 	58.872746 	20.248457 	31.764761 	82.079231 	39.812057 	54.625999 	22.825424 	7.000000 	71.867935 	5.099020 	57.271286 	32.249031 	38.013157 	73.409805 	24.839485 	82.079231 	31.622776 	44.407207 	21.260292 	55.072678 	999.000000 	65.299309 	52.478565 	41.231056 	56.612720 	20.615528 	74.242844 	51.224995 	78.032043 	64.637451 	44.204071 	8.246211 	67.230942 	48.166378 	
27.073973 	34.985710 	82.024384 	49.497475 	34.058773 	83.546394 	20.808653 	22.825424 	95.524864 	78.102493 	127.781059 	141.605087 	15.620500 	62.201286 	109.603828 	121.016525 	127.561752 	76.400261 	15.620500 	9.486833 	45.276924 	93.236259 	138.408813 	25.553865 	11.313708 	85.211502 	68.796799 	9.848858 	61.400326 	8.485281 	33.105892 	100.603180 	9.000000 	88.752464 	18.027756 	34.176014 	106.826965 	85.440041 	10.440307 	65.299309 	999.000000 	13.341664 	104.403069 	118.562218 	85.586212 	8.944272 	114.017540 	137.887634 	126.150703 	23.194826 	73.348480 	4.000000 	111.606453 	
26.400757 	27.459061 	71.063354 	38.832977 	24.698177 	72.180328 	14.035668 	33.955853 	84.219948 	66.468040 	117.413795 	131.764938 	25.961510 	50.249378 	98.493652 	110.258789 	117.004272 	64.443771 	9.486833 	11.661903 	32.802441 	81.394104 	128.003906 	13.453624 	7.071068 	73.109505 	56.400356 	22.022715 	48.826221 	7.615773 	20.248457 	88.617157 	22.203604 	76.400261 	31.257000 	21.023796 	94.921021 	73.006851 	3.000000 	52.478565 	13.341664 	999.000000 	92.314682 	106.831642 	72.945183 	22.135944 	102.068604 	126.732002 	114.560028 	10.000000 	60.415230 	14.764823 	99.488693 	
89.157166 	73.348480 	26.305893 	55.946404 	71.693794 	22.803509 	84.905830 	115.831772 	14.317822 	26.832815 	36.055511 	52.000000 	109.178749 	42.201897 	16.155495 	27.073973 	34.000000 	28.017851 	89.308456 	96.798759 	59.548298 	11.704700 	44.283180 	79.025314 	93.230896 	19.209373 	36.069378 	109.603828 	43.840622 	96.020828 	72.249565 	4.123106 	111.772087 	16.401220 	119.887444 	72.138756 	4.000000 	20.000000 	94.641426 	41.231056 	104.403069 	92.314682 	999.000000 	15.652476 	21.470911 	113.225441 	10.000000 	37.696156 	23.706539 	84.864601 	34.985710 	106.826965 	7.211102 	
101.597244 	86.284416 	37.589893 	69.404610 	85.211502 	35.227829 	98.600204 	128.631256 	23.706539 	40.459858 	23.769728 	38.639359 	122.331520 	56.586216 	13.038404 	15.811388 	21.189621 	42.426407 	103.232750 	110.602890 	74.249580 	25.455845 	30.066593 	93.434471 	107.298645 	34.058773 	51.088158 	123.223373 	58.898216 	110.113579 	86.977005 	18.601076 	125.602547 	31.906113 	133.454117 	87.045967 	12.206555 	35.510563 	109.041275 	56.612720 	118.562218 	106.831642 	15.652476 	999.000000 	37.121422 	127.283150 	6.082763 	22.135944 	8.062258 	99.764725 	50.606323 	121.165176 	10.049875 	
73.756355 	57.489128 	21.931713 	39.812057 	54.708317 	17.691807 	67.230942 	99.297531 	22.360680 	15.652476 	55.578773 	71.700768 	92.114059 	24.738634 	34.234486 	46.690472 	53.935146 	13.341664 	71.112587 	78.721024 	40.311287 	15.033297 	64.761101 	60.033325 	74.706093 	8.602325 	17.088007 	91.706055 	24.186773 	77.414467 	52.697250 	18.973665 	93.477272 	6.000000 	101.980392 	52.201534 	25.079872 	3.605551 	75.471848 	20.615528 	85.586212 	72.945183 	21.470911 	37.121422 	999.000000 	94.514549 	31.384710 	59.093147 	45.177429 	64.815125 	13.601471 	87.664131 	28.017851 	
32.572994 	42.801868 	90.553848 	58.051701 	42.426407 	92.195442 	29.000000 	19.209373 	104.139328 	86.833176 	136.029404 	149.626205 	14.560220 	71.028160 	118.139748 	129.417923 	135.882309 	85.211502 	24.083189 	17.029387 	54.203320 	102.004898 	146.659470 	34.481880 	20.000000 	94.047859 	77.698135 	8.062258 	70.327805 	17.204651 	42.047592 	109.402924 	4.123106 	97.637085 	10.440307 	43.081318 	115.602768 	94.339813 	19.313208 	74.242844 	8.944272 	22.135944 	113.225441 	127.283150 	94.514549 	999.000000 	122.800652 	146.413803 	134.825821 	31.780497 	82.292160 	8.000000 	120.432556 	
97.943863 	82.365044 	34.176014 	65.192024 	80.993828 	31.304953 	94.302704 	124.823875 	20.615528 	36.055511 	29.120440 	44.407207 	118.338501 	51.855568 	13.892444 	20.615528 	26.683329 	37.643059 	98.812958 	106.254410 	69.354164 	20.808653 	36.013885 	88.729927 	102.800781 	29.000000 	45.967381 	118.983192 	53.758720 	105.603027 	82.073135 	13.453624 	121.247681 	26.400757 	129.247818 	82.024384 	7.211102 	30.000000 	104.350372 	51.224995 	114.017540 	102.068604 	10.000000 	6.082763 	31.384710 	122.800652 	999.000000 	28.160255 	13.928389 	94.752312 	44.944408 	116.516090 	4.000000 	
118.810776 	104.350372 	55.865910 	88.391174 	104.004807 	54.561890 	117.456375 	146.013702 	42.520584 	60.440052 	16.031219 	22.022715 	140.246216 	76.837494 	28.284271 	17.888544 	14.035668 	63.007935 	122.347862 	129.495178 	94.641426 	46.324940 	12.727922 	113.278419 	126.574089 	55.226807 	72.111023 	141.767410 	79.881165 	129.402466 	107.298645 	40.249222 	144.422989 	53.665630 	151.855194 	107.615051 	34.014702 	57.245087 	128.763351 	78.032043 	137.887634 	126.732002 	37.696156 	22.135944 	59.093147 	146.413803 	28.160255 	999.000000 	14.317822 	120.253899 	72.449982 	140.730240 	32.015621 	
108.558739 	93.477272 	44.654228 	76.837494 	92.617493 	42.638012 	106.042442 	135.679764 	30.805843 	48.104053 	19.849434 	32.893768 	129.529922 	64.350601 	18.027756 	14.317822 	17.029387 	50.249378 	110.751976 	118.067780 	82.073135 	33.301651 	23.769728 	101.138519 	114.865135 	42.011902 	59.033890 	130.602448 	66.843102 	117.686020 	94.794518 	26.627054 	133.060135 	39.962482 	140.801285 	94.921021 	20.248457 	43.566040 	116.726173 	64.637451 	126.150703 	114.560028 	23.706539 	8.062258 	45.177429 	134.825821 	13.928389 	14.317822 	999.000000 	107.628990 	58.668560 	128.817703 	17.720045 	
31.890438 	27.459061 	65.192024 	34.176014 	23.021729 	65.802734 	17.804493 	43.737854 	77.801025 	59.816387 	111.830231 	126.657021 	35.693138 	43.416588 	92.200867 	104.292854 	111.220505 	57.384666 	15.811388 	20.880613 	25.612497 	74.330345 	122.331520 	10.049875 	15.811388 	65.764732 	48.795490 	32.015621 	41.036568 	17.262676 	13.038404 	81.320351 	32.140316 	68.680420 	41.194660 	12.727922 	87.692642 	65.192024 	13.000000 	44.204071 	23.194826 	10.000000 	84.864601 	99.764725 	64.815125 	31.780497 	94.752312 	120.253899 	107.628990 	999.000000 	51.865211 	24.041630 	91.967384 	
64.195015 	48.041649 	27.202942 	31.144823 	44.407207 	24.331051 	56.044624 	88.526833 	33.241539 	18.973665 	67.911705 	83.952370 	81.043198 	16.763054 	46.572525 	59.203041 	66.483078 	14.866069 	59.464275 	67.067131 	28.460499 	26.925823 	77.491936 	47.927029 	62.769421 	18.248287 	9.433981 	80.056229 	13.038404 	65.391129 	40.249222 	32.202484 	81.541397 	18.788294 	90.249657 	39.446167 	38.470768 	15.231546 	63.063461 	8.246211 	73.348480 	60.415230 	34.985710 	50.606323 	13.601471 	82.292160 	44.944408 	72.449982 	58.668560 	51.865211 	999.000000 	75.179787 	41.617306 	
31.064449 	38.470768 	84.899940 	52.402290 	37.202152 	86.278618 	24.186773 	25.000000 	98.290382 	80.721741 	130.873978 	144.844742 	18.439089 	64.660652 	112.449989 	123.987900 	130.598618 	78.873314 	18.867962 	13.341664 	47.434166 	95.775780 	141.495590 	27.802877 	14.422205 	87.618492 	71.028160 	12.041595 	63.513779 	11.661903 	34.985710 	103.077644 	9.848858 	91.021973 	18.248287 	35.777088 	109.343498 	87.658424 	12.206555 	67.230942 	4.000000 	14.764823 	106.826965 	121.165176 	87.664131 	8.000000 	116.516090 	140.730240 	128.817703 	24.041630 	75.179787 	999.000000 	114.017540 	
96.254868 	80.498444 	32.984844 	63.134777 	78.892334 	29.732138 	92.114059 	122.983742 	20.024984 	34.000000 	32.984844 	48.373547 	116.361504 	49.406479 	16.278820 	24.351591 	30.594116 	35.227829 	96.519424 	104.009613 	66.708321 	18.788294 	40.012497 	86.214851 	100.439034 	26.400757 	43.185646 	116.811813 	50.931328 	103.227905 	79.397736 	11.180340 	118.983192 	23.345236 	127.094452 	79.246452 	6.000000 	26.907248 	101.828285 	48.166378 	111.606453 	99.488693 	7.211102 	10.049875 	28.017851 	120.432556 	4.000000 	32.015621 	17.720045 	91.967384 	41.617306 	114.017540 	999.000000 	

Travel time:
9.000000 	0.406971 	1.600195 	0.848896 	0.500625 	1.666021 	0.353553 	0.680074 	1.947434 	1.559848 	2.674065 	2.988833 	0.550568 	1.225765 	2.274313 	2.530316 	2.679202 	1.549597 	0.425000 	0.450694 	0.930390 	1.936814 	2.937899 	0.610328 	0.498121 	1.770946 	1.422146 	0.637377 	1.278916 	0.534439 	0.771767 	2.127205 	0.728869 	1.882153 	0.860233 	0.838525 	2.270050 	1.813319 	0.632456 	1.402007 	0.676849 	0.660019 	2.228929 	2.539931 	1.843909 	0.814325 	2.448596 	2.970269 	2.713969 	0.797261 	1.604875 	0.776611 	2.406372 	
0.406971 	9.000000 	1.220656 	0.443001 	0.141421 	1.277693 	0.357946 	1.062132 	1.567043 	1.162970 	2.334524 	2.670674 	0.901388 	0.818917 	1.905420 	2.176149 	2.333452 	1.147007 	0.492443 	0.645174 	0.553399 	1.542928 	2.600120 	0.436606 	0.604152 	1.369535 	1.015197 	0.937083 	0.875357 	0.670820 	0.500000 	1.732953 	1.009022 	1.478386 	1.187697 	0.570088 	1.879495 	1.408013 	0.704006 	1.000000 	0.874643 	0.686477 	1.833712 	2.157110 	1.437228 	1.070047 	2.059126 	2.608759 	2.336932 	0.686477 	1.201041 	0.961769 	2.012461 	
1.600195 	1.220656 	9.000000 	0.813173 	1.204159 	0.111803 	1.540495 	2.276648 	0.347311 	0.206155 	1.166190 	1.543535 	2.121910 	0.561805 	0.689656 	0.980115 	1.151086 	0.309233 	1.662077 	1.841535 	0.995615 	0.375000 	1.428504 	1.440703 	1.767767 	0.340037 	0.525000 	2.151308 	0.686477 	1.838478 	1.303840 	0.555090 	2.215429 	0.458939 	2.405333 	1.320984 	0.680074 	0.460977 	1.825000 	0.700000 	2.050610 	1.776584 	0.657647 	0.939747 	0.548293 	2.263846 	0.854400 	1.396648 	1.116356 	1.629801 	0.680074 	2.122499 	0.824621 	
0.848896 	0.443001 	0.813173 	9.000000 	0.395285 	0.855132 	0.730154 	1.500208 	1.152443 	0.728869 	1.965006 	2.324059 	1.330883 	0.378319 	1.502706 	1.789728 	1.956080 	0.705780 	0.849264 	1.030776 	0.316228 	1.110462 	2.230051 	0.638847 	0.954594 	0.929045 	0.577170 	1.345595 	0.460977 	1.025305 	0.539676 	1.299279 	1.405569 	1.035918 	1.601757 	0.579871 	1.449569 	0.965013 	1.015197 	0.588430 	1.237437 	0.970824 	1.398660 	1.735115 	0.995301 	1.451293 	1.629801 	2.209779 	1.920937 	0.854400 	0.778621 	1.310057 	1.578369 	
0.500625 	0.141421 	1.204159 	0.395285 	9.000000 	1.250000 	0.336341 	1.114955 	1.546165 	1.123610 	2.343075 	2.691189 	0.939415 	0.752080 	1.893575 	2.175000 	2.337734 	1.095730 	0.460977 	0.637377 	0.431567 	1.505199 	2.608759 	0.325000 	0.570088 	1.319327 	0.941076 	0.950329 	0.785016 	0.640312 	0.360555 	1.693554 	1.011496 	1.421487 	1.206493 	0.430116 	1.844587 	1.346291 	0.648556 	0.905539 	0.851469 	0.617454 	1.792345 	2.130288 	1.367708 	1.060660 	2.024846 	2.600120 	2.315437 	0.575543 	1.110180 	0.930054 	1.972308 	
1.666021 	1.277693 	0.111803 	0.855132 	1.250000 	9.000000 	1.585284 	2.338402 	0.301040 	0.158114 	1.162970 	1.550806 	2.178302 	0.561805 	0.660019 	0.964689 	1.141271 	0.251247 	1.702939 	1.885802 	1.005609 	0.279509 	1.420607 	1.468205 	1.806239 	0.230489 	0.485412 	2.200142 	0.664266 	1.876832 	1.320038 	0.467039 	2.260669 	0.347311 	2.455733 	1.331353 	0.604152 	0.353553 	1.856240 	0.657647 	2.088660 	1.804508 	0.570088 	0.880696 	0.442295 	2.304886 	0.782624 	1.364047 	1.065950 	1.645068 	0.608276 	2.156965 	0.743303 	
0.353553 	0.357946 	1.540495 	0.730154 	0.336341 	1.585284 	9.000000 	0.813941 	1.882153 	1.456237 	2.676402 	3.020037 	0.625000 	1.073546 	2.229910 	2.510478 	2.672195 	1.423464 	0.134629 	0.301040 	0.691466 	1.837457 	2.942151 	0.269258 	0.246221 	1.646587 	1.253994 	0.617454 	1.083109 	0.313249 	0.456207 	2.024846 	0.675463 	1.744276 	0.874643 	0.515388 	2.177298 	1.666021 	0.353553 	1.195042 	0.520216 	0.350892 	2.122646 	2.465005 	1.680773 	0.725000 	2.357568 	2.936409 	2.651061 	0.445112 	1.401116 	0.604669 	2.302851 	
0.680074 	1.062132 	2.276648 	1.500208 	1.114955 	2.338402 	0.813941 	9.000000 	2.623928 	2.225000 	3.351585 	3.659320 	0.201556 	1.866815 	2.953811 	3.210140 	3.357920 	2.205958 	0.750417 	0.577170 	1.505199 	2.605043 	3.614727 	1.051190 	0.704006 	2.429249 	2.055480 	0.325960 	1.892254 	0.661910 	1.252248 	2.795085 	0.388909 	2.534758 	0.304138 	1.300240 	2.941195 	2.460818 	0.776209 	2.007019 	0.570636 	0.848896 	2.895794 	3.215781 	2.482438 	0.480234 	3.120597 	3.650342 	3.391994 	1.093446 	2.213171 	0.625000 	3.074594 	
1.947434 	1.567043 	0.347311 	1.152443 	1.546165 	0.301040 	1.882153 	2.623928 	9.000000 	0.450694 	0.877853 	1.274019 	2.468426 	0.860233 	0.360555 	0.670820 	0.850368 	0.525595 	2.001406 	2.183031 	1.305038 	0.190394 	1.129712 	1.769181 	2.105499 	0.375832 	0.761577 	2.495245 	0.950329 	2.176149 	1.620378 	0.269258 	2.557587 	0.412311 	2.750000 	1.630376 	0.350892 	0.477624 	2.156965 	0.925000 	2.388122 	2.105499 	0.357946 	0.592663 	0.559017 	2.603483 	0.515388 	1.063015 	0.770146 	1.945026 	0.831038 	2.457260 	0.500625 	
1.559848 	1.162970 	0.206155 	0.728869 	1.123610 	0.158114 	1.456237 	2.225000 	0.450694 	9.000000 	1.320038 	1.708801 	2.059126 	0.410031 	0.811249 	1.119431 	1.297112 	0.103078 	1.570032 	1.755349 	0.855132 	0.381608 	1.576586 	1.325943 	1.671077 	0.225000 	0.328824 	2.073192 	0.506211 	1.741407 	1.171538 	0.570636 	2.130288 	0.350892 	2.329834 	1.180042 	0.721110 	0.316228 	1.715554 	0.502494 	1.952562 	1.661701 	0.670820 	1.011496 	0.391312 	2.170829 	0.901388 	1.511001 	1.202601 	1.495410 	0.474342 	2.018044 	0.850000 	
2.674065 	2.334524 	1.166190 	1.965006 	2.343075 	1.162970 	2.676402 	3.351585 	0.877853 	1.320038 	9.000000 	0.403113 	3.219084 	1.722099 	0.534439 	0.225000 	0.070711 	1.402007 	2.804015 	2.975105 	2.161308 	1.025000 	0.265754 	2.601081 	2.912902 	1.243232 	1.638788 	3.270799 	1.825171 	2.983287 	2.469818 	0.926350 	3.343370 	1.241219 	3.517900 	2.486966 	0.801561 	1.323820 	2.980038 	1.802776 	3.194526 	2.935345 	0.901388 	0.594243 	1.389469 	3.400735 	0.728011 	0.400780 	0.496236 	2.795756 	1.697793 	3.271849 	0.824621 	
2.988833 	2.670674 	1.543535 	2.324059 	2.691189 	1.550806 	3.020037 	3.659320 	1.274019 	1.708801 	0.403113 	9.000000 	3.538361 	2.104311 	0.937083 	0.626997 	0.450000 	1.794610 	3.150397 	3.315305 	2.537962 	1.426753 	0.235850 	2.962790 	3.260751 	1.643358 	2.031779 	3.601128 	2.215006 	3.330540 	2.841215 	1.328768 	3.678060 	1.644118 	3.842932 	2.862254 	1.200000 	1.726268 	3.335135 	2.198295 	3.540127 	3.294123 	1.300000 	0.965984 	1.792519 	3.740655 	1.110180 	0.550568 	0.822344 	3.166425 	2.098809 	3.621119 	1.209339 	
0.550568 	0.901388 	2.121910 	1.330883 	0.939415 	2.178302 	0.625000 	0.201556 	2.468426 	2.059126 	3.219084 	3.538361 	9.000000 	1.690599 	2.805018 	3.069711 	3.222188 	2.034853 	0.552268 	0.375832 	1.315770 	2.440415 	3.483622 	0.853302 	0.502494 	2.258456 	1.875667 	0.167705 	1.707703 	0.460977 	1.054751 	2.629757 	0.261008 	2.360747 	0.313249 	1.101136 	2.778489 	2.284732 	0.577170 	1.820028 	0.390512 	0.649038 	2.729469 	3.058288 	2.302851 	0.364006 	2.958462 	3.506155 	3.238248 	0.892328 	2.026080 	0.460977 	2.909038 	
1.225765 	0.818917 	0.561805 	0.378319 	0.752080 	0.561805 	1.073546 	1.866815 	0.860233 	0.410031 	1.722099 	2.104311 	1.690599 	9.000000 	1.220656 	1.526434 	1.702388 	0.355317 	1.179248 	1.367708 	0.445112 	0.778621 	1.981477 	0.921954 	1.275980 	0.575543 	0.200000 	1.690044 	0.167705 	1.345595 	0.761988 	0.960469 	1.741049 	0.670820 	1.947434 	0.770146 	1.117195 	0.594243 	1.312441 	0.265754 	1.555032 	1.256234 	1.055047 	1.414655 	0.618466 	1.775704 	1.296389 	1.920937 	1.608765 	1.085415 	0.419076 	1.616516 	1.235162 	
2.274313 	1.905420 	0.689656 	1.502706 	1.893575 	0.660019 	2.229910 	2.953811 	0.360555 	0.811249 	0.534439 	0.937083 	2.805018 	1.220656 	9.000000 	0.316228 	0.498121 	0.883883 	2.351728 	2.530934 	1.665270 	0.491172 	0.775403 	2.126029 	2.457260 	0.711512 	1.118034 	2.839234 	1.308864 	2.527969 	1.980057 	0.403113 	2.904522 	0.707107 	3.092329 	1.990760 	0.313249 	0.789383 	2.512469 	1.276959 	2.740096 	2.462341 	0.403887 	0.325960 	0.855862 	2.953494 	0.347311 	0.707107 	0.450694 	2.305022 	1.164313 	2.811250 	0.406971 	
2.530316 	2.176149 	0.980115 	1.789728 	2.175000 	0.964689 	2.510478 	3.210140 	0.670820 	1.119431 	0.225000 	0.626997 	3.069711 	1.526434 	0.316228 	9.000000 	0.182003 	1.196349 	2.635455 	2.810805 	1.969296 	0.807001 	0.459619 	2.420744 	2.742832 	1.027740 	1.431782 	3.113077 	1.621149 	2.813472 	2.281584 	0.701783 	3.182177 	1.019804 	3.363406 	2.295240 	0.577170 	1.103687 	2.804015 	1.592365 	3.025413 	2.756470 	0.676849 	0.395285 	1.167262 	3.235448 	0.515388 	0.447214 	0.357946 	2.607321 	1.480076 	3.099698 	0.608790 	
