Total assets = 708
Number of asset nodes = 40

Distance:
999.000000 	122.147453 	28.231188 	81.055534 	8.000000 	38.013157 	86.214851 	134.182709 	21.023796 	68.600288 	51.078373 	16.763054 	119.519875 	95.801880 	25.612497 	22.360680 	97.652443 	51.662365 	48.052055 	113.070778 	40.112343 	32.140316 	19.849434 	108.004631 	67.067131 	102.625534 	24.839485 	53.150730 	27.586229 	28.319605 	69.123077 	50.000000 	57.314919 	31.622776 	36.235340 	86.683334 	90.443352 	47.169907 	72.173401 	51.865211 	79.762146 	71.007042 	72.006943 	55.973209 	88.459030 	87.692642 	61.032780 	72.780495 	79.075912 	76.902534 	81.884064 	86.683334 	
122.147453 	999.000000 	97.943863 	45.541191 	117.200684 	88.684837 	42.201897 	12.041595 	109.077957 	61.983868 	80.230919 	116.811813 	13.601471 	37.013512 	147.756561 	144.013885 	38.052597 	85.702972 	89.537704 	25.079872 	98.615417 	107.354553 	126.909416 	31.320919 	72.567207 	38.832977 	128.891434 	93.407707 	127.015747 	126.562241 	77.781746 	98.081596 	90.470993 	123.482796 	120.154068 	69.180923 	66.483078 	116.090485 	89.202019 	114.725761 	83.006027 	95.257545 	95.189285 	114.756264 	78.517517 	83.486526 	114.756264 	110.222504 	107.000000 	111.040535 	106.042442 	111.220505 	
28.231188 	97.943863 	999.000000 	54.488529 	21.095022 	10.000000 	59.396969 	109.836243 	11.180340 	40.804413 	22.847319 	18.867962 	93.723000 	68.680420 	52.201534 	47.507893 	70.292244 	24.083189 	21.023796 	86.278618 	16.124516 	15.231546 	29.068884 	80.808418 	38.897301 	75.000000 	31.622776 	27.892651 	30.594116 	30.413813 	41.436699 	26.400757 	31.400637 	29.000000 	28.635643 	58.694122 	62.361847 	33.286633 	46.389652 	36.235340 	53.000000 	46.572525 	47.539455 	39.623226 	61.204575 	61.000000 	43.863426 	52.478565 	57.271286 	56.435802 	59.615433 	65.306969 	
81.055534 	45.541191 	54.488529 	999.000000 	75.006668 	44.687805 	5.385165 	56.859474 	65.299309 	16.492422 	34.885529 	73.109505 	39.408119 	15.231546 	106.216759 	101.833199 	17.720045 	40.162170 	44.011364 	32.015621 	53.225933 	62.265560 	82.800964 	27.294687 	28.000000 	23.537205 	84.314888 	48.052055 	82.152298 	81.633324 	34.234486 	52.630791 	45.398239 	78.294319 	74.732857 	32.802441 	32.526913 	70.604530 	46.872166 	69.426216 	43.081318 	52.611786 	52.773098 	69.720871 	42.438190 	46.647614 	70.178345 	67.475922 	65.734314 	69.050705 	65.520988 	71.470276 	
8.000000 	117.200684 	21.095022 	75.006668 	999.000000 	31.064449 	80.056229 	129.201401 	13.038404 	61.854668 	43.829212 	9.433981 	113.899078 	89.498604 	31.240999 	26.907248 	91.214035 	43.965897 	40.261642 	106.962608 	32.140316 	24.186773 	15.811388 	101.671036 	59.615433 	96.020828 	20.615528 	45.177429 	22.472204 	23.021729 	61.400326 	42.000000 	49.365982 	25.455845 	29.410883 	79.056938 	82.873398 	39.812057 	64.195015 	44.384682 	71.847061 	63.007935 	64.007812 	48.466484 	80.603973 	79.762146 	53.488316 	65.000000 	71.196907 	69.123077 	73.979729 	78.854294 	
38.013157 	88.684837 	10.000000 	44.687805 	31.064449 	999.000000 	49.517673 	100.498756 	20.615528 	30.805843 	13.341664 	28.425341 	84.023804 	58.728188 	62.201286 	57.489128 	60.307545 	16.492422 	14.764823 	76.367531 	15.231546 	20.099751 	38.275318 	70.837845 	29.614185 	65.000000 	40.249222 	23.021729 	38.626415 	38.275318 	33.000000 	23.345236 	25.495098 	35.902645 	34.058773 	49.648766 	53.150730 	35.440090 	39.849716 	37.161808 	45.398239 	41.146080 	42.047592 	39.824615 	53.009434 	53.338543 	43.266617 	49.578220 	53.254108 	53.263496 	55.226807 	61.294373 	
86.214851 	42.201897 	59.396969 	5.385165 	80.056229 	49.517673 	999.000000 	53.141319 	70.092796 	20.124611 	39.115215 	77.897369 	34.985710 	9.848858 	111.287918 	106.831642 	12.369317 	43.863426 	47.853943 	26.907248 	57.306194 	66.573265 	87.458565 	21.954498 	30.413813 	18.248287 	88.814415 	51.244511 	86.533234 	85.982559 	36.013885 	55.973209 	48.270073 	82.492424 	78.714676 	31.764761 	30.805843 	74.000000 	48.166378 	72.532753 	43.416588 	54.083271 	54.147945 	72.567207 	41.593269 	46.097721 	72.691124 	69.065186 	66.753281 	70.349129 	66.287254 	72.034714 	
134.182709 	12.041595 	109.836243 	56.859474 	129.201401 	100.498756 	53.141319 	999.000000 	120.950401 	73.164200 	91.706055 	128.701202 	20.000000 	46.872166 	159.790482 	156.028839 	47.381432 	96.932968 	100.846420 	32.062439 	110.072701 	118.962181 	138.755173 	39.012817 	83.240616 	47.000000 	140.655609 	104.355164 	138.708328 	138.235306 	88.073830 	109.110039 	101.242287 	135.059250 	131.590271 	78.057671 	75.000000 	127.137718 	98.994949 	125.574677 	92.265923 	105.076164 	104.938080 	125.419296 	87.005745 	92.005432 	125.171883 	119.941650 	116.275536 	120.503113 	115.108643 	120.004166 	
21.023796 	109.077957 	11.180340 	65.299309 	13.038404 	20.615528 	70.092796 	120.950401 	999.000000 	50.990196 	32.202484 	7.810250 	104.637466 	79.195961 	42.544094 	37.443291 	80.659782 	31.384710 	27.513634 	96.896851 	19.104973 	11.704700 	17.888544 	91.241440 	47.413078 	85.146935 	20.615528 	32.140316 	20.024984 	20.000000 	48.703182 	29.017237 	36.345562 	19.646883 	21.095022 	66.483078 	70.384659 	29.206163 	51.156624 	33.286633 	58.855755 	50.039986 	51.039200 	37.215588 	67.683083 	66.753281 	42.059483 	52.810986 	58.694122 	56.920998 	61.392181 	66.483078 	
68.600288 	61.983868 	40.804413 	16.492422 	61.854668 	30.805843 	20.124611 	73.164200 	50.990196 	999.000000 	19.209373 	58.728188 	55.072678 	28.425341 	93.005379 	88.238312 	29.698484 	23.769728 	27.730848 	46.227695 	37.215588 	46.615448 	67.941154 	40.311287 	12.649111 	34.205261 	69.028976 	31.575306 	66.610809 	66.030296 	19.697716 	36.138622 	29.068884 	62.433964 	58.591808 	26.000000 	27.892651 	54.120235 	32.695564 	52.952808 	31.240999 	37.947330 	38.275318 	53.338543 	33.837849 	36.878178 	54.009258 	52.392746 	51.623638 	54.405884 	51.894123 	58.137768 	
51.078373 	80.230919 	22.847319 	34.885529 	43.829212 	13.341664 	39.115215 	91.706055 	32.202484 	19.209373 	999.000000 	39.824615 	74.094536 	47.634022 	74.625732 	69.634758 	48.836460 	7.615773 	10.000000 	65.436989 	18.384777 	27.459061 	48.795490 	59.464275 	16.278820 	53.075417 	49.819675 	17.088007 	47.434166 	46.872166 	20.223749 	20.223749 	17.204651 	43.416588 	39.924931 	36.345562 	39.812057 	37.121422 	29.154760 	37.054016 	33.241539 	31.890438 	32.649654 	38.470768 	40.199501 	41.000000 	40.521599 	43.266617 	45.276924 	46.400433 	46.690472 	53.037724 	
16.763054 	116.811813 	18.867962 	73.109505 	9.433981 	28.425341 	77.897369 	128.701202 	7.810250 	58.728188 	39.824615 	999.000000 	112.445541 	86.977005 	35.341194 	30.016663 	88.413803 	38.470768 	34.438351 	104.690018 	25.298222 	16.124516 	10.440307 	99.005051 	54.708317 	92.849342 	14.000000 	38.078865 	14.560220 	14.866069 	55.542778 	34.365681 	42.449970 	16.401220 	20.000000 	73.409805 	77.388626 	30.463093 	56.885849 	35.114101 	65.000000 	55.145264 	56.142673 	39.217342 	74.040527 	72.780495 	44.271889 	56.089214 	62.514000 	60.207973 	65.375839 	70.035706 	
119.519875 	13.601471 	93.723000 	39.408119 	113.899078 	84.023804 	34.985710 	20.000000 	104.637466 	55.072678 	74.094536 	112.445541 	999.000000 	27.513634 	144.958618 	140.801285 	27.658634 	78.714676 	82.764725 	12.165525 	92.282173 	101.548019 	122.200653 	19.026299 	64.257294 	27.000000 	123.709335 	85.615417 	121.490738 	120.950401 	68.680420 	90.470993 	82.280006 	117.477661 	113.648582 	58.077534 	55.000000 	108.461975 	79.246452 	106.625511 	72.339478 	85.328773 	85.158676 	106.254410 	67.007462 	72.006943 	105.773346 	100.129913 	96.332756 	100.603180 	95.131485 	100.004997 	
95.801880 	37.013512 	68.680420 	15.231546 	89.498604 	58.728188 	9.848858 	46.872166 	79.195961 	28.425341 	47.634022 	86.977005 	27.513634 	999.000000 	120.739388 	116.180893 	3.162278 	51.623638 	55.758408 	17.804493 	65.459915 	75.000000 	96.332756 	12.206555 	36.769554 	9.055386 	97.452553 	58.180752 	95.000000 	94.403389 	41.231056 	63.071388 	54.781384 	90.697296 	86.608315 	32.557640 	30.364452 	81.024689 	52.239830 	79.120163 	46.043457 	58.309521 	58.215118 	78.746429 	42.201897 	47.074409 	78.339005 	73.246162 	70.007141 	74.027023 	69.115845 	74.431175 	
25.612497 	147.756561 	52.201534 	106.216759 	31.240999 	62.201286 	111.287918 	159.790482 	42.544094 	93.005379 	74.625732 	35.341194 	144.958618 	120.739388 	999.000000 	6.000000 	122.441826 	73.790245 	69.778221 	138.191895 	60.539242 	50.921509 	29.427877 	132.909744 	89.944427 	127.200630 	32.015621 	73.054771 	36.013885 	37.013512 	90.873535 	68.963760 	77.491936 	42.047592 	48.093658 	108.747414 	112.729767 	60.074955 	91.482239 	65.069191 	99.929977 	89.050545 	90.027771 	69.028976 	109.110039 	107.563934 	74.006760 	87.091904 	94.260277 	91.049438 	97.329338 	101.044548 	
22.360680 	144.013885 	47.507893 	101.833199 	26.907248 	57.489128 	106.831642 	156.028839 	37.443291 	88.238312 	69.634758 	30.016663 	140.801285 	116.180893 	6.000000 	999.000000 	117.796432 	68.476273 	64.412735 	133.734818 	55.036350 	45.310043 	23.537205 	128.316010 	84.723076 	122.441826 	26.019224 	67.416618 	30.016663 	31.016125 	85.428329 	63.245552 	71.867935 	36.055511 	42.107006 	103.315056 	107.331261 	54.083271 	85.726311 	59.076221 	94.244362 	83.198555 	84.172440 	63.031738 	103.464973 	101.833199 	68.007355 	81.098709 	88.277969 	85.052925 	91.350975 	95.047356 	
97.652443 	38.052597 	70.292244 	17.720045 	91.214035 	60.307545 	12.369317 	47.381432 	80.659782 	29.698484 	48.836460 	88.413803 	27.658634 	3.162278 	122.441826 	117.796432 	999.000000 	52.430908 	56.612720 	17.000000 	66.400299 	76.059189 	97.621719 	10.630146 	37.121422 	6.000000 	98.595131 	58.591808 	96.046867 	95.425362 	41.109608 	63.529522 	55.036350 	91.607857 	87.367043 	31.144823 	28.635643 	81.394104 	51.623638 	79.309517 	45.011108 	57.706154 	57.558666 	78.771820 	40.607880 	45.541191 	78.160095 	72.560318 	69.028976 	73.171036 	68.007355 	73.171036 	
51.662365 	85.702972 	24.083189 	40.162170 	43.965897 	16.492422 	43.863426 	96.932968 	31.384710 	23.769728 	7.615773 	38.470768 	78.714676 	51.623638 	73.790245 	68.476273 	52.430908 	999.000000 	4.242640 	69.339745 	14.142136 	24.083189 	46.400433 	63.007935 	16.401220 	56.080299 	46.690472 	9.486833 	43.863426 	43.185646 	17.464249 	13.000000 	9.899495 	39.204590 	34.985710 	35.114101 	39.000000 	30.594116 	23.409399 	30.016663 	29.068884 	25.238859 	26.076809 	31.144823 	37.121422 	37.054016 	32.984844 	35.805027 	38.209946 	39.051247 	39.824615 	46.097721 	
48.052055 	89.537704 	21.023796 	44.011364 	40.261642 	14.764823 	47.853943 	100.846420 	27.513634 	27.730848 	10.000000 	34.438351 	82.764725 	55.758408 	69.778221 	64.412735 	56.612720 	4.242640 	999.000000 	73.498299 	9.899495 	19.849434 	42.201897 	67.201187 	20.615528 	60.307545 	42.449970 	8.485281 	39.623226 	38.948685 	21.189621 	10.440307 	10.770329 	35.000000 	30.886890 	39.000000 	42.953465 	27.166155 	25.495098 	27.073973 	32.015621 	26.400757 	27.313000 	28.635643 	40.447498 	40.012497 	31.016125 	35.383614 	38.600517 	38.897301 	40.496914 	46.615448 	
113.070778 	25.079872 	86.278618 	32.015621 	106.962608 	76.367531 	26.907248 	32.062439 	96.896851 	46.227695 	65.436989 	104.690018 	12.165525 	17.804493 	138.191895 	133.734818 	17.000000 	69.339745 	73.498299 	999.000000 	83.234612 	92.800865 	114.109596 	7.071068 	54.120235 	15.132746 	115.256233 	75.591003 	112.800713 	112.200714 	57.939625 	80.529495 	72.013885 	108.466583 	104.307236 	46.270943 	43.046486 	98.386993 	67.911705 	96.254868 	60.671246 	73.979729 	73.756355 	95.634720 	55.009090 	60.008331 	94.868332 	88.645363 	84.593147 	88.955048 	83.294655 	88.051125 	
40.112343 	98.615417 	16.124516 	53.225933 	32.140316 	15.231546 	57.306194 	110.072701 	19.104973 	37.215588 	18.384777 	25.298222 	92.282173 	65.459915 	60.539242 	55.036350 	66.400299 	14.142136 	9.899495 	83.234612 	999.000000 	10.000000 	32.449963 	77.006493 	30.479502 	70.178345 	32.557640 	13.038404 	29.732138 	29.068884 	30.413813 	10.440307 	17.262676 	25.238859 	21.540659 	48.301140 	52.354561 	20.396078 	32.062439 	21.931713 	39.812057 	31.257000 	32.249031 	24.698177 	48.764740 	47.675991 	28.425341 	36.359318 	41.231056 	40.311287 	43.657761 	49.244289 	
32.140316 	107.354553 	15.231546 	62.265560 	24.186773 	20.099751 	66.573265 	118.962181 	11.704700 	46.615448 	27.459061 	16.124516 	101.548019 	75.000000 	50.921509 	45.310043 	76.059189 	24.083189 	19.849434 	92.800865 	10.000000 	999.000000 	22.472204 	86.683334 	40.459858 	79.981247 	22.627417 	22.135944 	20.000000 	19.416489 	40.311287 	18.248287 	26.570660 	16.155495 	14.000000 	58.180752 	62.265560 	18.439089 	40.792156 	22.022715 	49.040798 	39.051247 	40.049969 	25.806976 	58.189346 	56.753853 	30.528675 	41.109608 	47.074409 	45.221676 	49.819675 	54.817879 	
19.849434 	126.909416 	29.068884 	82.800964 	15.811388 	38.275318 	87.458565 	138.755173 	17.888544 	67.941154 	48.795490 	10.440307 	122.200653 	96.332756 	29.427877 	23.537205 	97.621719 	46.400433 	42.201897 	114.109596 	32.449963 	22.472204 	999.000000 	108.245094 	62.801273 	101.833199 	5.000000 	44.283180 	8.062258 	8.944272 	62.769421 	39.924931 	48.754486 	13.341664 	19.104973 	80.622574 	84.723076 	31.064449 	62.297672 	36.055511 	70.936592 	59.665737 	60.638271 	40.112343 	80.230919 	78.434685 	45.177429 	58.008621 	65.030762 	62.032249 	68.066147 	72.027771 	
108.004631 	31.320919 	80.808418 	27.294687 	101.671036 	70.837845 	21.954498 	39.012817 	91.241440 	40.311287 	59.464275 	99.005051 	19.026299 	12.206555 	132.909744 	128.316010 	10.630146 	63.007935 	67.201187 	7.071068 	77.006493 	86.683334 	108.245094 	999.000000 	47.507893 	8.062258 	109.224541 	68.963760 	106.667709 	106.042442 	51.078373 	73.925636 	65.299309 	102.200783 	97.908119 	39.204590 	36.013885 	91.706055 	60.876926 	89.470665 	53.600372 	66.940269 	66.708321 	88.769363 	48.000000 	53.000000 	87.920418 	81.584312 	77.524193 	81.884064 	76.236473 	81.024689 	
67.067131 	72.567207 	38.897301 	28.000000 	59.615433 	29.614185 	30.413813 	83.240616 	47.413078 	12.649111 	16.278820 	54.708317 	64.257294 	36.769554 	89.944427 	84.723076 	37.121422 	16.401220 	20.615528 	54.120235 	30.479502 	40.459858 	62.801273 	47.507893 	999.000000 	40.224369 	63.031738 	21.470911 	60.108234 	59.396969 	7.211102 	26.419689 	18.027756 	55.226807 	50.606323 	20.099751 	23.537205 	44.283180 	20.124611 	42.379242 	20.000000 	25.298222 	25.632011 	42.201897 	25.000000 	26.832815 	42.296574 	39.812057 	39.000000 	41.761227 	39.357338 	45.650848 	
102.625534 	38.832977 	75.000000 	23.537205 	96.020828 	65.000000 	18.248287 	47.000000 	85.146935 	34.205261 	53.075417 	92.849342 	27.000000 	9.055386 	127.200630 	122.441826 	6.000000 	56.080299 	60.307545 	15.132746 	70.178345 	79.981247 	101.833199 	8.062258 	40.224369 	999.000000 	102.591423 	61.587337 	99.904953 	99.247169 	43.382023 	66.573265 	57.801384 	95.268044 	90.801979 	31.144823 	28.000000 	84.219948 	52.886673 	81.841309 	45.541191 	58.940647 	58.694122 	81.024689 	40.012497 	45.011108 	80.056229 	73.545906 	69.462219 	73.824112 	68.183578 	73.006851 	
24.839485 	128.891434 	31.622776 	84.314888 	20.615528 	40.249222 	88.814415 	140.655609 	20.615528 	69.028976 	49.819675 	14.000000 	123.709335 	97.452553 	32.015621 	26.019224 	98.595131 	46.690472 	42.449970 	115.256233 	32.557640 	22.627417 	5.000000 	109.224541 	63.031738 	102.591423 	999.000000 	43.566040 	4.000000 	5.000000 	62.425957 	38.948685 	48.020828 	10.049875 	16.124516 	80.156097 	84.314888 	28.071337 	60.926186 	33.060551 	69.778221 	57.870544 	58.821766 	37.013512 	79.158073 	77.077881 	42.000000 	55.081757 	62.289646 	59.033890 	65.375839 	69.028976 	
53.150730 	93.407707 	27.892651 	48.052055 	45.177429 	23.021729 	51.244511 	104.355164 	32.140316 	31.575306 	17.088007 	38.078865 	85.615417 	58.180752 	73.054771 	67.416618 	58.591808 	9.486833 	8.485281 	75.591003 	13.038404 	22.135944 	44.283180 	68.963760 	21.470911 	61.587337 	43.566040 	999.000000 	40.224369 	39.408119 	19.104973 	5.000000 	4.472136 	34.828148 	29.698484 	36.619667 	40.804413 	22.847319 	19.026299 	21.377558 	26.925823 	18.681541 	19.646883 	22.000000 	36.055511 	34.713108 	23.537205 	26.907248 	30.232433 	30.413813 	32.249031 	38.275318 	
27.586229 	127.015747 	30.594116 	82.152298 	22.472204 	38.626415 	86.533234 	138.708328 	20.024984 	66.610809 	47.434166 	14.560220 	121.490738 	95.000000 	36.013885 	30.016663 	96.046867 	43.863426 	39.623226 	112.800713 	29.732138 	20.000000 	8.062258 	106.667709 	60.108234 	99.904953 	4.000000 	40.224369 	999.000000 	1.000000 	59.203041 	35.510563 	44.654228 	6.082763 	12.165525 	76.843994 	81.024689 	24.083189 	57.271286 	29.068884 	66.189125 	54.083271 	55.027267 	33.015148 	75.591003 	73.409805 	38.000000 	51.088158 	58.309521 	55.036350 	61.400326 	65.030762 	
28.319605 	126.562241 	30.413813 	81.633324 	23.021729 	38.275318 	85.982559 	138.235306 	20.000000 	66.030296 	46.872166 	14.866069 	120.950401 	94.403389 	37.013512 	31.016125 	95.425362 	43.185646 	38.948685 	112.200714 	29.068884 	19.416489 	8.944272 	106.042442 	59.396969 	99.247169 	5.000000 	39.408119 	1.000000 	999.000000 	58.412327 	34.669872 	43.829212 	5.099020 	11.180340 	76.026314 	80.212219 	23.086792 	56.364883 	28.071337 	65.299309 	53.141319 	54.083271 	32.015621 	74.706093 	72.498276 	37.000000 	50.089920 	57.314919 	54.037025 	60.406952 	64.031242 	
69.123077 	77.781746 	41.436699 	34.234486 	61.400326 	33.000000 	36.013885 	88.073830 	48.703182 	19.697716 	20.223749 	55.542778 	68.680420 	41.231056 	90.873535 	85.428329 	41.109608 	17.464249 	21.189621 	57.939625 	30.413813 	40.311287 	62.769421 	51.078373 	7.211102 	43.382023 	62.425957 	19.104973 	59.203041 	58.412327 	999.000000 	24.041630 	14.866069 	53.907330 	48.795490 	17.888544 	21.954498 	41.048752 	13.000000 	38.470768 	13.416408 	18.439089 	18.681541 	37.696156 	20.024984 	20.880613 	37.107952 	33.241539 	31.953091 	34.928497 	32.202484 	38.470768 	
50.000000 	98.081596 	26.400757 	52.630791 	42.000000 	23.345236 	55.973209 	109.110039 	29.017237 	36.138622 	20.223749 	34.365681 	90.470993 	63.071388 	68.963760 	63.245552 	63.529522 	13.000000 	10.440307 	80.529495 	10.440307 	18.248287 	39.924931 	73.925636 	26.419689 	66.573265 	38.948685 	5.000000 	35.510563 	34.669872 	24.041630 	999.000000 	9.219544 	30.000000 	24.758837 	41.400482 	45.607018 	18.027756 	22.561028 	17.029387 	31.016125 	21.023796 	22.022715 	18.248287 	40.311287 	38.600517 	20.615528 	26.400757 	30.870699 	30.232433 	33.241539 	38.910152 	
57.314919 	90.470993 	31.400637 	45.398239 	49.365982 	25.495098 	48.270073 	101.242287 	36.345562 	29.068884 	17.204651 	42.449970 	82.280006 	54.781384 	77.491936 	71.867935 	55.036350 	9.899495 	10.770329 	72.013885 	17.262676 	26.570660 	48.754486 	65.299309 	18.027756 	57.801384 	48.020828 	4.472136 	44.654228 	43.829212 	14.866069 	9.219544 	999.000000 	39.204590 	33.970577 	32.202484 	36.400551 	26.419689 	15.033297 	24.351591 	22.561028 	15.652476 	16.552946 	24.331051 	31.622776 	30.413813 	25.019993 	26.076809 	28.319605 	29.206163 	30.000000 	36.235340 	
31.622776 	123.482796 	29.000000 	78.294319 	25.455845 	35.902645 	82.492424 	135.059250 	19.646883 	62.433964 	43.416588 	16.401220 	117.477661 	90.697296 	42.047592 	36.055511 	91.607857 	39.204590 	35.000000 	108.466583 	25.238859 	16.155495 	13.341664 	102.200783 	55.226807 	95.268044 	10.049875 	34.828148 	6.082763 	5.099020 	53.907330 	30.000000 	39.204590 	999.000000 	6.082763 	71.400284 	75.604233 	18.027756 	51.429562 	23.021729 	60.415230 	48.104053 	49.040798 	27.000000 	69.835518 	67.542580 	32.015621 	45.044422 	52.239830 	49.010204 	55.326305 	59.008472 	
36.235340 	120.154068 	28.635643 	74.732857 	29.410883 	34.058773 	78.714676 	131.590271 	21.095022 	58.591808 	39.924931 	20.000000 	113.648582 	86.608315 	48.093658 	42.107006 	87.367043 	34.985710 	30.886890 	104.307236 	21.540659 	14.000000 	19.104973 	97.908119 	50.606323 	90.801979 	16.124516 	29.698484 	12.165525 	11.180340 	48.795490 	24.758837 	33.970577 	6.082763 	999.000000 	66.068146 	70.292244 	12.000000 	45.650848 	17.000000 	54.708317 	42.154476 	43.081318 	21.023796 	64.140472 	61.717098 	26.076809 	39.012817 	46.173584 	43.000000 	49.254440 	53.000000 	
86.683334 	69.180923 	58.694122 	32.802441 	79.056938 	49.648766 	31.764761 	78.057671 	66.483078 	26.000000 	36.345562 	73.409805 	58.077534 	32.557640 	108.747414 	103.315056 	31.144823 	35.114101 	39.000000 	46.270943 	48.301140 	58.180752 	80.622574 	39.204590 	20.099751 	31.144823 	80.156097 	36.619667 	76.843994 	76.026314 	17.888544 	41.400482 	32.202484 	71.400284 	66.068146 	999.000000 	4.242640 	57.314919 	22.825424 	54.037025 	14.560220 	28.635643 	28.231188 	52.430908 	9.848858 	14.560220 	50.606323 	42.720020 	38.327538 	42.755116 	37.054016 	42.047592 	
90.443352 	66.483078 	62.361847 	32.526913 	82.873398 	53.150730 	30.805843 	75.000000 	70.384659 	27.892651 	39.812057 	77.388626 	55.000000 	30.364452 	112.729767 	107.331261 	28.635643 	39.000000 	42.953465 	43.046486 	52.354561 	62.265560 	84.723076 	36.013885 	23.537205 	28.000000 	84.314888 	40.804413 	81.024689 	80.212219 	21.954498 	45.607018 	36.400551 	75.604233 	70.292244 	4.242640 	999.000000 	61.554855 	26.925823 	58.258045 	18.384777 	32.649654 	32.202484 	56.612720 	12.041595 	17.029387 	54.708317 	46.486557 	41.773197 	46.324940 	40.311287 	45.011108 	
47.169907 	116.090485 	33.286633 	70.604530 	39.812057 	35.440090 	74.000000 	127.137718 	29.206163 	54.120235 	37.121422 	30.463093 	108.461975 	81.024689 	60.074955 	54.083271 	81.394104 	30.594116 	27.166155 	98.386993 	20.396078 	18.439089 	31.064449 	91.706055 	44.283180 	84.219948 	28.071337 	22.847319 	24.083189 	23.086792 	41.048752 	18.027756 	26.419689 	18.027756 	12.000000 	57.314919 	61.554855 	999.000000 	35.608986 	5.000000 	44.821869 	31.384710 	32.249031 	9.055386 	54.203320 	51.312767 	14.142136 	27.018513 	34.234486 	31.000000 	37.336308 	41.000000 	
72.173401 	89.202019 	46.389652 	46.872166 	64.195015 	39.849716 	48.166378 	98.994949 	51.156624 	32.695564 	29.154760 	56.885849 	79.246452 	52.239830 	91.482239 	85.726311 	51.623638 	23.409399 	25.495098 	67.911705 	32.062439 	40.792156 	62.297672 	60.876926 	20.124611 	52.886673 	60.926186 	19.026299 	57.271286 	56.364883 	13.000000 	22.561028 	15.033297 	51.429562 	45.650848 	22.825424 	26.925823 	35.608986 	999.000000 	31.827662 	9.219544 	6.082763 	6.000000 	29.832869 	18.601076 	16.155495 	27.784887 	21.023796 	18.973665 	22.203604 	19.235384 	25.553865 	
51.865211 	114.725761 	36.235340 	69.426216 	44.384682 	37.161808 	72.532753 	125.574677 	33.286633 	52.952808 	37.054016 	35.114101 	106.625511 	79.120163 	65.069191 	59.076221 	79.309517 	30.016663 	27.073973 	96.254868 	21.931713 	22.022715 	36.055511 	89.470665 	42.379242 	81.841309 	33.060551 	21.377558 	29.068884 	28.071337 	38.470768 	17.029387 	24.351591 	23.021729 	17.000000 	54.037025 	58.258045 	5.000000 	31.827662 	999.000000 	41.036568 	27.202942 	28.017851 	4.123106 	50.328918 	47.201694 	9.219544 	22.022715 	29.274563 	26.000000 	32.388271 	36.000000 	
79.762146 	83.006027 	53.000000 	43.081318 	71.847061 	45.398239 	43.416588 	92.265923 	58.855755 	31.240999 	33.241539 	65.000000 	72.339478 	46.043457 	99.929977 	94.244362 	45.011108 	29.068884 	32.015621 	60.671246 	39.812057 	49.040798 	70.936592 	53.600372 	20.000000 	45.541191 	69.778221 	26.925823 	66.189125 	65.299309 	13.416408 	31.016125 	22.561028 	60.415230 	54.708317 	14.560220 	18.384777 	44.821869 	9.219544 	41.036568 	999.000000 	14.422205 	13.892444 	38.948685 	9.433981 	8.000000 	36.619667 	28.160255 	24.020824 	28.284271 	23.086792 	28.635643 	
71.007042 	95.257545 	46.572525 	52.611786 	63.007935 	41.146080 	54.083271 	105.076164 	50.039986 	37.947330 	31.890438 	55.145264 	85.328773 	58.309521 	89.050545 	83.198555 	57.706154 	25.238859 	26.400757 	73.979729 	31.257000 	39.051247 	59.665737 	66.940269 	25.298222 	58.940647 	57.870544 	18.681541 	54.083271 	53.141319 	18.439089 	21.023796 	15.652476 	48.104053 	42.154476 	28.635643 	32.649654 	31.384710 	6.082763 	27.202942 	14.422205 	999.000000 	1.000000 	24.758837 	23.345236 	20.000000 	22.203604 	15.000000 	13.892444 	16.492422 	14.866069 	21.260292 	
72.006943 	95.189285 	47.539455 	52.773098 	64.007812 	42.047592 	54.147945 	104.938080 	51.039200 	38.275318 	32.649654 	56.142673 	85.158676 	58.215118 	90.027771 	84.172440 	57.558666 	26.076809 	27.313000 	73.756355 	32.249031 	40.049969 	60.638271 	66.708321 	25.632011 	58.694122 	58.821766 	19.646883 	55.027267 	54.083271 	18.681541 	22.022715 	16.552946 	49.040798 	43.081318 	28.231188 	32.202484 	32.249031 	6.000000 	28.017851 	13.892444 	1.000000 	999.000000 	25.495098 	22.671568 	19.209373 	22.803509 	15.033297 	13.416408 	16.278820 	14.212670 	20.615528 	
55.973209 	114.756264 	39.623226 	69.720871 	48.466484 	39.824615 	72.567207 	125.419296 	37.215588 	53.338543 	38.470768 	39.217342 	106.254410 	78.746429 	69.028976 	63.031738 	78.771820 	31.144823 	28.635643 	95.634720 	24.698177 	25.806976 	40.112343 	88.769363 	42.201897 	81.024689 	37.013512 	22.000000 	33.015148 	32.015621 	37.696156 	18.248287 	24.331051 	27.000000 	21.023796 	52.430908 	56.612720 	9.055386 	29.832869 	4.123106 	38.948685 	24.758837 	25.495098 	999.000000 	48.083260 	44.687805 	5.099020 	18.110771 	25.495098 	22.022715 	28.635643 	32.015621 	
88.459030 	78.517517 	61.204575 	42.438190 	80.603973 	53.009434 	41.593269 	87.005745 	67.683083 	33.837849 	40.199501 	74.040527 	67.007462 	42.201897 	109.110039 	103.464973 	40.607880 	37.121422 	40.447498 	55.009090 	48.764740 	58.189346 	80.230919 	48.000000 	25.000000 	40.012497 	79.158073 	36.055511 	75.591003 	74.706093 	20.024984 	40.311287 	31.622776 	69.835518 	64.140472 	9.848858 	12.041595 	54.203320 	18.601076 	50.328918 	9.433981 	23.345236 	22.671568 	48.083260 	999.000000 	5.000000 	45.453274 	35.777088 	30.364452 	35.114101 	28.635643 	33.060551 	
87.692642 	83.486526 	61.000000 	46.647614 	79.762146 	53.338543 	46.097721 	92.005432 	66.753281 	36.878178 	41.000000 	72.780495 	72.006943 	47.074409 	107.563934 	101.833199 	45.541191 	37.054016 	40.012497 	60.008331 	47.675991 	56.753853 	78.434685 	53.000000 	26.832815 	45.011108 	77.077881 	34.713108 	73.409805 	72.498276 	20.880613 	38.600517 	30.413813 	67.542580 	61.717098 	14.560220 	17.029387 	51.312767 	16.155495 	47.201694 	8.000000 	20.000000 	19.209373 	44.687805 	5.000000 	999.000000 	41.725292 	31.384710 	25.632011 	30.463093 	23.769728 	28.071337 	
61.032780 	114.756264 	43.863426 	70.178345 	53.488316 	43.266617 	72.691124 	125.171883 	42.059483 	54.009258 	40.521599 	44.271889 	105.773346 	78.339005 	74.006760 	68.007355 	78.160095 	32.984844 	31.016125 	94.868332 	28.425341 	30.528675 	45.177429 	87.920418 	42.296574 	80.056229 	42.000000 	23.537205 	38.000000 	37.000000 	37.107952 	20.615528 	25.019993 	32.015621 	26.076809 	50.606323 	54.708317 	14.142136 	27.784887 	9.219544 	36.619667 	22.203604 	22.803509 	5.099020 	45.453274 	41.725292 	999.000000 	13.341664 	20.880613 	17.117243 	24.041630 	27.073973 	
72.780495 	110.222504 	52.478565 	67.475922 	65.000000 	49.578220 	69.065186 	119.941650 	52.810986 	52.392746 	43.266617 	56.089214 	100.129913 	73.246162 	87.091904 	81.098709 	72.560318 	35.805027 	35.383614 	88.645363 	36.359318 	41.109608 	58.008621 	81.584312 	39.812057 	73.545906 	55.081757 	26.907248 	51.088158 	50.089920 	33.241539 	26.400757 	26.076809 	45.044422 	39.012817 	42.720020 	46.486557 	27.018513 	21.023796 	22.022715 	28.160255 	15.000000 	15.033297 	18.110771 	35.777088 	31.384710 	13.341664 	999.000000 	7.615773 	4.123106 	10.770329 	14.035668 	
79.075912 	107.000000 	57.271286 	65.734314 	71.196907 	53.254108 	66.753281 	116.275536 	58.694122 	51.623638 	45.276924 	62.514000 	96.332756 	70.007141 	94.260277 	88.277969 	69.028976 	38.209946 	38.600517 	84.593147 	41.231056 	47.074409 	65.030762 	77.524193 	39.000000 	69.462219 	62.289646 	30.232433 	58.309521 	57.314919 	31.953091 	30.870699 	28.319605 	52.239830 	46.173584 	38.327538 	41.773197 	34.234486 	18.973665 	29.274563 	24.020824 	13.892444 	13.416408 	25.495098 	30.364452 	25.632011 	20.880613 	7.615773 	999.000000 	5.000000 	3.162278 	8.062258 	
76.902534 	111.040535 	56.435802 	69.050705 	69.123077 	53.263496 	70.349129 	120.503113 	56.920998 	54.405884 	46.400433 	60.207973 	100.603180 	74.027023 	91.049438 	85.052925 	73.171036 	39.051247 	38.897301 	88.955048 	40.311287 	45.221676 	62.032249 	81.884064 	41.761227 	73.824112 	59.033890 	30.413813 	55.036350 	54.037025 	34.928497 	30.232433 	29.206163 	49.010204 	43.000000 	42.755116 	46.324940 	31.000000 	22.203604 	26.000000 	28.284271 	16.492422 	16.278820 	22.022715 	35.114101 	30.463093 	17.117243 	4.123106 	5.000000 	999.000000 	7.810250 	10.000000 	
81.884064 	106.042442 	59.615433 	65.520988 	73.979729 	55.226807 	66.287254 	115.108643 	61.392181 	51.894123 	46.690472 	65.375839 	95.131485 	69.115845 	97.329338 	91.350975 	68.007355 	39.824615 	40.496914 	83.294655 	43.657761 	49.819675 	68.066147 	76.236473 	39.357338 	68.183578 	65.375839 	32.249031 	61.400326 	60.406952 	32.202484 	33.241539 	30.000000 	55.326305 	49.254440 	37.054016 	40.311287 	37.336308 	19.235384 	32.388271 	23.086792 	14.866069 	14.212670 	28.635643 	28.635643 	23.769728 	24.041630 	10.770329 	3.162278 	7.810250 	999.000000 	6.403124 	
86.683334 	111.220505 	65.306969 	71.470276 	78.854294 	61.294373 	72.034714 	120.004166 	66.483078 	58.137768 	53.037724 	70.035706 	100.004997 	74.431175 	101.044548 	95.047356 	73.171036 	46.097721 	46.615448 	88.051125 	49.244289 	54.817879 	72.027771 	81.024689 	45.650848 	73.006851 	69.028976 	38.275318 	65.030762 	64.031242 	38.470768 	38.910152 	36.235340 	59.008472 	53.000000 	42.047592 	45.011108 	41.000000 	25.553865 	36.000000 	28.635643 	21.260292 	20.615528 	32.015621 	33.060551 	28.071337 	27.073973 	14.035668 	8.062258 	10.000000 	6.403124 	999.000000 	

Travel time:
9.000000 	3.053686 	0.705780 	2.026388 	0.200000 	0.950329 	2.155371 	3.354568 	0.525595 	1.715007 	1.276959 	0.419076 	2.987997 	2.395047 	0.640312 	0.559017 	2.441311 	1.291559 	1.201301 	2.826769 	1.002809 	0.803508 	0.496236 	2.700116 	1.676678 	2.565638 	0.620987 	1.328768 	0.689656 	0.707990 	1.728077 	1.250000 	1.432873 	0.790569 	0.905883 	2.167083 	2.261084 	1.179248 	1.804335 	1.296630 	1.994054 	1.775176 	1.800174 	1.399330 	2.211476 	2.192316 	1.525820 	1.819512 	1.976898 	1.922563 	2.047101 	2.167083 	
3.053686 	9.000000 	2.448596 	1.138530 	2.930017 	2.217121 	1.055047 	0.301040 	2.726949 	1.549597 	2.005773 	2.920295 	0.340037 	0.925338 	3.693914 	3.600347 	0.951315 	2.142574 	2.238443 	0.626997 	2.465385 	2.683864 	3.172735 	0.783023 	1.814180 	0.970824 	3.222286 	2.335193 	3.175394 	3.164056 	1.944544 	2.452040 	2.261775 	3.087070 	3.003852 	1.729523 	1.662077 	2.902262 	2.230051 	2.868144 	2.075151 	2.381439 	2.379732 	2.868906 	1.962938 	2.087163 	2.868906 	2.755563 	2.675000 	2.776013 	2.651061 	2.780513 	
0.705780 	2.448596 	9.000000 	1.362213 	0.527376 	0.250000 	1.484924 	2.745906 	0.279509 	1.020110 	0.571183 	0.471699 	2.343075 	1.717010 	1.305038 	1.187697 	1.757306 	0.602080 	0.525595 	2.156965 	0.403113 	0.380789 	0.726722 	2.020211 	0.972432 	1.875000 	0.790569 	0.697316 	0.764853 	0.760345 	1.035918 	0.660019 	0.785016 	0.725000 	0.715891 	1.467353 	1.559046 	0.832166 	1.159741 	0.905883 	1.325000 	1.164313 	1.188486 	0.990581 	1.530114 	1.525000 	1.096586 	1.311964 	1.431782 	1.410895 	1.490386 	1.632674 	
2.026388 	1.138530 	1.362213 	9.000000 	1.875167 	1.117195 	0.134629 	1.421487 	1.632483 	0.412311 	0.872138 	1.827738 	0.985203 	0.380789 	2.655419 	2.545830 	0.443001 	1.004054 	1.100284 	0.800391 	1.330648 	1.556639 	2.070024 	0.682367 	0.700000 	0.588430 	2.107872 	1.201301 	2.053807 	2.040833 	0.855862 	1.315770 	1.134956 	1.957358 	1.868321 	0.820061 	0.813173 	1.765113 	1.171804 	1.735655 	1.077033 	1.315295 	1.319327 	1.743022 	1.060955 	1.166190 	1.754459 	1.686898 	1.643358 	1.726268 	1.638025 	1.786757 	
0.200000 	2.930017 	0.527376 	1.875167 	9.000000 	0.776611 	2.001406 	3.230035 	0.325960 	1.546367 	1.095730 	0.235850 	2.847477 	2.237465 	0.781025 	0.672681 	2.280351 	1.099147 	1.006541 	2.674065 	0.803508 	0.604669 	0.395285 	2.541776 	1.490386 	2.400521 	0.515388 	1.129436 	0.561805 	0.575543 	1.535008 	1.050000 	1.234150 	0.636396 	0.735272 	1.976424 	2.071835 	0.995301 	1.604875 	1.109617 	1.796177 	1.575198 	1.600195 	1.211662 	2.015099 	1.994054 	1.337208 	1.625000 	1.779923 	1.728077 	1.849493 	1.971357 	
0.950329 	2.217121 	0.250000 	1.117195 	0.776611 	9.000000 	1.237942 	2.512469 	0.515388 	0.770146 	0.333542 	0.710634 	2.100595 	1.468205 	1.555032 	1.437228 	1.507689 	0.412311 	0.369121 	1.909188 	0.380789 	0.502494 	0.956883 	1.770946 	0.740355 	1.625000 	1.006231 	0.575543 	0.965660 	0.956883 	0.825000 	0.583631 	0.637377 	0.897566 	0.851469 	1.241219 	1.328768 	0.886002 	0.996243 	0.929045 	1.134956 	1.028652 	1.051190 	0.995615 	1.325236 	1.333464 	1.081665 	1.239455 	1.331353 	1.331587 	1.380670 	1.532359 	
2.155371 	1.055047 	1.484924 	0.134629 	2.001406 	1.237942 	9.000000 	1.328533 	1.752320 	0.503115 	0.977880 	1.947434 	0.874643 	0.246221 	2.782198 	2.670791 	0.309233 	1.096586 	1.196349 	0.672681 	1.432655 	1.664332 	2.186464 	0.548862 	0.760345 	0.456207 	2.220360 	1.281113 	2.163331 	2.149564 	0.900347 	1.399330 	1.206752 	2.062311 	1.967867 	0.794119 	0.770146 	1.850000 	1.204159 	1.813319 	1.085415 	1.352082 	1.353699 	1.814180 	1.039832 	1.152443 	1.817278 	1.726630 	1.668832 	1.758728 	1.657181 	1.800868 	
3.354568 	0.301040 	2.745906 	1.421487 	3.230035 	2.512469 	1.328533 	9.000000 	3.023760 	1.829105 	2.292651 	3.217530 	0.500000 	1.171804 	3.994762 	3.900721 	1.184536 	2.423324 	2.521161 	0.801561 	2.751817 	2.974055 	3.468879 	0.975320 	2.081015 	1.175000 	3.516390 	2.608879 	3.467708 	3.455883 	2.201846 	2.727751 	2.531057 	3.376481 	3.289757 	1.951442 	1.875000 	3.178443 	2.474874 	3.139367 	2.306648 	2.626904 	2.623452 	3.135482 	2.175144 	2.300136 	3.129297 	2.998541 	2.906888 	3.012578 	2.877716 	3.000104 	
0.525595 	2.726949 	0.279509 	1.632483 	0.325960 	0.515388 	1.752320 	3.023760 	9.000000 	1.274755 	0.805062 	0.195256 	2.615937 	1.979899 	1.063602 	0.936082 	2.016495 	0.784618 	0.687841 	2.422421 	0.477624 	0.292617 	0.447214 	2.281036 	1.185327 	2.128673 	0.515388 	0.803508 	0.500625 	0.500000 	1.217580 	0.725431 	0.908639 	0.491172 	0.527376 	1.662077 	1.759616 	0.730154 	1.278916 	0.832166 	1.471394 	1.251000 	1.275980 	0.930390 	1.692077 	1.668832 	1.051487 	1.320275 	1.467353 	1.423025 	1.534805 	1.662077 	
1.715007 	1.549597 	1.020110 	0.412311 	1.546367 	0.770146 	0.503115 	1.829105 	1.274755 	9.000000 	0.480234 	1.468205 	1.376817 	0.710634 	2.325135 	2.205958 	0.742462 	0.594243 	0.693271 	1.155692 	0.930390 	1.165386 	1.698529 	1.007782 	0.316228 	0.855132 	1.725724 	0.789383 	1.665270 	1.650757 	0.492443 	0.903466 	0.726722 	1.560849 	1.464795 	0.650000 	0.697316 	1.353006 	0.817389 	1.323820 	0.781025 	0.948683 	0.956883 	1.333464 	0.845946 	0.921954 	1.350231 	1.309819 	1.290591 	1.360147 	1.297353 	1.453444 	
1.276959 	2.005773 	0.571183 	0.872138 	1.095730 	0.333542 	0.977880 	2.292651 	0.805062 	0.480234 	9.000000 	0.995615 	1.852363 	1.190850 	1.865643 	1.740869 	1.220912 	0.190394 	0.250000 	1.635925 	0.459619 	0.686477 	1.219887 	1.486607 	0.406971 	1.326885 	1.245492 	0.427200 	1.185854 	1.171804 	0.505594 	0.505594 	0.430116 	1.085415 	0.998123 	0.908639 	0.995301 	0.928036 	0.728869 	0.926350 	0.831038 	0.797261 	0.816241 	0.961769 	1.004987 	1.025000 	1.013040 	1.081665 	1.131923 	1.160011 	1.167262 	1.325943 	
0.419076 	2.920295 	0.471699 	1.827738 	0.235850 	0.710634 	1.947434 	3.217530 	0.195256 	1.468205 	0.995615 	9.000000 	2.811139 	2.174425 	0.883530 	0.750417 	2.210345 	0.961769 	0.860959 	2.617250 	0.632456 	0.403113 	0.261008 	2.475126 	1.367708 	2.321234 	0.350000 	0.951972 	0.364006 	0.371652 	1.388569 	0.859142 	1.061249 	0.410031 	0.500000 	1.835245 	1.934716 	0.761577 	1.422146 	0.877853 	1.625000 	1.378632 	1.403567 	0.980434 	1.851013 	1.819512 	1.106797 	1.402230 	1.562850 	1.505199 	1.634396 	1.750893 	
2.987997 	0.340037 	2.343075 	0.985203 	2.847477 	2.100595 	0.874643 	0.500000 	2.615937 	1.376817 	1.852363 	2.811139 	9.000000 	0.687841 	3.623966 	3.520032 	0.691466 	1.967867 	2.069118 	0.304138 	2.307054 	2.538701 	3.055016 	0.475657 	1.606432 	0.675000 	3.092733 	2.140385 	3.037268 	3.023760 	1.717010 	2.261775 	2.057000 	2.936942 	2.841215 	1.451938 	1.375000 	2.711549 	1.981161 	2.665638 	1.808487 	2.133219 	2.128967 	2.656360 	1.675187 	1.800174 	2.644334 	2.503248 	2.408319 	2.515079 	2.378287 	2.500125 	
2.395047 	0.925338 	1.717010 	0.380789 	2.237465 	1.468205 	0.246221 	1.171804 	1.979899 	0.710634 	1.190850 	2.174425 	0.687841 	9.000000 	3.018485 	2.904522 	0.079057 	1.290591 	1.393960 	0.445112 	1.636498 	1.875000 	2.408319 	0.305164 	0.919239 	0.226385 	2.436314 	1.454519 	2.375000 	2.360085 	1.030776 	1.576785 	1.369535 	2.267432 	2.165208 	0.813941 	0.759111 	2.025617 	1.305996 	1.978004 	1.151086 	1.457738 	1.455378 	1.968661 	1.055047 	1.176860 	1.958475 	1.831154 	1.750179 	1.850676 	1.727896 	1.860779 	
0.640312 	3.693914 	1.305038 	2.655419 	0.781025 	1.555032 	2.782198 	3.994762 	1.063602 	2.325135 	1.865643 	0.883530 	3.623966 	3.018485 	9.000000 	0.150000 	3.061046 	1.844756 	1.744456 	3.454797 	1.513481 	1.273038 	0.735697 	3.322744 	2.248611 	3.180016 	0.800391 	1.826369 	0.900347 	0.925338 	2.271838 	1.724094 	1.937298 	1.051190 	1.202341 	2.718685 	2.818244 	1.501874 	2.287056 	1.626730 	2.498250 	2.226264 	2.250694 	1.725724 	2.727751 	2.689098 	1.850169 	2.177298 	2.356507 	2.276236 	2.433233 	2.526114 	
0.559017 	3.600347 	1.187697 	2.545830 	0.672681 	1.437228 	2.670791 	3.900721 	0.936082 	2.205958 	1.740869 	0.750417 	3.520032 	2.904522 	0.150000 	9.000000 	2.944911 	1.711907 	1.610318 	3.343370 	1.375909 	1.132751 	0.588430 	3.207900 	2.118077 	3.061046 	0.650481 	1.685416 	0.750417 	0.775403 	2.135708 	1.581139 	1.796698 	0.901388 	1.052675 	2.582876 	2.683281 	1.352082 	2.143158 	1.476906 	2.356109 	2.079964 	2.104311 	1.575794 	2.586624 	2.545830 	1.700184 	2.027468 	2.206949 	2.126323 	2.283774 	2.376184 	
2.441311 	0.951315 	1.757306 	0.443001 	2.280351 	1.507689 	0.309233 	1.184536 	2.016495 	0.742462 	1.220912 	2.210345 	0.691466 	0.079057 	3.061046 	2.944911 	9.000000 	1.310773 	1.415318 	0.425000 	1.660007 	1.901480 	2.440543 	0.265754 	0.928036 	0.150000 	2.464878 	1.464795 	2.401172 	2.385634 	1.027740 	1.588238 	1.375909 	2.290196 	2.184176 	0.778621 	0.715891 	2.034853 	1.290591 	1.982738 	1.125278 	1.442654 	1.438967 	1.969296 	1.015197 	1.138530 	1.954002 	1.814008 	1.725724 	1.829276 	1.700184 	1.829276 	
1.291559 	2.142574 	0.602080 	1.004054 	1.099147 	0.412311 	1.096586 	2.423324 	0.784618 	0.594243 	0.190394 	0.961769 	1.967867 	1.290591 	1.844756 	1.711907 	1.310773 	9.000000 	0.106066 	1.733494 	0.353553 	0.602080 	1.160011 	1.575198 	0.410031 	1.402007 	1.167262 	0.237171 	1.096586 	1.079641 	0.436606 	0.325000 	0.247487 	0.980115 	0.874643 	0.877853 	0.975000 	0.764853 	0.585235 	0.750417 	0.726722 	0.630971 	0.651920 	0.778621 	0.928036 	0.926350 	0.824621 	0.895126 	0.955249 	0.976281 	0.995615 	1.152443 	
1.201301 	2.238443 	0.525595 	1.100284 	1.006541 	0.369121 	1.196349 	2.521161 	0.687841 	0.693271 	0.250000 	0.860959 	2.069118 	1.393960 	1.744456 	1.610318 	1.415318 	0.106066 	9.000000 	1.837457 	0.247487 	0.496236 	1.055047 	1.680030 	0.515388 	1.507689 	1.061249 	0.212132 	0.990581 	0.973717 	0.529741 	0.261008 	0.269258 	0.875000 	0.772172 	0.975000 	1.073837 	0.679154 	0.637377 	0.676849 	0.800391 	0.660019 	0.682825 	0.715891 	1.011187 	1.000312 	0.775403 	0.884590 	0.965013 	0.972432 	1.012423 	1.165386 	
