Total assets = 620
Number of asset nodes = 33

Distance:
999.000000 	3.162278 	45.793011 	48.836460 	49.578220 	10.000000 	88.600227 	17.464249 	47.201694 	12.369317 	48.010414 	66.760765 	71.840103 	68.963760 	27.018513 	3.000000 	88.729927 	116.284134 	113.740936 	79.605278 	52.009613 	76.941536 	111.220505 	16.124516 	13.038404 	116.811813 	50.328918 	114.825958 	53.263496 	112.329872 	74.431175 	16.763054 	90.686272 	25.179358 	47.381432 	76.661591 	15.811388 	69.892776 	93.509361 	57.489128 	27.166155 	110.208893 	52.345009 	20.615528 	20.880613 	19.697716 	19.235384 	47.507893 	55.865910 	
3.162278 	999.000000 	47.885281 	47.381432 	48.083260 	7.071068 	87.658424 	14.866069 	45.453274 	9.219544 	46.227695 	69.375786 	74.464760 	71.568146 	26.076809 	5.000000 	87.618492 	115.602768 	113.017700 	81.859634 	53.823788 	79.158073 	110.453613 	13.038404 	10.000000 	116.107712 	52.009613 	114.057007 	55.000000 	111.516815 	76.537575 	13.601471 	89.498604 	22.360680 	48.918301 	78.771820 	12.806249 	71.867935 	92.314682 	59.203041 	24.331051 	109.288612 	53.907330 	17.464249 	17.720045 	16.552946 	16.124516 	48.795490 	57.384666 	
45.793011 	47.885281 	999.000000 	94.201912 	95.000000 	54.561890 	132.245987 	62.609905 	92.913940 	55.154327 	93.744331 	25.495098 	30.265491 	27.294687 	71.840103 	47.434166 	132.966156 	158.521286 	156.204987 	34.176014 	8.246211 	31.384710 	153.912308 	59.236813 	52.810986 	159.154007 	9.055386 	157.492859 	10.198039 	155.219193 	28.653097 	58.189346 	135.148071 	69.462219 	10.295630 	30.886890 	54.120235 	24.207438 	137.974640 	13.928389 	71.309189 	153.574081 	12.041595 	61.983868 	61.684681 	59.203041 	57.974133 	14.422205 	15.033297 	
48.836460 	47.381432 	94.201912 	999.000000 	1.000000 	42.011902 	41.629318 	34.669872 	5.385165 	43.266617 	5.830952 	112.712021 	117.618027 	114.947815 	22.472204 	46.861500 	40.816662 	70.576202 	67.779053 	127.318497 	100.767059 	124.807854 	65.000000 	40.311287 	47.169907 	70.936592 	99.156441 	68.541962 	102.068604 	65.795135 	122.641754 	42.941822 	42.438190 	31.953091 	96.208107 	124.851913 	47.885281 	118.406082 	45.221676 	106.301460 	31.320919 	63.063461 	101.178062 	41.231056 	42.154476 	44.777225 	46.097721 	96.176918 	104.690018 	
49.578220 	48.083260 	95.000000 	1.000000 	999.000000 	42.638012 	41.231056 	35.227829 	5.099020 	43.829212 	5.385165 	113.600174 	118.511604 	115.836090 	23.323807 	47.634022 	40.311287 	70.228203 	67.416618 	128.160049 	101.533249 	125.642349 	64.621979 	40.816662 	47.707443 	70.576202 	99.904953 	68.154236 	102.825096 	65.391129 	123.458496 	43.416588 	41.880783 	32.310989 	96.938126 	125.670204 	48.373547 	119.201508 	44.654228 	107.056061 	31.622776 	62.609905 	101.911728 	41.629318 	42.544094 	45.188496 	46.518814 	96.876213 	105.418213 	
10.000000 	7.071068 	54.561890 	42.011902 	42.638012 	999.000000 	83.006027 	8.062258 	39.597980 	3.605551 	40.311287 	76.400261 	81.492332 	78.587532 	22.135944 	10.440307 	82.661964 	111.364265 	108.706024 	88.639717 	60.207973 	85.906929 	106.066017 	6.324555 	7.071068 	111.825760 	58.249462 	109.658562 	61.294373 	107.042046 	83.186539 	7.810250 	84.403793 	15.297058 	55.000000 	85.422478 	9.486833 	78.390053 	87.200920 	65.459915 	17.262676 	104.623131 	60.000000 	11.180340 	11.661903 	11.313708 	11.401754 	54.561890 	63.411354 	
88.600227 	87.658424 	132.245987 	41.629318 	41.231056 	83.006027 	999.000000 	76.059189 	45.541191 	84.599052 	45.221676 	147.610977 	152.200531 	149.806549 	61.611687 	86.214851 	5.000000 	29.120440 	26.248810 	163.783386 	139.445328 	161.523987 	23.409399 	81.841309 	88.588936 	29.410883 	138.191895 	26.925823 	140.929062 	24.166092 	159.906219 	84.528099 	7.615773 	73.539108 	135.591293 	162.052460 	89.442719 	156.272202 	9.055386 	145.165421 	72.801102 	21.633308 	140.463516 	82.855293 	83.773506 	86.406021 	87.726852 	136.033081 	144.045135 	
17.464249 	14.866069 	62.609905 	34.669872 	35.227829 	8.062258 	76.059189 	999.000000 	31.890438 	8.602325 	32.557640 	84.202141 	89.286057 	86.400230 	17.000000 	17.029387 	75.471848 	104.694794 	101.980392 	96.664368 	68.264191 	93.941475 	99.282425 	6.082763 	12.529964 	105.118980 	66.287254 	102.859123 	69.339745 	100.184830 	91.241440 	9.055386 	77.103828 	8.062258 	63.007935 	93.477272 	13.601471 	86.452301 	79.881165 	73.498299 	10.049875 	97.616600 	68.007355 	9.486833 	10.440307 	12.041595 	13.000000 	62.481998 	71.400284 	
47.201694 	45.453274 	92.913940 	5.385165 	5.099020 	39.597980 	45.541191 	31.890438 	999.000000 	40.459858 	1.000000 	112.307610 	117.273186 	114.542572 	22.135944 	45.486263 	44.283180 	74.632431 	71.784401 	126.400162 	99.201813 	123.822456 	68.949257 	37.202152 	44.204071 	74.946648 	97.452553 	72.449982 	100.424103 	69.641945 	121.490738 	39.661064 	45.650848 	28.178005 	94.366310 	123.713379 	44.654228 	117.068359 	48.373547 	104.637466 	27.313000 	66.708321 	99.357941 	37.589893 	38.470768 	41.182522 	42.544094 	94.111633 	102.825096 	
12.369317 	9.219544 	55.154327 	43.266617 	43.829212 	3.605551 	84.599052 	8.602325 	40.459858 	999.000000 	41.109608 	77.665955 	82.764725 	79.831070 	24.515301 	13.416408 	84.059502 	113.159180 	110.462662 	89.319649 	60.415230 	86.539009 	107.782188 	4.123106 	4.123106 	113.595772 	58.309521 	111.364265 	61.400326 	108.706024 	83.671982 	4.472136 	85.702972 	14.317822 	54.918121 	85.906929 	6.082763 	78.714676 	88.481636 	65.513359 	16.155495 	106.174385 	59.908264 	8.246211 	8.544003 	7.810250 	7.810250 	54.203320 	63.245552 	
48.010414 	46.227695 	93.744331 	5.830952 	5.385165 	40.311287 	45.221676 	32.557640 	1.000000 	41.109608 	999.000000 	113.216606 	118.186295 	115.451286 	23.086792 	46.324940 	43.863426 	74.330345 	71.470276 	127.263504 	100.000000 	124.679588 	68.622154 	37.802116 	44.821869 	74.632431 	98.234413 	72.111023 	101.212646 	69.289246 	122.331520 	40.224369 	45.177429 	28.653097 	95.131485 	124.555206 	45.221676 	117.889778 	47.885281 	105.422958 	27.730848 	66.309875 	100.124924 	38.078865 	38.948685 	41.677334 	43.046486 	94.847244 	103.585716 	
66.760765 	69.375786 	25.495098 	112.712021 	113.600174 	76.400261 	147.610977 	84.202141 	112.307610 	77.665955 	113.216606 	999.000000 	5.099020 	2.236068 	90.338257 	67.675697 	149.030197 	171.898224 	169.852875 	18.384777 	26.419689 	17.464249 	167.836227 	81.786308 	75.953934 	172.626770 	29.529646 	171.330093 	27.459061 	169.331039 	19.000000 	81.215759 	151.476074 	91.678787 	33.105892 	20.099751 	77.646637 	20.880613 	154.262756 	26.907248 	93.621582 	168.240906 	31.064449 	85.158676 	85.000000 	82.734512 	81.614952 	37.121422 	31.240999 	
71.840103 	74.464760 	30.265491 	117.618027 	118.511604 	81.492332 	152.200531 	89.286057 	117.273186 	82.764725 	118.186295 	5.099020 	999.000000 	3.000000 	95.273293 	72.732384 	153.687988 	176.241318 	174.229736 	16.124516 	30.463093 	16.031219 	172.246918 	86.884979 	81.049370 	176.980225 	33.615471 	175.727066 	31.304953 	173.761337 	18.681541 	86.313385 	156.156967 	96.772926 	37.336308 	19.235384 	82.734512 	21.954498 	158.937088 	30.232433 	98.716766 	172.733902 	34.885529 	90.255196 	90.094398 	87.823685 	86.700638 	41.231056 	34.669872 	
68.963760 	71.568146 	27.294687 	114.947815 	115.836090 	78.587532 	149.806549 	86.400230 	114.542572 	79.831070 	115.451286 	2.236068 	3.000000 	999.000000 	92.574295 	69.892776 	151.238220 	174.040222 	172.002914 	16.763054 	27.730848 	16.124516 	169.994110 	83.952370 	78.089691 	174.771286 	30.870699 	173.484863 	28.653097 	171.493439 	18.110771 	83.360664 	153.687988 	93.861603 	34.539833 	19.000000 	79.762146 	20.615528 	156.473633 	27.802877 	95.801880 	170.417130 	32.249031 	87.298340 	87.132080 	84.852814 	83.725746 	38.483765 	32.202484 	
27.018513 	26.076809 	71.840103 	22.472204 	23.323807 	22.135944 	61.611687 	17.000000 	22.135944 	24.515301 	23.086792 	90.338257 	95.273293 	92.574295 	999.000000 	24.758837 	61.717098 	89.554451 	86.954010 	104.847511 	78.568443 	102.342560 	84.380089 	23.021729 	28.635643 	90.049988 	77.077881 	87.982956 	79.931221 	85.440041 	100.209778 	26.019224 	63.702435 	19.697716 	74.276512 	102.415817 	30.265491 	96.046867 	66.528191 	84.172440 	20.591261 	83.234612 	79.208588 	26.172504 	27.166155 	29.017237 	30.000000 	74.518456 	82.758682 	
3.000000 	5.000000 	47.434166 	46.861500 	47.634022 	10.440307 	86.214851 	17.029387 	45.486263 	13.416408 	46.324940 	67.675697 	72.732384 	69.892776 	24.758837 	999.000000 	86.452301 	113.740936 	111.220505 	81.006172 	53.907330 	78.390053 	108.724419 	16.763054 	14.866069 	114.280357 	52.345009 	112.329872 	55.226807 	109.859001 	76.006577 	17.888544 	88.459030 	25.000000 	49.517673 	78.230431 	17.691807 	71.610054 	91.285271 	59.464275 	27.000000 	107.800743 	54.451813 	21.540659 	21.931713 	21.095022 	20.808653 	49.819675 	58.000000 	
88.729927 	87.618492 	132.966156 	40.816662 	40.311287 	82.661964 	5.000000 	75.471848 	44.283180 	84.059502 	43.863426 	149.030197 	153.687988 	151.238220 	61.717098 	86.452301 	999.000000 	31.257000 	28.284271 	164.924225 	140.014282 	162.606888 	25.317978 	81.123360 	87.982956 	31.400637 	138.657852 	28.635643 	141.449631 	25.709921 	160.863297 	83.725746 	3.000000 	72.449982 	135.948517 	163.027603 	88.684837 	157.079605 	5.385165 	145.691452 	71.589104 	22.472204 	140.858078 	81.841309 	82.734512 	85.422478 	86.769814 	136.235092 	144.422989 	
116.284134 	115.602768 	158.521286 	70.576202 	70.228203 	111.364265 	29.120440 	104.694794 	74.632431 	113.159180 	74.330345 	171.898224 	176.241318 	174.040222 	89.554451 	113.740936 	31.257000 	999.000000 	3.000000 	188.809433 	166.027100 	186.724396 	6.000000 	110.571243 	117.200684 	1.000000 	165.000000 	3.605551 	167.609665 	6.324555 	185.456192 	113.318138 	31.016125 	102.528046 	162.631485 	187.544662 	118.186295 	182.222397 	29.017237 	171.816757 	101.843018 	10.770329 	167.409683 	111.789978 	112.720894 	115.316956 	116.619041 	163.367691 	171.011688 	
113.740936 	113.017700 	156.204987 	67.779053 	67.416618 	108.706024 	26.248810 	101.980392 	71.784401 	110.462662 	71.470276 	169.852875 	174.229736 	172.002914 	86.954010 	111.220505 	28.284271 	3.000000 	999.000000 	186.676193 	163.670395 	184.567062 	3.000000 	107.837845 	114.494545 	3.162278 	162.609970 	2.000000 	165.239227 	3.605551 	183.251190 	110.571243 	28.017851 	99.724625 	160.206116 	185.348328 	115.451286 	179.961105 	26.019224 	169.452057 	99.020203 	8.062258 	165.000000 	109.004585 	109.931801 	112.538879 	113.846390 	160.897476 	168.600113 	
79.605278 	81.859634 	34.176014 	127.318497 	128.160049 	88.639717 	163.783386 	96.664368 	126.400162 	89.319649 	127.263504 	18.384777 	16.124516 	16.763054 	104.847511 	81.006172 	164.924225 	188.809433 	186.676193 	999.000000 	30.265491 	3.000000 	184.567062 	93.407707 	86.977005 	189.509888 	33.136082 	188.095718 	30.066593 	186.002686 	7.280110 	92.358002 	167.263260 	103.619499 	37.121422 	5.830952 	88.232651 	13.341664 	170.073517 	27.018513 	105.475113 	184.718704 	33.000000 	96.135323 	95.817535 	93.300591 	92.048897 	40.000000 	31.144823 	
52.009613 	53.823788 	8.246211 	100.767059 	101.533249 	60.207973 	139.445328 	68.264191 	99.201813 	60.415230 	100.000000 	26.419689 	30.463093 	27.730848 	78.568443 	53.907330 	140.014282 	166.027100 	163.670395 	30.265491 	999.000000 	27.294687 	161.335052 	64.412735 	57.697487 	166.643326 	3.162278 	164.924225 	2.000000 	162.606888 	23.769728 	63.071388 	142.130219 	74.706093 	7.071068 	25.961510 	58.694122 	18.384777 	144.958618 	5.830952 	76.478752 	160.863297 	5.000000 	66.708321 	66.309875 	63.694584 	62.393909 	10.770329 	7.071068 	
76.941536 	79.158073 	31.384710 	124.807854 	125.642349 	85.906929 	161.523987 	93.941475 	123.822456 	86.539009 	124.679588 	17.464249 	16.031219 	16.124516 	102.342560 	78.390053 	162.606888 	186.724396 	184.567062 	3.000000 	27.294687 	999.000000 	182.433548 	90.620087 	84.154617 	187.416641 	30.149628 	185.970428 	27.073973 	183.853195 	4.472136 	89.537704 	164.924225 	100.846420 	34.132095 	3.605551 	85.381500 	10.440307 	167.737885 	24.020824 	102.693718 	182.521225 	30.000000 	93.300591 	92.973114 	90.443352 	89.185204 	37.000000 	28.160255 	
111.220505 	110.453613 	153.912308 	65.000000 	64.621979 	106.066017 	23.409399 	99.282425 	68.949257 	107.782188 	68.622154 	167.836227 	172.246918 	169.994110 	84.380089 	108.724419 	25.317978 	6.000000 	3.000000 	184.567062 	161.335052 	182.433548 	999.000000 	105.118980 	111.803398 	6.082763 	160.240448 	3.605551 	162.889526 	2.000000 	181.069046 	107.837845 	25.019993 	96.932968 	157.800507 	183.174774 	112.729767 	177.721695 	23.021729 	167.107742 	96.208107 	5.656854 	162.609970 	106.230881 	107.154091 	109.772491 	111.085556 	158.445572 	166.207703 	
16.124516 	13.038404 	59.236813 	40.311287 	40.816662 	6.324555 	81.841309 	6.082763 	37.202152 	4.123106 	37.802116 	81.786308 	86.884979 	83.952370 	23.021729 	16.763054 	81.123360 	110.571243 	107.837845 	93.407707 	64.412735 	90.620087 	105.118980 	999.000000 	7.071068 	110.981979 	62.265560 	108.687622 	65.368187 	105.990562 	87.726852 	3.000000 	82.680107 	10.295630 	58.830265 	89.961105 	7.615773 	82.734512 	85.440041 	69.462219 	12.083046 	103.353760 	63.812225 	5.000000 	5.656854 	6.324555 	7.071068 	58.008621 	67.119293 	
13.038404 	10.000000 	52.810986 	47.169907 	47.707443 	7.071068 	88.588936 	12.529964 	44.204071 	4.123106 	44.821869 	75.953934 	81.049370 	78.089691 	28.635643 	14.866069 	87.982956 	117.200684 	114.494545 	86.977005 	57.697487 	84.154617 	111.803398 	7.071068 	999.000000 	117.630775 	55.470715 	115.381973 	58.591808 	112.712021 	81.154175 	5.385165 	89.587944 	17.204651 	51.971146 	83.384651 	2.828427 	76.059189 	92.358002 	62.649822 	18.867962 	110.145355 	56.938564 	9.219544 	9.055386 	7.071068 	6.324555 	51.039200 	60.207973 	
116.811813 	116.107712 	159.154007 	70.936592 	70.576202 	111.825760 	29.410883 	105.118980 	74.946648 	113.595772 	74.632431 	172.626770 	176.980225 	174.771286 	90.049988 	114.280357 	31.400637 	1.000000 	3.162278 	189.509888 	166.643326 	187.416641 	6.082763 	110.981979 	117.630775 	999.000000 	165.601929 	3.162278 	168.220093 	6.082763 	186.131668 	113.718948 	31.064449 	102.883430 	163.217651 	188.223267 	118.595955 	182.877014 	29.000000 	172.429703 	102.181213 	10.440307 	168.002975 	112.160599 	113.088463 	115.693558 	117.000000 	163.932907 	171.604202 	
50.328918 	52.009613 	9.055386 	99.156441 	99.904953 	58.249462 	138.191895 	66.287254 	97.452553 	58.309521 	98.234413 	29.529646 	33.615471 	30.870699 	77.077881 	52.345009 	138.657852 	165.000000 	162.609970 	33.136082 	3.162278 	30.149628 	160.240448 	62.265560 	55.470715 	165.601929 	999.000000 	163.835281 	3.162278 	161.483749 	26.476404 	60.827625 	140.730240 	72.560318 	4.000000 	28.635643 	56.364883 	20.880613 	143.558350 	7.211102 	74.303429 	159.665268 	3.000000 	64.404968 	63.976559 	61.326992 	60.008331 	7.615773 	6.324555 	
114.825958 	114.057007 	157.492859 	68.541962 	68.154236 	109.658562 	26.925823 	102.859123 	72.449982 	111.364265 	72.111023 	171.330093 	175.727066 	173.484863 	87.982956 	112.329872 	28.635643 	3.605551 	2.000000 	188.095718 	164.924225 	185.970428 	3.605551 	108.687622 	115.381973 	3.162278 	163.835281 	999.000000 	166.481232 	3.000000 	184.621231 	111.400177 	28.160255 	100.463921 	161.400131 	186.724396 	116.297035 	181.289825 	26.019224 	170.698563 	99.724625 	7.280110 	166.207703 	109.772491 	110.693268 	113.318138 	114.634201 	162.049377 	169.805771 	
53.263496 	55.000000 	10.198039 	102.068604 	102.825096 	61.294373 	140.929062 	69.339745 	100.424103 	61.400326 	101.212646 	27.459061 	31.304953 	28.653097 	79.931221 	55.226807 	141.449631 	167.609665 	165.239227 	30.066593 	2.000000 	27.073973 	162.889526 	65.368187 	58.591808 	168.220093 	3.162278 	166.481232 	999.000000 	164.149323 	23.345236 	63.953106 	143.544418 	75.663727 	7.071068 	25.495098 	59.506302 	17.720045 	146.372818 	4.242640 	77.414467 	162.373032 	3.605551 	67.542580 	67.119293 	64.474800 	63.158531 	10.198039 	5.099020 	
112.329872 	111.516815 	155.219193 	65.795135 	65.391129 	107.042046 	24.166092 	100.184830 	69.641945 	108.706024 	69.289246 	169.331039 	173.761337 	171.493439 	85.440041 	109.859001 	25.709921 	6.324555 	3.605551 	186.002686 	162.606888 	183.853195 	2.000000 	105.990562 	112.712021 	6.082763 	161.483749 	3.000000 	164.149323 	999.000000 	182.455475 	108.687622 	25.179358 	97.693398 	159.012573 	184.567062 	113.595772 	179.067032 	23.021729 	168.371613 	96.932968 	4.472136 	163.835281 	107.018692 	107.935165 	110.571243 	111.892807 	159.615158 	167.430588 	
74.431175 	76.537575 	28.653097 	122.641754 	123.458496 	83.186539 	159.906219 	91.241440 	121.490738 	83.671982 	122.331520 	19.000000 	18.681541 	18.110771 	100.209778 	76.006577 	160.863297 	185.456192 	183.251190 	7.280110 	23.769728 	4.472136 	181.069046 	87.726852 	81.154175 	186.131668 	26.476404 	184.621231 	23.345236 	182.455475 	999.000000 	86.539009 	163.131851 	97.989792 	30.413813 	2.236068 	82.280006 	6.082763 	165.951797 	20.024984 	99.809822 	181.024857 	26.076809 	90.249657 	89.888817 	87.315521 	86.034874 	33.060551 	24.020824 	
16.763054 	13.601471 	58.189346 	42.941822 	43.416588 	7.810250 	84.528099 	9.055386 	39.661064 	4.472136 	40.224369 	81.215759 	86.313385 	83.360664 	26.019224 	17.888544 	83.725746 	113.318138 	110.571243 	92.358002 	63.071388 	89.537704 	107.837845 	3.000000 	5.385165 	113.718948 	60.827625 	111.400177 	63.953106 	108.687622 	86.539009 	999.000000 	85.234970 	12.041595 	57.306194 	88.769363 	5.000000 	81.437096 	87.982956 	68.000000 	13.601471 	106.004715 	62.265560 	4.000000 	4.123106 	3.605551 	4.123106 	56.302753 	65.513359 	
90.686272 	89.498604 	135.148071 	42.438190 	41.880783 	84.403793 	7.615773 	77.103828 	45.650848 	85.702972 	45.177429 	151.476074 	156.156967 	153.687988 	63.702435 	88.459030 	3.000000 	31.016125 	28.017851 	167.263260 	142.130219 	164.924225 	25.019993 	82.680107 	89.587944 	31.064449 	140.730240 	28.160255 	143.544418 	25.179358 	163.131851 	85.234970 	999.000000 	73.824112 	137.974640 	165.302750 	90.210861 	159.289047 	2.828427 	147.787003 	72.897186 	21.587032 	142.898560 	83.240616 	84.118965 	86.833176 	88.192970 	138.191895 	146.454773 	
25.179358 	22.360680 	69.462219 	31.953091 	32.310989 	15.297058 	73.539108 	8.062258 	28.178005 	14.317822 	28.653097 	91.678787 	96.772926 	93.861603 	19.697716 	25.000000 	72.449982 	102.528046 	99.724625 	103.619499 	74.706093 	100.846420 	96.932968 	10.295630 	17.204651 	102.883430 	72.560318 	100.463921 	75.663727 	97.693398 	97.989792 	12.041595 	73.824112 	999.000000 	69.115845 	100.224747 	16.970562 	93.021500 	76.537575 	79.755875 	2.000000 	94.847244 	74.094536 	9.433981 	10.295630 	13.038404 	14.422205 	68.242218 	77.388626 	
47.381432 	48.918301 	10.295630 	96.208107 	96.938126 	55.000000 	135.591293 	63.007935 	94.366310 	54.918121 	95.131485 	33.105892 	37.336308 	34.539833 	74.276512 	49.517673 	135.948517 	162.631485 	160.206116 	37.121422 	7.071068 	34.132095 	157.800507 	58.830265 	51.971146 	163.217651 	4.000000 	161.400131 	7.071068 	159.012573 	30.413813 	57.306194 	137.974640 	69.115845 	999.000000 	32.557640 	52.773098 	24.738634 	140.801285 	10.770329 	70.830788 	157.114609 	5.000000 	60.827625 	60.373837 	57.697487 	56.364883 	4.242640 	8.485281 	
76.661591 	78.771820 	30.886890 	124.851913 	125.670204 	85.422478 	162.052460 	93.477272 	123.713379 	85.906929 	124.555206 	20.099751 	19.235384 	19.000000 	102.415817 	78.230431 	163.027603 	187.544662 	185.348328 	5.830952 	25.961510 	3.605551 	183.174774 	89.961105 	83.384651 	188.223267 	28.635643 	186.724396 	25.495098 	184.567062 	2.236068 	88.769363 	165.302750 	100.224747 	32.557640 	999.000000 	84.504440 	8.000000 	168.121979 	22.090721 	102.044106 	183.152939 	28.160255 	92.477028 	92.114059 	89.537704 	88.255310 	35.128338 	26.000000 	
15.811388 	12.806249 	54.120235 	47.885281 	48.373547 	9.486833 	89.442719 	13.601471 	44.654228 	6.082763 	45.221676 	77.646637 	82.734512 	79.762146 	30.265491 	17.691807 	88.684837 	118.186295 	115.451286 	88.232651 	58.694122 	85.381500 	112.729767 	7.615773 	2.828427 	118.595955 	56.364883 	116.297035 	59.506302 	113.595772 	82.280006 	5.000000 	90.210861 	16.970562 	52.773098 	84.504440 	999.000000 	77.077881 	92.962357 	63.505905 	18.439089 	110.941429 	57.706154 	8.062258 	7.615773 	5.099020 	4.000000 	51.623638 	60.901562 	
69.892776 	71.867935 	24.207438 	118.406082 	119.201508 	78.390053 	156.272202 	86.452301 	117.068359 	78.714676 	117.889778 	20.880613 	21.954498 	20.615528 	96.046867 	71.610054 	157.079605 	182.222397 	179.961105 	13.341664 	18.384777 	10.440307 	177.721695 	82.734512 	76.059189 	182.877014 	20.880613 	181.289825 	17.720045 	179.067032 	6.082763 	81.437096 	159.289047 	93.021500 	24.738634 	8.000000 	77.077881 	999.000000 	162.114151 	14.142136 	94.810333 	177.519012 	20.223749 	85.088188 	84.693565 	82.079231 	80.777473 	27.166155 	18.000000 	
93.509361 	92.314682 	137.974640 	45.221676 	44.654228 	87.200920 	9.055386 	79.881165 	48.373547 	88.481636 	47.885281 	154.262756 	158.937088 	156.473633 	66.528191 	91.285271 	5.385165 	29.017237 	26.019224 	170.073517 	144.958618 	167.737885 	23.021729 	85.440041 	92.358002 	29.000000 	143.558350 	26.019224 	146.372818 	23.021729 	165.951797 	87.982956 	2.828427 	76.537575 	140.801285 	168.121979 	92.962357 	162.114151 	999.000000 	150.615402 	75.591003 	19.235384 	145.725769 	85.959290 	86.833176 	89.554451 	90.917542 	141.014191 	149.281616 	
57.489128 	59.203041 	13.928389 	106.301460 	107.056061 	65.459915 	145.165421 	73.498299 	104.637466 	65.513359 	105.422958 	26.907248 	30.232433 	27.802877 	84.172440 	59.464275 	145.691452 	171.816757 	169.452057 	27.018513 	5.830952 	24.020824 	167.107742 	69.462219 	62.649822 	172.429703 	7.211102 	170.698563 	4.242640 	168.371613 	20.024984 	68.000000 	147.787003 	79.755875 	10.770329 	22.090721 	63.505905 	14.142136 	150.615402 	999.000000 	81.492332 	166.604324 	6.082763 	71.554176 	71.112587 	68.447060 	67.119293 	13.038404 	4.472136 	
27.166155 	24.331051 	71.309189 	31.320919 	31.622776 	17.262676 	72.801102 	10.049875 	27.313000 	16.155495 	27.730848 	93.621582 	98.716766 	95.801880 	20.591261 	27.000000 	71.589104 	101.843018 	99.020203 	105.475113 	76.478752 	102.693718 	96.208107 	12.083046 	18.867962 	102.181213 	74.303429 	99.724625 	77.414467 	96.932968 	99.809822 	13.601471 	72.897186 	2.000000 	70.830788 	102.044106 	18.439089 	94.810333 	75.591003 	81.492332 	999.000000 	94.021271 	75.802376 	10.630146 	11.401754 	14.212670 	15.620500 	69.892776 	79.075912 	
110.208893 	109.288612 	153.574081 	63.063461 	62.609905 	104.623131 	21.633308 	97.616600 	66.708321 	106.174385 	66.309875 	168.240906 	172.733902 	170.417130 	83.234612 	107.800743 	22.472204 	10.770329 	8.062258 	184.718704 	160.863297 	182.521225 	5.656854 	103.353760 	110.145355 	10.440307 	159.665268 	7.280110 	162.373032 	4.472136 	181.024857 	106.004715 	21.587032 	94.847244 	157.114609 	183.152939 	110.941429 	177.519012 	19.235384 	166.604324 	94.021271 	999.000000 	161.969131 	104.216118 	105.118980 	107.786827 	109.123779 	157.610275 	165.556641 	
52.345009 	53.907330 	12.041595 	101.178062 	101.911728 	60.000000 	140.463516 	68.007355 	99.357941 	59.908264 	100.124924 	31.064449 	34.885529 	32.249031 	79.208588 	54.451813 	140.858078 	167.409683 	165.000000 	33.000000 	5.000000 	30.000000 	162.609970 	63.812225 	56.938564 	168.002975 	3.000000 	166.207703 	3.605551 	163.835281 	26.076809 	62.265560 	142.898560 	74.094536 	5.000000 	28.160255 	57.706154 	20.223749 	145.725769 	6.082763 	75.802376 	161.969131 	999.000000 	65.764732 	65.299309 	62.609905 	61.269894 	7.000000 	3.605551 	
20.615528 	17.464249 	61.983868 	41.231056 	41.629318 	11.180340 	82.855293 	9.486833 	37.589893 	8.246211 	38.078865 	85.158676 	90.255196 	87.298340 	26.172504 	21.540659 	81.841309 	111.789978 	109.004585 	96.135323 	66.708321 	93.300591 	106.230881 	5.000000 	9.219544 	112.160599 	64.404968 	109.772491 	67.542580 	107.018692 	90.249657 	4.000000 	83.240616 	9.433981 	60.827625 	92.477028 	8.062258 	85.088188 	85.959290 	71.554176 	10.630146 	104.216118 	65.764732 	999.000000 	1.000000 	3.605551 	5.000000 	59.682495 	68.963760 	
20.880613 	17.720045 	61.684681 	42.154476 	42.544094 	11.661903 	83.773506 	10.440307 	38.470768 	8.544003 	38.948685 	85.000000 	90.094398 	87.132080 	27.166155 	21.931713 	82.734512 	112.720894 	109.931801 	95.817535 	66.309875 	92.973114 	107.154091 	5.656854 	9.055386 	113.088463 	63.976559 	110.693268 	67.119293 	107.935165 	89.888817 	4.123106 	84.118965 	10.295630 	60.373837 	92.114059 	7.615773 	84.693565 	86.833176 	71.112587 	11.401754 	105.118980 	65.299309 	1.000000 	999.000000 	2.828427 	4.242640 	59.169250 	68.476273 	
19.697716 	16.552946 	59.203041 	44.777225 	45.188496 	11.313708 	86.406021 	12.041595 	41.182522 	7.810250 	41.677334 	82.734512 	87.823685 	84.852814 	29.017237 	21.095022 	85.422478 	115.316956 	112.538879 	93.300591 	63.694584 	90.443352 	109.772491 	6.324555 	7.071068 	115.693558 	61.326992 	113.318138 	64.474800 	110.571243 	87.315521 	3.605551 	86.833176 	13.038404 	57.697487 	89.537704 	5.099020 	82.079231 	89.554451 	68.447060 	14.212670 	107.786827 	62.609905 	3.605551 	2.828427 	999.000000 	1.414214 	56.435802 	65.764732 	
19.235384 	16.124516 	57.974133 	46.097721 	46.518814 	11.401754 	87.726852 	13.000000 	42.544094 	7.810250 	43.046486 	81.614952 	86.700638 	83.725746 	30.000000 	20.808653 	86.769814 	116.619041 	113.846390 	92.048897 	62.393909 	89.185204 	111.085556 	7.071068 	6.324555 	117.000000 	60.008331 	114.634201 	63.158531 	111.892807 	86.034874 	4.123106 	88.192970 	14.422205 	56.364883 	88.255310 	4.000000 	80.777473 	90.917542 	67.119293 	15.620500 	109.123779 	61.269894 	5.000000 	4.242640 	1.414214 	999.000000 	55.072678 	64.412735 	
47.507893 	48.795490 	14.422205 	96.176918 	96.876213 	54.561890 	136.033081 	62.481998 	94.111633 	54.203320 	94.847244 	37.121422 	41.231056 	38.483765 	74.518456 	49.819675 	136.235092 	163.367691 	160.897476 	40.000000 	10.770329 	37.000000 	158.445572 	58.008621 	51.039200 	163.932907 	7.615773 	162.049377 	10.198039 	159.615158 	33.060551 	56.302753 	138.191895 	68.242218 	4.242640 	35.128338 	51.623638 	27.166155 	141.014191 	13.038404 	69.892776 	157.610275 	7.000000 	59.682495 	59.169250 	56.435802 	55.072678 	999.000000 	9.486833 	
55.865910 	57.384666 	15.033297 	104.690018 	105.418213 	63.411354 	144.045135 	71.400284 	102.825096 	63.245552 	103.585716 	31.240999 	34.669872 	32.202484 	82.758682 	58.000000 	144.422989 	171.011688 	168.600113 	31.144823 	7.071068 	28.160255 	166.207703 	67.119293 	60.207973 	171.604202 	6.324555 	169.805771 	5.099020 	167.430588 	24.020824 	65.513359 	146.454773 	77.388626 	8.485281 	26.000000 	60.901562 	18.000000 	149.281616 	4.472136 	79.075912 	165.556641 	3.605551 	68.963760 	68.476273 	65.764732 	64.412735 	9.486833 	999.000000 	

Travel time:
9.000000 	0.079057 	1.144825 	1.220912 	1.239455 	0.250000 	2.215006 	0.436606 	1.180042 	0.309233 	1.200260 	1.669019 	1.796003 	1.724094 	0.675463 	0.075000 	2.218248 	2.907103 	2.843524 	1.990132 	1.300240 	1.923538 	2.780513 	0.403113 	0.325960 	2.920295 	1.258223 	2.870649 	1.331587 	2.808247 	1.860779 	0.419076 	2.267157 	0.629484 	1.184536 	1.916540 	0.395285 	1.747319 	2.337734 	1.437228 	0.679154 	2.755222 	1.308625 	0.515388 	0.522015 	0.492443 	0.480885 	1.187697 	1.396648 	
0.079057 	9.000000 	1.197132 	1.184536 	1.202081 	0.176777 	2.191461 	0.371652 	1.136332 	0.230489 	1.155692 	1.734395 	1.861619 	1.789204 	0.651920 	0.125000 	2.190462 	2.890069 	2.825443 	2.046491 	1.345595 	1.978952 	2.761340 	0.325960 	0.250000 	2.902693 	1.300240 	2.851425 	1.375000 	2.787920 	1.913439 	0.340037 	2.237465 	0.559017 	1.222957 	1.969296 	0.320156 	1.796698 	2.307867 	1.480076 	0.608276 	2.732215 	1.347683 	0.436606 	0.443001 	0.413824 	0.403113 	1.219887 	1.434617 	
1.144825 	1.197132 	9.000000 	2.355048 	2.375000 	1.364047 	3.306150 	1.565248 	2.322849 	1.378858 	2.343608 	0.637377 	0.756637 	0.682367 	1.796003 	1.185854 	3.324154 	3.963032 	3.905125 	0.854400 	0.206155 	0.784618 	3.847808 	1.480920 	1.320275 	3.978850 	0.226385 	3.937321 	0.254951 	3.880480 	0.716327 	1.454734 	3.378702 	1.736555 	0.257391 	0.772172 	1.353006 	0.605186 	3.449366 	0.348210 	1.782730 	3.839352 	0.301040 	1.549597 	1.542117 	1.480076 	1.449353 	0.360555 	0.375832 	
1.220912 	1.184536 	2.355048 	9.000000 	0.025000 	1.050297 	1.040733 	0.866747 	0.134629 	1.081665 	0.145774 	2.817801 	2.940451 	2.873695 	0.561805 	1.171538 	1.020416 	1.764405 	1.694476 	3.182962 	2.519176 	3.120196 	1.625000 	1.007782 	1.179248 	1.773415 	2.478911 	1.713549 	2.551715 	1.644878 	3.066044 	1.073546 	1.060955 	0.798827 	2.405203 	3.121298 	1.197132 	2.960152 	1.130542 	2.657537 	0.783023 	1.576586 	2.529452 	1.030776 	1.053862 	1.119431 	1.152443 	2.404423 	2.617250 	
1.239455 	1.202081 	2.375000 	0.025000 	9.000000 	1.065950 	1.030776 	0.880696 	0.127475 	1.095730 	0.134629 	2.840004 	2.962790 	2.895902 	0.583095 	1.190850 	1.007782 	1.755705 	1.685416 	3.204001 	2.538331 	3.141059 	1.615549 	1.020416 	1.192686 	1.764405 	2.497624 	1.703856 	2.570627 	1.634778 	3.086462 	1.085415 	1.047020 	0.807775 	2.423453 	3.141755 	1.209339 	2.980038 	1.116356 	2.676402 	0.790569 	1.565248 	2.547793 	1.040733 	1.063602 	1.129712 	1.162970 	2.421905 	2.635455 	
0.250000 	0.176777 	1.364047 	1.050297 	1.065950 	9.000000 	2.075151 	0.201556 	0.989950 	0.090139 	1.007782 	1.910007 	2.037308 	1.964688 	0.553399 	0.261008 	2.066549 	2.784107 	2.717651 	2.215993 	1.505199 	2.147673 	2.651650 	0.158114 	0.176777 	2.795644 	1.456237 	2.741464 	1.532359 	2.676051 	2.079664 	0.195256 	2.110095 	0.382426 	1.375000 	2.135562 	0.237171 	1.959751 	2.180023 	1.636498 	0.431567 	2.615578 	1.500000 	0.279509 	0.291548 	0.282843 	0.285044 	1.364047 	1.585284 	
2.215006 	2.191461 	3.306150 	1.040733 	1.030776 	2.075151 	9.000000 	1.901480 	1.138530 	2.114976 	1.130542 	3.690274 	3.805013 	3.745164 	1.540292 	2.155371 	0.125000 	0.728011 	0.656220 	4.094584 	3.486133 	4.038100 	0.585235 	2.046033 	2.214723 	0.735272 	3.454797 	0.673146 	3.523226 	0.604152 	3.997655 	2.113203 	0.190394 	1.838478 	3.389782 	4.051311 	2.236068 	3.906805 	0.226385 	3.629136 	1.820028 	0.540833 	3.511588 	2.071382 	2.094338 	2.160151 	2.193171 	3.400827 	3.601128 	
0.436606 	0.371652 	1.565248 	0.866747 	0.880696 	0.201556 	1.901480 	9.000000 	0.797261 	0.215058 	0.813941 	2.105053 	2.232152 	2.160006 	0.425000 	0.425735 	1.886796 	2.617370 	2.549510 	2.416609 	1.706605 	2.348537 	2.482061 	0.152069 	0.313249 	2.627975 	1.657181 	2.571478 	1.733494 	2.504621 	2.281036 	0.226385 	1.927596 	0.201556 	1.575198 	2.336932 	0.340037 	2.161308 	1.997029 	1.837457 	0.251247 	2.440415 	1.700184 	0.237171 	0.261008 	0.301040 	0.325000 	1.562050 	1.785007 	
1.180042 	1.136332 	2.322849 	0.134629 	0.127475 	0.989950 	1.138530 	0.797261 	9.000000 	1.011496 	0.025000 	2.807690 	2.931830 	2.863564 	0.553399 	1.137157 	1.107080 	1.865811 	1.794610 	3.160004 	2.480045 	3.095562 	1.723731 	0.930054 	1.105102 	1.873666 	2.436314 	1.811249 	2.510602 	1.741049 	3.037268 	0.991527 	1.141271 	0.704450 	2.359158 	3.092834 	1.116356 	2.926709 	1.209339 	2.615937 	0.682825 	1.667708 	2.483948 	0.939747 	0.961769 	1.029563 	1.063602 	2.352791 	2.570627 	
0.309233 	0.230489 	1.378858 	1.081665 	1.095730 	0.090139 	2.114976 	0.215058 	1.011496 	9.000000 	1.027740 	1.941649 	2.069118 	1.995777 	0.612882 	0.335410 	2.101488 	2.828979 	2.761567 	2.232991 	1.510381 	2.163475 	2.694555 	0.103078 	0.103078 	2.839894 	1.457738 	2.784107 	1.535008 	2.717651 	2.091799 	0.111803 	2.142574 	0.357946 	1.372953 	2.147673 	0.152069 	1.967867 	2.212041 	1.637834 	0.403887 	2.654360 	1.497707 	0.206155 	0.213600 	0.195256 	0.195256 	1.355083 	1.581139 	
1.200260 	1.155692 	2.343608 	0.145774 	0.134629 	1.007782 	1.130542 	0.813941 	0.025000 	1.027740 	9.000000 	2.830415 	2.954657 	2.886282 	0.577170 	1.158123 	1.096586 	1.858259 	1.786757 	3.181588 	2.500000 	3.116990 	1.715554 	0.945053 	1.120547 	1.865811 	2.455860 	1.802776 	2.530316 	1.732231 	3.058288 	1.005609 	1.129436 	0.716327 	2.378287 	3.113880 	1.130542 	2.947244 	1.197132 	2.635574 	0.693271 	1.657747 	2.503123 	0.951972 	0.973717 	1.041933 	1.076162 	2.371181 	2.589643 	
1.669019 	1.734395 	0.637377 	2.817801 	2.840004 	1.910007 	3.690274 	2.105053 	2.807690 	1.941649 	2.830415 	9.000000 	0.127475 	0.055902 	2.258456 	1.691892 	3.725755 	4.297456 	4.246322 	0.459619 	0.660492 	0.436606 	4.195906 	2.044658 	1.898848 	4.315669 	0.738241 	4.283252 	0.686477 	4.233276 	0.475000 	2.030394 	3.786902 	2.291970 	0.827647 	0.502494 	1.941166 	0.522015 	3.856569 	0.672681 	2.340539 	4.206023 	0.776611 	2.128967 	2.125000 	2.068363 	2.040374 	0.928036 	0.781025 	
1.796003 	1.861619 	0.756637 	2.940451 	2.962790 	2.037308 	3.805013 	2.232152 	2.931830 	2.069118 	2.954657 	0.127475 	9.000000 	0.075000 	2.381832 	1.818310 	3.842200 	4.406033 	4.355743 	0.403113 	0.761577 	0.400780 	4.306173 	2.172124 	2.026234 	4.424506 	0.840387 	4.393177 	0.782624 	4.344033 	0.467039 	2.157835 	3.903924 	2.419323 	0.933408 	0.480885 	2.068363 	0.548862 	3.973427 	0.755811 	2.467919 	4.318347 	0.872138 	2.256380 	2.252360 	2.195592 	2.167516 	1.030776 	0.866747 	
1.724094 	1.789204 	0.682367 	2.873695 	2.895902 	1.964688 	3.745164 	2.160006 	2.863564 	1.995777 	2.886282 	0.055902 	0.075000 	9.000000 	2.314357 	1.747319 	3.780956 	4.351006 	4.300073 	0.419076 	0.693271 	0.403113 	4.249853 	2.098809 	1.952242 	4.369282 	0.771767 	4.337121 	0.716327 	4.287336 	0.452769 	2.084017 	3.842200 	2.346540 	0.863496 	0.475000 	1.994054 	0.515388 	3.911841 	0.695072 	2.395047 	4.260428 	0.806226 	2.182458 	2.178302 	2.121320 	2.093144 	0.962094 	0.805062 	
0.675463 	0.651920 	1.796003 	0.561805 	0.583095 	0.553399 	1.540292 	0.425000 	0.553399 	0.612882 	0.577170 	2.258456 	2.381832 	2.314357 	9.000000 	0.618971 	1.542928 	2.238861 	2.173850 	2.621188 	1.964211 	2.558564 	2.109502 	0.575543 	0.715891 	2.251250 	1.926947 	2.199574 	1.998281 	2.136001 	2.505244 	0.650481 	1.592561 	0.492443 	1.856913 	2.560395 	0.756637 	2.401172 	1.663205 	2.104311 	0.514782 	2.080865 	1.980215 	0.654313 	0.679154 	0.725431 	0.750000 	1.862961 	2.068967 	
0.075000 	0.125000 	1.185854 	1.171538 	1.190850 	0.261008 	2.155371 	0.425735 	1.137157 	0.335410 	1.158123 	1.691892 	1.818310 	1.747319 	0.618971 	9.000000 	2.161308 	2.843524 	2.780513 	2.025154 	1.347683 	1.959751 	2.718111 	0.419076 	0.371652 	2.857009 	1.308625 	2.808247 	1.380670 	2.746475 	1.900164 	0.447214 	2.211476 	0.625000 	1.237942 	1.955761 	0.442295 	1.790251 	2.282132 	1.486607 	0.675000 	2.695019 	1.361295 	0.538516 	0.548293 	0.527376 	0.520216 	1.245492 	1.450000 	
2.218248 	2.190462 	3.324154 	1.020416 	1.007782 	2.066549 	0.125000 	1.886796 	1.107080 	2.101488 	1.096586 	3.725755 	3.842200 	3.780956 	1.542928 	2.161308 	9.000000 	0.781425 	0.707107 	4.123106 	3.500357 	4.065172 	0.632949 	2.028084 	2.199574 	0.785016 	3.466446 	0.715891 	3.536241 	0.642748 	4.021583 	2.093144 	0.075000 	1.811249 	3.398713 	4.075690 	2.217121 	3.926990 	0.134629 	3.642286 	1.789728 	0.561805 	3.521452 	2.046033 	2.068363 	2.135562 	2.169245 	3.405877 	3.610575 	
2.907103 	2.890069 	3.963032 	1.764405 	1.755705 	2.784107 	0.728011 	2.617370 	1.865811 	2.828979 	1.858259 	4.297456 	4.406033 	4.351006 	2.238861 	2.843524 	0.781425 	9.000000 	0.075000 	4.720236 	4.150678 	4.668110 	0.150000 	2.764281 	2.930017 	0.025000 	4.125000 	0.090139 	4.190242 	0.158114 	4.636405 	2.832953 	0.775403 	2.563201 	4.065787 	4.688617 	2.954657 	4.555560 	0.725431 	4.295419 	2.546075 	0.269258 	4.185242 	2.794749 	2.818022 	2.882924 	2.915476 	4.084192 	4.275292 	
2.843524 	2.825443 	3.905125 	1.694476 	1.685416 	2.717651 	0.656220 	2.549510 	1.794610 	2.761567 	1.786757 	4.246322 	4.355743 	4.300073 	2.173850 	2.780513 	0.707107 	0.075000 	9.000000 	4.666905 	4.091760 	4.614177 	0.075000 	2.695946 	2.862364 	0.079057 	4.065249 	0.050000 	4.130980 	0.090139 	4.581280 	2.764281 	0.700446 	2.493116 	4.005153 	4.633708 	2.886282 	4.499028 	0.650481 	4.236301 	2.475505 	0.201556 	4.125000 	2.725115 	2.748295 	2.813472 	2.846160 	4.022437 	4.215003 	
1.990132 	2.046491 	0.854400 	3.182962 	3.204001 	2.215993 	4.094584 	2.416609 	3.160004 	2.232991 	3.181588 	0.459619 	0.403113 	0.419076 	2.621188 	2.025154 	4.123106 	4.720236 	4.666905 	9.000000 	0.756637 	0.075000 	4.614177 	2.335193 	2.174425 	4.737747 	0.828402 	4.702393 	0.751665 	4.650067 	0.182003 	2.308950 	4.181581 	2.590487 	0.928036 	0.145774 	2.205816 	0.333542 	4.251838 	0.675463 	2.636878 	4.617968 	0.825000 	2.403383 	2.395438 	2.332515 	2.301222 	1.000000 	0.778621 	
1.300240 	1.345595 	0.206155 	2.519176 	2.538331 	1.505199 	3.486133 	1.706605 	2.480045 	1.510381 	2.500000 	0.660492 	0.761577 	0.693271 	1.964211 	1.347683 	3.500357 	4.150678 	4.091760 	0.756637 	9.000000 	0.682367 	4.033376 	1.610318 	1.442437 	4.166083 	0.079057 	4.123106 	0.050000 	4.065172 	0.594243 	1.576785 	3.553256 	1.867652 	0.176777 	0.649038 	1.467353 	0.459619 	3.623966 	0.145774 	1.911969 	4.021583 	0.125000 	1.667708 	1.657747 	1.592365 	1.559848 	0.269258 	0.176777 	
1.923538 	1.978952 	0.784618 	3.120196 	3.141059 	2.147673 	4.038100 	2.348537 	3.095562 	2.163475 	3.116990 	0.436606 	0.400780 	0.403113 	2.558564 	1.959751 	4.065172 	4.668110 	4.614177 	0.075000 	0.682367 	9.000000 	4.560839 	2.265502 	2.103865 	4.685416 	0.753741 	4.649261 	0.676849 	4.596330 	0.111803 	2.238443 	4.123106 	2.521161 	0.853302 	0.090139 	2.134537 	0.261008 	4.193447 	0.600521 	2.567343 	4.563031 	0.750000 	2.332515 	2.324328 	2.261084 	2.229630 	0.925000 	0.704006 	
2.780513 	2.761340 	3.847808 	1.625000 	1.615549 	2.651650 	0.585235 	2.482061 	1.723731 	2.694555 	1.715554 	4.195906 	4.306173 	4.249853 	2.109502 	2.718111 	0.632949 	0.150000 	0.075000 	4.614177 	4.033376 	4.560839 	9.000000 	2.627975 	2.795085 	0.152069 	4.006011 	0.090139 	4.072238 	0.050000 	4.526726 	2.695946 	0.625500 	2.423324 	3.945013 	4.579370 	2.818244 	4.443042 	0.575543 	4.177693 	2.405203 	0.141421 	4.065249 	2.655772 	2.678852 	2.744312 	2.777139 	3.961139 	4.155192 	
0.403113 	0.325960 	1.480920 	1.007782 	1.020416 	0.158114 	2.046033 	0.152069 	0.930054 	0.103078 	0.945053 	2.044658 	2.172124 	2.098809 	0.575543 	0.419076 	2.028084 	2.764281 	2.695946 	2.335193 	1.610318 	2.265502 	2.627975 	9.000000 	0.176777 	2.774549 	1.556639 	2.717191 	1.634205 	2.649764 	2.193171 	0.075000 	2.067003 	0.257391 	1.470757 	2.249028 	0.190394 	2.068363 	2.136001 	1.736555 	0.302076 	2.583844 	1.595306 	0.125000 	0.141421 	0.158114 	0.176777 	1.450216 	1.677982 	
0.325960 	0.250000 	1.320275 	1.179248 	1.192686 	0.176777 	2.214723 	0.313249 	1.105102 	0.103078 	1.120547 	1.898848 	2.026234 	1.952242 	0.715891 	0.371652 	2.199574 	2.930017 	2.862364 	2.174425 	1.442437 	2.103865 	2.795085 	0.176777 	9.000000 	2.940769 	1.386768 	2.884549 	1.464795 	2.817801 	2.028854 	0.134629 	2.239699 	0.430116 	1.299279 	2.084616 	0.070711 	1.901480 	2.308950 	1.566246 	0.471699 	2.753634 	1.423464 	0.230489 	0.226385 	0.176777 	0.158114 	1.275980 	1.505199 	
2.920295 	2.902693 	3.978850 	1.773415 	1.764405 	2.795644 	0.735272 	2.627975 	1.873666 	2.839894 	1.865811 	4.315669 	4.424506 	4.369282 	2.251250 	2.857009 	0.785016 	0.025000 	0.079057 	4.737747 	4.166083 	4.685416 	0.152069 	2.774549 	2.940769 	9.000000 	4.140048 	0.079057 	4.205503 	0.152069 	4.653292 	2.842974 	0.776611 	2.572086 	4.080441 	4.705582 	2.964899 	4.571925 	0.725000 	4.310742 	2.554530 	0.261008 	4.200074 	2.804015 	2.827212 	2.892339 	2.925000 	4.098323 	4.290105 	
