Total assets = 560
Number of asset nodes = 33

Distance:
999.000000 	3.605551 	2.236068 	5.000000 	38.078865 	39.446167 	4.123106 	6.082763 	45.276924 	39.812057 	7.211102 	70.000000 	68.242218 	71.028160 	73.817345 	85.603737 	79.611557 	84.628601 	88.005684 	84.314888 	21.000000 	22.135944 	25.000000 	27.073973 	86.954010 	41.109608 	26.683329 	29.000000 	28.284271 	28.160255 	41.340054 	30.594116 	60.299255 	40.706264 	61.204575 	42.544094 	63.387695 	34.132095 	37.656342 	48.010414 	66.483078 	76.157730 	66.272163 	43.863426 	48.383881 	66.189125 	47.010635 	45.617977 	65.069191 	63.000000 	70.455658 	51.923019 	49.396355 	
3.605551 	999.000000 	5.099020 	8.246211 	41.677334 	43.046486 	7.071068 	9.055386 	48.877399 	43.382023 	9.219544 	73.600273 	71.847061 	74.632431 	77.420929 	89.202019 	83.216583 	88.232651 	91.607857 	87.920418 	19.235384 	21.470911 	24.166092 	25.019993 	90.553848 	37.643059 	25.632011 	27.166155 	26.925823 	27.313000 	38.078865 	29.410883 	63.505905 	37.576588 	64.381676 	39.357338 	66.610809 	32.557640 	35.227829 	44.654228 	69.720871 	79.555016 	69.462219 	40.853397 	50.695168 	69.354164 	43.829212 	42.544094 	68.183578 	66.030296 	73.681747 	54.341511 	51.546097 	
2.236068 	5.099020 	999.000000 	3.162278 	36.891735 	38.275318 	2.000000 	4.000000 	44.102154 	38.470768 	5.000000 	69.028976 	67.201187 	70.000000 	72.801102 	84.646324 	78.492035 	83.600243 	87.005745 	83.234612 	20.099751 	20.615528 	23.537205 	26.305893 	85.755463 	41.725292 	25.317978 	28.071337 	27.073973 	26.683329 	41.617306 	29.274563 	58.420887 	40.816662 	59.304298 	42.720020 	61.522354 	33.015148 	37.107952 	48.414875 	64.629715 	74.464760 	64.381676 	43.829212 	46.173584 	64.280632 	47.169907 	45.650848 	63.126858 	61.008198 	68.593002 	49.729267 	47.169907 	
5.000000 	8.246211 	3.162278 	999.000000 	33.837849 	35.227829 	1.414214 	1.414214 	41.048752 	35.355339 	4.123106 	66.068146 	64.202805 	67.007462 	69.814041 	81.688431 	75.451973 	80.603973 	84.023804 	80.212219 	21.587032 	21.095022 	24.083189 	27.892651 	82.680107 	44.553337 	26.019224 	29.427877 	28.017851 	27.166155 	44.204071 	30.016663 	55.326305 	43.266617 	56.222771 	45.221676 	58.420887 	34.058773 	38.897301 	51.088158 	61.522354 	71.309189 	61.294373 	46.141087 	43.657761 	61.204575 	49.648766 	48.020828 	60.074955 	58.000000 	65.490456 	47.127487 	44.777225 	
38.078865 	41.677334 	36.891735 	33.837849 	999.000000 	1.414214 	35.227829 	33.600594 	7.211102 	3.605551 	35.468296 	32.526913 	30.479502 	33.301651 	36.124783 	48.104053 	41.617306 	46.861500 	50.328918 	46.400433 	51.855568 	47.707443 	50.249378 	57.801384 	48.877399 	78.102493 	52.478565 	58.249462 	55.226807 	52.354561 	77.077881 	55.946404 	29.966648 	75.690155 	31.304953 	77.794601 	32.310989 	60.901562 	68.818604 	84.172440 	34.785053 	41.012192 	35.468296 	77.987175 	36.400551 	35.846897 	82.073135 	80.056229 	35.777088 	35.510563 	38.600517 	37.121422 	39.217342 	
39.446167 	43.046486 	38.275318 	35.227829 	1.414214 	999.000000 	36.619667 	35.000000 	5.830952 	3.605551 	36.878178 	31.112698 	29.068884 	31.890438 	34.713108 	46.690472 	40.224369 	45.453274 	48.918301 	45.000000 	53.263496 	49.091751 	51.623638 	59.203041 	47.507893 	79.511009 	53.851646 	59.640591 	56.603886 	53.712196 	78.492035 	57.306194 	29.529646 	77.103828 	30.886890 	79.208588 	31.780497 	62.265560 	70.213959 	85.586212 	34.176014 	40.049969 	34.928497 	79.397736 	37.000000 	35.341194 	83.486526 	81.467789 	35.355339 	35.227829 	37.947330 	37.576588 	39.849716 	
4.123106 	7.071068 	2.000000 	1.414214 	35.227829 	36.619667 	999.000000 	2.000000 	42.438190 	36.715118 	3.605551 	67.475922 	65.604881 	68.410522 	71.217972 	83.096329 	76.843994 	82.006096 	85.428329 	81.608826 	20.396078 	20.223749 	23.194826 	26.683329 	84.059502 	43.139309 	25.079872 	28.284271 	27.000000 	26.305893 	42.801868 	29.068884 	56.435802 	41.880783 	57.314919 	43.829212 	59.539902 	33.015148 	37.643059 	49.678970 	62.649822 	72.532753 	62.393909 	44.777225 	44.271889 	62.289646 	48.259712 	46.647614 	61.131008 	59.008472 	66.610809 	47.801674 	45.310043 	
6.082763 	9.055386 	4.000000 	1.414214 	33.600594 	35.000000 	2.000000 	999.000000 	40.804413 	34.985710 	3.000000 	65.946945 	64.031242 	66.843102 	69.656296 	81.565926 	75.213028 	80.430092 	83.868942 	80.000000 	20.880613 	20.024984 	23.021729 	27.202942 	82.377182 	44.598206 	25.000000 	28.635643 	27.073973 	26.076809 	44.045429 	29.000000 	54.451813 	43.011627 	55.326305 	45.000000 	57.558666 	33.136082 	38.275318 	50.990196 	60.671246 	70.604530 	60.406952 	45.793011 	42.379242 	60.299255 	49.406479 	47.707443 	59.135437 	57.008770 	64.629715 	45.880280 	43.462627 	
45.276924 	48.877399 	44.102154 	41.048752 	7.211102 	5.830952 	42.438190 	40.804413 	999.000000 	6.708204 	42.638012 	25.495098 	23.345236 	26.172504 	29.000000 	41.012192 	34.409302 	39.698868 	43.185646 	39.204590 	58.796257 	54.405884 	56.859474 	64.660652 	41.677334 	85.276024 	59.076221 	65.000000 	61.854668 	58.830265 	84.172440 	62.433964 	27.018513 	82.734512 	28.425341 	84.852814 	28.844410 	67.416618 	75.604233 	91.285271 	30.886890 	35.355339 	31.906113 	84.958817 	38.639359 	32.449963 	89.106674 	87.045967 	32.802441 	33.241539 	34.438351 	38.600517 	41.593269 	
39.812057 	43.382023 	38.470768 	35.355339 	3.605551 	3.605551 	36.715118 	34.985710 	6.708204 	999.000000 	36.619667 	32.015621 	29.732138 	32.557640 	35.383614 	47.423622 	40.459858 	45.967381 	49.497475 	45.343136 	52.345009 	47.801674 	50.219517 	58.137768 	47.434166 	79.202271 	52.430908 	58.412327 	55.217751 	52.153618 	77.897369 	55.758408 	26.400757 	76.380623 	27.730848 	78.517517 	28.792360 	60.745369 	69.028976 	85.041168 	31.320919 	38.013157 	31.953091 	78.517517 	33.526108 	32.310989 	82.734512 	80.622574 	32.202484 	31.906113 	35.171009 	34.014702 	36.400551 	
7.211102 	9.219544 	5.000000 	4.123106 	35.468296 	36.878178 	3.605551 	3.000000 	42.638012 	36.619667 	999.000000 	67.941154 	65.946945 	68.767723 	71.589104 	83.546394 	77.006493 	82.328613 	85.796272 	81.835197 	18.027756 	17.029387 	20.024984 	24.351591 	84.053551 	42.638012 	22.000000 	25.709921 	24.083189 	23.086792 	41.773197 	26.000000 	54.918121 	40.607880 	55.731499 	42.638012 	58.051701 	30.149628 	35.468296 	48.795490 	61.188232 	71.470276 	60.827625 	43.266617 	41.484936 	60.671246 	47.010635 	45.221676 	59.413803 	57.140179 	65.115280 	45.122055 	42.379242 	
70.000000 	73.600273 	69.028976 	66.068146 	32.526913 	31.112698 	67.475922 	65.946945 	25.495098 	32.015621 	67.941154 	999.000000 	3.000000 	2.236068 	4.123106 	15.620500 	11.045361 	14.764823 	18.027756 	14.866069 	84.291161 	79.812279 	82.200974 	90.138779 	19.104973 	110.535065 	84.403793 	90.426765 	87.200920 	84.053551 	109.603828 	87.658424 	36.221542 	108.208130 	37.336308 	110.317726 	35.693138 	92.655273 	101.044548 	116.691902 	35.440090 	30.000000 	37.363083 	110.453613 	57.870544 	38.327538 	114.586212 	112.538879 	40.024994 	42.579338 	36.769554 	56.320511 	60.827625 	
68.242218 	71.847061 	67.201187 	64.202805 	30.479502 	29.068884 	65.604881 	64.031242 	23.345236 	29.732138 	65.946945 	3.000000 	999.000000 	2.828427 	5.656854 	17.691807 	11.704700 	16.401220 	19.849434 	16.124516 	82.073135 	77.466118 	79.812279 	87.863533 	19.646883 	108.577164 	82.006096 	88.090858 	84.811554 	81.608826 	107.517441 	85.211502 	33.241539 	106.066017 	34.365681 	108.189651 	32.756680 	90.210861 	98.716766 	114.629837 	32.572994 	27.658634 	34.481880 	108.245094 	54.918121 	35.440090 	112.432205 	110.344917 	37.107952 	39.623226 	34.014702 	53.338543 	57.870544 	
71.028160 	74.632431 	70.000000 	67.007462 	33.301651 	31.890438 	68.410522 	66.843102 	26.172504 	32.557640 	68.767723 	2.236068 	2.828427 	999.000000 	2.828427 	14.866069 	9.219544 	13.601471 	17.029387 	13.416408 	84.899940 	80.280754 	82.619614 	90.686272 	17.262676 	111.395691 	84.811554 	90.906548 	87.618492 	84.403793 	110.344917 	88.005684 	35.057095 	108.894447 	36.124783 	111.018013 	34.365681 	93.005379 	101.533249 	117.456375 	33.955853 	28.017851 	35.902645 	111.072052 	57.271286 	36.878178 	115.260574 	113.172432 	38.639359 	41.303753 	35.114101 	55.578773 	60.207973 	
73.817345 	77.420929 	72.801102 	69.814041 	36.124783 	34.713108 	71.217972 	69.656296 	29.000000 	35.383614 	71.589104 	4.123106 	5.656854 	2.828427 	999.000000 	12.041595 	7.000000 	10.816654 	14.212670 	10.770329 	87.726852 	83.096329 	85.428329 	93.509361 	15.033297 	114.214706 	87.618492 	93.723000 	90.426765 	87.200920 	113.172432 	90.801979 	37.000000 	111.722870 	38.013157 	113.846390 	36.124783 	95.801880 	104.350372 	120.282997 	35.510563 	28.653097 	37.483330 	113.899078 	59.665737 	38.470768 	118.088951 	116.000000 	40.311287 	43.104523 	36.400551 	57.870544 	62.585941 	
85.603737 	89.202019 	84.646324 	81.688431 	48.104053 	46.690472 	83.096329 	81.565926 	41.012192 	47.423622 	83.546394 	15.620500 	17.691807 	14.866069 	12.041595 	999.000000 	9.055386 	3.162278 	3.000000 	5.385165 	99.764725 	95.131485 	97.452553 	105.550934 	10.630146 	126.150703 	99.639351 	105.759163 	102.449989 	99.201813 	125.175873 	102.800781 	46.690472 	123.745705 	47.518417 	125.865005 	45.276924 	107.800743 	116.387283 	132.276230 	44.045429 	34.525352 	46.043457 	125.936493 	70.519501 	47.042534 	130.115326 	128.035156 	49.091751 	52.239830 	44.045429 	68.410522 	73.375748 	
79.611557 	83.216583 	78.492035 	75.451973 	41.617306 	40.224369 	76.843994 	75.213028 	34.409302 	40.459858 	77.006493 	11.045361 	11.704700 	9.219544 	7.000000 	9.055386 	999.000000 	6.324555 	9.848858 	5.000000 	92.655273 	87.726852 	89.938866 	98.290382 	8.062258 	119.632774 	92.097771 	98.351410 	94.921021 	91.547798 	118.342720 	95.131485 	37.656342 	116.777565 	38.470768 	118.928551 	36.221542 	100.124924 	108.977058 	125.495018 	35.014282 	25.961510 	37.013512 	118.802361 	61.684681 	38.013157 	123.109711 	120.933868 	40.049969 	43.185646 	35.128338 	59.481091 	64.513565 	
84.628601 	88.232651 	83.600243 	80.603973 	46.861500 	45.453274 	82.006096 	80.430092 	39.698868 	45.967381 	82.328613 	14.764823 	16.401220 	13.601471 	10.816654 	3.162278 	6.324555 	999.000000 	3.605551 	2.236068 	98.290382 	93.509361 	95.775780 	104.004807 	7.810250 	124.963997 	97.948967 	104.139328 	100.767059 	97.452553 	123.842644 	101.044548 	43.931767 	122.347862 	44.721359 	124.482933 	42.426407 	106.042442 	114.769333 	130.969467 	41.109608 	31.400637 	43.104523 	124.458832 	68.007355 	44.102154 	128.701202 	126.574089 	46.173584 	49.365982 	41.012192 	65.802734 	70.837845 	
88.005684 	91.607857 	87.005745 	84.023804 	50.328918 	48.918301 	85.428329 	83.868942 	43.185646 	49.497475 	85.796272 	18.027756 	19.849434 	17.029387 	14.212670 	3.000000 	9.848858 	3.605551 	999.000000 	5.099020 	101.833199 	97.082436 	99.357941 	107.563934 	8.944272 	128.425079 	101.533249 	107.712578 	104.350372 	101.044548 	127.349915 	104.637466 	47.296936 	125.872955 	48.052055 	128.003906 	45.705578 	109.635757 	118.342720 	134.469330 	44.283180 	34.132095 	46.270943 	128.003906 	71.512238 	47.265209 	132.230865 	130.115326 	49.365982 	52.611786 	44.011364 	69.260376 	74.330345 	
84.314888 	87.920418 	83.234612 	80.212219 	46.400433 	45.000000 	81.608826 	80.000000 	39.204590 	45.343136 	81.835197 	14.866069 	16.124516 	13.416408 	10.770329 	5.385165 	5.000000 	2.236068 	5.099020 	999.000000 	97.590981 	92.698433 	94.921021 	103.247276 	5.830952 	124.470879 	97.082436 	103.324730 	99.904953 	96.540146 	123.239601 	100.124924 	42.201897 	121.696342 	42.953465 	123.842644 	40.607880 	105.118980 	113.951744 	130.384048 	39.204590 	29.274563 	41.194660 	123.745705 	66.483078 	42.190044 	128.035156 	125.872955 	44.283180 	47.518417 	39.000000 	64.195015 	69.289246 	
21.000000 	19.235384 	20.099751 	21.587032 	51.855568 	53.263496 	20.396078 	20.880613 	58.796257 	52.345009 	18.027756 	84.291161 	82.073135 	84.899940 	87.726852 	99.764725 	92.655273 	98.290382 	101.833199 	97.590981 	999.000000 	7.000000 	7.615773 	6.324555 	99.247169 	28.792360 	7.810250 	8.000000 	8.062258 	10.000000 	26.076809 	10.816654 	65.795135 	24.207438 	66.309875 	26.400757 	68.942001 	13.341664 	17.464249 	33.286633 	72.090218 	83.648071 	71.309189 	26.172504 	46.389652 	70.936592 	30.479502 	28.284271 	69.289246 	66.407829 	75.769386 	50.487621 	46.097721 	
22.135944 	21.470911 	20.615528 	21.095022 	47.707443 	49.091751 	20.223749 	20.024984 	54.405884 	47.801674 	17.029387 	79.812279 	77.466118 	80.280754 	83.096329 	95.131485 	87.726852 	93.509361 	97.082436 	92.698433 	7.000000 	999.000000 	3.000000 	10.816654 	94.069122 	35.440090 	5.099020 	10.630146 	7.615773 	6.082763 	32.202484 	9.055386 	59.481091 	30.016663 	59.933296 	32.249031 	62.609905 	13.601471 	21.260292 	39.357338 	65.741920 	77.524193 	64.884514 	31.400637 	39.458839 	64.474800 	36.055511 	33.600594 	62.769421 	59.808025 	69.354164 	43.566040 	39.115215 	
25.000000 	24.166092 	23.537205 	24.083189 	50.249378 	51.623638 	23.194826 	23.021729 	56.859474 	50.219517 	20.024984 	82.200974 	79.812279 	82.619614 	85.428329 	97.452553 	89.938866 	95.775780 	99.357941 	94.921021 	7.615773 	3.000000 	999.000000 	9.486833 	96.166519 	34.713108 	2.236068 	8.602325 	5.000000 	3.162278 	31.016125 	6.082763 	60.901562 	28.635643 	61.294373 	30.870699 	64.007812 	10.770329 	19.104973 	38.078865 	67.119293 	79.075912 	66.189125 	29.681644 	40.024994 	65.741920 	34.481880 	31.906113 	63.976559 	60.926186 	70.661163 	44.147480 	39.458839 	
27.073973 	25.019993 	26.305893 	27.892651 	57.801384 	59.203041 	26.683329 	27.202942 	64.660652 	58.137768 	24.351591 	90.138779 	87.863533 	90.686272 	93.509361 	105.550934 	98.290382 	104.004807 	107.563934 	103.247276 	6.324555 	10.816654 	9.486833 	999.000000 	104.737770 	25.317978 	8.062258 	2.828427 	6.082763 	10.000000 	21.540659 	8.544003 	70.235321 	19.235384 	70.661163 	21.470911 	73.355301 	8.602325 	11.180340 	28.635643 	76.478752 	88.323273 	75.584389 	20.615528 	49.477268 	75.153175 	25.238859 	22.803509 	73.409805 	70.384659 	80.056229 	53.600372 	48.836460 	
86.954010 	90.553848 	85.755463 	82.680107 	48.877399 	47.507893 	84.059502 	82.377182 	41.677334 	47.434166 	84.053551 	19.104973 	19.646883 	17.262676 	15.033297 	10.630146 	8.062258 	7.810250 	8.944272 	5.830952 	99.247169 	94.069122 	96.166519 	104.737770 	999.000000 	126.605690 	98.290382 	104.661362 	101.118744 	97.621719 	125.099960 	101.178062 	40.853397 	123.434196 	41.436699 	125.606529 	38.897301 	106.150833 	115.260574 	132.279999 	37.107952 	26.019224 	39.051247 	125.319588 	65.741920 	40.024994 	129.726639 	127.475487 	42.201897 	45.607018 	36.345562 	63.158531 	68.447060 	
41.109608 	37.643059 	41.725292 	44.553337 	78.102493 	79.511009 	43.139309 	44.598206 	85.276024 	79.202271 	42.638012 	110.535065 	108.577164 	111.395691 	114.214706 	126.150703 	119.632774 	124.963997 	128.425079 	124.470879 	28.792360 	35.440090 	34.713108 	25.317978 	126.605690 	999.000000 	33.376640 	27.073973 	31.144823 	35.227829 	6.403124 	33.015148 	94.540993 	9.433981 	95.078911 	8.485281 	97.693398 	30.149628 	20.880613 	8.062258 	100.846420 	112.258629 	100.089958 	12.727922 	74.732857 	99.724625 	10.770329 	12.206555 	98.081596 	95.189285 	104.546638 	78.854294 	74.148499 	
26.683329 	25.632011 	25.317978 	26.019224 	52.478565 	53.851646 	25.079872 	25.000000 	59.076221 	52.430908 	22.000000 	84.403793 	82.006096 	84.811554 	87.618492 	99.639351 	92.097771 	97.948967 	101.533249 	97.082436 	7.810250 	5.099020 	2.236068 	8.062258 	98.290382 	33.376640 	999.000000 	6.708204 	2.828427 	2.236068 	29.410883 	4.000000 	62.769421 	26.925823 	63.134777 	29.154760 	65.863495 	8.544003 	17.029387 	36.400551 	68.963760 	80.993828 	68.000000 	27.784887 	41.484936 	67.535179 	32.649654 	30.016663 	65.741920 	62.649822 	72.470680 	45.607018 	40.792156 	
29.000000 	27.166155 	28.071337 	29.427877 	58.249462 	59.640591 	28.284271 	28.635643 	65.000000 	58.412327 	25.709921 	90.426765 	88.090858 	90.906548 	93.723000 	105.759163 	98.351410 	104.139328 	107.712578 	103.324730 	8.000000 	10.630146 	8.602325 	2.828427 	104.661362 	27.073973 	6.708204 	999.000000 	4.123106 	8.246211 	22.803509 	6.082763 	69.462219 	20.248457 	69.835518 	22.472204 	72.560318 	5.830952 	10.630146 	29.732138 	75.663727 	87.664131 	74.706093 	21.095022 	48.083260 	74.242844 	25.942244 	23.323807 	72.449982 	69.354164 	79.177017 	52.201534 	47.296936 	
28.284271 	26.925823 	27.073973 	28.017851 	55.226807 	56.603886 	27.000000 	27.073973 	61.854668 	55.217751 	24.083189 	87.200920 	84.811554 	87.618492 	90.426765 	102.449989 	94.921021 	100.767059 	104.350372 	99.904953 	8.062258 	7.615773 	5.000000 	6.082763 	101.118744 	31.144823 	2.828427 	4.123106 	999.000000 	4.123106 	26.925823 	2.828427 	65.513359 	24.351591 	65.863495 	26.570660 	68.600288 	6.082763 	14.212670 	33.837849 	71.693794 	83.761566 	70.710678 	25.059929 	43.965897 	70.235321 	29.966648 	27.294687 	68.425140 	65.306969 	75.179787 	48.083260 	43.174065 	
28.160255 	27.313000 	26.683329 	27.166155 	52.354561 	53.712196 	26.305893 	26.076809 	58.830265 	52.153618 	23.086792 	84.053551 	81.608826 	84.403793 	87.200920 	99.201813 	91.547798 	97.452553 	101.044548 	96.540146 	10.000000 	6.082763 	3.162278 	10.000000 	97.621719 	35.227829 	2.236068 	8.246211 	4.123106 	999.000000 	31.048349 	3.605551 	61.587337 	28.460499 	61.911228 	30.675724 	64.660652 	8.602325 	18.027756 	37.947330 	67.742157 	79.881165 	66.730804 	29.068884 	39.849716 	66.241982 	34.014702 	31.304953 	64.412735 	61.269894 	71.196907 	43.965897 	39.051247 	
41.340054 	38.078865 	41.617306 	44.204071 	77.077881 	78.492035 	42.801868 	44.045429 	84.172440 	77.897369 	41.773197 	109.603828 	107.517441 	110.344917 	113.172432 	125.175873 	118.342720 	123.842644 	127.349915 	123.239601 	26.076809 	32.202484 	31.016125 	21.540659 	125.099960 	6.403124 	29.410883 	22.803509 	26.925823 	31.048349 	999.000000 	28.442924 	91.678787 	3.162278 	92.135773 	2.236068 	94.810333 	25.019993 	15.132746 	7.211102 	97.943863 	109.658562 	97.082436 	6.403124 	70.880180 	96.664368 	6.082763 	6.324555 	94.936821 	91.923882 	101.552940 	75.000000 	70.092796 	
30.594116 	29.410883 	29.274563 	30.016663 	55.946404 	57.306194 	29.068884 	29.000000 	62.433964 	55.758408 	26.000000 	87.658424 	85.211502 	88.005684 	90.801979 	102.800781 	95.131485 	101.044548 	104.637466 	100.124924 	10.816654 	9.055386 	6.082763 	8.544003 	101.178062 	33.015148 	4.000000 	6.082763 	2.828427 	3.605551 	28.442924 	999.000000 	64.899925 	25.709921 	65.192024 	27.892651 	67.955872 	5.000000 	14.764823 	35.171009 	71.021126 	83.234612 	69.971420 	26.000000 	42.720020 	69.462219 	31.016125 	28.231188 	67.601776 	64.412735 	74.431175 	46.818798 	41.761227 	
60.299255 	63.505905 	58.420887 	55.326305 	29.966648 	29.529646 	56.435802 	54.451813 	27.018513 	26.400757 	54.918121 	36.221542 	33.241539 	35.057095 	37.000000 	46.690472 	37.656342 	43.931767 	47.296936 	42.201897 	65.795135 	59.481091 	60.901562 	70.235321 	40.853397 	94.540993 	62.769421 	69.462219 	65.513359 	61.587337 	91.678787 	64.899925 	999.000000 	89.470665 	1.414214 	91.706055 	3.162278 	69.634758 	79.611557 	98.838249 	6.324555 	18.439089 	6.000000 	90.553848 	25.238859 	6.082763 	95.383438 	92.784698 	5.830952 	6.708204 	10.198039 	22.360680 	27.784887 	
40.706264 	37.576588 	40.816662 	43.266617 	75.690155 	77.103828 	41.880783 	43.011627 	82.734512 	76.380623 	40.607880 	108.208130 	106.066017 	108.894447 	111.722870 	123.745705 	116.777565 	122.347862 	125.872955 	121.696342 	24.207438 	30.016663 	28.635643 	19.235384 	123.434196 	9.433981 	26.925823 	20.248457 	24.351591 	28.460499 	3.162278 	25.709921 	89.470665 	999.000000 	89.894379 	2.236068 	92.590500 	22.090721 	12.041595 	9.486833 	95.713112 	107.540688 	94.810333 	4.123106 	68.308128 	94.371605 	6.403124 	5.099020 	92.612091 	89.554451 	99.282425 	72.422371 	67.446274 	
61.204575 	64.381676 	59.304298 	56.222771 	31.304953 	30.886890 	57.314919 	55.326305 	28.425341 	27.730848 	55.731499 	37.336308 	34.365681 	36.124783 	38.013157 	47.518417 	38.470768 	44.721359 	48.052055 	42.953465 	66.309875 	59.933296 	61.294373 	70.661163 	41.436699 	95.078911 	63.134777 	69.835518 	65.863495 	61.911228 	92.135773 	65.192024 	1.414214 	89.894379 	999.000000 	92.130341 	2.828427 	69.892776 	79.924965 	99.282425 	5.830952 	18.384777 	5.099020 	90.917542 	25.000000 	5.000000 	95.770561 	93.150414 	4.472136 	5.385165 	9.486833 	21.954498 	27.459061 	
42.544094 	39.357338 	42.720020 	45.221676 	77.794601 	79.208588 	43.829212 	45.000000 	84.852814 	78.517517 	42.638012 	110.317726 	108.189651 	111.018013 	113.846390 	125.865005 	118.928551 	124.482933 	128.003906 	123.842644 	26.400757 	32.249031 	30.870699 	21.470911 	125.606529 	8.485281 	29.154760 	22.472204 	26.570660 	30.675724 	2.236068 	27.892651 	91.706055 	2.236068 	92.130341 	999.000000 	94.826157 	24.186773 	14.000000 	7.280110 	97.948967 	109.772491 	97.046379 	4.242640 	70.519501 	96.607452 	4.472136 	4.123106 	94.847244 	91.787796 	101.518471 	74.632431 	69.641945 	
63.387695 	66.610809 	61.522354 	58.420887 	32.310989 	31.780497 	59.539902 	57.558666 	28.844410 	28.792360 	58.051701 	35.693138 	32.756680 	34.365681 	36.124783 	45.276924 	36.221542 	42.426407 	45.705578 	40.607880 	68.942001 	62.609905 	64.007812 	73.355301 	38.897301 	97.693398 	65.863495 	72.560318 	68.600288 	64.660652 	94.810333 	67.955872 	3.162278 	92.590500 	2.828427 	94.826157 	999.000000 	72.670486 	82.680107 	101.965683 	3.162278 	15.556349 	3.162278 	93.648277 	27.802877 	3.605551 	98.488579 	95.880135 	4.472136 	7.000000 	7.071068 	24.698177 	30.232433 	
34.132095 	32.557640 	33.015148 	34.058773 	60.901562 	62.265560 	33.015148 	33.136082 	67.416618 	60.745369 	30.149628 	92.655273 	90.210861 	93.005379 	95.801880 	107.800743 	100.124924 	106.042442 	109.635757 	105.118980 	13.341664 	13.601471 	10.770329 	8.602325 	106.150833 	30.149628 	8.544003 	5.830952 	6.082763 	8.602325 	25.019993 	5.000000 	69.634758 	22.090721 	69.892776 	24.186773 	72.670486 	999.000000 	10.440307 	31.400637 	75.716576 	88.005684 	74.625732 	21.840330 	47.010635 	74.094536 	26.925823 	24.041630 	72.201111 	68.963760 	79.075912 	51.078373 	45.880280 	
37.656342 	35.227829 	37.107952 	38.897301 	68.818604 	70.213959 	37.643059 	38.275318 	75.604233 	69.028976 	35.468296 	101.044548 	98.716766 	101.533249 	104.350372 	116.387283 	108.977058 	114.769333 	118.342720 	113.951744 	17.464249 	21.260292 	19.104973 	11.180340 	115.260574 	20.880613 	17.029387 	10.630146 	14.212670 	18.027756 	15.132746 	14.764823 	79.611557 	12.041595 	79.924965 	14.000000 	82.680107 	10.440307 	999.000000 	21.095022 	85.755463 	97.908119 	84.723076 	11.401754 	57.384666 	84.219948 	16.492422 	13.601471 	82.365044 	79.177017 	89.185204 	61.465439 	56.302753 	
48.010414 	44.654228 	48.414875 	51.088158 	84.172440 	85.586212 	49.678970 	50.990196 	91.285271 	85.041168 	48.795490 	116.691902 	114.629837 	117.456375 	120.282997 	132.276230 	125.495018 	130.969467 	134.469330 	130.384048 	33.286633 	39.357338 	38.078865 	28.635643 	132.279999 	8.062258 	36.400551 	29.732138 	33.837849 	37.947330 	7.211102 	35.171009 	98.838249 	9.486833 	99.282425 	7.280110 	101.965683 	31.400637 	21.095022 	999.000000 	105.095192 	116.846054 	104.216118 	10.049875 	77.794601 	103.788246 	5.385165 	8.246211 	102.044106 	99.005051 	108.687622 	81.908485 	76.922035 	
66.483078 	69.720871 	64.629715 	61.522354 	34.785053 	34.176014 	62.649822 	60.671246 	30.886890 	31.320919 	61.188232 	35.440090 	32.572994 	33.955853 	35.510563 	44.045429 	35.014282 	41.109608 	44.283180 	39.204590 	72.090218 	65.741920 	67.119293 	76.478752 	37.107952 	100.846420 	68.963760 	75.663727 	71.693794 	67.742157 	97.943863 	71.021126 	6.324555 	95.713112 	5.830952 	97.948967 	3.162278 	75.716576 	85.755463 	105.095192 	999.000000 	12.806249 	2.000000 	96.747093 	30.479502 	3.000000 	101.597244 	98.979797 	5.099020 	8.544003 	4.000000 	27.202942 	32.802441 	
76.157730 	79.555016 	74.464760 	71.309189 	41.012192 	40.049969 	72.532753 	70.604530 	35.355339 	38.013157 	71.470276 	30.000000 	27.658634 	28.017851 	28.653097 	34.525352 	25.961510 	31.400637 	34.132095 	29.274563 	83.648071 	77.524193 	79.075912 	88.323273 	26.019224 	112.258629 	80.993828 	87.664131 	83.761566 	79.881165 	109.658562 	83.234612 	18.439089 	107.540688 	18.384777 	109.772491 	15.556349 	88.005684 	97.908119 	116.846054 	12.806249 	999.000000 	14.422205 	108.756607 	43.278172 	15.264338 	113.534134 	110.981979 	17.492855 	21.095022 	10.770329 	40.000000 	45.607018 	
66.272163 	69.462219 	64.381676 	61.294373 	35.468296 	34.928497 	62.393909 	60.406952 	31.906113 	31.953091 	60.827625 	37.363083 	34.481880 	35.902645 	37.483330 	46.043457 	37.013512 	43.104523 	46.270943 	41.194660 	71.309189 	64.884514 	66.189125 	75.584389 	39.051247 	100.089958 	68.000000 	74.706093 	70.710678 	66.730804 	97.082436 	69.971420 	6.000000 	94.810333 	5.099020 	97.046379 	3.162278 	74.625732 	84.723076 	104.216118 	2.000000 	14.422205 	999.000000 	95.770561 	29.000000 	1.000000 	100.647903 	98.005104 	3.162278 	6.708204 	4.472136 	25.612497 	31.240999 	
43.863426 	40.853397 	43.829212 	46.141087 	77.987175 	79.397736 	44.777225 	45.793011 	84.958817 	78.517517 	43.266617 	110.453613 	108.245094 	111.072052 	113.899078 	125.936493 	118.802361 	124.458832 	128.003906 	123.745705 	26.172504 	31.400637 	29.681644 	20.615528 	125.319588 	12.727922 	27.784887 	21.095022 	25.059929 	29.068884 	6.403124 	26.000000 	90.553848 	4.123106 	90.917542 	4.242640 	93.648277 	21.840330 	11.401754 	10.049875 	96.747093 	108.756607 	95.770561 	999.000000 	68.709534 	95.294281 	5.099020 	2.236068 	93.477272 	90.338257 	100.239716 	72.801102 	67.675697 	
48.383881 	50.695168 	46.173584 	43.657761 	36.400551 	37.000000 	44.271889 	42.379242 	38.639359 	33.526108 	41.484936 	57.870544 	54.918121 	57.271286 	59.665737 	70.519501 	61.684681 	68.007355 	71.512238 	66.483078 	46.389652 	39.458839 	40.024994 	49.477268 	65.741920 	74.732857 	41.484936 	48.083260 	43.965897 	39.849716 	70.880180 	42.720020 	25.238859 	68.308128 	25.000000 	70.519501 	27.802877 	47.010635 	57.384666 	77.794601 	30.479502 	43.278172 	29.000000 	68.709534 	999.000000 	28.284271 	73.736015 	70.936592 	26.172504 	22.671568 	33.241539 	4.123106 	3.000000 	
66.189125 	69.354164 	64.280632 	61.204575 	35.846897 	35.341194 	62.289646 	60.299255 	32.449963 	32.310989 	60.671246 	38.327538 	35.440090 	36.878178 	38.470768 	47.042534 	38.013157 	44.102154 	47.265209 	42.190044 	70.936592 	64.474800 	65.741920 	75.153175 	40.024994 	99.724625 	67.535179 	74.242844 	70.235321 	66.241982 	96.664368 	69.462219 	6.082763 	94.371605 	5.000000 	96.607452 	3.605551 	74.094536 	84.219948 	103.788246 	3.000000 	15.264338 	1.000000 	95.294281 	28.284271 	999.000000 	100.184830 	97.529480 	2.236068 	5.830952 	5.000000 	24.839485 	30.479502 	
47.010635 	43.829212 	47.169907 	49.648766 	82.073135 	83.486526 	48.259712 	49.406479 	89.106674 	82.734512 	47.010635 	114.586212 	112.432205 	115.260574 	118.088951 	130.115326 	123.109711 	128.701202 	132.230865 	128.035156 	30.479502 	36.055511 	34.481880 	25.238859 	129.726639 	10.770329 	32.649654 	25.942244 	29.966648 	34.014702 	6.082763 	31.016125 	95.383438 	6.403124 	95.770561 	4.472136 	98.488579 	26.925823 	16.492422 	5.385165 	101.597244 	113.534134 	100.647903 	5.099020 	73.736015 	100.184830 	999.000000 	3.000000 	98.386993 	95.273293 	105.118980 	77.833153 	72.732384 	
45.617977 	42.544094 	45.650848 	48.020828 	80.056229 	81.467789 	46.647614 	47.707443 	87.045967 	80.622574 	45.221676 	112.538879 	110.344917 	113.172432 	116.000000 	128.035156 	120.933868 	126.574089 	130.115326 	125.872955 	28.284271 	33.600594 	31.906113 	22.803509 	127.475487 	12.206555 	30.016663 	23.323807 	27.294687 	31.304953 	6.324555 	28.231188 	92.784698 	5.099020 	93.150414 	4.123106 	95.880135 	24.041630 	13.601471 	8.246211 	98.979797 	110.981979 	98.005104 	2.236068 	70.936592 	97.529480 	3.000000 	999.000000 	95.713112 	92.574295 	102.474388 	75.026665 	69.892776 	
65.069191 	68.183578 	63.126858 	60.074955 	35.777088 	35.355339 	61.131008 	59.135437 	32.802441 	32.202484 	59.413803 	40.024994 	37.107952 	38.639359 	40.311287 	49.091751 	40.049969 	46.173584 	49.365982 	44.283180 	69.289246 	62.769421 	63.976559 	73.409805 	42.201897 	98.081596 	65.741920 	72.449982 	68.425140 	64.412735 	94.936821 	67.601776 	5.830952 	92.612091 	4.472136 	94.847244 	4.472136 	72.201111 	82.365044 	102.044106 	5.099020 	17.492855 	3.162278 	93.477272 	26.172504 	2.236068 	98.386993 	95.713112 	999.000000 	3.605551 	7.071068 	22.671568 	28.319605 	
63.000000 	66.030296 	61.008198 	58.000000 	35.510563 	35.227829 	59.008472 	57.008770 	33.241539 	31.906113 	57.140179 	42.579338 	39.623226 	41.303753 	43.104523 	52.239830 	43.185646 	49.365982 	52.611786 	47.518417 	66.407829 	59.808025 	60.926186 	70.384659 	45.607018 	95.189285 	62.649822 	69.354164 	65.306969 	61.269894 	91.923882 	64.412735 	6.708204 	89.554451 	5.385165 	91.787796 	7.000000 	68.963760 	79.177017 	99.005051 	8.544003 	21.095022 	6.708204 	90.338257 	22.671568 	5.830952 	95.273293 	92.574295 	3.605551 	999.000000 	10.630146 	19.104973 	24.758837 	
70.455658 	73.681747 	68.593002 	65.490456 	38.600517 	37.947330 	66.610809 	64.629715 	34.438351 	35.171009 	65.115280 	36.769554 	34.014702 	35.114101 	36.400551 	44.045429 	35.128338 	41.012192 	44.011364 	39.000000 	75.769386 	69.354164 	70.661163 	80.056229 	36.345562 	104.546638 	72.470680 	79.177017 	75.179787 	71.196907 	101.552940 	74.431175 	10.198039 	99.282425 	9.486833 	101.518471 	7.071068 	79.075912 	89.185204 	108.687622 	4.000000 	10.770329 	4.472136 	100.239716 	33.241539 	5.000000 	105.118980 	102.474388 	7.071068 	10.630146 	999.000000 	29.732138 	35.383614 	
51.923019 	54.341511 	49.729267 	47.127487 	37.121422 	37.576588 	47.801674 	45.880280 	38.600517 	34.014702 	45.122055 	56.320511 	53.338543 	55.578773 	57.870544 	68.410522 	59.481091 	65.802734 	69.260376 	64.195015 	50.487621 	43.566040 	44.147480 	53.600372 	63.158531 	78.854294 	45.607018 	52.201534 	48.083260 	43.965897 	75.000000 	46.818798 	22.360680 	72.422371 	21.954498 	74.632431 	24.698177 	51.078373 	61.465439 	81.908485 	27.202942 	40.000000 	25.612497 	72.801102 	4.123106 	24.839485 	77.833153 	75.026665 	22.671568 	19.104973 	29.732138 	999.000000 	5.656854 	
49.396355 	51.546097 	47.169907 	44.777225 	39.217342 	39.849716 	45.310043 	43.462627 	41.593269 	36.400551 	42.379242 	60.827625 	57.870544 	60.207973 	62.585941 	73.375748 	64.513565 	70.837845 	74.330345 	69.289246 	46.097721 	39.115215 	39.458839 	48.836460 	68.447060 	74.148499 	40.792156 	47.296936 	43.174065 	39.051247 	70.092796 	41.761227 	27.784887 	67.446274 	27.459061 	69.641945 	30.232433 	45.880280 	56.302753 	76.922035 	32.802441 	45.607018 	31.240999 	67.675697 	3.000000 	30.479502 	72.732384 	69.892776 	28.319605 	24.758837 	35.383614 	5.656854 	999.000000 	

Travel time:
9.000000 	0.090139 	0.055902 	0.125000 	0.951972 	0.986154 	0.103078 	0.152069 	1.131923 	0.995301 	0.180278 	1.750000 	1.706055 	1.775704 	1.845434 	2.140093 	1.990289 	2.115715 	2.200142 	2.107872 	0.525000 	0.553399 	0.625000 	0.676849 	2.173850 	1.027740 	0.667083 	0.725000 	0.707107 	0.704006 	1.033501 	0.764853 	1.507481 	1.017657 	1.530114 	1.063602 	1.584692 	0.853302 	0.941409 	1.200260 	1.662077 	1.903943 	1.656804 	1.096586 	1.209597 	1.654728 	1.175266 	1.140449 	1.626730 	1.575000 	1.761391 	1.298075 	1.234909 	
0.090139 	9.000000 	0.127475 	0.206155 	1.041933 	1.076162 	0.176777 	0.226385 	1.221935 	1.084551 	0.230489 	1.840007 	1.796177 	1.865811 	1.935523 	2.230051 	2.080415 	2.205816 	2.290196 	2.198010 	0.480885 	0.536773 	0.604152 	0.625500 	2.263846 	0.941076 	0.640800 	0.679154 	0.673146 	0.682825 	0.951972 	0.735272 	1.587648 	0.939415 	1.609542 	0.983933 	1.665270 	0.813941 	0.880696 	1.116356 	1.743022 	1.988875 	1.736555 	1.021335 	1.267379 	1.733854 	1.095730 	1.063602 	1.704589 	1.650757 	1.842044 	1.358538 	1.288652 	
0.055902 	0.127475 	9.000000 	0.079057 	0.922293 	0.956883 	0.050000 	0.100000 	1.102554 	0.961769 	0.125000 	1.725724 	1.680030 	1.750000 	1.820028 	2.116158 	1.962301 	2.090006 	2.175144 	2.080865 	0.502494 	0.515388 	0.588430 	0.657647 	2.143887 	1.043132 	0.632949 	0.701783 	0.676849 	0.667083 	1.040433 	0.731864 	1.460522 	1.020416 	1.482607 	1.068001 	1.538059 	0.825379 	0.927699 	1.210372 	1.615743 	1.861619 	1.609542 	1.095730 	1.154340 	1.607016 	1.179248 	1.141271 	1.578171 	1.525205 	1.714825 	1.243232 	1.179248 	
0.125000 	0.206155 	0.079057 	9.000000 	0.845946 	0.880696 	0.035355 	0.035355 	1.026219 	0.883883 	0.103078 	1.651704 	1.605070 	1.675187 	1.745351 	2.042211 	1.886299 	2.015099 	2.100595 	2.005306 	0.539676 	0.527376 	0.602080 	0.697316 	2.067003 	1.113833 	0.650481 	0.735697 	0.700446 	0.679154 	1.105102 	0.750417 	1.383158 	1.081665 	1.405569 	1.130542 	1.460522 	0.851469 	0.972432 	1.277204 	1.538059 	1.782730 	1.532359 	1.153527 	1.091444 	1.530114 	1.241219 	1.200521 	1.501874 	1.450000 	1.637261 	1.178187 	1.119431 	
0.951972 	1.041933 	0.922293 	0.845946 	9.000000 	0.035355 	0.880696 	0.840015 	0.180278 	0.090139 	0.886707 	0.813173 	0.761988 	0.832541 	0.903120 	1.202601 	1.040433 	1.171538 	1.258223 	1.160011 	1.296389 	1.192686 	1.256234 	1.445035 	1.221935 	1.952562 	1.311964 	1.456237 	1.380670 	1.308864 	1.926947 	1.398660 	0.749166 	1.892254 	0.782624 	1.944865 	0.807775 	1.522539 	1.720465 	2.104311 	0.869626 	1.025305 	0.886707 	1.949679 	0.910014 	0.896172 	2.051828 	2.001406 	0.894427 	0.887764 	0.965013 	0.928036 	0.980434 	
0.986154 	1.076162 	0.956883 	0.880696 	0.035355 	9.000000 	0.915492 	0.875000 	0.145774 	0.090139 	0.921954 	0.777817 	0.726722 	0.797261 	0.867828 	1.167262 	1.005609 	1.136332 	1.222957 	1.125000 	1.331587 	1.227294 	1.290591 	1.480076 	1.187697 	1.987775 	1.346291 	1.491015 	1.415097 	1.342805 	1.962301 	1.432655 	0.738241 	1.927596 	0.772172 	1.980215 	0.794512 	1.556639 	1.755349 	2.139655 	0.854400 	1.001249 	0.873212 	1.984943 	0.925000 	0.883530 	2.087163 	2.036695 	0.883883 	0.880696 	0.948683 	0.939415 	0.996243 	
0.103078 	0.176777 	0.050000 	0.035355 	0.880696 	0.915492 	9.000000 	0.050000 	1.060955 	0.917878 	0.090139 	1.686898 	1.640122 	1.710263 	1.780449 	2.077408 	1.921100 	2.050152 	2.135708 	2.040221 	0.509902 	0.505594 	0.579871 	0.667083 	2.101488 	1.078483 	0.626997 	0.707107 	0.675000 	0.657647 	1.070047 	0.726722 	1.410895 	1.047020 	1.432873 	1.095730 	1.488497 	0.825379 	0.941076 	1.241974 	1.566246 	1.813319 	1.559848 	1.119431 	1.106797 	1.557241 	1.206493 	1.166190 	1.528275 	1.475212 	1.665270 	1.195042 	1.132751 	
0.152069 	0.226385 	0.100000 	0.035355 	0.840015 	0.875000 	0.050000 	9.000000 	1.020110 	0.874643 	0.075000 	1.648674 	1.600781 	1.671077 	1.741407 	2.039148 	1.880326 	2.010752 	2.096724 	2.000000 	0.522015 	0.500625 	0.575543 	0.680074 	2.059430 	1.114955 	0.625000 	0.715891 	0.676849 	0.651920 	1.101136 	0.725000 	1.361295 	1.075291 	1.383158 	1.125000 	1.438967 	0.828402 	0.956883 	1.274755 	1.516781 	1.765113 	1.510174 	1.144825 	1.059481 	1.507481 	1.235162 	1.192686 	1.478386 	1.425219 	1.615743 	1.147007 	1.086566 	
1.131923 	1.221935 	1.102554 	1.026219 	0.180278 	0.145774 	1.060955 	1.020110 	9.000000 	0.167705 	1.065950 	0.637377 	0.583631 	0.654313 	0.725000 	1.025305 	0.860233 	0.992472 	1.079641 	0.980115 	1.469906 	1.360147 	1.421487 	1.616516 	1.041933 	2.131901 	1.476906 	1.625000 	1.546367 	1.470757 	2.104311 	1.560849 	0.675463 	2.068363 	0.710634 	2.121320 	0.721110 	1.685416 	1.890106 	2.282132 	0.772172 	0.883883 	0.797653 	2.123971 	0.965984 	0.811249 	2.227667 	2.176149 	0.820061 	0.831038 	0.860959 	0.965013 	1.039832 	
0.995301 	1.084551 	0.961769 	0.883883 	0.090139 	0.090139 	0.917878 	0.874643 	0.167705 	9.000000 	0.915492 	0.800391 	0.743303 	0.813941 	0.884590 	1.185591 	1.011496 	1.149184 	1.237437 	1.133578 	1.308625 	1.195042 	1.255488 	1.453444 	1.185854 	1.980057 	1.310773 	1.460308 	1.380444 	1.303840 	1.947434 	1.393960 	0.660019 	1.909516 	0.693271 	1.962938 	0.719809 	1.518634 	1.725724 	2.126029 	0.783023 	0.950329 	0.798827 	1.962938 	0.838153 	0.807775 	2.068363 	2.015564 	0.805062 	0.797653 	0.879275 	0.850368 	0.910014 	
0.180278 	0.230489 	0.125000 	0.103078 	0.886707 	0.921954 	0.090139 	0.075000 	1.065950 	0.915492 	9.000000 	1.698529 	1.648674 	1.719193 	1.789728 	2.088660 	1.925162 	2.058215 	2.144907 	2.045880 	0.450694 	0.425735 	0.500625 	0.608790 	2.101339 	1.065950 	0.550000 	0.642748 	0.602080 	0.577170 	1.044330 	0.650000 	1.372953 	1.015197 	1.393287 	1.065950 	1.451293 	0.753741 	0.886707 	1.219887 	1.529706 	1.786757 	1.520691 	1.081665 	1.037123 	1.516781 	1.175266 	1.130542 	1.485345 	1.428504 	1.627882 	1.128051 	1.059481 	
1.750000 	1.840007 	1.725724 	1.651704 	0.813173 	0.777817 	1.686898 	1.648674 	0.637377 	0.800391 	1.698529 	9.000000 	0.075000 	0.055902 	0.103078 	0.390512 	0.276134 	0.369121 	0.450694 	0.371652 	2.107279 	1.995307 	2.055024 	2.253469 	0.477624 	2.763377 	2.110095 	2.260669 	2.180023 	2.101339 	2.740096 	2.191461 	0.905539 	2.705203 	0.933408 	2.757943 	0.892328 	2.316382 	2.526114 	2.917298 	0.886002 	0.750000 	0.934077 	2.761340 	1.446764 	0.958188 	2.864655 	2.813472 	1.000625 	1.064483 	0.919239 	1.408013 	1.520691 	
1.706055 	1.796177 	1.680030 	1.605070 	0.761988 	0.726722 	1.640122 	1.600781 	0.583631 	0.743303 	1.648674 	0.075000 	9.000000 	0.070711 	0.141421 	0.442295 	0.292617 	0.410031 	0.496236 	0.403113 	2.051828 	1.936653 	1.995307 	2.196588 	0.491172 	2.714429 	2.050152 	2.202271 	2.120289 	2.040221 	2.687936 	2.130288 	0.831038 	2.651650 	0.859142 	2.704741 	0.818917 	2.255271 	2.467919 	2.865746 	0.814325 	0.691466 	0.862047 	2.706127 	1.372953 	0.886002 	2.810805 	2.758623 	0.927699 	0.990581 	0.850368 	1.333464 	1.446764 	
1.775704 	1.865811 	1.750000 	1.675187 	0.832541 	0.797261 	1.710263 	1.671077 	0.654313 	0.813941 	1.719193 	0.055902 	0.070711 	9.000000 	0.070711 	0.371652 	0.230489 	0.340037 	0.425735 	0.335410 	2.122499 	2.007019 	2.065490 	2.267157 	0.431567 	2.784892 	2.120289 	2.272664 	2.190462 	2.110095 	2.758623 	2.200142 	0.876427 	2.722361 	0.903120 	2.775450 	0.859142 	2.325135 	2.538331 	2.936409 	0.848896 	0.700446 	0.897566 	2.776801 	1.431782 	0.921954 	2.881514 	2.829311 	0.965984 	1.032594 	0.877853 	1.389469 	1.505199 	
1.845434 	1.935523 	1.820028 	1.745351 	0.903120 	0.867828 	1.780449 	1.741407 	0.725000 	0.884590 	1.789728 	0.103078 	0.141421 	0.070711 	9.000000 	0.301040 	0.175000 	0.270416 	0.355317 	0.269258 	2.193171 	2.077408 	2.135708 	2.337734 	0.375832 	2.855368 	2.190462 	2.343075 	2.260669 	2.180023 	2.829311 	2.270050 	0.925000 	2.793072 	0.950329 	2.846160 	0.903120 	2.395047 	2.608759 	3.007075 	0.887764 	0.716327 	0.937083 	2.847477 	1.491643 	0.961769 	2.952224 	2.900000 	1.007782 	1.077613 	0.910014 	1.446764 	1.564649 	
2.140093 	2.230051 	2.116158 	2.042211 	1.202601 	1.167262 	2.077408 	2.039148 	1.025305 	1.185591 	2.088660 	0.390512 	0.442295 	0.371652 	0.301040 	9.000000 	0.226385 	0.079057 	0.075000 	0.134629 	2.494118 	2.378287 	2.436314 	2.638773 	0.265754 	3.153768 	2.490984 	2.643979 	2.561250 	2.480045 	3.129397 	2.570019 	1.167262 	3.093643 	1.187960 	3.146625 	1.131923 	2.695019 	2.909682 	3.306906 	1.101136 	0.863134 	1.151086 	3.148412 	1.762987 	1.176063 	3.252883 	3.200879 	1.227294 	1.305996 	1.101136 	1.710263 	1.834394 	
