UB = 940
M = 90

Distance:
999.000000 	5.000000 	67.201187 	40.311287 	93.648277 	69.656296 	44.654228 	41.340054 	42.520584 	98.615417 	68.876701 	85.000000 	58.668560 	37.576588 	40.261642 	72.897186 	27.513634 	35.846897 	10.440307 	38.418747 	67.535179 	46.861500 	8.062258 	89.627007 	61.057350 	59.464275 	50.606323 	35.777088 	61.854668 	20.024984 	80.062477 	20.000000 	30.528675 	18.248287 	53.823788 	24.351591 	44.294468 	67.424034 	78.032043 	20.024984 	22.360680 	17.029387 	46.957428 	18.027756 	98.858482 	34.928497 	52.354561 	21.189621 	109.201645 	49.769470 	32.756680 	38.327538 	61.294373 	51.264023 	57.271286 	48.083260 	32.249031 	33.136082 	63.953106 	65.000000 	38.470768 	58.249462 	53.235325 	45.541191 	52.009613 	50.159744 	64.776543 	67.186310 	
5.000000 	999.000000 	72.201111 	45.254833 	98.615417 	74.652527 	39.962482 	36.715118 	47.423622 	103.585716 	64.474800 	89.899948 	54.120235 	42.485291 	36.496574 	77.826729 	32.310989 	40.718548 	6.000000 	33.600594 	63.071388 	51.739735 	7.615773 	94.625580 	56.435802 	64.381676 	55.443665 	40.311287 	57.140179 	23.537205 	75.584389 	23.345236 	25.553865 	21.023796 	58.600342 	19.646883 	48.877399 	62.681736 	73.430237 	16.124516 	18.027756 	16.643316 	51.478149 	17.029387 	103.855667 	38.897301 	56.938564 	18.867962 	114.201576 	54.129475 	28.284271 	41.976185 	65.863495 	55.542778 	61.717098 	52.201534 	35.000000 	36.013885 	68.476273 	69.354164 	35.171009 	62.096699 	56.718605 	48.093658 	55.081757 	53.000000 	68.447060 	70.007141 	
67.201187 	72.201111 	999.000000 	28.231188 	27.892651 	4.000000 	110.317726 	106.775467 	27.202942 	32.572994 	132.136292 	23.345236 	123.166557 	31.240999 	101.671036 	13.038404 	41.773197 	33.421551 	77.103828 	104.804581 	131.244049 	24.331051 	70.830788 	22.472204 	125.936493 	14.560220 	23.000000 	38.832977 	127.287079 	56.648037 	143.533966 	57.584721 	97.652443 	61.098282 	23.345236 	90.735878 	33.015148 	132.943604 	142.425415 	84.599052 	87.817993 	73.006851 	33.060551 	75.239616 	31.827662 	46.389652 	29.614185 	81.024689 	42.011902 	35.510563 	98.005104 	49.040798 	28.653097 	36.878178 	32.310989 	40.447498 	58.549126 	57.428215 	30.232433 	35.227829 	98.081596 	45.310043 	50.695168 	61.204575 	56.293873 	58.855755 	50.119858 	64.884514 	
40.311287 	45.254833 	28.231188 	999.000000 	55.973209 	30.016663 	84.646324 	81.215759 	3.000000 	60.745369 	107.912003 	49.497475 	98.229324 	14.317822 	77.897369 	37.215588 	20.099751 	15.811388 	49.678970 	78.644768 	106.780151 	7.280110 	43.011627 	50.537113 	100.801788 	19.209373 	11.401754 	12.369317 	101.828285 	28.460499 	119.268608 	29.410883 	70.292244 	32.893768 	15.297058 	63.007935 	12.206555 	107.447662 	117.643532 	56.603886 	59.908264 	44.777225 	14.764823 	47.010635 	59.076221 	20.615528 	17.262676 	52.801514 	69.641945 	19.235384 	69.971420 	24.698177 	25.019993 	21.470911 	23.345236 	22.022715 	32.140316 	31.257000 	28.017851 	31.144823 	69.892776 	32.249031 	33.241539 	38.483765 	37.013512 	38.275318 	39.357338 	50.328918 	
93.648277 	98.615417 	27.892651 	55.973209 	999.000000 	27.166155 	135.247925 	131.654846 	55.081757 	5.000000 	155.569916 	11.704700 	147.322769 	56.302753 	125.207825 	21.260292 	66.850578 	58.249462 	103.831596 	130.207520 	154.896744 	52.172791 	97.943863 	9.433981 	150.233154 	41.109608 	50.487621 	66.708321 	151.855194 	84.433403 	166.877197 	85.381500 	124.169243 	88.865067 	50.089920 	117.647781 	60.530983 	157.492859 	166.243790 	111.825760 	114.934761 	100.657837 	60.207973 	102.883430 	15.524175 	74.148499 	56.008926 	108.632408 	19.924858 	62.008064 	125.239769 	76.531036 	52.469040 	63.007935 	57.218880 	67.007462 	86.313385 	85.158676 	52.952808 	57.489128 	125.865005 	69.720871 	76.236473 	88.022728 	82.152298 	85.052925 	73.006851 	88.294960 	
69.656296 	74.652527 	4.000000 	30.016663 	27.166155 	999.000000 	113.145920 	109.622078 	28.635643 	31.575306 	135.247925 	24.351591 	126.150703 	34.409302 	104.809349 	15.556349 	44.821869 	36.619667 	79.404030 	107.517441 	134.316788 	25.298222 	72.945183 	20.615528 	128.887543 	14.000000 	23.345236 	39.849716 	130.176804 	58.180752 	146.649246 	59.093147 	100.000000 	62.649822 	23.000000 	92.913940 	33.376640 	135.830780 	145.454468 	86.608315 	89.888817 	74.686012 	33.060551 	76.922035 	29.206163 	47.074409 	29.068884 	82.734512 	39.661064 	35.057095 	99.985001 	49.365982 	26.925823 	36.221542 	31.048349 	40.049969 	59.228371 	58.051701 	28.178005 	33.120991 	99.538940 	43.965897 	49.819675 	61.008198 	55.578773 	58.309521 	48.332184 	63.324562 	
44.654228 	39.962482 	110.317726 	84.646324 	135.247925 	113.145920 	999.000000 	3.605551 	87.005745 	140.246216 	25.495098 	125.431259 	14.560220 	79.309517 	15.132746 	114.017540 	68.680420 	77.233414 	37.161808 	7.071068 	23.769728 	91.400215 	44.777225 	132.382019 	16.552946 	103.855667 	95.210297 	80.262070 	17.204651 	62.649822 	36.055511 	62.241467 	21.023796 	59.236813 	98.473343 	29.068884 	88.836929 	22.803509 	33.541019 	36.345562 	33.136082 	49.477268 	91.416626 	48.052055 	142.144287 	78.294319 	96.896851 	44.283180 	152.161102 	93.941475 	30.805843 	80.777473 	105.815880 	95.257545 	101.597244 	91.706055 	72.124893 	73.375748 	108.406639 	109.128365 	44.922153 	101.019798 	94.868332 	83.952370 	92.179176 	89.498604 	106.892471 	105.905617 	
41.340054 	36.715118 	106.775467 	81.215759 	131.654846 	109.622078 	3.605551 	999.000000 	83.600243 	136.652847 	28.160255 	121.827744 	17.464249 	75.742989 	12.649111 	110.421921 	65.115280 	73.661385 	34.176014 	5.385165 	26.570660 	88.005684 	41.785164 	128.817703 	19.723083 	100.424103 	91.836815 	77.025970 	20.615528 	59.615433 	39.000000 	59.236813 	19.416489 	56.302753 	95.131485 	27.018513 	85.586212 	26.248810 	36.715118 	34.058773 	31.000000 	46.872166 	88.192970 	45.541191 	138.600143 	75.239616 	93.648277 	42.047592 	148.600128 	90.785461 	29.732138 	77.833153 	102.576797 	92.135773 	98.412399 	88.639717 	69.375786 	70.604530 	105.190300 	105.990562 	44.011364 	98.081596 	92.048897 	81.394104 	89.498604 	86.884979 	104.043259 	103.406960 	
42.520584 	47.423622 	27.202942 	3.000000 	55.081757 	28.635643 	87.005745 	83.600243 	999.000000 	59.774578 	110.453613 	49.162994 	100.687637 	17.088007 	80.529495 	37.013512 	23.086792 	18.681541 	51.662365 	80.919716 	109.293182 	4.472136 	44.821869 	49.244289 	103.227905 	16.970562 	8.544003 	12.000000 	104.201729 	29.546574 	121.794907 	30.463093 	72.249565 	34.014702 	12.369317 	64.815125 	9.899495 	109.808922 	120.104118 	58.249462 	61.611687 	46.065170 	12.206555 	48.301140 	57.454330 	20.099751 	14.317822 	54.120235 	68.095520 	16.643316 	71.561165 	23.769728 	22.022715 	18.867962 	20.396078 	19.798990 	32.000000 	31.016125 	25.019993 	28.160255 	70.936592 	29.681644 	31.144823 	37.336308 	35.227829 	36.715118 	36.715118 	48.104053 	
98.615417 	103.585716 	32.572994 	60.745369 	5.000000 	31.575306 	140.246216 	136.652847 	59.774578 	999.000000 	160.527252 	16.124516 	152.305618 	61.294373 	130.176804 	26.248810 	71.847061 	63.245552 	108.784187 	135.207245 	159.862442 	56.753853 	102.859123 	12.165525 	155.219193 	45.398239 	54.918121 	71.309189 	156.847061 	89.196411 	171.828400 	90.138779 	129.139465 	93.637596 	54.332310 	122.588745 	64.938431 	162.483841 	171.213318 	116.730461 	119.854080 	105.475113 	64.498062 	107.703293 	14.422205 	78.644768 	60.133186 	113.463654 	16.124516 	66.121101 	130.146072 	80.894997 	56.142673 	67.029846 	61.032780 	71.112587 	90.801979 	89.627007 	56.435802 	60.827625 	130.633072 	73.334846 	80.056229 	92.135773 	86.023254 	89.000000 	76.295479 	91.591484 	
68.876701 	64.474800 	132.136292 	107.912003 	155.569916 	135.247925 	25.495098 	28.160255 	110.453613 	160.527252 	999.000000 	145.096527 	11.045361 	100.895988 	30.479502 	134.350296 	90.426765 	98.716766 	62.297672 	32.557640 	2.236068 	114.908661 	69.892776 	153.639191 	10.198039 	127.027557 	118.848640 	104.651802 	12.083046 	87.664131 	11.401754 	87.315521 	46.173584 	84.433403 	122.298813 	54.451813 	113.145920 	11.401754 	11.180340 	61.814240 	58.549126 	74.953316 	115.831772 	73.545906 	163.783386 	103.247276 	121.198181 	69.720871 	173.415680 	118.595955 	55.036350 	105.948097 	130.142227 	120.016663 	126.142776 	116.619041 	97.529480 	98.762344 	132.823196 	133.824509 	68.468971 	126.194298 	120.208153 	109.444046 	117.630775 	114.978256 	132.196823 	131.400146 	
85.000000 	89.899948 	23.345236 	49.497475 	11.704700 	24.351591 	125.431259 	121.827744 	49.162994 	16.124516 	145.096527 	999.000000 	137.131317 	47.423622 	114.865135 	12.369317 	57.706154 	49.193497 	95.341492 	120.652390 	144.499130 	47.000000 	89.888817 	16.492422 	140.089264 	37.854988 	46.173584 	61.131008 	141.820312 	77.665955 	156.348969 	78.644768 	115.381973 	82.000000 	46.690472 	109.251999 	56.080299 	147.434738 	155.878159 	103.817146 	106.775467 	93.407707 	56.320511 	95.603348 	26.000000 	69.028976 	52.952808 	101.242287 	31.622776 	58.855755 	117.175079 	72.027771 	51.264023 	60.207973 	55.362442 	63.788715 	81.098709 	80.056229 	52.392746 	57.271286 	118.848640 	68.308128 	73.979729 	84.480766 	79.624115 	82.200974 	72.615425 	87.664131 	
58.668560 	54.120235 	123.166557 	98.229324 	147.322769 	126.150703 	14.560220 	17.464249 	100.687637 	152.305618 	11.045361 	137.131317 	999.000000 	91.967384 	22.472204 	126.063477 	81.394104 	89.827614 	51.623638 	21.587032 	9.219544 	105.118980 	59.236813 	144.958618 	3.162278 	117.413795 	109.000000 	94.413979 	6.000000 	77.077881 	21.540659 	76.694199 	35.128338 	73.736015 	112.361023 	43.416588 	102.956299 	10.770329 	19.416489 	50.803543 	47.518417 	64.031242 	105.588821 	62.585941 	154.935471 	92.703827 	111.018013 	58.694122 	164.757401 	108.226616 	44.102154 	95.273293 	119.954155 	109.590149 	115.836090 	106.103722 	86.683334 	87.931793 	122.588745 	123.438240 	57.706154 	115.520561 	109.416634 	98.488579 	106.737999 	104.048065 	121.433105 	120.415947 	
37.576588 	42.485291 	31.240999 	14.317822 	56.302753 	34.409302 	79.309517 	75.742989 	17.088007 	61.294373 	100.895988 	47.423622 	91.967384 	999.000000 	70.434364 	35.355339 	10.630146 	2.236068 	47.927029 	74.027023 	100.004997 	20.396078 	42.720020 	53.075417 	94.762863 	28.635643 	24.186773 	24.083189 	96.176918 	33.241539 	112.294258 	34.234486 	68.000000 	37.054016 	28.160255 	61.846584 	26.419689 	101.833199 	111.198021 	56.612720 	59.464275 	47.265209 	29.068884 	49.365982 	62.968246 	31.622776 	31.320919 	54.744862 	72.862885 	33.541019 	69.892776 	36.400551 	38.327538 	35.777088 	37.363083 	36.055511 	41.231056 	40.718548 	41.303753 	44.911022 	72.691124 	46.529560 	47.010635 	50.219517 	50.209560 	50.990196 	53.665630 	64.202805 	
40.261642 	36.496574 	101.671036 	77.897369 	125.207825 	104.809349 	15.132746 	12.649111 	80.529495 	130.176804 	30.479502 	114.865135 	22.472204 	70.434364 	999.000000 	103.966339 	60.000000 	68.249542 	36.000000 	16.643316 	29.698484 	85.000000 	43.104523 	123.166557 	25.553865 	96.896851 	89.005615 	75.610847 	27.730848 	60.016663 	41.868843 	59.841457 	28.017851 	57.428215 	92.574295 	33.615471 	83.934502 	33.120991 	41.036568 	39.293766 	37.000000 	50.089920 	86.729462 	49.254440 	133.304169 	75.186432 	91.923882 	47.074409 	142.947540 	89.810913 	38.832977 	78.447433 	100.846420 	91.394745 	97.144226 	88.323273 	71.253067 	72.339478 	103.619499 	105.004761 	53.000000 	98.488579 	93.214806 	84.053551 	91.443970 	89.202019 	104.923782 	106.117859 	
72.897186 	77.826729 	13.038404 	37.215588 	21.260292 	15.556349 	114.017540 	110.421921 	37.013512 	26.248810 	134.350296 	12.369317 	126.063477 	35.355339 	103.966339 	999.000000 	45.793011 	37.215588 	83.192551 	109.041275 	133.660019 	35.128338 	77.620872 	20.615528 	128.972870 	27.313000 	34.713108 	49.010204 	130.598618 	65.306969 	145.670868 	66.287254 	103.353760 	69.634758 	35.735138 	97.082436 	44.407207 	136.235092 	145.000000 	91.547798 	94.540993 	81.043198 	44.911022 	83.240616 	31.384710 	57.008770 	42.059483 	88.887573 	39.661064 	47.801674 	104.923782 	60.207973 	41.677334 	49.335587 	45.188496 	52.630791 	69.007248 	68.000000 	43.266617 	48.259712 	106.480042 	58.180752 	63.245552 	72.993149 	68.680420 	71.063354 	63.134777 	77.820305 	
27.513634 	32.310989 	41.773197 	20.099751 	66.850578 	44.821869 	68.680420 	65.115280 	23.086792 	71.847061 	90.426765 	57.706154 	81.394104 	10.630146 	60.000000 	45.793011 	999.000000 	8.602325 	37.947330 	63.411354 	89.498604 	27.294687 	33.376640 	63.702435 	84.172440 	37.696156 	31.400637 	25.079872 	85.562843 	27.313000 	101.828285 	28.231188 	57.697487 	30.364452 	35.355339 	51.865211 	30.413813 	91.219513 	100.657837 	47.074409 	49.729267 	39.051247 	33.376640 	41.012192 	73.552704 	30.805843 	37.013512 	46.043457 	83.486526 	37.656342 	60.166435 	35.805027 	45.099888 	39.812057 	43.046486 	38.897301 	37.802116 	37.643059 	48.093658 	51.009804 	64.070274 	50.000000 	48.754486 	48.836460 	50.774010 	50.803543 	57.280014 	65.764732 	
35.846897 	40.718548 	33.421551 	15.811388 	58.249462 	36.619667 	77.233414 	73.661385 	18.681541 	63.245552 	98.716766 	49.193497 	89.827614 	2.236068 	68.249542 	37.215588 	8.602325 	999.000000 	46.238514 	72.006943 	97.836601 	22.203604 	41.231056 	55.172459 	92.633690 	30.805843 	26.076809 	24.758837 	94.069122 	32.557640 	110.113579 	33.541019 	66.189125 	36.221542 	30.066593 	60.166435 	27.730848 	99.724625 	109.041275 	55.081757 	57.870544 	46.097721 	30.463093 	48.166378 	65.115280 	32.015621 	32.984844 	53.460266 	74.966660 	34.928497 	68.308128 	36.878178 	40.199501 	37.161808 	39.051247 	37.215588 	41.146080 	40.706264 	43.185646 	46.690472 	71.449280 	47.853943 	48.010414 	50.606323 	50.990196 	51.623638 	55.036350 	65.215027 	
10.440307 	6.000000 	77.103828 	49.678970 	103.831596 	79.404030 	37.161808 	34.176014 	51.662365 	108.784187 	62.297672 	95.341492 	51.623638 	47.927029 	36.000000 	83.192551 	37.947330 	46.238514 	999.000000 	30.413813 	60.745369 	55.865910 	7.615773 	99.569069 	53.712196 	68.622154 	59.413803 	43.600460 	54.120235 	25.495098 	73.164200 	25.079872 	20.615528 	22.135944 	62.369865 	13.928389 	52.201534 	59.539902 	70.682388 	10.198039 	12.041595 	14.317822 	54.644306 	13.928389 	108.600182 	41.146080 	60.216278 	14.142136 	119.037811 	56.938564 	22.360680 	43.657761 	69.065186 	58.180752 	64.660652 	54.561890 	35.510563 	36.674240 	71.561165 	72.069412 	29.410883 	63.906181 	57.974133 	48.093658 	55.731499 	53.338543 	69.921387 	70.178345 	
38.418747 	33.600594 	104.804581 	78.644768 	130.207520 	107.517441 	7.071068 	5.385165 	80.919716 	135.207245 	32.557640 	120.652390 	21.587032 	74.027023 	16.643316 	109.041275 	63.411354 	72.006943 	30.413813 	999.000000 	30.805843 	85.276024 	38.013157 	127.015747 	23.409399 	97.836601 	89.022469 	73.783470 	23.706539 	55.901699 	43.011627 	55.461697 	14.142136 	52.392746 	92.200867 	22.022715 	82.377182 	29.154760 	40.311287 	29.274563 	26.076809 	42.449970 	84.905830 	41.000000 	136.619904 	71.554176 	90.426765 	37.215588 	146.754898 	87.321243 	24.351591 	73.925636 	99.322708 	88.588936 	95.015785 	84.970581 	65.145988 	66.407829 	101.872467 	102.474388 	38.626415 	94.154129 	87.920418 	76.902534 	85.164543 	82.462112 	99.959991 	98.843307 	
67.535179 	63.071388 	131.244049 	106.780151 	154.896744 	134.316788 	23.769728 	26.570660 	109.293182 	159.862442 	2.236068 	144.499130 	9.219544 	100.004997 	29.698484 	133.660019 	89.498604 	97.836601 	60.745369 	30.805843 	999.000000 	113.740936 	68.352028 	152.839783 	8.062258 	125.924583 	117.660530 	103.310211 	9.848858 	86.162636 	12.529964 	85.796272 	44.283180 	82.873398 	121.078484 	52.611786 	111.825760 	9.433981 	11.401754 	60.016663 	56.718605 	73.246162 	114.490173 	71.805290 	162.935577 	101.769348 	119.883278 	67.896980 	172.626770 	117.200684 	53.009434 	104.403069 	128.825470 	118.595955 	124.775803 	115.156418 	95.880135 	97.123634 	131.487640 	132.423569 	66.370171 	124.651512 	118.595955 	107.707939 	115.948265 	113.265175 	130.602448 	129.634094 	
46.861500 	51.739735 	24.331051 	7.280110 	52.172791 	25.298222 	91.400215 	88.005684 	4.472136 	56.753853 	114.908661 	47.000000 	105.118980 	20.396078 	85.000000 	35.128338 	27.294687 	22.203604 	55.865910 	85.276024 	113.740936 	999.000000 	48.918301 	45.880280 	107.647575 	12.806249 	4.123106 	14.560220 	108.600182 	33.120991 	126.245789 	34.000000 	76.419891 	37.589893 	8.062258 	68.883957 	9.486833 	114.201576 	124.535133 	62.201286 	65.604881 	49.739319 	10.816654 	51.971146 	53.712196 	22.090721 	11.180340 	57.801384 	64.412735 	14.866069 	75.451973 	25.079872 	18.027756 	16.970562 	17.088007 	18.867962 	34.234486 	33.136082 	21.023796 	24.515301 	74.323616 	27.658634 	30.232433 	38.078865 	34.885529 	36.769554 	34.409302 	46.754681 	
8.062258 	7.615773 	70.830788 	43.011627 	97.943863 	72.945183 	44.777225 	41.785164 	44.821869 	102.859123 	69.892776 	89.888817 	59.236813 	42.720020 	43.104523 	77.620872 	33.376640 	41.231056 	7.615773 	38.013157 	68.352028 	48.918301 	999.000000 	93.295227 	61.326992 	61.717098 	52.345009 	36.235340 	61.717098 	17.888544 	80.777473 	17.464249 	27.586229 	14.560220 	55.172459 	20.000000 	44.821869 	67.119293 	78.294319 	13.928389 	17.000000 	9.219544 	47.201694 	10.000000 	102.078400 	33.541019 	52.801514 	13.341664 	112.605507 	49.396355 	27.313000 	36.055511 	61.611687 	50.606323 	57.140179 	46.957428 	28.160255 	29.274563 	64.070274 	64.498062 	31.064449 	56.302753 	50.447994 	41.000000 	48.373547 	46.097721 	62.361847 	63.031738 	
89.627007 	94.625580 	22.472204 	50.537113 	9.433981 	20.615528 	132.382019 	128.817703 	49.244289 	12.165525 	153.639191 	16.492422 	144.958618 	53.075417 	123.166557 	20.615528 	63.702435 	55.172459 	99.569069 	127.015747 	152.839783 	45.880280 	93.295227 	999.000000 	147.787003 	33.955853 	43.680660 	60.406952 	149.241409 	78.790863 	165.012115 	79.705711 	120.104118 	83.258636 	42.755116 	113.207771 	53.600372 	154.896744 	164.103622 	107.042046 	110.276924 	95.273293 	52.952808 	97.508972 	10.770329 	67.446274 	48.373547 	103.315056 	19.798990 	54.332310 	120.440857 	69.426216 	44.045429 	55.145264 	49.000000 	59.304298 	79.555016 	78.339005 	44.283180 	48.662102 	120.154068 	61.204575 	68.007355 	80.305664 	74.000000 	77.025970 	64.132675 	79.429214 	
61.057350 	56.435802 	125.936493 	100.801788 	150.233154 	128.887543 	16.552946 	19.723083 	103.227905 	155.219193 	10.198039 	140.089264 	3.162278 	94.762863 	25.553865 	128.972870 	84.172440 	92.633690 	53.712196 	23.409399 	8.062258 	107.647575 	61.326992 	147.787003 	999.000000 	120.000000 	111.503365 	96.747093 	3.162278 	79.202271 	19.646883 	78.790863 	36.496574 	75.769386 	114.825958 	44.911022 	105.309067 	7.615773 	17.000000 	52.392746 	49.030602 	65.802734 	107.912003 	64.288414 	157.724442 	94.847244 	113.371071 	60.207973 	167.585800 	110.476242 	45.000000 	97.308784 	122.298813 	111.803398 	118.118584 	108.258949 	88.543777 	89.810913 	124.907967 	125.670204 	58.309521 	117.545738 	111.328346 	100.169853 	108.521889 	105.773346 	123.369362 	122.024590 	
59.464275 	64.381676 	14.560220 	19.209373 	41.109608 	14.000000 	103.855667 	100.424103 	16.970562 	45.398239 	127.027557 	37.854988 	117.413795 	28.635643 	96.896851 	27.313000 	37.696156 	30.805843 	68.622154 	97.836601 	125.924583 	12.806249 	61.717098 	33.955853 	120.000000 	999.000000 	9.848858 	26.832815 	121.037186 	45.793011 	138.397980 	46.647614 	89.196411 	50.249378 	9.000000 	81.688431 	19.646883 	126.657021 	136.824707 	75.000000 	78.409180 	62.433964 	19.104973 	64.660652 	41.146080 	33.526108 	15.132746 	70.491135 	51.894123 	21.095022 	88.232651 	35.510563 	14.866069 	22.360680 	17.888544 	26.076809 	45.607018 	44.384682 	17.029387 	21.931713 	86.764046 	30.870699 	36.138622 	47.010635 	41.773197 	44.407207 	36.055511 	50.537113 	
50.606323 	55.443665 	23.000000 	11.401754 	50.487621 	23.345236 	95.210297 	91.836815 	8.544003 	54.918121 	118.848640 	46.173584 	109.000000 	24.186773 	89.005615 	34.713108 	31.400637 	26.076809 	59.413803 	89.022469 	117.660530 	4.123106 	52.345009 	43.680660 	111.503365 	9.848858 	999.000000 	17.000000 	112.414413 	36.055511 	130.172958 	36.891735 	79.906197 	40.496914 	4.000000 	72.249565 	10.049875 	118.004234 	128.413391 	65.436989 	68.883957 	52.697250 	10.198039 	54.918121 	50.990196 	23.769728 	8.485281 	60.745369 	61.741398 	13.416408 	78.600258 	26.076809 	14.142136 	15.264338 	13.892444 	18.027756 	35.902645 	34.713108 	17.117243 	20.880613 	76.922035 	25.495098 	29.068884 	38.327538 	34.176014 	36.400551 	31.890438 	45.000000 	
35.777088 	40.311287 	38.832977 	12.369317 	66.708321 	39.849716 	80.262070 	77.025970 	12.000000 	71.309189 	104.651802 	61.131008 	94.413979 	24.083189 	75.610847 	49.010204 	25.079872 	24.758837 	43.600460 	73.783470 	103.310211 	14.560220 	36.235340 	60.406952 	96.747093 	26.832815 	17.000000 	999.000000 	97.416634 	19.209373 	115.836090 	20.000000 	63.780876 	23.600847 	19.209373 	55.865910 	8.602325 	102.927162 	113.740936 	48.836460 	52.345009 	35.805027 	11.180340 	38.013157 	67.977936 	8.246211 	16.643316 	43.829212 	78.721024 	14.317822 	61.846584 	12.529964 	25.553865 	16.124516 	21.540659 	14.142136 	20.000000 	19.026299 	28.178005 	29.410883 	59.933296 	25.317978 	23.706539 	26.419689 	26.248810 	26.907248 	32.557640 	40.816662 	
61.854668 	57.140179 	127.287079 	101.828285 	151.855194 	130.176804 	17.204651 	20.615528 	104.201729 	156.847061 	12.083046 	141.820312 	6.000000 	96.176918 	27.730848 	130.598618 	85.562843 	94.069122 	54.120235 	23.706539 	9.848858 	108.600182 	61.717098 	149.241409 	3.162278 	121.037186 	112.414413 	97.416634 	999.000000 	79.605278 	20.099751 	79.158073 	36.138622 	76.059189 	115.676270 	44.643028 	106.000000 	5.656854 	16.763054 	52.201534 	48.764740 	65.787537 	108.558739 	64.195015 	159.100601 	95.257545 	114.057007 	59.908264 	169.035492 	111.018013 	44.102154 	97.575615 	122.967476 	112.294258 	118.701309 	108.673820 	88.600227 	89.888817 	125.538841 	126.178444 	57.078892 	117.783699 	111.427109 	100.000000 	108.466583 	105.650368 	123.490891 	121.753853 	
20.024984 	23.537205 	56.648037 	28.460499 	84.433403 	58.180752 	62.649822 	59.615433 	29.546574 	89.196411 	87.664131 	77.665955 	77.077881 	33.241539 	60.016663 	65.306969 	27.313000 	32.557640 	25.495098 	55.901699 	86.162636 	33.120991 	17.888544 	78.790863 	79.202271 	45.793011 	36.055511 	19.209373 	79.605278 	999.000000 	98.615417 	1.000000 	45.000000 	4.472136 	38.418747 	36.878178 	27.586229 	85.000000 	96.176918 	29.698484 	33.241539 	16.643316 	29.732138 	18.867962 	86.833176 	15.652476 	35.383614 	24.698177 	97.529480 	31.622776 	42.638012 	18.439089 	44.045429 	32.756680 	39.408119 	29.068884 	13.000000 	13.601471 	46.400433 	46.647614 	41.436699 	38.600517 	33.241539 	26.248810 	32.062439 	30.413813 	44.911022 	47.381432 	
80.062477 	75.584389 	143.533966 	119.268608 	166.877197 	146.649246 	36.055511 	39.000000 	121.794907 	171.828400 	11.401754 	156.348969 	21.540659 	112.294258 	41.868843 	145.670868 	101.828285 	110.113579 	73.164200 	43.011627 	12.529964 	126.245789 	80.777473 	165.012115 	19.646883 	138.397980 	130.172958 	115.836090 	20.099751 	98.615417 	999.000000 	98.234413 	56.089214 	95.273293 	133.600143 	64.536812 	124.354332 	16.124516 	5.000000 	72.034714 	68.658577 	85.440041 	127.015747 	83.934502 	175.171341 	114.236595 	132.412231 	79.831070 	184.783661 	129.711212 	64.195015 	116.811813 	141.354172 	131.095383 	137.295303 	127.632286 	108.157295 	109.416634 	144.013885 	144.931015 	77.006493 	137.058380 	130.919830 	119.816528 	128.160049 	125.419296 	142.947540 	141.661575 	
20.000000 	23.345236 	57.584721 	29.410883 	85.381500 	59.093147 	62.241467 	59.236813 	30.463093 	90.138779 	87.315521 	78.644768 	76.694199 	34.234486 	59.841457 	66.287254 	28.231188 	33.541019 	25.079872 	55.461697 	85.796272 	34.000000 	17.464249 	79.705711 	78.790863 	46.647614 	36.891735 	20.000000 	79.158073 	1.000000 	98.234413 	999.000000 	44.407207 	3.605551 	39.204590 	36.235340 	28.319605 	84.534019 	95.754898 	29.000000 	32.557640 	15.811388 	30.413813 	18.027756 	87.709747 	16.124516 	36.069378 	23.853722 	98.412399 	32.202484 	41.868843 	18.681541 	44.687805 	33.286633 	40.000000 	29.529646 	12.649111 	13.341664 	47.010635 	47.169907 	40.496914 	38.897301 	33.376640 	25.961510 	32.015621 	30.265491 	45.122055 	47.265209 	
30.528675 	25.553865 	97.652443 	70.292244 	124.169243 	100.000000 	21.023796 	19.416489 	72.249565 	129.139465 	46.173584 	115.381973 	35.128338 	68.000000 	28.017851 	103.353760 	57.697487 	66.189125 	20.615528 	14.142136 	44.283180 	76.419891 	27.586229 	120.104118 	36.496574 	89.196411 	79.906197 	63.780876 	36.138622 	45.000000 	56.089214 	44.407207 	999.000000 	41.048752 	82.758682 	8.544003 	72.346390 	41.109608 	52.886673 	16.155495 	12.649111 	29.966648 	74.652527 	28.231188 	129.201401 	60.464867 	80.280754 	23.769728 	139.617340 	76.609398 	10.816654 	62.265560 	89.022469 	77.665955 	84.403793 	73.783470 	52.801514 	54.129475 	91.400215 	91.525955 	25.059929 	82.298241 	75.643906 	63.890530 	72.449982 	69.570107 	87.726852 	85.615417 	
18.248287 	21.023796 	61.098282 	32.893768 	88.865067 	62.649822 	59.236813 	56.302753 	34.014702 	93.637596 	84.433403 	82.000000 	73.736015 	37.054016 	57.428215 	69.634758 	30.364452 	36.221542 	22.135944 	52.392746 	82.873398 	37.589893 	14.560220 	83.258636 	75.769386 	50.249378 	40.496914 	23.600847 	76.059189 	4.472136 	95.273293 	3.605551 	41.048752 	999.000000 	42.801868 	32.802441 	31.890438 	81.394104 	92.703827 	25.495098 	29.068884 	12.206555 	33.941124 	14.422205 	91.301697 	19.416489 	39.597980 	20.248457 	102.000000 	35.608986 	38.288380 	21.540659 	48.166378 	36.619667 	43.416588 	32.756680 	14.035668 	15.000000 	50.447994 	50.477718 	37.000000 	41.785164 	35.902645 	27.294687 	34.058773 	32.015621 	47.801674 	49.040798 	
53.823788 	58.600342 	23.345236 	15.297058 	50.089920 	23.000000 	98.473343 	95.131485 	12.369317 	54.332310 	122.298813 	46.690472 	112.361023 	28.160255 	92.574295 	35.735138 	35.355339 	30.066593 	62.369865 	92.200867 	121.078484 	8.062258 	55.172459 	42.755116 	114.825958 	9.000000 	4.000000 	19.209373 	115.676270 	38.418747 	133.600143 	39.204590 	82.758682 	42.801868 	999.000000 	74.966660 	11.180340 	121.247681 	131.764938 	68.014702 	71.505241 	55.000000 	10.198039 	57.201397 	49.396355 	25.079872 	6.324555 	63.007935 	60.166435 	12.165525 	81.055534 	26.683329 	10.198039 	13.601471 	10.630146 	17.117243 	37.000000 	35.735138 	13.152946 	17.088007 	78.771820 	23.021729 	27.513634 	38.013157 	32.984844 	35.510563 	29.000000 	42.720020 	
24.351591 	19.646883 	90.735878 	63.007935 	117.647781 	92.913940 	29.068884 	27.018513 	64.815125 	122.588745 	54.451813 	109.251999 	43.416588 	61.846584 	33.615471 	97.082436 	51.865211 	60.166435 	13.928389 	22.022715 	52.611786 	68.883957 	20.000000 	113.207771 	44.911022 	81.688431 	72.249565 	55.865910 	44.643028 	36.878178 	64.536812 	36.235340 	8.544003 	32.802441 	74.966660 	999.000000 	64.381676 	49.648766 	61.400326 	7.615773 	4.123106 	21.470911 	66.603302 	19.697716 	122.065559 	52.201534 	72.249565 	15.297058 	132.574509 	68.410522 	9.055386 	53.851646 	80.919716 	69.404610 	76.216797 	65.459915 	44.283180 	45.617977 	83.240616 	83.234612 	20.518284 	73.824112 	67.119293 	55.362442 	63.906181 	61.032780 	79.202271 	77.129761 	
44.294468 	48.877399 	33.015148 	12.206555 	60.530983 	33.376640 	88.836929 	85.586212 	9.899495 	64.938431 	113.145920 	56.080299 	102.956299 	26.419689 	83.934502 	44.407207 	30.413813 	27.730848 	52.201534 	82.377182 	111.825760 	9.486833 	44.821869 	53.600372 	105.309067 	19.646883 	10.049875 	8.602325 	106.000000 	27.586229 	124.354332 	28.319605 	72.346390 	31.890438 	11.180340 	64.381676 	999.000000 	111.516815 	122.298813 	57.280014 	60.811184 	44.045429 	3.000000 	46.227695 	60.539242 	13.928389 	8.062258 	52.009613 	71.309189 	7.280110 	70.178345 	16.031219 	17.000000 	9.486833 	13.341664 	9.899495 	25.961510 	24.738634 	19.697716 	21.377558 	67.601776 	20.124611 	21.260292 	28.635643 	25.553865 	27.313000 	27.313000 	38.209946 	
67.424034 	62.681736 	132.943604 	107.447662 	157.492859 	135.830780 	22.803509 	26.248810 	109.808922 	162.483841 	11.401754 	147.434738 	10.770329 	101.833199 	33.120991 	136.235092 	91.219513 	99.724625 	59.539902 	29.154760 	9.433981 	114.201576 	67.119293 	154.896744 	7.615773 	126.657021 	118.004234 	102.927162 	5.656854 	85.000000 	16.124516 	84.534019 	41.109608 	81.394104 	121.247681 	49.648766 	111.516815 	999.000000 	12.041595 	57.245087 	53.758720 	70.936592 	114.057007 	69.289246 	164.757401 	100.647903 	119.570061 	64.845970 	174.691162 	116.468880 	48.507732 	102.883430 	128.471786 	117.720009 	124.169243 	114.061386 	93.776329 	95.078911 	131.026718 	131.609268 	61.008198 	123.065025 	116.619041 	104.995239 	113.547348 	110.679718 	128.693436 	126.649124 	
78.032043 	73.430237 	142.425415 	117.643532 	166.243790 	145.454468 	33.541019 	36.715118 	120.104118 	171.213318 	11.180340 	155.878159 	19.416489 	111.198021 	41.036568 	145.000000 	100.657837 	109.041275 	70.682388 	40.311287 	11.401754 	124.535133 	78.294319 	164.103622 	17.000000 	136.824707 	128.413391 	113.740936 	16.763054 	96.176918 	5.000000 	95.754898 	52.886673 	92.703827 	131.764938 	61.400326 	122.298813 	12.041595 	999.000000 	68.963760 	65.520988 	82.540901 	124.907967 	80.956779 	174.155106 	111.825760 	130.361038 	76.655075 	183.896713 	127.475487 	60.530983 	114.236595 	139.291061 	128.798294 	135.118469 	125.239769 	105.342300 	106.625511 	141.904892 	142.667450 	73.027390 	134.461884 	128.160049 	116.760437 	125.227791 	122.413231 	140.217682 	138.495483 	
20.024984 	16.124516 	84.599052 	56.603886 	111.825760 	86.608315 	36.345562 	34.058773 	58.249462 	116.730461 	61.814240 	103.817146 	50.803543 	56.612720 	39.293766 	91.547798 	47.074409 	55.081757 	10.198039 	29.274563 	60.016663 	62.201286 	13.928389 	107.042046 	52.392746 	75.000000 	65.436989 	48.836460 	52.201534 	29.698484 	72.034714 	29.000000 	16.155495 	25.495098 	68.014702 	7.615773 	57.280014 	57.245087 	68.963760 	999.000000 	3.605551 	13.892444 	59.413803 	12.083046 	115.663307 	44.821869 	65.069191 	8.000000 	126.245789 	61.073727 	13.416408 	46.324940 	73.661385 	62.008064 	68.883957 	58.008621 	36.674240 	38.013157 	75.927597 	75.802376 	19.313208 	66.241982 	59.506302 	47.801674 	56.302753 	53.450912 	71.589104 	69.634758 	
22.360680 	18.027756 	87.817993 	59.908264 	114.934761 	89.888817 	33.136082 	31.000000 	61.611687 	119.854080 	58.549126 	106.775467 	47.518417 	59.464275 	37.000000 	94.540993 	49.729267 	57.870544 	12.041595 	26.076809 	56.718605 	65.604881 	17.000000 	110.276924 	49.030602 	78.409180 	68.883957 	52.345009 	48.764740 	33.241539 	68.658577 	32.557640 	12.649111 	29.068884 	71.505241 	4.123106 	60.811184 	53.758720 	65.520988 	3.605551 	999.000000 	17.492855 	62.968246 	15.652476 	118.983192 	48.414875 	68.622154 	11.180340 	129.541504 	64.660652 	10.440307 	49.929951 	77.233414 	65.604881 	72.470680 	61.611687 	40.249222 	41.593269 	79.511009 	79.404030 	18.867962 	69.835518 	63.071388 	51.244511 	59.808025 	56.920998 	75.153175 	73.006851 	
17.029387 	16.643316 	73.006851 	44.777225 	100.657837 	74.686012 	49.477268 	46.872166 	46.065170 	105.475113 	74.953316 	93.407707 	64.031242 	47.265209 	50.089920 	81.043198 	39.051247 	46.097721 	14.317822 	42.449970 	73.246162 	49.739319 	9.219544 	95.273293 	65.802734 	62.433964 	52.697250 	35.805027 	65.787537 	16.643316 	85.440041 	15.811388 	29.966648 	12.206555 	55.000000 	21.470911 	44.045429 	70.936592 	82.540901 	13.892444 	17.492855 	999.000000 	46.010868 	2.236068 	103.445641 	31.144823 	51.662365 	8.062258 	114.127121 	47.423622 	26.172504 	32.449963 	60.108234 	48.270073 	55.226807 	44.204071 	22.847319 	24.166092 	62.289646 	62.008064 	25.495098 	52.354561 	45.694637 	34.525352 	42.720020 	40.024994 	57.775429 	56.568542 	
46.957428 	51.478149 	33.060551 	14.764823 	60.207973 	33.060551 	91.416626 	88.192970 	12.206555 	64.498062 	115.831772 	56.320511 	105.588821 	29.068884 	86.729462 	44.911022 	33.376640 	30.463093 	54.644306 	84.905830 	114.490173 	10.816654 	47.201694 	52.952808 	107.912003 	19.104973 	10.198039 	11.180340 	108.558739 	29.732138 	127.015747 	30.413813 	74.652527 	33.941124 	10.198039 	66.603302 	3.000000 	114.057007 	124.907967 	59.413803 	62.968246 	46.010868 	999.000000 	48.166378 	59.464275 	15.264338 	5.656854 	53.907330 	70.228203 	4.472136 	72.180328 	16.492422 	14.422205 	6.708204 	10.440307 	8.062258 	26.925823 	25.632011 	17.000000 	18.439089 	69.115845 	17.492855 	19.416489 	28.160255 	24.166092 	26.248810 	24.596748 	36.069378 	
18.027756 	17.029387 	75.239616 	47.010635 	102.883430 	76.922035 	48.052055 	45.541191 	48.301140 	107.703293 	73.545906 	95.603348 	62.585941 	49.365982 	49.254440 	83.240616 	41.012192 	48.166378 	13.928389 	41.000000 	71.805290 	51.971146 	10.000000 	97.508972 	64.288414 	64.660652 	54.918121 	38.013157 	64.195015 	18.867962 	83.934502 	18.027756 	28.231188 	14.422205 	57.201397 	19.697716 	46.227695 	69.289246 	80.956779 	12.083046 	15.652476 	2.236068 	48.166378 	999.000000 	105.678757 	33.241539 	53.814495 	5.830952 	116.361504 	49.517673 	24.041630 	34.409302 	62.225395 	50.328918 	57.314919 	46.227695 	24.596748 	25.942244 	64.381676 	64.031242 	23.345236 	54.203320 	47.423622 	35.902645 	44.271889 	41.484936 	59.506302 	57.870544 	
98.858482 	103.855667 	31.827662 	59.076221 	15.524175 	29.206163 	142.144287 	138.600143 	57.454330 	14.422205 	163.783386 	26.000000 	154.935471 	62.968246 	133.304169 	31.384710 	73.552704 	65.115280 	108.600182 	136.619904 	162.935577 	53.712196 	102.078400 	10.770329 	157.724442 	41.146080 	50.990196 	67.977936 	159.100601 	86.833176 	175.171341 	87.709747 	129.201401 	91.301697 	49.396355 	122.065559 	60.539242 	164.757401 	174.155106 	115.663307 	118.983192 	103.445641 	59.464275 	105.678757 	999.000000 	74.464760 	54.405884 	111.507851 	10.770329 	60.166435 	129.003876 	75.894661 	48.662102 	60.638271 	53.935146 	65.000000 	86.377083 	85.094063 	48.259712 	52.038448 	127.910126 	65.192024 	72.560318 	85.702972 	78.638412 	81.884064 	67.029846 	82.152298 	
34.928497 	38.897301 	46.389652 	20.615528 	74.148499 	47.074409 	78.294319 	75.239616 	20.099751 	78.644768 	103.247276 	69.028976 	92.703827 	31.622776 	75.186432 	57.008770 	30.805843 	32.015621 	41.146080 	71.554176 	101.769348 	22.090721 	33.541019 	67.446274 	94.847244 	33.526108 	23.769728 	8.246211 	95.257545 	15.652476 	114.236595 	16.124516 	60.464867 	19.416489 	25.079872 	52.201534 	13.928389 	100.647903 	111.825760 	44.821869 	48.414875 	31.144823 	15.264338 	33.241539 	74.464760 	999.000000 	20.808653 	38.897301 	85.234970 	16.278820 	57.280014 	5.000000 	29.000000 	17.204651 	24.083189 	13.416408 	12.165525 	11.045361 	31.144823 	31.064449 	53.851646 	23.345236 	19.235384 	18.601076 	20.124611 	20.000000 	30.066593 	35.468296 	
52.354561 	56.938564 	29.614185 	17.262676 	56.008926 	29.068884 	96.896851 	93.648277 	14.317822 	60.133186 	121.198181 	52.952808 	111.018013 	31.320919 	91.923882 	42.059483 	37.013512 	32.984844 	60.216278 	90.426765 	119.883278 	11.180340 	52.801514 	48.373547 	113.371071 	15.132746 	8.485281 	16.643316 	114.057007 	35.383614 	132.412231 	36.069378 	80.280754 	39.597980 	6.324555 	72.249565 	8.062258 	119.570061 	130.361038 	65.069191 	68.622154 	51.662365 	5.656854 	53.814495 	54.405884 	20.808653 	999.000000 	59.548298 	65.145988 	6.000000 	77.833153 	21.540659 	8.944272 	7.280110 	6.082763 	11.000000 	32.202484 	30.870699 	11.704700 	14.000000 	74.625732 	17.029387 	21.189621 	32.015621 	26.683329 	29.274563 	23.430750 	36.619667 	
21.189621 	18.867962 	81.024689 	52.801514 	108.632408 	82.734512 	44.283180 	42.047592 	54.120235 	113.463654 	69.720871 	101.242287 	58.694122 	54.744862 	47.074409 	88.887573 	46.043457 	53.460266 	14.142136 	37.215588 	67.896980 	57.801384 	13.341664 	103.315056 	60.207973 	70.491135 	60.745369 	43.829212 	59.908264 	24.698177 	79.831070 	23.853722 	23.769728 	20.248457 	63.007935 	15.297058 	52.009613 	64.845970 	76.655075 	8.000000 	11.180340 	8.062258 	53.907330 	5.830952 	111.507851 	38.897301 	59.548298 	999.000000 	122.188377 	55.154327 	18.439089 	39.824615 	67.896980 	55.901699 	62.936478 	51.739735 	29.681644 	31.064449 	70.007141 	69.526970 	18.027756 	59.363289 	52.354561 	40.162170 	48.846699 	45.880280 	64.412735 	61.846584 	
109.201645 	114.201576 	42.011902 	69.641945 	19.924858 	39.661064 	152.161102 	148.600128 	68.095520 	16.124516 	173.415680 	31.622776 	164.757401 	72.862885 	142.947540 	39.661064 	83.486526 	74.966660 	119.037811 	146.754898 	172.626770 	64.412735 	112.605507 	19.798990 	167.585800 	51.894123 	61.741398 	78.721024 	169.035492 	97.529480 	184.783661 	98.412399 	139.617340 	102.000000 	60.166435 	132.574509 	71.309189 	174.691162 	183.896713 	126.245789 	129.541504 	114.127121 	70.228203 	116.361504 	10.770329 	85.234970 	65.145988 	122.188377 	999.000000 	70.880180 	139.606583 	86.648720 	59.228371 	71.309189 	64.536812 	75.690155 	97.144226 	95.859268 	58.694122 	62.289646 	138.654251 	75.538071 	83.024094 	96.317184 	89.106674 	92.395889 	77.025970 	92.005432 	
49.769470 	54.129475 	35.510563 	19.235384 	62.008064 	35.057095 	93.941475 	90.785461 	16.643316 	66.121101 	118.595955 	58.855755 	108.226616 	33.541019 	89.810913 	47.801674 	37.656342 	34.928497 	56.938564 	87.321243 	117.200684 	14.866069 	49.396355 	54.332310 	110.476242 	21.095022 	13.416408 	14.317822 	111.018013 	31.622776 	129.711212 	32.202484 	76.609398 	35.608986 	12.165525 	68.410522 	7.280110 	116.468880 	127.475487 	61.073727 	64.660652 	47.423622 	4.472136 	49.517673 	60.166435 	16.278820 	6.000000 	55.154327 	70.880180 	999.000000 	73.552704 	16.124516 	12.806249 	2.236068 	7.810250 	5.000000 	26.925823 	25.553865 	14.866069 	15.231546 	69.634758 	13.038404 	15.652476 	26.019224 	20.880613 	23.345236 	20.124611 	31.890438 	
32.756680 	28.284271 	98.005104 	69.971420 	125.239769 	99.985001 	30.805843 	29.732138 	71.561165 	130.146072 	55.036350 	117.175079 	44.102154 	69.892776 	38.832977 	104.923782 	60.166435 	68.308128 	22.360680 	24.351591 	53.009434 	75.451973 	27.313000 	120.440857 	45.000000 	88.232651 	78.600258 	61.846584 	44.102154 	42.638012 	64.195015 	41.868843 	10.816654 	38.288380 	81.055534 	9.055386 	70.178345 	48.507732 	60.530983 	13.416408 	10.440307 	26.172504 	72.180328 	24.041630 	129.003876 	57.280014 	77.833153 	18.439089 	139.606583 	73.552704 	999.000000 	58.258045 	86.267029 	74.330345 	81.344948 	70.178345 	48.010414 	49.406479 	88.413803 	87.965904 	14.317822 	77.665955 	70.491135 	57.697487 	66.648331 	63.505905 	82.492424 	78.771820 	
38.327538 	41.976185 	49.040798 	24.698177 	76.531036 	49.365982 	80.777473 	77.833153 	23.769728 	80.894997 	105.948097 	72.027771 	95.273293 	36.400551 	78.447433 	60.207973 	35.805027 	36.878178 	43.657761 	73.925636 	104.403069 	25.079872 	36.055511 	69.426216 	97.308784 	35.510563 	26.076809 	12.529964 	97.575615 	18.439089 	116.811813 	18.681541 	62.265560 	21.540659 	26.683329 	53.851646 	16.031219 	102.883430 	114.236595 	46.324940 	49.929951 	32.449963 	16.492422 	34.409302 	75.894661 	5.000000 	21.540659 	39.824615 	86.648720 	16.124516 	58.258045 	999.000000 	28.844410 	16.401220 	23.600847 	12.041595 	10.816654 	9.433981 	30.610456 	29.732138 	53.600372 	20.248457 	15.000000 	13.892444 	15.231546 	15.000000 	26.476404 	30.675724 	
