Total assets = 560
Number of asset nodes = 33

Distance:
999.000000 	55.072678 	30.083218 	19.313208 	13.000000 	63.063461 	101.828285 	38.327538 	34.132095 	34.058773 	74.732857 	73.006851 	39.204590 	120.104118 	25.942244 	113.357841 	106.103722 	78.294319 	35.014282 	66.730804 	50.990196 	45.398239 	37.000000 	39.012817 	75.026665 	39.000000 	46.173584 	54.918121 	72.732384 	79.120163 	34.655445 	75.584389 	149.201202 	80.324341 	74.464760 	112.507774 	68.249542 	75.432091 	77.884529 	79.120163 	37.947330 	51.088158 	130.430054 	27.294687 	75.133217 	28.792360 	111.359779 	67.067131 	60.133186 	39.661064 	
55.072678 	999.000000 	25.612497 	74.242844 	44.204071 	8.246211 	48.166378 	20.248457 	27.784887 	28.653097 	20.396078 	19.104973 	24.698177 	66.528191 	36.221542 	63.976559 	55.901699 	23.769728 	29.068884 	15.811388 	17.117243 	21.213203 	29.154760 	27.513634 	22.000000 	28.460499 	23.086792 	18.027756 	21.377558 	26.019224 	89.050545 	24.331051 	97.200821 	28.017851 	25.298222 	57.454330 	23.600847 	26.248810 	27.658634 	28.442924 	40.804413 	30.149628 	75.927597 	69.656296 	29.529646 	66.030296 	56.462376 	30.610456 	33.241539 	51.244511 	
30.083218 	25.612497 	999.000000 	49.396355 	18.601076 	33.286633 	73.539108 	9.055386 	10.000000 	10.816654 	44.721359 	42.953465 	13.038404 	91.923882 	20.000000 	87.664131 	79.881165 	48.301140 	12.206555 	36.687874 	22.022715 	17.720045 	14.212670 	14.866069 	44.944408 	15.556349 	19.313208 	26.019224 	42.720020 	49.040798 	63.513779 	45.607018 	122.147453 	50.289165 	44.721359 	82.927681 	39.051247 	45.705578 	48.052055 	49.244289 	24.351591 	26.925823 	101.533249 	44.944408 	46.043457 	42.047592 	81.412529 	39.812057 	35.341194 	33.376640 	
19.313208 	74.242844 	49.396355 	999.000000 	31.780497 	82.292160 	120.432556 	57.567352 	52.952808 	52.773098 	94.021271 	92.309265 	58.051701 	138.600143 	42.426407 	130.816666 	123.842644 	97.575615 	53.600372 	86.034874 	70.092796 	64.327286 	55.443665 	57.558666 	94.339813 	57.428215 	64.938431 	73.979729 	92.027168 	98.432716 	18.384777 	94.868332 	167.092789 	99.624290 	93.680305 	131.609268 	87.321243 	94.641426 	97.123634 	98.371742 	54.230988 	69.115845 	149.214615 	29.732138 	94.148819 	34.409302 	130.613937 	85.586212 	78.057671 	53.160137 	
13.000000 	44.204071 	18.601076 	31.780497 	999.000000 	51.865211 	91.967384 	26.000000 	21.213203 	21.095022 	63.134777 	61.294373 	26.305893 	110.344917 	23.021729 	105.209312 	97.616600 	66.730804 	22.022715 	54.625999 	38.327538 	32.557640 	24.000000 	26.019224 	63.071388 	26.000000 	33.241539 	42.201897 	60.539242 	67.119293 	44.944408 	63.324562 	140.264038 	68.154236 	61.983868 	101.513542 	55.542778 	62.936478 	65.459915 	66.730804 	25.942244 	38.118237 	120.104118 	28.460499 	62.369865 	27.166155 	99.849884 	54.083271 	47.169907 	29.732138 	
63.063461 	8.246211 	33.286633 	82.292160 	51.865211 	999.000000 	41.617306 	26.870058 	34.058773 	34.828148 	12.165525 	11.000000 	30.232433 	59.816387 	44.407207 	59.135437 	50.921509 	15.524175 	35.000000 	9.899495 	19.924858 	25.495098 	34.669872 	32.756680 	14.142136 	33.615471 	26.925823 	19.104973 	14.317822 	18.027756 	96.798759 	17.088007 	90.972527 	20.223749 	18.867962 	49.648766 	19.416489 	19.723083 	20.615528 	21.189621 	45.617977 	32.388271 	68.622154 	76.419891 	24.083189 	72.470680 	48.332184 	28.231188 	33.241539 	55.946404 	
101.828285 	48.166378 	73.539108 	120.432556 	91.967384 	41.617306 	999.000000 	68.249542 	75.604233 	76.400261 	34.176014 	36.400551 	71.847061 	18.384777 	78.892334 	22.561028 	15.652476 	31.320919 	76.609398 	44.384682 	60.901562 	66.887962 	76.275818 	74.330345 	37.363083 	75.166481 	68.095520 	59.033890 	41.484936 	35.510563 	136.359818 	40.792156 	49.396355 	37.215588 	44.721359 	18.027756 	51.662365 	44.553337 	42.296574 	41.194660 	86.954010 	72.090218 	29.068884 	117.796432 	50.358715 	114.017540 	24.413111 	61.392181 	69.921387 	97.128784 	
38.327538 	20.248457 	9.055386 	57.567352 	26.000000 	26.870058 	68.249542 	999.000000 	7.615773 	8.544003 	37.443291 	35.510563 	6.324555 	86.556343 	28.178005 	84.077347 	76.059189 	41.048752 	9.219544 	28.635643 	13.000000 	8.944272 	10.000000 	9.219544 	37.121422 	10.198039 	10.816654 	17.000000 	34.539833 	41.146080 	70.710678 	37.336308 	117.413795 	42.154476 	36.138622 	76.216797 	30.149628 	37.107952 	39.560081 	40.804413 	22.022715 	19.104973 	95.482986 	49.578220 	37.121422 	45.803928 	74.094536 	30.805843 	26.925823 	32.249031 	
34.132095 	27.784887 	10.000000 	52.952808 	21.213203 	34.058773 	75.604233 	7.615773 	999.000000 	1.000000 	44.045429 	42.011902 	5.099020 	93.861603 	29.732138 	91.678787 	83.648071 	47.634022 	2.236068 	34.669872 	17.464249 	11.401754 	4.242640 	5.385165 	43.266617 	5.830952 	12.041595 	21.189621 	40.311287 	47.169907 	64.884514 	42.941822 	124.851913 	47.885281 	41.231056 	82.975899 	34.481880 	42.154476 	44.777225 	46.097721 	15.132746 	18.027756 	102.532921 	42.426407 	41.231056 	38.418747 	80.448738 	33.000000 	26.925823 	25.019993 	
34.058773 	28.653097 	10.816654 	52.773098 	21.095022 	34.828148 	76.400261 	8.544003 	1.000000 	999.000000 	44.687805 	42.638012 	5.385165 	94.641426 	30.413813 	92.574295 	84.534019 	48.270073 	1.414214 	35.227829 	17.888544 	11.704700 	3.605551 	5.099020 	43.829212 	5.385165 	12.165525 	21.540659 	40.816662 	47.707443 	64.474800 	43.416588 	125.670204 	48.373547 	41.629318 	83.630135 	34.785053 	42.544094 	45.188496 	46.518814 	14.142136 	17.720045 	103.247276 	41.725292 	41.484936 	37.643059 	81.024689 	33.015148 	26.683329 	24.020824 	
74.732857 	20.396078 	44.721359 	94.021271 	63.134777 	12.165525 	34.176014 	37.443291 	44.045429 	44.687805 	999.000000 	2.236068 	39.623226 	51.478149 	56.568542 	54.451813 	46.270943 	3.605551 	44.598206 	10.295630 	27.658634 	33.970577 	43.840622 	41.725292 	4.472136 	42.449970 	34.828148 	25.238859 	8.062258 	6.708204 	108.046288 	8.944272 	83.186539 	9.433981 	12.649111 	38.948685 	18.027756 	13.000000 	12.206555 	12.041595 	53.600372 	38.013157 	58.898216 	86.371292 	18.973665 	82.024384 	36.715118 	28.017851 	35.902645 	63.513779 	
73.006851 	19.104973 	42.953465 	92.309265 	61.294373 	11.000000 	36.400551 	35.510563 	42.011902 	42.638012 	2.236068 	999.000000 	37.536648 	53.712196 	55.326305 	56.568542 	48.373547 	5.656854 	42.520584 	8.062258 	25.495098 	31.827662 	41.725292 	39.597980 	3.605551 	40.311287 	32.649654 	23.021729 	6.324555 	7.071068 	106.174385 	7.810250 	85.422478 	9.486833 	11.180340 	41.036568 	16.000000 	11.661903 	11.313708 	11.401754 	51.400391 	35.777088 	61.073727 	84.291161 	17.464249 	79.906197 	38.587563 	26.000000 	33.734257 	61.294373 	
39.204590 	24.698177 	13.038404 	58.051701 	26.305893 	30.232433 	71.847061 	6.324555 	5.099020 	5.385165 	39.623226 	37.536648 	999.000000 	90.000000 	33.015148 	88.639717 	80.529495 	43.185646 	5.000000 	30.000000 	12.529964 	6.324555 	4.472136 	3.000000 	38.600517 	4.000000 	7.000000 	16.155495 	35.510563 	42.438190 	69.856995 	38.078865 	121.202309 	43.046486 	36.249138 	78.568443 	29.410883 	37.161808 	39.812057 	41.146080 	16.278820 	13.892444 	98.351410 	46.754681 	36.138622 	42.449970 	75.802376 	28.017851 	22.472204 	26.683329 	
120.104118 	66.528191 	91.923882 	138.600143 	110.344917 	59.816387 	18.384777 	86.556343 	93.861603 	94.641426 	51.478149 	53.712196 	90.000000 	999.000000 	96.798759 	20.124611 	20.024984 	48.301140 	94.810333 	61.773781 	78.771820 	84.876381 	94.403389 	92.417534 	54.129475 	93.230896 	85.982559 	76.661591 	58.180752 	51.623638 	154.673843 	57.008770 	31.780497 	52.810986 	60.745369 	19.416489 	68.154236 	60.406952 	57.870544 	56.612720 	104.847511 	89.470665 	13.000000 	136.124939 	65.802734 	132.279999 	27.892651 	77.491936 	86.539009 	114.908661 	
25.942244 	36.221542 	20.000000 	42.426407 	23.021729 	44.407207 	78.892334 	28.178005 	29.732138 	30.413813 	56.568542 	55.326305 	33.015148 	96.798759 	999.000000 	88.391174 	81.467789 	59.841457 	31.827662 	51.009804 	40.162170 	37.121422 	33.970577 	34.828148 	58.137768 	35.468296 	38.948685 	43.965897 	57.000000 	62.201286 	59.816387 	60.000000 	124.739731 	64.070274 	60.133186 	91.547798 	55.901699 	61.131008 	63.031738 	64.007812 	42.438190 	46.872166 	107.912003 	50.635956 	62.801273 	50.039986 	91.760559 	58.523499 	55.072678 	49.658836 	
113.357841 	63.976559 	87.664131 	130.816666 	105.209312 	59.135437 	22.561028 	84.077347 	91.678787 	92.574295 	54.451813 	56.568542 	88.639717 	20.124611 	88.391174 	999.000000 	8.246211 	52.153618 	93.037628 	64.132675 	79.056938 	84.504440 	93.107468 	91.389275 	58.215118 	92.309265 	86.034874 	77.884529 	62.289646 	57.008770 	147.922272 	62.072536 	36.891735 	59.008472 	66.068146 	35.608986 	72.443085 	66.030296 	64.000000 	63.007935 	104.546638 	91.214035 	32.280025 	132.608444 	72.006943 	129.495178 	43.829212 	82.389320 	90.255196 	114.947815 	
106.103722 	55.901699 	79.881165 	123.842644 	97.616600 	50.921509 	15.652476 	76.059189 	83.648071 	84.534019 	46.270943 	48.373547 	80.529495 	20.024984 	81.467789 	8.246211 	999.000000 	44.045429 	84.970581 	55.901699 	70.837845 	76.321686 	85.000000 	83.258636 	50.089920 	84.172440 	77.833153 	69.641945 	54.147945 	49.010204 	140.730240 	54.009258 	43.278172 	51.088158 	58.008621 	31.240999 	64.280632 	58.000000 	56.035702 	55.081757 	96.384644 	82.969872 	33.015148 	124.807854 	64.007812 	121.593582 	38.897301 	74.242844 	82.036575 	106.775467 	
78.294319 	23.769728 	48.301140 	97.575615 	66.730804 	15.524175 	31.320919 	41.048752 	47.634022 	48.270073 	3.605551 	5.656854 	43.185646 	48.301140 	59.841457 	52.153618 	44.045429 	999.000000 	48.166378 	13.601471 	31.144823 	37.483330 	47.381432 	45.254833 	6.082763 	45.967381 	38.288380 	28.600698 	10.198039 	5.830952 	111.646767 	10.049875 	80.056229 	8.602325 	14.035668 	35.383614 	20.396078 	14.142136 	12.649111 	12.083046 	57.008770 	41.182522 	55.443665 	89.938866 	20.223749 	85.562843 	33.120991 	30.265491 	38.600517 	66.850578 	
35.014282 	29.068884 	12.206555 	53.600372 	22.022715 	35.000000 	76.609398 	9.219544 	2.236068 	1.414214 	44.598206 	42.520584 	5.000000 	94.810333 	31.827662 	93.037628 	84.970581 	48.166378 	999.000000 	35.000000 	17.492855 	11.180340 	2.236068 	4.000000 	43.600460 	4.123106 	11.401754 	21.023796 	40.496914 	47.434166 	65.000000 	43.046486 	125.924583 	48.020828 	41.146080 	83.546394 	34.176014 	42.047592 	44.721359 	46.065170 	13.038404 	16.492422 	103.276329 	41.773197 	40.804413 	37.536648 	80.802231 	32.062439 	25.495098 	23.086792 	
66.730804 	15.811388 	36.687874 	86.034874 	54.625999 	9.899495 	44.384682 	28.635643 	34.669872 	35.227829 	10.295630 	8.062258 	30.000000 	61.773781 	51.009804 	64.132675 	55.901699 	13.601471 	35.000000 	999.000000 	17.691807 	24.083189 	34.058773 	31.890438 	8.602325 	32.557640 	24.758837 	15.000000 	6.082763 	12.529964 	99.297531 	9.055386 	93.477272 	13.601471 	9.486833 	48.795490 	9.848858 	10.440307 	12.041595 	13.000000 	43.416588 	27.730848 	69.028976 	76.694199 	14.212670 	72.180328 	45.803928 	19.416489 	26.172504 	53.254108 	
50.990196 	17.117243 	22.022715 	70.092796 	38.327538 	19.924858 	60.901562 	13.000000 	17.464249 	17.888544 	27.658634 	25.495098 	12.529964 	78.771820 	40.162170 	79.056938 	70.837845 	31.144823 	17.492855 	17.691807 	999.000000 	6.403124 	16.401220 	14.212670 	26.248810 	14.866069 	7.211102 	4.000000 	23.021729 	30.000000 	82.346825 	25.553865 	110.276924 	30.528675 	23.769728 	66.468040 	17.262676 	24.698177 	27.313000 	28.635643 	26.076809 	13.038404 	86.556343 	59.033890 	24.186773 	54.488529 	63.411354 	18.384777 	17.204651 	36.235340 	
45.398239 	21.213203 	17.720045 	64.327286 	32.557640 	25.495098 	66.887962 	8.944272 	11.401754 	11.704700 	33.970577 	31.827662 	6.324555 	84.876381 	37.121422 	84.504440 	76.321686 	37.483330 	11.180340 	24.083189 	6.403124 	999.000000 	10.000000 	7.810250 	32.649654 	8.485281 	2.236068 	9.848858 	29.410883 	36.400551 	76.157730 	31.906113 	116.284134 	36.891735 	29.966648 	72.835434 	23.086792 	30.870699 	33.541019 	34.885529 	20.124611 	10.816654 	92.849342 	52.630791 	29.832869 	48.104053 	69.814041 	22.203604 	18.027756 	30.463093 	
37.000000 	29.154760 	14.212670 	55.443665 	24.000000 	34.669872 	76.275818 	10.000000 	4.242640 	3.605551 	43.840622 	41.725292 	4.472136 	94.403389 	33.970577 	93.107468 	85.000000 	47.381432 	2.236068 	34.058773 	16.401220 	10.000000 	999.000000 	2.236068 	42.638012 	2.000000 	9.848858 	19.723083 	39.408119 	46.400433 	66.483078 	41.880783 	125.642349 	46.872166 	39.824615 	82.758682 	32.695564 	40.706264 	43.416588 	44.777225 	12.041595 	14.317822 	102.649887 	42.638012 	39.217342 	38.183765 	79.812279 	30.149628 	23.345236 	22.360680 	
39.012817 	27.513634 	14.866069 	57.558666 	26.019224 	32.756680 	74.330345 	9.219544 	5.385165 	5.099020 	41.725292 	39.597980 	3.000000 	92.417534 	34.828148 	91.389275 	83.258636 	45.254833 	4.000000 	31.890438 	14.212670 	7.810250 	2.236068 	999.000000 	40.459858 	1.000000 	7.615773 	17.492855 	37.202152 	44.204071 	68.709534 	39.661064 	123.713379 	44.654228 	37.589893 	80.622574 	30.463093 	38.470768 	41.182522 	42.544094 	13.341664 	12.649111 	100.568382 	44.821869 	37.000000 	40.311287 	77.620872 	28.071337 	21.587032 	23.769728 	
75.026665 	22.000000 	44.944408 	94.339813 	63.071388 	14.142136 	37.363083 	37.121422 	43.266617 	43.829212 	4.472136 	3.605551 	38.600517 	54.129475 	58.137768 	58.215118 	50.089920 	6.082763 	43.600460 	8.602325 	26.248810 	32.649654 	42.638012 	40.459858 	999.000000 	41.109608 	33.241539 	23.345236 	4.123106 	4.123106 	107.823929 	4.472136 	85.906929 	6.082763 	8.246211 	40.360870 	14.317822 	8.544003 	7.810250 	7.810250 	51.739735 	35.510563 	60.802959 	85.276024 	14.560220 	80.721741 	37.202152 	24.186773 	32.572994 	61.400326 	
39.000000 	28.460499 	15.556349 	57.428215 	26.000000 	33.615471 	75.166481 	10.198039 	5.830952 	5.385165 	42.449970 	40.311287 	4.000000 	93.230896 	35.468296 	92.309265 	84.172440 	45.967381 	4.123106 	32.557640 	14.866069 	8.485281 	2.000000 	1.000000 	41.109608 	999.000000 	8.062258 	18.027756 	37.802116 	44.821869 	68.352028 	40.224369 	124.555206 	45.221676 	38.078865 	81.320351 	30.870699 	38.948685 	41.677334 	43.046486 	12.369317 	12.369317 	101.316338 	44.204071 	37.336308 	39.623226 	78.243210 	28.160255 	21.377558 	22.803509 	
46.173584 	23.086792 	19.313208 	64.938431 	33.241539 	26.925823 	68.095520 	10.816654 	12.041595 	12.165525 	34.828148 	32.649654 	7.000000 	85.982559 	38.948685 	86.034874 	77.833153 	38.288380 	11.401754 	24.758837 	7.211102 	2.236068 	9.848858 	7.615773 	33.241539 	8.062258 	999.000000 	10.000000 	29.832869 	36.878178 	76.321686 	32.202484 	117.477661 	37.202152 	30.016663 	73.552704 	22.847319 	30.886890 	33.615471 	34.985710 	18.867962 	8.602325 	93.723000 	52.201534 	29.410883 	47.507893 	70.292244 	21.023796 	16.124516 	29.068884 	
54.918121 	18.027756 	26.019224 	73.979729 	42.201897 	19.104973 	59.033890 	17.000000 	21.189621 	21.540659 	25.238859 	23.021729 	16.155495 	76.661591 	43.965897 	77.884529 	69.641945 	28.600698 	21.023796 	15.000000 	4.000000 	9.848858 	19.723083 	17.492855 	23.345236 	18.027756 	10.000000 	999.000000 	19.849434 	26.907248 	86.005814 	22.203604 	108.300507 	27.202942 	20.124611 	63.702435 	13.341664 	21.023796 	23.706539 	25.059929 	28.425341 	13.341664 	84.023804 	62.201286 	20.223749 	57.489128 	60.307545 	14.764823 	15.231546 	38.275318 	
72.732384 	21.377558 	42.720020 	92.027168 	60.539242 	14.317822 	41.484936 	34.539833 	40.311287 	40.816662 	8.062258 	6.324555 	35.510563 	58.180752 	57.000000 	62.289646 	54.147945 	10.198039 	40.496914 	6.082763 	23.021729 	29.410883 	39.408119 	37.202152 	4.123106 	37.802116 	29.832869 	19.849434 	999.000000 	7.071068 	105.095192 	3.000000 	89.961105 	7.615773 	5.000000 	44.045429 	10.198039 	5.656854 	6.324555 	7.071068 	48.104053 	31.622776 	64.637451 	82.006096 	11.180340 	77.336922 	40.459858 	20.099751 	28.460499 	57.628117 	
79.120163 	26.019224 	49.040798 	98.432716 	67.119293 	18.027756 	35.510563 	41.146080 	47.169907 	47.707443 	6.708204 	7.071068 	42.438190 	51.623638 	62.201286 	57.008770 	49.010204 	5.830952 	47.434166 	12.529964 	30.000000 	36.400551 	46.400433 	44.204071 	4.123106 	44.821869 	36.878178 	26.907248 	7.071068 	999.000000 	111.825760 	5.385165 	83.384651 	2.828427 	9.219544 	37.013512 	16.552946 	9.055386 	7.071068 	6.324555 	55.172459 	38.600517 	57.688820 	89.022469 	15.000000 	84.386017 	33.421551 	25.961510 	34.928497 	64.660652 	
34.655445 	89.050545 	63.513779 	18.384777 	44.944408 	96.798759 	136.359818 	70.710678 	64.884514 	64.474800 	108.046288 	106.174385 	69.856995 	154.673843 	59.816387 	147.922272 	140.730240 	111.646767 	65.000000 	99.297531 	82.346825 	76.157730 	66.483078 	68.709534 	107.823929 	68.352028 	76.321686 	86.005814 	105.095192 	111.825760 	999.000000 	107.786827 	183.853195 	112.698715 	106.103722 	146.441116 	99.161484 	107.018692 	109.658562 	110.981979 	62.169125 	78.847954 	164.805954 	29.154760 	105.688217 	35.128338 	144.754959 	95.880135 	87.321243 	58.034473 	
75.584389 	24.331051 	45.607018 	94.868332 	63.324562 	17.088007 	40.792156 	37.336308 	42.941822 	43.416588 	8.944272 	7.810250 	38.078865 	57.008770 	60.000000 	62.072536 	54.009258 	10.049875 	43.046486 	9.055386 	25.553865 	31.906113 	41.880783 	39.661064 	4.472136 	40.224369 	32.202484 	22.203604 	3.000000 	5.385165 	107.786827 	999.000000 	88.769363 	5.000000 	4.000000 	42.201897 	11.180340 	4.123106 	3.605551 	4.123106 	50.209560 	33.421551 	62.968246 	84.403793 	10.198039 	79.649231 	38.209946 	20.615528 	29.546574 	59.548298 	
149.201202 	97.200821 	122.147453 	167.092789 	140.264038 	90.972527 	49.396355 	117.413795 	124.851913 	125.670204 	83.186539 	85.422478 	121.202309 	31.780497 	124.739731 	36.891735 	43.278172 	80.056229 	125.924583 	93.477272 	110.276924 	116.284134 	125.642349 	123.713379 	85.906929 	124.555206 	117.477661 	108.300507 	89.961105 	83.384651 	183.853195 	88.769363 	999.000000 	84.504440 	92.477028 	48.836460 	99.924973 	92.114059 	89.537704 	88.255310 	136.341476 	121.198181 	29.000000 	166.817261 	97.406364 	163.217651 	56.320511 	109.201645 	118.308914 	146.485489 	
80.324341 	28.017851 	50.289165 	99.624290 	68.154236 	20.223749 	37.215588 	42.154476 	47.885281 	48.373547 	9.433981 	9.486833 	43.046486 	52.810986 	64.070274 	59.008472 	51.088158 	8.602325 	48.020828 	13.601471 	30.528675 	36.891735 	46.872166 	44.654228 	6.082763 	45.221676 	37.202152 	27.202942 	7.615773 	2.828427 	112.698715 	5.000000 	84.504440 	999.000000 	8.062258 	37.443291 	15.811388 	7.615773 	5.099020 	4.000000 	55.172459 	38.288380 	58.309521 	89.403580 	13.152946 	84.646324 	33.241539 	24.698177 	34.000000 	64.443771 	
74.464760 	25.298222 	44.721359 	93.680305 	61.983868 	18.867962 	44.721359 	36.138622 	41.231056 	41.629318 	12.649111 	11.180340 	36.249138 	60.745369 	60.133186 	66.068146 	58.008621 	14.035668 	41.146080 	9.486833 	23.769728 	29.966648 	39.824615 	37.589893 	8.246211 	38.078865 	30.016663 	20.124611 	5.000000 	9.219544 	106.103722 	4.000000 	92.477028 	8.062258 	999.000000 	45.486263 	7.810250 	1.000000 	3.605551 	5.000000 	47.507893 	30.413813 	66.370171 	82.097504 	6.324555 	77.201035 	41.036568 	16.763054 	25.942244 	56.586216 	
112.507774 	57.454330 	82.927681 	131.609268 	101.513542 	49.648766 	18.027756 	76.216797 	82.975899 	83.630135 	38.948685 	41.036568 	78.568443 	19.416489 	91.547798 	35.608986 	31.240999 	35.383614 	83.546394 	48.795490 	66.468040 	72.835434 	82.758682 	80.622574 	40.360870 	81.320351 	73.552704 	63.702435 	44.045429 	37.013512 	146.441116 	42.201897 	48.836460 	37.443291 	45.486263 	999.000000 	53.254108 	44.944408 	42.190044 	40.816662 	92.097771 	75.604233 	21.023796 	125.319588 	49.648766 	120.933868 	8.544003 	61.773781 	71.344238 	101.671036 	
68.249542 	23.600847 	39.051247 	87.321243 	55.542778 	19.416489 	51.662365 	30.149628 	34.481880 	34.785053 	18.027756 	16.000000 	29.410883 	68.154236 	55.901699 	72.443085 	64.280632 	20.396078 	34.176014 	9.848858 	17.262676 	23.086792 	32.695564 	30.463093 	14.317822 	30.870699 	22.847319 	13.341664 	10.198039 	16.552946 	99.161484 	11.180340 	99.924973 	15.811388 	7.810250 	53.254108 	999.000000 	8.485281 	11.313708 	12.727922 	39.824615 	22.627417 	74.094536 	74.625732 	7.000000 	69.634758 	48.836460 	10.000000 	18.384777 	48.795490 	
75.432091 	26.248810 	45.705578 	94.641426 	62.936478 	19.723083 	44.553337 	37.107952 	42.154476 	42.544094 	13.000000 	11.661903 	37.161808 	60.406952 	61.131008 	66.030296 	58.000000 	14.142136 	42.047592 	10.440307 	24.698177 	30.870699 	40.706264 	38.470768 	8.544003 	38.948685 	30.886890 	21.023796 	5.656854 	9.055386 	107.018692 	4.123106 	92.114059 	7.615773 	1.000000 	44.944408 	8.485281 	999.000000 	2.828427 	4.242640 	48.270073 	31.112698 	65.863495 	82.927681 	6.082763 	78.006409 	40.360870 	17.088007 	26.419689 	57.280014 	
77.884529 	27.658634 	48.052055 	97.123634 	65.459915 	20.615528 	42.296574 	39.560081 	44.777225 	45.188496 	12.206555 	11.313708 	39.812057 	57.870544 	63.031738 	64.000000 	56.035702 	12.649111 	44.721359 	12.041595 	27.313000 	33.541019 	43.416588 	41.182522 	7.810250 	41.677334 	33.615471 	23.706539 	6.324555 	7.071068 	109.658562 	3.605551 	89.537704 	5.099020 	3.605551 	42.190044 	11.313708 	2.828427 	999.000000 	1.414214 	51.088158 	33.941124 	63.134777 	85.702972 	8.062258 	80.802231 	37.536648 	19.697716 	29.154760 	60.108234 	
79.120163 	28.442924 	49.244289 	98.371742 	66.730804 	21.189621 	41.194660 	40.804413 	46.097721 	46.518814 	12.041595 	11.401754 	41.146080 	56.612720 	64.007812 	63.007935 	55.081757 	12.083046 	46.065170 	13.000000 	28.635643 	34.885529 	44.777225 	42.544094 	7.810250 	43.046486 	34.985710 	25.059929 	7.071068 	6.324555 	110.981979 	4.123106 	88.255310 	4.000000 	5.000000 	40.816662 	12.727922 	4.242640 	1.414214 	999.000000 	52.497620 	35.355339 	61.773781 	87.091904 	9.219544 	82.200974 	36.124783 	21.023796 	30.528675 	61.522354 	
37.947330 	40.804413 	24.351591 	54.230988 	25.942244 	45.617977 	86.954010 	22.022715 	15.132746 	14.142136 	53.600372 	51.400391 	16.278820 	104.847511 	42.438190 	104.546638 	96.384644 	57.008770 	13.038404 	43.416588 	26.076809 	20.124611 	12.041595 	13.341664 	51.739735 	12.369317 	18.867962 	28.425341 	48.104053 	55.172459 	62.169125 	50.209560 	136.341476 	55.172459 	47.507893 	92.097771 	39.824615 	48.270073 	51.088158 	52.497620 	999.000000 	17.492855 	112.445541 	35.341194 	45.486263 	30.016663 	88.413803 	34.438351 	25.298222 	10.440307 	
51.088158 	30.149628 	26.925823 	69.115845 	38.118237 	32.388271 	72.090218 	19.104973 	18.027756 	17.720045 	38.013157 	35.777088 	13.892444 	89.470665 	46.872166 	91.214035 	82.969872 	41.182522 	16.492422 	27.730848 	13.038404 	10.816654 	14.317822 	12.649111 	35.510563 	12.369317 	8.602325 	13.341664 	31.622776 	38.600517 	78.847954 	33.421551 	121.198181 	38.288380 	30.413813 	75.604233 	22.627417 	31.112698 	33.941124 	35.355339 	17.492855 	999.000000 	96.260063 	52.773098 	28.017851 	47.507893 	71.449280 	17.088007 	9.055386 	26.172504 	
130.430054 	75.927597 	101.533249 	149.214615 	120.104118 	68.622154 	29.068884 	95.482986 	102.532921 	103.247276 	58.898216 	61.073727 	98.351410 	13.000000 	107.912003 	32.280025 	33.015148 	55.443665 	103.276329 	69.028976 	86.556343 	92.849342 	102.649887 	100.568382 	60.802959 	101.316338 	93.723000 	84.023804 	64.637451 	57.688820 	164.805954 	62.968246 	29.000000 	58.309521 	66.370171 	21.023796 	74.094536 	65.863495 	63.134777 	61.773781 	112.445541 	96.260063 	999.000000 	144.958618 	70.661163 	140.801285 	27.658634 	82.764725 	92.282173 	122.200653 	
27.294687 	69.656296 	44.944408 	29.732138 	28.460499 	76.419891 	117.796432 	49.578220 	42.426407 	41.725292 	86.371292 	84.291161 	46.754681 	136.124939 	50.635956 	132.608444 	124.807854 	89.938866 	41.773197 	76.694199 	59.033890 	52.630791 	42.638012 	44.821869 	85.276024 	44.204071 	52.201534 	62.201286 	82.006096 	89.022469 	29.154760 	84.403793 	166.817261 	89.403580 	82.097504 	125.319588 	74.625732 	82.927681 	85.702972 	87.091904 	35.341194 	52.773098 	144.958618 	999.000000 	80.622574 	6.000000 	122.441826 	69.778221 	60.539242 	29.427877 	
75.133217 	29.529646 	46.043457 	94.148819 	62.369865 	24.083189 	50.358715 	37.121422 	41.231056 	41.484936 	18.973665 	17.464249 	36.138622 	65.802734 	62.801273 	72.006943 	64.007812 	20.223749 	40.804413 	14.212670 	24.186773 	29.832869 	39.217342 	37.000000 	14.560220 	37.336308 	29.410883 	20.223749 	11.180340 	15.000000 	105.688217 	10.198039 	97.406364 	13.152946 	6.324555 	49.648766 	7.000000 	6.082763 	8.062258 	9.219544 	45.486263 	28.017851 	70.661163 	80.622574 	999.000000 	75.471848 	44.407207 	12.206555 	22.022715 	53.907330 	
28.792360 	66.030296 	42.047592 	34.409302 	27.166155 	72.470680 	114.017540 	45.803928 	38.418747 	37.643059 	82.024384 	79.906197 	42.449970 	132.279999 	50.039986 	129.495178 	121.593582 	85.562843 	37.536648 	72.180328 	54.488529 	48.104053 	38.183765 	40.311287 	80.721741 	39.623226 	47.507893 	57.489128 	77.336922 	84.386017 	35.128338 	79.649231 	163.217651 	84.646324 	77.201035 	120.933868 	69.634758 	78.006409 	80.802231 	82.200974 	30.016663 	47.507893 	140.801285 	6.000000 	75.471848 	999.000000 	117.796432 	64.412735 	55.036350 	23.537205 	
111.359779 	56.462376 	81.412529 	130.613937 	99.849884 	48.332184 	24.413111 	74.094536 	80.448738 	81.024689 	36.715118 	38.587563 	75.802376 	27.892651 	91.760559 	43.829212 	38.897301 	33.120991 	80.802231 	45.803928 	63.411354 	69.814041 	79.812279 	77.620872 	37.202152 	78.243210 	70.292244 	60.307545 	40.459858 	33.421551 	144.754959 	38.209946 	56.320511 	33.241539 	41.036568 	8.544003 	48.836460 	40.360870 	37.536648 	36.124783 	88.413803 	71.449280 	27.658634 	122.441826 	44.407207 	117.796432 	999.000000 	56.612720 	66.400299 	97.621719 	
67.067131 	30.610456 	39.812057 	85.586212 	54.083271 	28.231188 	61.392181 	30.805843 	33.000000 	33.015148 	28.017851 	26.000000 	28.017851 	77.491936 	58.523499 	82.389320 	74.242844 	30.265491 	32.062439 	19.416489 	18.384777 	22.203604 	30.149628 	28.071337 	24.186773 	28.160255 	21.023796 	14.764823 	20.099751 	25.961510 	95.880135 	20.615528 	109.201645 	24.698177 	16.763054 	61.773781 	10.000000 	17.088007 	19.697716 	21.023796 	34.438351 	17.088007 	82.764725 	69.778221 	12.206555 	64.412735 	56.612720 	999.000000 	9.899495 	42.201897 	
60.133186 	33.241539 	35.341194 	78.057671 	47.169907 	33.241539 	69.921387 	26.925823 	26.925823 	26.683329 	35.902645 	33.734257 	22.472204 	86.539009 	55.072678 	90.255196 	82.036575 	38.600517 	25.495098 	26.172504 	17.204651 	18.027756 	23.345236 	21.587032 	32.572994 	21.377558 	16.124516 	15.231546 	28.460499 	34.928497 	87.321243 	29.546574 	118.308914 	34.000000 	25.942244 	71.344238 	18.384777 	26.419689 	29.154760 	30.528675 	25.298222 	9.055386 	92.282173 	60.539242 	22.022715 	55.036350 	66.400299 	9.899495 	999.000000 	32.449963 	
39.661064 	51.244511 	33.376640 	53.160137 	29.732138 	55.946404 	97.128784 	32.249031 	25.019993 	24.020824 	63.513779 	61.294373 	26.683329 	114.908661 	49.658836 	114.947815 	106.775467 	66.850578 	23.086792 	53.254108 	36.235340 	30.463093 	22.360680 	23.769728 	61.400326 	22.803509 	29.068884 	38.275318 	57.628117 	64.660652 	58.034473 	59.548298 	146.485489 	64.443771 	56.586216 	101.671036 	48.795490 	57.280014 	60.108234 	61.522354 	10.440307 	26.172504 	122.200653 	29.427877 	53.907330 	23.537205 	97.621719 	42.201897 	32.449963 	999.000000 	

Travel time:
9.000000 	1.376817 	0.752080 	0.482830 	0.325000 	1.576586 	2.545707 	0.958188 	0.853302 	0.851469 	1.868321 	1.825171 	0.980115 	3.002603 	0.648556 	2.833946 	2.652593 	1.957358 	0.875357 	1.668270 	1.274755 	1.134956 	0.925000 	0.975320 	1.875667 	0.975000 	1.154340 	1.372953 	1.818310 	1.978004 	0.866386 	1.889610 	3.730030 	2.008109 	1.861619 	2.812694 	1.706239 	1.885802 	1.947113 	1.978004 	0.948683 	1.277204 	3.260751 	0.682367 	1.878330 	0.719809 	2.783994 	1.676678 	1.503330 	0.991527 	
1.376817 	9.000000 	0.640312 	1.856071 	1.105102 	0.206155 	1.204159 	0.506211 	0.694622 	0.716327 	0.509902 	0.477624 	0.617454 	1.663205 	0.905539 	1.599414 	1.397542 	0.594243 	0.726722 	0.395285 	0.427931 	0.530330 	0.728869 	0.687841 	0.550000 	0.711512 	0.577170 	0.450694 	0.534439 	0.650481 	2.226264 	0.608276 	2.430021 	0.700446 	0.632456 	1.436358 	0.590021 	0.656220 	0.691466 	0.711073 	1.020110 	0.753741 	1.898190 	1.741407 	0.738241 	1.650757 	1.411559 	0.765261 	0.831038 	1.281113 	
0.752080 	0.640312 	9.000000 	1.234909 	0.465027 	0.832166 	1.838478 	0.226385 	0.250000 	0.270416 	1.118034 	1.073837 	0.325960 	2.298097 	0.500000 	2.191603 	1.997029 	1.207528 	0.305164 	0.917197 	0.550568 	0.443001 	0.355317 	0.371652 	1.123610 	0.388909 	0.482830 	0.650481 	1.068001 	1.226020 	1.587844 	1.140175 	3.053686 	1.257229 	1.118034 	2.073192 	0.976281 	1.142639 	1.201301 	1.231107 	0.608790 	0.673146 	2.538331 	1.123610 	1.151086 	1.051190 	2.035313 	0.995301 	0.883530 	0.834416 	
0.482830 	1.856071 	1.234909 	9.000000 	0.794512 	2.057304 	3.010814 	1.439184 	1.323820 	1.319327 	2.350532 	2.307732 	1.451293 	3.465003 	1.060660 	3.270417 	3.096066 	2.439390 	1.340009 	2.150872 	1.752320 	1.608182 	1.386092 	1.438967 	2.358495 	1.435705 	1.623461 	1.849493 	2.300679 	2.460818 	0.459619 	2.371708 	4.177320 	2.490607 	2.342008 	3.290232 	2.183031 	2.366036 	2.428091 	2.459294 	1.355775 	1.727896 	3.730365 	0.743303 	2.353720 	0.860233 	3.265348 	2.139655 	1.951442 	1.329003 	
0.325000 	1.105102 	0.465027 	0.794512 	9.000000 	1.296630 	2.299185 	0.650000 	0.530330 	0.527376 	1.578369 	1.532359 	0.657647 	2.758623 	0.575543 	2.630233 	2.440415 	1.668270 	0.550568 	1.365650 	0.958188 	0.813941 	0.600000 	0.650481 	1.576785 	0.650000 	0.831038 	1.055047 	1.513481 	1.677982 	1.123610 	1.583114 	3.506601 	1.703856 	1.549597 	2.537838 	1.388569 	1.573412 	1.636498 	1.668270 	0.648556 	0.952956 	3.002603 	0.711512 	1.559247 	0.679154 	2.496247 	1.352082 	1.179248 	0.743303 	
1.576586 	0.206155 	0.832166 	2.057304 	1.296630 	9.000000 	1.040433 	0.671751 	0.851469 	0.870704 	0.304138 	0.275000 	0.755811 	1.495410 	1.110180 	1.478386 	1.273038 	0.388104 	0.875000 	0.247487 	0.498121 	0.637377 	0.866747 	0.818917 	0.353553 	0.840387 	0.673146 	0.477624 	0.357946 	0.450694 	2.419969 	0.427200 	2.274313 	0.505594 	0.471699 	1.241219 	0.485412 	0.493077 	0.515388 	0.529741 	1.140449 	0.809707 	1.715554 	1.910497 	0.602080 	1.811767 	1.208305 	0.705780 	0.831038 	1.398660 	
2.545707 	1.204159 	1.838478 	3.010814 	2.299185 	1.040433 	9.000000 	1.706239 	1.890106 	1.910007 	0.854400 	0.910014 	1.796177 	0.459619 	1.972308 	0.564026 	0.391312 	0.783023 	1.915235 	1.109617 	1.522539 	1.672199 	1.906895 	1.858259 	0.934077 	1.879162 	1.702388 	1.475847 	1.037123 	0.887764 	3.408995 	1.019804 	1.234909 	0.930390 	1.118034 	0.450694 	1.291559 	1.113833 	1.057414 	1.029866 	2.173850 	1.802255 	0.726722 	2.944911 	1.258968 	2.850439 	0.610328 	1.534805 	1.748035 	2.428220 	
0.958188 	0.506211 	0.226385 	1.439184 	0.650000 	0.671751 	1.706239 	9.000000 	0.190394 	0.213600 	0.936082 	0.887764 	0.158114 	2.163908 	0.704450 	2.101934 	1.901480 	1.026219 	0.230489 	0.715891 	0.325000 	0.223607 	0.250000 	0.230489 	0.928036 	0.254951 	0.270416 	0.425000 	0.863496 	1.028652 	1.767767 	0.933408 	2.935345 	1.053862 	0.903466 	1.905420 	0.753741 	0.927699 	0.989002 	1.020110 	0.550568 	0.477624 	2.387075 	1.239455 	0.928036 	1.145098 	1.852363 	0.770146 	0.673146 	0.806226 	
0.853302 	0.694622 	0.250000 	1.323820 	0.530330 	0.851469 	1.890106 	0.190394 	9.000000 	0.025000 	1.101136 	1.050297 	0.127475 	2.346540 	0.743303 	2.291970 	2.091202 	1.190850 	0.055902 	0.866747 	0.436606 	0.285044 	0.106066 	0.134629 	1.081665 	0.145774 	0.301040 	0.529741 	1.007782 	1.179248 	1.622113 	1.073546 	3.121298 	1.197132 	1.030776 	2.074398 	0.862047 	1.053862 	1.119431 	1.152443 	0.378319 	0.450694 	2.563323 	1.060660 	1.030776 	0.960469 	2.011219 	0.825000 	0.673146 	0.625500 	
0.851469 	0.716327 	0.270416 	1.319327 	0.527376 	0.870704 	1.910007 	0.213600 	0.025000 	9.000000 	1.117195 	1.065950 	0.134629 	2.366036 	0.760345 	2.314357 	2.113350 	1.206752 	0.035355 	0.880696 	0.447214 	0.292617 	0.090139 	0.127475 	1.095730 	0.134629 	0.304138 	0.538516 	1.020416 	1.192686 	1.611870 	1.085415 	3.141755 	1.209339 	1.040733 	2.090753 	0.869626 	1.063602 	1.129712 	1.162970 	0.353553 	0.443001 	2.581182 	1.043132 	1.037123 	0.941076 	2.025617 	0.825379 	0.667083 	0.600521 	
1.868321 	0.509902 	1.118034 	2.350532 	1.578369 	0.304138 	0.854400 	0.936082 	1.101136 	1.117195 	9.000000 	0.055902 	0.990581 	1.286954 	1.414214 	1.361295 	1.156774 	0.090139 	1.114955 	0.257391 	0.691466 	0.849264 	1.096016 	1.043132 	0.111803 	1.061249 	0.870704 	0.630971 	0.201556 	0.167705 	2.701157 	0.223607 	2.079664 	0.235850 	0.316228 	0.973717 	0.450694 	0.325000 	0.305164 	0.301040 	1.340009 	0.950329 	1.472455 	2.159282 	0.474342 	2.050610 	0.917878 	0.700446 	0.897566 	1.587844 	
1.825171 	0.477624 	1.073837 	2.307732 	1.532359 	0.275000 	0.910014 	0.887764 	1.050297 	1.065950 	0.055902 	9.000000 	0.938416 	1.342805 	1.383158 	1.414214 	1.209339 	0.141421 	1.063015 	0.201556 	0.637377 	0.795692 	1.043132 	0.989950 	0.090139 	1.007782 	0.816241 	0.575543 	0.158114 	0.176777 	2.654360 	0.195256 	2.135562 	0.237171 	0.279509 	1.025914 	0.400000 	0.291548 	0.282843 	0.285044 	1.285010 	0.894427 	1.526843 	2.107279 	0.436606 	1.997655 	0.964689 	0.650000 	0.843356 	1.532359 	
0.980115 	0.617454 	0.325960 	1.451293 	0.657647 	0.755811 	1.796177 	0.158114 	0.127475 	0.134629 	0.990581 	0.938416 	9.000000 	2.250000 	0.825379 	2.215993 	2.013237 	1.079641 	0.125000 	0.750000 	0.313249 	0.158114 	0.111803 	0.075000 	0.965013 	0.100000 	0.175000 	0.403887 	0.887764 	1.060955 	1.746425 	0.951972 	3.030058 	1.076162 	0.906228 	1.964211 	0.735272 	0.929045 	0.995301 	1.028652 	0.406971 	0.347311 	2.458785 	1.168867 	0.903466 	1.061249 	1.895059 	0.700446 	0.561805 	0.667083 	
3.002603 	1.663205 	2.298097 	3.465003 	2.758623 	1.495410 	0.459619 	2.163908 	2.346540 	2.366036 	1.286954 	1.342805 	2.250000 	9.000000 	2.419969 	0.503115 	0.500625 	1.207528 	2.370258 	1.544345 	1.969296 	2.121910 	2.360085 	2.310438 	1.353237 	2.330772 	2.149564 	1.916540 	1.454519 	1.290591 	3.866846 	1.425219 	0.794512 	1.320275 	1.518634 	0.485412 	1.703856 	1.510174 	1.446764 	1.415318 	2.621188 	2.236767 	0.325000 	3.403123 	1.645068 	3.307000 	0.697316 	1.937298 	2.163475 	2.872716 	
0.648556 	0.905539 	0.500000 	1.060660 	0.575543 	1.110180 	1.972308 	0.704450 	0.743303 	0.760345 	1.414214 	1.383158 	0.825379 	2.419969 	9.000000 	2.209779 	2.036695 	1.496036 	0.795692 	1.275245 	1.004054 	0.928036 	0.849264 	0.870704 	1.453444 	0.886707 	0.973717 	1.099147 	1.425000 	1.555032 	1.495410 	1.500000 	3.118493 	1.601757 	1.503330 	2.288695 	1.397542 	1.528275 	1.575794 	1.600195 	1.060955 	1.171804 	2.697800 	1.265899 	1.570032 	1.251000 	2.294014 	1.463087 	1.376817 	1.241471 	
2.833946 	1.599414 	2.191603 	3.270417 	2.630233 	1.478386 	0.564026 	2.101934 	2.291970 	2.314357 	1.361295 	1.414214 	2.215993 	0.503115 	2.209779 	9.000000 	0.206155 	1.303840 	2.325941 	1.603317 	1.976424 	2.112611 	2.327687 	2.284732 	1.455378 	2.307732 	2.150872 	1.947113 	1.557241 	1.425219 	3.698057 	1.551813 	0.922293 	1.475212 	1.651704 	0.890225 	1.811077 	1.650757 	1.600000 	1.575198 	2.613666 	2.280351 	0.807001 	3.315211 	1.800174 	3.237380 	1.095730 	2.059733 	2.256380 	2.873695 	
2.652593 	1.397542 	1.997029 	3.096066 	2.440415 	1.273038 	0.391312 	1.901480 	2.091202 	2.113350 	1.156774 	1.209339 	2.013237 	0.500625 	2.036695 	0.206155 	9.000000 	1.101136 	2.124264 	1.397542 	1.770946 	1.908042 	2.125000 	2.081466 	1.252248 	2.104311 	1.945829 	1.741049 	1.353699 	1.225255 	3.518256 	1.350231 	1.081954 	1.277204 	1.450216 	0.781025 	1.607016 	1.450000 	1.400892 	1.377044 	2.409616 	2.074247 	0.825379 	3.120196 	1.600195 	3.039840 	0.972432 	1.856071 	2.050914 	2.669387 	
1.957358 	0.594243 	1.207528 	2.439390 	1.668270 	0.388104 	0.783023 	1.026219 	1.190850 	1.206752 	0.090139 	0.141421 	1.079641 	1.207528 	1.496036 	1.303840 	1.101136 	9.000000 	1.204159 	0.340037 	0.778621 	0.937083 	1.184536 	1.131371 	0.152069 	1.149184 	0.957209 	0.715017 	0.254951 	0.145774 	2.791169 	0.251247 	2.001406 	0.215058 	0.350892 	0.884590 	0.509902 	0.353553 	0.316228 	0.302076 	1.425219 	1.029563 	1.386092 	2.248472 	0.505594 	2.139071 	0.828025 	0.756637 	0.965013 	1.671264 	
0.875357 	0.726722 	0.305164 	1.340009 	0.550568 	0.875000 	1.915235 	0.230489 	0.055902 	0.035355 	1.114955 	1.063015 	0.125000 	2.370258 	0.795692 	2.325941 	2.124264 	1.204159 	9.000000 	0.875000 	0.437321 	0.279509 	0.055902 	0.100000 	1.090011 	0.103078 	0.285044 	0.525595 	1.012423 	1.185854 	1.625000 	1.076162 	3.148115 	1.200521 	1.028652 	2.088660 	0.854400 	1.051190 	1.118034 	1.151629 	0.325960 	0.412311 	2.581908 	1.044330 	1.020110 	0.938416 	2.020056 	0.801561 	0.637377 	0.577170 	
1.668270 	0.395285 	0.917197 	2.150872 	1.365650 	0.247487 	1.109617 	0.715891 	0.866747 	0.880696 	0.257391 	0.201556 	0.750000 	1.544345 	1.275245 	1.603317 	1.397542 	0.340037 	0.875000 	9.000000 	0.442295 	0.602080 	0.851469 	0.797261 	0.215058 	0.813941 	0.618971 	0.375000 	0.152069 	0.313249 	2.482438 	0.226385 	2.336932 	0.340037 	0.237171 	1.219887 	0.246221 	0.261008 	0.301040 	0.325000 	1.085415 	0.693271 	1.725724 	1.917355 	0.355317 	1.804508 	1.145098 	0.485412 	0.654313 	1.331353 	
1.274755 	0.427931 	0.550568 	1.752320 	0.958188 	0.498121 	1.522539 	0.325000 	0.436606 	0.447214 	0.691466 	0.637377 	0.313249 	1.969296 	1.004054 	1.976424 	1.770946 	0.778621 	0.437321 	0.442295 	9.000000 	0.160078 	0.410031 	0.355317 	0.656220 	0.371652 	0.180278 	0.100000 	0.575543 	0.750000 	2.058671 	0.638847 	2.756923 	0.763217 	0.594243 	1.661701 	0.431567 	0.617454 	0.682825 	0.715891 	0.651920 	0.325960 	2.163908 	1.475847 	0.604669 	1.362213 	1.585284 	0.459619 	0.430116 	0.905883 	
1.134956 	0.530330 	0.443001 	1.608182 	0.813941 	0.637377 	1.672199 	0.223607 	0.285044 	0.292617 	0.849264 	0.795692 	0.158114 	2.121910 	0.928036 	2.112611 	1.908042 	0.937083 	0.279509 	0.602080 	0.160078 	9.000000 	0.250000 	0.195256 	0.816241 	0.212132 	0.055902 	0.246221 	0.735272 	0.910014 	1.903943 	0.797653 	2.907103 	0.922293 	0.749166 	1.820886 	0.577170 	0.771767 	0.838525 	0.872138 	0.503115 	0.270416 	2.321234 	1.315770 	0.745822 	1.202601 	1.745351 	0.555090 	0.450694 	0.761577 	
0.925000 	0.728869 	0.355317 	1.386092 	0.600000 	0.866747 	1.906895 	0.250000 	0.106066 	0.090139 	1.096016 	1.043132 	0.111803 	2.360085 	0.849264 	2.327687 	2.125000 	1.184536 	0.055902 	0.851469 	0.410031 	0.250000 	9.000000 	0.055902 	1.065950 	0.050000 	0.246221 	0.493077 	0.985203 	1.160011 	1.662077 	1.047020 	3.141059 	1.171804 	0.995615 	2.068967 	0.817389 	1.017657 	1.085415 	1.119431 	0.301040 	0.357946 	2.566247 	1.065950 	0.980434 	0.954594 	1.995307 	0.753741 	0.583631 	0.559017 	
0.975320 	0.687841 	0.371652 	1.438967 	0.650481 	0.818917 	1.858259 	0.230489 	0.134629 	0.127475 	1.043132 	0.989950 	0.075000 	2.310438 	0.870704 	2.284732 	2.081466 	1.131371 	0.100000 	0.797261 	0.355317 	0.195256 	0.055902 	9.000000 	1.011496 	0.025000 	0.190394 	0.437321 	0.930054 	1.105102 	1.717738 	0.991527 	3.092834 	1.116356 	0.939747 	2.015564 	0.761577 	0.961769 	1.029563 	1.063602 	0.333542 	0.316228 	2.514210 	1.120547 	0.925000 	1.007782 	1.940522 	0.701783 	0.539676 	0.594243 	
