Total assets = 566
Number of asset nodes = 34

Distance:
999.000000 	11.180340 	43.046486 	83.546394 	34.176014 	42.047592 	44.721359 	13.038404 	41.773197 	80.802231 	25.495098 	9.219544 	83.815269 	1.414214 	91.214035 	52.773098 	28.231188 	41.436699 	43.931767 	47.381432 	47.518417 	45.891174 	43.011627 	47.074409 	46.324940 	43.657761 	38.288380 	47.127487 	57.078892 	47.434166 	42.201897 	64.070274 	56.718605 	57.706154 	65.122963 	63.387695 	64.280632 	67.067131 	72.062469 	50.774010 	64.776543 	67.601776 	69.354164 	69.462219 	72.339478 	66.407829 	65.000000 	74.330345 	
11.180340 	999.000000 	31.906113 	72.835434 	23.086792 	30.870699 	33.541019 	20.124611 	52.630791 	69.814041 	18.027756 	8.944272 	74.094536 	11.704700 	80.280754 	42.190044 	31.016125 	32.893768 	35.846897 	38.600517 	38.897301 	37.696156 	35.846897 	39.000000 	38.483765 	36.891735 	35.510563 	39.824615 	47.675991 	40.311287 	38.418747 	54.037025 	48.083260 	49.040798 	55.731499 	54.341511 	55.108982 	57.558666 	62.032249 	45.967381 	56.044624 	58.694122 	60.207973 	60.415230 	63.150612 	59.033890 	58.309521 	67.082039 	
43.046486 	31.906113 	999.000000 	42.201897 	11.180340 	4.123106 	3.605551 	50.209560 	84.403793 	38.209946 	29.546574 	37.336308 	47.539455 	43.416588 	48.795490 	19.849434 	54.589375 	28.284271 	31.575306 	29.732138 	30.675724 	32.015621 	35.227829 	33.241539 	33.955853 	37.215588 	47.675991 	36.878178 	32.015621 	37.854988 	47.095646 	33.015148 	36.359318 	36.891735 	38.209946 	38.948685 	38.897301 	39.051247 	39.824615 	49.365982 	41.868843 	43.139309 	43.185646 	43.863426 	45.453274 	50.249378 	52.325901 	57.428215 	
83.546394 	72.835434 	42.201897 	999.000000 	53.254108 	44.944408 	42.190044 	92.097771 	125.319588 	8.544003 	71.344238 	76.216797 	17.691807 	83.630135 	10.000000 	48.052055 	96.566040 	65.459915 	67.720009 	63.788715 	64.761101 	67.186310 	72.124893 	67.911705 	69.123077 	74.040527 	87.464279 	72.034714 	59.211487 	73.006851 	85.702972 	53.037724 	65.276337 	65.192024 	60.074955 	63.007935 	62.032249 	59.211487 	53.935146 	85.146935 	66.030296 	65.192024 	63.387695 	64.381676 	63.788715 	77.006493 	81.024689 	81.394104 	
34.176014 	23.086792 	11.180340 	53.254108 	999.000000 	8.485281 	11.313708 	39.824615 	74.625732 	48.836460 	18.384777 	30.149628 	58.523499 	34.785053 	59.464275 	20.223749 	43.416588 	20.124611 	23.706539 	23.430750 	24.207438 	24.698177 	26.570660 	26.076809 	26.419689 	28.460499 	37.121422 	29.068884 	29.154760 	29.966648 	37.054016 	33.241539 	31.890438 	32.649654 	36.674240 	36.359318 	36.715118 	38.078865 	41.000000 	40.521599 	38.832977 	40.816662 	41.593269 	42.059483 	44.283180 	45.276924 	46.400433 	53.037724 	
42.047592 	30.870699 	4.123106 	44.944408 	8.485281 	999.000000 	2.828427 	48.270073 	82.927681 	40.360870 	26.419689 	37.107952 	51.195702 	42.544094 	50.990196 	16.643316 	51.623638 	24.186773 	27.459061 	25.632011 	26.570660 	27.892651 	31.144823 	29.120440 	29.832869 	33.136082 	43.931767 	32.756680 	28.319605 	33.734257 	43.185646 	30.016663 	32.449963 	33.015148 	34.828148 	35.355339 	35.383614 	35.805027 	37.161808 	45.276924 	38.209946 	39.623226 	39.824615 	40.459858 	42.201897 	46.324940 	48.301140 	53.600372 	
44.721359 	33.541019 	3.605551 	42.190044 	11.313708 	2.828427 	999.000000 	51.088158 	85.702972 	37.536648 	29.154760 	39.560081 	48.836460 	45.188496 	48.166378 	16.278820 	54.378304 	26.019224 	29.154760 	26.925823 	27.892651 	29.427877 	33.015148 	30.594116 	31.400637 	35.014282 	46.324940 	34.365681 	28.600698 	35.355339 	45.398239 	29.410883 	33.120991 	33.615471 	34.655445 	35.468296 	35.383614 	35.468296 	36.235340 	47.095646 	38.418747 	39.623226 	39.623226 	40.311287 	41.868843 	47.010635 	49.244289 	54.083271 	
13.038404 	20.124611 	50.209560 	92.097771 	39.824615 	48.270073 	51.088158 	999.000000 	35.341194 	88.413803 	25.298222 	22.022715 	94.154129 	14.142136 	99.005051 	55.542778 	16.401220 	40.607880 	42.190044 	46.529560 	46.389652 	44.181442 	40.000000 	45.099888 	44.045429 	40.049969 	30.463093 	44.011364 	56.885849 	44.045429 	35.114101 	65.000000 	55.145264 	56.142673 	64.629715 	62.289646 	63.387695 	66.753281 	72.780495 	44.271889 	63.071388 	66.121101 	68.264191 	68.183578 	71.253067 	62.514000 	60.207973 	70.035706 	
41.773197 	52.630791 	84.403793 	125.319588 	74.625732 	82.927681 	85.702972 	35.341194 	999.000000 	122.441826 	60.539242 	49.578220 	124.963997 	41.725292 	132.909744 	90.873535 	42.047592 	75.286118 	76.400261 	81.043198 	80.777473 	78.339005 	73.545906 	79.075912 	77.878113 	73.164200 	60.074955 	77.278717 	91.482239 	77.103828 	65.069191 	99.929977 	89.050545 	90.027771 	98.954536 	96.317184 	97.514099 	101.138519 	107.563934 	74.006760 	96.690224 	99.824844 	102.181213 	101.980392 	105.118980 	94.260277 	91.049438 	101.044548 	
80.802231 	69.814041 	38.209946 	8.544003 	48.836460 	40.360870 	37.536648 	88.413803 	122.441826 	999.000000 	66.400299 	74.094536 	25.612497 	81.024689 	10.630146 	41.109608 	91.607857 	59.093147 	61.098282 	56.920998 	57.870544 	60.406952 	65.551506 	61.032780 	62.297672 	67.416618 	81.394104 	65.145988 	51.623638 	66.098412 	79.309517 	45.011108 	57.706154 	57.558666 	52.000000 	55.036350 	54.009258 	51.039200 	45.541191 	78.160095 	58.008621 	57.035076 	55.145264 	56.142673 	55.443665 	69.028976 	73.171036 	73.171036 	
25.495098 	18.027756 	29.546574 	71.344238 	18.384777 	26.419689 	29.154760 	25.298222 	60.539242 	66.400299 	999.000000 	26.925823 	76.843994 	26.683329 	77.006493 	30.413813 	25.238859 	16.031219 	18.439089 	22.022715 	22.090721 	20.396078 	17.888544 	21.587032 	20.880613 	18.867962 	20.396078 	21.931713 	32.062439 	22.360680 	21.931713 	39.812057 	31.257000 	32.249031 	40.012497 	38.052597 	39.012817 	42.047592 	47.675991 	28.425341 	39.319206 	42.190044 	44.045429 	44.102154 	47.042534 	41.231056 	40.311287 	49.244289 	
9.219544 	8.944272 	37.336308 	76.216797 	30.149628 	37.107952 	39.560081 	22.022715 	49.578220 	74.094536 	26.925823 	999.000000 	75.432091 	8.544003 	84.314888 	50.000000 	36.138622 	41.785164 	44.777225 	47.434166 	47.759815 	46.615448 	44.777225 	47.927029 	47.423622 	45.793011 	43.416588 	48.764740 	56.293873 	49.244289 	46.690472 	62.289646 	56.920998 	57.870544 	64.327286 	63.063461 	63.788715 	66.098412 	70.256676 	54.561890 	64.845970 	67.446274 	68.883957 	69.123077 	71.805290 	67.977936 	67.230942 	76.026314 	
83.815269 	74.094536 	47.539455 	17.691807 	58.523499 	51.195702 	48.836460 	94.154129 	124.963997 	25.612497 	76.843994 	75.432091 	999.000000 	83.600243 	25.942244 	59.076221 	101.390335 	74.431175 	77.233414 	74.027023 	75.026665 	77.103828 	81.394104 	78.057671 	79.101204 	83.384651 	95.126228 	82.097504 	71.449280 	83.096329 	94.201912 	66.708321 	77.317528 	77.414467 	73.756355 	76.295479 	75.504967 	73.246162 	68.949257 	95.189285 	79.429214 	79.075912 	77.620872 	78.587532 	78.447433 	90.094398 	93.648277 	95.341492 	
1.414214 	11.704700 	43.416588 	83.630135 	34.785053 	42.544094 	45.188496 	14.142136 	41.725292 	81.024689 	26.683329 	8.544003 	83.600243 	999.000000 	91.400215 	53.600372 	29.546574 	42.579338 	45.122055 	48.507732 	48.662102 	47.074409 	44.271889 	48.270073 	47.539455 	44.944408 	39.698868 	48.383881 	58.137768 	48.703182 	43.600460 	65.030762 	57.870544 	58.855755 	66.189125 	64.498062 	65.375839 	68.117546 	73.027390 	52.153618 	65.924202 	68.731361 	70.455658 	70.576202 	73.437050 	67.675697 	66.309875 	75.610847 	
91.214035 	80.280754 	48.795490 	10.000000 	59.464275 	50.990196 	48.166378 	99.005051 	132.909744 	10.630146 	77.006493 	84.314888 	25.942244 	91.400215 	999.000000 	51.078373 	102.200783 	69.318108 	71.175842 	66.850578 	67.779053 	70.384659 	75.643906 	70.936592 	72.235725 	77.472572 	91.706055 	75.026665 	60.876926 	75.960518 	89.470665 	53.600372 	66.940269 	66.708321 	60.406952 	63.639610 	62.514000 	59.211487 	53.000000 	87.920418 	66.483078 	65.192024 	63.071388 	64.070274 	63.000000 	77.524193 	81.884064 	81.024689 	
52.773098 	42.190044 	19.849434 	48.052055 	20.223749 	16.643316 	16.278820 	55.542778 	90.873535 	41.109608 	30.413813 	50.000000 	59.076221 	53.600372 	51.078373 	999.000000 	53.907330 	18.601076 	20.124611 	15.811388 	16.763054 	19.313208 	24.596748 	19.924858 	21.189621 	26.400757 	41.048752 	24.041630 	13.000000 	25.000000 	38.470768 	13.416408 	18.439089 	18.681541 	18.384777 	19.416489 	19.209373 	19.209373 	20.880613 	37.107952 	22.472204 	23.430750 	23.345236 	24.041630 	25.612497 	31.953091 	34.928497 	38.470768 	
28.231188 	31.016125 	54.589375 	96.566040 	43.416588 	51.623638 	54.378304 	16.401220 	42.047592 	91.607857 	25.238859 	36.138622 	101.390335 	29.546574 	102.200783 	53.907330 	999.000000 	36.055511 	36.235340 	41.182522 	40.706264 	38.013157 	32.695564 	38.483765 	37.161808 	31.953091 	18.027756 	36.055511 	51.429562 	35.735138 	23.021729 	60.415230 	48.104053 	49.040798 	58.309521 	55.362442 	56.648037 	60.539242 	67.542580 	32.015621 	55.362442 	58.523499 	61.032780 	60.728905 	63.890530 	52.239830 	49.010204 	59.008472 	
41.436699 	32.893768 	28.284271 	65.459915 	20.124611 	24.186773 	26.019224 	40.607880 	75.286118 	59.093147 	16.031219 	41.785164 	74.431175 	42.579338 	69.318108 	18.601076 	36.055511 	999.000000 	3.605551 	6.000000 	6.082763 	5.000000 	7.000000 	6.403124 	6.403124 	9.000000 	22.472204 	8.944272 	16.278820 	9.848858 	20.248457 	24.698177 	15.297058 	16.278820 	24.083189 	22.022715 	23.000000 	26.172504 	32.280025 	21.095022 	23.345236 	26.172504 	28.017851 	28.071337 	31.016125 	26.627054 	26.870058 	34.669872 	
43.931767 	35.846897 	31.575306 	67.720009 	23.706539 	27.459061 	29.154760 	42.190044 	76.400261 	61.098282 	18.439089 	44.777225 	77.233414 	45.122055 	71.175842 	20.124611 	36.235340 	3.605551 	999.000000 	5.000000 	4.472136 	2.000000 	4.472136 	3.162278 	2.828427 	6.324555 	21.260292 	5.385165 	15.231546 	6.324555 	18.357559 	24.186773 	13.000000 	14.000000 	22.561028 	20.099751 	21.213203 	24.738634 	31.384710 	18.000000 	21.023796 	24.000000 	26.076809 	26.019224 	29.068884 	23.323807 	23.345236 	31.384710 	
47.381432 	38.600517 	29.732138 	63.788715 	23.430750 	25.632011 	26.925823 	46.529560 	81.043198 	56.920998 	22.022715 	47.434166 	74.027023 	48.507732 	66.850578 	15.811388 	41.182522 	6.000000 	5.000000 	999.000000 	1.000000 	3.605551 	9.219544 	4.123106 	5.385165 	10.816654 	26.172504 	8.246211 	10.440307 	9.219544 	23.021729 	19.235384 	9.486833 	10.440307 	18.110771 	16.031219 	17.000000 	20.223749 	26.570660 	21.377558 	17.464249 	20.223749 	22.022715 	22.090721 	25.019993 	21.931713 	23.021729 	29.832869 	
47.518417 	38.897301 	30.675724 	64.761101 	24.207438 	26.570660 	27.892651 	46.389652 	80.777473 	57.870544 	22.090721 	47.759815 	75.026665 	48.662102 	67.779053 	16.763054 	40.706264 	6.082763 	4.472136 	1.000000 	999.000000 	2.828427 	8.485281 	3.162278 	4.472136 	10.000000 	25.455845 	7.280110 	10.770329 	8.246211 	22.203604 	19.723083 	9.219544 	10.198039 	18.248287 	16.000000 	17.029387 	20.396078 	26.925823 	20.396078 	17.262676 	20.099751 	22.000000 	22.022715 	25.000000 	21.260292 	22.203604 	29.206163 	
45.891174 	37.696156 	32.015621 	67.186310 	24.698177 	27.892651 	29.427877 	44.181442 	78.339005 	60.406952 	20.396078 	46.615448 	77.103828 	47.074409 	70.384659 	19.313208 	38.013157 	5.000000 	2.000000 	3.605551 	2.828427 	999.000000 	5.656854 	1.414214 	2.000000 	7.211102 	22.627417 	5.000000 	13.416408 	6.000000 	19.416489 	22.472204 	11.000000 	12.000000 	20.615528 	18.110771 	19.235384 	22.803509 	29.546574 	18.110771 	19.026299 	22.000000 	24.083189 	24.020824 	27.073973 	21.633308 	21.931713 	29.681644 	
43.011627 	35.846897 	35.227829 	72.124893 	26.570660 	31.144823 	33.015148 	40.000000 	73.545906 	65.551506 	17.888544 	44.777225 	81.394104 	44.271889 	75.643906 	24.596748 	32.695564 	7.000000 	4.472136 	9.219544 	8.485281 	5.656854 	999.000000 	5.830952 	4.472136 	2.000000 	16.970562 	4.123106 	18.867962 	4.472136 	13.892444 	28.017851 	15.524175 	16.492422 	25.632011 	22.803509 	24.041630 	27.856777 	34.885529 	14.142136 	23.194826 	26.305893 	28.635643 	28.442924 	31.575306 	23.409399 	22.472204 	31.384710 	
47.074409 	39.000000 	33.241539 	67.911705 	26.076809 	29.120440 	30.594116 	45.099888 	79.075912 	61.032780 	21.587032 	47.927029 	78.057671 	48.270073 	70.936592 	19.924858 	38.483765 	6.403124 	3.162278 	4.123106 	3.162278 	1.414214 	5.830952 	999.000000 	1.414214 	7.071068 	22.671568 	4.123106 	13.038404 	5.099020 	19.209373 	22.203604 	10.049875 	11.045361 	19.924858 	17.262676 	18.439089 	22.135944 	29.068884 	17.262676 	18.000000 	21.023796 	23.194826 	23.086792 	26.172504 	20.248457 	20.518284 	28.301943 	
46.324940 	38.483765 	33.955853 	69.123077 	26.419689 	29.832869 	31.400637 	44.045429 	77.878113 	62.297672 	20.880613 	47.423622 	79.101204 	47.539455 	72.235725 	21.189621 	37.161808 	6.403124 	2.828427 	5.385165 	4.472136 	2.000000 	4.472136 	1.414214 	999.000000 	5.656854 	21.260292 	3.000000 	14.422205 	4.000000 	17.804493 	23.600847 	11.180340 	12.165525 	21.189621 	18.439089 	19.646883 	23.409399 	30.413813 	16.124516 	19.026299 	22.090721 	24.331051 	24.186773 	27.294687 	20.591261 	20.518284 	28.653097 	
43.657761 	36.891735 	37.215588 	74.040527 	28.460499 	33.136082 	35.014282 	40.049969 	73.164200 	67.416618 	18.867962 	45.793011 	83.384651 	44.944408 	77.472572 	26.400757 	31.953091 	9.000000 	6.324555 	10.816654 	10.000000 	7.211102 	2.000000 	7.071068 	5.656854 	999.000000 	15.620500 	4.123106 	20.000000 	4.000000 	12.206555 	29.206163 	16.155495 	17.088007 	26.400757 	23.409399 	24.698177 	28.635643 	35.846897 	12.165525 	23.537205 	26.683329 	29.120440 	28.861740 	32.015621 	22.803509 	21.470911 	30.675724 	
38.288380 	35.510563 	47.675991 	87.464279 	37.121422 	43.931767 	46.324940 	30.463093 	60.074955 	81.394104 	20.396078 	43.416588 	95.126228 	39.698868 	91.706055 	41.048752 	18.027756 	22.472204 	21.260292 	26.172504 	25.455845 	22.627417 	16.970562 	22.671568 	21.260292 	15.620500 	999.000000 	19.416489 	35.608986 	18.867962 	5.000000 	44.821869 	31.384710 	32.249031 	41.677334 	38.470768 	39.824615 	43.908997 	51.312767 	14.142136 	38.078865 	41.231056 	43.863426 	43.462627 	46.615448 	34.234486 	31.000000 	41.000000 	
47.127487 	39.824615 	36.878178 	72.034714 	29.068884 	32.756680 	34.365681 	44.011364 	77.278717 	65.145988 	21.931713 	48.764740 	82.097504 	48.383881 	75.026665 	24.041630 	36.055511 	8.944272 	5.385165 	8.246211 	7.280110 	5.000000 	4.123106 	4.123106 	3.000000 	4.123106 	19.416489 	999.000000 	16.278820 	1.000000 	15.556349 	25.495098 	12.083046 	13.000000 	22.360680 	19.313208 	20.615528 	24.596748 	31.906113 	13.152946 	19.416489 	22.561028 	25.000000 	24.738634 	27.892651 	19.313208 	18.601076 	27.313000 	
57.078892 	47.675991 	32.015621 	59.211487 	29.154760 	28.319605 	28.600698 	56.885849 	91.482239 	51.623638 	32.062439 	56.293873 	71.449280 	58.137768 	60.876926 	13.000000 	51.429562 	16.278820 	15.231546 	10.440307 	10.770329 	13.416408 	18.867962 	13.038404 	14.422205 	20.000000 	35.608986 	16.278820 	999.000000 	16.970562 	31.827662 	9.219544 	6.082763 	6.000000 	8.062258 	7.211102 	7.615773 	10.000000 	16.155495 	27.784887 	9.899495 	11.661903 	12.649111 	13.000000 	15.524175 	18.973665 	22.203604 	25.553865 	
47.434166 	40.311287 	37.854988 	73.006851 	29.966648 	33.734257 	35.355339 	44.045429 	77.103828 	66.098412 	22.360680 	49.244289 	83.096329 	48.703182 	75.960518 	25.000000 	35.735138 	9.848858 	6.324555 	9.219544 	8.246211 	6.000000 	4.472136 	5.099020 	4.000000 	4.000000 	18.867962 	1.000000 	16.970562 	999.000000 	14.866069 	26.172504 	12.529964 	13.416408 	22.825424 	19.697716 	21.023796 	25.059929 	32.449963 	12.165525 	19.646883 	22.803509 	25.298222 	25.000000 	28.160255 	18.973665 	18.027756 	26.925823 	
42.201897 	38.418747 	47.095646 	85.702972 	37.054016 	43.185646 	45.398239 	35.114101 	65.069191 	79.309517 	21.931713 	46.690472 	94.201912 	43.600460 	89.470665 	38.470768 	23.021729 	20.248457 	18.357559 	23.021729 	22.203604 	19.416489 	13.892444 	19.209373 	17.804493 	12.206555 	5.000000 	15.556349 	31.827662 	14.866069 	999.000000 	41.036568 	27.202942 	28.017851 	37.443291 	34.132095 	35.510563 	39.661064 	47.201694 	9.219544 	33.541019 	36.674240 	39.357338 	38.910152 	42.047592 	29.274563 	26.000000 	36.000000 	
64.070274 	54.037025 	33.015148 	53.037724 	33.241539 	30.016663 	29.410883 	65.000000 	99.929977 	45.011108 	39.812057 	62.289646 	66.708321 	65.030762 	53.600372 	13.416408 	60.415230 	24.698177 	24.186773 	19.235384 	19.723083 	22.472204 	28.017851 	22.203604 	23.600847 	29.206163 	44.821869 	25.495098 	9.219544 	26.172504 	41.036568 	999.000000 	14.422205 	13.892444 	7.071068 	10.049875 	9.000000 	6.708204 	8.000000 	36.619667 	13.000000 	12.369317 	11.180340 	12.083046 	12.806249 	24.020824 	28.284271 	28.635643 	
56.718605 	48.083260 	36.359318 	65.276337 	31.890438 	32.449963 	33.120991 	55.145264 	89.050545 	57.706154 	31.257000 	56.920998 	77.317528 	57.870544 	66.940269 	18.439089 	48.104053 	15.297058 	13.000000 	9.486833 	9.219544 	11.000000 	15.524175 	10.049875 	11.180340 	16.155495 	31.384710 	12.083046 	6.082763 	12.529964 	27.202942 	14.422205 	999.000000 	1.000000 	10.295630 	7.280110 	8.544003 	12.529964 	20.000000 	22.203604 	8.062258 	11.000000 	13.152946 	13.038404 	16.124516 	13.892444 	16.492422 	21.260292 	
57.706154 	49.040798 	36.891735 	65.192024 	32.649654 	33.015148 	33.615471 	56.142673 	90.027771 	57.558666 	32.249031 	57.870544 	77.414467 	58.855755 	66.708321 	18.681541 	49.040798 	16.278820 	14.000000 	10.440307 	10.198039 	12.000000 	16.492422 	11.045361 	12.165525 	17.088007 	32.249031 	13.000000 	6.000000 	13.416408 	28.017851 	13.892444 	1.000000 	999.000000 	9.433981 	6.324555 	7.615773 	11.661903 	19.209373 	22.803509 	7.071068 	10.000000 	12.165525 	12.041595 	15.132746 	13.416408 	16.278820 	20.615528 	
65.122963 	55.731499 	38.209946 	60.074955 	36.674240 	34.828148 	34.655445 	64.629715 	98.954536 	52.000000 	40.012497 	64.327286 	73.756355 	66.189125 	60.406952 	18.384777 	58.309521 	24.083189 	22.561028 	18.110771 	18.248287 	20.615528 	25.632011 	19.924858 	21.189621 	26.400757 	41.677334 	22.360680 	8.062258 	22.825424 	37.443291 	7.071068 	10.295630 	9.433981 	999.000000 	3.605551 	2.236068 	2.236068 	9.899495 	31.827662 	6.082763 	5.385165 	5.000000 	5.656854 	7.615773 	17.117243 	21.587032 	21.587032 	
63.387695 	54.341511 	38.948685 	63.007935 	36.359318 	35.355339 	35.468296 	62.289646 	96.317184 	55.036350 	38.052597 	63.063461 	76.295479 	64.498062 	63.639610 	19.416489 	55.362442 	22.022715 	20.099751 	16.031219 	16.000000 	18.110771 	22.803509 	17.262676 	18.439089 	23.409399 	38.470768 	19.313208 	7.211102 	19.697716 	34.132095 	10.049875 	7.280110 	6.324555 	3.605551 	999.000000 	1.414214 	5.656854 	13.453624 	28.284271 	3.162278 	4.472136 	6.000000 	6.082763 	9.000000 	14.000000 	18.248287 	19.313208 	
64.280632 	55.108982 	38.897301 	62.032249 	36.715118 	35.383614 	35.383614 	63.387695 	97.514099 	54.009258 	39.012817 	63.788715 	75.504967 	65.375839 	62.514000 	19.209373 	56.648037 	23.000000 	21.213203 	17.000000 	17.029387 	19.235384 	24.041630 	18.439089 	19.646883 	24.698177 	39.824615 	20.615528 	7.615773 	21.023796 	35.510563 	9.000000 	8.544003 	7.615773 	2.236068 	1.414214 	999.000000 	4.242640 	12.041595 	29.698484 	4.000000 	4.242640 	5.099020 	5.385165 	8.062258 	15.033297 	19.416489 	19.924858 	
67.067131 	57.558666 	39.051247 	59.211487 	38.078865 	35.805027 	35.468296 	66.753281 	101.138519 	51.039200 	42.047592 	66.098412 	73.246162 	68.117546 	59.211487 	19.209373 	60.539242 	26.172504 	24.738634 	20.223749 	20.396078 	22.803509 	27.856777 	22.135944 	23.409399 	28.635643 	43.908997 	24.596748 	10.000000 	25.059929 	39.661064 	6.708204 	12.529964 	11.661903 	2.236068 	5.656854 	4.242640 	999.000000 	7.810250 	33.941124 	7.615773 	6.000000 	4.472136 	5.385165 	6.403124 	18.439089 	23.086792 	22.203604 	
72.062469 	62.032249 	39.824615 	53.935146 	41.000000 	37.161808 	36.235340 	72.780495 	107.563934 	45.541191 	47.675991 	70.256676 	68.949257 	73.027390 	53.000000 	20.880613 	67.542580 	32.280025 	31.384710 	26.570660 	26.925823 	29.546574 	34.885529 	29.068884 	30.413813 	35.846897 	51.312767 	31.906113 	16.155495 	32.449963 	47.201694 	8.000000 	20.000000 	19.209373 	9.899495 	13.453624 	12.041595 	7.810250 	999.000000 	41.725292 	15.264338 	13.000000 	10.440307 	11.401754 	10.000000 	25.632011 	30.463093 	28.071337 	
50.774010 	45.967381 	49.365982 	85.146935 	40.521599 	45.276924 	47.095646 	44.271889 	74.006760 	78.160095 	28.425341 	54.561890 	95.189285 	52.153618 	87.920418 	37.107952 	32.015621 	21.095022 	18.000000 	21.377558 	20.396078 	18.110771 	14.142136 	17.262676 	16.124516 	12.165525 	14.142136 	13.152946 	27.784887 	12.165525 	9.219544 	36.619667 	22.203604 	22.803509 	31.827662 	28.284271 	29.698484 	33.941124 	41.725292 	999.000000 	27.018513 	30.000000 	32.802441 	32.202484 	35.227829 	20.880613 	17.117243 	27.073973 	
64.776543 	56.044624 	41.868843 	66.030296 	38.832977 	38.209946 	38.418747 	63.071388 	96.690224 	58.008621 	39.319206 	64.845970 	79.429214 	65.924202 	66.483078 	22.472204 	55.362442 	23.345236 	21.023796 	17.464249 	17.262676 	19.026299 	23.194826 	18.000000 	19.026299 	23.537205 	38.078865 	19.416489 	9.899495 	19.646883 	33.541019 	13.000000 	8.062258 	7.071068 	6.082763 	3.162278 	4.000000 	7.615773 	15.264338 	27.018513 	999.000000 	3.162278 	5.830952 	5.385165 	8.544003 	11.045361 	15.524175 	16.155495 	
67.601776 	58.694122 	43.139309 	65.192024 	40.816662 	39.623226 	39.623226 	66.121101 	99.824844 	57.035076 	42.190044 	67.446274 	79.075912 	68.731361 	65.192024 	23.430750 	58.523499 	26.172504 	24.000000 	20.223749 	20.099751 	22.000000 	26.305893 	21.023796 	22.090721 	26.683329 	41.231056 	22.561028 	11.661903 	22.803509 	36.674240 	12.369317 	11.000000 	10.000000 	5.385165 	4.472136 	4.242640 	6.000000 	13.000000 	30.000000 	3.162278 	999.000000 	2.828427 	2.236068 	5.385165 	12.649111 	17.464249 	16.278820 	
69.354164 	60.207973 	43.185646 	63.387695 	41.593269 	39.824615 	39.623226 	68.264191 	102.181213 	55.145264 	44.045429 	68.883957 	77.620872 	70.455658 	63.071388 	23.345236 	61.032780 	28.017851 	26.076809 	22.022715 	22.000000 	24.083189 	28.635643 	23.194826 	24.331051 	29.120440 	43.863426 	25.000000 	12.649111 	25.298222 	39.357338 	11.180340 	13.152946 	12.165525 	5.000000 	6.000000 	5.099020 	4.472136 	10.440307 	32.802441 	5.830952 	2.828427 	999.000000 	1.000000 	3.000000 	15.231546 	20.124611 	18.027756 	
69.462219 	60.415230 	43.863426 	64.381676 	42.059483 	40.459858 	40.311287 	68.183578 	101.980392 	56.142673 	44.102154 	69.123077 	78.587532 	70.576202 	64.070274 	24.041630 	60.728905 	28.071337 	26.019224 	22.090721 	22.022715 	24.020824 	28.442924 	23.086792 	24.186773 	28.861740 	43.462627 	24.738634 	13.000000 	25.000000 	38.910152 	12.083046 	13.038404 	12.041595 	5.656854 	6.082763 	5.385165 	5.385165 	11.401754 	32.202484 	5.385165 	2.236068 	1.000000 	999.000000 	3.162278 	14.317822 	19.235384 	17.029387 	
72.339478 	63.150612 	45.453274 	63.788715 	44.283180 	42.201897 	41.868843 	71.253067 	105.118980 	55.443665 	47.042534 	71.805290 	78.447433 	73.437050 	63.000000 	25.612497 	63.890530 	31.016125 	29.068884 	25.019993 	25.000000 	27.073973 	31.575306 	26.172504 	27.294687 	32.015621 	46.615448 	27.892651 	15.524175 	28.160255 	42.047592 	12.806249 	16.124516 	15.132746 	7.615773 	9.000000 	8.062258 	6.403124 	10.000000 	35.227829 	8.544003 	5.385165 	3.000000 	3.162278 	999.000000 	16.643316 	21.633308 	18.110771 	
66.407829 	59.033890 	50.249378 	77.006493 	45.276924 	46.324940 	47.010635 	62.514000 	94.260277 	69.028976 	41.231056 	67.977936 	90.094398 	67.675697 	77.524193 	31.953091 	52.239830 	26.627054 	23.323807 	21.931713 	21.260292 	21.633308 	23.409399 	20.248457 	20.591261 	22.803509 	34.234486 	19.313208 	18.973665 	18.973665 	29.274563 	24.020824 	13.892444 	13.416408 	17.117243 	14.000000 	15.033297 	18.439089 	25.632011 	20.880613 	11.045361 	12.649111 	15.231546 	14.317822 	16.643316 	999.000000 	5.000000 	8.062258 	
65.000000 	58.309521 	52.325901 	81.024689 	46.400433 	48.301140 	49.244289 	60.207973 	91.049438 	73.171036 	40.311287 	67.230942 	93.648277 	66.309875 	81.884064 	34.928497 	49.010204 	26.870058 	23.345236 	23.021729 	22.203604 	21.931713 	22.472204 	20.518284 	20.518284 	21.470911 	31.000000 	18.601076 	22.203604 	18.027756 	26.000000 	28.284271 	16.492422 	16.278820 	21.587032 	18.248287 	19.416489 	23.086792 	30.463093 	17.117243 	15.524175 	17.464249 	20.124611 	19.235384 	21.633308 	5.000000 	999.000000 	10.000000 	
74.330345 	67.082039 	57.428215 	81.394104 	53.037724 	53.600372 	54.083271 	70.035706 	101.044548 	73.171036 	49.244289 	76.026314 	95.341492 	75.610847 	81.024689 	38.470768 	59.008472 	34.669872 	31.384710 	29.832869 	29.206163 	29.681644 	31.384710 	28.301943 	28.653097 	30.675724 	41.000000 	27.313000 	25.553865 	26.925823 	36.000000 	28.635643 	21.260292 	20.615528 	21.587032 	19.313208 	19.924858 	22.203604 	28.071337 	27.073973 	16.155495 	16.278820 	18.027756 	17.029387 	18.110771 	8.062258 	10.000000 	999.000000 	

Travel time:
9.000000 	0.279509 	1.076162 	2.088660 	0.854400 	1.051190 	1.118034 	0.325960 	1.044330 	2.020056 	0.637377 	0.230489 	2.095382 	0.035355 	2.280351 	1.319327 	0.705780 	1.035918 	1.098294 	1.184536 	1.187960 	1.147279 	1.075291 	1.176860 	1.158123 	1.091444 	0.957209 	1.178187 	1.426972 	1.185854 	1.055047 	1.601757 	1.417965 	1.442654 	1.628074 	1.584692 	1.607016 	1.676678 	1.801562 	1.269350 	1.619414 	1.690044 	1.733854 	1.736555 	1.808487 	1.660196 	1.625000 	1.858259 	
0.279509 	9.000000 	0.797653 	1.820886 	0.577170 	0.771767 	0.838525 	0.503115 	1.315770 	1.745351 	0.450694 	0.223607 	1.852363 	0.292617 	2.007019 	1.054751 	0.775403 	0.822344 	0.896172 	0.965013 	0.972432 	0.942404 	0.896172 	0.975000 	0.962094 	0.922293 	0.887764 	0.995615 	1.191900 	1.007782 	0.960469 	1.350926 	1.202081 	1.226020 	1.393287 	1.358538 	1.377725 	1.438967 	1.550806 	1.149184 	1.401116 	1.467353 	1.505199 	1.510381 	1.578765 	1.475847 	1.457738 	1.677051 	
1.076162 	0.797653 	9.000000 	1.055047 	0.279509 	0.103078 	0.090139 	1.255239 	2.110095 	0.955249 	0.738664 	0.933408 	1.188486 	1.085415 	1.219887 	0.496236 	1.364734 	0.707107 	0.789383 	0.743303 	0.766893 	0.800391 	0.880696 	0.831038 	0.848896 	0.930390 	1.191900 	0.921954 	0.800391 	0.946375 	1.177391 	0.825379 	0.908983 	0.922293 	0.955249 	0.973717 	0.972432 	0.976281 	0.995615 	1.234150 	1.046721 	1.078483 	1.079641 	1.096586 	1.136332 	1.256234 	1.308148 	1.435705 	
2.088660 	1.820886 	1.055047 	9.000000 	1.331353 	1.123610 	1.054751 	2.302444 	3.132990 	0.213600 	1.783606 	1.905420 	0.442295 	2.090753 	0.250000 	1.201301 	2.414151 	1.636498 	1.693000 	1.594718 	1.619027 	1.679658 	1.803122 	1.697793 	1.728077 	1.851013 	2.186607 	1.800868 	1.480287 	1.825171 	2.142574 	1.325943 	1.631908 	1.629801 	1.501874 	1.575198 	1.550806 	1.480287 	1.348379 	2.128673 	1.650757 	1.629801 	1.584692 	1.609542 	1.594718 	1.925162 	2.025617 	2.034853 	
0.854400 	0.577170 	0.279509 	1.331353 	9.000000 	0.212132 	0.282843 	0.995615 	1.865643 	1.220912 	0.459619 	0.753741 	1.463087 	0.869626 	1.486607 	0.505594 	1.085415 	0.503115 	0.592663 	0.585769 	0.605186 	0.617454 	0.664266 	0.651920 	0.660492 	0.711512 	0.928036 	0.726722 	0.728869 	0.749166 	0.926350 	0.831038 	0.797261 	0.816241 	0.916856 	0.908983 	0.917878 	0.951972 	1.025000 	1.013040 	0.970824 	1.020416 	1.039832 	1.051487 	1.107080 	1.131923 	1.160011 	1.325943 	
1.051190 	0.771767 	0.103078 	1.123610 	0.212132 	9.000000 	0.070711 	1.206752 	2.073192 	1.009022 	0.660492 	0.927699 	1.279893 	1.063602 	1.274755 	0.416083 	1.290591 	0.604669 	0.686477 	0.640800 	0.664266 	0.697316 	0.778621 	0.728011 	0.745822 	0.828402 	1.098294 	0.818917 	0.707990 	0.843356 	1.079641 	0.750417 	0.811249 	0.825379 	0.870704 	0.883883 	0.884590 	0.895126 	0.929045 	1.131923 	0.955249 	0.990581 	0.995615 	1.011496 	1.055047 	1.158123 	1.207528 	1.340009 	
1.118034 	0.838525 	0.090139 	1.054751 	0.282843 	0.070711 	9.000000 	1.277204 	2.142574 	0.938416 	0.728869 	0.989002 	1.220912 	1.129712 	1.204159 	0.406971 	1.359458 	0.650481 	0.728869 	0.673146 	0.697316 	0.735697 	0.825379 	0.764853 	0.785016 	0.875357 	1.158123 	0.859142 	0.715017 	0.883883 	1.134956 	0.735272 	0.828025 	0.840387 	0.866386 	0.886707 	0.884590 	0.886707 	0.905883 	1.177391 	0.960469 	0.990581 	0.990581 	1.007782 	1.046721 	1.175266 	1.231107 	1.352082 	
0.325960 	0.503115 	1.255239 	2.302444 	0.995615 	1.206752 	1.277204 	9.000000 	0.883530 	2.210345 	0.632456 	0.550568 	2.353853 	0.353553 	2.475126 	1.388569 	0.410031 	1.015197 	1.054751 	1.163239 	1.159741 	1.104536 	1.000000 	1.127497 	1.101136 	1.001249 	0.761577 	1.100284 	1.422146 	1.101136 	0.877853 	1.625000 	1.378632 	1.403567 	1.615743 	1.557241 	1.584692 	1.668832 	1.819512 	1.106797 	1.576785 	1.653028 	1.706605 	1.704589 	1.781327 	1.562850 	1.505199 	1.750893 	
1.044330 	1.315770 	2.110095 	3.132990 	1.865643 	2.073192 	2.142574 	0.883530 	9.000000 	3.061046 	1.513481 	1.239455 	3.124100 	1.043132 	3.322744 	2.271838 	1.051190 	1.882153 	1.910007 	2.026080 	2.019437 	1.958475 	1.838648 	1.976898 	1.946953 	1.829105 	1.501874 	1.931968 	2.287056 	1.927596 	1.626730 	2.498250 	2.226264 	2.250694 	2.473863 	2.407930 	2.437852 	2.528463 	2.689098 	1.850169 	2.417256 	2.495621 	2.554530 	2.549510 	2.627975 	2.356507 	2.276236 	2.526114 	
2.020056 	1.745351 	0.955249 	0.213600 	1.220912 	1.009022 	0.938416 	2.210345 	3.061046 	9.000000 	1.660007 	1.852363 	0.640312 	2.025617 	0.265754 	1.027740 	2.290196 	1.477329 	1.527457 	1.423025 	1.446764 	1.510174 	1.638788 	1.525820 	1.557442 	1.685416 	2.034853 	1.628650 	1.290591 	1.652460 	1.982738 	1.125278 	1.442654 	1.438967 	1.300000 	1.375909 	1.350231 	1.275980 	1.138530 	1.954002 	1.450216 	1.425877 	1.378632 	1.403567 	1.386092 	1.725724 	1.829276 	1.829276 	
0.637377 	0.450694 	0.738664 	1.783606 	0.459619 	0.660492 	0.728869 	0.632456 	1.513481 	1.660007 	9.000000 	0.673146 	1.921100 	0.667083 	1.925162 	0.760345 	0.630971 	0.400780 	0.460977 	0.550568 	0.552268 	0.509902 	0.447214 	0.539676 	0.522015 	0.471699 	0.509902 	0.548293 	0.801561 	0.559017 	0.548293 	0.995301 	0.781425 	0.806226 	1.000312 	0.951315 	0.975320 	1.051190 	1.191900 	0.710634 	0.982980 	1.054751 	1.101136 	1.102554 	1.176063 	1.030776 	1.007782 	1.231107 	
0.230489 	0.223607 	0.933408 	1.905420 	0.753741 	0.927699 	0.989002 	0.550568 	1.239455 	1.852363 	0.673146 	9.000000 	1.885802 	0.213600 	2.107872 	1.250000 	0.903466 	1.044629 	1.119431 	1.185854 	1.193995 	1.165386 	1.119431 	1.198176 	1.185591 	1.144825 	1.085415 	1.219118 	1.407347 	1.231107 	1.167262 	1.557241 	1.423025 	1.446764 	1.608182 	1.576586 	1.594718 	1.652460 	1.756417 	1.364047 	1.621149 	1.686157 	1.722099 	1.728077 	1.795132 	1.699448 	1.680773 	1.900658 	
2.095382 	1.852363 	1.188486 	0.442295 	1.463087 	1.279893 	1.220912 	2.353853 	3.124100 	0.640312 	1.921100 	1.885802 	9.000000 	2.090006 	0.648556 	1.476906 	2.534758 	1.860779 	1.930835 	1.850676 	1.875667 	1.927596 	2.034853 	1.951442 	1.977530 	2.084616 	2.378156 	2.052438 	1.786232 	2.077408 	2.355048 	1.667708 	1.932938 	1.935362 	1.843909 	1.907387 	1.887624 	1.831154 	1.723731 	2.379732 	1.985730 	1.976898 	1.940522 	1.964688 	1.961186 	2.252360 	2.341207 	2.383537 	
0.035355 	0.292617 	1.085415 	2.090753 	0.869626 	1.063602 	1.129712 	0.353553 	1.043132 	2.025617 	0.667083 	0.213600 	2.090006 	9.000000 	2.285005 	1.340009 	0.738664 	1.064483 	1.128051 	1.212693 	1.216552 	1.176860 	1.106797 	1.206752 	1.188486 	1.123610 	0.992472 	1.209597 	1.453444 	1.217580 	1.090011 	1.625769 	1.446764 	1.471394 	1.654728 	1.612452 	1.634396 	1.702939 	1.825685 	1.303840 	1.648105 	1.718284 	1.761391 	1.764405 	1.835926 	1.691892 	1.657747 	1.890271 	
2.280351 	2.007019 	1.219887 	0.250000 	1.486607 	1.274755 	1.204159 	2.475126 	3.322744 	0.265754 	1.925162 	2.107872 	0.648556 	2.285005 	9.000000 	1.276959 	2.555020 	1.732953 	1.779396 	1.671264 	1.694476 	1.759616 	1.891098 	1.773415 	1.805893 	1.936814 	2.292651 	1.875667 	1.521923 	1.899013 	2.236767 	1.340009 	1.673507 	1.667708 	1.510174 	1.590990 	1.562850 	1.480287 	1.325000 	2.198010 	1.662077 	1.629801 	1.576785 	1.601757 	1.575000 	1.938105 	2.047101 	2.025617 	
1.319327 	1.054751 	0.496236 	1.201301 	0.505594 	0.416083 	0.406971 	1.388569 	2.271838 	1.027740 	0.760345 	1.250000 	1.476906 	1.340009 	1.276959 	9.000000 	1.347683 	0.465027 	0.503115 	0.395285 	0.419076 	0.482830 	0.614919 	0.498121 	0.529741 	0.660019 	1.026219 	0.601041 	0.325000 	0.625000 	0.961769 	0.335410 	0.460977 	0.467039 	0.459619 	0.485412 	0.480234 	0.480234 	0.522015 	0.927699 	0.561805 	0.585769 	0.583631 	0.601041 	0.640312 	0.798827 	0.873212 	0.961769 	
0.705780 	0.775403 	1.364734 	2.414151 	1.085415 	1.290591 	1.359458 	0.410031 	1.051190 	2.290196 	0.630971 	0.903466 	2.534758 	0.738664 	2.555020 	1.347683 	9.000000 	0.901388 	0.905883 	1.029563 	1.017657 	0.950329 	0.817389 	0.962094 	0.929045 	0.798827 	0.450694 	0.901388 	1.285739 	0.893378 	0.575543 	1.510381 	1.202601 	1.226020 	1.457738 	1.384061 	1.416201 	1.513481 	1.688565 	0.800391 	1.384061 	1.463087 	1.525820 	1.518223 	1.597263 	1.305996 	1.225255 	1.475212 	
1.035918 	0.822344 	0.707107 	1.636498 	0.503115 	0.604669 	0.650481 	1.015197 	1.882153 	1.477329 	0.400780 	1.044629 	1.860779 	1.064483 	1.732953 	0.465027 	0.901388 	9.000000 	0.090139 	0.150000 	0.152069 	0.125000 	0.175000 	0.160078 	0.160078 	0.225000 	0.561805 	0.223607 	0.406971 	0.246221 	0.506211 	0.617454 	0.382426 	0.406971 	0.602080 	0.550568 	0.575000 	0.654313 	0.807001 	0.527376 	0.583631 	0.654313 	0.700446 	0.701783 	0.775403 	0.665676 	0.671751 	0.866747 	
1.098294 	0.896172 	0.789383 	1.693000 	0.592663 	0.686477 	0.728869 	1.054751 	1.910007 	1.527457 	0.460977 	1.119431 	1.930835 	1.128051 	1.779396 	0.503115 	0.905883 	0.090139 	9.000000 	0.125000 	0.111803 	0.050000 	0.111803 	0.079057 	0.070711 	0.158114 	0.531507 	0.134629 	0.380789 	0.158114 	0.458939 	0.604669 	0.325000 	0.350000 	0.564026 	0.502494 	0.530330 	0.618466 	0.784618 	0.450000 	0.525595 	0.600000 	0.651920 	0.650481 	0.726722 	0.583095 	0.583631 	0.784618 	
1.184536 	0.965013 	0.743303 	1.594718 	0.585769 	0.640800 	0.673146 	1.163239 	2.026080 	1.423025 	0.550568 	1.185854 	1.850676 	1.212693 	1.671264 	0.395285 	1.029563 	0.150000 	0.125000 	9.000000 	0.025000 	0.090139 	0.230489 	0.103078 	0.134629 	0.270416 	0.654313 	0.206155 	0.261008 	0.230489 	0.575543 	0.480885 	0.237171 	0.261008 	0.452769 	0.400780 	0.425000 	0.505594 	0.664266 	0.534439 	0.436606 	0.505594 	0.550568 	0.552268 	0.625500 	0.548293 	0.575543 	0.745822 	
1.187960 	0.972432 	0.766893 	1.619027 	0.605186 	0.664266 	0.697316 	1.159741 	2.019437 	1.446764 	0.552268 	1.193995 	1.875667 	1.216552 	1.694476 	0.419076 	1.017657 	0.152069 	0.111803 	0.025000 	9.000000 	0.070711 	0.212132 	0.079057 	0.111803 	0.250000 	0.636396 	0.182003 	0.269258 	0.206155 	0.555090 	0.493077 	0.230489 	0.254951 	0.456207 	0.400000 	0.425735 	0.509902 	0.673146 	0.509902 	0.431567 	0.502494 	0.550000 	0.550568 	0.625000 	0.531507 	0.555090 	0.730154 	
1.147279 	0.942404 	0.800391 	1.679658 	0.617454 	0.697316 	0.735697 	1.104536 	1.958475 	1.510174 	0.509902 	1.165386 	1.927596 	1.176860 	1.759616 	0.482830 	0.950329 	0.125000 	0.050000 	0.090139 	0.070711 	9.000000 	0.141421 	0.035355 	0.050000 	0.180278 	0.565685 	0.125000 	0.335410 	0.150000 	0.485412 	0.561805 	0.275000 	0.300000 	0.515388 	0.452769 	0.480885 	0.570088 	0.738664 	0.452769 	0.475657 	0.550000 	0.602080 	0.600521 	0.676849 	0.540833 	0.548293 	0.742041 	
1.075291 	0.896172 	0.880696 	1.803122 	0.664266 	0.778621 	0.825379 	1.000000 	1.838648 	1.638788 	0.447214 	1.119431 	2.034853 	1.106797 	1.891098 	0.614919 	0.817389 	0.175000 	0.111803 	0.230489 	0.212132 	0.141421 	9.000000 	0.145774 	0.111803 	0.050000 	0.424264 	0.103078 	0.471699 	0.111803 	0.347311 	0.700446 	0.388104 	0.412311 	0.640800 	0.570088 	0.601041 	0.696419 	0.872138 	0.353553 	0.579871 	0.657647 	0.715891 	0.711073 	0.789383 	0.585235 	0.561805 	0.784618 	
1.176860 	0.975000 	0.831038 	1.697793 	0.651920 	0.728011 	0.764853 	1.127497 	1.976898 	1.525820 	0.539676 	1.198176 	1.951442 	1.206752 	1.773415 	0.498121 	0.962094 	0.160078 	0.079057 	0.103078 	0.079057 	0.035355 	0.145774 	9.000000 	0.035355 	0.176777 	0.566789 	0.103078 	0.325960 	0.127475 	0.480234 	0.555090 	0.251247 	0.276134 	0.498121 	0.431567 	0.460977 	0.553399 	0.726722 	0.431567 	0.450000 	0.525595 	0.579871 	0.577170 	0.654313 	0.506211 	0.512957 	0.707549 	
1.158123 	0.962094 	0.848896 	1.728077 	0.660492 	0.745822 	0.785016 	1.101136 	1.946953 	1.557442 	0.522015 	1.185591 	1.977530 	1.188486 	1.805893 	0.529741 	0.929045 	0.160078 	0.070711 	0.134629 	0.111803 	0.050000 	0.111803 	0.035355 	9.000000 	0.141421 	0.531507 	0.075000 	0.360555 	0.100000 	0.445112 	0.590021 	0.279509 	0.304138 	0.529741 	0.460977 	0.491172 	0.585235 	0.760345 	0.403113 	0.475657 	0.552268 	0.608276 	0.604669 	0.682367 	0.514782 	0.512957 	0.716327 	
1.091444 	0.922293 	0.930390 	1.851013 	0.711512 	0.828402 	0.875357 	1.001249 	1.829105 	1.685416 	0.471699 	1.144825 	2.084616 	1.123610 	1.936814 	0.660019 	0.798827 	0.225000 	0.158114 	0.270416 	0.250000 	0.180278 	0.050000 	0.176777 	0.141421 	9.000000 	0.390512 	0.103078 	0.500000 	0.100000 	0.305164 	0.730154 	0.403887 	0.427200 	0.660019 	0.585235 	0.617454 	0.715891 	0.896172 	0.304138 	0.588430 	0.667083 	0.728011 	0.721543 	0.800391 	0.570088 	0.536773 	0.766893 	
0.957209 	0.887764 	1.191900 	2.186607 	0.928036 	1.098294 	1.158123 	0.761577 	1.501874 	2.034853 	0.509902 	1.085415 	2.378156 	0.992472 	2.292651 	1.026219 	0.450694 	0.561805 	0.531507 	0.654313 	0.636396 	0.565685 	0.424264 	0.566789 	0.531507 	0.390512 	9.000000 	0.485412 	0.890225 	0.471699 	0.125000 	1.120547 	0.784618 	0.806226 	1.041933 	0.961769 	0.995615 	1.097725 	1.282819 	0.353553 	0.951972 	1.030776 	1.096586 	1.086566 	1.165386 	0.855862 	0.775000 	1.025000 	
1.178187 	0.995615 	0.921954 	1.800868 	0.726722 	0.818917 	0.859142 	1.100284 	1.931968 	1.628650 	0.548293 	1.219118 	2.052438 	1.209597 	1.875667 	0.601041 	0.901388 	0.223607 	0.134629 	0.206155 	0.182003 	0.125000 	0.103078 	0.103078 	0.075000 	0.103078 	0.485412 	9.000000 	0.406971 	0.025000 	0.388909 	0.637377 	0.302076 	0.325000 	0.559017 	0.482830 	0.515388 	0.614919 	0.797653 	0.328824 	0.485412 	0.564026 	0.625000 	0.618466 	0.697316 	0.482830 	0.465027 	0.682825 	
1.426972 	1.191900 	0.800391 	1.480287 	0.728869 	0.707990 	0.715017 	1.422146 	2.287056 	1.290591 	0.801561 	1.407347 	1.786232 	1.453444 	1.521923 	0.325000 	1.285739 	0.406971 	0.380789 	0.261008 	0.269258 	0.335410 	0.471699 	0.325960 	0.360555 	0.500000 	0.890225 	0.406971 	9.000000 	0.424264 	0.795692 	0.230489 	0.152069 	0.150000 	0.201556 	0.180278 	0.190394 	0.250000 	0.403887 	0.694622 	0.247487 	0.291548 	0.316228 	0.325000 	0.388104 	0.474342 	0.555090 	0.638847 	
1.185854 	1.007782 	0.946375 	1.825171 	0.749166 	0.843356 	0.883883 	1.101136 	1.927596 	1.652460 	0.559017 	1.231107 	2.077408 	1.217580 	1.899013 	0.625000 	0.893378 	0.246221 	0.158114 	0.230489 	0.206155 	0.150000 	0.111803 	0.127475 	0.100000 	0.100000 	0.471699 	0.025000 	0.424264 	9.000000 	0.371652 	0.654313 	0.313249 	0.335410 	0.570636 	0.492443 	0.525595 	0.626498 	0.811249 	0.304138 	0.491172 	0.570088 	0.632456 	0.625000 	0.704006 	0.474342 	0.450694 	0.673146 	
