Total assets = 640
Number of asset nodes = 33

Distance:
999.000000 	4.242640 	64.078079 	49.203659 	17.804493 	5.099020 	18.867962 	53.000000 	41.231056 	63.253460 	41.109608 	29.154760 	64.474800 	73.539108 	62.177166 	12.041595 	21.540659 	65.436989 	74.632431 	41.773197 	48.414875 	29.206163 	71.400284 	26.400757 	20.615528 	27.313000 	70.434364 	61.554855 	36.359318 	22.847319 	71.063354 	19.646883 	18.248287 	55.226807 	51.739735 	72.201111 	71.344238 	26.400757 	83.815269 	21.095022 	43.416588 	17.464249 	31.780497 	33.541019 	67.801178 	29.410883 	20.396078 	26.476404 	
4.242640 	999.000000 	60.166435 	53.413483 	22.022715 	2.828427 	23.021729 	48.877399 	37.013512 	67.475922 	36.878178 	33.286633 	68.447060 	77.472572 	66.241982 	9.219544 	25.495098 	69.656296 	78.816238 	37.536648 	44.204071 	25.000000 	75.604233 	30.413813 	16.763054 	31.304953 	74.652527 	65.795135 	40.496914 	18.973665 	75.286118 	16.124516 	15.000000 	59.464275 	47.507893 	68.095520 	67.230942 	22.472204 	88.005684 	18.027756 	47.507893 	16.401220 	27.856777 	29.546574 	63.600315 	25.709921 	18.384777 	23.086792 	
64.078079 	60.166435 	999.000000 	109.622078 	81.394104 	61.351448 	82.764725 	14.317822 	27.018513 	123.600159 	28.071337 	93.037628 	119.503136 	127.349915 	118.928551 	59.439045 	85.615417 	125.602547 	133.416641 	28.160255 	21.587032 	41.048752 	130.873978 	90.470993 	51.351727 	91.389275 	130.418564 	122.886124 	100.179840 	50.159744 	131.209763 	54.332310 	56.435802 	117.660530 	21.931713 	12.369317 	12.165525 	48.010414 	142.523682 	57.140179 	107.354553 	66.610809 	46.173584 	44.283180 	16.763054 	50.089920 	63.198101 	54.009258 	
49.203659 	53.413483 	109.622078 	999.000000 	32.249031 	53.823788 	32.202484 	100.568382 	89.827614 	14.142136 	89.872131 	24.515301 	20.396078 	29.068884 	16.031219 	59.682495 	32.572994 	16.278820 	25.553865 	90.609047 	96.876213 	78.409180 	22.203604 	28.635643 	69.339745 	28.442924 	21.260292 	13.416408 	20.024984 	71.561165 	21.931713 	67.742157 	65.863495 	11.180340 	100.448990 	119.331474 	118.562218 	75.166481 	34.669872 	68.000000 	19.697716 	59.615433 	80.454956 	82.377182 	116.000000 	77.524193 	64.474800 	73.824112 	
17.804493 	22.022715 	81.394104 	32.249031 	999.000000 	21.931713 	2.236068 	70.724815 	59.033890 	46.043457 	58.898216 	11.704700 	49.477268 	58.694122 	46.486557 	27.459061 	6.708204 	48.259712 	57.801384 	59.548298 	66.219330 	46.690472 	54.378304 	10.000000 	37.202152 	11.000000 	53.254108 	44.045429 	18.788294 	39.408119 	53.823788 	35.510563 	33.615471 	37.483330 	69.526970 	89.888817 	89.044930 	43.011627 	66.887962 	35.777088 	26.000000 	27.892651 	48.259712 	50.219517 	85.603737 	45.276924 	32.572994 	41.593269 	
5.099020 	2.828427 	61.351448 	53.823788 	21.931713 	999.000000 	22.671568 	49.648766 	37.443291 	67.801178 	37.202152 	32.802441 	69.462219 	78.549347 	67.082039 	7.000000 	24.698177 	70.000000 	79.322128 	37.802116 	44.654228 	24.758837 	76.026314 	29.681644 	15.652476 	30.528675 	75.000000 	65.946945 	40.000000 	17.888544 	75.604233 	14.560220 	13.152946 	59.396969 	47.801674 	68.883957 	68.000000 	21.470911 	88.481636 	16.031219 	46.872166 	13.601471 	26.832815 	28.653097 	64.070274 	24.351591 	15.811388 	21.377558 	
18.867962 	23.021729 	82.764725 	32.202484 	2.236068 	22.671568 	999.000000 	71.867935 	60.000000 	45.793011 	59.816387 	10.295630 	50.009998 	59.228371 	46.840153 	27.802877 	4.472136 	48.020828 	57.706154 	60.440052 	67.201187 	47.381432 	54.203320 	8.062258 	37.643059 	9.055386 	53.000000 	43.600460 	17.492855 	39.824615 	53.535034 	35.805027 	33.837849 	36.796738 	70.434364 	91.065910 	90.210861 	43.416588 	66.730804 	35.846897 	24.596748 	27.513634 	48.600410 	50.606323 	86.608315 	45.486263 	32.310989 	41.677334 	
53.000000 	48.877399 	14.317822 	100.568382 	70.724815 	49.648766 	71.867935 	999.000000 	13.152946 	114.690887 	14.035668 	82.152298 	112.294258 	120.602654 	111.198021 	46.818798 	74.303429 	116.777565 	125.159897 	14.000000 	7.280110 	27.459061 	122.347862 	79.259071 	38.078865 	80.131142 	121.696342 	113.569359 	89.358826 	36.674240 	122.429573 	41.000000 	43.174065 	107.800743 	8.485281 	19.235384 	18.357559 	34.234486 	134.357727 	43.566040 	96.384644 	53.366657 	32.015621 	30.066593 	15.811388 	36.000000 	49.648766 	40.049969 	
41.231056 	37.013512 	27.018513 	89.827614 	59.033890 	37.443291 	60.000000 	13.152946 	999.000000 	103.966339 	1.414214 	70.213959 	102.902870 	111.516815 	101.400200 	34.014702 	62.128899 	106.103722 	114.865135 	2.236068 	7.211102 	14.317822 	111.865990 	67.119293 	25.000000 	67.955872 	111.072052 	102.552429 	77.420929 	23.537205 	111.758667 	27.892651 	30.083218 	96.426140 	10.630146 	31.953091 	31.016125 	21.095022 	124.084648 	30.413813 	84.314888 	40.261642 	19.235384 	17.464249 	26.627054 	23.086792 	36.496574 	27.000000 	
63.253460 	67.475922 	123.600159 	14.142136 	46.043457 	67.801178 	45.793011 	114.690887 	103.966339 	999.000000 	104.004807 	37.161808 	17.204651 	22.472204 	12.529964 	73.498299 	45.617977 	2.236068 	12.369317 	104.737770 	111.018013 	92.455391 	8.544003 	41.231056 	83.234612 	40.853397 	7.211102 	4.472136 	31.320919 	85.445892 	7.810250 	81.541397 	79.611557 	12.041595 	114.586212 	133.416641 	132.653687 	89.050545 	21.023796 	81.633324 	28.071337 	72.897186 	94.302704 	96.260063 	130.138382 	91.268837 	77.826729 	87.464279 	
41.109608 	36.878178 	28.071337 	89.872131 	58.898216 	37.202152 	59.816387 	14.035668 	1.414214 	104.004807 	999.000000 	70.000000 	103.174606 	111.830231 	101.607086 	33.541019 	61.854668 	106.150833 	114.978256 	1.000000 	7.615773 	13.601471 	111.946419 	66.850578 	24.351591 	67.675697 	111.126053 	102.532921 	77.201035 	22.803509 	111.803398 	27.202942 	29.410883 	96.332756 	10.630146 	32.572994 	31.622776 	20.223749 	124.197426 	29.614185 	84.053551 	39.560081 	18.110771 	16.278820 	26.925823 	22.022715 	35.693138 	26.019224 	
29.154760 	33.286633 	93.037628 	24.515301 	11.704700 	32.802441 	10.295630 	82.152298 	70.213959 	37.161808 	70.000000 	999.000000 	44.011364 	53.084839 	40.199501 	37.483330 	8.602325 	39.395432 	49.396355 	70.604530 	77.420929 	57.384666 	45.694637 	4.123106 	47.381432 	4.000000 	44.283180 	34.481880 	7.211102 	49.517673 	44.721359 	45.343136 	43.278172 	27.202942 	80.603973 	101.355812 	100.498756 	53.075417 	58.180752 	45.000000 	14.317822 	35.846897 	58.137768 	60.207973 	96.834908 	54.817879 	40.816662 	50.803543 	
64.474800 	68.447060 	119.503136 	20.396078 	49.477268 	69.462219 	50.009998 	112.294258 	102.902870 	17.204651 	103.174606 	44.011364 	999.000000 	9.219544 	5.000000 	75.960518 	51.351727 	17.000000 	17.117243 	104.009613 	109.622078 	93.059120 	17.117243 	48.041649 	85.088188 	48.010414 	18.439089 	21.260292 	40.311287 	87.321243 	19.416489 	83.934502 	82.280006 	26.627054 	113.463654 	130.230560 	129.556931 	90.873535 	24.698177 	84.758484 	39.849716 	77.369247 	96.254868 	97.989792 	128.062485 	93.776329 	82.006096 	90.476517 	
73.539108 	77.472572 	127.349915 	29.068884 	58.694122 	78.549347 	59.228371 	120.602654 	111.516815 	22.472204 	111.830231 	53.084839 	9.219544 	999.000000 	13.038404 	85.094063 	60.530983 	21.400934 	16.552946 	112.680969 	118.152443 	101.965683 	18.601076 	57.140179 	94.154129 	57.078892 	20.615528 	26.925823 	49.091751 	96.384644 	21.400934 	93.048378 	91.416626 	33.615471 	122.036880 	138.293167 	137.644470 	99.924973 	21.000000 	93.920181 	48.052055 	86.585220 	105.309067 	107.018692 	136.400146 	102.883430 	91.214035 	99.624290 	
62.177166 	66.241982 	118.928551 	16.031219 	46.486557 	67.082039 	46.840153 	111.198021 	101.400200 	12.529964 	101.607086 	40.199501 	5.000000 	13.038404 	999.000000 	73.409805 	47.853943 	12.649111 	15.231546 	102.415817 	108.231232 	91.065910 	14.142136 	44.283180 	82.734512 	44.181442 	15.000000 	16.401220 	36.055511 	84.970581 	16.000000 	81.437096 	79.705711 	21.633308 	112.004463 	129.402466 	128.701202 	88.549423 	23.853722 	82.079231 	35.171009 	74.330345 	93.914856 	95.713112 	126.905479 	91.285271 	79.056938 	87.846458 	
12.041595 	9.219544 	59.439045 	59.682495 	27.459061 	7.000000 	27.802877 	46.818798 	34.014702 	73.498299 	33.541019 	37.483330 	75.960518 	85.094063 	73.409805 	999.000000 	29.000000 	75.716576 	85.234970 	34.000000 	41.146080 	20.248457 	81.835197 	33.970577 	9.899495 	34.713108 	80.709358 	71.400284 	44.553337 	12.041595 	81.271149 	8.062258 	6.324555 	64.536812 	43.908997 	65.924202 	65.000000 	15.620500 	94.339813 	9.055386 	51.088158 	8.944272 	20.808653 	22.803509 	60.415230 	17.888544 	9.433981 	14.560220 	
21.540659 	25.495098 	85.615417 	32.572994 	6.708204 	24.698177 	4.472136 	74.303429 	62.128899 	45.617977 	61.854668 	8.602325 	51.351727 	60.530983 	47.853943 	29.000000 	999.000000 	47.853943 	57.775429 	62.425957 	69.339745 	49.040798 	54.129475 	5.000000 	38.897301 	5.830952 	52.773098 	43.046486 	15.556349 	41.012192 	53.235325 	36.796738 	34.713108 	35.805027 	72.422371 	93.536087 	92.660675 	44.553337 	66.640831 	36.400551 	22.203604 	27.294687 	49.578220 	51.662365 	88.752464 	46.227695 	32.249031 	42.201897 	
65.436989 	69.656296 	125.602547 	16.278820 	48.259712 	70.000000 	48.020828 	116.777565 	106.103722 	2.236068 	106.150833 	39.395432 	17.000000 	21.400934 	12.649111 	75.716576 	47.853943 	999.000000 	10.198039 	106.887794 	113.145920 	94.641426 	6.324555 	43.462627 	85.445892 	43.081318 	5.000000 	6.082763 	33.526108 	87.658424 	5.656854 	83.761566 	81.835197 	14.000000 	116.726173 	135.473251 	134.714508 	91.263351 	18.788294 	83.862984 	30.149628 	75.133217 	96.519424 	98.473343 	132.245987 	93.493317 	80.062477 	89.693924 	
74.632431 	78.816238 	133.416641 	25.553865 	57.801384 	79.322128 	57.706154 	125.159897 	114.865135 	12.369317 	114.978256 	49.396355 	17.117243 	16.552946 	15.231546 	85.234970 	57.775429 	10.198039 	999.000000 	115.745407 	121.827744 	103.812332 	4.000000 	53.488316 	94.873604 	53.141319 	6.082763 	16.031219 	43.680660 	97.097885 	6.324555 	93.295227 	91.416626 	24.083189 	125.495018 	143.627991 	142.898560 	100.702530 	9.219544 	93.536087 	40.311287 	85.000000 	106.000000 	107.912003 	140.758652 	103.077644 	89.899948 	99.362968 	
41.773197 	37.536648 	28.160255 	90.609047 	59.548298 	37.802116 	60.440052 	14.000000 	2.236068 	104.737770 	1.000000 	70.604530 	104.009613 	112.680969 	102.415817 	34.000000 	62.425957 	106.887794 	115.745407 	999.000000 	7.280110 	13.928389 	112.698715 	67.424034 	24.698177 	68.242218 	111.865990 	103.237587 	77.801025 	23.086792 	112.538879 	27.513634 	29.732138 	97.000000 	10.000000 	32.280025 	31.320919 	20.396078 	124.963997 	29.832869 	84.628601 	39.849716 	18.027756 	16.124516 	26.419689 	22.000000 	35.902645 	26.076809 	
48.414875 	44.204071 	21.587032 	96.876213 	66.219330 	44.654228 	67.201187 	7.280110 	7.211102 	111.018013 	7.615773 	77.420929 	109.622078 	118.152443 	108.231232 	41.146080 	69.339745 	113.145920 	121.827744 	7.280110 	999.000000 	21.189621 	118.869675 	74.330345 	31.953091 	75.166481 	118.105888 	109.658562 	84.628601 	30.364452 	118.802361 	34.785053 	37.000000 	103.585716 	4.123106 	25.000000 	24.041630 	27.658634 	131.045792 	37.107952 	91.525955 	47.127487 	25.019993 	23.000000 	19.416489 	29.068884 	43.174065 	33.241539 	
29.206163 	25.000000 	41.048752 	78.409180 	46.690472 	24.758837 	47.381432 	27.459061 	14.317822 	92.455391 	13.601471 	57.384666 	93.059120 	101.965683 	91.065910 	20.248457 	49.040798 	94.641426 	103.812332 	13.928389 	21.189621 	999.000000 	100.603180 	54.037025 	10.770329 	54.817879 	99.639351 	90.686272 	64.536812 	9.219544 	100.264648 	13.601471 	15.811388 	84.148682 	23.706539 	46.173584 	45.221676 	7.071068 	113.004425 	16.124516 	71.217972 	25.961510 	7.810250 	7.615773 	40.249222 	10.295630 	22.203604 	13.341664 	
71.400284 	75.604233 	130.873978 	22.203604 	54.378304 	76.026314 	54.203320 	122.347862 	111.865990 	8.544003 	111.946419 	45.694637 	17.117243 	18.601076 	14.142136 	81.835197 	54.129475 	6.324555 	4.000000 	112.698715 	118.869675 	100.603180 	999.000000 	49.769470 	91.525955 	49.396355 	2.236068 	12.041595 	39.849716 	93.744331 	2.828427 	89.888817 	87.982956 	20.099751 	122.494896 	140.929062 	140.185593 	97.349884 	12.529964 	90.049988 	36.345562 	81.394104 	102.625534 	104.560989 	137.887634 	99.644371 	86.313385 	95.880135 	
26.400757 	30.413813 	90.470993 	28.635643 	10.000000 	29.681644 	8.062258 	79.259071 	67.119293 	41.231056 	66.850578 	4.123106 	48.041649 	57.140179 	44.283180 	33.970577 	5.000000 	43.462627 	53.488316 	67.424034 	74.330345 	54.037025 	49.769470 	999.000000 	43.863426 	1.000000 	48.332184 	38.470768 	10.630146 	45.967381 	48.754486 	41.725292 	39.623226 	31.064449 	77.420929 	98.488579 	97.616600 	49.497475 	62.241467 	41.231056 	17.204651 	31.906113 	54.488529 	56.586216 	93.744331 	51.088158 	36.891735 	47.010635 	
20.615528 	16.763054 	51.351727 	69.339745 	37.202152 	15.652476 	37.643059 	38.078865 	25.000000 	83.234612 	24.351591 	47.381432 	85.088188 	94.154129 	82.734512 	9.899495 	38.897301 	85.445892 	94.873604 	24.698177 	31.953091 	10.770329 	91.525955 	43.863426 	999.000000 	44.598206 	90.443352 	81.215759 	54.451813 	2.236068 	91.021973 	3.000000 	5.099020 	74.411018 	34.438351 	56.920998 	55.973209 	5.830952 	104.009613 	6.324555 	60.959003 	15.297058 	11.180340 	13.038404 	50.990196 	9.055386 	12.041595 	7.615773 	
27.313000 	31.304953 	91.389275 	28.442924 	11.000000 	30.528675 	9.055386 	80.131142 	67.955872 	40.853397 	67.675697 	4.000000 	48.010414 	57.078892 	44.181442 	34.713108 	5.830952 	43.081318 	53.141319 	68.242218 	75.166481 	54.817879 	49.396355 	1.000000 	44.598206 	999.000000 	47.927029 	38.013157 	10.000000 	46.690472 	48.332184 	42.426407 	40.311287 	30.528675 	78.236816 	99.362968 	98.488579 	50.209560 	61.846584 	41.868843 	16.401220 	32.449963 	55.172459 	57.280014 	94.578011 	51.739735 	37.443291 	47.634022 	
70.434364 	74.652527 	130.418564 	21.260292 	53.254108 	75.000000 	53.000000 	121.696342 	111.072052 	7.211102 	111.126053 	44.283180 	18.439089 	20.615528 	15.000000 	80.709358 	52.773098 	5.000000 	6.082763 	111.865990 	118.105888 	99.639351 	2.236068 	48.332184 	90.443352 	47.927029 	999.000000 	10.198039 	38.275318 	92.655273 	1.000000 	88.752464 	86.821655 	18.248287 	121.696342 	140.356689 	139.603012 	96.260063 	13.928389 	88.836929 	34.525352 	80.062477 	101.513542 	103.469803 	137.186005 	98.478424 	85.000000 	94.667839 	
61.554855 	65.795135 	122.886124 	13.416408 	44.045429 	65.946945 	43.600460 	113.569359 	102.552429 	4.472136 	102.532921 	34.481880 	21.260292 	26.925823 	16.401220 	71.400284 	43.046486 	6.082763 	16.031219 	103.237587 	109.658562 	90.686272 	12.041595 	38.470768 	81.215759 	38.013157 	10.198039 	999.000000 	28.231188 	83.408630 	10.440307 	79.404030 	77.420929 	8.062258 	113.145920 	132.438660 	131.654846 	87.005745 	24.041630 	79.322128 	24.331051 	70.327805 	92.200867 	94.201912 	128.887543 	89.050545 	75.292763 	85.146935 	
36.359318 	40.496914 	100.179840 	20.024984 	18.788294 	40.000000 	17.492855 	89.358826 	77.420929 	31.320919 	77.201035 	7.211102 	40.311287 	49.091751 	36.055511 	44.553337 	15.556349 	33.526108 	43.680660 	77.801025 	84.628601 	64.536812 	39.849716 	10.630146 	54.451813 	10.000000 	38.275318 	28.231188 	999.000000 	56.568542 	38.626415 	52.345009 	50.249378 	20.591261 	87.800911 	108.558739 	107.703293 	60.108234 	52.201534 	51.855568 	7.280110 	42.438190 	65.115280 	67.208633 	104.043259 	61.717098 	47.434166 	57.628117 	
22.847319 	18.973665 	50.159744 	71.561165 	39.408119 	17.888544 	39.824615 	36.674240 	23.537205 	85.445892 	22.803509 	49.517673 	87.321243 	96.384644 	84.970581 	12.041595 	41.012192 	87.658424 	97.097885 	23.086792 	30.364452 	9.219544 	93.744331 	45.967381 	2.236068 	46.690472 	92.655273 	83.408630 	56.568542 	999.000000 	93.230896 	4.472136 	6.708204 	76.576759 	32.695564 	55.362442 	54.405884 	3.605551 	106.230881 	7.000000 	63.031738 	16.763054 	8.944272 	10.816654 	49.244289 	7.000000 	13.038404 	6.403124 	
71.063354 	75.286118 	131.209763 	21.931713 	53.823788 	75.604233 	53.535034 	122.429573 	111.758667 	7.810250 	111.803398 	44.721359 	19.416489 	21.400934 	16.000000 	81.271149 	53.235325 	5.656854 	6.324555 	112.538879 	118.802361 	100.264648 	2.828427 	48.754486 	91.021973 	48.332184 	1.000000 	10.440307 	38.626415 	93.230896 	999.000000 	89.308456 	87.367043 	18.439089 	122.380554 	141.113434 	140.356689 	96.834908 	13.601471 	89.358826 	34.713108 	80.529495 	102.078400 	104.043259 	137.902145 	99.020203 	85.475143 	95.189285 	
19.646883 	16.124516 	54.332310 	67.742157 	35.510563 	14.560220 	35.805027 	41.000000 	27.892651 	81.541397 	27.202942 	45.343136 	83.934502 	93.048378 	81.437096 	8.062258 	36.796738 	83.761566 	93.295227 	27.513634 	34.785053 	13.601471 	89.888817 	41.725292 	3.000000 	42.426407 	88.752464 	79.404030 	52.345009 	4.472136 	89.308456 	999.000000 	2.236068 	72.470680 	37.161808 	59.774578 	58.821766 	7.810250 	102.396286 	3.605551 	58.728188 	12.369317 	12.806249 	14.866069 	53.712196 	9.848858 	9.055386 	7.000000 	
18.248287 	15.000000 	56.435802 	65.863495 	33.615471 	13.152946 	33.837849 	43.174065 	30.083218 	79.611557 	29.410883 	43.278172 	82.280006 	91.416626 	79.705711 	6.324555 	34.713108 	81.835197 	91.416626 	29.732138 	37.000000 	15.811388 	87.982956 	39.623226 	5.099020 	40.311287 	86.821655 	77.420929 	50.249378 	6.708204 	87.367043 	2.236068 	999.000000 	70.434364 	39.395432 	61.983868 	61.032780 	10.000000 	100.498756 	3.162278 	56.586216 	10.198039 	14.866069 	16.970562 	55.946404 	11.661903 	7.280110 	8.246211 	
55.226807 	59.464275 	117.660530 	11.180340 	37.483330 	59.396969 	36.796738 	107.800743 	96.426140 	12.041595 	96.332756 	27.202942 	26.627054 	33.615471 	21.633308 	64.536812 	35.805027 	14.000000 	24.083189 	97.000000 	103.585716 	84.148682 	20.099751 	31.064449 	74.411018 	30.528675 	18.248287 	8.062258 	20.591261 	76.576759 	18.439089 	72.470680 	70.434364 	999.000000 	106.962608 	126.826653 	126.015869 	80.156097 	32.015621 	72.201111 	16.278820 	62.968246 	85.276024 	87.321243 	122.918671 	82.006096 	67.955872 	78.006409 	
51.739735 	47.507893 	21.931713 	100.448990 	69.526970 	47.801674 	70.434364 	8.485281 	10.630146 	114.586212 	10.630146 	80.603973 	113.463654 	122.036880 	112.004463 	43.908997 	72.422371 	116.726173 	125.495018 	10.000000 	4.123106 	23.706539 	122.494896 	77.420929 	34.438351 	78.236816 	121.696342 	113.145920 	87.800911 	32.695564 	122.380554 	37.161808 	39.395432 	106.962608 	999.000000 	23.194826 	22.203604 	29.732138 	134.714508 	39.217342 	94.625580 	49.396355 	26.476404 	24.331051 	16.552946 	30.594116 	45.221676 	34.928497 	
72.201111 	68.095520 	12.369317 	119.331474 	89.888817 	68.883957 	91.065910 	19.235384 	31.953091 	133.416641 	32.572994 	101.355812 	130.230560 	138.293167 	129.402466 	65.924202 	93.536087 	135.473251 	143.627991 	32.280025 	25.000000 	46.173584 	140.929062 	98.488579 	56.920998 	99.362968 	140.356689 	132.438660 	108.558739 	55.362442 	141.113434 	59.774578 	61.983868 	126.826653 	23.194826 	999.000000 	1.000000 	52.630791 	152.793976 	62.096699 	115.602768 	72.124893 	49.648766 	47.518417 	8.944272 	53.758720 	68.154236 	58.051701 	
71.344238 	67.230942 	12.165525 	118.562218 	89.044930 	68.000000 	90.210861 	18.357559 	31.016125 	132.653687 	31.622776 	100.498756 	129.556931 	137.644470 	128.701202 	65.000000 	92.660675 	134.714508 	142.898560 	31.320919 	24.041630 	45.221676 	140.185593 	97.616600 	55.973209 	98.488579 	139.603012 	131.654846 	107.703293 	54.405884 	140.356689 	58.821766 	61.032780 	126.015869 	22.203604 	1.000000 	999.000000 	51.662365 	152.069061 	61.131008 	114.738831 	71.168816 	48.662102 	46.529560 	8.062258 	52.773098 	67.186310 	57.070133 	
26.400757 	22.472204 	48.010414 	75.166481 	43.011627 	21.470911 	43.416588 	34.234486 	21.095022 	89.050545 	20.223749 	53.075417 	90.873535 	99.924973 	88.549423 	15.620500 	44.553337 	91.263351 	100.702530 	20.396078 	27.658634 	7.071068 	97.349884 	49.497475 	5.830952 	50.209560 	96.260063 	87.005745 	60.108234 	3.605551 	96.834908 	7.810250 	10.000000 	80.156097 	29.732138 	52.630791 	51.662365 	999.000000 	109.836243 	9.486833 	66.528191 	19.697716 	5.385165 	7.211102 	46.238514 	4.472136 	15.524175 	6.324555 	
83.815269 	88.005684 	142.523682 	34.669872 	66.887962 	88.481636 	66.730804 	134.357727 	124.084648 	21.023796 	124.197426 	58.180752 	24.698177 	21.000000 	23.853722 	94.339813 	66.640831 	18.788294 	9.219544 	124.963997 	131.045792 	113.004425 	12.529964 	62.241467 	104.009613 	61.846584 	13.928389 	24.041630 	52.201534 	106.230881 	13.601471 	102.396286 	100.498756 	32.015621 	134.714508 	152.793976 	152.069061 	109.836243 	999.000000 	102.576797 	48.270073 	93.914856 	115.121674 	117.046997 	149.966660 	112.160599 	98.838249 	108.406639 	
21.095022 	18.027756 	57.140179 	68.000000 	35.777088 	16.031219 	35.846897 	43.566040 	30.413813 	81.633324 	29.614185 	45.000000 	84.758484 	93.920181 	82.079231 	9.055386 	36.400551 	83.862984 	93.536087 	29.832869 	37.107952 	16.124516 	90.049988 	41.231056 	6.324555 	41.868843 	88.836929 	79.322128 	51.855568 	7.000000 	89.358826 	3.605551 	3.162278 	72.201111 	39.217342 	62.096699 	61.131008 	9.486833 	102.576797 	999.000000 	58.000000 	10.295630 	13.601471 	15.811388 	55.713554 	9.899495 	6.082763 	5.830952 	
43.416588 	47.507893 	107.354553 	19.697716 	26.000000 	46.872166 	24.596748 	96.384644 	84.314888 	28.071337 	84.053551 	14.317822 	39.849716 	48.052055 	35.171009 	51.088158 	22.203604 	30.149628 	40.311287 	84.628601 	91.525955 	71.217972 	36.345562 	17.204651 	60.959003 	16.401220 	34.525352 	24.331051 	7.280110 	63.031738 	34.713108 	58.728188 	56.586216 	16.278820 	94.625580 	115.602768 	114.738831 	66.528191 	48.270073 	58.000000 	999.000000 	48.270073 	71.421288 	73.552704 	110.941429 	67.896980 	53.263496 	63.702435 	
17.464249 	16.401220 	66.610809 	59.615433 	27.892651 	13.601471 	27.513634 	53.366657 	40.261642 	72.897186 	39.560081 	35.846897 	77.369247 	86.585220 	74.330345 	8.944272 	27.294687 	75.133217 	85.000000 	39.849716 	47.127487 	25.961510 	81.394104 	31.906113 	15.297058 	32.449963 	80.062477 	70.327805 	42.438190 	16.763054 	80.529495 	12.369317 	10.198039 	62.968246 	49.396355 	72.124893 	71.168816 	19.697716 	93.914856 	10.295630 	48.270073 	999.000000 	23.853722 	26.076809 	65.924202 	20.000000 	5.000000 	15.620500 	
31.780497 	27.856777 	46.173584 	80.454956 	48.259712 	26.832815 	48.600410 	32.015621 	19.235384 	94.302704 	18.110771 	58.137768 	96.254868 	105.309067 	93.914856 	20.808653 	49.578220 	96.519424 	106.000000 	18.027756 	25.019993 	7.810250 	102.625534 	54.488529 	11.180340 	55.172459 	101.513542 	92.200867 	65.115280 	8.944272 	102.078400 	12.806249 	14.866069 	85.276024 	26.476404 	49.648766 	48.662102 	5.385165 	115.121674 	13.601471 	71.421288 	23.853722 	999.000000 	2.236068 	42.720020 	4.123106 	19.235384 	8.544003 	
33.541019 	29.546574 	44.283180 	82.377182 	50.219517 	28.653097 	50.606323 	30.066593 	17.464249 	96.260063 	16.278820 	60.207973 	97.989792 	107.018692 	95.713112 	22.803509 	51.662365 	98.473343 	107.912003 	16.124516 	23.000000 	7.615773 	104.560989 	56.586216 	13.038404 	57.280014 	103.469803 	94.201912 	67.208633 	10.816654 	104.043259 	14.866069 	16.970562 	87.321243 	24.331051 	47.518417 	46.529560 	7.211102 	117.046997 	15.811388 	73.552704 	26.076809 	2.236068 	999.000000 	40.521599 	6.324555 	21.470911 	10.770329 	
67.801178 	63.600315 	16.763054 	116.000000 	85.603737 	64.070274 	86.608315 	15.811388 	26.627054 	130.138382 	26.925823 	96.834908 	128.062485 	136.400146 	126.905479 	60.415230 	88.752464 	132.245987 	140.758652 	26.419689 	19.416489 	40.249222 	137.887634 	93.744331 	50.990196 	94.578011 	137.186005 	128.887543 	104.043259 	49.244289 	137.902145 	53.712196 	55.946404 	122.918671 	16.552946 	8.944272 	8.062258 	46.238514 	149.966660 	55.713554 	110.941429 	65.924202 	42.720020 	40.521599 	999.000000 	46.840153 	61.684681 	51.244511 	
29.410883 	25.709921 	50.089920 	77.524193 	45.276924 	24.351591 	45.486263 	36.000000 	23.086792 	91.268837 	22.022715 	54.817879 	93.776329 	102.883430 	91.285271 	17.888544 	46.227695 	93.493317 	103.077644 	22.000000 	29.068884 	10.295630 	99.644371 	51.088158 	9.055386 	51.739735 	98.478424 	89.050545 	61.717098 	7.000000 	99.020203 	9.848858 	11.661903 	82.006096 	30.594116 	53.758720 	52.773098 	4.472136 	112.160599 	9.899495 	67.896980 	20.000000 	4.123106 	6.324555 	46.840153 	999.000000 	15.264338 	4.472136 	
20.396078 	18.384777 	63.198101 	64.474800 	32.572994 	15.811388 	32.310989 	49.648766 	36.496574 	77.826729 	35.693138 	40.816662 	82.006096 	91.214035 	79.056938 	9.433981 	32.249031 	80.062477 	89.899948 	35.902645 	43.174065 	22.203604 	86.313385 	36.891735 	12.041595 	37.443291 	85.000000 	75.292763 	47.434166 	13.038404 	85.475143 	9.055386 	7.280110 	67.955872 	45.221676 	68.154236 	67.186310 	15.524175 	98.838249 	6.082763 	53.263496 	5.000000 	19.235384 	21.470911 	61.684681 	15.264338 	999.000000 	10.816654 	
26.476404 	23.086792 	54.009258 	73.824112 	41.593269 	21.377558 	41.677334 	40.049969 	27.000000 	87.464279 	26.019224 	50.803543 	90.476517 	99.624290 	87.846458 	14.560220 	42.201897 	89.693924 	99.362968 	26.076809 	33.241539 	13.341664 	95.880135 	47.010635 	7.615773 	47.634022 	94.667839 	85.146935 	57.628117 	6.403124 	95.189285 	7.000000 	8.246211 	78.006409 	34.928497 	58.051701 	57.070133 	6.324555 	108.406639 	5.830952 	63.702435 	15.620500 	8.544003 	10.770329 	51.244511 	4.472136 	10.816654 	999.000000 	

Travel time:
9.000000 	0.106066 	1.601952 	1.230091 	0.445112 	0.127475 	0.471699 	1.325000 	1.030776 	1.581336 	1.027740 	0.728869 	1.611870 	1.838478 	1.554429 	0.301040 	0.538516 	1.635925 	1.865811 	1.044330 	1.210372 	0.730154 	1.785007 	0.660019 	0.515388 	0.682825 	1.760859 	1.538871 	0.908983 	0.571183 	1.776584 	0.491172 	0.456207 	1.380670 	1.293493 	1.805028 	1.783606 	0.660019 	2.095382 	0.527376 	1.085415 	0.436606 	0.794512 	0.838525 	1.695029 	0.735272 	0.509902 	0.661910 	
0.106066 	9.000000 	1.504161 	1.335337 	0.550568 	0.070711 	0.575543 	1.221935 	0.925338 	1.686898 	0.921954 	0.832166 	1.711177 	1.936814 	1.656049 	0.230489 	0.637377 	1.741407 	1.970406 	0.938416 	1.105102 	0.625000 	1.890106 	0.760345 	0.419076 	0.782624 	1.866313 	1.644878 	1.012423 	0.474342 	1.882153 	0.403113 	0.375000 	1.486607 	1.187697 	1.702388 	1.680773 	0.561805 	2.200142 	0.450694 	1.187697 	0.410031 	0.696419 	0.738664 	1.590008 	0.642748 	0.459619 	0.577170 	
1.601952 	1.504161 	9.000000 	2.740552 	2.034853 	1.533786 	2.069118 	0.357946 	0.675463 	3.090004 	0.701783 	2.325941 	2.987578 	3.183748 	2.973214 	1.485976 	2.140385 	3.140064 	3.335416 	0.704006 	0.539676 	1.026219 	3.271849 	2.261775 	1.283793 	2.284732 	3.260464 	3.072153 	2.504496 	1.253994 	3.280244 	1.358308 	1.410895 	2.941513 	0.548293 	0.309233 	0.304138 	1.200260 	3.563092 	1.428504 	2.683864 	1.665270 	1.154340 	1.107080 	0.419076 	1.252248 	1.579952 	1.350231 	
1.230091 	1.335337 	2.740552 	9.000000 	0.806226 	1.345595 	0.805062 	2.514210 	2.245690 	0.353553 	2.246803 	0.612882 	0.509902 	0.726722 	0.400780 	1.492062 	0.814325 	0.406971 	0.638847 	2.265226 	2.421905 	1.960230 	0.555090 	0.715891 	1.733494 	0.711073 	0.531507 	0.335410 	0.500625 	1.789029 	0.548293 	1.693554 	1.646587 	0.279509 	2.511225 	2.983287 	2.964056 	1.879162 	0.866747 	1.700000 	0.492443 	1.490386 	2.011374 	2.059430 	2.900000 	1.938105 	1.611870 	1.845603 	
0.445112 	0.550568 	2.034853 	0.806226 	9.000000 	0.548293 	0.055902 	1.768120 	1.475847 	1.151086 	1.472455 	0.292617 	1.236932 	1.467353 	1.162164 	0.686477 	0.167705 	1.206493 	1.445035 	1.488707 	1.655483 	1.167262 	1.359458 	0.250000 	0.930054 	0.275000 	1.331353 	1.101136 	0.469707 	0.985203 	1.345595 	0.887764 	0.840387 	0.937083 	1.738174 	2.247221 	2.226123 	1.075291 	1.672199 	0.894427 	0.650000 	0.697316 	1.206493 	1.255488 	2.140093 	1.131923 	0.814325 	1.039832 	
0.127475 	0.070711 	1.533786 	1.345595 	0.548293 	9.000000 	0.566789 	1.241219 	0.936082 	1.695029 	0.930054 	0.820061 	1.736555 	1.963734 	1.677051 	0.175000 	0.617454 	1.750000 	1.983053 	0.945053 	1.116356 	0.618971 	1.900658 	0.742041 	0.391312 	0.763217 	1.875000 	1.648674 	1.000000 	0.447214 	1.890106 	0.364006 	0.328824 	1.484924 	1.195042 	1.722099 	1.700000 	0.536773 	2.212041 	0.400780 	1.171804 	0.340037 	0.670820 	0.716327 	1.601757 	0.608790 	0.395285 	0.534439 	
0.471699 	0.575543 	2.069118 	0.805062 	0.055902 	0.566789 	9.000000 	1.796698 	1.500000 	1.144825 	1.495410 	0.257391 	1.250250 	1.480709 	1.171004 	0.695072 	0.111803 	1.200521 	1.442654 	1.511001 	1.680030 	1.184536 	1.355083 	0.201556 	0.941076 	0.226385 	1.325000 	1.090011 	0.437321 	0.995615 	1.338376 	0.895126 	0.845946 	0.919918 	1.760859 	2.276648 	2.255271 	1.085415 	1.668270 	0.896172 	0.614919 	0.687841 	1.215010 	1.265158 	2.165208 	1.137157 	0.807775 	1.041933 	
1.325000 	1.221935 	0.357946 	2.514210 	1.768120 	1.241219 	1.796698 	9.000000 	0.328824 	2.867272 	0.350892 	2.053807 	2.807356 	3.015066 	2.779951 	1.170470 	1.857586 	2.919439 	3.128997 	0.350000 	0.182003 	0.686477 	3.058697 	1.981477 	0.951972 	2.003278 	3.042408 	2.839234 	2.233971 	0.916856 	3.060739 	1.025000 	1.079352 	2.695019 	0.212132 	0.480885 	0.458939 	0.855862 	3.358943 	1.089151 	2.409616 	1.334166 	0.800391 	0.751665 	0.395285 	0.900000 	1.241219 	1.001249 	
1.030776 	0.925338 	0.675463 	2.245690 	1.475847 	0.936082 	1.500000 	0.328824 	9.000000 	2.599159 	0.035355 	1.755349 	2.572572 	2.787920 	2.535005 	0.850368 	1.553222 	2.652593 	2.871628 	0.055902 	0.180278 	0.357946 	2.796650 	1.677982 	0.625000 	1.698897 	2.776801 	2.563811 	1.935523 	0.588430 	2.793967 	0.697316 	0.752080 	2.410654 	0.265754 	0.798827 	0.775403 	0.527376 	3.102116 	0.760345 	2.107872 	1.006541 	0.480885 	0.436606 	0.665676 	0.577170 	0.912414 	0.675000 	
1.581336 	1.686898 	3.090004 	0.353553 	1.151086 	1.695029 	1.144825 	2.867272 	2.599159 	9.000000 	2.600120 	0.929045 	0.430116 	0.561805 	0.313249 	1.837457 	1.140449 	0.055902 	0.309233 	2.618444 	2.775450 	2.311385 	0.213600 	1.030776 	2.080865 	1.021335 	0.180278 	0.111803 	0.783023 	2.136147 	0.195256 	2.038535 	1.990289 	0.301040 	2.864655 	3.335416 	3.316342 	2.226264 	0.525595 	2.040833 	0.701783 	1.822430 	2.357568 	2.406502 	3.253459 	2.281721 	1.945668 	2.186607 	
1.027740 	0.921954 	0.701783 	2.246803 	1.472455 	0.930054 	1.495410 	0.350892 	0.035355 	2.600120 	9.000000 	1.750000 	2.579365 	2.795756 	2.540177 	0.838525 	1.546367 	2.653771 	2.874456 	0.025000 	0.190394 	0.340037 	2.798661 	1.671264 	0.608790 	1.691892 	2.778151 	2.563323 	1.930026 	0.570088 	2.795085 	0.680074 	0.735272 	2.408319 	0.265754 	0.814325 	0.790569 	0.505594 	3.104936 	0.740355 	2.101339 	0.989002 	0.452769 	0.406971 	0.673146 	0.550568 	0.892328 	0.650481 	
0.728869 	0.832166 	2.325941 	0.612882 	0.292617 	0.820061 	0.257391 	2.053807 	1.755349 	0.929045 	1.750000 	9.000000 	1.100284 	1.327121 	1.004987 	0.937083 	0.215058 	0.984886 	1.234909 	1.765113 	1.935523 	1.434617 	1.142366 	0.103078 	1.184536 	0.100000 	1.107080 	0.862047 	0.180278 	1.237942 	1.118034 	1.133578 	1.081954 	0.680074 	2.015099 	2.533895 	2.512469 	1.326885 	1.454519 	1.125000 	0.357946 	0.896172 	1.453444 	1.505199 	2.420873 	1.370447 	1.020416 	1.270089 	
1.611870 	1.711177 	2.987578 	0.509902 	1.236932 	1.736555 	1.250250 	2.807356 	2.572572 	0.430116 	2.579365 	1.100284 	9.000000 	0.230489 	0.125000 	1.899013 	1.283793 	0.425000 	0.427931 	2.600240 	2.740552 	2.326478 	0.427931 	1.201041 	2.127205 	1.200260 	0.460977 	0.531507 	1.007782 	2.183031 	0.485412 	2.098362 	2.057000 	0.665676 	2.836591 	3.255764 	3.238923 	2.271838 	0.617454 	2.118962 	0.996243 	1.934231 	2.406372 	2.449745 	3.201562 	2.344408 	2.050152 	2.261913 	
1.838478 	1.936814 	3.183748 	0.726722 	1.467353 	1.963734 	1.480709 	3.015066 	2.787920 	0.561805 	2.795756 	1.327121 	0.230489 	9.000000 	0.325960 	2.127352 	1.513275 	0.535023 	0.413824 	2.817024 	2.953811 	2.549142 	0.465027 	1.428504 	2.353853 	1.426972 	0.515388 	0.673146 	1.227294 	2.409616 	0.535023 	2.326210 	2.285416 	0.840387 	3.050922 	3.457329 	3.441112 	2.498124 	0.525000 	2.348005 	1.201301 	2.164630 	2.632727 	2.675467 	3.410004 	2.572086 	2.280351 	2.490607 	
1.554429 	1.656049 	2.973214 	0.400780 	1.162164 	1.677051 	1.171004 	2.779951 	2.535005 	0.313249 	2.540177 	1.004987 	0.125000 	0.325960 	9.000000 	1.835245 	1.196349 	0.316228 	0.380789 	2.560395 	2.705781 	2.276648 	0.353553 	1.107080 	2.068363 	1.104536 	0.375000 	0.410031 	0.901388 	2.124264 	0.400000 	2.035927 	1.992643 	0.540833 	2.800112 	3.235062 	3.217530 	2.213736 	0.596343 	2.051981 	0.879275 	1.858259 	2.347871 	2.392828 	3.172637 	2.282132 	1.976424 	2.196162 	
0.301040 	0.230489 	1.485976 	1.492062 	0.686477 	0.175000 	0.695072 	1.170470 	0.850368 	1.837457 	0.838525 	0.937083 	1.899013 	2.127352 	1.835245 	9.000000 	0.725000 	1.892914 	2.130874 	0.850000 	1.028652 	0.506211 	2.045880 	0.849264 	0.247487 	0.867828 	2.017734 	1.785007 	1.113833 	0.301040 	2.031779 	0.201556 	0.158114 	1.613420 	1.097725 	1.648105 	1.625000 	0.390512 	2.358495 	0.226385 	1.277204 	0.223607 	0.520216 	0.570088 	1.510381 	0.447214 	0.235850 	0.364006 	
0.538516 	0.637377 	2.140385 	0.814325 	0.167705 	0.617454 	0.111803 	1.857586 	1.553222 	1.140449 	1.546367 	0.215058 	1.283793 	1.513275 	1.196349 	0.725000 	9.000000 	1.196349 	1.444386 	1.560649 	1.733494 	1.226020 	1.353237 	0.125000 	0.972432 	0.145774 	1.319327 	1.076162 	0.388909 	1.025305 	1.330883 	0.919918 	0.867828 	0.895126 	1.810559 	2.338402 	2.316517 	1.113833 	1.666021 	0.910014 	0.555090 	0.682367 	1.239455 	1.291559 	2.218812 	1.155692 	0.806226 	1.055047 	
1.635925 	1.741407 	3.140064 	0.406971 	1.206493 	1.750000 	1.200521 	2.919439 	2.652593 	0.055902 	2.653771 	0.984886 	0.425000 	0.535023 	0.316228 	1.892914 	1.196349 	9.000000 	0.254951 	2.672195 	2.828648 	2.366036 	0.158114 	1.086566 	2.136147 	1.077033 	0.125000 	0.152069 	0.838153 	2.191461 	0.141421 	2.094039 	2.045880 	0.350000 	2.918154 	3.386831 	3.367863 	2.281584 	0.469707 	2.096575 	0.753741 	1.878330 	2.412986 	2.461833 	3.306150 	2.337333 	2.001562 	2.242348 	
1.865811 	1.970406 	3.335416 	0.638847 	1.445035 	1.983053 	1.442654 	3.128997 	2.871628 	0.309233 	2.874456 	1.234909 	0.427931 	0.413824 	0.380789 	2.130874 	1.444386 	0.254951 	9.000000 	2.893635 	3.045694 	2.595308 	0.100000 	1.337208 	2.371840 	1.328533 	0.152069 	0.400780 	1.092016 	2.427447 	0.158114 	2.332381 	2.285416 	0.602080 	3.137375 	3.590700 	3.572464 	2.517563 	0.230489 	2.338402 	1.007782 	2.125000 	2.650000 	2.697800 	3.518966 	2.576941 	2.247499 	2.484074 	
1.044330 	0.938416 	0.704006 	2.265226 	1.488707 	0.945053 	1.511001 	0.350000 	0.055902 	2.618444 	0.025000 	1.765113 	2.600240 	2.817024 	2.560395 	0.850000 	1.560649 	2.672195 	2.893635 	9.000000 	0.182003 	0.348210 	2.817468 	1.685601 	0.617454 	1.706055 	2.796650 	2.580940 	1.945026 	0.577170 	2.813472 	0.687841 	0.743303 	2.425000 	0.250000 	0.807001 	0.783023 	0.509902 	3.124100 	0.745822 	2.115715 	0.996243 	0.450694 	0.403113 	0.660492 	0.550000 	0.897566 	0.651920 	
1.210372 	1.105102 	0.539676 	2.421905 	1.655483 	1.116356 	1.680030 	0.182003 	0.180278 	2.775450 	0.190394 	1.935523 	2.740552 	2.953811 	2.705781 	1.028652 	1.733494 	2.828648 	3.045694 	0.182003 	9.000000 	0.529741 	2.971742 	1.858259 	0.798827 	1.879162 	2.952647 	2.741464 	2.115715 	0.759111 	2.970059 	0.869626 	0.925000 	2.589643 	0.103078 	0.625000 	0.601041 	0.691466 	3.276145 	0.927699 	2.288149 	1.178187 	0.625500 	0.575000 	0.485412 	0.726722 	1.079352 	0.831038 	
0.730154 	0.625000 	1.026219 	1.960230 	1.167262 	0.618971 	1.184536 	0.686477 	0.357946 	2.311385 	0.340037 	1.434617 	2.326478 	2.549142 	2.276648 	0.506211 	1.226020 	2.366036 	2.595308 	0.348210 	0.529741 	9.000000 	2.515079 	1.350926 	0.269258 	1.370447 	2.490984 	2.267157 	1.613420 	0.230489 	2.506616 	0.340037 	0.395285 	2.103717 	0.592663 	1.154340 	1.130542 	0.176777 	2.825111 	0.403113 	1.780449 	0.649038 	0.195256 	0.190394 	1.006231 	0.257391 	0.555090 	0.333542 	
1.785007 	1.890106 	3.271849 	0.555090 	1.359458 	1.900658 	1.355083 	3.058697 	2.796650 	0.213600 	2.798661 	1.142366 	0.427931 	0.465027 	0.353553 	2.045880 	1.353237 	0.158114 	0.100000 	2.817468 	2.971742 	2.515079 	9.000000 	1.244237 	2.288149 	1.234909 	0.055902 	0.301040 	0.996243 	2.343608 	0.070711 	2.247221 	2.199574 	0.502494 	3.062372 	3.523226 	3.504640 	2.433747 	0.313249 	2.251250 	0.908639 	2.034853 	2.565638 	2.614025 	3.447191 	2.491109 	2.157835 	2.397003 	
0.660019 	0.760345 	2.261775 	0.715891 	0.250000 	0.742041 	0.201556 	1.981477 	1.677982 	1.030776 	1.671264 	0.103078 	1.201041 	1.428504 	1.107080 	0.849264 	0.125000 	1.086566 	1.337208 	1.685601 	1.858259 	1.350926 	1.244237 	9.000000 	1.096586 	0.025000 	1.208305 	0.961769 	0.265754 	1.149184 	1.218862 	1.043132 	0.990581 	0.776611 	1.935523 	2.462214 	2.440415 	1.237437 	1.556037 	1.030776 	0.430116 	0.797653 	1.362213 	1.414655 	2.343608 	1.277204 	0.922293 	1.175266 	
0.515388 	0.419076 	1.283793 	1.733494 	0.930054 	0.391312 	0.941076 	0.951972 	0.625000 	2.080865 	0.608790 	1.184536 	2.127205 	2.353853 	2.068363 	0.247487 	0.972432 	2.136147 	2.371840 	0.617454 	0.798827 	0.269258 	2.288149 	1.096586 	9.000000 	1.114955 	2.261084 	2.030394 	1.361295 	0.055902 	2.275549 	0.075000 	0.127475 	1.860276 	0.860959 	1.423025 	1.399330 	0.145774 	2.600240 	0.158114 	1.523975 	0.382426 	0.279509 	0.325960 	1.274755 	0.226385 	0.301040 	0.190394 	
0.682825 	0.782624 	2.284732 	0.711073 	0.275000 	0.763217 	0.226385 	2.003278 	1.698897 	1.021335 	1.691892 	0.100000 	1.200260 	1.426972 	1.104536 	0.867828 	0.145774 	1.077033 	1.328533 	1.706055 	1.879162 	1.370447 	1.234909 	0.025000 	1.114955 	9.000000 	1.198176 	0.950329 	0.250000 	1.167262 	1.208305 	1.060660 	1.007782 	0.763217 	1.955920 	2.484074 	2.462214 	1.255239 	1.546165 	1.046721 	0.410031 	0.811249 	1.379311 	1.432000 	2.364450 	1.293493 	0.936082 	1.190850 	
1.760859 	1.866313 	3.260464 	0.531507 	1.331353 	1.875000 	1.325000 	3.042408 	2.776801 	0.180278 	2.778151 	1.107080 	0.460977 	0.515388 	0.375000 	2.017734 	1.319327 	0.125000 	0.152069 	2.796650 	2.952647 	2.490984 	0.055902 	1.208305 	2.261084 	1.198176 	9.000000 	0.254951 	0.956883 	2.316382 	0.025000 	2.218812 	2.170541 	0.456207 	3.042408 	3.508917 	3.490075 	2.406502 	0.348210 	2.220923 	0.863134 	2.001562 	2.537838 	2.586745 	3.429650 	2.461961 	2.125000 	2.366696 	
1.538871 	1.644878 	3.072153 	0.335410 	1.101136 	1.648674 	1.090011 	2.839234 	2.563811 	0.111803 	2.563323 	0.862047 	0.531507 	0.673146 	0.410031 	1.785007 	1.076162 	0.152069 	0.400780 	2.580940 	2.741464 	2.267157 	0.301040 	0.961769 	2.030394 	0.950329 	0.254951 	9.000000 	0.705780 	2.085216 	0.261008 	1.985101 	1.935523 	0.201556 	2.828648 	3.310966 	3.291371 	2.175144 	0.601041 	1.983053 	0.608276 	1.758195 	2.305022 	2.355048 	3.222188 	2.226264 	1.882319 	2.128673 	
0.908983 	1.012423 	2.504496 	0.500625 	0.469707 	1.000000 	0.437321 	2.233971 	1.935523 	0.783023 	1.930026 	0.180278 	1.007782 	1.227294 	0.901388 	1.113833 	0.388909 	0.838153 	1.092016 	1.945026 	2.115715 	1.613420 	0.996243 	0.265754 	1.361295 	0.250000 	0.956883 	0.705780 	9.000000 	1.414214 	0.965660 	1.308625 	1.256234 	0.514782 	2.195023 	2.713969 	2.692582 	1.502706 	1.305038 	1.296389 	0.182003 	1.060955 	1.627882 	1.680216 	2.601081 	1.542928 	1.185854 	1.440703 	
