UB = 1030
M = 100

Distance:
999.000000 	27.658634 	19.313208 	30.265491 	14.142136 	19.000000 	28.861740 	46.043457 	25.179358 	36.400551 	65.855904 	36.878178 	32.249031 	30.000000 	29.068884 	52.839378 	74.518456 	73.756355 	35.510563 	78.517517 	32.140316 	44.147480 	42.201897 	71.449280 	72.622307 	63.245552 	66.573265 	79.981247 	44.011364 	62.169125 	84.899940 	75.822159 	38.078865 	54.083271 	75.286118 	37.576588 	71.281136 	57.489128 	52.153618 	41.231056 	41.868843 	53.150730 	42.426407 	86.683334 	48.270073 	46.141087 	54.332310 	49.769470 	58.034473 	50.695168 	98.407318 	64.070274 	59.439045 	69.028976 	72.027771 	68.622154 	66.370171 	77.878113 	85.234970 	
27.658634 	999.000000 	11.401754 	16.643316 	17.464249 	18.110771 	13.038404 	73.109505 	21.377558 	62.128899 	38.209946 	18.027756 	55.901699 	52.392746 	50.695168 	26.248810 	102.176315 	101.414986 	59.481091 	51.088158 	53.141319 	23.409399 	66.648331 	98.994949 	45.000000 	90.271812 	39.357338 	52.345009 	28.600698 	36.138622 	57.280014 	103.276329 	56.293873 	79.259071 	102.649887 	52.239830 	98.234413 	35.355339 	34.014702 	45.354160 	46.324940 	75.272835 	48.836460 	114.021927 	65.764732 	58.034473 	40.804413 	44.654228 	42.059483 	65.030762 	70.802544 	47.853943 	48.270073 	50.596443 	54.781384 	59.464275 	63.245552 	65.192024 	76.576759 	
19.313208 	11.401754 	999.000000 	12.369317 	6.403124 	7.071068 	10.000000 	62.936478 	12.206555 	51.400391 	48.270073 	18.027756 	44.777225 	41.146080 	39.395432 	33.837849 	93.005379 	92.200867 	48.373547 	61.611687 	41.785164 	25.179358 	55.569775 	89.274857 	54.451813 	79.981247 	47.801674 	62.369865 	26.683329 	42.941822 	67.357254 	93.380943 	44.911022 	68.264191 	92.633690 	41.048752 	87.863533 	38.470768 	34.132095 	35.846897 	36.769554 	63.906181 	38.897301 	103.947105 	54.451813 	47.265209 	38.275318 	38.209946 	41.000000 	54.009258 	80.056229 	47.074409 	44.721359 	51.244511 	54.744862 	55.226807 	56.586216 	62.769421 	72.401657 	
30.265491 	16.643316 	12.369317 	999.000000 	16.124516 	11.704700 	3.605551 	70.000000 	8.602325 	57.384666 	44.283180 	7.211102 	49.517673 	45.343136 	43.278172 	27.202942 	101.355812 	100.498756 	53.075417 	58.180752 	45.000000 	14.317822 	60.207973 	96.834908 	49.091751 	86.556343 	41.231056 	57.801384 	14.317822 	34.713108 	62.769421 	100.603180 	46.065170 	73.000000 	99.639351 	40.496914 	94.175369 	27.513634 	22.000000 	30.066593 	31.064449 	66.370171 	34.000000 	110.751976 	54.424259 	44.553337 	26.000000 	28.017851 	28.635643 	52.172791 	73.756355 	34.713108 	32.756680 	39.051247 	42.426407 	43.600460 	46.615448 	50.566788 	60.802959 	
14.142136 	17.464249 	6.403124 	16.124516 	999.000000 	5.385165 	14.866069 	56.568542 	12.083046 	45.000000 	54.671749 	22.803509 	38.470768 	34.928497 	33.241539 	40.000000 	86.838928 	86.023254 	42.059483 	68.007355 	35.735138 	30.083218 	49.244289 	82.975899 	60.811184 	73.593475 	54.037025 	68.767723 	30.016663 	48.877399 	73.756355 	87.045967 	39.319206 	61.911228 	86.278618 	36.055511 	81.467789 	43.416588 	38.052597 	33.286633 	34.132095 	57.870544 	35.777088 	97.580734 	49.091751 	42.953465 	40.792156 	38.275318 	44.181442 	49.254440 	86.371292 	50.249378 	46.486557 	55.000000 	58.137768 	56.364883 	56.080299 	64.845970 	73.355301 	
19.000000 	18.110771 	7.071068 	11.704700 	5.385165 	999.000000 	11.401754 	58.898216 	6.708204 	46.690472 	53.254108 	18.788294 	39.408119 	35.510563 	33.615471 	37.483330 	89.888817 	89.044930 	43.011627 	66.887962 	35.777088 	26.000000 	50.219517 	85.603737 	58.898216 	75.690155 	51.623638 	67.201187 	25.019993 	45.803928 	72.201111 	89.498604 	38.327538 	63.007935 	88.617157 	34.132095 	83.438599 	39.217342 	33.241539 	29.068884 	29.966648 	57.775429 	31.953091 	99.824844 	47.675991 	40.199501 	35.510563 	33.015148 	39.051247 	47.000000 	84.148682 	45.099888 	41.109608 	50.039986 	53.037724 	50.990196 	50.990196 	59.481091 	68.000000 	
28.861740 	13.038404 	10.000000 	3.605551 	14.866069 	11.401754 	999.000000 	70.292244 	10.440307 	57.982758 	42.544094 	8.062258 	50.447994 	46.400433 	44.407207 	26.172504 	101.242287 	100.404182 	54.037025 	56.356010 	46.324940 	15.297058 	61.220913 	97.005157 	47.801674 	87.045967 	40.311287 	56.302753 	17.088007 	34.409302 	61.294373 	100.895988 	47.927029 	74.027023 	100.004997 	42.720020 	94.762863 	28.635643 	24.186773 	33.241539 	34.234486 	68.000000 	37.054016 	111.198021 	56.612720 	47.265209 	29.068884 	31.622776 	31.320919 	54.744862 	72.862885 	37.363083 	36.055511 	41.303753 	44.911022 	47.010635 	50.219517 	53.665630 	64.202805 	
46.043457 	73.109505 	62.936478 	70.000000 	56.568542 	58.898216 	70.292244 	999.000000 	61.854668 	13.601471 	111.126053 	77.201035 	22.803509 	27.202942 	29.410883 	96.332756 	32.572994 	31.622776 	20.223749 	124.197426 	29.614185 	84.053551 	16.278820 	26.925823 	117.379723 	17.204651 	110.453613 	125.255737 	80.131142 	104.637466 	130.230560 	30.610456 	35.014282 	15.264338 	29.732138 	42.190044 	25.238859 	96.566040 	88.588936 	59.228371 	59.033890 	26.627054 	56.568542 	41.012192 	38.078865 	49.040798 	86.162636 	74.464760 	91.389275 	45.891174 	142.898560 	96.566040 	87.641312 	103.077644 	104.403069 	92.395889 	83.096329 	104.139328 	105.171288 	
25.179358 	21.377558 	12.206555 	8.602325 	12.083046 	6.708204 	10.440307 	61.854668 	999.000000 	49.040798 	52.773098 	15.556349 	41.012192 	36.796738 	34.713108 	35.805027 	93.536087 	92.660675 	44.553337 	66.640831 	36.400551 	22.203604 	51.662365 	88.752464 	57.688820 	78.243210 	49.819675 	66.370171 	19.416489 	43.139309 	71.344238 	92.417534 	37.576588 	64.443771 	91.400215 	32.280025 	85.796272 	34.885529 	27.892651 	24.041630 	25.000000 	57.801384 	27.459061 	102.449989 	46.173584 	37.054016 	29.154760 	26.400757 	33.015148 	44.407207 	82.328613 	39.000000 	34.481880 	44.283180 	47.010635 	44.283180 	44.553337 	52.886673 	61.294373 	
36.400551 	62.128899 	51.400391 	57.384666 	45.000000 	46.690472 	57.982758 	13.601471 	49.040798 	999.000000 	99.639351 	64.536812 	9.219544 	13.601471 	15.811388 	84.148682 	46.173584 	45.221676 	7.071068 	113.004425 	16.124516 	71.217972 	7.615773 	40.249222 	105.550934 	29.206163 	98.290382 	113.701363 	66.887962 	92.097771 	118.697090 	43.566040 	22.203604 	17.720045 	42.438190 	29.000000 	36.796738 	83.486526 	75.292763 	45.705578 	45.541191 	21.023796 	43.185646 	53.413483 	27.294687 	36.496574 	72.615425 	60.876926 	77.878113 	34.539833 	130.831955 	83.006027 	74.040527 	89.554451 	90.824005 	78.917679 	70.000000 	90.609047 	92.021736 	
65.855904 	38.209946 	48.270073 	44.283180 	54.671749 	53.254108 	42.544094 	111.126053 	52.773098 	99.639351 	999.000000 	38.275318 	92.655273 	88.752464 	86.821655 	18.248287 	140.356689 	139.603012 	96.260063 	13.928389 	88.836929 	34.525352 	103.469803 	137.186005 	8.062258 	128.222458 	10.630146 	14.142136 	43.289722 	18.384777 	19.104973 	141.428421 	90.338257 	116.249733 	140.758652 	84.693565 	136.124939 	31.780497 	40.112343 	72.034714 	73.006851 	110.535065 	76.400261 	152.108521 	98.615417 	87.931793 	50.249378 	63.071388 	46.872166 	95.817535 	33.120991 	49.335587 	57.706154 	46.518814 	51.429562 	67.911705 	78.409180 	66.708321 	81.706795 	
36.878178 	18.027756 	18.027756 	7.211102 	22.803509 	18.788294 	8.062258 	77.201035 	15.556349 	64.536812 	38.275318 	999.000000 	56.568542 	52.345009 	50.249378 	20.591261 	108.558739 	107.703293 	60.108234 	52.201534 	51.855568 	7.280110 	67.208633 	104.043259 	42.544094 	93.723000 	34.409302 	51.429562 	10.630146 	27.586229 	56.356010 	107.800743 	52.478565 	79.981247 	106.826965 	46.518814 	101.316338 	20.615528 	16.492422 	34.234486 	35.227829 	72.945183 	38.470768 	117.923706 	60.415230 	49.729267 	22.803509 	28.792360 	24.166092 	57.567352 	66.843102 	30.083218 	30.413813 	33.541019 	37.363083 	41.725292 	46.957428 	47.169907 	58.728188 	
32.249031 	55.901699 	44.777225 	49.517673 	38.470768 	39.408119 	50.447994 	22.803509 	41.012192 	9.219544 	92.655273 	56.568542 	999.000000 	4.472136 	6.708204 	76.576759 	55.362442 	54.405884 	3.605551 	106.230881 	7.000000 	63.031738 	10.816654 	49.244289 	98.234413 	37.735924 	90.686272 	106.606750 	58.249462 	84.148682 	111.606453 	52.354561 	13.928389 	23.600847 	51.107731 	20.099751 	45.000000 	75.000000 	66.573265 	36.496574 	36.345562 	21.000000 	34.058773 	61.854668 	21.213203 	28.160255 	63.560993 	51.662365 	68.876701 	27.459061 	123.239601 	73.925636 	64.845970 	80.529495 	81.706795 	69.720871 	61.032780 	81.394104 	83.000000 	
30.000000 	52.392746 	41.146080 	45.343136 	34.928497 	35.510563 	46.400433 	27.202942 	36.796738 	13.601471 	88.752464 	52.345009 	4.472136 	999.000000 	2.236068 	72.470680 	59.774578 	58.821766 	7.810250 	102.396286 	3.605551 	58.728188 	14.866069 	53.712196 	94.201912 	42.190044 	86.556343 	102.649887 	53.823788 	79.906197 	107.647575 	56.824291 	11.401754 	27.658634 	55.569775 	16.492422 	49.406479 	70.604530 	62.128899 	32.249031 	32.140316 	23.345236 	30.000000 	66.287254 	20.248457 	25.079872 	59.093147 	47.296936 	64.404968 	25.495098 	119.096596 	69.462219 	60.440052 	76.059189 	77.252831 	65.490456 	57.140179 	77.103828 	79.025314 	
29.068884 	50.695168 	39.395432 	43.278172 	33.241539 	33.615471 	44.407207 	29.410883 	34.713108 	15.811388 	86.821655 	50.249378 	6.708204 	2.236068 	999.000000 	70.434364 	61.983868 	61.032780 	10.000000 	100.498756 	3.162278 	56.586216 	16.970562 	55.946404 	92.200867 	44.418465 	84.504440 	100.687637 	51.613953 	77.794601 	105.683487 	59.059292 	10.630146 	29.732138 	57.801384 	14.866069 	51.613953 	68.410522 	59.908264 	30.149628 	30.066593 	24.738634 	28.017851 	68.505478 	20.124611 	23.706539 	56.859474 	45.122055 	62.169125 	24.758837 	117.034180 	67.230942 	58.240879 	73.824112 	75.026665 	63.387695 	55.226807 	74.966660 	77.058418 	
52.839378 	26.248810 	33.837849 	27.202942 	40.000000 	37.483330 	26.172504 	96.332756 	35.805027 	84.148682 	18.248287 	20.591261 	76.576759 	72.470680 	70.434364 	999.000000 	126.826653 	126.015869 	80.156097 	32.015621 	72.201111 	16.278820 	87.321243 	122.918671 	21.954498 	113.172432 	14.142136 	30.870699 	25.079872 	10.049875 	35.777088 	126.905479 	73.061615 	100.124924 	126.063477 	67.082039 	120.917328 	16.401220 	22.803509 	53.851646 	54.817879 	93.493317 	58.240879 	137.295303 	80.956779 	69.892776 	32.984844 	45.000000 	30.463093 	77.833153 	46.690472 	34.132095 	40.804413 	33.241539 	38.209946 	51.623638 	61.000000 	52.430908 	66.730804 	
74.518456 	102.176315 	93.005379 	101.355812 	86.838928 	89.888817 	101.242287 	32.572994 	93.536087 	46.173584 	140.356689 	108.558739 	55.362442 	59.774578 	61.983868 	126.826653 	999.000000 	1.000000 	52.630791 	152.793976 	62.096699 	115.602768 	47.518417 	8.944272 	147.122391 	21.377558 	140.801285 	154.466827 	112.258629 	135.624481 	159.364365 	11.401754 	66.910385 	39.115215 	13.453624 	74.330345 	20.248457 	128.413391 	120.768372 	91.678787 	91.443970 	53.235325 	88.842560 	19.104973 	68.007355 	80.399002 	118.680244 	107.004669 	123.858788 	76.006577 	172.884354 	129.096863 	120.208153 	135.558105 	136.956192 	124.739731 	114.856430 	136.565002 	136.937943 	
73.756355 	101.414986 	92.200867 	100.498756 	86.023254 	89.044930 	100.404182 	31.622776 	92.660675 	45.221676 	139.603012 	107.703293 	54.405884 	58.821766 	61.032780 	126.015869 	1.000000 	999.000000 	51.662365 	152.069061 	61.131008 	114.738831 	46.529560 	8.062258 	146.348892 	20.396078 	140.000000 	153.717270 	111.359779 	134.792435 	158.619034 	10.816654 	65.924202 	38.118237 	12.806249 	73.348480 	19.416489 	127.534309 	119.866592 	90.708321 	90.470993 	52.239830 	87.863533 	19.026299 	67.007462 	79.404030 	117.745491 	106.042442 	122.930878 	75.006668 	172.104614 	128.160049 	119.251831 	134.629120 	136.014709 	123.761871 	113.863953 	135.591293 	135.944839 	
35.510563 	59.481091 	48.373547 	53.075417 	42.059483 	43.011627 	54.037025 	20.223749 	44.553337 	7.071068 	96.260063 	60.108234 	3.605551 	7.810250 	10.000000 	80.156097 	52.630791 	51.662365 	999.000000 	109.836243 	9.486833 	66.528191 	7.211102 	46.238514 	101.828285 	34.481880 	94.260277 	110.208893 	61.611687 	87.681244 	115.208504 	49.193497 	15.132746 	20.000000 	47.885281 	22.022715 	41.617306 	78.409180 	69.892776 	39.051247 	38.832977 	18.110771 	36.345562 	58.523499 	20.808653 	29.427877 	66.640831 	54.405884 	72.006943 	27.730848 	126.810883 	76.967529 	67.675697 	83.630135 	84.693565 	72.180328 	63.007935 	83.952370 	85.052925 	
78.517517 	51.088158 	61.611687 	58.180752 	68.007355 	66.887962 	56.356010 	124.197426 	66.640831 	113.004425 	13.928389 	52.201534 	106.230881 	102.396286 	100.498756 	32.015621 	152.793976 	152.069061 	109.836243 	999.000000 	102.576797 	48.270073 	117.046997 	149.966660 	12.369317 	141.354172 	21.095022 	5.830952 	56.885849 	30.066593 	8.062258 	154.311371 	104.216118 	129.799850 	153.717270 	98.615417 	149.305054 	44.045429 	53.037724 	85.866173 	86.833176 	124.354332 	90.249657 	165.096939 	112.538879 	101.833199 	63.000000 	76.419891 	59.135437 	109.731491 	24.186773 	60.827625 	70.114189 	57.008770 	61.684681 	79.762146 	91.049438 	77.201035 	92.444580 	
32.140316 	53.141319 	41.785164 	45.000000 	35.735138 	35.777088 	46.324940 	29.614185 	36.400551 	16.124516 	88.836929 	51.855568 	7.000000 	3.605551 	3.162278 	72.201111 	62.096699 	61.131008 	9.486833 	102.576797 	999.000000 	58.000000 	15.811388 	55.713554 	94.047859 	43.829212 	86.214851 	102.625534 	52.630791 	79.309517 	107.615051 	58.600342 	7.810250 	28.319605 	57.245087 	13.152946 	50.774010 	69.526970 	60.802959 	29.614185 	29.427877 	22.135944 	27.073973 	67.742157 	17.000000 	21.540659 	57.245087 	44.922153 	62.649822 	21.931713 	118.697090 	67.542580 	58.189346 	74.242844 	75.239616 	62.801273 	54.037025 	74.525162 	76.000000 	
44.147480 	23.409399 	25.179358 	14.317822 	30.083218 	26.000000 	15.297058 	84.053551 	22.203604 	71.217972 	34.525352 	7.280110 	63.031738 	58.728188 	56.586216 	16.278820 	115.602768 	114.738831 	66.528191 	48.270073 	58.000000 	999.000000 	73.552704 	110.941429 	37.696156 	100.424103 	29.068884 	46.818798 	9.055386 	21.400934 	51.623638 	114.621117 	58.008621 	86.267029 	113.600174 	51.623638 	107.935165 	13.341664 	10.816654 	37.643059 	38.600517 	78.600258 	42.059483 	124.631454 	65.368187 	53.851646 	19.416489 	29.154760 	19.209373 	61.846584 	61.032780 	24.698177 	27.459061 	27.202942 	31.384710 	38.832977 	46.173584 	42.638012 	55.317268 	
42.201897 	66.648331 	55.569775 	60.207973 	49.244289 	50.219517 	61.220913 	16.278820 	51.662365 	7.615773 	103.469803 	67.208633 	10.816654 	14.866069 	16.970562 	87.321243 	47.518417 	46.529560 	7.211102 	117.046997 	15.811388 	73.552704 	999.000000 	40.521599 	109.018349 	28.231188 	101.414986 	117.413795 	68.410522 	94.762863 	122.413231 	43.081318 	19.416489 	12.806249 	41.629318 	26.925823 	34.985710 	85.276024 	76.609398 	44.598206 	44.271889 	13.416408 	41.484936 	51.971146 	21.840330 	33.015148 	72.945183 	60.166435 	78.390053 	29.614185 	133.958954 	83.186539 	73.539108 	89.944427 	90.801979 	77.369247 	67.364677 	89.286057 	89.453896 	
71.449280 	98.994949 	89.274857 	96.834908 	82.975899 	85.603737 	97.005157 	26.925823 	88.752464 	40.249222 	137.186005 	104.043259 	49.244289 	53.712196 	55.946404 	122.918671 	8.944272 	8.062258 	46.238514 	149.966660 	55.713554 	110.941429 	40.521599 	999.000000 	143.683685 	13.000000 	137.000000 	151.327454 	107.042046 	131.400146 	156.272202 	5.099020 	59.908264 	31.016125 	6.082763 	67.446274 	11.401754 	123.490891 	115.485931 	85.070557 	84.770279 	45.011108 	82.006096 	16.155495 	60.207973 	72.993149 	112.805145 	100.568382 	118.105888 	68.183578 	169.331039 	123.166557 	113.885910 	129.769028 	130.923645 	117.881294 	107.517441 	129.807556 	129.553085 	
72.622307 	45.000000 	54.451813 	49.091751 	60.811184 	58.898216 	47.801674 	117.379723 	57.688820 	105.550934 	8.062258 	42.544094 	98.234413 	94.201912 	92.200867 	21.954498 	147.122391 	146.348892 	101.828285 	12.369317 	94.047859 	37.696156 	109.018349 	143.683685 	999.000000 	134.380051 	9.055386 	9.219544 	45.880280 	18.027756 	13.928389 	147.827606 	95.015785 	121.823647 	147.085007 	89.005615 	142.214630 	32.015621 	41.303753 	75.272835 	76.216797 	115.433968 	79.711983 	158.391922 	102.859123 	91.547798 	51.088158 	64.938431 	47.010635 	99.538940 	25.806976 	48.507732 	58.008621 	44.643028 	49.335587 	67.475922 	79.000000 	64.845970 	80.081207 	
63.245552 	90.271812 	79.981247 	86.556343 	73.593475 	75.690155 	87.045967 	17.204651 	78.243210 	29.206163 	128.222458 	93.723000 	37.735924 	42.190044 	44.418465 	113.172432 	21.377558 	20.396078 	34.481880 	141.354172 	43.829212 	100.424103 	28.231188 	13.000000 	134.380051 	999.000000 	127.310646 	142.341141 	95.963531 	121.264175 	147.322769 	14.866069 	47.434166 	18.027756 	13.416408 	55.027267 	8.062258 	112.645462 	104.307236 	72.801102 	72.449982 	32.015621 	69.570107 	24.207438 	47.265209 	60.207973 	101.074226 	88.391174 	106.470650 	55.226807 	159.812393 	111.359779 	101.769348 	118.072014 	119.012604 	105.361282 	94.725922 	117.341385 	116.726173 	
66.573265 	39.357338 	47.801674 	41.231056 	54.037025 	51.623638 	40.311287 	110.453613 	49.819675 	98.290382 	10.630146 	34.409302 	90.686272 	86.556343 	84.504440 	14.142136 	140.801285 	140.000000 	94.260277 	21.095022 	86.214851 	29.068884 	101.414986 	137.000000 	9.055386 	127.310646 	999.000000 	18.248287 	37.000000 	9.000000 	22.803509 	141.014191 	86.821655 	114.214706 	140.185593 	80.622574 	135.059250 	23.000000 	32.249031 	66.483078 	67.416618 	107.335922 	70.936592 	151.426544 	94.413979 	82.855293 	42.047592 	55.901699 	38.052597 	90.873535 	32.557640 	39.812057 	49.040798 	36.400551 	41.231056 	58.694122 	70.007141 	56.648037 	71.784401 	
79.981247 	52.345009 	62.369865 	57.801384 	68.767723 	67.201187 	56.302753 	125.255737 	66.370171 	113.701363 	14.142136 	51.429562 	106.606750 	102.649887 	100.687637 	30.870699 	154.466827 	153.717270 	110.208893 	5.830952 	102.625534 	46.818798 	117.413795 	151.327454 	9.219544 	142.341141 	18.248287 	999.000000 	55.081757 	27.166155 	5.000000 	155.569916 	103.831596 	130.207520 	154.896744 	97.943863 	150.233154 	41.109608 	50.487621 	84.433403 	85.381500 	124.169243 	88.865067 	166.243790 	111.825760 	100.657837 	60.207973 	74.148499 	56.008926 	108.632408 	19.924858 	57.218880 	67.007462 	52.952808 	57.489128 	76.236473 	88.022728 	73.006851 	88.294960 	
44.011364 	28.600698 	26.683329 	14.317822 	30.016663 	25.019993 	17.088007 	80.131142 	19.416489 	66.887962 	43.289722 	10.630146 	58.249462 	53.823788 	51.613953 	25.079872 	112.258629 	111.359779 	61.611687 	56.885849 	52.630791 	9.055386 	68.410522 	107.042046 	45.880280 	95.963531 	37.000000 	55.081757 	999.000000 	28.635643 	59.774578 	110.453613 	51.662365 	80.919716 	109.293182 	44.821869 	103.227905 	16.970562 	8.544003 	29.546574 	30.463093 	72.249565 	34.014702 	120.104118 	58.249462 	46.065170 	12.206555 	20.099751 	14.317822 	54.120235 	68.095520 	20.396078 	19.798990 	25.019993 	28.160255 	31.144823 	37.336308 	36.715118 	48.104053 	
62.169125 	36.138622 	42.941822 	34.713108 	48.877399 	45.803928 	34.409302 	104.637466 	43.139309 	92.097771 	18.384777 	27.586229 	84.148682 	79.906197 	77.794601 	10.049875 	135.624481 	134.792435 	87.681244 	30.066593 	79.309517 	21.400934 	94.762863 	131.400146 	18.027756 	121.264175 	9.000000 	27.166155 	28.635643 	999.000000 	31.575306 	135.247925 	79.404030 	107.517441 	134.316788 	72.945183 	128.887543 	14.000000 	23.345236 	58.180752 	59.093147 	100.000000 	62.649822 	145.454468 	86.608315 	74.686012 	33.060551 	47.074409 	29.068884 	82.734512 	39.661064 	31.048349 	40.049969 	28.178005 	33.120991 	49.819675 	61.008198 	48.332184 	63.324562 	
84.899940 	57.280014 	67.357254 	62.769421 	73.756355 	72.201111 	61.294373 	130.230560 	71.344238 	118.697090 	19.104973 	56.356010 	111.606453 	107.647575 	105.683487 	35.777088 	159.364365 	158.619034 	115.208504 	8.062258 	107.615051 	51.623638 	122.413231 	156.272202 	13.928389 	147.322769 	22.803509 	5.000000 	59.774578 	31.575306 	999.000000 	160.527252 	108.784187 	135.207245 	159.862442 	102.859123 	155.219193 	45.398239 	54.918121 	89.196411 	90.138779 	129.139465 	93.637596 	171.213318 	116.730461 	105.475113 	64.498062 	78.644768 	60.133186 	113.463654 	16.124516 	61.032780 	71.112587 	56.435802 	60.827625 	80.056229 	92.135773 	76.295479 	91.591484 	
75.822159 	103.276329 	93.380943 	100.603180 	87.045967 	89.498604 	100.895988 	30.610456 	92.417534 	43.566040 	141.428421 	107.800743 	52.354561 	56.824291 	59.059292 	126.905479 	11.401754 	10.816654 	49.193497 	154.311371 	58.600342 	114.621117 	43.081318 	5.099020 	147.827606 	14.866069 	141.014191 	155.569916 	110.453613 	135.247925 	160.527252 	999.000000 	62.297672 	32.557640 	2.236068 	69.892776 	10.198039 	127.027557 	118.848640 	87.664131 	87.315521 	46.173584 	84.433403 	11.180340 	61.814240 	74.953316 	115.831772 	103.247276 	121.198181 	69.720871 	173.415680 	126.142776 	116.619041 	132.823196 	133.824509 	120.208153 	109.444046 	132.196823 	131.400146 	
38.078865 	56.293873 	44.911022 	46.065170 	39.319206 	38.327538 	47.927029 	35.014282 	37.576588 	22.203604 	90.338257 	52.478565 	13.928389 	11.401754 	10.630146 	73.061615 	66.910385 	65.924202 	15.132746 	104.216118 	7.810250 	58.008621 	19.416489 	59.908264 	95.015785 	47.434166 	86.821655 	103.831596 	51.662365 	79.404030 	108.784187 	62.297672 	999.000000 	30.413813 	60.745369 	7.615773 	53.712196 	68.622154 	59.413803 	25.495098 	25.079872 	20.615528 	22.135944 	70.682388 	10.198039 	14.317822 	54.644306 	41.146080 	60.216278 	14.142136 	119.037811 	64.660652 	54.561890 	71.561165 	72.069412 	57.974133 	48.093658 	69.921387 	70.178345 	
54.083271 	79.259071 	68.264191 	73.000000 	61.911228 	63.007935 	74.027023 	15.264338 	64.443771 	17.720045 	116.249733 	79.981247 	23.600847 	27.658634 	29.732138 	100.124924 	39.115215 	38.118237 	20.000000 	129.799850 	28.319605 	86.267029 	12.806249 	31.016125 	121.823647 	18.027756 	114.214706 	130.207520 	80.919716 	107.517441 	135.207245 	32.557640 	30.413813 	999.000000 	30.805843 	38.013157 	23.409399 	97.836601 	89.022469 	55.901699 	55.461697 	14.142136 	52.392746 	40.311287 	29.274563 	42.449970 	84.905830 	71.554176 	90.426765 	37.215588 	146.754898 	95.015785 	84.970581 	101.872467 	102.474388 	87.920418 	76.902534 	99.959991 	98.843307 	
75.286118 	102.649887 	92.633690 	99.639351 	86.278618 	88.617157 	100.004997 	29.732138 	91.400215 	42.438190 	140.758652 	106.826965 	51.107731 	55.569775 	57.801384 	126.063477 	13.453624 	12.806249 	47.885281 	153.717270 	57.245087 	113.600174 	41.629318 	6.082763 	147.085007 	13.416408 	140.185593 	154.896744 	109.293182 	134.316788 	159.862442 	2.236068 	60.745369 	30.805843 	999.000000 	68.352028 	8.062258 	125.924583 	117.660530 	86.162636 	85.796272 	44.283180 	82.873398 	11.401754 	60.016663 	73.246162 	114.490173 	101.769348 	119.883278 	67.896980 	172.626770 	124.775803 	115.156418 	131.487640 	132.423569 	118.595955 	107.707939 	130.602448 	129.634094 	
37.576588 	52.239830 	41.048752 	40.496914 	36.055511 	34.132095 	42.720020 	42.190044 	32.280025 	29.000000 	84.693565 	46.518814 	20.099751 	16.492422 	14.866069 	67.082039 	74.330345 	73.348480 	22.022715 	98.615417 	13.152946 	51.623638 	26.925823 	67.446274 	89.005615 	55.027267 	80.622574 	97.943863 	44.821869 	72.945183 	102.859123 	69.892776 	7.615773 	38.013157 	68.352028 	999.000000 	61.326992 	61.717098 	52.345009 	17.888544 	17.464249 	27.586229 	14.560220 	78.294319 	13.928389 	9.219544 	47.201694 	33.541019 	52.801514 	13.341664 	112.605507 	57.140179 	46.957428 	64.070274 	64.498062 	50.447994 	41.000000 	62.361847 	63.031738 	
71.281136 	98.234413 	87.863533 	94.175369 	81.467789 	83.438599 	94.762863 	25.238859 	85.796272 	36.796738 	136.124939 	101.316338 	45.000000 	49.406479 	51.613953 	120.917328 	20.248457 	19.416489 	41.617306 	149.305054 	50.774010 	107.935165 	34.985710 	11.401754 	142.214630 	8.062258 	135.059250 	150.233154 	103.227905 	128.887543 	155.219193 	10.198039 	53.712196 	23.409399 	8.062258 	61.326992 	999.000000 	120.000000 	111.503365 	79.202271 	78.790863 	36.496574 	75.769386 	17.000000 	52.392746 	65.802734 	107.912003 	94.847244 	113.371071 	60.207973 	167.585800 	118.118584 	108.258949 	124.907967 	125.670204 	111.328346 	100.169853 	123.369362 	122.024590 	
57.489128 	35.355339 	38.470768 	27.513634 	43.416588 	39.217342 	28.635643 	96.566040 	34.885529 	83.486526 	31.780497 	20.615528 	75.000000 	70.604530 	68.410522 	16.401220 	128.413391 	127.534309 	78.409180 	44.045429 	69.526970 	13.341664 	85.276024 	123.490891 	32.015621 	112.645462 	23.000000 	41.109608 	16.970562 	14.000000 	45.398239 	127.027557 	68.622154 	97.836601 	125.924583 	61.717098 	120.000000 	999.000000 	9.848858 	45.793011 	46.647614 	89.196411 	50.249378 	136.824707 	75.000000 	62.433964 	19.104973 	33.526108 	15.132746 	70.491135 	51.894123 	17.888544 	26.076809 	17.029387 	21.931713 	36.138622 	47.010635 	36.055511 	50.537113 	
52.153618 	34.014702 	34.132095 	22.000000 	38.052597 	33.241539 	24.186773 	88.588936 	27.892651 	75.292763 	40.112343 	16.492422 	66.573265 	62.128899 	59.908264 	22.803509 	120.768372 	119.866592 	69.892776 	53.037724 	60.802959 	10.816654 	76.609398 	115.485931 	41.303753 	104.307236 	32.249031 	50.487621 	8.544003 	23.345236 	54.918121 	118.848640 	59.413803 	89.022469 	117.660530 	52.345009 	111.503365 	9.848858 	999.000000 	36.055511 	36.891735 	79.906197 	40.496914 	128.413391 	65.436989 	52.697250 	10.198039 	23.769728 	8.485281 	60.745369 	61.741398 	13.892444 	18.027756 	17.117243 	20.880613 	29.068884 	38.327538 	31.890438 	45.000000 	
41.231056 	45.354160 	35.846897 	30.066593 	33.286633 	29.068884 	33.241539 	59.228371 	24.041630 	45.705578 	72.034714 	34.234486 	36.496574 	32.249031 	30.149628 	53.851646 	91.678787 	90.708321 	39.051247 	85.866173 	29.614185 	37.643059 	44.598206 	85.070557 	75.272835 	72.801102 	66.483078 	84.433403 	29.546574 	58.180752 	89.196411 	87.664131 	25.495098 	55.901699 	86.162636 	17.888544 	79.202271 	45.793011 	36.055511 	999.000000 	1.000000 	45.000000 	4.472136 	96.176918 	29.698484 	16.643316 	29.732138 	15.652476 	35.383614 	24.698177 	97.529480 	39.408119 	29.068884 	46.400433 	46.647614 	33.241539 	26.248810 	44.911022 	47.381432 	
41.868843 	46.324940 	36.769554 	31.064449 	34.132095 	29.966648 	34.234486 	59.033890 	25.000000 	45.541191 	73.006851 	35.227829 	36.345562 	32.140316 	30.066593 	54.817879 	91.443970 	90.470993 	38.832977 	86.833176 	29.427877 	38.600517 	44.271889 	84.770279 	76.216797 	72.449982 	67.416618 	85.381500 	30.463093 	59.093147 	90.138779 	87.315521 	25.079872 	55.461697 	85.796272 	17.464249 	78.790863 	46.647614 	36.891735 	1.000000 	999.000000 	44.407207 	3.605551 	95.754898 	29.000000 	15.811388 	30.413813 	16.124516 	36.069378 	23.853722 	98.412399 	40.000000 	29.529646 	47.010635 	47.169907 	33.376640 	25.961510 	45.122055 	47.265209 	
53.150730 	75.272835 	63.906181 	66.370171 	57.870544 	57.775429 	68.000000 	26.627054 	57.801384 	21.023796 	110.535065 	72.945183 	21.000000 	23.345236 	24.738634 	93.493317 	53.235325 	52.239830 	18.110771 	124.354332 	22.135944 	78.600258 	13.416408 	45.011108 	115.433968 	32.015621 	107.335922 	124.169243 	72.249565 	100.000000 	129.139465 	46.173584 	20.615528 	14.142136 	44.283180 	27.586229 	36.496574 	89.196411 	79.906197 	45.000000 	44.407207 	999.000000 	41.048752 	52.886673 	16.155495 	29.966648 	74.652527 	60.464867 	80.280754 	23.769728 	139.617340 	84.403793 	73.783470 	91.400215 	91.525955 	75.643906 	63.890530 	87.726852 	85.615417 	
42.426407 	48.836460 	38.897301 	34.000000 	35.777088 	31.953091 	37.054016 	56.568542 	27.459061 	43.185646 	76.400261 	38.470768 	34.058773 	30.000000 	28.017851 	58.240879 	88.842560 	87.863533 	36.345562 	90.249657 	27.073973 	42.059483 	41.484936 	82.006096 	79.711983 	69.570107 	70.936592 	88.865067 	34.014702 	62.649822 	93.637596 	84.433403 	22.135944 	52.392746 	82.873398 	14.560220 	75.769386 	50.249378 	40.496914 	4.472136 	3.605551 	41.048752 	999.000000 	92.703827 	25.495098 	12.206555 	33.941124 	19.416489 	39.597980 	20.248457 	102.000000 	43.416588 	32.756680 	50.447994 	50.477718 	35.902645 	27.294687 	47.801674 	49.040798 	
86.683334 	114.021927 	103.947105 	110.751976 	97.580734 	99.824844 	111.198021 	41.012192 	102.449989 	53.413483 	152.108521 	117.923706 	61.854668 	66.287254 	68.505478 	137.295303 	19.104973 	19.026299 	58.523499 	165.096939 	67.742157 	124.631454 	51.971146 	16.155495 	158.391922 	24.207438 	151.426544 	166.243790 	120.104118 	145.454468 	171.213318 	11.180340 	70.682388 	40.311287 	11.401754 	78.294319 	17.000000 	136.824707 	128.413391 	96.176918 	95.754898 	52.886673 	92.703827 	999.000000 	68.963760 	82.540901 	124.907967 	111.825760 	130.361038 	76.655075 	183.896713 	135.118469 	125.239769 	141.904892 	142.667450 	128.160049 	116.760437 	140.217682 	138.495483 	
48.270073 	65.764732 	54.451813 	54.424259 	49.091751 	47.675991 	56.612720 	38.078865 	46.173584 	27.294687 	98.615417 	60.415230 	21.213203 	20.248457 	20.124611 	80.956779 	68.007355 	67.007462 	20.808653 	112.538879 	17.000000 	65.368187 	21.840330 	60.207973 	102.859123 	47.265209 	94.413979 	111.825760 	58.249462 	86.608315 	116.730461 	61.814240 	10.198039 	29.274563 	60.016663 	13.928389 	52.392746 	75.000000 	65.436989 	29.698484 	29.000000 	16.155495 	25.495098 	68.963760 	999.000000 	13.892444 	59.413803 	44.821869 	65.069191 	8.000000 	126.245789 	68.883957 	58.008621 	75.927597 	75.802376 	59.506302 	47.801674 	71.589104 	69.634758 	
46.141087 	58.034473 	47.265209 	44.553337 	42.953465 	40.199501 	47.265209 	49.040798 	37.054016 	36.496574 	87.931793 	49.729267 	28.160255 	25.079872 	23.706539 	69.892776 	80.399002 	79.404030 	29.427877 	101.833199 	21.540659 	53.851646 	33.015148 	72.993149 	91.547798 	60.207973 	82.855293 	100.657837 	46.065170 	74.686012 	105.475113 	74.953316 	14.317822 	42.449970 	73.246162 	9.219544 	65.802734 	62.433964 	52.697250 	16.643316 	15.811388 	29.966648 	12.206555 	82.540901 	13.892444 	999.000000 	46.010868 	31.144823 	51.662365 	8.062258 	114.127121 	55.226807 	44.204071 	62.289646 	62.008064 	45.694637 	34.525352 	57.775429 	56.568542 	
54.332310 	40.804413 	38.275318 	26.000000 	40.792156 	35.510563 	29.068884 	86.162636 	29.154760 	72.615425 	50.249378 	22.803509 	63.560993 	59.093147 	56.859474 	32.984844 	118.680244 	117.745491 	66.640831 	63.000000 	57.245087 	19.416489 	72.945183 	112.805145 	51.088158 	101.074226 	42.047592 	60.207973 	12.206555 	33.060551 	64.498062 	115.831772 	54.644306 	84.905830 	114.490173 	47.201694 	107.912003 	19.104973 	10.198039 	29.732138 	30.413813 	74.652527 	33.941124 	124.907967 	59.413803 	46.010868 	999.000000 	15.264338 	5.656854 	53.907330 	70.228203 	10.440307 	8.062258 	17.000000 	18.439089 	19.416489 	28.160255 	24.596748 	36.069378 	
49.769470 	44.654228 	38.209946 	28.017851 	38.275318 	33.015148 	31.622776 	74.464760 	26.400757 	60.876926 	63.071388 	28.792360 	51.662365 	47.296936 	45.122055 	45.000000 	107.004669 	106.042442 	54.405884 	76.419891 	44.922153 	29.154760 	60.166435 	100.568382 	64.938431 	88.391174 	55.901699 	74.148499 	20.099751 	47.074409 	78.644768 	103.247276 	41.146080 	71.554176 	101.769348 	33.541019 	94.847244 	33.526108 	23.769728 	15.652476 	16.124516 	60.464867 	19.416489 	111.825760 	44.821869 	31.144823 	15.264338 	999.000000 	20.808653 	38.897301 	85.234970 	24.083189 	13.416408 	31.144823 	31.064449 	19.235384 	18.601076 	30.066593 	35.468296 	
58.034473 	42.059483 	41.000000 	28.635643 	44.181442 	39.051247 	31.320919 	91.389275 	33.015148 	77.878113 	46.872166 	24.166092 	68.876701 	64.404968 	62.169125 	30.463093 	123.858788 	122.930878 	72.006943 	59.135437 	62.649822 	19.209373 	78.390053 	118.105888 	47.010635 	106.470650 	38.052597 	56.008926 	14.317822 	29.068884 	60.133186 	121.198181 	60.216278 	90.426765 	119.883278 	52.801514 	113.371071 	15.132746 	8.485281 	35.383614 	36.069378 	80.280754 	39.597980 	130.361038 	65.069191 	51.662365 	5.656854 	20.808653 	999.000000 	59.548298 	65.145988 	6.082763 	11.000000 	11.704700 	14.000000 	21.189621 	32.015621 	23.430750 	36.619667 	
50.695168 	65.030762 	54.009258 	52.172791 	49.254440 	47.000000 	54.744862 	45.891174 	44.407207 	34.539833 	95.817535 	57.567352 	27.459061 	25.495098 	24.758837 	77.833153 	76.006577 	75.006668 	27.730848 	109.731491 	21.931713 	61.846584 	29.614185 	68.183578 	99.538940 	55.226807 	90.873535 	108.632408 	54.120235 	82.734512 	113.463654 	69.720871 	14.142136 	37.215588 	67.896980 	13.341664 	60.207973 	70.491135 	60.745369 	24.698177 	23.853722 	23.769728 	20.248457 	76.655075 	8.000000 	8.062258 	53.907330 	38.897301 	59.548298 	999.000000 	122.188377 	62.936478 	51.739735 	70.007141 	69.526970 	52.354561 	40.162170 	64.412735 	61.846584 	
98.407318 	70.802544 	80.056229 	73.756355 	86.371292 	84.148682 	72.862885 	142.898560 	82.328613 	130.831955 	33.120991 	66.843102 	123.239601 	119.096596 	117.034180 	46.690472 	172.884354 	172.104614 	126.810883 	24.186773 	118.697090 	61.032780 	133.958954 	169.331039 	25.806976 	159.812393 	32.557640 	19.924858 	68.095520 	39.661064 	16.124516 	173.415680 	119.037811 	146.754898 	172.626770 	112.605507 	167.585800 	51.894123 	61.741398 	97.529480 	98.412399 	139.617340 	102.000000 	183.896713 	126.245789 	114.127121 	70.228203 	85.234970 	65.145988 	122.188377 	999.000000 	64.536812 	75.690155 	58.694122 	62.289646 	83.024094 	96.317184 	77.025970 	92.005432 	
64.070274 	47.853943 	47.074409 	34.713108 	50.249378 	45.099888 	37.363083 	96.566040 	39.000000 	83.006027 	49.335587 	30.083218 	73.925636 	69.462219 	67.230942 	34.132095 	129.096863 	128.160049 	76.967529 	60.827625 	67.542580 	24.698177 	83.186539 	123.166557 	48.507732 	111.359779 	39.812057 	57.218880 	20.396078 	31.048349 	61.032780 	126.142776 	64.660652 	95.015785 	124.775803 	57.140179 	118.118584 	17.888544 	13.892444 	39.408119 	40.000000 	84.403793 	43.416588 	135.118469 	68.883957 	55.226807 	10.440307 	24.083189 	6.082763 	62.936478 	64.536812 	999.000000 	11.661903 	7.071068 	8.062258 	19.026299 	31.780497 	18.439089 	32.649654 	
59.439045 	48.270073 	44.721359 	32.756680 	46.486557 	41.109608 	36.055511 	87.641312 	34.481880 	74.040527 	57.706154 	30.413813 	64.845970 	60.440052 	58.240879 	40.804413 	120.208153 	119.251831 	67.675697 	70.114189 	58.189346 	27.459061 	73.539108 	113.885910 	58.008621 	101.769348 	49.040798 	67.007462 	19.798990 	40.049969 	71.112587 	116.619041 	54.561890 	84.970581 	115.156418 	46.957428 	108.258949 	26.076809 	18.027756 	29.068884 	29.529646 	73.783470 	32.756680 	125.239769 	58.008621 	44.204071 	8.062258 	13.416408 	11.000000 	51.739735 	75.690155 	11.661903 	999.000000 	18.601076 	17.804493 	11.401754 	21.023796 	18.439089 	28.319605 	
69.028976 	50.596443 	51.244511 	39.051247 	55.000000 	50.039986 	41.303753 	103.077644 	44.283180 	89.554451 	46.518814 	33.541019 	80.529495 	76.059189 	73.824112 	33.241539 	135.558105 	134.629120 	83.630135 	57.008770 	74.242844 	27.202942 	89.944427 	129.769028 	44.643028 	118.072014 	36.400551 	52.952808 	25.019993 	28.178005 	56.435802 	132.823196 	71.561165 	101.872467 	131.487640 	64.070274 	124.907967 	17.029387 	17.117243 	46.400433 	47.010635 	91.400215 	50.447994 	141.904892 	75.927597 	62.289646 	17.000000 	31.144823 	11.704700 	70.007141 	58.694122 	7.071068 	18.601076 	999.000000 	5.000000 	24.331051 	37.947330 	20.248457 	35.440090 	
72.027771 	54.781384 	54.744862 	42.426407 	58.137768 	53.037724 	44.911022 	104.403069 	47.010635 	90.824005 	51.429562 	37.363083 	81.706795 	77.252831 	75.026665 	38.209946 	136.956192 	136.014709 	84.693565 	61.684681 	75.239616 	31.384710 	90.801979 	130.923645 	49.335587 	119.012604 	41.231056 	57.489128 	28.160255 	33.120991 	60.827625 	133.824509 	72.069412 	102.474388 	132.423569 	64.498062 	125.670204 	21.931713 	20.880613 	46.647614 	47.169907 	91.525955 	50.477718 	142.667450 	75.802376 	62.008064 	18.439089 	31.064449 	14.000000 	69.526970 	62.289646 	8.062258 	17.804493 	5.000000 	999.000000 	21.189621 	35.341194 	15.524175 	30.805843 	
68.622154 	59.464275 	55.226807 	43.600460 	56.364883 	50.990196 	47.010635 	92.395889 	44.283180 	78.917679 	67.911705 	41.725292 	69.720871 	65.490456 	63.387695 	51.623638 	124.739731 	123.761871 	72.180328 	79.762146 	62.801273 	38.832977 	77.369247 	117.881294 	67.475922 	105.361282 	58.694122 	76.236473 	31.144823 	49.819675 	80.056229 	120.208153 	57.974133 	87.920418 	118.595955 	50.447994 	111.328346 	36.138622 	29.068884 	33.241539 	33.376640 	75.643906 	35.902645 	128.160049 	59.506302 	45.694637 	19.416489 	19.235384 	21.189621 	52.354561 	83.024094 	19.026299 	11.401754 	24.331051 	21.189621 	999.000000 	14.422205 	12.083046 	17.204651 	
66.370171 	63.245552 	56.586216 	46.615448 	56.080299 	50.990196 	50.219517 	83.096329 	44.553337 	70.000000 	78.409180 	46.957428 	61.032780 	57.140179 	55.226807 	61.000000 	114.856430 	113.863953 	63.007935 	91.049438 	54.037025 	46.173584 	67.364677 	107.517441 	79.000000 	94.725922 	70.007141 	88.022728 	37.336308 	61.008198 	92.135773 	109.444046 	48.093658 	76.902534 	107.707939 	41.000000 	100.169853 	47.010635 	38.327538 	26.248810 	25.961510 	63.890530 	27.294687 	116.760437 	47.801674 	34.525352 	28.160255 	18.601076 	32.015621 	40.162170 	96.317184 	31.780497 	21.023796 	37.947330 	35.341194 	14.422205 	999.000000 	25.495098 	22.090721 	
77.878113 	65.192024 	62.769421 	50.566788 	64.845970 	59.481091 	53.665630 	104.139328 	52.886673 	90.609047 	66.708321 	47.169907 	81.394104 	77.103828 	74.966660 	52.430908 	136.565002 	135.591293 	83.952370 	77.201035 	74.525162 	42.638012 	89.286057 	129.807556 	64.845970 	117.341385 	56.648037 	73.006851 	36.715118 	48.332184 	76.295479 	132.196823 	69.921387 	99.959991 	130.602448 	62.361847 	123.369362 	36.055511 	31.890438 	44.911022 	45.122055 	87.726852 	47.801674 	140.217682 	71.589104 	57.775429 	24.596748 	30.066593 	23.430750 	64.412735 	77.025970 	18.439089 	18.439089 	20.248457 	15.524175 	12.083046 	25.495098 	999.000000 	15.297058 	
85.234970 	76.576759 	72.401657 	60.802959 	73.355301 	68.000000 	64.202805 	105.171288 	61.294373 	92.021736 	81.706795 	58.728188 	83.000000 	79.025314 	77.058418 	66.730804 	136.937943 	135.944839 	85.052925 	92.444580 	76.000000 	55.317268 	89.453896 	129.553085 	80.081207 	116.726173 	71.784401 	88.294960 	48.104053 	63.324562 	91.591484 	131.400146 	70.178345 	98.843307 	129.634094 	63.031738 	122.024590 	50.537113 	45.000000 	47.381432 	47.265209 	85.615417 	49.040798 	138.495483 	69.634758 	56.568542 	36.069378 	35.468296 	36.619667 	61.846584 	92.005432 	32.649654 	28.319605 	35.440090 	30.805843 	17.204651 	22.090721 	15.297058 	999.000000 	

Travel time:
9.000000 	0.691466 	0.482830 	0.756637 	0.353553 	0.475000 	0.721543 	1.151086 	0.629484 	0.910014 	1.646398 	0.921954 	0.806226 	0.750000 	0.726722 	1.320984 	1.862961 	1.843909 	0.887764 	1.962938 	0.803508 	1.103687 	1.055047 	1.786232 	1.815558 	1.581139 	1.664332 	1.999531 	1.100284 	1.554228 	2.122499 	1.895554 	0.951972 	1.352082 	1.882153 	0.939415 	1.782028 	1.437228 	1.303840 	1.030776 	1.046721 	1.328768 	1.060660 	2.167083 	1.206752 	1.153527 	1.358308 	1.244237 	1.450862 	1.267379 	2.460183 	1.601757 	1.485976 	1.725724 	1.800694 	1.715554 	1.659254 	1.946953 	2.130874 	
