Total assets = 604
Number of asset nodes = 33

Distance:
999.000000 	33.837849 	16.552946 	52.345009 	65.946945 	11.045361 	20.615528 	46.400433 	24.166092 	82.855293 	38.626415 	62.936478 	92.086914 	16.124516 	46.872166 	14.866069 	30.016663 	67.882248 	21.000000 	77.233414 	65.795135 	28.231188 	41.400482 	17.888544 	85.912750 	37.215588 	60.959003 	48.918301 	59.405388 	20.615528 	79.931221 	35.341194 	41.677334 	39.623226 	49.929951 	83.486526 	38.118237 	64.140472 	52.697250 	35.510563 	26.248810 	71.449280 	53.000000 	27.459061 	61.717098 	
33.837849 	999.000000 	48.795490 	19.723083 	34.438351 	40.360870 	16.124516 	12.727922 	55.901699 	57.218880 	72.006943 	95.854057 	61.846584 	43.600460 	13.038404 	40.224369 	62.241467 	35.227829 	20.248457 	45.276924 	32.802441 	59.548298 	74.249580 	40.311287 	54.203320 	69.354164 	94.641426 	82.073135 	25.612497 	28.460499 	47.434166 	66.708321 	73.661385 	16.278820 	82.134033 	50.328918 	18.867962 	30.413813 	84.958817 	63.812225 	40.521599 	104.995239 	85.041168 	43.965897 	28.460499 	
16.552946 	48.795490 	999.000000 	68.014702 	82.006096 	8.944272 	33.600594 	61.522354 	7.615773 	99.403221 	29.017237 	53.150730 	108.452751 	9.055386 	61.619801 	12.041595 	13.601471 	83.630135 	31.764761 	93.236259 	81.394104 	11.704700 	25.455845 	15.033297 	102.004898 	20.808653 	46.324940 	33.301651 	74.330345 	26.925823 	95.775780 	18.788294 	25.238859 	50.990196 	33.600594 	99.035347 	48.466484 	78.409180 	36.400551 	20.024984 	24.515301 	56.400356 	36.619667 	23.409399 	75.451973 	
52.345009 	19.723083 	68.014702 	999.000000 	14.866069 	59.816387 	35.846897 	8.062258 	75.286118 	40.311287 	89.308456 	112.378822 	42.379242 	63.245552 	10.049875 	59.908264 	81.565926 	15.620500 	39.812057 	25.553865 	13.453624 	79.025314 	93.434471 	60.033325 	34.481880 	88.729927 	113.278419 	101.138519 	10.049875 	47.927029 	27.802877 	86.214851 	93.085983 	29.017237 	101.533249 	31.144823 	33.000000 	17.262676 	104.350372 	83.528435 	59.808025 	123.794182 	104.484451 	63.324562 	18.788294 	
65.946945 	34.438351 	82.006096 	14.866069 	999.000000 	74.060783 	50.537113 	22.803509 	89.403580 	27.856777 	101.671036 	123.975807 	27.513634 	77.698135 	24.331051 	74.431175 	95.603348 	5.385165 	54.625999 	11.313708 	7.071068 	93.230896 	107.298645 	74.706093 	20.000000 	102.800781 	126.574089 	114.865135 	15.811388 	62.769421 	14.422205 	100.439034 	107.200745 	43.185646 	115.602768 	19.313208 	47.265209 	20.808653 	118.406082 	98.112183 	74.672615 	137.207870 	118.600166 	78.185677 	25.059929 	
11.045361 	40.360870 	8.944272 	59.816387 	74.060783 	999.000000 	24.839485 	53.075417 	15.556349 	92.698433 	37.121422 	61.522354 	100.846420 	5.099020 	53.037724 	5.000000 	21.931713 	75.432091 	22.825424 	85.211502 	73.109505 	19.209373 	34.058773 	8.602325 	94.047859 	29.000000 	55.226807 	42.011902 	65.764732 	18.248287 	87.618492 	26.400757 	33.301651 	42.047592 	41.773197 	90.686272 	39.560081 	69.656296 	44.598206 	25.000000 	18.357559 	65.215027 	44.687805 	18.439089 	66.610809 	
20.615528 	16.124516 	33.600594 	35.846897 	50.537113 	24.839485 	999.000000 	28.600698 	40.360870 	72.180328 	59.135437 	83.522453 	77.878113 	27.658634 	28.319605 	24.207438 	46.754681 	51.312767 	5.099020 	61.400326 	48.826221 	43.840622 	58.898216 	24.186773 	70.327805 	53.758720 	79.881165 	66.843102 	41.036568 	13.038404 	63.513779 	50.931328 	57.982758 	19.104973 	66.468040 	66.219330 	18.110771 	44.821869 	69.296463 	47.707443 	25.179358 	90.000000 	69.310890 	28.442924 	41.880783 	
46.400433 	12.727922 	61.522354 	8.062258 	22.803509 	53.075417 	28.600698 	999.000000 	68.622154 	48.166378 	84.219948 	107.786827 	50.289165 	56.222771 	2.828427 	52.801514 	74.966660 	22.825424 	32.249031 	33.105892 	20.248457 	72.249565 	86.977005 	52.697250 	42.047592 	82.073135 	107.298645 	94.794518 	13.038404 	40.249222 	34.985710 	79.397736 	86.371292 	21.095022 	94.847244 	37.643059 	25.019993 	18.681541 	97.672920 	76.275818 	52.000000 	117.686020 	97.744568 	55.542778 	18.000000 	
24.166092 	55.901699 	7.615773 	75.286118 	89.403580 	15.556349 	40.360870 	68.622154 	999.000000 	107.018692 	27.202942 	50.089920 	115.965515 	13.416408 	68.593002 	17.000000 	6.403124 	90.906548 	38.013157 	100.603180 	88.617157 	4.123106 	18.601076 	18.973665 	109.402924 	13.453624 	40.249222 	26.627054 	81.320351 	32.202484 	103.077644 	11.180340 	17.804493 	56.938564 	26.248810 	106.216759 	54.120235 	85.146935 	29.068884 	13.601471 	27.073973 	49.929951 	29.206163 	25.019993 	82.006096 	
82.855293 	57.218880 	99.403221 	40.311287 	27.856777 	92.698433 	72.180328 	48.166378 	107.018692 	999.000000 	113.406349 	132.943604 	19.000000 	97.082436 	50.358715 	94.254974 	112.729767 	31.764761 	76.941536 	25.455845 	34.438351 	111.085556 	123.470642 	95.336250 	24.166092 	119.866592 	140.346008 	130.361038 	43.657761 	85.158676 	28.425341 	118.186295 	124.338249 	69.260376 	132.378250 	33.837849 	73.171036 	48.301140 	135.070358 	117.652031 	97.324203 	151.162170 	135.506454 	100.623062 	52.801514 	
38.626415 	72.006943 	29.017237 	89.308456 	101.671036 	37.121422 	59.135437 	84.219948 	27.202942 	113.406349 	999.000000 	24.515301 	125.872955 	38.052597 	85.000000 	41.000000 	24.186773 	104.403069 	58.694122 	112.929184 	102.649887 	27.730848 	21.954498 	44.045429 	121.165176 	24.758837 	27.856777 	23.345236 	97.247108 	55.326305 	116.038788 	27.658634 	26.627054 	77.884529 	29.410883 	120.208153 	75.927597 	102.420700 	30.805843 	36.619667 	53.338543 	38.483765 	32.015621 	51.788029 	100.224747 	
62.936478 	95.854057 	53.150730 	112.378822 	123.975807 	61.522354 	83.522453 	107.786827 	50.089920 	132.943604 	24.515301 	999.000000 	146.863876 	62.072536 	108.747414 	65.192024 	45.541191 	127.094452 	83.198555 	135.092560 	125.538841 	49.497475 	37.696156 	68.066147 	143.003494 	43.011627 	25.238859 	33.286633 	120.747673 	79.762146 	138.397980 	46.840153 	42.544094 	102.357216 	40.224369 	142.888062 	100.439034 	126.210144 	39.824615 	56.320511 	77.006493 	31.048349 	41.231056 	75.106590 	124.233650 	
92.086914 	61.846584 	108.452751 	42.379242 	27.513634 	100.846420 	77.878113 	50.289165 	115.965515 	19.000000 	125.872955 	146.863876 	999.000000 	104.709122 	51.662365 	101.533249 	122.036880 	28.284271 	82.079231 	18.027756 	31.257000 	119.887444 	133.454117 	101.980392 	10.440307 	129.247818 	151.855194 	140.801285 	41.194660 	90.249657 	18.248287 	127.094452 	133.689941 	70.213959 	142.003525 	21.023796 	74.330345 	43.104523 	144.779144 	125.239769 	102.181213 	162.606888 	145.055161 	105.688217 	48.093658 	
16.124516 	43.600460 	9.055386 	63.245552 	77.698135 	5.099020 	27.658634 	56.222771 	13.416408 	97.082436 	38.052597 	62.072536 	104.709122 	999.000000 	55.973209 	3.605551 	19.723083 	78.816238 	24.839485 	88.752464 	76.400261 	16.401220 	31.906113 	6.000000 	97.637085 	26.400757 	53.665630 	39.962482 	68.680420 	18.788294 	91.021973 	23.345236 	30.479502 	43.566040 	38.948685 	93.861603 	40.706264 	72.180328 	41.773197 	20.615528 	15.524175 	63.285069 	41.725292 	14.764823 	68.883957 	
46.872166 	13.038404 	61.619801 	10.049875 	24.331051 	53.037724 	28.319605 	2.828427 	68.593002 	50.358715 	85.000000 	108.747414 	51.662365 	55.973209 	999.000000 	52.497620 	74.966660 	23.769728 	31.622776 	34.176014 	21.023796 	72.138756 	87.045967 	52.201534 	43.081318 	82.024384 	107.615051 	94.921021 	12.727922 	39.446167 	35.777088 	79.246452 	86.278618 	19.000000 	94.762863 	38.013157 	23.021729 	17.464249 	97.590981 	75.802376 	50.990196 	117.923706 	97.621719 	54.561890 	16.124516 	
14.866069 	40.224369 	12.041595 	59.908264 	74.431175 	5.000000 	24.207438 	52.801514 	17.000000 	94.254974 	41.000000 	65.192024 	101.533249 	3.605551 	52.497620 	999.000000 	23.323807 	75.451973 	21.260292 	85.440041 	73.006851 	20.000000 	35.510563 	3.605551 	94.339813 	30.000000 	57.245087 	43.566040 	65.192024 	15.231546 	87.658424 	26.907248 	34.058773 	39.962482 	42.520584 	90.426765 	37.121422 	68.622154 	45.343136 	23.706539 	13.416408 	66.887962 	45.276924 	13.453624 	65.299309 	
30.016663 	62.241467 	13.601471 	81.565926 	95.603348 	21.931713 	46.754681 	74.966660 	6.403124 	112.729767 	24.186773 	45.541191 	122.036880 	19.723083 	74.966660 	23.323807 	999.000000 	97.185387 	44.407207 	106.826965 	94.921021 	4.000000 	12.206555 	25.079872 	115.602768 	7.211102 	34.014702 	20.248457 	87.692642 	38.470768 	109.343498 	6.000000 	11.661903 	63.285069 	20.000000 	112.538879 	60.415230 	91.547798 	22.803509 	12.727922 	32.557640 	43.566040 	23.021729 	30.149628 	88.408142 	
67.882248 	35.227829 	83.630135 	15.620500 	5.385165 	75.432091 	51.312767 	22.825424 	90.906548 	31.764761 	104.403069 	127.094452 	28.284271 	78.816238 	23.769728 	75.451973 	97.185387 	999.000000 	55.072678 	10.440307 	3.000000 	94.641426 	109.041275 	75.471848 	19.313208 	104.350372 	128.763351 	116.726173 	13.000000 	63.063461 	12.206555 	101.828285 	108.706024 	41.976185 	117.153748 	15.811388 	46.097721 	16.552946 	119.970833 	99.020203 	74.732857 	139.316193 	120.104118 	78.294319 	21.189621 	
21.000000 	20.248457 	31.764761 	39.812057 	54.625999 	22.825424 	5.099020 	32.249031 	38.013157 	76.941536 	58.694122 	83.198555 	82.079231 	24.839485 	31.622776 	21.260292 	44.407207 	55.072678 	999.000000 	65.299309 	52.478565 	41.231056 	56.612720 	20.615528 	74.242844 	51.224995 	78.032043 	64.637451 	44.204071 	8.246211 	67.230942 	48.166378 	55.317268 	19.313208 	63.780876 	69.634758 	17.262676 	47.381432 	66.603302 	44.204071 	20.396078 	87.920418 	66.528191 	23.769728 	44.045429 	
77.233414 	45.276924 	93.236259 	25.553865 	11.313708 	85.211502 	61.400326 	33.105892 	100.603180 	25.455845 	112.929184 	135.092560 	18.027756 	88.752464 	34.176014 	85.440041 	106.826965 	10.440307 	65.299309 	999.000000 	13.341664 	104.403069 	118.562218 	85.586212 	8.944272 	114.017540 	137.887634 	126.150703 	23.194826 	73.348480 	4.000000 	111.606453 	118.406082 	52.392746 	126.822708 	10.049875 	56.515484 	25.317978 	129.630249 	109.077957 	85.088188 	148.519363 	129.807556 	88.639717 	30.265491 	
65.795135 	32.802441 	81.394104 	13.453624 	7.071068 	73.109505 	48.826221 	20.248457 	88.617157 	34.438351 	102.649887 	125.538841 	31.257000 	76.400261 	21.023796 	73.006851 	94.921021 	3.000000 	52.478565 	13.341664 	999.000000 	92.314682 	106.831642 	72.945183 	22.135944 	102.068604 	126.732002 	114.560028 	10.000000 	60.415230 	14.764823 	99.488693 	106.404884 	39.051247 	114.865135 	17.691807 	43.174065 	13.892444 	117.686020 	96.519424 	72.013885 	137.244308 	117.796432 	75.584389 	18.384777 	
28.231188 	59.548298 	11.704700 	79.025314 	93.230896 	19.209373 	43.840622 	72.249565 	4.123106 	111.085556 	27.730848 	49.497475 	119.887444 	16.401220 	72.138756 	20.000000 	4.000000 	94.641426 	41.231056 	104.403069 	92.314682 	999.000000 	15.652476 	21.470911 	113.225441 	10.000000 	37.696156 	23.706539 	84.864601 	34.985710 	106.826965 	7.211102 	14.142136 	59.908264 	22.627417 	109.877205 	56.938564 	88.526833 	25.455845 	10.295630 	28.635643 	47.010635 	25.495098 	26.172504 	85.276024 	
41.400482 	74.249580 	25.455845 	93.434471 	107.298645 	34.058773 	58.898216 	86.977005 	18.601076 	123.470642 	21.954498 	37.696156 	133.454117 	31.906113 	87.045967 	35.510563 	12.206555 	109.041275 	56.612720 	118.562218 	106.831642 	15.652476 	999.000000 	37.121422 	127.283150 	6.082763 	22.135944 	8.062258 	99.764725 	50.606323 	121.165176 	10.049875 	5.000000 	75.471848 	9.219544 	124.482933 	72.560318 	103.711136 	11.704700 	19.104973 	43.965897 	31.384710 	12.369317 	41.231056 	100.603180 	
17.888544 	40.311287 	15.033297 	60.033325 	74.706093 	8.602325 	24.186773 	52.697250 	18.973665 	95.336250 	44.045429 	68.066147 	101.980392 	6.000000 	52.201534 	3.605551 	25.079872 	75.471848 	20.615528 	85.586212 	72.945183 	21.470911 	37.121422 	999.000000 	94.514549 	31.384710 	59.093147 	45.177429 	64.815125 	13.601471 	87.664131 	28.017851 	35.227829 	38.600517 	43.600460 	90.210861 	35.510563 	67.896980 	46.400433 	23.600847 	9.848858 	68.476273 	46.227695 	9.899495 	64.381676 	
85.912750 	54.203320 	102.004898 	34.481880 	20.000000 	94.047859 	70.327805 	42.047592 	109.402924 	24.166092 	121.165176 	143.003494 	10.440307 	97.637085 	43.081318 	94.339813 	115.602768 	19.313208 	74.242844 	8.944272 	22.135944 	113.225441 	127.283150 	94.514549 	999.000000 	122.800652 	146.413803 	134.825821 	31.780497 	82.292160 	8.000000 	120.432556 	127.200630 	61.131008 	135.602356 	10.816654 	65.253349 	33.000000 	138.405197 	117.991524 	94.021271 	157.079605 	138.600143 	97.575615 	38.000000 	
37.215588 	69.354164 	20.808653 	88.729927 	102.800781 	29.000000 	53.758720 	82.073135 	13.453624 	119.866592 	24.758837 	43.011627 	129.247818 	26.400757 	82.024384 	30.000000 	7.211102 	104.350372 	51.224995 	114.017540 	102.068604 	10.000000 	6.082763 	31.384710 	122.800652 	999.000000 	28.160255 	13.928389 	94.752312 	44.944408 	116.516090 	4.000000 	4.472136 	69.892776 	12.806249 	119.670380 	66.887962 	98.493652 	15.620500 	13.341664 	37.947330 	37.121422 	15.811388 	35.171009 	95.268044 	
60.959003 	94.641426 	46.324940 	113.278419 	126.574089 	55.226807 	79.881165 	107.298645 	40.249222 	140.346008 	27.856777 	25.238859 	151.855194 	53.665630 	107.615051 	57.245087 	34.014702 	128.763351 	78.032043 	137.887634 	126.732002 	37.696156 	22.135944 	59.093147 	146.413803 	28.160255 	999.000000 	14.317822 	120.253899 	72.449982 	140.730240 	32.015621 	25.317978 	97.128784 	19.104973 	144.422989 	94.366310 	124.619423 	17.464249 	40.311287 	66.098412 	10.816654 	18.681541 	63.324562 	121.757957 	
48.918301 	82.073135 	33.301651 	101.138519 	114.865135 	42.011902 	66.843102 	94.794518 	26.627054 	130.361038 	23.345236 	33.286633 	140.801285 	39.962482 	94.921021 	43.566040 	20.248457 	116.726173 	64.637451 	126.150703 	114.560028 	23.706539 	8.062258 	45.177429 	134.825821 	13.928389 	14.317822 	999.000000 	107.628990 	58.668560 	128.817703 	17.720045 	11.045361 	83.528435 	7.071068 	132.230865 	80.622574 	111.664673 	7.615773 	26.076809 	51.865211 	23.323807 	8.944272 	49.040798 	108.600182 	
59.405388 	25.612497 	74.330345 	10.049875 	15.811388 	65.764732 	41.036568 	13.038404 	81.320351 	43.657761 	97.247108 	120.747673 	41.194660 	68.680420 	12.727922 	65.192024 	87.692642 	13.000000 	44.204071 	23.194826 	10.000000 	84.864601 	99.764725 	64.815125 	31.780497 	94.752312 	120.253899 	107.628990 	999.000000 	51.865211 	24.041630 	91.967384 	99.005051 	29.410883 	107.489532 	25.553865 	33.526108 	7.280110 	110.317726 	88.408142 	63.134777 	130.598618 	110.344917 	66.730804 	9.899495 	
20.615528 	28.460499 	26.925823 	47.927029 	62.769421 	18.248287 	13.038404 	40.249222 	32.202484 	85.158676 	55.326305 	79.762146 	90.249657 	18.788294 	39.446167 	15.231546 	38.470768 	63.063461 	8.246211 	73.348480 	60.415230 	34.985710 	50.606323 	13.601471 	82.292160 	44.944408 	72.449982 	58.668560 	51.865211 	999.000000 	75.179787 	41.617306 	48.826221 	25.000000 	57.201397 	77.388626 	21.954498 	54.561890 	60.000000 	36.796738 	12.165525 	81.987801 	59.816387 	15.524175 	50.911690 	
79.931221 	47.434166 	95.775780 	27.802877 	14.422205 	87.618492 	63.513779 	34.985710 	103.077644 	28.425341 	116.038788 	138.397980 	18.248287 	91.021973 	35.777088 	87.658424 	109.343498 	12.206555 	67.230942 	4.000000 	14.764823 	106.826965 	121.165176 	87.664131 	8.000000 	116.516090 	140.730240 	128.817703 	24.041630 	75.179787 	999.000000 	114.017540 	120.880104 	53.450912 	129.321304 	6.082763 	57.567352 	25.000000 	132.136292 	111.220505 	86.764046 	151.320847 	132.279999 	90.338257 	30.000000 	
35.341194 	66.708321 	18.788294 	86.214851 	100.439034 	26.400757 	50.931328 	79.397736 	11.180340 	118.186295 	27.658634 	46.840153 	127.094452 	23.345236 	79.246452 	26.907248 	6.000000 	101.828285 	48.166378 	111.606453 	99.488693 	7.211102 	10.049875 	28.017851 	120.432556 	4.000000 	32.015621 	17.720045 	91.967384 	41.617306 	114.017540 	999.000000 	7.211102 	66.610809 	15.620500 	117.034180 	63.513779 	95.524864 	18.439089 	9.486833 	34.176014 	40.718548 	18.384777 	31.320919 	92.195442 	
41.677334 	73.661385 	25.238859 	93.085983 	107.200745 	33.301651 	57.982758 	86.371292 	17.804493 	124.338249 	26.627054 	42.544094 	133.689941 	30.479502 	86.278618 	34.058773 	11.661903 	108.706024 	55.317268 	118.406082 	106.404884 	14.142136 	5.000000 	35.227829 	127.200630 	4.472136 	25.317978 	11.045361 	99.005051 	48.826221 	120.880104 	7.211102 	999.000000 	73.817345 	8.485281 	123.987900 	70.724815 	102.649887 	11.313708 	15.033297 	41.231056 	33.615471 	11.401754 	38.275318 	99.357941 	
39.623226 	16.278820 	50.990196 	29.017237 	43.185646 	42.047592 	19.104973 	21.095022 	56.938564 	69.260376 	77.884529 	102.357216 	70.213959 	43.566040 	19.000000 	39.962482 	63.285069 	41.976185 	19.313208 	52.392746 	39.051247 	59.908264 	75.471848 	38.600517 	61.131008 	69.892776 	97.128784 	83.528435 	29.410883 	25.000000 	53.450912 	66.610809 	73.817345 	999.000000 	82.200974 	54.625999 	4.123106 	30.528675 	85.000000 	61.554855 	34.828148 	106.850365 	84.811554 	38.418747 	26.400757 	
49.929951 	82.134033 	33.600594 	101.533249 	115.602768 	41.773197 	66.468040 	94.847244 	26.248810 	132.378250 	29.410883 	40.224369 	142.003525 	38.948685 	94.762863 	42.520584 	20.000000 	117.153748 	63.780876 	126.822708 	114.865135 	22.627417 	9.219544 	43.600460 	135.602356 	12.806249 	19.104973 	7.071068 	107.489532 	57.201397 	129.321304 	15.620500 	8.485281 	82.200974 	999.000000 	132.457535 	79.056938 	111.126053 	2.828427 	22.135944 	49.193497 	25.961510 	3.162278 	46.097721 	107.814659 	
83.486526 	50.328918 	99.035347 	31.144823 	19.313208 	90.686272 	66.219330 	37.643059 	106.216759 	33.837849 	120.208153 	142.888062 	21.023796 	93.861603 	38.013157 	90.426765 	112.538879 	15.811388 	69.634758 	10.049875 	17.691807 	109.877205 	124.482933 	90.210861 	10.816654 	119.670380 	144.422989 	132.230865 	25.553865 	77.388626 	6.082763 	117.034180 	123.987900 	54.625999 	132.457535 	999.000000 	58.694122 	24.738634 	135.281189 	113.811249 	88.684837 	154.935471 	135.369858 	92.282173 	29.614185 	
38.118237 	18.867962 	48.466484 	33.000000 	47.265209 	39.560081 	18.110771 	25.019993 	54.120235 	73.171036 	75.927597 	100.439034 	74.330345 	40.706264 	23.021729 	37.121422 	60.415230 	46.097721 	17.262676 	56.515484 	43.174065 	56.938564 	72.560318 	35.510563 	65.253349 	66.887962 	94.366310 	80.622574 	33.526108 	21.954498 	57.567352 	63.513779 	70.724815 	4.123106 	79.056938 	58.694122 	999.000000 	34.481880 	81.841309 	58.137768 	31.144823 	103.942291 	81.608826 	34.713108 	30.232433 	
64.140472 	30.413813 	78.409180 	17.262676 	20.808653 	69.656296 	44.821869 	18.681541 	85.146935 	48.301140 	102.420700 	126.210144 	43.104523 	72.180328 	17.464249 	68.622154 	91.547798 	16.552946 	47.381432 	25.317978 	13.892444 	88.526833 	103.711136 	67.896980 	33.000000 	98.493652 	124.619423 	111.664673 	7.280110 	54.561890 	25.000000 	95.524864 	102.649887 	30.528675 	111.126053 	24.738634 	34.481880 	999.000000 	113.951744 	91.350975 	65.215027 	134.807266 	113.899078 	68.818604 	5.000000 	
52.697250 	84.958817 	36.400551 	104.350372 	118.406082 	44.598206 	69.296463 	97.672920 	29.068884 	135.070358 	30.805843 	39.824615 	144.779144 	41.773197 	97.590981 	45.343136 	22.803509 	119.970833 	66.603302 	129.630249 	117.686020 	25.455845 	11.704700 	46.400433 	138.405197 	15.620500 	17.464249 	7.615773 	110.317726 	60.000000 	132.136292 	18.439089 	11.313708 	85.000000 	2.828427 	135.281189 	81.841309 	113.951744 	999.000000 	24.698177 	51.884487 	23.537205 	1.414214 	48.754486 	110.634537 	
35.510563 	63.812225 	20.024984 	83.528435 	98.112183 	25.000000 	47.707443 	76.275818 	13.601471 	117.652031 	36.619667 	56.320511 	125.239769 	20.615528 	75.802376 	23.706539 	12.727922 	99.020203 	44.204071 	109.077957 	96.519424 	10.295630 	19.104973 	23.600847 	117.991524 	13.341664 	40.311287 	26.076809 	88.408142 	36.796738 	111.220505 	9.486833 	15.033297 	61.554855 	22.135944 	113.811249 	58.137768 	91.350975 	24.698177 	999.000000 	27.459061 	48.083260 	24.166092 	24.186773 	87.692642 	
26.248810 	40.521599 	24.515301 	59.808025 	74.672615 	18.357559 	25.179358 	52.000000 	27.073973 	97.324203 	53.338543 	77.006493 	102.181213 	15.524175 	50.990196 	13.416408 	32.557640 	74.732857 	20.396078 	85.088188 	72.013885 	28.635643 	43.965897 	9.848858 	94.021271 	37.947330 	66.098412 	51.865211 	63.134777 	12.165525 	86.764046 	34.176014 	41.231056 	34.828148 	49.193497 	88.684837 	31.144823 	65.215027 	51.884487 	27.459061 	999.000000 	74.846512 	51.478149 	3.605551 	61.220913 	
71.449280 	104.995239 	56.400356 	123.794182 	137.207870 	65.215027 	90.000000 	117.686020 	49.929951 	151.162170 	38.483765 	31.048349 	162.606888 	63.285069 	117.923706 	66.887962 	43.566040 	139.316193 	87.920418 	148.519363 	137.244308 	47.010635 	31.384710 	68.476273 	157.079605 	37.121422 	10.816654 	23.323807 	130.598618 	81.987801 	151.320847 	40.718548 	33.615471 	106.850365 	25.961510 	154.935471 	103.942291 	134.807266 	23.537205 	48.083260 	74.846512 	999.000000 	24.331051 	71.867935 	131.825638 	
53.000000 	85.041168 	36.619667 	104.484451 	118.600166 	44.687805 	69.310890 	97.744568 	29.206163 	135.506454 	32.015621 	41.231056 	145.055161 	41.725292 	97.621719 	45.276924 	23.021729 	120.104118 	66.528191 	129.807556 	117.796432 	25.495098 	12.369317 	46.227695 	138.600143 	15.811388 	18.681541 	8.944272 	110.344917 	59.816387 	132.279999 	18.384777 	11.401754 	84.811554 	3.162278 	135.369858 	81.608826 	113.899078 	1.414214 	24.166092 	51.478149 	24.331051 	999.000000 	48.301140 	110.535065 	
27.459061 	43.965897 	23.409399 	63.324562 	78.185677 	18.439089 	28.442924 	55.542778 	25.019993 	100.623062 	51.788029 	75.106590 	105.688217 	14.764823 	54.561890 	13.453624 	30.149628 	78.294319 	23.769728 	88.639717 	75.584389 	26.172504 	41.231056 	9.899495 	97.575615 	35.171009 	63.324562 	49.040798 	66.730804 	15.524175 	90.338257 	31.320919 	38.275318 	38.418747 	46.097721 	92.282173 	34.713108 	68.818604 	48.754486 	24.186773 	3.605551 	71.867935 	48.301140 	999.000000 	64.815125 	
61.717098 	28.460499 	75.451973 	18.788294 	25.059929 	66.610809 	41.880783 	18.000000 	82.006096 	52.801514 	100.224747 	124.233650 	48.093658 	68.883957 	16.124516 	65.299309 	88.408142 	21.189621 	44.045429 	30.265491 	18.384777 	85.276024 	100.603180 	64.381676 	38.000000 	95.268044 	121.757957 	108.600182 	9.899495 	50.911690 	30.000000 	92.195442 	99.357941 	26.400757 	107.814659 	29.614185 	30.232433 	5.000000 	110.634537 	87.692642 	61.220913 	131.825638 	110.535065 	64.815125 	999.000000 	

Travel time:
9.000000 	0.845946 	0.413824 	1.308625 	1.648674 	0.276134 	0.515388 	1.160011 	0.604152 	2.071382 	0.965660 	1.573412 	2.302173 	0.403113 	1.171804 	0.371652 	0.750417 	1.697056 	0.525000 	1.930835 	1.644878 	0.705780 	1.035012 	0.447214 	2.147819 	0.930390 	1.523975 	1.222957 	1.485135 	0.515388 	1.998281 	0.883530 	1.041933 	0.990581 	1.248249 	2.087163 	0.952956 	1.603512 	1.317431 	0.887764 	0.656220 	1.786232 	1.325000 	0.686477 	1.542928 	
0.845946 	9.000000 	1.219887 	0.493077 	0.860959 	1.009022 	0.403113 	0.318198 	1.397542 	1.430472 	1.800174 	2.396351 	1.546165 	1.090011 	0.325960 	1.005609 	1.556037 	0.880696 	0.506211 	1.131923 	0.820061 	1.488707 	1.856240 	1.007782 	1.355083 	1.733854 	2.366036 	2.051828 	0.640312 	0.711512 	1.185854 	1.667708 	1.841535 	0.406971 	2.053351 	1.258223 	0.471699 	0.760345 	2.123971 	1.595306 	1.013040 	2.624881 	2.126029 	1.099147 	0.711512 	
0.413824 	1.219887 	9.000000 	1.700368 	2.050152 	0.223607 	0.840015 	1.538059 	0.190394 	2.485080 	0.725431 	1.328768 	2.711319 	0.226385 	1.540495 	0.301040 	0.340037 	2.090753 	0.794119 	2.330906 	2.034853 	0.292617 	0.636396 	0.375832 	2.550122 	0.520216 	1.158123 	0.832541 	1.858259 	0.673146 	2.394394 	0.469707 	0.630971 	1.274755 	0.840015 	2.475884 	1.211662 	1.960230 	0.910014 	0.500625 	0.612882 	1.410009 	0.915492 	0.585235 	1.886299 	
1.308625 	0.493077 	1.700368 	9.000000 	0.371652 	1.495410 	0.896172 	0.201556 	1.882153 	1.007782 	2.232711 	2.809471 	1.059481 	1.581139 	0.251247 	1.497707 	2.039148 	0.390512 	0.995301 	0.638847 	0.336341 	1.975633 	2.335862 	1.500833 	0.862047 	2.218248 	2.831960 	2.528463 	0.251247 	1.198176 	0.695072 	2.155371 	2.327150 	0.725431 	2.538331 	0.778621 	0.825000 	0.431567 	2.608759 	2.088211 	1.495201 	3.094855 	2.612111 	1.583114 	0.469707 	
1.648674 	0.860959 	2.050152 	0.371652 	9.000000 	1.851520 	1.263428 	0.570088 	2.235090 	0.696419 	2.541776 	3.099395 	0.687841 	1.942453 	0.608276 	1.860779 	2.390084 	0.134629 	1.365650 	0.282843 	0.176777 	2.330772 	2.682466 	1.867652 	0.500000 	2.570019 	3.164352 	2.871628 	0.395285 	1.569236 	0.360555 	2.510976 	2.680019 	1.079641 	2.890069 	0.482830 	1.181630 	0.520216 	2.960152 	2.452805 	1.866815 	3.430197 	2.965004 	1.954642 	0.626498 	
0.276134 	1.009022 	0.223607 	1.495410 	1.851520 	9.000000 	0.620987 	1.326885 	0.388909 	2.317461 	0.928036 	1.538059 	2.521161 	0.127475 	1.325943 	0.125000 	0.548293 	1.885802 	0.570636 	2.130288 	1.827738 	0.480234 	0.851469 	0.215058 	2.351197 	0.725000 	1.380670 	1.050297 	1.644118 	0.456207 	2.190462 	0.660019 	0.832541 	1.051190 	1.044330 	2.267157 	0.989002 	1.741407 	1.114955 	0.625000 	0.458939 	1.630376 	1.117195 	0.460977 	1.665270 	
0.515388 	0.403113 	0.840015 	0.896172 	1.263428 	0.620987 	9.000000 	0.715017 	1.009022 	1.804508 	1.478386 	2.088061 	1.946953 	0.691466 	0.707990 	0.605186 	1.168867 	1.282819 	0.127475 	1.535008 	1.220656 	1.096016 	1.472455 	0.604669 	1.758195 	1.343968 	1.997029 	1.671077 	1.025914 	0.325960 	1.587844 	1.273283 	1.449569 	0.477624 	1.661701 	1.655483 	0.452769 	1.120547 	1.732412 	1.192686 	0.629484 	2.250000 	1.732772 	0.711073 	1.047020 	
1.160011 	0.318198 	1.538059 	0.201556 	0.570088 	1.326885 	0.715017 	9.000000 	1.715554 	1.204159 	2.105499 	2.694671 	1.257229 	1.405569 	0.070711 	1.320038 	1.874166 	0.570636 	0.806226 	0.827647 	0.506211 	1.806239 	2.174425 	1.317431 	1.051190 	2.051828 	2.682466 	2.369863 	0.325960 	1.006231 	0.874643 	1.984943 	2.159282 	0.527376 	2.371181 	0.941076 	0.625500 	0.467039 	2.441823 	1.906895 	1.300000 	2.942151 	2.443614 	1.388569 	0.450000 	
0.604152 	1.397542 	0.190394 	1.882153 	2.235090 	0.388909 	1.009022 	1.715554 	9.000000 	2.675467 	0.680074 	1.252248 	2.899138 	0.335410 	1.714825 	0.425000 	0.160078 	2.272664 	0.950329 	2.515079 	2.215429 	0.103078 	0.465027 	0.474342 	2.735073 	0.336341 	1.006231 	0.665676 	2.033009 	0.805062 	2.576941 	0.279509 	0.445112 	1.423464 	0.656220 	2.655419 	1.353006 	2.128673 	0.726722 	0.340037 	0.676849 	1.248249 	0.730154 	0.625500 	2.050152 	
2.071382 	1.430472 	2.485080 	1.007782 	0.696419 	2.317461 	1.804508 	1.204159 	2.675467 	9.000000 	2.835159 	3.323590 	0.475000 	2.427061 	1.258968 	2.356374 	2.818244 	0.794119 	1.923538 	0.636396 	0.860959 	2.777139 	3.086766 	2.383406 	0.604152 	2.996665 	3.508650 	3.259026 	1.091444 	2.128967 	0.710634 	2.954657 	3.108456 	1.731509 	3.309456 	0.845946 	1.829276 	1.207528 	3.376759 	2.941301 	2.433105 	3.779054 	3.387661 	2.515577 	1.320038 	
0.965660 	1.800174 	0.725431 	2.232711 	2.541776 	0.928036 	1.478386 	2.105499 	0.680074 	2.835159 	9.000000 	0.612882 	3.146824 	0.951315 	2.125000 	1.025000 	0.604669 	2.610077 	1.467353 	2.823230 	2.566247 	0.693271 	0.548862 	1.101136 	3.029130 	0.618971 	0.696419 	0.583631 	2.431178 	1.383158 	2.900970 	0.691466 	0.665676 	1.947113 	0.735272 	3.005204 	1.898190 	2.560518 	0.770146 	0.915492 	1.333464 	0.962094 	0.800391 	1.294701 	2.505619 	
1.573412 	2.396351 	1.328768 	2.809471 	3.099395 	1.538059 	2.088061 	2.694671 	1.252248 	3.323590 	0.612882 	9.000000 	3.671597 	1.551813 	2.718685 	1.629801 	1.138530 	3.177361 	2.079964 	3.377314 	3.138471 	1.237437 	0.942404 	1.701654 	3.575087 	1.075291 	0.630971 	0.832166 	3.018692 	1.994054 	3.459949 	1.171004 	1.063602 	2.558930 	1.005609 	3.572201 	2.510976 	3.155254 	0.995615 	1.408013 	1.925162 	0.776209 	1.030776 	1.877665 	3.105841 	
2.302173 	1.546165 	2.711319 	1.059481 	0.687841 	2.521161 	1.946953 	1.257229 	2.899138 	0.475000 	3.146824 	3.671597 	9.000000 	2.617728 	1.291559 	2.538331 	3.050922 	0.707107 	2.051981 	0.450694 	0.781425 	2.997186 	3.336353 	2.549510 	0.261008 	3.231195 	3.796380 	3.520032 	1.029866 	2.256241 	0.456207 	3.177361 	3.342248 	1.755349 	3.550088 	0.525595 	1.858259 	1.077613 	3.619479 	3.130994 	2.554530 	4.065172 	3.626379 	2.642205 	1.202341 	
0.403113 	1.090011 	0.226385 	1.581139 	1.942453 	0.127475 	0.691466 	1.405569 	0.335410 	2.427061 	0.951315 	1.551813 	2.617728 	9.000000 	1.399330 	0.090139 	0.493077 	1.970406 	0.620987 	2.218812 	1.910007 	0.410031 	0.797653 	0.150000 	2.440927 	0.660019 	1.341641 	0.999062 	1.717010 	0.469707 	2.275549 	0.583631 	0.761988 	1.089151 	0.973717 	2.346540 	1.017657 	1.804508 	1.044330 	0.515388 	0.388104 	1.582127 	1.043132 	0.369121 	1.722099 	
1.171804 	0.325960 	1.540495 	0.251247 	0.608276 	1.325943 	0.707990 	0.070711 	1.714825 	1.258968 	2.125000 	2.718685 	1.291559 	1.399330 	9.000000 	1.312441 	1.874166 	0.594243 	0.790569 	0.854400 	0.525595 	1.803469 	2.176149 	1.305038 	1.077033 	2.050610 	2.690376 	2.373025 	0.318198 	0.986154 	0.894427 	1.981161 	2.156965 	0.475000 	2.369071 	0.950329 	0.575543 	0.436606 	2.439775 	1.895059 	1.274755 	2.948093 	2.440543 	1.364047 	0.403113 	
0.371652 	1.005609 	0.301040 	1.497707 	1.860779 	0.125000 	0.605186 	1.320038 	0.425000 	2.356374 	1.025000 	1.629801 	2.538331 	0.090139 	1.312441 	9.000000 	0.583095 	1.886299 	0.531507 	2.136001 	1.825171 	0.500000 	0.887764 	0.090139 	2.358495 	0.750000 	1.431127 	1.089151 	1.629801 	0.380789 	2.191461 	0.672681 	0.851469 	0.999062 	1.063015 	2.260669 	0.928036 	1.715554 	1.133578 	0.592663 	0.335410 	1.672199 	1.131923 	0.336341 	1.632483 	
0.750417 	1.556037 	0.340037 	2.039148 	2.390084 	0.548293 	1.168867 	1.874166 	0.160078 	2.818244 	0.604669 	1.138530 	3.050922 	0.493077 	1.874166 	0.583095 	9.000000 	2.429635 	1.110180 	2.670674 	2.373025 	0.100000 	0.305164 	0.626997 	2.890069 	0.180278 	0.850368 	0.506211 	2.192316 	0.961769 	2.733588 	0.150000 	0.291548 	1.582127 	0.500000 	2.813472 	1.510381 	2.288695 	0.570088 	0.318198 	0.813941 	1.089151 	0.575543 	0.753741 	2.210204 	
1.697056 	0.880696 	2.090753 	0.390512 	0.134629 	1.885802 	1.282819 	0.570636 	2.272664 	0.794119 	2.610077 	3.177361 	0.707107 	1.970406 	0.594243 	1.886299 	2.429635 	9.000000 	1.376817 	0.261008 	0.075000 	2.366036 	2.726032 	1.886796 	0.482830 	2.608759 	3.219084 	2.918154 	0.325000 	1.576586 	0.305164 	2.545707 	2.717651 	1.049405 	2.928844 	0.395285 	1.152443 	0.413824 	2.999271 	2.475505 	1.868321 	3.482905 	3.002603 	1.957358 	0.529741 	
0.525000 	0.506211 	0.794119 	0.995301 	1.365650 	0.570636 	0.127475 	0.806226 	0.950329 	1.923538 	1.467353 	2.079964 	2.051981 	0.620987 	0.790569 	0.531507 	1.110180 	1.376817 	9.000000 	1.632483 	1.311964 	1.030776 	1.415318 	0.515388 	1.856071 	1.280625 	1.950801 	1.615936 	1.105102 	0.206155 	1.680773 	1.204159 	1.382932 	0.482830 	1.594522 	1.740869 	0.431567 	1.184536 	1.665083 	1.105102 	0.509902 	2.198010 	1.663205 	0.594243 	1.101136 	
1.930835 	1.131923 	2.330906 	0.638847 	0.282843 	2.130288 	1.535008 	0.827647 	2.515079 	0.636396 	2.823230 	3.377314 	0.450694 	2.218812 	0.854400 	2.136001 	2.670674 	0.261008 	1.632483 	9.000000 	0.333542 	2.610077 	2.964056 	2.139655 	0.223607 	2.850439 	3.447191 	3.153768 	0.579871 	1.833712 	0.100000 	2.790161 	2.960152 	1.309819 	3.170568 	0.251247 	1.412887 	0.632949 	3.240756 	2.726949 	2.127205 	3.712984 	3.245189 	2.215993 	0.756637 	
1.644878 	0.820061 	2.034853 	0.336341 	0.176777 	1.827738 	1.220656 	0.506211 	2.215429 	0.860959 	2.566247 	3.138471 	0.781425 	1.910007 	0.525595 	1.825171 	2.373025 	0.075000 	1.311964 	0.333542 	9.000000 	2.307867 	2.670791 	1.823630 	0.553399 	2.551715 	3.168300 	2.864001 	0.250000 	1.510381 	0.369121 	2.487217 	2.660122 	0.976281 	2.871628 	0.442295 	1.079352 	0.347311 	2.942151 	2.412986 	1.800347 	3.431108 	2.944911 	1.889610 	0.459619 	
0.705780 	1.488707 	0.292617 	1.975633 	2.330772 	0.480234 	1.096016 	1.806239 	0.103078 	2.777139 	0.693271 	1.237437 	2.997186 	0.410031 	1.803469 	0.500000 	0.100000 	2.366036 	1.030776 	2.610077 	2.307867 	9.000000 	0.391312 	0.536773 	2.830636 	0.250000 	0.942404 	0.592663 	2.121615 	0.874643 	2.670674 	0.180278 	0.353553 	1.497707 	0.565685 	2.746930 	1.423464 	2.213171 	0.636396 	0.257391 	0.715891 	1.175266 	0.637377 	0.654313 	2.131901 	
1.035012 	1.856240 	0.636396 	2.335862 	2.682466 	0.851469 	1.472455 	2.174425 	0.465027 	3.086766 	0.548862 	0.942404 	3.336353 	0.797653 	2.176149 	0.887764 	0.305164 	2.726032 	1.415318 	2.964056 	2.670791 	0.391312 	9.000000 	0.928036 	3.182079 	0.152069 	0.553399 	0.201556 	2.494118 	1.265158 	3.029130 	0.251247 	0.125000 	1.886796 	0.230489 	3.112073 	1.814008 	2.592778 	0.292617 	0.477624 	1.099147 	0.784618 	0.309233 	1.030776 	2.515079 	
0.447214 	1.007782 	0.375832 	1.500833 	1.867652 	0.215058 	0.604669 	1.317431 	0.474342 	2.383406 	1.101136 	1.701654 	2.549510 	0.150000 	1.305038 	0.090139 	0.626997 	1.886796 	0.515388 	2.139655 	1.823630 	0.536773 	0.928036 	9.000000 	2.362864 	0.784618 	1.477329 	1.129436 	1.620378 	0.340037 	2.191603 	0.700446 	0.880696 	0.965013 	1.090011 	2.255271 	0.887764 	1.697425 	1.160011 	0.590021 	0.246221 	1.711907 	1.155692 	0.247487 	1.609542 	
2.147819 	1.355083 	2.550122 	0.862047 	0.500000 	2.351197 	1.758195 	1.051190 	2.735073 	0.604152 	3.029130 	3.575087 	0.261008 	2.440927 	1.077033 	2.358495 	2.890069 	0.482830 	1.856071 	0.223607 	0.553399 	2.830636 	3.182079 	2.362864 	9.000000 	3.070016 	3.660345 	3.370646 	0.794512 	2.057304 	0.200000 	3.010814 	3.180016 	1.528275 	3.390059 	0.270416 	1.631334 	0.825000 	3.460130 	2.949788 	2.350532 	3.926990 	3.465003 	2.439390 	0.950000 	
0.930390 	1.733854 	0.520216 	2.218248 	2.570019 	0.725000 	1.343968 	2.051828 	0.336341 	2.996665 	0.618971 	1.075291 	3.231195 	0.660019 	2.050610 	0.750000 	0.180278 	2.608759 	1.280625 	2.850439 	2.551715 	0.250000 	0.152069 	0.784618 	3.070016 	9.000000 	0.704006 	0.348210 	2.368808 	1.123610 	2.912902 	0.100000 	0.111803 	1.747319 	0.320156 	2.991760 	1.672199 	2.462341 	0.390512 	0.333542 	0.948683 	0.928036 	0.395285 	0.879275 	2.381701 	
1.523975 	2.366036 	1.158123 	2.831960 	3.164352 	1.380670 	1.997029 	2.682466 	1.006231 	3.508650 	0.696419 	0.630971 	3.796380 	1.341641 	2.690376 	1.431127 	0.850368 	3.219084 	1.950801 	3.447191 	3.168300 	0.942404 	0.553399 	1.477329 	3.660345 	0.704006 	9.000000 	0.357946 	3.006347 	1.811249 	3.518256 	0.800391 	0.632949 	2.428220 	0.477624 	3.610575 	2.359158 	3.115486 	0.436606 	1.007782 	1.652460 	0.270416 	0.467039 	1.583114 	3.043949 	
1.222957 	2.051828 	0.832541 	2.528463 	2.871628 	1.050297 	1.671077 	2.369863 	0.665676 	3.259026 	0.583631 	0.832166 	3.520032 	0.999062 	2.373025 	1.089151 	0.506211 	2.918154 	1.615936 	3.153768 	2.864001 	0.592663 	0.201556 	1.129436 	3.370646 	0.348210 	0.357946 	9.000000 	2.690725 	1.466714 	3.220443 	0.443001 	0.276134 	2.088211 	0.176777 	3.305772 	2.015564 	2.791617 	0.190394 	0.651920 	1.296630 	0.583095 	0.223607 	1.226020 	2.715004 	
1.485135 	0.640312 	1.858259 	0.251247 	0.395285 	1.644118 	1.025914 	0.325960 	2.033009 	1.091444 	2.431178 	3.018692 	1.029866 	1.717010 	0.318198 	1.629801 	2.192316 	0.325000 	1.105102 	0.579871 	0.250000 	2.121615 	2.494118 	1.620378 	0.794512 	2.368808 	3.006347 	2.690725 	9.000000 	1.296630 	0.601041 	2.299185 	2.475126 	0.735272 	2.687238 	0.638847 	0.838153 	0.182003 	2.757943 	2.210204 	1.578369 	3.264966 	2.758623 	1.668270 	0.247487 	
0.515388 	0.711512 	0.673146 	1.198176 	1.569236 	0.456207 	0.325960 	1.006231 	0.805062 	2.128967 	1.383158 	1.994054 	2.256241 	0.469707 	0.986154 	0.380789 	0.961769 	1.576586 	0.206155 	1.833712 	1.510381 	0.874643 	1.265158 	0.340037 	2.057304 	1.123610 	1.811249 	1.466714 	1.296630 	9.000000 	1.879495 	1.040433 	1.220656 	0.625000 	1.430035 	1.934716 	0.548862 	1.364047 	1.500000 	0.919918 	0.304138 	2.049695 	1.495410 	0.388104 	1.272792 	
1.998281 	1.185854 	2.394394 	0.695072 	0.360555 	2.190462 	1.587844 	0.874643 	2.576941 	0.710634 	2.900970 	3.459949 	0.456207 	2.275549 	0.894427 	2.191461 	2.733588 	0.305164 	1.680773 	0.100000 	0.369121 	2.670674 	3.029130 	2.191603 	0.200000 	2.912902 	3.518256 	3.220443 	0.601041 	1.879495 	9.000000 	2.850439 	3.022003 	1.336273 	3.233033 	0.152069 	1.439184 	0.625000 	3.303407 	2.780513 	2.169101 	3.783021 	3.307000 	2.258456 	0.750000 	
0.883530 	1.667708 	0.469707 	2.155371 	2.510976 	0.660019 	1.273283 	1.984943 	0.279509 	2.954657 	0.691466 	1.171004 	3.177361 	0.583631 	1.981161 	0.672681 	0.150000 	2.545707 	1.204159 	2.790161 	2.487217 	0.180278 	0.251247 	0.700446 	3.010814 	0.100000 	0.800391 	0.443001 	2.299185 	1.040433 	2.850439 	9.000000 	0.180278 	1.665270 	0.390512 	2.925854 	1.587844 	2.388122 	0.460977 	0.237171 	0.854400 	1.017964 	0.459619 	0.783023 	2.304886 	
1.041933 	1.841535 	0.630971 	2.327150 	2.680019 	0.832541 	1.449569 	2.159282 	0.445112 	3.108456 	0.665676 	1.063602 	3.342248 	0.761988 	2.156965 	0.851469 	0.291548 	2.717651 	1.382932 	2.960152 	2.660122 	0.353553 	0.125000 	0.880696 	3.180016 	0.111803 	0.632949 	0.276134 	2.475126 	1.220656 	3.022003 	0.180278 	9.000000 	1.845434 	0.212132 	3.099698 	1.768120 	2.566247 	0.282843 	0.375832 	1.030776 	0.840387 	0.285044 	0.956883 	2.483948 	
0.990581 	0.406971 	1.274755 	0.725431 	1.079641 	1.051190 	0.477624 	0.527376 	1.423464 	1.731509 	1.947113 	2.558930 	1.755349 	1.089151 	0.475000 	0.999062 	1.582127 	1.049405 	0.482830 	1.309819 	0.976281 	1.497707 	1.886796 	0.965013 	1.528275 	1.747319 	2.428220 	2.088211 	0.735272 	0.625000 	1.336273 	1.665270 	1.845434 	9.000000 	2.055024 	1.365650 	0.103078 	0.763217 	2.125000 	1.538871 	0.870704 	2.671259 	2.120289 	0.960469 	0.660019 	
1.248249 	2.053351 	0.840015 	2.538331 	2.890069 	1.044330 	1.661701 	2.371181 	0.656220 	3.309456 	0.735272 	1.005609 	3.550088 	0.973717 	2.369071 	1.063015 	0.500000 	2.928844 	1.594522 	3.170568 	2.871628 	0.565685 	0.230489 	1.090011 	3.390059 	0.320156 	0.477624 	0.176777 	2.687238 	1.430035 	3.233033 	0.390512 	0.212132 	2.055024 	9.000000 	3.311438 	1.976424 	2.778151 	0.070711 	0.553399 	1.229837 	0.649038 	0.079057 	1.152443 	2.695366 	
2.087163 	1.258223 	2.475884 	0.778621 	0.482830 	2.267157 	1.655483 	0.941076 	2.655419 	0.845946 	3.005204 	3.572201 	0.525595 	2.346540 	0.950329 	2.260669 	2.813472 	0.395285 	1.740869 	0.251247 	0.442295 	2.746930 	3.112073 	2.255271 	0.270416 	2.991760 	3.610575 	3.305772 	0.638847 	1.934716 	0.152069 	2.925854 	3.099698 	1.365650 	3.311438 	9.000000 	1.467353 	0.618466 	3.382030 	2.845281 	2.217121 	3.873387 	3.384246 	2.307054 	0.740355 	
0.952956 	0.471699 	1.211662 	0.825000 	1.181630 	0.989002 	0.452769 	0.625500 	1.353006 	1.829276 	1.898190 	2.510976 	1.858259 	1.017657 	0.575543 	0.928036 	1.510381 	1.152443 	0.431567 	1.412887 	1.079352 	1.423464 	1.814008 	0.887764 	1.631334 	1.672199 	2.359158 	2.015564 	0.838153 	0.548862 	1.439184 	1.587844 	1.768120 	0.103078 	1.976424 	1.467353 	9.000000 	0.862047 	2.046033 	1.453444 	0.778621 	2.598557 	2.040221 	0.867828 	0.755811 	
1.603512 	0.760345 	1.960230 	0.431567 	0.520216 	1.741407 	1.120547 	0.467039 	2.128673 	1.207528 	2.560518 	3.155254 	1.077613 	1.804508 	0.436606 	1.715554 	2.288695 	0.413824 	1.184536 	0.632949 	0.347311 	2.213171 	2.592778 	1.697425 	0.825000 	2.462341 	3.115486 	2.791617 	0.182003 	1.364047 	0.625000 	2.388122 	2.566247 	0.763217 	2.778151 	0.618466 	0.862047 	9.000000 	2.848794 	2.283774 	1.630376 	3.370182 	2.847477 	1.720465 	0.125000 	
