Total assets = 614
Number of asset nodes = 34

Distance:
999.000000 	75.432091 	92.097771 	75.604233 	125.319588 	8.544003 	57.706154 	127.027557 	104.019226 	43.000000 	35.383614 	61.773781 	13.038404 	71.344238 	80.709358 	101.671036 	10.000000 	43.324360 	12.041595 	103.004852 	64.621979 	100.687637 	100.124924 	48.052055 	69.462219 	61.351448 	96.566040 	92.660675 	39.458839 	37.107952 	87.464279 	59.211487 	85.702972 	53.037724 	65.276337 	65.192024 	85.440041 	49.030602 	53.935146 	85.146935 	80.224686 	77.006493 	81.024689 	76.105194 	81.394104 	
75.432091 	999.000000 	17.204651 	1.414214 	52.354561 	71.421288 	21.540659 	60.016663 	35.355339 	112.307610 	40.816662 	17.720045 	87.863533 	10.198039 	8.246211 	26.248810 	82.036575 	37.589893 	75.742989 	27.784887 	23.021729 	26.000000 	25.632011 	38.897301 	20.615528 	27.018513 	23.345236 	22.090721 	56.648037 	60.539242 	26.076809 	42.000000 	29.068884 	49.365982 	41.436699 	42.426407 	32.526913 	58.051701 	57.314919 	36.878178 	46.065170 	51.264023 	50.089920 	53.758720 	59.236813 	
92.097771 	17.204651 	999.000000 	17.492855 	35.341194 	88.413803 	38.470768 	45.011108 	21.587032 	127.534309 	57.008770 	34.438351 	104.690018 	25.298222 	16.124516 	10.440307 	99.005051 	54.708317 	92.849342 	14.000000 	38.078865 	14.560220 	14.866069 	55.542778 	34.365681 	42.449970 	16.401220 	20.000000 	73.409805 	77.388626 	30.463093 	56.885849 	35.114101 	65.000000 	55.145264 	56.142673 	39.217342 	74.040527 	72.780495 	44.271889 	56.089214 	62.514000 	60.207973 	65.375839 	70.035706 	
75.604233 	1.414214 	17.492855 	999.000000 	52.773098 	71.449280 	21.023796 	60.827625 	36.221542 	112.805145 	41.182522 	17.088007 	87.965904 	9.055386 	7.071068 	26.172504 	82.073135 	37.215588 	75.690155 	27.459061 	22.000000 	25.495098 	25.079872 	38.275318 	19.416489 	26.076809 	22.561028 	21.023796 	56.080299 	60.008331 	24.698177 	41.012192 	27.658634 	48.507732 	40.311287 	41.303753 	31.112698 	57.271286 	56.435802 	35.468296 	44.721359 	49.979996 	48.754486 	52.497620 	57.939625 	
125.319588 	52.354561 	35.341194 	52.773098 	999.000000 	122.441826 	73.790245 	19.104973 	22.825424 	157.410294 	89.938866 	69.778221 	138.191895 	60.539242 	50.921509 	29.427877 	132.909744 	89.944427 	127.200630 	32.015621 	73.054771 	36.013885 	37.013512 	90.873535 	68.963760 	77.491936 	42.047592 	48.093658 	108.747414 	112.729767 	60.074955 	91.482239 	65.069191 	99.929977 	89.050545 	90.027771 	69.028976 	109.110039 	107.563934 	74.006760 	87.091904 	94.260277 	91.049438 	97.329338 	101.044548 	
8.544003 	71.421288 	88.413803 	71.449280 	122.441826 	999.000000 	52.430908 	125.399361 	101.788994 	51.088158 	33.120991 	56.612720 	17.000000 	66.400299 	76.059189 	97.621719 	10.630146 	37.121422 	6.000000 	98.595131 	58.591808 	96.046867 	95.425362 	41.109608 	63.529522 	55.036350 	91.607857 	87.367043 	31.144823 	28.635643 	81.394104 	51.623638 	79.309517 	45.011108 	57.706154 	57.558666 	78.771820 	40.607880 	45.541191 	78.160095 	72.560318 	69.028976 	73.171036 	68.007355 	73.171036 	
57.706154 	21.540659 	38.470768 	21.023796 	73.790245 	52.430908 	999.000000 	81.252693 	56.515484 	97.800819 	27.018513 	4.242640 	69.339745 	14.142136 	24.083189 	46.400433 	63.007935 	16.401220 	56.080299 	46.690472 	9.486833 	43.863426 	43.185646 	17.464249 	13.000000 	9.899495 	39.204590 	34.985710 	35.114101 	39.000000 	30.594116 	23.409399 	30.016663 	29.068884 	25.238859 	26.076809 	31.144823 	37.121422 	37.054016 	32.984844 	35.805027 	38.209946 	39.051247 	39.824615 	46.097721 	
127.027557 	60.016663 	45.011108 	60.827625 	19.104973 	125.399361 	81.252693 	999.000000 	24.738634 	154.935471 	92.282173 	77.665955 	140.064270 	69.584480 	61.073727 	42.953465 	135.484314 	96.462425 	130.648376 	46.840153 	82.607506 	50.695168 	51.662365 	98.716766 	79.227524 	86.833176 	56.293873 	61.983868 	116.211014 	119.920807 	73.824112 	101.597244 	78.771820 	109.329773 	100.124924 	101.123688 	82.873398 	118.067780 	117.239075 	87.965904 	100.498756 	107.228729 	104.580116 	110.163513 	114.529472 	
104.019226 	35.355339 	21.587032 	36.221542 	22.825424 	101.788994 	56.515484 	24.738634 	999.000000 	134.807266 	68.818604 	52.952808 	117.004272 	45.099888 	37.121422 	23.430750 	112.071404 	71.784401 	106.850365 	28.319605 	58.137768 	31.400637 	32.202484 	73.979729 	55.000000 	62.289646 	35.846897 	40.718548 	91.482239 	95.210297 	51.865211 	77.162170 	56.612720 	84.717178 	76.006577 	77.006493 	60.728905 	93.380943 	92.655273 	65.802734 	77.665955 	84.011902 	81.786308 	86.833176 	91.591484 	
43.000000 	112.307610 	127.534309 	112.805145 	157.410294 	51.088158 	97.800819 	154.935471 	134.807266 	999.000000 	71.867935 	101.533249 	37.643059 	110.385689 	118.848640 	137.767914 	44.147480 	85.158676 	51.788029 	139.989288 	105.759163 	138.293167 	137.884003 	90.553848 	110.353973 	102.961159 	135.003708 	131.912857 	82.219215 	79.511009 	128.316010 	102.122475 	127.121986 	96.020828 	108.166542 	108.115677 	127.283150 	91.547798 	96.519424 	127.424484 	123.146255 	120.004166 	124.016129 	119.067207 	124.257797 	
35.383614 	40.816662 	57.008770 	41.182522 	89.938866 	33.120991 	27.018513 	92.282173 	68.818604 	71.867935 	999.000000 	30.265491 	48.270073 	38.600517 	47.010635 	66.850578 	43.266617 	20.808653 	38.483765 	68.600288 	36.055511 	66.648331 	66.189125 	28.017851 	40.012497 	34.525352 	63.158531 	60.083275 	35.341194 	37.000000 	57.428215 	40.816662 	57.035076 	40.311287 	45.617977 	46.065170 	58.034473 	43.266617 	46.227695 	59.413803 	59.464275 	59.481091 	61.846584 	60.033325 	66.370171 	
61.773781 	17.720045 	34.438351 	17.088007 	69.778221 	56.612720 	4.242640 	77.665955 	52.952808 	101.533249 	30.265491 	999.000000 	73.498299 	9.899495 	19.849434 	42.201897 	67.201187 	20.615528 	60.307545 	42.449970 	8.485281 	39.623226 	38.948685 	21.189621 	10.440307 	10.770329 	35.000000 	30.886890 	39.000000 	42.953465 	27.166155 	25.495098 	27.073973 	32.015621 	26.400757 	27.313000 	28.635643 	40.447498 	40.012497 	31.016125 	35.383614 	38.600517 	38.897301 	40.496914 	46.615448 	
13.038404 	87.863533 	104.690018 	87.965904 	138.191895 	17.000000 	69.339745 	140.064270 	117.004272 	37.643059 	48.270073 	73.498299 	999.000000 	83.234612 	92.800865 	114.109596 	7.071068 	54.120235 	15.132746 	115.256233 	75.591003 	112.800713 	112.200714 	57.939625 	80.529495 	72.013885 	108.466583 	104.307236 	46.270943 	43.046486 	98.386993 	67.911705 	96.254868 	60.671246 	73.979729 	73.756355 	95.634720 	55.009090 	60.008331 	94.868332 	88.645363 	84.593147 	88.955048 	83.294655 	88.051125 	
71.344238 	10.198039 	25.298222 	9.055386 	60.539242 	66.400299 	14.142136 	69.584480 	45.099888 	110.385689 	38.600517 	9.899495 	83.234612 	999.000000 	10.000000 	32.449963 	77.006493 	30.479502 	70.178345 	32.557640 	13.038404 	29.732138 	29.068884 	30.413813 	10.440307 	17.262676 	25.238859 	21.540659 	48.301140 	52.354561 	20.396078 	32.062439 	21.931713 	39.812057 	31.257000 	32.249031 	24.698177 	48.764740 	47.675991 	28.425341 	36.359318 	41.231056 	40.311287 	43.657761 	49.244289 	
80.709358 	8.246211 	16.124516 	7.071068 	50.921509 	76.059189 	24.083189 	61.073727 	37.121422 	118.848640 	47.010635 	19.849434 	92.800865 	10.000000 	999.000000 	22.472204 	86.683334 	40.459858 	79.981247 	22.627417 	22.135944 	20.000000 	19.416489 	40.311287 	18.248287 	26.570660 	16.155495 	14.000000 	58.180752 	62.265560 	18.439089 	40.792156 	22.022715 	49.040798 	39.051247 	40.049969 	25.806976 	58.189346 	56.753853 	30.528675 	41.109608 	47.074409 	45.221676 	49.819675 	54.817879 	
101.671036 	26.248810 	10.440307 	26.172504 	29.427877 	97.621719 	46.400433 	42.953465 	23.430750 	137.767914 	66.850578 	42.201897 	114.109596 	32.449963 	22.472204 	999.000000 	108.245094 	62.801273 	101.833199 	5.000000 	44.283180 	8.062258 	8.944272 	62.769421 	39.924931 	48.754486 	13.341664 	19.104973 	80.622574 	84.723076 	31.064449 	62.297672 	36.055511 	70.936592 	59.665737 	60.638271 	40.112343 	80.230919 	78.434685 	45.177429 	58.008621 	65.030762 	62.032249 	68.066147 	72.027771 	
10.000000 	82.036575 	99.005051 	82.073135 	132.909744 	10.630146 	63.007935 	135.484314 	112.071404 	44.147480 	43.266617 	67.201187 	7.071068 	77.006493 	86.683334 	108.245094 	999.000000 	47.507893 	8.062258 	109.224541 	68.963760 	106.667709 	106.042442 	51.078373 	73.925636 	65.299309 	102.200783 	97.908119 	39.204590 	36.013885 	91.706055 	60.876926 	89.470665 	53.600372 	66.940269 	66.708321 	88.769363 	48.000000 	53.000000 	87.920418 	81.584312 	77.524193 	81.884064 	76.236473 	81.024689 	
43.324360 	37.589893 	54.708317 	37.215588 	89.944427 	37.121422 	16.401220 	96.462425 	71.784401 	85.158676 	20.808653 	20.615528 	54.120235 	30.479502 	40.459858 	62.801273 	47.507893 	999.000000 	40.224369 	63.031738 	21.470911 	60.108234 	59.396969 	7.211102 	26.419689 	18.027756 	55.226807 	50.606323 	20.099751 	23.537205 	44.283180 	20.124611 	42.379242 	20.000000 	25.298222 	25.632011 	42.201897 	25.000000 	26.832815 	42.296574 	39.812057 	39.000000 	41.761227 	39.357338 	45.650848 	
12.041595 	75.742989 	92.849342 	75.690155 	127.200630 	6.000000 	56.080299 	130.648376 	106.850365 	51.788029 	38.483765 	60.307545 	15.132746 	70.178345 	79.981247 	101.833199 	8.062258 	40.224369 	999.000000 	102.591423 	61.587337 	99.904953 	99.247169 	43.382023 	66.573265 	57.801384 	95.268044 	90.801979 	31.144823 	28.000000 	84.219948 	52.886673 	81.841309 	45.541191 	58.940647 	58.694122 	81.024689 	40.012497 	45.011108 	80.056229 	73.545906 	69.462219 	73.824112 	68.183578 	73.006851 	
103.004852 	27.784887 	14.000000 	27.459061 	32.015621 	98.595131 	46.690472 	46.840153 	28.319605 	139.989288 	68.600288 	42.449970 	115.256233 	32.557640 	22.627417 	5.000000 	109.224541 	63.031738 	102.591423 	999.000000 	43.566040 	4.000000 	5.000000 	62.425957 	38.948685 	48.020828 	10.049875 	16.124516 	80.156097 	84.314888 	28.071337 	60.926186 	33.060551 	69.778221 	57.870544 	58.821766 	37.013512 	79.158073 	77.077881 	42.000000 	55.081757 	62.289646 	59.033890 	65.375839 	69.028976 	
64.621979 	23.021729 	38.078865 	22.000000 	73.054771 	58.591808 	9.486833 	82.607506 	58.137768 	105.759163 	36.055511 	8.485281 	75.591003 	13.038404 	22.135944 	44.283180 	68.963760 	21.470911 	61.587337 	43.566040 	999.000000 	40.224369 	39.408119 	19.104973 	5.000000 	4.472136 	34.828148 	29.698484 	36.619667 	40.804413 	22.847319 	19.026299 	21.377558 	26.925823 	18.681541 	19.646883 	22.000000 	36.055511 	34.713108 	23.537205 	26.907248 	30.232433 	30.413813 	32.249031 	38.275318 	
100.687637 	26.000000 	14.560220 	25.495098 	36.013885 	96.046867 	43.863426 	50.695168 	31.400637 	138.293167 	66.648331 	39.623226 	112.800713 	29.732138 	20.000000 	8.062258 	106.667709 	60.108234 	99.904953 	4.000000 	40.224369 	999.000000 	1.000000 	59.203041 	35.510563 	44.654228 	6.082763 	12.165525 	76.843994 	81.024689 	24.083189 	57.271286 	29.068884 	66.189125 	54.083271 	55.027267 	33.015148 	75.591003 	73.409805 	38.000000 	51.088158 	58.309521 	55.036350 	61.400326 	65.030762 	
100.124924 	25.632011 	14.866069 	25.079872 	37.013512 	95.425362 	43.185646 	51.662365 	32.202484 	137.884003 	66.189125 	38.948685 	112.200714 	29.068884 	19.416489 	8.944272 	106.042442 	59.396969 	99.247169 	5.000000 	39.408119 	1.000000 	999.000000 	58.412327 	34.669872 	43.829212 	5.099020 	11.180340 	76.026314 	80.212219 	23.086792 	56.364883 	28.071337 	65.299309 	53.141319 	54.083271 	32.015621 	74.706093 	72.498276 	37.000000 	50.089920 	57.314919 	54.037025 	60.406952 	64.031242 	
48.052055 	38.897301 	55.542778 	38.275318 	90.873535 	41.109608 	17.464249 	98.716766 	73.979729 	90.553848 	28.017851 	21.189621 	57.939625 	30.413813 	40.311287 	62.769421 	51.078373 	7.211102 	43.382023 	62.425957 	19.104973 	59.203041 	58.412327 	999.000000 	24.041630 	14.866069 	53.907330 	48.795490 	17.888544 	21.954498 	41.048752 	13.000000 	38.470768 	13.416408 	18.439089 	18.681541 	37.696156 	20.024984 	20.880613 	37.107952 	33.241539 	31.953091 	34.928497 	32.202484 	38.470768 	
69.462219 	20.615528 	34.365681 	19.416489 	68.963760 	63.529522 	13.000000 	79.227524 	55.000000 	110.353973 	40.012497 	10.440307 	80.529495 	10.440307 	18.248287 	39.924931 	73.925636 	26.419689 	66.573265 	38.948685 	5.000000 	35.510563 	34.669872 	24.041630 	999.000000 	9.219544 	30.000000 	24.758837 	41.400482 	45.607018 	18.027756 	22.561028 	17.029387 	31.016125 	21.023796 	22.022715 	18.248287 	40.311287 	38.600517 	20.615528 	26.400757 	30.870699 	30.232433 	33.241539 	38.910152 	
61.351448 	27.018513 	42.449970 	26.076809 	77.491936 	55.036350 	9.899495 	86.833176 	62.289646 	102.961159 	34.525352 	10.770329 	72.013885 	17.262676 	26.570660 	48.754486 	65.299309 	18.027756 	57.801384 	48.020828 	4.472136 	44.654228 	43.829212 	14.866069 	9.219544 	999.000000 	39.204590 	33.970577 	32.202484 	36.400551 	26.419689 	15.033297 	24.351591 	22.561028 	15.652476 	16.552946 	24.331051 	31.622776 	30.413813 	25.019993 	26.076809 	28.319605 	29.206163 	30.000000 	36.235340 	
96.566040 	23.345236 	16.401220 	22.561028 	42.047592 	91.607857 	39.204590 	56.293873 	35.846897 	135.003708 	63.158531 	35.000000 	108.466583 	25.238859 	16.155495 	13.341664 	102.200783 	55.226807 	95.268044 	10.049875 	34.828148 	6.082763 	5.099020 	53.907330 	30.000000 	39.204590 	999.000000 	6.082763 	71.400284 	75.604233 	18.027756 	51.429562 	23.021729 	60.415230 	48.104053 	49.040798 	27.000000 	69.835518 	67.542580 	32.015621 	45.044422 	52.239830 	49.010204 	55.326305 	59.008472 	
92.660675 	22.090721 	20.000000 	21.023796 	48.093658 	87.367043 	34.985710 	61.983868 	40.718548 	131.912857 	60.083275 	30.886890 	104.307236 	21.540659 	14.000000 	19.104973 	97.908119 	50.606323 	90.801979 	16.124516 	29.698484 	12.165525 	11.180340 	48.795490 	24.758837 	33.970577 	6.082763 	999.000000 	66.068146 	70.292244 	12.000000 	45.650848 	17.000000 	54.708317 	42.154476 	43.081318 	21.023796 	64.140472 	61.717098 	26.076809 	39.012817 	46.173584 	43.000000 	49.254440 	53.000000 	
39.458839 	56.648037 	73.409805 	56.080299 	108.747414 	31.144823 	35.114101 	116.211014 	91.482239 	82.219215 	35.341194 	39.000000 	46.270943 	48.301140 	58.180752 	80.622574 	39.204590 	20.099751 	31.144823 	80.156097 	36.619667 	76.843994 	76.026314 	17.888544 	41.400482 	32.202484 	71.400284 	66.068146 	999.000000 	4.242640 	57.314919 	22.825424 	54.037025 	14.560220 	28.635643 	28.231188 	52.430908 	9.848858 	14.560220 	50.606323 	42.720020 	38.327538 	42.755116 	37.054016 	42.047592 	
37.107952 	60.539242 	77.388626 	60.008331 	112.729767 	28.635643 	39.000000 	119.920807 	95.210297 	79.511009 	37.000000 	42.953465 	43.046486 	52.354561 	62.265560 	84.723076 	36.013885 	23.537205 	28.000000 	84.314888 	40.804413 	81.024689 	80.212219 	21.954498 	45.607018 	36.400551 	75.604233 	70.292244 	4.242640 	999.000000 	61.554855 	26.925823 	58.258045 	18.384777 	32.649654 	32.202484 	56.612720 	12.041595 	17.029387 	54.708317 	46.486557 	41.773197 	46.324940 	40.311287 	45.011108 	
87.464279 	26.076809 	30.463093 	24.698177 	60.074955 	81.394104 	30.594116 	73.824112 	51.865211 	128.316010 	57.428215 	27.166155 	98.386993 	20.396078 	18.439089 	31.064449 	91.706055 	44.283180 	84.219948 	28.071337 	22.847319 	24.083189 	23.086792 	41.048752 	18.027756 	26.419689 	18.027756 	12.000000 	57.314919 	61.554855 	999.000000 	35.608986 	5.000000 	44.821869 	31.384710 	32.249031 	9.055386 	54.203320 	51.312767 	14.142136 	27.018513 	34.234486 	31.000000 	37.336308 	41.000000 	
59.211487 	42.000000 	56.885849 	41.012192 	91.482239 	51.623638 	23.409399 	101.597244 	77.162170 	102.122475 	40.816662 	25.495098 	67.911705 	32.062439 	40.792156 	62.297672 	60.876926 	20.124611 	52.886673 	60.926186 	19.026299 	57.271286 	56.364883 	13.000000 	22.561028 	15.033297 	51.429562 	45.650848 	22.825424 	26.925823 	35.608986 	999.000000 	31.827662 	9.219544 	6.082763 	6.000000 	29.832869 	18.601076 	16.155495 	27.784887 	21.023796 	18.973665 	22.203604 	19.235384 	25.553865 	
85.702972 	29.068884 	35.114101 	27.658634 	65.069191 	79.309517 	30.016663 	78.771820 	56.612720 	127.121986 	57.035076 	27.073973 	96.254868 	21.931713 	22.022715 	36.055511 	89.470665 	42.379242 	81.841309 	33.060551 	21.377558 	29.068884 	28.071337 	38.470768 	17.029387 	24.351591 	23.021729 	17.000000 	54.037025 	58.258045 	5.000000 	31.827662 	999.000000 	41.036568 	27.202942 	28.017851 	4.123106 	50.328918 	47.201694 	9.219544 	22.022715 	29.274563 	26.000000 	32.388271 	36.000000 	
53.037724 	49.365982 	65.000000 	48.507732 	99.929977 	45.011108 	29.068884 	109.329773 	84.717178 	96.020828 	40.311287 	32.015621 	60.671246 	39.812057 	49.040798 	70.936592 	53.600372 	20.000000 	45.541191 	69.778221 	26.925823 	66.189125 	65.299309 	13.416408 	31.016125 	22.561028 	60.415230 	54.708317 	14.560220 	18.384777 	44.821869 	9.219544 	41.036568 	999.000000 	14.422205 	13.892444 	38.948685 	9.433981 	8.000000 	36.619667 	28.160255 	24.020824 	28.284271 	23.086792 	28.635643 	
65.276337 	41.436699 	55.145264 	40.311287 	89.050545 	57.706154 	25.238859 	100.124924 	76.006577 	108.166542 	45.617977 	26.400757 	73.979729 	31.257000 	39.051247 	59.665737 	66.940269 	25.298222 	58.940647 	57.870544 	18.681541 	54.083271 	53.141319 	18.439089 	21.023796 	15.652476 	48.104053 	42.154476 	28.635643 	32.649654 	31.384710 	6.082763 	27.202942 	14.422205 	999.000000 	1.000000 	24.758837 	23.345236 	20.000000 	22.203604 	15.000000 	13.892444 	16.492422 	14.866069 	21.260292 	
65.192024 	42.426407 	56.142673 	41.303753 	90.027771 	57.558666 	26.076809 	101.123688 	77.006493 	108.115677 	46.065170 	27.313000 	73.756355 	32.249031 	40.049969 	60.638271 	66.708321 	25.632011 	58.694122 	58.821766 	19.646883 	55.027267 	54.083271 	18.681541 	22.022715 	16.552946 	49.040798 	43.081318 	28.231188 	32.202484 	32.249031 	6.000000 	28.017851 	13.892444 	1.000000 	999.000000 	25.495098 	22.671568 	19.209373 	22.803509 	15.033297 	13.416408 	16.278820 	14.212670 	20.615528 	
85.440041 	32.526913 	39.217342 	31.112698 	69.028976 	78.771820 	31.144823 	82.873398 	60.728905 	127.283150 	58.034473 	28.635643 	95.634720 	24.698177 	25.806976 	40.112343 	88.769363 	42.201897 	81.024689 	37.013512 	22.000000 	33.015148 	32.015621 	37.696156 	18.248287 	24.331051 	27.000000 	21.023796 	52.430908 	56.612720 	9.055386 	29.832869 	4.123106 	38.948685 	24.758837 	25.495098 	999.000000 	48.083260 	44.687805 	5.099020 	18.110771 	25.495098 	22.022715 	28.635643 	32.015621 	
49.030602 	58.051701 	74.040527 	57.271286 	109.110039 	40.607880 	37.121422 	118.067780 	93.380943 	91.547798 	43.266617 	40.447498 	55.009090 	48.764740 	58.189346 	80.230919 	48.000000 	25.000000 	40.012497 	79.158073 	36.055511 	75.591003 	74.706093 	20.024984 	40.311287 	31.622776 	69.835518 	64.140472 	9.848858 	12.041595 	54.203320 	18.601076 	50.328918 	9.433981 	23.345236 	22.671568 	48.083260 	999.000000 	5.000000 	45.453274 	35.777088 	30.364452 	35.114101 	28.635643 	33.060551 	
53.935146 	57.314919 	72.780495 	56.435802 	107.563934 	45.541191 	37.054016 	117.239075 	92.655273 	96.519424 	46.227695 	40.012497 	60.008331 	47.675991 	56.753853 	78.434685 	53.000000 	26.832815 	45.011108 	77.077881 	34.713108 	73.409805 	72.498276 	20.880613 	38.600517 	30.413813 	67.542580 	61.717098 	14.560220 	17.029387 	51.312767 	16.155495 	47.201694 	8.000000 	20.000000 	19.209373 	44.687805 	5.000000 	999.000000 	41.725292 	31.384710 	25.632011 	30.463093 	23.769728 	28.071337 	
85.146935 	36.878178 	44.271889 	35.468296 	74.006760 	78.160095 	32.984844 	87.965904 	65.802734 	127.424484 	59.413803 	31.016125 	94.868332 	28.425341 	30.528675 	45.177429 	87.920418 	42.296574 	80.056229 	42.000000 	23.537205 	38.000000 	37.000000 	37.107952 	20.615528 	25.019993 	32.015621 	26.076809 	50.606323 	54.708317 	14.142136 	27.784887 	9.219544 	36.619667 	22.203604 	22.803509 	5.099020 	45.453274 	41.725292 	999.000000 	13.341664 	20.880613 	17.117243 	24.041630 	27.073973 	
80.224686 	46.065170 	56.089214 	44.721359 	87.091904 	72.560318 	35.805027 	100.498756 	77.665955 	123.146255 	59.464275 	35.383614 	88.645363 	36.359318 	41.109608 	58.008621 	81.584312 	39.812057 	73.545906 	55.081757 	26.907248 	51.088158 	50.089920 	33.241539 	26.400757 	26.076809 	45.044422 	39.012817 	42.720020 	46.486557 	27.018513 	21.023796 	22.022715 	28.160255 	15.000000 	15.033297 	18.110771 	35.777088 	31.384710 	13.341664 	999.000000 	7.615773 	4.123106 	10.770329 	14.035668 	
77.006493 	51.264023 	62.514000 	49.979996 	94.260277 	69.028976 	38.209946 	107.228729 	84.011902 	120.004166 	59.481091 	38.600517 	84.593147 	41.231056 	47.074409 	65.030762 	77.524193 	39.000000 	69.462219 	62.289646 	30.232433 	58.309521 	57.314919 	31.953091 	30.870699 	28.319605 	52.239830 	46.173584 	38.327538 	41.773197 	34.234486 	18.973665 	29.274563 	24.020824 	13.892444 	13.416408 	25.495098 	30.364452 	25.632011 	20.880613 	7.615773 	999.000000 	5.000000 	3.162278 	8.062258 	
81.024689 	50.089920 	60.207973 	48.754486 	91.049438 	73.171036 	39.051247 	104.580116 	81.786308 	124.016129 	61.846584 	38.897301 	88.955048 	40.311287 	45.221676 	62.032249 	81.884064 	41.761227 	73.824112 	59.033890 	30.413813 	55.036350 	54.037025 	34.928497 	30.232433 	29.206163 	49.010204 	43.000000 	42.755116 	46.324940 	31.000000 	22.203604 	26.000000 	28.284271 	16.492422 	16.278820 	22.022715 	35.114101 	30.463093 	17.117243 	4.123106 	5.000000 	999.000000 	7.810250 	10.000000 	
76.105194 	53.758720 	65.375839 	52.497620 	97.329338 	68.007355 	39.824615 	110.163513 	86.833176 	119.067207 	60.033325 	40.496914 	83.294655 	43.657761 	49.819675 	68.066147 	76.236473 	39.357338 	68.183578 	65.375839 	32.249031 	61.400326 	60.406952 	32.202484 	33.241539 	30.000000 	55.326305 	49.254440 	37.054016 	40.311287 	37.336308 	19.235384 	32.388271 	23.086792 	14.866069 	14.212670 	28.635643 	28.635643 	23.769728 	24.041630 	10.770329 	3.162278 	7.810250 	999.000000 	6.403124 	
81.394104 	59.236813 	70.035706 	57.939625 	101.044548 	73.171036 	46.097721 	114.529472 	91.591484 	124.257797 	66.370171 	46.615448 	88.051125 	49.244289 	54.817879 	72.027771 	81.024689 	45.650848 	73.006851 	69.028976 	38.275318 	65.030762 	64.031242 	38.470768 	38.910152 	36.235340 	59.008472 	53.000000 	42.047592 	45.011108 	41.000000 	25.553865 	36.000000 	28.635643 	21.260292 	20.615528 	32.015621 	33.060551 	28.071337 	27.073973 	14.035668 	8.062258 	10.000000 	6.403124 	999.000000 	

Travel time:
9.000000 	1.885802 	2.302444 	1.890106 	3.132990 	0.213600 	1.442654 	3.175689 	2.600481 	1.075000 	0.884590 	1.544345 	0.325960 	1.783606 	2.017734 	2.541776 	0.250000 	1.083109 	0.301040 	2.575121 	1.615549 	2.517191 	2.503123 	1.201301 	1.736555 	1.533786 	2.414151 	2.316517 	0.986471 	0.927699 	2.186607 	1.480287 	2.142574 	1.325943 	1.631908 	1.629801 	2.136001 	1.225765 	1.348379 	2.128673 	2.005617 	1.925162 	2.025617 	1.902630 	2.034853 	
1.885802 	9.000000 	0.430116 	0.035355 	1.308864 	1.785532 	0.538516 	1.500417 	0.883883 	2.807690 	1.020416 	0.443001 	2.196588 	0.254951 	0.206155 	0.656220 	2.050914 	0.939747 	1.893575 	0.694622 	0.575543 	0.650000 	0.640800 	0.972432 	0.515388 	0.675463 	0.583631 	0.552268 	1.416201 	1.513481 	0.651920 	1.050000 	0.726722 	1.234150 	1.035918 	1.060660 	0.813173 	1.451293 	1.432873 	0.921954 	1.151629 	1.281601 	1.252248 	1.343968 	1.480920 	
2.302444 	0.430116 	9.000000 	0.437321 	0.883530 	2.210345 	0.961769 	1.125278 	0.539676 	3.188358 	1.425219 	0.860959 	2.617250 	0.632456 	0.403113 	0.261008 	2.475126 	1.367708 	2.321234 	0.350000 	0.951972 	0.364006 	0.371652 	1.388569 	0.859142 	1.061249 	0.410031 	0.500000 	1.835245 	1.934716 	0.761577 	1.422146 	0.877853 	1.625000 	1.378632 	1.403567 	0.980434 	1.851013 	1.819512 	1.106797 	1.402230 	1.562850 	1.505199 	1.634396 	1.750893 	
1.890106 	0.035355 	0.437321 	9.000000 	1.319327 	1.786232 	0.525595 	1.520691 	0.905539 	2.820129 	1.029563 	0.427200 	2.199148 	0.226385 	0.176777 	0.654313 	2.051828 	0.930390 	1.892254 	0.686477 	0.550000 	0.637377 	0.626997 	0.956883 	0.485412 	0.651920 	0.564026 	0.525595 	1.402007 	1.500208 	0.617454 	1.025305 	0.691466 	1.212693 	1.007782 	1.032594 	0.777817 	1.431782 	1.410895 	0.886707 	1.118034 	1.249500 	1.218862 	1.312441 	1.448491 	
3.132990 	1.308864 	0.883530 	1.319327 	9.000000 	3.061046 	1.844756 	0.477624 	0.570636 	3.935257 	2.248472 	1.744456 	3.454797 	1.513481 	1.273038 	0.735697 	3.322744 	2.248611 	3.180016 	0.800391 	1.826369 	0.900347 	0.925338 	2.271838 	1.724094 	1.937298 	1.051190 	1.202341 	2.718685 	2.818244 	1.501874 	2.287056 	1.626730 	2.498250 	2.226264 	2.250694 	1.725724 	2.727751 	2.689098 	1.850169 	2.177298 	2.356507 	2.276236 	2.433233 	2.526114 	
0.213600 	1.785532 	2.210345 	1.786232 	3.061046 	9.000000 	1.310773 	3.134984 	2.544725 	1.277204 	0.828025 	1.415318 	0.425000 	1.660007 	1.901480 	2.440543 	0.265754 	0.928036 	0.150000 	2.464878 	1.464795 	2.401172 	2.385634 	1.027740 	1.588238 	1.375909 	2.290196 	2.184176 	0.778621 	0.715891 	2.034853 	1.290591 	1.982738 	1.125278 	1.442654 	1.438967 	1.969296 	1.015197 	1.138530 	1.954002 	1.814008 	1.725724 	1.829276 	1.700184 	1.829276 	
1.442654 	0.538516 	0.961769 	0.525595 	1.844756 	1.310773 	9.000000 	2.031317 	1.412887 	2.445020 	0.675463 	0.106066 	1.733494 	0.353553 	0.602080 	1.160011 	1.575198 	0.410031 	1.402007 	1.167262 	0.237171 	1.096586 	1.079641 	0.436606 	0.325000 	0.247487 	0.980115 	0.874643 	0.877853 	0.975000 	0.764853 	0.585235 	0.750417 	0.726722 	0.630971 	0.651920 	0.778621 	0.928036 	0.926350 	0.824621 	0.895126 	0.955249 	0.976281 	0.995615 	1.152443 	
3.175689 	1.500417 	1.125278 	1.520691 	0.477624 	3.134984 	2.031317 	9.000000 	0.618466 	3.873387 	2.307054 	1.941649 	3.501607 	1.739612 	1.526843 	1.073837 	3.387108 	2.411561 	3.266209 	1.171004 	2.065188 	1.267379 	1.291559 	2.467919 	1.980688 	2.170829 	1.407347 	1.549597 	2.905275 	2.998020 	1.845603 	2.539931 	1.969296 	2.733244 	2.503123 	2.528092 	2.071835 	2.951694 	2.930977 	2.199148 	2.512469 	2.680718 	2.614503 	2.754088 	2.863237 	
2.600481 	0.883883 	0.539676 	0.905539 	0.570636 	2.544725 	1.412887 	0.618466 	9.000000 	3.370182 	1.720465 	1.323820 	2.925107 	1.127497 	0.928036 	0.585769 	2.801785 	1.794610 	2.671259 	0.707990 	1.453444 	0.785016 	0.805062 	1.849493 	1.375000 	1.557241 	0.896172 	1.017964 	2.287056 	2.380257 	1.296630 	1.929054 	1.415318 	2.117929 	1.900164 	1.925162 	1.518223 	2.334524 	2.316382 	1.645068 	1.941649 	2.100297 	2.044658 	2.170829 	2.289787 	
1.075000 	2.807690 	3.188358 	2.820129 	3.935257 	1.277204 	2.445020 	3.873387 	3.370182 	9.000000 	1.796698 	2.538331 	0.941076 	2.759642 	2.971216 	3.444198 	1.103687 	2.128967 	1.294701 	3.499732 	2.643979 	3.457329 	3.447100 	2.263846 	2.758849 	2.574029 	3.375093 	3.297822 	2.055480 	1.987775 	3.207900 	2.553062 	3.178050 	2.400521 	2.704164 	2.702892 	3.182079 	2.288695 	2.412986 	3.185612 	3.078656 	3.000104 	3.100403 	2.976680 	3.106445 	
0.884590 	1.020416 	1.425219 	1.029563 	2.248472 	0.828025 	0.675463 	2.307054 	1.720465 	1.796698 	9.000000 	0.756637 	1.206752 	0.965013 	1.175266 	1.671264 	1.081665 	0.520216 	0.962094 	1.715007 	0.901388 	1.666208 	1.654728 	0.700446 	1.000312 	0.863134 	1.578963 	1.502082 	0.883530 	0.925000 	1.435705 	1.020416 	1.425877 	1.007782 	1.140449 	1.151629 	1.450862 	1.081665 	1.155692 	1.485345 	1.486607 	1.487027 	1.546165 	1.500833 	1.659254 	
1.544345 	0.443001 	0.860959 	0.427200 	1.744456 	1.415318 	0.106066 	1.941649 	1.323820 	2.538331 	0.756637 	9.000000 	1.837457 	0.247487 	0.496236 	1.055047 	1.680030 	0.515388 	1.507689 	1.061249 	0.212132 	0.990581 	0.973717 	0.529741 	0.261008 	0.269258 	0.875000 	0.772172 	0.975000 	1.073837 	0.679154 	0.637377 	0.676849 	0.800391 	0.660019 	0.682825 	0.715891 	1.011187 	1.000312 	0.775403 	0.884590 	0.965013 	0.972432 	1.012423 	1.165386 	
0.325960 	2.196588 	2.617250 	2.199148 	3.454797 	0.425000 	1.733494 	3.501607 	2.925107 	0.941076 	1.206752 	1.837457 	9.000000 	2.080865 	2.320022 	2.852740 	0.176777 	1.353006 	0.378319 	2.881406 	1.889775 	2.820018 	2.805018 	1.448491 	2.013237 	1.800347 	2.711665 	2.607681 	1.156774 	1.076162 	2.459675 	1.697793 	2.406372 	1.516781 	1.849493 	1.843909 	2.390868 	1.375227 	1.500208 	2.371708 	2.216134 	2.114829 	2.223876 	2.082366 	2.201278 	
1.783606 	0.254951 	0.632456 	0.226385 	1.513481 	1.660007 	0.353553 	1.739612 	1.127497 	2.759642 	0.965013 	0.247487 	2.080865 	9.000000 	0.250000 	0.811249 	1.925162 	0.761988 	1.754459 	0.813941 	0.325960 	0.743303 	0.726722 	0.760345 	0.261008 	0.431567 	0.630971 	0.538516 	1.207528 	1.308864 	0.509902 	0.801561 	0.548293 	0.995301 	0.781425 	0.806226 	0.617454 	1.219118 	1.191900 	0.710634 	0.908983 	1.030776 	1.007782 	1.091444 	1.231107 	
2.017734 	0.206155 	0.403113 	0.176777 	1.273038 	1.901480 	0.602080 	1.526843 	0.928036 	2.971216 	1.175266 	0.496236 	2.320022 	0.250000 	9.000000 	0.561805 	2.167083 	1.011496 	1.999531 	0.565685 	0.553399 	0.500000 	0.485412 	1.007782 	0.456207 	0.664266 	0.403887 	0.350000 	1.454519 	1.556639 	0.460977 	1.019804 	0.550568 	1.226020 	0.976281 	1.001249 	0.645174 	1.454734 	1.418846 	0.763217 	1.027740 	1.176860 	1.130542 	1.245492 	1.370447 	
2.541776 	0.656220 	0.261008 	0.654313 	0.735697 	2.440543 	1.160011 	1.073837 	0.585769 	3.444198 	1.671264 	1.055047 	2.852740 	0.811249 	0.561805 	9.000000 	2.706127 	1.570032 	2.545830 	0.125000 	1.107080 	0.201556 	0.223607 	1.569236 	0.998123 	1.218862 	0.333542 	0.477624 	2.015564 	2.118077 	0.776611 	1.557442 	0.901388 	1.773415 	1.491643 	1.515957 	1.002809 	2.005773 	1.960867 	1.129436 	1.450216 	1.625769 	1.550806 	1.701654 	1.800694 	
0.250000 	2.050914 	2.475126 	2.051828 	3.322744 	0.265754 	1.575198 	3.387108 	2.801785 	1.103687 	1.081665 	1.680030 	0.176777 	1.925162 	2.167083 	2.706127 	9.000000 	1.187697 	0.201556 	2.730613 	1.724094 	2.666693 	2.651061 	1.276959 	1.848141 	1.632483 	2.555020 	2.447703 	0.980115 	0.900347 	2.292651 	1.521923 	2.236767 	1.340009 	1.673507 	1.667708 	2.219234 	1.200000 	1.325000 	2.198010 	2.039608 	1.938105 	2.047101 	1.905912 	2.025617 	
1.083109 	0.939747 	1.367708 	0.930390 	2.248611 	0.928036 	0.410031 	2.411561 	1.794610 	2.128967 	0.520216 	0.515388 	1.353006 	0.761988 	1.011496 	1.570032 	1.187697 	9.000000 	1.005609 	1.575794 	0.536773 	1.502706 	1.484924 	0.180278 	0.660492 	0.450694 	1.380670 	1.265158 	0.502494 	0.588430 	1.107080 	0.503115 	1.059481 	0.500000 	0.632456 	0.640800 	1.055047 	0.625000 	0.670820 	1.057414 	0.995301 	0.975000 	1.044031 	0.983933 	1.141271 	
0.301040 	1.893575 	2.321234 	1.892254 	3.180016 	0.150000 	1.402007 	3.266209 	2.671259 	1.294701 	0.962094 	1.507689 	0.378319 	1.754459 	1.999531 	2.545830 	0.201556 	1.005609 	9.000000 	2.564785 	1.539683 	2.497624 	2.481179 	1.084551 	1.664332 	1.445035 	2.381701 	2.270050 	0.778621 	0.700000 	2.105499 	1.322167 	2.046033 	1.138530 	1.473516 	1.467353 	2.025617 	1.000312 	1.125278 	2.001406 	1.838648 	1.736555 	1.845603 	1.704589 	1.825171 	
2.575121 	0.694622 	0.350000 	0.686477 	0.800391 	2.464878 	1.167262 	1.171004 	0.707990 	3.499732 	1.715007 	1.061249 	2.881406 	0.813941 	0.565685 	0.125000 	2.730613 	1.575794 	2.564785 	9.000000 	1.089151 	0.100000 	0.125000 	1.560649 	0.973717 	1.200521 	0.251247 	0.403113 	2.003902 	2.107872 	0.701783 	1.523155 	0.826514 	1.744456 	1.446764 	1.470544 	0.925338 	1.978952 	1.926947 	1.050000 	1.377044 	1.557241 	1.475847 	1.634396 	1.725724 	
1.615549 	0.575543 	0.951972 	0.550000 	1.826369 	1.464795 	0.237171 	2.065188 	1.453444 	2.643979 	0.901388 	0.212132 	1.889775 	0.325960 	0.553399 	1.107080 	1.724094 	0.536773 	1.539683 	1.089151 	9.000000 	1.005609 	0.985203 	0.477624 	0.125000 	0.111803 	0.870704 	0.742462 	0.915492 	1.020110 	0.571183 	0.475657 	0.534439 	0.673146 	0.467039 	0.491172 	0.550000 	0.901388 	0.867828 	0.588430 	0.672681 	0.755811 	0.760345 	0.806226 	0.956883 	
2.517191 	0.650000 	0.364006 	0.637377 	0.900347 	2.401172 	1.096586 	1.267379 	0.785016 	3.457329 	1.666208 	0.990581 	2.820018 	0.743303 	0.500000 	0.201556 	2.666693 	1.502706 	2.497624 	0.100000 	1.005609 	9.000000 	0.025000 	1.480076 	0.887764 	1.116356 	0.152069 	0.304138 	1.921100 	2.025617 	0.602080 	1.431782 	0.726722 	1.654728 	1.352082 	1.375682 	0.825379 	1.889775 	1.835245 	0.950000 	1.277204 	1.457738 	1.375909 	1.535008 	1.625769 	
2.503123 	0.640800 	0.371652 	0.626997 	0.925338 	2.385634 	1.079641 	1.291559 	0.805062 	3.447100 	1.654728 	0.973717 	2.805018 	0.726722 	0.485412 	0.223607 	2.651061 	1.484924 	2.481179 	0.125000 	0.985203 	0.025000 	9.000000 	1.460308 	0.866747 	1.095730 	0.127475 	0.279509 	1.900658 	2.005306 	0.577170 	1.409122 	0.701783 	1.632483 	1.328533 	1.352082 	0.800391 	1.867652 	1.812457 	0.925000 	1.252248 	1.432873 	1.350926 	1.510174 	1.600781 	
1.201301 	0.972432 	1.388569 	0.956883 	2.271838 	1.027740 	0.436606 	2.467919 	1.849493 	2.263846 	0.700446 	0.529741 	1.448491 	0.760345 	1.007782 	1.569236 	1.276959 	0.180278 	1.084551 	1.560649 	0.477624 	1.480076 	1.460308 	9.000000 	0.601041 	0.371652 	1.347683 	1.219887 	0.447214 	0.548862 	1.026219 	0.325000 	0.961769 	0.335410 	0.460977 	0.467039 	0.942404 	0.500625 	0.522015 	0.927699 	0.831038 	0.798827 	0.873212 	0.805062 	0.961769 	
1.736555 	0.515388 	0.859142 	0.485412 	1.724094 	1.588238 	0.325000 	1.980688 	1.375000 	2.758849 	1.000312 	0.261008 	2.013237 	0.261008 	0.456207 	0.998123 	1.848141 	0.660492 	1.664332 	0.973717 	0.125000 	0.887764 	0.866747 	0.601041 	9.000000 	0.230489 	0.750000 	0.618971 	1.035012 	1.140175 	0.450694 	0.564026 	0.425735 	0.775403 	0.525595 	0.550568 	0.456207 	1.007782 	0.965013 	0.515388 	0.660019 	0.771767 	0.755811 	0.831038 	0.972754 	
1.533786 	0.675463 	1.061249 	0.651920 	1.937298 	1.375909 	0.247487 	2.170829 	1.557241 	2.574029 	0.863134 	0.269258 	1.800347 	0.431567 	0.664266 	1.218862 	1.632483 	0.450694 	1.445035 	1.200521 	0.111803 	1.116356 	1.095730 	0.371652 	0.230489 	9.000000 	0.980115 	0.849264 	0.805062 	0.910014 	0.660492 	0.375832 	0.608790 	0.564026 	0.391312 	0.413824 	0.608276 	0.790569 	0.760345 	0.625500 	0.651920 	0.707990 	0.730154 	0.750000 	0.905883 	
2.414151 	0.583631 	0.410031 	0.564026 	1.051190 	2.290196 	0.980115 	1.407347 	0.896172 	3.375093 	1.578963 	0.875000 	2.711665 	0.630971 	0.403887 	0.333542 	2.555020 	1.380670 	2.381701 	0.251247 	0.870704 	0.152069 	0.127475 	1.347683 	0.750000 	0.980115 	9.000000 	0.152069 	1.785007 	1.890106 	0.450694 	1.285739 	0.575543 	1.510381 	1.202601 	1.226020 	0.675000 	1.745888 	1.688565 	0.800391 	1.126111 	1.305996 	1.225255 	1.383158 	1.475212 	
2.316517 	0.552268 	0.500000 	0.525595 	1.202341 	2.184176 	0.874643 	1.549597 	1.017964 	3.297822 	1.502082 	0.772172 	2.607681 	0.538516 	0.350000 	0.477624 	2.447703 	1.265158 	2.270050 	0.403113 	0.742462 	0.304138 	0.279509 	1.219887 	0.618971 	0.849264 	0.152069 	9.000000 	1.651704 	1.757306 	0.300000 	1.141271 	0.425000 	1.367708 	1.053862 	1.077033 	0.525595 	1.603512 	1.542928 	0.651920 	0.975320 	1.154340 	1.075000 	1.231361 	1.325000 	
0.986471 	1.416201 	1.835245 	1.402007 	2.718685 	0.778621 	0.877853 	2.905275 	2.287056 	2.055480 	0.883530 	0.975000 	1.156774 	1.207528 	1.454519 	2.015564 	0.980115 	0.502494 	0.778621 	2.003902 	0.915492 	1.921100 	1.900658 	0.447214 	1.035012 	0.805062 	1.785007 	1.651704 	9.000000 	0.106066 	1.432873 	0.570636 	1.350926 	0.364006 	0.715891 	0.705780 	1.310773 	0.246221 	0.364006 	1.265158 	1.068001 	0.958188 	1.068878 	0.926350 	1.051190 	
0.927699 	1.513481 	1.934716 	1.500208 	2.818244 	0.715891 	0.975000 	2.998020 	2.380257 	1.987775 	0.925000 	1.073837 	1.076162 	1.308864 	1.556639 	2.118077 	0.900347 	0.588430 	0.700000 	2.107872 	1.020110 	2.025617 	2.005306 	0.548862 	1.140175 	0.910014 	1.890106 	1.757306 	0.106066 	9.000000 	1.538871 	0.673146 	1.456451 	0.459619 	0.816241 	0.805062 	1.415318 	0.301040 	0.425735 	1.367708 	1.162164 	1.044330 	1.158123 	1.007782 	1.125278 	
2.186607 	0.651920 	0.761577 	0.617454 	1.501874 	2.034853 	0.764853 	1.845603 	1.296630 	3.207900 	1.435705 	0.679154 	2.459675 	0.509902 	0.460977 	0.776611 	2.292651 	1.107080 	2.105499 	0.701783 	0.571183 	0.602080 	0.577170 	1.026219 	0.450694 	0.660492 	0.450694 	0.300000 	1.432873 	1.538871 	9.000000 	0.890225 	0.125000 	1.120547 	0.784618 	0.806226 	0.226385 	1.355083 	1.282819 	0.353553 	0.675463 	0.855862 	0.775000 	0.933408 	1.025000 	
1.480287 	1.050000 	1.422146 	1.025305 	2.287056 	1.290591 	0.585235 	2.539931 	1.929054 	2.553062 	1.020416 	0.637377 	1.697793 	0.801561 	1.019804 	1.557442 	1.521923 	0.503115 	1.322167 	1.523155 	0.475657 	1.431782 	1.409122 	0.325000 	0.564026 	0.375832 	1.285739 	1.141271 	0.570636 	0.673146 	0.890225 	9.000000 	0.795692 	0.230489 	0.152069 	0.150000 	0.745822 	0.465027 	0.403887 	0.694622 	0.525595 	0.474342 	0.555090 	0.480885 	0.638847 	
2.142574 	0.726722 	0.877853 	0.691466 	1.626730 	1.982738 	0.750417 	1.969296 	1.415318 	3.178050 	1.425877 	0.676849 	2.406372 	0.548293 	0.550568 	0.901388 	2.236767 	1.059481 	2.046033 	0.826514 	0.534439 	0.726722 	0.701783 	0.961769 	0.425735 	0.608790 	0.575543 	0.425000 	1.350926 	1.456451 	0.125000 	0.795692 	9.000000 	1.025914 	0.680074 	0.700446 	0.103078 	1.258223 	1.180042 	0.230489 	0.550568 	0.731864 	0.650000 	0.809707 	0.900000 	
1.325943 	1.234150 	1.625000 	1.212693 	2.498250 	1.125278 	0.726722 	2.733244 	2.117929 	2.400521 	1.007782 	0.800391 	1.516781 	0.995301 	1.226020 	1.773415 	1.340009 	0.500000 	1.138530 	1.744456 	0.673146 	1.654728 	1.632483 	0.335410 	0.775403 	0.564026 	1.510381 	1.367708 	0.364006 	0.459619 	1.120547 	0.230489 	1.025914 	9.000000 	0.360555 	0.347311 	0.973717 	0.235850 	0.200000 	0.915492 	0.704006 	0.600521 	0.707107 	0.577170 	0.715891 	
1.631908 	1.035918 	1.378632 	1.007782 	2.226264 	1.442654 	0.630971 	2.503123 	1.900164 	2.704164 	1.140449 	0.660019 	1.849493 	0.781425 	0.976281 	1.491643 	1.673507 	0.632456 	1.473516 	1.446764 	0.467039 	1.352082 	1.328533 	0.460977 	0.525595 	0.391312 	1.202601 	1.053862 	0.715891 	0.816241 	0.784618 	0.152069 	0.680074 	0.360555 	9.000000 	0.025000 	0.618971 	0.583631 	0.500000 	0.555090 	0.375000 	0.347311 	0.412311 	0.371652 	0.531507 	
1.629801 	1.060660 	1.403567 	1.032594 	2.250694 	1.438967 	0.651920 	2.528092 	1.925162 	2.702892 	1.151629 	0.682825 	1.843909 	0.806226 	1.001249 	1.515957 	1.667708 	0.640800 	1.467353 	1.470544 	0.491172 	1.375682 	1.352082 	0.467039 	0.550568 	0.413824 	1.226020 	1.077033 	0.705780 	0.805062 	0.806226 	0.150000 	0.700446 	0.347311 	0.025000 	9.000000 	0.637377 	0.566789 	0.480234 	0.570088 	0.375832 	0.335410 	0.406971 	0.355317 	0.515388 	
2.136001 	0.813173 	0.980434 	0.777817 	1.725724 	1.969296 	0.778621 	2.071835 	1.518223 	3.182079 	1.450862 	0.715891 	2.390868 	0.617454 	0.645174 	1.002809 	2.219234 	1.055047 	2.025617 	0.925338 	0.550000 	0.825379 	0.800391 	0.942404 	0.456207 	0.608276 	0.675000 	0.525595 	1.310773 	1.415318 	0.226385 	0.745822 	0.103078 	0.973717 	0.618971 	0.637377 	9.000000 	1.202081 	1.117195 	0.127475 	0.452769 	0.637377 	0.550568 	0.715891 	0.800391 	
1.225765 	1.451293 	1.851013 	1.431782 	2.727751 	1.015197 	0.928036 	2.951694 	2.334524 	2.288695 	1.081665 	1.011187 	1.375227 	1.219118 	1.454734 	2.005773 	1.200000 	0.625000 	1.000312 	1.978952 	0.901388 	1.889775 	1.867652 	0.500625 	1.007782 	0.790569 	1.745888 	1.603512 	0.246221 	0.301040 	1.355083 	0.465027 	1.258223 	0.235850 	0.583631 	0.566789 	1.202081 	9.000000 	0.125000 	1.136332 	0.894427 	0.759111 	0.877853 	0.715891 	0.826514 	
