Total assets = 579
Number of asset nodes = 34

Distance:
999.000000 	70.092796 	20.124611 	61.220913 	77.897369 	61.400326 	9.848858 	12.369317 	56.080299 	90.210861 	30.413813 	86.214851 	55.758408 	63.285069 	67.601776 	47.853943 	26.907248 	57.306194 	66.573265 	87.458565 	21.954498 	30.413813 	18.248287 	88.814415 	51.244511 	86.533234 	85.982559 	36.013885 	55.973209 	48.270073 	82.492424 	78.714676 	31.764761 	30.805843 	74.000000 	48.166378 	72.532753 	43.416588 	54.083271 	54.147945 	72.567207 	41.593269 	46.097721 	72.691124 	69.065186 	66.753281 	70.349129 	66.287254 	72.034714 	
70.092796 	999.000000 	50.990196 	9.848858 	7.810250 	10.440307 	79.195961 	80.659782 	16.492422 	26.019224 	97.097885 	21.023796 	82.000000 	60.166435 	111.879402 	27.513634 	96.896851 	19.104973 	11.704700 	17.888544 	91.241440 	47.413078 	85.146935 	20.615528 	32.140316 	20.024984 	20.000000 	48.703182 	29.017237 	36.345562 	19.646883 	21.095022 	66.483078 	70.384659 	29.206163 	51.156624 	33.286633 	58.855755 	50.039986 	51.039200 	37.215588 	67.683083 	66.753281 	42.059483 	52.810986 	58.694122 	56.920998 	61.392181 	66.483078 	
20.124611 	50.990196 	999.000000 	41.725292 	58.728188 	41.773197 	28.425341 	29.698484 	38.470768 	72.945183 	50.000000 	68.600288 	61.220913 	59.093147 	80.653580 	27.730848 	46.227695 	37.215588 	46.615448 	67.941154 	40.311287 	12.649111 	34.205261 	69.028976 	31.575306 	66.610809 	66.030296 	19.697716 	36.138622 	29.068884 	62.433964 	58.591808 	26.000000 	27.892651 	54.120235 	32.695564 	52.952808 	31.240999 	37.947330 	38.275318 	53.338543 	33.837849 	36.878178 	54.009258 	52.392746 	51.623638 	54.405884 	51.894123 	58.137768 	
61.220913 	9.848858 	41.725292 	999.000000 	17.204651 	1.414214 	70.092796 	71.421288 	13.000000 	35.355339 	89.067390 	30.413813 	78.517517 	59.506302 	107.116760 	17.720045 	87.863533 	10.198039 	8.246211 	26.248810 	82.036575 	37.589893 	75.742989 	27.784887 	23.021729 	26.000000 	25.632011 	38.897301 	20.615528 	27.018513 	23.345236 	22.090721 	56.648037 	60.539242 	26.076809 	42.000000 	29.068884 	49.365982 	41.436699 	42.426407 	32.526913 	58.051701 	57.314919 	36.878178 	46.065170 	51.264023 	50.089920 	53.758720 	59.236813 	
77.897369 	7.810250 	58.728188 	17.204651 	999.000000 	17.492855 	86.977005 	88.413803 	23.769728 	21.587032 	104.847511 	16.763054 	88.141930 	64.938431 	118.532700 	34.438351 	104.690018 	25.298222 	16.124516 	10.440307 	99.005051 	54.708317 	92.849342 	14.000000 	38.078865 	14.560220 	14.866069 	55.542778 	34.365681 	42.449970 	16.401220 	20.000000 	73.409805 	77.388626 	30.463093 	56.885849 	35.114101 	65.000000 	55.145264 	56.142673 	39.217342 	74.040527 	72.780495 	44.271889 	56.089214 	62.514000 	60.207973 	65.375839 	70.035706 	
61.400326 	10.440307 	41.773197 	1.414214 	17.492855 	999.000000 	70.178345 	71.449280 	14.317822 	36.221542 	89.470665 	31.257000 	79.630394 	60.835846 	108.074051 	17.088007 	87.965904 	9.055386 	7.071068 	26.172504 	82.073135 	37.215588 	75.690155 	27.459061 	22.000000 	25.495098 	25.079872 	38.275318 	19.416489 	26.076809 	22.561028 	21.023796 	56.080299 	60.008331 	24.698177 	41.012192 	27.658634 	48.507732 	40.311287 	41.303753 	31.112698 	57.271286 	56.435802 	35.468296 	44.721359 	49.979996 	48.754486 	52.497620 	57.939625 	
9.848858 	79.195961 	28.425341 	70.092796 	86.977005 	70.178345 	999.000000 	3.162278 	65.604881 	99.864906 	26.305893 	95.801880 	61.741398 	72.027771 	69.202599 	55.758408 	17.804493 	65.459915 	75.000000 	96.332756 	12.206555 	36.769554 	9.055386 	97.452553 	58.180752 	95.000000 	94.403389 	41.231056 	63.071388 	54.781384 	90.697296 	86.608315 	32.557640 	30.364452 	81.024689 	52.239830 	79.120163 	46.043457 	58.309521 	58.215118 	78.746429 	42.201897 	47.074409 	78.339005 	73.246162 	70.007141 	74.027023 	69.115845 	74.431175 	
12.369317 	80.659782 	29.698484 	71.421288 	88.413803 	71.449280 	3.162278 	999.000000 	67.424034 	101.788994 	27.892651 	97.652443 	64.884514 	75.059975 	71.840103 	56.612720 	17.000000 	66.400299 	76.059189 	97.621719 	10.630146 	37.121422 	6.000000 	98.595131 	58.591808 	96.046867 	95.425362 	41.109608 	63.529522 	55.036350 	91.607857 	87.367043 	31.144823 	28.635643 	81.394104 	51.623638 	79.309517 	45.011108 	57.706154 	57.558666 	78.771820 	40.607880 	45.541191 	78.160095 	72.560318 	69.028976 	73.171036 	68.007355 	73.171036 	
56.080299 	16.492422 	38.470768 	13.000000 	23.769728 	14.317822 	65.604881 	67.424034 	999.000000 	34.481880 	81.608826 	30.232433 	66.121101 	46.518814 	95.524864 	23.086792 	82.975899 	20.518284 	21.189621 	34.176014 	77.801025 	38.470768 	72.401657 	37.107952 	30.870699 	36.345562 	36.221542 	42.000000 	30.232433 	33.837849 	35.014282 	34.713108 	58.549126 	61.983868 	38.948685 	48.507732 	41.617306 	54.332310 	49.396355 	50.328918 	44.821869 	62.008064 	62.289646 	48.836460 	56.612720 	60.901562 	60.464867 	63.063461 	68.963760 	
90.210861 	26.019224 	72.945183 	35.355339 	21.587032 	36.221542 	99.864906 	101.788994 	34.481880 	999.000000 	113.899078 	5.000000 	86.977005 	59.841457 	118.928551 	52.952808 	117.004272 	45.099888 	37.121422 	23.430750 	112.071404 	71.784401 	106.850365 	28.319605 	58.137768 	31.400637 	32.202484 	73.979729 	55.000000 	62.289646 	35.846897 	40.718548 	91.482239 	95.210297 	51.865211 	77.162170 	56.612720 	84.717178 	76.006577 	77.006493 	60.728905 	93.380943 	92.655273 	65.802734 	77.665955 	84.011902 	81.786308 	86.833176 	91.591484 	
30.413813 	97.097885 	50.000000 	89.067390 	104.847511 	89.470665 	26.305893 	27.892651 	81.608826 	113.899078 	999.000000 	110.535065 	52.000000 	72.111023 	47.801674 	77.491936 	19.209373 	86.539009 	95.273293 	114.908661 	23.600847 	60.827625 	29.966648 	116.846054 	81.492332 	114.947815 	114.490173 	66.272163 	86.127815 	78.644768 	111.400177 	108.078674 	58.855755 	56.515484 	104.120125 	78.006409 	102.839684 	72.249565 	84.023804 	84.005951 	102.961159 	68.447060 	73.348480 	103.097038 	99.020203 	96.130119 	100.019997 	95.336250 	100.717430 	
86.214851 	21.023796 	68.600288 	30.413813 	16.763054 	31.257000 	95.801880 	97.652443 	30.232433 	5.000000 	110.535065 	999.000000 	85.615417 	59.211487 	117.341385 	48.052055 	113.070778 	40.112343 	32.140316 	19.849434 	108.004631 	67.067131 	102.625534 	24.839485 	53.150730 	27.586229 	28.319605 	69.123077 	50.000000 	57.314919 	31.622776 	36.235340 	86.683334 	90.443352 	47.169907 	72.173401 	51.865211 	79.762146 	71.007042 	72.006943 	55.973209 	88.459030 	87.692642 	61.032780 	72.780495 	79.075912 	76.902534 	81.884064 	86.683334 	
55.758408 	82.000000 	61.220913 	78.517517 	88.141930 	79.630394 	61.741398 	64.884514 	66.121101 	86.977005 	52.000000 	85.615417 	999.000000 	28.844410 	32.202484 	77.491936 	68.066147 	82.225304 	86.700638 	98.325989 	68.680420 	73.239334 	70.384659 	102.122475 	85.234970 	102.004898 	102.000000 	80.448738 	87.920418 	85.000000 	101.123688 	100.603180 	84.899940 	85.146935 	102.610916 	93.193344 	103.846039 	92.455391 	97.754799 	98.270035 	105.948097 	94.047859 	97.672920 	108.503456 	110.909874 	111.646767 	113.648582 	112.361023 	118.726578 	
63.285069 	60.166435 	59.093147 	59.506302 	64.938431 	60.835846 	72.027771 	75.059975 	46.518814 	59.841457 	72.111023 	59.211487 	28.844410 	999.000000 	60.901562 	64.536812 	83.862984 	66.037865 	67.623962 	74.431175 	82.152298 	68.264191 	81.055534 	78.771820 	73.000000 	79.429214 	79.624115 	74.886581 	74.202423 	74.249580 	79.812279 	80.653580 	85.088188 	86.729462 	85.422478 	86.052307 	87.817993 	88.204308 	89.196411 	89.938866 	90.735878 	92.590500 	95.015785 	94.302704 	99.904953 	102.532921 	103.324730 	104.004807 	110.344917 	
67.601776 	111.879402 	80.653580 	107.116760 	118.532700 	108.074051 	69.202599 	71.840103 	95.524864 	118.928551 	47.801674 	117.341385 	32.202484 	60.901562 	999.000000 	102.703453 	67.007462 	109.114616 	115.039124 	128.891434 	70.767227 	93.300591 	75.742989 	132.370697 	109.489723 	131.855988 	131.745972 	100.244698 	113.000000 	108.258949 	130.311172 	129.034882 	99.362968 	98.270035 	129.313568 	113.216606 	129.757462 	110.168053 	118.595955 	118.903320 	131.240234 	109.178749 	113.600174 	133.003754 	132.966156 	132.189255 	135.059250 	132.257324 	138.350998 	
47.853943 	27.513634 	27.730848 	17.720045 	34.438351 	17.088007 	55.758408 	56.612720 	23.086792 	52.952808 	77.491936 	48.052055 	77.491936 	64.536812 	102.703453 	999.000000 	73.498299 	9.899495 	19.849434 	42.201897 	67.201187 	20.615528 	60.307545 	42.449970 	8.485281 	39.623226 	38.948685 	21.189621 	10.440307 	10.770329 	35.000000 	30.886890 	39.000000 	42.953465 	27.166155 	25.495098 	27.073973 	32.015621 	26.400757 	27.313000 	28.635643 	40.447498 	40.012497 	31.016125 	35.383614 	38.600517 	38.897301 	40.496914 	46.615448 	
26.907248 	96.896851 	46.227695 	87.863533 	104.690018 	87.965904 	17.804493 	17.000000 	82.975899 	117.004272 	19.209373 	113.070778 	68.066147 	83.862984 	67.007462 	73.498299 	999.000000 	83.234612 	92.800865 	114.109596 	7.071068 	54.120235 	15.132746 	115.256233 	75.591003 	112.800713 	112.200714 	57.939625 	80.529495 	72.013885 	108.466583 	104.307236 	46.270943 	43.046486 	98.386993 	67.911705 	96.254868 	60.671246 	73.979729 	73.756355 	95.634720 	55.009090 	60.008331 	94.868332 	88.645363 	84.593147 	88.955048 	83.294655 	88.051125 	
57.306194 	19.104973 	37.215588 	10.198039 	25.298222 	9.055386 	65.459915 	66.400299 	20.518284 	45.099888 	86.539009 	40.112343 	82.225304 	66.037865 	109.114616 	9.899495 	83.234612 	999.000000 	10.000000 	32.449963 	77.006493 	30.479502 	70.178345 	32.557640 	13.038404 	29.732138 	29.068884 	30.413813 	10.440307 	17.262676 	25.238859 	21.540659 	48.301140 	52.354561 	20.396078 	32.062439 	21.931713 	39.812057 	31.257000 	32.249031 	24.698177 	48.764740 	47.675991 	28.425341 	36.359318 	41.231056 	40.311287 	43.657761 	49.244289 	
66.573265 	11.704700 	46.615448 	8.246211 	16.124516 	7.071068 	75.000000 	76.059189 	21.189621 	37.121422 	95.273293 	32.140316 	86.700638 	67.623962 	115.039124 	19.849434 	92.800865 	10.000000 	999.000000 	22.472204 	86.683334 	40.459858 	79.981247 	22.627417 	22.135944 	20.000000 	19.416489 	40.311287 	18.248287 	26.570660 	16.155495 	14.000000 	58.180752 	62.265560 	18.439089 	40.792156 	22.022715 	49.040798 	39.051247 	40.049969 	25.806976 	58.189346 	56.753853 	30.528675 	41.109608 	47.074409 	45.221676 	49.819675 	54.817879 	
87.458565 	17.888544 	67.941154 	26.248810 	10.440307 	26.172504 	96.332756 	97.621719 	34.176014 	23.430750 	114.908661 	19.849434 	98.325989 	74.431175 	128.891434 	42.201897 	114.109596 	32.449963 	22.472204 	999.000000 	108.245094 	62.801273 	101.833199 	5.000000 	44.283180 	8.062258 	8.944272 	62.769421 	39.924931 	48.754486 	13.341664 	19.104973 	80.622574 	84.723076 	31.064449 	62.297672 	36.055511 	70.936592 	59.665737 	60.638271 	40.112343 	80.230919 	78.434685 	45.177429 	58.008621 	65.030762 	62.032249 	68.066147 	72.027771 	
21.954498 	91.241440 	40.311287 	82.036575 	99.005051 	82.073135 	12.206555 	10.630146 	77.801025 	112.071404 	23.600847 	108.004631 	68.680420 	82.152298 	70.767227 	67.201187 	7.071068 	77.006493 	86.683334 	108.245094 	999.000000 	47.507893 	8.062258 	109.224541 	68.963760 	106.667709 	106.042442 	51.078373 	73.925636 	65.299309 	102.200783 	97.908119 	39.204590 	36.013885 	91.706055 	60.876926 	89.470665 	53.600372 	66.940269 	66.708321 	88.769363 	48.000000 	53.000000 	87.920418 	81.584312 	77.524193 	81.884064 	76.236473 	81.024689 	
30.413813 	47.413078 	12.649111 	37.589893 	54.708317 	37.215588 	36.769554 	37.121422 	38.470768 	71.784401 	60.827625 	67.067131 	73.239334 	68.264191 	93.300591 	20.615528 	54.120235 	30.479502 	40.459858 	62.801273 	47.507893 	999.000000 	40.224369 	63.031738 	21.470911 	60.108234 	59.396969 	7.211102 	26.419689 	18.027756 	55.226807 	50.606323 	20.099751 	23.537205 	44.283180 	20.124611 	42.379242 	20.000000 	25.298222 	25.632011 	42.201897 	25.000000 	26.832815 	42.296574 	39.812057 	39.000000 	41.761227 	39.357338 	45.650848 	
18.248287 	85.146935 	34.205261 	75.742989 	92.849342 	75.690155 	9.055386 	6.000000 	72.401657 	106.850365 	29.966648 	102.625534 	70.384659 	81.055534 	75.742989 	60.307545 	15.132746 	70.178345 	79.981247 	101.833199 	8.062258 	40.224369 	999.000000 	102.591423 	61.587337 	99.904953 	99.247169 	43.382023 	66.573265 	57.801384 	95.268044 	90.801979 	31.144823 	28.000000 	84.219948 	52.886673 	81.841309 	45.541191 	58.940647 	58.694122 	81.024689 	40.012497 	45.011108 	80.056229 	73.545906 	69.462219 	73.824112 	68.183578 	73.006851 	
88.814415 	20.615528 	69.028976 	27.784887 	14.000000 	27.459061 	97.452553 	98.595131 	37.107952 	28.319605 	116.846054 	24.839485 	102.122475 	78.771820 	132.370697 	42.449970 	115.256233 	32.557640 	22.627417 	5.000000 	109.224541 	63.031738 	102.591423 	999.000000 	43.566040 	4.000000 	5.000000 	62.425957 	38.948685 	48.020828 	10.049875 	16.124516 	80.156097 	84.314888 	28.071337 	60.926186 	33.060551 	69.778221 	57.870544 	58.821766 	37.013512 	79.158073 	77.077881 	42.000000 	55.081757 	62.289646 	59.033890 	65.375839 	69.028976 	
51.244511 	32.140316 	31.575306 	23.021729 	38.078865 	22.000000 	58.180752 	58.591808 	30.870699 	58.137768 	81.492332 	53.150730 	85.234970 	73.000000 	109.489723 	8.485281 	75.591003 	13.038404 	22.135944 	44.283180 	68.963760 	21.470911 	61.587337 	43.566040 	999.000000 	40.224369 	39.408119 	19.104973 	5.000000 	4.472136 	34.828148 	29.698484 	36.619667 	40.804413 	22.847319 	19.026299 	21.377558 	26.925823 	18.681541 	19.646883 	22.000000 	36.055511 	34.713108 	23.537205 	26.907248 	30.232433 	30.413813 	32.249031 	38.275318 	
86.533234 	20.024984 	66.610809 	26.000000 	14.560220 	25.495098 	95.000000 	96.046867 	36.345562 	31.400637 	114.947815 	27.586229 	102.004898 	79.429214 	131.855988 	39.623226 	112.800713 	29.732138 	20.000000 	8.062258 	106.667709 	60.108234 	99.904953 	4.000000 	40.224369 	999.000000 	1.000000 	59.203041 	35.510563 	44.654228 	6.082763 	12.165525 	76.843994 	81.024689 	24.083189 	57.271286 	29.068884 	66.189125 	54.083271 	55.027267 	33.015148 	75.591003 	73.409805 	38.000000 	51.088158 	58.309521 	55.036350 	61.400326 	65.030762 	
85.982559 	20.000000 	66.030296 	25.632011 	14.866069 	25.079872 	94.403389 	95.425362 	36.221542 	32.202484 	114.490173 	28.319605 	102.000000 	79.624115 	131.745972 	38.948685 	112.200714 	29.068884 	19.416489 	8.944272 	106.042442 	59.396969 	99.247169 	5.000000 	39.408119 	1.000000 	999.000000 	58.412327 	34.669872 	43.829212 	5.099020 	11.180340 	76.026314 	80.212219 	23.086792 	56.364883 	28.071337 	65.299309 	53.141319 	54.083271 	32.015621 	74.706093 	72.498276 	37.000000 	50.089920 	57.314919 	54.037025 	60.406952 	64.031242 	
36.013885 	48.703182 	19.697716 	38.897301 	55.542778 	38.275318 	41.231056 	41.109608 	42.000000 	73.979729 	66.272163 	69.123077 	80.448738 	74.886581 	100.244698 	21.189621 	57.939625 	30.413813 	40.311287 	62.769421 	51.078373 	7.211102 	43.382023 	62.425957 	19.104973 	59.203041 	58.412327 	999.000000 	24.041630 	14.866069 	53.907330 	48.795490 	17.888544 	21.954498 	41.048752 	13.000000 	38.470768 	13.416408 	18.439089 	18.681541 	37.696156 	20.024984 	20.880613 	37.107952 	33.241539 	31.953091 	34.928497 	32.202484 	38.470768 	
55.973209 	29.017237 	36.138622 	20.615528 	34.365681 	19.416489 	63.071388 	63.529522 	30.232433 	55.000000 	86.127815 	50.000000 	87.920418 	74.202423 	113.000000 	10.440307 	80.529495 	10.440307 	18.248287 	39.924931 	73.925636 	26.419689 	66.573265 	38.948685 	5.000000 	35.510563 	34.669872 	24.041630 	999.000000 	9.219544 	30.000000 	24.758837 	41.400482 	45.607018 	18.027756 	22.561028 	17.029387 	31.016125 	21.023796 	22.022715 	18.248287 	40.311287 	38.600517 	20.615528 	26.400757 	30.870699 	30.232433 	33.241539 	38.910152 	
48.270073 	36.345562 	29.068884 	27.018513 	42.449970 	26.076809 	54.781384 	55.036350 	33.837849 	62.289646 	78.644768 	57.314919 	85.000000 	74.249580 	108.258949 	10.770329 	72.013885 	17.262676 	26.570660 	48.754486 	65.299309 	18.027756 	57.801384 	48.020828 	4.472136 	44.654228 	43.829212 	14.866069 	9.219544 	999.000000 	39.204590 	33.970577 	32.202484 	36.400551 	26.419689 	15.033297 	24.351591 	22.561028 	15.652476 	16.552946 	24.331051 	31.622776 	30.413813 	25.019993 	26.076809 	28.319605 	29.206163 	30.000000 	36.235340 	
82.492424 	19.646883 	62.433964 	23.345236 	16.401220 	22.561028 	90.697296 	91.607857 	35.014282 	35.846897 	111.400177 	31.622776 	101.123688 	79.812279 	130.311172 	35.000000 	108.466583 	25.238859 	16.155495 	13.341664 	102.200783 	55.226807 	95.268044 	10.049875 	34.828148 	6.082763 	5.099020 	53.907330 	30.000000 	39.204590 	999.000000 	6.082763 	71.400284 	75.604233 	18.027756 	51.429562 	23.021729 	60.415230 	48.104053 	49.040798 	27.000000 	69.835518 	67.542580 	32.015621 	45.044422 	52.239830 	49.010204 	55.326305 	59.008472 	
78.714676 	21.095022 	58.591808 	22.090721 	20.000000 	21.023796 	86.608315 	87.367043 	34.713108 	40.718548 	108.078674 	36.235340 	100.603180 	80.653580 	129.034882 	30.886890 	104.307236 	21.540659 	14.000000 	19.104973 	97.908119 	50.606323 	90.801979 	16.124516 	29.698484 	12.165525 	11.180340 	48.795490 	24.758837 	33.970577 	6.082763 	999.000000 	66.068146 	70.292244 	12.000000 	45.650848 	17.000000 	54.708317 	42.154476 	43.081318 	21.023796 	64.140472 	61.717098 	26.076809 	39.012817 	46.173584 	43.000000 	49.254440 	53.000000 	
31.764761 	66.483078 	26.000000 	56.648037 	73.409805 	56.080299 	32.557640 	31.144823 	58.549126 	91.482239 	58.855755 	86.683334 	84.899940 	85.088188 	99.362968 	39.000000 	46.270943 	48.301140 	58.180752 	80.622574 	39.204590 	20.099751 	31.144823 	80.156097 	36.619667 	76.843994 	76.026314 	17.888544 	41.400482 	32.202484 	71.400284 	66.068146 	999.000000 	4.242640 	57.314919 	22.825424 	54.037025 	14.560220 	28.635643 	28.231188 	52.430908 	9.848858 	14.560220 	50.606323 	42.720020 	38.327538 	42.755116 	37.054016 	42.047592 	
30.805843 	70.384659 	27.892651 	60.539242 	77.388626 	60.008331 	30.364452 	28.635643 	61.983868 	95.210297 	56.515484 	90.443352 	85.146935 	86.729462 	98.270035 	42.953465 	43.046486 	52.354561 	62.265560 	84.723076 	36.013885 	23.537205 	28.000000 	84.314888 	40.804413 	81.024689 	80.212219 	21.954498 	45.607018 	36.400551 	75.604233 	70.292244 	4.242640 	999.000000 	61.554855 	26.925823 	58.258045 	18.384777 	32.649654 	32.202484 	56.612720 	12.041595 	17.029387 	54.708317 	46.486557 	41.773197 	46.324940 	40.311287 	45.011108 	
74.000000 	29.206163 	54.120235 	26.076809 	30.463093 	24.698177 	81.024689 	81.394104 	38.948685 	51.865211 	104.120125 	47.169907 	102.610916 	85.422478 	129.313568 	27.166155 	98.386993 	20.396078 	18.439089 	31.064449 	91.706055 	44.283180 	84.219948 	28.071337 	22.847319 	24.083189 	23.086792 	41.048752 	18.027756 	26.419689 	18.027756 	12.000000 	57.314919 	61.554855 	999.000000 	35.608986 	5.000000 	44.821869 	31.384710 	32.249031 	9.055386 	54.203320 	51.312767 	14.142136 	27.018513 	34.234486 	31.000000 	37.336308 	41.000000 	
48.166378 	51.156624 	32.695564 	42.000000 	56.885849 	41.012192 	52.239830 	51.623638 	48.507732 	77.162170 	78.006409 	72.173401 	93.193344 	86.052307 	113.216606 	25.495098 	67.911705 	32.062439 	40.792156 	62.297672 	60.876926 	20.124611 	52.886673 	60.926186 	19.026299 	57.271286 	56.364883 	13.000000 	22.561028 	15.033297 	51.429562 	45.650848 	22.825424 	26.925823 	35.608986 	999.000000 	31.827662 	9.219544 	6.082763 	6.000000 	29.832869 	18.601076 	16.155495 	27.784887 	21.023796 	18.973665 	22.203604 	19.235384 	25.553865 	
72.532753 	33.286633 	52.952808 	29.068884 	35.114101 	27.658634 	79.120163 	79.309517 	41.617306 	56.612720 	102.839684 	51.865211 	103.846039 	87.817993 	129.757462 	27.073973 	96.254868 	21.931713 	22.022715 	36.055511 	89.470665 	42.379242 	81.841309 	33.060551 	21.377558 	29.068884 	28.071337 	38.470768 	17.029387 	24.351591 	23.021729 	17.000000 	54.037025 	58.258045 	5.000000 	31.827662 	999.000000 	41.036568 	27.202942 	28.017851 	4.123106 	50.328918 	47.201694 	9.219544 	22.022715 	29.274563 	26.000000 	32.388271 	36.000000 	
43.416588 	58.855755 	31.240999 	49.365982 	65.000000 	48.507732 	46.043457 	45.011108 	54.332310 	84.717178 	72.249565 	79.762146 	92.455391 	88.204308 	110.168053 	32.015621 	60.671246 	39.812057 	49.040798 	70.936592 	53.600372 	20.000000 	45.541191 	69.778221 	26.925823 	66.189125 	65.299309 	13.416408 	31.016125 	22.561028 	60.415230 	54.708317 	14.560220 	18.384777 	44.821869 	9.219544 	41.036568 	999.000000 	14.422205 	13.892444 	38.948685 	9.433981 	8.000000 	36.619667 	28.160255 	24.020824 	28.284271 	23.086792 	28.635643 	
54.083271 	50.039986 	37.947330 	41.436699 	55.145264 	40.311287 	58.309521 	57.706154 	49.396355 	76.006577 	84.023804 	71.007042 	97.754799 	89.196411 	118.595955 	26.400757 	73.979729 	31.257000 	39.051247 	59.665737 	66.940269 	25.298222 	58.940647 	57.870544 	18.681541 	54.083271 	53.141319 	18.439089 	21.023796 	15.652476 	48.104053 	42.154476 	28.635643 	32.649654 	31.384710 	6.082763 	27.202942 	14.422205 	999.000000 	1.000000 	24.758837 	23.345236 	20.000000 	22.203604 	15.000000 	13.892444 	16.492422 	14.866069 	21.260292 	
54.147945 	51.039200 	38.275318 	42.426407 	56.142673 	41.303753 	58.215118 	57.558666 	50.328918 	77.006493 	84.005951 	72.006943 	98.270035 	89.938866 	118.903320 	27.313000 	73.756355 	32.249031 	40.049969 	60.638271 	66.708321 	25.632011 	58.694122 	58.821766 	19.646883 	55.027267 	54.083271 	18.681541 	22.022715 	16.552946 	49.040798 	43.081318 	28.231188 	32.202484 	32.249031 	6.000000 	28.017851 	13.892444 	1.000000 	999.000000 	25.495098 	22.671568 	19.209373 	22.803509 	15.033297 	13.416408 	16.278820 	14.212670 	20.615528 	
72.567207 	37.215588 	53.338543 	32.526913 	39.217342 	31.112698 	78.746429 	78.771820 	44.821869 	60.728905 	102.961159 	55.973209 	105.948097 	90.735878 	131.240234 	28.635643 	95.634720 	24.698177 	25.806976 	40.112343 	88.769363 	42.201897 	81.024689 	37.013512 	22.000000 	33.015148 	32.015621 	37.696156 	18.248287 	24.331051 	27.000000 	21.023796 	52.430908 	56.612720 	9.055386 	29.832869 	4.123106 	38.948685 	24.758837 	25.495098 	999.000000 	48.083260 	44.687805 	5.099020 	18.110771 	25.495098 	22.022715 	28.635643 	32.015621 	
41.593269 	67.683083 	33.837849 	58.051701 	74.040527 	57.271286 	42.201897 	40.607880 	62.008064 	93.380943 	68.447060 	88.459030 	94.047859 	92.590500 	109.178749 	40.447498 	55.009090 	48.764740 	58.189346 	80.230919 	48.000000 	25.000000 	40.012497 	79.158073 	36.055511 	75.591003 	74.706093 	20.024984 	40.311287 	31.622776 	69.835518 	64.140472 	9.848858 	12.041595 	54.203320 	18.601076 	50.328918 	9.433981 	23.345236 	22.671568 	48.083260 	999.000000 	5.000000 	45.453274 	35.777088 	30.364452 	35.114101 	28.635643 	33.060551 	
46.097721 	66.753281 	36.878178 	57.314919 	72.780495 	56.435802 	47.074409 	45.541191 	62.289646 	92.655273 	73.348480 	87.692642 	97.672920 	95.015785 	113.600174 	40.012497 	60.008331 	47.675991 	56.753853 	78.434685 	53.000000 	26.832815 	45.011108 	77.077881 	34.713108 	73.409805 	72.498276 	20.880613 	38.600517 	30.413813 	67.542580 	61.717098 	14.560220 	17.029387 	51.312767 	16.155495 	47.201694 	8.000000 	20.000000 	19.209373 	44.687805 	5.000000 	999.000000 	41.725292 	31.384710 	25.632011 	30.463093 	23.769728 	28.071337 	
72.691124 	42.059483 	54.009258 	36.878178 	44.271889 	35.468296 	78.339005 	78.160095 	48.836460 	65.802734 	103.097038 	61.032780 	108.503456 	94.302704 	133.003754 	31.016125 	94.868332 	28.425341 	30.528675 	45.177429 	87.920418 	42.296574 	80.056229 	42.000000 	23.537205 	38.000000 	37.000000 	37.107952 	20.615528 	25.019993 	32.015621 	26.076809 	50.606323 	54.708317 	14.142136 	27.784887 	9.219544 	36.619667 	22.203604 	22.803509 	5.099020 	45.453274 	41.725292 	999.000000 	13.341664 	20.880613 	17.117243 	24.041630 	27.073973 	
69.065186 	52.810986 	52.392746 	46.065170 	56.089214 	44.721359 	73.246162 	72.560318 	56.612720 	77.665955 	99.020203 	72.780495 	110.909874 	99.904953 	132.966156 	35.383614 	88.645363 	36.359318 	41.109608 	58.008621 	81.584312 	39.812057 	73.545906 	55.081757 	26.907248 	51.088158 	50.089920 	33.241539 	26.400757 	26.076809 	45.044422 	39.012817 	42.720020 	46.486557 	27.018513 	21.023796 	22.022715 	28.160255 	15.000000 	15.033297 	18.110771 	35.777088 	31.384710 	13.341664 	999.000000 	7.615773 	4.123106 	10.770329 	14.035668 	
66.753281 	58.694122 	51.623638 	51.264023 	62.514000 	49.979996 	70.007141 	69.028976 	60.901562 	84.011902 	96.130119 	79.075912 	111.646767 	102.532921 	132.189255 	38.600517 	84.593147 	41.231056 	47.074409 	65.030762 	77.524193 	39.000000 	69.462219 	62.289646 	30.232433 	58.309521 	57.314919 	31.953091 	30.870699 	28.319605 	52.239830 	46.173584 	38.327538 	41.773197 	34.234486 	18.973665 	29.274563 	24.020824 	13.892444 	13.416408 	25.495098 	30.364452 	25.632011 	20.880613 	7.615773 	999.000000 	5.000000 	3.162278 	8.062258 	
70.349129 	56.920998 	54.405884 	50.089920 	60.207973 	48.754486 	74.027023 	73.171036 	60.464867 	81.786308 	100.019997 	76.902534 	113.648582 	103.324730 	135.059250 	38.897301 	88.955048 	40.311287 	45.221676 	62.032249 	81.884064 	41.761227 	73.824112 	59.033890 	30.413813 	55.036350 	54.037025 	34.928497 	30.232433 	29.206163 	49.010204 	43.000000 	42.755116 	46.324940 	31.000000 	22.203604 	26.000000 	28.284271 	16.492422 	16.278820 	22.022715 	35.114101 	30.463093 	17.117243 	4.123106 	5.000000 	999.000000 	7.810250 	10.000000 	
66.287254 	61.392181 	51.894123 	53.758720 	65.375839 	52.497620 	69.115845 	68.007355 	63.063461 	86.833176 	95.336250 	81.884064 	112.361023 	104.004807 	132.257324 	40.496914 	83.294655 	43.657761 	49.819675 	68.066147 	76.236473 	39.357338 	68.183578 	65.375839 	32.249031 	61.400326 	60.406952 	32.202484 	33.241539 	30.000000 	55.326305 	49.254440 	37.054016 	40.311287 	37.336308 	19.235384 	32.388271 	23.086792 	14.866069 	14.212670 	28.635643 	28.635643 	23.769728 	24.041630 	10.770329 	3.162278 	7.810250 	999.000000 	6.403124 	
72.034714 	66.483078 	58.137768 	59.236813 	70.035706 	57.939625 	74.431175 	73.171036 	68.963760 	91.591484 	100.717430 	86.683334 	118.726578 	110.344917 	138.350998 	46.615448 	88.051125 	49.244289 	54.817879 	72.027771 	81.024689 	45.650848 	73.006851 	69.028976 	38.275318 	65.030762 	64.031242 	38.470768 	38.910152 	36.235340 	59.008472 	53.000000 	42.047592 	45.011108 	41.000000 	25.553865 	36.000000 	28.635643 	21.260292 	20.615528 	32.015621 	33.060551 	28.071337 	27.073973 	14.035668 	8.062258 	10.000000 	6.403124 	999.000000 	

Travel time:
9.000000 	1.752320 	0.503115 	1.530523 	1.947434 	1.535008 	0.246221 	0.309233 	1.402007 	2.255271 	0.760345 	2.155371 	1.393960 	1.582127 	1.690044 	1.196349 	0.672681 	1.432655 	1.664332 	2.186464 	0.548862 	0.760345 	0.456207 	2.220360 	1.281113 	2.163331 	2.149564 	0.900347 	1.399330 	1.206752 	2.062311 	1.967867 	0.794119 	0.770146 	1.850000 	1.204159 	1.813319 	1.085415 	1.352082 	1.353699 	1.814180 	1.039832 	1.152443 	1.817278 	1.726630 	1.668832 	1.758728 	1.657181 	1.800868 	
1.752320 	9.000000 	1.274755 	0.246221 	0.195256 	0.261008 	1.979899 	2.016495 	0.412311 	0.650481 	2.427447 	0.525595 	2.050000 	1.504161 	2.796985 	0.687841 	2.422421 	0.477624 	0.292617 	0.447214 	2.281036 	1.185327 	2.128673 	0.515388 	0.803508 	0.500625 	0.500000 	1.217580 	0.725431 	0.908639 	0.491172 	0.527376 	1.662077 	1.759616 	0.730154 	1.278916 	0.832166 	1.471394 	1.251000 	1.275980 	0.930390 	1.692077 	1.668832 	1.051487 	1.320275 	1.467353 	1.423025 	1.534805 	1.662077 	
0.503115 	1.274755 	9.000000 	1.043132 	1.468205 	1.044330 	0.710634 	0.742462 	0.961769 	1.823630 	1.250000 	1.715007 	1.530523 	1.477329 	2.016340 	0.693271 	1.155692 	0.930390 	1.165386 	1.698529 	1.007782 	0.316228 	0.855132 	1.725724 	0.789383 	1.665270 	1.650757 	0.492443 	0.903466 	0.726722 	1.560849 	1.464795 	0.650000 	0.697316 	1.353006 	0.817389 	1.323820 	0.781025 	0.948683 	0.956883 	1.333464 	0.845946 	0.921954 	1.350231 	1.309819 	1.290591 	1.360147 	1.297353 	1.453444 	
1.530523 	0.246221 	1.043132 	9.000000 	0.430116 	0.035355 	1.752320 	1.785532 	0.325000 	0.883883 	2.226685 	0.760345 	1.962938 	1.487658 	2.677919 	0.443001 	2.196588 	0.254951 	0.206155 	0.656220 	2.050914 	0.939747 	1.893575 	0.694622 	0.575543 	0.650000 	0.640800 	0.972432 	0.515388 	0.675463 	0.583631 	0.552268 	1.416201 	1.513481 	0.651920 	1.050000 	0.726722 	1.234150 	1.035918 	1.060660 	0.813173 	1.451293 	1.432873 	0.921954 	1.151629 	1.281601 	1.252248 	1.343968 	1.480920 	
1.947434 	0.195256 	1.468205 	0.430116 	9.000000 	0.437321 	2.174425 	2.210345 	0.594243 	0.539676 	2.621188 	0.419076 	2.203548 	1.623461 	2.963317 	0.860959 	2.617250 	0.632456 	0.403113 	0.261008 	2.475126 	1.367708 	2.321234 	0.350000 	0.951972 	0.364006 	0.371652 	1.388569 	0.859142 	1.061249 	0.410031 	0.500000 	1.835245 	1.934716 	0.761577 	1.422146 	0.877853 	1.625000 	1.378632 	1.403567 	0.980434 	1.851013 	1.819512 	1.106797 	1.402230 	1.562850 	1.505199 	1.634396 	1.750893 	
1.535008 	0.261008 	1.044330 	0.035355 	0.437321 	9.000000 	1.754459 	1.786232 	0.357946 	0.905539 	2.236767 	0.781425 	1.990760 	1.520896 	2.701851 	0.427200 	2.199148 	0.226385 	0.176777 	0.654313 	2.051828 	0.930390 	1.892254 	0.686477 	0.550000 	0.637377 	0.626997 	0.956883 	0.485412 	0.651920 	0.564026 	0.525595 	1.402007 	1.500208 	0.617454 	1.025305 	0.691466 	1.212693 	1.007782 	1.032594 	0.777817 	1.431782 	1.410895 	0.886707 	1.118034 	1.249500 	1.218862 	1.312441 	1.448491 	
0.246221 	1.979899 	0.710634 	1.752320 	2.174425 	1.754459 	9.000000 	0.079057 	1.640122 	2.496623 	0.657647 	2.395047 	1.543535 	1.800694 	1.730065 	1.393960 	0.445112 	1.636498 	1.875000 	2.408319 	0.305164 	0.919239 	0.226385 	2.436314 	1.454519 	2.375000 	2.360085 	1.030776 	1.576785 	1.369535 	2.267432 	2.165208 	0.813941 	0.759111 	2.025617 	1.305996 	1.978004 	1.151086 	1.457738 	1.455378 	1.968661 	1.055047 	1.176860 	1.958475 	1.831154 	1.750179 	1.850676 	1.727896 	1.860779 	
0.309233 	2.016495 	0.742462 	1.785532 	2.210345 	1.786232 	0.079057 	9.000000 	1.685601 	2.544725 	0.697316 	2.441311 	1.622113 	1.876499 	1.796003 	1.415318 	0.425000 	1.660007 	1.901480 	2.440543 	0.265754 	0.928036 	0.150000 	2.464878 	1.464795 	2.401172 	2.385634 	1.027740 	1.588238 	1.375909 	2.290196 	2.184176 	0.778621 	0.715891 	2.034853 	1.290591 	1.982738 	1.125278 	1.442654 	1.438967 	1.969296 	1.015197 	1.138530 	1.954002 	1.814008 	1.725724 	1.829276 	1.700184 	1.829276 	
1.402007 	0.412311 	0.961769 	0.325000 	0.594243 	0.357946 	1.640122 	1.685601 	9.000000 	0.862047 	2.040221 	0.755811 	1.653028 	1.162970 	2.388122 	0.577170 	2.074398 	0.512957 	0.529741 	0.854400 	1.945026 	0.961769 	1.810041 	0.927699 	0.771767 	0.908639 	0.905539 	1.050000 	0.755811 	0.845946 	0.875357 	0.867828 	1.463728 	1.549597 	0.973717 	1.212693 	1.040433 	1.358308 	1.234909 	1.258223 	1.120547 	1.550202 	1.557241 	1.220912 	1.415318 	1.522539 	1.511622 	1.576586 	1.724094 	
2.255271 	0.650481 	1.823630 	0.883883 	0.539676 	0.905539 	2.496623 	2.544725 	0.862047 	9.000000 	2.847477 	0.125000 	2.174425 	1.496036 	2.973214 	1.323820 	2.925107 	1.127497 	0.928036 	0.585769 	2.801785 	1.794610 	2.671259 	0.707990 	1.453444 	0.785016 	0.805062 	1.849493 	1.375000 	1.557241 	0.896172 	1.017964 	2.287056 	2.380257 	1.296630 	1.929054 	1.415318 	2.117929 	1.900164 	1.925162 	1.518223 	2.334524 	2.316382 	1.645068 	1.941649 	2.100297 	2.044658 	2.170829 	2.289787 	
0.760345 	2.427447 	1.250000 	2.226685 	2.621188 	2.236767 	0.657647 	0.697316 	2.040221 	2.847477 	9.000000 	2.763377 	1.300000 	1.802776 	1.195042 	1.937298 	0.480234 	2.163475 	2.381832 	2.872716 	0.590021 	1.520691 	0.749166 	2.921151 	2.037308 	2.873695 	2.862254 	1.656804 	2.153195 	1.966119 	2.785004 	2.701967 	1.471394 	1.412887 	2.603003 	1.950160 	2.570992 	1.806239 	2.100595 	2.100149 	2.574029 	1.711177 	1.833712 	2.577426 	2.475505 	2.403253 	2.500500 	2.383406 	2.517936 	
2.155371 	0.525595 	1.715007 	0.760345 	0.419076 	0.781425 	2.395047 	2.441311 	0.755811 	0.125000 	2.763377 	9.000000 	2.140385 	1.480287 	2.933535 	1.201301 	2.826769 	1.002809 	0.803508 	0.496236 	2.700116 	1.676678 	2.565638 	0.620987 	1.328768 	0.689656 	0.707990 	1.728077 	1.250000 	1.432873 	0.790569 	0.905883 	2.167083 	2.261084 	1.179248 	1.804335 	1.296630 	1.994054 	1.775176 	1.800174 	1.399330 	2.211476 	2.192316 	1.525820 	1.819512 	1.976898 	1.922563 	2.047101 	2.167083 	
1.393960 	2.050000 	1.530523 	1.962938 	2.203548 	1.990760 	1.543535 	1.622113 	1.653028 	2.174425 	1.300000 	2.140385 	9.000000 	0.721110 	0.805062 	1.937298 	1.701654 	2.055633 	2.167516 	2.458150 	1.717010 	1.830983 	1.759616 	2.553062 	2.130874 	2.550122 	2.550000 	2.011219 	2.198010 	2.125000 	2.528092 	2.515079 	2.122499 	2.128673 	2.565273 	2.329834 	2.596151 	2.311385 	2.443870 	2.456751 	2.648702 	2.351197 	2.441823 	2.712586 	2.772747 	2.791169 	2.841215 	2.809026 	2.968164 	
1.582127 	1.504161 	1.477329 	1.487658 	1.623461 	1.520896 	1.800694 	1.876499 	1.162970 	1.496036 	1.802776 	1.480287 	0.721110 	9.000000 	1.522539 	1.613420 	2.096575 	1.650947 	1.690599 	1.860779 	2.053807 	1.706605 	2.026388 	1.969296 	1.825000 	1.985730 	1.990603 	1.872164 	1.855061 	1.856240 	1.995307 	2.016340 	2.127205 	2.168236 	2.135562 	2.151308 	2.195450 	2.205108 	2.229910 	2.248472 	2.268397 	2.314763 	2.375395 	2.357568 	2.497624 	2.563323 	2.583118 	2.600120 	2.758623 	
1.690044 	2.796985 	2.016340 	2.677919 	2.963317 	2.701851 	1.730065 	1.796003 	2.388122 	2.973214 	1.195042 	2.933535 	0.805062 	1.522539 	9.000000 	2.567586 	1.675187 	2.727865 	2.875978 	3.222286 	1.769181 	2.332515 	1.893575 	3.309268 	2.737243 	3.296400 	3.293649 	2.506117 	2.825000 	2.706474 	3.257779 	3.225872 	2.484074 	2.456751 	3.232839 	2.830415 	3.243937 	2.754201 	2.964899 	2.972583 	3.281006 	2.729469 	2.840004 	3.325094 	3.324154 	3.304731 	3.376481 	3.306433 	3.458775 	
1.196349 	0.687841 	0.693271 	0.443001 	0.860959 	0.427200 	1.393960 	1.415318 	0.577170 	1.323820 	1.937298 	1.201301 	1.937298 	1.613420 	2.567586 	9.000000 	1.837457 	0.247487 	0.496236 	1.055047 	1.680030 	0.515388 	1.507689 	1.061249 	0.212132 	0.990581 	0.973717 	0.529741 	0.261008 	0.269258 	0.875000 	0.772172 	0.975000 	1.073837 	0.679154 	0.637377 	0.676849 	0.800391 	0.660019 	0.682825 	0.715891 	1.011187 	1.000312 	0.775403 	0.884590 	0.965013 	0.972432 	1.012423 	1.165386 	
0.672681 	2.422421 	1.155692 	2.196588 	2.617250 	2.199148 	0.445112 	0.425000 	2.074398 	2.925107 	0.480234 	2.826769 	1.701654 	2.096575 	1.675187 	1.837457 	9.000000 	2.080865 	2.320022 	2.852740 	0.176777 	1.353006 	0.378319 	2.881406 	1.889775 	2.820018 	2.805018 	1.448491 	2.013237 	1.800347 	2.711665 	2.607681 	1.156774 	1.076162 	2.459675 	1.697793 	2.406372 	1.516781 	1.849493 	1.843909 	2.390868 	1.375227 	1.500208 	2.371708 	2.216134 	2.114829 	2.223876 	2.082366 	2.201278 	
1.432655 	0.477624 	0.930390 	0.254951 	0.632456 	0.226385 	1.636498 	1.660007 	0.512957 	1.127497 	2.163475 	1.002809 	2.055633 	1.650947 	2.727865 	0.247487 	2.080865 	9.000000 	0.250000 	0.811249 	1.925162 	0.761988 	1.754459 	0.813941 	0.325960 	0.743303 	0.726722 	0.760345 	0.261008 	0.431567 	0.630971 	0.538516 	1.207528 	1.308864 	0.509902 	0.801561 	0.548293 	0.995301 	0.781425 	0.806226 	0.617454 	1.219118 	1.191900 	0.710634 	0.908983 	1.030776 	1.007782 	1.091444 	1.231107 	
1.664332 	0.292617 	1.165386 	0.206155 	0.403113 	0.176777 	1.875000 	1.901480 	0.529741 	0.928036 	2.381832 	0.803508 	2.167516 	1.690599 	2.875978 	0.496236 	2.320022 	0.250000 	9.000000 	0.561805 	2.167083 	1.011496 	1.999531 	0.565685 	0.553399 	0.500000 	0.485412 	1.007782 	0.456207 	0.664266 	0.403887 	0.350000 	1.454519 	1.556639 	0.460977 	1.019804 	0.550568 	1.226020 	0.976281 	1.001249 	0.645174 	1.454734 	1.418846 	0.763217 	1.027740 	1.176860 	1.130542 	1.245492 	1.370447 	
2.186464 	0.447214 	1.698529 	0.656220 	0.261008 	0.654313 	2.408319 	2.440543 	0.854400 	0.585769 	2.872716 	0.496236 	2.458150 	1.860779 	3.222286 	1.055047 	2.852740 	0.811249 	0.561805 	9.000000 	2.706127 	1.570032 	2.545830 	0.125000 	1.107080 	0.201556 	0.223607 	1.569236 	0.998123 	1.218862 	0.333542 	0.477624 	2.015564 	2.118077 	0.776611 	1.557442 	0.901388 	1.773415 	1.491643 	1.515957 	1.002809 	2.005773 	1.960867 	1.129436 	1.450216 	1.625769 	1.550806 	1.701654 	1.800694 	
0.548862 	2.281036 	1.007782 	2.050914 	2.475126 	2.051828 	0.305164 	0.265754 	1.945026 	2.801785 	0.590021 	2.700116 	1.717010 	2.053807 	1.769181 	1.680030 	0.176777 	1.925162 	2.167083 	2.706127 	9.000000 	1.187697 	0.201556 	2.730613 	1.724094 	2.666693 	2.651061 	1.276959 	1.848141 	1.632483 	2.555020 	2.447703 	0.980115 	0.900347 	2.292651 	1.521923 	2.236767 	1.340009 	1.673507 	1.667708 	2.219234 	1.200000 	1.325000 	2.198010 	2.039608 	1.938105 	2.047101 	1.905912 	2.025617 	
0.760345 	1.185327 	0.316228 	0.939747 	1.367708 	0.930390 	0.919239 	0.928036 	0.961769 	1.794610 	1.520691 	1.676678 	1.830983 	1.706605 	2.332515 	0.515388 	1.353006 	0.761988 	1.011496 	1.570032 	1.187697 	9.000000 	1.005609 	1.575794 	0.536773 	1.502706 	1.484924 	0.180278 	0.660492 	0.450694 	1.380670 	1.265158 	0.502494 	0.588430 	1.107080 	0.503115 	1.059481 	0.500000 	0.632456 	0.640800 	1.055047 	0.625000 	0.670820 	1.057414 	0.995301 	0.975000 	1.044031 	0.983933 	1.141271 	
0.456207 	2.128673 	0.855132 	1.893575 	2.321234 	1.892254 	0.226385 	0.150000 	1.810041 	2.671259 	0.749166 	2.565638 	1.759616 	2.026388 	1.893575 	1.507689 	0.378319 	1.754459 	1.999531 	2.545830 	0.201556 	1.005609 	9.000000 	2.564785 	1.539683 	2.497624 	2.481179 	1.084551 	1.664332 	1.445035 	2.381701 	2.270050 	0.778621 	0.700000 	2.105499 	1.322167 	2.046033 	1.138530 	1.473516 	1.467353 	2.025617 	1.000312 	1.125278 	2.001406 	1.838648 	1.736555 	1.845603 	1.704589 	1.825171 	
2.220360 	0.515388 	1.725724 	0.694622 	0.350000 	0.686477 	2.436314 	2.464878 	0.927699 	0.707990 	2.921151 	0.620987 	2.553062 	1.969296 	3.309268 	1.061249 	2.881406 	0.813941 	0.565685 	0.125000 	2.730613 	1.575794 	2.564785 	9.000000 	1.089151 	0.100000 	0.125000 	1.560649 	0.973717 	1.200521 	0.251247 	0.403113 	2.003902 	2.107872 	0.701783 	1.523155 	0.826514 	1.744456 	1.446764 	1.470544 	0.925338 	1.978952 	1.926947 	1.050000 	1.377044 	1.557241 	1.475847 	1.634396 	1.725724 	
1.281113 	0.803508 	0.789383 	0.575543 	0.951972 	0.550000 	1.454519 	1.464795 	0.771767 	1.453444 	2.037308 	1.328768 	2.130874 	1.825000 	2.737243 	0.212132 	1.889775 	0.325960 	0.553399 	1.107080 	1.724094 	0.536773 	1.539683 	1.089151 	9.000000 	1.005609 	0.985203 	0.477624 	0.125000 	0.111803 	0.870704 	0.742462 	0.915492 	1.020110 	0.571183 	0.475657 	0.534439 	0.673146 	0.467039 	0.491172 	0.550000 	0.901388 	0.867828 	0.588430 	0.672681 	0.755811 	0.760345 	0.806226 	0.956883 	
2.163331 	0.500625 	1.665270 	0.650000 	0.364006 	0.637377 	2.375000 	2.401172 	0.908639 	0.785016 	2.873695 	0.689656 	2.550122 	1.985730 	3.296400 	0.990581 	2.820018 	0.743303 	0.500000 	0.201556 	2.666693 	1.502706 	2.497624 	0.100000 	1.005609 	9.000000 	0.025000 	1.480076 	0.887764 	1.116356 	0.152069 	0.304138 	1.921100 	2.025617 	0.602080 	1.431782 	0.726722 	1.654728 	1.352082 	1.375682 	0.825379 	1.889775 	1.835245 	0.950000 	1.277204 	1.457738 	1.375909 	1.535008 	1.625769 	
2.149564 	0.500000 	1.650757 	0.640800 	0.371652 	0.626997 	2.360085 	2.385634 	0.905539 	0.805062 	2.862254 	0.707990 	2.550000 	1.990603 	3.293649 	0.973717 	2.805018 	0.726722 	0.485412 	0.223607 	2.651061 	1.484924 	2.481179 	0.125000 	0.985203 	0.025000 	9.000000 	1.460308 	0.866747 	1.095730 	0.127475 	0.279509 	1.900658 	2.005306 	0.577170 	1.409122 	0.701783 	1.632483 	1.328533 	1.352082 	0.800391 	1.867652 	1.812457 	0.925000 	1.252248 	1.432873 	1.350926 	1.510174 	1.600781 	
