Total assets = 642
Number of asset nodes = 33

Distance:
999.000000 	10.049875 	68.117546 	75.432091 	40.224369 	11.180340 	19.416489 	75.073296 	52.801514 	18.681541 	25.495098 	27.018513 	50.039986 	52.086468 	25.709921 	32.572994 	34.205261 	17.804493 	98.229324 	13.892444 	53.254108 	14.142136 	24.166092 	74.249580 	26.305893 	83.546394 	72.180328 	22.803509 	35.227829 	17.691807 	92.195442 	31.304953 	54.561890 	42.638012 	65.802734 	24.331051 	86.278618 	29.732138 	35.777088 	45.354160 	43.908997 	89.872131 	43.566040 	70.491135 	46.647614 	31.016125 	27.202942 	65.069191 	47.010635 	27.586229 	68.000000 	
10.049875 	999.000000 	61.294373 	68.796799 	31.827662 	16.970562 	9.486833 	68.007355 	44.553337 	24.207438 	34.481880 	27.513634 	60.074955 	62.128899 	35.693138 	42.449970 	28.231188 	13.038404 	91.923882 	13.341664 	44.687805 	11.000000 	30.479502 	66.708321 	16.278820 	76.400261 	64.443771 	28.017851 	42.426407 	13.341664 	85.211502 	37.643059 	63.007935 	50.249378 	57.384666 	14.866069 	78.873314 	35.227829 	42.011902 	35.440090 	50.447994 	82.073135 	33.541019 	61.611687 	53.263496 	33.837849 	20.808653 	73.246162 	53.413483 	22.360680 	58.830265 	
68.117546 	61.294373 	999.000000 	7.615773 	31.016125 	78.006409 	54.120235 	7.211102 	20.099751 	85.445892 	78.549347 	49.739319 	108.406639 	110.639053 	90.138779 	97.308784 	33.970577 	50.328918 	30.870699 	73.925636 	22.000000 	70.710678 	91.607857 	9.000000 	51.264023 	15.620500 	9.486833 	89.308456 	103.232750 	71.112587 	24.083189 	98.812958 	122.347862 	110.751976 	15.811388 	59.464275 	18.867962 	96.519424 	103.227905 	41.000000 	111.606453 	23.769728 	45.011108 	21.931713 	114.402794 	94.413979 	71.470276 	133.003754 	114.621117 	74.946648 	25.612497 	
75.432091 	68.796799 	7.615773 	999.000000 	38.626415 	85.445892 	61.717098 	4.242640 	27.459061 	92.913940 	84.876381 	56.035702 	114.586212 	116.811813 	97.000000 	104.139328 	41.231056 	57.628117 	23.259407 	81.492332 	29.154760 	78.294319 	99.045441 	9.219544 	58.872746 	9.486833 	11.661903 	96.798759 	110.602890 	78.721024 	17.029387 	106.254410 	129.495178 	118.067780 	20.880613 	67.067131 	13.341664 	104.009613 	110.679718 	48.093658 	119.037811 	19.104973 	52.153618 	25.553865 	121.827744 	102.000000 	79.056938 	140.185593 	122.065559 	82.540901 	29.966648 	
40.224369 	31.827662 	31.016125 	38.626415 	999.000000 	48.795490 	23.600847 	37.121422 	12.727922 	55.901699 	57.271286 	32.249031 	86.683334 	88.887573 	64.845970 	72.006943 	12.649111 	23.769728 	61.846584 	43.600460 	13.038404 	40.224369 	62.241467 	35.227829 	20.248457 	45.276924 	32.802441 	59.548298 	74.249580 	40.311287 	54.203320 	69.354164 	94.641426 	82.073135 	25.612497 	28.460499 	47.434166 	66.708321 	73.661385 	16.278820 	82.134033 	50.328918 	18.867962 	30.413813 	84.958817 	63.812225 	40.521599 	104.995239 	85.041168 	43.965897 	28.460499 	
11.180340 	16.970562 	78.006409 	85.445892 	48.795490 	999.000000 	25.806976 	84.811554 	61.522354 	7.615773 	30.413813 	38.118237 	48.836460 	50.635956 	23.537205 	29.017237 	44.418465 	28.178005 	108.452751 	9.055386 	61.619801 	12.041595 	13.601471 	83.630135 	31.764761 	93.236259 	81.394104 	11.704700 	25.455845 	15.033297 	102.004898 	20.808653 	46.324940 	33.301651 	74.330345 	26.925823 	95.775780 	18.788294 	25.238859 	50.990196 	33.600594 	99.035347 	48.466484 	78.409180 	36.400551 	20.024984 	24.515301 	56.400356 	36.619667 	23.409399 	75.451973 	
19.416489 	9.486833 	54.120235 	61.717098 	23.600847 	25.806976 	999.000000 	60.539242 	36.235340 	32.557640 	42.579338 	29.206163 	69.260376 	71.344238 	45.122055 	51.923019 	23.086792 	12.806249 	84.970581 	20.000000 	36.069378 	16.643316 	38.948685 	58.821766 	7.000000 	68.796799 	56.400356 	36.069378 	51.088158 	17.088007 	77.698135 	45.967381 	72.111023 	59.033890 	48.795490 	9.433981 	71.028160 	43.185646 	50.209560 	25.961510 	58.694122 	73.878281 	24.186773 	52.630791 	61.522354 	40.311287 	20.223749 	82.200974 	61.554855 	23.021729 	49.648766 	
75.073296 	68.007355 	7.211102 	4.242640 	37.121422 	84.811554 	60.539242 	999.000000 	25.298222 	92.200867 	85.755463 	56.938564 	115.602768 	117.834633 	97.308784 	104.484451 	41.012192 	57.314919 	25.000000 	80.454956 	26.683329 	77.175125 	98.407318 	5.000000 	57.271286 	8.485281 	7.615773 	96.020828 	110.113579 	77.414467 	17.204651 	105.603027 	129.402466 	117.686020 	17.262676 	65.391129 	11.661903 	103.227905 	110.000000 	45.398239 	118.406082 	16.763054 	49.497475 	21.470911 	121.210564 	100.846420 	77.252831 	140.035706 	121.400162 	80.777473 	26.000000 	
52.801514 	44.553337 	20.099751 	27.459061 	12.727922 	61.522354 	36.235340 	25.298222 	999.000000 	68.622154 	68.308128 	41.303753 	98.081596 	100.304535 	77.025970 	84.219948 	21.587032 	35.846897 	50.289165 	56.222771 	2.828427 	52.801514 	74.966660 	22.825424 	32.249031 	33.105892 	20.248457 	72.249565 	86.977005 	52.697250 	42.047592 	82.073135 	107.298645 	94.794518 	13.038404 	40.249222 	34.985710 	79.397736 	86.371292 	21.095022 	94.847244 	37.643059 	25.019993 	18.681541 	97.672920 	76.275818 	52.000000 	117.686020 	97.744568 	55.542778 	18.000000 	
18.681541 	24.207438 	85.445892 	92.913940 	55.901699 	7.615773 	32.557640 	92.200867 	68.622154 	999.000000 	34.132095 	45.398239 	47.759815 	49.335587 	23.323807 	27.202942 	51.971146 	35.777088 	115.965515 	13.416408 	68.593002 	17.000000 	6.403124 	90.906548 	38.013157 	100.603180 	88.617157 	4.123106 	18.601076 	18.973665 	109.402924 	13.453624 	40.249222 	26.627054 	81.320351 	32.202484 	103.077644 	11.180340 	17.804493 	56.938564 	26.248810 	106.216759 	54.120235 	85.146935 	29.068884 	13.601471 	27.073973 	49.929951 	29.206163 	25.019993 	82.006096 	
25.495098 	34.481880 	78.549347 	84.876381 	57.271286 	30.413813 	42.579338 	85.755463 	68.308128 	34.132095 	999.000000 	28.844410 	29.966648 	32.202484 	17.117243 	22.472204 	46.818798 	34.132095 	105.645638 	37.802116 	69.641945 	39.115215 	35.468296 	86.353920 	49.497475 	94.031906 	84.970581 	37.121422 	40.112343 	42.720020 	101.833199 	40.024994 	50.328918 	44.181442 	80.993828 	49.335587 	97.416634 	41.109608 	43.566040 	67.000000 	49.010204 	102.083298 	66.121101 	86.977005 	51.009804 	47.413078 	52.478565 	60.926186 	52.000000 	52.430908 	85.615417 	
27.018513 	27.513634 	49.739319 	56.035702 	32.249031 	38.118237 	29.206163 	56.938564 	41.303753 	45.398239 	28.844410 	999.000000 	58.668560 	60.901562 	42.011902 	48.918301 	20.000000 	16.401220 	77.103828 	39.458839 	43.104523 	38.078865 	50.219517 	57.697487 	33.970577 	65.192024 	56.462376 	49.497475 	59.808025 	40.804413 	73.006851 	57.008770 	75.716576 	66.211784 	53.366657 	38.600517 	68.600288 	56.089214 	61.400326 	45.880280 	68.949257 	73.355301 	46.518814 	59.841457 	71.512238 	58.034473 	47.853943 	86.533234 	72.111023 	49.769470 	59.211487 	
50.039986 	60.074955 	108.406639 	114.586212 	86.683334 	48.836460 	69.260376 	115.602768 	98.081596 	47.759815 	29.966648 	58.668560 	999.000000 	2.236068 	25.317978 	20.615528 	76.694199 	63.063461 	134.807266 	57.870544 	99.297531 	60.530983 	44.721359 	116.297035 	76.236473 	123.822456 	114.934761 	48.332184 	40.360870 	63.788715 	131.468628 	44.407207 	35.171009 	38.600517 	110.860275 	74.027023 	127.263504 	47.707443 	45.343136 	94.894676 	45.607018 	132.003784 	93.434471 	116.709038 	46.043457 	56.938564 	73.348480 	43.104523 	47.434166 	72.034714 	115.134705 	
52.086468 	62.128899 	110.639053 	116.811813 	88.887573 	50.635956 	71.344238 	117.834633 	100.304535 	49.335587 	32.202484 	60.901562 	2.236068 	999.000000 	27.166155 	22.135944 	78.924011 	65.253349 	137.003647 	59.682495 	101.513542 	62.393909 	46.097721 	118.532700 	78.313469 	126.051575 	117.170815 	49.769470 	41.231056 	65.620117 	133.689941 	45.486263 	34.785053 	39.051247 	113.088463 	76.006577 	129.495178 	48.877399 	46.227695 	97.015465 	46.097721 	134.238586 	95.524864 	118.928551 	46.400433 	58.180752 	75.133217 	42.296574 	47.801674 	73.756355 	117.341385 	
25.709921 	35.693138 	90.138779 	97.000000 	64.845970 	23.537205 	45.122055 	97.308784 	77.025970 	23.323807 	17.117243 	42.011902 	25.317978 	27.166155 	999.000000 	7.211102 	56.612720 	41.182522 	118.827606 	32.557640 	77.826729 	35.227829 	21.931713 	97.200821 	51.971146 	105.759163 	95.441078 	24.839485 	23.537205 	38.470768 	114.021927 	24.596748 	34.000000 	27.073973 	90.049988 	49.040798 	108.853111 	26.627054 	27.513634 	71.063354 	32.140316 	113.004425 	69.231499 	95.257545 	34.014702 	34.655445 	48.052055 	44.777225 	35.057095 	46.840153 	93.107468 	
32.572994 	42.449970 	97.308784 	104.139328 	72.006943 	29.017237 	51.923019 	104.484451 	84.219948 	27.202942 	22.472204 	48.918301 	20.615528 	22.135944 	7.211102 	999.000000 	63.820061 	48.373547 	125.872955 	38.052597 	85.000000 	41.000000 	24.186773 	104.403069 	58.694122 	112.929184 	102.649887 	27.730848 	21.954498 	44.045429 	121.165176 	24.758837 	27.856777 	23.345236 	97.247108 	55.326305 	116.038788 	27.658634 	26.627054 	77.884529 	29.410883 	120.208153 	75.927597 	102.420700 	30.805843 	36.619667 	53.338543 	38.483765 	32.015621 	51.788029 	100.224747 	
34.205261 	28.231188 	33.970577 	41.231056 	12.649111 	44.418465 	23.086792 	41.012192 	21.587032 	51.971146 	46.818798 	20.000000 	76.694199 	78.924011 	56.612720 	63.820061 	999.000000 	16.401220 	64.070274 	41.436699 	23.194826 	38.600517 	57.982758 	40.607880 	23.537205 	49.497475 	38.832977 	55.946404 	69.404610 	39.812057 	58.051701 	65.192024 	88.391174 	76.837494 	34.176014 	31.144823 	52.402290 	63.134777 	69.641945 	28.017851 	77.935867 	56.400356 	29.732138 	40.261642 	80.709358 	62.032249 	43.011627 	99.035347 	80.993828 	46.010868 	39.319206 	
17.804493 	13.038404 	50.328918 	57.628117 	23.769728 	28.178005 	12.806249 	57.314919 	35.846897 	35.777088 	34.132095 	16.401220 	63.063461 	65.253349 	41.182522 	48.373547 	16.401220 	999.000000 	80.448738 	26.305893 	36.674240 	24.020824 	41.677334 	56.639210 	18.027756 	65.795135 	54.671749 	39.812057 	53.009434 	26.076809 	74.411018 	48.877399 	72.138756 	60.440052 	48.877399 	22.203604 	68.593002 	46.957428 	53.338543 	33.136082 	61.587337 	72.346390 	32.756680 	54.129475 	64.350601 	46.572525 	31.953091 	82.734512 	64.660652 	34.205261 	52.201534 	
98.229324 	91.923882 	30.870699 	23.259407 	61.846584 	108.452751 	84.970581 	25.000000 	50.289165 	115.965515 	105.645638 	77.103828 	134.807266 	137.003647 	118.827606 	125.872955 	64.070274 	80.448738 	999.000000 	104.709122 	51.662365 	101.533249 	122.036880 	28.284271 	82.079231 	18.027756 	31.257000 	119.887444 	133.454117 	101.980392 	10.440307 	129.247818 	151.855194 	140.801285 	41.194660 	90.249657 	18.248287 	127.094452 	133.689941 	70.213959 	142.003525 	21.023796 	74.330345 	43.104523 	144.779144 	125.239769 	102.181213 	162.606888 	145.055161 	105.688217 	48.093658 	
13.892444 	13.341664 	73.925636 	81.492332 	43.600460 	9.055386 	20.000000 	80.454956 	56.222771 	13.416408 	37.802116 	39.458839 	57.870544 	59.682495 	32.557640 	38.052597 	41.436699 	26.305893 	104.709122 	999.000000 	55.973209 	3.605551 	19.723083 	78.816238 	24.839485 	88.752464 	76.400261 	16.401220 	31.906113 	6.000000 	97.637085 	26.400757 	53.665630 	39.962482 	68.680420 	18.788294 	91.021973 	23.345236 	30.479502 	43.566040 	38.948685 	93.861603 	40.706264 	72.180328 	41.773197 	20.615528 	15.524175 	63.285069 	41.725292 	14.764823 	68.883957 	
53.254108 	44.687805 	22.000000 	29.154760 	13.038404 	61.619801 	36.069378 	26.683329 	2.828427 	68.593002 	69.641945 	43.104523 	99.297531 	101.513542 	77.826729 	85.000000 	23.194826 	36.674240 	51.662365 	55.973209 	999.000000 	52.497620 	74.966660 	23.769728 	31.622776 	34.176014 	21.023796 	72.138756 	87.045967 	52.201534 	43.081318 	82.024384 	107.615051 	94.921021 	12.727922 	39.446167 	35.777088 	79.246452 	86.278618 	19.000000 	94.762863 	38.013157 	23.021729 	17.464249 	97.590981 	75.802376 	50.990196 	117.923706 	97.621719 	54.561890 	16.124516 	
14.142136 	11.000000 	70.710678 	78.294319 	40.224369 	12.041595 	16.643316 	77.175125 	52.801514 	17.000000 	39.115215 	38.078865 	60.530983 	62.393909 	35.227829 	41.000000 	38.600517 	24.020824 	101.533249 	3.605551 	52.497620 	999.000000 	23.323807 	75.451973 	21.260292 	85.440041 	73.006851 	20.000000 	35.510563 	3.605551 	94.339813 	30.000000 	57.245087 	43.566040 	65.192024 	15.231546 	87.658424 	26.907248 	34.058773 	39.962482 	42.520584 	90.426765 	37.121422 	68.622154 	45.343136 	23.706539 	13.416408 	66.887962 	45.276924 	13.453624 	65.299309 	
24.166092 	30.479502 	91.607857 	99.045441 	62.241467 	13.601471 	38.948685 	98.407318 	74.966660 	6.403124 	35.468296 	50.219517 	44.721359 	46.097721 	21.931713 	24.186773 	57.982758 	41.677334 	122.036880 	19.723083 	74.966660 	23.323807 	999.000000 	97.185387 	44.407207 	106.826965 	94.921021 	4.000000 	12.206555 	25.079872 	115.602768 	7.211102 	34.014702 	20.248457 	87.692642 	38.470768 	109.343498 	6.000000 	11.661903 	63.285069 	20.000000 	112.538879 	60.415230 	91.547798 	22.803509 	12.727922 	32.557640 	43.566040 	23.021729 	30.149628 	88.408142 	
74.249580 	66.708321 	9.000000 	9.219544 	35.227829 	83.630135 	58.821766 	5.000000 	22.825424 	90.906548 	86.353920 	57.697487 	116.297035 	118.532700 	97.200821 	104.403069 	40.607880 	56.639210 	28.284271 	78.816238 	23.769728 	75.451973 	97.185387 	999.000000 	55.072678 	10.440307 	3.000000 	94.641426 	109.041275 	75.471848 	19.313208 	104.350372 	128.763351 	116.726173 	13.000000 	63.063461 	12.206555 	101.828285 	108.706024 	41.976185 	117.153748 	15.811388 	46.097721 	16.552946 	119.970833 	99.020203 	74.732857 	139.316193 	120.104118 	78.294319 	21.189621 	
26.305893 	16.278820 	51.264023 	58.872746 	20.248457 	31.764761 	7.000000 	57.271286 	32.249031 	38.013157 	49.497475 	33.970577 	76.236473 	78.313469 	51.971146 	58.694122 	23.537205 	18.027756 	82.079231 	24.839485 	31.622776 	21.260292 	44.407207 	55.072678 	999.000000 	65.299309 	52.478565 	41.231056 	56.612720 	20.615528 	74.242844 	51.224995 	78.032043 	64.637451 	44.204071 	8.246211 	67.230942 	48.166378 	55.317268 	19.313208 	63.780876 	69.634758 	17.262676 	47.381432 	66.603302 	44.204071 	20.396078 	87.920418 	66.528191 	23.769728 	44.045429 	
83.546394 	76.400261 	15.620500 	9.486833 	45.276924 	93.236259 	68.796799 	8.485281 	33.105892 	100.603180 	94.031906 	65.192024 	123.822456 	126.051575 	105.759163 	112.929184 	49.497475 	65.795135 	18.027756 	88.752464 	34.176014 	85.440041 	106.826965 	10.440307 	65.299309 	999.000000 	13.341664 	104.403069 	118.562218 	85.586212 	8.944272 	114.017540 	137.887634 	126.150703 	23.194826 	73.348480 	4.000000 	111.606453 	118.406082 	52.392746 	126.822708 	10.049875 	56.515484 	25.317978 	129.630249 	109.077957 	85.088188 	148.519363 	129.807556 	88.639717 	30.265491 	
72.180328 	64.443771 	9.486833 	11.661903 	32.802441 	81.394104 	56.400356 	7.615773 	20.248457 	88.617157 	84.970581 	56.462376 	114.934761 	117.170815 	95.441078 	102.649887 	38.832977 	54.671749 	31.257000 	76.400261 	21.023796 	73.006851 	94.921021 	3.000000 	52.478565 	13.341664 	999.000000 	92.314682 	106.831642 	72.945183 	22.135944 	102.068604 	126.732002 	114.560028 	10.000000 	60.415230 	14.764823 	99.488693 	106.404884 	39.051247 	114.865135 	17.691807 	43.174065 	13.892444 	117.686020 	96.519424 	72.013885 	137.244308 	117.796432 	75.584389 	18.384777 	
22.803509 	28.017851 	89.308456 	96.798759 	59.548298 	11.704700 	36.069378 	96.020828 	72.249565 	4.123106 	37.121422 	49.497475 	48.332184 	49.769470 	24.839485 	27.730848 	55.946404 	39.812057 	119.887444 	16.401220 	72.138756 	20.000000 	4.000000 	94.641426 	41.231056 	104.403069 	92.314682 	999.000000 	15.652476 	21.470911 	113.225441 	10.000000 	37.696156 	23.706539 	84.864601 	34.985710 	106.826965 	7.211102 	14.142136 	59.908264 	22.627417 	109.877205 	56.938564 	88.526833 	25.455845 	10.295630 	28.635643 	47.010635 	25.495098 	26.172504 	85.276024 	
35.227829 	42.426407 	103.232750 	110.602890 	74.249580 	25.455845 	51.088158 	110.113579 	86.977005 	18.601076 	40.112343 	59.808025 	40.360870 	41.231056 	23.537205 	21.954498 	69.404610 	53.009434 	133.454117 	31.906113 	87.045967 	35.510563 	12.206555 	109.041275 	56.612720 	118.562218 	106.831642 	15.652476 	999.000000 	37.121422 	127.283150 	6.082763 	22.135944 	8.062258 	99.764725 	50.606323 	121.165176 	10.049875 	5.000000 	75.471848 	9.219544 	124.482933 	72.560318 	103.711136 	11.704700 	19.104973 	43.965897 	31.384710 	12.369317 	41.231056 	100.603180 	
17.691807 	13.341664 	71.112587 	78.721024 	40.311287 	15.033297 	17.088007 	77.414467 	52.697250 	18.973665 	42.720020 	40.804413 	63.788715 	65.620117 	38.470768 	44.045429 	39.812057 	26.076809 	101.980392 	6.000000 	52.201534 	3.605551 	25.079872 	75.471848 	20.615528 	85.586212 	72.945183 	21.470911 	37.121422 	999.000000 	94.514549 	31.384710 	59.093147 	45.177429 	64.815125 	13.601471 	87.664131 	28.017851 	35.227829 	38.600517 	43.600460 	90.210861 	35.510563 	67.896980 	46.400433 	23.600847 	9.848858 	68.476273 	46.227695 	9.899495 	64.381676 	
92.195442 	85.211502 	24.083189 	17.029387 	54.203320 	102.004898 	77.698135 	17.204651 	42.047592 	109.402924 	101.833199 	73.006851 	131.468628 	133.689941 	114.021927 	121.165176 	58.051701 	74.411018 	10.440307 	97.637085 	43.081318 	94.339813 	115.602768 	19.313208 	74.242844 	8.944272 	22.135944 	113.225441 	127.283150 	94.514549 	999.000000 	122.800652 	146.413803 	134.825821 	31.780497 	82.292160 	8.000000 	120.432556 	127.200630 	61.131008 	135.602356 	10.816654 	65.253349 	33.000000 	138.405197 	117.991524 	94.021271 	157.079605 	138.600143 	97.575615 	38.000000 	
31.304953 	37.643059 	98.812958 	106.254410 	69.354164 	20.808653 	45.967381 	105.603027 	82.073135 	13.453624 	40.024994 	57.008770 	44.407207 	45.486263 	24.596748 	24.758837 	65.192024 	48.877399 	129.247818 	26.400757 	82.024384 	30.000000 	7.211102 	104.350372 	51.224995 	114.017540 	102.068604 	10.000000 	6.082763 	31.384710 	122.800652 	999.000000 	28.160255 	13.928389 	94.752312 	44.944408 	116.516090 	4.000000 	4.472136 	69.892776 	12.806249 	119.670380 	66.887962 	98.493652 	15.620500 	13.341664 	37.947330 	37.121422 	15.811388 	35.171009 	95.268044 	
54.561890 	63.007935 	122.347862 	129.495178 	94.641426 	46.324940 	72.111023 	129.402466 	107.298645 	40.249222 	50.328918 	75.716576 	35.171009 	34.785053 	34.000000 	27.856777 	88.391174 	72.138756 	151.855194 	53.665630 	107.615051 	57.245087 	34.014702 	128.763351 	78.032043 	137.887634 	126.732002 	37.696156 	22.135944 	59.093147 	146.413803 	28.160255 	999.000000 	14.317822 	120.253899 	72.449982 	140.730240 	32.015621 	25.317978 	97.128784 	19.104973 	144.422989 	94.366310 	124.619423 	17.464249 	40.311287 	66.098412 	10.816654 	18.681541 	63.324562 	121.757957 	
42.638012 	50.249378 	110.751976 	118.067780 	82.073135 	33.301651 	59.033890 	117.686020 	94.794518 	26.627054 	44.181442 	66.211784 	38.600517 	39.051247 	27.073973 	23.345236 	76.837494 	60.440052 	140.801285 	39.962482 	94.921021 	43.566040 	20.248457 	116.726173 	64.637451 	126.150703 	114.560028 	23.706539 	8.062258 	45.177429 	134.825821 	13.928389 	14.317822 	999.000000 	107.628990 	58.668560 	128.817703 	17.720045 	11.045361 	83.528435 	7.071068 	132.230865 	80.622574 	111.664673 	7.615773 	26.076809 	51.865211 	23.323807 	8.944272 	49.040798 	108.600182 	
65.802734 	57.384666 	15.811388 	20.880613 	25.612497 	74.330345 	48.795490 	17.262676 	13.038404 	81.320351 	80.993828 	53.366657 	110.860275 	113.088463 	90.049988 	97.247108 	34.176014 	48.877399 	41.194660 	68.680420 	12.727922 	65.192024 	87.692642 	13.000000 	44.204071 	23.194826 	10.000000 	84.864601 	99.764725 	64.815125 	31.780497 	94.752312 	120.253899 	107.628990 	999.000000 	51.865211 	24.041630 	91.967384 	99.005051 	29.410883 	107.489532 	25.553865 	33.526108 	7.280110 	110.317726 	88.408142 	63.134777 	130.598618 	110.344917 	66.730804 	9.899495 	
24.331051 	14.866069 	59.464275 	67.067131 	28.460499 	26.925823 	9.433981 	65.391129 	40.249222 	32.202484 	49.335587 	38.600517 	74.027023 	76.006577 	49.040798 	55.326305 	31.144823 	22.203604 	90.249657 	18.788294 	39.446167 	15.231546 	38.470768 	63.063461 	8.246211 	73.348480 	60.415230 	34.985710 	50.606323 	13.601471 	82.292160 	44.944408 	72.449982 	58.668560 	51.865211 	999.000000 	75.179787 	41.617306 	48.826221 	25.000000 	57.201397 	77.388626 	21.954498 	54.561890 	60.000000 	36.796738 	12.165525 	81.987801 	59.816387 	15.524175 	50.911690 	
86.278618 	78.873314 	18.867962 	13.341664 	47.434166 	95.775780 	71.028160 	11.661903 	34.985710 	103.077644 	97.416634 	68.600288 	127.263504 	129.495178 	108.853111 	116.038788 	52.402290 	68.593002 	18.248287 	91.021973 	35.777088 	87.658424 	109.343498 	12.206555 	67.230942 	4.000000 	14.764823 	106.826965 	121.165176 	87.664131 	8.000000 	116.516090 	140.730240 	128.817703 	24.041630 	75.179787 	999.000000 	114.017540 	120.880104 	53.450912 	129.321304 	6.082763 	57.567352 	25.000000 	132.136292 	111.220505 	86.764046 	151.320847 	132.279999 	90.338257 	30.000000 	
29.732138 	35.227829 	96.519424 	104.009613 	66.708321 	18.788294 	43.185646 	103.227905 	79.397736 	11.180340 	41.109608 	56.089214 	47.707443 	48.877399 	26.627054 	27.658634 	63.134777 	46.957428 	127.094452 	23.345236 	79.246452 	26.907248 	6.000000 	101.828285 	48.166378 	111.606453 	99.488693 	7.211102 	10.049875 	28.017851 	120.432556 	4.000000 	32.015621 	17.720045 	91.967384 	41.617306 	114.017540 	999.000000 	7.211102 	66.610809 	15.620500 	117.034180 	63.513779 	95.524864 	18.439089 	9.486833 	34.176014 	40.718548 	18.384777 	31.320919 	92.195442 	
35.777088 	42.011902 	103.227905 	110.679718 	73.661385 	25.238859 	50.209560 	110.000000 	86.371292 	17.804493 	43.566040 	61.400326 	45.343136 	46.227695 	27.513634 	26.627054 	69.641945 	53.338543 	133.689941 	30.479502 	86.278618 	34.058773 	11.661903 	108.706024 	55.317268 	118.406082 	106.404884 	14.142136 	5.000000 	35.227829 	127.200630 	4.472136 	25.317978 	11.045361 	99.005051 	48.826221 	120.880104 	7.211102 	999.000000 	73.817345 	8.485281 	123.987900 	70.724815 	102.649887 	11.313708 	15.033297 	41.231056 	33.615471 	11.401754 	38.275318 	99.357941 	
45.354160 	35.440090 	41.000000 	48.093658 	16.278820 	50.990196 	25.961510 	45.398239 	21.095022 	56.938564 	67.000000 	45.880280 	94.894676 	97.015465 	71.063354 	77.884529 	28.017851 	33.136082 	70.213959 	43.566040 	19.000000 	39.962482 	63.285069 	41.976185 	19.313208 	52.392746 	39.051247 	59.908264 	75.471848 	38.600517 	61.131008 	69.892776 	97.128784 	83.528435 	29.410883 	25.000000 	53.450912 	66.610809 	73.817345 	999.000000 	82.200974 	54.625999 	4.123106 	30.528675 	85.000000 	61.554855 	34.828148 	106.850365 	84.811554 	38.418747 	26.400757 	
43.908997 	50.447994 	111.606453 	119.037811 	82.134033 	33.600594 	58.694122 	118.406082 	94.847244 	26.248810 	49.010204 	68.949257 	45.607018 	46.097721 	32.140316 	29.410883 	77.935867 	61.587337 	142.003525 	38.948685 	94.762863 	42.520584 	20.000000 	117.153748 	63.780876 	126.822708 	114.865135 	22.627417 	9.219544 	43.600460 	135.602356 	12.806249 	19.104973 	7.071068 	107.489532 	57.201397 	129.321304 	15.620500 	8.485281 	82.200974 	999.000000 	132.457535 	79.056938 	111.126053 	2.828427 	22.135944 	49.193497 	25.961510 	3.162278 	46.097721 	107.814659 	
89.872131 	82.073135 	23.769728 	19.104973 	50.328918 	99.035347 	73.878281 	16.763054 	37.643059 	106.216759 	102.083298 	73.355301 	132.003784 	134.238586 	113.004425 	120.208153 	56.400356 	72.346390 	21.023796 	93.861603 	38.013157 	90.426765 	112.538879 	15.811388 	69.634758 	10.049875 	17.691807 	109.877205 	124.482933 	90.210861 	10.816654 	119.670380 	144.422989 	132.230865 	25.553865 	77.388626 	6.082763 	117.034180 	123.987900 	54.625999 	132.457535 	999.000000 	58.694122 	24.738634 	135.281189 	113.811249 	88.684837 	154.935471 	135.369858 	92.282173 	29.614185 	
43.566040 	33.541019 	45.011108 	52.153618 	18.867962 	48.466484 	24.186773 	49.497475 	25.019993 	54.120235 	66.121101 	46.518814 	93.434471 	95.524864 	69.231499 	75.927597 	29.732138 	32.756680 	74.330345 	40.706264 	23.021729 	37.121422 	60.415230 	46.097721 	17.262676 	56.515484 	43.174065 	56.938564 	72.560318 	35.510563 	65.253349 	66.887962 	94.366310 	80.622574 	33.526108 	21.954498 	57.567352 	63.513779 	70.724815 	4.123106 	79.056938 	58.694122 	999.000000 	34.481880 	81.841309 	58.137768 	31.144823 	103.942291 	81.608826 	34.713108 	30.232433 	
70.491135 	61.611687 	21.931713 	25.553865 	30.413813 	78.409180 	52.630791 	21.470911 	18.681541 	85.146935 	86.977005 	59.841457 	116.709038 	118.928551 	95.257545 	102.420700 	40.261642 	54.129475 	43.104523 	72.180328 	17.464249 	68.622154 	91.547798 	16.552946 	47.381432 	25.317978 	13.892444 	88.526833 	103.711136 	67.896980 	33.000000 	98.493652 	124.619423 	111.664673 	7.280110 	54.561890 	25.000000 	95.524864 	102.649887 	30.528675 	111.126053 	24.738634 	34.481880 	999.000000 	113.951744 	91.350975 	65.215027 	134.807266 	113.899078 	68.818604 	5.000000 	
46.647614 	53.263496 	114.402794 	121.827744 	84.958817 	36.400551 	61.522354 	121.210564 	97.672920 	29.068884 	51.009804 	71.512238 	46.043457 	46.400433 	34.014702 	30.805843 	80.709358 	64.350601 	144.779144 	41.773197 	97.590981 	45.343136 	22.803509 	119.970833 	66.603302 	129.630249 	117.686020 	25.455845 	11.704700 	46.400433 	138.405197 	15.620500 	17.464249 	7.615773 	110.317726 	60.000000 	132.136292 	18.439089 	11.313708 	85.000000 	2.828427 	135.281189 	81.841309 	113.951744 	999.000000 	24.698177 	51.884487 	23.537205 	1.414214 	48.754486 	110.634537 	
31.016125 	33.837849 	94.413979 	102.000000 	63.812225 	20.024984 	40.311287 	100.846420 	76.275818 	13.601471 	47.413078 	58.034473 	56.938564 	58.180752 	34.655445 	36.619667 	62.032249 	46.572525 	125.239769 	20.615528 	75.802376 	23.706539 	12.727922 	99.020203 	44.204071 	109.077957 	96.519424 	10.295630 	19.104973 	23.600847 	117.991524 	13.341664 	40.311287 	26.076809 	88.408142 	36.796738 	111.220505 	9.486833 	15.033297 	61.554855 	22.135944 	113.811249 	58.137768 	91.350975 	24.698177 	999.000000 	27.459061 	48.083260 	24.166092 	24.186773 	87.692642 	
27.202942 	20.808653 	71.470276 	79.056938 	40.521599 	24.515301 	20.223749 	77.252831 	52.000000 	27.073973 	52.478565 	47.853943 	73.348480 	75.133217 	48.052055 	53.338543 	43.011627 	31.953091 	102.181213 	15.524175 	50.990196 	13.416408 	32.557640 	74.732857 	20.396078 	85.088188 	72.013885 	28.635643 	43.965897 	9.848858 	94.021271 	37.947330 	66.098412 	51.865211 	63.134777 	12.165525 	86.764046 	34.176014 	41.231056 	34.828148 	49.193497 	88.684837 	31.144823 	65.215027 	51.884487 	27.459061 	999.000000 	74.846512 	51.478149 	3.605551 	61.220913 	
65.069191 	73.246162 	133.003754 	140.185593 	104.995239 	56.400356 	82.200974 	140.035706 	117.686020 	49.929951 	60.926186 	86.533234 	43.104523 	42.296574 	44.777225 	38.483765 	99.035347 	82.734512 	162.606888 	63.285069 	117.923706 	66.887962 	43.566040 	139.316193 	87.920418 	148.519363 	137.244308 	47.010635 	31.384710 	68.476273 	157.079605 	37.121422 	10.816654 	23.323807 	130.598618 	81.987801 	151.320847 	40.718548 	33.615471 	106.850365 	25.961510 	154.935471 	103.942291 	134.807266 	23.537205 	48.083260 	74.846512 	999.000000 	24.331051 	71.867935 	131.825638 	
47.010635 	53.413483 	114.621117 	122.065559 	85.041168 	36.619667 	61.554855 	121.400162 	97.744568 	29.206163 	52.000000 	72.111023 	47.434166 	47.801674 	35.057095 	32.015621 	80.993828 	64.660652 	145.055161 	41.725292 	97.621719 	45.276924 	23.021729 	120.104118 	66.528191 	129.807556 	117.796432 	25.495098 	12.369317 	46.227695 	138.600143 	15.811388 	18.681541 	8.944272 	110.344917 	59.816387 	132.279999 	18.384777 	11.401754 	84.811554 	3.162278 	135.369858 	81.608826 	113.899078 	1.414214 	24.166092 	51.478149 	24.331051 	999.000000 	48.301140 	110.535065 	
27.586229 	22.360680 	74.946648 	82.540901 	43.965897 	23.409399 	23.021729 	80.777473 	55.542778 	25.019993 	52.430908 	49.769470 	72.034714 	73.756355 	46.840153 	51.788029 	46.010868 	34.205261 	105.688217 	14.764823 	54.561890 	13.453624 	30.149628 	78.294319 	23.769728 	88.639717 	75.584389 	26.172504 	41.231056 	9.899495 	97.575615 	35.171009 	63.324562 	49.040798 	66.730804 	15.524175 	90.338257 	31.320919 	38.275318 	38.418747 	46.097721 	92.282173 	34.713108 	68.818604 	48.754486 	24.186773 	3.605551 	71.867935 	48.301140 	999.000000 	64.815125 	
68.000000 	58.830265 	25.612497 	29.966648 	28.460499 	75.451973 	49.648766 	26.000000 	18.000000 	82.006096 	85.615417 	59.211487 	115.134705 	117.341385 	93.107468 	100.224747 	39.319206 	52.201534 	48.093658 	68.883957 	16.124516 	65.299309 	88.408142 	21.189621 	44.045429 	30.265491 	18.384777 	85.276024 	100.603180 	64.381676 	38.000000 	95.268044 	121.757957 	108.600182 	9.899495 	50.911690 	30.000000 	92.195442 	99.357941 	26.400757 	107.814659 	29.614185 	30.232433 	5.000000 	110.634537 	87.692642 	61.220913 	131.825638 	110.535065 	64.815125 	999.000000 	

Travel time:
9.000000 	0.251247 	1.702939 	1.885802 	1.005609 	0.279509 	0.485412 	1.876832 	1.320038 	0.467039 	0.637377 	0.675463 	1.251000 	1.302162 	0.642748 	0.814325 	0.855132 	0.445112 	2.455733 	0.347311 	1.331353 	0.353553 	0.604152 	1.856240 	0.657647 	2.088660 	1.804508 	0.570088 	0.880696 	0.442295 	2.304886 	0.782624 	1.364047 	1.065950 	1.645068 	0.608276 	2.156965 	0.743303 	0.894427 	1.133854 	1.097725 	2.246803 	1.089151 	1.762278 	1.166190 	0.775403 	0.680074 	1.626730 	1.175266 	0.689656 	1.700000 	
0.251247 	9.000000 	1.532359 	1.719920 	0.795692 	0.424264 	0.237171 	1.700184 	1.113833 	0.605186 	0.862047 	0.687841 	1.501874 	1.553222 	0.892328 	1.061249 	0.705780 	0.325960 	2.298097 	0.333542 	1.117195 	0.275000 	0.761988 	1.667708 	0.406971 	1.910007 	1.611094 	0.700446 	1.060660 	0.333542 	2.130288 	0.941076 	1.575198 	1.256234 	1.434617 	0.371652 	1.971833 	0.880696 	1.050297 	0.886002 	1.261200 	2.051828 	0.838525 	1.540292 	1.331587 	0.845946 	0.520216 	1.831154 	1.335337 	0.559017 	1.470757 	
1.702939 	1.532359 	9.000000 	0.190394 	0.775403 	1.950160 	1.353006 	0.180278 	0.502494 	2.136147 	1.963734 	1.243483 	2.710166 	2.765976 	2.253469 	2.432720 	0.849264 	1.258223 	0.771767 	1.848141 	0.550000 	1.767767 	2.290196 	0.225000 	1.281601 	0.390512 	0.237171 	2.232711 	2.580819 	1.777815 	0.602080 	2.470324 	3.058697 	2.768799 	0.395285 	1.486607 	0.471699 	2.412986 	2.580698 	1.025000 	2.790161 	0.594243 	1.125278 	0.548293 	2.860070 	2.360349 	1.786757 	3.325094 	2.865528 	1.873666 	0.640312 	
1.885802 	1.719920 	0.190394 	9.000000 	0.965660 	2.136147 	1.542928 	0.106066 	0.686477 	2.322849 	2.121910 	1.400892 	2.864655 	2.920295 	2.425000 	2.603483 	1.030776 	1.440703 	0.581485 	2.037308 	0.728869 	1.957358 	2.476136 	0.230489 	1.471819 	0.237171 	0.291548 	2.419969 	2.765072 	1.968026 	0.425735 	2.656360 	3.237380 	2.951694 	0.522015 	1.676678 	0.333542 	2.600240 	2.766993 	1.202341 	2.975945 	0.477624 	1.303840 	0.638847 	3.045694 	2.550000 	1.976424 	3.504640 	3.051639 	2.063523 	0.749166 	
1.005609 	0.795692 	0.775403 	0.965660 	9.000000 	1.219887 	0.590021 	0.928036 	0.318198 	1.397542 	1.431782 	0.806226 	2.167083 	2.222189 	1.621149 	1.800174 	0.316228 	0.594243 	1.546165 	1.090011 	0.325960 	1.005609 	1.556037 	0.880696 	0.506211 	1.131923 	0.820061 	1.488707 	1.856240 	1.007782 	1.355083 	1.733854 	2.366036 	2.051828 	0.640312 	0.711512 	1.185854 	1.667708 	1.841535 	0.406971 	2.053351 	1.258223 	0.471699 	0.760345 	2.123971 	1.595306 	1.013040 	2.624881 	2.126029 	1.099147 	0.711512 	
0.279509 	0.424264 	1.950160 	2.136147 	1.219887 	9.000000 	0.645174 	2.120289 	1.538059 	0.190394 	0.760345 	0.952956 	1.220912 	1.265899 	0.588430 	0.725431 	1.110462 	0.704450 	2.711319 	0.226385 	1.540495 	0.301040 	0.340037 	2.090753 	0.794119 	2.330906 	2.034853 	0.292617 	0.636396 	0.375832 	2.550122 	0.520216 	1.158123 	0.832541 	1.858259 	0.673146 	2.394394 	0.469707 	0.630971 	1.274755 	0.840015 	2.475884 	1.211662 	1.960230 	0.910014 	0.500625 	0.612882 	1.410009 	0.915492 	0.585235 	1.886299 	
0.485412 	0.237171 	1.353006 	1.542928 	0.590021 	0.645174 	9.000000 	1.513481 	0.905883 	0.813941 	1.064483 	0.730154 	1.731509 	1.783606 	1.128051 	1.298075 	0.577170 	0.320156 	2.124264 	0.500000 	0.901734 	0.416083 	0.973717 	1.470544 	0.175000 	1.719920 	1.410009 	0.901734 	1.277204 	0.427200 	1.942453 	1.149184 	1.802776 	1.475847 	1.219887 	0.235850 	1.775704 	1.079641 	1.255239 	0.649038 	1.467353 	1.846957 	0.604669 	1.315770 	1.538059 	1.007782 	0.505594 	2.055024 	1.538871 	0.575543 	1.241219 	
1.876832 	1.700184 	0.180278 	0.106066 	0.928036 	2.120289 	1.513481 	9.000000 	0.632456 	2.305022 	2.143887 	1.423464 	2.890069 	2.945866 	2.432720 	2.612111 	1.025305 	1.432873 	0.625000 	2.011374 	0.667083 	1.929378 	2.460183 	0.125000 	1.431782 	0.212132 	0.190394 	2.400521 	2.752840 	1.935362 	0.430116 	2.640076 	3.235062 	2.942151 	0.431567 	1.634778 	0.291548 	2.580698 	2.750000 	1.134956 	2.960152 	0.419076 	1.237437 	0.536773 	3.030264 	2.521161 	1.931321 	3.500893 	3.035004 	2.019437 	0.650000 	
1.320038 	1.113833 	0.502494 	0.686477 	0.318198 	1.538059 	0.905883 	0.632456 	9.000000 	1.715554 	1.707703 	1.032594 	2.452040 	2.507613 	1.925649 	2.105499 	0.539676 	0.896172 	1.257229 	1.405569 	0.070711 	1.320038 	1.874166 	0.570636 	0.806226 	0.827647 	0.506211 	1.806239 	2.174425 	1.317431 	1.051190 	2.051828 	2.682466 	2.369863 	0.325960 	1.006231 	0.874643 	1.984943 	2.159282 	0.527376 	2.371181 	0.941076 	0.625500 	0.467039 	2.441823 	1.906895 	1.300000 	2.942151 	2.443614 	1.388569 	0.450000 	
0.467039 	0.605186 	2.136147 	2.322849 	1.397542 	0.190394 	0.813941 	2.305022 	1.715554 	9.000000 	0.853302 	1.134956 	1.193995 	1.233390 	0.583095 	0.680074 	1.299279 	0.894427 	2.899138 	0.335410 	1.714825 	0.425000 	0.160078 	2.272664 	0.950329 	2.515079 	2.215429 	0.103078 	0.465027 	0.474342 	2.735073 	0.336341 	1.006231 	0.665676 	2.033009 	0.805062 	2.576941 	0.279509 	0.445112 	1.423464 	0.656220 	2.655419 	1.353006 	2.128673 	0.726722 	0.340037 	0.676849 	1.248249 	0.730154 	0.625500 	2.050152 	
0.637377 	0.862047 	1.963734 	2.121910 	1.431782 	0.760345 	1.064483 	2.143887 	1.707703 	0.853302 	9.000000 	0.721110 	0.749166 	0.805062 	0.427931 	0.561805 	1.170470 	0.853302 	2.641141 	0.945053 	1.741049 	0.977880 	0.886707 	2.158848 	1.237437 	2.350798 	2.124264 	0.928036 	1.002809 	1.068001 	2.545830 	1.000625 	1.258223 	1.104536 	2.024846 	1.233390 	2.435416 	1.027740 	1.089151 	1.675000 	1.225255 	2.552083 	1.653028 	2.174425 	1.275245 	1.185327 	1.311964 	1.523155 	1.300000 	1.310773 	2.140385 	
0.675463 	0.687841 	1.243483 	1.400892 	0.806226 	0.952956 	0.730154 	1.423464 	1.032594 	1.134956 	0.721110 	9.000000 	1.466714 	1.522539 	1.050297 	1.222957 	0.500000 	0.410031 	1.927596 	0.986471 	1.077613 	0.951972 	1.255488 	1.442437 	0.849264 	1.629801 	1.411559 	1.237437 	1.495201 	1.020110 	1.825171 	1.425219 	1.892914 	1.655295 	1.334166 	0.965013 	1.715007 	1.402230 	1.535008 	1.147007 	1.723731 	1.833883 	1.162970 	1.496036 	1.787806 	1.450862 	1.196349 	2.163331 	1.802776 	1.244237 	1.480287 	
1.251000 	1.501874 	2.710166 	2.864655 	2.167083 	1.220912 	1.731509 	2.890069 	2.452040 	1.193995 	0.749166 	1.466714 	9.000000 	0.055902 	0.632949 	0.515388 	1.917355 	1.576586 	3.370182 	1.446764 	2.482438 	1.513275 	1.118034 	2.907426 	1.905912 	3.095562 	2.873369 	1.208305 	1.009022 	1.594718 	3.286716 	1.110180 	0.879275 	0.965013 	2.771507 	1.850676 	3.181588 	1.192686 	1.133578 	2.372367 	1.140175 	3.300095 	2.335862 	2.917726 	1.151086 	1.423464 	1.833712 	1.077613 	1.185854 	1.800868 	2.878368 	
1.302162 	1.553222 	2.765976 	2.920295 	2.222189 	1.265899 	1.783606 	2.945866 	2.507613 	1.233390 	0.805062 	1.522539 	0.055902 	9.000000 	0.679154 	0.553399 	1.973100 	1.631334 	3.425091 	1.492062 	2.537838 	1.559848 	1.152443 	2.963317 	1.957837 	3.151289 	2.929270 	1.244237 	1.030776 	1.640503 	3.342248 	1.137157 	0.869626 	0.976281 	2.827212 	1.900164 	3.237380 	1.221935 	1.155692 	2.425387 	1.152443 	3.355965 	2.388122 	2.973214 	1.160011 	1.454519 	1.878330 	1.057414 	1.195042 	1.843909 	2.933535 	
0.642748 	0.892328 	2.253469 	2.425000 	1.621149 	0.588430 	1.128051 	2.432720 	1.925649 	0.583095 	0.427931 	1.050297 	0.632949 	0.679154 	9.000000 	0.180278 	1.415318 	1.029563 	2.970690 	0.813941 	1.945668 	0.880696 	0.548293 	2.430021 	1.299279 	2.643979 	2.386027 	0.620987 	0.588430 	0.961769 	2.850548 	0.614919 	0.850000 	0.676849 	2.251250 	1.226020 	2.721328 	0.665676 	0.687841 	1.776584 	0.803508 	2.825111 	1.730788 	2.381439 	0.850368 	0.866386 	1.201301 	1.119431 	0.876427 	1.171004 	2.327687 	
0.814325 	1.061249 	2.432720 	2.603483 	1.800174 	0.725431 	1.298075 	2.612111 	2.105499 	0.680074 	0.561805 	1.222957 	0.515388 	0.553399 	0.180278 	9.000000 	1.595502 	1.209339 	3.146824 	0.951315 	2.125000 	1.025000 	0.604669 	2.610077 	1.467353 	2.823230 	2.566247 	0.693271 	0.548862 	1.101136 	3.029130 	0.618971 	0.696419 	0.583631 	2.431178 	1.383158 	2.900970 	0.691466 	0.665676 	1.947113 	0.735272 	3.005204 	1.898190 	2.560518 	0.770146 	0.915492 	1.333464 	0.962094 	0.800391 	1.294701 	2.505619 	
0.855132 	0.705780 	0.849264 	1.030776 	0.316228 	1.110462 	0.577170 	1.025305 	0.539676 	1.299279 	1.170470 	0.500000 	1.917355 	1.973100 	1.415318 	1.595502 	9.000000 	0.410031 	1.601757 	1.035918 	0.579871 	0.965013 	1.449569 	1.015197 	0.588430 	1.237437 	0.970824 	1.398660 	1.735115 	0.995301 	1.451293 	1.629801 	2.209779 	1.920937 	0.854400 	0.778621 	1.310057 	1.578369 	1.741049 	0.700446 	1.948397 	1.410009 	0.743303 	1.006541 	2.017734 	1.550806 	1.075291 	2.475884 	2.024846 	1.150272 	0.982980 	
0.445112 	0.325960 	1.258223 	1.440703 	0.594243 	0.704450 	0.320156 	1.432873 	0.896172 	0.894427 	0.853302 	0.410031 	1.576586 	1.631334 	1.029563 	1.209339 	0.410031 	9.000000 	2.011219 	0.657647 	0.916856 	0.600521 	1.041933 	1.415980 	0.450694 	1.644878 	1.366794 	0.995301 	1.325236 	0.651920 	1.860276 	1.221935 	1.803469 	1.511001 	1.221935 	0.555090 	1.714825 	1.173936 	1.333464 	0.828402 	1.539683 	1.808660 	0.818917 	1.353237 	1.608765 	1.164313 	0.798827 	2.068363 	1.616516 	0.855132 	1.305038 	
2.455733 	2.298097 	0.771767 	0.581485 	1.546165 	2.711319 	2.124264 	0.625000 	1.257229 	2.899138 	2.641141 	1.927596 	3.370182 	3.425091 	2.970690 	3.146824 	1.601757 	2.011219 	9.000000 	2.617728 	1.291559 	2.538331 	3.050922 	0.707107 	2.051981 	0.450694 	0.781425 	2.997186 	3.336353 	2.549510 	0.261008 	3.231195 	3.796380 	3.520032 	1.029866 	2.256241 	0.456207 	3.177361 	3.342248 	1.755349 	3.550088 	0.525595 	1.858259 	1.077613 	3.619479 	3.130994 	2.554530 	4.065172 	3.626379 	2.642205 	1.202341 	
0.347311 	0.333542 	1.848141 	2.037308 	1.090011 	0.226385 	0.500000 	2.011374 	1.405569 	0.335410 	0.945053 	0.986471 	1.446764 	1.492062 	0.813941 	0.951315 	1.035918 	0.657647 	2.617728 	9.000000 	1.399330 	0.090139 	0.493077 	1.970406 	0.620987 	2.218812 	1.910007 	0.410031 	0.797653 	0.150000 	2.440927 	0.660019 	1.341641 	0.999062 	1.717010 	0.469707 	2.275549 	0.583631 	0.761988 	1.089151 	0.973717 	2.346540 	1.017657 	1.804508 	1.044330 	0.515388 	0.388104 	1.582127 	1.043132 	0.369121 	1.722099 	
1.331353 	1.117195 	0.550000 	0.728869 	0.325960 	1.540495 	0.901734 	0.667083 	0.070711 	1.714825 	1.741049 	1.077613 	2.482438 	2.537838 	1.945668 	2.125000 	0.579871 	0.916856 	1.291559 	1.399330 	9.000000 	1.312441 	1.874166 	0.594243 	0.790569 	0.854400 	0.525595 	1.803469 	2.176149 	1.305038 	1.077033 	2.050610 	2.690376 	2.373025 	0.318198 	0.986154 	0.894427 	1.981161 	2.156965 	0.475000 	2.369071 	0.950329 	0.575543 	0.436606 	2.439775 	1.895059 	1.274755 	2.948093 	2.440543 	1.364047 	0.403113 	
