Total assets = 670
Number of asset nodes = 33

Distance:
999.000000 	68.242218 	97.000000 	20.396078 	84.628601 	39.849716 	16.124516 	22.000000 	26.076809 	21.000000 	103.392456 	104.737770 	67.424034 	46.872166 	102.176315 	26.925823 	118.088951 	78.032043 	16.401220 	111.126053 	125.992065 	10.440307 	55.027267 	28.600698 	20.615528 	80.622574 	105.261581 	13.038404 	130.969467 	30.000000 	21.400934 	35.057095 	14.422205 	29.068884 	85.088188 	42.296574 	123.794182 	24.413111 	97.097885 	89.067390 	75.392311 	26.419689 	59.439045 	41.400482 	59.228371 	26.076809 	56.718605 	
68.242218 	999.000000 	30.528675 	50.209560 	16.401220 	32.449963 	57.280014 	51.739735 	47.634022 	86.313385 	40.162170 	40.853397 	23.345236 	30.000000 	34.828148 	95.131485 	52.478565 	11.045361 	84.023804 	44.407207 	61.294373 	72.180328 	21.377558 	96.834908 	88.238312 	14.035668 	37.483330 	75.690155 	66.241982 	98.229324 	88.865067 	42.544094 	70.035706 	97.200821 	18.248287 	36.769554 	57.201397 	91.547798 	29.068884 	22.360680 	17.804493 	92.763138 	26.076809 	109.622078 	27.073973 	62.968246 	30.000000 	
97.000000 	30.528675 	999.000000 	80.156097 	16.278820 	62.968246 	87.321243 	82.006096 	78.006409 	113.463654 	12.369317 	12.041595 	34.481880 	52.839378 	6.082763 	123.555656 	21.954498 	25.495098 	113.172432 	14.142136 	30.870699 	101.911728 	51.078373 	125.495018 	117.413795 	25.079872 	10.049875 	105.475113 	35.777088 	126.905479 	118.105888 	73.061615 	100.124924 	126.063477 	23.086792 	67.082039 	26.907248 	120.917328 	16.401220 	22.803509 	37.054016 	122.347862 	53.851646 	138.293167 	54.817879 	93.493317 	58.240879 	
20.396078 	50.209560 	80.156097 	999.000000 	66.528191 	19.697716 	7.211102 	4.472136 	6.324555 	41.194660 	87.920418 	89.050545 	54.424259 	35.510563 	84.899940 	46.615448 	101.828285 	59.203041 	34.481880 	94.260277 	110.208893 	22.022715 	34.928497 	47.853943 	38.587563 	61.611687 	87.681244 	25.495098 	115.208504 	49.193497 	39.115215 	15.132746 	20.000000 	47.885281 	66.030296 	22.022715 	107.056061 	41.617306 	78.409180 	69.892776 	55.461697 	42.638012 	39.051247 	60.415230 	38.832977 	18.110771 	36.345562 	
84.628601 	16.401220 	16.278820 	66.528191 	999.000000 	48.270073 	73.552704 	67.896980 	63.702435 	102.474388 	28.000000 	28.071337 	30.594116 	44.147480 	19.235384 	111.503365 	37.696156 	9.219544 	100.424103 	29.068884 	46.818798 	88.526833 	35.355339 	113.225441 	104.637466 	9.055386 	21.400934 	92.021736 	51.623638 	114.621117 	105.261581 	58.008621 	86.267029 	113.600174 	8.602325 	51.623638 	41.677334 	107.935165 	13.341664 	10.816654 	21.023796 	109.123779 	37.643059 	126.015869 	38.600517 	78.600258 	42.059483 	
39.849716 	32.449963 	62.968246 	19.697716 	48.270073 	999.000000 	26.076809 	20.000000 	15.620500 	60.207973 	72.013885 	72.897186 	43.011627 	29.546574 	67.201187 	66.309875 	84.905830 	40.311287 	54.120235 	76.843994 	93.648277 	41.340054 	15.231546 	67.542580 	58.180752 	42.520584 	69.656296 	44.654228 	98.615417 	68.876701 	58.668560 	10.440307 	38.418747 	67.535179 	46.861500 	8.062258 	89.627007 	61.057350 	59.464275 	50.606323 	35.777088 	61.854668 	20.024984 	80.062477 	20.000000 	30.528675 	18.248287 	
16.124516 	57.280014 	87.321243 	7.211102 	73.552704 	26.076809 	999.000000 	6.324555 	10.770329 	37.054016 	95.131485 	96.260063 	61.465439 	42.201897 	92.021736 	40.804413 	109.018349 	66.068146 	28.231188 	101.414986 	117.413795 	15.264338 	41.182522 	41.785164 	32.202484 	68.410522 	94.762863 	18.601076 	122.413231 	43.081318 	32.649654 	19.416489 	12.806249 	41.629318 	72.801102 	26.925823 	114.214706 	34.985710 	85.276024 	76.609398 	61.773781 	35.805027 	44.598206 	54.129475 	44.271889 	13.416408 	41.484936 	
22.000000 	51.739735 	82.006096 	4.472136 	67.896980 	20.000000 	6.324555 	999.000000 	4.472136 	43.000000 	90.210861 	91.268837 	57.567352 	39.204590 	86.556343 	47.127487 	103.812332 	60.207973 	34.539833 	96.046867 	112.329872 	21.470911 	34.985710 	48.104053 	38.483765 	62.481998 	89.196411 	24.698177 	117.324333 	49.396355 	38.910152 	13.152946 	18.439089 	47.927029 	66.843102 	20.615528 	108.853111 	41.182522 	79.397736 	70.604530 	55.569775 	41.880783 	38.275318 	60.415230 	37.947330 	14.000000 	35.171009 	
26.076809 	47.634022 	78.006409 	6.324555 	63.702435 	15.620500 	10.770329 	4.472136 	999.000000 	47.042534 	86.452301 	87.464279 	54.571056 	37.000000 	82.462112 	51.546097 	99.864906 	55.901699 	39.000000 	92.005432 	108.452751 	25.942244 	30.528675 	52.554733 	42.953465 	58.137768 	85.041168 	29.154760 	113.441612 	53.851646 	43.382023 	9.000000 	22.803509 	52.392746 	62.481998 	16.278820 	104.809349 	45.650848 	75.073296 	66.219330 	51.107731 	46.324940 	33.837849 	64.884514 	33.526108 	16.492422 	30.805843 	
21.000000 	86.313385 	113.463654 	41.194660 	102.474388 	60.207973 	37.054016 	43.000000 	47.042534 	999.000000 	118.444077 	119.970833 	81.394104 	61.073727 	118.983192 	14.142136 	133.686203 	96.664368 	17.029387 	127.412712 	141.014191 	26.000000 	75.186432 	17.117243 	17.888544 	99.403221 	122.331520 	25.553865 	145.910934 	18.248287 	18.788294 	56.035702 	31.384710 	19.026299 	103.870110 	63.198101 	139.807007 	21.189621 	115.381973 	107.935165 	95.210297 	24.351591 	80.062477 	27.730848 	79.906197 	45.221676 	77.524193 	
103.392456 	40.162170 	12.369317 	87.920418 	28.000000 	72.013885 	95.131485 	90.210861 	86.452301 	118.444077 	999.000000 	2.000000 	37.202152 	57.384666 	14.212670 	129.402466 	15.652476 	37.054016 	119.753914 	13.152946 	22.627417 	109.201645 	61.400326 	131.529465 	123.987900 	37.013512 	17.029387 	112.800713 	27.586229 	132.943604 	124.739731 	82.346825 	107.898102 	132.276230 	35.355339 	76.896034 	22.472204 	127.663620 	28.178005 	35.171009 	49.010204 	129.321304 	64.938431 	144.249786 	65.924202 	102.420700 	69.231499 	
104.737770 	40.853397 	12.041595 	89.050545 	28.071337 	72.897186 	96.260063 	91.268837 	87.464279 	119.970833 	2.000000 	999.000000 	38.832977 	58.898216 	13.038404 	130.831955 	13.892444 	37.215588 	121.082619 	11.180340 	21.260292 	110.421921 	61.983868 	132.936081 	125.319588 	37.013512 	15.556349 	114.017540 	26.248810 	134.350296 	126.063477 	83.192551 	109.041275 	133.660019 	35.128338 	77.620872 	20.615528 	128.972870 	27.313000 	34.713108 	49.010204 	130.598618 	65.306969 	145.670868 	66.287254 	103.353760 	69.634758 	
67.424034 	23.345236 	34.481880 	54.424259 	30.594116 	43.011627 	61.465439 	57.567352 	54.571056 	81.394104 	37.202152 	38.832977 	999.000000 	20.615528 	40.521599 	92.763138 	52.697250 	31.764761 	83.815269 	47.423622 	59.665737 	74.303429 	39.217342 	95.015785 	88.005684 	34.438351 	44.384682 	77.897369 	64.536812 	96.426140 	88.814415 	53.150730 	73.824112 	95.900993 	37.336308 	50.089920 	59.169250 	91.836815 	43.104523 	40.804413 	41.109608 	93.744331 	46.097721 	107.628990 	47.010635 	71.063354 	49.040798 	
46.872166 	30.000000 	52.839378 	35.510563 	44.147480 	29.546574 	42.201897 	39.204590 	37.000000 	61.073727 	57.384666 	58.898216 	20.615528 	999.000000 	58.591808 	72.180328 	72.622307 	41.012192 	63.245552 	66.573265 	79.981247 	54.129475 	33.421551 	74.411018 	67.424034 	44.011364 	62.169125 	57.697487 	84.899940 	75.822159 	68.242218 	38.078865 	54.083271 	75.286118 	48.093658 	37.576588 	78.816238 	71.281136 	57.489128 	52.153618 	45.354160 	73.246162 	41.231056 	87.045967 	41.868843 	53.150730 	42.426407 	
102.176315 	34.828148 	6.082763 	84.899940 	19.235384 	67.201187 	92.021736 	86.556343 	82.462112 	118.983192 	14.212670 	13.038404 	40.521599 	58.591808 	999.000000 	128.844864 	18.681541 	28.231188 	118.258194 	9.848858 	27.892651 	106.775467 	54.589375 	130.728729 	122.494896 	27.202942 	4.000000 	110.317726 	32.572994 	132.136292 	123.166557 	77.103828 	104.804581 	131.244049 	24.331051 	70.830788 	22.472204 	125.936493 	14.560220 	23.000000 	38.832977 	127.287079 	56.648037 	143.533966 	57.584721 	97.652443 	61.098282 	
26.925823 	95.131485 	123.555656 	46.615448 	111.503365 	66.309875 	40.804413 	47.127487 	51.546097 	14.142136 	129.402466 	130.831955 	92.763138 	72.180328 	128.844864 	999.000000 	144.360657 	104.957130 	13.038404 	137.644470 	152.029602 	26.305893 	81.541397 	3.000000 	10.198039 	107.540688 	132.003784 	24.020824 	156.977707 	4.123106 	10.440307 	60.166435 	31.064449 	5.099020 	112.004463 	67.720009 	150.233154 	10.816654 	124.020157 	115.974136 	102.044106 	13.453624 	85.381500 	14.866069 	85.070557 	45.000000 	82.280006 	
118.088951 	52.478565 	21.954498 	101.828285 	37.696156 	84.905830 	109.018349 	103.812332 	99.864906 	133.686203 	15.652476 	13.892444 	52.697250 	72.622307 	18.681541 	144.360657 	999.000000 	46.818798 	134.380051 	9.055386 	9.219544 	123.434196 	72.917763 	146.413803 	138.621780 	45.880280 	18.027756 	127.015747 	13.928389 	147.827606 	139.344894 	95.015785 	121.823647 	147.085007 	42.953465 	89.005615 	7.071068 	142.214630 	32.015621 	41.303753 	57.489128 	143.753265 	75.272835 	159.176010 	76.216797 	115.433968 	79.711983 	
78.032043 	11.045361 	25.495098 	59.203041 	9.219544 	40.311287 	66.068146 	60.207973 	55.901699 	96.664368 	37.054016 	37.215588 	31.764761 	41.012192 	28.231188 	104.957130 	46.818798 	999.000000 	93.477272 	38.078865 	55.973209 	81.215759 	26.627054 	106.531685 	97.652443 	3.000000 	30.016663 	84.646324 	60.745369 	107.912003 	98.229324 	49.678970 	78.644768 	106.780151 	7.280110 	43.011627 	50.537113 	100.801788 	19.209373 	11.401754 	12.369317 	101.828285 	28.460499 	119.268608 	29.410883 	70.292244 	32.893768 	
16.401220 	84.023804 	113.172432 	34.481880 	100.424103 	54.120235 	28.231188 	34.539833 	39.000000 	17.029387 	119.753914 	121.082619 	83.815269 	63.245552 	118.258194 	13.038404 	134.380051 	93.477272 	999.000000 	127.310646 	142.341141 	13.341664 	69.318108 	13.601471 	4.242640 	95.963531 	121.264175 	11.000000 	147.322769 	14.866069 	5.000000 	47.434166 	18.027756 	13.416408 	100.404182 	55.027267 	140.014282 	8.062258 	112.645462 	104.307236 	89.894379 	10.440307 	72.801102 	25.942244 	72.449982 	32.015621 	69.570107 	
111.126053 	44.407207 	14.142136 	94.260277 	29.068884 	76.843994 	101.414986 	96.046867 	92.005432 	127.412712 	13.152946 	11.180340 	47.423622 	66.573265 	9.848858 	137.644470 	9.055386 	38.078865 	127.310646 	999.000000 	18.248287 	116.043098 	64.412735 	139.603012 	131.552277 	37.000000 	9.000000 	119.603508 	22.803509 	141.014191 	132.245987 	86.821655 	114.214706 	140.185593 	33.955853 	80.622574 	12.806249 	135.059250 	23.000000 	32.249031 	48.507732 	136.488098 	66.483078 	152.397507 	67.416618 	107.335922 	70.936592 	
125.992065 	61.294373 	30.870699 	110.208893 	46.818798 	93.648277 	117.413795 	112.329872 	108.452751 	141.014191 	22.627417 	21.260292 	59.665737 	79.981247 	27.892651 	152.029602 	9.219544 	55.973209 	142.341141 	18.248287 	999.000000 	131.654846 	81.939003 	154.155762 	146.577621 	55.081757 	27.166155 	135.247925 	5.000000 	155.569916 	147.322769 	103.831596 	130.207520 	154.896744 	52.172791 	97.943863 	9.433981 	150.233154 	41.109608 	50.487621 	66.708321 	151.855194 	84.433403 	166.877197 	85.381500 	124.169243 	88.865067 	
10.440307 	72.180328 	101.911728 	22.022715 	88.526833 	41.340054 	15.264338 	21.470911 	25.942244 	26.000000 	109.201645 	110.421921 	74.303429 	54.129475 	106.775467 	26.305893 	123.434196 	81.215759 	13.341664 	116.043098 	131.654846 	999.000000 	56.435802 	26.925823 	17.088007 	83.600243 	109.622078 	3.605551 	136.652847 	28.160255 	17.464249 	34.176014 	5.385165 	26.570660 	88.005684 	41.785164 	128.817703 	19.723083 	100.424103 	91.836815 	77.025970 	20.615528 	59.615433 	39.000000 	59.236813 	19.416489 	56.302753 	
55.027267 	21.377558 	51.078373 	34.928497 	35.355339 	15.231546 	41.182522 	34.985710 	30.528675 	75.186432 	61.400326 	61.983868 	39.217342 	33.421551 	54.589375 	81.541397 	72.917763 	26.627054 	69.318108 	64.412735 	81.939003 	56.435802 	999.000000 	82.764725 	73.355301 	28.425341 	56.603886 	59.682495 	86.815895 	84.095184 	73.824112 	23.345236 	53.254108 	82.734512 	32.557640 	16.401220 	77.025970 	76.157730 	45.343136 	36.069378 	20.591261 	76.850502 	7.810250 	95.257545 	8.485281 	43.863426 	9.848858 	
28.600698 	96.834908 	125.495018 	47.853943 	113.225441 	67.542580 	41.785164 	48.104053 	52.554733 	17.117243 	131.529465 	132.936081 	95.015785 	74.411018 	130.728729 	3.000000 	146.413803 	106.531685 	13.601471 	139.603012 	154.155762 	26.925823 	82.764725 	999.000000 	10.049875 	109.077957 	133.843185 	24.331051 	159.113174 	1.414214 	10.000000 	61.032780 	31.400637 	2.236068 	113.534134 	68.622154 	152.226807 	9.486833 	125.642349 	117.477661 	103.315056 	11.661903 	86.377083 	12.806249 	86.034874 	45.099888 	83.168503 	
20.615528 	88.238312 	117.413795 	38.587563 	104.637466 	58.180752 	32.202484 	38.483765 	42.953465 	17.888544 	123.987900 	125.319588 	88.005684 	67.424034 	122.494896 	10.198039 	138.621780 	97.652443 	4.242640 	131.552277 	146.577621 	17.088007 	73.355301 	10.049875 	999.000000 	100.124924 	125.495018 	14.317822 	151.558563 	11.180340 	1.000000 	51.264023 	21.377558 	9.486833 	104.560989 	58.872746 	144.256714 	4.123106 	116.828934 	108.452751 	93.941475 	7.000000 	76.694199 	21.931713 	76.321686 	35.057095 	73.389374 	
80.622574 	14.035668 	25.079872 	61.611687 	9.055386 	42.520584 	68.410522 	62.481998 	58.137768 	99.403221 	37.013512 	37.013512 	34.438351 	44.011364 	27.202942 	107.540688 	45.880280 	3.000000 	95.963531 	37.000000 	55.081757 	83.600243 	28.425341 	109.077957 	100.124924 	999.000000 	28.635643 	87.005745 	59.774578 	110.453613 	100.687637 	51.662365 	80.919716 	109.293182 	4.472136 	44.821869 	49.244289 	103.227905 	16.970562 	8.544003 	12.000000 	104.201729 	29.546574 	121.794907 	30.463093 	72.249565 	34.014702 	
105.261581 	37.483330 	10.049875 	87.681244 	21.400934 	69.656296 	94.762863 	89.196411 	85.041168 	122.331520 	17.029387 	15.556349 	44.384682 	62.169125 	4.000000 	132.003784 	18.027756 	30.016663 	121.264175 	9.000000 	27.166155 	109.622078 	56.603886 	133.843185 	125.495018 	28.635643 	999.000000 	113.145920 	31.575306 	135.247925 	126.150703 	79.404030 	107.517441 	134.316788 	25.298222 	72.945183 	20.615528 	128.887543 	14.000000 	23.345236 	39.849716 	130.176804 	58.180752 	146.649246 	59.093147 	100.000000 	62.649822 	
13.038404 	75.690155 	105.475113 	25.495098 	92.021736 	44.654228 	18.601076 	24.698177 	29.154760 	25.553865 	112.800713 	114.017540 	77.897369 	57.697487 	110.317726 	24.020824 	127.015747 	84.646324 	11.000000 	119.603508 	135.247925 	3.605551 	59.682495 	24.331051 	14.317822 	87.005745 	113.145920 	999.000000 	140.246216 	25.495098 	14.560220 	37.161808 	7.071068 	23.769728 	91.400215 	44.777225 	132.382019 	16.552946 	103.855667 	95.210297 	80.262070 	17.204651 	62.649822 	36.055511 	62.241467 	21.023796 	59.236813 	
130.969467 	66.241982 	35.777088 	115.208504 	51.623638 	98.615417 	122.413231 	117.324333 	113.441612 	145.910934 	27.586229 	26.248810 	64.536812 	84.899940 	32.572994 	156.977707 	13.928389 	60.745369 	147.322769 	22.803509 	5.000000 	136.652847 	86.815895 	159.113174 	151.558563 	59.774578 	31.575306 	140.246216 	999.000000 	160.527252 	152.305618 	108.784187 	135.207245 	159.862442 	56.753853 	102.859123 	12.165525 	155.219193 	45.398239 	54.918121 	71.309189 	156.847061 	89.196411 	171.828400 	90.138779 	129.139465 	93.637596 	
30.000000 	98.229324 	126.905479 	49.193497 	114.621117 	68.876701 	43.081318 	49.396355 	53.851646 	18.248287 	132.943604 	134.350296 	96.426140 	75.822159 	132.136292 	4.123106 	147.827606 	107.912003 	14.866069 	141.014191 	155.569916 	28.160255 	84.095184 	1.414214 	11.180340 	110.453613 	135.247925 	25.495098 	160.527252 	999.000000 	11.045361 	62.297672 	32.557640 	2.236068 	114.908661 	69.892776 	153.639191 	10.198039 	127.027557 	118.848640 	104.651802 	12.083046 	87.664131 	11.401754 	87.315521 	46.173584 	84.433403 	
21.400934 	88.865067 	118.105888 	39.115215 	105.261581 	58.668560 	32.649654 	38.910152 	43.382023 	18.788294 	124.739731 	126.063477 	88.814415 	68.242218 	123.166557 	10.440307 	139.344894 	98.229324 	5.000000 	132.245987 	147.322769 	17.464249 	73.824112 	10.000000 	1.000000 	100.687637 	126.150703 	14.560220 	152.305618 	11.045361 	999.000000 	51.623638 	21.587032 	9.219544 	105.118980 	59.236813 	144.958618 	3.162278 	117.413795 	109.000000 	94.413979 	6.000000 	77.077881 	21.540659 	76.694199 	35.128338 	73.736015 	
35.057095 	42.544094 	73.061615 	15.132746 	58.008621 	10.440307 	19.416489 	13.152946 	9.000000 	56.035702 	82.346825 	83.192551 	53.150730 	38.078865 	77.103828 	60.166435 	95.015785 	49.678970 	47.434166 	86.821655 	103.831596 	34.176014 	23.345236 	61.032780 	51.264023 	51.662365 	79.404030 	37.161808 	108.784187 	62.297672 	51.623638 	999.000000 	30.413813 	60.745369 	55.865910 	7.615773 	99.569069 	53.712196 	68.622154 	59.413803 	43.600460 	54.120235 	25.495098 	73.164200 	25.079872 	20.615528 	22.135944 	
14.422205 	70.035706 	100.124924 	20.000000 	86.267029 	38.418747 	12.806249 	18.439089 	22.803509 	31.384710 	107.898102 	109.041275 	73.824112 	54.083271 	104.804581 	31.064449 	121.823647 	78.644768 	18.027756 	114.214706 	130.207520 	5.385165 	53.254108 	31.400637 	21.377558 	80.919716 	107.517441 	7.071068 	135.207245 	32.557640 	21.587032 	30.413813 	999.000000 	30.805843 	85.276024 	38.013157 	127.015747 	23.409399 	97.836601 	89.022469 	73.783470 	23.706539 	55.901699 	43.011627 	55.461697 	14.142136 	52.392746 	
29.068884 	97.200821 	126.063477 	47.885281 	113.600174 	67.535179 	41.629318 	47.927029 	52.392746 	19.026299 	132.276230 	133.660019 	95.900993 	75.286118 	131.244049 	5.099020 	147.085007 	106.780151 	13.416408 	140.185593 	154.896744 	26.570660 	82.734512 	2.236068 	9.486833 	109.293182 	134.316788 	23.769728 	159.862442 	2.236068 	9.219544 	60.745369 	30.805843 	999.000000 	113.740936 	68.352028 	152.839783 	8.062258 	125.924583 	117.660530 	103.310211 	9.848858 	86.162636 	12.529964 	85.796272 	44.283180 	82.873398 	
85.088188 	18.248287 	23.086792 	66.030296 	8.602325 	46.861500 	72.801102 	66.843102 	62.481998 	103.870110 	35.355339 	35.128338 	37.336308 	48.093658 	24.331051 	112.004463 	42.953465 	7.280110 	100.404182 	33.955853 	52.172791 	88.005684 	32.557640 	113.534134 	104.560989 	4.472136 	25.298222 	91.400215 	56.753853 	114.908661 	105.118980 	55.865910 	85.276024 	113.740936 	999.000000 	48.918301 	45.880280 	107.647575 	12.806249 	4.123106 	14.560220 	108.600182 	33.120991 	126.245789 	34.000000 	76.419891 	37.589893 	
42.296574 	36.769554 	67.082039 	22.022715 	51.623638 	8.062258 	26.925823 	20.615528 	16.278820 	63.198101 	76.896034 	77.620872 	50.089920 	37.576588 	70.830788 	67.720009 	89.005615 	43.011627 	55.027267 	80.622574 	97.943863 	41.785164 	16.401220 	68.622154 	58.872746 	44.821869 	72.945183 	44.777225 	102.859123 	69.892776 	59.236813 	7.615773 	38.013157 	68.352028 	48.918301 	999.000000 	93.295227 	61.326992 	61.717098 	52.345009 	36.235340 	61.717098 	17.888544 	80.777473 	17.464249 	27.586229 	14.560220 	
123.794182 	57.201397 	26.907248 	107.056061 	41.677334 	89.627007 	114.214706 	108.853111 	104.809349 	139.807007 	22.472204 	20.615528 	59.169250 	78.816238 	22.472204 	150.233154 	7.071068 	50.537113 	140.014282 	12.806249 	9.433981 	128.817703 	77.025970 	152.226807 	144.256714 	49.244289 	20.615528 	132.382019 	12.165525 	153.639191 	144.958618 	99.569069 	127.015747 	152.839783 	45.880280 	93.295227 	999.000000 	147.787003 	33.955853 	43.680660 	60.406952 	149.241409 	78.790863 	165.012115 	79.705711 	120.104118 	83.258636 	
24.413111 	91.547798 	120.917328 	41.617306 	107.935165 	61.057350 	34.985710 	41.182522 	45.650848 	21.189621 	127.663620 	128.972870 	91.836815 	71.281136 	125.936493 	10.816654 	142.214630 	100.801788 	8.062258 	135.059250 	150.233154 	19.723083 	76.157730 	9.486833 	4.123106 	103.227905 	128.887543 	16.552946 	155.219193 	10.198039 	3.162278 	53.712196 	23.409399 	8.062258 	107.647575 	61.326992 	147.787003 	999.000000 	120.000000 	111.503365 	96.747093 	3.162278 	79.202271 	19.646883 	78.790863 	36.496574 	75.769386 	
97.097885 	29.068884 	16.401220 	78.409180 	13.341664 	59.464275 	85.276024 	79.397736 	75.073296 	115.381973 	28.178005 	27.313000 	43.104523 	57.489128 	14.560220 	124.020157 	32.015621 	19.209373 	112.645462 	23.000000 	41.109608 	100.424103 	45.343136 	125.642349 	116.828934 	16.970562 	14.000000 	103.855667 	45.398239 	127.027557 	117.413795 	68.622154 	97.836601 	125.924583 	12.806249 	61.717098 	33.955853 	120.000000 	999.000000 	9.848858 	26.832815 	121.037186 	45.793011 	138.397980 	46.647614 	89.196411 	50.249378 	
89.067390 	22.360680 	22.803509 	69.892776 	10.816654 	50.606323 	76.609398 	70.604530 	66.219330 	107.935165 	35.171009 	34.713108 	40.804413 	52.153618 	23.000000 	115.974136 	41.303753 	11.401754 	104.307236 	32.249031 	50.487621 	91.836815 	36.069378 	117.477661 	108.452751 	8.544003 	23.345236 	95.210297 	54.918121 	118.848640 	109.000000 	59.413803 	89.022469 	117.660530 	4.123106 	52.345009 	43.680660 	111.503365 	9.848858 	999.000000 	17.000000 	112.414413 	36.055511 	130.172958 	36.891735 	79.906197 	40.496914 	
75.392311 	17.804493 	37.054016 	55.461697 	21.023796 	35.777088 	61.773781 	55.569775 	51.107731 	95.210297 	49.010204 	49.010204 	41.109608 	45.354160 	38.832977 	102.044106 	57.489128 	12.369317 	89.894379 	48.507732 	66.708321 	77.025970 	20.591261 	103.315056 	93.941475 	12.000000 	39.849716 	80.262070 	71.309189 	104.651802 	94.413979 	43.600460 	73.783470 	103.310211 	14.560220 	36.235340 	60.406952 	96.747093 	26.832815 	17.000000 	999.000000 	97.416634 	19.209373 	115.836090 	20.000000 	63.780876 	23.600847 	
26.419689 	92.763138 	122.347862 	42.638012 	109.123779 	61.854668 	35.805027 	41.880783 	46.324940 	24.351591 	129.321304 	130.598618 	93.744331 	73.246162 	127.287079 	13.453624 	143.753265 	101.828285 	10.440307 	136.488098 	151.855194 	20.615528 	76.850502 	11.661903 	7.000000 	104.201729 	130.176804 	17.204651 	156.847061 	12.083046 	6.000000 	54.120235 	23.706539 	9.848858 	108.600182 	61.717098 	149.241409 	3.162278 	121.037186 	112.414413 	97.416634 	999.000000 	79.605278 	20.099751 	79.158073 	36.138622 	76.059189 	
59.439045 	26.076809 	53.851646 	39.051247 	37.643059 	20.024984 	44.598206 	38.275318 	33.837849 	80.062477 	64.938431 	65.306969 	46.097721 	41.231056 	56.648037 	85.381500 	75.272835 	28.460499 	72.801102 	66.483078 	84.433403 	59.615433 	7.810250 	86.377083 	76.694199 	29.546574 	58.180752 	62.649822 	89.196411 	87.664131 	77.077881 	25.495098 	55.901699 	86.162636 	33.120991 	17.888544 	78.790863 	79.202271 	45.793011 	36.055511 	19.209373 	79.605278 	999.000000 	98.615417 	1.000000 	45.000000 	4.472136 	
41.400482 	109.622078 	138.293167 	60.415230 	126.015869 	80.062477 	54.129475 	60.415230 	64.884514 	27.730848 	144.249786 	145.670868 	107.628990 	87.045967 	143.533966 	14.866069 	159.176010 	119.268608 	25.942244 	152.397507 	166.877197 	39.000000 	95.257545 	12.806249 	21.931713 	121.794907 	146.649246 	36.055511 	171.828400 	11.401754 	21.540659 	73.164200 	43.011627 	12.529964 	126.245789 	80.777473 	165.012115 	19.646883 	138.397980 	130.172958 	115.836090 	20.099751 	98.615417 	999.000000 	98.234413 	56.089214 	95.273293 	
59.228371 	27.073973 	54.817879 	38.832977 	38.600517 	20.000000 	44.271889 	37.947330 	33.526108 	79.906197 	65.924202 	66.287254 	47.010635 	41.868843 	57.584721 	85.070557 	76.216797 	29.410883 	72.449982 	67.416618 	85.381500 	59.236813 	8.485281 	86.034874 	76.321686 	30.463093 	59.093147 	62.241467 	90.138779 	87.315521 	76.694199 	25.079872 	55.461697 	85.796272 	34.000000 	17.464249 	79.705711 	78.790863 	46.647614 	36.891735 	20.000000 	79.158073 	1.000000 	98.234413 	999.000000 	44.407207 	3.605551 	
26.076809 	62.968246 	93.493317 	18.110771 	78.600258 	30.528675 	13.416408 	14.000000 	16.492422 	45.221676 	102.420700 	103.353760 	71.063354 	53.150730 	97.652443 	45.000000 	115.433968 	70.292244 	32.015621 	107.335922 	124.169243 	19.416489 	43.863426 	45.099888 	35.057095 	72.249565 	100.000000 	21.023796 	129.139465 	46.173584 	35.128338 	20.615528 	14.142136 	44.283180 	76.419891 	27.586229 	120.104118 	36.496574 	89.196411 	79.906197 	63.780876 	36.138622 	45.000000 	56.089214 	44.407207 	999.000000 	41.048752 	
56.718605 	30.000000 	58.240879 	36.345562 	42.059483 	18.248287 	41.484936 	35.171009 	30.805843 	77.524193 	69.231499 	69.634758 	49.040798 	42.426407 	61.098282 	82.280006 	79.711983 	32.893768 	69.570107 	70.936592 	88.865067 	56.302753 	9.848858 	83.168503 	73.389374 	34.014702 	62.649822 	59.236813 	93.637596 	84.433403 	73.736015 	22.135944 	52.392746 	82.873398 	37.589893 	14.560220 	83.258636 	75.769386 	50.249378 	40.496914 	23.600847 	76.059189 	4.472136 	95.273293 	3.605551 	41.048752 	999.000000 	

Travel time:
9.000000 	1.706055 	2.425000 	0.509902 	2.115715 	0.996243 	0.403113 	0.550000 	0.651920 	0.525000 	2.584811 	2.618444 	1.685601 	1.171804 	2.554408 	0.673146 	2.952224 	1.950801 	0.410031 	2.778151 	3.149802 	0.261008 	1.375682 	0.715017 	0.515388 	2.015564 	2.631540 	0.325960 	3.274237 	0.750000 	0.535023 	0.876427 	0.360555 	0.726722 	2.127205 	1.057414 	3.094855 	0.610328 	2.427447 	2.226685 	1.884808 	0.660492 	1.485976 	1.035012 	1.480709 	0.651920 	1.417965 	
1.706055 	9.000000 	0.763217 	1.255239 	0.410031 	0.811249 	1.432000 	1.293493 	1.190850 	2.157835 	1.004054 	1.021335 	0.583631 	0.750000 	0.870704 	2.378287 	1.311964 	0.276134 	2.100595 	1.110180 	1.532359 	1.804508 	0.534439 	2.420873 	2.205958 	0.350892 	0.937083 	1.892254 	1.656049 	2.455733 	2.221627 	1.063602 	1.750893 	2.430021 	0.456207 	0.919239 	1.430035 	2.288695 	0.726722 	0.559017 	0.445112 	2.319078 	0.651920 	2.740552 	0.676849 	1.574206 	0.750000 	
2.425000 	0.763217 	9.000000 	2.003902 	0.406971 	1.574206 	2.183031 	2.050152 	1.950160 	2.836591 	0.309233 	0.301040 	0.862047 	1.320984 	0.152069 	3.088892 	0.548862 	0.637377 	2.829311 	0.353553 	0.771767 	2.547793 	1.276959 	3.137375 	2.935345 	0.626997 	0.251247 	2.636878 	0.894427 	3.172637 	2.952647 	1.826540 	2.503123 	3.151587 	0.577170 	1.677051 	0.672681 	3.022933 	0.410031 	0.570088 	0.926350 	3.058697 	1.346291 	3.457329 	1.370447 	2.337333 	1.456022 	
0.509902 	1.255239 	2.003902 	9.000000 	1.663205 	0.492443 	0.180278 	0.111803 	0.158114 	1.029866 	2.198010 	2.226264 	1.360606 	0.887764 	2.122499 	1.165386 	2.545707 	1.480076 	0.862047 	2.356507 	2.755222 	0.550568 	0.873212 	1.196349 	0.964689 	1.540292 	2.192031 	0.637377 	2.880213 	1.229837 	0.977880 	0.378319 	0.500000 	1.197132 	1.650757 	0.550568 	2.676402 	1.040433 	1.960230 	1.747319 	1.386542 	1.065950 	0.976281 	1.510381 	0.970824 	0.452769 	0.908639 	
2.115715 	0.410031 	0.406971 	1.663205 	9.000000 	1.206752 	1.838818 	1.697425 	1.592561 	2.561860 	0.700000 	0.701783 	0.764853 	1.103687 	0.480885 	2.787584 	0.942404 	0.230489 	2.510602 	0.726722 	1.170470 	2.213171 	0.883883 	2.830636 	2.615937 	0.226385 	0.535023 	2.300543 	1.290591 	2.865528 	2.631540 	1.450216 	2.156676 	2.840004 	0.215058 	1.290591 	1.041933 	2.698379 	0.333542 	0.270416 	0.525595 	2.728095 	0.941076 	3.150397 	0.965013 	1.965006 	1.051487 	
0.996243 	0.811249 	1.574206 	0.492443 	1.206752 	9.000000 	0.651920 	0.500000 	0.390512 	1.505199 	1.800347 	1.822430 	1.075291 	0.738664 	1.680030 	1.657747 	2.122646 	1.007782 	1.353006 	1.921100 	2.341207 	1.033501 	0.380789 	1.688565 	1.454519 	1.063015 	1.741407 	1.116356 	2.465385 	1.721918 	1.466714 	0.261008 	0.960469 	1.688380 	1.171538 	0.201556 	2.240675 	1.526434 	1.486607 	1.265158 	0.894427 	1.546367 	0.500625 	2.001562 	0.500000 	0.763217 	0.456207 	
0.403113 	1.432000 	2.183031 	0.180278 	1.838818 	0.651920 	9.000000 	0.158114 	0.269258 	0.926350 	2.378287 	2.406502 	1.536636 	1.055047 	2.300543 	1.020110 	2.725459 	1.651704 	0.705780 	2.535375 	2.935345 	0.381608 	1.029563 	1.044629 	0.805062 	1.710263 	2.369071 	0.465027 	3.060331 	1.077033 	0.816241 	0.485412 	0.320156 	1.040733 	1.820028 	0.673146 	2.855368 	0.874643 	2.131901 	1.915235 	1.544345 	0.895126 	1.114955 	1.353237 	1.106797 	0.335410 	1.037123 	
0.550000 	1.293493 	2.050152 	0.111803 	1.697425 	0.500000 	0.158114 	9.000000 	0.111803 	1.075000 	2.255271 	2.281721 	1.439184 	0.980115 	2.163908 	1.178187 	2.595308 	1.505199 	0.863496 	2.401172 	2.808247 	0.536773 	0.874643 	1.202601 	0.962094 	1.562050 	2.229910 	0.617454 	2.933108 	1.234909 	0.972754 	0.328824 	0.460977 	1.198176 	1.671077 	0.515388 	2.721328 	1.029563 	1.984943 	1.765113 	1.389244 	1.047020 	0.956883 	1.510381 	0.948683 	0.350000 	0.879275 	
0.651920 	1.190850 	1.950160 	0.158114 	1.592561 	0.390512 	0.269258 	0.111803 	9.000000 	1.176063 	2.161308 	2.186607 	1.364276 	0.925000 	2.061553 	1.288652 	2.496623 	1.397542 	0.975000 	2.300136 	2.711319 	0.648556 	0.763217 	1.313868 	1.073837 	1.453444 	2.126029 	0.728869 	2.836040 	1.346291 	1.084551 	0.225000 	0.570088 	1.309819 	1.562050 	0.406971 	2.620234 	1.141271 	1.876832 	1.655483 	1.277693 	1.158123 	0.845946 	1.622113 	0.838153 	0.412311 	0.770146 	
0.525000 	2.157835 	2.836591 	1.029866 	2.561860 	1.505199 	0.926350 	1.075000 	1.176063 	9.000000 	2.961102 	2.999271 	2.034853 	1.526843 	2.974580 	0.353553 	3.342155 	2.416609 	0.425735 	3.185318 	3.525355 	0.650000 	1.879661 	0.427931 	0.447214 	2.485080 	3.058288 	0.638847 	3.647773 	0.456207 	0.469707 	1.400892 	0.784618 	0.475657 	2.596753 	1.579952 	3.495175 	0.529741 	2.884549 	2.698379 	2.380257 	0.608790 	2.001562 	0.693271 	1.997655 	1.130542 	1.938105 	
2.584811 	1.004054 	0.309233 	2.198010 	0.700000 	1.800347 	2.378287 	2.255271 	2.161308 	2.961102 	9.000000 	0.050000 	0.930054 	1.434617 	0.355317 	3.235062 	0.391312 	0.926350 	2.993848 	0.328824 	0.565685 	2.730041 	1.535008 	3.288237 	3.099698 	0.925338 	0.425735 	2.820018 	0.689656 	3.323590 	3.118493 	2.058671 	2.697453 	3.306906 	0.883883 	1.922401 	0.561805 	3.191591 	0.704450 	0.879275 	1.225255 	3.233033 	1.623461 	3.606245 	1.648105 	2.560518 	1.730788 	
2.618444 	1.021335 	0.301040 	2.226264 	0.701783 	1.822430 	2.406502 	2.281721 	2.186607 	2.999271 	0.050000 	9.000000 	0.970824 	1.472455 	0.325960 	3.270799 	0.347311 	0.930390 	3.027066 	0.279509 	0.531507 	2.760548 	1.549597 	3.323402 	3.132990 	0.925338 	0.388909 	2.850439 	0.656220 	3.358757 	3.151587 	2.079814 	2.726032 	3.341501 	0.878208 	1.940522 	0.515388 	3.224322 	0.682825 	0.867828 	1.225255 	3.264966 	1.632674 	3.641772 	1.657181 	2.583844 	1.740869 	
1.685601 	0.583631 	0.862047 	1.360606 	0.764853 	1.075291 	1.536636 	1.439184 	1.364276 	2.034853 	0.930054 	0.970824 	9.000000 	0.515388 	1.013040 	2.319078 	1.317431 	0.794119 	2.095382 	1.185591 	1.491643 	1.857586 	0.980434 	2.375395 	2.200142 	0.860959 	1.109617 	1.947434 	1.613420 	2.410654 	2.220360 	1.328768 	1.845603 	2.397525 	0.933408 	1.252248 	1.479231 	2.295920 	1.077613 	1.020110 	1.027740 	2.343608 	1.152443 	2.690725 	1.175266 	1.776584 	1.226020 	
1.171804 	0.750000 	1.320984 	0.887764 	1.103687 	0.738664 	1.055047 	0.980115 	0.925000 	1.526843 	1.434617 	1.472455 	0.515388 	9.000000 	1.464795 	1.804508 	1.815558 	1.025305 	1.581139 	1.664332 	1.999531 	1.353237 	0.835539 	1.860276 	1.685601 	1.100284 	1.554228 	1.442437 	2.122499 	1.895554 	1.706055 	0.951972 	1.352082 	1.882153 	1.202341 	0.939415 	1.970406 	1.782028 	1.437228 	1.303840 	1.133854 	1.831154 	1.030776 	2.176149 	1.046721 	1.328768 	1.060660 	
2.554408 	0.870704 	0.152069 	2.122499 	0.480885 	1.680030 	2.300543 	2.163908 	2.061553 	2.974580 	0.355317 	0.325960 	1.013040 	1.464795 	9.000000 	3.221122 	0.467039 	0.705780 	2.956455 	0.246221 	0.697316 	2.669387 	1.364734 	3.268218 	3.062372 	0.680074 	0.100000 	2.757943 	0.814325 	3.303407 	3.079164 	1.927596 	2.620115 	3.281101 	0.608276 	1.770770 	0.561805 	3.148412 	0.364006 	0.575000 	0.970824 	3.182177 	1.416201 	3.588349 	1.439618 	2.441311 	1.527457 	
0.673146 	2.378287 	3.088892 	1.165386 	2.787584 	1.657747 	1.020110 	1.178187 	1.288652 	0.353553 	3.235062 	3.270799 	2.319078 	1.804508 	3.221122 	9.000000 	3.609016 	2.623928 	0.325960 	3.441112 	3.800740 	0.657647 	2.038535 	0.075000 	0.254951 	2.688517 	3.300095 	0.600521 	3.924443 	0.103078 	0.261008 	1.504161 	0.776611 	0.127475 	2.800112 	1.693000 	3.755829 	0.270416 	3.100504 	2.899354 	2.551103 	0.336341 	2.134537 	0.371652 	2.126764 	1.125000 	2.057000 	
2.952224 	1.311964 	0.548862 	2.545707 	0.942404 	2.122646 	2.725459 	2.595308 	2.496623 	3.342155 	0.391312 	0.347311 	1.317431 	1.815558 	0.467039 	3.609016 	9.000000 	1.170470 	3.359501 	0.226385 	0.230489 	3.085855 	1.822944 	3.660345 	3.465544 	1.147007 	0.450694 	3.175394 	0.348210 	3.695690 	3.483622 	2.375395 	3.045591 	3.677125 	1.073837 	2.225140 	0.176777 	3.555366 	0.800391 	1.032594 	1.437228 	3.593832 	1.881821 	3.979400 	1.905420 	2.885849 	1.992800 	
1.950801 	0.276134 	0.637377 	1.480076 	0.230489 	1.007782 	1.651704 	1.505199 	1.397542 	2.416609 	0.926350 	0.930390 	0.794119 	1.025305 	0.705780 	2.623928 	1.170470 	9.000000 	2.336932 	0.951972 	1.399330 	2.030394 	0.665676 	2.663292 	2.441311 	0.075000 	0.750417 	2.116158 	1.518634 	2.697800 	2.455733 	1.241974 	1.966119 	2.669504 	0.182003 	1.075291 	1.263428 	2.520045 	0.480234 	0.285044 	0.309233 	2.545707 	0.711512 	2.981715 	0.735272 	1.757306 	0.822344 	
0.410031 	2.100595 	2.829311 	0.862047 	2.510602 	1.353006 	0.705780 	0.863496 	0.975000 	0.425735 	2.993848 	3.027066 	2.095382 	1.581139 	2.956455 	0.325960 	3.359501 	2.336932 	9.000000 	3.182766 	3.558528 	0.333542 	1.732953 	0.340037 	0.106066 	2.399088 	3.031604 	0.275000 	3.683069 	0.371652 	0.125000 	1.185854 	0.450694 	0.335410 	2.510105 	1.375682 	3.500357 	0.201556 	2.816137 	2.607681 	2.247360 	0.261008 	1.820028 	0.648556 	1.811249 	0.800391 	1.739253 	
2.778151 	1.110180 	0.353553 	2.356507 	0.726722 	1.921100 	2.535375 	2.401172 	2.300136 	3.185318 	0.328824 	0.279509 	1.185591 	1.664332 	0.246221 	3.441112 	0.226385 	0.951972 	3.182766 	9.000000 	0.456207 	2.901078 	1.610318 	3.490075 	3.288807 	0.925000 	0.225000 	2.990088 	0.570088 	3.525355 	3.306150 	2.170541 	2.855368 	3.504640 	0.848896 	2.015564 	0.320156 	3.376481 	0.575000 	0.806226 	1.212693 	3.412202 	1.662077 	3.809938 	1.685416 	2.683398 	1.773415 	
3.149802 	1.532359 	0.771767 	2.755222 	1.170470 	2.341207 	2.935345 	2.808247 	2.711319 	3.525355 	0.565685 	0.531507 	1.491643 	1.999531 	0.697316 	3.800740 	0.230489 	1.399330 	3.558528 	0.456207 	9.000000 	3.291371 	2.048475 	3.853894 	3.664441 	1.377044 	0.679154 	3.381198 	0.125000 	3.889248 	3.683069 	2.595790 	3.255188 	3.872419 	1.304320 	2.448596 	0.235850 	3.755829 	1.027740 	1.262191 	1.667708 	3.796380 	2.110835 	4.171930 	2.134537 	3.104231 	2.221627 	
0.261008 	1.804508 	2.547793 	0.550568 	2.213171 	1.033501 	0.381608 	0.536773 	0.648556 	0.650000 	2.730041 	2.760548 	1.857586 	1.353237 	2.669387 	0.657647 	3.085855 	2.030394 	0.333542 	2.901078 	3.291371 	9.000000 	1.410895 	0.673146 	0.427200 	2.090006 	2.740552 	0.090139 	3.416321 	0.704006 	0.436606 	0.854400 	0.134629 	0.664266 	2.200142 	1.044629 	3.220443 	0.493077 	2.510602 	2.295920 	1.925649 	0.515388 	1.490386 	0.975000 	1.480920 	0.485412 	1.407569 	
1.375682 	0.534439 	1.276959 	0.873212 	0.883883 	0.380789 	1.029563 	0.874643 	0.763217 	1.879661 	1.535008 	1.549597 	0.980434 	0.835539 	1.364734 	2.038535 	1.822944 	0.665676 	1.732953 	1.610318 	2.048475 	1.410895 	9.000000 	2.069118 	1.833883 	0.710634 	1.415097 	1.492062 	2.170397 	2.102380 	1.845603 	0.583631 	1.331353 	2.068363 	0.813941 	0.410031 	1.925649 	1.903943 	1.133578 	0.901734 	0.514782 	1.921263 	0.195256 	2.381439 	0.212132 	1.096586 	0.246221 	
0.715017 	2.420873 	3.137375 	1.196349 	2.830636 	1.688565 	1.044629 	1.202601 	1.313868 	0.427931 	3.288237 	3.323402 	2.375395 	1.860276 	3.268218 	0.075000 	3.660345 	2.663292 	0.340037 	3.490075 	3.853894 	0.673146 	2.069118 	9.000000 	0.251247 	2.726949 	3.346080 	0.608276 	3.977829 	0.035355 	0.250000 	1.525820 	0.785016 	0.055902 	2.838353 	1.715554 	3.805670 	0.237171 	3.141059 	2.936942 	2.582876 	0.291548 	2.159427 	0.320156 	2.150872 	1.127497 	2.079213 	
0.515388 	2.205958 	2.935345 	0.964689 	2.615937 	1.454519 	0.805062 	0.962094 	1.073837 	0.447214 	3.099698 	3.132990 	2.200142 	1.685601 	3.062372 	0.254951 	3.465544 	2.441311 	0.106066 	3.288807 	3.664441 	0.427200 	1.833883 	0.251247 	9.000000 	2.503123 	3.137375 	0.357946 	3.788964 	0.279509 	0.025000 	1.281601 	0.534439 	0.237171 	2.614025 	1.471819 	3.606418 	0.103078 	2.920723 	2.711319 	2.348537 	0.175000 	1.917355 	0.548293 	1.908042 	0.876427 	1.834734 	
2.015564 	0.350892 	0.626997 	1.540292 	0.226385 	1.063015 	1.710263 	1.562050 	1.453444 	2.485080 	0.925338 	0.925338 	0.860959 	1.100284 	0.680074 	2.688517 	1.147007 	0.075000 	2.399088 	0.925000 	1.377044 	2.090006 	0.710634 	2.726949 	2.503123 	9.000000 	0.715891 	2.175144 	1.494365 	2.761340 	2.517191 	1.291559 	2.022993 	2.732330 	0.111803 	1.120547 	1.231107 	2.580698 	0.424264 	0.213600 	0.300000 	2.605043 	0.738664 	3.044873 	0.761577 	1.806239 	0.850368 	
2.631540 	0.937083 	0.251247 	2.192031 	0.535023 	1.741407 	2.369071 	2.229910 	2.126029 	3.058288 	0.425735 	0.388909 	1.109617 	1.554228 	0.100000 	3.300095 	0.450694 	0.750417 	3.031604 	0.225000 	0.679154 	2.740552 	1.415097 	3.346080 	3.137375 	0.715891 	9.000000 	2.828648 	0.789383 	3.381198 	3.153768 	1.985101 	2.687936 	3.357920 	0.632456 	1.823630 	0.515388 	3.222188 	0.350000 	0.583631 	0.996243 	3.254420 	1.454519 	3.666231 	1.477329 	2.500000 	1.566246 	
0.325960 	1.892254 	2.636878 	0.637377 	2.300543 	1.116356 	0.465027 	0.617454 	0.728869 	0.638847 	2.820018 	2.850439 	1.947434 	1.442437 	2.757943 	0.600521 	3.175394 	2.116158 	0.275000 	2.990088 	3.381198 	0.090139 	1.492062 	0.608276 	0.357946 	2.175144 	2.828648 	9.000000 	3.506155 	0.637377 	0.364006 	0.929045 	0.176777 	0.594243 	2.285005 	1.119431 	3.309551 	0.413824 	2.596392 	2.380257 	2.006552 	0.430116 	1.566246 	0.901388 	1.556037 	0.525595 	1.480920 	
3.274237 	1.656049 	0.894427 	2.880213 	1.290591 	2.465385 	3.060331 	2.933108 	2.836040 	3.647773 	0.689656 	0.656220 	1.613420 	2.122499 	0.814325 	3.924443 	0.348210 	1.518634 	3.683069 	0.570088 	0.125000 	3.416321 	2.170397 	3.977829 	3.788964 	1.494365 	0.789383 	3.506155 	9.000000 	4.013181 	3.807641 	2.719605 	3.380181 	3.996561 	1.418846 	2.571478 	0.304138 	3.880480 	1.134956 	1.372953 	1.782730 	3.921176 	2.229910 	4.295710 	2.253469 	3.228487 	2.340940 	
0.750000 	2.455733 	3.172637 	1.229837 	2.865528 	1.721918 	1.077033 	1.234909 	1.346291 	0.456207 	3.323590 	3.358757 	2.410654 	1.895554 	3.303407 	0.103078 	3.695690 	2.697800 	0.371652 	3.525355 	3.889248 	0.704006 	2.102380 	0.035355 	0.279509 	2.761340 	3.381198 	0.637377 	4.013181 	9.000000 	0.276134 	1.557442 	0.813941 	0.055902 	2.872716 	1.747319 	3.840980 	0.254951 	3.175689 	2.971216 	2.616295 	0.302076 	2.191603 	0.285044 	2.182888 	1.154340 	2.110835 	
0.535023 	2.221627 	2.952647 	0.977880 	2.631540 	1.466714 	0.816241 	0.972754 	1.084551 	0.469707 	3.118493 	3.151587 	2.220360 	1.706055 	3.079164 	0.261008 	3.483622 	2.455733 	0.125000 	3.306150 	3.683069 	0.436606 	1.845603 	0.250000 	0.025000 	2.517191 	3.153768 	0.364006 	3.807641 	0.276134 	9.000000 	1.290591 	0.539676 	0.230489 	2.627975 	1.480920 	3.623966 	0.079057 	2.935345 	2.725000 	2.360349 	0.150000 	1.926947 	0.538516 	1.917355 	0.878208 	1.843400 	
0.876427 	1.063602 	1.826540 	0.378319 	1.450216 	0.261008 	0.485412 	0.328824 	0.225000 	1.400892 	2.058671 	2.079814 	1.328768 	0.951972 	1.927596 	1.504161 	2.375395 	1.241974 	1.185854 	2.170541 	2.595790 	0.854400 	0.583631 	1.525820 	1.281601 	1.291559 	1.985101 	0.929045 	2.719605 	1.557442 	1.290591 	9.000000 	0.760345 	1.518634 	1.396648 	0.190394 	2.489227 	1.342805 	1.715554 	1.485345 	1.090011 	1.353006 	0.637377 	1.829105 	0.626997 	0.515388 	0.553399 	
