Total assets = 500
Number of asset nodes = 33

Distance:
999.000000 	94.021271 	61.684681 	101.597244 	65.000000 	98.386993 	17.029387 	102.859123 	101.079178 	101.980392 	161.929001 	159.812393 	25.000000 	70.405968 	64.629715 	161.245148 	159.176010 	24.596748 	69.871307 	140.801285 	26.419689 	82.225304 	25.000000 	73.681747 	71.449280 	29.732138 	81.743500 	79.511009 	33.301651 	78.313469 	83.486526 	78.057671 	82.097504 	100.124924 	100.044991 	104.235313 	106.230881 	106.042442 	89.442719 	96.509064 	98.310730 	95.900993 	100.224747 	
94.021271 	999.000000 	36.235340 	7.615773 	35.510563 	6.324555 	92.314682 	10.000000 	9.219544 	10.198039 	76.059189 	73.348480 	117.324333 	34.539833 	41.146080 	74.242844 	71.589104 	115.208504 	37.336308 	49.040798 	117.413795 	27.073973 	94.047859 	37.107952 	39.560081 	89.196411 	35.014282 	37.121422 	92.956978 	39.204590 	37.013512 	43.185646 	42.000000 	44.777225 	46.615448 	44.777225 	45.793011 	49.244289 	62.289646 	64.327286 	63.788715 	66.098412 	68.883957 	
61.684681 	36.235340 	999.000000 	43.139309 	4.472136 	38.948685 	57.140179 	43.278172 	41.231056 	42.011902 	111.507851 	108.908218 	83.186539 	10.770329 	10.295630 	109.931801 	107.377838 	80.622574 	12.206555 	85.276024 	82.855293 	21.023796 	58.137768 	16.124516 	15.620500 	53.037724 	23.086792 	21.931713 	56.727417 	21.954498 	25.632011 	24.207438 	26.925823 	43.011627 	43.657761 	46.324940 	48.270073 	49.335587 	44.687805 	50.209560 	50.990196 	50.931328 	55.154327 	
101.597244 	7.615773 	43.139309 	999.000000 	42.011902 	5.099020 	99.639351 	4.242640 	5.385165 	5.830952 	70.576202 	67.779053 	124.807854 	40.311287 	47.169907 	68.541962 	65.795135 	122.641754 	42.941822 	42.438190 	124.851913 	31.320919 	101.178062 	42.154476 	44.777225 	96.176918 	38.832977 	41.231056 	99.824844 	43.416588 	40.447498 	47.296936 	45.541191 	45.354160 	47.296936 	44.598206 	45.310043 	49.040798 	65.007690 	66.272163 	65.490456 	68.183578 	70.576202 	
65.000000 	35.510563 	4.472136 	42.011902 	999.000000 	37.536648 	59.539902 	41.725292 	39.597980 	40.311287 	111.364265 	108.706024 	85.906929 	6.324555 	7.071068 	109.658562 	107.042046 	83.186539 	7.810250 	84.403793 	85.422478 	17.262676 	60.000000 	11.661903 	11.313708 	54.561890 	18.681541 	17.464249 	57.982758 	17.492855 	21.189621 	19.849434 	22.472204 	38.600517 	39.217342 	41.976185 	43.931767 	44.922153 	40.607880 	45.967381 	46.690472 	46.754681 	50.931328 	
98.386993 	6.324555 	38.948685 	5.099020 	37.536648 	999.000000 	95.801880 	4.472136 	3.000000 	4.000000 	75.610847 	72.801102 	121.264175 	35.510563 	42.438190 	73.539108 	70.774292 	118.983192 	38.078865 	47.169907 	121.202309 	26.248810 	97.082436 	37.161808 	39.812057 	91.934761 	33.734257 	36.138622 	95.482986 	38.327538 	35.355339 	42.201897 	40.447498 	40.804413 	42.720020 	40.311287 	41.146080 	44.777225 	60.000000 	61.400326 	60.671246 	63.285069 	65.764732 	
17.029387 	92.314682 	57.140179 	99.639351 	59.539902 	95.801880 	999.000000 	100.209778 	98.229324 	99.045441 	164.295471 	161.969131 	26.925823 	63.976559 	57.384666 	163.248276 	160.962723 	23.769728 	62.769421 	140.758652 	26.000000 	76.059189 	8.062258 	66.128662 	63.568859 	13.038404 	74.000000 	71.470276 	16.278820 	69.921387 	75.286118 	68.883957 	73.006851 	90.801979 	90.426765 	95.126228 	97.082436 	96.337944 	77.058418 	84.095184 	86.052307 	83.216583 	87.367043 	
102.859123 	10.000000 	43.278172 	4.242640 	41.725292 	4.472136 	100.209778 	999.000000 	2.236068 	2.000000 	72.422371 	69.570107 	125.717941 	39.408119 	46.400433 	70.228203 	67.416618 	123.422043 	41.880783 	43.416588 	125.642349 	29.546574 	101.414986 	40.706264 	43.416588 	96.208107 	36.687874 	39.217342 	99.704567 	41.436699 	38.078865 	45.221676 	43.174065 	41.773197 	43.737854 	40.804413 	41.436699 	45.221676 	62.128899 	63.071388 	62.201286 	65.030762 	67.268120 	
101.079178 	9.219544 	41.231056 	5.385165 	39.597980 	3.000000 	98.229324 	2.236068 	999.000000 	1.000000 	74.632431 	71.784401 	123.822456 	37.202152 	44.204071 	72.449982 	69.641945 	121.490738 	39.661064 	45.650848 	123.713379 	27.313000 	99.357941 	38.470768 	41.182522 	94.111633 	34.481880 	37.000000 	97.580734 	39.217342 	35.902645 	43.011627 	41.000000 	40.024994 	41.976185 	39.217342 	39.924931 	43.657761 	60.074955 	61.131008 	60.299255 	63.071388 	65.375839 	
101.980392 	10.198039 	42.011902 	5.830952 	40.311287 	4.000000 	99.045441 	2.000000 	1.000000 	999.000000 	74.330345 	71.470276 	124.679588 	37.802116 	44.821869 	72.111023 	69.289246 	122.331520 	40.224369 	45.177429 	124.555206 	27.730848 	100.124924 	38.948685 	41.677334 	94.847244 	34.785053 	37.336308 	98.290382 	39.560081 	36.138622 	43.324360 	41.231056 	39.812057 	41.773197 	38.897301 	39.560081 	43.324360 	60.133186 	61.073727 	60.207973 	63.031738 	65.276337 	
161.929001 	76.059189 	111.507851 	70.576202 	111.364265 	75.610847 	164.295471 	72.422371 	74.632431 	74.330345 	999.000000 	3.000000 	186.724396 	110.571243 	117.200684 	3.605551 	6.324555 	185.456192 	113.318138 	31.016125 	187.544662 	101.843018 	167.409683 	112.720894 	115.316956 	163.367691 	109.110039 	111.628853 	167.523132 	113.841995 	110.440025 	117.643532 	115.520561 	110.887329 	112.871605 	108.461975 	108.295891 	112.285347 	133.555237 	133.360413 	132.098450 	135.484314 	136.937943 	
159.812393 	73.348480 	108.908218 	67.779053 	108.706024 	72.801102 	161.969131 	69.570107 	71.784401 	71.470276 	3.000000 	999.000000 	184.567062 	107.837845 	114.494545 	2.000000 	3.605551 	183.251190 	110.571243 	28.017851 	185.348328 	99.020203 	165.000000 	109.931801 	112.538879 	160.897476 	106.254410 	108.784187 	165.024246 	111.000000 	107.563934 	114.791115 	112.641022 	107.912003 	109.895409 	105.475113 	105.304321 	109.293182 	130.613937 	130.391724 	129.123978 	132.517929 	133.958954 	
25.000000 	117.324333 	83.186539 	124.807854 	85.906929 	121.264175 	26.925823 	125.717941 	123.822456 	124.679588 	186.724396 	184.567062 	999.000000 	90.620087 	84.154617 	185.970428 	183.853195 	4.472136 	89.537704 	164.924225 	3.605551 	102.693718 	30.000000 	92.973114 	90.443352 	37.000000 	100.881119 	98.371742 	37.336308 	96.840073 	102.200783 	95.801880 	99.924973 	117.686020 	117.277451 	122.024590 	123.975807 	123.166557 	103.077644 	110.040901 	112.071404 	109.004585 	113.004425 	
70.405968 	34.539833 	10.770329 	40.311287 	6.324555 	35.510563 	63.976559 	39.408119 	37.202152 	37.802116 	110.571243 	107.837845 	90.620087 	999.000000 	7.071068 	108.687622 	105.990562 	87.726852 	3.000000 	82.680107 	89.961105 	12.083046 	63.812225 	5.656854 	6.324555 	58.008621 	12.369317 	11.180340 	61.073727 	11.401754 	14.866069 	14.212670 	16.401220 	32.280025 	32.893768 	35.693138 	37.656342 	38.600517 	35.510563 	40.459858 	41.036568 	41.400482 	45.453274 	
64.629715 	41.146080 	10.295630 	47.169907 	7.071068 	42.438190 	57.384666 	46.400433 	44.204071 	44.821869 	117.200684 	114.494545 	84.154617 	7.071068 	999.000000 	115.381973 	112.712021 	81.154175 	5.385165 	89.587944 	83.384651 	18.867962 	56.938564 	9.055386 	7.071068 	51.039200 	17.117243 	15.000000 	54.037025 	14.142136 	19.000000 	15.231546 	18.681541 	36.221542 	36.496574 	40.049969 	42.047592 	42.426407 	34.655445 	40.459858 	41.400482 	41.036568 	45.343136 	
161.245148 	74.242844 	109.931801 	68.541962 	109.658562 	73.539108 	163.248276 	70.228203 	72.449982 	72.111023 	3.605551 	2.000000 	185.970428 	108.687622 	115.381973 	999.000000 	3.000000 	184.621231 	111.400177 	28.160255 	186.724396 	99.724625 	166.207703 	110.693268 	113.318138 	162.049377 	106.892471 	109.444046 	166.147522 	111.664673 	108.157295 	115.433968 	113.225441 	108.189651 	110.168053 	105.683487 	105.475113 	109.457756 	131.026718 	130.698120 	129.402466 	132.834488 	134.212524 	
159.176010 	71.589104 	107.377838 	65.795135 	107.042046 	70.774292 	160.962723 	67.416618 	69.641945 	69.289246 	6.324555 	3.605551 	183.853195 	105.990562 	112.712021 	3.000000 	999.000000 	182.455475 	108.687622 	25.179358 	184.567062 	96.932968 	163.835281 	107.935165 	110.571243 	159.615158 	104.062485 	106.625511 	163.682617 	108.848518 	105.304321 	112.605507 	110.367569 	105.223572 	107.200745 	102.703453 	102.489021 	106.470650 	128.097626 	127.738014 	126.435753 	129.876862 	131.240234 	
24.596748 	115.208504 	80.622574 	122.641754 	83.186539 	118.983192 	23.769728 	123.422043 	121.490738 	122.331520 	185.456192 	183.251190 	4.472136 	87.726852 	81.154175 	184.621231 	182.455475 	999.000000 	86.539009 	163.131851 	2.236068 	99.809822 	26.076809 	89.888817 	87.315521 	33.060551 	97.739449 	95.189285 	33.136082 	93.605553 	98.979797 	92.444580 	96.566040 	114.236595 	113.780487 	118.600166 	120.540451 	119.641129 	99.181648 	106.117859 	108.166542 	105.042847 	109.004585 	
69.871307 	37.336308 	12.206555 	42.941822 	7.810250 	38.078865 	62.769421 	41.880783 	39.661064 	40.224369 	113.318138 	110.571243 	89.537704 	3.000000 	5.385165 	111.400177 	108.687622 	86.539009 	999.000000 	85.234970 	88.769363 	13.601471 	62.265560 	4.123106 	3.605551 	56.302753 	12.000000 	10.198039 	59.203041 	9.848858 	14.142136 	12.041595 	14.764823 	31.575306 	32.015621 	35.227829 	37.215588 	37.854988 	33.015148 	38.209946 	38.897301 	39.051247 	43.185646 	
140.801285 	49.040798 	85.276024 	42.438190 	84.403793 	47.169907 	140.758652 	43.416588 	45.650848 	45.177429 	31.016125 	28.017851 	164.924225 	82.680107 	89.587944 	28.160255 	25.179358 	163.131851 	85.234970 	999.000000 	165.302750 	72.897186 	142.898560 	84.118965 	86.833176 	138.191895 	79.705711 	82.346825 	141.992950 	84.581322 	80.777473 	88.238312 	85.796272 	80.062477 	82.036575 	77.524193 	77.317528 	81.301903 	103.077644 	102.591423 	101.271912 	104.737770 	106.066017 	
26.419689 	117.413795 	82.855293 	124.851913 	85.422478 	121.202309 	26.000000 	125.642349 	123.713379 	124.555206 	187.544662 	185.348328 	3.605551 	89.961105 	83.384651 	186.724396 	184.567062 	2.236068 	88.769363 	165.302750 	999.000000 	102.044106 	28.160255 	92.114059 	89.537704 	35.128338 	99.959991 	97.406364 	35.057095 	95.817535 	101.192886 	94.641426 	98.762344 	116.417351 	115.952576 	120.784935 	122.723267 	121.807228 	101.242287 	108.166542 	110.222504 	107.074738 	111.018013 	
82.225304 	27.073973 	21.023796 	31.320919 	17.262676 	26.248810 	76.059189 	29.546574 	27.313000 	27.730848 	101.843018 	99.020203 	102.693718 	12.083046 	18.867962 	99.724625 	96.932968 	99.809822 	13.601471 	72.897186 	102.044106 	999.000000 	75.802376 	11.401754 	14.212670 	69.892776 	8.062258 	10.049875 	72.801102 	12.165525 	10.440307 	16.124516 	15.132746 	24.413111 	25.612497 	26.832815 	28.635643 	30.528675 	35.902645 	39.000000 	38.910152 	40.496914 	43.863426 	
25.000000 	94.047859 	58.137768 	101.178062 	60.000000 	97.082436 	8.062258 	101.414986 	99.357941 	100.124924 	167.409683 	165.000000 	30.000000 	63.812225 	56.938564 	166.207703 	163.835281 	26.076809 	62.265560 	142.898560 	28.160255 	75.802376 	999.000000 	65.299309 	62.609905 	7.000000 	72.917763 	70.263786 	8.602325 	68.541962 	73.925636 	67.067131 	71.168816 	88.600227 	88.056801 	93.005379 	94.921021 	93.861603 	73.109505 	80.056229 	82.097504 	79.006332 	83.006027 	
73.681747 	37.107952 	16.124516 	42.154476 	11.661903 	37.161808 	66.128662 	40.706264 	38.470768 	38.948685 	112.720894 	109.931801 	92.973114 	5.656854 	9.055386 	110.693268 	107.935165 	89.888817 	4.123106 	84.118965 	92.114059 	11.401754 	65.299309 	999.000000 	2.828427 	59.169250 	8.062258 	6.082763 	61.854668 	5.830952 	10.049875 	8.602325 	10.816654 	27.459061 	27.892651 	31.144823 	33.136082 	33.734257 	30.016663 	34.828148 	35.383614 	35.805027 	39.824615 	
71.449280 	39.560081 	15.620500 	44.777225 	11.313708 	39.812057 	63.568859 	43.416588 	41.182522 	41.677334 	115.316956 	112.538879 	90.443352 	6.324555 	7.071068 	113.318138 	110.571243 	87.315521 	3.605551 	86.833176 	89.537704 	14.212670 	62.609905 	2.828427 	999.000000 	56.435802 	10.440307 	8.062258 	59.076221 	7.071068 	12.041595 	8.602325 	11.704700 	29.154760 	29.427877 	33.015148 	35.014282 	35.355339 	29.410883 	34.655445 	35.383614 	35.468296 	39.623226 	
29.732138 	89.196411 	53.037724 	96.176918 	54.561890 	91.934761 	13.038404 	96.208107 	94.111633 	94.847244 	163.367691 	160.897476 	37.000000 	58.008621 	51.039200 	162.049377 	159.615158 	33.060551 	56.302753 	138.191895 	35.128338 	69.892776 	7.000000 	59.169250 	56.435802 	999.000000 	66.648331 	63.953106 	5.000000 	62.169125 	67.542580 	60.539242 	64.621979 	81.908485 	81.320351 	86.330757 	88.232651 	87.091904 	66.121101 	73.061615 	75.106590 	72.006943 	76.006577 	
81.743500 	35.014282 	23.086792 	38.832977 	18.681541 	33.734257 	74.000000 	36.687874 	34.481880 	34.785053 	109.110039 	106.254410 	100.881119 	12.369317 	17.117243 	106.892471 	104.062485 	97.739449 	12.000000 	79.705711 	99.959991 	8.062258 	72.917763 	8.062258 	10.440307 	66.648331 	999.000000 	2.828427 	69.115845 	5.000000 	2.828427 	8.544003 	7.071068 	19.924858 	20.615528 	23.345236 	25.317978 	26.248810 	27.892651 	31.304953 	31.384710 	32.695564 	36.235340 	
79.511009 	37.121422 	21.931713 	41.231056 	17.464249 	36.138622 	71.470276 	39.217342 	37.000000 	37.336308 	111.628853 	108.784187 	98.371742 	11.180340 	15.000000 	109.444046 	106.625511 	95.189285 	10.198039 	82.346825 	97.406364 	10.049875 	70.263786 	6.082763 	8.062258 	63.953106 	2.828427 	999.000000 	66.370171 	2.236068 	4.000000 	6.082763 	5.830952 	21.377558 	21.840330 	25.079872 	27.073973 	27.658634 	26.570660 	30.528675 	30.805843 	31.764761 	35.510563 	
33.301651 	92.956978 	56.727417 	99.824844 	57.982758 	95.482986 	16.278820 	99.704567 	97.580734 	98.290382 	167.523132 	165.024246 	37.336308 	61.073727 	54.037025 	166.147522 	163.682617 	33.136082 	59.203041 	141.992950 	35.057095 	72.801102 	8.602325 	61.854668 	59.076221 	5.000000 	69.115845 	66.370171 	999.000000 	64.498062 	69.835518 	62.609905 	66.640831 	83.570328 	82.873398 	88.022728 	89.888817 	88.543777 	66.610809 	73.437050 	75.538071 	72.249565 	76.105194 	
78.313469 	39.204590 	21.954498 	43.416588 	17.492855 	38.327538 	69.921387 	41.436699 	39.217342 	39.560081 	113.841995 	111.000000 	96.840073 	11.401754 	14.142136 	111.664673 	108.848518 	93.605553 	9.848858 	84.581322 	95.817535 	12.165525 	68.541962 	5.830952 	7.071068 	62.169125 	5.000000 	2.236068 	64.498062 	999.000000 	5.385165 	4.000000 	5.000000 	22.090721 	22.360680 	26.000000 	28.000000 	28.284271 	25.079872 	29.410883 	29.832869 	30.528675 	34.409302 	
83.486526 	37.013512 	25.632011 	40.447498 	21.189621 	35.355339 	75.286118 	38.078865 	35.902645 	36.138622 	110.440025 	107.563934 	102.200783 	14.866069 	19.000000 	108.157295 	105.304321 	98.979797 	14.142136 	80.777473 	101.192886 	10.440307 	73.925636 	10.049875 	12.041595 	67.542580 	2.828427 	4.000000 	69.835518 	5.385165 	999.000000 	7.810250 	5.099020 	17.464249 	18.027756 	21.095022 	23.086792 	23.769728 	25.495098 	28.635643 	28.653097 	30.083218 	33.541019 	
78.057671 	43.185646 	24.207438 	47.296936 	19.849434 	42.201897 	68.883957 	45.221676 	43.011627 	43.324360 	117.643532 	114.791115 	95.801880 	14.212670 	15.231546 	115.433968 	112.605507 	92.444580 	12.041595 	88.238312 	94.641426 	16.124516 	67.067131 	8.602325 	8.602325 	60.539242 	8.544003 	6.082763 	62.609905 	4.000000 	7.810250 	999.000000 	4.123106 	22.090721 	22.000000 	26.305893 	28.284271 	28.000000 	21.470911 	26.248810 	26.870058 	27.202942 	31.240999 	
82.097504 	42.000000 	26.925823 	45.541191 	22.472204 	40.447498 	73.006851 	43.174065 	41.000000 	41.231056 	115.520561 	112.641022 	99.924973 	16.401220 	18.681541 	113.225441 	110.367569 	96.566040 	14.764823 	85.796272 	98.762344 	15.132746 	71.168816 	10.816654 	11.704700 	64.621979 	7.071068 	5.830952 	66.640831 	5.000000 	5.099020 	4.123106 	999.000000 	18.027756 	18.027756 	22.203604 	24.186773 	24.020824 	20.880613 	24.698177 	25.000000 	25.942244 	29.681644 	
100.124924 	44.777225 	43.011627 	45.354160 	38.600517 	40.804413 	90.801979 	41.773197 	40.024994 	39.812057 	110.887329 	107.912003 	117.686020 	32.280025 	36.221542 	108.189651 	105.223572 	114.236595 	31.575306 	80.062477 	116.417351 	24.413111 	88.600227 	27.459061 	29.154760 	81.908485 	19.924858 	21.377558 	83.570328 	22.090721 	17.464249 	22.090721 	18.027756 	999.000000 	2.000000 	4.472136 	6.324555 	6.324555 	24.186773 	22.561028 	21.213203 	24.738634 	26.076809 	
100.044991 	46.615448 	43.657761 	47.296936 	39.217342 	42.720020 	90.426765 	43.737854 	41.976185 	41.773197 	112.871605 	109.895409 	117.277451 	32.893768 	36.496574 	110.168053 	107.200745 	113.780487 	32.015621 	82.036575 	115.952576 	25.612497 	88.056801 	27.892651 	29.427877 	81.320351 	20.615528 	21.840330 	82.873398 	22.360680 	18.027756 	22.000000 	18.027756 	2.000000 	999.000000 	5.656854 	7.211102 	6.000000 	22.472204 	20.615528 	19.235384 	22.803509 	24.083189 	
104.235313 	44.777225 	46.324940 	44.598206 	41.976185 	40.311287 	95.126228 	40.804413 	39.217342 	38.897301 	108.461975 	105.475113 	122.024590 	35.693138 	40.049969 	105.683487 	102.703453 	118.600166 	35.227829 	77.524193 	120.784935 	26.832815 	93.005379 	31.144823 	33.015148 	86.330757 	23.345236 	25.079872 	88.022728 	26.000000 	21.095022 	26.305893 	22.203604 	4.472136 	5.656854 	999.000000 	2.000000 	4.472136 	28.017851 	25.632011 	24.041630 	27.856777 	28.635643 	
106.230881 	45.793011 	48.270073 	45.310043 	43.931767 	41.146080 	97.082436 	41.436699 	39.924931 	39.560081 	108.295891 	105.304321 	123.975807 	37.656342 	42.047592 	105.475113 	102.489021 	120.540451 	37.215588 	77.317528 	122.723267 	28.635643 	94.921021 	33.136082 	35.014282 	88.232651 	25.317978 	27.073973 	89.888817 	28.000000 	23.086792 	28.284271 	24.186773 	6.324555 	7.211102 	2.000000 	999.000000 	4.000000 	29.206163 	26.400757 	24.698177 	28.635643 	29.120440 	
106.042442 	49.244289 	49.335587 	49.040798 	44.922153 	44.777225 	96.337944 	45.221676 	43.657761 	43.324360 	112.285347 	109.293182 	123.166557 	38.600517 	42.426407 	109.457756 	106.470650 	119.641129 	37.854988 	81.301903 	121.807228 	30.528675 	93.861603 	33.734257 	35.355339 	87.091904 	26.248810 	27.658634 	88.543777 	28.284271 	23.769728 	28.000000 	24.020824 	6.324555 	6.000000 	4.472136 	4.000000 	999.000000 	26.172504 	22.825424 	21.023796 	25.059929 	25.298222 	
89.442719 	62.289646 	44.687805 	65.007690 	40.607880 	60.000000 	77.058418 	62.128899 	60.074955 	60.133186 	133.555237 	130.613937 	103.077644 	35.510563 	34.655445 	131.026718 	128.097626 	99.181648 	33.015148 	103.077644 	101.242287 	35.902645 	73.109505 	30.016663 	29.410883 	66.121101 	27.892651 	26.570660 	66.610809 	25.079872 	25.495098 	21.470911 	20.880613 	24.186773 	22.472204 	28.017851 	29.206163 	26.172504 	999.000000 	7.071068 	9.000000 	6.708204 	11.180340 	
96.509064 	64.327286 	50.209560 	66.272163 	45.967381 	61.400326 	84.095184 	63.071388 	61.131008 	61.073727 	133.360413 	130.391724 	110.040901 	40.459858 	40.459858 	130.698120 	127.738014 	106.117859 	38.209946 	102.591423 	108.166542 	39.000000 	80.056229 	34.828148 	34.655445 	73.061615 	31.304953 	30.528675 	73.437050 	29.410883 	28.635643 	26.248810 	24.698177 	22.561028 	20.615528 	25.632011 	26.400757 	22.825424 	7.071068 	999.000000 	2.236068 	2.236068 	5.000000 	
98.310730 	63.788715 	50.990196 	65.490456 	46.690472 	60.671246 	86.052307 	62.201286 	60.299255 	60.207973 	132.098450 	129.123978 	112.071404 	41.036568 	41.400482 	129.402466 	126.435753 	108.166542 	38.897301 	101.271912 	110.222504 	38.910152 	82.097504 	35.383614 	35.383614 	75.106590 	31.384710 	30.805843 	75.538071 	29.832869 	28.653097 	26.870058 	25.000000 	21.213203 	19.235384 	24.041630 	24.698177 	21.023796 	9.000000 	2.236068 	999.000000 	4.242640 	5.099020 	
95.900993 	66.098412 	50.931328 	68.183578 	46.754681 	63.285069 	83.216583 	65.030762 	63.071388 	63.031738 	135.484314 	132.517929 	109.004585 	41.400482 	41.036568 	132.834488 	129.876862 	105.042847 	39.051247 	104.737770 	107.074738 	40.496914 	79.006332 	35.805027 	35.468296 	72.006943 	32.695564 	31.764761 	72.249565 	30.528675 	30.083218 	27.202942 	25.942244 	24.738634 	22.803509 	27.856777 	28.635643 	25.059929 	6.708204 	2.236068 	4.242640 	999.000000 	4.472136 	
100.224747 	68.883957 	55.154327 	70.576202 	50.931328 	65.764732 	87.367043 	67.268120 	65.375839 	65.276337 	136.937943 	133.958954 	113.004425 	45.453274 	45.343136 	134.212524 	131.240234 	109.004585 	43.185646 	106.066017 	111.018013 	43.863426 	83.006027 	39.824615 	39.623226 	76.006577 	36.235340 	35.510563 	76.105194 	34.409302 	33.541019 	31.240999 	29.681644 	26.076809 	24.083189 	28.635643 	29.120440 	25.298222 	11.180340 	5.000000 	5.099020 	4.472136 	999.000000 	

Travel time:
9.000000 	2.350532 	1.542117 	2.539931 	1.625000 	2.459675 	0.425735 	2.571478 	2.526979 	2.549510 	4.048225 	3.995310 	0.625000 	1.760149 	1.615743 	4.031129 	3.979400 	0.614919 	1.746783 	3.520032 	0.660492 	2.055633 	0.625000 	1.842044 	1.786232 	0.743303 	2.043587 	1.987775 	0.832541 	1.957837 	2.087163 	1.951442 	2.052438 	2.503123 	2.501125 	2.605883 	2.655772 	2.651061 	2.236068 	2.412727 	2.457768 	2.397525 	2.505619 	
2.350532 	9.000000 	0.905883 	0.190394 	0.887764 	0.158114 	2.307867 	0.250000 	0.230489 	0.254951 	1.901480 	1.833712 	2.933108 	0.863496 	1.028652 	1.856071 	1.789728 	2.880213 	0.933408 	1.226020 	2.935345 	0.676849 	2.351197 	0.927699 	0.989002 	2.229910 	0.875357 	0.928036 	2.323925 	0.980115 	0.925338 	1.079641 	1.050000 	1.119431 	1.165386 	1.119431 	1.144825 	1.231107 	1.557241 	1.608182 	1.594718 	1.652460 	1.722099 	
1.542117 	0.905883 	9.000000 	1.078483 	0.111803 	0.973717 	1.428504 	1.081954 	1.030776 	1.050297 	2.787696 	2.722705 	2.079664 	0.269258 	0.257391 	2.748295 	2.684446 	2.015564 	0.305164 	2.131901 	2.071382 	0.525595 	1.453444 	0.403113 	0.390512 	1.325943 	0.577170 	0.548293 	1.418185 	0.548862 	0.640800 	0.605186 	0.673146 	1.075291 	1.091444 	1.158123 	1.206752 	1.233390 	1.117195 	1.255239 	1.274755 	1.273283 	1.378858 	
2.539931 	0.190394 	1.078483 	9.000000 	1.050297 	0.127475 	2.490984 	0.106066 	0.134629 	0.145774 	1.764405 	1.694476 	3.120196 	1.007782 	1.179248 	1.713549 	1.644878 	3.066044 	1.073546 	1.060955 	3.121298 	0.783023 	2.529452 	1.053862 	1.119431 	2.404423 	0.970824 	1.030776 	2.495621 	1.085415 	1.011187 	1.182423 	1.138530 	1.133854 	1.182423 	1.114955 	1.132751 	1.226020 	1.625192 	1.656804 	1.637261 	1.704589 	1.764405 	
1.625000 	0.887764 	0.111803 	1.050297 	9.000000 	0.938416 	1.488497 	1.043132 	0.989950 	1.007782 	2.784107 	2.717651 	2.147673 	0.158114 	0.176777 	2.741464 	2.676051 	2.079664 	0.195256 	2.110095 	2.135562 	0.431567 	1.500000 	0.291548 	0.282843 	1.364047 	0.467039 	0.436606 	1.449569 	0.437321 	0.529741 	0.496236 	0.561805 	0.965013 	0.980434 	1.049405 	1.098294 	1.123054 	1.015197 	1.149184 	1.167262 	1.168867 	1.273283 	
2.459675 	0.158114 	0.973717 	0.127475 	0.938416 	9.000000 	2.395047 	0.111803 	0.075000 	0.100000 	1.890271 	1.820028 	3.031604 	0.887764 	1.060955 	1.838478 	1.769357 	2.974580 	0.951972 	1.179248 	3.030058 	0.656220 	2.427061 	0.929045 	0.995301 	2.298369 	0.843356 	0.903466 	2.387075 	0.958188 	0.883883 	1.055047 	1.011187 	1.020110 	1.068001 	1.007782 	1.028652 	1.119431 	1.500000 	1.535008 	1.516781 	1.582127 	1.644118 	
0.425735 	2.307867 	1.428504 	2.490984 	1.488497 	2.395047 	9.000000 	2.505244 	2.455733 	2.476136 	4.107387 	4.049228 	0.673146 	1.599414 	1.434617 	4.081207 	4.024068 	0.594243 	1.569236 	3.518966 	0.650000 	1.901480 	0.201556 	1.653217 	1.589221 	0.325960 	1.850000 	1.786757 	0.406971 	1.748035 	1.882153 	1.722099 	1.825171 	2.270050 	2.260669 	2.378156 	2.427061 	2.408449 	1.926461 	2.102380 	2.151308 	2.080415 	2.184176 	
2.571478 	0.250000 	1.081954 	0.106066 	1.043132 	0.111803 	2.505244 	9.000000 	0.055902 	0.050000 	1.810559 	1.739253 	3.142949 	0.985203 	1.160011 	1.755705 	1.685416 	3.085551 	1.047020 	1.085415 	3.141059 	0.738664 	2.535375 	1.017657 	1.085415 	2.405203 	0.917197 	0.980434 	2.492614 	1.035918 	0.951972 	1.130542 	1.079352 	1.044330 	1.093446 	1.020110 	1.035918 	1.130542 	1.553222 	1.576785 	1.555032 	1.625769 	1.681703 	
2.526979 	0.230489 	1.030776 	0.134629 	0.989950 	0.075000 	2.455733 	0.055902 	9.000000 	0.025000 	1.865811 	1.794610 	3.095562 	0.930054 	1.105102 	1.811249 	1.741049 	3.037268 	0.991527 	1.141271 	3.092834 	0.682825 	2.483948 	0.961769 	1.029563 	2.352791 	0.862047 	0.925000 	2.439518 	0.980434 	0.897566 	1.075291 	1.025000 	1.000625 	1.049405 	0.980434 	0.998123 	1.091444 	1.501874 	1.528275 	1.507481 	1.576785 	1.634396 	
2.549510 	0.254951 	1.050297 	0.145774 	1.007782 	0.100000 	2.476136 	0.050000 	0.025000 	9.000000 	1.858259 	1.786757 	3.116990 	0.945053 	1.120547 	1.802776 	1.732231 	3.058288 	1.005609 	1.129436 	3.113880 	0.693271 	2.503123 	0.973717 	1.041933 	2.371181 	0.869626 	0.933408 	2.457260 	0.989002 	0.903466 	1.083109 	1.030776 	0.995301 	1.044330 	0.972432 	0.989002 	1.083109 	1.503330 	1.526843 	1.505199 	1.575794 	1.631908 	
4.048225 	1.901480 	2.787696 	1.764405 	2.784107 	1.890271 	4.107387 	1.810559 	1.865811 	1.858259 	9.000000 	0.075000 	4.668110 	2.764281 	2.930017 	0.090139 	0.158114 	4.636405 	2.832953 	0.775403 	4.688617 	2.546075 	4.185242 	2.818022 	2.882924 	4.084192 	2.727751 	2.790721 	4.188078 	2.846050 	2.761001 	2.941088 	2.888014 	2.772183 	2.821790 	2.711549 	2.707397 	2.807134 	3.338881 	3.334010 	3.302461 	3.387108 	3.423449 	
3.995310 	1.833712 	2.722705 	1.694476 	2.717651 	1.820028 	4.049228 	1.739253 	1.794610 	1.786757 	0.075000 	9.000000 	4.614177 	2.695946 	2.862364 	0.050000 	0.090139 	4.581280 	2.764281 	0.700446 	4.633708 	2.475505 	4.125000 	2.748295 	2.813472 	4.022437 	2.656360 	2.719605 	4.125606 	2.775000 	2.689098 	2.869778 	2.816025 	2.697800 	2.747385 	2.636878 	2.632608 	2.732330 	3.265348 	3.259793 	3.228099 	3.312948 	3.348974 	
0.625000 	2.933108 	2.079664 	3.120196 	2.147673 	3.031604 	0.673146 	3.142949 	3.095562 	3.116990 	4.668110 	4.614177 	9.000000 	2.265502 	2.103865 	4.649261 	4.596330 	0.111803 	2.238443 	4.123106 	0.090139 	2.567343 	0.750000 	2.324328 	2.261084 	0.925000 	2.522028 	2.459294 	0.933408 	2.421002 	2.555020 	2.395047 	2.498124 	2.942151 	2.931936 	3.050615 	3.099395 	3.079164 	2.576941 	2.751023 	2.801785 	2.725115 	2.825111 	
1.760149 	0.863496 	0.269258 	1.007782 	0.158114 	0.887764 	1.599414 	0.985203 	0.930054 	0.945053 	2.764281 	2.695946 	2.265502 	9.000000 	0.176777 	2.717191 	2.649764 	2.193171 	0.075000 	2.067003 	2.249028 	0.302076 	1.595306 	0.141421 	0.158114 	1.450216 	0.309233 	0.279509 	1.526843 	0.285044 	0.371652 	0.355317 	0.410031 	0.807001 	0.822344 	0.892328 	0.941409 	0.965013 	0.887764 	1.011496 	1.025914 	1.035012 	1.136332 	
1.615743 	1.028652 	0.257391 	1.179248 	0.176777 	1.060955 	1.434617 	1.160011 	1.105102 	1.120547 	2.930017 	2.862364 	2.103865 	0.176777 	9.000000 	2.884549 	2.817801 	2.028854 	0.134629 	2.239699 	2.084616 	0.471699 	1.423464 	0.226385 	0.176777 	1.275980 	0.427931 	0.375000 	1.350926 	0.353553 	0.475000 	0.380789 	0.467039 	0.905539 	0.912414 	1.001249 	1.051190 	1.060660 	0.866386 	1.011496 	1.035012 	1.025914 	1.133578 	
4.031129 	1.856071 	2.748295 	1.713549 	2.741464 	1.838478 	4.081207 	1.755705 	1.811249 	1.802776 	0.090139 	0.050000 	4.649261 	2.717191 	2.884549 	9.000000 	0.075000 	4.615531 	2.785004 	0.704006 	4.668110 	2.493116 	4.155192 	2.767332 	2.832953 	4.051234 	2.672312 	2.736101 	4.153688 	2.791617 	2.703932 	2.885849 	2.830636 	2.704741 	2.754201 	2.642087 	2.636878 	2.736444 	3.275668 	3.267453 	3.235062 	3.320862 	3.355313 	
3.979400 	1.789728 	2.684446 	1.644878 	2.676051 	1.769357 	4.024068 	1.685416 	1.741049 	1.732231 	0.158114 	0.090139 	4.596330 	2.649764 	2.817801 	0.075000 	9.000000 	4.561387 	2.717191 	0.629484 	4.614177 	2.423324 	4.095882 	2.698379 	2.764281 	3.990379 	2.601562 	2.665638 	4.092065 	2.721213 	2.632608 	2.815138 	2.759189 	2.630589 	2.680019 	2.567586 	2.562226 	2.661766 	3.202441 	3.193450 	3.160894 	3.246922 	3.281006 	
0.614919 	2.880213 	2.015564 	3.066044 	2.079664 	2.974580 	0.594243 	3.085551 	3.037268 	3.058288 	4.636405 	4.581280 	0.111803 	2.193171 	2.028854 	4.615531 	4.561387 	9.000000 	2.163475 	4.078296 	0.055902 	2.495245 	0.651920 	2.247221 	2.182888 	0.826514 	2.443486 	2.379732 	0.828402 	2.340139 	2.474495 	2.311115 	2.414151 	2.855915 	2.844512 	2.965004 	3.013511 	2.991028 	2.479541 	2.652946 	2.704164 	2.626071 	2.725115 	
1.746783 	0.933408 	0.305164 	1.073546 	0.195256 	0.951972 	1.569236 	1.047020 	0.991527 	1.005609 	2.832953 	2.764281 	2.238443 	0.075000 	0.134629 	2.785004 	2.717191 	2.163475 	9.000000 	2.130874 	2.219234 	0.340037 	1.556639 	0.103078 	0.090139 	1.407569 	0.300000 	0.254951 	1.480076 	0.246221 	0.353553 	0.301040 	0.369121 	0.789383 	0.800391 	0.880696 	0.930390 	0.946375 	0.825379 	0.955249 	0.972432 	0.976281 	1.079641 	
3.520032 	1.226020 	2.131901 	1.060955 	2.110095 	1.179248 	3.518966 	1.085415 	1.141271 	1.129436 	0.775403 	0.700446 	4.123106 	2.067003 	2.239699 	0.704006 	0.629484 	4.078296 	2.130874 	9.000000 	4.132569 	1.822430 	3.572464 	2.102974 	2.170829 	3.454797 	1.992643 	2.058671 	3.549824 	2.114533 	2.019437 	2.205958 	2.144907 	2.001562 	2.050914 	1.938105 	1.932938 	2.032547 	2.576941 	2.564785 	2.531798 	2.618444 	2.651650 	
0.660492 	2.935345 	2.071382 	3.121298 	2.135562 	3.030058 	0.650000 	3.141059 	3.092834 	3.113880 	4.688617 	4.633708 	0.090139 	2.249028 	2.084616 	4.668110 	4.614177 	0.055902 	2.219234 	4.132569 	9.000000 	2.551103 	0.704006 	2.302851 	2.238443 	0.878208 	2.499000 	2.435159 	0.876427 	2.395438 	2.529822 	2.366036 	2.469059 	2.910434 	2.898814 	3.019623 	3.068082 	3.045181 	2.531057 	2.704164 	2.755563 	2.676868 	2.775450 	
2.055633 	0.676849 	0.525595 	0.783023 	0.431567 	0.656220 	1.901480 	0.738664 	0.682825 	0.693271 	2.546075 	2.475505 	2.567343 	0.302076 	0.471699 	2.493116 	2.423324 	2.495245 	0.340037 	1.822430 	2.551103 	9.000000 	1.895059 	0.285044 	0.355317 	1.747319 	0.201556 	0.251247 	1.820028 	0.304138 	0.261008 	0.403113 	0.378319 	0.610328 	0.640312 	0.670820 	0.715891 	0.763217 	0.897566 	0.975000 	0.972754 	1.012423 	1.096586 	
0.625000 	2.351197 	1.453444 	2.529452 	1.500000 	2.427061 	0.201556 	2.535375 	2.483948 	2.503123 	4.185242 	4.125000 	0.750000 	1.595306 	1.423464 	4.155192 	4.095882 	0.651920 	1.556639 	3.572464 	0.704006 	1.895059 	9.000000 	1.632483 	1.565248 	0.175000 	1.822944 	1.756595 	0.215058 	1.713549 	1.848141 	1.676678 	1.779220 	2.215006 	2.201420 	2.325135 	2.373025 	2.346540 	1.827738 	2.001406 	2.052438 	1.975158 	2.075151 	
1.842044 	0.927699 	0.403113 	1.053862 	0.291548 	0.929045 	1.653217 	1.017657 	0.961769 	0.973717 	2.818022 	2.748295 	2.324328 	0.141421 	0.226385 	2.767332 	2.698379 	2.247221 	0.103078 	2.102974 	2.302851 	0.285044 	1.632483 	9.000000 	0.070711 	1.479231 	0.201556 	0.152069 	1.546367 	0.145774 	0.251247 	0.215058 	0.270416 	0.686477 	0.697316 	0.778621 	0.828402 	0.843356 	0.750417 	0.870704 	0.884590 	0.895126 	0.995615 	
1.786232 	0.989002 	0.390512 	1.119431 	0.282843 	0.995301 	1.589221 	1.085415 	1.029563 	1.041933 	2.882924 	2.813472 	2.261084 	0.158114 	0.176777 	2.832953 	2.764281 	2.182888 	0.090139 	2.170829 	2.238443 	0.355317 	1.565248 	0.070711 	9.000000 	1.410895 	0.261008 	0.201556 	1.476906 	0.176777 	0.301040 	0.215058 	0.292617 	0.728869 	0.735697 	0.825379 	0.875357 	0.883883 	0.735272 	0.866386 	0.884590 	0.886707 	0.990581 	
0.743303 	2.229910 	1.325943 	2.404423 	1.364047 	2.298369 	0.325960 	2.405203 	2.352791 	2.371181 	4.084192 	4.022437 	0.925000 	1.450216 	1.275980 	4.051234 	3.990379 	0.826514 	1.407569 	3.454797 	0.878208 	1.747319 	0.175000 	1.479231 	1.410895 	9.000000 	1.666208 	1.598828 	0.125000 	1.554228 	1.688565 	1.513481 	1.615549 	2.047712 	2.033009 	2.158269 	2.205816 	2.177298 	1.653028 	1.826540 	1.877665 	1.800174 	1.900164 	
2.043587 	0.875357 	0.577170 	0.970824 	0.467039 	0.843356 	1.850000 	0.917197 	0.862047 	0.869626 	2.727751 	2.656360 	2.522028 	0.309233 	0.427931 	2.672312 	2.601562 	2.443486 	0.300000 	1.992643 	2.499000 	0.201556 	1.822944 	0.201556 	0.261008 	1.666208 	9.000000 	0.070711 	1.727896 	0.125000 	0.070711 	0.213600 	0.176777 	0.498121 	0.515388 	0.583631 	0.632949 	0.656220 	0.697316 	0.782624 	0.784618 	0.817389 	0.905883 	
1.987775 	0.928036 	0.548293 	1.030776 	0.436606 	0.903466 	1.786757 	0.980434 	0.925000 	0.933408 	2.790721 	2.719605 	2.459294 	0.279509 	0.375000 	2.736101 	2.665638 	2.379732 	0.254951 	2.058671 	2.435159 	0.251247 	1.756595 	0.152069 	0.201556 	1.598828 	0.070711 	9.000000 	1.659254 	0.055902 	0.100000 	0.152069 	0.145774 	0.534439 	0.546008 	0.626997 	0.676849 	0.691466 	0.664266 	0.763217 	0.770146 	0.794119 	0.887764 	
0.832541 	2.323925 	1.418185 	2.495621 	1.449569 	2.387075 	0.406971 	2.492614 	2.439518 	2.457260 	4.188078 	4.125606 	0.933408 	1.526843 	1.350926 	4.153688 	4.092065 	0.828402 	1.480076 	3.549824 	0.876427 	1.820028 	0.215058 	1.546367 	1.476906 	0.125000 	1.727896 	1.659254 	9.000000 	1.612452 	1.745888 	1.565248 	1.666021 	2.089258 	2.071835 	2.200568 	2.247221 	2.213594 	1.665270 	1.835926 	1.888452 	1.806239 	1.902630 	
1.957837 	0.980115 	0.548862 	1.085415 	0.437321 	0.958188 	1.748035 	1.035918 	0.980434 	0.989002 	2.846050 	2.775000 	2.421002 	0.285044 	0.353553 	2.791617 	2.721213 	2.340139 	0.246221 	2.114533 	2.395438 	0.304138 	1.713549 	0.145774 	0.176777 	1.554228 	0.125000 	0.055902 	1.612452 	9.000000 	0.134629 	0.100000 	0.125000 	0.552268 	0.559017 	0.650000 	0.700000 	0.707107 	0.626997 	0.735272 	0.745822 	0.763217 	0.860233 	
2.087163 	0.925338 	0.640800 	1.011187 	0.529741 	0.883883 	1.882153 	0.951972 	0.897566 	0.903466 	2.761001 	2.689098 	2.555020 	0.371652 	0.475000 	2.703932 	2.632608 	2.474495 	0.353553 	2.019437 	2.529822 	0.261008 	1.848141 	0.251247 	0.301040 	1.688565 	0.070711 	0.100000 	1.745888 	0.134629 	9.000000 	0.195256 	0.127475 	0.436606 	0.450694 	0.527376 	0.577170 	0.594243 	0.637377 	0.715891 	0.716327 	0.752080 	0.838525 	
1.951442 	1.079641 	0.605186 	1.182423 	0.496236 	1.055047 	1.722099 	1.130542 	1.075291 	1.083109 	2.941088 	2.869778 	2.395047 	0.355317 	0.380789 	2.885849 	2.815138 	2.311115 	0.301040 	2.205958 	2.366036 	0.403113 	1.676678 	0.215058 	0.215058 	1.513481 	0.213600 	0.152069 	1.565248 	0.100000 	0.195256 	9.000000 	0.103078 	0.552268 	0.550000 	0.657647 	0.707107 	0.700000 	0.536773 	0.656220 	0.671751 	0.680074 	0.781025 	
2.052438 	1.050000 	0.673146 	1.138530 	0.561805 	1.011187 	1.825171 	1.079352 	1.025000 	1.030776 	2.888014 	2.816025 	2.498124 	0.410031 	0.467039 	2.830636 	2.759189 	2.414151 	0.369121 	2.144907 	2.469059 	0.378319 	1.779220 	0.270416 	0.292617 	1.615549 	0.176777 	0.145774 	1.666021 	0.125000 	0.127475 	0.103078 	9.000000 	0.450694 	0.450694 	0.555090 	0.604669 	0.600521 	0.522015 	0.617454 	0.625000 	0.648556 	0.742041 	
2.503123 	1.119431 	1.075291 	1.133854 	0.965013 	1.020110 	2.270050 	1.044330 	1.000625 	0.995301 	2.772183 	2.697800 	2.942151 	0.807001 	0.905539 	2.704741 	2.630589 	2.855915 	0.789383 	2.001562 	2.910434 	0.610328 	2.215006 	0.686477 	0.728869 	2.047712 	0.498121 	0.534439 	2.089258 	0.552268 	0.436606 	0.552268 	0.450694 	9.000000 	0.050000 	0.111803 	0.158114 	0.158114 	0.604669 	0.564026 	0.530330 	0.618466 	0.651920 	
2.501125 	1.165386 	1.091444 	1.182423 	0.980434 	1.068001 	2.260669 	1.093446 	1.049405 	1.044330 	2.821790 	2.747385 	2.931936 	0.822344 	0.912414 	2.754201 	2.680019 	2.844512 	0.800391 	2.050914 	2.898814 	0.640312 	2.201420 	0.697316 	0.735697 	2.033009 	0.515388 	0.546008 	2.071835 	0.559017 	0.450694 	0.550000 	0.450694 	0.050000 	9.000000 	0.141421 	0.180278 	0.150000 	0.561805 	0.515388 	0.480885 	0.570088 	0.602080 	
2.605883 	1.119431 	1.158123 	1.114955 	1.049405 	1.007782 	2.378156 	1.020110 	0.980434 	0.972432 	2.711549 	2.636878 	3.050615 	0.892328 	1.001249 	2.642087 	2.567586 	2.965004 	0.880696 	1.938105 	3.019623 	0.670820 	2.325135 	0.778621 	0.825379 	2.158269 	0.583631 	0.626997 	2.200568 	0.650000 	0.527376 	0.657647 	0.555090 	0.111803 	0.141421 	9.000000 	0.050000 	0.111803 	0.700446 	0.640800 	0.601041 	0.696419 	0.715891 	
2.655772 	1.144825 	1.206752 	1.132751 	1.098294 	1.028652 	2.427061 	1.035918 	0.998123 	0.989002 	2.707397 	2.632608 	3.099395 	0.941409 	1.051190 	2.636878 	2.562226 	3.013511 	0.930390 	1.932938 	3.068082 	0.715891 	2.373025 	0.828402 	0.875357 	2.205816 	0.632949 	0.676849 	2.247221 	0.700000 	0.577170 	0.707107 	0.604669 	0.158114 	0.180278 	0.050000 	9.000000 	0.100000 	0.730154 	0.660019 	0.617454 	0.715891 	0.728011 	
2.651061 	1.231107 	1.233390 	1.226020 	1.123054 	1.119431 	2.408449 	1.130542 	1.091444 	1.083109 	2.807134 	2.732330 	3.079164 	0.965013 	1.060660 	2.736444 	2.661766 	2.991028 	0.946375 	2.032547 	3.045181 	0.763217 	2.346540 	0.843356 	0.883883 	2.177298 	0.656220 	0.691466 	2.213594 	0.707107 	0.594243 	0.700000 	0.600521 	0.158114 	0.150000 	0.111803 	0.100000 	9.000000 	0.654313 	0.570636 	0.525595 	0.626498 	0.632456 	
2.236068 	1.557241 	1.117195 	1.625192 	1.015197 	1.500000 	1.926461 	1.553222 	1.501874 	1.503330 	3.338881 	3.265348 	2.576941 	0.887764 	0.866386 	3.275668 	3.202441 	2.479541 	0.825379 	2.576941 	2.531057 	0.897566 	1.827738 	0.750417 	0.735272 	1.653028 	0.697316 	0.664266 	1.665270 	0.626997 	0.637377 	0.536773 	0.522015 	0.604669 	0.561805 	0.700446 	0.730154 	0.654313 	9.000000 	0.176777 	0.225000 	0.167705 	0.279509 	
2.412727 	1.608182 	1.255239 	1.656804 	1.149184 	1.535008 	2.102380 	1.576785 	1.528275 	1.526843 	3.334010 	3.259793 	2.751023 	1.011496 	1.011496 	3.267453 	3.193450 	2.652946 	0.955249 	2.564785 	2.704164 	0.975000 	2.001406 	0.870704 	0.866386 	1.826540 	0.782624 	0.763217 	1.835926 	0.735272 	0.715891 	0.656220 	0.617454 	0.564026 	0.515388 	0.640800 	0.660019 	0.570636 	0.176777 	9.000000 	0.055902 	0.055902 	0.125000 	
2.457768 	1.594718 	1.274755 	1.637261 	1.167262 	1.516781 	2.151308 	1.555032 	1.507481 	1.505199 	3.302461 	3.228099 	2.801785 	1.025914 	1.035012 	3.235062 	3.160894 	2.704164 	0.972432 	2.531798 	2.755563 	0.972754 	2.052438 	0.884590 	0.884590 	1.877665 	0.784618 	0.770146 	1.888452 	0.745822 	0.716327 	0.671751 	0.625000 	0.530330 	0.480885 	0.601041 	0.617454 	0.525595 	0.225000 	0.055902 	9.000000 	0.106066 	0.127475 	
2.397525 	1.652460 	1.273283 	1.704589 	1.168867 	1.582127 	2.080415 	1.625769 	1.576785 	1.575794 	3.387108 	3.312948 	2.725115 	1.035012 	1.025914 	3.320862 	3.246922 	2.626071 	0.976281 	2.618444 	2.676868 	1.012423 	1.975158 	0.895126 	0.886707 	1.800174 	0.817389 	0.794119 	1.806239 	0.763217 	0.752080 	0.680074 	0.648556 	0.618466 	0.570088 	0.696419 	0.715891 	0.626498 	0.167705 	0.055902 	0.106066 	9.000000 	0.111803 	
2.505619 	1.722099 	1.378858 	1.764405 	1.273283 	1.644118 	2.184176 	1.681703 	1.634396 	1.631908 	3.423449 	3.348974 	2.825111 	1.136332 	1.133578 	3.355313 	3.281006 	2.725115 	1.079641 	2.651650 	2.775450 	1.096586 	2.075151 	0.995615 	0.990581 	1.900164 	0.905883 	0.887764 	1.902630 	0.860233 	0.838525 	0.781025 	0.742041 	0.651920 	0.602080 	0.715891 	0.728011 	0.632456 	0.279509 	0.125000 	0.127475 	0.111803 	9.000000 	

Feasibility v1:
0 	0 	0 	0 	0 	0 	0 	0 	0 	0 	0 	0 	0 	0 	0 	0 	0 	0 	0 	0 	0 	0 	0 	0 	0 	0 	0 	0 	0 	0 	0 	0 	0 	0 	0 	0 	0 	0 	0 	0 	0 	0 	0 	
0 	0 	0 	0 	0 	0 	0 	0 	0 	0 	0 	0 	0 	0 	0 	0 	0 	0 	0 	0 	0 	0 	0 	0 	0 	0 	0 	0 	0 	0 	0 	0 	0 	0 	0 	0 	0 	0 	0 	0 	0 	0 	0 	
0 	0 	0 	0 	0 	0 	0 	0 	0 	0 	0 	0 	0 	0 	0 	0 	0 	0 	0 	0 	0 	0 	0 	0 	1 	0 	1 	1 	0 	1 	1 	1 	1 	1 	1 	1 	1 	1 	1 	1 	0 	0 	1 	
0 	0 	0 	0 	0 	0 	0 	0 	0 	0 	0 	0 	0 	0 	0 	0 	0 	0 	0 	0 	0 	0 	0 	0 	0 	0 	0 	0 	0 	0 	0 	0 	0 	0 	0 	0 	0 	0 	0 	0 	0 	0 	0 	
0 	0 	0 	0 	0 	0 	0 	0 	0 	0 	0 	0 	0 	0 	0 	0 	0 	0 	0 	0 	0 	0 	0 	0 	0 	0 	0 	0 	0 	0 	0 	0 	0 	0 	0 	0 	0 	0 	0 	0 	0 	0 	0 	
