UB = 773
M = 60

Distance:
999.000000 	33.060551 	98.600204 	84.581322 	103.174606 	73.756355 	91.923882 	67.955872 	69.318108 	58.523499 	16.492422 	30.016663 	58.694122 	15.264338 	85.615417 	97.128784 	93.914856 	24.186773 	100.722389 	87.664131 	50.487621 	44.643028 	36.359318 	90.824005 	110.136276 	115.433968 	33.970577 	54.744862 	78.262383 	28.017851 	67.007462 	90.138779 	74.431175 	120.208153 	61.660358 	57.489128 	101.950966 	122.319252 	51.478149 	62.968246 	35.846897 	35.057095 	37.589893 	118.848640 	75.006668 	45.453274 	40.224369 	38.483765 	67.082039 	107.335922 	112.805145 	89.560036 	59.093147 	40.447498 	102.615791 	111.789978 	65.145988 	75.538071 	122.588745 	81.098709 	114.389687 	99.824844 	59.682495 	126.126923 	
33.060551 	999.000000 	76.400261 	57.489128 	79.309517 	55.036350 	74.249580 	45.793011 	43.931767 	29.832869 	32.202484 	3.162278 	28.844410 	27.313000 	57.801384 	71.449280 	67.357254 	28.319605 	75.006668 	59.076221 	17.720045 	14.142136 	17.117243 	62.128899 	85.562843 	92.097771 	22.472204 	22.135944 	46.818798 	41.231056 	34.132095 	60.415230 	42.201897 	97.082436 	28.861740 	25.495098 	73.246162 	98.310730 	23.600847 	30.364452 	36.359318 	48.104053 	34.438351 	93.434471 	42.011902 	27.073973 	32.572994 	37.121422 	34.481880 	78.549347 	84.876381 	57.271286 	30.413813 	46.615448 	72.090218 	83.006027 	34.132095 	42.579338 	96.046867 	48.041649 	85.755463 	68.308128 	34.132095 	99.201813 	
98.600204 	76.400261 	999.000000 	24.083189 	7.280110 	25.495098 	15.231546 	31.112698 	32.756680 	47.885281 	106.066017 	77.466118 	50.089920 	101.118744 	26.000000 	13.416408 	17.720045 	104.350372 	13.453624 	28.160255 	72.090218 	79.605278 	91.586021 	27.658634 	14.000000 	17.000000 	98.183502 	72.449982 	45.044422 	116.846054 	59.228371 	32.756680 	51.244511 	21.633308 	70.342018 	75.584389 	27.202942 	24.166092 	86.162636 	72.034714 	112.645462 	124.084648 	110.385689 	23.086792 	60.133186 	98.386993 	107.703293 	113.159180 	72.180328 	29.000000 	27.294687 	50.009998 	86.683334 	123.004066 	37.735924 	30.805843 	80.808418 	68.117546 	29.017237 	63.031738 	31.384710 	44.283180 	94.254974 	33.015148 	
84.581322 	57.489128 	24.083189 	999.000000 	23.769728 	24.698177 	32.310989 	20.099751 	15.524175 	27.658634 	89.050545 	59.203041 	29.000000 	84.053551 	2.828427 	14.422205 	9.899495 	85.796272 	17.804493 	6.403124 	49.929951 	58.008621 	70.936592 	8.544003 	28.844410 	36.235340 	77.897369 	49.648766 	21.000000 	98.716766 	35.440090 	12.041595 	27.166155 	41.182522 	46.818798 	52.392746 	18.110771 	41.617306 	63.529522 	48.383881 	92.698433 	105.550934 	90.027771 	36.069378 	36.055511 	76.550636 	86.833176 	92.849342 	48.270073 	23.345236 	28.231188 	27.730848 	63.324562 	103.276329 	23.409399 	27.658634 	57.008770 	44.045429 	38.600517 	39.204590 	30.083218 	26.400757 	70.936592 	41.880783 	
103.174606 	79.309517 	7.280110 	23.769728 	999.000000 	31.320919 	22.472204 	35.227829 	35.383614 	50.000000 	109.786156 	80.622574 	51.865211 	104.804581 	25.000000 	10.049875 	15.132746 	107.517441 	8.246211 	26.305893 	73.430237 	81.301903 	93.813644 	25.019993 	7.280110 	12.806249 	100.603180 	73.348480 	43.931767 	120.208153 	59.135437 	30.000000 	50.447994 	17.804493 	70.576202 	76.157730 	21.931713 	19.209373 	87.206650 	72.111023 	115.256233 	127.310646 	112.800713 	16.492422 	59.033890 	99.985001 	109.859001 	115.602768 	71.840103 	22.803509 	20.248457 	47.095646 	87.091904 	125.733849 	32.695564 	24.083189 	80.653580 	66.910385 	22.022715 	61.204575 	24.413111 	39.849716 	94.704803 	26.019224 	
73.756355 	55.036350 	25.495098 	24.698177 	31.320919 	999.000000 	19.235384 	11.045361 	18.027756 	31.000000 	82.462112 	55.470715 	34.014702 	77.620872 	27.459061 	29.017237 	28.635643 	81.835197 	32.015621 	31.064449 	55.326305 	61.392181 	71.512238 	33.120991 	38.600517 	42.485291 	77.472572 	57.035076 	39.962482 	93.813644 	48.270073 	36.619667 	43.863426 	47.010635 	57.218880 	61.000000 	40.521599 	49.658836 	69.584480 	59.304298 	91.241440 	101.257095 	89.470665 	47.801674 	52.554733 	79.812279 	87.464279 	92.135773 	60.827625 	44.911022 	47.042534 	50.328918 	72.027771 	101.212646 	47.853943 	48.507732 	68.264191 	60.083275 	52.952808 	57.697487 	50.249378 	51.039200 	79.158073 	56.885849 	
91.923882 	74.249580 	15.231546 	32.310989 	22.472204 	19.235384 	999.000000 	29.120440 	34.132095 	48.836460 	101.400200 	74.706093 	51.623638 	96.607452 	34.928497 	26.907248 	29.832869 	101.019798 	28.017851 	38.013157 	73.545906 	80.081207 	90.620087 	38.587563 	28.635643 	29.068884 	96.664368 	74.813103 	52.392746 	112.893753 	64.031242 	43.416588 	57.706154 	32.557640 	74.108032 	78.517517 	41.036568 	36.221542 	87.863533 	76.059189 	110.476242 	120.370262 	108.687622 	37.215588 	66.753281 	98.671173 	106.620827 	111.359779 	77.006493 	43.600460 	42.485291 	60.008331 	89.677200 	120.440857 	50.990196 	45.793011 	85.052925 	74.672615 	43.566040 	70.830788 	46.529560 	56.612720 	97.015465 	47.518417 	
67.955872 	45.793011 	31.112698 	20.099751 	35.227829 	11.045361 	29.120440 	999.000000 	7.810250 	20.024984 	74.953316 	46.615448 	23.000000 	70.007141 	22.360680 	29.732138 	27.459061 	73.409805 	33.241539 	25.709921 	44.553337 	50.960770 	61.741398 	28.442924 	42.190044 	47.634022 	68.000000 	46.097721 	30.479502 	85.796272 	37.363083 	30.675724 	33.615471 	52.497620 	46.173584 	50.009998 	38.000000 	54.405884 	58.855755 	48.259712 	82.152298 	93.085983 	80.131142 	51.000000 	42.047592 	69.570107 	77.820305 	82.855293 	49.819675 	43.046486 	46.872166 	41.868843 	61.073727 	92.358002 	43.174065 	47.169907 	57.218880 	49.396355 	55.154327 	47.507893 	49.365982 	44.777225 	68.264191 	58.872746 	
69.318108 	43.931767 	32.756680 	15.524175 	35.383614 	18.027756 	34.132095 	7.810250 	999.000000 	15.231546 	74.652527 	45.254833 	17.720045 	69.656296 	17.117243 	28.017851 	24.596748 	72.138756 	31.622776 	20.000000 	39.849716 	47.010635 	58.830265 	23.021729 	41.773197 	48.166378 	65.459915 	40.792156 	22.671568 	84.864601 	30.413813 	24.331051 	25.942244 	53.150730 	40.012497 	44.407207 	33.541019 	54.451813 	54.120235 	42.000000 	80.000000 	91.934761 	77.665955 	50.000000 	34.539833 	65.795135 	74.946648 	80.448738 	43.185646 	38.832977 	43.657761 	34.205261 	55.578773 	90.426765 	37.215588 	43.174065 	51.000000 	42.059483 	53.338543 	39.824615 	45.607018 	37.947330 	62.968246 	56.824291 	
58.523499 	29.832869 	47.885281 	27.658634 	50.000000 	31.000000 	48.836460 	20.024984 	15.231546 	999.000000 	61.587337 	31.622776 	3.162278 	56.603886 	28.017851 	41.725292 	37.536648 	58.137768 	45.254833 	29.529646 	24.738634 	31.780497 	43.829212 	32.649654 	55.973209 	62.801273 	50.606323 	26.076809 	21.213203 	71.063354 	19.416489 	31.622776 	20.124611 	67.801178 	26.476404 	30.000000 	43.829212 	68.767723 	39.051247 	28.635643 	65.299309 	77.897369 	62.801273 	63.655323 	26.172504 	50.566788 	59.908264 	65.604881 	30.675724 	49.193497 	55.226807 	33.734257 	41.048752 	75.822159 	44.147480 	53.665630 	37.483330 	32.202484 	66.219330 	32.649654 	56.356010 	42.047592 	48.259712 	69.404610 	
16.492422 	32.202484 	106.066017 	89.050545 	109.786156 	82.462112 	101.400200 	74.953316 	74.652527 	61.587337 	999.000000 	30.016663 	60.901562 	5.000000 	89.587944 	102.615791 	98.812958 	9.433981 	106.212051 	91.065910 	46.872166 	39.204590 	27.166155 	94.154129 	116.387283 	122.429573 	22.135944 	50.487621 	78.924011 	12.369317 	65.253349 	92.590500 	74.000000 	127.349915 	57.428215 	52.086468 	105.309067 	128.972870 	43.289722 	58.215118 	19.723083 	19.924858 	22.022715 	124.631454 	72.567207 	33.615471 	25.495098 	22.472204 	62.128899 	110.639053 	116.811813 	88.887573 	50.635956 	24.083189 	104.278473 	115.104301 	58.137768 	71.344238 	127.640121 	77.929459 	117.834633 	100.304535 	49.335587 	130.919830 	
30.016663 	3.162278 	77.466118 	59.203041 	80.622574 	55.470715 	74.706093 	46.615448 	45.254833 	31.622776 	30.016663 	999.000000 	30.886890 	25.059929 	59.640591 	73.000000 	69.028976 	26.907248 	76.576759 	61.057350 	20.880613 	17.029387 	18.027756 	64.140472 	87.000000 	93.380943 	22.561028 	25.298222 	49.335587 	39.623226 	37.054016 	62.609905 	44.911022 	98.351410 	32.015621 	28.635643 	75.292763 	99.704567 	26.248810 	33.526108 	35.777088 	46.690472 	34.176014 	95.015785 	45.000000 	28.442924 	32.756680 	36.769554 	37.643059 	80.622574 	86.821655 	60.016663 	33.241539 	45.793011 	74.464760 	85.088188 	37.215588 	45.705578 	97.800819 	51.088158 	87.817993 	70.880180 	36.619667 	101.019798 	
58.694122 	28.844410 	50.089920 	29.000000 	51.865211 	34.014702 	51.623638 	23.000000 	17.720045 	3.162278 	60.901562 	30.886890 	999.000000 	55.946404 	29.068884 	43.278172 	38.897301 	57.008770 	46.754681 	30.232433 	22.135944 	29.529646 	42.011902 	33.286633 	57.628117 	64.637451 	48.918301 	23.194826 	20.000000 	70.000000 	16.401220 	31.780497 	18.027756 	69.634758 	23.345236 	27.018513 	44.418465 	70.434364 	36.400551 	25.495098 	63.702435 	76.694199 	61.073727 	65.069191 	23.430750 	48.301140 	58.008621 	63.890530 	27.513634 	49.739319 	56.035702 	32.249031 	38.118237 	74.276512 	43.965897 	54.203320 	34.365681 	29.206163 	67.357254 	30.000000 	56.938564 	41.303753 	45.398239 	70.434364 	
15.264338 	27.313000 	101.118744 	84.053551 	104.804581 	77.620872 	96.607452 	70.007141 	69.656296 	56.603886 	5.000000 	25.059929 	55.946404 	999.000000 	84.599052 	97.616600 	93.813644 	8.944272 	101.212646 	86.092972 	42.426407 	35.014282 	23.769728 	89.185204 	111.395691 	117.456375 	19.723083 	46.173584 	74.094536 	16.552946 	60.638271 	87.658424 	69.260376 	122.380554 	53.150730 	48.000000 	100.344406 	123.987900 	39.812057 	54.037025 	20.880613 	24.166092 	22.360680 	119.632774 	68.066147 	31.384710 	25.000000 	23.409399 	58.008621 	105.678757 	111.830231 	84.202141 	47.296936 	27.073973 	99.403221 	110.145355 	54.451813 	67.119293 	122.641754 	73.552704 	112.871605 	95.519630 	46.615448 	125.924583 	
85.615417 	57.801384 	26.000000 	2.828427 	25.000000 	27.459061 	34.928497 	22.360680 	17.117243 	28.017851 	89.587944 	59.640591 	29.068884 	84.599052 	999.000000 	15.231546 	10.295630 	86.052307 	18.357559 	3.605551 	49.406479 	57.628117 	70.767227 	6.082763 	29.529646 	37.161808 	77.794601 	48.877399 	19.104973 	99.020203 	34.176014 	9.219544 	25.495098 	42.047592 	45.694637 	51.429562 	16.492422 	42.190044 	62.769421 	47.169907 	92.633690 	105.759163 	89.872131 	36.235340 	34.234486 	76.026314 	86.556343 	92.698433 	46.840153 	21.840330 	27.294687 	25.079872 	62.241467 	103.237587 	20.880613 	26.248810 	55.659679 	42.190044 	38.288380 	37.054016 	28.792360 	23.600847 	69.856995 	41.400482 	
97.128784 	71.449280 	13.416408 	14.422205 	10.049875 	29.017237 	26.907248 	29.732138 	28.017851 	41.725292 	102.615791 	73.000000 	43.278172 	97.616600 	15.231546 	999.000000 	5.099020 	99.764725 	3.605551 	16.278820 	64.350601 	72.422371 	85.276024 	15.000000 	14.422205 	21.931713 	92.195442 	64.007812 	33.955853 	112.609947 	49.396355 	20.024984 	40.521599 	26.832815 	60.926186 	66.640831 	14.142136 	27.202942 	77.897369 	62.393909 	106.962608 	119.553337 	104.350372 	22.022715 	49.030602 	90.972527 	101.212646 	107.168091 	61.983868 	17.000000 	18.027756 	37.215588 	77.472572 	117.515953 	24.413111 	19.924858 	70.837845 	56.885849 	25.495098 	51.156624 	21.377558 	30.870699 	85.088188 	29.154760 	
93.914856 	67.357254 	17.720045 	9.899495 	15.132746 	28.635643 	29.832869 	27.459061 	24.596748 	37.536648 	98.812958 	69.028976 	38.897301 	93.813644 	10.295630 	5.099020 	999.000000 	95.671310 	8.062258 	11.180340 	59.640591 	67.801178 	80.808418 	10.049875 	19.235384 	26.925823 	87.783829 	59.169250 	28.861740 	108.577164 	44.384682 	15.132746 	35.440090 	31.780497 	55.946404 	61.717098 	12.083046 	31.906113 	73.061615 	57.384666 	102.591423 	115.433968 	99.904953 	26.172504 	43.931767 	86.267029 	96.674713 	102.727798 	56.920998 	16.278820 	19.416489 	32.388271 	72.498276 	113.172432 	21.213203 	20.024984 	65.787537 	51.788029 	28.844410 	46.097721 	22.022715 	26.925823 	80.112419 	32.249031 	
24.186773 	28.319605 	104.350372 	85.796272 	107.517441 	81.835197 	101.019798 	73.409805 	72.138756 	58.137768 	9.433981 	26.907248 	57.008770 	8.944272 	86.052307 	99.764725 	95.671310 	999.000000 	103.324730 	87.200920 	40.496914 	32.280025 	19.104973 	90.210861 	113.846390 	120.282997 	13.152946 	43.680660 	73.824112 	13.038404 	59.236813 	88.204308 	68.447060 	125.255737 	50.447994 	44.721359 	101.257095 	126.574089 	35.000000 	50.990196 	12.165525 	19.798990 	13.416408 	121.753853 	66.098412 	24.351591 	16.278820 	14.560220 	54.744862 	106.508217 	113.004425 	83.006027 	42.107006 	19.924858 	99.362968 	110.941429 	50.009998 	64.132675 	124.326187 	71.063354 	113.718948 	94.847244 	40.261642 	127.440186 	
100.722389 	75.006668 	13.453624 	17.804493 	8.246211 	32.015621 	28.017851 	33.241539 	31.622776 	45.254833 	106.212051 	76.576759 	46.754681 	101.212646 	18.357559 	3.605551 	8.062258 	103.324730 	999.000000 	18.973665 	67.675697 	75.802376 	88.729927 	17.262676 	11.180340 	18.973665 	95.671310 	67.230942 	36.687874 	116.180893 	52.392746 	22.090721 	43.324360 	23.769728 	63.976559 	69.771057 	13.892444 	23.853722 	81.123360 	65.391129 	110.453613 	123.109711 	107.814659 	18.439089 	51.662365 	94.302704 	104.637466 	110.634537 	64.845970 	15.620500 	15.297058 	39.012817 	80.529495 	121.016525 	24.596748 	17.888544 	73.736015 	59.439045 	21.931713 	53.460266 	18.973665 	31.622776 	88.141930 	25.632011 	
87.664131 	59.076221 	28.160255 	6.403124 	26.305893 	31.064449 	38.013157 	25.709921 	20.000000 	29.529646 	91.065910 	61.057350 	30.232433 	86.092972 	3.605551 	16.278820 	11.180340 	87.200920 	18.973665 	999.000000 	49.678970 	58.051701 	71.421288 	3.162278 	30.083218 	37.947330 	78.517517 	48.826221 	17.720045 	100.209778 	33.541019 	5.656854 	24.351591 	42.720020 	45.177429 	51.107731 	14.317822 	42.485291 	62.681736 	46.518814 	93.380943 	106.826965 	90.509666 	36.055511 	32.756680 	76.216797 	87.045967 	93.338097 	45.880280 	19.697716 	25.806976 	22.135944 	61.717098 	104.004807 	17.464249 	24.166092 	54.781384 	40.607880 	37.483330 	35.014282 	26.832815 	20.000000 	69.318108 	40.360870 	
50.487621 	17.720045 	72.090218 	49.929951 	73.430237 	55.326305 	73.545906 	44.553337 	39.849716 	24.738634 	46.872166 	20.880613 	22.135944 	42.426407 	49.406479 	64.350601 	59.640591 	40.496914 	67.675697 	49.678970 	999.000000 	8.602325 	22.472204 	52.402290 	78.771820 	86.092972 	29.681644 	4.472136 	34.205261 	53.310413 	18.788294 	49.517673 	28.301943 	91.065910 	11.180340 	8.485281 	62.936478 	91.525955 	14.317822 	12.649111 	44.407207 	59.059292 	41.231056 	85.603737 	25.709921 	26.627054 	37.483330 	44.045429 	16.763054 	67.941154 	74.953316 	42.544094 	17.464249 	55.000000 	59.640591 	72.249565 	17.691807 	25.079872 	87.114868 	31.144823 	75.073296 	54.589375 	24.020824 	89.827614 	
44.643028 	14.142136 	79.605278 	58.008621 	81.301903 	61.392181 	80.081207 	50.960770 	47.010635 	31.780497 	39.204590 	17.029387 	29.529646 	35.014282 	57.628117 	72.422371 	67.801178 	32.280025 	75.802376 	58.051701 	8.602325 	999.000000 	13.892444 	60.827625 	86.838928 	94.031906 	21.095022 	11.401754 	42.801868 	44.944408 	27.294687 	58.051701 	36.891735 	99.020203 	18.248287 	13.038404 	71.449280 	99.624290 	9.848858 	19.026299 	35.805027 	50.537113 	32.649654 	93.861603 	33.837849 	18.788294 	29.000000 	35.468296 	23.000000 	76.485291 	83.450584 	50.990196 	16.278820 	46.400433 	68.242218 	80.808418 	20.615528 	32.140316 	95.524864 	38.832977 	83.630135 	63.134777 	20.615528 	98.290382 	
36.359318 	17.117243 	91.586021 	70.936592 	93.813644 	71.512238 	90.620087 	61.741398 	58.830265 	43.829212 	27.166155 	18.027756 	42.011902 	23.769728 	70.767227 	85.276024 	80.808418 	19.104973 	88.729927 	71.421288 	22.472204 	13.892444 	999.000000 	74.276512 	99.639351 	106.606750 	7.211102 	25.079872 	56.612720 	31.320919 	41.182522 	71.700768 	50.774010 	111.606453 	31.622776 	25.709921 	85.041168 	112.445541 	16.124516 	32.015621 	22.022715 	36.674240 	19.104973 	106.962608 	47.539455 	10.770329 	16.124516 	21.931713 	35.693138 	90.138779 	97.000000 	64.845970 	23.537205 	32.649654 	82.097504 	94.493385 	31.016125 	45.122055 	108.894447 	52.201534 	97.308784 	77.025970 	23.323807 	111.758667 	
90.824005 	62.128899 	27.658634 	8.544003 	25.019993 	33.120991 	38.587563 	28.442924 	23.021729 	32.649654 	94.154129 	64.140472 	33.286633 	89.185204 	6.082763 	15.000000 	10.049875 	90.210861 	17.262676 	3.162278 	52.402290 	60.827625 	74.276512 	999.000000 	28.160255 	36.138622 	81.394104 	51.400391 	19.697716 	103.227905 	35.846897 	5.099020 	26.400757 	40.804413 	47.507893 	53.535034 	11.180340 	40.311287 	65.215027 	48.764740 	96.260063 	109.808922 	93.348808 	33.615471 	34.481880 	78.873314 	89.827614 	96.176918 	47.927029 	16.552946 	22.803509 	22.360680 	64.007812 	106.887794 	14.866069 	21.023796 	56.859474 	42.201897 	34.713108 	36.221542 	23.706539 	18.384777 	71.589104 	37.483330 	
110.136276 	85.562843 	14.000000 	28.844410 	7.280110 	38.600517 	28.635643 	42.190044 	41.773197 	55.973209 	116.387283 	87.000000 	57.628117 	111.395691 	29.529646 	14.422205 	19.235384 	113.846390 	11.180340 	30.083218 	78.771820 	86.838928 	99.639351 	28.160255 	999.000000 	8.062258 	106.526993 	78.390053 	47.759815 	126.621483 	63.560993 	32.756680 	54.424259 	12.649111 	75.153175 	80.950600 	22.090721 	12.806249 	92.282173 	76.557167 	121.264175 	133.645050 	118.697090 	9.219544 	62.641838 	105.394501 	115.602768 	121.511314 	75.960518 	21.189621 	16.401220 	49.162994 	91.706055 	131.795303 	32.557640 	21.095022 	84.864601 	70.342018 	15.033297 	64.132675 	20.615528 	40.311287 	99.317673 	19.026299 	
115.433968 	92.097771 	17.000000 	36.235340 	12.806249 	42.485291 	29.068884 	47.634022 	48.166378 	62.801273 	122.429573 	93.380943 	64.637451 	117.456375 	37.161808 	21.931713 	26.925823 	120.282997 	18.973665 	37.947330 	86.092972 	94.031906 	106.606750 	36.138622 	8.062258 	999.000000 	113.406349 	85.883644 	55.659679 	132.943604 	71.309189 	40.792156 	62.297672 	5.000000 	82.855293 	88.566360 	30.016663 	7.280110 	99.764725 	84.308952 	128.062485 	140.071411 	125.602547 	10.000000 	70.604530 	112.680969 	122.641754 	128.405609 	83.815269 	28.635643 	22.847319 	57.218880 	99.403221 	138.538803 	40.311287 	27.856777 	92.698433 	78.339005 	16.643316 	72.180328 	26.832815 	48.166378 	107.018692 	20.124611 	
33.970577 	22.472204 	98.183502 	77.897369 	100.603180 	77.472572 	96.664368 	68.000000 	65.459915 	50.606323 	22.135944 	22.561028 	48.918301 	19.723083 	77.794601 	92.195442 	87.783829 	13.152946 	95.671310 	78.517517 	29.681644 	21.095022 	7.211102 	81.394104 	106.526993 	113.406349 	999.000000 	32.202484 	63.820061 	24.515301 	48.373547 	78.873314 	57.982758 	118.406082 	38.626415 	32.572994 	92.195442 	119.331474 	22.090721 	38.897301 	14.866069 	29.546574 	12.206555 	113.951744 	54.625999 	11.661903 	10.198039 	15.000000 	42.449970 	97.308784 	104.139328 	72.006943 	29.017237 	25.495098 	89.308456 	101.671036 	37.121422 	51.923019 	115.974136 	59.135437 	104.484451 	84.219948 	27.202942 	118.869675 	
54.744862 	22.135944 	72.449982 	49.648766 	73.348480 	57.035076 	74.813103 	46.097721 	40.792156 	26.076809 	50.487621 	25.298222 	23.194826 	46.173584 	48.877399 	64.007812 	59.169250 	43.680660 	67.230942 	48.826221 	4.472136 	11.401754 	25.079872 	51.400391 	78.390053 	85.883644 	32.202484 	999.000000 	32.526913 	56.302753 	16.401220 	48.166378 	26.248810 	90.824005 	7.000000 	4.472136 	61.619801 	91.065910 	13.892444 	8.246211 	46.647614 	61.741398 	43.266617 	84.876381 	22.472204 	27.586229 	39.204590 	46.043457 	12.369317 	66.483078 	73.661385 	39.824615 	15.000000 	57.140179 	57.628117 	70.710678 	13.601471 	21.000000 	86.052307 	27.459061 	73.539108 	52.153618 	22.203604 	88.617157 	
78.262383 	46.818798 	45.044422 	21.000000 	43.931767 	39.962482 	52.392746 	30.479502 	22.671568 	21.213203 	78.924011 	49.335587 	20.000000 	74.094536 	19.104973 	33.955853 	28.861740 	73.824112 	36.687874 	17.720045 	34.205261 	42.801868 	56.612720 	19.697716 	47.759815 	55.659679 	63.820061 	32.526913 	999.000000 	86.833176 	16.401220 	15.811388 	6.708204 	60.406952 	28.017851 	34.205261 	29.206163 	60.008331 	46.097721 	29.154760 	78.600258 	92.962357 	75.432091 	53.235325 	15.132746 	60.108234 	71.589104 	78.243210 	28.231188 	33.970577 	41.231056 	12.649111 	44.418465 	89.202019 	25.553865 	38.183765 	37.161808 	23.086792 	53.823788 	18.439089 	41.012192 	21.587032 	51.971146 	56.222771 	
28.017851 	41.231056 	116.846054 	98.716766 	120.208153 	93.813644 	112.893753 	85.796272 	84.864601 	71.063354 	12.369317 	39.623226 	70.000000 	16.552946 	99.020203 	112.609947 	108.577164 	13.038404 	116.180893 	100.209778 	53.310413 	44.944408 	31.320919 	103.227905 	126.621483 	132.943604 	24.515301 	56.302753 	86.833176 	999.000000 	72.090218 	101.242287 	81.394104 	137.902145 	62.936478 	57.008770 	114.284729 	139.316193 	46.529560 	63.324562 	13.928389 	7.615773 	17.720045 	134.617981 	78.771820 	34.014702 	22.561028 	16.552946 	66.940269 	119.540787 	126.015869 	95.854057 	53.150730 	13.000000 	112.378822 	123.975807 	61.522354 	76.400261 	137.277100 	83.522453 	126.751724 	107.786827 	50.089920 	140.417236 	
67.007462 	34.132095 	59.228371 	35.440090 	59.135437 	48.270073 	64.031242 	37.363083 	30.413813 	19.416489 	65.253349 	37.054016 	16.401220 	60.638271 	34.176014 	49.396355 	44.384682 	59.236813 	52.392746 	33.541019 	18.788294 	27.294687 	41.182522 	35.846897 	63.560993 	71.309189 	48.373547 	16.401220 	16.401220 	72.090218 	999.000000 	32.202484 	9.899495 	76.157730 	11.661903 	17.804493 	45.607018 	76.026314 	29.732138 	13.000000 	62.968246 	77.826729 	59.640591 	69.462219 	8.246211 	43.863426 	55.605755 	62.425957 	13.038404 	50.328918 	57.628117 	23.769728 	28.178005 	73.498299 	41.231056 	54.488529 	21.587032 	12.806249 	70.213959 	14.866069 	57.314919 	35.846897 	35.777088 	72.622307 	
90.138779 	60.415230 	32.756680 	12.041595 	30.000000 	36.619667 	43.416588 	30.675724 	24.331051 	31.622776 	92.590500 	62.609905 	31.780497 	87.658424 	9.219544 	20.024984 	15.132746 	88.204308 	22.090721 	5.656854 	49.517673 	58.051701 	71.700768 	5.099020 	32.756680 	40.792156 	78.873314 	48.166378 	15.811388 	101.242287 	32.202484 	999.000000 	22.472204 	45.354160 	43.829212 	50.000000 	13.453624 	44.598206 	61.846584 	44.944408 	93.723000 	107.647575 	90.686272 	37.576588 	30.083218 	75.742989 	87.000000 	93.509361 	43.829212 	18.439089 	25.495098 	17.262676 	60.207973 	104.350372 	13.000000 	22.803509 	52.773098 	37.643059 	38.013157 	31.400637 	25.612497 	14.422205 	67.742157 	40.459858 	
74.431175 	42.201897 	51.244511 	27.166155 	50.447994 	43.863426 	57.706154 	33.615471 	25.942244 	20.124611 	74.000000 	44.911022 	18.027756 	69.260376 	25.495098 	40.521599 	35.440090 	68.447060 	43.324360 	24.351591 	28.301943 	36.891735 	50.774010 	26.400757 	54.424259 	62.297672 	57.982758 	26.248810 	6.708204 	81.394104 	9.899495 	22.472204 	999.000000 	67.067131 	21.400934 	27.658634 	35.805027 	66.708321 	39.623226 	22.472204 	72.670486 	87.321243 	69.404610 	59.941639 	9.055386 	53.758720 	65.436989 	72.201111 	21.540659 	40.459858 	47.801674 	15.132746 	37.735924 	83.234612 	31.400637 	44.598206 	30.463093 	17.029387 	60.464867 	13.892444 	47.423622 	26.400757 	45.276924 	62.801273 	
120.208153 	97.082436 	21.633308 	41.182522 	17.804493 	47.010635 	32.557640 	52.497620 	53.150730 	67.801178 	127.349915 	98.351410 	69.634758 	122.380554 	42.047592 	26.832815 	31.780497 	125.255737 	23.769728 	42.720020 	91.065910 	99.020203 	111.606453 	40.804413 	12.649111 	5.000000 	118.406082 	90.824005 	60.406952 	137.902145 	76.157730 	45.354160 	67.067131 	999.000000 	87.726852 	93.471924 	34.058773 	4.472136 	104.709122 	89.157166 	133.060135 	145.041367 	130.602448 	11.180340 	75.286118 	117.660530 	127.640121 	133.405396 	88.600227 	32.140316 	25.709921 	61.522354 	104.278473 	143.533966 	44.045429 	30.805843 	97.498718 	82.969872 	17.029387 	76.687675 	29.410883 	52.009613 	111.892807 	19.849434 	
61.660358 	28.861740 	70.342018 	46.818798 	70.576202 	57.218880 	74.108032 	46.173584 	40.012497 	26.476404 	57.428215 	32.015621 	23.345236 	53.150730 	45.694637 	60.926186 	55.946404 	50.447994 	63.976559 	45.177429 	11.180340 	18.248287 	31.622776 	47.507893 	75.153175 	82.855293 	38.626415 	7.000000 	28.017851 	62.936478 	11.661903 	43.829212 	21.400934 	87.726852 	999.000000 	6.403124 	57.201397 	87.658424 	18.439089 	2.236068 	52.773098 	68.154236 	49.244289 	81.123360 	16.124516 	32.802441 	44.944408 	51.971146 	5.830952 	61.846584 	69.202599 	33.837849 	16.552946 	63.134777 	52.345009 	65.946945 	11.045361 	14.000000 	81.841309 	20.615528 	68.767723 	46.400433 	24.166092 	84.202141 	
57.489128 	25.495098 	75.584389 	52.392746 	76.157730 	61.000000 	78.517517 	50.009998 	44.407207 	30.000000 	52.086468 	28.635643 	27.018513 	48.000000 	51.429562 	66.640831 	61.717098 	44.721359 	69.771057 	51.107731 	8.485281 	13.038404 	25.709921 	53.535034 	80.950600 	88.566360 	32.572994 	4.472136 	34.205261 	57.008770 	17.804493 	50.000000 	27.658634 	93.471924 	6.403124 	999.000000 	63.411354 	93.536087 	12.041595 	6.324555 	46.518814 	62.032249 	42.941822 	87.132080 	22.472204 	26.400757 	38.587563 	45.650848 	10.049875 	68.117546 	75.432091 	40.224369 	11.180340 	56.824291 	58.728188 	72.249565 	9.219544 	19.416489 	88.005684 	26.570660 	75.073296 	52.801514 	18.681541 	90.426765 	
101.950966 	73.246162 	27.202942 	18.110771 	21.931713 	40.521599 	41.036568 	38.000000 	33.541019 	43.829212 	105.309067 	75.292763 	44.418465 	100.344406 	16.492422 	14.142136 	12.083046 	101.257095 	13.892444 	14.317822 	62.936478 	71.449280 	85.041168 	11.180340 	22.090721 	30.016663 	92.195442 	61.619801 	29.206163 	114.284729 	45.607018 	13.453624 	35.805027 	34.058773 	57.201397 	63.411354 	999.000000 	32.557640 	75.286118 	58.249462 	107.056061 	120.801491 	104.062485 	25.000000 	42.941822 	89.196411 	100.419121 	106.887794 	56.938564 	5.385165 	12.041595 	27.658634 	73.498299 	117.686020 	10.770329 	9.848858 	65.863495 	50.159744 	24.698177 	43.324360 	12.529964 	18.248287 	80.993828 	27.018513 	
122.319252 	98.310730 	24.166092 	41.617306 	19.209373 	49.658836 	36.221542 	54.405884 	54.451813 	68.767723 	128.972870 	99.704567 	70.434364 	123.987900 	42.190044 	27.202942 	31.906113 	126.574089 	23.853722 	42.485291 	91.525955 	99.624290 	112.445541 	40.311287 	12.806249 	7.280110 	119.331474 	91.065910 	60.008331 	139.316193 	76.026314 	44.598206 	66.708321 	4.472136 	87.658424 	93.536087 	32.557640 	999.000000 	104.957130 	89.000000 	134.063416 	146.372818 	131.502853 	8.062258 	74.672615 	118.152443 	128.405609 	134.316788 	88.238312 	30.016663 	23.086792 	60.207973 	104.201729 	144.589066 	42.047592 	28.160255 	97.169952 	82.219215 	13.038404 	75.690155 	26.476404 	50.089920 	111.803398 	15.556349 	
51.478149 	23.600847 	86.162636 	63.529522 	87.206650 	69.584480 	87.863533 	58.855755 	54.120235 	39.051247 	43.289722 	26.248810 	36.400551 	39.812057 	62.769421 	77.897369 	73.061615 	35.000000 	81.123360 	62.681736 	14.317822 	9.848858 	16.124516 	65.215027 	92.282173 	99.764725 	22.090721 	13.892444 	46.097721 	46.529560 	29.732138 	61.846584 	39.623226 	104.709122 	18.439089 	12.041595 	75.286118 	104.957130 	999.000000 	18.027756 	35.114101 	50.960770 	31.384710 	98.737022 	34.409302 	14.422205 	26.832815 	34.014702 	21.023796 	80.056229 	87.321243 	52.201534 	7.615773 	45.188496 	70.767227 	84.219948 	15.033297 	30.463093 	99.809822 	38.013157 	87.045967 	64.815125 	10.770329 	102.303467 	
62.968246 	30.364452 	72.034714 	48.383881 	72.111023 	59.304298 	76.059189 	48.259712 	42.000000 	28.635643 	58.215118 	33.526108 	25.495098 	54.037025 	47.169907 	62.393909 	57.384666 	50.990196 	65.391129 	46.518814 	12.649111 	19.026299 	32.015621 	48.764740 	76.557167 	84.308952 	38.897301 	8.246211 	29.154760 	63.324562 	13.000000 	44.944408 	22.472204 	89.157166 	2.236068 	6.324555 	58.249462 	89.000000 	18.027756 	999.000000 	52.801514 	68.352028 	49.193497 	82.365044 	16.401220 	32.449963 	44.777225 	51.884487 	4.123106 	62.801273 	70.213959 	34.205261 	15.264338 	63.063461 	53.037724 	66.843102 	9.000000 	13.152946 	82.927681 	20.248457 	69.656296 	46.861500 	22.825424 	85.211502 	
35.846897 	36.359318 	112.645462 	92.698433 	115.256233 	91.241440 	110.476242 	82.152298 	80.000000 	65.299309 	19.723083 	35.777088 	63.702435 	20.880613 	92.633690 	106.962608 	102.591423 	12.165525 	110.453613 	93.380943 	44.407207 	35.805027 	22.022715 	96.260063 	121.264175 	128.062485 	14.866069 	46.647614 	78.600258 	13.928389 	62.968246 	93.723000 	72.670486 	133.060135 	52.773098 	46.518814 	107.056061 	134.063416 	35.114101 	52.801514 	999.000000 	16.124516 	4.000000 	128.763351 	68.883957 	21.377558 	9.000000 	2.828427 	56.080299 	112.160599 	119.004204 	86.452301 	41.000000 	10.630146 	104.043259 	116.516090 	49.729267 	65.551506 	130.831955 	73.006851 	119.331474 	98.792709 	37.054016 	133.734818 	
35.057095 	48.104053 	124.084648 	105.550934 	127.310646 	101.257095 	120.370262 	93.085983 	91.934761 	77.897369 	19.924858 	46.690472 	76.694199 	24.166092 	105.759163 	119.553337 	115.433968 	19.798990 	123.109711 	106.826965 	59.059292 	50.537113 	36.674240 	109.808922 	133.645050 	140.071411 	29.546574 	61.741398 	92.962357 	7.615773 	77.826729 	107.647575 	87.321243 	145.041367 	68.154236 	62.032249 	120.801491 	146.372818 	50.960770 	68.352028 	16.124516 	999.000000 	20.099751 	141.534454 	84.172440 	37.483330 	25.079872 	18.000000 	71.784401 	126.015869 	132.612213 	101.518471 	57.070133 	9.433981 	118.511604 	130.430054 	65.734314 	81.271149 	144.045135 	88.600227 	133.221619 	113.648582 	53.150730 	147.122391 	
37.589893 	34.438351 	110.385689 	90.027771 	112.800713 	89.470665 	108.687622 	80.131142 	77.665955 	62.801273 	22.022715 	34.176014 	61.073727 	22.360680 	89.872131 	104.350372 	99.904953 	13.416408 	107.814659 	90.509666 	41.231056 	32.649654 	19.104973 	93.348808 	118.697090 	125.602547 	12.206555 	43.266617 	75.432091 	17.720045 	59.640591 	90.686272 	69.404610 	130.602448 	49.244289 	42.941822 	104.062485 	131.502853 	31.384710 	49.193497 	4.000000 	20.099751 	999.000000 	126.063477 	65.368187 	17.464249 	5.000000 	2.828427 	52.392746 	109.123779 	116.043098 	83.006027 	37.107952 	13.892444 	100.801788 	113.454834 	45.880280 	61.846584 	127.988281 	69.354164 	116.275536 	95.414886 	33.060551 	130.831955 	
118.848640 	93.434471 	23.086792 	36.069378 	16.492422 	47.801674 	37.215588 	51.000000 	50.000000 	63.655323 	124.631454 	95.015785 	65.069191 	119.632774 	36.235340 	22.022715 	26.172504 	121.753853 	18.439089 	36.055511 	85.603737 	93.861603 	106.962608 	33.615471 	9.219544 	10.000000 	113.951744 	84.876381 	53.235325 	134.617981 	69.462219 	37.576588 	59.941639 	11.180340 	81.123360 	87.132080 	25.000000 	8.062258 	98.737022 	82.365044 	128.763351 	141.534454 	126.063477 	999.000000 	67.623962 	112.200714 	122.788437 	128.887543 	81.394104 	22.090721 	15.033297 	52.630791 	97.616600 	139.344894 	34.132095 	20.099751 	90.338257 	75.026665 	6.708204 	68.308128 	18.439089 	42.190044 	105.190300 	10.440307 	
75.006668 	42.011902 	60.133186 	36.055511 	59.033890 	52.554733 	66.753281 	42.047592 	34.539833 	26.172504 	72.567207 	45.000000 	23.430750 	68.066147 	34.234486 	49.030602 	43.931767 	66.098412 	51.662365 	32.756680 	25.709921 	33.837849 	47.539455 	34.481880 	62.641838 	70.604530 	54.625999 	22.472204 	15.132746 	78.771820 	8.246211 	30.083218 	9.055386 	75.286118 	16.124516 	22.472204 	42.941822 	74.672615 	34.409302 	16.401220 	68.883957 	84.172440 	65.368187 	67.623962 	999.000000 	48.826221 	61.057350 	68.095520 	14.212670 	47.169907 	54.708317 	17.804493 	31.144823 	79.259071 	36.878178 	51.039200 	23.021729 	8.000000 	67.601776 	6.708204 	53.823788 	30.479502 	38.418747 	69.641945 	
45.453274 	27.073973 	98.386993 	76.550636 	99.985001 	79.812279 	98.671173 	69.570107 	65.795135 	50.566788 	33.615471 	28.442924 	48.301140 	31.384710 	76.026314 	90.972527 	86.267029 	24.351591 	94.302704 	76.216797 	26.627054 	18.788294 	10.770329 	78.873314 	105.394501 	112.680969 	11.661903 	27.586229 	60.108234 	34.014702 	43.863426 	75.742989 	53.758720 	117.660530 	32.802441 	26.400757 	89.196411 	118.152443 	14.422205 	32.449963 	21.377558 	37.483330 	17.464249 	112.200714 	48.826221 	999.000000 	12.649111 	19.924858 	35.355339 	94.069122 	101.237343 	66.610809 	19.646883 	31.016125 	85.041168 	98.290382 	28.460499 	44.721359 	113.569359 	52.354561 	101.118744 	79.202271 	16.124516 	116.180893 	
40.224369 	32.572994 	107.703293 	86.833176 	109.859001 	87.464279 	106.620827 	77.820305 	74.946648 	59.908264 	25.495098 	32.756680 	58.008621 	25.000000 	86.556343 	101.212646 	96.674713 	16.278820 	104.637466 	87.045967 	37.483330 	29.000000 	16.124516 	89.827614 	115.602768 	122.641754 	10.198039 	39.204590 	71.589104 	22.561028 	55.605755 	87.000000 	65.436989 	127.640121 	44.944408 	38.587563 	100.419121 	128.405609 	26.832815 	44.777225 	9.000000 	25.079872 	5.000000 	122.788437 	61.057350 	12.649111 	999.000000 	7.280110 	47.853943 	105.418213 	112.432205 	78.771820 	32.280025 	18.384777 	96.829750 	109.713264 	41.109608 	57.271286 	124.523087 	64.845970 	112.538879 	91.263351 	28.071337 	127.287079 	
38.483765 	37.121422 	113.159180 	92.849342 	115.602768 	92.135773 	111.359779 	82.855293 	80.448738 	65.604881 	22.472204 	36.769554 	63.890530 	23.409399 	92.698433 	107.168091 	102.727798 	14.560220 	110.634537 	93.338097 	44.045429 	35.468296 	21.931713 	96.176918 	121.511314 	128.405609 	15.000000 	46.043457 	78.243210 	16.552946 	62.425957 	93.509361 	72.201111 	133.405396 	51.971146 	45.650848 	106.887794 	134.316788 	34.014702 	51.884487 	2.828427 	18.000000 	2.828427 	128.887543 	68.095520 	19.924858 	7.280110 	999.000000 	55.036350 	111.946419 	118.869675 	85.755463 	39.560081 	11.180340 	103.600197 	116.275536 	48.383881 	64.474800 	130.816666 	72.013885 	119.096596 	98.183502 	35.227829 	133.660019 	
67.082039 	34.481880 	72.180328 	48.270073 	71.840103 	60.827625 	77.006493 	49.819675 	43.185646 	30.675724 	62.128899 	37.643059 	27.513634 	58.008621 	46.840153 	61.983868 	56.920998 	54.744862 	64.845970 	45.880280 	16.763054 	23.000000 	35.693138 	47.927029 	75.960518 	83.815269 	42.449970 	12.369317 	28.231188 	66.940269 	13.038404 	43.829212 	21.540659 	88.600227 	5.830952 	10.049875 	56.938564 	88.238312 	21.023796 	4.123106 	56.080299 	71.784401 	52.392746 	81.394104 	14.212670 	35.355339 	47.853943 	55.036350 	999.000000 	61.294373 	68.796799 	31.827662 	16.970562 	66.211784 	51.088158 	65.215027 	8.944272 	9.486833 	81.633324 	17.000000 	68.007355 	44.553337 	24.207438 	83.761566 	
107.335922 	78.549347 	29.000000 	23.345236 	22.803509 	44.911022 	43.600460 	43.046486 	38.832977 	49.193497 	110.639053 	80.622574 	49.739319 	105.678757 	21.840330 	17.000000 	16.278820 	106.508217 	15.620500 	19.697716 	67.941154 	76.485291 	90.138779 	16.552946 	21.189621 	28.635643 	97.308784 	66.483078 	33.970577 	119.540787 	50.328918 	18.439089 	40.459858 	32.140316 	61.846584 	68.117546 	5.385165 	30.016663 	80.056229 	62.801273 	112.160599 	126.015869 	109.123779 	22.090721 	47.169907 	94.069122 	105.418213 	111.946419 	61.294373 	999.000000 	7.615773 	31.016125 	78.006409 	122.788437 	12.041595 	4.472136 	70.178345 	54.120235 	20.615528 	47.010635 	7.211102 	20.099751 	85.445892 	22.472204 	
112.805145 	84.876381 	27.294687 	28.231188 	20.248457 	47.042534 	42.485291 	46.872166 	43.657761 	55.226807 	116.811813 	86.821655 	56.035702 	111.830231 	27.294687 	18.027756 	19.416489 	113.004425 	15.297058 	25.806976 	74.953316 	83.450584 	97.000000 	22.803509 	16.401220 	22.847319 	104.139328 	73.661385 	41.231056 	126.015869 	57.628117 	25.495098 	47.801674 	25.709921 	69.202599 	75.432091 	12.041595 	23.086792 	87.321243 	70.213959 	119.004204 	132.612213 	116.043098 	15.033297 	54.708317 	101.237343 	112.432205 	118.869675 	68.796799 	7.615773 	999.000000 	38.626415 	85.445892 	129.634094 	19.416489 	5.099020 	77.698135 	61.717098 	13.000000 	54.625999 	4.242640 	27.459061 	92.913940 	15.000000 	
89.560036 	57.271286 	50.009998 	27.730848 	47.095646 	50.328918 	60.008331 	41.868843 	34.205261 	33.734257 	88.887573 	60.016663 	32.249031 	84.202141 	25.079872 	37.215588 	32.388271 	83.006027 	39.012817 	22.135944 	42.544094 	50.990196 	64.845970 	22.360680 	49.162994 	57.218880 	72.006943 	39.824615 	12.649111 	95.854057 	23.769728 	17.262676 	15.132746 	61.522354 	33.837849 	40.224369 	27.658634 	60.207973 	52.201534 	34.205261 	86.452301 	101.518471 	83.006027 	52.630791 	17.804493 	66.610809 	78.771820 	85.755463 	31.827662 	31.016125 	38.626415 	999.000000 	48.795490 	96.896851 	19.723083 	34.438351 	40.360870 	23.600847 	51.623638 	16.124516 	37.121422 	12.727922 	55.901699 	53.225933 	
59.093147 	30.413813 	86.683334 	63.324562 	87.091904 	72.027771 	89.677200 	61.073727 	55.578773 	41.048752 	50.635956 	33.241539 	38.118237 	47.296936 	62.241467 	77.472572 	72.498276 	42.107006 	80.529495 	61.717098 	17.464249 	16.278820 	23.537205 	64.007812 	91.706055 	99.403221 	29.017237 	15.000000 	44.418465 	53.150730 	28.178005 	60.207973 	37.735924 	104.278473 	16.552946 	11.180340 	73.498299 	104.201729 	7.615773 	15.264338 	41.000000 	57.070133 	37.107952 	97.616600 	31.144823 	19.646883 	32.280025 	39.560081 	16.970562 	78.006409 	85.445892 	48.795490 	999.000000 	50.596443 	68.014702 	82.006096 	8.944272 	25.806976 	98.183502 	33.600594 	84.811554 	61.522354 	7.615773 	100.439034 	
40.447498 	46.615448 	123.004066 	103.276329 	125.733849 	101.212646 	120.440857 	92.358002 	90.426765 	75.822159 	24.083189 	45.793011 	74.276512 	27.073973 	103.237587 	117.515953 	113.172432 	19.924858 	121.016525 	104.004807 	55.000000 	46.400433 	32.649654 	106.887794 	131.795303 	138.538803 	25.495098 	57.140179 	89.202019 	13.000000 	73.498299 	104.350372 	83.234612 	143.533966 	63.134777 	56.824291 	117.686020 	144.589066 	45.188496 	63.063461 	10.630146 	9.433981 	13.892444 	139.344894 	79.259071 	31.016125 	18.384777 	11.180340 	66.211784 	122.788437 	129.634094 	96.896851 	50.596443 	999.000000 	114.621117 	127.141655 	59.464275 	75.643906 	141.449631 	83.192551 	129.957687 	109.293182 	45.891174 	144.360657 	
102.615791 	72.090218 	37.735924 	23.409399 	32.695564 	47.853943 	50.990196 	43.174065 	37.215588 	44.147480 	104.278473 	74.464760 	43.965897 	99.403221 	20.880613 	24.413111 	21.213203 	99.362968 	24.596748 	17.464249 	59.640591 	68.242218 	82.097504 	14.866069 	32.557640 	40.311287 	89.308456 	57.628117 	25.553865 	112.378822 	41.231056 	13.000000 	31.400637 	44.045429 	52.345009 	58.728188 	10.770329 	42.047592 	70.767227 	53.037724 	104.043259 	118.511604 	100.801788 	34.132095 	36.878178 	85.041168 	96.829750 	103.600197 	51.088158 	12.041595 	19.416489 	19.723083 	68.014702 	114.621117 	999.000000 	14.866069 	59.816387 	43.266617 	32.280025 	35.846897 	17.464249 	8.062258 	75.286118 	33.615471 	
111.789978 	83.006027 	30.805843 	27.658634 	24.083189 	48.507732 	45.793011 	47.169907 	43.174065 	53.665630 	115.104301 	85.088188 	54.203320 	110.145355 	26.248810 	19.924858 	20.024984 	110.941429 	17.888544 	24.166092 	72.249565 	80.808418 	94.493385 	21.023796 	21.095022 	27.856777 	101.671036 	70.710678 	38.183765 	123.975807 	54.488529 	22.803509 	44.598206 	30.805843 	65.946945 	72.249565 	9.848858 	28.160255 	84.219948 	66.843102 	116.516090 	130.430054 	113.454834 	20.099751 	51.039200 	98.290382 	109.713264 	116.275536 	65.215027 	4.472136 	5.099020 	34.438351 	82.006096 	127.141655 	14.866069 	999.000000 	74.060783 	57.801384 	17.464249 	50.537113 	2.828427 	22.803509 	89.403580 	18.788294 	
