Total assets = 554
Number of asset nodes = 33

Distance:
999.000000 	72.670486 	15.132746 	31.400637 	17.029387 	13.892444 	26.400757 	45.276924 	74.000000 	36.891735 	26.400757 	62.297672 	6.708204 	9.899495 	70.724815 	34.785053 	27.513634 	32.015621 	51.312767 	46.754681 	18.788294 	55.901699 	44.821869 	49.244289 	62.801273 	33.376640 	64.536812 	58.523499 	82.036575 	70.292244 	39.357338 	25.709921 	58.694122 	56.435802 	62.968246 	27.856777 	71.281136 	62.481998 	28.653097 	44.944408 	74.060783 	55.362442 	37.215588 	92.633690 	74.330345 	40.049969 	43.416588 	
72.670486 	999.000000 	86.452301 	104.043259 	65.551506 	73.006851 	98.792709 	37.054016 	19.723083 	35.805027 	96.260063 	128.062485 	78.600258 	62.968246 	140.716019 	49.648766 	99.478638 	52.952808 	32.062439 	119.201508 	72.111023 	127.781059 	117.413795 	36.055511 	23.769728 	55.578773 	136.029404 	29.120440 	16.031219 	19.849434 	111.830231 	67.911705 	130.873978 	32.984844 	28.635643 	91.416626 	26.907248 	135.000000 	89.185204 	116.846054 	26.907248 	42.449970 	64.124878 	25.495098 	28.319605 	62.008064 	114.490173 	
15.132746 	86.452301 	999.000000 	19.723083 	23.600847 	16.124516 	12.727922 	55.901699 	88.887573 	50.990196 	22.360680 	57.218880 	12.649111 	23.769728 	61.846584 	43.600460 	13.038404 	40.224369 	62.241467 	35.227829 	20.248457 	45.276924 	32.802441 	59.548298 	74.249580 	40.311287 	54.203320 	69.354164 	94.641426 	82.073135 	25.612497 	28.460499 	47.434166 	66.708321 	73.661385 	16.278820 	82.134033 	50.328918 	18.867962 	30.413813 	84.958817 	63.812225 	40.521599 	104.995239 	85.041168 	43.965897 	28.460499 	
31.400637 	104.043259 	19.723083 	999.000000 	43.266617 	35.846897 	8.062258 	75.286118 	104.278473 	68.242218 	14.866069 	40.311287 	25.553865 	41.231056 	42.379242 	63.245552 	10.049875 	59.908264 	81.565926 	15.620500 	39.812057 	25.553865 	13.453624 	79.025314 	93.434471 	60.033325 	34.481880 	88.729927 	113.278419 	101.138519 	10.049875 	47.927029 	27.802877 	86.214851 	93.085983 	29.017237 	101.533249 	31.144823 	33.000000 	17.262676 	104.350372 	83.528435 	59.808025 	123.794182 	104.484451 	63.324562 	18.788294 	
17.029387 	65.551506 	23.600847 	43.266617 	999.000000 	7.810250 	36.235340 	32.557640 	71.344238 	32.140316 	42.201897 	78.339005 	23.086792 	12.806249 	84.970581 	20.000000 	36.069378 	16.643316 	38.948685 	58.821766 	7.000000 	68.796799 	56.400356 	36.069378 	51.088158 	17.088007 	77.698135 	45.967381 	72.111023 	59.033890 	48.795490 	9.433981 	71.028160 	43.185646 	50.209560 	25.961510 	58.694122 	73.878281 	24.186773 	52.630791 	61.522354 	40.311287 	20.223749 	82.200974 	61.554855 	23.021729 	49.648766 	
13.892444 	73.006851 	16.124516 	35.846897 	7.810250 	999.000000 	28.600698 	40.360870 	77.929459 	38.832977 	36.221542 	72.180328 	18.439089 	14.866069 	77.878113 	27.658634 	28.319605 	24.207438 	46.754681 	51.312767 	5.099020 	61.400326 	48.826221 	43.840622 	58.898216 	24.186773 	70.327805 	53.758720 	79.881165 	66.843102 	41.036568 	13.038404 	63.513779 	50.931328 	57.982758 	19.104973 	66.468040 	66.219330 	18.110771 	44.821869 	69.296463 	47.707443 	25.179358 	90.000000 	69.310890 	28.442924 	41.880783 	
26.400757 	98.792709 	12.727922 	8.062258 	36.235340 	28.600698 	999.000000 	68.622154 	100.304535 	63.134777 	18.384777 	48.166378 	21.587032 	35.846897 	50.289165 	56.222771 	2.828427 	52.801514 	74.966660 	22.825424 	32.249031 	33.105892 	20.248457 	72.249565 	86.977005 	52.697250 	42.047592 	82.073135 	107.298645 	94.794518 	13.038404 	40.249222 	34.985710 	79.397736 	86.371292 	21.095022 	94.847244 	37.643059 	25.019993 	18.681541 	97.672920 	76.275818 	52.000000 	117.686020 	97.744568 	55.542778 	18.000000 	
45.276924 	37.054016 	55.901699 	75.286118 	32.557640 	40.360870 	68.622154 	999.000000 	49.335587 	20.615528 	71.589104 	107.018692 	51.971146 	35.777088 	115.965515 	13.416408 	68.593002 	17.000000 	6.403124 	90.906548 	38.013157 	100.603180 	88.617157 	4.123106 	18.601076 	18.973665 	109.402924 	13.453624 	40.249222 	26.627054 	81.320351 	32.202484 	103.077644 	11.180340 	17.804493 	56.938564 	26.248810 	106.216759 	54.120235 	85.146935 	29.068884 	13.601471 	27.073973 	49.929951 	29.206163 	25.019993 	82.006096 	
74.000000 	19.723083 	88.887573 	104.278473 	71.344238 	77.929459 	100.304535 	49.335587 	999.000000 	39.204590 	94.154129 	122.429573 	78.924011 	65.253349 	137.003647 	59.682495 	101.513542 	62.393909 	46.097721 	118.532700 	78.313469 	126.051575 	117.170815 	49.769470 	41.231056 	65.620117 	133.689941 	45.486263 	34.785053 	39.051247 	113.088463 	76.006577 	129.495178 	48.877399 	46.227695 	97.015465 	46.097721 	134.238586 	95.524864 	118.928551 	46.400433 	58.180752 	75.133217 	42.296574 	47.801674 	73.756355 	117.341385 	
36.891735 	35.805027 	50.990196 	68.242218 	32.140316 	38.832977 	63.134777 	20.615528 	39.204590 	999.000000 	60.827625 	94.031906 	42.801868 	27.294687 	105.550934 	23.853722 	63.953106 	25.495098 	23.194826 	83.408630 	39.115215 	92.097771 	81.608826 	24.041630 	30.805843 	29.068884 	100.448990 	29.017237 	46.400433 	36.769554 	76.157730 	37.336308 	95.131485 	29.154760 	33.136082 	57.870544 	40.024994 	99.201813 	56.320511 	81.394104 	42.449970 	34.176014 	38.910152 	57.201397 	43.174065 	38.587563 	79.309517 	
26.400757 	96.260063 	22.360680 	14.866069 	42.201897 	36.221542 	18.384777 	71.589104 	94.154129 	60.827625 	999.000000 	36.138622 	19.697716 	35.846897 	44.821869 	61.098282 	21.213203 	58.189346 	77.524193 	25.000000 	41.109608 	31.906113 	24.331051 	75.591003 	88.752464 	59.203041 	39.824615 	84.723076 	107.056061 	96.020828 	24.738634 	49.254440 	35.355339 	82.764725 	89.185204 	37.161808 	97.416634 	40.311287 	40.496914 	32.015621 	100.169853 	81.706795 	61.400326 	117.796432 	100.498756 	64.629715 	33.615471 	
62.297672 	128.062485 	57.218880 	40.311287 	78.339005 	72.180328 	48.166378 	107.018692 	122.429573 	94.031906 	36.138622 	999.000000 	55.659679 	71.309189 	19.000000 	97.082436 	50.358715 	94.254974 	112.729767 	31.764761 	76.941536 	25.455845 	34.438351 	111.085556 	123.470642 	95.336250 	24.166092 	119.866592 	140.346008 	130.361038 	43.657761 	85.158676 	28.425341 	118.186295 	124.338249 	69.260376 	132.378250 	33.837849 	73.171036 	48.301140 	135.070358 	117.652031 	97.324203 	151.162170 	135.506454 	100.623062 	52.801514 	
6.708204 	78.600258 	12.649111 	25.553865 	23.086792 	18.439089 	21.587032 	51.971146 	78.924011 	42.801868 	19.697716 	55.659679 	999.000000 	16.401220 	64.070274 	41.436699 	23.194826 	38.600517 	57.982758 	40.607880 	23.537205 	49.497475 	38.832977 	55.946404 	69.404610 	39.812057 	58.051701 	65.192024 	88.391174 	76.837494 	34.176014 	31.144823 	52.402290 	63.134777 	69.641945 	28.017851 	77.935867 	56.400356 	29.732138 	40.261642 	80.709358 	62.032249 	43.011627 	99.035347 	80.993828 	46.010868 	39.319206 	
9.899495 	62.968246 	23.769728 	41.231056 	12.806249 	14.866069 	35.846897 	35.777088 	65.253349 	27.294687 	35.846897 	71.309189 	16.401220 	999.000000 	80.448738 	26.305893 	36.674240 	24.020824 	41.677334 	56.639210 	18.027756 	65.795135 	54.671749 	39.812057 	53.009434 	26.076809 	74.411018 	48.877399 	72.138756 	60.440052 	48.877399 	22.203604 	68.593002 	46.957428 	53.338543 	33.136082 	61.587337 	72.346390 	32.756680 	54.129475 	64.350601 	46.572525 	31.953091 	82.734512 	64.660652 	34.205261 	52.201534 	
70.724815 	140.716019 	61.846584 	42.379242 	84.970581 	77.878113 	50.289165 	115.965515 	137.003647 	105.550934 	44.821869 	19.000000 	64.070274 	80.448738 	999.000000 	104.709122 	51.662365 	101.533249 	122.036880 	28.284271 	82.079231 	18.027756 	31.257000 	119.887444 	133.454117 	101.980392 	10.440307 	129.247818 	151.855194 	140.801285 	41.194660 	90.249657 	18.248287 	127.094452 	133.689941 	70.213959 	142.003525 	21.023796 	74.330345 	43.104523 	144.779144 	125.239769 	102.181213 	162.606888 	145.055161 	105.688217 	48.093658 	
34.785053 	49.648766 	43.600460 	63.245552 	20.000000 	27.658634 	56.222771 	13.416408 	59.682495 	23.853722 	61.098282 	97.082436 	41.436699 	26.305893 	104.709122 	999.000000 	55.973209 	3.605551 	19.723083 	78.816238 	24.839485 	88.752464 	76.400261 	16.401220 	31.906113 	6.000000 	97.637085 	26.400757 	53.665630 	39.962482 	68.680420 	18.788294 	91.021973 	23.345236 	30.479502 	43.566040 	38.948685 	93.861603 	40.706264 	72.180328 	41.773197 	20.615528 	15.524175 	63.285069 	41.725292 	14.764823 	68.883957 	
27.513634 	99.478638 	13.038404 	10.049875 	36.069378 	28.319605 	2.828427 	68.593002 	101.513542 	63.953106 	21.213203 	50.358715 	23.194826 	36.674240 	51.662365 	55.973209 	999.000000 	52.497620 	74.966660 	23.769728 	31.622776 	34.176014 	21.023796 	72.138756 	87.045967 	52.201534 	43.081318 	82.024384 	107.615051 	94.921021 	12.727922 	39.446167 	35.777088 	79.246452 	86.278618 	19.000000 	94.762863 	38.013157 	23.021729 	17.464249 	97.590981 	75.802376 	50.990196 	117.923706 	97.621719 	54.561890 	16.124516 	
32.015621 	52.952808 	40.224369 	59.908264 	16.643316 	24.207438 	52.801514 	17.000000 	62.393909 	25.495098 	58.189346 	94.254974 	38.600517 	24.020824 	101.533249 	3.605551 	52.497620 	999.000000 	23.323807 	75.451973 	21.260292 	85.440041 	73.006851 	20.000000 	35.510563 	3.605551 	94.339813 	30.000000 	57.245087 	43.566040 	65.192024 	15.231546 	87.658424 	26.907248 	34.058773 	39.962482 	42.520584 	90.426765 	37.121422 	68.622154 	45.343136 	23.706539 	13.416408 	66.887962 	45.276924 	13.453624 	65.299309 	
51.312767 	32.062439 	62.241467 	81.565926 	38.948685 	46.754681 	74.966660 	6.403124 	46.097721 	23.194826 	77.524193 	112.729767 	57.982758 	41.677334 	122.036880 	19.723083 	74.966660 	23.323807 	999.000000 	97.185387 	44.407207 	106.826965 	94.921021 	4.000000 	12.206555 	25.079872 	115.602768 	7.211102 	34.014702 	20.248457 	87.692642 	38.470768 	109.343498 	6.000000 	11.661903 	63.285069 	20.000000 	112.538879 	60.415230 	91.547798 	22.803509 	12.727922 	32.557640 	43.566040 	23.021729 	30.149628 	88.408142 	
46.754681 	119.201508 	35.227829 	15.620500 	58.821766 	51.312767 	22.825424 	90.906548 	118.532700 	83.408630 	25.000000 	31.764761 	40.607880 	56.639210 	28.284271 	78.816238 	23.769728 	75.451973 	97.185387 	999.000000 	55.072678 	10.440307 	3.000000 	94.641426 	109.041275 	75.471848 	19.313208 	104.350372 	128.763351 	116.726173 	13.000000 	63.063461 	12.206555 	101.828285 	108.706024 	41.976185 	117.153748 	15.811388 	46.097721 	16.552946 	119.970833 	99.020203 	74.732857 	139.316193 	120.104118 	78.294319 	21.189621 	
18.788294 	72.111023 	20.248457 	39.812057 	7.000000 	5.099020 	32.249031 	38.013157 	78.313469 	39.115215 	41.109608 	76.941536 	23.537205 	18.027756 	82.079231 	24.839485 	31.622776 	21.260292 	44.407207 	55.072678 	999.000000 	65.299309 	52.478565 	41.231056 	56.612720 	20.615528 	74.242844 	51.224995 	78.032043 	64.637451 	44.204071 	8.246211 	67.230942 	48.166378 	55.317268 	19.313208 	63.780876 	69.634758 	17.262676 	47.381432 	66.603302 	44.204071 	20.396078 	87.920418 	66.528191 	23.769728 	44.045429 	
55.901699 	127.781059 	45.276924 	25.553865 	68.796799 	61.400326 	33.105892 	100.603180 	126.051575 	92.097771 	31.906113 	25.455845 	49.497475 	65.795135 	18.027756 	88.752464 	34.176014 	85.440041 	106.826965 	10.440307 	65.299309 	999.000000 	13.341664 	104.403069 	118.562218 	85.586212 	8.944272 	114.017540 	137.887634 	126.150703 	23.194826 	73.348480 	4.000000 	111.606453 	118.406082 	52.392746 	126.822708 	10.049875 	56.515484 	25.317978 	129.630249 	109.077957 	85.088188 	148.519363 	129.807556 	88.639717 	30.265491 	
44.821869 	117.413795 	32.802441 	13.453624 	56.400356 	48.826221 	20.248457 	88.617157 	117.170815 	81.608826 	24.331051 	34.438351 	38.832977 	54.671749 	31.257000 	76.400261 	21.023796 	73.006851 	94.921021 	3.000000 	52.478565 	13.341664 	999.000000 	92.314682 	106.831642 	72.945183 	22.135944 	102.068604 	126.732002 	114.560028 	10.000000 	60.415230 	14.764823 	99.488693 	106.404884 	39.051247 	114.865135 	17.691807 	43.174065 	13.892444 	117.686020 	96.519424 	72.013885 	137.244308 	117.796432 	75.584389 	18.384777 	
49.244289 	36.055511 	59.548298 	79.025314 	36.069378 	43.840622 	72.249565 	4.123106 	49.769470 	24.041630 	75.591003 	111.085556 	55.946404 	39.812057 	119.887444 	16.401220 	72.138756 	20.000000 	4.000000 	94.641426 	41.231056 	104.403069 	92.314682 	999.000000 	15.652476 	21.470911 	113.225441 	10.000000 	37.696156 	23.706539 	84.864601 	34.985710 	106.826965 	7.211102 	14.142136 	59.908264 	22.627417 	109.877205 	56.938564 	88.526833 	25.455845 	10.295630 	28.635643 	47.010635 	25.495098 	26.172504 	85.276024 	
62.801273 	23.769728 	74.249580 	93.434471 	51.088158 	58.898216 	86.977005 	18.601076 	41.231056 	30.805843 	88.752464 	123.470642 	69.404610 	53.009434 	133.454117 	31.906113 	87.045967 	35.510563 	12.206555 	109.041275 	56.612720 	118.562218 	106.831642 	15.652476 	999.000000 	37.121422 	127.283150 	6.082763 	22.135944 	8.062258 	99.764725 	50.606323 	121.165176 	10.049875 	5.000000 	75.471848 	9.219544 	124.482933 	72.560318 	103.711136 	11.704700 	19.104973 	43.965897 	31.384710 	12.369317 	41.231056 	100.603180 	
33.376640 	55.578773 	40.311287 	60.033325 	17.088007 	24.186773 	52.697250 	18.973665 	65.620117 	29.068884 	59.203041 	95.336250 	39.812057 	26.076809 	101.980392 	6.000000 	52.201534 	3.605551 	25.079872 	75.471848 	20.615528 	85.586212 	72.945183 	21.470911 	37.121422 	999.000000 	94.514549 	31.384710 	59.093147 	45.177429 	64.815125 	13.601471 	87.664131 	28.017851 	35.227829 	38.600517 	43.600460 	90.210861 	35.510563 	67.896980 	46.400433 	23.600847 	9.848858 	68.476273 	46.227695 	9.899495 	64.381676 	
64.536812 	136.029404 	54.203320 	34.481880 	77.698135 	70.327805 	42.047592 	109.402924 	133.689941 	100.448990 	39.824615 	24.166092 	58.051701 	74.411018 	10.440307 	97.637085 	43.081318 	94.339813 	115.602768 	19.313208 	74.242844 	8.944272 	22.135944 	113.225441 	127.283150 	94.514549 	999.000000 	122.800652 	146.413803 	134.825821 	31.780497 	82.292160 	8.000000 	120.432556 	127.200630 	61.131008 	135.602356 	10.816654 	65.253349 	33.000000 	138.405197 	117.991524 	94.021271 	157.079605 	138.600143 	97.575615 	38.000000 	
58.523499 	29.120440 	69.354164 	88.729927 	45.967381 	53.758720 	82.073135 	13.453624 	45.486263 	29.017237 	84.723076 	119.866592 	65.192024 	48.877399 	129.247818 	26.400757 	82.024384 	30.000000 	7.211102 	104.350372 	51.224995 	114.017540 	102.068604 	10.000000 	6.082763 	31.384710 	122.800652 	999.000000 	28.160255 	13.928389 	94.752312 	44.944408 	116.516090 	4.000000 	4.472136 	69.892776 	12.806249 	119.670380 	66.887962 	98.493652 	15.620500 	13.341664 	37.947330 	37.121422 	15.811388 	35.171009 	95.268044 	
82.036575 	16.031219 	94.641426 	113.278419 	72.111023 	79.881165 	107.298645 	40.249222 	34.785053 	46.400433 	107.056061 	140.346008 	88.391174 	72.138756 	151.855194 	53.665630 	107.615051 	57.245087 	34.014702 	128.763351 	78.032043 	137.887634 	126.732002 	37.696156 	22.135944 	59.093147 	146.413803 	28.160255 	999.000000 	14.317822 	120.253899 	72.449982 	140.730240 	32.015621 	25.317978 	97.128784 	19.104973 	144.422989 	94.366310 	124.619423 	17.464249 	40.311287 	66.098412 	10.816654 	18.681541 	63.324562 	121.757957 	
70.292244 	19.849434 	82.073135 	101.138519 	59.033890 	66.843102 	94.794518 	26.627054 	39.051247 	36.769554 	96.020828 	130.361038 	76.837494 	60.440052 	140.801285 	39.962482 	94.921021 	43.566040 	20.248457 	116.726173 	64.637451 	126.150703 	114.560028 	23.706539 	8.062258 	45.177429 	134.825821 	13.928389 	14.317822 	999.000000 	107.628990 	58.668560 	128.817703 	17.720045 	11.045361 	83.528435 	7.071068 	132.230865 	80.622574 	111.664673 	7.615773 	26.076809 	51.865211 	23.323807 	8.944272 	49.040798 	108.600182 	
39.357338 	111.830231 	25.612497 	10.049875 	48.795490 	41.036568 	13.038404 	81.320351 	113.088463 	76.157730 	24.738634 	43.657761 	34.176014 	48.877399 	41.194660 	68.680420 	12.727922 	65.192024 	87.692642 	13.000000 	44.204071 	23.194826 	10.000000 	84.864601 	99.764725 	64.815125 	31.780497 	94.752312 	120.253899 	107.628990 	999.000000 	51.865211 	24.041630 	91.967384 	99.005051 	29.410883 	107.489532 	25.553865 	33.526108 	7.280110 	110.317726 	88.408142 	63.134777 	130.598618 	110.344917 	66.730804 	9.899495 	
25.709921 	67.911705 	28.460499 	47.927029 	9.433981 	13.038404 	40.249222 	32.202484 	76.006577 	37.336308 	49.254440 	85.158676 	31.144823 	22.203604 	90.249657 	18.788294 	39.446167 	15.231546 	38.470768 	63.063461 	8.246211 	73.348480 	60.415230 	34.985710 	50.606323 	13.601471 	82.292160 	44.944408 	72.449982 	58.668560 	51.865211 	999.000000 	75.179787 	41.617306 	48.826221 	25.000000 	57.201397 	77.388626 	21.954498 	54.561890 	60.000000 	36.796738 	12.165525 	81.987801 	59.816387 	15.524175 	50.911690 	
58.694122 	130.873978 	47.434166 	27.802877 	71.028160 	63.513779 	34.985710 	103.077644 	129.495178 	95.131485 	35.355339 	28.425341 	52.402290 	68.593002 	18.248287 	91.021973 	35.777088 	87.658424 	109.343498 	12.206555 	67.230942 	4.000000 	14.764823 	106.826965 	121.165176 	87.664131 	8.000000 	116.516090 	140.730240 	128.817703 	24.041630 	75.179787 	999.000000 	114.017540 	120.880104 	53.450912 	129.321304 	6.082763 	57.567352 	25.000000 	132.136292 	111.220505 	86.764046 	151.320847 	132.279999 	90.338257 	30.000000 	
56.435802 	32.984844 	66.708321 	86.214851 	43.185646 	50.931328 	79.397736 	11.180340 	48.877399 	29.154760 	82.764725 	118.186295 	63.134777 	46.957428 	127.094452 	23.345236 	79.246452 	26.907248 	6.000000 	101.828285 	48.166378 	111.606453 	99.488693 	7.211102 	10.049875 	28.017851 	120.432556 	4.000000 	32.015621 	17.720045 	91.967384 	41.617306 	114.017540 	999.000000 	7.211102 	66.610809 	15.620500 	117.034180 	63.513779 	95.524864 	18.439089 	9.486833 	34.176014 	40.718548 	18.384777 	31.320919 	92.195442 	
62.968246 	28.635643 	73.661385 	93.085983 	50.209560 	57.982758 	86.371292 	17.804493 	46.227695 	33.136082 	89.185204 	124.338249 	69.641945 	53.338543 	133.689941 	30.479502 	86.278618 	34.058773 	11.661903 	108.706024 	55.317268 	118.406082 	106.404884 	14.142136 	5.000000 	35.227829 	127.200630 	4.472136 	25.317978 	11.045361 	99.005051 	48.826221 	120.880104 	7.211102 	999.000000 	73.817345 	8.485281 	123.987900 	70.724815 	102.649887 	11.313708 	15.033297 	41.231056 	33.615471 	11.401754 	38.275318 	99.357941 	
27.856777 	91.416626 	16.278820 	29.017237 	25.961510 	19.104973 	21.095022 	56.938564 	97.015465 	57.870544 	37.161808 	69.260376 	28.017851 	33.136082 	70.213959 	43.566040 	19.000000 	39.962482 	63.285069 	41.976185 	19.313208 	52.392746 	39.051247 	59.908264 	75.471848 	38.600517 	61.131008 	69.892776 	97.128784 	83.528435 	29.410883 	25.000000 	53.450912 	66.610809 	73.817345 	999.000000 	82.200974 	54.625999 	4.123106 	30.528675 	85.000000 	61.554855 	34.828148 	106.850365 	84.811554 	38.418747 	26.400757 	
71.281136 	26.907248 	82.134033 	101.533249 	58.694122 	66.468040 	94.847244 	26.248810 	46.097721 	40.024994 	97.416634 	132.378250 	77.935867 	61.587337 	142.003525 	38.948685 	94.762863 	42.520584 	20.000000 	117.153748 	63.780876 	126.822708 	114.865135 	22.627417 	9.219544 	43.600460 	135.602356 	12.806249 	19.104973 	7.071068 	107.489532 	57.201397 	129.321304 	15.620500 	8.485281 	82.200974 	999.000000 	132.457535 	79.056938 	111.126053 	2.828427 	22.135944 	49.193497 	25.961510 	3.162278 	46.097721 	107.814659 	
62.481998 	135.000000 	50.328918 	31.144823 	73.878281 	66.219330 	37.643059 	106.216759 	134.238586 	99.201813 	40.311287 	33.837849 	56.400356 	72.346390 	21.023796 	93.861603 	38.013157 	90.426765 	112.538879 	15.811388 	69.634758 	10.049875 	17.691807 	109.877205 	124.482933 	90.210861 	10.816654 	119.670380 	144.422989 	132.230865 	25.553865 	77.388626 	6.082763 	117.034180 	123.987900 	54.625999 	132.457535 	999.000000 	58.694122 	24.738634 	135.281189 	113.811249 	88.684837 	154.935471 	135.369858 	92.282173 	29.614185 	
28.653097 	89.185204 	18.867962 	33.000000 	24.186773 	18.110771 	25.019993 	54.120235 	95.524864 	56.320511 	40.496914 	73.171036 	29.732138 	32.756680 	74.330345 	40.706264 	23.021729 	37.121422 	60.415230 	46.097721 	17.262676 	56.515484 	43.174065 	56.938564 	72.560318 	35.510563 	65.253349 	66.887962 	94.366310 	80.622574 	33.526108 	21.954498 	57.567352 	63.513779 	70.724815 	4.123106 	79.056938 	58.694122 	999.000000 	34.481880 	81.841309 	58.137768 	31.144823 	103.942291 	81.608826 	34.713108 	30.232433 	
44.944408 	116.846054 	30.413813 	17.262676 	52.630791 	44.821869 	18.681541 	85.146935 	118.928551 	81.394104 	32.015621 	48.301140 	40.261642 	54.129475 	43.104523 	72.180328 	17.464249 	68.622154 	91.547798 	16.552946 	47.381432 	25.317978 	13.892444 	88.526833 	103.711136 	67.896980 	33.000000 	98.493652 	124.619423 	111.664673 	7.280110 	54.561890 	25.000000 	95.524864 	102.649887 	30.528675 	111.126053 	24.738634 	34.481880 	999.000000 	113.951744 	91.350975 	65.215027 	134.807266 	113.899078 	68.818604 	5.000000 	
74.060783 	26.907248 	84.958817 	104.350372 	61.522354 	69.296463 	97.672920 	29.068884 	46.400433 	42.449970 	100.169853 	135.070358 	80.709358 	64.350601 	144.779144 	41.773197 	97.590981 	45.343136 	22.803509 	119.970833 	66.603302 	129.630249 	117.686020 	25.455845 	11.704700 	46.400433 	138.405197 	15.620500 	17.464249 	7.615773 	110.317726 	60.000000 	132.136292 	18.439089 	11.313708 	85.000000 	2.828427 	135.281189 	81.841309 	113.951744 	999.000000 	24.698177 	51.884487 	23.537205 	1.414214 	48.754486 	110.634537 	
55.362442 	42.449970 	63.812225 	83.528435 	40.311287 	47.707443 	76.275818 	13.601471 	58.180752 	34.176014 	81.706795 	117.652031 	62.032249 	46.572525 	125.239769 	20.615528 	75.802376 	23.706539 	12.727922 	99.020203 	44.204071 	109.077957 	96.519424 	10.295630 	19.104973 	23.600847 	117.991524 	13.341664 	40.311287 	26.076809 	88.408142 	36.796738 	111.220505 	9.486833 	15.033297 	61.554855 	22.135944 	113.811249 	58.137768 	91.350975 	24.698177 	999.000000 	27.459061 	48.083260 	24.166092 	24.186773 	87.692642 	
37.215588 	64.124878 	40.521599 	59.808025 	20.223749 	25.179358 	52.000000 	27.073973 	75.133217 	38.910152 	61.400326 	97.324203 	43.011627 	31.953091 	102.181213 	15.524175 	50.990196 	13.416408 	32.557640 	74.732857 	20.396078 	85.088188 	72.013885 	28.635643 	43.965897 	9.848858 	94.021271 	37.947330 	66.098412 	51.865211 	63.134777 	12.165525 	86.764046 	34.176014 	41.231056 	34.828148 	49.193497 	88.684837 	31.144823 	65.215027 	51.884487 	27.459061 	999.000000 	74.846512 	51.478149 	3.605551 	61.220913 	
92.633690 	25.495098 	104.995239 	123.794182 	82.200974 	90.000000 	117.686020 	49.929951 	42.296574 	57.201397 	117.796432 	151.162170 	99.035347 	82.734512 	162.606888 	63.285069 	117.923706 	66.887962 	43.566040 	139.316193 	87.920418 	148.519363 	137.244308 	47.010635 	31.384710 	68.476273 	157.079605 	37.121422 	10.816654 	23.323807 	130.598618 	81.987801 	151.320847 	40.718548 	33.615471 	106.850365 	25.961510 	154.935471 	103.942291 	134.807266 	23.537205 	48.083260 	74.846512 	999.000000 	24.331051 	71.867935 	131.825638 	
74.330345 	28.319605 	85.041168 	104.484451 	61.554855 	69.310890 	97.744568 	29.206163 	47.801674 	43.174065 	100.498756 	135.506454 	80.993828 	64.660652 	145.055161 	41.725292 	97.621719 	45.276924 	23.021729 	120.104118 	66.528191 	129.807556 	117.796432 	25.495098 	12.369317 	46.227695 	138.600143 	15.811388 	18.681541 	8.944272 	110.344917 	59.816387 	132.279999 	18.384777 	11.401754 	84.811554 	3.162278 	135.369858 	81.608826 	113.899078 	1.414214 	24.166092 	51.478149 	24.331051 	999.000000 	48.301140 	110.535065 	
40.049969 	62.008064 	43.965897 	63.324562 	23.021729 	28.442924 	55.542778 	25.019993 	73.756355 	38.587563 	64.629715 	100.623062 	46.010868 	34.205261 	105.688217 	14.764823 	54.561890 	13.453624 	30.149628 	78.294319 	23.769728 	88.639717 	75.584389 	26.172504 	41.231056 	9.899495 	97.575615 	35.171009 	63.324562 	49.040798 	66.730804 	15.524175 	90.338257 	31.320919 	38.275318 	38.418747 	46.097721 	92.282173 	34.713108 	68.818604 	48.754486 	24.186773 	3.605551 	71.867935 	48.301140 	999.000000 	64.815125 	
43.416588 	114.490173 	28.460499 	18.788294 	49.648766 	41.880783 	18.000000 	82.006096 	117.341385 	79.309517 	33.615471 	52.801514 	39.319206 	52.201534 	48.093658 	68.883957 	16.124516 	65.299309 	88.408142 	21.189621 	44.045429 	30.265491 	18.384777 	85.276024 	100.603180 	64.381676 	38.000000 	95.268044 	121.757957 	108.600182 	9.899495 	50.911690 	30.000000 	92.195442 	99.357941 	26.400757 	107.814659 	29.614185 	30.232433 	5.000000 	110.634537 	87.692642 	61.220913 	131.825638 	110.535065 	64.815125 	999.000000 	

Travel time:
9.000000 	1.816762 	0.378319 	0.785016 	0.425735 	0.347311 	0.660019 	1.131923 	1.850000 	0.922293 	0.660019 	1.557442 	0.167705 	0.247487 	1.768120 	0.869626 	0.687841 	0.800391 	1.282819 	1.168867 	0.469707 	1.397542 	1.120547 	1.231107 	1.570032 	0.834416 	1.613420 	1.463087 	2.050914 	1.757306 	0.983933 	0.642748 	1.467353 	1.410895 	1.574206 	0.696419 	1.782028 	1.562050 	0.716327 	1.123610 	1.851520 	1.384061 	0.930390 	2.315842 	1.858259 	1.001249 	1.085415 	
1.816762 	9.000000 	2.161308 	2.601081 	1.638788 	1.825171 	2.469818 	0.926350 	0.493077 	0.895126 	2.406502 	3.201562 	1.965006 	1.574206 	3.517900 	1.241219 	2.486966 	1.323820 	0.801561 	2.980038 	1.802776 	3.194526 	2.935345 	0.901388 	0.594243 	1.389469 	3.400735 	0.728011 	0.400780 	0.496236 	2.795756 	1.697793 	3.271849 	0.824621 	0.715891 	2.285416 	0.672681 	3.375000 	2.229630 	2.921151 	0.672681 	1.061249 	1.603122 	0.637377 	0.707990 	1.550202 	2.862254 	
0.378319 	2.161308 	9.000000 	0.493077 	0.590021 	0.403113 	0.318198 	1.397542 	2.222189 	1.274755 	0.559017 	1.430472 	0.316228 	0.594243 	1.546165 	1.090011 	0.325960 	1.005609 	1.556037 	0.880696 	0.506211 	1.131923 	0.820061 	1.488707 	1.856240 	1.007782 	1.355083 	1.733854 	2.366036 	2.051828 	0.640312 	0.711512 	1.185854 	1.667708 	1.841535 	0.406971 	2.053351 	1.258223 	0.471699 	0.760345 	2.123971 	1.595306 	1.013040 	2.624881 	2.126029 	1.099147 	0.711512 	
0.785016 	2.601081 	0.493077 	9.000000 	1.081665 	0.896172 	0.201556 	1.882153 	2.606962 	1.706055 	0.371652 	1.007782 	0.638847 	1.030776 	1.059481 	1.581139 	0.251247 	1.497707 	2.039148 	0.390512 	0.995301 	0.638847 	0.336341 	1.975633 	2.335862 	1.500833 	0.862047 	2.218248 	2.831960 	2.528463 	0.251247 	1.198176 	0.695072 	2.155371 	2.327150 	0.725431 	2.538331 	0.778621 	0.825000 	0.431567 	2.608759 	2.088211 	1.495201 	3.094855 	2.612111 	1.583114 	0.469707 	
0.425735 	1.638788 	0.590021 	1.081665 	9.000000 	0.195256 	0.905883 	0.813941 	1.783606 	0.803508 	1.055047 	1.958475 	0.577170 	0.320156 	2.124264 	0.500000 	0.901734 	0.416083 	0.973717 	1.470544 	0.175000 	1.719920 	1.410009 	0.901734 	1.277204 	0.427200 	1.942453 	1.149184 	1.802776 	1.475847 	1.219887 	0.235850 	1.775704 	1.079641 	1.255239 	0.649038 	1.467353 	1.846957 	0.604669 	1.315770 	1.538059 	1.007782 	0.505594 	2.055024 	1.538871 	0.575543 	1.241219 	
0.347311 	1.825171 	0.403113 	0.896172 	0.195256 	9.000000 	0.715017 	1.009022 	1.948236 	0.970824 	0.905539 	1.804508 	0.460977 	0.371652 	1.946953 	0.691466 	0.707990 	0.605186 	1.168867 	1.282819 	0.127475 	1.535008 	1.220656 	1.096016 	1.472455 	0.604669 	1.758195 	1.343968 	1.997029 	1.671077 	1.025914 	0.325960 	1.587844 	1.273283 	1.449569 	0.477624 	1.661701 	1.655483 	0.452769 	1.120547 	1.732412 	1.192686 	0.629484 	2.250000 	1.732772 	0.711073 	1.047020 	
0.660019 	2.469818 	0.318198 	0.201556 	0.905883 	0.715017 	9.000000 	1.715554 	2.507613 	1.578369 	0.459619 	1.204159 	0.539676 	0.896172 	1.257229 	1.405569 	0.070711 	1.320038 	1.874166 	0.570636 	0.806226 	0.827647 	0.506211 	1.806239 	2.174425 	1.317431 	1.051190 	2.051828 	2.682466 	2.369863 	0.325960 	1.006231 	0.874643 	1.984943 	2.159282 	0.527376 	2.371181 	0.941076 	0.625500 	0.467039 	2.441823 	1.906895 	1.300000 	2.942151 	2.443614 	1.388569 	0.450000 	
1.131923 	0.926350 	1.397542 	1.882153 	0.813941 	1.009022 	1.715554 	9.000000 	1.233390 	0.515388 	1.789728 	2.675467 	1.299279 	0.894427 	2.899138 	0.335410 	1.714825 	0.425000 	0.160078 	2.272664 	0.950329 	2.515079 	2.215429 	0.103078 	0.465027 	0.474342 	2.735073 	0.336341 	1.006231 	0.665676 	2.033009 	0.805062 	2.576941 	0.279509 	0.445112 	1.423464 	0.656220 	2.655419 	1.353006 	2.128673 	0.726722 	0.340037 	0.676849 	1.248249 	0.730154 	0.625500 	2.050152 	
1.850000 	0.493077 	2.222189 	2.606962 	1.783606 	1.948236 	2.507613 	1.233390 	9.000000 	0.980115 	2.353853 	3.060739 	1.973100 	1.631334 	3.425091 	1.492062 	2.537838 	1.559848 	1.152443 	2.963317 	1.957837 	3.151289 	2.929270 	1.244237 	1.030776 	1.640503 	3.342248 	1.137157 	0.869626 	0.976281 	2.827212 	1.900164 	3.237380 	1.221935 	1.155692 	2.425387 	1.152443 	3.355965 	2.388122 	2.973214 	1.160011 	1.454519 	1.878330 	1.057414 	1.195042 	1.843909 	2.933535 	
0.922293 	0.895126 	1.274755 	1.706055 	0.803508 	0.970824 	1.578369 	0.515388 	0.980115 	9.000000 	1.520691 	2.350798 	1.070047 	0.682367 	2.638773 	0.596343 	1.598828 	0.637377 	0.579871 	2.085216 	0.977880 	2.302444 	2.040221 	0.601041 	0.770146 	0.726722 	2.511225 	0.725431 	1.160011 	0.919239 	1.903943 	0.933408 	2.378287 	0.728869 	0.828402 	1.446764 	1.000625 	2.480045 	1.408013 	2.034853 	1.061249 	0.854400 	0.972754 	1.430035 	1.079352 	0.964689 	1.982738 	
0.660019 	2.406502 	0.559017 	0.371652 	1.055047 	0.905539 	0.459619 	1.789728 	2.353853 	1.520691 	9.000000 	0.903466 	0.492443 	0.896172 	1.120547 	1.527457 	0.530330 	1.454734 	1.938105 	0.625000 	1.027740 	0.797653 	0.608276 	1.889775 	2.218812 	1.480076 	0.995615 	2.118077 	2.676402 	2.400521 	0.618466 	1.231361 	0.883883 	2.069118 	2.229630 	0.929045 	2.435416 	1.007782 	1.012423 	0.800391 	2.504246 	2.042670 	1.535008 	2.944911 	2.512469 	1.615743 	0.840387 	
1.557442 	3.201562 	1.430472 	1.007782 	1.958475 	1.804508 	1.204159 	2.675467 	3.060739 	2.350798 	0.903466 	9.000000 	1.391492 	1.782730 	0.475000 	2.427061 	1.258968 	2.356374 	2.818244 	0.794119 	1.923538 	0.636396 	0.860959 	2.777139 	3.086766 	2.383406 	0.604152 	2.996665 	3.508650 	3.259026 	1.091444 	2.128967 	0.710634 	2.954657 	3.108456 	1.731509 	3.309456 	0.845946 	1.829276 	1.207528 	3.376759 	2.941301 	2.433105 	3.779054 	3.387661 	2.515577 	1.320038 	
0.167705 	1.965006 	0.316228 	0.638847 	0.577170 	0.460977 	0.539676 	1.299279 	1.973100 	1.070047 	0.492443 	1.391492 	9.000000 	0.410031 	1.601757 	1.035918 	0.579871 	0.965013 	1.449569 	1.015197 	0.588430 	1.237437 	0.970824 	1.398660 	1.735115 	0.995301 	1.451293 	1.629801 	2.209779 	1.920937 	0.854400 	0.778621 	1.310057 	1.578369 	1.741049 	0.700446 	1.948397 	1.410009 	0.743303 	1.006541 	2.017734 	1.550806 	1.075291 	2.475884 	2.024846 	1.150272 	0.982980 	
0.247487 	1.574206 	0.594243 	1.030776 	0.320156 	0.371652 	0.896172 	0.894427 	1.631334 	0.682367 	0.896172 	1.782730 	0.410031 	9.000000 	2.011219 	0.657647 	0.916856 	0.600521 	1.041933 	1.415980 	0.450694 	1.644878 	1.366794 	0.995301 	1.325236 	0.651920 	1.860276 	1.221935 	1.803469 	1.511001 	1.221935 	0.555090 	1.714825 	1.173936 	1.333464 	0.828402 	1.539683 	1.808660 	0.818917 	1.353237 	1.608765 	1.164313 	0.798827 	2.068363 	1.616516 	0.855132 	1.305038 	
1.768120 	3.517900 	1.546165 	1.059481 	2.124264 	1.946953 	1.257229 	2.899138 	3.425091 	2.638773 	1.120547 	0.475000 	1.601757 	2.011219 	9.000000 	2.617728 	1.291559 	2.538331 	3.050922 	0.707107 	2.051981 	0.450694 	0.781425 	2.997186 	3.336353 	2.549510 	0.261008 	3.231195 	3.796380 	3.520032 	1.029866 	2.256241 	0.456207 	3.177361 	3.342248 	1.755349 	3.550088 	0.525595 	1.858259 	1.077613 	3.619479 	3.130994 	2.554530 	4.065172 	3.626379 	2.642205 	1.202341 	
0.869626 	1.241219 	1.090011 	1.581139 	0.500000 	0.691466 	1.405569 	0.335410 	1.492062 	0.596343 	1.527457 	2.427061 	1.035918 	0.657647 	2.617728 	9.000000 	1.399330 	0.090139 	0.493077 	1.970406 	0.620987 	2.218812 	1.910007 	0.410031 	0.797653 	0.150000 	2.440927 	0.660019 	1.341641 	0.999062 	1.717010 	0.469707 	2.275549 	0.583631 	0.761988 	1.089151 	0.973717 	2.346540 	1.017657 	1.804508 	1.044330 	0.515388 	0.388104 	1.582127 	1.043132 	0.369121 	1.722099 	
0.687841 	2.486966 	0.325960 	0.251247 	0.901734 	0.707990 	0.070711 	1.714825 	2.537838 	1.598828 	0.530330 	1.258968 	0.579871 	0.916856 	1.291559 	1.399330 	9.000000 	1.312441 	1.874166 	0.594243 	0.790569 	0.854400 	0.525595 	1.803469 	2.176149 	1.305038 	1.077033 	2.050610 	2.690376 	2.373025 	0.318198 	0.986154 	0.894427 	1.981161 	2.156965 	0.475000 	2.369071 	0.950329 	0.575543 	0.436606 	2.439775 	1.895059 	1.274755 	2.948093 	2.440543 	1.364047 	0.403113 	
0.800391 	1.323820 	1.005609 	1.497707 	0.416083 	0.605186 	1.320038 	0.425000 	1.559848 	0.637377 	1.454734 	2.356374 	0.965013 	0.600521 	2.538331 	0.090139 	1.312441 	9.000000 	0.583095 	1.886299 	0.531507 	2.136001 	1.825171 	0.500000 	0.887764 	0.090139 	2.358495 	0.750000 	1.431127 	1.089151 	1.629801 	0.380789 	2.191461 	0.672681 	0.851469 	0.999062 	1.063015 	2.260669 	0.928036 	1.715554 	1.133578 	0.592663 	0.335410 	1.672199 	1.131923 	0.336341 	1.632483 	
1.282819 	0.801561 	1.556037 	2.039148 	0.973717 	1.168867 	1.874166 	0.160078 	1.152443 	0.579871 	1.938105 	2.818244 	1.449569 	1.041933 	3.050922 	0.493077 	1.874166 	0.583095 	9.000000 	2.429635 	1.110180 	2.670674 	2.373025 	0.100000 	0.305164 	0.626997 	2.890069 	0.180278 	0.850368 	0.506211 	2.192316 	0.961769 	2.733588 	0.150000 	0.291548 	1.582127 	0.500000 	2.813472 	1.510381 	2.288695 	0.570088 	0.318198 	0.813941 	1.089151 	0.575543 	0.753741 	2.210204 	
1.168867 	2.980038 	0.880696 	0.390512 	1.470544 	1.282819 	0.570636 	2.272664 	2.963317 	2.085216 	0.625000 	0.794119 	1.015197 	1.415980 	0.707107 	1.970406 	0.594243 	1.886299 	2.429635 	9.000000 	1.376817 	0.261008 	0.075000 	2.366036 	2.726032 	1.886796 	0.482830 	2.608759 	3.219084 	2.918154 	0.325000 	1.576586 	0.305164 	2.545707 	2.717651 	1.049405 	2.928844 	0.395285 	1.152443 	0.413824 	2.999271 	2.475505 	1.868321 	3.482905 	3.002603 	1.957358 	0.529741 	
0.469707 	1.802776 	0.506211 	0.995301 	0.175000 	0.127475 	0.806226 	0.950329 	1.957837 	0.977880 	1.027740 	1.923538 	0.588430 	0.450694 	2.051981 	0.620987 	0.790569 	0.531507 	1.110180 	1.376817 	9.000000 	1.632483 	1.311964 	1.030776 	1.415318 	0.515388 	1.856071 	1.280625 	1.950801 	1.615936 	1.105102 	0.206155 	1.680773 	1.204159 	1.382932 	0.482830 	1.594522 	1.740869 	0.431567 	1.184536 	1.665083 	1.105102 	0.509902 	2.198010 	1.663205 	0.594243 	1.101136 	
1.397542 	3.194526 	1.131923 	0.638847 	1.719920 	1.535008 	0.827647 	2.515079 	3.151289 	2.302444 	0.797653 	0.636396 	1.237437 	1.644878 	0.450694 	2.218812 	0.854400 	2.136001 	2.670674 	0.261008 	1.632483 	9.000000 	0.333542 	2.610077 	2.964056 	2.139655 	0.223607 	2.850439 	3.447191 	3.153768 	0.579871 	1.833712 	0.100000 	2.790161 	2.960152 	1.309819 	3.170568 	0.251247 	1.412887 	0.632949 	3.240756 	2.726949 	2.127205 	3.712984 	3.245189 	2.215993 	0.756637 	
1.120547 	2.935345 	0.820061 	0.336341 	1.410009 	1.220656 	0.506211 	2.215429 	2.929270 	2.040221 	0.608276 	0.860959 	0.970824 	1.366794 	0.781425 	1.910007 	0.525595 	1.825171 	2.373025 	0.075000 	1.311964 	0.333542 	9.000000 	2.307867 	2.670791 	1.823630 	0.553399 	2.551715 	3.168300 	2.864001 	0.250000 	1.510381 	0.369121 	2.487217 	2.660122 	0.976281 	2.871628 	0.442295 	1.079352 	0.347311 	2.942151 	2.412986 	1.800347 	3.431108 	2.944911 	1.889610 	0.459619 	
1.231107 	0.901388 	1.488707 	1.975633 	0.901734 	1.096016 	1.806239 	0.103078 	1.244237 	0.601041 	1.889775 	2.777139 	1.398660 	0.995301 	2.997186 	0.410031 	1.803469 	0.500000 	0.100000 	2.366036 	1.030776 	2.610077 	2.307867 	9.000000 	0.391312 	0.536773 	2.830636 	0.250000 	0.942404 	0.592663 	2.121615 	0.874643 	2.670674 	0.180278 	0.353553 	1.497707 	0.565685 	2.746930 	1.423464 	2.213171 	0.636396 	0.257391 	0.715891 	1.175266 	0.637377 	0.654313 	2.131901 	
1.570032 	0.594243 	1.856240 	2.335862 	1.277204 	1.472455 	2.174425 	0.465027 	1.030776 	0.770146 	2.218812 	3.086766 	1.735115 	1.325236 	3.336353 	0.797653 	2.176149 	0.887764 	0.305164 	2.726032 	1.415318 	2.964056 	2.670791 	0.391312 	9.000000 	0.928036 	3.182079 	0.152069 	0.553399 	0.201556 	2.494118 	1.265158 	3.029130 	0.251247 	0.125000 	1.886796 	0.230489 	3.112073 	1.814008 	2.592778 	0.292617 	0.477624 	1.099147 	0.784618 	0.309233 	1.030776 	2.515079 	
0.834416 	1.389469 	1.007782 	1.500833 	0.427200 	0.604669 	1.317431 	0.474342 	1.640503 	0.726722 	1.480076 	2.383406 	0.995301 	0.651920 	2.549510 	0.150000 	1.305038 	0.090139 	0.626997 	1.886796 	0.515388 	2.139655 	1.823630 	0.536773 	0.928036 	9.000000 	2.362864 	0.784618 	1.477329 	1.129436 	1.620378 	0.340037 	2.191603 	0.700446 	0.880696 	0.965013 	1.090011 	2.255271 	0.887764 	1.697425 	1.160011 	0.590021 	0.246221 	1.711907 	1.155692 	0.247487 	1.609542 	
1.613420 	3.400735 	1.355083 	0.862047 	1.942453 	1.758195 	1.051190 	2.735073 	3.342248 	2.511225 	0.995615 	0.604152 	1.451293 	1.860276 	0.261008 	2.440927 	1.077033 	2.358495 	2.890069 	0.482830 	1.856071 	0.223607 	0.553399 	2.830636 	3.182079 	2.362864 	9.000000 	3.070016 	3.660345 	3.370646 	0.794512 	2.057304 	0.200000 	3.010814 	3.180016 	1.528275 	3.390059 	0.270416 	1.631334 	0.825000 	3.460130 	2.949788 	2.350532 	3.926990 	3.465003 	2.439390 	0.950000 	
1.463087 	0.728011 	1.733854 	2.218248 	1.149184 	1.343968 	2.051828 	0.336341 	1.137157 	0.725431 	2.118077 	2.996665 	1.629801 	1.221935 	3.231195 	0.660019 	2.050610 	0.750000 	0.180278 	2.608759 	1.280625 	2.850439 	2.551715 	0.250000 	0.152069 	0.784618 	3.070016 	9.000000 	0.704006 	0.348210 	2.368808 	1.123610 	2.912902 	0.100000 	0.111803 	1.747319 	0.320156 	2.991760 	1.672199 	2.462341 	0.390512 	0.333542 	0.948683 	0.928036 	0.395285 	0.879275 	2.381701 	
2.050914 	0.400780 	2.366036 	2.831960 	1.802776 	1.997029 	2.682466 	1.006231 	0.869626 	1.160011 	2.676402 	3.508650 	2.209779 	1.803469 	3.796380 	1.341641 	2.690376 	1.431127 	0.850368 	3.219084 	1.950801 	3.447191 	3.168300 	0.942404 	0.553399 	1.477329 	3.660345 	0.704006 	9.000000 	0.357946 	3.006347 	1.811249 	3.518256 	0.800391 	0.632949 	2.428220 	0.477624 	3.610575 	2.359158 	3.115486 	0.436606 	1.007782 	1.652460 	0.270416 	0.467039 	1.583114 	3.043949 	
1.757306 	0.496236 	2.051828 	2.528463 	1.475847 	1.671077 	2.369863 	0.665676 	0.976281 	0.919239 	2.400521 	3.259026 	1.920937 	1.511001 	3.520032 	0.999062 	2.373025 	1.089151 	0.506211 	2.918154 	1.615936 	3.153768 	2.864001 	0.592663 	0.201556 	1.129436 	3.370646 	0.348210 	0.357946 	9.000000 	2.690725 	1.466714 	3.220443 	0.443001 	0.276134 	2.088211 	0.176777 	3.305772 	2.015564 	2.791617 	0.190394 	0.651920 	1.296630 	0.583095 	0.223607 	1.226020 	2.715004 	
0.983933 	2.795756 	0.640312 	0.251247 	1.219887 	1.025914 	0.325960 	2.033009 	2.827212 	1.903943 	0.618466 	1.091444 	0.854400 	1.221935 	1.029866 	1.717010 	0.318198 	1.629801 	2.192316 	0.325000 	1.105102 	0.579871 	0.250000 	2.121615 	2.494118 	1.620378 	0.794512 	2.368808 	3.006347 	2.690725 	9.000000 	1.296630 	0.601041 	2.299185 	2.475126 	0.735272 	2.687238 	0.638847 	0.838153 	0.182003 	2.757943 	2.210204 	1.578369 	3.264966 	2.758623 	1.668270 	0.247487 	
0.642748 	1.697793 	0.711512 	1.198176 	0.235850 	0.325960 	1.006231 	0.805062 	1.900164 	0.933408 	1.231361 	2.128967 	0.778621 	0.555090 	2.256241 	0.469707 	0.986154 	0.380789 	0.961769 	1.576586 	0.206155 	1.833712 	1.510381 	0.874643 	1.265158 	0.340037 	2.057304 	1.123610 	1.811249 	1.466714 	1.296630 	9.000000 	1.879495 	1.040433 	1.220656 	0.625000 	1.430035 	1.934716 	0.548862 	1.364047 	1.500000 	0.919918 	0.304138 	2.049695 	1.495410 	0.388104 	1.272792 	
