Total assets = 757
Number of asset nodes = 40

Distance:
999.000000 	17.804493 	6.403124 	28.844410 	35.440090 	27.166155 	41.182522 	46.818798 	18.110771 	41.617306 	63.529522 	48.383881 	105.550934 	90.027771 	36.055511 	76.550636 	86.833176 	92.849342 	48.270073 	23.345236 	28.231188 	27.730848 	63.324562 	103.276329 	23.409399 	27.658634 	57.008770 	44.045429 	38.600517 	39.204590 	30.083218 	26.400757 	70.936592 	41.880783 	48.166378 	61.611687 	29.206163 	59.033890 	76.557167 	32.249031 	44.283180 	37.696156 	32.015621 	75.026665 	87.235313 	60.530983 	44.777225 	83.671982 	104.403069 	94.154129 	33.241539 	52.086468 	41.436699 	82.079231 	
17.804493 	999.000000 	18.973665 	11.180340 	52.392746 	43.324360 	23.769728 	63.976559 	13.892444 	23.853722 	81.123360 	65.391129 	123.109711 	107.814659 	51.662365 	94.302704 	104.637466 	110.634537 	64.845970 	15.620500 	15.297058 	39.012817 	80.529495 	121.016525 	24.596748 	17.888544 	73.736015 	59.439045 	21.931713 	53.460266 	18.973665 	31.622776 	88.141930 	25.632011 	30.805843 	78.108902 	34.176014 	75.286118 	93.914856 	23.259407 	58.309521 	24.000000 	24.698177 	92.195442 	104.809349 	76.400261 	29.120440 	101.074226 	122.200653 	111.830231 	31.144823 	66.483078 	28.000000 	99.317673 	
6.403124 	18.973665 	999.000000 	30.083218 	33.541019 	24.351591 	42.720020 	45.177429 	14.317822 	42.485291 	62.681736 	46.518814 	106.826965 	90.509666 	32.756680 	76.216797 	87.045967 	93.338097 	45.880280 	19.697716 	25.806976 	22.135944 	61.717098 	104.004807 	17.464249 	24.166092 	54.781384 	40.607880 	37.483330 	35.014282 	26.832815 	20.000000 	69.318108 	40.360870 	47.507893 	59.135437 	22.803509 	56.320511 	75.179787 	28.160255 	40.000000 	34.985710 	27.459061 	73.348480 	86.284416 	57.489128 	42.801868 	82.365044 	104.350372 	93.477272 	27.459061 	48.041649 	38.470768 	80.498444 	
28.844410 	11.180340 	30.083218 	999.000000 	63.560993 	54.424259 	12.649111 	75.153175 	22.090721 	12.806249 	92.282173 	76.557167 	133.645050 	118.697090 	62.641838 	105.394501 	115.602768 	121.511314 	75.960518 	21.189621 	16.401220 	49.162994 	91.706055 	131.795303 	32.557640 	21.095022 	84.864601 	70.342018 	15.033297 	64.132675 	20.615528 	40.311287 	99.317673 	19.026299 	21.540659 	89.196411 	42.579338 	86.330757 	105.095192 	25.612497 	68.883957 	21.470911 	28.017851 	103.368271 	115.974136 	87.361320 	23.086792 	112.254173 	133.221619 	122.967476 	36.674240 	77.103828 	25.079872 	110.494347 	
35.440090 	52.392746 	33.541019 	63.560993 	999.000000 	9.899495 	76.157730 	11.661903 	45.607018 	76.026314 	29.732138 	13.000000 	77.826729 	59.640591 	8.246211 	43.863426 	55.605755 	62.425957 	13.038404 	50.328918 	57.628117 	23.769728 	28.178005 	73.498299 	41.231056 	54.488529 	21.587032 	12.806249 	70.213959 	14.866069 	57.314919 	35.846897 	35.777088 	72.622307 	80.448738 	26.305893 	36.674240 	24.020824 	41.677334 	56.639210 	18.027756 	65.795135 	54.671749 	39.812057 	53.009434 	26.076809 	74.411018 	48.877399 	72.138756 	60.440052 	48.877399 	22.203604 	68.593002 	46.957428 	
27.166155 	43.324360 	24.351591 	54.424259 	9.899495 	999.000000 	67.067131 	21.400934 	35.805027 	66.708321 	39.623226 	22.472204 	87.321243 	69.404610 	9.055386 	53.758720 	65.436989 	72.201111 	21.540659 	40.459858 	47.801674 	15.132746 	37.735924 	83.234612 	31.400637 	44.598206 	30.463093 	17.029387 	60.464867 	13.892444 	47.423622 	26.400757 	45.276924 	62.801273 	70.724815 	34.785053 	27.513634 	32.015621 	51.312767 	46.754681 	18.788294 	55.901699 	44.821869 	49.244289 	62.801273 	33.376640 	64.536812 	58.523499 	82.036575 	70.292244 	39.357338 	25.709921 	58.694122 	56.435802 	
41.182522 	23.769728 	42.720020 	12.649111 	76.157730 	67.067131 	999.000000 	87.726852 	34.058773 	4.472136 	104.709122 	89.157166 	145.041367 	130.602448 	75.286118 	117.660530 	127.640121 	133.405396 	88.600227 	32.140316 	25.709921 	61.522354 	104.278473 	143.533966 	44.045429 	30.805843 	97.498718 	82.969872 	17.029387 	76.687675 	29.410883 	52.009613 	111.892807 	19.849434 	16.492422 	101.843018 	54.083271 	98.979797 	117.630775 	34.176014 	81.394104 	26.627054 	37.000000 	115.952576 	128.413391 	100.000000 	23.600847 	124.775803 	145.340973 	135.325531 	46.572525 	89.627007 	29.068884 	123.065025 	
46.818798 	63.976559 	45.177429 	75.153175 	11.661903 	21.400934 	87.726852 	999.000000 	57.201397 	87.658424 	18.439089 	2.236068 	68.154236 	49.244289 	16.124516 	32.802441 	44.944408 	51.971146 	5.830952 	61.846584 	69.202599 	33.837849 	16.552946 	63.134777 	52.345009 	65.946945 	11.045361 	14.000000 	81.841309 	20.615528 	68.767723 	46.400433 	24.166092 	84.202141 	92.086914 	16.124516 	46.872166 	14.866069 	30.016663 	67.882248 	21.000000 	77.233414 	65.795135 	28.231188 	41.400482 	17.888544 	85.912750 	37.215588 	60.959003 	48.918301 	59.405388 	20.615528 	79.931221 	35.341194 	
18.110771 	13.892444 	14.317822 	22.090721 	45.607018 	35.805027 	34.058773 	57.201397 	999.000000 	32.557640 	75.286118 	58.249462 	120.801491 	104.062485 	42.941822 	89.196411 	100.419121 	106.887794 	56.938564 	5.385165 	12.041595 	27.658634 	73.498299 	117.686020 	10.770329 	9.848858 	65.863495 	50.159744 	24.698177 	43.324360 	12.529964 	18.248287 	80.993828 	27.018513 	34.985710 	69.771057 	20.615528 	66.640831 	87.091904 	14.142136 	47.801674 	20.808653 	14.035668 	84.905830 	98.600204 	67.230942 	29.000000 	94.302704 	117.456375 	106.042442 	17.804493 	56.044624 	24.186773 	92.114059 	
41.617306 	23.853722 	42.485291 	12.806249 	76.026314 	66.708321 	4.472136 	87.658424 	32.557640 	999.000000 	104.957130 	89.000000 	146.372818 	131.502853 	74.672615 	118.152443 	128.405609 	134.316788 	88.238312 	30.016663 	23.086792 	60.207973 	104.201729 	144.589066 	42.047592 	28.160255 	97.169952 	82.219215 	13.038404 	75.690155 	26.476404 	50.089920 	111.803398 	15.556349 	12.165525 	101.390335 	52.009613 	98.432716 	117.647781 	31.048349 	80.280754 	22.825424 	33.955853 	115.831772 	128.631256 	99.297531 	19.209373 	124.823875 	146.013702 	135.679764 	43.737854 	88.526833 	25.000000 	122.983742 	
63.529522 	81.123360 	62.681736 	92.282173 	29.732138 	39.623226 	104.709122 	18.439089 	75.286118 	104.957130 	999.000000 	18.027756 	50.960770 	31.384710 	34.409302 	14.422205 	26.832815 	34.014702 	21.023796 	80.056229 	87.321243 	52.201534 	7.615773 	45.188496 	70.767227 	84.219948 	15.033297 	30.463093 	99.809822 	38.013157 	87.045967 	64.815125 	10.770329 	102.303467 	110.000000 	16.492422 	65.215027 	19.104973 	14.035668 	86.278618 	37.000000 	95.524864 	84.219948 	14.317822 	23.706539 	22.360680 	104.139328 	20.615528 	42.520584 	30.805843 	77.801025 	33.241539 	98.290382 	20.024984 	
48.383881 	65.391129 	46.518814 	76.557167 	13.000000 	22.472204 	89.157166 	2.236068 	58.249462 	89.000000 	18.027756 	999.000000 	68.352028 	49.193497 	16.401220 	32.449963 	44.777225 	51.884487 	4.123106 	62.801273 	70.213959 	34.205261 	15.264338 	63.063461 	53.037724 	66.843102 	9.000000 	13.152946 	82.927681 	20.248457 	69.656296 	46.861500 	22.825424 	85.211502 	93.193344 	14.035668 	47.201694 	12.649111 	28.844410 	68.622154 	20.099751 	78.102493 	66.468040 	26.832815 	40.459858 	15.652476 	86.833176 	36.055511 	60.440052 	48.104053 	59.816387 	18.973665 	80.721741 	34.000000 	
105.550934 	123.109711 	106.826965 	133.645050 	77.826729 	87.321243 	145.041367 	68.154236 	120.801491 	146.372818 	50.960770 	68.352028 	999.000000 	20.099751 	84.172440 	37.483330 	25.079872 	18.000000 	71.784401 	126.015869 	132.612213 	101.518471 	57.070133 	9.433981 	118.511604 	130.430054 	65.734314 	81.271149 	144.045135 	88.600227 	133.221619 	113.648582 	53.150730 	147.122391 	153.717270 	65.764732 	114.490173 	69.050705 	48.000000 	133.405396 	87.931793 	141.605087 	131.764938 	52.000000 	38.639359 	71.700768 	149.626205 	44.407207 	22.022715 	32.893768 	126.657021 	83.952370 	144.844742 	48.373547 	
90.027771 	107.814659 	90.509666 	118.697090 	59.640591 	69.404610 	130.602448 	49.244289 	104.062485 	131.502853 	31.384710 	49.193497 	20.099751 	999.000000 	65.368187 	17.464249 	5.000000 	2.828427 	52.392746 	109.123779 	116.043098 	83.006027 	37.107952 	13.892444 	100.801788 	113.454834 	45.880280 	61.846584 	127.988281 	69.354164 	116.275536 	95.414886 	33.060551 	130.831955 	137.931137 	45.705578 	96.041656 	49.030602 	28.071337 	116.038788 	68.352028 	124.739731 	114.201576 	32.062439 	20.124611 	51.623638 	133.056381 	25.298222 	16.278820 	17.029387 	108.452751 	64.031242 	127.781059 	29.120440 	
36.055511 	51.662365 	32.756680 	62.641838 	8.246211 	9.055386 	75.286118 	16.124516 	42.941822 	74.672615 	34.409302 	16.401220 	84.172440 	65.368187 	999.000000 	48.826221 	61.057350 	68.095520 	14.212670 	47.169907 	54.708317 	17.804493 	31.144823 	79.259071 	36.878178 	51.039200 	23.021729 	8.000000 	67.601776 	6.708204 	53.823788 	30.479502 	38.418747 	69.641945 	77.897369 	26.832815 	30.805843 	23.769728 	44.687805 	52.497620 	10.630146 	62.201286 	50.249378 	42.201897 	56.586216 	24.738634 	71.028160 	51.855568 	76.837494 	64.350601 	43.416588 	16.763054 	64.660652 	49.406479 	
76.550636 	94.302704 	76.216797 	105.394501 	43.863426 	53.758720 	117.660530 	32.802441 	89.196411 	118.152443 	14.422205 	32.449963 	37.483330 	17.464249 	48.826221 	999.000000 	12.649111 	19.924858 	35.355339 	94.069122 	101.237343 	66.610809 	19.646883 	31.016125 	85.041168 	98.290382 	28.460499 	44.721359 	113.569359 	52.354561 	101.118744 	79.202271 	16.124516 	116.180893 	123.693169 	28.284271 	79.630394 	31.575306 	12.529964 	100.498756 	51.078373 	109.603828 	98.493652 	16.155495 	13.038404 	34.234486 	118.139748 	13.892444 	28.284271 	18.027756 	92.200867 	46.572525 	112.449989 	16.278820 	
86.833176 	104.637466 	87.045967 	115.602768 	55.605755 	65.436989 	127.640121 	44.944408 	100.419121 	128.405609 	26.832815 	44.777225 	25.079872 	5.000000 	61.057350 	12.649111 	999.000000 	7.280110 	47.853943 	105.418213 	112.432205 	78.771820 	32.280025 	18.384777 	96.829750 	109.713264 	41.109608 	57.271286 	124.523087 	64.845970 	112.538879 	91.263351 	28.071337 	127.287079 	134.536240 	40.792156 	91.809586 	44.147480 	23.086792 	112.160599 	63.694584 	121.016525 	110.258789 	27.073973 	15.811388 	46.690472 	129.417923 	20.615528 	17.888544 	14.317822 	104.292854 	59.203041 	123.987900 	24.351591 	
92.849342 	110.634537 	93.338097 	121.511314 	62.425957 	72.201111 	133.405396 	51.971146 	106.887794 	134.316788 	34.014702 	51.884487 	18.000000 	2.828427 	68.095520 	19.924858 	7.280110 	999.000000 	55.036350 	111.946419 	118.869675 	85.755463 	39.560081 	11.180340 	103.600197 	116.275536 	48.383881 	64.474800 	130.816666 	72.013885 	119.096596 	98.183502 	35.227829 	133.660019 	140.758652 	48.052055 	98.792709 	51.419842 	30.000000 	118.848640 	70.936592 	127.561752 	117.004272 	34.000000 	21.189621 	53.935146 	135.882309 	26.683329 	14.035668 	17.029387 	111.220505 	66.483078 	130.598618 	30.594116 	
48.270073 	64.845970 	45.880280 	75.960518 	13.038404 	21.540659 	88.600227 	5.830952 	56.938564 	88.238312 	21.023796 	4.123106 	71.784401 	52.392746 	14.212670 	35.355339 	47.853943 	55.036350 	999.000000 	61.294373 	68.796799 	31.827662 	16.970562 	66.211784 	51.088158 	65.215027 	8.944272 	9.486833 	81.633324 	17.000000 	68.007355 	44.553337 	24.207438 	83.761566 	91.923882 	13.341664 	44.687805 	11.000000 	30.479502 	66.708321 	16.278820 	76.400261 	64.443771 	28.017851 	42.426407 	13.341664 	85.211502 	37.643059 	63.007935 	50.249378 	57.384666 	14.866069 	78.873314 	35.227829 	
23.345236 	15.620500 	19.697716 	21.189621 	50.328918 	40.459858 	32.140316 	61.846584 	5.385165 	30.016663 	80.056229 	62.801273 	126.015869 	109.123779 	47.169907 	94.069122 	105.418213 	111.946419 	61.294373 	999.000000 	7.615773 	31.016125 	78.006409 	122.788437 	12.041595 	4.472136 	70.178345 	54.120235 	20.615528 	47.010635 	7.211102 	20.099751 	85.445892 	22.472204 	30.870699 	73.925636 	22.000000 	70.710678 	91.607857 	9.000000 	51.264023 	15.620500 	9.486833 	89.308456 	103.232750 	71.112587 	24.083189 	98.812958 	122.347862 	110.751976 	15.811388 	59.464275 	18.867962 	96.519424 	
28.231188 	15.297058 	25.806976 	16.401220 	57.628117 	47.801674 	25.709921 	69.202599 	12.041595 	23.086792 	87.321243 	70.213959 	132.612213 	116.043098 	54.708317 	101.237343 	112.432205 	118.869675 	68.796799 	7.615773 	999.000000 	38.626415 	85.445892 	129.634094 	19.416489 	5.099020 	77.698135 	61.717098 	13.000000 	54.625999 	4.242640 	27.459061 	92.913940 	15.000000 	23.259407 	81.492332 	29.154760 	78.294319 	99.045441 	9.219544 	58.872746 	9.486833 	11.661903 	96.798759 	110.602890 	78.721024 	17.029387 	106.254410 	129.495178 	118.067780 	20.880613 	67.067131 	13.341664 	104.009613 	
27.730848 	39.012817 	22.135944 	49.162994 	23.769728 	15.132746 	61.522354 	33.837849 	27.658634 	60.207973 	52.201534 	34.205261 	101.518471 	83.006027 	17.804493 	66.610809 	78.771820 	85.755463 	31.827662 	31.016125 	38.626415 	999.000000 	48.795490 	96.896851 	19.723083 	34.438351 	40.360870 	23.600847 	51.623638 	16.124516 	37.121422 	12.727922 	55.901699 	53.225933 	61.846584 	43.600460 	13.038404 	40.224369 	62.241467 	35.227829 	20.248457 	45.276924 	32.802441 	59.548298 	74.249580 	40.311287 	54.203320 	69.354164 	94.641426 	82.073135 	25.612497 	28.460499 	47.434166 	66.708321 	
63.324562 	80.529495 	61.717098 	91.706055 	28.178005 	37.735924 	104.278473 	16.552946 	73.498299 	104.201729 	7.615773 	15.264338 	57.070133 	37.107952 	31.144823 	19.646883 	32.280025 	39.560081 	16.970562 	78.006409 	85.445892 	48.795490 	999.000000 	50.596443 	68.014702 	82.006096 	8.944272 	25.806976 	98.183502 	33.600594 	84.811554 	61.522354 	7.615773 	100.439034 	108.452751 	9.055386 	61.619801 	12.041595 	13.601471 	83.630135 	31.764761 	93.236259 	81.394104 	11.704700 	25.455845 	15.033297 	102.004898 	20.808653 	46.324940 	33.301651 	74.330345 	26.925823 	95.775780 	18.788294 	
103.276329 	121.016525 	104.004807 	131.795303 	73.498299 	83.234612 	143.533966 	63.134777 	117.686020 	144.589066 	45.188496 	63.063461 	9.433981 	13.892444 	79.259071 	31.016125 	18.384777 	11.180340 	66.211784 	122.788437 	129.634094 	96.896851 	50.596443 	999.000000 	114.621117 	127.141655 	59.464275 	75.643906 	141.449631 	83.192551 	129.957687 	109.293182 	45.891174 	144.360657 	151.320847 	58.940647 	109.931801 	62.361847 	40.311287 	129.807556 	82.079231 	138.408813 	128.003906 	44.283180 	30.066593 	64.761101 	146.659470 	36.013885 	12.727922 	23.769728 	122.331520 	77.491936 	141.495590 	40.012497 	
23.409399 	24.596748 	17.464249 	32.557640 	41.231056 	31.400637 	44.045429 	52.345009 	10.770329 	42.047592 	70.767227 	53.037724 	118.511604 	100.801788 	36.878178 	85.041168 	96.829750 	103.600197 	51.088158 	12.041595 	19.416489 	19.723083 	68.014702 	114.621117 	999.000000 	14.866069 	59.816387 	43.266617 	32.280025 	35.846897 	17.464249 	8.062258 	75.286118 	33.615471 	42.379242 	63.245552 	10.049875 	59.908264 	81.565926 	15.620500 	39.812057 	25.553865 	13.453624 	79.025314 	93.434471 	60.033325 	34.481880 	88.729927 	113.278419 	101.138519 	10.049875 	47.927029 	27.802877 	86.214851 	
27.658634 	17.888544 	24.166092 	21.095022 	54.488529 	44.598206 	30.805843 	65.946945 	9.848858 	28.160255 	84.219948 	66.843102 	130.430054 	113.454834 	51.039200 	98.290382 	109.713264 	116.275536 	65.215027 	4.472136 	5.099020 	34.438351 	82.006096 	127.141655 	14.866069 	999.000000 	74.060783 	57.801384 	17.464249 	50.537113 	2.828427 	22.803509 	89.403580 	18.788294 	27.513634 	77.698135 	24.331051 	74.431175 	95.603348 	5.385165 	54.625999 	11.313708 	7.071068 	93.230896 	107.298645 	74.706093 	20.000000 	102.800781 	126.574089 	114.865135 	15.811388 	62.769421 	14.422205 	100.439034 	
57.008770 	73.736015 	54.781384 	84.864601 	21.587032 	30.463093 	97.498718 	11.045361 	65.863495 	97.169952 	15.033297 	9.000000 	65.734314 	45.880280 	23.021729 	28.460499 	41.109608 	48.383881 	8.944272 	70.178345 	77.698135 	40.360870 	8.944272 	59.464275 	59.816387 	74.060783 	999.000000 	17.029387 	90.553848 	24.839485 	76.843994 	53.075417 	15.556349 	92.649879 	100.846420 	5.099020 	53.037724 	5.000000 	21.931713 	75.432091 	22.825424 	85.211502 	73.109505 	19.209373 	34.058773 	8.602325 	94.047859 	29.000000 	55.226807 	42.011902 	65.764732 	18.248287 	87.618492 	26.400757 	
44.045429 	59.439045 	40.607880 	70.342018 	12.806249 	17.029387 	82.969872 	14.000000 	50.159744 	82.219215 	30.463093 	13.152946 	81.271149 	61.846584 	8.000000 	44.721359 	57.271286 	64.474800 	9.486833 	54.120235 	61.717098 	23.600847 	25.806976 	75.643906 	43.266617 	57.801384 	17.029387 	999.000000 	74.686012 	7.810250 	60.539242 	36.235340 	32.557640 	76.537575 	84.970581 	20.000000 	36.069378 	16.643316 	38.948685 	58.821766 	7.000000 	68.796799 	56.400356 	36.069378 	51.088158 	17.088007 	77.698135 	45.967381 	72.111023 	59.033890 	48.795490 	9.433981 	71.028160 	43.185646 	
38.600517 	21.931713 	37.483330 	15.033297 	70.213959 	60.464867 	17.029387 	81.841309 	24.698177 	13.038404 	99.809822 	82.927681 	144.045135 	127.988281 	67.601776 	113.569359 	124.523087 	130.816666 	81.633324 	20.615528 	13.000000 	51.623638 	98.183502 	141.449631 	32.280025 	17.464249 	90.553848 	74.686012 	999.000000 	67.623962 	15.132746 	40.261642 	105.688217 	4.000000 	10.295630 	94.413979 	41.773197 	91.241440 	111.772087 	19.026299 	71.867935 	9.848858 	22.022715 	109.603828 	123.223373 	91.706055 	8.062258 	118.983192 	141.767410 	130.602448 	32.015621 	80.056229 	12.041595 	116.811813 	
39.204590 	53.460266 	35.014282 	64.132675 	14.866069 	13.892444 	76.687675 	20.615528 	43.324360 	75.690155 	38.013157 	20.248457 	88.600227 	69.354164 	6.708204 	52.354561 	64.845970 	72.013885 	17.000000 	47.010635 	54.625999 	16.124516 	33.600594 	83.192551 	35.846897 	50.537113 	24.839485 	7.810250 	67.623962 	999.000000 	53.235325 	28.600698 	40.360870 	69.318108 	77.878113 	27.658634 	28.319605 	24.207438 	46.754681 	51.312767 	5.099020 	61.400326 	48.826221 	43.840622 	58.898216 	24.186773 	70.327805 	53.758720 	79.881165 	66.843102 	41.036568 	13.038404 	63.513779 	50.931328 	
30.083218 	18.973665 	26.832815 	20.615528 	57.314919 	47.423622 	29.410883 	68.767723 	12.529964 	26.476404 	87.045967 	69.656296 	133.221619 	116.275536 	53.823788 	101.118744 	112.538879 	119.096596 	68.007355 	7.211102 	4.242640 	37.121422 	84.811554 	129.957687 	17.464249 	2.828427 	76.843994 	60.539242 	15.132746 	53.235325 	999.000000 	25.298222 	92.200867 	16.155495 	25.000000 	80.454956 	26.683329 	77.175125 	98.407318 	5.000000 	57.271286 	8.485281 	7.615773 	96.020828 	110.113579 	77.414467 	17.204651 	105.603027 	129.402466 	117.686020 	17.262676 	65.391129 	11.661903 	103.227905 	
26.400757 	31.622776 	20.000000 	40.311287 	35.846897 	26.400757 	52.009613 	46.400433 	18.248287 	50.089920 	64.815125 	46.861500 	113.648582 	95.414886 	30.479502 	79.202271 	91.263351 	98.183502 	44.553337 	20.099751 	27.459061 	12.727922 	61.522354 	109.293182 	8.062258 	22.803509 	53.075417 	36.235340 	40.261642 	28.600698 	25.298222 	999.000000 	68.622154 	41.436699 	50.289165 	56.222771 	2.828427 	52.801514 	74.966660 	22.825424 	32.249031 	33.105892 	20.248457 	72.249565 	86.977005 	52.697250 	42.047592 	82.073135 	107.298645 	94.794518 	13.038404 	40.249222 	34.985710 	79.397736 	
70.936592 	88.141930 	69.318108 	99.317673 	35.777088 	45.276924 	111.892807 	24.166092 	80.993828 	111.803398 	10.770329 	22.825424 	53.150730 	33.060551 	38.418747 	16.124516 	28.071337 	35.227829 	24.207438 	85.445892 	92.913940 	55.901699 	7.615773 	45.891174 	75.286118 	89.403580 	15.556349 	32.557640 	105.688217 	40.360870 	92.200867 	68.622154 	999.000000 	107.898102 	115.965515 	13.416408 	68.593002 	17.000000 	6.403124 	90.906548 	38.013157 	100.603180 	88.617157 	4.123106 	18.601076 	18.973665 	109.402924 	13.453624 	40.249222 	26.627054 	81.320351 	32.202484 	103.077644 	11.180340 	
41.880783 	25.632011 	40.360870 	19.026299 	72.622307 	62.801273 	19.849434 	84.202141 	27.018513 	15.556349 	102.303467 	85.211502 	147.122391 	130.831955 	69.641945 	116.180893 	127.287079 	133.660019 	83.761566 	22.472204 	15.000000 	53.225933 	100.439034 	144.360657 	33.615471 	18.788294 	92.649879 	76.537575 	4.000000 	69.318108 	16.155495 	41.436699 	107.898102 	999.000000 	9.055386 	96.384644 	42.720020 	93.150414 	114.039467 	19.235384 	73.409805 	9.000000 	22.203604 	111.772087 	125.602547 	93.477272 	4.123106 	121.247681 	144.422989 	133.060135 	32.140316 	81.541397 	9.848858 	118.983192 	
48.166378 	30.805843 	47.507893 	21.540659 	80.448738 	70.724815 	16.492422 	92.086914 	34.985710 	12.165525 	110.000000 	93.193344 	153.717270 	137.931137 	77.897369 	123.693169 	134.536240 	140.758652 	91.923882 	30.870699 	23.259407 	61.846584 	108.452751 	151.320847 	42.379242 	27.513634 	100.846420 	84.970581 	10.295630 	77.878113 	25.000000 	50.289165 	115.965515 	9.055386 	999.000000 	104.709122 	51.662365 	101.533249 	122.036880 	28.284271 	82.079231 	18.027756 	31.257000 	119.887444 	133.454117 	101.980392 	10.440307 	129.247818 	151.855194 	140.801285 	41.194660 	90.249657 	18.248287 	127.094452 	
61.611687 	78.108902 	59.135437 	89.196411 	26.305893 	34.785053 	101.843018 	16.124516 	69.771057 	101.390335 	16.492422 	14.035668 	65.764732 	45.705578 	26.832815 	28.284271 	40.792156 	48.052055 	13.341664 	73.925636 	81.492332 	43.600460 	9.055386 	58.940647 	63.245552 	77.698135 	5.099020 	20.000000 	94.413979 	27.658634 	80.454956 	56.222771 	13.416408 	96.384644 	104.709122 	999.000000 	55.973209 	3.605551 	19.723083 	78.816238 	24.839485 	88.752464 	76.400261 	16.401220 	31.906113 	6.000000 	97.637085 	26.400757 	53.665630 	39.962482 	68.680420 	18.788294 	91.021973 	23.345236 	
29.206163 	34.176014 	22.803509 	42.579338 	36.674240 	27.513634 	54.083271 	46.872166 	20.615528 	52.009613 	65.215027 	47.201694 	114.490173 	96.041656 	30.805843 	79.630394 	91.809586 	98.792709 	44.687805 	22.000000 	29.154760 	13.038404 	61.619801 	109.931801 	10.049875 	24.331051 	53.037724 	36.069378 	41.773197 	28.319605 	26.683329 	2.828427 	68.593002 	42.720020 	51.662365 	55.973209 	999.000000 	52.497620 	74.966660 	23.769728 	31.622776 	34.176014 	21.023796 	72.138756 	87.045967 	52.201534 	43.081318 	82.024384 	107.615051 	94.921021 	12.727922 	39.446167 	35.777088 	79.246452 	
59.033890 	75.286118 	56.320511 	86.330757 	24.020824 	32.015621 	98.979797 	14.866069 	66.640831 	98.432716 	19.104973 	12.649111 	69.050705 	49.030602 	23.769728 	31.575306 	44.147480 	51.419842 	11.000000 	70.710678 	78.294319 	40.224369 	12.041595 	62.361847 	59.908264 	74.431175 	5.000000 	16.643316 	91.241440 	24.207438 	77.175125 	52.801514 	17.000000 	93.150414 	101.533249 	3.605551 	52.497620 	999.000000 	23.323807 	75.451973 	21.260292 	85.440041 	73.006851 	20.000000 	35.510563 	3.605551 	94.339813 	30.000000 	57.245087 	43.566040 	65.192024 	15.231546 	87.658424 	26.907248 	
76.557167 	93.914856 	75.179787 	105.095192 	41.677334 	51.312767 	117.630775 	30.016663 	87.091904 	117.647781 	14.035668 	28.844410 	48.000000 	28.071337 	44.687805 	12.529964 	23.086792 	30.000000 	30.479502 	91.607857 	99.045441 	62.241467 	13.601471 	40.311287 	81.565926 	95.603348 	21.931713 	38.948685 	111.772087 	46.754681 	98.407318 	74.966660 	6.403124 	114.039467 	122.036880 	19.723083 	74.966660 	23.323807 	999.000000 	97.185387 	44.407207 	106.826965 	94.921021 	4.000000 	12.206555 	25.079872 	115.602768 	7.211102 	34.014702 	20.248457 	87.692642 	38.470768 	109.343498 	6.000000 	
32.249031 	23.259407 	28.160255 	25.612497 	56.639210 	46.754681 	34.176014 	67.882248 	14.142136 	31.048349 	86.278618 	68.622154 	133.405396 	116.038788 	52.497620 	100.498756 	112.160599 	118.848640 	66.708321 	9.000000 	9.219544 	35.227829 	83.630135 	129.807556 	15.620500 	5.385165 	75.432091 	58.821766 	19.026299 	51.312767 	5.000000 	22.825424 	90.906548 	19.235384 	28.284271 	78.816238 	23.769728 	75.451973 	97.185387 	999.000000 	55.072678 	10.440307 	3.000000 	94.641426 	109.041275 	75.471848 	19.313208 	104.350372 	128.763351 	116.726173 	13.000000 	63.063461 	12.206555 	101.828285 	
44.283180 	58.309521 	40.000000 	68.883957 	18.027756 	18.788294 	81.394104 	21.000000 	47.801674 	80.280754 	37.000000 	20.099751 	87.931793 	68.352028 	10.630146 	51.078373 	63.694584 	70.936592 	16.278820 	51.264023 	58.872746 	20.248457 	31.764761 	82.079231 	39.812057 	54.625999 	22.825424 	7.000000 	71.867935 	5.099020 	57.271286 	32.249031 	38.013157 	73.409805 	82.079231 	24.839485 	31.622776 	21.260292 	44.407207 	55.072678 	999.000000 	65.299309 	52.478565 	41.231056 	56.612720 	20.615528 	74.242844 	51.224995 	78.032043 	64.637451 	44.204071 	8.246211 	67.230942 	48.166378 	
37.696156 	24.000000 	34.985710 	21.470911 	65.795135 	55.901699 	26.627054 	77.233414 	20.808653 	22.825424 	95.524864 	78.102493 	141.605087 	124.739731 	62.201286 	109.603828 	121.016525 	127.561752 	76.400261 	15.620500 	9.486833 	45.276924 	93.236259 	138.408813 	25.553865 	11.313708 	85.211502 	68.796799 	9.848858 	61.400326 	8.485281 	33.105892 	100.603180 	9.000000 	18.027756 	88.752464 	34.176014 	85.440041 	106.826965 	10.440307 	65.299309 	999.000000 	13.341664 	104.403069 	118.562218 	85.586212 	8.944272 	114.017540 	137.887634 	126.150703 	23.194826 	73.348480 	4.000000 	111.606453 	
32.015621 	24.698177 	27.459061 	28.017851 	54.671749 	44.821869 	37.000000 	65.795135 	14.035668 	33.955853 	84.219948 	66.468040 	131.764938 	114.201576 	50.249378 	98.493652 	110.258789 	117.004272 	64.443771 	9.486833 	11.661903 	32.802441 	81.394104 	128.003906 	13.453624 	7.071068 	73.109505 	56.400356 	22.022715 	48.826221 	7.615773 	20.248457 	88.617157 	22.203604 	31.257000 	76.400261 	21.023796 	73.006851 	94.921021 	3.000000 	52.478565 	13.341664 	999.000000 	92.314682 	106.831642 	72.945183 	22.135944 	102.068604 	126.732002 	114.560028 	10.000000 	60.415230 	14.764823 	99.488693 	
75.026665 	92.195442 	73.348480 	103.368271 	39.812057 	49.244289 	115.952576 	28.231188 	84.905830 	115.831772 	14.317822 	26.832815 	52.000000 	32.062439 	42.201897 	16.155495 	27.073973 	34.000000 	28.017851 	89.308456 	96.798759 	59.548298 	11.704700 	44.283180 	79.025314 	93.230896 	19.209373 	36.069378 	109.603828 	43.840622 	96.020828 	72.249565 	4.123106 	111.772087 	119.887444 	16.401220 	72.138756 	20.000000 	4.000000 	94.641426 	41.231056 	104.403069 	92.314682 	999.000000 	15.652476 	21.470911 	113.225441 	10.000000 	37.696156 	23.706539 	84.864601 	34.985710 	106.826965 	7.211102 	
87.235313 	104.809349 	86.284416 	115.974136 	53.009434 	62.801273 	128.413391 	41.400482 	98.600204 	128.631256 	23.706539 	40.459858 	38.639359 	20.124611 	56.586216 	13.038404 	15.811388 	21.189621 	42.426407 	103.232750 	110.602890 	74.249580 	25.455845 	30.066593 	93.434471 	107.298645 	34.058773 	51.088158 	123.223373 	58.898216 	110.113579 	86.977005 	18.601076 	125.602547 	133.454117 	31.906113 	87.045967 	35.510563 	12.206555 	109.041275 	56.612720 	118.562218 	106.831642 	15.652476 	999.000000 	37.121422 	127.283150 	6.082763 	22.135944 	8.062258 	99.764725 	50.606323 	121.165176 	10.049875 	
60.530983 	76.400261 	57.489128 	87.361320 	26.076809 	33.376640 	100.000000 	17.888544 	67.230942 	99.297531 	22.360680 	15.652476 	71.700768 	51.623638 	24.738634 	34.234486 	46.690472 	53.935146 	13.341664 	71.112587 	78.721024 	40.311287 	15.033297 	64.761101 	60.033325 	74.706093 	8.602325 	17.088007 	91.706055 	24.186773 	77.414467 	52.697250 	18.973665 	93.477272 	101.980392 	6.000000 	52.201534 	3.605551 	25.079872 	75.471848 	20.615528 	85.586212 	72.945183 	21.470911 	37.121422 	999.000000 	94.514549 	31.384710 	59.093147 	45.177429 	64.815125 	13.601471 	87.664131 	28.017851 	
44.777225 	29.120440 	42.801868 	23.086792 	74.411018 	64.536812 	23.600847 	85.912750 	29.000000 	19.209373 	104.139328 	86.833176 	149.626205 	133.056381 	71.028160 	118.139748 	129.417923 	135.882309 	85.211502 	24.083189 	17.029387 	54.203320 	102.004898 	146.659470 	34.481880 	20.000000 	94.047859 	77.698135 	8.062258 	70.327805 	17.204651 	42.047592 	109.402924 	4.123106 	10.440307 	97.637085 	43.081318 	94.339813 	115.602768 	19.313208 	74.242844 	8.944272 	22.135944 	113.225441 	127.283150 	94.514549 	999.000000 	122.800652 	146.413803 	134.825821 	31.780497 	82.292160 	8.000000 	120.432556 	
83.671982 	101.074226 	82.365044 	112.254173 	48.877399 	58.523499 	124.775803 	37.215588 	94.302704 	124.823875 	20.615528 	36.055511 	44.407207 	25.298222 	51.855568 	13.892444 	20.615528 	26.683329 	37.643059 	98.812958 	106.254410 	69.354164 	20.808653 	36.013885 	88.729927 	102.800781 	29.000000 	45.967381 	118.983192 	53.758720 	105.603027 	82.073135 	13.453624 	121.247681 	129.247818 	26.400757 	82.024384 	30.000000 	7.211102 	104.350372 	51.224995 	114.017540 	102.068604 	10.000000 	6.082763 	31.384710 	122.800652 	999.000000 	28.160255 	13.928389 	94.752312 	44.944408 	116.516090 	4.000000 	
104.403069 	122.200653 	104.350372 	133.221619 	72.138756 	82.036575 	145.340973 	60.959003 	117.456375 	146.013702 	42.520584 	60.440052 	22.022715 	16.278820 	76.837494 	28.284271 	17.888544 	14.035668 	63.007935 	122.347862 	129.495178 	94.641426 	46.324940 	12.727922 	113.278419 	126.574089 	55.226807 	72.111023 	141.767410 	79.881165 	129.402466 	107.298645 	40.249222 	144.422989 	151.855194 	53.665630 	107.615051 	57.245087 	34.014702 	128.763351 	78.032043 	137.887634 	126.732002 	37.696156 	22.135944 	59.093147 	146.413803 	28.160255 	999.000000 	14.317822 	120.253899 	72.449982 	140.730240 	32.015621 	
94.154129 	111.830231 	93.477272 	122.967476 	60.440052 	70.292244 	135.325531 	48.918301 	106.042442 	135.679764 	30.805843 	48.104053 	32.893768 	17.029387 	64.350601 	18.027756 	14.317822 	17.029387 	50.249378 	110.751976 	118.067780 	82.073135 	33.301651 	23.769728 	101.138519 	114.865135 	42.011902 	59.033890 	130.602448 	66.843102 	117.686020 	94.794518 	26.627054 	133.060135 	140.801285 	39.962482 	94.921021 	43.566040 	20.248457 	116.726173 	64.637451 	126.150703 	114.560028 	23.706539 	8.062258 	45.177429 	134.825821 	13.928389 	14.317822 	999.000000 	107.628990 	58.668560 	128.817703 	17.720045 	
33.241539 	31.144823 	27.459061 	36.674240 	48.877399 	39.357338 	46.572525 	59.405388 	17.804493 	43.737854 	77.801025 	59.816387 	126.657021 	108.452751 	43.416588 	92.200867 	104.292854 	111.220505 	57.384666 	15.811388 	20.880613 	25.612497 	74.330345 	122.331520 	10.049875 	15.811388 	65.764732 	48.795490 	32.015621 	41.036568 	17.262676 	13.038404 	81.320351 	32.140316 	41.194660 	68.680420 	12.727922 	65.192024 	87.692642 	13.000000 	44.204071 	23.194826 	10.000000 	84.864601 	99.764725 	64.815125 	31.780497 	94.752312 	120.253899 	107.628990 	999.000000 	51.865211 	24.041630 	91.967384 	
52.086468 	66.483078 	48.041649 	77.103828 	22.203604 	25.709921 	89.627007 	20.615528 	56.044624 	88.526833 	33.241539 	18.973665 	83.952370 	64.031242 	16.763054 	46.572525 	59.203041 	66.483078 	14.866069 	59.464275 	67.067131 	28.460499 	26.925823 	77.491936 	47.927029 	62.769421 	18.248287 	9.433981 	80.056229 	13.038404 	65.391129 	40.249222 	32.202484 	81.541397 	90.249657 	18.788294 	39.446167 	15.231546 	38.470768 	63.063461 	8.246211 	73.348480 	60.415230 	34.985710 	50.606323 	13.601471 	82.292160 	44.944408 	72.449982 	58.668560 	51.865211 	999.000000 	75.179787 	41.617306 	
41.436699 	28.000000 	38.470768 	25.079872 	68.593002 	58.694122 	29.068884 	79.931221 	24.186773 	25.000000 	98.290382 	80.721741 	144.844742 	127.781059 	64.660652 	112.449989 	123.987900 	130.598618 	78.873314 	18.867962 	13.341664 	47.434166 	95.775780 	141.495590 	27.802877 	14.422205 	87.618492 	71.028160 	12.041595 	63.513779 	11.661903 	34.985710 	103.077644 	9.848858 	18.248287 	91.021973 	35.777088 	87.658424 	109.343498 	12.206555 	67.230942 	4.000000 	14.764823 	106.826965 	121.165176 	87.664131 	8.000000 	116.516090 	140.730240 	128.817703 	24.041630 	75.179787 	999.000000 	114.017540 	
82.079231 	99.317673 	80.498444 	110.494347 	46.957428 	56.435802 	123.065025 	35.341194 	92.114059 	122.983742 	20.024984 	34.000000 	48.373547 	29.120440 	49.406479 	16.278820 	24.351591 	30.594116 	35.227829 	96.519424 	104.009613 	66.708321 	18.788294 	40.012497 	86.214851 	100.439034 	26.400757 	43.185646 	116.811813 	50.931328 	103.227905 	79.397736 	11.180340 	118.983192 	127.094452 	23.345236 	79.246452 	26.907248 	6.000000 	101.828285 	48.166378 	111.606453 	99.488693 	7.211102 	10.049875 	28.017851 	120.432556 	4.000000 	32.015621 	17.720045 	91.967384 	41.617306 	114.017540 	999.000000 	

Travel time:
9.000000 	0.445112 	0.160078 	0.721110 	0.886002 	0.679154 	1.029563 	1.170470 	0.452769 	1.040433 	1.588238 	1.209597 	2.638773 	2.250694 	0.901388 	1.913766 	2.170829 	2.321234 	1.206752 	0.583631 	0.705780 	0.693271 	1.583114 	2.581908 	0.585235 	0.691466 	1.425219 	1.101136 	0.965013 	0.980115 	0.752080 	0.660019 	1.773415 	1.047020 	1.204159 	1.540292 	0.730154 	1.475847 	1.913929 	0.806226 	1.107080 	0.942404 	0.800391 	1.875667 	2.180883 	1.513275 	1.119431 	2.091799 	2.610077 	2.353853 	0.831038 	1.302162 	1.035918 	2.051981 	
0.445112 	9.000000 	0.474342 	0.279509 	1.309819 	1.083109 	0.594243 	1.599414 	0.347311 	0.596343 	2.028084 	1.634778 	3.077743 	2.695366 	1.291559 	2.357568 	2.615937 	2.765863 	1.621149 	0.390512 	0.382426 	0.975320 	2.013237 	3.025413 	0.614919 	0.447214 	1.843400 	1.485976 	0.548293 	1.336507 	0.474342 	0.790569 	2.203548 	0.640800 	0.770146 	1.952723 	0.854400 	1.882153 	2.347871 	0.581485 	1.457738 	0.600000 	0.617454 	2.304886 	2.620234 	1.910007 	0.728011 	2.526856 	3.055016 	2.795756 	0.778621 	1.662077 	0.700000 	2.482942 	
0.160078 	0.474342 	9.000000 	0.752080 	0.838525 	0.608790 	1.068001 	1.129436 	0.357946 	1.062132 	1.567043 	1.162970 	2.670674 	2.262742 	0.818917 	1.905420 	2.176149 	2.333452 	1.147007 	0.492443 	0.645174 	0.553399 	1.542928 	2.600120 	0.436606 	0.604152 	1.369535 	1.015197 	0.937083 	0.875357 	0.670820 	0.500000 	1.732953 	1.009022 	1.187697 	1.478386 	0.570088 	1.408013 	1.879495 	0.704006 	1.000000 	0.874643 	0.686477 	1.833712 	2.157110 	1.437228 	1.070047 	2.059126 	2.608759 	2.336932 	0.686477 	1.201041 	0.961769 	2.012461 	
0.721110 	0.279509 	0.752080 	9.000000 	1.589025 	1.360606 	0.316228 	1.878829 	0.552268 	0.320156 	2.307054 	1.913929 	3.341126 	2.967427 	1.566046 	2.634862 	2.890069 	3.037783 	1.899013 	0.529741 	0.410031 	1.229075 	2.292651 	3.294883 	0.813941 	0.527376 	2.121615 	1.758550 	0.375832 	1.603317 	0.515388 	1.007782 	2.482942 	0.475657 	0.538516 	2.229910 	1.064483 	2.158269 	2.627380 	0.640312 	1.722099 	0.536773 	0.700446 	2.584207 	2.899354 	2.184033 	0.577170 	2.806354 	3.330540 	3.074187 	0.916856 	1.927596 	0.626997 	2.762359 	
0.886002 	1.309819 	0.838525 	1.589025 	9.000000 	0.247487 	1.903943 	0.291548 	1.140175 	1.900658 	0.743303 	0.325000 	1.945668 	1.491015 	0.206155 	1.096586 	1.390144 	1.560649 	0.325960 	1.258223 	1.440703 	0.594243 	0.704450 	1.837457 	1.030776 	1.362213 	0.539676 	0.320156 	1.755349 	0.371652 	1.432873 	0.896172 	0.894427 	1.815558 	2.011219 	0.657647 	0.916856 	0.600521 	1.041933 	1.415980 	0.450694 	1.644878 	1.366794 	0.995301 	1.325236 	0.651920 	1.860276 	1.221935 	1.803469 	1.511001 	1.221935 	0.555090 	1.714825 	1.173936 	
0.679154 	1.083109 	0.608790 	1.360606 	0.247487 	9.000000 	1.676678 	0.535023 	0.895126 	1.667708 	0.990581 	0.561805 	2.183031 	1.735115 	0.226385 	1.343968 	1.635925 	1.805028 	0.538516 	1.011496 	1.195042 	0.378319 	0.943398 	2.080865 	0.785016 	1.114955 	0.761577 	0.425735 	1.511622 	0.347311 	1.185591 	0.660019 	1.131923 	1.570032 	1.768120 	0.869626 	0.687841 	0.800391 	1.282819 	1.168867 	0.469707 	1.397542 	1.120547 	1.231107 	1.570032 	0.834416 	1.613420 	1.463087 	2.050914 	1.757306 	0.983933 	0.642748 	1.467353 	1.410895 	
1.029563 	0.594243 	1.068001 	0.316228 	1.903943 	1.676678 	9.000000 	2.193171 	0.851469 	0.111803 	2.617728 	2.228929 	3.626034 	3.265061 	1.882153 	2.941513 	3.191003 	3.335135 	2.215006 	0.803508 	0.642748 	1.538059 	2.606962 	3.588349 	1.101136 	0.770146 	2.437468 	2.074247 	0.425735 	1.917192 	0.735272 	1.300240 	2.797320 	0.496236 	0.412311 	2.546075 	1.352082 	2.474495 	2.940769 	0.854400 	2.034853 	0.665676 	0.925000 	2.898814 	3.210335 	2.500000 	0.590021 	3.119395 	3.633524 	3.383138 	1.164313 	2.240675 	0.726722 	3.076626 	
1.170470 	1.599414 	1.129436 	1.878829 	0.291548 	0.535023 	2.193171 	9.000000 	1.430035 	2.191461 	0.460977 	0.055902 	1.703856 	1.231107 	0.403113 	0.820061 	1.123610 	1.299279 	0.145774 	1.546165 	1.730065 	0.845946 	0.413824 	1.578369 	1.308625 	1.648674 	0.276134 	0.350000 	2.046033 	0.515388 	1.719193 	1.160011 	0.604152 	2.105053 	2.302173 	0.403113 	1.171804 	0.371652 	0.750417 	1.697056 	0.525000 	1.930835 	1.644878 	0.705780 	1.035012 	0.447214 	2.147819 	0.930390 	1.523975 	1.222957 	1.485135 	0.515388 	1.998281 	0.883530 	
0.452769 	0.347311 	0.357946 	0.552268 	1.140175 	0.895126 	0.851469 	1.430035 	9.000000 	0.813941 	1.882153 	1.456237 	3.020037 	2.601562 	1.073546 	2.229910 	2.510478 	2.672195 	1.423464 	0.134629 	0.301040 	0.691466 	1.837457 	2.942151 	0.269258 	0.246221 	1.646587 	1.253994 	0.617454 	1.083109 	0.313249 	0.456207 	2.024846 	0.675463 	0.874643 	1.744276 	0.515388 	1.666021 	2.177298 	0.353553 	1.195042 	0.520216 	0.350892 	2.122646 	2.465005 	1.680773 	0.725000 	2.357568 	2.936409 	2.651061 	0.445112 	1.401116 	0.604669 	2.302851 	
1.040433 	0.596343 	1.062132 	0.320156 	1.900658 	1.667708 	0.111803 	2.191461 	0.813941 	9.000000 	2.623928 	2.225000 	3.659320 	3.287571 	1.866815 	2.953811 	3.210140 	3.357920 	2.205958 	0.750417 	0.577170 	1.505199 	2.605043 	3.614727 	1.051190 	0.704006 	2.429249 	2.055480 	0.325960 	1.892254 	0.661910 	1.252248 	2.795085 	0.388909 	0.304138 	2.534758 	1.300240 	2.460818 	2.941195 	0.776209 	2.007019 	0.570636 	0.848896 	2.895794 	3.215781 	2.482438 	0.480234 	3.120597 	3.650342 	3.391994 	1.093446 	2.213171 	0.625000 	3.074594 	
1.588238 	2.028084 	1.567043 	2.307054 	0.743303 	0.990581 	2.617728 	0.460977 	1.882153 	2.623928 	9.000000 	0.450694 	1.274019 	0.784618 	0.860233 	0.360555 	0.670820 	0.850368 	0.525595 	2.001406 	2.183031 	1.305038 	0.190394 	1.129712 	1.769181 	2.105499 	0.375832 	0.761577 	2.495245 	0.950329 	2.176149 	1.620378 	0.269258 	2.557587 	2.750000 	0.412311 	1.630376 	0.477624 	0.350892 	2.156965 	0.925000 	2.388122 	2.105499 	0.357946 	0.592663 	0.559017 	2.603483 	0.515388 	1.063015 	0.770146 	1.945026 	0.831038 	2.457260 	0.500625 	
1.209597 	1.634778 	1.162970 	1.913929 	0.325000 	0.561805 	2.228929 	0.055902 	1.456237 	2.225000 	0.450694 	9.000000 	1.708801 	1.229837 	0.410031 	0.811249 	1.119431 	1.297112 	0.103078 	1.570032 	1.755349 	0.855132 	0.381608 	1.576586 	1.325943 	1.671077 	0.225000 	0.328824 	2.073192 	0.506211 	1.741407 	1.171538 	0.570636 	2.130288 	2.329834 	0.350892 	1.180042 	0.316228 	0.721110 	1.715554 	0.502494 	1.952562 	1.661701 	0.670820 	1.011496 	0.391312 	2.170829 	0.901388 	1.511001 	1.202601 	1.495410 	0.474342 	2.018044 	0.850000 	
2.638773 	3.077743 	2.670674 	3.341126 	1.945668 	2.183031 	3.626034 	1.703856 	3.020037 	3.659320 	1.274019 	1.708801 	9.000000 	0.502494 	2.104311 	0.937083 	0.626997 	0.450000 	1.794610 	3.150397 	3.315305 	2.537962 	1.426753 	0.235850 	2.962790 	3.260751 	1.643358 	2.031779 	3.601128 	2.215006 	3.330540 	2.841215 	1.328768 	3.678060 	3.842932 	1.644118 	2.862254 	1.726268 	1.200000 	3.335135 	2.198295 	3.540127 	3.294123 	1.300000 	0.965984 	1.792519 	3.740655 	1.110180 	0.550568 	0.822344 	3.166425 	2.098809 	3.621119 	1.209339 	
