Total assets = 560
Number of asset nodes = 33

Distance:
999.000000 	38.013157 	20.615528 	24.839485 	20.808653 	28.600698 	62.625874 	56.797886 	8.062258 	56.586216 	41.400482 	61.554855 	42.638012 	12.041595 	7.280110 	13.341664 	25.806976 	42.154476 	31.304953 	10.630146 	44.821869 	54.083271 	62.225395 	68.680420 	49.819675 	50.803543 	12.083046 	40.816662 	13.000000 	49.819675 	41.012192 	18.248287 	43.046486 	50.447994 	39.357338 	37.576588 	35.000000 	72.138756 	91.836815 	91.021973 	46.647614 	63.245552 	39.924931 	25.495098 	32.557640 	51.971146 	53.851646 	87.965904 	49.193497 	37.107952 	45.694637 	
38.013157 	999.000000 	58.309521 	62.433964 	58.668560 	11.000000 	98.412399 	18.788294 	34.205261 	93.236259 	8.062258 	98.081596 	10.049875 	35.355339 	40.000000 	25.238859 	62.008064 	5.099020 	69.318108 	43.174065 	11.045361 	17.029387 	99.020203 	104.995239 	87.367043 	14.764823 	39.458839 	78.771820 	39.319206 	14.866069 	13.000000 	31.016125 	81.006172 	15.811388 	77.369247 	75.584389 	17.029387 	108.706024 	126.621483 	125.896782 	84.599052 	26.172504 	77.878113 	30.083218 	69.892776 	89.944427 	91.787796 	123.842644 	87.206650 	74.672615 	83.671982 	
20.615528 	58.309521 	999.000000 	4.242640 	1.414214 	49.203659 	42.720020 	77.025970 	27.018513 	36.235340 	62.008064 	41.231056 	63.253460 	29.154760 	18.973665 	33.120991 	8.062258 	62.177166 	12.041595 	21.540659 	65.436989 	74.632431 	41.773197 	48.414875 	29.206163 	71.400284 	26.400757 	20.615528 	27.313000 	70.434364 	61.554855 	36.359318 	22.847319 	71.063354 	19.646883 	18.248287 	55.226807 	51.739735 	72.201111 	71.344238 	26.400757 	83.815269 	21.095022 	43.416588 	17.464249 	31.780497 	33.541019 	67.801178 	29.410883 	20.396078 	26.476404 	
24.839485 	62.433964 	4.242640 	999.000000 	4.472136 	53.413483 	38.587563 	81.123360 	31.240999 	32.015621 	66.219330 	37.013512 	67.475922 	33.286633 	22.847319 	37.215588 	6.403124 	66.241982 	9.219544 	25.495098 	69.656296 	78.816238 	37.536648 	44.204071 	25.000000 	75.604233 	30.413813 	16.763054 	31.304953 	74.652527 	65.795135 	40.496914 	18.973665 	75.286118 	16.124516 	15.000000 	59.464275 	47.507893 	68.095520 	67.230942 	22.472204 	88.005684 	18.027756 	47.507893 	16.401220 	27.856777 	29.546574 	63.600315 	25.709921 	18.384777 	23.086792 	
20.808653 	58.668560 	1.414214 	4.472136 	999.000000 	49.406479 	43.046486 	77.414467 	26.907248 	36.400551 	62.201286 	41.400482 	63.411354 	28.844410 	19.646883 	33.541019 	9.219544 	62.609905 	11.180340 	21.023796 	65.604881 	74.886581 	41.868843 	48.600410 	29.068884 	71.610054 	25.942244 	20.124611 	26.832815 	70.604530 	61.619801 	36.055511 	22.360680 	71.217972 	18.973665 	17.464249 	55.172459 	51.855568 	72.560318 	71.693794 	25.942244 	84.053551 	20.223749 	43.046486 	16.155495 	31.304953 	33.120991 	68.007355 	28.792360 	19.235384 	25.709921 	
28.600698 	11.000000 	49.203659 	53.413483 	49.406479 	999.000000 	90.553848 	29.120440 	23.769728 	84.899940 	12.806249 	89.827614 	14.142136 	24.515301 	31.890438 	17.204651 	53.740116 	16.031219 	59.682495 	32.572994 	16.278820 	25.553865 	90.609047 	96.876213 	78.409180 	22.203604 	28.635643 	69.339745 	28.442924 	21.260292 	13.416408 	20.024984 	71.561165 	21.931713 	67.742157 	65.863495 	11.180340 	100.448990 	119.331474 	118.562218 	75.166481 	34.669872 	68.000000 	19.697716 	59.615433 	80.454956 	82.377182 	116.000000 	77.524193 	64.474800 	73.824112 	
62.625874 	98.412399 	42.720020 	38.587563 	43.046486 	90.553848 	999.000000 	116.516090 	69.634758 	8.000000 	103.247276 	5.000000 	104.690018 	71.867935 	58.694122 	73.539108 	36.878178 	101.533249 	36.687874 	64.007812 	106.794197 	115.312622 	7.071068 	7.280110 	18.000000 	112.432205 	68.963760 	28.284271 	69.835518 	111.731819 	103.479469 	79.075912 	27.073973 	112.449989 	31.257000 	33.376640 	97.616600 	11.401754 	29.529646 	28.653097 	25.019993 	124.523087 	34.058773 	86.092972 	43.566040 	23.769728 	22.135944 	25.455845 	27.459061 	40.112343 	31.144823 	
56.797886 	18.788294 	77.025970 	81.123360 	77.414467 	29.120440 	116.516090 	999.000000 	52.810986 	111.606453 	18.000000 	116.400169 	18.110771 	53.600372 	58.523499 	43.908997 	80.448738 	15.000000 	88.102211 	61.684681 	16.278820 	7.810250 	117.413795 	123.227432 	106.000000 	11.180340 	57.723480 	97.529480 	57.489128 	13.416408 	22.360680 	48.507732 	99.764725 	13.892444 	96.150925 	94.371605 	30.149628 	127.003937 	144.277512 	143.586212 	103.353760 	11.045361 	96.664368 	46.000000 	88.600227 	108.706024 	110.535065 	141.873184 	105.990562 	93.407707 	102.459747 	
8.062258 	34.205261 	27.018513 	31.240999 	26.907248 	23.769728 	69.634758 	52.810986 	999.000000 	63.253460 	36.235340 	68.249542 	37.215588 	4.472136 	15.033297 	13.000000 	33.120991 	38.832977 	36.400551 	9.055386 	39.446167 	49.193497 	68.767723 	75.432091 	55.865910 	45.650848 	6.708204 	46.227695 	7.211102 	44.418465 	35.000000 	10.198039 	48.414875 	44.944408 	44.407207 	42.438190 	28.284271 	78.746429 	99.020203 	98.183502 	52.009613 	58.180752 	44.418465 	17.464249 	35.846897 	57.201397 	59.203041 	94.810333 	54.083271 	40.718548 	50.249378 	
56.586216 	93.236259 	36.235340 	32.015621 	36.400551 	84.899940 	8.000000 	111.606453 	63.253460 	999.000000 	97.672920 	5.000000 	99.035347 	65.215027 	53.263496 	68.117546 	31.240999 	96.607452 	29.154760 	57.140179 	101.178062 	109.986366 	5.830952 	12.206555 	10.000000 	106.962608 	62.128899 	20.396078 	62.968246 	106.150833 	97.590981 	72.422371 	19.104973 	106.831642 	23.345236 	25.495098 	91.438507 	15.556349 	36.769554 	35.846897 	17.029387 	119.205704 	26.076809 	79.322128 	35.693138 	16.155495 	14.764823 	31.622776 	19.646883 	32.140316 	23.194826 	
41.400482 	8.062258 	62.008064 	66.219330 	62.201286 	12.806249 	103.247276 	18.000000 	36.235340 	97.672920 	999.000000 	102.591423 	2.000000 	36.400551 	44.553337 	29.732138 	66.483078 	10.816654 	72.401657 	44.777225 	3.605551 	13.000000 	103.392456 	109.622078 	91.214035 	9.433981 	40.496914 	82.097504 	40.162170 	8.485281 	5.656854 	30.805843 	84.314888 	9.219544 	80.454956 	78.549347 	12.369317 	113.216606 	131.893890 	131.137329 	87.920418 	21.954498 	80.622574 	28.000000 	72.013885 	93.193344 	95.131485 	128.701202 	90.210861 	76.922035 	86.452301 	
61.554855 	98.081596 	41.231056 	37.013512 	41.400482 	89.827614 	5.000000 	116.400169 	68.249542 	5.000000 	102.591423 	999.000000 	103.966339 	70.213959 	58.137768 	73.000000 	36.124783 	101.400200 	34.014702 	62.128899 	106.103722 	114.865135 	2.236068 	7.211102 	14.317822 	111.865990 	67.119293 	25.000000 	67.955872 	111.072052 	102.552429 	77.420929 	23.537205 	111.758667 	27.892651 	30.083218 	96.426140 	10.630146 	31.953091 	31.016125 	21.095022 	124.084648 	30.413813 	84.314888 	40.261642 	19.235384 	17.464249 	26.627054 	23.086792 	36.496574 	27.000000 	
42.638012 	10.049875 	63.253460 	67.475922 	63.411354 	14.142136 	104.690018 	18.110771 	37.215588 	99.035347 	2.000000 	103.966339 	999.000000 	37.161808 	46.010868 	31.240999 	67.882248 	12.529964 	73.498299 	45.617977 	2.236068 	12.369317 	104.737770 	111.018013 	92.455391 	8.544003 	41.231056 	83.234612 	40.853397 	7.211102 	4.472136 	31.320919 	85.445892 	7.810250 	81.541397 	79.611557 	12.041595 	114.586212 	133.416641 	132.653687 	89.050545 	21.023796 	81.633324 	28.071337 	72.897186 	94.302704 	96.260063 	130.138382 	91.268837 	77.826729 	87.464279 	
12.041595 	35.355339 	29.154760 	33.286633 	28.844410 	24.515301 	71.867935 	53.600372 	4.472136 	65.215027 	36.400551 	70.213959 	37.161808 	999.000000 	19.235384 	16.643316 	35.846897 	40.199501 	37.483330 	8.602325 	39.395432 	49.396355 	70.604530 	77.420929 	57.384666 	45.694637 	4.123106 	47.381432 	4.000000 	44.283180 	34.481880 	7.211102 	49.517673 	44.721359 	45.343136 	43.278172 	27.202942 	80.603973 	101.355812 	100.498756 	53.075417 	58.180752 	45.000000 	14.317822 	35.846897 	58.137768 	60.207973 	96.834908 	54.817879 	40.816662 	50.803543 	
7.280110 	40.000000 	18.973665 	22.847319 	19.646883 	31.890438 	58.694122 	58.523499 	15.033297 	53.263496 	44.553337 	58.137768 	46.010868 	19.235384 	999.000000 	14.866069 	22.022715 	43.566040 	30.805843 	17.204651 	48.104053 	56.727417 	59.033890 	65.115280 	47.507893 	53.758720 	19.313208 	39.560081 	20.248457 	53.037724 	45.000000 	25.019993 	41.785164 	53.758720 	38.600517 	37.107952 	39.824615 	68.767723 	87.458565 	86.683334 	45.310043 	65.946945 	39.812057 	32.140316 	34.014702 	50.695168 	52.392746 	84.148682 	48.383881 	38.052597 	45.354160 	
13.341664 	25.238859 	33.120991 	37.215588 	33.541019 	17.204651 	73.539108 	43.908997 	13.000000 	68.117546 	29.732138 	73.000000 	31.240999 	16.643316 	14.866069 	999.000000 	36.878178 	29.068884 	44.384682 	21.377558 	33.301651 	41.868843 	73.878281 	79.981247 	62.128899 	38.897301 	19.697716 	53.665630 	20.124611 	38.209946 	30.528675 	18.027756 	55.901699 	38.948685 	52.392746 	50.695168 	26.248810 	83.630135 	102.176315 	101.414986 	59.481091 	51.088158 	53.141319 	23.409399 	45.891174 	64.845970 	66.648331 	98.994949 	62.241467 	50.447994 	58.872746 	
25.806976 	62.008064 	8.062258 	6.403124 	9.219544 	53.740116 	36.878178 	80.448738 	33.120991 	31.240999 	66.483078 	36.124783 	67.882248 	35.846897 	22.022715 	36.878178 	999.000000 	65.459915 	14.764823 	28.861740 	70.007141 	78.746429 	37.013512 	43.139309 	26.000000 	75.742989 	33.526108 	20.000000 	34.481880 	74.966660 	66.603302 	42.953465 	22.022715 	75.663727 	20.223749 	19.646883 	60.802959 	46.754681 	66.030296 	65.215027 	25.179358 	87.965904 	22.803509 	50.159744 	22.671568 	30.413813 	31.780497 	62.289646 	29.017237 	24.186773 	27.166155 	
42.154476 	5.099020 	62.177166 	66.241982 	62.609905 	16.031219 	101.533249 	15.000000 	38.832977 	96.607452 	10.816654 	101.400200 	12.529964 	40.199501 	43.566040 	29.068884 	65.459915 	999.000000 	73.409805 	47.853943 	12.649111 	15.231546 	102.415817 	108.231232 	91.065910 	14.142136 	44.283180 	82.734512 	44.181442 	15.000000 	16.401220 	36.055511 	84.970581 	16.000000 	81.437096 	79.705711 	21.633308 	112.004463 	129.402466 	128.701202 	88.549423 	23.853722 	82.079231 	35.171009 	74.330345 	93.914856 	95.713112 	126.905479 	91.285271 	79.056938 	87.846458 	
31.304953 	69.318108 	12.041595 	9.219544 	11.180340 	59.682495 	36.687874 	88.102211 	36.400551 	29.154760 	72.401657 	34.014702 	73.498299 	37.483330 	30.805843 	44.384682 	14.764823 	73.409805 	999.000000 	29.000000 	75.716576 	85.234970 	34.000000 	41.146080 	20.248457 	81.835197 	33.970577 	9.899495 	34.713108 	80.709358 	71.400284 	44.553337 	12.041595 	81.271149 	8.062258 	6.324555 	64.536812 	43.908997 	65.924202 	65.000000 	15.620500 	94.339813 	9.055386 	51.088158 	8.944272 	20.808653 	22.803509 	60.415230 	17.888544 	9.433981 	14.560220 	
10.630146 	43.174065 	21.540659 	25.495098 	21.023796 	32.572994 	64.007812 	61.684681 	9.055386 	57.140179 	44.777225 	62.128899 	45.617977 	8.602325 	17.204651 	21.377558 	28.861740 	47.853943 	29.000000 	999.000000 	47.853943 	57.775429 	62.425957 	69.339745 	49.040798 	54.129475 	5.000000 	38.897301 	5.830952 	52.773098 	43.046486 	15.556349 	41.012192 	53.235325 	36.796738 	34.713108 	35.805027 	72.422371 	93.536087 	92.660675 	44.553337 	66.640831 	36.400551 	22.203604 	27.294687 	49.578220 	51.662365 	88.752464 	46.227695 	32.249031 	42.201897 	
44.821869 	11.045361 	65.436989 	69.656296 	65.604881 	16.278820 	106.794197 	16.278820 	39.446167 	101.178062 	3.605551 	106.103722 	2.236068 	39.395432 	48.104053 	33.301651 	70.007141 	12.649111 	75.716576 	47.853943 	999.000000 	10.198039 	106.887794 	113.145920 	94.641426 	6.324555 	43.462627 	85.445892 	43.081318 	5.000000 	6.082763 	33.526108 	87.658424 	5.656854 	83.761566 	81.835197 	14.000000 	116.726173 	135.473251 	134.714508 	91.263351 	18.788294 	83.862984 	30.149628 	75.133217 	96.519424 	98.473343 	132.245987 	93.493317 	80.062477 	89.693924 	
54.083271 	17.029387 	74.632431 	78.816238 	74.886581 	25.553865 	115.312622 	7.810250 	49.193497 	109.986366 	13.000000 	114.865135 	12.369317 	49.396355 	56.727417 	41.868843 	78.746429 	15.231546 	85.234970 	57.775429 	10.198039 	999.000000 	115.745407 	121.827744 	103.812332 	4.000000 	53.488316 	94.873604 	53.141319 	6.082763 	16.031219 	43.680660 	97.097885 	6.324555 	93.295227 	91.416626 	24.083189 	125.495018 	143.627991 	142.898560 	100.702530 	9.219544 	93.536087 	40.311287 	85.000000 	106.000000 	107.912003 	140.758652 	103.077644 	89.899948 	99.362968 	
62.225395 	99.020203 	41.773197 	37.536648 	41.868843 	90.609047 	7.071068 	117.413795 	68.767723 	5.830952 	103.392456 	2.236068 	104.737770 	70.604530 	59.033890 	73.878281 	37.013512 	102.415817 	34.000000 	62.425957 	106.887794 	115.745407 	999.000000 	7.280110 	13.928389 	112.698715 	67.424034 	24.698177 	68.242218 	111.865990 	103.237587 	77.801025 	23.086792 	112.538879 	27.513634 	29.732138 	97.000000 	10.000000 	32.280025 	31.320919 	20.396078 	124.963997 	29.832869 	84.628601 	39.849716 	18.027756 	16.124516 	26.419689 	22.000000 	35.902645 	26.076809 	
68.680420 	104.995239 	48.414875 	44.204071 	48.600410 	96.876213 	7.280110 	123.227432 	75.432091 	12.206555 	109.622078 	7.211102 	111.018013 	77.420929 	65.115280 	79.981247 	43.139309 	108.231232 	41.146080 	69.339745 	113.145920 	121.827744 	7.280110 	999.000000 	21.189621 	118.869675 	74.330345 	31.953091 	75.166481 	118.105888 	109.658562 	84.628601 	30.364452 	118.802361 	34.785053 	37.000000 	103.585716 	4.123106 	25.000000 	24.041630 	27.658634 	131.045792 	37.107952 	91.525955 	47.127487 	25.019993 	23.000000 	19.416489 	29.068884 	43.174065 	33.241539 	
49.819675 	87.367043 	29.206163 	25.000000 	29.068884 	78.409180 	18.000000 	106.000000 	55.865910 	10.000000 	91.214035 	14.317822 	92.455391 	57.384666 	47.507893 	62.128899 	26.000000 	91.065910 	20.248457 	49.040798 	94.641426 	103.812332 	13.928389 	21.189621 	999.000000 	100.603180 	54.037025 	10.770329 	54.817879 	99.639351 	90.686272 	64.536812 	9.219544 	100.264648 	13.601471 	15.811388 	84.148682 	23.706539 	46.173584 	45.221676 	7.071068 	113.004425 	16.124516 	71.217972 	25.961510 	7.810250 	7.615773 	40.249222 	10.295630 	22.203604 	13.341664 	
50.803543 	14.764823 	71.400284 	75.604233 	71.610054 	22.203604 	112.432205 	11.180340 	45.650848 	106.962608 	9.433981 	111.865990 	8.544003 	45.694637 	53.758720 	38.897301 	75.742989 	14.142136 	81.835197 	54.129475 	6.324555 	4.000000 	112.698715 	118.869675 	100.603180 	999.000000 	49.769470 	91.525955 	49.396355 	2.236068 	12.041595 	39.849716 	93.744331 	2.828427 	89.888817 	87.982956 	20.099751 	122.494896 	140.929062 	140.185593 	97.349884 	12.529964 	90.049988 	36.345562 	81.394104 	102.625534 	104.560989 	137.887634 	99.644371 	86.313385 	95.880135 	
12.083046 	39.458839 	26.400757 	30.413813 	25.942244 	28.635643 	68.963760 	57.723480 	6.708204 	62.128899 	40.496914 	67.119293 	41.231056 	4.123106 	19.313208 	19.697716 	33.526108 	44.283180 	33.970577 	5.000000 	43.462627 	53.488316 	67.424034 	74.330345 	54.037025 	49.769470 	999.000000 	43.863426 	1.000000 	48.332184 	38.470768 	10.630146 	45.967381 	48.754486 	41.725292 	39.623226 	31.064449 	77.420929 	98.488579 	97.616600 	49.497475 	62.241467 	41.231056 	17.204651 	31.906113 	54.488529 	56.586216 	93.744331 	51.088158 	36.891735 	47.010635 	
40.816662 	78.771820 	20.615528 	16.763054 	20.124611 	69.339745 	28.284271 	97.529480 	46.227695 	20.396078 	82.097504 	25.000000 	83.234612 	47.381432 	39.560081 	53.665630 	20.000000 	82.734512 	9.899495 	38.897301 	85.445892 	94.873604 	24.698177 	31.953091 	10.770329 	91.525955 	43.863426 	999.000000 	44.598206 	90.443352 	81.215759 	54.451813 	2.236068 	91.021973 	3.000000 	5.099020 	74.411018 	34.438351 	56.920998 	55.973209 	5.830952 	104.009613 	6.324555 	60.959003 	15.297058 	11.180340 	13.038404 	50.990196 	9.055386 	12.041595 	7.615773 	
13.000000 	39.319206 	27.313000 	31.304953 	26.832815 	28.442924 	69.835518 	57.489128 	7.211102 	62.968246 	40.162170 	67.955872 	40.853397 	4.000000 	20.248457 	20.124611 	34.481880 	44.181442 	34.713108 	5.830952 	43.081318 	53.141319 	68.242218 	75.166481 	54.817879 	49.396355 	1.000000 	44.598206 	999.000000 	47.927029 	38.013157 	10.000000 	46.690472 	48.332184 	42.426407 	40.311287 	30.528675 	78.236816 	99.362968 	98.488579 	50.209560 	61.846584 	41.868843 	16.401220 	32.449963 	55.172459 	57.280014 	94.578011 	51.739735 	37.443291 	47.634022 	
49.819675 	14.866069 	70.434364 	74.652527 	70.604530 	21.260292 	111.731819 	13.416408 	44.418465 	106.150833 	8.485281 	111.072052 	7.211102 	44.283180 	53.037724 	38.209946 	74.966660 	15.000000 	80.709358 	52.773098 	5.000000 	6.082763 	111.865990 	118.105888 	99.639351 	2.236068 	48.332184 	90.443352 	47.927029 	999.000000 	10.198039 	38.275318 	92.655273 	1.000000 	88.752464 	86.821655 	18.248287 	121.696342 	140.356689 	139.603012 	96.260063 	13.928389 	88.836929 	34.525352 	80.062477 	101.513542 	103.469803 	137.186005 	98.478424 	85.000000 	94.667839 	
41.012192 	13.000000 	61.554855 	65.795135 	61.619801 	13.416408 	103.479469 	22.360680 	35.000000 	97.590981 	5.656854 	102.552429 	4.472136 	34.481880 	45.000000 	30.528675 	66.603302 	16.401220 	71.400284 	43.046486 	6.082763 	16.031219 	103.237587 	109.658562 	90.686272 	12.041595 	38.470768 	81.215759 	38.013157 	10.198039 	999.000000 	28.231188 	83.408630 	10.440307 	79.404030 	77.420929 	8.062258 	113.145920 	132.438660 	131.654846 	87.005745 	24.041630 	79.322128 	24.331051 	70.327805 	92.200867 	94.201912 	128.887543 	89.050545 	75.292763 	85.146935 	
18.248287 	31.016125 	36.359318 	40.496914 	36.055511 	20.024984 	79.075912 	48.507732 	10.198039 	72.422371 	30.805843 	77.420929 	31.320919 	7.211102 	25.019993 	18.027756 	42.953465 	36.055511 	44.553337 	15.556349 	33.526108 	43.680660 	77.801025 	84.628601 	64.536812 	39.849716 	10.630146 	54.451813 	10.000000 	38.275318 	28.231188 	999.000000 	56.568542 	38.626415 	52.345009 	50.249378 	20.591261 	87.800911 	108.558739 	107.703293 	60.108234 	52.201534 	51.855568 	7.280110 	42.438190 	65.115280 	67.208633 	104.043259 	61.717098 	47.434166 	57.628117 	
43.046486 	81.006172 	22.847319 	18.973665 	22.360680 	71.561165 	27.073973 	99.764725 	48.414875 	19.104973 	84.314888 	23.537205 	85.445892 	49.517673 	41.785164 	55.901699 	22.022715 	84.970581 	12.041595 	41.012192 	87.658424 	97.097885 	23.086792 	30.364452 	9.219544 	93.744331 	45.967381 	2.236068 	46.690472 	92.655273 	83.408630 	56.568542 	999.000000 	93.230896 	4.472136 	6.708204 	76.576759 	32.695564 	55.362442 	54.405884 	3.605551 	106.230881 	7.000000 	63.031738 	16.763054 	8.944272 	10.816654 	49.244289 	7.000000 	13.038404 	6.403124 	
50.447994 	15.811388 	71.063354 	75.286118 	71.217972 	21.931713 	112.449989 	13.892444 	44.944408 	106.831642 	9.219544 	111.758667 	7.810250 	44.721359 	53.758720 	38.948685 	75.663727 	16.000000 	81.271149 	53.235325 	5.656854 	6.324555 	112.538879 	118.802361 	100.264648 	2.828427 	48.754486 	91.021973 	48.332184 	1.000000 	10.440307 	38.626415 	93.230896 	999.000000 	89.308456 	87.367043 	18.439089 	122.380554 	141.113434 	140.356689 	96.834908 	13.601471 	89.358826 	34.713108 	80.529495 	102.078400 	104.043259 	137.902145 	99.020203 	85.475143 	95.189285 	
39.357338 	77.369247 	19.646883 	16.124516 	18.973665 	67.742157 	31.257000 	96.150925 	44.407207 	23.345236 	80.454956 	27.892651 	81.541397 	45.343136 	38.600517 	52.392746 	20.223749 	81.437096 	8.062258 	36.796738 	83.761566 	93.295227 	27.513634 	34.785053 	13.601471 	89.888817 	41.725292 	3.000000 	42.426407 	88.752464 	79.404030 	52.345009 	4.472136 	89.308456 	999.000000 	2.236068 	72.470680 	37.161808 	59.774578 	58.821766 	7.810250 	102.396286 	3.605551 	58.728188 	12.369317 	12.806249 	14.866069 	53.712196 	9.848858 	9.055386 	7.000000 	
37.576588 	75.584389 	18.248287 	15.000000 	17.464249 	65.863495 	33.376640 	94.371605 	42.438190 	25.495098 	78.549347 	30.083218 	79.611557 	43.278172 	37.107952 	50.695168 	19.646883 	79.705711 	6.324555 	34.713108 	81.835197 	91.416626 	29.732138 	37.000000 	15.811388 	87.982956 	39.623226 	5.099020 	40.311287 	86.821655 	77.420929 	50.249378 	6.708204 	87.367043 	2.236068 	999.000000 	70.434364 	39.395432 	61.983868 	61.032780 	10.000000 	100.498756 	3.162278 	56.586216 	10.198039 	14.866069 	16.970562 	55.946404 	11.661903 	7.280110 	8.246211 	
35.000000 	17.029387 	55.226807 	59.464275 	55.172459 	11.180340 	97.616600 	30.149628 	28.284271 	91.438507 	12.369317 	96.426140 	12.041595 	27.202942 	39.824615 	26.248810 	60.802959 	21.633308 	64.536812 	35.805027 	14.000000 	24.083189 	97.000000 	103.585716 	84.148682 	20.099751 	31.064449 	74.411018 	30.528675 	18.248287 	8.062258 	20.591261 	76.576759 	18.439089 	72.470680 	70.434364 	999.000000 	106.962608 	126.826653 	126.015869 	80.156097 	32.015621 	72.201111 	16.278820 	62.968246 	85.276024 	87.321243 	122.918671 	82.006096 	67.955872 	78.006409 	
72.138756 	108.706024 	51.739735 	47.507893 	51.855568 	100.448990 	11.401754 	127.003937 	78.746429 	15.556349 	113.216606 	10.630146 	114.586212 	80.603973 	68.767723 	83.630135 	46.754681 	112.004463 	43.908997 	72.422371 	116.726173 	125.495018 	10.000000 	4.123106 	23.706539 	122.494896 	77.420929 	34.438351 	78.236816 	121.696342 	113.145920 	87.800911 	32.695564 	122.380554 	37.161808 	39.395432 	106.962608 	999.000000 	23.194826 	22.203604 	29.732138 	134.714508 	39.217342 	94.625580 	49.396355 	26.476404 	24.331051 	16.552946 	30.594116 	45.221676 	34.928497 	
91.836815 	126.621483 	72.201111 	68.095520 	72.560318 	119.331474 	29.529646 	144.277512 	99.020203 	36.769554 	131.893890 	31.953091 	133.416641 	101.355812 	87.458565 	102.176315 	66.030296 	129.402466 	65.924202 	93.536087 	135.473251 	143.627991 	32.280025 	25.000000 	46.173584 	140.929062 	98.488579 	56.920998 	99.362968 	140.356689 	132.438660 	108.558739 	55.362442 	141.113434 	59.774578 	61.983868 	126.826653 	23.194826 	999.000000 	1.000000 	52.630791 	152.793976 	62.096699 	115.602768 	72.124893 	49.648766 	47.518417 	8.944272 	53.758720 	68.154236 	58.051701 	
91.021973 	125.896782 	71.344238 	67.230942 	71.693794 	118.562218 	28.653097 	143.586212 	98.183502 	35.846897 	131.137329 	31.016125 	132.653687 	100.498756 	86.683334 	101.414986 	65.215027 	128.701202 	65.000000 	92.660675 	134.714508 	142.898560 	31.320919 	24.041630 	45.221676 	140.185593 	97.616600 	55.973209 	98.488579 	139.603012 	131.654846 	107.703293 	54.405884 	140.356689 	58.821766 	61.032780 	126.015869 	22.203604 	1.000000 	999.000000 	51.662365 	152.069061 	61.131008 	114.738831 	71.168816 	48.662102 	46.529560 	8.062258 	52.773098 	67.186310 	57.070133 	
46.647614 	84.599052 	26.400757 	22.472204 	25.942244 	75.166481 	25.019993 	103.353760 	52.009613 	17.029387 	87.920418 	21.095022 	89.050545 	53.075417 	45.310043 	59.481091 	25.179358 	88.549423 	15.620500 	44.553337 	91.263351 	100.702530 	20.396078 	27.658634 	7.071068 	97.349884 	49.497475 	5.830952 	50.209560 	96.260063 	87.005745 	60.108234 	3.605551 	96.834908 	7.810250 	10.000000 	80.156097 	29.732138 	52.630791 	51.662365 	999.000000 	109.836243 	9.486833 	66.528191 	19.697716 	5.385165 	7.211102 	46.238514 	4.472136 	15.524175 	6.324555 	
63.245552 	26.172504 	83.815269 	88.005684 	84.053551 	34.669872 	124.523087 	11.045361 	58.180752 	119.205704 	21.954498 	124.084648 	21.023796 	58.180752 	65.946945 	51.088158 	87.965904 	23.853722 	94.339813 	66.640831 	18.788294 	9.219544 	124.963997 	131.045792 	113.004425 	12.529964 	62.241467 	104.009613 	61.846584 	13.928389 	24.041630 	52.201534 	106.230881 	13.601471 	102.396286 	100.498756 	32.015621 	134.714508 	152.793976 	152.069061 	109.836243 	999.000000 	102.576797 	48.270073 	93.914856 	115.121674 	117.046997 	149.966660 	112.160599 	98.838249 	108.406639 	
39.924931 	77.878113 	21.095022 	18.027756 	20.223749 	68.000000 	34.058773 	96.664368 	44.418465 	26.076809 	80.622574 	30.413813 	81.633324 	45.000000 	39.812057 	53.141319 	22.803509 	82.079231 	9.055386 	36.400551 	83.862984 	93.536087 	29.832869 	37.107952 	16.124516 	90.049988 	41.231056 	6.324555 	41.868843 	88.836929 	79.322128 	51.855568 	7.000000 	89.358826 	3.605551 	3.162278 	72.201111 	39.217342 	62.096699 	61.131008 	9.486833 	102.576797 	999.000000 	58.000000 	10.295630 	13.601471 	15.811388 	55.713554 	9.899495 	6.082763 	5.830952 	
25.495098 	30.083218 	43.416588 	47.507893 	43.046486 	19.697716 	86.092972 	46.000000 	17.464249 	79.322128 	28.000000 	84.314888 	28.071337 	14.317822 	32.140316 	23.409399 	50.159744 	35.171009 	51.088158 	22.203604 	30.149628 	40.311287 	84.628601 	91.525955 	71.217972 	36.345562 	17.204651 	60.959003 	16.401220 	34.525352 	24.331051 	7.280110 	63.031738 	34.713108 	58.728188 	56.586216 	16.278820 	94.625580 	115.602768 	114.738831 	66.528191 	48.270073 	58.000000 	999.000000 	48.270073 	71.421288 	73.552704 	110.941429 	67.896980 	53.263496 	63.702435 	
32.557640 	69.892776 	17.464249 	16.401220 	16.155495 	59.615433 	43.566040 	88.600227 	35.846897 	35.693138 	72.013885 	40.261642 	72.897186 	35.846897 	34.014702 	45.891174 	22.671568 	74.330345 	8.944272 	27.294687 	75.133217 	85.000000 	39.849716 	47.127487 	25.961510 	81.394104 	31.906113 	15.297058 	32.449963 	80.062477 	70.327805 	42.438190 	16.763054 	80.529495 	12.369317 	10.198039 	62.968246 	49.396355 	72.124893 	71.168816 	19.697716 	93.914856 	10.295630 	48.270073 	999.000000 	23.853722 	26.076809 	65.924202 	20.000000 	5.000000 	15.620500 	
51.971146 	89.944427 	31.780497 	27.856777 	31.304953 	80.454956 	23.769728 	108.706024 	57.201397 	16.155495 	93.193344 	19.235384 	94.302704 	58.137768 	50.695168 	64.845970 	30.413813 	93.914856 	20.808653 	49.578220 	96.519424 	106.000000 	18.027756 	25.019993 	7.810250 	102.625534 	54.488529 	11.180340 	55.172459 	101.513542 	92.200867 	65.115280 	8.944272 	102.078400 	12.806249 	14.866069 	85.276024 	26.476404 	49.648766 	48.662102 	5.385165 	115.121674 	13.601471 	71.421288 	23.853722 	999.000000 	2.236068 	42.720020 	4.123106 	19.235384 	8.544003 	
53.851646 	91.787796 	33.541019 	29.546574 	33.120991 	82.377182 	22.135944 	110.535065 	59.203041 	14.764823 	95.131485 	17.464249 	96.260063 	60.207973 	52.392746 	66.648331 	31.780497 	95.713112 	22.803509 	51.662365 	98.473343 	107.912003 	16.124516 	23.000000 	7.615773 	104.560989 	56.586216 	13.038404 	57.280014 	103.469803 	94.201912 	67.208633 	10.816654 	104.043259 	14.866069 	16.970562 	87.321243 	24.331051 	47.518417 	46.529560 	7.211102 	117.046997 	15.811388 	73.552704 	26.076809 	2.236068 	999.000000 	40.521599 	6.324555 	21.470911 	10.770329 	
87.965904 	123.842644 	67.801178 	63.600315 	68.007355 	116.000000 	25.455845 	141.873184 	94.810333 	31.622776 	128.701202 	26.627054 	130.138382 	96.834908 	84.148682 	98.994949 	62.289646 	126.905479 	60.415230 	88.752464 	132.245987 	140.758652 	26.419689 	19.416489 	40.249222 	137.887634 	93.744331 	50.990196 	94.578011 	137.186005 	128.887543 	104.043259 	49.244289 	137.902145 	53.712196 	55.946404 	122.918671 	16.552946 	8.944272 	8.062258 	46.238514 	149.966660 	55.713554 	110.941429 	65.924202 	42.720020 	40.521599 	999.000000 	46.840153 	61.684681 	51.244511 	
49.193497 	87.206650 	29.410883 	25.709921 	28.792360 	77.524193 	27.459061 	105.990562 	54.083271 	19.646883 	90.210861 	23.086792 	91.268837 	54.817879 	48.383881 	62.241467 	29.017237 	91.285271 	17.888544 	46.227695 	93.493317 	103.077644 	22.000000 	29.068884 	10.295630 	99.644371 	51.088158 	9.055386 	51.739735 	98.478424 	89.050545 	61.717098 	7.000000 	99.020203 	9.848858 	11.661903 	82.006096 	30.594116 	53.758720 	52.773098 	4.472136 	112.160599 	9.899495 	67.896980 	20.000000 	4.123106 	6.324555 	46.840153 	999.000000 	15.264338 	4.472136 	
37.107952 	74.672615 	20.396078 	18.384777 	19.235384 	64.474800 	40.112343 	93.407707 	40.718548 	32.140316 	76.922035 	36.496574 	77.826729 	40.816662 	38.052597 	50.447994 	24.186773 	79.056938 	9.433981 	32.249031 	80.062477 	89.899948 	35.902645 	43.174065 	22.203604 	86.313385 	36.891735 	12.041595 	37.443291 	85.000000 	75.292763 	47.434166 	13.038404 	85.475143 	9.055386 	7.280110 	67.955872 	45.221676 	68.154236 	67.186310 	15.524175 	98.838249 	6.082763 	53.263496 	5.000000 	19.235384 	21.470911 	61.684681 	15.264338 	999.000000 	10.816654 	
45.694637 	83.671982 	26.476404 	23.086792 	25.709921 	73.824112 	31.144823 	102.459747 	50.249378 	23.194826 	86.452301 	27.000000 	87.464279 	50.803543 	45.354160 	58.872746 	27.166155 	87.846458 	14.560220 	42.201897 	89.693924 	99.362968 	26.076809 	33.241539 	13.341664 	95.880135 	47.010635 	7.615773 	47.634022 	94.667839 	85.146935 	57.628117 	6.403124 	95.189285 	7.000000 	8.246211 	78.006409 	34.928497 	58.051701 	57.070133 	6.324555 	108.406639 	5.830952 	63.702435 	15.620500 	8.544003 	10.770329 	51.244511 	4.472136 	10.816654 	999.000000 	

Travel time:
9.000000 	0.950329 	0.515388 	0.620987 	0.520216 	0.715017 	1.565647 	1.419947 	0.201556 	1.414655 	1.035012 	1.538871 	1.065950 	0.301040 	0.182003 	0.333542 	0.645174 	1.053862 	0.782624 	0.265754 	1.120547 	1.352082 	1.555635 	1.717010 	1.245492 	1.270089 	0.302076 	1.020416 	0.325000 	1.245492 	1.025305 	0.456207 	1.076162 	1.261200 	0.983933 	0.939415 	0.875000 	1.803469 	2.295920 	2.275549 	1.166190 	1.581139 	0.998123 	0.637377 	0.813941 	1.299279 	1.346291 	2.199148 	1.229837 	0.927699 	1.142366 	
0.950329 	9.000000 	1.457738 	1.560849 	1.466714 	0.275000 	2.460310 	0.469707 	0.855132 	2.330906 	0.201556 	2.452040 	0.251247 	0.883883 	1.000000 	0.630971 	1.550202 	0.127475 	1.732953 	1.079352 	0.276134 	0.425735 	2.475505 	2.624881 	2.184176 	0.369121 	0.986471 	1.969296 	0.982980 	0.371652 	0.325000 	0.775403 	2.025154 	0.395285 	1.934231 	1.889610 	0.425735 	2.717651 	3.165537 	3.147419 	2.114976 	0.654313 	1.946953 	0.752080 	1.747319 	2.248611 	2.294695 	3.096066 	2.180166 	1.866815 	2.091799 	
0.515388 	1.457738 	9.000000 	0.106066 	0.035355 	1.230091 	1.068001 	1.925649 	0.675463 	0.905883 	1.550202 	1.030776 	1.581336 	0.728869 	0.474342 	0.828025 	0.201556 	1.554429 	0.301040 	0.538516 	1.635925 	1.865811 	1.044330 	1.210372 	0.730154 	1.785007 	0.660019 	0.515388 	0.682825 	1.760859 	1.538871 	0.908983 	0.571183 	1.776584 	0.491172 	0.456207 	1.380670 	1.293493 	1.805028 	1.783606 	0.660019 	2.095382 	0.527376 	1.085415 	0.436606 	0.794512 	0.838525 	1.695029 	0.735272 	0.509902 	0.661910 	
0.620987 	1.560849 	0.106066 	9.000000 	0.111803 	1.335337 	0.964689 	2.028084 	0.781025 	0.800391 	1.655483 	0.925338 	1.686898 	0.832166 	0.571183 	0.930390 	0.160078 	1.656049 	0.230489 	0.637377 	1.741407 	1.970406 	0.938416 	1.105102 	0.625000 	1.890106 	0.760345 	0.419076 	0.782624 	1.866313 	1.644878 	1.012423 	0.474342 	1.882153 	0.403113 	0.375000 	1.486607 	1.187697 	1.702388 	1.680773 	0.561805 	2.200142 	0.450694 	1.187697 	0.410031 	0.696419 	0.738664 	1.590008 	0.642748 	0.459619 	0.577170 	
0.520216 	1.466714 	0.035355 	0.111803 	9.000000 	1.235162 	1.076162 	1.935362 	0.672681 	0.910014 	1.555032 	1.035012 	1.585284 	0.721110 	0.491172 	0.838525 	0.230489 	1.565248 	0.279509 	0.525595 	1.640122 	1.872164 	1.046721 	1.215010 	0.726722 	1.790251 	0.648556 	0.503115 	0.670820 	1.765113 	1.540495 	0.901388 	0.559017 	1.780449 	0.474342 	0.436606 	1.379311 	1.296389 	1.814008 	1.792345 	0.648556 	2.101339 	0.505594 	1.076162 	0.403887 	0.782624 	0.828025 	1.700184 	0.719809 	0.480885 	0.642748 	
0.715017 	0.275000 	1.230091 	1.335337 	1.235162 	9.000000 	2.263846 	0.728011 	0.594243 	2.122499 	0.320156 	2.245690 	0.353553 	0.612882 	0.797261 	0.430116 	1.343503 	0.400780 	1.492062 	0.814325 	0.406971 	0.638847 	2.265226 	2.421905 	1.960230 	0.555090 	0.715891 	1.733494 	0.711073 	0.531507 	0.335410 	0.500625 	1.789029 	0.548293 	1.693554 	1.646587 	0.279509 	2.511225 	2.983287 	2.964056 	1.879162 	0.866747 	1.700000 	0.492443 	1.490386 	2.011374 	2.059430 	2.900000 	1.938105 	1.611870 	1.845603 	
1.565647 	2.460310 	1.068001 	0.964689 	1.076162 	2.263846 	9.000000 	2.912902 	1.740869 	0.200000 	2.581182 	0.125000 	2.617250 	1.796698 	1.467353 	1.838478 	0.921954 	2.538331 	0.917197 	1.600195 	2.669855 	2.882816 	0.176777 	0.182003 	0.450000 	2.810805 	1.724094 	0.707107 	1.745888 	2.793295 	2.586987 	1.976898 	0.676849 	2.811250 	0.781425 	0.834416 	2.440415 	0.285044 	0.738241 	0.716327 	0.625500 	3.113077 	0.851469 	2.152324 	1.089151 	0.594243 	0.553399 	0.636396 	0.686477 	1.002809 	0.778621 	
1.419947 	0.469707 	1.925649 	2.028084 	1.935362 	0.728011 	2.912902 	9.000000 	1.320275 	2.790161 	0.450000 	2.910004 	0.452769 	1.340009 	1.463087 	1.097725 	2.011219 	0.375000 	2.202555 	1.542117 	0.406971 	0.195256 	2.935345 	3.080686 	2.650000 	0.279509 	1.443087 	2.438237 	1.437228 	0.335410 	0.559017 	1.212693 	2.494118 	0.347311 	2.403773 	2.359290 	0.753741 	3.175098 	3.606938 	3.589655 	2.583844 	0.276134 	2.416609 	1.150000 	2.215006 	2.717651 	2.763377 	3.546830 	2.649764 	2.335193 	2.561494 	
0.201556 	0.855132 	0.675463 	0.781025 	0.672681 	0.594243 	1.740869 	1.320275 	9.000000 	1.581336 	0.905883 	1.706239 	0.930390 	0.111803 	0.375832 	0.325000 	0.828025 	0.970824 	0.910014 	0.226385 	0.986154 	1.229837 	1.719193 	1.885802 	1.396648 	1.141271 	0.167705 	1.155692 	0.180278 	1.110462 	0.875000 	0.254951 	1.210372 	1.123610 	1.110180 	1.060955 	0.707107 	1.968661 	2.475505 	2.454587 	1.300240 	1.454519 	1.110462 	0.436606 	0.896172 	1.430035 	1.480076 	2.370258 	1.352082 	1.017964 	1.256234 	
1.414655 	2.330906 	0.905883 	0.800391 	0.910014 	2.122499 	0.200000 	2.790161 	1.581336 	9.000000 	2.441823 	0.125000 	2.475884 	1.630376 	1.331587 	1.702939 	0.781025 	2.415186 	0.728869 	1.428504 	2.529452 	2.749659 	0.145774 	0.305164 	0.250000 	2.674065 	1.553222 	0.509902 	1.574206 	2.653771 	2.439775 	1.810559 	0.477624 	2.670791 	0.583631 	0.637377 	2.285963 	0.388909 	0.919239 	0.896172 	0.425735 	2.980143 	0.651920 	1.983053 	0.892328 	0.403887 	0.369121 	0.790569 	0.491172 	0.803508 	0.579871 	
1.035012 	0.201556 	1.550202 	1.655483 	1.555032 	0.320156 	2.581182 	0.450000 	0.905883 	2.441823 	9.000000 	2.564785 	0.050000 	0.910014 	1.113833 	0.743303 	1.662077 	0.270416 	1.810041 	1.119431 	0.090139 	0.325000 	2.584811 	2.740552 	2.280351 	0.235850 	1.012423 	2.052438 	1.004054 	0.212132 	0.141421 	0.770146 	2.107872 	0.230489 	2.011374 	1.963734 	0.309233 	2.830415 	3.297347 	3.278433 	2.198010 	0.548862 	2.015564 	0.700000 	1.800347 	2.329834 	2.378287 	3.217530 	2.255271 	1.923051 	2.161308 	
1.538871 	2.452040 	1.030776 	0.925338 	1.035012 	2.245690 	0.125000 	2.910004 	1.706239 	0.125000 	2.564785 	9.000000 	2.599159 	1.755349 	1.453444 	1.825000 	0.903120 	2.535005 	0.850368 	1.553222 	2.652593 	2.871628 	0.055902 	0.180278 	0.357946 	2.796650 	1.677982 	0.625000 	1.698897 	2.776801 	2.563811 	1.935523 	0.588430 	2.793967 	0.697316 	0.752080 	2.410654 	0.265754 	0.798827 	0.775403 	0.527376 	3.102116 	0.760345 	2.107872 	1.006541 	0.480885 	0.436606 	0.665676 	0.577170 	0.912414 	0.675000 	
1.065950 	0.251247 	1.581336 	1.686898 	1.585284 	0.353553 	2.617250 	0.452769 	0.930390 	2.475884 	0.050000 	2.599159 	9.000000 	0.929045 	1.150272 	0.781025 	1.697056 	0.313249 	1.837457 	1.140449 	0.055902 	0.309233 	2.618444 	2.775450 	2.311385 	0.213600 	1.030776 	2.080865 	1.021335 	0.180278 	0.111803 	0.783023 	2.136147 	0.195256 	2.038535 	1.990289 	0.301040 	2.864655 	3.335416 	3.316342 	2.226264 	0.525595 	2.040833 	0.701783 	1.822430 	2.357568 	2.406502 	3.253459 	2.281721 	1.945668 	2.186607 	
0.301040 	0.883883 	0.728869 	0.832166 	0.721110 	0.612882 	1.796698 	1.340009 	0.111803 	1.630376 	0.910014 	1.755349 	0.929045 	9.000000 	0.480885 	0.416083 	0.896172 	1.004987 	0.937083 	0.215058 	0.984886 	1.234909 	1.765113 	1.935523 	1.434617 	1.142366 	0.103078 	1.184536 	0.100000 	1.107080 	0.862047 	0.180278 	1.237942 	1.118034 	1.133578 	1.081954 	0.680074 	2.015099 	2.533895 	2.512469 	1.326885 	1.454519 	1.125000 	0.357946 	0.896172 	1.453444 	1.505199 	2.420873 	1.370447 	1.020416 	1.270089 	
0.182003 	1.000000 	0.474342 	0.571183 	0.491172 	0.797261 	1.467353 	1.463087 	0.375832 	1.331587 	1.113833 	1.453444 	1.150272 	0.480885 	9.000000 	0.371652 	0.550568 	1.089151 	0.770146 	0.430116 	1.202601 	1.418185 	1.475847 	1.627882 	1.187697 	1.343968 	0.482830 	0.989002 	0.506211 	1.325943 	1.125000 	0.625500 	1.044629 	1.343968 	0.965013 	0.927699 	0.995615 	1.719193 	2.186464 	2.167083 	1.132751 	1.648674 	0.995301 	0.803508 	0.850368 	1.267379 	1.309819 	2.103717 	1.209597 	0.951315 	1.133854 	
0.333542 	0.630971 	0.828025 	0.930390 	0.838525 	0.430116 	1.838478 	1.097725 	0.325000 	1.702939 	0.743303 	1.825000 	0.781025 	0.416083 	0.371652 	9.000000 	0.921954 	0.726722 	1.109617 	0.534439 	0.832541 	1.046721 	1.846957 	1.999531 	1.553222 	0.972432 	0.492443 	1.341641 	0.503115 	0.955249 	0.763217 	0.450694 	1.397542 	0.973717 	1.309819 	1.267379 	0.656220 	2.090753 	2.554408 	2.535375 	1.487027 	1.277204 	1.328533 	0.585235 	1.147279 	1.621149 	1.666208 	2.474874 	1.556037 	1.261200 	1.471819 	
0.645174 	1.550202 	0.201556 	0.160078 	0.230489 	1.343503 	0.921954 	2.011219 	0.828025 	0.781025 	1.662077 	0.903120 	1.697056 	0.896172 	0.550568 	0.921954 	9.000000 	1.636498 	0.369121 	0.721543 	1.750179 	1.968661 	0.925338 	1.078483 	0.650000 	1.893575 	0.838153 	0.500000 	0.862047 	1.874166 	1.665083 	1.073837 	0.550568 	1.891593 	0.505594 	0.491172 	1.520074 	1.168867 	1.650757 	1.630376 	0.629484 	2.199148 	0.570088 	1.253994 	0.566789 	0.760345 	0.794512 	1.557241 	0.725431 	0.604669 	0.679154 	
1.053862 	0.127475 	1.554429 	1.656049 	1.565248 	0.400780 	2.538331 	0.375000 	0.970824 	2.415186 	0.270416 	2.535005 	0.313249 	1.004987 	1.089151 	0.726722 	1.636498 	9.000000 	1.835245 	1.196349 	0.316228 	0.380789 	2.560395 	2.705781 	2.276648 	0.353553 	1.107080 	2.068363 	1.104536 	0.375000 	0.410031 	0.901388 	2.124264 	0.400000 	2.035927 	1.992643 	0.540833 	2.800112 	3.235062 	3.217530 	2.213736 	0.596343 	2.051981 	0.879275 	1.858259 	2.347871 	2.392828 	3.172637 	2.282132 	1.976424 	2.196162 	
0.782624 	1.732953 	0.301040 	0.230489 	0.279509 	1.492062 	0.917197 	2.202555 	0.910014 	0.728869 	1.810041 	0.850368 	1.837457 	0.937083 	0.770146 	1.109617 	0.369121 	1.835245 	9.000000 	0.725000 	1.892914 	2.130874 	0.850000 	1.028652 	0.506211 	2.045880 	0.849264 	0.247487 	0.867828 	2.017734 	1.785007 	1.113833 	0.301040 	2.031779 	0.201556 	0.158114 	1.613420 	1.097725 	1.648105 	1.625000 	0.390512 	2.358495 	0.226385 	1.277204 	0.223607 	0.520216 	0.570088 	1.510381 	0.447214 	0.235850 	0.364006 	
0.265754 	1.079352 	0.538516 	0.637377 	0.525595 	0.814325 	1.600195 	1.542117 	0.226385 	1.428504 	1.119431 	1.553222 	1.140449 	0.215058 	0.430116 	0.534439 	0.721543 	1.196349 	0.725000 	9.000000 	1.196349 	1.444386 	1.560649 	1.733494 	1.226020 	1.353237 	0.125000 	0.972432 	0.145774 	1.319327 	1.076162 	0.388909 	1.025305 	1.330883 	0.919918 	0.867828 	0.895126 	1.810559 	2.338402 	2.316517 	1.113833 	1.666021 	0.910014 	0.555090 	0.682367 	1.239455 	1.291559 	2.218812 	1.155692 	0.806226 	1.055047 	
1.120547 	0.276134 	1.635925 	1.741407 	1.640122 	0.406971 	2.669855 	0.406971 	0.986154 	2.529452 	0.090139 	2.652593 	0.055902 	0.984886 	1.202601 	0.832541 	1.750179 	0.316228 	1.892914 	1.196349 	9.000000 	0.254951 	2.672195 	2.828648 	2.366036 	0.158114 	1.086566 	2.136147 	1.077033 	0.125000 	0.152069 	0.838153 	2.191461 	0.141421 	2.094039 	2.045880 	0.350000 	2.918154 	3.386831 	3.367863 	2.281584 	0.469707 	2.096575 	0.753741 	1.878330 	2.412986 	2.461833 	3.306150 	2.337333 	2.001562 	2.242348 	
