Total assets = 660
Number of asset nodes = 34

Distance:
999.000000 	2.828427 	7.071068 	51.039200 	83.198555 	10.295630 	52.810986 	47.707443 	7.071068 	47.434166 	12.529964 	57.384666 	44.204071 	4.123106 	44.821869 	50.990196 	52.430908 	17.117243 	15.000000 	54.037025 	14.142136 	16.031219 	18.000000 	19.000000 	15.231546 	22.022715 	17.464249 	18.681541 	20.396078 	33.060551 	36.221542 	33.955853 	34.928497 	36.496574 	40.049969 	37.656342 	38.470768 	42.047592 	41.436699 	42.426407 	34.655445 	40.459858 	41.617306 	41.400482 	41.036568 	44.654228 	45.607018 	45.343136 	46.097721 	47.381432 	
2.828427 	999.000000 	5.099020 	51.623638 	84.723076 	13.038404 	54.120235 	48.373547 	9.486833 	48.020828 	13.601471 	58.523499 	44.654228 	6.082763 	45.221676 	52.000000 	53.000000 	15.524175 	13.152946 	54.405884 	12.000000 	14.035668 	16.124516 	17.117243 	12.649111 	20.223749 	15.132746 	16.278820 	18.110771 	31.000000 	34.058773 	31.575306 	32.557640 	34.234486 	38.000000 	35.355339 	36.221542 	40.000000 	39.204590 	40.199501 	31.827662 	37.643059 	38.832977 	38.600517 	38.209946 	41.880783 	42.801868 	42.520584 	43.278172 	44.553337 	
7.071068 	5.099020 	999.000000 	56.435802 	89.822044 	15.620500 	59.203041 	45.188496 	11.313708 	44.721359 	12.041595 	63.568859 	41.182522 	7.810250 	41.677334 	57.008770 	57.801384 	10.440307 	8.062258 	59.076221 	7.071068 	9.000000 	11.045361 	12.041595 	8.602325 	15.132746 	10.440307 	11.704700 	13.341664 	26.019224 	29.154760 	26.925823 	27.892651 	29.427877 	33.015148 	30.594116 	31.400637 	35.014282 	34.365681 	35.355339 	29.410883 	34.655445 	35.468296 	35.383614 	35.468296 	38.418747 	39.623226 	39.623226 	40.311287 	41.868843 	
51.039200 	51.623638 	56.435802 	999.000000 	40.261642 	53.037724 	14.422205 	96.876213 	54.561890 	96.876213 	62.481998 	13.038404 	94.111633 	54.203320 	94.847244 	8.062258 	1.414214 	66.648331 	63.953106 	5.000000 	62.169125 	64.404968 	66.640831 	67.542580 	60.539242 	70.682388 	64.078079 	64.621979 	66.850578 	79.711983 	81.908485 	77.884529 	78.847954 	81.320351 	86.330757 	82.006096 	83.240616 	88.232651 	86.127815 	87.091904 	66.121101 	73.061615 	76.164299 	75.106590 	72.006943 	79.101204 	78.006409 	76.006577 	77.006493 	76.105194 	
83.198555 	84.723076 	89.822044 	40.261642 	999.000000 	80.993828 	31.064449 	122.188377 	84.118965 	122.588745 	92.027168 	28.160255 	120.747673 	85.164543 	121.642921 	35.128338 	39.560081 	100.224747 	97.862144 	41.785164 	96.509064 	98.655968 	100.806747 	101.788994 	95.885345 	104.923782 	99.141312 	99.985001 	102.107788 	115.260574 	117.957619 	114.529472 	115.524887 	117.720009 	122.188377 	118.608597 	119.707977 	124.169243 	122.690666 	123.685081 	105.171288 	112.218536 	115.108643 	114.157784 	111.364265 	118.152443 	117.345642 	115.524887 	116.520386 	115.849037 	
10.295630 	13.038404 	15.620500 	53.037724 	80.993828 	999.000000 	51.971146 	43.840622 	4.472136 	43.863426 	11.180340 	57.140179 	41.231056 	7.810250 	42.011902 	51.400391 	54.451813 	23.086792 	21.931713 	56.727417 	21.954498 	23.259407 	24.698177 	25.632011 	24.207438 	28.160255 	25.553865 	26.925823 	28.178005 	39.560081 	43.011627 	41.629318 	42.544094 	43.657761 	46.324940 	44.944408 	45.541191 	48.270073 	48.383881 	49.335587 	44.687805 	50.209560 	51.088158 	50.990196 	50.931328 	54.037025 	55.226807 	55.154327 	55.865910 	57.314919 	
52.810986 	54.120235 	59.203041 	14.422205 	31.064449 	51.971146 	999.000000 	95.000000 	54.561890 	95.210297 	62.609905 	5.830952 	92.913940 	55.154327 	93.744331 	6.403124 	14.764823 	69.641945 	67.186310 	18.788294 	65.734314 	67.911705 	70.092796 	71.063354 	64.938431 	74.215904 	68.249542 	69.050705 	71.196907 	84.344528 	86.977005 	83.486526 	84.480766 	86.700638 	91.241440 	87.572830 	88.684837 	93.214806 	91.662422 	92.655273 	74.431175 	81.498466 	84.291161 	83.384651 	80.752708 	87.367043 	86.700638 	85.000000 	85.988373 	85.510231 	
47.707443 	48.373547 	45.188496 	96.876213 	122.188377 	43.840622 	95.000000 	999.000000 	42.638012 	1.414214 	35.227829 	100.424103 	5.099020 	43.829212 	5.385165 	95.015785 	98.290382 	39.051247 	41.484936 	100.498756 	43.680660 	42.201897 	40.792156 	40.607880 	47.539455 	39.204590 	44.911022 	45.705578 	44.407207 	42.579338 	45.122055 	48.507732 	48.662102 	47.074409 	44.271889 	48.270073 	47.539455 	44.944408 	48.383881 	48.703182 	65.030762 	66.189125 	64.498062 	65.375839 	68.117546 	65.924202 	68.731361 	70.455658 	70.576202 	73.437050 	
7.071068 	9.486833 	11.313708 	54.561890 	84.118965 	4.472136 	54.561890 	42.638012 	999.000000 	42.520584 	8.062258 	59.539902 	39.597980 	3.605551 	40.311287 	53.535034 	55.973209 	18.681541 	17.464249 	57.982758 	17.492855 	18.788294 	20.248457 	21.189621 	19.849434 	23.769728 	21.095022 	22.472204 	23.706539 	35.171009 	38.600517 	37.161808 	38.078865 	39.217342 	41.976185 	40.496914 	41.109608 	43.931767 	43.965897 	44.922153 	40.607880 	45.967381 	46.754681 	46.690472 	46.754681 	49.678970 	50.931328 	50.931328 	51.623638 	53.150730 	
47.434166 	48.020828 	44.721359 	96.876213 	122.588745 	43.863426 	95.210297 	1.414214 	42.520584 	999.000000 	35.000000 	100.603180 	4.000000 	43.600460 	4.123106 	95.131485 	98.290382 	38.327538 	40.804413 	100.448990 	43.011627 	41.484936 	40.024994 	39.812057 	46.840153 	38.327538 	44.147480 	44.911022 	43.566040 	41.436699 	43.931767 	47.381432 	47.518417 	45.891174 	43.011627 	47.074409 	46.324940 	43.657761 	47.127487 	47.434166 	64.070274 	65.122963 	63.387695 	64.280632 	67.067131 	64.776543 	67.601776 	69.354164 	69.462219 	72.339478 	
12.529964 	13.601471 	12.041595 	62.481998 	92.027168 	11.180340 	62.609905 	35.227829 	8.062258 	35.000000 	999.000000 	67.601776 	31.890438 	8.602325 	32.557640 	61.587337 	63.890530 	14.212670 	14.212670 	65.795135 	15.264338 	15.620500 	16.278820 	17.029387 	18.788294 	18.867962 	18.601076 	20.000000 	20.518284 	29.966648 	33.541019 	33.015148 	33.837849 	34.481880 	36.400551 	35.846897 	36.235340 	38.275318 	38.910152 	39.812057 	40.249222 	44.654228 	44.821869 	45.000000 	45.793011 	47.507893 	49.203659 	49.648766 	50.219517 	52.153618 	
57.384666 	58.523499 	63.568859 	13.038404 	28.160255 	57.140179 	5.830952 	100.424103 	59.539902 	100.603180 	67.601776 	999.000000 	98.229324 	59.933296 	99.045441 	7.000000 	12.806249 	74.000000 	71.470276 	16.278820 	69.921387 	72.124893 	74.330345 	75.286118 	68.883957 	78.447433 	72.277245 	73.006851 	75.186432 	88.294960 	90.801979 	87.132080 	88.119240 	90.426765 	95.126228 	91.241440 	92.395889 	97.082436 	95.351982 	96.337944 	77.058418 	84.095184 	87.022987 	86.052307 	83.216583 	90.049988 	89.202019 	87.367043 	88.362885 	87.692642 	
44.204071 	44.654228 	41.182522 	94.111633 	120.747673 	41.231056 	92.913940 	5.099020 	39.597980 	4.000000 	31.890438 	98.229324 	999.000000 	40.459858 	1.000000 	92.617493 	95.524864 	34.481880 	37.000000 	97.580734 	39.217342 	37.643059 	36.138622 	35.902645 	43.011627 	34.365681 	40.261642 	41.000000 	39.623226 	37.483330 	40.024994 	43.416588 	43.566040 	41.976185 	39.217342 	43.174065 	42.449970 	39.924931 	43.324360 	43.657761 	60.074955 	61.131008 	59.413803 	60.299255 	63.071388 	60.827625 	63.639610 	65.375839 	65.490456 	68.359344 	
4.123106 	6.082763 	7.810250 	54.203320 	85.164543 	7.810250 	55.154327 	43.829212 	3.605551 	43.600460 	8.602325 	59.933296 	40.459858 	999.000000 	41.109608 	53.712196 	55.605755 	16.124516 	14.560220 	57.384666 	14.317822 	15.811388 	17.464249 	18.439089 	16.401220 	21.213203 	17.888544 	19.235384 	20.615528 	32.557640 	35.902645 	34.176014 	35.114101 	36.400551 	39.458839 	37.643059 	38.327538 	41.436699 	41.231056 	42.201897 	37.013512 	42.426407 	43.278172 	43.185646 	43.185646 	46.227695 	47.423622 	47.381432 	48.083260 	49.578220 	
44.821869 	45.221676 	41.677334 	94.847244 	121.642921 	42.011902 	93.744331 	5.385165 	40.311287 	4.123106 	32.557640 	99.045441 	1.000000 	41.109608 	999.000000 	93.407707 	96.260063 	34.785053 	37.336308 	98.290382 	39.560081 	37.947330 	36.400551 	36.138622 	43.324360 	34.525352 	40.521599 	41.231056 	39.812057 	37.336308 	39.812057 	43.289722 	43.416588 	41.773197 	38.897301 	42.953465 	42.201897 	39.560081 	43.011627 	43.324360 	60.133186 	61.073727 	59.304298 	60.207973 	63.031738 	60.671246 	63.505905 	65.276337 	65.375839 	68.264191 	
50.990196 	52.000000 	57.008770 	8.062258 	35.128338 	51.400391 	6.403124 	95.015785 	53.535034 	95.131485 	61.587337 	7.000000 	92.617493 	53.712196 	93.407707 	999.000000 	8.544003 	67.416618 	64.845970 	12.649111 	63.245552 	65.459915 	67.675697 	68.622154 	62.096699 	71.784401 	65.520988 	66.219330 	68.410522 	81.492332 	83.952370 	80.230919 	81.215759 	83.546394 	88.294960 	84.344528 	85.510231 	90.244110 	88.459030 	89.442719 	70.064255 	77.103828 	80.024994 	79.056938 	76.236473 	83.054199 	82.219215 	80.399002 	81.394104 	80.752708 	
52.430908 	53.000000 	57.801384 	1.414214 	39.560081 	54.451813 	14.764823 	98.290382 	55.973209 	98.290382 	63.890530 	12.806249 	95.524864 	55.605755 	96.260063 	8.544003 	999.000000 	68.000000 	65.299309 	4.123106 	63.505905 	65.741920 	67.977936 	68.876701 	61.846584 	72.013885 	65.391129 	65.924202 	68.154236 	80.993828 	83.168503 	79.120163 	80.081207 	82.565125 	87.595665 	83.240616 	84.480766 	89.493019 	87.361320 	88.323273 	67.186310 	74.108032 	77.233414 	76.164299 	73.027390 	80.156097 	79.025314 	77.000000 	78.000000 	77.058418 	
17.117243 	15.524175 	10.440307 	66.648331 	100.224747 	23.086792 	69.641945 	39.051247 	18.681541 	38.327538 	14.212670 	74.000000 	34.481880 	16.124516 	34.785053 	67.416618 	68.000000 	999.000000 	2.828427 	69.115845 	5.000000 	3.162278 	2.236068 	2.828427 	8.544003 	5.099020 	6.000000 	7.071068 	6.708204 	16.492422 	19.924858 	18.867962 	19.723083 	20.615528 	23.345236 	21.931713 	22.472204 	25.317978 	25.298222 	26.248810 	27.892651 	31.304953 	31.064449 	31.384710 	32.695564 	33.600594 	35.510563 	36.235340 	36.715118 	38.910152 	
15.000000 	13.152946 	8.062258 	63.953106 	97.862144 	21.931713 	67.186310 	41.484936 	17.464249 	40.804413 	14.212670 	71.470276 	37.000000 	14.560220 	37.336308 	64.845970 	65.299309 	2.828427 	999.000000 	66.370171 	2.236068 	1.414214 	3.000000 	4.000000 	6.082763 	7.071068 	4.472136 	5.830952 	6.403124 	18.110771 	21.377558 	19.697716 	20.615528 	21.840330 	25.079872 	23.086792 	23.769728 	27.073973 	26.683329 	27.658634 	26.570660 	30.528675 	30.610456 	30.805843 	31.764761 	33.301651 	35.000000 	35.510563 	36.055511 	38.078865 	
54.037025 	54.405884 	59.076221 	5.000000 	41.785164 	56.727417 	18.788294 	100.498756 	57.982758 	100.448990 	65.795135 	16.278820 	97.580734 	57.384666 	98.290382 	12.649111 	4.123106 	69.115845 	66.370171 	999.000000 	64.498062 	66.730804 	68.963760 	69.835518 	62.609905 	72.945183 	66.189125 	66.640831 	68.876701 	81.541397 	83.570328 	79.378838 	80.324341 	82.873398 	88.022728 	83.486526 	84.758484 	89.888817 	87.595665 	88.543777 	66.610809 	73.437050 	76.655075 	75.538071 	72.249565 	79.511009 	78.230431 	76.105194 	77.103828 	76.006577 	
14.142136 	12.000000 	7.071068 	62.169125 	96.509064 	21.954498 	65.734314 	43.680660 	17.492855 	43.011627 	15.264338 	69.921387 	39.217342 	14.317822 	39.560081 	63.245552 	63.505905 	5.000000 	2.236068 	64.498062 	999.000000 	2.236068 	4.472136 	5.385165 	4.000000 	8.544003 	3.605551 	5.000000 	6.324555 	19.000000 	22.090721 	19.924858 	20.880613 	22.360680 	26.000000 	23.537205 	24.331051 	28.000000 	27.294687 	28.284271 	25.079872 	29.410883 	29.732138 	29.832869 	30.528675 	32.526913 	34.058773 	34.409302 	35.000000 	36.891735 	
16.031219 	14.035668 	9.000000 	64.404968 	98.655968 	23.259407 	67.911705 	42.201897 	18.788294 	41.484936 	15.620500 	72.124893 	37.643059 	15.811388 	37.947330 	65.459915 	65.741920 	3.162278 	1.414214 	66.730804 	2.236068 	999.000000 	2.236068 	3.162278 	5.385165 	6.324555 	3.162278 	4.472136 	5.000000 	17.029387 	20.223749 	18.384777 	19.313208 	20.615528 	24.020824 	21.840330 	22.561028 	26.019224 	25.495098 	26.476404 	25.298222 	29.154760 	29.206163 	29.410883 	30.413813 	31.890438 	33.600594 	34.132095 	34.669872 	36.715118 	
18.000000 	16.124516 	11.045361 	66.640831 	100.806747 	24.698177 	70.092796 	40.792156 	20.248457 	40.024994 	16.278820 	74.330345 	36.138622 	17.464249 	36.400551 	67.675697 	67.977936 	2.236068 	3.000000 	68.963760 	4.472136 	2.236068 	999.000000 	1.000000 	7.211102 	4.123106 	4.123106 	5.000000 	4.472136 	15.132746 	18.439089 	17.000000 	17.888544 	18.973665 	22.090721 	20.248457 	20.880613 	24.083189 	23.769728 	24.738634 	25.709921 	29.068884 	28.844410 	29.154760 	30.463093 	31.400637 	33.286633 	34.000000 	34.481880 	36.674240 	
19.000000 	17.117243 	12.041595 	67.542580 	101.788994 	25.632011 	71.063354 	40.607880 	21.189621 	39.812057 	17.029387 	75.286118 	35.902645 	18.439089 	36.138622 	68.622154 	68.876701 	2.828427 	4.000000 	69.835518 	5.385165 	3.162278 	1.000000 	999.000000 	7.810250 	3.162278 	4.472136 	5.099020 	4.123106 	14.142136 	17.464249 	16.124516 	17.000000 	18.027756 	21.095022 	19.313208 	19.924858 	23.086792 	22.803509 	23.769728 	25.495098 	28.635643 	28.301943 	28.653097 	30.083218 	30.805843 	32.756680 	33.541019 	34.000000 	36.249138 	
15.231546 	12.649111 	8.602325 	60.539242 	95.885345 	24.207438 	64.938431 	47.539455 	19.849434 	46.840153 	18.788294 	68.883957 	43.011627 	16.401220 	43.324360 	62.096699 	61.846584 	8.544003 	6.082763 	62.609905 	4.000000 	5.385165 	7.211102 	7.810250 	999.000000 	10.630146 	3.605551 	4.123106 	6.324555 	19.416489 	22.090721 	19.104973 	20.099751 	22.000000 	26.305893 	23.021729 	24.000000 	28.284271 	27.000000 	28.000000 	21.470911 	26.248810 	26.907248 	26.870058 	27.202942 	29.832869 	31.112698 	31.240999 	31.890438 	33.600594 	
22.022715 	20.223749 	15.132746 	70.682388 	104.923782 	28.160255 	74.215904 	39.204590 	23.769728 	38.327538 	18.867962 	78.447433 	34.365681 	21.213203 	34.525352 	71.784401 	72.013885 	5.099020 	7.071068 	72.945183 	8.544003 	6.324555 	4.123106 	3.162278 	10.630146 	999.000000 	7.071068 	7.211102 	5.385165 	11.401754 	14.866069 	14.212670 	15.000000 	15.652476 	18.248287 	17.000000 	17.464249 	20.223749 	20.248457 	21.189621 	26.076809 	28.460499 	27.730848 	28.231188 	30.083218 	30.016663 	32.202484 	33.241539 	33.615471 	36.055511 	
17.464249 	15.132746 	10.440307 	64.078079 	99.141312 	25.553865 	68.249542 	44.911022 	21.095022 	44.147480 	18.601076 	72.277245 	40.261642 	17.888544 	40.521599 	65.520988 	65.391129 	6.000000 	4.472136 	66.189125 	3.605551 	3.162278 	4.123106 	4.472136 	3.605551 	7.071068 	999.000000 	1.414214 	3.000000 	16.124516 	19.000000 	16.492422 	17.464249 	19.104973 	23.086792 	20.223749 	21.095022 	25.079872 	24.083189 	25.079872 	22.135944 	26.076809 	26.248810 	26.400757 	27.294687 	29.000000 	30.610456 	31.064449 	31.622776 	33.615471 	
18.681541 	16.278820 	11.704700 	64.621979 	99.985001 	26.925823 	69.050705 	45.705578 	22.472204 	44.911022 	20.000000 	73.006851 	41.000000 	19.235384 	41.231056 	66.219330 	65.924202 	7.071068 	5.830952 	66.640831 	5.000000 	4.472136 	5.000000 	5.099020 	4.123106 	7.211102 	1.414214 	999.000000 	2.236068 	15.297058 	18.027756 	15.297058 	16.278820 	18.027756 	22.203604 	19.104973 	20.024984 	24.186773 	23.021729 	24.020824 	20.880613 	24.698177 	24.839485 	25.000000 	25.942244 	27.586229 	29.206163 	29.681644 	30.232433 	32.249031 	
20.396078 	18.110771 	13.341664 	66.850578 	102.107788 	28.178005 	71.196907 	44.407207 	23.706539 	43.566040 	20.518284 	75.186432 	39.623226 	20.615528 	39.812057 	68.410522 	68.154236 	6.708204 	6.403124 	68.876701 	6.324555 	5.000000 	4.472136 	4.123106 	6.324555 	5.385165 	3.000000 	2.236068 	999.000000 	13.152946 	16.000000 	13.601471 	14.560220 	16.124516 	20.099751 	17.262676 	18.110771 	22.090721 	21.095022 	22.090721 	21.377558 	24.596748 	24.413111 	24.698177 	26.000000 	27.018513 	28.844410 	29.529646 	30.016663 	32.202484 	
33.060551 	31.000000 	26.019224 	79.711983 	115.260574 	39.560081 	84.344528 	42.579338 	35.171009 	41.436699 	29.966648 	88.294960 	37.483330 	32.557640 	37.336308 	81.492332 	80.993828 	16.492422 	18.110771 	81.541397 	19.000000 	17.029387 	15.132746 	14.142136 	19.416489 	11.401754 	16.124516 	15.297058 	13.152946 	999.000000 	3.605551 	6.000000 	6.082763 	5.000000 	7.000000 	6.403124 	6.403124 	9.000000 	8.944272 	9.848858 	24.698177 	24.083189 	22.022715 	23.000000 	26.172504 	23.345236 	26.172504 	28.017851 	28.071337 	31.016125 	
36.221542 	34.058773 	29.154760 	81.908485 	117.957619 	43.011627 	86.977005 	45.122055 	38.600517 	43.931767 	33.541019 	90.801979 	40.024994 	35.902645 	39.812057 	83.952370 	83.168503 	19.924858 	21.377558 	83.570328 	22.090721 	20.223749 	18.439089 	17.464249 	22.090721 	14.866069 	19.000000 	18.027756 	16.000000 	3.605551 	999.000000 	5.000000 	4.472136 	2.000000 	4.472136 	3.162278 	2.828427 	6.324555 	5.385165 	6.324555 	24.186773 	22.561028 	20.099751 	21.213203 	24.738634 	21.023796 	24.000000 	26.076809 	26.019224 	29.068884 	
33.955853 	31.575306 	26.925823 	77.884529 	114.529472 	41.629318 	83.486526 	48.507732 	37.161808 	47.381432 	33.015148 	87.132080 	43.416588 	34.176014 	43.289722 	80.230919 	79.120163 	18.867962 	19.697716 	79.378838 	19.924858 	18.384777 	17.000000 	16.124516 	19.104973 	14.212670 	16.492422 	15.297058 	13.601471 	6.000000 	5.000000 	999.000000 	1.000000 	3.605551 	9.219544 	4.123106 	5.385165 	10.816654 	8.246211 	9.219544 	19.235384 	18.110771 	16.031219 	17.000000 	20.223749 	17.464249 	20.223749 	22.022715 	22.090721 	25.019993 	
34.928497 	32.557640 	27.892651 	78.847954 	115.524887 	42.544094 	84.480766 	48.662102 	38.078865 	47.518417 	33.837849 	88.119240 	43.566040 	35.114101 	43.416588 	81.215759 	80.081207 	19.723083 	20.615528 	80.324341 	20.880613 	19.313208 	17.888544 	17.000000 	20.099751 	15.000000 	17.464249 	16.278820 	14.560220 	6.082763 	4.472136 	1.000000 	999.000000 	2.828427 	8.485281 	3.162278 	4.472136 	10.000000 	7.280110 	8.246211 	19.723083 	18.248287 	16.000000 	17.029387 	20.396078 	17.262676 	20.099751 	22.000000 	22.022715 	25.000000 	
36.496574 	34.234486 	29.427877 	81.320351 	117.720009 	43.657761 	86.700638 	47.074409 	39.217342 	45.891174 	34.481880 	90.426765 	41.976185 	36.400551 	41.773197 	83.546394 	82.565125 	20.615528 	21.840330 	82.873398 	22.360680 	20.615528 	18.973665 	18.027756 	22.000000 	15.652476 	19.104973 	18.027756 	16.124516 	5.000000 	2.000000 	3.605551 	2.828427 	999.000000 	5.656854 	1.414214 	2.000000 	7.211102 	5.000000 	6.000000 	22.472204 	20.615528 	18.110771 	19.235384 	22.803509 	19.026299 	22.000000 	24.083189 	24.020824 	27.073973 	
40.049969 	38.000000 	33.015148 	86.330757 	122.188377 	46.324940 	91.241440 	44.271889 	41.976185 	43.011627 	36.400551 	95.126228 	39.217342 	39.458839 	38.897301 	88.294960 	87.595665 	23.345236 	25.079872 	88.022728 	26.000000 	24.020824 	22.090721 	21.095022 	26.305893 	18.248287 	23.086792 	22.203604 	20.099751 	7.000000 	4.472136 	9.219544 	8.485281 	5.656854 	999.000000 	5.830952 	4.472136 	2.000000 	4.123106 	4.472136 	28.017851 	25.632011 	22.803509 	24.041630 	27.856777 	23.194826 	26.305893 	28.635643 	28.442924 	31.575306 	
37.656342 	35.355339 	30.594116 	82.006096 	118.608597 	44.944408 	87.572830 	48.270073 	40.496914 	47.074409 	35.846897 	91.241440 	43.174065 	37.643059 	42.953465 	84.344528 	83.240616 	21.931713 	23.086792 	83.486526 	23.537205 	21.840330 	20.248457 	19.313208 	23.021729 	17.000000 	20.223749 	19.104973 	17.262676 	6.403124 	3.162278 	4.123106 	3.162278 	1.414214 	5.830952 	999.000000 	1.414214 	7.071068 	4.123106 	5.099020 	22.203604 	19.924858 	17.262676 	18.439089 	22.135944 	18.000000 	21.023796 	23.194826 	23.086792 	26.172504 	
38.470768 	36.221542 	31.400637 	83.240616 	119.707977 	45.541191 	88.684837 	47.539455 	41.109608 	46.324940 	36.235340 	92.395889 	42.449970 	38.327538 	42.201897 	85.510231 	84.480766 	22.472204 	23.769728 	84.758484 	24.331051 	22.561028 	20.880613 	19.924858 	24.000000 	17.464249 	21.095022 	20.024984 	18.110771 	6.403124 	2.828427 	5.385165 	4.472136 	2.000000 	4.472136 	1.414214 	999.000000 	5.656854 	3.000000 	4.000000 	23.600847 	21.189621 	18.439089 	19.646883 	23.409399 	19.026299 	22.090721 	24.331051 	24.186773 	27.294687 	
42.047592 	40.000000 	35.014282 	88.232651 	124.169243 	48.270073 	93.214806 	44.944408 	43.931767 	43.657761 	38.275318 	97.082436 	39.924931 	41.436699 	39.560081 	90.244110 	89.493019 	25.317978 	27.073973 	89.888817 	28.000000 	26.019224 	24.083189 	23.086792 	28.284271 	20.223749 	25.079872 	24.186773 	22.090721 	9.000000 	6.324555 	10.816654 	10.000000 	7.211102 	2.000000 	7.071068 	5.656854 	999.000000 	4.123106 	4.000000 	29.206163 	26.400757 	23.409399 	24.698177 	28.635643 	23.537205 	26.683329 	29.120440 	28.861740 	32.015621 	
41.436699 	39.204590 	34.365681 	86.127815 	122.690666 	48.383881 	91.662422 	48.383881 	43.965897 	47.127487 	38.910152 	95.351982 	43.324360 	41.231056 	43.011627 	88.459030 	87.361320 	25.298222 	26.683329 	87.595665 	27.294687 	25.495098 	23.769728 	22.803509 	27.000000 	20.248457 	24.083189 	23.021729 	21.095022 	8.944272 	5.385165 	8.246211 	7.280110 	5.000000 	4.123106 	4.123106 	3.000000 	4.123106 	999.000000 	1.000000 	25.495098 	22.360680 	19.313208 	20.615528 	24.596748 	19.416489 	22.561028 	25.000000 	24.738634 	27.892651 	
42.426407 	40.199501 	35.355339 	87.091904 	123.685081 	49.335587 	92.655273 	48.703182 	44.922153 	47.434166 	39.812057 	96.337944 	43.657761 	42.201897 	43.324360 	89.442719 	88.323273 	26.248810 	27.658634 	88.543777 	28.284271 	26.476404 	24.738634 	23.769728 	28.000000 	21.189621 	25.079872 	24.020824 	22.090721 	9.848858 	6.324555 	9.219544 	8.246211 	6.000000 	4.472136 	5.099020 	4.000000 	4.000000 	1.000000 	999.000000 	26.172504 	22.825424 	19.697716 	21.023796 	25.059929 	19.646883 	22.803509 	25.298222 	25.000000 	28.160255 	
34.655445 	31.827662 	29.410883 	66.121101 	105.171288 	44.687805 	74.431175 	65.030762 	40.607880 	64.070274 	40.249222 	77.058418 	60.074955 	37.013512 	60.133186 	70.064255 	67.186310 	27.892651 	26.570660 	66.610809 	25.079872 	25.298222 	25.709921 	25.495098 	21.470911 	26.076809 	22.135944 	20.880613 	21.377558 	24.698177 	24.186773 	19.235384 	19.723083 	22.472204 	28.017851 	22.203604 	23.600847 	29.206163 	25.495098 	26.172504 	999.000000 	7.071068 	10.049875 	9.000000 	6.708204 	13.000000 	12.369317 	11.180340 	12.083046 	12.806249 	
40.459858 	37.643059 	34.655445 	73.061615 	112.218536 	50.209560 	81.498466 	66.189125 	45.967381 	65.122963 	44.654228 	84.095184 	61.131008 	42.426407 	61.073727 	77.103828 	74.108032 	31.304953 	30.528675 	73.437050 	29.410883 	29.154760 	29.068884 	28.635643 	26.248810 	28.460499 	26.076809 	24.698177 	24.596748 	24.083189 	22.561028 	18.110771 	18.248287 	20.615528 	25.632011 	19.924858 	21.189621 	26.400757 	22.360680 	22.825424 	7.071068 	999.000000 	3.605551 	2.236068 	2.236068 	6.082763 	5.385165 	5.000000 	5.656854 	7.615773 	
41.617306 	38.832977 	35.468296 	76.164299 	115.108643 	51.088158 	84.291161 	64.498062 	46.754681 	63.387695 	44.821869 	87.022987 	59.413803 	43.278172 	59.304298 	80.024994 	77.233414 	31.064449 	30.610456 	76.655075 	29.732138 	29.206163 	28.844410 	28.301943 	26.907248 	27.730848 	26.248810 	24.839485 	24.413111 	22.022715 	20.099751 	16.031219 	16.000000 	18.110771 	22.803509 	17.262676 	18.439089 	23.409399 	19.313208 	19.697716 	10.049875 	3.605551 	999.000000 	1.414214 	5.656854 	3.162278 	4.472136 	6.000000 	6.082763 	9.000000 	
41.400482 	38.600517 	35.383614 	75.106590 	114.157784 	50.990196 	83.384651 	65.375839 	46.690472 	64.280632 	45.000000 	86.052307 	60.299255 	43.185646 	60.207973 	79.056938 	76.164299 	31.384710 	30.805843 	75.538071 	29.832869 	29.410883 	29.154760 	28.653097 	26.870058 	28.231188 	26.400757 	25.000000 	24.698177 	23.000000 	21.213203 	17.000000 	17.029387 	19.235384 	24.041630 	18.439089 	19.646883 	24.698177 	20.615528 	21.023796 	9.000000 	2.236068 	1.414214 	999.000000 	4.242640 	4.000000 	4.242640 	5.099020 	5.385165 	8.062258 	
41.036568 	38.209946 	35.468296 	72.006943 	111.364265 	50.931328 	80.752708 	68.117546 	46.754681 	67.067131 	45.793011 	83.216583 	63.071388 	43.185646 	63.031738 	76.236473 	73.027390 	32.695564 	31.764761 	72.249565 	30.528675 	30.413813 	30.463093 	30.083218 	27.202942 	30.083218 	27.294687 	25.942244 	26.000000 	26.172504 	24.738634 	20.223749 	20.396078 	22.803509 	27.856777 	22.135944 	23.409399 	28.635643 	24.596748 	25.059929 	6.708204 	2.236068 	5.656854 	4.242640 	999.000000 	7.615773 	6.000000 	4.472136 	5.385165 	6.403124 	
44.654228 	41.880783 	38.418747 	79.101204 	118.152443 	54.037025 	87.367043 	65.924202 	49.678970 	64.776543 	47.507893 	90.049988 	60.827625 	46.227695 	60.671246 	83.054199 	80.156097 	33.600594 	33.301651 	79.511009 	32.526913 	31.890438 	31.400637 	30.805843 	29.832869 	30.016663 	29.000000 	27.586229 	27.018513 	23.345236 	21.023796 	17.464249 	17.262676 	19.026299 	23.194826 	18.000000 	19.026299 	23.537205 	19.416489 	19.646883 	13.000000 	6.082763 	3.162278 	4.000000 	7.615773 	999.000000 	3.162278 	5.830952 	5.385165 	8.544003 	
45.607018 	42.801868 	39.623226 	78.006409 	117.345642 	55.226807 	86.700638 	68.731361 	50.931328 	67.601776 	49.203659 	89.202019 	63.639610 	47.423622 	63.505905 	82.219215 	79.025314 	35.510563 	35.000000 	78.230431 	34.058773 	33.600594 	33.286633 	32.756680 	31.112698 	32.202484 	30.610456 	29.206163 	28.844410 	26.172504 	24.000000 	20.223749 	20.099751 	22.000000 	26.305893 	21.023796 	22.090721 	26.683329 	22.561028 	22.803509 	12.369317 	5.385165 	4.472136 	4.242640 	6.000000 	3.162278 	999.000000 	2.828427 	2.236068 	5.385165 	
45.343136 	42.520584 	39.623226 	76.006577 	115.524887 	55.154327 	85.000000 	70.455658 	50.931328 	69.354164 	49.648766 	87.367043 	65.375839 	47.381432 	65.276337 	80.399002 	77.000000 	36.235340 	35.510563 	76.105194 	34.409302 	34.132095 	34.000000 	33.541019 	31.240999 	33.241539 	31.064449 	29.681644 	29.529646 	28.017851 	26.076809 	22.022715 	22.000000 	24.083189 	28.635643 	23.194826 	24.331051 	29.120440 	25.000000 	25.298222 	11.180340 	5.000000 	6.000000 	5.099020 	4.472136 	5.830952 	2.828427 	999.000000 	1.000000 	3.000000 	
46.097721 	43.278172 	40.311287 	77.006493 	116.520386 	55.865910 	85.988373 	70.576202 	51.623638 	69.462219 	50.219517 	88.362885 	65.490456 	48.083260 	65.375839 	81.394104 	78.000000 	36.715118 	36.055511 	77.103828 	35.000000 	34.669872 	34.481880 	34.000000 	31.890438 	33.615471 	31.622776 	30.232433 	30.016663 	28.071337 	26.019224 	22.090721 	22.022715 	24.020824 	28.442924 	23.086792 	24.186773 	28.861740 	24.738634 	25.000000 	12.083046 	5.656854 	6.082763 	5.385165 	5.385165 	5.385165 	2.236068 	1.000000 	999.000000 	3.162278 	
47.381432 	44.553337 	41.868843 	76.105194 	115.849037 	57.314919 	85.510231 	73.437050 	53.150730 	72.339478 	52.153618 	87.692642 	68.359344 	49.578220 	68.264191 	80.752708 	77.058418 	38.910152 	38.078865 	76.006577 	36.891735 	36.715118 	36.674240 	36.249138 	33.600594 	36.055511 	33.615471 	32.249031 	32.202484 	31.016125 	29.068884 	25.019993 	25.000000 	27.073973 	31.575306 	26.172504 	27.294687 	32.015621 	27.892651 	28.160255 	12.806249 	7.615773 	9.000000 	8.062258 	6.403124 	8.544003 	5.385165 	3.000000 	3.162278 	999.000000 	

Travel time:
9.000000 	0.070711 	0.176777 	1.275980 	2.079964 	0.257391 	1.320275 	1.192686 	0.176777 	1.185854 	0.313249 	1.434617 	1.105102 	0.103078 	1.120547 	1.274755 	1.310773 	0.427931 	0.375000 	1.350926 	0.353553 	0.400780 	0.450000 	0.475000 	0.380789 	0.550568 	0.436606 	0.467039 	0.509902 	0.826514 	0.905539 	0.848896 	0.873212 	0.912414 	1.001249 	0.941409 	0.961769 	1.051190 	1.035918 	1.060660 	0.866386 	1.011496 	1.040433 	1.035012 	1.025914 	1.116356 	1.140175 	1.133578 	1.152443 	1.184536 	
0.070711 	9.000000 	0.127475 	1.290591 	2.118077 	0.325960 	1.353006 	1.209339 	0.237171 	1.200521 	0.340037 	1.463087 	1.116356 	0.152069 	1.130542 	1.300000 	1.325000 	0.388104 	0.328824 	1.360147 	0.300000 	0.350892 	0.403113 	0.427931 	0.316228 	0.505594 	0.378319 	0.406971 	0.452769 	0.775000 	0.851469 	0.789383 	0.813941 	0.855862 	0.950000 	0.883883 	0.905539 	1.000000 	0.980115 	1.004987 	0.795692 	0.941076 	0.970824 	0.965013 	0.955249 	1.047020 	1.070047 	1.063015 	1.081954 	1.113833 	
0.176777 	0.127475 	9.000000 	1.410895 	2.245551 	0.390512 	1.480076 	1.129712 	0.282843 	1.118034 	0.301040 	1.589221 	1.029563 	0.195256 	1.041933 	1.425219 	1.445035 	0.261008 	0.201556 	1.476906 	0.176777 	0.225000 	0.276134 	0.301040 	0.215058 	0.378319 	0.261008 	0.292617 	0.333542 	0.650481 	0.728869 	0.673146 	0.697316 	0.735697 	0.825379 	0.764853 	0.785016 	0.875357 	0.859142 	0.883883 	0.735272 	0.866386 	0.886707 	0.884590 	0.886707 	0.960469 	0.990581 	0.990581 	1.007782 	1.046721 	
1.275980 	1.290591 	1.410895 	9.000000 	1.006541 	1.325943 	0.360555 	2.421905 	1.364047 	2.421905 	1.562050 	0.325960 	2.352791 	1.355083 	2.371181 	0.201556 	0.035355 	1.666208 	1.598828 	0.125000 	1.554228 	1.610124 	1.666021 	1.688565 	1.513481 	1.767060 	1.601952 	1.615549 	1.671264 	1.992800 	2.047712 	1.947113 	1.971199 	2.033009 	2.158269 	2.050152 	2.081015 	2.205816 	2.153195 	2.177298 	1.653028 	1.826540 	1.904107 	1.877665 	1.800174 	1.977530 	1.950160 	1.900164 	1.925162 	1.902630 	
2.079964 	2.118077 	2.245551 	1.006541 	9.000000 	2.024846 	0.776611 	3.054709 	2.102974 	3.064719 	2.300679 	0.704006 	3.018692 	2.129114 	3.041073 	0.878208 	0.989002 	2.505619 	2.446554 	1.044629 	2.412727 	2.466399 	2.520169 	2.544725 	2.397134 	2.623095 	2.478533 	2.499625 	2.552695 	2.881514 	2.948941 	2.863237 	2.888122 	2.943000 	3.054709 	2.965215 	2.992699 	3.104231 	3.067267 	3.092127 	2.629282 	2.805463 	2.877716 	2.853945 	2.784107 	2.953811 	2.933641 	2.888122 	2.913010 	2.896226 	
0.257391 	0.325960 	0.390512 	1.325943 	2.024846 	9.000000 	1.299279 	1.096016 	0.111803 	1.096586 	0.279509 	1.428504 	1.030776 	0.195256 	1.050297 	1.285010 	1.361295 	0.577170 	0.548293 	1.418185 	0.548862 	0.581485 	0.617454 	0.640800 	0.605186 	0.704006 	0.638847 	0.673146 	0.704450 	0.989002 	1.075291 	1.040733 	1.063602 	1.091444 	1.158123 	1.123610 	1.138530 	1.206752 	1.209597 	1.233390 	1.117195 	1.255239 	1.277204 	1.274755 	1.273283 	1.350926 	1.380670 	1.378858 	1.396648 	1.432873 	
1.320275 	1.353006 	1.480076 	0.360555 	0.776611 	1.299279 	9.000000 	2.375000 	1.364047 	2.380257 	1.565248 	0.145774 	2.322849 	1.378858 	2.343608 	0.160078 	0.369121 	1.741049 	1.679658 	0.469707 	1.643358 	1.697793 	1.752320 	1.776584 	1.623461 	1.855398 	1.706239 	1.726268 	1.779923 	2.108613 	2.174425 	2.087163 	2.112019 	2.167516 	2.281036 	2.189321 	2.217121 	2.330370 	2.291561 	2.316382 	1.860779 	2.037462 	2.107279 	2.084616 	2.018818 	2.184176 	2.167516 	2.125000 	2.149709 	2.137756 	
1.192686 	1.209339 	1.129712 	2.421905 	3.054709 	1.096016 	2.375000 	9.000000 	1.065950 	0.035355 	0.880696 	2.510602 	0.127475 	1.095730 	0.134629 	2.375395 	2.457260 	0.976281 	1.037123 	2.512469 	1.092016 	1.055047 	1.019804 	1.015197 	1.188486 	0.980115 	1.122776 	1.142639 	1.110180 	1.064483 	1.128051 	1.212693 	1.216552 	1.176860 	1.106797 	1.206752 	1.188486 	1.123610 	1.209597 	1.217580 	1.625769 	1.654728 	1.612452 	1.634396 	1.702939 	1.648105 	1.718284 	1.761391 	1.764405 	1.835926 	
0.176777 	0.237171 	0.282843 	1.364047 	2.102974 	0.111803 	1.364047 	1.065950 	9.000000 	1.063015 	0.201556 	1.488497 	0.989950 	0.090139 	1.007782 	1.338376 	1.399330 	0.467039 	0.436606 	1.449569 	0.437321 	0.469707 	0.506211 	0.529741 	0.496236 	0.594243 	0.527376 	0.561805 	0.592663 	0.879275 	0.965013 	0.929045 	0.951972 	0.980434 	1.049405 	1.012423 	1.027740 	1.098294 	1.099147 	1.123054 	1.015197 	1.149184 	1.168867 	1.167262 	1.168867 	1.241974 	1.273283 	1.273283 	1.290591 	1.328768 	
1.185854 	1.200521 	1.118034 	2.421905 	3.064719 	1.096586 	2.380257 	0.035355 	1.063015 	9.000000 	0.875000 	2.515079 	0.100000 	1.090011 	0.103078 	2.378287 	2.457260 	0.958188 	1.020110 	2.511225 	1.075291 	1.037123 	1.000625 	0.995301 	1.171004 	0.958188 	1.103687 	1.122776 	1.089151 	1.035918 	1.098294 	1.184536 	1.187960 	1.147279 	1.075291 	1.176860 	1.158123 	1.091444 	1.178187 	1.185854 	1.601757 	1.628074 	1.584692 	1.607016 	1.676678 	1.619414 	1.690044 	1.733854 	1.736555 	1.808487 	
0.313249 	0.340037 	0.301040 	1.562050 	2.300679 	0.279509 	1.565248 	0.880696 	0.201556 	0.875000 	9.000000 	1.690044 	0.797261 	0.215058 	0.813941 	1.539683 	1.597263 	0.355317 	0.355317 	1.644878 	0.381608 	0.390512 	0.406971 	0.425735 	0.469707 	0.471699 	0.465027 	0.500000 	0.512957 	0.749166 	0.838525 	0.825379 	0.845946 	0.862047 	0.910014 	0.896172 	0.905883 	0.956883 	0.972754 	0.995301 	1.006231 	1.116356 	1.120547 	1.125000 	1.144825 	1.187697 	1.230091 	1.241219 	1.255488 	1.303840 	
1.434617 	1.463087 	1.589221 	0.325960 	0.704006 	1.428504 	0.145774 	2.510602 	1.488497 	2.515079 	1.690044 	9.000000 	2.455733 	1.498332 	2.476136 	0.175000 	0.320156 	1.850000 	1.786757 	0.406971 	1.748035 	1.803122 	1.858259 	1.882153 	1.722099 	1.961186 	1.806931 	1.825171 	1.879661 	2.207374 	2.270050 	2.178302 	2.202981 	2.260669 	2.378156 	2.281036 	2.309897 	2.427061 	2.383800 	2.408449 	1.926461 	2.102380 	2.175575 	2.151308 	2.080415 	2.251250 	2.230051 	2.184176 	2.209072 	2.192316 	
1.105102 	1.116356 	1.029563 	2.352791 	3.018692 	1.030776 	2.322849 	0.127475 	0.989950 	0.100000 	0.797261 	2.455733 	9.000000 	1.011496 	0.025000 	2.315437 	2.388122 	0.862047 	0.925000 	2.439518 	0.980434 	0.941076 	0.903466 	0.897566 	1.075291 	0.859142 	1.006541 	1.025000 	0.990581 	0.937083 	1.000625 	1.085415 	1.089151 	1.049405 	0.980434 	1.079352 	1.061249 	0.998123 	1.083109 	1.091444 	1.501874 	1.528275 	1.485345 	1.507481 	1.576785 	1.520691 	1.590990 	1.634396 	1.637261 	1.708984 	
0.103078 	0.152069 	0.195256 	1.355083 	2.129114 	0.195256 	1.378858 	1.095730 	0.090139 	1.090011 	0.215058 	1.498332 	1.011496 	9.000000 	1.027740 	1.342805 	1.390144 	0.403113 	0.364006 	1.434617 	0.357946 	0.395285 	0.436606 	0.460977 	0.410031 	0.530330 	0.447214 	0.480885 	0.515388 	0.813941 	0.897566 	0.854400 	0.877853 	0.910014 	0.986471 	0.941076 	0.958188 	1.035918 	1.030776 	1.055047 	0.925338 	1.060660 	1.081954 	1.079641 	1.079641 	1.155692 	1.185591 	1.184536 	1.202081 	1.239455 	
1.120547 	1.130542 	1.041933 	2.371181 	3.041073 	1.050297 	2.343608 	0.134629 	1.007782 	0.103078 	0.813941 	2.476136 	0.025000 	1.027740 	9.000000 	2.335193 	2.406502 	0.869626 	0.933408 	2.457260 	0.989002 	0.948683 	0.910014 	0.903466 	1.083109 	0.863134 	1.013040 	1.030776 	0.995301 	0.933408 	0.995301 	1.082243 	1.085415 	1.044330 	0.972432 	1.073837 	1.055047 	0.989002 	1.075291 	1.083109 	1.503330 	1.526843 	1.482607 	1.505199 	1.575794 	1.516781 	1.587648 	1.631908 	1.634396 	1.706605 	
1.274755 	1.300000 	1.425219 	0.201556 	0.878208 	1.285010 	0.160078 	2.375395 	1.338376 	2.378287 	1.539683 	0.175000 	2.315437 	1.342805 	2.335193 	9.000000 	0.213600 	1.685416 	1.621149 	0.316228 	1.581139 	1.636498 	1.691892 	1.715554 	1.552418 	1.794610 	1.638025 	1.655483 	1.710263 	2.037308 	2.098809 	2.005773 	2.030394 	2.088660 	2.207374 	2.108613 	2.137756 	2.256103 	2.211476 	2.236068 	1.751606 	1.927596 	2.000625 	1.976424 	1.905912 	2.076355 	2.055480 	2.009975 	2.034853 	2.018818 	
1.310773 	1.325000 	1.445035 	0.035355 	0.989002 	1.361295 	0.369121 	2.457260 	1.399330 	2.457260 	1.597263 	0.320156 	2.388122 	1.390144 	2.406502 	0.213600 	9.000000 	1.700000 	1.632483 	0.103078 	1.587648 	1.643548 	1.699448 	1.721918 	1.546165 	1.800347 	1.634778 	1.648105 	1.703856 	2.024846 	2.079213 	1.978004 	2.002030 	2.064128 	2.189892 	2.081015 	2.112019 	2.237325 	2.184033 	2.208082 	1.679658 	1.852701 	1.930835 	1.904107 	1.825685 	2.003902 	1.975633 	1.925000 	1.950000 	1.926461 	
0.427931 	0.388104 	0.261008 	1.666208 	2.505619 	0.577170 	1.741049 	0.976281 	0.467039 	0.958188 	0.355317 	1.850000 	0.862047 	0.403113 	0.869626 	1.685416 	1.700000 	9.000000 	0.070711 	1.727896 	0.125000 	0.079057 	0.055902 	0.070711 	0.213600 	0.127475 	0.150000 	0.176777 	0.167705 	0.412311 	0.498121 	0.471699 	0.493077 	0.515388 	0.583631 	0.548293 	0.561805 	0.632949 	0.632456 	0.656220 	0.697316 	0.782624 	0.776611 	0.784618 	0.817389 	0.840015 	0.887764 	0.905883 	0.917878 	0.972754 	
0.375000 	0.328824 	0.201556 	1.598828 	2.446554 	0.548293 	1.679658 	1.037123 	0.436606 	1.020110 	0.355317 	1.786757 	0.925000 	0.364006 	0.933408 	1.621149 	1.632483 	0.070711 	9.000000 	1.659254 	0.055902 	0.035355 	0.075000 	0.100000 	0.152069 	0.176777 	0.111803 	0.145774 	0.160078 	0.452769 	0.534439 	0.492443 	0.515388 	0.546008 	0.626997 	0.577170 	0.594243 	0.676849 	0.667083 	0.691466 	0.664266 	0.763217 	0.765261 	0.770146 	0.794119 	0.832541 	0.875000 	0.887764 	0.901388 	0.951972 	
1.350926 	1.360147 	1.476906 	0.125000 	1.044629 	1.418185 	0.469707 	2.512469 	1.449569 	2.511225 	1.644878 	0.406971 	2.439518 	1.434617 	2.457260 	0.316228 	0.103078 	1.727896 	1.659254 	9.000000 	1.612452 	1.668270 	1.724094 	1.745888 	1.565248 	1.823630 	1.654728 	1.666021 	1.721918 	2.038535 	2.089258 	1.984471 	2.008109 	2.071835 	2.200568 	2.087163 	2.118962 	2.247221 	2.189892 	2.213594 	1.665270 	1.835926 	1.916377 	1.888452 	1.806239 	1.987775 	1.955761 	1.902630 	1.927596 	1.900164 	
0.353553 	0.300000 	0.176777 	1.554228 	2.412727 	0.548862 	1.643358 	1.092016 	0.437321 	1.075291 	0.381608 	1.748035 	0.980434 	0.357946 	0.989002 	1.581139 	1.587648 	0.125000 	0.055902 	1.612452 	9.000000 	0.055902 	0.111803 	0.134629 	0.100000 	0.213600 	0.090139 	0.125000 	0.158114 	0.475000 	0.552268 	0.498121 	0.522015 	0.559017 	0.650000 	0.588430 	0.608276 	0.700000 	0.682367 	0.707107 	0.626997 	0.735272 	0.743303 	0.745822 	0.763217 	0.813173 	0.851469 	0.860233 	0.875000 	0.922293 	
0.400780 	0.350892 	0.225000 	1.610124 	2.466399 	0.581485 	1.697793 	1.055047 	0.469707 	1.037123 	0.390512 	1.803122 	0.941076 	0.395285 	0.948683 	1.636498 	1.643548 	0.079057 	0.035355 	1.668270 	0.055902 	9.000000 	0.055902 	0.079057 	0.134629 	0.158114 	0.079057 	0.111803 	0.125000 	0.425735 	0.505594 	0.459619 	0.482830 	0.515388 	0.600521 	0.546008 	0.564026 	0.650481 	0.637377 	0.661910 	0.632456 	0.728869 	0.730154 	0.735272 	0.760345 	0.797261 	0.840015 	0.853302 	0.866747 	0.917878 	
0.450000 	0.403113 	0.276134 	1.666021 	2.520169 	0.617454 	1.752320 	1.019804 	0.506211 	1.000625 	0.406971 	1.858259 	0.903466 	0.436606 	0.910014 	1.691892 	1.699448 	0.055902 	0.075000 	1.724094 	0.111803 	0.055902 	9.000000 	0.025000 	0.180278 	0.103078 	0.103078 	0.125000 	0.111803 	0.378319 	0.460977 	0.425000 	0.447214 	0.474342 	0.552268 	0.506211 	0.522015 	0.602080 	0.594243 	0.618466 	0.642748 	0.726722 	0.721110 	0.728869 	0.761577 	0.785016 	0.832166 	0.850000 	0.862047 	0.916856 	
0.475000 	0.427931 	0.301040 	1.688565 	2.544725 	0.640800 	1.776584 	1.015197 	0.529741 	0.995301 	0.425735 	1.882153 	0.897566 	0.460977 	0.903466 	1.715554 	1.721918 	0.070711 	0.100000 	1.745888 	0.134629 	0.079057 	0.025000 	9.000000 	0.195256 	0.079057 	0.111803 	0.127475 	0.103078 	0.353553 	0.436606 	0.403113 	0.425000 	0.450694 	0.527376 	0.482830 	0.498121 	0.577170 	0.570088 	0.594243 	0.637377 	0.715891 	0.707549 	0.716327 	0.752080 	0.770146 	0.818917 	0.838525 	0.850000 	0.906228 	
0.380789 	0.316228 	0.215058 	1.513481 	2.397134 	0.605186 	1.623461 	1.188486 	0.496236 	1.171004 	0.469707 	1.722099 	1.075291 	0.410031 	1.083109 	1.552418 	1.546165 	0.213600 	0.152069 	1.565248 	0.100000 	0.134629 	0.180278 	0.195256 	9.000000 	0.265754 	0.090139 	0.103078 	0.158114 	0.485412 	0.552268 	0.477624 	0.502494 	0.550000 	0.657647 	0.575543 	0.600000 	0.707107 	0.675000 	0.700000 	0.536773 	0.656220 	0.672681 	0.671751 	0.680074 	0.745822 	0.777817 	0.781025 	0.797261 	0.840015 	
