Total assets = 560
Number of asset nodes = 33

Distance:
999.000000 	25.317978 	6.082763 	8.544003 	19.235384 	8.602325 	76.478752 	88.323273 	75.584389 	49.477268 	75.153175 	22.803509 	70.384659 	80.056229 	53.600372 	48.836460 	60.605282 	104.004807 	76.557167 	74.464760 	48.373547 	85.000000 	91.241440 	26.172504 	50.358715 	29.732138 	54.589375 	51.244511 	20.124611 	92.612091 	93.520050 	140.801285 	58.309521 	127.003937 	89.693924 	126.400162 	94.021271 	140.929062 	65.764732 	28.635643 	23.769728 	36.124783 	94.154129 	92.477028 	130.000000 	60.074955 	93.407707 	141.767410 	26.419689 	133.405396 	33.120991 	
25.317978 	999.000000 	31.144823 	33.015148 	9.433981 	30.149628 	100.846420 	112.258629 	100.089958 	74.732857 	99.724625 	12.206555 	95.189285 	104.546638 	78.854294 	74.148499 	80.919716 	124.963997 	101.242287 	99.297531 	73.681747 	109.562767 	115.550858 	16.552946 	75.663727 	16.278820 	79.906197 	76.531036 	36.769554 	117.175079 	118.105888 	162.431519 	83.600243 	149.789856 	114.490173 	149.251465 	118.680244 	162.800491 	91.082382 	25.553865 	36.359318 	23.021729 	118.928551 	117.324333 	152.856140 	85.287750 	118.270874 	163.807816 	42.485291 	156.160172 	26.570660 	
6.082763 	31.144823 	999.000000 	2.828427 	24.351591 	6.082763 	71.693794 	83.761566 	70.710678 	43.965897 	70.235321 	27.294687 	65.306969 	75.179787 	48.083260 	43.174065 	57.982758 	100.767059 	71.554176 	69.354164 	42.579338 	80.062477 	86.452301 	30.000000 	44.553337 	33.837849 	48.836460 	45.398239 	17.262676 	87.658424 	88.549423 	137.178711 	52.469040 	122.918671 	84.581322 	122.286552 	89.000000 	137.207870 	60.016663 	30.805843 	22.000000 	39.698868 	89.050545 	87.321243 	125.876923 	54.147945 	88.238312 	137.974640 	23.086792 	129.321304 	35.608986 	
8.544003 	33.015148 	2.828427 	999.000000 	25.709921 	5.000000 	71.021126 	83.234612 	69.971420 	42.720020 	69.462219 	28.231188 	64.412735 	74.431175 	46.818798 	41.761227 	58.668560 	101.044548 	70.710678 	68.425140 	41.000000 	79.259071 	85.755463 	30.528675 	42.953465 	34.481880 	47.296936 	43.737854 	15.033297 	86.833176 	87.709747 	137.207870 	50.803543 	122.674362 	83.630135 	122.024590 	88.119240 	137.178711 	58.463665 	30.479502 	20.099751 	40.000000 	88.102211 	86.330757 	125.606529 	52.345009 	87.235313 	137.902145 	20.615528 	129.073624 	35.383614 	
19.235384 	9.433981 	24.351591 	25.709921 	999.000000 	22.090721 	95.713112 	107.540688 	94.810333 	68.308128 	94.371605 	5.099020 	89.554451 	99.282425 	72.422371 	67.446274 	78.517517 	122.347862 	95.754898 	93.621582 	66.708321 	104.216118 	110.476242 	10.049875 	68.658577 	12.083046 	73.006851 	69.426216 	27.513634 	111.825760 	112.729767 	159.452194 	76.485291 	146.013702 	108.853111 	145.426956 	113.216606 	159.665268 	84.172440 	17.720045 	26.925823 	19.313208 	113.318138 	111.615410 	149.030197 	77.929459 	112.538879 	160.561508 	33.105892 	152.410629 	20.024984 	
8.602325 	30.149628 	6.082763 	5.000000 	22.090721 	999.000000 	75.716576 	88.005684 	74.625732 	47.010635 	74.094536 	24.041630 	68.963760 	79.075912 	51.078373 	45.880280 	63.631752 	106.042442 	75.292763 	72.945183 	44.922153 	83.862984 	90.426765 	25.942244 	46.840153 	29.966648 	51.244511 	47.539455 	11.704700 	91.416626 	92.282173 	142.172424 	54.571056 	127.561752 	88.119240 	126.905479 	92.660675 	142.130219 	62.361847 	25.495098 	16.031219 	35.227829 	92.590500 	90.785461 	130.483719 	55.901699 	91.678787 	142.842575 	17.888544 	133.958954 	30.413813 	
76.478752 	100.846420 	71.693794 	71.021126 	95.713112 	75.716576 	999.000000 	12.806249 	2.000000 	30.479502 	3.000000 	98.979797 	8.544003 	4.000000 	27.202942 	32.802441 	33.615471 	41.109608 	4.472136 	7.071068 	35.227829 	9.055386 	14.764823 	101.548019 	34.132095 	105.475113 	30.413813 	34.481880 	79.309517 	16.492422 	17.464249 	70.327805 	30.675724 	53.413483 	15.033297 	52.630791 	18.248287 	69.641945 	25.179358 	100.603180 	84.899940 	110.941429 	19.026299 	18.027756 	56.080299 	32.984844 	19.026299 	69.892776 	79.931221 	59.665737 	105.603027 	
88.323273 	112.258629 	83.761566 	83.234612 	107.540688 	88.005684 	12.806249 	999.000000 	14.422205 	43.278172 	15.264338 	110.981979 	21.095022 	10.770329 	40.000000 	45.607018 	39.115215 	31.400637 	15.231546 	18.384777 	48.010414 	9.055386 	5.830952 	113.718948 	46.872166 	117.596771 	43.046486 	47.169907 	91.967384 	10.000000 	10.816654 	57.706154 	42.953465 	40.607880 	13.038404 	39.824615 	12.206555 	56.938564 	36.687874 	113.070778 	97.590981 	123.223373 	14.212670 	14.866069 	43.278172 	44.944408 	15.556349 	57.140179 	92.698433 	46.861500 	118.067780 	
75.584389 	100.089958 	70.710678 	69.971420 	94.810333 	74.625732 	2.000000 	14.422205 	999.000000 	29.000000 	1.000000 	98.005104 	6.708204 	4.472136 	25.612497 	31.240999 	34.438351 	43.104523 	2.828427 	5.099020 	33.600594 	9.486833 	15.811388 	100.498756 	32.449963 	104.446159 	28.653097 	32.756680 	77.987175 	17.088007 	18.027756 	72.069412 	28.792360 	55.000000 	15.033297 	54.203320 	18.681541 	71.344238 	23.194826 	99.403221 	83.546394 	109.836243 	19.235384 	18.027756 	57.628117 	31.048349 	19.026299 	71.561165 	78.492035 	61.220913 	104.403069 	
49.477268 	74.732857 	43.965897 	42.720020 	68.308128 	47.010635 	30.479502 	43.278172 	29.000000 	999.000000 	28.284271 	70.936592 	22.671568 	33.241539 	4.123106 	3.000000 	37.643059 	68.007355 	29.068884 	26.400757 	6.000000 	37.643059 	44.598206 	72.917763 	6.324555 	76.967529 	7.211102 	7.615773 	49.203659 	45.000000 	45.803928 	100.404182 	11.661903 	83.868942 	41.340054 	83.096329 	46.043457 	99.864906 	17.117243 	71.021126 	54.671749 	81.884064 	45.793011 	43.908997 	86.556343 	15.000000 	44.777225 	100.209778 	49.497475 	90.138779 	76.006577 	
75.153175 	99.724625 	70.235321 	69.462219 	94.371605 	74.094536 	3.000000 	15.264338 	1.000000 	28.284271 	999.000000 	97.529480 	5.830952 	5.000000 	24.839485 	30.479502 	34.885529 	44.102154 	2.236068 	4.123106 	32.802441 	9.848858 	16.401220 	99.985001 	31.622776 	103.942291 	27.784887 	31.906113 	77.336922 	17.464249 	18.384777 	72.945183 	27.856777 	55.803226 	15.132746 	55.000000 	18.973665 	72.201111 	22.203604 	98.812958 	82.879433 	109.293182 	19.416489 	18.110771 	58.412327 	30.083218 	19.104973 	72.401657 	77.781746 	62.008064 	103.812332 	
22.803509 	12.206555 	27.294687 	28.231188 	5.099020 	24.041630 	98.979797 	110.981979 	98.005104 	70.936592 	97.529480 	999.000000 	92.574295 	102.474388 	75.026665 	69.892776 	82.879433 	126.574089 	98.838249 	96.607452 	68.963760 	107.354553 	113.740936 	5.000000 	70.880180 	7.211102 	75.286118 	71.568146 	27.294687 	114.947815 	115.836090 	163.526749 	78.587532 	149.806549 	111.825760 	149.201202 	116.275536 	163.685669 	86.400230 	13.416408 	25.632011 	14.317822 	116.297035 	114.542572 	152.800522 	79.831070 	115.451286 	164.541794 	32.280025 	156.208191 	15.132746 	
70.384659 	95.189285 	65.306969 	64.412735 	89.554451 	68.963760 	8.544003 	21.095022 	6.708204 	22.671568 	5.830952 	92.574295 	999.000000 	10.630146 	19.104973 	24.758837 	35.000000 	49.365982 	6.403124 	4.123106 	27.018513 	15.000000 	21.931713 	94.894676 	25.806976 	98.883774 	21.954498 	26.076809 	71.840103 	22.472204 	23.323807 	78.771820 	22.135944 	61.611687 	19.313208 	60.802959 	23.706539 	78.032043 	17.000000 	93.477272 	77.336922 	104.100914 	23.769728 	22.135944 	64.202805 	24.515301 	23.086792 	78.230431 	72.138756 	67.801178 	98.473343 	
80.056229 	104.546638 	75.179787 	74.431175 	99.282425 	79.075912 	4.000000 	10.770329 	4.472136 	33.241539 	5.000000 	102.474388 	10.630146 	999.000000 	29.732138 	35.383614 	37.336308 	41.012192 	4.472136 	7.615773 	37.643059 	5.099020 	11.401754 	104.957130 	36.400551 	108.908218 	32.449963 	36.619667 	82.328613 	12.649111 	13.601471 	68.425140 	32.202484 	51.039200 	11.045361 	50.219517 	14.317822 	67.601776 	25.961510 	103.812332 	87.863533 	114.280357 	15.033297 	14.035668 	53.600372 	34.176014 	15.033297 	67.742157 	82.734512 	57.201397 	108.811768 	
53.600372 	78.854294 	48.083260 	46.818798 	72.422371 	51.078373 	27.202942 	40.000000 	25.612497 	4.123106 	24.839485 	75.026665 	19.104973 	29.732138 	999.000000 	5.656854 	38.078865 	65.802734 	25.455845 	22.671568 	8.062258 	33.970577 	41.012192 	76.967529 	7.280110 	81.024689 	5.385165 	8.062258 	53.009434 	41.231056 	42.011902 	97.416634 	9.219544 	80.603973 	37.443291 	79.812279 	42.201897 	96.798759 	13.341664 	74.946648 	58.412327 	85.883644 	41.880783 	39.962482 	83.240616 	12.806249 	40.816662 	97.082436 	53.075417 	86.833176 	79.924965 	
48.836460 	74.148499 	43.174065 	41.761227 	67.446274 	45.880280 	32.802441 	45.607018 	31.240999 	3.000000 	30.479502 	69.892776 	24.758837 	35.383614 	5.656854 	999.000000 	40.521599 	70.837845 	31.112698 	28.319605 	3.000000 	39.623226 	46.669048 	71.693794 	3.605551 	75.769386 	6.082763 	5.000000 	47.434166 	46.861500 	47.634022 	102.927162 	10.440307 	86.214851 	43.011627 	85.428329 	47.801674 	102.342560 	17.029387 	69.462219 	52.801514 	80.498444 	47.434166 	45.486263 	88.865067 	13.416408 	46.324940 	102.649887 	47.423622 	92.455391 	74.431175 	
60.605282 	80.919716 	57.982758 	58.668560 	78.517517 	63.631752 	33.615471 	39.115215 	34.438351 	37.643059 	34.885529 	82.879433 	35.000000 	37.336308 	38.078865 	40.521599 	999.000000 	44.045429 	37.121422 	37.735924 	43.416588 	41.761227 	44.407207 	86.683334 	43.965897 	90.027771 	43.462627 	45.221676 	71.693794 	47.853943 	48.836460 	81.608826 	46.957428 	70.263786 	48.083260 	69.856995 	50.009998 	82.097504 	47.201694 	88.752464 	77.472572 	96.674713 	51.419842 	50.960770 	73.409805 	50.537113 	51.923019 	83.216583 	74.946648 	76.485291 	93.477272 	
104.004807 	124.963997 	100.767059 	101.044548 	122.347862 	106.042442 	41.109608 	31.400637 	43.104523 	68.007355 	44.102154 	126.574089 	49.365982 	41.012192 	65.802734 	70.837845 	44.045429 	999.000000 	45.011108 	48.041649 	73.681747 	40.447498 	35.440090 	130.176804 	73.082146 	133.660019 	70.092796 	73.763138 	112.605507 	39.217342 	39.560081 	37.735924 	71.196907 	30.016663 	43.680660 	30.000000 	40.853397 	38.470768 	66.272163 	131.502853 	118.431412 	140.121368 	43.081318 	44.598206 	33.060551 	73.824112 	44.944408 	39.812057 	114.738831 	35.355339 	136.359818 	
76.557167 	101.242287 	71.554176 	70.710678 	95.754898 	75.292763 	4.472136 	15.231546 	2.828427 	29.068884 	2.236068 	98.838249 	6.403124 	4.472136 	25.455845 	31.112698 	37.121422 	45.011108 	999.000000 	3.162278 	33.301651 	8.602325 	15.556349 	101.212646 	32.015621 	105.190300 	28.017851 	32.202484 	78.243210 	16.124516 	17.000000 	72.897186 	27.730848 	55.470715 	13.341664 	54.644306 	17.464249 	72.069412 	21.587032 	99.864906 	83.737686 	110.453613 	17.720045 	16.278820 	58.008621 	29.732138 	17.262676 	72.201111 	78.517517 	61.611687 	104.861816 	
74.464760 	99.297531 	69.354164 	68.425140 	93.621582 	72.945183 	7.071068 	18.384777 	5.099020 	26.400757 	4.123106 	96.607452 	4.123106 	7.615773 	22.671568 	28.319605 	37.735924 	48.041649 	3.162278 	999.000000 	30.413813 	11.313708 	18.439089 	98.883774 	29.068884 	102.883430 	25.000000 	29.206163 	75.604233 	18.601076 	19.416489 	76.026314 	24.596748 	58.523499 	15.231546 	57.688820 	19.723083 	75.179787 	18.439089 	97.349884 	81.055534 	108.046288 	19.697716 	18.027756 	61.032780 	26.570660 	18.973665 	75.292763 	75.742989 	64.637451 	102.342560 	
48.373547 	73.681747 	42.579338 	41.000000 	66.708321 	44.922153 	35.227829 	48.010414 	33.600594 	6.000000 	32.802441 	68.963760 	27.018513 	37.643059 	8.062258 	3.000000 	43.416588 	73.681747 	33.301651 	30.413813 	999.000000 	41.725292 	48.836460 	70.576202 	2.000000 	74.672615 	6.324555 	3.162278 	45.793011 	48.836460 	49.578220 	105.475113 	10.000000 	88.600227 	44.821869 	87.800911 	49.678970 	104.847511 	17.464249 	68.000000 	51.039200 	79.202271 	49.203659 	47.201694 	91.214035 	12.369317 	48.010414 	105.118980 	45.453274 	94.810333 	72.945183 	
85.000000 	109.562767 	80.062477 	79.259071 	104.216118 	83.862984 	9.055386 	9.055386 	9.486833 	37.643059 	9.848858 	107.354553 	15.000000 	5.099020 	33.970577 	39.623226 	41.761227 	40.447498 	8.602325 	11.313708 	41.725292 	999.000000 	7.211102 	109.772491 	40.360870 	113.740936 	36.235340 	40.459858 	86.833176 	7.615773 	8.544003 	65.391129 	35.510563 	47.507893 	6.324555 	46.647614 	9.219544 	64.404968 	28.635643 	108.466583 	92.314682 	119.037811 	10.000000 	9.219544 	49.929951 	37.121422 	10.198039 	64.412735 	87.045967 	53.535034 	113.463654 	
91.241440 	115.550858 	86.452301 	85.755463 	110.476242 	90.426765 	14.764823 	5.830952 	15.811388 	44.598206 	16.401220 	113.740936 	21.931713 	11.401754 	41.012192 	46.669048 	44.407207 	35.440090 	15.556349 	18.439089 	48.836460 	7.211102 	999.000000 	116.284134 	47.507893 	120.220627 	43.416588 	47.634022 	93.723000 	4.242640 	5.000000 	58.309521 	42.720020 	40.311287 	8.246211 	39.446167 	6.403124 	57.271286 	35.777088 	115.208504 	99.247169 	125.642349 	8.485281 	9.433981 	42.720020 	44.294468 	10.000000 	57.245087 	94.069122 	46.324940 	120.208153 	
26.172504 	16.552946 	30.000000 	30.528675 	10.049875 	25.942244 	101.548019 	113.718948 	100.498756 	72.917763 	99.985001 	5.000000 	94.894676 	104.957130 	76.967529 	71.693794 	86.683334 	130.176804 	101.212646 	98.883774 	70.576202 	109.772491 	116.284134 	999.000000 	72.449982 	4.123106 	76.896034 	73.054771 	27.018513 	117.337120 	118.207443 	166.931122 	80.006248 	152.895386 	114.061386 	152.269501 	118.595955 	167.026947 	87.920418 	9.219544 	24.331051 	10.000000 	118.532700 	116.726173 	155.862122 	81.043198 	117.618027 	167.836227 	31.257000 	159.298462 	10.198039 	
50.358715 	75.663727 	44.553337 	42.953465 	68.658577 	46.840153 	34.132095 	46.872166 	32.449963 	6.324555 	31.622776 	70.880180 	25.806976 	36.400551 	7.280110 	3.605551 	43.965897 	73.082146 	32.015621 	29.068884 	2.000000 	40.360870 	47.507893 	72.449982 	999.000000 	76.550636 	4.472136 	1.414214 	47.507893 	47.381432 	48.104053 	104.446159 	8.000000 	87.418533 	43.278172 	86.608315 	48.166378 	103.773796 	15.524175 	69.771057 	52.697250 	81.024689 	47.634022 	45.607018 	90.000000 	10.440307 	46.400433 	104.009613 	47.010635 	93.600212 	74.706093 	
29.732138 	16.278820 	33.837849 	34.481880 	12.083046 	29.966648 	105.475113 	117.596771 	104.446159 	76.967529 	103.942291 	7.211102 	98.883774 	108.908218 	81.024689 	75.769386 	90.027771 	133.660019 	105.190300 	102.883430 	74.672615 	113.740936 	120.220627 	4.123106 	76.550636 	999.000000 	80.993828 	77.162170 	31.064449 	121.313644 	122.188377 	170.531525 	84.118965 	156.646103 	118.072014 	156.028839 	122.588745 	170.660477 	92.027168 	11.661903 	28.160255 	7.280110 	122.543869 	120.747673 	159.624557 	85.164543 	121.642921 	171.493439 	35.128338 	163.049072 	10.816654 	
54.589375 	79.906197 	48.836460 	47.296936 	73.006851 	51.244511 	30.413813 	43.046486 	28.653097 	7.211102 	27.784887 	75.286118 	21.954498 	32.449963 	5.385165 	6.082763 	43.462627 	70.092796 	28.017851 	25.000000 	6.324555 	36.235340 	43.416588 	76.896034 	4.472136 	80.993828 	999.000000 	4.242640 	51.971146 	43.139309 	43.840622 	100.722389 	4.472136 	83.486526 	38.948685 	82.661964 	43.863426 	99.985001 	11.180340 	74.242844 	57.140179 	85.492691 	43.278172 	41.231056 	86.023254 	7.810250 	42.011902 	100.169853 	51.400391 	89.627007 	79.177017 	
51.244511 	76.531036 	45.398239 	43.737854 	69.426216 	47.539455 	34.481880 	47.169907 	32.756680 	7.615773 	31.906113 	71.568146 	26.076809 	36.619667 	8.062258 	5.000000 	45.221676 	73.763138 	32.202484 	29.206163 	3.162278 	40.459858 	47.634022 	73.054771 	1.414214 	77.162170 	4.242640 	999.000000 	47.885281 	47.381432 	48.083260 	104.809349 	7.071068 	87.658424 	43.185646 	86.838928 	48.104053 	104.100914 	14.866069 	70.213959 	53.000000 	81.541397 	47.507893 	45.453274 	90.210861 	9.219544 	46.227695 	104.307236 	47.201694 	93.813644 	75.133217 	
20.124611 	36.769554 	17.262676 	15.033297 	27.513634 	11.704700 	79.309517 	91.967384 	77.987175 	49.203659 	77.336922 	27.294687 	71.840103 	82.328613 	53.009434 	47.434166 	71.693794 	112.605507 	78.243210 	75.604233 	45.793011 	86.833176 	93.723000 	27.018513 	47.507893 	31.064449 	51.971146 	47.885281 	999.000000 	94.201912 	95.000000 	147.756561 	54.561890 	132.245987 	90.443352 	131.529465 	95.210297 	147.512711 	62.609905 	22.472204 	5.830952 	34.205261 	94.868332 	92.913940 	135.059250 	55.154327 	93.744331 	148.070923 	6.403124 	138.600143 	27.313000 	
92.612091 	117.175079 	87.658424 	86.833176 	111.825760 	91.416626 	16.492422 	10.000000 	17.088007 	45.000000 	17.464249 	114.947815 	22.472204 	12.649111 	41.231056 	46.861500 	47.853943 	39.217342 	16.124516 	18.601076 	48.836460 	7.615773 	4.242640 	117.337120 	47.381432 	121.313644 	43.139309 	47.381432 	94.201912 	999.000000 	1.000000 	60.083275 	42.011902 	41.629318 	5.099020 	40.718548 	2.236068 	58.872746 	34.669872 	115.935326 	99.639351 	126.570137 	4.242640 	5.385165 	43.829212 	43.266617 	5.830952 	58.694122 	94.260277 	47.413078 	120.929733 	
93.520050 	118.105888 	88.549423 	87.709747 	112.729767 	92.282173 	17.464249 	10.816654 	18.027756 	45.803928 	18.384777 	115.836090 	23.323807 	13.601471 	42.011902 	47.634022 	48.836460 	39.560081 	17.000000 	19.416489 	49.578220 	8.544003 	5.000000 	118.207443 	48.104053 	122.188377 	43.840622 	48.083260 	95.000000 	1.000000 	999.000000 	59.774578 	42.638012 	41.231056 	5.385165 	40.311287 	1.414214 	58.523499 	35.227829 	116.764717 	100.424103 	127.424484 	3.605551 	5.099020 	43.382023 	43.829212 	5.385165 	58.309521 	95.015785 	46.957428 	121.757957 	
140.801285 	162.431519 	137.178711 	137.207870 	159.452194 	142.172424 	70.327805 	57.706154 	72.069412 	100.404182 	72.945183 	163.526749 	78.771820 	68.425140 	97.416634 	102.927162 	81.608826 	37.735924 	72.897186 	76.026314 	105.475113 	65.391129 	58.309521 	166.931122 	104.446159 	170.531525 	100.722389 	104.809349 	147.756561 	60.083275 	59.774578 	999.000000 	100.623062 	19.104973 	65.145988 	20.099751 	60.440052 	2.828427 	94.021271 	167.657394 	153.525238 	176.799316 	62.096699 	64.288414 	18.027756 	102.459747 	64.031242 	5.000000 	149.201202 	15.297058 	172.586212 	
58.309521 	83.600243 	52.469040 	50.803543 	76.485291 	54.571056 	30.675724 	42.953465 	28.792360 	11.661903 	27.856777 	78.587532 	22.135944 	32.202484 	9.219544 	10.440307 	46.957428 	71.196907 	27.730848 	24.596748 	10.000000 	35.510563 	42.720020 	80.006248 	8.000000 	84.118965 	4.472136 	7.071068 	54.561890 	42.011902 	42.638012 	100.623062 	999.000000 	83.006027 	37.536648 	82.152298 	42.520584 	99.764725 	8.062258 	76.967529 	59.539902 	88.391174 	41.725292 	39.597980 	85.440041 	3.605551 	40.311287 	99.849884 	53.535034 	89.044930 	81.859634 	
127.003937 	149.789856 	122.918671 	122.674362 	146.013702 	127.561752 	53.413483 	40.607880 	55.000000 	83.868942 	55.803226 	149.806549 	61.611687 	51.039200 	80.603973 	86.214851 	70.263786 	30.016663 	55.470715 	58.523499 	88.600227 	47.507893 	40.311287 	152.895386 	87.418533 	156.646103 	83.486526 	87.658424 	132.245987 	41.629318 	41.231056 	19.104973 	83.006027 	999.000000 	46.615448 	1.000000 	41.785164 	17.464249 	76.059189 	152.898666 	137.931137 	162.606888 	43.324360 	45.541191 	3.162278 	84.599052 	45.221676 	17.088007 	133.206604 	6.403124 	157.876541 	
89.693924 	114.490173 	84.581322 	83.630135 	108.853111 	88.119240 	15.033297 	13.038404 	15.033297 	41.340054 	15.132746 	111.825760 	19.313208 	11.045361 	37.443291 	43.011627 	48.083260 	43.680660 	13.341664 	15.231546 	44.821869 	6.324555 	8.246211 	114.061386 	43.278172 	118.072014 	38.948685 	43.185646 	90.443352 	5.099020 	5.385165 	65.145988 	37.536648 	46.615448 	999.000000 	45.694637 	5.000000 	63.906181 	30.000000 	112.361023 	95.801880 	123.166557 	4.472136 	3.000000 	48.754486 	38.600517 	4.000000 	63.694584 	90.271812 	52.325901 	117.345642 	
126.400162 	149.251465 	122.286552 	122.024590 	145.426956 	126.905479 	52.630791 	39.824615 	54.203320 	83.096329 	55.000000 	149.201202 	60.802959 	50.219517 	79.812279 	85.428329 	69.856995 	30.000000 	54.644306 	57.688820 	87.800911 	46.647614 	39.446167 	152.269501 	86.608315 	156.028839 	82.661964 	86.838928 	131.529465 	40.718548 	40.311287 	20.099751 	82.152298 	1.000000 	45.694637 	999.000000 	40.853397 	18.439089 	75.179787 	152.226807 	137.207870 	161.969131 	42.379242 	44.598206 	3.605551 	83.725746 	44.271889 	18.027756 	132.457535 	7.071068 	157.206863 	
94.021271 	118.680244 	89.000000 	88.119240 	113.216606 	92.660675 	18.248287 	12.206555 	18.681541 	46.043457 	18.973665 	116.275536 	23.706539 	14.317822 	42.201897 	47.801674 	50.009998 	40.853397 	17.464249 	19.723083 	49.678970 	9.219544 	6.403124 	118.595955 	48.166378 	122.588745 	43.863426 	48.104053 	95.210297 	2.236068 	1.414214 	60.440052 	42.520584 	41.785164 	5.000000 	40.853397 	999.000000 	59.135437 	35.000000 	117.046997 	100.603180 	127.769325 	2.236068 	4.000000 	43.863426 	43.600460 	4.123106 	58.872746 	95.131485 	47.423622 	122.036880 	
140.929062 	162.800491 	137.207870 	137.178711 	159.665268 	142.130219 	69.641945 	56.938564 	71.344238 	99.864906 	72.201111 	163.685669 	78.032043 	67.601776 	96.798759 	102.342560 	82.097504 	38.470768 	72.069412 	75.179787 	104.847511 	64.404968 	57.271286 	167.026947 	103.773796 	170.660477 	99.985001 	104.100914 	147.512711 	58.872746 	58.523499 	2.828427 	99.764725 	17.464249 	63.906181 	18.439089 	59.135437 	999.000000 	93.037628 	167.597733 	153.264481 	176.867188 	60.728905 	62.936478 	16.031219 	101.518471 	62.641838 	2.236068 	148.838837 	13.038404 	172.539856 	
65.764732 	91.082382 	60.016663 	58.463665 	84.172440 	62.361847 	25.179358 	36.687874 	23.194826 	17.117243 	22.203604 	86.400230 	17.000000 	25.961510 	13.341664 	17.029387 	47.201694 	66.272163 	21.587032 	18.439089 	17.464249 	28.635643 	35.777088 	87.920418 	15.524175 	92.027168 	11.180340 	14.866069 	62.609905 	34.669872 	35.227829 	94.021271 	8.062258 	76.059189 	30.000000 	75.179787 	35.000000 	93.037628 	999.000000 	85.000000 	67.601776 	96.384644 	34.058773 	31.890438 	78.390053 	8.602325 	32.557640 	93.021500 	61.587337 	81.987801 	89.899948 	
28.635643 	25.553865 	30.805843 	30.479502 	17.720045 	25.495098 	100.603180 	113.070778 	99.403221 	71.021126 	98.812958 	13.416408 	93.477272 	103.812332 	74.946648 	69.462219 	88.752464 	131.502853 	99.864906 	97.349884 	68.000000 	108.466583 	115.208504 	9.219544 	69.771057 	11.661903 	74.242844 	70.213959 	22.472204 	115.935326 	116.764717 	167.657394 	76.967529 	152.898666 	112.361023 	152.226807 	117.046997 	167.597733 	85.000000 	999.000000 	18.248287 	12.041595 	116.811813 	114.908661 	155.794739 	77.620872 	115.762688 	168.291412 	25.179358 	159.289047 	5.000000 	
23.769728 	36.359318 	22.000000 	20.099751 	26.925823 	16.031219 	84.899940 	97.590981 	83.546394 	54.671749 	82.879433 	25.632011 	77.336922 	87.863533 	58.412327 	52.801514 	77.472572 	118.431412 	83.737686 	81.055534 	51.039200 	92.314682 	99.247169 	24.331051 	52.697250 	28.160255 	57.140179 	53.000000 	5.830952 	99.639351 	100.424103 	153.525238 	59.539902 	137.931137 	95.801880 	137.207870 	100.603180 	153.264481 	67.601776 	18.248287 	999.000000 	30.265491 	100.209778 	98.229324 	140.730240 	59.933296 	99.045441 	153.808319 	7.000000 	144.277512 	22.803509 	
36.124783 	23.021729 	39.698868 	40.000000 	19.313208 	35.227829 	110.941429 	123.223373 	109.836243 	81.884064 	109.293182 	14.317822 	104.100914 	114.280357 	85.883644 	80.498444 	96.674713 	140.121368 	110.453613 	108.046288 	79.202271 	119.037811 	125.642349 	10.000000 	81.024689 	7.280110 	85.492691 	81.541397 	34.205261 	126.570137 	127.424484 	176.799316 	88.391174 	162.606888 	123.166557 	161.969131 	127.769325 	176.867188 	96.384644 	12.041595 	30.265491 	999.000000 	127.632286 	125.781555 	165.556641 	89.196411 	126.657021 	177.654160 	37.215588 	169.008881 	8.246211 	
94.154129 	118.928551 	89.050545 	88.102211 	113.318138 	92.590500 	19.026299 	14.212670 	19.235384 	45.793011 	19.416489 	116.297035 	23.769728 	15.033297 	41.880783 	47.434166 	51.419842 	43.081318 	17.720045 	19.697716 	49.203659 	10.000000 	8.485281 	118.532700 	47.634022 	122.543869 	43.278172 	47.507893 	94.868332 	4.242640 	3.605551 	62.096699 	41.725292 	43.324360 	4.472136 	42.379242 	2.236068 	60.728905 	34.058773 	116.811813 	100.209778 	127.632286 	999.000000 	2.236068 	45.310043 	42.638012 	2.000000 	60.406952 	94.641426 	48.846699 	121.794907 	
92.477028 	117.324333 	87.321243 	86.330757 	111.615410 	90.785461 	18.027756 	14.866069 	18.027756 	43.908997 	18.110771 	114.542572 	22.135944 	14.035668 	39.962482 	45.486263 	50.960770 	44.598206 	16.278820 	18.027756 	47.201694 	9.219544 	9.433981 	116.726173 	45.607018 	120.747673 	41.231056 	45.453274 	92.913940 	5.385165 	5.099020 	64.288414 	39.597980 	45.541191 	3.000000 	44.598206 	4.000000 	62.936478 	31.890438 	114.908661 	98.229324 	125.781555 	2.236068 	999.000000 	47.539455 	40.459858 	1.000000 	62.625874 	92.617493 	51.078373 	119.887444 	
130.000000 	152.856140 	125.876923 	125.606529 	149.030197 	130.483719 	56.080299 	43.278172 	57.628117 	86.556343 	58.412327 	152.800522 	64.202805 	53.600372 	83.240616 	88.865067 	73.409805 	33.060551 	58.008621 	61.032780 	91.214035 	49.929951 	42.720020 	155.862122 	90.000000 	159.624557 	86.023254 	90.210861 	135.059250 	43.829212 	43.382023 	18.027756 	85.440041 	3.162278 	48.754486 	3.605551 	43.863426 	16.031219 	78.390053 	155.794739 	140.730240 	165.556641 	45.310043 	47.539455 	999.000000 	86.954010 	47.169907 	15.297058 	135.948517 	3.605551 	160.776245 	
60.074955 	85.287750 	54.147945 	52.345009 	77.929459 	55.901699 	32.984844 	44.944408 	31.048349 	15.000000 	30.083218 	79.831070 	24.515301 	34.176014 	12.806249 	13.416408 	50.537113 	73.824112 	29.732138 	26.570660 	12.369317 	37.121422 	44.294468 	81.043198 	10.440307 	85.164543 	7.810250 	9.219544 	55.154327 	43.266617 	43.829212 	102.459747 	3.605551 	84.599052 	38.600517 	83.725746 	43.600460 	101.518471 	8.602325 	77.620872 	59.933296 	89.196411 	42.638012 	40.459858 	86.954010 	999.000000 	41.109608 	101.533249 	53.712196 	90.553848 	82.462112 	
93.407707 	118.270874 	88.238312 	87.235313 	112.538879 	91.678787 	19.026299 	15.556349 	19.026299 	44.777225 	19.104973 	115.451286 	23.086792 	15.033297 	40.816662 	46.324940 	51.923019 	44.944408 	17.262676 	18.973665 	48.010414 	10.198039 	10.000000 	117.618027 	46.400433 	121.642921 	42.011902 	46.227695 	93.744331 	5.830952 	5.385165 	64.031242 	40.311287 	45.221676 	4.000000 	44.271889 	4.123106 	62.641838 	32.557640 	115.762688 	99.045441 	126.657021 	2.000000 	1.000000 	47.169907 	41.109608 	999.000000 	62.297672 	93.407707 	50.695168 	120.739388 	
141.767410 	163.807816 	137.974640 	137.902145 	160.561508 	142.842575 	69.892776 	57.140179 	71.561165 	100.209778 	72.401657 	164.541794 	78.230431 	67.742157 	97.082436 	102.649887 	83.216583 	39.812057 	72.201111 	75.292763 	105.118980 	64.412735 	57.245087 	167.836227 	104.009613 	171.493439 	100.169853 	104.307236 	148.070923 	58.694122 	58.309521 	5.000000 	99.849884 	17.088007 	63.694584 	18.027756 	58.872746 	2.236068 	93.021500 	168.291412 	153.808319 	177.654160 	60.406952 	62.625874 	15.297058 	101.533249 	62.297672 	999.000000 	149.305054 	12.041595 	173.242599 	
26.419689 	42.485291 	23.086792 	20.615528 	33.105892 	17.888544 	79.931221 	92.698433 	78.492035 	49.497475 	77.781746 	32.280025 	72.138756 	82.734512 	53.075417 	47.423622 	74.946648 	114.738831 	78.517517 	75.742989 	45.453274 	87.045967 	94.069122 	31.257000 	47.010635 	35.128338 	51.400391 	47.201694 	6.403124 	94.260277 	95.015785 	149.201202 	53.535034 	133.206604 	90.271812 	132.457535 	95.131485 	148.838837 	61.587337 	25.179358 	7.000000 	37.215588 	94.641426 	92.617493 	135.948517 	53.712196 	93.407707 	149.305054 	999.000000 	139.517029 	29.614185 	
133.405396 	156.160172 	129.321304 	129.073624 	152.410629 	133.958954 	59.665737 	46.861500 	61.220913 	90.138779 	62.008064 	156.208191 	67.801178 	57.201397 	86.833176 	92.455391 	76.485291 	35.355339 	61.611687 	64.637451 	94.810333 	53.535034 	46.324940 	159.298462 	93.600212 	163.049072 	89.627007 	93.813644 	138.600143 	47.413078 	46.957428 	15.297058 	89.044930 	6.403124 	52.325901 	7.071068 	47.423622 	13.038404 	81.987801 	159.289047 	144.277512 	169.008881 	48.846699 	51.078373 	3.605551 	90.553848 	50.695168 	12.041595 	139.517029 	999.000000 	164.268066 	
33.120991 	26.570660 	35.608986 	35.383614 	20.024984 	30.413813 	105.603027 	118.067780 	104.403069 	76.006577 	103.812332 	15.132746 	98.473343 	108.811768 	79.924965 	74.431175 	93.477272 	136.359818 	104.861816 	102.342560 	72.945183 	113.463654 	120.208153 	10.198039 	74.706093 	10.816654 	79.177017 	75.133217 	27.313000 	120.929733 	121.757957 	172.586212 	81.859634 	157.876541 	117.345642 	157.206863 	122.036880 	172.539856 	89.899948 	5.000000 	22.803509 	8.246211 	121.794907 	119.887444 	160.776245 	82.462112 	120.739388 	173.242599 	29.614185 	164.268066 	999.000000 	

Travel time:
9.000000 	0.632949 	0.152069 	0.213600 	0.480885 	0.215058 	1.911969 	2.208082 	1.889610 	1.236932 	1.878829 	0.570088 	1.759616 	2.001406 	1.340009 	1.220912 	1.515132 	2.600120 	1.913929 	1.861619 	1.209339 	2.125000 	2.281036 	0.654313 	1.258968 	0.743303 	1.364734 	1.281113 	0.503115 	2.315302 	2.338001 	3.520032 	1.457738 	3.175098 	2.242348 	3.160004 	2.350532 	3.523226 	1.644118 	0.715891 	0.594243 	0.903120 	2.353853 	2.311926 	3.250000 	1.501874 	2.335193 	3.544185 	0.660492 	3.335135 	0.828025 	
0.632949 	9.000000 	0.778621 	0.825379 	0.235850 	0.753741 	2.521161 	2.806466 	2.502249 	1.868321 	2.493116 	0.305164 	2.379732 	2.613666 	1.971357 	1.853712 	2.022993 	3.124100 	2.531057 	2.482438 	1.842044 	2.739069 	2.888772 	0.413824 	1.891593 	0.406971 	1.997655 	1.913276 	0.919239 	2.929377 	2.952647 	4.060788 	2.090006 	3.744746 	2.862254 	3.731287 	2.967006 	4.070012 	2.277060 	0.638847 	0.908983 	0.575543 	2.973214 	2.933108 	3.821404 	2.132194 	2.956772 	4.095195 	1.062132 	3.904004 	0.664266 	
0.152069 	0.778621 	9.000000 	0.070711 	0.608790 	0.152069 	1.792345 	2.094039 	1.767767 	1.099147 	1.755883 	0.682367 	1.632674 	1.879495 	1.202081 	1.079352 	1.449569 	2.519176 	1.788854 	1.733854 	1.064483 	2.001562 	2.161308 	0.750000 	1.113833 	0.845946 	1.220912 	1.134956 	0.431567 	2.191461 	2.213736 	3.429468 	1.311726 	3.072967 	2.114533 	3.057164 	2.225000 	3.430197 	1.500417 	0.770146 	0.550000 	0.992472 	2.226264 	2.183031 	3.146923 	1.353699 	2.205958 	3.449366 	0.577170 	3.233033 	0.890225 	
0.213600 	0.825379 	0.070711 	9.000000 	0.642748 	0.125000 	1.775528 	2.080865 	1.749285 	1.068001 	1.736555 	0.705780 	1.610318 	1.860779 	1.170470 	1.044031 	1.466714 	2.526114 	1.767767 	1.710629 	1.025000 	1.981477 	2.143887 	0.763217 	1.073837 	0.862047 	1.182423 	1.093446 	0.375832 	2.170829 	2.192744 	3.430197 	1.270089 	3.066859 	2.090753 	3.050615 	2.202981 	3.429468 	1.461592 	0.761988 	0.502494 	1.000000 	2.202555 	2.158269 	3.140163 	1.308625 	2.180883 	3.447554 	0.515388 	3.226840 	0.884590 	
0.480885 	0.235850 	0.608790 	0.642748 	9.000000 	0.552268 	2.392828 	2.688517 	2.370258 	1.707703 	2.359290 	0.127475 	2.238861 	2.482061 	1.810559 	1.686157 	1.962938 	3.058697 	2.393872 	2.340539 	1.667708 	2.605403 	2.761906 	0.251247 	1.716464 	0.302076 	1.825171 	1.735655 	0.687841 	2.795644 	2.818244 	3.986305 	1.912132 	3.650342 	2.721328 	3.635674 	2.830415 	3.991632 	2.104311 	0.443001 	0.673146 	0.482830 	2.832953 	2.790385 	3.725755 	1.948236 	2.813472 	4.014038 	0.827647 	3.810266 	0.500625 	
0.215058 	0.753741 	0.152069 	0.125000 	0.552268 	9.000000 	1.892914 	2.200142 	1.865643 	1.175266 	1.852363 	0.601041 	1.724094 	1.976898 	1.276959 	1.147007 	1.590794 	2.651061 	1.882319 	1.823630 	1.123054 	2.096575 	2.260669 	0.648556 	1.171004 	0.749166 	1.281113 	1.188486 	0.292617 	2.285416 	2.307054 	3.554311 	1.364276 	3.189044 	2.202981 	3.172637 	2.316517 	3.553256 	1.559046 	0.637377 	0.400780 	0.880696 	2.314763 	2.269637 	3.262093 	1.397542 	2.291970 	3.571064 	0.447214 	3.348974 	0.760345 	
1.911969 	2.521161 	1.792345 	1.775528 	2.392828 	1.892914 	9.000000 	0.320156 	0.050000 	0.761988 	0.075000 	2.474495 	0.213600 	0.100000 	0.680074 	0.820061 	0.840387 	1.027740 	0.111803 	0.176777 	0.880696 	0.226385 	0.369121 	2.538701 	0.853302 	2.636878 	0.760345 	0.862047 	1.982738 	0.412311 	0.436606 	1.758195 	0.766893 	1.335337 	0.375832 	1.315770 	0.456207 	1.741049 	0.629484 	2.515079 	2.122499 	2.773536 	0.475657 	0.450694 	1.402007 	0.824621 	0.475657 	1.747319 	1.998281 	1.491643 	2.640076 	
2.208082 	2.806466 	2.094039 	2.080865 	2.688517 	2.200142 	0.320156 	9.000000 	0.360555 	1.081954 	0.381608 	2.774549 	0.527376 	0.269258 	1.000000 	1.140175 	0.977880 	0.785016 	0.380789 	0.459619 	1.200260 	0.226385 	0.145774 	2.842974 	1.171804 	2.939919 	1.076162 	1.179248 	2.299185 	0.250000 	0.270416 	1.442654 	1.073837 	1.015197 	0.325960 	0.995615 	0.305164 	1.423464 	0.917197 	2.826769 	2.439775 	3.080584 	0.355317 	0.371652 	1.081954 	1.123610 	0.388909 	1.428504 	2.317461 	1.171538 	2.951694 	
1.889610 	2.502249 	1.767767 	1.749285 	2.370258 	1.865643 	0.050000 	0.360555 	9.000000 	0.725000 	0.025000 	2.450128 	0.167705 	0.111803 	0.640312 	0.781025 	0.860959 	1.077613 	0.070711 	0.127475 	0.840015 	0.237171 	0.395285 	2.512469 	0.811249 	2.611154 	0.716327 	0.818917 	1.949679 	0.427200 	0.450694 	1.801735 	0.719809 	1.375000 	0.375832 	1.355083 	0.467039 	1.783606 	0.579871 	2.485080 	2.088660 	2.745906 	0.480885 	0.450694 	1.440703 	0.776209 	0.475657 	1.789029 	1.962301 	1.530523 	2.610077 	
1.236932 	1.868321 	1.099147 	1.068001 	1.707703 	1.175266 	0.761988 	1.081954 	0.725000 	9.000000 	0.707107 	1.773415 	0.566789 	0.831038 	0.103078 	0.075000 	0.941076 	1.700184 	0.726722 	0.660019 	0.150000 	0.941076 	1.114955 	1.822944 	0.158114 	1.924188 	0.180278 	0.190394 	1.230091 	1.125000 	1.145098 	2.510105 	0.291548 	2.096724 	1.033501 	2.077408 	1.151086 	2.496623 	0.427931 	1.775528 	1.366794 	2.047101 	1.144825 	1.097725 	2.163908 	0.375000 	1.119431 	2.505244 	1.237437 	2.253469 	1.900164 	
1.878829 	2.493116 	1.755883 	1.736555 	2.359290 	1.852363 	0.075000 	0.381608 	0.025000 	0.707107 	9.000000 	2.438237 	0.145774 	0.125000 	0.620987 	0.761988 	0.872138 	1.102554 	0.055902 	0.103078 	0.820061 	0.246221 	0.410031 	2.499625 	0.790569 	2.598557 	0.694622 	0.797653 	1.933423 	0.436606 	0.459619 	1.823630 	0.696419 	1.395081 	0.378319 	1.375000 	0.474342 	1.805028 	0.555090 	2.470324 	2.071986 	2.732330 	0.485412 	0.452769 	1.460308 	0.752080 	0.477624 	1.810041 	1.944544 	1.550202 	2.595308 	
0.570088 	0.305164 	0.682367 	0.705780 	0.127475 	0.601041 	2.474495 	2.774549 	2.450128 	1.773415 	2.438237 	9.000000 	2.314357 	2.561860 	1.875667 	1.747319 	2.071986 	3.164352 	2.470956 	2.415186 	1.724094 	2.683864 	2.843524 	0.125000 	1.772004 	0.180278 	1.882153 	1.789204 	0.682367 	2.873695 	2.895902 	4.088169 	1.964688 	3.745164 	2.795644 	3.730030 	2.906888 	4.092142 	2.160006 	0.335410 	0.640800 	0.357946 	2.907426 	2.863564 	3.820013 	1.995777 	2.886282 	4.113545 	0.807001 	3.905205 	0.378319 	
1.759616 	2.379732 	1.632674 	1.610318 	2.238861 	1.724094 	0.213600 	0.527376 	0.167705 	0.566789 	0.145774 	2.314357 	9.000000 	0.265754 	0.477624 	0.618971 	0.875000 	1.234150 	0.160078 	0.103078 	0.675463 	0.375000 	0.548293 	2.372367 	0.645174 	2.472094 	0.548862 	0.651920 	1.796003 	0.561805 	0.583095 	1.969296 	0.553399 	1.540292 	0.482830 	1.520074 	0.592663 	1.950801 	0.425000 	2.336932 	1.933423 	2.602523 	0.594243 	0.553399 	1.605070 	0.612882 	0.577170 	1.955761 	1.803469 	1.695029 	2.461833 	
2.001406 	2.613666 	1.879495 	1.860779 	2.482061 	1.976898 	0.100000 	0.269258 	0.111803 	0.831038 	0.125000 	2.561860 	0.265754 	9.000000 	0.743303 	0.884590 	0.933408 	1.025305 	0.111803 	0.190394 	0.941076 	0.127475 	0.285044 	2.623928 	0.910014 	2.722705 	0.811249 	0.915492 	2.058215 	0.316228 	0.340037 	1.710629 	0.805062 	1.275980 	0.276134 	1.255488 	0.357946 	1.690044 	0.649038 	2.595308 	2.196588 	2.857009 	0.375832 	0.350892 	1.340009 	0.854400 	0.375832 	1.693554 	2.068363 	1.430035 	2.720294 	
1.340009 	1.971357 	1.202081 	1.170470 	1.810559 	1.276959 	0.680074 	1.000000 	0.640312 	0.103078 	0.620987 	1.875667 	0.477624 	0.743303 	9.000000 	0.141421 	0.951972 	1.645068 	0.636396 	0.566789 	0.201556 	0.849264 	1.025305 	1.924188 	0.182003 	2.025617 	0.134629 	0.201556 	1.325236 	1.030776 	1.050297 	2.435416 	0.230489 	2.015099 	0.936082 	1.995307 	1.055047 	2.419969 	0.333542 	1.873666 	1.460308 	2.147091 	1.047020 	0.999062 	2.081015 	0.320156 	1.020416 	2.427061 	1.326885 	2.170829 	1.998124 	
1.220912 	1.853712 	1.079352 	1.044031 	1.686157 	1.147007 	0.820061 	1.140175 	0.781025 	0.075000 	0.761988 	1.747319 	0.618971 	0.884590 	0.141421 	9.000000 	1.013040 	1.770946 	0.777817 	0.707990 	0.075000 	0.990581 	1.166726 	1.792345 	0.090139 	1.894235 	0.152069 	0.125000 	1.185854 	1.171538 	1.190850 	2.573179 	0.261008 	2.155371 	1.075291 	2.135708 	1.195042 	2.558564 	0.425735 	1.736555 	1.320038 	2.012461 	1.185854 	1.137157 	2.221627 	0.335410 	1.158123 	2.566247 	1.185591 	2.311385 	1.860779 	
1.515132 	2.022993 	1.449569 	1.466714 	1.962938 	1.590794 	0.840387 	0.977880 	0.860959 	0.941076 	0.872138 	2.071986 	0.875000 	0.933408 	0.951972 	1.013040 	9.000000 	1.101136 	0.928036 	0.943398 	1.085415 	1.044031 	1.110180 	2.167083 	1.099147 	2.250694 	1.086566 	1.130542 	1.792345 	1.196349 	1.220912 	2.040221 	1.173936 	1.756595 	1.202081 	1.746425 	1.250250 	2.052438 	1.180042 	2.218812 	1.936814 	2.416868 	1.285496 	1.274019 	1.835245 	1.263428 	1.298075 	2.080415 	1.873666 	1.912132 	2.336932 	
2.600120 	3.124100 	2.519176 	2.526114 	3.058697 	2.651061 	1.027740 	0.785016 	1.077613 	1.700184 	1.102554 	3.164352 	1.234150 	1.025305 	1.645068 	1.770946 	1.101136 	9.000000 	1.125278 	1.201041 	1.842044 	1.011187 	0.886002 	3.254420 	1.827054 	3.341501 	1.752320 	1.844078 	2.815138 	0.980434 	0.989002 	0.943398 	1.779923 	0.750417 	1.092016 	0.750000 	1.021335 	0.961769 	1.656804 	3.287571 	2.960785 	3.503034 	1.077033 	1.114955 	0.826514 	1.845603 	1.123610 	0.995301 	2.868471 	0.883883 	3.408995 	
1.913929 	2.531057 	1.788854 	1.767767 	2.393872 	1.882319 	0.111803 	0.380789 	0.070711 	0.726722 	0.055902 	2.470956 	0.160078 	0.111803 	0.636396 	0.777817 	0.928036 	1.125278 	9.000000 	0.079057 	0.832541 	0.215058 	0.388909 	2.530316 	0.800391 	2.629757 	0.700446 	0.805062 	1.956080 	0.403113 	0.425000 	1.822430 	0.693271 	1.386768 	0.333542 	1.366108 	0.436606 	1.801735 	0.539676 	2.496623 	2.093442 	2.761340 	0.443001 	0.406971 	1.450216 	0.743303 	0.431567 	1.805028 	1.962938 	1.540292 	2.621545 	
1.861619 	2.482438 	1.733854 	1.710629 	2.340539 	1.823630 	0.176777 	0.459619 	0.127475 	0.660019 	0.103078 	2.415186 	0.103078 	0.190394 	0.566789 	0.707990 	0.943398 	1.201041 	0.079057 	9.000000 	0.760345 	0.282843 	0.460977 	2.472094 	0.726722 	2.572086 	0.625000 	0.730154 	1.890106 	0.465027 	0.485412 	1.900658 	0.614919 	1.463087 	0.380789 	1.442220 	0.493077 	1.879495 	0.460977 	2.433747 	2.026388 	2.701157 	0.492443 	0.450694 	1.525820 	0.664266 	0.474342 	1.882319 	1.893575 	1.615936 	2.558564 	
1.209339 	1.842044 	1.064483 	1.025000 	1.667708 	1.123054 	0.880696 	1.200260 	0.840015 	0.150000 	0.820061 	1.724094 	0.675463 	0.941076 	0.201556 	0.075000 	1.085415 	1.842044 	0.832541 	0.760345 	9.000000 	1.043132 	1.220912 	1.764405 	0.050000 	1.866815 	0.158114 	0.079057 	1.144825 	1.220912 	1.239455 	2.636878 	0.250000 	2.215006 	1.120547 	2.195023 	1.241974 	2.621188 	0.436606 	1.700000 	1.275980 	1.980057 	1.230091 	1.180042 	2.280351 	0.309233 	1.200260 	2.627975 	1.136332 	2.370258 	1.823630 	
