Total assets = 660
Number of asset nodes = 34

Distance:
999.000000 	123.434196 	146.413803 	18.027756 	127.015747 	42.953465 	89.005615 	7.071068 	57.489128 	75.272835 	76.216797 	79.711983 	84.905830 	109.018349 	103.812332 	89.888817 	41.012192 	108.784187 	51.351727 	149.402145 	158.391922 	102.859123 	106.004715 	91.547798 	51.088158 	93.776329 	17.720045 	64.938431 	47.010635 	99.538940 	25.806976 	53.009434 	116.275536 	67.364677 	43.931767 	54.083271 	48.507732 	58.008621 	77.103828 	75.953934 	44.643028 	49.335587 	116.709038 	61.188232 	67.475922 	79.000000 	73.334846 	76.164299 	64.845970 	80.081207 	
123.434196 	999.000000 	26.925823 	109.622078 	3.605551 	88.005684 	41.785164 	128.817703 	77.025970 	59.615433 	59.236813 	56.302753 	41.340054 	15.264338 	21.470911 	36.715118 	95.131485 	27.018513 	85.586212 	26.248810 	36.715118 	34.058773 	31.000000 	46.872166 	88.192970 	45.541191 	138.600143 	75.239616 	93.648277 	42.047592 	148.600128 	90.785461 	29.732138 	77.833153 	102.576797 	92.135773 	98.412399 	88.639717 	69.375786 	70.604530 	105.190300 	105.990562 	44.011364 	98.081596 	92.048897 	81.394104 	89.498604 	86.884979 	104.043259 	103.406960 	
146.413803 	26.925823 	999.000000 	133.843185 	24.331051 	113.534134 	68.622154 	152.226807 	103.315056 	86.377083 	86.034874 	83.168503 	67.542580 	41.785164 	48.104053 	63.158531 	120.933868 	53.338543 	111.803398 	11.661903 	12.529964 	60.671246 	57.428215 	73.756355 	114.494545 	72.367119 	162.373032 	101.950966 	119.854080 	68.593002 	172.002914 	117.273186 	54.083271 	104.675690 	128.798294 	118.701309 	124.811859 	115.316956 	96.301613 	97.529480 	131.483841 	132.502823 	67.601776 	124.919975 	118.962181 	108.258949 	116.417351 	113.780487 	130.942734 	130.230560 	
18.027756 	109.622078 	133.843185 	999.000000 	113.145920 	25.298222 	72.945183 	20.615528 	39.849716 	58.180752 	59.093147 	62.649822 	69.656296 	94.762863 	89.196411 	74.652527 	23.000000 	92.913940 	33.376640 	135.830780 	145.454468 	86.608315 	89.888817 	74.686012 	33.060551 	76.922035 	29.206163 	47.074409 	29.068884 	82.734512 	39.661064 	35.057095 	99.985001 	49.365982 	26.925823 	36.221542 	31.048349 	40.049969 	59.228371 	58.051701 	28.178005 	33.120991 	99.538940 	43.965897 	49.819675 	61.008198 	55.578773 	58.309521 	48.332184 	63.324562 	
127.015747 	3.605551 	24.331051 	113.145920 	999.000000 	91.400215 	44.777225 	132.382019 	80.262070 	62.649822 	62.241467 	59.236813 	44.654228 	18.601076 	24.698177 	39.962482 	98.473343 	29.068884 	88.836929 	22.803509 	33.541019 	36.345562 	33.136082 	49.477268 	91.416626 	48.052055 	142.144287 	78.294319 	96.896851 	44.283180 	152.161102 	93.941475 	30.805843 	80.777473 	105.815880 	95.257545 	101.597244 	91.706055 	72.124893 	73.375748 	108.406639 	109.128365 	44.922153 	101.019798 	94.868332 	83.952370 	92.179176 	89.498604 	106.892471 	105.905617 	
42.953465 	88.005684 	113.534134 	25.298222 	91.400215 	999.000000 	48.918301 	45.880280 	14.560220 	33.120991 	34.000000 	37.589893 	46.861500 	72.801102 	66.843102 	51.739735 	8.062258 	68.883957 	9.486833 	114.201576 	124.535133 	62.201286 	65.604881 	49.739319 	10.816654 	51.971146 	53.712196 	22.090721 	11.180340 	57.801384 	64.412735 	14.866069 	75.451973 	25.079872 	18.027756 	16.970562 	17.088007 	18.867962 	34.234486 	33.136082 	21.023796 	24.515301 	74.323616 	27.658634 	30.232433 	38.078865 	34.885529 	36.769554 	34.409302 	46.754681 	
89.005615 	41.785164 	68.622154 	72.945183 	44.777225 	48.918301 	999.000000 	93.295227 	36.235340 	17.888544 	17.464249 	14.560220 	8.062258 	26.925823 	20.615528 	7.615773 	55.172459 	20.000000 	44.821869 	67.119293 	78.294319 	13.928389 	17.000000 	9.219544 	47.201694 	10.000000 	102.078400 	33.541019 	52.801514 	13.341664 	112.605507 	49.396355 	27.313000 	36.055511 	61.611687 	50.606323 	57.140179 	46.957428 	28.160255 	29.274563 	64.070274 	64.498062 	31.064449 	56.302753 	50.447994 	41.000000 	48.373547 	46.097721 	62.361847 	63.031738 	
7.071068 	128.817703 	152.226807 	20.615528 	132.382019 	45.880280 	93.295227 	999.000000 	60.406952 	78.790863 	79.705711 	83.258636 	89.627007 	114.214706 	108.853111 	94.625580 	42.755116 	113.207771 	53.600372 	154.896744 	164.103622 	107.042046 	110.276924 	95.273293 	52.952808 	97.508972 	10.770329 	67.446274 	48.373547 	103.315056 	19.798990 	54.332310 	120.440857 	69.426216 	44.045429 	55.145264 	49.000000 	59.304298 	79.555016 	78.339005 	44.283180 	48.662102 	120.154068 	61.204575 	68.007355 	80.305664 	74.000000 	77.025970 	64.132675 	79.429214 	
57.489128 	77.025970 	103.315056 	39.849716 	80.262070 	14.560220 	36.235340 	60.406952 	999.000000 	19.209373 	20.000000 	23.600847 	35.777088 	61.773781 	55.569775 	40.311287 	19.209373 	55.865910 	8.602325 	102.927162 	113.740936 	48.836460 	52.345009 	35.805027 	11.180340 	38.013157 	67.977936 	8.246211 	16.643316 	43.829212 	78.721024 	14.317822 	61.846584 	12.529964 	25.553865 	16.124516 	21.540659 	14.142136 	20.000000 	19.026299 	28.178005 	29.410883 	59.933296 	25.317978 	23.706539 	26.419689 	26.248810 	26.907248 	32.557640 	40.816662 	
75.272835 	59.615433 	86.377083 	58.180752 	62.649822 	33.120991 	17.888544 	78.790863 	19.209373 	999.000000 	1.000000 	4.472136 	20.024984 	44.598206 	38.275318 	23.537205 	38.418747 	36.878178 	27.586229 	85.000000 	96.176918 	29.698484 	33.241539 	16.643316 	29.732138 	18.867962 	86.833176 	15.652476 	35.383614 	24.698177 	97.529480 	31.622776 	42.638012 	18.439089 	44.045429 	32.756680 	39.408119 	29.068884 	13.000000 	13.601471 	46.400433 	46.647614 	41.436699 	38.600517 	33.241539 	26.248810 	32.062439 	30.413813 	44.911022 	47.381432 	
76.216797 	59.236813 	86.034874 	59.093147 	62.241467 	34.000000 	17.464249 	79.705711 	20.000000 	1.000000 	999.000000 	3.605551 	20.000000 	44.271889 	37.947330 	23.345236 	39.204590 	36.235340 	28.319605 	84.534019 	95.754898 	29.000000 	32.557640 	15.811388 	30.413813 	18.027756 	87.709747 	16.124516 	36.069378 	23.853722 	98.412399 	32.202484 	41.868843 	18.681541 	44.687805 	33.286633 	40.000000 	29.529646 	12.649111 	13.341664 	47.010635 	47.169907 	40.496914 	38.897301 	33.376640 	25.961510 	32.015621 	30.265491 	45.122055 	47.265209 	
79.711983 	56.302753 	83.168503 	62.649822 	59.236813 	37.589893 	14.560220 	83.258636 	23.600847 	4.472136 	3.605551 	999.000000 	18.248287 	41.484936 	35.171009 	21.023796 	42.801868 	32.802441 	31.890438 	81.394104 	92.703827 	25.495098 	29.068884 	12.206555 	33.941124 	14.422205 	91.301697 	19.416489 	39.597980 	20.248457 	102.000000 	35.608986 	38.288380 	21.540659 	48.166378 	36.619667 	43.416588 	32.756680 	14.035668 	15.000000 	50.447994 	50.477718 	37.000000 	41.785164 	35.902645 	27.294687 	34.058773 	32.015621 	47.801674 	49.040798 	
84.905830 	41.340054 	67.542580 	69.656296 	44.654228 	46.861500 	8.062258 	89.627007 	35.777088 	20.024984 	20.000000 	18.248287 	999.000000 	26.076809 	20.000000 	5.000000 	53.823788 	24.351591 	44.294468 	67.424034 	78.032043 	20.024984 	22.360680 	17.029387 	46.957428 	18.027756 	98.858482 	34.928497 	52.354561 	21.189621 	109.201645 	49.769470 	32.756680 	38.327538 	61.294373 	51.264023 	57.271286 	48.083260 	32.249031 	33.136082 	63.953106 	65.000000 	38.470768 	58.249462 	53.235325 	45.541191 	52.009613 	50.159744 	64.776543 	67.186310 	
109.018349 	15.264338 	41.785164 	94.762863 	18.601076 	72.801102 	26.925823 	114.214706 	61.773781 	44.598206 	44.271889 	41.484936 	26.076809 	999.000000 	6.324555 	21.470911 	79.881165 	16.643316 	70.327805 	41.400482 	51.971146 	21.840330 	19.697716 	33.015148 	72.945183 	32.015621 	123.842644 	60.166435 	78.390053 	29.614185 	133.958954 	75.584389 	23.430750 	62.936478 	87.321243 	76.967529 	83.186539 	73.539108 	54.918121 	56.089214 	89.944427 	90.801979 	36.878178 	83.168503 	77.369247 	67.364677 	75.133217 	72.691124 	89.286057 	89.453896 	
103.812332 	21.470911 	48.104053 	89.196411 	24.698177 	66.843102 	20.615528 	108.853111 	55.569775 	38.275318 	37.947330 	35.171009 	20.000000 	6.324555 	999.000000 	15.264338 	73.817345 	13.601471 	64.140472 	47.434166 	58.180752 	17.000000 	15.620500 	27.018513 	66.730804 	26.172504 	118.342720 	53.851646 	72.201111 	24.351591 	128.549606 	69.318108 	21.931713 	56.612720 	81.123360 	70.682388 	76.941536 	67.230942 	48.662102 	49.819675 	83.725746 	84.528099 	34.058773 	76.843994 	71.063354 	61.204575 	68.883957 	66.483078 	82.969872 	83.294655 	
89.888817 	36.715118 	63.158531 	74.652527 	39.962482 	51.739735 	7.615773 	94.625580 	40.311287 	23.537205 	23.345236 	21.023796 	5.000000 	21.470911 	15.264338 	999.000000 	58.600342 	19.646883 	48.877399 	62.681736 	73.430237 	16.124516 	18.027756 	16.643316 	51.478149 	17.029387 	103.855667 	38.897301 	56.938564 	18.867962 	114.201576 	54.129475 	28.284271 	41.976185 	65.863495 	55.542778 	61.717098 	52.201534 	35.000000 	36.013885 	68.476273 	69.354164 	35.171009 	62.096699 	56.718605 	48.093658 	55.081757 	53.000000 	68.447060 	70.007141 	
41.012192 	95.131485 	120.933868 	23.000000 	98.473343 	8.062258 	55.172459 	42.755116 	19.209373 	38.418747 	39.204590 	42.801868 	53.823788 	79.881165 	73.817345 	58.600342 	999.000000 	74.966660 	11.180340 	121.247681 	131.764938 	68.014702 	71.505241 	55.000000 	10.198039 	57.201397 	49.396355 	25.079872 	6.324555 	63.007935 	60.166435 	12.165525 	81.055534 	26.683329 	10.198039 	13.601471 	10.630146 	17.117243 	37.000000 	35.735138 	13.152946 	17.088007 	78.771820 	23.021729 	27.513634 	38.013157 	32.984844 	35.510563 	29.000000 	42.720020 	
108.784187 	27.018513 	53.338543 	92.913940 	29.068884 	68.883957 	20.000000 	113.207771 	55.865910 	36.878178 	36.235340 	32.802441 	24.351591 	16.643316 	13.601471 	19.646883 	74.966660 	999.000000 	64.381676 	49.648766 	61.400326 	7.615773 	4.123106 	21.470911 	66.603302 	19.697716 	122.065559 	52.201534 	72.249565 	15.297058 	132.574509 	68.410522 	9.055386 	53.851646 	80.919716 	69.404610 	76.216797 	65.459915 	44.283180 	45.617977 	83.240616 	83.234612 	20.518284 	73.824112 	67.119293 	55.362442 	63.906181 	61.032780 	79.202271 	77.129761 	
51.351727 	85.586212 	111.803398 	33.376640 	88.836929 	9.486833 	44.821869 	53.600372 	8.602325 	27.586229 	28.319605 	31.890438 	44.294468 	70.327805 	64.140472 	48.877399 	11.180340 	64.381676 	999.000000 	111.516815 	122.298813 	57.280014 	60.811184 	44.045429 	3.000000 	46.227695 	60.539242 	13.928389 	8.062258 	52.009613 	71.309189 	7.280110 	70.178345 	16.031219 	17.000000 	9.486833 	13.341664 	9.899495 	25.961510 	24.738634 	19.697716 	21.377558 	67.601776 	20.124611 	21.260292 	28.635643 	25.553865 	27.313000 	27.313000 	38.209946 	
149.402145 	26.248810 	11.661903 	135.830780 	22.803509 	114.201576 	67.119293 	154.896744 	102.927162 	85.000000 	84.534019 	81.394104 	67.424034 	41.400482 	47.434166 	62.681736 	121.247681 	49.648766 	111.516815 	999.000000 	12.041595 	57.245087 	53.758720 	70.936592 	114.057007 	69.289246 	164.757401 	100.647903 	119.570061 	64.845970 	174.691162 	116.468880 	48.507732 	102.883430 	128.471786 	117.720009 	124.169243 	114.061386 	93.776329 	95.078911 	131.026718 	131.609268 	61.008198 	123.065025 	116.619041 	104.995239 	113.547348 	110.679718 	128.693436 	126.649124 	
158.391922 	36.715118 	12.529964 	145.454468 	33.541019 	124.535133 	78.294319 	164.103622 	113.740936 	96.176918 	95.754898 	92.703827 	78.032043 	51.971146 	58.180752 	73.430237 	131.764938 	61.400326 	122.298813 	12.041595 	999.000000 	68.963760 	65.520988 	82.540901 	124.907967 	80.956779 	174.155106 	111.825760 	130.361038 	76.655075 	183.896713 	127.475487 	60.530983 	114.236595 	139.291061 	128.798294 	135.118469 	125.239769 	105.342300 	106.625511 	141.904892 	142.667450 	73.027390 	134.461884 	128.160049 	116.760437 	125.227791 	122.413231 	140.217682 	138.495483 	
102.859123 	34.058773 	60.671246 	86.608315 	36.345562 	62.201286 	13.928389 	107.042046 	48.836460 	29.698484 	29.000000 	25.495098 	20.024984 	21.840330 	17.000000 	16.124516 	68.014702 	7.615773 	57.280014 	57.245087 	68.963760 	999.000000 	3.605551 	13.892444 	59.413803 	12.083046 	115.663307 	44.821869 	65.069191 	8.000000 	126.245789 	61.073727 	13.416408 	46.324940 	73.661385 	62.008064 	68.883957 	58.008621 	36.674240 	38.013157 	75.927597 	75.802376 	19.313208 	66.241982 	59.506302 	47.801674 	56.302753 	53.450912 	71.589104 	69.634758 	
106.004715 	31.000000 	57.428215 	89.888817 	33.136082 	65.604881 	17.000000 	110.276924 	52.345009 	33.241539 	32.557640 	29.068884 	22.360680 	19.697716 	15.620500 	18.027756 	71.505241 	4.123106 	60.811184 	53.758720 	65.520988 	3.605551 	999.000000 	17.492855 	62.968246 	15.652476 	118.983192 	48.414875 	68.622154 	11.180340 	129.541504 	64.660652 	10.440307 	49.929951 	77.233414 	65.604881 	72.470680 	61.611687 	40.249222 	41.593269 	79.511009 	79.404030 	18.867962 	69.835518 	63.071388 	51.244511 	59.808025 	56.920998 	75.153175 	73.006851 	
91.547798 	46.872166 	73.756355 	74.686012 	49.477268 	49.739319 	9.219544 	95.273293 	35.805027 	16.643316 	15.811388 	12.206555 	17.029387 	33.015148 	27.018513 	16.643316 	55.000000 	21.470911 	44.045429 	70.936592 	82.540901 	13.892444 	17.492855 	999.000000 	46.010868 	2.236068 	103.445641 	31.144823 	51.662365 	8.062258 	114.127121 	47.423622 	26.172504 	32.449963 	60.108234 	48.270073 	55.226807 	44.204071 	22.847319 	24.166092 	62.289646 	62.008064 	25.495098 	52.354561 	45.694637 	34.525352 	42.720020 	40.024994 	57.775429 	56.568542 	
51.088158 	88.192970 	114.494545 	33.060551 	91.416626 	10.816654 	47.201694 	52.952808 	11.180340 	29.732138 	30.413813 	33.941124 	46.957428 	72.945183 	66.730804 	51.478149 	10.198039 	66.603302 	3.000000 	114.057007 	124.907967 	59.413803 	62.968246 	46.010868 	999.000000 	48.166378 	59.464275 	15.264338 	5.656854 	53.907330 	70.228203 	4.472136 	72.180328 	16.492422 	14.422205 	6.708204 	10.440307 	8.062258 	26.925823 	25.632011 	17.000000 	18.439089 	69.115845 	17.492855 	19.416489 	28.160255 	24.166092 	26.248810 	24.596748 	36.069378 	
93.776329 	45.541191 	72.367119 	76.922035 	48.052055 	51.971146 	10.000000 	97.508972 	38.013157 	18.867962 	18.027756 	14.422205 	18.027756 	32.015621 	26.172504 	17.029387 	57.201397 	19.697716 	46.227695 	69.289246 	80.956779 	12.083046 	15.652476 	2.236068 	48.166378 	999.000000 	105.678757 	33.241539 	53.814495 	5.830952 	116.361504 	49.517673 	24.041630 	34.409302 	62.225395 	50.328918 	57.314919 	46.227695 	24.596748 	25.942244 	64.381676 	64.031242 	23.345236 	54.203320 	47.423622 	35.902645 	44.271889 	41.484936 	59.506302 	57.870544 	
17.720045 	138.600143 	162.373032 	29.206163 	142.144287 	53.712196 	102.078400 	10.770329 	67.977936 	86.833176 	87.709747 	91.301697 	98.858482 	123.842644 	118.342720 	103.855667 	49.396355 	122.065559 	60.539242 	164.757401 	174.155106 	115.663307 	118.983192 	103.445641 	59.464275 	105.678757 	999.000000 	74.464760 	54.405884 	111.507851 	10.770329 	60.166435 	129.003876 	75.894661 	48.662102 	60.638271 	53.935146 	65.000000 	86.377083 	85.094063 	48.259712 	52.038448 	127.910126 	65.192024 	72.560318 	85.702972 	78.638412 	81.884064 	67.029846 	82.152298 	
64.938431 	75.239616 	101.950966 	47.074409 	78.294319 	22.090721 	33.541019 	67.446274 	8.246211 	15.652476 	16.124516 	19.416489 	34.928497 	60.166435 	53.851646 	38.897301 	25.079872 	52.201534 	13.928389 	100.647903 	111.825760 	44.821869 	48.414875 	31.144823 	15.264338 	33.241539 	74.464760 	999.000000 	20.808653 	38.897301 	85.234970 	16.278820 	57.280014 	5.000000 	29.000000 	17.204651 	24.083189 	13.416408 	12.165525 	11.045361 	31.144823 	31.064449 	53.851646 	23.345236 	19.235384 	18.601076 	20.124611 	20.000000 	30.066593 	35.468296 	
47.010635 	93.648277 	119.854080 	29.068884 	96.896851 	11.180340 	52.801514 	48.373547 	16.643316 	35.383614 	36.069378 	39.597980 	52.354561 	78.390053 	72.201111 	56.938564 	6.324555 	72.249565 	8.062258 	119.570061 	130.361038 	65.069191 	68.622154 	51.662365 	5.656854 	53.814495 	54.405884 	20.808653 	999.000000 	59.548298 	65.145988 	6.000000 	77.833153 	21.540659 	8.944272 	7.280110 	6.082763 	11.000000 	32.202484 	30.870699 	11.704700 	14.000000 	74.625732 	17.029387 	21.189621 	32.015621 	26.683329 	29.274563 	23.430750 	36.619667 	
99.538940 	42.047592 	68.593002 	82.734512 	44.283180 	57.801384 	13.341664 	103.315056 	43.829212 	24.698177 	23.853722 	20.248457 	21.189621 	29.614185 	24.351591 	18.867962 	63.007935 	15.297058 	52.009613 	64.845970 	76.655075 	8.000000 	11.180340 	8.062258 	53.907330 	5.830952 	111.507851 	38.897301 	59.548298 	999.000000 	122.188377 	55.154327 	18.439089 	39.824615 	67.896980 	55.901699 	62.936478 	51.739735 	29.681644 	31.064449 	70.007141 	69.526970 	18.027756 	59.363289 	52.354561 	40.162170 	48.846699 	45.880280 	64.412735 	61.846584 	
25.806976 	148.600128 	172.002914 	39.661064 	152.161102 	64.412735 	112.605507 	19.798990 	78.721024 	97.529480 	98.412399 	102.000000 	109.201645 	133.958954 	128.549606 	114.201576 	60.166435 	132.574509 	71.309189 	174.691162 	183.896713 	126.245789 	129.541504 	114.127121 	70.228203 	116.361504 	10.770329 	85.234970 	65.145988 	122.188377 	999.000000 	70.880180 	139.606583 	86.648720 	59.228371 	71.309189 	64.536812 	75.690155 	97.144226 	95.859268 	58.694122 	62.289646 	138.654251 	75.538071 	83.024094 	96.317184 	89.106674 	92.395889 	77.025970 	92.005432 	
53.009434 	90.785461 	117.273186 	35.057095 	93.941475 	14.866069 	49.396355 	54.332310 	14.317822 	31.622776 	32.202484 	35.608986 	49.769470 	75.584389 	69.318108 	54.129475 	12.165525 	68.410522 	7.280110 	116.468880 	127.475487 	61.073727 	64.660652 	47.423622 	4.472136 	49.517673 	60.166435 	16.278820 	6.000000 	55.154327 	70.880180 	999.000000 	73.552704 	16.124516 	12.806249 	2.236068 	7.810250 	5.000000 	26.925823 	25.553865 	14.866069 	15.231546 	69.634758 	13.038404 	15.652476 	26.019224 	20.880613 	23.345236 	20.124611 	31.890438 	
116.275536 	29.732138 	54.083271 	99.985001 	30.805843 	75.451973 	27.313000 	120.440857 	61.846584 	42.638012 	41.868843 	38.288380 	32.756680 	23.430750 	21.931713 	28.284271 	81.055534 	9.055386 	70.178345 	48.507732 	60.530983 	13.416408 	10.440307 	26.172504 	72.180328 	24.041630 	129.003876 	57.280014 	77.833153 	18.439089 	139.606583 	73.552704 	999.000000 	58.258045 	86.267029 	74.330345 	81.344948 	70.178345 	48.010414 	49.406479 	88.413803 	87.965904 	14.317822 	77.665955 	70.491135 	57.697487 	66.648331 	63.505905 	82.492424 	78.771820 	
67.364677 	77.833153 	104.675690 	49.365982 	80.777473 	25.079872 	36.055511 	69.426216 	12.529964 	18.439089 	18.681541 	21.540659 	38.327538 	62.936478 	56.612720 	41.976185 	26.683329 	53.851646 	16.031219 	102.883430 	114.236595 	46.324940 	49.929951 	32.449963 	16.492422 	34.409302 	75.894661 	5.000000 	21.540659 	39.824615 	86.648720 	16.124516 	58.258045 	999.000000 	28.844410 	16.401220 	23.600847 	12.041595 	10.816654 	9.433981 	30.610456 	29.732138 	53.600372 	20.248457 	15.000000 	13.892444 	15.231546 	15.000000 	26.476404 	30.675724 	
43.931767 	102.576797 	128.798294 	26.925823 	105.815880 	18.027756 	61.611687 	44.045429 	25.553865 	44.045429 	44.687805 	48.166378 	61.294373 	87.321243 	81.123360 	65.863495 	10.198039 	80.919716 	17.000000 	128.471786 	139.291061 	73.661385 	77.233414 	60.108234 	14.422205 	62.225395 	48.662102 	29.000000 	8.944272 	67.896980 	59.228371 	12.806249 	86.267029 	28.844410 	999.000000 	12.529964 	5.385165 	17.000000 	39.661064 	38.275318 	3.000000 	7.211102 	82.419655 	17.262676 	24.020824 	37.107952 	30.066593 	33.241539 	21.470911 	36.400551 	
54.083271 	92.135773 	118.701309 	36.221542 	95.257545 	16.970562 	50.606323 	55.145264 	16.124516 	32.756680 	33.286633 	36.619667 	51.264023 	76.967529 	70.682388 	55.542778 	13.601471 	69.404610 	9.486833 	117.720009 	128.798294 	62.008064 	65.604881 	48.270073 	6.708204 	50.328918 	60.638271 	17.204651 	7.280110 	55.901699 	71.309189 	2.236068 	74.330345 	16.401220 	12.529964 	999.000000 	7.211102 	4.472136 	27.202942 	25.806976 	14.212670 	13.892444 	70.000000 	10.816654 	13.928389 	25.179358 	19.416489 	22.090721 	17.888544 	29.832869 	
48.507732 	98.412399 	124.811859 	31.048349 	101.597244 	17.088007 	57.140179 	49.000000 	21.540659 	39.408119 	40.000000 	43.416588 	57.271286 	83.186539 	76.941536 	61.717098 	10.630146 	76.216797 	13.341664 	124.169243 	135.118469 	68.883957 	72.470680 	55.226807 	10.440307 	57.314919 	53.935146 	24.083189 	6.082763 	62.936478 	64.536812 	7.810250 	81.344948 	23.600847 	5.385165 	7.211102 	999.000000 	11.661903 	34.409302 	33.015148 	7.071068 	8.062258 	77.201035 	13.000000 	19.026299 	31.780497 	25.000000 	28.071337 	18.439089 	32.649654 	
58.008621 	88.639717 	115.316956 	40.049969 	91.706055 	18.867962 	46.957428 	59.304298 	14.142136 	29.068884 	29.529646 	32.756680 	48.083260 	73.539108 	67.230942 	52.201534 	17.117243 	65.459915 	9.899495 	114.061386 	125.239769 	58.008621 	61.611687 	44.204071 	8.062258 	46.227695 	65.000000 	13.416408 	11.000000 	51.739735 	75.690155 	5.000000 	70.178345 	12.041595 	17.000000 	4.472136 	11.661903 	999.000000 	22.803509 	21.400934 	18.601076 	17.804493 	65.604881 	11.180340 	11.401754 	21.023796 	16.155495 	18.439089 	18.439089 	28.319605 	
77.103828 	69.375786 	96.301613 	59.228371 	72.124893 	34.234486 	28.160255 	79.555016 	20.000000 	13.000000 	12.649111 	14.035668 	32.249031 	54.918121 	48.662102 	35.000000 	37.000000 	44.283180 	25.961510 	93.776329 	105.342300 	36.674240 	40.249222 	22.847319 	26.925823 	24.596748 	86.377083 	12.165525 	32.202484 	29.681644 	97.144226 	26.925823 	48.010414 	10.816654 	39.661064 	27.202942 	34.409302 	22.803509 	999.000000 	1.414214 	41.400482 	40.311287 	42.801868 	29.681644 	22.847319 	13.341664 	20.223749 	18.000000 	34.928497 	35.014282 	
75.953934 	70.604530 	97.529480 	58.051701 	73.375748 	33.136082 	29.274563 	78.339005 	19.026299 	13.601471 	13.341664 	15.000000 	33.136082 	56.089214 	49.819675 	36.013885 	35.735138 	45.617977 	24.738634 	95.078911 	106.625511 	38.013157 	41.593269 	24.166092 	25.632011 	25.942244 	85.094063 	11.045361 	30.870699 	31.064449 	95.859268 	25.553865 	49.406479 	9.433981 	38.275318 	25.806976 	33.015148 	21.400934 	1.414214 	999.000000 	40.000000 	38.897301 	44.204071 	28.301943 	21.540659 	12.649111 	19.104973 	17.029387 	33.615471 	34.058773 	
44.643028 	105.190300 	131.483841 	28.178005 	108.406639 	21.023796 	64.070274 	44.283180 	28.178005 	46.400433 	47.010635 	50.447994 	63.953106 	89.944427 	83.725746 	68.476273 	13.152946 	83.240616 	19.697716 	131.026718 	141.904892 	75.927597 	79.511009 	62.289646 	17.000000 	64.381676 	48.259712 	31.144823 	11.704700 	70.007141 	58.694122 	14.866069 	88.413803 	30.610456 	3.000000 	14.212670 	7.071068 	18.601076 	41.400482 	40.000000 	999.000000 	5.000000 	84.202141 	17.000000 	24.331051 	37.947330 	30.413813 	33.734257 	20.248457 	35.440090 	
49.335587 	105.990562 	132.502823 	33.120991 	109.128365 	24.515301 	64.498062 	48.662102 	29.410883 	46.647614 	47.169907 	50.477718 	65.000000 	90.801979 	84.528099 	69.354164 	17.088007 	83.234612 	21.377558 	131.609268 	142.667450 	75.802376 	79.404030 	62.008064 	18.439089 	64.031242 	52.038448 	31.064449 	14.000000 	69.526970 	62.289646 	15.231546 	87.965904 	29.732138 	7.211102 	13.892444 	8.062258 	17.804493 	40.311287 	38.897301 	5.000000 	999.000000 	82.975899 	13.341664 	21.189621 	35.341194 	27.202942 	30.675724 	15.524175 	30.805843 	
116.709038 	44.011364 	67.601776 	99.538940 	44.922153 	74.323616 	31.064449 	120.154068 	59.933296 	41.436699 	40.496914 	37.000000 	38.470768 	36.878178 	34.058773 	35.171009 	78.771820 	20.518284 	67.601776 	61.008198 	73.027390 	19.313208 	18.867962 	25.495098 	69.115845 	23.345236 	127.910126 	53.851646 	74.625732 	18.027756 	138.654251 	69.634758 	14.317822 	53.600372 	82.419655 	70.000000 	77.201035 	65.604881 	42.801868 	44.204071 	84.202141 	82.975899 	999.000000 	71.421288 	63.702435 	49.819675 	59.033890 	55.605755 	75.286118 	69.354164 	
61.188232 	98.081596 	124.919975 	43.965897 	101.019798 	27.658634 	56.302753 	61.204575 	25.317978 	38.600517 	38.897301 	41.785164 	58.249462 	83.168503 	76.843994 	62.096699 	23.021729 	73.824112 	20.124611 	123.065025 	134.461884 	66.241982 	69.835518 	52.354561 	17.492855 	54.203320 	65.192024 	23.345236 	17.029387 	59.363289 	75.538071 	13.038404 	77.665955 	20.248457 	17.262676 	10.816654 	13.000000 	11.180340 	29.681644 	28.301943 	17.000000 	13.341664 	71.421288 	999.000000 	8.062258 	22.472204 	13.928389 	17.464249 	7.280110 	19.723083 	
67.475922 	92.048897 	118.962181 	49.819675 	94.868332 	30.232433 	50.447994 	68.007355 	23.706539 	33.241539 	33.376640 	35.902645 	53.235325 	77.369247 	71.063354 	56.718605 	27.513634 	67.119293 	21.260292 	116.619041 	128.160049 	59.506302 	63.071388 	45.694637 	19.416489 	47.423622 	72.560318 	19.235384 	21.189621 	52.354561 	83.024094 	15.652476 	70.491135 	15.000000 	24.020824 	13.928389 	19.026299 	11.401754 	22.847319 	21.540659 	24.331051 	21.189621 	63.702435 	8.062258 	999.000000 	14.422205 	6.082763 	9.486833 	12.083046 	17.204651 	
79.000000 	81.394104 	108.258949 	61.008198 	83.952370 	38.078865 	41.000000 	80.305664 	26.419689 	26.248810 	25.961510 	27.294687 	45.541191 	67.364677 	61.204575 	48.093658 	38.013157 	55.362442 	28.635643 	104.995239 	116.760437 	47.801674 	51.244511 	34.525352 	28.160255 	35.902645 	85.702972 	18.601076 	32.015621 	40.162170 	96.317184 	26.019224 	57.697487 	13.892444 	37.107952 	25.179358 	31.780497 	21.023796 	13.341664 	12.649111 	37.947330 	35.341194 	49.819675 	22.472204 	14.422205 	999.000000 	9.219544 	5.830952 	25.495098 	22.090721 	
73.334846 	89.498604 	116.417351 	55.578773 	92.179176 	34.885529 	48.373547 	74.000000 	26.248810 	32.062439 	32.015621 	34.058773 	52.009613 	75.133217 	68.883957 	55.081757 	32.984844 	63.906181 	25.553865 	113.547348 	125.227791 	56.302753 	59.808025 	42.720020 	24.166092 	44.271889 	78.638412 	20.124611 	26.683329 	48.846699 	89.106674 	20.880613 	66.648331 	15.231546 	30.066593 	19.416489 	25.000000 	16.155495 	20.223749 	19.104973 	30.413813 	27.202942 	59.033890 	13.928389 	6.082763 	9.219544 	999.000000 	3.605551 	16.278820 	15.524175 	
76.164299 	86.884979 	113.780487 	58.309521 	89.498604 	36.769554 	46.097721 	77.025970 	26.907248 	30.413813 	30.265491 	32.015621 	50.159744 	72.691124 	66.483078 	53.000000 	35.510563 	61.032780 	27.313000 	110.679718 	122.413231 	53.450912 	56.920998 	40.024994 	26.248810 	41.484936 	81.884064 	20.000000 	29.274563 	45.880280 	92.395889 	23.345236 	63.505905 	15.000000 	33.241539 	22.090721 	28.071337 	18.439089 	18.000000 	17.029387 	33.734257 	30.675724 	55.605755 	17.464249 	9.486833 	5.830952 	3.605551 	999.000000 	19.798990 	17.029387 	
64.845970 	104.043259 	130.942734 	48.332184 	106.892471 	34.409302 	62.361847 	64.132675 	32.557640 	44.911022 	45.122055 	47.801674 	64.776543 	89.286057 	82.969872 	68.447060 	29.000000 	79.202271 	27.313000 	128.693436 	140.217682 	71.589104 	75.153175 	57.775429 	24.596748 	59.506302 	67.029846 	30.066593 	23.430750 	64.412735 	77.025970 	20.124611 	82.492424 	26.476404 	21.470911 	17.888544 	18.439089 	18.439089 	34.928497 	33.615471 	20.248457 	15.524175 	75.286118 	7.280110 	12.083046 	25.495098 	16.278820 	19.798990 	999.000000 	15.297058 	
80.081207 	103.406960 	130.230560 	63.324562 	105.905617 	46.754681 	63.031738 	79.429214 	40.816662 	47.381432 	47.265209 	49.040798 	67.186310 	89.453896 	83.294655 	70.007141 	42.720020 	77.129761 	38.209946 	126.649124 	138.495483 	69.634758 	73.006851 	56.568542 	36.069378 	57.870544 	82.152298 	35.468296 	36.619667 	61.846584 	92.005432 	31.890438 	78.771820 	30.675724 	36.400551 	29.832869 	32.649654 	28.319605 	35.014282 	34.058773 	35.440090 	30.805843 	69.354164 	19.723083 	17.204651 	22.090721 	15.524175 	17.029387 	15.297058 	999.000000 	

Travel time:
9.000000 	3.085855 	3.660345 	0.450694 	3.175394 	1.073837 	2.225140 	0.176777 	1.437228 	1.881821 	1.905420 	1.992800 	2.122646 	2.725459 	2.595308 	2.247221 	1.025305 	2.719605 	1.283793 	3.735054 	3.959798 	2.571478 	2.650118 	2.288695 	1.277204 	2.344408 	0.443001 	1.623461 	1.175266 	2.488473 	0.645174 	1.325236 	2.906888 	1.684117 	1.098294 	1.352082 	1.212693 	1.450216 	1.927596 	1.898848 	1.116076 	1.233390 	2.917726 	1.529706 	1.686898 	1.975000 	1.833371 	1.904107 	1.621149 	2.002030 	
3.085855 	9.000000 	0.673146 	2.740552 	0.090139 	2.200142 	1.044629 	3.220443 	1.925649 	1.490386 	1.480920 	1.407569 	1.033501 	0.381608 	0.536773 	0.917878 	2.378287 	0.675463 	2.139655 	0.656220 	0.917878 	0.851469 	0.775000 	1.171804 	2.204824 	1.138530 	3.465003 	1.880990 	2.341207 	1.051190 	3.715003 	2.269637 	0.743303 	1.945829 	2.564420 	2.303394 	2.460310 	2.215993 	1.734395 	1.765113 	2.629757 	2.649764 	1.100284 	2.452040 	2.301222 	2.034853 	2.237465 	2.172124 	2.601081 	2.585174 	
3.660345 	0.673146 	9.000000 	3.346080 	0.608276 	2.838353 	1.715554 	3.805670 	2.582876 	2.159427 	2.150872 	2.079213 	1.688565 	1.044629 	1.202601 	1.578963 	3.023347 	1.333464 	2.795085 	0.291548 	0.313249 	1.516781 	1.435705 	1.843909 	2.862364 	1.809178 	4.059326 	2.548774 	2.996352 	1.714825 	4.300073 	2.931830 	1.352082 	2.616892 	3.219957 	2.967533 	3.120296 	2.882924 	2.407540 	2.438237 	3.287096 	3.312571 	1.690044 	3.122999 	2.974055 	2.706474 	2.910434 	2.844512 	3.273568 	3.255764 	
0.450694 	2.740552 	3.346080 	9.000000 	2.828648 	0.632456 	1.823630 	0.515388 	0.996243 	1.454519 	1.477329 	1.566246 	1.741407 	2.369071 	2.229910 	1.866313 	0.575000 	2.322849 	0.834416 	3.395770 	3.636362 	2.165208 	2.247221 	1.867150 	0.826514 	1.923051 	0.730154 	1.176860 	0.726722 	2.068363 	0.991527 	0.876427 	2.499625 	1.234150 	0.673146 	0.905539 	0.776209 	1.001249 	1.480709 	1.451293 	0.704450 	0.828025 	2.488473 	1.099147 	1.245492 	1.525205 	1.389469 	1.457738 	1.208305 	1.583114 	
3.175394 	0.090139 	0.608276 	2.828648 	9.000000 	2.285005 	1.119431 	3.309551 	2.006552 	1.566246 	1.556037 	1.480920 	1.116356 	0.465027 	0.617454 	0.999062 	2.461833 	0.726722 	2.220923 	0.570088 	0.838525 	0.908639 	0.828402 	1.236932 	2.285416 	1.201301 	3.553607 	1.957358 	2.422421 	1.107080 	3.804028 	2.348537 	0.770146 	2.019437 	2.645397 	2.381439 	2.539931 	2.292651 	1.803122 	1.834394 	2.710166 	2.728209 	1.123054 	2.525495 	2.371708 	2.098809 	2.304479 	2.237465 	2.672312 	2.647640 	
1.073837 	2.200142 	2.838353 	0.632456 	2.285005 	9.000000 	1.222957 	1.147007 	0.364006 	0.828025 	0.850000 	0.939747 	1.171538 	1.820028 	1.671077 	1.293493 	0.201556 	1.722099 	0.237171 	2.855039 	3.113378 	1.555032 	1.640122 	1.243483 	0.270416 	1.299279 	1.342805 	0.552268 	0.279509 	1.445035 	1.610318 	0.371652 	1.886299 	0.626997 	0.450694 	0.424264 	0.427200 	0.471699 	0.855862 	0.828402 	0.525595 	0.612882 	1.858090 	0.691466 	0.755811 	0.951972 	0.872138 	0.919239 	0.860233 	1.168867 	
2.225140 	1.044629 	1.715554 	1.823630 	1.119431 	1.222957 	9.000000 	2.332381 	0.905883 	0.447214 	0.436606 	0.364006 	0.201556 	0.673146 	0.515388 	0.190394 	1.379311 	0.500000 	1.120547 	1.677982 	1.957358 	0.348210 	0.425000 	0.230489 	1.180042 	0.250000 	2.551960 	0.838525 	1.320038 	0.333542 	2.815138 	1.234909 	0.682825 	0.901388 	1.540292 	1.265158 	1.428504 	1.173936 	0.704006 	0.731864 	1.601757 	1.612452 	0.776611 	1.407569 	1.261200 	1.025000 	1.209339 	1.152443 	1.559046 	1.575794 	
0.176777 	3.220443 	3.805670 	0.515388 	3.309551 	1.147007 	2.332381 	9.000000 	1.510174 	1.969772 	1.992643 	2.081466 	2.240675 	2.855368 	2.721328 	2.365639 	1.068878 	2.830194 	1.340009 	3.872419 	4.102591 	2.676051 	2.756923 	2.381832 	1.323820 	2.437724 	0.269258 	1.686157 	1.209339 	2.582876 	0.494975 	1.358308 	3.011021 	1.735655 	1.101136 	1.378632 	1.225000 	1.482607 	1.988875 	1.958475 	1.107080 	1.216552 	3.003852 	1.530114 	1.700184 	2.007642 	1.850000 	1.925649 	1.603317 	1.985730 	
1.437228 	1.925649 	2.582876 	0.996243 	2.006552 	0.364006 	0.905883 	1.510174 	9.000000 	0.480234 	0.500000 	0.590021 	0.894427 	1.544345 	1.389244 	1.007782 	0.480234 	1.396648 	0.215058 	2.573179 	2.843524 	1.220912 	1.308625 	0.895126 	0.279509 	0.950329 	1.699448 	0.206155 	0.416083 	1.095730 	1.968026 	0.357946 	1.546165 	0.313249 	0.638847 	0.403113 	0.538516 	0.353553 	0.500000 	0.475657 	0.704450 	0.735272 	1.498332 	0.632949 	0.592663 	0.660492 	0.656220 	0.672681 	0.813941 	1.020416 	
1.881821 	1.490386 	2.159427 	1.454519 	1.566246 	0.828025 	0.447214 	1.969772 	0.480234 	9.000000 	0.025000 	0.111803 	0.500625 	1.114955 	0.956883 	0.588430 	0.960469 	0.921954 	0.689656 	2.125000 	2.404423 	0.742462 	0.831038 	0.416083 	0.743303 	0.471699 	2.170829 	0.391312 	0.884590 	0.617454 	2.438237 	0.790569 	1.065950 	0.460977 	1.101136 	0.818917 	0.985203 	0.726722 	0.325000 	0.340037 	1.160011 	1.166190 	1.035918 	0.965013 	0.831038 	0.656220 	0.801561 	0.760345 	1.122776 	1.184536 	
1.905420 	1.480920 	2.150872 	1.477329 	1.556037 	0.850000 	0.436606 	1.992643 	0.500000 	0.025000 	9.000000 	0.090139 	0.500000 	1.106797 	0.948683 	0.583631 	0.980115 	0.905883 	0.707990 	2.113350 	2.393872 	0.725000 	0.813941 	0.395285 	0.760345 	0.450694 	2.192744 	0.403113 	0.901734 	0.596343 	2.460310 	0.805062 	1.046721 	0.467039 	1.117195 	0.832166 	1.000000 	0.738241 	0.316228 	0.333542 	1.175266 	1.179248 	1.012423 	0.972432 	0.834416 	0.649038 	0.800391 	0.756637 	1.128051 	1.181630 	
1.992800 	1.407569 	2.079213 	1.566246 	1.480920 	0.939747 	0.364006 	2.081466 	0.590021 	0.111803 	0.090139 	9.000000 	0.456207 	1.037123 	0.879275 	0.525595 	1.070047 	0.820061 	0.797261 	2.034853 	2.317596 	0.637377 	0.726722 	0.305164 	0.848528 	0.360555 	2.282542 	0.485412 	0.989950 	0.506211 	2.550000 	0.890225 	0.957209 	0.538516 	1.204159 	0.915492 	1.085415 	0.818917 	0.350892 	0.375000 	1.261200 	1.261943 	0.925000 	1.044629 	0.897566 	0.682367 	0.851469 	0.800391 	1.195042 	1.226020 	
2.122646 	1.033501 	1.688565 	1.741407 	1.116356 	1.171538 	0.201556 	2.240675 	0.894427 	0.500625 	0.500000 	0.456207 	9.000000 	0.651920 	0.500000 	0.125000 	1.345595 	0.608790 	1.107362 	1.685601 	1.950801 	0.500625 	0.559017 	0.425735 	1.173936 	0.450694 	2.471462 	0.873212 	1.308864 	0.529741 	2.730041 	1.244237 	0.818917 	0.958188 	1.532359 	1.281601 	1.431782 	1.202081 	0.806226 	0.828402 	1.598828 	1.625000 	0.961769 	1.456237 	1.330883 	1.138530 	1.300240 	1.253994 	1.619414 	1.679658 	
2.725459 	0.381608 	1.044629 	2.369071 	0.465027 	1.820028 	0.673146 	2.855368 	1.544345 	1.114955 	1.106797 	1.037123 	0.651920 	9.000000 	0.158114 	0.536773 	1.997029 	0.416083 	1.758195 	1.035012 	1.299279 	0.546008 	0.492443 	0.825379 	1.823630 	0.800391 	3.096066 	1.504161 	1.959751 	0.740355 	3.348974 	1.889610 	0.585769 	1.573412 	2.183031 	1.924188 	2.079664 	1.838478 	1.372953 	1.402230 	2.248611 	2.270050 	0.921954 	2.079213 	1.934231 	1.684117 	1.878330 	1.817278 	2.232152 	2.236347 	
2.595308 	0.536773 	1.202601 	2.229910 	0.617454 	1.671077 	0.515388 	2.721328 	1.389244 	0.956883 	0.948683 	0.879275 	0.500000 	0.158114 	9.000000 	0.381608 	1.845434 	0.340037 	1.603512 	1.185854 	1.454519 	0.425000 	0.390512 	0.675463 	1.668270 	0.654313 	2.958568 	1.346291 	1.805028 	0.608790 	3.213740 	1.732953 	0.548293 	1.415318 	2.028084 	1.767060 	1.923538 	1.680773 	1.216552 	1.245492 	2.093144 	2.113203 	0.851469 	1.921100 	1.776584 	1.530114 	1.722099 	1.662077 	2.074247 	2.082366 	
2.247221 	0.917878 	1.578963 	1.866313 	0.999062 	1.293493 	0.190394 	2.365639 	1.007782 	0.588430 	0.583631 	0.525595 	0.125000 	0.536773 	0.381608 	9.000000 	1.465008 	0.491172 	1.221935 	1.567043 	1.835756 	0.403113 	0.450694 	0.416083 	1.286954 	0.425735 	2.596392 	0.972432 	1.423464 	0.471699 	2.855039 	1.353237 	0.707107 	1.049405 	1.646587 	1.388569 	1.542928 	1.305038 	0.875000 	0.900347 	1.711907 	1.733854 	0.879275 	1.552418 	1.417965 	1.202341 	1.377044 	1.325000 	1.711177 	1.750179 	
1.025305 	2.378287 	3.023347 	0.575000 	2.461833 	0.201556 	1.379311 	1.068878 	0.480234 	0.960469 	0.980115 	1.070047 	1.345595 	1.997029 	1.845434 	1.465008 	9.000000 	1.874166 	0.279509 	3.031192 	3.294123 	1.700368 	1.787631 	1.375000 	0.254951 	1.430035 	1.234909 	0.626997 	0.158114 	1.575198 	1.504161 	0.304138 	2.026388 	0.667083 	0.254951 	0.340037 	0.265754 	0.427931 	0.925000 	0.893378 	0.328824 	0.427200 	1.969296 	0.575543 	0.687841 	0.950329 	0.824621 	0.887764 	0.725000 	1.068001 	
2.719605 	0.675463 	1.333464 	2.322849 	0.726722 	1.722099 	0.500000 	2.830194 	1.396648 	0.921954 	0.905883 	0.820061 	0.608790 	0.416083 	0.340037 	0.491172 	1.874166 	9.000000 	1.609542 	1.241219 	1.535008 	0.190394 	0.103078 	0.536773 	1.665083 	0.492443 	3.051639 	1.305038 	1.806239 	0.382426 	3.314363 	1.710263 	0.226385 	1.346291 	2.022993 	1.735115 	1.905420 	1.636498 	1.107080 	1.140449 	2.081015 	2.080865 	0.512957 	1.845603 	1.677982 	1.384061 	1.597655 	1.525820 	1.980057 	1.928244 	
1.283793 	2.139655 	2.795085 	0.834416 	2.220923 	0.237171 	1.120547 	1.340009 	0.215058 	0.689656 	0.707990 	0.797261 	1.107362 	1.758195 	1.603512 	1.221935 	0.279509 	1.609542 	9.000000 	2.787920 	3.057470 	1.432000 	1.520280 	1.101136 	0.075000 	1.155692 	1.513481 	0.348210 	0.201556 	1.300240 	1.782730 	0.182003 	1.754459 	0.400780 	0.425000 	0.237171 	0.333542 	0.247487 	0.649038 	0.618466 	0.492443 	0.534439 	1.690044 	0.503115 	0.531507 	0.715891 	0.638847 	0.682825 	0.682825 	0.955249 	
3.735054 	0.656220 	0.291548 	3.395770 	0.570088 	2.855039 	1.677982 	3.872419 	2.573179 	2.125000 	2.113350 	2.034853 	1.685601 	1.035012 	1.185854 	1.567043 	3.031192 	1.241219 	2.787920 	9.000000 	0.301040 	1.431127 	1.343968 	1.773415 	2.851425 	1.732231 	4.118935 	2.516198 	2.989252 	1.621149 	4.367279 	2.911722 	1.212693 	2.572086 	3.211795 	2.943000 	3.104231 	2.851535 	2.344408 	2.376973 	3.275668 	3.290232 	1.525205 	3.076626 	2.915476 	2.624881 	2.838684 	2.766993 	3.217336 	3.166228 	
3.959798 	0.917878 	0.313249 	3.636362 	0.838525 	3.113378 	1.957358 	4.102591 	2.843524 	2.404423 	2.393872 	2.317596 	1.950801 	1.299279 	1.454519 	1.835756 	3.294123 	1.535008 	3.057470 	0.301040 	9.000000 	1.724094 	1.638025 	2.063523 	3.122699 	2.023920 	4.353878 	2.795644 	3.259026 	1.916377 	4.597418 	3.186887 	1.513275 	2.855915 	3.482276 	3.219957 	3.377962 	3.130994 	2.633558 	2.665638 	3.547622 	3.566686 	1.825685 	3.361547 	3.204001 	2.919011 	3.130695 	3.060331 	3.505442 	3.462387 	
2.571478 	0.851469 	1.516781 	2.165208 	0.908639 	1.555032 	0.348210 	2.676051 	1.220912 	0.742462 	0.725000 	0.637377 	0.500625 	0.546008 	0.425000 	0.403113 	1.700368 	0.190394 	1.432000 	1.431127 	1.724094 	9.000000 	0.090139 	0.347311 	1.485345 	0.302076 	2.891583 	1.120547 	1.626730 	0.200000 	3.156145 	1.526843 	0.335410 	1.158123 	1.841535 	1.550202 	1.722099 	1.450216 	0.916856 	0.950329 	1.898190 	1.895059 	0.482830 	1.656049 	1.487658 	1.195042 	1.407569 	1.336273 	1.789728 	1.740869 	
2.650118 	0.775000 	1.435705 	2.247221 	0.828402 	1.640122 	0.425000 	2.756923 	1.308625 	0.831038 	0.813941 	0.726722 	0.559017 	0.492443 	0.390512 	0.450694 	1.787631 	0.103078 	1.520280 	1.343968 	1.638025 	0.090139 	9.000000 	0.437321 	1.574206 	0.391312 	2.974580 	1.210372 	1.715554 	0.279509 	3.238538 	1.616516 	0.261008 	1.248249 	1.930835 	1.640122 	1.811767 	1.540292 	1.006231 	1.039832 	1.987775 	1.985101 	0.471699 	1.745888 	1.576785 	1.281113 	1.495201 	1.423025 	1.878829 	1.825171 	
2.288695 	1.171804 	1.843909 	1.867150 	1.236932 	1.243483 	0.230489 	2.381832 	0.895126 	0.416083 	0.395285 	0.305164 	0.425735 	0.825379 	0.675463 	0.416083 	1.375000 	0.536773 	1.101136 	1.773415 	2.063523 	0.347311 	0.437321 	9.000000 	1.150272 	0.055902 	2.586141 	0.778621 	1.291559 	0.201556 	2.853178 	1.185591 	0.654313 	0.811249 	1.502706 	1.206752 	1.380670 	1.105102 	0.571183 	0.604152 	1.557241 	1.550202 	0.637377 	1.308864 	1.142366 	0.863134 	1.068001 	1.000625 	1.444386 	1.414214 	
