Total assets = 830
Number of asset nodes = 50

Distance:
999.000000 	114.061386 	9.219544 	116.726173 	81.043198 	117.618027 	31.257000 	10.198039 	11.180340 	13.152946 	84.403793 	104.957130 	76.967529 	95.210297 	32.984844 	14.000000 	80.603973 	16.124516 	159.402008 	25.059929 	97.123634 	173.657715 	30.083218 	88.294960 	88.073830 	85.702972 	84.528099 	36.687874 	29.529646 	36.055511 	96.104111 	93.744331 	38.483765 	92.395889 	94.540993 	96.690224 	97.672920 	91.787796 	100.806747 	95.036835 	95.885345 	98.005104 	111.157547 	113.863953 	110.453613 	111.449539 	113.635384 	118.088951 	114.529472 	115.624390 	120.070816 	118.608597 	119.603508 	101.242287 	108.295891 	111.162041 	110.222504 	107.466270 	114.214706 	113.441612 	111.646767 	112.641022 	112.008926 	
114.061386 	999.000000 	112.361023 	3.000000 	38.600517 	4.000000 	90.271812 	117.345642 	121.264175 	118.983192 	38.078865 	11.045361 	37.443291 	26.925823 	92.097771 	121.202309 	43.046486 	114.621117 	49.929951 	102.303467 	26.248810 	67.977936 	97.082436 	36.249138 	37.161808 	39.812057 	41.146080 	91.934761 	100.568382 	93.348808 	33.734257 	36.138622 	95.482986 	38.327538 	36.878178 	35.510563 	35.355339 	42.201897 	34.058773 	39.623226 	40.447498 	39.204590 	38.078865 	40.804413 	43.931767 	44.147480 	42.720020 	40.311287 	43.965897 	43.324360 	41.146080 	44.384682 	44.777225 	60.000000 	61.400326 	59.841457 	60.671246 	63.285069 	61.392181 	64.132675 	65.764732 	65.924202 	68.731361 	
9.219544 	112.361023 	999.000000 	114.908661 	77.620872 	115.762688 	25.179358 	5.000000 	8.944272 	7.211102 	80.653580 	103.812332 	74.946648 	91.923882 	26.019224 	9.219544 	76.537575 	7.280110 	159.022018 	16.763054 	93.776329 	173.971268 	22.360680 	84.433403 	84.118965 	81.608826 	80.361679 	29.274563 	21.189621 	28.442924 	92.048897 	89.560036 	30.364452 	88.056801 	90.249657 	92.444580 	93.407707 	87.097649 	96.566040 	90.470993 	91.219513 	93.391647 	106.512909 	109.041275 	105.380264 	106.367287 	108.673820 	113.357841 	109.489723 	110.643570 	115.316956 	113.600174 	114.586212 	95.000000 	102.004898 	105.004761 	104.000000 	101.044548 	108.000000 	107.042046 	105.118980 	106.117859 	105.304321 	
116.726173 	3.000000 	114.908661 	999.000000 	40.459858 	1.000000 	92.617493 	119.887444 	123.822456 	121.490738 	39.661064 	14.035668 	39.962482 	28.178005 	94.366310 	123.713379 	44.654228 	117.068359 	48.373547 	104.637466 	27.313000 	66.708321 	99.357941 	37.589893 	38.470768 	41.182522 	42.544094 	94.111633 	102.825096 	95.524864 	34.481880 	37.000000 	97.580734 	39.217342 	37.643059 	36.138622 	35.902645 	43.011627 	34.365681 	40.261642 	41.000000 	39.623226 	37.483330 	40.024994 	43.416588 	43.566040 	41.976185 	39.217342 	43.174065 	42.449970 	39.924931 	43.324360 	43.657761 	60.074955 	61.131008 	59.413803 	60.299255 	63.071388 	60.827625 	63.639610 	65.375839 	65.490456 	68.359344 	
81.043198 	38.600517 	77.620872 	40.459858 	999.000000 	41.109608 	53.712196 	82.462112 	86.539009 	83.671982 	4.472136 	34.176014 	12.806249 	14.317822 	54.918121 	85.906929 	6.082763 	78.714676 	88.481636 	65.513359 	16.155495 	106.174385 	59.908264 	8.246211 	8.544003 	7.810250 	7.810250 	54.203320 	63.245552 	55.605755 	16.124516 	14.560220 	57.384666 	14.317822 	15.811388 	17.464249 	18.439089 	16.401220 	21.213203 	17.888544 	19.235384 	20.615528 	32.557640 	35.902645 	34.176014 	35.114101 	36.400551 	39.458839 	37.643059 	38.327538 	41.436699 	41.231056 	42.201897 	37.013512 	42.426407 	43.278172 	43.185646 	43.185646 	46.227695 	47.423622 	47.381432 	48.083260 	49.578220 	
117.618027 	4.000000 	115.762688 	1.000000 	41.109608 	999.000000 	93.407707 	120.739388 	124.679588 	122.331520 	40.224369 	15.033297 	40.816662 	28.653097 	95.131485 	124.555206 	45.221676 	117.889778 	47.885281 	105.422958 	27.730848 	66.309875 	100.124924 	38.078865 	38.948685 	41.677334 	43.046486 	94.847244 	103.585716 	96.260063 	34.785053 	37.336308 	98.290382 	39.560081 	37.947330 	36.400551 	36.138622 	43.324360 	34.525352 	40.521599 	41.231056 	39.812057 	37.336308 	39.812057 	43.289722 	43.416588 	41.773197 	38.897301 	42.953465 	42.201897 	39.560081 	43.011627 	43.324360 	60.133186 	61.073727 	59.304298 	60.207973 	63.031738 	60.671246 	63.505905 	65.276337 	65.375839 	68.264191 	
31.257000 	90.271812 	25.179358 	92.617493 	53.712196 	93.407707 	999.000000 	29.614185 	33.734257 	30.364452 	56.364883 	82.734512 	53.075417 	68.000000 	4.123106 	32.572994 	52.000000 	25.079872 	138.600143 	12.041595 	69.771057 	154.673843 	7.615773 	60.008331 	59.615433 	57.008770 	55.713554 	8.062258 	11.180340 	8.544003 	67.416618 	64.845970 	12.649111 	63.245552 	65.459915 	67.675697 	68.622154 	62.096699 	71.784401 	65.520988 	66.219330 	68.410522 	81.492332 	83.952370 	80.230919 	81.215759 	83.546394 	88.294960 	84.344528 	85.510231 	90.244110 	88.459030 	89.442719 	70.064255 	77.103828 	80.024994 	79.056938 	76.236473 	83.054199 	82.219215 	80.399002 	81.394104 	80.752708 	
10.198039 	117.345642 	5.000000 	119.887444 	82.462112 	120.739388 	29.614185 	999.000000 	4.123106 	3.000000 	85.440041 	108.811768 	79.924965 	96.772926 	30.066593 	4.472136 	81.271149 	7.211102 	164.015244 	20.099751 	98.615417 	178.932953 	26.019224 	89.196411 	88.865067 	86.330757 	85.070557 	33.015148 	24.331051 	32.062439 	96.767761 	94.254974 	33.541019 	92.720009 	94.921021 	97.123634 	98.081596 	91.678787 	101.242287 	95.078911 	95.801880 	97.984695 	111.085556 	113.564957 	109.836243 	110.819672 	113.159180 	117.902504 	113.951744 	115.121674 	119.854080 	118.067780 	119.050407 	99.045441 	106.018867 	109.073372 	108.041656 	105.000000 	112.040169 	111.000000 	109.018349 	110.018181 	109.114616 	
11.180340 	121.264175 	8.944272 	123.822456 	86.539009 	124.679588 	33.734257 	4.123106 	999.000000 	4.472136 	89.537704 	112.645462 	83.862984 	100.846420 	34.132095 	3.605551 	85.381500 	10.440307 	167.737885 	24.020824 	102.693718 	182.521225 	30.000000 	93.300591 	92.973114 	90.443352 	89.185204 	37.000000 	28.160255 	36.013885 	100.881119 	98.371742 	37.336308 	96.840073 	99.040398 	101.242287 	102.200783 	95.801880 	105.361282 	99.201813 	99.924973 	102.107788 	115.208504 	117.686020 	113.951744 	114.934761 	117.277451 	122.024590 	118.067780 	119.239258 	123.975807 	122.184288 	123.166557 	103.077644 	110.040901 	113.110565 	112.071404 	109.004585 	116.068947 	115.004349 	113.004425 	114.004387 	113.070778 	
13.152946 	118.983192 	7.211102 	121.490738 	83.671982 	122.331520 	30.364452 	3.000000 	4.472136 	999.000000 	86.539009 	110.602890 	81.541397 	97.989792 	30.413813 	2.236068 	82.280006 	6.082763 	165.951797 	20.024984 	99.809822 	181.024857 	26.076809 	90.249657 	89.888817 	87.315521 	86.034874 	33.060551 	24.020824 	32.015621 	97.739449 	95.189285 	33.136082 	93.605553 	95.817535 	98.030609 	98.979797 	92.444580 	102.142059 	95.880135 	96.566040 	98.762344 	111.825760 	114.236595 	110.421921 	111.400177 	113.780487 	118.600166 	114.542572 	115.732452 	120.540451 	118.663391 	119.641129 	99.181648 	106.117859 	109.224541 	108.166542 	105.042847 	112.160599 	111.040535 	109.004585 	110.004547 	109.018349 	
84.403793 	38.078865 	80.653580 	39.661064 	4.472136 	40.224369 	56.364883 	85.440041 	89.537704 	86.539009 	999.000000 	34.928497 	16.970562 	12.041595 	57.306194 	88.769363 	5.000000 	81.437096 	87.982956 	68.000000 	13.601471 	106.004715 	62.265560 	4.000000 	4.123106 	3.605551 	4.123106 	56.302753 	65.513359 	57.688820 	12.000000 	10.198039 	59.203041 	9.848858 	11.401754 	13.152946 	14.142136 	12.041595 	17.029387 	13.416408 	14.764823 	16.155495 	28.284271 	31.575306 	29.732138 	30.675724 	32.015621 	35.227829 	33.241539 	33.955853 	37.215588 	36.878178 	37.854988 	33.015148 	38.209946 	38.948685 	38.897301 	39.051247 	41.868843 	43.139309 	43.185646 	43.863426 	45.453274 	
104.957130 	11.045361 	103.812332 	14.035668 	34.176014 	15.033297 	82.734512 	108.811768 	112.645462 	110.602890 	34.928497 	999.000000 	29.732138 	26.019224 	84.899940 	112.800713 	39.560081 	106.526993 	55.901699 	94.762863 	26.172504 	72.670486 	89.827614 	34.234486 	35.227829 	37.483330 	38.639359 	85.146935 	93.380943 	86.556343 	34.234486 	36.055511 	89.022469 	38.013157 	37.121422 	36.345562 	36.496574 	42.011902 	36.138622 	40.199501 	41.303753 	40.607880 	42.941822 	46.141087 	48.332184 	48.754486 	47.885281 	46.615448 	49.244289 	48.877399 	47.801674 	50.477718 	51.039200 	61.983868 	64.560051 	63.568859 	64.195015 	66.219330 	65.551506 	68.007355 	69.260376 	69.570107 	72.124893 	
76.967529 	37.443291 	74.946648 	39.962482 	12.806249 	40.816662 	53.075417 	79.924965 	83.862984 	81.541397 	16.970562 	29.732138 	999.000000 	21.377558 	55.172459 	83.761566 	18.357559 	77.201035 	85.632935 	65.115280 	23.345236 	102.200783 	60.108234 	20.000000 	20.615528 	20.518284 	20.615528 	55.443665 	63.655323 	56.850681 	26.832815 	26.076809 	59.405388 	26.400757 	27.459061 	28.653097 	29.529646 	29.000000 	31.780497 	30.000000 	31.400637 	32.449963 	43.081318 	46.615448 	45.650848 	46.529560 	47.423622 	49.648766 	48.754486 	49.244289 	51.546097 	52.000000 	52.924473 	49.819675 	55.172459 	55.901699 	55.865910 	55.973209 	58.796257 	60.108234 	60.141499 	60.827625 	62.369865 	
95.210297 	26.925823 	91.923882 	28.178005 	14.317822 	28.653097 	68.000000 	96.772926 	100.846420 	97.989792 	12.041595 	26.019224 	21.377558 	999.000000 	69.115845 	100.224747 	16.970562 	93.021500 	76.537575 	79.755875 	2.000000 	94.847244 	74.094536 	9.433981 	10.295630 	13.038404 	14.422205 	68.242218 	77.388626 	69.634758 	8.544003 	10.049875 	71.217972 	12.000000 	11.180340 	10.770329 	11.180340 	16.000000 	12.041595 	14.317822 	15.524175 	15.231546 	22.472204 	26.076809 	26.172504 	26.907248 	27.202942 	28.635643 	28.600698 	28.844410 	30.463093 	31.384710 	32.249031 	36.400551 	39.812057 	39.446167 	39.824615 	41.231056 	41.880783 	43.908997 	44.721359 	45.177429 	47.423622 	
32.984844 	92.097771 	26.019224 	94.366310 	54.918121 	95.131485 	4.123106 	30.066593 	34.132095 	30.413813 	57.306194 	84.899940 	55.172459 	69.115845 	999.000000 	32.557640 	52.773098 	24.738634 	140.801285 	10.770329 	70.830788 	157.114609 	5.000000 	60.827625 	60.373837 	57.697487 	56.364883 	4.242640 	8.485281 	4.472136 	68.029404 	65.391129 	8.544003 	63.694584 	65.924202 	68.154236 	69.079666 	62.297672 	72.235725 	65.787537 	66.407829 	68.622154 	81.608826 	83.934502 	80.049988 	81.024689 	83.432610 	88.323273 	84.172440 	85.375641 	90.249657 	88.294960 	89.269257 	69.007248 	76.000000 	79.025314 	78.006409 	75.026665 	82.006096 	81.024689 	79.101204 	80.099937 	79.309517 	
14.000000 	121.202309 	9.219544 	123.713379 	85.906929 	124.555206 	32.572994 	4.472136 	3.605551 	2.236068 	88.769363 	112.800713 	83.761566 	100.224747 	32.557640 	999.000000 	84.504440 	8.000000 	168.121979 	22.090721 	102.044106 	183.152939 	28.160255 	92.477028 	92.114059 	89.537704 	88.255310 	35.128338 	26.000000 	34.058773 	99.959991 	97.406364 	35.057095 	95.817535 	98.030609 	100.244698 	101.192886 	94.641426 	104.355164 	98.081596 	98.762344 	100.960388 	114.017540 	116.417351 	112.587746 	113.564957 	115.952576 	120.784935 	116.709038 	117.902504 	122.723267 	120.830460 	121.807228 	101.242287 	108.166542 	111.287918 	110.222504 	107.074738 	114.214706 	113.070778 	111.018013 	112.017853 	111.004501 	
80.603973 	43.046486 	76.537575 	44.654228 	6.082763 	45.221676 	52.000000 	81.271149 	85.381500 	82.280006 	5.000000 	39.560081 	18.357559 	16.970562 	52.773098 	84.504440 	999.000000 	77.077881 	92.962357 	63.505905 	18.439089 	110.941429 	57.706154 	8.062258 	7.615773 	5.099020 	4.000000 	51.623638 	60.901562 	53.000000 	15.524175 	13.152946 	54.405884 	12.000000 	14.035668 	16.124516 	17.117243 	12.649111 	20.223749 	15.132746 	16.278820 	18.110771 	31.000000 	34.058773 	31.575306 	32.557640 	34.234486 	38.000000 	35.355339 	36.221542 	40.000000 	39.204590 	40.199501 	31.827662 	37.643059 	38.832977 	38.600517 	38.209946 	41.880783 	42.801868 	42.520584 	43.278172 	44.553337 	
16.124516 	114.621117 	7.280110 	117.068359 	78.714676 	117.889778 	25.079872 	7.211102 	10.440307 	6.082763 	81.437096 	106.526993 	77.201035 	93.021500 	24.738634 	8.000000 	77.077881 	999.000000 	162.114151 	14.142136 	94.810333 	177.519012 	20.223749 	85.088188 	84.693565 	82.079231 	80.777473 	27.166155 	18.000000 	26.076809 	92.477028 	89.888817 	27.073973 	88.255310 	90.476517 	92.698433 	93.637596 	86.977005 	96.798759 	90.443352 	91.093361 	93.300591 	106.320274 	108.669220 	104.785492 	105.759163 	108.171158 	113.053085 	108.908218 	110.113579 	114.982605 	113.030968 	114.004387 	93.263069 	100.179840 	103.310211 	102.239914 	99.080772 	106.230881 	105.076164 	103.019417 	104.019226 	103.004852 	
159.402008 	49.929951 	159.022018 	48.373547 	88.481636 	47.885281 	138.600143 	164.015244 	167.737885 	165.951797 	87.982956 	55.901699 	85.632935 	76.537575 	140.801285 	168.121979 	92.962357 	162.114151 	999.000000 	150.615402 	75.591003 	19.235384 	145.725769 	85.959290 	86.833176 	89.554451 	90.917542 	141.014191 	149.281616 	142.425415 	82.346825 	85.000000 	144.810226 	87.235313 	85.492691 	83.773506 	83.384651 	90.873535 	81.344948 	87.846458 	88.391174 	86.729462 	81.024689 	82.377182 	86.884979 	86.683334 	84.344528 	79.762146 	85.158676 	84.011902 	79.511009 	83.600243 	83.486526 	105.513031 	104.923782 	102.420700 	103.576057 	107.079407 	102.956299 	106.066017 	108.342049 	108.189651 	111.305885 	
25.059929 	102.303467 	16.763054 	104.637466 	65.513359 	105.422958 	12.041595 	20.099751 	24.020824 	20.024984 	68.000000 	94.762863 	65.115280 	79.755875 	10.770329 	22.090721 	63.505905 	14.142136 	150.615402 	999.000000 	81.492332 	166.604324 	6.082763 	71.554176 	71.112587 	68.447060 	67.119293 	13.038404 	4.472136 	12.000000 	78.790863 	76.157730 	13.601471 	74.464760 	76.694199 	78.924011 	79.849861 	73.054771 	83.006027 	76.550636 	77.162170 	79.378838 	92.347168 	94.641426 	90.708321 	91.678787 	94.111633 	99.040398 	94.831429 	96.046867 	100.960388 	98.954536 	99.924973 	79.158073 	86.092972 	89.202019 	88.141930 	85.023529 	92.135773 	91.021973 	89.000000 	90.000000 	89.050545 	
97.123634 	26.248810 	93.776329 	27.313000 	16.155495 	27.730848 	69.771057 	98.615417 	102.693718 	99.809822 	13.601471 	26.172504 	23.345236 	2.000000 	70.830788 	102.044106 	18.439089 	94.810333 	75.591003 	81.492332 	999.000000 	94.021271 	75.802376 	10.630146 	11.401754 	14.212670 	15.620500 	69.892776 	79.075912 	71.281136 	8.062258 	10.049875 	72.801102 	12.165525 	11.000000 	10.198039 	10.440307 	16.124516 	10.816654 	14.035668 	15.132746 	14.560220 	20.808653 	24.413111 	24.758837 	25.455845 	25.612497 	26.832815 	27.018513 	27.202942 	28.635643 	29.681644 	30.528675 	35.902645 	39.000000 	38.470768 	38.910152 	40.496914 	40.816662 	42.941822 	43.863426 	44.283180 	46.615448 	
173.657715 	67.977936 	173.971268 	66.708321 	106.174385 	66.309875 	154.673843 	178.932953 	182.521225 	181.024857 	106.004715 	72.670486 	102.200783 	94.847244 	157.114609 	183.152939 	110.941429 	177.519012 	19.235384 	166.604324 	94.021271 	999.000000 	161.969131 	104.216118 	105.118980 	107.786827 	109.123779 	157.610275 	165.556641 	159.012573 	101.019798 	103.619499 	161.604462 	105.848946 	104.177734 	102.528046 	102.181213 	109.562767 	100.244698 	106.625511 	107.224068 	105.621971 	100.224747 	101.607086 	106.099007 	105.905617 	103.576057 	98.994949 	104.393486 	103.247276 	98.731964 	102.825096 	102.703453 	124.663544 	124.149101 	121.655251 	122.808792 	126.301224 	122.188377 	125.299644 	127.577431 	127.424484 	130.541183 	
30.083218 	97.082436 	22.360680 	99.357941 	59.908264 	100.124924 	7.615773 	26.019224 	30.000000 	26.076809 	62.265560 	89.827614 	60.108234 	74.094536 	5.000000 	28.160255 	57.706154 	20.223749 	145.725769 	6.082763 	75.802376 	161.969131 	999.000000 	65.764732 	65.299309 	62.609905 	61.269894 	7.000000 	3.605551 	6.082763 	72.917763 	70.263786 	8.602325 	68.541962 	70.774292 	73.006851 	73.925636 	67.067131 	77.077881 	70.576202 	71.168816 	73.389374 	86.330757 	88.600227 	84.646324 	85.615417 	88.056801 	93.005379 	88.769363 	89.988892 	94.921021 	92.892410 	93.861603 	73.109505 	80.056229 	83.150467 	82.097504 	79.006332 	86.092972 	85.005882 	83.006027 	84.005951 	83.096329 	
88.294960 	36.249138 	84.433403 	37.589893 	8.246211 	38.078865 	60.008331 	89.196411 	93.300591 	90.249657 	4.000000 	34.234486 	20.000000 	9.433981 	60.827625 	92.477028 	8.062258 	85.088188 	85.959290 	71.554176 	10.630146 	104.216118 	65.764732 	999.000000 	1.000000 	3.605551 	5.000000 	59.682495 	68.963760 	61.057350 	8.000000 	6.324555 	62.425957 	6.403124 	7.615773 	9.219544 	10.198039 	9.433981 	13.038404 	10.000000 	11.401754 	12.529964 	24.331051 	27.658634 	26.000000 	26.925823 	28.160255 	31.257000 	29.410883 	30.083218 	33.241539 	32.984844 	33.955853 	30.886890 	35.608986 	36.069378 	36.124783 	36.619667 	38.897301 	40.360870 	40.607880 	41.231056 	43.011627 	
88.073830 	37.161808 	84.118965 	38.470768 	8.544003 	38.948685 	59.615433 	88.865067 	92.973114 	89.888817 	4.123106 	35.227829 	20.615528 	10.295630 	60.373837 	92.114059 	7.615773 	84.693565 	86.833176 	71.112587 	11.401754 	105.118980 	65.299309 	1.000000 	999.000000 	2.828427 	4.242640 	59.169250 	68.476273 	60.539242 	8.062258 	6.082763 	61.854668 	5.830952 	7.280110 	9.055386 	10.049875 	8.602325 	13.000000 	9.433981 	10.816654 	12.083046 	24.186773 	27.459061 	25.632011 	26.570660 	27.892651 	31.144823 	29.120440 	29.832869 	33.136082 	32.756680 	33.734257 	30.016663 	34.828148 	35.355339 	35.383614 	35.805027 	38.209946 	39.623226 	39.824615 	40.459858 	42.201897 	
85.702972 	39.812057 	81.608826 	41.182522 	7.810250 	41.677334 	57.008770 	86.330757 	90.443352 	87.315521 	3.605551 	37.483330 	20.518284 	13.038404 	57.697487 	89.537704 	5.099020 	82.079231 	89.554451 	68.447060 	14.212670 	107.786827 	62.609905 	3.605551 	2.828427 	999.000000 	1.414214 	56.435802 	65.764732 	57.801384 	10.440307 	8.062258 	59.076221 	7.071068 	9.000000 	11.045361 	12.041595 	8.602325 	15.132746 	10.440307 	11.704700 	13.341664 	26.019224 	29.154760 	26.925823 	27.892651 	29.427877 	33.015148 	30.594116 	31.400637 	35.014282 	34.365681 	35.355339 	29.410883 	34.655445 	35.468296 	35.383614 	35.468296 	38.418747 	39.623226 	39.623226 	40.311287 	41.868843 	
84.528099 	41.146080 	80.361679 	42.544094 	7.810250 	43.046486 	55.713554 	85.070557 	89.185204 	86.034874 	4.123106 	38.639359 	20.615528 	14.422205 	56.364883 	88.255310 	4.000000 	80.777473 	90.917542 	67.119293 	15.620500 	109.123779 	61.269894 	5.000000 	4.242640 	1.414214 	999.000000 	55.072678 	64.412735 	56.435802 	11.704700 	9.219544 	57.688820 	8.000000 	10.049875 	12.165525 	13.152946 	8.944272 	16.278820 	11.180340 	12.369317 	14.142136 	27.000000 	30.066593 	27.658634 	28.635643 	30.265491 	34.000000 	31.400637 	32.249031 	36.000000 	35.227829 	36.221542 	29.206163 	34.655445 	35.608986 	35.468296 	35.383614 	38.600517 	39.698868 	39.597980 	40.311287 	41.773197 	
36.687874 	91.934761 	29.274563 	94.111633 	54.203320 	94.847244 	8.062258 	33.015148 	37.000000 	33.060551 	56.302753 	85.146935 	55.443665 	68.242218 	4.242640 	35.128338 	51.623638 	27.166155 	141.014191 	13.038404 	69.892776 	157.610275 	7.000000 	59.682495 	59.169250 	56.435802 	55.072678 	999.000000 	9.486833 	1.414214 	66.648331 	63.953106 	5.000000 	62.169125 	64.404968 	66.640831 	67.542580 	60.539242 	70.682388 	64.078079 	64.621979 	66.850578 	79.711983 	81.908485 	77.884529 	78.847954 	81.320351 	86.330757 	82.006096 	83.240616 	88.232651 	86.127815 	87.091904 	66.121101 	73.061615 	76.164299 	75.106590 	72.006943 	79.101204 	78.006409 	76.006577 	77.006493 	76.105194 	
29.529646 	100.568382 	21.189621 	102.825096 	63.245552 	103.585716 	11.180340 	24.331051 	28.160255 	24.020824 	65.513359 	93.380943 	63.655323 	77.388626 	8.485281 	26.000000 	60.901562 	18.000000 	149.281616 	4.472136 	79.075912 	165.556641 	3.605551 	68.963760 	68.476273 	65.764732 	64.412735 	9.486833 	999.000000 	8.246211 	76.026314 	73.348480 	9.219544 	71.589104 	73.824112 	76.059189 	76.967529 	70.007141 	80.112419 	73.539108 	74.094536 	76.321686 	89.196411 	91.394745 	87.361320 	88.323273 	90.801979 	95.817535 	91.482239 	92.720009 	97.718987 	95.603348 	96.566040 	75.325958 	82.219215 	85.375641 	84.291161 	81.098709 	88.277969 	87.091904 	85.023529 	86.023254 	85.005882 	
36.055511 	93.348808 	28.442924 	95.524864 	55.605755 	96.260063 	8.544003 	32.062439 	36.013885 	32.015621 	57.688820 	86.556343 	56.850681 	69.634758 	4.472136 	34.058773 	53.000000 	26.076809 	142.425415 	12.000000 	71.281136 	159.012573 	6.082763 	61.057350 	60.539242 	57.801384 	56.435802 	1.414214 	8.246211 	999.000000 	68.000000 	65.299309 	4.123106 	63.505905 	65.741920 	67.977936 	68.876701 	61.846584 	72.013885 	65.391129 	65.924202 	68.154236 	80.993828 	83.168503 	79.120163 	80.081207 	82.565125 	87.595665 	83.240616 	84.480766 	89.493019 	87.361320 	88.323273 	67.186310 	74.108032 	77.233414 	76.164299 	73.027390 	80.156097 	79.025314 	77.000000 	78.000000 	77.058418 	
96.104111 	33.734257 	92.048897 	34.481880 	16.124516 	34.785053 	67.416618 	96.767761 	100.881119 	97.739449 	12.000000 	34.234486 	26.832815 	8.544003 	68.029404 	99.959991 	15.524175 	92.477028 	82.346825 	78.790863 	8.062258 	101.019798 	72.917763 	8.000000 	8.062258 	10.440307 	11.704700 	66.648331 	76.026314 	68.000000 	999.000000 	2.828427 	69.115845 	5.000000 	3.162278 	2.236068 	2.828427 	8.544003 	5.099020 	6.000000 	7.071068 	6.708204 	16.492422 	19.924858 	18.867962 	19.723083 	20.615528 	23.345236 	21.931713 	22.472204 	25.317978 	25.298222 	26.248810 	27.892651 	31.304953 	31.064449 	31.384710 	32.695564 	33.600594 	35.510563 	36.235340 	36.715118 	38.910152 	
93.744331 	36.138622 	89.560036 	37.000000 	14.560220 	37.336308 	64.845970 	94.254974 	98.371742 	95.189285 	10.198039 	36.055511 	26.076809 	10.049875 	65.391129 	97.406364 	13.152946 	89.888817 	85.000000 	76.157730 	10.049875 	103.619499 	70.263786 	6.324555 	6.082763 	8.062258 	9.219544 	63.953106 	73.348480 	65.299309 	2.828427 	999.000000 	66.370171 	2.236068 	1.414214 	3.000000 	4.000000 	6.082763 	7.071068 	4.472136 	5.830952 	6.403124 	18.110771 	21.377558 	19.697716 	20.615528 	21.840330 	25.079872 	23.086792 	23.769728 	27.073973 	26.683329 	27.658634 	26.570660 	30.528675 	30.610456 	30.805843 	31.764761 	33.301651 	35.000000 	35.510563 	36.055511 	38.078865 	
38.483765 	95.482986 	30.364452 	97.580734 	57.384666 	98.290382 	12.649111 	33.541019 	37.336308 	33.136082 	59.203041 	89.022469 	59.405388 	71.217972 	8.544003 	35.057095 	54.405884 	27.073973 	144.810226 	13.601471 	72.801102 	161.604462 	8.602325 	62.425957 	61.854668 	59.076221 	57.688820 	5.000000 	9.219544 	4.123106 	69.115845 	66.370171 	999.000000 	64.498062 	66.730804 	68.963760 	69.835518 	62.609905 	72.945183 	66.189125 	66.640831 	68.876701 	81.541397 	83.570328 	79.378838 	80.324341 	82.873398 	88.022728 	83.486526 	84.758484 	89.888817 	87.595665 	88.543777 	66.610809 	73.437050 	76.655075 	75.538071 	72.249565 	79.511009 	78.230431 	76.105194 	77.103828 	76.006577 	
92.395889 	38.327538 	88.056801 	39.217342 	14.317822 	39.560081 	63.245552 	92.720009 	96.840073 	93.605553 	9.848858 	38.013157 	26.400757 	12.000000 	63.694584 	95.817535 	12.000000 	88.255310 	87.235313 	74.464760 	12.165525 	105.848946 	68.541962 	6.403124 	5.830952 	7.071068 	8.000000 	62.169125 	71.589104 	63.505905 	5.000000 	2.236068 	64.498062 	999.000000 	2.236068 	4.472136 	5.385165 	4.000000 	8.544003 	3.605551 	5.000000 	6.324555 	19.000000 	22.090721 	19.924858 	20.880613 	22.360680 	26.000000 	23.537205 	24.331051 	28.000000 	27.294687 	28.284271 	25.079872 	29.410883 	29.732138 	29.832869 	30.528675 	32.526913 	34.058773 	34.409302 	35.000000 	36.891735 	
94.540993 	36.878178 	90.249657 	37.643059 	15.811388 	37.947330 	65.459915 	94.921021 	99.040398 	95.817535 	11.401754 	37.121422 	27.459061 	11.180340 	65.924202 	98.030609 	14.035668 	90.476517 	85.492691 	76.694199 	11.000000 	104.177734 	70.774292 	7.615773 	7.280110 	9.000000 	10.049875 	64.404968 	73.824112 	65.741920 	3.162278 	1.414214 	66.730804 	2.236068 	999.000000 	2.236068 	3.162278 	5.385165 	6.324555 	3.162278 	4.472136 	5.000000 	17.029387 	20.223749 	18.384777 	19.313208 	20.615528 	24.020824 	21.840330 	22.561028 	26.019224 	25.495098 	26.476404 	25.298222 	29.154760 	29.206163 	29.410883 	30.413813 	31.890438 	33.600594 	34.132095 	34.669872 	36.715118 	
96.690224 	35.510563 	92.444580 	36.138622 	17.464249 	36.400551 	67.675697 	97.123634 	101.242287 	98.030609 	13.152946 	36.345562 	28.653097 	10.770329 	68.154236 	100.244698 	16.124516 	92.698433 	83.773506 	78.924011 	10.198039 	102.528046 	73.006851 	9.219544 	9.055386 	11.045361 	12.165525 	66.640831 	76.059189 	67.977936 	2.236068 	3.000000 	68.963760 	4.472136 	2.236068 	999.000000 	1.000000 	7.211102 	4.123106 	4.123106 	5.000000 	4.472136 	15.132746 	18.439089 	17.000000 	17.888544 	18.973665 	22.090721 	20.248457 	20.880613 	24.083189 	23.769728 	24.738634 	25.709921 	29.068884 	28.844410 	29.154760 	30.463093 	31.400637 	33.286633 	34.000000 	34.481880 	36.674240 	
97.672920 	35.355339 	93.407707 	35.902645 	18.439089 	36.138622 	68.622154 	98.081596 	102.200783 	98.979797 	14.142136 	36.496574 	29.529646 	11.180340 	69.079666 	101.192886 	17.117243 	93.637596 	83.384651 	79.849861 	10.440307 	102.181213 	73.925636 	10.198039 	10.049875 	12.041595 	13.152946 	67.542580 	76.967529 	68.876701 	2.828427 	4.000000 	69.835518 	5.385165 	3.162278 	1.000000 	999.000000 	7.810250 	3.162278 	4.472136 	5.099020 	4.123106 	14.142136 	17.464249 	16.124516 	17.000000 	18.027756 	21.095022 	19.313208 	19.924858 	23.086792 	22.803509 	23.769728 	25.495098 	28.635643 	28.301943 	28.653097 	30.083218 	30.805843 	32.756680 	33.541019 	34.000000 	36.249138 	
91.787796 	42.201897 	87.097649 	43.011627 	16.401220 	43.324360 	62.096699 	91.678787 	95.801880 	92.444580 	12.041595 	42.011902 	29.000000 	16.000000 	62.297672 	94.641426 	12.649111 	86.977005 	90.873535 	73.054771 	16.124516 	109.562767 	67.067131 	9.433981 	8.602325 	8.602325 	8.944272 	60.539242 	70.007141 	61.846584 	8.544003 	6.082763 	62.609905 	4.000000 	5.385165 	7.211102 	7.810250 	999.000000 	10.630146 	3.605551 	4.123106 	6.324555 	19.416489 	22.090721 	19.104973 	20.099751 	22.000000 	26.305893 	23.021729 	24.000000 	28.284271 	27.000000 	28.000000 	21.470911 	26.248810 	26.907248 	26.870058 	27.202942 	29.832869 	31.112698 	31.240999 	31.890438 	33.600594 	
100.806747 	34.058773 	96.566040 	34.365681 	21.213203 	34.525352 	71.784401 	101.242287 	105.361282 	102.142059 	17.029387 	36.138622 	31.780497 	12.041595 	72.235725 	104.355164 	20.223749 	96.798759 	81.344948 	83.006027 	10.816654 	100.244698 	77.077881 	13.038404 	13.000000 	15.132746 	16.278820 	70.682388 	80.112419 	72.013885 	5.099020 	7.071068 	72.945183 	8.544003 	6.324555 	4.123106 	3.162278 	10.630146 	999.000000 	7.071068 	7.211102 	5.385165 	11.401754 	14.866069 	14.212670 	15.000000 	15.652476 	18.248287 	17.000000 	17.464249 	20.223749 	20.248457 	21.189621 	26.076809 	28.460499 	27.730848 	28.231188 	30.083218 	30.016663 	32.202484 	33.241539 	33.615471 	36.055511 	
95.036835 	39.623226 	90.470993 	40.261642 	17.888544 	40.521599 	65.520988 	95.078911 	99.201813 	95.880135 	13.416408 	40.199501 	30.000000 	14.317822 	65.787537 	98.081596 	15.132746 	90.443352 	87.846458 	76.550636 	14.035668 	106.625511 	70.576202 	10.000000 	9.433981 	10.440307 	11.180340 	64.078079 	73.539108 	65.391129 	6.000000 	4.472136 	66.189125 	3.605551 	3.162278 	4.123106 	4.472136 	3.605551 	7.071068 	999.000000 	1.414214 	3.000000 	16.124516 	19.000000 	16.492422 	17.464249 	19.104973 	23.086792 	20.223749 	21.095022 	25.079872 	24.083189 	25.079872 	22.135944 	26.076809 	26.248810 	26.400757 	27.294687 	29.000000 	30.610456 	31.064449 	31.622776 	33.615471 	
95.885345 	40.447498 	91.219513 	41.000000 	19.235384 	41.231056 	66.219330 	95.801880 	99.924973 	96.566040 	14.764823 	41.303753 	31.400637 	15.524175 	66.407829 	98.762344 	16.278820 	91.093361 	88.391174 	77.162170 	15.132746 	107.224068 	71.168816 	11.401754 	10.816654 	11.704700 	12.369317 	64.621979 	74.094536 	65.924202 	7.071068 	5.830952 	66.640831 	5.000000 	4.472136 	5.000000 	5.099020 	4.123106 	7.211102 	1.414214 	999.000000 	2.236068 	15.297058 	18.027756 	15.297058 	16.278820 	18.027756 	22.203604 	19.104973 	20.024984 	24.186773 	23.021729 	24.020824 	20.880613 	24.698177 	24.839485 	25.000000 	25.942244 	27.586229 	29.206163 	29.681644 	30.232433 	32.249031 	
98.005104 	39.204590 	93.391647 	39.623226 	20.615528 	39.812057 	68.410522 	97.984695 	102.107788 	98.762344 	16.155495 	40.607880 	32.449963 	15.231546 	68.622154 	100.960388 	18.110771 	93.300591 	86.729462 	79.378838 	14.560220 	105.621971 	73.389374 	12.529964 	12.083046 	13.341664 	14.142136 	66.850578 	76.321686 	68.154236 	6.708204 	6.403124 	68.876701 	6.324555 	5.000000 	4.472136 	4.123106 	6.324555 	5.385165 	3.000000 	2.236068 	999.000000 	13.152946 	16.000000 	13.601471 	14.560220 	16.124516 	20.099751 	17.262676 	18.110771 	22.090721 	21.095022 	22.090721 	21.377558 	24.596748 	24.413111 	24.698177 	26.000000 	27.018513 	28.844410 	29.529646 	30.016663 	32.202484 	
111.157547 	38.078865 	106.512909 	37.483330 	32.557640 	37.336308 	81.492332 	111.085556 	115.208504 	111.825760 	28.284271 	42.941822 	43.081318 	22.472204 	81.608826 	114.017540 	31.000000 	106.320274 	81.024689 	92.347168 	20.808653 	100.224747 	86.330757 	24.331051 	24.186773 	26.019224 	27.000000 	79.711983 	89.196411 	80.993828 	16.492422 	18.110771 	81.541397 	19.000000 	17.029387 	15.132746 	14.142136 	19.416489 	11.401754 	16.124516 	15.297058 	13.152946 	999.000000 	3.605551 	6.000000 	6.082763 	5.000000 	7.000000 	6.403124 	6.403124 	9.000000 	8.944272 	9.848858 	24.698177 	24.083189 	22.022715 	23.000000 	26.172504 	23.345236 	26.172504 	28.017851 	28.071337 	31.016125 	
113.863953 	40.804413 	109.041275 	40.024994 	35.902645 	39.812057 	83.952370 	113.564957 	117.686020 	114.236595 	31.575306 	46.141087 	46.615448 	26.076809 	83.934502 	116.417351 	34.058773 	108.669220 	82.377182 	94.641426 	24.413111 	101.607086 	88.600227 	27.658634 	27.459061 	29.154760 	30.066593 	81.908485 	91.394745 	83.168503 	19.924858 	21.377558 	83.570328 	22.090721 	20.223749 	18.439089 	17.464249 	22.090721 	14.866069 	19.000000 	18.027756 	16.000000 	3.605551 	999.000000 	5.000000 	4.472136 	2.000000 	4.472136 	3.162278 	2.828427 	6.324555 	5.385165 	6.324555 	24.186773 	22.561028 	20.099751 	21.213203 	24.738634 	21.023796 	24.000000 	26.076809 	26.019224 	29.068884 	
110.453613 	43.931767 	105.380264 	43.416588 	34.176014 	43.289722 	80.230919 	109.836243 	113.951744 	110.421921 	29.732138 	48.332184 	45.650848 	26.172504 	80.049988 	112.587746 	31.575306 	104.785492 	86.884979 	90.708321 	24.758837 	106.099007 	84.646324 	26.000000 	25.632011 	26.925823 	27.658634 	77.884529 	87.361320 	79.120163 	18.867962 	19.697716 	79.378838 	19.924858 	18.384777 	17.000000 	16.124516 	19.104973 	14.212670 	16.492422 	15.297058 	13.601471 	6.000000 	5.000000 	999.000000 	1.000000 	3.605551 	9.219544 	4.123106 	5.385165 	10.816654 	8.246211 	9.219544 	19.235384 	18.110771 	16.031219 	17.000000 	20.223749 	17.464249 	20.223749 	22.022715 	22.090721 	25.019993 	
111.449539 	44.147480 	106.367287 	43.566040 	35.114101 	43.416588 	81.215759 	110.819672 	114.934761 	111.400177 	30.675724 	48.754486 	46.529560 	26.907248 	81.024689 	113.564957 	32.557640 	105.759163 	86.683334 	91.678787 	25.455845 	105.905617 	85.615417 	26.925823 	26.570660 	27.892651 	28.635643 	78.847954 	88.323273 	80.081207 	19.723083 	20.615528 	80.324341 	20.880613 	19.313208 	17.888544 	17.000000 	20.099751 	15.000000 	17.464249 	16.278820 	14.560220 	6.082763 	4.472136 	1.000000 	999.000000 	2.828427 	8.485281 	3.162278 	4.472136 	10.000000 	7.280110 	8.246211 	19.723083 	18.248287 	16.000000 	17.029387 	20.396078 	17.262676 	20.099751 	22.000000 	22.022715 	25.000000 	
113.635384 	42.720020 	108.673820 	41.976185 	36.400551 	41.773197 	83.546394 	113.159180 	117.277451 	113.780487 	32.015621 	47.885281 	47.423622 	27.202942 	83.432610 	115.952576 	34.234486 	108.171158 	84.344528 	94.111633 	25.612497 	103.576057 	88.056801 	28.160255 	27.892651 	29.427877 	30.265491 	81.320351 	90.801979 	82.565125 	20.615528 	21.840330 	82.873398 	22.360680 	20.615528 	18.973665 	18.027756 	22.000000 	15.652476 	19.104973 	18.027756 	16.124516 	5.000000 	2.000000 	3.605551 	2.828427 	999.000000 	5.656854 	1.414214 	2.000000 	7.211102 	5.000000 	6.000000 	22.472204 	20.615528 	18.110771 	19.235384 	22.803509 	19.026299 	22.000000 	24.083189 	24.020824 	27.073973 	
118.088951 	40.311287 	113.357841 	39.217342 	39.458839 	38.897301 	88.294960 	117.902504 	122.024590 	118.600166 	35.227829 	46.615448 	49.648766 	28.635643 	88.323273 	120.784935 	38.000000 	113.053085 	79.762146 	99.040398 	26.832815 	98.994949 	93.005379 	31.257000 	31.144823 	33.015148 	34.000000 	86.330757 	95.817535 	87.595665 	23.345236 	25.079872 	88.022728 	26.000000 	24.020824 	22.090721 	21.095022 	26.305893 	18.248287 	23.086792 	22.203604 	20.099751 	7.000000 	4.472136 	9.219544 	8.485281 	5.656854 	999.000000 	5.830952 	4.472136 	2.000000 	4.123106 	4.472136 	28.017851 	25.632011 	22.803509 	24.041630 	27.856777 	23.194826 	26.305893 	28.635643 	28.442924 	31.575306 	
114.529472 	43.965897 	109.489723 	43.174065 	37.643059 	42.953465 	84.344528 	113.951744 	118.067780 	114.542572 	33.241539 	49.244289 	48.754486 	28.600698 	84.172440 	116.709038 	35.355339 	108.908218 	85.158676 	94.831429 	27.018513 	104.393486 	88.769363 	29.410883 	29.120440 	30.594116 	31.400637 	82.006096 	91.482239 	83.240616 	21.931713 	23.086792 	83.486526 	23.537205 	21.840330 	20.248457 	19.313208 	23.021729 	17.000000 	20.223749 	19.104973 	17.262676 	6.403124 	3.162278 	4.123106 	3.162278 	1.414214 	5.830952 	999.000000 	1.414214 	7.071068 	4.123106 	5.099020 	22.203604 	19.924858 	17.262676 	18.439089 	22.135944 	18.000000 	21.023796 	23.194826 	23.086792 	26.172504 	
115.624390 	43.324360 	110.643570 	42.449970 	38.327538 	42.201897 	85.510231 	115.121674 	119.239258 	115.732452 	33.955853 	48.877399 	49.244289 	28.844410 	85.375641 	117.902504 	36.221542 	110.113579 	84.011902 	96.046867 	27.202942 	103.247276 	89.988892 	30.083218 	29.832869 	31.400637 	32.249031 	83.240616 	92.720009 	84.480766 	22.472204 	23.769728 	84.758484 	24.331051 	22.561028 	20.880613 	19.924858 	24.000000 	17.464249 	21.095022 	20.024984 	18.110771 	6.403124 	2.828427 	5.385165 	4.472136 	2.000000 	4.472136 	1.414214 	999.000000 	5.656854 	3.000000 	4.000000 	23.600847 	21.189621 	18.439089 	19.646883 	23.409399 	19.026299 	22.090721 	24.331051 	24.186773 	27.294687 	
120.070816 	41.146080 	115.316956 	39.924931 	41.436699 	39.560081 	90.244110 	119.854080 	123.975807 	120.540451 	37.215588 	47.801674 	51.546097 	30.463093 	90.249657 	122.723267 	40.000000 	114.982605 	79.511009 	100.960388 	28.635643 	98.731964 	94.921021 	33.241539 	33.136082 	35.014282 	36.000000 	88.232651 	97.718987 	89.493019 	25.317978 	27.073973 	89.888817 	28.000000 	26.019224 	24.083189 	23.086792 	28.284271 	20.223749 	25.079872 	24.186773 	22.090721 	9.000000 	6.324555 	10.816654 	10.000000 	7.211102 	2.000000 	7.071068 	5.656854 	999.000000 	4.123106 	4.000000 	29.206163 	26.400757 	23.409399 	24.698177 	28.635643 	23.537205 	26.683329 	29.120440 	28.861740 	32.015621 	
118.608597 	44.384682 	113.600174 	43.324360 	41.231056 	43.011627 	88.459030 	118.067780 	122.184288 	118.663391 	36.878178 	50.477718 	52.000000 	31.384710 	88.294960 	120.830460 	39.204590 	113.030968 	83.600243 	98.954536 	29.681644 	102.825096 	92.892410 	32.984844 	32.756680 	34.365681 	35.227829 	86.127815 	95.603348 	87.361320 	25.298222 	26.683329 	87.595665 	27.294687 	25.495098 	23.769728 	22.803509 	27.000000 	20.248457 	24.083189 	23.021729 	21.095022 	8.944272 	5.385165 	8.246211 	7.280110 	5.000000 	4.123106 	4.123106 	3.000000 	4.123106 	999.000000 	1.000000 	25.495098 	22.360680 	19.313208 	20.615528 	24.596748 	19.416489 	22.561028 	25.000000 	24.738634 	27.892651 	
119.603508 	44.777225 	114.586212 	43.657761 	42.201897 	43.324360 	89.442719 	119.050407 	123.166557 	119.641129 	37.854988 	51.039200 	52.924473 	32.249031 	89.269257 	121.807228 	40.199501 	114.004387 	83.486526 	99.924973 	30.528675 	102.703453 	93.861603 	33.955853 	33.734257 	35.355339 	36.221542 	87.091904 	96.566040 	88.323273 	26.248810 	27.658634 	88.543777 	28.284271 	26.476404 	24.738634 	23.769728 	28.000000 	21.189621 	25.079872 	24.020824 	22.090721 	9.848858 	6.324555 	9.219544 	8.246211 	6.000000 	4.472136 	5.099020 	4.000000 	4.000000 	1.000000 	999.000000 	26.172504 	22.825424 	19.697716 	21.023796 	25.059929 	19.646883 	22.803509 	25.298222 	25.000000 	28.160255 	
101.242287 	60.000000 	95.000000 	60.074955 	37.013512 	60.133186 	70.064255 	99.045441 	103.077644 	99.181648 	33.015148 	61.983868 	49.819675 	36.400551 	69.007248 	101.242287 	31.827662 	93.263069 	105.513031 	79.158073 	35.902645 	124.663544 	73.109505 	30.886890 	30.016663 	29.410883 	29.206163 	66.121101 	75.325958 	67.186310 	27.892651 	26.570660 	66.610809 	25.079872 	25.298222 	25.709921 	25.495098 	21.470911 	26.076809 	22.135944 	20.880613 	21.377558 	24.698177 	24.186773 	19.235384 	19.723083 	22.472204 	28.017851 	22.203604 	23.600847 	29.206163 	25.495098 	26.172504 	999.000000 	7.071068 	10.049875 	9.000000 	6.708204 	13.000000 	12.369317 	11.180340 	12.083046 	12.806249 	
108.295891 	61.400326 	102.004898 	61.131008 	42.426407 	61.073727 	77.103828 	106.018867 	110.040901 	106.117859 	38.209946 	64.560051 	55.172459 	39.812057 	76.000000 	108.166542 	37.643059 	100.179840 	104.923782 	86.092972 	39.000000 	124.149101 	80.056229 	35.608986 	34.828148 	34.655445 	34.655445 	73.061615 	82.219215 	74.108032 	31.304953 	30.528675 	73.437050 	29.410883 	29.154760 	29.068884 	28.635643 	26.248810 	28.460499 	26.076809 	24.698177 	24.596748 	24.083189 	22.561028 	18.110771 	18.248287 	20.615528 	25.632011 	19.924858 	21.189621 	26.400757 	22.360680 	22.825424 	7.071068 	999.000000 	3.605551 	2.236068 	2.236068 	6.082763 	5.385165 	5.000000 	5.656854 	7.615773 	
111.162041 	59.841457 	105.004761 	59.413803 	43.278172 	59.304298 	80.024994 	109.073372 	113.110565 	109.224541 	38.948685 	63.568859 	55.901699 	39.446167 	79.025314 	111.287918 	38.832977 	103.310211 	102.420700 	89.202019 	38.470768 	121.655251 	83.150467 	36.069378 	35.355339 	35.468296 	35.608986 	76.164299 	85.375641 	77.233414 	31.064449 	30.610456 	76.655075 	29.732138 	29.206163 	28.844410 	28.301943 	26.907248 	27.730848 	26.248810 	24.839485 	24.413111 	22.022715 	20.099751 	16.031219 	16.000000 	18.110771 	22.803509 	17.262676 	18.439089 	23.409399 	19.313208 	19.697716 	10.049875 	3.605551 	999.000000 	1.414214 	5.656854 	3.162278 	4.472136 	6.000000 	6.082763 	9.000000 	
110.222504 	60.671246 	104.000000 	60.299255 	43.185646 	60.207973 	79.056938 	108.041656 	112.071404 	108.166542 	38.897301 	64.195015 	55.865910 	39.824615 	78.006409 	110.222504 	38.600517 	102.239914 	103.576057 	88.141930 	38.910152 	122.808792 	82.097504 	36.124783 	35.383614 	35.383614 	35.468296 	75.106590 	84.291161 	76.164299 	31.384710 	30.805843 	75.538071 	29.832869 	29.410883 	29.154760 	28.653097 	26.870058 	28.231188 	26.400757 	25.000000 	24.698177 	23.000000 	21.213203 	17.000000 	17.029387 	19.235384 	24.041630 	18.439089 	19.646883 	24.698177 	20.615528 	21.023796 	9.000000 	2.236068 	1.414214 	999.000000 	4.242640 	4.000000 	4.242640 	5.099020 	5.385165 	8.062258 	
