Total assets = 690
Number of asset nodes = 34

Distance:
999.000000 	30.016663 	98.229324 	43.011627 	50.537113 	19.209373 	12.369317 	29.410883 	70.292244 	32.893768 	9.219544 	55.901699 	15.297058 	63.007935 	12.206555 	107.447662 	117.643532 	56.603886 	59.908264 	44.777225 	14.764823 	47.010635 	59.076221 	20.615528 	17.262676 	52.801514 	69.641945 	19.235384 	69.971420 	24.698177 	25.019993 	21.470911 	23.345236 	22.022715 	32.140316 	31.257000 	28.017851 	31.144823 	69.892776 	32.249031 	33.241539 	38.483765 	37.013512 	38.275318 	39.357338 	50.328918 	
30.016663 	999.000000 	126.150703 	72.945183 	20.615528 	14.000000 	39.849716 	59.093147 	100.000000 	62.649822 	21.400934 	85.041168 	23.000000 	92.913940 	33.376640 	135.830780 	145.454468 	86.608315 	89.888817 	74.686012 	33.060551 	76.922035 	29.206163 	47.074409 	29.068884 	82.734512 	39.661064 	35.057095 	99.985001 	49.365982 	26.925823 	36.221542 	31.048349 	40.049969 	59.228371 	58.051701 	28.178005 	33.120991 	99.538940 	43.965897 	49.819675 	61.008198 	55.578773 	58.309521 	48.332184 	63.324562 	
98.229324 	126.150703 	999.000000 	59.236813 	144.958618 	117.413795 	94.413979 	76.694199 	35.128338 	73.736015 	105.261581 	43.382023 	112.361023 	43.416588 	102.956299 	10.770329 	19.416489 	50.803543 	47.518417 	64.031242 	105.588821 	62.585941 	154.935471 	92.703827 	111.018013 	58.694122 	164.757401 	108.226616 	44.102154 	95.273293 	119.954155 	109.590149 	115.836090 	106.103722 	86.683334 	87.931793 	122.588745 	123.438240 	57.706154 	115.520561 	109.416634 	98.488579 	106.737999 	104.048065 	121.433105 	120.415947 	
43.011627 	72.945183 	59.236813 	999.000000 	93.295227 	61.717098 	36.235340 	17.464249 	27.586229 	14.560220 	51.623638 	16.278820 	55.172459 	20.000000 	44.821869 	67.119293 	78.294319 	13.928389 	17.000000 	9.219544 	47.201694 	10.000000 	102.078400 	33.541019 	52.801514 	13.341664 	112.605507 	49.396355 	27.313000 	36.055511 	61.611687 	50.606323 	57.140179 	46.957428 	28.160255 	29.274563 	64.070274 	64.498062 	31.064449 	56.302753 	50.447994 	41.000000 	48.373547 	46.097721 	62.361847 	63.031738 	
50.537113 	20.615528 	144.958618 	93.295227 	999.000000 	33.955853 	60.406952 	79.705711 	120.104118 	83.258636 	41.677334 	104.809349 	42.755116 	113.207771 	53.600372 	154.896744 	164.103622 	107.042046 	110.276924 	95.273293 	52.952808 	97.508972 	10.770329 	67.446274 	48.373547 	103.315056 	19.798990 	54.332310 	120.440857 	69.426216 	44.045429 	55.145264 	49.000000 	59.304298 	79.555016 	78.339005 	44.283180 	48.662102 	120.154068 	61.204575 	68.007355 	80.305664 	74.000000 	77.025970 	64.132675 	79.429214 	
19.209373 	14.000000 	117.413795 	61.717098 	33.955853 	999.000000 	26.832815 	46.647614 	89.196411 	50.249378 	13.341664 	75.073296 	9.000000 	81.688431 	19.646883 	126.657021 	136.824707 	75.000000 	78.409180 	62.433964 	19.104973 	64.660652 	41.146080 	33.526108 	15.132746 	70.491135 	51.894123 	21.095022 	88.232651 	35.510563 	14.866069 	22.360680 	17.888544 	26.076809 	45.607018 	44.384682 	17.029387 	21.931713 	86.764046 	30.870699 	36.138622 	47.010635 	41.773197 	44.407207 	36.055511 	50.537113 	
12.369317 	39.849716 	94.413979 	36.235340 	60.406952 	26.832815 	999.000000 	20.000000 	63.780876 	23.600847 	21.023796 	51.107731 	19.209373 	55.865910 	8.602325 	102.927162 	113.740936 	48.836460 	52.345009 	35.805027 	11.180340 	38.013157 	67.977936 	8.246211 	16.643316 	43.829212 	78.721024 	14.317822 	61.846584 	12.529964 	25.553865 	16.124516 	21.540659 	14.142136 	20.000000 	19.026299 	28.178005 	29.410883 	59.933296 	25.317978 	23.706539 	26.419689 	26.248810 	26.907248 	32.557640 	40.816662 	
29.410883 	59.093147 	76.694199 	17.464249 	79.705711 	46.647614 	20.000000 	999.000000 	44.407207 	3.605551 	38.600517 	33.526108 	39.204590 	36.235340 	28.319605 	84.534019 	95.754898 	29.000000 	32.557640 	15.811388 	30.413813 	18.027756 	87.709747 	16.124516 	36.069378 	23.853722 	98.412399 	32.202484 	41.868843 	18.681541 	44.687805 	33.286633 	40.000000 	29.529646 	12.649111 	13.341664 	47.010635 	47.169907 	40.496914 	38.897301 	33.376640 	25.961510 	32.015621 	30.265491 	45.122055 	47.265209 	
70.292244 	100.000000 	35.128338 	27.586229 	120.104118 	89.196411 	63.780876 	44.407207 	999.000000 	41.048752 	78.600258 	16.492422 	82.758682 	8.544003 	72.346390 	41.109608 	52.886673 	16.155495 	12.649111 	29.966648 	74.652527 	28.231188 	129.201401 	60.464867 	80.280754 	23.769728 	139.617340 	76.609398 	10.816654 	62.265560 	89.022469 	77.665955 	84.403793 	73.783470 	52.801514 	54.129475 	91.400215 	91.525955 	25.059929 	82.298241 	75.643906 	63.890530 	72.449982 	69.570107 	87.726852 	85.615417 	
32.893768 	62.649822 	73.736015 	14.560220 	83.258636 	50.249378 	23.600847 	3.605551 	41.048752 	999.000000 	42.059483 	30.805843 	42.801868 	32.802441 	31.890438 	81.394104 	92.703827 	25.495098 	29.068884 	12.206555 	33.941124 	14.422205 	91.301697 	19.416489 	39.597980 	20.248457 	102.000000 	35.608986 	38.288380 	21.540659 	48.166378 	36.619667 	43.416588 	32.756680 	14.035668 	15.000000 	50.447994 	50.477718 	37.000000 	41.785164 	35.902645 	27.294687 	34.058773 	32.015621 	47.801674 	49.040798 	
9.219544 	21.400934 	105.261581 	51.623638 	41.677334 	13.341664 	21.023796 	38.600517 	78.600258 	42.059483 	999.000000 	63.702435 	14.317822 	71.561165 	17.888544 	114.769333 	124.631454 	65.368187 	68.600288 	53.851646 	19.416489 	56.080299 	50.606323 	29.154760 	19.209373 	61.846584 	61.032780 	23.430750 	78.771820 	32.756680 	24.351591 	25.495098 	24.698177 	27.459061 	41.012192 	40.049969 	27.202942 	31.384710 	79.056938 	36.069378 	38.832977 	46.173584 	43.416588 	45.188496 	42.638012 	55.317268 	
55.901699 	85.041168 	43.382023 	16.278820 	104.809349 	75.073296 	51.107731 	33.526108 	16.492422 	30.805843 	63.702435 	999.000000 	69.404610 	13.601471 	59.682495 	51.865211 	62.649822 	14.866069 	14.422205 	23.194826 	62.265560 	22.561028 	114.214706 	49.396355 	67.742157 	21.470911 	124.470879 	64.845970 	22.561028 	52.201534 	76.661591 	66.211784 	72.470680 	62.769421 	44.407207 	45.541191 	79.259071 	80.056229 	33.286633 	72.422371 	66.708321 	57.078892 	64.629715 	62.289646 	78.587532 	79.158073 	
15.297058 	23.000000 	112.361023 	55.172459 	42.755116 	9.000000 	19.209373 	39.204590 	82.758682 	42.801868 	14.317822 	69.404610 	999.000000 	74.966660 	11.180340 	121.247681 	131.764938 	68.014702 	71.505241 	55.000000 	10.198039 	57.201397 	49.396355 	25.079872 	6.324555 	63.007935 	60.166435 	12.165525 	81.055534 	26.683329 	10.198039 	13.601471 	10.630146 	17.117243 	37.000000 	35.735138 	13.152946 	17.088007 	78.771820 	23.021729 	27.513634 	38.013157 	32.984844 	35.510563 	29.000000 	42.720020 	
63.007935 	92.913940 	43.416588 	20.000000 	113.207771 	81.688431 	55.865910 	36.235340 	8.544003 	32.802441 	71.561165 	13.601471 	74.966660 	999.000000 	64.381676 	49.648766 	61.400326 	7.615773 	4.123106 	21.470911 	66.603302 	19.697716 	122.065559 	52.201534 	72.249565 	15.297058 	132.574509 	68.410522 	9.055386 	53.851646 	80.919716 	69.404610 	76.216797 	65.459915 	44.283180 	45.617977 	83.240616 	83.234612 	20.518284 	73.824112 	67.119293 	55.362442 	63.906181 	61.032780 	79.202271 	77.129761 	
12.206555 	33.376640 	102.956299 	44.821869 	53.600372 	19.646883 	8.602325 	28.319605 	72.346390 	31.890438 	17.888544 	59.682495 	11.180340 	64.381676 	999.000000 	111.516815 	122.298813 	57.280014 	60.811184 	44.045429 	3.000000 	46.227695 	60.539242 	13.928389 	8.062258 	52.009613 	71.309189 	7.280110 	70.178345 	16.031219 	17.000000 	9.486833 	13.341664 	9.899495 	25.961510 	24.738634 	19.697716 	21.377558 	67.601776 	20.124611 	21.260292 	28.635643 	25.553865 	27.313000 	27.313000 	38.209946 	
107.447662 	135.830780 	10.770329 	67.119293 	154.896744 	126.657021 	102.927162 	84.534019 	41.109608 	81.394104 	114.769333 	51.865211 	121.247681 	49.648766 	111.516815 	999.000000 	12.041595 	57.245087 	53.758720 	70.936592 	114.057007 	69.289246 	164.757401 	100.647903 	119.570061 	64.845970 	174.691162 	116.468880 	48.507732 	102.883430 	128.471786 	117.720009 	124.169243 	114.061386 	93.776329 	95.078911 	131.026718 	131.609268 	61.008198 	123.065025 	116.619041 	104.995239 	113.547348 	110.679718 	128.693436 	126.649124 	
117.643532 	145.454468 	19.416489 	78.294319 	164.103622 	136.824707 	113.740936 	95.754898 	52.886673 	92.703827 	124.631454 	62.649822 	131.764938 	61.400326 	122.298813 	12.041595 	999.000000 	68.963760 	65.520988 	82.540901 	124.907967 	80.956779 	174.155106 	111.825760 	130.361038 	76.655075 	183.896713 	127.475487 	60.530983 	114.236595 	139.291061 	128.798294 	135.118469 	125.239769 	105.342300 	106.625511 	141.904892 	142.667450 	73.027390 	134.461884 	128.160049 	116.760437 	125.227791 	122.413231 	140.217682 	138.495483 	
56.603886 	86.608315 	50.803543 	13.928389 	107.042046 	75.000000 	48.836460 	29.000000 	16.155495 	25.495098 	65.368187 	14.866069 	68.014702 	7.615773 	57.280014 	57.245087 	68.963760 	999.000000 	3.605551 	13.892444 	59.413803 	12.083046 	115.663307 	44.821869 	65.069191 	8.000000 	126.245789 	61.073727 	13.416408 	46.324940 	73.661385 	62.008064 	68.883957 	58.008621 	36.674240 	38.013157 	75.927597 	75.802376 	19.313208 	66.241982 	59.506302 	47.801674 	56.302753 	53.450912 	71.589104 	69.634758 	
59.908264 	89.888817 	47.518417 	17.000000 	110.276924 	78.409180 	52.345009 	32.557640 	12.649111 	29.068884 	68.600288 	14.422205 	71.505241 	4.123106 	60.811184 	53.758720 	65.520988 	3.605551 	999.000000 	17.492855 	62.968246 	15.652476 	118.983192 	48.414875 	68.622154 	11.180340 	129.541504 	64.660652 	10.440307 	49.929951 	77.233414 	65.604881 	72.470680 	61.611687 	40.249222 	41.593269 	79.511009 	79.404030 	18.867962 	69.835518 	63.071388 	51.244511 	59.808025 	56.920998 	75.153175 	73.006851 	
44.777225 	74.686012 	64.031242 	9.219544 	95.273293 	62.433964 	35.805027 	15.811388 	29.966648 	12.206555 	53.851646 	23.194826 	55.000000 	21.470911 	44.045429 	70.936592 	82.540901 	13.892444 	17.492855 	999.000000 	46.010868 	2.236068 	103.445641 	31.144823 	51.662365 	8.062258 	114.127121 	47.423622 	26.172504 	32.449963 	60.108234 	48.270073 	55.226807 	44.204071 	22.847319 	24.166092 	62.289646 	62.008064 	25.495098 	52.354561 	45.694637 	34.525352 	42.720020 	40.024994 	57.775429 	56.568542 	
14.764823 	33.060551 	105.588821 	47.201694 	52.952808 	19.104973 	11.180340 	30.413813 	74.652527 	33.941124 	19.416489 	62.265560 	10.198039 	66.603302 	3.000000 	114.057007 	124.907967 	59.413803 	62.968246 	46.010868 	999.000000 	48.166378 	59.464275 	15.264338 	5.656854 	53.907330 	70.228203 	4.472136 	72.180328 	16.492422 	14.422205 	6.708204 	10.440307 	8.062258 	26.925823 	25.632011 	17.000000 	18.439089 	69.115845 	17.492855 	19.416489 	28.160255 	24.166092 	26.248810 	24.596748 	36.069378 	
47.010635 	76.922035 	62.585941 	10.000000 	97.508972 	64.660652 	38.013157 	18.027756 	28.231188 	14.422205 	56.080299 	22.561028 	57.201397 	19.697716 	46.227695 	69.289246 	80.956779 	12.083046 	15.652476 	2.236068 	48.166378 	999.000000 	105.678757 	33.241539 	53.814495 	5.830952 	116.361504 	49.517673 	24.041630 	34.409302 	62.225395 	50.328918 	57.314919 	46.227695 	24.596748 	25.942244 	64.381676 	64.031242 	23.345236 	54.203320 	47.423622 	35.902645 	44.271889 	41.484936 	59.506302 	57.870544 	
59.076221 	29.206163 	154.935471 	102.078400 	10.770329 	41.146080 	67.977936 	87.709747 	129.201401 	91.301697 	50.606323 	114.214706 	49.396355 	122.065559 	60.539242 	164.757401 	174.155106 	115.663307 	118.983192 	103.445641 	59.464275 	105.678757 	999.000000 	74.464760 	54.405884 	111.507851 	10.770329 	60.166435 	129.003876 	75.894661 	48.662102 	60.638271 	53.935146 	65.000000 	86.377083 	85.094063 	48.259712 	52.038448 	127.910126 	65.192024 	72.560318 	85.702972 	78.638412 	81.884064 	67.029846 	82.152298 	
20.615528 	47.074409 	92.703827 	33.541019 	67.446274 	33.526108 	8.246211 	16.124516 	60.464867 	19.416489 	29.154760 	49.396355 	25.079872 	52.201534 	13.928389 	100.647903 	111.825760 	44.821869 	48.414875 	31.144823 	15.264338 	33.241539 	74.464760 	999.000000 	20.808653 	38.897301 	85.234970 	16.278820 	57.280014 	5.000000 	29.000000 	17.204651 	24.083189 	13.416408 	12.165525 	11.045361 	31.144823 	31.064449 	53.851646 	23.345236 	19.235384 	18.601076 	20.124611 	20.000000 	30.066593 	35.468296 	
17.262676 	29.068884 	111.018013 	52.801514 	48.373547 	15.132746 	16.643316 	36.069378 	80.280754 	39.597980 	19.209373 	67.742157 	6.324555 	72.249565 	8.062258 	119.570061 	130.361038 	65.069191 	68.622154 	51.662365 	5.656854 	53.814495 	54.405884 	20.808653 	999.000000 	59.548298 	65.145988 	6.000000 	77.833153 	21.540659 	8.944272 	7.280110 	6.082763 	11.000000 	32.202484 	30.870699 	11.704700 	14.000000 	74.625732 	17.029387 	21.189621 	32.015621 	26.683329 	29.274563 	23.430750 	36.619667 	
52.801514 	82.734512 	58.694122 	13.341664 	103.315056 	70.491135 	43.829212 	23.853722 	23.769728 	20.248457 	61.846584 	21.470911 	63.007935 	15.297058 	52.009613 	64.845970 	76.655075 	8.000000 	11.180340 	8.062258 	53.907330 	5.830952 	111.507851 	38.897301 	59.548298 	999.000000 	122.188377 	55.154327 	18.439089 	39.824615 	67.896980 	55.901699 	62.936478 	51.739735 	29.681644 	31.064449 	70.007141 	69.526970 	18.027756 	59.363289 	52.354561 	40.162170 	48.846699 	45.880280 	64.412735 	61.846584 	
69.641945 	39.661064 	164.757401 	112.605507 	19.798990 	51.894123 	78.721024 	98.412399 	139.617340 	102.000000 	61.032780 	124.470879 	60.166435 	132.574509 	71.309189 	174.691162 	183.896713 	126.245789 	129.541504 	114.127121 	70.228203 	116.361504 	10.770329 	85.234970 	65.145988 	122.188377 	999.000000 	70.880180 	139.606583 	86.648720 	59.228371 	71.309189 	64.536812 	75.690155 	97.144226 	95.859268 	58.694122 	62.289646 	138.654251 	75.538071 	83.024094 	96.317184 	89.106674 	92.395889 	77.025970 	92.005432 	
19.235384 	35.057095 	108.226616 	49.396355 	54.332310 	21.095022 	14.317822 	32.202484 	76.609398 	35.608986 	23.430750 	64.845970 	12.165525 	68.410522 	7.280110 	116.468880 	127.475487 	61.073727 	64.660652 	47.423622 	4.472136 	49.517673 	60.166435 	16.278820 	6.000000 	55.154327 	70.880180 	999.000000 	73.552704 	16.124516 	12.806249 	2.236068 	7.810250 	5.000000 	26.925823 	25.553865 	14.866069 	15.231546 	69.634758 	13.038404 	15.652476 	26.019224 	20.880613 	23.345236 	20.124611 	31.890438 	
69.971420 	99.985001 	44.102154 	27.313000 	120.440857 	88.232651 	61.846584 	41.868843 	10.816654 	38.288380 	78.771820 	22.561028 	81.055534 	9.055386 	70.178345 	48.507732 	60.530983 	13.416408 	10.440307 	26.172504 	72.180328 	24.041630 	129.003876 	57.280014 	77.833153 	18.439089 	139.606583 	73.552704 	999.000000 	58.258045 	86.267029 	74.330345 	81.344948 	70.178345 	48.010414 	49.406479 	88.413803 	87.965904 	14.317822 	77.665955 	70.491135 	57.697487 	66.648331 	63.505905 	82.492424 	78.771820 	
24.698177 	49.365982 	95.273293 	36.055511 	69.426216 	35.510563 	12.529964 	18.681541 	62.265560 	21.540659 	32.756680 	52.201534 	26.683329 	53.851646 	16.031219 	102.883430 	114.236595 	46.324940 	49.929951 	32.449963 	16.492422 	34.409302 	75.894661 	5.000000 	21.540659 	39.824615 	86.648720 	16.124516 	58.258045 	999.000000 	28.844410 	16.401220 	23.600847 	12.041595 	10.816654 	9.433981 	30.610456 	29.732138 	53.600372 	20.248457 	15.000000 	13.892444 	15.231546 	15.000000 	26.476404 	30.675724 	
25.019993 	26.925823 	119.954155 	61.611687 	44.045429 	14.866069 	25.553865 	44.687805 	89.022469 	48.166378 	24.351591 	76.661591 	10.198039 	80.919716 	17.000000 	128.471786 	139.291061 	73.661385 	77.233414 	60.108234 	14.422205 	62.225395 	48.662102 	29.000000 	8.944272 	67.896980 	59.228371 	12.806249 	86.267029 	28.844410 	999.000000 	12.529964 	5.385165 	17.000000 	39.661064 	38.275318 	3.000000 	7.211102 	82.419655 	17.262676 	24.020824 	37.107952 	30.066593 	33.241539 	21.470911 	36.400551 	
21.470911 	36.221542 	109.590149 	50.606323 	55.145264 	22.360680 	16.124516 	33.286633 	77.665955 	36.619667 	25.495098 	66.211784 	13.601471 	69.404610 	9.486833 	117.720009 	128.798294 	62.008064 	65.604881 	48.270073 	6.708204 	50.328918 	60.638271 	17.204651 	7.280110 	55.901699 	71.309189 	2.236068 	74.330345 	16.401220 	12.529964 	999.000000 	7.211102 	4.472136 	27.202942 	25.806976 	14.212670 	13.892444 	70.000000 	10.816654 	13.928389 	25.179358 	19.416489 	22.090721 	17.888544 	29.832869 	
23.345236 	31.048349 	115.836090 	57.140179 	49.000000 	17.888544 	21.540659 	40.000000 	84.403793 	43.416588 	24.698177 	72.470680 	10.630146 	76.216797 	13.341664 	124.169243 	135.118469 	68.883957 	72.470680 	55.226807 	10.440307 	57.314919 	53.935146 	24.083189 	6.082763 	62.936478 	64.536812 	7.810250 	81.344948 	23.600847 	5.385165 	7.211102 	999.000000 	11.661903 	34.409302 	33.015148 	7.071068 	8.062258 	77.201035 	13.000000 	19.026299 	31.780497 	25.000000 	28.071337 	18.439089 	32.649654 	
22.022715 	40.049969 	106.103722 	46.957428 	59.304298 	26.076809 	14.142136 	29.529646 	73.783470 	32.756680 	27.459061 	62.769421 	17.117243 	65.459915 	9.899495 	114.061386 	125.239769 	58.008621 	61.611687 	44.204071 	8.062258 	46.227695 	65.000000 	13.416408 	11.000000 	51.739735 	75.690155 	5.000000 	70.178345 	12.041595 	17.000000 	4.472136 	11.661903 	999.000000 	22.803509 	21.400934 	18.601076 	17.804493 	65.604881 	11.180340 	11.401754 	21.023796 	16.155495 	18.439089 	18.439089 	28.319605 	
32.140316 	59.228371 	86.683334 	28.160255 	79.555016 	45.607018 	20.000000 	12.649111 	52.801514 	14.035668 	41.012192 	44.407207 	37.000000 	44.283180 	25.961510 	93.776329 	105.342300 	36.674240 	40.249222 	22.847319 	26.925823 	24.596748 	86.377083 	12.165525 	32.202484 	29.681644 	97.144226 	26.925823 	48.010414 	10.816654 	39.661064 	27.202942 	34.409302 	22.803509 	999.000000 	1.414214 	41.400482 	40.311287 	42.801868 	29.681644 	22.847319 	13.341664 	20.223749 	18.000000 	34.928497 	35.014282 	
31.257000 	58.051701 	87.931793 	29.274563 	78.339005 	44.384682 	19.026299 	13.341664 	54.129475 	15.000000 	40.049969 	45.541191 	35.735138 	45.617977 	24.738634 	95.078911 	106.625511 	38.013157 	41.593269 	24.166092 	25.632011 	25.942244 	85.094063 	11.045361 	30.870699 	31.064449 	95.859268 	25.553865 	49.406479 	9.433981 	38.275318 	25.806976 	33.015148 	21.400934 	1.414214 	999.000000 	40.000000 	38.897301 	44.204071 	28.301943 	21.540659 	12.649111 	19.104973 	17.029387 	33.615471 	34.058773 	
28.017851 	28.178005 	122.588745 	64.070274 	44.283180 	17.029387 	28.178005 	47.010635 	91.400215 	50.447994 	27.202942 	79.259071 	13.152946 	83.240616 	19.697716 	131.026718 	141.904892 	75.927597 	79.511009 	62.289646 	17.000000 	64.381676 	48.259712 	31.144823 	11.704700 	70.007141 	58.694122 	14.866069 	88.413803 	30.610456 	3.000000 	14.212670 	7.071068 	18.601076 	41.400482 	40.000000 	999.000000 	5.000000 	84.202141 	17.000000 	24.331051 	37.947330 	30.413813 	33.734257 	20.248457 	35.440090 	
31.144823 	33.120991 	123.438240 	64.498062 	48.662102 	21.931713 	29.410883 	47.169907 	91.525955 	50.477718 	31.384710 	80.056229 	17.088007 	83.234612 	21.377558 	131.609268 	142.667450 	75.802376 	79.404030 	62.008064 	18.439089 	64.031242 	52.038448 	31.064449 	14.000000 	69.526970 	62.289646 	15.231546 	87.965904 	29.732138 	7.211102 	13.892444 	8.062258 	17.804493 	40.311287 	38.897301 	5.000000 	999.000000 	82.975899 	13.341664 	21.189621 	35.341194 	27.202942 	30.675724 	15.524175 	30.805843 	
69.892776 	99.538940 	57.706154 	31.064449 	120.154068 	86.764046 	59.933296 	40.496914 	25.059929 	37.000000 	79.056938 	33.286633 	78.771820 	20.518284 	67.601776 	61.008198 	73.027390 	19.313208 	18.867962 	25.495098 	69.115845 	23.345236 	127.910126 	53.851646 	74.625732 	18.027756 	138.654251 	69.634758 	14.317822 	53.600372 	82.419655 	70.000000 	77.201035 	65.604881 	42.801868 	44.204071 	84.202141 	82.975899 	999.000000 	71.421288 	63.702435 	49.819675 	59.033890 	55.605755 	75.286118 	69.354164 	
32.249031 	43.965897 	115.520561 	56.302753 	61.204575 	30.870699 	25.317978 	38.897301 	82.298241 	41.785164 	36.069378 	72.422371 	23.021729 	73.824112 	20.124611 	123.065025 	134.461884 	66.241982 	69.835518 	52.354561 	17.492855 	54.203320 	65.192024 	23.345236 	17.029387 	59.363289 	75.538071 	13.038404 	77.665955 	20.248457 	17.262676 	10.816654 	13.000000 	11.180340 	29.681644 	28.301943 	17.000000 	13.341664 	71.421288 	999.000000 	8.062258 	22.472204 	13.928389 	17.464249 	7.280110 	19.723083 	
33.241539 	49.819675 	109.416634 	50.447994 	68.007355 	36.138622 	23.706539 	33.376640 	75.643906 	35.902645 	38.832977 	66.708321 	27.513634 	67.119293 	21.260292 	116.619041 	128.160049 	59.506302 	63.071388 	45.694637 	19.416489 	47.423622 	72.560318 	19.235384 	21.189621 	52.354561 	83.024094 	15.652476 	70.491135 	15.000000 	24.020824 	13.928389 	19.026299 	11.401754 	22.847319 	21.540659 	24.331051 	21.189621 	63.702435 	8.062258 	999.000000 	14.422205 	6.082763 	9.486833 	12.083046 	17.204651 	
38.483765 	61.008198 	98.488579 	41.000000 	80.305664 	47.010635 	26.419689 	25.961510 	63.890530 	27.294687 	46.173584 	57.078892 	38.013157 	55.362442 	28.635643 	104.995239 	116.760437 	47.801674 	51.244511 	34.525352 	28.160255 	35.902645 	85.702972 	18.601076 	32.015621 	40.162170 	96.317184 	26.019224 	57.697487 	13.892444 	37.107952 	25.179358 	31.780497 	21.023796 	13.341664 	12.649111 	37.947330 	35.341194 	49.819675 	22.472204 	14.422205 	999.000000 	9.219544 	5.830952 	25.495098 	22.090721 	
37.013512 	55.578773 	106.737999 	48.373547 	74.000000 	41.773197 	26.248810 	32.015621 	72.449982 	34.058773 	43.416588 	64.629715 	32.984844 	63.906181 	25.553865 	113.547348 	125.227791 	56.302753 	59.808025 	42.720020 	24.166092 	44.271889 	78.638412 	20.124611 	26.683329 	48.846699 	89.106674 	20.880613 	66.648331 	15.231546 	30.066593 	19.416489 	25.000000 	16.155495 	20.223749 	19.104973 	30.413813 	27.202942 	59.033890 	13.928389 	6.082763 	9.219544 	999.000000 	3.605551 	16.278820 	15.524175 	
38.275318 	58.309521 	104.048065 	46.097721 	77.025970 	44.407207 	26.907248 	30.265491 	69.570107 	32.015621 	45.188496 	62.289646 	35.510563 	61.032780 	27.313000 	110.679718 	122.413231 	53.450912 	56.920998 	40.024994 	26.248810 	41.484936 	81.884064 	20.000000 	29.274563 	45.880280 	92.395889 	23.345236 	63.505905 	15.000000 	33.241539 	22.090721 	28.071337 	18.439089 	18.000000 	17.029387 	33.734257 	30.675724 	55.605755 	17.464249 	9.486833 	5.830952 	3.605551 	999.000000 	19.798990 	17.029387 	
39.357338 	48.332184 	121.433105 	62.361847 	64.132675 	36.055511 	32.557640 	45.122055 	87.726852 	47.801674 	42.638012 	78.587532 	29.000000 	79.202271 	27.313000 	128.693436 	140.217682 	71.589104 	75.153175 	57.775429 	24.596748 	59.506302 	67.029846 	30.066593 	23.430750 	64.412735 	77.025970 	20.124611 	82.492424 	26.476404 	21.470911 	17.888544 	18.439089 	18.439089 	34.928497 	33.615471 	20.248457 	15.524175 	75.286118 	7.280110 	12.083046 	25.495098 	16.278820 	19.798990 	999.000000 	15.297058 	
50.328918 	63.324562 	120.415947 	63.031738 	79.429214 	50.537113 	40.816662 	47.265209 	85.615417 	49.040798 	55.317268 	79.158073 	42.720020 	77.129761 	38.209946 	126.649124 	138.495483 	69.634758 	73.006851 	56.568542 	36.069378 	57.870544 	82.152298 	35.468296 	36.619667 	61.846584 	92.005432 	31.890438 	78.771820 	30.675724 	36.400551 	29.832869 	32.649654 	28.319605 	35.014282 	34.058773 	35.440090 	30.805843 	69.354164 	19.723083 	17.204651 	22.090721 	15.524175 	17.029387 	15.297058 	999.000000 	

Travel time:
9.000000 	0.750417 	2.455733 	1.075291 	1.263428 	0.480234 	0.309233 	0.735272 	1.757306 	0.822344 	0.230489 	1.397542 	0.382426 	1.575198 	0.305164 	2.686192 	2.941088 	1.415097 	1.497707 	1.119431 	0.369121 	1.175266 	1.476906 	0.515388 	0.431567 	1.320038 	1.741049 	0.480885 	1.749285 	0.617454 	0.625500 	0.536773 	0.583631 	0.550568 	0.803508 	0.781425 	0.700446 	0.778621 	1.747319 	0.806226 	0.831038 	0.962094 	0.925338 	0.956883 	0.983933 	1.258223 	
0.750417 	9.000000 	3.153768 	1.823630 	0.515388 	0.350000 	0.996243 	1.477329 	2.500000 	1.566246 	0.535023 	2.126029 	0.575000 	2.322849 	0.834416 	3.395770 	3.636362 	2.165208 	2.247221 	1.867150 	0.826514 	1.923051 	0.730154 	1.176860 	0.726722 	2.068363 	0.991527 	0.876427 	2.499625 	1.234150 	0.673146 	0.905539 	0.776209 	1.001249 	1.480709 	1.451293 	0.704450 	0.828025 	2.488473 	1.099147 	1.245492 	1.525205 	1.389469 	1.457738 	1.208305 	1.583114 	
2.455733 	3.153768 	9.000000 	1.480920 	3.623966 	2.935345 	2.360349 	1.917355 	0.878208 	1.843400 	2.631540 	1.084551 	2.809026 	1.085415 	2.573907 	0.269258 	0.485412 	1.270089 	1.187960 	1.600781 	2.639720 	1.564649 	3.873387 	2.317596 	2.775450 	1.467353 	4.118935 	2.705665 	1.102554 	2.381832 	2.998854 	2.739754 	2.895902 	2.652593 	2.167083 	2.198295 	3.064719 	3.085956 	1.442654 	2.888014 	2.735416 	2.462214 	2.668450 	2.601202 	3.035828 	3.010399 	
1.075291 	1.823630 	1.480920 	9.000000 	2.332381 	1.542928 	0.905883 	0.436606 	0.689656 	0.364006 	1.290591 	0.406971 	1.379311 	0.500000 	1.120547 	1.677982 	1.957358 	0.348210 	0.425000 	0.230489 	1.180042 	0.250000 	2.551960 	0.838525 	1.320038 	0.333542 	2.815138 	1.234909 	0.682825 	0.901388 	1.540292 	1.265158 	1.428504 	1.173936 	0.704006 	0.731864 	1.601757 	1.612452 	0.776611 	1.407569 	1.261200 	1.025000 	1.209339 	1.152443 	1.559046 	1.575794 	
1.263428 	0.515388 	3.623966 	2.332381 	9.000000 	0.848896 	1.510174 	1.992643 	3.002603 	2.081466 	1.041933 	2.620234 	1.068878 	2.830194 	1.340009 	3.872419 	4.102591 	2.676051 	2.756923 	2.381832 	1.323820 	2.437724 	0.269258 	1.686157 	1.209339 	2.582876 	0.494975 	1.358308 	3.011021 	1.735655 	1.101136 	1.378632 	1.225000 	1.482607 	1.988875 	1.958475 	1.107080 	1.216552 	3.003852 	1.530114 	1.700184 	2.007642 	1.850000 	1.925649 	1.603317 	1.985730 	
0.480234 	0.350000 	2.935345 	1.542928 	0.848896 	9.000000 	0.670820 	1.166190 	2.229910 	1.256234 	0.333542 	1.876832 	0.225000 	2.042211 	0.491172 	3.166425 	3.420618 	1.875000 	1.960230 	1.560849 	0.477624 	1.616516 	1.028652 	0.838153 	0.378319 	1.762278 	1.297353 	0.527376 	2.205816 	0.887764 	0.371652 	0.559017 	0.447214 	0.651920 	1.140175 	1.109617 	0.425735 	0.548293 	2.169101 	0.771767 	0.903466 	1.175266 	1.044330 	1.110180 	0.901388 	1.263428 	
0.309233 	0.996243 	2.360349 	0.905883 	1.510174 	0.670820 	9.000000 	0.500000 	1.594522 	0.590021 	0.525595 	1.277693 	0.480234 	1.396648 	0.215058 	2.573179 	2.843524 	1.220912 	1.308625 	0.895126 	0.279509 	0.950329 	1.699448 	0.206155 	0.416083 	1.095730 	1.968026 	0.357946 	1.546165 	0.313249 	0.638847 	0.403113 	0.538516 	0.353553 	0.500000 	0.475657 	0.704450 	0.735272 	1.498332 	0.632949 	0.592663 	0.660492 	0.656220 	0.672681 	0.813941 	1.020416 	
0.735272 	1.477329 	1.917355 	0.436606 	1.992643 	1.166190 	0.500000 	9.000000 	1.110180 	0.090139 	0.965013 	0.838153 	0.980115 	0.905883 	0.707990 	2.113350 	2.393872 	0.725000 	0.813941 	0.395285 	0.760345 	0.450694 	2.192744 	0.403113 	0.901734 	0.596343 	2.460310 	0.805062 	1.046721 	0.467039 	1.117195 	0.832166 	1.000000 	0.738241 	0.316228 	0.333542 	1.175266 	1.179248 	1.012423 	0.972432 	0.834416 	0.649038 	0.800391 	0.756637 	1.128051 	1.181630 	
1.757306 	2.500000 	0.878208 	0.689656 	3.002603 	2.229910 	1.594522 	1.110180 	9.000000 	1.026219 	1.965006 	0.412311 	2.068967 	0.213600 	1.808660 	1.027740 	1.322167 	0.403887 	0.316228 	0.749166 	1.866313 	0.705780 	3.230035 	1.511622 	2.007019 	0.594243 	3.490433 	1.915235 	0.270416 	1.556639 	2.225562 	1.941649 	2.110095 	1.844587 	1.320038 	1.353237 	2.285005 	2.288149 	0.626498 	2.057456 	1.891098 	1.597263 	1.811249 	1.739253 	2.193171 	2.140385 	
0.822344 	1.566246 	1.843400 	0.364006 	2.081466 	1.256234 	0.590021 	0.090139 	1.026219 	9.000000 	1.051487 	0.770146 	1.070047 	0.820061 	0.797261 	2.034853 	2.317596 	0.637377 	0.726722 	0.305164 	0.848528 	0.360555 	2.282542 	0.485412 	0.989950 	0.506211 	2.550000 	0.890225 	0.957209 	0.538516 	1.204159 	0.915492 	1.085415 	0.818917 	0.350892 	0.375000 	1.261200 	1.261943 	0.925000 	1.044629 	0.897566 	0.682367 	0.851469 	0.800391 	1.195042 	1.226020 	
0.230489 	0.535023 	2.631540 	1.290591 	1.041933 	0.333542 	0.525595 	0.965013 	1.965006 	1.051487 	9.000000 	1.592561 	0.357946 	1.789029 	0.447214 	2.869233 	3.115786 	1.634205 	1.715007 	1.346291 	0.485412 	1.402007 	1.265158 	0.728869 	0.480234 	1.546165 	1.525820 	0.585769 	1.969296 	0.818917 	0.608790 	0.637377 	0.617454 	0.686477 	1.025305 	1.001249 	0.680074 	0.784618 	1.976424 	0.901734 	0.970824 	1.154340 	1.085415 	1.129712 	1.065950 	1.382932 	
1.397542 	2.126029 	1.084551 	0.406971 	2.620234 	1.876832 	1.277693 	0.838153 	0.412311 	0.770146 	1.592561 	9.000000 	1.735115 	0.340037 	1.492062 	1.296630 	1.566246 	0.371652 	0.360555 	0.579871 	1.556639 	0.564026 	2.855368 	1.234909 	1.693554 	0.536773 	3.111772 	1.621149 	0.564026 	1.305038 	1.916540 	1.655295 	1.811767 	1.569236 	1.110180 	1.138530 	1.981477 	2.001406 	0.832166 	1.810559 	1.667708 	1.426972 	1.615743 	1.557241 	1.964688 	1.978952 	
0.382426 	0.575000 	2.809026 	1.379311 	1.068878 	0.225000 	0.480234 	0.980115 	2.068967 	1.070047 	0.357946 	1.735115 	9.000000 	1.874166 	0.279509 	3.031192 	3.294123 	1.700368 	1.787631 	1.375000 	0.254951 	1.430035 	1.234909 	0.626997 	0.158114 	1.575198 	1.504161 	0.304138 	2.026388 	0.667083 	0.254951 	0.340037 	0.265754 	0.427931 	0.925000 	0.893378 	0.328824 	0.427200 	1.969296 	0.575543 	0.687841 	0.950329 	0.824621 	0.887764 	0.725000 	1.068001 	
1.575198 	2.322849 	1.085415 	0.500000 	2.830194 	2.042211 	1.396648 	0.905883 	0.213600 	0.820061 	1.789029 	0.340037 	1.874166 	9.000000 	1.609542 	1.241219 	1.535008 	0.190394 	0.103078 	0.536773 	1.665083 	0.492443 	3.051639 	1.305038 	1.806239 	0.382426 	3.314363 	1.710263 	0.226385 	1.346291 	2.022993 	1.735115 	1.905420 	1.636498 	1.107080 	1.140449 	2.081015 	2.080865 	0.512957 	1.845603 	1.677982 	1.384061 	1.597655 	1.525820 	1.980057 	1.928244 	
0.305164 	0.834416 	2.573907 	1.120547 	1.340009 	0.491172 	0.215058 	0.707990 	1.808660 	0.797261 	0.447214 	1.492062 	0.279509 	1.609542 	9.000000 	2.787920 	3.057470 	1.432000 	1.520280 	1.101136 	0.075000 	1.155692 	1.513481 	0.348210 	0.201556 	1.300240 	1.782730 	0.182003 	1.754459 	0.400780 	0.425000 	0.237171 	0.333542 	0.247487 	0.649038 	0.618466 	0.492443 	0.534439 	1.690044 	0.503115 	0.531507 	0.715891 	0.638847 	0.682825 	0.682825 	0.955249 	
2.686192 	3.395770 	0.269258 	1.677982 	3.872419 	3.166425 	2.573179 	2.113350 	1.027740 	2.034853 	2.869233 	1.296630 	3.031192 	1.241219 	2.787920 	9.000000 	0.301040 	1.431127 	1.343968 	1.773415 	2.851425 	1.732231 	4.118935 	2.516198 	2.989252 	1.621149 	4.367279 	2.911722 	1.212693 	2.572086 	3.211795 	2.943000 	3.104231 	2.851535 	2.344408 	2.376973 	3.275668 	3.290232 	1.525205 	3.076626 	2.915476 	2.624881 	2.838684 	2.766993 	3.217336 	3.166228 	
2.941088 	3.636362 	0.485412 	1.957358 	4.102591 	3.420618 	2.843524 	2.393872 	1.322167 	2.317596 	3.115786 	1.566246 	3.294123 	1.535008 	3.057470 	0.301040 	9.000000 	1.724094 	1.638025 	2.063523 	3.122699 	2.023920 	4.353878 	2.795644 	3.259026 	1.916377 	4.597418 	3.186887 	1.513275 	2.855915 	3.482276 	3.219957 	3.377962 	3.130994 	2.633558 	2.665638 	3.547622 	3.566686 	1.825685 	3.361547 	3.204001 	2.919011 	3.130695 	3.060331 	3.505442 	3.462387 	
1.415097 	2.165208 	1.270089 	0.348210 	2.676051 	1.875000 	1.220912 	0.725000 	0.403887 	0.637377 	1.634205 	0.371652 	1.700368 	0.190394 	1.432000 	1.431127 	1.724094 	9.000000 	0.090139 	0.347311 	1.485345 	0.302076 	2.891583 	1.120547 	1.626730 	0.200000 	3.156145 	1.526843 	0.335410 	1.158123 	1.841535 	1.550202 	1.722099 	1.450216 	0.916856 	0.950329 	1.898190 	1.895059 	0.482830 	1.656049 	1.487658 	1.195042 	1.407569 	1.336273 	1.789728 	1.740869 	
1.497707 	2.247221 	1.187960 	0.425000 	2.756923 	1.960230 	1.308625 	0.813941 	0.316228 	0.726722 	1.715007 	0.360555 	1.787631 	0.103078 	1.520280 	1.343968 	1.638025 	0.090139 	9.000000 	0.437321 	1.574206 	0.391312 	2.974580 	1.210372 	1.715554 	0.279509 	3.238538 	1.616516 	0.261008 	1.248249 	1.930835 	1.640122 	1.811767 	1.540292 	1.006231 	1.039832 	1.987775 	1.985101 	0.471699 	1.745888 	1.576785 	1.281113 	1.495201 	1.423025 	1.878829 	1.825171 	
1.119431 	1.867150 	1.600781 	0.230489 	2.381832 	1.560849 	0.895126 	0.395285 	0.749166 	0.305164 	1.346291 	0.579871 	1.375000 	0.536773 	1.101136 	1.773415 	2.063523 	0.347311 	0.437321 	9.000000 	1.150272 	0.055902 	2.586141 	0.778621 	1.291559 	0.201556 	2.853178 	1.185591 	0.654313 	0.811249 	1.502706 	1.206752 	1.380670 	1.105102 	0.571183 	0.604152 	1.557241 	1.550202 	0.637377 	1.308864 	1.142366 	0.863134 	1.068001 	1.000625 	1.444386 	1.414214 	
0.369121 	0.826514 	2.639720 	1.180042 	1.323820 	0.477624 	0.279509 	0.760345 	1.866313 	0.848528 	0.485412 	1.556639 	0.254951 	1.665083 	0.075000 	2.851425 	3.122699 	1.485345 	1.574206 	1.150272 	9.000000 	1.204159 	1.486607 	0.381608 	0.141421 	1.347683 	1.755705 	0.111803 	1.804508 	0.412311 	0.360555 	0.167705 	0.261008 	0.201556 	0.673146 	0.640800 	0.425000 	0.460977 	1.727896 	0.437321 	0.485412 	0.704006 	0.604152 	0.656220 	0.614919 	0.901734 	
1.175266 	1.923051 	1.564649 	0.250000 	2.437724 	1.616516 	0.950329 	0.450694 	0.705780 	0.360555 	1.402007 	0.564026 	1.430035 	0.492443 	1.155692 	1.732231 	2.023920 	0.302076 	0.391312 	0.055902 	1.204159 	9.000000 	2.641969 	0.831038 	1.345362 	0.145774 	2.909038 	1.237942 	0.601041 	0.860233 	1.555635 	1.258223 	1.432873 	1.155692 	0.614919 	0.648556 	1.609542 	1.600781 	0.583631 	1.355083 	1.185591 	0.897566 	1.106797 	1.037123 	1.487658 	1.446764 	
1.476906 	0.730154 	3.873387 	2.551960 	0.269258 	1.028652 	1.699448 	2.192744 	3.230035 	2.282542 	1.265158 	2.855368 	1.234909 	3.051639 	1.513481 	4.118935 	4.353878 	2.891583 	2.974580 	2.586141 	1.486607 	2.641969 	9.000000 	1.861619 	1.360147 	2.787696 	0.269258 	1.504161 	3.225097 	1.897367 	1.216552 	1.515957 	1.348379 	1.625000 	2.159427 	2.127352 	1.206493 	1.300961 	3.197753 	1.629801 	1.814008 	2.142574 	1.965960 	2.047101 	1.675746 	2.053807 	
0.515388 	1.176860 	2.317596 	0.838525 	1.686157 	0.838153 	0.206155 	0.403113 	1.511622 	0.485412 	0.728869 	1.234909 	0.626997 	1.305038 	0.348210 	2.516198 	2.795644 	1.120547 	1.210372 	0.778621 	0.381608 	0.831038 	1.861619 	9.000000 	0.520216 	0.972432 	2.130874 	0.406971 	1.432000 	0.125000 	0.725000 	0.430116 	0.602080 	0.335410 	0.304138 	0.276134 	0.778621 	0.776611 	1.346291 	0.583631 	0.480885 	0.465027 	0.503115 	0.500000 	0.751665 	0.886707 	
0.431567 	0.726722 	2.775450 	1.320038 	1.209339 	0.378319 	0.416083 	0.901734 	2.007019 	0.989950 	0.480234 	1.693554 	0.158114 	1.806239 	0.201556 	2.989252 	3.259026 	1.626730 	1.715554 	1.291559 	0.141421 	1.345362 	1.360147 	0.520216 	9.000000 	1.488707 	1.628650 	0.150000 	1.945829 	0.538516 	0.223607 	0.182003 	0.152069 	0.275000 	0.805062 	0.771767 	0.292617 	0.350000 	1.865643 	0.425735 	0.529741 	0.800391 	0.667083 	0.731864 	0.585769 	0.915492 	
1.320038 	2.068363 	1.467353 	0.333542 	2.582876 	1.762278 	1.095730 	0.596343 	0.594243 	0.506211 	1.546165 	0.536773 	1.575198 	0.382426 	1.300240 	1.621149 	1.916377 	0.200000 	0.279509 	0.201556 	1.347683 	0.145774 	2.787696 	0.972432 	1.488707 	9.000000 	3.054709 	1.378858 	0.460977 	0.995615 	1.697425 	1.397542 	1.573412 	1.293493 	0.742041 	0.776611 	1.750179 	1.738174 	0.450694 	1.484082 	1.308864 	1.004054 	1.221167 	1.147007 	1.610318 	1.546165 	
1.741049 	0.991527 	4.118935 	2.815138 	0.494975 	1.297353 	1.968026 	2.460310 	3.490433 	2.550000 	1.525820 	3.111772 	1.504161 	3.314363 	1.782730 	4.367279 	4.597418 	3.156145 	3.238538 	2.853178 	1.755705 	2.909038 	0.269258 	2.130874 	1.628650 	3.054709 	9.000000 	1.772004 	3.490165 	2.166218 	1.480709 	1.782730 	1.613420 	1.892254 	2.428606 	2.396482 	1.467353 	1.557241 	3.466356 	1.888452 	2.075602 	2.407930 	2.227667 	2.309897 	1.925649 	2.300136 	
0.480885 	0.876427 	2.705665 	1.234909 	1.358308 	0.527376 	0.357946 	0.805062 	1.915235 	0.890225 	0.585769 	1.621149 	0.304138 	1.710263 	0.182003 	2.911722 	3.186887 	1.526843 	1.616516 	1.185591 	0.111803 	1.237942 	1.504161 	0.406971 	0.150000 	1.378858 	1.772004 	9.000000 	1.838818 	0.403113 	0.320156 	0.055902 	0.195256 	0.125000 	0.673146 	0.638847 	0.371652 	0.380789 	1.740869 	0.325960 	0.391312 	0.650481 	0.522015 	0.583631 	0.503115 	0.797261 	
1.749285 	2.499625 	1.102554 	0.682825 	3.011021 	2.205816 	1.546165 	1.046721 	0.270416 	0.957209 	1.969296 	0.564026 	2.026388 	0.226385 	1.754459 	1.212693 	1.513275 	0.335410 	0.261008 	0.654313 	1.804508 	0.601041 	3.225097 	1.432000 	1.945829 	0.460977 	3.490165 	1.838818 	9.000000 	1.456451 	2.156676 	1.858259 	2.033624 	1.754459 	1.200260 	1.235162 	2.210345 	2.199148 	0.357946 	1.941649 	1.762278 	1.442437 	1.666208 	1.587648 	2.062311 	1.969296 	
0.617454 	1.234150 	2.381832 	0.901388 	1.735655 	0.887764 	0.313249 	0.467039 	1.556639 	0.538516 	0.818917 	1.305038 	0.667083 	1.346291 	0.400780 	2.572086 	2.855915 	1.158123 	1.248249 	0.811249 	0.412311 	0.860233 	1.897367 	0.125000 	0.538516 	0.995615 	2.166218 	0.403113 	1.456451 	9.000000 	0.721110 	0.410031 	0.590021 	0.301040 	0.270416 	0.235850 	0.765261 	0.743303 	1.340009 	0.506211 	0.375000 	0.347311 	0.380789 	0.375000 	0.661910 	0.766893 	
0.625500 	0.673146 	2.998854 	1.540292 	1.101136 	0.371652 	0.638847 	1.117195 	2.225562 	1.204159 	0.608790 	1.916540 	0.254951 	2.022993 	0.425000 	3.211795 	3.482276 	1.841535 	1.930835 	1.502706 	0.360555 	1.555635 	1.216552 	0.725000 	0.223607 	1.697425 	1.480709 	0.320156 	2.156676 	0.721110 	9.000000 	0.313249 	0.134629 	0.425000 	0.991527 	0.956883 	0.075000 	0.180278 	2.060491 	0.431567 	0.600521 	0.927699 	0.751665 	0.831038 	0.536773 	0.910014 	
0.536773 	0.905539 	2.739754 	1.265158 	1.378632 	0.559017 	0.403113 	0.832166 	1.941649 	0.915492 	0.637377 	1.655295 	0.340037 	1.735115 	0.237171 	2.943000 	3.219957 	1.550202 	1.640122 	1.206752 	0.167705 	1.258223 	1.515957 	0.430116 	0.182003 	1.397542 	1.782730 	0.055902 	1.858259 	0.410031 	0.313249 	9.000000 	0.180278 	0.111803 	0.680074 	0.645174 	0.355317 	0.347311 	1.750000 	0.270416 	0.348210 	0.629484 	0.485412 	0.552268 	0.447214 	0.745822 	
0.583631 	0.776209 	2.895902 	1.428504 	1.225000 	0.447214 	0.538516 	1.000000 	2.110095 	1.085415 	0.617454 	1.811767 	0.265754 	1.905420 	0.333542 	3.104231 	3.377962 	1.722099 	1.811767 	1.380670 	0.261008 	1.432873 	1.348379 	0.602080 	0.152069 	1.573412 	1.613420 	0.195256 	2.033624 	0.590021 	0.134629 	0.180278 	9.000000 	0.291548 	0.860233 	0.825379 	0.176777 	0.201556 	1.930026 	0.325000 	0.475657 	0.794512 	0.625000 	0.701783 	0.460977 	0.816241 	
0.550568 	1.001249 	2.652593 	1.173936 	1.482607 	0.651920 	0.353553 	0.738241 	1.844587 	0.818917 	0.686477 	1.569236 	0.427931 	1.636498 	0.247487 	2.851535 	3.130994 	1.450216 	1.540292 	1.105102 	0.201556 	1.155692 	1.625000 	0.335410 	0.275000 	1.293493 	1.892254 	0.125000 	1.754459 	0.301040 	0.425000 	0.111803 	0.291548 	9.000000 	0.570088 	0.535023 	0.465027 	0.445112 	1.640122 	0.279509 	0.285044 	0.525595 	0.403887 	0.460977 	0.460977 	0.707990 	
0.803508 	1.480709 	2.167083 	0.704006 	1.988875 	1.140175 	0.500000 	0.316228 	1.320038 	0.350892 	1.025305 	1.110180 	0.925000 	1.107080 	0.649038 	2.344408 	2.633558 	0.916856 	1.006231 	0.571183 	0.673146 	0.614919 	2.159427 	0.304138 	0.805062 	0.742041 	2.428606 	0.673146 	1.200260 	0.270416 	0.991527 	0.680074 	0.860233 	0.570088 	9.000000 	0.035355 	1.035012 	1.007782 	1.070047 	0.742041 	0.571183 	0.333542 	0.505594 	0.450000 	0.873212 	0.875357 	
