Total assets = 660
Number of asset nodes = 33

Distance:
999.000000 	58.000000 	15.811388 	5.830952 	35.777088 	16.031219 	35.846897 	46.324940 	80.622574 	81.633324 	45.000000 	76.694199 	56.080299 	94.047859 	50.328918 	43.829212 	86.214851 	102.625534 	31.064449 	25.495098 	57.271286 	47.885281 	52.630791 	79.309517 	34.409302 	107.615051 	58.600342 	48.373547 	7.810250 	28.319605 	57.245087 	57.008770 	13.152946 	99.020203 	50.774010 	69.526970 	60.802959 	46.065170 	51.613953 	29.614185 	69.771057 	29.427877 	22.135944 	27.073973 	
58.000000 	999.000000 	73.552704 	63.702435 	26.000000 	46.872166 	24.596748 	15.297058 	28.000000 	28.071337 	14.317822 	19.235384 	111.503365 	37.696156 	9.219544 	100.424103 	29.068884 	46.818798 	88.526833 	35.355339 	113.225441 	104.637466 	9.055386 	21.400934 	92.021736 	51.623638 	114.621117 	105.261581 	58.008621 	86.267029 	113.600174 	8.602325 	51.623638 	41.677334 	107.935165 	13.341664 	10.816654 	21.023796 	109.123779 	37.643059 	126.015869 	38.600517 	78.600258 	42.059483 	
15.811388 	73.552704 	999.000000 	10.770329 	50.219517 	28.653097 	50.606323 	61.220913 	95.131485 	96.260063 	60.207973 	92.021736 	40.804413 	109.018349 	66.068146 	28.231188 	101.414986 	117.413795 	15.264338 	41.182522 	41.785164 	32.202484 	68.410522 	94.762863 	18.601076 	122.413231 	43.081318 	32.649654 	19.416489 	12.806249 	41.629318 	72.801102 	26.925823 	114.214706 	34.985710 	85.276024 	76.609398 	61.773781 	35.805027 	44.598206 	54.129475 	44.271889 	13.416408 	41.484936 	
5.830952 	63.702435 	10.770329 	999.000000 	41.593269 	21.377558 	41.677334 	52.153618 	86.452301 	87.464279 	50.803543 	82.462112 	51.546097 	99.864906 	55.901699 	39.000000 	92.005432 	108.452751 	25.942244 	30.528675 	52.554733 	42.953465 	58.137768 	85.041168 	29.154760 	113.441612 	53.851646 	43.382023 	9.000000 	22.803509 	52.392746 	62.481998 	16.278820 	104.809349 	45.650848 	75.073296 	66.219330 	51.107731 	46.324940 	33.837849 	64.884514 	33.526108 	16.492422 	30.805843 	
35.777088 	26.000000 	50.219517 	41.593269 	999.000000 	21.931713 	2.236068 	11.401754 	44.944408 	46.043457 	11.704700 	42.638012 	86.214851 	58.898216 	22.022715 	75.690155 	51.623638 	67.201187 	64.536812 	22.135944 	88.090858 	79.931221 	25.019993 	45.803928 	68.117546 	72.201111 	89.498604 	80.622574 	38.327538 	63.007935 	88.617157 	29.154760 	34.132095 	64.350601 	83.438599 	39.217342 	33.241539 	27.313000 	84.899940 	29.068884 	100.895988 	29.966648 	57.775429 	31.953091 	
16.031219 	46.872166 	28.653097 	21.377558 	21.931713 	999.000000 	22.671568 	33.241539 	66.610809 	67.801178 	32.802441 	64.443771 	64.637451 	80.808418 	40.718548 	53.814495 	73.539108 	89.022469 	42.638012 	22.561028 	66.400299 	58.051701 	43.462627 	67.475922 	46.227695 	94.021271 	67.801178 	58.728188 	21.587032 	41.340054 	66.843102 	47.927029 	21.633308 	86.278618 	61.522354 	59.539902 	52.000000 	40.311287 	62.968246 	29.732138 	79.202271 	30.083218 	37.854988 	29.529646 	
35.846897 	24.596748 	50.606323 	41.677334 	2.236068 	22.671568 	999.000000 	10.630146 	44.777225 	45.793011 	10.295630 	41.773197 	87.200920 	58.412327 	20.099751 	76.485291 	50.931328 	66.850578 	65.115280 	20.615528 	89.022469 	80.721741 	23.086792 	44.821869 	68.680420 	71.847061 	90.426765 	81.394104 	37.947330 	63.411354 	89.498604 	27.294687 	33.376640 	63.702435 	84.172440 	37.696156 	31.400637 	25.079872 	85.562843 	27.313000 	101.828285 	28.231188 	57.697487 	30.364452 	
46.324940 	15.297058 	61.220913 	52.153618 	11.401754 	33.241539 	10.630146 	999.000000 	34.438351 	35.355339 	3.605551 	31.240999 	97.616600 	47.801674 	14.317822 	87.045967 	40.311287 	56.302753 	75.742989 	28.071337 	99.488693 	91.285271 	17.088007 	34.409302 	79.309517 	61.294373 	100.895988 	91.967384 	47.927029 	74.027023 	100.004997 	20.396078 	42.720020 	53.075417 	94.762863 	28.635643 	24.186773 	24.083189 	96.176918 	33.241539 	112.294258 	34.234486 	68.000000 	37.054016 	
80.622574 	28.000000 	95.131485 	86.452301 	44.944408 	66.610809 	44.777225 	34.438351 	999.000000 	2.000000 	36.400551 	14.212670 	129.402466 	15.652476 	37.054016 	119.753914 	13.152946 	22.627417 	109.201645 	61.400326 	131.529465 	123.987900 	37.013512 	17.029387 	112.800713 	27.586229 	132.943604 	124.739731 	82.346825 	107.898102 	132.276230 	35.355339 	76.896034 	22.472204 	127.663620 	28.178005 	35.171009 	49.010204 	129.321304 	64.938431 	144.249786 	65.924202 	102.420700 	69.231499 	
81.633324 	28.071337 	96.260063 	87.464279 	46.043457 	67.801178 	45.793011 	35.355339 	2.000000 	999.000000 	37.161808 	13.038404 	130.831955 	13.892444 	37.215588 	121.082619 	11.180340 	21.260292 	110.421921 	61.983868 	132.936081 	125.319588 	37.013512 	15.556349 	114.017540 	26.248810 	134.350296 	126.063477 	83.192551 	109.041275 	133.660019 	35.128338 	77.620872 	20.615528 	128.972870 	27.313000 	34.713108 	49.010204 	130.598618 	65.306969 	145.670868 	66.287254 	103.353760 	69.634758 	
45.000000 	14.317822 	60.207973 	50.803543 	11.704700 	32.802441 	10.295630 	3.605551 	36.400551 	37.161808 	999.000000 	31.827662 	97.416634 	49.091751 	11.401754 	86.556343 	41.231056 	57.801384 	74.953316 	25.317978 	99.201813 	90.785461 	14.317822 	34.713108 	78.492035 	62.769421 	100.603180 	91.438507 	46.065170 	73.000000 	99.639351 	18.027756 	40.496914 	54.037025 	94.175369 	27.513634 	22.000000 	20.518284 	95.482986 	30.066593 	112.004463 	31.064449 	66.370171 	34.000000 	
76.694199 	19.235384 	92.021736 	82.462112 	42.638012 	64.443771 	41.773197 	31.240999 	14.212670 	13.038404 	31.827662 	999.000000 	128.844864 	18.681541 	28.231188 	118.258194 	9.848858 	27.892651 	106.775467 	54.589375 	130.728729 	122.494896 	27.202942 	4.000000 	110.317726 	32.572994 	132.136292 	123.166557 	77.103828 	104.804581 	131.244049 	24.331051 	70.830788 	22.472204 	125.936493 	14.560220 	23.000000 	38.832977 	127.287079 	56.648037 	143.533966 	57.584721 	97.652443 	61.098282 	
56.080299 	111.503365 	40.804413 	51.546097 	86.214851 	64.637451 	87.200920 	97.616600 	129.402466 	130.831955 	97.416634 	128.844864 	999.000000 	144.360657 	104.957130 	13.038404 	137.644470 	152.029602 	26.305893 	81.541397 	3.000000 	10.198039 	107.540688 	132.003784 	24.020824 	156.977707 	4.123106 	10.440307 	60.166435 	31.064449 	5.099020 	112.004463 	67.720009 	150.233154 	10.816654 	124.020157 	115.974136 	102.044106 	13.453624 	85.381500 	14.866069 	85.070557 	45.000000 	82.280006 	
94.047859 	37.696156 	109.018349 	99.864906 	58.898216 	80.808418 	58.412327 	47.801674 	15.652476 	13.892444 	49.091751 	18.681541 	144.360657 	999.000000 	46.818798 	134.380051 	9.055386 	9.219544 	123.434196 	72.917763 	146.413803 	138.621780 	45.880280 	18.027756 	127.015747 	13.928389 	147.827606 	139.344894 	95.015785 	121.823647 	147.085007 	42.953465 	89.005615 	7.071068 	142.214630 	32.015621 	41.303753 	57.489128 	143.753265 	75.272835 	159.176010 	76.216797 	115.433968 	79.711983 	
50.328918 	9.219544 	66.068146 	55.901699 	22.022715 	40.718548 	20.099751 	14.317822 	37.054016 	37.215588 	11.401754 	28.231188 	104.957130 	46.818798 	999.000000 	93.477272 	38.078865 	55.973209 	81.215759 	26.627054 	106.531685 	97.652443 	3.000000 	30.016663 	84.646324 	60.745369 	107.912003 	98.229324 	49.678970 	78.644768 	106.780151 	7.280110 	43.011627 	50.537113 	100.801788 	19.209373 	11.401754 	12.369317 	101.828285 	28.460499 	119.268608 	29.410883 	70.292244 	32.893768 	
43.829212 	100.424103 	28.231188 	39.000000 	75.690155 	53.814495 	76.485291 	87.045967 	119.753914 	121.082619 	86.556343 	118.258194 	13.038404 	134.380051 	93.477272 	999.000000 	127.310646 	142.341141 	13.341664 	69.318108 	13.601471 	4.242640 	95.963531 	121.264175 	11.000000 	147.322769 	14.866069 	5.000000 	47.434166 	18.027756 	13.416408 	100.404182 	55.027267 	140.014282 	8.062258 	112.645462 	104.307236 	89.894379 	10.440307 	72.801102 	25.942244 	72.449982 	32.015621 	69.570107 	
86.214851 	29.068884 	101.414986 	92.005432 	51.623638 	73.539108 	50.931328 	40.311287 	13.152946 	11.180340 	41.231056 	9.848858 	137.644470 	9.055386 	38.078865 	127.310646 	999.000000 	18.248287 	116.043098 	64.412735 	139.603012 	131.552277 	37.000000 	9.000000 	119.603508 	22.803509 	141.014191 	132.245987 	86.821655 	114.214706 	140.185593 	33.955853 	80.622574 	12.806249 	135.059250 	23.000000 	32.249031 	48.507732 	136.488098 	66.483078 	152.397507 	67.416618 	107.335922 	70.936592 	
102.625534 	46.818798 	117.413795 	108.452751 	67.201187 	89.022469 	66.850578 	56.302753 	22.627417 	21.260292 	57.801384 	27.892651 	152.029602 	9.219544 	55.973209 	142.341141 	18.248287 	999.000000 	131.654846 	81.939003 	154.155762 	146.577621 	55.081757 	27.166155 	135.247925 	5.000000 	155.569916 	147.322769 	103.831596 	130.207520 	154.896744 	52.172791 	97.943863 	9.433981 	150.233154 	41.109608 	50.487621 	66.708321 	151.855194 	84.433403 	166.877197 	85.381500 	124.169243 	88.865067 	
31.064449 	88.526833 	15.264338 	25.942244 	64.536812 	42.638012 	65.115280 	75.742989 	109.201645 	110.421921 	74.953316 	106.775467 	26.305893 	123.434196 	81.215759 	13.341664 	116.043098 	131.654846 	999.000000 	56.435802 	26.925823 	17.088007 	83.600243 	109.622078 	3.605551 	136.652847 	28.160255 	17.464249 	34.176014 	5.385165 	26.570660 	88.005684 	41.785164 	128.817703 	19.723083 	100.424103 	91.836815 	77.025970 	20.615528 	59.615433 	39.000000 	59.236813 	19.416489 	56.302753 	
25.495098 	35.355339 	41.182522 	30.528675 	22.135944 	22.561028 	20.615528 	28.071337 	61.400326 	61.983868 	25.317978 	54.589375 	81.541397 	72.917763 	26.627054 	69.318108 	64.412735 	81.939003 	56.435802 	999.000000 	82.764725 	73.355301 	28.425341 	56.603886 	59.682495 	86.815895 	84.095184 	73.824112 	23.345236 	53.254108 	82.734512 	32.557640 	16.401220 	77.025970 	76.157730 	45.343136 	36.069378 	20.591261 	76.850502 	7.810250 	95.257545 	8.485281 	43.863426 	9.848858 	
57.271286 	113.225441 	41.785164 	52.554733 	88.090858 	66.400299 	89.022469 	99.488693 	131.529465 	132.936081 	99.201813 	130.728729 	3.000000 	146.413803 	106.531685 	13.601471 	139.603012 	154.155762 	26.925823 	82.764725 	999.000000 	10.049875 	109.077957 	133.843185 	24.331051 	159.113174 	1.414214 	10.000000 	61.032780 	31.400637 	2.236068 	113.534134 	68.622154 	152.226807 	9.486833 	125.642349 	117.477661 	103.315056 	11.661903 	86.377083 	12.806249 	86.034874 	45.099888 	83.168503 	
47.885281 	104.637466 	32.202484 	42.953465 	79.931221 	58.051701 	80.721741 	91.285271 	123.987900 	125.319588 	90.785461 	122.494896 	10.198039 	138.621780 	97.652443 	4.242640 	131.552277 	146.577621 	17.088007 	73.355301 	10.049875 	999.000000 	100.124924 	125.495018 	14.317822 	151.558563 	11.180340 	1.000000 	51.264023 	21.377558 	9.486833 	104.560989 	58.872746 	144.256714 	4.123106 	116.828934 	108.452751 	93.941475 	7.000000 	76.694199 	21.931713 	76.321686 	35.057095 	73.389374 	
52.630791 	9.055386 	68.410522 	58.137768 	25.019993 	43.462627 	23.086792 	17.088007 	37.013512 	37.013512 	14.317822 	27.202942 	107.540688 	45.880280 	3.000000 	95.963531 	37.000000 	55.081757 	83.600243 	28.425341 	109.077957 	100.124924 	999.000000 	28.635643 	87.005745 	59.774578 	110.453613 	100.687637 	51.662365 	80.919716 	109.293182 	4.472136 	44.821869 	49.244289 	103.227905 	16.970562 	8.544003 	12.000000 	104.201729 	29.546574 	121.794907 	30.463093 	72.249565 	34.014702 	
79.309517 	21.400934 	94.762863 	85.041168 	45.803928 	67.475922 	44.821869 	34.409302 	17.029387 	15.556349 	34.713108 	4.000000 	132.003784 	18.027756 	30.016663 	121.264175 	9.000000 	27.166155 	109.622078 	56.603886 	133.843185 	125.495018 	28.635643 	999.000000 	113.145920 	31.575306 	135.247925 	126.150703 	79.404030 	107.517441 	134.316788 	25.298222 	72.945183 	20.615528 	128.887543 	14.000000 	23.345236 	39.849716 	130.176804 	58.180752 	146.649246 	59.093147 	100.000000 	62.649822 	
34.409302 	92.021736 	18.601076 	29.154760 	68.117546 	46.227695 	68.680420 	79.309517 	112.800713 	114.017540 	78.492035 	110.317726 	24.020824 	127.015747 	84.646324 	11.000000 	119.603508 	135.247925 	3.605551 	59.682495 	24.331051 	14.317822 	87.005745 	113.145920 	999.000000 	140.246216 	25.495098 	14.560220 	37.161808 	7.071068 	23.769728 	91.400215 	44.777225 	132.382019 	16.552946 	103.855667 	95.210297 	80.262070 	17.204651 	62.649822 	36.055511 	62.241467 	21.023796 	59.236813 	
107.615051 	51.623638 	122.413231 	113.441612 	72.201111 	94.021271 	71.847061 	61.294373 	27.586229 	26.248810 	62.769421 	32.572994 	156.977707 	13.928389 	60.745369 	147.322769 	22.803509 	5.000000 	136.652847 	86.815895 	159.113174 	151.558563 	59.774578 	31.575306 	140.246216 	999.000000 	160.527252 	152.305618 	108.784187 	135.207245 	159.862442 	56.753853 	102.859123 	12.165525 	155.219193 	45.398239 	54.918121 	71.309189 	156.847061 	89.196411 	171.828400 	90.138779 	129.139465 	93.637596 	
58.600342 	114.621117 	43.081318 	53.851646 	89.498604 	67.801178 	90.426765 	100.895988 	132.943604 	134.350296 	100.603180 	132.136292 	4.123106 	147.827606 	107.912003 	14.866069 	141.014191 	155.569916 	28.160255 	84.095184 	1.414214 	11.180340 	110.453613 	135.247925 	25.495098 	160.527252 	999.000000 	11.045361 	62.297672 	32.557640 	2.236068 	114.908661 	69.892776 	153.639191 	10.198039 	127.027557 	118.848640 	104.651802 	12.083046 	87.664131 	11.401754 	87.315521 	46.173584 	84.433403 	
48.373547 	105.261581 	32.649654 	43.382023 	80.622574 	58.728188 	81.394104 	91.967384 	124.739731 	126.063477 	91.438507 	123.166557 	10.440307 	139.344894 	98.229324 	5.000000 	132.245987 	147.322769 	17.464249 	73.824112 	10.000000 	1.000000 	100.687637 	126.150703 	14.560220 	152.305618 	11.045361 	999.000000 	51.623638 	21.587032 	9.219544 	105.118980 	59.236813 	144.958618 	3.162278 	117.413795 	109.000000 	94.413979 	6.000000 	77.077881 	21.540659 	76.694199 	35.128338 	73.736015 	
7.810250 	58.008621 	19.416489 	9.000000 	38.327538 	21.587032 	37.947330 	47.927029 	82.346825 	83.192551 	46.065170 	77.103828 	60.166435 	95.015785 	49.678970 	47.434166 	86.821655 	103.831596 	34.176014 	23.345236 	61.032780 	51.264023 	51.662365 	79.404030 	37.161808 	108.784187 	62.297672 	51.623638 	999.000000 	30.413813 	60.745369 	55.865910 	7.615773 	99.569069 	53.712196 	68.622154 	59.413803 	43.600460 	54.120235 	25.495098 	73.164200 	25.079872 	20.615528 	22.135944 	
28.319605 	86.267029 	12.806249 	22.803509 	63.007935 	41.340054 	63.411354 	74.027023 	107.898102 	109.041275 	73.000000 	104.804581 	31.064449 	121.823647 	78.644768 	18.027756 	114.214706 	130.207520 	5.385165 	53.254108 	31.400637 	21.377558 	80.919716 	107.517441 	7.071068 	135.207245 	32.557640 	21.587032 	30.413813 	999.000000 	30.805843 	85.276024 	38.013157 	127.015747 	23.409399 	97.836601 	89.022469 	73.783470 	23.706539 	55.901699 	43.011627 	55.461697 	14.142136 	52.392746 	
57.245087 	113.600174 	41.629318 	52.392746 	88.617157 	66.843102 	89.498604 	100.004997 	132.276230 	133.660019 	99.639351 	131.244049 	5.099020 	147.085007 	106.780151 	13.416408 	140.185593 	154.896744 	26.570660 	82.734512 	2.236068 	9.486833 	109.293182 	134.316788 	23.769728 	159.862442 	2.236068 	9.219544 	60.745369 	30.805843 	999.000000 	113.740936 	68.352028 	152.839783 	8.062258 	125.924583 	117.660530 	103.310211 	9.848858 	86.162636 	12.529964 	85.796272 	44.283180 	82.873398 	
57.008770 	8.602325 	72.801102 	62.481998 	29.154760 	47.927029 	27.294687 	20.396078 	35.355339 	35.128338 	18.027756 	24.331051 	112.004463 	42.953465 	7.280110 	100.404182 	33.955853 	52.172791 	88.005684 	32.557640 	113.534134 	104.560989 	4.472136 	25.298222 	91.400215 	56.753853 	114.908661 	105.118980 	55.865910 	85.276024 	113.740936 	999.000000 	48.918301 	45.880280 	107.647575 	12.806249 	4.123106 	14.560220 	108.600182 	33.120991 	126.245789 	34.000000 	76.419891 	37.589893 	
13.152946 	51.623638 	26.925823 	16.278820 	34.132095 	21.633308 	33.376640 	42.720020 	76.896034 	77.620872 	40.496914 	70.830788 	67.720009 	89.005615 	43.011627 	55.027267 	80.622574 	97.943863 	41.785164 	16.401220 	68.622154 	58.872746 	44.821869 	72.945183 	44.777225 	102.859123 	69.892776 	59.236813 	7.615773 	38.013157 	68.352028 	48.918301 	999.000000 	93.295227 	61.326992 	61.717098 	52.345009 	36.235340 	61.717098 	17.888544 	80.777473 	17.464249 	27.586229 	14.560220 	
99.020203 	41.677334 	114.214706 	104.809349 	64.350601 	86.278618 	63.702435 	53.075417 	22.472204 	20.615528 	54.037025 	22.472204 	150.233154 	7.071068 	50.537113 	140.014282 	12.806249 	9.433981 	128.817703 	77.025970 	152.226807 	144.256714 	49.244289 	20.615528 	132.382019 	12.165525 	153.639191 	144.958618 	99.569069 	127.015747 	152.839783 	45.880280 	93.295227 	999.000000 	147.787003 	33.955853 	43.680660 	60.406952 	149.241409 	78.790863 	165.012115 	79.705711 	120.104118 	83.258636 	
50.774010 	107.935165 	34.985710 	45.650848 	83.438599 	61.522354 	84.172440 	94.762863 	127.663620 	128.972870 	94.175369 	125.936493 	10.816654 	142.214630 	100.801788 	8.062258 	135.059250 	150.233154 	19.723083 	76.157730 	9.486833 	4.123106 	103.227905 	128.887543 	16.552946 	155.219193 	10.198039 	3.162278 	53.712196 	23.409399 	8.062258 	107.647575 	61.326992 	147.787003 	999.000000 	120.000000 	111.503365 	96.747093 	3.162278 	79.202271 	19.646883 	78.790863 	36.496574 	75.769386 	
69.526970 	13.341664 	85.276024 	75.073296 	39.217342 	59.539902 	37.696156 	28.635643 	28.178005 	27.313000 	27.513634 	14.560220 	124.020157 	32.015621 	19.209373 	112.645462 	23.000000 	41.109608 	100.424103 	45.343136 	125.642349 	116.828934 	16.970562 	14.000000 	103.855667 	45.398239 	127.027557 	117.413795 	68.622154 	97.836601 	125.924583 	12.806249 	61.717098 	33.955853 	120.000000 	999.000000 	9.848858 	26.832815 	121.037186 	45.793011 	138.397980 	46.647614 	89.196411 	50.249378 	
60.802959 	10.816654 	76.609398 	66.219330 	33.241539 	52.000000 	31.400637 	24.186773 	35.171009 	34.713108 	22.000000 	23.000000 	115.974136 	41.303753 	11.401754 	104.307236 	32.249031 	50.487621 	91.836815 	36.069378 	117.477661 	108.452751 	8.544003 	23.345236 	95.210297 	54.918121 	118.848640 	109.000000 	59.413803 	89.022469 	117.660530 	4.123106 	52.345009 	43.680660 	111.503365 	9.848858 	999.000000 	17.000000 	112.414413 	36.055511 	130.172958 	36.891735 	79.906197 	40.496914 	
46.065170 	21.023796 	61.773781 	51.107731 	27.313000 	40.311287 	25.079872 	24.083189 	49.010204 	49.010204 	20.518284 	38.832977 	102.044106 	57.489128 	12.369317 	89.894379 	48.507732 	66.708321 	77.025970 	20.591261 	103.315056 	93.941475 	12.000000 	39.849716 	80.262070 	71.309189 	104.651802 	94.413979 	43.600460 	73.783470 	103.310211 	14.560220 	36.235340 	60.406952 	96.747093 	26.832815 	17.000000 	999.000000 	97.416634 	19.209373 	115.836090 	20.000000 	63.780876 	23.600847 	
51.613953 	109.123779 	35.805027 	46.324940 	84.899940 	62.968246 	85.562843 	96.176918 	129.321304 	130.598618 	95.482986 	127.287079 	13.453624 	143.753265 	101.828285 	10.440307 	136.488098 	151.855194 	20.615528 	76.850502 	11.661903 	7.000000 	104.201729 	130.176804 	17.204651 	156.847061 	12.083046 	6.000000 	54.120235 	23.706539 	9.848858 	108.600182 	61.717098 	149.241409 	3.162278 	121.037186 	112.414413 	97.416634 	999.000000 	79.605278 	20.099751 	79.158073 	36.138622 	76.059189 	
29.614185 	37.643059 	44.598206 	33.837849 	29.068884 	29.732138 	27.313000 	33.241539 	64.938431 	65.306969 	30.066593 	56.648037 	85.381500 	75.272835 	28.460499 	72.801102 	66.483078 	84.433403 	59.615433 	7.810250 	86.377083 	76.694199 	29.546574 	58.180752 	62.649822 	89.196411 	87.664131 	77.077881 	25.495098 	55.901699 	86.162636 	33.120991 	17.888544 	78.790863 	79.202271 	45.793011 	36.055511 	19.209373 	79.605278 	999.000000 	98.615417 	1.000000 	45.000000 	4.472136 	
69.771057 	126.015869 	54.129475 	64.884514 	100.895988 	79.202271 	101.828285 	112.294258 	144.249786 	145.670868 	112.004463 	143.533966 	14.866069 	159.176010 	119.268608 	25.942244 	152.397507 	166.877197 	39.000000 	95.257545 	12.806249 	21.931713 	121.794907 	146.649246 	36.055511 	171.828400 	11.401754 	21.540659 	73.164200 	43.011627 	12.529964 	126.245789 	80.777473 	165.012115 	19.646883 	138.397980 	130.172958 	115.836090 	20.099751 	98.615417 	999.000000 	98.234413 	56.089214 	95.273293 	
29.427877 	38.600517 	44.271889 	33.526108 	29.966648 	30.083218 	28.231188 	34.234486 	65.924202 	66.287254 	31.064449 	57.584721 	85.070557 	76.216797 	29.410883 	72.449982 	67.416618 	85.381500 	59.236813 	8.485281 	86.034874 	76.321686 	30.463093 	59.093147 	62.241467 	90.138779 	87.315521 	76.694199 	25.079872 	55.461697 	85.796272 	34.000000 	17.464249 	79.705711 	78.790863 	46.647614 	36.891735 	20.000000 	79.158073 	1.000000 	98.234413 	999.000000 	44.407207 	3.605551 	
22.135944 	78.600258 	13.416408 	16.492422 	57.775429 	37.854988 	57.697487 	68.000000 	102.420700 	103.353760 	66.370171 	97.652443 	45.000000 	115.433968 	70.292244 	32.015621 	107.335922 	124.169243 	19.416489 	43.863426 	45.099888 	35.057095 	72.249565 	100.000000 	21.023796 	129.139465 	46.173584 	35.128338 	20.615528 	14.142136 	44.283180 	76.419891 	27.586229 	120.104118 	36.496574 	89.196411 	79.906197 	63.780876 	36.138622 	45.000000 	56.089214 	44.407207 	999.000000 	41.048752 	
27.073973 	42.059483 	41.484936 	30.805843 	31.953091 	29.529646 	30.364452 	37.054016 	69.231499 	69.634758 	34.000000 	61.098282 	82.280006 	79.711983 	32.893768 	69.570107 	70.936592 	88.865067 	56.302753 	9.848858 	83.168503 	73.389374 	34.014702 	62.649822 	59.236813 	93.637596 	84.433403 	73.736015 	22.135944 	52.392746 	82.873398 	37.589893 	14.560220 	83.258636 	75.769386 	50.249378 	40.496914 	23.600847 	76.059189 	4.472136 	95.273293 	3.605551 	41.048752 	999.000000 	

Travel time:
9.000000 	1.450000 	0.395285 	0.145774 	0.894427 	0.400780 	0.896172 	1.158123 	2.015564 	2.040833 	1.125000 	1.917355 	1.402007 	2.351197 	1.258223 	1.095730 	2.155371 	2.565638 	0.776611 	0.637377 	1.431782 	1.197132 	1.315770 	1.982738 	0.860233 	2.690376 	1.465008 	1.209339 	0.195256 	0.707990 	1.431127 	1.425219 	0.328824 	2.475505 	1.269350 	1.738174 	1.520074 	1.151629 	1.290349 	0.740355 	1.744276 	0.735697 	0.553399 	0.676849 	
1.450000 	9.000000 	1.838818 	1.592561 	0.650000 	1.171804 	0.614919 	0.382426 	0.700000 	0.701783 	0.357946 	0.480885 	2.787584 	0.942404 	0.230489 	2.510602 	0.726722 	1.170470 	2.213171 	0.883883 	2.830636 	2.615937 	0.226385 	0.535023 	2.300543 	1.290591 	2.865528 	2.631540 	1.450216 	2.156676 	2.840004 	0.215058 	1.290591 	1.041933 	2.698379 	0.333542 	0.270416 	0.525595 	2.728095 	0.941076 	3.150397 	0.965013 	1.965006 	1.051487 	
0.395285 	1.838818 	9.000000 	0.269258 	1.255488 	0.716327 	1.265158 	1.530523 	2.378287 	2.406502 	1.505199 	2.300543 	1.020110 	2.725459 	1.651704 	0.705780 	2.535375 	2.935345 	0.381608 	1.029563 	1.044629 	0.805062 	1.710263 	2.369071 	0.465027 	3.060331 	1.077033 	0.816241 	0.485412 	0.320156 	1.040733 	1.820028 	0.673146 	2.855368 	0.874643 	2.131901 	1.915235 	1.544345 	0.895126 	1.114955 	1.353237 	1.106797 	0.335410 	1.037123 	
0.145774 	1.592561 	0.269258 	9.000000 	1.039832 	0.534439 	1.041933 	1.303840 	2.161308 	2.186607 	1.270089 	2.061553 	1.288652 	2.496623 	1.397542 	0.975000 	2.300136 	2.711319 	0.648556 	0.763217 	1.313868 	1.073837 	1.453444 	2.126029 	0.728869 	2.836040 	1.346291 	1.084551 	0.225000 	0.570088 	1.309819 	1.562050 	0.406971 	2.620234 	1.141271 	1.876832 	1.655483 	1.277693 	1.158123 	0.845946 	1.622113 	0.838153 	0.412311 	0.770146 	
0.894427 	0.650000 	1.255488 	1.039832 	9.000000 	0.548293 	0.055902 	0.285044 	1.123610 	1.151086 	0.292617 	1.065950 	2.155371 	1.472455 	0.550568 	1.892254 	1.290591 	1.680030 	1.613420 	0.553399 	2.202271 	1.998281 	0.625500 	1.145098 	1.702939 	1.805028 	2.237465 	2.015564 	0.958188 	1.575198 	2.215429 	0.728869 	0.853302 	1.608765 	2.085965 	0.980434 	0.831038 	0.682825 	2.122499 	0.726722 	2.522400 	0.749166 	1.444386 	0.798827 	
0.400780 	1.171804 	0.716327 	0.534439 	0.548293 	9.000000 	0.566789 	0.831038 	1.665270 	1.695029 	0.820061 	1.611094 	1.615936 	2.020211 	1.017964 	1.345362 	1.838478 	2.225562 	1.065950 	0.564026 	1.660007 	1.451293 	1.086566 	1.686898 	1.155692 	2.350532 	1.695029 	1.468205 	0.539676 	1.033501 	1.671077 	1.198176 	0.540833 	2.156965 	1.538059 	1.488497 	1.300000 	1.007782 	1.574206 	0.743303 	1.980057 	0.752080 	0.946375 	0.738241 	
0.896172 	0.614919 	1.265158 	1.041933 	0.055902 	0.566789 	9.000000 	0.265754 	1.119431 	1.144825 	0.257391 	1.044330 	2.180023 	1.460308 	0.502494 	1.912132 	1.273283 	1.671264 	1.627882 	0.515388 	2.225562 	2.018044 	0.577170 	1.120547 	1.717010 	1.796177 	2.260669 	2.034853 	0.948683 	1.585284 	2.237465 	0.682367 	0.834416 	1.592561 	2.104311 	0.942404 	0.785016 	0.626997 	2.139071 	0.682825 	2.545707 	0.705780 	1.442437 	0.759111 	
1.158123 	0.382426 	1.530523 	1.303840 	0.285044 	0.831038 	0.265754 	9.000000 	0.860959 	0.883883 	0.090139 	0.781025 	2.440415 	1.195042 	0.357946 	2.176149 	1.007782 	1.407569 	1.893575 	0.701783 	2.487217 	2.282132 	0.427200 	0.860233 	1.982738 	1.532359 	2.522400 	2.299185 	1.198176 	1.850676 	2.500125 	0.509902 	1.068001 	1.326885 	2.369071 	0.715891 	0.604669 	0.602080 	2.404423 	0.831038 	2.807356 	0.855862 	1.700000 	0.926350 	
2.015564 	0.700000 	2.378287 	2.161308 	1.123610 	1.665270 	1.119431 	0.860959 	9.000000 	0.050000 	0.910014 	0.355317 	3.235062 	0.391312 	0.926350 	2.993848 	0.328824 	0.565685 	2.730041 	1.535008 	3.288237 	3.099698 	0.925338 	0.425735 	2.820018 	0.689656 	3.323590 	3.118493 	2.058671 	2.697453 	3.306906 	0.883883 	1.922401 	0.561805 	3.191591 	0.704450 	0.879275 	1.225255 	3.233033 	1.623461 	3.606245 	1.648105 	2.560518 	1.730788 	
2.040833 	0.701783 	2.406502 	2.186607 	1.151086 	1.695029 	1.144825 	0.883883 	0.050000 	9.000000 	0.929045 	0.325960 	3.270799 	0.347311 	0.930390 	3.027066 	0.279509 	0.531507 	2.760548 	1.549597 	3.323402 	3.132990 	0.925338 	0.388909 	2.850439 	0.656220 	3.358757 	3.151587 	2.079814 	2.726032 	3.341501 	0.878208 	1.940522 	0.515388 	3.224322 	0.682825 	0.867828 	1.225255 	3.264966 	1.632674 	3.641772 	1.657181 	2.583844 	1.740869 	
1.125000 	0.357946 	1.505199 	1.270089 	0.292617 	0.820061 	0.257391 	0.090139 	0.910014 	0.929045 	9.000000 	0.795692 	2.435416 	1.227294 	0.285044 	2.163908 	1.030776 	1.445035 	1.873833 	0.632949 	2.480045 	2.269637 	0.357946 	0.867828 	1.962301 	1.569236 	2.515079 	2.285963 	1.151629 	1.825000 	2.490984 	0.450694 	1.012423 	1.350926 	2.354384 	0.687841 	0.550000 	0.512957 	2.387075 	0.751665 	2.800112 	0.776611 	1.659254 	0.850000 	
1.917355 	0.480885 	2.300543 	2.061553 	1.065950 	1.611094 	1.044330 	0.781025 	0.355317 	0.325960 	0.795692 	9.000000 	3.221122 	0.467039 	0.705780 	2.956455 	0.246221 	0.697316 	2.669387 	1.364734 	3.268218 	3.062372 	0.680074 	0.100000 	2.757943 	0.814325 	3.303407 	3.079164 	1.927596 	2.620115 	3.281101 	0.608276 	1.770770 	0.561805 	3.148412 	0.364006 	0.575000 	0.970824 	3.182177 	1.416201 	3.588349 	1.439618 	2.441311 	1.527457 	
1.402007 	2.787584 	1.020110 	1.288652 	2.155371 	1.615936 	2.180023 	2.440415 	3.235062 	3.270799 	2.435416 	3.221122 	9.000000 	3.609016 	2.623928 	0.325960 	3.441112 	3.800740 	0.657647 	2.038535 	0.075000 	0.254951 	2.688517 	3.300095 	0.600521 	3.924443 	0.103078 	0.261008 	1.504161 	0.776611 	0.127475 	2.800112 	1.693000 	3.755829 	0.270416 	3.100504 	2.899354 	2.551103 	0.336341 	2.134537 	0.371652 	2.126764 	1.125000 	2.057000 	
2.351197 	0.942404 	2.725459 	2.496623 	1.472455 	2.020211 	1.460308 	1.195042 	0.391312 	0.347311 	1.227294 	0.467039 	3.609016 	9.000000 	1.170470 	3.359501 	0.226385 	0.230489 	3.085855 	1.822944 	3.660345 	3.465544 	1.147007 	0.450694 	3.175394 	0.348210 	3.695690 	3.483622 	2.375395 	3.045591 	3.677125 	1.073837 	2.225140 	0.176777 	3.555366 	0.800391 	1.032594 	1.437228 	3.593832 	1.881821 	3.979400 	1.905420 	2.885849 	1.992800 	
1.258223 	0.230489 	1.651704 	1.397542 	0.550568 	1.017964 	0.502494 	0.357946 	0.926350 	0.930390 	0.285044 	0.705780 	2.623928 	1.170470 	9.000000 	2.336932 	0.951972 	1.399330 	2.030394 	0.665676 	2.663292 	2.441311 	0.075000 	0.750417 	2.116158 	1.518634 	2.697800 	2.455733 	1.241974 	1.966119 	2.669504 	0.182003 	1.075291 	1.263428 	2.520045 	0.480234 	0.285044 	0.309233 	2.545707 	0.711512 	2.981715 	0.735272 	1.757306 	0.822344 	
1.095730 	2.510602 	0.705780 	0.975000 	1.892254 	1.345362 	1.912132 	2.176149 	2.993848 	3.027066 	2.163908 	2.956455 	0.325960 	3.359501 	2.336932 	9.000000 	3.182766 	3.558528 	0.333542 	1.732953 	0.340037 	0.106066 	2.399088 	3.031604 	0.275000 	3.683069 	0.371652 	0.125000 	1.185854 	0.450694 	0.335410 	2.510105 	1.375682 	3.500357 	0.201556 	2.816137 	2.607681 	2.247360 	0.261008 	1.820028 	0.648556 	1.811249 	0.800391 	1.739253 	
2.155371 	0.726722 	2.535375 	2.300136 	1.290591 	1.838478 	1.273283 	1.007782 	0.328824 	0.279509 	1.030776 	0.246221 	3.441112 	0.226385 	0.951972 	3.182766 	9.000000 	0.456207 	2.901078 	1.610318 	3.490075 	3.288807 	0.925000 	0.225000 	2.990088 	0.570088 	3.525355 	3.306150 	2.170541 	2.855368 	3.504640 	0.848896 	2.015564 	0.320156 	3.376481 	0.575000 	0.806226 	1.212693 	3.412202 	1.662077 	3.809938 	1.685416 	2.683398 	1.773415 	
2.565638 	1.170470 	2.935345 	2.711319 	1.680030 	2.225562 	1.671264 	1.407569 	0.565685 	0.531507 	1.445035 	0.697316 	3.800740 	0.230489 	1.399330 	3.558528 	0.456207 	9.000000 	3.291371 	2.048475 	3.853894 	3.664441 	1.377044 	0.679154 	3.381198 	0.125000 	3.889248 	3.683069 	2.595790 	3.255188 	3.872419 	1.304320 	2.448596 	0.235850 	3.755829 	1.027740 	1.262191 	1.667708 	3.796380 	2.110835 	4.171930 	2.134537 	3.104231 	2.221627 	
0.776611 	2.213171 	0.381608 	0.648556 	1.613420 	1.065950 	1.627882 	1.893575 	2.730041 	2.760548 	1.873833 	2.669387 	0.657647 	3.085855 	2.030394 	0.333542 	2.901078 	3.291371 	9.000000 	1.410895 	0.673146 	0.427200 	2.090006 	2.740552 	0.090139 	3.416321 	0.704006 	0.436606 	0.854400 	0.134629 	0.664266 	2.200142 	1.044629 	3.220443 	0.493077 	2.510602 	2.295920 	1.925649 	0.515388 	1.490386 	0.975000 	1.480920 	0.485412 	1.407569 	
0.637377 	0.883883 	1.029563 	0.763217 	0.553399 	0.564026 	0.515388 	0.701783 	1.535008 	1.549597 	0.632949 	1.364734 	2.038535 	1.822944 	0.665676 	1.732953 	1.610318 	2.048475 	1.410895 	9.000000 	2.069118 	1.833883 	0.710634 	1.415097 	1.492062 	2.170397 	2.102380 	1.845603 	0.583631 	1.331353 	2.068363 	0.813941 	0.410031 	1.925649 	1.903943 	1.133578 	0.901734 	0.514782 	1.921263 	0.195256 	2.381439 	0.212132 	1.096586 	0.246221 	
1.431782 	2.830636 	1.044629 	1.313868 	2.202271 	1.660007 	2.225562 	2.487217 	3.288237 	3.323402 	2.480045 	3.268218 	0.075000 	3.660345 	2.663292 	0.340037 	3.490075 	3.853894 	0.673146 	2.069118 	9.000000 	0.251247 	2.726949 	3.346080 	0.608276 	3.977829 	0.035355 	0.250000 	1.525820 	0.785016 	0.055902 	2.838353 	1.715554 	3.805670 	0.237171 	3.141059 	2.936942 	2.582876 	0.291548 	2.159427 	0.320156 	2.150872 	1.127497 	2.079213 	
1.197132 	2.615937 	0.805062 	1.073837 	1.998281 	1.451293 	2.018044 	2.282132 	3.099698 	3.132990 	2.269637 	3.062372 	0.254951 	3.465544 	2.441311 	0.106066 	3.288807 	3.664441 	0.427200 	1.833883 	0.251247 	9.000000 	2.503123 	3.137375 	0.357946 	3.788964 	0.279509 	0.025000 	1.281601 	0.534439 	0.237171 	2.614025 	1.471819 	3.606418 	0.103078 	2.920723 	2.711319 	2.348537 	0.175000 	1.917355 	0.548293 	1.908042 	0.876427 	1.834734 	
1.315770 	0.226385 	1.710263 	1.453444 	0.625500 	1.086566 	0.577170 	0.427200 	0.925338 	0.925338 	0.357946 	0.680074 	2.688517 	1.147007 	0.075000 	2.399088 	0.925000 	1.377044 	2.090006 	0.710634 	2.726949 	2.503123 	9.000000 	0.715891 	2.175144 	1.494365 	2.761340 	2.517191 	1.291559 	2.022993 	2.732330 	0.111803 	1.120547 	1.231107 	2.580698 	0.424264 	0.213600 	0.300000 	2.605043 	0.738664 	3.044873 	0.761577 	1.806239 	0.850368 	
1.982738 	0.535023 	2.369071 	2.126029 	1.145098 	1.686898 	1.120547 	0.860233 	0.425735 	0.388909 	0.867828 	0.100000 	3.300095 	0.450694 	0.750417 	3.031604 	0.225000 	0.679154 	2.740552 	1.415097 	3.346080 	3.137375 	0.715891 	9.000000 	2.828648 	0.789383 	3.381198 	3.153768 	1.985101 	2.687936 	3.357920 	0.632456 	1.823630 	0.515388 	3.222188 	0.350000 	0.583631 	0.996243 	3.254420 	1.454519 	3.666231 	1.477329 	2.500000 	1.566246 	
0.860233 	2.300543 	0.465027 	0.728869 	1.702939 	1.155692 	1.717010 	1.982738 	2.820018 	2.850439 	1.962301 	2.757943 	0.600521 	3.175394 	2.116158 	0.275000 	2.990088 	3.381198 	0.090139 	1.492062 	0.608276 	0.357946 	2.175144 	2.828648 	9.000000 	3.506155 	0.637377 	0.364006 	0.929045 	0.176777 	0.594243 	2.285005 	1.119431 	3.309551 	0.413824 	2.596392 	2.380257 	2.006552 	0.430116 	1.566246 	0.901388 	1.556037 	0.525595 	1.480920 	
2.690376 	1.290591 	3.060331 	2.836040 	1.805028 	2.350532 	1.796177 	1.532359 	0.689656 	0.656220 	1.569236 	0.814325 	3.924443 	0.348210 	1.518634 	3.683069 	0.570088 	0.125000 	3.416321 	2.170397 	3.977829 	3.788964 	1.494365 	0.789383 	3.506155 	9.000000 	4.013181 	3.807641 	2.719605 	3.380181 	3.996561 	1.418846 	2.571478 	0.304138 	3.880480 	1.134956 	1.372953 	1.782730 	3.921176 	2.229910 	4.295710 	2.253469 	3.228487 	2.340940 	
1.465008 	2.865528 	1.077033 	1.346291 	2.237465 	1.695029 	2.260669 	2.522400 	3.323590 	3.358757 	2.515079 	3.303407 	0.103078 	3.695690 	2.697800 	0.371652 	3.525355 	3.889248 	0.704006 	2.102380 	0.035355 	0.279509 	2.761340 	3.381198 	0.637377 	4.013181 	9.000000 	0.276134 	1.557442 	0.813941 	0.055902 	2.872716 	1.747319 	3.840980 	0.254951 	3.175689 	2.971216 	2.616295 	0.302076 	2.191603 	0.285044 	2.182888 	1.154340 	2.110835 	
1.209339 	2.631540 	0.816241 	1.084551 	2.015564 	1.468205 	2.034853 	2.299185 	3.118493 	3.151587 	2.285963 	3.079164 	0.261008 	3.483622 	2.455733 	0.125000 	3.306150 	3.683069 	0.436606 	1.845603 	0.250000 	0.025000 	2.517191 	3.153768 	0.364006 	3.807641 	0.276134 	9.000000 	1.290591 	0.539676 	0.230489 	2.627975 	1.480920 	3.623966 	0.079057 	2.935345 	2.725000 	2.360349 	0.150000 	1.926947 	0.538516 	1.917355 	0.878208 	1.843400 	
0.195256 	1.450216 	0.485412 	0.225000 	0.958188 	0.539676 	0.948683 	1.198176 	2.058671 	2.079814 	1.151629 	1.927596 	1.504161 	2.375395 	1.241974 	1.185854 	2.170541 	2.595790 	0.854400 	0.583631 	1.525820 	1.281601 	1.291559 	1.985101 	0.929045 	2.719605 	1.557442 	1.290591 	9.000000 	0.760345 	1.518634 	1.396648 	0.190394 	2.489227 	1.342805 	1.715554 	1.485345 	1.090011 	1.353006 	0.637377 	1.829105 	0.626997 	0.515388 	0.553399 	
0.707990 	2.156676 	0.320156 	0.570088 	1.575198 	1.033501 	1.585284 	1.850676 	2.697453 	2.726032 	1.825000 	2.620115 	0.776611 	3.045591 	1.966119 	0.450694 	2.855368 	3.255188 	0.134629 	1.331353 	0.785016 	0.534439 	2.022993 	2.687936 	0.176777 	3.380181 	0.813941 	0.539676 	0.760345 	9.000000 	0.770146 	2.131901 	0.950329 	3.175394 	0.585235 	2.445915 	2.225562 	1.844587 	0.592663 	1.397542 	1.075291 	1.386542 	0.353553 	1.309819 	
1.431127 	2.840004 	1.040733 	1.309819 	2.215429 	1.671077 	2.237465 	2.500125 	3.306906 	3.341501 	2.490984 	3.281101 	0.127475 	3.677125 	2.669504 	0.335410 	3.504640 	3.872419 	0.664266 	2.068363 	0.055902 	0.237171 	2.732330 	3.357920 	0.594243 	3.996561 	0.055902 	0.230489 	1.518634 	0.770146 	9.000000 	2.843524 	1.708801 	3.820995 	0.201556 	3.148115 	2.941513 	2.582755 	0.246221 	2.154066 	0.313249 	2.144907 	1.107080 	2.071835 	
1.425219 	0.215058 	1.820028 	1.562050 	0.728869 	1.198176 	0.682367 	0.509902 	0.883883 	0.878208 	0.450694 	0.608276 	2.800112 	1.073837 	0.182003 	2.510105 	0.848896 	1.304320 	2.200142 	0.813941 	2.838353 	2.614025 	0.111803 	0.632456 	2.285005 	1.418846 	2.872716 	2.627975 	1.396648 	2.131901 	2.843524 	9.000000 	1.222957 	1.147007 	2.691189 	0.320156 	0.103078 	0.364006 	2.715004 	0.828025 	3.156145 	0.850000 	1.910497 	0.939747 	
0.328824 	1.290591 	0.673146 	0.406971 	0.853302 	0.540833 	0.834416 	1.068001 	1.922401 	1.940522 	1.012423 	1.770770 	1.693000 	2.225140 	1.075291 	1.375682 	2.015564 	2.448596 	1.044629 	0.410031 	1.715554 	1.471819 	1.120547 	1.823630 	1.119431 	2.571478 	1.747319 	1.480920 	0.190394 	0.950329 	1.708801 	1.222957 	9.000000 	2.332381 	1.533175 	1.542928 	1.308625 	0.905883 	1.542928 	0.447214 	2.019437 	0.436606 	0.689656 	0.364006 	
2.475505 	1.041933 	2.855368 	2.620234 	1.608765 	2.156965 	1.592561 	1.326885 	0.561805 	0.515388 	1.350926 	0.561805 	3.755829 	0.176777 	1.263428 	3.500357 	0.320156 	0.235850 	3.220443 	1.925649 	3.805670 	3.606418 	1.231107 	0.515388 	3.309551 	0.304138 	3.840980 	3.623966 	2.489227 	3.175394 	3.820995 	1.147007 	2.332381 	9.000000 	3.694675 	0.848896 	1.092016 	1.510174 	3.731035 	1.969772 	4.125303 	1.992643 	3.002603 	2.081466 	
1.269350 	2.698379 	0.874643 	1.141271 	2.085965 	1.538059 	2.104311 	2.369071 	3.191591 	3.224322 	2.354384 	3.148412 	0.270416 	3.555366 	2.520045 	0.201556 	3.376481 	3.755829 	0.493077 	1.903943 	0.237171 	0.103078 	2.580698 	3.222188 	0.413824 	3.880480 	0.254951 	0.079057 	1.342805 	0.585235 	0.201556 	2.691189 	1.533175 	3.694675 	9.000000 	3.000000 	2.787584 	2.418677 	0.079057 	1.980057 	0.491172 	1.969772 	0.912414 	1.894235 	
1.738174 	0.333542 	2.131901 	1.876832 	0.980434 	1.488497 	0.942404 	0.715891 	0.704450 	0.682825 	0.687841 	0.364006 	3.100504 	0.800391 	0.480234 	2.816137 	0.575000 	1.027740 	2.510602 	1.133578 	3.141059 	2.920723 	0.424264 	0.350000 	2.596392 	1.134956 	3.175689 	2.935345 	1.715554 	2.445915 	3.148115 	0.320156 	1.542928 	0.848896 	3.000000 	9.000000 	0.246221 	0.670820 	3.025930 	1.144825 	3.459949 	1.166190 	2.229910 	1.256234 	
1.520074 	0.270416 	1.915235 	1.655483 	0.831038 	1.300000 	0.785016 	0.604669 	0.879275 	0.867828 	0.550000 	0.575000 	2.899354 	1.032594 	0.285044 	2.607681 	0.806226 	1.262191 	2.295920 	0.901734 	2.936942 	2.711319 	0.213600 	0.583631 	2.380257 	1.372953 	2.971216 	2.725000 	1.485345 	2.225562 	2.941513 	0.103078 	1.308625 	1.092016 	2.787584 	0.246221 	9.000000 	0.425000 	2.810360 	0.901388 	3.254324 	0.922293 	1.997655 	1.012423 	
1.151629 	0.525595 	1.544345 	1.277693 	0.682825 	1.007782 	0.626997 	0.602080 	1.225255 	1.225255 	0.512957 	0.970824 	2.551103 	1.437228 	0.309233 	2.247360 	1.212693 	1.667708 	1.925649 	0.514782 	2.582876 	2.348537 	0.300000 	0.996243 	2.006552 	1.782730 	2.616295 	2.360349 	1.090011 	1.844587 	2.582755 	0.364006 	0.905883 	1.510174 	2.418677 	0.670820 	0.425000 	9.000000 	2.435416 	0.480234 	2.895902 	0.500000 	1.594522 	0.590021 	
1.290349 	2.728095 	0.895126 	1.158123 	2.122499 	1.574206 	2.139071 	2.404423 	3.233033 	3.264966 	2.387075 	3.182177 	0.336341 	3.593832 	2.545707 	0.261008 	3.412202 	3.796380 	0.515388 	1.921263 	0.291548 	0.175000 	2.605043 	3.254420 	0.430116 	3.921176 	0.302076 	0.150000 	1.353006 	0.592663 	0.246221 	2.715004 	1.542928 	3.731035 	0.079057 	3.025930 	2.810360 	2.435416 	9.000000 	1.990132 	0.502494 	1.978952 	0.903466 	1.901480 	
0.740355 	0.941076 	1.114955 	0.845946 	0.726722 	0.743303 	0.682825 	0.831038 	1.623461 	1.632674 	0.751665 	1.416201 	2.134537 	1.881821 	0.711512 	1.820028 	1.662077 	2.110835 	1.490386 	0.195256 	2.159427 	1.917355 	0.738664 	1.454519 	1.566246 	2.229910 	2.191603 	1.926947 	0.637377 	1.397542 	2.154066 	0.828025 	0.447214 	1.969772 	1.980057 	1.144825 	0.901388 	0.480234 	1.990132 	9.000000 	2.465385 	0.025000 	1.125000 	0.111803 	
1.744276 	3.150397 	1.353237 	1.622113 	2.522400 	1.980057 	2.545707 	2.807356 	3.606245 	3.641772 	2.800112 	3.588349 	0.371652 	3.979400 	2.981715 	0.648556 	3.809938 	4.171930 	0.975000 	2.381439 	0.320156 	0.548293 	3.044873 	3.666231 	0.901388 	4.295710 	0.285044 	0.538516 	1.829105 	1.075291 	0.313249 	3.156145 	2.019437 	4.125303 	0.491172 	3.459949 	3.254324 	2.895902 	0.502494 	2.465385 	9.000000 	2.455860 	1.402230 	2.381832 	
