Total assets = 600
Number of asset nodes = 33

Distance:
999.000000 	8.944272 	26.400757 	7.071068 	26.925823 	8.062258 	8.544003 	10.000000 	57.982758 	39.824615 	41.109608 	12.369317 	33.105892 	12.206555 	43.278172 	52.430908 	63.655323 	70.035706 	51.400391 	49.203659 	13.038404 	42.544094 	13.892444 	48.270073 	39.623226 	18.027756 	44.777225 	48.918301 	41.146080 	39.395432 	33.837849 	73.539108 	93.005379 	92.200867 	48.373547 	61.611687 	41.785164 	25.179358 	34.525352 	53.712196 	55.569775 	89.274857 	50.990196 	39.051247 	47.539455 	
8.944272 	999.000000 	17.691807 	5.099020 	18.027756 	13.892444 	7.000000 	16.124516 	49.578220 	48.600410 	49.819675 	16.763054 	24.166092 	11.180340 	52.009613 	61.294373 	55.172459 	61.717098 	42.638012 	58.008621 	15.033297 	33.615471 	16.031219 	57.008770 	48.104053 	23.769728 	35.846897 	57.628117 	32.202484 	30.463093 	41.868843 	65.115280 	85.146935 	84.314888 	39.446167 	70.455658 	32.893768 	31.016125 	26.076809 	44.777225 	46.647614 	81.055534 	42.047592 	30.413813 	38.626415 	
26.400757 	17.691807 	999.000000 	22.022715 	2.828427 	31.240999 	23.021729 	33.421551 	32.015621 	66.219330 	67.475922 	33.286633 	9.219544 	25.495098 	69.656296 	78.816238 	37.536648 	44.204071 	25.000000 	75.604233 	30.413813 	16.763054 	31.304953 	74.652527 	65.795135 	40.496914 	18.973665 	75.286118 	16.124516 	15.000000 	59.464275 	47.507893 	68.095520 	67.230942 	22.472204 	88.005684 	18.027756 	47.507893 	16.401220 	27.856777 	29.546574 	63.600315 	25.709921 	18.384777 	23.086792 	
7.071068 	5.099020 	22.022715 	999.000000 	21.931713 	9.219544 	2.236068 	11.401754 	54.037025 	44.944408 	46.043457 	11.704700 	27.459061 	6.708204 	48.259712 	57.801384 	59.548298 	66.219330 	46.690472 	54.378304 	10.000000 	37.202152 	11.000000 	53.254108 	44.045429 	18.788294 	39.408119 	53.823788 	35.510563 	33.615471 	37.483330 	69.526970 	89.888817 	89.044930 	43.011627 	66.887962 	35.777088 	26.000000 	27.892651 	48.259712 	50.219517 	85.603737 	45.276924 	32.572994 	41.593269 	
26.925823 	18.027756 	2.828427 	21.931713 	999.000000 	31.112698 	22.671568 	33.241539 	32.449963 	66.610809 	67.801178 	32.802441 	7.000000 	24.698177 	70.000000 	79.322128 	37.802116 	44.654228 	24.758837 	76.026314 	29.681644 	15.652476 	30.528675 	75.000000 	65.946945 	40.000000 	17.888544 	75.604233 	14.560220 	13.152946 	59.396969 	47.801674 	68.883957 	68.000000 	21.470911 	88.481636 	16.031219 	46.872166 	13.601471 	26.832815 	28.653097 	64.070274 	24.351591 	15.811388 	21.377558 	
8.062258 	13.892444 	31.240999 	9.219544 	31.112698 	999.000000 	8.602325 	2.236068 	63.253460 	36.235340 	37.215588 	4.472136 	36.400551 	9.055386 	39.446167 	49.193497 	68.767723 	75.432091 	55.865910 	45.650848 	6.708204 	46.227695 	7.211102 	44.418465 	35.000000 	10.198039 	48.414875 	44.944408 	44.407207 	42.438190 	28.284271 	78.746429 	99.020203 	98.183502 	52.009613 	58.180752 	44.418465 	17.464249 	35.846897 	57.201397 	59.203041 	94.810333 	54.083271 	40.718548 	50.249378 	
8.544003 	7.000000 	23.021729 	2.236068 	22.671568 	8.602325 	999.000000 	10.630146 	55.000000 	44.777225 	45.793011 	10.295630 	27.802877 	4.472136 	48.020828 	57.706154 	60.440052 	67.201187 	47.381432 	54.203320 	8.062258 	37.643059 	9.055386 	53.000000 	43.600460 	17.492855 	39.824615 	53.535034 	35.805027 	33.837849 	36.796738 	70.434364 	91.065910 	90.210861 	43.416588 	66.730804 	35.846897 	24.596748 	27.513634 	48.600410 	50.606323 	86.608315 	45.486263 	32.310989 	41.677334 	
10.000000 	16.124516 	33.421551 	11.401754 	33.241539 	2.236068 	10.630146 	999.000000 	65.436989 	34.438351 	35.355339 	3.605551 	38.418747 	10.440307 	37.589893 	47.423622 	70.936592 	77.620872 	57.982758 	43.829212 	7.071068 	48.270073 	7.280110 	42.544094 	33.015148 	8.062258 	50.447994 	43.046486 	46.400433 	44.407207 	26.172504 	80.919716 	101.242287 	100.404182 	54.037025 	56.356010 	46.324940 	15.297058 	37.576588 	59.203041 	61.220913 	97.005157 	56.035702 	42.485291 	52.153618 	
57.982758 	49.578220 	32.015621 	54.037025 	32.449963 	63.253460 	55.000000 	65.436989 	999.000000 	97.672920 	99.035347 	65.215027 	29.154760 	57.140179 	101.178062 	109.986366 	5.830952 	12.206555 	10.000000 	106.962608 	62.128899 	20.396078 	62.968246 	106.150833 	97.590981 	72.422371 	19.104973 	106.831642 	23.345236 	25.495098 	91.438507 	15.556349 	36.769554 	35.846897 	17.029387 	119.205704 	26.076809 	79.322128 	35.693138 	16.155495 	14.764823 	31.622776 	19.646883 	32.140316 	23.194826 	
39.824615 	48.600410 	66.219330 	44.944408 	66.610809 	36.235340 	44.777225 	34.438351 	97.672920 	999.000000 	2.000000 	36.400551 	72.401657 	44.777225 	3.605551 	13.000000 	103.392456 	109.622078 	91.214035 	9.433981 	40.496914 	82.097504 	40.162170 	8.485281 	5.656854 	30.805843 	84.314888 	9.219544 	80.454956 	78.549347 	12.369317 	113.216606 	131.893890 	131.137329 	87.920418 	21.954498 	80.622574 	28.000000 	72.013885 	93.193344 	95.131485 	128.701202 	90.210861 	76.922035 	86.452301 	
41.109608 	49.819675 	67.475922 	46.043457 	67.801178 	37.215588 	45.793011 	35.355339 	99.035347 	2.000000 	999.000000 	37.161808 	73.498299 	45.617977 	2.236068 	12.369317 	104.737770 	111.018013 	92.455391 	8.544003 	41.231056 	83.234612 	40.853397 	7.211102 	4.472136 	31.320919 	85.445892 	7.810250 	81.541397 	79.611557 	12.041595 	114.586212 	133.416641 	132.653687 	89.050545 	21.023796 	81.633324 	28.071337 	72.897186 	94.302704 	96.260063 	130.138382 	91.268837 	77.826729 	87.464279 	
12.369317 	16.763054 	33.286633 	11.704700 	32.802441 	4.472136 	10.295630 	3.605551 	65.215027 	36.400551 	37.161808 	999.000000 	37.483330 	8.602325 	39.395432 	49.396355 	70.604530 	77.420929 	57.384666 	45.694637 	4.123106 	47.381432 	4.000000 	44.283180 	34.481880 	7.211102 	49.517673 	44.721359 	45.343136 	43.278172 	27.202942 	80.603973 	101.355812 	100.498756 	53.075417 	58.180752 	45.000000 	14.317822 	35.846897 	58.137768 	60.207973 	96.834908 	54.817879 	40.816662 	50.803543 	
33.105892 	24.166092 	9.219544 	27.459061 	7.000000 	36.400551 	27.802877 	38.418747 	29.154760 	72.401657 	73.498299 	37.483330 	999.000000 	29.000000 	75.716576 	85.234970 	34.000000 	41.146080 	20.248457 	81.835197 	33.970577 	9.899495 	34.713108 	80.709358 	71.400284 	44.553337 	12.041595 	81.271149 	8.062258 	6.324555 	64.536812 	43.908997 	65.924202 	65.000000 	15.620500 	94.339813 	9.055386 	51.088158 	8.944272 	20.808653 	22.803509 	60.415230 	17.888544 	9.433981 	14.560220 	
12.206555 	11.180340 	25.495098 	6.708204 	24.698177 	9.055386 	4.472136 	10.440307 	57.140179 	44.777225 	45.617977 	8.602325 	29.000000 	999.000000 	47.853943 	57.775429 	62.425957 	69.339745 	49.040798 	54.129475 	5.000000 	38.897301 	5.830952 	52.773098 	43.046486 	15.556349 	41.012192 	53.235325 	36.796738 	34.713108 	35.805027 	72.422371 	93.536087 	92.660675 	44.553337 	66.640831 	36.400551 	22.203604 	27.294687 	49.578220 	51.662365 	88.752464 	46.227695 	32.249031 	42.201897 	
43.278172 	52.009613 	69.656296 	48.259712 	70.000000 	39.446167 	48.020828 	37.589893 	101.178062 	3.605551 	2.236068 	39.395432 	75.716576 	47.853943 	999.000000 	10.198039 	106.887794 	113.145920 	94.641426 	6.324555 	43.462627 	85.445892 	43.081318 	5.000000 	6.082763 	33.526108 	87.658424 	5.656854 	83.761566 	81.835197 	14.000000 	116.726173 	135.473251 	134.714508 	91.263351 	18.788294 	83.862984 	30.149628 	75.133217 	96.519424 	98.473343 	132.245987 	93.493317 	80.062477 	89.693924 	
52.430908 	61.294373 	78.816238 	57.801384 	79.322128 	49.193497 	57.706154 	47.423622 	109.986366 	13.000000 	12.369317 	49.396355 	85.234970 	57.775429 	10.198039 	999.000000 	115.745407 	121.827744 	103.812332 	4.000000 	53.488316 	94.873604 	53.141319 	6.082763 	16.031219 	43.680660 	97.097885 	6.324555 	93.295227 	91.416626 	24.083189 	125.495018 	143.627991 	142.898560 	100.702530 	9.219544 	93.536087 	40.311287 	85.000000 	106.000000 	107.912003 	140.758652 	103.077644 	89.899948 	99.362968 	
63.655323 	55.172459 	37.536648 	59.548298 	37.802116 	68.767723 	60.440052 	70.936592 	5.830952 	103.392456 	104.737770 	70.604530 	34.000000 	62.425957 	106.887794 	115.745407 	999.000000 	7.280110 	13.928389 	112.698715 	67.424034 	24.698177 	68.242218 	111.865990 	103.237587 	77.801025 	23.086792 	112.538879 	27.513634 	29.732138 	97.000000 	10.000000 	32.280025 	31.320919 	20.396078 	124.963997 	29.832869 	84.628601 	39.849716 	18.027756 	16.124516 	26.419689 	22.000000 	35.902645 	26.076809 	
70.035706 	61.717098 	44.204071 	66.219330 	44.654228 	75.432091 	67.201187 	77.620872 	12.206555 	109.622078 	111.018013 	77.420929 	41.146080 	69.339745 	113.145920 	121.827744 	7.280110 	999.000000 	21.189621 	118.869675 	74.330345 	31.953091 	75.166481 	118.105888 	109.658562 	84.628601 	30.364452 	118.802361 	34.785053 	37.000000 	103.585716 	4.123106 	25.000000 	24.041630 	27.658634 	131.045792 	37.107952 	91.525955 	47.127487 	25.019993 	23.000000 	19.416489 	29.068884 	43.174065 	33.241539 	
51.400391 	42.638012 	25.000000 	46.690472 	24.758837 	55.865910 	47.381432 	57.982758 	10.000000 	91.214035 	92.455391 	57.384666 	20.248457 	49.040798 	94.641426 	103.812332 	13.928389 	21.189621 	999.000000 	100.603180 	54.037025 	10.770329 	54.817879 	99.639351 	90.686272 	64.536812 	9.219544 	100.264648 	13.601471 	15.811388 	84.148682 	23.706539 	46.173584 	45.221676 	7.071068 	113.004425 	16.124516 	71.217972 	25.961510 	7.810250 	7.615773 	40.249222 	10.295630 	22.203604 	13.341664 	
49.203659 	58.008621 	75.604233 	54.378304 	76.026314 	45.650848 	54.203320 	43.829212 	106.962608 	9.433981 	8.544003 	45.694637 	81.835197 	54.129475 	6.324555 	4.000000 	112.698715 	118.869675 	100.603180 	999.000000 	49.769470 	91.525955 	49.396355 	2.236068 	12.041595 	39.849716 	93.744331 	2.828427 	89.888817 	87.982956 	20.099751 	122.494896 	140.929062 	140.185593 	97.349884 	12.529964 	90.049988 	36.345562 	81.394104 	102.625534 	104.560989 	137.887634 	99.644371 	86.313385 	95.880135 	
13.038404 	15.033297 	30.413813 	10.000000 	29.681644 	6.708204 	8.062258 	7.071068 	62.128899 	40.496914 	41.231056 	4.123106 	33.970577 	5.000000 	43.462627 	53.488316 	67.424034 	74.330345 	54.037025 	49.769470 	999.000000 	43.863426 	1.000000 	48.332184 	38.470768 	10.630146 	45.967381 	48.754486 	41.725292 	39.623226 	31.064449 	77.420929 	98.488579 	97.616600 	49.497475 	62.241467 	41.231056 	17.204651 	31.906113 	54.488529 	56.586216 	93.744331 	51.088158 	36.891735 	47.010635 	
42.544094 	33.615471 	16.763054 	37.202152 	15.652476 	46.227695 	37.643059 	48.270073 	20.396078 	82.097504 	83.234612 	47.381432 	9.899495 	38.897301 	85.445892 	94.873604 	24.698177 	31.953091 	10.770329 	91.525955 	43.863426 	999.000000 	44.598206 	90.443352 	81.215759 	54.451813 	2.236068 	91.021973 	3.000000 	5.099020 	74.411018 	34.438351 	56.920998 	55.973209 	5.830952 	104.009613 	6.324555 	60.959003 	15.297058 	11.180340 	13.038404 	50.990196 	9.055386 	12.041595 	7.615773 	
13.892444 	16.031219 	31.304953 	11.000000 	30.528675 	7.211102 	9.055386 	7.280110 	62.968246 	40.162170 	40.853397 	4.000000 	34.713108 	5.830952 	43.081318 	53.141319 	68.242218 	75.166481 	54.817879 	49.396355 	1.000000 	44.598206 	999.000000 	47.927029 	38.013157 	10.000000 	46.690472 	48.332184 	42.426407 	40.311287 	30.528675 	78.236816 	99.362968 	98.488579 	50.209560 	61.846584 	41.868843 	16.401220 	32.449963 	55.172459 	57.280014 	94.578011 	51.739735 	37.443291 	47.634022 	
48.270073 	57.008770 	74.652527 	53.254108 	75.000000 	44.418465 	53.000000 	42.544094 	106.150833 	8.485281 	7.211102 	44.283180 	80.709358 	52.773098 	5.000000 	6.082763 	111.865990 	118.105888 	99.639351 	2.236068 	48.332184 	90.443352 	47.927029 	999.000000 	10.198039 	38.275318 	92.655273 	1.000000 	88.752464 	86.821655 	18.248287 	121.696342 	140.356689 	139.603012 	96.260063 	13.928389 	88.836929 	34.525352 	80.062477 	101.513542 	103.469803 	137.186005 	98.478424 	85.000000 	94.667839 	
39.623226 	48.104053 	65.795135 	44.045429 	65.946945 	35.000000 	43.600460 	33.015148 	97.590981 	5.656854 	4.472136 	34.481880 	71.400284 	43.046486 	6.082763 	16.031219 	103.237587 	109.658562 	90.686272 	12.041595 	38.470768 	81.215759 	38.013157 	10.198039 	999.000000 	28.231188 	83.408630 	10.440307 	79.404030 	77.420929 	8.062258 	113.145920 	132.438660 	131.654846 	87.005745 	24.041630 	79.322128 	24.331051 	70.327805 	92.200867 	94.201912 	128.887543 	89.050545 	75.292763 	85.146935 	
18.027756 	23.769728 	40.496914 	18.788294 	40.000000 	10.198039 	17.492855 	8.062258 	72.422371 	30.805843 	31.320919 	7.211102 	44.553337 	15.556349 	33.526108 	43.680660 	77.801025 	84.628601 	64.536812 	39.849716 	10.630146 	54.451813 	10.000000 	38.275318 	28.231188 	999.000000 	56.568542 	38.626415 	52.345009 	50.249378 	20.591261 	87.800911 	108.558739 	107.703293 	60.108234 	52.201534 	51.855568 	7.280110 	42.438190 	65.115280 	67.208633 	104.043259 	61.717098 	47.434166 	57.628117 	
44.777225 	35.846897 	18.973665 	39.408119 	17.888544 	48.414875 	39.824615 	50.447994 	19.104973 	84.314888 	85.445892 	49.517673 	12.041595 	41.012192 	87.658424 	97.097885 	23.086792 	30.364452 	9.219544 	93.744331 	45.967381 	2.236068 	46.690472 	92.655273 	83.408630 	56.568542 	999.000000 	93.230896 	4.472136 	6.708204 	76.576759 	32.695564 	55.362442 	54.405884 	3.605551 	106.230881 	7.000000 	63.031738 	16.763054 	8.944272 	10.816654 	49.244289 	7.000000 	13.038404 	6.403124 	
48.918301 	57.628117 	75.286118 	53.823788 	75.604233 	44.944408 	53.535034 	43.046486 	106.831642 	9.219544 	7.810250 	44.721359 	81.271149 	53.235325 	5.656854 	6.324555 	112.538879 	118.802361 	100.264648 	2.828427 	48.754486 	91.021973 	48.332184 	1.000000 	10.440307 	38.626415 	93.230896 	999.000000 	89.308456 	87.367043 	18.439089 	122.380554 	141.113434 	140.356689 	96.834908 	13.601471 	89.358826 	34.713108 	80.529495 	102.078400 	104.043259 	137.902145 	99.020203 	85.475143 	95.189285 	
41.146080 	32.202484 	16.124516 	35.510563 	14.560220 	44.407207 	35.805027 	46.400433 	23.345236 	80.454956 	81.541397 	45.343136 	8.062258 	36.796738 	83.761566 	93.295227 	27.513634 	34.785053 	13.601471 	89.888817 	41.725292 	3.000000 	42.426407 	88.752464 	79.404030 	52.345009 	4.472136 	89.308456 	999.000000 	2.236068 	72.470680 	37.161808 	59.774578 	58.821766 	7.810250 	102.396286 	3.605551 	58.728188 	12.369317 	12.806249 	14.866069 	53.712196 	9.848858 	9.055386 	7.000000 	
39.395432 	30.463093 	15.000000 	33.615471 	13.152946 	42.438190 	33.837849 	44.407207 	25.495098 	78.549347 	79.611557 	43.278172 	6.324555 	34.713108 	81.835197 	91.416626 	29.732138 	37.000000 	15.811388 	87.982956 	39.623226 	5.099020 	40.311287 	86.821655 	77.420929 	50.249378 	6.708204 	87.367043 	2.236068 	999.000000 	70.434364 	39.395432 	61.983868 	61.032780 	10.000000 	100.498756 	3.162278 	56.586216 	10.198039 	14.866069 	16.970562 	55.946404 	11.661903 	7.280110 	8.246211 	
33.837849 	41.868843 	59.464275 	37.483330 	59.396969 	28.284271 	36.796738 	26.172504 	91.438507 	12.369317 	12.041595 	27.202942 	64.536812 	35.805027 	14.000000 	24.083189 	97.000000 	103.585716 	84.148682 	20.099751 	31.064449 	74.411018 	30.528675 	18.248287 	8.062258 	20.591261 	76.576759 	18.439089 	72.470680 	70.434364 	999.000000 	106.962608 	126.826653 	126.015869 	80.156097 	32.015621 	72.201111 	16.278820 	62.968246 	85.276024 	87.321243 	122.918671 	82.006096 	67.955872 	78.006409 	
73.539108 	65.115280 	47.507893 	69.526970 	47.801674 	78.746429 	70.434364 	80.919716 	15.556349 	113.216606 	114.586212 	80.603973 	43.908997 	72.422371 	116.726173 	125.495018 	10.000000 	4.123106 	23.706539 	122.494896 	77.420929 	34.438351 	78.236816 	121.696342 	113.145920 	87.800911 	32.695564 	122.380554 	37.161808 	39.395432 	106.962608 	999.000000 	23.194826 	22.203604 	29.732138 	134.714508 	39.217342 	94.625580 	49.396355 	26.476404 	24.331051 	16.552946 	30.594116 	45.221676 	34.928497 	
93.005379 	85.146935 	68.095520 	89.888817 	68.883957 	99.020203 	91.065910 	101.242287 	36.769554 	131.893890 	133.416641 	101.355812 	65.924202 	93.536087 	135.473251 	143.627991 	32.280025 	25.000000 	46.173584 	140.929062 	98.488579 	56.920998 	99.362968 	140.356689 	132.438660 	108.558739 	55.362442 	141.113434 	59.774578 	61.983868 	126.826653 	23.194826 	999.000000 	1.000000 	52.630791 	152.793976 	62.096699 	115.602768 	72.124893 	49.648766 	47.518417 	8.944272 	53.758720 	68.154236 	58.051701 	
92.200867 	84.314888 	67.230942 	89.044930 	68.000000 	98.183502 	90.210861 	100.404182 	35.846897 	131.137329 	132.653687 	100.498756 	65.000000 	92.660675 	134.714508 	142.898560 	31.320919 	24.041630 	45.221676 	140.185593 	97.616600 	55.973209 	98.488579 	139.603012 	131.654846 	107.703293 	54.405884 	140.356689 	58.821766 	61.032780 	126.015869 	22.203604 	1.000000 	999.000000 	51.662365 	152.069061 	61.131008 	114.738831 	71.168816 	48.662102 	46.529560 	8.062258 	52.773098 	67.186310 	57.070133 	
48.373547 	39.446167 	22.472204 	43.011627 	21.470911 	52.009613 	43.416588 	54.037025 	17.029387 	87.920418 	89.050545 	53.075417 	15.620500 	44.553337 	91.263351 	100.702530 	20.396078 	27.658634 	7.071068 	97.349884 	49.497475 	5.830952 	50.209560 	96.260063 	87.005745 	60.108234 	3.605551 	96.834908 	7.810250 	10.000000 	80.156097 	29.732138 	52.630791 	51.662365 	999.000000 	109.836243 	9.486833 	66.528191 	19.697716 	5.385165 	7.211102 	46.238514 	4.472136 	15.524175 	6.324555 	
61.611687 	70.455658 	88.005684 	66.887962 	88.481636 	58.180752 	66.730804 	56.356010 	119.205704 	21.954498 	21.023796 	58.180752 	94.339813 	66.640831 	18.788294 	9.219544 	124.963997 	131.045792 	113.004425 	12.529964 	62.241467 	104.009613 	61.846584 	13.928389 	24.041630 	52.201534 	106.230881 	13.601471 	102.396286 	100.498756 	32.015621 	134.714508 	152.793976 	152.069061 	109.836243 	999.000000 	102.576797 	48.270073 	93.914856 	115.121674 	117.046997 	149.966660 	112.160599 	98.838249 	108.406639 	
41.785164 	32.893768 	18.027756 	35.777088 	16.031219 	44.418465 	35.846897 	46.324940 	26.076809 	80.622574 	81.633324 	45.000000 	9.055386 	36.400551 	83.862984 	93.536087 	29.832869 	37.107952 	16.124516 	90.049988 	41.231056 	6.324555 	41.868843 	88.836929 	79.322128 	51.855568 	7.000000 	89.358826 	3.605551 	3.162278 	72.201111 	39.217342 	62.096699 	61.131008 	9.486833 	102.576797 	999.000000 	58.000000 	10.295630 	13.601471 	15.811388 	55.713554 	9.899495 	6.082763 	5.830952 	
25.179358 	31.016125 	47.507893 	26.000000 	46.872166 	17.464249 	24.596748 	15.297058 	79.322128 	28.000000 	28.071337 	14.317822 	51.088158 	22.203604 	30.149628 	40.311287 	84.628601 	91.525955 	71.217972 	36.345562 	17.204651 	60.959003 	16.401220 	34.525352 	24.331051 	7.280110 	63.031738 	34.713108 	58.728188 	56.586216 	16.278820 	94.625580 	115.602768 	114.738831 	66.528191 	48.270073 	58.000000 	999.000000 	48.270073 	71.421288 	73.552704 	110.941429 	67.896980 	53.263496 	63.702435 	
34.525352 	26.076809 	16.401220 	27.892651 	13.601471 	35.846897 	27.513634 	37.576588 	35.693138 	72.013885 	72.897186 	35.846897 	8.944272 	27.294687 	75.133217 	85.000000 	39.849716 	47.127487 	25.961510 	81.394104 	31.906113 	15.297058 	32.449963 	80.062477 	70.327805 	42.438190 	16.763054 	80.529495 	12.369317 	10.198039 	62.968246 	49.396355 	72.124893 	71.168816 	19.697716 	93.914856 	10.295630 	48.270073 	999.000000 	23.853722 	26.076809 	65.924202 	20.000000 	5.000000 	15.620500 	
53.712196 	44.777225 	27.856777 	48.259712 	26.832815 	57.201397 	48.600410 	59.203041 	16.155495 	93.193344 	94.302704 	58.137768 	20.808653 	49.578220 	96.519424 	106.000000 	18.027756 	25.019993 	7.810250 	102.625534 	54.488529 	11.180340 	55.172459 	101.513542 	92.200867 	65.115280 	8.944272 	102.078400 	12.806249 	14.866069 	85.276024 	26.476404 	49.648766 	48.662102 	5.385165 	115.121674 	13.601471 	71.421288 	23.853722 	999.000000 	2.236068 	42.720020 	4.123106 	19.235384 	8.544003 	
55.569775 	46.647614 	29.546574 	50.219517 	28.653097 	59.203041 	50.606323 	61.220913 	14.764823 	95.131485 	96.260063 	60.207973 	22.803509 	51.662365 	98.473343 	107.912003 	16.124516 	23.000000 	7.615773 	104.560989 	56.586216 	13.038404 	57.280014 	103.469803 	94.201912 	67.208633 	10.816654 	104.043259 	14.866069 	16.970562 	87.321243 	24.331051 	47.518417 	46.529560 	7.211102 	117.046997 	15.811388 	73.552704 	26.076809 	2.236068 	999.000000 	40.521599 	6.324555 	21.470911 	10.770329 	
89.274857 	81.055534 	63.600315 	85.603737 	64.070274 	94.810333 	86.608315 	97.005157 	31.622776 	128.701202 	130.138382 	96.834908 	60.415230 	88.752464 	132.245987 	140.758652 	26.419689 	19.416489 	40.249222 	137.887634 	93.744331 	50.990196 	94.578011 	137.186005 	128.887543 	104.043259 	49.244289 	137.902145 	53.712196 	55.946404 	122.918671 	16.552946 	8.944272 	8.062258 	46.238514 	149.966660 	55.713554 	110.941429 	65.924202 	42.720020 	40.521599 	999.000000 	46.840153 	61.684681 	51.244511 	
50.990196 	42.047592 	25.709921 	45.276924 	24.351591 	54.083271 	45.486263 	56.035702 	19.646883 	90.210861 	91.268837 	54.817879 	17.888544 	46.227695 	93.493317 	103.077644 	22.000000 	29.068884 	10.295630 	99.644371 	51.088158 	9.055386 	51.739735 	98.478424 	89.050545 	61.717098 	7.000000 	99.020203 	9.848858 	11.661903 	82.006096 	30.594116 	53.758720 	52.773098 	4.472136 	112.160599 	9.899495 	67.896980 	20.000000 	4.123106 	6.324555 	46.840153 	999.000000 	15.264338 	4.472136 	
39.051247 	30.413813 	18.384777 	32.572994 	15.811388 	40.718548 	32.310989 	42.485291 	32.140316 	76.922035 	77.826729 	40.816662 	9.433981 	32.249031 	80.062477 	89.899948 	35.902645 	43.174065 	22.203604 	86.313385 	36.891735 	12.041595 	37.443291 	85.000000 	75.292763 	47.434166 	13.038404 	85.475143 	9.055386 	7.280110 	67.955872 	45.221676 	68.154236 	67.186310 	15.524175 	98.838249 	6.082763 	53.263496 	5.000000 	19.235384 	21.470911 	61.684681 	15.264338 	999.000000 	10.816654 	
47.539455 	38.626415 	23.086792 	41.593269 	21.377558 	50.249378 	41.677334 	52.153618 	23.194826 	86.452301 	87.464279 	50.803543 	14.560220 	42.201897 	89.693924 	99.362968 	26.076809 	33.241539 	13.341664 	95.880135 	47.010635 	7.615773 	47.634022 	94.667839 	85.146935 	57.628117 	6.403124 	95.189285 	7.000000 	8.246211 	78.006409 	34.928497 	58.051701 	57.070133 	6.324555 	108.406639 	5.830952 	63.702435 	15.620500 	8.544003 	10.770329 	51.244511 	4.472136 	10.816654 	999.000000 	

Travel time:
9.000000 	0.223607 	0.660019 	0.176777 	0.673146 	0.201556 	0.213600 	0.250000 	1.449569 	0.995615 	1.027740 	0.309233 	0.827647 	0.305164 	1.081954 	1.310773 	1.591383 	1.750893 	1.285010 	1.230091 	0.325960 	1.063602 	0.347311 	1.206752 	0.990581 	0.450694 	1.119431 	1.222957 	1.028652 	0.984886 	0.845946 	1.838478 	2.325135 	2.305022 	1.209339 	1.540292 	1.044629 	0.629484 	0.863134 	1.342805 	1.389244 	2.231871 	1.274755 	0.976281 	1.188486 	
0.223607 	9.000000 	0.442295 	0.127475 	0.450694 	0.347311 	0.175000 	0.403113 	1.239455 	1.215010 	1.245492 	0.419076 	0.604152 	0.279509 	1.300240 	1.532359 	1.379311 	1.542928 	1.065950 	1.450216 	0.375832 	0.840387 	0.400780 	1.425219 	1.202601 	0.594243 	0.896172 	1.440703 	0.805062 	0.761577 	1.046721 	1.627882 	2.128673 	2.107872 	0.986154 	1.761391 	0.822344 	0.775403 	0.651920 	1.119431 	1.166190 	2.026388 	1.051190 	0.760345 	0.965660 	
0.660019 	0.442295 	9.000000 	0.550568 	0.070711 	0.781025 	0.575543 	0.835539 	0.800391 	1.655483 	1.686898 	0.832166 	0.230489 	0.637377 	1.741407 	1.970406 	0.938416 	1.105102 	0.625000 	1.890106 	0.760345 	0.419076 	0.782624 	1.866313 	1.644878 	1.012423 	0.474342 	1.882153 	0.403113 	0.375000 	1.486607 	1.187697 	1.702388 	1.680773 	0.561805 	2.200142 	0.450694 	1.187697 	0.410031 	0.696419 	0.738664 	1.590008 	0.642748 	0.459619 	0.577170 	
0.176777 	0.127475 	0.550568 	9.000000 	0.548293 	0.230489 	0.055902 	0.285044 	1.350926 	1.123610 	1.151086 	0.292617 	0.686477 	0.167705 	1.206493 	1.445035 	1.488707 	1.655483 	1.167262 	1.359458 	0.250000 	0.930054 	0.275000 	1.331353 	1.101136 	0.469707 	0.985203 	1.345595 	0.887764 	0.840387 	0.937083 	1.738174 	2.247221 	2.226123 	1.075291 	1.672199 	0.894427 	0.650000 	0.697316 	1.206493 	1.255488 	2.140093 	1.131923 	0.814325 	1.039832 	
0.673146 	0.450694 	0.070711 	0.548293 	9.000000 	0.777817 	0.566789 	0.831038 	0.811249 	1.665270 	1.695029 	0.820061 	0.175000 	0.617454 	1.750000 	1.983053 	0.945053 	1.116356 	0.618971 	1.900658 	0.742041 	0.391312 	0.763217 	1.875000 	1.648674 	1.000000 	0.447214 	1.890106 	0.364006 	0.328824 	1.484924 	1.195042 	1.722099 	1.700000 	0.536773 	2.212041 	0.400780 	1.171804 	0.340037 	0.670820 	0.716327 	1.601757 	0.608790 	0.395285 	0.534439 	
0.201556 	0.347311 	0.781025 	0.230489 	0.777817 	9.000000 	0.215058 	0.055902 	1.581336 	0.905883 	0.930390 	0.111803 	0.910014 	0.226385 	0.986154 	1.229837 	1.719193 	1.885802 	1.396648 	1.141271 	0.167705 	1.155692 	0.180278 	1.110462 	0.875000 	0.254951 	1.210372 	1.123610 	1.110180 	1.060955 	0.707107 	1.968661 	2.475505 	2.454587 	1.300240 	1.454519 	1.110462 	0.436606 	0.896172 	1.430035 	1.480076 	2.370258 	1.352082 	1.017964 	1.256234 	
0.213600 	0.175000 	0.575543 	0.055902 	0.566789 	0.215058 	9.000000 	0.265754 	1.375000 	1.119431 	1.144825 	0.257391 	0.695072 	0.111803 	1.200521 	1.442654 	1.511001 	1.680030 	1.184536 	1.355083 	0.201556 	0.941076 	0.226385 	1.325000 	1.090011 	0.437321 	0.995615 	1.338376 	0.895126 	0.845946 	0.919918 	1.760859 	2.276648 	2.255271 	1.085415 	1.668270 	0.896172 	0.614919 	0.687841 	1.215010 	1.265158 	2.165208 	1.137157 	0.807775 	1.041933 	
0.250000 	0.403113 	0.835539 	0.285044 	0.831038 	0.055902 	0.265754 	9.000000 	1.635925 	0.860959 	0.883883 	0.090139 	0.960469 	0.261008 	0.939747 	1.185591 	1.773415 	1.940522 	1.449569 	1.095730 	0.176777 	1.206752 	0.182003 	1.063602 	0.825379 	0.201556 	1.261200 	1.076162 	1.160011 	1.110180 	0.654313 	2.022993 	2.531057 	2.510105 	1.350926 	1.408900 	1.158123 	0.382426 	0.939415 	1.480076 	1.530523 	2.425129 	1.400892 	1.062132 	1.303840 	
1.449569 	1.239455 	0.800391 	1.350926 	0.811249 	1.581336 	1.375000 	1.635925 	9.000000 	2.441823 	2.475884 	1.630376 	0.728869 	1.428504 	2.529452 	2.749659 	0.145774 	0.305164 	0.250000 	2.674065 	1.553222 	0.509902 	1.574206 	2.653771 	2.439775 	1.810559 	0.477624 	2.670791 	0.583631 	0.637377 	2.285963 	0.388909 	0.919239 	0.896172 	0.425735 	2.980143 	0.651920 	1.983053 	0.892328 	0.403887 	0.369121 	0.790569 	0.491172 	0.803508 	0.579871 	
0.995615 	1.215010 	1.655483 	1.123610 	1.665270 	0.905883 	1.119431 	0.860959 	2.441823 	9.000000 	0.050000 	0.910014 	1.810041 	1.119431 	0.090139 	0.325000 	2.584811 	2.740552 	2.280351 	0.235850 	1.012423 	2.052438 	1.004054 	0.212132 	0.141421 	0.770146 	2.107872 	0.230489 	2.011374 	1.963734 	0.309233 	2.830415 	3.297347 	3.278433 	2.198010 	0.548862 	2.015564 	0.700000 	1.800347 	2.329834 	2.378287 	3.217530 	2.255271 	1.923051 	2.161308 	
1.027740 	1.245492 	1.686898 	1.151086 	1.695029 	0.930390 	1.144825 	0.883883 	2.475884 	0.050000 	9.000000 	0.929045 	1.837457 	1.140449 	0.055902 	0.309233 	2.618444 	2.775450 	2.311385 	0.213600 	1.030776 	2.080865 	1.021335 	0.180278 	0.111803 	0.783023 	2.136147 	0.195256 	2.038535 	1.990289 	0.301040 	2.864655 	3.335416 	3.316342 	2.226264 	0.525595 	2.040833 	0.701783 	1.822430 	2.357568 	2.406502 	3.253459 	2.281721 	1.945668 	2.186607 	
0.309233 	0.419076 	0.832166 	0.292617 	0.820061 	0.111803 	0.257391 	0.090139 	1.630376 	0.910014 	0.929045 	9.000000 	0.937083 	0.215058 	0.984886 	1.234909 	1.765113 	1.935523 	1.434617 	1.142366 	0.103078 	1.184536 	0.100000 	1.107080 	0.862047 	0.180278 	1.237942 	1.118034 	1.133578 	1.081954 	0.680074 	2.015099 	2.533895 	2.512469 	1.326885 	1.454519 	1.125000 	0.357946 	0.896172 	1.453444 	1.505199 	2.420873 	1.370447 	1.020416 	1.270089 	
0.827647 	0.604152 	0.230489 	0.686477 	0.175000 	0.910014 	0.695072 	0.960469 	0.728869 	1.810041 	1.837457 	0.937083 	9.000000 	0.725000 	1.892914 	2.130874 	0.850000 	1.028652 	0.506211 	2.045880 	0.849264 	0.247487 	0.867828 	2.017734 	1.785007 	1.113833 	0.301040 	2.031779 	0.201556 	0.158114 	1.613420 	1.097725 	1.648105 	1.625000 	0.390512 	2.358495 	0.226385 	1.277204 	0.223607 	0.520216 	0.570088 	1.510381 	0.447214 	0.235850 	0.364006 	
0.305164 	0.279509 	0.637377 	0.167705 	0.617454 	0.226385 	0.111803 	0.261008 	1.428504 	1.119431 	1.140449 	0.215058 	0.725000 	9.000000 	1.196349 	1.444386 	1.560649 	1.733494 	1.226020 	1.353237 	0.125000 	0.972432 	0.145774 	1.319327 	1.076162 	0.388909 	1.025305 	1.330883 	0.919918 	0.867828 	0.895126 	1.810559 	2.338402 	2.316517 	1.113833 	1.666021 	0.910014 	0.555090 	0.682367 	1.239455 	1.291559 	2.218812 	1.155692 	0.806226 	1.055047 	
1.081954 	1.300240 	1.741407 	1.206493 	1.750000 	0.986154 	1.200521 	0.939747 	2.529452 	0.090139 	0.055902 	0.984886 	1.892914 	1.196349 	9.000000 	0.254951 	2.672195 	2.828648 	2.366036 	0.158114 	1.086566 	2.136147 	1.077033 	0.125000 	0.152069 	0.838153 	2.191461 	0.141421 	2.094039 	2.045880 	0.350000 	2.918154 	3.386831 	3.367863 	2.281584 	0.469707 	2.096575 	0.753741 	1.878330 	2.412986 	2.461833 	3.306150 	2.337333 	2.001562 	2.242348 	
1.310773 	1.532359 	1.970406 	1.445035 	1.983053 	1.229837 	1.442654 	1.185591 	2.749659 	0.325000 	0.309233 	1.234909 	2.130874 	1.444386 	0.254951 	9.000000 	2.893635 	3.045694 	2.595308 	0.100000 	1.337208 	2.371840 	1.328533 	0.152069 	0.400780 	1.092016 	2.427447 	0.158114 	2.332381 	2.285416 	0.602080 	3.137375 	3.590700 	3.572464 	2.517563 	0.230489 	2.338402 	1.007782 	2.125000 	2.650000 	2.697800 	3.518966 	2.576941 	2.247499 	2.484074 	
1.591383 	1.379311 	0.938416 	1.488707 	0.945053 	1.719193 	1.511001 	1.773415 	0.145774 	2.584811 	2.618444 	1.765113 	0.850000 	1.560649 	2.672195 	2.893635 	9.000000 	0.182003 	0.348210 	2.817468 	1.685601 	0.617454 	1.706055 	2.796650 	2.580940 	1.945026 	0.577170 	2.813472 	0.687841 	0.743303 	2.425000 	0.250000 	0.807001 	0.783023 	0.509902 	3.124100 	0.745822 	2.115715 	0.996243 	0.450694 	0.403113 	0.660492 	0.550000 	0.897566 	0.651920 	
1.750893 	1.542928 	1.105102 	1.655483 	1.116356 	1.885802 	1.680030 	1.940522 	0.305164 	2.740552 	2.775450 	1.935523 	1.028652 	1.733494 	2.828648 	3.045694 	0.182003 	9.000000 	0.529741 	2.971742 	1.858259 	0.798827 	1.879162 	2.952647 	2.741464 	2.115715 	0.759111 	2.970059 	0.869626 	0.925000 	2.589643 	0.103078 	0.625000 	0.601041 	0.691466 	3.276145 	0.927699 	2.288149 	1.178187 	0.625500 	0.575000 	0.485412 	0.726722 	1.079352 	0.831038 	
1.285010 	1.065950 	0.625000 	1.167262 	0.618971 	1.396648 	1.184536 	1.449569 	0.250000 	2.280351 	2.311385 	1.434617 	0.506211 	1.226020 	2.366036 	2.595308 	0.348210 	0.529741 	9.000000 	2.515079 	1.350926 	0.269258 	1.370447 	2.490984 	2.267157 	1.613420 	0.230489 	2.506616 	0.340037 	0.395285 	2.103717 	0.592663 	1.154340 	1.130542 	0.176777 	2.825111 	0.403113 	1.780449 	0.649038 	0.195256 	0.190394 	1.006231 	0.257391 	0.555090 	0.333542 	
1.230091 	1.450216 	1.890106 	1.359458 	1.900658 	1.141271 	1.355083 	1.095730 	2.674065 	0.235850 	0.213600 	1.142366 	2.045880 	1.353237 	0.158114 	0.100000 	2.817468 	2.971742 	2.515079 	9.000000 	1.244237 	2.288149 	1.234909 	0.055902 	0.301040 	0.996243 	2.343608 	0.070711 	2.247221 	2.199574 	0.502494 	3.062372 	3.523226 	3.504640 	2.433747 	0.313249 	2.251250 	0.908639 	2.034853 	2.565638 	2.614025 	3.447191 	2.491109 	2.157835 	2.397003 	
0.325960 	0.375832 	0.760345 	0.250000 	0.742041 	0.167705 	0.201556 	0.176777 	1.553222 	1.012423 	1.030776 	0.103078 	0.849264 	0.125000 	1.086566 	1.337208 	1.685601 	1.858259 	1.350926 	1.244237 	9.000000 	1.096586 	0.025000 	1.208305 	0.961769 	0.265754 	1.149184 	1.218862 	1.043132 	0.990581 	0.776611 	1.935523 	2.462214 	2.440415 	1.237437 	1.556037 	1.030776 	0.430116 	0.797653 	1.362213 	1.414655 	2.343608 	1.277204 	0.922293 	1.175266 	
1.063602 	0.840387 	0.419076 	0.930054 	0.391312 	1.155692 	0.941076 	1.206752 	0.509902 	2.052438 	2.080865 	1.184536 	0.247487 	0.972432 	2.136147 	2.371840 	0.617454 	0.798827 	0.269258 	2.288149 	1.096586 	9.000000 	1.114955 	2.261084 	2.030394 	1.361295 	0.055902 	2.275549 	0.075000 	0.127475 	1.860276 	0.860959 	1.423025 	1.399330 	0.145774 	2.600240 	0.158114 	1.523975 	0.382426 	0.279509 	0.325960 	1.274755 	0.226385 	0.301040 	0.190394 	
0.347311 	0.400780 	0.782624 	0.275000 	0.763217 	0.180278 	0.226385 	0.182003 	1.574206 	1.004054 	1.021335 	0.100000 	0.867828 	0.145774 	1.077033 	1.328533 	1.706055 	1.879162 	1.370447 	1.234909 	0.025000 	1.114955 	9.000000 	1.198176 	0.950329 	0.250000 	1.167262 	1.208305 	1.060660 	1.007782 	0.763217 	1.955920 	2.484074 	2.462214 	1.255239 	1.546165 	1.046721 	0.410031 	0.811249 	1.379311 	1.432000 	2.364450 	1.293493 	0.936082 	1.190850 	
1.206752 	1.425219 	1.866313 	1.331353 	1.875000 	1.110462 	1.325000 	1.063602 	2.653771 	0.212132 	0.180278 	1.107080 	2.017734 	1.319327 	0.125000 	0.152069 	2.796650 	2.952647 	2.490984 	0.055902 	1.208305 	2.261084 	1.198176 	9.000000 	0.254951 	0.956883 	2.316382 	0.025000 	2.218812 	2.170541 	0.456207 	3.042408 	3.508917 	3.490075 	2.406502 	0.348210 	2.220923 	0.863134 	2.001562 	2.537838 	2.586745 	3.429650 	2.461961 	2.125000 	2.366696 	
0.990581 	1.202601 	1.644878 	1.101136 	1.648674 	0.875000 	1.090011 	0.825379 	2.439775 	0.141421 	0.111803 	0.862047 	1.785007 	1.076162 	0.152069 	0.400780 	2.580940 	2.741464 	2.267157 	0.301040 	0.961769 	2.030394 	0.950329 	0.254951 	9.000000 	0.705780 	2.085216 	0.261008 	1.985101 	1.935523 	0.201556 	2.828648 	3.310966 	3.291371 	2.175144 	0.601041 	1.983053 	0.608276 	1.758195 	2.305022 	2.355048 	3.222188 	2.226264 	1.882319 	2.128673 	
0.450694 	0.594243 	1.012423 	0.469707 	1.000000 	0.254951 	0.437321 	0.201556 	1.810559 	0.770146 	0.783023 	0.180278 	1.113833 	0.388909 	0.838153 	1.092016 	1.945026 	2.115715 	1.613420 	0.996243 	0.265754 	1.361295 	0.250000 	0.956883 	0.705780 	9.000000 	1.414214 	0.965660 	1.308625 	1.256234 	0.514782 	2.195023 	2.713969 	2.692582 	1.502706 	1.305038 	1.296389 	0.182003 	1.060955 	1.627882 	1.680216 	2.601081 	1.542928 	1.185854 	1.440703 	
1.119431 	0.896172 	0.474342 	0.985203 	0.447214 	1.210372 	0.995615 	1.261200 	0.477624 	2.107872 	2.136147 	1.237942 	0.301040 	1.025305 	2.191461 	2.427447 	0.577170 	0.759111 	0.230489 	2.343608 	1.149184 	0.055902 	1.167262 	2.316382 	2.085216 	1.414214 	9.000000 	2.330772 	0.111803 	0.167705 	1.914419 	0.817389 	1.384061 	1.360147 	0.090139 	2.655772 	0.175000 	1.575794 	0.419076 	0.223607 	0.270416 	1.231107 	0.175000 	0.325960 	0.160078 	
1.222957 	1.440703 	1.882153 	1.345595 	1.890106 	1.123610 	1.338376 	1.076162 	2.670791 	0.230489 	0.195256 	1.118034 	2.031779 	1.330883 	0.141421 	0.158114 	2.813472 	2.970059 	2.506616 	0.070711 	1.218862 	2.275549 	1.208305 	0.025000 	0.261008 	0.965660 	2.330772 	9.000000 	2.232711 	2.184176 	0.460977 	3.059514 	3.527836 	3.508917 	2.420873 	0.340037 	2.233971 	0.867828 	2.013237 	2.551960 	2.601081 	3.447554 	2.475505 	2.136878 	2.379732 	
1.028652 	0.805062 	0.403113 	0.887764 	0.364006 	1.110180 	0.895126 	1.160011 	0.583631 	2.011374 	2.038535 	1.133578 	0.201556 	0.919918 	2.094039 	2.332381 	0.687841 	0.869626 	0.340037 	2.247221 	1.043132 	0.075000 	1.060660 	2.218812 	1.985101 	1.308625 	0.111803 	2.232711 	9.000000 	0.055902 	1.811767 	0.929045 	1.494365 	1.470544 	0.195256 	2.559907 	0.090139 	1.468205 	0.309233 	0.320156 	0.371652 	1.342805 	0.246221 	0.226385 	0.175000 	
0.984886 	0.761577 	0.375000 	0.840387 	0.328824 	1.060955 	0.845946 	1.110180 	0.637377 	1.963734 	1.990289 	1.081954 	0.158114 	0.867828 	2.045880 	2.285416 	0.743303 	0.925000 	0.395285 	2.199574 	0.990581 	0.127475 	1.007782 	2.170541 	1.935523 	1.256234 	0.167705 	2.184176 	0.055902 	9.000000 	1.760859 	0.984886 	1.549597 	1.525820 	0.250000 	2.512469 	0.079057 	1.414655 	0.254951 	0.371652 	0.424264 	1.398660 	0.291548 	0.182003 	0.206155 	
0.845946 	1.046721 	1.486607 	0.937083 	1.484924 	0.707107 	0.919918 	0.654313 	2.285963 	0.309233 	0.301040 	0.680074 	1.613420 	0.895126 	0.350000 	0.602080 	2.425000 	2.589643 	2.103717 	0.502494 	0.776611 	1.860276 	0.763217 	0.456207 	0.201556 	0.514782 	1.914419 	0.460977 	1.811767 	1.760859 	9.000000 	2.674065 	3.170666 	3.150397 	2.003902 	0.800391 	1.805028 	0.406971 	1.574206 	2.131901 	2.183031 	3.072967 	2.050152 	1.698897 	1.950160 	
1.838478 	1.627882 	1.187697 	1.738174 	1.195042 	1.968661 	1.760859 	2.022993 	0.388909 	2.830415 	2.864655 	2.015099 	1.097725 	1.810559 	2.918154 	3.137375 	0.250000 	0.103078 	0.592663 	3.062372 	1.935523 	0.860959 	1.955920 	3.042408 	2.828648 	2.195023 	0.817389 	3.059514 	0.929045 	0.984886 	2.674065 	9.000000 	0.579871 	0.555090 	0.743303 	3.367863 	0.980434 	2.365639 	1.234909 	0.661910 	0.608276 	0.413824 	0.764853 	1.130542 	0.873212 	
2.325135 	2.128673 	1.702388 	2.247221 	1.722099 	2.475505 	2.276648 	2.531057 	0.919239 	3.297347 	3.335416 	2.533895 	1.648105 	2.338402 	3.386831 	3.590700 	0.807001 	0.625000 	1.154340 	3.523226 	2.462214 	1.423025 	2.484074 	3.508917 	3.310966 	2.713969 	1.384061 	3.527836 	1.494365 	1.549597 	3.170666 	0.579871 	9.000000 	0.025000 	1.315770 	3.819849 	1.552418 	2.890069 	1.803122 	1.241219 	1.187960 	0.223607 	1.343968 	1.703856 	1.451293 	
2.305022 	2.107872 	1.680773 	2.226123 	1.700000 	2.454587 	2.255271 	2.510105 	0.896172 	3.278433 	3.316342 	2.512469 	1.625000 	2.316517 	3.367863 	3.572464 	0.783023 	0.601041 	1.130542 	3.504640 	2.440415 	1.399330 	2.462214 	3.490075 	3.291371 	2.692582 	1.360147 	3.508917 	1.470544 	1.525820 	3.150397 	0.555090 	0.025000 	9.000000 	1.291559 	3.801727 	1.528275 	2.868471 	1.779220 	1.216552 	1.163239 	0.201556 	1.319327 	1.679658 	1.426753 	
1.209339 	0.986154 	0.561805 	1.075291 	0.536773 	1.300240 	1.085415 	1.350926 	0.425735 	2.198010 	2.226264 	1.326885 	0.390512 	1.113833 	2.281584 	2.517563 	0.509902 	0.691466 	0.176777 	2.433747 	1.237437 	0.145774 	1.255239 	2.406502 	2.175144 	1.502706 	0.090139 	2.420873 	0.195256 	0.250000 	2.003902 	0.743303 	1.315770 	1.291559 	9.000000 	2.745906 	0.237171 	1.663205 	0.492443 	0.134629 	0.180278 	1.155963 	0.111803 	0.388104 	0.158114 	
1.540292 	1.761391 	2.200142 	1.672199 	2.212041 	1.454519 	1.668270 	1.408900 	2.980143 	0.548862 	0.525595 	1.454519 	2.358495 	1.666021 	0.469707 	0.230489 	3.124100 	3.276145 	2.825111 	0.313249 	1.556037 	2.600240 	1.546165 	0.348210 	0.601041 	1.305038 	2.655772 	0.340037 	2.559907 	2.512469 	0.800391 	3.367863 	3.819849 	3.801727 	2.745906 	9.000000 	2.564420 	1.206752 	2.347871 	2.878042 	2.926175 	3.749166 	2.804015 	2.470956 	2.710166 	
1.044629 	0.822344 	0.450694 	0.894427 	0.400780 	1.110462 	0.896172 	1.158123 	0.651920 	2.015564 	2.040833 	1.125000 	0.226385 	0.910014 	2.096575 	2.338402 	0.745822 	0.927699 	0.403113 	2.251250 	1.030776 	0.158114 	1.046721 	2.220923 	1.983053 	1.296389 	0.175000 	2.233971 	0.090139 	0.079057 	1.805028 	0.980434 	1.552418 	1.528275 	0.237171 	2.564420 	9.000000 	1.450000 	0.257391 	0.340037 	0.395285 	1.392839 	0.247487 	0.152069 	0.145774 	
0.629484 	0.775403 	1.187697 	0.650000 	1.171804 	0.436606 	0.614919 	0.382426 	1.983053 	0.700000 	0.701783 	0.357946 	1.277204 	0.555090 	0.753741 	1.007782 	2.115715 	2.288149 	1.780449 	0.908639 	0.430116 	1.523975 	0.410031 	0.863134 	0.608276 	0.182003 	1.575794 	0.867828 	1.468205 	1.414655 	0.406971 	2.365639 	2.890069 	2.868471 	1.663205 	1.206752 	1.450000 	9.000000 	1.206752 	1.785532 	1.838818 	2.773536 	1.697425 	1.331587 	1.592561 	
