Total assets = 696
Number of asset nodes = 40

Distance:
999.000000 	5.099020 	40.816662 	43.416588 	34.785053 	45.188496 	46.518814 	14.142136 	17.720045 	41.725292 	44.283180 	106.677086 	41.484936 	37.643059 	81.024689 	33.015148 	26.683329 	24.020824 	91.400215 	53.600372 	29.546574 	42.579338 	45.122055 	48.507732 	48.662102 	47.074409 	44.271889 	48.270073 	47.539455 	44.944408 	39.698868 	48.383881 	58.137768 	48.703182 	43.600460 	65.030762 	57.870544 	58.855755 	66.189125 	64.498062 	65.375839 	68.117546 	73.027390 	52.153618 	65.924202 	68.731361 	70.455658 	70.576202 	73.437050 	67.675697 	66.309875 	75.610847 	
5.099020 	999.000000 	37.202152 	39.661064 	30.463093 	41.182522 	42.544094 	13.341664 	12.649111 	44.821869 	49.162994 	105.118980 	37.000000 	40.311287 	77.620872 	28.071337 	21.587032 	23.769728 	88.090858 	48.836460 	26.925823 	37.483330 	40.024994 	43.416588 	43.566040 	41.976185 	39.217342 	43.174065 	42.449970 	39.924931 	35.355339 	43.324360 	53.084839 	43.657761 	39.051247 	60.074955 	52.773098 	53.758720 	61.131008 	59.413803 	60.299255 	63.071388 	68.066147 	47.434166 	60.827625 	63.639610 	65.375839 	65.490456 	68.359344 	62.625874 	61.326992 	70.576202 	
40.816662 	37.202152 	999.000000 	3.000000 	10.198039 	6.324555 	7.071068 	48.104053 	31.622776 	82.006096 	83.168503 	73.498299 	11.180340 	77.336922 	40.459858 	20.099751 	28.460499 	57.628117 	50.990196 	22.203604 	53.225933 	28.861740 	32.280025 	30.870699 	31.780497 	32.893768 	35.693138 	34.176014 	34.785053 	37.656342 	47.265209 	37.643059 	33.970577 	38.600517 	47.000000 	35.510563 	38.013157 	38.600517 	40.459858 	41.012192 	41.036568 	41.400482 	42.485291 	49.819675 	43.863426 	45.276924 	45.453274 	46.097721 	47.801674 	51.865211 	53.712196 	59.203041 	
43.416588 	39.661064 	3.000000 	999.000000 	11.180340 	3.605551 	4.123106 	50.209560 	33.421551 	84.403793 	86.023254 	72.780495 	10.198039 	79.649231 	38.209946 	20.615528 	29.546574 	59.548298 	48.795490 	19.849434 	54.589375 	28.284271 	31.575306 	29.732138 	30.675724 	32.015621 	35.227829 	33.241539 	33.955853 	37.215588 	47.675991 	36.878178 	32.015621 	37.854988 	47.095646 	33.015148 	36.359318 	36.891735 	38.209946 	38.948685 	38.897301 	39.051247 	39.824615 	49.365982 	41.868843 	43.139309 	43.185646 	43.863426 	45.453274 	50.249378 	52.325901 	57.428215 	
34.785053 	30.463093 	10.198039 	11.180340 	999.000000 	11.313708 	12.727922 	39.824615 	22.627417 	74.625732 	78.644768 	83.677956 	7.000000 	69.634758 	48.836460 	10.000000 	18.384777 	48.795490 	59.464275 	20.223749 	43.416588 	20.124611 	23.706539 	23.430750 	24.207438 	24.698177 	26.570660 	26.076809 	26.419689 	28.460499 	37.121422 	29.068884 	29.154760 	29.966648 	37.054016 	33.241539 	31.890438 	32.649654 	36.674240 	36.359318 	36.715118 	38.078865 	41.000000 	40.521599 	38.832977 	40.816662 	41.593269 	42.059483 	44.283180 	45.276924 	46.400433 	53.037724 	
45.188496 	41.182522 	6.324555 	3.605551 	11.313708 	999.000000 	1.414214 	51.088158 	33.941124 	85.702972 	88.323273 	74.148499 	8.062258 	80.802231 	37.536648 	19.697716 	29.154760 	60.108234 	48.166378 	16.278820 	54.378304 	26.019224 	29.154760 	26.925823 	27.892651 	29.427877 	33.015148 	30.594116 	31.400637 	35.014282 	46.324940 	34.365681 	28.600698 	35.355339 	45.398239 	29.410883 	33.120991 	33.615471 	34.655445 	35.468296 	35.383614 	35.468296 	36.235340 	47.095646 	38.418747 	39.623226 	39.623226 	40.311287 	41.868843 	47.010635 	49.244289 	54.083271 	
46.518814 	42.544094 	7.071068 	4.123106 	12.727922 	1.414214 	999.000000 	52.497620 	35.355339 	87.091904 	89.560036 	72.993149 	9.219544 	82.200974 	36.124783 	21.023796 	30.528675 	61.522354 	46.754681 	16.278820 	55.758408 	27.000000 	30.066593 	27.658634 	28.635643 	30.265491 	34.000000 	31.400637 	32.249031 	36.000000 	47.539455 	35.227829 	28.844410 	36.221542 	46.529560 	29.206163 	33.541019 	34.000000 	34.655445 	35.608986 	35.468296 	35.383614 	35.846897 	48.041649 	38.600517 	39.698868 	39.597980 	40.311287 	41.773197 	47.413078 	49.769470 	54.378304 	
14.142136 	13.341664 	48.104053 	50.209560 	39.824615 	51.088158 	52.497620 	999.000000 	17.492855 	35.341194 	46.872166 	118.067780 	45.486263 	30.016663 	88.413803 	34.438351 	25.298222 	10.440307 	99.005051 	55.542778 	16.401220 	40.607880 	42.190044 	46.529560 	46.389652 	44.181442 	40.000000 	45.099888 	44.045429 	40.049969 	30.463093 	44.011364 	56.885849 	44.045429 	35.114101 	65.000000 	55.145264 	56.142673 	64.629715 	62.289646 	63.387695 	66.753281 	72.780495 	44.271889 	63.071388 	66.121101 	68.264191 	68.183578 	71.253067 	62.514000 	60.207973 	70.035706 	
17.720045 	12.649111 	31.622776 	33.421551 	22.627417 	33.941124 	35.355339 	17.492855 	999.000000 	52.773098 	61.000000 	103.817146 	28.017851 	47.507893 	71.449280 	17.088007 	9.055386 	26.172504 	82.073135 	38.275318 	22.561028 	25.079872 	27.459061 	31.064449 	31.144823 	29.427877 	26.570660 	30.594116 	29.832869 	27.313000 	24.698177 	30.675724 	41.012192 	31.016125 	27.658634 	48.507732 	40.311287 	41.303753 	49.000000 	47.095646 	48.041649 	51.009804 	56.435802 	35.468296 	48.373547 	51.244511 	53.084839 	53.150730 	56.080299 	49.979996 	48.754486 	57.939625 	
41.725292 	44.821869 	82.006096 	84.403793 	74.625732 	85.702972 	87.091904 	35.341194 	52.773098 	999.000000 	27.784887 	147.299011 	80.622574 	6.000000 	122.441826 	69.778221 	60.539242 	29.427877 	132.909744 	90.873535 	42.047592 	75.286118 	76.400261 	81.043198 	80.777473 	78.339005 	73.545906 	79.075912 	77.878113 	73.164200 	60.074955 	77.278717 	91.482239 	77.103828 	65.069191 	99.929977 	89.050545 	90.027771 	98.954536 	96.317184 	97.514099 	101.138519 	107.563934 	74.006760 	96.690224 	99.824844 	102.181213 	101.980392 	105.118980 	94.260277 	91.049438 	101.044548 	
44.283180 	49.162994 	83.168503 	86.023254 	78.644768 	88.323273 	89.560036 	46.872166 	61.000000 	27.784887 	999.000000 	137.887634 	85.510231 	31.240999 	121.671692 	77.233414 	70.007141 	47.010635 	131.487640 	97.867256 	60.166435 	86.023254 	88.141930 	92.021736 	92.048897 	90.138779 	86.469650 	91.197586 	90.271812 	86.700638 	76.922035 	90.553848 	102.004898 	90.669731 	81.743500 	109.224541 	101.123688 	102.122475 	110.000000 	108.041656 	109.018349 	112.004463 	117.209213 	90.956032 	109.165016 	112.111549 	114.039467 	114.070152 	117.038452 	109.329773 	107.079407 	116.901665 	
106.677086 	105.118980 	73.498299 	72.780495 	83.677956 	74.148499 	72.993149 	118.067780 	103.817146 	147.299011 	137.887634 	999.000000 	82.200974 	143.961807 	46.572525 	93.391647 	101.921539 	128.378342 	41.593269 	84.005951 	126.194298 	99.724625 	102.489021 	99.181648 	100.179840 	102.313248 	106.677086 	103.237587 	104.307236 	108.664619 	120.415947 	107.298645 	96.083298 	108.295891 	119.519875 	90.669731 	102.044106 	102.078400 	97.739449 	100.498756 	99.609238 	97.015465 	91.983696 	120.415947 	103.585716 	102.956299 	101.271912 	102.259476 	101.788994 	114.437759 	118.207443 	119.218285 	
41.484936 	37.000000 	11.180340 	10.198039 	7.000000 	8.062258 	9.219544 	45.486263 	28.017851 	80.622574 	85.510231 	82.200974 	999.000000 	75.471848 	44.407207 	12.206555 	22.022715 	53.907330 	55.000000 	13.341664 	47.201694 	18.110771 	21.377558 	19.697716 	20.615528 	21.840330 	25.079872 	23.086792 	23.769728 	27.073973 	38.327538 	26.683329 	23.430750 	27.658634 	37.336308 	26.570660 	27.018513 	27.658634 	30.528675 	30.610456 	30.805843 	31.764761 	34.205261 	39.204590 	33.301651 	35.000000 	35.510563 	36.055511 	38.078865 	40.804413 	42.544094 	48.270073 	
37.643059 	40.311287 	77.336922 	79.649231 	69.634758 	80.802231 	82.200974 	30.016663 	47.507893 	6.000000 	31.240999 	143.961807 	75.471848 	999.000000 	117.796432 	64.412735 	55.036350 	23.537205 	128.316010 	85.428329 	36.055511 	69.570107 	70.604530 	75.286118 	75.000000 	72.532753 	67.683083 	73.246162 	72.034714 	67.268120 	54.083271 	71.386276 	85.726311 	71.196907 	59.076221 	94.244362 	83.198555 	84.172440 	93.145050 	90.470993 	91.678787 	95.336250 	101.833199 	68.007355 	90.801979 	93.941475 	96.317184 	96.104111 	99.247169 	88.277969 	85.052925 	95.047356 	
81.024689 	77.620872 	40.459858 	38.209946 	48.836460 	37.536648 	36.124783 	88.413803 	71.449280 	122.441826 	121.671692 	46.572525 	44.407207 	117.796432 	999.000000 	56.612720 	66.400299 	97.621719 	10.630146 	41.109608 	91.607857 	59.093147 	61.098282 	56.920998 	57.870544 	60.406952 	65.551506 	61.032780 	62.297672 	67.416618 	81.394104 	65.145988 	51.623638 	66.098412 	79.309517 	45.011108 	57.706154 	57.558666 	52.000000 	55.036350 	54.009258 	51.039200 	45.541191 	78.160095 	58.008621 	57.035076 	55.145264 	56.142673 	55.443665 	69.028976 	73.171036 	73.171036 	
33.015148 	28.071337 	20.099751 	20.615528 	10.000000 	19.697716 	21.023796 	34.438351 	17.088007 	69.778221 	77.233414 	93.391647 	12.206555 	64.412735 	56.612720 	999.000000 	9.899495 	42.201897 	67.201187 	21.189621 	35.000000 	12.041595 	15.556349 	17.000000 	17.492855 	17.029387 	17.492855 	18.439089 	18.384777 	19.235384 	27.166155 	20.615528 	25.495098 	21.400934 	27.073973 	32.015621 	26.400757 	27.313000 	33.541019 	32.280025 	32.984844 	35.355339 	40.012497 	31.016125 	34.176014 	36.687874 	38.078865 	38.327538 	41.000000 	38.600517 	38.897301 	46.615448 	
26.683329 	21.587032 	28.460499 	29.546574 	18.384777 	29.154760 	30.528675 	25.298222 	9.055386 	60.539242 	70.007141 	101.921539 	22.022715 	55.036350 	66.400299 	9.899495 	999.000000 	32.449963 	77.006493 	30.413813 	25.238859 	16.031219 	18.439089 	22.022715 	22.090721 	20.396078 	17.888544 	21.587032 	20.880613 	18.867962 	20.396078 	21.931713 	32.062439 	22.360680 	21.931713 	39.812057 	31.257000 	32.249031 	40.012497 	38.052597 	39.012817 	42.047592 	47.675991 	28.425341 	39.319206 	42.190044 	44.045429 	44.102154 	47.042534 	41.231056 	40.311287 	49.244289 	
24.020824 	23.769728 	57.628117 	59.548298 	48.795490 	60.108234 	61.522354 	10.440307 	26.172504 	29.427877 	47.010635 	128.378342 	53.907330 	23.537205 	97.621719 	42.201897 	32.449963 	999.000000 	108.245094 	62.769421 	13.341664 	46.238514 	47.127487 	51.865211 	51.546097 	49.040798 	44.147480 	49.729267 	48.507732 	43.737854 	31.064449 	47.853943 	62.297672 	47.675991 	36.055511 	70.936592 	59.665737 	60.638271 	69.641945 	66.940269 	68.154236 	71.840103 	78.434685 	45.177429 	67.268120 	70.405968 	72.780495 	72.567207 	75.709976 	65.030762 	62.032249 	72.027771 	
91.400215 	88.090858 	50.990196 	48.795490 	59.464275 	48.166378 	46.754681 	99.005051 	82.073135 	132.909744 	131.487640 	41.593269 	55.000000 	128.316010 	10.630146 	67.201187 	77.006493 	108.245094 	999.000000 	51.078373 	102.200783 	69.318108 	71.175842 	66.850578 	67.779053 	70.384659 	75.643906 	70.936592 	72.235725 	77.472572 	91.706055 	75.026665 	60.876926 	75.960518 	89.470665 	53.600372 	66.940269 	66.708321 	60.406952 	63.639610 	62.514000 	59.211487 	53.000000 	87.920418 	66.483078 	65.192024 	63.071388 	64.070274 	63.000000 	77.524193 	81.884064 	81.024689 	
53.600372 	48.836460 	22.203604 	19.849434 	20.223749 	16.278820 	16.278820 	55.542778 	38.275318 	90.873535 	97.867256 	84.005951 	13.341664 	85.428329 	41.109608 	21.189621 	30.413813 	62.769421 	51.078373 	999.000000 	53.907330 	18.601076 	20.124611 	15.811388 	16.763054 	19.313208 	24.596748 	19.924858 	21.189621 	26.400757 	41.048752 	24.041630 	13.000000 	25.000000 	38.470768 	13.416408 	18.439089 	18.681541 	18.384777 	19.416489 	19.209373 	19.209373 	20.880613 	37.107952 	22.472204 	23.430750 	23.345236 	24.041630 	25.612497 	31.953091 	34.928497 	38.470768 	
29.546574 	26.925823 	53.225933 	54.589375 	43.416588 	54.378304 	55.758408 	16.401220 	22.561028 	42.047592 	60.166435 	126.194298 	47.201694 	36.055511 	91.607857 	35.000000 	25.238859 	13.341664 	102.200783 	53.907330 	999.000000 	36.055511 	36.235340 	41.182522 	40.706264 	38.013157 	32.695564 	38.483765 	37.161808 	31.953091 	18.027756 	36.055511 	51.429562 	35.735138 	23.021729 	60.415230 	48.104053 	49.040798 	58.309521 	55.362442 	56.648037 	60.539242 	67.542580 	32.015621 	55.362442 	58.523499 	61.032780 	60.728905 	63.890530 	52.239830 	49.010204 	59.008472 	
42.579338 	37.483330 	28.861740 	28.284271 	20.124611 	26.019224 	27.000000 	40.607880 	25.079872 	75.286118 	86.023254 	99.724625 	18.110771 	69.570107 	59.093147 	12.041595 	16.031219 	46.238514 	69.318108 	18.601076 	36.055511 	999.000000 	3.605551 	6.000000 	6.082763 	5.000000 	7.000000 	6.403124 	6.403124 	9.000000 	22.472204 	8.944272 	16.278820 	9.848858 	20.248457 	24.698177 	15.297058 	16.278820 	24.083189 	22.022715 	23.000000 	26.172504 	32.280025 	21.095022 	23.345236 	26.172504 	28.017851 	28.071337 	31.016125 	26.627054 	26.870058 	34.669872 	
45.122055 	40.024994 	32.280025 	31.575306 	23.706539 	29.154760 	30.066593 	42.190044 	27.459061 	76.400261 	88.141930 	102.489021 	21.377558 	70.604530 	61.098282 	15.556349 	18.439089 	47.127487 	71.175842 	20.124611 	36.235340 	3.605551 	999.000000 	5.000000 	4.472136 	2.000000 	4.472136 	3.162278 	2.828427 	6.324555 	21.260292 	5.385165 	15.231546 	6.324555 	18.357559 	24.186773 	13.000000 	14.000000 	22.561028 	20.099751 	21.213203 	24.738634 	31.384710 	18.000000 	21.023796 	24.000000 	26.076809 	26.019224 	29.068884 	23.323807 	23.345236 	31.384710 	
48.507732 	43.416588 	30.870699 	29.732138 	23.430750 	26.925823 	27.658634 	46.529560 	31.064449 	81.043198 	92.021736 	99.181648 	19.697716 	75.286118 	56.920998 	17.000000 	22.022715 	51.865211 	66.850578 	15.811388 	41.182522 	6.000000 	5.000000 	999.000000 	1.000000 	3.605551 	9.219544 	4.123106 	5.385165 	10.816654 	26.172504 	8.246211 	10.440307 	9.219544 	23.021729 	19.235384 	9.486833 	10.440307 	18.110771 	16.031219 	17.000000 	20.223749 	26.570660 	21.377558 	17.464249 	20.223749 	22.022715 	22.090721 	25.019993 	21.931713 	23.021729 	29.832869 	
48.662102 	43.566040 	31.780497 	30.675724 	24.207438 	27.892651 	28.635643 	46.389652 	31.144823 	80.777473 	92.048897 	100.179840 	20.615528 	75.000000 	57.870544 	17.492855 	22.090721 	51.546097 	67.779053 	16.763054 	40.706264 	6.082763 	4.472136 	1.000000 	999.000000 	2.828427 	8.485281 	3.162278 	4.472136 	10.000000 	25.455845 	7.280110 	10.770329 	8.246211 	22.203604 	19.723083 	9.219544 	10.198039 	18.248287 	16.000000 	17.029387 	20.396078 	26.925823 	20.396078 	17.262676 	20.099751 	22.000000 	22.022715 	25.000000 	21.260292 	22.203604 	29.206163 	
47.074409 	41.976185 	32.893768 	32.015621 	24.698177 	29.427877 	30.265491 	44.181442 	29.427877 	78.339005 	90.138779 	102.313248 	21.840330 	72.532753 	60.406952 	17.029387 	20.396078 	49.040798 	70.384659 	19.313208 	38.013157 	5.000000 	2.000000 	3.605551 	2.828427 	999.000000 	5.656854 	1.414214 	2.000000 	7.211102 	22.627417 	5.000000 	13.416408 	6.000000 	19.416489 	22.472204 	11.000000 	12.000000 	20.615528 	18.110771 	19.235384 	22.803509 	29.546574 	18.110771 	19.026299 	22.000000 	24.083189 	24.020824 	27.073973 	21.633308 	21.931713 	29.681644 	
44.271889 	39.217342 	35.693138 	35.227829 	26.570660 	33.015148 	34.000000 	40.000000 	26.570660 	73.545906 	86.469650 	106.677086 	25.079872 	67.683083 	65.551506 	17.492855 	17.888544 	44.147480 	75.643906 	24.596748 	32.695564 	7.000000 	4.472136 	9.219544 	8.485281 	5.656854 	999.000000 	5.830952 	4.472136 	2.000000 	16.970562 	4.123106 	18.867962 	4.472136 	13.892444 	28.017851 	15.524175 	16.492422 	25.632011 	22.803509 	24.041630 	27.856777 	34.885529 	14.142136 	23.194826 	26.305893 	28.635643 	28.442924 	31.575306 	23.409399 	22.472204 	31.384710 	
48.270073 	43.174065 	34.176014 	33.241539 	26.076809 	30.594116 	31.400637 	45.099888 	30.594116 	79.075912 	91.197586 	103.237587 	23.086792 	73.246162 	61.032780 	18.439089 	21.587032 	49.729267 	70.936592 	19.924858 	38.483765 	6.403124 	3.162278 	4.123106 	3.162278 	1.414214 	5.830952 	999.000000 	1.414214 	7.071068 	22.671568 	4.123106 	13.038404 	5.099020 	19.209373 	22.203604 	10.049875 	11.045361 	19.924858 	17.262676 	18.439089 	22.135944 	29.068884 	17.262676 	18.000000 	21.023796 	23.194826 	23.086792 	26.172504 	20.248457 	20.518284 	28.301943 	
47.539455 	42.449970 	34.785053 	33.955853 	26.419689 	31.400637 	32.249031 	44.045429 	29.832869 	77.878113 	90.271812 	104.307236 	23.769728 	72.034714 	62.297672 	18.384777 	20.880613 	48.507732 	72.235725 	21.189621 	37.161808 	6.403124 	2.828427 	5.385165 	4.472136 	2.000000 	4.472136 	1.414214 	999.000000 	5.656854 	21.260292 	3.000000 	14.422205 	4.000000 	17.804493 	23.600847 	11.180340 	12.165525 	21.189621 	18.439089 	19.646883 	23.409399 	30.413813 	16.124516 	19.026299 	22.090721 	24.331051 	24.186773 	27.294687 	20.591261 	20.518284 	28.653097 	
44.944408 	39.924931 	37.656342 	37.215588 	28.460499 	35.014282 	36.000000 	40.049969 	27.313000 	73.164200 	86.700638 	108.664619 	27.073973 	67.268120 	67.416618 	19.235384 	18.867962 	43.737854 	77.472572 	26.400757 	31.953091 	9.000000 	6.324555 	10.816654 	10.000000 	7.211102 	2.000000 	7.071068 	5.656854 	999.000000 	15.620500 	4.123106 	20.000000 	4.000000 	12.206555 	29.206163 	16.155495 	17.088007 	26.400757 	23.409399 	24.698177 	28.635643 	35.846897 	12.165525 	23.537205 	26.683329 	29.120440 	28.861740 	32.015621 	22.803509 	21.470911 	30.675724 	
39.698868 	35.355339 	47.265209 	47.675991 	37.121422 	46.324940 	47.539455 	30.463093 	24.698177 	60.074955 	76.922035 	120.415947 	38.327538 	54.083271 	81.394104 	27.166155 	20.396078 	31.064449 	91.706055 	41.048752 	18.027756 	22.472204 	21.260292 	26.172504 	25.455845 	22.627417 	16.970562 	22.671568 	21.260292 	15.620500 	999.000000 	19.416489 	35.608986 	18.867962 	5.000000 	44.821869 	31.384710 	32.249031 	41.677334 	38.470768 	39.824615 	43.908997 	51.312767 	14.142136 	38.078865 	41.231056 	43.863426 	43.462627 	46.615448 	34.234486 	31.000000 	41.000000 	
48.383881 	43.324360 	37.643059 	36.878178 	29.068884 	34.365681 	35.227829 	44.011364 	30.675724 	77.278717 	90.553848 	107.298645 	26.683329 	71.386276 	65.145988 	20.615528 	21.931713 	47.853943 	75.026665 	24.041630 	36.055511 	8.944272 	5.385165 	8.246211 	7.280110 	5.000000 	4.123106 	4.123106 	3.000000 	4.123106 	19.416489 	999.000000 	16.278820 	1.000000 	15.556349 	25.495098 	12.083046 	13.000000 	22.360680 	19.313208 	20.615528 	24.596748 	31.906113 	13.152946 	19.416489 	22.561028 	25.000000 	24.738634 	27.892651 	19.313208 	18.601076 	27.313000 	
58.137768 	53.084839 	33.970577 	32.015621 	29.154760 	28.600698 	28.844410 	56.885849 	41.012192 	91.482239 	102.004898 	96.083298 	23.430750 	85.726311 	51.623638 	25.495098 	32.062439 	62.297672 	60.876926 	13.000000 	51.429562 	16.278820 	15.231546 	10.440307 	10.770329 	13.416408 	18.867962 	13.038404 	14.422205 	20.000000 	35.608986 	16.278820 	999.000000 	16.970562 	31.827662 	9.219544 	6.082763 	6.000000 	8.062258 	7.211102 	7.615773 	10.000000 	16.155495 	27.784887 	9.899495 	11.661903 	12.649111 	13.000000 	15.524175 	18.973665 	22.203604 	25.553865 	
48.703182 	43.657761 	38.600517 	37.854988 	29.966648 	35.355339 	36.221542 	44.045429 	31.016125 	77.103828 	90.669731 	108.295891 	27.658634 	71.196907 	66.098412 	21.400934 	22.360680 	47.675991 	75.960518 	25.000000 	35.735138 	9.848858 	6.324555 	9.219544 	8.246211 	6.000000 	4.472136 	5.099020 	4.000000 	4.000000 	18.867962 	1.000000 	16.970562 	999.000000 	14.866069 	26.172504 	12.529964 	13.416408 	22.825424 	19.697716 	21.023796 	25.059929 	32.449963 	12.165525 	19.646883 	22.803509 	25.298222 	25.000000 	28.160255 	18.973665 	18.027756 	26.925823 	
43.600460 	39.051247 	47.000000 	47.095646 	37.054016 	45.398239 	46.529560 	35.114101 	27.658634 	65.069191 	81.743500 	119.519875 	37.336308 	59.076221 	79.309517 	27.073973 	21.931713 	36.055511 	89.470665 	38.470768 	23.021729 	20.248457 	18.357559 	23.021729 	22.203604 	19.416489 	13.892444 	19.209373 	17.804493 	12.206555 	5.000000 	15.556349 	31.827662 	14.866069 	999.000000 	41.036568 	27.202942 	28.017851 	37.443291 	34.132095 	35.510563 	39.661064 	47.201694 	9.219544 	33.541019 	36.674240 	39.357338 	38.910152 	42.047592 	29.274563 	26.000000 	36.000000 	
65.030762 	60.074955 	35.510563 	33.015148 	33.241539 	29.410883 	29.206163 	65.000000 	48.507732 	99.929977 	109.224541 	90.669731 	26.570660 	94.244362 	45.011108 	32.015621 	39.812057 	70.936592 	53.600372 	13.416408 	60.415230 	24.698177 	24.186773 	19.235384 	19.723083 	22.472204 	28.017851 	22.203604 	23.600847 	29.206163 	44.821869 	25.495098 	9.219544 	26.172504 	41.036568 	999.000000 	14.422205 	13.892444 	7.071068 	10.049875 	9.000000 	6.708204 	8.000000 	36.619667 	13.000000 	12.369317 	11.180340 	12.083046 	12.806249 	24.020824 	28.284271 	28.635643 	
57.870544 	52.773098 	38.013157 	36.359318 	31.890438 	33.120991 	33.541019 	55.145264 	40.311287 	89.050545 	101.123688 	102.044106 	27.018513 	83.198555 	57.706154 	26.400757 	31.257000 	59.665737 	66.940269 	18.439089 	48.104053 	15.297058 	13.000000 	9.486833 	9.219544 	11.000000 	15.524175 	10.049875 	11.180340 	16.155495 	31.384710 	12.083046 	6.082763 	12.529964 	27.202942 	14.422205 	999.000000 	1.000000 	10.295630 	7.280110 	8.544003 	12.529964 	20.000000 	22.203604 	8.062258 	11.000000 	13.152946 	13.038404 	16.124516 	13.892444 	16.492422 	21.260292 	
58.855755 	53.758720 	38.600517 	36.891735 	32.649654 	33.615471 	34.000000 	56.142673 	41.303753 	90.027771 	102.122475 	102.078400 	27.658634 	84.172440 	57.558666 	27.313000 	32.249031 	60.638271 	66.708321 	18.681541 	49.040798 	16.278820 	14.000000 	10.440307 	10.198039 	12.000000 	16.492422 	11.045361 	12.165525 	17.088007 	32.249031 	13.000000 	6.000000 	13.416408 	28.017851 	13.892444 	1.000000 	999.000000 	9.433981 	6.324555 	7.615773 	11.661903 	19.209373 	22.803509 	7.071068 	10.000000 	12.165525 	12.041595 	15.132746 	13.416408 	16.278820 	20.615528 	
66.189125 	61.131008 	40.459858 	38.209946 	36.674240 	34.655445 	34.655445 	64.629715 	49.000000 	98.954536 	110.000000 	97.739449 	30.528675 	93.145050 	52.000000 	33.541019 	40.012497 	69.641945 	60.406952 	18.384777 	58.309521 	24.083189 	22.561028 	18.110771 	18.248287 	20.615528 	25.632011 	19.924858 	21.189621 	26.400757 	41.677334 	22.360680 	8.062258 	22.825424 	37.443291 	7.071068 	10.295630 	9.433981 	999.000000 	3.605551 	2.236068 	2.236068 	9.899495 	31.827662 	6.082763 	5.385165 	5.000000 	5.656854 	7.615773 	17.117243 	21.587032 	21.587032 	
64.498062 	59.413803 	41.012192 	38.948685 	36.359318 	35.468296 	35.608986 	62.289646 	47.095646 	96.317184 	108.041656 	100.498756 	30.610456 	90.470993 	55.036350 	32.280025 	38.052597 	66.940269 	63.639610 	19.416489 	55.362442 	22.022715 	20.099751 	16.031219 	16.000000 	18.110771 	22.803509 	17.262676 	18.439089 	23.409399 	38.470768 	19.313208 	7.211102 	19.697716 	34.132095 	10.049875 	7.280110 	6.324555 	3.605551 	999.000000 	1.414214 	5.656854 	13.453624 	28.284271 	3.162278 	4.472136 	6.000000 	6.082763 	9.000000 	14.000000 	18.248287 	19.313208 	
65.375839 	60.299255 	41.036568 	38.897301 	36.715118 	35.383614 	35.468296 	63.387695 	48.041649 	97.514099 	109.018349 	99.609238 	30.805843 	91.678787 	54.009258 	32.984844 	39.012817 	68.154236 	62.514000 	19.209373 	56.648037 	23.000000 	21.213203 	17.000000 	17.029387 	19.235384 	24.041630 	18.439089 	19.646883 	24.698177 	39.824615 	20.615528 	7.615773 	21.023796 	35.510563 	9.000000 	8.544003 	7.615773 	2.236068 	1.414214 	999.000000 	4.242640 	12.041595 	29.698484 	4.000000 	4.242640 	5.099020 	5.385165 	8.062258 	15.033297 	19.416489 	19.924858 	
68.117546 	63.071388 	41.400482 	39.051247 	38.078865 	35.468296 	35.383614 	66.753281 	51.009804 	101.138519 	112.004463 	97.015465 	31.764761 	95.336250 	51.039200 	35.355339 	42.047592 	71.840103 	59.211487 	19.209373 	60.539242 	26.172504 	24.738634 	20.223749 	20.396078 	22.803509 	27.856777 	22.135944 	23.409399 	28.635643 	43.908997 	24.596748 	10.000000 	25.059929 	39.661064 	6.708204 	12.529964 	11.661903 	2.236068 	5.656854 	4.242640 	999.000000 	7.810250 	33.941124 	7.615773 	6.000000 	4.472136 	5.385165 	6.403124 	18.439089 	23.086792 	22.203604 	
73.027390 	68.066147 	42.485291 	39.824615 	41.000000 	36.235340 	35.846897 	72.780495 	56.435802 	107.563934 	117.209213 	91.983696 	34.205261 	101.833199 	45.541191 	40.012497 	47.675991 	78.434685 	53.000000 	20.880613 	67.542580 	32.280025 	31.384710 	26.570660 	26.925823 	29.546574 	34.885529 	29.068884 	30.413813 	35.846897 	51.312767 	31.906113 	16.155495 	32.449963 	47.201694 	8.000000 	20.000000 	19.209373 	9.899495 	13.453624 	12.041595 	7.810250 	999.000000 	41.725292 	15.264338 	13.000000 	10.440307 	11.401754 	10.000000 	25.632011 	30.463093 	28.071337 	
52.153618 	47.434166 	49.819675 	49.365982 	40.521599 	47.095646 	48.041649 	44.271889 	35.468296 	74.006760 	90.956032 	120.415947 	39.204590 	68.007355 	78.160095 	31.016125 	28.425341 	45.177429 	87.920418 	37.107952 	32.015621 	21.095022 	18.000000 	21.377558 	20.396078 	18.110771 	14.142136 	17.262676 	16.124516 	12.165525 	14.142136 	13.152946 	27.784887 	12.165525 	9.219544 	36.619667 	22.203604 	22.803509 	31.827662 	28.284271 	29.698484 	33.941124 	41.725292 	999.000000 	27.018513 	30.000000 	32.802441 	32.202484 	35.227829 	20.880613 	17.117243 	27.073973 	
65.924202 	60.827625 	43.863426 	41.868843 	38.832977 	38.418747 	38.600517 	63.071388 	48.373547 	96.690224 	109.165016 	103.585716 	33.301651 	90.801979 	58.008621 	34.176014 	39.319206 	67.268120 	66.483078 	22.472204 	55.362442 	23.345236 	21.023796 	17.464249 	17.262676 	19.026299 	23.194826 	18.000000 	19.026299 	23.537205 	38.078865 	19.416489 	9.899495 	19.646883 	33.541019 	13.000000 	8.062258 	7.071068 	6.082763 	3.162278 	4.000000 	7.615773 	15.264338 	27.018513 	999.000000 	3.162278 	5.830952 	5.385165 	8.544003 	11.045361 	15.524175 	16.155495 	
68.731361 	63.639610 	45.276924 	43.139309 	40.816662 	39.623226 	39.698868 	66.121101 	51.244511 	99.824844 	112.111549 	102.956299 	35.000000 	93.941475 	57.035076 	36.687874 	42.190044 	70.405968 	65.192024 	23.430750 	58.523499 	26.172504 	24.000000 	20.223749 	20.099751 	22.000000 	26.305893 	21.023796 	22.090721 	26.683329 	41.231056 	22.561028 	11.661903 	22.803509 	36.674240 	12.369317 	11.000000 	10.000000 	5.385165 	4.472136 	4.242640 	6.000000 	13.000000 	30.000000 	3.162278 	999.000000 	2.828427 	2.236068 	5.385165 	12.649111 	17.464249 	16.278820 	
70.455658 	65.375839 	45.453274 	43.185646 	41.593269 	39.623226 	39.597980 	68.264191 	53.084839 	102.181213 	114.039467 	101.271912 	35.510563 	96.317184 	55.145264 	38.078865 	44.045429 	72.780495 	63.071388 	23.345236 	61.032780 	28.017851 	26.076809 	22.022715 	22.000000 	24.083189 	28.635643 	23.194826 	24.331051 	29.120440 	43.863426 	25.000000 	12.649111 	25.298222 	39.357338 	11.180340 	13.152946 	12.165525 	5.000000 	6.000000 	5.099020 	4.472136 	10.440307 	32.802441 	5.830952 	2.828427 	999.000000 	1.000000 	3.000000 	15.231546 	20.124611 	18.027756 	
70.576202 	65.490456 	46.097721 	43.863426 	42.059483 	40.311287 	40.311287 	68.183578 	53.150730 	101.980392 	114.070152 	102.259476 	36.055511 	96.104111 	56.142673 	38.327538 	44.102154 	72.567207 	64.070274 	24.041630 	60.728905 	28.071337 	26.019224 	22.090721 	22.022715 	24.020824 	28.442924 	23.086792 	24.186773 	28.861740 	43.462627 	24.738634 	13.000000 	25.000000 	38.910152 	12.083046 	13.038404 	12.041595 	5.656854 	6.082763 	5.385165 	5.385165 	11.401754 	32.202484 	5.385165 	2.236068 	1.000000 	999.000000 	3.162278 	14.317822 	19.235384 	17.029387 	
73.437050 	68.359344 	47.801674 	45.453274 	44.283180 	41.868843 	41.773197 	71.253067 	56.080299 	105.118980 	117.038452 	101.788994 	38.078865 	99.247169 	55.443665 	41.000000 	47.042534 	75.709976 	63.000000 	25.612497 	63.890530 	31.016125 	29.068884 	25.019993 	25.000000 	27.073973 	31.575306 	26.172504 	27.294687 	32.015621 	46.615448 	27.892651 	15.524175 	28.160255 	42.047592 	12.806249 	16.124516 	15.132746 	7.615773 	9.000000 	8.062258 	6.403124 	10.000000 	35.227829 	8.544003 	5.385165 	3.000000 	3.162278 	999.000000 	16.643316 	21.633308 	18.110771 	
67.675697 	62.625874 	51.865211 	50.249378 	45.276924 	47.010635 	47.413078 	62.514000 	49.979996 	94.260277 	109.329773 	114.437759 	40.804413 	88.277969 	69.028976 	38.600517 	41.231056 	65.030762 	77.524193 	31.953091 	52.239830 	26.627054 	23.323807 	21.931713 	21.260292 	21.633308 	23.409399 	20.248457 	20.591261 	22.803509 	34.234486 	19.313208 	18.973665 	18.973665 	29.274563 	24.020824 	13.892444 	13.416408 	17.117243 	14.000000 	15.033297 	18.439089 	25.632011 	20.880613 	11.045361 	12.649111 	15.231546 	14.317822 	16.643316 	999.000000 	5.000000 	8.062258 	
66.309875 	61.326992 	53.712196 	52.325901 	46.400433 	49.244289 	49.769470 	60.207973 	48.754486 	91.049438 	107.079407 	118.207443 	42.544094 	85.052925 	73.171036 	38.897301 	40.311287 	62.032249 	81.884064 	34.928497 	49.010204 	26.870058 	23.345236 	23.021729 	22.203604 	21.931713 	22.472204 	20.518284 	20.518284 	21.470911 	31.000000 	18.601076 	22.203604 	18.027756 	26.000000 	28.284271 	16.492422 	16.278820 	21.587032 	18.248287 	19.416489 	23.086792 	30.463093 	17.117243 	15.524175 	17.464249 	20.124611 	19.235384 	21.633308 	5.000000 	999.000000 	10.000000 	
75.610847 	70.576202 	59.203041 	57.428215 	53.037724 	54.083271 	54.378304 	70.035706 	57.939625 	101.044548 	116.901665 	119.218285 	48.270073 	95.047356 	73.171036 	46.615448 	49.244289 	72.027771 	81.024689 	38.470768 	59.008472 	34.669872 	31.384710 	29.832869 	29.206163 	29.681644 	31.384710 	28.301943 	28.653097 	30.675724 	41.000000 	27.313000 	25.553865 	26.925823 	36.000000 	28.635643 	21.260292 	20.615528 	21.587032 	19.313208 	19.924858 	22.203604 	28.071337 	27.073973 	16.155495 	16.278820 	18.027756 	17.029387 	18.110771 	8.062258 	10.000000 	999.000000 	

Travel time:
9.000000 	0.127475 	1.020416 	1.085415 	0.869626 	1.129712 	1.162970 	0.353553 	0.443001 	1.043132 	1.107080 	2.666927 	1.037123 	0.941076 	2.025617 	0.825379 	0.667083 	0.600521 	2.285005 	1.340009 	0.738664 	1.064483 	1.128051 	1.212693 	1.216552 	1.176860 	1.106797 	1.206752 	1.188486 	1.123610 	0.992472 	1.209597 	1.453444 	1.217580 	1.090011 	1.625769 	1.446764 	1.471394 	1.654728 	1.612452 	1.634396 	1.702939 	1.825685 	1.303840 	1.648105 	1.718284 	1.761391 	1.764405 	1.835926 	1.691892 	1.657747 	1.890271 	
0.127475 	9.000000 	0.930054 	0.991527 	0.761577 	1.029563 	1.063602 	0.333542 	0.316228 	1.120547 	1.229075 	2.627975 	0.925000 	1.007782 	1.940522 	0.701783 	0.539676 	0.594243 	2.202271 	1.220912 	0.673146 	0.937083 	1.000625 	1.085415 	1.089151 	1.049405 	0.980434 	1.079352 	1.061249 	0.998123 	0.883883 	1.083109 	1.327121 	1.091444 	0.976281 	1.501874 	1.319327 	1.343968 	1.528275 	1.485345 	1.507481 	1.576785 	1.701654 	1.185854 	1.520691 	1.590990 	1.634396 	1.637261 	1.708984 	1.565647 	1.533175 	1.764405 	
1.020416 	0.930054 	9.000000 	0.075000 	0.254951 	0.158114 	0.176777 	1.202601 	0.790569 	2.050152 	2.079213 	1.837457 	0.279509 	1.933423 	1.011496 	0.502494 	0.711512 	1.440703 	1.274755 	0.555090 	1.330648 	0.721543 	0.807001 	0.771767 	0.794512 	0.822344 	0.892328 	0.854400 	0.869626 	0.941409 	1.181630 	0.941076 	0.849264 	0.965013 	1.175000 	0.887764 	0.950329 	0.965013 	1.011496 	1.025305 	1.025914 	1.035012 	1.062132 	1.245492 	1.096586 	1.131923 	1.136332 	1.152443 	1.195042 	1.296630 	1.342805 	1.480076 	
1.085415 	0.991527 	0.075000 	9.000000 	0.279509 	0.090139 	0.103078 	1.255239 	0.835539 	2.110095 	2.150581 	1.819512 	0.254951 	1.991231 	0.955249 	0.515388 	0.738664 	1.488707 	1.219887 	0.496236 	1.364734 	0.707107 	0.789383 	0.743303 	0.766893 	0.800391 	0.880696 	0.831038 	0.848896 	0.930390 	1.191900 	0.921954 	0.800391 	0.946375 	1.177391 	0.825379 	0.908983 	0.922293 	0.955249 	0.973717 	0.972432 	0.976281 	0.995615 	1.234150 	1.046721 	1.078483 	1.079641 	1.096586 	1.136332 	1.256234 	1.308148 	1.435705 	
0.869626 	0.761577 	0.254951 	0.279509 	9.000000 	0.282843 	0.318198 	0.995615 	0.565685 	1.865643 	1.966119 	2.091949 	0.175000 	1.740869 	1.220912 	0.250000 	0.459619 	1.219887 	1.486607 	0.505594 	1.085415 	0.503115 	0.592663 	0.585769 	0.605186 	0.617454 	0.664266 	0.651920 	0.660492 	0.711512 	0.928036 	0.726722 	0.728869 	0.749166 	0.926350 	0.831038 	0.797261 	0.816241 	0.916856 	0.908983 	0.917878 	0.951972 	1.025000 	1.013040 	0.970824 	1.020416 	1.039832 	1.051487 	1.107080 	1.131923 	1.160011 	1.325943 	
1.129712 	1.029563 	0.158114 	0.090139 	0.282843 	9.000000 	0.035355 	1.277204 	0.848528 	2.142574 	2.208082 	1.853712 	0.201556 	2.020056 	0.938416 	0.492443 	0.728869 	1.502706 	1.204159 	0.406971 	1.359458 	0.650481 	0.728869 	0.673146 	0.697316 	0.735697 	0.825379 	0.764853 	0.785016 	0.875357 	1.158123 	0.859142 	0.715017 	0.883883 	1.134956 	0.735272 	0.828025 	0.840387 	0.866386 	0.886707 	0.884590 	0.886707 	0.905883 	1.177391 	0.960469 	0.990581 	0.990581 	1.007782 	1.046721 	1.175266 	1.231107 	1.352082 	
1.162970 	1.063602 	0.176777 	0.103078 	0.318198 	0.035355 	9.000000 	1.312441 	0.883883 	2.177298 	2.239001 	1.824829 	0.230489 	2.055024 	0.903120 	0.525595 	0.763217 	1.538059 	1.168867 	0.406971 	1.393960 	0.675000 	0.751665 	0.691466 	0.715891 	0.756637 	0.850000 	0.785016 	0.806226 	0.900000 	1.188486 	0.880696 	0.721110 	0.905539 	1.163239 	0.730154 	0.838525 	0.850000 	0.866386 	0.890225 	0.886707 	0.884590 	0.896172 	1.201041 	0.965013 	0.992472 	0.989950 	1.007782 	1.044330 	1.185327 	1.244237 	1.359458 	
0.353553 	0.333542 	1.202601 	1.255239 	0.995615 	1.277204 	1.312441 	9.000000 	0.437321 	0.883530 	1.171804 	2.951694 	1.137157 	0.750417 	2.210345 	0.860959 	0.632456 	0.261008 	2.475126 	1.388569 	0.410031 	1.015197 	1.054751 	1.163239 	1.159741 	1.104536 	1.000000 	1.127497 	1.101136 	1.001249 	0.761577 	1.100284 	1.422146 	1.101136 	0.877853 	1.625000 	1.378632 	1.403567 	1.615743 	1.557241 	1.584692 	1.668832 	1.819512 	1.106797 	1.576785 	1.653028 	1.706605 	1.704589 	1.781327 	1.562850 	1.505199 	1.750893 	
0.443001 	0.316228 	0.790569 	0.835539 	0.565685 	0.848528 	0.883883 	0.437321 	9.000000 	1.319327 	1.525000 	2.595429 	0.700446 	1.187697 	1.786232 	0.427200 	0.226385 	0.654313 	2.051828 	0.956883 	0.564026 	0.626997 	0.686477 	0.776611 	0.778621 	0.735697 	0.664266 	0.764853 	0.745822 	0.682825 	0.617454 	0.766893 	1.025305 	0.775403 	0.691466 	1.212693 	1.007782 	1.032594 	1.225000 	1.177391 	1.201041 	1.275245 	1.410895 	0.886707 	1.209339 	1.281113 	1.327121 	1.328768 	1.402007 	1.249500 	1.218862 	1.448491 	
1.043132 	1.120547 	2.050152 	2.110095 	1.865643 	2.142574 	2.177298 	0.883530 	1.319327 	9.000000 	0.694622 	3.682475 	2.015564 	0.150000 	3.061046 	1.744456 	1.513481 	0.735697 	3.322744 	2.271838 	1.051190 	1.882153 	1.910007 	2.026080 	2.019437 	1.958475 	1.838648 	1.976898 	1.946953 	1.829105 	1.501874 	1.931968 	2.287056 	1.927596 	1.626730 	2.498250 	2.226264 	2.250694 	2.473863 	2.407930 	2.437852 	2.528463 	2.689098 	1.850169 	2.417256 	2.495621 	2.554530 	2.549510 	2.627975 	2.356507 	2.276236 	2.526114 	
1.107080 	1.229075 	2.079213 	2.150581 	1.966119 	2.208082 	2.239001 	1.171804 	1.525000 	0.694622 	9.000000 	3.447191 	2.137756 	0.781025 	3.041792 	1.930835 	1.750179 	1.175266 	3.287191 	2.446681 	1.504161 	2.150581 	2.203548 	2.300543 	2.301222 	2.253469 	2.161741 	2.279940 	2.256795 	2.167516 	1.923051 	2.263846 	2.550122 	2.266743 	2.043587 	2.730613 	2.528092 	2.553062 	2.750000 	2.701041 	2.725459 	2.800112 	2.930230 	2.273901 	2.729125 	2.802789 	2.850987 	2.851754 	2.925961 	2.733244 	2.676985 	2.922542 	
2.666927 	2.627975 	1.837457 	1.819512 	2.091949 	1.853712 	1.824829 	2.951694 	2.595429 	3.682475 	3.447191 	9.000000 	2.055024 	3.599045 	1.164313 	2.334791 	2.548038 	3.209459 	1.039832 	2.100149 	3.154857 	2.493116 	2.562226 	2.479541 	2.504496 	2.557831 	2.666927 	2.580940 	2.607681 	2.716615 	3.010399 	2.682466 	2.402082 	2.707397 	2.987997 	2.266743 	2.551103 	2.551960 	2.443486 	2.512469 	2.490231 	2.425387 	2.299592 	3.010399 	2.589643 	2.573907 	2.531798 	2.556487 	2.544725 	2.860944 	2.955186 	2.980457 	
1.037123 	0.925000 	0.279509 	0.254951 	0.175000 	0.201556 	0.230489 	1.137157 	0.700446 	2.015564 	2.137756 	2.055024 	9.000000 	1.886796 	1.110180 	0.305164 	0.550568 	1.347683 	1.375000 	0.333542 	1.180042 	0.452769 	0.534439 	0.492443 	0.515388 	0.546008 	0.626997 	0.577170 	0.594243 	0.676849 	0.958188 	0.667083 	0.585769 	0.691466 	0.933408 	0.664266 	0.675463 	0.691466 	0.763217 	0.765261 	0.770146 	0.794119 	0.855132 	0.980115 	0.832541 	0.875000 	0.887764 	0.901388 	0.951972 	1.020110 	1.063602 	1.206752 	
0.941076 	1.007782 	1.933423 	1.991231 	1.740869 	2.020056 	2.055024 	0.750417 	1.187697 	0.150000 	0.781025 	3.599045 	1.886796 	9.000000 	2.944911 	1.610318 	1.375909 	0.588430 	3.207900 	2.135708 	0.901388 	1.739253 	1.765113 	1.882153 	1.875000 	1.813319 	1.692077 	1.831154 	1.800868 	1.681703 	1.352082 	1.784657 	2.143158 	1.779923 	1.476906 	2.356109 	2.079964 	2.104311 	2.328626 	2.261775 	2.291970 	2.383406 	2.545830 	1.700184 	2.270050 	2.348537 	2.407930 	2.402603 	2.481179 	2.206949 	2.126323 	2.376184 	
2.025617 	1.940522 	1.011496 	0.955249 	1.220912 	0.938416 	0.903120 	2.210345 	1.786232 	3.061046 	3.041792 	1.164313 	1.110180 	2.944911 	9.000000 	1.415318 	1.660007 	2.440543 	0.265754 	1.027740 	2.290196 	1.477329 	1.527457 	1.423025 	1.446764 	1.510174 	1.638788 	1.525820 	1.557442 	1.685416 	2.034853 	1.628650 	1.290591 	1.652460 	1.982738 	1.125278 	1.442654 	1.438967 	1.300000 	1.375909 	1.350231 	1.275980 	1.138530 	1.954002 	1.450216 	1.425877 	1.378632 	1.403567 	1.386092 	1.725724 	1.829276 	1.829276 	
0.825379 	0.701783 	0.502494 	0.515388 	0.250000 	0.492443 	0.525595 	0.860959 	0.427200 	1.744456 	1.930835 	2.334791 	0.305164 	1.610318 	1.415318 	9.000000 	0.247487 	1.055047 	1.680030 	0.529741 	0.875000 	0.301040 	0.388909 	0.425000 	0.437321 	0.425735 	0.437321 	0.460977 	0.459619 	0.480885 	0.679154 	0.515388 	0.637377 	0.535023 	0.676849 	0.800391 	0.660019 	0.682825 	0.838525 	0.807001 	0.824621 	0.883883 	1.000312 	0.775403 	0.854400 	0.917197 	0.951972 	0.958188 	1.025000 	0.965013 	0.972432 	1.165386 	
0.667083 	0.539676 	0.711512 	0.738664 	0.459619 	0.728869 	0.763217 	0.632456 	0.226385 	1.513481 	1.750179 	2.548038 	0.550568 	1.375909 	1.660007 	0.247487 	9.000000 	0.811249 	1.925162 	0.760345 	0.630971 	0.400780 	0.460977 	0.550568 	0.552268 	0.509902 	0.447214 	0.539676 	0.522015 	0.471699 	0.509902 	0.548293 	0.801561 	0.559017 	0.548293 	0.995301 	0.781425 	0.806226 	1.000312 	0.951315 	0.975320 	1.051190 	1.191900 	0.710634 	0.982980 	1.054751 	1.101136 	1.102554 	1.176063 	1.030776 	1.007782 	1.231107 	
0.600521 	0.594243 	1.440703 	1.488707 	1.219887 	1.502706 	1.538059 	0.261008 	0.654313 	0.735697 	1.175266 	3.209459 	1.347683 	0.588430 	2.440543 	1.055047 	0.811249 	9.000000 	2.706127 	1.569236 	0.333542 	1.155963 	1.178187 	1.296630 	1.288652 	1.226020 	1.103687 	1.243232 	1.212693 	1.093446 	0.776611 	1.196349 	1.557442 	1.191900 	0.901388 	1.773415 	1.491643 	1.515957 	1.741049 	1.673507 	1.703856 	1.796003 	1.960867 	1.129436 	1.681703 	1.760149 	1.819512 	1.814180 	1.892749 	1.625769 	1.550806 	1.800694 	
2.285005 	2.202271 	1.274755 	1.219887 	1.486607 	1.204159 	1.168867 	2.475126 	2.051828 	3.322744 	3.287191 	1.039832 	1.375000 	3.207900 	0.265754 	1.680030 	1.925162 	2.706127 	9.000000 	1.276959 	2.555020 	1.732953 	1.779396 	1.671264 	1.694476 	1.759616 	1.891098 	1.773415 	1.805893 	1.936814 	2.292651 	1.875667 	1.521923 	1.899013 	2.236767 	1.340009 	1.673507 	1.667708 	1.510174 	1.590990 	1.562850 	1.480287 	1.325000 	2.198010 	1.662077 	1.629801 	1.576785 	1.601757 	1.575000 	1.938105 	2.047101 	2.025617 	
