Total assets = 608
Number of asset nodes = 40

Distance:
999.000000 	3.605551 	60.207973 	6.082763 	62.433964 	36.796738 	33.015148 	30.016663 	32.202484 	31.764761 	55.317268 	30.675724 	38.948685 	47.201694 	43.566040 	46.043457 	55.803226 	30.016663 	42.941822 	51.971146 	68.117546 	28.442924 	65.946945 	62.936478 	25.455845 	54.589375 	61.854668 	46.518814 	56.824291 	54.378304 	62.433964 	59.539902 	56.797886 	41.109608 	76.485291 	43.174065 	52.773098 	37.336308 	65.436989 	60.373837 	31.890438 	65.299309 	72.945183 	43.000000 	53.150730 	41.000000 	56.462376 	36.069378 	63.631752 	55.362442 	41.436699 	71.281136 	78.230431 	52.773098 	
3.605551 	999.000000 	60.415230 	4.472136 	62.649822 	37.536648 	33.301651 	30.000000 	30.528675 	31.622776 	56.400356 	29.966648 	38.832977 	47.507893 	43.600460 	46.227695 	54.671749 	27.166155 	42.720020 	50.477718 	69.202599 	25.179358 	65.069191 	63.702435 	21.931713 	53.000000 	60.605282 	46.141087 	55.226807 	54.405884 	61.032780 	57.982758 	55.072678 	38.327538 	75.663727 	42.059483 	52.478565 	34.132095 	65.855904 	58.668560 	28.425341 	63.631752 	71.610054 	41.109608 	50.695168 	37.656342 	55.901699 	32.526913 	63.513779 	54.625999 	39.115215 	71.400284 	76.843994 	51.419842 	
60.207973 	60.415230 	999.000000 	64.884514 	2.236068 	96.607452 	93.193344 	90.210861 	37.121422 	91.923882 	114.214706 	90.354858 	99.126183 	107.335922 	103.773796 	106.230881 	22.203604 	50.039986 	103.077644 	28.178005 	126.810883 	56.142673 	19.697716 	122.441826 	70.405968 	29.681644 	24.839485 	106.550461 	30.000000 	114.586212 	27.658634 	29.732138 	32.202484 	48.836460 	25.000000 	102.044106 	112.871605 	56.222771 	125.431259 	32.557640 	75.802376 	33.421551 	31.016125 	99.297531 	44.721359 	60.530983 	116.297035 	76.236473 	123.822456 	114.934761 	95.603348 	131.468628 	35.171009 	110.860275 	
6.082763 	4.472136 	64.884514 	999.000000 	67.119293 	33.421551 	29.000000 	25.612497 	34.409302 	27.202942 	52.430908 	25.495098 	34.409302 	43.185646 	39.204590 	41.868843 	58.796257 	29.832869 	38.275318 	54.405884 	65.215027 	27.018513 	69.296463 	59.548298 	20.808653 	56.859474 	64.660652 	41.677334 	59.076221 	50.000000 	65.000000 	61.854668 	58.830265 	41.000000 	79.906197 	37.643059 	48.020828 	36.013885 	61.554855 	62.433964 	26.907248 	67.416618 	75.604233 	37.013512 	53.758720 	39.115215 	51.429562 	31.400637 	59.076221 	50.159744 	35.355339 	67.007462 	80.802231 	47.074409 	
62.433964 	62.649822 	2.236068 	67.119293 	999.000000 	98.812958 	95.414886 	92.439171 	39.204590 	94.154129 	116.387283 	92.590500 	101.355812 	109.553642 	106.000000 	108.452751 	23.323807 	52.086468 	105.309067 	29.546574 	128.972870 	58.215118 	19.723083 	124.631454 	72.567207 	30.886890 	25.455845 	108.784187 	31.064449 	116.811813 	28.284271 	30.610456 	33.286633 	50.635956 	24.083189 	104.278473 	115.104301 	58.137768 	127.640121 	33.421551 	77.929459 	33.970577 	30.870699 	101.513542 	46.097721 	62.393909 	118.532700 	78.313469 	126.051575 	117.170815 	97.800819 	133.689941 	34.785053 	113.088463 	
36.796738 	37.536648 	96.607452 	33.421551 	98.812958 	999.000000 	6.000000 	10.049875 	67.801178 	10.049875 	19.235384 	15.132746 	9.219544 	11.401754 	10.198039 	11.045361 	92.195442 	61.717098 	12.083046 	87.800911 	31.906113 	57.384666 	102.591423 	26.172504 	43.931767 	90.210861 	98.081596 	15.811388 	92.417534 	19.416489 	98.407318 	95.210297 	92.086914 	72.498276 	113.172432 	21.213203 	20.024984 	65.787537 	28.844410 	95.692215 	46.097721 	100.687637 	109.018349 	29.681644 	85.866173 	67.446274 	25.179358 	51.039200 	28.861740 	25.709921 	34.014702 	35.341194 	114.201576 	29.681644 	
33.015148 	33.301651 	93.193344 	29.000000 	95.414886 	6.000000 	999.000000 	4.123106 	63.126858 	4.123106 	24.698177 	9.219544 	7.000000 	14.212670 	10.770329 	13.038404 	87.726852 	56.435802 	11.045361 	83.096329 	37.121422 	51.894123 	98.290382 	30.805843 	38.078865 	85.428329 	93.509361 	15.033297 	87.618492 	21.470911 	93.723000 	90.426765 	87.200920 	67.082039 	108.903625 	17.492855 	20.615528 	60.166435 	32.557640 	90.801979 	40.112343 	95.801880 	104.350372 	24.839485 	80.529495 	61.684681 	25.179358 	45.044422 	30.870699 	25.000000 	28.653097 	38.275318 	109.480591 	26.925823 	
30.016663 	30.000000 	90.210861 	25.612497 	92.439171 	10.049875 	4.123106 	999.000000 	59.464275 	2.000000 	28.792360 	5.830952 	8.944272 	17.691807 	13.601471 	16.278820 	84.148682 	52.478565 	13.000000 	79.397736 	41.146080 	47.853943 	94.794518 	34.669872 	33.955853 	81.688431 	89.872131 	16.763054 	83.868942 	24.413111 	90.027771 	86.683334 	83.408630 	63.063461 	105.418213 	16.763054 	22.847319 	56.080299 	36.069378 	87.005745 	36.055511 	92.005432 	100.657837 	22.671568 	76.537575 	57.567352 	26.925823 	41.012192 	33.615471 	26.305893 	25.806976 	41.400482 	105.759163 	26.683329 	
32.202484 	30.528675 	37.121422 	34.409302 	39.204590 	67.801178 	63.126858 	59.464275 	999.000000 	60.827625 	86.838928 	58.051701 	67.882248 	77.155685 	72.835434 	75.690155 	24.839485 	13.038404 	71.449280 	20.000000 	99.624290 	19.026299 	35.805027 	93.861603 	33.837849 	22.472204 	30.413813 	74.411018 	24.698177 	83.450584 	30.610456 	27.459061 	24.596748 	16.278820 	46.400433 	68.242218 	80.808418 	20.615528 	95.524864 	28.178005 	38.832977 	33.120991 	41.231056 	63.953106 	23.194826 	25.495098 	83.408630 	39.115215 	92.097771 	81.608826 	59.615433 	100.448990 	46.400433 	76.157730 	
31.764761 	31.622776 	91.923882 	27.202942 	94.154129 	10.049875 	4.123106 	2.000000 	60.827625 	999.000000 	28.160255 	5.099020 	7.211102 	16.401220 	12.041595 	14.866069 	85.562843 	53.535034 	11.180340 	80.721741 	40.311287 	48.764740 	96.260063 	33.615471 	34.481880 	82.975899 	91.241440 	14.866069 	85.146935 	22.803509 	91.350975 	87.965904 	84.646324 	64.007812 	106.887794 	14.866069 	21.023796 	56.859474 	34.713108 	88.238312 	36.221542 	93.236259 	101.980392 	21.213203 	77.524193 	58.189346 	25.000000 	41.109608 	31.906113 	24.331051 	24.698177 	39.824615 	107.056061 	24.738634 	
55.317268 	56.400356 	114.214706 	52.430908 	116.387283 	19.235384 	24.698177 	28.792360 	86.838928 	28.160255 	999.000000 	32.756680 	23.086792 	14.142136 	19.026299 	16.124516 	111.040535 	80.950600 	22.090721 	106.831642 	12.806249 	76.557167 	121.264175 	9.219544 	62.641838 	109.288612 	117.004272 	22.803509 	111.503365 	16.401220 	117.413795 	114.284729 	111.220505 	91.706055 	131.795303 	32.557640 	21.095022 	84.864601 	15.033297 	114.825958 	64.132675 	119.816528 	128.003906 	42.579338 	105.095192 	86.330757 	25.612497 	68.883957 	21.470911 	28.017851 	48.259712 	23.086792 	133.221619 	36.674240 	
30.675724 	29.966648 	90.354858 	25.495098 	92.590500 	15.132746 	9.219544 	5.830952 	58.051701 	5.099020 	32.756680 	999.000000 	10.295630 	20.124611 	15.264338 	18.357559 	82.879433 	50.000000 	13.453624 	77.781746 	44.598206 	44.944408 	93.723000 	37.576588 	30.083218 	79.931221 	88.413803 	16.401220 	82.073135 	25.495098 	88.391174 	84.899940 	81.467789 	60.207973 	104.350372 	13.000000 	22.803509 	52.773098 	38.013157 	85.041168 	31.400637 	90.027771 	99.005051 	17.204651 	73.783470 	53.851646 	25.942244 	36.221542 	34.058773 	24.698177 	20.000000 	42.426407 	104.004807 	23.021729 	
38.948685 	38.832977 	99.126183 	34.409302 	101.355812 	9.219544 	7.000000 	8.944272 	67.882248 	7.211102 	23.086792 	10.295630 	999.000000 	9.848858 	5.000000 	8.062258 	92.655273 	60.216278 	4.123106 	87.726852 	34.481880 	55.226807 	103.392456 	27.313000 	40.311287 	89.938866 	98.290382 	8.062258 	92.097771 	15.620500 	98.351410 	94.921021 	91.547798 	70.491135 	114.021927 	12.041595 	13.928389 	63.063461 	27.802877 	95.131485 	41.231056 	100.124924 	108.977058 	21.023796 	84.059502 	64.078079 	18.248287 	45.891174 	24.698177 	18.000000 	25.961510 	32.649654 	114.021927 	20.591261 	
47.201694 	47.507893 	107.335922 	43.185646 	109.553642 	11.401754 	14.212670 	17.691807 	77.155685 	16.401220 	14.142136 	20.124611 	9.848858 	999.000000 	5.099020 	2.000000 	101.833199 	69.892776 	8.000000 	97.082436 	24.738634 	65.000000 	112.449989 	17.464249 	50.159744 	99.357941 	107.563934 	8.944272 	101.533249 	8.062258 	107.712578 	104.350372 	101.044548 	80.262070 	123.069084 	18.439089 	9.848858 	72.897186 	18.384777 	104.637466 	50.960770 	109.635757 	118.342720 	28.442924 	93.813644 	73.925636 	15.231546 	55.542778 	17.464249 	16.643316 	34.132095 	24.186773 	123.434196 	23.600847 	
43.566040 	43.600460 	103.773796 	39.204590 	106.000000 	10.198039 	10.770329 	13.601471 	72.835434 	12.041595 	19.026299 	15.264338 	5.000000 	5.099020 	999.000000 	3.162278 	97.590981 	65.215027 	3.162278 	92.698433 	29.832869 	60.207973 	108.300507 	22.472204 	45.188496 	94.921021 	103.247276 	5.830952 	97.082436 	10.816654 	103.324730 	99.904953 	96.540146 	75.471848 	118.928551 	13.928389 	10.049875 	68.000000 	22.803509 	100.124924 	45.880280 	105.118980 	113.951744 	23.769728 	89.044930 	68.942001 	15.033297 	50.447994 	20.124611 	15.524175 	29.274563 	27.802877 	119.004204 	20.518284 	
46.043457 	46.227695 	106.230881 	41.868843 	108.452751 	11.045361 	13.038404 	16.278820 	75.690155 	14.866069 	16.124516 	18.357559 	8.062258 	2.000000 	3.162278 	999.000000 	100.409164 	68.242218 	6.000000 	95.587654 	26.683329 	63.285069 	111.072052 	19.313208 	48.332184 	97.836601 	106.103722 	7.211102 	100.004997 	8.544003 	106.216759 	102.825096 	99.488693 	78.549347 	121.696342 	16.492422 	9.219544 	71.119621 	19.849434 	103.077644 	49.040798 	108.074051 	116.846054 	26.476404 	92.114059 	72.090218 	14.560220 	53.600372 	18.027756 	15.652476 	32.140316 	25.238859 	121.918007 	22.022715 	
55.803226 	54.671749 	22.203604 	58.796257 	23.323807 	92.195442 	87.726852 	84.148682 	24.839485 	85.562843 	111.040535 	82.879433 	92.655273 	101.833199 	97.590981 	100.409164 	999.000000 	35.341194 	96.260063 	7.000000 	123.846680 	41.629318 	11.180340 	118.342720 	57.706154 	7.615773 	6.324555 	99.247169 	7.810250 	108.245094 	8.000000 	8.062258 	10.000000 	30.265491 	21.633308 	93.005379 	105.645638 	38.832977 	120.216469 	10.816654 	61.846584 	13.341664 	17.464249 	88.323273 	23.086792 	42.296574 	108.231232 	61.032780 	116.931602 	106.400185 	83.648071 	125.255737 	22.847319 	100.702530 	
30.016663 	27.166155 	50.039986 	29.832869 	52.086468 	61.717098 	56.435802 	52.478565 	13.038404 	53.535034 	80.950600 	50.000000 	60.216278 	69.892776 	65.215027 	68.242218 	35.341194 	999.000000 	63.411354 	29.154760 	93.536087 	6.324555 	46.518814 	87.132080 	22.472204 	30.805843 	39.962482 	65.946945 	32.802441 	75.432091 	39.408119 	35.608986 	31.890438 	11.180340 	56.824291 	58.728188 	72.249565 	9.219544 	88.005684 	35.383614 	26.570660 	40.311287 	49.819675 	53.254108 	24.166092 	14.142136 	74.249580 	26.305893 	83.546394 	72.180328 	48.373547 	92.195442 	54.561890 	65.802734 	
42.941822 	42.720020 	103.077644 	38.275318 	105.309067 	12.083046 	11.045361 	13.000000 	71.449280 	11.180340 	22.090721 	13.453624 	4.123106 	8.000000 	3.162278 	6.000000 	96.260063 	63.411354 	999.000000 	91.219513 	32.557640 	58.249462 	107.056061 	25.000000 	42.941822 	93.380943 	101.833199 	4.000000 	95.524864 	12.041595 	101.833199 	98.351410 	94.921021 	73.498299 	117.686020 	10.770329 	9.848858 	65.863495 	24.698177 	98.493652 	43.324360 	103.479469 	112.449989 	20.615528 	87.091904 	66.640831 	14.142136 	47.801674 	20.808653 	14.035668 	26.172504 	29.000000 	117.456375 	17.804493 	
51.971146 	50.477718 	28.178005 	54.405884 	29.546574 	87.800911 	83.096329 	79.397736 	20.000000 	80.721741 	106.831642 	77.781746 	87.726852 	97.082436 	92.698433 	95.587654 	7.000000 	29.154760 	91.219513 	999.000000 	119.620232 	35.355339 	17.720045 	113.850777 	51.623638 	3.000000 	10.816654 	94.069122 	5.099020 	103.247276 	10.630146 	7.615773 	6.082763 	23.345236 	27.730848 	87.458565 	100.448990 	32.015621 	115.433968 	9.055386 	55.461697 	13.601471 	21.260292 	82.377182 	16.552946 	35.355339 	102.825096 	54.424259 	111.758667 	100.895988 	77.524193 	120.208153 	26.400757 	94.868332 	
68.117546 	69.202599 	126.810883 	65.215027 	128.972870 	31.906113 	37.121422 	41.146080 	99.624290 	40.311287 	12.806249 	44.598206 	34.481880 	24.738634 	29.832869 	26.683329 	123.846680 	93.536087 	32.557640 	119.620232 	999.000000 	89.000000 	134.063416 	8.062258 	74.672615 	122.065559 	129.807556 	32.062439 	124.277916 	23.086792 	130.207520 	127.062973 	123.975807 	104.201729 	144.589066 	42.047592 	28.160255 	97.169952 	13.038404 	127.581345 	75.690155 	132.574509 	140.801285 	52.009613 	117.647781 	98.432716 	31.048349 	80.280754 	22.825424 	33.955853 	58.077534 	19.209373 	146.013702 	43.737854 	
28.442924 	25.179358 	56.142673 	27.018513 	58.215118 	57.384666 	51.894123 	47.853943 	19.026299 	48.764740 	76.557167 	44.944408 	55.226807 	65.000000 	60.207973 	63.285069 	41.629318 	6.324555 	58.249462 	35.355339 	89.000000 	999.000000 	52.801514 	82.365044 	16.401220 	36.891735 	46.141087 	60.605282 	38.832977 	70.213959 	45.486263 	41.617306 	37.802116 	15.264338 	63.063461 	53.037724 	66.843102 	9.000000 	82.927681 	41.231056 	20.248457 	46.097721 	55.803226 	47.201694 	28.844410 	12.649111 	68.622154 	20.099751 	78.102493 	66.468040 	42.190044 	86.833176 	60.440052 	59.816387 	
65.946945 	65.069191 	19.697716 	69.296463 	19.723083 	102.591423 	98.290382 	94.794518 	35.805027 	96.260063 	121.264175 	93.723000 	103.392456 	112.449989 	108.300507 	111.072052 	11.180340 	46.518814 	107.056061 	17.720045 	134.063416 	52.801514 	999.000000 	128.763351 	68.883957 	17.117243 	8.062258 	110.113579 	16.000000 	119.004204 	10.440307 	14.142136 	18.027756 	41.000000 	10.630146 	104.043259 	116.516090 	49.729267 	130.831955 	16.492422 	73.006851 	15.264338 	11.401754 	99.478638 	32.062439 	52.952808 	119.201508 	72.111023 	127.781059 	117.413795 	94.826157 	136.029404 	16.031219 	111.830231 	
62.936478 	63.702435 	122.441826 	59.548298 	124.631454 	26.172504 	30.805843 	34.669872 	93.861603 	33.615471 	9.219544 	37.576588 	27.313000 	17.464249 	22.472204 	19.313208 	118.342720 	87.132080 	25.000000 	113.850777 	8.062258 	82.365044 	128.763351 	999.000000 	67.623962 	116.211014 	124.197426 	24.186773 	118.406082 	15.033297 	124.470879 	121.210564 	118.004234 	97.616600 	139.344894 	34.132095 	20.099751 	90.338257 	6.708204 	121.605919 	68.308128 	126.605690 	135.092560 	44.045429 	111.139549 	91.389275 	23.086792 	72.801102 	15.620500 	25.961510 	50.159744 	14.560220 	140.246216 	35.693138 	
25.455845 	21.931713 	70.405968 	20.808653 	72.567207 	43.931767 	38.078865 	33.955853 	33.837849 	34.481880 	62.641838 	30.083218 	40.311287 	50.159744 	45.188496 	48.332184 	57.706154 	22.472204 	42.941822 	51.623638 	74.672615 	16.401220 	68.883957 	67.623962 	999.000000 	53.254108 	62.433964 	44.944408 	55.217751 	54.708317 	61.854668 	58.008621 	54.203320 	31.144823 	79.259071 	36.878178 	51.039200 	23.021729 	67.601776 	57.628117 	6.708204 	62.481998 	72.201111 	30.805843 	44.687805 	23.769728 	52.497620 	10.630146 	62.201286 	50.249378 	25.942244 	71.028160 	76.837494 	43.416588 	
54.589375 	53.000000 	29.681644 	56.859474 	30.886890 	90.210861 	85.428329 	81.688431 	22.472204 	82.975899 	109.288612 	79.931221 	89.938866 	99.357941 	94.921021 	97.836601 	7.615773 	30.805843 	93.380943 	3.000000 	122.065559 	36.891735 	17.117243 	116.211014 	53.254108 	999.000000 	9.486833 	96.166519 	2.236068 	105.418213 	8.602325 	5.000000 	3.162278 	24.041630 	26.570660 	89.375610 	102.532921 	32.893768 	117.686020 	6.082763 	56.824291 	10.770329 	19.104973 	84.053551 	15.524175 	35.902645 	104.804581 	55.542778 	113.846390 	102.825096 	79.075912 	122.347862 	24.083189 	96.607452 	
61.854668 	60.605282 	24.839485 	64.660652 	25.455845 	98.081596 	93.509361 	89.872131 	30.413813 	91.241440 	117.004272 	88.413803 	98.290382 	107.563934 	103.247276 	106.103722 	6.324555 	39.962482 	101.833199 	10.816654 	129.807556 	46.141087 	8.062258 	124.197426 	62.433964 	9.486833 	999.000000 	104.737770 	8.062258 	113.846390 	2.828427 	6.082763 	10.000000 	33.526108 	17.088007 	98.234413 	111.126053 	42.379242 	125.936493 	8.544003 	66.189125 	8.602325 	11.180340 	93.193344 	24.020824 	45.354160 	113.569359 	65.000000 	122.429573 	111.664673 	88.323273 	130.831955 	16.552946 	105.683487 	
46.518814 	46.141087 	106.550461 	41.677334 	108.784187 	15.811388 	15.033297 	16.763054 	74.411018 	14.866069 	22.803509 	16.401220 	8.062258 	8.944272 	5.830952 	7.211102 	99.247169 	65.946945 	4.000000 	94.069122 	32.062439 	60.605282 	110.113579 	24.186773 	44.944408 	96.166519 	104.737770 	999.000000 	98.290382 	9.848858 	104.661362 	101.118744 	97.621719 	75.802376 	120.739388 	10.000000 	6.403124 	67.955872 	22.847319 	101.178062 	44.777225 	106.150833 	115.260574 	20.024984 	89.403580 	68.476273 	10.198039 	49.040798 	17.691807 	10.049875 	26.019224 	26.248810 	120.216469 	14.866069 	
56.824291 	55.226807 	30.000000 	59.076221 	31.064449 	92.417534 	87.618492 	83.868942 	24.698177 	85.146935 	111.503365 	82.073135 	92.097771 	101.533249 	97.082436 	100.004997 	7.810250 	32.802441 	95.524864 	5.099020 	124.277916 	38.832977 	16.000000 	118.406082 	55.217751 	2.236068 	8.062258 	98.290382 	999.000000 	107.563934 	6.708204 	2.828427 	2.236068 	25.632011 	25.000000 	91.438507 	104.651802 	34.539833 	119.854080 	4.000000 	58.668560 	8.544003 	17.029387 	86.023254 	16.124516 	37.363083 	106.887794 	57.271286 	115.965515 	104.890419 	80.993828 	124.482933 	21.931713 	98.600204 	
54.378304 	54.405884 	114.586212 	50.000000 	116.811813 	19.416489 	21.470911 	24.413111 	83.450584 	22.803509 	16.401220 	25.495098 	15.620500 	8.062258 	10.816654 	8.544003 	108.245094 	75.432091 	12.041595 	103.247276 	23.086792 	70.213959 	119.004204 	15.033297 	54.708317 	105.418213 	113.846390 	9.848858 	107.563934 	999.000000 	113.863953 	110.390221 	106.962608 	85.445892 	129.634094 	19.416489 	5.099020 	77.698135 	13.000000 	110.535065 	54.625999 	115.520561 	124.482933 	29.154760 	99.045441 	78.294319 	9.219544 	58.872746 	9.486833 	11.661903 	35.355339 	17.029387 	129.495178 	20.880613 	
62.433964 	61.032780 	27.658634 	65.000000 	28.284271 	98.407318 	93.723000 	90.027771 	30.610456 	91.350975 	117.413795 	88.391174 	98.351410 	107.712578 	103.324730 	106.216759 	8.000000 	39.408119 	101.833199 	10.630146 	130.207520 	45.486263 	10.440307 	124.470879 	61.854668 	8.602325 	2.828427 	104.661362 	6.708204 	113.863953 	999.000000 	4.123106 	8.246211 	32.310989 	18.439089 	97.948967 	111.036034 	41.231056 	126.063477 	6.082763 	65.368187 	5.830952 	10.630146 	92.655273 	22.022715 	43.965897 	113.357841 	63.976559 	122.347862 	111.395691 	87.664131 	130.816666 	15.811388 	105.209312 	
59.539902 	57.982758 	29.732138 	61.854668 	30.610456 	95.210297 	90.426765 	86.683334 	27.459061 	87.965904 	114.284729 	84.899940 	94.921021 	104.350372 	99.904953 	102.825096 	8.062258 	35.608986 	98.351410 	7.615773 	127.062973 	41.617306 	14.142136 	121.210564 	58.008621 	5.000000 	6.082763 	101.118744 	2.828427 	110.390221 	4.123106 	999.000000 	4.123106 	28.231188 	22.561028 	94.260277 	107.480232 	37.161808 	122.674362 	2.828427 	61.400326 	6.082763 	14.212670 	88.814415 	18.000000 	39.849716 	109.713264 	59.933296 	118.793938 	107.712578 	83.761566 	127.310646 	19.104973 	101.400200 	
56.797886 	55.072678 	32.202484 	58.830265 	33.286633 	92.086914 	87.200920 	83.408630 	24.596748 	84.646324 	111.220505 	81.467789 	91.547798 	101.044548 	96.540146 	99.488693 	10.000000 	31.890438 	94.921021 	6.082763 	123.975807 	37.802116 	18.027756 	118.004234 	54.203320 	3.162278 	10.000000 	97.621719 	2.236068 	106.962608 	8.246211 	4.123106 	999.000000 	24.166092 	26.683329 	90.609047 	103.966339 	33.105892 	119.331474 	3.605551 	57.454330 	8.602325 	18.027756 	85.000000 	14.035668 	35.735138 	106.103722 	55.901699 	115.277924 	104.062485 	79.881165 	123.842644 	22.671568 	97.616600 	
41.109608 	38.327538 	48.836460 	41.000000 	50.635956 	72.498276 	67.082039 	63.063461 	16.278820 	64.007812 	91.706055 	60.207973 	70.491135 	80.262070 	75.471848 	78.549347 	30.265491 	11.180340 	73.498299 	23.345236 	104.201729 	15.264338 	41.000000 	97.616600 	31.144823 	24.041630 	33.526108 	75.802376 	25.632011 	85.445892 	32.310989 	28.231188 	24.166092 	999.000000 	50.596443 	68.014702 	82.006096 	8.944272 	98.183502 	27.294687 	33.600594 	31.906113 	42.059483 	61.619801 	13.601471 	12.041595 	83.630135 	31.764761 	93.236259 	81.394104 	56.222771 	102.004898 	46.324940 	74.330345 	
76.485291 	75.663727 	25.000000 	79.906197 	24.083189 	113.172432 	108.903625 	105.418213 	46.400433 	106.887794 	131.795303 	104.350372 	114.021927 	123.069084 	118.928551 	121.696342 	21.633308 	56.824291 	117.686020 	27.730848 	144.589066 	63.063461 	10.630146 	139.344894 	79.259071 	26.570660 	17.088007 	120.739388 	25.000000 	129.634094 	18.439089 	22.561028 	26.683329 	50.596443 	999.000000 	114.621117 	127.141655 	59.464275 	141.449631 	24.186773 	83.192551 	21.023796 	11.704700 	109.931801 	40.311287 	62.361847 	129.807556 	82.079231 	138.408813 	128.003906 	105.190300 	146.659470 	12.727922 	122.331520 	
43.174065 	42.059483 	102.044106 	37.643059 	104.278473 	21.213203 	17.492855 	16.763054 	68.242218 	14.866069 	32.557640 	13.000000 	12.041595 	18.439089 	13.928389 	16.492422 	93.005379 	58.728188 	10.770329 	87.458565 	42.047592 	53.037724 	104.043259 	34.132095 	36.878178 	89.375610 	98.234413 	10.000000 	91.438507 	19.416489 	97.948967 	94.260277 	90.609047 	68.014702 	114.621117 	999.000000 	14.866069 	59.816387 	32.280025 	94.111633 	35.846897 	99.035347 	108.466583 	10.049875 	81.565926 	59.908264 	15.620500 	39.812057 	25.553865 	13.453624 	16.031219 	34.481880 	113.278419 	10.049875 	
52.773098 	52.478565 	112.871605 	48.020828 	115.104301 	20.024984 	20.615528 	22.847319 	80.808418 	21.023796 	21.095022 	22.803509 	13.928389 	9.848858 	10.049875 	9.219544 	105.645638 	72.249565 	9.848858 	100.448990 	28.160255 	66.843102 	116.516090 	20.099751 	51.039200 	102.532921 	111.126053 	6.403124 	104.651802 	5.099020 	111.036034 	107.480232 	103.966339 	82.006096 	127.141655 	14.866069 	999.000000 	74.060783 	17.464249 	107.517441 	50.537113 	112.485558 	121.630585 	24.331051 	95.603348 	74.431175 	5.385165 	54.625999 	11.313708 	7.071068 	30.594116 	20.000000 	126.574089 	15.811388 	
37.336308 	34.132095 	56.222771 	36.013885 	58.137768 	65.787537 	60.166435 	56.080299 	20.615528 	56.859474 	84.864601 	52.773098 	63.063461 	72.897186 	68.000000 	71.119621 	38.832977 	9.219544 	65.863495 	32.015621 	97.169952 	9.000000 	49.729267 	90.338257 	23.021729 	32.893768 	42.379242 	67.955872 	34.539833 	77.698135 	41.231056 	37.161808 	33.105892 	8.944272 	59.464275 	59.816387 	74.060783 	999.000000 	90.553848 	36.235340 	24.839485 	40.816662 	51.000000 	53.037724 	21.931713 	5.000000 	75.432091 	22.825424 	85.211502 	73.109505 	47.507893 	94.047859 	55.226807 	65.764732 	
65.436989 	65.855904 	125.431259 	61.554855 	127.640121 	28.844410 	32.557640 	36.069378 	95.524864 	34.713108 	15.033297 	38.013157 	27.802877 	18.384777 	22.803509 	19.849434 	120.216469 	88.005684 	24.698177 	115.433968 	13.038404 	82.927681 	130.831955 	6.708204 	67.601776 	117.686020 	125.936493 	22.847319 	119.854080 	13.000000 	126.063477 	122.674362 	119.331474 	98.183502 	141.449631 	32.280025 	17.464249 	90.553848 	999.000000 	122.918671 	67.623962 	127.914032 	136.693085 	41.773197 	111.772087 	91.241440 	19.026299 	71.867935 	9.848858 	22.022715 	48.052055 	8.062258 	141.767410 	32.015621 	
60.373837 	58.668560 	32.557640 	62.433964 	33.421551 	95.692215 	90.801979 	87.005745 	28.178005 	88.238312 	114.825958 	85.041168 	95.131485 	104.637466 	100.124924 	103.077644 	10.816654 	35.383614 	98.493652 	9.055386 	127.581345 	41.231056 	16.492422 	121.605919 	57.628117 	6.082763 	8.544003 	101.178062 	4.000000 	110.535065 	6.082763 	2.828427 	3.605551 	27.294687 	24.186773 	94.111633 	107.517441 	36.235340 	122.918671 	999.000000 	60.745369 	5.000000 	14.764823 	88.408142 	16.124516 	38.626415 	109.622078 	59.059292 	118.827606 	107.563934 	83.234612 	127.404869 	19.209373 	101.044548 	
31.890438 	28.425341 	75.802376 	26.907248 	77.929459 	46.097721 	40.112343 	36.055511 	38.832977 	36.221542 	64.132675 	31.400637 	41.231056 	50.960770 	45.880280 	49.040798 	61.846584 	26.570660 	43.324360 	55.461697 	75.690155 	20.248457 	73.006851 	68.308128 	6.708204 	56.824291 	66.189125 	44.777225 	58.668560 	54.625999 	65.368187 	61.400326 	57.454330 	33.600594 	83.192551 	35.846897 	50.537113 	24.839485 	67.623962 	60.745369 	999.000000 	65.459915 	75.471848 	28.319605 	46.754681 	24.207438 	51.312767 	5.099020 	61.400326 	48.826221 	22.671568 	70.327805 	79.881165 	41.036568 	
65.299309 	63.631752 	33.421551 	67.416618 	33.970577 	100.687637 	95.801880 	92.005432 	33.120991 	93.236259 	119.816528 	90.027771 	100.124924 	109.635757 	105.118980 	108.074051 	13.341664 	40.311287 	103.479469 	13.601471 	132.574509 	46.097721 	15.264338 	126.605690 	62.481998 	10.770329 	8.602325 	106.150833 	8.544003 	115.520561 	5.830952 	6.082763 	8.602325 	31.906113 	21.023796 	99.035347 	112.485558 	40.816662 	127.914032 	5.000000 	65.459915 	999.000000 	10.440307 	93.236259 	19.924858 	42.953465 	114.560028 	63.631752 	123.794182 	112.485558 	88.005684 	132.382019 	14.422205 	105.891457 	
72.945183 	71.610054 	31.016125 	75.604233 	30.870699 	109.018349 	104.350372 	100.657837 	41.231056 	101.980392 	128.003906 	99.005051 	108.977058 	118.342720 	113.951744 	116.846054 	17.464249 	49.819675 	112.449989 	21.260292 	140.801285 	55.803226 	11.401754 	135.092560 	72.201111 	19.104973 	11.180340 	115.260574 	17.029387 	124.482933 	10.630146 	14.212670 	18.027756 	42.059483 	11.704700 	108.466583 	121.630585 	51.000000 	136.693085 	14.764823 	75.471848 	10.440307 	999.000000 	103.004852 	30.364452 	53.310413 	123.907227 	73.824112 	132.943604 	121.918007 	97.908119 	141.428421 	5.385165 	115.602768 	
43.000000 	41.109608 	99.297531 	37.013512 	101.513542 	29.681644 	24.839485 	22.671568 	63.953106 	21.213203 	42.579338 	17.204651 	21.023796 	28.442924 	23.769728 	26.476404 	88.323273 	53.254108 	20.615528 	82.377182 	52.009613 	47.201694 	99.478638 	44.045429 	30.805843 	84.053551 	93.193344 	20.024984 	86.023254 	29.154760 	92.655273 	88.814415 	85.000000 	61.619801 	109.931801 	10.049875 	24.331051 	53.037724 	41.773197 	88.408142 	28.319605 	93.236259 	103.004852 	999.000000 	74.966660 	52.497620 	23.769728 	31.622776 	34.176014 	21.023796 	6.324555 	43.081318 	107.615051 	12.727922 	
53.150730 	50.695168 	44.721359 	53.758720 	46.097721 	85.866173 	80.529495 	76.537575 	23.194826 	77.524193 	105.095192 	73.783470 	84.059502 	93.813644 	89.044930 	92.114059 	23.086792 	24.166092 	87.091904 	16.552946 	117.647781 	28.844410 	32.062439 	111.139549 	44.687805 	15.524175 	24.020824 	89.403580 	16.124516 	99.045441 	22.022715 	18.000000 	14.035668 	13.601471 	40.311287 	81.565926 	95.603348 	21.931713 	111.772087 	16.124516 	46.754681 	19.924858 	30.364452 	74.966660 	999.000000 	23.323807 	97.185387 	44.407207 	106.826965 	94.921021 	69.426216 	115.602768 	34.014702 	87.692642 	
41.000000 	37.656342 	60.530983 	39.115215 	62.393909 	67.446274 	61.684681 	57.567352 	25.495098 	58.189346 	86.330757 	53.851646 	64.078079 	73.925636 	68.942001 	72.090218 	42.296574 	14.142136 	66.640831 	35.355339 	98.432716 	12.649111 	52.952808 	91.389275 	23.769728 	35.902645 	45.354160 	68.476273 	37.363083 	78.294319 	43.965897 	39.849716 	35.735138 	12.041595 	62.361847 	59.908264 	74.431175 	5.000000 	91.241440 	38.626415 	24.207438 	42.953465 	53.310413 	52.497620 	23.323807 	999.000000 	75.451973 	21.260292 	85.440041 	73.006851 	46.690472 	94.339813 	57.245087 	65.192024 	
56.462376 	55.901699 	116.297035 	51.429562 	118.532700 	25.179358 	25.179358 	26.925823 	83.408630 	25.000000 	25.612497 	25.942244 	18.248287 	15.231546 	15.033297 	14.560220 	108.231232 	74.249580 	14.142136 	102.825096 	31.048349 	68.622154 	119.201508 	23.086792 	52.497620 	104.804581 	113.569359 	10.198039 	106.887794 	9.219544 	113.357841 	109.713264 	106.103722 	83.630135 	129.807556 	15.620500 	5.385165 	75.432091 	19.026299 	109.622078 	51.312767 	114.560028 	123.907227 	23.769728 	97.185387 	75.451973 	999.000000 	55.072678 	10.440307 	3.000000 	30.083218 	19.313208 	128.763351 	13.000000 	
36.069378 	32.526913 	76.236473 	31.400637 	78.313469 	51.039200 	45.044422 	41.012192 	39.115215 	41.109608 	68.883957 	36.221542 	45.891174 	55.542778 	50.447994 	53.600372 	61.032780 	26.305893 	47.801674 	54.424259 	80.280754 	20.099751 	72.111023 	72.801102 	10.630146 	55.542778 	65.000000 	49.040798 	57.271286 	58.872746 	63.976559 	59.933296 	55.901699 	31.764761 	82.079231 	39.812057 	54.625999 	22.825424 	71.867935 	59.059292 	5.099020 	63.631752 	73.824112 	31.622776 	44.407207 	21.260292 	55.072678 	999.000000 	65.299309 	52.478565 	25.612497 	74.242844 	78.032043 	44.204071 	
63.631752 	63.513779 	123.822456 	59.076221 	126.051575 	28.861740 	30.870699 	33.615471 	92.097771 	31.906113 	21.470911 	34.058773 	24.698177 	17.464249 	20.124611 	18.027756 	116.931602 	83.546394 	20.808653 	111.758667 	22.825424 	78.102493 	127.781059 	15.620500 	62.201286 	113.846390 	122.429573 	17.691807 	115.965515 	9.486833 	122.347862 	118.793938 	115.277924 	93.236259 	138.408813 	25.553865 	11.313708 	85.211502 	9.848858 	118.827606 	61.400326 	123.794182 	132.943604 	34.176014 	106.826965 	85.440041 	10.440307 	65.299309 	999.000000 	13.341664 	40.496914 	8.944272 	137.887634 	23.194826 	
55.362442 	54.625999 	114.934761 	50.159744 	117.170815 	25.709921 	25.000000 	26.305893 	81.608826 	24.331051 	28.017851 	24.698177 	18.000000 	16.643316 	15.524175 	15.652476 	106.400185 	72.180328 	14.035668 	100.895988 	33.955853 	66.468040 	117.413795 	25.961510 	50.249378 	102.825096 	111.664673 	10.049875 	104.890419 	11.661903 	111.395691 	107.712578 	104.062485 	81.394104 	128.003906 	13.453624 	7.071068 	73.109505 	22.022715 	107.563934 	48.826221 	112.485558 	121.918007 	21.023796 	94.921021 	73.006851 	3.000000 	52.478565 	13.341664 	999.000000 	27.313000 	22.135944 	126.732002 	10.000000 	
41.436699 	39.115215 	95.603348 	35.355339 	97.800819 	34.014702 	28.653097 	25.806976 	59.615433 	24.698177 	48.259712 	20.000000 	25.961510 	34.132095 	29.274563 	32.140316 	83.648071 	48.373547 	26.172504 	77.524193 	58.077534 	42.190044 	94.826157 	50.159744 	25.942244 	79.075912 	88.323273 	26.019224 	80.993828 	35.355339 	87.664131 	83.761566 	79.881165 	56.222771 	105.190300 	16.031219 	30.594116 	47.507893 	48.052055 	83.234612 	22.671568 	88.005684 	97.908119 	6.324555 	69.426216 	46.690472 	30.083218 	25.612497 	40.496914 	27.313000 	999.000000 	49.396355 	102.415817 	18.601076 	
71.281136 	71.400284 	131.468628 	67.007462 	133.689941 	35.341194 	38.275318 	41.400482 	100.448990 	39.824615 	23.086792 	42.426407 	32.649654 	24.186773 	27.802877 	25.238859 	125.255737 	92.195442 	29.000000 	120.208153 	19.209373 	86.833176 	136.029404 	14.560220 	71.028160 	122.347862 	130.831955 	26.248810 	124.482933 	17.029387 	130.816666 	127.310646 	123.842644 	102.004898 	146.659470 	34.481880 	20.000000 	94.047859 	8.062258 	127.404869 	70.327805 	132.382019 	141.428421 	43.081318 	115.602768 	94.339813 	19.313208 	74.242844 	8.944272 	22.135944 	49.396355 	999.000000 	146.413803 	31.780497 	
78.230431 	76.843994 	35.171009 	80.802231 	34.785053 	114.201576 	109.480591 	105.759163 	46.400433 	107.056061 	133.221619 	104.004807 	114.021927 	123.434196 	119.004204 	121.918007 	22.847319 	54.561890 	117.456375 	26.400757 	146.013702 	60.440052 	16.031219 	140.246216 	76.837494 	24.083189 	16.552946 	120.216469 	21.931713 	129.495178 	15.811388 	19.104973 	22.671568 	46.324940 	12.727922 	113.278419 	126.574089 	55.226807 	141.767410 	19.209373 	79.881165 	14.422205 	5.385165 	107.615051 	34.014702 	57.245087 	128.763351 	78.032043 	137.887634 	126.732002 	102.415817 	146.413803 	999.000000 	120.253899 	
52.773098 	51.419842 	110.860275 	47.074409 	113.088463 	29.681644 	26.925823 	26.683329 	76.157730 	24.738634 	36.674240 	23.021729 	20.591261 	23.600847 	20.518284 	22.022715 	100.702530 	65.802734 	17.804493 	94.868332 	43.737854 	59.816387 	111.830231 	35.693138 	43.416588 	96.607452 	105.683487 	14.866069 	98.600204 	20.880613 	105.209312 	101.400200 	97.616600 	74.330345 	122.331520 	10.049875 	15.811388 	65.764732 	32.015621 	101.044548 	41.036568 	105.891457 	115.602768 	12.727922 	87.692642 	65.192024 	13.000000 	44.204071 	23.194826 	10.000000 	18.601076 	31.780497 	120.253899 	999.000000 	

Travel time:
9.000000 	0.090139 	1.505199 	0.152069 	1.560849 	0.919918 	0.825379 	0.750417 	0.805062 	0.794119 	1.382932 	0.766893 	0.973717 	1.180042 	1.089151 	1.151086 	1.395081 	0.750417 	1.073546 	1.299279 	1.702939 	0.711073 	1.648674 	1.573412 	0.636396 	1.364734 	1.546367 	1.162970 	1.420607 	1.359458 	1.560849 	1.488497 	1.419947 	1.027740 	1.912132 	1.079352 	1.319327 	0.933408 	1.635925 	1.509346 	0.797261 	1.632483 	1.823630 	1.075000 	1.328768 	1.025000 	1.411559 	0.901734 	1.590794 	1.384061 	1.035918 	1.782028 	1.955761 	1.319327 	
0.090139 	9.000000 	1.510381 	0.111803 	1.566246 	0.938416 	0.832541 	0.750000 	0.763217 	0.790569 	1.410009 	0.749166 	0.970824 	1.187697 	1.090011 	1.155692 	1.366794 	0.679154 	1.068001 	1.261943 	1.730065 	0.629484 	1.626730 	1.592561 	0.548293 	1.325000 	1.515132 	1.153527 	1.380670 	1.360147 	1.525820 	1.449569 	1.376817 	0.958188 	1.891593 	1.051487 	1.311964 	0.853302 	1.646398 	1.466714 	0.710634 	1.590794 	1.790251 	1.027740 	1.267379 	0.941409 	1.397542 	0.813173 	1.587844 	1.365650 	0.977880 	1.785007 	1.921100 	1.285496 	
1.505199 	1.510381 	9.000000 	1.622113 	0.055902 	2.415186 	2.329834 	2.255271 	0.928036 	2.298097 	2.855368 	2.258872 	2.478155 	2.683398 	2.594345 	2.655772 	0.555090 	1.251000 	2.576941 	0.704450 	3.170272 	1.403567 	0.492443 	3.061046 	1.760149 	0.742041 	0.620987 	2.663762 	0.750000 	2.864655 	0.691466 	0.743303 	0.805062 	1.220912 	0.625000 	2.551103 	2.821790 	1.405569 	3.135782 	0.813941 	1.895059 	0.835539 	0.775403 	2.482438 	1.118034 	1.513275 	2.907426 	1.905912 	3.095562 	2.873369 	2.390084 	3.286716 	0.879275 	2.771507 	
0.152069 	0.111803 	1.622113 	9.000000 	1.677982 	0.835539 	0.725000 	0.640312 	0.860233 	0.680074 	1.310773 	0.637377 	0.860233 	1.079641 	0.980115 	1.046721 	1.469906 	0.745822 	0.956883 	1.360147 	1.630376 	0.675463 	1.732412 	1.488707 	0.520216 	1.421487 	1.616516 	1.041933 	1.476906 	1.250000 	1.625000 	1.546367 	1.470757 	1.025000 	1.997655 	0.941076 	1.200521 	0.900347 	1.538871 	1.560849 	0.672681 	1.685416 	1.890106 	0.925338 	1.343968 	0.977880 	1.285739 	0.785016 	1.476906 	1.253994 	0.883883 	1.675187 	2.020056 	1.176860 	
1.560849 	1.566246 	0.055902 	1.677982 	9.000000 	2.470324 	2.385372 	2.310979 	0.980115 	2.353853 	2.909682 	2.314763 	2.533895 	2.738841 	2.650000 	2.711319 	0.583095 	1.302162 	2.632727 	0.738664 	3.224322 	1.455378 	0.493077 	3.115786 	1.814180 	0.772172 	0.636396 	2.719605 	0.776611 	2.920295 	0.707107 	0.765261 	0.832166 	1.265899 	0.602080 	2.606962 	2.877608 	1.453444 	3.191003 	0.835539 	1.948236 	0.849264 	0.771767 	2.537838 	1.152443 	1.559848 	2.963317 	1.957837 	3.151289 	2.929270 	2.445020 	3.342248 	0.869626 	2.827212 	
0.919918 	0.938416 	2.415186 	0.835539 	2.470324 	9.000000 	0.150000 	0.251247 	1.695029 	0.251247 	0.480885 	0.378319 	0.230489 	0.285044 	0.254951 	0.276134 	2.304886 	1.542928 	0.302076 	2.195023 	0.797653 	1.434617 	2.564785 	0.654313 	1.098294 	2.255271 	2.452040 	0.395285 	2.310438 	0.485412 	2.460183 	2.380257 	2.302173 	1.812457 	2.829311 	0.530330 	0.500625 	1.644688 	0.721110 	2.392305 	1.152443 	2.517191 	2.725459 	0.742041 	2.146654 	1.686157 	0.629484 	1.275980 	0.721543 	0.642748 	0.850368 	0.883530 	2.855039 	0.742041 	
0.825379 	0.832541 	2.329834 	0.725000 	2.385372 	0.150000 	9.000000 	0.103078 	1.578171 	0.103078 	0.617454 	0.230489 	0.175000 	0.355317 	0.269258 	0.325960 	2.193171 	1.410895 	0.276134 	2.077408 	0.928036 	1.297353 	2.457260 	0.770146 	0.951972 	2.135708 	2.337734 	0.375832 	2.190462 	0.536773 	2.343075 	2.260669 	2.180023 	1.677051 	2.722591 	0.437321 	0.515388 	1.504161 	0.813941 	2.270050 	1.002809 	2.395047 	2.608759 	0.620987 	2.013237 	1.542117 	0.629484 	1.126111 	0.771767 	0.625000 	0.716327 	0.956883 	2.737015 	0.673146 	
0.750417 	0.750000 	2.255271 	0.640312 	2.310979 	0.251247 	0.103078 	9.000000 	1.486607 	0.050000 	0.719809 	0.145774 	0.223607 	0.442295 	0.340037 	0.406971 	2.103717 	1.311964 	0.325000 	1.984943 	1.028652 	1.196349 	2.369863 	0.866747 	0.848896 	2.042211 	2.246803 	0.419076 	2.096724 	0.610328 	2.250694 	2.167083 	2.085216 	1.576586 	2.635455 	0.419076 	0.571183 	1.402007 	0.901734 	2.175144 	0.901388 	2.300136 	2.516446 	0.566789 	1.913439 	1.439184 	0.673146 	1.025305 	0.840387 	0.657647 	0.645174 	1.035012 	2.643979 	0.667083 	
0.805062 	0.763217 	0.928036 	0.860233 	0.980115 	1.695029 	1.578171 	1.486607 	9.000000 	1.520691 	2.170973 	1.451293 	1.697056 	1.928892 	1.820886 	1.892254 	0.620987 	0.325960 	1.786232 	0.500000 	2.490607 	0.475657 	0.895126 	2.346540 	0.845946 	0.561805 	0.760345 	1.860276 	0.617454 	2.086265 	0.765261 	0.686477 	0.614919 	0.406971 	1.160011 	1.706055 	2.020211 	0.515388 	2.388122 	0.704450 	0.970824 	0.828025 	1.030776 	1.598828 	0.579871 	0.637377 	2.085216 	0.977880 	2.302444 	2.040221 	1.490386 	2.511225 	1.160011 	1.903943 	
0.794119 	0.790569 	2.298097 	0.680074 	2.353853 	0.251247 	0.103078 	0.050000 	1.520691 	9.000000 	0.704006 	0.127475 	0.180278 	0.410031 	0.301040 	0.371652 	2.139071 	1.338376 	0.279509 	2.018044 	1.007782 	1.219118 	2.406502 	0.840387 	0.862047 	2.074398 	2.281036 	0.371652 	2.128673 	0.570088 	2.283774 	2.199148 	2.116158 	1.600195 	2.672195 	0.371652 	0.525595 	1.421487 	0.867828 	2.205958 	0.905539 	2.330906 	2.549510 	0.530330 	1.938105 	1.454734 	0.625000 	1.027740 	0.797653 	0.608276 	0.617454 	0.995615 	2.676402 	0.618466 	
1.382932 	1.410009 	2.855368 	1.310773 	2.909682 	0.480885 	0.617454 	0.719809 	2.170973 	0.704006 	9.000000 	0.818917 	0.577170 	0.353553 	0.475657 	0.403113 	2.776013 	2.023765 	0.552268 	2.670791 	0.320156 	1.913929 	3.031604 	0.230489 	1.566046 	2.732215 	2.925107 	0.570088 	2.787584 	0.410031 	2.935345 	2.857118 	2.780513 	2.292651 	3.294883 	0.813941 	0.527376 	2.121615 	0.375832 	2.870649 	1.603317 	2.995413 	3.200098 	1.064483 	2.627380 	2.158269 	0.640312 	1.722099 	0.536773 	0.700446 	1.206493 	0.577170 	3.330540 	0.916856 	
0.766893 	0.749166 	2.258872 	0.637377 	2.314763 	0.378319 	0.230489 	0.145774 	1.451293 	0.127475 	0.818917 	9.000000 	0.257391 	0.503115 	0.381608 	0.458939 	2.071986 	1.250000 	0.336341 	1.944544 	1.114955 	1.123610 	2.343075 	0.939415 	0.752080 	1.998281 	2.210345 	0.410031 	2.051828 	0.637377 	2.209779 	2.122499 	2.036695 	1.505199 	2.608759 	0.325000 	0.570088 	1.319327 	0.950329 	2.126029 	0.785016 	2.250694 	2.475126 	0.430116 	1.844587 	1.346291 	0.648556 	0.905539 	0.851469 	0.617454 	0.500000 	1.060660 	2.600120 	0.575543 	
0.973717 	0.970824 	2.478155 	0.860233 	2.533895 	0.230489 	0.175000 	0.223607 	1.697056 	0.180278 	0.577170 	0.257391 	9.000000 	0.246221 	0.125000 	0.201556 	2.316382 	1.505407 	0.103078 	2.193171 	0.862047 	1.380670 	2.584811 	0.682825 	1.007782 	2.248472 	2.457260 	0.201556 	2.302444 	0.390512 	2.458785 	2.373025 	2.288695 	1.762278 	2.850548 	0.301040 	0.348210 	1.576586 	0.695072 	2.378287 	1.030776 	2.503123 	2.724427 	0.525595 	2.101488 	1.601952 	0.456207 	1.147279 	0.617454 	0.450000 	0.649038 	0.816241 	2.850548 	0.514782 	
