Total assets = 571
Number of asset nodes = 33

Distance:
999.000000 	10.440307 	30.083218 	63.063461 	101.828285 	38.327538 	31.575306 	15.811388 	34.132095 	119.970833 	34.058773 	74.732857 	73.006851 	120.104118 	113.569359 	10.198039 	113.357841 	106.103722 	83.630135 	78.294319 	35.014282 	66.730804 	50.990196 	45.398239 	37.000000 	39.012817 	75.026665 	39.000000 	46.173584 	54.918121 	72.732384 	79.120163 	34.655445 	75.584389 	149.201202 	80.324341 	74.464760 	112.507774 	68.249542 	75.432091 	77.884529 	79.120163 	37.947330 	51.088158 	130.430054 	27.294687 	75.133217 	28.792360 	111.359779 	67.067131 	60.133186 	39.661064 	
10.440307 	999.000000 	40.496914 	73.348480 	111.606453 	48.764740 	41.976185 	10.049875 	44.407207 	129.630249 	44.283180 	85.088188 	83.384651 	129.807556 	122.429573 	17.691807 	122.347862 	115.277924 	93.236259 	88.639717 	45.177429 	77.162170 	61.392181 	55.731499 	47.095646 	49.162994 	85.440041 	49.091751 	56.435802 	65.306969 	83.168503 	89.537704 	25.806976 	86.023254 	158.492905 	90.757919 	84.899940 	122.674362 	78.644768 	85.866173 	88.323273 	89.560036 	46.872166 	61.000000 	140.346008 	27.784887 	85.510231 	31.240999 	121.671692 	77.233414 	70.007141 	47.010635 	
30.083218 	40.496914 	999.000000 	33.286633 	73.539108 	9.055386 	5.830952 	44.102154 	10.000000 	91.934761 	10.816654 	44.721359 	42.953465 	91.923882 	88.323273 	26.019224 	87.664131 	79.881165 	56.222771 	48.301140 	12.206555 	36.687874 	22.022715 	17.720045 	14.212670 	14.866069 	44.944408 	15.556349 	19.313208 	26.019224 	42.720020 	49.040798 	63.513779 	45.607018 	122.147453 	50.289165 	44.721359 	82.927681 	39.051247 	45.705578 	48.052055 	49.244289 	24.351591 	26.925823 	101.533249 	44.944408 	46.043457 	42.047592 	81.412529 	39.812057 	35.341194 	33.376640 	
63.063461 	73.348480 	33.286633 	999.000000 	41.617306 	26.870058 	33.970577 	77.388626 	34.058773 	60.000000 	34.828148 	12.165525 	11.000000 	59.816387 	60.440052 	57.245087 	59.135437 	50.921509 	26.925823 	15.524175 	35.000000 	9.899495 	19.924858 	25.495098 	34.669872 	32.756680 	14.142136 	33.615471 	26.925823 	19.104973 	14.317822 	18.027756 	96.798759 	17.088007 	90.972527 	20.223749 	18.867962 	49.648766 	19.416489 	19.723083 	20.615528 	21.189621 	45.617977 	32.388271 	68.622154 	76.419891 	24.083189 	72.470680 	48.332184 	28.231188 	33.241539 	55.946404 	
101.828285 	111.606453 	73.539108 	41.617306 	999.000000 	68.249542 	75.166481 	117.034180 	75.604233 	18.439089 	76.400261 	34.176014 	36.400551 	18.384777 	25.000000 	94.302704 	22.561028 	15.652476 	18.788294 	31.320919 	76.609398 	44.384682 	60.901562 	66.887962 	76.275818 	74.330345 	37.363083 	75.166481 	68.095520 	59.033890 	41.484936 	35.510563 	136.359818 	40.792156 	49.396355 	37.215588 	44.721359 	18.027756 	51.662365 	44.553337 	42.296574 	41.194660 	86.954010 	72.090218 	29.068884 	117.796432 	50.358715 	114.017540 	24.413111 	61.392181 	69.921387 	97.128784 	
38.327538 	48.764740 	9.055386 	26.870058 	68.249542 	999.000000 	7.211102 	51.429562 	7.615773 	86.683334 	8.544003 	37.443291 	35.510563 	86.556343 	85.000000 	35.000000 	84.077347 	76.059189 	51.971146 	41.048752 	9.219544 	28.635643 	13.000000 	8.944272 	10.000000 	9.219544 	37.121422 	10.198039 	10.816654 	17.000000 	34.539833 	41.146080 	70.710678 	37.336308 	117.413795 	42.154476 	36.138622 	76.216797 	30.149628 	37.107952 	39.560081 	40.804413 	22.022715 	19.104973 	95.482986 	49.578220 	37.121422 	45.803928 	74.094536 	30.805843 	26.925823 	32.249031 	
31.575306 	41.976185 	5.830952 	33.970577 	75.166481 	7.211102 	999.000000 	44.283180 	4.242640 	93.605553 	5.000000 	44.654228 	42.720020 	93.509361 	91.241440 	29.274563 	90.426765 	82.492424 	58.523499 	48.259712 	6.403124 	35.777088 	19.416489 	14.000000 	8.485281 	9.433981 	44.294468 	10.000000 	15.132746 	23.345236 	41.629318 	48.301140 	63.529522 	44.384682 	124.201447 	49.244289 	43.011627 	83.408630 	36.674240 	43.965897 	46.486557 	47.759815 	18.681541 	21.931713 	102.591423 	42.638012 	43.566040 	39.115215 	81.301903 	36.124783 	30.675724 	28.071337 	
15.811388 	10.049875 	44.102154 	77.388626 	117.034180 	51.429562 	44.283180 	999.000000 	45.880280 	135.281189 	45.541191 	88.684837 	86.833176 	135.369858 	129.321304 	25.495098 	129.073624 	121.753853 	99.035347 	92.282173 	46.173584 	80.056229 	63.324562 	57.245087 	47.801674 	50.000000 	88.549423 	49.729267 	57.567352 	67.067131 	85.906929 	92.574295 	19.416489 	88.639717 	164.769531 	93.520050 	87.091904 	127.027557 	80.324341 	88.022728 	90.620087 	91.923882 	45.011108 	60.827625 	145.416641 	19.104973 	86.977005 	23.600847 	125.399361 	77.665955 	69.584480 	42.953465 	
34.132095 	44.407207 	10.000000 	34.058773 	75.604233 	7.615773 	4.242640 	45.880280 	999.000000 	94.021271 	1.000000 	44.045429 	42.011902 	93.861603 	92.612091 	32.756680 	91.678787 	83.648071 	59.539902 	47.634022 	2.236068 	34.669872 	17.464249 	11.401754 	4.242640 	5.385165 	43.266617 	5.830952 	12.041595 	21.189621 	40.311287 	47.169907 	64.884514 	42.941822 	124.851913 	47.885281 	41.231056 	82.975899 	34.481880 	42.154476 	44.777225 	46.097721 	15.132746 	18.027756 	102.532921 	42.426407 	41.231056 	38.418747 	80.448738 	33.000000 	26.925823 	25.019993 	
119.970833 	129.630249 	91.934761 	60.000000 	18.439089 	86.683334 	93.605553 	135.281189 	94.021271 	999.000000 	94.810333 	51.884487 	54.120235 	1.414214 	21.470911 	112.200714 	18.788294 	19.000000 	36.400551 	48.754486 	95.000000 	62.177166 	79.075912 	85.146935 	94.625580 	92.655273 	54.625999 	93.477272 	86.284416 	77.025970 	58.694122 	52.201534 	154.563904 	57.584721 	31.304953 	53.450912 	61.351448 	20.615528 	68.709534 	61.032780 	58.523499 	57.280014 	105.152267 	89.894379 	14.035668 	136.235092 	66.483078 	132.438660 	29.120440 	78.108902 	87.091904 	115.247559 	
34.058773 	44.283180 	10.816654 	34.828148 	76.400261 	8.544003 	5.000000 	45.541191 	1.000000 	94.810333 	999.000000 	44.687805 	42.638012 	94.641426 	93.520050 	32.984844 	92.574295 	84.534019 	60.415230 	48.270073 	1.414214 	35.227829 	17.888544 	11.704700 	3.605551 	5.099020 	43.829212 	5.385165 	12.165525 	21.540659 	40.816662 	47.707443 	64.474800 	43.416588 	125.670204 	48.373547 	41.629318 	83.630135 	34.785053 	42.544094 	45.188496 	46.518814 	14.142136 	17.720045 	103.247276 	41.725292 	41.484936 	37.643059 	81.024689 	33.015148 	26.683329 	24.020824 	
74.732857 	85.088188 	44.721359 	12.165525 	34.176014 	37.443291 	44.654228 	88.684837 	44.045429 	51.884487 	44.687805 	999.000000 	2.236068 	51.478149 	56.222771 	69.260376 	54.451813 	46.270943 	24.515301 	3.605551 	44.598206 	10.295630 	27.658634 	33.970577 	43.840622 	41.725292 	4.472136 	42.449970 	34.828148 	25.238859 	8.062258 	6.708204 	108.046288 	8.944272 	83.186539 	9.433981 	12.649111 	38.948685 	18.027756 	13.000000 	12.206555 	12.041595 	53.600372 	38.013157 	58.898216 	86.371292 	18.973665 	82.024384 	36.715118 	28.017851 	35.902645 	63.513779 	
73.006851 	83.384651 	42.953465 	11.000000 	36.400551 	35.510563 	42.720020 	86.833176 	42.011902 	54.120235 	42.638012 	2.236068 	999.000000 	53.712196 	58.309521 	67.720009 	56.568542 	48.373547 	26.305893 	5.656854 	42.520584 	8.062258 	25.495098 	31.827662 	41.725292 	39.597980 	3.605551 	40.311287 	32.649654 	23.021729 	6.324555 	7.071068 	106.174385 	7.810250 	85.422478 	9.486833 	11.180340 	41.036568 	16.000000 	11.661903 	11.313708 	11.401754 	51.400391 	35.777088 	61.073727 	84.291161 	17.464249 	79.906197 	38.587563 	26.000000 	33.734257 	61.294373 	
120.104118 	129.807556 	91.923882 	59.816387 	18.384777 	86.556343 	93.509361 	135.369858 	93.861603 	1.414214 	94.641426 	51.478149 	53.712196 	999.000000 	22.825424 	112.414413 	20.124611 	20.024984 	36.619667 	48.301140 	94.810333 	61.773781 	78.771820 	84.876381 	94.403389 	92.417534 	54.129475 	93.230896 	85.982559 	76.661591 	58.180752 	51.623638 	154.673843 	57.008770 	31.780497 	52.810986 	60.745369 	19.416489 	68.154236 	60.406952 	57.870544 	56.612720 	104.847511 	89.470665 	13.000000 	136.124939 	65.802734 	132.279999 	27.892651 	77.491936 	86.539009 	114.908661 	
113.569359 	122.429573 	88.323273 	60.440052 	25.000000 	85.000000 	91.241440 	129.321304 	92.612091 	21.470911 	93.520050 	56.222771 	58.309521 	22.825424 	999.000000 	104.737770 	2.828427 	10.000000 	33.526108 	54.037025 	94.021271 	65.764732 	80.361679 	85.702972 	94.154129 	92.477028 	60.074955 	93.407707 	87.281158 	79.309517 	64.124878 	59.008472 	148.070923 	64.007812 	37.589893 	61.073727 	68.007355 	38.418747 	74.242844 	68.000000 	66.030296 	65.069191 	105.688217 	92.649879 	34.785053 	133.255386 	74.006760 	130.249756 	46.615448 	84.214012 	91.923882 	116.107712 	
10.198039 	17.691807 	26.019224 	57.245087 	94.302704 	35.000000 	29.274563 	25.495098 	32.756680 	112.200714 	32.984844 	69.260376 	67.720009 	112.414413 	104.737770 	999.000000 	104.661362 	97.621719 	75.802376 	72.732384 	34.205261 	62.169125 	48.000000 	43.185646 	36.400551 	38.078865 	70.092796 	38.327538 	44.407207 	52.000000 	68.249542 	74.215904 	43.416588 	71.196907 	140.858078 	75.709976 	70.576202 	105.990562 	65.069191 	71.568146 	73.824112 	74.966660 	40.496914 	50.695168 	123.174675 	37.054016 	72.062469 	37.854988 	105.475113 	65.375839 	59.665737 	44.553337 	
113.357841 	122.347862 	87.664131 	59.135437 	22.561028 	84.077347 	90.426765 	129.073624 	91.678787 	18.788294 	92.574295 	54.451813 	56.568542 	20.124611 	2.828427 	104.661362 	999.000000 	8.246211 	32.310989 	52.153618 	93.037628 	64.132675 	79.056938 	84.504440 	93.107468 	91.389275 	58.215118 	92.309265 	86.034874 	77.884529 	62.289646 	57.008770 	147.922272 	62.072536 	36.891735 	59.008472 	66.068146 	35.608986 	72.443085 	66.030296 	64.000000 	63.007935 	104.546638 	91.214035 	32.280025 	132.608444 	72.006943 	129.495178 	43.829212 	82.389320 	90.255196 	114.947815 	
106.103722 	115.277924 	79.881165 	50.921509 	15.652476 	76.059189 	82.492424 	121.753853 	83.648071 	19.000000 	84.534019 	46.270943 	48.373547 	20.024984 	10.000000 	97.621719 	8.246211 	999.000000 	24.166092 	44.045429 	84.970581 	55.901699 	70.837845 	76.321686 	85.000000 	83.258636 	50.089920 	84.172440 	77.833153 	69.641945 	54.147945 	49.010204 	140.730240 	54.009258 	43.278172 	51.088158 	58.008621 	31.240999 	64.280632 	58.000000 	56.035702 	55.081757 	96.384644 	82.969872 	33.015148 	124.807854 	64.007812 	121.593582 	38.897301 	74.242844 	82.036575 	106.775467 	
83.630135 	93.236259 	56.222771 	26.925823 	18.788294 	51.971146 	58.523499 	99.035347 	59.539902 	36.400551 	60.415230 	24.515301 	26.305893 	36.619667 	33.526108 	75.802376 	32.310989 	24.166092 	999.000000 	23.409399 	60.827625 	33.000000 	46.840153 	52.201534 	60.835846 	59.093147 	28.861740 	60.008331 	53.758720 	45.891174 	32.557640 	29.154760 	118.258194 	33.241539 	65.946945 	31.780497 	37.107952 	34.058773 	42.190044 	37.363083 	36.055511 	35.468296 	72.235725 	59.228371 	47.853943 	101.019798 	43.416588 	97.637085 	37.483330 	52.153618 	59.076221 	82.637764 	
78.294319 	88.639717 	48.301140 	15.524175 	31.320919 	41.048752 	48.259712 	92.282173 	47.634022 	48.754486 	48.270073 	3.605551 	5.656854 	48.301140 	54.037025 	72.732384 	52.153618 	44.045429 	23.409399 	999.000000 	48.166378 	13.601471 	31.144823 	37.483330 	47.381432 	45.254833 	6.082763 	45.967381 	38.288380 	28.600698 	10.198039 	5.830952 	111.646767 	10.049875 	80.056229 	8.602325 	14.035668 	35.383614 	20.396078 	14.142136 	12.649111 	12.083046 	57.008770 	41.182522 	55.443665 	89.938866 	20.223749 	85.562843 	33.120991 	30.265491 	38.600517 	66.850578 	
35.014282 	45.177429 	12.206555 	35.000000 	76.609398 	9.219544 	6.403124 	46.173584 	2.236068 	95.000000 	1.414214 	44.598206 	42.520584 	94.810333 	94.021271 	34.205261 	93.037628 	84.970581 	60.827625 	48.166378 	999.000000 	35.000000 	17.492855 	11.180340 	2.236068 	4.000000 	43.600460 	4.123106 	11.401754 	21.023796 	40.496914 	47.434166 	65.000000 	43.046486 	125.924583 	48.020828 	41.146080 	83.546394 	34.176014 	42.047592 	44.721359 	46.065170 	13.038404 	16.492422 	103.276329 	41.773197 	40.804413 	37.536648 	80.802231 	32.062439 	25.495098 	23.086792 	
66.730804 	77.162170 	36.687874 	9.899495 	44.384682 	28.635643 	35.777088 	80.056229 	34.669872 	62.177166 	35.227829 	10.295630 	8.062258 	61.773781 	65.764732 	62.169125 	64.132675 	55.901699 	33.000000 	13.601471 	35.000000 	999.000000 	17.691807 	24.083189 	34.058773 	31.890438 	8.602325 	32.557640 	24.758837 	15.000000 	6.082763 	12.529964 	99.297531 	9.055386 	93.477272 	13.601471 	9.486833 	48.795490 	9.848858 	10.440307 	12.041595 	13.000000 	43.416588 	27.730848 	69.028976 	76.694199 	14.212670 	72.180328 	45.803928 	19.416489 	26.172504 	53.254108 	
50.990196 	61.392181 	22.022715 	19.924858 	60.901562 	13.000000 	19.416489 	63.324562 	17.464249 	79.075912 	17.888544 	27.658634 	25.495098 	78.771820 	80.361679 	48.000000 	79.056938 	70.837845 	46.840153 	31.144823 	17.492855 	17.691807 	999.000000 	6.403124 	16.401220 	14.212670 	26.248810 	14.866069 	7.211102 	4.000000 	23.021729 	30.000000 	82.346825 	25.553865 	110.276924 	30.528675 	23.769728 	66.468040 	17.262676 	24.698177 	27.313000 	28.635643 	26.076809 	13.038404 	86.556343 	59.033890 	24.186773 	54.488529 	63.411354 	18.384777 	17.204651 	36.235340 	
45.398239 	55.731499 	17.720045 	25.495098 	66.887962 	8.944272 	14.000000 	57.245087 	11.401754 	85.146935 	11.704700 	33.970577 	31.827662 	84.876381 	85.702972 	43.185646 	84.504440 	76.321686 	52.201534 	37.483330 	11.180340 	24.083189 	6.403124 	999.000000 	10.000000 	7.810250 	32.649654 	8.485281 	2.236068 	9.848858 	29.410883 	36.400551 	76.157730 	31.906113 	116.284134 	36.891735 	29.966648 	72.835434 	23.086792 	30.870699 	33.541019 	34.885529 	20.124611 	10.816654 	92.849342 	52.630791 	29.832869 	48.104053 	69.814041 	22.203604 	18.027756 	30.463093 	
37.000000 	47.095646 	14.212670 	34.669872 	76.275818 	10.000000 	8.485281 	47.801674 	4.242640 	94.625580 	3.605551 	43.840622 	41.725292 	94.403389 	94.154129 	36.400551 	93.107468 	85.000000 	60.835846 	47.381432 	2.236068 	34.058773 	16.401220 	10.000000 	999.000000 	2.236068 	42.638012 	2.000000 	9.848858 	19.723083 	39.408119 	46.400433 	66.483078 	41.880783 	125.642349 	46.872166 	39.824615 	82.758682 	32.695564 	40.706264 	43.416588 	44.777225 	12.041595 	14.317822 	102.649887 	42.638012 	39.217342 	38.183765 	79.812279 	30.149628 	23.345236 	22.360680 	
39.012817 	49.162994 	14.866069 	32.756680 	74.330345 	9.219544 	9.433981 	50.000000 	5.385165 	92.655273 	5.099020 	41.725292 	39.597980 	92.417534 	92.477028 	38.078865 	91.389275 	83.258636 	59.093147 	45.254833 	4.000000 	31.890438 	14.212670 	7.810250 	2.236068 	999.000000 	40.459858 	1.000000 	7.615773 	17.492855 	37.202152 	44.204071 	68.709534 	39.661064 	123.713379 	44.654228 	37.589893 	80.622574 	30.463093 	38.470768 	41.182522 	42.544094 	13.341664 	12.649111 	100.568382 	44.821869 	37.000000 	40.311287 	77.620872 	28.071337 	21.587032 	23.769728 	
75.026665 	85.440041 	44.944408 	14.142136 	37.363083 	37.121422 	44.294468 	88.549423 	43.266617 	54.625999 	43.829212 	4.472136 	3.605551 	54.129475 	60.074955 	70.092796 	58.215118 	50.089920 	28.861740 	6.082763 	43.600460 	8.602325 	26.248810 	32.649654 	42.638012 	40.459858 	999.000000 	41.109608 	33.241539 	23.345236 	4.123106 	4.123106 	107.823929 	4.472136 	85.906929 	6.082763 	8.246211 	40.360870 	14.317822 	8.544003 	7.810250 	7.810250 	51.739735 	35.510563 	60.802959 	85.276024 	14.560220 	80.721741 	37.202152 	24.186773 	32.572994 	61.400326 	
39.000000 	49.091751 	15.556349 	33.615471 	75.166481 	10.198039 	10.000000 	49.729267 	5.830952 	93.477272 	5.385165 	42.449970 	40.311287 	93.230896 	93.407707 	38.327538 	92.309265 	84.172440 	60.008331 	45.967381 	4.123106 	32.557640 	14.866069 	8.485281 	2.000000 	1.000000 	41.109608 	999.000000 	8.062258 	18.027756 	37.802116 	44.821869 	68.352028 	40.224369 	124.555206 	45.221676 	38.078865 	81.320351 	30.870699 	38.948685 	41.677334 	43.046486 	12.369317 	12.369317 	101.316338 	44.204071 	37.336308 	39.623226 	78.243210 	28.160255 	21.377558 	22.803509 	
46.173584 	56.435802 	19.313208 	26.925823 	68.095520 	10.816654 	15.132746 	57.567352 	12.041595 	86.284416 	12.165525 	34.828148 	32.649654 	85.982559 	87.281158 	44.407207 	86.034874 	77.833153 	53.758720 	38.288380 	11.401754 	24.758837 	7.211102 	2.236068 	9.848858 	7.615773 	33.241539 	8.062258 	999.000000 	10.000000 	29.832869 	36.878178 	76.321686 	32.202484 	117.477661 	37.202152 	30.016663 	73.552704 	22.847319 	30.886890 	33.615471 	34.985710 	18.867962 	8.602325 	93.723000 	52.201534 	29.410883 	47.507893 	70.292244 	21.023796 	16.124516 	29.068884 	
54.918121 	65.306969 	26.019224 	19.104973 	59.033890 	17.000000 	23.345236 	67.067131 	21.189621 	77.025970 	21.540659 	25.238859 	23.021729 	76.661591 	79.309517 	52.000000 	77.884529 	69.641945 	45.891174 	28.600698 	21.023796 	15.000000 	4.000000 	9.848858 	19.723083 	17.492855 	23.345236 	18.027756 	10.000000 	999.000000 	19.849434 	26.907248 	86.005814 	22.203604 	108.300507 	27.202942 	20.124611 	63.702435 	13.341664 	21.023796 	23.706539 	25.059929 	28.425341 	13.341664 	84.023804 	62.201286 	20.223749 	57.489128 	60.307545 	14.764823 	15.231546 	38.275318 	
72.732384 	83.168503 	42.720020 	14.317822 	41.484936 	34.539833 	41.629318 	85.906929 	40.311287 	58.694122 	40.816662 	8.062258 	6.324555 	58.180752 	64.124878 	68.249542 	62.289646 	54.147945 	32.557640 	10.198039 	40.496914 	6.082763 	23.021729 	29.410883 	39.408119 	37.202152 	4.123106 	37.802116 	29.832869 	19.849434 	999.000000 	7.071068 	105.095192 	3.000000 	89.961105 	7.615773 	5.000000 	44.045429 	10.198039 	5.656854 	6.324555 	7.071068 	48.104053 	31.622776 	64.637451 	82.006096 	11.180340 	77.336922 	40.459858 	20.099751 	28.460499 	57.628117 	
79.120163 	89.537704 	49.040798 	18.027756 	35.510563 	41.146080 	48.301140 	92.574295 	47.169907 	52.201534 	47.707443 	6.708204 	7.071068 	51.623638 	59.008472 	74.215904 	57.008770 	49.010204 	29.154760 	5.830952 	47.434166 	12.529964 	30.000000 	36.400551 	46.400433 	44.204071 	4.123106 	44.821869 	36.878178 	26.907248 	7.071068 	999.000000 	111.825760 	5.385165 	83.384651 	2.828427 	9.219544 	37.013512 	16.552946 	9.055386 	7.071068 	6.324555 	55.172459 	38.600517 	57.688820 	89.022469 	15.000000 	84.386017 	33.421551 	25.961510 	34.928497 	64.660652 	
34.655445 	25.806976 	63.513779 	96.798759 	136.359818 	70.710678 	63.529522 	19.416489 	64.884514 	154.563904 	64.474800 	108.046288 	106.174385 	154.673843 	148.070923 	43.416588 	147.922272 	140.730240 	118.258194 	111.646767 	65.000000 	99.297531 	82.346825 	76.157730 	66.483078 	68.709534 	107.823929 	68.352028 	76.321686 	86.005814 	105.095192 	111.825760 	999.000000 	107.786827 	183.853195 	112.698715 	106.103722 	146.441116 	99.161484 	107.018692 	109.658562 	110.981979 	62.169125 	78.847954 	164.805954 	29.154760 	105.688217 	35.128338 	144.754959 	95.880135 	87.321243 	58.034473 	
75.584389 	86.023254 	45.607018 	17.088007 	40.792156 	37.336308 	44.384682 	88.639717 	42.941822 	57.584721 	43.416588 	8.944272 	7.810250 	57.008770 	64.007812 	71.196907 	62.072536 	54.009258 	33.241539 	10.049875 	43.046486 	9.055386 	25.553865 	31.906113 	41.880783 	39.661064 	4.472136 	40.224369 	32.202484 	22.203604 	3.000000 	5.385165 	107.786827 	999.000000 	88.769363 	5.000000 	4.000000 	42.201897 	11.180340 	4.123106 	3.605551 	4.123106 	50.209560 	33.421551 	62.968246 	84.403793 	10.198039 	79.649231 	38.209946 	20.615528 	29.546574 	59.548298 	
149.201202 	158.492905 	122.147453 	90.972527 	49.396355 	117.413795 	124.201447 	164.769531 	124.851913 	31.304953 	125.670204 	83.186539 	85.422478 	31.780497 	37.589893 	140.858078 	36.891735 	43.278172 	65.946945 	80.056229 	125.924583 	93.477272 	110.276924 	116.284134 	125.642349 	123.713379 	85.906929 	124.555206 	117.477661 	108.300507 	89.961105 	83.384651 	183.853195 	88.769363 	999.000000 	84.504440 	92.477028 	48.836460 	99.924973 	92.114059 	89.537704 	88.255310 	136.341476 	121.198181 	29.000000 	166.817261 	97.406364 	163.217651 	56.320511 	109.201645 	118.308914 	146.485489 	
80.324341 	90.757919 	50.289165 	20.223749 	37.215588 	42.154476 	49.244289 	93.520050 	47.885281 	53.450912 	48.373547 	9.433981 	9.486833 	52.810986 	61.073727 	75.709976 	59.008472 	51.088158 	31.780497 	8.602325 	48.020828 	13.601471 	30.528675 	36.891735 	46.872166 	44.654228 	6.082763 	45.221676 	37.202152 	27.202942 	7.615773 	2.828427 	112.698715 	5.000000 	84.504440 	999.000000 	8.062258 	37.443291 	15.811388 	7.615773 	5.099020 	4.000000 	55.172459 	38.288380 	58.309521 	89.403580 	13.152946 	84.646324 	33.241539 	24.698177 	34.000000 	64.443771 	
74.464760 	84.899940 	44.721359 	18.867962 	44.721359 	36.138622 	43.011627 	87.091904 	41.231056 	61.351448 	41.629318 	12.649111 	11.180340 	60.745369 	68.007355 	70.576202 	66.068146 	58.008621 	37.107952 	14.035668 	41.146080 	9.486833 	23.769728 	29.966648 	39.824615 	37.589893 	8.246211 	38.078865 	30.016663 	20.124611 	5.000000 	9.219544 	106.103722 	4.000000 	92.477028 	8.062258 	999.000000 	45.486263 	7.810250 	1.000000 	3.605551 	5.000000 	47.507893 	30.413813 	66.370171 	82.097504 	6.324555 	77.201035 	41.036568 	16.763054 	25.942244 	56.586216 	
112.507774 	122.674362 	82.927681 	49.648766 	18.027756 	76.216797 	83.408630 	127.027557 	82.975899 	20.615528 	83.630135 	38.948685 	41.036568 	19.416489 	38.418747 	105.990562 	35.608986 	31.240999 	34.058773 	35.383614 	83.546394 	48.795490 	66.468040 	72.835434 	82.758682 	80.622574 	40.360870 	81.320351 	73.552704 	63.702435 	44.045429 	37.013512 	146.441116 	42.201897 	48.836460 	37.443291 	45.486263 	999.000000 	53.254108 	44.944408 	42.190044 	40.816662 	92.097771 	75.604233 	21.023796 	125.319588 	49.648766 	120.933868 	8.544003 	61.773781 	71.344238 	101.671036 	
68.249542 	78.644768 	39.051247 	19.416489 	51.662365 	30.149628 	36.674240 	80.324341 	34.481880 	68.709534 	34.785053 	18.027756 	16.000000 	68.154236 	74.242844 	65.069191 	72.443085 	64.280632 	42.190044 	20.396078 	34.176014 	9.848858 	17.262676 	23.086792 	32.695564 	30.463093 	14.317822 	30.870699 	22.847319 	13.341664 	10.198039 	16.552946 	99.161484 	11.180340 	99.924973 	15.811388 	7.810250 	53.254108 	999.000000 	8.485281 	11.313708 	12.727922 	39.824615 	22.627417 	74.094536 	74.625732 	7.000000 	69.634758 	48.836460 	10.000000 	18.384777 	48.795490 	
75.432091 	85.866173 	45.705578 	19.723083 	44.553337 	37.107952 	43.965897 	88.022728 	42.154476 	61.032780 	42.544094 	13.000000 	11.661903 	60.406952 	68.000000 	71.568146 	66.030296 	58.000000 	37.363083 	14.142136 	42.047592 	10.440307 	24.698177 	30.870699 	40.706264 	38.470768 	8.544003 	38.948685 	30.886890 	21.023796 	5.656854 	9.055386 	107.018692 	4.123106 	92.114059 	7.615773 	1.000000 	44.944408 	8.485281 	999.000000 	2.828427 	4.242640 	48.270073 	31.112698 	65.863495 	82.927681 	6.082763 	78.006409 	40.360870 	17.088007 	26.419689 	57.280014 	
77.884529 	88.323273 	48.052055 	20.615528 	42.296574 	39.560081 	46.486557 	90.620087 	44.777225 	58.523499 	45.188496 	12.206555 	11.313708 	57.870544 	66.030296 	73.824112 	64.000000 	56.035702 	36.055511 	12.649111 	44.721359 	12.041595 	27.313000 	33.541019 	43.416588 	41.182522 	7.810250 	41.677334 	33.615471 	23.706539 	6.324555 	7.071068 	109.658562 	3.605551 	89.537704 	5.099020 	3.605551 	42.190044 	11.313708 	2.828427 	999.000000 	1.414214 	51.088158 	33.941124 	63.134777 	85.702972 	8.062258 	80.802231 	37.536648 	19.697716 	29.154760 	60.108234 	
79.120163 	89.560036 	49.244289 	21.189621 	41.194660 	40.804413 	47.759815 	91.923882 	46.097721 	57.280014 	46.518814 	12.041595 	11.401754 	56.612720 	65.069191 	74.966660 	63.007935 	55.081757 	35.468296 	12.083046 	46.065170 	13.000000 	28.635643 	34.885529 	44.777225 	42.544094 	7.810250 	43.046486 	34.985710 	25.059929 	7.071068 	6.324555 	110.981979 	4.123106 	88.255310 	4.000000 	5.000000 	40.816662 	12.727922 	4.242640 	1.414214 	999.000000 	52.497620 	35.355339 	61.773781 	87.091904 	9.219544 	82.200974 	36.124783 	21.023796 	30.528675 	61.522354 	
37.947330 	46.872166 	24.351591 	45.617977 	86.954010 	22.022715 	18.681541 	45.011108 	15.132746 	105.152267 	14.142136 	53.600372 	51.400391 	104.847511 	105.688217 	40.496914 	104.546638 	96.384644 	72.235725 	57.008770 	13.038404 	43.416588 	26.076809 	20.124611 	12.041595 	13.341664 	51.739735 	12.369317 	18.867962 	28.425341 	48.104053 	55.172459 	62.169125 	50.209560 	136.341476 	55.172459 	47.507893 	92.097771 	39.824615 	48.270073 	51.088158 	52.497620 	999.000000 	17.492855 	112.445541 	35.341194 	45.486263 	30.016663 	88.413803 	34.438351 	25.298222 	10.440307 	
51.088158 	61.000000 	26.925823 	32.388271 	72.090218 	19.104973 	21.931713 	60.827625 	18.027756 	89.894379 	17.720045 	38.013157 	35.777088 	89.470665 	92.649879 	50.695168 	91.214035 	82.969872 	59.228371 	41.182522 	16.492422 	27.730848 	13.038404 	10.816654 	14.317822 	12.649111 	35.510563 	12.369317 	8.602325 	13.341664 	31.622776 	38.600517 	78.847954 	33.421551 	121.198181 	38.288380 	30.413813 	75.604233 	22.627417 	31.112698 	33.941124 	35.355339 	17.492855 	999.000000 	96.260063 	52.773098 	28.017851 	47.507893 	71.449280 	17.088007 	9.055386 	26.172504 	
130.430054 	140.346008 	101.533249 	68.622154 	29.068884 	95.482986 	102.591423 	145.416641 	102.532921 	14.035668 	103.247276 	58.898216 	61.073727 	13.000000 	34.785053 	123.174675 	32.280025 	33.015148 	47.853943 	55.443665 	103.276329 	69.028976 	86.556343 	92.849342 	102.649887 	100.568382 	60.802959 	101.316338 	93.723000 	84.023804 	64.637451 	57.688820 	164.805954 	62.968246 	29.000000 	58.309521 	66.370171 	21.023796 	74.094536 	65.863495 	63.134777 	61.773781 	112.445541 	96.260063 	999.000000 	144.958618 	70.661163 	140.801285 	27.658634 	82.764725 	92.282173 	122.200653 	
27.294687 	27.784887 	44.944408 	76.419891 	117.796432 	49.578220 	42.638012 	19.104973 	42.426407 	136.235092 	41.725292 	86.371292 	84.291161 	136.124939 	133.255386 	37.054016 	132.608444 	124.807854 	101.019798 	89.938866 	41.773197 	76.694199 	59.033890 	52.630791 	42.638012 	44.821869 	85.276024 	44.204071 	52.201534 	62.201286 	82.006096 	89.022469 	29.154760 	84.403793 	166.817261 	89.403580 	82.097504 	125.319588 	74.625732 	82.927681 	85.702972 	87.091904 	35.341194 	52.773098 	144.958618 	999.000000 	80.622574 	6.000000 	122.441826 	69.778221 	60.539242 	29.427877 	
75.133217 	85.510231 	46.043457 	24.083189 	50.358715 	37.121422 	43.566040 	86.977005 	41.231056 	66.483078 	41.484936 	18.973665 	17.464249 	65.802734 	74.006760 	72.062469 	72.006943 	64.007812 	43.416588 	20.223749 	40.804413 	14.212670 	24.186773 	29.832869 	39.217342 	37.000000 	14.560220 	37.336308 	29.410883 	20.223749 	11.180340 	15.000000 	105.688217 	10.198039 	97.406364 	13.152946 	6.324555 	49.648766 	7.000000 	6.082763 	8.062258 	9.219544 	45.486263 	28.017851 	70.661163 	80.622574 	999.000000 	75.471848 	44.407207 	12.206555 	22.022715 	53.907330 	
28.792360 	31.240999 	42.047592 	72.470680 	114.017540 	45.803928 	39.115215 	23.600847 	38.418747 	132.438660 	37.643059 	82.024384 	79.906197 	132.279999 	130.249756 	37.854988 	129.495178 	121.593582 	97.637085 	85.562843 	37.536648 	72.180328 	54.488529 	48.104053 	38.183765 	40.311287 	80.721741 	39.623226 	47.507893 	57.489128 	77.336922 	84.386017 	35.128338 	79.649231 	163.217651 	84.646324 	77.201035 	120.933868 	69.634758 	78.006409 	80.802231 	82.200974 	30.016663 	47.507893 	140.801285 	6.000000 	75.471848 	999.000000 	117.796432 	64.412735 	55.036350 	23.537205 	
111.359779 	121.671692 	81.412529 	48.332184 	24.413111 	74.094536 	81.301903 	125.399361 	80.448738 	29.120440 	81.024689 	36.715118 	38.587563 	27.892651 	46.615448 	105.475113 	43.829212 	38.897301 	37.483330 	33.120991 	80.802231 	45.803928 	63.411354 	69.814041 	79.812279 	77.620872 	37.202152 	78.243210 	70.292244 	60.307545 	40.459858 	33.421551 	144.754959 	38.209946 	56.320511 	33.241539 	41.036568 	8.544003 	48.836460 	40.360870 	37.536648 	36.124783 	88.413803 	71.449280 	27.658634 	122.441826 	44.407207 	117.796432 	999.000000 	56.612720 	66.400299 	97.621719 	
67.067131 	77.233414 	39.812057 	28.231188 	61.392181 	30.805843 	36.124783 	77.665955 	33.000000 	78.108902 	33.015148 	28.017851 	26.000000 	77.491936 	84.214012 	65.375839 	82.389320 	74.242844 	52.153618 	30.265491 	32.062439 	19.416489 	18.384777 	22.203604 	30.149628 	28.071337 	24.186773 	28.160255 	21.023796 	14.764823 	20.099751 	25.961510 	95.880135 	20.615528 	109.201645 	24.698177 	16.763054 	61.773781 	10.000000 	17.088007 	19.697716 	21.023796 	34.438351 	17.088007 	82.764725 	69.778221 	12.206555 	64.412735 	56.612720 	999.000000 	9.899495 	42.201897 	
60.133186 	70.007141 	35.341194 	33.241539 	69.921387 	26.925823 	30.675724 	69.584480 	26.925823 	87.091904 	26.683329 	35.902645 	33.734257 	86.539009 	91.923882 	59.665737 	90.255196 	82.036575 	59.076221 	38.600517 	25.495098 	26.172504 	17.204651 	18.027756 	23.345236 	21.587032 	32.572994 	21.377558 	16.124516 	15.231546 	28.460499 	34.928497 	87.321243 	29.546574 	118.308914 	34.000000 	25.942244 	71.344238 	18.384777 	26.419689 	29.154760 	30.528675 	25.298222 	9.055386 	92.282173 	60.539242 	22.022715 	55.036350 	66.400299 	9.899495 	999.000000 	32.449963 	
39.661064 	47.010635 	33.376640 	55.946404 	97.128784 	32.249031 	28.071337 	42.953465 	25.019993 	115.247559 	24.020824 	63.513779 	61.294373 	114.908661 	116.107712 	44.553337 	114.947815 	106.775467 	82.637764 	66.850578 	23.086792 	53.254108 	36.235340 	30.463093 	22.360680 	23.769728 	61.400326 	22.803509 	29.068884 	38.275318 	57.628117 	64.660652 	58.034473 	59.548298 	146.485489 	64.443771 	56.586216 	101.671036 	48.795490 	57.280014 	60.108234 	61.522354 	10.440307 	26.172504 	122.200653 	29.427877 	53.907330 	23.537205 	97.621719 	42.201897 	32.449963 	999.000000 	

Travel time:
9.000000 	0.261008 	0.752080 	1.576586 	2.545707 	0.958188 	0.789383 	0.395285 	0.853302 	2.999271 	0.851469 	1.868321 	1.825171 	3.002603 	2.839234 	0.254951 	2.833946 	2.652593 	2.090753 	1.957358 	0.875357 	1.668270 	1.274755 	1.134956 	0.925000 	0.975320 	1.875667 	0.975000 	1.154340 	1.372953 	1.818310 	1.978004 	0.866386 	1.889610 	3.730030 	2.008109 	1.861619 	2.812694 	1.706239 	1.885802 	1.947113 	1.978004 	0.948683 	1.277204 	3.260751 	0.682367 	1.878330 	0.719809 	2.783994 	1.676678 	1.503330 	0.991527 	
0.261008 	9.000000 	1.012423 	1.833712 	2.790161 	1.219118 	1.049405 	0.251247 	1.110180 	3.240756 	1.107080 	2.127205 	2.084616 	3.245189 	3.060739 	0.442295 	3.058697 	2.881948 	2.330906 	2.215993 	1.129436 	1.929054 	1.534805 	1.393287 	1.177391 	1.229075 	2.136001 	1.227294 	1.410895 	1.632674 	2.079213 	2.238443 	0.645174 	2.150581 	3.962323 	2.268948 	2.122499 	3.066859 	1.966119 	2.146654 	2.208082 	2.239001 	1.171804 	1.525000 	3.508650 	0.694622 	2.137756 	0.781025 	3.041792 	1.930835 	1.750179 	1.175266 	
0.752080 	1.012423 	9.000000 	0.832166 	1.838478 	0.226385 	0.145774 	1.102554 	0.250000 	2.298369 	0.270416 	1.118034 	1.073837 	2.298097 	2.208082 	0.650481 	2.191603 	1.997029 	1.405569 	1.207528 	0.305164 	0.917197 	0.550568 	0.443001 	0.355317 	0.371652 	1.123610 	0.388909 	0.482830 	0.650481 	1.068001 	1.226020 	1.587844 	1.140175 	3.053686 	1.257229 	1.118034 	2.073192 	0.976281 	1.142639 	1.201301 	1.231107 	0.608790 	0.673146 	2.538331 	1.123610 	1.151086 	1.051190 	2.035313 	0.995301 	0.883530 	0.834416 	
1.576586 	1.833712 	0.832166 	9.000000 	1.040433 	0.671751 	0.849264 	1.934716 	0.851469 	1.500000 	0.870704 	0.304138 	0.275000 	1.495410 	1.511001 	1.431127 	1.478386 	1.273038 	0.673146 	0.388104 	0.875000 	0.247487 	0.498121 	0.637377 	0.866747 	0.818917 	0.353553 	0.840387 	0.673146 	0.477624 	0.357946 	0.450694 	2.419969 	0.427200 	2.274313 	0.505594 	0.471699 	1.241219 	0.485412 	0.493077 	0.515388 	0.529741 	1.140449 	0.809707 	1.715554 	1.910497 	0.602080 	1.811767 	1.208305 	0.705780 	0.831038 	1.398660 	
2.545707 	2.790161 	1.838478 	1.040433 	9.000000 	1.706239 	1.879162 	2.925854 	1.890106 	0.460977 	1.910007 	0.854400 	0.910014 	0.459619 	0.625000 	2.357568 	0.564026 	0.391312 	0.469707 	0.783023 	1.915235 	1.109617 	1.522539 	1.672199 	1.906895 	1.858259 	0.934077 	1.879162 	1.702388 	1.475847 	1.037123 	0.887764 	3.408995 	1.019804 	1.234909 	0.930390 	1.118034 	0.450694 	1.291559 	1.113833 	1.057414 	1.029866 	2.173850 	1.802255 	0.726722 	2.944911 	1.258968 	2.850439 	0.610328 	1.534805 	1.748035 	2.428220 	
0.958188 	1.219118 	0.226385 	0.671751 	1.706239 	9.000000 	0.180278 	1.285739 	0.190394 	2.167083 	0.213600 	0.936082 	0.887764 	2.163908 	2.125000 	0.875000 	2.101934 	1.901480 	1.299279 	1.026219 	0.230489 	0.715891 	0.325000 	0.223607 	0.250000 	0.230489 	0.928036 	0.254951 	0.270416 	0.425000 	0.863496 	1.028652 	1.767767 	0.933408 	2.935345 	1.053862 	0.903466 	1.905420 	0.753741 	0.927699 	0.989002 	1.020110 	0.550568 	0.477624 	2.387075 	1.239455 	0.928036 	1.145098 	1.852363 	0.770146 	0.673146 	0.806226 	
0.789383 	1.049405 	0.145774 	0.849264 	1.879162 	0.180278 	9.000000 	1.107080 	0.106066 	2.340139 	0.125000 	1.116356 	1.068001 	2.337734 	2.281036 	0.731864 	2.260669 	2.062311 	1.463087 	1.206493 	0.160078 	0.894427 	0.485412 	0.350000 	0.212132 	0.235850 	1.107362 	0.250000 	0.378319 	0.583631 	1.040733 	1.207528 	1.588238 	1.109617 	3.105036 	1.231107 	1.075291 	2.085216 	0.916856 	1.099147 	1.162164 	1.193995 	0.467039 	0.548293 	2.564785 	1.065950 	1.089151 	0.977880 	2.032547 	0.903120 	0.766893 	0.701783 	
0.395285 	0.251247 	1.102554 	1.934716 	2.925854 	1.285739 	1.107080 	9.000000 	1.147007 	3.382030 	1.138530 	2.217121 	2.170829 	3.384246 	3.233033 	0.637377 	3.226840 	3.043846 	2.475884 	2.307054 	1.154340 	2.001406 	1.583114 	1.431127 	1.195042 	1.250000 	2.213736 	1.243232 	1.439184 	1.676678 	2.147673 	2.314357 	0.485412 	2.215993 	4.119238 	2.338001 	2.177298 	3.175689 	2.008109 	2.200568 	2.265502 	2.298097 	1.125278 	1.520691 	3.635416 	0.477624 	2.174425 	0.590021 	3.134984 	1.941649 	1.739612 	1.073837 	
0.853302 	1.110180 	0.250000 	0.851469 	1.890106 	0.190394 	0.106066 	1.147007 	9.000000 	2.350532 	0.025000 	1.101136 	1.050297 	2.346540 	2.315302 	0.818917 	2.291970 	2.091202 	1.488497 	1.190850 	0.055902 	0.866747 	0.436606 	0.285044 	0.106066 	0.134629 	1.081665 	0.145774 	0.301040 	0.529741 	1.007782 	1.179248 	1.622113 	1.073546 	3.121298 	1.197132 	1.030776 	2.074398 	0.862047 	1.053862 	1.119431 	1.152443 	0.378319 	0.450694 	2.563323 	1.060660 	1.030776 	0.960469 	2.011219 	0.825000 	0.673146 	0.625500 	
2.999271 	3.240756 	2.298369 	1.500000 	0.460977 	2.167083 	2.340139 	3.382030 	2.350532 	9.000000 	2.370258 	1.297112 	1.353006 	0.035355 	0.536773 	2.805018 	0.469707 	0.475000 	0.910014 	1.218862 	2.375000 	1.554429 	1.976898 	2.128673 	2.365639 	2.316382 	1.365650 	2.336932 	2.157110 	1.925649 	1.467353 	1.305038 	3.864098 	1.439618 	0.782624 	1.336273 	1.533786 	0.515388 	1.717738 	1.525820 	1.463087 	1.432000 	2.628807 	2.247360 	0.350892 	3.405877 	1.662077 	3.310966 	0.728011 	1.952723 	2.177298 	2.881189 	
0.851469 	1.107080 	0.270416 	0.870704 	1.910007 	0.213600 	0.125000 	1.138530 	0.025000 	2.370258 	9.000000 	1.117195 	1.065950 	2.366036 	2.338001 	0.824621 	2.314357 	2.113350 	1.510381 	1.206752 	0.035355 	0.880696 	0.447214 	0.292617 	0.090139 	0.127475 	1.095730 	0.134629 	0.304138 	0.538516 	1.020416 	1.192686 	1.611870 	1.085415 	3.141755 	1.209339 	1.040733 	2.090753 	0.869626 	1.063602 	1.129712 	1.162970 	0.353553 	0.443001 	2.581182 	1.043132 	1.037123 	0.941076 	2.025617 	0.825379 	0.667083 	0.600521 	
1.868321 	2.127205 	1.118034 	0.304138 	0.854400 	0.936082 	1.116356 	2.217121 	1.101136 	1.297112 	1.117195 	9.000000 	0.055902 	1.286954 	1.405569 	1.731509 	1.361295 	1.156774 	0.612882 	0.090139 	1.114955 	0.257391 	0.691466 	0.849264 	1.096016 	1.043132 	0.111803 	1.061249 	0.870704 	0.630971 	0.201556 	0.167705 	2.701157 	0.223607 	2.079664 	0.235850 	0.316228 	0.973717 	0.450694 	0.325000 	0.305164 	0.301040 	1.340009 	0.950329 	1.472455 	2.159282 	0.474342 	2.050610 	0.917878 	0.700446 	0.897566 	1.587844 	
1.825171 	2.084616 	1.073837 	0.275000 	0.910014 	0.887764 	1.068001 	2.170829 	1.050297 	1.353006 	1.065950 	0.055902 	9.000000 	1.342805 	1.457738 	1.693000 	1.414214 	1.209339 	0.657647 	0.141421 	1.063015 	0.201556 	0.637377 	0.795692 	1.043132 	0.989950 	0.090139 	1.007782 	0.816241 	0.575543 	0.158114 	0.176777 	2.654360 	0.195256 	2.135562 	0.237171 	0.279509 	1.025914 	0.400000 	0.291548 	0.282843 	0.285044 	1.285010 	0.894427 	1.526843 	2.107279 	0.436606 	1.997655 	0.964689 	0.650000 	0.843356 	1.532359 	
3.002603 	3.245189 	2.298097 	1.495410 	0.459619 	2.163908 	2.337734 	3.384246 	2.346540 	0.035355 	2.366036 	1.286954 	1.342805 	9.000000 	0.570636 	2.810360 	0.503115 	0.500625 	0.915492 	1.207528 	2.370258 	1.544345 	1.969296 	2.121910 	2.360085 	2.310438 	1.353237 	2.330772 	2.149564 	1.916540 	1.454519 	1.290591 	3.866846 	1.425219 	0.794512 	1.320275 	1.518634 	0.485412 	1.703856 	1.510174 	1.446764 	1.415318 	2.621188 	2.236767 	0.325000 	3.403123 	1.645068 	3.307000 	0.697316 	1.937298 	2.163475 	2.872716 	
2.839234 	3.060739 	2.208082 	1.511001 	0.625000 	2.125000 	2.281036 	3.233033 	2.315302 	0.536773 	2.338001 	1.405569 	1.457738 	0.570636 	9.000000 	2.618444 	0.070711 	0.250000 	0.838153 	1.350926 	2.350532 	1.644118 	2.009042 	2.142574 	2.353853 	2.311926 	1.501874 	2.335193 	2.182029 	1.982738 	1.603122 	1.475212 	3.701773 	1.600195 	0.939747 	1.526843 	1.700184 	0.960469 	1.856071 	1.700000 	1.650757 	1.626730 	2.642205 	2.316247 	0.869626 	3.331385 	1.850169 	3.256244 	1.165386 	2.105350 	2.298097 	2.902693 	
0.254951 	0.442295 	0.650481 	1.431127 	2.357568 	0.875000 	0.731864 	0.637377 	0.818917 	2.805018 	0.824621 	1.731509 	1.693000 	2.810360 	2.618444 	9.000000 	2.616534 	2.440543 	1.895059 	1.818310 	0.855132 	1.554228 	1.200000 	1.079641 	0.910014 	0.951972 	1.752320 	0.958188 	1.110180 	1.300000 	1.706239 	1.855398 	1.085415 	1.779923 	3.521452 	1.892749 	1.764405 	2.649764 	1.626730 	1.789204 	1.845603 	1.874166 	1.012423 	1.267379 	3.079367 	0.926350 	1.801562 	0.946375 	2.636878 	1.634396 	1.491643 	1.113833 	
2.833946 	3.058697 	2.191603 	1.478386 	0.564026 	2.101934 	2.260669 	3.226840 	2.291970 	0.469707 	2.314357 	1.361295 	1.414214 	0.503115 	0.070711 	2.616534 	9.000000 	0.206155 	0.807775 	1.303840 	2.325941 	1.603317 	1.976424 	2.112611 	2.327687 	2.284732 	1.455378 	2.307732 	2.150872 	1.947113 	1.557241 	1.425219 	3.698057 	1.551813 	0.922293 	1.475212 	1.651704 	0.890225 	1.811077 	1.650757 	1.600000 	1.575198 	2.613666 	2.280351 	0.807001 	3.315211 	1.800174 	3.237380 	1.095730 	2.059733 	2.256380 	2.873695 	
2.652593 	2.881948 	1.997029 	1.273038 	0.391312 	1.901480 	2.062311 	3.043846 	2.091202 	0.475000 	2.113350 	1.156774 	1.209339 	0.500625 	0.250000 	2.440543 	0.206155 	9.000000 	0.604152 	1.101136 	2.124264 	1.397542 	1.770946 	1.908042 	2.125000 	2.081466 	1.252248 	2.104311 	1.945829 	1.741049 	1.353699 	1.225255 	3.518256 	1.350231 	1.081954 	1.277204 	1.450216 	0.781025 	1.607016 	1.450000 	1.400892 	1.377044 	2.409616 	2.074247 	0.825379 	3.120196 	1.600195 	3.039840 	0.972432 	1.856071 	2.050914 	2.669387 	
2.090753 	2.330906 	1.405569 	0.673146 	0.469707 	1.299279 	1.463087 	2.475884 	1.488497 	0.910014 	1.510381 	0.612882 	0.657647 	0.915492 	0.838153 	1.895059 	0.807775 	0.604152 	9.000000 	0.585235 	1.520691 	0.825000 	1.171004 	1.305038 	1.520896 	1.477329 	0.721543 	1.500208 	1.343968 	1.147279 	0.813941 	0.728869 	2.956455 	0.831038 	1.648674 	0.794512 	0.927699 	0.851469 	1.054751 	0.934077 	0.901388 	0.886707 	1.805893 	1.480709 	1.196349 	2.525495 	1.085415 	2.440927 	0.937083 	1.303840 	1.476906 	2.065944 	
