Total assets = 610
Number of asset nodes = 33

Distance:
999.000000 	20.808653 	53.225933 	84.219948 	62.625874 	56.797886 	6.708204 	10.198039 	72.801102 	41.400482 	61.522354 	12.041595 	7.280110 	25.806976 	15.811388 	47.169907 	68.600288 	31.304953 	10.630146 	44.821869 	54.083271 	62.225395 	68.680420 	49.819675 	50.803543 	12.083046 	40.816662 	13.000000 	49.819675 	41.012192 	18.248287 	43.046486 	50.447994 	39.357338 	37.576588 	35.000000 	72.138756 	91.836815 	91.021973 	46.647614 	63.245552 	39.924931 	25.495098 	32.557640 	51.971146 	53.851646 	87.965904 	49.193497 	37.107952 	45.694637 	
20.808653 	999.000000 	73.824112 	65.924202 	43.046486 	77.414467 	18.601076 	29.068884 	53.338543 	62.201286 	41.231056 	28.844410 	19.646883 	9.219544 	36.235340 	67.542580 	50.328918 	11.180340 	21.023796 	65.604881 	74.886581 	41.868843 	48.600410 	29.068884 	71.610054 	25.942244 	20.124611 	26.832815 	70.604530 	61.619801 	36.055511 	22.360680 	71.217972 	18.973665 	17.464249 	55.172459 	51.855568 	72.560318 	71.693794 	25.942244 	84.053551 	20.223749 	43.046486 	16.155495 	31.304953 	33.120991 	68.007355 	28.792360 	19.235384 	25.709921 	
53.225933 	73.824112 	999.000000 	131.590271 	112.929184 	3.605551 	57.584721 	47.801674 	122.576508 	15.132746 	113.004425 	50.219517 	54.918121 	76.843994 	37.589893 	7.211102 	116.674759 	84.528099 	58.240879 	13.928389 	7.615773 	113.811249 	119.632774 	102.396286 	9.899495 	54.341511 	93.941475 	54.129475 	12.041595 	19.924858 	45.276924 	96.176918 	12.727922 	92.574295 	90.801979 	27.459061 	123.405838 	140.730240 	140.035706 	99.764725 	13.601471 	93.107468 	43.046486 	85.094063 	105.118980 	106.943909 	138.293167 	102.415817 	89.888817 	98.898941 	
84.219948 	65.924202 	131.590271 	999.000000 	24.186773 	135.103668 	84.095184 	93.941475 	15.132746 	123.405838 	29.017237 	94.371605 	79.322128 	58.591808 	96.607452 	124.482933 	15.652476 	60.638271 	86.925255 	127.003937 	134.825821 	29.068884 	22.360680 	42.107006 	132.279999 	91.787796 	52.469040 	92.703827 	131.821854 	124.277916 	101.518471 	51.244511 	132.612213 	55.443665 	57.558666 	119.037811 	22.472204 	11.180340 	11.045361 	49.040798 	143.934006 	58.215118 	108.687622 	67.742157 	47.095646 	45.177429 	16.155495 	51.039200 	64.280632 	55.000000 	
62.625874 	43.046486 	112.929184 	24.186773 	999.000000 	116.516090 	61.587337 	71.847061 	10.295630 	103.247276 	6.403124 	71.867935 	58.694122 	36.878178 	76.367531 	106.042442 	10.770329 	36.687874 	64.007812 	106.794197 	115.312622 	7.071068 	7.280110 	18.000000 	112.432205 	68.963760 	28.284271 	69.835518 	111.731819 	103.479469 	79.075912 	27.073973 	112.449989 	31.257000 	33.376640 	97.616600 	11.401754 	29.529646 	28.653097 	25.019993 	124.523087 	34.058773 	86.092972 	43.566040 	23.769728 	22.135944 	25.455845 	27.459061 	40.112343 	31.144823 	
56.797886 	77.414467 	3.605551 	135.103668 	116.516090 	999.000000 	61.098282 	51.244511 	126.150703 	18.000000 	116.606178 	53.600372 	58.523499 	80.448738 	41.182522 	10.630146 	120.216469 	88.102211 	61.684681 	16.278820 	7.810250 	117.413795 	123.227432 	106.000000 	11.180340 	57.723480 	97.529480 	57.489128 	13.416408 	22.360680 	48.507732 	99.764725 	13.892444 	96.150925 	94.371605 	30.149628 	127.003937 	144.277512 	143.586212 	103.353760 	11.045361 	96.664368 	46.000000 	88.600227 	108.706024 	110.535065 	141.873184 	105.990562 	93.407707 	102.459747 	
6.708204 	18.601076 	57.584721 	84.095184 	61.587337 	61.098282 	999.000000 	10.630146 	71.867935 	44.777225 	59.816387 	10.295630 	12.806249 	25.632011 	21.095022 	51.923019 	68.447060 	27.802877 	4.472136 	48.020828 	57.706154 	60.440052 	67.201187 	47.381432 	54.203320 	8.062258 	37.643059 	9.055386 	53.000000 	43.600460 	17.492855 	39.824615 	53.535034 	35.805027 	33.837849 	36.796738 	70.434364 	91.065910 	90.210861 	43.416588 	66.730804 	35.846897 	24.596748 	27.513634 	48.600410 	50.606323 	86.608315 	45.486263 	32.310989 	41.677334 	
10.198039 	29.068884 	47.801674 	93.941475 	71.847061 	51.244511 	10.630146 	999.000000 	82.097504 	34.438351 	70.292244 	3.605551 	17.000000 	35.355339 	13.928389 	42.579338 	78.294319 	38.418747 	10.440307 	37.589893 	47.423622 	70.936592 	77.620872 	57.982758 	43.829212 	7.071068 	48.270073 	7.280110 	42.544094 	33.015148 	8.062258 	50.447994 	43.046486 	46.400433 	44.407207 	26.172504 	80.919716 	101.242287 	100.404182 	54.037025 	56.356010 	46.324940 	15.297058 	37.576588 	59.203041 	61.220913 	97.005157 	56.035702 	42.485291 	52.153618 	
72.801102 	53.338543 	122.576508 	15.132746 	10.295630 	126.150703 	71.867935 	82.097504 	999.000000 	113.216606 	14.035668 	82.152298 	68.680420 	47.010635 	86.313385 	115.624390 	9.055386 	46.818798 	74.303429 	116.777565 	125.159897 	14.000000 	7.280110 	27.459061 	122.347862 	79.259071 	38.078865 	80.131142 	121.696342 	113.569359 	89.358826 	36.674240 	122.429573 	41.000000 	43.174065 	107.800743 	8.485281 	19.235384 	18.357559 	34.234486 	134.357727 	43.566040 	96.384644 	53.366657 	32.015621 	30.066593 	15.811388 	36.000000 	49.648766 	40.049969 	
41.400482 	62.201286 	15.132746 	123.405838 	103.247276 	18.000000 	44.777225 	34.438351 	113.216606 	999.000000 	102.649887 	36.400551 	44.553337 	66.483078 	26.907248 	13.601471 	108.074051 	72.401657 	44.777225 	3.605551 	13.000000 	103.392456 	109.622078 	91.214035 	9.433981 	40.496914 	82.097504 	40.162170 	8.485281 	5.656854 	30.805843 	84.314888 	9.219544 	80.454956 	78.549347 	12.369317 	113.216606 	131.893890 	131.137329 	87.920418 	21.954498 	80.622574 	28.000000 	72.013885 	93.193344 	95.131485 	128.701202 	90.210861 	76.922035 	86.452301 	
61.522354 	41.231056 	113.004425 	29.017237 	6.403124 	116.606178 	59.816387 	70.292244 	14.035668 	102.649887 	999.000000 	70.000000 	58.258045 	36.235340 	75.927597 	106.254410 	17.000000 	33.541019 	61.854668 	106.150833 	114.978256 	1.000000 	7.615773 	13.601471 	111.946419 	66.850578 	24.351591 	67.675697 	111.126053 	102.532921 	77.201035 	22.803509 	111.803398 	27.202942 	29.410883 	96.332756 	10.630146 	32.572994 	31.622776 	20.223749 	124.197426 	29.614185 	84.053551 	39.560081 	18.110771 	16.278820 	26.925823 	22.022715 	35.693138 	26.019224 	
12.041595 	28.844410 	50.219517 	94.371605 	71.867935 	53.600372 	10.295630 	3.605551 	82.152298 	36.400551 	70.000000 	999.000000 	19.235384 	35.846897 	17.464249 	45.276924 	78.721024 	37.483330 	8.602325 	39.395432 	49.396355 	70.604530 	77.420929 	57.384666 	45.694637 	4.123106 	47.381432 	4.000000 	44.283180 	34.481880 	7.211102 	49.517673 	44.721359 	45.343136 	43.278172 	27.202942 	80.603973 	101.355812 	100.498756 	53.075417 	58.180752 	45.000000 	14.317822 	35.846897 	58.137768 	60.207973 	96.834908 	54.817879 	40.816662 	50.803543 	
7.280110 	19.646883 	54.918121 	79.322128 	58.694122 	58.523499 	12.806249 	17.000000 	68.680420 	44.553337 	58.258045 	19.235384 	999.000000 	22.022715 	17.691807 	48.373547 	63.820061 	30.805843 	17.204651 	48.104053 	56.727417 	59.033890 	65.115280 	47.507893 	53.758720 	19.313208 	39.560081 	20.248457 	53.037724 	45.000000 	25.019993 	41.785164 	53.758720 	38.600517 	37.107952 	39.824615 	68.767723 	87.458565 	86.683334 	45.310043 	65.946945 	39.812057 	32.140316 	34.014702 	50.695168 	52.392746 	84.148682 	48.383881 	38.052597 	45.354160 	
25.806976 	9.219544 	76.843994 	58.591808 	36.878178 	80.448738 	25.632011 	35.355339 	47.010635 	66.483078 	36.235340 	35.846897 	22.022715 	999.000000 	39.698868 	70.178345 	42.941822 	14.764823 	28.861740 	70.007141 	78.746429 	37.013512 	43.139309 	26.000000 	75.742989 	33.526108 	20.000000 	34.481880 	74.966660 	66.603302 	42.953465 	22.022715 	75.663727 	20.223749 	19.646883 	60.802959 	46.754681 	66.030296 	65.215027 	25.179358 	87.965904 	22.803509 	50.159744 	22.671568 	30.413813 	31.780497 	62.289646 	29.017237 	24.186773 	27.166155 	
15.811388 	36.235340 	37.589893 	96.607452 	76.367531 	41.182522 	21.095022 	13.928389 	86.313385 	26.907248 	75.927597 	17.464249 	17.691807 	39.698868 	999.000000 	31.384710 	81.215759 	47.010635 	23.086792 	30.479502 	39.051247 	76.694199 	82.807007 	64.899925 	36.069378 	20.880613 	56.356010 	21.189621 	35.383614 	27.784887 	17.691807 	58.591808 	36.124783 	55.036350 	53.310413 	23.769728 	86.452301 	104.995239 	104.235313 	62.177166 	48.270073 	55.713554 	22.360680 	48.270073 	67.535179 	69.354164 	101.823380 	64.884514 	52.886673 	61.465439 	
47.169907 	67.542580 	7.211102 	124.482933 	106.042442 	10.630146 	51.923019 	42.579338 	115.624390 	13.601471 	106.254410 	45.276924 	48.373547 	70.178345 	31.384710 	999.000000 	109.622078 	78.390053 	52.952808 	14.212670 	13.038404 	107.074738 	112.800713 	95.880135 	13.341664 	49.365982 	87.664131 	49.254440 	14.866069 	19.209373 	41.012192 	89.899948 	15.811388 	86.406021 	84.693565 	25.495098 	116.606178 	133.689941 	133.003754 	93.471924 	20.615528 	87.091904 	39.812057 	79.404030 	98.843307 	100.623062 	131.365906 	96.254868 	84.118965 	92.849342 	
68.600288 	50.328918 	116.674759 	15.652476 	10.770329 	120.216469 	68.447060 	78.294319 	9.055386 	108.074051 	17.000000 	78.721024 	63.820061 	42.941822 	81.215759 	109.622078 	999.000000 	45.541191 	71.309189 	111.664673 	119.670380 	17.492855 	13.601471 	28.284271 	117.034180 	76.157730 	38.000000 	77.077881 	116.516090 	108.811768 	85.866173 	37.054016 	117.290237 	41.000000 	43.011627 	103.464973 	16.552946 	24.083189 	23.430750 	35.355339 	128.817703 	44.045429 	93.037628 	53.084839 	34.481880 	32.893768 	23.409399 	38.078865 	50.009998 	41.593269 	
31.304953 	11.180340 	84.528099 	60.638271 	36.687874 	88.102211 	27.802877 	38.418747 	46.818798 	72.401657 	33.541019 	37.483330 	30.805843 	14.764823 	47.010635 	78.390053 	45.541191 	999.000000 	29.000000 	75.716576 	85.234970 	34.000000 	41.146080 	20.248457 	81.835197 	33.970577 	9.899495 	34.713108 	80.709358 	71.400284 	44.553337 	12.041595 	81.271149 	8.062258 	6.324555 	64.536812 	43.908997 	65.924202 	65.000000 	15.620500 	94.339813 	9.055386 	51.088158 	8.944272 	20.808653 	22.803509 	60.415230 	17.888544 	9.433981 	14.560220 	
10.630146 	21.023796 	58.240879 	86.925255 	64.007812 	61.684681 	4.472136 	10.440307 	74.303429 	44.777225 	61.854668 	8.602325 	17.204651 	28.861740 	23.086792 	52.952808 	71.309189 	29.000000 	999.000000 	47.853943 	57.775429 	62.425957 	69.339745 	49.040798 	54.129475 	5.000000 	38.897301 	5.830952 	52.773098 	43.046486 	15.556349 	41.012192 	53.235325 	36.796738 	34.713108 	35.805027 	72.422371 	93.536087 	92.660675 	44.553337 	66.640831 	36.400551 	22.203604 	27.294687 	49.578220 	51.662365 	88.752464 	46.227695 	32.249031 	42.201897 	
44.821869 	65.604881 	13.928389 	127.003937 	106.794197 	16.278820 	48.020828 	37.589893 	116.777565 	3.605551 	106.150833 	39.395432 	48.104053 	70.007141 	30.479502 	14.212670 	111.664673 	75.716576 	47.853943 	999.000000 	10.198039 	106.887794 	113.145920 	94.641426 	6.324555 	43.462627 	85.445892 	43.081318 	5.000000 	6.082763 	33.526108 	87.658424 	5.656854 	83.761566 	81.835197 	14.000000 	116.726173 	135.473251 	134.714508 	91.263351 	18.788294 	83.862984 	30.149628 	75.133217 	96.519424 	98.473343 	132.245987 	93.493317 	80.062477 	89.693924 	
54.083271 	74.886581 	7.615773 	134.825821 	115.312622 	7.810250 	57.706154 	47.423622 	125.159897 	13.000000 	114.978256 	49.396355 	56.727417 	78.746429 	39.051247 	13.038404 	119.670380 	85.234970 	57.775429 	10.198039 	999.000000 	115.745407 	121.827744 	103.812332 	4.000000 	53.488316 	94.873604 	53.141319 	6.082763 	16.031219 	43.680660 	97.097885 	6.324555 	93.295227 	91.416626 	24.083189 	125.495018 	143.627991 	142.898560 	100.702530 	9.219544 	93.536087 	40.311287 	85.000000 	106.000000 	107.912003 	140.758652 	103.077644 	89.899948 	99.362968 	
62.225395 	41.868843 	113.811249 	29.068884 	7.071068 	117.413795 	60.440052 	70.936592 	14.000000 	103.392456 	1.000000 	70.604530 	59.033890 	37.013512 	76.694199 	107.074738 	17.492855 	34.000000 	62.425957 	106.887794 	115.745407 	999.000000 	7.280110 	13.928389 	112.698715 	67.424034 	24.698177 	68.242218 	111.865990 	103.237587 	77.801025 	23.086792 	112.538879 	27.513634 	29.732138 	97.000000 	10.000000 	32.280025 	31.320919 	20.396078 	124.963997 	29.832869 	84.628601 	39.849716 	18.027756 	16.124516 	26.419689 	22.000000 	35.902645 	26.076809 	
68.680420 	48.600410 	119.632774 	22.360680 	7.280110 	123.227432 	67.201187 	77.620872 	7.280110 	109.622078 	7.615773 	77.420929 	65.115280 	43.139309 	82.807007 	112.800713 	13.601471 	41.146080 	69.339745 	113.145920 	121.827744 	7.280110 	999.000000 	21.189621 	118.869675 	74.330345 	31.953091 	75.166481 	118.105888 	109.658562 	84.628601 	30.364452 	118.802361 	34.785053 	37.000000 	103.585716 	4.123106 	25.000000 	24.041630 	27.658634 	131.045792 	37.107952 	91.525955 	47.127487 	25.019993 	23.000000 	19.416489 	29.068884 	43.174065 	33.241539 	
49.819675 	29.068884 	102.396286 	42.107006 	18.000000 	106.000000 	47.381432 	57.982758 	27.459061 	91.214035 	13.601471 	57.384666 	47.507893 	26.000000 	64.899925 	95.880135 	28.284271 	20.248457 	49.040798 	94.641426 	103.812332 	13.928389 	21.189621 	999.000000 	100.603180 	54.037025 	10.770329 	54.817879 	99.639351 	90.686272 	64.536812 	9.219544 	100.264648 	13.601471 	15.811388 	84.148682 	23.706539 	46.173584 	45.221676 	7.071068 	113.004425 	16.124516 	71.217972 	25.961510 	7.810250 	7.615773 	40.249222 	10.295630 	22.203604 	13.341664 	
50.803543 	71.610054 	9.899495 	132.279999 	112.432205 	11.180340 	54.203320 	43.829212 	122.347862 	9.433981 	111.946419 	45.694637 	53.758720 	75.742989 	36.069378 	13.341664 	117.034180 	81.835197 	54.129475 	6.324555 	4.000000 	112.698715 	118.869675 	100.603180 	999.000000 	49.769470 	91.525955 	49.396355 	2.236068 	12.041595 	39.849716 	93.744331 	2.828427 	89.888817 	87.982956 	20.099751 	122.494896 	140.929062 	140.185593 	97.349884 	12.529964 	90.049988 	36.345562 	81.394104 	102.625534 	104.560989 	137.887634 	99.644371 	86.313385 	95.880135 	
12.083046 	25.942244 	54.341511 	91.787796 	68.963760 	57.723480 	8.062258 	7.071068 	79.259071 	40.496914 	66.850578 	4.123106 	19.313208 	33.526108 	20.880613 	49.365982 	76.157730 	33.970577 	5.000000 	43.462627 	53.488316 	67.424034 	74.330345 	54.037025 	49.769470 	999.000000 	43.863426 	1.000000 	48.332184 	38.470768 	10.630146 	45.967381 	48.754486 	41.725292 	39.623226 	31.064449 	77.420929 	98.488579 	97.616600 	49.497475 	62.241467 	41.231056 	17.204651 	31.906113 	54.488529 	56.586216 	93.744331 	51.088158 	36.891735 	47.010635 	
40.816662 	20.124611 	93.941475 	52.469040 	28.284271 	97.529480 	37.643059 	48.270073 	38.078865 	82.097504 	24.351591 	47.381432 	39.560081 	20.000000 	56.356010 	87.664131 	38.000000 	9.899495 	38.897301 	85.445892 	94.873604 	24.698177 	31.953091 	10.770329 	91.525955 	43.863426 	999.000000 	44.598206 	90.443352 	81.215759 	54.451813 	2.236068 	91.021973 	3.000000 	5.099020 	74.411018 	34.438351 	56.920998 	55.973209 	5.830952 	104.009613 	6.324555 	60.959003 	15.297058 	11.180340 	13.038404 	50.990196 	9.055386 	12.041595 	7.615773 	
13.000000 	26.832815 	54.129475 	92.703827 	69.835518 	57.489128 	9.055386 	7.280110 	80.131142 	40.162170 	67.675697 	4.000000 	20.248457 	34.481880 	21.189621 	49.254440 	77.077881 	34.713108 	5.830952 	43.081318 	53.141319 	68.242218 	75.166481 	54.817879 	49.396355 	1.000000 	44.598206 	999.000000 	47.927029 	38.013157 	10.000000 	46.690472 	48.332184 	42.426407 	40.311287 	30.528675 	78.236816 	99.362968 	98.488579 	50.209560 	61.846584 	41.868843 	16.401220 	32.449963 	55.172459 	57.280014 	94.578011 	51.739735 	37.443291 	47.634022 	
49.819675 	70.604530 	12.041595 	131.821854 	111.731819 	13.416408 	53.000000 	42.544094 	121.696342 	8.485281 	111.126053 	44.283180 	53.037724 	74.966660 	35.383614 	14.866069 	116.516090 	80.709358 	52.773098 	5.000000 	6.082763 	111.865990 	118.105888 	99.639351 	2.236068 	48.332184 	90.443352 	47.927029 	999.000000 	10.198039 	38.275318 	92.655273 	1.000000 	88.752464 	86.821655 	18.248287 	121.696342 	140.356689 	139.603012 	96.260063 	13.928389 	88.836929 	34.525352 	80.062477 	101.513542 	103.469803 	137.186005 	98.478424 	85.000000 	94.667839 	
41.012192 	61.619801 	19.924858 	124.277916 	103.479469 	22.360680 	43.600460 	33.015148 	113.569359 	5.656854 	102.532921 	34.481880 	45.000000 	66.603302 	27.784887 	19.209373 	108.811768 	71.400284 	43.046486 	6.082763 	16.031219 	103.237587 	109.658562 	90.686272 	12.041595 	38.470768 	81.215759 	38.013157 	10.198039 	999.000000 	28.231188 	83.408630 	10.440307 	79.404030 	77.420929 	8.062258 	113.145920 	132.438660 	131.654846 	87.005745 	24.041630 	79.322128 	24.331051 	70.327805 	92.200867 	94.201912 	128.887543 	89.050545 	75.292763 	85.146935 	
18.248287 	36.055511 	45.276924 	101.518471 	79.075912 	48.507732 	17.492855 	8.062258 	89.358826 	30.805843 	77.201035 	7.211102 	25.019993 	42.953465 	17.691807 	41.012192 	85.866173 	44.553337 	15.556349 	33.526108 	43.680660 	77.801025 	84.628601 	64.536812 	39.849716 	10.630146 	54.451813 	10.000000 	38.275318 	28.231188 	999.000000 	56.568542 	38.626415 	52.345009 	50.249378 	20.591261 	87.800911 	108.558739 	107.703293 	60.108234 	52.201534 	51.855568 	7.280110 	42.438190 	65.115280 	67.208633 	104.043259 	61.717098 	47.434166 	57.628117 	
43.046486 	22.360680 	96.176918 	51.244511 	27.073973 	99.764725 	39.824615 	50.447994 	36.674240 	84.314888 	22.803509 	49.517673 	41.785164 	22.022715 	58.591808 	89.899948 	37.054016 	12.041595 	41.012192 	87.658424 	97.097885 	23.086792 	30.364452 	9.219544 	93.744331 	45.967381 	2.236068 	46.690472 	92.655273 	83.408630 	56.568542 	999.000000 	93.230896 	4.472136 	6.708204 	76.576759 	32.695564 	55.362442 	54.405884 	3.605551 	106.230881 	7.000000 	63.031738 	16.763054 	8.944272 	10.816654 	49.244289 	7.000000 	13.038404 	6.403124 	
50.447994 	71.217972 	12.727922 	132.612213 	112.449989 	13.892444 	53.535034 	43.046486 	122.429573 	9.219544 	111.803398 	44.721359 	53.758720 	75.663727 	36.124783 	15.811388 	117.290237 	81.271149 	53.235325 	5.656854 	6.324555 	112.538879 	118.802361 	100.264648 	2.828427 	48.754486 	91.021973 	48.332184 	1.000000 	10.440307 	38.626415 	93.230896 	999.000000 	89.308456 	87.367043 	18.439089 	122.380554 	141.113434 	140.356689 	96.834908 	13.601471 	89.358826 	34.713108 	80.529495 	102.078400 	104.043259 	137.902145 	99.020203 	85.475143 	95.189285 	
39.357338 	18.973665 	92.574295 	55.443665 	31.257000 	96.150925 	35.805027 	46.400433 	41.000000 	80.454956 	27.202942 	45.343136 	38.600517 	20.223749 	55.036350 	86.406021 	41.000000 	8.062258 	36.796738 	83.761566 	93.295227 	27.513634 	34.785053 	13.601471 	89.888817 	41.725292 	3.000000 	42.426407 	88.752464 	79.404030 	52.345009 	4.472136 	89.308456 	999.000000 	2.236068 	72.470680 	37.161808 	59.774578 	58.821766 	7.810250 	102.396286 	3.605551 	58.728188 	12.369317 	12.806249 	14.866069 	53.712196 	9.848858 	9.055386 	7.000000 	
37.576588 	17.464249 	90.801979 	57.558666 	33.376640 	94.371605 	33.837849 	44.407207 	43.174065 	78.549347 	29.410883 	43.278172 	37.107952 	19.646883 	53.310413 	84.693565 	43.011627 	6.324555 	34.713108 	81.835197 	91.416626 	29.732138 	37.000000 	15.811388 	87.982956 	39.623226 	5.099020 	40.311287 	86.821655 	77.420929 	50.249378 	6.708204 	87.367043 	2.236068 	999.000000 	70.434364 	39.395432 	61.983868 	61.032780 	10.000000 	100.498756 	3.162278 	56.586216 	10.198039 	14.866069 	16.970562 	55.946404 	11.661903 	7.280110 	8.246211 	
35.000000 	55.172459 	27.459061 	119.037811 	97.616600 	30.149628 	36.796738 	26.172504 	107.800743 	12.369317 	96.332756 	27.202942 	39.824615 	60.802959 	23.769728 	25.495098 	103.464973 	64.536812 	35.805027 	14.000000 	24.083189 	97.000000 	103.585716 	84.148682 	20.099751 	31.064449 	74.411018 	30.528675 	18.248287 	8.062258 	20.591261 	76.576759 	18.439089 	72.470680 	70.434364 	999.000000 	106.962608 	126.826653 	126.015869 	80.156097 	32.015621 	72.201111 	16.278820 	62.968246 	85.276024 	87.321243 	122.918671 	82.006096 	67.955872 	78.006409 	
72.138756 	51.855568 	123.405838 	22.472204 	11.401754 	127.003937 	70.434364 	80.919716 	8.485281 	113.216606 	10.630146 	80.603973 	68.767723 	46.754681 	86.452301 	116.606178 	16.552946 	43.908997 	72.422371 	116.726173 	125.495018 	10.000000 	4.123106 	23.706539 	122.494896 	77.420929 	34.438351 	78.236816 	121.696342 	113.145920 	87.800911 	32.695564 	122.380554 	37.161808 	39.395432 	106.962608 	999.000000 	23.194826 	22.203604 	29.732138 	134.714508 	39.217342 	94.625580 	49.396355 	26.476404 	24.331051 	16.552946 	30.594116 	45.221676 	34.928497 	
91.836815 	72.560318 	140.730240 	11.180340 	29.529646 	144.277512 	91.065910 	101.242287 	19.235384 	131.893890 	32.572994 	101.355812 	87.458565 	66.030296 	104.995239 	133.689941 	24.083189 	65.924202 	93.536087 	135.473251 	143.627991 	32.280025 	25.000000 	46.173584 	140.929062 	98.488579 	56.920998 	99.362968 	140.356689 	132.438660 	108.558739 	55.362442 	141.113434 	59.774578 	61.983868 	126.826653 	23.194826 	999.000000 	1.000000 	52.630791 	152.793976 	62.096699 	115.602768 	72.124893 	49.648766 	47.518417 	8.944272 	53.758720 	68.154236 	58.051701 	
91.021973 	71.693794 	140.035706 	11.045361 	28.653097 	143.586212 	90.210861 	100.404182 	18.357559 	131.137329 	31.622776 	100.498756 	86.683334 	65.215027 	104.235313 	133.003754 	23.430750 	65.000000 	92.660675 	134.714508 	142.898560 	31.320919 	24.041630 	45.221676 	140.185593 	97.616600 	55.973209 	98.488579 	139.603012 	131.654846 	107.703293 	54.405884 	140.356689 	58.821766 	61.032780 	126.015869 	22.203604 	1.000000 	999.000000 	51.662365 	152.069061 	61.131008 	114.738831 	71.168816 	48.662102 	46.529560 	8.062258 	52.773098 	67.186310 	57.070133 	
46.647614 	25.942244 	99.764725 	49.040798 	25.019993 	103.353760 	43.416588 	54.037025 	34.234486 	87.920418 	20.223749 	53.075417 	45.310043 	25.179358 	62.177166 	93.471924 	35.355339 	15.620500 	44.553337 	91.263351 	100.702530 	20.396078 	27.658634 	7.071068 	97.349884 	49.497475 	5.830952 	50.209560 	96.260063 	87.005745 	60.108234 	3.605551 	96.834908 	7.810250 	10.000000 	80.156097 	29.732138 	52.630791 	51.662365 	999.000000 	109.836243 	9.486833 	66.528191 	19.697716 	5.385165 	7.211102 	46.238514 	4.472136 	15.524175 	6.324555 	
63.245552 	84.053551 	13.601471 	143.934006 	124.523087 	11.045361 	66.730804 	56.356010 	134.357727 	21.954498 	124.197426 	58.180752 	65.946945 	87.965904 	48.270073 	20.615528 	128.817703 	94.339813 	66.640831 	18.788294 	9.219544 	124.963997 	131.045792 	113.004425 	12.529964 	62.241467 	104.009613 	61.846584 	13.928389 	24.041630 	52.201534 	106.230881 	13.601471 	102.396286 	100.498756 	32.015621 	134.714508 	152.793976 	152.069061 	109.836243 	999.000000 	102.576797 	48.270073 	93.914856 	115.121674 	117.046997 	149.966660 	112.160599 	98.838249 	108.406639 	
39.924931 	20.223749 	93.107468 	58.215118 	34.058773 	96.664368 	35.846897 	46.324940 	43.566040 	80.622574 	29.614185 	45.000000 	39.812057 	22.803509 	55.713554 	87.091904 	44.045429 	9.055386 	36.400551 	83.862984 	93.536087 	29.832869 	37.107952 	16.124516 	90.049988 	41.231056 	6.324555 	41.868843 	88.836929 	79.322128 	51.855568 	7.000000 	89.358826 	3.605551 	3.162278 	72.201111 	39.217342 	62.096699 	61.131008 	9.486833 	102.576797 	999.000000 	58.000000 	10.295630 	13.601471 	15.811388 	55.713554 	9.899495 	6.082763 	5.830952 	
25.495098 	43.046486 	43.046486 	108.687622 	86.092972 	46.000000 	24.596748 	15.297058 	96.384644 	28.000000 	84.053551 	14.317822 	32.140316 	50.159744 	22.360680 	39.812057 	93.037628 	51.088158 	22.203604 	30.149628 	40.311287 	84.628601 	91.525955 	71.217972 	36.345562 	17.204651 	60.959003 	16.401220 	34.525352 	24.331051 	7.280110 	63.031738 	34.713108 	58.728188 	56.586216 	16.278820 	94.625580 	115.602768 	114.738831 	66.528191 	48.270073 	58.000000 	999.000000 	48.270073 	71.421288 	73.552704 	110.941429 	67.896980 	53.263496 	63.702435 	
32.557640 	16.155495 	85.094063 	67.742157 	43.566040 	88.600227 	27.513634 	37.576588 	53.366657 	72.013885 	39.560081 	35.846897 	34.014702 	22.671568 	48.270073 	79.404030 	53.084839 	8.944272 	27.294687 	75.133217 	85.000000 	39.849716 	47.127487 	25.961510 	81.394104 	31.906113 	15.297058 	32.449963 	80.062477 	70.327805 	42.438190 	16.763054 	80.529495 	12.369317 	10.198039 	62.968246 	49.396355 	72.124893 	71.168816 	19.697716 	93.914856 	10.295630 	48.270073 	999.000000 	23.853722 	26.076809 	65.924202 	20.000000 	5.000000 	15.620500 	
51.971146 	31.304953 	105.118980 	47.095646 	23.769728 	108.706024 	48.600410 	59.203041 	32.015621 	93.193344 	18.110771 	58.137768 	50.695168 	30.413813 	67.535179 	98.843307 	34.481880 	20.808653 	49.578220 	96.519424 	106.000000 	18.027756 	25.019993 	7.810250 	102.625534 	54.488529 	11.180340 	55.172459 	101.513542 	92.200867 	65.115280 	8.944272 	102.078400 	12.806249 	14.866069 	85.276024 	26.476404 	49.648766 	48.662102 	5.385165 	115.121674 	13.601471 	71.421288 	23.853722 	999.000000 	2.236068 	42.720020 	4.123106 	19.235384 	8.544003 	
53.851646 	33.120991 	106.943909 	45.177429 	22.135944 	110.535065 	50.606323 	61.220913 	30.066593 	95.131485 	16.278820 	60.207973 	52.392746 	31.780497 	69.354164 	100.623062 	32.893768 	22.803509 	51.662365 	98.473343 	107.912003 	16.124516 	23.000000 	7.615773 	104.560989 	56.586216 	13.038404 	57.280014 	103.469803 	94.201912 	67.208633 	10.816654 	104.043259 	14.866069 	16.970562 	87.321243 	24.331051 	47.518417 	46.529560 	7.211102 	117.046997 	15.811388 	73.552704 	26.076809 	2.236068 	999.000000 	40.521599 	6.324555 	21.470911 	10.770329 	
87.965904 	68.007355 	138.293167 	16.155495 	25.455845 	141.873184 	86.608315 	97.005157 	15.811388 	128.701202 	26.925823 	96.834908 	84.148682 	62.289646 	101.823380 	131.365906 	23.409399 	60.415230 	88.752464 	132.245987 	140.758652 	26.419689 	19.416489 	40.249222 	137.887634 	93.744331 	50.990196 	94.578011 	137.186005 	128.887543 	104.043259 	49.244289 	137.902145 	53.712196 	55.946404 	122.918671 	16.552946 	8.944272 	8.062258 	46.238514 	149.966660 	55.713554 	110.941429 	65.924202 	42.720020 	40.521599 	999.000000 	46.840153 	61.684681 	51.244511 	
49.193497 	28.792360 	102.415817 	51.039200 	27.459061 	105.990562 	45.486263 	56.035702 	36.000000 	90.210861 	22.022715 	54.817879 	48.383881 	29.017237 	64.884514 	96.254868 	38.078865 	17.888544 	46.227695 	93.493317 	103.077644 	22.000000 	29.068884 	10.295630 	99.644371 	51.088158 	9.055386 	51.739735 	98.478424 	89.050545 	61.717098 	7.000000 	99.020203 	9.848858 	11.661903 	82.006096 	30.594116 	53.758720 	52.773098 	4.472136 	112.160599 	9.899495 	67.896980 	20.000000 	4.123106 	6.324555 	46.840153 	999.000000 	15.264338 	4.472136 	
37.107952 	19.235384 	89.888817 	64.280632 	40.112343 	93.407707 	32.310989 	42.485291 	49.648766 	76.922035 	35.693138 	40.816662 	38.052597 	24.186773 	52.886673 	84.118965 	50.009998 	9.433981 	32.249031 	80.062477 	89.899948 	35.902645 	43.174065 	22.203604 	86.313385 	36.891735 	12.041595 	37.443291 	85.000000 	75.292763 	47.434166 	13.038404 	85.475143 	9.055386 	7.280110 	67.955872 	45.221676 	68.154236 	67.186310 	15.524175 	98.838249 	6.082763 	53.263496 	5.000000 	19.235384 	21.470911 	61.684681 	15.264338 	999.000000 	10.816654 	
45.694637 	25.709921 	98.898941 	55.000000 	31.144823 	102.459747 	41.677334 	52.153618 	40.049969 	86.452301 	26.019224 	50.803543 	45.354160 	27.166155 	61.465439 	92.849342 	41.593269 	14.560220 	42.201897 	89.693924 	99.362968 	26.076809 	33.241539 	13.341664 	95.880135 	47.010635 	7.615773 	47.634022 	94.667839 	85.146935 	57.628117 	6.403124 	95.189285 	7.000000 	8.246211 	78.006409 	34.928497 	58.051701 	57.070133 	6.324555 	108.406639 	5.830952 	63.702435 	15.620500 	8.544003 	10.770329 	51.244511 	4.472136 	10.816654 	999.000000 	

Travel time:
9.000000 	0.520216 	1.330648 	2.105499 	1.565647 	1.419947 	0.167705 	0.254951 	1.820028 	1.035012 	1.538059 	0.301040 	0.182003 	0.645174 	0.395285 	1.179248 	1.715007 	0.782624 	0.265754 	1.120547 	1.352082 	1.555635 	1.717010 	1.245492 	1.270089 	0.302076 	1.020416 	0.325000 	1.245492 	1.025305 	0.456207 	1.076162 	1.261200 	0.983933 	0.939415 	0.875000 	1.803469 	2.295920 	2.275549 	1.166190 	1.581139 	0.998123 	0.637377 	0.813941 	1.299279 	1.346291 	2.199148 	1.229837 	0.927699 	1.142366 	
0.520216 	9.000000 	1.845603 	1.648105 	1.076162 	1.935362 	0.465027 	0.726722 	1.333464 	1.555032 	1.030776 	0.721110 	0.491172 	0.230489 	0.905883 	1.688565 	1.258223 	0.279509 	0.525595 	1.640122 	1.872164 	1.046721 	1.215010 	0.726722 	1.790251 	0.648556 	0.503115 	0.670820 	1.765113 	1.540495 	0.901388 	0.559017 	1.780449 	0.474342 	0.436606 	1.379311 	1.296389 	1.814008 	1.792345 	0.648556 	2.101339 	0.505594 	1.076162 	0.403887 	0.782624 	0.828025 	1.700184 	0.719809 	0.480885 	0.642748 	
1.330648 	1.845603 	9.000000 	3.289757 	2.823230 	0.090139 	1.439618 	1.195042 	3.064413 	0.378319 	2.825111 	1.255488 	1.372953 	1.921100 	0.939747 	0.180278 	2.916869 	2.113203 	1.456022 	0.348210 	0.190394 	2.845281 	2.990819 	2.559907 	0.247487 	1.358538 	2.348537 	1.353237 	0.301040 	0.498121 	1.131923 	2.404423 	0.318198 	2.314357 	2.270050 	0.686477 	3.085146 	3.518256 	3.500893 	2.494118 	0.340037 	2.327687 	1.076162 	2.127352 	2.627975 	2.673598 	3.457329 	2.560395 	2.247221 	2.472474 	
2.105499 	1.648105 	3.289757 	9.000000 	0.604669 	3.377592 	2.102380 	2.348537 	0.378319 	3.085146 	0.725431 	2.359290 	1.983053 	1.464795 	2.415186 	3.112073 	0.391312 	1.515957 	2.173131 	3.175098 	3.370646 	0.726722 	0.559017 	1.052675 	3.307000 	2.294695 	1.311726 	2.317596 	3.295546 	3.106948 	2.537962 	1.281113 	3.315305 	1.386092 	1.438967 	2.975945 	0.561805 	0.279509 	0.276134 	1.226020 	3.598350 	1.455378 	2.717191 	1.693554 	1.177391 	1.129436 	0.403887 	1.275980 	1.607016 	1.375000 	
1.565647 	1.076162 	2.823230 	0.604669 	9.000000 	2.912902 	1.539683 	1.796177 	0.257391 	2.581182 	0.160078 	1.796698 	1.467353 	0.921954 	1.909188 	2.651061 	0.269258 	0.917197 	1.600195 	2.669855 	2.882816 	0.176777 	0.182003 	0.450000 	2.810805 	1.724094 	0.707107 	1.745888 	2.793295 	2.586987 	1.976898 	0.676849 	2.811250 	0.781425 	0.834416 	2.440415 	0.285044 	0.738241 	0.716327 	0.625500 	3.113077 	0.851469 	2.152324 	1.089151 	0.594243 	0.553399 	0.636396 	0.686477 	1.002809 	0.778621 	
1.419947 	1.935362 	0.090139 	3.377592 	2.912902 	9.000000 	1.527457 	1.281113 	3.153768 	0.450000 	2.915154 	1.340009 	1.463087 	2.011219 	1.029563 	0.265754 	3.005412 	2.202555 	1.542117 	0.406971 	0.195256 	2.935345 	3.080686 	2.650000 	0.279509 	1.443087 	2.438237 	1.437228 	0.335410 	0.559017 	1.212693 	2.494118 	0.347311 	2.403773 	2.359290 	0.753741 	3.175098 	3.606938 	3.589655 	2.583844 	0.276134 	2.416609 	1.150000 	2.215006 	2.717651 	2.763377 	3.546830 	2.649764 	2.335193 	2.561494 	
0.167705 	0.465027 	1.439618 	2.102380 	1.539683 	1.527457 	9.000000 	0.265754 	1.796698 	1.119431 	1.495410 	0.257391 	0.320156 	0.640800 	0.527376 	1.298075 	1.711177 	0.695072 	0.111803 	1.200521 	1.442654 	1.511001 	1.680030 	1.184536 	1.355083 	0.201556 	0.941076 	0.226385 	1.325000 	1.090011 	0.437321 	0.995615 	1.338376 	0.895126 	0.845946 	0.919918 	1.760859 	2.276648 	2.255271 	1.085415 	1.668270 	0.896172 	0.614919 	0.687841 	1.215010 	1.265158 	2.165208 	1.137157 	0.807775 	1.041933 	
0.254951 	0.726722 	1.195042 	2.348537 	1.796177 	1.281113 	0.265754 	9.000000 	2.052438 	0.860959 	1.757306 	0.090139 	0.425000 	0.883883 	0.348210 	1.064483 	1.957358 	0.960469 	0.261008 	0.939747 	1.185591 	1.773415 	1.940522 	1.449569 	1.095730 	0.176777 	1.206752 	0.182003 	1.063602 	0.825379 	0.201556 	1.261200 	1.076162 	1.160011 	1.110180 	0.654313 	2.022993 	2.531057 	2.510105 	1.350926 	1.408900 	1.158123 	0.382426 	0.939415 	1.480076 	1.530523 	2.425129 	1.400892 	1.062132 	1.303840 	
1.820028 	1.333464 	3.064413 	0.378319 	0.257391 	3.153768 	1.796698 	2.052438 	9.000000 	2.830415 	0.350892 	2.053807 	1.717010 	1.175266 	2.157835 	2.890610 	0.226385 	1.170470 	1.857586 	2.919439 	3.128997 	0.350000 	0.182003 	0.686477 	3.058697 	1.981477 	0.951972 	2.003278 	3.042408 	2.839234 	2.233971 	0.916856 	3.060739 	1.025000 	1.079352 	2.695019 	0.212132 	0.480885 	0.458939 	0.855862 	3.358943 	1.089151 	2.409616 	1.334166 	0.800391 	0.751665 	0.395285 	0.900000 	1.241219 	1.001249 	
1.035012 	1.555032 	0.378319 	3.085146 	2.581182 	0.450000 	1.119431 	0.860959 	2.830415 	9.000000 	2.566247 	0.910014 	1.113833 	1.662077 	0.672681 	0.340037 	2.701851 	1.810041 	1.119431 	0.090139 	0.325000 	2.584811 	2.740552 	2.280351 	0.235850 	1.012423 	2.052438 	1.004054 	0.212132 	0.141421 	0.770146 	2.107872 	0.230489 	2.011374 	1.963734 	0.309233 	2.830415 	3.297347 	3.278433 	2.198010 	0.548862 	2.015564 	0.700000 	1.800347 	2.329834 	2.378287 	3.217530 	2.255271 	1.923051 	2.161308 	
1.538059 	1.030776 	2.825111 	0.725431 	0.160078 	2.915154 	1.495410 	1.757306 	0.350892 	2.566247 	9.000000 	1.750000 	1.456451 	0.905883 	1.898190 	2.656360 	0.425000 	0.838525 	1.546367 	2.653771 	2.874456 	0.025000 	0.190394 	0.340037 	2.798661 	1.671264 	0.608790 	1.691892 	2.778151 	2.563323 	1.930026 	0.570088 	2.795085 	0.680074 	0.735272 	2.408319 	0.265754 	0.814325 	0.790569 	0.505594 	3.104936 	0.740355 	2.101339 	0.989002 	0.452769 	0.406971 	0.673146 	0.550568 	0.892328 	0.650481 	
0.301040 	0.721110 	1.255488 	2.359290 	1.796698 	1.340009 	0.257391 	0.090139 	2.053807 	0.910014 	1.750000 	9.000000 	0.480885 	0.896172 	0.436606 	1.131923 	1.968026 	0.937083 	0.215058 	0.984886 	1.234909 	1.765113 	1.935523 	1.434617 	1.142366 	0.103078 	1.184536 	0.100000 	1.107080 	0.862047 	0.180278 	1.237942 	1.118034 	1.133578 	1.081954 	0.680074 	2.015099 	2.533895 	2.512469 	1.326885 	1.454519 	1.125000 	0.357946 	0.896172 	1.453444 	1.505199 	2.420873 	1.370447 	1.020416 	1.270089 	
0.182003 	0.491172 	1.372953 	1.983053 	1.467353 	1.463087 	0.320156 	0.425000 	1.717010 	1.113833 	1.456451 	0.480885 	9.000000 	0.550568 	0.442295 	1.209339 	1.595502 	0.770146 	0.430116 	1.202601 	1.418185 	1.475847 	1.627882 	1.187697 	1.343968 	0.482830 	0.989002 	0.506211 	1.325943 	1.125000 	0.625500 	1.044629 	1.343968 	0.965013 	0.927699 	0.995615 	1.719193 	2.186464 	2.167083 	1.132751 	1.648674 	0.995301 	0.803508 	0.850368 	1.267379 	1.309819 	2.103717 	1.209597 	0.951315 	1.133854 	
0.645174 	0.230489 	1.921100 	1.464795 	0.921954 	2.011219 	0.640800 	0.883883 	1.175266 	1.662077 	0.905883 	0.896172 	0.550568 	9.000000 	0.992472 	1.754459 	1.073546 	0.369121 	0.721543 	1.750179 	1.968661 	0.925338 	1.078483 	0.650000 	1.893575 	0.838153 	0.500000 	0.862047 	1.874166 	1.665083 	1.073837 	0.550568 	1.891593 	0.505594 	0.491172 	1.520074 	1.168867 	1.650757 	1.630376 	0.629484 	2.199148 	0.570088 	1.253994 	0.566789 	0.760345 	0.794512 	1.557241 	0.725431 	0.604669 	0.679154 	
0.395285 	0.905883 	0.939747 	2.415186 	1.909188 	1.029563 	0.527376 	0.348210 	2.157835 	0.672681 	1.898190 	0.436606 	0.442295 	0.992472 	9.000000 	0.784618 	2.030394 	1.175266 	0.577170 	0.761988 	0.976281 	1.917355 	2.070175 	1.622498 	0.901734 	0.522015 	1.408900 	0.529741 	0.884590 	0.694622 	0.442295 	1.464795 	0.903120 	1.375909 	1.332760 	0.594243 	2.161308 	2.624881 	2.605883 	1.554429 	1.206752 	1.392839 	0.559017 	1.206752 	1.688380 	1.733854 	2.545584 	1.622113 	1.322167 	1.536636 	
1.179248 	1.688565 	0.180278 	3.112073 	2.651061 	0.265754 	1.298075 	1.064483 	2.890610 	0.340037 	2.656360 	1.131923 	1.209339 	1.754459 	0.784618 	9.000000 	2.740552 	1.959751 	1.323820 	0.355317 	0.325960 	2.676868 	2.820018 	2.397003 	0.333542 	1.234150 	2.191603 	1.231361 	0.371652 	0.480234 	1.025305 	2.247499 	0.395285 	2.160151 	2.117339 	0.637377 	2.915154 	3.342248 	3.325094 	2.336798 	0.515388 	2.177298 	0.995301 	1.985101 	2.471083 	2.515577 	3.284148 	2.406372 	2.102974 	2.321234 	
1.715007 	1.258223 	2.916869 	0.391312 	0.269258 	3.005412 	1.711177 	1.957358 	0.226385 	2.701851 	0.425000 	1.968026 	1.595502 	1.073546 	2.030394 	2.740552 	9.000000 	1.138530 	1.782730 	2.791617 	2.991760 	0.437321 	0.340037 	0.707107 	2.925854 	1.903943 	0.950000 	1.926947 	2.912902 	2.720294 	2.146654 	0.926350 	2.932256 	1.025000 	1.075291 	2.586624 	0.413824 	0.602080 	0.585769 	0.883883 	3.220443 	1.101136 	2.325941 	1.327121 	0.862047 	0.822344 	0.585235 	0.951972 	1.250250 	1.039832 	
0.782624 	0.279509 	2.113203 	1.515957 	0.917197 	2.202555 	0.695072 	0.960469 	1.170470 	1.810041 	0.838525 	0.937083 	0.770146 	0.369121 	1.175266 	1.959751 	1.138530 	9.000000 	0.725000 	1.892914 	2.130874 	0.850000 	1.028652 	0.506211 	2.045880 	0.849264 	0.247487 	0.867828 	2.017734 	1.785007 	1.113833 	0.301040 	2.031779 	0.201556 	0.158114 	1.613420 	1.097725 	1.648105 	1.625000 	0.390512 	2.358495 	0.226385 	1.277204 	0.223607 	0.520216 	0.570088 	1.510381 	0.447214 	0.235850 	0.364006 	
0.265754 	0.525595 	1.456022 	2.173131 	1.600195 	1.542117 	0.111803 	0.261008 	1.857586 	1.119431 	1.546367 	0.215058 	0.430116 	0.721543 	0.577170 	1.323820 	1.782730 	0.725000 	9.000000 	1.196349 	1.444386 	1.560649 	1.733494 	1.226020 	1.353237 	0.125000 	0.972432 	0.145774 	1.319327 	1.076162 	0.388909 	1.025305 	1.330883 	0.919918 	0.867828 	0.895126 	1.810559 	2.338402 	2.316517 	1.113833 	1.666021 	0.910014 	0.555090 	0.682367 	1.239455 	1.291559 	2.218812 	1.155692 	0.806226 	1.055047 	
1.120547 	1.640122 	0.348210 	3.175098 	2.669855 	0.406971 	1.200521 	0.939747 	2.919439 	0.090139 	2.653771 	0.984886 	1.202601 	1.750179 	0.761988 	0.355317 	2.791617 	1.892914 	1.196349 	9.000000 	0.254951 	2.672195 	2.828648 	2.366036 	0.158114 	1.086566 	2.136147 	1.077033 	0.125000 	0.152069 	0.838153 	2.191461 	0.141421 	2.094039 	2.045880 	0.350000 	2.918154 	3.386831 	3.367863 	2.281584 	0.469707 	2.096575 	0.753741 	1.878330 	2.412986 	2.461833 	3.306150 	2.337333 	2.001562 	2.242348 	
1.352082 	1.872164 	0.190394 	3.370646 	2.882816 	0.195256 	1.442654 	1.185591 	3.128997 	0.325000 	2.874456 	1.234909 	1.418185 	1.968661 	0.976281 	0.325960 	2.991760 	2.130874 	1.444386 	0.254951 	9.000000 	2.893635 	3.045694 	2.595308 	0.100000 	1.337208 	2.371840 	1.328533 	0.152069 	0.400780 	1.092016 	2.427447 	0.158114 	2.332381 	2.285416 	0.602080 	3.137375 	3.590700 	3.572464 	2.517563 	0.230489 	2.338402 	1.007782 	2.125000 	2.650000 	2.697800 	3.518966 	2.576941 	2.247499 	2.484074 	
1.555635 	1.046721 	2.845281 	0.726722 	0.176777 	2.935345 	1.511001 	1.773415 	0.350000 	2.584811 	0.025000 	1.765113 	1.475847 	0.925338 	1.917355 	2.676868 	0.437321 	0.850000 	1.560649 	2.672195 	2.893635 	9.000000 	0.182003 	0.348210 	2.817468 	1.685601 	0.617454 	1.706055 	2.796650 	2.580940 	1.945026 	0.577170 	2.813472 	0.687841 	0.743303 	2.425000 	0.250000 	0.807001 	0.783023 	0.509902 	3.124100 	0.745822 	2.115715 	0.996243 	0.450694 	0.403113 	0.660492 	0.550000 	0.897566 	0.651920 	
1.717010 	1.215010 	2.990819 	0.559017 	0.182003 	3.080686 	1.680030 	1.940522 	0.182003 	2.740552 	0.190394 	1.935523 	1.627882 	1.078483 	2.070175 	2.820018 	0.340037 	1.028652 	1.733494 	2.828648 	3.045694 	0.182003 	9.000000 	0.529741 	2.971742 	1.858259 	0.798827 	1.879162 	2.952647 	2.741464 	2.115715 	0.759111 	2.970059 	0.869626 	0.925000 	2.589643 	0.103078 	0.625000 	0.601041 	0.691466 	3.276145 	0.927699 	2.288149 	1.178187 	0.625500 	0.575000 	0.485412 	0.726722 	1.079352 	0.831038 	
1.245492 	0.726722 	2.559907 	1.052675 	0.450000 	2.650000 	1.184536 	1.449569 	0.686477 	2.280351 	0.340037 	1.434617 	1.187697 	0.650000 	1.622498 	2.397003 	0.707107 	0.506211 	1.226020 	2.366036 	2.595308 	0.348210 	0.529741 	9.000000 	2.515079 	1.350926 	0.269258 	1.370447 	2.490984 	2.267157 	1.613420 	0.230489 	2.506616 	0.340037 	0.395285 	2.103717 	0.592663 	1.154340 	1.130542 	0.176777 	2.825111 	0.403113 	1.780449 	0.649038 	0.195256 	0.190394 	1.006231 	0.257391 	0.555090 	0.333542 	
