Total assets = 590
Number of asset nodes = 33

Distance:
999.000000 	40.311287 	41.868843 	32.449963 	57.280014 	94.578011 	51.739735 	37.443291 	47.634022 	54.129475 	69.835518 	57.489128 	80.131142 	40.162170 	67.675697 	4.000000 	34.828148 	95.131485 	52.478565 	11.045361 	84.023804 	44.407207 	61.294373 	72.180328 	21.377558 	96.834908 	88.238312 	14.035668 	37.483330 	75.690155 	66.241982 	98.229324 	88.865067 	42.544094 	70.035706 	97.200821 	18.248287 	36.769554 	57.201397 	91.547798 	29.068884 	22.360680 	17.804493 	92.763138 	26.076809 	109.622078 	27.073973 	62.968246 	30.000000 	
40.311287 	999.000000 	3.162278 	10.198039 	16.970562 	55.946404 	11.661903 	7.280110 	8.246211 	90.801979 	33.376640 	94.371605 	43.174065 	78.549347 	29.410883 	43.278172 	75.073296 	56.364883 	92.200867 	49.203659 	44.418465 	84.504440 	100.687637 	32.015621 	25.298222 	57.706154 	48.548943 	51.613953 	77.794601 	35.468296 	105.683487 	59.059292 	49.091751 	10.630146 	29.732138 	57.801384 	56.035702 	14.866069 	97.308784 	51.613953 	68.410522 	59.908264 	45.694637 	52.630791 	30.149628 	70.327805 	30.066593 	24.738634 	28.017851 	
41.868843 	3.162278 	999.000000 	10.295630 	15.811388 	55.713554 	9.899495 	6.082763 	5.830952 	93.107468 	34.058773 	96.664368 	43.566040 	80.622574 	29.614185 	45.000000 	76.694199 	56.080299 	94.047859 	50.328918 	43.829212 	86.214851 	102.625534 	31.064449 	25.495098 	57.271286 	47.885281 	52.630791 	79.309517 	34.409302 	107.615051 	58.600342 	48.373547 	7.810250 	28.319605 	57.245087 	57.008770 	13.152946 	99.020203 	50.774010 	69.526970 	60.802959 	46.065170 	51.613953 	29.614185 	69.771057 	29.427877 	22.135944 	27.073973 	
32.449963 	10.198039 	10.295630 	999.000000 	26.076809 	65.924202 	20.000000 	5.000000 	15.620500 	85.094063 	43.566040 	88.600227 	53.366657 	72.013885 	39.560081 	35.846897 	67.201187 	66.309875 	84.905830 	40.311287 	54.120235 	76.843994 	93.648277 	41.340054 	15.231546 	67.542580 	58.180752 	42.520584 	69.656296 	44.654228 	98.615417 	68.876701 	58.668560 	10.440307 	38.418747 	67.535179 	46.861500 	8.062258 	89.627007 	61.057350 	59.464275 	50.606323 	35.777088 	61.854668 	20.024984 	80.062477 	20.000000 	30.528675 	18.248287 	
57.280014 	16.970562 	15.811388 	26.076809 	999.000000 	40.521599 	6.324555 	21.470911 	10.770329 	106.943909 	22.135944 	110.535065 	30.066593 	95.131485 	16.278820 	60.207973 	92.021736 	40.804413 	109.018349 	66.068146 	28.231188 	101.414986 	117.413795 	15.264338 	41.182522 	41.785164 	32.202484 	68.410522 	94.762863 	18.601076 	122.413231 	43.081318 	32.649654 	19.416489 	12.806249 	41.629318 	72.801102 	26.925823 	114.214706 	34.985710 	85.276024 	76.609398 	61.773781 	35.805027 	44.598206 	54.129475 	44.271889 	13.416408 	41.484936 	
94.578011 	55.946404 	55.713554 	65.924202 	40.521599 	999.000000 	46.840153 	61.684681 	51.244511 	138.293167 	25.455845 	141.873184 	15.811388 	128.701202 	26.925823 	96.834908 	128.226364 	1.000000 	143.683685 	104.446159 	13.000000 	137.000000 	151.327454 	26.172504 	81.154175 	4.000000 	10.440307 	107.042046 	131.400146 	24.000000 	156.272202 	5.099020 	10.770329 	59.908264 	31.016125 	6.082763 	111.507851 	67.446274 	149.576065 	11.401754 	123.490891 	115.485931 	101.636604 	14.142136 	85.070557 	15.620500 	84.770279 	45.011108 	82.006096 	
51.739735 	11.661903 	9.899495 	20.000000 	6.324555 	46.840153 	999.000000 	15.264338 	4.472136 	102.415817 	27.459061 	105.990562 	36.000000 	90.210861 	22.022715 	54.817879 	86.556343 	47.127487 	103.812332 	60.207973 	34.539833 	96.046867 	112.329872 	21.470911 	34.985710 	48.104053 	38.483765 	62.481998 	89.196411 	24.698177 	117.324333 	49.396355 	38.910152 	13.152946 	18.439089 	47.927029 	66.843102 	20.615528 	108.853111 	41.182522 	79.397736 	70.604530 	55.569775 	41.880783 	38.275318 	60.415230 	37.947330 	14.000000 	35.171009 	
37.443291 	7.280110 	6.082763 	5.000000 	21.470911 	61.684681 	15.264338 	999.000000 	10.816654 	89.888817 	40.112343 	93.407707 	49.648766 	76.922035 	35.693138 	40.816662 	72.201111 	62.032249 	89.888817 	45.254833 	49.658836 	81.841309 	98.615417 	36.715118 	19.723083 	63.158531 	53.665630 	47.423622 	74.652527 	39.962482 	103.585716 	64.474800 	54.120235 	6.000000 	33.600594 	63.071388 	51.739735 	7.615773 	94.625580 	56.435802 	64.381676 	55.443665 	40.311287 	57.140179 	23.537205 	75.584389 	23.345236 	25.553865 	21.023796 	
47.634022 	8.246211 	5.830952 	15.620500 	10.770329 	51.244511 	4.472136 	10.816654 	999.000000 	98.898941 	31.144823 	102.459747 	40.049969 	86.452301 	26.019224 	50.803543 	82.462112 	51.546097 	99.864906 	55.901699 	39.000000 	92.005432 	108.452751 	25.942244 	30.528675 	52.554733 	42.953465 	58.137768 	85.041168 	29.154760 	113.441612 	53.851646 	43.382023 	9.000000 	22.803509 	52.392746 	62.481998 	16.278820 	104.809349 	45.650848 	75.073296 	66.219330 	51.107731 	46.324940 	33.837849 	64.884514 	33.526108 	16.492422 	30.805843 	
54.129475 	90.801979 	93.107468 	85.094063 	106.943909 	138.293167 	102.415817 	89.888817 	98.898941 	999.000000 	112.929184 	3.605551 	122.576508 	15.132746 	113.004425 	50.219517 	28.231188 	139.053940 	17.888544 	52.000000 	130.207520 	22.671568 	18.027756 	120.415947 	75.504967 	141.354172 	134.402374 	52.086468 	30.016663 	124.020157 	21.587032 	142.762039 	135.207245 	95.519630 	119.570061 	142.274384 	50.487621 	90.520714 	24.041630 	138.220840 	42.720020 	50.219517 	64.070274 	140.089264 	79.511009 	153.912308 	80.504662 	115.156418 	83.725746 	
69.835518 	33.376640 	34.058773 	43.566040 	22.135944 	25.455845 	27.459061 	40.112343 	31.144823 	112.929184 	999.000000 	116.516090 	10.295630 	103.247276 	6.403124 	71.867935 	103.004852 	26.172504 	118.258194 	80.056229 	18.681541 	111.664673 	125.872955 	17.000000 	58.463665 	28.425341 	22.472204 	82.764725 	106.254410 	18.973665 	130.816666 	29.832869 	23.409399 	40.112343 	21.400934 	29.410883 	87.235313 	47.000000 	124.197426 	26.570660 	98.883774 	91.285271 	78.447433 	29.120440 	63.505905 	41.036568 	63.387695 	33.015148 	61.131008 	
57.489128 	94.371605 	96.664368 	88.600227 	110.535065 	141.873184 	105.990562 	93.407707 	102.459747 	3.605551 	116.516090 	999.000000 	126.150703 	18.000000 	116.606178 	53.600372 	30.364452 	142.635895 	17.804493 	55.036350 	133.809570 	23.853722 	16.124516 	124.020157 	78.854294 	144.941360 	138.003616 	55.009090 	31.780497 	127.624451 	19.104973 	146.348892 	138.809219 	99.020203 	123.166557 	145.866379 	53.235325 	93.962761 	23.259407 	141.823837 	44.922153 	52.773098 	67.007462 	143.694122 	82.734512 	157.492859 	83.725746 	118.701309 	86.977005 	
80.131142 	43.174065 	43.566040 	53.366657 	30.066593 	15.811388 	36.000000 	49.648766 	40.049969 	122.576508 	10.295630 	126.150703 	999.000000 	113.216606 	14.035668 	82.152298 	113.225441 	16.643316 	128.316010 	90.338257 	13.601471 	121.823647 	135.830780 	19.723083 	68.410522 	19.235384 	16.031219 	93.037628 	116.498924 	19.849434 	140.758652 	20.591261 	17.029387 	49.040798 	25.059929 	20.615528 	97.508972 	56.222771 	134.316788 	20.000000 	109.178749 	101.552940 	88.543777 	23.021729 	73.164200 	31.400637 	72.993149 	38.626415 	70.576202 	
40.162170 	78.549347 	80.622574 	72.013885 	95.131485 	128.701202 	90.210861 	76.922035 	86.452301 	15.132746 	103.247276 	18.000000 	113.216606 	999.000000 	102.649887 	36.400551 	14.212670 	129.402466 	15.652476 	37.054016 	119.753914 	13.152946 	22.627417 	109.201645 	61.400326 	131.529465 	123.987900 	37.013512 	17.029387 	112.800713 	27.586229 	132.943604 	124.739731 	82.346825 	107.898102 	132.276230 	35.355339 	76.896034 	22.472204 	127.663620 	28.178005 	35.171009 	49.010204 	129.321304 	64.938431 	144.249786 	65.924202 	102.420700 	69.231499 	
67.675697 	29.410883 	29.614185 	39.560081 	16.278820 	26.925823 	22.022715 	35.693138 	26.019224 	113.004425 	6.403124 	116.606178 	14.035668 	102.649887 	999.000000 	70.000000 	101.533249 	27.459061 	117.379723 	77.524193 	17.204651 	110.453613 	125.255737 	11.401754 	54.708317 	29.206163 	21.400934 	80.131142 	104.637466 	14.035668 	130.230560 	30.610456 	22.203604 	35.014282 	15.264338 	29.732138 	84.599052 	42.190044 	123.109711 	25.238859 	96.566040 	88.588936 	75.026665 	27.294687 	59.228371 	42.011902 	59.033890 	26.627054 	56.568542 	
4.000000 	43.278172 	45.000000 	35.846897 	60.207973 	96.834908 	54.817879 	40.816662 	50.803543 	50.219517 	71.867935 	53.600372 	82.152298 	36.400551 	70.000000 	999.000000 	31.827662 	97.416634 	49.091751 	11.401754 	86.556343 	41.231056 	57.801384 	74.953316 	25.317978 	99.201813 	90.785461 	14.317822 	34.713108 	78.492035 	62.769421 	100.603180 	91.438507 	46.065170 	73.000000 	99.639351 	18.027756 	40.496914 	54.037025 	94.175369 	27.513634 	22.000000 	20.518284 	95.482986 	30.066593 	112.004463 	31.064449 	66.370171 	34.000000 	
34.828148 	75.073296 	76.694199 	67.201187 	92.021736 	128.226364 	86.556343 	72.201111 	82.462112 	28.231188 	103.004852 	30.364452 	113.225441 	14.212670 	101.533249 	31.827662 	999.000000 	128.844864 	18.681541 	28.231188 	118.258194 	9.848858 	27.892651 	106.775467 	54.589375 	130.728729 	122.494896 	27.202942 	4.000000 	110.317726 	32.572994 	132.136292 	123.166557 	77.103828 	104.804581 	131.244049 	24.331051 	70.830788 	22.472204 	125.936493 	14.560220 	23.000000 	38.832977 	127.287079 	56.648037 	143.533966 	57.584721 	97.652443 	61.098282 	
95.131485 	56.364883 	56.080299 	66.309875 	40.804413 	1.000000 	47.127487 	62.032249 	51.546097 	139.053940 	26.172504 	142.635895 	16.643316 	129.402466 	27.459061 	97.416634 	128.844864 	999.000000 	144.360657 	104.957130 	13.038404 	137.644470 	152.029602 	26.305893 	81.541397 	3.000000 	10.198039 	107.540688 	132.003784 	24.020824 	156.977707 	4.123106 	10.440307 	60.166435 	31.064449 	5.099020 	112.004463 	67.720009 	150.233154 	10.816654 	124.020157 	115.974136 	102.044106 	13.453624 	85.381500 	14.866069 	85.070557 	45.000000 	82.280006 	
52.478565 	92.200867 	94.047859 	84.905830 	109.018349 	143.683685 	103.812332 	89.888817 	99.864906 	17.888544 	118.258194 	17.804493 	128.316010 	15.652476 	117.379723 	49.091751 	18.681541 	144.360657 	999.000000 	46.818798 	134.380051 	9.055386 	9.219544 	123.434196 	72.917763 	146.413803 	138.621780 	45.880280 	18.027756 	127.015747 	13.928389 	147.827606 	139.344894 	95.015785 	121.823647 	147.085007 	42.953465 	89.005615 	7.071068 	142.214630 	32.015621 	41.303753 	57.489128 	143.753265 	75.272835 	159.176010 	76.216797 	115.433968 	79.711983 	
11.045361 	49.203659 	50.328918 	40.311287 	66.068146 	104.446159 	60.207973 	45.254833 	55.901699 	52.000000 	80.056229 	55.036350 	90.338257 	37.054016 	77.524193 	11.401754 	28.231188 	104.957130 	46.818798 	999.000000 	93.477272 	38.078865 	55.973209 	81.215759 	26.627054 	106.531685 	97.652443 	3.000000 	30.016663 	84.646324 	60.745369 	107.912003 	98.229324 	49.678970 	78.644768 	106.780151 	7.280110 	43.011627 	50.537113 	100.801788 	19.209373 	11.401754 	12.369317 	101.828285 	28.460499 	119.268608 	29.410883 	70.292244 	32.893768 	
84.023804 	44.418465 	43.829212 	54.120235 	28.231188 	13.000000 	34.539833 	49.658836 	39.000000 	130.207520 	18.681541 	133.809570 	13.601471 	119.753914 	17.204651 	86.556343 	118.258194 	13.038404 	134.380051 	93.477272 	999.000000 	127.310646 	142.341141 	13.341664 	69.318108 	13.601471 	4.242640 	95.963531 	121.264175 	11.000000 	147.322769 	14.866069 	5.000000 	47.434166 	18.027756 	13.416408 	100.404182 	55.027267 	140.014282 	8.062258 	112.645462 	104.307236 	89.894379 	10.440307 	72.801102 	25.942244 	72.449982 	32.015621 	69.570107 	
44.407207 	84.504440 	86.214851 	76.843994 	101.414986 	137.000000 	96.046867 	81.841309 	92.005432 	22.671568 	111.664673 	23.853722 	121.823647 	13.152946 	110.453613 	41.231056 	9.848858 	137.644470 	9.055386 	38.078865 	127.310646 	999.000000 	18.248287 	116.043098 	64.412735 	139.603012 	131.552277 	37.000000 	9.000000 	119.603508 	22.803509 	141.014191 	132.245987 	86.821655 	114.214706 	140.185593 	33.955853 	80.622574 	12.806249 	135.059250 	23.000000 	32.249031 	48.507732 	136.488098 	66.483078 	152.397507 	67.416618 	107.335922 	70.936592 	
61.294373 	100.687637 	102.625534 	93.648277 	117.413795 	151.327454 	112.329872 	98.615417 	108.452751 	18.027756 	125.872955 	16.124516 	135.830780 	22.627417 	125.255737 	57.801384 	27.892651 	152.029602 	9.219544 	55.973209 	142.341141 	18.248287 	999.000000 	131.654846 	81.939003 	154.155762 	146.577621 	55.081757 	27.166155 	135.247925 	5.000000 	155.569916 	147.322769 	103.831596 	130.207520 	154.896744 	52.172791 	97.943863 	9.433981 	150.233154 	41.109608 	50.487621 	66.708321 	151.855194 	84.433403 	166.877197 	85.381500 	124.169243 	88.865067 	
72.180328 	32.015621 	31.064449 	41.340054 	15.264338 	26.172504 	21.470911 	36.715118 	25.942244 	120.415947 	17.000000 	124.020157 	19.723083 	109.201645 	11.401754 	74.953316 	106.775467 	26.305893 	123.434196 	81.215759 	13.341664 	116.043098 	131.654846 	999.000000 	56.435802 	26.925823 	17.088007 	83.600243 	109.622078 	3.605551 	136.652847 	28.160255 	17.464249 	34.176014 	5.385165 	26.570660 	88.005684 	41.785164 	128.817703 	19.723083 	100.424103 	91.836815 	77.025970 	20.615528 	59.615433 	39.000000 	59.236813 	19.416489 	56.302753 	
21.377558 	25.298222 	25.495098 	15.231546 	41.182522 	81.154175 	34.985710 	19.723083 	30.528675 	75.504967 	58.463665 	78.854294 	68.410522 	61.400326 	54.708317 	25.317978 	54.589375 	81.541397 	72.917763 	26.627054 	69.318108 	64.412735 	81.939003 	56.435802 	999.000000 	82.764725 	73.355301 	28.425341 	56.603886 	59.682495 	86.815895 	84.095184 	73.824112 	23.345236 	53.254108 	82.734512 	32.557640 	16.401220 	77.025970 	76.157730 	45.343136 	36.069378 	20.591261 	76.850502 	7.810250 	95.257545 	8.485281 	43.863426 	9.848858 	
96.834908 	57.706154 	57.271286 	67.542580 	41.785164 	4.000000 	48.104053 	63.158531 	52.554733 	141.354172 	28.425341 	144.941360 	19.235384 	131.529465 	29.206163 	99.201813 	130.728729 	3.000000 	146.413803 	106.531685 	13.601471 	139.603012 	154.155762 	26.925823 	82.764725 	999.000000 	10.049875 	109.077957 	133.843185 	24.331051 	159.113174 	1.414214 	10.000000 	61.032780 	31.400637 	2.236068 	113.534134 	68.622154 	152.226807 	9.486833 	125.642349 	117.477661 	103.315056 	11.661903 	86.377083 	12.806249 	86.034874 	45.099888 	83.168503 	
88.238312 	48.548943 	47.885281 	58.180752 	32.202484 	10.440307 	38.483765 	53.665630 	42.953465 	134.402374 	22.472204 	138.003616 	16.031219 	123.987900 	21.400934 	90.785461 	122.494896 	10.198039 	138.621780 	97.652443 	4.242640 	131.552277 	146.577621 	17.088007 	73.355301 	10.049875 	999.000000 	100.124924 	125.495018 	14.317822 	151.558563 	11.180340 	1.000000 	51.264023 	21.377558 	9.486833 	104.560989 	58.872746 	144.256714 	4.123106 	116.828934 	108.452751 	93.941475 	7.000000 	76.694199 	21.931713 	76.321686 	35.057095 	73.389374 	
14.035668 	51.613953 	52.630791 	42.520584 	68.410522 	107.042046 	62.481998 	47.423622 	58.137768 	52.086468 	82.764725 	55.009090 	93.037628 	37.013512 	80.131142 	14.317822 	27.202942 	107.540688 	45.880280 	3.000000 	95.963531 	37.000000 	55.081757 	83.600243 	28.425341 	109.077957 	100.124924 	999.000000 	28.635643 	87.005745 	59.774578 	110.453613 	100.687637 	51.662365 	80.919716 	109.293182 	4.472136 	44.821869 	49.244289 	103.227905 	16.970562 	8.544003 	12.000000 	104.201729 	29.546574 	121.794907 	30.463093 	72.249565 	34.014702 	
37.483330 	77.794601 	79.309517 	69.656296 	94.762863 	131.400146 	89.196411 	74.652527 	85.041168 	30.016663 	106.254410 	31.780497 	116.498924 	17.029387 	104.637466 	34.713108 	4.000000 	132.003784 	18.027756 	30.016663 	121.264175 	9.000000 	27.166155 	109.622078 	56.603886 	133.843185 	125.495018 	28.635643 	999.000000 	113.145920 	31.575306 	135.247925 	126.150703 	79.404030 	107.517441 	134.316788 	25.298222 	72.945183 	20.615528 	128.887543 	14.000000 	23.345236 	39.849716 	130.176804 	58.180752 	146.649246 	59.093147 	100.000000 	62.649822 	
75.690155 	35.468296 	34.409302 	44.654228 	18.601076 	24.000000 	24.698177 	39.962482 	29.154760 	124.020157 	18.973665 	127.624451 	19.849434 	112.800713 	14.035668 	78.492035 	110.317726 	24.020824 	127.015747 	84.646324 	11.000000 	119.603508 	135.247925 	3.605551 	59.682495 	24.331051 	14.317822 	87.005745 	113.145920 	999.000000 	140.246216 	25.495098 	14.560220 	37.161808 	7.071068 	23.769728 	91.400215 	44.777225 	132.382019 	16.552946 	103.855667 	95.210297 	80.262070 	17.204651 	62.649822 	36.055511 	62.241467 	21.023796 	59.236813 	
66.241982 	105.683487 	107.615051 	98.615417 	122.413231 	156.272202 	117.324333 	103.585716 	113.441612 	21.587032 	130.816666 	19.104973 	140.758652 	27.586229 	130.230560 	62.769421 	32.572994 	156.977707 	13.928389 	60.745369 	147.322769 	22.803509 	5.000000 	136.652847 	86.815895 	159.113174 	151.558563 	59.774578 	31.575306 	140.246216 	999.000000 	160.527252 	152.305618 	108.784187 	135.207245 	159.862442 	56.753853 	102.859123 	12.165525 	155.219193 	45.398239 	54.918121 	71.309189 	156.847061 	89.196411 	171.828400 	90.138779 	129.139465 	93.637596 	
98.229324 	59.059292 	58.600342 	68.876701 	43.081318 	5.099020 	49.396355 	64.474800 	53.851646 	142.762039 	29.832869 	146.348892 	20.591261 	132.943604 	30.610456 	100.603180 	132.136292 	4.123106 	147.827606 	107.912003 	14.866069 	141.014191 	155.569916 	28.160255 	84.095184 	1.414214 	11.180340 	110.453613 	135.247925 	25.495098 	160.527252 	999.000000 	11.045361 	62.297672 	32.557640 	2.236068 	114.908661 	69.892776 	153.639191 	10.198039 	127.027557 	118.848640 	104.651802 	12.083046 	87.664131 	11.401754 	87.315521 	46.173584 	84.433403 	
88.865067 	49.091751 	48.373547 	58.668560 	32.649654 	10.770329 	38.910152 	54.120235 	43.382023 	135.207245 	23.409399 	138.809219 	17.029387 	124.739731 	22.203604 	91.438507 	123.166557 	10.440307 	139.344894 	98.229324 	5.000000 	132.245987 	147.322769 	17.464249 	73.824112 	10.000000 	1.000000 	100.687637 	126.150703 	14.560220 	152.305618 	11.045361 	999.000000 	51.623638 	21.587032 	9.219544 	105.118980 	59.236813 	144.958618 	3.162278 	117.413795 	109.000000 	94.413979 	6.000000 	77.077881 	21.540659 	76.694199 	35.128338 	73.736015 	
42.544094 	10.630146 	7.810250 	10.440307 	19.416489 	59.908264 	13.152946 	6.000000 	9.000000 	95.519630 	40.112343 	99.020203 	49.040798 	82.346825 	35.014282 	46.065170 	77.103828 	60.166435 	95.015785 	49.678970 	47.434166 	86.821655 	103.831596 	34.176014 	23.345236 	61.032780 	51.264023 	51.662365 	79.404030 	37.161808 	108.784187 	62.297672 	51.623638 	999.000000 	30.413813 	60.745369 	55.865910 	7.615773 	99.569069 	53.712196 	68.622154 	59.413803 	43.600460 	54.120235 	25.495098 	73.164200 	25.079872 	20.615528 	22.135944 	
70.035706 	29.732138 	28.319605 	38.418747 	12.806249 	31.016125 	18.439089 	33.600594 	22.803509 	119.570061 	21.400934 	123.166557 	25.059929 	107.898102 	15.264338 	73.000000 	104.804581 	31.064449 	121.823647 	78.644768 	18.027756 	114.214706 	130.207520 	5.385165 	53.254108 	31.400637 	21.377558 	80.919716 	107.517441 	7.071068 	135.207245 	32.557640 	21.587032 	30.413813 	999.000000 	30.805843 	85.276024 	38.013157 	127.015747 	23.409399 	97.836601 	89.022469 	73.783470 	23.706539 	55.901699 	43.011627 	55.461697 	14.142136 	52.392746 	
97.200821 	57.801384 	57.245087 	67.535179 	41.629318 	6.082763 	47.927029 	63.071388 	52.392746 	142.274384 	29.410883 	145.866379 	20.615528 	132.276230 	29.732138 	99.639351 	131.244049 	5.099020 	147.085007 	106.780151 	13.416408 	140.185593 	154.896744 	26.570660 	82.734512 	2.236068 	9.486833 	109.293182 	134.316788 	23.769728 	159.862442 	2.236068 	9.219544 	60.745369 	30.805843 	999.000000 	113.740936 	68.352028 	152.839783 	8.062258 	125.924583 	117.660530 	103.310211 	9.848858 	86.162636 	12.529964 	85.796272 	44.283180 	82.873398 	
18.248287 	56.035702 	57.008770 	46.861500 	72.801102 	111.507851 	66.843102 	51.739735 	62.481998 	50.487621 	87.235313 	53.235325 	97.508972 	35.355339 	84.599052 	18.027756 	24.331051 	112.004463 	42.953465 	7.280110 	100.404182 	33.955853 	52.172791 	88.005684 	32.557640 	113.534134 	104.560989 	4.472136 	25.298222 	91.400215 	56.753853 	114.908661 	105.118980 	55.865910 	85.276024 	113.740936 	999.000000 	48.918301 	45.880280 	107.647575 	12.806249 	4.123106 	14.560220 	108.600182 	33.120991 	126.245789 	34.000000 	76.419891 	37.589893 	
36.769554 	14.866069 	13.152946 	8.062258 	26.925823 	67.446274 	20.615528 	7.615773 	16.278820 	90.520714 	47.000000 	93.962761 	56.222771 	76.896034 	42.190044 	40.496914 	70.830788 	67.720009 	89.005615 	43.011627 	55.027267 	80.622574 	97.943863 	41.785164 	16.401220 	68.622154 	58.872746 	44.821869 	72.945183 	44.777225 	102.859123 	69.892776 	59.236813 	7.615773 	38.013157 	68.352028 	48.918301 	999.000000 	93.295227 	61.326992 	61.717098 	52.345009 	36.235340 	61.717098 	17.888544 	80.777473 	17.464249 	27.586229 	14.560220 	
57.201397 	97.308784 	99.020203 	89.627007 	114.214706 	149.576065 	108.853111 	94.625580 	104.809349 	24.041630 	124.197426 	23.259407 	134.316788 	22.472204 	123.109711 	54.037025 	22.472204 	150.233154 	7.071068 	50.537113 	140.014282 	12.806249 	9.433981 	128.817703 	77.025970 	152.226807 	144.256714 	49.244289 	20.615528 	132.382019 	12.165525 	153.639191 	144.958618 	99.569069 	127.015747 	152.839783 	45.880280 	93.295227 	999.000000 	147.787003 	33.955853 	43.680660 	60.406952 	149.241409 	78.790863 	165.012115 	79.705711 	120.104118 	83.258636 	
91.547798 	51.613953 	50.774010 	61.057350 	34.985710 	11.401754 	41.182522 	56.435802 	45.650848 	138.220840 	26.570660 	141.823837 	20.000000 	127.663620 	25.238859 	94.175369 	125.936493 	10.816654 	142.214630 	100.801788 	8.062258 	135.059250 	150.233154 	19.723083 	76.157730 	9.486833 	4.123106 	103.227905 	128.887543 	16.552946 	155.219193 	10.198039 	3.162278 	53.712196 	23.409399 	8.062258 	107.647575 	61.326992 	147.787003 	999.000000 	120.000000 	111.503365 	96.747093 	3.162278 	79.202271 	19.646883 	78.790863 	36.496574 	75.769386 	
29.068884 	68.410522 	69.526970 	59.464275 	85.276024 	123.490891 	79.397736 	64.381676 	75.073296 	42.720020 	98.883774 	44.922153 	109.178749 	28.178005 	96.566040 	27.513634 	14.560220 	124.020157 	32.015621 	19.209373 	112.645462 	23.000000 	41.109608 	100.424103 	45.343136 	125.642349 	116.828934 	16.970562 	14.000000 	103.855667 	45.398239 	127.027557 	117.413795 	68.622154 	97.836601 	125.924583 	12.806249 	61.717098 	33.955853 	120.000000 	999.000000 	9.848858 	26.832815 	121.037186 	45.793011 	138.397980 	46.647614 	89.196411 	50.249378 	
22.360680 	59.908264 	60.802959 	50.606323 	76.609398 	115.485931 	70.604530 	55.443665 	66.219330 	50.219517 	91.285271 	52.773098 	101.552940 	35.171009 	88.588936 	22.000000 	23.000000 	115.974136 	41.303753 	11.401754 	104.307236 	32.249031 	50.487621 	91.836815 	36.069378 	117.477661 	108.452751 	8.544003 	23.345236 	95.210297 	54.918121 	118.848640 	109.000000 	59.413803 	89.022469 	117.660530 	4.123106 	52.345009 	43.680660 	111.503365 	9.848858 	999.000000 	17.000000 	112.414413 	36.055511 	130.172958 	36.891735 	79.906197 	40.496914 	
17.804493 	45.694637 	46.065170 	35.777088 	61.773781 	101.636604 	55.569775 	40.311287 	51.107731 	64.070274 	78.447433 	67.007462 	88.543777 	49.010204 	75.026665 	20.518284 	38.832977 	102.044106 	57.489128 	12.369317 	89.894379 	48.507732 	66.708321 	77.025970 	20.591261 	103.315056 	93.941475 	12.000000 	39.849716 	80.262070 	71.309189 	104.651802 	94.413979 	43.600460 	73.783470 	103.310211 	14.560220 	36.235340 	60.406952 	96.747093 	26.832815 	17.000000 	999.000000 	97.416634 	19.209373 	115.836090 	20.000000 	63.780876 	23.600847 	
92.763138 	52.630791 	51.613953 	61.854668 	35.805027 	14.142136 	41.880783 	57.140179 	46.324940 	140.089264 	29.120440 	143.694122 	23.021729 	129.321304 	27.294687 	95.482986 	127.287079 	13.453624 	143.753265 	101.828285 	10.440307 	136.488098 	151.855194 	20.615528 	76.850502 	11.661903 	7.000000 	104.201729 	130.176804 	17.204651 	156.847061 	12.083046 	6.000000 	54.120235 	23.706539 	9.848858 	108.600182 	61.717098 	149.241409 	3.162278 	121.037186 	112.414413 	97.416634 	999.000000 	79.605278 	20.099751 	79.158073 	36.138622 	76.059189 	
26.076809 	30.149628 	29.614185 	20.024984 	44.598206 	85.070557 	38.275318 	23.537205 	33.837849 	79.511009 	63.505905 	82.734512 	73.164200 	64.938431 	59.228371 	30.066593 	56.648037 	85.381500 	75.272835 	28.460499 	72.801102 	66.483078 	84.433403 	59.615433 	7.810250 	86.377083 	76.694199 	29.546574 	58.180752 	62.649822 	89.196411 	87.664131 	77.077881 	25.495098 	55.901699 	86.162636 	33.120991 	17.888544 	78.790863 	79.202271 	45.793011 	36.055511 	19.209373 	79.605278 	999.000000 	98.615417 	1.000000 	45.000000 	4.472136 	
109.622078 	70.327805 	69.771057 	80.062477 	54.129475 	15.620500 	60.415230 	75.584389 	64.884514 	153.912308 	41.036568 	157.492859 	31.400637 	144.249786 	42.011902 	112.004463 	143.533966 	14.866069 	159.176010 	119.268608 	25.942244 	152.397507 	166.877197 	39.000000 	95.257545 	12.806249 	21.931713 	121.794907 	146.649246 	36.055511 	171.828400 	11.401754 	21.540659 	73.164200 	43.011627 	12.529964 	126.245789 	80.777473 	165.012115 	19.646883 	138.397980 	130.172958 	115.836090 	20.099751 	98.615417 	999.000000 	98.234413 	56.089214 	95.273293 	
27.073973 	30.066593 	29.427877 	20.000000 	44.271889 	84.770279 	37.947330 	23.345236 	33.526108 	80.504662 	63.387695 	83.725746 	72.993149 	65.924202 	59.033890 	31.064449 	57.584721 	85.070557 	76.216797 	29.410883 	72.449982 	67.416618 	85.381500 	59.236813 	8.485281 	86.034874 	76.321686 	30.463093 	59.093147 	62.241467 	90.138779 	87.315521 	76.694199 	25.079872 	55.461697 	85.796272 	34.000000 	17.464249 	79.705711 	78.790863 	46.647614 	36.891735 	20.000000 	79.158073 	1.000000 	98.234413 	999.000000 	44.407207 	3.605551 	
62.968246 	24.738634 	22.135944 	30.528675 	13.416408 	45.011108 	14.000000 	25.553865 	16.492422 	115.156418 	33.015148 	118.701309 	38.626415 	102.420700 	26.627054 	66.370171 	97.652443 	45.000000 	115.433968 	70.292244 	32.015621 	107.335922 	124.169243 	19.416489 	43.863426 	45.099888 	35.057095 	72.249565 	100.000000 	21.023796 	129.139465 	46.173584 	35.128338 	20.615528 	14.142136 	44.283180 	76.419891 	27.586229 	120.104118 	36.496574 	89.196411 	79.906197 	63.780876 	36.138622 	45.000000 	56.089214 	44.407207 	999.000000 	41.048752 	
30.000000 	28.017851 	27.073973 	18.248287 	41.484936 	82.006096 	35.171009 	21.023796 	30.805843 	83.725746 	61.131008 	86.977005 	70.576202 	69.231499 	56.568542 	34.000000 	61.098282 	82.280006 	79.711983 	32.893768 	69.570107 	70.936592 	88.865067 	56.302753 	9.848858 	83.168503 	73.389374 	34.014702 	62.649822 	59.236813 	93.637596 	84.433403 	73.736015 	22.135944 	52.392746 	82.873398 	37.589893 	14.560220 	83.258636 	75.769386 	50.249378 	40.496914 	23.600847 	76.059189 	4.472136 	95.273293 	3.605551 	41.048752 	999.000000 	

Travel time:
9.000000 	1.007782 	1.046721 	0.811249 	1.432000 	2.364450 	1.293493 	0.936082 	1.190850 	1.353237 	1.745888 	1.437228 	2.003278 	1.004054 	1.691892 	0.100000 	0.870704 	2.378287 	1.311964 	0.276134 	2.100595 	1.110180 	1.532359 	1.804508 	0.534439 	2.420873 	2.205958 	0.350892 	0.937083 	1.892254 	1.656049 	2.455733 	2.221627 	1.063602 	1.750893 	2.430021 	0.456207 	0.919239 	1.430035 	2.288695 	0.726722 	0.559017 	0.445112 	2.319078 	0.651920 	2.740552 	0.676849 	1.574206 	0.750000 	
1.007782 	9.000000 	0.079057 	0.254951 	0.424264 	1.398660 	0.291548 	0.182003 	0.206155 	2.270050 	0.834416 	2.359290 	1.079352 	1.963734 	0.735272 	1.081954 	1.876832 	1.409122 	2.305022 	1.230091 	1.110462 	2.112611 	2.517191 	0.800391 	0.632456 	1.442654 	1.213724 	1.290349 	1.944865 	0.886707 	2.642087 	1.476482 	1.227294 	0.265754 	0.743303 	1.445035 	1.400892 	0.371652 	2.432720 	1.290349 	1.710263 	1.497707 	1.142366 	1.315770 	0.753741 	1.758195 	0.751665 	0.618466 	0.700446 	
1.046721 	0.079057 	9.000000 	0.257391 	0.395285 	1.392839 	0.247487 	0.152069 	0.145774 	2.327687 	0.851469 	2.416609 	1.089151 	2.015564 	0.740355 	1.125000 	1.917355 	1.402007 	2.351197 	1.258223 	1.095730 	2.155371 	2.565638 	0.776611 	0.637377 	1.431782 	1.197132 	1.315770 	1.982738 	0.860233 	2.690376 	1.465008 	1.209339 	0.195256 	0.707990 	1.431127 	1.425219 	0.328824 	2.475505 	1.269350 	1.738174 	1.520074 	1.151629 	1.290349 	0.740355 	1.744276 	0.735697 	0.553399 	0.676849 	
0.811249 	0.254951 	0.257391 	9.000000 	0.651920 	1.648105 	0.500000 	0.125000 	0.390512 	2.127352 	1.089151 	2.215006 	1.334166 	1.800347 	0.989002 	0.896172 	1.680030 	1.657747 	2.122646 	1.007782 	1.353006 	1.921100 	2.341207 	1.033501 	0.380789 	1.688565 	1.454519 	1.063015 	1.741407 	1.116356 	2.465385 	1.721918 	1.466714 	0.261008 	0.960469 	1.688380 	1.171538 	0.201556 	2.240675 	1.526434 	1.486607 	1.265158 	0.894427 	1.546367 	0.500625 	2.001562 	0.500000 	0.763217 	0.456207 	
1.432000 	0.424264 	0.395285 	0.651920 	9.000000 	1.013040 	0.158114 	0.536773 	0.269258 	2.673598 	0.553399 	2.763377 	0.751665 	2.378287 	0.406971 	1.505199 	2.300543 	1.020110 	2.725459 	1.651704 	0.705780 	2.535375 	2.935345 	0.381608 	1.029563 	1.044629 	0.805062 	1.710263 	2.369071 	0.465027 	3.060331 	1.077033 	0.816241 	0.485412 	0.320156 	1.040733 	1.820028 	0.673146 	2.855368 	0.874643 	2.131901 	1.915235 	1.544345 	0.895126 	1.114955 	1.353237 	1.106797 	0.335410 	1.037123 	
2.364450 	1.398660 	1.392839 	1.648105 	1.013040 	9.000000 	1.171004 	1.542117 	1.281113 	3.457329 	0.636396 	3.546830 	0.395285 	3.217530 	0.673146 	2.420873 	3.205659 	0.025000 	3.592092 	2.611154 	0.325000 	3.425000 	3.783186 	0.654313 	2.028854 	0.100000 	0.261008 	2.676051 	3.285004 	0.600000 	3.906805 	0.127475 	0.269258 	1.497707 	0.775403 	0.152069 	2.787696 	1.686157 	3.739402 	0.285044 	3.087272 	2.887148 	2.540915 	0.353553 	2.126764 	0.390512 	2.119257 	1.125278 	2.050152 	
1.293493 	0.291548 	0.247487 	0.500000 	0.158114 	1.171004 	9.000000 	0.381608 	0.111803 	2.560395 	0.686477 	2.649764 	0.900000 	2.255271 	0.550568 	1.370447 	2.163908 	1.178187 	2.595308 	1.505199 	0.863496 	2.401172 	2.808247 	0.536773 	0.874643 	1.202601 	0.962094 	1.562050 	2.229910 	0.617454 	2.933108 	1.234909 	0.972754 	0.328824 	0.460977 	1.198176 	1.671077 	0.515388 	2.721328 	1.029563 	1.984943 	1.765113 	1.389244 	1.047020 	0.956883 	1.510381 	0.948683 	0.350000 	0.879275 	
0.936082 	0.182003 	0.152069 	0.125000 	0.536773 	1.542117 	0.381608 	9.000000 	0.270416 	2.247221 	1.002809 	2.335193 	1.241219 	1.923051 	0.892328 	1.020416 	1.805028 	1.550806 	2.247221 	1.131371 	1.241471 	2.046033 	2.465385 	0.917878 	0.493077 	1.578963 	1.341641 	1.185591 	1.866313 	0.999062 	2.589643 	1.611870 	1.353006 	0.150000 	0.840015 	1.576785 	1.293493 	0.190394 	2.365639 	1.410895 	1.609542 	1.386092 	1.007782 	1.428504 	0.588430 	1.889610 	0.583631 	0.638847 	0.525595 	
1.190850 	0.206155 	0.145774 	0.390512 	0.269258 	1.281113 	0.111803 	0.270416 	9.000000 	2.472474 	0.778621 	2.561494 	1.001249 	2.161308 	0.650481 	1.270089 	2.061553 	1.288652 	2.496623 	1.397542 	0.975000 	2.300136 	2.711319 	0.648556 	0.763217 	1.313868 	1.073837 	1.453444 	2.126029 	0.728869 	2.836040 	1.346291 	1.084551 	0.225000 	0.570088 	1.309819 	1.562050 	0.406971 	2.620234 	1.141271 	1.876832 	1.655483 	1.277693 	1.158123 	0.845946 	1.622113 	0.838153 	0.412311 	0.770146 	
1.353237 	2.270050 	2.327687 	2.127352 	2.673598 	3.457329 	2.560395 	2.247221 	2.472474 	9.000000 	2.823230 	0.090139 	3.064413 	0.378319 	2.825111 	1.255488 	0.705780 	3.476348 	0.447214 	1.300000 	3.255188 	0.566789 	0.450694 	3.010399 	1.887624 	3.533854 	3.360059 	1.302162 	0.750417 	3.100504 	0.539676 	3.569051 	3.380181 	2.387991 	2.989252 	3.556859 	1.262191 	2.263018 	0.601041 	3.455521 	1.068001 	1.255488 	1.601757 	3.502232 	1.987775 	3.847808 	2.012617 	2.878911 	2.093144 	
1.745888 	0.834416 	0.851469 	1.089151 	0.553399 	0.636396 	0.686477 	1.002809 	0.778621 	2.823230 	9.000000 	2.912902 	0.257391 	2.581182 	0.160078 	1.796698 	2.575121 	0.654313 	2.956455 	2.001406 	0.467039 	2.791617 	3.146824 	0.425000 	1.461592 	0.710634 	0.561805 	2.069118 	2.656360 	0.474342 	3.270417 	0.745822 	0.585235 	1.002809 	0.535023 	0.735272 	2.180883 	1.175000 	3.104936 	0.664266 	2.472094 	2.282132 	1.961186 	0.728011 	1.587648 	1.025914 	1.584692 	0.825379 	1.528275 	
1.437228 	2.359290 	2.416609 	2.215006 	2.763377 	3.546830 	2.649764 	2.335193 	2.561494 	0.090139 	2.912902 	9.000000 	3.153768 	0.450000 	2.915154 	1.340009 	0.759111 	3.565897 	0.445112 	1.375909 	3.345239 	0.596343 	0.403113 	3.100504 	1.971357 	3.623534 	3.450090 	1.375227 	0.794512 	3.190611 	0.477624 	3.658722 	3.470231 	2.475505 	3.079164 	3.646659 	1.330883 	2.349069 	0.581485 	3.545596 	1.123054 	1.319327 	1.675187 	3.592353 	2.068363 	3.937321 	2.093144 	2.967533 	2.174425 	
2.003278 	1.079352 	1.089151 	1.334166 	0.751665 	0.395285 	0.900000 	1.241219 	1.001249 	3.064413 	0.257391 	3.153768 	9.000000 	2.830415 	0.350892 	2.053807 	2.830636 	0.416083 	3.207900 	2.258456 	0.340037 	3.045591 	3.395770 	0.493077 	1.710263 	0.480885 	0.400780 	2.325941 	2.912473 	0.496236 	3.518966 	0.514782 	0.425735 	1.226020 	0.626498 	0.515388 	2.437724 	1.405569 	3.357920 	0.500000 	2.729469 	2.538824 	2.213594 	0.575543 	1.829105 	0.785016 	1.824829 	0.965660 	1.764405 	
1.004054 	1.963734 	2.015564 	1.800347 	2.378287 	3.217530 	2.255271 	1.923051 	2.161308 	0.378319 	2.581182 	0.450000 	2.830415 	9.000000 	2.566247 	0.910014 	0.355317 	3.235062 	0.391312 	0.926350 	2.993848 	0.328824 	0.565685 	2.730041 	1.535008 	3.288237 	3.099698 	0.925338 	0.425735 	2.820018 	0.689656 	3.323590 	3.118493 	2.058671 	2.697453 	3.306906 	0.883883 	1.922401 	0.561805 	3.191591 	0.704450 	0.879275 	1.225255 	3.233033 	1.623461 	3.606245 	1.648105 	2.560518 	1.730788 	
1.691892 	0.735272 	0.740355 	0.989002 	0.406971 	0.673146 	0.550568 	0.892328 	0.650481 	2.825111 	0.160078 	2.915154 	0.350892 	2.566247 	9.000000 	1.750000 	2.538331 	0.686477 	2.934493 	1.938105 	0.430116 	2.761340 	3.131393 	0.285044 	1.367708 	0.730154 	0.535023 	2.003278 	2.615937 	0.350892 	3.255764 	0.765261 	0.555090 	0.875357 	0.381608 	0.743303 	2.114976 	1.054751 	3.077743 	0.630971 	2.414151 	2.214723 	1.875667 	0.682367 	1.480709 	1.050297 	1.475847 	0.665676 	1.414214 	
0.100000 	1.081954 	1.125000 	0.896172 	1.505199 	2.420873 	1.370447 	1.020416 	1.270089 	1.255488 	1.796698 	1.340009 	2.053807 	0.910014 	1.750000 	9.000000 	0.795692 	2.435416 	1.227294 	0.285044 	2.163908 	1.030776 	1.445035 	1.873833 	0.632949 	2.480045 	2.269637 	0.357946 	0.867828 	1.962301 	1.569236 	2.515079 	2.285963 	1.151629 	1.825000 	2.490984 	0.450694 	1.012423 	1.350926 	2.354384 	0.687841 	0.550000 	0.512957 	2.387075 	0.751665 	2.800112 	0.776611 	1.659254 	0.850000 	
0.870704 	1.876832 	1.917355 	1.680030 	2.300543 	3.205659 	2.163908 	1.805028 	2.061553 	0.705780 	2.575121 	0.759111 	2.830636 	0.355317 	2.538331 	0.795692 	9.000000 	3.221122 	0.467039 	0.705780 	2.956455 	0.246221 	0.697316 	2.669387 	1.364734 	3.268218 	3.062372 	0.680074 	0.100000 	2.757943 	0.814325 	3.303407 	3.079164 	1.927596 	2.620115 	3.281101 	0.608276 	1.770770 	0.561805 	3.148412 	0.364006 	0.575000 	0.970824 	3.182177 	1.416201 	3.588349 	1.439618 	2.441311 	1.527457 	
2.378287 	1.409122 	1.402007 	1.657747 	1.020110 	0.025000 	1.178187 	1.550806 	1.288652 	3.476348 	0.654313 	3.565897 	0.416083 	3.235062 	0.686477 	2.435416 	3.221122 	9.000000 	3.609016 	2.623928 	0.325960 	3.441112 	3.800740 	0.657647 	2.038535 	0.075000 	0.254951 	2.688517 	3.300095 	0.600521 	3.924443 	0.103078 	0.261008 	1.504161 	0.776611 	0.127475 	2.800112 	1.693000 	3.755829 	0.270416 	3.100504 	2.899354 	2.551103 	0.336341 	2.134537 	0.371652 	2.126764 	1.125000 	2.057000 	
1.311964 	2.305022 	2.351197 	2.122646 	2.725459 	3.592092 	2.595308 	2.247221 	2.496623 	0.447214 	2.956455 	0.445112 	3.207900 	0.391312 	2.934493 	1.227294 	0.467039 	3.609016 	9.000000 	1.170470 	3.359501 	0.226385 	0.230489 	3.085855 	1.822944 	3.660345 	3.465544 	1.147007 	0.450694 	3.175394 	0.348210 	3.695690 	3.483622 	2.375395 	3.045591 	3.677125 	1.073837 	2.225140 	0.176777 	3.555366 	0.800391 	1.032594 	1.437228 	3.593832 	1.881821 	3.979400 	1.905420 	2.885849 	1.992800 	
0.276134 	1.230091 	1.258223 	1.007782 	1.651704 	2.611154 	1.505199 	1.131371 	1.397542 	1.300000 	2.001406 	1.375909 	2.258456 	0.926350 	1.938105 	0.285044 	0.705780 	2.623928 	1.170470 	9.000000 	2.336932 	0.951972 	1.399330 	2.030394 	0.665676 	2.663292 	2.441311 	0.075000 	0.750417 	2.116158 	1.518634 	2.697800 	2.455733 	1.241974 	1.966119 	2.669504 	0.182003 	1.075291 	1.263428 	2.520045 	0.480234 	0.285044 	0.309233 	2.545707 	0.711512 	2.981715 	0.735272 	1.757306 	0.822344 	
2.100595 	1.110462 	1.095730 	1.353006 	0.705780 	0.325000 	0.863496 	1.241471 	0.975000 	3.255188 	0.467039 	3.345239 	0.340037 	2.993848 	0.430116 	2.163908 	2.956455 	0.325960 	3.359501 	2.336932 	9.000000 	3.182766 	3.558528 	0.333542 	1.732953 	0.340037 	0.106066 	2.399088 	3.031604 	0.275000 	3.683069 	0.371652 	0.125000 	1.185854 	0.450694 	0.335410 	2.510105 	1.375682 	3.500357 	0.201556 	2.816137 	2.607681 	2.247360 	0.261008 	1.820028 	0.648556 	1.811249 	0.800391 	1.739253 	
1.110180 	2.112611 	2.155371 	1.921100 	2.535375 	3.425000 	2.401172 	2.046033 	2.300136 	0.566789 	2.791617 	0.596343 	3.045591 	0.328824 	2.761340 	1.030776 	0.246221 	3.441112 	0.226385 	0.951972 	3.182766 	9.000000 	0.456207 	2.901078 	1.610318 	3.490075 	3.288807 	0.925000 	0.225000 	2.990088 	0.570088 	3.525355 	3.306150 	2.170541 	2.855368 	3.504640 	0.848896 	2.015564 	0.320156 	3.376481 	0.575000 	0.806226 	1.212693 	3.412202 	1.662077 	3.809938 	1.685416 	2.683398 	1.773415 	
1.532359 	2.517191 	2.565638 	2.341207 	2.935345 	3.783186 	2.808247 	2.465385 	2.711319 	0.450694 	3.146824 	0.403113 	3.395770 	0.565685 	3.131393 	1.445035 	0.697316 	3.800740 	0.230489 	1.399330 	3.558528 	0.456207 	9.000000 	3.291371 	2.048475 	3.853894 	3.664441 	1.377044 	0.679154 	3.381198 	0.125000 	3.889248 	3.683069 	2.595790 	3.255188 	3.872419 	1.304320 	2.448596 	0.235850 	3.755829 	1.027740 	1.262191 	1.667708 	3.796380 	2.110835 	4.171930 	2.134537 	3.104231 	2.221627 	
1.804508 	0.800391 	0.776611 	1.033501 	0.381608 	0.654313 	0.536773 	0.917878 	0.648556 	3.010399 	0.425000 	3.100504 	0.493077 	2.730041 	0.285044 	1.873833 	2.669387 	0.657647 	3.085855 	2.030394 	0.333542 	2.901078 	3.291371 	9.000000 	1.410895 	0.673146 	0.427200 	2.090006 	2.740552 	0.090139 	3.416321 	0.704006 	0.436606 	0.854400 	0.134629 	0.664266 	2.200142 	1.044629 	3.220443 	0.493077 	2.510602 	2.295920 	1.925649 	0.515388 	1.490386 	0.975000 	1.480920 	0.485412 	1.407569 	
0.534439 	0.632456 	0.637377 	0.380789 	1.029563 	2.028854 	0.874643 	0.493077 	0.763217 	1.887624 	1.461592 	1.971357 	1.710263 	1.535008 	1.367708 	0.632949 	1.364734 	2.038535 	1.822944 	0.665676 	1.732953 	1.610318 	2.048475 	1.410895 	9.000000 	2.069118 	1.833883 	0.710634 	1.415097 	1.492062 	2.170397 	2.102380 	1.845603 	0.583631 	1.331353 	2.068363 	0.813941 	0.410031 	1.925649 	1.903943 	1.133578 	0.901734 	0.514782 	1.921263 	0.195256 	2.381439 	0.212132 	1.096586 	0.246221 	
2.420873 	1.442654 	1.431782 	1.688565 	1.044629 	0.100000 	1.202601 	1.578963 	1.313868 	3.533854 	0.710634 	3.623534 	0.480885 	3.288237 	0.730154 	2.480045 	3.268218 	0.075000 	3.660345 	2.663292 	0.340037 	3.490075 	3.853894 	0.673146 	2.069118 	9.000000 	0.251247 	2.726949 	3.346080 	0.608276 	3.977829 	0.035355 	0.250000 	1.525820 	0.785016 	0.055902 	2.838353 	1.715554 	3.805670 	0.237171 	3.141059 	2.936942 	2.582876 	0.291548 	2.159427 	0.320156 	2.150872 	1.127497 	2.079213 	
