Total assets = 660
Number of asset nodes = 33

Distance:
999.000000 	61.032780 	100.498756 	3.162278 	16.970562 	97.308784 	90.801979 	57.558666 	13.152946 	33.376640 	33.837849 	44.407207 	43.174065 	78.549347 	79.611557 	29.410883 	43.278172 	75.073296 	56.364883 	92.200867 	49.203659 	44.418465 	84.504440 	100.687637 	32.015621 	25.298222 	57.706154 	48.548943 	51.613953 	77.794601 	35.468296 	105.683487 	59.059292 	49.091751 	10.630146 	29.732138 	57.801384 	56.035702 	14.866069 	97.308784 	51.613953 	68.410522 	59.908264 	45.694637 	52.630791 	30.149628 	70.327805 	30.066593 	24.738634 	28.017851 	
61.032780 	999.000000 	152.069061 	61.131008 	46.529560 	144.589066 	140.035706 	11.045361 	68.000000 	28.653097 	90.210861 	100.404182 	18.357559 	131.137329 	132.653687 	31.622776 	100.498756 	131.487640 	8.602325 	146.348892 	108.673820 	20.396078 	140.000000 	153.717270 	33.015148 	86.330757 	10.630146 	18.384777 	111.359779 	134.792435 	31.257000 	158.619034 	10.816654 	18.788294 	65.924202 	38.118237 	12.806249 	115.831772 	73.348480 	152.433594 	19.416489 	127.534309 	119.866592 	106.625511 	22.022715 	90.708321 	16.278820 	90.470993 	52.239830 	87.863533 	
100.498756 	152.069061 	999.000000 	102.576797 	117.046997 	15.524175 	13.601471 	143.934006 	88.481636 	124.523087 	66.730804 	56.356010 	134.357727 	21.954498 	21.023796 	124.197426 	58.180752 	30.066593 	150.695053 	12.369317 	57.489128 	141.354172 	21.095022 	5.830952 	131.015259 	82.873398 	152.898666 	145.578156 	56.885849 	30.066593 	134.617981 	8.062258 	154.311371 	146.348892 	104.216118 	129.799850 	153.717270 	54.332310 	98.615417 	14.866069 	149.305054 	44.045429 	53.037724 	68.731361 	151.029800 	85.866173 	165.559662 	86.833176 	124.354332 	90.249657 	
3.162278 	61.131008 	102.576797 	999.000000 	15.811388 	99.724625 	93.107468 	58.215118 	16.031219 	34.058773 	35.846897 	46.324940 	43.566040 	80.622574 	81.633324 	29.614185 	45.000000 	76.694199 	56.080299 	94.047859 	50.328918 	43.829212 	86.214851 	102.625534 	31.064449 	25.495098 	57.271286 	47.885281 	52.630791 	79.309517 	34.409302 	107.615051 	58.600342 	48.373547 	7.810250 	28.319605 	57.245087 	57.008770 	13.152946 	99.020203 	50.774010 	69.526970 	60.802959 	46.065170 	51.613953 	29.614185 	69.771057 	29.427877 	22.135944 	27.073973 	
16.970562 	46.529560 	117.046997 	15.811388 	999.000000 	113.159180 	106.943909 	45.177429 	28.653097 	22.135944 	50.606323 	61.220913 	30.066593 	95.131485 	96.260063 	16.278820 	60.207973 	92.021736 	40.804413 	109.018349 	66.068146 	28.231188 	101.414986 	117.413795 	15.264338 	41.182522 	41.785164 	32.202484 	68.410522 	94.762863 	18.601076 	122.413231 	43.081318 	32.649654 	19.416489 	12.806249 	41.629318 	72.801102 	26.925823 	114.214706 	34.985710 	85.276024 	76.609398 	61.773781 	35.805027 	44.598206 	54.129475 	44.271889 	13.416408 	41.484936 	
97.308784 	144.589066 	15.524175 	99.724625 	113.159180 	999.000000 	8.246211 	135.793961 	84.581322 	118.004234 	64.560051 	55.108982 	127.440186 	23.345236 	23.769728 	118.431412 	57.706154 	36.400551 	144.013885 	24.083189 	60.033325 	135.624481 	30.232433 	21.189621 	126.269554 	83.024094 	146.400131 	139.785553 	60.207973 	38.013157 	129.865311 	23.194826 	147.800537 	140.616501 	102.489021 	125.670204 	147.410995 	58.694122 	97.744568 	29.154760 	143.669754 	50.921509 	58.463665 	72.173401 	145.646835 	87.281158 	158.836395 	88.277969 	121.840057 	91.443970 	
90.801979 	140.035706 	13.601471 	93.107468 	106.943909 	8.246211 	999.000000 	131.590271 	78.294319 	112.929184 	57.584721 	47.801674 	122.576508 	15.132746 	15.524175 	113.004425 	50.219517 	28.231188 	139.053940 	17.888544 	52.000000 	130.207520 	22.671568 	18.027756 	120.415947 	75.504967 	141.354172 	134.402374 	52.086468 	30.016663 	124.020157 	21.587032 	142.762039 	135.207245 	95.519630 	119.570061 	142.274384 	50.487621 	90.520714 	24.041630 	138.220840 	42.720020 	50.219517 	64.070274 	140.089264 	79.511009 	153.912308 	80.504662 	115.156418 	83.725746 	
57.558666 	11.045361 	143.934006 	58.215118 	45.177429 	135.793961 	131.590271 	999.000000 	62.625874 	24.186773 	84.095184 	93.941475 	15.132746 	123.405838 	125.000000 	29.017237 	94.371605 	124.679588 	17.088007 	138.809219 	103.247276 	24.207438 	132.853302 	145.866379 	34.176014 	82.565125 	19.924858 	24.083189 	106.042442 	128.128845 	33.541019 	150.711639 	20.615528 	24.839485 	64.000000 	39.560081 	22.135944 	110.494347 	71.063354 	145.086182 	26.627054 	121.741531 	114.586212 	102.357216 	29.681644 	87.692642 	27.294687 	87.572830 	53.450912 	85.287750 	
13.152946 	68.000000 	88.481636 	16.031219 	28.653097 	84.581322 	78.294319 	62.625874 	999.000000 	39.357338 	22.671568 	33.241539 	49.648766 	66.610809 	67.801178 	37.202152 	32.802441 	64.443771 	64.637451 	80.808418 	40.718548 	53.814495 	73.539108 	89.022469 	42.638012 	22.561028 	66.400299 	58.051701 	43.462627 	67.475922 	46.227695 	94.021271 	67.801178 	58.728188 	21.587032 	41.340054 	66.843102 	47.927029 	21.633308 	86.278618 	61.522354 	59.539902 	52.000000 	40.311287 	62.968246 	29.732138 	79.202271 	30.083218 	37.854988 	29.529646 	
33.376640 	28.653097 	124.523087 	34.058773 	22.135944 	118.004234 	112.929184 	24.186773 	39.357338 	999.000000 	61.587337 	71.847061 	10.295630 	103.247276 	104.690018 	6.403124 	71.867935 	103.004852 	26.172504 	118.258194 	80.056229 	18.681541 	111.664673 	125.872955 	17.000000 	58.463665 	28.425341 	22.472204 	82.764725 	106.254410 	18.973665 	130.816666 	29.832869 	23.409399 	40.112343 	21.400934 	29.410883 	87.235313 	47.000000 	124.197426 	26.570660 	98.883774 	91.285271 	78.447433 	29.120440 	63.505905 	41.036568 	63.387695 	33.015148 	61.131008 	
33.837849 	90.210861 	66.730804 	35.846897 	50.606323 	64.560051 	57.584721 	84.095184 	22.671568 	61.587337 	999.000000 	10.630146 	71.867935 	44.777225 	45.793011 	59.816387 	10.295630 	41.773197 	87.200920 	58.412327 	20.099751 	76.485291 	50.931328 	66.850578 	65.115280 	20.615528 	89.022469 	80.721741 	23.086792 	44.821869 	68.680420 	71.847061 	90.426765 	81.394104 	37.947330 	63.411354 	89.498604 	27.294687 	33.376640 	63.702435 	84.172440 	37.696156 	31.400637 	25.079872 	85.562843 	27.313000 	101.828285 	28.231188 	57.697487 	30.364452 	
44.407207 	100.404182 	56.356010 	46.324940 	61.220913 	55.108982 	47.801674 	93.941475 	33.241539 	71.847061 	10.630146 	999.000000 	82.097504 	34.438351 	35.355339 	70.292244 	3.605551 	31.240999 	97.616600 	47.801674 	14.317822 	87.045967 	40.311287 	56.302753 	75.742989 	28.071337 	99.488693 	91.285271 	17.088007 	34.409302 	79.309517 	61.294373 	100.895988 	91.967384 	47.927029 	74.027023 	100.004997 	20.396078 	42.720020 	53.075417 	94.762863 	28.635643 	24.186773 	24.083189 	96.176918 	33.241539 	112.294258 	34.234486 	68.000000 	37.054016 	
43.174065 	18.357559 	134.357727 	43.566040 	30.066593 	127.440186 	122.576508 	15.132746 	49.648766 	10.295630 	71.867935 	82.097504 	999.000000 	113.216606 	114.690887 	14.035668 	82.152298 	113.225441 	16.643316 	128.316010 	90.338257 	13.601471 	121.823647 	135.830780 	19.723083 	68.410522 	19.235384 	16.031219 	93.037628 	116.498924 	19.849434 	140.758652 	20.591261 	17.029387 	49.040798 	25.059929 	20.615528 	97.508972 	56.222771 	134.316788 	20.000000 	109.178749 	101.552940 	88.543777 	23.021729 	73.164200 	31.400637 	72.993149 	38.626415 	70.576202 	
78.549347 	131.137329 	21.954498 	80.622574 	95.131485 	23.345236 	15.132746 	123.405838 	66.610809 	103.247276 	44.777225 	34.438351 	113.216606 	999.000000 	2.000000 	102.649887 	36.400551 	14.212670 	129.402466 	15.652476 	37.054016 	119.753914 	13.152946 	22.627417 	109.201645 	61.400326 	131.529465 	123.987900 	37.013512 	17.029387 	112.800713 	27.586229 	132.943604 	124.739731 	82.346825 	107.898102 	132.276230 	35.355339 	76.896034 	22.472204 	127.663620 	28.178005 	35.171009 	49.010204 	129.321304 	64.938431 	144.249786 	65.924202 	102.420700 	69.231499 	
79.611557 	132.653687 	21.023796 	81.633324 	96.260063 	23.769728 	15.524175 	125.000000 	67.801178 	104.690018 	45.793011 	35.355339 	114.690887 	2.000000 	999.000000 	104.004807 	37.161808 	13.038404 	130.831955 	13.892444 	37.215588 	121.082619 	11.180340 	21.260292 	110.421921 	61.983868 	132.936081 	125.319588 	37.013512 	15.556349 	114.017540 	26.248810 	134.350296 	126.063477 	83.192551 	109.041275 	133.660019 	35.128338 	77.620872 	20.615528 	128.972870 	27.313000 	34.713108 	49.010204 	130.598618 	65.306969 	145.670868 	66.287254 	103.353760 	69.634758 	
29.410883 	31.622776 	124.197426 	29.614185 	16.278820 	118.431412 	113.004425 	29.017237 	37.202152 	6.403124 	59.816387 	70.292244 	14.035668 	102.649887 	104.004807 	999.000000 	70.000000 	101.533249 	27.459061 	117.379723 	77.524193 	17.204651 	110.453613 	125.255737 	11.401754 	54.708317 	29.206163 	21.400934 	80.131142 	104.637466 	14.035668 	130.230560 	30.610456 	22.203604 	35.014282 	15.264338 	29.732138 	84.599052 	42.190044 	123.109711 	25.238859 	96.566040 	88.588936 	75.026665 	27.294687 	59.228371 	42.011902 	59.033890 	26.627054 	56.568542 	
43.278172 	100.498756 	58.180752 	45.000000 	60.207973 	57.706154 	50.219517 	94.371605 	32.802441 	71.867935 	10.295630 	3.605551 	82.152298 	36.400551 	37.161808 	70.000000 	999.000000 	31.827662 	97.416634 	49.091751 	11.401754 	86.556343 	41.231056 	57.801384 	74.953316 	25.317978 	99.201813 	90.785461 	14.317822 	34.713108 	78.492035 	62.769421 	100.603180 	91.438507 	46.065170 	73.000000 	99.639351 	18.027756 	40.496914 	54.037025 	94.175369 	27.513634 	22.000000 	20.518284 	95.482986 	30.066593 	112.004463 	31.064449 	66.370171 	34.000000 	
75.073296 	131.487640 	30.066593 	76.694199 	92.021736 	36.400551 	28.231188 	124.679588 	64.443771 	103.004852 	41.773197 	31.240999 	113.225441 	14.212670 	13.038404 	101.533249 	31.827662 	999.000000 	128.844864 	18.681541 	28.231188 	118.258194 	9.848858 	27.892651 	106.775467 	54.589375 	130.728729 	122.494896 	27.202942 	4.000000 	110.317726 	32.572994 	132.136292 	123.166557 	77.103828 	104.804581 	131.244049 	24.331051 	70.830788 	22.472204 	125.936493 	14.560220 	23.000000 	38.832977 	127.287079 	56.648037 	143.533966 	57.584721 	97.652443 	61.098282 	
56.364883 	8.602325 	150.695053 	56.080299 	40.804413 	144.013885 	139.053940 	17.088007 	64.637451 	26.172504 	87.200920 	97.616600 	16.643316 	129.402466 	130.831955 	27.459061 	97.416634 	128.844864 	999.000000 	144.360657 	104.957130 	13.038404 	137.644470 	152.029602 	26.305893 	81.541397 	3.000000 	10.198039 	107.540688 	132.003784 	24.020824 	156.977707 	4.123106 	10.440307 	60.166435 	31.064449 	5.099020 	112.004463 	67.720009 	150.233154 	10.816654 	124.020157 	115.974136 	102.044106 	13.453624 	85.381500 	14.866069 	85.070557 	45.000000 	82.280006 	
92.200867 	146.348892 	12.369317 	94.047859 	109.018349 	24.083189 	17.888544 	138.809219 	80.808418 	118.258194 	58.412327 	47.801674 	128.316010 	15.652476 	13.892444 	117.379723 	49.091751 	18.681541 	144.360657 	999.000000 	46.818798 	134.380051 	9.055386 	9.219544 	123.434196 	72.917763 	146.413803 	138.621780 	45.880280 	18.027756 	127.015747 	13.928389 	147.827606 	139.344894 	95.015785 	121.823647 	147.085007 	42.953465 	89.005615 	7.071068 	142.214630 	32.015621 	41.303753 	57.489128 	143.753265 	75.272835 	159.176010 	76.216797 	115.433968 	79.711983 	
49.203659 	108.673820 	57.489128 	50.328918 	66.068146 	60.033325 	52.000000 	103.247276 	40.718548 	80.056229 	20.099751 	14.317822 	90.338257 	37.054016 	37.215588 	77.524193 	11.401754 	28.231188 	104.957130 	46.818798 	999.000000 	93.477272 	38.078865 	55.973209 	81.215759 	26.627054 	106.531685 	97.652443 	3.000000 	30.016663 	84.646324 	60.745369 	107.912003 	98.229324 	49.678970 	78.644768 	106.780151 	7.280110 	43.011627 	50.537113 	100.801788 	19.209373 	11.401754 	12.369317 	101.828285 	28.460499 	119.268608 	29.410883 	70.292244 	32.893768 	
44.418465 	20.396078 	141.354172 	43.829212 	28.231188 	135.624481 	130.207520 	24.207438 	53.814495 	18.681541 	76.485291 	87.045967 	13.601471 	119.753914 	121.082619 	17.204651 	86.556343 	118.258194 	13.038404 	134.380051 	93.477272 	999.000000 	127.310646 	142.341141 	13.341664 	69.318108 	13.601471 	4.242640 	95.963531 	121.264175 	11.000000 	147.322769 	14.866069 	5.000000 	47.434166 	18.027756 	13.416408 	100.404182 	55.027267 	140.014282 	8.062258 	112.645462 	104.307236 	89.894379 	10.440307 	72.801102 	25.942244 	72.449982 	32.015621 	69.570107 	
84.504440 	140.000000 	21.095022 	86.214851 	101.414986 	30.232433 	22.671568 	132.853302 	73.539108 	111.664673 	50.931328 	40.311287 	121.823647 	13.152946 	11.180340 	110.453613 	41.231056 	9.848858 	137.644470 	9.055386 	38.078865 	127.310646 	999.000000 	18.248287 	116.043098 	64.412735 	139.603012 	131.552277 	37.000000 	9.000000 	119.603508 	22.803509 	141.014191 	132.245987 	86.821655 	114.214706 	140.185593 	33.955853 	80.622574 	12.806249 	135.059250 	23.000000 	32.249031 	48.507732 	136.488098 	66.483078 	152.397507 	67.416618 	107.335922 	70.936592 	
100.687637 	153.717270 	5.830952 	102.625534 	117.413795 	21.189621 	18.027756 	145.866379 	89.022469 	125.872955 	66.850578 	56.302753 	135.830780 	22.627417 	21.260292 	125.255737 	57.801384 	27.892651 	152.029602 	9.219544 	55.973209 	142.341141 	18.248287 	999.000000 	131.654846 	81.939003 	154.155762 	146.577621 	55.081757 	27.166155 	135.247925 	5.000000 	155.569916 	147.322769 	103.831596 	130.207520 	154.896744 	52.172791 	97.943863 	9.433981 	150.233154 	41.109608 	50.487621 	66.708321 	151.855194 	84.433403 	166.877197 	85.381500 	124.169243 	88.865067 	
32.015621 	33.015148 	131.015259 	31.064449 	15.264338 	126.269554 	120.415947 	34.176014 	42.638012 	17.000000 	65.115280 	75.742989 	19.723083 	109.201645 	110.421921 	11.401754 	74.953316 	106.775467 	26.305893 	123.434196 	81.215759 	13.341664 	116.043098 	131.654846 	999.000000 	56.435802 	26.925823 	17.088007 	83.600243 	109.622078 	3.605551 	136.652847 	28.160255 	17.464249 	34.176014 	5.385165 	26.570660 	88.005684 	41.785164 	128.817703 	19.723083 	100.424103 	91.836815 	77.025970 	20.615528 	59.615433 	39.000000 	59.236813 	19.416489 	56.302753 	
25.298222 	86.330757 	82.873398 	25.495098 	41.182522 	83.024094 	75.504967 	82.565125 	22.561028 	58.463665 	20.615528 	28.071337 	68.410522 	61.400326 	61.983868 	54.708317 	25.317978 	54.589375 	81.541397 	72.917763 	26.627054 	69.318108 	64.412735 	81.939003 	56.435802 	999.000000 	82.764725 	73.355301 	28.425341 	56.603886 	59.682495 	86.815895 	84.095184 	73.824112 	23.345236 	53.254108 	82.734512 	32.557640 	16.401220 	77.025970 	76.157730 	45.343136 	36.069378 	20.591261 	76.850502 	7.810250 	95.257545 	8.485281 	43.863426 	9.848858 	
57.706154 	10.630146 	152.898666 	57.271286 	41.785164 	146.400131 	141.354172 	19.924858 	66.400299 	28.425341 	89.022469 	99.488693 	19.235384 	131.529465 	132.936081 	29.206163 	99.201813 	130.728729 	3.000000 	146.413803 	106.531685 	13.601471 	139.603012 	154.155762 	26.925823 	82.764725 	999.000000 	10.049875 	109.077957 	133.843185 	24.331051 	159.113174 	1.414214 	10.000000 	61.032780 	31.400637 	2.236068 	113.534134 	68.622154 	152.226807 	9.486833 	125.642349 	117.477661 	103.315056 	11.661903 	86.377083 	12.806249 	86.034874 	45.099888 	83.168503 	
48.548943 	18.384777 	145.578156 	47.885281 	32.202484 	139.785553 	134.402374 	24.083189 	58.051701 	22.472204 	80.721741 	91.285271 	16.031219 	123.987900 	125.319588 	21.400934 	90.785461 	122.494896 	10.198039 	138.621780 	97.652443 	4.242640 	131.552277 	146.577621 	17.088007 	73.355301 	10.049875 	999.000000 	100.124924 	125.495018 	14.317822 	151.558563 	11.180340 	1.000000 	51.264023 	21.377558 	9.486833 	104.560989 	58.872746 	144.256714 	4.123106 	116.828934 	108.452751 	93.941475 	7.000000 	76.694199 	21.931713 	76.321686 	35.057095 	73.389374 	
51.613953 	111.359779 	56.885849 	52.630791 	68.410522 	60.207973 	52.086468 	106.042442 	43.462627 	82.764725 	23.086792 	17.088007 	93.037628 	37.013512 	37.013512 	80.131142 	14.317822 	27.202942 	107.540688 	45.880280 	3.000000 	95.963531 	37.000000 	55.081757 	83.600243 	28.425341 	109.077957 	100.124924 	999.000000 	28.635643 	87.005745 	59.774578 	110.453613 	100.687637 	51.662365 	80.919716 	109.293182 	4.472136 	44.821869 	49.244289 	103.227905 	16.970562 	8.544003 	12.000000 	104.201729 	29.546574 	121.794907 	30.463093 	72.249565 	34.014702 	
77.794601 	134.792435 	30.066593 	79.309517 	94.762863 	38.013157 	30.016663 	128.128845 	67.475922 	106.254410 	44.821869 	34.409302 	116.498924 	17.029387 	15.556349 	104.637466 	34.713108 	4.000000 	132.003784 	18.027756 	30.016663 	121.264175 	9.000000 	27.166155 	109.622078 	56.603886 	133.843185 	125.495018 	28.635643 	999.000000 	113.145920 	31.575306 	135.247925 	126.150703 	79.404030 	107.517441 	134.316788 	25.298222 	72.945183 	20.615528 	128.887543 	14.000000 	23.345236 	39.849716 	130.176804 	58.180752 	146.649246 	59.093147 	100.000000 	62.649822 	
35.468296 	31.257000 	134.617981 	34.409302 	18.601076 	129.865311 	124.020157 	33.541019 	46.227695 	18.973665 	68.680420 	79.309517 	19.849434 	112.800713 	114.017540 	14.035668 	78.492035 	110.317726 	24.020824 	127.015747 	84.646324 	11.000000 	119.603508 	135.247925 	3.605551 	59.682495 	24.331051 	14.317822 	87.005745 	113.145920 	999.000000 	140.246216 	25.495098 	14.560220 	37.161808 	7.071068 	23.769728 	91.400215 	44.777225 	132.382019 	16.552946 	103.855667 	95.210297 	80.262070 	17.204651 	62.649822 	36.055511 	62.241467 	21.023796 	59.236813 	
105.683487 	158.619034 	8.062258 	107.615051 	122.413231 	23.194826 	21.587032 	150.711639 	94.021271 	130.816666 	71.847061 	61.294373 	140.758652 	27.586229 	26.248810 	130.230560 	62.769421 	32.572994 	156.977707 	13.928389 	60.745369 	147.322769 	22.803509 	5.000000 	136.652847 	86.815895 	159.113174 	151.558563 	59.774578 	31.575306 	140.246216 	999.000000 	160.527252 	152.305618 	108.784187 	135.207245 	159.862442 	56.753853 	102.859123 	12.165525 	155.219193 	45.398239 	54.918121 	71.309189 	156.847061 	89.196411 	171.828400 	90.138779 	129.139465 	93.637596 	
59.059292 	10.816654 	154.311371 	58.600342 	43.081318 	147.800537 	142.762039 	20.615528 	67.801178 	29.832869 	90.426765 	100.895988 	20.591261 	132.943604 	134.350296 	30.610456 	100.603180 	132.136292 	4.123106 	147.827606 	107.912003 	14.866069 	141.014191 	155.569916 	28.160255 	84.095184 	1.414214 	11.180340 	110.453613 	135.247925 	25.495098 	160.527252 	999.000000 	11.045361 	62.297672 	32.557640 	2.236068 	114.908661 	69.892776 	153.639191 	10.198039 	127.027557 	118.848640 	104.651802 	12.083046 	87.664131 	11.401754 	87.315521 	46.173584 	84.433403 	
49.091751 	18.788294 	146.348892 	48.373547 	32.649654 	140.616501 	135.207245 	24.839485 	58.728188 	23.409399 	81.394104 	91.967384 	17.029387 	124.739731 	126.063477 	22.203604 	91.438507 	123.166557 	10.440307 	139.344894 	98.229324 	5.000000 	132.245987 	147.322769 	17.464249 	73.824112 	10.000000 	1.000000 	100.687637 	126.150703 	14.560220 	152.305618 	11.045361 	999.000000 	51.623638 	21.587032 	9.219544 	105.118980 	59.236813 	144.958618 	3.162278 	117.413795 	109.000000 	94.413979 	6.000000 	77.077881 	21.540659 	76.694199 	35.128338 	73.736015 	
10.630146 	65.924202 	104.216118 	7.810250 	19.416489 	102.489021 	95.519630 	64.000000 	21.587032 	40.112343 	37.947330 	47.927029 	49.040798 	82.346825 	83.192551 	35.014282 	46.065170 	77.103828 	60.166435 	95.015785 	49.678970 	47.434166 	86.821655 	103.831596 	34.176014 	23.345236 	61.032780 	51.264023 	51.662365 	79.404030 	37.161808 	108.784187 	62.297672 	51.623638 	999.000000 	30.413813 	60.745369 	55.865910 	7.615773 	99.569069 	53.712196 	68.622154 	59.413803 	43.600460 	54.120235 	25.495098 	73.164200 	25.079872 	20.615528 	22.135944 	
29.732138 	38.118237 	129.799850 	28.319605 	12.806249 	125.670204 	119.570061 	39.560081 	41.340054 	21.400934 	63.411354 	74.027023 	25.059929 	107.898102 	109.041275 	15.264338 	73.000000 	104.804581 	31.064449 	121.823647 	78.644768 	18.027756 	114.214706 	130.207520 	5.385165 	53.254108 	31.400637 	21.377558 	80.919716 	107.517441 	7.071068 	135.207245 	32.557640 	21.587032 	30.413813 	999.000000 	30.805843 	85.276024 	38.013157 	127.015747 	23.409399 	97.836601 	89.022469 	73.783470 	23.706539 	55.901699 	43.011627 	55.461697 	14.142136 	52.392746 	
57.801384 	12.806249 	153.717270 	57.245087 	41.629318 	147.410995 	142.274384 	22.135944 	66.843102 	29.410883 	89.498604 	100.004997 	20.615528 	132.276230 	133.660019 	29.732138 	99.639351 	131.244049 	5.099020 	147.085007 	106.780151 	13.416408 	140.185593 	154.896744 	26.570660 	82.734512 	2.236068 	9.486833 	109.293182 	134.316788 	23.769728 	159.862442 	2.236068 	9.219544 	60.745369 	30.805843 	999.000000 	113.740936 	68.352028 	152.839783 	8.062258 	125.924583 	117.660530 	103.310211 	9.848858 	86.162636 	12.529964 	85.796272 	44.283180 	82.873398 	
56.035702 	115.831772 	54.332310 	57.008770 	72.801102 	58.694122 	50.487621 	110.494347 	47.927029 	87.235313 	27.294687 	20.396078 	97.508972 	35.355339 	35.128338 	84.599052 	18.027756 	24.331051 	112.004463 	42.953465 	7.280110 	100.404182 	33.955853 	52.172791 	88.005684 	32.557640 	113.534134 	104.560989 	4.472136 	25.298222 	91.400215 	56.753853 	114.908661 	105.118980 	55.865910 	85.276024 	113.740936 	999.000000 	48.918301 	45.880280 	107.647575 	12.806249 	4.123106 	14.560220 	108.600182 	33.120991 	126.245789 	34.000000 	76.419891 	37.589893 	
14.866069 	73.348480 	98.615417 	13.152946 	26.925823 	97.744568 	90.520714 	71.063354 	21.633308 	47.000000 	33.376640 	42.720020 	56.222771 	76.896034 	77.620872 	42.190044 	40.496914 	70.830788 	67.720009 	89.005615 	43.011627 	55.027267 	80.622574 	97.943863 	41.785164 	16.401220 	68.622154 	58.872746 	44.821869 	72.945183 	44.777225 	102.859123 	69.892776 	59.236813 	7.615773 	38.013157 	68.352028 	48.918301 	999.000000 	93.295227 	61.326992 	61.717098 	52.345009 	36.235340 	61.717098 	17.888544 	80.777473 	17.464249 	27.586229 	14.560220 	
97.308784 	152.433594 	14.866069 	99.020203 	114.214706 	29.154760 	24.041630 	145.086182 	86.278618 	124.197426 	63.702435 	53.075417 	134.316788 	22.472204 	20.615528 	123.109711 	54.037025 	22.472204 	150.233154 	7.071068 	50.537113 	140.014282 	12.806249 	9.433981 	128.817703 	77.025970 	152.226807 	144.256714 	49.244289 	20.615528 	132.382019 	12.165525 	153.639191 	144.958618 	99.569069 	127.015747 	152.839783 	45.880280 	93.295227 	999.000000 	147.787003 	33.955853 	43.680660 	60.406952 	149.241409 	78.790863 	165.012115 	79.705711 	120.104118 	83.258636 	
51.613953 	19.416489 	149.305054 	50.774010 	34.985710 	143.669754 	138.220840 	26.627054 	61.522354 	26.570660 	84.172440 	94.762863 	20.000000 	127.663620 	128.972870 	25.238859 	94.175369 	125.936493 	10.816654 	142.214630 	100.801788 	8.062258 	135.059250 	150.233154 	19.723083 	76.157730 	9.486833 	4.123106 	103.227905 	128.887543 	16.552946 	155.219193 	10.198039 	3.162278 	53.712196 	23.409399 	8.062258 	107.647575 	61.326992 	147.787003 	999.000000 	120.000000 	111.503365 	96.747093 	3.162278 	79.202271 	19.646883 	78.790863 	36.496574 	75.769386 	
68.410522 	127.534309 	44.045429 	69.526970 	85.276024 	50.921509 	42.720020 	121.741531 	59.539902 	98.883774 	37.696156 	28.635643 	109.178749 	28.178005 	27.313000 	96.566040 	27.513634 	14.560220 	124.020157 	32.015621 	19.209373 	112.645462 	23.000000 	41.109608 	100.424103 	45.343136 	125.642349 	116.828934 	16.970562 	14.000000 	103.855667 	45.398239 	127.027557 	117.413795 	68.622154 	97.836601 	125.924583 	12.806249 	61.717098 	33.955853 	120.000000 	999.000000 	9.848858 	26.832815 	121.037186 	45.793011 	138.397980 	46.647614 	89.196411 	50.249378 	
59.908264 	119.866592 	53.037724 	60.802959 	76.609398 	58.463665 	50.219517 	114.586212 	52.000000 	91.285271 	31.400637 	24.186773 	101.552940 	35.171009 	34.713108 	88.588936 	22.000000 	23.000000 	115.974136 	41.303753 	11.401754 	104.307236 	32.249031 	50.487621 	91.836815 	36.069378 	117.477661 	108.452751 	8.544003 	23.345236 	95.210297 	54.918121 	118.848640 	109.000000 	59.413803 	89.022469 	117.660530 	4.123106 	52.345009 	43.680660 	111.503365 	9.848858 	999.000000 	17.000000 	112.414413 	36.055511 	130.172958 	36.891735 	79.906197 	40.496914 	
45.694637 	106.625511 	68.731361 	46.065170 	61.773781 	72.173401 	64.070274 	102.357216 	40.311287 	78.447433 	25.079872 	24.083189 	88.543777 	49.010204 	49.010204 	75.026665 	20.518284 	38.832977 	102.044106 	57.489128 	12.369317 	89.894379 	48.507732 	66.708321 	77.025970 	20.591261 	103.315056 	93.941475 	12.000000 	39.849716 	80.262070 	71.309189 	104.651802 	94.413979 	43.600460 	73.783470 	103.310211 	14.560220 	36.235340 	60.406952 	96.747093 	26.832815 	17.000000 	999.000000 	97.416634 	19.209373 	115.836090 	20.000000 	63.780876 	23.600847 	
52.630791 	22.022715 	151.029800 	51.613953 	35.805027 	145.646835 	140.089264 	29.681644 	62.968246 	29.120440 	85.562843 	96.176918 	23.021729 	129.321304 	130.598618 	27.294687 	95.482986 	127.287079 	13.453624 	143.753265 	101.828285 	10.440307 	136.488098 	151.855194 	20.615528 	76.850502 	11.661903 	7.000000 	104.201729 	130.176804 	17.204651 	156.847061 	12.083046 	6.000000 	54.120235 	23.706539 	9.848858 	108.600182 	61.717098 	149.241409 	3.162278 	121.037186 	112.414413 	97.416634 	999.000000 	79.605278 	20.099751 	79.158073 	36.138622 	76.059189 	
30.149628 	90.708321 	85.866173 	29.614185 	44.598206 	87.281158 	79.511009 	87.692642 	29.732138 	63.505905 	27.313000 	33.241539 	73.164200 	64.938431 	65.306969 	59.228371 	30.066593 	56.648037 	85.381500 	75.272835 	28.460499 	72.801102 	66.483078 	84.433403 	59.615433 	7.810250 	86.377083 	76.694199 	29.546574 	58.180752 	62.649822 	89.196411 	87.664131 	77.077881 	25.495098 	55.901699 	86.162636 	33.120991 	17.888544 	78.790863 	79.202271 	45.793011 	36.055511 	19.209373 	79.605278 	999.000000 	98.615417 	1.000000 	45.000000 	4.472136 	
70.327805 	16.278820 	165.559662 	69.771057 	54.129475 	158.836395 	153.912308 	27.294687 	79.202271 	41.036568 	101.828285 	112.294258 	31.400637 	144.249786 	145.670868 	42.011902 	112.004463 	143.533966 	14.866069 	159.176010 	119.268608 	25.942244 	152.397507 	166.877197 	39.000000 	95.257545 	12.806249 	21.931713 	121.794907 	146.649246 	36.055511 	171.828400 	11.401754 	21.540659 	73.164200 	43.011627 	12.529964 	126.245789 	80.777473 	165.012115 	19.646883 	138.397980 	130.172958 	115.836090 	20.099751 	98.615417 	999.000000 	98.234413 	56.089214 	95.273293 	
30.066593 	90.470993 	86.833176 	29.427877 	44.271889 	88.277969 	80.504662 	87.572830 	30.083218 	63.387695 	28.231188 	34.234486 	72.993149 	65.924202 	66.287254 	59.033890 	31.064449 	57.584721 	85.070557 	76.216797 	29.410883 	72.449982 	67.416618 	85.381500 	59.236813 	8.485281 	86.034874 	76.321686 	30.463093 	59.093147 	62.241467 	90.138779 	87.315521 	76.694199 	25.079872 	55.461697 	85.796272 	34.000000 	17.464249 	79.705711 	78.790863 	46.647614 	36.891735 	20.000000 	79.158073 	1.000000 	98.234413 	999.000000 	44.407207 	3.605551 	
24.738634 	52.239830 	124.354332 	22.135944 	13.416408 	121.840057 	115.156418 	53.450912 	37.854988 	33.015148 	57.697487 	68.000000 	38.626415 	102.420700 	103.353760 	26.627054 	66.370171 	97.652443 	45.000000 	115.433968 	70.292244 	32.015621 	107.335922 	124.169243 	19.416489 	43.863426 	45.099888 	35.057095 	72.249565 	100.000000 	21.023796 	129.139465 	46.173584 	35.128338 	20.615528 	14.142136 	44.283180 	76.419891 	27.586229 	120.104118 	36.496574 	89.196411 	79.906197 	63.780876 	36.138622 	45.000000 	56.089214 	44.407207 	999.000000 	41.048752 	
28.017851 	87.863533 	90.249657 	27.073973 	41.484936 	91.443970 	83.725746 	85.287750 	29.529646 	61.131008 	30.364452 	37.054016 	70.576202 	69.231499 	69.634758 	56.568542 	34.000000 	61.098282 	82.280006 	79.711983 	32.893768 	69.570107 	70.936592 	88.865067 	56.302753 	9.848858 	83.168503 	73.389374 	34.014702 	62.649822 	59.236813 	93.637596 	84.433403 	73.736015 	22.135944 	52.392746 	82.873398 	37.589893 	14.560220 	83.258636 	75.769386 	50.249378 	40.496914 	23.600847 	76.059189 	4.472136 	95.273293 	3.605551 	41.048752 	999.000000 	

Travel time:
9.000000 	1.525820 	2.512469 	0.079057 	0.424264 	2.432720 	2.270050 	1.438967 	0.328824 	0.834416 	0.845946 	1.110180 	1.079352 	1.963734 	1.990289 	0.735272 	1.081954 	1.876832 	1.409122 	2.305022 	1.230091 	1.110462 	2.112611 	2.517191 	0.800391 	0.632456 	1.442654 	1.213724 	1.290349 	1.944865 	0.886707 	2.642087 	1.476482 	1.227294 	0.265754 	0.743303 	1.445035 	1.400892 	0.371652 	2.432720 	1.290349 	1.710263 	1.497707 	1.142366 	1.315770 	0.753741 	1.758195 	0.751665 	0.618466 	0.700446 	
1.525820 	9.000000 	3.801727 	1.528275 	1.163239 	3.614727 	3.500893 	0.276134 	1.700000 	0.716327 	2.255271 	2.510105 	0.458939 	3.278433 	3.316342 	0.790569 	2.512469 	3.287191 	0.215058 	3.658722 	2.716846 	0.509902 	3.500000 	3.842932 	0.825379 	2.158269 	0.265754 	0.459619 	2.783994 	3.369811 	0.781425 	3.965476 	0.270416 	0.469707 	1.648105 	0.952956 	0.320156 	2.895794 	1.833712 	3.810840 	0.485412 	3.188358 	2.996665 	2.665638 	0.550568 	2.267708 	0.406971 	2.261775 	1.305996 	2.196588 	
2.512469 	3.801727 	9.000000 	2.564420 	2.926175 	0.388104 	0.340037 	3.598350 	2.212041 	3.113077 	1.668270 	1.408900 	3.358943 	0.548862 	0.525595 	3.104936 	1.454519 	0.751665 	3.767376 	0.309233 	1.437228 	3.533854 	0.527376 	0.145774 	3.275382 	2.071835 	3.822467 	3.639454 	1.422146 	0.751665 	3.365449 	0.201556 	3.857784 	3.658722 	2.605403 	3.244996 	3.842932 	1.358308 	2.465385 	0.371652 	3.732626 	1.101136 	1.325943 	1.718284 	3.775745 	2.146654 	4.138991 	2.170829 	3.108858 	2.256241 	
0.079057 	1.528275 	2.564420 	9.000000 	0.395285 	2.493116 	2.327687 	1.455378 	0.400780 	0.851469 	0.896172 	1.158123 	1.089151 	2.015564 	2.040833 	0.740355 	1.125000 	1.917355 	1.402007 	2.351197 	1.258223 	1.095730 	2.155371 	2.565638 	0.776611 	0.637377 	1.431782 	1.197132 	1.315770 	1.982738 	0.860233 	2.690376 	1.465008 	1.209339 	0.195256 	0.707990 	1.431127 	1.425219 	0.328824 	2.475505 	1.269350 	1.738174 	1.520074 	1.151629 	1.290349 	0.740355 	1.744276 	0.735697 	0.553399 	0.676849 	
0.424264 	1.163239 	2.926175 	0.395285 	9.000000 	2.828979 	2.673598 	1.129436 	0.716327 	0.553399 	1.265158 	1.530523 	0.751665 	2.378287 	2.406502 	0.406971 	1.505199 	2.300543 	1.020110 	2.725459 	1.651704 	0.705780 	2.535375 	2.935345 	0.381608 	1.029563 	1.044629 	0.805062 	1.710263 	2.369071 	0.465027 	3.060331 	1.077033 	0.816241 	0.485412 	0.320156 	1.040733 	1.820028 	0.673146 	2.855368 	0.874643 	2.131901 	1.915235 	1.544345 	0.895126 	1.114955 	1.353237 	1.106797 	0.335410 	1.037123 	
2.432720 	3.614727 	0.388104 	2.493116 	2.828979 	9.000000 	0.206155 	3.394849 	2.114533 	2.950106 	1.614001 	1.377725 	3.186005 	0.583631 	0.594243 	2.960785 	1.442654 	0.910014 	3.600347 	0.602080 	1.500833 	3.390612 	0.755811 	0.529741 	3.156739 	2.075602 	3.660003 	3.494639 	1.505199 	0.950329 	3.246633 	0.579871 	3.695014 	3.515413 	2.562226 	3.141755 	3.685275 	1.467353 	2.443614 	0.728869 	3.591744 	1.273038 	1.461592 	1.804335 	3.641171 	2.182029 	3.970910 	2.206949 	3.046001 	2.286099 	
2.270050 	3.500893 	0.340037 	2.327687 	2.673598 	0.206155 	9.000000 	3.289757 	1.957358 	2.823230 	1.439618 	1.195042 	3.064413 	0.378319 	0.388104 	2.825111 	1.255488 	0.705780 	3.476348 	0.447214 	1.300000 	3.255188 	0.566789 	0.450694 	3.010399 	1.887624 	3.533854 	3.360059 	1.302162 	0.750417 	3.100504 	0.539676 	3.569051 	3.380181 	2.387991 	2.989252 	3.556859 	1.262191 	2.263018 	0.601041 	3.455521 	1.068001 	1.255488 	1.601757 	3.502232 	1.987775 	3.847808 	2.012617 	2.878911 	2.093144 	
1.438967 	0.276134 	3.598350 	1.455378 	1.129436 	3.394849 	3.289757 	9.000000 	1.565647 	0.604669 	2.102380 	2.348537 	0.378319 	3.085146 	3.125000 	0.725431 	2.359290 	3.116990 	0.427200 	3.470231 	2.581182 	0.605186 	3.321332 	3.646659 	0.854400 	2.064128 	0.498121 	0.602080 	2.651061 	3.203221 	0.838525 	3.767791 	0.515388 	0.620987 	1.600000 	0.989002 	0.553399 	2.762359 	1.776584 	3.627155 	0.665676 	3.043538 	2.864655 	2.558930 	0.742041 	2.192316 	0.682367 	2.189321 	1.336273 	2.132194 	
0.328824 	1.700000 	2.212041 	0.400780 	0.716327 	2.114533 	1.957358 	1.565647 	9.000000 	0.983933 	0.566789 	0.831038 	1.241219 	1.665270 	1.695029 	0.930054 	0.820061 	1.611094 	1.615936 	2.020211 	1.017964 	1.345362 	1.838478 	2.225562 	1.065950 	0.564026 	1.660007 	1.451293 	1.086566 	1.686898 	1.155692 	2.350532 	1.695029 	1.468205 	0.539676 	1.033501 	1.671077 	1.198176 	0.540833 	2.156965 	1.538059 	1.488497 	1.300000 	1.007782 	1.574206 	0.743303 	1.980057 	0.752080 	0.946375 	0.738241 	
0.834416 	0.716327 	3.113077 	0.851469 	0.553399 	2.950106 	2.823230 	0.604669 	0.983933 	9.000000 	1.539683 	1.796177 	0.257391 	2.581182 	2.617250 	0.160078 	1.796698 	2.575121 	0.654313 	2.956455 	2.001406 	0.467039 	2.791617 	3.146824 	0.425000 	1.461592 	0.710634 	0.561805 	2.069118 	2.656360 	0.474342 	3.270417 	0.745822 	0.585235 	1.002809 	0.535023 	0.735272 	2.180883 	1.175000 	3.104936 	0.664266 	2.472094 	2.282132 	1.961186 	0.728011 	1.587648 	1.025914 	1.584692 	0.825379 	1.528275 	
0.845946 	2.255271 	1.668270 	0.896172 	1.265158 	1.614001 	1.439618 	2.102380 	0.566789 	1.539683 	9.000000 	0.265754 	1.796698 	1.119431 	1.144825 	1.495410 	0.257391 	1.044330 	2.180023 	1.460308 	0.502494 	1.912132 	1.273283 	1.671264 	1.627882 	0.515388 	2.225562 	2.018044 	0.577170 	1.120547 	1.717010 	1.796177 	2.260669 	2.034853 	0.948683 	1.585284 	2.237465 	0.682367 	0.834416 	1.592561 	2.104311 	0.942404 	0.785016 	0.626997 	2.139071 	0.682825 	2.545707 	0.705780 	1.442437 	0.759111 	
1.110180 	2.510105 	1.408900 	1.158123 	1.530523 	1.377725 	1.195042 	2.348537 	0.831038 	1.796177 	0.265754 	9.000000 	2.052438 	0.860959 	0.883883 	1.757306 	0.090139 	0.781025 	2.440415 	1.195042 	0.357946 	2.176149 	1.007782 	1.407569 	1.893575 	0.701783 	2.487217 	2.282132 	0.427200 	0.860233 	1.982738 	1.532359 	2.522400 	2.299185 	1.198176 	1.850676 	2.500125 	0.509902 	1.068001 	1.326885 	2.369071 	0.715891 	0.604669 	0.602080 	2.404423 	0.831038 	2.807356 	0.855862 	1.700000 	0.926350 	
1.079352 	0.458939 	3.358943 	1.089151 	0.751665 	3.186005 	3.064413 	0.378319 	1.241219 	0.257391 	1.796698 	2.052438 	9.000000 	2.830415 	2.867272 	0.350892 	2.053807 	2.830636 	0.416083 	3.207900 	2.258456 	0.340037 	3.045591 	3.395770 	0.493077 	1.710263 	0.480885 	0.400780 	2.325941 	2.912473 	0.496236 	3.518966 	0.514782 	0.425735 	1.226020 	0.626498 	0.515388 	2.437724 	1.405569 	3.357920 	0.500000 	2.729469 	2.538824 	2.213594 	0.575543 	1.829105 	0.785016 	1.824829 	0.965660 	1.764405 	
1.963734 	3.278433 	0.548862 	2.015564 	2.378287 	0.583631 	0.378319 	3.085146 	1.665270 	2.581182 	1.119431 	0.860959 	2.830415 	9.000000 	0.050000 	2.566247 	0.910014 	0.355317 	3.235062 	0.391312 	0.926350 	2.993848 	0.328824 	0.565685 	2.730041 	1.535008 	3.288237 	3.099698 	0.925338 	0.425735 	2.820018 	0.689656 	3.323590 	3.118493 	2.058671 	2.697453 	3.306906 	0.883883 	1.922401 	0.561805 	3.191591 	0.704450 	0.879275 	1.225255 	3.233033 	1.623461 	3.606245 	1.648105 	2.560518 	1.730788 	
1.990289 	3.316342 	0.525595 	2.040833 	2.406502 	0.594243 	0.388104 	3.125000 	1.695029 	2.617250 	1.144825 	0.883883 	2.867272 	0.050000 	9.000000 	2.600120 	0.929045 	0.325960 	3.270799 	0.347311 	0.930390 	3.027066 	0.279509 	0.531507 	2.760548 	1.549597 	3.323402 	3.132990 	0.925338 	0.388909 	2.850439 	0.656220 	3.358757 	3.151587 	2.079814 	2.726032 	3.341501 	0.878208 	1.940522 	0.515388 	3.224322 	0.682825 	0.867828 	1.225255 	3.264966 	1.632674 	3.641772 	1.657181 	2.583844 	1.740869 	
0.735272 	0.790569 	3.104936 	0.740355 	0.406971 	2.960785 	2.825111 	0.725431 	0.930054 	0.160078 	1.495410 	1.757306 	0.350892 	2.566247 	2.600120 	9.000000 	1.750000 	2.538331 	0.686477 	2.934493 	1.938105 	0.430116 	2.761340 	3.131393 	0.285044 	1.367708 	0.730154 	0.535023 	2.003278 	2.615937 	0.350892 	3.255764 	0.765261 	0.555090 	0.875357 	0.381608 	0.743303 	2.114976 	1.054751 	3.077743 	0.630971 	2.414151 	2.214723 	1.875667 	0.682367 	1.480709 	1.050297 	1.475847 	0.665676 	1.414214 	
1.081954 	2.512469 	1.454519 	1.125000 	1.505199 	1.442654 	1.255488 	2.359290 	0.820061 	1.796698 	0.257391 	0.090139 	2.053807 	0.910014 	0.929045 	1.750000 	9.000000 	0.795692 	2.435416 	1.227294 	0.285044 	2.163908 	1.030776 	1.445035 	1.873833 	0.632949 	2.480045 	2.269637 	0.357946 	0.867828 	1.962301 	1.569236 	2.515079 	2.285963 	1.151629 	1.825000 	2.490984 	0.450694 	1.012423 	1.350926 	2.354384 	0.687841 	0.550000 	0.512957 	2.387075 	0.751665 	2.800112 	0.776611 	1.659254 	0.850000 	
1.876832 	3.287191 	0.751665 	1.917355 	2.300543 	0.910014 	0.705780 	3.116990 	1.611094 	2.575121 	1.044330 	0.781025 	2.830636 	0.355317 	0.325960 	2.538331 	0.795692 	9.000000 	3.221122 	0.467039 	0.705780 	2.956455 	0.246221 	0.697316 	2.669387 	1.364734 	3.268218 	3.062372 	0.680074 	0.100000 	2.757943 	0.814325 	3.303407 	3.079164 	1.927596 	2.620115 	3.281101 	0.608276 	1.770770 	0.561805 	3.148412 	0.364006 	0.575000 	0.970824 	3.182177 	1.416201 	3.588349 	1.439618 	2.441311 	1.527457 	
1.409122 	0.215058 	3.767376 	1.402007 	1.020110 	3.600347 	3.476348 	0.427200 	1.615936 	0.654313 	2.180023 	2.440415 	0.416083 	3.235062 	3.270799 	0.686477 	2.435416 	3.221122 	9.000000 	3.609016 	2.623928 	0.325960 	3.441112 	3.800740 	0.657647 	2.038535 	0.075000 	0.254951 	2.688517 	3.300095 	0.600521 	3.924443 	0.103078 	0.261008 	1.504161 	0.776611 	0.127475 	2.800112 	1.693000 	3.755829 	0.270416 	3.100504 	2.899354 	2.551103 	0.336341 	2.134537 	0.371652 	2.126764 	1.125000 	2.057000 	
2.305022 	3.658722 	0.309233 	2.351197 	2.725459 	0.602080 	0.447214 	3.470231 	2.020211 	2.956455 	1.460308 	1.195042 	3.207900 	0.391312 	0.347311 	2.934493 	1.227294 	0.467039 	3.609016 	9.000000 	1.170470 	3.359501 	0.226385 	0.230489 	3.085855 	1.822944 	3.660345 	3.465544 	1.147007 	0.450694 	3.175394 	0.348210 	3.695690 	3.483622 	2.375395 	3.045591 	3.677125 	1.073837 	2.225140 	0.176777 	3.555366 	0.800391 	1.032594 	1.437228 	3.593832 	1.881821 	3.979400 	1.905420 	2.885849 	1.992800 	
1.230091 	2.716846 	1.437228 	1.258223 	1.651704 	1.500833 	1.300000 	2.581182 	1.017964 	2.001406 	0.502494 	0.357946 	2.258456 	0.926350 	0.930390 	1.938105 	0.285044 	0.705780 	2.623928 	1.170470 	9.000000 	2.336932 	0.951972 	1.399330 	2.030394 	0.665676 	2.663292 	2.441311 	0.075000 	0.750417 	2.116158 	1.518634 	2.697800 	2.455733 	1.241974 	1.966119 	2.669504 	0.182003 	1.075291 	1.263428 	2.520045 	0.480234 	0.285044 	0.309233 	2.545707 	0.711512 	2.981715 	0.735272 	1.757306 	0.822344 	
1.110462 	0.509902 	3.533854 	1.095730 	0.705780 	3.390612 	3.255188 	0.605186 	1.345362 	0.467039 	1.912132 	2.176149 	0.340037 	2.993848 	3.027066 	0.430116 	2.163908 	2.956455 	0.325960 	3.359501 	2.336932 	9.000000 	3.182766 	3.558528 	0.333542 	1.732953 	0.340037 	0.106066 	2.399088 	3.031604 	0.275000 	3.683069 	0.371652 	0.125000 	1.185854 	0.450694 	0.335410 	2.510105 	1.375682 	3.500357 	0.201556 	2.816137 	2.607681 	2.247360 	0.261008 	1.820028 	0.648556 	1.811249 	0.800391 	1.739253 	
2.112611 	3.500000 	0.527376 	2.155371 	2.535375 	0.755811 	0.566789 	3.321332 	1.838478 	2.791617 	1.273283 	1.007782 	3.045591 	0.328824 	0.279509 	2.761340 	1.030776 	0.246221 	3.441112 	0.226385 	0.951972 	3.182766 	9.000000 	0.456207 	2.901078 	1.610318 	3.490075 	3.288807 	0.925000 	0.225000 	2.990088 	0.570088 	3.525355 	3.306150 	2.170541 	2.855368 	3.504640 	0.848896 	2.015564 	0.320156 	3.376481 	0.575000 	0.806226 	1.212693 	3.412202 	1.662077 	3.809938 	1.685416 	2.683398 	1.773415 	
