Total assets = 740
Number of asset nodes = 40

Distance:
999.000000 	34.669872 	17.464249 	11.401754 	4.242640 	43.266617 	42.941822 	124.851913 	41.231056 	34.481880 	42.154476 	44.777225 	18.027756 	41.231056 	38.418747 	80.448738 	33.000000 	26.925823 	25.019993 	90.801979 	53.460266 	30.463093 	42.755116 	45.354160 	48.662102 	48.836460 	47.296936 	44.598206 	48.507732 	47.801674 	45.310043 	40.360870 	48.703182 	58.215118 	49.040798 	44.204071 	65.007690 	58.051701 	59.033890 	66.272163 	64.629715 	65.490456 	68.183578 	73.006851 	52.697250 	66.098412 	68.883957 	70.576202 	70.710678 	73.552704 	68.007355 	66.708321 	75.960518 	
34.669872 	999.000000 	17.691807 	24.083189 	34.058773 	8.602325 	9.055386 	93.477272 	9.486833 	9.848858 	10.440307 	12.041595 	27.730848 	14.212670 	72.180328 	45.803928 	19.416489 	26.172504 	53.254108 	56.222771 	26.832815 	49.979996 	29.966648 	33.541019 	33.015148 	33.837849 	34.481880 	36.400551 	35.846897 	36.235340 	38.275318 	46.010868 	38.910152 	37.643059 	39.812057 	46.389652 	40.249222 	41.036568 	41.725292 	44.654228 	44.821869 	45.000000 	45.793011 	47.539455 	50.289165 	47.507893 	49.203659 	49.648766 	50.219517 	52.153618 	54.671749 	56.035702 	62.289646 	
17.464249 	17.691807 	999.000000 	6.403124 	16.401220 	26.248810 	25.553865 	110.276924 	23.769728 	17.262676 	24.698177 	27.313000 	13.038404 	24.186773 	54.488529 	63.411354 	18.384777 	17.204651 	36.235340 	73.878281 	37.000000 	35.227829 	30.016663 	33.286633 	35.341194 	35.777088 	34.985710 	34.058773 	36.359318 	36.055511 	35.383614 	36.769554 	37.802116 	43.680660 	38.418747 	38.948685 	49.365982 	44.777225 	45.694637 	51.662365 	50.596443 	51.244511 	53.366657 	57.314919 	45.607018 	52.554733 	55.027267 	56.320511 	56.612720 	59.203041 	56.603886 	56.400356 	64.660652 	
11.401754 	24.083189 	6.403124 	999.000000 	10.000000 	32.649654 	31.906113 	116.284134 	29.966648 	23.086792 	30.870699 	33.541019 	10.816654 	29.832869 	48.104053 	69.814041 	22.203604 	18.027756 	30.463093 	80.280754 	42.190044 	31.016125 	32.893768 	35.846897 	38.600517 	38.897301 	37.696156 	35.846897 	39.000000 	38.483765 	36.891735 	35.510563 	39.824615 	47.675991 	40.311287 	38.418747 	54.037025 	48.083260 	49.040798 	55.731499 	54.341511 	55.108982 	57.558666 	62.032249 	45.967381 	56.044624 	58.694122 	60.207973 	60.415230 	63.150612 	59.033890 	58.309521 	67.082039 	
4.242640 	34.058773 	16.401220 	10.000000 	999.000000 	42.638012 	41.880783 	125.642349 	39.824615 	32.695564 	40.706264 	43.416588 	14.317822 	39.217342 	38.183765 	79.812279 	30.149628 	23.345236 	22.360680 	90.271812 	50.990196 	26.570660 	39.319206 	41.773197 	45.276924 	45.398239 	43.737854 	40.804413 	44.911022 	44.147480 	41.436699 	36.124783 	44.922153 	55.036350 	45.221676 	40.000000 	62.128899 	54.589375 	55.578773 	63.071388 	61.294373 	62.201286 	65.030762 	70.114189 	48.548943 	62.649822 	65.490456 	67.268120 	67.364677 	70.256676 	64.195015 	62.769421 	72.111023 	
43.266617 	8.602325 	26.248810 	32.649654 	42.638012 	999.000000 	4.472136 	85.906929 	8.246211 	14.317822 	8.544003 	7.810250 	35.510563 	14.560220 	80.721741 	37.202152 	24.186773 	32.572994 	61.400326 	47.634022 	24.041630 	57.271286 	32.557640 	35.902645 	34.176014 	35.114101 	36.400551 	39.458839 	37.643059 	38.327538 	41.436699 	51.351727 	41.231056 	36.400551 	42.201897 	51.009804 	37.013512 	40.816662 	41.340054 	42.426407 	43.278172 	43.185646 	43.185646 	43.566040 	53.600372 	46.227695 	47.423622 	47.381432 	48.083260 	49.578220 	54.708317 	56.797886 	61.854668 	
42.941822 	9.055386 	25.553865 	31.906113 	41.880783 	4.472136 	999.000000 	88.769363 	4.000000 	11.180340 	4.123106 	3.605551 	33.421551 	10.198039 	79.649231 	38.209946 	20.615528 	29.546574 	59.548298 	48.795490 	19.849434 	54.589375 	28.284271 	31.575306 	29.732138 	30.675724 	32.015621 	35.227829 	33.241539 	33.955853 	37.215588 	47.675991 	36.878178 	32.015621 	37.854988 	47.095646 	33.015148 	36.359318 	36.891735 	38.209946 	38.948685 	38.897301 	39.051247 	39.824615 	49.365982 	41.868843 	43.139309 	43.185646 	43.863426 	45.453274 	50.249378 	52.325901 	57.428215 	
124.851913 	93.477272 	110.276924 	116.284134 	125.642349 	85.906929 	88.769363 	999.000000 	92.477028 	99.924973 	92.114059 	89.537704 	121.198181 	97.406364 	163.217651 	56.320511 	109.201645 	118.308914 	146.485489 	48.010414 	96.881371 	143.178207 	114.017540 	116.417351 	112.587746 	113.564957 	115.952576 	120.784935 	116.709038 	117.902504 	122.723267 	135.665024 	120.830460 	107.912003 	121.807228 	134.201340 	101.242287 	113.991226 	113.863953 	108.166542 	111.287918 	110.222504 	107.074738 	101.004951 	133.958954 	114.214706 	113.070778 	111.018013 	112.017853 	111.004501 	125.255737 	129.468140 	129.003876 	
41.231056 	9.486833 	23.769728 	29.966648 	39.824615 	8.246211 	4.000000 	92.477028 	999.000000 	7.810250 	1.000000 	3.605551 	30.413813 	6.324555 	77.201035 	41.036568 	16.763054 	25.942244 	56.586216 	51.662365 	17.492855 	51.107731 	24.331051 	27.658634 	26.000000 	26.925823 	28.160255 	31.257000 	29.410883 	30.083218 	33.241539 	43.737854 	32.984844 	29.000000 	33.955853 	43.104523 	30.886890 	33.015148 	33.600594 	35.608986 	36.069378 	36.124783 	36.619667 	38.078865 	45.398239 	38.897301 	40.360870 	40.607880 	41.231056 	43.011627 	46.872166 	48.764740 	54.203320 	
34.481880 	9.848858 	17.262676 	23.086792 	32.695564 	14.317822 	11.180340 	99.924973 	7.810250 	999.000000 	8.485281 	11.313708 	22.627417 	7.000000 	69.634758 	48.836460 	10.000000 	18.384777 	48.795490 	59.464275 	20.223749 	43.416588 	20.124611 	23.706539 	23.430750 	24.207438 	24.698177 	26.570660 	26.076809 	26.419689 	28.460499 	37.121422 	29.068884 	29.154760 	29.966648 	37.054016 	33.241539 	31.890438 	32.649654 	36.674240 	36.359318 	36.715118 	38.078865 	41.000000 	40.521599 	38.832977 	40.816662 	41.593269 	42.059483 	44.283180 	45.276924 	46.400433 	53.037724 	
42.154476 	10.440307 	24.698177 	30.870699 	40.706264 	8.544003 	4.123106 	92.114059 	1.000000 	8.485281 	999.000000 	2.828427 	31.112698 	6.082763 	78.006409 	40.360870 	17.088007 	26.419689 	57.280014 	50.990196 	16.643316 	51.623638 	24.186773 	27.459061 	25.632011 	26.570660 	27.892651 	31.144823 	29.120440 	29.832869 	33.136082 	43.931767 	32.756680 	28.319605 	33.734257 	43.185646 	30.016663 	32.449963 	33.015148 	34.828148 	35.355339 	35.383614 	35.805027 	37.161808 	45.276924 	38.209946 	39.623226 	39.824615 	40.459858 	42.201897 	46.324940 	48.301140 	53.600372 	
44.777225 	12.041595 	27.313000 	33.541019 	43.416588 	7.810250 	3.605551 	89.537704 	3.605551 	11.313708 	2.828427 	999.000000 	33.941124 	8.062258 	80.802231 	37.536648 	19.697716 	29.154760 	60.108234 	48.166378 	16.278820 	54.378304 	26.019224 	29.154760 	26.925823 	27.892651 	29.427877 	33.015148 	30.594116 	31.400637 	35.014282 	46.324940 	34.365681 	28.600698 	35.355339 	45.398239 	29.410883 	33.120991 	33.615471 	34.655445 	35.468296 	35.383614 	35.468296 	36.235340 	47.095646 	38.418747 	39.623226 	39.623226 	40.311287 	41.868843 	47.010635 	49.244289 	54.083271 	
18.027756 	27.730848 	13.038404 	10.816654 	14.317822 	35.510563 	33.421551 	121.198181 	30.413813 	22.627417 	31.112698 	33.941124 	999.000000 	28.017851 	47.507893 	71.449280 	17.088007 	9.055386 	26.172504 	82.073135 	38.275318 	22.561028 	25.079872 	27.459061 	31.064449 	31.144823 	29.427877 	26.570660 	30.594116 	29.832869 	27.313000 	24.698177 	30.675724 	41.012192 	31.016125 	27.658634 	48.507732 	40.311287 	41.303753 	49.000000 	47.095646 	48.041649 	51.009804 	56.435802 	35.468296 	48.373547 	51.244511 	53.084839 	53.150730 	56.080299 	49.979996 	48.754486 	57.939625 	
41.231056 	14.212670 	24.186773 	29.832869 	39.217342 	14.560220 	10.198039 	97.406364 	6.324555 	7.000000 	6.082763 	8.062258 	28.017851 	999.000000 	75.471848 	44.407207 	12.206555 	22.022715 	53.907330 	55.000000 	13.341664 	47.201694 	18.110771 	21.377558 	19.697716 	20.615528 	21.840330 	25.079872 	23.086792 	23.769728 	27.073973 	38.327538 	26.683329 	23.430750 	27.658634 	37.336308 	26.570660 	27.018513 	27.658634 	30.528675 	30.610456 	30.805843 	31.764761 	34.205261 	39.204590 	33.301651 	35.000000 	35.510563 	36.055511 	38.078865 	40.804413 	42.544094 	48.270073 	
38.418747 	72.180328 	54.488529 	48.104053 	38.183765 	80.721741 	79.649231 	163.217651 	77.201035 	69.634758 	78.006409 	80.802231 	47.507893 	75.471848 	999.000000 	117.796432 	64.412735 	55.036350 	23.537205 	128.316010 	85.428329 	36.055511 	69.570107 	70.604530 	75.286118 	75.000000 	72.532753 	67.683083 	73.246162 	72.034714 	67.268120 	54.083271 	71.386276 	85.726311 	71.196907 	59.076221 	94.244362 	83.198555 	84.172440 	93.145050 	90.470993 	91.678787 	95.336250 	101.833199 	68.007355 	90.801979 	93.941475 	96.317184 	96.104111 	99.247169 	88.277969 	85.052925 	95.047356 	
80.448738 	45.803928 	63.411354 	69.814041 	79.812279 	37.202152 	38.209946 	56.320511 	41.036568 	48.836460 	40.360870 	37.536648 	71.449280 	44.407207 	117.796432 	999.000000 	56.612720 	66.400299 	97.621719 	10.630146 	41.109608 	91.607857 	59.093147 	61.098282 	56.920998 	57.870544 	60.406952 	65.551506 	61.032780 	62.297672 	67.416618 	81.394104 	65.145988 	51.623638 	66.098412 	79.309517 	45.011108 	57.706154 	57.558666 	52.000000 	55.036350 	54.009258 	51.039200 	45.541191 	78.160095 	58.008621 	57.035076 	55.145264 	56.142673 	55.443665 	69.028976 	73.171036 	73.171036 	
33.000000 	19.416489 	18.384777 	22.203604 	30.149628 	24.186773 	20.615528 	109.201645 	16.763054 	10.000000 	17.088007 	19.697716 	17.088007 	12.206555 	64.412735 	56.612720 	999.000000 	9.899495 	42.201897 	67.201187 	21.189621 	35.000000 	12.041595 	15.556349 	17.000000 	17.492855 	17.029387 	17.492855 	18.439089 	18.384777 	19.235384 	27.166155 	20.615528 	25.495098 	21.400934 	27.073973 	32.015621 	26.400757 	27.313000 	33.541019 	32.280025 	32.984844 	35.355339 	40.012497 	31.016125 	34.176014 	36.687874 	38.078865 	38.327538 	41.000000 	38.600517 	38.897301 	46.615448 	
26.925823 	26.172504 	17.204651 	18.027756 	23.345236 	32.572994 	29.546574 	118.308914 	25.942244 	18.384777 	26.419689 	29.154760 	9.055386 	22.022715 	55.036350 	66.400299 	9.899495 	999.000000 	32.449963 	77.006493 	30.413813 	25.238859 	16.031219 	18.439089 	22.022715 	22.090721 	20.396078 	17.888544 	21.587032 	20.880613 	18.867962 	20.396078 	21.931713 	32.062439 	22.360680 	21.931713 	39.812057 	31.257000 	32.249031 	40.012497 	38.052597 	39.012817 	42.047592 	47.675991 	28.425341 	39.319206 	42.190044 	44.045429 	44.102154 	47.042534 	41.231056 	40.311287 	49.244289 	
25.019993 	53.254108 	36.235340 	30.463093 	22.360680 	61.400326 	59.548298 	146.485489 	56.586216 	48.795490 	57.280014 	60.108234 	26.172504 	53.907330 	23.537205 	97.621719 	42.201897 	32.449963 	999.000000 	108.245094 	62.769421 	13.341664 	46.238514 	47.127487 	51.865211 	51.546097 	49.040798 	44.147480 	49.729267 	48.507732 	43.737854 	31.064449 	47.853943 	62.297672 	47.675991 	36.055511 	70.936592 	59.665737 	60.638271 	69.641945 	66.940269 	68.154236 	71.840103 	78.434685 	45.177429 	67.268120 	70.405968 	72.780495 	72.567207 	75.709976 	65.030762 	62.032249 	72.027771 	
90.801979 	56.222771 	73.878281 	80.280754 	90.271812 	47.634022 	48.795490 	48.010414 	51.662365 	59.464275 	50.990196 	48.166378 	82.073135 	55.000000 	128.316010 	10.630146 	67.201187 	77.006493 	108.245094 	999.000000 	51.078373 	102.200783 	69.318108 	71.175842 	66.850578 	67.779053 	70.384659 	75.643906 	70.936592 	72.235725 	77.472572 	91.706055 	75.026665 	60.876926 	75.960518 	89.470665 	53.600372 	66.940269 	66.708321 	60.406952 	63.639610 	62.514000 	59.211487 	53.000000 	87.920418 	66.483078 	65.192024 	63.071388 	64.070274 	63.000000 	77.524193 	81.884064 	81.024689 	
53.460266 	26.832815 	37.000000 	42.190044 	50.990196 	24.041630 	19.849434 	96.881371 	17.492855 	20.223749 	16.643316 	16.278820 	38.275318 	13.341664 	85.428329 	41.109608 	21.189621 	30.413813 	62.769421 	51.078373 	999.000000 	53.907330 	18.601076 	20.124611 	15.811388 	16.763054 	19.313208 	24.596748 	19.924858 	21.189621 	26.400757 	41.048752 	24.041630 	13.000000 	25.000000 	38.470768 	13.416408 	18.439089 	18.681541 	18.384777 	19.416489 	19.209373 	19.209373 	20.880613 	37.107952 	22.472204 	23.430750 	23.345236 	24.041630 	25.612497 	31.953091 	34.928497 	38.470768 	
30.463093 	49.979996 	35.227829 	31.016125 	26.570660 	57.271286 	54.589375 	143.178207 	51.107731 	43.416588 	51.623638 	54.378304 	22.561028 	47.201694 	36.055511 	91.607857 	35.000000 	25.238859 	13.341664 	102.200783 	53.907330 	999.000000 	36.055511 	36.235340 	41.182522 	40.706264 	38.013157 	32.695564 	38.483765 	37.161808 	31.953091 	18.027756 	36.055511 	51.429562 	35.735138 	23.021729 	60.415230 	48.104053 	49.040798 	58.309521 	55.362442 	56.648037 	60.539242 	67.542580 	32.015621 	55.362442 	58.523499 	61.032780 	60.728905 	63.890530 	52.239830 	49.010204 	59.008472 	
42.755116 	29.966648 	30.016663 	32.893768 	39.319206 	32.557640 	28.284271 	114.017540 	24.331051 	20.124611 	24.186773 	26.019224 	25.079872 	18.110771 	69.570107 	59.093147 	12.041595 	16.031219 	46.238514 	69.318108 	18.601076 	36.055511 	999.000000 	3.605551 	6.000000 	6.082763 	5.000000 	7.000000 	6.403124 	6.403124 	9.000000 	22.472204 	8.944272 	16.278820 	9.848858 	20.248457 	24.698177 	15.297058 	16.278820 	24.083189 	22.022715 	23.000000 	26.172504 	32.280025 	21.095022 	23.345236 	26.172504 	28.017851 	28.071337 	31.016125 	26.627054 	26.870058 	34.669872 	
45.354160 	33.541019 	33.286633 	35.846897 	41.773197 	35.902645 	31.575306 	116.417351 	27.658634 	23.706539 	27.459061 	29.154760 	27.459061 	21.377558 	70.604530 	61.098282 	15.556349 	18.439089 	47.127487 	71.175842 	20.124611 	36.235340 	3.605551 	999.000000 	5.000000 	4.472136 	2.000000 	4.472136 	3.162278 	2.828427 	6.324555 	21.260292 	5.385165 	15.231546 	6.324555 	18.357559 	24.186773 	13.000000 	14.000000 	22.561028 	20.099751 	21.213203 	24.738634 	31.384710 	18.000000 	21.023796 	24.000000 	26.076809 	26.019224 	29.068884 	23.323807 	23.345236 	31.384710 	
48.662102 	33.015148 	35.341194 	38.600517 	45.276924 	34.176014 	29.732138 	112.587746 	26.000000 	23.430750 	25.632011 	26.925823 	31.064449 	19.697716 	75.286118 	56.920998 	17.000000 	22.022715 	51.865211 	66.850578 	15.811388 	41.182522 	6.000000 	5.000000 	999.000000 	1.000000 	3.605551 	9.219544 	4.123106 	5.385165 	10.816654 	26.172504 	8.246211 	10.440307 	9.219544 	23.021729 	19.235384 	9.486833 	10.440307 	18.110771 	16.031219 	17.000000 	20.223749 	26.570660 	21.377558 	17.464249 	20.223749 	22.022715 	22.090721 	25.019993 	21.931713 	23.021729 	29.832869 	
48.836460 	33.837849 	35.777088 	38.897301 	45.398239 	35.114101 	30.675724 	113.564957 	26.925823 	24.207438 	26.570660 	27.892651 	31.144823 	20.615528 	75.000000 	57.870544 	17.492855 	22.090721 	51.546097 	67.779053 	16.763054 	40.706264 	6.082763 	4.472136 	1.000000 	999.000000 	2.828427 	8.485281 	3.162278 	4.472136 	10.000000 	25.455845 	7.280110 	10.770329 	8.246211 	22.203604 	19.723083 	9.219544 	10.198039 	18.248287 	16.000000 	17.029387 	20.396078 	26.925823 	20.396078 	17.262676 	20.099751 	22.000000 	22.022715 	25.000000 	21.260292 	22.203604 	29.206163 	
47.296936 	34.481880 	34.985710 	37.696156 	43.737854 	36.400551 	32.015621 	115.952576 	28.160255 	24.698177 	27.892651 	29.427877 	29.427877 	21.840330 	72.532753 	60.406952 	17.029387 	20.396078 	49.040798 	70.384659 	19.313208 	38.013157 	5.000000 	2.000000 	3.605551 	2.828427 	999.000000 	5.656854 	1.414214 	2.000000 	7.211102 	22.627417 	5.000000 	13.416408 	6.000000 	19.416489 	22.472204 	11.000000 	12.000000 	20.615528 	18.110771 	19.235384 	22.803509 	29.546574 	18.110771 	19.026299 	22.000000 	24.083189 	24.020824 	27.073973 	21.633308 	21.931713 	29.681644 	
44.598206 	36.400551 	34.058773 	35.846897 	40.804413 	39.458839 	35.227829 	120.784935 	31.257000 	26.570660 	31.144823 	33.015148 	26.570660 	25.079872 	67.683083 	65.551506 	17.492855 	17.888544 	44.147480 	75.643906 	24.596748 	32.695564 	7.000000 	4.472136 	9.219544 	8.485281 	5.656854 	999.000000 	5.830952 	4.472136 	2.000000 	16.970562 	4.123106 	18.867962 	4.472136 	13.892444 	28.017851 	15.524175 	16.492422 	25.632011 	22.803509 	24.041630 	27.856777 	34.885529 	14.142136 	23.194826 	26.305893 	28.635643 	28.442924 	31.575306 	23.409399 	22.472204 	31.384710 	
48.507732 	35.846897 	36.359318 	39.000000 	44.911022 	37.643059 	33.241539 	116.709038 	29.410883 	26.076809 	29.120440 	30.594116 	30.594116 	23.086792 	73.246162 	61.032780 	18.439089 	21.587032 	49.729267 	70.936592 	19.924858 	38.483765 	6.403124 	3.162278 	4.123106 	3.162278 	1.414214 	5.830952 	999.000000 	1.414214 	7.071068 	22.671568 	4.123106 	13.038404 	5.099020 	19.209373 	22.203604 	10.049875 	11.045361 	19.924858 	17.262676 	18.439089 	22.135944 	29.068884 	17.262676 	18.000000 	21.023796 	23.194826 	23.086792 	26.172504 	20.248457 	20.518284 	28.301943 	
47.801674 	36.235340 	36.055511 	38.483765 	44.147480 	38.327538 	33.955853 	117.902504 	30.083218 	26.419689 	29.832869 	31.400637 	29.832869 	23.769728 	72.034714 	62.297672 	18.384777 	20.880613 	48.507732 	72.235725 	21.189621 	37.161808 	6.403124 	2.828427 	5.385165 	4.472136 	2.000000 	4.472136 	1.414214 	999.000000 	5.656854 	21.260292 	3.000000 	14.422205 	4.000000 	17.804493 	23.600847 	11.180340 	12.165525 	21.189621 	18.439089 	19.646883 	23.409399 	30.413813 	16.124516 	19.026299 	22.090721 	24.331051 	24.186773 	27.294687 	20.591261 	20.518284 	28.653097 	
45.310043 	38.275318 	35.383614 	36.891735 	41.436699 	41.436699 	37.215588 	122.723267 	33.241539 	28.460499 	33.136082 	35.014282 	27.313000 	27.073973 	67.268120 	67.416618 	19.235384 	18.867962 	43.737854 	77.472572 	26.400757 	31.953091 	9.000000 	6.324555 	10.816654 	10.000000 	7.211102 	2.000000 	7.071068 	5.656854 	999.000000 	15.620500 	4.123106 	20.000000 	4.000000 	12.206555 	29.206163 	16.155495 	17.088007 	26.400757 	23.409399 	24.698177 	28.635643 	35.846897 	12.165525 	23.537205 	26.683329 	29.120440 	28.861740 	32.015621 	22.803509 	21.470911 	30.675724 	
40.360870 	46.010868 	36.769554 	35.510563 	36.124783 	51.351727 	47.675991 	135.665024 	43.737854 	37.121422 	43.931767 	46.324940 	24.698177 	38.327538 	54.083271 	81.394104 	27.166155 	20.396078 	31.064449 	91.706055 	41.048752 	18.027756 	22.472204 	21.260292 	26.172504 	25.455845 	22.627417 	16.970562 	22.671568 	21.260292 	15.620500 	999.000000 	19.416489 	35.608986 	18.867962 	5.000000 	44.821869 	31.384710 	32.249031 	41.677334 	38.470768 	39.824615 	43.908997 	51.312767 	14.142136 	38.078865 	41.231056 	43.863426 	43.462627 	46.615448 	34.234486 	31.000000 	41.000000 	
48.703182 	38.910152 	37.802116 	39.824615 	44.922153 	41.231056 	36.878178 	120.830460 	32.984844 	29.068884 	32.756680 	34.365681 	30.675724 	26.683329 	71.386276 	65.145988 	20.615528 	21.931713 	47.853943 	75.026665 	24.041630 	36.055511 	8.944272 	5.385165 	8.246211 	7.280110 	5.000000 	4.123106 	4.123106 	3.000000 	4.123106 	19.416489 	999.000000 	16.278820 	1.000000 	15.556349 	25.495098 	12.083046 	13.000000 	22.360680 	19.313208 	20.615528 	24.596748 	31.906113 	13.152946 	19.416489 	22.561028 	25.000000 	24.738634 	27.892651 	19.313208 	18.601076 	27.313000 	
58.215118 	37.643059 	43.680660 	47.675991 	55.036350 	36.400551 	32.015621 	107.912003 	29.000000 	29.154760 	28.319605 	28.600698 	41.012192 	23.430750 	85.726311 	51.623638 	25.495098 	32.062439 	62.297672 	60.876926 	13.000000 	51.429562 	16.278820 	15.231546 	10.440307 	10.770329 	13.416408 	18.867962 	13.038404 	14.422205 	20.000000 	35.608986 	16.278820 	999.000000 	16.970562 	31.827662 	9.219544 	6.082763 	6.000000 	8.062258 	7.211102 	7.615773 	10.000000 	16.155495 	27.784887 	9.899495 	11.661903 	12.649111 	13.000000 	15.524175 	18.973665 	22.203604 	25.553865 	
49.040798 	39.812057 	38.418747 	40.311287 	45.221676 	42.201897 	37.854988 	121.807228 	33.955853 	29.966648 	33.734257 	35.355339 	31.016125 	27.658634 	71.196907 	66.098412 	21.400934 	22.360680 	47.675991 	75.960518 	25.000000 	35.735138 	9.848858 	6.324555 	9.219544 	8.246211 	6.000000 	4.472136 	5.099020 	4.000000 	4.000000 	18.867962 	1.000000 	16.970562 	999.000000 	14.866069 	26.172504 	12.529964 	13.416408 	22.825424 	19.697716 	21.023796 	25.059929 	32.449963 	12.165525 	19.646883 	22.803509 	25.298222 	25.000000 	28.160255 	18.973665 	18.027756 	26.925823 	
44.204071 	46.389652 	38.948685 	38.418747 	40.000000 	51.009804 	47.095646 	134.201340 	43.104523 	37.054016 	43.185646 	45.398239 	27.658634 	37.336308 	59.076221 	79.309517 	27.073973 	21.931713 	36.055511 	89.470665 	38.470768 	23.021729 	20.248457 	18.357559 	23.021729 	22.203604 	19.416489 	13.892444 	19.209373 	17.804493 	12.206555 	5.000000 	15.556349 	31.827662 	14.866069 	999.000000 	41.036568 	27.202942 	28.017851 	37.443291 	34.132095 	35.510563 	39.661064 	47.201694 	9.219544 	33.541019 	36.674240 	39.357338 	38.910152 	42.047592 	29.274563 	26.000000 	36.000000 	
65.007690 	40.249222 	49.365982 	54.037025 	62.128899 	37.013512 	33.015148 	101.242287 	30.886890 	33.241539 	30.016663 	29.410883 	48.507732 	26.570660 	94.244362 	45.011108 	32.015621 	39.812057 	70.936592 	53.600372 	13.416408 	60.415230 	24.698177 	24.186773 	19.235384 	19.723083 	22.472204 	28.017851 	22.203604 	23.600847 	29.206163 	44.821869 	25.495098 	9.219544 	26.172504 	41.036568 	999.000000 	14.422205 	13.892444 	7.071068 	10.049875 	9.000000 	6.708204 	8.000000 	36.619667 	13.000000 	12.369317 	11.180340 	12.083046 	12.806249 	24.020824 	28.284271 	28.635643 	
58.051701 	41.036568 	44.777225 	48.083260 	54.589375 	40.816662 	36.359318 	113.991226 	33.015148 	31.890438 	32.449963 	33.120991 	40.311287 	27.018513 	83.198555 	57.706154 	26.400757 	31.257000 	59.665737 	66.940269 	18.439089 	48.104053 	15.297058 	13.000000 	9.486833 	9.219544 	11.000000 	15.524175 	10.049875 	11.180340 	16.155495 	31.384710 	12.083046 	6.082763 	12.529964 	27.202942 	14.422205 	999.000000 	1.000000 	10.295630 	7.280110 	8.544003 	12.529964 	20.000000 	22.203604 	8.062258 	11.000000 	13.152946 	13.038404 	16.124516 	13.892444 	16.492422 	21.260292 	
59.033890 	41.725292 	45.694637 	49.040798 	55.578773 	41.340054 	36.891735 	113.863953 	33.600594 	32.649654 	33.015148 	33.615471 	41.303753 	27.658634 	84.172440 	57.558666 	27.313000 	32.249031 	60.638271 	66.708321 	18.681541 	49.040798 	16.278820 	14.000000 	10.440307 	10.198039 	12.000000 	16.492422 	11.045361 	12.165525 	17.088007 	32.249031 	13.000000 	6.000000 	13.416408 	28.017851 	13.892444 	1.000000 	999.000000 	9.433981 	6.324555 	7.615773 	11.661903 	19.209373 	22.803509 	7.071068 	10.000000 	12.165525 	12.041595 	15.132746 	13.416408 	16.278820 	20.615528 	
66.272163 	44.654228 	51.662365 	55.731499 	63.071388 	42.426407 	38.209946 	108.166542 	35.608986 	36.674240 	34.828148 	34.655445 	49.000000 	30.528675 	93.145050 	52.000000 	33.541019 	40.012497 	69.641945 	60.406952 	18.384777 	58.309521 	24.083189 	22.561028 	18.110771 	18.248287 	20.615528 	25.632011 	19.924858 	21.189621 	26.400757 	41.677334 	22.360680 	8.062258 	22.825424 	37.443291 	7.071068 	10.295630 	9.433981 	999.000000 	3.605551 	2.236068 	2.236068 	9.899495 	31.827662 	6.082763 	5.385165 	5.000000 	5.656854 	7.615773 	17.117243 	21.587032 	21.587032 	
64.629715 	44.821869 	50.596443 	54.341511 	61.294373 	43.278172 	38.948685 	111.287918 	36.069378 	36.359318 	35.355339 	35.468296 	47.095646 	30.610456 	90.470993 	55.036350 	32.280025 	38.052597 	66.940269 	63.639610 	19.416489 	55.362442 	22.022715 	20.099751 	16.031219 	16.000000 	18.110771 	22.803509 	17.262676 	18.439089 	23.409399 	38.470768 	19.313208 	7.211102 	19.697716 	34.132095 	10.049875 	7.280110 	6.324555 	3.605551 	999.000000 	1.414214 	5.656854 	13.453624 	28.284271 	3.162278 	4.472136 	6.000000 	6.082763 	9.000000 	14.000000 	18.248287 	19.313208 	
65.490456 	45.000000 	51.244511 	55.108982 	62.201286 	43.185646 	38.897301 	110.222504 	36.124783 	36.715118 	35.383614 	35.383614 	48.041649 	30.805843 	91.678787 	54.009258 	32.984844 	39.012817 	68.154236 	62.514000 	19.209373 	56.648037 	23.000000 	21.213203 	17.000000 	17.029387 	19.235384 	24.041630 	18.439089 	19.646883 	24.698177 	39.824615 	20.615528 	7.615773 	21.023796 	35.510563 	9.000000 	8.544003 	7.615773 	2.236068 	1.414214 	999.000000 	4.242640 	12.041595 	29.698484 	4.000000 	4.242640 	5.099020 	5.385165 	8.062258 	15.033297 	19.416489 	19.924858 	
68.183578 	45.793011 	53.366657 	57.558666 	65.030762 	43.185646 	39.051247 	107.074738 	36.619667 	38.078865 	35.805027 	35.468296 	51.009804 	31.764761 	95.336250 	51.039200 	35.355339 	42.047592 	71.840103 	59.211487 	19.209373 	60.539242 	26.172504 	24.738634 	20.223749 	20.396078 	22.803509 	27.856777 	22.135944 	23.409399 	28.635643 	43.908997 	24.596748 	10.000000 	25.059929 	39.661064 	6.708204 	12.529964 	11.661903 	2.236068 	5.656854 	4.242640 	999.000000 	7.810250 	33.941124 	7.615773 	6.000000 	4.472136 	5.385165 	6.403124 	18.439089 	23.086792 	22.203604 	
73.006851 	47.539455 	57.314919 	62.032249 	70.114189 	43.566040 	39.824615 	101.004951 	38.078865 	41.000000 	37.161808 	36.235340 	56.435802 	34.205261 	101.833199 	45.541191 	40.012497 	47.675991 	78.434685 	53.000000 	20.880613 	67.542580 	32.280025 	31.384710 	26.570660 	26.925823 	29.546574 	34.885529 	29.068884 	30.413813 	35.846897 	51.312767 	31.906113 	16.155495 	32.449963 	47.201694 	8.000000 	20.000000 	19.209373 	9.899495 	13.453624 	12.041595 	7.810250 	999.000000 	41.725292 	15.264338 	13.000000 	10.440307 	11.401754 	10.000000 	25.632011 	30.463093 	28.071337 	
52.697250 	50.289165 	45.607018 	45.967381 	48.548943 	53.600372 	49.365982 	133.958954 	45.398239 	40.521599 	45.276924 	47.095646 	35.468296 	39.204590 	68.007355 	78.160095 	31.016125 	28.425341 	45.177429 	87.920418 	37.107952 	32.015621 	21.095022 	18.000000 	21.377558 	20.396078 	18.110771 	14.142136 	17.262676 	16.124516 	12.165525 	14.142136 	13.152946 	27.784887 	12.165525 	9.219544 	36.619667 	22.203604 	22.803509 	31.827662 	28.284271 	29.698484 	33.941124 	41.725292 	999.000000 	27.018513 	30.000000 	32.802441 	32.202484 	35.227829 	20.880613 	17.117243 	27.073973 	
66.098412 	47.507893 	52.554733 	56.044624 	62.649822 	46.227695 	41.868843 	114.214706 	38.897301 	38.832977 	38.209946 	38.418747 	48.373547 	33.301651 	90.801979 	58.008621 	34.176014 	39.319206 	67.268120 	66.483078 	22.472204 	55.362442 	23.345236 	21.023796 	17.464249 	17.262676 	19.026299 	23.194826 	18.000000 	19.026299 	23.537205 	38.078865 	19.416489 	9.899495 	19.646883 	33.541019 	13.000000 	8.062258 	7.071068 	6.082763 	3.162278 	4.000000 	7.615773 	15.264338 	27.018513 	999.000000 	3.162278 	5.830952 	5.385165 	8.544003 	11.045361 	15.524175 	16.155495 	
68.883957 	49.203659 	55.027267 	58.694122 	65.490456 	47.423622 	43.139309 	113.070778 	40.360870 	40.816662 	39.623226 	39.623226 	51.244511 	35.000000 	93.941475 	57.035076 	36.687874 	42.190044 	70.405968 	65.192024 	23.430750 	58.523499 	26.172504 	24.000000 	20.223749 	20.099751 	22.000000 	26.305893 	21.023796 	22.090721 	26.683329 	41.231056 	22.561028 	11.661903 	22.803509 	36.674240 	12.369317 	11.000000 	10.000000 	5.385165 	4.472136 	4.242640 	6.000000 	13.000000 	30.000000 	3.162278 	999.000000 	2.828427 	2.236068 	5.385165 	12.649111 	17.464249 	16.278820 	
70.576202 	49.648766 	56.320511 	60.207973 	67.268120 	47.381432 	43.185646 	111.018013 	40.607880 	41.593269 	39.824615 	39.623226 	53.084839 	35.510563 	96.317184 	55.145264 	38.078865 	44.045429 	72.780495 	63.071388 	23.345236 	61.032780 	28.017851 	26.076809 	22.022715 	22.000000 	24.083189 	28.635643 	23.194826 	24.331051 	29.120440 	43.863426 	25.000000 	12.649111 	25.298222 	39.357338 	11.180340 	13.152946 	12.165525 	5.000000 	6.000000 	5.099020 	4.472136 	10.440307 	32.802441 	5.830952 	2.828427 	999.000000 	1.000000 	3.000000 	15.231546 	20.124611 	18.027756 	
70.710678 	50.219517 	56.612720 	60.415230 	67.364677 	48.083260 	43.863426 	112.017853 	41.231056 	42.059483 	40.459858 	40.311287 	53.150730 	36.055511 	96.104111 	56.142673 	38.327538 	44.102154 	72.567207 	64.070274 	24.041630 	60.728905 	28.071337 	26.019224 	22.090721 	22.022715 	24.020824 	28.442924 	23.086792 	24.186773 	28.861740 	43.462627 	24.738634 	13.000000 	25.000000 	38.910152 	12.083046 	13.038404 	12.041595 	5.656854 	6.082763 	5.385165 	5.385165 	11.401754 	32.202484 	5.385165 	2.236068 	1.000000 	999.000000 	3.162278 	14.317822 	19.235384 	17.029387 	
73.552704 	52.153618 	59.203041 	63.150612 	70.256676 	49.578220 	45.453274 	111.004501 	43.011627 	44.283180 	42.201897 	41.868843 	56.080299 	38.078865 	99.247169 	55.443665 	41.000000 	47.042534 	75.709976 	63.000000 	25.612497 	63.890530 	31.016125 	29.068884 	25.019993 	25.000000 	27.073973 	31.575306 	26.172504 	27.294687 	32.015621 	46.615448 	27.892651 	15.524175 	28.160255 	42.047592 	12.806249 	16.124516 	15.132746 	7.615773 	9.000000 	8.062258 	6.403124 	10.000000 	35.227829 	8.544003 	5.385165 	3.000000 	3.162278 	999.000000 	16.643316 	21.633308 	18.110771 	
68.007355 	54.671749 	56.603886 	59.033890 	64.195015 	54.708317 	50.249378 	125.255737 	46.872166 	45.276924 	46.324940 	47.010635 	49.979996 	40.804413 	88.277969 	69.028976 	38.600517 	41.231056 	65.030762 	77.524193 	31.953091 	52.239830 	26.627054 	23.323807 	21.931713 	21.260292 	21.633308 	23.409399 	20.248457 	20.591261 	22.803509 	34.234486 	19.313208 	18.973665 	18.973665 	29.274563 	24.020824 	13.892444 	13.416408 	17.117243 	14.000000 	15.033297 	18.439089 	25.632011 	20.880613 	11.045361 	12.649111 	15.231546 	14.317822 	16.643316 	999.000000 	5.000000 	8.062258 	
66.708321 	56.035702 	56.400356 	58.309521 	62.769421 	56.797886 	52.325901 	129.468140 	48.764740 	46.400433 	48.301140 	49.244289 	48.754486 	42.544094 	85.052925 	73.171036 	38.897301 	40.311287 	62.032249 	81.884064 	34.928497 	49.010204 	26.870058 	23.345236 	23.021729 	22.203604 	21.931713 	22.472204 	20.518284 	20.518284 	21.470911 	31.000000 	18.601076 	22.203604 	18.027756 	26.000000 	28.284271 	16.492422 	16.278820 	21.587032 	18.248287 	19.416489 	23.086792 	30.463093 	17.117243 	15.524175 	17.464249 	20.124611 	19.235384 	21.633308 	5.000000 	999.000000 	10.000000 	
75.960518 	62.289646 	64.660652 	67.082039 	72.111023 	61.854668 	57.428215 	129.003876 	54.203320 	53.037724 	53.600372 	54.083271 	57.939625 	48.270073 	95.047356 	73.171036 	46.615448 	49.244289 	72.027771 	81.024689 	38.470768 	59.008472 	34.669872 	31.384710 	29.832869 	29.206163 	29.681644 	31.384710 	28.301943 	28.653097 	30.675724 	41.000000 	27.313000 	25.553865 	26.925823 	36.000000 	28.635643 	21.260292 	20.615528 	21.587032 	19.313208 	19.924858 	22.203604 	28.071337 	27.073973 	16.155495 	16.278820 	18.027756 	17.029387 	18.110771 	8.062258 	10.000000 	999.000000 	

Travel time:
9.000000 	0.866747 	0.436606 	0.285044 	0.106066 	1.081665 	1.073546 	3.121298 	1.030776 	0.862047 	1.053862 	1.119431 	0.450694 	1.030776 	0.960469 	2.011219 	0.825000 	0.673146 	0.625500 	2.270050 	1.336507 	0.761577 	1.068878 	1.133854 	1.216552 	1.220912 	1.182423 	1.114955 	1.212693 	1.195042 	1.132751 	1.009022 	1.217580 	1.455378 	1.226020 	1.105102 	1.625192 	1.451293 	1.475847 	1.656804 	1.615743 	1.637261 	1.704589 	1.825171 	1.317431 	1.652460 	1.722099 	1.764405 	1.767767 	1.838818 	1.700184 	1.667708 	1.899013 	
0.866747 	9.000000 	0.442295 	0.602080 	0.851469 	0.215058 	0.226385 	2.336932 	0.237171 	0.246221 	0.261008 	0.301040 	0.693271 	0.355317 	1.804508 	1.145098 	0.485412 	0.654313 	1.331353 	1.405569 	0.670820 	1.249500 	0.749166 	0.838525 	0.825379 	0.845946 	0.862047 	0.910014 	0.896172 	0.905883 	0.956883 	1.150272 	0.972754 	0.941076 	0.995301 	1.159741 	1.006231 	1.025914 	1.043132 	1.116356 	1.120547 	1.125000 	1.144825 	1.188486 	1.257229 	1.187697 	1.230091 	1.241219 	1.255488 	1.303840 	1.366794 	1.400892 	1.557241 	
0.436606 	0.442295 	9.000000 	0.160078 	0.410031 	0.656220 	0.638847 	2.756923 	0.594243 	0.431567 	0.617454 	0.682825 	0.325960 	0.604669 	1.362213 	1.585284 	0.459619 	0.430116 	0.905883 	1.846957 	0.925000 	0.880696 	0.750417 	0.832166 	0.883530 	0.894427 	0.874643 	0.851469 	0.908983 	0.901388 	0.884590 	0.919239 	0.945053 	1.092016 	0.960469 	0.973717 	1.234150 	1.119431 	1.142366 	1.291559 	1.264911 	1.281113 	1.334166 	1.432873 	1.140175 	1.313868 	1.375682 	1.408013 	1.415318 	1.480076 	1.415097 	1.410009 	1.616516 	
0.285044 	0.602080 	0.160078 	9.000000 	0.250000 	0.816241 	0.797653 	2.907103 	0.749166 	0.577170 	0.771767 	0.838525 	0.270416 	0.745822 	1.202601 	1.745351 	0.555090 	0.450694 	0.761577 	2.007019 	1.054751 	0.775403 	0.822344 	0.896172 	0.965013 	0.972432 	0.942404 	0.896172 	0.975000 	0.962094 	0.922293 	0.887764 	0.995615 	1.191900 	1.007782 	0.960469 	1.350926 	1.202081 	1.226020 	1.393287 	1.358538 	1.377725 	1.438967 	1.550806 	1.149184 	1.401116 	1.467353 	1.505199 	1.510381 	1.578765 	1.475847 	1.457738 	1.677051 	
0.106066 	0.851469 	0.410031 	0.250000 	9.000000 	1.065950 	1.047020 	3.141059 	0.995615 	0.817389 	1.017657 	1.085415 	0.357946 	0.980434 	0.954594 	1.995307 	0.753741 	0.583631 	0.559017 	2.256795 	1.274755 	0.664266 	0.982980 	1.044330 	1.131923 	1.134956 	1.093446 	1.020110 	1.122776 	1.103687 	1.035918 	0.903120 	1.123054 	1.375909 	1.130542 	1.000000 	1.553222 	1.364734 	1.389469 	1.576785 	1.532359 	1.555032 	1.625769 	1.752855 	1.213724 	1.566246 	1.637261 	1.681703 	1.684117 	1.756417 	1.604875 	1.569236 	1.802776 	
1.081665 	0.215058 	0.656220 	0.816241 	1.065950 	9.000000 	0.111803 	2.147673 	0.206155 	0.357946 	0.213600 	0.195256 	0.887764 	0.364006 	2.018044 	0.930054 	0.604669 	0.814325 	1.535008 	1.190850 	0.601041 	1.431782 	0.813941 	0.897566 	0.854400 	0.877853 	0.910014 	0.986471 	0.941076 	0.958188 	1.035918 	1.283793 	1.030776 	0.910014 	1.055047 	1.275245 	0.925338 	1.020416 	1.033501 	1.060660 	1.081954 	1.079641 	1.079641 	1.089151 	1.340009 	1.155692 	1.185591 	1.184536 	1.202081 	1.239455 	1.367708 	1.419947 	1.546367 	
1.073546 	0.226385 	0.638847 	0.797653 	1.047020 	0.111803 	9.000000 	2.219234 	0.100000 	0.279509 	0.103078 	0.090139 	0.835539 	0.254951 	1.991231 	0.955249 	0.515388 	0.738664 	1.488707 	1.219887 	0.496236 	1.364734 	0.707107 	0.789383 	0.743303 	0.766893 	0.800391 	0.880696 	0.831038 	0.848896 	0.930390 	1.191900 	0.921954 	0.800391 	0.946375 	1.177391 	0.825379 	0.908983 	0.922293 	0.955249 	0.973717 	0.972432 	0.976281 	0.995615 	1.234150 	1.046721 	1.078483 	1.079641 	1.096586 	1.136332 	1.256234 	1.308148 	1.435705 	
3.121298 	2.336932 	2.756923 	2.907103 	3.141059 	2.147673 	2.219234 	9.000000 	2.311926 	2.498124 	2.302851 	2.238443 	3.029954 	2.435159 	4.080441 	1.408013 	2.730041 	2.957723 	3.662137 	1.200260 	2.422034 	3.579455 	2.850439 	2.910434 	2.814694 	2.839124 	2.898814 	3.019623 	2.917726 	2.947563 	3.068082 	3.391626 	3.020761 	2.697800 	3.045181 	3.355033 	2.531057 	2.849781 	2.846599 	2.704164 	2.782198 	2.755563 	2.676868 	2.525124 	3.348974 	2.855368 	2.826769 	2.775450 	2.800446 	2.775113 	3.131393 	3.236703 	3.225097 	
1.030776 	0.237171 	0.594243 	0.749166 	0.995615 	0.206155 	0.100000 	2.311926 	9.000000 	0.195256 	0.025000 	0.090139 	0.760345 	0.158114 	1.930026 	1.025914 	0.419076 	0.648556 	1.414655 	1.291559 	0.437321 	1.277693 	0.608276 	0.691466 	0.650000 	0.673146 	0.704006 	0.781425 	0.735272 	0.752080 	0.831038 	1.093446 	0.824621 	0.725000 	0.848896 	1.077613 	0.772172 	0.825379 	0.840015 	0.890225 	0.901734 	0.903120 	0.915492 	0.951972 	1.134956 	0.972432 	1.009022 	1.015197 	1.030776 	1.075291 	1.171804 	1.219118 	1.355083 	
0.862047 	0.246221 	0.431567 	0.577170 	0.817389 	0.357946 	0.279509 	2.498124 	0.195256 	9.000000 	0.212132 	0.282843 	0.565685 	0.175000 	1.740869 	1.220912 	0.250000 	0.459619 	1.219887 	1.486607 	0.505594 	1.085415 	0.503115 	0.592663 	0.585769 	0.605186 	0.617454 	0.664266 	0.651920 	0.660492 	0.711512 	0.928036 	0.726722 	0.728869 	0.749166 	0.926350 	0.831038 	0.797261 	0.816241 	0.916856 	0.908983 	0.917878 	0.951972 	1.025000 	1.013040 	0.970824 	1.020416 	1.039832 	1.051487 	1.107080 	1.131923 	1.160011 	1.325943 	
1.053862 	0.261008 	0.617454 	0.771767 	1.017657 	0.213600 	0.103078 	2.302851 	0.025000 	0.212132 	9.000000 	0.070711 	0.777817 	0.152069 	1.950160 	1.009022 	0.427200 	0.660492 	1.432000 	1.274755 	0.416083 	1.290591 	0.604669 	0.686477 	0.640800 	0.664266 	0.697316 	0.778621 	0.728011 	0.745822 	0.828402 	1.098294 	0.818917 	0.707990 	0.843356 	1.079641 	0.750417 	0.811249 	0.825379 	0.870704 	0.883883 	0.884590 	0.895126 	0.929045 	1.131923 	0.955249 	0.990581 	0.995615 	1.011496 	1.055047 	1.158123 	1.207528 	1.340009 	
1.119431 	0.301040 	0.682825 	0.838525 	1.085415 	0.195256 	0.090139 	2.238443 	0.090139 	0.282843 	0.070711 	9.000000 	0.848528 	0.201556 	2.020056 	0.938416 	0.492443 	0.728869 	1.502706 	1.204159 	0.406971 	1.359458 	0.650481 	0.728869 	0.673146 	0.697316 	0.735697 	0.825379 	0.764853 	0.785016 	0.875357 	1.158123 	0.859142 	0.715017 	0.883883 	1.134956 	0.735272 	0.828025 	0.840387 	0.866386 	0.886707 	0.884590 	0.886707 	0.905883 	1.177391 	0.960469 	0.990581 	0.990581 	1.007782 	1.046721 	1.175266 	1.231107 	1.352082 	
0.450694 	0.693271 	0.325960 	0.270416 	0.357946 	0.887764 	0.835539 	3.029954 	0.760345 	0.565685 	0.777817 	0.848528 	9.000000 	0.700446 	1.187697 	1.786232 	0.427200 	0.226385 	0.654313 	2.051828 	0.956883 	0.564026 	0.626997 	0.686477 	0.776611 	0.778621 	0.735697 	0.664266 	0.764853 	0.745822 	0.682825 	0.617454 	0.766893 	1.025305 	0.775403 	0.691466 	1.212693 	1.007782 	1.032594 	1.225000 	1.177391 	1.201041 	1.275245 	1.410895 	0.886707 	1.209339 	1.281113 	1.327121 	1.328768 	1.402007 	1.249500 	1.218862 	1.448491 	
1.030776 	0.355317 	0.604669 	0.745822 	0.980434 	0.364006 	0.254951 	2.435159 	0.158114 	0.175000 	0.152069 	0.201556 	0.700446 	9.000000 	1.886796 	1.110180 	0.305164 	0.550568 	1.347683 	1.375000 	0.333542 	1.180042 	0.452769 	0.534439 	0.492443 	0.515388 	0.546008 	0.626997 	0.577170 	0.594243 	0.676849 	0.958188 	0.667083 	0.585769 	0.691466 	0.933408 	0.664266 	0.675463 	0.691466 	0.763217 	0.765261 	0.770146 	0.794119 	0.855132 	0.980115 	0.832541 	0.875000 	0.887764 	0.901388 	0.951972 	1.020110 	1.063602 	1.206752 	
0.960469 	1.804508 	1.362213 	1.202601 	0.954594 	2.018044 	1.991231 	4.080441 	1.930026 	1.740869 	1.950160 	2.020056 	1.187697 	1.886796 	9.000000 	2.944911 	1.610318 	1.375909 	0.588430 	3.207900 	2.135708 	0.901388 	1.739253 	1.765113 	1.882153 	1.875000 	1.813319 	1.692077 	1.831154 	1.800868 	1.681703 	1.352082 	1.784657 	2.143158 	1.779923 	1.476906 	2.356109 	2.079964 	2.104311 	2.328626 	2.261775 	2.291970 	2.383406 	2.545830 	1.700184 	2.270050 	2.348537 	2.407930 	2.402603 	2.481179 	2.206949 	2.126323 	2.376184 	
2.011219 	1.145098 	1.585284 	1.745351 	1.995307 	0.930054 	0.955249 	1.408013 	1.025914 	1.220912 	1.009022 	0.938416 	1.786232 	1.110180 	2.944911 	9.000000 	1.415318 	1.660007 	2.440543 	0.265754 	1.027740 	2.290196 	1.477329 	1.527457 	1.423025 	1.446764 	1.510174 	1.638788 	1.525820 	1.557442 	1.685416 	2.034853 	1.628650 	1.290591 	1.652460 	1.982738 	1.125278 	1.442654 	1.438967 	1.300000 	1.375909 	1.350231 	1.275980 	1.138530 	1.954002 	1.450216 	1.425877 	1.378632 	1.403567 	1.386092 	1.725724 	1.829276 	1.829276 	
0.825000 	0.485412 	0.459619 	0.555090 	0.753741 	0.604669 	0.515388 	2.730041 	0.419076 	0.250000 	0.427200 	0.492443 	0.427200 	0.305164 	1.610318 	1.415318 	9.000000 	0.247487 	1.055047 	1.680030 	0.529741 	0.875000 	0.301040 	0.388909 	0.425000 	0.437321 	0.425735 	0.437321 	0.460977 	0.459619 	0.480885 	0.679154 	0.515388 	0.637377 	0.535023 	0.676849 	0.800391 	0.660019 	0.682825 	0.838525 	0.807001 	0.824621 	0.883883 	1.000312 	0.775403 	0.854400 	0.917197 	0.951972 	0.958188 	1.025000 	0.965013 	0.972432 	1.165386 	
