Total assets = 1119
Number of asset nodes = 67

Distance:
999.000000 	15.620500 	86.214851 	25.000000 	19.416489 	31.144823 	104.350372 	23.409399 	59.808025 	58.189346 	27.658634 	104.484451 	63.324562 	24.698177 	52.392746 	38.000000 	33.241539 	26.925823 	28.460499 	60.440052 	28.792360 	34.525352 	42.000000 	58.463665 	64.560051 	50.249378 	61.392181 	133.645050 	65.969688 	60.671246 	97.128784 	55.081757 	61.660358 	63.953106 	65.115280 	32.557640 	41.109608 	114.856430 	37.854988 	62.072536 	37.054016 	96.254868 	55.443665 	50.000000 	38.275318 	105.990562 	75.000000 	48.795490 	65.734314 	68.410522 	71.589104 	71.805290 	70.342018 	67.675697 	71.568146 	70.880180 	68.352028 	62.128899 	71.784401 	80.894997 	72.111023 	66.370171 	87.206650 	81.024689 	82.000000 	88.955048 	87.475708 	88.283630 	90.796478 	95.189285 	75.179787 	89.050545 	91.782349 	93.380943 	93.557472 	96.337944 	91.082382 	89.693924 	99.020203 	
15.620500 	999.000000 	101.828285 	38.327538 	31.575306 	15.811388 	119.970833 	34.058773 	74.732857 	73.006851 	39.204590 	120.104118 	78.294319 	35.014282 	66.730804 	50.990196 	45.398239 	37.000000 	39.012817 	75.026665 	39.000000 	46.173584 	54.918121 	72.732384 	79.120163 	34.655445 	75.584389 	149.201202 	80.324341 	74.464760 	112.507774 	68.249542 	75.432091 	77.884529 	79.120163 	37.947330 	51.088158 	130.430054 	27.294687 	75.133217 	28.792360 	111.359779 	67.067131 	60.133186 	39.661064 	121.235306 	87.572830 	52.354561 	76.164299 	78.409180 	82.152298 	82.219215 	80.399002 	76.941536 	81.498466 	80.622574 	77.278717 	68.352028 	81.049370 	92.021736 	81.215759 	73.054771 	99.080772 	91.350975 	92.347168 	100.044991 	98.183502 	99.126183 	102.019608 	107.074738 	82.219215 	99.408249 	102.313248 	104.172935 	104.235313 	107.168091 	100.019997 	97.984695 	107.707939 	
86.214851 	101.828285 	999.000000 	68.249542 	75.166481 	117.034180 	18.439089 	76.400261 	34.176014 	36.400551 	71.847061 	18.384777 	31.320919 	76.609398 	44.384682 	60.901562 	66.887962 	76.275818 	74.330345 	37.363083 	75.166481 	68.095520 	59.033890 	41.484936 	35.510563 	136.359818 	40.792156 	49.396355 	37.215588 	44.721359 	18.027756 	51.662365 	44.553337 	42.296574 	41.194660 	86.954010 	72.090218 	29.068884 	117.796432 	50.358715 	114.017540 	24.413111 	61.392181 	69.921387 	97.128784 	27.658634 	53.460266 	94.339813 	68.117546 	71.028160 	68.029404 	69.028976 	71.000000 	75.106590 	72.006943 	73.000000 	77.103828 	88.459030 	76.000000 	66.098412 	77.000000 	87.692642 	61.983868 	71.847061 	72.006943 	68.963760 	71.309189 	70.604530 	68.622154 	64.884514 	89.022469 	74.464760 	74.330345 	73.054771 	74.000000 	74.094536 	84.929382 	88.283630 	90.520714 	
25.000000 	38.327538 	68.249542 	999.000000 	7.211102 	51.429562 	86.683334 	8.544003 	37.443291 	35.510563 	6.324555 	86.556343 	41.048752 	9.219544 	28.635643 	13.000000 	8.944272 	10.000000 	9.219544 	37.121422 	10.198039 	10.816654 	17.000000 	34.539833 	41.146080 	70.710678 	37.336308 	117.413795 	42.154476 	36.138622 	76.216797 	30.149628 	37.107952 	39.560081 	40.804413 	22.022715 	19.104973 	95.482986 	49.578220 	37.121422 	45.803928 	74.094536 	30.805843 	26.925823 	32.249031 	84.314888 	50.000000 	36.138622 	41.785164 	44.777225 	47.434166 	47.759815 	46.615448 	44.777225 	47.927029 	47.423622 	45.793011 	43.416588 	48.764740 	56.293873 	49.244289 	46.690472 	62.289646 	56.920998 	57.870544 	64.327286 	63.063461 	63.788715 	66.098412 	70.256676 	54.561890 	64.845970 	67.446274 	68.883957 	69.123077 	71.805290 	67.977936 	67.230942 	76.026314 	
19.416489 	31.575306 	75.166481 	7.211102 	999.000000 	44.283180 	93.605553 	5.000000 	44.654228 	42.720020 	8.246211 	93.509361 	48.259712 	6.403124 	35.777088 	19.416489 	14.000000 	8.485281 	9.433981 	44.294468 	10.000000 	15.132746 	23.345236 	41.629318 	48.301140 	63.529522 	44.384682 	124.201447 	49.244289 	43.011627 	83.408630 	36.674240 	43.965897 	46.486557 	47.759815 	18.681541 	21.931713 	102.591423 	42.638012 	43.566040 	39.115215 	81.301903 	36.124783 	30.675724 	28.071337 	91.525955 	56.142673 	34.438351 	46.324940 	49.040798 	52.172791 	52.392746 	50.960770 	48.466484 	52.201534 	51.546097 	49.244289 	44.598206 	52.554733 	61.522354 	52.924473 	48.414875 	68.029404 	61.611687 	62.585941 	69.584480 	68.066147 	68.883957 	71.449280 	76.026314 	56.859474 	69.634758 	72.367119 	73.979729 	74.148499 	76.941536 	71.867935 	70.682388 	79.849861 	
31.144823 	15.811388 	117.034180 	51.429562 	44.283180 	999.000000 	135.281189 	45.541191 	88.684837 	86.833176 	50.921509 	135.369858 	92.282173 	46.173584 	80.056229 	63.324562 	57.245087 	47.801674 	50.000000 	88.549423 	49.729267 	57.567352 	67.067131 	85.906929 	92.574295 	19.416489 	88.639717 	164.769531 	93.520050 	87.091904 	127.027557 	80.324341 	88.022728 	90.620087 	91.923882 	45.011108 	60.827625 	145.416641 	19.104973 	86.977005 	23.600847 	125.399361 	77.665955 	69.584480 	42.953465 	135.484314 	98.716766 	56.293873 	85.375641 	87.143562 	91.350975 	91.268837 	89.140335 	85.005882 	90.088844 	89.050545 	85.005882 	73.824112 	89.000000 	101.597244 	89.005615 	78.771820 	109.329773 	100.124924 	101.123688 	109.457756 	107.228729 	108.295891 	111.543716 	117.239075 	87.965904 	108.074051 	111.112556 	113.216606 	113.159180 	116.211014 	107.228729 	104.580116 	114.529472 	
104.350372 	119.970833 	18.439089 	86.683334 	93.605553 	135.281189 	999.000000 	94.810333 	51.884487 	54.120235 	90.210861 	1.414214 	48.754486 	95.000000 	62.177166 	79.075912 	85.146935 	94.625580 	92.655273 	54.625999 	93.477272 	86.284416 	77.025970 	58.694122 	52.201534 	154.563904 	57.584721 	31.304953 	53.450912 	61.351448 	20.615528 	68.709534 	61.032780 	58.523499 	57.280014 	105.152267 	89.894379 	14.035668 	136.235092 	66.483078 	132.438660 	29.120440 	78.108902 	87.091904 	115.247559 	25.000000 	67.186310 	111.892807 	83.546394 	86.145226 	82.607506 	83.600243 	85.842880 	90.426765 	86.700638 	87.823685 	92.395889 	104.809349 	90.796478 	79.000000 	91.787796 	103.585716 	73.334846 	85.005882 	85.000000 	80.399002 	83.216583 	82.298241 	79.630394 	74.525162 	103.947105 	86.284416 	85.586212 	83.862984 	84.852814 	84.344528 	97.185387 	101.044548 	101.833199 	
23.409399 	34.058773 	76.400261 	8.544003 	5.000000 	45.541191 	94.810333 	999.000000 	44.687805 	42.638012 	5.385165 	94.641426 	48.270073 	1.414214 	35.227829 	17.888544 	11.704700 	3.605551 	5.099020 	43.829212 	5.385165 	12.165525 	21.540659 	40.816662 	47.707443 	64.474800 	43.416588 	125.670204 	48.373547 	41.629318 	83.630135 	34.785053 	42.544094 	45.188496 	46.518814 	14.142136 	17.720045 	103.247276 	41.725292 	41.484936 	37.643059 	81.024689 	33.015148 	26.683329 	24.020824 	91.400215 	53.600372 	29.546574 	42.579338 	45.122055 	48.507732 	48.662102 	47.074409 	44.271889 	48.270073 	47.539455 	44.944408 	39.698868 	48.383881 	58.137768 	48.703182 	43.600460 	65.030762 	57.870544 	58.855755 	66.189125 	64.498062 	65.375839 	68.117546 	73.027390 	52.153618 	65.924202 	68.731361 	70.455658 	70.576202 	73.437050 	67.675697 	66.309875 	75.610847 	
59.808025 	74.732857 	34.176014 	37.443291 	44.654228 	88.684837 	51.884487 	44.687805 	999.000000 	2.236068 	39.623226 	51.478149 	3.605551 	44.598206 	10.295630 	27.658634 	33.970577 	43.840622 	41.725292 	4.472136 	42.449970 	34.828148 	25.238859 	8.062258 	6.708204 	108.046288 	8.944272 	83.186539 	9.433981 	12.649111 	38.948685 	18.027756 	13.000000 	12.206555 	12.041595 	53.600372 	38.013157 	58.898216 	86.371292 	18.973665 	82.024384 	36.715118 	28.017851 	35.902645 	63.513779 	46.872166 	28.319605 	60.166435 	36.878178 	40.261642 	38.626415 	39.560081 	40.804413 	43.737854 	42.059483 	42.720020 	45.705578 	55.145264 	45.607018 	40.804413 	46.572525 	55.009090 	41.109608 	45.276924 	45.793011 	46.690472 	47.634022 	47.507893 	47.381432 	47.434166 	57.870544 	50.606323 	51.739735 	51.623638 	52.345009 	53.758720 	59.169250 	61.269894 	66.287254 	
58.189346 	73.006851 	36.400551 	35.510563 	42.720020 	86.833176 	54.120235 	42.638012 	2.236068 	999.000000 	37.536648 	53.712196 	5.656854 	42.520584 	8.062258 	25.495098 	31.827662 	41.725292 	39.597980 	3.605551 	40.311287 	32.649654 	23.021729 	6.324555 	7.071068 	106.174385 	7.810250 	85.422478 	9.486833 	11.180340 	41.036568 	16.000000 	11.661903 	11.313708 	11.401754 	51.400391 	35.777088 	61.073727 	84.291161 	17.464249 	79.906197 	38.587563 	26.000000 	33.734257 	61.294373 	48.826221 	27.586229 	57.939625 	35.171009 	38.600517 	37.161808 	38.078865 	39.217342 	41.976185 	40.496914 	41.109608 	43.931767 	53.084839 	43.965897 	39.824615 	44.922153 	53.037724 	40.607880 	44.102154 	44.654228 	45.967381 	46.754681 	46.690472 	46.754681 	47.169907 	56.089214 	49.678970 	50.931328 	50.931328 	51.623638 	53.150730 	57.982758 	59.941639 	65.215027 	
27.658634 	39.204590 	71.847061 	6.324555 	8.246211 	50.921509 	90.210861 	5.385165 	39.623226 	37.536648 	999.000000 	90.000000 	43.185646 	5.000000 	30.000000 	12.529964 	6.324555 	4.472136 	3.000000 	38.600517 	4.000000 	7.000000 	16.155495 	35.510563 	42.438190 	69.856995 	38.078865 	121.202309 	43.046486 	36.249138 	78.568443 	29.410883 	37.161808 	39.812057 	41.146080 	16.278820 	13.892444 	98.351410 	46.754681 	36.138622 	42.449970 	75.802376 	28.017851 	22.472204 	26.683329 	86.214851 	48.373547 	29.832869 	38.078865 	40.804413 	43.931767 	44.147480 	42.720020 	40.311287 	43.965897 	43.324360 	41.146080 	37.536648 	44.384682 	53.338543 	44.777225 	41.036568 	60.000000 	53.366657 	54.341511 	61.400326 	59.841457 	60.671246 	63.285069 	68.000000 	49.203659 	61.392181 	64.132675 	65.764732 	65.924202 	68.731361 	63.694584 	62.609905 	71.693794 	
104.484451 	120.104118 	18.384777 	86.556343 	93.509361 	135.369858 	1.414214 	94.641426 	51.478149 	53.712196 	90.000000 	999.000000 	48.301140 	94.810333 	61.773781 	78.771820 	84.876381 	94.403389 	92.417534 	54.129475 	93.230896 	85.982559 	76.661591 	58.180752 	51.623638 	154.673843 	57.008770 	31.780497 	52.810986 	60.745369 	19.416489 	68.154236 	60.406952 	57.870544 	56.612720 	104.847511 	89.470665 	13.000000 	136.124939 	65.802734 	132.279999 	27.892651 	77.491936 	86.539009 	114.908661 	23.600847 	66.272163 	111.400177 	82.764725 	85.328773 	81.743500 	82.734512 	85.000000 	89.627007 	85.842880 	86.977005 	91.591484 	104.120125 	89.944427 	78.006409 	90.934044 	102.839684 	72.249565 	84.023804 	84.005951 	79.309517 	82.152298 	81.221916 	78.517517 	73.348480 	103.097038 	85.211502 	84.480766 	82.734512 	83.725746 	83.186539 	96.130119 	100.019997 	100.717430 	
63.324562 	78.294319 	31.320919 	41.048752 	48.259712 	92.282173 	48.754486 	48.270073 	3.605551 	5.656854 	43.185646 	48.301140 	999.000000 	48.166378 	13.601471 	31.144823 	37.483330 	47.381432 	45.254833 	6.082763 	45.967381 	38.288380 	28.600698 	10.198039 	5.830952 	111.646767 	10.049875 	80.056229 	8.602325 	14.035668 	35.383614 	20.396078 	14.142136 	12.649111 	12.083046 	57.008770 	41.182522 	55.443665 	89.938866 	20.223749 	85.562843 	33.120991 	30.265491 	38.600517 	66.850578 	43.266617 	28.017851 	63.158531 	38.327538 	41.593269 	39.560081 	40.521599 	41.976185 	45.276924 	43.174065 	43.931767 	47.265209 	57.428215 	46.872166 	40.816662 	47.853943 	57.035076 	40.311287 	45.617977 	46.065170 	46.227695 	47.434166 	47.201694 	46.754681 	46.227695 	59.413803 	50.477718 	51.400391 	51.088158 	51.855568 	53.075417 	59.481091 	61.846584 	66.370171 	
24.698177 	35.014282 	76.609398 	9.219544 	6.403124 	46.173584 	95.000000 	1.414214 	44.598206 	42.520584 	5.000000 	94.810333 	48.166378 	999.000000 	35.000000 	17.492855 	11.180340 	2.236068 	4.000000 	43.600460 	4.123106 	11.401754 	21.023796 	40.496914 	47.434166 	65.000000 	43.046486 	125.924583 	48.020828 	41.146080 	83.546394 	34.176014 	42.047592 	44.721359 	46.065170 	13.038404 	16.492422 	103.276329 	41.773197 	40.804413 	37.536648 	80.802231 	32.062439 	25.495098 	23.086792 	91.214035 	52.773098 	28.231188 	41.436699 	43.931767 	47.381432 	47.518417 	45.891174 	43.011627 	47.074409 	46.324940 	43.657761 	38.288380 	47.127487 	57.078892 	47.434166 	42.201897 	64.070274 	56.718605 	57.706154 	65.122963 	63.387695 	64.280632 	67.067131 	72.062469 	50.774010 	64.776543 	67.601776 	69.354164 	69.462219 	72.339478 	66.407829 	65.000000 	74.330345 	
52.392746 	66.730804 	44.384682 	28.635643 	35.777088 	80.056229 	62.177166 	35.227829 	10.295630 	8.062258 	30.000000 	61.773781 	13.601471 	35.000000 	999.000000 	17.691807 	24.083189 	34.058773 	31.890438 	8.602325 	32.557640 	24.758837 	15.000000 	6.082763 	12.529964 	99.297531 	9.055386 	93.477272 	13.601471 	9.486833 	48.795490 	9.848858 	10.440307 	12.041595 	13.000000 	43.416588 	27.730848 	69.028976 	76.694199 	14.212670 	72.180328 	45.803928 	19.416489 	26.172504 	53.254108 	56.222771 	26.832815 	49.979996 	29.966648 	33.541019 	33.015148 	33.837849 	34.481880 	36.400551 	35.846897 	36.235340 	38.275318 	46.010868 	38.910152 	37.643059 	39.812057 	46.389652 	40.249222 	41.036568 	41.725292 	44.654228 	44.821869 	45.000000 	45.793011 	47.539455 	50.289165 	47.507893 	49.203659 	49.648766 	50.219517 	52.153618 	54.671749 	56.035702 	62.289646 	
38.000000 	50.990196 	60.901562 	13.000000 	19.416489 	63.324562 	79.075912 	17.888544 	27.658634 	25.495098 	12.529964 	78.771820 	31.144823 	17.492855 	17.691807 	999.000000 	6.403124 	16.401220 	14.212670 	26.248810 	14.866069 	7.211102 	4.000000 	23.021729 	30.000000 	82.346825 	25.553865 	110.276924 	30.528675 	23.769728 	66.468040 	17.262676 	24.698177 	27.313000 	28.635643 	26.076809 	13.038404 	86.556343 	59.033890 	24.186773 	54.488529 	63.411354 	18.384777 	17.204651 	36.235340 	73.878281 	37.000000 	35.227829 	30.016663 	33.286633 	35.341194 	35.777088 	34.985710 	34.058773 	36.359318 	36.055511 	35.383614 	36.769554 	37.802116 	43.680660 	38.418747 	38.948685 	49.365982 	44.777225 	45.694637 	51.662365 	50.596443 	51.244511 	53.366657 	57.314919 	45.607018 	52.554733 	55.027267 	56.320511 	56.612720 	59.203041 	56.603886 	56.400356 	64.660652 	
33.241539 	45.398239 	66.887962 	8.944272 	14.000000 	57.245087 	85.146935 	11.704700 	33.970577 	31.827662 	6.324555 	84.876381 	37.483330 	11.180340 	24.083189 	6.403124 	999.000000 	10.000000 	7.810250 	32.649654 	8.485281 	2.236068 	9.848858 	29.410883 	36.400551 	76.157730 	31.906113 	116.284134 	36.891735 	29.966648 	72.835434 	23.086792 	30.870699 	33.541019 	34.885529 	20.124611 	10.816654 	92.849342 	52.630791 	29.832869 	48.104053 	69.814041 	22.203604 	18.027756 	30.463093 	80.280754 	42.190044 	31.016125 	32.893768 	35.846897 	38.600517 	38.897301 	37.696156 	35.846897 	39.000000 	38.483765 	36.891735 	35.510563 	39.824615 	47.675991 	40.311287 	38.418747 	54.037025 	48.083260 	49.040798 	55.731499 	54.341511 	55.108982 	57.558666 	62.032249 	45.967381 	56.044624 	58.694122 	60.207973 	60.415230 	63.150612 	59.033890 	58.309521 	67.082039 	
26.925823 	37.000000 	76.275818 	10.000000 	8.485281 	47.801674 	94.625580 	3.605551 	43.840622 	41.725292 	4.472136 	94.403389 	47.381432 	2.236068 	34.058773 	16.401220 	10.000000 	999.000000 	2.236068 	42.638012 	2.000000 	9.848858 	19.723083 	39.408119 	46.400433 	66.483078 	41.880783 	125.642349 	46.872166 	39.824615 	82.758682 	32.695564 	40.706264 	43.416588 	44.777225 	12.041595 	14.317822 	102.649887 	42.638012 	39.217342 	38.183765 	79.812279 	30.149628 	23.345236 	22.360680 	90.271812 	50.990196 	26.570660 	39.319206 	41.773197 	45.276924 	45.398239 	43.737854 	40.804413 	44.911022 	44.147480 	41.436699 	36.124783 	44.922153 	55.036350 	45.221676 	40.000000 	62.128899 	54.589375 	55.578773 	63.071388 	61.294373 	62.201286 	65.030762 	70.114189 	48.548943 	62.649822 	65.490456 	67.268120 	67.364677 	70.256676 	64.195015 	62.769421 	72.111023 	
28.460499 	39.012817 	74.330345 	9.219544 	9.433981 	50.000000 	92.655273 	5.099020 	41.725292 	39.597980 	3.000000 	92.417534 	45.254833 	4.000000 	31.890438 	14.212670 	7.810250 	2.236068 	999.000000 	40.459858 	1.000000 	7.615773 	17.492855 	37.202152 	44.204071 	68.709534 	39.661064 	123.713379 	44.654228 	37.589893 	80.622574 	30.463093 	38.470768 	41.182522 	42.544094 	13.341664 	12.649111 	100.568382 	44.821869 	37.000000 	40.311287 	77.620872 	28.071337 	21.587032 	23.769728 	88.090858 	48.836460 	26.925823 	37.483330 	40.024994 	43.416588 	43.566040 	41.976185 	39.217342 	43.174065 	42.449970 	39.924931 	35.355339 	43.324360 	53.084839 	43.657761 	39.051247 	60.074955 	52.773098 	53.758720 	61.131008 	59.413803 	60.299255 	63.071388 	68.066147 	47.434166 	60.827625 	63.639610 	65.375839 	65.490456 	68.359344 	62.625874 	61.326992 	70.576202 	
60.440052 	75.026665 	37.363083 	37.121422 	44.294468 	88.549423 	54.625999 	43.829212 	4.472136 	3.605551 	38.600517 	54.129475 	6.082763 	43.600460 	8.602325 	26.248810 	32.649654 	42.638012 	40.459858 	999.000000 	41.109608 	33.241539 	23.345236 	4.123106 	4.123106 	107.823929 	4.472136 	85.906929 	6.082763 	8.246211 	40.360870 	14.317822 	8.544003 	7.810250 	7.810250 	51.739735 	35.510563 	60.802959 	85.276024 	14.560220 	80.721741 	37.202152 	24.186773 	32.572994 	61.400326 	47.634022 	24.041630 	57.271286 	32.557640 	35.902645 	34.176014 	35.114101 	36.400551 	39.458839 	37.643059 	38.327538 	41.436699 	51.351727 	41.231056 	36.400551 	42.201897 	51.009804 	37.013512 	40.816662 	41.340054 	42.426407 	43.278172 	43.185646 	43.185646 	43.566040 	53.600372 	46.227695 	47.423622 	47.381432 	48.083260 	49.578220 	54.708317 	56.797886 	61.854668 	
28.792360 	39.000000 	75.166481 	10.198039 	10.000000 	49.729267 	93.477272 	5.385165 	42.449970 	40.311287 	4.000000 	93.230896 	45.967381 	4.123106 	32.557640 	14.866069 	8.485281 	2.000000 	1.000000 	41.109608 	999.000000 	8.062258 	18.027756 	37.802116 	44.821869 	68.352028 	40.224369 	124.555206 	45.221676 	38.078865 	81.320351 	30.870699 	38.948685 	41.677334 	43.046486 	12.369317 	12.369317 	101.316338 	44.204071 	37.336308 	39.623226 	78.243210 	28.160255 	21.377558 	22.803509 	88.729927 	49.030602 	25.961510 	37.336308 	39.812057 	43.289722 	43.416588 	41.773197 	38.897301 	42.953465 	42.201897 	39.560081 	34.655445 	43.011627 	53.037724 	43.324360 	38.418747 	60.133186 	52.611786 	53.600372 	61.073727 	59.304298 	60.207973 	63.031738 	68.117546 	46.872166 	60.671246 	63.505905 	65.276337 	65.375839 	68.264191 	62.297672 	60.926186 	70.228203 	
34.525352 	46.173584 	68.095520 	10.816654 	15.132746 	57.567352 	86.284416 	12.165525 	34.828148 	32.649654 	7.000000 	85.982559 	38.288380 	11.401754 	24.758837 	7.211102 	2.236068 	9.848858 	7.615773 	33.241539 	8.062258 	999.000000 	10.000000 	29.832869 	36.878178 	76.321686 	32.202484 	117.477661 	37.202152 	30.016663 	73.552704 	22.847319 	30.886890 	33.615471 	34.985710 	18.867962 	8.602325 	93.723000 	52.201534 	29.410883 	47.507893 	70.292244 	21.023796 	16.124516 	29.068884 	80.808418 	41.436699 	29.000000 	31.320919 	34.176014 	37.107952 	37.363083 	36.055511 	34.000000 	37.336308 	36.769554 	34.985710 	33.286633 	38.013157 	46.389652 	38.470768 	36.235340 	53.000000 	46.572525 	47.539455 	54.451813 	52.952808 	53.758720 	56.320511 	61.000000 	43.863426 	54.571056 	57.271286 	58.855755 	59.033890 	61.814240 	57.271286 	56.435802 	65.306969 	
42.000000 	54.918121 	59.033890 	17.000000 	23.345236 	67.067131 	77.025970 	21.540659 	25.238859 	23.021729 	16.155495 	76.661591 	28.600698 	21.023796 	15.000000 	4.000000 	9.848858 	19.723083 	17.492855 	23.345236 	18.027756 	10.000000 	999.000000 	19.849434 	26.907248 	86.005814 	22.203604 	108.300507 	27.202942 	20.124611 	63.702435 	13.341664 	21.023796 	23.706539 	25.059929 	28.425341 	13.341664 	84.023804 	62.201286 	20.223749 	57.489128 	60.307545 	14.764823 	15.231546 	38.275318 	70.837845 	33.000000 	35.902645 	26.627054 	30.000000 	31.764761 	32.249031 	31.622776 	31.112698 	33.015148 	32.802441 	32.557640 	35.440090 	34.713108 	39.849716 	35.383614 	37.161808 	45.398239 	41.146080 	42.047592 	47.801674 	46.818798 	47.434166 	49.477268 	53.338543 	43.266617 	48.846699 	51.264023 	52.497620 	52.810986 	55.362442 	53.254108 	53.263496 	61.294373 	
58.463665 	72.732384 	41.484936 	34.539833 	41.629318 	85.906929 	58.694122 	40.816662 	8.062258 	6.324555 	35.510563 	58.180752 	10.198039 	40.496914 	6.082763 	23.021729 	29.410883 	39.408119 	37.202152 	4.123106 	37.802116 	29.832869 	19.849434 	999.000000 	7.071068 	105.095192 	3.000000 	89.961105 	7.615773 	5.000000 	44.045429 	10.198039 	5.656854 	6.324555 	7.071068 	48.104053 	31.622776 	64.637451 	82.006096 	11.180340 	77.336922 	40.459858 	20.099751 	28.460499 	57.628117 	50.990196 	22.203604 	53.225933 	28.861740 	32.280025 	30.870699 	31.780497 	32.893768 	35.693138 	34.176014 	34.785053 	37.656342 	47.265209 	37.643059 	33.970577 	38.600517 	47.000000 	35.510563 	38.013157 	38.600517 	40.459858 	41.012192 	41.036568 	41.400482 	42.485291 	49.819675 	43.863426 	45.276924 	45.453274 	46.097721 	47.801674 	51.865211 	53.712196 	59.203041 	
64.560051 	79.120163 	35.510563 	41.146080 	48.301140 	92.574295 	52.201534 	47.707443 	6.708204 	7.071068 	42.438190 	51.623638 	5.830952 	47.434166 	12.529964 	30.000000 	36.400551 	46.400433 	44.204071 	4.123106 	44.821869 	36.878178 	26.907248 	7.071068 	999.000000 	111.825760 	5.385165 	83.384651 	2.828427 	9.219544 	37.013512 	16.552946 	9.055386 	7.071068 	6.324555 	55.172459 	38.600517 	57.688820 	89.022469 	15.000000 	84.386017 	33.421551 	25.961510 	34.928497 	64.660652 	43.931767 	22.203604 	59.941639 	33.060551 	36.221542 	33.955853 	34.928497 	36.496574 	40.049969 	37.656342 	38.470768 	42.047592 	52.952808 	41.436699 	34.985710 	42.426407 	52.239830 	34.655445 	39.812057 	40.249222 	40.459858 	41.617306 	41.400482 	41.036568 	40.804413 	54.147945 	44.654228 	45.607018 	45.343136 	46.097721 	47.381432 	53.665630 	56.080299 	60.539242 	
50.249378 	34.655445 	136.359818 	70.710678 	63.529522 	19.416489 	154.563904 	64.474800 	108.046288 	106.174385 	69.856995 	154.673843 	111.646767 	65.000000 	99.297531 	82.346825 	76.157730 	66.483078 	68.709534 	107.823929 	68.352028 	76.321686 	86.005814 	105.095192 	111.825760 	999.000000 	107.786827 	183.853195 	112.698715 	106.103722 	146.441116 	99.161484 	107.018692 	109.658562 	110.981979 	62.169125 	78.847954 	164.805954 	29.154760 	105.688217 	35.128338 	144.754959 	95.880135 	87.321243 	58.034473 	154.870911 	117.046997 	71.007042 	102.771591 	104.235313 	108.673820 	108.503456 	106.212051 	101.710373 	107.056061 	105.929222 	101.493843 	89.000000 	105.574615 	119.050407 	105.475113 	94.000000 	127.121986 	117.098251 	118.088951 	126.751724 	124.310097 	125.447197 	128.891434 	134.937027 	103.019417 	124.903961 	128.003906 	130.249756 	130.115326 	133.221619 	123.065025 	120.000000 	130.000000 	
61.392181 	75.584389 	40.792156 	37.336308 	44.384682 	88.639717 	57.584721 	43.416588 	8.944272 	7.810250 	38.078865 	57.008770 	10.049875 	43.046486 	9.055386 	25.553865 	31.906113 	41.880783 	39.661064 	4.472136 	40.224369 	32.202484 	22.203604 	3.000000 	5.385165 	107.786827 	999.000000 	88.769363 	5.000000 	4.000000 	42.201897 	11.180340 	4.123106 	3.605551 	4.123106 	50.209560 	33.421551 	62.968246 	84.403793 	10.198039 	79.649231 	38.209946 	20.615528 	29.546574 	59.548298 	48.795490 	19.849434 	54.589375 	28.284271 	31.575306 	29.732138 	30.675724 	32.015621 	35.227829 	33.241539 	33.955853 	37.215588 	47.675991 	36.878178 	32.015621 	37.854988 	47.095646 	33.015148 	36.359318 	36.891735 	38.209946 	38.948685 	38.897301 	39.051247 	39.824615 	49.365982 	41.868843 	43.139309 	43.185646 	43.863426 	45.453274 	50.249378 	52.325901 	57.428215 	
133.645050 	149.201202 	49.396355 	117.413795 	124.201447 	164.769531 	31.304953 	125.670204 	83.186539 	85.422478 	121.202309 	31.780497 	80.056229 	125.924583 	93.477272 	110.276924 	116.284134 	125.642349 	123.713379 	85.906929 	124.555206 	117.477661 	108.300507 	89.961105 	83.384651 	183.853195 	88.769363 	999.000000 	84.504440 	92.477028 	48.836460 	99.924973 	92.114059 	89.537704 	88.255310 	136.341476 	121.198181 	29.000000 	166.817261 	97.406364 	163.217651 	56.320511 	109.201645 	118.308914 	146.485489 	48.010414 	96.881371 	143.178207 	114.017540 	116.417351 	112.587746 	113.564957 	115.952576 	120.784935 	116.709038 	117.902504 	122.723267 	135.665024 	120.830460 	107.912003 	121.807228 	134.201340 	101.242287 	113.991226 	113.863953 	108.166542 	111.287918 	110.222504 	107.074738 	101.004951 	133.958954 	114.214706 	113.070778 	111.018013 	112.017853 	111.004501 	125.255737 	129.468140 	129.003876 	
65.969688 	80.324341 	37.215588 	42.154476 	49.244289 	93.520050 	53.450912 	48.373547 	9.433981 	9.486833 	43.046486 	52.810986 	8.602325 	48.020828 	13.601471 	30.528675 	36.891735 	46.872166 	44.654228 	6.082763 	45.221676 	37.202152 	27.202942 	7.615773 	2.828427 	112.698715 	5.000000 	84.504440 	999.000000 	8.062258 	37.443291 	15.811388 	7.615773 	5.099020 	4.000000 	55.172459 	38.288380 	58.309521 	89.403580 	13.152946 	84.646324 	33.241539 	24.698177 	34.000000 	64.443771 	43.840622 	19.416489 	59.169250 	31.000000 	34.058773 	31.575306 	32.557640 	34.234486 	38.000000 	35.355339 	36.221542 	40.000000 	51.419842 	39.204590 	32.249031 	40.199501 	50.487621 	31.827662 	37.161808 	37.576588 	37.643059 	38.832977 	38.600517 	38.209946 	38.013157 	52.038448 	41.880783 	42.801868 	42.520584 	43.278172 	44.553337 	50.990196 	53.488316 	57.801384 	
60.671246 	74.464760 	44.721359 	36.138622 	43.011627 	87.091904 	61.351448 	41.629318 	12.649111 	11.180340 	36.249138 	60.745369 	14.035668 	41.146080 	9.486833 	23.769728 	29.966648 	39.824615 	37.589893 	8.246211 	38.078865 	30.016663 	20.124611 	5.000000 	9.219544 	106.103722 	4.000000 	92.477028 	8.062258 	999.000000 	45.486263 	7.810250 	1.000000 	3.605551 	5.000000 	47.507893 	30.413813 	66.370171 	82.097504 	6.324555 	77.201035 	41.036568 	16.763054 	25.942244 	56.586216 	51.662365 	17.492855 	51.107731 	24.331051 	27.658634 	26.000000 	26.925823 	28.160255 	31.257000 	29.410883 	30.083218 	33.241539 	43.737854 	32.984844 	29.000000 	33.955853 	43.104523 	30.886890 	33.015148 	33.600594 	35.608986 	36.069378 	36.124783 	36.619667 	38.078865 	45.398239 	38.897301 	40.360870 	40.607880 	41.231056 	43.011627 	46.872166 	48.764740 	54.203320 	
97.128784 	112.507774 	18.027756 	76.216797 	83.408630 	127.027557 	20.615528 	83.630135 	38.948685 	41.036568 	78.568443 	19.416489 	35.383614 	83.546394 	48.795490 	66.468040 	72.835434 	82.758682 	80.622574 	40.360870 	81.320351 	73.552704 	63.702435 	44.045429 	37.013512 	146.441116 	42.201897 	48.836460 	37.443291 	45.486263 	999.000000 	53.254108 	44.944408 	42.190044 	40.816662 	92.097771 	75.604233 	21.023796 	125.319588 	49.648766 	120.933868 	8.544003 	61.773781 	71.344238 	101.671036 	10.000000 	48.052055 	96.566040 	65.459915 	67.720009 	63.788715 	64.761101 	67.186310 	72.124893 	67.911705 	69.123077 	74.040527 	87.464279 	72.034714 	59.211487 	73.006851 	85.702972 	53.037724 	65.276337 	65.192024 	60.074955 	63.007935 	62.032249 	59.211487 	53.935146 	85.146935 	66.030296 	65.192024 	63.387695 	64.381676 	63.788715 	77.006493 	81.024689 	81.394104 	
55.081757 	68.249542 	51.662365 	30.149628 	36.674240 	80.324341 	68.709534 	34.785053 	18.027756 	16.000000 	29.410883 	68.154236 	20.396078 	34.176014 	9.848858 	17.262676 	23.086792 	32.695564 	30.463093 	14.317822 	30.870699 	22.847319 	13.341664 	10.198039 	16.552946 	99.161484 	11.180340 	99.924973 	15.811388 	7.810250 	53.254108 	999.000000 	8.485281 	11.313708 	12.727922 	39.824615 	22.627417 	74.094536 	74.625732 	7.000000 	69.634758 	48.836460 	10.000000 	18.384777 	48.795490 	59.464275 	20.223749 	43.416588 	20.124611 	23.706539 	23.430750 	24.207438 	24.698177 	26.570660 	26.076809 	26.419689 	28.460499 	37.121422 	29.068884 	29.154760 	29.966648 	37.054016 	33.241539 	31.890438 	32.649654 	36.674240 	36.359318 	36.715118 	38.078865 	41.000000 	40.521599 	38.832977 	40.816662 	41.593269 	42.059483 	44.283180 	45.276924 	46.400433 	53.037724 	
61.660358 	75.432091 	44.553337 	37.107952 	43.965897 	88.022728 	61.032780 	42.544094 	13.000000 	11.661903 	37.161808 	60.406952 	14.142136 	42.047592 	10.440307 	24.698177 	30.870699 	40.706264 	38.470768 	8.544003 	38.948685 	30.886890 	21.023796 	5.656854 	9.055386 	107.018692 	4.123106 	92.114059 	7.615773 	1.000000 	44.944408 	8.485281 	999.000000 	2.828427 	4.242640 	48.270073 	31.112698 	65.863495 	82.927681 	6.082763 	78.006409 	40.360870 	17.088007 	26.419689 	57.280014 	50.990196 	16.643316 	51.623638 	24.186773 	27.459061 	25.632011 	26.570660 	27.892651 	31.144823 	29.120440 	29.832869 	33.136082 	43.931767 	32.756680 	28.319605 	33.734257 	43.185646 	30.016663 	32.449963 	33.015148 	34.828148 	35.355339 	35.383614 	35.805027 	37.161808 	45.276924 	38.209946 	39.623226 	39.824615 	40.459858 	42.201897 	46.324940 	48.301140 	53.600372 	
63.953106 	77.884529 	42.296574 	39.560081 	46.486557 	90.620087 	58.523499 	45.188496 	12.206555 	11.313708 	39.812057 	57.870544 	12.649111 	44.721359 	12.041595 	27.313000 	33.541019 	43.416588 	41.182522 	7.810250 	41.677334 	33.615471 	23.706539 	6.324555 	7.071068 	109.658562 	3.605551 	89.537704 	5.099020 	3.605551 	42.190044 	11.313708 	2.828427 	999.000000 	1.414214 	51.088158 	33.941124 	63.134777 	85.702972 	8.062258 	80.802231 	37.536648 	19.697716 	29.154760 	60.108234 	48.166378 	16.278820 	54.378304 	26.019224 	29.154760 	26.925823 	27.892651 	29.427877 	33.015148 	30.594116 	31.400637 	35.014282 	46.324940 	34.365681 	28.600698 	35.355339 	45.398239 	29.410883 	33.120991 	33.615471 	34.655445 	35.468296 	35.383614 	35.468296 	36.235340 	47.095646 	38.418747 	39.623226 	39.623226 	40.311287 	41.868843 	47.010635 	49.244289 	54.083271 	
65.115280 	79.120163 	41.194660 	40.804413 	47.759815 	91.923882 	57.280014 	46.518814 	12.041595 	11.401754 	41.146080 	56.612720 	12.083046 	46.065170 	13.000000 	28.635643 	34.885529 	44.777225 	42.544094 	7.810250 	43.046486 	34.985710 	25.059929 	7.071068 	6.324555 	110.981979 	4.123106 	88.255310 	4.000000 	5.000000 	40.816662 	12.727922 	4.242640 	1.414214 	999.000000 	52.497620 	35.355339 	61.773781 	87.091904 	9.219544 	82.200974 	36.124783 	21.023796 	30.528675 	61.522354 	46.754681 	16.278820 	55.758408 	27.000000 	30.066593 	27.658634 	28.635643 	30.265491 	34.000000 	31.400637 	32.249031 	36.000000 	47.539455 	35.227829 	28.844410 	36.221542 	46.529560 	29.206163 	33.541019 	34.000000 	34.655445 	35.608986 	35.468296 	35.383614 	35.846897 	48.041649 	38.600517 	39.698868 	39.597980 	40.311287 	41.773197 	47.413078 	49.769470 	54.378304 	
32.557640 	37.947330 	86.954010 	22.022715 	18.681541 	45.011108 	105.152267 	14.142136 	53.600372 	51.400391 	16.278820 	104.847511 	57.008770 	13.038404 	43.416588 	26.076809 	20.124611 	12.041595 	13.341664 	51.739735 	12.369317 	18.867962 	28.425341 	48.104053 	55.172459 	62.169125 	50.209560 	136.341476 	55.172459 	47.507893 	92.097771 	39.824615 	48.270073 	51.088158 	52.497620 	999.000000 	17.492855 	112.445541 	35.341194 	45.486263 	30.016663 	88.413803 	34.438351 	25.298222 	10.440307 	99.005051 	55.542778 	16.401220 	40.607880 	42.190044 	46.529560 	46.389652 	44.181442 	40.000000 	45.099888 	44.045429 	40.049969 	30.463093 	44.011364 	56.885849 	44.045429 	35.114101 	65.000000 	55.145264 	56.142673 	64.629715 	62.289646 	63.387695 	66.753281 	72.780495 	44.271889 	63.071388 	66.121101 	68.264191 	68.183578 	71.253067 	62.514000 	60.207973 	70.035706 	
41.109608 	51.088158 	72.090218 	19.104973 	21.931713 	60.827625 	89.894379 	17.720045 	38.013157 	35.777088 	13.892444 	89.470665 	41.182522 	16.492422 	27.730848 	13.038404 	10.816654 	14.317822 	12.649111 	35.510563 	12.369317 	8.602325 	13.341664 	31.622776 	38.600517 	78.847954 	33.421551 	121.198181 	38.288380 	30.413813 	75.604233 	22.627417 	31.112698 	33.941124 	35.355339 	17.492855 	999.000000 	96.260063 	52.773098 	28.017851 	47.507893 	71.449280 	17.088007 	9.055386 	26.172504 	82.073135 	38.275318 	22.561028 	25.079872 	27.459061 	31.064449 	31.144823 	29.427877 	26.570660 	30.594116 	29.832869 	27.313000 	24.698177 	30.675724 	41.012192 	31.016125 	27.658634 	48.507732 	40.311287 	41.303753 	49.000000 	47.095646 	48.041649 	51.009804 	56.435802 	35.468296 	48.373547 	51.244511 	53.084839 	53.150730 	56.080299 	49.979996 	48.754486 	57.939625 	
114.856430 	130.430054 	29.068884 	95.482986 	102.591423 	145.416641 	14.035668 	103.247276 	58.898216 	61.073727 	98.351410 	13.000000 	55.443665 	103.276329 	69.028976 	86.556343 	92.849342 	102.649887 	100.568382 	60.802959 	101.316338 	93.723000 	84.023804 	64.637451 	57.688820 	164.805954 	62.968246 	29.000000 	58.309521 	66.370171 	21.023796 	74.094536 	65.863495 	63.134777 	61.773781 	112.445541 	96.260063 	999.000000 	144.958618 	70.661163 	140.801285 	27.658634 	82.764725 	92.282173 	122.200653 	19.026299 	68.680420 	117.477661 	86.377083 	88.543777 	84.480766 	85.440041 	87.931793 	92.973114 	88.600227 	89.844307 	94.868332 	108.461975 	92.720009 	79.246452 	93.680305 	106.625511 	72.339478 	85.328773 	85.158676 	79.227524 	82.389320 	81.301903 	78.102493 	72.006943 	105.773346 	85.287750 	84.095184 	82.024384 	83.024094 	82.006096 	96.332756 	100.603180 	100.004997 	
37.854988 	27.294687 	117.796432 	49.578220 	42.638012 	19.104973 	136.235092 	41.725292 	86.371292 	84.291161 	46.754681 	136.124939 	89.938866 	41.773197 	76.694199 	59.033890 	52.630791 	42.638012 	44.821869 	85.276024 	44.204071 	52.201534 	62.201286 	82.006096 	89.022469 	29.154760 	84.403793 	166.817261 	89.403580 	82.097504 	125.319588 	74.625732 	82.927681 	85.702972 	87.091904 	35.341194 	52.773098 	144.958618 	999.000000 	80.622574 	6.000000 	122.441826 	69.778221 	60.539242 	29.427877 	132.909744 	90.873535 	42.047592 	75.286118 	76.400261 	81.043198 	80.777473 	78.339005 	73.545906 	79.075912 	77.878113 	73.164200 	60.074955 	77.278717 	91.482239 	77.103828 	65.069191 	99.929977 	89.050545 	90.027771 	98.954536 	96.317184 	97.514099 	101.138519 	107.563934 	74.006760 	96.690224 	99.824844 	102.181213 	101.980392 	105.118980 	94.260277 	91.049438 	101.044548 	
62.072536 	75.133217 	50.358715 	37.121422 	43.566040 	86.977005 	66.483078 	41.484936 	18.973665 	17.464249 	36.138622 	65.802734 	20.223749 	40.804413 	14.212670 	24.186773 	29.832869 	39.217342 	37.000000 	14.560220 	37.336308 	29.410883 	20.223749 	11.180340 	15.000000 	105.688217 	10.198039 	97.406364 	13.152946 	6.324555 	49.648766 	7.000000 	6.082763 	8.062258 	9.219544 	45.486263 	28.017851 	70.661163 	80.622574 	999.000000 	75.471848 	44.407207 	12.206555 	22.022715 	53.907330 	55.000000 	13.341664 	47.201694 	18.110771 	21.377558 	19.697716 	20.615528 	21.840330 	25.079872 	23.086792 	23.769728 	27.073973 	38.327538 	26.683329 	23.430750 	27.658634 	37.336308 	26.570660 	27.018513 	27.658634 	30.528675 	30.610456 	30.805843 	31.764761 	34.205261 	39.204590 	33.301651 	35.000000 	35.510563 	36.055511 	38.078865 	40.804413 	42.544094 	48.270073 	
37.054016 	28.792360 	114.017540 	45.803928 	39.115215 	23.600847 	132.438660 	37.643059 	82.024384 	79.906197 	42.449970 	132.279999 	85.562843 	37.536648 	72.180328 	54.488529 	48.104053 	38.183765 	40.311287 	80.721741 	39.623226 	47.507893 	57.489128 	77.336922 	84.386017 	35.128338 	79.649231 	163.217651 	84.646324 	77.201035 	120.933868 	69.634758 	78.006409 	80.802231 	82.200974 	30.016663 	47.507893 	140.801285 	6.000000 	75.471848 	999.000000 	117.796432 	64.412735 	55.036350 	23.537205 	128.316010 	85.428329 	36.055511 	69.570107 	70.604530 	75.286118 	75.000000 	72.532753 	67.683083 	73.246162 	72.034714 	67.268120 	54.083271 	71.386276 	85.726311 	71.196907 	59.076221 	94.244362 	83.198555 	84.172440 	93.145050 	90.470993 	91.678787 	95.336250 	101.833199 	68.007355 	90.801979 	93.941475 	96.317184 	96.104111 	99.247169 	88.277969 	85.052925 	95.047356 	
96.254868 	111.359779 	24.413111 	74.094536 	81.301903 	125.399361 	29.120440 	81.024689 	36.715118 	38.587563 	75.802376 	27.892651 	33.120991 	80.802231 	45.803928 	63.411354 	69.814041 	79.812279 	77.620872 	37.202152 	78.243210 	70.292244 	60.307545 	40.459858 	33.421551 	144.754959 	38.209946 	56.320511 	33.241539 	41.036568 	8.544003 	48.836460 	40.360870 	37.536648 	36.124783 	88.413803 	71.449280 	27.658634 	122.441826 	44.407207 	117.796432 	999.000000 	56.612720 	66.400299 	97.621719 	10.630146 	41.109608 	91.607857 	59.093147 	61.098282 	56.920998 	57.870544 	60.406952 	65.551506 	61.032780 	62.297672 	67.416618 	81.394104 	65.145988 	51.623638 	66.098412 	79.309517 	45.011108 	57.706154 	57.558666 	52.000000 	55.036350 	54.009258 	51.039200 	45.541191 	78.160095 	58.008621 	57.035076 	55.145264 	56.142673 	55.443665 	69.028976 	73.171036 	73.171036 	
55.443665 	67.067131 	61.392181 	30.805843 	36.124783 	77.665955 	78.108902 	33.015148 	28.017851 	26.000000 	28.017851 	77.491936 	30.265491 	32.062439 	19.416489 	18.384777 	22.203604 	30.149628 	28.071337 	24.186773 	28.160255 	21.023796 	14.764823 	20.099751 	25.961510 	95.880135 	20.615528 	109.201645 	24.698177 	16.763054 	61.773781 	10.000000 	17.088007 	19.697716 	21.023796 	34.438351 	17.088007 	82.764725 	69.778221 	12.206555 	64.412735 	56.612720 	999.000000 	9.899495 	42.201897 	67.201187 	21.189621 	35.000000 	12.041595 	15.556349 	17.000000 	17.492855 	17.029387 	17.492855 	18.439089 	18.384777 	19.235384 	27.166155 	20.615528 	25.495098 	21.400934 	27.073973 	32.015621 	26.400757 	27.313000 	33.541019 	32.280025 	32.984844 	35.355339 	40.012497 	31.016125 	34.176014 	36.687874 	38.078865 	38.327538 	41.000000 	38.600517 	38.897301 	46.615448 	
50.000000 	60.133186 	69.921387 	26.925823 	30.675724 	69.584480 	87.091904 	26.683329 	35.902645 	33.734257 	22.472204 	86.539009 	38.600517 	25.495098 	26.172504 	17.204651 	18.027756 	23.345236 	21.587032 	32.572994 	21.377558 	16.124516 	15.231546 	28.460499 	34.928497 	87.321243 	29.546574 	118.308914 	34.000000 	25.942244 	71.344238 	18.384777 	26.419689 	29.154760 	30.528675 	25.298222 	9.055386 	92.282173 	60.539242 	22.022715 	55.036350 	66.400299 	9.899495 	999.000000 	32.449963 	77.006493 	30.413813 	25.238859 	16.031219 	18.439089 	22.022715 	22.090721 	20.396078 	17.888544 	21.587032 	20.880613 	18.867962 	20.396078 	21.931713 	32.062439 	22.360680 	21.931713 	39.812057 	31.257000 	32.249031 	40.012497 	38.052597 	39.012817 	42.047592 	47.675991 	28.425341 	39.319206 	42.190044 	44.045429 	44.102154 	47.042534 	41.231056 	40.311287 	49.244289 	
38.275318 	39.661064 	97.128784 	32.249031 	28.071337 	42.953465 	115.247559 	24.020824 	63.513779 	61.294373 	26.683329 	114.908661 	66.850578 	23.086792 	53.254108 	36.235340 	30.463093 	22.360680 	23.769728 	61.400326 	22.803509 	29.068884 	38.275318 	57.628117 	64.660652 	58.034473 	59.548298 	146.485489 	64.443771 	56.586216 	101.671036 	48.795490 	57.280014 	60.108234 	61.522354 	10.440307 	26.172504 	122.200653 	29.427877 	53.907330 	23.537205 	97.621719 	42.201897 	32.449963 	999.000000 	108.245094 	62.769421 	13.341664 	46.238514 	47.127487 	51.865211 	51.546097 	49.040798 	44.147480 	49.729267 	48.507732 	43.737854 	31.064449 	47.853943 	62.297672 	47.675991 	36.055511 	70.936592 	59.665737 	60.638271 	69.641945 	66.940269 	68.154236 	71.840103 	78.434685 	45.177429 	67.268120 	70.405968 	72.780495 	72.567207 	75.709976 	65.030762 	62.032249 	72.027771 	
