Total assets = 623
Number of asset nodes = 33

Distance:
999.000000 	55.973209 	68.680420 	43.566040 	93.861603 	40.706264 	72.180328 	41.773197 	20.615528 	15.524175 	14.764823 	68.883957 	58.940647 	63.245552 	5.099020 	27.658634 	80.454956 	56.222771 	13.416408 	95.015785 	19.235384 	38.626415 	16.552946 	44.283180 	53.263496 	45.694637 	19.104973 	64.070274 	37.363083 	20.099751 	18.601076 	113.229858 	24.000000 	72.422371 	33.241539 	69.202599 	65.299309 	56.859474 	23.430750 	101.118744 	34.785053 	33.136082 	42.544094 	50.000000 	64.404968 	50.695168 	51.613953 	33.241539 	94.493385 	90.801979 	36.124783 	40.447498 	
55.973209 	999.000000 	12.727922 	19.000000 	38.013157 	23.021729 	17.464249 	97.590981 	75.802376 	50.990196 	54.561890 	16.124516 	109.931801 	10.049875 	53.037724 	28.319605 	26.683329 	2.828427 	68.593002 	39.051247 	72.945183 	28.017851 	53.712196 	23.194826 	108.903625 	24.515301 	70.327805 	17.088007 	32.015621 	71.196907 	62.649822 	57.428215 	75.663727 	127.561752 	87.920418 	124.579292 	120.933868 	24.207438 	60.083275 	45.343136 	89.044930 	45.177429 	98.005104 	30.083218 	25.238859 	31.384710 	107.447662 	85.475143 	40.249222 	37.947330 	87.658424 	48.093658 	
68.680420 	12.727922 	999.000000 	29.410883 	25.553865 	33.526108 	7.280110 	110.317726 	88.408142 	63.134777 	66.730804 	9.899495 	122.331520 	10.049875 	65.764732 	41.036568 	17.262676 	13.038404 	81.320351 	26.400757 	85.445892 	38.327538 	65.764732 	32.557640 	121.630585 	33.241539 	82.680107 	16.552946 	42.201897 	83.528435 	74.706093 	44.944408 	87.982956 	140.264038 	100.439034 	137.295303 	133.660019 	28.635643 	71.693794 	32.649654 	101.513542 	55.542778 	110.602890 	37.054016 	25.942244 	38.118237 	120.104118 	97.754799 	28.460499 	27.166155 	99.849884 	57.314919 	
43.566040 	19.000000 	29.410883 	999.000000 	54.625999 	4.123106 	30.528675 	85.000000 	61.554855 	34.828148 	38.418747 	26.400757 	101.390335 	29.017237 	42.047592 	19.104973 	45.398239 	21.095022 	56.938564 	55.009090 	58.000000 	9.055386 	37.202152 	5.000000 	96.607452 	7.071068 	54.671749 	20.615528 	13.038404 	55.443665 	46.043457 	73.790245 	59.816387 	115.935326 	72.917763 	112.645462 	108.600182 	15.000000 	42.485291 	59.640591 	73.756355 	26.305893 	83.450584 	14.212670 	21.587032 	15.620500 	93.348808 	69.404610 	51.623638 	47.507893 	71.281136 	29.154760 	
93.861603 	38.013157 	25.553865 	54.625999 	999.000000 	58.694122 	24.738634 	135.281189 	113.811249 	88.684837 	92.282173 	29.614185 	145.602203 	31.144823 	90.686272 	66.219330 	16.763054 	37.643059 	106.216759 	3.162278 	110.941429 	63.324562 	91.301697 	57.245087 	146.454773 	57.567352 	108.226616 	37.483330 	67.067131 	109.077957 	100.239716 	19.416489 	113.534134 	164.769531 	125.924583 	161.929001 	158.448730 	50.487621 	97.082436 	12.041595 	127.027557 	80.324341 	136.014709 	60.016663 	45.011108 	60.827625 	145.416641 	123.308556 	19.104973 	23.600847 	125.399361 	81.252693 	
40.706264 	23.021729 	33.526108 	4.123106 	58.694122 	999.000000 	34.481880 	81.841309 	58.137768 	31.144823 	34.713108 	30.232433 	99.020203 	33.000000 	39.560081 	18.110771 	49.497475 	25.019993 	54.120235 	59.033890 	54.451813 	5.000000 	33.421551 	4.000000 	93.477272 	6.082763 	50.990196 	24.041630 	9.000000 	51.739735 	42.201897 	77.820305 	56.080299 	112.898186 	69.310890 	109.553642 	105.437187 	16.492422 	38.470768 	63.513779 	70.092796 	22.203604 	79.906197 	13.000000 	23.769728 	14.317822 	89.872131 	65.604881 	55.226807 	50.931328 	67.424034 	25.317978 	
72.180328 	17.464249 	7.280110 	30.528675 	24.738634 	34.481880 	999.000000 	113.951744 	91.350975 	65.215027 	68.818604 	5.000000 	127.263504 	17.262676 	69.656296 	44.821869 	21.470911 	18.681541 	85.146935 	24.698177 	88.090858 	38.910152 	67.675697 	32.695564 	125.399361 	32.893768 	85.000000 	13.000000 	42.544094 	85.802101 	76.550636 	43.462627 	90.210861 	144.308701 	103.077644 	141.226761 	137.440903 	26.019224 	72.945183 	29.206163 	104.019226 	55.713554 	113.454834 	35.355339 	21.587032 	36.221542 	123.166557 	99.864906 	22.825424 	20.615528 	101.788994 	56.515484 	
41.773197 	97.590981 	110.317726 	85.000000 	135.281189 	81.841309 	113.951744 	999.000000 	24.698177 	51.884487 	48.754486 	110.634537 	29.068884 	104.350372 	44.598206 	69.296463 	121.210564 	97.672920 	29.068884 	136.561340 	29.410883 	79.075912 	50.566788 	85.146935 	11.661903 	86.284416 	34.205261 	105.603027 	77.025970 	33.955853 	43.965897 	154.563904 	31.257000 	31.304953 	19.235384 	27.784887 	23.600847 	97.416634 	50.695168 	142.842575 	20.615528 	68.709534 	13.453624 	89.470665 	105.152267 	89.894379 	14.035668 	27.459061 	136.235092 	132.438660 	29.120440 	74.330345 	
20.615528 	75.802376 	88.408142 	61.554855 	113.811249 	58.137768 	91.350975 	24.698177 	999.000000 	27.459061 	24.186773 	87.692642 	49.162994 	83.528435 	25.000000 	47.707443 	100.846420 	76.275818 	13.601471 	114.808533 	5.000000 	55.000000 	25.942244 	61.220913 	36.249138 	62.201286 	10.000000 	82.134033 	52.697250 	10.049875 	19.416489 	133.221619 	9.433981 	55.946404 	12.649111 	52.325901 	47.885281 	73.239334 	26.305893 	120.507263 	14.317822 	44.011364 	22.203604 	65.000000 	81.024689 	65.368187 	31.827662 	14.560220 	113.145920 	109.041275 	17.720045 	49.729267 	
15.524175 	50.990196 	63.134777 	34.828148 	88.684837 	31.144823 	65.215027 	51.884487 	27.459061 	999.000000 	3.605551 	61.220913 	72.835434 	59.808025 	18.357559 	25.179358 	77.252831 	52.000000 	27.073973 	89.358826 	23.430750 	27.658634 	3.000000 	33.970577 	63.529522 	34.828148 	19.849434 	55.172459 	25.238859 	20.615528 	11.704700 	108.046288 	25.000000 	83.186539 	38.183765 	79.649231 	75.292763 	45.803928 	11.401754 	94.403389 	38.948685 	18.027756 	48.836460 	37.589893 	53.600372 	38.013157 	58.898216 	34.669872 	86.371292 	82.024384 	36.715118 	25.079872 	
14.764823 	54.561890 	66.730804 	38.418747 	92.282173 	34.713108 	68.818604 	48.754486 	24.186773 	3.605551 	999.000000 	64.815125 	70.455658 	63.324562 	18.439089 	28.442924 	80.777473 	55.542778 	25.019993 	92.962357 	20.000000 	31.144823 	2.000000 	37.483330 	60.373837 	38.288380 	16.278820 	58.728188 	28.600698 	17.029387 	8.246211 	111.646767 	21.400934 	80.056229 	34.655445 	76.478752 	72.069412 	49.203659 	9.433981 	98.005104 	35.383614 	20.396078 	45.343136 	40.816662 	57.008770 	41.182522 	55.443665 	31.064449 	89.938866 	85.562843 	33.120991 	27.018513 	
68.883957 	16.124516 	9.899495 	26.400757 	29.614185 	30.232433 	5.000000 	110.634537 	87.692642 	61.220913 	64.815125 	999.000000 	124.823875 	18.788294 	66.610809 	41.880783 	26.000000 	18.000000 	82.006096 	29.410883 	84.291161 	34.481880 	63.600315 	28.178005 	122.147453 	28.231188 	81.055534 	8.000000 	38.013157 	81.835197 	72.422371 	48.104053 	86.214851 	141.209061 	99.247169 	138.057953 	134.182709 	21.023796 	68.600288 	33.286633 	100.124924 	51.078373 	109.713264 	30.413813 	16.763054 	31.257000 	119.519875 	95.801880 	25.612497 	22.360680 	97.652443 	51.662365 	
58.940647 	109.931801 	122.331520 	101.390335 	145.602203 	99.020203 	127.263504 	29.068884 	49.162994 	72.835434 	70.455658 	124.823875 	999.000000 	114.621117 	59.464275 	83.192551 	129.957687 	109.293182 	45.891174 	147.410995 	54.147945 	97.416634 	72.443085 	102.786186 	24.839485 	104.355164 	59.135437 	121.247681 	96.301613 	59.211487 	68.000000 	164.149323 	57.706154 	27.073973 	47.759815 	27.073973 	27.892651 	115.433968 	75.000000 	154.767563 	49.396355 	90.796478 	42.190044 	108.931168 	122.776222 	109.635757 	38.183765 	55.973209 	150.083313 	147.176758 	57.939625 	97.416634 	
63.245552 	10.049875 	10.049875 	29.017237 	31.144823 	33.000000 	17.262676 	104.350372 	83.528435 	59.808025 	63.324562 	18.788294 	114.621117 	999.000000 	59.816387 	35.846897 	17.464249 	8.062258 	75.286118 	32.802441 	81.006172 	38.000000 	62.625874 	33.241539 	115.433968 	34.525352 	78.721024 	23.345236 	42.000000 	79.624115 	71.512238 	50.249378 	84.095184 	133.645050 	95.880135 	130.831955 	127.404869 	33.120991 	69.375786 	40.311287 	97.128784 	55.081757 	105.688217 	39.849716 	32.557640 	41.109608 	114.856430 	93.941475 	37.854988 	37.054016 	96.254868 	58.137768 	
5.099020 	53.037724 	65.764732 	42.047592 	90.686272 	39.560081 	69.656296 	44.598206 	25.000000 	18.357559 	18.439089 	66.610809 	59.464275 	59.816387 	999.000000 	24.839485 	76.843994 	53.075417 	15.556349 	91.967384 	24.083189 	38.078865 	20.000000 	43.324360 	55.865910 	44.922153 	24.186773 	62.265560 	37.336308 	25.179358 	23.323807 	109.986366 	29.017237 	74.652527 	37.643059 	71.589104 	67.896980 	55.973209 	27.586229 	98.351410 	39.293766 	34.928497 	46.518814 	49.819675 	63.324562 	50.635956 	55.226807 	38.118237 	92.200867 	88.752464 	41.048752 	42.449970 	
27.658634 	28.319605 	41.036568 	19.104973 	66.219330 	18.110771 	44.821869 	69.296463 	47.707443 	25.179358 	28.442924 	41.880783 	83.192551 	35.846897 	24.839485 	999.000000 	53.235325 	28.600698 	40.360870 	67.357254 	45.177429 	19.313208 	28.160255 	22.090721 	80.659782 	24.186773 	43.081318 	38.078865 	21.095022 	44.011364 	36.674240 	85.603737 	48.466484 	99.488693 	60.033325 	96.426140 	92.698433 	34.058773 	36.000000 	73.552704 	61.294373 	28.301943 	69.892776 	30.805843 	40.607880 	32.015621 	79.202271 	58.309521 	67.424034 	64.140472 	60.745369 	34.828148 	
80.454956 	26.683329 	17.262676 	45.398239 	16.763054 	49.497475 	21.470911 	121.210564 	100.846420 	77.252831 	80.777473 	26.000000 	129.957687 	17.464249 	76.843994 	53.235325 	999.000000 	25.298222 	92.200867 	19.416489 	98.412399 	54.451813 	80.056229 	49.091751 	132.136292 	50.009998 	96.176918 	33.526108 	58.420887 	97.082436 	88.955048 	34.205261 	101.552940 	150.013336 	113.251930 	147.322769 	144.045135 	45.891174 	86.683334 	28.284271 	114.529472 	71.700768 	122.967476 	54.230988 	42.720020 	55.326305 	132.018936 	111.400177 	31.048349 	33.105892 	113.718948 	74.060783 	
56.222771 	2.828427 	13.038404 	21.095022 	37.643059 	25.019993 	18.681541 	97.672920 	76.275818 	52.000000 	55.542778 	18.000000 	109.293182 	8.062258 	53.075417 	28.600698 	25.298222 	999.000000 	68.622154 	38.897301 	73.573090 	30.016663 	54.781384 	25.495098 	108.903625 	26.925823 	71.119621 	19.697716 	34.014702 	72.006943 	63.694584 	57.008770 	76.478752 	127.404869 	88.509888 	124.482933 	120.917328 	27.018513 	61.400326 	45.607018 	89.693924 	47.042534 	98.473343 	32.695564 	28.017851 	34.014702 	107.800743 	86.313385 	41.231056 	39.293766 	88.566360 	50.249378 	
13.416408 	68.593002 	81.320351 	56.938564 	106.216759 	54.120235 	85.146935 	29.068884 	13.601471 	27.073973 	25.019993 	82.006096 	45.891174 	75.286118 	15.556349 	40.360870 	92.200867 	68.622154 	999.000000 	107.517441 	15.811388 	52.000000 	27.018513 	57.697487 	40.311287 	59.093147 	19.104973 	77.388626 	50.596443 	19.798990 	24.698177 	125.495018 	21.633308 	59.203041 	25.000000 	56.080299 	52.345009 	70.263786 	31.320919 	113.899078 	27.018513 	45.099888 	32.280025 	63.245552 	77.820305 	63.890530 	40.249222 	28.160255 	107.615051 	104.043259 	31.320919 	52.000000 	
95.015785 	39.051247 	26.400757 	55.009090 	3.162278 	59.033890 	24.698177 	136.561340 	114.808533 	89.358826 	92.962357 	29.410883 	147.410995 	32.802441 	91.967384 	67.357254 	19.416489 	38.897301 	107.517441 	999.000000 	111.830231 	63.560993 	91.923882 	57.384666 	147.800537 	57.584721 	109.000000 	37.107952 	67.230942 	109.836243 	100.846420 	18.788294 	114.280357 	166.243790 	126.826653 	163.355438 	159.812393 	50.009998 	97.493591 	9.000000 	127.882759 	80.411446 	137.003647 	59.665737 	44.181442 	60.415230 	146.492325 	124.020157 	16.278820 	21.095022 	126.051575 	81.043198 	
19.235384 	72.945183 	85.445892 	58.000000 	110.941429 	54.451813 	88.090858 	29.410883 	5.000000 	23.430750 	20.000000 	84.291161 	54.147945 	81.006172 	24.083189 	45.177429 	98.412399 	73.573090 	15.811388 	111.830231 	999.000000 	51.088158 	21.633308 	57.384666 	40.853397 	58.258045 	5.000000 	78.492035 	48.600410 	5.099020 	14.560220 	130.357208 	5.830952 	60.539242 	15.000000 	56.859474 	52.325901 	69.202599 	21.377558 	117.290237 	16.124516 	39.395432 	25.455845 	60.745369 	77.006493 	61.057350 	35.468296 	14.035668 	109.622078 	105.380264 	17.000000 	44.922153 	
38.626415 	28.017851 	38.327538 	9.055386 	63.324562 	5.000000 	38.910152 	79.075912 	55.000000 	27.658634 	31.144823 	34.481880 	97.416634 	38.000000 	38.078865 	19.313208 	54.451813 	30.016663 	52.000000 	63.560993 	51.088158 	999.000000 	29.698484 	6.403124 	90.735878 	7.211102 	47.381432 	27.802877 	4.000000 	48.083260 	38.288380 	82.346825 	52.345009 	110.276924 	65.795135 	106.850365 	102.625534 	18.357559 	34.132095 	67.742157 	66.468040 	17.262676 	76.485291 	12.000000 	26.076809 	13.038404 	86.556343 	61.717098 	59.033890 	54.488529 	63.411354 	20.396078 	
16.552946 	53.712196 	65.764732 	37.202152 	91.301697 	33.421551 	67.675697 	50.566788 	25.942244 	3.000000 	2.000000 	63.600315 	72.443085 	62.625874 	20.000000 	28.160255 	80.056229 	54.781384 	27.018513 	91.923882 	21.633308 	29.698484 	999.000000 	36.069378 	62.169125 	36.796738 	17.691807 	57.384666 	27.018513 	18.384777 	8.944272 	110.639053 	22.671568 	81.859634 	36.124783 	78.262383 	73.824112 	47.634022 	8.544003 	96.834908 	36.769554 	18.439089 	46.861500 	39.115215 	55.443665 	39.446167 	57.008770 	32.202484 	88.617157 	84.172440 	34.132095 	25.019993 	
44.283180 	23.194826 	32.557640 	5.000000 	57.245087 	4.000000 	32.695564 	85.146935 	61.220913 	33.970577 	37.483330 	28.178005 	102.786186 	33.241539 	43.324360 	22.090721 	49.091751 	25.495098 	57.697487 	57.384666 	57.384666 	6.403124 	36.069378 	999.000000 	96.798759 	2.236068 	53.740116 	21.400934 	9.848858 	54.451813 	44.687805 	76.157730 	58.728188 	116.284134 	72.138756 	112.898186 	108.724419 	12.649111 	40.496914 	61.400326 	72.835434 	23.086792 	82.807007 	9.433981 	20.124611 	10.816654 	92.849342 	68.117546 	52.630791 	48.104053 	69.814041 	25.000000 	
53.263496 	108.903625 	121.630585 	96.607452 	146.454773 	93.477272 	125.399361 	11.661903 	36.249138 	63.529522 	60.373837 	122.147453 	24.839485 	115.433968 	55.865910 	80.659782 	132.136292 	108.903625 	40.311287 	147.800537 	40.853397 	90.735878 	62.169125 	96.798759 	999.000000 	97.943863 	45.541191 	117.200684 	88.684837 	45.221676 	55.362442 	165.680420 	42.201897 	19.697716 	29.154760 	16.124516 	12.041595 	109.077957 	61.983868 	154.207657 	30.016663 	80.230919 	20.223749 	101.118744 	116.811813 	101.533249 	13.601471 	37.013512 	147.756561 	144.013885 	38.052597 	85.702972 	
45.694637 	24.515301 	33.241539 	7.071068 	57.567352 	6.082763 	32.893768 	86.284416 	62.201286 	34.828148 	38.288380 	28.231188 	104.355164 	34.525352 	44.922153 	24.186773 	50.009998 	26.925823 	59.093147 	57.584721 	58.258045 	7.211102 	36.796738 	2.236068 	97.943863 	999.000000 	54.488529 	21.095022 	10.000000 	55.172459 	45.276924 	76.321686 	59.396969 	117.477661 	72.917763 	114.057007 	109.836243 	11.180340 	40.804413 	61.294373 	73.552704 	22.847319 	83.630135 	7.211102 	18.867962 	8.602325 	93.723000 	68.680420 	52.201534 	47.507893 	70.292244 	24.083189 	
19.104973 	70.327805 	82.680107 	54.671749 	108.226616 	50.990196 	85.000000 	34.205261 	10.000000 	19.849434 	16.278820 	81.055534 	59.135437 	78.721024 	24.186773 	43.081318 	96.176918 	71.119621 	19.104973 	109.000000 	5.000000 	47.381432 	17.691807 	53.740116 	45.541191 	54.488529 	999.000000 	75.006668 	44.687805 	1.000000 	9.848858 	127.624451 	5.385165 	65.192024 	18.439089 	61.465439 	56.859474 	65.299309 	16.492422 	114.201576 	19.104973 	34.885529 	29.206163 	56.612720 	73.109505 	56.859474 	39.408119 	15.231546 	106.216759 	101.833199 	17.720045 	40.162170 	
64.070274 	17.088007 	16.552946 	20.615528 	37.483330 	24.041630 	13.000000 	105.603027 	82.134033 	55.172459 	58.728188 	8.000000 	121.247681 	23.345236 	62.265560 	38.078865 	33.526108 	19.697716 	77.388626 	37.107952 	78.492035 	27.802877 	57.384666 	21.400934 	117.200684 	21.095022 	75.006668 	999.000000 	31.064449 	75.742989 	66.068146 	55.659679 	80.056229 	136.484436 	93.348808 	133.221619 	129.201401 	13.038404 	61.854668 	40.249222 	94.111633 	43.829212 	103.947105 	22.561028 	9.433981 	23.345236 	113.899078 	89.498604 	31.240999 	26.907248 	91.214035 	43.965897 	
37.363083 	32.015621 	42.201897 	13.038404 	67.067131 	9.000000 	42.544094 	77.025970 	52.697250 	25.238859 	28.600698 	38.013157 	96.301613 	42.000000 	37.336308 	21.095022 	58.420887 	34.014702 	50.596443 	67.230942 	48.600410 	4.000000 	27.018513 	9.848858 	88.684837 	10.000000 	44.687805 	31.064449 	999.000000 	45.343136 	35.355339 	86.005814 	49.517673 	108.300507 	63.126858 	104.809349 	100.498756 	20.615528 	30.805843 	71.196907 	63.702435 	13.341664 	73.878281 	12.649111 	28.425341 	13.341664 	84.023804 	58.728188 	62.201286 	57.489128 	60.307545 	16.492422 	
20.099751 	71.196907 	83.528435 	55.443665 	109.077957 	51.739735 	85.802101 	33.955853 	10.049875 	20.615528 	17.029387 	81.835197 	59.211487 	79.624115 	25.179358 	44.011364 	97.082436 	72.006943 	19.798990 	109.836243 	5.099020 	48.083260 	18.384777 	54.451813 	45.221676 	55.172459 	1.000000 	75.742989 	45.343136 	999.000000 	10.295630 	128.471786 	4.472136 	64.845970 	17.804493 	61.098282 	56.462376 	65.946945 	16.763054 	115.000000 	18.384777 	35.355339 	28.600698 	57.201397 	73.756355 	57.428215 	38.832977 	14.317822 	106.962608 	102.552429 	16.763054 	40.496914 	
18.601076 	62.649822 	74.706093 	46.043457 	100.239716 	42.201897 	76.550636 	43.965897 	19.416489 	11.704700 	8.246211 	72.422371 	68.000000 	71.512238 	23.323807 	36.674240 	88.955048 	63.694584 	24.698177 	100.846420 	14.560220 	38.288380 	8.944272 	44.687805 	55.362442 	45.276924 	9.848858 	66.068146 	35.355339 	10.295630 	999.000000 	119.570061 	14.212670 	75.026665 	28.017851 	71.309189 	66.708321 	55.901699 	7.000000 	105.683487 	28.425341 	25.059929 	38.832977 	47.010635 	63.702435 	47.201694 	49.091751 	23.430750 	97.308784 	92.763138 	25.238859 	30.364452 	
113.229858 	57.428215 	44.944408 	73.790245 	19.416489 	77.820305 	43.462627 	154.563904 	133.221619 	108.046288 	111.646767 	48.104053 	164.149323 	50.249378 	109.986366 	85.603737 	34.205261 	57.008770 	125.495018 	18.788294 	130.357208 	82.346825 	110.639053 	76.157730 	165.680420 	76.321686 	127.624451 	55.659679 	86.005814 	128.471786 	119.570061 	999.000000 	132.924789 	183.853195 	145.340973 	181.069046 	177.654160 	68.410522 	116.275536 	17.029387 	146.441116 	99.161484 	155.425217 	78.160095 	62.169125 	78.847954 	164.805954 	142.688477 	29.154760 	35.128338 	144.754959 	99.624290 	
24.000000 	75.663727 	87.982956 	59.816387 	113.534134 	56.080299 	90.210861 	31.257000 	9.433981 	25.000000 	21.400934 	86.214851 	57.706154 	84.095184 	29.017237 	48.466484 	101.552940 	76.478752 	21.633308 	114.280357 	5.830952 	52.345009 	22.671568 	58.728188 	42.201897 	59.396969 	5.385165 	80.056229 	49.517673 	4.472136 	14.212670 	132.924789 	999.000000 	61.684681 	13.892444 	57.870544 	53.141319 	70.092796 	20.124611 	119.402679 	14.212670 	39.115215 	24.698177 	61.220913 	77.897369 	61.400326 	34.985710 	9.848858 	111.287918 	106.831642 	12.369317 	43.863426 	
72.422371 	127.561752 	140.264038 	115.935326 	164.769531 	112.898186 	144.308701 	31.304953 	55.946404 	83.186539 	80.056229 	141.209061 	27.073973 	133.645050 	74.652527 	99.488693 	150.013336 	127.404869 	59.203041 	166.243790 	60.539242 	110.276924 	81.859634 	116.284134 	19.697716 	117.477661 	65.192024 	136.484436 	108.300507 	64.845970 	75.026665 	183.853195 	61.684681 	999.000000 	48.270073 	4.000000 	9.000000 	128.631256 	81.596565 	172.904602 	48.836460 	99.924973 	38.327538 	120.768372 	136.341476 	121.198181 	29.000000 	55.731499 	166.817261 	163.217651 	56.320511 	105.342300 	
33.241539 	87.920418 	100.439034 	72.917763 	125.924583 	69.310890 	103.077644 	19.235384 	12.649111 	38.183765 	34.655445 	99.247169 	47.759815 	95.880135 	37.643059 	60.033325 	113.251930 	88.509888 	25.000000 	126.826653 	15.000000 	65.795135 	36.124783 	72.138756 	29.154760 	72.917763 	18.439089 	93.348808 	63.126858 	17.804493 	28.017851 	145.340973 	13.892444 	48.270073 	999.000000 	44.384682 	39.560081 	83.737686 	34.000000 	132.279999 	2.236068 	53.000000 	10.816654 	75.000000 	91.547798 	75.213028 	21.095022 	8.246211 	124.523087 	120.208153 	10.295630 	57.697487 	
69.202599 	124.579292 	137.295303 	112.645462 	161.929001 	109.553642 	141.226761 	27.784887 	52.325901 	79.649231 	76.478752 	138.057953 	27.073973 	130.831955 	71.589104 	96.426140 	147.322769 	124.482933 	56.080299 	163.355438 	56.859474 	106.850365 	78.262383 	112.898186 	16.124516 	114.057007 	61.465439 	133.221619 	104.809349 	61.098282 	71.309189 	181.069046 	57.870544 	4.000000 	44.384682 	999.000000 	5.000000 	125.195847 	77.833153 	169.917633 	44.911022 	96.254868 	34.365681 	117.239075 	132.924789 	117.647781 	25.000000 	51.788029 	163.670395 	160.000000 	52.345009 	101.592323 	
65.299309 	120.933868 	133.660019 	108.600182 	158.448730 	105.437187 	137.440903 	23.600847 	47.885281 	75.292763 	72.069412 	134.182709 	27.892651 	127.404869 	67.896980 	92.698433 	144.045135 	120.917328 	52.345009 	159.812393 	52.325901 	102.625534 	73.824112 	108.724419 	12.041595 	109.836243 	56.859474 	129.201401 	100.498756 	56.462376 	66.708321 	177.654160 	53.141319 	9.000000 	39.560081 	5.000000 	999.000000 	120.950401 	73.164200 	166.243790 	40.024994 	91.706055 	29.427877 	112.871605 	128.701202 	113.251930 	20.000000 	46.872166 	159.790482 	156.028839 	47.381432 	96.932968 	
56.859474 	24.207438 	28.635643 	15.000000 	50.487621 	16.492422 	26.019224 	97.416634 	73.239334 	45.803928 	49.203659 	21.023796 	115.433968 	33.120991 	55.973209 	34.058773 	45.891174 	27.018513 	70.263786 	50.009998 	69.202599 	18.357559 	47.634022 	12.649111 	109.077957 	11.180340 	65.299309 	13.038404 	20.615528 	65.946945 	55.901699 	68.410522 	70.092796 	128.631256 	83.737686 	125.195847 	120.950401 	999.000000 	50.990196 	52.554733 	84.291161 	32.202484 	94.493385 	9.848858 	7.810250 	10.440307 	104.637466 	79.195961 	42.544094 	37.443291 	80.659782 	31.384710 	
23.430750 	60.083275 	71.693794 	42.485291 	97.082436 	38.470768 	72.945183 	50.695168 	26.305893 	11.401754 	9.433981 	68.600288 	75.000000 	69.375786 	27.586229 	36.000000 	86.683334 	61.400326 	31.320919 	97.493591 	21.377558 	34.132095 	8.544003 	40.496914 	61.983868 	40.804413 	16.492422 	61.854668 	30.805843 	16.763054 	7.000000 	116.275536 	20.124611 	81.596565 	34.000000 	77.833153 	73.164200 	50.990196 	999.000000 	101.872467 	34.132095 	19.209373 	44.777225 	41.725292 	58.728188 	41.773197 	55.072678 	28.425341 	93.005379 	88.238312 	29.698484 	23.769728 	
101.118744 	45.343136 	32.649654 	59.640591 	12.041595 	63.513779 	29.206163 	142.842575 	120.507263 	94.403389 	98.005104 	33.286633 	154.767563 	40.311287 	98.351410 	73.552704 	28.284271 	45.607018 	113.899078 	9.000000 	117.290237 	67.742157 	96.834908 	61.400326 	154.207657 	61.294373 	114.201576 	40.249222 	71.196907 	115.000000 	105.683487 	17.029387 	119.402679 	172.904602 	132.279999 	169.917633 	166.243790 	52.554733 	101.872467 	999.000000 	133.225372 	84.077347 	142.635895 	62.393909 	45.880280 	62.968246 	152.305618 	129.034882 	12.165525 	18.110771 	130.919830 	83.934502 	
34.785053 	89.044930 	101.513542 	73.756355 	127.027557 	70.092796 	104.019226 	20.615528 	14.317822 	38.948685 	35.383614 	100.124924 	49.396355 	97.128784 	39.293766 	61.294373 	114.529472 	89.693924 	27.018513 	127.882759 	16.124516 	66.468040 	36.769554 	72.835434 	30.016663 	73.552704 	19.104973 	94.111633 	63.702435 	18.384777 	28.425341 	146.441116 	14.212670 	48.836460 	2.236068 	44.911022 	40.024994 	84.291161 	34.132095 	133.225372 	999.000000 	53.254108 	10.770329 	75.432091 	92.097771 	75.604233 	21.023796 	7.000000 	125.319588 	120.933868 	8.544003 	57.706154 	
33.136082 	45.177429 	55.542778 	26.305893 	80.324341 	22.203604 	55.713554 	68.709534 	44.011364 	18.027756 	20.396078 	51.078373 	90.796478 	55.081757 	34.928497 	28.301943 	71.700768 	47.042534 	45.099888 	80.411446 	39.395432 	17.262676 	18.439089 	23.086792 	80.230919 	22.847319 	34.885529 	43.829212 	13.341664 	35.355339 	25.059929 	99.161484 	39.115215 	99.924973 	53.000000 	96.254868 	91.706055 	32.202484 	19.209373 	84.077347 	53.254108 	999.000000 	63.812225 	22.671568 	39.824615 	22.627417 	74.094536 	47.634022 	74.625732 	69.634758 	48.836460 	7.615773 	
42.544094 	98.005104 	110.602890 	83.450584 	136.014709 	79.906197 	113.454834 	13.453624 	22.203604 	48.836460 	45.343136 	109.713264 	42.190044 	105.688217 	46.518814 	69.892776 	122.967476 	98.473343 	32.280025 	137.003647 	25.455845 	76.485291 	46.861500 	82.807007 	20.223749 	83.630135 	29.206163 	103.947105 	73.878281 	28.600698 	38.832977 	155.425217 	24.698177 	38.327538 	10.816654 	34.365681 	29.427877 	94.493385 	44.777225 	142.635895 	10.770329 	63.812225 	999.000000 	85.802101 	102.303467 	86.023254 	10.295630 	17.464249 	135.074051 	130.831955 	18.027756 	68.425140 	
50.000000 	30.083218 	37.054016 	14.212670 	60.016663 	13.000000 	35.355339 	89.470665 	65.000000 	37.589893 	40.816662 	30.413813 	108.931168 	39.849716 	49.819675 	30.805843 	54.230988 	32.695564 	63.245552 	59.665737 	60.745369 	12.000000 	39.115215 	9.433981 	101.118744 	7.211102 	56.612720 	22.561028 	12.649111 	57.201397 	47.010635 	78.160095 	61.220913 	120.768372 	75.000000 	117.239075 	112.871605 	9.848858 	41.725292 	62.393909 	75.432091 	22.671568 	85.802101 	999.000000 	17.204651 	1.414214 	96.020828 	70.092796 	52.354561 	47.169907 	71.421288 	21.540659 	
64.404968 	25.238859 	25.942244 	21.587032 	45.011108 	23.769728 	21.587032 	105.152267 	81.024689 	53.600372 	57.008770 	16.763054 	122.776222 	32.557640 	63.324562 	40.607880 	42.720020 	28.017851 	77.820305 	44.181442 	77.006493 	26.076809 	55.443665 	20.124611 	116.811813 	18.867962 	73.109505 	9.433981 	28.425341 	73.756355 	63.702435 	62.169125 	77.897369 	136.341476 	91.547798 	132.924789 	128.701202 	7.810250 	58.728188 	45.880280 	92.097771 	39.824615 	102.303467 	17.204651 	999.000000 	17.492855 	112.445541 	86.977005 	35.341194 	30.016663 	88.413803 	38.470768 	
50.695168 	31.384710 	38.118237 	15.620500 	60.827625 	14.317822 	36.221542 	89.894379 	65.368187 	38.013157 	41.182522 	31.257000 	109.635757 	41.109608 	50.635956 	32.015621 	55.326305 	34.014702 	63.890530 	60.415230 	61.057350 	13.038404 	39.446167 	10.816654 	101.533249 	8.602325 	56.859474 	23.345236 	13.341664 	57.428215 	47.201694 	78.847954 	61.400326 	121.198181 	75.213028 	117.647781 	113.251930 	10.440307 	41.773197 	62.968246 	75.604233 	22.627417 	86.023254 	1.414214 	17.492855 	999.000000 	96.260063 	70.178345 	52.773098 	47.507893 	71.449280 	21.023796 	
51.613953 	107.447662 	120.104118 	93.348808 	145.416641 	89.872131 	123.166557 	14.035668 	31.827662 	58.898216 	55.443665 	119.519875 	38.183765 	114.856430 	55.226807 	79.202271 	132.018936 	107.800743 	40.249222 	146.492325 	35.468296 	86.556343 	57.008770 	92.849342 	13.601471 	93.723000 	39.408119 	113.899078 	84.023804 	38.832977 	49.091751 	164.805954 	34.985710 	29.000000 	21.095022 	25.000000 	20.000000 	104.637466 	55.072678 	152.305618 	21.023796 	74.094536 	10.295630 	96.020828 	112.445541 	96.260063 	999.000000 	27.513634 	144.958618 	140.801285 	27.658634 	78.714676 	
33.241539 	85.475143 	97.754799 	69.404610 	123.308556 	65.604881 	99.864906 	27.459061 	14.560220 	34.669872 	31.064449 	95.801880 	55.973209 	93.941475 	38.118237 	58.309521 	111.400177 	86.313385 	28.160255 	124.020157 	14.035668 	61.717098 	32.202484 	68.117546 	37.013512 	68.680420 	15.231546 	89.498604 	58.728188 	14.317822 	23.430750 	142.688477 	9.848858 	55.731499 	8.246211 	51.788029 	46.872166 	79.195961 	28.425341 	129.034882 	7.000000 	47.634022 	17.464249 	70.092796 	86.977005 	70.178345 	27.513634 	999.000000 	120.739388 	116.180893 	3.162278 	51.623638 	
94.493385 	40.249222 	28.460499 	51.623638 	19.104973 	55.226807 	22.825424 	136.235092 	113.145920 	86.371292 	89.938866 	25.612497 	150.083313 	37.854988 	92.200867 	67.424034 	31.048349 	41.231056 	107.615051 	16.278820 	109.622078 	59.033890 	88.617157 	52.630791 	147.756561 	52.201534 	106.216759 	31.240999 	62.201286 	106.962608 	97.308784 	29.154760 	111.287918 	166.817261 	124.523087 	163.670395 	159.790482 	42.544094 	93.005379 	12.165525 	125.319588 	74.625732 	135.074051 	52.354561 	35.341194 	52.773098 	144.958618 	120.739388 	999.000000 	6.000000 	122.441826 	73.790245 	
90.801979 	37.947330 	27.166155 	47.507893 	23.600847 	50.931328 	20.615528 	132.438660 	109.041275 	82.024384 	85.562843 	22.360680 	147.176758 	37.054016 	88.752464 	64.140472 	33.105892 	39.293766 	104.043259 	21.095022 	105.380264 	54.488529 	84.172440 	48.104053 	144.013885 	47.507893 	101.833199 	26.907248 	57.489128 	102.552429 	92.763138 	35.128338 	106.831642 	163.217651 	120.208153 	160.000000 	156.028839 	37.443291 	88.238312 	18.110771 	120.933868 	69.634758 	130.831955 	47.169907 	30.016663 	47.507893 	140.801285 	116.180893 	6.000000 	999.000000 	117.796432 	68.476273 	
36.124783 	87.658424 	99.849884 	71.281136 	125.399361 	67.424034 	101.788994 	29.120440 	17.720045 	36.715118 	33.120991 	97.652443 	57.939625 	96.254868 	41.048752 	60.745369 	113.718948 	88.566360 	31.320919 	126.051575 	17.000000 	63.411354 	34.132095 	69.814041 	38.052597 	70.292244 	17.720045 	91.214035 	60.307545 	16.763054 	25.238859 	144.754959 	12.369317 	56.320511 	10.295630 	52.345009 	47.381432 	80.659782 	29.698484 	130.919830 	8.544003 	48.836460 	18.027756 	71.421288 	88.413803 	71.449280 	27.658634 	3.162278 	122.441826 	117.796432 	999.000000 	52.430908 	
40.447498 	48.093658 	57.314919 	29.154760 	81.252693 	25.317978 	56.515484 	74.330345 	49.729267 	25.079872 	27.018513 	51.662365 	97.416634 	58.137768 	42.449970 	34.828148 	74.060783 	50.249378 	52.000000 	81.043198 	44.922153 	20.396078 	25.019993 	25.000000 	85.702972 	24.083189 	40.162170 	43.965897 	16.492422 	40.496914 	30.364452 	99.624290 	43.863426 	105.342300 	57.697487 	101.592323 	96.932968 	31.384710 	23.769728 	83.934502 	57.706154 	7.615773 	68.425140 	21.540659 	38.470768 	21.023796 	78.714676 	51.623638 	73.790245 	68.476273 	52.430908 	999.000000 	

Travel time:
9.000000 	1.399330 	1.717010 	1.089151 	2.346540 	1.017657 	1.804508 	1.044330 	0.515388 	0.388104 	0.369121 	1.722099 	1.473516 	1.581139 	0.127475 	0.691466 	2.011374 	1.405569 	0.335410 	2.375395 	0.480885 	0.965660 	0.413824 	1.107080 	1.331587 	1.142366 	0.477624 	1.601757 	0.934077 	0.502494 	0.465027 	2.830746 	0.600000 	1.810559 	0.831038 	1.730065 	1.632483 	1.421487 	0.585769 	2.527969 	0.869626 	0.828402 	1.063602 	1.250000 	1.610124 	1.267379 	1.290349 	0.831038 	2.362335 	2.270050 	0.903120 	1.011187 	
1.399330 	9.000000 	0.318198 	0.475000 	0.950329 	0.575543 	0.436606 	2.439775 	1.895059 	1.274755 	1.364047 	0.403113 	2.748295 	0.251247 	1.325943 	0.707990 	0.667083 	0.070711 	1.714825 	0.976281 	1.823630 	0.700446 	1.342805 	0.579871 	2.722591 	0.612882 	1.758195 	0.427200 	0.800391 	1.779923 	1.566246 	1.435705 	1.891593 	3.189044 	2.198010 	3.114482 	3.023347 	0.605186 	1.502082 	1.133578 	2.226123 	1.129436 	2.450128 	0.752080 	0.630971 	0.784618 	2.686192 	2.136878 	1.006231 	0.948683 	2.191461 	1.202341 	
1.717010 	0.318198 	9.000000 	0.735272 	0.638847 	0.838153 	0.182003 	2.757943 	2.210204 	1.578369 	1.668270 	0.247487 	3.058288 	0.251247 	1.644118 	1.025914 	0.431567 	0.325960 	2.033009 	0.660019 	2.136147 	0.958188 	1.644118 	0.813941 	3.040765 	0.831038 	2.067003 	0.413824 	1.055047 	2.088211 	1.867652 	1.123610 	2.199574 	3.506601 	2.510976 	3.432383 	3.341501 	0.715891 	1.792345 	0.816241 	2.537838 	1.388569 	2.765072 	0.926350 	0.648556 	0.952956 	3.002603 	2.443870 	0.711512 	0.679154 	2.496247 	1.432873 	
1.089151 	0.475000 	0.735272 	9.000000 	1.365650 	0.103078 	0.763217 	2.125000 	1.538871 	0.870704 	0.960469 	0.660019 	2.534758 	0.725431 	1.051190 	0.477624 	1.134956 	0.527376 	1.423464 	1.375227 	1.450000 	0.226385 	0.930054 	0.125000 	2.415186 	0.176777 	1.366794 	0.515388 	0.325960 	1.386092 	1.151086 	1.844756 	1.495410 	2.898383 	1.822944 	2.816137 	2.715004 	0.375000 	1.062132 	1.491015 	1.843909 	0.657647 	2.086265 	0.355317 	0.539676 	0.390512 	2.333720 	1.735115 	1.290591 	1.187697 	1.782028 	0.728869 	
2.346540 	0.950329 	0.638847 	1.365650 	9.000000 	1.467353 	0.618466 	3.382030 	2.845281 	2.217121 	2.307054 	0.740355 	3.640055 	0.778621 	2.267157 	1.655483 	0.419076 	0.941076 	2.655419 	0.079057 	2.773536 	1.583114 	2.282542 	1.431127 	3.661369 	1.439184 	2.705665 	0.937083 	1.676678 	2.726949 	2.505993 	0.485412 	2.838353 	4.119238 	3.148115 	4.048225 	3.961218 	1.262191 	2.427061 	0.301040 	3.175689 	2.008109 	3.400368 	1.500417 	1.125278 	1.520691 	3.635416 	3.082714 	0.477624 	0.590021 	3.134984 	2.031317 	
1.017657 	0.575543 	0.838153 	0.103078 	1.467353 	9.000000 	0.862047 	2.046033 	1.453444 	0.778621 	0.867828 	0.755811 	2.475505 	0.825000 	0.989002 	0.452769 	1.237437 	0.625500 	1.353006 	1.475847 	1.361295 	0.125000 	0.835539 	0.100000 	2.336932 	0.152069 	1.274755 	0.601041 	0.225000 	1.293493 	1.055047 	1.945508 	1.402007 	2.822455 	1.732772 	2.738841 	2.635930 	0.412311 	0.961769 	1.587844 	1.752320 	0.555090 	1.997655 	0.325000 	0.594243 	0.357946 	2.246803 	1.640122 	1.380670 	1.273283 	1.685601 	0.632949 	
1.804508 	0.436606 	0.182003 	0.763217 	0.618466 	0.862047 	9.000000 	2.848794 	2.283774 	1.630376 	1.720465 	0.125000 	3.181588 	0.431567 	1.741407 	1.120547 	0.536773 	0.467039 	2.128673 	0.617454 	2.202271 	0.972754 	1.691892 	0.817389 	3.134984 	0.822344 	2.125000 	0.325000 	1.063602 	2.145052 	1.913766 	1.086566 	2.255271 	3.607718 	2.576941 	3.530669 	3.436023 	0.650481 	1.823630 	0.730154 	2.600481 	1.392839 	2.836371 	0.883883 	0.539676 	0.905539 	3.079164 	2.496623 	0.570636 	0.515388 	2.544725 	1.412887 	
1.044330 	2.439775 	2.757943 	2.125000 	3.382030 	2.046033 	2.848794 	9.000000 	0.617454 	1.297112 	1.218862 	2.765863 	0.726722 	2.608759 	1.114955 	1.732412 	3.030264 	2.441823 	0.726722 	3.414033 	0.735272 	1.976898 	1.264170 	2.128673 	0.291548 	2.157110 	0.855132 	2.640076 	1.925649 	0.848896 	1.099147 	3.864098 	0.781425 	0.782624 	0.480885 	0.694622 	0.590021 	2.435416 	1.267379 	3.571064 	0.515388 	1.717738 	0.336341 	2.236767 	2.628807 	2.247360 	0.350892 	0.686477 	3.405877 	3.310966 	0.728011 	1.858259 	
0.515388 	1.895059 	2.210204 	1.538871 	2.845281 	1.453444 	2.283774 	0.617454 	9.000000 	0.686477 	0.604669 	2.192316 	1.229075 	2.088211 	0.625000 	1.192686 	2.521161 	1.906895 	0.340037 	2.870213 	0.125000 	1.375000 	0.648556 	1.530523 	0.906228 	1.555032 	0.250000 	2.053351 	1.317431 	0.251247 	0.485412 	3.330540 	0.235850 	1.398660 	0.316228 	1.308148 	1.197132 	1.830983 	0.657647 	3.012681 	0.357946 	1.100284 	0.555090 	1.625000 	2.025617 	1.634205 	0.795692 	0.364006 	2.828648 	2.726032 	0.443001 	1.243232 	
0.388104 	1.274755 	1.578369 	0.870704 	2.217121 	0.778621 	1.630376 	1.297112 	0.686477 	9.000000 	0.090139 	1.530523 	1.820886 	1.495201 	0.458939 	0.629484 	1.931321 	1.300000 	0.676849 	2.233971 	0.585769 	0.691466 	0.075000 	0.849264 	1.588238 	0.870704 	0.496236 	1.379311 	0.630971 	0.515388 	0.292617 	2.701157 	0.625000 	2.079664 	0.954594 	1.991231 	1.882319 	1.145098 	0.285044 	2.360085 	0.973717 	0.450694 	1.220912 	0.939747 	1.340009 	0.950329 	1.472455 	0.866747 	2.159282 	2.050610 	0.917878 	0.626997 	
0.369121 	1.364047 	1.668270 	0.960469 	2.307054 	0.867828 	1.720465 	1.218862 	0.604669 	0.090139 	9.000000 	1.620378 	1.761391 	1.583114 	0.460977 	0.711073 	2.019437 	1.388569 	0.625500 	2.324059 	0.500000 	0.778621 	0.050000 	0.937083 	1.509346 	0.957209 	0.406971 	1.468205 	0.715017 	0.425735 	0.206155 	2.791169 	0.535023 	2.001406 	0.866386 	1.911969 	1.801735 	1.230091 	0.235850 	2.450128 	0.884590 	0.509902 	1.133578 	1.020416 	1.425219 	1.029563 	1.386092 	0.776611 	2.248472 	2.139071 	0.828025 	0.675463 	
1.722099 	0.403113 	0.247487 	0.660019 	0.740355 	0.755811 	0.125000 	2.765863 	2.192316 	1.530523 	1.620378 	9.000000 	3.120597 	0.469707 	1.665270 	1.047020 	0.650000 	0.450000 	2.050152 	0.735272 	2.107279 	0.862047 	1.590008 	0.704450 	3.053686 	0.705780 	2.026388 	0.200000 	0.950329 	2.045880 	1.810559 	1.202601 	2.155371 	3.530226 	2.481179 	3.451449 	3.354568 	0.525595 	1.715007 	0.832166 	2.503123 	1.276959 	2.742832 	0.760345 	0.419076 	0.781425 	2.987997 	2.395047 	0.640312 	0.559017 	2.441311 	1.291559 	
1.473516 	2.748295 	3.058288 	2.534758 	3.640055 	2.475505 	3.181588 	0.726722 	1.229075 	1.820886 	1.761391 	3.120597 	9.000000 	2.865528 	1.486607 	2.079814 	3.248942 	2.732330 	1.147279 	3.685275 	1.353699 	2.435416 	1.811077 	2.569655 	0.620987 	2.608879 	1.478386 	3.031192 	2.407540 	1.480287 	1.700000 	4.103733 	1.442654 	0.676849 	1.193995 	0.676849 	0.697316 	2.885849 	1.875000 	3.869189 	1.234909 	2.269912 	1.054751 	2.723279 	3.069406 	2.740894 	0.954594 	1.399330 	3.752083 	3.679419 	1.448491 	2.435416 	
1.581139 	0.251247 	0.251247 	0.725431 	0.778621 	0.825000 	0.431567 	2.608759 	2.088211 	1.495201 	1.583114 	0.469707 	2.865528 	9.000000 	1.495410 	0.896172 	0.436606 	0.201556 	1.882153 	0.820061 	2.025154 	0.950000 	1.565647 	0.831038 	2.885849 	0.863134 	1.968026 	0.583631 	1.050000 	1.990603 	1.787806 	1.256234 	2.102380 	3.341126 	2.397003 	3.270799 	3.185122 	0.828025 	1.734395 	1.007782 	2.428220 	1.377044 	2.642205 	0.996243 	0.813941 	1.027740 	2.871411 	2.348537 	0.946375 	0.926350 	2.406372 	1.453444 	
0.127475 	1.325943 	1.644118 	1.051190 	2.267157 	0.989002 	1.741407 	1.114955 	0.625000 	0.458939 	0.460977 	1.665270 	1.486607 	1.495410 	9.000000 	0.620987 	1.921100 	1.326885 	0.388909 	2.299185 	0.602080 	0.951972 	0.500000 	1.083109 	1.396648 	1.123054 	0.604669 	1.556639 	0.933408 	0.629484 	0.583095 	2.749659 	0.725431 	1.866313 	0.941076 	1.789728 	1.697425 	1.399330 	0.689656 	2.458785 	0.982344 	0.873212 	1.162970 	1.245492 	1.583114 	1.265899 	1.380670 	0.952956 	2.305022 	2.218812 	1.026219 	1.061249 	
0.691466 	0.707990 	1.025914 	0.477624 	1.655483 	0.452769 	1.120547 	1.732412 	1.192686 	0.629484 	0.711073 	1.047020 	2.079814 	0.896172 	0.620987 	9.000000 	1.330883 	0.715017 	1.009022 	1.683931 	1.129436 	0.482830 	0.704006 	0.552268 	2.016495 	0.604669 	1.077033 	0.951972 	0.527376 	1.100284 	0.916856 	2.140093 	1.211662 	2.487217 	1.500833 	2.410654 	2.317461 	0.851469 	0.900000 	1.838818 	1.532359 	0.707549 	1.747319 	0.770146 	1.015197 	0.800391 	1.980057 	1.457738 	1.685601 	1.603512 	1.518634 	0.870704 	
2.011374 	0.667083 	0.431567 	1.134956 	0.419076 	1.237437 	0.536773 	3.030264 	2.521161 	1.931321 	2.019437 	0.650000 	3.248942 	0.436606 	1.921100 	1.330883 	9.000000 	0.632456 	2.305022 	0.485412 	2.460310 	1.361295 	2.001406 	1.227294 	3.303407 	1.250250 	2.404423 	0.838153 	1.460522 	2.427061 	2.223876 	0.855132 	2.538824 	3.750333 	2.831298 	3.683069 	3.601128 	1.147279 	2.167083 	0.707107 	2.863237 	1.792519 	3.074187 	1.355775 	1.068001 	1.383158 	3.300473 	2.785004 	0.776209 	0.827647 	2.842974 	1.851520 	
1.405569 	0.070711 	0.325960 	0.527376 	0.941076 	0.625500 	0.467039 	2.441823 	1.906895 	1.300000 	1.388569 	0.450000 	2.732330 	0.201556 	1.326885 	0.715017 	0.632456 	9.000000 	1.715554 	0.972432 	1.839327 	0.750417 	1.369535 	0.637377 	2.722591 	0.673146 	1.777991 	0.492443 	0.850368 	1.800174 	1.592365 	1.425219 	1.911969 	3.185122 	2.212747 	3.112073 	3.022933 	0.675463 	1.535008 	1.140175 	2.242348 	1.176063 	2.461833 	0.817389 	0.700446 	0.850368 	2.695019 	2.157835 	1.030776 	0.982344 	2.214159 	1.256234 	
