Total assets = 647
Number of asset nodes = 34

Distance:
999.000000 	6.403124 	25.553865 	17.262676 	24.698177 	27.313000 	28.635643 	13.038404 	86.556343 	24.186773 	18.384777 	17.204651 	36.235340 	60.901562 	68.095520 	17.464249 	25.495098 	12.529964 	73.878281 	37.000000 	35.227829 	30.016663 	33.286633 	35.341194 	35.777088 	34.985710 	34.058773 	36.359318 	36.055511 	35.383614 	36.769554 	37.802116 	43.680660 	38.418747 	38.948685 	49.365982 	44.777225 	45.694637 	51.662365 	50.596443 	51.244511 	53.366657 	57.314919 	45.607018 	52.554733 	55.027267 	56.320511 	56.612720 	59.203041 	56.603886 	56.400356 	64.660652 	
6.403124 	999.000000 	31.906113 	23.086792 	30.870699 	33.541019 	34.885529 	10.816654 	92.849342 	29.832869 	22.203604 	18.027756 	30.463093 	66.887962 	74.094536 	11.401754 	31.827662 	6.324555 	80.280754 	42.190044 	31.016125 	32.893768 	35.846897 	38.600517 	38.897301 	37.696156 	35.846897 	39.000000 	38.483765 	36.891735 	35.510563 	39.824615 	47.675991 	40.311287 	38.418747 	54.037025 	48.083260 	49.040798 	55.731499 	54.341511 	55.108982 	57.558666 	62.032249 	45.967381 	56.044624 	58.694122 	60.207973 	60.415230 	63.150612 	59.033890 	58.309521 	67.082039 	
25.553865 	31.906113 	999.000000 	11.180340 	4.123106 	3.605551 	4.123106 	33.421551 	62.968246 	10.198039 	20.615528 	29.546574 	59.548298 	40.792156 	47.539455 	42.941822 	7.810250 	38.078865 	48.795490 	19.849434 	54.589375 	28.284271 	31.575306 	29.732138 	30.675724 	32.015621 	35.227829 	33.241539 	33.955853 	37.215588 	47.675991 	36.878178 	32.015621 	37.854988 	47.095646 	33.015148 	36.359318 	36.891735 	38.209946 	38.948685 	38.897301 	39.051247 	39.824615 	49.365982 	41.868843 	43.139309 	43.185646 	43.863426 	45.453274 	50.249378 	52.325901 	57.428215 	
17.262676 	23.086792 	11.180340 	999.000000 	8.485281 	11.313708 	12.727922 	22.627417 	74.094536 	7.000000 	10.000000 	18.384777 	48.795490 	51.662365 	58.523499 	34.481880 	16.000000 	29.410883 	59.464275 	20.223749 	43.416588 	20.124611 	23.706539 	23.430750 	24.207438 	24.698177 	26.570660 	26.076809 	26.419689 	28.460499 	37.121422 	29.068884 	29.154760 	29.966648 	37.054016 	33.241539 	31.890438 	32.649654 	36.674240 	36.359318 	36.715118 	38.078865 	41.000000 	40.521599 	38.832977 	40.816662 	41.593269 	42.059483 	44.283180 	45.276924 	46.400433 	53.037724 	
24.698177 	30.870699 	4.123106 	8.485281 	999.000000 	2.828427 	4.242640 	31.112698 	65.863495 	6.082763 	17.088007 	26.419689 	57.280014 	44.553337 	51.195702 	42.154476 	11.661903 	37.161808 	50.990196 	16.643316 	51.623638 	24.186773 	27.459061 	25.632011 	26.570660 	27.892651 	31.144823 	29.120440 	29.832869 	33.136082 	43.931767 	32.756680 	28.319605 	33.734257 	43.185646 	30.016663 	32.449963 	33.015148 	34.828148 	35.355339 	35.383614 	35.805027 	37.161808 	45.276924 	38.209946 	39.623226 	39.824615 	40.459858 	42.201897 	46.324940 	48.301140 	53.600372 	
27.313000 	33.541019 	3.605551 	11.313708 	2.828427 	999.000000 	1.414214 	33.941124 	63.134777 	8.062258 	19.697716 	29.154760 	60.108234 	42.296574 	48.836460 	44.777225 	11.313708 	39.812057 	48.166378 	16.278820 	54.378304 	26.019224 	29.154760 	26.925823 	27.892651 	29.427877 	33.015148 	30.594116 	31.400637 	35.014282 	46.324940 	34.365681 	28.600698 	35.355339 	45.398239 	29.410883 	33.120991 	33.615471 	34.655445 	35.468296 	35.383614 	35.468296 	36.235340 	47.095646 	38.418747 	39.623226 	39.623226 	40.311287 	41.868843 	47.010635 	49.244289 	54.083271 	
28.635643 	34.885529 	4.123106 	12.727922 	4.242640 	1.414214 	999.000000 	35.355339 	61.773781 	9.219544 	21.023796 	30.528675 	61.522354 	41.194660 	47.675991 	46.097721 	11.401754 	41.146080 	46.754681 	16.278820 	55.758408 	27.000000 	30.066593 	27.658634 	28.635643 	30.265491 	34.000000 	31.400637 	32.249031 	36.000000 	47.539455 	35.227829 	28.844410 	36.221542 	46.529560 	29.206163 	33.541019 	34.000000 	34.655445 	35.608986 	35.468296 	35.383614 	35.846897 	48.041649 	38.600517 	39.698868 	39.597980 	40.311287 	41.773197 	47.413078 	49.769470 	54.378304 	
13.038404 	10.816654 	33.421551 	22.627417 	31.112698 	33.941124 	35.355339 	999.000000 	96.260063 	28.017851 	17.088007 	9.055386 	26.172504 	72.090218 	79.202271 	18.027756 	35.777088 	13.892444 	82.073135 	38.275318 	22.561028 	25.079872 	27.459061 	31.064449 	31.144823 	29.427877 	26.570660 	30.594116 	29.832869 	27.313000 	24.698177 	30.675724 	41.012192 	31.016125 	27.658634 	48.507732 	40.311287 	41.303753 	49.000000 	47.095646 	48.041649 	51.009804 	56.435802 	35.468296 	48.373547 	51.244511 	53.084839 	53.150730 	56.080299 	49.979996 	48.754486 	57.939625 	
86.556343 	92.849342 	62.968246 	74.094536 	65.863495 	63.134777 	61.773781 	96.260063 	999.000000 	70.661163 	82.764725 	92.282173 	122.200653 	29.068884 	23.086792 	102.532921 	61.073727 	98.351410 	19.026299 	68.680420 	117.477661 	86.377083 	88.543777 	84.480766 	85.440041 	87.931793 	92.973114 	88.600227 	89.844307 	94.868332 	108.461975 	92.720009 	79.246452 	93.680305 	106.625511 	72.339478 	85.328773 	85.158676 	79.227524 	82.389320 	81.301903 	78.102493 	72.006943 	105.773346 	85.287750 	84.095184 	82.024384 	83.024094 	82.006096 	96.332756 	100.603180 	100.004997 	
24.186773 	29.832869 	10.198039 	7.000000 	6.082763 	8.062258 	9.219544 	28.017851 	70.661163 	999.000000 	12.206555 	22.022715 	53.907330 	50.358715 	56.885849 	41.231056 	17.464249 	36.138622 	55.000000 	13.341664 	47.201694 	18.110771 	21.377558 	19.697716 	20.615528 	21.840330 	25.079872 	23.086792 	23.769728 	27.073973 	38.327538 	26.683329 	23.430750 	27.658634 	37.336308 	26.570660 	27.018513 	27.658634 	30.528675 	30.610456 	30.805843 	31.764761 	34.205261 	39.204590 	33.301651 	35.000000 	35.510563 	36.055511 	38.078865 	40.804413 	42.544094 	48.270073 	
18.384777 	22.203604 	20.615528 	10.000000 	17.088007 	19.697716 	21.023796 	17.088007 	82.764725 	12.206555 	999.000000 	9.899495 	42.201897 	61.392181 	68.154236 	33.000000 	26.000000 	28.017851 	67.201187 	21.189621 	35.000000 	12.041595 	15.556349 	17.000000 	17.492855 	17.029387 	17.492855 	18.439089 	18.384777 	19.235384 	27.166155 	20.615528 	25.495098 	21.400934 	27.073973 	32.015621 	26.400757 	27.313000 	33.541019 	32.280025 	32.984844 	35.355339 	40.012497 	31.016125 	34.176014 	36.687874 	38.078865 	38.327538 	41.000000 	38.600517 	38.897301 	46.615448 	
17.204651 	18.027756 	29.546574 	18.384777 	26.419689 	29.154760 	30.528675 	9.055386 	92.282173 	22.022715 	9.899495 	999.000000 	32.449963 	69.921387 	76.843994 	26.925823 	33.734257 	22.472204 	77.006493 	30.413813 	25.238859 	16.031219 	18.439089 	22.022715 	22.090721 	20.396078 	17.888544 	21.587032 	20.880613 	18.867962 	20.396078 	21.931713 	32.062439 	22.360680 	21.931713 	39.812057 	31.257000 	32.249031 	40.012497 	38.052597 	39.012817 	42.047592 	47.675991 	28.425341 	39.319206 	42.190044 	44.045429 	44.102154 	47.042534 	41.231056 	40.311287 	49.244289 	
36.235340 	30.463093 	59.548298 	48.795490 	57.280014 	60.108234 	61.522354 	26.172504 	122.200653 	53.907330 	42.201897 	32.449963 	999.000000 	97.128784 	104.316826 	25.019993 	61.294373 	26.683329 	108.245094 	62.769421 	13.341664 	46.238514 	47.127487 	51.865211 	51.546097 	49.040798 	44.147480 	49.729267 	48.507732 	43.737854 	31.064449 	47.853943 	62.297672 	47.675991 	36.055511 	70.936592 	59.665737 	60.638271 	69.641945 	66.940269 	68.154236 	71.840103 	78.434685 	45.177429 	67.268120 	70.405968 	72.780495 	72.567207 	75.709976 	65.030762 	62.032249 	72.027771 	
60.901562 	66.887962 	40.792156 	51.662365 	44.553337 	42.296574 	41.194660 	72.090218 	29.068884 	50.358715 	61.392181 	69.921387 	97.128784 	999.000000 	7.211102 	75.604233 	36.400551 	71.847061 	27.658634 	53.460266 	94.339813 	68.117546 	71.028160 	68.029404 	69.028976 	71.000000 	75.106590 	72.006943 	73.000000 	77.103828 	88.459030 	76.000000 	66.098412 	77.000000 	87.692642 	61.983868 	71.847061 	72.006943 	68.963760 	71.309189 	70.604530 	68.622154 	64.884514 	89.022469 	74.464760 	74.330345 	73.054771 	74.000000 	74.094536 	84.929382 	88.283630 	90.520714 	
68.095520 	74.094536 	47.539455 	58.523499 	51.195702 	48.836460 	47.675991 	79.202271 	23.086792 	56.885849 	68.154236 	76.843994 	104.316826 	7.211102 	999.000000 	82.800964 	43.462627 	79.056938 	25.942244 	59.076221 	101.390335 	74.431175 	77.233414 	74.027023 	75.026665 	77.103828 	81.394104 	78.057671 	79.101204 	83.384651 	95.126228 	82.097504 	71.449280 	83.096329 	94.201912 	66.708321 	77.317528 	77.414467 	73.756355 	76.295479 	75.504967 	73.246162 	68.949257 	95.189285 	79.429214 	79.075912 	77.620872 	78.587532 	78.447433 	90.094398 	93.648277 	95.341492 	
17.464249 	11.401754 	42.941822 	34.481880 	42.154476 	44.777225 	46.097721 	18.027756 	102.532921 	41.231056 	33.000000 	26.925823 	25.019993 	75.604233 	82.800964 	999.000000 	42.011902 	5.099020 	90.801979 	53.460266 	30.463093 	42.755116 	45.354160 	48.662102 	48.836460 	47.296936 	44.598206 	48.507732 	47.801674 	45.310043 	40.360870 	48.703182 	58.215118 	49.040798 	44.204071 	65.007690 	58.051701 	59.033890 	66.272163 	64.629715 	65.490456 	68.183578 	73.006851 	52.697250 	66.098412 	68.883957 	70.576202 	70.710678 	73.552704 	68.007355 	66.708321 	75.960518 	
25.495098 	31.827662 	7.810250 	16.000000 	11.661903 	11.313708 	11.401754 	35.777088 	61.073727 	17.464249 	26.000000 	33.734257 	61.294373 	36.400551 	43.462627 	42.011902 	999.000000 	37.536648 	48.826221 	27.586229 	57.939625 	35.171009 	38.600517 	37.161808 	38.078865 	39.217342 	41.976185 	40.496914 	41.109608 	43.931767 	53.084839 	43.965897 	39.824615 	44.922153 	53.037724 	40.607880 	44.102154 	44.654228 	45.967381 	46.754681 	46.690472 	46.754681 	47.169907 	56.089214 	49.678970 	50.931328 	50.931328 	51.623638 	53.150730 	57.982758 	59.941639 	65.215027 	
12.529964 	6.324555 	38.078865 	29.410883 	37.161808 	39.812057 	41.146080 	13.892444 	98.351410 	36.138622 	28.017851 	22.472204 	26.683329 	71.847061 	79.056938 	5.099020 	37.536648 	999.000000 	86.214851 	48.373547 	29.832869 	38.078865 	40.804413 	43.931767 	44.147480 	42.720020 	40.311287 	43.965897 	43.324360 	41.146080 	37.536648 	44.384682 	53.338543 	44.777225 	41.036568 	60.000000 	53.366657 	54.341511 	61.400326 	59.841457 	60.671246 	63.285069 	68.000000 	49.203659 	61.392181 	64.132675 	65.764732 	65.924202 	68.731361 	63.694584 	62.609905 	71.693794 	
73.878281 	80.280754 	48.795490 	59.464275 	50.990196 	48.166378 	46.754681 	82.073135 	19.026299 	55.000000 	67.201187 	77.006493 	108.245094 	27.658634 	25.942244 	90.801979 	48.826221 	86.214851 	999.000000 	51.078373 	102.200783 	69.318108 	71.175842 	66.850578 	67.779053 	70.384659 	75.643906 	70.936592 	72.235725 	77.472572 	91.706055 	75.026665 	60.876926 	75.960518 	89.470665 	53.600372 	66.940269 	66.708321 	60.406952 	63.639610 	62.514000 	59.211487 	53.000000 	87.920418 	66.483078 	65.192024 	63.071388 	64.070274 	63.000000 	77.524193 	81.884064 	81.024689 	
37.000000 	42.190044 	19.849434 	20.223749 	16.643316 	16.278820 	16.278820 	38.275318 	68.680420 	13.341664 	21.189621 	30.413813 	62.769421 	53.460266 	59.076221 	53.460266 	27.586229 	48.373547 	51.078373 	999.000000 	53.907330 	18.601076 	20.124611 	15.811388 	16.763054 	19.313208 	24.596748 	19.924858 	21.189621 	26.400757 	41.048752 	24.041630 	13.000000 	25.000000 	38.470768 	13.416408 	18.439089 	18.681541 	18.384777 	19.416489 	19.209373 	19.209373 	20.880613 	37.107952 	22.472204 	23.430750 	23.345236 	24.041630 	25.612497 	31.953091 	34.928497 	38.470768 	
35.227829 	31.016125 	54.589375 	43.416588 	51.623638 	54.378304 	55.758408 	22.561028 	117.477661 	47.201694 	35.000000 	25.238859 	13.341664 	94.339813 	101.390335 	30.463093 	57.939625 	29.832869 	102.200783 	53.907330 	999.000000 	36.055511 	36.235340 	41.182522 	40.706264 	38.013157 	32.695564 	38.483765 	37.161808 	31.953091 	18.027756 	36.055511 	51.429562 	35.735138 	23.021729 	60.415230 	48.104053 	49.040798 	58.309521 	55.362442 	56.648037 	60.539242 	67.542580 	32.015621 	55.362442 	58.523499 	61.032780 	60.728905 	63.890530 	52.239830 	49.010204 	59.008472 	
30.016663 	32.893768 	28.284271 	20.124611 	24.186773 	26.019224 	27.000000 	25.079872 	86.377083 	18.110771 	12.041595 	16.031219 	46.238514 	68.117546 	74.431175 	42.755116 	35.171009 	38.078865 	69.318108 	18.601076 	36.055511 	999.000000 	3.605551 	6.000000 	6.082763 	5.000000 	7.000000 	6.403124 	6.403124 	9.000000 	22.472204 	8.944272 	16.278820 	9.848858 	20.248457 	24.698177 	15.297058 	16.278820 	24.083189 	22.022715 	23.000000 	26.172504 	32.280025 	21.095022 	23.345236 	26.172504 	28.017851 	28.071337 	31.016125 	26.627054 	26.870058 	34.669872 	
33.286633 	35.846897 	31.575306 	23.706539 	27.459061 	29.154760 	30.066593 	27.459061 	88.543777 	21.377558 	15.556349 	18.439089 	47.127487 	71.028160 	77.233414 	45.354160 	38.600517 	40.804413 	71.175842 	20.124611 	36.235340 	3.605551 	999.000000 	5.000000 	4.472136 	2.000000 	4.472136 	3.162278 	2.828427 	6.324555 	21.260292 	5.385165 	15.231546 	6.324555 	18.357559 	24.186773 	13.000000 	14.000000 	22.561028 	20.099751 	21.213203 	24.738634 	31.384710 	18.000000 	21.023796 	24.000000 	26.076809 	26.019224 	29.068884 	23.323807 	23.345236 	31.384710 	
35.341194 	38.600517 	29.732138 	23.430750 	25.632011 	26.925823 	27.658634 	31.064449 	84.480766 	19.697716 	17.000000 	22.022715 	51.865211 	68.029404 	74.027023 	48.662102 	37.161808 	43.931767 	66.850578 	15.811388 	41.182522 	6.000000 	5.000000 	999.000000 	1.000000 	3.605551 	9.219544 	4.123106 	5.385165 	10.816654 	26.172504 	8.246211 	10.440307 	9.219544 	23.021729 	19.235384 	9.486833 	10.440307 	18.110771 	16.031219 	17.000000 	20.223749 	26.570660 	21.377558 	17.464249 	20.223749 	22.022715 	22.090721 	25.019993 	21.931713 	23.021729 	29.832869 	
35.777088 	38.897301 	30.675724 	24.207438 	26.570660 	27.892651 	28.635643 	31.144823 	85.440041 	20.615528 	17.492855 	22.090721 	51.546097 	69.028976 	75.026665 	48.836460 	38.078865 	44.147480 	67.779053 	16.763054 	40.706264 	6.082763 	4.472136 	1.000000 	999.000000 	2.828427 	8.485281 	3.162278 	4.472136 	10.000000 	25.455845 	7.280110 	10.770329 	8.246211 	22.203604 	19.723083 	9.219544 	10.198039 	18.248287 	16.000000 	17.029387 	20.396078 	26.925823 	20.396078 	17.262676 	20.099751 	22.000000 	22.022715 	25.000000 	21.260292 	22.203604 	29.206163 	
34.985710 	37.696156 	32.015621 	24.698177 	27.892651 	29.427877 	30.265491 	29.427877 	87.931793 	21.840330 	17.029387 	20.396078 	49.040798 	71.000000 	77.103828 	47.296936 	39.217342 	42.720020 	70.384659 	19.313208 	38.013157 	5.000000 	2.000000 	3.605551 	2.828427 	999.000000 	5.656854 	1.414214 	2.000000 	7.211102 	22.627417 	5.000000 	13.416408 	6.000000 	19.416489 	22.472204 	11.000000 	12.000000 	20.615528 	18.110771 	19.235384 	22.803509 	29.546574 	18.110771 	19.026299 	22.000000 	24.083189 	24.020824 	27.073973 	21.633308 	21.931713 	29.681644 	
34.058773 	35.846897 	35.227829 	26.570660 	31.144823 	33.015148 	34.000000 	26.570660 	92.973114 	25.079872 	17.492855 	17.888544 	44.147480 	75.106590 	81.394104 	44.598206 	41.976185 	40.311287 	75.643906 	24.596748 	32.695564 	7.000000 	4.472136 	9.219544 	8.485281 	5.656854 	999.000000 	5.830952 	4.472136 	2.000000 	16.970562 	4.123106 	18.867962 	4.472136 	13.892444 	28.017851 	15.524175 	16.492422 	25.632011 	22.803509 	24.041630 	27.856777 	34.885529 	14.142136 	23.194826 	26.305893 	28.635643 	28.442924 	31.575306 	23.409399 	22.472204 	31.384710 	
36.359318 	39.000000 	33.241539 	26.076809 	29.120440 	30.594116 	31.400637 	30.594116 	88.600227 	23.086792 	18.439089 	21.587032 	49.729267 	72.006943 	78.057671 	48.507732 	40.496914 	43.965897 	70.936592 	19.924858 	38.483765 	6.403124 	3.162278 	4.123106 	3.162278 	1.414214 	5.830952 	999.000000 	1.414214 	7.071068 	22.671568 	4.123106 	13.038404 	5.099020 	19.209373 	22.203604 	10.049875 	11.045361 	19.924858 	17.262676 	18.439089 	22.135944 	29.068884 	17.262676 	18.000000 	21.023796 	23.194826 	23.086792 	26.172504 	20.248457 	20.518284 	28.301943 	
36.055511 	38.483765 	33.955853 	26.419689 	29.832869 	31.400637 	32.249031 	29.832869 	89.844307 	23.769728 	18.384777 	20.880613 	48.507732 	73.000000 	79.101204 	47.801674 	41.109608 	43.324360 	72.235725 	21.189621 	37.161808 	6.403124 	2.828427 	5.385165 	4.472136 	2.000000 	4.472136 	1.414214 	999.000000 	5.656854 	21.260292 	3.000000 	14.422205 	4.000000 	17.804493 	23.600847 	11.180340 	12.165525 	21.189621 	18.439089 	19.646883 	23.409399 	30.413813 	16.124516 	19.026299 	22.090721 	24.331051 	24.186773 	27.294687 	20.591261 	20.518284 	28.653097 	
35.383614 	36.891735 	37.215588 	28.460499 	33.136082 	35.014282 	36.000000 	27.313000 	94.868332 	27.073973 	19.235384 	18.867962 	43.737854 	77.103828 	83.384651 	45.310043 	43.931767 	41.146080 	77.472572 	26.400757 	31.953091 	9.000000 	6.324555 	10.816654 	10.000000 	7.211102 	2.000000 	7.071068 	5.656854 	999.000000 	15.620500 	4.123106 	20.000000 	4.000000 	12.206555 	29.206163 	16.155495 	17.088007 	26.400757 	23.409399 	24.698177 	28.635643 	35.846897 	12.165525 	23.537205 	26.683329 	29.120440 	28.861740 	32.015621 	22.803509 	21.470911 	30.675724 	
36.769554 	35.510563 	47.675991 	37.121422 	43.931767 	46.324940 	47.539455 	24.698177 	108.461975 	38.327538 	27.166155 	20.396078 	31.064449 	88.459030 	95.126228 	40.360870 	53.084839 	37.536648 	91.706055 	41.048752 	18.027756 	22.472204 	21.260292 	26.172504 	25.455845 	22.627417 	16.970562 	22.671568 	21.260292 	15.620500 	999.000000 	19.416489 	35.608986 	18.867962 	5.000000 	44.821869 	31.384710 	32.249031 	41.677334 	38.470768 	39.824615 	43.908997 	51.312767 	14.142136 	38.078865 	41.231056 	43.863426 	43.462627 	46.615448 	34.234486 	31.000000 	41.000000 	
37.802116 	39.824615 	36.878178 	29.068884 	32.756680 	34.365681 	35.227829 	30.675724 	92.720009 	26.683329 	20.615528 	21.931713 	47.853943 	76.000000 	82.097504 	48.703182 	43.965897 	44.384682 	75.026665 	24.041630 	36.055511 	8.944272 	5.385165 	8.246211 	7.280110 	5.000000 	4.123106 	4.123106 	3.000000 	4.123106 	19.416489 	999.000000 	16.278820 	1.000000 	15.556349 	25.495098 	12.083046 	13.000000 	22.360680 	19.313208 	20.615528 	24.596748 	31.906113 	13.152946 	19.416489 	22.561028 	25.000000 	24.738634 	27.892651 	19.313208 	18.601076 	27.313000 	
43.680660 	47.675991 	32.015621 	29.154760 	28.319605 	28.600698 	28.844410 	41.012192 	79.246452 	23.430750 	25.495098 	32.062439 	62.297672 	66.098412 	71.449280 	58.215118 	39.824615 	53.338543 	60.876926 	13.000000 	51.429562 	16.278820 	15.231546 	10.440307 	10.770329 	13.416408 	18.867962 	13.038404 	14.422205 	20.000000 	35.608986 	16.278820 	999.000000 	16.970562 	31.827662 	9.219544 	6.082763 	6.000000 	8.062258 	7.211102 	7.615773 	10.000000 	16.155495 	27.784887 	9.899495 	11.661903 	12.649111 	13.000000 	15.524175 	18.973665 	22.203604 	25.553865 	
38.418747 	40.311287 	37.854988 	29.966648 	33.734257 	35.355339 	36.221542 	31.016125 	93.680305 	27.658634 	21.400934 	22.360680 	47.675991 	77.000000 	83.096329 	49.040798 	44.922153 	44.777225 	75.960518 	25.000000 	35.735138 	9.848858 	6.324555 	9.219544 	8.246211 	6.000000 	4.472136 	5.099020 	4.000000 	4.000000 	18.867962 	1.000000 	16.970562 	999.000000 	14.866069 	26.172504 	12.529964 	13.416408 	22.825424 	19.697716 	21.023796 	25.059929 	32.449963 	12.165525 	19.646883 	22.803509 	25.298222 	25.000000 	28.160255 	18.973665 	18.027756 	26.925823 	
38.948685 	38.418747 	47.095646 	37.054016 	43.185646 	45.398239 	46.529560 	27.658634 	106.625511 	37.336308 	27.073973 	21.931713 	36.055511 	87.692642 	94.201912 	44.204071 	53.037724 	41.036568 	89.470665 	38.470768 	23.021729 	20.248457 	18.357559 	23.021729 	22.203604 	19.416489 	13.892444 	19.209373 	17.804493 	12.206555 	5.000000 	15.556349 	31.827662 	14.866069 	999.000000 	41.036568 	27.202942 	28.017851 	37.443291 	34.132095 	35.510563 	39.661064 	47.201694 	9.219544 	33.541019 	36.674240 	39.357338 	38.910152 	42.047592 	29.274563 	26.000000 	36.000000 	
49.365982 	54.037025 	33.015148 	33.241539 	30.016663 	29.410883 	29.206163 	48.507732 	72.339478 	26.570660 	32.015621 	39.812057 	70.936592 	61.983868 	66.708321 	65.007690 	40.607880 	60.000000 	53.600372 	13.416408 	60.415230 	24.698177 	24.186773 	19.235384 	19.723083 	22.472204 	28.017851 	22.203604 	23.600847 	29.206163 	44.821869 	25.495098 	9.219544 	26.172504 	41.036568 	999.000000 	14.422205 	13.892444 	7.071068 	10.049875 	9.000000 	6.708204 	8.000000 	36.619667 	13.000000 	12.369317 	11.180340 	12.083046 	12.806249 	24.020824 	28.284271 	28.635643 	
44.777225 	48.083260 	36.359318 	31.890438 	32.449963 	33.120991 	33.541019 	40.311287 	85.328773 	27.018513 	26.400757 	31.257000 	59.665737 	71.847061 	77.317528 	58.051701 	44.102154 	53.366657 	66.940269 	18.439089 	48.104053 	15.297058 	13.000000 	9.486833 	9.219544 	11.000000 	15.524175 	10.049875 	11.180340 	16.155495 	31.384710 	12.083046 	6.082763 	12.529964 	27.202942 	14.422205 	999.000000 	1.000000 	10.295630 	7.280110 	8.544003 	12.529964 	20.000000 	22.203604 	8.062258 	11.000000 	13.152946 	13.038404 	16.124516 	13.892444 	16.492422 	21.260292 	
45.694637 	49.040798 	36.891735 	32.649654 	33.015148 	33.615471 	34.000000 	41.303753 	85.158676 	27.658634 	27.313000 	32.249031 	60.638271 	72.006943 	77.414467 	59.033890 	44.654228 	54.341511 	66.708321 	18.681541 	49.040798 	16.278820 	14.000000 	10.440307 	10.198039 	12.000000 	16.492422 	11.045361 	12.165525 	17.088007 	32.249031 	13.000000 	6.000000 	13.416408 	28.017851 	13.892444 	1.000000 	999.000000 	9.433981 	6.324555 	7.615773 	11.661903 	19.209373 	22.803509 	7.071068 	10.000000 	12.165525 	12.041595 	15.132746 	13.416408 	16.278820 	20.615528 	
51.662365 	55.731499 	38.209946 	36.674240 	34.828148 	34.655445 	34.655445 	49.000000 	79.227524 	30.528675 	33.541019 	40.012497 	69.641945 	68.963760 	73.756355 	66.272163 	45.967381 	61.400326 	60.406952 	18.384777 	58.309521 	24.083189 	22.561028 	18.110771 	18.248287 	20.615528 	25.632011 	19.924858 	21.189621 	26.400757 	41.677334 	22.360680 	8.062258 	22.825424 	37.443291 	7.071068 	10.295630 	9.433981 	999.000000 	3.605551 	2.236068 	2.236068 	9.899495 	31.827662 	6.082763 	5.385165 	5.000000 	5.656854 	7.615773 	17.117243 	21.587032 	21.587032 	
50.596443 	54.341511 	38.948685 	36.359318 	35.355339 	35.468296 	35.608986 	47.095646 	82.389320 	30.610456 	32.280025 	38.052597 	66.940269 	71.309189 	76.295479 	64.629715 	46.754681 	59.841457 	63.639610 	19.416489 	55.362442 	22.022715 	20.099751 	16.031219 	16.000000 	18.110771 	22.803509 	17.262676 	18.439089 	23.409399 	38.470768 	19.313208 	7.211102 	19.697716 	34.132095 	10.049875 	7.280110 	6.324555 	3.605551 	999.000000 	1.414214 	5.656854 	13.453624 	28.284271 	3.162278 	4.472136 	6.000000 	6.082763 	9.000000 	14.000000 	18.248287 	19.313208 	
51.244511 	55.108982 	38.897301 	36.715118 	35.383614 	35.383614 	35.468296 	48.041649 	81.301903 	30.805843 	32.984844 	39.012817 	68.154236 	70.604530 	75.504967 	65.490456 	46.690472 	60.671246 	62.514000 	19.209373 	56.648037 	23.000000 	21.213203 	17.000000 	17.029387 	19.235384 	24.041630 	18.439089 	19.646883 	24.698177 	39.824615 	20.615528 	7.615773 	21.023796 	35.510563 	9.000000 	8.544003 	7.615773 	2.236068 	1.414214 	999.000000 	4.242640 	12.041595 	29.698484 	4.000000 	4.242640 	5.099020 	5.385165 	8.062258 	15.033297 	19.416489 	19.924858 	
53.366657 	57.558666 	39.051247 	38.078865 	35.805027 	35.468296 	35.383614 	51.009804 	78.102493 	31.764761 	35.355339 	42.047592 	71.840103 	68.622154 	73.246162 	68.183578 	46.754681 	63.285069 	59.211487 	19.209373 	60.539242 	26.172504 	24.738634 	20.223749 	20.396078 	22.803509 	27.856777 	22.135944 	23.409399 	28.635643 	43.908997 	24.596748 	10.000000 	25.059929 	39.661064 	6.708204 	12.529964 	11.661903 	2.236068 	5.656854 	4.242640 	999.000000 	7.810250 	33.941124 	7.615773 	6.000000 	4.472136 	5.385165 	6.403124 	18.439089 	23.086792 	22.203604 	
57.314919 	62.032249 	39.824615 	41.000000 	37.161808 	36.235340 	35.846897 	56.435802 	72.006943 	34.205261 	40.012497 	47.675991 	78.434685 	64.884514 	68.949257 	73.006851 	47.169907 	68.000000 	53.000000 	20.880613 	67.542580 	32.280025 	31.384710 	26.570660 	26.925823 	29.546574 	34.885529 	29.068884 	30.413813 	35.846897 	51.312767 	31.906113 	16.155495 	32.449963 	47.201694 	8.000000 	20.000000 	19.209373 	9.899495 	13.453624 	12.041595 	7.810250 	999.000000 	41.725292 	15.264338 	13.000000 	10.440307 	11.401754 	10.000000 	25.632011 	30.463093 	28.071337 	
45.607018 	45.967381 	49.365982 	40.521599 	45.276924 	47.095646 	48.041649 	35.468296 	105.773346 	39.204590 	31.016125 	28.425341 	45.177429 	89.022469 	95.189285 	52.697250 	56.089214 	49.203659 	87.920418 	37.107952 	32.015621 	21.095022 	18.000000 	21.377558 	20.396078 	18.110771 	14.142136 	17.262676 	16.124516 	12.165525 	14.142136 	13.152946 	27.784887 	12.165525 	9.219544 	36.619667 	22.203604 	22.803509 	31.827662 	28.284271 	29.698484 	33.941124 	41.725292 	999.000000 	27.018513 	30.000000 	32.802441 	32.202484 	35.227829 	20.880613 	17.117243 	27.073973 	
52.554733 	56.044624 	41.868843 	38.832977 	38.209946 	38.418747 	38.600517 	48.373547 	85.287750 	33.301651 	34.176014 	39.319206 	67.268120 	74.464760 	79.429214 	66.098412 	49.678970 	61.392181 	66.483078 	22.472204 	55.362442 	23.345236 	21.023796 	17.464249 	17.262676 	19.026299 	23.194826 	18.000000 	19.026299 	23.537205 	38.078865 	19.416489 	9.899495 	19.646883 	33.541019 	13.000000 	8.062258 	7.071068 	6.082763 	3.162278 	4.000000 	7.615773 	15.264338 	27.018513 	999.000000 	3.162278 	5.830952 	5.385165 	8.544003 	11.045361 	15.524175 	16.155495 	
55.027267 	58.694122 	43.139309 	40.816662 	39.623226 	39.623226 	39.698868 	51.244511 	84.095184 	35.000000 	36.687874 	42.190044 	70.405968 	74.330345 	79.075912 	68.883957 	50.931328 	64.132675 	65.192024 	23.430750 	58.523499 	26.172504 	24.000000 	20.223749 	20.099751 	22.000000 	26.305893 	21.023796 	22.090721 	26.683329 	41.231056 	22.561028 	11.661903 	22.803509 	36.674240 	12.369317 	11.000000 	10.000000 	5.385165 	4.472136 	4.242640 	6.000000 	13.000000 	30.000000 	3.162278 	999.000000 	2.828427 	2.236068 	5.385165 	12.649111 	17.464249 	16.278820 	
56.320511 	60.207973 	43.185646 	41.593269 	39.824615 	39.623226 	39.597980 	53.084839 	82.024384 	35.510563 	38.078865 	44.045429 	72.780495 	73.054771 	77.620872 	70.576202 	50.931328 	65.764732 	63.071388 	23.345236 	61.032780 	28.017851 	26.076809 	22.022715 	22.000000 	24.083189 	28.635643 	23.194826 	24.331051 	29.120440 	43.863426 	25.000000 	12.649111 	25.298222 	39.357338 	11.180340 	13.152946 	12.165525 	5.000000 	6.000000 	5.099020 	4.472136 	10.440307 	32.802441 	5.830952 	2.828427 	999.000000 	1.000000 	3.000000 	15.231546 	20.124611 	18.027756 	
56.612720 	60.415230 	43.863426 	42.059483 	40.459858 	40.311287 	40.311287 	53.150730 	83.024094 	36.055511 	38.327538 	44.102154 	72.567207 	74.000000 	78.587532 	70.710678 	51.623638 	65.924202 	64.070274 	24.041630 	60.728905 	28.071337 	26.019224 	22.090721 	22.022715 	24.020824 	28.442924 	23.086792 	24.186773 	28.861740 	43.462627 	24.738634 	13.000000 	25.000000 	38.910152 	12.083046 	13.038404 	12.041595 	5.656854 	6.082763 	5.385165 	5.385165 	11.401754 	32.202484 	5.385165 	2.236068 	1.000000 	999.000000 	3.162278 	14.317822 	19.235384 	17.029387 	
59.203041 	63.150612 	45.453274 	44.283180 	42.201897 	41.868843 	41.773197 	56.080299 	82.006096 	38.078865 	41.000000 	47.042534 	75.709976 	74.094536 	78.447433 	73.552704 	53.150730 	68.731361 	63.000000 	25.612497 	63.890530 	31.016125 	29.068884 	25.019993 	25.000000 	27.073973 	31.575306 	26.172504 	27.294687 	32.015621 	46.615448 	27.892651 	15.524175 	28.160255 	42.047592 	12.806249 	16.124516 	15.132746 	7.615773 	9.000000 	8.062258 	6.403124 	10.000000 	35.227829 	8.544003 	5.385165 	3.000000 	3.162278 	999.000000 	16.643316 	21.633308 	18.110771 	
56.603886 	59.033890 	50.249378 	45.276924 	46.324940 	47.010635 	47.413078 	49.979996 	96.332756 	40.804413 	38.600517 	41.231056 	65.030762 	84.929382 	90.094398 	68.007355 	57.982758 	63.694584 	77.524193 	31.953091 	52.239830 	26.627054 	23.323807 	21.931713 	21.260292 	21.633308 	23.409399 	20.248457 	20.591261 	22.803509 	34.234486 	19.313208 	18.973665 	18.973665 	29.274563 	24.020824 	13.892444 	13.416408 	17.117243 	14.000000 	15.033297 	18.439089 	25.632011 	20.880613 	11.045361 	12.649111 	15.231546 	14.317822 	16.643316 	999.000000 	5.000000 	8.062258 	
56.400356 	58.309521 	52.325901 	46.400433 	48.301140 	49.244289 	49.769470 	48.754486 	100.603180 	42.544094 	38.897301 	40.311287 	62.032249 	88.283630 	93.648277 	66.708321 	59.941639 	62.609905 	81.884064 	34.928497 	49.010204 	26.870058 	23.345236 	23.021729 	22.203604 	21.931713 	22.472204 	20.518284 	20.518284 	21.470911 	31.000000 	18.601076 	22.203604 	18.027756 	26.000000 	28.284271 	16.492422 	16.278820 	21.587032 	18.248287 	19.416489 	23.086792 	30.463093 	17.117243 	15.524175 	17.464249 	20.124611 	19.235384 	21.633308 	5.000000 	999.000000 	10.000000 	
64.660652 	67.082039 	57.428215 	53.037724 	53.600372 	54.083271 	54.378304 	57.939625 	100.004997 	48.270073 	46.615448 	49.244289 	72.027771 	90.520714 	95.341492 	75.960518 	65.215027 	71.693794 	81.024689 	38.470768 	59.008472 	34.669872 	31.384710 	29.832869 	29.206163 	29.681644 	31.384710 	28.301943 	28.653097 	30.675724 	41.000000 	27.313000 	25.553865 	26.925823 	36.000000 	28.635643 	21.260292 	20.615528 	21.587032 	19.313208 	19.924858 	22.203604 	28.071337 	27.073973 	16.155495 	16.278820 	18.027756 	17.029387 	18.110771 	8.062258 	10.000000 	999.000000 	

Travel time:
9.000000 	0.160078 	0.638847 	0.431567 	0.617454 	0.682825 	0.715891 	0.325960 	2.163908 	0.604669 	0.459619 	0.430116 	0.905883 	1.522539 	1.702388 	0.436606 	0.637377 	0.313249 	1.846957 	0.925000 	0.880696 	0.750417 	0.832166 	0.883530 	0.894427 	0.874643 	0.851469 	0.908983 	0.901388 	0.884590 	0.919239 	0.945053 	1.092016 	0.960469 	0.973717 	1.234150 	1.119431 	1.142366 	1.291559 	1.264911 	1.281113 	1.334166 	1.432873 	1.140175 	1.313868 	1.375682 	1.408013 	1.415318 	1.480076 	1.415097 	1.410009 	1.616516 	
0.160078 	9.000000 	0.797653 	0.577170 	0.771767 	0.838525 	0.872138 	0.270416 	2.321234 	0.745822 	0.555090 	0.450694 	0.761577 	1.672199 	1.852363 	0.285044 	0.795692 	0.158114 	2.007019 	1.054751 	0.775403 	0.822344 	0.896172 	0.965013 	0.972432 	0.942404 	0.896172 	0.975000 	0.962094 	0.922293 	0.887764 	0.995615 	1.191900 	1.007782 	0.960469 	1.350926 	1.202081 	1.226020 	1.393287 	1.358538 	1.377725 	1.438967 	1.550806 	1.149184 	1.401116 	1.467353 	1.505199 	1.510381 	1.578765 	1.475847 	1.457738 	1.677051 	
0.638847 	0.797653 	9.000000 	0.279509 	0.103078 	0.090139 	0.103078 	0.835539 	1.574206 	0.254951 	0.515388 	0.738664 	1.488707 	1.019804 	1.188486 	1.073546 	0.195256 	0.951972 	1.219887 	0.496236 	1.364734 	0.707107 	0.789383 	0.743303 	0.766893 	0.800391 	0.880696 	0.831038 	0.848896 	0.930390 	1.191900 	0.921954 	0.800391 	0.946375 	1.177391 	0.825379 	0.908983 	0.922293 	0.955249 	0.973717 	0.972432 	0.976281 	0.995615 	1.234150 	1.046721 	1.078483 	1.079641 	1.096586 	1.136332 	1.256234 	1.308148 	1.435705 	
0.431567 	0.577170 	0.279509 	9.000000 	0.212132 	0.282843 	0.318198 	0.565685 	1.852363 	0.175000 	0.250000 	0.459619 	1.219887 	1.291559 	1.463087 	0.862047 	0.400000 	0.735272 	1.486607 	0.505594 	1.085415 	0.503115 	0.592663 	0.585769 	0.605186 	0.617454 	0.664266 	0.651920 	0.660492 	0.711512 	0.928036 	0.726722 	0.728869 	0.749166 	0.926350 	0.831038 	0.797261 	0.816241 	0.916856 	0.908983 	0.917878 	0.951972 	1.025000 	1.013040 	0.970824 	1.020416 	1.039832 	1.051487 	1.107080 	1.131923 	1.160011 	1.325943 	
0.617454 	0.771767 	0.103078 	0.212132 	9.000000 	0.070711 	0.106066 	0.777817 	1.646587 	0.152069 	0.427200 	0.660492 	1.432000 	1.113833 	1.279893 	1.053862 	0.291548 	0.929045 	1.274755 	0.416083 	1.290591 	0.604669 	0.686477 	0.640800 	0.664266 	0.697316 	0.778621 	0.728011 	0.745822 	0.828402 	1.098294 	0.818917 	0.707990 	0.843356 	1.079641 	0.750417 	0.811249 	0.825379 	0.870704 	0.883883 	0.884590 	0.895126 	0.929045 	1.131923 	0.955249 	0.990581 	0.995615 	1.011496 	1.055047 	1.158123 	1.207528 	1.340009 	
0.682825 	0.838525 	0.090139 	0.282843 	0.070711 	9.000000 	0.035355 	0.848528 	1.578369 	0.201556 	0.492443 	0.728869 	1.502706 	1.057414 	1.220912 	1.119431 	0.282843 	0.995301 	1.204159 	0.406971 	1.359458 	0.650481 	0.728869 	0.673146 	0.697316 	0.735697 	0.825379 	0.764853 	0.785016 	0.875357 	1.158123 	0.859142 	0.715017 	0.883883 	1.134956 	0.735272 	0.828025 	0.840387 	0.866386 	0.886707 	0.884590 	0.886707 	0.905883 	1.177391 	0.960469 	0.990581 	0.990581 	1.007782 	1.046721 	1.175266 	1.231107 	1.352082 	
0.715891 	0.872138 	0.103078 	0.318198 	0.106066 	0.035355 	9.000000 	0.883883 	1.544345 	0.230489 	0.525595 	0.763217 	1.538059 	1.029866 	1.191900 	1.152443 	0.285044 	1.028652 	1.168867 	0.406971 	1.393960 	0.675000 	0.751665 	0.691466 	0.715891 	0.756637 	0.850000 	0.785016 	0.806226 	0.900000 	1.188486 	0.880696 	0.721110 	0.905539 	1.163239 	0.730154 	0.838525 	0.850000 	0.866386 	0.890225 	0.886707 	0.884590 	0.896172 	1.201041 	0.965013 	0.992472 	0.989950 	1.007782 	1.044330 	1.185327 	1.244237 	1.359458 	
0.325960 	0.270416 	0.835539 	0.565685 	0.777817 	0.848528 	0.883883 	9.000000 	2.406502 	0.700446 	0.427200 	0.226385 	0.654313 	1.802255 	1.980057 	0.450694 	0.894427 	0.347311 	2.051828 	0.956883 	0.564026 	0.626997 	0.686477 	0.776611 	0.778621 	0.735697 	0.664266 	0.764853 	0.745822 	0.682825 	0.617454 	0.766893 	1.025305 	0.775403 	0.691466 	1.212693 	1.007782 	1.032594 	1.225000 	1.177391 	1.201041 	1.275245 	1.410895 	0.886707 	1.209339 	1.281113 	1.327121 	1.328768 	1.402007 	1.249500 	1.218862 	1.448491 	
2.163908 	2.321234 	1.574206 	1.852363 	1.646587 	1.578369 	1.544345 	2.406502 	9.000000 	1.766529 	2.069118 	2.307054 	3.055016 	0.726722 	0.577170 	2.563323 	1.526843 	2.458785 	0.475657 	1.717010 	2.936942 	2.159427 	2.213594 	2.112019 	2.136001 	2.198295 	2.324328 	2.215006 	2.246108 	2.371708 	2.711549 	2.318000 	1.981161 	2.342008 	2.665638 	1.808487 	2.133219 	2.128967 	1.980688 	2.059733 	2.032547 	1.952562 	1.800174 	2.644334 	2.132194 	2.102380 	2.050610 	2.075602 	2.050152 	2.408319 	2.515079 	2.500125 	
0.604669 	0.745822 	0.254951 	0.175000 	0.152069 	0.201556 	0.230489 	0.700446 	1.766529 	9.000000 	0.305164 	0.550568 	1.347683 	1.258968 	1.422146 	1.030776 	0.436606 	0.903466 	1.375000 	0.333542 	1.180042 	0.452769 	0.534439 	0.492443 	0.515388 	0.546008 	0.626997 	0.577170 	0.594243 	0.676849 	0.958188 	0.667083 	0.585769 	0.691466 	0.933408 	0.664266 	0.675463 	0.691466 	0.763217 	0.765261 	0.770146 	0.794119 	0.855132 	0.980115 	0.832541 	0.875000 	0.887764 	0.901388 	0.951972 	1.020110 	1.063602 	1.206752 	
0.459619 	0.555090 	0.515388 	0.250000 	0.427200 	0.492443 	0.525595 	0.427200 	2.069118 	0.305164 	9.000000 	0.247487 	1.055047 	1.534805 	1.703856 	0.825000 	0.650000 	0.700446 	1.680030 	0.529741 	0.875000 	0.301040 	0.388909 	0.425000 	0.437321 	0.425735 	0.437321 	0.460977 	0.459619 	0.480885 	0.679154 	0.515388 	0.637377 	0.535023 	0.676849 	0.800391 	0.660019 	0.682825 	0.838525 	0.807001 	0.824621 	0.883883 	1.000312 	0.775403 	0.854400 	0.917197 	0.951972 	0.958188 	1.025000 	0.965013 	0.972432 	1.165386 	
0.430116 	0.450694 	0.738664 	0.459619 	0.660492 	0.728869 	0.763217 	0.226385 	2.307054 	0.550568 	0.247487 	9.000000 	0.811249 	1.748035 	1.921100 	0.673146 	0.843356 	0.561805 	1.925162 	0.760345 	0.630971 	0.400780 	0.460977 	0.550568 	0.552268 	0.509902 	0.447214 	0.539676 	0.522015 	0.471699 	0.509902 	0.548293 	0.801561 	0.559017 	0.548293 	0.995301 	0.781425 	0.806226 	1.000312 	0.951315 	0.975320 	1.051190 	1.191900 	0.710634 	0.982980 	1.054751 	1.101136 	1.102554 	1.176063 	1.030776 	1.007782 	1.231107 	
0.905883 	0.761577 	1.488707 	1.219887 	1.432000 	1.502706 	1.538059 	0.654313 	3.055016 	1.347683 	1.055047 	0.811249 	9.000000 	2.428220 	2.607921 	0.625500 	1.532359 	0.667083 	2.706127 	1.569236 	0.333542 	1.155963 	1.178187 	1.296630 	1.288652 	1.226020 	1.103687 	1.243232 	1.212693 	1.093446 	0.776611 	1.196349 	1.557442 	1.191900 	0.901388 	1.773415 	1.491643 	1.515957 	1.741049 	1.673507 	1.703856 	1.796003 	1.960867 	1.129436 	1.681703 	1.760149 	1.819512 	1.814180 	1.892749 	1.625769 	1.550806 	1.800694 	
1.522539 	1.672199 	1.019804 	1.291559 	1.113833 	1.057414 	1.029866 	1.802255 	0.726722 	1.258968 	1.534805 	1.748035 	2.428220 	9.000000 	0.180278 	1.890106 	0.910014 	1.796177 	0.691466 	1.336507 	2.358495 	1.702939 	1.775704 	1.700735 	1.725724 	1.775000 	1.877665 	1.800174 	1.825000 	1.927596 	2.211476 	1.900000 	1.652460 	1.925000 	2.192316 	1.549597 	1.796177 	1.800174 	1.724094 	1.782730 	1.765113 	1.715554 	1.622113 	2.225562 	1.861619 	1.858259 	1.826369 	1.850000 	1.852363 	2.123235 	2.207091 	2.263018 	
1.702388 	1.852363 	1.188486 	1.463087 	1.279893 	1.220912 	1.191900 	1.980057 	0.577170 	1.422146 	1.703856 	1.921100 	2.607921 	0.180278 	9.000000 	2.070024 	1.086566 	1.976424 	0.648556 	1.476906 	2.534758 	1.860779 	1.930835 	1.850676 	1.875667 	1.927596 	2.034853 	1.951442 	1.977530 	2.084616 	2.378156 	2.052438 	1.786232 	2.077408 	2.355048 	1.667708 	1.932938 	1.935362 	1.843909 	1.907387 	1.887624 	1.831154 	1.723731 	2.379732 	1.985730 	1.976898 	1.940522 	1.964688 	1.961186 	2.252360 	2.341207 	2.383537 	
0.436606 	0.285044 	1.073546 	0.862047 	1.053862 	1.119431 	1.152443 	0.450694 	2.563323 	1.030776 	0.825000 	0.673146 	0.625500 	1.890106 	2.070024 	9.000000 	1.050297 	0.127475 	2.270050 	1.336507 	0.761577 	1.068878 	1.133854 	1.216552 	1.220912 	1.182423 	1.114955 	1.212693 	1.195042 	1.132751 	1.009022 	1.217580 	1.455378 	1.226020 	1.105102 	1.625192 	1.451293 	1.475847 	1.656804 	1.615743 	1.637261 	1.704589 	1.825171 	1.317431 	1.652460 	1.722099 	1.764405 	1.767767 	1.838818 	1.700184 	1.667708 	1.899013 	
0.637377 	0.795692 	0.195256 	0.400000 	0.291548 	0.282843 	0.285044 	0.894427 	1.526843 	0.436606 	0.650000 	0.843356 	1.532359 	0.910014 	1.086566 	1.050297 	9.000000 	0.938416 	1.220656 	0.689656 	1.448491 	0.879275 	0.965013 	0.929045 	0.951972 	0.980434 	1.049405 	1.012423 	1.027740 	1.098294 	1.327121 	1.099147 	0.995615 	1.123054 	1.325943 	1.015197 	1.102554 	1.116356 	1.149184 	1.168867 	1.167262 	1.168867 	1.179248 	1.402230 	1.241974 	1.273283 	1.273283 	1.290591 	1.328768 	1.449569 	1.498541 	1.630376 	
0.313249 	0.158114 	0.951972 	0.735272 	0.929045 	0.995301 	1.028652 	0.347311 	2.458785 	0.903466 	0.700446 	0.561805 	0.667083 	1.796177 	1.976424 	0.127475 	0.938416 	9.000000 	2.155371 	1.209339 	0.745822 	0.951972 	1.020110 	1.098294 	1.103687 	1.068001 	1.007782 	1.099147 	1.083109 	1.028652 	0.938416 	1.109617 	1.333464 	1.119431 	1.025914 	1.500000 	1.334166 	1.358538 	1.535008 	1.496036 	1.516781 	1.582127 	1.700000 	1.230091 	1.534805 	1.603317 	1.644118 	1.648105 	1.718284 	1.592365 	1.565248 	1.792345 	
1.846957 	2.007019 	1.219887 	1.486607 	1.274755 	1.204159 	1.168867 	2.051828 	0.475657 	1.375000 	1.680030 	1.925162 	2.706127 	0.691466 	0.648556 	2.270050 	1.220656 	2.155371 	9.000000 	1.276959 	2.555020 	1.732953 	1.779396 	1.671264 	1.694476 	1.759616 	1.891098 	1.773415 	1.805893 	1.936814 	2.292651 	1.875667 	1.521923 	1.899013 	2.236767 	1.340009 	1.673507 	1.667708 	1.510174 	1.590990 	1.562850 	1.480287 	1.325000 	2.198010 	1.662077 	1.629801 	1.576785 	1.601757 	1.575000 	1.938105 	2.047101 	2.025617 	
