Total assets = 589
Number of asset nodes = 33

Distance:
999.000000 	123.907227 	73.824112 	97.908119 	68.541962 	29.154760 	23.021729 	100.498756 	101.597244 	62.817196 	65.000000 	98.386993 	11.401754 	11.180340 	115.260574 	124.482933 	10.630146 	18.027756 	60.207973 	102.883430 	72.801102 	88.391174 	94.021271 	102.859123 	101.079178 	66.287254 	101.980392 	95.462036 	86.977005 	70.405968 	64.629715 	158.492905 	69.871307 	26.419689 	66.370171 	73.824112 	37.696156 	80.603973 	73.681747 	71.449280 	70.349129 	114.127121 	100.244698 	28.017851 	142.835571 	79.511009 	139.606583 	46.238514 	90.426765 	98.716766 	124.482933 	
123.907227 	999.000000 	55.072678 	30.083218 	63.063461 	101.828285 	108.706024 	31.575306 	34.132095 	74.732857 	73.006851 	39.204590 	119.201508 	113.569359 	10.198039 	9.219544 	113.357841 	106.103722 	78.294319 	35.014282 	66.730804 	50.990196 	45.398239 	37.000000 	39.012817 	75.026665 	39.000000 	46.173584 	54.918121 	72.732384 	79.120163 	34.655445 	75.584389 	149.201202 	80.324341 	74.464760 	112.507774 	68.249542 	75.432091 	77.884529 	79.120163 	37.947330 	51.088158 	130.430054 	27.294687 	75.133217 	28.792360 	111.359779 	67.067131 	60.133186 	39.661064 	
73.824112 	55.072678 	999.000000 	25.612497 	8.246211 	48.166378 	55.317268 	27.018513 	27.784887 	20.396078 	19.104973 	24.698177 	72.111023 	65.000000 	49.040798 	58.872746 	63.976559 	55.901699 	23.769728 	29.068884 	15.811388 	17.117243 	21.213203 	29.154760 	27.513634 	22.000000 	28.460499 	23.086792 	18.027756 	21.377558 	26.019224 	89.050545 	24.331051 	97.200821 	28.017851 	25.298222 	57.454330 	23.600847 	26.248810 	27.658634 	28.442924 	40.804413 	30.149628 	75.927597 	69.656296 	29.529646 	66.030296 	56.462376 	30.610456 	33.241539 	51.244511 	
97.908119 	30.083218 	25.612497 	999.000000 	33.286633 	73.539108 	80.622574 	5.830952 	10.000000 	44.721359 	42.953465 	13.038404 	94.826157 	88.323273 	26.019224 	35.355339 	87.664131 	79.881165 	48.301140 	12.206555 	36.687874 	22.022715 	17.720045 	14.212670 	14.866069 	44.944408 	15.556349 	19.313208 	26.019224 	42.720020 	49.040798 	63.513779 	45.607018 	122.147453 	50.289165 	44.721359 	82.927681 	39.051247 	45.705578 	48.052055 	49.244289 	24.351591 	26.925823 	101.533249 	44.944408 	46.043457 	42.047592 	81.412529 	39.812057 	35.341194 	33.376640 	
68.541962 	63.063461 	8.246211 	33.286633 	999.000000 	41.617306 	48.826221 	33.970577 	34.058773 	12.165525 	11.000000 	30.232433 	67.911705 	60.440052 	57.245087 	67.067131 	59.135437 	50.921509 	15.524175 	35.000000 	9.899495 	19.924858 	25.495098 	34.669872 	32.756680 	14.142136 	33.615471 	26.925823 	19.104973 	14.317822 	18.027756 	96.798759 	17.088007 	90.972527 	20.223749 	18.867962 	49.648766 	19.416489 	19.723083 	20.615528 	21.189621 	45.617977 	32.388271 	68.622154 	76.419891 	24.083189 	72.470680 	48.332184 	28.231188 	33.241539 	55.946404 	
29.154760 	101.828285 	48.166378 	73.539108 	41.617306 	999.000000 	7.211102 	75.166481 	75.604233 	34.176014 	36.400551 	71.847061 	32.984844 	25.000000 	94.302704 	104.009613 	22.561028 	15.652476 	31.320919 	76.609398 	44.384682 	60.901562 	66.887962 	76.275818 	74.330345 	37.363083 	75.166481 	68.095520 	59.033890 	41.484936 	35.510563 	136.359818 	40.792156 	49.396355 	37.215588 	44.721359 	18.027756 	51.662365 	44.553337 	42.296574 	41.194660 	86.954010 	72.090218 	29.068884 	117.796432 	50.358715 	114.017540 	24.413111 	61.392181 	69.921387 	97.128784 	
23.021729 	108.706024 	55.317268 	80.622574 	48.826221 	7.211102 	999.000000 	82.328613 	82.800964 	41.231056 	43.462627 	79.056938 	28.635643 	21.095022 	101.019798 	110.679718 	18.357559 	13.601471 	38.275318 	83.815269 	51.478149 	68.095520 	74.094536 	83.486526 	81.541397 	44.271889 	82.377182 	75.292763 	66.189125 	48.383881 	42.201897 	143.282944 	47.539455 	42.190044 	43.737854 	51.419842 	17.691807 	58.523499 	51.195702 	48.836460 	47.675991 	94.154129 	79.202271 	23.086792 	124.963997 	56.885849 	121.210564 	25.612497 	68.154236 	76.843994 	104.316826 	
100.498756 	31.575306 	27.018513 	5.830952 	33.970577 	75.166481 	82.328613 	999.000000 	4.242640 	44.654228 	42.720020 	8.246211 	97.989792 	91.241440 	29.274563 	38.000000 	90.426765 	82.492424 	48.259712 	6.403124 	35.777088 	19.416489 	14.000000 	8.485281 	9.433981 	44.294468 	10.000000 	15.132746 	23.345236 	41.629318 	48.301140 	63.529522 	44.384682 	124.201447 	49.244289 	43.011627 	83.408630 	36.674240 	43.965897 	46.486557 	47.759815 	18.681541 	21.931713 	102.591423 	42.638012 	43.566040 	39.115215 	81.301903 	36.124783 	30.675724 	28.071337 	
101.597244 	34.132095 	27.784887 	10.000000 	34.058773 	75.604233 	82.800964 	4.242640 	999.000000 	44.045429 	42.011902 	5.099020 	99.538940 	92.612091 	32.756680 	41.109608 	91.678787 	83.648071 	47.634022 	2.236068 	34.669872 	17.464249 	11.401754 	4.242640 	5.385165 	43.266617 	5.830952 	12.041595 	21.189621 	40.311287 	47.169907 	64.884514 	42.941822 	124.851913 	47.885281 	41.231056 	82.975899 	34.481880 	42.154476 	44.777225 	46.097721 	15.132746 	18.027756 	102.532921 	42.426407 	41.231056 	38.418747 	80.448738 	33.000000 	26.925823 	25.019993 	
62.817196 	74.732857 	20.396078 	44.721359 	12.165525 	34.176014 	41.231056 	44.654228 	44.045429 	999.000000 	2.236068 	39.623226 	64.124878 	56.222771 	69.260376 	79.056938 	54.451813 	46.270943 	3.605551 	44.598206 	10.295630 	27.658634 	33.970577 	43.840622 	41.725292 	4.472136 	42.449970 	34.828148 	25.238859 	8.062258 	6.708204 	108.046288 	8.944272 	83.186539 	9.433981 	12.649111 	38.948685 	18.027756 	13.000000 	12.206555 	12.041595 	53.600372 	38.013157 	58.898216 	86.371292 	18.973665 	82.024384 	36.715118 	28.017851 	35.902645 	63.513779 	
65.000000 	73.006851 	19.104973 	42.953465 	11.000000 	36.400551 	43.462627 	42.720020 	42.011902 	2.236068 	999.000000 	37.536648 	66.189125 	58.309521 	67.720009 	77.491936 	56.568542 	48.373547 	5.656854 	42.520584 	8.062258 	25.495098 	31.827662 	41.725292 	39.597980 	3.605551 	40.311287 	32.649654 	23.021729 	6.324555 	7.071068 	106.174385 	7.810250 	85.422478 	9.486833 	11.180340 	41.036568 	16.000000 	11.661903 	11.313708 	11.401754 	51.400391 	35.777088 	61.073727 	84.291161 	17.464249 	79.906197 	38.587563 	26.000000 	33.734257 	61.294373 	
98.386993 	39.204590 	24.698177 	13.038404 	30.232433 	71.847061 	79.056938 	8.246211 	5.099020 	39.623226 	37.536648 	999.000000 	96.798759 	89.693924 	37.483330 	46.043457 	88.639717 	80.529495 	43.185646 	5.000000 	30.000000 	12.529964 	6.324555 	4.472136 	3.000000 	38.600517 	4.000000 	7.000000 	16.155495 	35.510563 	42.438190 	69.856995 	38.078865 	121.202309 	43.046486 	36.249138 	78.568443 	29.410883 	37.161808 	39.812057 	41.146080 	16.278820 	13.892444 	98.351410 	46.754681 	36.138622 	42.449970 	75.802376 	28.017851 	22.472204 	26.683329 	
11.401754 	119.201508 	72.111023 	94.826157 	67.911705 	32.984844 	28.635643 	97.989792 	99.538940 	64.124878 	66.189125 	96.798759 	999.000000 	8.062258 	110.113579 	119.004204 	10.440307 	18.027756 	62.008064 	101.019798 	73.552704 	87.800911 	93.005379 	101.242287 	99.624290 	68.029404 	100.568382 	94.641426 	86.884979 	72.062469 	67.029846 	153.525238 	72.000000 	35.440090 	69.115845 	76.000000 	45.486263 	82.152298 	76.006577 	74.060783 	73.109505 	112.893753 	100.224747 	38.948685 	139.671036 	82.024384 	136.850281 	53.851646 	92.135773 	99.724625 	123.328827 	
11.180340 	113.569359 	65.000000 	88.323273 	60.440052 	25.000000 	21.095022 	91.241440 	92.612091 	56.222771 	58.309521 	89.693924 	8.062258 	999.000000 	104.737770 	113.846390 	2.828427 	10.000000 	54.037025 	94.021271 	65.764732 	80.361679 	85.702972 	94.154129 	92.477028 	60.074955 	93.407707 	87.281158 	79.309517 	64.124878 	59.008472 	148.070923 	64.007812 	37.589893 	61.073727 	68.007355 	38.418747 	74.242844 	68.000000 	66.030296 	65.069191 	105.688217 	92.649879 	34.785053 	133.255386 	74.006760 	130.249756 	46.615448 	84.214012 	91.923882 	116.107712 	
115.260574 	10.198039 	49.040798 	26.019224 	57.245087 	94.302704 	101.019798 	29.274563 	32.756680 	69.260376 	67.720009 	37.483330 	110.113579 	104.737770 	999.000000 	9.848858 	104.661362 	97.621719 	72.732384 	34.205261 	62.169125 	48.000000 	43.185646 	36.400551 	38.078865 	70.092796 	38.327538 	44.407207 	52.000000 	68.249542 	74.215904 	43.416588 	71.196907 	140.858078 	75.709976 	70.576202 	105.990562 	65.069191 	71.568146 	73.824112 	74.966660 	40.496914 	50.695168 	123.174675 	37.054016 	72.062469 	37.854988 	105.475113 	65.375839 	59.665737 	44.553337 	
124.482933 	9.219544 	58.872746 	35.355339 	67.067131 	104.009613 	110.679718 	38.000000 	41.109608 	79.056938 	77.491936 	46.043457 	119.004204 	113.846390 	9.848858 	999.000000 	113.863953 	106.962608 	82.540901 	42.296574 	71.805290 	57.140179 	52.000000 	44.407207 	46.270943 	79.812279 	46.389652 	53.037724 	61.131008 	77.878113 	83.934502 	34.985710 	80.808418 	150.233154 	85.375641 	80.062477 	115.831772 	74.330345 	81.049370 	83.360664 	84.528099 	46.615448 	58.694122 	132.924789 	34.785053 	81.301903 	37.121422 	115.316956 	74.060783 	67.742157 	48.826221 	
10.630146 	113.357841 	63.976559 	87.664131 	59.135437 	22.561028 	18.357559 	90.426765 	91.678787 	54.451813 	56.568542 	88.639717 	10.440307 	2.828427 	104.661362 	113.863953 	999.000000 	8.246211 	52.153618 	93.037628 	64.132675 	79.056938 	84.504440 	93.107468 	91.389275 	58.215118 	92.309265 	86.034874 	77.884529 	62.289646 	57.008770 	147.922272 	62.072536 	36.891735 	59.008472 	66.068146 	35.608986 	72.443085 	66.030296 	64.000000 	63.007935 	104.546638 	91.214035 	32.280025 	132.608444 	72.006943 	129.495178 	43.829212 	82.389320 	90.255196 	114.947815 	
18.027756 	106.103722 	55.901699 	79.881165 	50.921509 	15.652476 	13.601471 	82.492424 	83.648071 	46.270943 	48.373547 	80.529495 	18.027756 	10.000000 	97.621719 	106.962608 	8.246211 	999.000000 	44.045429 	84.970581 	55.901699 	70.837845 	76.321686 	85.000000 	83.258636 	50.089920 	84.172440 	77.833153 	69.641945 	54.147945 	49.010204 	140.730240 	54.009258 	43.278172 	51.088158 	58.008621 	31.240999 	64.280632 	58.000000 	56.035702 	55.081757 	96.384644 	82.969872 	33.015148 	124.807854 	64.007812 	121.593582 	38.897301 	74.242844 	82.036575 	106.775467 	
60.207973 	78.294319 	23.769728 	48.301140 	15.524175 	31.320919 	38.275318 	48.259712 	47.634022 	3.605551 	5.656854 	43.185646 	62.008064 	54.037025 	72.732384 	82.540901 	52.153618 	44.045429 	999.000000 	48.166378 	13.601471 	31.144823 	37.483330 	47.381432 	45.254833 	6.082763 	45.967381 	38.288380 	28.600698 	10.198039 	5.830952 	111.646767 	10.049875 	80.056229 	8.602325 	14.035668 	35.383614 	20.396078 	14.142136 	12.649111 	12.083046 	57.008770 	41.182522 	55.443665 	89.938866 	20.223749 	85.562843 	33.120991 	30.265491 	38.600517 	66.850578 	
102.883430 	35.014282 	29.068884 	12.206555 	35.000000 	76.609398 	83.815269 	6.403124 	2.236068 	44.598206 	42.520584 	5.000000 	101.019798 	94.021271 	34.205261 	42.296574 	93.037628 	84.970581 	48.166378 	999.000000 	35.000000 	17.492855 	11.180340 	2.236068 	4.000000 	43.600460 	4.123106 	11.401754 	21.023796 	40.496914 	47.434166 	65.000000 	43.046486 	125.924583 	48.020828 	41.146080 	83.546394 	34.176014 	42.047592 	44.721359 	46.065170 	13.038404 	16.492422 	103.276329 	41.773197 	40.804413 	37.536648 	80.802231 	32.062439 	25.495098 	23.086792 	
72.801102 	66.730804 	15.811388 	36.687874 	9.899495 	44.384682 	51.478149 	35.777088 	34.669872 	10.295630 	8.062258 	30.000000 	73.552704 	65.764732 	62.169125 	71.805290 	64.132675 	55.901699 	13.601471 	35.000000 	999.000000 	17.691807 	24.083189 	34.058773 	31.890438 	8.602325 	32.557640 	24.758837 	15.000000 	6.082763 	12.529964 	99.297531 	9.055386 	93.477272 	13.601471 	9.486833 	48.795490 	9.848858 	10.440307 	12.041595 	13.000000 	43.416588 	27.730848 	69.028976 	76.694199 	14.212670 	72.180328 	45.803928 	19.416489 	26.172504 	53.254108 	
88.391174 	50.990196 	17.117243 	22.022715 	19.924858 	60.901562 	68.095520 	19.416489 	17.464249 	27.658634 	25.495098 	12.529964 	87.800911 	80.361679 	48.000000 	57.140179 	79.056938 	70.837845 	31.144823 	17.492855 	17.691807 	999.000000 	6.403124 	16.401220 	14.212670 	26.248810 	14.866069 	7.211102 	4.000000 	23.021729 	30.000000 	82.346825 	25.553865 	110.276924 	30.528675 	23.769728 	66.468040 	17.262676 	24.698177 	27.313000 	28.635643 	26.076809 	13.038404 	86.556343 	59.033890 	24.186773 	54.488529 	63.411354 	18.384777 	17.204651 	36.235340 	
94.021271 	45.398239 	21.213203 	17.720045 	25.495098 	66.887962 	74.094536 	14.000000 	11.401754 	33.970577 	31.827662 	6.324555 	93.005379 	85.702972 	43.185646 	52.000000 	84.504440 	76.321686 	37.483330 	11.180340 	24.083189 	6.403124 	999.000000 	10.000000 	7.810250 	32.649654 	8.485281 	2.236068 	9.848858 	29.410883 	36.400551 	76.157730 	31.906113 	116.284134 	36.891735 	29.966648 	72.835434 	23.086792 	30.870699 	33.541019 	34.885529 	20.124611 	10.816654 	92.849342 	52.630791 	29.832869 	48.104053 	69.814041 	22.203604 	18.027756 	30.463093 	
102.859123 	37.000000 	29.154760 	14.212670 	34.669872 	76.275818 	83.486526 	8.485281 	4.242640 	43.840622 	41.725292 	4.472136 	101.242287 	94.154129 	36.400551 	44.407207 	93.107468 	85.000000 	47.381432 	2.236068 	34.058773 	16.401220 	10.000000 	999.000000 	2.236068 	42.638012 	2.000000 	9.848858 	19.723083 	39.408119 	46.400433 	66.483078 	41.880783 	125.642349 	46.872166 	39.824615 	82.758682 	32.695564 	40.706264 	43.416588 	44.777225 	12.041595 	14.317822 	102.649887 	42.638012 	39.217342 	38.183765 	79.812279 	30.149628 	23.345236 	22.360680 	
101.079178 	39.012817 	27.513634 	14.866069 	32.756680 	74.330345 	81.541397 	9.433981 	5.385165 	41.725292 	39.597980 	3.000000 	99.624290 	92.477028 	38.078865 	46.270943 	91.389275 	83.258636 	45.254833 	4.000000 	31.890438 	14.212670 	7.810250 	2.236068 	999.000000 	40.459858 	1.000000 	7.615773 	17.492855 	37.202152 	44.204071 	68.709534 	39.661064 	123.713379 	44.654228 	37.589893 	80.622574 	30.463093 	38.470768 	41.182522 	42.544094 	13.341664 	12.649111 	100.568382 	44.821869 	37.000000 	40.311287 	77.620872 	28.071337 	21.587032 	23.769728 	
66.287254 	75.026665 	22.000000 	44.944408 	14.142136 	37.363083 	44.271889 	44.294468 	43.266617 	4.472136 	3.605551 	38.600517 	68.029404 	60.074955 	70.092796 	79.812279 	58.215118 	50.089920 	6.082763 	43.600460 	8.602325 	26.248810 	32.649654 	42.638012 	40.459858 	999.000000 	41.109608 	33.241539 	23.345236 	4.123106 	4.123106 	107.823929 	4.472136 	85.906929 	6.082763 	8.246211 	40.360870 	14.317822 	8.544003 	7.810250 	7.810250 	51.739735 	35.510563 	60.802959 	85.276024 	14.560220 	80.721741 	37.202152 	24.186773 	32.572994 	61.400326 	
101.980392 	39.000000 	28.460499 	15.556349 	33.615471 	75.166481 	82.377182 	10.000000 	5.830952 	42.449970 	40.311287 	4.000000 	100.568382 	93.407707 	38.327538 	46.389652 	92.309265 	84.172440 	45.967381 	4.123106 	32.557640 	14.866069 	8.485281 	2.000000 	1.000000 	41.109608 	999.000000 	8.062258 	18.027756 	37.802116 	44.821869 	68.352028 	40.224369 	124.555206 	45.221676 	38.078865 	81.320351 	30.870699 	38.948685 	41.677334 	43.046486 	12.369317 	12.369317 	101.316338 	44.204071 	37.336308 	39.623226 	78.243210 	28.160255 	21.377558 	22.803509 	
95.462036 	46.173584 	23.086792 	19.313208 	26.925823 	68.095520 	75.292763 	15.132746 	12.041595 	34.828148 	32.649654 	7.000000 	94.641426 	87.281158 	44.407207 	53.037724 	86.034874 	77.833153 	38.288380 	11.401754 	24.758837 	7.211102 	2.236068 	9.848858 	7.615773 	33.241539 	8.062258 	999.000000 	10.000000 	29.832869 	36.878178 	76.321686 	32.202484 	117.477661 	37.202152 	30.016663 	73.552704 	22.847319 	30.886890 	33.615471 	34.985710 	18.867962 	8.602325 	93.723000 	52.201534 	29.410883 	47.507893 	70.292244 	21.023796 	16.124516 	29.068884 	
86.977005 	54.918121 	18.027756 	26.019224 	19.104973 	59.033890 	66.189125 	23.345236 	21.189621 	25.238859 	23.021729 	16.155495 	86.884979 	79.309517 	52.000000 	61.131008 	77.884529 	69.641945 	28.600698 	21.023796 	15.000000 	4.000000 	9.848858 	19.723083 	17.492855 	23.345236 	18.027756 	10.000000 	999.000000 	19.849434 	26.907248 	86.005814 	22.203604 	108.300507 	27.202942 	20.124611 	63.702435 	13.341664 	21.023796 	23.706539 	25.059929 	28.425341 	13.341664 	84.023804 	62.201286 	20.223749 	57.489128 	60.307545 	14.764823 	15.231546 	38.275318 	
70.405968 	72.732384 	21.377558 	42.720020 	14.317822 	41.484936 	48.383881 	41.629318 	40.311287 	8.062258 	6.324555 	35.510563 	72.062469 	64.124878 	68.249542 	77.878113 	62.289646 	54.147945 	10.198039 	40.496914 	6.082763 	23.021729 	29.410883 	39.408119 	37.202152 	4.123106 	37.802116 	29.832869 	19.849434 	999.000000 	7.071068 	105.095192 	3.000000 	89.961105 	7.615773 	5.000000 	44.045429 	10.198039 	5.656854 	6.324555 	7.071068 	48.104053 	31.622776 	64.637451 	82.006096 	11.180340 	77.336922 	40.459858 	20.099751 	28.460499 	57.628117 	
64.629715 	79.120163 	26.019224 	49.040798 	18.027756 	35.510563 	42.201897 	48.301140 	47.169907 	6.708204 	7.071068 	42.438190 	67.029846 	59.008472 	74.215904 	83.934502 	57.008770 	49.010204 	5.830952 	47.434166 	12.529964 	30.000000 	36.400551 	46.400433 	44.204071 	4.123106 	44.821869 	36.878178 	26.907248 	7.071068 	999.000000 	111.825760 	5.385165 	83.384651 	2.828427 	9.219544 	37.013512 	16.552946 	9.055386 	7.071068 	6.324555 	55.172459 	38.600517 	57.688820 	89.022469 	15.000000 	84.386017 	33.421551 	25.961510 	34.928497 	64.660652 	
158.492905 	34.655445 	89.050545 	63.513779 	96.798759 	136.359818 	143.282944 	63.529522 	64.884514 	108.046288 	106.174385 	69.856995 	153.525238 	148.070923 	43.416588 	34.985710 	147.922272 	140.730240 	111.646767 	65.000000 	99.297531 	82.346825 	76.157730 	66.483078 	68.709534 	107.823929 	68.352028 	76.321686 	86.005814 	105.095192 	111.825760 	999.000000 	107.786827 	183.853195 	112.698715 	106.103722 	146.441116 	99.161484 	107.018692 	109.658562 	110.981979 	62.169125 	78.847954 	164.805954 	29.154760 	105.688217 	35.128338 	144.754959 	95.880135 	87.321243 	58.034473 	
69.871307 	75.584389 	24.331051 	45.607018 	17.088007 	40.792156 	47.539455 	44.384682 	42.941822 	8.944272 	7.810250 	38.078865 	72.000000 	64.007812 	71.196907 	80.808418 	62.072536 	54.009258 	10.049875 	43.046486 	9.055386 	25.553865 	31.906113 	41.880783 	39.661064 	4.472136 	40.224369 	32.202484 	22.203604 	3.000000 	5.385165 	107.786827 	999.000000 	88.769363 	5.000000 	4.000000 	42.201897 	11.180340 	4.123106 	3.605551 	4.123106 	50.209560 	33.421551 	62.968246 	84.403793 	10.198039 	79.649231 	38.209946 	20.615528 	29.546574 	59.548298 	
26.419689 	149.201202 	97.200821 	122.147453 	90.972527 	49.396355 	42.190044 	124.201447 	124.851913 	83.186539 	85.422478 	121.202309 	35.440090 	37.589893 	140.858078 	150.233154 	36.891735 	43.278172 	80.056229 	125.924583 	93.477272 	110.276924 	116.284134 	125.642349 	123.713379 	85.906929 	124.555206 	117.477661 	108.300507 	89.961105 	83.384651 	183.853195 	88.769363 	999.000000 	84.504440 	92.477028 	48.836460 	99.924973 	92.114059 	89.537704 	88.255310 	136.341476 	121.198181 	29.000000 	166.817261 	97.406364 	163.217651 	56.320511 	109.201645 	118.308914 	146.485489 	
66.370171 	80.324341 	28.017851 	50.289165 	20.223749 	37.215588 	43.737854 	49.244289 	47.885281 	9.433981 	9.486833 	43.046486 	69.115845 	61.073727 	75.709976 	85.375641 	59.008472 	51.088158 	8.602325 	48.020828 	13.601471 	30.528675 	36.891735 	46.872166 	44.654228 	6.082763 	45.221676 	37.202152 	27.202942 	7.615773 	2.828427 	112.698715 	5.000000 	84.504440 	999.000000 	8.062258 	37.443291 	15.811388 	7.615773 	5.099020 	4.000000 	55.172459 	38.288380 	58.309521 	89.403580 	13.152946 	84.646324 	33.241539 	24.698177 	34.000000 	64.443771 	
73.824112 	74.464760 	25.298222 	44.721359 	18.867962 	44.721359 	51.419842 	43.011627 	41.231056 	12.649111 	11.180340 	36.249138 	76.000000 	68.007355 	70.576202 	80.062477 	66.068146 	58.008621 	14.035668 	41.146080 	9.486833 	23.769728 	29.966648 	39.824615 	37.589893 	8.246211 	38.078865 	30.016663 	20.124611 	5.000000 	9.219544 	106.103722 	4.000000 	92.477028 	8.062258 	999.000000 	45.486263 	7.810250 	1.000000 	3.605551 	5.000000 	47.507893 	30.413813 	66.370171 	82.097504 	6.324555 	77.201035 	41.036568 	16.763054 	25.942244 	56.586216 	
37.696156 	112.507774 	57.454330 	82.927681 	49.648766 	18.027756 	17.691807 	83.408630 	82.975899 	38.948685 	41.036568 	78.568443 	45.486263 	38.418747 	105.990562 	115.831772 	35.608986 	31.240999 	35.383614 	83.546394 	48.795490 	66.468040 	72.835434 	82.758682 	80.622574 	40.360870 	81.320351 	73.552704 	63.702435 	44.045429 	37.013512 	146.441116 	42.201897 	48.836460 	37.443291 	45.486263 	999.000000 	53.254108 	44.944408 	42.190044 	40.816662 	92.097771 	75.604233 	21.023796 	125.319588 	49.648766 	120.933868 	8.544003 	61.773781 	71.344238 	101.671036 	
80.603973 	68.249542 	23.600847 	39.051247 	19.416489 	51.662365 	58.523499 	36.674240 	34.481880 	18.027756 	16.000000 	29.410883 	82.152298 	74.242844 	65.069191 	74.330345 	72.443085 	64.280632 	20.396078 	34.176014 	9.848858 	17.262676 	23.086792 	32.695564 	30.463093 	14.317822 	30.870699 	22.847319 	13.341664 	10.198039 	16.552946 	99.161484 	11.180340 	99.924973 	15.811388 	7.810250 	53.254108 	999.000000 	8.485281 	11.313708 	12.727922 	39.824615 	22.627417 	74.094536 	74.625732 	7.000000 	69.634758 	48.836460 	10.000000 	18.384777 	48.795490 	
73.681747 	75.432091 	26.248810 	45.705578 	19.723083 	44.553337 	51.195702 	43.965897 	42.154476 	13.000000 	11.661903 	37.161808 	76.006577 	68.000000 	71.568146 	81.049370 	66.030296 	58.000000 	14.142136 	42.047592 	10.440307 	24.698177 	30.870699 	40.706264 	38.470768 	8.544003 	38.948685 	30.886890 	21.023796 	5.656854 	9.055386 	107.018692 	4.123106 	92.114059 	7.615773 	1.000000 	44.944408 	8.485281 	999.000000 	2.828427 	4.242640 	48.270073 	31.112698 	65.863495 	82.927681 	6.082763 	78.006409 	40.360870 	17.088007 	26.419689 	57.280014 	
71.449280 	77.884529 	27.658634 	48.052055 	20.615528 	42.296574 	48.836460 	46.486557 	44.777225 	12.206555 	11.313708 	39.812057 	74.060783 	66.030296 	73.824112 	83.360664 	64.000000 	56.035702 	12.649111 	44.721359 	12.041595 	27.313000 	33.541019 	43.416588 	41.182522 	7.810250 	41.677334 	33.615471 	23.706539 	6.324555 	7.071068 	109.658562 	3.605551 	89.537704 	5.099020 	3.605551 	42.190044 	11.313708 	2.828427 	999.000000 	1.414214 	51.088158 	33.941124 	63.134777 	85.702972 	8.062258 	80.802231 	37.536648 	19.697716 	29.154760 	60.108234 	
70.349129 	79.120163 	28.442924 	49.244289 	21.189621 	41.194660 	47.675991 	47.759815 	46.097721 	12.041595 	11.401754 	41.146080 	73.109505 	65.069191 	74.966660 	84.528099 	63.007935 	55.081757 	12.083046 	46.065170 	13.000000 	28.635643 	34.885529 	44.777225 	42.544094 	7.810250 	43.046486 	34.985710 	25.059929 	7.071068 	6.324555 	110.981979 	4.123106 	88.255310 	4.000000 	5.000000 	40.816662 	12.727922 	4.242640 	1.414214 	999.000000 	52.497620 	35.355339 	61.773781 	87.091904 	9.219544 	82.200974 	36.124783 	21.023796 	30.528675 	61.522354 	
114.127121 	37.947330 	40.804413 	24.351591 	45.617977 	86.954010 	94.154129 	18.681541 	15.132746 	53.600372 	51.400391 	16.278820 	112.893753 	105.688217 	40.496914 	46.615448 	104.546638 	96.384644 	57.008770 	13.038404 	43.416588 	26.076809 	20.124611 	12.041595 	13.341664 	51.739735 	12.369317 	18.867962 	28.425341 	48.104053 	55.172459 	62.169125 	50.209560 	136.341476 	55.172459 	47.507893 	92.097771 	39.824615 	48.270073 	51.088158 	52.497620 	999.000000 	17.492855 	112.445541 	35.341194 	45.486263 	30.016663 	88.413803 	34.438351 	25.298222 	10.440307 	
100.244698 	51.088158 	30.149628 	26.925823 	32.388271 	72.090218 	79.202271 	21.931713 	18.027756 	38.013157 	35.777088 	13.892444 	100.224747 	92.649879 	50.695168 	58.694122 	91.214035 	82.969872 	41.182522 	16.492422 	27.730848 	13.038404 	10.816654 	14.317822 	12.649111 	35.510563 	12.369317 	8.602325 	13.341664 	31.622776 	38.600517 	78.847954 	33.421551 	121.198181 	38.288380 	30.413813 	75.604233 	22.627417 	31.112698 	33.941124 	35.355339 	17.492855 	999.000000 	96.260063 	52.773098 	28.017851 	47.507893 	71.449280 	17.088007 	9.055386 	26.172504 	
28.017851 	130.430054 	75.927597 	101.533249 	68.622154 	29.068884 	23.086792 	102.591423 	102.532921 	58.898216 	61.073727 	98.351410 	38.948685 	34.785053 	123.174675 	132.924789 	32.280025 	33.015148 	55.443665 	103.276329 	69.028976 	86.556343 	92.849342 	102.649887 	100.568382 	60.802959 	101.316338 	93.723000 	84.023804 	64.637451 	57.688820 	164.805954 	62.968246 	29.000000 	58.309521 	66.370171 	21.023796 	74.094536 	65.863495 	63.134777 	61.773781 	112.445541 	96.260063 	999.000000 	144.958618 	70.661163 	140.801285 	27.658634 	82.764725 	92.282173 	122.200653 	
142.835571 	27.294687 	69.656296 	44.944408 	76.419891 	117.796432 	124.963997 	42.638012 	42.426407 	86.371292 	84.291161 	46.754681 	139.671036 	133.255386 	37.054016 	34.785053 	132.608444 	124.807854 	89.938866 	41.773197 	76.694199 	59.033890 	52.630791 	42.638012 	44.821869 	85.276024 	44.204071 	52.201534 	62.201286 	82.006096 	89.022469 	29.154760 	84.403793 	166.817261 	89.403580 	82.097504 	125.319588 	74.625732 	82.927681 	85.702972 	87.091904 	35.341194 	52.773098 	144.958618 	999.000000 	80.622574 	6.000000 	122.441826 	69.778221 	60.539242 	29.427877 	
79.511009 	75.133217 	29.529646 	46.043457 	24.083189 	50.358715 	56.885849 	43.566040 	41.231056 	18.973665 	17.464249 	36.138622 	82.024384 	74.006760 	72.062469 	81.301903 	72.006943 	64.007812 	20.223749 	40.804413 	14.212670 	24.186773 	29.832869 	39.217342 	37.000000 	14.560220 	37.336308 	29.410883 	20.223749 	11.180340 	15.000000 	105.688217 	10.198039 	97.406364 	13.152946 	6.324555 	49.648766 	7.000000 	6.082763 	8.062258 	9.219544 	45.486263 	28.017851 	70.661163 	80.622574 	999.000000 	75.471848 	44.407207 	12.206555 	22.022715 	53.907330 	
139.606583 	28.792360 	66.030296 	42.047592 	72.470680 	114.017540 	121.210564 	39.115215 	38.418747 	82.024384 	79.906197 	42.449970 	136.850281 	130.249756 	37.854988 	37.121422 	129.495178 	121.593582 	85.562843 	37.536648 	72.180328 	54.488529 	48.104053 	38.183765 	40.311287 	80.721741 	39.623226 	47.507893 	57.489128 	77.336922 	84.386017 	35.128338 	79.649231 	163.217651 	84.646324 	77.201035 	120.933868 	69.634758 	78.006409 	80.802231 	82.200974 	30.016663 	47.507893 	140.801285 	6.000000 	75.471848 	999.000000 	117.796432 	64.412735 	55.036350 	23.537205 	
46.238514 	111.359779 	56.462376 	81.412529 	48.332184 	24.413111 	25.612497 	81.301903 	80.448738 	36.715118 	38.587563 	75.802376 	53.851646 	46.615448 	105.475113 	115.316956 	43.829212 	38.897301 	33.120991 	80.802231 	45.803928 	63.411354 	69.814041 	79.812279 	77.620872 	37.202152 	78.243210 	70.292244 	60.307545 	40.459858 	33.421551 	144.754959 	38.209946 	56.320511 	33.241539 	41.036568 	8.544003 	48.836460 	40.360870 	37.536648 	36.124783 	88.413803 	71.449280 	27.658634 	122.441826 	44.407207 	117.796432 	999.000000 	56.612720 	66.400299 	97.621719 	
90.426765 	67.067131 	30.610456 	39.812057 	28.231188 	61.392181 	68.154236 	36.124783 	33.000000 	28.017851 	26.000000 	28.017851 	92.135773 	84.214012 	65.375839 	74.060783 	82.389320 	74.242844 	30.265491 	32.062439 	19.416489 	18.384777 	22.203604 	30.149628 	28.071337 	24.186773 	28.160255 	21.023796 	14.764823 	20.099751 	25.961510 	95.880135 	20.615528 	109.201645 	24.698177 	16.763054 	61.773781 	10.000000 	17.088007 	19.697716 	21.023796 	34.438351 	17.088007 	82.764725 	69.778221 	12.206555 	64.412735 	56.612720 	999.000000 	9.899495 	42.201897 	
98.716766 	60.133186 	33.241539 	35.341194 	33.241539 	69.921387 	76.843994 	30.675724 	26.925823 	35.902645 	33.734257 	22.472204 	99.724625 	91.923882 	59.665737 	67.742157 	90.255196 	82.036575 	38.600517 	25.495098 	26.172504 	17.204651 	18.027756 	23.345236 	21.587032 	32.572994 	21.377558 	16.124516 	15.231546 	28.460499 	34.928497 	87.321243 	29.546574 	118.308914 	34.000000 	25.942244 	71.344238 	18.384777 	26.419689 	29.154760 	30.528675 	25.298222 	9.055386 	92.282173 	60.539242 	22.022715 	55.036350 	66.400299 	9.899495 	999.000000 	32.449963 	
124.482933 	39.661064 	51.244511 	33.376640 	55.946404 	97.128784 	104.316826 	28.071337 	25.019993 	63.513779 	61.294373 	26.683329 	123.328827 	116.107712 	44.553337 	48.826221 	114.947815 	106.775467 	66.850578 	23.086792 	53.254108 	36.235340 	30.463093 	22.360680 	23.769728 	61.400326 	22.803509 	29.068884 	38.275318 	57.628117 	64.660652 	58.034473 	59.548298 	146.485489 	64.443771 	56.586216 	101.671036 	48.795490 	57.280014 	60.108234 	61.522354 	10.440307 	26.172504 	122.200653 	29.427877 	53.907330 	23.537205 	97.621719 	42.201897 	32.449963 	999.000000 	

Travel time:
9.000000 	3.097681 	1.845603 	2.447703 	1.713549 	0.728869 	0.575543 	2.512469 	2.539931 	1.570430 	1.625000 	2.459675 	0.285044 	0.279509 	2.881514 	3.112073 	0.265754 	0.450694 	1.505199 	2.572086 	1.820028 	2.209779 	2.350532 	2.571478 	2.526979 	1.657181 	2.549510 	2.386551 	2.174425 	1.760149 	1.615743 	3.962323 	1.746783 	0.660492 	1.659254 	1.845603 	0.942404 	2.015099 	1.842044 	1.786232 	1.758728 	2.853178 	2.506117 	0.700446 	3.570889 	1.987775 	3.490165 	1.155963 	2.260669 	2.467919 	3.112073 	
3.097681 	9.000000 	1.376817 	0.752080 	1.576586 	2.545707 	2.717651 	0.789383 	0.853302 	1.868321 	1.825171 	0.980115 	2.980038 	2.839234 	0.254951 	0.230489 	2.833946 	2.652593 	1.957358 	0.875357 	1.668270 	1.274755 	1.134956 	0.925000 	0.975320 	1.875667 	0.975000 	1.154340 	1.372953 	1.818310 	1.978004 	0.866386 	1.889610 	3.730030 	2.008109 	1.861619 	2.812694 	1.706239 	1.885802 	1.947113 	1.978004 	0.948683 	1.277204 	3.260751 	0.682367 	1.878330 	0.719809 	2.783994 	1.676678 	1.503330 	0.991527 	
1.845603 	1.376817 	9.000000 	0.640312 	0.206155 	1.204159 	1.382932 	0.675463 	0.694622 	0.509902 	0.477624 	0.617454 	1.802776 	1.625000 	1.226020 	1.471819 	1.599414 	1.397542 	0.594243 	0.726722 	0.395285 	0.427931 	0.530330 	0.728869 	0.687841 	0.550000 	0.711512 	0.577170 	0.450694 	0.534439 	0.650481 	2.226264 	0.608276 	2.430021 	0.700446 	0.632456 	1.436358 	0.590021 	0.656220 	0.691466 	0.711073 	1.020110 	0.753741 	1.898190 	1.741407 	0.738241 	1.650757 	1.411559 	0.765261 	0.831038 	1.281113 	
2.447703 	0.752080 	0.640312 	9.000000 	0.832166 	1.838478 	2.015564 	0.145774 	0.250000 	1.118034 	1.073837 	0.325960 	2.370654 	2.208082 	0.650481 	0.883883 	2.191603 	1.997029 	1.207528 	0.305164 	0.917197 	0.550568 	0.443001 	0.355317 	0.371652 	1.123610 	0.388909 	0.482830 	0.650481 	1.068001 	1.226020 	1.587844 	1.140175 	3.053686 	1.257229 	1.118034 	2.073192 	0.976281 	1.142639 	1.201301 	1.231107 	0.608790 	0.673146 	2.538331 	1.123610 	1.151086 	1.051190 	2.035313 	0.995301 	0.883530 	0.834416 	
1.713549 	1.576586 	0.206155 	0.832166 	9.000000 	1.040433 	1.220656 	0.849264 	0.851469 	0.304138 	0.275000 	0.755811 	1.697793 	1.511001 	1.431127 	1.676678 	1.478386 	1.273038 	0.388104 	0.875000 	0.247487 	0.498121 	0.637377 	0.866747 	0.818917 	0.353553 	0.840387 	0.673146 	0.477624 	0.357946 	0.450694 	2.419969 	0.427200 	2.274313 	0.505594 	0.471699 	1.241219 	0.485412 	0.493077 	0.515388 	0.529741 	1.140449 	0.809707 	1.715554 	1.910497 	0.602080 	1.811767 	1.208305 	0.705780 	0.831038 	1.398660 	
0.728869 	2.545707 	1.204159 	1.838478 	1.040433 	9.000000 	0.180278 	1.879162 	1.890106 	0.854400 	0.910014 	1.796177 	0.824621 	0.625000 	2.357568 	2.600240 	0.564026 	0.391312 	0.783023 	1.915235 	1.109617 	1.522539 	1.672199 	1.906895 	1.858259 	0.934077 	1.879162 	1.702388 	1.475847 	1.037123 	0.887764 	3.408995 	1.019804 	1.234909 	0.930390 	1.118034 	0.450694 	1.291559 	1.113833 	1.057414 	1.029866 	2.173850 	1.802255 	0.726722 	2.944911 	1.258968 	2.850439 	0.610328 	1.534805 	1.748035 	2.428220 	
0.575543 	2.717651 	1.382932 	2.015564 	1.220656 	0.180278 	9.000000 	2.058215 	2.070024 	1.030776 	1.086566 	1.976424 	0.715891 	0.527376 	2.525495 	2.766993 	0.458939 	0.340037 	0.956883 	2.095382 	1.286954 	1.702388 	1.852363 	2.087163 	2.038535 	1.106797 	2.059430 	1.882319 	1.654728 	1.209597 	1.055047 	3.582074 	1.188486 	1.054751 	1.093446 	1.285496 	0.442295 	1.463087 	1.279893 	1.220912 	1.191900 	2.353853 	1.980057 	0.577170 	3.124100 	1.422146 	3.030264 	0.640312 	1.703856 	1.921100 	2.607921 	
2.512469 	0.789383 	0.675463 	0.145774 	0.849264 	1.879162 	2.058215 	9.000000 	0.106066 	1.116356 	1.068001 	0.206155 	2.449745 	2.281036 	0.731864 	0.950000 	2.260669 	2.062311 	1.206493 	0.160078 	0.894427 	0.485412 	0.350000 	0.212132 	0.235850 	1.107362 	0.250000 	0.378319 	0.583631 	1.040733 	1.207528 	1.588238 	1.109617 	3.105036 	1.231107 	1.075291 	2.085216 	0.916856 	1.099147 	1.162164 	1.193995 	0.467039 	0.548293 	2.564785 	1.065950 	1.089151 	0.977880 	2.032547 	0.903120 	0.766893 	0.701783 	
2.539931 	0.853302 	0.694622 	0.250000 	0.851469 	1.890106 	2.070024 	0.106066 	9.000000 	1.101136 	1.050297 	0.127475 	2.488473 	2.315302 	0.818917 	1.027740 	2.291970 	2.091202 	1.190850 	0.055902 	0.866747 	0.436606 	0.285044 	0.106066 	0.134629 	1.081665 	0.145774 	0.301040 	0.529741 	1.007782 	1.179248 	1.622113 	1.073546 	3.121298 	1.197132 	1.030776 	2.074398 	0.862047 	1.053862 	1.119431 	1.152443 	0.378319 	0.450694 	2.563323 	1.060660 	1.030776 	0.960469 	2.011219 	0.825000 	0.673146 	0.625500 	
1.570430 	1.868321 	0.509902 	1.118034 	0.304138 	0.854400 	1.030776 	1.116356 	1.101136 	9.000000 	0.055902 	0.990581 	1.603122 	1.405569 	1.731509 	1.976424 	1.361295 	1.156774 	0.090139 	1.114955 	0.257391 	0.691466 	0.849264 	1.096016 	1.043132 	0.111803 	1.061249 	0.870704 	0.630971 	0.201556 	0.167705 	2.701157 	0.223607 	2.079664 	0.235850 	0.316228 	0.973717 	0.450694 	0.325000 	0.305164 	0.301040 	1.340009 	0.950329 	1.472455 	2.159282 	0.474342 	2.050610 	0.917878 	0.700446 	0.897566 	1.587844 	
1.625000 	1.825171 	0.477624 	1.073837 	0.275000 	0.910014 	1.086566 	1.068001 	1.050297 	0.055902 	9.000000 	0.938416 	1.654728 	1.457738 	1.693000 	1.937298 	1.414214 	1.209339 	0.141421 	1.063015 	0.201556 	0.637377 	0.795692 	1.043132 	0.989950 	0.090139 	1.007782 	0.816241 	0.575543 	0.158114 	0.176777 	2.654360 	0.195256 	2.135562 	0.237171 	0.279509 	1.025914 	0.400000 	0.291548 	0.282843 	0.285044 	1.285010 	0.894427 	1.526843 	2.107279 	0.436606 	1.997655 	0.964689 	0.650000 	0.843356 	1.532359 	
2.459675 	0.980115 	0.617454 	0.325960 	0.755811 	1.796177 	1.976424 	0.206155 	0.127475 	0.990581 	0.938416 	9.000000 	2.419969 	2.242348 	0.937083 	1.151086 	2.215993 	2.013237 	1.079641 	0.125000 	0.750000 	0.313249 	0.158114 	0.111803 	0.075000 	0.965013 	0.100000 	0.175000 	0.403887 	0.887764 	1.060955 	1.746425 	0.951972 	3.030058 	1.076162 	0.906228 	1.964211 	0.735272 	0.929045 	0.995301 	1.028652 	0.406971 	0.347311 	2.458785 	1.168867 	0.903466 	1.061249 	1.895059 	0.700446 	0.561805 	0.667083 	
0.285044 	2.980038 	1.802776 	2.370654 	1.697793 	0.824621 	0.715891 	2.449745 	2.488473 	1.603122 	1.654728 	2.419969 	9.000000 	0.201556 	2.752840 	2.975105 	0.261008 	0.450694 	1.550202 	2.525495 	1.838818 	2.195023 	2.325135 	2.531057 	2.490607 	1.700735 	2.514210 	2.366036 	2.172124 	1.801562 	1.675746 	3.838131 	1.800000 	0.886002 	1.727896 	1.900000 	1.137157 	2.053807 	1.900164 	1.851520 	1.827738 	2.822344 	2.505619 	0.973717 	3.491776 	2.050610 	3.421257 	1.346291 	2.303394 	2.493116 	3.083221 	
0.279509 	2.839234 	1.625000 	2.208082 	1.511001 	0.625000 	0.527376 	2.281036 	2.315302 	1.405569 	1.457738 	2.242348 	0.201556 	9.000000 	2.618444 	2.846160 	0.070711 	0.250000 	1.350926 	2.350532 	1.644118 	2.009042 	2.142574 	2.353853 	2.311926 	1.501874 	2.335193 	2.182029 	1.982738 	1.603122 	1.475212 	3.701773 	1.600195 	0.939747 	1.526843 	1.700184 	0.960469 	1.856071 	1.700000 	1.650757 	1.626730 	2.642205 	2.316247 	0.869626 	3.331385 	1.850169 	3.256244 	1.165386 	2.105350 	2.298097 	2.902693 	
2.881514 	0.254951 	1.226020 	0.650481 	1.431127 	2.357568 	2.525495 	0.731864 	0.818917 	1.731509 	1.693000 	0.937083 	2.752840 	2.618444 	9.000000 	0.246221 	2.616534 	2.440543 	1.818310 	0.855132 	1.554228 	1.200000 	1.079641 	0.910014 	0.951972 	1.752320 	0.958188 	1.110180 	1.300000 	1.706239 	1.855398 	1.085415 	1.779923 	3.521452 	1.892749 	1.764405 	2.649764 	1.626730 	1.789204 	1.845603 	1.874166 	1.012423 	1.267379 	3.079367 	0.926350 	1.801562 	0.946375 	2.636878 	1.634396 	1.491643 	1.113833 	
3.112073 	0.230489 	1.471819 	0.883883 	1.676678 	2.600240 	2.766993 	0.950000 	1.027740 	1.976424 	1.937298 	1.151086 	2.975105 	2.846160 	0.246221 	9.000000 	2.846599 	2.674065 	2.063523 	1.057414 	1.795132 	1.428504 	1.300000 	1.110180 	1.156774 	1.995307 	1.159741 	1.325943 	1.528275 	1.946953 	2.098362 	0.874643 	2.020211 	3.755829 	2.134391 	2.001562 	2.895794 	1.858259 	2.026234 	2.084017 	2.113203 	1.165386 	1.467353 	3.323120 	0.869626 	2.032547 	0.928036 	2.882924 	1.851520 	1.693554 	1.220656 	
0.265754 	2.833946 	1.599414 	2.191603 	1.478386 	0.564026 	0.458939 	2.260669 	2.291970 	1.361295 	1.414214 	2.215993 	0.261008 	0.070711 	2.616534 	2.846599 	9.000000 	0.206155 	1.303840 	2.325941 	1.603317 	1.976424 	2.112611 	2.327687 	2.284732 	1.455378 	2.307732 	2.150872 	1.947113 	1.557241 	1.425219 	3.698057 	1.551813 	0.922293 	1.475212 	1.651704 	0.890225 	1.811077 	1.650757 	1.600000 	1.575198 	2.613666 	2.280351 	0.807001 	3.315211 	1.800174 	3.237380 	1.095730 	2.059733 	2.256380 	2.873695 	
0.450694 	2.652593 	1.397542 	1.997029 	1.273038 	0.391312 	0.340037 	2.062311 	2.091202 	1.156774 	1.209339 	2.013237 	0.450694 	0.250000 	2.440543 	2.674065 	0.206155 	9.000000 	1.101136 	2.124264 	1.397542 	1.770946 	1.908042 	2.125000 	2.081466 	1.252248 	2.104311 	1.945829 	1.741049 	1.353699 	1.225255 	3.518256 	1.350231 	1.081954 	1.277204 	1.450216 	0.781025 	1.607016 	1.450000 	1.400892 	1.377044 	2.409616 	2.074247 	0.825379 	3.120196 	1.600195 	3.039840 	0.972432 	1.856071 	2.050914 	2.669387 	
1.505199 	1.957358 	0.594243 	1.207528 	0.388104 	0.783023 	0.956883 	1.206493 	1.190850 	0.090139 	0.141421 	1.079641 	1.550202 	1.350926 	1.818310 	2.063523 	1.303840 	1.101136 	9.000000 	1.204159 	0.340037 	0.778621 	0.937083 	1.184536 	1.131371 	0.152069 	1.149184 	0.957209 	0.715017 	0.254951 	0.145774 	2.791169 	0.251247 	2.001406 	0.215058 	0.350892 	0.884590 	0.509902 	0.353553 	0.316228 	0.302076 	1.425219 	1.029563 	1.386092 	2.248472 	0.505594 	2.139071 	0.828025 	0.756637 	0.965013 	1.671264 	
2.572086 	0.875357 	0.726722 	0.305164 	0.875000 	1.915235 	2.095382 	0.160078 	0.055902 	1.114955 	1.063015 	0.125000 	2.525495 	2.350532 	0.855132 	1.057414 	2.325941 	2.124264 	1.204159 	9.000000 	0.875000 	0.437321 	0.279509 	0.055902 	0.100000 	1.090011 	0.103078 	0.285044 	0.525595 	1.012423 	1.185854 	1.625000 	1.076162 	3.148115 	1.200521 	1.028652 	2.088660 	0.854400 	1.051190 	1.118034 	1.151629 	0.325960 	0.412311 	2.581908 	1.044330 	1.020110 	0.938416 	2.020056 	0.801561 	0.637377 	0.577170 	
1.820028 	1.668270 	0.395285 	0.917197 	0.247487 	1.109617 	1.286954 	0.894427 	0.866747 	0.257391 	0.201556 	0.750000 	1.838818 	1.644118 	1.554228 	1.795132 	1.603317 	1.397542 	0.340037 	0.875000 	9.000000 	0.442295 	0.602080 	0.851469 	0.797261 	0.215058 	0.813941 	0.618971 	0.375000 	0.152069 	0.313249 	2.482438 	0.226385 	2.336932 	0.340037 	0.237171 	1.219887 	0.246221 	0.261008 	0.301040 	0.325000 	1.085415 	0.693271 	1.725724 	1.917355 	0.355317 	1.804508 	1.145098 	0.485412 	0.654313 	1.331353 	
