Total assets = 547
Number of asset nodes = 33

Distance:
999.000000 	4.472136 	36.124783 	2.828427 	11.704700 	11.000000 	9.219544 	63.600315 	9.219544 	65.802734 	13.341664 	25.942244 	24.698177 	33.015148 	27.730848 	27.313000 	40.459858 	27.513634 	37.696156 	49.396355 	29.410883 	50.911690 	41.340054 	34.176014 	29.274563 	22.671568 	41.182522 	62.481998 	40.706264 	36.400551 	43.908997 	40.718548 	42.941822 	60.745369 	36.013885 	40.496914 	57.245087 	63.655323 	34.365681 	70.604530 	58.898216 	30.000000 	59.933296 	66.887962 	44.271889 	62.169125 	51.429562 	67.601776 	64.845970 	62.241467 	47.095646 	
4.472136 	999.000000 	32.015621 	4.472136 	7.280110 	7.280110 	6.403124 	59.640591 	8.544003 	61.854668 	10.295630 	29.681644 	28.178005 	37.013512 	31.384710 	30.886890 	44.598206 	30.870699 	33.241539 	44.944408 	32.695564 	55.172459 	45.221676 	37.576588 	32.015621 	21.954498 	44.944408 	66.843102 	44.418465 	39.812057 	47.707443 	44.294468 	46.647614 	56.302753 	32.015621 	43.863426 	52.773098 	67.941154 	30.805843 	66.219330 	63.031738 	28.284271 	55.461697 	62.433964 	47.539455 	57.697487 	55.072678 	63.134777 	60.373837 	57.775429 	43.011627 	
36.124783 	32.015621 	999.000000 	36.400551 	26.419689 	29.966648 	32.649654 	27.784887 	37.121422 	30.016663 	31.953091 	61.611687 	59.908264 	69.028976 	63.245552 	62.681736 	76.576759 	62.433964 	17.029387 	18.027756 	64.140472 	87.000000 	77.201035 	69.115845 	62.609905 	44.911022 	76.843994 	98.351410 	76.275818 	71.344238 	79.630394 	76.006577 	78.492035 	27.658634 	28.635643 	75.292763 	27.018513 	99.704567 	33.526108 	35.777088 	95.015785 	45.000000 	30.016663 	33.955853 	78.771820 	32.000000 	86.821655 	35.510563 	34.058773 	33.060551 	33.241539 	
2.828427 	4.472136 	36.400551 	999.000000 	10.816654 	9.219544 	7.000000 	64.070274 	6.403124 	66.287254 	11.045361 	25.238859 	23.706539 	32.649654 	26.925823 	26.419689 	40.311287 	26.400757 	36.674240 	48.826221 	28.231188 	50.990196 	40.804413 	33.105892 	27.658634 	19.849434 	40.496914 	62.801273 	39.962482 	35.341194 	43.266617 	39.824615 	42.190044 	60.216278 	34.132095 	39.395432 	56.435802 	63.780876 	32.140316 	70.292244 	58.728188 	27.202942 	59.059292 	66.287254 	43.081318 	61.294373 	50.606323 	66.887962 	64.007812 	61.269894 	45.276924 	
11.704700 	7.280110 	26.419689 	10.816654 	999.000000 	4.000000 	6.324555 	54.203320 	10.770329 	56.435802 	7.280110 	35.468296 	33.600594 	43.139309 	37.013512 	36.400551 	50.931328 	36.055511 	26.000000 	38.013157 	37.735924 	61.717098 	51.088158 	42.720020 	36.249138 	21.377558 	50.606323 	73.600273 	50.000000 	44.944408 	53.413483 	49.648766 	52.201534 	49.406479 	25.179358 	48.877399 	45.650848 	74.518456 	24.698177 	59.548298 	69.296463 	25.553865 	48.301140 	55.470715 	52.354561 	50.537113 	60.464867 	56.080299 	53.235325 	50.566788 	36.013885 	
11.000000 	7.280110 	29.966648 	9.219544 	4.000000 	999.000000 	2.828427 	57.706154 	7.211102 	59.941639 	3.605551 	32.526913 	30.479502 	40.360870 	33.970577 	33.301651 	48.270073 	32.802441 	27.784887 	40.459858 	34.409302 	59.203041 	48.104053 	39.408119 	32.649654 	17.464249 	47.507893 	71.281136 	46.861500 	41.617306 	50.328918 	46.400433 	49.040798 	51.855568 	25.019993 	45.486263 	47.707443 	72.006943 	23.537205 	62.241467 	66.528191 	22.203604 	50.249378 	57.801384 	48.877399 	52.478565 	57.201397 	58.249462 	55.226807 	52.354561 	36.124783 	
9.219544 	6.403124 	32.649654 	7.000000 	6.324555 	2.828427 	999.000000 	60.415230 	4.472136 	62.649822 	4.123106 	29.698484 	27.658634 	37.536648 	31.144823 	30.479502 	45.453274 	30.000000 	30.528675 	43.278172 	31.622776 	56.400356 	45.276924 	36.619667 	29.966648 	16.155495 	44.687805 	68.505478 	44.045429 	38.832977 	47.507893 	43.600460 	46.227695 	54.671749 	27.166155 	42.720020 	50.477718 	69.202599 	25.179358 	65.069191 	63.702435 	21.931713 	53.000000 	60.605282 	46.141087 	55.226807 	54.405884 	61.032780 	57.982758 	55.072678 	38.327538 	
63.600315 	59.640591 	27.784887 	64.070274 	54.203320 	57.706154 	60.415230 	999.000000 	64.884514 	2.236068 	59.506302 	89.308456 	87.664131 	96.607452 	90.972527 	90.426765 	104.019226 	90.210861 	37.121422 	25.317978 	91.923882 	114.214706 	104.861816 	96.896851 	90.354858 	71.784401 	104.560989 	125.207825 	104.009613 	99.126183 	107.335922 	103.773796 	106.230881 	22.203604 	50.039986 	103.077644 	28.178005 	126.810883 	56.142673 	19.697716 	122.441826 	70.405968 	29.681644 	24.839485 	106.550461 	30.000000 	114.586212 	27.658634 	29.732138 	32.202484 	48.836460 	
9.219544 	8.544003 	37.121422 	6.403124 	10.770329 	7.211102 	4.472136 	64.884514 	999.000000 	67.119293 	6.708204 	25.495098 	23.345236 	33.421551 	26.870058 	26.172504 	41.400482 	25.612497 	34.409302 	47.423622 	27.202942 	52.430908 	41.012192 	32.202484 	25.495098 	13.601471 	40.360870 	64.660652 	39.698868 	34.409302 	43.185646 	39.204590 	41.868843 	58.796257 	29.832869 	38.275318 	54.405884 	65.215027 	27.018513 	69.296463 	59.548298 	20.808653 	56.859474 	64.660652 	41.677334 	59.076221 	50.000000 	65.000000 	61.854668 	58.830265 	41.000000 	
65.802734 	61.854668 	30.016663 	66.287254 	56.435802 	59.941639 	62.649822 	2.236068 	67.119293 	999.000000 	61.741398 	91.525955 	89.888817 	98.812958 	93.193344 	92.649879 	106.212051 	92.439171 	39.204590 	27.166155 	94.154129 	116.387283 	107.074738 	99.126183 	92.590500 	74.000000 	106.780151 	127.349915 	106.230881 	101.355812 	109.553642 	106.000000 	108.452751 	23.323807 	52.086468 	105.309067 	29.546574 	128.972870 	58.215118 	19.723083 	124.631454 	72.567207 	30.886890 	25.455845 	108.784187 	31.064449 	116.811813 	28.284271 	30.610456 	33.286633 	50.635956 	
13.341664 	10.295630 	31.953091 	11.045361 	7.280110 	3.605551 	4.123106 	59.506302 	6.708204 	61.741398 	999.000000 	32.015621 	29.732138 	40.000000 	33.301651 	32.557640 	48.010414 	31.827662 	27.802877 	41.012192 	33.301651 	59.076221 	47.423622 	38.288380 	31.064449 	14.142136 	46.669048 	71.344238 	45.967381 	40.459858 	49.497475 	45.343136 	48.104053 	52.345009 	23.345236 	44.204071 	47.801674 	71.847061 	21.095022 	62.968246 	66.068146 	18.601076 	50.219517 	58.137768 	47.434166 	52.430908 	56.080299 	58.412327 	55.217751 	52.153618 	34.525352 	
25.942244 	29.681644 	61.611687 	25.238859 	35.468296 	32.526913 	29.698484 	89.308456 	25.495098 	91.525955 	32.015621 	999.000000 	3.000000 	8.062258 	2.000000 	2.236068 	16.124516 	4.242640 	59.816387 	72.917763 	5.830952 	27.294687 	15.620500 	9.000000 	10.000000 	27.658634 	15.264338 	39.812057 	14.764823 	11.045361 	18.027756 	14.866069 	17.000000 	84.291161 	53.665630 	15.132746 	79.812279 	39.962482 	49.396355 	94.762863 	34.058773 	36.345562 	82.200974 	90.138779 	19.104973 	84.403793 	25.495098 	90.426765 	87.200920 	84.053551 	64.474800 	
24.698177 	28.178005 	59.908264 	23.706539 	33.600594 	30.479502 	27.658634 	87.664131 	23.345236 	89.888817 	29.732138 	3.000000 	999.000000 	10.770329 	3.605551 	2.828427 	18.788294 	3.000000 	57.489128 	70.724815 	5.000000 	29.966648 	17.691807 	9.486833 	7.810250 	24.738634 	17.029387 	42.544094 	16.401220 	11.704700 	19.849434 	16.124516 	18.601076 	82.073135 	51.000000 	15.811388 	77.466118 	42.544094 	46.615448 	92.633690 	36.400551 	33.376640 	79.812279 	87.863533 	19.646883 	82.006096 	26.925823 	88.090858 	84.811554 	81.608826 	61.741398 	
33.015148 	37.013512 	69.028976 	32.649654 	43.139309 	40.360870 	37.536648 	96.607452 	33.421551 	98.812958 	40.000000 	8.062258 	10.770329 	999.000000 	7.280110 	8.246211 	8.062258 	10.049875 	67.801178 	80.808418 	10.049875 	19.235384 	8.544003 	8.602325 	15.132746 	35.440090 	9.055386 	31.780497 	9.000000 	9.219544 	11.401754 	10.198039 	11.045361 	92.195442 	61.717098 	12.083046 	87.800911 	31.906113 	57.384666 	102.591423 	26.172504 	43.931767 	90.210861 	98.081596 	15.811388 	92.417534 	19.416489 	98.407318 	95.210297 	92.086914 	72.498276 	
27.730848 	31.384710 	63.245552 	26.925823 	37.013512 	33.970577 	31.144823 	90.972527 	26.870058 	93.193344 	33.301651 	2.000000 	3.605551 	7.280110 	999.000000 	1.000000 	15.231546 	3.162278 	61.073727 	74.276512 	4.242640 	26.400757 	14.142136 	7.000000 	8.944272 	28.160255 	13.601471 	39.000000 	13.038404 	9.055386 	16.401220 	13.000000 	15.264338 	85.632935 	54.589375 	13.152946 	81.055534 	38.948685 	50.159744 	96.166519 	32.802441 	36.674240 	83.408630 	91.438507 	17.117243 	85.603737 	23.706539 	91.678787 	88.408142 	85.211502 	65.306969 	
27.313000 	30.886890 	62.681736 	26.419689 	36.400551 	33.301651 	30.479502 	90.426765 	26.172504 	92.649879 	32.557640 	2.236068 	2.828427 	8.246211 	1.000000 	999.000000 	16.155495 	2.236068 	60.307545 	73.552704 	3.605551 	27.313000 	14.866069 	7.071068 	8.062258 	27.202942 	14.212670 	39.924931 	13.601471 	9.219544 	17.029387 	13.416408 	15.811388 	84.899940 	53.712196 	13.341664 	80.280754 	39.824615 	49.244289 	95.462036 	33.600594 	35.693138 	82.619614 	90.686272 	17.262676 	84.811554 	24.186773 	90.906548 	87.618492 	84.403793 	64.404968 	
40.459858 	44.598206 	76.576759 	40.311287 	50.931328 	48.270073 	45.453274 	104.019226 	41.400482 	106.212051 	48.010414 	16.124516 	18.788294 	8.062258 	15.231546 	16.155495 	999.000000 	17.720045 	75.802376 	88.729927 	17.262676 	11.180340 	5.656854 	14.035668 	22.090721 	43.324360 	7.810250 	23.769728 	8.602325 	13.341664 	8.062258 	10.816654 	9.219544 	100.124924 	69.771057 	13.892444 	95.801880 	23.853722 	65.391129 	110.453613 	18.439089 	51.662365 	98.229324 	106.042442 	16.278820 	100.439034 	15.297058 	106.400185 	103.227905 	100.124924 	80.529495 	
27.513634 	30.870699 	62.433964 	26.400757 	36.055511 	32.802441 	30.000000 	90.210861 	25.612497 	92.439171 	31.827662 	4.242640 	3.000000 	10.049875 	3.162278 	2.236068 	17.720045 	999.000000 	59.464275 	72.835434 	2.000000 	28.792360 	15.811388 	6.708204 	5.830952 	25.632011 	14.866069 	41.436699 	14.142136 	8.944272 	17.691807 	13.601471 	16.278820 	84.148682 	52.478565 	13.000000 	79.397736 	41.146080 	47.853943 	94.794518 	34.669872 	33.955853 	81.688431 	89.872131 	16.763054 	83.868942 	24.413111 	90.027771 	86.683334 	83.408630 	63.063461 	
37.696156 	33.241539 	17.029387 	36.674240 	26.000000 	27.784887 	30.528675 	37.121422 	34.409302 	39.204590 	27.802877 	59.816387 	57.489128 	67.801178 	61.073727 	60.307545 	75.802376 	59.464275 	999.000000 	13.892444 	60.827625 	86.838928 	75.166481 	65.764732 	58.051701 	36.891735 	74.330345 	99.020203 	73.593475 	67.882248 	77.155685 	72.835434 	75.690155 	24.839485 	13.038404 	71.449280 	20.000000 	99.624290 	19.026299 	35.805027 	93.861603 	33.837849 	22.472204 	30.413813 	74.411018 	24.698177 	83.450584 	30.610456 	27.459061 	24.596748 	16.278820 	
49.396355 	44.944408 	18.027756 	48.826221 	38.013157 	40.459858 	43.278172 	25.317978 	47.423622 	27.166155 	41.012192 	72.917763 	70.724815 	80.808418 	74.276512 	73.552704 	88.729927 	72.835434 	13.892444 	999.000000 	74.276512 	99.639351 	88.413803 	79.246452 	71.700768 	50.774010 	87.681244 	111.606453 	86.977005 	81.394104 	90.509666 	86.313385 	89.106674 	11.401754 	25.709921 	85.041168 	9.000000 	112.445541 	32.015621 	22.022715 	106.962608 	47.539455 	12.000000 	17.492855 	88.090858 	14.035668 	97.000000 	18.384777 	16.278820 	15.033297 	23.537205 	
29.410883 	32.695564 	64.140472 	28.231188 	37.735924 	34.409302 	31.622776 	91.923882 	27.202942 	94.154129 	33.301651 	5.830952 	5.000000 	10.049875 	4.242640 	3.605551 	17.262676 	2.000000 	60.827625 	74.276512 	999.000000 	28.160255 	14.764823 	5.000000 	5.099020 	26.400757 	13.601471 	40.804413 	12.806249 	7.211102 	16.401220 	12.041595 	14.866069 	85.562843 	53.535034 	11.180340 	80.721741 	40.311287 	48.764740 	96.260063 	33.615471 	34.481880 	82.975899 	91.241440 	14.866069 	85.146935 	22.803509 	91.350975 	87.965904 	84.646324 	64.007812 	
50.911690 	55.172459 	87.000000 	50.990196 	61.717098 	59.203041 	56.400356 	114.214706 	52.430908 	116.387283 	59.076221 	27.294687 	29.966648 	19.235384 	26.400757 	27.313000 	11.180340 	28.792360 	86.838928 	99.639351 	28.160255 	999.000000 	14.035668 	24.331051 	32.756680 	54.424259 	16.000000 	12.649111 	17.000000 	23.086792 	14.142136 	19.026299 	16.124516 	111.040535 	80.950600 	22.090721 	106.831642 	12.806249 	76.557167 	121.264175 	9.219544 	62.641838 	109.288612 	117.004272 	22.803509 	111.503365 	16.401220 	117.413795 	114.284729 	111.220505 	91.706055 	
41.340054 	45.221676 	77.201035 	40.804413 	51.088158 	48.104053 	45.276924 	104.861816 	41.012192 	107.074738 	47.423622 	15.620500 	17.691807 	8.544003 	14.142136 	14.866069 	5.656854 	15.811388 	75.166481 	88.413803 	14.764823 	14.035668 	999.000000 	10.440307 	18.973665 	41.146080 	2.236068 	26.476404 	3.162278 	9.055386 	3.000000 	5.385165 	3.605551 	99.764725 	68.264191 	8.544003 	95.131485 	25.632011 	63.529522 	110.308655 	18.867962 	49.040798 	97.452553 	105.550934 	10.630146 	99.639351 	11.045361 	105.759163 	102.449989 	99.201813 	78.771820 	
34.176014 	37.576588 	69.115845 	33.105892 	42.720020 	39.408119 	36.619667 	96.896851 	32.202484 	99.126183 	38.288380 	9.000000 	9.486833 	8.602325 	7.000000 	7.071068 	14.035668 	6.708204 	65.764732 	79.246452 	5.000000 	24.331051 	10.440307 	999.000000 	8.544003 	30.886890 	8.944272 	36.878178 	8.062258 	2.236068 	11.661903 	7.071068 	10.000000 	90.520714 	58.249462 	6.324555 	85.632935 	36.055511 	53.338543 	101.237343 	29.068884 	38.626415 	87.863533 	96.176918 	10.198039 	90.027771 	17.804493 	96.260063 	92.849342 	89.498604 	68.600288 	
29.274563 	32.015621 	62.609905 	27.658634 	36.249138 	32.649654 	29.966648 	90.354858 	25.495098 	92.590500 	31.064449 	10.000000 	7.810250 	15.132746 	8.944272 	8.062258 	22.090721 	5.830952 	58.051701 	71.700768 	5.099020 	32.756680 	18.973665 	8.544003 	999.000000 	22.472204 	17.464249 	45.354160 	16.552946 	10.295630 	20.124611 	15.264338 	18.357559 	82.879433 	50.000000 	13.453624 	77.781746 	44.598206 	44.944408 	93.723000 	37.576588 	30.083218 	79.931221 	88.413803 	16.401220 	82.073135 	25.495098 	88.391174 	84.899940 	81.467789 	60.207973 	
22.671568 	21.954498 	44.911022 	19.849434 	21.377558 	17.464249 	16.155495 	71.784401 	13.601471 	74.000000 	14.142136 	27.658634 	24.738634 	35.440090 	28.160255 	27.202942 	43.324360 	25.632011 	36.891735 	50.774010 	26.400757 	54.424259 	41.146080 	30.886890 	22.472204 	999.000000 	39.824615 	67.067131 	38.948685 	32.756680 	42.544094 	37.735924 	40.816662 	61.611687 	27.658634 	35.805027 	56.080299 	66.708321 	22.472204 	72.670486 	59.941639 	9.055386 	58.051701 	66.843102 	38.288380 	60.141499 	47.801674 	66.603302 	62.968246 	59.396969 	37.735924 	
41.182522 	44.944408 	76.843994 	40.496914 	50.606323 	47.507893 	44.687805 	104.560989 	40.360870 	106.780151 	46.669048 	15.264338 	17.029387 	9.055386 	13.601471 	14.212670 	7.810250 	14.866069 	74.330345 	87.681244 	13.601471 	16.000000 	2.236068 	8.944272 	17.464249 	39.824615 	999.000000 	28.284271 	1.000000 	7.280110 	2.828427 	3.162278 	2.000000 	99.005051 	67.119293 	6.324555 	94.260277 	27.202942 	62.265560 	109.622078 	20.124611 	47.539455 	96.540146 	104.737770 	8.485281 	98.716766 	10.440307 	104.890419 	101.533249 	98.234413 	77.524193 	
62.481998 	66.843102 	98.351410 	62.801273 	73.600273 	71.281136 	68.505478 	125.207825 	64.660652 	127.349915 	71.344238 	39.812057 	42.544094 	31.780497 	39.000000 	39.924931 	23.769728 	41.436699 	99.020203 	111.606453 	40.804413 	12.649111 	26.476404 	36.878178 	45.354160 	67.067131 	28.284271 	999.000000 	29.274563 	35.510563 	26.076809 	31.144823 	28.071337 	123.004066 	93.471924 	34.058773 	118.983192 	4.472136 	89.157166 	133.060135 	11.180340 	75.286118 	121.490738 	129.034882 	34.058773 	123.713379 	25.709921 	129.529922 	126.479248 	123.490891 	104.278473 	
40.706264 	44.418465 	76.275818 	39.962482 	50.000000 	46.861500 	44.045429 	104.009613 	39.698868 	106.230881 	45.967381 	14.764823 	16.401220 	9.000000 	13.038404 	13.601471 	8.602325 	14.142136 	73.593475 	86.977005 	12.806249 	17.000000 	3.162278 	8.062258 	16.552946 	38.948685 	1.000000 	29.274563 	999.000000 	6.324555 	3.605551 	2.236068 	2.236068 	98.290382 	66.287254 	5.385165 	93.509361 	28.160255 	61.400326 	108.931168 	21.023796 	46.615448 	95.775780 	104.004807 	7.810250 	97.948967 	10.770329 	104.139328 	100.767059 	97.452553 	76.661591 	
36.400551 	39.812057 	71.344238 	35.341194 	44.944408 	41.617306 	38.832977 	99.126183 	34.409302 	101.355812 	40.459858 	11.045361 	11.704700 	9.219544 	9.055386 	9.219544 	13.341664 	8.944272 	67.882248 	81.394104 	7.211102 	23.086792 	9.055386 	2.236068 	10.295630 	32.756680 	7.280110 	35.510563 	6.324555 	999.000000 	9.848858 	5.000000 	8.062258 	92.655273 	60.216278 	4.123106 	87.726852 	34.481880 	55.226807 	103.392456 	27.313000 	40.311287 	89.938866 	98.290382 	8.062258 	92.097771 	15.620500 	98.351410 	94.921021 	91.547798 	70.491135 	
43.908997 	47.707443 	79.630394 	43.266617 	53.413483 	50.328918 	47.507893 	107.335922 	43.185646 	109.553642 	49.497475 	18.027756 	19.849434 	11.401754 	16.401220 	17.029387 	8.062258 	17.691807 	77.155685 	90.509666 	16.401220 	14.142136 	3.000000 	11.661903 	20.124611 	42.544094 	2.828427 	26.076809 	3.605551 	9.848858 	999.000000 	5.099020 	2.000000 	101.833199 	69.892776 	8.000000 	97.082436 	24.738634 	65.000000 	112.449989 	17.464249 	50.159744 	99.357941 	107.563934 	8.944272 	101.533249 	8.062258 	107.712578 	104.350372 	101.044548 	80.262070 	
40.718548 	44.294468 	76.006577 	39.824615 	49.648766 	46.400433 	43.600460 	103.773796 	39.204590 	106.000000 	45.343136 	14.866069 	16.124516 	10.198039 	13.000000 	13.416408 	10.816654 	13.601471 	72.835434 	86.313385 	12.041595 	19.026299 	5.385165 	7.071068 	15.264338 	37.735924 	3.162278 	31.144823 	2.236068 	5.000000 	5.099020 	999.000000 	3.162278 	97.590981 	65.215027 	3.162278 	92.698433 	29.832869 	60.207973 	108.300507 	22.472204 	45.188496 	94.921021 	103.247276 	5.830952 	97.082436 	10.816654 	103.324730 	99.904953 	96.540146 	75.471848 	
42.941822 	46.647614 	78.492035 	42.190044 	52.201534 	49.040798 	46.227695 	106.230881 	41.868843 	108.452751 	48.104053 	17.000000 	18.601076 	11.045361 	15.264338 	15.811388 	9.219544 	16.278820 	75.690155 	89.106674 	14.866069 	16.124516 	3.605551 	10.000000 	18.357559 	40.816662 	2.000000 	28.071337 	2.236068 	8.062258 	2.000000 	3.162278 	999.000000 	100.409164 	68.242218 	6.000000 	95.587654 	26.683329 	63.285069 	111.072052 	19.313208 	48.332184 	97.836601 	106.103722 	7.211102 	100.004997 	8.544003 	106.216759 	102.825096 	99.488693 	78.549347 	
60.745369 	56.302753 	27.658634 	60.216278 	49.406479 	51.855568 	54.671749 	22.203604 	58.796257 	23.323807 	52.345009 	84.291161 	82.073135 	92.195442 	85.632935 	84.899940 	100.124924 	84.148682 	24.839485 	11.401754 	85.562843 	111.040535 	99.764725 	90.520714 	82.879433 	61.611687 	99.005051 	123.004066 	98.290382 	92.655273 	101.833199 	97.590981 	100.409164 	999.000000 	35.341194 	96.260063 	7.000000 	123.846680 	41.629318 	11.180340 	118.342720 	57.706154 	7.615773 	6.324555 	99.247169 	7.810250 	108.245094 	8.000000 	8.062258 	10.000000 	30.265491 	
36.013885 	32.015621 	28.635643 	34.132095 	25.179358 	25.019993 	27.166155 	50.039986 	29.832869 	52.086468 	23.345236 	53.665630 	51.000000 	61.717098 	54.589375 	53.712196 	69.771057 	52.478565 	13.038404 	25.709921 	53.535034 	80.950600 	68.264191 	58.249462 	50.000000 	27.658634 	67.119293 	93.471924 	66.287254 	60.216278 	69.892776 	65.215027 	68.242218 	35.341194 	999.000000 	63.411354 	29.154760 	93.536087 	6.324555 	46.518814 	87.132080 	22.472204 	30.805843 	39.962482 	65.946945 	32.802441 	75.432091 	39.408119 	35.608986 	31.890438 	11.180340 	
40.496914 	43.863426 	75.292763 	39.395432 	48.877399 	45.486263 	42.720020 	103.077644 	38.275318 	105.309067 	44.204071 	15.132746 	15.811388 	12.083046 	13.152946 	13.341664 	13.892444 	13.000000 	71.449280 	85.041168 	11.180340 	22.090721 	8.544003 	6.324555 	13.453624 	35.805027 	6.324555 	34.058773 	5.385165 	4.123106 	8.000000 	3.162278 	6.000000 	96.260063 	63.411354 	999.000000 	91.219513 	32.557640 	58.249462 	107.056061 	25.000000 	42.941822 	93.380943 	101.833199 	4.000000 	95.524864 	12.041595 	101.833199 	98.351410 	94.921021 	73.498299 	
57.245087 	52.773098 	27.018513 	56.435802 	45.650848 	47.707443 	50.477718 	28.178005 	54.405884 	29.546574 	47.801674 	79.812279 	77.466118 	87.800911 	81.055534 	80.280754 	95.801880 	79.397736 	20.000000 	9.000000 	80.721741 	106.831642 	95.131485 	85.632935 	77.781746 	56.080299 	94.260277 	118.983192 	93.509361 	87.726852 	97.082436 	92.698433 	95.587654 	7.000000 	29.154760 	91.219513 	999.000000 	119.620232 	35.355339 	17.720045 	113.850777 	51.623638 	3.000000 	10.816654 	94.069122 	5.099020 	103.247276 	10.630146 	7.615773 	6.082763 	23.345236 	
63.655323 	67.941154 	99.704567 	63.780876 	74.518456 	72.006943 	69.202599 	126.810883 	65.215027 	128.972870 	71.847061 	39.962482 	42.544094 	31.906113 	38.948685 	39.824615 	23.853722 	41.146080 	99.624290 	112.445541 	40.311287 	12.806249 	25.632011 	36.055511 	44.598206 	66.708321 	27.202942 	4.472136 	28.160255 	34.481880 	24.738634 	29.832869 	26.683329 	123.846680 	93.536087 	32.557640 	119.620232 	999.000000 	89.000000 	134.063416 	8.062258 	74.672615 	122.065559 	129.807556 	32.062439 	124.277916 	23.086792 	130.207520 	127.062973 	123.975807 	104.201729 	
34.365681 	30.805843 	33.526108 	32.140316 	24.698177 	23.537205 	25.179358 	56.142673 	27.018513 	58.215118 	21.095022 	49.396355 	46.615448 	57.384666 	50.159744 	49.244289 	65.391129 	47.853943 	19.026299 	32.015621 	48.764740 	76.557167 	63.529522 	53.338543 	44.944408 	22.472204 	62.265560 	89.157166 	61.400326 	55.226807 	65.000000 	60.207973 	63.285069 	41.629318 	6.324555 	58.249462 	35.355339 	89.000000 	999.000000 	52.801514 	82.365044 	16.401220 	36.891735 	46.141087 	60.605282 	38.832977 	70.213959 	45.486263 	41.617306 	37.802116 	15.264338 	
70.604530 	66.219330 	35.777088 	70.292244 	59.548298 	62.241467 	65.069191 	19.697716 	69.296463 	19.723083 	62.968246 	94.762863 	92.633690 	102.591423 	96.166519 	95.462036 	110.453613 	94.794518 	35.805027 	22.022715 	96.260063 	121.264175 	110.308655 	101.237343 	93.723000 	72.670486 	109.622078 	133.060135 	108.931168 	103.392456 	112.449989 	108.300507 	111.072052 	11.180340 	46.518814 	107.056061 	17.720045 	134.063416 	52.801514 	999.000000 	128.763351 	68.883957 	17.117243 	8.062258 	110.113579 	16.000000 	119.004204 	10.440307 	14.142136 	18.027756 	41.000000 	
58.898216 	63.031738 	95.015785 	58.728188 	69.296463 	66.528191 	63.702435 	122.441826 	59.548298 	124.631454 	66.068146 	34.058773 	36.400551 	26.172504 	32.802441 	33.600594 	18.439089 	34.669872 	93.861603 	106.962608 	33.615471 	9.219544 	18.867962 	29.068884 	37.576588 	59.941639 	20.124611 	11.180340 	21.023796 	27.313000 	17.464249 	22.472204 	19.313208 	118.342720 	87.132080 	25.000000 	113.850777 	8.062258 	82.365044 	128.763351 	999.000000 	67.623962 	116.211014 	124.197426 	24.186773 	118.406082 	15.033297 	124.470879 	121.210564 	118.004234 	97.616600 	
30.000000 	28.284271 	45.000000 	27.202942 	25.553865 	22.203604 	21.931713 	70.405968 	20.808653 	72.567207 	18.601076 	36.345562 	33.376640 	43.931767 	36.674240 	35.693138 	51.662365 	33.955853 	33.837849 	47.539455 	34.481880 	62.641838 	49.040798 	38.626415 	30.083218 	9.055386 	47.539455 	75.286118 	46.615448 	40.311287 	50.159744 	45.188496 	48.332184 	57.706154 	22.472204 	42.941822 	51.623638 	74.672615 	16.401220 	68.883957 	67.623962 	999.000000 	53.254108 	62.433964 	44.944408 	55.217751 	54.708317 	61.854668 	58.008621 	54.203320 	31.144823 	
59.933296 	55.461697 	30.016663 	59.059292 	48.301140 	50.249378 	53.000000 	29.681644 	56.859474 	30.886890 	50.219517 	82.200974 	79.812279 	90.210861 	83.408630 	82.619614 	98.229324 	81.688431 	22.472204 	12.000000 	82.975899 	109.288612 	97.452553 	87.863533 	79.931221 	58.051701 	96.540146 	121.490738 	95.775780 	89.938866 	99.357941 	94.921021 	97.836601 	7.615773 	30.805843 	93.380943 	3.000000 	122.065559 	36.891735 	17.117243 	116.211014 	53.254108 	999.000000 	9.486833 	96.166519 	2.236068 	105.418213 	8.602325 	5.000000 	3.162278 	24.041630 	
66.887962 	62.433964 	33.955853 	66.287254 	55.470715 	57.801384 	60.605282 	24.839485 	64.660652 	25.455845 	58.137768 	90.138779 	87.863533 	98.081596 	91.438507 	90.686272 	106.042442 	89.872131 	30.413813 	17.492855 	91.241440 	117.004272 	105.550934 	96.176918 	88.413803 	66.843102 	104.737770 	129.034882 	104.004807 	98.290382 	107.563934 	103.247276 	106.103722 	6.324555 	39.962482 	101.833199 	10.816654 	129.807556 	46.141087 	8.062258 	124.197426 	62.433964 	9.486833 	999.000000 	104.737770 	8.062258 	113.846390 	2.828427 	6.082763 	10.000000 	33.526108 	
44.271889 	47.539455 	78.771820 	43.081318 	52.354561 	48.877399 	46.141087 	106.550461 	41.677334 	108.784187 	47.434166 	19.104973 	19.646883 	15.811388 	17.117243 	17.262676 	16.278820 	16.763054 	74.411018 	88.090858 	14.866069 	22.803509 	10.630146 	10.198039 	16.401220 	38.288380 	8.485281 	34.058773 	7.810250 	8.062258 	8.944272 	5.830952 	7.211102 	99.247169 	65.946945 	4.000000 	94.069122 	32.062439 	60.605282 	110.113579 	24.186773 	44.944408 	96.166519 	104.737770 	999.000000 	98.290382 	9.848858 	104.661362 	101.118744 	97.621719 	75.802376 	
62.169125 	57.697487 	32.000000 	61.294373 	50.537113 	52.478565 	55.226807 	30.000000 	59.076221 	31.064449 	52.430908 	84.403793 	82.006096 	92.417534 	85.603737 	84.811554 	100.439034 	83.868942 	24.698177 	14.035668 	85.146935 	111.503365 	99.639351 	90.027771 	82.073135 	60.141499 	98.716766 	123.713379 	97.948967 	92.097771 	101.533249 	97.082436 	100.004997 	7.810250 	32.802441 	95.524864 	5.099020 	124.277916 	38.832977 	16.000000 	118.406082 	55.217751 	2.236068 	8.062258 	98.290382 	999.000000 	107.563934 	6.708204 	2.828427 	2.236068 	25.632011 	
51.429562 	55.072678 	86.821655 	50.606323 	60.464867 	57.201397 	54.405884 	114.586212 	50.000000 	116.811813 	56.080299 	25.495098 	26.925823 	19.416489 	23.706539 	24.186773 	15.297058 	24.413111 	83.450584 	97.000000 	22.803509 	16.401220 	11.045361 	17.804493 	25.495098 	47.801674 	10.440307 	25.709921 	10.770329 	15.620500 	8.062258 	10.816654 	8.544003 	108.245094 	75.432091 	12.041595 	103.247276 	23.086792 	70.213959 	119.004204 	15.033297 	54.708317 	105.418213 	113.846390 	9.848858 	107.563934 	999.000000 	113.863953 	110.390221 	106.962608 	85.445892 	
67.601776 	63.134777 	35.510563 	66.887962 	56.080299 	58.249462 	61.032780 	27.658634 	65.000000 	28.284271 	58.412327 	90.426765 	88.090858 	98.407318 	91.678787 	90.906548 	106.400185 	90.027771 	30.610456 	18.384777 	91.350975 	117.413795 	105.759163 	96.260063 	88.391174 	66.603302 	104.890419 	129.529922 	104.139328 	98.351410 	107.712578 	103.324730 	106.216759 	8.000000 	39.408119 	101.833199 	10.630146 	130.207520 	45.486263 	10.440307 	124.470879 	61.854668 	8.602325 	2.828427 	104.661362 	6.708204 	113.863953 	999.000000 	4.123106 	8.246211 	32.310989 	
64.845970 	60.373837 	34.058773 	64.007812 	53.235325 	55.226807 	57.982758 	29.732138 	61.854668 	30.610456 	55.217751 	87.200920 	84.811554 	95.210297 	88.408142 	87.618492 	103.227905 	86.683334 	27.459061 	16.278820 	87.965904 	114.284729 	102.449989 	92.849342 	84.899940 	62.968246 	101.533249 	126.479248 	100.767059 	94.921021 	104.350372 	99.904953 	102.825096 	8.062258 	35.608986 	98.351410 	7.615773 	127.062973 	41.617306 	14.142136 	121.210564 	58.008621 	5.000000 	6.082763 	101.118744 	2.828427 	110.390221 	4.123106 	999.000000 	4.123106 	28.231188 	
62.241467 	57.775429 	33.060551 	61.269894 	50.566788 	52.354561 	55.072678 	32.202484 	58.830265 	33.286633 	52.153618 	84.053551 	81.608826 	92.086914 	85.211502 	84.403793 	100.124924 	83.408630 	24.596748 	15.033297 	84.646324 	111.220505 	99.201813 	89.498604 	81.467789 	59.396969 	98.234413 	123.490891 	97.452553 	91.547798 	101.044548 	96.540146 	99.488693 	10.000000 	31.890438 	94.921021 	6.082763 	123.975807 	37.802116 	18.027756 	118.004234 	54.203320 	3.162278 	10.000000 	97.621719 	2.236068 	106.962608 	8.246211 	4.123106 	999.000000 	24.166092 	
47.095646 	43.011627 	33.241539 	45.276924 	36.013885 	36.124783 	38.327538 	48.836460 	41.000000 	50.635956 	34.525352 	64.474800 	61.741398 	72.498276 	65.306969 	64.404968 	80.529495 	63.063461 	16.278820 	23.537205 	64.007812 	91.706055 	78.771820 	68.600288 	60.207973 	37.735924 	77.524193 	104.278473 	76.661591 	70.491135 	80.262070 	75.471848 	78.549347 	30.265491 	11.180340 	73.498299 	23.345236 	104.201729 	15.264338 	41.000000 	97.616600 	31.144823 	24.041630 	33.526108 	75.802376 	25.632011 	85.445892 	32.310989 	28.231188 	24.166092 	999.000000 	

Travel time:
9.000000 	0.111803 	0.903120 	0.070711 	0.292617 	0.275000 	0.230489 	1.590008 	0.230489 	1.645068 	0.333542 	0.648556 	0.617454 	0.825379 	0.693271 	0.682825 	1.011496 	0.687841 	0.942404 	1.234909 	0.735272 	1.272792 	1.033501 	0.854400 	0.731864 	0.566789 	1.029563 	1.562050 	1.017657 	0.910014 	1.097725 	1.017964 	1.073546 	1.518634 	0.900347 	1.012423 	1.431127 	1.591383 	0.859142 	1.765113 	1.472455 	0.750000 	1.498332 	1.672199 	1.106797 	1.554228 	1.285739 	1.690044 	1.621149 	1.556037 	1.177391 	
0.111803 	9.000000 	0.800391 	0.111803 	0.182003 	0.182003 	0.160078 	1.491015 	0.213600 	1.546367 	0.257391 	0.742041 	0.704450 	0.925338 	0.784618 	0.772172 	1.114955 	0.771767 	0.831038 	1.123610 	0.817389 	1.379311 	1.130542 	0.939415 	0.800391 	0.548862 	1.123610 	1.671077 	1.110462 	0.995301 	1.192686 	1.107362 	1.166190 	1.407569 	0.800391 	1.096586 	1.319327 	1.698529 	0.770146 	1.655483 	1.575794 	0.707107 	1.386542 	1.560849 	1.188486 	1.442437 	1.376817 	1.578369 	1.509346 	1.444386 	1.075291 	
0.903120 	0.800391 	9.000000 	0.910014 	0.660492 	0.749166 	0.816241 	0.694622 	0.928036 	0.750417 	0.798827 	1.540292 	1.497707 	1.725724 	1.581139 	1.567043 	1.914419 	1.560849 	0.425735 	0.450694 	1.603512 	2.175000 	1.930026 	1.727896 	1.565248 	1.122776 	1.921100 	2.458785 	1.906895 	1.783606 	1.990760 	1.900164 	1.962301 	0.691466 	0.715891 	1.882319 	0.675463 	2.492614 	0.838153 	0.894427 	2.375395 	1.125000 	0.750417 	0.848896 	1.969296 	0.800000 	2.170541 	0.887764 	0.851469 	0.826514 	0.831038 	
0.070711 	0.111803 	0.910014 	9.000000 	0.270416 	0.230489 	0.175000 	1.601757 	0.160078 	1.657181 	0.276134 	0.630971 	0.592663 	0.816241 	0.673146 	0.660492 	1.007782 	0.660019 	0.916856 	1.220656 	0.705780 	1.274755 	1.020110 	0.827647 	0.691466 	0.496236 	1.012423 	1.570032 	0.999062 	0.883530 	1.081665 	0.995615 	1.054751 	1.505407 	0.853302 	0.984886 	1.410895 	1.594522 	0.803508 	1.757306 	1.468205 	0.680074 	1.476482 	1.657181 	1.077033 	1.532359 	1.265158 	1.672199 	1.600195 	1.531747 	1.131923 	
0.292617 	0.182003 	0.660492 	0.270416 	9.000000 	0.100000 	0.158114 	1.355083 	0.269258 	1.410895 	0.182003 	0.886707 	0.840015 	1.078483 	0.925338 	0.910014 	1.273283 	0.901388 	0.650000 	0.950329 	0.943398 	1.542928 	1.277204 	1.068001 	0.906228 	0.534439 	1.265158 	1.840007 	1.250000 	1.123610 	1.335337 	1.241219 	1.305038 	1.235162 	0.629484 	1.221935 	1.141271 	1.862961 	0.617454 	1.488707 	1.732412 	0.638847 	1.207528 	1.386768 	1.308864 	1.263428 	1.511622 	1.402007 	1.330883 	1.264170 	0.900347 	
0.275000 	0.182003 	0.749166 	0.230489 	0.100000 	9.000000 	0.070711 	1.442654 	0.180278 	1.498541 	0.090139 	0.813173 	0.761988 	1.009022 	0.849264 	0.832541 	1.206752 	0.820061 	0.694622 	1.011496 	0.860233 	1.480076 	1.202601 	0.985203 	0.816241 	0.436606 	1.187697 	1.782028 	1.171538 	1.040433 	1.258223 	1.160011 	1.226020 	1.296389 	0.625500 	1.137157 	1.192686 	1.800174 	0.588430 	1.556037 	1.663205 	0.555090 	1.256234 	1.445035 	1.221935 	1.311964 	1.430035 	1.456237 	1.380670 	1.308864 	0.903120 	
0.230489 	0.160078 	0.816241 	0.175000 	0.158114 	0.070711 	9.000000 	1.510381 	0.111803 	1.566246 	0.103078 	0.742462 	0.691466 	0.938416 	0.778621 	0.761988 	1.136332 	0.750000 	0.763217 	1.081954 	0.790569 	1.410009 	1.131923 	0.915492 	0.749166 	0.403887 	1.117195 	1.712637 	1.101136 	0.970824 	1.187697 	1.090011 	1.155692 	1.366794 	0.679154 	1.068001 	1.261943 	1.730065 	0.629484 	1.626730 	1.592561 	0.548293 	1.325000 	1.515132 	1.153527 	1.380670 	1.360147 	1.525820 	1.449569 	1.376817 	0.958188 	
1.590008 	1.491015 	0.694622 	1.601757 	1.355083 	1.442654 	1.510381 	9.000000 	1.622113 	0.055902 	1.487658 	2.232711 	2.191603 	2.415186 	2.274313 	2.260669 	2.600481 	2.255271 	0.928036 	0.632949 	2.298097 	2.855368 	2.621545 	2.422421 	2.258872 	1.794610 	2.614025 	3.130196 	2.600240 	2.478155 	2.683398 	2.594345 	2.655772 	0.555090 	1.251000 	2.576941 	0.704450 	3.170272 	1.403567 	0.492443 	3.061046 	1.760149 	0.742041 	0.620987 	2.663762 	0.750000 	2.864655 	0.691466 	0.743303 	0.805062 	1.220912 	
0.230489 	0.213600 	0.928036 	0.160078 	0.269258 	0.180278 	0.111803 	1.622113 	9.000000 	1.677982 	0.167705 	0.637377 	0.583631 	0.835539 	0.671751 	0.654313 	1.035012 	0.640312 	0.860233 	1.185591 	0.680074 	1.310773 	1.025305 	0.805062 	0.637377 	0.340037 	1.009022 	1.616516 	0.992472 	0.860233 	1.079641 	0.980115 	1.046721 	1.469906 	0.745822 	0.956883 	1.360147 	1.630376 	0.675463 	1.732412 	1.488707 	0.520216 	1.421487 	1.616516 	1.041933 	1.476906 	1.250000 	1.625000 	1.546367 	1.470757 	1.025000 	
1.645068 	1.546367 	0.750417 	1.657181 	1.410895 	1.498541 	1.566246 	0.055902 	1.677982 	9.000000 	1.543535 	2.288149 	2.247221 	2.470324 	2.329834 	2.316247 	2.655301 	2.310979 	0.980115 	0.679154 	2.353853 	2.909682 	2.676868 	2.478155 	2.314763 	1.850000 	2.669504 	3.183748 	2.655772 	2.533895 	2.738841 	2.650000 	2.711319 	0.583095 	1.302162 	2.632727 	0.738664 	3.224322 	1.455378 	0.493077 	3.115786 	1.814180 	0.772172 	0.636396 	2.719605 	0.776611 	2.920295 	0.707107 	0.765261 	0.832166 	1.265899 	
0.333542 	0.257391 	0.798827 	0.276134 	0.182003 	0.090139 	0.103078 	1.487658 	0.167705 	1.543535 	9.000000 	0.800391 	0.743303 	1.000000 	0.832541 	0.813941 	1.200260 	0.795692 	0.695072 	1.025305 	0.832541 	1.476906 	1.185591 	0.957209 	0.776611 	0.353553 	1.166726 	1.783606 	1.149184 	1.011496 	1.237437 	1.133578 	1.202601 	1.308625 	0.583631 	1.105102 	1.195042 	1.796177 	0.527376 	1.574206 	1.651704 	0.465027 	1.255488 	1.453444 	1.185854 	1.310773 	1.402007 	1.460308 	1.380444 	1.303840 	0.863134 	
0.648556 	0.742041 	1.540292 	0.630971 	0.886707 	0.813173 	0.742462 	2.232711 	0.637377 	2.288149 	0.800391 	9.000000 	0.075000 	0.201556 	0.050000 	0.055902 	0.403113 	0.106066 	1.495410 	1.822944 	0.145774 	0.682367 	0.390512 	0.225000 	0.250000 	0.691466 	0.381608 	0.995301 	0.369121 	0.276134 	0.450694 	0.371652 	0.425000 	2.107279 	1.341641 	0.378319 	1.995307 	0.999062 	1.234909 	2.369071 	0.851469 	0.908639 	2.055024 	2.253469 	0.477624 	2.110095 	0.637377 	2.260669 	2.180023 	2.101339 	1.611870 	
0.617454 	0.704450 	1.497707 	0.592663 	0.840015 	0.761988 	0.691466 	2.191603 	0.583631 	2.247221 	0.743303 	0.075000 	9.000000 	0.269258 	0.090139 	0.070711 	0.469707 	0.075000 	1.437228 	1.768120 	0.125000 	0.749166 	0.442295 	0.237171 	0.195256 	0.618466 	0.425735 	1.063602 	0.410031 	0.292617 	0.496236 	0.403113 	0.465027 	2.051828 	1.275000 	0.395285 	1.936653 	1.063602 	1.165386 	2.315842 	0.910014 	0.834416 	1.995307 	2.196588 	0.491172 	2.050152 	0.673146 	2.202271 	2.120289 	2.040221 	1.543535 	
0.825379 	0.925338 	1.725724 	0.816241 	1.078483 	1.009022 	0.938416 	2.415186 	0.835539 	2.470324 	1.000000 	0.201556 	0.269258 	9.000000 	0.182003 	0.206155 	0.201556 	0.251247 	1.695029 	2.020211 	0.251247 	0.480885 	0.213600 	0.215058 	0.378319 	0.886002 	0.226385 	0.794512 	0.225000 	0.230489 	0.285044 	0.254951 	0.276134 	2.304886 	1.542928 	0.302076 	2.195023 	0.797653 	1.434617 	2.564785 	0.654313 	1.098294 	2.255271 	2.452040 	0.395285 	2.310438 	0.485412 	2.460183 	2.380257 	2.302173 	1.812457 	
0.693271 	0.784618 	1.581139 	0.673146 	0.925338 	0.849264 	0.778621 	2.274313 	0.671751 	2.329834 	0.832541 	0.050000 	0.090139 	0.182003 	9.000000 	0.025000 	0.380789 	0.079057 	1.526843 	1.856913 	0.106066 	0.660019 	0.353553 	0.175000 	0.223607 	0.704006 	0.340037 	0.975000 	0.325960 	0.226385 	0.410031 	0.325000 	0.381608 	2.140823 	1.364734 	0.328824 	2.026388 	0.973717 	1.253994 	2.404163 	0.820061 	0.916856 	2.085216 	2.285963 	0.427931 	2.140093 	0.592663 	2.291970 	2.210204 	2.130288 	1.632674 	
0.682825 	0.772172 	1.567043 	0.660492 	0.910014 	0.832541 	0.761988 	2.260669 	0.654313 	2.316247 	0.813941 	0.055902 	0.070711 	0.206155 	0.025000 	9.000000 	0.403887 	0.055902 	1.507689 	1.838818 	0.090139 	0.682825 	0.371652 	0.176777 	0.201556 	0.680074 	0.355317 	0.998123 	0.340037 	0.230489 	0.425735 	0.335410 	0.395285 	2.122499 	1.342805 	0.333542 	2.007019 	0.995615 	1.231107 	2.386551 	0.840015 	0.892328 	2.065490 	2.267157 	0.431567 	2.120289 	0.604669 	2.272664 	2.190462 	2.110095 	1.610124 	
1.011496 	1.114955 	1.914419 	1.007782 	1.273283 	1.206752 	1.136332 	2.600481 	1.035012 	2.655301 	1.200260 	0.403113 	0.469707 	0.201556 	0.380789 	0.403887 	9.000000 	0.443001 	1.895059 	2.218248 	0.431567 	0.279509 	0.141421 	0.350892 	0.552268 	1.083109 	0.195256 	0.594243 	0.215058 	0.333542 	0.201556 	0.270416 	0.230489 	2.503123 	1.744276 	0.347311 	2.395047 	0.596343 	1.634778 	2.761340 	0.460977 	1.291559 	2.455733 	2.651061 	0.406971 	2.510976 	0.382426 	2.660005 	2.580698 	2.503123 	2.013237 	
0.687841 	0.771767 	1.560849 	0.660019 	0.901388 	0.820061 	0.750000 	2.255271 	0.640312 	2.310979 	0.795692 	0.106066 	0.075000 	0.251247 	0.079057 	0.055902 	0.443001 	9.000000 	1.486607 	1.820886 	0.050000 	0.719809 	0.395285 	0.167705 	0.145774 	0.640800 	0.371652 	1.035918 	0.353553 	0.223607 	0.442295 	0.340037 	0.406971 	2.103717 	1.311964 	0.325000 	1.984943 	1.028652 	1.196349 	2.369863 	0.866747 	0.848896 	2.042211 	2.246803 	0.419076 	2.096724 	0.610328 	2.250694 	2.167083 	2.085216 	1.576586 	
0.942404 	0.831038 	0.425735 	0.916856 	0.650000 	0.694622 	0.763217 	0.928036 	0.860233 	0.980115 	0.695072 	1.495410 	1.437228 	1.695029 	1.526843 	1.507689 	1.895059 	1.486607 	9.000000 	0.347311 	1.520691 	2.170973 	1.879162 	1.644118 	1.451293 	0.922293 	1.858259 	2.475505 	1.839837 	1.697056 	1.928892 	1.820886 	1.892254 	0.620987 	0.325960 	1.786232 	0.500000 	2.490607 	0.475657 	0.895126 	2.346540 	0.845946 	0.561805 	0.760345 	1.860276 	0.617454 	2.086265 	0.765261 	0.686477 	0.614919 	0.406971 	
1.234909 	1.123610 	0.450694 	1.220656 	0.950329 	1.011496 	1.081954 	0.632949 	1.185591 	0.679154 	1.025305 	1.822944 	1.768120 	2.020211 	1.856913 	1.838818 	2.218248 	1.820886 	0.347311 	9.000000 	1.856913 	2.490984 	2.210345 	1.981161 	1.792519 	1.269350 	2.192031 	2.790161 	2.174425 	2.034853 	2.262742 	2.157835 	2.227667 	0.285044 	0.642748 	2.126029 	0.225000 	2.811139 	0.800391 	0.550568 	2.674065 	1.188486 	0.300000 	0.437321 	2.202271 	0.350892 	2.425000 	0.459619 	0.406971 	0.375832 	0.588430 	
0.735272 	0.817389 	1.603512 	0.705780 	0.943398 	0.860233 	0.790569 	2.298097 	0.680074 	2.353853 	0.832541 	0.145774 	0.125000 	0.251247 	0.106066 	0.090139 	0.431567 	0.050000 	1.520691 	1.856913 	9.000000 	0.704006 	0.369121 	0.125000 	0.127475 	0.660019 	0.340037 	1.020110 	0.320156 	0.180278 	0.410031 	0.301040 	0.371652 	2.139071 	1.338376 	0.279509 	2.018044 	1.007782 	1.219118 	2.406502 	0.840387 	0.862047 	2.074398 	2.281036 	0.371652 	2.128673 	0.570088 	2.283774 	2.199148 	2.116158 	1.600195 	
1.272792 	1.379311 	2.175000 	1.274755 	1.542928 	1.480076 	1.410009 	2.855368 	1.310773 	2.909682 	1.476906 	0.682367 	0.749166 	0.480885 	0.660019 	0.682825 	0.279509 	0.719809 	2.170973 	2.490984 	0.704006 	9.000000 	0.350892 	0.608276 	0.818917 	1.360606 	0.400000 	0.316228 	0.425000 	0.577170 	0.353553 	0.475657 	0.403113 	2.776013 	2.023765 	0.552268 	2.670791 	0.320156 	1.913929 	3.031604 	0.230489 	1.566046 	2.732215 	2.925107 	0.570088 	2.787584 	0.410031 	2.935345 	2.857118 	2.780513 	2.292651 	
