UB = 939
M = 60

Distance:
999.000000 	38.209946 	25.238859 	41.677334 	17.117243 	40.804413 	22.360680 	24.083189 	37.656342 	45.793011 	50.990196 	22.803509 	20.615528 	11.180340 	53.150730 	42.801868 	27.018513 	57.688820 	37.000000 	22.000000 	37.363083 	43.566040 	39.051247 	46.572525 	44.553337 	62.609905 	50.000000 	42.190044 	43.174065 	47.095646 	54.744862 	45.099888 	58.180752 	62.769421 	59.908264 	46.173584 	42.544094 	74.094536 	43.416588 	46.690472 	43.416588 	67.416618 	48.754486 	50.596443 	55.036350 	69.835518 	56.435802 	50.990196 	72.801102 	81.633324 	71.470276 	67.230942 	50.209560 	64.195015 	70.092796 	74.000000 	53.712196 	60.133186 	63.953106 	55.009090 	60.638271 	82.346825 	59.539902 	64.280632 	59.236813 	56.222771 	71.784401 	56.586216 	66.483078 	60.166435 	66.910385 	75.584389 	
38.209946 	999.000000 	14.866069 	79.025314 	53.000000 	8.062258 	54.625999 	44.721359 	23.706539 	83.600243 	88.204308 	15.620500 	58.796257 	43.416588 	15.000000 	8.246211 	45.276924 	22.360680 	70.007141 	28.284271 	20.591261 	27.018513 	71.168816 	82.298241 	79.202271 	30.000000 	85.883644 	73.375748 	41.231056 	37.443291 	33.837849 	76.537575 	95.189285 	100.439034 	34.539833 	45.694637 	65.192024 	38.600517 	55.578773 	76.157730 	62.008064 	105.209312 	52.201534 	49.193497 	87.595665 	107.335922 	46.097721 	53.851646 	42.047592 	46.173584 	42.426407 	103.942291 	63.788715 	44.418465 	43.416588 	44.181442 	57.939625 	92.973114 	98.234413 	77.006493 	53.413483 	49.365982 	88.842560 	97.406364 	57.801384 	65.520988 	107.782188 	70.213959 	99.959991 	86.579445 	55.865910 	111.359779 	
25.238859 	14.866069 	999.000000 	66.887962 	38.600517 	15.620500 	39.812057 	30.149628 	17.464249 	69.526970 	73.817345 	8.062258 	45.343136 	28.844410 	29.529646 	17.691807 	31.000000 	32.449963 	55.154327 	14.035668 	15.524175 	23.086792 	56.302753 	67.601776 	64.404968 	37.696156 	71.196907 	58.523499 	31.890438 	31.064449 	33.376640 	61.684681 	80.709358 	86.214851 	37.013512 	36.235340 	51.000000 	48.877399 	43.011627 	61.392181 	48.373547 	91.049438 	41.880783 	40.360870 	72.732384 	93.005379 	40.816662 	43.829212 	48.507732 	56.435802 	47.675991 	89.358826 	51.244511 	43.931767 	47.095646 	50.009998 	47.707443 	78.108902 	83.384651 	63.126858 	47.201694 	57.584721 	74.148499 	82.540901 	49.517673 	54.129475 	93.059120 	57.870544 	85.094063 	72.173401 	51.478149 	96.602280 	
41.677334 	79.025314 	66.887962 	999.000000 	34.234486 	82.377182 	40.012497 	54.230988 	78.185677 	21.633308 	28.653097 	63.411354 	23.537205 	42.449970 	93.605553 	84.314888 	57.140179 	99.322708 	39.395432 	61.684681 	78.390053 	83.815269 	42.047592 	33.941124 	37.013512 	104.235313 	34.828148 	45.177429 	78.771820 	84.929382 	94.868332 	45.793011 	34.176014 	33.241539 	100.657837 	80.305664 	59.203041 	115.762688 	70.256676 	50.606323 	64.327286 	36.000000 	80.000000 	84.148682 	48.083260 	40.049969 	93.059120 	82.006096 	114.127121 	123.308556 	112.538879 	42.201897 	73.348480 	103.324730 	110.724884 	115.156418 	83.150467 	50.447994 	48.877399 	67.119293 	95.257545 	123.878975 	58.137768 	52.430908 	91.005493 	81.215759 	48.764740 	77.620872 	53.000000 	63.820061 	102.489021 	52.630791 	
17.117243 	53.000000 	38.600517 	34.234486 	999.000000 	53.907330 	7.810250 	20.024984 	45.793011 	31.112698 	35.227829 	38.483765 	11.045361 	9.899495 	67.955872 	56.080299 	23.000000 	70.007141 	20.099751 	29.410883 	46.615448 	51.000000 	22.360680 	29.732138 	27.459061 	73.409805 	33.241539 	25.709921 	44.553337 	50.960770 	61.741398 	28.442924 	42.190044 	47.634022 	68.000000 	46.097721 	30.479502 	85.796272 	37.363083 	30.675724 	33.615471 	52.497620 	46.173584 	50.009998 	38.000000 	54.405884 	58.855755 	48.259712 	82.152298 	93.085983 	80.131142 	51.000000 	42.047592 	69.570107 	77.820305 	82.855293 	49.819675 	43.046486 	46.872166 	41.868843 	61.073727 	92.358002 	43.174065 	47.169907 	57.218880 	49.396355 	55.154327 	47.507893 	49.365982 	44.777225 	68.264191 	58.872746 	
40.804413 	8.062258 	15.620500 	82.377182 	53.907330 	999.000000 	54.378304 	42.720020 	17.464249 	84.958817 	89.022469 	19.924858 	60.959003 	44.045429 	16.124516 	2.236068 	42.720020 	17.000000 	69.354164 	26.400757 	14.317822 	19.723083 	70.213959 	82.377182 	78.892334 	23.345236 	85.982559 	72.090218 	35.171009 	30.413813 	25.806976 	75.239616 	95.801880 	101.533249 	26.570660 	39.560081 	62.169125 	33.541019 	51.009804 	74.330345 	58.309521 	106.404884 	46.324940 	42.720020 	86.406021 	108.231232 	38.600517 	47.801674 	35.057095 	41.146080 	35.057095 	104.292854 	59.076221 	36.359318 	35.693138 	37.000000 	51.923019 	91.787796 	97.493591 	73.437050 	46.043457 	43.174065 	86.683334 	96.254868 	50.990196 	60.016663 	107.703293 	65.276337 	98.898941 	83.743660 	48.104053 	111.139549 	
22.360680 	54.625999 	39.812057 	40.012497 	7.810250 	54.378304 	999.000000 	15.231546 	43.931767 	32.756680 	35.383614 	41.231056 	18.027756 	12.041595 	69.318108 	56.603886 	17.720045 	69.656296 	15.524175 	28.425341 	45.254833 	48.600410 	17.117243 	28.017851 	24.596748 	72.138756 	31.622776 	20.000000 	39.849716 	47.010635 	58.830265 	23.021729 	41.773197 	48.166378 	65.459915 	40.792156 	22.671568 	84.864601 	30.413813 	24.331051 	25.942244 	53.150730 	40.012497 	44.407207 	33.541019 	54.451813 	54.120235 	42.000000 	80.000000 	91.934761 	77.665955 	50.000000 	34.539833 	65.795135 	74.946648 	80.448738 	43.185646 	38.832977 	43.657761 	34.205261 	55.578773 	90.426765 	37.215588 	43.174065 	51.000000 	42.059483 	53.338543 	39.824615 	45.607018 	37.947330 	62.968246 	56.824291 	
24.083189 	44.721359 	30.149628 	54.230988 	20.024984 	42.720020 	15.231546 	999.000000 	29.832869 	47.885281 	50.000000 	34.234486 	31.000000 	14.317822 	58.523499 	44.944408 	3.162278 	56.603886 	27.658634 	16.492422 	31.622776 	33.970577 	28.017851 	41.725292 	37.536648 	58.137768 	45.254833 	29.529646 	24.738634 	31.780497 	43.829212 	32.649654 	55.973209 	62.801273 	50.606323 	26.076809 	21.213203 	71.063354 	19.416489 	31.622776 	20.124611 	67.801178 	26.476404 	30.000000 	43.829212 	68.767723 	39.051247 	28.635643 	65.299309 	77.897369 	62.801273 	63.655323 	26.172504 	50.566788 	59.908264 	65.604881 	30.675724 	49.193497 	55.226807 	33.734257 	41.048752 	75.822159 	44.147480 	53.665630 	37.483330 	32.202484 	66.219330 	32.649654 	56.356010 	42.047592 	48.259712 	69.404610 	
37.656342 	23.706539 	17.464249 	78.185677 	45.793011 	17.464249 	43.931767 	29.832869 	999.000000 	76.400261 	79.309517 	25.495098 	55.036350 	36.235340 	33.060551 	19.235384 	28.844410 	27.313000 	57.489128 	16.552946 	3.162278 	6.000000 	57.801384 	71.449280 	67.357254 	28.319605 	75.006668 	59.076221 	17.720045 	14.142136 	17.117243 	62.128899 	85.562843 	92.097771 	22.472204 	22.135944 	46.818798 	41.231056 	34.132095 	60.415230 	42.201897 	97.082436 	28.861740 	25.495098 	73.246162 	98.310730 	23.600847 	30.364452 	36.359318 	48.104053 	34.438351 	93.434471 	42.011902 	27.073973 	32.572994 	37.121422 	34.481880 	78.549347 	84.876381 	57.271286 	30.413813 	46.615448 	72.090218 	83.006027 	34.132095 	42.579338 	96.046867 	48.041649 	85.755463 	68.308128 	34.132095 	99.201813 	
45.793011 	83.600243 	69.526970 	21.633308 	31.112698 	84.958817 	32.756680 	47.885281 	76.400261 	999.000000 	7.280110 	68.505478 	25.495098 	41.012192 	98.600204 	87.114868 	50.089920 	101.118744 	24.083189 	60.307545 	77.466118 	81.271149 	26.000000 	13.416408 	17.720045 	104.350372 	13.453624 	28.160255 	72.090218 	79.605278 	91.586021 	27.658634 	14.000000 	17.000000 	98.183502 	72.449982 	45.044422 	116.846054 	59.228371 	32.756680 	51.244511 	21.633308 	70.342018 	75.584389 	27.202942 	24.166092 	86.162636 	72.034714 	112.645462 	124.084648 	110.385689 	23.086792 	60.133186 	98.386993 	107.703293 	113.159180 	72.180328 	29.000000 	27.294687 	50.009998 	86.683334 	123.004066 	37.735924 	30.805843 	80.808418 	68.117546 	29.017237 	63.031738 	31.384710 	44.283180 	94.254974 	33.015148 	
50.990196 	88.204308 	73.817345 	28.653097 	35.227829 	89.022469 	35.383614 	50.000000 	79.309517 	7.280110 	999.000000 	73.430237 	31.320919 	45.000000 	103.174606 	91.214035 	51.865211 	104.804581 	23.769728 	63.655323 	80.622574 	83.868942 	25.000000 	10.049875 	15.132746 	107.517441 	8.246211 	26.305893 	73.430237 	81.301903 	93.813644 	25.019993 	7.280110 	12.806249 	100.603180 	73.348480 	43.931767 	120.208153 	59.135437 	30.000000 	50.447994 	17.804493 	70.576202 	76.157730 	21.931713 	19.209373 	87.206650 	72.111023 	115.256233 	127.310646 	112.800713 	16.492422 	59.033890 	99.985001 	109.859001 	115.602768 	71.840103 	22.803509 	20.248457 	47.095646 	87.091904 	125.733849 	32.695564 	24.083189 	80.653580 	66.910385 	22.022715 	61.204575 	24.413111 	39.849716 	94.704803 	26.019224 	
22.803509 	15.620500 	8.062258 	63.411354 	38.483765 	19.924858 	41.231056 	34.234486 	25.495098 	68.505478 	73.430237 	999.000000 	43.416588 	29.410883 	30.413813 	21.540659 	35.693138 	36.769554 	56.753853 	19.697716 	23.409399 	31.016125 	58.249462 	68.154236 	65.459915 	43.174065 	71.693794 	60.827625 	39.597980 	39.115215 	41.000000 	63.953106 	80.529495 	85.440041 	44.102154 	43.863426 	55.443665 	53.310413 	49.244289 	64.280632 	53.600372 	90.138779 	49.203659 	48.083260 	74.732857 	92.439171 	48.877399 	51.224995 	54.589375 	60.926186 	54.147945 	89.442719 	57.384666 	51.662365 	54.009258 	56.320511 	55.000000 	80.049988 	84.770279 	67.896980 	55.217751 	63.063461 	77.233414 	84.403793 	57.280014 	60.901562 	93.621582 	64.078079 	86.833176 	76.026314 	59.539902 	97.308784 	
20.615528 	58.796257 	45.343136 	23.537205 	11.045361 	60.959003 	18.027756 	31.000000 	55.036350 	25.495098 	31.320919 	43.416588 	999.000000 	18.973665 	73.756355 	63.031738 	34.014702 	77.620872 	24.698177 	38.483765 	55.470715 	60.539242 	27.459061 	29.017237 	28.635643 	81.835197 	32.015621 	31.064449 	55.326305 	61.392181 	71.512238 	33.120991 	38.600517 	42.485291 	77.472572 	57.035076 	39.962482 	93.813644 	48.270073 	36.619667 	43.863426 	47.010635 	57.218880 	61.000000 	40.521599 	49.658836 	69.584480 	59.304298 	91.241440 	101.257095 	89.470665 	47.801674 	52.554733 	79.812279 	87.464279 	92.135773 	60.827625 	44.911022 	47.042534 	50.328918 	72.027771 	101.212646 	47.853943 	48.507732 	68.264191 	60.083275 	52.952808 	57.697487 	50.249378 	51.039200 	79.158073 	56.885849 	
11.180340 	43.416588 	28.844410 	42.449970 	9.899495 	44.045429 	12.041595 	14.317822 	36.235340 	41.012192 	45.000000 	29.410883 	18.973665 	999.000000 	58.309521 	46.227695 	17.464249 	60.108234 	27.459061 	19.723083 	36.891735 	41.629318 	29.154760 	38.910152 	36.055511 	63.600315 	42.485291 	32.015621 	37.000000 	42.579338 	52.554733 	35.057095 	51.865211 	57.489128 	58.600342 	39.204590 	31.384710 	75.927597 	33.615471 	36.124783 	32.557640 	62.369865 	40.521599 	43.416588 	45.541191 	64.202805 	51.088158 	42.720020 	72.560318 	83.240616 	70.661163 	60.539242 	39.824615 	60.876926 	68.541962 	73.355301 	44.944408 	50.803543 	55.362442 	43.829212 	54.147945 	82.680107 	49.091751 	55.108982 	51.419842 	46.324940 	64.404968 	46.010868 	57.489128 	49.244289 	61.008198 	68.029404 	
53.150730 	15.000000 	29.529646 	93.605553 	67.955872 	16.124516 	69.318108 	58.523499 	33.060551 	98.600204 	103.174606 	30.413813 	73.756355 	58.309521 	999.000000 	14.035668 	58.694122 	15.264338 	84.581322 	42.059483 	30.016663 	33.955853 	85.615417 	97.128784 	93.914856 	24.186773 	100.722389 	87.664131 	50.487621 	44.643028 	36.359318 	90.824005 	110.136276 	115.433968 	33.970577 	54.744862 	78.262383 	28.017851 	67.007462 	90.138779 	74.431175 	120.208153 	61.660358 	57.489128 	101.950966 	122.319252 	51.478149 	62.968246 	35.846897 	35.057095 	37.589893 	118.848640 	75.006668 	45.453274 	40.224369 	38.483765 	67.082039 	107.335922 	112.805145 	89.560036 	59.093147 	40.447498 	102.615791 	111.789978 	65.145988 	75.538071 	122.588745 	81.098709 	114.389687 	99.824844 	59.682495 	126.126923 	
42.801868 	8.246211 	17.691807 	84.314888 	56.080299 	2.236068 	56.603886 	44.944408 	19.235384 	87.114868 	91.214035 	21.540659 	63.031738 	46.227695 	14.035668 	999.000000 	44.922153 	15.231546 	71.589104 	28.635643 	16.124516 	21.023796 	72.449982 	84.599052 	81.123360 	22.090721 	88.204308 	74.323616 	36.878178 	31.780497 	26.248810 	77.472572 	98.005104 	103.711136 	26.400757 	41.231056 	64.327286 	31.780497 	53.000000 	76.550636 	60.406952 	108.577164 	48.052055 	44.271889 	88.639717 	110.421921 	39.661064 	49.477268 	34.000000 	39.395432 	34.234486 	106.508217 	61.032780 	36.619667 	35.171009 	36.055511 	53.600372 	94.021271 	99.729637 	75.538071 	47.169907 	41.773197 	88.887573 	98.488579 	52.392746 	61.814240 	109.931801 	67.186310 	101.133575 	85.906929 	48.918301 	113.371071 	
27.018513 	45.276924 	31.000000 	57.140179 	23.000000 	42.720020 	17.720045 	3.162278 	28.844410 	50.089920 	51.865211 	35.693138 	34.014702 	17.464249 	58.694122 	44.922153 	999.000000 	55.946404 	29.000000 	17.029387 	30.886890 	32.557640 	29.068884 	43.278172 	38.897301 	57.008770 	46.754681 	30.232433 	22.135944 	29.529646 	42.011902 	33.286633 	57.628117 	64.637451 	48.918301 	23.194826 	20.000000 	70.000000 	16.401220 	31.780497 	18.027756 	69.634758 	23.345236 	27.018513 	44.418465 	70.434364 	36.400551 	25.495098 	63.702435 	76.694199 	61.073727 	65.069191 	23.430750 	48.301140 	58.008621 	63.890530 	27.513634 	49.739319 	56.035702 	32.249031 	38.118237 	74.276512 	43.965897 	54.203320 	34.365681 	29.206163 	67.357254 	30.000000 	56.938564 	41.303753 	45.398239 	70.434364 	
57.688820 	22.360680 	32.449963 	99.322708 	70.007141 	17.000000 	69.656296 	56.603886 	27.313000 	101.118744 	104.804581 	36.769554 	77.620872 	60.108234 	15.264338 	15.231546 	55.946404 	999.000000 	84.053551 	41.231056 	25.059929 	25.495098 	84.599052 	97.616600 	93.813644 	8.944272 	101.212646 	86.092972 	42.426407 	35.014282 	23.769728 	89.185204 	111.395691 	117.456375 	19.723083 	46.173584 	74.094536 	16.552946 	60.638271 	87.658424 	69.260376 	122.380554 	53.150730 	48.000000 	100.344406 	123.987900 	39.812057 	54.037025 	20.880613 	24.166092 	22.360680 	119.632774 	68.066147 	31.384710 	25.000000 	23.409399 	58.008621 	105.678757 	111.830231 	84.202141 	47.296936 	27.073973 	99.403221 	110.145355 	54.451813 	67.119293 	122.641754 	73.552704 	112.871605 	95.519630 	46.615448 	125.924583 	
37.000000 	70.007141 	55.154327 	39.395432 	20.099751 	69.354164 	15.524175 	27.658634 	57.489128 	24.083189 	23.769728 	56.753853 	24.698177 	27.459061 	84.581322 	71.589104 	29.000000 	84.053551 	999.000000 	43.046486 	59.203041 	61.522354 	2.828427 	14.422205 	9.899495 	85.796272 	17.804493 	6.403124 	49.929951 	58.008621 	70.936592 	8.544003 	28.844410 	36.235340 	77.897369 	49.648766 	21.000000 	98.716766 	35.440090 	12.041595 	27.166155 	41.182522 	46.818798 	52.392746 	18.110771 	41.617306 	63.529522 	48.383881 	92.698433 	105.550934 	90.027771 	36.069378 	36.055511 	76.550636 	86.833176 	92.849342 	48.270073 	23.345236 	28.231188 	27.730848 	63.324562 	103.276329 	23.409399 	27.658634 	57.008770 	44.045429 	38.600517 	39.204590 	30.083218 	26.400757 	70.936592 	41.880783 	
22.000000 	28.284271 	14.035668 	61.684681 	29.410883 	26.400757 	28.425341 	16.492422 	16.552946 	60.307545 	63.655323 	19.697716 	38.483765 	19.723083 	42.059483 	28.635643 	17.029387 	41.231056 	43.046486 	999.000000 	17.204651 	22.135944 	43.829212 	56.400356 	52.697250 	44.045429 	60.000000 	45.694637 	22.360680 	25.179358 	33.241539 	48.846699 	70.178345 	76.367531 	39.000000 	26.076809 	37.013512 	56.586216 	29.546574 	48.083260 	34.365681 	81.320351 	30.413813 	30.528675 	60.008331 	82.807007 	34.713108 	32.557640 	52.839378 	63.780876 	50.990196 	78.409180 	37.696156 	42.296574 	49.040798 	53.665630 	36.069378 	65.391129 	71.119621 	49.091751 	39.560081 	62.968246 	60.638271 	69.856995 	39.661064 	41.340054 	81.541397 	44.384682 	72.498276 	58.309521 	45.354160 	84.905830 	
37.363083 	20.591261 	15.524175 	78.390053 	46.615448 	14.317822 	45.254833 	31.622776 	3.162278 	77.466118 	80.622574 	23.409399 	55.470715 	36.891735 	30.016663 	16.124516 	30.886890 	25.059929 	59.203041 	17.204651 	999.000000 	7.615773 	59.640591 	73.000000 	69.028976 	26.907248 	76.576759 	61.057350 	20.880613 	17.029387 	18.027756 	64.140472 	87.000000 	93.380943 	22.561028 	25.298222 	49.335587 	39.623226 	37.054016 	62.609905 	44.911022 	98.351410 	32.015621 	28.635643 	75.292763 	99.704567 	26.248810 	33.526108 	35.777088 	46.690472 	34.176014 	95.015785 	45.000000 	28.442924 	32.756680 	36.769554 	37.643059 	80.622574 	86.821655 	60.016663 	33.241539 	45.793011 	74.464760 	85.088188 	37.215588 	45.705578 	97.800819 	51.088158 	87.817993 	70.880180 	36.619667 	101.019798 	
43.566040 	27.018513 	23.086792 	83.815269 	51.000000 	19.723083 	48.600410 	33.970577 	6.000000 	81.271149 	83.868942 	31.016125 	60.539242 	41.629318 	33.955853 	21.023796 	32.557640 	25.495098 	61.522354 	22.135944 	7.615773 	999.000000 	61.619801 	75.690155 	71.421288 	24.698177 	79.208588 	62.625874 	17.029387 	10.770329 	11.180340 	65.604881 	89.938866 	96.674713 	17.000000 	21.023796 	49.193497 	37.735924 	35.171009 	63.513779 	44.011364 	101.671036 	28.017851 	23.537205 	76.609398 	102.727798 	19.104973 	29.154760 	31.400637 	44.204071 	29.154760 	97.580734 	42.579338 	21.095022 	26.925823 	31.906113 	33.241539 	81.841309 	88.408142 	58.821766 	26.400757 	41.868843 	74.706093 	86.267029 	31.384710 	42.011902 	99.904953 	48.166378 	89.050545 	70.384659 	29.206163 	102.941734 	
39.051247 	71.168816 	56.302753 	42.047592 	22.360680 	70.213959 	17.117243 	28.017851 	57.801384 	26.000000 	25.000000 	58.249462 	27.459061 	29.154760 	85.615417 	72.449982 	29.068884 	84.599052 	2.828427 	43.829212 	59.640591 	61.619801 	999.000000 	15.231546 	10.295630 	86.052307 	18.357559 	3.605551 	49.406479 	57.628117 	70.767227 	6.082763 	29.529646 	37.161808 	77.794601 	48.877399 	19.104973 	99.020203 	34.176014 	9.219544 	25.495098 	42.047592 	45.694637 	51.429562 	16.492422 	42.190044 	62.769421 	47.169907 	92.633690 	105.759163 	89.872131 	36.235340 	34.234486 	76.026314 	86.556343 	92.698433 	46.840153 	21.840330 	27.294687 	25.079872 	62.241467 	103.237587 	20.880613 	26.248810 	55.659679 	42.190044 	38.288380 	37.054016 	28.792360 	23.600847 	69.856995 	41.400482 	
46.572525 	82.298241 	67.601776 	33.941124 	29.732138 	82.377182 	28.017851 	41.725292 	71.449280 	13.416408 	10.049875 	68.154236 	29.017237 	38.910152 	97.128784 	84.599052 	43.278172 	97.616600 	14.422205 	56.400356 	73.000000 	75.690155 	15.231546 	999.000000 	5.099020 	99.764725 	3.605551 	16.278820 	64.350601 	72.422371 	85.276024 	15.000000 	14.422205 	21.931713 	92.195442 	64.007812 	33.955853 	112.609947 	49.396355 	20.024984 	40.521599 	26.832815 	60.926186 	66.640831 	14.142136 	27.202942 	77.897369 	62.393909 	106.962608 	119.553337 	104.350372 	22.022715 	49.030602 	90.972527 	101.212646 	107.168091 	61.983868 	17.000000 	18.027756 	37.215588 	77.472572 	117.515953 	24.413111 	19.924858 	70.837845 	56.885849 	25.495098 	51.156624 	21.377558 	30.870699 	85.088188 	29.154760 	
44.553337 	79.202271 	64.404968 	37.013512 	27.459061 	78.892334 	24.596748 	37.536648 	67.357254 	17.720045 	15.132746 	65.459915 	28.635643 	36.055511 	93.914856 	81.123360 	38.897301 	93.813644 	9.899495 	52.697250 	69.028976 	71.421288 	10.295630 	5.099020 	999.000000 	95.671310 	8.062258 	11.180340 	59.640591 	67.801178 	80.808418 	10.049875 	19.235384 	26.925823 	87.783829 	59.169250 	28.861740 	108.577164 	44.384682 	15.132746 	35.440090 	31.780497 	55.946404 	61.717098 	12.083046 	31.906113 	73.061615 	57.384666 	102.591423 	115.433968 	99.904953 	26.172504 	43.931767 	86.267029 	96.674713 	102.727798 	56.920998 	16.278820 	19.416489 	32.388271 	72.498276 	113.172432 	21.213203 	20.024984 	65.787537 	51.788029 	28.844410 	46.097721 	22.022715 	26.925823 	80.112419 	32.249031 	
62.609905 	30.000000 	37.696156 	104.235313 	73.409805 	23.345236 	72.138756 	58.137768 	28.319605 	104.350372 	107.517441 	43.174065 	81.835197 	63.600315 	24.186773 	22.090721 	57.008770 	8.944272 	85.796272 	44.045429 	26.907248 	24.698177 	86.052307 	99.764725 	95.671310 	999.000000 	103.324730 	87.200920 	40.496914 	32.280025 	19.104973 	90.210861 	113.846390 	120.282997 	13.152946 	43.680660 	73.824112 	13.038404 	59.236813 	88.204308 	68.447060 	125.255737 	50.447994 	44.721359 	101.257095 	126.574089 	35.000000 	50.990196 	12.165525 	19.798990 	13.416408 	121.753853 	66.098412 	24.351591 	16.278820 	14.560220 	54.744862 	106.508217 	113.004425 	83.006027 	42.107006 	19.924858 	99.362968 	110.941429 	50.009998 	64.132675 	124.326187 	71.063354 	113.718948 	94.847244 	40.261642 	127.440186 	
50.000000 	85.883644 	71.196907 	34.828148 	33.241539 	85.982559 	31.622776 	45.254833 	75.006668 	13.453624 	8.246211 	71.693794 	32.015621 	42.485291 	100.722389 	88.204308 	46.754681 	101.212646 	17.804493 	60.000000 	76.576759 	79.208588 	18.357559 	3.605551 	8.062258 	103.324730 	999.000000 	18.973665 	67.675697 	75.802376 	88.729927 	17.262676 	11.180340 	18.973665 	95.671310 	67.230942 	36.687874 	116.180893 	52.392746 	22.090721 	43.324360 	23.769728 	63.976559 	69.771057 	13.892444 	23.853722 	81.123360 	65.391129 	110.453613 	123.109711 	107.814659 	18.439089 	51.662365 	94.302704 	104.637466 	110.634537 	64.845970 	15.620500 	15.297058 	39.012817 	80.529495 	121.016525 	24.596748 	17.888544 	73.736015 	59.439045 	21.931713 	53.460266 	18.973665 	31.622776 	88.141930 	25.632011 	
42.190044 	73.375748 	58.523499 	45.177429 	25.709921 	72.090218 	20.000000 	29.529646 	59.076221 	28.160255 	26.305893 	60.827625 	31.064449 	32.015621 	87.664131 	74.323616 	30.232433 	86.092972 	6.403124 	45.694637 	61.057350 	62.625874 	3.605551 	16.278820 	11.180340 	87.200920 	18.973665 	999.000000 	49.678970 	58.051701 	71.421288 	3.162278 	30.083218 	37.947330 	78.517517 	48.826221 	17.720045 	100.209778 	33.541019 	5.656854 	24.351591 	42.720020 	45.177429 	51.107731 	14.317822 	42.485291 	62.681736 	46.518814 	93.380943 	106.826965 	90.509666 	36.055511 	32.756680 	76.216797 	87.045967 	93.338097 	45.880280 	19.697716 	25.806976 	22.135944 	61.717098 	104.004807 	17.464249 	24.166092 	54.781384 	40.607880 	37.483330 	35.014282 	26.832815 	20.000000 	69.318108 	40.360870 	
43.174065 	41.231056 	31.890438 	78.771820 	44.553337 	35.171009 	39.849716 	24.738634 	17.720045 	72.090218 	73.430237 	39.597980 	55.326305 	37.000000 	50.487621 	36.878178 	22.135944 	42.426407 	49.929951 	22.360680 	20.880613 	17.029387 	49.406479 	64.350601 	59.640591 	40.496914 	67.675697 	49.678970 	999.000000 	8.602325 	22.472204 	52.402290 	78.771820 	86.092972 	29.681644 	4.472136 	34.205261 	53.310413 	18.788294 	49.517673 	28.301943 	91.065910 	11.180340 	8.485281 	62.936478 	91.525955 	14.317822 	12.649111 	44.407207 	59.059292 	41.231056 	85.603737 	25.709921 	26.627054 	37.483330 	44.045429 	16.763054 	67.941154 	74.953316 	42.544094 	17.464249 	55.000000 	59.640591 	72.249565 	17.691807 	25.079872 	87.114868 	31.144823 	75.073296 	54.589375 	24.020824 	89.827614 	
47.095646 	37.443291 	31.064449 	84.929382 	50.960770 	30.413813 	47.010635 	31.780497 	14.142136 	79.605278 	81.301903 	39.115215 	61.392181 	42.579338 	44.643028 	31.780497 	29.529646 	35.014282 	58.008621 	25.179358 	17.029387 	10.770329 	57.628117 	72.422371 	67.801178 	32.280025 	75.802376 	58.051701 	8.602325 	999.000000 	13.892444 	60.827625 	86.838928 	94.031906 	21.095022 	11.401754 	42.801868 	44.944408 	27.294687 	58.051701 	36.891735 	99.020203 	18.248287 	13.038404 	71.449280 	99.624290 	9.848858 	19.026299 	35.805027 	50.537113 	32.649654 	93.861603 	33.837849 	18.788294 	29.000000 	35.468296 	23.000000 	76.485291 	83.450584 	50.990196 	16.278820 	46.400433 	68.242218 	80.808418 	20.615528 	32.140316 	95.524864 	38.832977 	83.630135 	63.134777 	20.615528 	98.290382 	
54.744862 	33.837849 	33.376640 	94.868332 	61.741398 	25.806976 	58.830265 	43.829212 	17.117243 	91.586021 	93.813644 	41.000000 	71.512238 	52.554733 	36.359318 	26.248810 	42.011902 	23.769728 	70.936592 	33.241539 	18.027756 	11.180340 	70.767227 	85.276024 	80.808418 	19.104973 	88.729927 	71.421288 	22.472204 	13.892444 	999.000000 	74.276512 	99.639351 	106.606750 	7.211102 	25.079872 	56.612720 	31.320919 	41.182522 	71.700768 	50.774010 	111.606453 	31.622776 	25.709921 	85.041168 	112.445541 	16.124516 	32.015621 	22.022715 	36.674240 	19.104973 	106.962608 	47.539455 	10.770329 	16.124516 	21.931713 	35.693138 	90.138779 	97.000000 	64.845970 	23.537205 	32.649654 	82.097504 	94.493385 	31.016125 	45.122055 	108.894447 	52.201534 	97.308784 	77.025970 	23.323807 	111.758667 	
45.099888 	76.537575 	61.684681 	45.793011 	28.442924 	75.239616 	23.021729 	32.649654 	62.128899 	27.658634 	25.019993 	63.953106 	33.120991 	35.057095 	90.824005 	77.472572 	33.286633 	89.185204 	8.544003 	48.846699 	64.140472 	65.604881 	6.082763 	15.000000 	10.049875 	90.210861 	17.262676 	3.162278 	52.402290 	60.827625 	74.276512 	999.000000 	28.160255 	36.138622 	81.394104 	51.400391 	19.697716 	103.227905 	35.846897 	5.099020 	26.400757 	40.804413 	47.507893 	53.535034 	11.180340 	40.311287 	65.215027 	48.764740 	96.260063 	109.808922 	93.348808 	33.615471 	34.481880 	78.873314 	89.827614 	96.176918 	47.927029 	16.552946 	22.803509 	22.360680 	64.007812 	106.887794 	14.866069 	21.023796 	56.859474 	42.201897 	34.713108 	36.221542 	23.706539 	18.384777 	71.589104 	37.483330 	
58.180752 	95.189285 	80.709358 	34.176014 	42.190044 	95.801880 	41.773197 	55.973209 	85.562843 	14.000000 	7.280110 	80.529495 	38.600517 	51.865211 	110.136276 	98.005104 	57.628117 	111.395691 	28.844410 	70.178345 	87.000000 	89.938866 	29.529646 	14.422205 	19.235384 	113.846390 	11.180340 	30.083218 	78.771820 	86.838928 	99.639351 	28.160255 	999.000000 	8.062258 	106.526993 	78.390053 	47.759815 	126.621483 	63.560993 	32.756680 	54.424259 	12.649111 	75.153175 	80.950600 	22.090721 	12.806249 	92.282173 	76.557167 	121.264175 	133.645050 	118.697090 	9.219544 	62.641838 	105.394501 	115.602768 	121.511314 	75.960518 	21.189621 	16.401220 	49.162994 	91.706055 	131.795303 	32.557640 	21.095022 	84.864601 	70.342018 	15.033297 	64.132675 	20.615528 	40.311287 	99.317673 	19.026299 	
62.769421 	100.439034 	86.214851 	33.241539 	47.634022 	101.533249 	48.166378 	62.801273 	92.097771 	17.000000 	12.806249 	85.440041 	42.485291 	57.489128 	115.433968 	103.711136 	64.637451 	117.456375 	36.235340 	76.367531 	93.380943 	96.674713 	37.161808 	21.931713 	26.925823 	120.282997 	18.973665 	37.947330 	86.092972 	94.031906 	106.606750 	36.138622 	8.062258 	999.000000 	113.406349 	85.883644 	55.659679 	132.943604 	71.309189 	40.792156 	62.297672 	5.000000 	82.855293 	88.566360 	30.016663 	7.280110 	99.764725 	84.308952 	128.062485 	140.071411 	125.602547 	10.000000 	70.604530 	112.680969 	122.641754 	128.405609 	83.815269 	28.635643 	22.847319 	57.218880 	99.403221 	138.538803 	40.311287 	27.856777 	92.698433 	78.339005 	16.643316 	72.180328 	26.832815 	48.166378 	107.018692 	20.124611 	
59.908264 	34.539833 	37.013512 	100.657837 	68.000000 	26.570660 	65.459915 	50.606323 	22.472204 	98.183502 	100.603180 	44.102154 	77.472572 	58.600342 	33.970577 	26.400757 	48.918301 	19.723083 	77.897369 	39.000000 	22.561028 	17.000000 	77.794601 	92.195442 	87.783829 	13.152946 	95.671310 	78.517517 	29.681644 	21.095022 	7.211102 	81.394104 	106.526993 	113.406349 	999.000000 	32.202484 	63.820061 	24.515301 	48.373547 	78.873314 	57.982758 	118.406082 	38.626415 	32.572994 	92.195442 	119.331474 	22.090721 	38.897301 	14.866069 	29.546574 	12.206555 	113.951744 	54.625999 	11.661903 	10.198039 	15.000000 	42.449970 	97.308784 	104.139328 	72.006943 	29.017237 	25.495098 	89.308456 	101.671036 	37.121422 	51.923019 	115.974136 	59.135437 	104.484451 	84.219948 	27.202942 	118.869675 	
46.173584 	45.694637 	36.235340 	80.305664 	46.097721 	39.560081 	40.792156 	26.076809 	22.135944 	72.449982 	73.348480 	43.863426 	57.035076 	39.204590 	54.744862 	41.231056 	23.194826 	46.173584 	49.648766 	26.076809 	25.298222 	21.023796 	48.877399 	64.007812 	59.169250 	43.680660 	67.230942 	48.826221 	4.472136 	11.401754 	25.079872 	51.400391 	78.390053 	85.883644 	32.202484 	999.000000 	32.526913 	56.302753 	16.401220 	48.166378 	26.248810 	90.824005 	7.000000 	4.472136 	61.619801 	91.065910 	13.892444 	8.246211 	46.647614 	61.741398 	43.266617 	84.876381 	22.472204 	27.586229 	39.204590 	46.043457 	12.369317 	66.483078 	73.661385 	39.824615 	15.000000 	57.140179 	57.628117 	70.710678 	13.601471 	21.000000 	86.052307 	27.459061 	73.539108 	52.153618 	22.203604 	88.617157 	
42.544094 	65.192024 	51.000000 	59.203041 	30.479502 	62.169125 	22.671568 	21.213203 	46.818798 	45.044422 	43.931767 	55.443665 	39.962482 	31.384710 	78.262383 	64.327286 	20.000000 	74.094536 	21.000000 	37.013512 	49.335587 	49.193497 	19.104973 	33.955853 	28.861740 	73.824112 	36.687874 	17.720045 	34.205261 	42.801868 	56.612720 	19.697716 	47.759815 	55.659679 	63.820061 	32.526913 	999.000000 	86.833176 	16.401220 	15.811388 	6.708204 	60.406952 	28.017851 	34.205261 	29.206163 	60.008331 	46.097721 	29.154760 	78.600258 	92.962357 	75.432091 	53.235325 	15.132746 	60.108234 	71.589104 	78.243210 	28.231188 	33.970577 	41.231056 	12.649111 	44.418465 	89.202019 	25.553865 	38.183765 	37.161808 	23.086792 	53.823788 	18.439089 	41.012192 	21.587032 	51.971146 	56.222771 	
74.094536 	38.600517 	48.877399 	115.762688 	85.796272 	33.541019 	84.864601 	71.063354 	41.231056 	116.846054 	120.208153 	53.310413 	93.813644 	75.927597 	28.017851 	31.780497 	70.000000 	16.552946 	98.716766 	56.586216 	39.623226 	37.735924 	99.020203 	112.609947 	108.577164 	13.038404 	116.180893 	100.209778 	53.310413 	44.944408 	31.320919 	103.227905 	126.621483 	132.943604 	24.515301 	56.302753 	86.833176 	999.000000 	72.090218 	101.242287 	81.394104 	137.902145 	62.936478 	57.008770 	114.284729 	139.316193 	46.529560 	63.324562 	13.928389 	7.615773 	17.720045 	134.617981 	78.771820 	34.014702 	22.561028 	16.552946 	66.940269 	119.540787 	126.015869 	95.854057 	53.150730 	13.000000 	112.378822 	123.975807 	61.522354 	76.400261 	137.277100 	83.522453 	126.751724 	107.786827 	50.089920 	140.417236 	
43.416588 	55.578773 	43.011627 	70.256676 	37.363083 	51.009804 	30.413813 	19.416489 	34.132095 	59.228371 	59.135437 	49.244289 	48.270073 	33.615471 	67.007462 	53.000000 	16.401220 	60.638271 	35.440090 	29.546574 	37.054016 	35.171009 	34.176014 	49.396355 	44.384682 	59.236813 	52.392746 	33.541019 	18.788294 	27.294687 	41.182522 	35.846897 	63.560993 	71.309189 	48.373547 	16.401220 	16.401220 	72.090218 	999.000000 	32.202484 	9.899495 	76.157730 	11.661903 	17.804493 	45.607018 	76.026314 	29.732138 	13.000000 	62.968246 	77.826729 	59.640591 	69.462219 	8.246211 	43.863426 	55.605755 	62.425957 	13.038404 	50.328918 	57.628117 	23.769728 	28.178005 	73.498299 	41.231056 	54.488529 	21.587032 	12.806249 	70.213959 	14.866069 	57.314919 	35.846897 	35.777088 	72.622307 	
46.690472 	76.157730 	61.392181 	50.606323 	30.675724 	74.330345 	24.331051 	31.622776 	60.415230 	32.756680 	30.000000 	64.280632 	36.619667 	36.124783 	90.138779 	76.550636 	31.780497 	87.658424 	12.041595 	48.083260 	62.609905 	63.513779 	9.219544 	20.024984 	15.132746 	88.204308 	22.090721 	5.656854 	49.517673 	58.051701 	71.700768 	5.099020 	32.756680 	40.792156 	78.873314 	48.166378 	15.811388 	101.242287 	32.202484 	999.000000 	22.472204 	45.354160 	43.829212 	50.000000 	13.453624 	44.598206 	61.846584 	44.944408 	93.723000 	107.647575 	90.686272 	37.576588 	30.083218 	75.742989 	87.000000 	93.509361 	43.829212 	18.439089 	25.495098 	17.262676 	60.207973 	104.350372 	13.000000 	22.803509 	52.773098 	37.643059 	38.013157 	31.400637 	25.612497 	14.422205 	67.742157 	40.459858 	
43.416588 	62.008064 	48.373547 	64.327286 	33.615471 	58.309521 	25.942244 	20.124611 	42.201897 	51.244511 	50.447994 	53.600372 	43.863426 	32.557640 	74.431175 	60.406952 	18.027756 	69.260376 	27.166155 	34.365681 	44.911022 	44.011364 	25.495098 	40.521599 	35.440090 	68.447060 	43.324360 	24.351591 	28.301943 	36.891735 	50.774010 	26.400757 	54.424259 	62.297672 	57.982758 	26.248810 	6.708204 	81.394104 	9.899495 	22.472204 	999.000000 	67.067131 	21.400934 	27.658634 	35.805027 	66.708321 	39.623226 	22.472204 	72.670486 	87.321243 	69.404610 	59.941639 	9.055386 	53.758720 	65.436989 	72.201111 	21.540659 	40.459858 	47.801674 	15.132746 	37.735924 	83.234612 	31.400637 	44.598206 	30.463093 	17.029387 	60.464867 	13.892444 	47.423622 	26.400757 	45.276924 	62.801273 	
67.416618 	105.209312 	91.049438 	36.000000 	52.497620 	106.404884 	53.150730 	67.801178 	97.082436 	21.633308 	17.804493 	90.138779 	47.010635 	62.369865 	120.208153 	108.577164 	69.634758 	122.380554 	41.182522 	81.320351 	98.351410 	101.671036 	42.047592 	26.832815 	31.780497 	125.255737 	23.769728 	42.720020 	91.065910 	99.020203 	111.606453 	40.804413 	12.649111 	5.000000 	118.406082 	90.824005 	60.406952 	137.902145 	76.157730 	45.354160 	67.067131 	999.000000 	87.726852 	93.471924 	34.058773 	4.472136 	104.709122 	89.157166 	133.060135 	145.041367 	130.602448 	11.180340 	75.286118 	117.660530 	127.640121 	133.405396 	88.600227 	32.140316 	25.709921 	61.522354 	104.278473 	143.533966 	44.045429 	30.805843 	97.498718 	82.969872 	17.029387 	76.687675 	29.410883 	52.009613 	111.892807 	19.849434 	
48.754486 	52.201534 	41.880783 	80.000000 	46.173584 	46.324940 	40.012497 	26.476404 	28.861740 	70.342018 	70.576202 	49.203659 	57.218880 	40.521599 	61.660358 	48.052055 	23.345236 	53.150730 	46.818798 	30.413813 	32.015621 	28.017851 	45.694637 	60.926186 	55.946404 	50.447994 	63.976559 	45.177429 	11.180340 	18.248287 	31.622776 	47.507893 	75.153175 	82.855293 	38.626415 	7.000000 	28.017851 	62.936478 	11.661903 	43.829212 	21.400934 	87.726852 	999.000000 	6.403124 	57.201397 	87.658424 	18.439089 	2.236068 	52.773098 	68.154236 	49.244289 	81.123360 	16.124516 	32.802441 	44.944408 	51.971146 	5.830952 	61.846584 	69.202599 	33.837849 	16.552946 	63.134777 	52.345009 	65.946945 	11.045361 	14.000000 	81.841309 	20.615528 	68.767723 	46.400433 	24.166092 	84.202141 	
50.596443 	49.193497 	40.360870 	84.148682 	50.009998 	42.720020 	44.407207 	30.000000 	25.495098 	75.584389 	76.157730 	48.083260 	61.000000 	43.416588 	57.489128 	44.271889 	27.018513 	48.000000 	52.392746 	30.528675 	28.635643 	23.537205 	51.429562 	66.640831 	61.717098 	44.721359 	69.771057 	51.107731 	8.485281 	13.038404 	25.709921 	53.535034 	80.950600 	88.566360 	32.572994 	4.472136 	34.205261 	57.008770 	17.804493 	50.000000 	27.658634 	93.471924 	6.403124 	999.000000 	63.411354 	93.536087 	12.041595 	6.324555 	46.518814 	62.032249 	42.941822 	87.132080 	22.472204 	26.400757 	38.587563 	45.650848 	10.049875 	68.117546 	75.432091 	40.224369 	11.180340 	56.824291 	58.728188 	72.249565 	9.219544 	19.416489 	88.005684 	26.570660 	75.073296 	52.801514 	18.681541 	90.426765 	
55.036350 	87.595665 	72.732384 	48.083260 	38.000000 	86.406021 	33.541019 	43.829212 	73.246162 	27.202942 	21.931713 	74.732857 	40.521599 	45.541191 	101.950966 	88.639717 	44.418465 	100.344406 	18.110771 	60.008331 	75.292763 	76.609398 	16.492422 	14.142136 	12.083046 	101.257095 	13.892444 	14.317822 	62.936478 	71.449280 	85.041168 	11.180340 	22.090721 	30.016663 	92.195442 	61.619801 	29.206163 	114.284729 	45.607018 	13.453624 	35.805027 	34.058773 	57.201397 	63.411354 	999.000000 	32.557640 	75.286118 	58.249462 	107.056061 	120.801491 	104.062485 	25.000000 	42.941822 	89.196411 	100.419121 	106.887794 	56.938564 	5.385165 	12.041595 	27.658634 	73.498299 	117.686020 	10.770329 	9.848858 	65.863495 	50.159744 	24.698177 	43.324360 	12.529964 	18.248287 	80.993828 	27.018513 	
69.835518 	107.335922 	93.005379 	40.049969 	54.405884 	108.231232 	54.451813 	68.767723 	98.310730 	24.166092 	19.209373 	92.439171 	49.658836 	64.202805 	122.319252 	110.421921 	70.434364 	123.987900 	41.617306 	82.807007 	99.704567 	102.727798 	42.190044 	27.202942 	31.906113 	126.574089 	23.853722 	42.485291 	91.525955 	99.624290 	112.445541 	40.311287 	12.806249 	7.280110 	119.331474 	91.065910 	60.008331 	139.316193 	76.026314 	44.598206 	66.708321 	4.472136 	87.658424 	93.536087 	32.557640 	999.000000 	104.957130 	89.000000 	134.063416 	146.372818 	131.502853 	8.062258 	74.672615 	118.152443 	128.405609 	134.316788 	88.238312 	30.016663 	23.086792 	60.207973 	104.201729 	144.589066 	42.047592 	28.160255 	97.169952 	82.219215 	13.038404 	75.690155 	26.476404 	50.089920 	111.803398 	15.556349 	
56.435802 	46.097721 	40.816662 	93.059120 	58.855755 	38.600517 	54.120235 	39.051247 	23.600847 	86.162636 	87.206650 	48.877399 	69.584480 	51.088158 	51.478149 	39.661064 	36.400551 	39.812057 	63.529522 	34.713108 	26.248810 	19.104973 	62.769421 	77.897369 	73.061615 	35.000000 	81.123360 	62.681736 	14.317822 	9.848858 	16.124516 	65.215027 	92.282173 	99.764725 	22.090721 	13.892444 	46.097721 	46.529560 	29.732138 	61.846584 	39.623226 	104.709122 	18.439089 	12.041595 	75.286118 	104.957130 	999.000000 	18.027756 	35.114101 	50.960770 	31.384710 	98.737022 	34.409302 	14.422205 	26.832815 	34.014702 	21.023796 	80.056229 	87.321243 	52.201534 	7.615773 	45.188496 	70.767227 	84.219948 	15.033297 	30.463093 	99.809822 	38.013157 	87.045967 	64.815125 	10.770329 	102.303467 	
50.990196 	53.851646 	43.829212 	82.006096 	48.259712 	47.801674 	42.000000 	28.635643 	30.364452 	72.034714 	72.111023 	51.224995 	59.304298 	42.720020 	62.968246 	49.477268 	25.495098 	54.037025 	48.383881 	32.557640 	33.526108 	29.154760 	47.169907 	62.393909 	57.384666 	50.990196 	65.391129 	46.518814 	12.649111 	19.026299 	32.015621 	48.764740 	76.557167 	84.308952 	38.897301 	8.246211 	29.154760 	63.324562 	13.000000 	44.944408 	22.472204 	89.157166 	2.236068 	6.324555 	58.249462 	89.000000 	18.027756 	999.000000 	52.801514 	68.352028 	49.193497 	82.365044 	16.401220 	32.449963 	44.777225 	51.884487 	4.123106 	62.801273 	70.213959 	34.205261 	15.264338 	63.063461 	53.037724 	66.843102 	9.000000 	13.152946 	82.927681 	20.248457 	69.656296 	46.861500 	22.825424 	85.211502 	
72.801102 	42.047592 	48.507732 	114.127121 	82.152298 	35.057095 	80.000000 	65.299309 	36.359318 	112.645462 	115.256233 	54.589375 	91.241440 	72.560318 	35.846897 	34.000000 	63.702435 	20.880613 	92.698433 	52.839378 	35.777088 	31.400637 	92.633690 	106.962608 	102.591423 	12.165525 	110.453613 	93.380943 	44.407207 	35.805027 	22.022715 	96.260063 	121.264175 	128.062485 	14.866069 	46.647614 	78.600258 	13.928389 	62.968246 	93.723000 	72.670486 	133.060135 	52.773098 	46.518814 	107.056061 	134.063416 	35.114101 	52.801514 	999.000000 	16.124516 	4.000000 	128.763351 	68.883957 	21.377558 	9.000000 	2.828427 	56.080299 	112.160599 	119.004204 	86.452301 	41.000000 	10.630146 	104.043259 	116.516090 	49.729267 	65.551506 	130.831955 	73.006851 	119.331474 	98.792709 	37.054016 	133.734818 	
81.633324 	46.173584 	56.435802 	123.308556 	93.085983 	41.146080 	91.934761 	77.897369 	48.104053 	124.084648 	127.310646 	60.926186 	101.257095 	83.240616 	35.057095 	39.395432 	76.694199 	24.166092 	105.550934 	63.780876 	46.690472 	44.204071 	105.759163 	119.553337 	115.433968 	19.798990 	123.109711 	106.826965 	59.059292 	50.537113 	36.674240 	109.808922 	133.645050 	140.071411 	29.546574 	61.741398 	92.962357 	7.615773 	77.826729 	107.647575 	87.321243 	145.041367 	68.154236 	62.032249 	120.801491 	146.372818 	50.960770 	68.352028 	16.124516 	999.000000 	20.099751 	141.534454 	84.172440 	37.483330 	25.079872 	18.000000 	71.784401 	126.015869 	132.612213 	101.518471 	57.070133 	9.433981 	118.511604 	130.430054 	65.734314 	81.271149 	144.045135 	88.600227 	133.221619 	113.648582 	53.150730 	147.122391 	
