Total assets = 587
Number of asset nodes = 33

Distance:
999.000000 	94.921021 	69.426216 	87.692642 	38.470768 	11.661903 	72.111023 	22.803509 	72.945183 	34.713108 	68.600288 	23.021729 	30.149628 	73.246162 	42.449970 	58.180752 	63.953106 	73.061615 	71.196907 	36.221542 	72.069412 	65.306969 	56.648037 	40.311287 	35.000000 	131.795303 	40.049969 	52.801514 	37.054016 	44.045429 	23.769728 	50.487621 	44.011364 	42.011902 	41.048752 	84.077347 	69.892776 	34.539833 	114.017540 	50.000000 	110.435501 	29.529646 	60.406952 	68.447060 	94.371605 	
94.921021 	999.000000 	27.313000 	10.000000 	60.415230 	106.404884 	31.144823 	117.686020 	31.064449 	70.263786 	36.221542 	117.796432 	75.584389 	32.015621 	63.906181 	48.052055 	42.426407 	34.000000 	36.013885 	72.235725 	36.000000 	43.185646 	51.971146 	69.892776 	76.321686 	36.878178 	72.732384 	147.085007 	77.491936 	71.568146 	109.931801 	65.306969 	72.532753 	75.000000 	76.243034 	35.114101 	48.093658 	128.003906 	27.018513 	72.180328 	27.892651 	108.673820 	64.070274 	57.140179 	37.202152 	
69.426216 	27.313000 	999.000000 	18.601076 	33.286633 	80.622574 	10.000000 	91.934761 	10.816654 	42.953465 	13.038404 	91.923882 	48.301140 	12.206555 	36.687874 	22.022715 	17.720045 	14.212670 	14.866069 	44.944408 	15.556349 	19.313208 	26.019224 	42.720020 	49.040798 	63.513779 	45.607018 	122.147453 	50.289165 	44.721359 	82.927681 	39.051247 	45.705578 	48.052055 	49.244289 	24.351591 	26.925823 	101.533249 	44.944408 	46.043457 	42.047592 	81.412529 	39.812057 	35.341194 	33.376640 	
87.692642 	10.000000 	18.601076 	999.000000 	51.865211 	99.005051 	21.213203 	110.317726 	21.095022 	61.294373 	26.305893 	110.344917 	66.730804 	22.022715 	54.625999 	38.327538 	32.557640 	24.000000 	26.019224 	63.071388 	26.000000 	33.241539 	42.201897 	60.539242 	67.119293 	44.944408 	63.324562 	140.264038 	68.154236 	61.983868 	101.513542 	55.542778 	62.936478 	65.459915 	66.730804 	25.942244 	38.118237 	120.104118 	28.460499 	62.369865 	27.166155 	99.849884 	54.083271 	47.169907 	29.732138 	
38.470768 	60.415230 	33.286633 	51.865211 	999.000000 	48.826221 	34.058773 	60.000000 	34.828148 	11.000000 	30.232433 	59.816387 	15.524175 	35.000000 	9.899495 	19.924858 	25.495098 	34.669872 	32.756680 	14.142136 	33.615471 	26.925823 	19.104973 	14.317822 	18.027756 	96.798759 	17.088007 	90.972527 	20.223749 	18.867962 	49.648766 	19.416489 	19.723083 	20.615528 	21.189621 	45.617977 	32.388271 	68.622154 	76.419891 	24.083189 	72.470680 	48.332184 	28.231188 	33.241539 	55.946404 	
11.661903 	106.404884 	80.622574 	99.005051 	48.826221 	999.000000 	82.800964 	11.313708 	83.600243 	43.462627 	79.056938 	11.401754 	38.275318 	83.815269 	51.478149 	68.095520 	74.094536 	83.486526 	81.541397 	44.271889 	82.377182 	75.292763 	66.189125 	48.383881 	42.201897 	143.282944 	47.539455 	42.190044 	43.737854 	51.419842 	17.691807 	58.523499 	51.195702 	48.836460 	47.675991 	94.154129 	79.202271 	23.086792 	124.963997 	56.885849 	121.210564 	25.612497 	68.154236 	76.843994 	104.316826 	
72.111023 	31.144823 	10.000000 	21.213203 	34.058773 	82.800964 	999.000000 	94.021271 	1.000000 	42.011902 	5.099020 	93.861603 	47.634022 	2.236068 	34.669872 	17.464249 	11.401754 	4.242640 	5.385165 	43.266617 	5.830952 	12.041595 	21.189621 	40.311287 	47.169907 	64.884514 	42.941822 	124.851913 	47.885281 	41.231056 	82.975899 	34.481880 	42.154476 	44.777225 	46.097721 	15.132746 	18.027756 	102.532921 	42.426407 	41.231056 	38.418747 	80.448738 	33.000000 	26.925823 	25.019993 	
22.803509 	117.686020 	91.934761 	110.317726 	60.000000 	11.313708 	94.021271 	999.000000 	94.810333 	54.120235 	90.210861 	1.414214 	48.754486 	95.000000 	62.177166 	79.075912 	85.146935 	94.625580 	92.655273 	54.625999 	93.477272 	86.284416 	77.025970 	58.694122 	52.201534 	154.563904 	57.584721 	31.304953 	53.450912 	61.351448 	20.615528 	68.709534 	61.032780 	58.523499 	57.280014 	105.152267 	89.894379 	14.035668 	136.235092 	66.483078 	132.438660 	29.120440 	78.108902 	87.091904 	115.247559 	
72.945183 	31.064449 	10.816654 	21.095022 	34.828148 	83.600243 	1.000000 	94.810333 	999.000000 	42.638012 	5.385165 	94.641426 	48.270073 	1.414214 	35.227829 	17.888544 	11.704700 	3.605551 	5.099020 	43.829212 	5.385165 	12.165525 	21.540659 	40.816662 	47.707443 	64.474800 	43.416588 	125.670204 	48.373547 	41.629318 	83.630135 	34.785053 	42.544094 	45.188496 	46.518814 	14.142136 	17.720045 	103.247276 	41.725292 	41.484936 	37.643059 	81.024689 	33.015148 	26.683329 	24.020824 	
34.713108 	70.263786 	42.953465 	61.294373 	11.000000 	43.462627 	42.011902 	54.120235 	42.638012 	999.000000 	37.536648 	53.712196 	5.656854 	42.520584 	8.062258 	25.495098 	31.827662 	41.725292 	39.597980 	3.605551 	40.311287 	32.649654 	23.021729 	6.324555 	7.071068 	106.174385 	7.810250 	85.422478 	9.486833 	11.180340 	41.036568 	16.000000 	11.661903 	11.313708 	11.401754 	51.400391 	35.777088 	61.073727 	84.291161 	17.464249 	79.906197 	38.587563 	26.000000 	33.734257 	61.294373 	
68.600288 	36.221542 	13.038404 	26.305893 	30.232433 	79.056938 	5.099020 	90.210861 	5.385165 	37.536648 	999.000000 	90.000000 	43.185646 	5.000000 	30.000000 	12.529964 	6.324555 	4.472136 	3.000000 	38.600517 	4.000000 	7.000000 	16.155495 	35.510563 	42.438190 	69.856995 	38.078865 	121.202309 	43.046486 	36.249138 	78.568443 	29.410883 	37.161808 	39.812057 	41.146080 	16.278820 	13.892444 	98.351410 	46.754681 	36.138622 	42.449970 	75.802376 	28.017851 	22.472204 	26.683329 	
23.021729 	117.796432 	91.923882 	110.344917 	59.816387 	11.401754 	93.861603 	1.414214 	94.641426 	53.712196 	90.000000 	999.000000 	48.301140 	94.810333 	61.773781 	78.771820 	84.876381 	94.403389 	92.417534 	54.129475 	93.230896 	85.982559 	76.661591 	58.180752 	51.623638 	154.673843 	57.008770 	31.780497 	52.810986 	60.745369 	19.416489 	68.154236 	60.406952 	57.870544 	56.612720 	104.847511 	89.470665 	13.000000 	136.124939 	65.802734 	132.279999 	27.892651 	77.491936 	86.539009 	114.908661 	
30.149628 	75.584389 	48.301140 	66.730804 	15.524175 	38.275318 	47.634022 	48.754486 	48.270073 	5.656854 	43.185646 	48.301140 	999.000000 	48.166378 	13.601471 	31.144823 	37.483330 	47.381432 	45.254833 	6.082763 	45.967381 	38.288380 	28.600698 	10.198039 	5.830952 	111.646767 	10.049875 	80.056229 	8.602325 	14.035668 	35.383614 	20.396078 	14.142136 	12.649111 	12.083046 	57.008770 	41.182522 	55.443665 	89.938866 	20.223749 	85.562843 	33.120991 	30.265491 	38.600517 	66.850578 	
73.246162 	32.015621 	12.206555 	22.022715 	35.000000 	83.815269 	2.236068 	95.000000 	1.414214 	42.520584 	5.000000 	94.810333 	48.166378 	999.000000 	35.000000 	17.492855 	11.180340 	2.236068 	4.000000 	43.600460 	4.123106 	11.401754 	21.023796 	40.496914 	47.434166 	65.000000 	43.046486 	125.924583 	48.020828 	41.146080 	83.546394 	34.176014 	42.047592 	44.721359 	46.065170 	13.038404 	16.492422 	103.276329 	41.773197 	40.804413 	37.536648 	80.802231 	32.062439 	25.495098 	23.086792 	
42.449970 	63.906181 	36.687874 	54.625999 	9.899495 	51.478149 	34.669872 	62.177166 	35.227829 	8.062258 	30.000000 	61.773781 	13.601471 	35.000000 	999.000000 	17.691807 	24.083189 	34.058773 	31.890438 	8.602325 	32.557640 	24.758837 	15.000000 	6.082763 	12.529964 	99.297531 	9.055386 	93.477272 	13.601471 	9.486833 	48.795490 	9.848858 	10.440307 	12.041595 	13.000000 	43.416588 	27.730848 	69.028976 	76.694199 	14.212670 	72.180328 	45.803928 	19.416489 	26.172504 	53.254108 	
58.180752 	48.052055 	22.022715 	38.327538 	19.924858 	68.095520 	17.464249 	79.075912 	17.888544 	25.495098 	12.529964 	78.771820 	31.144823 	17.492855 	17.691807 	999.000000 	6.403124 	16.401220 	14.212670 	26.248810 	14.866069 	7.211102 	4.000000 	23.021729 	30.000000 	82.346825 	25.553865 	110.276924 	30.528675 	23.769728 	66.468040 	17.262676 	24.698177 	27.313000 	28.635643 	26.076809 	13.038404 	86.556343 	59.033890 	24.186773 	54.488529 	63.411354 	18.384777 	17.204651 	36.235340 	
63.953106 	42.426407 	17.720045 	32.557640 	25.495098 	74.094536 	11.401754 	85.146935 	11.704700 	31.827662 	6.324555 	84.876381 	37.483330 	11.180340 	24.083189 	6.403124 	999.000000 	10.000000 	7.810250 	32.649654 	8.485281 	2.236068 	9.848858 	29.410883 	36.400551 	76.157730 	31.906113 	116.284134 	36.891735 	29.966648 	72.835434 	23.086792 	30.870699 	33.541019 	34.885529 	20.124611 	10.816654 	92.849342 	52.630791 	29.832869 	48.104053 	69.814041 	22.203604 	18.027756 	30.463093 	
73.061615 	34.000000 	14.212670 	24.000000 	34.669872 	83.486526 	4.242640 	94.625580 	3.605551 	41.725292 	4.472136 	94.403389 	47.381432 	2.236068 	34.058773 	16.401220 	10.000000 	999.000000 	2.236068 	42.638012 	2.000000 	9.848858 	19.723083 	39.408119 	46.400433 	66.483078 	41.880783 	125.642349 	46.872166 	39.824615 	82.758682 	32.695564 	40.706264 	43.416588 	44.777225 	12.041595 	14.317822 	102.649887 	42.638012 	39.217342 	38.183765 	79.812279 	30.149628 	23.345236 	22.360680 	
71.196907 	36.013885 	14.866069 	26.019224 	32.756680 	81.541397 	5.385165 	92.655273 	5.099020 	39.597980 	3.000000 	92.417534 	45.254833 	4.000000 	31.890438 	14.212670 	7.810250 	2.236068 	999.000000 	40.459858 	1.000000 	7.615773 	17.492855 	37.202152 	44.204071 	68.709534 	39.661064 	123.713379 	44.654228 	37.589893 	80.622574 	30.463093 	38.470768 	41.182522 	42.544094 	13.341664 	12.649111 	100.568382 	44.821869 	37.000000 	40.311287 	77.620872 	28.071337 	21.587032 	23.769728 	
36.221542 	72.235725 	44.944408 	63.071388 	14.142136 	44.271889 	43.266617 	54.625999 	43.829212 	3.605551 	38.600517 	54.129475 	6.082763 	43.600460 	8.602325 	26.248810 	32.649654 	42.638012 	40.459858 	999.000000 	41.109608 	33.241539 	23.345236 	4.123106 	4.123106 	107.823929 	4.472136 	85.906929 	6.082763 	8.246211 	40.360870 	14.317822 	8.544003 	7.810250 	7.810250 	51.739735 	35.510563 	60.802959 	85.276024 	14.560220 	80.721741 	37.202152 	24.186773 	32.572994 	61.400326 	
72.069412 	36.000000 	15.556349 	26.000000 	33.615471 	82.377182 	5.830952 	93.477272 	5.385165 	40.311287 	4.000000 	93.230896 	45.967381 	4.123106 	32.557640 	14.866069 	8.485281 	2.000000 	1.000000 	41.109608 	999.000000 	8.062258 	18.027756 	37.802116 	44.821869 	68.352028 	40.224369 	124.555206 	45.221676 	38.078865 	81.320351 	30.870699 	38.948685 	41.677334 	43.046486 	12.369317 	12.369317 	101.316338 	44.204071 	37.336308 	39.623226 	78.243210 	28.160255 	21.377558 	22.803509 	
65.306969 	43.185646 	19.313208 	33.241539 	26.925823 	75.292763 	12.041595 	86.284416 	12.165525 	32.649654 	7.000000 	85.982559 	38.288380 	11.401754 	24.758837 	7.211102 	2.236068 	9.848858 	7.615773 	33.241539 	8.062258 	999.000000 	10.000000 	29.832869 	36.878178 	76.321686 	32.202484 	117.477661 	37.202152 	30.016663 	73.552704 	22.847319 	30.886890 	33.615471 	34.985710 	18.867962 	8.602325 	93.723000 	52.201534 	29.410883 	47.507893 	70.292244 	21.023796 	16.124516 	29.068884 	
56.648037 	51.971146 	26.019224 	42.201897 	19.104973 	66.189125 	21.189621 	77.025970 	21.540659 	23.021729 	16.155495 	76.661591 	28.600698 	21.023796 	15.000000 	4.000000 	9.848858 	19.723083 	17.492855 	23.345236 	18.027756 	10.000000 	999.000000 	19.849434 	26.907248 	86.005814 	22.203604 	108.300507 	27.202942 	20.124611 	63.702435 	13.341664 	21.023796 	23.706539 	25.059929 	28.425341 	13.341664 	84.023804 	62.201286 	20.223749 	57.489128 	60.307545 	14.764823 	15.231546 	38.275318 	
40.311287 	69.892776 	42.720020 	60.539242 	14.317822 	48.383881 	40.311287 	58.694122 	40.816662 	6.324555 	35.510563 	58.180752 	10.198039 	40.496914 	6.082763 	23.021729 	29.410883 	39.408119 	37.202152 	4.123106 	37.802116 	29.832869 	19.849434 	999.000000 	7.071068 	105.095192 	3.000000 	89.961105 	7.615773 	5.000000 	44.045429 	10.198039 	5.656854 	6.324555 	7.071068 	48.104053 	31.622776 	64.637451 	82.006096 	11.180340 	77.336922 	40.459858 	20.099751 	28.460499 	57.628117 	
35.000000 	76.321686 	49.040798 	67.119293 	18.027756 	42.201897 	47.169907 	52.201534 	47.707443 	7.071068 	42.438190 	51.623638 	5.830952 	47.434166 	12.529964 	30.000000 	36.400551 	46.400433 	44.204071 	4.123106 	44.821869 	36.878178 	26.907248 	7.071068 	999.000000 	111.825760 	5.385165 	83.384651 	2.828427 	9.219544 	37.013512 	16.552946 	9.055386 	7.071068 	6.324555 	55.172459 	38.600517 	57.688820 	89.022469 	15.000000 	84.386017 	33.421551 	25.961510 	34.928497 	64.660652 	
131.795303 	36.878178 	63.513779 	44.944408 	96.798759 	143.282944 	64.884514 	154.563904 	64.474800 	106.174385 	69.856995 	154.673843 	111.646767 	65.000000 	99.297531 	82.346825 	76.157730 	66.483078 	68.709534 	107.823929 	68.352028 	76.321686 	86.005814 	105.095192 	111.825760 	999.000000 	107.786827 	183.853195 	112.698715 	106.103722 	146.441116 	99.161484 	107.018692 	109.658562 	110.981979 	62.169125 	78.847954 	164.805954 	29.154760 	105.688217 	35.128338 	144.754959 	95.880135 	87.321243 	58.034473 	
40.049969 	72.732384 	45.607018 	63.324562 	17.088007 	47.539455 	42.941822 	57.584721 	43.416588 	7.810250 	38.078865 	57.008770 	10.049875 	43.046486 	9.055386 	25.553865 	31.906113 	41.880783 	39.661064 	4.472136 	40.224369 	32.202484 	22.203604 	3.000000 	5.385165 	107.786827 	999.000000 	88.769363 	5.000000 	4.000000 	42.201897 	11.180340 	4.123106 	3.605551 	4.123106 	50.209560 	33.421551 	62.968246 	84.403793 	10.198039 	79.649231 	38.209946 	20.615528 	29.546574 	59.548298 	
52.801514 	147.085007 	122.147453 	140.264038 	90.972527 	42.190044 	124.851913 	31.304953 	125.670204 	85.422478 	121.202309 	31.780497 	80.056229 	125.924583 	93.477272 	110.276924 	116.284134 	125.642349 	123.713379 	85.906929 	124.555206 	117.477661 	108.300507 	89.961105 	83.384651 	183.853195 	88.769363 	999.000000 	84.504440 	92.477028 	48.836460 	99.924973 	92.114059 	89.537704 	88.255310 	136.341476 	121.198181 	29.000000 	166.817261 	97.406364 	163.217651 	56.320511 	109.201645 	118.308914 	146.485489 	
37.054016 	77.491936 	50.289165 	68.154236 	20.223749 	43.737854 	47.885281 	53.450912 	48.373547 	9.486833 	43.046486 	52.810986 	8.602325 	48.020828 	13.601471 	30.528675 	36.891735 	46.872166 	44.654228 	6.082763 	45.221676 	37.202152 	27.202942 	7.615773 	2.828427 	112.698715 	5.000000 	84.504440 	999.000000 	8.062258 	37.443291 	15.811388 	7.615773 	5.099020 	4.000000 	55.172459 	38.288380 	58.309521 	89.403580 	13.152946 	84.646324 	33.241539 	24.698177 	34.000000 	64.443771 	
44.045429 	71.568146 	44.721359 	61.983868 	18.867962 	51.419842 	41.231056 	61.351448 	41.629318 	11.180340 	36.249138 	60.745369 	14.035668 	41.146080 	9.486833 	23.769728 	29.966648 	39.824615 	37.589893 	8.246211 	38.078865 	30.016663 	20.124611 	5.000000 	9.219544 	106.103722 	4.000000 	92.477028 	8.062258 	999.000000 	45.486263 	7.810250 	1.000000 	3.605551 	5.000000 	47.507893 	30.413813 	66.370171 	82.097504 	6.324555 	77.201035 	41.036568 	16.763054 	25.942244 	56.586216 	
23.769728 	109.931801 	82.927681 	101.513542 	49.648766 	17.691807 	82.975899 	20.615528 	83.630135 	41.036568 	78.568443 	19.416489 	35.383614 	83.546394 	48.795490 	66.468040 	72.835434 	82.758682 	80.622574 	40.360870 	81.320351 	73.552704 	63.702435 	44.045429 	37.013512 	146.441116 	42.201897 	48.836460 	37.443291 	45.486263 	999.000000 	53.254108 	44.944408 	42.190044 	40.816662 	92.097771 	75.604233 	21.023796 	125.319588 	49.648766 	120.933868 	8.544003 	61.773781 	71.344238 	101.671036 	
50.487621 	65.306969 	39.051247 	55.542778 	19.416489 	58.523499 	34.481880 	68.709534 	34.785053 	16.000000 	29.410883 	68.154236 	20.396078 	34.176014 	9.848858 	17.262676 	23.086792 	32.695564 	30.463093 	14.317822 	30.870699 	22.847319 	13.341664 	10.198039 	16.552946 	99.161484 	11.180340 	99.924973 	15.811388 	7.810250 	53.254108 	999.000000 	8.485281 	11.313708 	12.727922 	39.824615 	22.627417 	74.094536 	74.625732 	7.000000 	69.634758 	48.836460 	10.000000 	18.384777 	48.795490 	
44.011364 	72.532753 	45.705578 	62.936478 	19.723083 	51.195702 	42.154476 	61.032780 	42.544094 	11.661903 	37.161808 	60.406952 	14.142136 	42.047592 	10.440307 	24.698177 	30.870699 	40.706264 	38.470768 	8.544003 	38.948685 	30.886890 	21.023796 	5.656854 	9.055386 	107.018692 	4.123106 	92.114059 	7.615773 	1.000000 	44.944408 	8.485281 	999.000000 	2.828427 	4.242640 	48.270073 	31.112698 	65.863495 	82.927681 	6.082763 	78.006409 	40.360870 	17.088007 	26.419689 	57.280014 	
42.011902 	75.000000 	48.052055 	65.459915 	20.615528 	48.836460 	44.777225 	58.523499 	45.188496 	11.313708 	39.812057 	57.870544 	12.649111 	44.721359 	12.041595 	27.313000 	33.541019 	43.416588 	41.182522 	7.810250 	41.677334 	33.615471 	23.706539 	6.324555 	7.071068 	109.658562 	3.605551 	89.537704 	5.099020 	3.605551 	42.190044 	11.313708 	2.828427 	999.000000 	1.414214 	51.088158 	33.941124 	63.134777 	85.702972 	8.062258 	80.802231 	37.536648 	19.697716 	29.154760 	60.108234 	
41.048752 	76.243034 	49.244289 	66.730804 	21.189621 	47.675991 	46.097721 	57.280014 	46.518814 	11.401754 	41.146080 	56.612720 	12.083046 	46.065170 	13.000000 	28.635643 	34.885529 	44.777225 	42.544094 	7.810250 	43.046486 	34.985710 	25.059929 	7.071068 	6.324555 	110.981979 	4.123106 	88.255310 	4.000000 	5.000000 	40.816662 	12.727922 	4.242640 	1.414214 	999.000000 	52.497620 	35.355339 	61.773781 	87.091904 	9.219544 	82.200974 	36.124783 	21.023796 	30.528675 	61.522354 	
84.077347 	35.114101 	24.351591 	25.942244 	45.617977 	94.154129 	15.132746 	105.152267 	14.142136 	51.400391 	16.278820 	104.847511 	57.008770 	13.038404 	43.416588 	26.076809 	20.124611 	12.041595 	13.341664 	51.739735 	12.369317 	18.867962 	28.425341 	48.104053 	55.172459 	62.169125 	50.209560 	136.341476 	55.172459 	47.507893 	92.097771 	39.824615 	48.270073 	51.088158 	52.497620 	999.000000 	17.492855 	112.445541 	35.341194 	45.486263 	30.016663 	88.413803 	34.438351 	25.298222 	10.440307 	
69.892776 	48.093658 	26.925823 	38.118237 	32.388271 	79.202271 	18.027756 	89.894379 	17.720045 	35.777088 	13.892444 	89.470665 	41.182522 	16.492422 	27.730848 	13.038404 	10.816654 	14.317822 	12.649111 	35.510563 	12.369317 	8.602325 	13.341664 	31.622776 	38.600517 	78.847954 	33.421551 	121.198181 	38.288380 	30.413813 	75.604233 	22.627417 	31.112698 	33.941124 	35.355339 	17.492855 	999.000000 	96.260063 	52.773098 	28.017851 	47.507893 	71.449280 	17.088007 	9.055386 	26.172504 	
34.539833 	128.003906 	101.533249 	120.104118 	68.622154 	23.086792 	102.532921 	14.035668 	103.247276 	61.073727 	98.351410 	13.000000 	55.443665 	103.276329 	69.028976 	86.556343 	92.849342 	102.649887 	100.568382 	60.802959 	101.316338 	93.723000 	84.023804 	64.637451 	57.688820 	164.805954 	62.968246 	29.000000 	58.309521 	66.370171 	21.023796 	74.094536 	65.863495 	63.134777 	61.773781 	112.445541 	96.260063 	999.000000 	144.958618 	70.661163 	140.801285 	27.658634 	82.764725 	92.282173 	122.200653 	
114.017540 	27.018513 	44.944408 	28.460499 	76.419891 	124.963997 	42.426407 	136.235092 	41.725292 	84.291161 	46.754681 	136.124939 	89.938866 	41.773197 	76.694199 	59.033890 	52.630791 	42.638012 	44.821869 	85.276024 	44.204071 	52.201534 	62.201286 	82.006096 	89.022469 	29.154760 	84.403793 	166.817261 	89.403580 	82.097504 	125.319588 	74.625732 	82.927681 	85.702972 	87.091904 	35.341194 	52.773098 	144.958618 	999.000000 	80.622574 	6.000000 	122.441826 	69.778221 	60.539242 	29.427877 	
50.000000 	72.180328 	46.043457 	62.369865 	24.083189 	56.885849 	41.231056 	66.483078 	41.484936 	17.464249 	36.138622 	65.802734 	20.223749 	40.804413 	14.212670 	24.186773 	29.832869 	39.217342 	37.000000 	14.560220 	37.336308 	29.410883 	20.223749 	11.180340 	15.000000 	105.688217 	10.198039 	97.406364 	13.152946 	6.324555 	49.648766 	7.000000 	6.082763 	8.062258 	9.219544 	45.486263 	28.017851 	70.661163 	80.622574 	999.000000 	75.471848 	44.407207 	12.206555 	22.022715 	53.907330 	
110.435501 	27.892651 	42.047592 	27.166155 	72.470680 	121.210564 	38.418747 	132.438660 	37.643059 	79.906197 	42.449970 	132.279999 	85.562843 	37.536648 	72.180328 	54.488529 	48.104053 	38.183765 	40.311287 	80.721741 	39.623226 	47.507893 	57.489128 	77.336922 	84.386017 	35.128338 	79.649231 	163.217651 	84.646324 	77.201035 	120.933868 	69.634758 	78.006409 	80.802231 	82.200974 	30.016663 	47.507893 	140.801285 	6.000000 	75.471848 	999.000000 	117.796432 	64.412735 	55.036350 	23.537205 	
29.529646 	108.673820 	81.412529 	99.849884 	48.332184 	25.612497 	80.448738 	29.120440 	81.024689 	38.587563 	75.802376 	27.892651 	33.120991 	80.802231 	45.803928 	63.411354 	69.814041 	79.812279 	77.620872 	37.202152 	78.243210 	70.292244 	60.307545 	40.459858 	33.421551 	144.754959 	38.209946 	56.320511 	33.241539 	41.036568 	8.544003 	48.836460 	40.360870 	37.536648 	36.124783 	88.413803 	71.449280 	27.658634 	122.441826 	44.407207 	117.796432 	999.000000 	56.612720 	66.400299 	97.621719 	
60.406952 	64.070274 	39.812057 	54.083271 	28.231188 	68.154236 	33.000000 	78.108902 	33.015148 	26.000000 	28.017851 	77.491936 	30.265491 	32.062439 	19.416489 	18.384777 	22.203604 	30.149628 	28.071337 	24.186773 	28.160255 	21.023796 	14.764823 	20.099751 	25.961510 	95.880135 	20.615528 	109.201645 	24.698177 	16.763054 	61.773781 	10.000000 	17.088007 	19.697716 	21.023796 	34.438351 	17.088007 	82.764725 	69.778221 	12.206555 	64.412735 	56.612720 	999.000000 	9.899495 	42.201897 	
68.447060 	57.140179 	35.341194 	47.169907 	33.241539 	76.843994 	26.925823 	87.091904 	26.683329 	33.734257 	22.472204 	86.539009 	38.600517 	25.495098 	26.172504 	17.204651 	18.027756 	23.345236 	21.587032 	32.572994 	21.377558 	16.124516 	15.231546 	28.460499 	34.928497 	87.321243 	29.546574 	118.308914 	34.000000 	25.942244 	71.344238 	18.384777 	26.419689 	29.154760 	30.528675 	25.298222 	9.055386 	92.282173 	60.539242 	22.022715 	55.036350 	66.400299 	9.899495 	999.000000 	32.449963 	
94.371605 	37.202152 	33.376640 	29.732138 	55.946404 	104.316826 	25.019993 	115.247559 	24.020824 	61.294373 	26.683329 	114.908661 	66.850578 	23.086792 	53.254108 	36.235340 	30.463093 	22.360680 	23.769728 	61.400326 	22.803509 	29.068884 	38.275318 	57.628117 	64.660652 	58.034473 	59.548298 	146.485489 	64.443771 	56.586216 	101.671036 	48.795490 	57.280014 	60.108234 	61.522354 	10.440307 	26.172504 	122.200653 	29.427877 	53.907330 	23.537205 	97.621719 	42.201897 	32.449963 	999.000000 	

Travel time:
9.000000 	2.373025 	1.735655 	2.192316 	0.961769 	0.291548 	1.802776 	0.570088 	1.823630 	0.867828 	1.715007 	0.575543 	0.753741 	1.831154 	1.061249 	1.454519 	1.598828 	1.826540 	1.779923 	0.905539 	1.801735 	1.632674 	1.416201 	1.007782 	0.875000 	3.294883 	1.001249 	1.320038 	0.926350 	1.101136 	0.594243 	1.262191 	1.100284 	1.050297 	1.026219 	2.101934 	1.747319 	0.863496 	2.850439 	1.250000 	2.760888 	0.738241 	1.510174 	1.711177 	2.359290 	
2.373025 	9.000000 	0.682825 	0.250000 	1.510381 	2.660122 	0.778621 	2.942151 	0.776611 	1.756595 	0.905539 	2.944911 	1.889610 	0.800391 	1.597655 	1.201301 	1.060660 	0.850000 	0.900347 	1.805893 	0.900000 	1.079641 	1.299279 	1.747319 	1.908042 	0.921954 	1.818310 	3.677125 	1.937298 	1.789204 	2.748295 	1.632674 	1.813319 	1.875000 	1.906076 	0.877853 	1.202341 	3.200098 	0.675463 	1.804508 	0.697316 	2.716846 	1.601757 	1.428504 	0.930054 	
1.735655 	0.682825 	9.000000 	0.465027 	0.832166 	2.015564 	0.250000 	2.298369 	0.270416 	1.073837 	0.325960 	2.298097 	1.207528 	0.305164 	0.917197 	0.550568 	0.443001 	0.355317 	0.371652 	1.123610 	0.388909 	0.482830 	0.650481 	1.068001 	1.226020 	1.587844 	1.140175 	3.053686 	1.257229 	1.118034 	2.073192 	0.976281 	1.142639 	1.201301 	1.231107 	0.608790 	0.673146 	2.538331 	1.123610 	1.151086 	1.051190 	2.035313 	0.995301 	0.883530 	0.834416 	
2.192316 	0.250000 	0.465027 	9.000000 	1.296630 	2.475126 	0.530330 	2.757943 	0.527376 	1.532359 	0.657647 	2.758623 	1.668270 	0.550568 	1.365650 	0.958188 	0.813941 	0.600000 	0.650481 	1.576785 	0.650000 	0.831038 	1.055047 	1.513481 	1.677982 	1.123610 	1.583114 	3.506601 	1.703856 	1.549597 	2.537838 	1.388569 	1.573412 	1.636498 	1.668270 	0.648556 	0.952956 	3.002603 	0.711512 	1.559247 	0.679154 	2.496247 	1.352082 	1.179248 	0.743303 	
0.961769 	1.510381 	0.832166 	1.296630 	9.000000 	1.220656 	0.851469 	1.500000 	0.870704 	0.275000 	0.755811 	1.495410 	0.388104 	0.875000 	0.247487 	0.498121 	0.637377 	0.866747 	0.818917 	0.353553 	0.840387 	0.673146 	0.477624 	0.357946 	0.450694 	2.419969 	0.427200 	2.274313 	0.505594 	0.471699 	1.241219 	0.485412 	0.493077 	0.515388 	0.529741 	1.140449 	0.809707 	1.715554 	1.910497 	0.602080 	1.811767 	1.208305 	0.705780 	0.831038 	1.398660 	
0.291548 	2.660122 	2.015564 	2.475126 	1.220656 	9.000000 	2.070024 	0.282843 	2.090006 	1.086566 	1.976424 	0.285044 	0.956883 	2.095382 	1.286954 	1.702388 	1.852363 	2.087163 	2.038535 	1.106797 	2.059430 	1.882319 	1.654728 	1.209597 	1.055047 	3.582074 	1.188486 	1.054751 	1.093446 	1.285496 	0.442295 	1.463087 	1.279893 	1.220912 	1.191900 	2.353853 	1.980057 	0.577170 	3.124100 	1.422146 	3.030264 	0.640312 	1.703856 	1.921100 	2.607921 	
1.802776 	0.778621 	0.250000 	0.530330 	0.851469 	2.070024 	9.000000 	2.350532 	0.025000 	1.050297 	0.127475 	2.346540 	1.190850 	0.055902 	0.866747 	0.436606 	0.285044 	0.106066 	0.134629 	1.081665 	0.145774 	0.301040 	0.529741 	1.007782 	1.179248 	1.622113 	1.073546 	3.121298 	1.197132 	1.030776 	2.074398 	0.862047 	1.053862 	1.119431 	1.152443 	0.378319 	0.450694 	2.563323 	1.060660 	1.030776 	0.960469 	2.011219 	0.825000 	0.673146 	0.625500 	
0.570088 	2.942151 	2.298369 	2.757943 	1.500000 	0.282843 	2.350532 	9.000000 	2.370258 	1.353006 	2.255271 	0.035355 	1.218862 	2.375000 	1.554429 	1.976898 	2.128673 	2.365639 	2.316382 	1.365650 	2.336932 	2.157110 	1.925649 	1.467353 	1.305038 	3.864098 	1.439618 	0.782624 	1.336273 	1.533786 	0.515388 	1.717738 	1.525820 	1.463087 	1.432000 	2.628807 	2.247360 	0.350892 	3.405877 	1.662077 	3.310966 	0.728011 	1.952723 	2.177298 	2.881189 	
1.823630 	0.776611 	0.270416 	0.527376 	0.870704 	2.090006 	0.025000 	2.370258 	9.000000 	1.065950 	0.134629 	2.366036 	1.206752 	0.035355 	0.880696 	0.447214 	0.292617 	0.090139 	0.127475 	1.095730 	0.134629 	0.304138 	0.538516 	1.020416 	1.192686 	1.611870 	1.085415 	3.141755 	1.209339 	1.040733 	2.090753 	0.869626 	1.063602 	1.129712 	1.162970 	0.353553 	0.443001 	2.581182 	1.043132 	1.037123 	0.941076 	2.025617 	0.825379 	0.667083 	0.600521 	
0.867828 	1.756595 	1.073837 	1.532359 	0.275000 	1.086566 	1.050297 	1.353006 	1.065950 	9.000000 	0.938416 	1.342805 	0.141421 	1.063015 	0.201556 	0.637377 	0.795692 	1.043132 	0.989950 	0.090139 	1.007782 	0.816241 	0.575543 	0.158114 	0.176777 	2.654360 	0.195256 	2.135562 	0.237171 	0.279509 	1.025914 	0.400000 	0.291548 	0.282843 	0.285044 	1.285010 	0.894427 	1.526843 	2.107279 	0.436606 	1.997655 	0.964689 	0.650000 	0.843356 	1.532359 	
1.715007 	0.905539 	0.325960 	0.657647 	0.755811 	1.976424 	0.127475 	2.255271 	0.134629 	0.938416 	9.000000 	2.250000 	1.079641 	0.125000 	0.750000 	0.313249 	0.158114 	0.111803 	0.075000 	0.965013 	0.100000 	0.175000 	0.403887 	0.887764 	1.060955 	1.746425 	0.951972 	3.030058 	1.076162 	0.906228 	1.964211 	0.735272 	0.929045 	0.995301 	1.028652 	0.406971 	0.347311 	2.458785 	1.168867 	0.903466 	1.061249 	1.895059 	0.700446 	0.561805 	0.667083 	
0.575543 	2.944911 	2.298097 	2.758623 	1.495410 	0.285044 	2.346540 	0.035355 	2.366036 	1.342805 	2.250000 	9.000000 	1.207528 	2.370258 	1.544345 	1.969296 	2.121910 	2.360085 	2.310438 	1.353237 	2.330772 	2.149564 	1.916540 	1.454519 	1.290591 	3.866846 	1.425219 	0.794512 	1.320275 	1.518634 	0.485412 	1.703856 	1.510174 	1.446764 	1.415318 	2.621188 	2.236767 	0.325000 	3.403123 	1.645068 	3.307000 	0.697316 	1.937298 	2.163475 	2.872716 	
0.753741 	1.889610 	1.207528 	1.668270 	0.388104 	0.956883 	1.190850 	1.218862 	1.206752 	0.141421 	1.079641 	1.207528 	9.000000 	1.204159 	0.340037 	0.778621 	0.937083 	1.184536 	1.131371 	0.152069 	1.149184 	0.957209 	0.715017 	0.254951 	0.145774 	2.791169 	0.251247 	2.001406 	0.215058 	0.350892 	0.884590 	0.509902 	0.353553 	0.316228 	0.302076 	1.425219 	1.029563 	1.386092 	2.248472 	0.505594 	2.139071 	0.828025 	0.756637 	0.965013 	1.671264 	
1.831154 	0.800391 	0.305164 	0.550568 	0.875000 	2.095382 	0.055902 	2.375000 	0.035355 	1.063015 	0.125000 	2.370258 	1.204159 	9.000000 	0.875000 	0.437321 	0.279509 	0.055902 	0.100000 	1.090011 	0.103078 	0.285044 	0.525595 	1.012423 	1.185854 	1.625000 	1.076162 	3.148115 	1.200521 	1.028652 	2.088660 	0.854400 	1.051190 	1.118034 	1.151629 	0.325960 	0.412311 	2.581908 	1.044330 	1.020110 	0.938416 	2.020056 	0.801561 	0.637377 	0.577170 	
1.061249 	1.597655 	0.917197 	1.365650 	0.247487 	1.286954 	0.866747 	1.554429 	0.880696 	0.201556 	0.750000 	1.544345 	0.340037 	0.875000 	9.000000 	0.442295 	0.602080 	0.851469 	0.797261 	0.215058 	0.813941 	0.618971 	0.375000 	0.152069 	0.313249 	2.482438 	0.226385 	2.336932 	0.340037 	0.237171 	1.219887 	0.246221 	0.261008 	0.301040 	0.325000 	1.085415 	0.693271 	1.725724 	1.917355 	0.355317 	1.804508 	1.145098 	0.485412 	0.654313 	1.331353 	
1.454519 	1.201301 	0.550568 	0.958188 	0.498121 	1.702388 	0.436606 	1.976898 	0.447214 	0.637377 	0.313249 	1.969296 	0.778621 	0.437321 	0.442295 	9.000000 	0.160078 	0.410031 	0.355317 	0.656220 	0.371652 	0.180278 	0.100000 	0.575543 	0.750000 	2.058671 	0.638847 	2.756923 	0.763217 	0.594243 	1.661701 	0.431567 	0.617454 	0.682825 	0.715891 	0.651920 	0.325960 	2.163908 	1.475847 	0.604669 	1.362213 	1.585284 	0.459619 	0.430116 	0.905883 	
1.598828 	1.060660 	0.443001 	0.813941 	0.637377 	1.852363 	0.285044 	2.128673 	0.292617 	0.795692 	0.158114 	2.121910 	0.937083 	0.279509 	0.602080 	0.160078 	9.000000 	0.250000 	0.195256 	0.816241 	0.212132 	0.055902 	0.246221 	0.735272 	0.910014 	1.903943 	0.797653 	2.907103 	0.922293 	0.749166 	1.820886 	0.577170 	0.771767 	0.838525 	0.872138 	0.503115 	0.270416 	2.321234 	1.315770 	0.745822 	1.202601 	1.745351 	0.555090 	0.450694 	0.761577 	
1.826540 	0.850000 	0.355317 	0.600000 	0.866747 	2.087163 	0.106066 	2.365639 	0.090139 	1.043132 	0.111803 	2.360085 	1.184536 	0.055902 	0.851469 	0.410031 	0.250000 	9.000000 	0.055902 	1.065950 	0.050000 	0.246221 	0.493077 	0.985203 	1.160011 	1.662077 	1.047020 	3.141059 	1.171804 	0.995615 	2.068967 	0.817389 	1.017657 	1.085415 	1.119431 	0.301040 	0.357946 	2.566247 	1.065950 	0.980434 	0.954594 	1.995307 	0.753741 	0.583631 	0.559017 	
1.779923 	0.900347 	0.371652 	0.650481 	0.818917 	2.038535 	0.134629 	2.316382 	0.127475 	0.989950 	0.075000 	2.310438 	1.131371 	0.100000 	0.797261 	0.355317 	0.195256 	0.055902 	9.000000 	1.011496 	0.025000 	0.190394 	0.437321 	0.930054 	1.105102 	1.717738 	0.991527 	3.092834 	1.116356 	0.939747 	2.015564 	0.761577 	0.961769 	1.029563 	1.063602 	0.333542 	0.316228 	2.514210 	1.120547 	0.925000 	1.007782 	1.940522 	0.701783 	0.539676 	0.594243 	
0.905539 	1.805893 	1.123610 	1.576785 	0.353553 	1.106797 	1.081665 	1.365650 	1.095730 	0.090139 	0.965013 	1.353237 	0.152069 	1.090011 	0.215058 	0.656220 	0.816241 	1.065950 	1.011496 	9.000000 	1.027740 	0.831038 	0.583631 	0.103078 	0.103078 	2.695598 	0.111803 	2.147673 	0.152069 	0.206155 	1.009022 	0.357946 	0.213600 	0.195256 	0.195256 	1.293493 	0.887764 	1.520074 	2.131901 	0.364006 	2.018044 	0.930054 	0.604669 	0.814325 	1.535008 	
1.801735 	0.900000 	0.388909 	0.650000 	0.840387 	2.059430 	0.145774 	2.336932 	0.134629 	1.007782 	0.100000 	2.330772 	1.149184 	0.103078 	0.813941 	0.371652 	0.212132 	0.050000 	0.025000 	1.027740 	9.000000 	0.201556 	0.450694 	0.945053 	1.120547 	1.708801 	1.005609 	3.113880 	1.130542 	0.951972 	2.033009 	0.771767 	0.973717 	1.041933 	1.076162 	0.309233 	0.309233 	2.532908 	1.105102 	0.933408 	0.990581 	1.956080 	0.704006 	0.534439 	0.570088 	
1.632674 	1.079641 	0.482830 	0.831038 	0.673146 	1.882319 	0.301040 	2.157110 	0.304138 	0.816241 	0.175000 	2.149564 	0.957209 	0.285044 	0.618971 	0.180278 	0.055902 	0.246221 	0.190394 	0.831038 	0.201556 	9.000000 	0.250000 	0.745822 	0.921954 	1.908042 	0.805062 	2.936942 	0.930054 	0.750417 	1.838818 	0.571183 	0.772172 	0.840387 	0.874643 	0.471699 	0.215058 	2.343075 	1.305038 	0.735272 	1.187697 	1.757306 	0.525595 	0.403113 	0.726722 	
1.416201 	1.299279 	0.650481 	1.055047 	0.477624 	1.654728 	0.529741 	1.925649 	0.538516 	0.575543 	0.403887 	1.916540 	0.715017 	0.525595 	0.375000 	0.100000 	0.246221 	0.493077 	0.437321 	0.583631 	0.450694 	0.250000 	9.000000 	0.496236 	0.672681 	2.150145 	0.555090 	2.707513 	0.680074 	0.503115 	1.592561 	0.333542 	0.525595 	0.592663 	0.626498 	0.710634 	0.333542 	2.100595 	1.555032 	0.505594 	1.437228 	1.507689 	0.369121 	0.380789 	0.956883 	
1.007782 	1.747319 	1.068001 	1.513481 	0.357946 	1.209597 	1.007782 	1.467353 	1.020416 	0.158114 	0.887764 	1.454519 	0.254951 	1.012423 	0.152069 	0.575543 	0.735272 	0.985203 	0.930054 	0.103078 	0.945053 	0.745822 	0.496236 	9.000000 	0.176777 	2.627380 	0.075000 	2.249028 	0.190394 	0.125000 	1.101136 	0.254951 	0.141421 	0.158114 	0.176777 	1.202601 	0.790569 	1.615936 	2.050152 	0.279509 	1.933423 	1.011496 	0.502494 	0.711512 	1.440703 	
0.875000 	1.908042 	1.226020 	1.677982 	0.450694 	1.055047 	1.179248 	1.305038 	1.192686 	0.176777 	1.060955 	1.290591 	0.145774 	1.185854 	0.313249 	0.750000 	0.910014 	1.160011 	1.105102 	0.103078 	1.120547 	0.921954 	0.672681 	0.176777 	9.000000 	2.795644 	0.134629 	2.084616 	0.070711 	0.230489 	0.925338 	0.413824 	0.226385 	0.176777 	0.158114 	1.379311 	0.965013 	1.442220 	2.225562 	0.375000 	2.109650 	0.835539 	0.649038 	0.873212 	1.616516 	
3.294883 	0.921954 	1.587844 	1.123610 	2.419969 	3.582074 	1.622113 	3.864098 	1.611870 	2.654360 	1.746425 	3.866846 	2.791169 	1.625000 	2.482438 	2.058671 	1.903943 	1.662077 	1.717738 	2.695598 	1.708801 	1.908042 	2.150145 	2.627380 	2.795644 	9.000000 	2.694671 	4.596330 	2.817468 	2.652593 	3.661028 	2.479037 	2.675467 	2.741464 	2.774549 	1.554228 	1.971199 	4.120149 	0.728869 	2.642205 	0.878208 	3.618874 	2.397003 	2.183031 	1.450862 	
1.001249 	1.818310 	1.140175 	1.583114 	0.427200 	1.188486 	1.073546 	1.439618 	1.085415 	0.195256 	0.951972 	1.425219 	0.251247 	1.076162 	0.226385 	0.638847 	0.797653 	1.047020 	0.991527 	0.111803 	1.005609 	0.805062 	0.555090 	0.075000 	0.134629 	2.694671 	9.000000 	2.219234 	0.125000 	0.100000 	1.055047 	0.279509 	0.103078 	0.090139 	0.103078 	1.255239 	0.835539 	1.574206 	2.110095 	0.254951 	1.991231 	0.955249 	0.515388 	0.738664 	1.488707 	
1.320038 	3.677125 	3.053686 	3.506601 	2.274313 	1.054751 	3.121298 	0.782624 	3.141755 	2.135562 	3.030058 	0.794512 	2.001406 	3.148115 	2.336932 	2.756923 	2.907103 	3.141059 	3.092834 	2.147673 	3.113880 	2.936942 	2.707513 	2.249028 	2.084616 	4.596330 	2.219234 	9.000000 	2.112611 	2.311926 	1.220912 	2.498124 	2.302851 	2.238443 	2.206383 	3.408537 	3.029954 	0.725000 	4.170432 	2.435159 	4.080441 	1.408013 	2.730041 	2.957723 	3.662137 	
0.926350 	1.937298 	1.257229 	1.703856 	0.505594 	1.093446 	1.197132 	1.336273 	1.209339 	0.237171 	1.076162 	1.320275 	0.215058 	1.200521 	0.340037 	0.763217 	0.922293 	1.171804 	1.116356 	0.152069 	1.130542 	0.930054 	0.680074 	0.190394 	0.070711 	2.817468 	0.125000 	2.112611 	9.000000 	0.201556 	0.936082 	0.395285 	0.190394 	0.127475 	0.100000 	1.379311 	0.957209 	1.457738 	2.235090 	0.328824 	2.116158 	0.831038 	0.617454 	0.850000 	1.611094 	
1.101136 	1.789204 	1.118034 	1.549597 	0.471699 	1.285496 	1.030776 	1.533786 	1.040733 	0.279509 	0.906228 	1.518634 	0.350892 	1.028652 	0.237171 	0.594243 	0.749166 	0.995615 	0.939747 	0.206155 	0.951972 	0.750417 	0.503115 	0.125000 	0.230489 	2.652593 	0.100000 	2.311926 	0.201556 	9.000000 	1.137157 	0.195256 	0.025000 	0.090139 	0.125000 	1.187697 	0.760345 	1.659254 	2.052438 	0.158114 	1.930026 	1.025914 	0.419076 	0.648556 	1.414655 	
0.594243 	2.748295 	2.073192 	2.537838 	1.241219 	0.442295 	2.074398 	0.515388 	2.090753 	1.025914 	1.964211 	0.485412 	0.884590 	2.088660 	1.219887 	1.661701 	1.820886 	2.068967 	2.015564 	1.009022 	2.033009 	1.838818 	1.592561 	1.101136 	0.925338 	3.661028 	1.055047 	1.220912 	0.936082 	1.137157 	9.000000 	1.331353 	1.123610 	1.054751 	1.020416 	2.302444 	1.890106 	0.525595 	3.132990 	1.241219 	3.023347 	0.213600 	1.544345 	1.783606 	2.541776 	
1.262191 	1.632674 	0.976281 	1.388569 	0.485412 	1.463087 	0.862047 	1.717738 	0.869626 	0.400000 	0.735272 	1.703856 	0.509902 	0.854400 	0.246221 	0.431567 	0.577170 	0.817389 	0.761577 	0.357946 	0.771767 	0.571183 	0.333542 	0.254951 	0.413824 	2.479037 	0.279509 	2.498124 	0.395285 	0.195256 	1.331353 	9.000000 	0.212132 	0.282843 	0.318198 	0.995615 	0.565685 	1.852363 	1.865643 	0.175000 	1.740869 	1.220912 	0.250000 	0.459619 	1.219887 	
1.100284 	1.813319 	1.142639 	1.573412 	0.493077 	1.279893 	1.053862 	1.525820 	1.063602 	0.291548 	0.929045 	1.510174 	0.353553 	1.051190 	0.261008 	0.617454 	0.771767 	1.017657 	0.961769 	0.213600 	0.973717 	0.772172 	0.525595 	0.141421 	0.226385 	2.675467 	0.103078 	2.302851 	0.190394 	0.025000 	1.123610 	0.212132 	9.000000 	0.070711 	0.106066 	1.206752 	0.777817 	1.646587 	2.073192 	0.152069 	1.950160 	1.009022 	0.427200 	0.660492 	1.432000 	
1.050297 	1.875000 	1.201301 	1.636498 	0.515388 	1.220912 	1.119431 	1.463087 	1.129712 	0.282843 	0.995301 	1.446764 	0.316228 	1.118034 	0.301040 	0.682825 	0.838525 	1.085415 	1.029563 	0.195256 	1.041933 	0.840387 	0.592663 	0.158114 	0.176777 	2.741464 	0.090139 	2.238443 	0.127475 	0.090139 	1.054751 	0.282843 	0.070711 	9.000000 	0.035355 	1.277204 	0.848528 	1.578369 	2.142574 	0.201556 	2.020056 	0.938416 	0.492443 	0.728869 	1.502706 	
1.026219 	1.906076 	1.231107 	1.668270 	0.529741 	1.191900 	1.152443 	1.432000 	1.162970 	0.285044 	1.028652 	1.415318 	0.302076 	1.151629 	0.325000 	0.715891 	0.872138 	1.119431 	1.063602 	0.195256 	1.076162 	0.874643 	0.626498 	0.176777 	0.158114 	2.774549 	0.103078 	2.206383 	0.100000 	0.125000 	1.020416 	0.318198 	0.106066 	0.035355 	9.000000 	1.312441 	0.883883 	1.544345 	2.177298 	0.230489 	2.055024 	0.903120 	0.525595 	0.763217 	1.538059 	
2.101934 	0.877853 	0.608790 	0.648556 	1.140449 	2.353853 	0.378319 	2.628807 	0.353553 	1.285010 	0.406971 	2.621188 	1.425219 	0.325960 	1.085415 	0.651920 	0.503115 	0.301040 	0.333542 	1.293493 	0.309233 	0.471699 	0.710634 	1.202601 	1.379311 	1.554228 	1.255239 	3.408537 	1.379311 	1.187697 	2.302444 	0.995615 	1.206752 	1.277204 	1.312441 	9.000000 	0.437321 	2.811139 	0.883530 	1.137157 	0.750417 	2.210345 	0.860959 	0.632456 	0.261008 	
1.747319 	1.202341 	0.673146 	0.952956 	0.809707 	1.980057 	0.450694 	2.247360 	0.443001 	0.894427 	0.347311 	2.236767 	1.029563 	0.412311 	0.693271 	0.325960 	0.270416 	0.357946 	0.316228 	0.887764 	0.309233 	0.215058 	0.333542 	0.790569 	0.965013 	1.971199 	0.835539 	3.029954 	0.957209 	0.760345 	1.890106 	0.565685 	0.777817 	0.848528 	0.883883 	0.437321 	9.000000 	2.406502 	1.319327 	0.700446 	1.187697 	1.786232 	0.427200 	0.226385 	0.654313 	
0.863496 	3.200098 	2.538331 	3.002603 	1.715554 	0.577170 	2.563323 	0.350892 	2.581182 	1.526843 	2.458785 	0.325000 	1.386092 	2.581908 	1.725724 	2.163908 	2.321234 	2.566247 	2.514210 	1.520074 	2.532908 	2.343075 	2.100595 	1.615936 	1.442220 	4.120149 	1.574206 	0.725000 	1.457738 	1.659254 	0.525595 	1.852363 	1.646587 	1.578369 	1.544345 	2.811139 	2.406502 	9.000000 	3.623966 	1.766529 	3.520032 	0.691466 	2.069118 	2.307054 	3.055016 	
2.850439 	0.675463 	1.123610 	0.711512 	1.910497 	3.124100 	1.060660 	3.405877 	1.043132 	2.107279 	1.168867 	3.403123 	2.248472 	1.044330 	1.917355 	1.475847 	1.315770 	1.065950 	1.120547 	2.131901 	1.105102 	1.305038 	1.555032 	2.050152 	2.225562 	0.728869 	2.110095 	4.170432 	2.235090 	2.052438 	3.132990 	1.865643 	2.073192 	2.142574 	2.177298 	0.883530 	1.319327 	3.623966 	9.000000 	2.015564 	0.150000 	3.061046 	1.744456 	1.513481 	0.735697 	
