Total assets = 551
Number of asset nodes = 33

Distance:
999.000000 	26.400757 	16.401220 	96.260063 	34.481880 	14.866069 	85.146935 	77.472572 	27.202942 	10.049875 	4.242640 	3.605551 	4.123106 	106.887794 	14.866069 	21.023796 	56.859474 	34.713108 	88.238312 	36.221542 	93.236259 	101.980392 	21.213203 	77.524193 	58.189346 	25.000000 	41.109608 	31.906113 	24.331051 	24.698177 	39.824615 	107.056061 	24.738634 	49.254440 	82.764725 	33.105892 	89.185204 	30.000000 	40.311287 	34.205261 	100.169853 	34.828148 	61.400326 	60.207973 	37.735924 	100.498756 	
26.400757 	999.000000 	42.544094 	72.670486 	9.055386 	38.288380 	60.141499 	60.406952 	13.601471 	35.440090 	28.160255 	27.202942 	29.732138 	83.234612 	31.400637 	44.598206 	30.463093 	60.464867 	62.936478 	13.892444 	67.896980 	77.155685 	27.513634 	51.312767 	32.015621 	46.754681 	18.788294 	55.901699 	44.821869 	24.186773 	64.536812 	82.036575 	39.357338 	25.709921 	56.435802 	25.709921 	62.968246 	29.000000 	62.481998 	32.140316 	74.060783 	33.136082 	37.215588 	36.496574 	32.015621 	74.330345 	
16.401220 	42.544094 	999.000000 	112.449989 	50.159744 	8.944272 	101.533249 	92.179176 	43.185646 	11.401754 	16.401220 	17.029387 	14.212670 	123.069084 	18.439089 	9.848858 	72.897186 	18.384777 	104.637466 	50.960770 	109.635757 	118.342720 	28.442924 	93.813644 	73.925636 	15.231546 	55.542778 	17.464249 	16.643316 	34.132095 	24.186773 	123.434196 	23.600847 	63.788715 	98.979797 	43.185646 	105.475113 	37.854988 	27.166155 	41.484936 	116.503220 	41.761227 	75.927597 	74.525162 	46.097721 	116.811813 	
96.260063 	72.670486 	112.449989 	999.000000 	68.883957 	110.113579 	16.000000 	34.000000 	69.296463 	102.591423 	96.166519 	95.462036 	98.290382 	10.630146 	104.043259 	116.516090 	49.729267 	130.831955 	16.492422 	73.006851 	15.264338 	11.401754 	99.478638 	32.062439 	52.952808 	119.201508 	72.111023 	127.781059 	117.413795 	94.826157 	136.029404 	16.031219 	111.830231 	67.911705 	32.984844 	91.923882 	28.635643 	97.989792 	135.000000 	99.538940 	26.907248 	100.463921 	64.124878 	66.189125 	96.798759 	28.319605 	
34.481880 	9.055386 	50.159744 	68.883957 	999.000000 	44.944408 	55.217751 	61.032780 	20.808653 	43.931767 	36.674240 	35.693138 	38.078865 	79.259071 	36.878178 	51.039200 	23.021729 	67.601776 	57.628117 	6.708204 	62.481998 	72.201111 	30.805843 	44.687805 	23.769728 	52.497620 	10.630146 	62.201286 	50.249378 	25.942244 	71.028160 	76.837494 	43.416588 	16.763054 	49.406479 	24.186773 	56.222771 	29.410883 	67.896980 	31.575306 	67.475922 	32.557640 	28.160255 	27.459061 	30.016663 	67.623962 	
14.866069 	38.288380 	8.944272 	110.113579 	44.944408 	999.000000 	98.290382 	92.309265 	41.677334 	15.811388 	17.117243 	17.262676 	15.033297 	120.739388 	10.000000 	6.403124 	67.955872 	22.847319 	101.178062 	44.777225 	106.150833 	115.260574 	20.024984 	89.403580 	68.476273 	10.198039 	49.040798 	17.691807 	10.049875 	26.019224 	26.248810 	120.216469 	14.866069 	57.245087 	94.302704 	35.000000 	101.019798 	29.274563 	25.495098 	32.756680 	112.200714 	32.984844 	69.260376 	67.720009 	37.483330 	112.414413 	
85.146935 	60.141499 	101.533249 	16.000000 	55.217751 	98.290382 	999.000000 	37.576588 	59.076221 	92.417534 	85.603737 	84.811554 	87.618492 	25.000000 	91.438507 	104.651802 	34.539833 	119.854080 	4.000000 	58.668560 	8.544003 	17.029387 	86.023254 	16.124516 	37.363083 	106.887794 	57.271286 	115.965515 	104.890419 	80.993828 	124.482933 	21.931713 	98.600204 	52.497620 	17.888544 	77.369247 	15.620500 	83.725746 	122.576508 	84.970581 	20.099751 	85.866173 	48.166378 	50.249378 	81.939003 	21.213203 	
77.472572 	60.406952 	92.179176 	34.000000 	61.032780 	92.309265 	37.576588 	999.000000 	51.244511 	81.123360 	76.026314 	75.584389 	78.262383 	41.773197 	88.887573 	98.488579 	52.392746 	109.931801 	41.231056 	67.186310 	43.965897 	45.099888 	87.475708 	48.166378 	57.271286 	102.318130 	68.731361 	109.123779 	101.242287 	84.593147 	116.361504 	50.009998 	98.234413 	68.410522 	52.801514 	85.005882 	52.839378 	89.274857 	117.783699 	92.086914 	56.920998 	93.085983 	70.682388 	72.090218 	91.005493 	58.189346 	
27.202942 	13.601471 	43.185646 	69.296463 	20.808653 	41.677334 	59.076221 	51.244511 	999.000000 	33.421551 	26.870058 	26.172504 	29.000000 	79.906197 	37.643059 	48.020828 	36.013885 	61.554855 	62.433964 	26.907248 	67.416618 	75.604233 	37.013512 	53.758720 	39.115215 	51.429562 	31.400637 	59.076221 	50.159744 	35.355339 	67.007462 	80.802231 	47.074409 	37.121422 	59.481091 	38.626415 	65.192024 	40.792156 	67.119293 	44.384682 	75.643906 	45.354160 	47.434166 	47.169907 	44.944408 	76.157730 	
10.049875 	35.440090 	11.401754 	102.591423 	43.931767 	15.811388 	92.417534 	81.123360 	33.421551 	999.000000 	7.280110 	8.246211 	6.000000 	113.172432 	21.213203 	20.024984 	65.787537 	28.844410 	95.692215 	46.097721 	100.687637 	109.018349 	29.681644 	85.866173 	67.446274 	25.179358 	51.039200 	28.861740 	25.709921 	34.014702 	35.341194 	114.201576 	29.681644 	59.135437 	91.285271 	42.720020 	97.493591 	38.948685 	38.470768 	43.046486 	108.300507 	43.566040 	71.253067 	70.114189 	46.957428 	108.706024 	
4.242640 	28.160255 	16.401220 	96.166519 	36.674240 	17.117243 	85.603737 	76.026314 	26.870058 	7.280110 	999.000000 	1.000000 	2.236068 	106.775467 	18.788294 	22.803509 	58.523499 	34.713108 	88.814415 	39.012817 	93.813644 	102.303467 	25.455845 	78.714676 	60.166435 	27.294687 	44.000000 	33.105892 	27.018513 	28.844410 	40.496914 	107.447662 	28.460499 	52.038448 	84.095184 	37.121422 	90.354858 	34.205261 	42.059483 	38.418747 	101.212646 	39.051247 	64.124878 	63.031738 	41.880783 	101.597244 	
3.605551 	27.202942 	17.029387 	95.462036 	35.693138 	17.262676 	84.811554 	75.584389 	26.172504 	8.246211 	1.000000 	999.000000 	2.828427 	106.075447 	18.384777 	23.086792 	57.584721 	35.383614 	88.005684 	38.013157 	93.005379 	101.533249 	24.758837 	77.826729 	59.203041 	27.459061 	43.000000 	33.541019 	27.073973 	28.017851 	41.048752 	106.667709 	28.160255 	51.039200 	83.192551 	36.235340 	89.470665 	33.421551 	42.379242 	37.643059 	100.344406 	38.288380 	63.126858 	62.032249 	41.048752 	100.722389 	
4.123106 	29.732138 	14.212670 	98.290382 	38.078865 	15.033297 	87.618492 	78.262383 	29.000000 	6.000000 	2.236068 	2.828427 	999.000000 	108.903625 	17.492855 	20.615528 	60.166435 	32.557640 	90.801979 	40.112343 	95.801880 	104.350372 	24.839485 	80.529495 	61.684681 	25.179358 	45.044422 	30.870699 	25.000000 	28.653097 	38.275318 	109.480591 	26.925823 	53.150730 	85.866173 	37.161808 	92.179176 	33.837849 	39.849716 	38.013157 	103.077644 	38.600517 	65.276337 	64.124878 	41.677334 	103.445641 	
106.887794 	83.234612 	123.069084 	10.630146 	79.259071 	120.739388 	25.000000 	41.773197 	79.906197 	113.172432 	106.775467 	106.075447 	108.903625 	999.000000 	114.621117 	127.141655 	59.464275 	141.449631 	24.186773 	83.192551 	21.023796 	11.704700 	109.931801 	40.311287 	62.361847 	129.807556 	82.079231 	138.408813 	128.003906 	105.190300 	146.659470 	12.727922 	122.331520 	77.491936 	40.012497 	102.044106 	34.365681 	108.226616 	145.602203 	109.658562 	29.068884 	110.571243 	72.835434 	74.966660 	106.775467 	30.413813 	
14.866069 	31.400637 	18.439089 	104.043259 	36.878178 	10.000000 	91.438507 	88.887573 	37.643059 	21.213203 	18.788294 	18.384777 	17.492855 	114.621117 	999.000000 	14.866069 	59.816387 	32.280025 	94.111633 	35.846897 	99.035347 	108.466583 	10.049875 	81.565926 	59.908264 	15.620500 	39.812057 	25.553865 	13.453624 	16.031219 	34.481880 	113.278419 	10.049875 	47.927029 	86.214851 	25.000000 	93.085983 	19.416489 	31.144823 	23.086792 	104.350372 	23.409399 	59.808025 	58.189346 	27.658634 	104.484451 	
21.023796 	44.598206 	9.848858 	116.516090 	51.039200 	6.403124 	104.651802 	98.488579 	48.020828 	20.024984 	22.803509 	23.086792 	20.615528 	127.141655 	14.866069 	999.000000 	74.060783 	17.464249 	107.517441 	50.537113 	112.485558 	121.630585 	24.331051 	95.603348 	74.431175 	5.385165 	54.625999 	11.313708 	7.071068 	30.594116 	20.000000 	126.574089 	15.811388 	62.769421 	100.439034 	39.319206 	107.200745 	33.015148 	19.313208 	36.055511 	118.406082 	36.124783 	74.672615 	73.054771 	41.012192 	118.600166 	
56.859474 	30.463093 	72.897186 	49.729267 	23.021729 	67.955872 	34.539833 	52.392746 	36.013885 	65.787537 	58.523499 	57.584721 	60.166435 	59.464275 	59.816387 	74.060783 	999.000000 	90.553848 	36.235340 	24.839485 	40.816662 	51.000000 	53.037724 	21.931713 	5.000000 	75.432091 	22.825424 	85.211502 	73.109505 	47.507893 	94.047859 	55.226807 	65.764732 	18.248287 	26.400757 	43.046486 	33.301651 	49.648766 	90.686272 	50.606323 	44.598206 	51.478149 	18.357559 	19.697716 	47.423622 	44.687805 	
34.713108 	60.464867 	18.384777 	130.831955 	67.601776 	22.847319 	119.854080 	109.931801 	61.554855 	28.844410 	34.713108 	35.383614 	32.557640 	141.449631 	32.280025 	17.464249 	90.553848 	999.000000 	122.918671 	67.623962 	127.914032 	136.693085 	41.773197 	111.772087 	91.241440 	19.026299 	71.867935 	9.848858 	22.022715 	48.052055 	8.062258 	141.767410 	32.015621 	80.056229 	116.811813 	56.718605 	123.422043 	50.249378 	17.204651 	53.037724 	134.525085 	53.009434 	92.027168 	90.443352 	58.077534 	134.792435 	
88.238312 	62.936478 	104.637466 	16.492422 	57.628117 	101.178062 	4.000000 	41.231056 	62.433964 	95.692215 	88.814415 	88.005684 	90.801979 	24.186773 	94.111633 	107.517441 	36.235340 	122.918671 	999.000000 	60.745369 	5.000000 	14.764823 	88.408142 	16.124516 	38.626415 	109.622078 	59.059292 	118.827606 	107.563934 	83.234612 	127.404869 	19.209373 	101.044548 	53.851646 	16.492422 	79.259071 	12.806249 	85.755463 	125.255737 	86.833176 	16.124516 	87.709747 	48.662102 	50.803543 	83.630135 	17.262676 	
36.221542 	13.892444 	50.960770 	73.006851 	6.708204 	44.777225 	58.668560 	67.186310 	26.907248 	46.097721 	39.012817 	38.013157 	40.112343 	83.192551 	35.846897 	50.537113 	24.839485 	67.623962 	60.745369 	999.000000 	65.459915 	75.471848 	28.319605 	46.754681 	24.207438 	51.312767 	5.099020 	61.400326 	48.826221 	22.671568 	70.327805 	79.881165 	41.036568 	13.038404 	50.931328 	18.973665 	57.982758 	25.059929 	66.219330 	26.570660 	69.296463 	27.513634 	25.179358 	24.020824 	24.331051 	69.310890 	
93.236259 	67.896980 	109.635757 	15.264338 	62.481998 	106.150833 	8.544003 	43.965897 	67.416618 	100.687637 	93.813644 	93.005379 	95.801880 	21.023796 	99.035347 	112.485558 	40.816662 	127.914032 	5.000000 	65.459915 	999.000000 	10.440307 	93.236259 	19.924858 	42.953465 	114.560028 	63.631752 	123.794182 	112.485558 	88.005684 	132.382019 	14.422205 	105.891457 	58.180752 	19.000000 	83.862984 	13.601471 	90.426765 	130.176804 	91.416626 	13.000000 	92.282173 	52.392746 	54.571056 	88.119240 	14.317822 	
101.980392 	77.155685 	118.342720 	11.401754 	72.201111 	115.260574 	17.029387 	45.099888 	75.604233 	109.018349 	102.303467 	101.533249 	104.350372 	11.704700 	108.466583 	121.630585 	51.000000 	136.693085 	14.764823 	75.471848 	10.440307 	999.000000 	103.004852 	30.364452 	53.310413 	123.907227 	73.824112 	132.943604 	121.918007 	97.908119 	141.428421 	5.385165 	115.602768 	68.541962 	29.154760 	94.021271 	23.021729 	100.498756 	139.603012 	101.597244 	17.492855 	102.474388 	62.817196 	65.000000 	98.386993 	18.867962 	
21.213203 	27.513634 	28.442924 	99.478638 	30.805843 	20.024984 	86.023254 	87.475708 	37.013512 	29.681644 	25.455845 	24.758837 	24.839485 	109.931801 	10.049875 	24.331051 	53.037724 	41.773197 	88.408142 	28.319605 	93.236259 	103.004852 	999.000000 	74.966660 	52.497620 	23.769728 	31.622776 	34.176014 	21.023796 	6.324555 	43.081318 	107.615051 	12.727922 	39.446167 	79.246452 	15.033297 	86.278618 	9.486833 	38.013157 	13.416408 	97.590981 	13.892444 	50.990196 	49.244289 	17.720045 	97.621719 	
77.524193 	51.312767 	93.813644 	32.062439 	44.687805 	89.403580 	16.124516 	48.166378 	53.758720 	85.866173 	78.714676 	77.826729 	80.529495 	40.311287 	81.565926 	95.603348 	21.931713 	111.772087 	16.124516 	46.754681 	19.924858 	30.364452 	74.966660 	999.000000 	23.323807 	97.185387 	44.407207 	106.826965 	94.921021 	69.426216 	115.602768 	34.014702 	87.692642 	38.470768 	6.000000 	64.637451 	11.661903 	71.400284 	112.538879 	72.111023 	22.803509 	72.945183 	32.557640 	34.713108 	68.600288 	23.021729 	
58.189346 	32.015621 	73.925636 	52.952808 	23.769728 	68.476273 	37.363083 	57.271286 	39.115215 	67.446274 	60.166435 	59.203041 	61.684681 	62.361847 	59.908264 	74.431175 	5.000000 	91.241440 	38.626415 	24.207438 	42.953465 	53.310413 	52.497620 	23.323807 	999.000000 	75.451973 	21.260292 	85.440041 	73.006851 	46.690472 	94.339813 	57.245087 	65.192024 	15.231546 	26.907248 	41.400482 	34.058773 	48.270073 	90.426765 	48.826221 	45.343136 	49.648766 	13.416408 	14.866069 	45.276924 	45.276924 	
25.000000 	46.754681 	15.231546 	119.201508 	52.497620 	10.198039 	106.887794 	102.318130 	51.429562 	25.179358 	27.294687 	27.459061 	25.179358 	129.807556 	15.620500 	5.385165 	75.432091 	19.026299 	109.622078 	51.312767 	114.560028 	123.907227 	23.769728 	97.185387 	75.451973 	999.000000 	55.072678 	10.440307 	3.000000 	30.083218 	19.313208 	128.763351 	13.000000 	63.063461 	101.828285 	38.327538 	108.706024 	31.575306 	15.811388 	34.132095 	119.970833 	34.058773 	74.732857 	73.006851 	39.204590 	120.104118 	
41.109608 	18.788294 	55.542778 	72.111023 	10.630146 	49.040798 	57.271286 	68.731361 	31.400637 	51.039200 	44.000000 	43.000000 	45.044422 	82.079231 	39.812057 	54.625999 	22.825424 	71.867935 	59.059292 	5.099020 	63.631752 	73.824112 	31.622776 	44.407207 	21.260292 	55.072678 	999.000000 	65.299309 	52.478565 	25.612497 	74.242844 	78.032043 	44.204071 	8.246211 	48.166378 	20.248457 	55.317268 	27.018513 	69.634758 	27.784887 	66.603302 	28.653097 	20.396078 	19.104973 	24.698177 	66.528191 	
31.906113 	55.901699 	17.464249 	127.781059 	62.201286 	17.691807 	115.965515 	109.123779 	59.076221 	28.861740 	33.105892 	33.541019 	30.870699 	138.408813 	25.553865 	11.313708 	85.211502 	9.848858 	118.827606 	61.400326 	123.794182 	132.943604 	34.176014 	106.826965 	85.440041 	10.440307 	65.299309 	999.000000 	13.341664 	40.496914 	8.944272 	137.887634 	23.194826 	73.348480 	111.606453 	48.764740 	118.406082 	41.976185 	10.049875 	44.407207 	129.630249 	44.283180 	85.088188 	83.384651 	49.497475 	129.807556 	
24.331051 	44.821869 	16.643316 	117.413795 	50.249378 	10.049875 	104.890419 	101.242287 	50.159744 	25.709921 	27.018513 	27.073973 	25.000000 	128.003906 	13.453624 	7.071068 	73.109505 	22.022715 	107.563934 	48.826221 	112.485558 	121.918007 	21.023796 	94.921021 	73.006851 	3.000000 	52.478565 	13.341664 	999.000000 	27.313000 	22.135944 	126.732002 	10.000000 	60.415230 	99.488693 	35.440090 	106.404884 	28.635643 	17.691807 	31.144823 	117.686020 	31.064449 	72.013885 	70.263786 	36.221542 	117.796432 	
24.698177 	24.186773 	34.132095 	94.826157 	25.942244 	26.019224 	80.993828 	84.593147 	35.355339 	34.014702 	28.844410 	28.017851 	28.653097 	105.190300 	16.031219 	30.594116 	47.507893 	48.052055 	83.234612 	22.671568 	88.005684 	97.908119 	6.324555 	69.426216 	46.690472 	30.083218 	25.612497 	40.496914 	27.313000 	999.000000 	49.396355 	102.415817 	18.601076 	33.286633 	73.539108 	9.055386 	80.622574 	5.830952 	44.102154 	10.000000 	91.934761 	10.816654 	44.721359 	42.953465 	13.038404 	91.923882 	
39.824615 	64.536812 	24.186773 	136.029404 	71.028160 	26.248810 	124.482933 	116.361504 	67.007462 	35.341194 	40.496914 	41.048752 	38.275318 	146.659470 	34.481880 	20.000000 	94.047859 	8.062258 	127.404869 	70.327805 	132.382019 	141.428421 	43.081318 	115.602768 	94.339813 	19.313208 	74.242844 	8.944272 	22.135944 	49.396355 	999.000000 	146.413803 	31.780497 	82.292160 	120.432556 	57.567352 	127.200630 	50.695168 	10.816654 	52.952808 	138.405197 	52.773098 	94.021271 	92.309265 	58.051701 	138.600143 	
107.056061 	82.036575 	123.434196 	16.031219 	76.837494 	120.216469 	21.931713 	50.009998 	80.802231 	114.201576 	107.447662 	106.667709 	109.480591 	12.727922 	113.278419 	126.574089 	55.226807 	141.767410 	19.209373 	79.881165 	14.422205 	5.385165 	107.615051 	34.014702 	57.245087 	128.763351 	78.032043 	137.887634 	126.732002 	102.415817 	146.413803 	999.000000 	120.253899 	72.449982 	32.015621 	98.270035 	25.317978 	104.847511 	144.422989 	105.815880 	17.464249 	106.677086 	66.098412 	68.308128 	102.474388 	18.681541 	
24.738634 	39.357338 	23.600847 	111.830231 	43.416588 	14.866069 	98.600204 	98.234413 	47.074409 	29.681644 	28.460499 	28.160255 	26.925823 	122.331520 	10.049875 	15.811388 	65.764732 	32.015621 	101.044548 	41.036568 	105.891457 	115.602768 	12.727922 	87.692642 	65.192024 	13.000000 	44.204071 	23.194826 	10.000000 	18.601076 	31.780497 	120.253899 	999.000000 	51.865211 	91.967384 	26.000000 	99.005051 	18.973665 	25.553865 	21.213203 	110.317726 	21.095022 	63.134777 	61.294373 	26.305893 	110.344917 	
49.254440 	25.709921 	63.788715 	67.911705 	16.763054 	57.245087 	52.497620 	68.410522 	37.121422 	59.135437 	52.038448 	51.039200 	53.150730 	77.491936 	47.927029 	62.769421 	18.248287 	80.056229 	53.851646 	13.038404 	58.180752 	68.541962 	39.446167 	38.470768 	15.231546 	63.063461 	8.246211 	73.348480 	60.415230 	33.286633 	82.292160 	72.449982 	51.865211 	999.000000 	41.617306 	26.870058 	48.826221 	33.970577 	77.388626 	34.058773 	60.000000 	34.828148 	12.165525 	11.000000 	30.232433 	59.816387 	
82.764725 	56.435802 	98.979797 	32.984844 	49.406479 	94.302704 	17.888544 	52.801514 	59.481091 	91.285271 	84.095184 	83.192551 	85.866173 	40.012497 	86.214851 	100.439034 	26.400757 	116.811813 	16.492422 	50.931328 	19.000000 	29.154760 	79.246452 	6.000000 	26.907248 	101.828285 	48.166378 	111.606453 	99.488693 	73.539108 	120.432556 	32.015621 	91.967384 	41.617306 	999.000000 	68.249542 	7.211102 	75.166481 	117.034180 	75.604233 	18.439089 	76.400261 	34.176014 	36.400551 	71.847061 	18.384777 	
33.105892 	25.709921 	43.185646 	91.923882 	24.186773 	35.000000 	77.369247 	85.005882 	38.626415 	42.720020 	37.121422 	36.235340 	37.161808 	102.044106 	25.000000 	39.319206 	43.046486 	56.718605 	79.259071 	18.973665 	83.862984 	94.021271 	15.033297 	64.637451 	41.400482 	38.327538 	20.248457 	48.764740 	35.440090 	9.055386 	57.567352 	98.270035 	26.000000 	26.870058 	68.249542 	999.000000 	75.432091 	7.211102 	51.429562 	7.615773 	86.683334 	8.544003 	37.443291 	35.510563 	6.324555 	86.556343 	
89.185204 	62.968246 	105.475113 	28.635643 	56.222771 	101.019798 	15.620500 	52.839378 	65.192024 	97.493591 	90.354858 	89.470665 	92.179176 	34.365681 	93.085983 	107.200745 	33.301651 	123.422043 	12.806249 	57.982758 	13.601471 	23.021729 	86.278618 	11.661903 	34.058773 	108.706024 	55.317268 	118.406082 	106.404884 	80.622574 	127.200630 	25.317978 	99.005051 	48.826221 	7.211102 	75.432091 	999.000000 	82.328613 	123.987900 	82.800964 	11.313708 	83.600243 	41.231056 	43.462627 	79.056938 	11.401754 	
30.000000 	29.000000 	37.854988 	97.989792 	29.410883 	29.274563 	83.725746 	89.274857 	40.792156 	38.948685 	34.205261 	33.421551 	33.837849 	108.226616 	19.416489 	33.015148 	49.648766 	50.249378 	85.755463 	25.059929 	90.426765 	100.498756 	9.486833 	71.400284 	48.270073 	31.575306 	27.018513 	41.976185 	28.635643 	5.830952 	50.695168 	104.847511 	18.973665 	33.970577 	75.166481 	7.211102 	82.328613 	999.000000 	44.283180 	4.242640 	93.605553 	5.000000 	44.654228 	42.720020 	8.246211 	93.509361 	
40.311287 	62.481998 	27.166155 	135.000000 	67.896980 	25.495098 	122.576508 	117.783699 	67.119293 	38.470768 	42.059483 	42.379242 	39.849716 	145.602203 	31.144823 	19.313208 	90.686272 	17.204651 	125.255737 	66.219330 	130.176804 	139.603012 	38.013157 	112.538879 	90.426765 	15.811388 	69.634758 	10.049875 	17.691807 	44.102154 	10.816654 	144.422989 	25.553865 	77.388626 	117.034180 	51.429562 	123.987900 	44.283180 	999.000000 	45.880280 	135.281189 	45.541191 	88.684837 	86.833176 	50.921509 	135.369858 	
34.205261 	32.140316 	41.484936 	99.538940 	31.575306 	32.756680 	84.970581 	92.086914 	44.384682 	43.046486 	38.418747 	37.643059 	38.013157 	109.658562 	23.086792 	36.055511 	50.606323 	53.037724 	86.833176 	26.570660 	91.416626 	101.597244 	13.416408 	72.111023 	48.826221 	34.132095 	27.784887 	44.407207 	31.144823 	10.000000 	52.952808 	105.815880 	21.213203 	34.058773 	75.604233 	7.615773 	82.800964 	4.242640 	45.880280 	999.000000 	94.021271 	1.000000 	44.045429 	42.011902 	5.099020 	93.861603 	
100.169853 	74.060783 	116.503220 	26.907248 	67.475922 	112.200714 	20.099751 	56.920998 	75.643906 	108.300507 	101.212646 	100.344406 	103.077644 	29.068884 	104.350372 	118.406082 	44.598206 	134.525085 	16.124516 	69.296463 	13.000000 	17.492855 	97.590981 	22.803509 	45.343136 	119.970833 	66.603302 	129.630249 	117.686020 	91.934761 	138.405197 	17.464249 	110.317726 	60.000000 	18.439089 	86.683334 	11.313708 	93.605553 	135.281189 	94.021271 	999.000000 	94.810333 	51.884487 	54.120235 	90.210861 	1.414214 	
34.828148 	33.136082 	41.761227 	100.463921 	32.557640 	32.984844 	85.866173 	93.085983 	45.354160 	43.566040 	39.051247 	38.288380 	38.600517 	110.571243 	23.409399 	36.124783 	51.478149 	53.009434 	87.709747 	27.513634 	92.282173 	102.474388 	13.892444 	72.945183 	49.648766 	34.058773 	28.653097 	44.283180 	31.064449 	10.816654 	52.773098 	106.677086 	21.095022 	34.828148 	76.400261 	8.544003 	83.600243 	5.000000 	45.541191 	1.000000 	94.810333 	999.000000 	44.687805 	42.638012 	5.385165 	94.641426 	
61.400326 	37.215588 	75.927597 	64.124878 	28.160255 	69.260376 	48.166378 	70.682388 	47.434166 	71.253067 	64.124878 	63.126858 	65.276337 	72.835434 	59.808025 	74.672615 	18.357559 	92.027168 	48.662102 	25.179358 	52.392746 	62.817196 	50.990196 	32.557640 	13.416408 	74.732857 	20.396078 	85.088188 	72.013885 	44.721359 	94.021271 	66.098412 	63.134777 	12.165525 	34.176014 	37.443291 	41.231056 	44.654228 	88.684837 	44.045429 	51.884487 	44.687805 	999.000000 	2.236068 	39.623226 	51.478149 	
60.207973 	36.496574 	74.525162 	66.189125 	27.459061 	67.720009 	50.249378 	72.090218 	47.169907 	70.114189 	63.031738 	62.032249 	64.124878 	74.966660 	58.189346 	73.054771 	19.697716 	90.443352 	50.803543 	24.020824 	54.571056 	65.000000 	49.244289 	34.713108 	14.866069 	73.006851 	19.104973 	83.384651 	70.263786 	42.953465 	92.309265 	68.308128 	61.294373 	11.000000 	36.400551 	35.510563 	43.462627 	42.720020 	86.833176 	42.011902 	54.120235 	42.638012 	2.236068 	999.000000 	37.536648 	53.712196 	
37.735924 	32.015621 	46.097721 	96.798759 	30.016663 	37.483330 	81.939003 	91.005493 	44.944408 	46.957428 	41.880783 	41.048752 	41.677334 	106.775467 	27.658634 	41.012192 	47.423622 	58.077534 	83.630135 	24.331051 	88.119240 	98.386993 	17.720045 	68.600288 	45.276924 	39.204590 	24.698177 	49.497475 	36.221542 	13.038404 	58.051701 	102.474388 	26.305893 	30.232433 	71.847061 	6.324555 	79.056938 	8.246211 	50.921509 	5.099020 	90.210861 	5.385165 	39.623226 	37.536648 	999.000000 	90.000000 	
100.498756 	74.330345 	116.811813 	28.319605 	67.623962 	112.414413 	21.213203 	58.189346 	76.157730 	108.706024 	101.597244 	100.722389 	103.445641 	30.413813 	104.484451 	118.600166 	44.687805 	134.792435 	17.262676 	69.310890 	14.317822 	18.867962 	97.621719 	23.021729 	45.276924 	120.104118 	66.528191 	129.807556 	117.796432 	91.923882 	138.600143 	18.681541 	110.344917 	59.816387 	18.384777 	86.556343 	11.401754 	93.509361 	135.369858 	93.861603 	1.414214 	94.641426 	51.478149 	53.712196 	90.000000 	999.000000 	

Travel time:
9.000000 	0.660019 	0.410031 	2.406502 	0.862047 	0.371652 	2.128673 	1.936814 	0.680074 	0.251247 	0.106066 	0.090139 	0.103078 	2.672195 	0.371652 	0.525595 	1.421487 	0.867828 	2.205958 	0.905539 	2.330906 	2.549510 	0.530330 	1.938105 	1.454734 	0.625000 	1.027740 	0.797653 	0.608276 	0.617454 	0.995615 	2.676402 	0.618466 	1.231361 	2.069118 	0.827647 	2.229630 	0.750000 	1.007782 	0.855132 	2.504246 	0.870704 	1.535008 	1.505199 	0.943398 	2.512469 	
0.660019 	9.000000 	1.063602 	1.816762 	0.226385 	0.957209 	1.503537 	1.510174 	0.340037 	0.886002 	0.704006 	0.680074 	0.743303 	2.080865 	0.785016 	1.114955 	0.761577 	1.511622 	1.573412 	0.347311 	1.697425 	1.928892 	0.687841 	1.282819 	0.800391 	1.168867 	0.469707 	1.397542 	1.120547 	0.604669 	1.613420 	2.050914 	0.983933 	0.642748 	1.410895 	0.642748 	1.574206 	0.725000 	1.562050 	0.803508 	1.851520 	0.828402 	0.930390 	0.912414 	0.800391 	1.858259 	
0.410031 	1.063602 	9.000000 	2.811250 	1.253994 	0.223607 	2.538331 	2.304479 	1.079641 	0.285044 	0.410031 	0.425735 	0.355317 	3.076727 	0.460977 	0.246221 	1.822430 	0.459619 	2.615937 	1.274019 	2.740894 	2.958568 	0.711073 	2.345341 	1.848141 	0.380789 	1.388569 	0.436606 	0.416083 	0.853302 	0.604669 	3.085855 	0.590021 	1.594718 	2.474495 	1.079641 	2.636878 	0.946375 	0.679154 	1.037123 	2.912580 	1.044031 	1.898190 	1.863129 	1.152443 	2.920295 	
2.406502 	1.816762 	2.811250 	9.000000 	1.722099 	2.752840 	0.400000 	0.850000 	1.732412 	2.564785 	2.404163 	2.386551 	2.457260 	0.265754 	2.601081 	2.912902 	1.243232 	3.270799 	0.412311 	1.825171 	0.381608 	0.285044 	2.486966 	0.801561 	1.323820 	2.980038 	1.802776 	3.194526 	2.935345 	2.370654 	3.400735 	0.400780 	2.795756 	1.697793 	0.824621 	2.298097 	0.715891 	2.449745 	3.375000 	2.488473 	0.672681 	2.511598 	1.603122 	1.654728 	2.419969 	0.707990 	
0.862047 	0.226385 	1.253994 	1.722099 	9.000000 	1.123610 	1.380444 	1.525820 	0.520216 	1.098294 	0.916856 	0.892328 	0.951972 	1.981477 	0.921954 	1.275980 	0.575543 	1.690044 	1.440703 	0.167705 	1.562050 	1.805028 	0.770146 	1.117195 	0.594243 	1.312441 	0.265754 	1.555032 	1.256234 	0.648556 	1.775704 	1.920937 	1.085415 	0.419076 	1.235162 	0.604669 	1.405569 	0.735272 	1.697425 	0.789383 	1.686898 	0.813941 	0.704006 	0.686477 	0.750417 	1.690599 	
0.371652 	0.957209 	0.223607 	2.752840 	1.123610 	9.000000 	2.457260 	2.307732 	1.041933 	0.395285 	0.427931 	0.431567 	0.375832 	3.018485 	0.250000 	0.160078 	1.698897 	0.571183 	2.529452 	1.119431 	2.653771 	2.881514 	0.500625 	2.235090 	1.711907 	0.254951 	1.226020 	0.442295 	0.251247 	0.650481 	0.656220 	3.005412 	0.371652 	1.431127 	2.357568 	0.875000 	2.525495 	0.731864 	0.637377 	0.818917 	2.805018 	0.824621 	1.731509 	1.693000 	0.937083 	2.810360 	
2.128673 	1.503537 	2.538331 	0.400000 	1.380444 	2.457260 	9.000000 	0.939415 	1.476906 	2.310438 	2.140093 	2.120289 	2.190462 	0.625000 	2.285963 	2.616295 	0.863496 	2.996352 	0.100000 	1.466714 	0.213600 	0.425735 	2.150581 	0.403113 	0.934077 	2.672195 	1.431782 	2.899138 	2.622261 	2.024846 	3.112073 	0.548293 	2.465005 	1.312441 	0.447214 	1.934231 	0.390512 	2.093144 	3.064413 	2.124264 	0.502494 	2.146654 	1.204159 	1.256234 	2.048475 	0.530330 	
1.936814 	1.510174 	2.304479 	0.850000 	1.525820 	2.307732 	0.939415 	9.000000 	1.281113 	2.028084 	1.900658 	1.889610 	1.956560 	1.044330 	2.222189 	2.462214 	1.309819 	2.748295 	1.030776 	1.679658 	1.099147 	1.127497 	2.186893 	1.204159 	1.431782 	2.557953 	1.718284 	2.728095 	2.531057 	2.114829 	2.909038 	1.250250 	2.455860 	1.710263 	1.320038 	2.125147 	1.320984 	2.231871 	2.944592 	2.302173 	1.423025 	2.327150 	1.767060 	1.802255 	2.275137 	1.454734 	
0.680074 	0.340037 	1.079641 	1.732412 	0.520216 	1.041933 	1.476906 	1.281113 	9.000000 	0.835539 	0.671751 	0.654313 	0.725000 	1.997655 	0.941076 	1.200521 	0.900347 	1.538871 	1.560849 	0.672681 	1.685416 	1.890106 	0.925338 	1.343968 	0.977880 	1.285739 	0.785016 	1.476906 	1.253994 	0.883883 	1.675187 	2.020056 	1.176860 	0.928036 	1.487027 	0.965660 	1.629801 	1.019804 	1.677982 	1.109617 	1.891098 	1.133854 	1.185854 	1.179248 	1.123610 	1.903943 	
0.251247 	0.886002 	0.285044 	2.564785 	1.098294 	0.395285 	2.310438 	2.028084 	0.835539 	9.000000 	0.182003 	0.206155 	0.150000 	2.829311 	0.530330 	0.500625 	1.644688 	0.721110 	2.392305 	1.152443 	2.517191 	2.725459 	0.742041 	2.146654 	1.686157 	0.629484 	1.275980 	0.721543 	0.642748 	0.850368 	0.883530 	2.855039 	0.742041 	1.478386 	2.282132 	1.068001 	2.437340 	0.973717 	0.961769 	1.076162 	2.707513 	1.089151 	1.781327 	1.752855 	1.173936 	2.717651 	
0.106066 	0.704006 	0.410031 	2.404163 	0.916856 	0.427931 	2.140093 	1.900658 	0.671751 	0.182003 	9.000000 	0.025000 	0.055902 	2.669387 	0.469707 	0.570088 	1.463087 	0.867828 	2.220360 	0.975320 	2.345341 	2.557587 	0.636396 	1.967867 	1.504161 	0.682367 	1.100000 	0.827647 	0.675463 	0.721110 	1.012423 	2.686192 	0.711512 	1.300961 	2.102380 	0.928036 	2.258872 	0.855132 	1.051487 	0.960469 	2.530316 	0.976281 	1.603122 	1.575794 	1.047020 	2.539931 	
0.090139 	0.680074 	0.425735 	2.386551 	0.892328 	0.431567 	2.120289 	1.889610 	0.654313 	0.206155 	0.025000 	9.000000 	0.070711 	2.651886 	0.459619 	0.577170 	1.439618 	0.884590 	2.200142 	0.950329 	2.325135 	2.538331 	0.618971 	1.945668 	1.480076 	0.686477 	1.075000 	0.838525 	0.676849 	0.700446 	1.026219 	2.666693 	0.704006 	1.275980 	2.079814 	0.905883 	2.236767 	0.835539 	1.059481 	0.941076 	2.508610 	0.957209 	1.578171 	1.550806 	1.026219 	2.518060 	
0.103078 	0.743303 	0.355317 	2.457260 	0.951972 	0.375832 	2.190462 	1.956560 	0.725000 	0.150000 	0.055902 	0.070711 	9.000000 	2.722591 	0.437321 	0.515388 	1.504161 	0.813941 	2.270050 	1.002809 	2.395047 	2.608759 	0.620987 	2.013237 	1.542117 	0.629484 	1.126111 	0.771767 	0.625000 	0.716327 	0.956883 	2.737015 	0.673146 	1.328768 	2.146654 	0.929045 	2.304479 	0.845946 	0.996243 	0.950329 	2.576941 	0.965013 	1.631908 	1.603122 	1.041933 	2.586141 	
2.672195 	2.080865 	3.076727 	0.265754 	1.981477 	3.018485 	0.625000 	1.044330 	1.997655 	2.829311 	2.669387 	2.651886 	2.722591 	9.000000 	2.865528 	3.178541 	1.486607 	3.536241 	0.604669 	2.079814 	0.525595 	0.292617 	2.748295 	1.007782 	1.559046 	3.245189 	2.051981 	3.460220 	3.200098 	2.629757 	3.666487 	0.318198 	3.058288 	1.937298 	1.000312 	2.551103 	0.859142 	2.705665 	3.640055 	2.741464 	0.726722 	2.764281 	1.820886 	1.874166 	2.669387 	0.760345 	
0.371652 	0.785016 	0.460977 	2.601081 	0.921954 	0.250000 	2.285963 	2.222189 	0.941076 	0.530330 	0.469707 	0.459619 	0.437321 	2.865528 	9.000000 	0.371652 	1.495410 	0.807001 	2.352791 	0.896172 	2.475884 	2.711665 	0.251247 	2.039148 	1.497707 	0.390512 	0.995301 	0.638847 	0.336341 	0.400780 	0.862047 	2.831960 	0.251247 	1.198176 	2.155371 	0.625000 	2.327150 	0.485412 	0.778621 	0.577170 	2.608759 	0.585235 	1.495201 	1.454734 	0.691466 	2.612111 	
0.525595 	1.114955 	0.246221 	2.912902 	1.275980 	0.160078 	2.616295 	2.462214 	1.200521 	0.500625 	0.570088 	0.577170 	0.515388 	3.178541 	0.371652 	9.000000 	1.851520 	0.436606 	2.687936 	1.263428 	2.812139 	3.040765 	0.608276 	2.390084 	1.860779 	0.134629 	1.365650 	0.282843 	0.176777 	0.764853 	0.500000 	3.164352 	0.395285 	1.569236 	2.510976 	0.982980 	2.680019 	0.825379 	0.482830 	0.901388 	2.960152 	0.903120 	1.866815 	1.826369 	1.025305 	2.965004 	
1.421487 	0.761577 	1.822430 	1.243232 	0.575543 	1.698897 	0.863496 	1.309819 	0.900347 	1.644688 	1.463087 	1.439618 	1.504161 	1.486607 	1.495410 	1.851520 	9.000000 	2.263846 	0.905883 	0.620987 	1.020416 	1.275000 	1.325943 	0.548293 	0.125000 	1.885802 	0.570636 	2.130288 	1.827738 	1.187697 	2.351197 	1.380670 	1.644118 	0.456207 	0.660019 	1.076162 	0.832541 	1.241219 	2.267157 	1.265158 	1.114955 	1.286954 	0.458939 	0.492443 	1.185591 	1.117195 	
0.867828 	1.511622 	0.459619 	3.270799 	1.690044 	0.571183 	2.996352 	2.748295 	1.538871 	0.721110 	0.867828 	0.884590 	0.813941 	3.536241 	0.807001 	0.436606 	2.263846 	9.000000 	3.072967 	1.690599 	3.197851 	3.417327 	1.044330 	2.794302 	2.281036 	0.475657 	1.796698 	0.246221 	0.550568 	1.201301 	0.201556 	3.544185 	0.800391 	2.001406 	2.920295 	1.417965 	3.085551 	1.256234 	0.430116 	1.325943 	3.363127 	1.325236 	2.300679 	2.261084 	1.451938 	3.369811 	
2.205958 	1.573412 	2.615937 	0.412311 	1.440703 	2.529452 	0.100000 	1.030776 	1.560849 	2.392305 	2.220360 	2.200142 	2.270050 	0.604669 	2.352791 	2.687936 	0.905883 	3.072967 	9.000000 	1.518634 	0.125000 	0.369121 	2.210204 	0.403113 	0.965660 	2.740552 	1.476482 	2.970690 	2.689098 	2.080865 	3.185122 	0.480234 	2.526114 	1.346291 	0.412311 	1.981477 	0.320156 	2.143887 	3.131393 	2.170829 	0.403113 	2.192744 	1.216552 	1.270089 	2.090753 	0.431567 	
0.905539 	0.347311 	1.274019 	1.825171 	0.167705 	1.119431 	1.466714 	1.679658 	0.672681 	1.152443 	0.975320 	0.950329 	1.002809 	2.079814 	0.896172 	1.263428 	0.620987 	1.690599 	1.518634 	9.000000 	1.636498 	1.886796 	0.707990 	1.168867 	0.605186 	1.282819 	0.127475 	1.535008 	1.220656 	0.566789 	1.758195 	1.997029 	1.025914 	0.325960 	1.273283 	0.474342 	1.449569 	0.626498 	1.655483 	0.664266 	1.732412 	0.687841 	0.629484 	0.600521 	0.608276 	1.732772 	
2.330906 	1.697425 	2.740894 	0.381608 	1.562050 	2.653771 	0.213600 	1.099147 	1.685416 	2.517191 	2.345341 	2.325135 	2.395047 	0.525595 	2.475884 	2.812139 	1.020416 	3.197851 	0.125000 	1.636498 	9.000000 	0.261008 	2.330906 	0.498121 	1.073837 	2.864001 	1.590794 	3.094855 	2.812139 	2.200142 	3.309551 	0.360555 	2.647286 	1.454519 	0.475000 	2.096575 	0.340037 	2.260669 	3.254420 	2.285416 	0.325000 	2.307054 	1.309819 	1.364276 	2.202981 	0.357946 	
2.549510 	1.928892 	2.958568 	0.285044 	1.805028 	2.881514 	0.425735 	1.127497 	1.890106 	2.725459 	2.557587 	2.538331 	2.608759 	0.292617 	2.711665 	3.040765 	1.275000 	3.417327 	0.369121 	1.886796 	0.261008 	9.000000 	2.575121 	0.759111 	1.332760 	3.097681 	1.845603 	3.323590 	3.047950 	2.447703 	3.535711 	0.134629 	2.890069 	1.713549 	0.728869 	2.350532 	0.575543 	2.512469 	3.490075 	2.539931 	0.437321 	2.561860 	1.570430 	1.625000 	2.459675 	0.471699 	
0.530330 	0.687841 	0.711073 	2.486966 	0.770146 	0.500625 	2.150581 	2.186893 	0.925338 	0.742041 	0.636396 	0.618971 	0.620987 	2.748295 	0.251247 	0.608276 	1.325943 	1.044330 	2.210204 	0.707990 	2.330906 	2.575121 	9.000000 	1.874166 	1.312441 	0.594243 	0.790569 	0.854400 	0.525595 	0.158114 	1.077033 	2.690376 	0.318198 	0.986154 	1.981161 	0.375832 	2.156965 	0.237171 	0.950329 	0.335410 	2.439775 	0.347311 	1.274755 	1.231107 	0.443001 	2.440543 	
1.938105 	1.282819 	2.345341 	0.801561 	1.117195 	2.235090 	0.403113 	1.204159 	1.343968 	2.146654 	1.967867 	1.945668 	2.013237 	1.007782 	2.039148 	2.390084 	0.548293 	2.794302 	0.403113 	1.168867 	0.498121 	0.759111 	1.874166 	9.000000 	0.583095 	2.429635 	1.110180 	2.670674 	2.373025 	1.735655 	2.890069 	0.850368 	2.192316 	0.961769 	0.150000 	1.615936 	0.291548 	1.785007 	2.813472 	1.802776 	0.570088 	1.823630 	0.813941 	0.867828 	1.715007 	0.575543 	
1.454734 	0.800391 	1.848141 	1.323820 	0.594243 	1.711907 	0.934077 	1.431782 	0.977880 	1.686157 	1.504161 	1.480076 	1.542117 	1.559046 	1.497707 	1.860779 	0.125000 	2.281036 	0.965660 	0.605186 	1.073837 	1.332760 	1.312441 	0.583095 	9.000000 	1.886299 	0.531507 	2.136001 	1.825171 	1.167262 	2.358495 	1.431127 	1.629801 	0.380789 	0.672681 	1.035012 	0.851469 	1.206752 	2.260669 	1.220656 	1.133578 	1.241219 	0.335410 	0.371652 	1.131923 	1.131923 	
0.625000 	1.168867 	0.380789 	2.980038 	1.312441 	0.254951 	2.672195 	2.557953 	1.285739 	0.629484 	0.682367 	0.686477 	0.629484 	3.245189 	0.390512 	0.134629 	1.885802 	0.475657 	2.740552 	1.282819 	2.864001 	3.097681 	0.594243 	2.429635 	1.886299 	9.000000 	1.376817 	0.261008 	0.075000 	0.752080 	0.482830 	3.219084 	0.325000 	1.576586 	2.545707 	0.958188 	2.717651 	0.789383 	0.395285 	0.853302 	2.999271 	0.851469 	1.868321 	1.825171 	0.980115 	3.002603 	
1.027740 	0.469707 	1.388569 	1.802776 	0.265754 	1.226020 	1.431782 	1.718284 	0.785016 	1.275980 	1.100000 	1.075000 	1.126111 	2.051981 	0.995301 	1.365650 	0.570636 	1.796698 	1.476482 	0.127475 	1.590794 	1.845603 	0.790569 	1.110180 	0.531507 	1.376817 	9.000000 	1.632483 	1.311964 	0.640312 	1.856071 	1.950801 	1.105102 	0.206155 	1.204159 	0.506211 	1.382932 	0.675463 	1.740869 	0.694622 	1.665083 	0.716327 	0.509902 	0.477624 	0.617454 	1.663205 	
0.797653 	1.397542 	0.436606 	3.194526 	1.555032 	0.442295 	2.899138 	2.728095 	1.476906 	0.721543 	0.827647 	0.838525 	0.771767 	3.460220 	0.638847 	0.282843 	2.130288 	0.246221 	2.970690 	1.535008 	3.094855 	3.323590 	0.854400 	2.670674 	2.136001 	0.261008 	1.632483 	9.000000 	0.333542 	1.012423 	0.223607 	3.447191 	0.579871 	1.833712 	2.790161 	1.219118 	2.960152 	1.049405 	0.251247 	1.110180 	3.240756 	1.107080 	2.127205 	2.084616 	1.237437 	3.245189 	
0.608276 	1.120547 	0.416083 	2.935345 	1.256234 	0.251247 	2.622261 	2.531057 	1.253994 	0.642748 	0.675463 	0.676849 	0.625000 	3.200098 	0.336341 	0.176777 	1.827738 	0.550568 	2.689098 	1.220656 	2.812139 	3.047950 	0.525595 	2.373025 	1.825171 	0.075000 	1.311964 	0.333542 	9.000000 	0.682825 	0.553399 	3.168300 	0.250000 	1.510381 	2.487217 	0.886002 	2.660122 	0.715891 	0.442295 	0.778621 	2.942151 	0.776611 	1.800347 	1.756595 	0.905539 	2.944911 	
0.617454 	0.604669 	0.853302 	2.370654 	0.648556 	0.650481 	2.024846 	2.114829 	0.883883 	0.850368 	0.721110 	0.700446 	0.716327 	2.629757 	0.400780 	0.764853 	1.187697 	1.201301 	2.080865 	0.566789 	2.200142 	2.447703 	0.158114 	1.735655 	1.167262 	0.752080 	0.640312 	1.012423 	0.682825 	9.000000 	1.234909 	2.560395 	0.465027 	0.832166 	1.838478 	0.226385 	2.015564 	0.145774 	1.102554 	0.250000 	2.298369 	0.270416 	1.118034 	1.073837 	0.325960 	2.298097 	
0.995615 	1.613420 	0.604669 	3.400735 	1.775704 	0.656220 	3.112073 	2.909038 	1.675187 	0.883530 	1.012423 	1.026219 	0.956883 	3.666487 	0.862047 	0.500000 	2.351197 	0.201556 	3.185122 	1.758195 	3.309551 	3.535711 	1.077033 	2.890069 	2.358495 	0.482830 	1.856071 	0.223607 	0.553399 	1.234909 	9.000000 	3.660345 	0.794512 	2.057304 	3.010814 	1.439184 	3.180016 	1.267379 	0.270416 	1.323820 	3.460130 	1.319327 	2.350532 	2.307732 	1.451293 	3.465003 	
2.676402 	2.050914 	3.085855 	0.400780 	1.920937 	3.005412 	0.548293 	1.250250 	2.020056 	2.855039 	2.686192 	2.666693 	2.737015 	0.318198 	2.831960 	3.164352 	1.380670 	3.544185 	0.480234 	1.997029 	0.360555 	0.134629 	2.690376 	0.850368 	1.431127 	3.219084 	1.950801 	3.447191 	3.168300 	2.560395 	3.660345 	9.000000 	3.006347 	1.811249 	0.800391 	2.456751 	0.632949 	2.621188 	3.610575 	2.645397 	0.436606 	2.666927 	1.652460 	1.707703 	2.561860 	0.467039 	
0.618466 	0.983933 	0.590021 	2.795756 	1.085415 	0.371652 	2.465005 	2.455860 	1.176860 	0.742041 	0.711512 	0.704006 	0.673146 	3.058288 	0.251247 	0.395285 	1.644118 	0.800391 	2.526114 	1.025914 	2.647286 	2.890069 	0.318198 	2.192316 	1.629801 	0.325000 	1.105102 	0.579871 	0.250000 	0.465027 	0.794512 	3.006347 	9.000000 	1.296630 	2.299185 	0.650000 	2.475126 	0.474342 	0.638847 	0.530330 	2.757943 	0.527376 	1.578369 	1.532359 	0.657647 	2.758623 	
1.231361 	0.642748 	1.594718 	1.697793 	0.419076 	1.431127 	1.312441 	1.710263 	0.928036 	1.478386 	1.300961 	1.275980 	1.328768 	1.937298 	1.198176 	1.569236 	0.456207 	2.001406 	1.346291 	0.325960 	1.454519 	1.713549 	0.986154 	0.961769 	0.380789 	1.576586 	0.206155 	1.833712 	1.510381 	0.832166 	2.057304 	1.811249 	1.296630 	9.000000 	1.040433 	0.671751 	1.220656 	0.849264 	1.934716 	0.851469 	1.500000 	0.870704 	0.304138 	0.275000 	0.755811 	1.495410 	
2.069118 	1.410895 	2.474495 	0.824621 	1.235162 	2.357568 	0.447214 	1.320038 	1.487027 	2.282132 	2.102380 	2.079814 	2.146654 	1.000312 	2.155371 	2.510976 	0.660019 	2.920295 	0.412311 	1.273283 	0.475000 	0.728869 	1.981161 	0.150000 	0.672681 	2.545707 	1.204159 	2.790161 	2.487217 	1.838478 	3.010814 	0.800391 	2.299185 	1.040433 	9.000000 	1.706239 	0.180278 	1.879162 	2.925854 	1.890106 	0.460977 	1.910007 	0.854400 	0.910014 	1.796177 	0.459619 	
