Total assets = 509
Number of asset nodes = 33

Distance:
999.000000 	85.445892 	27.459061 	81.492332 	78.294319 	11.661903 	78.721024 	106.254410 	20.880613 	13.341664 	104.009613 	110.679718 	48.093658 	121.827744 	79.056938 	22.022715 	52.000000 	97.693398 	98.615417 	34.985710 	114.490173 	147.627914 	124.036285 	57.558666 	112.924751 	34.785053 	37.121422 	115.316956 	128.798294 	53.600372 	80.504662 	57.688820 	94.085068 	78.089691 	61.400326 	113.991226 	99.322708 	106.018867 	99.985001 	85.796272 	114.039467 	114.017540 	110.855759 	
85.445892 	999.000000 	61.522354 	9.055386 	12.041595 	81.394104 	15.033297 	20.808653 	74.330345 	95.775780 	18.788294 	25.238859 	50.990196 	36.400551 	24.515301 	100.409164 	52.201534 	22.825424 	23.706539 	118.258194 	32.140316 	62.968246 	39.849716 	58.463665 	34.365681 	101.019798 	97.637085 	37.483330 	45.891174 	85.381500 	58.855755 	83.934502 	51.000000 	62.393909 	81.786308 	54.817879 	63.953106 	62.425957 	69.354164 	80.622574 	63.655323 	67.357254 	83.186539 	
27.459061 	61.522354 	999.000000 	56.222771 	52.801514 	20.248457 	52.697250 	82.073135 	13.038404 	34.985710 	79.397736 	86.371292 	21.095022 	97.672920 	52.000000 	38.897301 	25.495098 	71.119621 	72.006943 	57.008770 	88.509888 	124.482933 	98.473343 	32.695564 	86.313385 	41.231056 	39.293766 	88.566360 	102.727798 	40.311287 	54.817879 	42.544094 	67.007462 	53.141319 	44.407207 	86.579445 	73.164200 	79.309517 	74.464760 	64.070274 	87.022987 	87.281158 	86.377083 	
81.492332 	9.055386 	56.222771 	999.000000 	3.605551 	76.400261 	6.000000 	26.400757 	68.680420 	91.021973 	23.345236 	30.479502 	43.566040 	41.773197 	15.524175 	95.015785 	44.283180 	19.104973 	20.099751 	113.229858 	33.241539 	69.202599 	42.544094 	50.000000 	33.241539 	94.493385 	90.801979 	36.124783 	47.539455 	77.252831 	49.819675 	75.584389 	42.720020 	53.338543 	73.246162 	48.877399 	55.569775 	54.671749 	60.827625 	71.568146 	56.727417 	60.108234 	74.793045 	
78.294319 	12.041595 	52.801514 	3.605551 	999.000000 	73.006851 	3.605551 	30.000000 	65.192024 	87.658424 	26.907248 	34.058773 	39.962482 	45.343136 	13.416408 	91.547798 	40.718548 	21.023796 	22.022715 	109.808922 	36.249138 	72.801102 	45.793011 	46.572525 	35.693138 	90.906548 	87.200920 	38.470768 	50.566788 	73.736015 	47.296936 	72.124893 	41.400482 	50.635956 	69.856995 	49.193497 	54.083271 	53.758720 	59.169250 	68.883957 	56.400356 	59.548298 	73.246162 	
11.661903 	81.394104 	20.248457 	76.400261 	73.006851 	999.000000 	72.945183 	102.068604 	10.000000 	14.764823 	99.488693 	106.404884 	39.051247 	117.686020 	72.013885 	19.416489 	42.426407 	91.301697 	92.179176 	36.878178 	108.756607 	144.256714 	118.713943 	47.042534 	106.470650 	27.018513 	27.892651 	108.673820 	122.967476 	42.011902 	70.064255 	46.043457 	84.593147 	67.364677 	49.739319 	105.118980 	89.022469 	96.083298 	89.358826 	74.330345 	104.388695 	104.076897 	99.824844 	
78.721024 	15.033297 	52.697250 	6.000000 	3.605551 	72.945183 	999.000000 	31.384710 	64.815125 	87.664131 	28.017851 	35.227829 	38.600517 	46.400433 	9.848858 	91.214035 	38.948685 	19.416489 	20.396078 	109.622078 	35.846897 	74.060783 	45.803928 	44.271889 	34.481880 	89.938866 	86.052307 	37.107952 	50.119858 	71.693794 	43.931767 	69.892776 	37.802116 	47.381432 	67.446274 	46.097721 	50.477718 	50.209560 	55.569775 	65.620117 	53.009434 	56.080299 	69.641945 	
106.254410 	20.808653 	82.073135 	26.400757 	30.000000 	102.068604 	31.384710 	999.000000 	94.752312 	116.516090 	4.000000 	4.472136 	69.892776 	15.620500 	37.947330 	120.966934 	70.327805 	23.194826 	23.345236 	138.946030 	17.492855 	42.801868 	21.000000 	75.239616 	24.041630 	120.880104 	117.200684 	26.907248 	28.160255 	102.883430 	70.349129 	100.846420 	57.428215 	74.672615 	98.081596 	52.839378 	70.035706 	65.802734 	75.953934 	92.265923 	63.976559 	68.541962 	88.526833 	
20.880613 	74.330345 	13.038404 	68.680420 	65.192024 	10.000000 	64.815125 	94.752312 	999.000000 	24.041630 	91.967384 	99.005051 	29.410883 	110.317726 	63.134777 	26.400757 	32.557640 	82.680107 	83.528435 	44.944408 	100.439034 	137.295303 	110.602890 	37.054016 	97.754799 	28.460499 	27.166155 	99.849884 	114.546936 	34.713108 	60.074955 	38.209946 	74.672615 	57.428215 	41.400482 	95.341492 	79.025314 	86.092972 	79.404030 	65.000000 	94.429871 	94.085068 	90.027771 	
13.341664 	95.775780 	34.985710 	91.021973 	87.658424 	14.764823 	87.664131 	116.516090 	24.041630 	999.000000 	114.017540 	120.880104 	53.450912 	132.136292 	86.764046 	9.219544 	56.515484 	106.066017 	106.943909 	22.671568 	123.490891 	158.492905 	133.405396 	60.207973 	121.235306 	24.413111 	28.284271 	123.434196 	137.713470 	49.769470 	83.096329 	54.424259 	98.478424 	80.000000 	58.821766 	119.331474 	102.122475 	109.553642 	102.004898 	84.929382 	118.088951 	117.515953 	111.646767 	
104.009613 	18.788294 	79.397736 	23.345236 	26.907248 	99.488693 	28.017851 	4.000000 	91.967384 	114.017540 	999.000000 	7.211102 	66.610809 	18.439089 	34.176014 	118.258194 	66.887962 	19.235384 	19.416489 	136.359818 	15.811388 	46.043457 	21.377558 	71.589104 	21.400934 	117.796432 	114.017540 	24.413111 	28.017851 	99.282425 	66.370171 	97.169952 	53.460266 	70.710678 	94.339813 	49.396355 	66.098412 	61.983868 	72.006943 	88.277969 	60.373837 	64.884514 	84.646324 	
110.679718 	25.238859 	86.371292 	30.479502 	34.058773 	106.404884 	35.227829 	4.472136 	99.005051 	120.880104 	7.211102 	999.000000 	73.817345 	11.313708 	41.231056 	125.255737 	74.094536 	25.019993 	25.000000 	143.282944 	15.556349 	38.832977 	17.117243 	78.721024 	23.021729 	124.963997 	121.210564 	25.612497 	24.515301 	106.437775 	72.835434 	104.278473 	59.076221 	77.278717 	101.390335 	52.801514 	71.449280 	66.708321 	77.414467 	94.641426 	64.257294 	68.949257 	89.627007 	
48.093658 	50.990196 	21.095022 	43.566040 	39.962482 	39.051247 	38.600517 	69.892776 	29.410883 	53.450912 	66.610809 	73.817345 	999.000000 	85.000000 	34.828148 	55.009090 	5.000000 	54.671749 	55.443665 	73.790245 	72.917763 	112.645462 	83.450584 	14.212670 	69.404610 	51.623638 	47.507893 	71.281136 	86.683334 	35.355339 	34.176014 	35.000000 	46.010868 	33.120991 	34.365681 	66.098412 	52.172791 	58.215118 	53.758720 	46.690472 	66.000000 	66.189125 	66.211784 	
121.827744 	36.400551 	97.672920 	41.773197 	45.343136 	117.686020 	46.400433 	15.620500 	110.317726 	132.136292 	18.439089 	11.313708 	85.000000 	999.000000 	51.884487 	136.561340 	85.146935 	34.205261 	33.955853 	154.563904 	19.235384 	27.784887 	13.453624 	89.470665 	27.459061 	136.235092 	132.438660 	29.120440 	20.615528 	117.239075 	82.225304 	114.934761 	67.186310 	86.833176 	111.892807 	57.723480 	79.000000 	73.334846 	85.000000 	103.754517 	69.634758 	74.525162 	96.420952 	
79.056938 	24.515301 	52.000000 	15.524175 	13.416408 	72.013885 	9.848858 	37.947330 	63.134777 	86.764046 	34.176014 	41.231056 	34.828148 	51.884487 	999.000000 	89.358826 	33.970577 	19.849434 	20.615528 	108.046288 	38.183765 	79.649231 	48.836460 	37.589893 	34.669872 	86.371292 	82.024384 	36.715118 	51.855568 	65.368187 	34.365681 	63.071388 	28.319605 	38.052597 	60.166435 	39.293766 	40.804413 	41.109608 	45.793011 	56.222771 	44.777225 	47.434166 	59.908264 	
22.022715 	100.409164 	38.897301 	95.015785 	91.547798 	19.416489 	91.214035 	120.966934 	26.400757 	9.219544 	118.258194 	125.255737 	55.009090 	136.561340 	89.358826 	999.000000 	57.384666 	109.000000 	109.836243 	18.788294 	126.826653 	163.355438 	137.003647 	59.665737 	124.020157 	16.278820 	21.095022 	126.051575 	140.911316 	45.122055 	82.036575 	50.009998 	98.493652 	78.517517 	54.744862 	119.854080 	100.975243 	108.853111 	100.319489 	81.498466 	117.686020 	116.726173 	109.041275 	
52.000000 	52.201534 	25.495098 	44.283180 	40.718548 	42.426407 	38.948685 	70.327805 	32.557640 	56.515484 	66.887962 	74.094536 	5.000000 	85.146935 	33.970577 	57.384666 	999.000000 	53.740116 	54.451813 	76.157730 	72.138756 	112.898186 	82.807007 	9.433981 	68.117546 	52.630791 	48.104053 	69.814041 	85.632935 	33.241539 	29.410883 	32.249031 	42.190044 	28.178005 	31.016125 	62.817196 	47.675991 	54.037025 	49.040798 	41.773197 	62.072536 	62.032249 	61.326992 	
97.693398 	22.825424 	71.119621 	19.104973 	21.023796 	91.301697 	19.416489 	23.194826 	82.680107 	106.066017 	19.235384 	25.019993 	54.671749 	34.205261 	19.849434 	109.000000 	53.740116 	999.000000 	1.000000 	127.624451 	18.439089 	61.465439 	29.206163 	56.612720 	15.231546 	106.216759 	101.833199 	17.720045 	32.015621 	84.314888 	48.052055 	81.633324 	34.234486 	52.630791 	78.294319 	32.526913 	46.872166 	43.081318 	52.773098 	69.720871 	42.438190 	46.647614 	65.520988 	
98.615417 	23.706539 	72.006943 	20.099751 	22.022715 	92.179176 	20.396078 	23.345236 	83.528435 	106.943909 	19.416489 	25.000000 	55.443665 	33.955853 	20.615528 	109.836243 	54.451813 	1.000000 	999.000000 	128.471786 	17.804493 	61.098282 	28.600698 	57.201397 	14.317822 	106.962608 	102.552429 	16.763054 	31.240999 	84.876381 	48.270073 	82.152298 	34.132095 	52.886673 	78.771820 	31.827662 	46.690472 	42.720020 	52.611786 	69.871307 	41.880783 	46.141087 	65.253349 	
34.985710 	118.258194 	57.008770 	113.229858 	109.808922 	36.878178 	109.622078 	138.946030 	44.944408 	22.671568 	136.359818 	143.282944 	73.790245 	154.563904 	108.046288 	18.788294 	76.157730 	127.624451 	128.471786 	999.000000 	145.340973 	181.069046 	155.425217 	78.160095 	142.688477 	29.154760 	35.128338 	144.754959 	159.477264 	61.032780 	100.224747 	66.030296 	117.046997 	96.509064 	71.007042 	138.513535 	119.050407 	127.121986 	118.088951 	98.005104 	136.062485 	134.937027 	126.099167 	
114.490173 	32.140316 	88.509888 	33.241539 	36.249138 	108.756607 	35.846897 	17.492855 	100.439034 	123.490891 	15.811388 	15.556349 	72.917763 	19.235384 	38.183765 	126.826653 	72.138756 	18.439089 	17.804493 	145.340973 	999.000000 	44.384682 	10.816654 	75.000000 	8.246211 	124.523087 	120.208153 	10.295630 	14.317822 	102.649887 	64.845970 	99.859901 	48.662102 	69.641945 	96.384644 	38.600517 	60.074955 	54.147945 	66.068146 	85.866173 	50.447994 	55.317268 	77.233414 	
147.627914 	62.968246 	124.482933 	69.202599 	72.801102 	144.256714 	74.060783 	42.801868 	137.295303 	158.492905 	46.043457 	38.832977 	112.645462 	27.784887 	79.649231 	163.355438 	112.898186 	61.465439 	61.098282 	181.069046 	44.384682 	999.000000 	34.365681 	117.239075 	51.788029 	163.670395 	160.000000 	52.345009 	37.054016 	145.013794 	109.110039 	142.667450 	92.962357 	113.841995 	139.556442 	80.000000 	103.947105 	97.252251 	109.895409 	130.249756 	92.005432 	97.005157 	120.104118 	
124.036285 	39.849716 	98.473343 	42.544094 	45.793011 	118.713943 	45.803928 	21.000000 	110.602890 	133.405396 	21.377558 	17.117243 	83.450584 	13.453624 	48.836460 	137.003647 	82.807007 	29.206163 	28.600698 	155.425217 	10.816654 	34.365681 	999.000000 	85.802101 	17.464249 	135.074051 	130.831955 	18.027756 	7.615773 	113.463654 	75.392311 	110.675201 	58.694122 	80.230919 	107.186752 	46.270943 	69.584480 	63.031738 	75.538071 	96.166519 	58.309521 	63.285069 	86.000000 	
57.558666 	58.463665 	32.695564 	50.000000 	46.572525 	47.042534 	44.271889 	75.239616 	37.054016 	60.207973 	71.589104 	78.721024 	14.212670 	89.470665 	37.589893 	59.665737 	9.433981 	56.612720 	57.201397 	78.160095 	75.000000 	117.239075 	85.802101 	999.000000 	70.092796 	52.354561 	47.169907 	71.421288 	87.863533 	27.784887 	23.021729 	25.632011 	38.897301 	20.615528 	23.345236 	60.539242 	42.000000 	49.365982 	42.426407 	32.526913 	58.051701 	57.314919 	53.758720 	
112.924751 	34.365681 	86.313385 	33.241539 	35.693138 	106.470650 	34.481880 	24.041630 	97.754799 	121.235306 	21.400934 	23.021729 	69.404610 	27.459061 	34.669872 	124.020157 	68.117546 	15.231546 	14.317822 	142.688477 	8.246211 	51.788029 	17.464249 	70.092796 	999.000000 	120.739388 	116.180893 	3.162278 	17.804493 	97.452553 	58.180752 	94.403389 	41.231056 	63.071388 	90.697296 	30.364452 	52.239830 	46.043457 	58.215118 	78.746429 	42.201897 	47.074409 	69.115845 	
34.785053 	101.019798 	41.231056 	94.493385 	90.906548 	27.018513 	89.938866 	120.880104 	28.460499 	24.413111 	117.796432 	124.963997 	51.623638 	136.235092 	86.371292 	16.278820 	52.630791 	106.216759 	106.962608 	29.154760 	124.523087 	163.670395 	135.074051 	52.354561 	120.739388 	999.000000 	6.000000 	122.441826 	138.191895 	32.015621 	73.054771 	37.013512 	90.873535 	68.963760 	42.047592 	112.729767 	91.482239 	99.929977 	90.027771 	69.028976 	109.110039 	107.563934 	97.329338 	
37.121422 	97.637085 	39.293766 	90.801979 	87.200920 	27.892651 	86.052307 	117.200684 	27.166155 	28.284271 	114.017540 	121.210564 	47.507893 	132.438660 	82.024384 	21.095022 	48.104053 	101.833199 	102.552429 	35.128338 	120.208153 	160.000000 	130.831955 	47.169907 	116.180893 	6.000000 	999.000000 	117.796432 	133.734818 	26.019224 	67.416618 	31.016125 	85.428329 	63.245552 	36.055511 	107.331261 	85.726311 	94.244362 	84.172440 	63.031738 	103.464973 	101.833199 	91.350975 	
115.316956 	37.483330 	88.566360 	36.124783 	38.470768 	108.673820 	37.107952 	26.907248 	99.849884 	123.434196 	24.413111 	25.612497 	71.281136 	29.120440 	36.715118 	126.051575 	69.814041 	17.720045 	16.763054 	144.754959 	10.295630 	52.345009 	18.027756 	71.421288 	3.162278 	122.441826 	117.796432 	999.000000 	17.000000 	98.595131 	58.591808 	95.425362 	41.109608 	63.529522 	91.607857 	28.635643 	51.623638 	45.011108 	57.558666 	78.771820 	40.607880 	45.541191 	68.007355 	
128.798294 	45.891174 	102.727798 	47.539455 	50.566788 	122.967476 	50.119858 	28.160255 	114.546936 	137.713470 	28.017851 	24.515301 	86.683334 	20.615528 	51.855568 	140.911316 	85.632935 	32.015621 	31.240999 	159.477264 	14.317822 	37.054016 	7.615773 	87.863533 	17.804493 	138.191895 	133.734818 	17.000000 	999.000000 	115.256233 	75.591003 	112.200714 	57.939625 	80.529495 	108.466583 	43.046486 	67.911705 	60.671246 	73.756355 	95.634720 	55.009090 	60.008331 	83.294655 	
53.600372 	85.381500 	40.311287 	77.252831 	73.736015 	42.011902 	71.693794 	102.883430 	34.713108 	49.769470 	99.282425 	106.437775 	35.355339 	117.239075 	65.368187 	45.122055 	33.241539 	84.314888 	84.876381 	61.032780 	102.649887 	145.013794 	113.463654 	27.784887 	97.452553 	32.015621 	26.019224 	98.595131 	115.256233 	999.000000 	43.566040 	5.000000 	62.425957 	38.948685 	10.049875 	84.314888 	60.926186 	69.778221 	58.821766 	37.013512 	79.158073 	77.077881 	65.375839 	
80.504662 	58.855755 	54.817879 	49.819675 	47.296936 	70.064255 	43.931767 	70.349129 	60.074955 	83.096329 	66.370171 	72.835434 	34.176014 	82.225304 	34.365681 	82.036575 	29.410883 	48.052055 	48.270073 	100.224747 	64.845970 	109.110039 	75.392311 	23.021729 	58.180752 	73.054771 	67.416618 	58.591808 	75.591003 	43.566040 	999.000000 	39.408119 	19.104973 	5.000000 	34.828148 	40.804413 	19.026299 	26.925823 	19.646883 	22.000000 	36.055511 	34.713108 	32.249031 	
57.688820 	83.934502 	42.544094 	75.584389 	72.124893 	46.043457 	69.892776 	100.846420 	38.209946 	54.424259 	97.169952 	104.278473 	35.000000 	114.934761 	63.071388 	50.009998 	32.249031 	81.633324 	82.152298 	66.030296 	99.859901 	142.667450 	110.675201 	25.632011 	94.403389 	37.013512 	31.016125 	95.425362 	112.200714 	5.000000 	39.408119 	999.000000 	58.412327 	34.669872 	5.099020 	80.212219 	56.364883 	65.299309 	54.083271 	32.015621 	74.706093 	72.498276 	60.406952 	
94.085068 	51.000000 	67.007462 	42.720020 	41.400482 	84.593147 	37.802116 	57.428215 	74.672615 	98.478424 	53.460266 	59.076221 	46.010868 	67.186310 	28.319605 	98.493652 	42.190044 	34.234486 	34.132095 	117.046997 	48.662102 	92.962357 	58.694122 	38.897301 	41.231056 	90.873535 	85.428329 	41.109608 	57.939625 	62.425957 	19.104973 	58.412327 	999.000000 	24.041630 	53.907330 	21.954498 	13.000000 	13.416408 	18.681541 	37.696156 	20.024984 	20.880613 	32.202484 	
78.089691 	62.393909 	53.141319 	53.338543 	50.635956 	67.364677 	47.381432 	74.672615 	57.428215 	80.000000 	70.710678 	77.278717 	33.120991 	86.833176 	38.052597 	78.517517 	28.178005 	52.630791 	52.886673 	96.509064 	69.641945 	113.841995 	80.230919 	20.615528 	63.071388 	68.963760 	63.245552 	63.529522 	80.529495 	38.948685 	5.000000 	34.669872 	24.041630 	999.000000 	30.000000 	45.607018 	22.561028 	31.016125 	22.022715 	18.248287 	40.311287 	38.600517 	33.241539 	
61.400326 	81.786308 	44.407207 	73.246162 	69.856995 	49.739319 	67.446274 	98.081596 	41.400482 	58.821766 	94.339813 	101.390335 	34.365681 	111.892807 	60.166435 	54.744862 	31.016125 	78.294319 	78.771820 	71.007042 	96.384644 	139.556442 	107.186752 	23.345236 	90.697296 	42.047592 	36.055511 	91.607857 	108.466583 	10.049875 	34.828148 	5.099020 	53.907330 	30.000000 	999.000000 	75.604233 	51.429562 	60.415230 	49.040798 	27.000000 	69.835518 	67.542580 	55.326305 	
113.991226 	54.817879 	86.579445 	48.877399 	49.193497 	105.118980 	46.097721 	52.839378 	95.341492 	119.331474 	49.396355 	52.801514 	66.098412 	57.723480 	39.293766 	119.854080 	62.817196 	32.526913 	31.827662 	138.513535 	38.600517 	80.000000 	46.270943 	60.539242 	30.364452 	112.729767 	107.331261 	28.635643 	43.046486 	84.314888 	40.804413 	80.212219 	21.954498 	45.607018 	75.604233 	999.000000 	26.925823 	18.384777 	32.202484 	56.612720 	12.041595 	17.029387 	40.311287 	
99.322708 	63.953106 	73.164200 	55.569775 	54.083271 	89.022469 	50.477718 	70.035706 	79.025314 	102.122475 	66.098412 	71.449280 	52.172791 	79.000000 	40.804413 	100.975243 	47.675991 	46.872166 	46.690472 	119.050407 	60.074955 	103.947105 	69.584480 	42.000000 	52.239830 	91.482239 	85.726311 	51.623638 	67.911705 	60.926186 	19.026299 	56.364883 	13.000000 	22.561028 	51.429562 	26.925823 	999.000000 	9.219544 	6.000000 	29.832869 	18.601076 	16.155495 	19.235384 	
106.018867 	62.425957 	79.309517 	54.671749 	53.758720 	96.083298 	50.209560 	65.802734 	86.092972 	109.553642 	61.983868 	66.708321 	58.215118 	73.334846 	41.109608 	108.853111 	54.037025 	43.081318 	42.720020 	127.121986 	54.147945 	97.252251 	63.031738 	49.365982 	46.043457 	99.929977 	94.244362 	45.011108 	60.671246 	69.778221 	26.925823 	65.299309 	13.416408 	31.016125 	60.415230 	18.384777 	9.219544 	999.000000 	13.892444 	38.948685 	9.433981 	8.000000 	23.086792 	
99.985001 	69.354164 	74.464760 	60.827625 	59.169250 	89.358826 	55.569775 	75.953934 	79.404030 	102.004898 	72.006943 	77.414467 	53.758720 	85.000000 	45.793011 	100.319489 	49.040798 	52.773098 	52.611786 	118.088951 	66.068146 	109.895409 	75.538071 	42.426407 	58.215118 	90.027771 	84.172440 	57.558666 	73.756355 	58.821766 	19.646883 	54.083271 	18.681541 	22.022715 	49.040798 	32.202484 	6.000000 	13.892444 	999.000000 	25.495098 	22.671568 	19.209373 	14.212670 	
85.796272 	80.622574 	64.070274 	71.568146 	68.883957 	74.330345 	65.620117 	92.265923 	65.000000 	84.929382 	88.277969 	94.641426 	46.690472 	103.754517 	56.222771 	81.498466 	41.773197 	69.720871 	69.871307 	98.005104 	85.866173 	130.249756 	96.166519 	32.526913 	78.746429 	69.028976 	63.031738 	78.771820 	95.634720 	37.013512 	22.000000 	32.015621 	37.696156 	18.248287 	27.000000 	56.612720 	29.832869 	38.948685 	25.495098 	999.000000 	48.083260 	44.687805 	28.635643 	
114.039467 	63.655323 	87.022987 	56.727417 	56.400356 	104.388695 	53.009434 	63.976559 	94.429871 	118.088951 	60.373837 	64.257294 	66.000000 	69.634758 	44.777225 	117.686020 	62.072536 	42.438190 	41.880783 	136.062485 	50.447994 	92.005432 	58.309521 	58.051701 	42.201897 	109.110039 	103.464973 	40.607880 	55.009090 	79.158073 	36.055511 	74.706093 	20.024984 	40.311287 	69.835518 	12.041595 	18.601076 	9.433981 	22.671568 	48.083260 	999.000000 	5.000000 	28.635643 	
114.017540 	67.357254 	87.281158 	60.108234 	59.548298 	104.076897 	56.080299 	68.541962 	94.085068 	117.515953 	64.884514 	68.949257 	66.189125 	74.525162 	47.434166 	116.726173 	62.032249 	46.647614 	46.141087 	134.937027 	55.317268 	97.005157 	63.285069 	57.314919 	47.074409 	107.563934 	101.833199 	45.541191 	60.008331 	77.077881 	34.713108 	72.498276 	20.880613 	38.600517 	67.542580 	17.029387 	16.155495 	8.000000 	19.209373 	44.687805 	5.000000 	999.000000 	23.769728 	
110.855759 	83.186539 	86.377083 	74.793045 	73.246162 	99.824844 	69.641945 	88.526833 	90.027771 	111.646767 	84.646324 	89.627007 	66.211784 	96.420952 	59.908264 	109.041275 	61.326992 	65.520988 	65.253349 	126.099167 	77.233414 	120.104118 	86.000000 	53.758720 	69.115845 	97.329338 	91.350975 	68.007355 	83.294655 	65.375839 	32.249031 	60.406952 	32.202484 	33.241539 	55.326305 	40.311287 	19.235384 	23.086792 	14.212670 	28.635643 	28.635643 	23.769728 	999.000000 	

Travel time:
9.000000 	2.136147 	0.686477 	2.037308 	1.957358 	0.291548 	1.968026 	2.656360 	0.522015 	0.333542 	2.600240 	2.766993 	1.202341 	3.045694 	1.976424 	0.550568 	1.300000 	2.442335 	2.465385 	0.874643 	2.862254 	3.690698 	3.100907 	1.438967 	2.823119 	0.869626 	0.928036 	2.882924 	3.219957 	1.340009 	2.012617 	1.442220 	2.352127 	1.952242 	1.535008 	2.849781 	2.483068 	2.650472 	2.499625 	2.144907 	2.850987 	2.850439 	2.771394 	
2.136147 	9.000000 	1.538059 	0.226385 	0.301040 	2.034853 	0.375832 	0.520216 	1.858259 	2.394394 	0.469707 	0.630971 	1.274755 	0.910014 	0.612882 	2.510229 	1.305038 	0.570636 	0.592663 	2.956455 	0.803508 	1.574206 	0.996243 	1.461592 	0.859142 	2.525495 	2.440927 	0.937083 	1.147279 	2.134537 	1.471394 	2.098362 	1.275000 	1.559848 	2.044658 	1.370447 	1.598828 	1.560649 	1.733854 	2.015564 	1.591383 	1.683931 	2.079664 	
0.686477 	1.538059 	9.000000 	1.405569 	1.320038 	0.506211 	1.317431 	2.051828 	0.325960 	0.874643 	1.984943 	2.159282 	0.527376 	2.441823 	1.300000 	0.972432 	0.637377 	1.777991 	1.800174 	1.425219 	2.212747 	3.112073 	2.461833 	0.817389 	2.157835 	1.030776 	0.982344 	2.214159 	2.568195 	1.007782 	1.370447 	1.063602 	1.675187 	1.328533 	1.110180 	2.164486 	1.829105 	1.982738 	1.861619 	1.601757 	2.175575 	2.182029 	2.159427 	
2.037308 	0.226385 	1.405569 	9.000000 	0.090139 	1.910007 	0.150000 	0.660019 	1.717010 	2.275549 	0.583631 	0.761988 	1.089151 	1.044330 	0.388104 	2.375395 	1.107080 	0.477624 	0.502494 	2.830746 	0.831038 	1.730065 	1.063602 	1.250000 	0.831038 	2.362335 	2.270050 	0.903120 	1.188486 	1.931321 	1.245492 	1.889610 	1.068001 	1.333464 	1.831154 	1.221935 	1.389244 	1.366794 	1.520691 	1.789204 	1.418185 	1.502706 	1.869826 	
1.957358 	0.301040 	1.320038 	0.090139 	9.000000 	1.825171 	0.090139 	0.750000 	1.629801 	2.191461 	0.672681 	0.851469 	0.999062 	1.133578 	0.335410 	2.288695 	1.017964 	0.525595 	0.550568 	2.745223 	0.906228 	1.820028 	1.144825 	1.164313 	0.892328 	2.272664 	2.180023 	0.961769 	1.264170 	1.843400 	1.182423 	1.803122 	1.035012 	1.265899 	1.746425 	1.229837 	1.352082 	1.343968 	1.479231 	1.722099 	1.410009 	1.488707 	1.831154 	
0.291548 	2.034853 	0.506211 	1.910007 	1.825171 	9.000000 	1.823630 	2.551715 	0.250000 	0.369121 	2.487217 	2.660122 	0.976281 	2.942151 	1.800347 	0.485412 	1.060660 	2.282542 	2.304479 	0.921954 	2.718915 	3.606418 	2.967849 	1.176063 	2.661766 	0.675463 	0.697316 	2.716846 	3.074187 	1.050297 	1.751606 	1.151086 	2.114829 	1.684117 	1.243483 	2.627975 	2.225562 	2.402082 	2.233971 	1.858259 	2.609717 	2.601923 	2.495621 	
1.968026 	0.375832 	1.317431 	0.150000 	0.090139 	1.823630 	9.000000 	0.784618 	1.620378 	2.191603 	0.700446 	0.880696 	0.965013 	1.160011 	0.246221 	2.280351 	0.973717 	0.485412 	0.509902 	2.740552 	0.896172 	1.851520 	1.145098 	1.106797 	0.862047 	2.248472 	2.151308 	0.927699 	1.252996 	1.792345 	1.098294 	1.747319 	0.945053 	1.184536 	1.686157 	1.152443 	1.261943 	1.255239 	1.389244 	1.640503 	1.325236 	1.402007 	1.741049 	
2.656360 	0.520216 	2.051828 	0.660019 	0.750000 	2.551715 	0.784618 	9.000000 	2.368808 	2.912902 	0.100000 	0.111803 	1.747319 	0.390512 	0.948683 	3.024173 	1.758195 	0.579871 	0.583631 	3.473651 	0.437321 	1.070047 	0.525000 	1.880990 	0.601041 	3.022003 	2.930017 	0.672681 	0.704006 	2.572086 	1.758728 	2.521161 	1.435705 	1.866815 	2.452040 	1.320984 	1.750893 	1.645068 	1.898848 	2.306648 	1.599414 	1.713549 	2.213171 	
0.522015 	1.858259 	0.325960 	1.717010 	1.629801 	0.250000 	1.620378 	2.368808 	9.000000 	0.601041 	2.299185 	2.475126 	0.735272 	2.757943 	1.578369 	0.660019 	0.813941 	2.067003 	2.088211 	1.123610 	2.510976 	3.432383 	2.765072 	0.926350 	2.443870 	0.711512 	0.679154 	2.496247 	2.863673 	0.867828 	1.501874 	0.955249 	1.866815 	1.435705 	1.035012 	2.383537 	1.975633 	2.152324 	1.985101 	1.625000 	2.360747 	2.352127 	2.250694 	
0.333542 	2.394394 	0.874643 	2.275549 	2.191461 	0.369121 	2.191603 	2.912902 	0.601041 	9.000000 	2.850439 	3.022003 	1.336273 	3.303407 	2.169101 	0.230489 	1.412887 	2.651650 	2.673598 	0.566789 	3.087272 	3.962323 	3.335135 	1.505199 	3.030883 	0.610328 	0.707107 	3.085855 	3.442837 	1.244237 	2.077408 	1.360606 	2.461961 	2.000000 	1.470544 	2.983287 	2.553062 	2.738841 	2.550122 	2.123235 	2.952224 	2.937899 	2.791169 	
2.600240 	0.469707 	1.984943 	0.583631 	0.672681 	2.487217 	0.700446 	0.100000 	2.299185 	2.850439 	9.000000 	0.180278 	1.665270 	0.460977 	0.854400 	2.956455 	1.672199 	0.480885 	0.485412 	3.408995 	0.395285 	1.151086 	0.534439 	1.789728 	0.535023 	2.944911 	2.850439 	0.610328 	0.700446 	2.482061 	1.659254 	2.429249 	1.336507 	1.767767 	2.358495 	1.234909 	1.652460 	1.549597 	1.800174 	2.206949 	1.509346 	1.622113 	2.116158 	
2.766993 	0.630971 	2.159282 	0.761988 	0.851469 	2.660122 	0.880696 	0.111803 	2.475126 	3.022003 	0.180278 	9.000000 	1.845434 	0.282843 	1.030776 	3.131393 	1.852363 	0.625500 	0.625000 	3.582074 	0.388909 	0.970824 	0.427931 	1.968026 	0.575543 	3.124100 	3.030264 	0.640312 	0.612882 	2.660944 	1.820886 	2.606962 	1.476906 	1.931968 	2.534758 	1.320038 	1.786232 	1.667708 	1.935362 	2.366036 	1.606432 	1.723731 	2.240675 	
1.202341 	1.274755 	0.527376 	1.089151 	0.999062 	0.976281 	0.965013 	1.747319 	0.735272 	1.336273 	1.665270 	1.845434 	9.000000 	2.125000 	0.870704 	1.375227 	0.125000 	1.366794 	1.386092 	1.844756 	1.822944 	2.816137 	2.086265 	0.355317 	1.735115 	1.290591 	1.187697 	1.782028 	2.167083 	0.883883 	0.854400 	0.875000 	1.150272 	0.828025 	0.859142 	1.652460 	1.304320 	1.455378 	1.343968 	1.167262 	1.650000 	1.654728 	1.655295 	
3.045694 	0.910014 	2.441823 	1.044330 	1.133578 	2.942151 	1.160011 	0.390512 	2.757943 	3.303407 	0.460977 	0.282843 	2.125000 	9.000000 	1.297112 	3.414033 	2.128673 	0.855132 	0.848896 	3.864098 	0.480885 	0.694622 	0.336341 	2.236767 	0.686477 	3.405877 	3.310966 	0.728011 	0.515388 	2.930977 	2.055633 	2.873369 	1.679658 	2.170829 	2.797320 	1.443087 	1.975000 	1.833371 	2.125000 	2.593863 	1.740869 	1.863129 	2.410524 	
1.976424 	0.612882 	1.300000 	0.388104 	0.335410 	1.800347 	0.246221 	0.948683 	1.578369 	2.169101 	0.854400 	1.030776 	0.870704 	1.297112 	9.000000 	2.233971 	0.849264 	0.496236 	0.515388 	2.701157 	0.954594 	1.991231 	1.220912 	0.939747 	0.866747 	2.159282 	2.050610 	0.917878 	1.296389 	1.634205 	0.859142 	1.576785 	0.707990 	0.951315 	1.504161 	0.982344 	1.020110 	1.027740 	1.144825 	1.405569 	1.119431 	1.185854 	1.497707 	
0.550568 	2.510229 	0.972432 	2.375395 	2.288695 	0.485412 	2.280351 	3.024173 	0.660019 	0.230489 	2.956455 	3.131393 	1.375227 	3.414033 	2.233971 	9.000000 	1.434617 	2.725000 	2.745906 	0.469707 	3.170666 	4.083886 	3.425091 	1.491643 	3.100504 	0.406971 	0.527376 	3.151289 	3.522783 	1.128051 	2.050914 	1.250250 	2.462341 	1.962938 	1.368622 	2.996352 	2.524381 	2.721328 	2.507987 	2.037462 	2.942151 	2.918154 	2.726032 	
1.300000 	1.305038 	0.637377 	1.107080 	1.017964 	1.060660 	0.973717 	1.758195 	0.813941 	1.412887 	1.672199 	1.852363 	0.125000 	2.128673 	0.849264 	1.434617 	9.000000 	1.343503 	1.361295 	1.903943 	1.803469 	2.822455 	2.070175 	0.235850 	1.702939 	1.315770 	1.202601 	1.745351 	2.140823 	0.831038 	0.735272 	0.806226 	1.054751 	0.704450 	0.775403 	1.570430 	1.191900 	1.350926 	1.226020 	1.044330 	1.551813 	1.550806 	1.533175 	
2.442335 	0.570636 	1.777991 	0.477624 	0.525595 	2.282542 	0.485412 	0.579871 	2.067003 	2.651650 	0.480885 	0.625500 	1.366794 	0.855132 	0.496236 	2.725000 	1.343503 	9.000000 	0.025000 	3.190611 	0.460977 	1.536636 	0.730154 	1.415318 	0.380789 	2.655419 	2.545830 	0.443001 	0.800391 	2.107872 	1.201301 	2.040833 	0.855862 	1.315770 	1.957358 	0.813173 	1.171804 	1.077033 	1.319327 	1.743022 	1.060955 	1.166190 	1.638025 	
2.465385 	0.592663 	1.800174 	0.502494 	0.550568 	2.304479 	0.509902 	0.583631 	2.088211 	2.673598 	0.485412 	0.625000 	1.386092 	0.848896 	0.515388 	2.745906 	1.361295 	0.025000 	9.000000 	3.211795 	0.445112 	1.527457 	0.715017 	1.430035 	0.357946 	2.674065 	2.563811 	0.419076 	0.781025 	2.121910 	1.206752 	2.053807 	0.853302 	1.322167 	1.969296 	0.795692 	1.167262 	1.068001 	1.315295 	1.746783 	1.047020 	1.153527 	1.631334 	
0.874643 	2.956455 	1.425219 	2.830746 	2.745223 	0.921954 	2.740552 	3.473651 	1.123610 	0.566789 	3.408995 	3.582074 	1.844756 	3.864098 	2.701157 	0.469707 	1.903943 	3.190611 	3.211795 	9.000000 	3.633524 	4.526726 	3.885630 	1.954002 	3.567212 	0.728869 	0.878208 	3.618874 	3.986932 	1.525820 	2.505619 	1.650757 	2.926175 	2.412727 	1.775176 	3.462838 	2.976260 	3.178050 	2.952224 	2.450128 	3.401562 	3.373426 	3.152479 	
2.862254 	0.803508 	2.212747 	0.831038 	0.906228 	2.718915 	0.896172 	0.437321 	2.510976 	3.087272 	0.395285 	0.388909 	1.822944 	0.480885 	0.954594 	3.170666 	1.803469 	0.460977 	0.445112 	3.633524 	9.000000 	1.109617 	0.270416 	1.875000 	0.206155 	3.113077 	3.005204 	0.257391 	0.357946 	2.566247 	1.621149 	2.496498 	1.216552 	1.741049 	2.409616 	0.965013 	1.501874 	1.353699 	1.651704 	2.146654 	1.261200 	1.382932 	1.930835 	
3.690698 	1.574206 	3.112073 	1.730065 	1.820028 	3.606418 	1.851520 	1.070047 	3.432383 	3.962323 	1.151086 	0.970824 	2.816137 	0.694622 	1.991231 	4.083886 	2.822455 	1.536636 	1.527457 	4.526726 	1.109617 	9.000000 	0.859142 	2.930977 	1.294701 	4.091760 	4.000000 	1.308625 	0.926350 	3.625345 	2.727751 	3.566686 	2.324059 	2.846050 	3.488911 	2.000000 	2.598678 	2.431306 	2.747385 	3.256244 	2.300136 	2.425129 	3.002603 	
3.100907 	0.996243 	2.461833 	1.063602 	1.144825 	2.967849 	1.145098 	0.525000 	2.765072 	3.335135 	0.534439 	0.427931 	2.086265 	0.336341 	1.220912 	3.425091 	2.070175 	0.730154 	0.715017 	3.885630 	0.270416 	0.859142 	9.000000 	2.145052 	0.436606 	3.376851 	3.270799 	0.450694 	0.190394 	2.836591 	1.884808 	2.766880 	1.467353 	2.005773 	2.679669 	1.156774 	1.739612 	1.575794 	1.888452 	2.404163 	1.457738 	1.582127 	2.150000 	
1.438967 	1.461592 	0.817389 	1.250000 	1.164313 	1.176063 	1.106797 	1.880990 	0.926350 	1.505199 	1.789728 	1.968026 	0.355317 	2.236767 	0.939747 	1.491643 	0.235850 	1.415318 	1.430035 	1.954002 	1.875000 	2.930977 	2.145052 	9.000000 	1.752320 	1.308864 	1.179248 	1.785532 	2.196588 	0.694622 	0.575543 	0.640800 	0.972432 	0.515388 	0.583631 	1.513481 	1.050000 	1.234150 	1.060660 	0.813173 	1.451293 	1.432873 	1.343968 	
2.823119 	0.859142 	2.157835 	0.831038 	0.892328 	2.661766 	0.862047 	0.601041 	2.443870 	3.030883 	0.535023 	0.575543 	1.735115 	0.686477 	0.866747 	3.100504 	1.702939 	0.380789 	0.357946 	3.567212 	0.206155 	1.294701 	0.436606 	1.752320 	9.000000 	3.018485 	2.904522 	0.079057 	0.445112 	2.436314 	1.454519 	2.360085 	1.030776 	1.576785 	2.267432 	0.759111 	1.305996 	1.151086 	1.455378 	1.968661 	1.055047 	1.176860 	1.727896 	
0.869626 	2.525495 	1.030776 	2.362335 	2.272664 	0.675463 	2.248472 	3.022003 	0.711512 	0.610328 	2.944911 	3.124100 	1.290591 	3.405877 	2.159282 	0.406971 	1.315770 	2.655419 	2.674065 	0.728869 	3.113077 	4.091760 	3.376851 	1.308864 	3.018485 	9.000000 	0.150000 	3.061046 	3.454797 	0.800391 	1.826369 	0.925338 	2.271838 	1.724094 	1.051190 	2.818244 	2.287056 	2.498250 	2.250694 	1.725724 	2.727751 	2.689098 	2.433233 	
0.928036 	2.440927 	0.982344 	2.270050 	2.180023 	0.697316 	2.151308 	2.930017 	0.679154 	0.707107 	2.850439 	3.030264 	1.187697 	3.310966 	2.050610 	0.527376 	1.202601 	2.545830 	2.563811 	0.878208 	3.005204 	4.000000 	3.270799 	1.179248 	2.904522 	0.150000 	9.000000 	2.944911 	3.343370 	0.650481 	1.685416 	0.775403 	2.135708 	1.581139 	0.901388 	2.683281 	2.143158 	2.356109 	2.104311 	1.575794 	2.586624 	2.545830 	2.283774 	
2.882924 	0.937083 	2.214159 	0.903120 	0.961769 	2.716846 	0.927699 	0.672681 	2.496247 	3.085855 	0.610328 	0.640312 	1.782028 	0.728011 	0.917878 	3.151289 	1.745351 	0.443001 	0.419076 	3.618874 	0.257391 	1.308625 	0.450694 	1.785532 	0.079057 	3.061046 	2.944911 	9.000000 	0.425000 	2.464878 	1.464795 	2.385634 	1.027740 	1.588238 	2.290196 	0.715891 	1.290591 	1.125278 	1.438967 	1.969296 	1.015197 	1.138530 	1.700184 	
3.219957 	1.147279 	2.568195 	1.188486 	1.264170 	3.074187 	1.252996 	0.704006 	2.863673 	3.442837 	0.700446 	0.612882 	2.167083 	0.515388 	1.296389 	3.522783 	2.140823 	0.800391 	0.781025 	3.986932 	0.357946 	0.926350 	0.190394 	2.196588 	0.445112 	3.454797 	3.343370 	0.425000 	9.000000 	2.881406 	1.889775 	2.805018 	1.448491 	2.013237 	2.711665 	1.076162 	1.697793 	1.516781 	1.843909 	2.390868 	1.375227 	1.500208 	2.082366 	
1.340009 	2.134537 	1.007782 	1.931321 	1.843400 	1.050297 	1.792345 	2.572086 	0.867828 	1.244237 	2.482061 	2.660944 	0.883883 	2.930977 	1.634205 	1.128051 	0.831038 	2.107872 	2.121910 	1.525820 	2.566247 	3.625345 	2.836591 	0.694622 	2.436314 	0.800391 	0.650481 	2.464878 	2.881406 	9.000000 	1.089151 	0.125000 	1.560649 	0.973717 	0.251247 	2.107872 	1.523155 	1.744456 	1.470544 	0.925338 	1.978952 	1.926947 	1.634396 	
2.012617 	1.471394 	1.370447 	1.245492 	1.182423 	1.751606 	1.098294 	1.758728 	1.501874 	2.077408 	1.659254 	1.820886 	0.854400 	2.055633 	0.859142 	2.050914 	0.735272 	1.201301 	1.206752 	2.505619 	1.621149 	2.727751 	1.884808 	0.575543 	1.454519 	1.826369 	1.685416 	1.464795 	1.889775 	1.089151 	9.000000 	0.985203 	0.477624 	0.125000 	0.870704 	1.020110 	0.475657 	0.673146 	0.491172 	0.550000 	0.901388 	0.867828 	0.806226 	
1.442220 	2.098362 	1.063602 	1.889610 	1.803122 	1.151086 	1.747319 	2.521161 	0.955249 	1.360606 	2.429249 	2.606962 	0.875000 	2.873369 	1.576785 	1.250250 	0.806226 	2.040833 	2.053807 	1.650757 	2.496498 	3.566686 	2.766880 	0.640800 	2.360085 	0.925338 	0.775403 	2.385634 	2.805018 	0.125000 	0.985203 	9.000000 	1.460308 	0.866747 	0.127475 	2.005306 	1.409122 	1.632483 	1.352082 	0.800391 	1.867652 	1.812457 	1.510174 	
2.352127 	1.275000 	1.675187 	1.068001 	1.035012 	2.114829 	0.945053 	1.435705 	1.866815 	2.461961 	1.336507 	1.476906 	1.150272 	1.679658 	0.707990 	2.462341 	1.054751 	0.855862 	0.853302 	2.926175 	1.216552 	2.324059 	1.467353 	0.972432 	1.030776 	2.271838 	2.135708 	1.027740 	1.448491 	1.560649 	0.477624 	1.460308 	9.000000 	0.601041 	1.347683 	0.548862 	0.325000 	0.335410 	0.467039 	0.942404 	0.500625 	0.522015 	0.805062 	
1.952242 	1.559848 	1.328533 	1.333464 	1.265899 	1.684117 	1.184536 	1.866815 	1.435705 	2.000000 	1.767767 	1.931968 	0.828025 	2.170829 	0.951315 	1.962938 	0.704450 	1.315770 	1.322167 	2.412727 	1.741049 	2.846050 	2.005773 	0.515388 	1.576785 	1.724094 	1.581139 	1.588238 	2.013237 	0.973717 	0.125000 	0.866747 	0.601041 	9.000000 	0.750000 	1.140175 	0.564026 	0.775403 	0.550568 	0.456207 	1.007782 	0.965013 	0.831038 	
1.535008 	2.044658 	1.110180 	1.831154 	1.746425 	1.243483 	1.686157 	2.452040 	1.035012 	1.470544 	2.358495 	2.534758 	0.859142 	2.797320 	1.504161 	1.368622 	0.775403 	1.957358 	1.969296 	1.775176 	2.409616 	3.488911 	2.679669 	0.583631 	2.267432 	1.051190 	0.901388 	2.290196 	2.711665 	0.251247 	0.870704 	0.127475 	1.347683 	0.750000 	9.000000 	1.890106 	1.285739 	1.510381 	1.226020 	0.675000 	1.745888 	1.688565 	1.383158 	
2.849781 	1.370447 	2.164486 	1.221935 	1.229837 	2.627975 	1.152443 	1.320984 	2.383537 	2.983287 	1.234909 	1.320038 	1.652460 	1.443087 	0.982344 	2.996352 	1.570430 	0.813173 	0.795692 	3.462838 	0.965013 	2.000000 	1.156774 	1.513481 	0.759111 	2.818244 	2.683281 	0.715891 	1.076162 	2.107872 	1.020110 	2.005306 	0.548862 	1.140175 	1.890106 	9.000000 	0.673146 	0.459619 	0.805062 	1.415318 	0.301040 	0.425735 	1.007782 	
2.483068 	1.598828 	1.829105 	1.389244 	1.352082 	2.225562 	1.261943 	1.750893 	1.975633 	2.553062 	1.652460 	1.786232 	1.304320 	1.975000 	1.020110 	2.524381 	1.191900 	1.171804 	1.167262 	2.976260 	1.501874 	2.598678 	1.739612 	1.050000 	1.305996 	2.287056 	2.143158 	1.290591 	1.697793 	1.523155 	0.475657 	1.409122 	0.325000 	0.564026 	1.285739 	0.673146 	9.000000 	0.230489 	0.150000 	0.745822 	0.465027 	0.403887 	0.480885 	
2.650472 	1.560649 	1.982738 	1.366794 	1.343968 	2.402082 	1.255239 	1.645068 	2.152324 	2.738841 	1.549597 	1.667708 	1.455378 	1.833371 	1.027740 	2.721328 	1.350926 	1.077033 	1.068001 	3.178050 	1.353699 	2.431306 	1.575794 	1.234150 	1.151086 	2.498250 	2.356109 	1.125278 	1.516781 	1.744456 	0.673146 	1.632483 	0.335410 	0.775403 	1.510381 	0.459619 	0.230489 	9.000000 	0.347311 	0.973717 	0.235850 	0.200000 	0.577170 	
2.499625 	1.733854 	1.861619 	1.520691 	1.479231 	2.233971 	1.389244 	1.898848 	1.985101 	2.550122 	1.800174 	1.935362 	1.343968 	2.125000 	1.144825 	2.507987 	1.226020 	1.319327 	1.315295 	2.952224 	1.651704 	2.747385 	1.888452 	1.060660 	1.455378 	2.250694 	2.104311 	1.438967 	1.843909 	1.470544 	0.491172 	1.352082 	0.467039 	0.550568 	1.226020 	0.805062 	0.150000 	0.347311 	9.000000 	0.637377 	0.566789 	0.480234 	0.355317 	
2.144907 	2.015564 	1.601757 	1.789204 	1.722099 	1.858259 	1.640503 	2.306648 	1.625000 	2.123235 	2.206949 	2.366036 	1.167262 	2.593863 	1.405569 	2.037462 	1.044330 	1.743022 	1.746783 	2.450128 	2.146654 	3.256244 	2.404163 	0.813173 	1.968661 	1.725724 	1.575794 	1.969296 	2.390868 	0.925338 	0.550000 	0.800391 	0.942404 	0.456207 	0.675000 	1.415318 	0.745822 	0.973717 	0.637377 	9.000000 	1.202081 	1.117195 	0.715891 	
2.850987 	1.591383 	2.175575 	1.418185 	1.410009 	2.609717 	1.325236 	1.599414 	2.360747 	2.952224 	1.509346 	1.606432 	1.650000 	1.740869 	1.119431 	2.942151 	1.551813 	1.060955 	1.047020 	3.401562 	1.261200 	2.300136 	1.457738 	1.451293 	1.055047 	2.727751 	2.586624 	1.015197 	1.375227 	1.978952 	0.901388 	1.867652 	0.500625 	1.007782 	1.745888 	0.301040 	0.465027 	0.235850 	0.566789 	1.202081 	9.000000 	0.125000 	0.715891 	
2.850439 	1.683931 	2.182029 	1.502706 	1.488707 	2.601923 	1.402007 	1.713549 	2.352127 	2.937899 	1.622113 	1.723731 	1.654728 	1.863129 	1.185854 	2.918154 	1.550806 	1.166190 	1.153527 	3.373426 	1.382932 	2.425129 	1.582127 	1.432873 	1.176860 	2.689098 	2.545830 	1.138530 	1.500208 	1.926947 	0.867828 	1.812457 	0.522015 	0.965013 	1.688565 	0.425735 	0.403887 	0.200000 	0.480234 	1.117195 	0.125000 	9.000000 	0.594243 	
2.771394 	2.079664 	2.159427 	1.869826 	1.831154 	2.495621 	1.741049 	2.213171 	2.250694 	2.791169 	2.116158 	2.240675 	1.655295 	2.410524 	1.497707 	2.726032 	1.533175 	1.638025 	1.631334 	3.152479 	1.930835 	3.002603 	2.150000 	1.343968 	1.727896 	2.433233 	2.283774 	1.700184 	2.082366 	1.634396 	0.806226 	1.510174 	0.805062 	0.831038 	1.383158 	1.007782 	0.480885 	0.577170 	0.355317 	0.715891 	0.715891 	0.594243 	9.000000 	

Feasibility v1:
0 	0 	0 	0 	0 	0 	0 	0 	0 	0 	0 	0 	0 	0 	0 	0 	0 	0 	0 	0 	0 	0 	0 	0 	0 	0 	0 	0 	0 	0 	0 	0 	0 	0 	0 	0 	0 	0 	0 	0 	0 	0 	0 	
0 	0 	0 	0 	0 	0 	0 	0 	0 	0 	0 	1 	1 	1 	0 	0 	1 	1 	0 	0 	1 	0 	1 	0 	0 	0 	1 	1 	0 	1 	0 	0 	0 	0 	0 	0 	1 	1 	1 	0 	1 	1 	1 	
0 	0 	0 	0 	0 	0 	0 	0 	0 	0 	0 	0 	0 	0 	0 	0 	1 	0 	0 	0 	0 	0 	0 	0 	0 	0 	1 	1 	0 	1 	0 	0 	0 	0 	0 	0 	1 	1 	1 	0 	1 	1 	1 	
0 	0 	0 	0 	0 	0 	0 	0 	0 	0 	0 	0 	0 	0 	0 	0 	0 	0 	0 	0 	0 	0 	0 	0 	0 	0 	0 	0 	0 	0 	0 	0 	0 	0 	0 	0 	0 	0 	0 	0 	0 	0 	0 	
0 	0 	0 	0 	0 	0 	0 	0 	0 	0 	0 	0 	0 	0 	0 	0 	1 	1 	0 	0 	1 	0 	1 	0 	0 	0 	1 	1 	0 	1 	0 	0 	0 	0 	0 	0 	1 	1 	1 	0 	1 	1 	1 	
