Total assets = 750
Number of asset nodes = 40

Distance:
999.000000 	36.878178 	30.805843 	44.687805 	23.769728 	50.249378 	42.201897 	24.738634 	43.416588 	16.763054 	64.660652 	49.406479 	65.368187 	56.222771 	25.019993 	64.660652 	67.896980 	24.515301 	48.020828 	67.475922 	47.423622 	28.160255 	87.206650 	67.623962 	31.016125 	45.617977 	69.310890 	45.541191 	31.144823 	26.000000 	28.442924 	78.568443 	30.594116 	44.147480 	42.720020 	27.784887 	45.122055 	39.012817 	87.114868 	49.477268 	96.938126 	60.008331 	94.047859 	90.553848 	40.012497 	39.458839 	76.059189 	61.465439 	34.205261 	69.354164 	37.363083 	46.173584 	38.600517 	
36.878178 	999.000000 	10.049875 	81.565926 	59.908264 	13.453624 	79.025314 	60.033325 	10.049875 	47.927029 	27.802877 	86.214851 	100.801788 	93.085983 	29.017237 	101.533249 	31.144823 	33.000000 	17.262676 	104.350372 	83.528435 	59.808025 	123.794182 	104.484451 	63.324562 	18.788294 	32.802441 	81.006172 	62.625874 	38.000000 	33.241539 	115.433968 	34.525352 	78.721024 	23.345236 	42.000000 	79.624115 	71.512238 	50.249378 	84.095184 	133.645050 	95.880135 	130.831955 	127.404869 	33.120991 	69.375786 	40.311287 	97.128784 	55.081757 	105.688217 	39.849716 	32.557640 	41.109608 	
30.805843 	10.049875 	999.000000 	74.966660 	52.497620 	21.023796 	72.138756 	52.201534 	12.727922 	39.446167 	35.777088 	79.246452 	96.041656 	86.278618 	19.000000 	94.762863 	38.013157 	23.021729 	17.464249 	97.590981 	75.802376 	50.990196 	117.923706 	97.621719 	54.561890 	16.124516 	39.051247 	72.945183 	53.712196 	28.017851 	23.194826 	108.903625 	24.515301 	70.327805 	17.088007 	32.015621 	71.196907 	62.649822 	57.428215 	75.663727 	127.561752 	87.920418 	124.579292 	120.933868 	24.207438 	60.083275 	45.343136 	89.044930 	45.177429 	98.005104 	30.083218 	25.238859 	31.384710 	
44.687805 	81.565926 	74.966660 	999.000000 	23.323807 	94.921021 	4.000000 	25.079872 	87.692642 	38.470768 	109.343498 	6.000000 	28.071337 	11.661903 	63.285069 	20.000000 	112.538879 	60.415230 	91.547798 	22.803509 	12.727922 	32.557640 	43.566040 	23.021729 	30.149628 	88.408142 	113.863953 	16.643316 	32.140316 	58.180752 	63.953106 	33.941124 	65.306969 	21.023796 	83.761566 	56.648037 	21.470911 	28.442924 	131.795303 	22.022715 	52.801514 	21.587032 	49.678970 	45.967381 	76.485291 	35.355339 	120.282997 	23.769728 	50.487621 	27.294687 	69.289246 	84.077347 	69.892776 	
23.769728 	59.908264 	52.497620 	23.323807 	999.000000 	73.006851 	20.000000 	3.605551 	65.192024 	15.231546 	87.658424 	26.907248 	49.030602 	34.058773 	39.962482 	42.520584 	90.426765 	37.121422 	68.622154 	45.343136 	23.706539 	13.416408 	66.887962 	45.276924 	13.453624 	65.299309 	91.547798 	21.840330 	15.000000 	35.114101 	40.718548 	56.850681 	42.154476 	21.023796 	60.464867 	33.955853 	22.022715 	18.788294 	109.808922 	26.172504 	76.026314 	36.249138 	72.801102 	68.883957 	53.310413 	22.671568 	97.590981 	37.696156 	30.413813 	45.793011 	46.572525 	60.835846 	47.296936 	
50.249378 	13.453624 	21.023796 	94.921021 	73.006851 	999.000000 	92.314682 	72.945183 	10.000000 	60.415230 	14.764823 	99.488693 	114.201576 	106.404884 	39.051247 	114.865135 	17.691807 	43.174065 	13.892444 	117.686020 	96.519424 	72.013885 	137.244308 	117.796432 	75.584389 	18.384777 	19.416489 	93.813644 	74.732857 	48.052055 	42.426407 	128.817703 	43.185646 	91.301697 	25.961510 	51.971146 	92.179176 	83.671982 	36.878178 	96.648849 	147.085007 	108.756607 	144.256714 	140.801285 	38.470768 	80.993828 	27.313000 	109.931801 	65.306969 	118.713943 	47.042534 	35.114101 	48.093658 	
42.201897 	79.025314 	72.138756 	4.000000 	20.000000 	92.314682 	999.000000 	21.470911 	84.864601 	34.985710 	106.826965 	7.211102 	32.062439 	14.142136 	59.908264 	22.627417 	109.877205 	56.938564 	88.526833 	25.455845 	10.295630 	28.635643 	47.010635 	25.495098 	26.172504 	85.276024 	111.126053 	13.453624 	28.160255 	54.561890 	60.415230 	36.878178 	61.717098 	17.492855 	80.448738 	52.924473 	18.027756 	24.515301 	129.189789 	19.104973 	56.035702 	21.023796 	52.801514 	48.918301 	72.897186 	31.400637 	117.388245 	23.086792 	46.529560 	28.160255 	65.551506 	80.529495 	66.128662 	
24.738634 	60.033325 	52.201534 	25.079872 	3.605551 	72.945183 	21.470911 	999.000000 	64.815125 	13.601471 	87.664131 	28.017851 	51.623638 	35.227829 	38.600517 	43.600460 	90.210861 	35.510563 	67.896980 	46.400433 	23.600847 	9.848858 	68.476273 	46.227695 	9.899495 	64.381676 	91.214035 	21.023796 	11.401754 	33.105892 	38.948685 	58.008621 	40.249222 	19.416489 	59.203041 	31.622776 	20.396078 	15.811388 	109.622078 	24.738634 	77.388626 	35.846897 	74.060783 	70.000000 	51.429562 	19.209373 	97.000000 	37.121422 	27.166155 	45.803928 	44.271889 	59.059292 	44.922153 	
43.416588 	10.049875 	12.727922 	87.692642 	65.192024 	10.000000 	84.864601 	64.815125 	999.000000 	51.865211 	24.041630 	91.967384 	108.452751 	99.005051 	29.410883 	107.489532 	25.553865 	33.526108 	7.280110 	110.317726 	88.408142 	63.134777 	130.598618 	110.344917 	66.730804 	9.899495 	26.400757 	85.445892 	65.764732 	38.327538 	32.557640 	121.630585 	33.241539 	82.680107 	16.552946 	42.201897 	83.528435 	74.706093 	44.944408 	87.982956 	140.264038 	100.439034 	137.295303 	133.660019 	28.635643 	71.693794 	32.649654 	101.513542 	55.542778 	110.602890 	37.054016 	25.942244 	38.118237 	
16.763054 	47.927029 	39.446167 	38.470768 	15.231546 	60.415230 	34.985710 	13.601471 	51.865211 	999.000000 	75.179787 	41.617306 	64.031242 	48.826221 	25.000000 	57.201397 	77.388626 	21.954498 	54.561890 	60.000000 	36.796738 	12.165525 	81.987801 	59.816387 	15.524175 	50.911690 	78.236816 	33.600594 	15.132746 	19.924858 	25.495098 	71.610054 	26.925823 	30.886890 	45.607018 	19.104973 	31.764761 	23.769728 	96.798759 	36.235340 	90.972527 	48.600410 	87.658424 	83.600243 	38.078865 	23.021729 	83.737686 	49.648766 	19.416489 	58.898216 	31.575306 	45.617977 	32.388271 	
64.660652 	27.802877 	35.777088 	109.343498 	87.658424 	14.764823 	106.826965 	87.664131 	24.041630 	75.179787 	999.000000 	114.017540 	127.781059 	120.880104 	53.450912 	129.321304 	6.082763 	57.567352 	25.000000 	132.136292 	111.220505 	86.764046 	151.320847 	132.279999 	90.338257 	30.000000 	9.219544 	108.558739 	89.470665 	62.361847 	56.515484 	143.178207 	57.070133 	106.066017 	38.000000 	66.219330 	106.943909 	98.412399 	22.671568 	111.413643 	161.245148 	123.490891 	158.492905 	155.128983 	51.009804 	95.634720 	18.110771 	124.679588 	79.555016 	133.405396 	60.207973 	46.270943 	61.131008 	
49.406479 	86.214851 	79.246452 	6.000000 	26.907248 	99.488693 	7.211102 	28.017851 	91.967384 	41.617306 	114.017540 	999.000000 	29.120440 	7.211102 	66.610809 	15.620500 	117.034180 	63.513779 	95.524864 	18.439089 	9.486833 	34.176014 	40.718548 	18.384777 	31.320919 	92.195442 	118.258194 	14.317822 	33.241539 	60.901562 	66.887962 	30.000000 	68.095520 	19.235384 	87.200920 	59.033890 	19.416489 	28.017851 	136.359818 	18.788294 	49.396355 	15.811388 	46.043457 	42.011902 	79.259071 	35.014282 	124.450790 	18.027756 	51.662365 	21.377558 	71.589104 	86.954010 	72.090218 	
65.368187 	100.801788 	96.041656 	28.071337 	49.030602 	114.201576 	32.062439 	51.623638 	108.452751 	64.031242 	127.781059 	29.120440 	999.000000 	25.059929 	87.664131 	24.083189 	131.821854 	85.381500 	113.371071 	24.413111 	38.600517 	60.133186 	26.570660 	25.806976 	58.008621 	110.941429 	133.600143 	43.416588 	60.008331 	83.934502 	89.185204 	26.305893 	90.801979 	48.270073 	107.424393 	82.975899 	48.507732 	56.435802 	150.445999 	47.759815 	36.769554 	40.224369 	35.440090 	34.365681 	101.833199 	63.387695 	140.911316 	42.201897 	78.160095 	37.643059 	95.566734 	109.110039 	96.317184 	
56.222771 	93.085983 	86.278618 	11.661903 	34.058773 	106.404884 	14.142136 	35.227829 	99.005051 	48.826221 	120.880104 	7.211102 	25.059929 	999.000000 	73.817345 	8.485281 	123.987900 	70.724815 	102.649887 	11.313708 	15.033297 	41.231056 	33.615471 	11.401754 	38.275318 	99.357941 	125.255737 	20.024984 	40.162170 	68.095520 	74.094536 	22.803509 	75.292763 	25.019993 	94.403389 	66.189125 	25.000000 	34.365681 	143.282944 	23.345236 	42.190044 	15.556349 	38.832977 	34.828148 	86.452301 	41.303753 	131.529465 	17.691807 	58.523499 	17.117243 	78.721024 	94.154129 	79.202271 	
25.019993 	29.017237 	19.000000 	63.285069 	39.962482 	39.051247 	59.908264 	38.600517 	29.410883 	25.000000 	53.450912 	66.610809 	87.664131 	73.817345 	999.000000 	82.200974 	54.625999 	4.123106 	30.528675 	85.000000 	61.554855 	34.828148 	106.850365 	84.811554 	38.418747 	26.400757 	55.009090 	58.000000 	37.202152 	9.055386 	5.000000 	96.607452 	7.071068 	54.671749 	20.615528 	13.038404 	55.443665 	46.043457 	73.790245 	59.816387 	115.935326 	72.917763 	112.645462 	108.600182 	15.000000 	42.485291 	59.640591 	73.756355 	26.305893 	83.450584 	14.212670 	21.587032 	15.620500 	
64.660652 	101.533249 	94.762863 	20.000000 	42.520584 	114.865135 	22.627417 	43.600460 	107.489532 	57.201397 	129.321304 	15.620500 	24.083189 	8.485281 	82.200974 	999.000000 	132.457535 	79.056938 	111.126053 	2.828427 	22.135944 	49.193497 	25.961510 	3.162278 	46.097721 	107.814659 	133.734818 	26.925823 	47.927029 	76.321686 	82.377182 	14.422205 	83.528435 	31.780497 	102.800781 	74.303429 	31.575306 	41.484936 	151.743210 	29.068884 	34.000000 	17.720045 	30.528675 	26.400757 	94.667839 	48.270073 	140.014282 	19.313208 	66.128662 	13.601471 	86.769814 	102.396286 	87.206650 	
67.896980 	31.144823 	38.013157 	112.538879 	90.426765 	17.691807 	109.877205 	90.210861 	25.553865 	77.388626 	6.082763 	117.034180 	131.821854 	123.987900 	54.625999 	132.457535 	999.000000 	58.694122 	24.738634 	135.281189 	113.811249 	88.684837 	154.935471 	135.369858 	92.282173 	29.614185 	3.162278 	110.941429 	91.301697 	63.324562 	57.245087 	146.454773 	57.567352 	108.226616 	37.483330 	67.067131 	109.077957 	100.239716 	19.416489 	113.534134 	164.769531 	125.924583 	161.929001 	158.448730 	50.487621 	97.082436 	12.041595 	127.027557 	80.324341 	136.014709 	60.016663 	45.011108 	60.827625 	
24.515301 	33.000000 	23.021729 	60.415230 	37.121422 	43.174065 	56.938564 	35.510563 	33.526108 	21.954498 	57.567352 	63.513779 	85.381500 	70.724815 	4.123106 	79.056938 	58.694122 	999.000000 	34.481880 	81.841309 	58.137768 	31.144823 	103.942291 	81.608826 	34.713108 	30.232433 	59.033890 	54.451813 	33.421551 	5.000000 	4.000000 	93.477272 	6.082763 	50.990196 	24.041630 	9.000000 	51.739735 	42.201897 	77.820305 	56.080299 	112.898186 	69.310890 	109.553642 	105.437187 	16.492422 	38.470768 	63.513779 	70.092796 	22.203604 	79.906197 	13.000000 	23.769728 	14.317822 	
48.020828 	17.262676 	17.464249 	91.547798 	68.622154 	13.892444 	88.526833 	67.896980 	7.280110 	54.561890 	25.000000 	95.524864 	113.371071 	102.649887 	30.528675 	111.126053 	24.738634 	34.481880 	999.000000 	113.951744 	91.350975 	65.215027 	134.807266 	113.899078 	68.818604 	5.000000 	24.698177 	88.090858 	67.675697 	38.910152 	32.695564 	125.399361 	32.893768 	85.000000 	13.000000 	42.544094 	85.802101 	76.550636 	43.462627 	90.210861 	144.308701 	103.077644 	141.226761 	137.440903 	26.019224 	72.945183 	29.206163 	104.019226 	55.713554 	113.454834 	35.355339 	21.587032 	36.221542 	
67.475922 	104.350372 	97.590981 	22.803509 	45.343136 	117.686020 	25.455845 	46.400433 	110.317726 	60.000000 	132.136292 	18.439089 	24.413111 	11.313708 	85.000000 	2.828427 	135.281189 	81.841309 	113.951744 	999.000000 	24.698177 	51.884487 	23.537205 	1.414214 	48.754486 	110.634537 	136.561340 	29.410883 	50.566788 	79.075912 	85.146935 	11.661903 	86.284416 	34.205261 	105.603027 	77.025970 	33.955853 	43.965897 	154.563904 	31.257000 	31.304953 	19.235384 	27.784887 	23.600847 	97.416634 	50.695168 	142.842575 	20.615528 	68.709534 	13.453624 	89.470665 	105.152267 	89.894379 	
47.423622 	83.528435 	75.802376 	12.727922 	23.706539 	96.519424 	10.295630 	23.600847 	88.408142 	36.796738 	111.220505 	9.486833 	38.600517 	15.033297 	61.554855 	22.135944 	113.811249 	58.137768 	91.350975 	24.698177 	999.000000 	27.459061 	48.083260 	24.166092 	24.186773 	87.692642 	114.808533 	5.000000 	25.942244 	55.000000 	61.220913 	36.249138 	62.201286 	10.000000 	82.134033 	52.697250 	10.049875 	19.416489 	133.221619 	9.433981 	55.946404 	12.649111 	52.325901 	47.885281 	73.239334 	26.305893 	120.507263 	14.317822 	44.011364 	22.203604 	65.000000 	81.024689 	65.368187 	
28.160255 	59.808025 	50.990196 	32.557640 	13.416408 	72.013885 	28.635643 	9.848858 	63.134777 	12.165525 	86.764046 	34.176014 	60.133186 	41.231056 	34.828148 	49.193497 	88.684837 	31.144823 	65.215027 	51.884487 	27.459061 	999.000000 	74.846512 	51.478149 	3.605551 	61.220913 	89.358826 	23.430750 	3.000000 	27.658634 	33.970577 	63.529522 	34.828148 	19.849434 	55.172459 	25.238859 	20.615528 	11.704700 	108.046288 	25.000000 	83.186539 	38.183765 	79.649231 	75.292763 	45.803928 	11.401754 	94.403389 	38.948685 	18.027756 	48.836460 	37.589893 	53.600372 	38.013157 	
87.206650 	123.794182 	117.923706 	43.566040 	66.887962 	137.244308 	47.010635 	68.476273 	130.598618 	81.987801 	151.320847 	40.718548 	26.570660 	33.615471 	106.850365 	25.961510 	154.935471 	103.942291 	134.807266 	23.537205 	48.083260 	74.846512 	999.000000 	24.331051 	71.867935 	131.825638 	156.464050 	52.886673 	73.736015 	101.533249 	107.424393 	13.038404 	108.706024 	57.723480 	127.318497 	99.744675 	57.489128 	67.446274 	173.954010 	54.744862 	10.295630 	42.047592 	9.055386 	9.848858 	119.883278 	74.215904 	163.248276 	43.000000 	92.027168 	33.241539 	112.307610 	127.534309 	112.805145 	
67.623962 	104.484451 	97.621719 	23.021729 	45.276924 	117.796432 	25.495098 	46.227695 	110.344917 	59.816387 	132.279999 	18.384777 	25.806976 	11.401754 	84.811554 	3.162278 	135.369858 	81.608826 	113.899078 	1.414214 	24.166092 	51.478149 	24.331051 	999.000000 	48.301140 	110.535065 	136.619904 	28.792360 	50.089920 	78.771820 	84.876381 	12.083046 	85.982559 	33.526108 	105.422958 	76.661591 	33.241539 	43.324360 	154.673843 	30.413813 	31.780497 	18.110771 	28.178005 	23.853722 	97.097885 	50.000000 	142.835571 	19.416489 	68.154236 	12.041595 	89.067390 	104.847511 	89.470665 	
31.016125 	63.324562 	54.561890 	30.149628 	13.453624 	75.584389 	26.172504 	9.899495 	66.730804 	15.524175 	90.338257 	31.320919 	58.008621 	38.275318 	38.418747 	46.097721 	92.282173 	34.713108 	68.818604 	48.754486 	24.186773 	3.605551 	71.867935 	48.301140 	999.000000 	64.815125 	92.962357 	20.000000 	2.000000 	31.144823 	37.483330 	60.373837 	38.288380 	16.278820 	58.728188 	28.600698 	17.029387 	8.246211 	111.646767 	21.400934 	80.056229 	34.655445 	76.478752 	72.069412 	49.203659 	9.433981 	98.005104 	35.383614 	20.396078 	45.343136 	40.816662 	57.008770 	41.182522 	
45.617977 	18.788294 	16.124516 	88.408142 	65.299309 	18.384777 	85.276024 	64.381676 	9.899495 	50.911690 	30.000000 	92.195442 	110.941429 	99.357941 	26.400757 	107.814659 	29.614185 	30.232433 	5.000000 	110.634537 	87.692642 	61.220913 	131.825638 	110.535065 	64.815125 	999.000000 	29.410883 	84.291161 	63.600315 	34.481880 	28.178005 	122.147453 	28.231188 	81.055534 	8.000000 	38.013157 	81.835197 	72.422371 	48.104053 	86.214851 	141.209061 	99.247169 	138.057953 	134.182709 	21.023796 	68.600288 	33.286633 	100.124924 	51.078373 	109.713264 	30.413813 	16.763054 	31.257000 	
69.310890 	32.802441 	39.051247 	113.863953 	91.547798 	19.416489 	111.126053 	91.214035 	26.400757 	78.236816 	9.219544 	118.258194 	133.600143 	125.255737 	55.009090 	133.734818 	3.162278 	59.033890 	24.698177 	136.561340 	114.808533 	89.358826 	156.464050 	136.619904 	92.962357 	29.410883 	999.000000 	111.830231 	91.923882 	63.560993 	57.384666 	147.800537 	57.584721 	109.000000 	37.107952 	67.230942 	109.836243 	100.846420 	18.788294 	114.280357 	166.243790 	126.826653 	163.355438 	159.812393 	50.009998 	97.493591 	9.000000 	127.882759 	80.411446 	137.003647 	59.665737 	44.181442 	60.415230 	
45.541191 	81.006172 	72.945183 	16.643316 	21.840330 	93.813644 	13.453624 	21.023796 	85.445892 	33.600594 	108.558739 	14.317822 	43.416588 	20.024984 	58.000000 	26.925823 	110.941429 	54.451813 	88.090858 	29.410883 	5.000000 	23.430750 	52.886673 	28.792360 	20.000000 	84.291161 	111.830231 	999.000000 	21.633308 	51.088158 	57.384666 	40.853397 	58.258045 	5.000000 	78.492035 	48.600410 	5.099020 	14.560220 	130.357208 	5.830952 	60.539242 	15.000000 	56.859474 	52.325901 	69.202599 	21.377558 	117.290237 	16.124516 	39.395432 	25.455845 	60.745369 	77.006493 	61.057350 	
31.144823 	62.625874 	53.712196 	32.140316 	15.000000 	74.732857 	28.160255 	11.401754 	65.764732 	15.132746 	89.470665 	33.241539 	60.008331 	40.162170 	37.202152 	47.927029 	91.301697 	33.421551 	67.675697 	50.566788 	25.942244 	3.000000 	73.736015 	50.089920 	2.000000 	63.600315 	91.923882 	21.633308 	999.000000 	29.698484 	36.069378 	62.169125 	36.796738 	17.691807 	57.384666 	27.018513 	18.384777 	8.944272 	110.639053 	22.671568 	81.859634 	36.124783 	78.262383 	73.824112 	47.634022 	8.544003 	96.834908 	36.769554 	18.439089 	46.861500 	39.115215 	55.443665 	39.446167 	
26.000000 	38.000000 	28.017851 	58.180752 	35.114101 	48.052055 	54.561890 	33.105892 	38.327538 	19.924858 	62.361847 	60.901562 	83.934502 	68.095520 	9.055386 	76.321686 	63.324562 	5.000000 	38.910152 	79.075912 	55.000000 	27.658634 	101.533249 	78.771820 	31.144823 	34.481880 	63.560993 	51.088158 	29.698484 	999.000000 	6.403124 	90.735878 	7.211102 	47.381432 	27.802877 	4.000000 	48.083260 	38.288380 	82.346825 	52.345009 	110.276924 	65.795135 	106.850365 	102.625534 	18.357559 	34.132095 	67.742157 	66.468040 	17.262676 	76.485291 	12.000000 	26.076809 	13.038404 	
28.442924 	33.241539 	23.194826 	63.953106 	40.718548 	42.426407 	60.415230 	38.948685 	32.557640 	25.495098 	56.515484 	66.887962 	89.185204 	74.094536 	5.000000 	82.377182 	57.245087 	4.000000 	32.695564 	85.146935 	61.220913 	33.970577 	107.424393 	84.876381 	37.483330 	28.178005 	57.384666 	57.384666 	36.069378 	6.403124 	999.000000 	96.798759 	2.236068 	53.740116 	21.400934 	9.848858 	54.451813 	44.687805 	76.157730 	58.728188 	116.284134 	72.138756 	112.898186 	108.724419 	12.649111 	40.496914 	61.400326 	72.835434 	23.086792 	82.807007 	9.433981 	20.124611 	10.816654 	
78.568443 	115.433968 	108.903625 	33.941124 	56.850681 	128.817703 	36.878178 	58.008621 	121.630585 	71.610054 	143.178207 	30.000000 	26.305893 	22.803509 	96.607452 	14.422205 	146.454773 	93.477272 	125.399361 	11.661903 	36.249138 	63.529522 	13.038404 	12.083046 	60.373837 	122.147453 	147.800537 	40.853397 	62.169125 	90.735878 	96.798759 	999.000000 	97.943863 	45.541191 	117.200684 	88.684837 	45.221676 	55.362442 	165.680420 	42.201897 	19.697716 	29.154760 	16.124516 	12.041595 	109.077957 	61.983868 	154.207657 	30.016663 	80.230919 	20.223749 	101.118744 	116.811813 	101.533249 	
30.594116 	34.525352 	24.515301 	65.306969 	42.154476 	43.185646 	61.717098 	40.249222 	33.241539 	26.925823 	57.070133 	68.095520 	90.801979 	75.292763 	7.071068 	83.528435 	57.567352 	6.082763 	32.893768 	86.284416 	62.201286 	34.828148 	108.706024 	85.982559 	38.288380 	28.231188 	57.584721 	58.258045 	36.796738 	7.211102 	2.236068 	97.943863 	999.000000 	54.488529 	21.095022 	10.000000 	55.172459 	45.276924 	76.321686 	59.396969 	117.477661 	72.917763 	114.057007 	109.836243 	11.180340 	40.804413 	61.294373 	73.552704 	22.847319 	83.630135 	7.211102 	18.867962 	8.602325 	
44.147480 	78.721024 	70.327805 	21.023796 	21.023796 	91.301697 	17.492855 	19.416489 	82.680107 	30.886890 	106.066017 	19.235384 	48.270073 	25.019993 	54.671749 	31.780497 	108.226616 	50.990196 	85.000000 	34.205261 	10.000000 	19.849434 	57.723480 	33.526108 	16.278820 	81.055534 	109.000000 	5.000000 	17.691807 	47.381432 	53.740116 	45.541191 	54.488529 	999.000000 	75.006668 	44.687805 	1.000000 	9.848858 	127.624451 	5.385165 	65.192024 	18.439089 	61.465439 	56.859474 	65.299309 	16.492422 	114.201576 	19.104973 	34.885529 	29.206163 	56.612720 	73.109505 	56.859474 	
42.720020 	23.345236 	17.088007 	83.761566 	60.464867 	25.961510 	80.448738 	59.203041 	16.552946 	45.607018 	38.000000 	87.200920 	107.424393 	94.403389 	20.615528 	102.800781 	37.483330 	24.041630 	13.000000 	105.603027 	82.134033 	55.172459 	127.318497 	105.422958 	58.728188 	8.000000 	37.107952 	78.492035 	57.384666 	27.802877 	21.400934 	117.200684 	21.095022 	75.006668 	999.000000 	31.064449 	75.742989 	66.068146 	55.659679 	80.056229 	136.484436 	93.348808 	133.221619 	129.201401 	13.038404 	61.854668 	40.249222 	94.111633 	43.829212 	103.947105 	22.561028 	9.433981 	23.345236 	
27.784887 	42.000000 	32.015621 	56.648037 	33.955853 	51.971146 	52.924473 	31.622776 	42.201897 	19.104973 	66.219330 	59.033890 	82.975899 	66.189125 	13.038404 	74.303429 	67.067131 	9.000000 	42.544094 	77.025970 	52.697250 	25.238859 	99.744675 	76.661591 	28.600698 	38.013157 	67.230942 	48.600410 	27.018513 	4.000000 	9.848858 	88.684837 	10.000000 	44.687805 	31.064449 	999.000000 	45.343136 	35.355339 	86.005814 	49.517673 	108.300507 	63.126858 	104.809349 	100.498756 	20.615528 	30.805843 	71.196907 	63.702435 	13.341664 	73.878281 	12.649111 	28.425341 	13.341664 	
45.122055 	79.624115 	71.196907 	21.470911 	22.022715 	92.179176 	18.027756 	20.396078 	83.528435 	31.764761 	106.943909 	19.416489 	48.507732 	25.000000 	55.443665 	31.575306 	109.077957 	51.739735 	85.802101 	33.955853 	10.049875 	20.615528 	57.489128 	33.241539 	17.029387 	81.835197 	109.836243 	5.099020 	18.384777 	48.083260 	54.451813 	45.221676 	55.172459 	1.000000 	75.742989 	45.343136 	999.000000 	10.295630 	128.471786 	4.472136 	64.845970 	17.804493 	61.098282 	56.462376 	65.946945 	16.763054 	115.000000 	18.384777 	35.355339 	28.600698 	57.201397 	73.756355 	57.428215 	
39.012817 	71.512238 	62.649822 	28.442924 	18.788294 	83.671982 	24.515301 	15.811388 	74.706093 	23.769728 	98.412399 	28.017851 	56.435802 	34.365681 	46.043457 	41.484936 	100.239716 	42.201897 	76.550636 	43.965897 	19.416489 	11.704700 	67.446274 	43.324360 	8.246211 	72.422371 	100.846420 	14.560220 	8.944272 	38.288380 	44.687805 	55.362442 	45.276924 	9.848858 	66.068146 	35.355339 	10.295630 	999.000000 	119.570061 	14.212670 	75.026665 	28.017851 	71.309189 	66.708321 	55.901699 	7.000000 	105.683487 	28.425341 	25.059929 	38.832977 	47.010635 	63.702435 	47.201694 	
87.114868 	50.249378 	57.428215 	131.795303 	109.808922 	36.878178 	129.189789 	109.622078 	44.944408 	96.798759 	22.671568 	136.359818 	150.445999 	143.282944 	73.790245 	151.743210 	19.416489 	77.820305 	43.462627 	154.563904 	133.221619 	108.046288 	173.954010 	154.673843 	111.646767 	48.104053 	18.788294 	130.357208 	110.639053 	82.346825 	76.157730 	165.680420 	76.321686 	127.624451 	55.659679 	86.005814 	128.471786 	119.570061 	999.000000 	132.924789 	183.853195 	145.340973 	181.069046 	177.654160 	68.410522 	116.275536 	17.029387 	146.441116 	99.161484 	155.425217 	78.160095 	62.169125 	78.847954 	
49.477268 	84.095184 	75.663727 	22.022715 	26.172504 	96.648849 	19.104973 	24.738634 	87.982956 	36.235340 	111.413643 	18.788294 	47.759815 	23.345236 	59.816387 	29.068884 	113.534134 	56.080299 	90.210861 	31.257000 	9.433981 	25.000000 	54.744862 	30.413813 	21.400934 	86.214851 	114.280357 	5.830952 	22.671568 	52.345009 	58.728188 	42.201897 	59.396969 	5.385165 	80.056229 	49.517673 	4.472136 	14.212670 	132.924789 	999.000000 	61.684681 	13.892444 	57.870544 	53.141319 	70.092796 	20.124611 	119.402679 	14.212670 	39.115215 	24.698177 	61.220913 	77.897369 	61.400326 	
96.938126 	133.645050 	127.561752 	52.801514 	76.026314 	147.085007 	56.035702 	77.388626 	140.264038 	90.972527 	161.245148 	49.396355 	36.769554 	42.190044 	115.935326 	34.000000 	164.769531 	112.898186 	144.308701 	31.304953 	55.946404 	83.186539 	10.295630 	31.780497 	80.056229 	141.209061 	166.243790 	60.539242 	81.859634 	110.276924 	116.284134 	19.697716 	117.477661 	65.192024 	136.484436 	108.300507 	64.845970 	75.026665 	183.853195 	61.684681 	999.000000 	48.270073 	4.000000 	9.000000 	128.631256 	81.596565 	172.904602 	48.836460 	99.924973 	38.327538 	120.768372 	136.341476 	121.198181 	
60.008331 	95.880135 	87.920418 	21.587032 	36.249138 	108.756607 	21.023796 	35.846897 	100.439034 	48.600410 	123.490891 	15.811388 	40.224369 	15.556349 	72.917763 	17.720045 	125.924583 	69.310890 	103.077644 	19.235384 	12.649111 	38.183765 	42.047592 	18.110771 	34.655445 	99.247169 	126.826653 	15.000000 	36.124783 	65.795135 	72.138756 	29.154760 	72.917763 	18.439089 	93.348808 	63.126858 	17.804493 	28.017851 	145.340973 	13.892444 	48.270073 	999.000000 	44.384682 	39.560081 	83.737686 	34.000000 	132.279999 	2.236068 	53.000000 	10.816654 	75.000000 	91.547798 	75.213028 	
94.047859 	130.831955 	124.579292 	49.678970 	72.801102 	144.256714 	52.801514 	74.060783 	137.295303 	87.658424 	158.492905 	46.043457 	35.440090 	38.832977 	112.645462 	30.528675 	161.929001 	109.553642 	141.226761 	27.784887 	52.325901 	79.649231 	9.055386 	28.178005 	76.478752 	138.057953 	163.355438 	56.859474 	78.262383 	106.850365 	112.898186 	16.124516 	114.057007 	61.465439 	133.221619 	104.809349 	61.098282 	71.309189 	181.069046 	57.870544 	4.000000 	44.384682 	999.000000 	5.000000 	125.195847 	77.833153 	169.917633 	44.911022 	96.254868 	34.365681 	117.239075 	132.924789 	117.647781 	
90.553848 	127.404869 	120.933868 	45.967381 	68.883957 	140.801285 	48.918301 	70.000000 	133.660019 	83.600243 	155.128983 	42.011902 	34.365681 	34.828148 	108.600182 	26.400757 	158.448730 	105.437187 	137.440903 	23.600847 	47.885281 	75.292763 	9.848858 	23.853722 	72.069412 	134.182709 	159.812393 	52.325901 	73.824112 	102.625534 	108.724419 	12.041595 	109.836243 	56.859474 	129.201401 	100.498756 	56.462376 	66.708321 	177.654160 	53.141319 	9.000000 	39.560081 	5.000000 	999.000000 	120.950401 	73.164200 	166.243790 	40.024994 	91.706055 	29.427877 	112.871605 	128.701202 	113.251930 	
40.012497 	33.120991 	24.207438 	76.485291 	53.310413 	38.470768 	72.897186 	51.429562 	28.635643 	38.078865 	51.009804 	79.259071 	101.833199 	86.452301 	15.000000 	94.667839 	50.487621 	16.492422 	26.019224 	97.416634 	73.239334 	45.803928 	119.883278 	97.097885 	49.203659 	21.023796 	50.009998 	69.202599 	47.634022 	18.357559 	12.649111 	109.077957 	11.180340 	65.299309 	13.038404 	20.615528 	65.946945 	55.901699 	68.410522 	70.092796 	128.631256 	83.737686 	125.195847 	120.950401 	999.000000 	50.990196 	52.554733 	84.291161 	32.202484 	94.493385 	9.848858 	7.810250 	10.440307 	
39.458839 	69.375786 	60.083275 	35.355339 	22.671568 	80.993828 	31.400637 	19.209373 	71.693794 	23.021729 	95.634720 	35.014282 	63.387695 	41.303753 	42.485291 	48.270073 	97.082436 	38.470768 	72.945183 	50.695168 	26.305893 	11.401754 	74.215904 	50.000000 	9.433981 	68.600288 	97.493591 	21.377558 	8.544003 	34.132095 	40.496914 	61.983868 	40.804413 	16.492422 	61.854668 	30.805843 	16.763054 	7.000000 	116.275536 	20.124611 	81.596565 	34.000000 	77.833153 	73.164200 	50.990196 	999.000000 	101.872467 	34.132095 	19.209373 	44.777225 	41.725292 	58.728188 	41.773197 	
76.059189 	40.311287 	45.343136 	120.282997 	97.590981 	27.313000 	117.388245 	97.000000 	32.649654 	83.737686 	18.110771 	124.450790 	140.911316 	131.529465 	59.640591 	140.014282 	12.041595 	63.513779 	29.206163 	142.842575 	120.507263 	94.403389 	163.248276 	142.835571 	98.005104 	33.286633 	9.000000 	117.290237 	96.834908 	67.742157 	61.400326 	154.207657 	61.294373 	114.201576 	40.249222 	71.196907 	115.000000 	105.683487 	17.029387 	119.402679 	172.904602 	132.279999 	169.917633 	166.243790 	52.554733 	101.872467 	999.000000 	133.225372 	84.077347 	142.635895 	62.393909 	45.880280 	62.968246 	
61.465439 	97.128784 	89.044930 	23.769728 	37.696156 	109.931801 	23.086792 	37.121422 	101.513542 	49.648766 	124.679588 	18.027756 	42.201897 	17.691807 	73.756355 	19.313208 	127.027557 	70.092796 	104.019226 	20.615528 	14.317822 	38.948685 	43.000000 	19.416489 	35.383614 	100.124924 	127.882759 	16.124516 	36.769554 	66.468040 	72.835434 	30.016663 	73.552704 	19.104973 	94.111633 	63.702435 	18.384777 	28.425341 	146.441116 	14.212670 	48.836460 	2.236068 	44.911022 	40.024994 	84.291161 	34.132095 	133.225372 	999.000000 	53.254108 	10.770329 	75.432091 	92.097771 	75.604233 	
34.205261 	55.081757 	45.177429 	50.487621 	30.413813 	65.306969 	46.529560 	27.166155 	55.542778 	19.416489 	79.555016 	51.662365 	78.160095 	58.523499 	26.305893 	66.128662 	80.324341 	22.203604 	55.713554 	68.709534 	44.011364 	18.027756 	92.027168 	68.154236 	20.396078 	51.078373 	80.411446 	39.395432 	18.439089 	17.262676 	23.086792 	80.230919 	22.847319 	34.885529 	43.829212 	13.341664 	35.355339 	25.059929 	99.161484 	39.115215 	99.924973 	53.000000 	96.254868 	91.706055 	32.202484 	19.209373 	84.077347 	53.254108 	999.000000 	63.812225 	22.671568 	39.824615 	22.627417 	
69.354164 	105.688217 	98.005104 	27.294687 	45.793011 	118.713943 	28.160255 	45.803928 	110.602890 	58.898216 	133.405396 	21.377558 	37.643059 	17.117243 	83.450584 	13.601471 	136.014709 	79.906197 	113.454834 	13.453624 	22.203604 	48.836460 	33.241539 	12.041595 	45.343136 	109.713264 	137.003647 	25.455845 	46.861500 	76.485291 	82.807007 	20.223749 	83.630135 	29.206163 	103.947105 	73.878281 	28.600698 	38.832977 	155.425217 	24.698177 	38.327538 	10.816654 	34.365681 	29.427877 	94.493385 	44.777225 	142.635895 	10.770329 	63.812225 	999.000000 	85.802101 	102.303467 	86.023254 	
37.363083 	39.849716 	30.083218 	69.289246 	46.572525 	47.042534 	65.551506 	44.271889 	37.054016 	31.575306 	60.207973 	71.589104 	95.566734 	78.721024 	14.212670 	86.769814 	60.016663 	13.000000 	35.355339 	89.470665 	65.000000 	37.589893 	112.307610 	89.067390 	40.816662 	30.413813 	59.665737 	60.745369 	39.115215 	12.000000 	9.433981 	101.118744 	7.211102 	56.612720 	22.561028 	12.649111 	57.201397 	47.010635 	78.160095 	61.220913 	120.768372 	75.000000 	117.239075 	112.871605 	9.848858 	41.725292 	62.393909 	75.432091 	22.671568 	85.802101 	999.000000 	17.204651 	1.414214 	
46.173584 	32.557640 	25.238859 	84.077347 	60.835846 	35.114101 	80.529495 	59.059292 	25.942244 	45.617977 	46.270943 	86.954010 	109.110039 	94.154129 	21.587032 	102.396286 	45.011108 	23.769728 	21.587032 	105.152267 	81.024689 	53.600372 	127.534309 	104.847511 	57.008770 	16.763054 	44.181442 	77.006493 	55.443665 	26.076809 	20.124611 	116.811813 	18.867962 	73.109505 	9.433981 	28.425341 	73.756355 	63.702435 	62.169125 	77.897369 	136.341476 	91.547798 	132.924789 	128.701202 	7.810250 	58.728188 	45.880280 	92.097771 	39.824615 	102.303467 	17.204651 	999.000000 	17.492855 	
38.600517 	41.109608 	31.384710 	69.892776 	47.296936 	48.093658 	66.128662 	44.922153 	38.118237 	32.388271 	61.131008 	72.090218 	96.317184 	79.202271 	15.620500 	87.206650 	60.827625 	14.317822 	36.221542 	89.894379 	65.368187 	38.013157 	112.805145 	89.470665 	41.182522 	31.257000 	60.415230 	61.057350 	39.446167 	13.038404 	10.816654 	101.533249 	8.602325 	56.859474 	23.345236 	13.341664 	57.428215 	47.201694 	78.847954 	61.400326 	121.198181 	75.213028 	117.647781 	113.251930 	10.440307 	41.773197 	62.968246 	75.604233 	22.627417 	86.023254 	1.414214 	17.492855 	999.000000 	

Travel time:
9.000000 	0.921954 	0.770146 	1.117195 	0.594243 	1.256234 	1.055047 	0.618466 	1.085415 	0.419076 	1.616516 	1.235162 	1.634205 	1.405569 	0.625500 	1.616516 	1.697425 	0.612882 	1.200521 	1.686898 	1.185591 	0.704006 	2.180166 	1.690599 	0.775403 	1.140449 	1.732772 	1.138530 	0.778621 	0.650000 	0.711073 	1.964211 	0.764853 	1.103687 	1.068001 	0.694622 	1.128051 	0.975320 	2.177872 	1.236932 	2.423453 	1.500208 	2.351197 	2.263846 	1.000312 	0.986471 	1.901480 	1.536636 	0.855132 	1.733854 	0.934077 	1.154340 	0.965013 	
0.921954 	9.000000 	0.251247 	2.039148 	1.497707 	0.336341 	1.975633 	1.500833 	0.251247 	1.198176 	0.695072 	2.155371 	2.520045 	2.327150 	0.725431 	2.538331 	0.778621 	0.825000 	0.431567 	2.608759 	2.088211 	1.495201 	3.094855 	2.612111 	1.583114 	0.469707 	0.820061 	2.025154 	1.565647 	0.950000 	0.831038 	2.885849 	0.863134 	1.968026 	0.583631 	1.050000 	1.990603 	1.787806 	1.256234 	2.102380 	3.341126 	2.397003 	3.270799 	3.185122 	0.828025 	1.734395 	1.007782 	2.428220 	1.377044 	2.642205 	0.996243 	0.813941 	1.027740 	
0.770146 	0.251247 	9.000000 	1.874166 	1.312441 	0.525595 	1.803469 	1.305038 	0.318198 	0.986154 	0.894427 	1.981161 	2.401042 	2.156965 	0.475000 	2.369071 	0.950329 	0.575543 	0.436606 	2.439775 	1.895059 	1.274755 	2.948093 	2.440543 	1.364047 	0.403113 	0.976281 	1.823630 	1.342805 	0.700446 	0.579871 	2.722591 	0.612882 	1.758195 	0.427200 	0.800391 	1.779923 	1.566246 	1.435705 	1.891593 	3.189044 	2.198010 	3.114482 	3.023347 	0.605186 	1.502082 	1.133578 	2.226123 	1.129436 	2.450128 	0.752080 	0.630971 	0.784618 	
1.117195 	2.039148 	1.874166 	9.000000 	0.583095 	2.373025 	0.100000 	0.626997 	2.192316 	0.961769 	2.733588 	0.150000 	0.701783 	0.291548 	1.582127 	0.500000 	2.813472 	1.510381 	2.288695 	0.570088 	0.318198 	0.813941 	1.089151 	0.575543 	0.753741 	2.210204 	2.846599 	0.416083 	0.803508 	1.454519 	1.598828 	0.848528 	1.632674 	0.525595 	2.094039 	1.416201 	0.536773 	0.711073 	3.294883 	0.550568 	1.320038 	0.539676 	1.241974 	1.149184 	1.912132 	0.883883 	3.007075 	0.594243 	1.262191 	0.682367 	1.732231 	2.101934 	1.747319 	
0.594243 	1.497707 	1.312441 	0.583095 	9.000000 	1.825171 	0.500000 	0.090139 	1.629801 	0.380789 	2.191461 	0.672681 	1.225765 	0.851469 	0.999062 	1.063015 	2.260669 	0.928036 	1.715554 	1.133578 	0.592663 	0.335410 	1.672199 	1.131923 	0.336341 	1.632483 	2.288695 	0.546008 	0.375000 	0.877853 	1.017964 	1.421267 	1.053862 	0.525595 	1.511622 	0.848896 	0.550568 	0.469707 	2.745223 	0.654313 	1.900658 	0.906228 	1.820028 	1.722099 	1.332760 	0.566789 	2.439775 	0.942404 	0.760345 	1.144825 	1.164313 	1.520896 	1.182423 	
1.256234 	0.336341 	0.525595 	2.373025 	1.825171 	9.000000 	2.307867 	1.823630 	0.250000 	1.510381 	0.369121 	2.487217 	2.855039 	2.660122 	0.976281 	2.871628 	0.442295 	1.079352 	0.347311 	2.942151 	2.412986 	1.800347 	3.431108 	2.944911 	1.889610 	0.459619 	0.485412 	2.345341 	1.868321 	1.201301 	1.060660 	3.220443 	1.079641 	2.282542 	0.649038 	1.299279 	2.304479 	2.091799 	0.921954 	2.416221 	3.677125 	2.718915 	3.606418 	3.520032 	0.961769 	2.024846 	0.682825 	2.748295 	1.632674 	2.967849 	1.176063 	0.877853 	1.202341 	
1.055047 	1.975633 	1.803469 	0.100000 	0.500000 	2.307867 	9.000000 	0.536773 	2.121615 	0.874643 	2.670674 	0.180278 	0.801561 	0.353553 	1.497707 	0.565685 	2.746930 	1.423464 	2.213171 	0.636396 	0.257391 	0.715891 	1.175266 	0.637377 	0.654313 	2.131901 	2.778151 	0.336341 	0.704006 	1.364047 	1.510381 	0.921954 	1.542928 	0.437321 	2.011219 	1.323112 	0.450694 	0.612882 	3.229745 	0.477624 	1.400892 	0.525595 	1.320038 	1.222957 	1.822430 	0.785016 	2.934706 	0.577170 	1.163239 	0.704006 	1.638788 	2.013237 	1.653217 	
0.618466 	1.500833 	1.305038 	0.626997 	0.090139 	1.823630 	0.536773 	9.000000 	1.620378 	0.340037 	2.191603 	0.700446 	1.290591 	0.880696 	0.965013 	1.090011 	2.255271 	0.887764 	1.697425 	1.160011 	0.590021 	0.246221 	1.711907 	1.155692 	0.247487 	1.609542 	2.280351 	0.525595 	0.285044 	0.827647 	0.973717 	1.450216 	1.006231 	0.485412 	1.480076 	0.790569 	0.509902 	0.395285 	2.740552 	0.618466 	1.934716 	0.896172 	1.851520 	1.750000 	1.285739 	0.480234 	2.425000 	0.928036 	0.679154 	1.145098 	1.106797 	1.476482 	1.123054 	
1.085415 	0.251247 	0.318198 	2.192316 	1.629801 	0.250000 	2.121615 	1.620378 	9.000000 	1.296630 	0.601041 	2.299185 	2.711319 	2.475126 	0.735272 	2.687238 	0.638847 	0.838153 	0.182003 	2.757943 	2.210204 	1.578369 	3.264966 	2.758623 	1.668270 	0.247487 	0.660019 	2.136147 	1.644118 	0.958188 	0.813941 	3.040765 	0.831038 	2.067003 	0.413824 	1.055047 	2.088211 	1.867652 	1.123610 	2.199574 	3.506601 	2.510976 	3.432383 	3.341501 	0.715891 	1.792345 	0.816241 	2.537838 	1.388569 	2.765072 	0.926350 	0.648556 	0.952956 	
0.419076 	1.198176 	0.986154 	0.961769 	0.380789 	1.510381 	0.874643 	0.340037 	1.296630 	9.000000 	1.879495 	1.040433 	1.600781 	1.220656 	0.625000 	1.430035 	1.934716 	0.548862 	1.364047 	1.500000 	0.919918 	0.304138 	2.049695 	1.495410 	0.388104 	1.272792 	1.955920 	0.840015 	0.378319 	0.498121 	0.637377 	1.790251 	0.673146 	0.772172 	1.140175 	0.477624 	0.794119 	0.594243 	2.419969 	0.905883 	2.274313 	1.215010 	2.191461 	2.090006 	0.951972 	0.575543 	2.093442 	1.241219 	0.485412 	1.472455 	0.789383 	1.140449 	0.809707 	
1.616516 	0.695072 	0.894427 	2.733588 	2.191461 	0.369121 	2.670674 	2.191603 	0.601041 	1.879495 	9.000000 	2.850439 	3.194526 	3.022003 	1.336273 	3.233033 	0.152069 	1.439184 	0.625000 	3.303407 	2.780513 	2.169101 	3.783021 	3.307000 	2.258456 	0.750000 	0.230489 	2.713969 	2.236767 	1.559046 	1.412887 	3.579455 	1.426753 	2.651650 	0.950000 	1.655483 	2.673598 	2.460310 	0.566789 	2.785341 	4.031129 	3.087272 	3.962323 	3.878225 	1.275245 	2.390868 	0.452769 	3.116990 	1.988875 	3.335135 	1.505199 	1.156774 	1.528275 	
1.235162 	2.155371 	1.981161 	0.150000 	0.672681 	2.487217 	0.180278 	0.700446 	2.299185 	1.040433 	2.850439 	9.000000 	0.728011 	0.180278 	1.665270 	0.390512 	2.925854 	1.587844 	2.388122 	0.460977 	0.237171 	0.854400 	1.017964 	0.459619 	0.783023 	2.304886 	2.956455 	0.357946 	0.831038 	1.522539 	1.672199 	0.750000 	1.702388 	0.480885 	2.180023 	1.475847 	0.485412 	0.700446 	3.408995 	0.469707 	1.234909 	0.395285 	1.151086 	1.050297 	1.981477 	0.875357 	3.111270 	0.450694 	1.291559 	0.534439 	1.789728 	2.173850 	1.802255 	
1.634205 	2.520045 	2.401042 	0.701783 	1.225765 	2.855039 	0.801561 	1.290591 	2.711319 	1.600781 	3.194526 	0.728011 	9.000000 	0.626498 	2.191603 	0.602080 	3.295546 	2.134537 	2.834277 	0.610328 	0.965013 	1.503330 	0.664266 	0.645174 	1.450216 	2.773536 	3.340003 	1.085415 	1.500208 	2.098362 	2.229630 	0.657647 	2.270050 	1.206752 	2.685610 	2.074398 	1.212693 	1.410895 	3.761150 	1.193995 	0.919239 	1.005609 	0.886002 	0.859142 	2.545830 	1.584692 	3.522783 	1.055047 	1.954002 	0.941076 	2.389168 	2.727751 	2.407930 	
1.405569 	2.327150 	2.156965 	0.291548 	0.851469 	2.660122 	0.353553 	0.880696 	2.475126 	1.220656 	3.022003 	0.180278 	0.626498 	9.000000 	1.845434 	0.212132 	3.099698 	1.768120 	2.566247 	0.282843 	0.375832 	1.030776 	0.840387 	0.285044 	0.956883 	2.483948 	3.131393 	0.500625 	1.004054 	1.702388 	1.852363 	0.570088 	1.882319 	0.625500 	2.360085 	1.654728 	0.625000 	0.859142 	3.582074 	0.583631 	1.054751 	0.388909 	0.970824 	0.870704 	2.161308 	1.032594 	3.288237 	0.442295 	1.463087 	0.427931 	1.968026 	2.353853 	1.980057 	
0.625500 	0.725431 	0.475000 	1.582127 	0.999062 	0.976281 	1.497707 	0.965013 	0.735272 	0.625000 	1.336273 	1.665270 	2.191603 	1.845434 	9.000000 	2.055024 	1.365650 	0.103078 	0.763217 	2.125000 	1.538871 	0.870704 	2.671259 	2.120289 	0.960469 	0.660019 	1.375227 	1.450000 	0.930054 	0.226385 	0.125000 	2.415186 	0.176777 	1.366794 	0.515388 	0.325960 	1.386092 	1.151086 	1.844756 	1.495410 	2.898383 	1.822944 	2.816137 	2.715004 	0.375000 	1.062132 	1.491015 	1.843909 	0.657647 	2.086265 	0.355317 	0.539676 	0.390512 	
1.616516 	2.538331 	2.369071 	0.500000 	1.063015 	2.871628 	0.565685 	1.090011 	2.687238 	1.430035 	3.233033 	0.390512 	0.602080 	0.212132 	2.055024 	9.000000 	3.311438 	1.976424 	2.778151 	0.070711 	0.553399 	1.229837 	0.649038 	0.079057 	1.152443 	2.695366 	3.343370 	0.673146 	1.198176 	1.908042 	2.059430 	0.360555 	2.088211 	0.794512 	2.570019 	1.857586 	0.789383 	1.037123 	3.793580 	0.726722 	0.850000 	0.443001 	0.763217 	0.660019 	2.366696 	1.206752 	3.500357 	0.482830 	1.653217 	0.340037 	2.169245 	2.559907 	2.180166 	
