UB = 960
M = 90

Distance:
999.000000 	67.896980 	9.219544 	9.055386 	21.400934 	19.235384 	105.261581 	19.697716 	24.596748 	28.071337 	102.474388 	28.000000 	79.322128 	110.059074 	58.008621 	86.267029 	113.600174 	8.602325 	51.623638 	41.677334 	107.935165 	13.341664 	10.816654 	21.023796 	109.123779 	37.643059 	126.015869 	38.600517 	78.600258 	42.059483 	14.317822 	71.561165 	17.888544 	114.769333 	124.631454 	65.368187 	68.600288 	53.851646 	19.416489 	56.080299 	50.606323 	29.154760 	19.209373 	61.846584 	61.032780 	23.430750 	78.771820 	32.756680 	24.351591 	25.495098 	24.698177 	27.459061 	41.012192 	40.049969 	27.202942 	31.384710 	79.056938 	36.069378 	38.832977 	46.173584 	43.416588 	45.188496 	42.638012 	55.317268 	
67.896980 	999.000000 	60.207973 	62.481998 	89.196411 	86.556343 	38.910152 	77.524193 	45.486263 	91.268837 	43.000000 	90.210861 	19.646883 	50.089920 	13.152946 	18.439089 	47.927029 	66.843102 	20.615528 	108.853111 	41.182522 	79.397736 	70.604530 	55.569775 	41.880783 	38.275318 	60.415230 	37.947330 	14.000000 	35.171009 	73.817345 	13.601471 	64.140472 	47.434166 	58.180752 	17.000000 	15.620500 	27.018513 	66.730804 	26.172504 	118.342720 	53.851646 	72.201111 	24.351591 	128.549606 	69.318108 	21.931713 	56.612720 	81.123360 	70.682388 	76.941536 	67.230942 	48.662102 	49.819675 	83.725746 	84.528099 	34.058773 	76.843994 	71.063354 	61.204575 	68.883957 	66.483078 	82.969872 	83.294655 	
9.219544 	60.207973 	999.000000 	3.000000 	30.016663 	28.231188 	98.229324 	27.658634 	20.099751 	37.215588 	96.664368 	37.054016 	72.945183 	104.278473 	49.678970 	78.644768 	106.780151 	7.280110 	43.011627 	50.537113 	100.801788 	19.209373 	11.401754 	12.369317 	101.828285 	28.460499 	119.268608 	29.410883 	70.292244 	32.893768 	15.297058 	63.007935 	12.206555 	107.447662 	117.643532 	56.603886 	59.908264 	44.777225 	14.764823 	47.010635 	59.076221 	20.615528 	17.262676 	52.801514 	69.641945 	19.235384 	69.971420 	24.698177 	25.019993 	21.470911 	23.345236 	22.022715 	32.140316 	31.257000 	28.017851 	31.144823 	69.892776 	32.249031 	33.241539 	38.483765 	37.013512 	38.275318 	39.357338 	50.328918 	
9.055386 	62.481998 	3.000000 	999.000000 	28.635643 	27.202942 	100.687637 	28.460499 	23.086792 	37.013512 	99.403221 	37.013512 	75.591003 	107.018692 	51.662365 	80.919716 	109.293182 	4.472136 	44.821869 	49.244289 	103.227905 	16.970562 	8.544003 	12.000000 	104.201729 	29.546574 	121.794907 	30.463093 	72.249565 	34.014702 	12.369317 	64.815125 	9.899495 	109.808922 	120.104118 	58.249462 	61.611687 	46.065170 	12.206555 	48.301140 	57.454330 	20.099751 	14.317822 	54.120235 	68.095520 	16.643316 	71.561165 	23.769728 	22.022715 	18.867962 	20.396078 	19.798990 	32.000000 	31.016125 	25.019993 	28.160255 	70.936592 	29.681644 	31.144823 	37.336308 	35.227829 	36.715118 	36.715118 	48.104053 	
21.400934 	89.196411 	30.016663 	28.635643 	999.000000 	4.000000 	126.150703 	21.023796 	44.821869 	15.556349 	122.331520 	17.029387 	99.809822 	129.849915 	79.404030 	107.517441 	134.316788 	25.298222 	72.945183 	20.615528 	128.887543 	14.000000 	23.345236 	39.849716 	130.176804 	58.180752 	146.649246 	59.093147 	100.000000 	62.649822 	23.000000 	92.913940 	33.376640 	135.830780 	145.454468 	86.608315 	89.888817 	74.686012 	33.060551 	76.922035 	29.206163 	47.074409 	29.068884 	82.734512 	39.661064 	35.057095 	99.985001 	49.365982 	26.925823 	36.221542 	31.048349 	40.049969 	59.228371 	58.051701 	28.178005 	33.120991 	99.538940 	43.965897 	49.819675 	61.008198 	55.578773 	58.309521 	48.332184 	63.324562 	
19.235384 	86.556343 	28.231188 	27.202942 	4.000000 	999.000000 	123.166557 	17.029387 	41.773197 	13.038404 	118.983192 	14.212670 	96.674713 	126.479248 	77.103828 	104.804581 	131.244049 	24.331051 	70.830788 	22.472204 	125.936493 	14.560220 	23.000000 	38.832977 	127.287079 	56.648037 	143.533966 	57.584721 	97.652443 	61.098282 	23.345236 	90.735878 	33.015148 	132.943604 	142.425415 	84.599052 	87.817993 	73.006851 	33.060551 	75.239616 	31.827662 	46.389652 	29.614185 	81.024689 	42.011902 	35.510563 	98.005104 	49.040798 	28.653097 	36.878178 	32.310989 	40.447498 	58.549126 	57.428215 	30.232433 	35.227829 	98.081596 	45.310043 	50.695168 	61.204575 	56.293873 	58.855755 	50.119858 	64.884514 	
105.261581 	38.910152 	98.229324 	100.687637 	126.150703 	123.166557 	999.000000 	111.946419 	81.394104 	126.063477 	18.788294 	124.739731 	27.202942 	20.518284 	51.623638 	21.587032 	9.219544 	105.118980 	59.236813 	144.958618 	3.162278 	117.413795 	109.000000 	94.413979 	6.000000 	77.077881 	21.540659 	76.694199 	35.128338 	73.736015 	112.361023 	43.416588 	102.956299 	10.770329 	19.416489 	50.803543 	47.518417 	64.031242 	105.588821 	62.585941 	154.935471 	92.703827 	111.018013 	58.694122 	164.757401 	108.226616 	44.102154 	95.273293 	119.954155 	109.590149 	115.836090 	106.103722 	86.683334 	87.931793 	122.588745 	123.438240 	57.706154 	115.520561 	109.416634 	98.488579 	106.737999 	104.048065 	121.433105 	120.415947 	
19.697716 	77.524193 	27.658634 	28.460499 	21.023796 	17.029387 	111.946419 	999.000000 	32.202484 	14.142136 	105.891457 	12.806249 	84.899940 	113.229858 	70.007141 	95.131485 	119.519875 	28.178005 	64.845970 	34.132095 	114.865135 	25.806976 	29.410883 	40.024994 	116.516090 	54.083271 	131.529465 	55.081757 	89.899948 	58.215118 	31.890438 	83.934502 	37.576588 	122.147453 	130.862518 	78.746429 	81.596565 	69.050705 	38.948685 	71.196907 	44.777225 	48.270073 	37.802116 	76.687675 	53.600372 	42.720020 	92.027168 	52.201534 	40.459858 	44.654228 	42.449970 	47.010635 	59.682495 	58.855755 	42.801868 	47.634022 	94.540993 	54.817879 	58.309521 	65.787537 	63.063461 	64.884514 	60.876926 	74.404305 	
24.596748 	45.486263 	20.099751 	23.086792 	44.821869 	41.773197 	81.394104 	32.202484 	999.000000 	45.793011 	77.897369 	44.777225 	55.000000 	85.475143 	37.947330 	63.411354 	89.498604 	27.294687 	33.376640 	63.702435 	84.172440 	37.696156 	31.400637 	25.079872 	85.562843 	27.313000 	101.828285 	28.231188 	57.697487 	30.364452 	35.355339 	51.865211 	30.413813 	91.219513 	100.657837 	47.074409 	49.729267 	39.051247 	33.376640 	41.012192 	73.552704 	30.805843 	37.013512 	46.043457 	83.486526 	37.656342 	60.166435 	35.805027 	45.099888 	39.812057 	43.046486 	38.897301 	37.802116 	37.643059 	48.093658 	51.009804 	64.070274 	50.000000 	48.754486 	48.836460 	50.774010 	50.803543 	57.280014 	65.764732 	
28.071337 	91.268837 	37.215588 	37.013512 	15.556349 	13.038404 	126.063477 	14.142136 	45.793011 	999.000000 	119.970833 	2.000000 	99.035347 	127.283150 	83.192551 	109.041275 	133.660019 	35.128338 	77.620872 	20.615528 	128.972870 	27.313000 	34.713108 	49.010204 	130.598618 	65.306969 	145.670868 	66.287254 	103.353760 	69.634758 	35.735138 	97.082436 	44.407207 	136.235092 	145.000000 	91.547798 	94.540993 	81.043198 	44.911022 	83.240616 	31.384710 	57.008770 	42.059483 	88.887573 	39.661064 	47.801674 	104.923782 	60.207973 	41.677334 	49.335587 	45.188496 	52.630791 	69.007248 	68.000000 	43.266617 	48.259712 	106.480042 	58.180752 	63.245552 	72.993149 	68.680420 	71.063354 	63.134777 	77.820305 	
102.474388 	43.000000 	96.664368 	99.403221 	122.331520 	118.983192 	18.788294 	105.891457 	77.897369 	119.970833 	999.000000 	118.444077 	24.515301 	7.615773 	56.035702 	31.384710 	19.026299 	103.870110 	63.198101 	139.807007 	21.189621 	115.381973 	107.935165 	95.210297 	24.351591 	80.062477 	27.730848 	79.906197 	45.221676 	77.524193 	111.615410 	52.172791 	103.406960 	27.294687 	29.120440 	58.549126 	55.901699 	70.007141 	106.254410 	69.065186 	150.206528 	95.126228 	111.328346 	66.483078 	159.455322 	109.480591 	55.713554 	98.478424 	120.208153 	111.126053 	116.691902 	108.171158 	91.350975 	92.439171 	123.032516 	124.619423 	70.007141 	118.456741 	113.282829 	104.120125 	111.543716 	109.293182 	124.951988 	126.194298 	
28.000000 	90.210861 	37.054016 	37.013512 	17.029387 	14.212670 	124.739731 	12.806249 	44.777225 	2.000000 	118.444077 	999.000000 	97.672920 	125.733849 	82.346825 	107.898102 	132.276230 	35.355339 	76.896034 	22.472204 	127.663620 	28.178005 	35.171009 	49.010204 	129.321304 	64.938431 	144.249786 	65.924202 	102.420700 	69.231499 	36.400551 	96.254868 	44.721359 	134.951843 	143.627991 	90.824005 	93.776329 	80.523285 	45.354160 	82.710335 	33.241539 	57.078892 	42.720020 	88.323273 	41.340054 	48.383881 	104.177734 	60.406952 	42.720020 	49.979996 	46.065170 	53.160137 	69.007248 	68.029404 	44.407207 	49.406479 	105.990562 	59.033890 	63.906181 	73.348480 	69.260376 	71.568146 	64.140472 	78.714676 	
79.322128 	19.646883 	72.945183 	75.591003 	99.809822 	96.674713 	27.202942 	84.899940 	55.000000 	99.035347 	24.515301 	97.672920 	999.000000 	32.015621 	32.140316 	17.720045 	34.655445 	80.062477 	39.000000 	118.190521 	30.232433 	91.923882 	84.077347 	70.837845 	32.249031 	55.578773 	46.861500 	55.443665 	26.870058 	53.150730 	87.664131 	31.384710 	79.120163 	37.735924 	45.967381 	36.400551 	34.438351 	46.389652 	81.932899 	45.705578 	128.316010 	70.611610 	87.091904 	43.965897 	137.974640 	85.070557 	37.536648 	73.979729 	96.005211 	86.683334 	92.358002 	83.677956 	67.067131 	68.117546 	98.792709 	100.244698 	51.400391 	93.941475 	88.814415 	80.000000 	87.206650 	85.052925 	100.448990 	102.019608 	
110.059074 	50.089920 	104.278473 	107.018692 	129.849915 	126.479248 	20.518284 	113.229858 	85.475143 	127.283150 	7.615773 	125.733849 	32.015621 	999.000000 	63.198101 	37.107952 	17.088007 	111.485428 	70.455658 	147.200546 	22.022715 	122.983742 	115.550858 	102.786186 	25.000000 	87.475708 	22.561028 	87.298340 	51.195702 	84.852814 	119.230865 	58.549126 	111.000000 	26.400757 	25.019993 	65.192024 	62.393909 	77.025970 	113.841995 	76.000000 	157.632477 	102.610916 	118.928551 	73.171036 	166.817261 	117.046997 	61.400326 	105.905617 	127.812363 	118.680244 	124.277916 	115.693558 	98.615417 	99.724625 	130.633072 	132.196823 	75.584389 	125.928551 	120.668968 	111.287918 	118.827606 	116.520386 	132.382019 	133.375412 	
58.008621 	13.152946 	49.678970 	51.662365 	79.404030 	77.103828 	51.623638 	70.007141 	37.947330 	83.192551 	56.035702 	82.346825 	32.140316 	63.198101 	999.000000 	30.413813 	60.745369 	55.865910 	7.615773 	99.569069 	53.712196 	68.622154 	59.413803 	43.600460 	54.120235 	25.495098 	73.164200 	25.079872 	20.615528 	22.135944 	62.369865 	13.928389 	52.201534 	59.539902 	70.682388 	10.198039 	12.041595 	14.317822 	54.644306 	13.928389 	108.600182 	41.146080 	60.216278 	14.142136 	119.037811 	56.938564 	22.360680 	43.657761 	69.065186 	58.180752 	64.660652 	54.561890 	35.510563 	36.674240 	71.561165 	72.069412 	29.410883 	63.906181 	57.974133 	48.093658 	55.731499 	53.338543 	69.921387 	70.178345 	
86.267029 	18.439089 	78.644768 	80.919716 	107.517441 	104.804581 	21.587032 	95.131485 	63.411354 	109.041275 	31.384710 	107.898102 	17.720045 	37.107952 	30.413813 	999.000000 	30.805843 	85.276024 	38.013157 	127.015747 	23.409399 	97.836601 	89.022469 	73.783470 	23.706539 	55.901699 	43.011627 	55.461697 	14.142136 	52.392746 	92.200867 	22.022715 	82.377182 	29.154760 	40.311287 	29.274563 	26.076809 	42.449970 	84.905830 	41.000000 	136.619904 	71.554176 	90.426765 	37.215588 	146.754898 	87.321243 	24.351591 	73.925636 	99.322708 	88.588936 	95.015785 	84.970581 	65.145988 	66.407829 	101.872467 	102.474388 	38.626415 	94.154129 	87.920418 	76.902534 	85.164543 	82.462112 	99.959991 	98.843307 	
113.600174 	47.927029 	106.780151 	109.293182 	134.316788 	131.244049 	9.219544 	119.519875 	89.498604 	133.660019 	19.026299 	132.276230 	34.655445 	17.088007 	60.745369 	30.805843 	999.000000 	113.740936 	68.352028 	152.839783 	8.062258 	125.924583 	117.660530 	103.310211 	9.848858 	86.162636 	12.529964 	85.796272 	44.283180 	82.873398 	121.078484 	52.611786 	111.825760 	9.433981 	11.401754 	60.016663 	56.718605 	73.246162 	114.490173 	71.805290 	162.935577 	101.769348 	119.883278 	67.896980 	172.626770 	117.200684 	53.009434 	104.403069 	128.825470 	118.595955 	124.775803 	115.156418 	95.880135 	97.123634 	131.487640 	132.423569 	66.370171 	124.651512 	118.595955 	107.707939 	115.948265 	113.265175 	130.602448 	129.634094 	
8.602325 	66.843102 	7.280110 	4.472136 	25.298222 	24.331051 	105.118980 	28.178005 	27.294687 	35.128338 	103.870110 	35.355339 	80.062477 	111.485428 	55.865910 	85.276024 	113.740936 	999.000000 	48.918301 	45.880280 	107.647575 	12.806249 	4.123106 	14.560220 	108.600182 	33.120991 	126.245789 	34.000000 	76.419891 	37.589893 	8.062258 	68.883957 	9.486833 	114.201576 	124.535133 	62.201286 	65.604881 	49.739319 	10.816654 	51.971146 	53.712196 	22.090721 	11.180340 	57.801384 	64.412735 	14.866069 	75.451973 	25.079872 	18.027756 	16.970562 	17.088007 	18.867962 	34.234486 	33.136082 	21.023796 	24.515301 	74.323616 	27.658634 	30.232433 	38.078865 	34.885529 	36.769554 	34.409302 	46.754681 	
51.623638 	20.615528 	43.011627 	44.821869 	72.945183 	70.830788 	59.236813 	64.845970 	33.376640 	77.620872 	63.198101 	76.896034 	39.000000 	70.455658 	7.615773 	38.013157 	68.352028 	48.918301 	999.000000 	93.295227 	61.326992 	61.717098 	52.345009 	36.235340 	61.717098 	17.888544 	80.777473 	17.464249 	27.586229 	14.560220 	55.172459 	20.000000 	44.821869 	67.119293 	78.294319 	13.928389 	17.000000 	9.219544 	47.201694 	10.000000 	102.078400 	33.541019 	52.801514 	13.341664 	112.605507 	49.396355 	27.313000 	36.055511 	61.611687 	50.606323 	57.140179 	46.957428 	28.160255 	29.274563 	64.070274 	64.498062 	31.064449 	56.302753 	50.447994 	41.000000 	48.373547 	46.097721 	62.361847 	63.031738 	
41.677334 	108.853111 	50.537113 	49.244289 	20.615528 	22.472204 	144.958618 	34.132095 	63.702435 	20.615528 	139.807007 	22.472204 	118.190521 	147.200546 	99.569069 	127.015747 	152.839783 	45.880280 	93.295227 	999.000000 	147.787003 	33.955853 	43.680660 	60.406952 	149.241409 	78.790863 	165.012115 	79.705711 	120.104118 	83.258636 	42.755116 	113.207771 	53.600372 	154.896744 	164.103622 	107.042046 	110.276924 	95.273293 	52.952808 	97.508972 	10.770329 	67.446274 	48.373547 	103.315056 	19.798990 	54.332310 	120.440857 	69.426216 	44.045429 	55.145264 	49.000000 	59.304298 	79.555016 	78.339005 	44.283180 	48.662102 	120.154068 	61.204575 	68.007355 	80.305664 	74.000000 	77.025970 	64.132675 	79.429214 	
107.935165 	41.182522 	100.801788 	103.227905 	128.887543 	125.936493 	3.162278 	114.865135 	84.172440 	128.972870 	21.189621 	127.663620 	30.232433 	22.022715 	53.712196 	23.409399 	8.062258 	107.647575 	61.326992 	147.787003 	999.000000 	120.000000 	111.503365 	96.747093 	3.162278 	79.202271 	19.646883 	78.790863 	36.496574 	75.769386 	114.825958 	44.911022 	105.309067 	7.615773 	17.000000 	52.392746 	49.030602 	65.802734 	107.912003 	64.288414 	157.724442 	94.847244 	113.371071 	60.207973 	167.585800 	110.476242 	45.000000 	97.308784 	122.298813 	111.803398 	118.118584 	108.258949 	88.543777 	89.810913 	124.907967 	125.670204 	58.309521 	117.545738 	111.328346 	100.169853 	108.521889 	105.773346 	123.369362 	122.024590 	
13.341664 	79.397736 	19.209373 	16.970562 	14.000000 	14.560220 	117.413795 	25.806976 	37.696156 	27.313000 	115.381973 	28.178005 	91.923882 	122.983742 	68.622154 	97.836601 	125.924583 	12.806249 	61.717098 	33.955853 	120.000000 	999.000000 	9.848858 	26.832815 	121.037186 	45.793011 	138.397980 	46.647614 	89.196411 	50.249378 	9.000000 	81.688431 	19.646883 	126.657021 	136.824707 	75.000000 	78.409180 	62.433964 	19.104973 	64.660652 	41.146080 	33.526108 	15.132746 	70.491135 	51.894123 	21.095022 	88.232651 	35.510563 	14.866069 	22.360680 	17.888544 	26.076809 	45.607018 	44.384682 	17.029387 	21.931713 	86.764046 	30.870699 	36.138622 	47.010635 	41.773197 	44.407207 	36.055511 	50.537113 	
10.816654 	70.604530 	11.401754 	8.544003 	23.345236 	23.000000 	109.000000 	29.410883 	31.400637 	34.713108 	107.935165 	35.171009 	84.077347 	115.550858 	59.413803 	89.022469 	117.660530 	4.123106 	52.345009 	43.680660 	111.503365 	9.848858 	999.000000 	17.000000 	112.414413 	36.055511 	130.172958 	36.891735 	79.906197 	40.496914 	4.000000 	72.249565 	10.049875 	118.004234 	128.413391 	65.436989 	68.883957 	52.697250 	10.198039 	54.918121 	50.990196 	23.769728 	8.485281 	60.745369 	61.741398 	13.416408 	78.600258 	26.076809 	14.142136 	15.264338 	13.892444 	18.027756 	35.902645 	34.713108 	17.117243 	20.880613 	76.922035 	25.495098 	29.068884 	38.327538 	34.176014 	36.400551 	31.890438 	45.000000 	
21.023796 	55.569775 	12.369317 	12.000000 	39.849716 	38.832977 	94.413979 	40.024994 	25.079872 	49.010204 	95.210297 	49.010204 	70.837845 	102.786186 	43.600460 	73.783470 	103.310211 	14.560220 	36.235340 	60.406952 	96.747093 	26.832815 	17.000000 	999.000000 	97.416634 	19.209373 	115.836090 	20.000000 	63.780876 	23.600847 	19.209373 	55.865910 	8.602325 	102.927162 	113.740936 	48.836460 	52.345009 	35.805027 	11.180340 	38.013157 	67.977936 	8.246211 	16.643316 	43.829212 	78.721024 	14.317822 	61.846584 	12.529964 	25.553865 	16.124516 	21.540659 	14.142136 	20.000000 	19.026299 	28.178005 	29.410883 	59.933296 	25.317978 	23.706539 	26.419689 	26.248810 	26.907248 	32.557640 	40.816662 	
109.123779 	41.880783 	101.828285 	104.201729 	130.176804 	127.287079 	6.000000 	116.516090 	85.562843 	130.598618 	24.351591 	129.321304 	32.249031 	25.000000 	54.120235 	23.706539 	9.848858 	108.600182 	61.717098 	149.241409 	3.162278 	121.037186 	112.414413 	97.416634 	999.000000 	79.605278 	20.099751 	79.158073 	36.138622 	76.059189 	115.676270 	44.643028 	106.000000 	5.656854 	16.763054 	52.201534 	48.764740 	65.787537 	108.558739 	64.195015 	159.100601 	95.257545 	114.057007 	59.908264 	169.035492 	111.018013 	44.102154 	97.575615 	122.967476 	112.294258 	118.701309 	108.673820 	88.600227 	89.888817 	125.538841 	126.178444 	57.078892 	117.783699 	111.427109 	100.000000 	108.466583 	105.650368 	123.490891 	121.753853 	
37.643059 	38.275318 	28.460499 	29.546574 	58.180752 	56.648037 	77.077881 	54.083271 	27.313000 	65.306969 	80.062477 	64.938431 	55.578773 	87.475708 	25.495098 	55.901699 	86.162636 	33.120991 	17.888544 	78.790863 	79.202271 	45.793011 	36.055511 	19.209373 	79.605278 	999.000000 	98.615417 	1.000000 	45.000000 	4.472136 	38.418747 	36.878178 	27.586229 	85.000000 	96.176918 	29.698484 	33.241539 	16.643316 	29.732138 	18.867962 	86.833176 	15.652476 	35.383614 	24.698177 	97.529480 	31.622776 	42.638012 	18.439089 	44.045429 	32.756680 	39.408119 	29.068884 	13.000000 	13.601471 	46.400433 	46.647614 	41.436699 	38.600517 	33.241539 	26.248810 	32.062439 	30.413813 	44.911022 	47.381432 	
126.015869 	60.415230 	119.268608 	121.794907 	146.649246 	143.533966 	21.540659 	131.529465 	101.828285 	145.670868 	27.730848 	144.249786 	46.861500 	22.561028 	73.164200 	43.011627 	12.529964 	126.245789 	80.777473 	165.012115 	19.646883 	138.397980 	130.172958 	115.836090 	20.099751 	98.615417 	999.000000 	98.234413 	56.089214 	95.273293 	133.600143 	64.536812 	124.354332 	16.124516 	5.000000 	72.034714 	68.658577 	85.440041 	127.015747 	83.934502 	175.171341 	114.236595 	132.412231 	79.831070 	184.783661 	129.711212 	64.195015 	116.811813 	141.354172 	131.095383 	137.295303 	127.632286 	108.157295 	109.416634 	144.013885 	144.931015 	77.006493 	137.058380 	130.919830 	119.816528 	128.160049 	125.419296 	142.947540 	141.661575 	
38.600517 	37.947330 	29.410883 	30.463093 	59.093147 	57.584721 	76.694199 	55.081757 	28.231188 	66.287254 	79.906197 	65.924202 	55.443665 	87.298340 	25.079872 	55.461697 	85.796272 	34.000000 	17.464249 	79.705711 	78.790863 	46.647614 	36.891735 	20.000000 	79.158073 	1.000000 	98.234413 	999.000000 	44.407207 	3.605551 	39.204590 	36.235340 	28.319605 	84.534019 	95.754898 	29.000000 	32.557640 	15.811388 	30.413813 	18.027756 	87.709747 	16.124516 	36.069378 	23.853722 	98.412399 	32.202484 	41.868843 	18.681541 	44.687805 	33.286633 	40.000000 	29.529646 	12.649111 	13.341664 	47.010635 	47.169907 	40.496914 	38.897301 	33.376640 	25.961510 	32.015621 	30.265491 	45.122055 	47.265209 	
78.600258 	14.000000 	70.292244 	72.249565 	100.000000 	97.652443 	35.128338 	89.899948 	57.697487 	103.353760 	45.221676 	102.420700 	26.870058 	51.195702 	20.615528 	14.142136 	44.283180 	76.419891 	27.586229 	120.104118 	36.496574 	89.196411 	79.906197 	63.780876 	36.138622 	45.000000 	56.089214 	44.407207 	999.000000 	41.048752 	82.758682 	8.544003 	72.346390 	41.109608 	52.886673 	16.155495 	12.649111 	29.966648 	74.652527 	28.231188 	129.201401 	60.464867 	80.280754 	23.769728 	139.617340 	76.609398 	10.816654 	62.265560 	89.022469 	77.665955 	84.403793 	73.783470 	52.801514 	54.129475 	91.400215 	91.525955 	25.059929 	82.298241 	75.643906 	63.890530 	72.449982 	69.570107 	87.726852 	85.615417 	
42.059483 	35.171009 	32.893768 	34.014702 	62.649822 	61.098282 	73.736015 	58.215118 	30.364452 	69.634758 	77.524193 	69.231499 	53.150730 	84.852814 	22.135944 	52.392746 	82.873398 	37.589893 	14.560220 	83.258636 	75.769386 	50.249378 	40.496914 	23.600847 	76.059189 	4.472136 	95.273293 	3.605551 	41.048752 	999.000000 	42.801868 	32.802441 	31.890438 	81.394104 	92.703827 	25.495098 	29.068884 	12.206555 	33.941124 	14.422205 	91.301697 	19.416489 	39.597980 	20.248457 	102.000000 	35.608986 	38.288380 	21.540659 	48.166378 	36.619667 	43.416588 	32.756680 	14.035668 	15.000000 	50.447994 	50.477718 	37.000000 	41.785164 	35.902645 	27.294687 	34.058773 	32.015621 	47.801674 	49.040798 	
14.317822 	73.817345 	15.297058 	12.369317 	23.000000 	23.345236 	112.361023 	31.890438 	35.355339 	35.735138 	111.615410 	36.400551 	87.664131 	119.230865 	62.369865 	92.200867 	121.078484 	8.062258 	55.172459 	42.755116 	114.825958 	9.000000 	4.000000 	19.209373 	115.676270 	38.418747 	133.600143 	39.204590 	82.758682 	42.801868 	999.000000 	74.966660 	11.180340 	121.247681 	131.764938 	68.014702 	71.505241 	55.000000 	10.198039 	57.201397 	49.396355 	25.079872 	6.324555 	63.007935 	60.166435 	12.165525 	81.055534 	26.683329 	10.198039 	13.601471 	10.630146 	17.117243 	37.000000 	35.735138 	13.152946 	17.088007 	78.771820 	23.021729 	27.513634 	38.013157 	32.984844 	35.510563 	29.000000 	42.720020 	
71.561165 	13.601471 	63.007935 	64.815125 	92.913940 	90.735878 	43.416588 	83.934502 	51.865211 	97.082436 	52.172791 	96.254868 	31.384710 	58.549126 	13.928389 	22.022715 	52.611786 	68.883957 	20.000000 	113.207771 	44.911022 	81.688431 	72.249565 	55.865910 	44.643028 	36.878178 	64.536812 	36.235340 	8.544003 	32.802441 	74.966660 	999.000000 	64.381676 	49.648766 	61.400326 	7.615773 	4.123106 	21.470911 	66.603302 	19.697716 	122.065559 	52.201534 	72.249565 	15.297058 	132.574509 	68.410522 	9.055386 	53.851646 	80.919716 	69.404610 	76.216797 	65.459915 	44.283180 	45.617977 	83.240616 	83.234612 	20.518284 	73.824112 	67.119293 	55.362442 	63.906181 	61.032780 	79.202271 	77.129761 	
17.888544 	64.140472 	12.206555 	9.899495 	33.376640 	33.015148 	102.956299 	37.576588 	30.413813 	44.407207 	103.406960 	44.721359 	79.120163 	111.000000 	52.201534 	82.377182 	111.825760 	9.486833 	44.821869 	53.600372 	105.309067 	19.646883 	10.049875 	8.602325 	106.000000 	27.586229 	124.354332 	28.319605 	72.346390 	31.890438 	11.180340 	64.381676 	999.000000 	111.516815 	122.298813 	57.280014 	60.811184 	44.045429 	3.000000 	46.227695 	60.539242 	13.928389 	8.062258 	52.009613 	71.309189 	7.280110 	70.178345 	16.031219 	17.000000 	9.486833 	13.341664 	9.899495 	25.961510 	24.738634 	19.697716 	21.377558 	67.601776 	20.124611 	21.260292 	28.635643 	25.553865 	27.313000 	27.313000 	38.209946 	
114.769333 	47.434166 	107.447662 	109.808922 	135.830780 	132.943604 	10.770329 	122.147453 	91.219513 	136.235092 	27.294687 	134.951843 	37.735924 	26.400757 	59.539902 	29.154760 	9.433981 	114.201576 	67.119293 	154.896744 	7.615773 	126.657021 	118.004234 	102.927162 	5.656854 	85.000000 	16.124516 	84.534019 	41.109608 	81.394104 	121.247681 	49.648766 	111.516815 	999.000000 	12.041595 	57.245087 	53.758720 	70.936592 	114.057007 	69.289246 	164.757401 	100.647903 	119.570061 	64.845970 	174.691162 	116.468880 	48.507732 	102.883430 	128.471786 	117.720009 	124.169243 	114.061386 	93.776329 	95.078911 	131.026718 	131.609268 	61.008198 	123.065025 	116.619041 	104.995239 	113.547348 	110.679718 	128.693436 	126.649124 	
124.631454 	58.180752 	117.643532 	120.104118 	145.454468 	142.425415 	19.416489 	130.862518 	100.657837 	145.000000 	29.120440 	143.627991 	45.967381 	25.019993 	70.682388 	40.311287 	11.401754 	124.535133 	78.294319 	164.103622 	17.000000 	136.824707 	128.413391 	113.740936 	16.763054 	96.176918 	5.000000 	95.754898 	52.886673 	92.703827 	131.764938 	61.400326 	122.298813 	12.041595 	999.000000 	68.963760 	65.520988 	82.540901 	124.907967 	80.956779 	174.155106 	111.825760 	130.361038 	76.655075 	183.896713 	127.475487 	60.530983 	114.236595 	139.291061 	128.798294 	135.118469 	125.239769 	105.342300 	106.625511 	141.904892 	142.667450 	73.027390 	134.461884 	128.160049 	116.760437 	125.227791 	122.413231 	140.217682 	138.495483 	
65.368187 	17.000000 	56.603886 	58.249462 	86.608315 	84.599052 	50.803543 	78.746429 	47.074409 	91.547798 	58.549126 	90.824005 	36.400551 	65.192024 	10.198039 	29.274563 	60.016663 	62.201286 	13.928389 	107.042046 	52.392746 	75.000000 	65.436989 	48.836460 	52.201534 	29.698484 	72.034714 	29.000000 	16.155495 	25.495098 	68.014702 	7.615773 	57.280014 	57.245087 	68.963760 	999.000000 	3.605551 	13.892444 	59.413803 	12.083046 	115.663307 	44.821869 	65.069191 	8.000000 	126.245789 	61.073727 	13.416408 	46.324940 	73.661385 	62.008064 	68.883957 	58.008621 	36.674240 	38.013157 	75.927597 	75.802376 	19.313208 	66.241982 	59.506302 	47.801674 	56.302753 	53.450912 	71.589104 	69.634758 	
68.600288 	15.620500 	59.908264 	61.611687 	89.888817 	87.817993 	47.518417 	81.596565 	49.729267 	94.540993 	55.901699 	93.776329 	34.438351 	62.393909 	12.041595 	26.076809 	56.718605 	65.604881 	17.000000 	110.276924 	49.030602 	78.409180 	68.883957 	52.345009 	48.764740 	33.241539 	68.658577 	32.557640 	12.649111 	29.068884 	71.505241 	4.123106 	60.811184 	53.758720 	65.520988 	3.605551 	999.000000 	17.492855 	62.968246 	15.652476 	118.983192 	48.414875 	68.622154 	11.180340 	129.541504 	64.660652 	10.440307 	49.929951 	77.233414 	65.604881 	72.470680 	61.611687 	40.249222 	41.593269 	79.511009 	79.404030 	18.867962 	69.835518 	63.071388 	51.244511 	59.808025 	56.920998 	75.153175 	73.006851 	
53.851646 	27.018513 	44.777225 	46.065170 	74.686012 	73.006851 	64.031242 	69.050705 	39.051247 	81.043198 	70.007141 	80.523285 	46.389652 	77.025970 	14.317822 	42.449970 	73.246162 	49.739319 	9.219544 	95.273293 	65.802734 	62.433964 	52.697250 	35.805027 	65.787537 	16.643316 	85.440041 	15.811388 	29.966648 	12.206555 	55.000000 	21.470911 	44.045429 	70.936592 	82.540901 	13.892444 	17.492855 	999.000000 	46.010868 	2.236068 	103.445641 	31.144823 	51.662365 	8.062258 	114.127121 	47.423622 	26.172504 	32.449963 	60.108234 	48.270073 	55.226807 	44.204071 	22.847319 	24.166092 	62.289646 	62.008064 	25.495098 	52.354561 	45.694637 	34.525352 	42.720020 	40.024994 	57.775429 	56.568542 	
19.416489 	66.730804 	14.764823 	12.206555 	33.060551 	33.060551 	105.588821 	38.948685 	33.376640 	44.911022 	106.254410 	45.354160 	81.932899 	113.841995 	54.644306 	84.905830 	114.490173 	10.816654 	47.201694 	52.952808 	107.912003 	19.104973 	10.198039 	11.180340 	108.558739 	29.732138 	127.015747 	30.413813 	74.652527 	33.941124 	10.198039 	66.603302 	3.000000 	114.057007 	124.907967 	59.413803 	62.968246 	46.010868 	999.000000 	48.166378 	59.464275 	15.264338 	5.656854 	53.907330 	70.228203 	4.472136 	72.180328 	16.492422 	14.422205 	6.708204 	10.440307 	8.062258 	26.925823 	25.632011 	17.000000 	18.439089 	69.115845 	17.492855 	19.416489 	28.160255 	24.166092 	26.248810 	24.596748 	36.069378 	
56.080299 	26.172504 	47.010635 	48.301140 	76.922035 	75.239616 	62.585941 	71.196907 	41.012192 	83.240616 	69.065186 	82.710335 	45.705578 	76.000000 	13.928389 	41.000000 	71.805290 	51.971146 	10.000000 	97.508972 	64.288414 	64.660652 	54.918121 	38.013157 	64.195015 	18.867962 	83.934502 	18.027756 	28.231188 	14.422205 	57.201397 	19.697716 	46.227695 	69.289246 	80.956779 	12.083046 	15.652476 	2.236068 	48.166378 	999.000000 	105.678757 	33.241539 	53.814495 	5.830952 	116.361504 	49.517673 	24.041630 	34.409302 	62.225395 	50.328918 	57.314919 	46.227695 	24.596748 	25.942244 	64.381676 	64.031242 	23.345236 	54.203320 	47.423622 	35.902645 	44.271889 	41.484936 	59.506302 	57.870544 	
50.606323 	118.342720 	59.076221 	57.454330 	29.206163 	31.827662 	154.935471 	44.777225 	73.552704 	31.384710 	150.206528 	33.241539 	128.316010 	157.632477 	108.600182 	136.619904 	162.935577 	53.712196 	102.078400 	10.770329 	157.724442 	41.146080 	50.990196 	67.977936 	159.100601 	86.833176 	175.171341 	87.709747 	129.201401 	91.301697 	49.396355 	122.065559 	60.539242 	164.757401 	174.155106 	115.663307 	118.983192 	103.445641 	59.464275 	105.678757 	999.000000 	74.464760 	54.405884 	111.507851 	10.770329 	60.166435 	129.003876 	75.894661 	48.662102 	60.638271 	53.935146 	65.000000 	86.377083 	85.094063 	48.259712 	52.038448 	127.910126 	65.192024 	72.560318 	85.702972 	78.638412 	81.884064 	67.029846 	82.152298 	
29.154760 	53.851646 	20.615528 	20.099751 	47.074409 	46.389652 	92.703827 	48.270073 	30.805843 	57.008770 	95.126228 	57.078892 	70.611610 	102.610916 	41.146080 	71.554176 	101.769348 	22.090721 	33.541019 	67.446274 	94.847244 	33.526108 	23.769728 	8.246211 	95.257545 	15.652476 	114.236595 	16.124516 	60.464867 	19.416489 	25.079872 	52.201534 	13.928389 	100.647903 	111.825760 	44.821869 	48.414875 	31.144823 	15.264338 	33.241539 	74.464760 	999.000000 	20.808653 	38.897301 	85.234970 	16.278820 	57.280014 	5.000000 	29.000000 	17.204651 	24.083189 	13.416408 	12.165525 	11.045361 	31.144823 	31.064449 	53.851646 	23.345236 	19.235384 	18.601076 	20.124611 	20.000000 	30.066593 	35.468296 	
19.209373 	72.201111 	17.262676 	14.317822 	29.068884 	29.614185 	111.018013 	37.802116 	37.013512 	42.059483 	111.328346 	42.720020 	87.091904 	118.928551 	60.216278 	90.426765 	119.883278 	11.180340 	52.801514 	48.373547 	113.371071 	15.132746 	8.485281 	16.643316 	114.057007 	35.383614 	132.412231 	36.069378 	80.280754 	39.597980 	6.324555 	72.249565 	8.062258 	119.570061 	130.361038 	65.069191 	68.622154 	51.662365 	5.656854 	53.814495 	54.405884 	20.808653 	999.000000 	59.548298 	65.145988 	6.000000 	77.833153 	21.540659 	8.944272 	7.280110 	6.082763 	11.000000 	32.202484 	30.870699 	11.704700 	14.000000 	74.625732 	17.029387 	21.189621 	32.015621 	26.683329 	29.274563 	23.430750 	36.619667 	
61.846584 	24.351591 	52.801514 	54.120235 	82.734512 	81.024689 	58.694122 	76.687675 	46.043457 	88.887573 	66.483078 	88.323273 	43.965897 	73.171036 	14.142136 	37.215588 	67.896980 	57.801384 	13.341664 	103.315056 	60.207973 	70.491135 	60.745369 	43.829212 	59.908264 	24.698177 	79.831070 	23.853722 	23.769728 	20.248457 	63.007935 	15.297058 	52.009613 	64.845970 	76.655075 	8.000000 	11.180340 	8.062258 	53.907330 	5.830952 	111.507851 	38.897301 	59.548298 	999.000000 	122.188377 	55.154327 	18.439089 	39.824615 	67.896980 	55.901699 	62.936478 	51.739735 	29.681644 	31.064449 	70.007141 	69.526970 	18.027756 	59.363289 	52.354561 	40.162170 	48.846699 	45.880280 	64.412735 	61.846584 	
61.032780 	128.549606 	69.641945 	68.095520 	39.661064 	42.011902 	164.757401 	53.600372 	83.486526 	39.661064 	159.455322 	41.340054 	137.974640 	166.817261 	119.037811 	146.754898 	172.626770 	64.412735 	112.605507 	19.798990 	167.585800 	51.894123 	61.741398 	78.721024 	169.035492 	97.529480 	184.783661 	98.412399 	139.617340 	102.000000 	60.166435 	132.574509 	71.309189 	174.691162 	183.896713 	126.245789 	129.541504 	114.127121 	70.228203 	116.361504 	10.770329 	85.234970 	65.145988 	122.188377 	999.000000 	70.880180 	139.606583 	86.648720 	59.228371 	71.309189 	64.536812 	75.690155 	97.144226 	95.859268 	58.694122 	62.289646 	138.654251 	75.538071 	83.024094 	96.317184 	89.106674 	92.395889 	77.025970 	92.005432 	
23.430750 	69.318108 	19.235384 	16.643316 	35.057095 	35.510563 	108.226616 	42.720020 	37.656342 	47.801674 	109.480591 	48.383881 	85.070557 	117.046997 	56.938564 	87.321243 	117.200684 	14.866069 	49.396355 	54.332310 	110.476242 	21.095022 	13.416408 	14.317822 	111.018013 	31.622776 	129.711212 	32.202484 	76.609398 	35.608986 	12.165525 	68.410522 	7.280110 	116.468880 	127.475487 	61.073727 	64.660652 	47.423622 	4.472136 	49.517673 	60.166435 	16.278820 	6.000000 	55.154327 	70.880180 	999.000000 	73.552704 	16.124516 	12.806249 	2.236068 	7.810250 	5.000000 	26.925823 	25.553865 	14.866069 	15.231546 	69.634758 	13.038404 	15.652476 	26.019224 	20.880613 	23.345236 	20.124611 	31.890438 	
78.771820 	21.931713 	69.971420 	71.561165 	99.985001 	98.005104 	44.102154 	92.027168 	60.166435 	104.923782 	55.713554 	104.177734 	37.536648 	61.400326 	22.360680 	24.351591 	53.009434 	75.451973 	27.313000 	120.440857 	45.000000 	88.232651 	78.600258 	61.846584 	44.102154 	42.638012 	64.195015 	41.868843 	10.816654 	38.288380 	81.055534 	9.055386 	70.178345 	48.507732 	60.530983 	13.416408 	10.440307 	26.172504 	72.180328 	24.041630 	129.003876 	57.280014 	77.833153 	18.439089 	139.606583 	73.552704 	999.000000 	58.258045 	86.267029 	74.330345 	81.344948 	70.178345 	48.010414 	49.406479 	88.413803 	87.965904 	14.317822 	77.665955 	70.491135 	57.697487 	66.648331 	63.505905 	82.492424 	78.771820 	
32.756680 	56.612720 	24.698177 	23.769728 	49.365982 	49.040798 	95.273293 	52.201534 	35.805027 	60.207973 	98.478424 	60.406952 	73.979729 	105.905617 	43.657761 	73.925636 	104.403069 	25.079872 	36.055511 	69.426216 	97.308784 	35.510563 	26.076809 	12.529964 	97.575615 	18.439089 	116.811813 	18.681541 	62.265560 	21.540659 	26.683329 	53.851646 	16.031219 	102.883430 	114.236595 	46.324940 	49.929951 	32.449963 	16.492422 	34.409302 	75.894661 	5.000000 	21.540659 	39.824615 	86.648720 	16.124516 	58.258045 	999.000000 	28.844410 	16.401220 	23.600847 	12.041595 	10.816654 	9.433981 	30.610456 	29.732138 	53.600372 	20.248457 	15.000000 	13.892444 	15.231546 	15.000000 	26.476404 	30.675724 	
24.351591 	81.123360 	25.019993 	22.022715 	26.925823 	28.653097 	119.954155 	40.459858 	45.099888 	41.677334 	120.208153 	42.720020 	96.005211 	127.812363 	69.065186 	99.322708 	128.825470 	18.027756 	61.611687 	44.045429 	122.298813 	14.866069 	14.142136 	25.553865 	122.967476 	44.045429 	141.354172 	44.687805 	89.022469 	48.166378 	10.198039 	80.919716 	17.000000 	128.471786 	139.291061 	73.661385 	77.233414 	60.108234 	14.422205 	62.225395 	48.662102 	29.000000 	8.944272 	67.896980 	59.228371 	12.806249 	86.267029 	28.844410 	999.000000 	12.529964 	5.385165 	17.000000 	39.661064 	38.275318 	3.000000 	7.211102 	82.419655 	17.262676 	24.020824 	37.107952 	30.066593 	33.241539 	21.470911 	36.400551 	
25.495098 	70.682388 	21.470911 	18.867962 	36.221542 	36.878178 	109.590149 	44.654228 	39.812057 	49.335587 	111.126053 	49.979996 	86.683334 	118.680244 	58.180752 	88.588936 	118.595955 	16.970562 	50.606323 	55.145264 	111.803398 	22.360680 	15.264338 	16.124516 	112.294258 	32.756680 	131.095383 	33.286633 	77.665955 	36.619667 	13.601471 	69.404610 	9.486833 	117.720009 	128.798294 	62.008064 	65.604881 	48.270073 	6.708204 	50.328918 	60.638271 	17.204651 	7.280110 	55.901699 	71.309189 	2.236068 	74.330345 	16.401220 	12.529964 	999.000000 	7.211102 	4.472136 	27.202942 	25.806976 	14.212670 	13.892444 	70.000000 	10.816654 	13.928389 	25.179358 	19.416489 	22.090721 	17.888544 	29.832869 	
24.698177 	76.941536 	23.345236 	20.396078 	31.048349 	32.310989 	115.836090 	42.449970 	43.046486 	45.188496 	116.691902 	46.065170 	92.358002 	124.277916 	64.660652 	95.015785 	124.775803 	17.088007 	57.140179 	49.000000 	118.118584 	17.888544 	13.892444 	21.540659 	118.701309 	39.408119 	137.295303 	40.000000 	84.403793 	43.416588 	10.630146 	76.216797 	13.341664 	124.169243 	135.118469 	68.883957 	72.470680 	55.226807 	10.440307 	57.314919 	53.935146 	24.083189 	6.082763 	62.936478 	64.536812 	7.810250 	81.344948 	23.600847 	5.385165 	7.211102 	999.000000 	11.661903 	34.409302 	33.015148 	7.071068 	8.062258 	77.201035 	13.000000 	19.026299 	31.780497 	25.000000 	28.071337 	18.439089 	32.649654 	
27.459061 	67.230942 	22.022715 	19.798990 	40.049969 	40.447498 	106.103722 	47.010635 	38.897301 	52.630791 	108.171158 	53.160137 	83.677956 	115.693558 	54.561890 	84.970581 	115.156418 	18.867962 	46.957428 	59.304298 	108.258949 	26.076809 	18.027756 	14.142136 	108.673820 	29.068884 	127.632286 	29.529646 	73.783470 	32.756680 	17.117243 	65.459915 	9.899495 	114.061386 	125.239769 	58.008621 	61.611687 	44.204071 	8.062258 	46.227695 	65.000000 	13.416408 	11.000000 	51.739735 	75.690155 	5.000000 	70.178345 	12.041595 	17.000000 	4.472136 	11.661903 	999.000000 	22.803509 	21.400934 	18.601076 	17.804493 	65.604881 	11.180340 	11.401754 	21.023796 	16.155495 	18.439089 	18.439089 	28.319605 	
41.012192 	48.662102 	32.140316 	32.000000 	59.228371 	58.549126 	86.683334 	59.682495 	37.802116 	69.007248 	91.350975 	69.007248 	67.067131 	98.615417 	35.510563 	65.145988 	95.880135 	34.234486 	28.160255 	79.555016 	88.543777 	45.607018 	35.902645 	20.000000 	88.600227 	13.000000 	108.157295 	12.649111 	52.801514 	14.035668 	37.000000 	44.283180 	25.961510 	93.776329 	105.342300 	36.674240 	40.249222 	22.847319 	26.925823 	24.596748 	86.377083 	12.165525 	32.202484 	29.681644 	97.144226 	26.925823 	48.010414 	10.816654 	39.661064 	27.202942 	34.409302 	22.803509 	999.000000 	1.414214 	41.400482 	40.311287 	42.801868 	29.681644 	22.847319 	13.341664 	20.223749 	18.000000 	34.928497 	35.014282 	
40.049969 	49.819675 	31.257000 	31.016125 	58.051701 	57.428215 	87.931793 	58.855755 	37.643059 	68.000000 	92.439171 	68.029404 	68.117546 	99.724625 	36.674240 	66.407829 	97.123634 	33.136082 	29.274563 	78.339005 	89.810913 	44.384682 	34.713108 	19.026299 	89.888817 	13.601471 	109.416634 	13.341664 	54.129475 	15.000000 	35.735138 	45.617977 	24.738634 	95.078911 	106.625511 	38.013157 	41.593269 	24.166092 	25.632011 	25.942244 	85.094063 	11.045361 	30.870699 	31.064449 	95.859268 	25.553865 	49.406479 	9.433981 	38.275318 	25.806976 	33.015148 	21.400934 	1.414214 	999.000000 	40.000000 	38.897301 	44.204071 	28.301943 	21.540659 	12.649111 	19.104973 	17.029387 	33.615471 	34.058773 	
27.202942 	83.725746 	28.017851 	25.019993 	28.178005 	30.232433 	122.588745 	42.801868 	48.093658 	43.266617 	123.032516 	44.407207 	98.792709 	130.633072 	71.561165 	101.872467 	131.487640 	21.023796 	64.070274 	44.283180 	124.907967 	17.029387 	17.117243 	28.178005 	125.538841 	46.400433 	144.013885 	47.010635 	91.400215 	50.447994 	13.152946 	83.240616 	19.697716 	131.026718 	141.904892 	75.927597 	79.511009 	62.289646 	17.000000 	64.381676 	48.259712 	31.144823 	11.704700 	70.007141 	58.694122 	14.866069 	88.413803 	30.610456 	3.000000 	14.212670 	7.071068 	18.601076 	41.400482 	40.000000 	999.000000 	5.000000 	84.202141 	17.000000 	24.331051 	37.947330 	30.413813 	33.734257 	20.248457 	35.440090 	
