Total assets = 790
Number of asset nodes = 40

Distance:
999.000000 	3.605551 	7.280110 	43.046486 	26.172504 	80.919716 	78.294319 	10.198039 	16.124516 	55.108982 	74.946648 	33.421551 	29.068884 	101.242287 	100.404182 	54.037025 	56.356010 	46.324940 	15.297058 	37.576588 	59.203041 	61.220913 	97.005157 	56.035702 	42.485291 	52.153618 	31.240999 	97.616600 	47.801674 	14.317822 	87.045967 	40.311287 	56.302753 	75.742989 	28.071337 	99.488693 	91.285271 	17.088007 	34.409302 	79.309517 	61.294373 	100.895988 	91.967384 	47.927029 	74.027023 	100.004997 	20.396078 	42.720020 	53.075417 	94.762863 	28.635643 	24.186773 	24.083189 	
3.605551 	999.000000 	4.000000 	44.721359 	27.202942 	80.603973 	78.721024 	12.041595 	16.763054 	57.706154 	75.179787 	33.286633 	28.844410 	101.355812 	100.498756 	53.075417 	58.180752 	45.000000 	14.317822 	35.846897 	58.137768 	60.207973 	96.834908 	54.817879 	40.816662 	50.803543 	31.827662 	97.416634 	49.091751 	11.401754 	86.556343 	41.231056 	57.801384 	74.953316 	25.317978 	99.201813 	90.785461 	14.317822 	34.713108 	78.492035 	62.769421 	100.603180 	91.438507 	46.065170 	73.000000 	99.639351 	18.027756 	40.496914 	54.037025 	94.175369 	27.513634 	22.000000 	20.518284 	
7.280110 	4.000000 	999.000000 	48.332184 	30.528675 	78.236816 	77.077881 	13.000000 	16.031219 	61.660358 	73.348480 	31.304953 	26.832815 	99.362968 	98.488579 	50.209560 	61.846584 	41.868843 	16.401220 	32.449963 	55.172459 	57.280014 	94.578011 	51.739735 	37.443291 	47.634022 	34.828148 	95.131485 	52.478565 	11.045361 	84.023804 	44.407207 	61.294373 	72.180328 	21.377558 	96.834908 	88.238312 	14.035668 	37.483330 	75.690155 	66.241982 	98.229324 	88.865067 	42.544094 	70.035706 	97.200821 	18.248287 	36.769554 	57.201397 	91.547798 	29.068884 	22.360680 	17.804493 	
43.046486 	44.721359 	48.332184 	999.000000 	18.439089 	122.380554 	117.290237 	50.447994 	57.628117 	20.248457 	114.769333 	75.286118 	71.217972 	141.113434 	140.356689 	96.834908 	13.601471 	89.358826 	34.713108 	80.529495 	102.078400 	104.043259 	137.902145 	99.020203 	85.475143 	95.189285 	17.117243 	138.600143 	7.071068 	43.931767 	128.887543 	10.000000 	13.453624 	118.228592 	69.289246 	140.716019 	133.124008 	43.416588 	18.027756 	121.823647 	18.439089 	142.130219 	133.869339 	90.785461 	116.828934 	141.449631 	41.048752 	85.088188 	14.142136 	136.780853 	31.575306 	40.049969 	55.326305 	
26.172504 	27.202942 	30.528675 	18.439089 	999.000000 	106.962608 	103.464973 	35.000000 	41.868843 	35.693138 	100.439034 	59.464275 	55.172459 	126.826653 	126.015869 	80.156097 	32.015621 	72.201111 	16.278820 	62.968246 	85.276024 	87.321243 	122.918671 	82.006096 	67.955872 	78.006409 	6.082763 	123.555656 	21.954498 	25.495098 	113.172432 	14.142136 	30.870699 	101.911728 	51.078373 	125.495018 	117.413795 	25.079872 	10.049875 	105.475113 	35.777088 	126.905479 	118.105888 	73.061615 	100.124924 	126.063477 	23.086792 	67.082039 	26.907248 	120.917328 	16.401220 	22.803509 	37.054016 	
80.919716 	80.603973 	78.236816 	122.380554 	106.962608 	999.000000 	16.552946 	72.138756 	65.115280 	128.705093 	13.152946 	47.507893 	51.855568 	23.194826 	22.203604 	29.732138 	134.714508 	39.217342 	94.625580 	49.396355 	26.476404 	24.331051 	16.552946 	30.594116 	45.221676 	34.928497 	112.160599 	17.000000 	127.988281 	87.982956 	7.280110 	121.082619 	135.830780 	11.704700 	64.621979 	18.601076 	11.180340 	90.553848 	115.256233 	11.401754 	140.801285 	20.000000 	12.083046 	43.737854 	17.088007 	19.104973 	95.015785 	51.195702 	133.734818 	15.231546 	107.070068 	98.979797 	85.088188 	
78.294319 	78.721024 	77.077881 	117.290237 	103.464973 	16.552946 	999.000000 	68.600288 	62.177166 	121.165176 	5.385165 	45.880280 	50.328918 	24.083189 	23.430750 	35.355339 	128.817703 	44.045429 	93.037628 	53.084839 	34.481880 	32.893768 	23.409399 	38.078865 	50.009998 	41.593269 	109.077957 	24.351591 	123.405838 	87.664131 	22.561028 	117.324333 	130.598618 	26.172504 	67.601776 	27.202942 	25.079872 	90.476517 	112.507774 	27.202942 	135.473251 	28.460499 	26.076809 	50.487621 	31.144823 	28.861740 	94.921021 	57.140179 	129.618668 	29.017237 	106.103722 	99.020203 	87.097649 	
10.198039 	12.041595 	13.000000 	50.447994 	35.000000 	72.138756 	68.600288 	999.000000 	7.211102 	59.808025 	65.459915 	24.839485 	20.808653 	91.836815 	91.021973 	46.647614 	63.245552 	39.924931 	25.495098 	32.557640 	51.971146 	53.851646 	87.965904 	49.193497 	37.107952 	45.694637 	40.496914 	88.617157 	55.865910 	23.345236 	78.517517 	49.040798 	63.890530 	67.801178 	27.202942 	90.609047 	82.758682 	26.305893 	43.908997 	71.400284 	68.883957 	92.021736 	83.486526 	42.953465 	66.573265 	91.241440 	30.066593 	39.051247 	61.619801 	86.371292 	38.832977 	34.014702 	30.528675 	
16.124516 	16.763054 	16.031219 	57.628117 	41.868843 	65.115280 	62.177166 	7.211102 	999.000000 	66.850578 	58.830265 	17.691807 	13.601471 	85.146935 	84.314888 	39.446167 	70.455658 	32.893768 	31.016125 	26.076809 	44.777225 	46.647614 	81.055534 	42.047592 	30.413813 	38.626415 	47.201694 	81.688431 	62.968246 	27.073973 	71.421288 	55.973209 	71.063354 	60.605282 	23.323807 	83.630135 	75.663727 	30.066593 	50.477718 	64.202805 	76.059189 	85.041168 	76.380623 	36.345562 	59.363289 	84.219948 	34.234486 	33.060551 	68.622154 	79.246452 	44.271889 	38.327538 	31.622776 	
55.108982 	57.706154 	61.660358 	20.248457 	35.693138 	128.705093 	121.165176 	59.808025 	66.850578 	999.000000 	119.473846 	83.630135 	80.112419 	145.248062 	144.589066 	106.023582 	15.524175 	99.724625 	51.156624 	92.048897 	111.400177 	113.159180 	143.223602 	108.853111 	96.767761 	105.475113 	36.400551 	144.013885 	24.083189 	60.033325 	135.624481 	30.232433 	21.189621 	126.269554 	83.024094 	146.400131 	139.785553 	60.207973 	38.013157 	129.865311 	23.194826 	147.800537 	140.616501 	102.489021 	125.670204 	147.410995 	58.694122 	97.744568 	29.154760 	143.669754 	50.921509 	58.463665 	72.173401 	
74.946648 	75.179787 	73.348480 	114.769333 	100.439034 	13.152946 	5.385165 	65.459915 	58.830265 	119.473846 	999.000000 	42.047592 	46.518814 	26.400757 	25.612497 	30.149628 	126.574089 	39.000000 	89.470665 	48.259712 	29.120440 	27.513634 	23.853722 	32.756680 	45.011108 	36.345562 	105.948097 	24.698177 	120.739388 	83.773506 	20.000000 	114.402794 	128.144455 	21.400934 	62.968246 	27.294687 	23.194826 	86.539009 	109.293182 	22.825424 	133.056381 	28.653097 	24.186773 	45.276924 	26.172504 	28.635643 	91.000000 	52.038448 	126.822708 	27.294687 	102.415817 	95.078911 	82.710335 	
33.421551 	33.286633 	31.304953 	75.286118 	59.464275 	47.507893 	45.880280 	24.839485 	17.691807 	83.630135 	42.047592 	999.000000 	4.472136 	68.095520 	67.230942 	22.472204 	88.005684 	18.027756 	47.507893 	16.401220 	27.856777 	29.546574 	63.600315 	25.709921 	18.384777 	23.086792 	64.660652 	64.202805 	80.659782 	41.785164 	53.740116 	73.593475 	88.729927 	43.011627 	25.000000 	66.068146 	57.982758 	44.598206 	67.801178 	46.615448 	93.723000 	67.475922 	58.694122 	24.041630 	42.059483 	66.603302 	49.040798 	24.413111 	86.278618 	61.554855 	60.373837 	53.141319 	42.107006 	
29.068884 	28.844410 	26.832815 	71.217972 	55.172459 	51.855568 	50.328918 	20.808653 	13.601471 	80.112419 	46.518814 	4.472136 	999.000000 	72.560318 	71.693794 	25.942244 	84.053551 	20.223749 	43.046486 	16.155495 	31.304953 	33.120991 	68.007355 	28.792360 	19.235384 	25.709921 	60.307545 	68.600288 	76.485291 	37.336308 	58.000000 	69.310890 	84.646324 	47.010635 	21.931713 	70.434364 	62.241467 	40.162170 	63.411354 	50.606323 	89.643738 	71.840103 	62.936478 	25.179358 	45.793011 	70.936592 	44.598206 	24.166092 	82.024384 	65.764732 	55.901699 	48.703182 	38.013157 	
101.242287 	101.355812 	99.362968 	141.113434 	126.826653 	23.194826 	24.083189 	91.836815 	85.146935 	145.248062 	26.400757 	68.095520 	72.560318 	999.000000 	1.000000 	52.630791 	152.793976 	62.096699 	115.602768 	72.124893 	49.648766 	47.518417 	8.944272 	53.758720 	68.154236 	58.051701 	132.310242 	9.433981 	147.122391 	109.567329 	21.377558 	140.801285 	154.466827 	34.014702 	87.281158 	11.313708 	19.313208 	112.258629 	135.624481 	32.249031 	159.364365 	11.401754 	19.697716 	66.910385 	39.115215 	13.453624 	116.730461 	74.330345 	153.222061 	20.248457 	128.413391 	120.768372 	107.563934 	
100.404182 	100.498756 	98.488579 	140.356689 	126.015869 	22.203604 	23.430750 	91.021973 	84.314888 	144.589066 	25.612497 	67.230942 	71.693794 	1.000000 	999.000000 	51.662365 	152.069061 	61.131008 	114.738831 	71.168816 	48.662102 	46.529560 	8.062258 	52.773098 	67.186310 	57.070133 	131.487640 	8.602325 	146.348892 	108.673820 	20.396078 	140.000000 	153.717270 	33.015148 	86.330757 	10.630146 	18.384777 	111.359779 	134.792435 	31.257000 	158.619034 	10.816654 	18.788294 	65.924202 	38.118237 	12.806249 	115.831772 	73.348480 	152.433594 	19.416489 	127.534309 	119.866592 	106.625511 	
54.037025 	53.075417 	50.209560 	96.834908 	80.156097 	29.732138 	35.355339 	46.647614 	39.446167 	106.023582 	30.149628 	22.472204 	25.942244 	52.630791 	51.662365 	999.000000 	109.836243 	9.486833 	66.528191 	19.697716 	5.385165 	7.211102 	46.238514 	4.472136 	15.524175 	6.324555 	84.899940 	46.615448 	101.828285 	59.203041 	34.481880 	94.260277 	110.208893 	22.022715 	34.928497 	47.853943 	38.587563 	61.611687 	87.681244 	25.495098 	115.208504 	49.193497 	39.115215 	15.132746 	20.000000 	47.885281 	66.030296 	22.022715 	107.056061 	41.617306 	78.409180 	69.892776 	55.461697 	
56.356010 	58.180752 	61.846584 	13.601471 	32.015621 	134.714508 	128.817703 	63.245552 	70.455658 	15.524175 	126.574089 	88.005684 	84.053551 	152.793976 	152.069061 	109.836243 	999.000000 	102.576797 	48.270073 	93.914856 	115.121674 	117.046997 	149.966660 	112.160599 	98.838249 	108.406639 	30.066593 	150.695053 	12.369317 	57.489128 	141.354172 	21.095022 	5.830952 	131.015259 	82.873398 	152.898666 	145.578156 	56.885849 	30.066593 	134.617981 	8.062258 	154.311371 	146.348892 	104.216118 	129.799850 	153.717270 	54.332310 	98.615417 	14.866069 	149.305054 	44.045429 	53.037724 	68.731361 	
46.324940 	45.000000 	41.868843 	89.358826 	72.201111 	39.217342 	44.045429 	39.924931 	32.893768 	99.724625 	39.000000 	18.027756 	20.223749 	62.096699 	61.131008 	9.486833 	102.576797 	999.000000 	58.000000 	10.295630 	13.601471 	15.811388 	55.713554 	9.899495 	6.082763 	5.830952 	76.694199 	56.080299 	94.047859 	50.328918 	43.829212 	86.214851 	102.625534 	31.064449 	25.495098 	57.271286 	47.885281 	52.630791 	79.309517 	34.409302 	107.615051 	58.600342 	48.373547 	7.810250 	28.319605 	57.245087 	57.008770 	13.152946 	99.020203 	50.774010 	69.526970 	60.802959 	46.065170 	
15.297058 	14.317822 	16.401220 	34.713108 	16.278820 	94.625580 	93.037628 	25.495098 	31.016125 	51.156624 	89.470665 	47.507893 	43.046486 	115.602768 	114.738831 	66.528191 	48.270073 	58.000000 	999.000000 	48.270073 	71.421288 	73.552704 	110.941429 	67.896980 	53.263496 	63.702435 	19.235384 	111.503365 	37.696156 	9.219544 	100.424103 	29.068884 	46.818798 	88.526833 	35.355339 	113.225441 	104.637466 	9.055386 	21.400934 	92.021736 	51.623638 	114.621117 	105.261581 	58.008621 	86.267029 	113.600174 	8.602325 	51.623638 	41.677334 	107.935165 	13.341664 	10.816654 	21.023796 	
37.576588 	35.846897 	32.449963 	80.529495 	62.968246 	49.396355 	53.084839 	32.557640 	26.076809 	92.048897 	48.259712 	16.401220 	16.155495 	72.124893 	71.168816 	19.697716 	93.914856 	10.295630 	48.270073 	999.000000 	23.853722 	26.076809 	65.924202 	20.000000 	5.000000 	15.620500 	67.201187 	66.309875 	84.905830 	40.311287 	54.120235 	76.843994 	93.648277 	41.340054 	15.231546 	67.542580 	58.180752 	42.520584 	69.656296 	44.654228 	98.615417 	68.876701 	58.668560 	10.440307 	38.418747 	67.535179 	46.861500 	8.062258 	89.627007 	61.057350 	59.464275 	50.606323 	35.777088 	
59.203041 	58.137768 	55.172459 	102.078400 	85.276024 	26.476404 	34.481880 	51.971146 	44.777225 	111.400177 	29.120440 	27.856777 	31.304953 	49.648766 	48.662102 	5.385165 	115.121674 	13.601471 	71.421288 	23.853722 	999.000000 	2.236068 	42.720020 	4.123106 	19.235384 	8.544003 	89.938866 	43.011627 	107.004669 	63.890530 	30.463093 	99.357941 	115.433968 	17.492855 	38.948685 	44.011364 	34.438351 	66.219330 	92.655273 	20.808653 	120.432556 	45.310043 	34.885529 	17.262676 	14.866069 	43.863426 	70.604530 	24.738634 	112.160599 	37.215588 	83.096329 	74.404305 	59.539902 	
61.220913 	60.207973 	57.280014 	104.043259 	87.321243 	24.331051 	32.893768 	53.851646 	46.647614 	113.159180 	27.513634 	29.546574 	33.120991 	47.518417 	46.529560 	7.211102 	117.046997 	15.811388 	73.552704 	26.076809 	2.236068 	999.000000 	40.521599 	6.324555 	21.470911 	10.770329 	92.021736 	40.804413 	109.018349 	66.068146 	28.231188 	101.414986 	117.413795 	15.264338 	41.182522 	41.785164 	32.202484 	68.410522 	94.762863 	18.601076 	122.413231 	43.081318 	32.649654 	19.416489 	12.806249 	41.629318 	72.801102 	26.925823 	114.214706 	34.985710 	85.276024 	76.609398 	61.773781 	
97.005157 	96.834908 	94.578011 	137.902145 	122.918671 	16.552946 	23.409399 	87.965904 	81.055534 	143.223602 	23.853722 	63.600315 	68.007355 	8.944272 	8.062258 	46.238514 	149.966660 	55.713554 	110.941429 	65.924202 	42.720020 	40.521599 	999.000000 	46.840153 	61.684681 	51.244511 	128.226364 	1.000000 	143.683685 	104.446159 	13.000000 	137.000000 	151.327454 	26.172504 	81.154175 	4.000000 	10.440307 	107.042046 	131.400146 	24.000000 	156.272202 	5.099020 	10.770329 	59.908264 	31.016125 	6.082763 	111.507851 	67.446274 	149.576065 	11.401754 	123.490891 	115.485931 	101.636604 	
56.035702 	54.817879 	51.739735 	99.020203 	82.006096 	30.594116 	38.078865 	49.193497 	42.047592 	108.853111 	32.756680 	25.709921 	28.792360 	53.758720 	52.773098 	4.472136 	112.160599 	9.899495 	67.896980 	20.000000 	4.123106 	6.324555 	46.840153 	999.000000 	15.264338 	4.472136 	86.556343 	47.127487 	103.812332 	60.207973 	34.539833 	96.046867 	112.329872 	21.470911 	34.985710 	48.104053 	38.483765 	62.481998 	89.196411 	24.698177 	117.324333 	49.396355 	38.910152 	13.152946 	18.439089 	47.927029 	66.843102 	20.615528 	108.853111 	41.182522 	79.397736 	70.604530 	55.569775 	
42.485291 	40.816662 	37.443291 	85.475143 	67.955872 	45.221676 	50.009998 	37.107952 	30.413813 	96.767761 	45.011108 	18.384777 	19.235384 	68.154236 	67.186310 	15.524175 	98.838249 	6.082763 	53.263496 	5.000000 	19.235384 	21.470911 	61.684681 	15.264338 	999.000000 	10.816654 	72.201111 	62.032249 	89.888817 	45.254833 	49.658836 	81.841309 	98.615417 	36.715118 	19.723083 	63.158531 	53.665630 	47.423622 	74.652527 	39.962482 	103.585716 	64.474800 	54.120235 	6.000000 	33.600594 	63.071388 	51.739735 	7.615773 	94.625580 	56.435802 	64.381676 	55.443665 	40.311287 	
52.153618 	50.803543 	47.634022 	95.189285 	78.006409 	34.928497 	41.593269 	45.694637 	38.626415 	105.475113 	36.345562 	23.086792 	25.709921 	58.051701 	57.070133 	6.324555 	108.406639 	5.830952 	63.702435 	15.620500 	8.544003 	10.770329 	51.244511 	4.472136 	10.816654 	999.000000 	82.462112 	51.546097 	99.864906 	55.901699 	39.000000 	92.005432 	108.452751 	25.942244 	30.528675 	52.554733 	42.953465 	58.137768 	85.041168 	29.154760 	113.441612 	53.851646 	43.382023 	9.000000 	22.803509 	52.392746 	62.481998 	16.278820 	104.809349 	45.650848 	75.073296 	66.219330 	51.107731 	
31.240999 	31.827662 	34.828148 	17.117243 	6.082763 	112.160599 	109.077957 	40.496914 	47.201694 	36.400551 	105.948097 	64.660652 	60.307545 	132.310242 	131.487640 	84.899940 	30.066593 	76.694199 	19.235384 	67.201187 	89.938866 	92.021736 	128.226364 	86.556343 	72.201111 	82.462112 	999.000000 	128.844864 	18.681541 	28.231188 	118.258194 	9.848858 	27.892651 	106.775467 	54.589375 	130.728729 	122.494896 	27.202942 	4.000000 	110.317726 	32.572994 	132.136292 	123.166557 	77.103828 	104.804581 	131.244049 	24.331051 	70.830788 	22.472204 	125.936493 	14.560220 	23.000000 	38.832977 	
97.616600 	97.416634 	95.131485 	138.600143 	123.555656 	17.000000 	24.351591 	88.617157 	81.688431 	144.013885 	24.698177 	64.202805 	68.600288 	9.433981 	8.602325 	46.615448 	150.695053 	56.080299 	111.503365 	66.309875 	43.011627 	40.804413 	1.000000 	47.127487 	62.032249 	51.546097 	128.844864 	999.000000 	144.360657 	104.957130 	13.038404 	137.644470 	152.029602 	26.305893 	81.541397 	3.000000 	10.198039 	107.540688 	132.003784 	24.020824 	156.977707 	4.123106 	10.440307 	60.166435 	31.064449 	5.099020 	112.004463 	67.720009 	150.233154 	10.816654 	124.020157 	115.974136 	102.044106 	
47.801674 	49.091751 	52.478565 	7.071068 	21.954498 	127.988281 	123.405838 	55.865910 	62.968246 	24.083189 	120.739388 	80.659782 	76.485291 	147.122391 	146.348892 	101.828285 	12.369317 	94.047859 	37.696156 	84.905830 	107.004669 	109.018349 	143.683685 	103.812332 	89.888817 	99.864906 	18.681541 	144.360657 	999.000000 	46.818798 	134.380051 	9.055386 	9.219544 	123.434196 	72.917763 	146.413803 	138.621780 	45.880280 	18.027756 	127.015747 	13.928389 	147.827606 	139.344894 	95.015785 	121.823647 	147.085007 	42.953465 	89.005615 	7.071068 	142.214630 	32.015621 	41.303753 	57.489128 	
14.317822 	11.401754 	11.045361 	43.931767 	25.495098 	87.982956 	87.664131 	23.345236 	27.073973 	60.033325 	83.773506 	41.785164 	37.336308 	109.567329 	108.673820 	59.203041 	57.489128 	50.328918 	9.219544 	40.311287 	63.890530 	66.068146 	104.446159 	60.207973 	45.254833 	55.901699 	28.231188 	104.957130 	46.818798 	999.000000 	93.477272 	38.078865 	55.973209 	81.215759 	26.627054 	106.531685 	97.652443 	3.000000 	30.016663 	84.646324 	60.745369 	107.912003 	98.229324 	49.678970 	78.644768 	106.780151 	7.280110 	43.011627 	50.537113 	100.801788 	19.209373 	11.401754 	12.369317 	
87.045967 	86.556343 	84.023804 	128.887543 	113.172432 	7.280110 	22.561028 	78.517517 	71.421288 	135.624481 	20.000000 	53.740116 	58.000000 	21.377558 	20.396078 	34.481880 	141.354172 	43.829212 	100.424103 	54.120235 	30.463093 	28.231188 	13.000000 	34.539833 	49.658836 	39.000000 	118.258194 	13.038404 	134.380051 	93.477272 	999.000000 	127.310646 	142.341141 	13.341664 	69.318108 	13.601471 	4.242640 	95.963531 	121.264175 	11.000000 	147.322769 	14.866069 	5.000000 	47.434166 	18.027756 	13.416408 	100.404182 	55.027267 	140.014282 	8.062258 	112.645462 	104.307236 	89.894379 	
40.311287 	41.231056 	44.407207 	10.000000 	14.142136 	121.082619 	117.324333 	49.040798 	55.973209 	30.232433 	114.402794 	73.593475 	69.310890 	140.801285 	140.000000 	94.260277 	21.095022 	86.214851 	29.068884 	76.843994 	99.357941 	101.414986 	137.000000 	96.046867 	81.841309 	92.005432 	9.848858 	137.644470 	9.055386 	38.078865 	127.310646 	999.000000 	18.248287 	116.043098 	64.412735 	139.603012 	131.552277 	37.000000 	9.000000 	119.603508 	22.803509 	141.014191 	132.245987 	86.821655 	114.214706 	140.185593 	33.955853 	80.622574 	12.806249 	135.059250 	23.000000 	32.249031 	48.507732 	
56.302753 	57.801384 	61.294373 	13.453624 	30.870699 	135.830780 	130.598618 	63.890530 	71.063354 	21.189621 	128.144455 	88.729927 	84.646324 	154.466827 	153.717270 	110.208893 	5.830952 	102.625534 	46.818798 	93.648277 	115.433968 	117.413795 	151.327454 	112.329872 	98.615417 	108.452751 	27.892651 	152.029602 	9.219544 	55.973209 	142.341141 	18.248287 	999.000000 	131.654846 	81.939003 	154.155762 	146.577621 	55.081757 	27.166155 	135.247925 	5.000000 	155.569916 	147.322769 	103.831596 	130.207520 	154.896744 	52.172791 	97.943863 	9.433981 	150.233154 	41.109608 	50.487621 	66.708321 	
75.742989 	74.953316 	72.180328 	118.228592 	101.911728 	11.704700 	26.172504 	67.801178 	60.605282 	126.269554 	21.400934 	43.011627 	47.010635 	34.014702 	33.015148 	22.022715 	131.015259 	31.064449 	88.526833 	41.340054 	17.492855 	15.264338 	26.172504 	21.470911 	36.715118 	25.942244 	106.775467 	26.305893 	123.434196 	81.215759 	13.341664 	116.043098 	131.654846 	999.000000 	56.435802 	26.925823 	17.088007 	83.600243 	109.622078 	3.605551 	136.652847 	28.160255 	17.464249 	34.176014 	5.385165 	26.570660 	88.005684 	41.785164 	128.817703 	19.723083 	100.424103 	91.836815 	77.025970 	
28.071337 	25.317978 	21.377558 	69.289246 	51.078373 	64.621979 	67.601776 	27.202942 	23.323807 	83.024094 	62.968246 	25.000000 	21.931713 	87.281158 	86.330757 	34.928497 	82.873398 	25.495098 	35.355339 	15.231546 	38.948685 	41.182522 	81.154175 	34.985710 	19.723083 	30.528675 	54.589375 	81.541397 	72.917763 	26.627054 	69.318108 	64.412735 	81.939003 	56.435802 	999.000000 	82.764725 	73.355301 	28.425341 	56.603886 	59.682495 	86.815895 	84.095184 	73.824112 	23.345236 	53.254108 	82.734512 	32.557640 	16.401220 	77.025970 	76.157730 	45.343136 	36.069378 	20.591261 	
99.488693 	99.201813 	96.834908 	140.716019 	125.495018 	18.601076 	27.202942 	90.609047 	83.630135 	146.400131 	27.294687 	66.068146 	70.434364 	11.313708 	10.630146 	47.853943 	152.898666 	57.271286 	113.225441 	67.542580 	44.011364 	41.785164 	4.000000 	48.104053 	63.158531 	52.554733 	130.728729 	3.000000 	146.413803 	106.531685 	13.601471 	139.603012 	154.155762 	26.925823 	82.764725 	999.000000 	10.049875 	109.077957 	133.843185 	24.331051 	159.113174 	1.414214 	10.000000 	61.032780 	31.400637 	2.236068 	113.534134 	68.622154 	152.226807 	9.486833 	125.642349 	117.477661 	103.315056 	
91.285271 	90.785461 	88.238312 	133.124008 	117.413795 	11.180340 	25.079872 	82.758682 	75.663727 	139.785553 	23.194826 	57.982758 	62.241467 	19.313208 	18.384777 	38.587563 	145.578156 	47.885281 	104.637466 	58.180752 	34.438351 	32.202484 	10.440307 	38.483765 	53.665630 	42.953465 	122.494896 	10.198039 	138.621780 	97.652443 	4.242640 	131.552277 	146.577621 	17.088007 	73.355301 	10.049875 	999.000000 	100.124924 	125.495018 	14.317822 	151.558563 	11.180340 	1.000000 	51.264023 	21.377558 	9.486833 	104.560989 	58.872746 	144.256714 	4.123106 	116.828934 	108.452751 	93.941475 	
17.088007 	14.317822 	14.035668 	43.416588 	25.079872 	90.553848 	90.476517 	26.305893 	30.066593 	60.207973 	86.539009 	44.598206 	40.162170 	112.258629 	111.359779 	61.611687 	56.885849 	52.630791 	9.055386 	42.520584 	66.219330 	68.410522 	107.042046 	62.481998 	47.423622 	58.137768 	27.202942 	107.540688 	45.880280 	3.000000 	95.963531 	37.000000 	55.081757 	83.600243 	28.425341 	109.077957 	100.124924 	999.000000 	28.635643 	87.005745 	59.774578 	110.453613 	100.687637 	51.662365 	80.919716 	109.293182 	4.472136 	44.821869 	49.244289 	103.227905 	16.970562 	8.544003 	12.000000 	
34.409302 	34.713108 	37.483330 	18.027756 	10.049875 	115.256233 	112.507774 	43.908997 	50.477718 	38.013157 	109.293182 	67.801178 	63.411354 	135.624481 	134.792435 	87.681244 	30.066593 	79.309517 	21.400934 	69.656296 	92.655273 	94.762863 	131.400146 	89.196411 	74.652527 	85.041168 	4.000000 	132.003784 	18.027756 	30.016663 	121.264175 	9.000000 	27.166155 	109.622078 	56.603886 	133.843185 	125.495018 	28.635643 	999.000000 	113.145920 	31.575306 	135.247925 	126.150703 	79.404030 	107.517441 	134.316788 	25.298222 	72.945183 	20.615528 	128.887543 	14.000000 	23.345236 	39.849716 	
79.309517 	78.492035 	75.690155 	121.823647 	105.475113 	11.401754 	27.202942 	71.400284 	64.202805 	129.865311 	22.825424 	46.615448 	50.606323 	32.249031 	31.257000 	25.495098 	134.617981 	34.409302 	92.021736 	44.654228 	20.808653 	18.601076 	24.000000 	24.698177 	39.962482 	29.154760 	110.317726 	24.020824 	127.015747 	84.646324 	11.000000 	119.603508 	135.247925 	3.605551 	59.682495 	24.331051 	14.317822 	87.005745 	113.145920 	999.000000 	140.246216 	25.495098 	14.560220 	37.161808 	7.071068 	23.769728 	91.400215 	44.777225 	132.382019 	16.552946 	103.855667 	95.210297 	80.262070 	
61.294373 	62.769421 	66.241982 	18.439089 	35.777088 	140.801285 	135.473251 	68.883957 	76.059189 	23.194826 	133.056381 	93.723000 	89.643738 	159.364365 	158.619034 	115.208504 	8.062258 	107.615051 	51.623638 	98.615417 	120.432556 	122.413231 	156.272202 	117.324333 	103.585716 	113.441612 	32.572994 	156.977707 	13.928389 	60.745369 	147.322769 	22.803509 	5.000000 	136.652847 	86.815895 	159.113174 	151.558563 	59.774578 	31.575306 	140.246216 	999.000000 	160.527252 	152.305618 	108.784187 	135.207245 	159.862442 	56.753853 	102.859123 	12.165525 	155.219193 	45.398239 	54.918121 	71.309189 	
100.895988 	100.603180 	98.229324 	142.130219 	126.905479 	20.000000 	28.460499 	92.021736 	85.041168 	147.800537 	28.653097 	67.475922 	71.840103 	11.401754 	10.816654 	49.193497 	154.311371 	58.600342 	114.621117 	68.876701 	45.310043 	43.081318 	5.099020 	49.396355 	64.474800 	53.851646 	132.136292 	4.123106 	147.827606 	107.912003 	14.866069 	141.014191 	155.569916 	28.160255 	84.095184 	1.414214 	11.180340 	110.453613 	135.247925 	25.495098 	160.527252 	999.000000 	11.045361 	62.297672 	32.557640 	2.236068 	114.908661 	69.892776 	153.639191 	10.198039 	127.027557 	118.848640 	104.651802 	
91.967384 	91.438507 	88.865067 	133.869339 	118.105888 	12.083046 	26.076809 	83.486526 	76.380623 	140.616501 	24.186773 	58.694122 	62.936478 	19.697716 	18.788294 	39.115215 	146.348892 	48.373547 	105.261581 	58.668560 	34.885529 	32.649654 	10.770329 	38.910152 	54.120235 	43.382023 	123.166557 	10.440307 	139.344894 	98.229324 	5.000000 	132.245987 	147.322769 	17.464249 	73.824112 	10.000000 	1.000000 	100.687637 	126.150703 	14.560220 	152.305618 	11.045361 	999.000000 	51.623638 	21.587032 	9.219544 	105.118980 	59.236813 	144.958618 	3.162278 	117.413795 	109.000000 	94.413979 	
47.927029 	46.065170 	42.544094 	90.785461 	73.061615 	43.737854 	50.487621 	42.953465 	36.345562 	102.489021 	45.276924 	24.041630 	25.179358 	66.910385 	65.924202 	15.132746 	104.216118 	7.810250 	58.008621 	10.440307 	17.262676 	19.416489 	59.908264 	13.152946 	6.000000 	9.000000 	77.103828 	60.166435 	95.015785 	49.678970 	47.434166 	86.821655 	103.831596 	34.176014 	23.345236 	61.032780 	51.264023 	51.662365 	79.404030 	37.161808 	108.784187 	62.297672 	51.623638 	999.000000 	30.413813 	60.745369 	55.865910 	7.615773 	99.569069 	53.712196 	68.622154 	59.413803 	43.600460 	
74.027023 	73.000000 	70.035706 	116.828934 	100.124924 	17.088007 	31.144823 	66.573265 	59.363289 	125.670204 	26.172504 	42.059483 	45.793011 	39.115215 	38.118237 	20.000000 	129.799850 	28.319605 	86.267029 	38.418747 	14.866069 	12.806249 	31.016125 	18.439089 	33.600594 	22.803509 	104.804581 	31.064449 	121.823647 	78.644768 	18.027756 	114.214706 	130.207520 	5.385165 	53.254108 	31.400637 	21.377558 	80.919716 	107.517441 	7.071068 	135.207245 	32.557640 	21.587032 	30.413813 	999.000000 	30.805843 	85.276024 	38.013157 	127.015747 	23.409399 	97.836601 	89.022469 	73.783470 	
100.004997 	99.639351 	97.200821 	141.449631 	126.063477 	19.104973 	28.861740 	91.241440 	84.219948 	147.410995 	28.635643 	66.603302 	70.936592 	13.453624 	12.806249 	47.885281 	153.717270 	57.245087 	113.600174 	67.535179 	43.863426 	41.629318 	6.082763 	47.927029 	63.071388 	52.392746 	131.244049 	5.099020 	147.085007 	106.780151 	13.416408 	140.185593 	154.896744 	26.570660 	82.734512 	2.236068 	9.486833 	109.293182 	134.316788 	23.769728 	159.862442 	2.236068 	9.219544 	60.745369 	30.805843 	999.000000 	113.740936 	68.352028 	152.839783 	8.062258 	125.924583 	117.660530 	103.310211 	
20.396078 	18.027756 	18.248287 	41.048752 	23.086792 	95.015785 	94.921021 	30.066593 	34.234486 	58.694122 	91.000000 	49.040798 	44.598206 	116.730461 	115.831772 	66.030296 	54.332310 	57.008770 	8.602325 	46.861500 	70.604530 	72.801102 	111.507851 	66.843102 	51.739735 	62.481998 	24.331051 	112.004463 	42.953465 	7.280110 	100.404182 	33.955853 	52.172791 	88.005684 	32.557640 	113.534134 	104.560989 	4.472136 	25.298222 	91.400215 	56.753853 	114.908661 	105.118980 	55.865910 	85.276024 	113.740936 	999.000000 	48.918301 	45.880280 	107.647575 	12.806249 	4.123106 	14.560220 	
42.720020 	40.496914 	36.769554 	85.088188 	67.082039 	51.195702 	57.140179 	39.051247 	33.060551 	97.744568 	52.038448 	24.413111 	24.166092 	74.330345 	73.348480 	22.022715 	98.615417 	13.152946 	51.623638 	8.062258 	24.738634 	26.925823 	67.446274 	20.615528 	7.615773 	16.278820 	70.830788 	67.720009 	89.005615 	43.011627 	55.027267 	80.622574 	97.943863 	41.785164 	16.401220 	68.622154 	58.872746 	44.821869 	72.945183 	44.777225 	102.859123 	69.892776 	59.236813 	7.615773 	38.013157 	68.352028 	48.918301 	999.000000 	93.295227 	61.326992 	61.717098 	52.345009 	36.235340 	
53.075417 	54.037025 	57.201397 	14.142136 	26.907248 	133.734818 	129.618668 	61.619801 	68.622154 	29.154760 	126.822708 	86.278618 	82.024384 	153.222061 	152.433594 	107.056061 	14.866069 	99.020203 	41.677334 	89.627007 	112.160599 	114.214706 	149.576065 	108.853111 	94.625580 	104.809349 	22.472204 	150.233154 	7.071068 	50.537113 	140.014282 	12.806249 	9.433981 	128.817703 	77.025970 	152.226807 	144.256714 	49.244289 	20.615528 	132.382019 	12.165525 	153.639191 	144.958618 	99.569069 	127.015747 	152.839783 	45.880280 	93.295227 	999.000000 	147.787003 	33.955853 	43.680660 	60.406952 	
94.762863 	94.175369 	91.547798 	136.780853 	120.917328 	15.231546 	29.017237 	86.371292 	79.246452 	143.669754 	27.294687 	61.554855 	65.764732 	20.248457 	19.416489 	41.617306 	149.305054 	50.774010 	107.935165 	61.057350 	37.215588 	34.985710 	11.401754 	41.182522 	56.435802 	45.650848 	125.936493 	10.816654 	142.214630 	100.801788 	8.062258 	135.059250 	150.233154 	19.723083 	76.157730 	9.486833 	4.123106 	103.227905 	128.887543 	16.552946 	155.219193 	10.198039 	3.162278 	53.712196 	23.409399 	8.062258 	107.647575 	61.326992 	147.787003 	999.000000 	120.000000 	111.503365 	96.747093 	
28.635643 	27.513634 	29.068884 	31.575306 	16.401220 	107.070068 	106.103722 	38.832977 	44.271889 	50.921509 	102.415817 	60.373837 	55.901699 	128.413391 	127.534309 	78.409180 	44.045429 	69.526970 	13.341664 	59.464275 	83.096329 	85.276024 	123.490891 	79.397736 	64.381676 	75.073296 	14.560220 	124.020157 	32.015621 	19.209373 	112.645462 	23.000000 	41.109608 	100.424103 	45.343136 	125.642349 	116.828934 	16.970562 	14.000000 	103.855667 	45.398239 	127.027557 	117.413795 	68.622154 	97.836601 	125.924583 	12.806249 	61.717098 	33.955853 	120.000000 	999.000000 	9.848858 	26.832815 	
24.186773 	22.000000 	22.360680 	40.049969 	22.803509 	98.979797 	99.020203 	34.014702 	38.327538 	58.463665 	95.078911 	53.141319 	48.703182 	120.768372 	119.866592 	69.892776 	53.037724 	60.802959 	10.816654 	50.606323 	74.404305 	76.609398 	115.485931 	70.604530 	55.443665 	66.219330 	23.000000 	115.974136 	41.303753 	11.401754 	104.307236 	32.249031 	50.487621 	91.836815 	36.069378 	117.477661 	108.452751 	8.544003 	23.345236 	95.210297 	54.918121 	118.848640 	109.000000 	59.413803 	89.022469 	117.660530 	4.123106 	52.345009 	43.680660 	111.503365 	9.848858 	999.000000 	17.000000 	
24.083189 	20.518284 	17.804493 	55.326305 	37.054016 	85.088188 	87.097649 	30.528675 	31.622776 	72.173401 	82.710335 	42.107006 	38.013157 	107.563934 	106.625511 	55.461697 	68.731361 	46.065170 	21.023796 	35.777088 	59.539902 	61.773781 	101.636604 	55.569775 	40.311287 	51.107731 	38.832977 	102.044106 	57.489128 	12.369317 	89.894379 	48.507732 	66.708321 	77.025970 	20.591261 	103.315056 	93.941475 	12.000000 	39.849716 	80.262070 	71.309189 	104.651802 	94.413979 	43.600460 	73.783470 	103.310211 	14.560220 	36.235340 	60.406952 	96.747093 	26.832815 	17.000000 	999.000000 	

Travel time:
9.000000 	0.090139 	0.182003 	1.076162 	0.654313 	2.022993 	1.957358 	0.254951 	0.403113 	1.377725 	1.873666 	0.835539 	0.726722 	2.531057 	2.510105 	1.350926 	1.408900 	1.158123 	0.382426 	0.939415 	1.480076 	1.530523 	2.425129 	1.400892 	1.062132 	1.303840 	0.781025 	2.440415 	1.195042 	0.357946 	2.176149 	1.007782 	1.407569 	1.893575 	0.701783 	2.487217 	2.282132 	0.427200 	0.860233 	1.982738 	1.532359 	2.522400 	2.299185 	1.198176 	1.850676 	2.500125 	0.509902 	1.068001 	1.326885 	2.369071 	0.715891 	0.604669 	0.602080 	
0.090139 	9.000000 	0.100000 	1.118034 	0.680074 	2.015099 	1.968026 	0.301040 	0.419076 	1.442654 	1.879495 	0.832166 	0.721110 	2.533895 	2.512469 	1.326885 	1.454519 	1.125000 	0.357946 	0.896172 	1.453444 	1.505199 	2.420873 	1.370447 	1.020416 	1.270089 	0.795692 	2.435416 	1.227294 	0.285044 	2.163908 	1.030776 	1.445035 	1.873833 	0.632949 	2.480045 	2.269637 	0.357946 	0.867828 	1.962301 	1.569236 	2.515079 	2.285963 	1.151629 	1.825000 	2.490984 	0.450694 	1.012423 	1.350926 	2.354384 	0.687841 	0.550000 	0.512957 	
0.182003 	0.100000 	9.000000 	1.208305 	0.763217 	1.955920 	1.926947 	0.325000 	0.400780 	1.541509 	1.833712 	0.782624 	0.670820 	2.484074 	2.462214 	1.255239 	1.546165 	1.046721 	0.410031 	0.811249 	1.379311 	1.432000 	2.364450 	1.293493 	0.936082 	1.190850 	0.870704 	2.378287 	1.311964 	0.276134 	2.100595 	1.110180 	1.532359 	1.804508 	0.534439 	2.420873 	2.205958 	0.350892 	0.937083 	1.892254 	1.656049 	2.455733 	2.221627 	1.063602 	1.750893 	2.430021 	0.456207 	0.919239 	1.430035 	2.288695 	0.726722 	0.559017 	0.445112 	
1.076162 	1.118034 	1.208305 	9.000000 	0.460977 	3.059514 	2.932256 	1.261200 	1.440703 	0.506211 	2.869233 	1.882153 	1.780449 	3.527836 	3.508917 	2.420873 	0.340037 	2.233971 	0.867828 	2.013237 	2.551960 	2.601081 	3.447554 	2.475505 	2.136878 	2.379732 	0.427931 	3.465003 	0.176777 	1.098294 	3.222188 	0.250000 	0.336341 	2.955715 	1.732231 	3.517900 	3.328100 	1.085415 	0.450694 	3.045591 	0.460977 	3.553256 	3.346734 	2.269637 	2.920723 	3.536241 	1.026219 	2.127205 	0.353553 	3.419521 	0.789383 	1.001249 	1.383158 	
0.654313 	0.680074 	0.763217 	0.460977 	9.000000 	2.674065 	2.586624 	0.875000 	1.046721 	0.892328 	2.510976 	1.486607 	1.379311 	3.170666 	3.150397 	2.003902 	0.800391 	1.805028 	0.406971 	1.574206 	2.131901 	2.183031 	3.072967 	2.050152 	1.698897 	1.950160 	0.152069 	3.088892 	0.548862 	0.637377 	2.829311 	0.353553 	0.771767 	2.547793 	1.276959 	3.137375 	2.935345 	0.626997 	0.251247 	2.636878 	0.894427 	3.172637 	2.952647 	1.826540 	2.503123 	3.151587 	0.577170 	1.677051 	0.672681 	3.022933 	0.410031 	0.570088 	0.926350 	
2.022993 	2.015099 	1.955920 	3.059514 	2.674065 	9.000000 	0.413824 	1.803469 	1.627882 	3.217627 	0.328824 	1.187697 	1.296389 	0.579871 	0.555090 	0.743303 	3.367863 	0.980434 	2.365639 	1.234909 	0.661910 	0.608276 	0.413824 	0.764853 	1.130542 	0.873212 	2.804015 	0.425000 	3.199707 	2.199574 	0.182003 	3.027066 	3.395770 	0.292617 	1.615549 	0.465027 	0.279509 	2.263846 	2.881406 	0.285044 	3.520032 	0.500000 	0.302076 	1.093446 	0.427200 	0.477624 	2.375395 	1.279893 	3.343370 	0.380789 	2.676752 	2.474495 	2.127205 	
1.957358 	1.968026 	1.926947 	2.932256 	2.586624 	0.413824 	9.000000 	1.715007 	1.554429 	3.029130 	0.134629 	1.147007 	1.258223 	0.602080 	0.585769 	0.883883 	3.220443 	1.101136 	2.325941 	1.327121 	0.862047 	0.822344 	0.585235 	0.951972 	1.250250 	1.039832 	2.726949 	0.608790 	3.085146 	2.191603 	0.564026 	2.933108 	3.264966 	0.654313 	1.690044 	0.680074 	0.626997 	2.261913 	2.812694 	0.680074 	3.386831 	0.711512 	0.651920 	1.262191 	0.778621 	0.721543 	2.373025 	1.428504 	3.240467 	0.725431 	2.652593 	2.475505 	2.177441 	
0.254951 	0.301040 	0.325000 	1.261200 	0.875000 	1.803469 	1.715007 	9.000000 	0.180278 	1.495201 	1.636498 	0.620987 	0.520216 	2.295920 	2.275549 	1.166190 	1.581139 	0.998123 	0.637377 	0.813941 	1.299279 	1.346291 	2.199148 	1.229837 	0.927699 	1.142366 	1.012423 	2.215429 	1.396648 	0.583631 	1.962938 	1.226020 	1.597263 	1.695029 	0.680074 	2.265226 	2.068967 	0.657647 	1.097725 	1.785007 	1.722099 	2.300543 	2.087163 	1.073837 	1.664332 	2.281036 	0.751665 	0.976281 	1.540495 	2.159282 	0.970824 	0.850368 	0.763217 	
0.403113 	0.419076 	0.400780 	1.440703 	1.046721 	1.627882 	1.554429 	0.180278 	9.000000 	1.671264 	1.470757 	0.442295 	0.340037 	2.128673 	2.107872 	0.986154 	1.761391 	0.822344 	0.775403 	0.651920 	1.119431 	1.166190 	2.026388 	1.051190 	0.760345 	0.965660 	1.180042 	2.042211 	1.574206 	0.676849 	1.785532 	1.399330 	1.776584 	1.515132 	0.583095 	2.090753 	1.891593 	0.751665 	1.261943 	1.605070 	1.901480 	2.126029 	1.909516 	0.908639 	1.484082 	2.105499 	0.855862 	0.826514 	1.715554 	1.981161 	1.106797 	0.958188 	0.790569 	
1.377725 	1.442654 	1.541509 	0.506211 	0.892328 	3.217627 	3.029130 	1.495201 	1.671264 	9.000000 	2.986846 	2.090753 	2.002810 	3.631202 	3.614727 	2.650589 	0.388104 	2.493116 	1.278916 	2.301222 	2.785004 	2.828979 	3.580590 	2.721328 	2.419194 	2.636878 	0.910014 	3.600347 	0.602080 	1.500833 	3.390612 	0.755811 	0.529741 	3.156739 	2.075602 	3.660003 	3.494639 	1.505199 	0.950329 	3.246633 	0.579871 	3.695014 	3.515413 	2.562226 	3.141755 	3.685275 	1.467353 	2.443614 	0.728869 	3.591744 	1.273038 	1.461592 	1.804335 	
1.873666 	1.879495 	1.833712 	2.869233 	2.510976 	0.328824 	0.134629 	1.636498 	1.470757 	2.986846 	9.000000 	1.051190 	1.162970 	0.660019 	0.640312 	0.753741 	3.164352 	0.975000 	2.236767 	1.206493 	0.728011 	0.687841 	0.596343 	0.818917 	1.125278 	0.908639 	2.648702 	0.617454 	3.018485 	2.094338 	0.500000 	2.860070 	3.203611 	0.535023 	1.574206 	0.682367 	0.579871 	2.163475 	2.732330 	0.570636 	3.326410 	0.716327 	0.604669 	1.131923 	0.654313 	0.715891 	2.275000 	1.300961 	3.170568 	0.682367 	2.560395 	2.376973 	2.067758 	
0.835539 	0.832166 	0.782624 	1.882153 	1.486607 	1.187697 	1.147007 	0.620987 	0.442295 	2.090753 	1.051190 	9.000000 	0.111803 	1.702388 	1.680773 	0.561805 	2.200142 	0.450694 	1.187697 	0.410031 	0.696419 	0.738664 	1.590008 	0.642748 	0.459619 	0.577170 	1.616516 	1.605070 	2.016495 	1.044629 	1.343503 	1.839837 	2.218248 	1.075291 	0.625000 	1.651704 	1.449569 	1.114955 	1.695029 	1.165386 	2.343075 	1.686898 	1.467353 	0.601041 	1.051487 	1.665083 	1.226020 	0.610328 	2.156965 	1.538871 	1.509346 	1.328533 	1.052675 	
0.726722 	0.721110 	0.670820 	1.780449 	1.379311 	1.296389 	1.258223 	0.520216 	0.340037 	2.002810 	1.162970 	0.111803 	9.000000 	1.814008 	1.792345 	0.648556 	2.101339 	0.505594 	1.076162 	0.403887 	0.782624 	0.828025 	1.700184 	0.719809 	0.480885 	0.642748 	1.507689 	1.715007 	1.912132 	0.933408 	1.450000 	1.732772 	2.116158 	1.175266 	0.548293 	1.760859 	1.556037 	1.004054 	1.585284 	1.265158 	2.241093 	1.796003 	1.573412 	0.629484 	1.144825 	1.773415 	1.114955 	0.604152 	2.050610 	1.644118 	1.397542 	1.217580 	0.950329 	
2.531057 	2.533895 	2.484074 	3.527836 	3.170666 	0.579871 	0.602080 	2.295920 	2.128673 	3.631202 	0.660019 	1.702388 	1.814008 	9.000000 	0.025000 	1.315770 	3.819849 	1.552418 	2.890069 	1.803122 	1.241219 	1.187960 	0.223607 	1.343968 	1.703856 	1.451293 	3.307756 	0.235850 	3.678060 	2.739183 	0.534439 	3.520032 	3.861671 	0.850368 	2.182029 	0.282843 	0.482830 	2.806466 	3.390612 	0.806226 	3.984109 	0.285044 	0.492443 	1.672760 	0.977880 	0.336341 	2.918262 	1.858259 	3.830552 	0.506211 	3.210335 	3.019209 	2.689098 	
2.510105 	2.512469 	2.462214 	3.508917 	3.150397 	0.555090 	0.585769 	2.275549 	2.107872 	3.614727 	0.640312 	1.680773 	1.792345 	0.025000 	9.000000 	1.291559 	3.801727 	1.528275 	2.868471 	1.779220 	1.216552 	1.163239 	0.201556 	1.319327 	1.679658 	1.426753 	3.287191 	0.215058 	3.658722 	2.716846 	0.509902 	3.500000 	3.842932 	0.825379 	2.158269 	0.265754 	0.459619 	2.783994 	3.369811 	0.781425 	3.965476 	0.270416 	0.469707 	1.648105 	0.952956 	0.320156 	2.895794 	1.833712 	3.810840 	0.485412 	3.188358 	2.996665 	2.665638 	
