UB = 890
M = 120

Distance:
999.000000 	82.927681 	79.924965 	78.230431 	77.175125 	66.528191 	77.826729 	63.655323 	62.936478 	58.694122 	58.728188 	62.433964 	61.057350 	59.481091 	53.712196 	23.769728 	21.400934 	21.095022 	21.189621 	17.804493 	17.029387 	46.097721 	41.000000 	37.854988 	14.212670 	14.422205 	39.051247 	37.107952 	37.947330 	37.576588 	36.674240 	35.355339 	49.929951 	43.011627 	48.010414 	51.039200 	51.039200 	56.222771 	48.836460 	79.259071 	49.517673 	52.345009 	75.213028 	19.235384 	66.528191 	24.000000 	24.083189 	23.345236 	24.186773 	23.537205 	28.000000 	
82.927681 	999.000000 	4.123106 	5.000000 	6.708204 	20.024984 	10.000000 	23.086792 	24.083189 	28.284271 	29.154760 	20.615528 	22.022715 	24.839485 	31.240999 	64.621979 	63.063461 	64.404968 	67.230942 	66.241982 	66.037865 	60.926186 	62.177166 	62.769421 	69.462219 	69.835518 	63.134777 	64.140472 	66.730804 	85.842880 	85.988373 	87.298340 	96.083298 	94.641426 	97.252251 	98.081596 	79.711983 	84.770279 	102.489021 	85.000000 	86.539009 	87.664131 	90.354858 	100.722389 	93.171883 	103.754517 	104.656578 	100.448990 	105.118980 	105.190300 	107.354553 	
79.924965 	4.123106 	999.000000 	2.000000 	2.828427 	19.235384 	6.082763 	22.090721 	23.086792 	27.000000 	28.017851 	17.492855 	18.867962 	21.213203 	27.586229 	62.297672 	60.415230 	61.846584 	64.845970 	63.505905 	63.134777 	56.859474 	58.180752 	58.830265 	66.648331 	67.082039 	59.169250 	60.207973 	62.769421 	84.380089 	84.480766 	85.708809 	95.000000 	93.263069 	96.046867 	97.000000 	75.610847 	80.653580 	101.178062 	81.006172 	82.462112 	83.570328 	86.284416 	97.948967 	89.050545 	101.133575 	101.980392 	97.000000 	102.415817 	102.420700 	104.785492 	
78.230431 	5.000000 	2.000000 	999.000000 	2.000000 	17.262676 	6.708204 	20.099751 	21.095022 	25.000000 	26.019224 	15.811388 	17.204651 	19.849434 	26.248810 	60.406952 	58.600342 	60.008331 	62.968246 	61.717098 	61.400326 	56.080299 	57.245087 	57.801384 	64.884514 	65.299309 	58.180752 	59.169250 	61.773781 	82.389320 	82.492424 	83.725746 	93.000000 	91.268837 	94.047859 	95.000000 	74.946648 	80.081207 	99.181648 	81.055534 	81.706795 	82.873398 	86.145226 	96.176918 	88.645363 	99.317673 	100.179840 	95.524864 	100.623062 	100.647903 	102.956299 	
77.175125 	6.708204 	2.828427 	2.000000 	999.000000 	17.720045 	5.000000 	20.396078 	21.377558 	25.079872 	26.172504 	14.764823 	16.124516 	18.384777 	24.758837 	59.774578 	57.775429 	59.236813 	62.297672 	60.835846 	60.415230 	54.230988 	55.470715 	56.080299 	63.953106 	64.404968 	56.435802 	57.454330 	60.033325 	82.219215 	82.298241 	83.486526 	93.021500 	91.137260 	94.005318 	95.021049 	73.054771 	78.160095 	99.080772 	79.056938 	79.849861 	80.993828 	84.148682 	95.257545 	86.683334 	98.488579 	99.317673 	94.175369 	99.744675 	99.729637 	102.156746 	
66.528191 	20.024984 	19.235384 	17.262676 	17.720045 	999.000000 	21.931713 	3.162278 	4.123106 	8.544003 	9.219544 	12.649111 	13.341664 	18.439089 	23.000000 	46.141087 	45.607018 	46.615448 	48.877399 	49.040798 	49.517673 	55.145264 	54.744862 	54.341511 	52.497620 	52.630791 	55.108982 	55.542778 	58.463665 	65.924202 	66.098412 	67.468513 	76.059189 	74.672615 	77.233414 	78.057671 	74.330345 	80.156097 	82.492424 	86.348129 	80.062477 	81.743500 	89.805344 	83.234612 	90.000000 	85.755463 	86.821655 	86.214851 	87.367043 	87.658424 	89.185204 	
77.826729 	10.000000 	6.082763 	6.708204 	5.000000 	21.931713 	999.000000 	24.351591 	25.298222 	28.635643 	29.832869 	16.278820 	17.464249 	18.357559 	24.413111 	61.611687 	59.135437 	60.728905 	64.031242 	62.032249 	61.326992 	51.884487 	53.535034 	54.405884 	65.000000 	65.551506 	54.644306 	55.803226 	58.249462 	85.023529 	85.052925 	86.145226 	96.187317 	94.005318 	97.046379 	98.183502 	70.384659 	75.272835 	102.000000 	75.000000 	77.388626 	78.390053 	80.399002 	96.254868 	83.432610 	99.724625 	100.463921 	93.861603 	100.846420 	100.722389 	103.464973 	
63.655323 	23.086792 	22.090721 	20.099751 	20.396078 	3.162278 	24.351591 	999.000000 	1.000000 	5.385165 	6.082763 	13.038404 	13.416408 	18.384777 	22.203604 	43.046486 	42.638012 	43.600460 	45.793011 	46.097721 	46.669048 	54.009258 	53.338543 	52.773098 	49.578220 	49.678970 	53.600372 	53.935146 	56.885849 	62.801273 	62.968246 	64.327286 	73.027390 	71.568146 	74.168724 	75.026665 	73.109505 	79.025314 	79.404030 	86.127815 	78.638412 	80.399002 	89.269257 	80.212219 	89.050545 	82.680107 	83.761566 	83.600243 	84.314888 	84.628601 	86.092972 	
62.936478 	24.083189 	23.086792 	21.095022 	21.377558 	4.123106 	25.298222 	1.000000 	999.000000 	4.472136 	5.099020 	13.601471 	13.892444 	18.788294 	22.360680 	42.190044 	41.868843 	42.801868 	44.944408 	45.343136 	45.967381 	54.000000 	53.235325 	52.611786 	48.836460 	48.918301 	53.460266 	53.758720 	56.718605 	61.814240 	61.983868 	63.348244 	72.027771 	70.576202 	73.171036 	74.027023 	73.061615 	79.006332 	78.409180 	86.400230 	78.517517 	80.305664 	89.442719 	79.404030 	89.089844 	81.835197 	82.927681 	83.006027 	83.486526 	83.815269 	85.234970 	
58.694122 	28.284271 	27.000000 	25.000000 	25.079872 	8.544003 	28.635643 	5.385165 	4.472136 	999.000000 	1.414214 	15.000000 	14.866069 	19.209373 	21.540659 	37.735924 	37.536648 	38.418747 	40.496914 	41.036568 	41.773197 	52.153618 	51.009804 	50.159744 	44.553337 	44.598206 	51.088158 	51.244511 	54.230988 	57.558666 	57.706154 	59.033890 	68.000000 	66.370171 	69.065186 	70.000000 	71.007042 	77.058418 	74.242844 	85.702972 	76.164299 	78.057671 	88.294960 	75.000000 	87.367043 	77.388626 	78.492035 	79.056938 	79.056938 	79.404030 	80.777473 	
58.728188 	29.154760 	28.017851 	26.019224 	26.172504 	9.219544 	29.832869 	6.082763 	5.099020 	1.414214 	999.000000 	16.401220 	16.278820 	20.615528 	22.847319 	37.443291 	37.483330 	38.288380 	40.224369 	41.012192 	41.868843 	53.235325 	52.000000 	51.088158 	44.553337 	44.553337 	52.038448 	52.153618 	55.145264 	56.718605 	56.885849 	58.249462 	67.007462 	65.490456 	68.117546 	69.007248 	72.027771 	78.102493 	73.334846 	86.977005 	77.103828 	79.025314 	89.498604 	74.813103 	88.459030 	77.103828 	78.236816 	79.322128 	78.816238 	79.202271 	80.454956 	
62.433964 	20.615528 	17.492855 	15.811388 	14.764823 	12.649111 	16.278820 	13.038404 	13.601471 	15.000000 	16.401220 	999.000000 	1.414214 	6.000000 	11.704700 	45.354160 	43.081318 	44.598206 	47.801674 	46.097721 	45.650848 	43.737854 	43.965897 	44.011364 	49.193497 	49.658836 	44.598206 	45.310043 	48.104053 	69.007248 	69.000000 	70.028564 	80.504662 	78.025635 	81.221916 	82.492424 	62.968246 	68.593002 	86.052307 	73.756355 	69.123077 	70.611610 	77.414467 	80.498444 	78.102493 	83.773506 	84.581322 	79.906197 	85.000000 	84.970581 	87.464279 	
61.057350 	22.022715 	18.867962 	17.204651 	16.124516 	13.341664 	17.464249 	13.416408 	13.892444 	14.866069 	16.278820 	1.414214 	999.000000 	5.099020 	10.440307 	44.147480 	41.785164 	43.324360 	46.572525 	44.777225 	44.294468 	42.579338 	42.720020 	42.720020 	47.853943 	48.332184 	43.324360 	44.011364 	46.818798 	68.029404 	68.007355 	69.007248 	79.630394 	77.058418 	80.305664 	81.614952 	61.814240 	67.475922 	85.094063 	73.006851 	67.911705 	69.426216 	76.531036 	79.158073 	77.058418 	82.462112 	83.258636 	78.492035 	83.671982 	83.630135 	86.162636 	
59.481091 	24.839485 	21.213203 	19.849434 	18.384777 	18.439089 	18.357559 	18.384777 	18.788294 	19.209373 	20.615528 	6.000000 	5.099020 	999.000000 	6.403124 	44.283180 	41.231056 	42.953465 	46.529560 	43.965897 	43.081318 	37.854988 	38.275318 	38.483765 	46.818798 	47.434166 	39.000000 	39.812057 	42.544094 	69.354164 	69.260376 	70.114189 	81.394104 	78.409180 	81.884064 	83.360664 	57.070133 	62.649822 	86.469650 	67.911705 	63.324562 	64.761101 	71.449280 	78.000000 	72.111023 	81.596565 	82.280006 	75.822159 	82.637764 	82.462112 	85.381500 	
53.712196 	31.240999 	27.586229 	26.248810 	24.758837 	23.000000 	24.413111 	22.203604 	22.360680 	21.540659 	22.847319 	11.704700 	10.440307 	6.403124 	999.000000 	40.000000 	36.345562 	38.209946 	42.047592 	38.832977 	37.643059 	32.249031 	32.280025 	32.310989 	41.484936 	42.201897 	32.893768 	33.615471 	36.400551 	66.098412 	65.924202 	66.610809 	78.587532 	75.133217 	78.854294 	80.523285 	51.478149 	57.218880 	83.186539 	64.195015 	57.489128 	59.033890 	67.082039 	72.449982 	67.000000 	76.243034 	76.843994 	69.526970 	77.162170 	76.896034 	80.081207 	
23.769728 	64.621979 	62.297672 	60.406952 	59.774578 	46.141087 	61.611687 	43.046486 	42.190044 	37.735924 	37.443291 	45.354160 	44.147480 	44.283180 	40.000000 	999.000000 	6.403124 	4.472136 	2.828427 	8.246211 	11.704700 	48.166378 	43.840622 	41.036568 	11.000000 	10.049875 	42.449970 	41.109608 	43.416588 	27.730848 	27.313000 	27.513634 	41.182522 	36.400551 	40.718548 	42.941822 	60.745369 	66.887962 	44.271889 	85.562843 	62.169125 	64.845970 	84.023804 	37.536648 	78.032043 	39.661064 	40.804413 	46.840153 	41.400482 	41.868843 	43.046486 	
21.400934 	63.063461 	60.415230 	58.600342 	57.775429 	45.607018 	59.135437 	42.638012 	41.868843 	37.536648 	37.483330 	43.081318 	41.785164 	41.231056 	36.345562 	6.403124 	999.000000 	2.236068 	6.708204 	3.605551 	6.000000 	41.868843 	37.483330 	34.655445 	7.211102 	7.071068 	36.069378 	34.713108 	37.013512 	33.615471 	33.120991 	33.105892 	47.169907 	42.047592 	46.529560 	48.877399 	54.378304 	60.539242 	49.769470 	79.195961 	55.946404 	58.600342 	77.620872 	37.735924 	71.693794 	40.718548 	41.593269 	43.462627 	42.059483 	42.190044 	44.384682 	
21.095022 	64.404968 	61.846584 	60.008331 	59.236813 	46.615448 	60.728905 	43.600460 	42.801868 	38.418747 	38.288380 	44.598206 	43.324360 	42.953465 	38.209946 	4.472136 	2.236068 	999.000000 	4.472136 	4.000000 	7.280110 	44.045429 	39.623226 	36.769554 	7.280110 	6.708204 	38.183765 	36.796738 	39.051247 	31.384710 	30.886890 	30.870699 	44.944408 	39.812057 	44.294468 	46.647614 	56.302753 	62.433964 	47.539455 	81.320351 	57.697487 	60.373837 	79.649231 	36.619667 	73.573090 	39.357338 	40.311287 	43.657761 	40.816662 	41.048752 	42.953465 	
21.189621 	67.230942 	64.845970 	62.968246 	62.297672 	48.877399 	64.031242 	45.793011 	44.944408 	40.496914 	40.224369 	47.801674 	46.572525 	46.529560 	42.047592 	2.828427 	6.708204 	4.472136 	999.000000 	7.211102 	10.816654 	48.414875 	43.931767 	41.036568 	9.219544 	8.062258 	42.449970 	41.012192 	43.185646 	26.925823 	26.419689 	26.400757 	40.496914 	35.341194 	39.824615 	42.190044 	60.216278 	66.287254 	43.081318 	85.586212 	61.294373 	64.007812 	83.737686 	34.713108 	77.388626 	36.891735 	38.013157 	44.384682 	38.600517 	39.051247 	40.311287 	
17.804493 	66.241982 	63.505905 	61.717098 	60.835846 	49.040798 	62.032249 	46.097721 	45.343136 	41.036568 	41.012192 	46.097721 	44.777225 	43.965897 	38.832977 	8.246211 	3.605551 	4.000000 	7.211102 	999.000000 	3.605551 	41.617306 	37.013512 	34.058773 	3.605551 	3.605551 	35.468296 	33.970577 	36.069378 	33.600594 	33.015148 	32.756680 	47.201694 	41.677334 	46.324940 	48.826221 	53.009434 	59.076221 	49.193497 	78.568443 	54.120235 	56.824291 	76.576759 	34.481880 	70.178345 	37.696156 	38.483765 	39.924931 	38.910152 	38.948685 	41.436699 	
17.029387 	66.037865 	63.134777 	61.400326 	60.415230 	49.517673 	61.326992 	46.669048 	45.967381 	41.773197 	41.868843 	45.650848 	44.294468 	43.081318 	37.643059 	11.704700 	6.000000 	7.280110 	10.816654 	3.605551 	999.000000 	38.275318 	33.600594 	30.610456 	4.000000 	5.099020 	32.015621 	30.479502 	32.526913 	37.013512 	36.400551 	36.055511 	50.606323 	44.944408 	49.648766 	52.201534 	49.406479 	55.470715 	52.354561 	75.073296 	50.537113 	53.235325 	73.000000 	34.928497 	66.573265 	38.600517 	39.217342 	38.013157 	39.560081 	39.395432 	42.449970 	
46.097721 	60.926186 	56.859474 	56.080299 	54.230988 	55.145264 	51.884487 	54.009258 	54.000000 	52.153618 	53.235325 	43.737854 	42.579338 	37.854988 	32.249031 	48.166378 	41.868843 	44.045429 	48.414875 	41.617306 	38.275318 	999.000000 	5.099020 	8.246211 	41.677334 	43.046486 	7.071068 	9.055386 	9.219544 	75.213028 	74.632431 	74.330345 	88.814415 	83.216583 	87.920418 	90.443352 	19.235384 	25.019993 	90.553848 	37.643059 	25.632011 	26.925823 	37.576588 	64.381676 	35.227829 	69.720871 	69.462219 	50.695168 	69.354164 	68.183578 	73.681747 	
41.000000 	62.177166 	58.180752 	57.245087 	55.470715 	54.744862 	53.535034 	53.338543 	53.235325 	51.009804 	52.000000 	43.965897 	42.720020 	38.275318 	32.280025 	43.840622 	37.483330 	39.623226 	43.931767 	37.013512 	33.600594 	5.099020 	999.000000 	3.162278 	36.891735 	38.275318 	2.000000 	4.000000 	5.000000 	70.604530 	70.000000 	69.634758 	84.202141 	78.492035 	83.234612 	85.802101 	20.099751 	26.305893 	85.755463 	41.725292 	25.317978 	27.073973 	40.816662 	59.304298 	37.107952 	64.629715 	64.381676 	46.173584 	64.280632 	63.126858 	68.593002 	
37.854988 	62.769421 	58.830265 	57.801384 	56.080299 	54.341511 	54.405884 	52.773098 	52.611786 	50.159744 	51.088158 	44.011364 	42.720020 	38.483765 	32.310989 	41.036568 	34.655445 	36.769554 	41.036568 	34.058773 	30.610456 	8.246211 	3.162278 	999.000000 	33.837849 	35.227829 	1.414214 	1.414214 	4.123106 	67.623962 	67.007462 	66.610809 	81.215759 	75.451973 	80.212219 	82.800964 	21.587032 	27.892651 	82.680107 	44.553337 	26.019224 	28.017851 	43.266617 	56.222771 	38.897301 	61.522354 	61.294373 	43.657761 	61.204575 	60.074955 	65.490456 	
14.212670 	69.462219 	66.648331 	64.884514 	63.953106 	52.497620 	65.000000 	49.578220 	48.836460 	44.553337 	44.553337 	49.193497 	47.853943 	46.818798 	41.484936 	11.000000 	7.211102 	7.280110 	9.219544 	3.605551 	4.000000 	41.677334 	36.891735 	33.837849 	999.000000 	1.414214 	35.227829 	33.600594 	35.468296 	33.970577 	33.301651 	32.802441 	47.507893 	41.617306 	46.400433 	49.040798 	51.855568 	57.801384 	48.877399 	78.102493 	52.478565 	55.226807 	75.690155 	31.304953 	68.818604 	34.785053 	35.468296 	36.400551 	35.846897 	35.777088 	38.600517 	
14.422205 	69.835518 	67.082039 	65.299309 	64.404968 	52.630791 	65.551506 	49.678970 	48.918301 	44.598206 	44.553337 	49.658836 	48.332184 	47.434166 	42.201897 	10.049875 	7.071068 	6.708204 	8.062258 	3.605551 	5.099020 	43.046486 	38.275318 	35.227829 	1.414214 	999.000000 	36.619667 	35.000000 	36.878178 	32.557640 	31.890438 	31.400637 	46.097721 	40.224369 	45.000000 	47.634022 	53.263496 	59.203041 	47.507893 	79.511009 	53.851646 	56.603886 	77.103828 	30.886890 	70.213959 	34.176014 	34.928497 	37.000000 	35.341194 	35.355339 	37.947330 	
39.051247 	63.134777 	59.169250 	58.180752 	56.435802 	55.108982 	54.644306 	53.600372 	53.460266 	51.088158 	52.038448 	44.598206 	43.324360 	39.000000 	32.893768 	42.449970 	36.069378 	38.183765 	42.449970 	35.468296 	32.015621 	7.071068 	2.000000 	1.414214 	35.227829 	36.619667 	999.000000 	2.000000 	3.605551 	69.028976 	68.410522 	68.007355 	82.619614 	76.843994 	81.608826 	84.202141 	20.396078 	26.683329 	84.059502 	43.139309 	25.079872 	27.000000 	41.880783 	57.314919 	37.643059 	62.649822 	62.393909 	44.271889 	62.289646 	61.131008 	66.610809 	
37.107952 	64.140472 	60.207973 	59.169250 	57.454330 	55.542778 	55.803226 	53.935146 	53.758720 	51.244511 	52.153618 	45.310043 	44.011364 	39.812057 	33.615471 	41.109608 	34.713108 	36.796738 	41.012192 	33.970577 	30.479502 	9.055386 	4.000000 	1.414214 	33.600594 	35.000000 	2.000000 	999.000000 	3.000000 	67.475922 	66.843102 	66.400299 	81.055534 	75.213028 	80.000000 	82.619614 	20.880613 	27.202942 	82.377182 	44.598206 	25.000000 	27.073973 	43.011627 	55.326305 	38.275318 	60.671246 	60.406952 	42.379242 	60.299255 	59.135437 	64.629715 	
37.947330 	66.730804 	62.769421 	61.773781 	60.033325 	58.463665 	58.249462 	56.885849 	56.718605 	54.230988 	55.145264 	48.104053 	46.818798 	42.544094 	36.400551 	43.416588 	37.013512 	39.051247 	43.185646 	36.069378 	32.526913 	9.219544 	5.000000 	4.123106 	35.468296 	36.878178 	3.605551 	3.000000 	999.000000 	69.426216 	68.767723 	68.249542 	82.975899 	77.006493 	81.835197 	84.504440 	18.027756 	24.351591 	84.053551 	42.638012 	22.000000 	24.083189 	40.607880 	55.731499 	35.468296 	61.188232 	60.827625 	41.484936 	60.671246 	59.413803 	65.115280 	
37.576588 	85.842880 	84.380089 	82.389320 	82.219215 	65.924202 	85.023529 	62.801273 	61.814240 	57.558666 	56.718605 	69.007248 	68.029404 	69.354164 	66.098412 	27.730848 	33.615471 	31.384710 	26.925823 	33.600594 	37.013512 	75.213028 	70.604530 	67.623962 	33.970577 	32.557640 	69.028976 	67.475922 	69.426216 	999.000000 	1.000000 	3.162278 	13.601471 	9.055386 	13.000000 	15.264338 	85.632935 	91.438507 	17.117243 	112.044632 	85.603737 	88.408142 	109.603828 	37.121422 	102.303467 	34.928497 	36.878178 	58.249462 	37.854988 	39.623226 	36.055511 	
36.674240 	85.988373 	84.480766 	82.492424 	82.298241 	66.098412 	85.052925 	62.968246 	61.983868 	57.706154 	56.885849 	69.000000 	68.007355 	69.260376 	65.924202 	27.313000 	33.120991 	30.886890 	26.419689 	33.015148 	36.400551 	74.632431 	70.000000 	67.007462 	33.301651 	31.890438 	68.410522 	66.843102 	68.767723 	1.000000 	999.000000 	2.236068 	14.212670 	9.219544 	13.416408 	15.811388 	84.899940 	90.686272 	17.262676 	111.395691 	84.811554 	87.618492 	108.894447 	36.124783 	101.533249 	33.955853 	35.902645 	57.271286 	36.878178 	38.639359 	35.114101 	
35.355339 	87.298340 	85.708809 	83.725746 	83.486526 	67.468513 	86.145226 	64.327286 	63.348244 	59.033890 	58.249462 	70.028564 	69.007248 	70.114189 	66.610809 	27.513634 	33.105892 	30.870699 	26.400757 	32.756680 	36.055511 	74.330345 	69.634758 	66.610809 	32.802441 	31.400637 	68.007355 	66.400299 	68.249542 	3.162278 	2.236068 	999.000000 	14.866069 	8.944272 	13.601471 	16.278820 	84.148682 	89.872131 	16.763054 	110.887329 	83.868942 	86.683334 	108.208130 	34.058773 	100.657837 	31.780497 	33.734257 	55.542778 	34.713108 	36.496574 	32.893768 	
49.929951 	96.083298 	95.000000 	93.000000 	93.021500 	76.059189 	96.187317 	73.027390 	72.027771 	68.000000 	67.007462 	80.504662 	79.630394 	81.394104 	78.587532 	41.182522 	47.169907 	44.944408 	40.496914 	47.201694 	50.606323 	88.814415 	84.202141 	81.215759 	47.507893 	46.097721 	82.619614 	81.055534 	82.975899 	13.601471 	14.212670 	14.866069 	999.000000 	7.280110 	3.162278 	2.000000 	99.005051 	104.737770 	8.485281 	125.606529 	98.716766 	101.533249 	123.044708 	45.705578 	115.520561 	42.107006 	44.102154 	68.949257 	45.099888 	47.169907 	42.011902 	
43.011627 	94.641426 	93.263069 	91.268837 	91.137260 	74.672615 	94.005318 	71.568146 	70.576202 	66.370171 	65.490456 	78.025635 	77.058418 	78.409180 	75.133217 	36.400551 	42.047592 	39.812057 	35.341194 	41.677334 	44.944408 	83.216583 	78.492035 	75.451973 	41.617306 	40.224369 	76.843994 	75.213028 	77.006493 	9.055386 	9.219544 	8.944272 	7.280110 	999.000000 	5.000000 	8.062258 	92.655273 	98.290382 	8.062258 	119.632774 	92.097771 	94.921021 	116.777565 	38.470768 	108.977058 	35.014282 	37.013512 	61.684681 	38.013157 	40.049969 	35.128338 	
48.010414 	97.252251 	96.046867 	94.047859 	94.005318 	77.233414 	97.046379 	74.168724 	73.171036 	69.065186 	68.117546 	81.221916 	80.305664 	81.884064 	78.854294 	40.718548 	46.529560 	44.294468 	39.824615 	46.324940 	49.648766 	87.920418 	83.234612 	80.212219 	46.400433 	45.000000 	81.608826 	80.000000 	81.835197 	13.000000 	13.416408 	13.601471 	3.162278 	5.000000 	999.000000 	3.162278 	97.590981 	103.247276 	5.830952 	124.470879 	97.082436 	99.904953 	121.696342 	42.953465 	113.951744 	39.204590 	41.194660 	66.483078 	42.190044 	44.283180 	39.000000 	
51.039200 	98.081596 	97.000000 	95.000000 	95.021049 	78.057671 	98.183502 	75.026665 	74.027023 	70.000000 	69.007248 	82.492424 	81.614952 	83.360664 	80.523285 	42.941822 	48.877399 	46.647614 	42.190044 	48.826221 	52.201534 	90.443352 	85.802101 	82.800964 	49.040798 	47.634022 	84.202141 	82.619614 	84.504440 	15.264338 	15.811388 	16.278820 	2.000000 	8.062258 	3.162278 	999.000000 	100.409164 	106.103722 	7.211102 	127.141655 	100.004997 	102.825096 	124.482933 	46.097721 	116.846054 	42.296574 	44.283180 	69.641945 	45.276924 	47.381432 	42.011902 	
51.039200 	79.711983 	75.610847 	74.946648 	73.054771 	74.330345 	70.384659 	73.109505 	73.061615 	71.007042 	72.027771 	62.968246 	61.814240 	57.070133 	51.478149 	60.745369 	54.378304 	56.302753 	60.216278 	53.009434 	49.406479 	19.235384 	20.099751 	21.587032 	51.855568 	53.263496 	20.396078 	20.880613 	18.027756 	85.632935 	84.899940 	84.148682 	99.005051 	92.655273 	97.590981 	100.409164 	999.000000 	6.324555 	99.247169 	28.792360 	7.810250 	8.062258 	24.207438 	66.309875 	17.464249 	72.090218 	71.309189 	46.389652 	70.936592 	69.289246 	75.769386 	
56.222771 	84.770279 	80.653580 	80.081207 	78.160095 	80.156097 	75.272835 	79.025314 	79.006332 	77.058418 	78.102493 	68.593002 	67.475922 	62.649822 	57.218880 	66.887962 	60.539242 	62.433964 	66.287254 	59.076221 	55.470715 	25.019993 	26.305893 	27.892651 	57.801384 	59.203041 	26.683329 	27.202942 	24.351591 	91.438507 	90.686272 	89.872131 	104.737770 	98.290382 	103.247276 	106.103722 	6.324555 	999.000000 	104.737770 	25.317978 	8.062258 	6.082763 	19.235384 	70.661163 	11.180340 	76.478752 	75.584389 	49.477268 	75.153175 	73.409805 	80.056229 	
48.836460 	102.489021 	101.178062 	99.181648 	99.080772 	82.492424 	102.000000 	79.404030 	78.409180 	74.242844 	73.334846 	86.052307 	85.094063 	86.469650 	83.186539 	44.271889 	49.769470 	47.539455 	43.081318 	49.193497 	52.354561 	90.553848 	85.755463 	82.680107 	48.877399 	47.507893 	84.059502 	82.377182 	84.053551 	17.117243 	17.262676 	16.763054 	8.485281 	8.062258 	5.830952 	7.211102 	99.247169 	104.737770 	999.000000 	126.605690 	98.290382 	101.118744 	123.434196 	41.436699 	115.260574 	37.107952 	39.051247 	65.741920 	40.024994 	42.201897 	36.345562 	
79.259071 	85.000000 	81.006172 	81.055534 	79.056938 	86.348129 	75.000000 	86.127815 	86.400230 	85.702972 	86.977005 	73.756355 	73.006851 	67.911705 	64.195015 	85.562843 	79.195961 	81.320351 	85.586212 	78.568443 	75.073296 	37.643059 	41.725292 	44.553337 	78.102493 	79.511009 	43.139309 	44.598206 	42.638012 	112.044632 	111.395691 	110.887329 	125.606529 	119.632774 	124.470879 	127.141655 	28.792360 	25.317978 	126.605690 	999.000000 	33.376640 	31.144823 	9.433981 	95.078911 	20.880613 	100.846420 	100.089958 	74.732857 	99.724625 	98.081596 	104.546638 	
49.517673 	86.539009 	82.462112 	81.706795 	79.849861 	80.062477 	77.388626 	78.638412 	78.517517 	76.164299 	77.103828 	69.123077 	67.911705 	63.324562 	57.489128 	62.169125 	55.946404 	57.697487 	61.294373 	54.120235 	50.537113 	25.632011 	25.317978 	26.019224 	52.478565 	53.851646 	25.079872 	25.000000 	22.000000 	85.603737 	84.811554 	83.868942 	98.716766 	92.097771 	97.082436 	100.004997 	7.810250 	8.062258 	98.290382 	33.376640 	999.000000 	2.828427 	26.925823 	63.134777 	17.029387 	68.963760 	68.000000 	41.484936 	67.535179 	65.741920 	72.470680 	
52.345009 	87.664131 	83.570328 	82.873398 	80.993828 	81.743500 	78.390053 	80.399002 	80.305664 	78.057671 	79.025314 	70.611610 	69.426216 	64.761101 	59.033890 	64.845970 	58.600342 	60.373837 	64.007812 	56.824291 	53.235325 	26.925823 	27.073973 	28.017851 	55.226807 	56.603886 	27.000000 	27.073973 	24.083189 	88.408142 	87.618492 	86.683334 	101.533249 	94.921021 	99.904953 	102.825096 	8.062258 	6.082763 	101.118744 	31.144823 	2.828427 	999.000000 	24.351591 	65.863495 	14.212670 	71.693794 	70.710678 	43.965897 	70.235321 	68.425140 	75.179787 	
75.213028 	90.354858 	86.284416 	86.145226 	84.148682 	89.805344 	80.399002 	89.269257 	89.442719 	88.294960 	89.498604 	77.414467 	76.531036 	71.449280 	67.082039 	84.023804 	77.620872 	79.649231 	83.737686 	76.576759 	73.000000 	37.576588 	40.816662 	43.266617 	75.690155 	77.103828 	41.880783 	43.011627 	40.607880 	109.603828 	108.894447 	108.208130 	123.044708 	116.777565 	121.696342 	124.482933 	24.207438 	19.235384 	123.434196 	9.433981 	26.925823 	24.351591 	999.000000 	89.894379 	12.041595 	95.713112 	94.810333 	68.308128 	94.371605 	92.612091 	99.282425 	
19.235384 	100.722389 	97.948967 	96.176918 	95.257545 	83.234612 	96.254868 	80.212219 	79.404030 	75.000000 	74.813103 	80.498444 	79.158073 	78.000000 	72.449982 	37.536648 	37.735924 	36.619667 	34.713108 	34.481880 	34.928497 	64.381676 	59.304298 	56.222771 	31.304953 	30.886890 	57.314919 	55.326305 	55.731499 	37.121422 	36.124783 	34.058773 	45.705578 	38.470768 	42.953465 	46.097721 	66.309875 	70.661163 	41.436699 	95.078911 	63.134777 	65.863495 	89.894379 	999.000000 	79.924965 	5.830952 	5.099020 	25.000000 	5.000000 	4.472136 	9.486833 	
66.528191 	93.171883 	89.050545 	88.645363 	86.683334 	90.000000 	83.432610 	89.050545 	89.089844 	87.367043 	88.459030 	78.102493 	77.058418 	72.111023 	67.000000 	78.032043 	71.693794 	73.573090 	77.388626 	70.178345 	66.573265 	35.227829 	37.107952 	38.897301 	68.818604 	70.213959 	37.643059 	38.275318 	35.468296 	102.303467 	101.533249 	100.657837 	115.520561 	108.977058 	113.951744 	116.846054 	17.464249 	11.180340 	115.260574 	20.880613 	17.029387 	14.212670 	12.041595 	79.924965 	999.000000 	85.755463 	84.723076 	57.384666 	84.219948 	82.365044 	89.185204 	
24.000000 	103.754517 	101.133575 	99.317673 	98.488579 	85.755463 	99.724625 	82.680107 	81.835197 	77.388626 	77.103828 	83.773506 	82.462112 	81.596565 	76.243034 	39.661064 	40.718548 	39.357338 	36.891735 	37.696156 	38.600517 	69.720871 	64.629715 	61.522354 	34.785053 	34.176014 	62.649822 	60.671246 	61.188232 	34.928497 	33.955853 	31.780497 	42.107006 	35.014282 	39.204590 	42.296574 	72.090218 	76.478752 	37.107952 	100.846420 	68.963760 	71.693794 	95.713112 	5.830952 	85.755463 	999.000000 	2.000000 	30.479502 	3.000000 	5.099020 	4.000000 	
24.083189 	104.656578 	101.980392 	100.179840 	99.317673 	86.821655 	100.463921 	83.761566 	82.927681 	78.492035 	78.236816 	84.581322 	83.258636 	82.280006 	76.843994 	40.804413 	41.593269 	40.311287 	38.013157 	38.483765 	39.217342 	69.462219 	64.381676 	61.294373 	35.468296 	34.928497 	62.393909 	60.406952 	60.827625 	36.878178 	35.902645 	33.734257 	44.102154 	37.013512 	41.194660 	44.283180 	71.309189 	75.584389 	39.051247 	100.089958 	68.000000 	70.710678 	94.810333 	5.099020 	84.723076 	2.000000 	999.000000 	29.000000 	1.000000 	3.162278 	4.472136 	
23.345236 	100.448990 	97.000000 	95.524864 	94.175369 	86.214851 	93.861603 	83.600243 	83.006027 	79.056938 	79.322128 	79.906197 	78.492035 	75.822159 	69.526970 	46.840153 	43.462627 	43.657761 	44.384682 	39.924931 	38.013157 	50.695168 	46.173584 	43.657761 	36.400551 	37.000000 	44.271889 	42.379242 	41.484936 	58.249462 	57.271286 	55.542778 	68.949257 	61.684681 	66.483078 	69.641945 	46.389652 	49.477268 	65.741920 	74.732857 	41.484936 	43.965897 	68.308128 	25.000000 	57.384666 	30.479502 	29.000000 	999.000000 	28.284271 	26.172504 	33.241539 	
24.186773 	105.118980 	102.415817 	100.623062 	99.744675 	87.367043 	100.846420 	84.314888 	83.486526 	79.056938 	78.816238 	85.000000 	83.671982 	82.637764 	77.162170 	41.400482 	42.059483 	40.816662 	38.600517 	38.910152 	39.560081 	69.354164 	64.280632 	61.204575 	35.846897 	35.341194 	62.289646 	60.299255 	60.671246 	37.854988 	36.878178 	34.713108 	45.099888 	38.013157 	42.190044 	45.276924 	70.936592 	75.153175 	40.024994 	99.724625 	67.535179 	70.235321 	94.371605 	5.000000 	84.219948 	3.000000 	1.000000 	28.284271 	999.000000 	2.236068 	5.000000 	
23.537205 	105.190300 	102.420700 	100.647903 	99.729637 	87.658424 	100.722389 	84.628601 	83.815269 	79.404030 	79.202271 	84.970581 	83.630135 	82.462112 	76.896034 	41.868843 	42.190044 	41.048752 	39.051247 	38.948685 	39.395432 	68.183578 	63.126858 	60.074955 	35.777088 	35.355339 	61.131008 	59.135437 	59.413803 	39.623226 	38.639359 	36.496574 	47.169907 	40.049969 	44.283180 	47.381432 	69.289246 	73.409805 	42.201897 	98.081596 	65.741920 	68.425140 	92.612091 	4.472136 	82.365044 	5.099020 	3.162278 	26.172504 	2.236068 	999.000000 	7.071068 	
28.000000 	107.354553 	104.785492 	102.956299 	102.156746 	89.185204 	103.464973 	86.092972 	85.234970 	80.777473 	80.454956 	87.464279 	86.162636 	85.381500 	80.081207 	43.046486 	44.384682 	42.953465 	40.311287 	41.436699 	42.449970 	73.681747 	68.593002 	65.490456 	38.600517 	37.947330 	66.610809 	64.629715 	65.115280 	36.055511 	35.114101 	32.893768 	42.011902 	35.128338 	39.000000 	42.011902 	75.769386 	80.056229 	36.345562 	104.546638 	72.470680 	75.179787 	99.282425 	9.486833 	89.185204 	4.000000 	4.472136 	33.241539 	5.000000 	7.071068 	999.000000 	

Travel time:
0.000000 	2.073192 	1.998124 	1.955761 	1.929378 	1.663205 	1.945668 	1.591383 	1.573412 	1.467353 	1.468205 	1.560849 	1.526434 	1.487027 	1.342805 	0.594243 	0.535023 	0.527376 	0.529741 	0.445112 	0.425735 	1.152443 	1.025000 	0.946375 	0.355317 	0.360555 	0.976281 	0.927699 	0.948683 	0.939415 	0.916856 	0.883883 	1.248249 	1.075291 	1.200260 	1.275980 	1.275980 	1.405569 	1.220912 	1.981477 	1.237942 	1.308625 	1.880326 	0.480885 	1.663205 	0.600000 	0.602080 	0.583631 	0.604669 	0.588430 	0.700000 	
0.000000 	9.000000 	0.103078 	0.125000 	0.167705 	0.500625 	0.250000 	0.577170 	0.602080 	0.707107 	0.728869 	0.515388 	0.550568 	0.620987 	0.781025 	1.615549 	1.576586 	1.610124 	1.680773 	1.656049 	1.650947 	1.523155 	1.554429 	1.569236 	1.736555 	1.745888 	1.578369 	1.603512 	1.668270 	2.146072 	2.149709 	2.182458 	2.402082 	2.366036 	2.431306 	2.452040 	1.992800 	2.119257 	2.562226 	2.125000 	2.163475 	2.191603 	2.258872 	2.518060 	2.329297 	2.593863 	2.616415 	2.511225 	2.627975 	2.629757 	2.683864 	
0.000000 	0.103078 	9.000000 	0.050000 	0.070711 	0.480885 	0.152069 	0.552268 	0.577170 	0.675000 	0.700446 	0.437321 	0.471699 	0.530330 	0.689656 	1.557442 	1.510381 	1.546165 	1.621149 	1.587648 	1.578369 	1.421487 	1.454519 	1.470757 	1.666208 	1.677051 	1.479231 	1.505199 	1.569236 	2.109502 	2.112019 	2.142720 	2.375000 	2.331577 	2.401172 	2.425000 	1.890271 	2.016340 	2.529452 	2.025154 	2.061553 	2.089258 	2.157110 	2.448724 	2.226264 	2.528339 	2.549510 	2.425000 	2.560395 	2.560518 	2.619637 	
0.000000 	0.125000 	0.050000 	9.000000 	0.050000 	0.431567 	0.167705 	0.502494 	0.527376 	0.625000 	0.650481 	0.395285 	0.430116 	0.496236 	0.656220 	1.510174 	1.465008 	1.500208 	1.574206 	1.542928 	1.535008 	1.402007 	1.431127 	1.445035 	1.622113 	1.632483 	1.454519 	1.479231 	1.544345 	2.059733 	2.062311 	2.093144 	2.325000 	2.281721 	2.351197 	2.375000 	1.873666 	2.002030 	2.479541 	2.026388 	2.042670 	2.071835 	2.153631 	2.404423 	2.216134 	2.482942 	2.504496 	2.388122 	2.515577 	2.516198 	2.573907 	
0.000000 	0.167705 	0.070711 	0.050000 	9.000000 	0.443001 	0.125000 	0.509902 	0.534439 	0.626997 	0.654313 	0.369121 	0.403113 	0.459619 	0.618971 	1.494365 	1.444386 	1.480920 	1.557442 	1.520896 	1.510381 	1.355775 	1.386768 	1.402007 	1.598828 	1.610124 	1.410895 	1.436358 	1.500833 	2.055480 	2.057456 	2.087163 	2.325537 	2.278431 	2.350133 	2.375526 	1.826369 	1.954002 	2.477019 	1.976424 	1.996247 	2.024846 	2.103717 	2.381439 	2.167083 	2.462214 	2.482942 	2.354384 	2.493617 	2.493241 	2.553919 	
0.000000 	0.500625 	0.480885 	0.431567 	0.443001 	9.000000 	0.548293 	0.079057 	0.103078 	0.213600 	0.230489 	0.316228 	0.333542 	0.460977 	0.575000 	1.153527 	1.140175 	1.165386 	1.221935 	1.226020 	1.237942 	1.378632 	1.368622 	1.358538 	1.312441 	1.315770 	1.377725 	1.388569 	1.461592 	1.648105 	1.652460 	1.686713 	1.901480 	1.866815 	1.930835 	1.951442 	1.858259 	2.003902 	2.062311 	2.158703 	2.001562 	2.043587 	2.245134 	2.080865 	2.250000 	2.143887 	2.170541 	2.155371 	2.184176 	2.191461 	2.229630 	
0.000000 	0.250000 	0.152069 	0.167705 	0.125000 	0.548293 	9.000000 	0.608790 	0.632456 	0.715891 	0.745822 	0.406971 	0.436606 	0.458939 	0.610328 	1.540292 	1.478386 	1.518223 	1.600781 	1.550806 	1.533175 	1.297112 	1.338376 	1.360147 	1.625000 	1.638788 	1.366108 	1.395081 	1.456237 	2.125588 	2.126323 	2.153631 	2.404683 	2.350133 	2.426159 	2.454587 	1.759616 	1.881821 	2.550000 	1.875000 	1.934716 	1.959751 	2.009975 	2.406372 	2.085815 	2.493116 	2.511598 	2.346540 	2.521161 	2.518060 	2.586624 	
0.000000 	0.577170 	0.552268 	0.502494 	0.509902 	0.079057 	0.608790 	9.000000 	0.025000 	0.134629 	0.152069 	0.325960 	0.335410 	0.459619 	0.555090 	1.076162 	1.065950 	1.090011 	1.144825 	1.152443 	1.166726 	1.350231 	1.333464 	1.319327 	1.239455 	1.241974 	1.340009 	1.348379 	1.422146 	1.570032 	1.574206 	1.608182 	1.825685 	1.789204 	1.854218 	1.875667 	1.827738 	1.975633 	1.985101 	2.153195 	1.965960 	2.009975 	2.231731 	2.005306 	2.226264 	2.067003 	2.094039 	2.090006 	2.107872 	2.115715 	2.152324 	
0.000000 	0.602080 	0.577170 	0.527376 	0.534439 	0.103078 	0.632456 	0.025000 	9.000000 	0.111803 	0.127475 	0.340037 	0.347311 	0.469707 	0.559017 	1.054751 	1.046721 	1.070047 	1.123610 	1.133578 	1.149184 	1.350000 	1.330883 	1.315295 	1.220912 	1.222957 	1.336507 	1.343968 	1.417965 	1.545356 	1.549597 	1.583706 	1.800694 	1.764405 	1.829276 	1.850676 	1.826540 	1.975158 	1.960230 	2.160006 	1.962938 	2.007642 	2.236068 	1.985101 	2.227246 	2.045880 	2.073192 	2.075151 	2.087163 	2.095382 	2.130874 	
0.000000 	0.707107 	0.675000 	0.625000 	0.626997 	0.213600 	0.715891 	0.134629 	0.111803 	9.000000 	0.035355 	0.375000 	0.371652 	0.480234 	0.538516 	0.943398 	0.938416 	0.960469 	1.012423 	1.025914 	1.044330 	1.303840 	1.275245 	1.253994 	1.113833 	1.114955 	1.277204 	1.281113 	1.355775 	1.438967 	1.442654 	1.475847 	1.700000 	1.659254 	1.726630 	1.750000 	1.775176 	1.926461 	1.856071 	2.142574 	1.904107 	1.951442 	2.207374 	1.875000 	2.184176 	1.934716 	1.962301 	1.976424 	1.976424 	1.985101 	2.019437 	
0.000000 	0.728869 	0.700446 	0.650481 	0.654313 	0.230489 	0.745822 	0.152069 	0.127475 	0.035355 	9.000000 	0.410031 	0.406971 	0.515388 	0.571183 	0.936082 	0.937083 	0.957209 	1.005609 	1.025305 	1.046721 	1.330883 	1.300000 	1.277204 	1.113833 	1.113833 	1.300961 	1.303840 	1.378632 	1.417965 	1.422146 	1.456237 	1.675187 	1.637261 	1.702939 	1.725181 	1.800694 	1.952562 	1.833371 	2.174425 	1.927596 	1.975633 	2.237465 	1.870328 	2.211476 	1.927596 	1.955920 	1.983053 	1.970406 	1.980057 	2.011374 	
0.000000 	0.515388 	0.437321 	0.395285 	0.369121 	0.316228 	0.406971 	0.325960 	0.340037 	0.375000 	0.410031 	9.000000 	0.035355 	0.150000 	0.292617 	1.133854 	1.077033 	1.114955 	1.195042 	1.152443 	1.141271 	1.093446 	1.099147 	1.100284 	1.229837 	1.241471 	1.114955 	1.132751 	1.202601 	1.725181 	1.725000 	1.750714 	2.012617 	1.950641 	2.030548 	2.062311 	1.574206 	1.714825 	2.151308 	1.843909 	1.728077 	1.765290 	1.935362 	2.012461 	1.952562 	2.094338 	2.114533 	1.997655 	2.125000 	2.124264 	2.186607 	
0.000000 	0.550568 	0.471699 	0.430116 	0.403113 	0.333542 	0.436606 	0.335410 	0.347311 	0.371652 	0.406971 	0.035355 	9.000000 	0.127475 	0.261008 	1.103687 	1.044629 	1.083109 	1.164313 	1.119431 	1.107362 	1.064483 	1.068001 	1.068001 	1.196349 	1.208305 	1.083109 	1.100284 	1.170470 	1.700735 	1.700184 	1.725181 	1.990760 	1.926461 	2.007642 	2.040374 	1.545356 	1.686898 	2.127352 	1.825171 	1.697793 	1.735655 	1.913276 	1.978952 	1.926461 	2.061553 	2.081466 	1.962301 	2.091799 	2.090753 	2.154066 	
0.000000 	0.620987 	0.530330 	0.496236 	0.459619 	0.460977 	0.458939 	0.459619 	0.469707 	0.480234 	0.515388 	0.150000 	0.127475 	9.000000 	0.160078 	1.107080 	1.030776 	1.073837 	1.163239 	1.099147 	1.077033 	0.946375 	0.956883 	0.962094 	1.170470 	1.185854 	0.975000 	0.995301 	1.063602 	1.733854 	1.731509 	1.752855 	2.034853 	1.960230 	2.047101 	2.084017 	1.426753 	1.566246 	2.161741 	1.697793 	1.583114 	1.619027 	1.786232 	1.950000 	1.802776 	2.039914 	2.057000 	1.895554 	2.065944 	2.061553 	2.134537 	
0.000000 	0.781025 	0.689656 	0.656220 	0.618971 	0.575000 	0.610328 	0.555090 	0.559017 	0.538516 	0.571183 	0.292617 	0.261008 	0.160078 	9.000000 	1.000000 	0.908639 	0.955249 	1.051190 	0.970824 	0.941076 	0.806226 	0.807001 	0.807775 	1.037123 	1.055047 	0.822344 	0.840387 	0.910014 	1.652460 	1.648105 	1.665270 	1.964688 	1.878330 	1.971357 	2.013082 	1.286954 	1.430472 	2.079664 	1.604875 	1.437228 	1.475847 	1.677051 	1.811249 	1.675000 	1.906076 	1.921100 	1.738174 	1.929054 	1.922401 	2.002030 	
0.000000 	1.615549 	1.557442 	1.510174 	1.494365 	1.153527 	1.540292 	1.076162 	1.054751 	0.943398 	0.936082 	1.133854 	1.103687 	1.107080 	1.000000 	9.000000 	0.160078 	0.111803 	0.070711 	0.206155 	0.292617 	1.204159 	1.096016 	1.025914 	0.275000 	0.251247 	1.061249 	1.027740 	1.085415 	0.693271 	0.682825 	0.687841 	1.029563 	0.910014 	1.017964 	1.073546 	1.518634 	1.672199 	1.106797 	2.139071 	1.554228 	1.621149 	2.100595 	0.938416 	1.950801 	0.991527 	1.020110 	1.171004 	1.035012 	1.046721 	1.076162 	
0.000000 	1.576586 	1.510381 	1.465008 	1.444386 	1.140175 	1.478386 	1.065950 	1.046721 	0.938416 	0.937083 	1.077033 	1.044629 	1.030776 	0.908639 	0.160078 	9.000000 	0.055902 	0.167705 	0.090139 	0.150000 	1.046721 	0.937083 	0.866386 	0.180278 	0.176777 	0.901734 	0.867828 	0.925338 	0.840387 	0.828025 	0.827647 	1.179248 	1.051190 	1.163239 	1.221935 	1.359458 	1.513481 	1.244237 	1.979899 	1.398660 	1.465008 	1.940522 	0.943398 	1.792345 	1.017964 	1.039832 	1.086566 	1.051487 	1.054751 	1.109617 	
0.000000 	1.610124 	1.546165 	1.500208 	1.480920 	1.165386 	1.518223 	1.090011 	1.070047 	0.960469 	0.957209 	1.114955 	1.083109 	1.073837 	0.955249 	0.111803 	0.055902 	9.000000 	0.111803 	0.100000 	0.182003 	1.101136 	0.990581 	0.919239 	0.182003 	0.167705 	0.954594 	0.919918 	0.976281 	0.784618 	0.772172 	0.771767 	1.123610 	0.995301 	1.107362 	1.166190 	1.407569 	1.560849 	1.188486 	2.033009 	1.442437 	1.509346 	1.991231 	0.915492 	1.839327 	0.983933 	1.007782 	1.091444 	1.020416 	1.026219 	1.073837 	
0.000000 	1.680773 	1.621149 	1.574206 	1.557442 	1.221935 	1.600781 	1.144825 	1.123610 	1.012423 	1.005609 	1.195042 	1.164313 	1.163239 	1.051190 	0.070711 	0.167705 	0.111803 	9.000000 	0.180278 	0.270416 	1.210372 	1.098294 	1.025914 	0.230489 	0.201556 	1.061249 	1.025305 	1.079641 	0.673146 	0.660492 	0.660019 	1.012423 	0.883530 	0.995615 	1.054751 	1.505407 	1.657181 	1.077033 	2.139655 	1.532359 	1.600195 	2.093442 	0.867828 	1.934716 	0.922293 	0.950329 	1.109617 	0.965013 	0.976281 	1.007782 	
0.000000 	1.656049 	1.587648 	1.542928 	1.520896 	1.226020 	1.550806 	1.152443 	1.133578 	1.025914 	1.025305 	1.152443 	1.119431 	1.099147 	0.970824 	0.206155 	0.090139 	0.100000 	0.180278 	9.000000 	0.090139 	1.040433 	0.925338 	0.851469 	0.090139 	0.090139 	0.886707 	0.849264 	0.901734 	0.840015 	0.825379 	0.818917 	1.180042 	1.041933 	1.158123 	1.220656 	1.325236 	1.476906 	1.229837 	1.964211 	1.353006 	1.420607 	1.914419 	0.862047 	1.754459 	0.942404 	0.962094 	0.998123 	0.972754 	0.973717 	1.035918 	
0.000000 	1.650947 	1.578369 	1.535008 	1.510381 	1.237942 	1.533175 	1.166726 	1.149184 	1.044330 	1.046721 	1.141271 	1.107362 	1.077033 	0.941076 	0.292617 	0.150000 	0.182003 	0.270416 	0.090139 	9.000000 	0.956883 	0.840015 	0.765261 	0.100000 	0.127475 	0.800391 	0.761988 	0.813173 	0.925338 	0.910014 	0.901388 	1.265158 	1.123610 	1.241219 	1.305038 	1.235162 	1.386768 	1.308864 	1.876832 	1.263428 	1.330883 	1.825000 	0.873212 	1.664332 	0.965013 	0.980434 	0.950329 	0.989002 	0.984886 	1.061249 	
0.000000 	1.523155 	1.421487 	1.402007 	1.355775 	1.378632 	1.297112 	1.350231 	1.350000 	1.303840 	1.330883 	1.093446 	1.064483 	0.946375 	0.806226 	1.204159 	1.046721 	1.101136 	1.210372 	1.040433 	0.956883 	9.000000 	0.127475 	0.206155 	1.041933 	1.076162 	0.176777 	0.226385 	0.230489 	1.880326 	1.865811 	1.858259 	2.220360 	2.080415 	2.198010 	2.261084 	0.480885 	0.625500 	2.263846 	0.941076 	0.640800 	0.673146 	0.939415 	1.609542 	0.880696 	1.743022 	1.736555 	1.267379 	1.733854 	1.704589 	1.842044 	
