Total assets = 570
Number of asset nodes = 34

Distance:
999.000000 	82.280006 	90.249657 	89.888817 	86.034874 	76.157730 	13.416408 	118.983192 	123.709335 	7.211102 	9.433981 	123.422043 	121.490738 	83.671982 	122.331520 	30.364452 	3.000000 	32.015621 	97.739449 	95.189285 	33.136082 	93.605553 	95.817535 	98.030609 	98.979797 	92.444580 	102.142059 	95.880135 	96.566040 	98.762344 	111.825760 	114.236595 	110.421921 	111.400177 	113.780487 	118.600166 	114.542572 	115.732452 	120.540451 	118.663391 	119.641129 	99.181648 	106.117859 	109.224541 	108.166542 	105.042847 	112.160599 	111.040535 	109.004585 	110.004547 	109.018349 	
82.280006 	999.000000 	8.062258 	7.615773 	4.000000 	14.212670 	84.723076 	43.046486 	48.020828 	76.537575 	88.323273 	46.872166 	44.654228 	6.082763 	45.221676 	52.000000 	81.271149 	53.000000 	15.524175 	13.152946 	54.405884 	12.000000 	14.035668 	16.124516 	17.117243 	12.649111 	20.223749 	15.132746 	16.278820 	18.110771 	31.000000 	34.058773 	31.575306 	32.557640 	34.234486 	38.000000 	35.355339 	36.221542 	40.000000 	39.204590 	40.199501 	31.827662 	37.643059 	38.832977 	38.600517 	38.209946 	41.880783 	42.801868 	42.520584 	43.278172 	44.553337 	
90.249657 	8.062258 	999.000000 	1.000000 	5.000000 	18.681541 	92.417534 	36.249138 	41.146080 	84.433403 	96.166519 	39.824615 	37.589893 	8.246211 	38.078865 	60.008331 	89.196411 	61.057350 	8.000000 	6.324555 	62.425957 	6.403124 	7.615773 	9.219544 	10.198039 	9.433981 	13.038404 	10.000000 	11.401754 	12.529964 	24.331051 	27.658634 	26.000000 	26.925823 	28.160255 	31.257000 	29.410883 	30.083218 	33.241539 	32.984844 	33.955853 	30.886890 	35.608986 	36.069378 	36.124783 	36.619667 	38.897301 	40.360870 	40.607880 	41.231056 	43.011627 	
89.888817 	7.615773 	1.000000 	999.000000 	4.242640 	18.973665 	92.195442 	37.161808 	42.047592 	84.118965 	95.880135 	40.706264 	38.470768 	8.544003 	38.948685 	59.615433 	88.865067 	60.539242 	8.062258 	6.082763 	61.854668 	5.830952 	7.280110 	9.055386 	10.049875 	8.602325 	13.000000 	9.433981 	10.816654 	12.083046 	24.186773 	27.459061 	25.632011 	26.570660 	27.892651 	31.144823 	29.120440 	29.832869 	33.136082 	32.756680 	33.734257 	30.016663 	34.828148 	35.355339 	35.383614 	35.805027 	38.209946 	39.623226 	39.824615 	40.459858 	42.201897 	
86.034874 	4.000000 	5.000000 	4.242640 	999.000000 	17.492855 	88.645363 	41.146080 	46.065170 	80.361679 	92.179176 	44.777225 	42.544094 	7.810250 	43.046486 	55.713554 	85.070557 	56.435802 	11.704700 	9.219544 	57.688820 	8.000000 	10.049875 	12.165525 	13.152946 	8.944272 	16.278820 	11.180340 	12.369317 	14.142136 	27.000000 	30.066593 	27.658634 	28.635643 	30.265491 	34.000000 	31.400637 	32.249031 	36.000000 	35.227829 	36.221542 	29.206163 	34.655445 	35.608986 	35.468296 	35.383614 	38.600517 	39.698868 	39.597980 	40.311287 	41.773197 	
76.157730 	14.212670 	18.681541 	18.973665 	17.492855 	999.000000 	76.550636 	43.278172 	48.166378 	69.771057 	81.024689 	47.634022 	45.607018 	10.440307 	46.400433 	47.010635 	74.706093 	50.249378 	26.476404 	25.000000 	52.630791 	24.698177 	26.248810 	27.892651 	28.861740 	26.419689 	31.575306 	28.231188 	29.546574 	31.016125 	42.953465 	46.324940 	44.598206 	45.541191 	46.840153 	49.819675 	48.083260 	48.764740 	51.788029 	51.662365 	52.630791 	45.967381 	51.855568 	53.009434 	52.801514 	52.402290 	56.035702 	57.008770 	56.727417 	57.489128 	58.728188 	
13.416408 	84.723076 	92.417534 	92.195442 	88.645363 	76.550636 	999.000000 	118.072014 	122.588745 	11.661903 	7.280110 	122.543869 	120.747673 	85.164543 	121.642921 	35.128338 	10.816654 	39.560081 	100.224747 	97.862144 	41.785164 	96.509064 	98.655968 	100.806747 	101.788994 	95.885345 	104.923782 	99.141312 	99.985001 	102.107788 	115.260574 	117.957619 	114.529472 	115.524887 	117.720009 	122.188377 	118.608597 	119.707977 	124.169243 	122.690666 	123.685081 	105.171288 	112.218536 	115.108643 	114.157784 	111.364265 	118.152443 	117.345642 	115.524887 	116.520386 	115.849037 	
118.983192 	43.046486 	36.249138 	37.161808 	41.146080 	43.278172 	118.072014 	999.000000 	5.000000 	112.361023 	123.166557 	4.472136 	3.000000 	38.600517 	4.000000 	90.271812 	117.345642 	93.348808 	33.734257 	36.138622 	95.482986 	38.327538 	36.878178 	35.510563 	35.355339 	42.201897 	34.058773 	39.623226 	40.447498 	39.204590 	38.078865 	40.804413 	43.931767 	44.147480 	42.720020 	40.311287 	43.965897 	43.324360 	41.146080 	44.384682 	44.777225 	60.000000 	61.400326 	59.841457 	60.671246 	63.285069 	61.392181 	64.132675 	65.764732 	65.924202 	68.731361 	
123.709335 	48.020828 	41.146080 	42.047592 	46.065170 	48.166378 	122.588745 	5.000000 	999.000000 	117.046997 	127.769325 	2.236068 	4.000000 	43.600460 	4.123106 	95.131485 	122.036880 	98.290382 	38.327538 	40.804413 	100.448990 	43.011627 	41.484936 	40.024994 	39.812057 	46.840153 	38.327538 	44.147480 	44.911022 	43.566040 	41.436699 	43.931767 	47.381432 	47.518417 	45.891174 	43.011627 	47.074409 	46.324940 	43.657761 	47.127487 	47.434166 	64.070274 	65.122963 	63.387695 	64.280632 	67.067131 	64.776543 	67.601776 	69.354164 	69.462219 	72.339478 	
7.211102 	76.537575 	84.433403 	84.118965 	80.361679 	69.771057 	11.661903 	112.361023 	117.046997 	999.000000 	12.041595 	116.811813 	114.908661 	77.620872 	115.762688 	25.179358 	5.000000 	28.442924 	92.048897 	89.560036 	30.364452 	88.056801 	90.249657 	92.444580 	93.407707 	87.097649 	96.566040 	90.470993 	91.219513 	93.391647 	106.512909 	109.041275 	105.380264 	106.367287 	108.673820 	113.357841 	109.489723 	110.643570 	115.316956 	113.600174 	114.586212 	95.000000 	102.004898 	105.004761 	104.000000 	101.044548 	108.000000 	107.042046 	105.118980 	106.117859 	105.304321 	
9.433981 	88.323273 	96.166519 	95.880135 	92.179176 	81.024689 	7.280110 	123.166557 	127.769325 	12.041595 	999.000000 	127.632286 	125.781555 	89.196411 	126.657021 	37.215588 	8.246211 	40.199501 	103.846039 	101.390335 	41.773197 	99.924973 	102.107788 	104.292854 	105.261581 	99.040398 	108.415863 	102.391403 	103.160072 	105.323311 	118.456741 	121.016525 	117.388245 	118.376518 	120.668968 	125.319588 	121.494858 	122.641754 	127.283150 	125.602547 	126.589890 	107.004669 	114.000000 	117.017090 	116.004311 	113.017700 	120.004166 	119.016808 	117.068359 	118.067780 	117.209213 	
123.422043 	46.872166 	39.824615 	40.706264 	44.777225 	47.634022 	122.543869 	4.472136 	2.236068 	116.811813 	127.632286 	999.000000 	2.236068 	42.638012 	2.000000 	94.641426 	121.794907 	97.621719 	36.687874 	39.217342 	99.704567 	41.436699 	39.849716 	38.327538 	38.078865 	45.221676 	36.496574 	42.449970 	43.174065 	41.773197 	39.319206 	41.773197 	45.276924 	45.398239 	43.737854 	40.804413 	44.911022 	44.147480 	41.436699 	44.922153 	45.221676 	62.128899 	63.071388 	61.294373 	62.201286 	65.030762 	62.649822 	65.490456 	67.268120 	67.364677 	70.256676 	
121.490738 	44.654228 	37.589893 	38.470768 	42.544094 	45.607018 	120.747673 	3.000000 	4.000000 	114.908661 	125.781555 	2.236068 	999.000000 	40.459858 	1.000000 	92.617493 	119.887444 	95.524864 	34.481880 	37.000000 	97.580734 	39.217342 	37.643059 	36.138622 	35.902645 	43.011627 	34.365681 	40.261642 	41.000000 	39.623226 	37.483330 	40.024994 	43.416588 	43.566040 	41.976185 	39.217342 	43.174065 	42.449970 	39.924931 	43.324360 	43.657761 	60.074955 	61.131008 	59.413803 	60.299255 	63.071388 	60.827625 	63.639610 	65.375839 	65.490456 	68.359344 	
83.671982 	6.082763 	8.246211 	8.544003 	7.810250 	10.440307 	85.164543 	38.600517 	43.600460 	77.620872 	89.196411 	42.638012 	40.459858 	999.000000 	41.109608 	53.712196 	82.462112 	55.605755 	16.124516 	14.560220 	57.384666 	14.317822 	15.811388 	17.464249 	18.439089 	16.401220 	21.213203 	17.888544 	19.235384 	20.615528 	32.557640 	35.902645 	34.176014 	35.114101 	36.400551 	39.458839 	37.643059 	38.327538 	41.436699 	41.231056 	42.201897 	37.013512 	42.426407 	43.278172 	43.185646 	43.185646 	46.227695 	47.423622 	47.381432 	48.083260 	49.578220 	
122.331520 	45.221676 	38.078865 	38.948685 	43.046486 	46.400433 	121.642921 	4.000000 	4.123106 	115.762688 	126.657021 	2.000000 	1.000000 	41.109608 	999.000000 	93.407707 	120.739388 	96.260063 	34.785053 	37.336308 	98.290382 	39.560081 	37.947330 	36.400551 	36.138622 	43.324360 	34.525352 	40.521599 	41.231056 	39.812057 	37.336308 	39.812057 	43.289722 	43.416588 	41.773197 	38.897301 	42.953465 	42.201897 	39.560081 	43.011627 	43.324360 	60.133186 	61.073727 	59.304298 	60.207973 	63.031738 	60.671246 	63.505905 	65.276337 	65.375839 	68.264191 	
30.364452 	52.000000 	60.008331 	59.615433 	55.713554 	47.010635 	35.128338 	90.271812 	95.131485 	25.179358 	37.215588 	94.641426 	92.617493 	53.712196 	93.407707 	999.000000 	29.614185 	8.544003 	67.416618 	64.845970 	12.649111 	63.245552 	65.459915 	67.675697 	68.622154 	62.096699 	71.784401 	65.520988 	66.219330 	68.410522 	81.492332 	83.952370 	80.230919 	81.215759 	83.546394 	88.294960 	84.344528 	85.510231 	90.244110 	88.459030 	89.442719 	70.064255 	77.103828 	80.024994 	79.056938 	76.236473 	83.054199 	82.219215 	80.399002 	81.394104 	80.752708 	
3.000000 	81.271149 	89.196411 	88.865067 	85.070557 	74.706093 	10.816654 	117.345642 	122.036880 	5.000000 	8.246211 	121.794907 	119.887444 	82.462112 	120.739388 	29.614185 	999.000000 	32.062439 	96.767761 	94.254974 	33.541019 	92.720009 	94.921021 	97.123634 	98.081596 	91.678787 	101.242287 	95.078911 	95.801880 	97.984695 	111.085556 	113.564957 	109.836243 	110.819672 	113.159180 	117.902504 	113.951744 	115.121674 	119.854080 	118.067780 	119.050407 	99.045441 	106.018867 	109.073372 	108.041656 	105.000000 	112.040169 	111.000000 	109.018349 	110.018181 	109.114616 	
32.015621 	53.000000 	61.057350 	60.539242 	56.435802 	50.249378 	39.560081 	93.348808 	98.290382 	28.442924 	40.199501 	97.621719 	95.524864 	55.605755 	96.260063 	8.544003 	32.062439 	999.000000 	68.000000 	65.299309 	4.123106 	63.505905 	65.741920 	67.977936 	68.876701 	61.846584 	72.013885 	65.391129 	65.924202 	68.154236 	80.993828 	83.168503 	79.120163 	80.081207 	82.565125 	87.595665 	83.240616 	84.480766 	89.493019 	87.361320 	88.323273 	67.186310 	74.108032 	77.233414 	76.164299 	73.027390 	80.156097 	79.025314 	77.000000 	78.000000 	77.058418 	
97.739449 	15.524175 	8.000000 	8.062258 	11.704700 	26.476404 	100.224747 	33.734257 	38.327538 	92.048897 	103.846039 	36.687874 	34.481880 	16.124516 	34.785053 	67.416618 	96.767761 	68.000000 	999.000000 	2.828427 	69.115845 	5.000000 	3.162278 	2.236068 	2.828427 	8.544003 	5.099020 	6.000000 	7.071068 	6.708204 	16.492422 	19.924858 	18.867962 	19.723083 	20.615528 	23.345236 	21.931713 	22.472204 	25.317978 	25.298222 	26.248810 	27.892651 	31.304953 	31.064449 	31.384710 	32.695564 	33.600594 	35.510563 	36.235340 	36.715118 	38.910152 	
95.189285 	13.152946 	6.324555 	6.082763 	9.219544 	25.000000 	97.862144 	36.138622 	40.804413 	89.560036 	101.390335 	39.217342 	37.000000 	14.560220 	37.336308 	64.845970 	94.254974 	65.299309 	2.828427 	999.000000 	66.370171 	2.236068 	1.414214 	3.000000 	4.000000 	6.082763 	7.071068 	4.472136 	5.830952 	6.403124 	18.110771 	21.377558 	19.697716 	20.615528 	21.840330 	25.079872 	23.086792 	23.769728 	27.073973 	26.683329 	27.658634 	26.570660 	30.528675 	30.610456 	30.805843 	31.764761 	33.301651 	35.000000 	35.510563 	36.055511 	38.078865 	
33.136082 	54.405884 	62.425957 	61.854668 	57.688820 	52.630791 	41.785164 	95.482986 	100.448990 	30.364452 	41.773197 	99.704567 	97.580734 	57.384666 	98.290382 	12.649111 	33.541019 	4.123106 	69.115845 	66.370171 	999.000000 	64.498062 	66.730804 	68.963760 	69.835518 	62.609905 	72.945183 	66.189125 	66.640831 	68.876701 	81.541397 	83.570328 	79.378838 	80.324341 	82.873398 	88.022728 	83.486526 	84.758484 	89.888817 	87.595665 	88.543777 	66.610809 	73.437050 	76.655075 	75.538071 	72.249565 	79.511009 	78.230431 	76.105194 	77.103828 	76.006577 	
93.605553 	12.000000 	6.403124 	5.830952 	8.000000 	24.698177 	96.509064 	38.327538 	43.011627 	88.056801 	99.924973 	41.436699 	39.217342 	14.317822 	39.560081 	63.245552 	92.720009 	63.505905 	5.000000 	2.236068 	64.498062 	999.000000 	2.236068 	4.472136 	5.385165 	4.000000 	8.544003 	3.605551 	5.000000 	6.324555 	19.000000 	22.090721 	19.924858 	20.880613 	22.360680 	26.000000 	23.537205 	24.331051 	28.000000 	27.294687 	28.284271 	25.079872 	29.410883 	29.732138 	29.832869 	30.528675 	32.526913 	34.058773 	34.409302 	35.000000 	36.891735 	
95.817535 	14.035668 	7.615773 	7.280110 	10.049875 	26.248810 	98.655968 	36.878178 	41.484936 	90.249657 	102.107788 	39.849716 	37.643059 	15.811388 	37.947330 	65.459915 	94.921021 	65.741920 	3.162278 	1.414214 	66.730804 	2.236068 	999.000000 	2.236068 	3.162278 	5.385165 	6.324555 	3.162278 	4.472136 	5.000000 	17.029387 	20.223749 	18.384777 	19.313208 	20.615528 	24.020824 	21.840330 	22.561028 	26.019224 	25.495098 	26.476404 	25.298222 	29.154760 	29.206163 	29.410883 	30.413813 	31.890438 	33.600594 	34.132095 	34.669872 	36.715118 	
98.030609 	16.124516 	9.219544 	9.055386 	12.165525 	27.892651 	100.806747 	35.510563 	40.024994 	92.444580 	104.292854 	38.327538 	36.138622 	17.464249 	36.400551 	67.675697 	97.123634 	67.977936 	2.236068 	3.000000 	68.963760 	4.472136 	2.236068 	999.000000 	1.000000 	7.211102 	4.123106 	4.123106 	5.000000 	4.472136 	15.132746 	18.439089 	17.000000 	17.888544 	18.973665 	22.090721 	20.248457 	20.880613 	24.083189 	23.769728 	24.738634 	25.709921 	29.068884 	28.844410 	29.154760 	30.463093 	31.400637 	33.286633 	34.000000 	34.481880 	36.674240 	
98.979797 	17.117243 	10.198039 	10.049875 	13.152946 	28.861740 	101.788994 	35.355339 	39.812057 	93.407707 	105.261581 	38.078865 	35.902645 	18.439089 	36.138622 	68.622154 	98.081596 	68.876701 	2.828427 	4.000000 	69.835518 	5.385165 	3.162278 	1.000000 	999.000000 	7.810250 	3.162278 	4.472136 	5.099020 	4.123106 	14.142136 	17.464249 	16.124516 	17.000000 	18.027756 	21.095022 	19.313208 	19.924858 	23.086792 	22.803509 	23.769728 	25.495098 	28.635643 	28.301943 	28.653097 	30.083218 	30.805843 	32.756680 	33.541019 	34.000000 	36.249138 	
92.444580 	12.649111 	9.433981 	8.602325 	8.944272 	26.419689 	95.885345 	42.201897 	46.840153 	87.097649 	99.040398 	45.221676 	43.011627 	16.401220 	43.324360 	62.096699 	91.678787 	61.846584 	8.544003 	6.082763 	62.609905 	4.000000 	5.385165 	7.211102 	7.810250 	999.000000 	10.630146 	3.605551 	4.123106 	6.324555 	19.416489 	22.090721 	19.104973 	20.099751 	22.000000 	26.305893 	23.021729 	24.000000 	28.284271 	27.000000 	28.000000 	21.470911 	26.248810 	26.907248 	26.870058 	27.202942 	29.832869 	31.112698 	31.240999 	31.890438 	33.600594 	
102.142059 	20.223749 	13.038404 	13.000000 	16.278820 	31.575306 	104.923782 	34.058773 	38.327538 	96.566040 	108.415863 	36.496574 	34.365681 	21.213203 	34.525352 	71.784401 	101.242287 	72.013885 	5.099020 	7.071068 	72.945183 	8.544003 	6.324555 	4.123106 	3.162278 	10.630146 	999.000000 	7.071068 	7.211102 	5.385165 	11.401754 	14.866069 	14.212670 	15.000000 	15.652476 	18.248287 	17.000000 	17.464249 	20.223749 	20.248457 	21.189621 	26.076809 	28.460499 	27.730848 	28.231188 	30.083218 	30.016663 	32.202484 	33.241539 	33.615471 	36.055511 	
95.880135 	15.132746 	10.000000 	9.433981 	11.180340 	28.231188 	99.141312 	39.623226 	44.147480 	90.470993 	102.391403 	42.449970 	40.261642 	17.888544 	40.521599 	65.520988 	95.078911 	65.391129 	6.000000 	4.472136 	66.189125 	3.605551 	3.162278 	4.123106 	4.472136 	3.605551 	7.071068 	999.000000 	1.414214 	3.000000 	16.124516 	19.000000 	16.492422 	17.464249 	19.104973 	23.086792 	20.223749 	21.095022 	25.079872 	24.083189 	25.079872 	22.135944 	26.076809 	26.248810 	26.400757 	27.294687 	29.000000 	30.610456 	31.064449 	31.622776 	33.615471 	
96.566040 	16.278820 	11.401754 	10.816654 	12.369317 	29.546574 	99.985001 	40.447498 	44.911022 	91.219513 	103.160072 	43.174065 	41.000000 	19.235384 	41.231056 	66.219330 	95.801880 	65.924202 	7.071068 	5.830952 	66.640831 	5.000000 	4.472136 	5.000000 	5.099020 	4.123106 	7.211102 	1.414214 	999.000000 	2.236068 	15.297058 	18.027756 	15.297058 	16.278820 	18.027756 	22.203604 	19.104973 	20.024984 	24.186773 	23.021729 	24.020824 	20.880613 	24.698177 	24.839485 	25.000000 	25.942244 	27.586229 	29.206163 	29.681644 	30.232433 	32.249031 	
98.762344 	18.110771 	12.529964 	12.083046 	14.142136 	31.016125 	102.107788 	39.204590 	43.566040 	93.391647 	105.323311 	41.773197 	39.623226 	20.615528 	39.812057 	68.410522 	97.984695 	68.154236 	6.708204 	6.403124 	68.876701 	6.324555 	5.000000 	4.472136 	4.123106 	6.324555 	5.385165 	3.000000 	2.236068 	999.000000 	13.152946 	16.000000 	13.601471 	14.560220 	16.124516 	20.099751 	17.262676 	18.110771 	22.090721 	21.095022 	22.090721 	21.377558 	24.596748 	24.413111 	24.698177 	26.000000 	27.018513 	28.844410 	29.529646 	30.016663 	32.202484 	
111.825760 	31.000000 	24.331051 	24.186773 	27.000000 	42.953465 	115.260574 	38.078865 	41.436699 	106.512909 	118.456741 	39.319206 	37.483330 	32.557640 	37.336308 	81.492332 	111.085556 	80.993828 	16.492422 	18.110771 	81.541397 	19.000000 	17.029387 	15.132746 	14.142136 	19.416489 	11.401754 	16.124516 	15.297058 	13.152946 	999.000000 	3.605551 	6.000000 	6.082763 	5.000000 	7.000000 	6.403124 	6.403124 	9.000000 	8.944272 	9.848858 	24.698177 	24.083189 	22.022715 	23.000000 	26.172504 	23.345236 	26.172504 	28.017851 	28.071337 	31.016125 	
114.236595 	34.058773 	27.658634 	27.459061 	30.066593 	46.324940 	117.957619 	40.804413 	43.931767 	109.041275 	121.016525 	41.773197 	40.024994 	35.902645 	39.812057 	83.952370 	113.564957 	83.168503 	19.924858 	21.377558 	83.570328 	22.090721 	20.223749 	18.439089 	17.464249 	22.090721 	14.866069 	19.000000 	18.027756 	16.000000 	3.605551 	999.000000 	5.000000 	4.472136 	2.000000 	4.472136 	3.162278 	2.828427 	6.324555 	5.385165 	6.324555 	24.186773 	22.561028 	20.099751 	21.213203 	24.738634 	21.023796 	24.000000 	26.076809 	26.019224 	29.068884 	
110.421921 	31.575306 	26.000000 	25.632011 	27.658634 	44.598206 	114.529472 	43.931767 	47.381432 	105.380264 	117.388245 	45.276924 	43.416588 	34.176014 	43.289722 	80.230919 	109.836243 	79.120163 	18.867962 	19.697716 	79.378838 	19.924858 	18.384777 	17.000000 	16.124516 	19.104973 	14.212670 	16.492422 	15.297058 	13.601471 	6.000000 	5.000000 	999.000000 	1.000000 	3.605551 	9.219544 	4.123106 	5.385165 	10.816654 	8.246211 	9.219544 	19.235384 	18.110771 	16.031219 	17.000000 	20.223749 	17.464249 	20.223749 	22.022715 	22.090721 	25.019993 	
111.400177 	32.557640 	26.925823 	26.570660 	28.635643 	45.541191 	115.524887 	44.147480 	47.518417 	106.367287 	118.376518 	45.398239 	43.566040 	35.114101 	43.416588 	81.215759 	110.819672 	80.081207 	19.723083 	20.615528 	80.324341 	20.880613 	19.313208 	17.888544 	17.000000 	20.099751 	15.000000 	17.464249 	16.278820 	14.560220 	6.082763 	4.472136 	1.000000 	999.000000 	2.828427 	8.485281 	3.162278 	4.472136 	10.000000 	7.280110 	8.246211 	19.723083 	18.248287 	16.000000 	17.029387 	20.396078 	17.262676 	20.099751 	22.000000 	22.022715 	25.000000 	
113.780487 	34.234486 	28.160255 	27.892651 	30.265491 	46.840153 	117.720009 	42.720020 	45.891174 	108.673820 	120.668968 	43.737854 	41.976185 	36.400551 	41.773197 	83.546394 	113.159180 	82.565125 	20.615528 	21.840330 	82.873398 	22.360680 	20.615528 	18.973665 	18.027756 	22.000000 	15.652476 	19.104973 	18.027756 	16.124516 	5.000000 	2.000000 	3.605551 	2.828427 	999.000000 	5.656854 	1.414214 	2.000000 	7.211102 	5.000000 	6.000000 	22.472204 	20.615528 	18.110771 	19.235384 	22.803509 	19.026299 	22.000000 	24.083189 	24.020824 	27.073973 	
118.600166 	38.000000 	31.257000 	31.144823 	34.000000 	49.819675 	122.188377 	40.311287 	43.011627 	113.357841 	125.319588 	40.804413 	39.217342 	39.458839 	38.897301 	88.294960 	117.902504 	87.595665 	23.345236 	25.079872 	88.022728 	26.000000 	24.020824 	22.090721 	21.095022 	26.305893 	18.248287 	23.086792 	22.203604 	20.099751 	7.000000 	4.472136 	9.219544 	8.485281 	5.656854 	999.000000 	5.830952 	4.472136 	2.000000 	4.123106 	4.472136 	28.017851 	25.632011 	22.803509 	24.041630 	27.856777 	23.194826 	26.305893 	28.635643 	28.442924 	31.575306 	
114.542572 	35.355339 	29.410883 	29.120440 	31.400637 	48.083260 	118.608597 	43.965897 	47.074409 	109.489723 	121.494858 	44.911022 	43.174065 	37.643059 	42.953465 	84.344528 	113.951744 	83.240616 	21.931713 	23.086792 	83.486526 	23.537205 	21.840330 	20.248457 	19.313208 	23.021729 	17.000000 	20.223749 	19.104973 	17.262676 	6.403124 	3.162278 	4.123106 	3.162278 	1.414214 	5.830952 	999.000000 	1.414214 	7.071068 	4.123106 	5.099020 	22.203604 	19.924858 	17.262676 	18.439089 	22.135944 	18.000000 	21.023796 	23.194826 	23.086792 	26.172504 	
115.732452 	36.221542 	30.083218 	29.832869 	32.249031 	48.764740 	119.707977 	43.324360 	46.324940 	110.643570 	122.641754 	44.147480 	42.449970 	38.327538 	42.201897 	85.510231 	115.121674 	84.480766 	22.472204 	23.769728 	84.758484 	24.331051 	22.561028 	20.880613 	19.924858 	24.000000 	17.464249 	21.095022 	20.024984 	18.110771 	6.403124 	2.828427 	5.385165 	4.472136 	2.000000 	4.472136 	1.414214 	999.000000 	5.656854 	3.000000 	4.000000 	23.600847 	21.189621 	18.439089 	19.646883 	23.409399 	19.026299 	22.090721 	24.331051 	24.186773 	27.294687 	
120.540451 	40.000000 	33.241539 	33.136082 	36.000000 	51.788029 	124.169243 	41.146080 	43.657761 	115.316956 	127.283150 	41.436699 	39.924931 	41.436699 	39.560081 	90.244110 	119.854080 	89.493019 	25.317978 	27.073973 	89.888817 	28.000000 	26.019224 	24.083189 	23.086792 	28.284271 	20.223749 	25.079872 	24.186773 	22.090721 	9.000000 	6.324555 	10.816654 	10.000000 	7.211102 	2.000000 	7.071068 	5.656854 	999.000000 	4.123106 	4.000000 	29.206163 	26.400757 	23.409399 	24.698177 	28.635643 	23.537205 	26.683329 	29.120440 	28.861740 	32.015621 	
118.663391 	39.204590 	32.984844 	32.756680 	35.227829 	51.662365 	122.690666 	44.384682 	47.127487 	113.600174 	125.602547 	44.922153 	43.324360 	41.231056 	43.011627 	88.459030 	118.067780 	87.361320 	25.298222 	26.683329 	87.595665 	27.294687 	25.495098 	23.769728 	22.803509 	27.000000 	20.248457 	24.083189 	23.021729 	21.095022 	8.944272 	5.385165 	8.246211 	7.280110 	5.000000 	4.123106 	4.123106 	3.000000 	4.123106 	999.000000 	1.000000 	25.495098 	22.360680 	19.313208 	20.615528 	24.596748 	19.416489 	22.561028 	25.000000 	24.738634 	27.892651 	
119.641129 	40.199501 	33.955853 	33.734257 	36.221542 	52.630791 	123.685081 	44.777225 	47.434166 	114.586212 	126.589890 	45.221676 	43.657761 	42.201897 	43.324360 	89.442719 	119.050407 	88.323273 	26.248810 	27.658634 	88.543777 	28.284271 	26.476404 	24.738634 	23.769728 	28.000000 	21.189621 	25.079872 	24.020824 	22.090721 	9.848858 	6.324555 	9.219544 	8.246211 	6.000000 	4.472136 	5.099020 	4.000000 	4.000000 	1.000000 	999.000000 	26.172504 	22.825424 	19.697716 	21.023796 	25.059929 	19.646883 	22.803509 	25.298222 	25.000000 	28.160255 	
99.181648 	31.827662 	30.886890 	30.016663 	29.206163 	45.967381 	105.171288 	60.000000 	64.070274 	95.000000 	107.004669 	62.128899 	60.074955 	37.013512 	60.133186 	70.064255 	99.045441 	67.186310 	27.892651 	26.570660 	66.610809 	25.079872 	25.298222 	25.709921 	25.495098 	21.470911 	26.076809 	22.135944 	20.880613 	21.377558 	24.698177 	24.186773 	19.235384 	19.723083 	22.472204 	28.017851 	22.203604 	23.600847 	29.206163 	25.495098 	26.172504 	999.000000 	7.071068 	10.049875 	9.000000 	6.708204 	13.000000 	12.369317 	11.180340 	12.083046 	12.806249 	
106.117859 	37.643059 	35.608986 	34.828148 	34.655445 	51.855568 	112.218536 	61.400326 	65.122963 	102.004898 	114.000000 	63.071388 	61.131008 	42.426407 	61.073727 	77.103828 	106.018867 	74.108032 	31.304953 	30.528675 	73.437050 	29.410883 	29.154760 	29.068884 	28.635643 	26.248810 	28.460499 	26.076809 	24.698177 	24.596748 	24.083189 	22.561028 	18.110771 	18.248287 	20.615528 	25.632011 	19.924858 	21.189621 	26.400757 	22.360680 	22.825424 	7.071068 	999.000000 	3.605551 	2.236068 	2.236068 	6.082763 	5.385165 	5.000000 	5.656854 	7.615773 	
109.224541 	38.832977 	36.069378 	35.355339 	35.608986 	53.009434 	115.108643 	59.841457 	63.387695 	105.004761 	117.017090 	61.294373 	59.413803 	43.278172 	59.304298 	80.024994 	109.073372 	77.233414 	31.064449 	30.610456 	76.655075 	29.732138 	29.206163 	28.844410 	28.301943 	26.907248 	27.730848 	26.248810 	24.839485 	24.413111 	22.022715 	20.099751 	16.031219 	16.000000 	18.110771 	22.803509 	17.262676 	18.439089 	23.409399 	19.313208 	19.697716 	10.049875 	3.605551 	999.000000 	1.414214 	5.656854 	3.162278 	4.472136 	6.000000 	6.082763 	9.000000 	
108.166542 	38.600517 	36.124783 	35.383614 	35.468296 	52.801514 	114.157784 	60.671246 	64.280632 	104.000000 	116.004311 	62.201286 	60.299255 	43.185646 	60.207973 	79.056938 	108.041656 	76.164299 	31.384710 	30.805843 	75.538071 	29.832869 	29.410883 	29.154760 	28.653097 	26.870058 	28.231188 	26.400757 	25.000000 	24.698177 	23.000000 	21.213203 	17.000000 	17.029387 	19.235384 	24.041630 	18.439089 	19.646883 	24.698177 	20.615528 	21.023796 	9.000000 	2.236068 	1.414214 	999.000000 	4.242640 	4.000000 	4.242640 	5.099020 	5.385165 	8.062258 	
105.042847 	38.209946 	36.619667 	35.805027 	35.383614 	52.402290 	111.364265 	63.285069 	67.067131 	101.044548 	113.017700 	65.030762 	63.071388 	43.185646 	63.031738 	76.236473 	105.000000 	73.027390 	32.695564 	31.764761 	72.249565 	30.528675 	30.413813 	30.463093 	30.083218 	27.202942 	30.083218 	27.294687 	25.942244 	26.000000 	26.172504 	24.738634 	20.223749 	20.396078 	22.803509 	27.856777 	22.135944 	23.409399 	28.635643 	24.596748 	25.059929 	6.708204 	2.236068 	5.656854 	4.242640 	999.000000 	7.615773 	6.000000 	4.472136 	5.385165 	6.403124 	
112.160599 	41.880783 	38.897301 	38.209946 	38.600517 	56.035702 	118.152443 	61.392181 	64.776543 	108.000000 	120.004166 	62.649822 	60.827625 	46.227695 	60.671246 	83.054199 	112.040169 	80.156097 	33.600594 	33.301651 	79.511009 	32.526913 	31.890438 	31.400637 	30.805843 	29.832869 	30.016663 	29.000000 	27.586229 	27.018513 	23.345236 	21.023796 	17.464249 	17.262676 	19.026299 	23.194826 	18.000000 	19.026299 	23.537205 	19.416489 	19.646883 	13.000000 	6.082763 	3.162278 	4.000000 	7.615773 	999.000000 	3.162278 	5.830952 	5.385165 	8.544003 	
111.040535 	42.801868 	40.360870 	39.623226 	39.698868 	57.008770 	117.345642 	64.132675 	67.601776 	107.042046 	119.016808 	65.490456 	63.639610 	47.423622 	63.505905 	82.219215 	111.000000 	79.025314 	35.510563 	35.000000 	78.230431 	34.058773 	33.600594 	33.286633 	32.756680 	31.112698 	32.202484 	30.610456 	29.206163 	28.844410 	26.172504 	24.000000 	20.223749 	20.099751 	22.000000 	26.305893 	21.023796 	22.090721 	26.683329 	22.561028 	22.803509 	12.369317 	5.385165 	4.472136 	4.242640 	6.000000 	3.162278 	999.000000 	2.828427 	2.236068 	5.385165 	
109.004585 	42.520584 	40.607880 	39.824615 	39.597980 	56.727417 	115.524887 	65.764732 	69.354164 	105.118980 	117.068359 	67.268120 	65.375839 	47.381432 	65.276337 	80.399002 	109.018349 	77.000000 	36.235340 	35.510563 	76.105194 	34.409302 	34.132095 	34.000000 	33.541019 	31.240999 	33.241539 	31.064449 	29.681644 	29.529646 	28.017851 	26.076809 	22.022715 	22.000000 	24.083189 	28.635643 	23.194826 	24.331051 	29.120440 	25.000000 	25.298222 	11.180340 	5.000000 	6.000000 	5.099020 	4.472136 	5.830952 	2.828427 	999.000000 	1.000000 	3.000000 	
110.004547 	43.278172 	41.231056 	40.459858 	40.311287 	57.489128 	116.520386 	65.924202 	69.462219 	106.117859 	118.067780 	67.364677 	65.490456 	48.083260 	65.375839 	81.394104 	110.018181 	78.000000 	36.715118 	36.055511 	77.103828 	35.000000 	34.669872 	34.481880 	34.000000 	31.890438 	33.615471 	31.622776 	30.232433 	30.016663 	28.071337 	26.019224 	22.090721 	22.022715 	24.020824 	28.442924 	23.086792 	24.186773 	28.861740 	24.738634 	25.000000 	12.083046 	5.656854 	6.082763 	5.385165 	5.385165 	5.385165 	2.236068 	1.000000 	999.000000 	3.162278 	
109.018349 	44.553337 	43.011627 	42.201897 	41.773197 	58.728188 	115.849037 	68.731361 	72.339478 	105.304321 	117.209213 	70.256676 	68.359344 	49.578220 	68.264191 	80.752708 	109.114616 	77.058418 	38.910152 	38.078865 	76.006577 	36.891735 	36.715118 	36.674240 	36.249138 	33.600594 	36.055511 	33.615471 	32.249031 	32.202484 	31.016125 	29.068884 	25.019993 	25.000000 	27.073973 	31.575306 	26.172504 	27.294687 	32.015621 	27.892651 	28.160255 	12.806249 	7.615773 	9.000000 	8.062258 	6.403124 	8.544003 	5.385165 	3.000000 	3.162278 	999.000000 	

Travel time:
9.000000 	2.057000 	2.256241 	2.247221 	2.150872 	1.903943 	0.335410 	2.974580 	3.092733 	0.180278 	0.235850 	3.085551 	3.037268 	2.091799 	3.058288 	0.759111 	0.075000 	0.800391 	2.443486 	2.379732 	0.828402 	2.340139 	2.395438 	2.450765 	2.474495 	2.311115 	2.553551 	2.397003 	2.414151 	2.469059 	2.795644 	2.855915 	2.760548 	2.785004 	2.844512 	2.965004 	2.863564 	2.893311 	3.013511 	2.966585 	2.991028 	2.479541 	2.652946 	2.730613 	2.704164 	2.626071 	2.804015 	2.776013 	2.725115 	2.750114 	2.725459 	
2.057000 	9.000000 	0.201556 	0.190394 	0.100000 	0.355317 	2.118077 	1.076162 	1.200521 	1.913439 	2.208082 	1.171804 	1.116356 	0.152069 	1.130542 	1.300000 	2.031779 	1.325000 	0.388104 	0.328824 	1.360147 	0.300000 	0.350892 	0.403113 	0.427931 	0.316228 	0.505594 	0.378319 	0.406971 	0.452769 	0.775000 	0.851469 	0.789383 	0.813941 	0.855862 	0.950000 	0.883883 	0.905539 	1.000000 	0.980115 	1.004987 	0.795692 	0.941076 	0.970824 	0.965013 	0.955249 	1.047020 	1.070047 	1.063015 	1.081954 	1.113833 	
2.256241 	0.201556 	9.000000 	0.025000 	0.125000 	0.467039 	2.310438 	0.906228 	1.028652 	2.110835 	2.404163 	0.995615 	0.939747 	0.206155 	0.951972 	1.500208 	2.229910 	1.526434 	0.200000 	0.158114 	1.560649 	0.160078 	0.190394 	0.230489 	0.254951 	0.235850 	0.325960 	0.250000 	0.285044 	0.313249 	0.608276 	0.691466 	0.650000 	0.673146 	0.704006 	0.781425 	0.735272 	0.752080 	0.831038 	0.824621 	0.848896 	0.772172 	0.890225 	0.901734 	0.903120 	0.915492 	0.972432 	1.009022 	1.015197 	1.030776 	1.075291 	
2.247221 	0.190394 	0.025000 	9.000000 	0.106066 	0.474342 	2.304886 	0.929045 	1.051190 	2.102974 	2.397003 	1.017657 	0.961769 	0.213600 	0.973717 	1.490386 	2.221627 	1.513481 	0.201556 	0.152069 	1.546367 	0.145774 	0.182003 	0.226385 	0.251247 	0.215058 	0.325000 	0.235850 	0.270416 	0.302076 	0.604669 	0.686477 	0.640800 	0.664266 	0.697316 	0.778621 	0.728011 	0.745822 	0.828402 	0.818917 	0.843356 	0.750417 	0.870704 	0.883883 	0.884590 	0.895126 	0.955249 	0.990581 	0.995615 	1.011496 	1.055047 	
2.150872 	0.100000 	0.125000 	0.106066 	9.000000 	0.437321 	2.216134 	1.028652 	1.151629 	2.009042 	2.304479 	1.119431 	1.063602 	0.195256 	1.076162 	1.392839 	2.126764 	1.410895 	0.292617 	0.230489 	1.442220 	0.200000 	0.251247 	0.304138 	0.328824 	0.223607 	0.406971 	0.279509 	0.309233 	0.353553 	0.675000 	0.751665 	0.691466 	0.715891 	0.756637 	0.850000 	0.785016 	0.806226 	0.900000 	0.880696 	0.905539 	0.730154 	0.866386 	0.890225 	0.886707 	0.884590 	0.965013 	0.992472 	0.989950 	1.007782 	1.044330 	
1.903943 	0.355317 	0.467039 	0.474342 	0.437321 	9.000000 	1.913766 	1.081954 	1.204159 	1.744276 	2.025617 	1.190850 	1.140175 	0.261008 	1.160011 	1.175266 	1.867652 	1.256234 	0.661910 	0.625000 	1.315770 	0.617454 	0.656220 	0.697316 	0.721543 	0.660492 	0.789383 	0.705780 	0.738664 	0.775403 	1.073837 	1.158123 	1.114955 	1.138530 	1.171004 	1.245492 	1.202081 	1.219118 	1.294701 	1.291559 	1.315770 	1.149184 	1.296389 	1.325236 	1.320038 	1.310057 	1.400892 	1.425219 	1.418185 	1.437228 	1.468205 	
0.335410 	2.118077 	2.310438 	2.304886 	2.216134 	1.913766 	9.000000 	2.951800 	3.064719 	0.291548 	0.182003 	3.063597 	3.018692 	2.129114 	3.041073 	0.878208 	0.270416 	0.989002 	2.505619 	2.446554 	1.044629 	2.412727 	2.466399 	2.520169 	2.544725 	2.397134 	2.623095 	2.478533 	2.499625 	2.552695 	2.881514 	2.948941 	2.863237 	2.888122 	2.943000 	3.054709 	2.965215 	2.992699 	3.104231 	3.067267 	3.092127 	2.629282 	2.805463 	2.877716 	2.853945 	2.784107 	2.953811 	2.933641 	2.888122 	2.913010 	2.896226 	
2.974580 	1.076162 	0.906228 	0.929045 	1.028652 	1.081954 	2.951800 	9.000000 	0.125000 	2.809026 	3.079164 	0.111803 	0.075000 	0.965013 	0.100000 	2.256795 	2.933641 	2.333720 	0.843356 	0.903466 	2.387075 	0.958188 	0.921954 	0.887764 	0.883883 	1.055047 	0.851469 	0.990581 	1.011187 	0.980115 	0.951972 	1.020110 	1.098294 	1.103687 	1.068001 	1.007782 	1.099147 	1.083109 	1.028652 	1.109617 	1.119431 	1.500000 	1.535008 	1.496036 	1.516781 	1.582127 	1.534805 	1.603317 	1.644118 	1.648105 	1.718284 	
3.092733 	1.200521 	1.028652 	1.051190 	1.151629 	1.204159 	3.064719 	0.125000 	9.000000 	2.926175 	3.194233 	0.055902 	0.100000 	1.090011 	0.103078 	2.378287 	3.050922 	2.457260 	0.958188 	1.020110 	2.511225 	1.075291 	1.037123 	1.000625 	0.995301 	1.171004 	0.958188 	1.103687 	1.122776 	1.089151 	1.035918 	1.098294 	1.184536 	1.187960 	1.147279 	1.075291 	1.176860 	1.158123 	1.091444 	1.178187 	1.185854 	1.601757 	1.628074 	1.584692 	1.607016 	1.676678 	1.619414 	1.690044 	1.733854 	1.736555 	1.808487 	
0.180278 	1.913439 	2.110835 	2.102974 	2.009042 	1.744276 	0.291548 	2.809026 	2.926175 	9.000000 	0.301040 	2.920295 	2.872716 	1.940522 	2.894067 	0.629484 	0.125000 	0.711073 	2.301222 	2.239001 	0.759111 	2.201420 	2.256241 	2.311115 	2.335193 	2.177441 	2.414151 	2.261775 	2.280488 	2.334791 	2.662823 	2.726032 	2.634507 	2.659182 	2.716846 	2.833946 	2.737243 	2.766089 	2.882924 	2.840004 	2.864655 	2.375000 	2.550122 	2.625119 	2.600000 	2.526114 	2.700000 	2.676051 	2.627975 	2.652946 	2.632608 	
0.235850 	2.208082 	2.404163 	2.397003 	2.304479 	2.025617 	0.182003 	3.079164 	3.194233 	0.301040 	9.000000 	3.190807 	3.144539 	2.229910 	3.166425 	0.930390 	0.206155 	1.004987 	2.596151 	2.534758 	1.044330 	2.498124 	2.552695 	2.607321 	2.631540 	2.476010 	2.710397 	2.559785 	2.579002 	2.633083 	2.961419 	3.025413 	2.934706 	2.959413 	3.016724 	3.132990 	3.037371 	3.066044 	3.182079 	3.140064 	3.164747 	2.675117 	2.850000 	2.925427 	2.900108 	2.825443 	3.000104 	2.975420 	2.926709 	2.951694 	2.930230 	
3.085551 	1.171804 	0.995615 	1.017657 	1.119431 	1.190850 	3.063597 	0.111803 	0.055902 	2.920295 	3.190807 	9.000000 	0.055902 	1.065950 	0.050000 	2.366036 	3.044873 	2.440543 	0.917197 	0.980434 	2.492614 	1.035918 	0.996243 	0.958188 	0.951972 	1.130542 	0.912414 	1.061249 	1.079352 	1.044330 	0.982980 	1.044330 	1.131923 	1.134956 	1.093446 	1.020110 	1.122776 	1.103687 	1.035918 	1.123054 	1.130542 	1.553222 	1.576785 	1.532359 	1.555032 	1.625769 	1.566246 	1.637261 	1.681703 	1.684117 	1.756417 	
3.037268 	1.116356 	0.939747 	0.961769 	1.063602 	1.140175 	3.018692 	0.075000 	0.100000 	2.872716 	3.144539 	0.055902 	9.000000 	1.011496 	0.025000 	2.315437 	2.997186 	2.388122 	0.862047 	0.925000 	2.439518 	0.980434 	0.941076 	0.903466 	0.897566 	1.075291 	0.859142 	1.006541 	1.025000 	0.990581 	0.937083 	1.000625 	1.085415 	1.089151 	1.049405 	0.980434 	1.079352 	1.061249 	0.998123 	1.083109 	1.091444 	1.501874 	1.528275 	1.485345 	1.507481 	1.576785 	1.520691 	1.590990 	1.634396 	1.637261 	1.708984 	
2.091799 	0.152069 	0.206155 	0.213600 	0.195256 	0.261008 	2.129114 	0.965013 	1.090011 	1.940522 	2.229910 	1.065950 	1.011496 	9.000000 	1.027740 	1.342805 	2.061553 	1.390144 	0.403113 	0.364006 	1.434617 	0.357946 	0.395285 	0.436606 	0.460977 	0.410031 	0.530330 	0.447214 	0.480885 	0.515388 	0.813941 	0.897566 	0.854400 	0.877853 	0.910014 	0.986471 	0.941076 	0.958188 	1.035918 	1.030776 	1.055047 	0.925338 	1.060660 	1.081954 	1.079641 	1.079641 	1.155692 	1.185591 	1.184536 	1.202081 	1.239455 	
3.058288 	1.130542 	0.951972 	0.973717 	1.076162 	1.160011 	3.041073 	0.100000 	0.103078 	2.894067 	3.166425 	0.050000 	0.025000 	1.027740 	9.000000 	2.335193 	3.018485 	2.406502 	0.869626 	0.933408 	2.457260 	0.989002 	0.948683 	0.910014 	0.903466 	1.083109 	0.863134 	1.013040 	1.030776 	0.995301 	0.933408 	0.995301 	1.082243 	1.085415 	1.044330 	0.972432 	1.073837 	1.055047 	0.989002 	1.075291 	1.083109 	1.503330 	1.526843 	1.482607 	1.505199 	1.575794 	1.516781 	1.587648 	1.631908 	1.634396 	1.706605 	
0.759111 	1.300000 	1.500208 	1.490386 	1.392839 	1.175266 	0.878208 	2.256795 	2.378287 	0.629484 	0.930390 	2.366036 	2.315437 	1.342805 	2.335193 	9.000000 	0.740355 	0.213600 	1.685416 	1.621149 	0.316228 	1.581139 	1.636498 	1.691892 	1.715554 	1.552418 	1.794610 	1.638025 	1.655483 	1.710263 	2.037308 	2.098809 	2.005773 	2.030394 	2.088660 	2.207374 	2.108613 	2.137756 	2.256103 	2.211476 	2.236068 	1.751606 	1.927596 	2.000625 	1.976424 	1.905912 	2.076355 	2.055480 	2.009975 	2.034853 	2.018818 	
0.075000 	2.031779 	2.229910 	2.221627 	2.126764 	1.867652 	0.270416 	2.933641 	3.050922 	0.125000 	0.206155 	3.044873 	2.997186 	2.061553 	3.018485 	0.740355 	9.000000 	0.801561 	2.419194 	2.356374 	0.838525 	2.318000 	2.373025 	2.428091 	2.452040 	2.291970 	2.531057 	2.376973 	2.395047 	2.449617 	2.777139 	2.839124 	2.745906 	2.770492 	2.828979 	2.947563 	2.848794 	2.878042 	2.996352 	2.951694 	2.976260 	2.476136 	2.650472 	2.726834 	2.701041 	2.625000 	2.801004 	2.775000 	2.725459 	2.750454 	2.727865 	
0.800391 	1.325000 	1.526434 	1.513481 	1.410895 	1.256234 	0.989002 	2.333720 	2.457260 	0.711073 	1.004987 	2.440543 	2.388122 	1.390144 	2.406502 	0.213600 	0.801561 	9.000000 	1.700000 	1.632483 	0.103078 	1.587648 	1.643548 	1.699448 	1.721918 	1.546165 	1.800347 	1.634778 	1.648105 	1.703856 	2.024846 	2.079213 	1.978004 	2.002030 	2.064128 	2.189892 	2.081015 	2.112019 	2.237325 	2.184033 	2.208082 	1.679658 	1.852701 	1.930835 	1.904107 	1.825685 	2.003902 	1.975633 	1.925000 	1.950000 	1.926461 	
2.443486 	0.388104 	0.200000 	0.201556 	0.292617 	0.661910 	2.505619 	0.843356 	0.958188 	2.301222 	2.596151 	0.917197 	0.862047 	0.403113 	0.869626 	1.685416 	2.419194 	1.700000 	9.000000 	0.070711 	1.727896 	0.125000 	0.079057 	0.055902 	0.070711 	0.213600 	0.127475 	0.150000 	0.176777 	0.167705 	0.412311 	0.498121 	0.471699 	0.493077 	0.515388 	0.583631 	0.548293 	0.561805 	0.632949 	0.632456 	0.656220 	0.697316 	0.782624 	0.776611 	0.784618 	0.817389 	0.840015 	0.887764 	0.905883 	0.917878 	0.972754 	
2.379732 	0.328824 	0.158114 	0.152069 	0.230489 	0.625000 	2.446554 	0.903466 	1.020110 	2.239001 	2.534758 	0.980434 	0.925000 	0.364006 	0.933408 	1.621149 	2.356374 	1.632483 	0.070711 	9.000000 	1.659254 	0.055902 	0.035355 	0.075000 	0.100000 	0.152069 	0.176777 	0.111803 	0.145774 	0.160078 	0.452769 	0.534439 	0.492443 	0.515388 	0.546008 	0.626997 	0.577170 	0.594243 	0.676849 	0.667083 	0.691466 	0.664266 	0.763217 	0.765261 	0.770146 	0.794119 	0.832541 	0.875000 	0.887764 	0.901388 	0.951972 	
0.828402 	1.360147 	1.560649 	1.546367 	1.442220 	1.315770 	1.044629 	2.387075 	2.511225 	0.759111 	1.044330 	2.492614 	2.439518 	1.434617 	2.457260 	0.316228 	0.838525 	0.103078 	1.727896 	1.659254 	9.000000 	1.612452 	1.668270 	1.724094 	1.745888 	1.565248 	1.823630 	1.654728 	1.666021 	1.721918 	2.038535 	2.089258 	1.984471 	2.008109 	2.071835 	2.200568 	2.087163 	2.118962 	2.247221 	2.189892 	2.213594 	1.665270 	1.835926 	1.916377 	1.888452 	1.806239 	1.987775 	1.955761 	1.902630 	1.927596 	1.900164 	
2.340139 	0.300000 	0.160078 	0.145774 	0.200000 	0.617454 	2.412727 	0.958188 	1.075291 	2.201420 	2.498124 	1.035918 	0.980434 	0.357946 	0.989002 	1.581139 	2.318000 	1.587648 	0.125000 	0.055902 	1.612452 	9.000000 	0.055902 	0.111803 	0.134629 	0.100000 	0.213600 	0.090139 	0.125000 	0.158114 	0.475000 	0.552268 	0.498121 	0.522015 	0.559017 	0.650000 	0.588430 	0.608276 	0.700000 	0.682367 	0.707107 	0.626997 	0.735272 	0.743303 	0.745822 	0.763217 	0.813173 	0.851469 	0.860233 	0.875000 	0.922293 	
