Total assets = 550
Number of asset nodes = 33

Distance:
999.000000 	18.027756 	17.262676 	20.024984 	11.401754 	20.223749 	21.213203 	26.019224 	25.495098 	19.209373 	20.518284 	20.000000 	27.202942 	26.000000 	23.430750 	23.853722 	62.241467 	60.901562 	62.177166 	56.364883 	64.884514 	64.140472 	64.884514 	58.694122 	64.070274 	60.008331 	60.827625 	61.400326 	60.745369 	61.741398 	62.177166 	67.416618 	67.742157 	68.095520 	62.609905 	63.529522 	70.661163 	71.021126 	66.189125 	81.049370 	81.584312 	83.024094 	83.186539 	84.852814 	84.528099 	92.048897 	89.944427 	93.134308 	91.787796 	93.193344 	95.047356 	94.339813 	95.131485 	
18.027756 	999.000000 	4.123106 	2.828427 	24.186773 	4.472136 	5.000000 	8.246211 	9.219544 	17.088007 	15.297058 	18.027756 	12.041595 	12.529964 	16.000000 	21.587032 	46.872166 	46.754681 	47.634022 	52.345009 	49.648766 	50.249378 	50.447994 	55.226807 	50.931328 	56.320511 	55.901699 	55.542778 	58.077534 	57.558666 	57.070133 	53.758720 	53.814495 	53.907330 	57.870544 	58.249462 	55.803226 	57.314919 	61.188232 	63.560993 	64.288414 	65.513359 	65.734314 	67.268120 	67.186310 	74.108032 	72.367119 	75.239616 	74.148499 	75.325958 	77.103828 	76.531036 	77.233414 	
17.262676 	4.123106 	999.000000 	3.605551 	21.540659 	3.000000 	4.000000 	9.219544 	8.246211 	13.000000 	11.180340 	13.928389 	10.295630 	9.899495 	12.041595 	17.464249 	45.650848 	45.000000 	46.043457 	48.507732 	48.373547 	48.414875 	48.826221 	51.351727 	48.836460 	52.469040 	52.172791 	51.923019 	54.147945 	53.758720 	53.366657 	51.855568 	52.009613 	52.201534 	54.129475 	54.571056 	54.378304 	55.443665 	57.489128 	63.788715 	64.327286 	65.764732 	65.924202 	67.601776 	67.268120 	75.000000 	72.691124 	76.026314 	74.545288 	76.059189 	78.000000 	77.162170 	78.025635 	
20.024984 	2.828427 	3.605551 	999.000000 	25.079872 	2.000000 	2.236068 	6.000000 	6.403124 	16.124516 	13.928389 	17.000000 	9.219544 	9.848858 	14.142136 	20.248457 	44.102154 	43.931767 	44.821869 	50.159744 	46.872166 	47.423622 	47.634022 	53.084839 	48.104053 	54.147945 	53.600372 	53.150730 	56.008926 	55.326305 	54.744862 	50.931328 	50.990196 	51.088158 	55.578773 	55.901699 	53.009434 	54.488529 	58.855755 	61.188232 	61.846584 	63.150612 	63.348244 	64.938431 	64.761101 	72.027771 	70.035706 	73.109505 	71.847061 	73.171036 	75.026665 	74.330345 	75.106590 	
11.401754 	24.186773 	21.540659 	25.079872 	999.000000 	24.351591 	25.298222 	30.675724 	28.635643 	15.524175 	18.248287 	15.811388 	29.154760 	27.018513 	21.377558 	18.357559 	61.611687 	59.135437 	60.728905 	48.259712 	64.031242 	62.032249 	63.245552 	50.249378 	61.326992 	51.623638 	53.009434 	54.037025 	51.884487 	53.535034 	54.405884 	65.000000 	65.551506 	66.128662 	54.644306 	55.803226 	69.260376 	68.541962 	58.249462 	83.024094 	83.150467 	85.023529 	85.052925 	87.005745 	86.145226 	95.336250 	92.021736 	96.187317 	94.005318 	96.130119 	98.325989 	97.046379 	98.183502 	
20.223749 	4.472136 	3.000000 	2.000000 	24.351591 	999.000000 	1.000000 	6.324555 	5.385165 	14.422205 	12.083046 	15.264338 	7.810250 	8.062258 	12.165525 	18.384777 	43.046486 	42.638012 	43.600460 	48.166378 	45.793011 	46.097721 	46.400433 	51.088158 	46.669048 	52.153618 	51.623638 	51.195702 	54.009258 	53.338543 	52.773098 	49.578220 	49.678970 	49.819675 	53.600372 	53.935146 	51.865211 	53.150730 	56.885849 	60.827625 	61.392181 	62.801273 	62.968246 	64.629715 	64.327286 	72.000000 	69.720871 	73.027390 	71.568146 	73.061615 	75.000000 	74.168724 	75.026665 	
21.213203 	5.000000 	4.000000 	2.236068 	25.298222 	1.000000 	999.000000 	5.385165 	4.472136 	15.000000 	12.529964 	15.811388 	7.071068 	7.615773 	12.369317 	18.788294 	42.190044 	41.868843 	42.801868 	48.093658 	44.944408 	45.343136 	45.607018 	51.039200 	45.967381 	52.086468 	51.478149 	50.990196 	54.000000 	53.235325 	52.611786 	48.836460 	48.918301 	49.040798 	53.460266 	53.758720 	51.039200 	52.402290 	56.718605 	59.841457 	60.415230 	61.814240 	61.983868 	63.639610 	63.348244 	71.000000 	68.731361 	72.027771 	70.576202 	72.062469 	74.000000 	73.171036 	74.027023 	
26.019224 	8.246211 	9.219544 	6.000000 	30.675724 	6.324555 	5.385165 	999.000000 	4.123106 	19.798990 	17.029387 	20.518284 	7.000000 	9.219544 	16.124516 	23.021729 	39.204590 	39.623226 	40.311287 	50.039986 	42.011902 	43.185646 	43.139309 	53.084839 	44.204071 	54.037025 	53.037724 	52.239830 	56.222771 	55.000000 	54.083271 	46.754681 	46.690472 	46.669048 	55.036350 	55.145264 	48.270073 	50.249378 	58.137768 	55.317268 	56.044624 	57.271286 	57.489128 	59.033890 	58.940647 	66.030296 	64.132675 	67.119293 	65.924202 	67.186310 	69.028976 	68.359344 	69.115845 	
25.495098 	9.219544 	8.246211 	6.403124 	28.635643 	5.385165 	4.472136 	4.123106 	999.000000 	16.401220 	13.453624 	17.029387 	3.162278 	5.099020 	12.206555 	19.209373 	37.735924 	37.536648 	38.418747 	46.010868 	40.496914 	41.036568 	41.231056 	49.040798 	41.773197 	50.009998 	49.091751 	48.373547 	52.153618 	51.009804 	50.159744 	44.553337 	44.598206 	44.687805 	51.088158 	51.244511 	46.615448 	48.104053 	54.230988 	55.578773 	56.089214 	57.558666 	57.706154 	59.413803 	59.033890 	67.029846 	64.498062 	68.000000 	66.370171 	68.007355 	70.028564 	69.065186 	70.000000 	
19.209373 	17.088007 	13.000000 	16.124516 	15.524175 	14.422205 	15.000000 	19.798990 	16.401220 	999.000000 	3.162278 	1.000000 	15.652476 	13.000000 	6.000000 	5.099020 	46.097721 	43.657761 	45.221676 	37.947330 	48.507732 	46.615448 	47.759815 	40.521599 	46.065170 	41.761227 	42.154476 	42.485291 	42.953465 	43.324360 	43.462627 	49.658836 	50.159744 	50.695168 	44.011364 	44.777225 	53.758720 	53.225933 	47.539455 	68.029404 	68.007355 	70.028564 	70.007141 	72.062469 	71.007042 	80.894997 	77.025970 	81.614952 	79.056938 	81.498466 	83.862984 	82.298241 	83.600243 	
20.518284 	15.297058 	11.180340 	13.928389 	18.248287 	12.083046 	12.529964 	17.029387 	13.453624 	3.162278 	999.000000 	3.605551 	12.529964 	9.848858 	3.162278 	6.324555 	43.416588 	41.231056 	42.720020 	38.078865 	45.880280 	44.283180 	45.310043 	40.792156 	43.908997 	41.976185 	42.059483 	42.154476 	43.416588 	43.416588 	43.324360 	47.413078 	47.853943 	48.332184 	43.965897 	44.598206 	51.264023 	51.000000 	47.434166 	65.007690 	65.030762 	67.007462 	67.000000 	69.028976 	68.029404 	77.781746 	74.006760 	78.517517 	76.026314 	78.409180 	80.752708 	79.227524 	80.504662 	
20.000000 	18.027756 	13.928389 	17.000000 	15.811388 	15.264338 	15.811388 	20.518284 	17.029387 	1.000000 	3.605551 	999.000000 	16.124516 	13.416408 	6.082763 	4.123106 	45.891174 	43.324360 	44.922153 	37.000000 	48.270073 	46.238514 	47.434166 	39.560081 	45.617977 	40.804413 	41.231056 	41.593269 	41.976185 	42.379242 	42.544094 	49.244289 	49.769470 	50.328918 	43.081318 	43.863426 	53.450912 	52.801514 	46.615448 	68.066147 	68.000000 	70.064255 	70.028564 	72.111023 	71.000000 	81.049370 	77.058418 	81.743500 	79.101204 	81.614952 	84.011902 	82.389320 	83.725746 	
27.202942 	12.041595 	10.295630 	9.219544 	29.154760 	7.810250 	7.071068 	7.000000 	3.162278 	15.652476 	12.529964 	16.124516 	999.000000 	2.828427 	10.630146 	17.691807 	35.355339 	34.828148 	35.805027 	43.046486 	38.078865 	38.288380 	38.600517 	46.097721 	38.897301 	47.042534 	46.043457 	45.276924 	49.254440 	48.000000 	47.095646 	41.773197 	41.868843 	42.011902 	48.041649 	48.166378 	44.102154 	45.343136 	51.156624 	54.230988 	54.589375 	56.222771 	56.320511 	58.137768 	57.558666 	66.189125 	63.198101 	67.067131 	65.122963 	67.029846 	69.180923 	68.000000 	69.065186 	
26.000000 	12.529964 	9.899495 	9.848858 	27.018513 	8.062258 	7.615773 	9.219544 	5.099020 	13.000000 	9.848858 	13.416408 	2.828427 	999.000000 	7.810250 	14.866069 	36.249138 	35.227829 	36.359318 	41.000000 	38.910152 	38.600517 	39.115215 	44.011364 	38.948685 	45.000000 	44.181442 	43.566040 	47.095646 	46.043457 	45.276924 	42.011902 	42.201897 	42.438190 	46.173584 	46.389652 	44.777225 	45.607018 	49.365982 	56.080299 	56.320511 	58.077534 	58.137768 	60.033325 	59.304298 	68.359344 	65.069191 	69.180923 	67.029846 	69.115845 	71.344238 	70.028564 	71.175842 	
23.430750 	16.000000 	12.041595 	14.142136 	21.377558 	12.165525 	12.369317 	16.124516 	12.206555 	6.000000 	3.162278 	6.082763 	10.630146 	7.810250 	999.000000 	7.071068 	40.261642 	38.078865 	39.560081 	36.496574 	42.720020 	41.146080 	42.154476 	39.319206 	40.816662 	40.447498 	40.261642 	40.162170 	42.107006 	41.773197 	41.484936 	44.294468 	44.721359 	45.188496 	42.201897 	42.720020 	48.104053 	47.885281 	45.607018 	62.032249 	62.008064 	64.031242 	64.007812 	66.068146 	65.007690 	74.966660 	71.028160 	75.663727 	73.061615 	75.538071 	77.929459 	76.321686 	77.646637 	
23.853722 	21.587032 	17.464249 	20.248457 	18.357559 	18.384777 	18.788294 	23.021729 	19.209373 	5.099020 	6.324555 	4.123106 	17.691807 	14.866069 	7.071068 	999.000000 	44.283180 	41.231056 	42.953465 	32.893768 	46.529560 	43.965897 	45.354160 	35.440090 	43.081318 	36.687874 	37.161808 	37.589893 	37.854988 	38.275318 	38.483765 	46.818798 	47.434166 	48.083260 	39.000000 	39.812057 	51.419842 	50.328918 	42.544094 	67.364677 	67.119293 	69.354164 	69.260376 	71.449280 	70.114189 	80.808418 	76.321686 	81.394104 	78.409180 	81.215759 	83.743660 	81.884064 	83.360664 	
62.241467 	46.872166 	45.650848 	44.102154 	61.611687 	43.046486 	42.190044 	39.204590 	37.735924 	46.097721 	43.416588 	45.891174 	35.355339 	36.249138 	40.261642 	44.283180 	999.000000 	6.403124 	4.472136 	42.011902 	2.828427 	8.246211 	6.000000 	44.687805 	11.704700 	44.598206 	41.012192 	38.209946 	48.166378 	43.840622 	41.036568 	11.000000 	10.049875 	9.219544 	42.449970 	41.109608 	9.219544 	13.341664 	43.416588 	25.942244 	24.698177 	27.730848 	27.313000 	29.966648 	27.513634 	41.340054 	34.176014 	41.182522 	36.400551 	40.706264 	43.908997 	40.718548 	42.941822 	
60.901562 	46.754681 	45.000000 	43.931767 	59.135437 	42.638012 	41.868843 	39.623226 	37.536648 	43.657761 	41.231056 	43.324360 	34.828148 	35.227829 	38.078865 	41.231056 	6.403124 	999.000000 	2.236068 	35.805027 	6.708204 	3.605551 	4.123106 	38.418747 	6.000000 	38.288380 	34.655445 	31.827662 	41.868843 	37.483330 	34.655445 	7.211102 	7.071068 	7.211102 	36.069378 	34.713108 	10.198039 	10.630146 	37.013512 	31.906113 	30.413813 	33.615471 	33.120991 	35.846897 	33.105892 	47.434166 	39.812057 	47.169907 	42.047592 	46.647614 	49.929951 	46.529560 	48.877399 	
62.177166 	47.634022 	46.043457 	44.821869 	60.728905 	43.600460 	42.801868 	40.311287 	38.418747 	45.221676 	42.720020 	44.922153 	35.805027 	36.359318 	39.560081 	42.953465 	4.472136 	2.236068 	999.000000 	38.013157 	4.472136 	4.000000 	2.828427 	40.607880 	7.280110 	40.459858 	36.796738 	33.941124 	44.045429 	39.623226 	36.769554 	7.280110 	6.708204 	6.403124 	38.183765 	36.796738 	8.544003 	10.295630 	39.051247 	29.681644 	28.178005 	31.384710 	30.886890 	33.615471 	30.870699 	45.221676 	37.576588 	44.944408 	39.812057 	44.418465 	47.707443 	44.294468 	46.647614 	
56.364883 	52.345009 	48.507732 	50.159744 	48.259712 	48.166378 	48.093658 	50.039986 	46.010868 	37.947330 	38.078865 	37.000000 	43.046486 	41.000000 	36.496574 	32.893768 	42.011902 	35.805027 	38.013157 	999.000000 	42.438190 	35.846897 	38.587563 	3.162278 	32.649654 	4.000000 	5.000000 	7.280110 	6.708204 	5.385165 	6.403124 	36.249138 	37.576588 	38.910152 	6.403124 	7.810250 	43.382023 	38.275318 	10.000000 	67.675697 	66.037865 	69.339745 	68.796799 	71.561165 	68.600288 	83.234612 	75.292763 	82.927681 	77.524193 	82.377182 	85.702972 	82.152298 	84.599052 	
64.884514 	49.648766 	48.373547 	46.872166 	64.031242 	45.793011 	44.944408 	42.011902 	40.496914 	48.507732 	45.880280 	48.270073 	38.078865 	38.910152 	42.720020 	46.529560 	2.828427 	6.708204 	4.472136 	42.438190 	999.000000 	7.211102 	4.472136 	45.000000 	10.816654 	44.821869 	41.109608 	38.209946 	48.414875 	43.931767 	41.036568 	9.219544 	8.062258 	7.000000 	42.449970 	41.012192 	6.403124 	11.045361 	43.185646 	25.238859 	23.706539 	26.925823 	26.419689 	29.154760 	26.400757 	40.804413 	33.105892 	40.496914 	35.341194 	39.962482 	43.266617 	39.824615 	42.190044 	
64.140472 	50.249378 	48.414875 	47.423622 	62.032249 	46.097721 	45.343136 	43.185646 	41.036568 	46.615448 	44.283180 	46.238514 	38.288380 	38.600517 	41.146080 	43.965897 	8.246211 	3.605551 	4.000000 	35.846897 	7.211102 	999.000000 	2.828427 	38.275318 	3.605551 	38.013157 	34.205261 	31.240999 	41.617306 	37.013512 	34.058773 	3.605551 	3.605551 	4.123106 	35.468296 	33.970577 	8.062258 	7.071068 	36.069378 	32.015621 	30.232433 	33.600594 	33.015148 	35.805027 	32.756680 	47.634022 	39.446167 	47.201694 	41.677334 	46.615448 	50.000000 	46.324940 	48.826221 	
64.884514 	50.447994 	48.826221 	47.634022 	63.245552 	46.400433 	45.607018 	43.139309 	41.231056 	47.759815 	45.310043 	47.434166 	38.600517 	39.115215 	42.154476 	45.354160 	6.000000 	4.123106 	2.828427 	38.587563 	4.472136 	2.828427 	999.000000 	41.048752 	6.403124 	40.804413 	37.013512 	34.058773 	44.407207 	39.824615 	36.878178 	5.000000 	4.123106 	3.605551 	38.288380 	36.796738 	6.082763 	7.615773 	38.897301 	29.206163 	27.459061 	30.805843 	30.232433 	33.015148 	30.016663 	44.821869 	36.715118 	44.407207 	38.948685 	43.829212 	47.201694 	43.566040 	46.043457 	
58.694122 	55.226807 	51.351727 	53.084839 	50.249378 	51.088158 	51.039200 	53.084839 	49.040798 	40.521599 	40.792156 	39.560081 	46.097721 	44.011364 	39.319206 	35.440090 	44.687805 	38.418747 	40.607880 	3.162278 	45.000000 	38.275318 	41.048752 	999.000000 	34.985710 	1.414214 	5.000000 	8.062258 	3.605551 	3.605551 	6.082763 	38.470768 	39.824615 	41.182522 	5.385165 	7.280110 	45.650848 	40.311287 	8.602325 	70.213959 	68.505478 	71.847061 	71.281136 	74.060783 	71.021126 	85.802101 	77.698135 	85.445892 	79.924965 	84.876381 	88.232651 	84.599052 	87.091904 	
64.070274 	50.931328 	48.836460 	48.104053 	61.326992 	46.669048 	45.967381 	44.204071 	41.773197 	46.065170 	43.908997 	45.617977 	38.897301 	38.948685 	40.816662 	43.081318 	11.704700 	6.000000 	7.280110 	32.649654 	10.816654 	3.605551 	6.403124 	34.985710 	999.000000 	34.669872 	30.805843 	27.802877 	38.275318 	33.600594 	30.610456 	4.000000 	5.099020 	6.324555 	32.015621 	30.479502 	10.770329 	7.280110 	32.526913 	35.468296 	33.600594 	37.013512 	36.400551 	39.204590 	36.055511 	51.088158 	42.720020 	50.606323 	44.944408 	50.000000 	53.413483 	49.648766 	52.201534 	
60.008331 	56.320511 	52.469040 	54.147945 	51.623638 	52.153618 	52.086468 	54.037025 	50.009998 	41.761227 	41.976185 	40.804413 	47.042534 	45.000000 	40.447498 	36.687874 	44.598206 	38.288380 	40.459858 	4.000000 	44.821869 	38.013157 	40.804413 	1.414214 	34.669872 	999.000000 	4.123106 	7.280110 	3.605551 	2.236068 	5.000000 	38.078865 	39.446167 	40.816662 	4.123106 	6.082763 	45.276924 	39.812057 	7.211102 	70.000000 	68.242218 	71.610054 	71.028160 	73.817345 	70.724815 	85.603737 	77.388626 	85.211502 	79.611557 	84.628601 	88.005684 	84.314888 	86.838928 	
60.827625 	55.901699 	52.172791 	53.600372 	53.009434 	51.623638 	51.478149 	53.037724 	49.091751 	42.154476 	42.059483 	41.231056 	46.043457 	44.181442 	40.261642 	37.161808 	41.012192 	34.655445 	36.796738 	5.000000 	41.109608 	34.205261 	37.013512 	5.000000 	30.805843 	4.123106 	999.000000 	3.162278 	7.615773 	2.828427 	1.414214 	34.132095 	35.510563 	36.891735 	2.000000 	2.828427 	41.340054 	35.777088 	5.385165 	66.219330 	64.404968 	67.801178 	67.201187 	70.000000 	66.850578 	81.835197 	73.498299 	81.400246 	75.716576 	80.802231 	84.202141 	80.448738 	83.006027 	
61.400326 	55.542778 	51.923019 	53.150730 	54.037025 	51.195702 	50.990196 	52.239830 	48.373547 	42.485291 	42.154476 	41.593269 	45.276924 	43.566040 	40.162170 	37.589893 	38.209946 	31.827662 	33.941124 	7.280110 	38.209946 	31.240999 	34.058773 	8.062258 	27.802877 	7.280110 	3.162278 	999.000000 	10.770329 	5.830952 	2.828427 	31.064449 	32.449963 	33.837849 	4.242640 	3.162278 	38.275318 	32.649654 	6.082763 	63.253460 	61.400326 	64.815125 	64.202805 	67.007462 	63.820061 	78.873314 	70.455658 	78.409180 	72.670486 	77.801025 	81.215759 	77.420929 	80.000000 	
60.745369 	58.077534 	54.147945 	56.008926 	51.884487 	54.009258 	54.000000 	56.222771 	52.153618 	42.953465 	43.416588 	41.976185 	49.254440 	47.095646 	42.107006 	37.854988 	48.166378 	41.868843 	44.045429 	6.708204 	48.414875 	41.617306 	44.407207 	3.605551 	38.275318 	3.605551 	7.615773 	10.770329 	999.000000 	5.099020 	8.246211 	41.677334 	43.046486 	44.418465 	7.071068 	9.055386 	48.877399 	43.382023 	9.219544 	73.600273 	71.847061 	75.213028 	74.632431 	77.420929 	74.330345 	89.202019 	80.993828 	88.814415 	83.216583 	88.232651 	91.607857 	87.920418 	90.443352 	
61.741398 	57.558666 	53.758720 	55.326305 	53.535034 	53.338543 	53.235325 	55.000000 	51.009804 	43.324360 	43.416588 	42.379242 	48.000000 	46.043457 	41.773197 	38.275318 	43.840622 	37.483330 	39.623226 	5.385165 	43.931767 	37.013512 	39.824615 	3.605551 	33.600594 	2.236068 	2.828427 	5.830952 	5.099020 	999.000000 	3.162278 	36.891735 	38.275318 	39.661064 	2.000000 	4.000000 	44.102154 	38.470768 	5.000000 	69.028976 	67.201187 	70.604530 	70.000000 	72.801102 	69.634758 	84.646324 	76.275818 	84.202141 	78.492035 	83.600243 	87.005745 	83.234612 	85.802101 	
62.177166 	57.070133 	53.366657 	54.744862 	54.405884 	52.773098 	52.611786 	54.083271 	50.159744 	43.462627 	43.324360 	42.544094 	47.095646 	45.276924 	41.484936 	38.483765 	41.036568 	34.655445 	36.769554 	6.403124 	41.036568 	34.058773 	36.878178 	6.082763 	30.610456 	5.000000 	1.414214 	2.828427 	8.246211 	3.162278 	999.000000 	33.837849 	35.227829 	36.619667 	1.414214 	1.414214 	41.048752 	35.355339 	4.123106 	66.068146 	64.202805 	67.623962 	67.007462 	69.814041 	66.610809 	81.688431 	73.239334 	81.215759 	75.451973 	80.603973 	84.023804 	80.212219 	82.800964 	
67.416618 	53.758720 	51.855568 	50.931328 	65.000000 	49.578220 	48.836460 	46.754681 	44.553337 	49.658836 	47.413078 	49.244289 	41.773197 	42.011902 	44.294468 	46.818798 	11.000000 	7.211102 	7.280110 	36.249138 	9.219544 	3.605551 	5.000000 	38.470768 	4.000000 	38.078865 	34.132095 	31.064449 	41.677334 	36.891735 	33.837849 	999.000000 	1.414214 	2.828427 	35.227829 	33.600594 	7.211102 	3.605551 	35.468296 	32.526913 	30.479502 	33.970577 	33.301651 	36.124783 	32.802441 	48.104053 	39.408119 	47.507893 	41.617306 	46.861500 	50.328918 	46.400433 	49.040798 	
67.742157 	53.814495 	52.009613 	50.990196 	65.551506 	49.678970 	48.918301 	46.690472 	44.598206 	50.159744 	47.853943 	49.769470 	41.868843 	42.201897 	44.721359 	47.434166 	10.049875 	7.071068 	6.708204 	37.576588 	8.062258 	3.605551 	4.123106 	39.824615 	5.099020 	39.446167 	35.510563 	32.449963 	43.046486 	38.275318 	35.227829 	1.414214 	999.000000 	1.414214 	36.619667 	35.000000 	5.830952 	3.605551 	36.878178 	31.112698 	29.068884 	32.557640 	31.890438 	34.713108 	31.400637 	46.690472 	38.013157 	46.097721 	40.224369 	45.453274 	48.918301 	45.000000 	47.634022 	
68.095520 	53.907330 	52.201534 	51.088158 	66.128662 	49.819675 	49.040798 	46.669048 	44.687805 	50.695168 	48.332184 	50.328918 	42.011902 	42.438190 	45.188496 	48.083260 	9.219544 	7.211102 	6.403124 	38.910152 	7.000000 	4.123106 	3.605551 	41.182522 	6.324555 	40.816662 	36.891735 	33.837849 	44.418465 	39.661064 	36.619667 	2.828427 	1.414214 	999.000000 	38.013157 	36.400551 	4.472136 	4.123106 	38.288380 	29.698484 	27.658634 	31.144823 	30.479502 	33.301651 	30.000000 	45.276924 	36.619667 	44.687805 	38.832977 	44.045429 	47.507893 	43.600460 	46.227695 	
62.609905 	57.870544 	54.129475 	55.578773 	54.644306 	53.600372 	53.460266 	55.036350 	51.088158 	44.011364 	43.965897 	43.081318 	48.041649 	46.173584 	42.201897 	39.000000 	42.449970 	36.069378 	38.183765 	6.403124 	42.449970 	35.468296 	38.288380 	5.385165 	32.015621 	4.123106 	2.000000 	4.242640 	7.071068 	2.000000 	1.414214 	35.227829 	36.619667 	38.013157 	999.000000 	2.000000 	42.438190 	36.715118 	3.605551 	67.475922 	65.604881 	69.028976 	68.410522 	71.217972 	68.007355 	83.096329 	74.632431 	82.619614 	76.843994 	82.006096 	85.428329 	81.608826 	84.202141 	
63.529522 	58.249462 	54.571056 	55.901699 	55.803226 	53.935146 	53.758720 	55.145264 	51.244511 	44.777225 	44.598206 	43.863426 	48.166378 	46.389652 	42.720020 	39.812057 	41.109608 	34.713108 	36.796738 	7.810250 	41.012192 	33.970577 	36.796738 	7.280110 	30.479502 	6.082763 	2.828427 	3.162278 	9.055386 	4.000000 	1.414214 	33.600594 	35.000000 	36.400551 	2.000000 	999.000000 	40.804413 	34.985710 	3.000000 	65.946945 	64.031242 	67.475922 	66.843102 	69.656296 	66.400299 	81.565926 	73.006851 	81.055534 	75.213028 	80.430092 	83.868942 	80.000000 	82.619614 	
70.661163 	55.803226 	54.378304 	53.009434 	69.260376 	51.865211 	51.039200 	48.270073 	46.615448 	53.758720 	51.264023 	53.450912 	44.102154 	44.777225 	48.104053 	51.419842 	9.219544 	10.198039 	8.544003 	43.382023 	6.403124 	8.062258 	6.082763 	45.650848 	10.770329 	45.276924 	41.340054 	38.275318 	48.877399 	44.102154 	41.048752 	7.211102 	5.830952 	4.472136 	42.438190 	40.804413 	999.000000 	6.708204 	42.638012 	25.495098 	23.345236 	26.870058 	26.172504 	29.000000 	25.612497 	41.012192 	32.202484 	40.360870 	34.409302 	39.698868 	43.185646 	39.204590 	41.868843 	
71.021126 	57.314919 	55.443665 	54.488529 	68.541962 	53.150730 	52.402290 	50.249378 	48.104053 	53.225933 	51.000000 	52.801514 	45.343136 	45.607018 	47.885281 	50.328918 	13.341664 	10.630146 	10.295630 	38.275318 	11.045361 	7.071068 	7.615773 	40.311287 	7.280110 	39.812057 	35.777088 	32.649654 	43.382023 	38.470768 	35.355339 	3.605551 	3.605551 	4.123106 	36.715118 	34.985710 	6.708204 	999.000000 	36.619667 	32.015621 	29.732138 	33.301651 	32.557640 	35.383614 	31.827662 	47.423622 	38.288380 	46.669048 	40.459858 	45.967381 	49.497475 	45.343136 	48.104053 	
66.189125 	61.188232 	57.489128 	58.855755 	58.249462 	56.885849 	56.718605 	58.137768 	54.230988 	47.539455 	47.434166 	46.615448 	51.156624 	49.365982 	45.607018 	42.544094 	43.416588 	37.013512 	39.051247 	10.000000 	43.185646 	36.069378 	38.897301 	8.602325 	32.526913 	7.211102 	5.385165 	6.082763 	9.219544 	5.000000 	4.123106 	35.468296 	36.878178 	38.288380 	3.605551 	3.000000 	42.638012 	36.619667 	999.000000 	67.941154 	65.946945 	69.426216 	68.767723 	71.589104 	68.249542 	83.546394 	74.813103 	82.975899 	77.006493 	82.328613 	85.796272 	81.835197 	84.504440 	
81.049370 	63.560993 	63.788715 	61.188232 	83.024094 	60.827625 	59.841457 	55.317268 	55.578773 	68.029404 	65.007690 	68.066147 	54.230988 	56.080299 	62.032249 	67.364677 	25.942244 	31.906113 	29.681644 	67.675697 	25.238859 	32.015621 	29.206163 	70.213959 	35.468296 	70.000000 	66.219330 	63.253460 	73.600273 	69.028976 	66.068146 	32.526913 	31.112698 	29.698484 	67.475922 	65.946945 	25.495098 	32.015621 	67.941154 	999.000000 	3.000000 	2.000000 	2.236068 	4.123106 	4.242640 	15.620500 	9.000000 	15.264338 	11.045361 	14.764823 	18.027756 	14.866069 	17.000000 	
81.584312 	64.288414 	64.327286 	61.846584 	83.150467 	61.392181 	60.415230 	56.044624 	56.089214 	68.007355 	65.030762 	68.000000 	54.589375 	56.320511 	62.008064 	67.119293 	24.698177 	30.413813 	28.178005 	66.037865 	23.706539 	30.232433 	27.459061 	68.505478 	33.600594 	68.242218 	64.404968 	61.400326 	71.847061 	67.201187 	64.202805 	30.479502 	29.068884 	27.658634 	65.604881 	64.031242 	23.345236 	29.732138 	65.946945 	3.000000 	999.000000 	3.605551 	2.828427 	5.656854 	3.000000 	17.691807 	9.486833 	17.029387 	11.704700 	16.401220 	19.849434 	16.124516 	18.601076 	
83.024094 	65.513359 	65.764732 	63.150612 	85.023529 	62.801273 	61.814240 	57.271286 	57.558666 	70.028564 	67.007462 	70.064255 	56.222771 	58.077534 	64.031242 	69.354164 	27.730848 	33.615471 	31.384710 	69.339745 	26.925823 	33.600594 	30.805843 	71.847061 	37.013512 	71.610054 	67.801178 	64.815125 	75.213028 	70.604530 	67.623962 	33.970577 	32.557640 	31.144823 	69.028976 	67.475922 	26.870058 	33.301651 	69.426216 	2.000000 	3.605551 	999.000000 	1.000000 	2.236068 	3.162278 	14.142136 	7.000000 	13.601471 	9.055386 	13.038404 	16.401220 	13.000000 	15.264338 	
83.186539 	65.734314 	65.924202 	63.348244 	85.052925 	62.968246 	61.983868 	57.489128 	57.706154 	70.007141 	67.000000 	70.028564 	56.320511 	58.137768 	64.007812 	69.260376 	27.313000 	33.120991 	30.886890 	68.796799 	26.419689 	33.015148 	30.232433 	71.281136 	36.400551 	71.028160 	67.201187 	64.202805 	74.632431 	70.000000 	67.007462 	33.301651 	31.890438 	30.479502 	68.410522 	66.843102 	26.172504 	32.557640 	68.767723 	2.236068 	2.828427 	1.000000 	999.000000 	2.828427 	2.236068 	14.866069 	7.071068 	14.212670 	9.219544 	13.601471 	17.029387 	13.416408 	15.811388 	
84.852814 	67.268120 	67.601776 	64.938431 	87.005745 	64.629715 	63.639610 	59.033890 	59.413803 	72.062469 	69.028976 	72.111023 	58.137768 	60.033325 	66.068146 	71.449280 	29.966648 	35.846897 	33.615471 	71.561165 	29.154760 	35.805027 	33.015148 	74.060783 	39.204590 	73.817345 	70.000000 	67.007462 	77.420929 	72.801102 	69.814041 	36.124783 	34.713108 	33.301651 	71.217972 	69.656296 	29.000000 	35.383614 	71.589104 	4.123106 	5.656854 	2.236068 	2.828427 	999.000000 	4.123106 	12.041595 	5.099020 	11.401754 	7.000000 	10.816654 	14.212670 	10.770329 	13.038404 	
84.528099 	67.186310 	67.268120 	64.761101 	86.145226 	64.327286 	63.348244 	58.940647 	59.033890 	71.007042 	68.029404 	71.000000 	57.558666 	59.304298 	65.007690 	70.114189 	27.513634 	33.105892 	30.870699 	68.600288 	26.400757 	32.756680 	30.016663 	71.021126 	36.055511 	70.724815 	66.850578 	63.820061 	74.330345 	69.634758 	66.610809 	32.802441 	31.400637 	30.000000 	68.007355 	66.400299 	25.612497 	31.827662 	68.249542 	4.242640 	3.000000 	3.162278 	2.236068 	4.123106 	999.000000 	15.811388 	6.708204 	14.866069 	8.944272 	14.142136 	17.691807 	13.601471 	16.278820 	
92.048897 	74.108032 	75.000000 	72.027771 	95.336250 	72.000000 	71.000000 	66.030296 	67.029846 	80.894997 	77.781746 	81.049370 	66.189125 	68.359344 	74.966660 	80.808418 	41.340054 	47.434166 	45.221676 	83.234612 	40.804413 	47.634022 	44.821869 	85.802101 	51.088158 	85.603737 	81.835197 	78.873314 	89.202019 	84.646324 	81.688431 	48.104053 	46.690472 	45.276924 	83.096329 	81.565926 	41.012192 	47.423622 	83.546394 	15.620500 	17.691807 	14.142136 	14.866069 	12.041595 	15.811388 	999.000000 	10.440307 	2.236068 	9.055386 	3.162278 	3.000000 	5.385165 	3.605551 	
89.944427 	72.367119 	72.691124 	70.035706 	92.021736 	69.720871 	68.731361 	64.132675 	64.498062 	77.025970 	74.006760 	77.058418 	63.198101 	65.069191 	71.028160 	76.321686 	34.176014 	39.812057 	37.576588 	75.292763 	33.105892 	39.446167 	36.715118 	77.698135 	42.720020 	77.388626 	73.498299 	70.455658 	80.993828 	76.275818 	73.239334 	39.408119 	38.013157 	36.619667 	74.632431 	73.006851 	32.202484 	38.288380 	74.813103 	9.000000 	9.486833 	7.000000 	7.071068 	5.099020 	6.708204 	10.440307 	999.000000 	8.944272 	2.236068 	8.062258 	11.661903 	7.071068 	10.000000 	
93.134308 	75.239616 	76.026314 	73.109505 	96.187317 	73.027390 	72.027771 	67.119293 	68.000000 	81.614952 	78.517517 	81.743500 	67.067131 	69.180923 	75.663727 	81.394104 	41.182522 	47.169907 	44.944408 	82.927681 	40.496914 	47.201694 	44.407207 	85.445892 	50.606323 	85.211502 	81.400246 	78.409180 	88.814415 	84.202141 	81.215759 	47.507893 	46.097721 	44.687805 	82.619614 	81.055534 	40.360870 	46.669048 	82.975899 	15.264338 	17.029387 	13.601471 	14.212670 	11.401754 	14.866069 	2.236068 	8.944272 	999.000000 	7.280110 	1.000000 	2.828427 	3.162278 	2.000000 	
91.787796 	74.148499 	74.545288 	71.847061 	94.005318 	71.568146 	70.576202 	65.924202 	66.370171 	79.056938 	76.026314 	79.101204 	65.122963 	67.029846 	73.061615 	78.409180 	36.400551 	42.047592 	39.812057 	77.524193 	35.341194 	41.677334 	38.948685 	79.924965 	44.944408 	79.611557 	75.716576 	72.670486 	83.216583 	78.492035 	75.451973 	41.617306 	40.224369 	38.832977 	76.843994 	75.213028 	34.409302 	40.459858 	77.006493 	11.045361 	11.704700 	9.055386 	9.219544 	7.000000 	8.944272 	9.055386 	2.236068 	7.280110 	999.000000 	6.324555 	9.848858 	5.000000 	8.062258 	
93.193344 	75.325958 	76.059189 	73.171036 	96.130119 	73.061615 	72.062469 	67.186310 	68.007355 	81.498466 	78.409180 	81.614952 	67.029846 	69.115845 	75.538071 	81.215759 	40.706264 	46.647614 	44.418465 	82.377182 	39.962482 	46.615448 	43.829212 	84.876381 	50.000000 	84.628601 	80.802231 	77.801025 	88.232651 	83.600243 	80.603973 	46.861500 	45.453274 	44.045429 	82.006096 	80.430092 	39.698868 	45.967381 	82.328613 	14.764823 	16.401220 	13.038404 	13.601471 	10.816654 	14.142136 	3.162278 	8.062258 	1.000000 	6.324555 	999.000000 	3.605551 	2.236068 	2.236068 	
95.047356 	77.103828 	78.000000 	75.026665 	98.325989 	75.000000 	74.000000 	69.028976 	70.028564 	83.862984 	80.752708 	84.011902 	69.180923 	71.344238 	77.929459 	83.743660 	43.908997 	49.929951 	47.707443 	85.702972 	43.266617 	50.000000 	47.201694 	88.232651 	53.413483 	88.005684 	84.202141 	81.215759 	91.607857 	87.005745 	84.023804 	50.328918 	48.918301 	47.507893 	85.428329 	83.868942 	43.185646 	49.497475 	85.796272 	18.027756 	19.849434 	16.401220 	17.029387 	14.212670 	17.691807 	3.000000 	11.661903 	2.828427 	9.848858 	3.605551 	999.000000 	5.099020 	2.000000 	
94.339813 	76.531036 	77.162170 	74.330345 	97.046379 	74.168724 	73.171036 	68.359344 	69.065186 	82.298241 	79.227524 	82.389320 	68.000000 	70.028564 	76.321686 	81.884064 	40.718548 	46.529560 	44.294468 	82.152298 	39.824615 	46.324940 	43.566040 	84.599052 	49.648766 	84.314888 	80.448738 	77.420929 	87.920418 	83.234612 	80.212219 	46.400433 	45.000000 	43.600460 	81.608826 	80.000000 	39.204590 	45.343136 	81.835197 	14.866069 	16.124516 	13.000000 	13.416408 	10.770329 	13.601471 	5.385165 	7.071068 	3.162278 	5.000000 	2.236068 	5.099020 	999.000000 	3.162278 	
95.131485 	77.233414 	78.025635 	75.106590 	98.183502 	75.026665 	74.027023 	69.115845 	70.000000 	83.600243 	80.504662 	83.725746 	69.065186 	71.175842 	77.646637 	83.360664 	42.941822 	48.877399 	46.647614 	84.599052 	42.190044 	48.826221 	46.043457 	87.091904 	52.201534 	86.838928 	83.006027 	80.000000 	90.443352 	85.802101 	82.800964 	49.040798 	47.634022 	46.227695 	84.202141 	82.619614 	41.868843 	48.104053 	84.504440 	17.000000 	18.601076 	15.264338 	15.811388 	13.038404 	16.278820 	3.605551 	10.000000 	2.000000 	8.062258 	2.236068 	2.000000 	3.162278 	999.000000 	

Travel time:
9.000000 	0.450694 	0.431567 	0.500625 	0.285044 	0.505594 	0.530330 	0.650481 	0.637377 	0.480234 	0.512957 	0.500000 	0.680074 	0.650000 	0.585769 	0.596343 	1.556037 	1.522539 	1.554429 	1.409122 	1.622113 	1.603512 	1.622113 	1.467353 	1.601757 	1.500208 	1.520691 	1.535008 	1.518634 	1.543535 	1.554429 	1.685416 	1.693554 	1.702388 	1.565248 	1.588238 	1.766529 	1.775528 	1.654728 	2.026234 	2.039608 	2.075602 	2.079664 	2.121320 	2.113203 	2.301222 	2.248611 	2.328358 	2.294695 	2.329834 	2.376184 	2.358495 	2.378287 	
0.450694 	9.000000 	0.103078 	0.070711 	0.604669 	0.111803 	0.125000 	0.206155 	0.230489 	0.427200 	0.382426 	0.450694 	0.301040 	0.313249 	0.400000 	0.539676 	1.171804 	1.168867 	1.190850 	1.308625 	1.241219 	1.256234 	1.261200 	1.380670 	1.273283 	1.408013 	1.397542 	1.388569 	1.451938 	1.438967 	1.426753 	1.343968 	1.345362 	1.347683 	1.446764 	1.456237 	1.395081 	1.432873 	1.529706 	1.589025 	1.607210 	1.637834 	1.643358 	1.681703 	1.679658 	1.852701 	1.809178 	1.880990 	1.853712 	1.883149 	1.927596 	1.913276 	1.930835 	
0.431567 	0.103078 	9.000000 	0.090139 	0.538516 	0.075000 	0.100000 	0.230489 	0.206155 	0.325000 	0.279509 	0.348210 	0.257391 	0.247487 	0.301040 	0.436606 	1.141271 	1.125000 	1.151086 	1.212693 	1.209339 	1.210372 	1.220656 	1.283793 	1.220912 	1.311726 	1.304320 	1.298075 	1.353699 	1.343968 	1.334166 	1.296389 	1.300240 	1.305038 	1.353237 	1.364276 	1.359458 	1.386092 	1.437228 	1.594718 	1.608182 	1.644118 	1.648105 	1.690044 	1.681703 	1.875000 	1.817278 	1.900658 	1.863632 	1.901480 	1.950000 	1.929054 	1.950641 	
0.500625 	0.070711 	0.090139 	9.000000 	0.626997 	0.050000 	0.055902 	0.150000 	0.160078 	0.403113 	0.348210 	0.425000 	0.230489 	0.246221 	0.353553 	0.506211 	1.102554 	1.098294 	1.120547 	1.253994 	1.171804 	1.185591 	1.190850 	1.327121 	1.202601 	1.353699 	1.340009 	1.328768 	1.400223 	1.383158 	1.368622 	1.273283 	1.274755 	1.277204 	1.389469 	1.397542 	1.325236 	1.362213 	1.471394 	1.529706 	1.546165 	1.578765 	1.583706 	1.623461 	1.619027 	1.800694 	1.750893 	1.827738 	1.796177 	1.829276 	1.875667 	1.858259 	1.877665 	
0.285044 	0.604669 	0.538516 	0.626997 	9.000000 	0.608790 	0.632456 	0.766893 	0.715891 	0.388104 	0.456207 	0.395285 	0.728869 	0.675463 	0.534439 	0.458939 	1.540292 	1.478386 	1.518223 	1.206493 	1.600781 	1.550806 	1.581139 	1.256234 	1.533175 	1.290591 	1.325236 	1.350926 	1.297112 	1.338376 	1.360147 	1.625000 	1.638788 	1.653217 	1.366108 	1.395081 	1.731509 	1.713549 	1.456237 	2.075602 	2.078762 	2.125588 	2.126323 	2.175144 	2.153631 	2.383406 	2.300543 	2.404683 	2.350133 	2.403253 	2.458150 	2.426159 	2.454587 	
0.505594 	0.111803 	0.075000 	0.050000 	0.608790 	9.000000 	0.025000 	0.158114 	0.134629 	0.360555 	0.302076 	0.381608 	0.195256 	0.201556 	0.304138 	0.459619 	1.076162 	1.065950 	1.090011 	1.204159 	1.144825 	1.152443 	1.160011 	1.277204 	1.166726 	1.303840 	1.290591 	1.279893 	1.350231 	1.333464 	1.319327 	1.239455 	1.241974 	1.245492 	1.340009 	1.348379 	1.296630 	1.328768 	1.422146 	1.520691 	1.534805 	1.570032 	1.574206 	1.615743 	1.608182 	1.800000 	1.743022 	1.825685 	1.789204 	1.826540 	1.875000 	1.854218 	1.875667 	
0.530330 	0.125000 	0.100000 	0.055902 	0.632456 	0.025000 	9.000000 	0.134629 	0.111803 	0.375000 	0.313249 	0.395285 	0.176777 	0.190394 	0.309233 	0.469707 	1.054751 	1.046721 	1.070047 	1.202341 	1.123610 	1.133578 	1.140175 	1.275980 	1.149184 	1.302162 	1.286954 	1.274755 	1.350000 	1.330883 	1.315295 	1.220912 	1.222957 	1.226020 	1.336507 	1.343968 	1.275980 	1.310057 	1.417965 	1.496036 	1.510381 	1.545356 	1.549597 	1.590990 	1.583706 	1.775000 	1.718284 	1.800694 	1.764405 	1.801562 	1.850000 	1.829276 	1.850676 	
0.650481 	0.206155 	0.230489 	0.150000 	0.766893 	0.158114 	0.134629 	9.000000 	0.103078 	0.494975 	0.425735 	0.512957 	0.175000 	0.230489 	0.403113 	0.575543 	0.980115 	0.990581 	1.007782 	1.251000 	1.050297 	1.079641 	1.078483 	1.327121 	1.105102 	1.350926 	1.325943 	1.305996 	1.405569 	1.375000 	1.352082 	1.168867 	1.167262 	1.166726 	1.375909 	1.378632 	1.206752 	1.256234 	1.453444 	1.382932 	1.401116 	1.431782 	1.437228 	1.475847 	1.473516 	1.650757 	1.603317 	1.677982 	1.648105 	1.679658 	1.725724 	1.708984 	1.727896 	
0.637377 	0.230489 	0.206155 	0.160078 	0.715891 	0.134629 	0.111803 	0.103078 	9.000000 	0.410031 	0.336341 	0.425735 	0.079057 	0.127475 	0.305164 	0.480234 	0.943398 	0.938416 	0.960469 	1.150272 	1.012423 	1.025914 	1.030776 	1.226020 	1.044330 	1.250250 	1.227294 	1.209339 	1.303840 	1.275245 	1.253994 	1.113833 	1.114955 	1.117195 	1.277204 	1.281113 	1.165386 	1.202601 	1.355775 	1.389469 	1.402230 	1.438967 	1.442654 	1.485345 	1.475847 	1.675746 	1.612452 	1.700000 	1.659254 	1.700184 	1.750714 	1.726630 	1.750000 	
0.480234 	0.427200 	0.325000 	0.403113 	0.388104 	0.360555 	0.375000 	0.494975 	0.410031 	9.000000 	0.079057 	0.025000 	0.391312 	0.325000 	0.150000 	0.127475 	1.152443 	1.091444 	1.130542 	0.948683 	1.212693 	1.165386 	1.193995 	1.013040 	1.151629 	1.044031 	1.053862 	1.062132 	1.073837 	1.083109 	1.086566 	1.241471 	1.253994 	1.267379 	1.100284 	1.119431 	1.343968 	1.330648 	1.188486 	1.700735 	1.700184 	1.750714 	1.750179 	1.801562 	1.775176 	2.022375 	1.925649 	2.040374 	1.976424 	2.037462 	2.096575 	2.057456 	2.090006 	
0.512957 	0.382426 	0.279509 	0.348210 	0.456207 	0.302076 	0.313249 	0.425735 	0.336341 	0.079057 	9.000000 	0.090139 	0.313249 	0.246221 	0.079057 	0.158114 	1.085415 	1.030776 	1.068001 	0.951972 	1.147007 	1.107080 	1.132751 	1.019804 	1.097725 	1.049405 	1.051487 	1.053862 	1.085415 	1.085415 	1.083109 	1.185327 	1.196349 	1.208305 	1.099147 	1.114955 	1.281601 	1.275000 	1.185854 	1.625192 	1.625769 	1.675187 	1.675000 	1.725724 	1.700735 	1.944544 	1.850169 	1.962938 	1.900658 	1.960230 	2.018818 	1.980688 	2.012617 	
0.500000 	0.450694 	0.348210 	0.425000 	0.395285 	0.381608 	0.395285 	0.512957 	0.425735 	0.025000 	0.090139 	9.000000 	0.403113 	0.335410 	0.152069 	0.103078 	1.147279 	1.083109 	1.123054 	0.925000 	1.206752 	1.155963 	1.185854 	0.989002 	1.140449 	1.020110 	1.030776 	1.039832 	1.049405 	1.059481 	1.063602 	1.231107 	1.244237 	1.258223 	1.077033 	1.096586 	1.336273 	1.320038 	1.165386 	1.701654 	1.700000 	1.751606 	1.750714 	1.802776 	1.775000 	2.026234 	1.926461 	2.043587 	1.977530 	2.040374 	2.100297 	2.059733 	2.093144 	
0.680074 	0.301040 	0.257391 	0.230489 	0.728869 	0.195256 	0.176777 	0.175000 	0.079057 	0.391312 	0.313249 	0.403113 	9.000000 	0.070711 	0.265754 	0.442295 	0.883883 	0.870704 	0.895126 	1.076162 	0.951972 	0.957209 	0.965013 	1.152443 	0.972432 	1.176063 	1.151086 	1.131923 	1.231361 	1.200000 	1.177391 	1.044330 	1.046721 	1.050297 	1.201041 	1.204159 	1.102554 	1.133578 	1.278916 	1.355775 	1.364734 	1.405569 	1.408013 	1.453444 	1.438967 	1.654728 	1.579952 	1.676678 	1.628074 	1.675746 	1.729523 	1.700000 	1.726630 	
0.650000 	0.313249 	0.247487 	0.246221 	0.675463 	0.201556 	0.190394 	0.230489 	0.127475 	0.325000 	0.246221 	0.335410 	0.070711 	9.000000 	0.195256 	0.371652 	0.906228 	0.880696 	0.908983 	1.025000 	0.972754 	0.965013 	0.977880 	1.100284 	0.973717 	1.125000 	1.104536 	1.089151 	1.177391 	1.151086 	1.131923 	1.050297 	1.055047 	1.060955 	1.154340 	1.159741 	1.119431 	1.140175 	1.234150 	1.402007 	1.408013 	1.451938 	1.453444 	1.500833 	1.482607 	1.708984 	1.626730 	1.729523 	1.675746 	1.727896 	1.783606 	1.750714 	1.779396 	
0.585769 	0.400000 	0.301040 	0.353553 	0.534439 	0.304138 	0.309233 	0.403113 	0.305164 	0.150000 	0.079057 	0.152069 	0.265754 	0.195256 	9.000000 	0.176777 	1.006541 	0.951972 	0.989002 	0.912414 	1.068001 	1.028652 	1.053862 	0.982980 	1.020416 	1.011187 	1.006541 	1.004054 	1.052675 	1.044330 	1.037123 	1.107362 	1.118034 	1.129712 	1.055047 	1.068001 	1.202601 	1.197132 	1.140175 	1.550806 	1.550202 	1.600781 	1.600195 	1.651704 	1.625192 	1.874166 	1.775704 	1.891593 	1.826540 	1.888452 	1.948236 	1.908042 	1.941166 	
0.596343 	0.539676 	0.436606 	0.506211 	0.458939 	0.459619 	0.469707 	0.575543 	0.480234 	0.127475 	0.158114 	0.103078 	0.442295 	0.371652 	0.176777 	9.000000 	1.107080 	1.030776 	1.073837 	0.822344 	1.163239 	1.099147 	1.133854 	0.886002 	1.077033 	0.917197 	0.929045 	0.939747 	0.946375 	0.956883 	0.962094 	1.170470 	1.185854 	1.202081 	0.975000 	0.995301 	1.285496 	1.258223 	1.063602 	1.684117 	1.677982 	1.733854 	1.731509 	1.786232 	1.752855 	2.020211 	1.908042 	2.034853 	1.960230 	2.030394 	2.093591 	2.047101 	2.084017 	
1.556037 	1.171804 	1.141271 	1.102554 	1.540292 	1.076162 	1.054751 	0.980115 	0.943398 	1.152443 	1.085415 	1.147279 	0.883883 	0.906228 	1.006541 	1.107080 	9.000000 	0.160078 	0.111803 	1.050297 	0.070711 	0.206155 	0.150000 	1.117195 	0.292617 	1.114955 	1.025305 	0.955249 	1.204159 	1.096016 	1.025914 	0.275000 	0.251247 	0.230489 	1.061249 	1.027740 	0.230489 	0.333542 	1.085415 	0.648556 	0.617454 	0.693271 	0.682825 	0.749166 	0.687841 	1.033501 	0.854400 	1.029563 	0.910014 	1.017657 	1.097725 	1.017964 	1.073546 	
