Total assets = 550
Number of asset nodes = 33

Distance:
999.000000 	1.414214 	47.381432 	8.000000 	43.278172 	86.608315 	48.166378 	103.773796 	15.524175 	69.771057 	52.697250 	45.607018 	10.440307 	46.400433 	47.010635 	93.600212 	71.386276 	87.458565 	115.247559 	112.680969 	81.394104 	53.600372 	78.714676 	110.136276 	14.142136 	11.401754 	115.762688 	51.855568 	113.740936 	54.817879 	111.220505 	76.157730 	14.866069 	89.375610 	23.194826 	48.836460 	78.390053 	14.212670 	71.561165 	92.195442 	59.033890 	25.179358 	109.041275 	53.814495 	18.681541 	18.973665 	17.888544 	17.492855 	48.836460 	57.314919 	
1.414214 	999.000000 	47.381432 	7.071068 	43.185646 	86.838928 	48.104053 	104.100914 	14.866069 	70.213959 	53.000000 	45.453274 	9.219544 	46.227695 	47.201694 	93.813644 	72.180328 	87.618492 	115.602768 	113.017700 	81.859634 	53.823788 	79.158073 	110.453613 	13.038404 	10.000000 	116.107712 	52.009613 	114.057007 	55.000000 	111.516815 	76.537575 	13.601471 	89.498604 	22.360680 	48.918301 	78.771820 	12.806249 	71.867935 	92.314682 	59.203041 	24.331051 	109.288612 	53.907330 	17.464249 	17.720045 	16.552946 	16.124516 	48.795490 	57.384666 	
47.381432 	47.381432 	999.000000 	42.011902 	5.099020 	40.718548 	2.236068 	58.872746 	34.669872 	115.935326 	99.639351 	5.385165 	43.266617 	5.830952 	94.260277 	47.413078 	114.127121 	40.816662 	70.576202 	67.779053 	127.318497 	100.767059 	124.807854 	65.000000 	40.311287 	47.169907 	70.936592 	99.156441 	68.541962 	102.068604 	65.795135 	122.641754 	42.941822 	42.438190 	31.953091 	96.208107 	124.851913 	47.885281 	118.406082 	45.221676 	106.301460 	31.320919 	63.063461 	101.178062 	41.231056 	42.154476 	44.777225 	46.097721 	96.176918 	104.690018 	
8.000000 	7.071068 	42.011902 	999.000000 	37.536648 	82.152298 	42.520584 	99.764725 	8.062258 	76.967529 	59.539902 	39.597980 	3.605551 	40.311287 	53.535034 	89.044930 	79.246452 	82.661964 	111.364265 	108.706024 	88.639717 	60.207973 	85.906929 	106.066017 	6.324555 	7.071068 	111.825760 	58.249462 	109.658562 	61.294373 	107.042046 	83.186539 	7.810250 	84.403793 	15.297058 	55.000000 	85.422478 	9.486833 	78.390053 	87.200920 	65.459915 	17.262676 	104.623131 	60.000000 	11.180340 	11.661903 	11.313708 	11.401754 	54.561890 	63.411354 	
43.278172 	43.185646 	5.099020 	37.536648 	999.000000 	45.694637 	5.000000 	63.906181 	30.000000 	112.361023 	95.801880 	3.000000 	38.600517 	4.000000 	90.271812 	52.325901 	111.233986 	45.650848 	75.610847 	72.801102 	123.822456 	96.829750 	121.264175 	70.007141 	35.510563 	42.438190 	75.960518 	95.131485 	73.539108 	98.081596 	70.774292 	118.983192 	38.078865 	47.169907 	26.925823 	92.097771 	121.202309 	43.046486 	114.621117 	49.929951 	102.303467 	26.248810 	67.977936 	97.082436 	36.249138 	37.161808 	39.812057 	41.146080 	91.934761 	100.568382 	
86.608315 	86.838928 	40.718548 	82.152298 	45.694637 	999.000000 	40.853397 	18.439089 	75.179787 	152.226807 	137.207870 	44.598206 	83.725746 	44.271889 	132.457535 	7.071068 	147.299011 	4.472136 	30.083218 	27.202942 	163.131851 	138.708328 	160.863297 	24.351591 	80.950600 	87.709747 	30.364452 	137.440903 	27.856777 	140.185593 	25.079872 	159.226257 	83.630135 	7.280110 	72.615425 	134.825821 	161.375336 	88.549423 	155.569916 	9.000000 	144.422989 	71.867935 	22.472204 	139.703262 	81.939003 	82.855293 	85.492691 	86.815895 	135.247925 	143.282944 	
48.166378 	48.104053 	2.236068 	42.520584 	5.000000 	40.853397 	999.000000 	59.135437 	35.000000 	117.046997 	100.603180 	4.000000 	43.600460 	4.123106 	95.131485 	47.423622 	115.550858 	40.706264 	70.837845 	68.007355 	128.471786 	101.671036 	125.936493 	65.192024 	40.496914 	47.434166 	71.168816 	100.004997 	68.709534 	102.941734 	65.924202 	123.709335 	43.046486 	42.190044 	31.780497 	97.000000 	125.924583 	48.020828 	119.402679 	44.944408 	107.168091 	31.016125 	63.071388 	101.980392 	41.146080 	42.047592 	44.721359 	46.065170 	96.876213 	105.475113 	
103.773796 	104.100914 	58.872746 	99.764725 	63.906181 	18.439089 	59.135437 	999.000000 	93.037628 	167.597733 	153.264481 	62.936478 	101.518471 	62.641838 	148.838837 	13.038404 	161.335052 	20.000000 	11.704700 	8.944272 	178.213348 	154.932236 	176.071014 	6.403124 	98.898941 	105.550934 	12.083046 	153.837570 	10.000000 	156.486420 	7.810250 	174.691162 	101.636604 	20.223749 	90.824005 	151.400131 	176.799316 	106.512909 	171.330093 	18.681541 	160.704697 	90.138779 	8.062258 	156.208191 	100.089958 	101.019798 	103.619499 	104.923782 	152.052628 	159.806137 	
15.524175 	14.866069 	34.669872 	8.062258 	30.000000 	75.179787 	35.000000 	93.037628 	999.000000 	85.000000 	67.601776 	31.890438 	8.602325 	32.557640 	61.587337 	81.987801 	86.884979 	75.471848 	104.694794 	101.980392 	96.664368 	68.264191 	93.941475 	99.282425 	6.082763 	12.529964 	105.118980 	66.287254 	102.859123 	69.339745 	100.184830 	91.241440 	9.055386 	77.103828 	8.062258 	63.007935 	93.477272 	13.601471 	86.452301 	79.881165 	73.498299 	10.049875 	97.616600 	68.007355 	9.486833 	10.440307 	12.041595 	13.000000 	62.481998 	71.400284 	
69.771057 	70.213959 	115.935326 	76.967529 	112.361023 	152.226807 	117.046997 	167.597733 	85.000000 	999.000000 	18.248287 	114.908661 	77.620872 	115.762688 	25.179358 	159.289047 	19.697716 	153.912308 	178.331146 	176.139145 	11.704700 	19.000000 	8.944272 	173.971268 	81.706795 	75.272835 	179.011169 	22.022715 	177.519012 	19.104973 	175.368179 	7.211102 	80.653580 	156.204987 	91.923882 	26.019224 	9.219544 	76.537575 	7.280110 	159.022018 	16.763054 	93.776329 	173.971268 	22.360680 	84.433403 	84.118965 	81.608826 	80.361679 	29.274563 	21.189621 	
52.697250 	53.000000 	99.639351 	59.539902 	95.801880 	137.207870 	100.603180 	153.264481 	67.601776 	18.248287 	999.000000 	98.229324 	59.933296 	99.045441 	7.000000 	144.277512 	30.016663 	138.600143 	164.295471 	161.969131 	29.832869 	3.162278 	26.925823 	159.665268 	63.976559 	57.384666 	164.924225 	5.656854 	163.248276 	5.099020 	160.962723 	23.769728 	62.769421 	140.758652 	74.249580 	8.944272 	26.000000 	58.523499 	18.867962 	143.586212 	8.246211 	76.059189 	159.289047 	8.062258 	66.483078 	66.128662 	63.568859 	62.297672 	13.038404 	10.198039 	
45.607018 	45.453274 	5.385165 	39.597980 	3.000000 	44.598206 	4.000000 	62.936478 	31.890438 	114.908661 	98.229324 	999.000000 	40.459858 	1.000000 	92.617493 	51.078373 	114.017540 	44.283180 	74.632431 	71.784401 	126.400162 	99.201813 	123.822456 	68.949257 	37.202152 	44.204071 	74.946648 	97.452553 	72.449982 	100.424103 	69.641945 	121.490738 	39.661064 	45.650848 	28.178005 	94.366310 	123.713379 	44.654228 	117.068359 	48.373547 	104.637466 	27.313000 	66.708321 	99.357941 	37.589893 	38.470768 	41.182522 	42.544094 	94.111633 	102.825096 	
10.440307 	9.219544 	43.266617 	3.605551 	38.600517 	83.725746 	43.600460 	101.518471 	8.602325 	77.620872 	59.933296 	40.459858 	999.000000 	41.109608 	53.712196 	90.553848 	80.752708 	84.059502 	113.159180 	110.462662 	89.319649 	60.415230 	86.539009 	107.782188 	4.123106 	4.123106 	113.595772 	58.309521 	111.364265 	61.400326 	108.706024 	83.671982 	4.472136 	85.702972 	14.317822 	54.918121 	85.906929 	6.082763 	78.714676 	88.481636 	65.513359 	16.155495 	106.174385 	59.908264 	8.246211 	8.544003 	7.810250 	7.810250 	54.203320 	63.245552 	
46.400433 	46.227695 	5.830952 	40.311287 	4.000000 	44.271889 	4.123106 	62.641838 	32.557640 	115.762688 	99.045441 	1.000000 	41.109608 	999.000000 	93.407707 	50.695168 	114.947815 	43.863426 	74.330345 	71.470276 	127.263504 	100.000000 	124.679588 	68.622154 	37.802116 	44.821869 	74.632431 	98.234413 	72.111023 	101.212646 	69.289246 	122.331520 	40.224369 	45.177429 	28.653097 	95.131485 	124.555206 	45.221676 	117.889778 	47.885281 	105.422958 	27.730848 	66.309875 	100.124924 	38.078865 	38.948685 	41.677334 	43.046486 	94.847244 	103.585716 	
47.010635 	47.201694 	94.260277 	53.535034 	90.271812 	132.457535 	95.131485 	148.838837 	61.587337 	25.179358 	7.000000 	92.617493 	53.712196 	93.407707 	999.000000 	139.517029 	36.249138 	133.689941 	160.000000 	157.610275 	36.674240 	6.708204 	33.734257 	155.241745 	57.706154 	50.990196 	160.601990 	5.000000 	158.836395 	7.810250 	156.486420 	30.364452 	56.364883 	135.771866 	68.000000 	4.123106 	32.572994 	52.000000 	25.079872 	138.600143 	12.041595 	69.771057 	154.673843 	7.615773 	60.008331 	59.615433 	57.008770 	55.713554 	8.062258 	11.180340 	
93.600212 	93.813644 	47.413078 	89.044930 	52.325901 	7.071068 	47.423622 	13.038404 	81.987801 	159.289047 	144.277512 	51.078373 	90.553848 	50.695168 	139.517029 	999.000000 	154.262756 	7.071068 	24.186773 	21.213203 	170.182251 	145.773804 	167.919617 	18.248287 	87.709747 	94.514549 	24.331051 	144.499130 	21.587032 	147.248093 	18.681541 	166.291916 	90.354858 	7.280110 	79.202271 	141.873184 	168.439896 	95.294281 	162.640701 	6.403124 	151.485977 	78.390053 	15.652476 	146.754898 	88.566360 	89.470665 	92.135773 	93.471924 	142.274384 	150.332962 	
71.386276 	72.180328 	114.127121 	79.246452 	111.233986 	147.299011 	115.550858 	161.335052 	86.884979 	19.697716 	30.016663 	114.017540 	80.752708 	114.947815 	36.249138 	154.262756 	999.000000 	149.495819 	171.493439 	169.531708 	22.203604 	32.449963 	22.000000 	167.600723 	84.852814 	79.309517 	172.246918 	35.510563 	171.058472 	33.600594 	169.144913 	24.331051 	84.480766 	152.013153 	94.540993 	38.948685 	25.079872 	81.154175 	26.925823 	154.777252 	33.241539 	96.509064 	168.220093 	37.202152 	88.459030 	88.362885 	86.209045 	85.146935 	43.046486 	37.536648 	
87.458565 	87.618492 	40.816662 	82.661964 	45.650848 	4.472136 	40.706264 	20.000000 	75.471848 	153.912308 	138.600143 	44.283180 	84.059502 	43.863426 	133.689941 	7.071068 	149.495819 	999.000000 	31.257000 	28.284271 	164.924225 	140.014282 	162.606888 	25.317978 	81.123360 	87.982956 	31.400637 	138.657852 	28.635643 	141.449631 	25.709921 	160.863297 	83.725746 	3.000000 	72.449982 	135.948517 	163.027603 	88.684837 	157.079605 	5.385165 	145.691452 	71.589104 	22.472204 	140.858078 	81.841309 	82.734512 	85.422478 	86.769814 	136.235092 	144.422989 	
115.247559 	115.602768 	70.576202 	111.364265 	75.610847 	30.083218 	70.837845 	11.704700 	104.694794 	178.331146 	164.295471 	74.632431 	113.159180 	74.330345 	160.000000 	24.186773 	171.493439 	31.257000 	999.000000 	3.000000 	188.809433 	166.027100 	186.724396 	6.000000 	110.571243 	117.200684 	1.000000 	165.000000 	3.605551 	167.609665 	6.324555 	185.456192 	113.318138 	31.016125 	102.528046 	162.631485 	187.544662 	118.186295 	182.222397 	29.017237 	171.816757 	101.843018 	10.770329 	167.409683 	111.789978 	112.720894 	115.316956 	116.619041 	163.367691 	171.011688 	
112.680969 	113.017700 	67.779053 	108.706024 	72.801102 	27.202942 	68.007355 	8.944272 	101.980392 	176.139145 	161.969131 	71.784401 	110.462662 	71.470276 	157.610275 	21.213203 	169.531708 	28.284271 	3.000000 	999.000000 	186.676193 	163.670395 	184.567062 	3.000000 	107.837845 	114.494545 	3.162278 	162.609970 	2.000000 	165.239227 	3.605551 	183.251190 	110.571243 	28.017851 	99.724625 	160.206116 	185.348328 	115.451286 	179.961105 	26.019224 	169.452057 	99.020203 	8.062258 	165.000000 	109.004585 	109.931801 	112.538879 	113.846390 	160.897476 	168.600113 	
81.394104 	81.859634 	127.318497 	88.639717 	123.822456 	163.131851 	128.471786 	178.213348 	96.664368 	11.704700 	29.832869 	126.400162 	89.319649 	127.263504 	36.674240 	170.182251 	22.203604 	164.924225 	188.809433 	186.676193 	999.000000 	30.265491 	3.000000 	184.567062 	93.407707 	86.977005 	189.509888 	33.136082 	188.095718 	30.066593 	186.002686 	7.280110 	92.358002 	167.263260 	103.619499 	37.121422 	5.830952 	88.232651 	13.341664 	170.073517 	27.018513 	105.475113 	184.718704 	33.000000 	96.135323 	95.817535 	93.300591 	92.048897 	40.000000 	31.144823 	
53.600372 	53.823788 	100.767059 	60.207973 	96.829750 	138.708328 	101.671036 	154.932236 	68.264191 	19.000000 	3.162278 	99.201813 	60.415230 	100.000000 	6.708204 	145.773804 	32.449963 	140.014282 	166.027100 	163.670395 	30.265491 	999.000000 	27.294687 	161.335052 	64.412735 	57.697487 	166.643326 	3.162278 	164.924225 	2.000000 	162.606888 	23.769728 	63.071388 	142.130219 	74.706093 	7.071068 	25.961510 	58.694122 	18.384777 	144.958618 	5.830952 	76.478752 	160.863297 	5.000000 	66.708321 	66.309875 	63.694584 	62.393909 	10.770329 	7.071068 	
78.714676 	79.158073 	124.807854 	85.906929 	121.264175 	160.863297 	125.936493 	176.071014 	93.941475 	8.944272 	26.925823 	123.822456 	86.539009 	124.679588 	33.734257 	167.919617 	22.000000 	162.606888 	186.724396 	184.567062 	3.000000 	27.294687 	999.000000 	182.433548 	90.620087 	84.154617 	187.416641 	30.149628 	185.970428 	27.073973 	183.853195 	4.472136 	89.537704 	164.924225 	100.846420 	34.132095 	3.605551 	85.381500 	10.440307 	167.737885 	24.020824 	102.693718 	182.521225 	30.000000 	93.300591 	92.973114 	90.443352 	89.185204 	37.000000 	28.160255 	
110.136276 	110.453613 	65.000000 	106.066017 	70.007141 	24.351591 	65.192024 	6.403124 	99.282425 	173.971268 	159.665268 	68.949257 	107.782188 	68.622154 	155.241745 	18.248287 	167.600723 	25.317978 	6.000000 	3.000000 	184.567062 	161.335052 	182.433548 	999.000000 	105.118980 	111.803398 	6.082763 	160.240448 	3.605551 	162.889526 	2.000000 	181.069046 	107.837845 	25.019993 	96.932968 	157.800507 	183.174774 	112.729767 	177.721695 	23.021729 	167.107742 	96.208107 	5.656854 	162.609970 	106.230881 	107.154091 	109.772491 	111.085556 	158.445572 	166.207703 	
14.142136 	13.038404 	40.311287 	6.324555 	35.510563 	80.950600 	40.496914 	98.898941 	6.082763 	81.706795 	63.976559 	37.202152 	4.123106 	37.802116 	57.706154 	87.709747 	84.852814 	81.123360 	110.571243 	107.837845 	93.407707 	64.412735 	90.620087 	105.118980 	999.000000 	7.071068 	110.981979 	62.265560 	108.687622 	65.368187 	105.990562 	87.726852 	3.000000 	82.680107 	10.295630 	58.830265 	89.961105 	7.615773 	82.734512 	85.440041 	69.462219 	12.083046 	103.353760 	63.812225 	5.000000 	5.656854 	6.324555 	7.071068 	58.008621 	67.119293 	
11.401754 	10.000000 	47.169907 	7.071068 	42.438190 	87.709747 	47.434166 	105.550934 	12.529964 	75.272835 	57.384666 	44.204071 	4.123106 	44.821869 	50.990196 	94.514549 	79.309517 	87.982956 	117.200684 	114.494545 	86.977005 	57.697487 	84.154617 	111.803398 	7.071068 	999.000000 	117.630775 	55.470715 	115.381973 	58.591808 	112.712021 	81.154175 	5.385165 	89.587944 	17.204651 	51.971146 	83.384651 	2.828427 	76.059189 	92.358002 	62.649822 	18.867962 	110.145355 	56.938564 	9.219544 	9.055386 	7.071068 	6.324555 	51.039200 	60.207973 	
115.762688 	116.107712 	70.936592 	111.825760 	75.960518 	30.364452 	71.168816 	12.083046 	105.118980 	179.011169 	164.924225 	74.946648 	113.595772 	74.632431 	160.601990 	24.331051 	172.246918 	31.400637 	1.000000 	3.162278 	189.509888 	166.643326 	187.416641 	6.082763 	110.981979 	117.630775 	999.000000 	165.601929 	3.162278 	168.220093 	6.082763 	186.131668 	113.718948 	31.064449 	102.883430 	163.217651 	188.223267 	118.595955 	182.877014 	29.000000 	172.429703 	102.181213 	10.440307 	168.002975 	112.160599 	113.088463 	115.693558 	117.000000 	163.932907 	171.604202 	
51.855568 	52.009613 	99.156441 	58.249462 	95.131485 	137.440903 	100.004997 	153.837570 	66.287254 	22.022715 	5.656854 	97.452553 	58.309521 	98.234413 	5.000000 	144.499130 	35.510563 	138.657852 	165.000000 	162.609970 	33.136082 	3.162278 	30.149628 	160.240448 	62.265560 	55.470715 	165.601929 	999.000000 	163.835281 	3.162278 	161.483749 	26.476404 	60.827625 	140.730240 	72.560318 	4.000000 	28.635643 	56.364883 	20.880613 	143.558350 	7.211102 	74.303429 	159.665268 	3.000000 	64.404968 	63.976559 	61.326992 	60.008331 	7.615773 	6.324555 	
113.740936 	114.057007 	68.541962 	109.658562 	73.539108 	27.856777 	68.709534 	10.000000 	102.859123 	177.519012 	163.248276 	72.449982 	111.364265 	72.111023 	158.836395 	21.587032 	171.058472 	28.635643 	3.605551 	2.000000 	188.095718 	164.924225 	185.970428 	3.605551 	108.687622 	115.381973 	3.162278 	163.835281 	999.000000 	166.481232 	3.000000 	184.621231 	111.400177 	28.160255 	100.463921 	161.400131 	186.724396 	116.297035 	181.289825 	26.019224 	170.698563 	99.724625 	7.280110 	166.207703 	109.772491 	110.693268 	113.318138 	114.634201 	162.049377 	169.805771 	
54.817879 	55.000000 	102.068604 	61.294373 	98.081596 	140.185593 	102.941734 	156.486420 	69.339745 	19.104973 	5.099020 	100.424103 	61.400326 	101.212646 	7.810250 	147.248093 	33.600594 	141.449631 	167.609665 	165.239227 	30.066593 	2.000000 	27.073973 	162.889526 	65.368187 	58.591808 	168.220093 	3.162278 	166.481232 	999.000000 	164.149323 	23.345236 	63.953106 	143.544418 	75.663727 	7.071068 	25.495098 	59.506302 	17.720045 	146.372818 	4.242640 	77.414467 	162.373032 	3.605551 	67.542580 	67.119293 	64.474800 	63.158531 	10.198039 	5.099020 	
111.220505 	111.516815 	65.795135 	107.042046 	70.774292 	25.079872 	65.924202 	7.810250 	100.184830 	175.368179 	160.962723 	69.641945 	108.706024 	69.289246 	156.486420 	18.681541 	169.144913 	25.709921 	6.324555 	3.605551 	186.002686 	162.606888 	183.853195 	2.000000 	105.990562 	112.712021 	6.082763 	161.483749 	3.000000 	164.149323 	999.000000 	182.455475 	108.687622 	25.179358 	97.693398 	159.012573 	184.567062 	113.595772 	179.067032 	23.021729 	168.371613 	96.932968 	4.472136 	163.835281 	107.018692 	107.935165 	110.571243 	111.892807 	159.615158 	167.430588 	
76.157730 	76.537575 	122.641754 	83.186539 	118.983192 	159.226257 	123.709335 	174.691162 	91.241440 	7.211102 	23.769728 	121.490738 	83.671982 	122.331520 	30.364452 	166.291916 	24.331051 	160.863297 	185.456192 	183.251190 	7.280110 	23.769728 	4.472136 	181.069046 	87.726852 	81.154175 	186.131668 	26.476404 	184.621231 	23.345236 	182.455475 	999.000000 	86.539009 	163.131851 	97.989792 	30.413813 	2.236068 	82.280006 	6.082763 	165.951797 	20.024984 	99.809822 	181.024857 	26.076809 	90.249657 	89.888817 	87.315521 	86.034874 	33.060551 	24.020824 	
14.866069 	13.601471 	42.941822 	7.810250 	38.078865 	83.630135 	43.046486 	101.636604 	9.055386 	80.653580 	62.769421 	39.661064 	4.472136 	40.224369 	56.364883 	90.354858 	84.480766 	83.725746 	113.318138 	110.571243 	92.358002 	63.071388 	89.537704 	107.837845 	3.000000 	5.385165 	113.718948 	60.827625 	111.400177 	63.953106 	108.687622 	86.539009 	999.000000 	85.234970 	12.041595 	57.306194 	88.769363 	5.000000 	81.437096 	87.982956 	68.000000 	13.601471 	106.004715 	62.265560 	4.000000 	4.123106 	3.605551 	4.123106 	56.302753 	65.513359 	
89.375610 	89.498604 	42.438190 	84.403793 	47.169907 	7.280110 	42.190044 	20.223749 	77.103828 	156.204987 	140.758652 	45.650848 	85.702972 	45.177429 	135.771866 	7.280110 	152.013153 	3.000000 	31.016125 	28.017851 	167.263260 	142.130219 	164.924225 	25.019993 	82.680107 	89.587944 	31.064449 	140.730240 	28.160255 	143.544418 	25.179358 	163.131851 	85.234970 	999.000000 	73.824112 	137.974640 	165.302750 	90.210861 	159.289047 	2.828427 	147.787003 	72.897186 	21.587032 	142.898560 	83.240616 	84.118965 	86.833176 	88.192970 	138.191895 	146.454773 	
23.194826 	22.360680 	31.953091 	15.297058 	26.925823 	72.615425 	31.780497 	90.824005 	8.062258 	91.923882 	74.249580 	28.178005 	14.317822 	28.653097 	68.000000 	79.202271 	94.540993 	72.449982 	102.528046 	99.724625 	103.619499 	74.706093 	100.846420 	96.932968 	10.295630 	17.204651 	102.883430 	72.560318 	100.463921 	75.663727 	97.693398 	97.989792 	12.041595 	73.824112 	999.000000 	69.115845 	100.224747 	16.970562 	93.021500 	76.537575 	79.755875 	2.000000 	94.847244 	74.094536 	9.433981 	10.295630 	13.038404 	14.422205 	68.242218 	77.388626 	
48.836460 	48.918301 	96.208107 	55.000000 	92.097771 	134.825821 	97.000000 	151.400131 	63.007935 	26.019224 	8.944272 	94.366310 	54.918121 	95.131485 	4.123106 	141.873184 	38.948685 	135.948517 	162.631485 	160.206116 	37.121422 	7.071068 	34.132095 	157.800507 	58.830265 	51.971146 	163.217651 	4.000000 	161.400131 	7.071068 	159.012573 	30.413813 	57.306194 	137.974640 	69.115845 	999.000000 	32.557640 	52.773098 	24.738634 	140.801285 	10.770329 	70.830788 	157.114609 	5.000000 	60.827625 	60.373837 	57.697487 	56.364883 	4.242640 	8.485281 	
78.390053 	78.771820 	124.851913 	85.422478 	121.202309 	161.375336 	125.924583 	176.799316 	93.477272 	9.219544 	26.000000 	123.713379 	85.906929 	124.555206 	32.572994 	168.439896 	25.079872 	163.027603 	187.544662 	185.348328 	5.830952 	25.961510 	3.605551 	183.174774 	89.961105 	83.384651 	188.223267 	28.635643 	186.724396 	25.495098 	184.567062 	2.236068 	88.769363 	165.302750 	100.224747 	32.557640 	999.000000 	84.504440 	8.000000 	168.121979 	22.090721 	102.044106 	183.152939 	28.160255 	92.477028 	92.114059 	89.537704 	88.255310 	35.128338 	26.000000 	
14.212670 	12.806249 	47.885281 	9.486833 	43.046486 	88.549423 	48.020828 	106.512909 	13.601471 	76.537575 	58.523499 	44.654228 	6.082763 	45.221676 	52.000000 	95.294281 	81.154175 	88.684837 	118.186295 	115.451286 	88.232651 	58.694122 	85.381500 	112.729767 	7.615773 	2.828427 	118.595955 	56.364883 	116.297035 	59.506302 	113.595772 	82.280006 	5.000000 	90.210861 	16.970562 	52.773098 	84.504440 	999.000000 	77.077881 	92.962357 	63.505905 	18.439089 	110.941429 	57.706154 	8.062258 	7.615773 	5.099020 	4.000000 	51.623638 	60.901562 	
71.561165 	71.867935 	118.406082 	78.390053 	114.621117 	155.569916 	119.402679 	171.330093 	86.452301 	7.280110 	18.867962 	117.068359 	78.714676 	117.889778 	25.079872 	162.640701 	26.925823 	157.079605 	182.222397 	179.961105 	13.341664 	18.384777 	10.440307 	177.721695 	82.734512 	76.059189 	182.877014 	20.880613 	181.289825 	17.720045 	179.067032 	6.082763 	81.437096 	159.289047 	93.021500 	24.738634 	8.000000 	77.077881 	999.000000 	162.114151 	14.142136 	94.810333 	177.519012 	20.223749 	85.088188 	84.693565 	82.079231 	80.777473 	27.166155 	18.000000 	
92.195442 	92.314682 	45.221676 	87.200920 	49.929951 	9.000000 	44.944408 	18.681541 	79.881165 	159.022018 	143.586212 	48.373547 	88.481636 	47.885281 	138.600143 	6.403124 	154.777252 	5.385165 	29.017237 	26.019224 	170.073517 	144.958618 	167.737885 	23.021729 	85.440041 	92.358002 	29.000000 	143.558350 	26.019224 	146.372818 	23.021729 	165.951797 	87.982956 	2.828427 	76.537575 	140.801285 	168.121979 	92.962357 	162.114151 	999.000000 	150.615402 	75.591003 	19.235384 	145.725769 	85.959290 	86.833176 	89.554451 	90.917542 	141.014191 	149.281616 	
59.033890 	59.203041 	106.301460 	65.459915 	102.303467 	144.422989 	107.168091 	160.704697 	73.498299 	16.763054 	8.246211 	104.637466 	65.513359 	105.422958 	12.041595 	151.485977 	33.241539 	145.691452 	171.816757 	169.452057 	27.018513 	5.830952 	24.020824 	167.107742 	69.462219 	62.649822 	172.429703 	7.211102 	170.698563 	4.242640 	168.371613 	20.024984 	68.000000 	147.787003 	79.755875 	10.770329 	22.090721 	63.505905 	14.142136 	150.615402 	999.000000 	81.492332 	166.604324 	6.082763 	71.554176 	71.112587 	68.447060 	67.119293 	13.038404 	4.472136 	
25.179358 	24.331051 	31.320919 	17.262676 	26.248810 	71.867935 	31.016125 	90.138779 	10.049875 	93.776329 	76.059189 	27.313000 	16.155495 	27.730848 	69.771057 	78.390053 	96.509064 	71.589104 	101.843018 	99.020203 	105.475113 	76.478752 	102.693718 	96.208107 	12.083046 	18.867962 	102.181213 	74.303429 	99.724625 	77.414467 	96.932968 	99.809822 	13.601471 	72.897186 	2.000000 	70.830788 	102.044106 	18.439089 	94.810333 	75.591003 	81.492332 	999.000000 	94.021271 	75.802376 	10.630146 	11.401754 	14.212670 	15.620500 	69.892776 	79.075912 	
109.041275 	109.288612 	63.063461 	104.623131 	67.977936 	22.472204 	63.071388 	8.062258 	97.616600 	173.971268 	159.289047 	66.708321 	106.174385 	66.309875 	154.673843 	15.652476 	168.220093 	22.472204 	10.770329 	8.062258 	184.718704 	160.863297 	182.521225 	5.656854 	103.353760 	110.145355 	10.440307 	159.665268 	7.280110 	162.373032 	4.472136 	181.024857 	106.004715 	21.587032 	94.847244 	157.114609 	183.152939 	110.941429 	177.519012 	19.235384 	166.604324 	94.021271 	999.000000 	161.969131 	104.216118 	105.118980 	107.786827 	109.123779 	157.610275 	165.556641 	
53.814495 	53.907330 	101.178062 	60.000000 	97.082436 	139.703262 	101.980392 	156.208191 	68.007355 	22.360680 	8.062258 	99.357941 	59.908264 	100.124924 	7.615773 	146.754898 	37.202152 	140.858078 	167.409683 	165.000000 	33.000000 	5.000000 	30.000000 	162.609970 	63.812225 	56.938564 	168.002975 	3.000000 	166.207703 	3.605551 	163.835281 	26.076809 	62.265560 	142.898560 	74.094536 	5.000000 	28.160255 	57.706154 	20.223749 	145.725769 	6.082763 	75.802376 	161.969131 	999.000000 	65.764732 	65.299309 	62.609905 	61.269894 	7.000000 	3.605551 	
18.681541 	17.464249 	41.231056 	11.180340 	36.249138 	81.939003 	41.146080 	100.089958 	9.486833 	84.433403 	66.483078 	37.589893 	8.246211 	38.078865 	60.008331 	88.566360 	88.459030 	81.841309 	111.789978 	109.004585 	96.135323 	66.708321 	93.300591 	106.230881 	5.000000 	9.219544 	112.160599 	64.404968 	109.772491 	67.542580 	107.018692 	90.249657 	4.000000 	83.240616 	9.433981 	60.827625 	92.477028 	8.062258 	85.088188 	85.959290 	71.554176 	10.630146 	104.216118 	65.764732 	999.000000 	1.000000 	3.605551 	5.000000 	59.682495 	68.963760 	
18.973665 	17.720045 	42.154476 	11.661903 	37.161808 	82.855293 	42.047592 	101.019798 	10.440307 	84.118965 	66.128662 	38.470768 	8.544003 	38.948685 	59.615433 	89.470665 	88.362885 	82.734512 	112.720894 	109.931801 	95.817535 	66.309875 	92.973114 	107.154091 	5.656854 	9.055386 	113.088463 	63.976559 	110.693268 	67.119293 	107.935165 	89.888817 	4.123106 	84.118965 	10.295630 	60.373837 	92.114059 	7.615773 	84.693565 	86.833176 	71.112587 	11.401754 	105.118980 	65.299309 	1.000000 	999.000000 	2.828427 	4.242640 	59.169250 	68.476273 	
17.888544 	16.552946 	44.777225 	11.313708 	39.812057 	85.492691 	44.721359 	103.619499 	12.041595 	81.608826 	63.568859 	41.182522 	7.810250 	41.677334 	57.008770 	92.135773 	86.209045 	85.422478 	115.316956 	112.538879 	93.300591 	63.694584 	90.443352 	109.772491 	6.324555 	7.071068 	115.693558 	61.326992 	113.318138 	64.474800 	110.571243 	87.315521 	3.605551 	86.833176 	13.038404 	57.697487 	89.537704 	5.099020 	82.079231 	89.554451 	68.447060 	14.212670 	107.786827 	62.609905 	3.605551 	2.828427 	999.000000 	1.414214 	56.435802 	65.764732 	
17.492855 	16.124516 	46.097721 	11.401754 	41.146080 	86.815895 	46.065170 	104.923782 	13.000000 	80.361679 	62.297672 	42.544094 	7.810250 	43.046486 	55.713554 	93.471924 	85.146935 	86.769814 	116.619041 	113.846390 	92.048897 	62.393909 	89.185204 	111.085556 	7.071068 	6.324555 	117.000000 	60.008331 	114.634201 	63.158531 	111.892807 	86.034874 	4.123106 	88.192970 	14.422205 	56.364883 	88.255310 	4.000000 	80.777473 	90.917542 	67.119293 	15.620500 	109.123779 	61.269894 	5.000000 	4.242640 	1.414214 	999.000000 	55.072678 	64.412735 	
48.836460 	48.795490 	96.176918 	54.561890 	91.934761 	135.247925 	96.876213 	152.052628 	62.481998 	29.274563 	13.038404 	94.111633 	54.203320 	94.847244 	8.062258 	142.274384 	43.046486 	136.235092 	163.367691 	160.897476 	40.000000 	10.770329 	37.000000 	158.445572 	58.008621 	51.039200 	163.932907 	7.615773 	162.049377 	10.198039 	159.615158 	33.060551 	56.302753 	138.191895 	68.242218 	4.242640 	35.128338 	51.623638 	27.166155 	141.014191 	13.038404 	69.892776 	157.610275 	7.000000 	59.682495 	59.169250 	56.435802 	55.072678 	999.000000 	9.486833 	
57.314919 	57.384666 	104.690018 	63.411354 	100.568382 	143.282944 	105.475113 	159.806137 	71.400284 	21.189621 	10.198039 	102.825096 	63.245552 	103.585716 	11.180340 	150.332962 	37.536648 	144.422989 	171.011688 	168.600113 	31.144823 	7.071068 	28.160255 	166.207703 	67.119293 	60.207973 	171.604202 	6.324555 	169.805771 	5.099020 	167.430588 	24.020824 	65.513359 	146.454773 	77.388626 	8.485281 	26.000000 	60.901562 	18.000000 	149.281616 	4.472136 	79.075912 	165.556641 	3.605551 	68.963760 	68.476273 	65.764732 	64.412735 	9.486833 	999.000000 	

Travel time:
9.000000 	0.035355 	1.184536 	0.200000 	1.081954 	2.165208 	1.204159 	2.594345 	0.388104 	1.744276 	1.317431 	1.140175 	0.261008 	1.160011 	1.175266 	2.340005 	1.784657 	2.186464 	2.881189 	2.817024 	2.034853 	1.340009 	1.967867 	2.753407 	0.353553 	0.285044 	2.894067 	1.296389 	2.843524 	1.370447 	2.780513 	1.903943 	0.371652 	2.234390 	0.579871 	1.220912 	1.959751 	0.355317 	1.789029 	2.304886 	1.475847 	0.629484 	2.726032 	1.345362 	0.467039 	0.474342 	0.447214 	0.437321 	1.220912 	1.432873 	
0.035355 	9.000000 	1.184536 	0.176777 	1.079641 	2.170973 	1.202601 	2.602523 	0.371652 	1.755349 	1.325000 	1.136332 	0.230489 	1.155692 	1.180042 	2.345341 	1.804508 	2.190462 	2.890069 	2.825443 	2.046491 	1.345595 	1.978952 	2.761340 	0.325960 	0.250000 	2.902693 	1.300240 	2.851425 	1.375000 	2.787920 	1.913439 	0.340037 	2.237465 	0.559017 	1.222957 	1.969296 	0.320156 	1.796698 	2.307867 	1.480076 	0.608276 	2.732215 	1.347683 	0.436606 	0.443001 	0.413824 	0.403113 	1.219887 	1.434617 	
1.184536 	1.184536 	9.000000 	1.050297 	0.127475 	1.017964 	0.055902 	1.471819 	0.866747 	2.898383 	2.490984 	0.134629 	1.081665 	0.145774 	2.356507 	1.185327 	2.853178 	1.020416 	1.764405 	1.694476 	3.182962 	2.519176 	3.120196 	1.625000 	1.007782 	1.179248 	1.773415 	2.478911 	1.713549 	2.551715 	1.644878 	3.066044 	1.073546 	1.060955 	0.798827 	2.405203 	3.121298 	1.197132 	2.960152 	1.130542 	2.657537 	0.783023 	1.576586 	2.529452 	1.030776 	1.053862 	1.119431 	1.152443 	2.404423 	2.617250 	
0.200000 	0.176777 	1.050297 	9.000000 	0.938416 	2.053807 	1.063015 	2.494118 	0.201556 	1.924188 	1.488497 	0.989950 	0.090139 	1.007782 	1.338376 	2.226123 	1.981161 	2.066549 	2.784107 	2.717651 	2.215993 	1.505199 	2.147673 	2.651650 	0.158114 	0.176777 	2.795644 	1.456237 	2.741464 	1.532359 	2.676051 	2.079664 	0.195256 	2.110095 	0.382426 	1.375000 	2.135562 	0.237171 	1.959751 	2.180023 	1.636498 	0.431567 	2.615578 	1.500000 	0.279509 	0.291548 	0.282843 	0.285044 	1.364047 	1.585284 	
1.081954 	1.079641 	0.127475 	0.938416 	9.000000 	1.142366 	0.125000 	1.597655 	0.750000 	2.809026 	2.395047 	0.075000 	0.965013 	0.100000 	2.256795 	1.308148 	2.780850 	1.141271 	1.890271 	1.820028 	3.095562 	2.420744 	3.031604 	1.750179 	0.887764 	1.060955 	1.899013 	2.378287 	1.838478 	2.452040 	1.769357 	2.974580 	0.951972 	1.179248 	0.673146 	2.302444 	3.030058 	1.076162 	2.865528 	1.248249 	2.557587 	0.656220 	1.699448 	2.427061 	0.906228 	0.929045 	0.995301 	1.028652 	2.298369 	2.514210 	
2.165208 	2.170973 	1.017964 	2.053807 	1.142366 	9.000000 	1.021335 	0.460977 	1.879495 	3.805670 	3.430197 	1.114955 	2.093144 	1.106797 	3.311438 	0.176777 	3.682475 	0.111803 	0.752080 	0.680074 	4.078296 	3.467708 	4.021583 	0.608790 	2.023765 	2.192744 	0.759111 	3.436023 	0.696419 	3.504640 	0.626997 	3.980656 	2.090753 	0.182003 	1.815386 	3.370646 	4.034383 	2.213736 	3.889248 	0.225000 	3.610575 	1.796698 	0.561805 	3.492582 	2.048475 	2.071382 	2.137317 	2.170397 	3.381198 	3.582074 	
1.204159 	1.202601 	0.055902 	1.063015 	0.125000 	1.021335 	9.000000 	1.478386 	0.875000 	2.926175 	2.515079 	0.100000 	1.090011 	0.103078 	2.378287 	1.185591 	2.888772 	1.017657 	1.770946 	1.700184 	3.211795 	2.541776 	3.148412 	1.629801 	1.012423 	1.185854 	1.779220 	2.500125 	1.717738 	2.573543 	1.648105 	3.092733 	1.076162 	1.054751 	0.794512 	2.425000 	3.148115 	1.200521 	2.985067 	1.123610 	2.679202 	0.775403 	1.576785 	2.549510 	1.028652 	1.051190 	1.118034 	1.151629 	2.421905 	2.636878 	
2.594345 	2.602523 	1.471819 	2.494118 	1.597655 	0.460977 	1.478386 	9.000000 	2.325941 	4.189943 	3.831612 	1.573412 	2.537962 	1.566046 	3.720971 	0.325960 	4.033376 	0.500000 	0.292617 	0.223607 	4.455334 	3.873306 	4.401775 	0.160078 	2.472474 	2.638773 	0.302076 	3.845939 	0.250000 	3.912160 	0.195256 	4.367279 	2.540915 	0.505594 	2.270600 	3.785003 	4.419983 	2.662823 	4.283252 	0.467039 	4.017617 	2.253469 	0.201556 	3.905205 	2.502249 	2.525495 	2.590487 	2.623095 	3.801316 	3.995153 	
0.388104 	0.371652 	0.866747 	0.201556 	0.750000 	1.879495 	0.875000 	2.325941 	9.000000 	2.125000 	1.690044 	0.797261 	0.215058 	0.813941 	1.539683 	2.049695 	2.172124 	1.886796 	2.617370 	2.549510 	2.416609 	1.706605 	2.348537 	2.482061 	0.152069 	0.313249 	2.627975 	1.657181 	2.571478 	1.733494 	2.504621 	2.281036 	0.226385 	1.927596 	0.201556 	1.575198 	2.336932 	0.340037 	2.161308 	1.997029 	1.837457 	0.251247 	2.440415 	1.700184 	0.237171 	0.261008 	0.301040 	0.325000 	1.562050 	1.785007 	
1.744276 	1.755349 	2.898383 	1.924188 	2.809026 	3.805670 	2.926175 	4.189943 	2.125000 	9.000000 	0.456207 	2.872716 	1.940522 	2.894067 	0.629484 	3.982226 	0.492443 	3.847808 	4.458279 	4.403479 	0.292617 	0.475000 	0.223607 	4.349282 	2.042670 	1.881821 	4.475279 	0.550568 	4.437975 	0.477624 	4.384204 	0.180278 	2.016340 	3.905125 	2.298097 	0.650481 	0.230489 	1.913439 	0.182003 	3.975550 	0.419076 	2.344408 	4.349282 	0.559017 	2.110835 	2.102974 	2.040221 	2.009042 	0.731864 	0.529741 	
1.317431 	1.325000 	2.490984 	1.488497 	2.395047 	3.430197 	2.515079 	3.831612 	1.690044 	0.456207 	9.000000 	2.455733 	1.498332 	2.476136 	0.175000 	3.606938 	0.750417 	3.465003 	4.107387 	4.049228 	0.745822 	0.079057 	0.673146 	3.991632 	1.599414 	1.434617 	4.123106 	0.141421 	4.081207 	0.127475 	4.024068 	0.594243 	1.569236 	3.518966 	1.856240 	0.223607 	0.650000 	1.463087 	0.471699 	3.589655 	0.206155 	1.901480 	3.982226 	0.201556 	1.662077 	1.653217 	1.589221 	1.557442 	0.325960 	0.254951 	
1.140175 	1.136332 	0.134629 	0.989950 	0.075000 	1.114955 	0.100000 	1.573412 	0.797261 	2.872716 	2.455733 	9.000000 	1.011496 	0.025000 	2.315437 	1.276959 	2.850439 	1.107080 	1.865811 	1.794610 	3.160004 	2.480045 	3.095562 	1.723731 	0.930054 	1.105102 	1.873666 	2.436314 	1.811249 	2.510602 	1.741049 	3.037268 	0.991527 	1.141271 	0.704450 	2.359158 	3.092834 	1.116356 	2.926709 	1.209339 	2.615937 	0.682825 	1.667708 	2.483948 	0.939747 	0.961769 	1.029563 	1.063602 	2.352791 	2.570627 	
0.261008 	0.230489 	1.081665 	0.090139 	0.965013 	2.093144 	1.090011 	2.537962 	0.215058 	1.940522 	1.498332 	1.011496 	9.000000 	1.027740 	1.342805 	2.263846 	2.018818 	2.101488 	2.828979 	2.761567 	2.232991 	1.510381 	2.163475 	2.694555 	0.103078 	0.103078 	2.839894 	1.457738 	2.784107 	1.535008 	2.717651 	2.091799 	0.111803 	2.142574 	0.357946 	1.372953 	2.147673 	0.152069 	1.967867 	2.212041 	1.637834 	0.403887 	2.654360 	1.497707 	0.206155 	0.213600 	0.195256 	0.195256 	1.355083 	1.581139 	
1.160011 	1.155692 	0.145774 	1.007782 	0.100000 	1.106797 	0.103078 	1.566046 	0.813941 	2.894067 	2.476136 	0.025000 	1.027740 	9.000000 	2.335193 	1.267379 	2.873695 	1.096586 	1.858259 	1.786757 	3.181588 	2.500000 	3.116990 	1.715554 	0.945053 	1.120547 	1.865811 	2.455860 	1.802776 	2.530316 	1.732231 	3.058288 	1.005609 	1.129436 	0.716327 	2.378287 	3.113880 	1.130542 	2.947244 	1.197132 	2.635574 	0.693271 	1.657747 	2.503123 	0.951972 	0.973717 	1.041933 	1.076162 	2.371181 	2.589643 	
1.175266 	1.180042 	2.356507 	1.338376 	2.256795 	3.311438 	2.378287 	3.720971 	1.539683 	0.629484 	0.175000 	2.315437 	1.342805 	2.335193 	9.000000 	3.487926 	0.906228 	3.342248 	4.000000 	3.940257 	0.916856 	0.167705 	0.843356 	3.881044 	1.442654 	1.274755 	4.015050 	0.125000 	3.970910 	0.195256 	3.912160 	0.759111 	1.409122 	3.394297 	1.700000 	0.103078 	0.814325 	1.300000 	0.626997 	3.465003 	0.301040 	1.744276 	3.866846 	0.190394 	1.500208 	1.490386 	1.425219 	1.392839 	0.201556 	0.279509 	
2.340005 	2.345341 	1.185327 	2.226123 	1.308148 	0.176777 	1.185591 	0.325960 	2.049695 	3.982226 	3.606938 	1.276959 	2.263846 	1.267379 	3.487926 	9.000000 	3.856569 	0.176777 	0.604669 	0.530330 	4.254556 	3.644345 	4.197990 	0.456207 	2.192744 	2.362864 	0.608276 	3.612478 	0.539676 	3.681202 	0.467039 	4.157298 	2.258872 	0.182003 	1.980057 	3.546830 	4.210998 	2.382357 	4.066018 	0.160078 	3.787149 	1.959751 	0.391312 	3.668872 	2.214159 	2.236767 	2.303394 	2.336798 	3.556859 	3.758324 	
1.784657 	1.804508 	2.853178 	1.981161 	2.780850 	3.682475 	2.888772 	4.033376 	2.172124 	0.492443 	0.750417 	2.850439 	2.018818 	2.873695 	0.906228 	3.856569 	9.000000 	3.737396 	4.287336 	4.238293 	0.555090 	0.811249 	0.550000 	4.190018 	2.121320 	1.982738 	4.306173 	0.887764 	4.276462 	0.840015 	4.228623 	0.608276 	2.112019 	3.800329 	2.363525 	0.973717 	0.626997 	2.028854 	0.673146 	3.869431 	0.831038 	2.412727 	4.205503 	0.930054 	2.211476 	2.209072 	2.155226 	2.128673 	1.076162 	0.938416 	
2.186464 	2.190462 	1.020416 	2.066549 	1.141271 	0.111803 	1.017657 	0.500000 	1.886796 	3.847808 	3.465003 	1.107080 	2.101488 	1.096586 	3.342248 	0.176777 	3.737396 	9.000000 	0.781425 	0.707107 	4.123106 	3.500357 	4.065172 	0.632949 	2.028084 	2.199574 	0.785016 	3.466446 	0.715891 	3.536241 	0.642748 	4.021583 	2.093144 	0.075000 	1.811249 	3.398713 	4.075690 	2.217121 	3.926990 	0.134629 	3.642286 	1.789728 	0.561805 	3.521452 	2.046033 	2.068363 	2.135562 	2.169245 	3.405877 	3.610575 	
2.881189 	2.890069 	1.764405 	2.784107 	1.890271 	0.752080 	1.770946 	0.292617 	2.617370 	4.458279 	4.107387 	1.865811 	2.828979 	1.858259 	4.000000 	0.604669 	4.287336 	0.781425 	9.000000 	0.075000 	4.720236 	4.150678 	4.668110 	0.150000 	2.764281 	2.930017 	0.025000 	4.125000 	0.090139 	4.190242 	0.158114 	4.636405 	2.832953 	0.775403 	2.563201 	4.065787 	4.688617 	2.954657 	4.555560 	0.725431 	4.295419 	2.546075 	0.269258 	4.185242 	2.794749 	2.818022 	2.882924 	2.915476 	4.084192 	4.275292 	
2.817024 	2.825443 	1.694476 	2.717651 	1.820028 	0.680074 	1.700184 	0.223607 	2.549510 	4.403479 	4.049228 	1.794610 	2.761567 	1.786757 	3.940257 	0.530330 	4.238293 	0.707107 	0.075000 	9.000000 	4.666905 	4.091760 	4.614177 	0.075000 	2.695946 	2.862364 	0.079057 	4.065249 	0.050000 	4.130980 	0.090139 	4.581280 	2.764281 	0.700446 	2.493116 	4.005153 	4.633708 	2.886282 	4.499028 	0.650481 	4.236301 	2.475505 	0.201556 	4.125000 	2.725115 	2.748295 	2.813472 	2.846160 	4.022437 	4.215003 	
2.034853 	2.046491 	3.182962 	2.215993 	3.095562 	4.078296 	3.211795 	4.455334 	2.416609 	0.292617 	0.745822 	3.160004 	2.232991 	3.181588 	0.916856 	4.254556 	0.555090 	4.123106 	4.720236 	4.666905 	9.000000 	0.756637 	0.075000 	4.614177 	2.335193 	2.174425 	4.737747 	0.828402 	4.702393 	0.751665 	4.650067 	0.182003 	2.308950 	4.181581 	2.590487 	0.928036 	0.145774 	2.205816 	0.333542 	4.251838 	0.675463 	2.636878 	4.617968 	0.825000 	2.403383 	2.395438 	2.332515 	2.301222 	1.000000 	0.778621 	
1.340009 	1.345595 	2.519176 	1.505199 	2.420744 	3.467708 	2.541776 	3.873306 	1.706605 	0.475000 	0.079057 	2.480045 	1.510381 	2.500000 	0.167705 	3.644345 	0.811249 	3.500357 	4.150678 	4.091760 	0.756637 	9.000000 	0.682367 	4.033376 	1.610318 	1.442437 	4.166083 	0.079057 	4.123106 	0.050000 	4.065172 	0.594243 	1.576785 	3.553256 	1.867652 	0.176777 	0.649038 	1.467353 	0.459619 	3.623966 	0.145774 	1.911969 	4.021583 	0.125000 	1.667708 	1.657747 	1.592365 	1.559848 	0.269258 	0.176777 	
1.967867 	1.978952 	3.120196 	2.147673 	3.031604 	4.021583 	3.148412 	4.401775 	2.348537 	0.223607 	0.673146 	3.095562 	2.163475 	3.116990 	0.843356 	4.197990 	0.550000 	4.065172 	4.668110 	4.614177 	0.075000 	0.682367 	9.000000 	4.560839 	2.265502 	2.103865 	4.685416 	0.753741 	4.649261 	0.676849 	4.596330 	0.111803 	2.238443 	4.123106 	2.521161 	0.853302 	0.090139 	2.134537 	0.261008 	4.193447 	0.600521 	2.567343 	4.563031 	0.750000 	2.332515 	2.324328 	2.261084 	2.229630 	0.925000 	0.704006 	
