Total assets = 560
Number of asset nodes = 34

Distance:
999.000000 	67.119293 	5.099020 	54.817879 	102.068604 	61.294373 	98.081596 	140.185593 	102.941734 	156.486420 	69.339745 	19.104973 	100.424103 	61.400326 	101.212646 	147.248093 	9.486833 	74.846512 	72.235725 	12.206555 	70.576202 	72.801102 	75.026665 	75.960518 	69.260376 	79.120163 	72.732384 	73.375748 	75.584389 	88.600227 	90.956032 	87.097649 	88.073830 	90.470993 	95.336250 	91.219513 	92.417534 	97.267670 	95.341492 	96.317184 	76.026314 	83.006027 	86.052307 	85.023529 	82.006096 	89.022469 	88.005684 	86.052307 	87.051712 	86.209045 	
67.119293 	999.000000 	68.476273 	18.973665 	42.154476 	11.661903 	37.161808 	82.855293 	42.047592 	101.019798 	10.440307 	84.118965 	38.470768 	8.544003 	38.948685 	89.470665 	60.539242 	8.062258 	6.082763 	61.854668 	5.830952 	7.280110 	9.055386 	10.049875 	8.602325 	13.000000 	9.433981 	10.816654 	12.083046 	24.186773 	27.459061 	25.632011 	26.570660 	27.892651 	31.144823 	29.120440 	29.832869 	33.136082 	32.756680 	33.734257 	30.016663 	34.828148 	35.355339 	35.383614 	35.805027 	38.209946 	39.623226 	39.824615 	40.459858 	42.201897 	
5.099020 	68.476273 	999.000000 	57.314919 	104.690018 	63.411354 	100.568382 	143.282944 	105.475113 	159.806137 	71.400284 	21.189621 	102.825096 	63.245552 	103.585716 	150.332962 	8.246211 	76.026314 	73.348480 	9.219544 	71.589104 	73.824112 	76.059189 	76.967529 	70.007141 	80.112419 	73.539108 	74.094536 	76.321686 	89.196411 	91.394745 	87.361320 	88.323273 	90.801979 	95.817535 	91.482239 	92.720009 	97.718987 	95.603348 	96.566040 	75.325958 	82.219215 	85.375641 	84.291161 	81.098709 	88.277969 	87.091904 	85.023529 	86.023254 	85.005882 	
54.817879 	18.973665 	57.314919 	999.000000 	47.381432 	8.000000 	43.278172 	86.608315 	48.166378 	103.773796 	15.524175 	69.771057 	45.607018 	10.440307 	46.400433 	93.600212 	50.249378 	26.476404 	25.000000 	52.630791 	24.698177 	26.248810 	27.892651 	28.861740 	26.419689 	31.575306 	28.231188 	29.546574 	31.016125 	42.953465 	46.324940 	44.598206 	45.541191 	46.840153 	49.819675 	48.083260 	48.764740 	51.788029 	51.662365 	52.630791 	45.967381 	51.855568 	53.009434 	52.801514 	52.402290 	56.035702 	57.008770 	56.727417 	57.489128 	58.728188 	
102.068604 	42.154476 	104.690018 	47.381432 	999.000000 	42.011902 	5.099020 	40.718548 	2.236068 	58.872746 	34.669872 	115.935326 	5.385165 	43.266617 	5.830952 	47.413078 	97.590981 	38.832977 	41.231056 	99.824844 	43.416588 	41.976185 	40.607880 	40.447498 	47.296936 	39.115215 	44.721359 	45.541191 	44.283180 	42.755116 	45.354160 	48.662102 	48.836460 	47.296936 	44.598206 	48.507732 	47.801674 	45.310043 	48.703182 	49.040798 	65.007690 	66.272163 	64.629715 	65.490456 	68.183578 	66.098412 	68.883957 	70.576202 	70.710678 	73.552704 	
61.294373 	11.661903 	63.411354 	8.000000 	42.011902 	999.000000 	37.536648 	82.152298 	42.520584 	99.764725 	8.062258 	76.967529 	39.597980 	3.605551 	40.311287 	89.044930 	55.973209 	18.681541 	17.464249 	57.982758 	17.492855 	18.788294 	20.248457 	21.189621 	19.849434 	23.769728 	21.095022 	22.472204 	23.706539 	35.171009 	38.600517 	37.161808 	38.078865 	39.217342 	41.976185 	40.496914 	41.109608 	43.931767 	43.965897 	44.922153 	40.607880 	45.967381 	46.754681 	46.690472 	46.754681 	49.678970 	50.931328 	50.931328 	51.623638 	53.150730 	
98.081596 	37.161808 	100.568382 	43.278172 	5.099020 	37.536648 	999.000000 	45.694637 	5.000000 	63.906181 	30.000000 	112.361023 	3.000000 	38.600517 	4.000000 	52.325901 	93.348808 	33.734257 	36.138622 	95.482986 	38.327538 	36.878178 	35.510563 	35.355339 	42.201897 	34.058773 	39.623226 	40.447498 	39.204590 	38.078865 	40.804413 	43.931767 	44.147480 	42.720020 	40.311287 	43.965897 	43.324360 	41.146080 	44.384682 	44.777225 	60.000000 	61.400326 	59.841457 	60.671246 	63.285069 	61.392181 	64.132675 	65.764732 	65.924202 	68.731361 	
140.185593 	82.855293 	143.282944 	86.608315 	40.718548 	82.152298 	45.694637 	999.000000 	40.853397 	18.439089 	75.179787 	152.226807 	44.598206 	83.725746 	44.271889 	7.071068 	136.652847 	79.056938 	81.596565 	139.201294 	83.815269 	82.219215 	80.653580 	80.361679 	87.595665 	78.587532 	84.770279 	85.440041 	83.934502 	79.511009 	81.221916 	85.475143 	85.375641 	83.216583 	79.025314 	84.148682 	83.096329 	79.000000 	83.006027 	83.000000 	103.576057 	103.585716 	101.316338 	102.396286 	105.683487 	102.122475 	105.171288 	107.298645 	107.228729 	110.290527 	
102.941734 	42.047592 	105.475113 	48.166378 	2.236068 	42.520584 	5.000000 	40.853397 	999.000000 	59.135437 	35.000000 	117.046997 	4.000000 	43.600460 	4.123106 	47.423622 	98.290382 	38.327538 	40.804413 	100.448990 	43.011627 	41.484936 	40.024994 	39.812057 	46.840153 	38.327538 	44.147480 	44.911022 	43.566040 	41.436699 	43.931767 	47.381432 	47.518417 	45.891174 	43.011627 	47.074409 	46.324940 	43.657761 	47.127487 	47.434166 	64.070274 	65.122963 	63.387695 	64.280632 	67.067131 	64.776543 	67.601776 	69.354164 	69.462219 	72.339478 	
156.486420 	101.019798 	159.806137 	103.773796 	58.872746 	99.764725 	63.906181 	18.439089 	59.135437 	999.000000 	93.037628 	167.597733 	62.936478 	101.518471 	62.641838 	13.038404 	153.447052 	97.416634 	99.929977 	156.156967 	102.142059 	100.578331 	99.040398 	98.762344 	105.948097 	97.015465 	103.160072 	103.846039 	102.357216 	97.867256 	99.503769 	103.817146 	103.696671 	101.493843 	97.185387 	102.396286 	101.316338 	97.082436 	101.123688 	101.079178 	122.000000 	121.926208 	119.603508 	120.702110 	124.036285 	120.337029 	123.405838 	125.574677 	125.483070 	128.561264 	
69.339745 	10.440307 	71.400284 	15.524175 	34.669872 	8.062258 	30.000000 	75.179787 	35.000000 	93.037628 	999.000000 	85.000000 	31.890438 	8.602325 	32.557640 	81.987801 	63.890530 	14.212670 	14.212670 	65.795135 	15.264338 	15.620500 	16.278820 	17.029387 	18.788294 	18.867962 	18.601076 	20.000000 	20.518284 	29.966648 	33.541019 	33.015148 	33.837849 	34.481880 	36.400551 	35.846897 	36.235340 	38.275318 	38.910152 	39.812057 	40.249222 	44.654228 	44.821869 	45.000000 	45.793011 	47.507893 	49.203659 	49.648766 	50.219517 	52.153618 	
19.104973 	84.118965 	21.189621 	69.771057 	115.935326 	76.967529 	112.361023 	152.226807 	117.046997 	167.597733 	85.000000 	999.000000 	114.908661 	77.620872 	115.762688 	159.289047 	28.442924 	92.048897 	89.560036 	30.364452 	88.056801 	90.249657 	92.444580 	93.407707 	87.097649 	96.566040 	90.470993 	91.219513 	93.391647 	106.512909 	109.041275 	105.380264 	106.367287 	108.673820 	113.357841 	109.489723 	110.643570 	115.316956 	113.600174 	114.586212 	95.000000 	102.004898 	105.004761 	104.000000 	101.044548 	108.000000 	107.042046 	105.118980 	106.117859 	105.304321 	
100.424103 	38.470768 	102.825096 	45.607018 	5.385165 	39.597980 	3.000000 	44.598206 	4.000000 	62.936478 	31.890438 	114.908661 	999.000000 	40.459858 	1.000000 	51.078373 	95.524864 	34.481880 	37.000000 	97.580734 	39.217342 	37.643059 	36.138622 	35.902645 	43.011627 	34.365681 	40.261642 	41.000000 	39.623226 	37.483330 	40.024994 	43.416588 	43.566040 	41.976185 	39.217342 	43.174065 	42.449970 	39.924931 	43.324360 	43.657761 	60.074955 	61.131008 	59.413803 	60.299255 	63.071388 	60.827625 	63.639610 	65.375839 	65.490456 	68.359344 	
61.400326 	8.544003 	63.245552 	10.440307 	43.266617 	3.605551 	38.600517 	83.725746 	43.600460 	101.518471 	8.602325 	77.620872 	40.459858 	999.000000 	41.109608 	90.553848 	55.605755 	16.124516 	14.560220 	57.384666 	14.317822 	15.811388 	17.464249 	18.439089 	16.401220 	21.213203 	17.888544 	19.235384 	20.615528 	32.557640 	35.902645 	34.176014 	35.114101 	36.400551 	39.458839 	37.643059 	38.327538 	41.436699 	41.231056 	42.201897 	37.013512 	42.426407 	43.278172 	43.185646 	43.185646 	46.227695 	47.423622 	47.381432 	48.083260 	49.578220 	
101.212646 	38.948685 	103.585716 	46.400433 	5.830952 	40.311287 	4.000000 	44.271889 	4.123106 	62.641838 	32.557640 	115.762688 	1.000000 	41.109608 	999.000000 	50.695168 	96.260063 	34.785053 	37.336308 	98.290382 	39.560081 	37.947330 	36.400551 	36.138622 	43.324360 	34.525352 	40.521599 	41.231056 	39.812057 	37.336308 	39.812057 	43.289722 	43.416588 	41.773197 	38.897301 	42.953465 	42.201897 	39.560081 	43.011627 	43.324360 	60.133186 	61.073727 	59.304298 	60.207973 	63.031738 	60.671246 	63.505905 	65.276337 	65.375839 	68.264191 	
147.248093 	89.470665 	150.332962 	93.600212 	47.413078 	89.044930 	52.325901 	7.071068 	47.423622 	13.038404 	81.987801 	159.289047 	51.078373 	90.553848 	50.695168 	999.000000 	143.680206 	85.440041 	88.022728 	146.208755 	90.249657 	88.600227 	86.977005 	86.648720 	93.984039 	84.770279 	91.082382 	91.706055 	90.138779 	85.158676 	86.700638 	91.082382 	90.934044 	88.684837 	84.291161 	89.560036 	88.459030 	84.148682 	88.204308 	88.141930 	109.444046 	109.178749 	106.794197 	107.912003 	111.305885 	107.466270 	110.548630 	112.751938 	112.641022 	115.732452 	
9.486833 	60.539242 	8.246211 	50.249378 	97.590981 	55.973209 	93.348808 	136.652847 	98.290382 	153.447052 	63.890530 	28.442924 	95.524864 	55.605755 	96.260063 	143.680206 	999.000000 	68.000000 	65.299309 	4.123106 	63.505905 	65.741920 	67.977936 	68.876701 	61.846584 	72.013885 	65.391129 	65.924202 	68.154236 	80.993828 	83.168503 	79.120163 	80.081207 	82.565125 	87.595665 	83.240616 	84.480766 	89.493019 	87.361320 	88.323273 	67.186310 	74.108032 	77.233414 	76.164299 	73.027390 	80.156097 	79.025314 	77.000000 	78.000000 	77.058418 	
74.846512 	8.062258 	76.026314 	26.476404 	38.832977 	18.681541 	33.734257 	79.056938 	38.327538 	97.416634 	14.212670 	92.048897 	34.481880 	16.124516 	34.785053 	85.440041 	68.000000 	999.000000 	2.828427 	69.115845 	5.000000 	3.162278 	2.236068 	2.828427 	8.544003 	5.099020 	6.000000 	7.071068 	6.708204 	16.492422 	19.924858 	18.867962 	19.723083 	20.615528 	23.345236 	21.931713 	22.472204 	25.317978 	25.298222 	26.248810 	27.892651 	31.304953 	31.064449 	31.384710 	32.695564 	33.600594 	35.510563 	36.235340 	36.715118 	38.910152 	
72.235725 	6.082763 	73.348480 	25.000000 	41.231056 	17.464249 	36.138622 	81.596565 	40.804413 	99.929977 	14.212670 	89.560036 	37.000000 	14.560220 	37.336308 	88.022728 	65.299309 	2.828427 	999.000000 	66.370171 	2.236068 	1.414214 	3.000000 	4.000000 	6.082763 	7.071068 	4.472136 	5.830952 	6.403124 	18.110771 	21.377558 	19.697716 	20.615528 	21.840330 	25.079872 	23.086792 	23.769728 	27.073973 	26.683329 	27.658634 	26.570660 	30.528675 	30.610456 	30.805843 	31.764761 	33.301651 	35.000000 	35.510563 	36.055511 	38.078865 	
12.206555 	61.854668 	9.219544 	52.630791 	99.824844 	57.982758 	95.482986 	139.201294 	100.448990 	156.156967 	65.795135 	30.364452 	97.580734 	57.384666 	98.290382 	146.208755 	4.123106 	69.115845 	66.370171 	999.000000 	64.498062 	66.730804 	68.963760 	69.835518 	62.609905 	72.945183 	66.189125 	66.640831 	68.876701 	81.541397 	83.570328 	79.378838 	80.324341 	82.873398 	88.022728 	83.486526 	84.758484 	89.888817 	87.595665 	88.543777 	66.610809 	73.437050 	76.655075 	75.538071 	72.249565 	79.511009 	78.230431 	76.105194 	77.103828 	76.006577 	
70.576202 	5.830952 	71.589104 	24.698177 	43.416588 	17.492855 	38.327538 	83.815269 	43.011627 	102.142059 	15.264338 	88.056801 	39.217342 	14.317822 	39.560081 	90.249657 	63.505905 	5.000000 	2.236068 	64.498062 	999.000000 	2.236068 	4.472136 	5.385165 	4.000000 	8.544003 	3.605551 	5.000000 	6.324555 	19.000000 	22.090721 	19.924858 	20.880613 	22.360680 	26.000000 	23.537205 	24.331051 	28.000000 	27.294687 	28.284271 	25.079872 	29.410883 	29.732138 	29.832869 	30.528675 	32.526913 	34.058773 	34.409302 	35.000000 	36.891735 	
72.801102 	7.280110 	73.824112 	26.248810 	41.976185 	18.788294 	36.878178 	82.219215 	41.484936 	100.578331 	15.620500 	90.249657 	37.643059 	15.811388 	37.947330 	88.600227 	65.741920 	3.162278 	1.414214 	66.730804 	2.236068 	999.000000 	2.236068 	3.162278 	5.385165 	6.324555 	3.162278 	4.472136 	5.000000 	17.029387 	20.223749 	18.384777 	19.313208 	20.615528 	24.020824 	21.840330 	22.561028 	26.019224 	25.495098 	26.476404 	25.298222 	29.154760 	29.206163 	29.410883 	30.413813 	31.890438 	33.600594 	34.132095 	34.669872 	36.715118 	
75.026665 	9.055386 	76.059189 	27.892651 	40.607880 	20.248457 	35.510563 	80.653580 	40.024994 	99.040398 	16.278820 	92.444580 	36.138622 	17.464249 	36.400551 	86.977005 	67.977936 	2.236068 	3.000000 	68.963760 	4.472136 	2.236068 	999.000000 	1.000000 	7.211102 	4.123106 	4.123106 	5.000000 	4.472136 	15.132746 	18.439089 	17.000000 	17.888544 	18.973665 	22.090721 	20.248457 	20.880613 	24.083189 	23.769728 	24.738634 	25.709921 	29.068884 	28.844410 	29.154760 	30.463093 	31.400637 	33.286633 	34.000000 	34.481880 	36.674240 	
75.960518 	10.049875 	76.967529 	28.861740 	40.447498 	21.189621 	35.355339 	80.361679 	39.812057 	98.762344 	17.029387 	93.407707 	35.902645 	18.439089 	36.138622 	86.648720 	68.876701 	2.828427 	4.000000 	69.835518 	5.385165 	3.162278 	1.000000 	999.000000 	7.810250 	3.162278 	4.472136 	5.099020 	4.123106 	14.142136 	17.464249 	16.124516 	17.000000 	18.027756 	21.095022 	19.313208 	19.924858 	23.086792 	22.803509 	23.769728 	25.495098 	28.635643 	28.301943 	28.653097 	30.083218 	30.805843 	32.756680 	33.541019 	34.000000 	36.249138 	
69.260376 	8.602325 	70.007141 	26.419689 	47.296936 	19.849434 	42.201897 	87.595665 	46.840153 	105.948097 	18.788294 	87.097649 	43.011627 	16.401220 	43.324360 	93.984039 	61.846584 	8.544003 	6.082763 	62.609905 	4.000000 	5.385165 	7.211102 	7.810250 	999.000000 	10.630146 	3.605551 	4.123106 	6.324555 	19.416489 	22.090721 	19.104973 	20.099751 	22.000000 	26.305893 	23.021729 	24.000000 	28.284271 	27.000000 	28.000000 	21.470911 	26.248810 	26.907248 	26.870058 	27.202942 	29.832869 	31.112698 	31.240999 	31.890438 	33.600594 	
79.120163 	13.000000 	80.112419 	31.575306 	39.115215 	23.769728 	34.058773 	78.587532 	38.327538 	97.015465 	18.867962 	96.566040 	34.365681 	21.213203 	34.525352 	84.770279 	72.013885 	5.099020 	7.071068 	72.945183 	8.544003 	6.324555 	4.123106 	3.162278 	10.630146 	999.000000 	7.071068 	7.211102 	5.385165 	11.401754 	14.866069 	14.212670 	15.000000 	15.652476 	18.248287 	17.000000 	17.464249 	20.223749 	20.248457 	21.189621 	26.076809 	28.460499 	27.730848 	28.231188 	30.083218 	30.016663 	32.202484 	33.241539 	33.615471 	36.055511 	
72.732384 	9.433981 	73.539108 	28.231188 	44.721359 	21.095022 	39.623226 	84.770279 	44.147480 	103.160072 	18.601076 	90.470993 	40.261642 	17.888544 	40.521599 	91.082382 	65.391129 	6.000000 	4.472136 	66.189125 	3.605551 	3.162278 	4.123106 	4.472136 	3.605551 	7.071068 	999.000000 	1.414214 	3.000000 	16.124516 	19.000000 	16.492422 	17.464249 	19.104973 	23.086792 	20.223749 	21.095022 	25.079872 	24.083189 	25.079872 	22.135944 	26.076809 	26.248810 	26.400757 	27.294687 	29.000000 	30.610456 	31.064449 	31.622776 	33.615471 	
73.375748 	10.816654 	74.094536 	29.546574 	45.541191 	22.472204 	40.447498 	85.440041 	44.911022 	103.846039 	20.000000 	91.219513 	41.000000 	19.235384 	41.231056 	91.706055 	65.924202 	7.071068 	5.830952 	66.640831 	5.000000 	4.472136 	5.000000 	5.099020 	4.123106 	7.211102 	1.414214 	999.000000 	2.236068 	15.297058 	18.027756 	15.297058 	16.278820 	18.027756 	22.203604 	19.104973 	20.024984 	24.186773 	23.021729 	24.020824 	20.880613 	24.698177 	24.839485 	25.000000 	25.942244 	27.586229 	29.206163 	29.681644 	30.232433 	32.249031 	
75.584389 	12.083046 	76.321686 	31.016125 	44.283180 	23.706539 	39.204590 	83.934502 	43.566040 	102.357216 	20.518284 	93.391647 	39.623226 	20.615528 	39.812057 	90.138779 	68.154236 	6.708204 	6.403124 	68.876701 	6.324555 	5.000000 	4.472136 	4.123106 	6.324555 	5.385165 	3.000000 	2.236068 	999.000000 	13.152946 	16.000000 	13.601471 	14.560220 	16.124516 	20.099751 	17.262676 	18.110771 	22.090721 	21.095022 	22.090721 	21.377558 	24.596748 	24.413111 	24.698177 	26.000000 	27.018513 	28.844410 	29.529646 	30.016663 	32.202484 	
88.600227 	24.186773 	89.196411 	42.953465 	42.755116 	35.171009 	38.078865 	79.511009 	41.436699 	97.867256 	29.966648 	106.512909 	37.483330 	32.557640 	37.336308 	85.158676 	80.993828 	16.492422 	18.110771 	81.541397 	19.000000 	17.029387 	15.132746 	14.142136 	19.416489 	11.401754 	16.124516 	15.297058 	13.152946 	999.000000 	3.605551 	6.000000 	6.082763 	5.000000 	7.000000 	6.403124 	6.403124 	9.000000 	8.944272 	9.848858 	24.698177 	24.083189 	22.022715 	23.000000 	26.172504 	23.345236 	26.172504 	28.017851 	28.071337 	31.016125 	
90.956032 	27.459061 	91.394745 	46.324940 	45.354160 	38.600517 	40.804413 	81.221916 	43.931767 	99.503769 	33.541019 	109.041275 	40.024994 	35.902645 	39.812057 	86.700638 	83.168503 	19.924858 	21.377558 	83.570328 	22.090721 	20.223749 	18.439089 	17.464249 	22.090721 	14.866069 	19.000000 	18.027756 	16.000000 	3.605551 	999.000000 	5.000000 	4.472136 	2.000000 	4.472136 	3.162278 	2.828427 	6.324555 	5.385165 	6.324555 	24.186773 	22.561028 	20.099751 	21.213203 	24.738634 	21.023796 	24.000000 	26.076809 	26.019224 	29.068884 	
87.097649 	25.632011 	87.361320 	44.598206 	48.662102 	37.161808 	43.931767 	85.475143 	47.381432 	103.817146 	33.015148 	105.380264 	43.416588 	34.176014 	43.289722 	91.082382 	79.120163 	18.867962 	19.697716 	79.378838 	19.924858 	18.384777 	17.000000 	16.124516 	19.104973 	14.212670 	16.492422 	15.297058 	13.601471 	6.000000 	5.000000 	999.000000 	1.000000 	3.605551 	9.219544 	4.123106 	5.385165 	10.816654 	8.246211 	9.219544 	19.235384 	18.110771 	16.031219 	17.000000 	20.223749 	17.464249 	20.223749 	22.022715 	22.090721 	25.019993 	
88.073830 	26.570660 	88.323273 	45.541191 	48.836460 	38.078865 	44.147480 	85.375641 	47.518417 	103.696671 	33.837849 	106.367287 	43.566040 	35.114101 	43.416588 	90.934044 	80.081207 	19.723083 	20.615528 	80.324341 	20.880613 	19.313208 	17.888544 	17.000000 	20.099751 	15.000000 	17.464249 	16.278820 	14.560220 	6.082763 	4.472136 	1.000000 	999.000000 	2.828427 	8.485281 	3.162278 	4.472136 	10.000000 	7.280110 	8.246211 	19.723083 	18.248287 	16.000000 	17.029387 	20.396078 	17.262676 	20.099751 	22.000000 	22.022715 	25.000000 	
90.470993 	27.892651 	90.801979 	46.840153 	47.296936 	39.217342 	42.720020 	83.216583 	45.891174 	101.493843 	34.481880 	108.673820 	41.976185 	36.400551 	41.773197 	88.684837 	82.565125 	20.615528 	21.840330 	82.873398 	22.360680 	20.615528 	18.973665 	18.027756 	22.000000 	15.652476 	19.104973 	18.027756 	16.124516 	5.000000 	2.000000 	3.605551 	2.828427 	999.000000 	5.656854 	1.414214 	2.000000 	7.211102 	5.000000 	6.000000 	22.472204 	20.615528 	18.110771 	19.235384 	22.803509 	19.026299 	22.000000 	24.083189 	24.020824 	27.073973 	
95.336250 	31.144823 	95.817535 	49.819675 	44.598206 	41.976185 	40.311287 	79.025314 	43.011627 	97.185387 	36.400551 	113.357841 	39.217342 	39.458839 	38.897301 	84.291161 	87.595665 	23.345236 	25.079872 	88.022728 	26.000000 	24.020824 	22.090721 	21.095022 	26.305893 	18.248287 	23.086792 	22.203604 	20.099751 	7.000000 	4.472136 	9.219544 	8.485281 	5.656854 	999.000000 	5.830952 	4.472136 	2.000000 	4.123106 	4.472136 	28.017851 	25.632011 	22.803509 	24.041630 	27.856777 	23.194826 	26.305893 	28.635643 	28.442924 	31.575306 	
91.219513 	29.120440 	91.482239 	48.083260 	48.507732 	40.496914 	43.965897 	84.148682 	47.074409 	102.396286 	35.846897 	109.489723 	43.174065 	37.643059 	42.953465 	89.560036 	83.240616 	21.931713 	23.086792 	83.486526 	23.537205 	21.840330 	20.248457 	19.313208 	23.021729 	17.000000 	20.223749 	19.104973 	17.262676 	6.403124 	3.162278 	4.123106 	3.162278 	1.414214 	5.830952 	999.000000 	1.414214 	7.071068 	4.123106 	5.099020 	22.203604 	19.924858 	17.262676 	18.439089 	22.135944 	18.000000 	21.023796 	23.194826 	23.086792 	26.172504 	
92.417534 	29.832869 	92.720009 	48.764740 	47.801674 	41.109608 	43.324360 	83.096329 	46.324940 	101.316338 	36.235340 	110.643570 	42.449970 	38.327538 	42.201897 	88.459030 	84.480766 	22.472204 	23.769728 	84.758484 	24.331051 	22.561028 	20.880613 	19.924858 	24.000000 	17.464249 	21.095022 	20.024984 	18.110771 	6.403124 	2.828427 	5.385165 	4.472136 	2.000000 	4.472136 	1.414214 	999.000000 	5.656854 	3.000000 	4.000000 	23.600847 	21.189621 	18.439089 	19.646883 	23.409399 	19.026299 	22.090721 	24.331051 	24.186773 	27.294687 	
97.267670 	33.136082 	97.718987 	51.788029 	45.310043 	43.931767 	41.146080 	79.000000 	43.657761 	97.082436 	38.275318 	115.316956 	39.924931 	41.436699 	39.560081 	84.148682 	89.493019 	25.317978 	27.073973 	89.888817 	28.000000 	26.019224 	24.083189 	23.086792 	28.284271 	20.223749 	25.079872 	24.186773 	22.090721 	9.000000 	6.324555 	10.816654 	10.000000 	7.211102 	2.000000 	7.071068 	5.656854 	999.000000 	4.123106 	4.000000 	29.206163 	26.400757 	23.409399 	24.698177 	28.635643 	23.537205 	26.683329 	29.120440 	28.861740 	32.015621 	
95.341492 	32.756680 	95.603348 	51.662365 	48.703182 	43.965897 	44.384682 	83.006027 	47.127487 	101.123688 	38.910152 	113.600174 	43.324360 	41.231056 	43.011627 	88.204308 	87.361320 	25.298222 	26.683329 	87.595665 	27.294687 	25.495098 	23.769728 	22.803509 	27.000000 	20.248457 	24.083189 	23.021729 	21.095022 	8.944272 	5.385165 	8.246211 	7.280110 	5.000000 	4.123106 	4.123106 	3.000000 	4.123106 	999.000000 	1.000000 	25.495098 	22.360680 	19.313208 	20.615528 	24.596748 	19.416489 	22.561028 	25.000000 	24.738634 	27.892651 	
96.317184 	33.734257 	96.566040 	52.630791 	49.040798 	44.922153 	44.777225 	83.000000 	47.434166 	101.079178 	39.812057 	114.586212 	43.657761 	42.201897 	43.324360 	88.141930 	88.323273 	26.248810 	27.658634 	88.543777 	28.284271 	26.476404 	24.738634 	23.769728 	28.000000 	21.189621 	25.079872 	24.020824 	22.090721 	9.848858 	6.324555 	9.219544 	8.246211 	6.000000 	4.472136 	5.099020 	4.000000 	4.000000 	1.000000 	999.000000 	26.172504 	22.825424 	19.697716 	21.023796 	25.059929 	19.646883 	22.803509 	25.298222 	25.000000 	28.160255 	
76.026314 	30.016663 	75.325958 	45.967381 	65.007690 	40.607880 	60.000000 	103.576057 	64.070274 	122.000000 	40.249222 	95.000000 	60.074955 	37.013512 	60.133186 	109.444046 	67.186310 	27.892651 	26.570660 	66.610809 	25.079872 	25.298222 	25.709921 	25.495098 	21.470911 	26.076809 	22.135944 	20.880613 	21.377558 	24.698177 	24.186773 	19.235384 	19.723083 	22.472204 	28.017851 	22.203604 	23.600847 	29.206163 	25.495098 	26.172504 	999.000000 	7.071068 	10.049875 	9.000000 	6.708204 	13.000000 	12.369317 	11.180340 	12.083046 	12.806249 	
83.006027 	34.828148 	82.219215 	51.855568 	66.272163 	45.967381 	61.400326 	103.585716 	65.122963 	121.926208 	44.654228 	102.004898 	61.131008 	42.426407 	61.073727 	109.178749 	74.108032 	31.304953 	30.528675 	73.437050 	29.410883 	29.154760 	29.068884 	28.635643 	26.248810 	28.460499 	26.076809 	24.698177 	24.596748 	24.083189 	22.561028 	18.110771 	18.248287 	20.615528 	25.632011 	19.924858 	21.189621 	26.400757 	22.360680 	22.825424 	7.071068 	999.000000 	3.605551 	2.236068 	2.236068 	6.082763 	5.385165 	5.000000 	5.656854 	7.615773 	
86.052307 	35.355339 	85.375641 	53.009434 	64.629715 	46.754681 	59.841457 	101.316338 	63.387695 	119.603508 	44.821869 	105.004761 	59.413803 	43.278172 	59.304298 	106.794197 	77.233414 	31.064449 	30.610456 	76.655075 	29.732138 	29.206163 	28.844410 	28.301943 	26.907248 	27.730848 	26.248810 	24.839485 	24.413111 	22.022715 	20.099751 	16.031219 	16.000000 	18.110771 	22.803509 	17.262676 	18.439089 	23.409399 	19.313208 	19.697716 	10.049875 	3.605551 	999.000000 	1.414214 	5.656854 	3.162278 	4.472136 	6.000000 	6.082763 	9.000000 	
85.023529 	35.383614 	84.291161 	52.801514 	65.490456 	46.690472 	60.671246 	102.396286 	64.280632 	120.702110 	45.000000 	104.000000 	60.299255 	43.185646 	60.207973 	107.912003 	76.164299 	31.384710 	30.805843 	75.538071 	29.832869 	29.410883 	29.154760 	28.653097 	26.870058 	28.231188 	26.400757 	25.000000 	24.698177 	23.000000 	21.213203 	17.000000 	17.029387 	19.235384 	24.041630 	18.439089 	19.646883 	24.698177 	20.615528 	21.023796 	9.000000 	2.236068 	1.414214 	999.000000 	4.242640 	4.000000 	4.242640 	5.099020 	5.385165 	8.062258 	
82.006096 	35.805027 	81.098709 	52.402290 	68.183578 	46.754681 	63.285069 	105.683487 	67.067131 	124.036285 	45.793011 	101.044548 	63.071388 	43.185646 	63.031738 	111.305885 	73.027390 	32.695564 	31.764761 	72.249565 	30.528675 	30.413813 	30.463093 	30.083218 	27.202942 	30.083218 	27.294687 	25.942244 	26.000000 	26.172504 	24.738634 	20.223749 	20.396078 	22.803509 	27.856777 	22.135944 	23.409399 	28.635643 	24.596748 	25.059929 	6.708204 	2.236068 	5.656854 	4.242640 	999.000000 	7.615773 	6.000000 	4.472136 	5.385165 	6.403124 	
89.022469 	38.209946 	88.277969 	56.035702 	66.098412 	49.678970 	61.392181 	102.122475 	64.776543 	120.337029 	47.507893 	108.000000 	60.827625 	46.227695 	60.671246 	107.466270 	80.156097 	33.600594 	33.301651 	79.511009 	32.526913 	31.890438 	31.400637 	30.805843 	29.832869 	30.016663 	29.000000 	27.586229 	27.018513 	23.345236 	21.023796 	17.464249 	17.262676 	19.026299 	23.194826 	18.000000 	19.026299 	23.537205 	19.416489 	19.646883 	13.000000 	6.082763 	3.162278 	4.000000 	7.615773 	999.000000 	3.162278 	5.830952 	5.385165 	8.544003 	
88.005684 	39.623226 	87.091904 	57.008770 	68.883957 	50.931328 	64.132675 	105.171288 	67.601776 	123.405838 	49.203659 	107.042046 	63.639610 	47.423622 	63.505905 	110.548630 	79.025314 	35.510563 	35.000000 	78.230431 	34.058773 	33.600594 	33.286633 	32.756680 	31.112698 	32.202484 	30.610456 	29.206163 	28.844410 	26.172504 	24.000000 	20.223749 	20.099751 	22.000000 	26.305893 	21.023796 	22.090721 	26.683329 	22.561028 	22.803509 	12.369317 	5.385165 	4.472136 	4.242640 	6.000000 	3.162278 	999.000000 	2.828427 	2.236068 	5.385165 	
86.052307 	39.824615 	85.023529 	56.727417 	70.576202 	50.931328 	65.764732 	107.298645 	69.354164 	125.574677 	49.648766 	105.118980 	65.375839 	47.381432 	65.276337 	112.751938 	77.000000 	36.235340 	35.510563 	76.105194 	34.409302 	34.132095 	34.000000 	33.541019 	31.240999 	33.241539 	31.064449 	29.681644 	29.529646 	28.017851 	26.076809 	22.022715 	22.000000 	24.083189 	28.635643 	23.194826 	24.331051 	29.120440 	25.000000 	25.298222 	11.180340 	5.000000 	6.000000 	5.099020 	4.472136 	5.830952 	2.828427 	999.000000 	1.000000 	3.000000 	
87.051712 	40.459858 	86.023254 	57.489128 	70.710678 	51.623638 	65.924202 	107.228729 	69.462219 	125.483070 	50.219517 	106.117859 	65.490456 	48.083260 	65.375839 	112.641022 	78.000000 	36.715118 	36.055511 	77.103828 	35.000000 	34.669872 	34.481880 	34.000000 	31.890438 	33.615471 	31.622776 	30.232433 	30.016663 	28.071337 	26.019224 	22.090721 	22.022715 	24.020824 	28.442924 	23.086792 	24.186773 	28.861740 	24.738634 	25.000000 	12.083046 	5.656854 	6.082763 	5.385165 	5.385165 	5.385165 	2.236068 	1.000000 	999.000000 	3.162278 	
86.209045 	42.201897 	85.005882 	58.728188 	73.552704 	53.150730 	68.731361 	110.290527 	72.339478 	128.561264 	52.153618 	105.304321 	68.359344 	49.578220 	68.264191 	115.732452 	77.058418 	38.910152 	38.078865 	76.006577 	36.891735 	36.715118 	36.674240 	36.249138 	33.600594 	36.055511 	33.615471 	32.249031 	32.202484 	31.016125 	29.068884 	25.019993 	25.000000 	27.073973 	31.575306 	26.172504 	27.294687 	32.015621 	27.892651 	28.160255 	12.806249 	7.615773 	9.000000 	8.062258 	6.403124 	8.544003 	5.385165 	3.000000 	3.162278 	999.000000 	

Travel time:
9.000000 	1.677982 	0.127475 	1.370447 	2.551715 	1.532359 	2.452040 	3.504640 	2.573543 	3.912160 	1.733494 	0.477624 	2.510602 	1.535008 	2.530316 	3.681202 	0.237171 	1.871163 	1.805893 	0.305164 	1.764405 	1.820028 	1.875667 	1.899013 	1.731509 	1.978004 	1.818310 	1.834394 	1.889610 	2.215006 	2.273901 	2.177441 	2.201846 	2.261775 	2.383406 	2.280488 	2.310438 	2.431692 	2.383537 	2.407930 	1.900658 	2.075151 	2.151308 	2.125588 	2.050152 	2.225562 	2.200142 	2.151308 	2.176293 	2.155226 	
1.677982 	9.000000 	1.711907 	0.474342 	1.053862 	0.291548 	0.929045 	2.071382 	1.051190 	2.525495 	0.261008 	2.102974 	0.961769 	0.213600 	0.973717 	2.236767 	1.513481 	0.201556 	0.152069 	1.546367 	0.145774 	0.182003 	0.226385 	0.251247 	0.215058 	0.325000 	0.235850 	0.270416 	0.302076 	0.604669 	0.686477 	0.640800 	0.664266 	0.697316 	0.778621 	0.728011 	0.745822 	0.828402 	0.818917 	0.843356 	0.750417 	0.870704 	0.883883 	0.884590 	0.895126 	0.955249 	0.990581 	0.995615 	1.011496 	1.055047 	
0.127475 	1.711907 	9.000000 	1.432873 	2.617250 	1.585284 	2.514210 	3.582074 	2.636878 	3.995153 	1.785007 	0.529741 	2.570627 	1.581139 	2.589643 	3.758324 	0.206155 	1.900658 	1.833712 	0.230489 	1.789728 	1.845603 	1.901480 	1.924188 	1.750179 	2.002810 	1.838478 	1.852363 	1.908042 	2.229910 	2.284869 	2.184033 	2.208082 	2.270050 	2.395438 	2.287056 	2.318000 	2.442975 	2.390084 	2.414151 	1.883149 	2.055480 	2.134391 	2.107279 	2.027468 	2.206949 	2.177298 	2.125588 	2.150581 	2.125147 	
1.370447 	0.474342 	1.432873 	9.000000 	1.184536 	0.200000 	1.081954 	2.165208 	1.204159 	2.594345 	0.388104 	1.744276 	1.140175 	0.261008 	1.160011 	2.340005 	1.256234 	0.661910 	0.625000 	1.315770 	0.617454 	0.656220 	0.697316 	0.721543 	0.660492 	0.789383 	0.705780 	0.738664 	0.775403 	1.073837 	1.158123 	1.114955 	1.138530 	1.171004 	1.245492 	1.202081 	1.219118 	1.294701 	1.291559 	1.315770 	1.149184 	1.296389 	1.325236 	1.320038 	1.310057 	1.400892 	1.425219 	1.418185 	1.437228 	1.468205 	
2.551715 	1.053862 	2.617250 	1.184536 	9.000000 	1.050297 	0.127475 	1.017964 	0.055902 	1.471819 	0.866747 	2.898383 	0.134629 	1.081665 	0.145774 	1.185327 	2.439775 	0.970824 	1.030776 	2.495621 	1.085415 	1.049405 	1.015197 	1.011187 	1.182423 	0.977880 	1.118034 	1.138530 	1.107080 	1.068878 	1.133854 	1.216552 	1.220912 	1.182423 	1.114955 	1.212693 	1.195042 	1.132751 	1.217580 	1.226020 	1.625192 	1.656804 	1.615743 	1.637261 	1.704589 	1.652460 	1.722099 	1.764405 	1.767767 	1.838818 	
1.532359 	0.291548 	1.585284 	0.200000 	1.050297 	9.000000 	0.938416 	2.053807 	1.063015 	2.494118 	0.201556 	1.924188 	0.989950 	0.090139 	1.007782 	2.226123 	1.399330 	0.467039 	0.436606 	1.449569 	0.437321 	0.469707 	0.506211 	0.529741 	0.496236 	0.594243 	0.527376 	0.561805 	0.592663 	0.879275 	0.965013 	0.929045 	0.951972 	0.980434 	1.049405 	1.012423 	1.027740 	1.098294 	1.099147 	1.123054 	1.015197 	1.149184 	1.168867 	1.167262 	1.168867 	1.241974 	1.273283 	1.273283 	1.290591 	1.328768 	
2.452040 	0.929045 	2.514210 	1.081954 	0.127475 	0.938416 	9.000000 	1.142366 	0.125000 	1.597655 	0.750000 	2.809026 	0.075000 	0.965013 	0.100000 	1.308148 	2.333720 	0.843356 	0.903466 	2.387075 	0.958188 	0.921954 	0.887764 	0.883883 	1.055047 	0.851469 	0.990581 	1.011187 	0.980115 	0.951972 	1.020110 	1.098294 	1.103687 	1.068001 	1.007782 	1.099147 	1.083109 	1.028652 	1.109617 	1.119431 	1.500000 	1.535008 	1.496036 	1.516781 	1.582127 	1.534805 	1.603317 	1.644118 	1.648105 	1.718284 	
3.504640 	2.071382 	3.582074 	2.165208 	1.017964 	2.053807 	1.142366 	9.000000 	1.021335 	0.460977 	1.879495 	3.805670 	1.114955 	2.093144 	1.106797 	0.176777 	3.416321 	1.976424 	2.039914 	3.480032 	2.095382 	2.055480 	2.016340 	2.009042 	2.189892 	1.964688 	2.119257 	2.136001 	2.098362 	1.987775 	2.030548 	2.136878 	2.134391 	2.080415 	1.975633 	2.103717 	2.077408 	1.975000 	2.075151 	2.075000 	2.589401 	2.589643 	2.532908 	2.559907 	2.642087 	2.553062 	2.629282 	2.682466 	2.680718 	2.757263 	
2.573543 	1.051190 	2.636878 	1.204159 	0.055902 	1.063015 	0.125000 	1.021335 	9.000000 	1.478386 	0.875000 	2.926175 	0.100000 	1.090011 	0.103078 	1.185591 	2.457260 	0.958188 	1.020110 	2.511225 	1.075291 	1.037123 	1.000625 	0.995301 	1.171004 	0.958188 	1.103687 	1.122776 	1.089151 	1.035918 	1.098294 	1.184536 	1.187960 	1.147279 	1.075291 	1.176860 	1.158123 	1.091444 	1.178187 	1.185854 	1.601757 	1.628074 	1.584692 	1.607016 	1.676678 	1.619414 	1.690044 	1.733854 	1.736555 	1.808487 	
3.912160 	2.525495 	3.995153 	2.594345 	1.471819 	2.494118 	1.597655 	0.460977 	1.478386 	9.000000 	2.325941 	4.189943 	1.573412 	2.537962 	1.566046 	0.325960 	3.836176 	2.435416 	2.498250 	3.903924 	2.553551 	2.514458 	2.476010 	2.469059 	2.648702 	2.425387 	2.579002 	2.596151 	2.558930 	2.446681 	2.487594 	2.595429 	2.592417 	2.537346 	2.429635 	2.559907 	2.532908 	2.427061 	2.528092 	2.526979 	3.050000 	3.048155 	2.990088 	3.017553 	3.100907 	3.008426 	3.085146 	3.139367 	3.137077 	3.214032 	
1.733494 	0.261008 	1.785007 	0.388104 	0.866747 	0.201556 	0.750000 	1.879495 	0.875000 	2.325941 	9.000000 	2.125000 	0.797261 	0.215058 	0.813941 	2.049695 	1.597263 	0.355317 	0.355317 	1.644878 	0.381608 	0.390512 	0.406971 	0.425735 	0.469707 	0.471699 	0.465027 	0.500000 	0.512957 	0.749166 	0.838525 	0.825379 	0.845946 	0.862047 	0.910014 	0.896172 	0.905883 	0.956883 	0.972754 	0.995301 	1.006231 	1.116356 	1.120547 	1.125000 	1.144825 	1.187697 	1.230091 	1.241219 	1.255488 	1.303840 	
0.477624 	2.102974 	0.529741 	1.744276 	2.898383 	1.924188 	2.809026 	3.805670 	2.926175 	4.189943 	2.125000 	9.000000 	2.872716 	1.940522 	2.894067 	3.982226 	0.711073 	2.301222 	2.239001 	0.759111 	2.201420 	2.256241 	2.311115 	2.335193 	2.177441 	2.414151 	2.261775 	2.280488 	2.334791 	2.662823 	2.726032 	2.634507 	2.659182 	2.716846 	2.833946 	2.737243 	2.766089 	2.882924 	2.840004 	2.864655 	2.375000 	2.550122 	2.625119 	2.600000 	2.526114 	2.700000 	2.676051 	2.627975 	2.652946 	2.632608 	
2.510602 	0.961769 	2.570627 	1.140175 	0.134629 	0.989950 	0.075000 	1.114955 	0.100000 	1.573412 	0.797261 	2.872716 	9.000000 	1.011496 	0.025000 	1.276959 	2.388122 	0.862047 	0.925000 	2.439518 	0.980434 	0.941076 	0.903466 	0.897566 	1.075291 	0.859142 	1.006541 	1.025000 	0.990581 	0.937083 	1.000625 	1.085415 	1.089151 	1.049405 	0.980434 	1.079352 	1.061249 	0.998123 	1.083109 	1.091444 	1.501874 	1.528275 	1.485345 	1.507481 	1.576785 	1.520691 	1.590990 	1.634396 	1.637261 	1.708984 	
1.535008 	0.213600 	1.581139 	0.261008 	1.081665 	0.090139 	0.965013 	2.093144 	1.090011 	2.537962 	0.215058 	1.940522 	1.011496 	9.000000 	1.027740 	2.263846 	1.390144 	0.403113 	0.364006 	1.434617 	0.357946 	0.395285 	0.436606 	0.460977 	0.410031 	0.530330 	0.447214 	0.480885 	0.515388 	0.813941 	0.897566 	0.854400 	0.877853 	0.910014 	0.986471 	0.941076 	0.958188 	1.035918 	1.030776 	1.055047 	0.925338 	1.060660 	1.081954 	1.079641 	1.079641 	1.155692 	1.185591 	1.184536 	1.202081 	1.239455 	
2.530316 	0.973717 	2.589643 	1.160011 	0.145774 	1.007782 	0.100000 	1.106797 	0.103078 	1.566046 	0.813941 	2.894067 	0.025000 	1.027740 	9.000000 	1.267379 	2.406502 	0.869626 	0.933408 	2.457260 	0.989002 	0.948683 	0.910014 	0.903466 	1.083109 	0.863134 	1.013040 	1.030776 	0.995301 	0.933408 	0.995301 	1.082243 	1.085415 	1.044330 	0.972432 	1.073837 	1.055047 	0.989002 	1.075291 	1.083109 	1.503330 	1.526843 	1.482607 	1.505199 	1.575794 	1.516781 	1.587648 	1.631908 	1.634396 	1.706605 	
3.681202 	2.236767 	3.758324 	2.340005 	1.185327 	2.226123 	1.308148 	0.176777 	1.185591 	0.325960 	2.049695 	3.982226 	1.276959 	2.263846 	1.267379 	9.000000 	3.592005 	2.136001 	2.200568 	3.655219 	2.256241 	2.215006 	2.174425 	2.166218 	2.349601 	2.119257 	2.277060 	2.292651 	2.253469 	2.128967 	2.167516 	2.277060 	2.273351 	2.217121 	2.107279 	2.239001 	2.211476 	2.103717 	2.205108 	2.203548 	2.736101 	2.729469 	2.669855 	2.697800 	2.782647 	2.686657 	2.763716 	2.818799 	2.816025 	2.893311 	
0.237171 	1.513481 	0.206155 	1.256234 	2.439775 	1.399330 	2.333720 	3.416321 	2.457260 	3.836176 	1.597263 	0.711073 	2.388122 	1.390144 	2.406502 	3.592005 	9.000000 	1.700000 	1.632483 	0.103078 	1.587648 	1.643548 	1.699448 	1.721918 	1.546165 	1.800347 	1.634778 	1.648105 	1.703856 	2.024846 	2.079213 	1.978004 	2.002030 	2.064128 	2.189892 	2.081015 	2.112019 	2.237325 	2.184033 	2.208082 	1.679658 	1.852701 	1.930835 	1.904107 	1.825685 	2.003902 	1.975633 	1.925000 	1.950000 	1.926461 	
1.871163 	0.201556 	1.900658 	0.661910 	0.970824 	0.467039 	0.843356 	1.976424 	0.958188 	2.435416 	0.355317 	2.301222 	0.862047 	0.403113 	0.869626 	2.136001 	1.700000 	9.000000 	0.070711 	1.727896 	0.125000 	0.079057 	0.055902 	0.070711 	0.213600 	0.127475 	0.150000 	0.176777 	0.167705 	0.412311 	0.498121 	0.471699 	0.493077 	0.515388 	0.583631 	0.548293 	0.561805 	0.632949 	0.632456 	0.656220 	0.697316 	0.782624 	0.776611 	0.784618 	0.817389 	0.840015 	0.887764 	0.905883 	0.917878 	0.972754 	
1.805893 	0.152069 	1.833712 	0.625000 	1.030776 	0.436606 	0.903466 	2.039914 	1.020110 	2.498250 	0.355317 	2.239001 	0.925000 	0.364006 	0.933408 	2.200568 	1.632483 	0.070711 	9.000000 	1.659254 	0.055902 	0.035355 	0.075000 	0.100000 	0.152069 	0.176777 	0.111803 	0.145774 	0.160078 	0.452769 	0.534439 	0.492443 	0.515388 	0.546008 	0.626997 	0.577170 	0.594243 	0.676849 	0.667083 	0.691466 	0.664266 	0.763217 	0.765261 	0.770146 	0.794119 	0.832541 	0.875000 	0.887764 	0.901388 	0.951972 	
0.305164 	1.546367 	0.230489 	1.315770 	2.495621 	1.449569 	2.387075 	3.480032 	2.511225 	3.903924 	1.644878 	0.759111 	2.439518 	1.434617 	2.457260 	3.655219 	0.103078 	1.727896 	1.659254 	9.000000 	1.612452 	1.668270 	1.724094 	1.745888 	1.565248 	1.823630 	1.654728 	1.666021 	1.721918 	2.038535 	2.089258 	1.984471 	2.008109 	2.071835 	2.200568 	2.087163 	2.118962 	2.247221 	2.189892 	2.213594 	1.665270 	1.835926 	1.916377 	1.888452 	1.806239 	1.987775 	1.955761 	1.902630 	1.927596 	1.900164 	
1.764405 	0.145774 	1.789728 	0.617454 	1.085415 	0.437321 	0.958188 	2.095382 	1.075291 	2.553551 	0.381608 	2.201420 	0.980434 	0.357946 	0.989002 	2.256241 	1.587648 	0.125000 	0.055902 	1.612452 	9.000000 	0.055902 	0.111803 	0.134629 	0.100000 	0.213600 	0.090139 	0.125000 	0.158114 	0.475000 	0.552268 	0.498121 	0.522015 	0.559017 	0.650000 	0.588430 	0.608276 	0.700000 	0.682367 	0.707107 	0.626997 	0.735272 	0.743303 	0.745822 	0.763217 	0.813173 	0.851469 	0.860233 	0.875000 	0.922293 	
1.820028 	0.182003 	1.845603 	0.656220 	1.049405 	0.469707 	0.921954 	2.055480 	1.037123 	2.514458 	0.390512 	2.256241 	0.941076 	0.395285 	0.948683 	2.215006 	1.643548 	0.079057 	0.035355 	1.668270 	0.055902 	9.000000 	0.055902 	0.079057 	0.134629 	0.158114 	0.079057 	0.111803 	0.125000 	0.425735 	0.505594 	0.459619 	0.482830 	0.515388 	0.600521 	0.546008 	0.564026 	0.650481 	0.637377 	0.661910 	0.632456 	0.728869 	0.730154 	0.735272 	0.760345 	0.797261 	0.840015 	0.853302 	0.866747 	0.917878 	
1.875667 	0.226385 	1.901480 	0.697316 	1.015197 	0.506211 	0.887764 	2.016340 	1.000625 	2.476010 	0.406971 	2.311115 	0.903466 	0.436606 	0.910014 	2.174425 	1.699448 	0.055902 	0.075000 	1.724094 	0.111803 	0.055902 	9.000000 	0.025000 	0.180278 	0.103078 	0.103078 	0.125000 	0.111803 	0.378319 	0.460977 	0.425000 	0.447214 	0.474342 	0.552268 	0.506211 	0.522015 	0.602080 	0.594243 	0.618466 	0.642748 	0.726722 	0.721110 	0.728869 	0.761577 	0.785016 	0.832166 	0.850000 	0.862047 	0.916856 	
1.899013 	0.251247 	1.924188 	0.721543 	1.011187 	0.529741 	0.883883 	2.009042 	0.995301 	2.469059 	0.425735 	2.335193 	0.897566 	0.460977 	0.903466 	2.166218 	1.721918 	0.070711 	0.100000 	1.745888 	0.134629 	0.079057 	0.025000 	9.000000 	0.195256 	0.079057 	0.111803 	0.127475 	0.103078 	0.353553 	0.436606 	0.403113 	0.425000 	0.450694 	0.527376 	0.482830 	0.498121 	0.577170 	0.570088 	0.594243 	0.637377 	0.715891 	0.707549 	0.716327 	0.752080 	0.770146 	0.818917 	0.838525 	0.850000 	0.906228 	
