Total assets = 670
Number of asset nodes = 33

Distance:
999.000000 	99.247169 	8.000000 	26.076809 	68.942001 	17.464249 	72.090218 	83.648071 	71.309189 	46.389652 	69.289246 	66.407829 	75.769386 	50.487621 	46.097721 	84.899940 	99.005051 	98.290382 	72.449982 	70.519501 	46.000000 	80.777473 	86.815895 	32.015621 	48.000000 	35.383614 	52.038448 	49.010204 	25.000000 	88.391174 	89.319649 	135.281189 	56.000000 	121.827744 	85.702972 	121.247681 	89.888817 	135.473251 	63.126858 	34.928497 	29.274563 	42.011902 	90.138779 	88.543777 	124.851913 	58.077534 	89.493019 	136.359818 	31.016125 	128.222458 	39.357338 	
99.247169 	999.000000 	104.661362 	125.099960 	38.897301 	115.260574 	37.107952 	26.019224 	39.051247 	65.741920 	42.201897 	45.607018 	36.345562 	63.158531 	68.447060 	17.262676 	8.485281 	7.810250 	40.607880 	43.737854 	71.175842 	35.000000 	29.274563 	130.862518 	70.384659 	134.469330 	67.067131 	70.936592 	112.004463 	32.756680 	32.984844 	36.069378 	67.720009 	24.738634 	37.483330 	24.515301 	34.205261 	36.235340 	62.169125 	131.643463 	117.800682 	140.730240 	36.400551 	38.078865 	27.892651 	70.092796 	38.327538 	37.202152 	113.718948 	30.675724 	136.561340 	
8.000000 	104.661362 	999.000000 	22.803509 	72.560318 	10.630146 	75.663727 	87.664131 	74.706093 	48.083260 	72.449982 	69.354164 	79.177017 	52.201534 	47.296936 	90.906548 	104.890419 	104.139328 	75.584389 	73.409805 	46.690472 	84.077347 	90.426765 	26.248810 	48.662102 	30.000000 	52.952808 	49.497475 	17.464249 	91.678787 	92.574295 	140.730240 	56.568542 	126.657021 	88.639717 	126.035706 	93.037628 	140.801285 	64.132675 	27.784887 	21.377558 	36.069378 	93.107468 	91.389275 	129.630249 	58.215118 	92.309265 	141.598022 	23.706539 	133.060135 	32.449963 	
26.076809 	125.099960 	22.803509 	999.000000 	94.810333 	15.132746 	97.943863 	109.658562 	97.082436 	70.880180 	94.936821 	91.923882 	101.552940 	75.000000 	70.092796 	110.344917 	124.523087 	123.842644 	98.086693 	96.005211 	69.426216 	106.512909 	112.698715 	11.180340 	71.386276 	12.165525 	75.709976 	72.180328 	30.675724 	114.127121 	115.039124 	161.074524 	79.246452 	147.871567 	111.233986 	147.299011 	115.550858 	161.335052 	86.884979 	19.697716 	30.016663 	19.416489 	115.693558 	114.017540 	150.903946 	80.752708 	114.947815 	162.265213 	36.249138 	154.262756 	21.377558 	
68.942001 	38.897301 	72.560318 	94.810333 	999.000000 	82.680107 	3.162278 	15.556349 	3.162278 	27.802877 	4.472136 	7.000000 	7.071068 	24.698177 	30.232433 	34.365681 	43.416588 	42.426407 	5.830952 	7.211102 	32.756680 	12.165525 	17.888544 	98.478424 	31.764761 	102.396286 	28.231188 	32.202484 	76.419891 	19.646883 	20.615528 	72.718636 	28.861740 	56.080299 	18.000000 	55.317268 	21.377558 	72.111023 	24.000000 	97.616600 	82.036575 	107.898102 	22.090721 	21.000000 	58.796257 	31.400637 	22.000000 	72.422371 	77.155685 	62.369865 	102.615791 	
17.464249 	115.260574 	10.630146 	15.132746 	82.680107 	999.000000 	85.755463 	97.908119 	84.723076 	57.384666 	82.365044 	79.177017 	89.185204 	61.465439 	56.302753 	101.533249 	115.520561 	114.769333 	85.475143 	83.186539 	55.362442 	94.021271 	100.498756 	15.811388 	57.280014 	19.723083 	61.684681 	57.974133 	16.124516 	101.597244 	102.474388 	151.327454 	65.000000 	137.131317 	98.386993 	136.499084 	102.883430 	151.380310 	72.801102 	17.464249 	17.029387 	25.495098 	102.859123 	101.079178 	140.089264 	66.287254 	101.980392 	152.161102 	22.203604 	143.533966 	21.954498 	
72.090218 	37.107952 	75.663727 	97.943863 	3.162278 	85.755463 	999.000000 	12.806249 	2.000000 	30.479502 	5.099020 	8.544003 	4.000000 	27.202942 	32.802441 	33.955853 	42.107006 	41.109608 	4.472136 	7.071068 	35.227829 	9.055386 	14.764823 	101.548019 	34.132095 	105.475113 	30.413813 	34.481880 	79.309517 	16.492422 	17.464249 	70.327805 	30.675724 	53.413483 	15.033297 	52.630791 	18.248287 	69.641945 	25.179358 	100.603180 	84.899940 	110.941429 	19.026299 	18.027756 	56.080299 	32.984844 	19.026299 	69.892776 	79.931221 	59.665737 	105.603027 	
83.648071 	26.019224 	87.664131 	109.658562 	15.556349 	97.908119 	12.806249 	999.000000 	14.422205 	43.278172 	17.492855 	21.095022 	10.770329 	40.000000 	45.607018 	28.017851 	32.388271 	31.400637 	15.231546 	18.384777 	48.010414 	9.055386 	5.830952 	113.718948 	46.872166 	117.596771 	43.046486 	47.169907 	91.967384 	10.000000 	10.816654 	57.706154 	42.953465 	40.607880 	13.038404 	39.824615 	12.206555 	56.938564 	36.687874 	113.070778 	97.590981 	123.223373 	14.212670 	14.866069 	43.278172 	44.944408 	15.556349 	57.140179 	92.698433 	46.861500 	118.067780 	
71.309189 	39.051247 	74.706093 	97.082436 	3.162278 	84.723076 	2.000000 	14.422205 	999.000000 	29.000000 	3.162278 	6.708204 	4.472136 	25.612497 	31.240999 	35.902645 	44.102154 	43.104523 	2.828427 	5.099020 	33.600594 	9.486833 	15.811388 	100.498756 	32.449963 	104.446159 	28.653097 	32.756680 	77.987175 	17.088007 	18.027756 	72.069412 	28.792360 	55.000000 	15.033297 	54.203320 	18.681541 	71.344238 	23.194826 	99.403221 	83.546394 	109.836243 	19.235384 	18.027756 	57.628117 	31.048349 	19.026299 	71.561165 	78.492035 	61.220913 	104.403069 	
46.389652 	65.741920 	48.083260 	70.880180 	27.802877 	57.384666 	30.479502 	43.278172 	29.000000 	999.000000 	26.172504 	22.671568 	33.241539 	4.123106 	3.000000 	57.271286 	68.949257 	68.007355 	29.068884 	26.400757 	6.000000 	37.643059 	44.598206 	72.917763 	6.324555 	76.967529 	7.211102 	7.615773 	49.203659 	45.000000 	45.803928 	100.404182 	11.661903 	83.868942 	41.340054 	83.096329 	46.043457 	99.864906 	17.117243 	71.021126 	54.671749 	81.884064 	45.793011 	43.908997 	86.556343 	15.000000 	44.777225 	100.209778 	49.497475 	90.138779 	76.006577 	
69.289246 	42.201897 	72.449982 	94.936821 	4.472136 	82.365044 	5.099020 	17.492855 	3.162278 	26.172504 	999.000000 	3.605551 	7.071068 	22.671568 	28.319605 	38.639359 	47.169907 	46.173584 	3.162278 	2.828427 	30.610456 	11.661903 	18.439089 	98.112183 	29.410883 	102.083298 	25.553865 	29.681644 	75.286118 	19.235384 	20.124611 	75.179787 	25.632011 	58.008621 	16.492422 	57.201397 	20.615528 	74.431175 	20.099751 	96.834908 	80.808418 	107.377838 	20.880613 	19.416489 	60.605282 	27.892651 	20.396078 	74.625732 	75.663727 	64.202805 	101.833199 	
66.407829 	45.607018 	69.354164 	91.923882 	7.000000 	79.177017 	8.544003 	21.095022 	6.708204 	22.671568 	3.605551 	999.000000 	10.630146 	19.104973 	24.758837 	41.303753 	50.358715 	49.365982 	6.403124 	4.123106 	27.018513 	15.000000 	21.931713 	94.894676 	25.806976 	98.883774 	21.954498 	26.076809 	71.840103 	22.472204 	23.323807 	78.771820 	22.135944 	61.611687 	19.313208 	60.802959 	23.706539 	78.032043 	17.000000 	93.477272 	77.336922 	104.100914 	23.769728 	22.135944 	64.202805 	24.515301 	23.086792 	78.230431 	72.138756 	67.801178 	98.473343 	
75.769386 	36.345562 	79.177017 	101.552940 	7.071068 	89.185204 	4.000000 	10.770329 	4.472136 	33.241539 	7.071068 	10.630146 	999.000000 	29.732138 	35.383614 	35.114101 	42.011902 	41.012192 	4.472136 	7.615773 	37.643059 	5.099020 	11.401754 	104.957130 	36.400551 	108.908218 	32.449963 	36.619667 	82.328613 	12.649111 	13.601471 	68.425140 	32.202484 	51.039200 	11.045361 	50.219517 	14.317822 	67.601776 	25.961510 	103.812332 	87.863533 	114.280357 	15.033297 	14.035668 	53.600372 	34.176014 	15.033297 	67.742157 	82.734512 	57.201397 	108.811768 	
50.487621 	63.158531 	52.201534 	75.000000 	24.698177 	61.465439 	27.202942 	40.000000 	25.612497 	4.123106 	22.671568 	19.104973 	29.732138 	999.000000 	5.656854 	55.578773 	66.760765 	65.802734 	25.455845 	22.671568 	8.062258 	33.970577 	41.012192 	76.967529 	7.280110 	81.024689 	5.385165 	8.062258 	53.009434 	41.231056 	42.011902 	97.416634 	9.219544 	80.603973 	37.443291 	79.812279 	42.201897 	96.798759 	13.341664 	74.946648 	58.412327 	85.883644 	41.880783 	39.962482 	83.240616 	12.806249 	40.816662 	97.082436 	53.075417 	86.833176 	79.924965 	
46.097721 	68.447060 	47.296936 	70.092796 	30.232433 	56.302753 	32.802441 	45.607018 	31.240999 	3.000000 	28.319605 	24.758837 	35.383614 	5.656854 	999.000000 	60.207973 	71.784401 	70.837845 	31.112698 	28.319605 	3.000000 	39.623226 	46.669048 	71.693794 	3.605551 	75.769386 	6.082763 	5.000000 	47.434166 	46.861500 	47.634022 	102.927162 	10.440307 	86.214851 	43.011627 	85.428329 	47.801674 	102.342560 	17.029387 	69.462219 	52.801514 	80.498444 	47.434166 	45.486263 	88.865067 	13.416408 	46.324940 	102.649887 	47.423622 	92.455391 	74.431175 	
84.899940 	17.262676 	90.906548 	110.344917 	34.365681 	101.533249 	33.955853 	28.017851 	35.902645 	57.271286 	38.639359 	41.303753 	35.114101 	55.578773 	60.207973 	999.000000 	14.212670 	13.601471 	38.327538 	41.000000 	63.150612 	36.235340 	33.421551 	116.846054 	62.801273 	120.282997 	60.299255 	63.639610 	99.985001 	37.643059 	38.288380 	51.312767 	62.032249 	41.976185 	41.048752 	41.773197 	39.698868 	51.971146 	58.215118 	118.406082 	105.815880 	126.810883 	41.868843 	42.801868 	45.122055 	65.000000 	43.416588 	53.235325 	102.420700 	47.801674 	123.227432 	
99.005051 	8.485281 	104.890419 	124.523087 	43.416588 	115.520561 	42.107006 	32.388271 	44.102154 	68.949257 	47.169907 	50.358715 	42.011902 	66.760765 	71.784401 	14.212670 	999.000000 	1.000000 	46.010868 	49.040798 	74.632431 	41.436699 	36.400551 	130.908371 	74.040527 	134.380051 	71.063354 	74.726166 	113.441612 	40.162170 	40.496914 	37.215588 	72.180328 	30.000000 	44.643028 	30.016663 	41.785164 	38.013157 	67.268120 	132.279999 	119.268608 	140.858078 	44.011364 	45.541191 	33.015148 	74.813103 	45.880280 	39.395432 	115.602768 	35.227829 	137.131317 	
98.290382 	7.810250 	104.139328 	123.842644 	42.426407 	114.769333 	41.109608 	31.400637 	43.104523 	68.007355 	46.173584 	49.365982 	41.012192 	65.802734 	70.837845 	13.601471 	1.000000 	999.000000 	45.011108 	48.041649 	73.681747 	40.447498 	35.440090 	130.176804 	73.082146 	133.660019 	70.092796 	73.763138 	112.605507 	39.217342 	39.560081 	37.735924 	71.196907 	30.016663 	43.680660 	30.000000 	40.853397 	38.470768 	66.272163 	131.502853 	118.431412 	140.121368 	43.081318 	44.598206 	33.060551 	73.824112 	44.944408 	39.812057 	114.738831 	35.355339 	136.359818 	
72.449982 	40.607880 	75.584389 	98.086693 	5.830952 	85.475143 	4.472136 	15.231546 	2.828427 	29.068884 	3.162278 	6.403124 	4.472136 	25.455845 	31.112698 	38.327538 	46.010868 	45.011108 	999.000000 	3.162278 	33.301651 	8.602325 	15.556349 	101.212646 	32.015621 	105.190300 	28.017851 	32.202484 	78.243210 	16.124516 	17.000000 	72.897186 	27.730848 	55.470715 	13.341664 	54.644306 	17.464249 	72.069412 	21.587032 	99.864906 	83.737686 	110.453613 	17.720045 	16.278820 	58.008621 	29.732138 	17.262676 	72.201111 	78.517517 	61.611687 	104.861816 	
70.519501 	43.737854 	73.409805 	96.005211 	7.211102 	83.186539 	7.071068 	18.384777 	5.099020 	26.400757 	2.828427 	4.123106 	7.615773 	22.671568 	28.319605 	41.000000 	49.040798 	48.041649 	3.162278 	999.000000 	30.413813 	11.313708 	18.439089 	98.883774 	29.068884 	102.883430 	25.000000 	29.206163 	75.604233 	18.601076 	19.416489 	76.026314 	24.596748 	58.523499 	15.231546 	57.688820 	19.723083 	75.179787 	18.439089 	97.349884 	81.055534 	108.046288 	19.697716 	18.027756 	61.032780 	26.570660 	18.973665 	75.292763 	75.742989 	64.637451 	102.342560 	
46.000000 	71.175842 	46.690472 	69.426216 	32.756680 	55.362442 	35.227829 	48.010414 	33.600594 	6.000000 	30.610456 	27.018513 	37.643059 	8.062258 	3.000000 	63.150612 	74.632431 	73.681747 	33.301651 	30.413813 	999.000000 	41.725292 	48.836460 	70.576202 	2.000000 	74.672615 	6.324555 	3.162278 	45.793011 	48.836460 	49.578220 	105.475113 	10.000000 	88.600227 	44.821869 	87.800911 	49.678970 	104.847511 	17.464249 	68.000000 	51.039200 	79.202271 	49.203659 	47.201694 	91.214035 	12.369317 	48.010414 	105.118980 	45.453274 	94.810333 	72.945183 	
80.777473 	35.000000 	84.077347 	106.512909 	12.165525 	94.021271 	9.055386 	9.055386 	9.486833 	37.643059 	11.661903 	15.000000 	5.099020 	33.970577 	39.623226 	36.235340 	41.436699 	40.447498 	8.602325 	11.313708 	41.725292 	999.000000 	7.211102 	109.772491 	40.360870 	113.740936 	36.235340 	40.459858 	86.833176 	7.615773 	8.544003 	65.391129 	35.510563 	47.507893 	6.324555 	46.647614 	9.219544 	64.404968 	28.635643 	108.466583 	92.314682 	119.037811 	10.000000 	9.219544 	49.929951 	37.121422 	10.198039 	64.412735 	87.045967 	53.535034 	113.463654 	
86.815895 	29.274563 	90.426765 	112.698715 	17.888544 	100.498756 	14.764823 	5.830952 	15.811388 	44.598206 	18.439089 	21.931713 	11.401754 	41.012192 	46.669048 	33.421551 	36.400551 	35.440090 	15.556349 	18.439089 	48.836460 	7.211102 	999.000000 	116.284134 	47.507893 	120.220627 	43.416588 	47.634022 	93.723000 	4.242640 	5.000000 	58.309521 	42.720020 	40.311287 	8.246211 	39.446167 	6.403124 	57.271286 	35.777088 	115.208504 	99.247169 	125.642349 	8.485281 	9.433981 	42.720020 	44.294468 	10.000000 	57.245087 	94.069122 	46.324940 	120.208153 	
32.015621 	130.862518 	26.248810 	11.180340 	98.478424 	15.811388 	101.548019 	113.718948 	100.498756 	72.917763 	98.112183 	94.894676 	104.957130 	76.967529 	71.693794 	116.846054 	130.908371 	130.176804 	101.212646 	98.883774 	70.576202 	109.772491 	116.284134 	999.000000 	72.449982 	4.123106 	76.896034 	73.054771 	27.018513 	117.337120 	118.207443 	166.931122 	80.006248 	152.895386 	114.061386 	152.269501 	118.595955 	167.026947 	87.920418 	9.219544 	24.331051 	10.000000 	118.532700 	116.726173 	155.862122 	81.043198 	117.618027 	167.836227 	31.257000 	159.298462 	10.198039 	
48.000000 	70.384659 	48.662102 	71.386276 	31.764761 	57.280014 	34.132095 	46.872166 	32.449963 	6.324555 	29.410883 	25.806976 	36.400551 	7.280110 	3.605551 	62.801273 	74.040527 	73.082146 	32.015621 	29.068884 	2.000000 	40.360870 	47.507893 	72.449982 	999.000000 	76.550636 	4.472136 	1.414214 	47.507893 	47.381432 	48.104053 	104.446159 	8.000000 	87.418533 	43.278172 	86.608315 	48.166378 	103.773796 	15.524175 	69.771057 	52.697250 	81.024689 	47.634022 	45.607018 	90.000000 	10.440307 	46.400433 	104.009613 	47.010635 	93.600212 	74.706093 	
35.383614 	134.469330 	30.000000 	12.165525 	102.396286 	19.723083 	105.475113 	117.596771 	104.446159 	76.967529 	102.083298 	98.883774 	108.908218 	81.024689 	75.769386 	120.282997 	134.380051 	133.660019 	105.190300 	102.883430 	74.672615 	113.740936 	120.220627 	4.123106 	76.550636 	999.000000 	80.993828 	77.162170 	31.064449 	121.313644 	122.188377 	170.531525 	84.118965 	156.646103 	118.072014 	156.028839 	122.588745 	170.660477 	92.027168 	11.661903 	28.160255 	7.280110 	122.543869 	120.747673 	159.624557 	85.164543 	121.642921 	171.493439 	35.128338 	163.049072 	10.816654 	
52.038448 	67.067131 	52.952808 	75.709976 	28.231188 	61.684681 	30.413813 	43.046486 	28.653097 	7.211102 	25.553865 	21.954498 	32.449963 	5.385165 	6.082763 	60.299255 	71.063354 	70.092796 	28.017851 	25.000000 	6.324555 	36.235340 	43.416588 	76.896034 	4.472136 	80.993828 	999.000000 	4.242640 	51.971146 	43.139309 	43.840622 	100.722389 	4.472136 	83.486526 	38.948685 	82.661964 	43.863426 	99.985001 	11.180340 	74.242844 	57.140179 	85.492691 	43.278172 	41.231056 	86.023254 	7.810250 	42.011902 	100.169853 	51.400391 	89.627007 	79.177017 	
49.010204 	70.936592 	49.497475 	72.180328 	32.202484 	57.974133 	34.481880 	47.169907 	32.756680 	7.615773 	29.681644 	26.076809 	36.619667 	8.062258 	5.000000 	63.639610 	74.726166 	73.763138 	32.202484 	29.206163 	3.162278 	40.459858 	47.634022 	73.054771 	1.414214 	77.162170 	4.242640 	999.000000 	47.885281 	47.381432 	48.083260 	104.809349 	7.071068 	87.658424 	43.185646 	86.838928 	48.104053 	104.100914 	14.866069 	70.213959 	53.000000 	81.541397 	47.507893 	45.453274 	90.210861 	9.219544 	46.227695 	104.307236 	47.201694 	93.813644 	75.133217 	
25.000000 	112.004463 	17.464249 	30.675724 	76.419891 	16.124516 	79.309517 	91.967384 	77.987175 	49.203659 	75.286118 	71.840103 	82.328613 	53.009434 	47.434166 	99.985001 	113.441612 	112.605507 	78.243210 	75.604233 	45.793011 	86.833176 	93.723000 	27.018513 	47.507893 	31.064449 	51.971146 	47.885281 	999.000000 	94.201912 	95.000000 	147.756561 	54.561890 	132.245987 	90.443352 	131.529465 	95.210297 	147.512711 	62.609905 	22.472204 	5.830952 	34.205261 	94.868332 	92.913940 	135.059250 	55.154327 	93.744331 	148.070923 	6.403124 	138.600143 	27.313000 	
88.391174 	32.756680 	91.678787 	114.127121 	19.646883 	101.597244 	16.492422 	10.000000 	17.088007 	45.000000 	19.235384 	22.472204 	12.649111 	41.231056 	46.861500 	37.643059 	40.162170 	39.217342 	16.124516 	18.601076 	48.836460 	7.615773 	4.242640 	117.337120 	47.381432 	121.313644 	43.139309 	47.381432 	94.201912 	999.000000 	1.000000 	60.083275 	42.011902 	41.629318 	5.099020 	40.718548 	2.236068 	58.872746 	34.669872 	115.935326 	99.639351 	126.570137 	4.242640 	5.385165 	43.829212 	43.266617 	5.830952 	58.694122 	94.260277 	47.413078 	120.929733 	
89.319649 	32.984844 	92.574295 	115.039124 	20.615528 	102.474388 	17.464249 	10.816654 	18.027756 	45.803928 	20.124611 	23.323807 	13.601471 	42.011902 	47.634022 	38.288380 	40.496914 	39.560081 	17.000000 	19.416489 	49.578220 	8.544003 	5.000000 	118.207443 	48.104053 	122.188377 	43.840622 	48.083260 	95.000000 	1.000000 	999.000000 	59.774578 	42.638012 	41.231056 	5.385165 	40.311287 	1.414214 	58.523499 	35.227829 	116.764717 	100.424103 	127.424484 	3.605551 	5.099020 	43.382023 	43.829212 	5.385165 	58.309521 	95.015785 	46.957428 	121.757957 	
135.281189 	36.069378 	140.730240 	161.074524 	72.718636 	151.327454 	70.327805 	57.706154 	72.069412 	100.404182 	75.179787 	78.771820 	68.425140 	97.416634 	102.927162 	51.312767 	37.215588 	37.735924 	72.897186 	76.026314 	105.475113 	65.391129 	58.309521 	166.931122 	104.446159 	170.531525 	100.722389 	104.809349 	147.756561 	60.083275 	59.774578 	999.000000 	100.623062 	19.104973 	65.145988 	20.099751 	60.440052 	2.828427 	94.021271 	167.657394 	153.525238 	176.799316 	62.096699 	64.288414 	18.027756 	102.459747 	64.031242 	5.000000 	149.201202 	15.297058 	172.586212 	
56.000000 	67.720009 	56.568542 	79.246452 	28.861740 	65.000000 	30.675724 	42.953465 	28.792360 	11.661903 	25.632011 	22.135944 	32.202484 	9.219544 	10.440307 	62.032249 	72.180328 	71.196907 	27.730848 	24.596748 	10.000000 	35.510563 	42.720020 	80.006248 	8.000000 	84.118965 	4.472136 	7.071068 	54.561890 	42.011902 	42.638012 	100.623062 	999.000000 	83.006027 	37.536648 	82.152298 	42.520584 	99.764725 	8.062258 	76.967529 	59.539902 	88.391174 	41.725292 	39.597980 	85.440041 	3.605551 	40.311287 	99.849884 	53.535034 	89.044930 	81.859634 	
121.827744 	24.738634 	126.657021 	147.871567 	56.080299 	137.131317 	53.413483 	40.607880 	55.000000 	83.868942 	58.008621 	61.611687 	51.039200 	80.603973 	86.214851 	41.976185 	30.000000 	30.016663 	55.470715 	58.523499 	88.600227 	47.507893 	40.311287 	152.895386 	87.418533 	156.646103 	83.486526 	87.658424 	132.245987 	41.629318 	41.231056 	19.104973 	83.006027 	999.000000 	46.615448 	1.000000 	41.785164 	17.464249 	76.059189 	152.898666 	137.931137 	162.606888 	43.324360 	45.541191 	3.162278 	84.599052 	45.221676 	17.088007 	133.206604 	6.403124 	157.876541 	
85.702972 	37.483330 	88.639717 	111.233986 	18.000000 	98.386993 	15.033297 	13.038404 	15.033297 	41.340054 	16.492422 	19.313208 	11.045361 	37.443291 	43.011627 	41.048752 	44.643028 	43.680660 	13.341664 	15.231546 	44.821869 	6.324555 	8.246211 	114.061386 	43.278172 	118.072014 	38.948685 	43.185646 	90.443352 	5.099020 	5.385165 	65.145988 	37.536648 	46.615448 	999.000000 	45.694637 	5.000000 	63.906181 	30.000000 	112.361023 	95.801880 	123.166557 	4.472136 	3.000000 	48.754486 	38.600517 	4.000000 	63.694584 	90.271812 	52.325901 	117.345642 	
121.247681 	24.515301 	126.035706 	147.299011 	55.317268 	136.499084 	52.630791 	39.824615 	54.203320 	83.096329 	57.201397 	60.802959 	50.219517 	79.812279 	85.428329 	41.773197 	30.016663 	30.000000 	54.644306 	57.688820 	87.800911 	46.647614 	39.446167 	152.269501 	86.608315 	156.028839 	82.661964 	86.838928 	131.529465 	40.718548 	40.311287 	20.099751 	82.152298 	1.000000 	45.694637 	999.000000 	40.853397 	18.439089 	75.179787 	152.226807 	137.207870 	161.969131 	42.379242 	44.598206 	3.605551 	83.725746 	44.271889 	18.027756 	132.457535 	7.071068 	157.206863 	
89.888817 	34.205261 	93.037628 	115.550858 	21.377558 	102.883430 	18.248287 	12.206555 	18.681541 	46.043457 	20.615528 	23.706539 	14.317822 	42.201897 	47.801674 	39.698868 	41.785164 	40.853397 	17.464249 	19.723083 	49.678970 	9.219544 	6.403124 	118.595955 	48.166378 	122.588745 	43.863426 	48.104053 	95.210297 	2.236068 	1.414214 	60.440052 	42.520584 	41.785164 	5.000000 	40.853397 	999.000000 	59.135437 	35.000000 	117.046997 	100.603180 	127.769325 	2.236068 	4.000000 	43.863426 	43.600460 	4.123106 	58.872746 	95.131485 	47.423622 	122.036880 	
135.473251 	36.235340 	140.801285 	161.335052 	72.111023 	151.380310 	69.641945 	56.938564 	71.344238 	99.864906 	74.431175 	78.032043 	67.601776 	96.798759 	102.342560 	51.971146 	38.013157 	38.470768 	72.069412 	75.179787 	104.847511 	64.404968 	57.271286 	167.026947 	103.773796 	170.660477 	99.985001 	104.100914 	147.512711 	58.872746 	58.523499 	2.828427 	99.764725 	17.464249 	63.906181 	18.439089 	59.135437 	999.000000 	93.037628 	167.597733 	153.264481 	176.867188 	60.728905 	62.936478 	16.031219 	101.518471 	62.641838 	2.236068 	148.838837 	13.038404 	172.539856 	
63.126858 	62.169125 	64.132675 	86.884979 	24.000000 	72.801102 	25.179358 	36.687874 	23.194826 	17.117243 	20.099751 	17.000000 	25.961510 	13.341664 	17.029387 	58.215118 	67.268120 	66.272163 	21.587032 	18.439089 	17.464249 	28.635643 	35.777088 	87.920418 	15.524175 	92.027168 	11.180340 	14.866069 	62.609905 	34.669872 	35.227829 	94.021271 	8.062258 	76.059189 	30.000000 	75.179787 	35.000000 	93.037628 	999.000000 	85.000000 	67.601776 	96.384644 	34.058773 	31.890438 	78.390053 	8.602325 	32.557640 	93.021500 	61.587337 	81.987801 	89.899948 	
34.928497 	131.643463 	27.784887 	19.697716 	97.616600 	17.464249 	100.603180 	113.070778 	99.403221 	71.021126 	96.834908 	93.477272 	103.812332 	74.946648 	69.462219 	118.406082 	132.279999 	131.502853 	99.864906 	97.349884 	68.000000 	108.466583 	115.208504 	9.219544 	69.771057 	11.661903 	74.242844 	70.213959 	22.472204 	115.935326 	116.764717 	167.657394 	76.967529 	152.898666 	112.361023 	152.226807 	117.046997 	167.597733 	85.000000 	999.000000 	18.248287 	12.041595 	116.811813 	114.908661 	155.794739 	77.620872 	115.762688 	168.291412 	25.179358 	159.289047 	5.000000 	
29.274563 	117.800682 	21.377558 	30.016663 	82.036575 	17.029387 	84.899940 	97.590981 	83.546394 	54.671749 	80.808418 	77.336922 	87.863533 	58.412327 	52.801514 	105.815880 	119.268608 	118.431412 	83.737686 	81.055534 	51.039200 	92.314682 	99.247169 	24.331051 	52.697250 	28.160255 	57.140179 	53.000000 	5.830952 	99.639351 	100.424103 	153.525238 	59.539902 	137.931137 	95.801880 	137.207870 	100.603180 	153.264481 	67.601776 	18.248287 	999.000000 	30.265491 	100.209778 	98.229324 	140.730240 	59.933296 	99.045441 	153.808319 	7.000000 	144.277512 	22.803509 	
42.011902 	140.730240 	36.069378 	19.416489 	107.898102 	25.495098 	110.941429 	123.223373 	109.836243 	81.884064 	107.377838 	104.100914 	114.280357 	85.883644 	80.498444 	126.810883 	140.858078 	140.121368 	110.453613 	108.046288 	79.202271 	119.037811 	125.642349 	10.000000 	81.024689 	7.280110 	85.492691 	81.541397 	34.205261 	126.570137 	127.424484 	176.799316 	88.391174 	162.606888 	123.166557 	161.969131 	127.769325 	176.867188 	96.384644 	12.041595 	30.265491 	999.000000 	127.632286 	125.781555 	165.556641 	89.196411 	126.657021 	177.654160 	37.215588 	169.008881 	8.246211 	
90.138779 	36.400551 	93.107468 	115.693558 	22.090721 	102.859123 	19.026299 	14.212670 	19.235384 	45.793011 	20.880613 	23.769728 	15.033297 	41.880783 	47.434166 	41.868843 	44.011364 	43.081318 	17.720045 	19.697716 	49.203659 	10.000000 	8.485281 	118.532700 	47.634022 	122.543869 	43.278172 	47.507893 	94.868332 	4.242640 	3.605551 	62.096699 	41.725292 	43.324360 	4.472136 	42.379242 	2.236068 	60.728905 	34.058773 	116.811813 	100.209778 	127.632286 	999.000000 	2.236068 	45.310043 	42.638012 	2.000000 	60.406952 	94.641426 	48.846699 	121.794907 	
88.543777 	38.078865 	91.389275 	114.017540 	21.000000 	101.079178 	18.027756 	14.866069 	18.027756 	43.908997 	19.416489 	22.135944 	14.035668 	39.962482 	45.486263 	42.801868 	45.541191 	44.598206 	16.278820 	18.027756 	47.201694 	9.219544 	9.433981 	116.726173 	45.607018 	120.747673 	41.231056 	45.453274 	92.913940 	5.385165 	5.099020 	64.288414 	39.597980 	45.541191 	3.000000 	44.598206 	4.000000 	62.936478 	31.890438 	114.908661 	98.229324 	125.781555 	2.236068 	999.000000 	47.539455 	40.459858 	1.000000 	62.625874 	92.617493 	51.078373 	119.887444 	
124.851913 	27.892651 	129.630249 	150.903946 	58.796257 	140.089264 	56.080299 	43.278172 	57.628117 	86.556343 	60.605282 	64.202805 	53.600372 	83.240616 	88.865067 	45.122055 	33.015148 	33.060551 	58.008621 	61.032780 	91.214035 	49.929951 	42.720020 	155.862122 	90.000000 	159.624557 	86.023254 	90.210861 	135.059250 	43.829212 	43.382023 	18.027756 	85.440041 	3.162278 	48.754486 	3.605551 	43.863426 	16.031219 	78.390053 	155.794739 	140.730240 	165.556641 	45.310043 	47.539455 	999.000000 	86.954010 	47.169907 	15.297058 	135.948517 	3.605551 	160.776245 	
58.077534 	70.092796 	58.215118 	80.752708 	31.400637 	66.287254 	32.984844 	44.944408 	31.048349 	15.000000 	27.892651 	24.515301 	34.176014 	12.806249 	13.416408 	65.000000 	74.813103 	73.824112 	29.732138 	26.570660 	12.369317 	37.121422 	44.294468 	81.043198 	10.440307 	85.164543 	7.810250 	9.219544 	55.154327 	43.266617 	43.829212 	102.459747 	3.605551 	84.599052 	38.600517 	83.725746 	43.600460 	101.518471 	8.602325 	77.620872 	59.933296 	89.196411 	42.638012 	40.459858 	86.954010 	999.000000 	41.109608 	101.533249 	53.712196 	90.553848 	82.462112 	
89.493019 	38.327538 	92.309265 	114.947815 	22.000000 	101.980392 	19.026299 	15.556349 	19.026299 	44.777225 	20.396078 	23.086792 	15.033297 	40.816662 	46.324940 	43.416588 	45.880280 	44.944408 	17.262676 	18.973665 	48.010414 	10.198039 	10.000000 	117.618027 	46.400433 	121.642921 	42.011902 	46.227695 	93.744331 	5.830952 	5.385165 	64.031242 	40.311287 	45.221676 	4.000000 	44.271889 	4.123106 	62.641838 	32.557640 	115.762688 	99.045441 	126.657021 	2.000000 	1.000000 	47.169907 	41.109608 	999.000000 	62.297672 	93.407707 	50.695168 	120.739388 	
136.359818 	37.202152 	141.598022 	162.265213 	72.422371 	152.161102 	69.892776 	57.140179 	71.561165 	100.209778 	74.625732 	78.230431 	67.742157 	97.082436 	102.649887 	53.235325 	39.395432 	39.812057 	72.201111 	75.292763 	105.118980 	64.412735 	57.245087 	167.836227 	104.009613 	171.493439 	100.169853 	104.307236 	148.070923 	58.694122 	58.309521 	5.000000 	99.849884 	17.088007 	63.694584 	18.027756 	58.872746 	2.236068 	93.021500 	168.291412 	153.808319 	177.654160 	60.406952 	62.625874 	15.297058 	101.533249 	62.297672 	999.000000 	149.305054 	12.041595 	173.242599 	
31.016125 	113.718948 	23.706539 	36.249138 	77.155685 	22.203604 	79.931221 	92.698433 	78.492035 	49.497475 	75.663727 	72.138756 	82.734512 	53.075417 	47.423622 	102.420700 	115.602768 	114.738831 	78.517517 	75.742989 	45.453274 	87.045967 	94.069122 	31.257000 	47.010635 	35.128338 	51.400391 	47.201694 	6.403124 	94.260277 	95.015785 	149.201202 	53.535034 	133.206604 	90.271812 	132.457535 	95.131485 	148.838837 	61.587337 	25.179358 	7.000000 	37.215588 	94.641426 	92.617493 	135.948517 	53.712196 	93.407707 	149.305054 	999.000000 	139.517029 	29.614185 	
128.222458 	30.675724 	133.060135 	154.262756 	62.369865 	143.533966 	59.665737 	46.861500 	61.220913 	90.138779 	64.202805 	67.801178 	57.201397 	86.833176 	92.455391 	47.801674 	35.227829 	35.355339 	61.611687 	64.637451 	94.810333 	53.535034 	46.324940 	159.298462 	93.600212 	163.049072 	89.627007 	93.813644 	138.600143 	47.413078 	46.957428 	15.297058 	89.044930 	6.403124 	52.325901 	7.071068 	47.423622 	13.038404 	81.987801 	159.289047 	144.277512 	169.008881 	48.846699 	51.078373 	3.605551 	90.553848 	50.695168 	12.041595 	139.517029 	999.000000 	164.268066 	
39.357338 	136.561340 	32.449963 	21.377558 	102.615791 	21.954498 	105.603027 	118.067780 	104.403069 	76.006577 	101.833199 	98.473343 	108.811768 	79.924965 	74.431175 	123.227432 	137.131317 	136.359818 	104.861816 	102.342560 	72.945183 	113.463654 	120.208153 	10.198039 	74.706093 	10.816654 	79.177017 	75.133217 	27.313000 	120.929733 	121.757957 	172.586212 	81.859634 	157.876541 	117.345642 	157.206863 	122.036880 	172.539856 	89.899948 	5.000000 	22.803509 	8.246211 	121.794907 	119.887444 	160.776245 	82.462112 	120.739388 	173.242599 	29.614185 	164.268066 	999.000000 	

Travel time:
9.000000 	2.481179 	0.200000 	0.651920 	1.723550 	0.436606 	1.802255 	2.091202 	1.782730 	1.159741 	1.732231 	1.660196 	1.894235 	1.262191 	1.152443 	2.122499 	2.475126 	2.457260 	1.811249 	1.762987 	1.150000 	2.019437 	2.170397 	0.800391 	1.200000 	0.884590 	1.300961 	1.225255 	0.625000 	2.209779 	2.232991 	3.382030 	1.400000 	3.045694 	2.142574 	3.031192 	2.247221 	3.386831 	1.578171 	0.873212 	0.731864 	1.050297 	2.253469 	2.213594 	3.121298 	1.451938 	2.237325 	3.408995 	0.775403 	3.205561 	0.983933 	
2.481179 	9.000000 	2.616534 	3.127499 	0.972432 	2.881514 	0.927699 	0.650481 	0.976281 	1.643548 	1.055047 	1.140175 	0.908639 	1.578963 	1.711177 	0.431567 	0.212132 	0.195256 	1.015197 	1.093446 	1.779396 	0.875000 	0.731864 	3.271563 	1.759616 	3.361733 	1.676678 	1.773415 	2.800112 	0.818917 	0.824621 	0.901734 	1.693000 	0.618466 	0.937083 	0.612882 	0.855132 	0.905883 	1.554228 	3.291087 	2.945017 	3.518256 	0.910014 	0.951972 	0.697316 	1.752320 	0.958188 	0.930054 	2.842974 	0.766893 	3.414033 	
0.200000 	2.616534 	9.000000 	0.570088 	1.814008 	0.265754 	1.891593 	2.191603 	1.867652 	1.202081 	1.811249 	1.733854 	1.979425 	1.305038 	1.182423 	2.272664 	2.622261 	2.603483 	1.889610 	1.835245 	1.167262 	2.101934 	2.260669 	0.656220 	1.216552 	0.750000 	1.323820 	1.237437 	0.436606 	2.291970 	2.314357 	3.518256 	1.414214 	3.166425 	2.215993 	3.150893 	2.325941 	3.520032 	1.603317 	0.694622 	0.534439 	0.901734 	2.327687 	2.284732 	3.240756 	1.455378 	2.307732 	3.539951 	0.592663 	3.326503 	0.811249 	
0.651920 	3.127499 	0.570088 	9.000000 	2.370258 	0.378319 	2.448596 	2.741464 	2.427061 	1.772004 	2.373420 	2.298097 	2.538824 	1.875000 	1.752320 	2.758623 	3.113077 	3.096066 	2.452167 	2.400130 	1.735655 	2.662823 	2.817468 	0.279509 	1.784657 	0.304138 	1.892749 	1.804508 	0.766893 	2.853178 	2.875978 	4.026863 	1.981161 	3.696789 	2.780850 	3.682475 	2.888772 	4.033376 	2.172124 	0.492443 	0.750417 	0.485412 	2.892339 	2.850439 	3.772599 	2.018818 	2.873695 	4.056630 	0.906228 	3.856569 	0.534439 	
1.723550 	0.972432 	1.814008 	2.370258 	9.000000 	2.067003 	0.079057 	0.388909 	0.079057 	0.695072 	0.111803 	0.175000 	0.176777 	0.617454 	0.755811 	0.859142 	1.085415 	1.060660 	0.145774 	0.180278 	0.818917 	0.304138 	0.447214 	2.461961 	0.794119 	2.559907 	0.705780 	0.805062 	1.910497 	0.491172 	0.515388 	1.817966 	0.721543 	1.402007 	0.450000 	1.382932 	0.534439 	1.802776 	0.600000 	2.440415 	2.050914 	2.697453 	0.552268 	0.525000 	1.469906 	0.785016 	0.550000 	1.810559 	1.928892 	1.559247 	2.565395 	
0.436606 	2.881514 	0.265754 	0.378319 	2.067003 	9.000000 	2.143887 	2.447703 	2.118077 	1.434617 	2.059126 	1.979425 	2.229630 	1.536636 	1.407569 	2.538331 	2.888014 	2.869233 	2.136878 	2.079664 	1.384061 	2.350532 	2.512469 	0.395285 	1.432000 	0.493077 	1.542117 	1.449353 	0.403113 	2.539931 	2.561860 	3.783186 	1.625000 	3.428283 	2.459675 	3.412477 	2.572086 	3.784508 	1.820028 	0.436606 	0.425735 	0.637377 	2.571478 	2.526979 	3.502232 	1.657181 	2.549510 	3.804028 	0.555090 	3.588349 	0.548862 	
1.802255 	0.927699 	1.891593 	2.448596 	0.079057 	2.143887 	9.000000 	0.320156 	0.050000 	0.761988 	0.127475 	0.213600 	0.100000 	0.680074 	0.820061 	0.848896 	1.052675 	1.027740 	0.111803 	0.176777 	0.880696 	0.226385 	0.369121 	2.538701 	0.853302 	2.636878 	0.760345 	0.862047 	1.982738 	0.412311 	0.436606 	1.758195 	0.766893 	1.335337 	0.375832 	1.315770 	0.456207 	1.741049 	0.629484 	2.515079 	2.122499 	2.773536 	0.475657 	0.450694 	1.402007 	0.824621 	0.475657 	1.747319 	1.998281 	1.491643 	2.640076 	
2.091202 	0.650481 	2.191603 	2.741464 	0.388909 	2.447703 	0.320156 	9.000000 	0.360555 	1.081954 	0.437321 	0.527376 	0.269258 	1.000000 	1.140175 	0.700446 	0.809707 	0.785016 	0.380789 	0.459619 	1.200260 	0.226385 	0.145774 	2.842974 	1.171804 	2.939919 	1.076162 	1.179248 	2.299185 	0.250000 	0.270416 	1.442654 	1.073837 	1.015197 	0.325960 	0.995615 	0.305164 	1.423464 	0.917197 	2.826769 	2.439775 	3.080584 	0.355317 	0.371652 	1.081954 	1.123610 	0.388909 	1.428504 	2.317461 	1.171538 	2.951694 	
1.782730 	0.976281 	1.867652 	2.427061 	0.079057 	2.118077 	0.050000 	0.360555 	9.000000 	0.725000 	0.079057 	0.167705 	0.111803 	0.640312 	0.781025 	0.897566 	1.102554 	1.077613 	0.070711 	0.127475 	0.840015 	0.237171 	0.395285 	2.512469 	0.811249 	2.611154 	0.716327 	0.818917 	1.949679 	0.427200 	0.450694 	1.801735 	0.719809 	1.375000 	0.375832 	1.355083 	0.467039 	1.783606 	0.579871 	2.485080 	2.088660 	2.745906 	0.480885 	0.450694 	1.440703 	0.776209 	0.475657 	1.789029 	1.962301 	1.530523 	2.610077 	
1.159741 	1.643548 	1.202081 	1.772004 	0.695072 	1.434617 	0.761988 	1.081954 	0.725000 	9.000000 	0.654313 	0.566789 	0.831038 	0.103078 	0.075000 	1.431782 	1.723731 	1.700184 	0.726722 	0.660019 	0.150000 	0.941076 	1.114955 	1.822944 	0.158114 	1.924188 	0.180278 	0.190394 	1.230091 	1.125000 	1.145098 	2.510105 	0.291548 	2.096724 	1.033501 	2.077408 	1.151086 	2.496623 	0.427931 	1.775528 	1.366794 	2.047101 	1.144825 	1.097725 	2.163908 	0.375000 	1.119431 	2.505244 	1.237437 	2.253469 	1.900164 	
1.732231 	1.055047 	1.811249 	2.373420 	0.111803 	2.059126 	0.127475 	0.437321 	0.079057 	0.654313 	9.000000 	0.090139 	0.176777 	0.566789 	0.707990 	0.965984 	1.179248 	1.154340 	0.079057 	0.070711 	0.765261 	0.291548 	0.460977 	2.452805 	0.735272 	2.552083 	0.638847 	0.742041 	1.882153 	0.480885 	0.503115 	1.879495 	0.640800 	1.450216 	0.412311 	1.430035 	0.515388 	1.860779 	0.502494 	2.420873 	2.020211 	2.684446 	0.522015 	0.485412 	1.515132 	0.697316 	0.509902 	1.865643 	1.891593 	1.605070 	2.545830 	
1.660196 	1.140175 	1.733854 	2.298097 	0.175000 	1.979425 	0.213600 	0.527376 	0.167705 	0.566789 	0.090139 	9.000000 	0.265754 	0.477624 	0.618971 	1.032594 	1.258968 	1.234150 	0.160078 	0.103078 	0.675463 	0.375000 	0.548293 	2.372367 	0.645174 	2.472094 	0.548862 	0.651920 	1.796003 	0.561805 	0.583095 	1.969296 	0.553399 	1.540292 	0.482830 	1.520074 	0.592663 	1.950801 	0.425000 	2.336932 	1.933423 	2.602523 	0.594243 	0.553399 	1.605070 	0.612882 	0.577170 	1.955761 	1.803469 	1.695029 	2.461833 	
1.894235 	0.908639 	1.979425 	2.538824 	0.176777 	2.229630 	0.100000 	0.269258 	0.111803 	0.831038 	0.176777 	0.265754 	9.000000 	0.743303 	0.884590 	0.877853 	1.050297 	1.025305 	0.111803 	0.190394 	0.941076 	0.127475 	0.285044 	2.623928 	0.910014 	2.722705 	0.811249 	0.915492 	2.058215 	0.316228 	0.340037 	1.710629 	0.805062 	1.275980 	0.276134 	1.255488 	0.357946 	1.690044 	0.649038 	2.595308 	2.196588 	2.857009 	0.375832 	0.350892 	1.340009 	0.854400 	0.375832 	1.693554 	2.068363 	1.430035 	2.720294 	
1.262191 	1.578963 	1.305038 	1.875000 	0.617454 	1.536636 	0.680074 	1.000000 	0.640312 	0.103078 	0.566789 	0.477624 	0.743303 	9.000000 	0.141421 	1.389469 	1.669019 	1.645068 	0.636396 	0.566789 	0.201556 	0.849264 	1.025305 	1.924188 	0.182003 	2.025617 	0.134629 	0.201556 	1.325236 	1.030776 	1.050297 	2.435416 	0.230489 	2.015099 	0.936082 	1.995307 	1.055047 	2.419969 	0.333542 	1.873666 	1.460308 	2.147091 	1.047020 	0.999062 	2.081015 	0.320156 	1.020416 	2.427061 	1.326885 	2.170829 	1.998124 	
1.152443 	1.711177 	1.182423 	1.752320 	0.755811 	1.407569 	0.820061 	1.140175 	0.781025 	0.075000 	0.707990 	0.618971 	0.884590 	0.141421 	9.000000 	1.505199 	1.794610 	1.770946 	0.777817 	0.707990 	0.075000 	0.990581 	1.166726 	1.792345 	0.090139 	1.894235 	0.152069 	0.125000 	1.185854 	1.171538 	1.190850 	2.573179 	0.261008 	2.155371 	1.075291 	2.135708 	1.195042 	2.558564 	0.425735 	1.736555 	1.320038 	2.012461 	1.185854 	1.137157 	2.221627 	0.335410 	1.158123 	2.566247 	1.185591 	2.311385 	1.860779 	
2.122499 	0.431567 	2.272664 	2.758623 	0.859142 	2.538331 	0.848896 	0.700446 	0.897566 	1.431782 	0.965984 	1.032594 	0.877853 	1.389469 	1.505199 	9.000000 	0.355317 	0.340037 	0.958188 	1.025000 	1.578765 	0.905883 	0.835539 	2.921151 	1.570032 	3.007075 	1.507481 	1.590990 	2.499625 	0.941076 	0.957209 	1.282819 	1.550806 	1.049405 	1.026219 	1.044330 	0.992472 	1.299279 	1.455378 	2.960152 	2.645397 	3.170272 	1.046721 	1.070047 	1.128051 	1.625000 	1.085415 	1.330883 	2.560518 	1.195042 	3.080686 	
2.475126 	0.212132 	2.622261 	3.113077 	1.085415 	2.888014 	1.052675 	0.809707 	1.102554 	1.723731 	1.179248 	1.258968 	1.050297 	1.669019 	1.794610 	0.355317 	9.000000 	0.025000 	1.150272 	1.226020 	1.865811 	1.035918 	0.910014 	3.272709 	1.851013 	3.359501 	1.776584 	1.868154 	2.836040 	1.004054 	1.012423 	0.930390 	1.804508 	0.750000 	1.116076 	0.750417 	1.044629 	0.950329 	1.681703 	3.307000 	2.981715 	3.521452 	1.100284 	1.138530 	0.825379 	1.870328 	1.147007 	0.984886 	2.890069 	0.880696 	3.428283 	
2.457260 	0.195256 	2.603483 	3.096066 	1.060660 	2.869233 	1.027740 	0.785016 	1.077613 	1.700184 	1.154340 	1.234150 	1.025305 	1.645068 	1.770946 	0.340037 	0.025000 	9.000000 	1.125278 	1.201041 	1.842044 	1.011187 	0.886002 	3.254420 	1.827054 	3.341501 	1.752320 	1.844078 	2.815138 	0.980434 	0.989002 	0.943398 	1.779923 	0.750417 	1.092016 	0.750000 	1.021335 	0.961769 	1.656804 	3.287571 	2.960785 	3.503034 	1.077033 	1.114955 	0.826514 	1.845603 	1.123610 	0.995301 	2.868471 	0.883883 	3.408995 	
1.811249 	1.015197 	1.889610 	2.452167 	0.145774 	2.136878 	0.111803 	0.380789 	0.070711 	0.726722 	0.079057 	0.160078 	0.111803 	0.636396 	0.777817 	0.958188 	1.150272 	1.125278 	9.000000 	0.079057 	0.832541 	0.215058 	0.388909 	2.530316 	0.800391 	2.629757 	0.700446 	0.805062 	1.956080 	0.403113 	0.425000 	1.822430 	0.693271 	1.386768 	0.333542 	1.366108 	0.436606 	1.801735 	0.539676 	2.496623 	2.093442 	2.761340 	0.443001 	0.406971 	1.450216 	0.743303 	0.431567 	1.805028 	1.962938 	1.540292 	2.621545 	
1.762987 	1.093446 	1.835245 	2.400130 	0.180278 	2.079664 	0.176777 	0.459619 	0.127475 	0.660019 	0.070711 	0.103078 	0.190394 	0.566789 	0.707990 	1.025000 	1.226020 	1.201041 	0.079057 	9.000000 	0.760345 	0.282843 	0.460977 	2.472094 	0.726722 	2.572086 	0.625000 	0.730154 	1.890106 	0.465027 	0.485412 	1.900658 	0.614919 	1.463087 	0.380789 	1.442220 	0.493077 	1.879495 	0.460977 	2.433747 	2.026388 	2.701157 	0.492443 	0.450694 	1.525820 	0.664266 	0.474342 	1.882319 	1.893575 	1.615936 	2.558564 	
1.150000 	1.779396 	1.167262 	1.735655 	0.818917 	1.384061 	0.880696 	1.200260 	0.840015 	0.150000 	0.765261 	0.675463 	0.941076 	0.201556 	0.075000 	1.578765 	1.865811 	1.842044 	0.832541 	0.760345 	9.000000 	1.043132 	1.220912 	1.764405 	0.050000 	1.866815 	0.158114 	0.079057 	1.144825 	1.220912 	1.239455 	2.636878 	0.250000 	2.215006 	1.120547 	2.195023 	1.241974 	2.621188 	0.436606 	1.700000 	1.275980 	1.980057 	1.230091 	1.180042 	2.280351 	0.309233 	1.200260 	2.627975 	1.136332 	2.370258 	1.823630 	
