Total assets = 924
Number of asset nodes = 50

Distance:
999.000000 	28.792360 	15.811388 	6.708204 	5.830952 	25.632011 	14.866069 	13.601471 	47.853943 	81.688431 	89.872131 	16.763054 	24.413111 	63.063461 	105.418213 	16.763054 	22.847319 	56.080299 	36.069378 	87.005745 	36.055511 	92.005432 	100.657837 	22.671568 	76.537575 	57.567352 	26.925823 	41.012192 	33.615471 	26.305893 	25.806976 	41.400482 	105.759163 	26.683329 	49.091751 	81.841309 	34.000000 	88.192970 	31.240999 	42.154476 	35.468296 	99.126183 	36.124783 	61.204575 	60.074955 	38.832977 	99.478638 	64.381676 	37.536648 	56.142673 	45.880280 	42.941822 	39.698868 	40.607880 	63.007935 	41.231056 	44.777225 	49.648766 	62.072536 	67.029846 	59.363289 	65.069191 	126.657021 	69.000000 	
28.792360 	999.000000 	14.035668 	24.331051 	32.756680 	54.424259 	16.000000 	19.026299 	76.557167 	109.288612 	117.004272 	22.803509 	16.401220 	91.706055 	131.795303 	32.557640 	21.095022 	84.864601 	15.033297 	114.825958 	64.132675 	119.816528 	128.003906 	42.579338 	105.095192 	86.330757 	25.612497 	68.883957 	21.470911 	28.017851 	48.259712 	23.086792 	133.221619 	36.674240 	77.103828 	110.494347 	57.314919 	116.726173 	51.971146 	31.016125 	55.542778 	127.534309 	55.785301 	89.269257 	87.965904 	60.207973 	127.941391 	92.574295 	57.008770 	83.216583 	70.256676 	65.764732 	59.203041 	60.876926 	90.669731 	61.131008 	67.082039 	74.242844 	89.274857 	94.762863 	40.311287 	92.265923 	154.262756 	96.519424 	
15.811388 	14.035668 	999.000000 	10.440307 	18.973665 	41.146080 	2.236068 	5.385165 	63.529522 	97.452553 	105.550934 	10.630146 	11.045361 	78.771820 	120.917328 	19.313208 	12.649111 	71.589104 	20.615528 	102.800781 	50.219517 	107.800743 	116.387283 	29.120440 	92.282173 	72.801102 	18.027756 	54.918121 	20.396078 	19.235384 	34.525352 	26.832815 	121.511314 	25.495098 	63.150612 	97.529480 	43.566040 	103.942291 	38.600517 	30.149628 	42.379242 	114.908661 	42.720020 	75.312683 	73.979729 	46.840153 	115.247559 	78.644768 	44.011364 	69.180923 	56.435802 	52.172791 	46.238514 	47.759815 	76.655075 	48.104053 	53.600372 	60.406952 	75.239616 	80.752708 	45.188496 	78.230431 	142.435944 	82.492424 	
6.708204 	24.331051 	10.440307 	999.000000 	8.544003 	30.886890 	8.944272 	7.071068 	53.338543 	87.863533 	96.176918 	10.198039 	17.804493 	68.600288 	111.865990 	12.806249 	16.155495 	61.269894 	29.832869 	93.085983 	39.812057 	98.081596 	106.887794 	21.095022 	82.152298 	62.393909 	20.396078 	44.553337 	26.925823 	20.024984 	25.632011 	34.828148 	111.946419 	21.931713 	52.773098 	87.321243 	34.481880 	93.813644 	30.413813 	35.468296 	34.481880 	104.847511 	34.985710 	64.938431 	63.639610 	38.483765 	105.152267 	68.249542 	36.359318 	59.033890 	47.074409 	43.324360 	38.587563 	39.824615 	66.370171 	40.311287 	44.944408 	50.990196 	65.069191 	70.455658 	52.697250 	68.066147 	132.774246 	72.249565 	
5.830952 	32.756680 	18.973665 	8.544003 	999.000000 	22.472204 	17.464249 	15.264338 	44.944408 	79.931221 	88.413803 	16.401220 	25.495098 	60.207973 	104.350372 	13.000000 	22.803509 	52.773098 	38.013157 	85.041168 	31.400637 	90.027771 	99.005051 	17.204651 	73.783470 	53.851646 	25.942244 	36.221542 	34.058773 	24.698177 	20.000000 	42.426407 	104.004807 	23.021729 	44.407207 	78.892334 	28.178005 	85.440041 	25.495098 	41.677334 	29.732138 	96.519424 	30.413813 	56.568542 	55.326305 	33.015148 	96.798759 	59.841457 	31.827662 	51.009804 	40.162170 	37.121422 	33.970577 	34.828148 	58.137768 	35.468296 	38.948685 	43.965897 	57.000000 	62.201286 	59.816387 	60.000000 	124.739731 	64.070274 	
25.632011 	54.424259 	41.146080 	30.886890 	22.472204 	999.000000 	39.824615 	37.735924 	22.472204 	58.051701 	66.843102 	38.288380 	47.801674 	37.735924 	83.234612 	31.400637 	44.598206 	30.463093 	60.464867 	62.936478 	13.892444 	67.896980 	77.155685 	27.513634 	51.312767 	32.015621 	46.754681 	18.788294 	55.901699 	44.821869 	24.186773 	64.536812 	82.036575 	39.357338 	25.709921 	56.435802 	25.709921 	62.968246 	29.000000 	62.481998 	32.140316 	74.060783 	33.136082 	37.215588 	36.496574 	32.015621 	74.330345 	40.049969 	34.234486 	34.539833 	31.400637 	32.202484 	35.510563 	34.928497 	39.812057 	35.902645 	34.438351 	33.970577 	39.849716 	43.566040 	81.344948 	42.720020 	102.591423 	45.891174 	
14.866069 	16.000000 	2.236068 	8.944272 	17.464249 	39.824615 	999.000000 	3.162278 	62.265560 	96.540146 	104.737770 	8.485281 	10.440307 	77.524193 	120.241425 	17.088007 	11.180340 	70.213959 	21.213203 	101.828285 	48.507732 	106.826965 	115.520561 	26.925823 	91.065910 	71.309189 	16.492422 	53.150730 	19.924858 	17.464249 	32.388271 	26.925823 	120.615089 	23.345236 	61.392181 	96.254868 	41.436699 	102.727798 	36.400551 	29.427877 	40.162170 	113.740936 	40.496914 	73.545906 	72.180328 	44.643028 	114.057007 	76.902534 	41.785164 	67.268120 	54.332310 	50.009998 	44.011364 	45.541191 	74.813103 	45.880280 	51.419842 	58.309521 	73.334846 	78.917679 	45.177429 	76.321686 	141.495590 	80.622574 	
13.601471 	19.026299 	5.385165 	7.071068 	15.264338 	37.735924 	3.162278 	999.000000 	60.207973 	94.921021 	103.247276 	5.830952 	10.816654 	75.471848 	118.928551 	13.928389 	10.049875 	68.000000 	22.803509 	100.124924 	45.880280 	105.118980 	113.951744 	23.769728 	89.044930 	68.942001 	15.033297 	50.447994 	20.124611 	15.524175 	29.274563 	27.802877 	119.004204 	20.518284 	58.694122 	94.154129 	38.327538 	100.702530 	33.241539 	29.120440 	37.000000 	111.772087 	37.336308 	70.830788 	69.426216 	41.484936 	112.058022 	74.215904 	38.626415 	64.381676 	51.244511 	46.872166 	40.853397 	42.379242 	72.006943 	42.720020 	48.270073 	55.226807 	70.455658 	76.118332 	45.793011 	73.437050 	139.817734 	77.781746 	
47.853943 	76.557167 	63.529522 	53.338543 	44.944408 	22.472204 	62.265560 	60.207973 	999.000000 	36.891735 	46.141087 	60.605282 	70.213959 	15.264338 	63.063461 	53.037724 	66.843102 	9.000000 	82.927681 	41.231056 	20.248457 	46.097721 	55.803226 	47.201694 	28.844410 	12.649111 	68.622154 	20.099751 	78.102493 	66.468040 	42.190044 	86.833176 	60.440052 	59.816387 	18.973665 	34.000000 	39.217342 	40.496914 	45.188496 	84.148682 	46.818798 	51.613953 	47.759815 	24.083189 	24.758837 	44.384682 	51.865211 	25.238859 	48.383881 	28.178005 	37.000000 	41.303753 	48.764740 	47.296936 	28.284271 	48.270073 	43.185646 	37.215588 	30.610456 	30.610456 	103.276329 	32.557640 	80.622574 	33.421551 	
81.688431 	109.288612 	97.452553 	87.863533 	79.931221 	58.051701 	96.540146 	94.921021 	36.891735 	999.000000 	9.486833 	96.166519 	105.418213 	24.041630 	26.570660 	89.375610 	102.532921 	32.893768 	117.686020 	6.082763 	56.824291 	10.770329 	19.104973 	84.053551 	15.524175 	35.902645 	104.804581 	55.542778 	113.846390 	102.825096 	79.075912 	122.347862 	24.083189 	96.607452 	50.960770 	18.027756 	75.584389 	16.643316 	81.884064 	120.507263 	83.192551 	22.022715 	84.095184 	47.042534 	49.091751 	80.230919 	23.086792 	45.011108 	84.581322 	56.435802 	70.880180 	76.216797 	84.693565 	83.006027 	51.000000 	83.934502 	77.794601 	69.856995 	55.009090 	50.159744 	139.387955 	55.036350 	45.000000 	52.345009 	
89.872131 	117.004272 	105.550934 	96.176918 	88.413803 	66.843102 	104.737770 	103.247276 	46.141087 	9.486833 	999.000000 	104.737770 	113.846390 	33.526108 	17.088007 	98.234413 	111.126053 	42.379242 	125.936493 	8.544003 	66.189125 	8.602325 	11.180340 	93.193344 	24.020824 	45.354160 	113.569359 	65.000000 	122.429573 	111.664673 	88.323273 	130.831955 	16.552946 	105.683487 	60.440052 	25.000000 	85.000000 	21.095022 	91.241440 	129.321304 	92.612091 	21.470911 	93.520050 	56.222771 	58.309521 	89.693924 	22.825424 	54.037025 	94.021271 	65.764732 	80.361679 	85.702972 	94.154129 	92.477028 	60.074955 	93.407707 	87.281158 	79.309517 	64.124878 	59.008472 	148.070923 	64.007812 	37.589893 	61.073727 	
16.763054 	22.803509 	10.630146 	10.198039 	16.401220 	38.288380 	8.485281 	5.830952 	60.605282 	96.166519 	104.737770 	999.000000 	9.848858 	75.802376 	120.739388 	10.000000 	6.403124 	67.955872 	22.847319 	101.178062 	44.777225 	106.150833 	115.260574 	20.024984 	89.403580 	68.476273 	10.198039 	49.040798 	17.691807 	10.049875 	26.019224 	26.248810 	120.216469 	14.866069 	57.245087 	94.302704 	35.000000 	101.019798 	29.274563 	25.495098 	32.756680 	112.200714 	32.984844 	69.260376 	67.720009 	37.483330 	112.414413 	72.732384 	34.205261 	62.169125 	48.000000 	43.185646 	36.400551 	38.078865 	70.092796 	38.327538 	44.407207 	52.000000 	68.249542 	74.215904 	43.416588 	71.196907 	140.858078 	75.709976 	
24.413111 	16.401220 	11.045361 	17.804493 	25.495098 	47.801674 	10.440307 	10.816654 	70.213959 	105.418213 	113.846390 	9.848858 	999.000000 	85.445892 	129.634094 	19.416489 	5.099020 	77.698135 	13.000000 	110.535065 	54.625999 	115.520561 	124.482933 	29.154760 	99.045441 	78.294319 	9.219544 	58.872746 	9.486833 	11.661903 	35.355339 	17.029387 	129.495178 	20.880613 	67.067131 	104.009613 	44.181442 	110.679718 	38.000000 	19.104973 	41.109608 	121.827744 	41.194660 	79.056938 	77.491936 	46.043457 	122.065559 	82.540901 	42.296574 	71.805290 	57.140179 	52.000000 	44.407207 	46.270943 	79.812279 	46.389652 	53.037724 	61.131008 	77.878113 	83.934502 	34.985710 	80.808418 	150.233154 	85.375641 	
63.063461 	91.706055 	78.771820 	68.600288 	60.207973 	37.735924 	77.524193 	75.471848 	15.264338 	24.041630 	33.526108 	75.802376 	85.445892 	999.000000 	50.596443 	68.014702 	82.006096 	8.944272 	98.183502 	27.294687 	33.600594 	31.906113 	42.059483 	61.619801 	13.601471 	12.041595 	83.630135 	31.764761 	93.236259 	81.394104 	56.222771 	102.004898 	46.324940 	74.330345 	26.925823 	18.788294 	51.971146 	25.238859 	58.523499 	99.035347 	59.539902 	36.400551 	60.415230 	24.515301 	26.305893 	56.364883 	36.619667 	23.409399 	60.827625 	33.000000 	46.840153 	52.201534 	60.835846 	59.093147 	28.861740 	60.008331 	53.758720 	45.891174 	32.557640 	29.154760 	118.258194 	33.241539 	65.946945 	31.780497 	
105.418213 	131.795303 	120.917328 	111.865990 	104.350372 	83.234612 	120.241425 	118.928551 	63.063461 	26.570660 	17.088007 	120.739388 	129.634094 	50.596443 	999.000000 	114.621117 	127.141655 	59.464275 	141.449631 	24.186773 	83.192551 	21.023796 	11.704700 	109.931801 	40.311287 	62.361847 	129.807556 	82.079231 	138.408813 	128.003906 	105.190300 	146.659470 	12.727922 	122.331520 	77.491936 	40.012497 	102.044106 	34.365681 	108.226616 	145.602203 	109.658562 	29.068884 	110.571243 	72.835434 	74.966660 	106.775467 	30.413813 	70.455658 	111.085556 	82.565125 	97.416634 	102.786186 	111.233986 	109.562767 	76.531036 	110.494347 	104.355164 	96.301613 	80.622574 	75.166481 	164.149323 	80.305664 	27.073973 	77.058418 	
16.763054 	32.557640 	19.313208 	12.806249 	13.000000 	31.400637 	17.088007 	13.928389 	53.037724 	89.375610 	98.234413 	10.000000 	19.416489 	68.014702 	114.621117 	999.000000 	14.866069 	59.816387 	32.280025 	94.111633 	35.846897 	99.035347 	108.466583 	10.049875 	81.565926 	59.908264 	15.620500 	39.812057 	25.553865 	13.453624 	16.031219 	34.481880 	113.278419 	10.049875 	47.927029 	86.214851 	25.000000 	93.085983 	19.416489 	31.144823 	23.086792 	104.350372 	23.409399 	59.808025 	58.189346 	27.658634 	104.484451 	63.324562 	24.698177 	52.392746 	38.000000 	33.241539 	26.925823 	28.460499 	60.440052 	28.792360 	34.525352 	42.000000 	58.463665 	64.560051 	50.249378 	61.392181 	133.645050 	65.969688 	
22.847319 	21.095022 	12.649111 	16.155495 	22.803509 	44.598206 	11.180340 	10.049875 	66.843102 	102.532921 	111.126053 	6.403124 	5.099020 	82.006096 	127.141655 	14.866069 	999.000000 	74.060783 	17.464249 	107.517441 	50.537113 	112.485558 	121.630585 	24.331051 	95.603348 	74.431175 	5.385165 	54.625999 	11.313708 	7.071068 	30.594116 	20.000000 	126.574089 	15.811388 	62.769421 	100.439034 	39.319206 	107.200745 	33.015148 	19.313208 	36.055511 	118.406082 	36.124783 	74.672615 	73.054771 	41.012192 	118.600166 	78.185677 	37.215588 	67.186310 	52.239830 	47.010635 	39.319206 	41.194660 	75.286118 	41.303753 	48.010414 	56.222771 	73.246162 	79.404030 	37.013512 	76.157730 	147.186951 	80.777473 	
56.080299 	84.864601 	71.589104 	61.269894 	52.773098 	30.463093 	70.213959 	68.000000 	9.000000 	32.893768 	42.379242 	67.955872 	77.698135 	8.944272 	59.464275 	59.816387 	74.060783 	999.000000 	90.553848 	36.235340 	24.839485 	40.816662 	51.000000 	53.037724 	21.931713 	5.000000 	75.432091 	22.825424 	85.211502 	73.109505 	47.507893 	94.047859 	55.226807 	65.764732 	18.248287 	26.400757 	43.046486 	33.301651 	49.648766 	90.686272 	50.606323 	44.598206 	51.478149 	18.357559 	19.697716 	47.423622 	44.687805 	18.439089 	51.884487 	25.317978 	38.078865 	43.324360 	51.894123 	50.159744 	22.825424 	51.078373 	44.922153 	37.336308 	26.000000 	24.207438 	109.986366 	27.294687 	74.652527 	27.018513 	
36.069378 	15.033297 	20.615528 	29.832869 	38.013157 	60.464867 	21.213203 	22.803509 	82.927681 	117.686020 	125.936493 	22.847319 	13.000000 	98.183502 	141.449631 	32.280025 	17.464249 	90.553848 	999.000000 	122.918671 	67.623962 	127.914032 	136.693085 	41.773197 	111.772087 	91.241440 	19.026299 	71.867935 	9.848858 	22.022715 	48.052055 	8.062258 	141.767410 	32.015621 	80.056229 	116.811813 	56.718605 	123.422043 	50.249378 	17.204651 	53.037724 	134.525085 	53.009434 	92.027168 	90.443352 	58.077534 	134.792435 	95.519630 	54.000000 	84.646324 	69.584480 	64.195015 	56.008926 	58.000000 	92.720009 	58.008621 	65.069191 	73.552704 	90.708321 	96.840073 	25.709921 	93.621582 	162.606888 	98.234413 	
87.005745 	114.825958 	102.800781 	93.085983 	85.041168 	62.936478 	101.828285 	100.124924 	41.231056 	6.082763 	8.544003 	101.178062 	110.535065 	27.294687 	24.186773 	94.111633 	107.517441 	36.235340 	122.918671 	999.000000 	60.745369 	5.000000 	14.764823 	88.408142 	16.124516 	38.626415 	109.622078 	59.059292 	118.827606 	107.563934 	83.234612 	127.404869 	19.209373 	101.044548 	53.851646 	16.492422 	79.259071 	12.806249 	85.755463 	125.255737 	86.833176 	16.124516 	87.709747 	48.662102 	50.803543 	83.630135 	17.262676 	46.270943 	88.119240 	58.463665 	73.736015 	79.309517 	88.102211 	86.330757 	52.345009 	87.235313 	80.777473 	72.422371 	56.435802 	51.039200 	144.256714 	56.142673 	39.698868 	53.000000 	
36.055511 	64.132675 	50.219517 	39.812057 	31.400637 	13.892444 	48.507732 	45.880280 	20.248457 	56.824291 	66.189125 	44.777225 	54.625999 	33.600594 	83.192551 	35.846897 	50.537113 	24.839485 	67.623962 	60.745369 	999.000000 	65.459915 	75.471848 	28.319605 	46.754681 	24.207438 	51.312767 	5.099020 	61.400326 	48.826221 	22.671568 	70.327805 	79.881165 	41.036568 	13.038404 	50.931328 	18.973665 	57.982758 	25.059929 	66.219330 	26.570660 	69.296463 	27.513634 	25.179358 	24.020824 	24.331051 	69.310890 	28.442924 	28.160255 	20.880613 	19.313208 	22.090721 	28.635643 	27.294687 	27.018513 	28.284271 	24.186773 	21.095022 	26.476404 	31.000000 	85.603737 	29.427877 	99.488693 	33.060551 	
92.005432 	119.816528 	107.800743 	98.081596 	90.027771 	67.896980 	106.826965 	105.118980 	46.097721 	10.770329 	8.602325 	106.150833 	115.520561 	31.906113 	21.023796 	99.035347 	112.485558 	40.816662 	127.914032 	5.000000 	65.459915 	999.000000 	10.440307 	93.236259 	19.924858 	42.953465 	114.560028 	63.631752 	123.794182 	112.485558 	88.005684 	132.382019 	14.422205 	105.891457 	58.180752 	19.000000 	83.862984 	13.601471 	90.426765 	130.176804 	91.416626 	13.000000 	92.282173 	52.392746 	54.571056 	88.119240 	14.317822 	49.819675 	92.660675 	62.361847 	78.000000 	83.671982 	92.590500 	90.785461 	55.901699 	91.678787 	85.088188 	76.550636 	60.016663 	54.332310 	149.201202 	59.539902 	34.713108 	56.142673 	
100.657837 	128.003906 	116.387283 	106.887794 	99.005051 	77.155685 	115.520561 	113.951744 	55.803226 	19.104973 	11.180340 	115.260574 	124.482933 	42.059483 	11.704700 	108.466583 	121.630585 	51.000000 	136.693085 	14.764823 	75.471848 	10.440307 	999.000000 	103.004852 	30.364452 	53.310413 	123.907227 	73.824112 	132.943604 	121.918007 	97.908119 	141.428421 	5.385165 	115.602768 	68.541962 	29.154760 	94.021271 	23.021729 	100.498756 	139.603012 	101.597244 	17.492855 	102.474388 	62.817196 	65.000000 	98.386993 	18.867962 	60.207973 	102.883430 	72.801102 	88.391174 	94.021271 	102.859123 	101.079178 	66.287254 	101.980392 	95.462036 	86.977005 	70.405968 	64.629715 	158.492905 	69.871307 	26.419689 	66.370171 	
22.671568 	42.579338 	29.120440 	21.095022 	17.204651 	27.513634 	26.925823 	23.769728 	47.201694 	84.053551 	93.193344 	20.024984 	29.154760 	61.619801 	109.931801 	10.049875 	24.331051 	53.037724 	41.773197 	88.408142 	28.319605 	93.236259 	103.004852 	999.000000 	74.966660 	52.497620 	23.769728 	31.622776 	34.176014 	21.023796 	6.324555 	43.081318 	107.615051 	12.727922 	39.446167 	79.246452 	15.033297 	86.278618 	9.486833 	38.013157 	13.416408 	97.590981 	13.892444 	50.990196 	49.244289 	17.720045 	97.621719 	54.561890 	15.264338 	43.011627 	28.017851 	23.194826 	17.492855 	18.788294 	51.264023 	19.235384 	24.515301 	32.015621 	49.040798 	55.362442 	57.428215 	51.923019 	127.561752 	56.612720 	
76.537575 	105.095192 	92.282173 	82.152298 	73.783470 	51.312767 	91.065910 	89.044930 	28.844410 	15.524175 	24.020824 	89.403580 	99.045441 	13.601471 	40.311287 	81.565926 	95.603348 	21.931713 	111.772087 	16.124516 	46.754681 	19.924858 	30.364452 	74.966660 	999.000000 	23.323807 	97.185387 	44.407207 	106.826965 	94.921021 	69.426216 	115.602768 	34.014702 	87.692642 	38.470768 	6.000000 	64.637451 	11.661903 	71.400284 	112.538879 	72.111023 	22.803509 	72.945183 	32.557640 	34.713108 	68.600288 	23.021729 	30.149628 	73.246162 	42.449970 	58.180752 	63.953106 	73.061615 	71.196907 	36.221542 	72.069412 	65.306969 	56.648037 	40.311287 	35.000000 	131.795303 	40.049969 	52.801514 	37.054016 	
57.567352 	86.330757 	72.801102 	62.393909 	53.851646 	32.015621 	71.309189 	68.942001 	12.649111 	35.902645 	45.354160 	68.476273 	78.294319 	12.041595 	62.361847 	59.908264 	74.431175 	5.000000 	91.241440 	38.626415 	24.207438 	42.953465 	53.310413 	52.497620 	23.323807 	999.000000 	75.451973 	21.260292 	85.440041 	73.006851 	46.690472 	94.339813 	57.245087 	65.192024 	15.231546 	26.907248 	41.400482 	34.058773 	48.270073 	90.426765 	48.826221 	45.343136 	49.648766 	13.416408 	14.866069 	45.276924 	45.276924 	13.453624 	49.929951 	21.023796 	35.114101 	40.718548 	49.739319 	47.885281 	17.888544 	48.764740 	42.154476 	33.955853 	21.189621 	19.209373 	109.808922 	22.360680 	76.026314 	22.022715 	
26.925823 	25.612497 	18.027756 	20.396078 	25.942244 	46.754681 	16.492422 	15.033297 	68.622154 	104.804581 	113.569359 	10.198039 	9.219544 	83.630135 	129.807556 	15.620500 	5.385165 	75.432091 	19.026299 	109.622078 	51.312767 	114.560028 	123.907227 	23.769728 	97.185387 	75.451973 	999.000000 	55.072678 	10.440307 	3.000000 	30.083218 	19.313208 	128.763351 	13.000000 	63.063461 	101.828285 	38.327538 	108.706024 	31.575306 	15.811388 	34.132095 	119.970833 	34.058773 	74.732857 	73.006851 	39.204590 	120.104118 	78.294319 	35.014282 	66.730804 	50.990196 	45.398239 	37.000000 	39.012817 	75.026665 	39.000000 	46.173584 	54.918121 	72.732384 	79.120163 	34.655445 	75.584389 	149.201202 	80.324341 	
41.012192 	68.883957 	54.918121 	44.553337 	36.221542 	18.788294 	53.150730 	50.447994 	20.099751 	55.542778 	65.000000 	49.040798 	58.872746 	31.764761 	82.079231 	39.812057 	54.625999 	22.825424 	71.867935 	59.059292 	5.099020 	63.631752 	73.824112 	31.622776 	44.407207 	21.260292 	55.072678 	999.000000 	65.299309 	52.478565 	25.612497 	74.242844 	78.032043 	44.204071 	8.246211 	48.166378 	20.248457 	55.317268 	27.018513 	69.634758 	27.784887 	66.603302 	28.653097 	20.396078 	19.104973 	24.698177 	66.528191 	23.769728 	29.068884 	15.811388 	17.117243 	21.213203 	29.154760 	27.513634 	22.000000 	28.460499 	23.086792 	18.027756 	21.377558 	26.019224 	89.050545 	24.331051 	97.200821 	28.017851 	
33.615471 	21.470911 	20.396078 	26.925823 	34.058773 	55.901699 	19.924858 	20.124611 	78.102493 	113.846390 	122.429573 	17.691807 	9.486833 	93.236259 	138.408813 	25.553865 	11.313708 	85.211502 	9.848858 	118.827606 	61.400326 	123.794182 	132.943604 	34.176014 	106.826965 	85.440041 	10.440307 	65.299309 	999.000000 	13.341664 	40.496914 	8.944272 	137.887634 	23.194826 	73.348480 	111.606453 	48.764740 	118.406082 	41.976185 	10.049875 	44.407207 	129.630249 	44.283180 	85.088188 	83.384651 	49.497475 	129.807556 	88.639717 	45.177429 	77.162170 	61.392181 	55.731499 	47.095646 	49.162994 	85.440041 	49.091751 	56.435802 	65.306969 	83.168503 	89.537704 	25.806976 	86.023254 	158.492905 	90.757919 	
26.305893 	28.017851 	19.235384 	20.024984 	24.698177 	44.821869 	17.464249 	15.524175 	66.468040 	102.825096 	111.664673 	10.049875 	11.661903 	81.394104 	128.003906 	13.453624 	7.071068 	73.109505 	22.022715 	107.563934 	48.826221 	112.485558 	121.918007 	21.023796 	94.921021 	73.006851 	3.000000 	52.478565 	13.341664 	999.000000 	27.313000 	22.135944 	126.732002 	10.000000 	60.415230 	99.488693 	35.440090 	106.404884 	28.635643 	17.691807 	31.144823 	117.686020 	31.064449 	72.013885 	70.263786 	36.221542 	117.796432 	75.584389 	32.015621 	63.906181 	48.052055 	42.426407 	34.000000 	36.013885 	72.235725 	36.000000 	43.185646 	51.971146 	69.892776 	76.321686 	36.878178 	72.732384 	147.085007 	77.491936 	
25.806976 	48.259712 	34.525352 	25.632011 	20.000000 	24.186773 	32.388271 	29.274563 	42.190044 	79.075912 	88.323273 	26.019224 	35.355339 	56.222771 	105.190300 	16.031219 	30.594116 	47.507893 	48.052055 	83.234612 	22.671568 	88.005684 	97.908119 	6.324555 	69.426216 	46.690472 	30.083218 	25.612497 	40.496914 	27.313000 	999.000000 	49.396355 	102.415817 	18.601076 	33.286633 	73.539108 	9.055386 	80.622574 	5.830952 	44.102154 	10.000000 	91.934761 	10.816654 	44.721359 	42.953465 	13.038404 	91.923882 	48.301140 	12.206555 	36.687874 	22.022715 	17.720045 	14.212670 	14.866069 	44.944408 	15.556349 	19.313208 	26.019224 	42.720020 	49.040798 	63.513779 	45.607018 	122.147453 	50.289165 	
41.400482 	23.086792 	26.832815 	34.828148 	42.426407 	64.536812 	26.925823 	27.802877 	86.833176 	122.347862 	130.831955 	26.248810 	17.029387 	102.004898 	146.659470 	34.481880 	20.000000 	94.047859 	8.062258 	127.404869 	70.327805 	132.382019 	141.428421 	43.081318 	115.602768 	94.339813 	19.313208 	74.242844 	8.944272 	22.135944 	49.396355 	999.000000 	146.413803 	31.780497 	82.292160 	120.432556 	57.567352 	127.200630 	50.695168 	10.816654 	52.952808 	138.405197 	52.773098 	94.021271 	92.309265 	58.051701 	138.600143 	97.575615 	53.600372 	86.034874 	70.092796 	64.327286 	55.443665 	57.558666 	94.339813 	57.428215 	64.938431 	73.979729 	92.027168 	98.432716 	18.384777 	94.868332 	167.092789 	99.624290 	
105.759163 	133.221619 	121.511314 	111.946419 	104.004807 	82.036575 	120.615089 	119.004204 	60.440052 	24.083189 	16.552946 	120.216469 	129.495178 	46.324940 	12.727922 	113.278419 	126.574089 	55.226807 	141.767410 	19.209373 	79.881165 	14.422205 	5.385165 	107.615051 	34.014702 	57.245087 	128.763351 	78.032043 	137.887634 	126.732002 	102.415817 	146.413803 	999.000000 	120.253899 	72.449982 	32.015621 	98.270035 	25.317978 	104.847511 	144.422989 	105.815880 	17.464249 	106.677086 	66.098412 	68.308128 	102.474388 	18.681541 	63.324562 	107.042046 	76.216797 	92.195442 	97.943863 	106.943909 	105.118980 	69.375786 	106.004715 	99.317673 	90.620087 	73.498299 	67.468513 	163.379929 	72.780495 	21.095022 	69.050705 	
26.683329 	36.674240 	25.495098 	21.931713 	23.021729 	39.357338 	23.345236 	20.518284 	59.816387 	96.607452 	105.683487 	14.866069 	20.880613 	74.330345 	122.331520 	10.049875 	15.811388 	65.764732 	32.015621 	101.044548 	41.036568 	105.891457 	115.602768 	12.727922 	87.692642 	65.192024 	13.000000 	44.204071 	23.194826 	10.000000 	18.601076 	31.780497 	120.253899 	999.000000 	51.865211 	91.967384 	26.000000 	99.005051 	18.973665 	25.553865 	21.213203 	110.317726 	21.095022 	63.134777 	61.294373 	26.305893 	110.344917 	66.730804 	22.022715 	54.625999 	38.327538 	32.557640 	24.000000 	26.019224 	63.071388 	26.000000 	33.241539 	42.201897 	60.539242 	67.119293 	44.944408 	63.324562 	140.264038 	68.154236 	
49.091751 	77.103828 	63.150612 	52.773098 	44.407207 	25.709921 	61.392181 	58.694122 	18.973665 	50.960770 	60.440052 	57.245087 	67.067131 	26.925823 	77.491936 	47.927029 	62.769421 	18.248287 	80.056229 	53.851646 	13.038404 	58.180752 	68.541962 	39.446167 	38.470768 	15.231546 	63.063461 	8.246211 	73.348480 	60.415230 	33.286633 	82.292160 	72.449982 	51.865211 	999.000000 	41.617306 	26.870058 	48.826221 	33.970577 	77.388626 	34.058773 	60.000000 	34.828148 	12.165525 	11.000000 	30.232433 	59.816387 	15.524175 	35.000000 	9.899495 	19.924858 	25.495098 	34.669872 	32.756680 	14.142136 	33.615471 	26.925823 	19.104973 	14.317822 	18.027756 	96.798759 	17.088007 	90.972527 	20.223749 	
81.841309 	110.494347 	97.529480 	87.321243 	78.892334 	56.435802 	96.254868 	94.154129 	34.000000 	18.027756 	25.000000 	94.302704 	104.009613 	18.788294 	40.012497 	86.214851 	100.439034 	26.400757 	116.811813 	16.492422 	50.931328 	19.000000 	29.154760 	79.246452 	6.000000 	26.907248 	101.828285 	48.166378 	111.606453 	99.488693 	73.539108 	120.432556 	32.015621 	91.967384 	41.617306 	999.000000 	68.249542 	7.211102 	75.166481 	117.034180 	75.604233 	18.439089 	76.400261 	34.176014 	36.400551 	71.847061 	18.384777 	31.320919 	76.609398 	44.384682 	60.901562 	66.887962 	76.275818 	74.330345 	37.363083 	75.166481 	68.095520 	59.033890 	41.484936 	35.510563 	136.359818 	40.792156 	49.396355 	37.215588 	
34.000000 	57.314919 	43.566040 	34.481880 	28.178005 	25.709921 	41.436699 	38.327538 	39.217342 	75.584389 	85.000000 	35.000000 	44.181442 	51.971146 	102.044106 	25.000000 	39.319206 	43.046486 	56.718605 	79.259071 	18.973665 	83.862984 	94.021271 	15.033297 	64.637451 	41.400482 	38.327538 	20.248457 	48.764740 	35.440090 	9.055386 	57.567352 	98.270035 	26.000000 	26.870058 	68.249542 	999.000000 	75.432091 	7.211102 	51.429562 	7.615773 	86.683334 	8.544003 	37.443291 	35.510563 	6.324555 	86.556343 	41.048752 	9.219544 	28.635643 	13.000000 	8.944272 	10.000000 	9.219544 	37.121422 	10.198039 	10.816654 	17.000000 	34.539833 	41.146080 	70.710678 	37.336308 	117.413795 	42.154476 	
88.192970 	116.726173 	103.942291 	93.813644 	85.440041 	62.968246 	102.727798 	100.702530 	40.496914 	16.643316 	21.095022 	101.019798 	110.679718 	25.238859 	34.365681 	93.085983 	107.200745 	33.301651 	123.422043 	12.806249 	57.982758 	13.601471 	23.021729 	86.278618 	11.661903 	34.058773 	108.706024 	55.317268 	118.406082 	106.404884 	80.622574 	127.200630 	25.317978 	99.005051 	48.826221 	7.211102 	75.432091 	999.000000 	82.328613 	123.987900 	82.800964 	11.313708 	83.600243 	41.231056 	43.462627 	79.056938 	11.401754 	38.275318 	83.815269 	51.478149 	68.095520 	74.094536 	83.486526 	81.541397 	44.271889 	82.377182 	75.292763 	66.189125 	48.383881 	42.201897 	143.282944 	47.539455 	42.190044 	43.737854 	
31.240999 	51.971146 	38.600517 	30.413813 	25.495098 	29.000000 	36.400551 	33.241539 	45.188496 	81.884064 	91.241440 	29.274563 	38.000000 	58.523499 	108.226616 	19.416489 	33.015148 	49.648766 	50.249378 	85.755463 	25.059929 	90.426765 	100.498756 	9.486833 	71.400284 	48.270073 	31.575306 	27.018513 	41.976185 	28.635643 	5.830952 	50.695168 	104.847511 	18.973665 	33.970577 	75.166481 	7.211102 	82.328613 	999.000000 	44.283180 	4.242640 	93.605553 	5.000000 	44.654228 	42.720020 	8.246211 	93.509361 	48.259712 	6.403124 	35.777088 	19.416489 	14.000000 	8.485281 	9.433981 	44.294468 	10.000000 	15.132746 	23.345236 	41.629318 	48.301140 	63.529522 	44.384682 	124.201447 	49.244289 	
42.154476 	31.016125 	30.149628 	35.468296 	41.677334 	62.481998 	29.427877 	29.120440 	84.148682 	120.507263 	129.321304 	25.495098 	19.104973 	99.035347 	145.602203 	31.144823 	19.313208 	90.686272 	17.204651 	125.255737 	66.219330 	130.176804 	139.603012 	38.013157 	112.538879 	90.426765 	15.811388 	69.634758 	10.049875 	17.691807 	44.102154 	10.816654 	144.422989 	25.553865 	77.388626 	117.034180 	51.429562 	123.987900 	44.283180 	999.000000 	45.880280 	135.281189 	45.541191 	88.684837 	86.833176 	50.921509 	135.369858 	92.282173 	46.173584 	80.056229 	63.324562 	57.245087 	47.801674 	50.000000 	88.549423 	49.729267 	57.567352 	67.067131 	85.906929 	92.574295 	19.416489 	88.639717 	164.769531 	93.520050 	
35.468296 	55.542778 	42.379242 	34.481880 	29.732138 	32.140316 	40.162170 	37.000000 	46.818798 	83.192551 	92.612091 	32.756680 	41.109608 	59.539902 	109.658562 	23.086792 	36.055511 	50.606323 	53.037724 	86.833176 	26.570660 	91.416626 	101.597244 	13.416408 	72.111023 	48.826221 	34.132095 	27.784887 	44.407207 	31.144823 	10.000000 	52.952808 	105.815880 	21.213203 	34.058773 	75.604233 	7.615773 	82.800964 	4.242640 	45.880280 	999.000000 	94.021271 	1.000000 	44.045429 	42.011902 	5.099020 	93.861603 	47.634022 	2.236068 	34.669872 	17.464249 	11.401754 	4.242640 	5.385165 	43.266617 	5.830952 	12.041595 	21.189621 	40.311287 	47.169907 	64.884514 	42.941822 	124.851913 	47.885281 	
99.126183 	127.534309 	114.908661 	104.847511 	96.519424 	74.060783 	113.740936 	111.772087 	51.613953 	22.022715 	21.470911 	112.200714 	121.827744 	36.400551 	29.068884 	104.350372 	118.406082 	44.598206 	134.525085 	16.124516 	69.296463 	13.000000 	17.492855 	97.590981 	22.803509 	45.343136 	119.970833 	66.603302 	129.630249 	117.686020 	91.934761 	138.405197 	17.464249 	110.317726 	60.000000 	18.439089 	86.683334 	11.313708 	93.605553 	135.281189 	94.021271 	999.000000 	94.810333 	51.884487 	54.120235 	90.210861 	1.414214 	48.754486 	95.000000 	62.177166 	79.075912 	85.146935 	94.625580 	92.655273 	54.625999 	93.477272 	86.284416 	77.025970 	58.694122 	52.201534 	154.563904 	57.584721 	31.304953 	53.450912 	
36.124783 	55.785301 	42.720020 	34.985710 	30.413813 	33.136082 	40.496914 	37.336308 	47.759815 	84.095184 	93.520050 	32.984844 	41.194660 	60.415230 	110.571243 	23.409399 	36.124783 	51.478149 	53.009434 	87.709747 	27.513634 	92.282173 	102.474388 	13.892444 	72.945183 	49.648766 	34.058773 	28.653097 	44.283180 	31.064449 	10.816654 	52.773098 	106.677086 	21.095022 	34.828148 	76.400261 	8.544003 	83.600243 	5.000000 	45.541191 	1.000000 	94.810333 	999.000000 	44.687805 	42.638012 	5.385165 	94.641426 	48.270073 	1.414214 	35.227829 	17.888544 	11.704700 	3.605551 	5.099020 	43.829212 	5.385165 	12.165525 	21.540659 	40.816662 	47.707443 	64.474800 	43.416588 	125.670204 	48.373547 	
61.204575 	89.269257 	75.312683 	64.938431 	56.568542 	37.215588 	73.545906 	70.830788 	24.083189 	47.042534 	56.222771 	69.260376 	79.056938 	24.515301 	72.835434 	59.808025 	74.672615 	18.357559 	92.027168 	48.662102 	25.179358 	52.392746 	62.817196 	50.990196 	32.557640 	13.416408 	74.732857 	20.396078 	85.088188 	72.013885 	44.721359 	94.021271 	66.098412 	63.134777 	12.165525 	34.176014 	37.443291 	41.231056 	44.654228 	88.684837 	44.045429 	51.884487 	44.687805 	999.000000 	2.236068 	39.623226 	51.478149 	3.605551 	44.598206 	10.295630 	27.658634 	33.970577 	43.840622 	41.725292 	4.472136 	42.449970 	34.828148 	25.238859 	8.062258 	6.708204 	108.046288 	8.944272 	83.186539 	9.433981 	
60.074955 	87.965904 	73.979729 	63.639610 	55.326305 	36.496574 	72.180328 	69.426216 	24.758837 	49.091751 	58.309521 	67.720009 	77.491936 	26.305893 	74.966660 	58.189346 	73.054771 	19.697716 	90.443352 	50.803543 	24.020824 	54.571056 	65.000000 	49.244289 	34.713108 	14.866069 	73.006851 	19.104973 	83.384651 	70.263786 	42.953465 	92.309265 	68.308128 	61.294373 	11.000000 	36.400551 	35.510563 	43.462627 	42.720020 	86.833176 	42.011902 	54.120235 	42.638012 	2.236068 	999.000000 	37.536648 	53.712196 	5.656854 	42.520584 	8.062258 	25.495098 	31.827662 	41.725292 	39.597980 	3.605551 	40.311287 	32.649654 	23.021729 	6.324555 	7.071068 	106.174385 	7.810250 	85.422478 	9.486833 	
38.832977 	60.207973 	46.840153 	38.483765 	33.015148 	32.015621 	44.643028 	41.484936 	44.384682 	80.230919 	89.693924 	37.483330 	46.043457 	56.364883 	106.775467 	27.658634 	41.012192 	47.423622 	58.077534 	83.630135 	24.331051 	88.119240 	98.386993 	17.720045 	68.600288 	45.276924 	39.204590 	24.698177 	49.497475 	36.221542 	13.038404 	58.051701 	102.474388 	26.305893 	30.232433 	71.847061 	6.324555 	79.056938 	8.246211 	50.921509 	5.099020 	90.210861 	5.385165 	39.623226 	37.536648 	999.000000 	90.000000 	43.185646 	5.000000 	30.000000 	12.529964 	6.324555 	4.472136 	3.000000 	38.600517 	4.000000 	7.000000 	16.155495 	35.510563 	42.438190 	69.856995 	38.078865 	121.202309 	43.046486 	
99.478638 	127.941391 	115.247559 	105.152267 	96.798759 	74.330345 	114.057007 	112.058022 	51.865211 	23.086792 	22.825424 	112.414413 	122.065559 	36.619667 	30.413813 	104.484451 	118.600166 	44.687805 	134.792435 	17.262676 	69.310890 	14.317822 	18.867962 	97.621719 	23.021729 	45.276924 	120.104118 	66.528191 	129.807556 	117.796432 	91.923882 	138.600143 	18.681541 	110.344917 	59.816387 	18.384777 	86.556343 	11.401754 	93.509361 	135.369858 	93.861603 	1.414214 	94.641426 	51.478149 	53.712196 	90.000000 	999.000000 	48.301140 	94.810333 	61.773781 	78.771820 	84.876381 	94.403389 	92.417534 	54.129475 	93.230896 	85.982559 	76.661591 	58.180752 	51.623638 	154.673843 	57.008770 	31.780497 	52.810986 	
64.381676 	92.574295 	78.644768 	68.249542 	59.841457 	40.049969 	76.902534 	74.215904 	25.238859 	45.011108 	54.037025 	72.732384 	82.540901 	23.409399 	70.455658 	63.324562 	78.185677 	18.439089 	95.519630 	46.270943 	28.442924 	49.819675 	60.207973 	54.561890 	30.149628 	13.453624 	78.294319 	23.769728 	88.639717 	75.584389 	48.301140 	97.575615 	63.324562 	66.730804 	15.524175 	31.320919 	41.048752 	38.275318 	48.259712 	92.282173 	47.634022 	48.754486 	48.270073 	3.605551 	5.656854 	43.185646 	48.301140 	999.000000 	48.166378 	13.601471 	31.144823 	37.483330 	47.381432 	45.254833 	6.082763 	45.967381 	38.288380 	28.600698 	10.198039 	5.830952 	111.646767 	10.049875 	80.056229 	8.602325 	
37.536648 	57.008770 	44.011364 	36.359318 	31.827662 	34.234486 	41.785164 	38.626415 	48.383881 	84.581322 	94.021271 	34.205261 	42.296574 	60.827625 	111.085556 	24.698177 	37.215588 	51.884487 	54.000000 	88.119240 	28.160255 	92.660675 	102.883430 	15.264338 	73.246162 	49.929951 	35.014282 	29.068884 	45.177429 	32.015621 	12.206555 	53.600372 	107.042046 	22.022715 	35.000000 	76.609398 	9.219544 	83.815269 	6.403124 	46.173584 	2.236068 	95.000000 	1.414214 	44.598206 	42.520584 	5.000000 	94.810333 	48.166378 	999.000000 	35.000000 	17.492855 	11.180340 	2.236068 	4.000000 	43.600460 	4.123106 	11.401754 	21.023796 	40.496914 	47.434166 	65.000000 	43.046486 	125.924583 	48.020828 	
56.142673 	83.216583 	69.180923 	59.033890 	51.009804 	34.539833 	67.268120 	64.381676 	28.178005 	56.435802 	65.764732 	62.169125 	71.805290 	33.000000 	82.565125 	52.392746 	67.186310 	25.317978 	84.646324 	58.463665 	20.880613 	62.361847 	72.801102 	43.011627 	42.449970 	21.023796 	66.730804 	15.811388 	77.162170 	63.906181 	36.687874 	86.034874 	76.216797 	54.625999 	9.899495 	44.384682 	28.635643 	51.478149 	35.777088 	80.056229 	34.669872 	62.177166 	35.227829 	10.295630 	8.062258 	30.000000 	61.773781 	13.601471 	35.000000 	999.000000 	17.691807 	24.083189 	34.058773 	31.890438 	8.602325 	32.557640 	24.758837 	15.000000 	6.082763 	12.529964 	99.297531 	9.055386 	93.477272 	13.601471 	
45.880280 	70.256676 	56.435802 	47.074409 	40.162170 	31.400637 	54.332310 	51.244511 	37.000000 	70.880180 	80.361679 	48.000000 	57.140179 	46.840153 	97.416634 	38.000000 	52.239830 	38.078865 	69.584480 	73.736015 	19.313208 	78.000000 	88.391174 	28.017851 	58.180752 	35.114101 	50.990196 	17.117243 	61.392181 	48.052055 	22.022715 	70.092796 	92.195442 	38.327538 	19.924858 	60.901562 	13.000000 	68.095520 	19.416489 	63.324562 	17.464249 	79.075912 	17.888544 	27.658634 	25.495098 	12.529964 	78.771820 	31.144823 	17.492855 	17.691807 	999.000000 	6.403124 	16.401220 	14.212670 	26.248810 	14.866069 	7.211102 	4.000000 	23.021729 	30.000000 	82.346825 	25.553865 	110.276924 	30.528675 	
42.941822 	65.764732 	52.172791 	43.324360 	37.121422 	32.202484 	50.009998 	46.872166 	41.303753 	76.216797 	85.702972 	43.185646 	52.000000 	52.201534 	102.786186 	33.241539 	47.010635 	43.324360 	64.195015 	79.309517 	22.090721 	83.671982 	94.021271 	23.194826 	63.953106 	40.718548 	45.398239 	21.213203 	55.731499 	42.426407 	17.720045 	64.327286 	97.943863 	32.557640 	25.495098 	66.887962 	8.944272 	74.094536 	14.000000 	57.245087 	11.401754 	85.146935 	11.704700 	33.970577 	31.827662 	6.324555 	84.876381 	37.483330 	11.180340 	24.083189 	6.403124 	999.000000 	10.000000 	7.810250 	32.649654 	8.485281 	2.236068 	9.848858 	29.410883 	36.400551 	76.157730 	31.906113 	116.284134 	36.891735 	
39.698868 	59.203041 	46.238514 	38.587563 	33.970577 	35.510563 	44.011364 	40.853397 	48.764740 	84.693565 	94.154129 	36.400551 	44.407207 	60.835846 	111.233986 	26.925823 	39.319206 	51.894123 	56.008926 	88.102211 	28.635643 	92.590500 	102.859123 	17.492855 	73.061615 	49.739319 	37.000000 	29.154760 	47.095646 	34.000000 	14.212670 	55.443665 	106.943909 	24.000000 	34.669872 	76.275818 	10.000000 	83.486526 	8.485281 	47.801674 	4.242640 	94.625580 	3.605551 	43.840622 	41.725292 	4.472136 	94.403389 	47.381432 	2.236068 	34.058773 	16.401220 	10.000000 	999.000000 	2.236068 	42.638012 	2.000000 	9.848858 	19.723083 	39.408119 	46.400433 	66.483078 	41.880783 	125.642349 	46.872166 	
40.607880 	60.876926 	47.759815 	39.824615 	34.828148 	34.928497 	45.541191 	42.379242 	47.296936 	83.006027 	92.477028 	38.078865 	46.270943 	59.093147 	109.562767 	28.460499 	41.194660 	50.159744 	58.000000 	86.330757 	27.294687 	90.785461 	101.079178 	18.788294 	71.196907 	47.885281 	39.012817 	27.513634 	49.162994 	36.013885 	14.866069 	57.558666 	105.118980 	26.019224 	32.756680 	74.330345 	9.219544 	81.541397 	9.433981 	50.000000 	5.385165 	92.655273 	5.099020 	41.725292 	39.597980 	3.000000 	92.417534 	45.254833 	4.000000 	31.890438 	14.212670 	7.810250 	2.236068 	999.000000 	40.459858 	1.000000 	7.615773 	17.492855 	37.202152 	44.204071 	68.709534 	39.661064 	123.713379 	44.654228 	
63.007935 	90.669731 	76.655075 	66.370171 	58.137768 	39.812057 	74.813103 	72.006943 	28.284271 	51.000000 	60.074955 	70.092796 	79.812279 	28.861740 	76.531036 	60.440052 	75.286118 	22.825424 	92.720009 	52.345009 	27.018513 	55.901699 	66.287254 	51.264023 	36.221542 	17.888544 	75.026665 	22.000000 	85.440041 	72.235725 	44.944408 	94.339813 	69.375786 	63.071388 	14.142136 	37.363083 	37.121422 	44.271889 	44.294468 	88.549423 	43.266617 	54.625999 	43.829212 	4.472136 	3.605551 	38.600517 	54.129475 	6.082763 	43.600460 	8.602325 	26.248810 	32.649654 	42.638012 	40.459858 	999.000000 	41.109608 	33.241539 	23.345236 	4.123106 	4.123106 	107.823929 	4.472136 	85.906929 	6.082763 	
41.231056 	61.131008 	48.104053 	40.311287 	35.468296 	35.902645 	45.880280 	42.720020 	48.270073 	83.934502 	93.407707 	38.327538 	46.389652 	60.008331 	110.494347 	28.792360 	41.303753 	51.078373 	58.008621 	87.235313 	28.284271 	91.678787 	101.980392 	19.235384 	72.069412 	48.764740 	39.000000 	28.460499 	49.091751 	36.000000 	15.556349 	57.428215 	106.004715 	26.000000 	33.615471 	75.166481 	10.198039 	82.377182 	10.000000 	49.729267 	5.830952 	93.477272 	5.385165 	42.449970 	40.311287 	4.000000 	93.230896 	45.967381 	4.123106 	32.557640 	14.866069 	8.485281 	2.000000 	1.000000 	41.109608 	999.000000 	8.062258 	18.027756 	37.802116 	44.821869 	68.352028 	40.224369 	124.555206 	45.221676 	
