Total assets = 560
Number of asset nodes = 33

Distance:
999.000000 	72.138756 	52.201534 	43.081318 	94.921021 	12.727922 	39.446167 	79.246452 	38.013157 	23.021729 	17.464249 	75.802376 	50.990196 	54.561890 	16.124516 	20.615528 	13.038404 	10.049875 	2.828427 	39.051247 	72.945183 	53.712196 	28.017851 	23.194826 	108.903625 	24.515301 	70.327805 	17.088007 	32.015621 	71.196907 	62.649822 	57.428215 	75.663727 	127.561752 	87.920418 	124.579292 	120.933868 	24.207438 	60.083275 	45.343136 	89.044930 	45.177429 	98.005104 	30.083218 	25.238859 	31.384710 	107.447662 	85.475143 	40.249222 	37.947330 	87.658424 	48.093658 	
72.138756 	999.000000 	21.470911 	113.225441 	23.706539 	84.864601 	34.985710 	7.211102 	109.877205 	56.938564 	88.526833 	10.295630 	28.635643 	26.172504 	85.276024 	84.905830 	59.548298 	79.025314 	72.249565 	111.126053 	13.453624 	28.160255 	54.561890 	60.415230 	36.878178 	61.717098 	17.492855 	80.448738 	52.924473 	18.027756 	24.515301 	129.189789 	19.104973 	56.035702 	21.023796 	52.801514 	48.918301 	72.897186 	31.400637 	117.388245 	23.086792 	46.529560 	28.160255 	65.551506 	80.529495 	66.128662 	36.235340 	24.698177 	110.887329 	107.200745 	27.856777 	53.150730 	
52.201534 	21.470911 	999.000000 	94.514549 	45.177429 	64.815125 	13.601471 	28.017851 	90.210861 	35.510563 	67.896980 	23.600847 	9.848858 	9.899495 	64.381676 	67.230942 	40.311287 	60.033325 	52.697250 	91.214035 	21.023796 	11.401754 	33.105892 	38.948685 	58.008621 	40.249222 	19.416489 	59.203041 	31.622776 	20.396078 	15.811388 	109.622078 	24.738634 	77.388626 	35.846897 	74.060783 	70.000000 	51.429562 	19.209373 	97.000000 	37.121422 	27.166155 	45.803928 	44.271889 	59.059292 	44.922153 	55.317268 	34.481880 	89.938866 	86.052307 	37.107952 	34.525352 	
43.081318 	113.225441 	94.514549 	999.000000 	134.825821 	31.780497 	82.292160 	120.432556 	10.816654 	65.253349 	33.000000 	117.991524 	94.021271 	97.575615 	38.000000 	29.000000 	54.203320 	34.481880 	42.047592 	13.453624 	115.485931 	96.772926 	70.092796 	64.327286 	149.305054 	64.938431 	113.145920 	46.000000 	73.979729 	114.039467 	105.702415 	18.384777 	118.511604 	167.092789 	130.361038 	164.438431 	161.198639 	59.008472 	103.121284 	20.591261 	131.609268 	87.321243 	140.132080 	68.183578 	54.230988 	69.115845 	149.214615 	128.351074 	29.732138 	34.409302 	130.613937 	88.955048 	
94.921021 	23.706539 	45.177429 	134.825821 	999.000000 	107.628990 	58.668560 	17.720045 	132.230865 	80.622574 	111.664673 	26.076809 	51.865211 	49.040798 	108.600182 	106.042442 	82.073135 	101.138519 	94.794518 	133.660019 	31.064449 	50.960770 	78.262383 	84.118965 	14.764823 	85.422478 	36.055511 	104.009613 	76.557167 	36.013885 	45.398239 	151.380310 	34.132095 	32.649654 	24.166092 	29.698484 	26.400757 	96.602280 	52.345009 	140.264038 	25.942244 	69.375786 	20.615528 	89.157166 	104.235313 	89.693924 	21.377558 	32.310989 	134.201340 	130.667511 	34.438351 	75.504967 	
12.727922 	84.864601 	64.815125 	31.780497 	107.628990 	999.000000 	51.865211 	91.967384 	25.553865 	33.526108 	7.280110 	88.408142 	63.134777 	66.730804 	9.899495 	17.804493 	25.612497 	10.049875 	13.038404 	26.400757 	85.445892 	65.764732 	38.327538 	32.557640 	121.630585 	33.241539 	82.680107 	16.552946 	42.201897 	83.528435 	74.706093 	44.944408 	87.982956 	140.264038 	100.439034 	137.295303 	133.660019 	28.635643 	71.693794 	32.649654 	101.513542 	55.542778 	110.602890 	37.054016 	25.942244 	38.118237 	120.104118 	97.754799 	28.460499 	27.166155 	99.849884 	57.314919 	
39.446167 	34.985710 	13.601471 	82.292160 	58.668560 	51.865211 	999.000000 	41.617306 	77.388626 	21.954498 	54.561890 	36.796738 	12.165525 	15.524175 	50.911690 	56.044624 	28.460499 	47.927029 	40.249222 	78.236816 	33.600594 	15.132746 	19.924858 	25.495098 	71.610054 	26.925823 	30.886890 	45.607018 	19.104973 	31.764761 	23.769728 	96.798759 	36.235340 	90.972527 	48.600410 	87.658424 	83.600243 	38.078865 	23.021729 	83.737686 	49.648766 	19.416489 	58.898216 	31.575306 	45.617977 	32.388271 	68.622154 	46.065170 	76.419891 	72.470680 	48.332184 	26.925823 	
79.246452 	7.211102 	28.017851 	120.432556 	17.720045 	91.967384 	41.617306 	999.000000 	117.034180 	63.513779 	95.524864 	9.486833 	34.176014 	31.320919 	92.195442 	92.114059 	66.708321 	86.214851 	79.397736 	118.258194 	14.317822 	33.241539 	60.901562 	66.887962 	30.000000 	68.095520 	19.235384 	87.200920 	59.033890 	19.416489 	28.017851 	136.359818 	18.788294 	49.396355 	15.811388 	46.043457 	42.011902 	79.259071 	35.014282 	124.450790 	18.027756 	51.662365 	21.377558 	71.589104 	86.954010 	72.090218 	29.068884 	21.400934 	117.796432 	114.017540 	24.413111 	57.870544 	
38.013157 	109.877205 	90.210861 	10.816654 	132.230865 	25.553865 	77.388626 	117.034180 	999.000000 	58.694122 	24.738634 	113.811249 	88.684837 	92.282173 	29.614185 	29.154760 	50.328918 	31.144823 	37.643059 	3.162278 	110.941429 	91.301697 	63.324562 	57.245087 	146.454773 	57.567352 	108.226616 	37.483330 	67.067131 	109.077957 	100.239716 	19.416489 	113.534134 	164.769531 	125.924583 	161.929001 	158.448730 	50.487621 	97.082436 	12.041595 	127.027557 	80.324341 	136.014709 	60.016663 	45.011108 	60.827625 	145.416641 	123.308556 	19.104973 	23.600847 	125.399361 	81.252693 	
23.021729 	56.938564 	35.510563 	65.253349 	80.622574 	33.526108 	21.954498 	63.513779 	58.694122 	999.000000 	34.481880 	58.137768 	31.144823 	34.713108 	30.232433 	43.185646 	18.867962 	33.000000 	25.019993 	59.033890 	54.451813 	33.421551 	5.000000 	4.000000 	93.477272 	6.082763 	50.990196 	24.041630 	9.000000 	51.739735 	42.201897 	77.820305 	56.080299 	112.898186 	69.310890 	109.553642 	105.437187 	16.492422 	38.470768 	63.513779 	70.092796 	22.203604 	79.906197 	13.000000 	23.769728 	14.317822 	89.872131 	65.604881 	55.226807 	50.931328 	67.424034 	25.317978 	
17.464249 	88.526833 	67.896980 	33.000000 	111.664673 	7.280110 	54.561890 	95.524864 	24.738634 	34.481880 	999.000000 	91.350975 	65.215027 	68.818604 	5.000000 	24.698177 	30.413813 	17.262676 	18.681541 	24.698177 	88.090858 	67.675697 	38.910152 	32.695564 	125.399361 	32.893768 	85.000000 	13.000000 	42.544094 	85.802101 	76.550636 	43.462627 	90.210861 	144.308701 	103.077644 	141.226761 	137.440903 	26.019224 	72.945183 	29.206163 	104.019226 	55.713554 	113.454834 	35.355339 	21.587032 	36.221542 	123.166557 	99.864906 	22.825424 	20.615528 	101.788994 	56.515484 	
75.802376 	10.295630 	23.600847 	117.991524 	26.076809 	88.408142 	36.796738 	9.486833 	113.811249 	58.137768 	91.350975 	999.000000 	27.459061 	24.186773 	87.692642 	90.338257 	63.812225 	83.528435 	76.275818 	114.808533 	5.000000 	25.942244 	55.000000 	61.220913 	36.249138 	62.201286 	10.000000 	82.134033 	52.697250 	10.049875 	19.416489 	133.221619 	9.433981 	55.946404 	12.649111 	52.325901 	47.885281 	73.239334 	26.305893 	120.507263 	14.317822 	44.011364 	22.203604 	65.000000 	81.024689 	65.368187 	31.827662 	14.560220 	113.145920 	109.041275 	17.720045 	49.729267 	
50.990196 	28.635643 	9.848858 	94.021271 	51.865211 	63.134777 	12.165525 	34.176014 	88.684837 	31.144823 	65.215027 	27.459061 	999.000000 	3.605551 	61.220913 	68.154236 	40.521599 	59.808025 	52.000000 	89.358826 	23.430750 	3.000000 	27.658634 	33.970577 	63.529522 	34.828148 	19.849434 	55.172459 	25.238859 	20.615528 	11.704700 	108.046288 	25.000000 	83.186539 	38.183765 	79.649231 	75.292763 	45.803928 	11.401754 	94.403389 	38.948685 	18.027756 	48.836460 	37.589893 	53.600372 	38.013157 	58.898216 	34.669872 	86.371292 	82.024384 	36.715118 	25.079872 	
54.561890 	26.172504 	9.899495 	97.575615 	49.040798 	66.730804 	15.524175 	31.320919 	92.282173 	34.713108 	68.818604 	24.186773 	3.605551 	999.000000 	64.815125 	71.568146 	43.965897 	63.324562 	55.542778 	92.962357 	20.000000 	2.000000 	31.144823 	37.483330 	60.373837 	38.288380 	16.278820 	58.728188 	28.600698 	17.029387 	8.246211 	111.646767 	21.400934 	80.056229 	34.655445 	76.478752 	72.069412 	49.203659 	9.433981 	98.005104 	35.383614 	20.396078 	45.343136 	40.816662 	57.008770 	41.182522 	55.443665 	31.064449 	89.938866 	85.562843 	33.120991 	27.018513 	
16.124516 	85.276024 	64.381676 	38.000000 	108.600182 	9.899495 	50.911690 	92.195442 	29.614185 	30.232433 	5.000000 	87.692642 	61.220913 	64.815125 	999.000000 	27.658634 	28.460499 	18.788294 	18.000000 	29.410883 	84.291161 	63.600315 	34.481880 	28.178005 	122.147453 	28.231188 	81.055534 	8.000000 	38.013157 	81.835197 	72.422371 	48.104053 	86.214851 	141.209061 	99.247169 	138.057953 	134.182709 	21.023796 	68.600288 	33.286633 	100.124924 	51.078373 	109.713264 	30.413813 	16.763054 	31.257000 	119.519875 	95.801880 	25.612497 	22.360680 	97.652443 	51.662365 	
20.615528 	84.905830 	67.230942 	29.000000 	106.042442 	17.804493 	56.044624 	92.114059 	29.154760 	43.185646 	24.698177 	90.338257 	68.154236 	71.568146 	27.658634 	999.000000 	27.658634 	10.770329 	18.248287 	31.622776 	88.238312 	71.063354 	48.166378 	43.737854 	120.602654 	45.122055 	86.377083 	33.421551 	52.153618 	87.315521 	79.812279 	46.615448 	91.760559 	138.191895 	102.883430 	135.591293 	132.438660 	43.829212 	78.262383 	40.261642 	104.278473 	65.007690 	112.294258 	50.596443 	42.801868 	51.865211 	121.078484 	101.592323 	41.048752 	41.773197 	104.062485 	68.468971 	
13.038404 	59.548298 	40.311287 	54.203320 	82.073135 	25.612497 	28.460499 	66.708321 	50.328918 	18.867962 	30.413813 	63.812225 	40.521599 	43.965897 	28.460499 	27.658634 	999.000000 	19.723083 	12.727922 	51.623638 	61.294373 	43.416588 	23.259407 	21.260292 	96.176918 	23.345236 	59.093147 	27.018513 	26.925823 	60.008331 	52.201534 	69.656296 	64.474800 	114.690887 	76.157730 	111.758667 	108.189651 	28.635643 	50.635956 	58.258045 	77.414467 	38.639359 	85.982559 	30.413813 	32.756680 	31.827662 	95.210297 	74.323616 	53.235325 	50.695168 	76.694199 	43.324360 	
10.049875 	79.025314 	60.033325 	34.481880 	101.138519 	10.049875 	47.927029 	86.214851 	31.144823 	33.000000 	17.262676 	83.528435 	59.808025 	63.324562 	18.788294 	10.770329 	19.723083 	999.000000 	8.062258 	32.802441 	81.006172 	62.625874 	38.000000 	33.241539 	115.433968 	34.525352 	78.721024 	23.345236 	42.000000 	79.624115 	71.512238 	50.249378 	84.095184 	133.645050 	95.880135 	130.831955 	127.404869 	33.120991 	69.375786 	40.311287 	97.128784 	55.081757 	105.688217 	39.849716 	32.557640 	41.109608 	114.856430 	93.941475 	37.854988 	37.054016 	96.254868 	58.137768 	
2.828427 	72.249565 	52.697250 	42.047592 	94.794518 	13.038404 	40.249222 	79.397736 	37.643059 	25.019993 	18.681541 	76.275818 	52.000000 	55.542778 	18.000000 	18.248287 	12.727922 	8.062258 	999.000000 	38.897301 	73.573090 	54.781384 	30.016663 	25.495098 	108.903625 	26.925823 	71.119621 	19.697716 	34.014702 	72.006943 	63.694584 	57.008770 	76.478752 	127.404869 	88.509888 	124.482933 	120.917328 	27.018513 	61.400326 	45.607018 	89.693924 	47.042534 	98.473343 	32.695564 	28.017851 	34.014702 	107.800743 	86.313385 	41.231056 	39.293766 	88.566360 	50.249378 	
39.051247 	111.126053 	91.214035 	13.453624 	133.660019 	26.400757 	78.236816 	118.258194 	3.162278 	59.033890 	24.698177 	114.808533 	89.358826 	92.962357 	29.410883 	31.622776 	51.623638 	32.802441 	38.897301 	999.000000 	111.830231 	91.923882 	63.560993 	57.384666 	147.800537 	57.584721 	109.000000 	37.107952 	67.230942 	109.836243 	100.846420 	18.788294 	114.280357 	166.243790 	126.826653 	163.355438 	159.812393 	50.009998 	97.493591 	9.000000 	127.882759 	80.411446 	137.003647 	59.665737 	44.181442 	60.415230 	146.492325 	124.020157 	16.278820 	21.095022 	126.051575 	81.043198 	
72.945183 	13.453624 	21.023796 	115.485931 	31.064449 	85.445892 	33.600594 	14.317822 	110.941429 	54.451813 	88.090858 	5.000000 	23.430750 	20.000000 	84.291161 	88.238312 	61.294373 	81.006172 	73.573090 	111.830231 	999.000000 	21.633308 	51.088158 	57.384666 	40.853397 	58.258045 	5.000000 	78.492035 	48.600410 	5.099020 	14.560220 	130.357208 	5.830952 	60.539242 	15.000000 	56.859474 	52.325901 	69.202599 	21.377558 	117.290237 	16.124516 	39.395432 	25.455845 	60.745369 	77.006493 	61.057350 	35.468296 	14.035668 	109.622078 	105.380264 	17.000000 	44.922153 	
53.712196 	28.160255 	11.401754 	96.772926 	50.960770 	65.764732 	15.132746 	33.241539 	91.301697 	33.421551 	67.675697 	25.942244 	3.000000 	2.000000 	63.600315 	71.063354 	43.416588 	62.625874 	54.781384 	91.923882 	21.633308 	999.000000 	29.698484 	36.069378 	62.169125 	36.796738 	17.691807 	57.384666 	27.018513 	18.384777 	8.944272 	110.639053 	22.671568 	81.859634 	36.124783 	78.262383 	73.824112 	47.634022 	8.544003 	96.834908 	36.769554 	18.439089 	46.861500 	39.115215 	55.443665 	39.446167 	57.008770 	32.202484 	88.617157 	84.172440 	34.132095 	25.019993 	
28.017851 	54.561890 	33.105892 	70.092796 	78.262383 	38.327538 	19.924858 	60.901562 	63.324562 	5.000000 	38.910152 	55.000000 	27.658634 	31.144823 	34.481880 	48.166378 	23.259407 	38.000000 	30.016663 	63.560993 	51.088158 	29.698484 	999.000000 	6.403124 	90.735878 	7.211102 	47.381432 	27.802877 	4.000000 	48.083260 	38.288380 	82.346825 	52.345009 	110.276924 	65.795135 	106.850365 	102.625534 	18.357559 	34.132095 	67.742157 	66.468040 	17.262676 	76.485291 	12.000000 	26.076809 	13.038404 	86.556343 	61.717098 	59.033890 	54.488529 	63.411354 	20.396078 	
23.194826 	60.415230 	38.948685 	64.327286 	84.118965 	32.557640 	25.495098 	66.887962 	57.245087 	4.000000 	32.695564 	61.220913 	33.970577 	37.483330 	28.178005 	43.737854 	21.260292 	33.241539 	25.495098 	57.384666 	57.384666 	36.069378 	6.403124 	999.000000 	96.798759 	2.236068 	53.740116 	21.400934 	9.848858 	54.451813 	44.687805 	76.157730 	58.728188 	116.284134 	72.138756 	112.898186 	108.724419 	12.649111 	40.496914 	61.400326 	72.835434 	23.086792 	82.807007 	9.433981 	20.124611 	10.816654 	92.849342 	68.117546 	52.630791 	48.104053 	69.814041 	25.000000 	
108.903625 	36.878178 	58.008621 	149.305054 	14.764823 	121.630585 	71.610054 	30.000000 	146.454773 	93.477272 	125.399361 	36.249138 	63.529522 	60.373837 	122.147453 	120.602654 	96.176918 	115.433968 	108.903625 	147.800537 	40.853397 	62.169125 	90.735878 	96.798759 	999.000000 	97.943863 	45.541191 	117.200684 	88.684837 	45.221676 	55.362442 	165.680420 	42.201897 	19.697716 	29.154760 	16.124516 	12.041595 	109.077957 	61.983868 	154.207657 	30.016663 	80.230919 	20.223749 	101.118744 	116.811813 	101.533249 	13.601471 	37.013512 	147.756561 	144.013885 	38.052597 	85.702972 	
24.515301 	61.717098 	40.249222 	64.938431 	85.422478 	33.241539 	26.925823 	68.095520 	57.567352 	6.082763 	32.893768 	62.201286 	34.828148 	38.288380 	28.231188 	45.122055 	23.345236 	34.525352 	26.925823 	57.584721 	58.258045 	36.796738 	7.211102 	2.236068 	97.943863 	999.000000 	54.488529 	21.095022 	10.000000 	55.172459 	45.276924 	76.321686 	59.396969 	117.477661 	72.917763 	114.057007 	109.836243 	11.180340 	40.804413 	61.294373 	73.552704 	22.847319 	83.630135 	7.211102 	18.867962 	8.602325 	93.723000 	68.680420 	52.201534 	47.507893 	70.292244 	24.083189 	
70.327805 	17.492855 	19.416489 	113.145920 	36.055511 	82.680107 	30.886890 	19.235384 	108.226616 	50.990196 	85.000000 	10.000000 	19.849434 	16.278820 	81.055534 	86.377083 	59.093147 	78.721024 	71.119621 	109.000000 	5.000000 	17.691807 	47.381432 	53.740116 	45.541191 	54.488529 	999.000000 	75.006668 	44.687805 	1.000000 	9.848858 	127.624451 	5.385165 	65.192024 	18.439089 	61.465439 	56.859474 	65.299309 	16.492422 	114.201576 	19.104973 	34.885529 	29.206163 	56.612720 	73.109505 	56.859474 	39.408119 	15.231546 	106.216759 	101.833199 	17.720045 	40.162170 	
17.088007 	80.448738 	59.203041 	46.000000 	104.009613 	16.552946 	45.607018 	87.200920 	37.483330 	24.041630 	13.000000 	82.134033 	55.172459 	58.728188 	8.000000 	33.421551 	27.018513 	23.345236 	19.697716 	37.107952 	78.492035 	57.384666 	27.802877 	21.400934 	117.200684 	21.095022 	75.006668 	999.000000 	31.064449 	75.742989 	66.068146 	55.659679 	80.056229 	136.484436 	93.348808 	133.221619 	129.201401 	13.038404 	61.854668 	40.249222 	94.111633 	43.829212 	103.947105 	22.561028 	9.433981 	23.345236 	113.899078 	89.498604 	31.240999 	26.907248 	91.214035 	43.965897 	
32.015621 	52.924473 	31.622776 	73.979729 	76.557167 	42.201897 	19.104973 	59.033890 	67.067131 	9.000000 	42.544094 	52.697250 	25.238859 	28.600698 	38.013157 	52.153618 	26.925823 	42.000000 	34.014702 	67.230942 	48.600410 	27.018513 	4.000000 	9.848858 	88.684837 	10.000000 	44.687805 	31.064449 	999.000000 	45.343136 	35.355339 	86.005814 	49.517673 	108.300507 	63.126858 	104.809349 	100.498756 	20.615528 	30.805843 	71.196907 	63.702435 	13.341664 	73.878281 	12.649111 	28.425341 	13.341664 	84.023804 	58.728188 	62.201286 	57.489128 	60.307545 	16.492422 	
71.196907 	18.027756 	20.396078 	114.039467 	36.013885 	83.528435 	31.764761 	19.416489 	109.077957 	51.739735 	85.802101 	10.049875 	20.615528 	17.029387 	81.835197 	87.315521 	60.008331 	79.624115 	72.006943 	109.836243 	5.099020 	18.384777 	48.083260 	54.451813 	45.221676 	55.172459 	1.000000 	75.742989 	45.343136 	999.000000 	10.295630 	128.471786 	4.472136 	64.845970 	17.804493 	61.098282 	56.462376 	65.946945 	16.763054 	115.000000 	18.384777 	35.355339 	28.600698 	57.201397 	73.756355 	57.428215 	38.832977 	14.317822 	106.962608 	102.552429 	16.763054 	40.496914 	
62.649822 	24.515301 	15.811388 	105.702415 	45.398239 	74.706093 	23.769728 	28.017851 	100.239716 	42.201897 	76.550636 	19.416489 	11.704700 	8.246211 	72.422371 	79.812279 	52.201534 	71.512238 	63.694584 	100.846420 	14.560220 	8.944272 	38.288380 	44.687805 	55.362442 	45.276924 	9.848858 	66.068146 	35.355339 	10.295630 	999.000000 	119.570061 	14.212670 	75.026665 	28.017851 	71.309189 	66.708321 	55.901699 	7.000000 	105.683487 	28.425341 	25.059929 	38.832977 	47.010635 	63.702435 	47.201694 	49.091751 	23.430750 	97.308784 	92.763138 	25.238859 	30.364452 	
57.428215 	129.189789 	109.622078 	18.384777 	151.380310 	44.944408 	96.798759 	136.359818 	19.416489 	77.820305 	43.462627 	133.221619 	108.046288 	111.646767 	48.104053 	46.615448 	69.656296 	50.249378 	57.008770 	18.788294 	130.357208 	110.639053 	82.346825 	76.157730 	165.680420 	76.321686 	127.624451 	55.659679 	86.005814 	128.471786 	119.570061 	999.000000 	132.924789 	183.853195 	145.340973 	181.069046 	177.654160 	68.410522 	116.275536 	17.029387 	146.441116 	99.161484 	155.425217 	78.160095 	62.169125 	78.847954 	164.805954 	142.688477 	29.154760 	35.128338 	144.754959 	99.624290 	
75.663727 	19.104973 	24.738634 	118.511604 	34.132095 	87.982956 	36.235340 	18.788294 	113.534134 	56.080299 	90.210861 	9.433981 	25.000000 	21.400934 	86.214851 	91.760559 	64.474800 	84.095184 	76.478752 	114.280357 	5.830952 	22.671568 	52.345009 	58.728188 	42.201897 	59.396969 	5.385165 	80.056229 	49.517673 	4.472136 	14.212670 	132.924789 	999.000000 	61.684681 	13.892444 	57.870544 	53.141319 	70.092796 	20.124611 	119.402679 	14.212670 	39.115215 	24.698177 	61.220913 	77.897369 	61.400326 	34.985710 	9.848858 	111.287918 	106.831642 	12.369317 	43.863426 	
127.561752 	56.035702 	77.388626 	167.092789 	32.649654 	140.264038 	90.972527 	49.396355 	164.769531 	112.898186 	144.308701 	55.946404 	83.186539 	80.056229 	141.209061 	138.191895 	114.690887 	133.645050 	127.404869 	166.243790 	60.539242 	81.859634 	110.276924 	116.284134 	19.697716 	117.477661 	65.192024 	136.484436 	108.300507 	64.845970 	75.026665 	183.853195 	61.684681 	999.000000 	48.270073 	4.000000 	9.000000 	128.631256 	81.596565 	172.904602 	48.836460 	99.924973 	38.327538 	120.768372 	136.341476 	121.198181 	29.000000 	55.731499 	166.817261 	163.217651 	56.320511 	105.342300 	
87.920418 	21.023796 	35.846897 	130.361038 	24.166092 	100.439034 	48.600410 	15.811388 	125.924583 	69.310890 	103.077644 	12.649111 	38.183765 	34.655445 	99.247169 	102.883430 	76.157730 	95.880135 	88.509888 	126.826653 	15.000000 	36.124783 	65.795135 	72.138756 	29.154760 	72.917763 	18.439089 	93.348808 	63.126858 	17.804493 	28.017851 	145.340973 	13.892444 	48.270073 	999.000000 	44.384682 	39.560081 	83.737686 	34.000000 	132.279999 	2.236068 	53.000000 	10.816654 	75.000000 	91.547798 	75.213028 	21.095022 	8.246211 	124.523087 	120.208153 	10.295630 	57.697487 	
124.579292 	52.801514 	74.060783 	164.438431 	29.698484 	137.295303 	87.658424 	46.043457 	161.929001 	109.553642 	141.226761 	52.325901 	79.649231 	76.478752 	138.057953 	135.591293 	111.758667 	130.831955 	124.482933 	163.355438 	56.859474 	78.262383 	106.850365 	112.898186 	16.124516 	114.057007 	61.465439 	133.221619 	104.809349 	61.098282 	71.309189 	181.069046 	57.870544 	4.000000 	44.384682 	999.000000 	5.000000 	125.195847 	77.833153 	169.917633 	44.911022 	96.254868 	34.365681 	117.239075 	132.924789 	117.647781 	25.000000 	51.788029 	163.670395 	160.000000 	52.345009 	101.592323 	
120.933868 	48.918301 	70.000000 	161.198639 	26.400757 	133.660019 	83.600243 	42.011902 	158.448730 	105.437187 	137.440903 	47.885281 	75.292763 	72.069412 	134.182709 	132.438660 	108.189651 	127.404869 	120.917328 	159.812393 	52.325901 	73.824112 	102.625534 	108.724419 	12.041595 	109.836243 	56.859474 	129.201401 	100.498756 	56.462376 	66.708321 	177.654160 	53.141319 	9.000000 	39.560081 	5.000000 	999.000000 	120.950401 	73.164200 	166.243790 	40.024994 	91.706055 	29.427877 	112.871605 	128.701202 	113.251930 	20.000000 	46.872166 	159.790482 	156.028839 	47.381432 	96.932968 	
24.207438 	72.897186 	51.429562 	59.008472 	96.602280 	28.635643 	38.078865 	79.259071 	50.487621 	16.492422 	26.019224 	73.239334 	45.803928 	49.203659 	21.023796 	43.829212 	28.635643 	33.120991 	27.018513 	50.009998 	69.202599 	47.634022 	18.357559 	12.649111 	109.077957 	11.180340 	65.299309 	13.038404 	20.615528 	65.946945 	55.901699 	68.410522 	70.092796 	128.631256 	83.737686 	125.195847 	120.950401 	999.000000 	50.990196 	52.554733 	84.291161 	32.202484 	94.493385 	9.848858 	7.810250 	10.440307 	104.637466 	79.195961 	42.544094 	37.443291 	80.659782 	31.384710 	
60.083275 	31.400637 	19.209373 	103.121284 	52.345009 	71.693794 	23.021729 	35.014282 	97.082436 	38.470768 	72.945183 	26.305893 	11.401754 	9.433981 	68.600288 	78.262383 	50.635956 	69.375786 	61.400326 	97.493591 	21.377558 	8.544003 	34.132095 	40.496914 	61.983868 	40.804413 	16.492422 	61.854668 	30.805843 	16.763054 	7.000000 	116.275536 	20.124611 	81.596565 	34.000000 	77.833153 	73.164200 	50.990196 	999.000000 	101.872467 	34.132095 	19.209373 	44.777225 	41.725292 	58.728188 	41.773197 	55.072678 	28.425341 	93.005379 	88.238312 	29.698484 	23.769728 	
45.343136 	117.388245 	97.000000 	20.591261 	140.264038 	32.649654 	83.737686 	124.450790 	12.041595 	63.513779 	29.206163 	120.507263 	94.403389 	98.005104 	33.286633 	40.261642 	58.258045 	40.311287 	45.607018 	9.000000 	117.290237 	96.834908 	67.742157 	61.400326 	154.207657 	61.294373 	114.201576 	40.249222 	71.196907 	115.000000 	105.683487 	17.029387 	119.402679 	172.904602 	132.279999 	169.917633 	166.243790 	52.554733 	101.872467 	999.000000 	133.225372 	84.077347 	142.635895 	62.393909 	45.880280 	62.968246 	152.305618 	129.034882 	12.165525 	18.110771 	130.919830 	83.934502 	
89.044930 	23.086792 	37.121422 	131.609268 	25.942244 	101.513542 	49.648766 	18.027756 	127.027557 	70.092796 	104.019226 	14.317822 	38.948685 	35.383614 	100.124924 	104.278473 	77.414467 	97.128784 	89.693924 	127.882759 	16.124516 	36.769554 	66.468040 	72.835434 	30.016663 	73.552704 	19.104973 	94.111633 	63.702435 	18.384777 	28.425341 	146.441116 	14.212670 	48.836460 	2.236068 	44.911022 	40.024994 	84.291161 	34.132095 	133.225372 	999.000000 	53.254108 	10.770329 	75.432091 	92.097771 	75.604233 	21.023796 	7.000000 	125.319588 	120.933868 	8.544003 	57.706154 	
45.177429 	46.529560 	27.166155 	87.321243 	69.375786 	55.542778 	19.416489 	51.662365 	80.324341 	22.203604 	55.713554 	44.011364 	18.027756 	20.396078 	51.078373 	65.007690 	38.639359 	55.081757 	47.042534 	80.411446 	39.395432 	18.439089 	17.262676 	23.086792 	80.230919 	22.847319 	34.885529 	43.829212 	13.341664 	35.355339 	25.059929 	99.161484 	39.115215 	99.924973 	53.000000 	96.254868 	91.706055 	32.202484 	19.209373 	84.077347 	53.254108 	999.000000 	63.812225 	22.671568 	39.824615 	22.627417 	74.094536 	47.634022 	74.625732 	69.634758 	48.836460 	7.615773 	
98.005104 	28.160255 	45.803928 	140.132080 	20.615528 	110.602890 	58.898216 	21.377558 	136.014709 	79.906197 	113.454834 	22.203604 	48.836460 	45.343136 	109.713264 	112.294258 	85.982559 	105.688217 	98.473343 	137.003647 	25.455845 	46.861500 	76.485291 	82.807007 	20.223749 	83.630135 	29.206163 	103.947105 	73.878281 	28.600698 	38.832977 	155.425217 	24.698177 	38.327538 	10.816654 	34.365681 	29.427877 	94.493385 	44.777225 	142.635895 	10.770329 	63.812225 	999.000000 	85.802101 	102.303467 	86.023254 	10.295630 	17.464249 	135.074051 	130.831955 	18.027756 	68.425140 	
30.083218 	65.551506 	44.271889 	68.183578 	89.157166 	37.054016 	31.575306 	71.589104 	60.016663 	13.000000 	35.355339 	65.000000 	37.589893 	40.816662 	30.413813 	50.596443 	30.413813 	39.849716 	32.695564 	59.665737 	60.745369 	39.115215 	12.000000 	9.433981 	101.118744 	7.211102 	56.612720 	22.561028 	12.649111 	57.201397 	47.010635 	78.160095 	61.220913 	120.768372 	75.000000 	117.239075 	112.871605 	9.848858 	41.725292 	62.393909 	75.432091 	22.671568 	85.802101 	999.000000 	17.204651 	1.414214 	96.020828 	70.092796 	52.354561 	47.169907 	71.421288 	21.540659 	
25.238859 	80.529495 	59.059292 	54.230988 	104.235313 	25.942244 	45.617977 	86.954010 	45.011108 	23.769728 	21.587032 	81.024689 	53.600372 	57.008770 	16.763054 	42.801868 	32.756680 	32.557640 	28.017851 	44.181442 	77.006493 	55.443665 	26.076809 	20.124611 	116.811813 	18.867962 	73.109505 	9.433981 	28.425341 	73.756355 	63.702435 	62.169125 	77.897369 	136.341476 	91.547798 	132.924789 	128.701202 	7.810250 	58.728188 	45.880280 	92.097771 	39.824615 	102.303467 	17.204651 	999.000000 	17.492855 	112.445541 	86.977005 	35.341194 	30.016663 	88.413803 	38.470768 	
31.384710 	66.128662 	44.922153 	69.115845 	89.693924 	38.118237 	32.388271 	72.090218 	60.827625 	14.317822 	36.221542 	65.368187 	38.013157 	41.182522 	31.257000 	51.865211 	31.827662 	41.109608 	34.014702 	60.415230 	61.057350 	39.446167 	13.038404 	10.816654 	101.533249 	8.602325 	56.859474 	23.345236 	13.341664 	57.428215 	47.201694 	78.847954 	61.400326 	121.198181 	75.213028 	117.647781 	113.251930 	10.440307 	41.773197 	62.968246 	75.604233 	22.627417 	86.023254 	1.414214 	17.492855 	999.000000 	96.260063 	70.178345 	52.773098 	47.507893 	71.449280 	21.023796 	
107.447662 	36.235340 	55.317268 	149.214615 	21.377558 	120.104118 	68.622154 	29.068884 	145.416641 	89.872131 	123.166557 	31.827662 	58.898216 	55.443665 	119.519875 	121.078484 	95.210297 	114.856430 	107.800743 	146.492325 	35.468296 	57.008770 	86.556343 	92.849342 	13.601471 	93.723000 	39.408119 	113.899078 	84.023804 	38.832977 	49.091751 	164.805954 	34.985710 	29.000000 	21.095022 	25.000000 	20.000000 	104.637466 	55.072678 	152.305618 	21.023796 	74.094536 	10.295630 	96.020828 	112.445541 	96.260063 	999.000000 	27.513634 	144.958618 	140.801285 	27.658634 	78.714676 	
85.475143 	24.698177 	34.481880 	128.351074 	32.310989 	97.754799 	46.065170 	21.400934 	123.308556 	65.604881 	99.864906 	14.560220 	34.669872 	31.064449 	95.801880 	101.592323 	74.323616 	93.941475 	86.313385 	124.020157 	14.035668 	32.202484 	61.717098 	68.117546 	37.013512 	68.680420 	15.231546 	89.498604 	58.728188 	14.317822 	23.430750 	142.688477 	9.848858 	55.731499 	8.246211 	51.788029 	46.872166 	79.195961 	28.425341 	129.034882 	7.000000 	47.634022 	17.464249 	70.092796 	86.977005 	70.178345 	27.513634 	999.000000 	120.739388 	116.180893 	3.162278 	51.623638 	
40.249222 	110.887329 	89.938866 	29.732138 	134.201340 	28.460499 	76.419891 	117.796432 	19.104973 	55.226807 	22.825424 	113.145920 	86.371292 	89.938866 	25.612497 	41.048752 	53.235325 	37.854988 	41.231056 	16.278820 	109.622078 	88.617157 	59.033890 	52.630791 	147.756561 	52.201534 	106.216759 	31.240999 	62.201286 	106.962608 	97.308784 	29.154760 	111.287918 	166.817261 	124.523087 	163.670395 	159.790482 	42.544094 	93.005379 	12.165525 	125.319588 	74.625732 	135.074051 	52.354561 	35.341194 	52.773098 	144.958618 	120.739388 	999.000000 	6.000000 	122.441826 	73.790245 	
37.947330 	107.200745 	86.052307 	34.409302 	130.667511 	27.166155 	72.470680 	114.017540 	23.600847 	50.931328 	20.615528 	109.041275 	82.024384 	85.562843 	22.360680 	41.773197 	50.695168 	37.054016 	39.293766 	21.095022 	105.380264 	84.172440 	54.488529 	48.104053 	144.013885 	47.507893 	101.833199 	26.907248 	57.489128 	102.552429 	92.763138 	35.128338 	106.831642 	163.217651 	120.208153 	160.000000 	156.028839 	37.443291 	88.238312 	18.110771 	120.933868 	69.634758 	130.831955 	47.169907 	30.016663 	47.507893 	140.801285 	116.180893 	6.000000 	999.000000 	117.796432 	68.476273 	
87.658424 	27.856777 	37.107952 	130.613937 	34.438351 	99.849884 	48.332184 	24.413111 	125.399361 	67.424034 	101.788994 	17.720045 	36.715118 	33.120991 	97.652443 	104.062485 	76.694199 	96.254868 	88.566360 	126.051575 	17.000000 	34.132095 	63.411354 	69.814041 	38.052597 	70.292244 	17.720045 	91.214035 	60.307545 	16.763054 	25.238859 	144.754959 	12.369317 	56.320511 	10.295630 	52.345009 	47.381432 	80.659782 	29.698484 	130.919830 	8.544003 	48.836460 	18.027756 	71.421288 	88.413803 	71.449280 	27.658634 	3.162278 	122.441826 	117.796432 	999.000000 	52.430908 	
48.093658 	53.150730 	34.525352 	88.955048 	75.504967 	57.314919 	26.925823 	57.870544 	81.252693 	25.317978 	56.515484 	49.729267 	25.079872 	27.018513 	51.662365 	68.468971 	43.324360 	58.137768 	50.249378 	81.043198 	44.922153 	25.019993 	20.396078 	25.000000 	85.702972 	24.083189 	40.162170 	43.965897 	16.492422 	40.496914 	30.364452 	99.624290 	43.863426 	105.342300 	57.697487 	101.592323 	96.932968 	31.384710 	23.769728 	83.934502 	57.706154 	7.615773 	68.425140 	21.540659 	38.470768 	21.023796 	78.714676 	51.623638 	73.790245 	68.476273 	52.430908 	999.000000 	

Travel time:
9.000000 	1.803469 	1.305038 	1.077033 	2.373025 	0.318198 	0.986154 	1.981161 	0.950329 	0.575543 	0.436606 	1.895059 	1.274755 	1.364047 	0.403113 	0.515388 	0.325960 	0.251247 	0.070711 	0.976281 	1.823630 	1.342805 	0.700446 	0.579871 	2.722591 	0.612882 	1.758195 	0.427200 	0.800391 	1.779923 	1.566246 	1.435705 	1.891593 	3.189044 	2.198010 	3.114482 	3.023347 	0.605186 	1.502082 	1.133578 	2.226123 	1.129436 	2.450128 	0.752080 	0.630971 	0.784618 	2.686192 	2.136878 	1.006231 	0.948683 	2.191461 	1.202341 	
1.803469 	9.000000 	0.536773 	2.830636 	0.592663 	2.121615 	0.874643 	0.180278 	2.746930 	1.423464 	2.213171 	0.257391 	0.715891 	0.654313 	2.131901 	2.122646 	1.488707 	1.975633 	1.806239 	2.778151 	0.336341 	0.704006 	1.364047 	1.510381 	0.921954 	1.542928 	0.437321 	2.011219 	1.323112 	0.450694 	0.612882 	3.229745 	0.477624 	1.400892 	0.525595 	1.320038 	1.222957 	1.822430 	0.785016 	2.934706 	0.577170 	1.163239 	0.704006 	1.638788 	2.013237 	1.653217 	0.905883 	0.617454 	2.772183 	2.680019 	0.696419 	1.328768 	
1.305038 	0.536773 	9.000000 	2.362864 	1.129436 	1.620378 	0.340037 	0.700446 	2.255271 	0.887764 	1.697425 	0.590021 	0.246221 	0.247487 	1.609542 	1.680773 	1.007782 	1.500833 	1.317431 	2.280351 	0.525595 	0.285044 	0.827647 	0.973717 	1.450216 	1.006231 	0.485412 	1.480076 	0.790569 	0.509902 	0.395285 	2.740552 	0.618466 	1.934716 	0.896172 	1.851520 	1.750000 	1.285739 	0.480234 	2.425000 	0.928036 	0.679154 	1.145098 	1.106797 	1.476482 	1.123054 	1.382932 	0.862047 	2.248472 	2.151308 	0.927699 	0.863134 	
1.077033 	2.830636 	2.362864 	9.000000 	3.370646 	0.794512 	2.057304 	3.010814 	0.270416 	1.631334 	0.825000 	2.949788 	2.350532 	2.439390 	0.950000 	0.725000 	1.355083 	0.862047 	1.051190 	0.336341 	2.887148 	2.419323 	1.752320 	1.608182 	3.732626 	1.623461 	2.828648 	1.150000 	1.849493 	2.850987 	2.642560 	0.459619 	2.962790 	4.177320 	3.259026 	4.110961 	4.029966 	1.475212 	2.578032 	0.514782 	3.290232 	2.183031 	3.503302 	1.704589 	1.355775 	1.727896 	3.730365 	3.208777 	0.743303 	0.860233 	3.265348 	2.223876 	
2.373025 	0.592663 	1.129436 	3.370646 	9.000000 	2.690725 	1.466714 	0.443001 	3.305772 	2.015564 	2.791617 	0.651920 	1.296630 	1.226020 	2.715004 	2.651061 	2.051828 	2.528463 	2.369863 	3.341501 	0.776611 	1.274019 	1.956560 	2.102974 	0.369121 	2.135562 	0.901388 	2.600240 	1.913929 	0.900347 	1.134956 	3.784508 	0.853302 	0.816241 	0.604152 	0.742462 	0.660019 	2.415057 	1.308625 	3.506601 	0.648556 	1.734395 	0.515388 	2.228929 	2.605883 	2.242348 	0.534439 	0.807775 	3.355033 	3.266688 	0.860959 	1.887624 	
0.318198 	2.121615 	1.620378 	0.794512 	2.690725 	9.000000 	1.296630 	2.299185 	0.638847 	0.838153 	0.182003 	2.210204 	1.578369 	1.668270 	0.247487 	0.445112 	0.640312 	0.251247 	0.325960 	0.660019 	2.136147 	1.644118 	0.958188 	0.813941 	3.040765 	0.831038 	2.067003 	0.413824 	1.055047 	2.088211 	1.867652 	1.123610 	2.199574 	3.506601 	2.510976 	3.432383 	3.341501 	0.715891 	1.792345 	0.816241 	2.537838 	1.388569 	2.765072 	0.926350 	0.648556 	0.952956 	3.002603 	2.443870 	0.711512 	0.679154 	2.496247 	1.432873 	
0.986154 	0.874643 	0.340037 	2.057304 	1.466714 	1.296630 	9.000000 	1.040433 	1.934716 	0.548862 	1.364047 	0.919918 	0.304138 	0.388104 	1.272792 	1.401116 	0.711512 	1.198176 	1.006231 	1.955920 	0.840015 	0.378319 	0.498121 	0.637377 	1.790251 	0.673146 	0.772172 	1.140175 	0.477624 	0.794119 	0.594243 	2.419969 	0.905883 	2.274313 	1.215010 	2.191461 	2.090006 	0.951972 	0.575543 	2.093442 	1.241219 	0.485412 	1.472455 	0.789383 	1.140449 	0.809707 	1.715554 	1.151629 	1.910497 	1.811767 	1.208305 	0.673146 	
1.981161 	0.180278 	0.700446 	3.010814 	0.443001 	2.299185 	1.040433 	9.000000 	2.925854 	1.587844 	2.388122 	0.237171 	0.854400 	0.783023 	2.304886 	2.302851 	1.667708 	2.155371 	1.984943 	2.956455 	0.357946 	0.831038 	1.522539 	1.672199 	0.750000 	1.702388 	0.480885 	2.180023 	1.475847 	0.485412 	0.700446 	3.408995 	0.469707 	1.234909 	0.395285 	1.151086 	1.050297 	1.981477 	0.875357 	3.111270 	0.450694 	1.291559 	0.534439 	1.789728 	2.173850 	1.802255 	0.726722 	0.535023 	2.944911 	2.850439 	0.610328 	1.446764 	
0.950329 	2.746930 	2.255271 	0.270416 	3.305772 	0.638847 	1.934716 	2.925854 	9.000000 	1.467353 	0.618466 	2.845281 	2.217121 	2.307054 	0.740355 	0.728869 	1.258223 	0.778621 	0.941076 	0.079057 	2.773536 	2.282542 	1.583114 	1.431127 	3.661369 	1.439184 	2.705665 	0.937083 	1.676678 	2.726949 	2.505993 	0.485412 	2.838353 	4.119238 	3.148115 	4.048225 	3.961218 	1.262191 	2.427061 	0.301040 	3.175689 	2.008109 	3.400368 	1.500417 	1.125278 	1.520691 	3.635416 	3.082714 	0.477624 	0.590021 	3.134984 	2.031317 	
0.575543 	1.423464 	0.887764 	1.631334 	2.015564 	0.838153 	0.548862 	1.587844 	1.467353 	9.000000 	0.862047 	1.453444 	0.778621 	0.867828 	0.755811 	1.079641 	0.471699 	0.825000 	0.625500 	1.475847 	1.361295 	0.835539 	0.125000 	0.100000 	2.336932 	0.152069 	1.274755 	0.601041 	0.225000 	1.293493 	1.055047 	1.945508 	1.402007 	2.822455 	1.732772 	2.738841 	2.635930 	0.412311 	0.961769 	1.587844 	1.752320 	0.555090 	1.997655 	0.325000 	0.594243 	0.357946 	2.246803 	1.640122 	1.380670 	1.273283 	1.685601 	0.632949 	
0.436606 	2.213171 	1.697425 	0.825000 	2.791617 	0.182003 	1.364047 	2.388122 	0.618466 	0.862047 	9.000000 	2.283774 	1.630376 	1.720465 	0.125000 	0.617454 	0.760345 	0.431567 	0.467039 	0.617454 	2.202271 	1.691892 	0.972754 	0.817389 	3.134984 	0.822344 	2.125000 	0.325000 	1.063602 	2.145052 	1.913766 	1.086566 	2.255271 	3.607718 	2.576941 	3.530669 	3.436023 	0.650481 	1.823630 	0.730154 	2.600481 	1.392839 	2.836371 	0.883883 	0.539676 	0.905539 	3.079164 	2.496623 	0.570636 	0.515388 	2.544725 	1.412887 	
1.895059 	0.257391 	0.590021 	2.949788 	0.651920 	2.210204 	0.919918 	0.237171 	2.845281 	1.453444 	2.283774 	9.000000 	0.686477 	0.604669 	2.192316 	2.258456 	1.595306 	2.088211 	1.906895 	2.870213 	0.125000 	0.648556 	1.375000 	1.530523 	0.906228 	1.555032 	0.250000 	2.053351 	1.317431 	0.251247 	0.485412 	3.330540 	0.235850 	1.398660 	0.316228 	1.308148 	1.197132 	1.830983 	0.657647 	3.012681 	0.357946 	1.100284 	0.555090 	1.625000 	2.025617 	1.634205 	0.795692 	0.364006 	2.828648 	2.726032 	0.443001 	1.243232 	
1.274755 	0.715891 	0.246221 	2.350532 	1.296630 	1.578369 	0.304138 	0.854400 	2.217121 	0.778621 	1.630376 	0.686477 	9.000000 	0.090139 	1.530523 	1.703856 	1.013040 	1.495201 	1.300000 	2.233971 	0.585769 	0.075000 	0.691466 	0.849264 	1.588238 	0.870704 	0.496236 	1.379311 	0.630971 	0.515388 	0.292617 	2.701157 	0.625000 	2.079664 	0.954594 	1.991231 	1.882319 	1.145098 	0.285044 	2.360085 	0.973717 	0.450694 	1.220912 	0.939747 	1.340009 	0.950329 	1.472455 	0.866747 	2.159282 	2.050610 	0.917878 	0.626997 	
1.364047 	0.654313 	0.247487 	2.439390 	1.226020 	1.668270 	0.388104 	0.783023 	2.307054 	0.867828 	1.720465 	0.604669 	0.090139 	9.000000 	1.620378 	1.789204 	1.099147 	1.583114 	1.388569 	2.324059 	0.500000 	0.050000 	0.778621 	0.937083 	1.509346 	0.957209 	0.406971 	1.468205 	0.715017 	0.425735 	0.206155 	2.791169 	0.535023 	2.001406 	0.866386 	1.911969 	1.801735 	1.230091 	0.235850 	2.450128 	0.884590 	0.509902 	1.133578 	1.020416 	1.425219 	1.029563 	1.386092 	0.776611 	2.248472 	2.139071 	0.828025 	0.675463 	
0.403113 	2.131901 	1.609542 	0.950000 	2.715004 	0.247487 	1.272792 	2.304886 	0.740355 	0.755811 	0.125000 	2.192316 	1.530523 	1.620378 	9.000000 	0.691466 	0.711512 	0.469707 	0.450000 	0.735272 	2.107279 	1.590008 	0.862047 	0.704450 	3.053686 	0.705780 	2.026388 	0.200000 	0.950329 	2.045880 	1.810559 	1.202601 	2.155371 	3.530226 	2.481179 	3.451449 	3.354568 	0.525595 	1.715007 	0.832166 	2.503123 	1.276959 	2.742832 	0.760345 	0.419076 	0.781425 	2.987997 	2.395047 	0.640312 	0.559017 	2.441311 	1.291559 	
0.515388 	2.122646 	1.680773 	0.725000 	2.651061 	0.445112 	1.401116 	2.302851 	0.728869 	1.079641 	0.617454 	2.258456 	1.703856 	1.789204 	0.691466 	9.000000 	0.691466 	0.269258 	0.456207 	0.790569 	2.205958 	1.776584 	1.204159 	1.093446 	3.015066 	1.128051 	2.159427 	0.835539 	1.303840 	2.182888 	1.995307 	1.165386 	2.294014 	3.454797 	2.572086 	3.389782 	3.310966 	1.095730 	1.956560 	1.006541 	2.606962 	1.625192 	2.807356 	1.264911 	1.070047 	1.296630 	3.026962 	2.539808 	1.026219 	1.044330 	2.601562 	1.711724 	
0.325960 	1.488707 	1.007782 	1.355083 	2.051828 	0.640312 	0.711512 	1.667708 	1.258223 	0.471699 	0.760345 	1.595306 	1.013040 	1.099147 	0.711512 	0.691466 	9.000000 	0.493077 	0.318198 	1.290591 	1.532359 	1.085415 	0.581485 	0.531507 	2.404423 	0.583631 	1.477329 	0.675463 	0.673146 	1.500208 	1.305038 	1.741407 	1.611870 	2.867272 	1.903943 	2.793967 	2.704741 	0.715891 	1.265899 	1.456451 	1.935362 	0.965984 	2.149564 	0.760345 	0.818917 	0.795692 	2.380257 	1.858090 	1.330883 	1.267379 	1.917355 	1.083109 	
0.251247 	1.975633 	1.500833 	0.862047 	2.528463 	0.251247 	1.198176 	2.155371 	0.778621 	0.825000 	0.431567 	2.088211 	1.495201 	1.583114 	0.469707 	0.269258 	0.493077 	9.000000 	0.201556 	0.820061 	2.025154 	1.565647 	0.950000 	0.831038 	2.885849 	0.863134 	1.968026 	0.583631 	1.050000 	1.990603 	1.787806 	1.256234 	2.102380 	3.341126 	2.397003 	3.270799 	3.185122 	0.828025 	1.734395 	1.007782 	2.428220 	1.377044 	2.642205 	0.996243 	0.813941 	1.027740 	2.871411 	2.348537 	0.946375 	0.926350 	2.406372 	1.453444 	
