Total assets = 540
Number of asset nodes = 33

Distance:
999.000000 	35.805027 	69.404610 	9.055386 	53.758720 	21.540659 	40.459858 	47.801674 	15.132746 	37.735924 	83.234612 	31.400637 	30.463093 	60.464867 	13.892444 	26.400757 	62.297672 	9.899495 	34.785053 	70.724815 	27.513634 	51.312767 	32.015621 	46.754681 	18.788294 	55.901699 	44.821869 	49.244289 	62.801273 	33.376640 	64.536812 	58.523499 	82.036575 	70.292244 	39.357338 	25.709921 	58.694122 	56.435802 	62.968246 	27.856777 	71.281136 	62.481998 	28.653097 	44.944408 	74.060783 	55.362442 	37.215588 	92.633690 	74.330345 	40.049969 	43.416588 	
35.805027 	999.000000 	104.062485 	42.941822 	89.196411 	56.938564 	5.385165 	12.041595 	27.658634 	73.498299 	117.686020 	10.770329 	65.863495 	24.698177 	43.324360 	18.248287 	30.016663 	45.607018 	69.771057 	34.985710 	20.615528 	87.091904 	66.640831 	14.142136 	47.801674 	20.808653 	14.035668 	84.905830 	98.600204 	67.230942 	29.000000 	94.302704 	117.456375 	106.042442 	17.804493 	56.044624 	24.186773 	92.114059 	98.737022 	39.319206 	107.074738 	29.154760 	43.185646 	24.698177 	109.859001 	90.338257 	68.154236 	128.144455 	110.113579 	71.568146 	27.658634 	
69.404610 	104.062485 	999.000000 	65.368187 	17.464249 	52.392746 	109.123779 	116.043098 	83.006027 	37.107952 	13.892444 	100.801788 	45.880280 	127.988281 	69.354164 	95.414886 	125.602547 	59.640591 	45.705578 	137.931137 	96.041656 	28.071337 	49.030602 	116.038788 	68.352028 	124.739731 	114.201576 	32.062439 	20.124611 	51.623638 	133.056381 	25.298222 	16.278820 	17.029387 	108.452751 	64.031242 	127.781059 	29.120440 	25.059929 	87.664131 	24.083189 	131.821854 	85.381500 	113.371071 	24.413111 	38.600517 	60.133186 	26.570660 	25.806976 	58.008621 	110.941429 	
9.055386 	42.941822 	65.368187 	999.000000 	48.826221 	14.212670 	47.169907 	54.708317 	17.804493 	31.144823 	79.259071 	36.878178 	23.021729 	67.601776 	6.708204 	30.479502 	70.604530 	8.246211 	26.832815 	77.897369 	30.805843 	44.687805 	23.769728 	52.497620 	10.630146 	62.201286 	50.249378 	42.201897 	56.586216 	24.738634 	71.028160 	51.855568 	76.837494 	64.350601 	43.416588 	16.763054 	64.660652 	49.406479 	56.222771 	25.019993 	64.660652 	67.896980 	24.515301 	48.020828 	67.475922 	47.423622 	28.160255 	87.206650 	67.623962 	31.016125 	45.617977 	
53.758720 	89.196411 	17.464249 	48.826221 	999.000000 	35.355339 	94.069122 	101.237343 	66.610809 	19.646883 	31.016125 	85.041168 	28.460499 	113.569359 	52.354561 	79.202271 	112.680969 	43.863426 	28.284271 	123.693169 	79.630394 	12.529964 	31.575306 	100.498756 	51.078373 	109.603828 	98.493652 	16.155495 	13.038404 	34.234486 	118.139748 	13.892444 	28.284271 	18.027756 	92.200867 	46.572525 	112.449989 	16.278820 	16.763054 	70.384659 	22.022715 	116.180893 	68.007355 	96.798759 	24.186773 	25.000000 	43.000000 	38.948685 	25.079872 	41.109608 	94.154129 	
21.540659 	56.938564 	52.392746 	14.212670 	35.355339 	999.000000 	61.294373 	68.796799 	31.827662 	16.970562 	66.211784 	51.088158 	8.944272 	81.633324 	17.000000 	44.553337 	83.815269 	13.038404 	13.341664 	91.923882 	44.687805 	30.479502 	11.000000 	66.708321 	16.278820 	76.400261 	64.443771 	28.017851 	42.426407 	13.341664 	85.211502 	37.643059 	63.007935 	50.249378 	57.384666 	14.866069 	78.873314 	35.227829 	42.011902 	35.440090 	50.447994 	82.073135 	33.541019 	61.611687 	53.263496 	33.837849 	20.808653 	73.246162 	53.413483 	22.360680 	58.830265 	
40.459858 	5.385165 	109.123779 	47.169907 	94.069122 	61.294373 	999.000000 	7.615773 	31.016125 	78.006409 	122.788437 	12.041595 	70.178345 	20.615528 	47.010635 	20.099751 	28.635643 	50.328918 	73.925636 	30.870699 	22.000000 	91.607857 	70.710678 	9.000000 	51.264023 	15.620500 	9.486833 	89.308456 	103.232750 	71.112587 	24.083189 	98.812958 	122.347862 	110.751976 	15.811388 	59.464275 	18.867962 	96.519424 	103.227905 	41.000000 	111.606453 	23.769728 	45.011108 	21.931713 	114.402794 	94.413979 	71.470276 	133.003754 	114.621117 	74.946648 	25.612497 	
47.801674 	12.041595 	116.043098 	54.708317 	101.237343 	68.796799 	7.615773 	999.000000 	38.626415 	85.445892 	129.634094 	19.416489 	77.698135 	13.000000 	54.625999 	27.459061 	22.847319 	57.628117 	81.492332 	23.259407 	29.154760 	99.045441 	78.294319 	9.219544 	58.872746 	9.486833 	11.661903 	96.798759 	110.602890 	78.721024 	17.029387 	106.254410 	129.495178 	118.067780 	20.880613 	67.067131 	13.341664 	104.009613 	110.679718 	48.093658 	119.037811 	19.104973 	52.153618 	25.553865 	121.827744 	102.000000 	79.056938 	140.185593 	122.065559 	82.540901 	29.966648 	
15.132746 	27.658634 	83.006027 	17.804493 	66.610809 	31.827662 	31.016125 	38.626415 	999.000000 	48.795490 	96.896851 	19.723083 	40.360870 	51.623638 	16.124516 	12.727922 	57.218880 	23.769728 	43.600460 	61.846584 	13.038404 	62.241467 	40.224369 	35.227829 	20.248457 	45.276924 	32.802441 	59.548298 	74.249580 	40.311287 	54.203320 	69.354164 	94.641426 	82.073135 	25.612497 	28.460499 	47.434166 	66.708321 	73.661385 	16.278820 	82.134033 	50.328918 	18.867962 	30.413813 	84.958817 	63.812225 	40.521599 	104.995239 	85.041168 	43.965897 	28.460499 	
37.735924 	73.498299 	37.107952 	31.144823 	19.646883 	16.970562 	78.006409 	85.445892 	48.795490 	999.000000 	50.596443 	68.014702 	8.944272 	98.183502 	33.600594 	61.522354 	99.403221 	28.178005 	9.055386 	108.452751 	61.619801 	13.601471 	12.041595 	83.630135 	31.764761 	93.236259 	81.394104 	11.704700 	25.455845 	15.033297 	102.004898 	20.808653 	46.324940 	33.301651 	74.330345 	26.925823 	95.775780 	18.788294 	25.238859 	50.990196 	33.600594 	99.035347 	48.466484 	78.409180 	36.400551 	20.024984 	24.515301 	56.400356 	36.619667 	23.409399 	75.451973 	
83.234612 	117.686020 	13.892444 	79.259071 	31.016125 	66.211784 	122.788437 	129.634094 	96.896851 	50.596443 	999.000000 	114.621117 	59.464275 	141.449631 	83.192551 	109.293182 	138.538803 	73.498299 	58.940647 	151.320847 	109.931801 	40.311287 	62.361847 	129.807556 	82.079231 	138.408813 	128.003906 	44.283180 	30.066593 	64.761101 	146.659470 	36.013885 	12.727922 	23.769728 	122.331520 	77.491936 	141.495590 	40.012497 	34.365681 	101.390335 	30.083218 	145.602203 	99.020203 	127.263504 	29.068884 	49.162994 	72.835434 	18.248287 	30.413813 	70.455658 	124.823875 	
31.400637 	10.770329 	100.801788 	36.878178 	85.041168 	51.088158 	12.041595 	19.416489 	19.723083 	68.014702 	114.621117 	999.000000 	59.816387 	32.280025 	35.846897 	8.062258 	40.311287 	41.231056 	63.245552 	42.379242 	10.049875 	81.565926 	59.908264 	15.620500 	39.812057 	25.553865 	13.453624 	79.025314 	93.434471 	60.033325 	34.481880 	88.729927 	113.278419 	101.138519 	10.049875 	47.927029 	27.802877 	86.214851 	93.085983 	29.017237 	101.533249 	31.144823 	33.000000 	17.262676 	104.350372 	83.528435 	59.808025 	123.794182 	104.484451 	63.324562 	18.788294 	
30.463093 	65.863495 	45.880280 	23.021729 	28.460499 	8.944272 	70.178345 	77.698135 	40.360870 	8.944272 	59.464275 	59.816387 	999.000000 	90.553848 	24.839485 	53.075417 	92.698433 	21.587032 	5.099020 	100.846420 	53.037724 	21.931713 	5.000000 	75.432091 	22.825424 	85.211502 	73.109505 	19.209373 	34.058773 	8.602325 	94.047859 	29.000000 	55.226807 	42.011902 	65.764732 	18.248287 	87.618492 	26.400757 	33.301651 	42.047592 	41.773197 	90.686272 	39.560081 	69.656296 	44.598206 	25.000000 	18.357559 	65.215027 	44.687805 	18.439089 	66.610809 	
60.464867 	24.698177 	127.988281 	67.601776 	113.569359 	81.633324 	20.615528 	13.000000 	51.623638 	98.183502 	141.449631 	32.280025 	90.553848 	999.000000 	67.623962 	40.261642 	16.643316 	70.213959 	94.413979 	10.295630 	41.773197 	111.772087 	91.241440 	19.026299 	71.867935 	9.848858 	22.022715 	109.603828 	123.223373 	91.706055 	8.062258 	118.983192 	141.767410 	130.602448 	32.015621 	80.056229 	12.041595 	116.811813 	123.422043 	60.530983 	131.745972 	17.204651 	64.629715 	34.928497 	134.525085 	114.947815 	92.027168 	152.502457 	134.792435 	95.519630 	39.812057 	
13.892444 	43.324360 	69.354164 	6.708204 	52.354561 	17.000000 	47.010635 	54.625999 	16.124516 	33.600594 	83.192551 	35.846897 	24.839485 	67.623962 	999.000000 	28.600698 	72.180328 	14.866069 	27.658634 	77.878113 	28.319605 	46.754681 	24.207438 	51.312767 	5.099020 	61.400326 	48.826221 	43.840622 	58.898216 	24.186773 	70.327805 	53.758720 	79.881165 	66.843102 	41.036568 	13.038404 	63.513779 	50.931328 	57.982758 	19.104973 	66.468040 	66.219330 	18.110771 	44.821869 	69.296463 	47.707443 	25.179358 	90.000000 	69.310890 	28.442924 	41.880783 	
26.400757 	18.248287 	95.414886 	30.479502 	79.202271 	44.553337 	20.099751 	27.459061 	12.727922 	61.522354 	109.293182 	8.062258 	53.075417 	40.261642 	28.600698 	999.000000 	48.166378 	35.846897 	56.222771 	50.289165 	2.828427 	74.966660 	52.801514 	22.825424 	32.249031 	33.105892 	20.248457 	72.249565 	86.977005 	52.697250 	42.047592 	82.073135 	107.298645 	94.794518 	13.038404 	40.249222 	34.985710 	79.397736 	86.371292 	21.095022 	94.847244 	37.643059 	25.019993 	18.681541 	97.672920 	76.275818 	52.000000 	117.686020 	97.744568 	55.542778 	18.000000 	
62.297672 	30.016663 	125.602547 	70.604530 	112.680969 	83.815269 	28.635643 	22.847319 	57.218880 	99.403221 	138.538803 	40.311287 	92.698433 	16.643316 	72.180328 	48.166378 	999.000000 	71.309189 	97.082436 	19.000000 	50.358715 	112.729767 	94.254974 	31.764761 	76.941536 	25.455845 	34.438351 	111.085556 	123.470642 	95.336250 	24.166092 	119.866592 	140.346008 	130.361038 	43.657761 	85.158676 	28.425341 	118.186295 	124.338249 	69.260376 	132.378250 	33.837849 	73.171036 	48.301140 	135.070358 	117.652031 	97.324203 	151.162170 	135.506454 	100.623062 	52.801514 	
9.899495 	45.607018 	59.640591 	8.246211 	43.863426 	13.038404 	50.328918 	57.628117 	23.769728 	28.178005 	73.498299 	41.231056 	21.587032 	70.213959 	14.866069 	35.846897 	71.309189 	999.000000 	26.305893 	80.448738 	36.674240 	41.677334 	24.020824 	56.639210 	18.027756 	65.795135 	54.671749 	39.812057 	53.009434 	26.076809 	74.411018 	48.877399 	72.138756 	60.440052 	48.877399 	22.203604 	68.593002 	46.957428 	53.338543 	33.136082 	61.587337 	72.346390 	32.756680 	54.129475 	64.350601 	46.572525 	31.953091 	82.734512 	64.660652 	34.205261 	52.201534 	
34.785053 	69.771057 	45.705578 	26.832815 	28.284271 	13.341664 	73.925636 	81.492332 	43.600460 	9.055386 	58.940647 	63.245552 	5.099020 	94.413979 	27.658634 	56.222771 	97.082436 	26.305893 	999.000000 	104.709122 	55.973209 	19.723083 	3.605551 	78.816238 	24.839485 	88.752464 	76.400261 	16.401220 	31.906113 	6.000000 	97.637085 	26.400757 	53.665630 	39.962482 	68.680420 	18.788294 	91.021973 	23.345236 	30.479502 	43.566040 	38.948685 	93.861603 	40.706264 	72.180328 	41.773197 	20.615528 	15.524175 	63.285069 	41.725292 	14.764823 	68.883957 	
70.724815 	34.985710 	137.931137 	77.897369 	123.693169 	91.923882 	30.870699 	23.259407 	61.846584 	108.452751 	151.320847 	42.379242 	100.846420 	10.295630 	77.878113 	50.289165 	19.000000 	80.448738 	104.709122 	999.000000 	51.662365 	122.036880 	101.533249 	28.284271 	82.079231 	18.027756 	31.257000 	119.887444 	133.454117 	101.980392 	10.440307 	129.247818 	151.855194 	140.801285 	41.194660 	90.249657 	18.248287 	127.094452 	133.689941 	70.213959 	142.003525 	21.023796 	74.330345 	43.104523 	144.779144 	125.239769 	102.181213 	162.606888 	145.055161 	105.688217 	48.093658 	
27.513634 	20.615528 	96.041656 	30.805843 	79.630394 	44.687805 	22.000000 	29.154760 	13.038404 	61.619801 	109.931801 	10.049875 	53.037724 	41.773197 	28.319605 	2.828427 	50.358715 	36.674240 	55.973209 	51.662365 	999.000000 	74.966660 	52.497620 	23.769728 	31.622776 	34.176014 	21.023796 	72.138756 	87.045967 	52.201534 	43.081318 	82.024384 	107.615051 	94.921021 	12.727922 	39.446167 	35.777088 	79.246452 	86.278618 	19.000000 	94.762863 	38.013157 	23.021729 	17.464249 	97.590981 	75.802376 	50.990196 	117.923706 	97.621719 	54.561890 	16.124516 	
51.312767 	87.091904 	28.071337 	44.687805 	12.529964 	30.479502 	91.607857 	99.045441 	62.241467 	13.601471 	40.311287 	81.565926 	21.931713 	111.772087 	46.754681 	74.966660 	112.729767 	41.677334 	19.723083 	122.036880 	74.966660 	999.000000 	23.323807 	97.185387 	44.407207 	106.826965 	94.921021 	4.000000 	12.206555 	25.079872 	115.602768 	7.211102 	34.014702 	20.248457 	87.692642 	38.470768 	109.343498 	6.000000 	11.661903 	63.285069 	20.000000 	112.538879 	60.415230 	91.547798 	22.803509 	12.727922 	32.557640 	43.566040 	23.021729 	30.149628 	88.408142 	
32.015621 	66.640831 	49.030602 	23.769728 	31.575306 	11.000000 	70.710678 	78.294319 	40.224369 	12.041595 	62.361847 	59.908264 	5.000000 	91.241440 	24.207438 	52.801514 	94.254974 	24.020824 	3.605551 	101.533249 	52.497620 	23.323807 	999.000000 	75.451973 	21.260292 	85.440041 	73.006851 	20.000000 	35.510563 	3.605551 	94.339813 	30.000000 	57.245087 	43.566040 	65.192024 	15.231546 	87.658424 	26.907248 	34.058773 	39.962482 	42.520584 	90.426765 	37.121422 	68.622154 	45.343136 	23.706539 	13.416408 	66.887962 	45.276924 	13.453624 	65.299309 	
46.754681 	14.142136 	116.038788 	52.497620 	100.498756 	66.708321 	9.000000 	9.219544 	35.227829 	83.630135 	129.807556 	15.620500 	75.432091 	19.026299 	51.312767 	22.825424 	31.764761 	56.639210 	78.816238 	28.284271 	23.769728 	97.185387 	75.451973 	999.000000 	55.072678 	10.440307 	3.000000 	94.641426 	109.041275 	75.471848 	19.313208 	104.350372 	128.763351 	116.726173 	13.000000 	63.063461 	12.206555 	101.828285 	108.706024 	41.976185 	117.153748 	15.811388 	46.097721 	16.552946 	119.970833 	99.020203 	74.732857 	139.316193 	120.104118 	78.294319 	21.189621 	
18.788294 	47.801674 	68.352028 	10.630146 	51.078373 	16.278820 	51.264023 	58.872746 	20.248457 	31.764761 	82.079231 	39.812057 	22.825424 	71.867935 	5.099020 	32.249031 	76.941536 	18.027756 	24.839485 	82.079231 	31.622776 	44.407207 	21.260292 	55.072678 	999.000000 	65.299309 	52.478565 	41.231056 	56.612720 	20.615528 	74.242844 	51.224995 	78.032043 	64.637451 	44.204071 	8.246211 	67.230942 	48.166378 	55.317268 	19.313208 	63.780876 	69.634758 	17.262676 	47.381432 	66.603302 	44.204071 	20.396078 	87.920418 	66.528191 	23.769728 	44.045429 	
55.901699 	20.808653 	124.739731 	62.201286 	109.603828 	76.400261 	15.620500 	9.486833 	45.276924 	93.236259 	138.408813 	25.553865 	85.211502 	9.848858 	61.400326 	33.105892 	25.455845 	65.795135 	88.752464 	18.027756 	34.176014 	106.826965 	85.440041 	10.440307 	65.299309 	999.000000 	13.341664 	104.403069 	118.562218 	85.586212 	8.944272 	114.017540 	137.887634 	126.150703 	23.194826 	73.348480 	4.000000 	111.606453 	118.406082 	52.392746 	126.822708 	10.049875 	56.515484 	25.317978 	129.630249 	109.077957 	85.088188 	148.519363 	129.807556 	88.639717 	30.265491 	
44.821869 	14.035668 	114.201576 	50.249378 	98.493652 	64.443771 	9.486833 	11.661903 	32.802441 	81.394104 	128.003906 	13.453624 	73.109505 	22.022715 	48.826221 	20.248457 	34.438351 	54.671749 	76.400261 	31.257000 	21.023796 	94.921021 	73.006851 	3.000000 	52.478565 	13.341664 	999.000000 	92.314682 	106.831642 	72.945183 	22.135944 	102.068604 	126.732002 	114.560028 	10.000000 	60.415230 	14.764823 	99.488693 	106.404884 	39.051247 	114.865135 	17.691807 	43.174065 	13.892444 	117.686020 	96.519424 	72.013885 	137.244308 	117.796432 	75.584389 	18.384777 	
49.244289 	84.905830 	32.062439 	42.201897 	16.155495 	28.017851 	89.308456 	96.798759 	59.548298 	11.704700 	44.283180 	79.025314 	19.209373 	109.603828 	43.840622 	72.249565 	111.085556 	39.812057 	16.401220 	119.887444 	72.138756 	4.000000 	20.000000 	94.641426 	41.231056 	104.403069 	92.314682 	999.000000 	15.652476 	21.470911 	113.225441 	10.000000 	37.696156 	23.706539 	84.864601 	34.985710 	106.826965 	7.211102 	14.142136 	59.908264 	22.627417 	109.877205 	56.938564 	88.526833 	25.455845 	10.295630 	28.635643 	47.010635 	25.495098 	26.172504 	85.276024 	
62.801273 	98.600204 	20.124611 	56.586216 	13.038404 	42.426407 	103.232750 	110.602890 	74.249580 	25.455845 	30.066593 	93.434471 	34.058773 	123.223373 	58.898216 	86.977005 	123.470642 	53.009434 	31.906113 	133.454117 	87.045967 	12.206555 	35.510563 	109.041275 	56.612720 	118.562218 	106.831642 	15.652476 	999.000000 	37.121422 	127.283150 	6.082763 	22.135944 	8.062258 	99.764725 	50.606323 	121.165176 	10.049875 	5.000000 	75.471848 	9.219544 	124.482933 	72.560318 	103.711136 	11.704700 	19.104973 	43.965897 	31.384710 	12.369317 	41.231056 	100.603180 	
33.376640 	67.230942 	51.623638 	24.738634 	34.234486 	13.341664 	71.112587 	78.721024 	40.311287 	15.033297 	64.761101 	60.033325 	8.602325 	91.706055 	24.186773 	52.697250 	95.336250 	26.076809 	6.000000 	101.980392 	52.201534 	25.079872 	3.605551 	75.471848 	20.615528 	85.586212 	72.945183 	21.470911 	37.121422 	999.000000 	94.514549 	31.384710 	59.093147 	45.177429 	64.815125 	13.601471 	87.664131 	28.017851 	35.227829 	38.600517 	43.600460 	90.210861 	35.510563 	67.896980 	46.400433 	23.600847 	9.848858 	68.476273 	46.227695 	9.899495 	64.381676 	
64.536812 	29.000000 	133.056381 	71.028160 	118.139748 	85.211502 	24.083189 	17.029387 	54.203320 	102.004898 	146.659470 	34.481880 	94.047859 	8.062258 	70.327805 	42.047592 	24.166092 	74.411018 	97.637085 	10.440307 	43.081318 	115.602768 	94.339813 	19.313208 	74.242844 	8.944272 	22.135944 	113.225441 	127.283150 	94.514549 	999.000000 	122.800652 	146.413803 	134.825821 	31.780497 	82.292160 	8.000000 	120.432556 	127.200630 	61.131008 	135.602356 	10.816654 	65.253349 	33.000000 	138.405197 	117.991524 	94.021271 	157.079605 	138.600143 	97.575615 	38.000000 	
58.523499 	94.302704 	25.298222 	51.855568 	13.892444 	37.643059 	98.812958 	106.254410 	69.354164 	20.808653 	36.013885 	88.729927 	29.000000 	118.983192 	53.758720 	82.073135 	119.866592 	48.877399 	26.400757 	129.247818 	82.024384 	7.211102 	30.000000 	104.350372 	51.224995 	114.017540 	102.068604 	10.000000 	6.082763 	31.384710 	122.800652 	999.000000 	28.160255 	13.928389 	94.752312 	44.944408 	116.516090 	4.000000 	4.472136 	69.892776 	12.806249 	119.670380 	66.887962 	98.493652 	15.620500 	13.341664 	37.947330 	37.121422 	15.811388 	35.171009 	95.268044 	
82.036575 	117.456375 	16.278820 	76.837494 	28.284271 	63.007935 	122.347862 	129.495178 	94.641426 	46.324940 	12.727922 	113.278419 	55.226807 	141.767410 	79.881165 	107.298645 	140.346008 	72.138756 	53.665630 	151.855194 	107.615051 	34.014702 	57.245087 	128.763351 	78.032043 	137.887634 	126.732002 	37.696156 	22.135944 	59.093147 	146.413803 	28.160255 	999.000000 	14.317822 	120.253899 	72.449982 	140.730240 	32.015621 	25.317978 	97.128784 	19.104973 	144.422989 	94.366310 	124.619423 	17.464249 	40.311287 	66.098412 	10.816654 	18.681541 	63.324562 	121.757957 	
70.292244 	106.042442 	17.029387 	64.350601 	18.027756 	50.249378 	110.751976 	118.067780 	82.073135 	33.301651 	23.769728 	101.138519 	42.011902 	130.602448 	66.843102 	94.794518 	130.361038 	60.440052 	39.962482 	140.801285 	94.921021 	20.248457 	43.566040 	116.726173 	64.637451 	126.150703 	114.560028 	23.706539 	8.062258 	45.177429 	134.825821 	13.928389 	14.317822 	999.000000 	107.628990 	58.668560 	128.817703 	17.720045 	11.045361 	83.528435 	7.071068 	132.230865 	80.622574 	111.664673 	7.615773 	26.076809 	51.865211 	23.323807 	8.944272 	49.040798 	108.600182 	
39.357338 	17.804493 	108.452751 	43.416588 	92.200867 	57.384666 	15.811388 	20.880613 	25.612497 	74.330345 	122.331520 	10.049875 	65.764732 	32.015621 	41.036568 	13.038404 	43.657761 	48.877399 	68.680420 	41.194660 	12.727922 	87.692642 	65.192024 	13.000000 	44.204071 	23.194826 	10.000000 	84.864601 	99.764725 	64.815125 	31.780497 	94.752312 	120.253899 	107.628990 	999.000000 	51.865211 	24.041630 	91.967384 	99.005051 	29.410883 	107.489532 	25.553865 	33.526108 	7.280110 	110.317726 	88.408142 	63.134777 	130.598618 	110.344917 	66.730804 	9.899495 	
25.709921 	56.044624 	64.031242 	16.763054 	46.572525 	14.866069 	59.464275 	67.067131 	28.460499 	26.925823 	77.491936 	47.927029 	18.248287 	80.056229 	13.038404 	40.249222 	85.158676 	22.203604 	18.788294 	90.249657 	39.446167 	38.470768 	15.231546 	63.063461 	8.246211 	73.348480 	60.415230 	34.985710 	50.606323 	13.601471 	82.292160 	44.944408 	72.449982 	58.668560 	51.865211 	999.000000 	75.179787 	41.617306 	48.826221 	25.000000 	57.201397 	77.388626 	21.954498 	54.561890 	60.000000 	36.796738 	12.165525 	81.987801 	59.816387 	15.524175 	50.911690 	
58.694122 	24.186773 	127.781059 	64.660652 	112.449989 	78.873314 	18.867962 	13.341664 	47.434166 	95.775780 	141.495590 	27.802877 	87.618492 	12.041595 	63.513779 	34.985710 	28.425341 	68.593002 	91.021973 	18.248287 	35.777088 	109.343498 	87.658424 	12.206555 	67.230942 	4.000000 	14.764823 	106.826965 	121.165176 	87.664131 	8.000000 	116.516090 	140.730240 	128.817703 	24.041630 	75.179787 	999.000000 	114.017540 	120.880104 	53.450912 	129.321304 	6.082763 	57.567352 	25.000000 	132.136292 	111.220505 	86.764046 	151.320847 	132.279999 	90.338257 	30.000000 	
56.435802 	92.114059 	29.120440 	49.406479 	16.278820 	35.227829 	96.519424 	104.009613 	66.708321 	18.788294 	40.012497 	86.214851 	26.400757 	116.811813 	50.931328 	79.397736 	118.186295 	46.957428 	23.345236 	127.094452 	79.246452 	6.000000 	26.907248 	101.828285 	48.166378 	111.606453 	99.488693 	7.211102 	10.049875 	28.017851 	120.432556 	4.000000 	32.015621 	17.720045 	91.967384 	41.617306 	114.017540 	999.000000 	7.211102 	66.610809 	15.620500 	117.034180 	63.513779 	95.524864 	18.439089 	9.486833 	34.176014 	40.718548 	18.384777 	31.320919 	92.195442 	
62.968246 	98.737022 	25.059929 	56.222771 	16.763054 	42.011902 	103.227905 	110.679718 	73.661385 	25.238859 	34.365681 	93.085983 	33.301651 	123.422043 	57.982758 	86.371292 	124.338249 	53.338543 	30.479502 	133.689941 	86.278618 	11.661903 	34.058773 	108.706024 	55.317268 	118.406082 	106.404884 	14.142136 	5.000000 	35.227829 	127.200630 	4.472136 	25.317978 	11.045361 	99.005051 	48.826221 	120.880104 	7.211102 	999.000000 	73.817345 	8.485281 	123.987900 	70.724815 	102.649887 	11.313708 	15.033297 	41.231056 	33.615471 	11.401754 	38.275318 	99.357941 	
27.856777 	39.319206 	87.664131 	25.019993 	70.384659 	35.440090 	41.000000 	48.093658 	16.278820 	50.990196 	101.390335 	29.017237 	42.047592 	60.530983 	19.104973 	21.095022 	69.260376 	33.136082 	43.566040 	70.213959 	19.000000 	63.285069 	39.962482 	41.976185 	19.313208 	52.392746 	39.051247 	59.908264 	75.471848 	38.600517 	61.131008 	69.892776 	97.128784 	83.528435 	29.410883 	25.000000 	53.450912 	66.610809 	73.817345 	999.000000 	82.200974 	54.625999 	4.123106 	30.528675 	85.000000 	61.554855 	34.828148 	106.850365 	84.811554 	38.418747 	26.400757 	
71.281136 	107.074738 	24.083189 	64.660652 	22.022715 	50.447994 	111.606453 	119.037811 	82.134033 	33.600594 	30.083218 	101.533249 	41.773197 	131.745972 	66.468040 	94.847244 	132.378250 	61.587337 	38.948685 	142.003525 	94.762863 	20.000000 	42.520584 	117.153748 	63.780876 	126.822708 	114.865135 	22.627417 	9.219544 	43.600460 	135.602356 	12.806249 	19.104973 	7.071068 	107.489532 	57.201397 	129.321304 	15.620500 	8.485281 	82.200974 	999.000000 	132.457535 	79.056938 	111.126053 	2.828427 	22.135944 	49.193497 	25.961510 	3.162278 	46.097721 	107.814659 	
62.481998 	29.154760 	131.821854 	67.896980 	116.180893 	82.073135 	23.769728 	19.104973 	50.328918 	99.035347 	145.602203 	31.144823 	90.686272 	17.204651 	66.219330 	37.643059 	33.837849 	72.346390 	93.861603 	21.023796 	38.013157 	112.538879 	90.426765 	15.811388 	69.634758 	10.049875 	17.691807 	109.877205 	124.482933 	90.210861 	10.816654 	119.670380 	144.422989 	132.230865 	25.553865 	77.388626 	6.082763 	117.034180 	123.987900 	54.625999 	132.457535 	999.000000 	58.694122 	24.738634 	135.281189 	113.811249 	88.684837 	154.935471 	135.369858 	92.282173 	29.614185 	
28.653097 	43.185646 	85.381500 	24.515301 	68.007355 	33.541019 	45.011108 	52.153618 	18.867962 	48.466484 	99.020203 	33.000000 	39.560081 	64.629715 	18.110771 	25.019993 	73.171036 	32.756680 	40.706264 	74.330345 	23.021729 	60.415230 	37.121422 	46.097721 	17.262676 	56.515484 	43.174065 	56.938564 	72.560318 	35.510563 	65.253349 	66.887962 	94.366310 	80.622574 	33.526108 	21.954498 	57.567352 	63.513779 	70.724815 	4.123106 	79.056938 	58.694122 	999.000000 	34.481880 	81.841309 	58.137768 	31.144823 	103.942291 	81.608826 	34.713108 	30.232433 	
44.944408 	24.698177 	113.371071 	48.020828 	96.798759 	61.611687 	21.931713 	25.553865 	30.413813 	78.409180 	127.263504 	17.262676 	69.656296 	34.928497 	44.821869 	18.681541 	48.301140 	54.129475 	72.180328 	43.104523 	17.464249 	91.547798 	68.622154 	16.552946 	47.381432 	25.317978 	13.892444 	88.526833 	103.711136 	67.896980 	33.000000 	98.493652 	124.619423 	111.664673 	7.280110 	54.561890 	25.000000 	95.524864 	102.649887 	30.528675 	111.126053 	24.738634 	34.481880 	999.000000 	113.951744 	91.350975 	65.215027 	134.807266 	113.899078 	68.818604 	5.000000 	
74.060783 	109.859001 	24.413111 	67.475922 	24.186773 	53.263496 	114.402794 	121.827744 	84.958817 	36.400551 	29.068884 	104.350372 	44.598206 	134.525085 	69.296463 	97.672920 	135.070358 	64.350601 	41.773197 	144.779144 	97.590981 	22.803509 	45.343136 	119.970833 	66.603302 	129.630249 	117.686020 	25.455845 	11.704700 	46.400433 	138.405197 	15.620500 	17.464249 	7.615773 	110.317726 	60.000000 	132.136292 	18.439089 	11.313708 	85.000000 	2.828427 	135.281189 	81.841309 	113.951744 	999.000000 	24.698177 	51.884487 	23.537205 	1.414214 	48.754486 	110.634537 	
55.362442 	90.338257 	38.600517 	47.423622 	25.000000 	33.837849 	94.413979 	102.000000 	63.812225 	20.024984 	49.162994 	83.528435 	25.000000 	114.947815 	47.707443 	76.275818 	117.652031 	46.572525 	20.615528 	125.239769 	75.802376 	12.727922 	23.706539 	99.020203 	44.204071 	109.077957 	96.519424 	10.295630 	19.104973 	23.600847 	117.991524 	13.341664 	40.311287 	26.076809 	88.408142 	36.796738 	111.220505 	9.486833 	15.033297 	61.554855 	22.135944 	113.811249 	58.137768 	91.350975 	24.698177 	999.000000 	27.459061 	48.083260 	24.166092 	24.186773 	87.692642 	
37.215588 	68.154236 	60.133186 	28.160255 	43.000000 	20.808653 	71.470276 	79.056938 	40.521599 	24.515301 	72.835434 	59.808025 	18.357559 	92.027168 	25.179358 	52.000000 	97.324203 	31.953091 	15.524175 	102.181213 	50.990196 	32.557640 	13.416408 	74.732857 	20.396078 	85.088188 	72.013885 	28.635643 	43.965897 	9.848858 	94.021271 	37.947330 	66.098412 	51.865211 	63.134777 	12.165525 	86.764046 	34.176014 	41.231056 	34.828148 	49.193497 	88.684837 	31.144823 	65.215027 	51.884487 	27.459061 	999.000000 	74.846512 	51.478149 	3.605551 	61.220913 	
92.633690 	128.144455 	26.570660 	87.206650 	38.948685 	73.246162 	133.003754 	140.185593 	104.995239 	56.400356 	18.248287 	123.794182 	65.215027 	152.502457 	90.000000 	117.686020 	151.162170 	82.734512 	63.285069 	162.606888 	117.923706 	43.566040 	66.887962 	139.316193 	87.920418 	148.519363 	137.244308 	47.010635 	31.384710 	68.476273 	157.079605 	37.121422 	10.816654 	23.323807 	130.598618 	81.987801 	151.320847 	40.718548 	33.615471 	106.850365 	25.961510 	154.935471 	103.942291 	134.807266 	23.537205 	48.083260 	74.846512 	999.000000 	24.331051 	71.867935 	131.825638 	
74.330345 	110.113579 	25.806976 	67.623962 	25.079872 	53.413483 	114.621117 	122.065559 	85.041168 	36.619667 	30.413813 	104.484451 	44.687805 	134.792435 	69.310890 	97.744568 	135.506454 	64.660652 	41.725292 	145.055161 	97.621719 	23.021729 	45.276924 	120.104118 	66.528191 	129.807556 	117.796432 	25.495098 	12.369317 	46.227695 	138.600143 	15.811388 	18.681541 	8.944272 	110.344917 	59.816387 	132.279999 	18.384777 	11.401754 	84.811554 	3.162278 	135.369858 	81.608826 	113.899078 	1.414214 	24.166092 	51.478149 	24.331051 	999.000000 	48.301140 	110.535065 	
40.049969 	71.568146 	58.008621 	31.016125 	41.109608 	22.360680 	74.946648 	82.540901 	43.965897 	23.409399 	70.455658 	63.324562 	18.439089 	95.519630 	28.442924 	55.542778 	100.623062 	34.205261 	14.764823 	105.688217 	54.561890 	30.149628 	13.453624 	78.294319 	23.769728 	88.639717 	75.584389 	26.172504 	41.231056 	9.899495 	97.575615 	35.171009 	63.324562 	49.040798 	66.730804 	15.524175 	90.338257 	31.320919 	38.275318 	38.418747 	46.097721 	92.282173 	34.713108 	68.818604 	48.754486 	24.186773 	3.605551 	71.867935 	48.301140 	999.000000 	64.815125 	
43.416588 	27.658634 	110.941429 	45.617977 	94.154129 	58.830265 	25.612497 	29.966648 	28.460499 	75.451973 	124.823875 	18.788294 	66.610809 	39.812057 	41.880783 	18.000000 	52.801514 	52.201534 	68.883957 	48.093658 	16.124516 	88.408142 	65.299309 	21.189621 	44.045429 	30.265491 	18.384777 	85.276024 	100.603180 	64.381676 	38.000000 	95.268044 	121.757957 	108.600182 	9.899495 	50.911690 	30.000000 	92.195442 	99.357941 	26.400757 	107.814659 	29.614185 	30.232433 	5.000000 	110.634537 	87.692642 	61.220913 	131.825638 	110.535065 	64.815125 	999.000000 	

Travel time:
9.000000 	0.895126 	1.735115 	0.226385 	1.343968 	0.538516 	1.011496 	1.195042 	0.378319 	0.943398 	2.080865 	0.785016 	0.761577 	1.511622 	0.347311 	0.660019 	1.557442 	0.247487 	0.869626 	1.768120 	0.687841 	1.282819 	0.800391 	1.168867 	0.469707 	1.397542 	1.120547 	1.231107 	1.570032 	0.834416 	1.613420 	1.463087 	2.050914 	1.757306 	0.983933 	0.642748 	1.467353 	1.410895 	1.574206 	0.696419 	1.782028 	1.562050 	0.716327 	1.123610 	1.851520 	1.384061 	0.930390 	2.315842 	1.858259 	1.001249 	1.085415 	
0.895126 	9.000000 	2.601562 	1.073546 	2.229910 	1.423464 	0.134629 	0.301040 	0.691466 	1.837457 	2.942151 	0.269258 	1.646587 	0.617454 	1.083109 	0.456207 	0.750417 	1.140175 	1.744276 	0.874643 	0.515388 	2.177298 	1.666021 	0.353553 	1.195042 	0.520216 	0.350892 	2.122646 	2.465005 	1.680773 	0.725000 	2.357568 	2.936409 	2.651061 	0.445112 	1.401116 	0.604669 	2.302851 	2.468426 	0.982980 	2.676868 	0.728869 	1.079641 	0.617454 	2.746475 	2.258456 	1.703856 	3.203611 	2.752840 	1.789204 	0.691466 	
1.735115 	2.601562 	9.000000 	1.634205 	0.436606 	1.309819 	2.728095 	2.901078 	2.075151 	0.927699 	0.347311 	2.520045 	1.147007 	3.199707 	1.733854 	2.385372 	3.140064 	1.491015 	1.142639 	3.448278 	2.401042 	0.701783 	1.225765 	2.900970 	1.708801 	3.118493 	2.855039 	0.801561 	0.503115 	1.290591 	3.326410 	0.632456 	0.406971 	0.425735 	2.711319 	1.600781 	3.194526 	0.728011 	0.626498 	2.191603 	0.602080 	3.295546 	2.134537 	2.834277 	0.610328 	0.965013 	1.503330 	0.664266 	0.645174 	1.450216 	2.773536 	
0.226385 	1.073546 	1.634205 	9.000000 	1.220656 	0.355317 	1.179248 	1.367708 	0.445112 	0.778621 	1.981477 	0.921954 	0.575543 	1.690044 	0.167705 	0.761988 	1.765113 	0.206155 	0.670820 	1.947434 	0.770146 	1.117195 	0.594243 	1.312441 	0.265754 	1.555032 	1.256234 	1.055047 	1.414655 	0.618466 	1.775704 	1.296389 	1.920937 	1.608765 	1.085415 	0.419076 	1.616516 	1.235162 	1.405569 	0.625500 	1.616516 	1.697425 	0.612882 	1.200521 	1.686898 	1.185591 	0.704006 	2.180166 	1.690599 	0.775403 	1.140449 	
1.343968 	2.229910 	0.436606 	1.220656 	9.000000 	0.883883 	2.351728 	2.530934 	1.665270 	0.491172 	0.775403 	2.126029 	0.711512 	2.839234 	1.308864 	1.980057 	2.817024 	1.096586 	0.707107 	3.092329 	1.990760 	0.313249 	0.789383 	2.512469 	1.276959 	2.740096 	2.462341 	0.403887 	0.325960 	0.855862 	2.953494 	0.347311 	0.707107 	0.450694 	2.305022 	1.164313 	2.811250 	0.406971 	0.419076 	1.759616 	0.550568 	2.904522 	1.700184 	2.419969 	0.604669 	0.625000 	1.075000 	0.973717 	0.626997 	1.027740 	2.353853 	
0.538516 	1.423464 	1.309819 	0.355317 	0.883883 	9.000000 	1.532359 	1.719920 	0.795692 	0.424264 	1.655295 	1.277204 	0.223607 	2.040833 	0.425000 	1.113833 	2.095382 	0.325960 	0.333542 	2.298097 	1.117195 	0.761988 	0.275000 	1.667708 	0.406971 	1.910007 	1.611094 	0.700446 	1.060660 	0.333542 	2.130288 	0.941076 	1.575198 	1.256234 	1.434617 	0.371652 	1.971833 	0.880696 	1.050297 	0.886002 	1.261200 	2.051828 	0.838525 	1.540292 	1.331587 	0.845946 	0.520216 	1.831154 	1.335337 	0.559017 	1.470757 	
1.011496 	0.134629 	2.728095 	1.179248 	2.351728 	1.532359 	9.000000 	0.190394 	0.775403 	1.950160 	3.069711 	0.301040 	1.754459 	0.515388 	1.175266 	0.502494 	0.715891 	1.258223 	1.848141 	0.771767 	0.550000 	2.290196 	1.767767 	0.225000 	1.281601 	0.390512 	0.237171 	2.232711 	2.580819 	1.777815 	0.602080 	2.470324 	3.058697 	2.768799 	0.395285 	1.486607 	0.471699 	2.412986 	2.580698 	1.025000 	2.790161 	0.594243 	1.125278 	0.548293 	2.860070 	2.360349 	1.786757 	3.325094 	2.865528 	1.873666 	0.640312 	
1.195042 	0.301040 	2.901078 	1.367708 	2.530934 	1.719920 	0.190394 	9.000000 	0.965660 	2.136147 	3.240852 	0.485412 	1.942453 	0.325000 	1.365650 	0.686477 	0.571183 	1.440703 	2.037308 	0.581485 	0.728869 	2.476136 	1.957358 	0.230489 	1.471819 	0.237171 	0.291548 	2.419969 	2.765072 	1.968026 	0.425735 	2.656360 	3.237380 	2.951694 	0.522015 	1.676678 	0.333542 	2.600240 	2.766993 	1.202341 	2.975945 	0.477624 	1.303840 	0.638847 	3.045694 	2.550000 	1.976424 	3.504640 	3.051639 	2.063523 	0.749166 	
0.378319 	0.691466 	2.075151 	0.445112 	1.665270 	0.795692 	0.775403 	0.965660 	9.000000 	1.219887 	2.422421 	0.493077 	1.009022 	1.290591 	0.403113 	0.318198 	1.430472 	0.594243 	1.090011 	1.546165 	0.325960 	1.556037 	1.005609 	0.880696 	0.506211 	1.131923 	0.820061 	1.488707 	1.856240 	1.007782 	1.355083 	1.733854 	2.366036 	2.051828 	0.640312 	0.711512 	1.185854 	1.667708 	1.841535 	0.406971 	2.053351 	1.258223 	0.471699 	0.760345 	2.123971 	1.595306 	1.013040 	2.624881 	2.126029 	1.099147 	0.711512 	
0.943398 	1.837457 	0.927699 	0.778621 	0.491172 	0.424264 	1.950160 	2.136147 	1.219887 	9.000000 	1.264911 	1.700368 	0.223607 	2.454587 	0.840015 	1.538059 	2.485080 	0.704450 	0.226385 	2.711319 	1.540495 	0.340037 	0.301040 	2.090753 	0.794119 	2.330906 	2.034853 	0.292617 	0.636396 	0.375832 	2.550122 	0.520216 	1.158123 	0.832541 	1.858259 	0.673146 	2.394394 	0.469707 	0.630971 	1.274755 	0.840015 	2.475884 	1.211662 	1.960230 	0.910014 	0.500625 	0.612882 	1.410009 	0.915492 	0.585235 	1.886299 	
2.080865 	2.942151 	0.347311 	1.981477 	0.775403 	1.655295 	3.069711 	3.240852 	2.422421 	1.264911 	9.000000 	2.865528 	1.486607 	3.536241 	2.079814 	2.732330 	3.463470 	1.837457 	1.473516 	3.783021 	2.748295 	1.007782 	1.559046 	3.245189 	2.051981 	3.460220 	3.200098 	1.107080 	0.751665 	1.619027 	3.666487 	0.900347 	0.318198 	0.594243 	3.058288 	1.937298 	3.537390 	1.000312 	0.859142 	2.534758 	0.752080 	3.640055 	2.475505 	3.181588 	0.726722 	1.229075 	1.820886 	0.456207 	0.760345 	1.761391 	3.120597 	
0.785016 	0.269258 	2.520045 	0.921954 	2.126029 	1.277204 	0.301040 	0.485412 	0.493077 	1.700368 	2.865528 	9.000000 	1.495410 	0.807001 	0.896172 	0.201556 	1.007782 	1.030776 	1.581139 	1.059481 	0.251247 	2.039148 	1.497707 	0.390512 	0.995301 	0.638847 	0.336341 	1.975633 	2.335862 	1.500833 	0.862047 	2.218248 	2.831960 	2.528463 	0.251247 	1.198176 	0.695072 	2.155371 	2.327150 	0.725431 	2.538331 	0.778621 	0.825000 	0.431567 	2.608759 	2.088211 	1.495201 	3.094855 	2.612111 	1.583114 	0.469707 	
0.761577 	1.646587 	1.147007 	0.575543 	0.711512 	0.223607 	1.754459 	1.942453 	1.009022 	0.223607 	1.486607 	1.495410 	9.000000 	2.263846 	0.620987 	1.326885 	2.317461 	0.539676 	0.127475 	2.521161 	1.325943 	0.548293 	0.125000 	1.885802 	0.570636 	2.130288 	1.827738 	0.480234 	0.851469 	0.215058 	2.351197 	0.725000 	1.380670 	1.050297 	1.644118 	0.456207 	2.190462 	0.660019 	0.832541 	1.051190 	1.044330 	2.267157 	0.989002 	1.741407 	1.114955 	0.625000 	0.458939 	1.630376 	1.117195 	0.460977 	1.665270 	
1.511622 	0.617454 	3.199707 	1.690044 	2.839234 	2.040833 	0.515388 	0.325000 	1.290591 	2.454587 	3.536241 	0.807001 	2.263846 	9.000000 	1.690599 	1.006541 	0.416083 	1.755349 	2.360349 	0.257391 	1.044330 	2.794302 	2.281036 	0.475657 	1.796698 	0.246221 	0.550568 	2.740096 	3.080584 	2.292651 	0.201556 	2.974580 	3.544185 	3.265061 	0.800391 	2.001406 	0.301040 	2.920295 	3.085551 	1.513275 	3.293649 	0.430116 	1.615743 	0.873212 	3.363127 	2.873695 	2.300679 	3.812562 	3.369811 	2.387991 	0.995301 	
0.347311 	1.083109 	1.733854 	0.167705 	1.308864 	0.425000 	1.175266 	1.365650 	0.403113 	0.840015 	2.079814 	0.896172 	0.620987 	1.690599 	9.000000 	0.715017 	1.804508 	0.371652 	0.691466 	1.946953 	0.707990 	1.168867 	0.605186 	1.282819 	0.127475 	1.535008 	1.220656 	1.096016 	1.472455 	0.604669 	1.758195 	1.343968 	1.997029 	1.671077 	1.025914 	0.325960 	1.587844 	1.273283 	1.449569 	0.477624 	1.661701 	1.655483 	0.452769 	1.120547 	1.732412 	1.192686 	0.629484 	2.250000 	1.732772 	0.711073 	1.047020 	
0.660019 	0.456207 	2.385372 	0.761988 	1.980057 	1.113833 	0.502494 	0.686477 	0.318198 	1.538059 	2.732330 	0.201556 	1.326885 	1.006541 	0.715017 	9.000000 	1.204159 	0.896172 	1.405569 	1.257229 	0.070711 	1.874166 	1.320038 	0.570636 	0.806226 	0.827647 	0.506211 	1.806239 	2.174425 	1.317431 	1.051190 	2.051828 	2.682466 	2.369863 	0.325960 	1.006231 	0.874643 	1.984943 	2.159282 	0.527376 	2.371181 	0.941076 	0.625500 	0.467039 	2.441823 	1.906895 	1.300000 	2.942151 	2.443614 	1.388569 	0.450000 	
1.557442 	0.750417 	3.140064 	1.765113 	2.817024 	2.095382 	0.715891 	0.571183 	1.430472 	2.485080 	3.463470 	1.007782 	2.317461 	0.416083 	1.804508 	1.204159 	9.000000 	1.782730 	2.427061 	0.475000 	1.258968 	2.818244 	2.356374 	0.794119 	1.923538 	0.636396 	0.860959 	2.777139 	3.086766 	2.383406 	0.604152 	2.996665 	3.508650 	3.259026 	1.091444 	2.128967 	0.710634 	2.954657 	3.108456 	1.731509 	3.309456 	0.845946 	1.829276 	1.207528 	3.376759 	2.941301 	2.433105 	3.779054 	3.387661 	2.515577 	1.320038 	
0.247487 	1.140175 	1.491015 	0.206155 	1.096586 	0.325960 	1.258223 	1.440703 	0.594243 	0.704450 	1.837457 	1.030776 	0.539676 	1.755349 	0.371652 	0.896172 	1.782730 	9.000000 	0.657647 	2.011219 	0.916856 	1.041933 	0.600521 	1.415980 	0.450694 	1.644878 	1.366794 	0.995301 	1.325236 	0.651920 	1.860276 	1.221935 	1.803469 	1.511001 	1.221935 	0.555090 	1.714825 	1.173936 	1.333464 	0.828402 	1.539683 	1.808660 	0.818917 	1.353237 	1.608765 	1.164313 	0.798827 	2.068363 	1.616516 	0.855132 	1.305038 	
0.869626 	1.744276 	1.142639 	0.670820 	0.707107 	0.333542 	1.848141 	2.037308 	1.090011 	0.226385 	1.473516 	1.581139 	0.127475 	2.360349 	0.691466 	1.405569 	2.427061 	0.657647 	9.000000 	2.617728 	1.399330 	0.493077 	0.090139 	1.970406 	0.620987 	2.218812 	1.910007 	0.410031 	0.797653 	0.150000 	2.440927 	0.660019 	1.341641 	0.999062 	1.717010 	0.469707 	2.275549 	0.583631 	0.761988 	1.089151 	0.973717 	2.346540 	1.017657 	1.804508 	1.044330 	0.515388 	0.388104 	1.582127 	1.043132 	0.369121 	1.722099 	
1.768120 	0.874643 	3.448278 	1.947434 	3.092329 	2.298097 	0.771767 	0.581485 	1.546165 	2.711319 	3.783021 	1.059481 	2.521161 	0.257391 	1.946953 	1.257229 	0.475000 	2.011219 	2.617728 	9.000000 	1.291559 	3.050922 	2.538331 	0.707107 	2.051981 	0.450694 	0.781425 	2.997186 	3.336353 	2.549510 	0.261008 	3.231195 	3.796380 	3.520032 	1.029866 	2.256241 	0.456207 	3.177361 	3.342248 	1.755349 	3.550088 	0.525595 	1.858259 	1.077613 	3.619479 	3.130994 	2.554530 	4.065172 	3.626379 	2.642205 	1.202341 	
0.687841 	0.515388 	2.401042 	0.770146 	1.990760 	1.117195 	0.550000 	0.728869 	0.325960 	1.540495 	2.748295 	0.251247 	1.325943 	1.044330 	0.707990 	0.070711 	1.258968 	0.916856 	1.399330 	1.291559 	9.000000 	1.874166 	1.312441 	0.594243 	0.790569 	0.854400 	0.525595 	1.803469 	2.176149 	1.305038 	1.077033 	2.050610 	2.690376 	2.373025 	0.318198 	0.986154 	0.894427 	1.981161 	2.156965 	0.475000 	2.369071 	0.950329 	0.575543 	0.436606 	2.439775 	1.895059 	1.274755 	2.948093 	2.440543 	1.364047 	0.403113 	
