Total assets = 617
Number of asset nodes = 34

Distance:
999.000000 	57.584721 	114.280357 	126.826653 	50.009998 	97.493591 	9.000000 	80.411446 	137.003647 	44.181442 	124.020157 	16.278820 	126.051575 	81.043198 	13.453624 	3.162278 	59.033890 	24.698177 	92.962357 	29.410883 	77.369247 	140.911316 	69.050705 	60.299255 	41.436699 	136.213074 	96.462425 	131.228806 	45.122055 	82.036575 	49.030602 	50.009998 	98.493652 	78.517517 	86.313385 	54.744862 	60.530983 	116.090485 	119.854080 	72.443085 	100.975243 	77.414467 	108.853111 	99.322708 	100.319489 	81.498466 	117.686020 	116.726173 	86.579445 	99.247169 	106.075447 	103.310211 	109.041275 	113.282829 	
57.584721 	999.000000 	59.396969 	72.917763 	11.180340 	40.804413 	61.294373 	22.847319 	83.630135 	18.867962 	68.680420 	52.201534 	70.292244 	24.083189 	64.938431 	57.567352 	6.082763 	32.893768 	38.288380 	28.231188 	21.023796 	86.278618 	16.124516 	15.231546 	29.068884 	80.808418 	38.897301 	75.000000 	31.622776 	27.892651 	30.594116 	30.413813 	41.436699 	26.400757 	31.400637 	29.000000 	28.635643 	58.694122 	62.361847 	33.286633 	46.389652 	36.235340 	53.000000 	46.572525 	47.539455 	39.623226 	61.204575 	61.000000 	43.863426 	52.478565 	57.271286 	56.435802 	59.615433 	65.306969 	
114.280357 	59.396969 	999.000000 	13.892444 	70.092796 	20.124611 	119.402679 	39.115215 	24.698177 	77.897369 	9.848858 	111.287918 	12.369317 	43.863426 	118.511604 	113.534134 	56.080299 	90.210861 	21.400934 	86.214851 	47.853943 	26.907248 	57.306194 	66.573265 	87.458565 	21.954498 	30.413813 	18.248287 	88.814415 	51.244511 	86.533234 	85.982559 	36.013885 	55.973209 	48.270073 	82.492424 	78.714676 	31.764761 	30.805843 	74.000000 	48.166378 	72.532753 	43.416588 	54.083271 	54.147945 	72.567207 	41.593269 	46.097721 	72.691124 	69.065186 	66.753281 	70.349129 	66.287254 	72.034714 	
126.826653 	72.917763 	13.892444 	999.000000 	83.737686 	34.000000 	132.279999 	53.000000 	10.816654 	91.547798 	8.246211 	124.523087 	10.295630 	57.697487 	130.361038 	125.924583 	69.310890 	103.077644 	34.655445 	99.247169 	61.717098 	14.317822 	71.196907 	80.454956 	101.212646 	12.041595 	43.680660 	14.212670 	102.649887 	64.845970 	100.404182 	99.859901 	48.662102 	69.641945 	61.684681 	96.384644 	92.590500 	40.792156 	38.600517 	87.664131 	60.074955 	86.023254 	54.147945 	66.121101 	66.068146 	85.866173 	50.447994 	55.317268 	85.702972 	81.098709 	78.057671 	82.000000 	77.233414 	82.607506 	
50.009998 	11.180340 	70.092796 	83.737686 	999.000000 	50.990196 	52.554733 	32.202484 	94.493385 	7.810250 	79.195961 	42.544094 	80.659782 	31.384710 	59.008472 	50.487621 	16.492422 	26.019224 	49.203659 	21.023796 	27.513634 	96.896851 	19.104973 	11.704700 	17.888544 	91.241440 	47.413078 	85.146935 	20.615528 	32.140316 	20.024984 	20.000000 	48.703182 	29.017237 	36.345562 	19.646883 	21.095022 	66.483078 	70.384659 	29.206163 	51.156624 	33.286633 	58.855755 	50.039986 	51.039200 	37.215588 	67.683083 	66.753281 	42.059483 	52.810986 	58.694122 	56.920998 	61.392181 	66.483078 	
97.493591 	40.804413 	20.124611 	34.000000 	50.990196 	999.000000 	101.872467 	19.209373 	44.777225 	58.728188 	28.425341 	93.005379 	29.698484 	23.769728 	103.121284 	97.082436 	38.470768 	72.945183 	9.433981 	68.600288 	27.730848 	46.227695 	37.215588 	46.615448 	67.941154 	40.311287 	12.649111 	34.205261 	69.028976 	31.575306 	66.610809 	66.030296 	19.697716 	36.138622 	29.068884 	62.433964 	58.591808 	26.000000 	27.892651 	54.120235 	32.695564 	52.952808 	31.240999 	37.947330 	38.275318 	53.338543 	33.837849 	36.878178 	54.009258 	52.392746 	51.623638 	54.405884 	51.894123 	58.137768 	
9.000000 	61.294373 	119.402679 	132.279999 	52.554733 	101.872467 	999.000000 	84.077347 	142.635895 	45.880280 	129.034882 	12.165525 	130.919830 	83.934502 	20.591261 	12.041595 	63.513779 	29.206163 	98.005104 	33.286633 	80.056229 	146.208755 	71.168816 	61.846584 	41.109608 	141.240936 	99.809822 	135.911743 	44.011364 	83.934502 	48.010414 	49.010204 	101.242287 	80.049988 	88.323273 	54.000000 	60.008331 	119.037811 	122.930878 	72.006943 	102.610916 	77.006493 	110.860275 	100.448990 	101.434708 	81.000000 	119.920807 	118.600166 	86.005814 	99.020203 	106.117859 	103.004852 	109.165016 	113.004425 	
80.411446 	22.847319 	39.115215 	53.000000 	32.202484 	19.209373 	84.077347 	999.000000 	63.812225 	39.824615 	47.634022 	74.625732 	48.836460 	7.615773 	87.321243 	80.324341 	22.203604 	55.713554 	20.396078 	51.078373 	10.000000 	65.436989 	18.384777 	27.459061 	48.795490 	59.464275 	16.278820 	53.075417 	49.819675 	17.088007 	47.434166 	46.872166 	20.223749 	20.223749 	17.204651 	43.416588 	39.924931 	36.345562 	39.812057 	37.121422 	29.154760 	37.054016 	33.241539 	31.890438 	32.649654 	38.470768 	40.199501 	41.000000 	40.521599 	43.266617 	45.276924 	46.400433 	46.690472 	53.037724 	
137.003647 	83.630135 	24.698177 	10.816654 	94.493385 	44.777225 	142.635895 	63.812225 	999.000000 	102.303467 	17.464249 	135.074051 	18.027756 	68.425140 	140.132080 	136.014709 	79.906197 	113.454834 	45.343136 	109.713264 	72.470680 	7.615773 	81.987801 	91.268837 	112.004463 	11.661903 	54.083271 	18.681541 	113.463654 	75.392311 	111.220505 	110.675201 	58.694122 	80.230919 	72.111023 	107.186752 	103.353760 	49.040798 	46.270943 	98.234413 	69.584480 	96.462425 	63.031738 	75.663727 	75.538071 	96.166519 	58.309521 	63.285069 	95.801880 	90.553848 	87.051712 	91.197586 	86.000000 	91.087868 	
44.181442 	18.867962 	77.897369 	91.547798 	7.810250 	58.728188 	45.880280 	39.824615 	102.303467 	999.000000 	86.977005 	35.341194 	88.413803 	38.470768 	54.230988 	45.011108 	23.769728 	21.587032 	57.008770 	16.763054 	34.438351 	104.690018 	25.298222 	16.124516 	10.440307 	99.005051 	54.708317 	92.849342 	14.000000 	38.078865 	14.560220 	14.866069 	55.542778 	34.365681 	42.449970 	16.401220 	20.000000 	73.409805 	77.388626 	30.463093 	56.885849 	35.114101 	65.000000 	55.145264 	56.142673 	39.217342 	74.040527 	72.780495 	44.271889 	56.089214 	62.514000 	60.207973 	65.375839 	70.035706 	
124.020157 	68.680420 	9.848858 	8.246211 	79.195961 	28.425341 	129.034882 	47.634022 	17.464249 	86.977005 	999.000000 	120.739388 	3.162278 	51.623638 	128.351074 	123.308556 	65.604881 	99.864906 	31.064449 	95.801880 	55.758408 	17.804493 	65.459915 	75.000000 	96.332756 	12.206555 	36.769554 	9.055386 	97.452553 	58.180752 	95.000000 	94.403389 	41.231056 	63.071388 	54.781384 	90.697296 	86.608315 	32.557640 	30.364452 	81.024689 	52.239830 	79.120163 	46.043457 	58.309521 	58.215118 	78.746429 	42.201897 	47.074409 	78.339005 	73.246162 	70.007141 	74.027023 	69.115845 	74.431175 	
16.278820 	52.201534 	111.287918 	124.523087 	42.544094 	93.005379 	12.165525 	74.625732 	135.074051 	35.341194 	120.739388 	999.000000 	122.441826 	73.790245 	29.732138 	19.104973 	55.226807 	22.825424 	89.938866 	25.612497 	69.778221 	138.191895 	60.539242 	50.921509 	29.427877 	132.909744 	89.944427 	127.200630 	32.015621 	73.054771 	36.013885 	37.013512 	90.873535 	68.963760 	77.491936 	42.047592 	48.093658 	108.747414 	112.729767 	60.074955 	91.482239 	65.069191 	99.929977 	89.050545 	90.027771 	69.028976 	109.110039 	107.563934 	74.006760 	87.091904 	94.260277 	91.049438 	97.329338 	101.044548 	
126.051575 	70.292244 	12.369317 	10.295630 	80.659782 	29.698484 	130.919830 	48.836460 	18.027756 	88.413803 	3.162278 	122.441826 	999.000000 	52.430908 	130.613937 	125.399361 	67.424034 	101.788994 	33.120991 	97.652443 	56.612720 	17.000000 	66.400299 	76.059189 	97.621719 	10.630146 	37.121422 	6.000000 	98.595131 	58.591808 	96.046867 	95.425362 	41.109608 	63.529522 	55.036350 	91.607857 	87.367043 	31.144823 	28.635643 	81.394104 	51.623638 	79.309517 	45.011108 	57.706154 	57.558666 	78.771820 	40.607880 	45.541191 	78.160095 	72.560318 	69.028976 	73.171036 	68.007355 	73.171036 	
81.043198 	24.083189 	43.863426 	57.697487 	31.384710 	23.769728 	83.934502 	7.615773 	68.425140 	38.470768 	51.623638 	73.790245 	52.430908 	999.000000 	88.955048 	81.252693 	25.317978 	56.515484 	27.018513 	51.662365 	4.242640 	69.339745 	14.142136 	24.083189 	46.400433 	63.007935 	16.401220 	56.080299 	46.690472 	9.486833 	43.863426 	43.185646 	17.464249 	13.000000 	9.899495 	39.204590 	34.985710 	35.114101 	39.000000 	30.594116 	23.409399 	30.016663 	29.068884 	25.238859 	26.076809 	31.144823 	37.121422 	37.054016 	32.984844 	35.805027 	38.209946 	39.051247 	39.824615 	46.097721 	
13.453624 	64.938431 	118.511604 	130.361038 	59.008472 	103.121284 	20.591261 	87.321243 	140.132080 	54.230988 	128.351074 	29.732138 	130.613937 	88.955048 	999.000000 	10.816654 	65.253349 	33.000000 	97.575615 	38.000000 	85.586212 	144.627106 	78.057671 	70.064255 	53.160137 	140.431473 	103.585716 	136.058807 	57.245087 	91.087868 	61.032780 	61.983868 	106.367287 	88.000000 	95.189285 	66.483078 	72.034714 	123.555656 	127.121986 	83.743660 	110.113579 	88.645363 	117.515953 	109.004585 	110.004547 	92.763138 	126.019836 	125.483070 	97.862144 	110.168053 	116.726173 	114.271606 	119.603508 	124.169243 	
3.162278 	57.567352 	113.534134 	125.924583 	50.487621 	97.082436 	12.041595 	80.324341 	136.014709 	45.011108 	123.308556 	19.104973 	125.399361 	81.252693 	10.816654 	999.000000 	58.694122 	24.738634 	92.282173 	29.614185 	77.665955 	140.064270 	69.584480 	61.073727 	42.953465 	135.484314 	96.462425 	130.648376 	46.840153 	82.607506 	50.695168 	51.662365 	98.716766 	79.227524 	86.833176 	56.293873 	61.983868 	116.211014 	119.920807 	73.824112 	101.597244 	78.771820 	109.329773 	100.124924 	101.123688 	82.873398 	118.067780 	117.239075 	87.965904 	100.498756 	107.228729 	104.580116 	110.163513 	114.529472 	
59.033890 	6.082763 	56.080299 	69.310890 	16.492422 	38.470768 	63.513779 	22.203604 	79.906197 	23.769728 	65.604881 	55.226807 	67.424034 	25.317978 	65.253349 	58.694122 	999.000000 	34.481880 	34.713108 	30.232433 	23.086792 	82.975899 	20.518284 	21.189621 	34.176014 	77.801025 	38.470768 	72.401657 	37.107952 	30.870699 	36.345562 	36.221542 	42.000000 	30.232433 	33.837849 	35.014282 	34.713108 	58.549126 	61.983868 	38.948685 	48.507732 	41.617306 	54.332310 	49.396355 	50.328918 	44.821869 	62.008064 	62.289646 	48.836460 	56.612720 	60.901562 	60.464867 	63.063461 	68.963760 	
24.698177 	32.893768 	90.210861 	103.077644 	26.019224 	72.945183 	29.206163 	55.713554 	113.454834 	21.587032 	99.864906 	22.825424 	101.788994 	56.515484 	33.000000 	24.738634 	34.481880 	999.000000 	68.818604 	5.000000 	52.952808 	117.004272 	45.099888 	37.121422 	23.430750 	112.071404 	71.784401 	106.850365 	28.319605 	58.137768 	31.400637 	32.202484 	73.979729 	55.000000 	62.289646 	35.846897 	40.718548 	91.482239 	95.210297 	51.865211 	77.162170 	56.612720 	84.717178 	76.006577 	77.006493 	60.728905 	93.380943 	92.655273 	65.802734 	77.665955 	84.011902 	81.786308 	86.833176 	91.591484 	
92.962357 	38.288380 	21.400934 	34.655445 	49.203659 	9.433981 	98.005104 	20.396078 	45.343136 	57.008770 	31.064449 	89.938866 	33.120991 	27.018513 	97.575615 	92.282173 	34.713108 	68.818604 	999.000000 	64.815125 	30.265491 	48.270073 	38.600517 	47.010635 	66.850578 	43.266617 	20.808653 	38.483765 	68.600288 	36.055511 	66.648331 	66.189125 	28.017851 	40.012497 	34.525352 	63.158531 	60.083275 	35.341194 	37.000000 	57.428215 	40.816662 	57.035076 	40.311287 	45.617977 	46.065170 	58.034473 	43.266617 	46.227695 	59.413803 	59.464275 	59.481091 	61.846584 	60.033325 	66.370171 	
29.410883 	28.231188 	86.214851 	99.247169 	21.023796 	68.600288 	33.286633 	51.078373 	109.713264 	16.763054 	95.801880 	25.612497 	97.652443 	51.662365 	38.000000 	29.614185 	30.232433 	5.000000 	64.815125 	999.000000 	48.052055 	113.070778 	40.112343 	32.140316 	19.849434 	108.004631 	67.067131 	102.625534 	24.839485 	53.150730 	27.586229 	28.319605 	69.123077 	50.000000 	57.314919 	31.622776 	36.235340 	86.683334 	90.443352 	47.169907 	72.173401 	51.865211 	79.762146 	71.007042 	72.006943 	55.973209 	88.459030 	87.692642 	61.032780 	72.780495 	79.075912 	76.902534 	81.884064 	86.683334 	
77.369247 	21.023796 	47.853943 	61.717098 	27.513634 	27.730848 	80.056229 	10.000000 	72.470680 	34.438351 	55.758408 	69.778221 	56.612720 	4.242640 	85.586212 	77.665955 	23.086792 	52.952808 	30.265491 	48.052055 	999.000000 	73.498299 	9.899495 	19.849434 	42.201897 	67.201187 	20.615528 	60.307545 	42.449970 	8.485281 	39.623226 	38.948685 	21.189621 	10.440307 	10.770329 	35.000000 	30.886890 	39.000000 	42.953465 	27.166155 	25.495098 	27.073973 	32.015621 	26.400757 	27.313000 	28.635643 	40.447498 	40.012497 	31.016125 	35.383614 	38.600517 	38.897301 	40.496914 	46.615448 	
140.911316 	86.278618 	26.907248 	14.317822 	96.896851 	46.227695 	146.208755 	65.436989 	7.615773 	104.690018 	17.804493 	138.191895 	17.000000 	69.339745 	144.627106 	140.064270 	82.975899 	117.004272 	48.270073 	113.070778 	73.498299 	999.000000 	83.234612 	92.800865 	114.109596 	7.071068 	54.120235 	15.132746 	115.256233 	75.591003 	112.800713 	112.200714 	57.939625 	80.529495 	72.013885 	108.466583 	104.307236 	46.270943 	43.046486 	98.386993 	67.911705 	96.254868 	60.671246 	73.979729 	73.756355 	95.634720 	55.009090 	60.008331 	94.868332 	88.645363 	84.593147 	88.955048 	83.294655 	88.051125 	
69.050705 	16.124516 	57.306194 	71.196907 	19.104973 	37.215588 	71.168816 	18.384777 	81.987801 	25.298222 	65.459915 	60.539242 	66.400299 	14.142136 	78.057671 	69.584480 	20.518284 	45.099888 	38.600517 	40.112343 	9.899495 	83.234612 	999.000000 	10.000000 	32.449963 	77.006493 	30.479502 	70.178345 	32.557640 	13.038404 	29.732138 	29.068884 	30.413813 	10.440307 	17.262676 	25.238859 	21.540659 	48.301140 	52.354561 	20.396078 	32.062439 	21.931713 	39.812057 	31.257000 	32.249031 	24.698177 	48.764740 	47.675991 	28.425341 	36.359318 	41.231056 	40.311287 	43.657761 	49.244289 	
60.299255 	15.231546 	66.573265 	80.454956 	11.704700 	46.615448 	61.846584 	27.459061 	91.268837 	16.124516 	75.000000 	50.921509 	76.059189 	24.083189 	70.064255 	61.073727 	21.189621 	37.121422 	47.010635 	32.140316 	19.849434 	92.800865 	10.000000 	999.000000 	22.472204 	86.683334 	40.459858 	79.981247 	22.627417 	22.135944 	20.000000 	19.416489 	40.311287 	18.248287 	26.570660 	16.155495 	14.000000 	58.180752 	62.265560 	18.439089 	40.792156 	22.022715 	49.040798 	39.051247 	40.049969 	25.806976 	58.189346 	56.753853 	30.528675 	41.109608 	47.074409 	45.221676 	49.819675 	54.817879 	
41.436699 	29.068884 	87.458565 	101.212646 	17.888544 	67.941154 	41.109608 	48.795490 	112.004463 	10.440307 	96.332756 	29.427877 	97.621719 	46.400433 	53.160137 	42.953465 	34.176014 	23.430750 	66.850578 	19.849434 	42.201897 	114.109596 	32.449963 	22.472204 	999.000000 	108.245094 	62.801273 	101.833199 	5.000000 	44.283180 	8.062258 	8.944272 	62.769421 	39.924931 	48.754486 	13.341664 	19.104973 	80.622574 	84.723076 	31.064449 	62.297672 	36.055511 	70.936592 	59.665737 	60.638271 	40.112343 	80.230919 	78.434685 	45.177429 	58.008621 	65.030762 	62.032249 	68.066147 	72.027771 	
136.213074 	80.808418 	21.954498 	12.041595 	91.241440 	40.311287 	141.240936 	59.464275 	11.661903 	99.005051 	12.206555 	132.909744 	10.630146 	63.007935 	140.431473 	135.484314 	77.801025 	112.071404 	43.266617 	108.004631 	67.201187 	7.071068 	77.006493 	86.683334 	108.245094 	999.000000 	47.507893 	8.062258 	109.224541 	68.963760 	106.667709 	106.042442 	51.078373 	73.925636 	65.299309 	102.200783 	97.908119 	39.204590 	36.013885 	91.706055 	60.876926 	89.470665 	53.600372 	66.940269 	66.708321 	88.769363 	48.000000 	53.000000 	87.920418 	81.584312 	77.524193 	81.884064 	76.236473 	81.024689 	
96.462425 	38.897301 	30.413813 	43.680660 	47.413078 	12.649111 	99.809822 	16.278820 	54.083271 	54.708317 	36.769554 	89.944427 	37.121422 	16.401220 	103.585716 	96.462425 	38.470768 	71.784401 	20.808653 	67.067131 	20.615528 	54.120235 	30.479502 	40.459858 	62.801273 	47.507893 	999.000000 	40.224369 	63.031738 	21.470911 	60.108234 	59.396969 	7.211102 	26.419689 	18.027756 	55.226807 	50.606323 	20.099751 	23.537205 	44.283180 	20.124611 	42.379242 	20.000000 	25.298222 	25.632011 	42.201897 	25.000000 	26.832815 	42.296574 	39.812057 	39.000000 	41.761227 	39.357338 	45.650848 	
131.228806 	75.000000 	18.248287 	14.212670 	85.146935 	34.205261 	135.911743 	53.075417 	18.681541 	92.849342 	9.055386 	127.200630 	6.000000 	56.080299 	136.058807 	130.648376 	72.401657 	106.850365 	38.483765 	102.625534 	60.307545 	15.132746 	70.178345 	79.981247 	101.833199 	8.062258 	40.224369 	999.000000 	102.591423 	61.587337 	99.904953 	99.247169 	43.382023 	66.573265 	57.801384 	95.268044 	90.801979 	31.144823 	28.000000 	84.219948 	52.886673 	81.841309 	45.541191 	58.940647 	58.694122 	81.024689 	40.012497 	45.011108 	80.056229 	73.545906 	69.462219 	73.824112 	68.183578 	73.006851 	
45.122055 	31.622776 	88.814415 	102.649887 	20.615528 	69.028976 	44.011364 	49.819675 	113.463654 	14.000000 	97.452553 	32.015621 	98.595131 	46.690472 	57.245087 	46.840153 	37.107952 	28.319605 	68.600288 	24.839485 	42.449970 	115.256233 	32.557640 	22.627417 	5.000000 	109.224541 	63.031738 	102.591423 	999.000000 	43.566040 	4.000000 	5.000000 	62.425957 	38.948685 	48.020828 	10.049875 	16.124516 	80.156097 	84.314888 	28.071337 	60.926186 	33.060551 	69.778221 	57.870544 	58.821766 	37.013512 	79.158073 	77.077881 	42.000000 	55.081757 	62.289646 	59.033890 	65.375839 	69.028976 	
82.036575 	27.892651 	51.244511 	64.845970 	32.140316 	31.575306 	83.934502 	17.088007 	75.392311 	38.078865 	58.180752 	73.054771 	58.591808 	9.486833 	91.087868 	82.607506 	30.870699 	58.137768 	36.055511 	53.150730 	8.485281 	75.591003 	13.038404 	22.135944 	44.283180 	68.963760 	21.470911 	61.587337 	43.566040 	999.000000 	40.224369 	39.408119 	19.104973 	5.000000 	4.472136 	34.828148 	29.698484 	36.619667 	40.804413 	22.847319 	19.026299 	21.377558 	26.925823 	18.681541 	19.646883 	22.000000 	36.055511 	34.713108 	23.537205 	26.907248 	30.232433 	30.413813 	32.249031 	38.275318 	
49.030602 	30.594116 	86.533234 	100.404182 	20.024984 	66.610809 	48.010414 	47.434166 	111.220505 	14.560220 	95.000000 	36.013885 	96.046867 	43.863426 	61.032780 	50.695168 	36.345562 	31.400637 	66.648331 	27.586229 	39.623226 	112.800713 	29.732138 	20.000000 	8.062258 	106.667709 	60.108234 	99.904953 	4.000000 	40.224369 	999.000000 	1.000000 	59.203041 	35.510563 	44.654228 	6.082763 	12.165525 	76.843994 	81.024689 	24.083189 	57.271286 	29.068884 	66.189125 	54.083271 	55.027267 	33.015148 	75.591003 	73.409805 	38.000000 	51.088158 	58.309521 	55.036350 	61.400326 	65.030762 	
50.009998 	30.413813 	85.982559 	99.859901 	20.000000 	66.030296 	49.010204 	46.872166 	110.675201 	14.866069 	94.403389 	37.013512 	95.425362 	43.185646 	61.983868 	51.662365 	36.221542 	32.202484 	66.189125 	28.319605 	38.948685 	112.200714 	29.068884 	19.416489 	8.944272 	106.042442 	59.396969 	99.247169 	5.000000 	39.408119 	1.000000 	999.000000 	58.412327 	34.669872 	43.829212 	5.099020 	11.180340 	76.026314 	80.212219 	23.086792 	56.364883 	28.071337 	65.299309 	53.141319 	54.083271 	32.015621 	74.706093 	72.498276 	37.000000 	50.089920 	57.314919 	54.037025 	60.406952 	64.031242 	
98.493652 	41.436699 	36.013885 	48.662102 	48.703182 	19.697716 	101.242287 	20.223749 	58.694122 	55.542778 	41.231056 	90.873535 	41.109608 	17.464249 	106.367287 	98.716766 	42.000000 	73.979729 	28.017851 	69.123077 	21.189621 	57.939625 	30.413813 	40.311287 	62.769421 	51.078373 	7.211102 	43.382023 	62.425957 	19.104973 	59.203041 	58.412327 	999.000000 	24.041630 	14.866069 	53.907330 	48.795490 	17.888544 	21.954498 	41.048752 	13.000000 	38.470768 	13.416408 	18.439089 	18.681541 	37.696156 	20.024984 	20.880613 	37.107952 	33.241539 	31.953091 	34.928497 	32.202484 	38.470768 	
78.517517 	26.400757 	55.973209 	69.641945 	29.017237 	36.138622 	80.049988 	20.223749 	80.230919 	34.365681 	63.071388 	68.963760 	63.529522 	13.000000 	88.000000 	79.227524 	30.232433 	55.000000 	40.012497 	50.000000 	10.440307 	80.529495 	10.440307 	18.248287 	39.924931 	73.925636 	26.419689 	66.573265 	38.948685 	5.000000 	35.510563 	34.669872 	24.041630 	999.000000 	9.219544 	30.000000 	24.758837 	41.400482 	45.607018 	18.027756 	22.561028 	17.029387 	31.016125 	21.023796 	22.022715 	18.248287 	40.311287 	38.600517 	20.615528 	26.400757 	30.870699 	30.232433 	33.241539 	38.910152 	
86.313385 	31.400637 	48.270073 	61.684681 	36.345562 	29.068884 	88.323273 	17.204651 	72.111023 	42.449970 	54.781384 	77.491936 	55.036350 	9.899495 	95.189285 	86.833176 	33.837849 	62.289646 	34.525352 	57.314919 	10.770329 	72.013885 	17.262676 	26.570660 	48.754486 	65.299309 	18.027756 	57.801384 	48.020828 	4.472136 	44.654228 	43.829212 	14.866069 	9.219544 	999.000000 	39.204590 	33.970577 	32.202484 	36.400551 	26.419689 	15.033297 	24.351591 	22.561028 	15.652476 	16.552946 	24.331051 	31.622776 	30.413813 	25.019993 	26.076809 	28.319605 	29.206163 	30.000000 	36.235340 	
54.744862 	29.000000 	82.492424 	96.384644 	19.646883 	62.433964 	54.000000 	43.416588 	107.186752 	16.401220 	90.697296 	42.047592 	91.607857 	39.204590 	66.483078 	56.293873 	35.014282 	35.846897 	63.158531 	31.622776 	35.000000 	108.466583 	25.238859 	16.155495 	13.341664 	102.200783 	55.226807 	95.268044 	10.049875 	34.828148 	6.082763 	5.099020 	53.907330 	30.000000 	39.204590 	999.000000 	6.082763 	71.400284 	75.604233 	18.027756 	51.429562 	23.021729 	60.415230 	48.104053 	49.040798 	27.000000 	69.835518 	67.542580 	32.015621 	45.044422 	52.239830 	49.010204 	55.326305 	59.008472 	
60.530983 	28.635643 	78.714676 	92.590500 	21.095022 	58.591808 	60.008331 	39.924931 	103.353760 	20.000000 	86.608315 	48.093658 	87.367043 	34.985710 	72.034714 	61.983868 	34.713108 	40.718548 	60.083275 	36.235340 	30.886890 	104.307236 	21.540659 	14.000000 	19.104973 	97.908119 	50.606323 	90.801979 	16.124516 	29.698484 	12.165525 	11.180340 	48.795490 	24.758837 	33.970577 	6.082763 	999.000000 	66.068146 	70.292244 	12.000000 	45.650848 	17.000000 	54.708317 	42.154476 	43.081318 	21.023796 	64.140472 	61.717098 	26.076809 	39.012817 	46.173584 	43.000000 	49.254440 	53.000000 	
116.090485 	58.694122 	31.764761 	40.792156 	66.483078 	26.000000 	119.037811 	36.345562 	49.040798 	73.409805 	32.557640 	108.747414 	31.144823 	35.114101 	123.555656 	116.211014 	58.549126 	91.482239 	35.341194 	86.683334 	39.000000 	46.270943 	48.301140 	58.180752 	80.622574 	39.204590 	20.099751 	31.144823 	80.156097 	36.619667 	76.843994 	76.026314 	17.888544 	41.400482 	32.202484 	71.400284 	66.068146 	999.000000 	4.242640 	57.314919 	22.825424 	54.037025 	14.560220 	28.635643 	28.231188 	52.430908 	9.848858 	14.560220 	50.606323 	42.720020 	38.327538 	42.755116 	37.054016 	42.047592 	
119.854080 	62.361847 	30.805843 	38.600517 	70.384659 	27.892651 	122.930878 	39.812057 	46.270943 	77.388626 	30.364452 	112.729767 	28.635643 	39.000000 	127.121986 	119.920807 	61.983868 	95.210297 	37.000000 	90.443352 	42.953465 	43.046486 	52.354561 	62.265560 	84.723076 	36.013885 	23.537205 	28.000000 	84.314888 	40.804413 	81.024689 	80.212219 	21.954498 	45.607018 	36.400551 	75.604233 	70.292244 	4.242640 	999.000000 	61.554855 	26.925823 	58.258045 	18.384777 	32.649654 	32.202484 	56.612720 	12.041595 	17.029387 	54.708317 	46.486557 	41.773197 	46.324940 	40.311287 	45.011108 	
72.443085 	33.286633 	74.000000 	87.664131 	29.206163 	54.120235 	72.006943 	37.121422 	98.234413 	30.463093 	81.024689 	60.074955 	81.394104 	30.594116 	83.743660 	73.824112 	38.948685 	51.865211 	57.428215 	47.169907 	27.166155 	98.386993 	20.396078 	18.439089 	31.064449 	91.706055 	44.283180 	84.219948 	28.071337 	22.847319 	24.083189 	23.086792 	41.048752 	18.027756 	26.419689 	18.027756 	12.000000 	57.314919 	61.554855 	999.000000 	35.608986 	5.000000 	44.821869 	31.384710 	32.249031 	9.055386 	54.203320 	51.312767 	14.142136 	27.018513 	34.234486 	31.000000 	37.336308 	41.000000 	
100.975243 	46.389652 	48.166378 	60.074955 	51.156624 	32.695564 	102.610916 	29.154760 	69.584480 	56.885849 	52.239830 	91.482239 	51.623638 	23.409399 	110.113579 	101.597244 	48.507732 	77.162170 	40.816662 	72.173401 	25.495098 	67.911705 	32.062439 	40.792156 	62.297672 	60.876926 	20.124611 	52.886673 	60.926186 	19.026299 	57.271286 	56.364883 	13.000000 	22.561028 	15.033297 	51.429562 	45.650848 	22.825424 	26.925823 	35.608986 	999.000000 	31.827662 	9.219544 	6.082763 	6.000000 	29.832869 	18.601076 	16.155495 	27.784887 	21.023796 	18.973665 	22.203604 	19.235384 	25.553865 	
77.414467 	36.235340 	72.532753 	86.023254 	33.286633 	52.952808 	77.006493 	37.054016 	96.462425 	35.114101 	79.120163 	65.069191 	79.309517 	30.016663 	88.645363 	78.771820 	41.617306 	56.612720 	57.035076 	51.865211 	27.073973 	96.254868 	21.931713 	22.022715 	36.055511 	89.470665 	42.379242 	81.841309 	33.060551 	21.377558 	29.068884 	28.071337 	38.470768 	17.029387 	24.351591 	23.021729 	17.000000 	54.037025 	58.258045 	5.000000 	31.827662 	999.000000 	41.036568 	27.202942 	28.017851 	4.123106 	50.328918 	47.201694 	9.219544 	22.022715 	29.274563 	26.000000 	32.388271 	36.000000 	
108.853111 	53.000000 	43.416588 	54.147945 	58.855755 	31.240999 	110.860275 	33.241539 	63.031738 	65.000000 	46.043457 	99.929977 	45.011108 	29.068884 	117.515953 	109.329773 	54.332310 	84.717178 	40.311287 	79.762146 	32.015621 	60.671246 	39.812057 	49.040798 	70.936592 	53.600372 	20.000000 	45.541191 	69.778221 	26.925823 	66.189125 	65.299309 	13.416408 	31.016125 	22.561028 	60.415230 	54.708317 	14.560220 	18.384777 	44.821869 	9.219544 	41.036568 	999.000000 	14.422205 	13.892444 	38.948685 	9.433981 	8.000000 	36.619667 	28.160255 	24.020824 	28.284271 	23.086792 	28.635643 	
99.322708 	46.572525 	54.083271 	66.121101 	50.039986 	37.947330 	100.448990 	31.890438 	75.663727 	55.145264 	58.309521 	89.050545 	57.706154 	25.238859 	109.004585 	100.124924 	49.396355 	76.006577 	45.617977 	71.007042 	26.400757 	73.979729 	31.257000 	39.051247 	59.665737 	66.940269 	25.298222 	58.940647 	57.870544 	18.681541 	54.083271 	53.141319 	18.439089 	21.023796 	15.652476 	48.104053 	42.154476 	28.635643 	32.649654 	31.384710 	6.082763 	27.202942 	14.422205 	999.000000 	1.000000 	24.758837 	23.345236 	20.000000 	22.203604 	15.000000 	13.892444 	16.492422 	14.866069 	21.260292 	
100.319489 	47.539455 	54.147945 	66.068146 	51.039200 	38.275318 	101.434708 	32.649654 	75.538071 	56.142673 	58.215118 	90.027771 	57.558666 	26.076809 	110.004547 	101.123688 	50.328918 	77.006493 	46.065170 	72.006943 	27.313000 	73.756355 	32.249031 	40.049969 	60.638271 	66.708321 	25.632011 	58.694122 	58.821766 	19.646883 	55.027267 	54.083271 	18.681541 	22.022715 	16.552946 	49.040798 	43.081318 	28.231188 	32.202484 	32.249031 	6.000000 	28.017851 	13.892444 	1.000000 	999.000000 	25.495098 	22.671568 	19.209373 	22.803509 	15.033297 	13.416408 	16.278820 	14.212670 	20.615528 	
81.498466 	39.623226 	72.567207 	85.866173 	37.215588 	53.338543 	81.000000 	38.470768 	96.166519 	39.217342 	78.746429 	69.028976 	78.771820 	31.144823 	92.763138 	82.873398 	44.821869 	60.728905 	58.034473 	55.973209 	28.635643 	95.634720 	24.698177 	25.806976 	40.112343 	88.769363 	42.201897 	81.024689 	37.013512 	22.000000 	33.015148 	32.015621 	37.696156 	18.248287 	24.331051 	27.000000 	21.023796 	52.430908 	56.612720 	9.055386 	29.832869 	4.123106 	38.948685 	24.758837 	25.495098 	999.000000 	48.083260 	44.687805 	5.099020 	18.110771 	25.495098 	22.022715 	28.635643 	32.015621 	
117.686020 	61.204575 	41.593269 	50.447994 	67.683083 	33.837849 	119.920807 	40.199501 	58.309521 	74.040527 	42.201897 	109.110039 	40.607880 	37.121422 	126.019836 	118.067780 	62.008064 	93.380943 	43.266617 	88.459030 	40.447498 	55.009090 	48.764740 	58.189346 	80.230919 	48.000000 	25.000000 	40.012497 	79.158073 	36.055511 	75.591003 	74.706093 	20.024984 	40.311287 	31.622776 	69.835518 	64.140472 	9.848858 	12.041595 	54.203320 	18.601076 	50.328918 	9.433981 	23.345236 	22.671568 	48.083260 	999.000000 	5.000000 	45.453274 	35.777088 	30.364452 	35.114101 	28.635643 	33.060551 	
116.726173 	61.000000 	46.097721 	55.317268 	66.753281 	36.878178 	118.600166 	41.000000 	63.285069 	72.780495 	47.074409 	107.563934 	45.541191 	37.054016 	125.483070 	117.239075 	62.289646 	92.655273 	46.227695 	87.692642 	40.012497 	60.008331 	47.675991 	56.753853 	78.434685 	53.000000 	26.832815 	45.011108 	77.077881 	34.713108 	73.409805 	72.498276 	20.880613 	38.600517 	30.413813 	67.542580 	61.717098 	14.560220 	17.029387 	51.312767 	16.155495 	47.201694 	8.000000 	20.000000 	19.209373 	44.687805 	5.000000 	999.000000 	41.725292 	31.384710 	25.632011 	30.463093 	23.769728 	28.071337 	
86.579445 	43.863426 	72.691124 	85.702972 	42.059483 	54.009258 	86.005814 	40.521599 	95.801880 	44.271889 	78.339005 	74.006760 	78.160095 	32.984844 	97.862144 	87.965904 	48.836460 	65.802734 	59.413803 	61.032780 	31.016125 	94.868332 	28.425341 	30.528675 	45.177429 	87.920418 	42.296574 	80.056229 	42.000000 	23.537205 	38.000000 	37.000000 	37.107952 	20.615528 	25.019993 	32.015621 	26.076809 	50.606323 	54.708317 	14.142136 	27.784887 	9.219544 	36.619667 	22.203604 	22.803509 	5.099020 	45.453274 	41.725292 	999.000000 	13.341664 	20.880613 	17.117243 	24.041630 	27.073973 	
99.247169 	52.478565 	69.065186 	81.098709 	52.810986 	52.392746 	99.020203 	43.266617 	90.553848 	56.089214 	73.246162 	87.091904 	72.560318 	35.805027 	110.168053 	100.498756 	56.612720 	77.665955 	59.464275 	72.780495 	35.383614 	88.645363 	36.359318 	41.109608 	58.008621 	81.584312 	39.812057 	73.545906 	55.081757 	26.907248 	51.088158 	50.089920 	33.241539 	26.400757 	26.076809 	45.044422 	39.012817 	42.720020 	46.486557 	27.018513 	21.023796 	22.022715 	28.160255 	15.000000 	15.033297 	18.110771 	35.777088 	31.384710 	13.341664 	999.000000 	7.615773 	4.123106 	10.770329 	14.035668 	
106.075447 	57.271286 	66.753281 	78.057671 	58.694122 	51.623638 	106.117859 	45.276924 	87.051712 	62.514000 	70.007141 	94.260277 	69.028976 	38.209946 	116.726173 	107.228729 	60.901562 	84.011902 	59.481091 	79.075912 	38.600517 	84.593147 	41.231056 	47.074409 	65.030762 	77.524193 	39.000000 	69.462219 	62.289646 	30.232433 	58.309521 	57.314919 	31.953091 	30.870699 	28.319605 	52.239830 	46.173584 	38.327538 	41.773197 	34.234486 	18.973665 	29.274563 	24.020824 	13.892444 	13.416408 	25.495098 	30.364452 	25.632011 	20.880613 	7.615773 	999.000000 	5.000000 	3.162278 	8.062258 	
103.310211 	56.435802 	70.349129 	82.000000 	56.920998 	54.405884 	103.004852 	46.400433 	91.197586 	60.207973 	74.027023 	91.049438 	73.171036 	39.051247 	114.271606 	104.580116 	60.464867 	81.786308 	61.846584 	76.902534 	38.897301 	88.955048 	40.311287 	45.221676 	62.032249 	81.884064 	41.761227 	73.824112 	59.033890 	30.413813 	55.036350 	54.037025 	34.928497 	30.232433 	29.206163 	49.010204 	43.000000 	42.755116 	46.324940 	31.000000 	22.203604 	26.000000 	28.284271 	16.492422 	16.278820 	22.022715 	35.114101 	30.463093 	17.117243 	4.123106 	5.000000 	999.000000 	7.810250 	10.000000 	
109.041275 	59.615433 	66.287254 	77.233414 	61.392181 	51.894123 	109.165016 	46.690472 	86.000000 	65.375839 	69.115845 	97.329338 	68.007355 	39.824615 	119.603508 	110.163513 	63.063461 	86.833176 	60.033325 	81.884064 	40.496914 	83.294655 	43.657761 	49.819675 	68.066147 	76.236473 	39.357338 	68.183578 	65.375839 	32.249031 	61.400326 	60.406952 	32.202484 	33.241539 	30.000000 	55.326305 	49.254440 	37.054016 	40.311287 	37.336308 	19.235384 	32.388271 	23.086792 	14.866069 	14.212670 	28.635643 	28.635643 	23.769728 	24.041630 	10.770329 	3.162278 	7.810250 	999.000000 	6.403124 	
113.282829 	65.306969 	72.034714 	82.607506 	66.483078 	58.137768 	113.004425 	53.037724 	91.087868 	70.035706 	74.431175 	101.044548 	73.171036 	46.097721 	124.169243 	114.529472 	68.963760 	91.591484 	66.370171 	86.683334 	46.615448 	88.051125 	49.244289 	54.817879 	72.027771 	81.024689 	45.650848 	73.006851 	69.028976 	38.275318 	65.030762 	64.031242 	38.470768 	38.910152 	36.235340 	59.008472 	53.000000 	42.047592 	45.011108 	41.000000 	25.553865 	36.000000 	28.635643 	21.260292 	20.615528 	32.015621 	33.060551 	28.071337 	27.073973 	14.035668 	8.062258 	10.000000 	6.403124 	999.000000 	

Travel time:
9.000000 	1.439618 	2.857009 	3.170666 	1.250250 	2.437340 	0.225000 	2.010286 	3.425091 	1.104536 	3.100504 	0.406971 	3.151289 	2.026080 	0.336341 	0.079057 	1.475847 	0.617454 	2.324059 	0.735272 	1.934231 	3.522783 	1.726268 	1.507481 	1.035918 	3.405327 	2.411561 	3.280720 	1.128051 	2.050914 	1.225765 	1.250250 	2.462341 	1.962938 	2.157835 	1.368622 	1.513275 	2.902262 	2.996352 	1.811077 	2.524381 	1.935362 	2.721328 	2.483068 	2.507987 	2.037462 	2.942151 	2.918154 	2.164486 	2.481179 	2.651886 	2.582755 	2.726032 	2.832071 	
1.439618 	9.000000 	1.484924 	1.822944 	0.279509 	1.020110 	1.532359 	0.571183 	2.090753 	0.471699 	1.717010 	1.305038 	1.757306 	0.602080 	1.623461 	1.439184 	0.152069 	0.822344 	0.957209 	0.705780 	0.525595 	2.156965 	0.403113 	0.380789 	0.726722 	2.020211 	0.972432 	1.875000 	0.790569 	0.697316 	0.764853 	0.760345 	1.035918 	0.660019 	0.785016 	0.725000 	0.715891 	1.467353 	1.559046 	0.832166 	1.159741 	0.905883 	1.325000 	1.164313 	1.188486 	0.990581 	1.530114 	1.525000 	1.096586 	1.311964 	1.431782 	1.410895 	1.490386 	1.632674 	
2.857009 	1.484924 	9.000000 	0.347311 	1.752320 	0.503115 	2.985067 	0.977880 	0.617454 	1.947434 	0.246221 	2.782198 	0.309233 	1.096586 	2.962790 	2.838353 	1.402007 	2.255271 	0.535023 	2.155371 	1.196349 	0.672681 	1.432655 	1.664332 	2.186464 	0.548862 	0.760345 	0.456207 	2.220360 	1.281113 	2.163331 	2.149564 	0.900347 	1.399330 	1.206752 	2.062311 	1.967867 	0.794119 	0.770146 	1.850000 	1.204159 	1.813319 	1.085415 	1.352082 	1.353699 	1.814180 	1.039832 	1.152443 	1.817278 	1.726630 	1.668832 	1.758728 	1.657181 	1.800868 	
3.170666 	1.822944 	0.347311 	9.000000 	2.093442 	0.850000 	3.307000 	1.325000 	0.270416 	2.288695 	0.206155 	3.113077 	0.257391 	1.442437 	3.259026 	3.148115 	1.732772 	2.576941 	0.866386 	2.481179 	1.542928 	0.357946 	1.779923 	2.011374 	2.530316 	0.301040 	1.092016 	0.355317 	2.566247 	1.621149 	2.510105 	2.496498 	1.216552 	1.741049 	1.542117 	2.409616 	2.314763 	1.019804 	0.965013 	2.191603 	1.501874 	2.150581 	1.353699 	1.653028 	1.651704 	2.146654 	1.261200 	1.382932 	2.142574 	2.027468 	1.951442 	2.050000 	1.930835 	2.065188 	
1.250250 	0.279509 	1.752320 	2.093442 	9.000000 	1.274755 	1.313868 	0.805062 	2.362335 	0.195256 	1.979899 	1.063602 	2.016495 	0.784618 	1.475212 	1.262191 	0.412311 	0.650481 	1.230091 	0.525595 	0.687841 	2.422421 	0.477624 	0.292617 	0.447214 	2.281036 	1.185327 	2.128673 	0.515388 	0.803508 	0.500625 	0.500000 	1.217580 	0.725431 	0.908639 	0.491172 	0.527376 	1.662077 	1.759616 	0.730154 	1.278916 	0.832166 	1.471394 	1.251000 	1.275980 	0.930390 	1.692077 	1.668832 	1.051487 	1.320275 	1.467353 	1.423025 	1.534805 	1.662077 	
2.437340 	1.020110 	0.503115 	0.850000 	1.274755 	9.000000 	2.546812 	0.480234 	1.119431 	1.468205 	0.710634 	2.325135 	0.742462 	0.594243 	2.578032 	2.427061 	0.961769 	1.823630 	0.235850 	1.715007 	0.693271 	1.155692 	0.930390 	1.165386 	1.698529 	1.007782 	0.316228 	0.855132 	1.725724 	0.789383 	1.665270 	1.650757 	0.492443 	0.903466 	0.726722 	1.560849 	1.464795 	0.650000 	0.697316 	1.353006 	0.817389 	1.323820 	0.781025 	0.948683 	0.956883 	1.333464 	0.845946 	0.921954 	1.350231 	1.309819 	1.290591 	1.360147 	1.297353 	1.453444 	
0.225000 	1.532359 	2.985067 	3.307000 	1.313868 	2.546812 	9.000000 	2.101934 	3.565897 	1.147007 	3.225872 	0.304138 	3.272996 	2.098362 	0.514782 	0.301040 	1.587844 	0.730154 	2.450128 	0.832166 	2.001406 	3.655219 	1.779220 	1.546165 	1.027740 	3.531024 	2.495245 	3.397794 	1.100284 	2.098362 	1.200260 	1.225255 	2.531057 	2.001250 	2.208082 	1.350000 	1.500208 	2.975945 	3.073272 	1.800174 	2.565273 	1.925162 	2.771507 	2.511225 	2.535868 	2.025000 	2.998020 	2.965004 	2.150145 	2.475505 	2.652946 	2.575121 	2.729125 	2.825111 	
2.010286 	0.571183 	0.977880 	1.325000 	0.805062 	0.480234 	2.101934 	9.000000 	1.595306 	0.995615 	1.190850 	1.865643 	1.220912 	0.190394 	2.183031 	2.008109 	0.555090 	1.392839 	0.509902 	1.276959 	0.250000 	1.635925 	0.459619 	0.686477 	1.219887 	1.486607 	0.406971 	1.326885 	1.245492 	0.427200 	1.185854 	1.171804 	0.505594 	0.505594 	0.430116 	1.085415 	0.998123 	0.908639 	0.995301 	0.928036 	0.728869 	0.926350 	0.831038 	0.797261 	0.816241 	0.961769 	1.004987 	1.025000 	1.013040 	1.081665 	1.131923 	1.160011 	1.167262 	1.325943 	
3.425091 	2.090753 	0.617454 	0.270416 	2.362335 	1.119431 	3.565897 	1.595306 	9.000000 	2.557587 	0.436606 	3.376851 	0.450694 	1.710629 	3.503302 	3.400368 	1.997655 	2.836371 	1.133578 	2.742832 	1.811767 	0.190394 	2.049695 	2.281721 	2.800112 	0.291548 	1.352082 	0.467039 	2.836591 	1.884808 	2.780513 	2.766880 	1.467353 	2.005773 	1.802776 	2.679669 	2.583844 	1.226020 	1.156774 	2.455860 	1.739612 	2.411561 	1.575794 	1.891593 	1.888452 	2.404163 	1.457738 	1.582127 	2.395047 	2.263846 	2.176293 	2.279940 	2.150000 	2.277197 	
1.104536 	0.471699 	1.947434 	2.288695 	0.195256 	1.468205 	1.147007 	0.995615 	2.557587 	9.000000 	2.174425 	0.883530 	2.210345 	0.961769 	1.355775 	1.125278 	0.594243 	0.539676 	1.425219 	0.419076 	0.860959 	2.617250 	0.632456 	0.403113 	0.261008 	2.475126 	1.367708 	2.321234 	0.350000 	0.951972 	0.364006 	0.371652 	1.388569 	0.859142 	1.061249 	0.410031 	0.500000 	1.835245 	1.934716 	0.761577 	1.422146 	0.877853 	1.625000 	1.378632 	1.403567 	0.980434 	1.851013 	1.819512 	1.106797 	1.402230 	1.562850 	1.505199 	1.634396 	1.750893 	
3.100504 	1.717010 	0.246221 	0.206155 	1.979899 	0.710634 	3.225872 	1.190850 	0.436606 	2.174425 	9.000000 	3.018485 	0.079057 	1.290591 	3.208777 	3.082714 	1.640122 	2.496623 	0.776611 	2.395047 	1.393960 	0.445112 	1.636498 	1.875000 	2.408319 	0.305164 	0.919239 	0.226385 	2.436314 	1.454519 	2.375000 	2.360085 	1.030776 	1.576785 	1.369535 	2.267432 	2.165208 	0.813941 	0.759111 	2.025617 	1.305996 	1.978004 	1.151086 	1.457738 	1.455378 	1.968661 	1.055047 	1.176860 	1.958475 	1.831154 	1.750179 	1.850676 	1.727896 	1.860779 	
0.406971 	1.305038 	2.782198 	3.113077 	1.063602 	2.325135 	0.304138 	1.865643 	3.376851 	0.883530 	3.018485 	9.000000 	3.061046 	1.844756 	0.743303 	0.477624 	1.380670 	0.570636 	2.248472 	0.640312 	1.744456 	3.454797 	1.513481 	1.273038 	0.735697 	3.322744 	2.248611 	3.180016 	0.800391 	1.826369 	0.900347 	0.925338 	2.271838 	1.724094 	1.937298 	1.051190 	1.202341 	2.718685 	2.818244 	1.501874 	2.287056 	1.626730 	2.498250 	2.226264 	2.250694 	1.725724 	2.727751 	2.689098 	1.850169 	2.177298 	2.356507 	2.276236 	2.433233 	2.526114 	
3.151289 	1.757306 	0.309233 	0.257391 	2.016495 	0.742462 	3.272996 	1.220912 	0.450694 	2.210345 	0.079057 	3.061046 	9.000000 	1.310773 	3.265348 	3.134984 	1.685601 	2.544725 	0.828025 	2.441311 	1.415318 	0.425000 	1.660007 	1.901480 	2.440543 	0.265754 	0.928036 	0.150000 	2.464878 	1.464795 	2.401172 	2.385634 	1.027740 	1.588238 	1.375909 	2.290196 	2.184176 	0.778621 	0.715891 	2.034853 	1.290591 	1.982738 	1.125278 	1.442654 	1.438967 	1.969296 	1.015197 	1.138530 	1.954002 	1.814008 	1.725724 	1.829276 	1.700184 	1.829276 	
2.026080 	0.602080 	1.096586 	1.442437 	0.784618 	0.594243 	2.098362 	0.190394 	1.710629 	0.961769 	1.290591 	1.844756 	1.310773 	9.000000 	2.223876 	2.031317 	0.632949 	1.412887 	0.675463 	1.291559 	0.106066 	1.733494 	0.353553 	0.602080 	1.160011 	1.575198 	0.410031 	1.402007 	1.167262 	0.237171 	1.096586 	1.079641 	0.436606 	0.325000 	0.247487 	0.980115 	0.874643 	0.877853 	0.975000 	0.764853 	0.585235 	0.750417 	0.726722 	0.630971 	0.651920 	0.778621 	0.928036 	0.926350 	0.824621 	0.895126 	0.955249 	0.976281 	0.995615 	1.152443 	
