Total assets = 697
Number of asset nodes = 40

Distance:
999.000000 	75.802376 	17.262676 	11.180340 	18.973665 	36.687874 	52.392746 	43.324360 	13.892444 	81.123360 	110.453613 	51.662365 	94.302704 	104.637466 	110.634537 	64.845970 	15.620500 	15.297058 	39.012817 	80.529495 	121.016525 	24.596748 	17.888544 	73.736015 	59.439045 	21.931713 	53.460266 	18.973665 	31.622776 	88.141930 	25.632011 	30.805843 	78.108902 	34.176014 	75.286118 	93.914856 	23.259407 	58.309521 	24.000000 	24.698177 	92.195442 	104.809349 	76.400261 	29.120440 	101.074226 	122.200653 	111.830231 	31.144823 	66.483078 	28.000000 	99.317673 	
75.802376 	999.000000 	60.827625 	86.838928 	94.031906 	42.801868 	27.294687 	36.891735 	71.449280 	9.848858 	35.805027 	33.837849 	18.788294 	29.000000 	35.468296 	23.000000 	76.485291 	83.450584 	50.990196 	16.278820 	46.400433 	68.242218 	80.808418 	20.615528 	32.140316 	95.524864 	38.832977 	83.630135 	63.134777 	20.615528 	98.290382 	105.550934 	23.853722 	63.953106 	25.495098 	23.194826 	83.408630 	39.115215 	92.097771 	81.608826 	24.041630 	30.805843 	29.068884 	100.448990 	29.017237 	46.400433 	36.769554 	76.157730 	37.336308 	95.131485 	29.154760 	
17.262676 	60.827625 	999.000000 	28.160255 	36.138622 	19.697716 	35.846897 	26.400757 	11.180340 	65.215027 	96.260063 	34.481880 	78.873314 	89.827614 	96.176918 	47.927029 	16.552946 	22.803509 	22.360680 	64.007812 	106.887794 	14.866069 	21.023796 	56.859474 	42.201897 	34.713108 	36.221542 	23.706539 	18.384777 	71.589104 	37.483330 	44.821869 	61.098282 	21.213203 	58.189346 	77.524193 	25.000000 	41.109608 	31.906113 	24.331051 	75.591003 	88.752464 	59.203041 	39.824615 	84.723076 	107.056061 	96.020828 	24.738634 	49.254440 	35.355339 	82.764725 	
11.180340 	86.838928 	28.160255 	999.000000 	8.062258 	47.759815 	63.560993 	54.424259 	22.090721 	92.282173 	121.264175 	62.641838 	105.394501 	115.602768 	121.511314 	75.960518 	21.189621 	16.401220 	49.162994 	91.706055 	131.795303 	32.557640 	21.095022 	84.864601 	70.342018 	15.033297 	64.132675 	20.615528 	40.311287 	99.317673 	19.026299 	21.540659 	89.196411 	42.579338 	86.330757 	105.095192 	25.612497 	68.883957 	21.470911 	28.017851 	103.368271 	115.974136 	87.361320 	23.086792 	112.254173 	133.221619 	122.967476 	36.674240 	77.103828 	25.079872 	110.494347 	
18.973665 	94.031906 	36.138622 	8.062258 	999.000000 	55.659679 	71.309189 	62.297672 	30.016663 	99.764725 	128.062485 	70.604530 	112.680969 	122.641754 	128.405609 	83.815269 	28.635643 	22.847319 	57.218880 	99.403221 	138.538803 	40.311287 	27.856777 	92.698433 	78.339005 	16.643316 	72.180328 	26.832815 	48.166378 	107.018692 	20.124611 	19.000000 	97.082436 	50.358715 	94.254974 	112.729767 	31.764761 	76.941536 	25.455845 	34.438351 	111.085556 	123.470642 	95.336250 	24.166092 	119.866592 	140.346008 	130.361038 	43.657761 	85.158676 	28.425341 	118.186295 	
36.687874 	42.801868 	19.697716 	47.759815 	55.659679 	999.000000 	16.401220 	6.708204 	29.206163 	46.097721 	78.600258 	15.132746 	60.108234 	71.589104 	78.243210 	28.231188 	33.970577 	41.231056 	12.649111 	44.418465 	89.202019 	25.553865 	38.183765 	37.161808 	23.086792 	53.823788 	18.439089 	41.012192 	21.587032 	51.971146 	56.222771 	64.070274 	41.436699 	23.194826 	38.600517 	57.982758 	40.607880 	23.537205 	49.497475 	38.832977 	55.946404 	69.404610 	39.812057 	58.051701 	65.192024 	88.391174 	76.837494 	34.176014 	31.144823 	52.402290 	63.134777 	
52.392746 	27.294687 	35.846897 	63.560993 	71.309189 	16.401220 	999.000000 	9.899495 	45.607018 	29.732138 	62.968246 	8.246211 	43.863426 	55.605755 	62.425957 	13.038404 	50.328918 	57.628117 	23.769728 	28.178005 	73.498299 	41.231056 	54.488529 	21.587032 	12.806249 	70.213959 	14.866069 	57.314919 	35.846897 	35.777088 	72.622307 	80.448738 	26.305893 	36.674240 	24.020824 	41.677334 	56.639210 	18.027756 	65.795135 	54.671749 	39.812057 	53.009434 	26.076809 	74.411018 	48.877399 	72.138756 	60.440052 	48.877399 	22.203604 	68.593002 	46.957428 	
43.324360 	36.891735 	26.400757 	54.424259 	62.297672 	6.708204 	9.899495 	999.000000 	35.805027 	39.623226 	72.670486 	9.055386 	53.758720 	65.436989 	72.201111 	21.540659 	40.459858 	47.801674 	15.132746 	37.735924 	83.234612 	31.400637 	44.598206 	30.463093 	17.029387 	60.464867 	13.892444 	47.423622 	26.400757 	45.276924 	62.801273 	70.724815 	34.785053 	27.513634 	32.015621 	51.312767 	46.754681 	18.788294 	55.901699 	44.821869 	49.244289 	62.801273 	33.376640 	64.536812 	58.523499 	82.036575 	70.292244 	39.357338 	25.709921 	58.694122 	56.435802 	
13.892444 	71.449280 	11.180340 	22.090721 	30.016663 	29.206163 	45.607018 	35.805027 	999.000000 	75.286118 	107.056061 	42.941822 	89.196411 	100.419121 	106.887794 	56.938564 	5.385165 	12.041595 	27.658634 	73.498299 	117.686020 	10.770329 	9.848858 	65.863495 	50.159744 	24.698177 	43.324360 	12.529964 	18.248287 	80.993828 	27.018513 	34.985710 	69.771057 	20.615528 	66.640831 	87.091904 	14.142136 	47.801674 	20.808653 	14.035668 	84.905830 	98.600204 	67.230942 	29.000000 	94.302704 	117.456375 	106.042442 	17.804493 	56.044624 	24.186773 	92.114059 	
81.123360 	9.848858 	65.215027 	92.282173 	99.764725 	46.097721 	29.732138 	39.623226 	75.286118 	999.000000 	35.114101 	34.409302 	14.422205 	26.832815 	34.014702 	21.023796 	80.056229 	87.321243 	52.201534 	7.615773 	45.188496 	70.767227 	84.219948 	15.033297 	30.463093 	99.809822 	38.013157 	87.045967 	64.815125 	10.770329 	102.303467 	110.000000 	16.492422 	65.215027 	19.104973 	14.035668 	86.278618 	37.000000 	95.524864 	84.219948 	14.317822 	23.706539 	22.360680 	104.139328 	20.615528 	42.520584 	30.805843 	77.801025 	33.241539 	98.290382 	20.024984 	
110.453613 	35.805027 	96.260063 	121.264175 	128.062485 	78.600258 	62.968246 	72.670486 	107.056061 	35.114101 	999.000000 	68.883957 	21.377558 	9.000000 	2.828427 	56.080299 	112.160599 	119.004204 	86.452301 	41.000000 	10.630146 	104.043259 	116.516090 	49.729267 	65.551506 	130.831955 	73.006851 	119.331474 	98.792709 	37.054016 	133.734818 	140.716019 	49.648766 	99.478638 	52.952808 	32.062439 	119.201508 	72.111023 	127.781059 	117.413795 	36.055511 	23.769728 	55.578773 	136.029404 	29.120440 	16.031219 	19.849434 	111.830231 	67.911705 	130.873978 	32.984844 	
51.662365 	33.837849 	34.481880 	62.641838 	70.604530 	15.132746 	8.246211 	9.055386 	42.941822 	34.409302 	68.883957 	999.000000 	48.826221 	61.057350 	68.095520 	14.212670 	47.169907 	54.708317 	17.804493 	31.144823 	79.259071 	36.878178 	51.039200 	23.021729 	8.000000 	67.601776 	6.708204 	53.823788 	30.479502 	38.418747 	69.641945 	77.897369 	26.832815 	30.805843 	23.769728 	44.687805 	52.497620 	10.630146 	62.201286 	50.249378 	42.201897 	56.586216 	24.738634 	71.028160 	51.855568 	76.837494 	64.350601 	43.416588 	16.763054 	64.660652 	49.406479 	
94.302704 	18.788294 	78.873314 	105.394501 	112.680969 	60.108234 	43.863426 	53.758720 	89.196411 	14.422205 	21.377558 	48.826221 	999.000000 	12.649111 	19.924858 	35.355339 	94.069122 	101.237343 	66.610809 	19.646883 	31.016125 	85.041168 	98.290382 	28.460499 	44.721359 	113.569359 	52.354561 	101.118744 	79.202271 	16.124516 	116.180893 	123.693169 	28.284271 	79.630394 	31.575306 	12.529964 	100.498756 	51.078373 	109.603828 	98.493652 	16.155495 	13.038404 	34.234486 	118.139748 	13.892444 	28.284271 	18.027756 	92.200867 	46.572525 	112.449989 	16.278820 	
104.637466 	29.000000 	89.827614 	115.602768 	122.641754 	71.589104 	55.605755 	65.436989 	100.419121 	26.832815 	9.000000 	61.057350 	12.649111 	999.000000 	7.280110 	47.853943 	105.418213 	112.432205 	78.771820 	32.280025 	18.384777 	96.829750 	109.713264 	41.109608 	57.271286 	124.523087 	64.845970 	112.538879 	91.263351 	28.071337 	127.287079 	134.536240 	40.792156 	91.809586 	44.147480 	23.086792 	112.160599 	63.694584 	121.016525 	110.258789 	27.073973 	15.811388 	46.690472 	129.417923 	20.615528 	17.888544 	14.317822 	104.292854 	59.203041 	123.987900 	24.351591 	
110.634537 	35.468296 	96.176918 	121.511314 	128.405609 	78.243210 	62.425957 	72.201111 	106.887794 	34.014702 	2.828427 	68.095520 	19.924858 	7.280110 	999.000000 	55.036350 	111.946419 	118.869675 	85.755463 	39.560081 	11.180340 	103.600197 	116.275536 	48.383881 	64.474800 	130.816666 	72.013885 	119.096596 	98.183502 	35.227829 	133.660019 	140.758652 	48.052055 	98.792709 	51.419842 	30.000000 	118.848640 	70.936592 	127.561752 	117.004272 	34.000000 	21.189621 	53.935146 	135.882309 	26.683329 	14.035668 	17.029387 	111.220505 	66.483078 	130.598618 	30.594116 	
64.845970 	23.000000 	47.927029 	75.960518 	83.815269 	28.231188 	13.038404 	21.540659 	56.938564 	21.023796 	56.080299 	14.212670 	35.355339 	47.853943 	55.036350 	999.000000 	61.294373 	68.796799 	31.827662 	16.970562 	66.211784 	51.088158 	65.215027 	8.944272 	9.486833 	81.633324 	17.000000 	68.007355 	44.553337 	24.207438 	83.761566 	91.923882 	13.341664 	44.687805 	11.000000 	30.479502 	66.708321 	16.278820 	76.400261 	64.443771 	28.017851 	42.426407 	13.341664 	85.211502 	37.643059 	63.007935 	50.249378 	57.384666 	14.866069 	78.873314 	35.227829 	
15.620500 	76.485291 	16.552946 	21.189621 	28.635643 	33.970577 	50.328918 	40.459858 	5.385165 	80.056229 	112.160599 	47.169907 	94.069122 	105.418213 	111.946419 	61.294373 	999.000000 	7.615773 	31.016125 	78.006409 	122.788437 	12.041595 	4.472136 	70.178345 	54.120235 	20.615528 	47.010635 	7.211102 	20.099751 	85.445892 	22.472204 	30.870699 	73.925636 	22.000000 	70.710678 	91.607857 	9.000000 	51.264023 	15.620500 	9.486833 	89.308456 	103.232750 	71.112587 	24.083189 	98.812958 	122.347862 	110.751976 	15.811388 	59.464275 	18.867962 	96.519424 	
15.297058 	83.450584 	22.803509 	16.401220 	22.847319 	41.231056 	57.628117 	47.801674 	12.041595 	87.321243 	119.004204 	54.708317 	101.237343 	112.432205 	118.869675 	68.796799 	7.615773 	999.000000 	38.626415 	85.445892 	129.634094 	19.416489 	5.099020 	77.698135 	61.717098 	13.000000 	54.625999 	4.242640 	27.459061 	92.913940 	15.000000 	23.259407 	81.492332 	29.154760 	78.294319 	99.045441 	9.219544 	58.872746 	9.486833 	11.661903 	96.798759 	110.602890 	78.721024 	17.029387 	106.254410 	129.495178 	118.067780 	20.880613 	67.067131 	13.341664 	104.009613 	
39.012817 	50.990196 	22.360680 	49.162994 	57.218880 	12.649111 	23.769728 	15.132746 	27.658634 	52.201534 	86.452301 	17.804493 	66.610809 	78.771820 	85.755463 	31.827662 	31.016125 	38.626415 	999.000000 	48.795490 	96.896851 	19.723083 	34.438351 	40.360870 	23.600847 	51.623638 	16.124516 	37.121422 	12.727922 	55.901699 	53.225933 	61.846584 	43.600460 	13.038404 	40.224369 	62.241467 	35.227829 	20.248457 	45.276924 	32.802441 	59.548298 	74.249580 	40.311287 	54.203320 	69.354164 	94.641426 	82.073135 	25.612497 	28.460499 	47.434166 	66.708321 	
80.529495 	16.278820 	64.007812 	91.706055 	99.403221 	44.418465 	28.178005 	37.735924 	73.498299 	7.615773 	41.000000 	31.144823 	19.646883 	32.280025 	39.560081 	16.970562 	78.006409 	85.445892 	48.795490 	999.000000 	50.596443 	68.014702 	82.006096 	8.944272 	25.806976 	98.183502 	33.600594 	84.811554 	61.522354 	7.615773 	100.439034 	108.452751 	9.055386 	61.619801 	12.041595 	13.601471 	83.630135 	31.764761 	93.236259 	81.394104 	11.704700 	25.455845 	15.033297 	102.004898 	20.808653 	46.324940 	33.301651 	74.330345 	26.925823 	95.775780 	18.788294 	
121.016525 	46.400433 	106.887794 	131.795303 	138.538803 	89.202019 	73.498299 	83.234612 	117.686020 	45.188496 	10.630146 	79.259071 	31.016125 	18.384777 	11.180340 	66.211784 	122.788437 	129.634094 	96.896851 	50.596443 	999.000000 	114.621117 	127.141655 	59.464275 	75.643906 	141.449631 	83.192551 	129.957687 	109.293182 	45.891174 	144.360657 	151.320847 	58.940647 	109.931801 	62.361847 	40.311287 	129.807556 	82.079231 	138.408813 	128.003906 	44.283180 	30.066593 	64.761101 	146.659470 	36.013885 	12.727922 	23.769728 	122.331520 	77.491936 	141.495590 	40.012497 	
24.596748 	68.242218 	14.866069 	32.557640 	40.311287 	25.553865 	41.231056 	31.400637 	10.770329 	70.767227 	104.043259 	36.878178 	85.041168 	96.829750 	103.600197 	51.088158 	12.041595 	19.416489 	19.723083 	68.014702 	114.621117 	999.000000 	14.866069 	59.816387 	43.266617 	32.280025 	35.846897 	17.464249 	8.062258 	75.286118 	33.615471 	42.379242 	63.245552 	10.049875 	59.908264 	81.565926 	15.620500 	39.812057 	25.553865 	13.453624 	79.025314 	93.434471 	60.033325 	34.481880 	88.729927 	113.278419 	101.138519 	10.049875 	47.927029 	27.802877 	86.214851 	
17.888544 	80.808418 	21.023796 	21.095022 	27.856777 	38.183765 	54.488529 	44.598206 	9.848858 	84.219948 	116.516090 	51.039200 	98.290382 	109.713264 	116.275536 	65.215027 	4.472136 	5.099020 	34.438351 	82.006096 	127.141655 	14.866069 	999.000000 	74.060783 	57.801384 	17.464249 	50.537113 	2.828427 	22.803509 	89.403580 	18.788294 	27.513634 	77.698135 	24.331051 	74.431175 	95.603348 	5.385165 	54.625999 	11.313708 	7.071068 	93.230896 	107.298645 	74.706093 	20.000000 	102.800781 	126.574089 	114.865135 	15.811388 	62.769421 	14.422205 	100.439034 	
73.736015 	20.615528 	56.859474 	84.864601 	92.698433 	37.161808 	21.587032 	30.463093 	65.863495 	15.033297 	49.729267 	23.021729 	28.460499 	41.109608 	48.383881 	8.944272 	70.178345 	77.698135 	40.360870 	8.944272 	59.464275 	59.816387 	74.060783 	999.000000 	17.029387 	90.553848 	24.839485 	76.843994 	53.075417 	15.556349 	92.649879 	100.846420 	5.099020 	53.037724 	5.000000 	21.931713 	75.432091 	22.825424 	85.211502 	73.109505 	19.209373 	34.058773 	8.602325 	94.047859 	29.000000 	55.226807 	42.011902 	65.764732 	18.248287 	87.618492 	26.400757 	
59.439045 	32.140316 	42.201897 	70.342018 	78.339005 	23.086792 	12.806249 	17.029387 	50.159744 	30.463093 	65.551506 	8.000000 	44.721359 	57.271286 	64.474800 	9.486833 	54.120235 	61.717098 	23.600847 	25.806976 	75.643906 	43.266617 	57.801384 	17.029387 	999.000000 	74.686012 	7.810250 	60.539242 	36.235340 	32.557640 	76.537575 	84.970581 	20.000000 	36.069378 	16.643316 	38.948685 	58.821766 	7.000000 	68.796799 	56.400356 	36.069378 	51.088158 	17.088007 	77.698135 	45.967381 	72.111023 	59.033890 	48.795490 	9.433981 	71.028160 	43.185646 	
21.931713 	95.524864 	34.713108 	15.033297 	16.643316 	53.823788 	70.213959 	60.464867 	24.698177 	99.809822 	130.831955 	67.601776 	113.569359 	124.523087 	130.816666 	81.633324 	20.615528 	13.000000 	51.623638 	98.183502 	141.449631 	32.280025 	17.464249 	90.553848 	74.686012 	999.000000 	67.623962 	15.132746 	40.261642 	105.688217 	4.000000 	10.295630 	94.413979 	41.773197 	91.241440 	111.772087 	19.026299 	71.867935 	9.848858 	22.022715 	109.603828 	123.223373 	91.706055 	8.062258 	118.983192 	141.767410 	130.602448 	32.015621 	80.056229 	12.041595 	116.811813 	
53.460266 	38.832977 	36.221542 	64.132675 	72.180328 	18.439089 	14.866069 	13.892444 	43.324360 	38.013157 	73.006851 	6.708204 	52.354561 	64.845970 	72.013885 	17.000000 	47.010635 	54.625999 	16.124516 	33.600594 	83.192551 	35.846897 	50.537113 	24.839485 	7.810250 	67.623962 	999.000000 	53.235325 	28.600698 	40.360870 	69.318108 	77.878113 	27.658634 	28.319605 	24.207438 	46.754681 	51.312767 	5.099020 	61.400326 	48.826221 	43.840622 	58.898216 	24.186773 	70.327805 	53.758720 	79.881165 	66.843102 	41.036568 	13.038404 	63.513779 	50.931328 	
18.973665 	83.630135 	23.706539 	20.615528 	26.832815 	41.012192 	57.314919 	47.423622 	12.529964 	87.045967 	119.331474 	53.823788 	101.118744 	112.538879 	119.096596 	68.007355 	7.211102 	4.242640 	37.121422 	84.811554 	129.957687 	17.464249 	2.828427 	76.843994 	60.539242 	15.132746 	53.235325 	999.000000 	25.298222 	92.200867 	16.155495 	25.000000 	80.454956 	26.683329 	77.175125 	98.407318 	5.000000 	57.271286 	8.485281 	7.615773 	96.020828 	110.113579 	77.414467 	17.204651 	105.603027 	129.402466 	117.686020 	17.262676 	65.391129 	11.661903 	103.227905 	
31.622776 	63.134777 	18.384777 	40.311287 	48.166378 	21.587032 	35.846897 	26.400757 	18.248287 	64.815125 	98.792709 	30.479502 	79.202271 	91.263351 	98.183502 	44.553337 	20.099751 	27.459061 	12.727922 	61.522354 	109.293182 	8.062258 	22.803509 	53.075417 	36.235340 	40.261642 	28.600698 	25.298222 	999.000000 	68.622154 	41.436699 	50.289165 	56.222771 	2.828427 	52.801514 	74.966660 	22.825424 	32.249031 	33.105892 	20.248457 	72.249565 	86.977005 	52.697250 	42.047592 	82.073135 	107.298645 	94.794518 	13.038404 	40.249222 	34.985710 	79.397736 	
88.141930 	20.615528 	71.589104 	99.317673 	107.018692 	51.971146 	35.777088 	45.276924 	80.993828 	10.770329 	37.054016 	38.418747 	16.124516 	28.071337 	35.227829 	24.207438 	85.445892 	92.913940 	55.901699 	7.615773 	45.891174 	75.286118 	89.403580 	15.556349 	32.557640 	105.688217 	40.360870 	92.200867 	68.622154 	999.000000 	107.898102 	115.965515 	13.416408 	68.593002 	17.000000 	6.403124 	90.906548 	38.013157 	100.603180 	88.617157 	4.123106 	18.601076 	18.973665 	109.402924 	13.453624 	40.249222 	26.627054 	81.320351 	32.202484 	103.077644 	11.180340 	
25.632011 	98.290382 	37.483330 	19.026299 	20.124611 	56.222771 	72.622307 	62.801273 	27.018513 	102.303467 	133.734818 	69.641945 	116.180893 	127.287079 	133.660019 	83.761566 	22.472204 	15.000000 	53.225933 	100.439034 	144.360657 	33.615471 	18.788294 	92.649879 	76.537575 	4.000000 	69.318108 	16.155495 	41.436699 	107.898102 	999.000000 	9.055386 	96.384644 	42.720020 	93.150414 	114.039467 	19.235384 	73.409805 	9.000000 	22.203604 	111.772087 	125.602547 	93.477272 	4.123106 	121.247681 	144.422989 	133.060135 	32.140316 	81.541397 	9.848858 	118.983192 	
30.805843 	105.550934 	44.821869 	21.540659 	19.000000 	64.070274 	80.448738 	70.724815 	34.985710 	110.000000 	140.716019 	77.897369 	123.693169 	134.536240 	140.758652 	91.923882 	30.870699 	23.259407 	61.846584 	108.452751 	151.320847 	42.379242 	27.513634 	100.846420 	84.970581 	10.295630 	77.878113 	25.000000 	50.289165 	115.965515 	9.055386 	999.000000 	104.709122 	51.662365 	101.533249 	122.036880 	28.284271 	82.079231 	18.027756 	31.257000 	119.887444 	133.454117 	101.980392 	10.440307 	129.247818 	151.855194 	140.801285 	41.194660 	90.249657 	18.248287 	127.094452 	
78.108902 	23.853722 	61.098282 	89.196411 	97.082436 	41.436699 	26.305893 	34.785053 	69.771057 	16.492422 	49.648766 	26.832815 	28.284271 	40.792156 	48.052055 	13.341664 	73.925636 	81.492332 	43.600460 	9.055386 	58.940647 	63.245552 	77.698135 	5.099020 	20.000000 	94.413979 	27.658634 	80.454956 	56.222771 	13.416408 	96.384644 	104.709122 	999.000000 	55.973209 	3.605551 	19.723083 	78.816238 	24.839485 	88.752464 	76.400261 	16.401220 	31.906113 	6.000000 	97.637085 	26.400757 	53.665630 	39.962482 	68.680420 	18.788294 	91.021973 	23.345236 	
34.176014 	63.953106 	21.213203 	42.579338 	50.358715 	23.194826 	36.674240 	27.513634 	20.615528 	65.215027 	99.478638 	30.805843 	79.630394 	91.809586 	98.792709 	44.687805 	22.000000 	29.154760 	13.038404 	61.619801 	109.931801 	10.049875 	24.331051 	53.037724 	36.069378 	41.773197 	28.319605 	26.683329 	2.828427 	68.593002 	42.720020 	51.662365 	55.973209 	999.000000 	52.497620 	74.966660 	23.769728 	31.622776 	34.176014 	21.023796 	72.138756 	87.045967 	52.201534 	43.081318 	82.024384 	107.615051 	94.921021 	12.727922 	39.446167 	35.777088 	79.246452 	
75.286118 	25.495098 	58.189346 	86.330757 	94.254974 	38.600517 	24.020824 	32.015621 	66.640831 	19.104973 	52.952808 	23.769728 	31.575306 	44.147480 	51.419842 	11.000000 	70.710678 	78.294319 	40.224369 	12.041595 	62.361847 	59.908264 	74.431175 	5.000000 	16.643316 	91.241440 	24.207438 	77.175125 	52.801514 	17.000000 	93.150414 	101.533249 	3.605551 	52.497620 	999.000000 	23.323807 	75.451973 	21.260292 	85.440041 	73.006851 	20.000000 	35.510563 	3.605551 	94.339813 	30.000000 	57.245087 	43.566040 	65.192024 	15.231546 	87.658424 	26.907248 	
93.914856 	23.194826 	77.524193 	105.095192 	112.729767 	57.982758 	41.677334 	51.312767 	87.091904 	14.035668 	32.062439 	44.687805 	12.529964 	23.086792 	30.000000 	30.479502 	91.607857 	99.045441 	62.241467 	13.601471 	40.311287 	81.565926 	95.603348 	21.931713 	38.948685 	111.772087 	46.754681 	98.407318 	74.966660 	6.403124 	114.039467 	122.036880 	19.723083 	74.966660 	23.323807 	999.000000 	97.185387 	44.407207 	106.826965 	94.921021 	4.000000 	12.206555 	25.079872 	115.602768 	7.211102 	34.014702 	20.248457 	87.692642 	38.470768 	109.343498 	6.000000 	
23.259407 	83.408630 	25.000000 	25.612497 	31.764761 	40.607880 	56.639210 	46.754681 	14.142136 	86.278618 	119.201508 	52.497620 	100.498756 	112.160599 	118.848640 	66.708321 	9.000000 	9.219544 	35.227829 	83.630135 	129.807556 	15.620500 	5.385165 	75.432091 	58.821766 	19.026299 	51.312767 	5.000000 	22.825424 	90.906548 	19.235384 	28.284271 	78.816238 	23.769728 	75.451973 	97.185387 	999.000000 	55.072678 	10.440307 	3.000000 	94.641426 	109.041275 	75.471848 	19.313208 	104.350372 	128.763351 	116.726173 	13.000000 	63.063461 	12.206555 	101.828285 	
58.309521 	39.115215 	41.109608 	68.883957 	76.941536 	23.537205 	18.027756 	18.788294 	47.801674 	37.000000 	72.111023 	10.630146 	51.078373 	63.694584 	70.936592 	16.278820 	51.264023 	58.872746 	20.248457 	31.764761 	82.079231 	39.812057 	54.625999 	22.825424 	7.000000 	71.867935 	5.099020 	57.271286 	32.249031 	38.013157 	73.409805 	82.079231 	24.839485 	31.622776 	21.260292 	44.407207 	55.072678 	999.000000 	65.299309 	52.478565 	41.231056 	56.612720 	20.615528 	74.242844 	51.224995 	78.032043 	64.637451 	44.204071 	8.246211 	67.230942 	48.166378 	
24.000000 	92.097771 	31.906113 	21.470911 	25.455845 	49.497475 	65.795135 	55.901699 	20.808653 	95.524864 	127.781059 	62.201286 	109.603828 	121.016525 	127.561752 	76.400261 	15.620500 	9.486833 	45.276924 	93.236259 	138.408813 	25.553865 	11.313708 	85.211502 	68.796799 	9.848858 	61.400326 	8.485281 	33.105892 	100.603180 	9.000000 	18.027756 	88.752464 	34.176014 	85.440041 	106.826965 	10.440307 	65.299309 	999.000000 	13.341664 	104.403069 	118.562218 	85.586212 	8.944272 	114.017540 	137.887634 	126.150703 	23.194826 	73.348480 	4.000000 	111.606453 	
24.698177 	81.608826 	24.331051 	28.017851 	34.438351 	38.832977 	54.671749 	44.821869 	14.035668 	84.219948 	117.413795 	50.249378 	98.493652 	110.258789 	117.004272 	64.443771 	9.486833 	11.661903 	32.802441 	81.394104 	128.003906 	13.453624 	7.071068 	73.109505 	56.400356 	22.022715 	48.826221 	7.615773 	20.248457 	88.617157 	22.203604 	31.257000 	76.400261 	21.023796 	73.006851 	94.921021 	3.000000 	52.478565 	13.341664 	999.000000 	92.314682 	106.831642 	72.945183 	22.135944 	102.068604 	126.732002 	114.560028 	10.000000 	60.415230 	14.764823 	99.488693 	
92.195442 	24.041630 	75.591003 	103.368271 	111.085556 	55.946404 	39.812057 	49.244289 	84.905830 	14.317822 	36.055511 	42.201897 	16.155495 	27.073973 	34.000000 	28.017851 	89.308456 	96.798759 	59.548298 	11.704700 	44.283180 	79.025314 	93.230896 	19.209373 	36.069378 	109.603828 	43.840622 	96.020828 	72.249565 	4.123106 	111.772087 	119.887444 	16.401220 	72.138756 	20.000000 	4.000000 	94.641426 	41.231056 	104.403069 	92.314682 	999.000000 	15.652476 	21.470911 	113.225441 	10.000000 	37.696156 	23.706539 	84.864601 	34.985710 	106.826965 	7.211102 	
104.809349 	30.805843 	88.752464 	115.974136 	123.470642 	69.404610 	53.009434 	62.801273 	98.600204 	23.706539 	23.769728 	56.586216 	13.038404 	15.811388 	21.189621 	42.426407 	103.232750 	110.602890 	74.249580 	25.455845 	30.066593 	93.434471 	107.298645 	34.058773 	51.088158 	123.223373 	58.898216 	110.113579 	86.977005 	18.601076 	125.602547 	133.454117 	31.906113 	87.045967 	35.510563 	12.206555 	109.041275 	56.612720 	118.562218 	106.831642 	15.652476 	999.000000 	37.121422 	127.283150 	6.082763 	22.135944 	8.062258 	99.764725 	50.606323 	121.165176 	10.049875 	
76.400261 	29.068884 	59.203041 	87.361320 	95.336250 	39.812057 	26.076809 	33.376640 	67.230942 	22.360680 	55.578773 	24.738634 	34.234486 	46.690472 	53.935146 	13.341664 	71.112587 	78.721024 	40.311287 	15.033297 	64.761101 	60.033325 	74.706093 	8.602325 	17.088007 	91.706055 	24.186773 	77.414467 	52.697250 	18.973665 	93.477272 	101.980392 	6.000000 	52.201534 	3.605551 	25.079872 	75.471848 	20.615528 	85.586212 	72.945183 	21.470911 	37.121422 	999.000000 	94.514549 	31.384710 	59.093147 	45.177429 	64.815125 	13.601471 	87.664131 	28.017851 	
29.120440 	100.448990 	39.824615 	23.086792 	24.166092 	58.051701 	74.411018 	64.536812 	29.000000 	104.139328 	136.029404 	71.028160 	118.139748 	129.417923 	135.882309 	85.211502 	24.083189 	17.029387 	54.203320 	102.004898 	146.659470 	34.481880 	20.000000 	94.047859 	77.698135 	8.062258 	70.327805 	17.204651 	42.047592 	109.402924 	4.123106 	10.440307 	97.637085 	43.081318 	94.339813 	115.602768 	19.313208 	74.242844 	8.944272 	22.135944 	113.225441 	127.283150 	94.514549 	999.000000 	122.800652 	146.413803 	134.825821 	31.780497 	82.292160 	8.000000 	120.432556 	
101.074226 	29.017237 	84.723076 	112.254173 	119.866592 	65.192024 	48.877399 	58.523499 	94.302704 	20.615528 	29.120440 	51.855568 	13.892444 	20.615528 	26.683329 	37.643059 	98.812958 	106.254410 	69.354164 	20.808653 	36.013885 	88.729927 	102.800781 	29.000000 	45.967381 	118.983192 	53.758720 	105.603027 	82.073135 	13.453624 	121.247681 	129.247818 	26.400757 	82.024384 	30.000000 	7.211102 	104.350372 	51.224995 	114.017540 	102.068604 	10.000000 	6.082763 	31.384710 	122.800652 	999.000000 	28.160255 	13.928389 	94.752312 	44.944408 	116.516090 	4.000000 	
122.200653 	46.400433 	107.056061 	133.221619 	140.346008 	88.391174 	72.138756 	82.036575 	117.456375 	42.520584 	16.031219 	76.837494 	28.284271 	17.888544 	14.035668 	63.007935 	122.347862 	129.495178 	94.641426 	46.324940 	12.727922 	113.278419 	126.574089 	55.226807 	72.111023 	141.767410 	79.881165 	129.402466 	107.298645 	40.249222 	144.422989 	151.855194 	53.665630 	107.615051 	57.245087 	34.014702 	128.763351 	78.032043 	137.887634 	126.732002 	37.696156 	22.135944 	59.093147 	146.413803 	28.160255 	999.000000 	14.317822 	120.253899 	72.449982 	140.730240 	32.015621 	
111.830231 	36.769554 	96.020828 	122.967476 	130.361038 	76.837494 	60.440052 	70.292244 	106.042442 	30.805843 	19.849434 	64.350601 	18.027756 	14.317822 	17.029387 	50.249378 	110.751976 	118.067780 	82.073135 	33.301651 	23.769728 	101.138519 	114.865135 	42.011902 	59.033890 	130.602448 	66.843102 	117.686020 	94.794518 	26.627054 	133.060135 	140.801285 	39.962482 	94.921021 	43.566040 	20.248457 	116.726173 	64.637451 	126.150703 	114.560028 	23.706539 	8.062258 	45.177429 	134.825821 	13.928389 	14.317822 	999.000000 	107.628990 	58.668560 	128.817703 	17.720045 	
31.144823 	76.157730 	24.738634 	36.674240 	43.657761 	34.176014 	48.877399 	39.357338 	17.804493 	77.801025 	111.830231 	43.416588 	92.200867 	104.292854 	111.220505 	57.384666 	15.811388 	20.880613 	25.612497 	74.330345 	122.331520 	10.049875 	15.811388 	65.764732 	48.795490 	32.015621 	41.036568 	17.262676 	13.038404 	81.320351 	32.140316 	41.194660 	68.680420 	12.727922 	65.192024 	87.692642 	13.000000 	44.204071 	23.194826 	10.000000 	84.864601 	99.764725 	64.815125 	31.780497 	94.752312 	120.253899 	107.628990 	999.000000 	51.865211 	24.041630 	91.967384 	
66.483078 	37.336308 	49.254440 	77.103828 	85.158676 	31.144823 	22.203604 	25.709921 	56.044624 	33.241539 	67.911705 	16.763054 	46.572525 	59.203041 	66.483078 	14.866069 	59.464275 	67.067131 	28.460499 	26.925823 	77.491936 	47.927029 	62.769421 	18.248287 	9.433981 	80.056229 	13.038404 	65.391129 	40.249222 	32.202484 	81.541397 	90.249657 	18.788294 	39.446167 	15.231546 	38.470768 	63.063461 	8.246211 	73.348480 	60.415230 	34.985710 	50.606323 	13.601471 	82.292160 	44.944408 	72.449982 	58.668560 	51.865211 	999.000000 	75.179787 	41.617306 	
28.000000 	95.131485 	35.355339 	25.079872 	28.425341 	52.402290 	68.593002 	58.694122 	24.186773 	98.290382 	130.873978 	64.660652 	112.449989 	123.987900 	130.598618 	78.873314 	18.867962 	13.341664 	47.434166 	95.775780 	141.495590 	27.802877 	14.422205 	87.618492 	71.028160 	12.041595 	63.513779 	11.661903 	34.985710 	103.077644 	9.848858 	18.248287 	91.021973 	35.777088 	87.658424 	109.343498 	12.206555 	67.230942 	4.000000 	14.764823 	106.826965 	121.165176 	87.664131 	8.000000 	116.516090 	140.730240 	128.817703 	24.041630 	75.179787 	999.000000 	114.017540 	
99.317673 	29.154760 	82.764725 	110.494347 	118.186295 	63.134777 	46.957428 	56.435802 	92.114059 	20.024984 	32.984844 	49.406479 	16.278820 	24.351591 	30.594116 	35.227829 	96.519424 	104.009613 	66.708321 	18.788294 	40.012497 	86.214851 	100.439034 	26.400757 	43.185646 	116.811813 	50.931328 	103.227905 	79.397736 	11.180340 	118.983192 	127.094452 	23.345236 	79.246452 	26.907248 	6.000000 	101.828285 	48.166378 	111.606453 	99.488693 	7.211102 	10.049875 	28.017851 	120.432556 	4.000000 	32.015621 	17.720045 	91.967384 	41.617306 	114.017540 	999.000000 	

Travel time:
9.000000 	1.895059 	0.431567 	0.279509 	0.474342 	0.917197 	1.309819 	1.083109 	0.347311 	2.028084 	2.761340 	1.291559 	2.357568 	2.615937 	2.765863 	1.621149 	0.390512 	0.382426 	0.975320 	2.013237 	3.025413 	0.614919 	0.447214 	1.843400 	1.485976 	0.548293 	1.336507 	0.474342 	0.790569 	2.203548 	0.640800 	0.770146 	1.952723 	0.854400 	1.882153 	2.347871 	0.581485 	1.457738 	0.600000 	0.617454 	2.304886 	2.620234 	1.910007 	0.728011 	2.526856 	3.055016 	2.795756 	0.778621 	1.662077 	0.700000 	2.482942 	
1.895059 	9.000000 	1.520691 	2.170973 	2.350798 	1.070047 	0.682367 	0.922293 	1.786232 	0.246221 	0.895126 	0.845946 	0.469707 	0.725000 	0.886707 	0.575000 	1.912132 	2.086265 	1.274755 	0.406971 	1.160011 	1.706055 	2.020211 	0.515388 	0.803508 	2.388122 	0.970824 	2.090753 	1.578369 	0.515388 	2.457260 	2.638773 	0.596343 	1.598828 	0.637377 	0.579871 	2.085216 	0.977880 	2.302444 	2.040221 	0.601041 	0.770146 	0.726722 	2.511225 	0.725431 	1.160011 	0.919239 	1.903943 	0.933408 	2.378287 	0.728869 	
0.431567 	1.520691 	9.000000 	0.704006 	0.903466 	0.492443 	0.896172 	0.660019 	0.279509 	1.630376 	2.406502 	0.862047 	1.971833 	2.245690 	2.404423 	1.198176 	0.413824 	0.570088 	0.559017 	1.600195 	2.672195 	0.371652 	0.525595 	1.421487 	1.055047 	0.867828 	0.905539 	0.592663 	0.459619 	1.789728 	0.937083 	1.120547 	1.527457 	0.530330 	1.454734 	1.938105 	0.625000 	1.027740 	0.797653 	0.608276 	1.889775 	2.218812 	1.480076 	0.995615 	2.118077 	2.676402 	2.400521 	0.618466 	1.231361 	0.883883 	2.069118 	
0.279509 	2.170973 	0.704006 	9.000000 	0.201556 	1.193995 	1.589025 	1.360606 	0.552268 	2.307054 	3.031604 	1.566046 	2.634862 	2.890069 	3.037783 	1.899013 	0.529741 	0.410031 	1.229075 	2.292651 	3.294883 	0.813941 	0.527376 	2.121615 	1.758550 	0.375832 	1.603317 	0.515388 	1.007782 	2.482942 	0.475657 	0.538516 	2.229910 	1.064483 	2.158269 	2.627380 	0.640312 	1.722099 	0.536773 	0.700446 	2.584207 	2.899354 	2.184033 	0.577170 	2.806354 	3.330540 	3.074187 	0.916856 	1.927596 	0.626997 	2.762359 	
0.474342 	2.350798 	0.903466 	0.201556 	9.000000 	1.391492 	1.782730 	1.557442 	0.750417 	2.494118 	3.201562 	1.765113 	2.817024 	3.066044 	3.210140 	2.095382 	0.715891 	0.571183 	1.430472 	2.485080 	3.463470 	1.007782 	0.696419 	2.317461 	1.958475 	0.416083 	1.804508 	0.670820 	1.204159 	2.675467 	0.503115 	0.475000 	2.427061 	1.258968 	2.356374 	2.818244 	0.794119 	1.923538 	0.636396 	0.860959 	2.777139 	3.086766 	2.383406 	0.604152 	2.996665 	3.508650 	3.259026 	1.091444 	2.128967 	0.710634 	2.954657 	
0.917197 	1.070047 	0.492443 	1.193995 	1.391492 	9.000000 	0.410031 	0.167705 	0.730154 	1.152443 	1.965006 	0.378319 	1.502706 	1.789728 	1.956080 	0.705780 	0.849264 	1.030776 	0.316228 	1.110462 	2.230051 	0.638847 	0.954594 	0.929045 	0.577170 	1.345595 	0.460977 	1.025305 	0.539676 	1.299279 	1.405569 	1.601757 	1.035918 	0.579871 	0.965013 	1.449569 	1.015197 	0.588430 	1.237437 	0.970824 	1.398660 	1.735115 	0.995301 	1.451293 	1.629801 	2.209779 	1.920937 	0.854400 	0.778621 	1.310057 	1.578369 	
1.309819 	0.682367 	0.896172 	1.589025 	1.782730 	0.410031 	9.000000 	0.247487 	1.140175 	0.743303 	1.574206 	0.206155 	1.096586 	1.390144 	1.560649 	0.325960 	1.258223 	1.440703 	0.594243 	0.704450 	1.837457 	1.030776 	1.362213 	0.539676 	0.320156 	1.755349 	0.371652 	1.432873 	0.896172 	0.894427 	1.815558 	2.011219 	0.657647 	0.916856 	0.600521 	1.041933 	1.415980 	0.450694 	1.644878 	1.366794 	0.995301 	1.325236 	0.651920 	1.860276 	1.221935 	1.803469 	1.511001 	1.221935 	0.555090 	1.714825 	1.173936 	
1.083109 	0.922293 	0.660019 	1.360606 	1.557442 	0.167705 	0.247487 	9.000000 	0.895126 	0.990581 	1.816762 	0.226385 	1.343968 	1.635925 	1.805028 	0.538516 	1.011496 	1.195042 	0.378319 	0.943398 	2.080865 	0.785016 	1.114955 	0.761577 	0.425735 	1.511622 	0.347311 	1.185591 	0.660019 	1.131923 	1.570032 	1.768120 	0.869626 	0.687841 	0.800391 	1.282819 	1.168867 	0.469707 	1.397542 	1.120547 	1.231107 	1.570032 	0.834416 	1.613420 	1.463087 	2.050914 	1.757306 	0.983933 	0.642748 	1.467353 	1.410895 	
0.347311 	1.786232 	0.279509 	0.552268 	0.750417 	0.730154 	1.140175 	0.895126 	9.000000 	1.882153 	2.676402 	1.073546 	2.229910 	2.510478 	2.672195 	1.423464 	0.134629 	0.301040 	0.691466 	1.837457 	2.942151 	0.269258 	0.246221 	1.646587 	1.253994 	0.617454 	1.083109 	0.313249 	0.456207 	2.024846 	0.675463 	0.874643 	1.744276 	0.515388 	1.666021 	2.177298 	0.353553 	1.195042 	0.520216 	0.350892 	2.122646 	2.465005 	1.680773 	0.725000 	2.357568 	2.936409 	2.651061 	0.445112 	1.401116 	0.604669 	2.302851 	
2.028084 	0.246221 	1.630376 	2.307054 	2.494118 	1.152443 	0.743303 	0.990581 	1.882153 	9.000000 	0.877853 	0.860233 	0.360555 	0.670820 	0.850368 	0.525595 	2.001406 	2.183031 	1.305038 	0.190394 	1.129712 	1.769181 	2.105499 	0.375832 	0.761577 	2.495245 	0.950329 	2.176149 	1.620378 	0.269258 	2.557587 	2.750000 	0.412311 	1.630376 	0.477624 	0.350892 	2.156965 	0.925000 	2.388122 	2.105499 	0.357946 	0.592663 	0.559017 	2.603483 	0.515388 	1.063015 	0.770146 	1.945026 	0.831038 	2.457260 	0.500625 	
2.761340 	0.895126 	2.406502 	3.031604 	3.201562 	1.965006 	1.574206 	1.816762 	2.676402 	0.877853 	9.000000 	1.722099 	0.534439 	0.225000 	0.070711 	1.402007 	2.804015 	2.975105 	2.161308 	1.025000 	0.265754 	2.601081 	2.912902 	1.243232 	1.638788 	3.270799 	1.825171 	2.983287 	2.469818 	0.926350 	3.343370 	3.517900 	1.241219 	2.486966 	1.323820 	0.801561 	2.980038 	1.802776 	3.194526 	2.935345 	0.901388 	0.594243 	1.389469 	3.400735 	0.728011 	0.400780 	0.496236 	2.795756 	1.697793 	3.271849 	0.824621 	
1.291559 	0.845946 	0.862047 	1.566046 	1.765113 	0.378319 	0.206155 	0.226385 	1.073546 	0.860233 	1.722099 	9.000000 	1.220656 	1.526434 	1.702388 	0.355317 	1.179248 	1.367708 	0.445112 	0.778621 	1.981477 	0.921954 	1.275980 	0.575543 	0.200000 	1.690044 	0.167705 	1.345595 	0.761988 	0.960469 	1.741049 	1.947434 	0.670820 	0.770146 	0.594243 	1.117195 	1.312441 	0.265754 	1.555032 	1.256234 	1.055047 	1.414655 	0.618466 	1.775704 	1.296389 	1.920937 	1.608765 	1.085415 	0.419076 	1.616516 	1.235162 	
2.357568 	0.469707 	1.971833 	2.634862 	2.817024 	1.502706 	1.096586 	1.343968 	2.229910 	0.360555 	0.534439 	1.220656 	9.000000 	0.316228 	0.498121 	0.883883 	2.351728 	2.530934 	1.665270 	0.491172 	0.775403 	2.126029 	2.457260 	0.711512 	1.118034 	2.839234 	1.308864 	2.527969 	1.980057 	0.403113 	2.904522 	3.092329 	0.707107 	1.990760 	0.789383 	0.313249 	2.512469 	1.276959 	2.740096 	2.462341 	0.403887 	0.325960 	0.855862 	2.953494 	0.347311 	0.707107 	0.450694 	2.305022 	1.164313 	2.811250 	0.406971 	
2.615937 	0.725000 	2.245690 	2.890069 	3.066044 	1.789728 	1.390144 	1.635925 	2.510478 	0.670820 	0.225000 	1.526434 	0.316228 	9.000000 	0.182003 	1.196349 	2.635455 	2.810805 	1.969296 	0.807001 	0.459619 	2.420744 	2.742832 	1.027740 	1.431782 	3.113077 	1.621149 	2.813472 	2.281584 	0.701783 	3.182177 	3.363406 	1.019804 	2.295240 	1.103687 	0.577170 	2.804015 	1.592365 	3.025413 	2.756470 	0.676849 	0.395285 	1.167262 	3.235448 	0.515388 	0.447214 	0.357946 	2.607321 	1.480076 	3.099698 	0.608790 	
2.765863 	0.886707 	2.404423 	3.037783 	3.210140 	1.956080 	1.560649 	1.805028 	2.672195 	0.850368 	0.070711 	1.702388 	0.498121 	0.182003 	9.000000 	1.375909 	2.798661 	2.971742 	2.143887 	0.989002 	0.279509 	2.590005 	2.906888 	1.209597 	1.611870 	3.270417 	1.800347 	2.977415 	2.454587 	0.880696 	3.341501 	3.518966 	1.201301 	2.469818 	1.285496 	0.750000 	2.971216 	1.773415 	3.189044 	2.925107 	0.850000 	0.529741 	1.348379 	3.397058 	0.667083 	0.350892 	0.425735 	2.780513 	1.662077 	3.264966 	0.764853 	
1.621149 	0.575000 	1.198176 	1.899013 	2.095382 	0.705780 	0.325960 	0.538516 	1.423464 	0.525595 	1.402007 	0.355317 	0.883883 	1.196349 	1.375909 	9.000000 	1.532359 	1.719920 	0.795692 	0.424264 	1.655295 	1.277204 	1.630376 	0.223607 	0.237171 	2.040833 	0.425000 	1.700184 	1.113833 	0.605186 	2.094039 	2.298097 	0.333542 	1.117195 	0.275000 	0.761988 	1.667708 	0.406971 	1.910007 	1.611094 	0.700446 	1.060660 	0.333542 	2.130288 	0.941076 	1.575198 	1.256234 	1.434617 	0.371652 	1.971833 	0.880696 	
0.390512 	1.912132 	0.413824 	0.529741 	0.715891 	0.849264 	1.258223 	1.011496 	0.134629 	2.001406 	2.804015 	1.179248 	2.351728 	2.635455 	2.798661 	1.532359 	9.000000 	0.190394 	0.775403 	1.950160 	3.069711 	0.301040 	0.111803 	1.754459 	1.353006 	0.515388 	1.175266 	0.180278 	0.502494 	2.136147 	0.561805 	0.771767 	1.848141 	0.550000 	1.767767 	2.290196 	0.225000 	1.281601 	0.390512 	0.237171 	2.232711 	2.580819 	1.777815 	0.602080 	2.470324 	3.058697 	2.768799 	0.395285 	1.486607 	0.471699 	2.412986 	
0.382426 	2.086265 	0.570088 	0.410031 	0.571183 	1.030776 	1.440703 	1.195042 	0.301040 	2.183031 	2.975105 	1.367708 	2.530934 	2.810805 	2.971742 	1.719920 	0.190394 	9.000000 	0.965660 	2.136147 	3.240852 	0.485412 	0.127475 	1.942453 	1.542928 	0.325000 	1.365650 	0.106066 	0.686477 	2.322849 	0.375000 	0.581485 	2.037308 	0.728869 	1.957358 	2.476136 	0.230489 	1.471819 	0.237171 	0.291548 	2.419969 	2.765072 	1.968026 	0.425735 	2.656360 	3.237380 	2.951694 	0.522015 	1.676678 	0.333542 	2.600240 	
0.975320 	1.274755 	0.559017 	1.229075 	1.430472 	0.316228 	0.594243 	0.378319 	0.691466 	1.305038 	2.161308 	0.445112 	1.665270 	1.969296 	2.143887 	0.795692 	0.775403 	0.965660 	9.000000 	1.219887 	2.422421 	0.493077 	0.860959 	1.009022 	0.590021 	1.290591 	0.403113 	0.928036 	0.318198 	1.397542 	1.330648 	1.546165 	1.090011 	0.325960 	1.005609 	1.556037 	0.880696 	0.506211 	1.131923 	0.820061 	1.488707 	1.856240 	1.007782 	1.355083 	1.733854 	2.366036 	2.051828 	0.640312 	0.711512 	1.185854 	1.667708 	
2.013237 	0.406971 	1.600195 	2.292651 	2.485080 	1.110462 	0.704450 	0.943398 	1.837457 	0.190394 	1.025000 	0.778621 	0.491172 	0.807001 	0.989002 	0.424264 	1.950160 	2.136147 	1.219887 	9.000000 	1.264911 	1.700368 	2.050152 	0.223607 	0.645174 	2.454587 	0.840015 	2.120289 	1.538059 	0.190394 	2.510976 	2.711319 	0.226385 	1.540495 	0.301040 	0.340037 	2.090753 	0.794119 	2.330906 	2.034853 	0.292617 	0.636396 	0.375832 	2.550122 	0.520216 	1.158123 	0.832541 	1.858259 	0.673146 	2.394394 	0.469707 	
3.025413 	1.160011 	2.672195 	3.294883 	3.463470 	2.230051 	1.837457 	2.080865 	2.942151 	1.129712 	0.265754 	1.981477 	0.775403 	0.459619 	0.279509 	1.655295 	3.069711 	3.240852 	2.422421 	1.264911 	9.000000 	2.865528 	3.178541 	1.486607 	1.891098 	3.536241 	2.079814 	3.248942 	2.732330 	1.147279 	3.609016 	3.783021 	1.473516 	2.748295 	1.559046 	1.007782 	3.245189 	2.051981 	3.460220 	3.200098 	1.107080 	0.751665 	1.619027 	3.666487 	0.900347 	0.318198 	0.594243 	3.058288 	1.937298 	3.537390 	1.000312 	
