Total assets = 619
Number of asset nodes = 40

Distance:
999.000000 	74.060783 	57.801384 	50.537113 	24.331051 	5.385165 	54.625999 	11.313708 	74.706093 	102.800781 	62.769421 	107.200745 	43.185646 	115.602768 	19.313208 	47.265209 	20.808653 	118.406082 	98.112183 	74.672615 	137.207870 	118.600166 	78.185677 	25.059929 	21.840330 	95.713112 	52.239830 	77.491936 	47.010635 	129.321304 	48.010414 	93.520050 	32.310989 	56.222771 	94.429871 	86.377083 	37.013512 	98.898941 	147.186951 	110.535065 	144.499130 	141.226761 	44.384682 	84.202141 	30.594116 	111.825760 	69.462219 	120.220627 	52.469040 	41.629318 	53.600372 	
74.060783 	999.000000 	17.029387 	24.839485 	53.037724 	75.432091 	22.825424 	85.211502 	8.602325 	29.000000 	18.248287 	33.301651 	42.047592 	41.773197 	90.686272 	39.560081 	69.656296 	44.598206 	25.000000 	18.357559 	65.215027 	44.687805 	18.439089 	66.610809 	91.967384 	24.083189 	38.078865 	20.000000 	43.324360 	55.865910 	44.922153 	24.186773 	62.265560 	37.336308 	25.179358 	23.323807 	109.986366 	29.017237 	74.652527 	37.643059 	71.589104 	67.896980 	55.973209 	27.586229 	98.351410 	39.293766 	34.928497 	46.518814 	49.819675 	63.324562 	50.635956 	
57.801384 	17.029387 	999.000000 	7.810250 	36.069378 	58.821766 	7.000000 	68.796799 	17.088007 	45.967381 	9.433981 	50.209560 	25.961510 	58.694122 	73.878281 	24.186773 	52.630791 	61.522354 	40.311287 	20.223749 	82.200974 	61.554855 	23.021729 	49.648766 	75.073296 	38.078865 	24.083189 	23.194826 	28.160255 	72.862885 	30.066593 	36.400551 	45.617977 	24.738634 	37.363083 	31.016125 	93.236259 	41.761227 	91.678787 	52.773098 	88.617157 	84.899940 	40.607880 	31.575306 	81.344948 	54.129475 	28.319605 	62.433964 	36.055511 	47.539455 	37.121422 	
50.537113 	24.839485 	7.810250 	999.000000 	28.319605 	51.312767 	5.099020 	61.400326 	24.186773 	53.758720 	13.038404 	57.982758 	19.104973 	66.468040 	66.219330 	18.110771 	44.821869 	69.296463 	47.707443 	25.179358 	90.000000 	69.310890 	28.442924 	41.880783 	67.357254 	45.177429 	19.313208 	28.160255 	22.090721 	80.659782 	24.186773 	43.081318 	38.078865 	21.095022 	44.011364 	36.674240 	85.603737 	48.466484 	99.488693 	60.033325 	96.426140 	92.698433 	34.058773 	36.000000 	73.552704 	61.294373 	28.301943 	69.892776 	30.805843 	40.607880 	32.015621 	
24.331051 	53.037724 	36.069378 	28.319605 	999.000000 	23.769728 	31.622776 	34.176014 	52.201534 	82.024384 	39.446167 	86.278618 	19.000000 	94.762863 	38.013157 	23.021729 	17.464249 	97.590981 	75.802376 	50.990196 	117.923706 	97.621719 	54.561890 	16.124516 	39.051247 	72.945183 	28.017851 	53.712196 	23.194826 	108.903625 	24.515301 	70.327805 	17.088007 	32.015621 	71.196907 	62.649822 	57.428215 	75.663727 	127.561752 	87.920418 	124.579292 	120.933868 	24.207438 	60.083275 	45.343136 	89.044930 	45.177429 	98.005104 	30.083218 	25.238859 	31.384710 	
5.385165 	75.432091 	58.821766 	51.312767 	23.769728 	999.000000 	55.072678 	10.440307 	75.471848 	104.350372 	63.063461 	108.706024 	41.976185 	117.153748 	15.811388 	46.097721 	16.552946 	119.970833 	99.020203 	74.732857 	139.316193 	120.104118 	78.294319 	21.189621 	17.888544 	96.384644 	50.990196 	77.472572 	45.398239 	131.045792 	46.173584 	93.941475 	28.861740 	54.918121 	94.826157 	86.406021 	34.655445 	99.297531 	149.201202 	111.305885 	146.413803 	143.010483 	41.436699 	83.815269 	26.248810 	112.507774 	68.249542 	121.202309 	50.039986 	37.947330 	51.088158 	
54.625999 	22.825424 	7.000000 	5.099020 	31.622776 	55.072678 	999.000000 	65.299309 	20.615528 	51.224995 	8.246211 	55.317268 	19.313208 	63.780876 	69.634758 	17.262676 	47.381432 	66.603302 	44.204071 	20.396078 	87.920418 	66.528191 	23.769728 	44.045429 	70.604530 	41.340054 	17.117243 	23.345236 	21.213203 	78.102493 	23.086792 	38.910152 	39.446167 	18.027756 	39.812057 	32.015621 	89.050545 	44.283180 	97.200821 	56.302753 	94.021271 	90.138779 	33.734257 	31.016125 	76.419891 	57.454330 	23.600847 	66.400299 	29.068884 	40.804413 	30.149628 	
11.313708 	85.211502 	68.796799 	61.400326 	34.176014 	10.440307 	65.299309 	999.000000 	85.586212 	114.017540 	73.348480 	118.406082 	52.392746 	126.822708 	10.049875 	56.515484 	25.317978 	129.630249 	109.077957 	85.088188 	148.519363 	129.807556 	88.639717 	30.265491 	13.152946 	106.550461 	61.392181 	87.846458 	55.731499 	140.584488 	56.435802 	104.201729 	38.209946 	65.306969 	105.095192 	96.772926 	25.806976 	109.567329 	158.492905 	121.433105 	155.794739 	152.502457 	51.088158 	94.244362 	22.090721 	122.674362 	78.644768 	131.228806 	60.008331 	46.872166 	61.000000 	
74.706093 	8.602325 	17.088007 	24.186773 	52.201534 	75.471848 	20.615528 	85.586212 	999.000000 	31.384710 	13.601471 	35.227829 	38.600517 	43.600460 	90.210861 	35.510563 	67.896980 	46.400433 	23.600847 	9.848858 	68.476273 	46.227695 	9.899495 	64.381676 	91.214035 	21.023796 	33.105892 	11.401754 	38.948685 	58.008621 	40.249222 	19.416489 	59.203041 	31.622776 	20.396078 	15.811388 	109.622078 	24.738634 	77.388626 	35.846897 	74.060783 	70.000000 	51.429562 	19.209373 	97.000000 	37.121422 	27.166155 	45.803928 	44.271889 	59.059292 	44.922153 	
102.800781 	29.000000 	45.967381 	53.758720 	82.024384 	104.350372 	51.224995 	114.017540 	31.384710 	999.000000 	44.944408 	4.472136 	69.892776 	12.806249 	119.670380 	66.887962 	98.493652 	15.620500 	13.341664 	37.947330 	37.121422 	15.811388 	35.171009 	95.268044 	120.966934 	18.248287 	64.412735 	37.107952 	70.327805 	26.907248 	71.589104 	23.194826 	90.443352 	62.649822 	23.345236 	32.015621 	138.946030 	22.472204 	46.043457 	17.492855 	42.801868 	38.948685 	82.764725 	39.012817 	127.310646 	19.723083 	55.542778 	21.000000 	75.239616 	90.426765 	75.769386 	
62.769421 	18.248287 	9.433981 	13.038404 	39.446167 	63.063461 	8.246211 	73.348480 	13.601471 	44.944408 	999.000000 	48.826221 	25.000000 	57.201397 	77.388626 	21.954498 	54.561890 	60.000000 	36.796738 	12.165525 	81.987801 	59.816387 	15.524175 	50.911690 	78.236816 	33.600594 	19.924858 	15.132746 	25.495098 	71.610054 	26.925823 	30.886890 	45.607018 	19.104973 	31.764761 	23.769728 	96.798759 	36.235340 	90.972527 	48.600410 	87.658424 	83.600243 	38.078865 	23.021729 	83.737686 	49.648766 	19.416489 	58.898216 	31.575306 	45.617977 	32.388271 	
107.200745 	33.301651 	50.209560 	57.982758 	86.278618 	108.706024 	55.317268 	118.406082 	35.227829 	4.472136 	48.826221 	999.000000 	73.817345 	8.485281 	123.987900 	70.724815 	102.649887 	11.313708 	15.033297 	41.231056 	33.615471 	11.401754 	38.275318 	99.357941 	125.255737 	20.024984 	68.095520 	40.162170 	74.094536 	22.803509 	75.292763 	25.019993 	94.403389 	66.189125 	25.000000 	34.365681 	143.282944 	23.345236 	42.190044 	15.556349 	38.832977 	34.828148 	86.452301 	41.303753 	131.529465 	17.691807 	58.523499 	17.117243 	78.721024 	94.154129 	79.202271 	
43.185646 	42.047592 	25.961510 	19.104973 	19.000000 	41.976185 	19.313208 	52.392746 	38.600517 	69.892776 	25.000000 	73.817345 	999.000000 	82.200974 	54.625999 	4.123106 	30.528675 	85.000000 	61.554855 	34.828148 	106.850365 	84.811554 	38.418747 	26.400757 	55.009090 	58.000000 	9.055386 	37.202152 	5.000000 	96.607452 	7.071068 	54.671749 	20.615528 	13.038404 	55.443665 	46.043457 	73.790245 	59.816387 	115.935326 	72.917763 	112.645462 	108.600182 	15.000000 	42.485291 	59.640591 	73.756355 	26.305893 	83.450584 	14.212670 	21.587032 	15.620500 	
115.602768 	41.773197 	58.694122 	66.468040 	94.762863 	117.153748 	63.780876 	126.822708 	43.600460 	12.806249 	57.201397 	8.485281 	82.200974 	999.000000 	132.457535 	79.056938 	111.126053 	2.828427 	22.135944 	49.193497 	25.961510 	3.162278 	46.097721 	107.814659 	133.734818 	26.925823 	76.321686 	47.927029 	82.377182 	14.422205 	83.528435 	31.780497 	102.800781 	74.303429 	31.575306 	41.484936 	151.743210 	29.068884 	34.000000 	17.720045 	30.528675 	26.400757 	94.667839 	48.270073 	140.014282 	19.313208 	66.128662 	13.601471 	86.769814 	102.396286 	87.206650 	
19.313208 	90.686272 	73.878281 	66.219330 	38.013157 	15.811388 	69.634758 	10.049875 	90.210861 	119.670380 	77.388626 	123.987900 	54.625999 	132.457535 	999.000000 	58.694122 	24.738634 	135.281189 	113.811249 	88.684837 	154.935471 	135.369858 	92.282173 	29.614185 	3.162278 	110.941429 	63.324562 	91.301697 	57.245087 	146.454773 	57.567352 	108.226616 	37.483330 	67.067131 	109.077957 	100.239716 	19.416489 	113.534134 	164.769531 	125.924583 	161.929001 	158.448730 	50.487621 	97.082436 	12.041595 	127.027557 	80.324341 	136.014709 	60.016663 	45.011108 	60.827625 	
47.265209 	39.560081 	24.186773 	18.110771 	23.021729 	46.097721 	17.262676 	56.515484 	35.510563 	66.887962 	21.954498 	70.724815 	4.123106 	79.056938 	58.694122 	999.000000 	34.481880 	81.841309 	58.137768 	31.144823 	103.942291 	81.608826 	34.713108 	30.232433 	59.033890 	54.451813 	5.000000 	33.421551 	4.000000 	93.477272 	6.082763 	50.990196 	24.041630 	9.000000 	51.739735 	42.201897 	77.820305 	56.080299 	112.898186 	69.310890 	109.553642 	105.437187 	16.492422 	38.470768 	63.513779 	70.092796 	22.203604 	79.906197 	13.000000 	23.769728 	14.317822 	
20.808653 	69.656296 	52.630791 	44.821869 	17.464249 	16.552946 	47.381432 	25.317978 	67.896980 	98.493652 	54.561890 	102.649887 	30.528675 	111.126053 	24.738634 	34.481880 	999.000000 	113.951744 	91.350975 	65.215027 	134.807266 	113.899078 	68.818604 	5.000000 	24.698177 	88.090858 	38.910152 	67.675697 	32.695564 	125.399361 	32.893768 	85.000000 	13.000000 	42.544094 	85.802101 	76.550636 	43.462627 	90.210861 	144.308701 	103.077644 	141.226761 	137.440903 	26.019224 	72.945183 	29.206163 	104.019226 	55.713554 	113.454834 	35.355339 	21.587032 	36.221542 	
118.406082 	44.598206 	61.522354 	69.296463 	97.590981 	119.970833 	66.603302 	129.630249 	46.400433 	15.620500 	60.000000 	11.313708 	85.000000 	2.828427 	135.281189 	81.841309 	113.951744 	999.000000 	24.698177 	51.884487 	23.537205 	1.414214 	48.754486 	110.634537 	136.561340 	29.410883 	79.075912 	50.566788 	85.146935 	11.661903 	86.284416 	34.205261 	105.603027 	77.025970 	33.955853 	43.965897 	154.563904 	31.257000 	31.304953 	19.235384 	27.784887 	23.600847 	97.416634 	50.695168 	142.842575 	20.615528 	68.709534 	13.453624 	89.470665 	105.152267 	89.894379 	
98.112183 	25.000000 	40.311287 	47.707443 	75.802376 	99.020203 	44.204071 	109.077957 	23.600847 	13.341664 	36.796738 	15.033297 	61.554855 	22.135944 	113.811249 	58.137768 	91.350975 	24.698177 	999.000000 	27.459061 	48.083260 	24.166092 	24.186773 	87.692642 	114.808533 	5.000000 	55.000000 	25.942244 	61.220913 	36.249138 	62.201286 	10.000000 	82.134033 	52.697250 	10.049875 	19.416489 	133.221619 	9.433981 	55.946404 	12.649111 	52.325901 	47.885281 	73.239334 	26.305893 	120.507263 	14.317822 	44.011364 	22.203604 	65.000000 	81.024689 	65.368187 	
74.672615 	18.357559 	20.223749 	25.179358 	50.990196 	74.732857 	20.396078 	85.088188 	9.848858 	37.947330 	12.165525 	41.231056 	34.828148 	49.193497 	88.684837 	31.144823 	65.215027 	51.884487 	27.459061 	999.000000 	74.846512 	51.478149 	3.605551 	61.220913 	89.358826 	23.430750 	27.658634 	3.000000 	33.970577 	63.529522 	34.828148 	19.849434 	55.172459 	25.238859 	20.615528 	11.704700 	108.046288 	25.000000 	83.186539 	38.183765 	79.649231 	75.292763 	45.803928 	11.401754 	94.403389 	38.948685 	18.027756 	48.836460 	37.589893 	53.600372 	38.013157 	
137.207870 	65.215027 	82.200974 	90.000000 	117.923706 	139.316193 	87.920418 	148.519363 	68.476273 	37.121422 	81.987801 	33.615471 	106.850365 	25.961510 	154.935471 	103.942291 	134.807266 	23.537205 	48.083260 	74.846512 	999.000000 	24.331051 	71.867935 	131.825638 	156.464050 	52.886673 	101.533249 	73.736015 	107.424393 	13.038404 	108.706024 	57.723480 	127.318497 	99.744675 	57.489128 	67.446274 	173.954010 	54.744862 	10.295630 	42.047592 	9.055386 	9.848858 	119.883278 	74.215904 	163.248276 	43.000000 	92.027168 	33.241539 	112.307610 	127.534309 	112.805145 	
118.600166 	44.687805 	61.554855 	69.310890 	97.621719 	120.104118 	66.528191 	129.807556 	46.227695 	15.811388 	59.816387 	11.401754 	84.811554 	3.162278 	135.369858 	81.608826 	113.899078 	1.414214 	24.166092 	51.478149 	24.331051 	999.000000 	48.301140 	110.535065 	136.619904 	28.792360 	78.771820 	50.089920 	84.876381 	12.083046 	85.982559 	33.526108 	105.422958 	76.661591 	33.241539 	43.324360 	154.673843 	30.413813 	31.780497 	18.110771 	28.178005 	23.853722 	97.097885 	50.000000 	142.835571 	19.416489 	68.154236 	12.041595 	89.067390 	104.847511 	89.470665 	
78.185677 	18.439089 	23.021729 	28.442924 	54.561890 	78.294319 	23.769728 	88.639717 	9.899495 	35.171009 	15.524175 	38.275318 	38.418747 	46.097721 	92.282173 	34.713108 	68.818604 	48.754486 	24.186773 	3.605551 	71.867935 	48.301140 	999.000000 	64.815125 	92.962357 	20.000000 	31.144823 	2.000000 	37.483330 	60.373837 	38.288380 	16.278820 	58.728188 	28.600698 	17.029387 	8.246211 	111.646767 	21.400934 	80.056229 	34.655445 	76.478752 	72.069412 	49.203659 	9.433981 	98.005104 	35.383614 	20.396078 	45.343136 	40.816662 	57.008770 	41.182522 	
25.059929 	66.610809 	49.648766 	41.880783 	16.124516 	21.189621 	44.045429 	30.265491 	64.381676 	95.268044 	50.911690 	99.357941 	26.400757 	107.814659 	29.614185 	30.232433 	5.000000 	110.634537 	87.692642 	61.220913 	131.825638 	110.535065 	64.815125 	999.000000 	29.410883 	84.291161 	34.481880 	63.600315 	28.178005 	122.147453 	28.231188 	81.055534 	8.000000 	38.013157 	81.835197 	72.422371 	48.104053 	86.214851 	141.209061 	99.247169 	138.057953 	134.182709 	21.023796 	68.600288 	33.286633 	100.124924 	51.078373 	109.713264 	30.413813 	16.763054 	31.257000 	
21.840330 	91.967384 	75.073296 	67.357254 	39.051247 	17.888544 	70.604530 	13.152946 	91.214035 	120.966934 	78.236816 	125.255737 	55.009090 	133.734818 	3.162278 	59.033890 	24.698177 	136.561340 	114.808533 	89.358826 	156.464050 	136.619904 	92.962357 	29.410883 	999.000000 	111.830231 	63.560993 	91.923882 	57.384666 	147.800537 	57.584721 	109.000000 	37.107952 	67.230942 	109.836243 	100.846420 	18.788294 	114.280357 	166.243790 	126.826653 	163.355438 	159.812393 	50.009998 	97.493591 	9.000000 	127.882759 	80.411446 	137.003647 	59.665737 	44.181442 	60.415230 	
95.713112 	24.083189 	38.078865 	45.177429 	72.945183 	96.384644 	41.340054 	106.550461 	21.023796 	18.248287 	33.600594 	20.024984 	58.000000 	26.925823 	110.941429 	54.451813 	88.090858 	29.410883 	5.000000 	23.430750 	52.886673 	28.792360 	20.000000 	84.291161 	111.830231 	999.000000 	51.088158 	21.633308 	57.384666 	40.853397 	58.258045 	5.000000 	78.492035 	48.600410 	5.099020 	14.560220 	130.357208 	5.830952 	60.539242 	15.000000 	56.859474 	52.325901 	69.202599 	21.377558 	117.290237 	16.124516 	39.395432 	25.455845 	60.745369 	77.006493 	61.057350 	
52.239830 	38.078865 	24.083189 	19.313208 	28.017851 	50.990196 	17.117243 	61.392181 	33.105892 	64.412735 	19.924858 	68.095520 	9.055386 	76.321686 	63.324562 	5.000000 	38.910152 	79.075912 	55.000000 	27.658634 	101.533249 	78.771820 	31.144823 	34.481880 	63.560993 	51.088158 	999.000000 	29.698484 	6.403124 	90.735878 	7.211102 	47.381432 	27.802877 	4.000000 	48.083260 	38.288380 	82.346825 	52.345009 	110.276924 	65.795135 	106.850365 	102.625534 	18.357559 	34.132095 	67.742157 	66.468040 	17.262676 	76.485291 	12.000000 	26.076809 	13.038404 	
77.491936 	20.000000 	23.194826 	28.160255 	53.712196 	77.472572 	23.345236 	87.846458 	11.401754 	37.107952 	15.132746 	40.162170 	37.202152 	47.927029 	91.301697 	33.421551 	67.675697 	50.566788 	25.942244 	3.000000 	73.736015 	50.089920 	2.000000 	63.600315 	91.923882 	21.633308 	29.698484 	999.000000 	36.069378 	62.169125 	36.796738 	17.691807 	57.384666 	27.018513 	18.384777 	8.944272 	110.639053 	22.671568 	81.859634 	36.124783 	78.262383 	73.824112 	47.634022 	8.544003 	96.834908 	36.769554 	18.439089 	46.861500 	39.115215 	55.443665 	39.446167 	
47.010635 	43.324360 	28.160255 	22.090721 	23.194826 	45.398239 	21.213203 	55.731499 	38.948685 	70.327805 	25.495098 	74.094536 	5.000000 	82.377182 	57.245087 	4.000000 	32.695564 	85.146935 	61.220913 	33.970577 	107.424393 	84.876381 	37.483330 	28.178005 	57.384666 	57.384666 	6.403124 	36.069378 	999.000000 	96.798759 	2.236068 	53.740116 	21.400934 	9.848858 	54.451813 	44.687805 	76.157730 	58.728188 	116.284134 	72.138756 	112.898186 	108.724419 	12.649111 	40.496914 	61.400326 	72.835434 	23.086792 	82.807007 	9.433981 	20.124611 	10.816654 	
129.321304 	55.865910 	72.862885 	80.659782 	108.903625 	131.045792 	78.102493 	140.584488 	58.008621 	26.907248 	71.610054 	22.803509 	96.607452 	14.422205 	146.454773 	93.477272 	125.399361 	11.661903 	36.249138 	63.529522 	13.038404 	12.083046 	60.373837 	122.147453 	147.800537 	40.853397 	90.735878 	62.169125 	96.798759 	999.000000 	97.943863 	45.541191 	117.200684 	88.684837 	45.221676 	55.362442 	165.680420 	42.201897 	19.697716 	29.154760 	16.124516 	12.041595 	109.077957 	61.983868 	154.207657 	30.016663 	80.230919 	20.223749 	101.118744 	116.811813 	101.533249 	
48.010414 	44.922153 	30.066593 	24.186773 	24.515301 	46.173584 	23.086792 	56.435802 	40.249222 	71.589104 	26.925823 	75.292763 	7.071068 	83.528435 	57.567352 	6.082763 	32.893768 	86.284416 	62.201286 	34.828148 	108.706024 	85.982559 	38.288380 	28.231188 	57.584721 	58.258045 	7.211102 	36.796738 	2.236068 	97.943863 	999.000000 	54.488529 	21.095022 	10.000000 	55.172459 	45.276924 	76.321686 	59.396969 	117.477661 	72.917763 	114.057007 	109.836243 	11.180340 	40.804413 	61.294373 	73.552704 	22.847319 	83.630135 	7.211102 	18.867962 	8.602325 	
93.520050 	24.186773 	36.400551 	43.081318 	70.327805 	93.941475 	38.910152 	104.201729 	19.416489 	23.194826 	30.886890 	25.019993 	54.671749 	31.780497 	108.226616 	50.990196 	85.000000 	34.205261 	10.000000 	19.849434 	57.723480 	33.526108 	16.278820 	81.055534 	109.000000 	5.000000 	47.381432 	17.691807 	53.740116 	45.541191 	54.488529 	999.000000 	75.006668 	44.687805 	1.000000 	9.848858 	127.624451 	5.385165 	65.192024 	18.439089 	61.465439 	56.859474 	65.299309 	16.492422 	114.201576 	19.104973 	34.885529 	29.206163 	56.612720 	73.109505 	56.859474 	
32.310989 	62.265560 	45.617977 	38.078865 	17.088007 	28.861740 	39.446167 	38.209946 	59.203041 	90.443352 	45.607018 	94.403389 	20.615528 	102.800781 	37.483330 	24.041630 	13.000000 	105.603027 	82.134033 	55.172459 	127.318497 	105.422958 	58.728188 	8.000000 	37.107952 	78.492035 	27.802877 	57.384666 	21.400934 	117.200684 	21.095022 	75.006668 	999.000000 	31.064449 	75.742989 	66.068146 	55.659679 	80.056229 	136.484436 	93.348808 	133.221619 	129.201401 	13.038404 	61.854668 	40.249222 	94.111633 	43.829212 	103.947105 	22.561028 	9.433981 	23.345236 	
56.222771 	37.336308 	24.738634 	21.095022 	32.015621 	54.918121 	18.027756 	65.306969 	31.622776 	62.649822 	19.104973 	66.189125 	13.038404 	74.303429 	67.067131 	9.000000 	42.544094 	77.025970 	52.697250 	25.238859 	99.744675 	76.661591 	28.600698 	38.013157 	67.230942 	48.600410 	4.000000 	27.018513 	9.848858 	88.684837 	10.000000 	44.687805 	31.064449 	999.000000 	45.343136 	35.355339 	86.005814 	49.517673 	108.300507 	63.126858 	104.809349 	100.498756 	20.615528 	30.805843 	71.196907 	63.702435 	13.341664 	73.878281 	12.649111 	28.425341 	13.341664 	
94.429871 	25.179358 	37.363083 	44.011364 	71.196907 	94.826157 	39.812057 	105.095192 	20.396078 	23.345236 	31.764761 	25.000000 	55.443665 	31.575306 	109.077957 	51.739735 	85.802101 	33.955853 	10.049875 	20.615528 	57.489128 	33.241539 	17.029387 	81.835197 	109.836243 	5.099020 	48.083260 	18.384777 	54.451813 	45.221676 	55.172459 	1.000000 	75.742989 	45.343136 	999.000000 	10.295630 	128.471786 	4.472136 	64.845970 	17.804493 	61.098282 	56.462376 	65.946945 	16.763054 	115.000000 	18.384777 	35.355339 	28.600698 	57.201397 	73.756355 	57.428215 	
86.377083 	23.323807 	31.016125 	36.674240 	62.649822 	86.406021 	32.015621 	96.772926 	15.811388 	32.015621 	23.769728 	34.365681 	46.043457 	41.484936 	100.239716 	42.201897 	76.550636 	43.965897 	19.416489 	11.704700 	67.446274 	43.324360 	8.246211 	72.422371 	100.846420 	14.560220 	38.288380 	8.944272 	44.687805 	55.362442 	45.276924 	9.848858 	66.068146 	35.355339 	10.295630 	999.000000 	119.570061 	14.212670 	75.026665 	28.017851 	71.309189 	66.708321 	55.901699 	7.000000 	105.683487 	28.425341 	25.059929 	38.832977 	47.010635 	63.702435 	47.201694 	
37.013512 	109.986366 	93.236259 	85.603737 	57.428215 	34.655445 	89.050545 	25.806976 	109.622078 	138.946030 	96.798759 	143.282944 	73.790245 	151.743210 	19.416489 	77.820305 	43.462627 	154.563904 	133.221619 	108.046288 	173.954010 	154.673843 	111.646767 	48.104053 	18.788294 	130.357208 	82.346825 	110.639053 	76.157730 	165.680420 	76.321686 	127.624451 	55.659679 	86.005814 	128.471786 	119.570061 	999.000000 	132.924789 	183.853195 	145.340973 	181.069046 	177.654160 	68.410522 	116.275536 	17.029387 	146.441116 	99.161484 	155.425217 	78.160095 	62.169125 	78.847954 	
98.898941 	29.017237 	41.761227 	48.466484 	75.663727 	99.297531 	44.283180 	109.567329 	24.738634 	22.472204 	36.235340 	23.345236 	59.816387 	29.068884 	113.534134 	56.080299 	90.210861 	31.257000 	9.433981 	25.000000 	54.744862 	30.413813 	21.400934 	86.214851 	114.280357 	5.830952 	52.345009 	22.671568 	58.728188 	42.201897 	59.396969 	5.385165 	80.056229 	49.517673 	4.472136 	14.212670 	132.924789 	999.000000 	61.684681 	13.892444 	57.870544 	53.141319 	70.092796 	20.124611 	119.402679 	14.212670 	39.115215 	24.698177 	61.220913 	77.897369 	61.400326 	
147.186951 	74.652527 	91.678787 	99.488693 	127.561752 	149.201202 	97.200821 	158.492905 	77.388626 	46.043457 	90.972527 	42.190044 	115.935326 	34.000000 	164.769531 	112.898186 	144.308701 	31.304953 	55.946404 	83.186539 	10.295630 	31.780497 	80.056229 	141.209061 	166.243790 	60.539242 	110.276924 	81.859634 	116.284134 	19.697716 	117.477661 	65.192024 	136.484436 	108.300507 	64.845970 	75.026665 	183.853195 	61.684681 	999.000000 	48.270073 	4.000000 	9.000000 	128.631256 	81.596565 	172.904602 	48.836460 	99.924973 	38.327538 	120.768372 	136.341476 	121.198181 	
110.535065 	37.643059 	52.773098 	60.033325 	87.920418 	111.305885 	56.302753 	121.433105 	35.846897 	17.492855 	48.600410 	15.556349 	72.917763 	17.720045 	125.924583 	69.310890 	103.077644 	19.235384 	12.649111 	38.183765 	42.047592 	18.110771 	34.655445 	99.247169 	126.826653 	15.000000 	65.795135 	36.124783 	72.138756 	29.154760 	72.917763 	18.439089 	93.348808 	63.126858 	17.804493 	28.017851 	145.340973 	13.892444 	48.270073 	999.000000 	44.384682 	39.560081 	83.737686 	34.000000 	132.279999 	2.236068 	53.000000 	10.816654 	75.000000 	91.547798 	75.213028 	
144.499130 	71.589104 	88.617157 	96.426140 	124.579292 	146.413803 	94.021271 	155.794739 	74.060783 	42.801868 	87.658424 	38.832977 	112.645462 	30.528675 	161.929001 	109.553642 	141.226761 	27.784887 	52.325901 	79.649231 	9.055386 	28.178005 	76.478752 	138.057953 	163.355438 	56.859474 	106.850365 	78.262383 	112.898186 	16.124516 	114.057007 	61.465439 	133.221619 	104.809349 	61.098282 	71.309189 	181.069046 	57.870544 	4.000000 	44.384682 	999.000000 	5.000000 	125.195847 	77.833153 	169.917633 	44.911022 	96.254868 	34.365681 	117.239075 	132.924789 	117.647781 	
141.226761 	67.896980 	84.899940 	92.698433 	120.933868 	143.010483 	90.138779 	152.502457 	70.000000 	38.948685 	83.600243 	34.828148 	108.600182 	26.400757 	158.448730 	105.437187 	137.440903 	23.600847 	47.885281 	75.292763 	9.848858 	23.853722 	72.069412 	134.182709 	159.812393 	52.325901 	102.625534 	73.824112 	108.724419 	12.041595 	109.836243 	56.859474 	129.201401 	100.498756 	56.462376 	66.708321 	177.654160 	53.141319 	9.000000 	39.560081 	5.000000 	999.000000 	120.950401 	73.164200 	166.243790 	40.024994 	91.706055 	29.427877 	112.871605 	128.701202 	113.251930 	
44.384682 	55.973209 	40.607880 	34.058773 	24.207438 	41.436699 	33.734257 	51.088158 	51.429562 	82.764725 	38.078865 	86.452301 	15.000000 	94.667839 	50.487621 	16.492422 	26.019224 	97.416634 	73.239334 	45.803928 	119.883278 	97.097885 	49.203659 	21.023796 	50.009998 	69.202599 	18.357559 	47.634022 	12.649111 	109.077957 	11.180340 	65.299309 	13.038404 	20.615528 	65.946945 	55.901699 	68.410522 	70.092796 	128.631256 	83.737686 	125.195847 	120.950401 	999.000000 	50.990196 	52.554733 	84.291161 	32.202484 	94.493385 	9.848858 	7.810250 	10.440307 	
84.202141 	27.586229 	31.575306 	36.000000 	60.083275 	83.815269 	31.016125 	94.244362 	19.209373 	39.012817 	23.021729 	41.303753 	42.485291 	48.270073 	97.082436 	38.470768 	72.945183 	50.695168 	26.305893 	11.401754 	74.215904 	50.000000 	9.433981 	68.600288 	97.493591 	21.377558 	34.132095 	8.544003 	40.496914 	61.983868 	40.804413 	16.492422 	61.854668 	30.805843 	16.763054 	7.000000 	116.275536 	20.124611 	81.596565 	34.000000 	77.833153 	73.164200 	50.990196 	999.000000 	101.872467 	34.132095 	19.209373 	44.777225 	41.725292 	58.728188 	41.773197 	
30.594116 	98.351410 	81.344948 	73.552704 	45.343136 	26.248810 	76.419891 	22.090721 	97.000000 	127.310646 	83.737686 	131.529465 	59.640591 	140.014282 	12.041595 	63.513779 	29.206163 	142.842575 	120.507263 	94.403389 	163.248276 	142.835571 	98.005104 	33.286633 	9.000000 	117.290237 	67.742157 	96.834908 	61.400326 	154.207657 	61.294373 	114.201576 	40.249222 	71.196907 	115.000000 	105.683487 	17.029387 	119.402679 	172.904602 	132.279999 	169.917633 	166.243790 	52.554733 	101.872467 	999.000000 	133.225372 	84.077347 	142.635895 	62.393909 	45.880280 	62.968246 	
111.825760 	39.293766 	54.129475 	61.294373 	89.044930 	112.507774 	57.454330 	122.674362 	37.121422 	19.723083 	49.648766 	17.691807 	73.756355 	19.313208 	127.027557 	70.092796 	104.019226 	20.615528 	14.317822 	38.948685 	43.000000 	19.416489 	35.383614 	100.124924 	127.882759 	16.124516 	66.468040 	36.769554 	72.835434 	30.016663 	73.552704 	19.104973 	94.111633 	63.702435 	18.384777 	28.425341 	146.441116 	14.212670 	48.836460 	2.236068 	44.911022 	40.024994 	84.291161 	34.132095 	133.225372 	999.000000 	53.254108 	10.770329 	75.432091 	92.097771 	75.604233 	
69.462219 	34.928497 	28.319605 	28.301943 	45.177429 	68.249542 	23.600847 	78.644768 	27.166155 	55.542778 	19.416489 	58.523499 	26.305893 	66.128662 	80.324341 	22.203604 	55.713554 	68.709534 	44.011364 	18.027756 	92.027168 	68.154236 	20.396078 	51.078373 	80.411446 	39.395432 	17.262676 	18.439089 	23.086792 	80.230919 	22.847319 	34.885529 	43.829212 	13.341664 	35.355339 	25.059929 	99.161484 	39.115215 	99.924973 	53.000000 	96.254868 	91.706055 	32.202484 	19.209373 	84.077347 	53.254108 	999.000000 	63.812225 	22.671568 	39.824615 	22.627417 	
120.220627 	46.518814 	62.433964 	69.892776 	98.005104 	121.202309 	66.400299 	131.228806 	45.803928 	21.000000 	58.898216 	17.117243 	83.450584 	13.601471 	136.014709 	79.906197 	113.454834 	13.453624 	22.203604 	48.836460 	33.241539 	12.041595 	45.343136 	109.713264 	137.003647 	25.455845 	76.485291 	46.861500 	82.807007 	20.223749 	83.630135 	29.206163 	103.947105 	73.878281 	28.600698 	38.832977 	155.425217 	24.698177 	38.327538 	10.816654 	34.365681 	29.427877 	94.493385 	44.777225 	142.635895 	10.770329 	63.812225 	999.000000 	85.802101 	102.303467 	86.023254 	
52.469040 	49.819675 	36.055511 	30.805843 	30.083218 	50.039986 	29.068884 	60.008331 	44.271889 	75.239616 	31.575306 	78.721024 	14.212670 	86.769814 	60.016663 	13.000000 	35.355339 	89.470665 	65.000000 	37.589893 	112.307610 	89.067390 	40.816662 	30.413813 	59.665737 	60.745369 	12.000000 	39.115215 	9.433981 	101.118744 	7.211102 	56.612720 	22.561028 	12.649111 	57.201397 	47.010635 	78.160095 	61.220913 	120.768372 	75.000000 	117.239075 	112.871605 	9.848858 	41.725292 	62.393909 	75.432091 	22.671568 	85.802101 	999.000000 	17.204651 	1.414214 	
41.629318 	63.324562 	47.539455 	40.607880 	25.238859 	37.947330 	40.804413 	46.872166 	59.059292 	90.426765 	45.617977 	94.154129 	21.587032 	102.396286 	45.011108 	23.769728 	21.587032 	105.152267 	81.024689 	53.600372 	127.534309 	104.847511 	57.008770 	16.763054 	44.181442 	77.006493 	26.076809 	55.443665 	20.124611 	116.811813 	18.867962 	73.109505 	9.433981 	28.425341 	73.756355 	63.702435 	62.169125 	77.897369 	136.341476 	91.547798 	132.924789 	128.701202 	7.810250 	58.728188 	45.880280 	92.097771 	39.824615 	102.303467 	17.204651 	999.000000 	17.492855 	
53.600372 	50.635956 	37.121422 	32.015621 	31.384710 	51.088158 	30.149628 	61.000000 	44.922153 	75.769386 	32.388271 	79.202271 	15.620500 	87.206650 	60.827625 	14.317822 	36.221542 	89.894379 	65.368187 	38.013157 	112.805145 	89.470665 	41.182522 	31.257000 	60.415230 	61.057350 	13.038404 	39.446167 	10.816654 	101.533249 	8.602325 	56.859474 	23.345236 	13.341664 	57.428215 	47.201694 	78.847954 	61.400326 	121.198181 	75.213028 	117.647781 	113.251930 	10.440307 	41.773197 	62.968246 	75.604233 	22.627417 	86.023254 	1.414214 	17.492855 	999.000000 	

Travel time:
9.000000 	1.851520 	1.445035 	1.263428 	0.608276 	0.134629 	1.365650 	0.282843 	1.867652 	2.570019 	1.569236 	2.680019 	1.079641 	2.890069 	0.482830 	1.181630 	0.520216 	2.960152 	2.452805 	1.866815 	3.430197 	2.965004 	1.954642 	0.626498 	0.546008 	2.392828 	1.305996 	1.937298 	1.175266 	3.233033 	1.200260 	2.338001 	0.807775 	1.405569 	2.360747 	2.159427 	0.925338 	2.472474 	3.679674 	2.763377 	3.612478 	3.530669 	1.109617 	2.105053 	0.764853 	2.795644 	1.736555 	3.005516 	1.311726 	1.040733 	1.340009 	
1.851520 	9.000000 	0.425735 	0.620987 	1.325943 	1.885802 	0.570636 	2.130288 	0.215058 	0.725000 	0.456207 	0.832541 	1.051190 	1.044330 	2.267157 	0.989002 	1.741407 	1.114955 	0.625000 	0.458939 	1.630376 	1.117195 	0.460977 	1.665270 	2.299185 	0.602080 	0.951972 	0.500000 	1.083109 	1.396648 	1.123054 	0.604669 	1.556639 	0.933408 	0.629484 	0.583095 	2.749659 	0.725431 	1.866313 	0.941076 	1.789728 	1.697425 	1.399330 	0.689656 	2.458785 	0.982344 	0.873212 	1.162970 	1.245492 	1.583114 	1.265899 	
1.445035 	0.425735 	9.000000 	0.195256 	0.901734 	1.470544 	0.175000 	1.719920 	0.427200 	1.149184 	0.235850 	1.255239 	0.649038 	1.467353 	1.846957 	0.604669 	1.315770 	1.538059 	1.007782 	0.505594 	2.055024 	1.538871 	0.575543 	1.241219 	1.876832 	0.951972 	0.602080 	0.579871 	0.704006 	1.821572 	0.751665 	0.910014 	1.140449 	0.618466 	0.934077 	0.775403 	2.330906 	1.044031 	2.291970 	1.319327 	2.215429 	2.122499 	1.015197 	0.789383 	2.033624 	1.353237 	0.707990 	1.560849 	0.901388 	1.188486 	0.928036 	
1.263428 	0.620987 	0.195256 	9.000000 	0.707990 	1.282819 	0.127475 	1.535008 	0.604669 	1.343968 	0.325960 	1.449569 	0.477624 	1.661701 	1.655483 	0.452769 	1.120547 	1.732412 	1.192686 	0.629484 	2.250000 	1.732772 	0.711073 	1.047020 	1.683931 	1.129436 	0.482830 	0.704006 	0.552268 	2.016495 	0.604669 	1.077033 	0.951972 	0.527376 	1.100284 	0.916856 	2.140093 	1.211662 	2.487217 	1.500833 	2.410654 	2.317461 	0.851469 	0.900000 	1.838818 	1.532359 	0.707549 	1.747319 	0.770146 	1.015197 	0.800391 	
0.608276 	1.325943 	0.901734 	0.707990 	9.000000 	0.594243 	0.790569 	0.854400 	1.305038 	2.050610 	0.986154 	2.156965 	0.475000 	2.369071 	0.950329 	0.575543 	0.436606 	2.439775 	1.895059 	1.274755 	2.948093 	2.440543 	1.364047 	0.403113 	0.976281 	1.823630 	0.700446 	1.342805 	0.579871 	2.722591 	0.612882 	1.758195 	0.427200 	0.800391 	1.779923 	1.566246 	1.435705 	1.891593 	3.189044 	2.198010 	3.114482 	3.023347 	0.605186 	1.502082 	1.133578 	2.226123 	1.129436 	2.450128 	0.752080 	0.630971 	0.784618 	
0.134629 	1.885802 	1.470544 	1.282819 	0.594243 	9.000000 	1.376817 	0.261008 	1.886796 	2.608759 	1.576586 	2.717651 	1.049405 	2.928844 	0.395285 	1.152443 	0.413824 	2.999271 	2.475505 	1.868321 	3.482905 	3.002603 	1.957358 	0.529741 	0.447214 	2.409616 	1.274755 	1.936814 	1.134956 	3.276145 	1.154340 	2.348537 	0.721543 	1.372953 	2.370654 	2.160151 	0.866386 	2.482438 	3.730030 	2.782647 	3.660345 	3.575262 	1.035918 	2.095382 	0.656220 	2.812694 	1.706239 	3.030058 	1.251000 	0.948683 	1.277204 	
1.365650 	0.570636 	0.175000 	0.127475 	0.790569 	1.376817 	9.000000 	1.632483 	0.515388 	1.280625 	0.206155 	1.382932 	0.482830 	1.594522 	1.740869 	0.431567 	1.184536 	1.665083 	1.105102 	0.509902 	2.198010 	1.663205 	0.594243 	1.101136 	1.765113 	1.033501 	0.427931 	0.583631 	0.530330 	1.952562 	0.577170 	0.972754 	0.986154 	0.450694 	0.995301 	0.800391 	2.226264 	1.107080 	2.430021 	1.407569 	2.350532 	2.253469 	0.843356 	0.775403 	1.910497 	1.436358 	0.590021 	1.660007 	0.726722 	1.020110 	0.753741 	
0.282843 	2.130288 	1.719920 	1.535008 	0.854400 	0.261008 	1.632483 	9.000000 	2.139655 	2.850439 	1.833712 	2.960152 	1.309819 	3.170568 	0.251247 	1.412887 	0.632949 	3.240756 	2.726949 	2.127205 	3.712984 	3.245189 	2.215993 	0.756637 	0.328824 	2.663762 	1.534805 	2.196162 	1.393287 	3.514612 	1.410895 	2.605043 	0.955249 	1.632674 	2.627380 	2.419323 	0.645174 	2.739183 	3.962323 	3.035828 	3.894868 	3.812562 	1.277204 	2.356109 	0.552268 	3.066859 	1.966119 	3.280720 	1.500208 	1.171804 	1.525000 	
1.867652 	0.215058 	0.427200 	0.604669 	1.305038 	1.886796 	0.515388 	2.139655 	9.000000 	0.784618 	0.340037 	0.880696 	0.965013 	1.090011 	2.255271 	0.887764 	1.697425 	1.160011 	0.590021 	0.246221 	1.711907 	1.155692 	0.247487 	1.609542 	2.280351 	0.525595 	0.827647 	0.285044 	0.973717 	1.450216 	1.006231 	0.485412 	1.480076 	0.790569 	0.509902 	0.395285 	2.740552 	0.618466 	1.934716 	0.896172 	1.851520 	1.750000 	1.285739 	0.480234 	2.425000 	0.928036 	0.679154 	1.145098 	1.106797 	1.476482 	1.123054 	
2.570019 	0.725000 	1.149184 	1.343968 	2.050610 	2.608759 	1.280625 	2.850439 	0.784618 	9.000000 	1.123610 	0.111803 	1.747319 	0.320156 	2.991760 	1.672199 	2.462341 	0.390512 	0.333542 	0.948683 	0.928036 	0.395285 	0.879275 	2.381701 	3.024173 	0.456207 	1.610318 	0.927699 	1.758195 	0.672681 	1.789728 	0.579871 	2.261084 	1.566246 	0.583631 	0.800391 	3.473651 	0.561805 	1.151086 	0.437321 	1.070047 	0.973717 	2.069118 	0.975320 	3.182766 	0.493077 	1.388569 	0.525000 	1.880990 	2.260669 	1.894235 	
1.569236 	0.456207 	0.235850 	0.325960 	0.986154 	1.576586 	0.206155 	1.833712 	0.340037 	1.123610 	9.000000 	1.220656 	0.625000 	1.430035 	1.934716 	0.548862 	1.364047 	1.500000 	0.919918 	0.304138 	2.049695 	1.495410 	0.388104 	1.272792 	1.955920 	0.840015 	0.498121 	0.378319 	0.637377 	1.790251 	0.673146 	0.772172 	1.140175 	0.477624 	0.794119 	0.594243 	2.419969 	0.905883 	2.274313 	1.215010 	2.191461 	2.090006 	0.951972 	0.575543 	2.093442 	1.241219 	0.485412 	1.472455 	0.789383 	1.140449 	0.809707 	
2.680019 	0.832541 	1.255239 	1.449569 	2.156965 	2.717651 	1.382932 	2.960152 	0.880696 	0.111803 	1.220656 	9.000000 	1.845434 	0.212132 	3.099698 	1.768120 	2.566247 	0.282843 	0.375832 	1.030776 	0.840387 	0.285044 	0.956883 	2.483948 	3.131393 	0.500625 	1.702388 	1.004054 	1.852363 	0.570088 	1.882319 	0.625500 	2.360085 	1.654728 	0.625000 	0.859142 	3.582074 	0.583631 	1.054751 	0.388909 	0.970824 	0.870704 	2.161308 	1.032594 	3.288237 	0.442295 	1.463087 	0.427931 	1.968026 	2.353853 	1.980057 	
1.079641 	1.051190 	0.649038 	0.477624 	0.475000 	1.049405 	0.482830 	1.309819 	0.965013 	1.747319 	0.625000 	1.845434 	9.000000 	2.055024 	1.365650 	0.103078 	0.763217 	2.125000 	1.538871 	0.870704 	2.671259 	2.120289 	0.960469 	0.660019 	1.375227 	1.450000 	0.226385 	0.930054 	0.125000 	2.415186 	0.176777 	1.366794 	0.515388 	0.325960 	1.386092 	1.151086 	1.844756 	1.495410 	2.898383 	1.822944 	2.816137 	2.715004 	0.375000 	1.062132 	1.491015 	1.843909 	0.657647 	2.086265 	0.355317 	0.539676 	0.390512 	
2.890069 	1.044330 	1.467353 	1.661701 	2.369071 	2.928844 	1.594522 	3.170568 	1.090011 	0.320156 	1.430035 	0.212132 	2.055024 	9.000000 	3.311438 	1.976424 	2.778151 	0.070711 	0.553399 	1.229837 	0.649038 	0.079057 	1.152443 	2.695366 	3.343370 	0.673146 	1.908042 	1.198176 	2.059430 	0.360555 	2.088211 	0.794512 	2.570019 	1.857586 	0.789383 	1.037123 	3.793580 	0.726722 	0.850000 	0.443001 	0.763217 	0.660019 	2.366696 	1.206752 	3.500357 	0.482830 	1.653217 	0.340037 	2.169245 	2.559907 	2.180166 	
0.482830 	2.267157 	1.846957 	1.655483 	0.950329 	0.395285 	1.740869 	0.251247 	2.255271 	2.991760 	1.934716 	3.099698 	1.365650 	3.311438 	9.000000 	1.467353 	0.618466 	3.382030 	2.845281 	2.217121 	3.873387 	3.384246 	2.307054 	0.740355 	0.079057 	2.773536 	1.583114 	2.282542 	1.431127 	3.661369 	1.439184 	2.705665 	0.937083 	1.676678 	2.726949 	2.505993 	0.485412 	2.838353 	4.119238 	3.148115 	4.048225 	3.961218 	1.262191 	2.427061 	0.301040 	3.175689 	2.008109 	3.400368 	1.500417 	1.125278 	1.520691 	
1.181630 	0.989002 	0.604669 	0.452769 	0.575543 	1.152443 	0.431567 	1.412887 	0.887764 	1.672199 	0.548862 	1.768120 	0.103078 	1.976424 	1.467353 	9.000000 	0.862047 	2.046033 	1.453444 	0.778621 	2.598557 	2.040221 	0.867828 	0.755811 	1.475847 	1.361295 	0.125000 	0.835539 	0.100000 	2.336932 	0.152069 	1.274755 	0.601041 	0.225000 	1.293493 	1.055047 	1.945508 	1.402007 	2.822455 	1.732772 	2.738841 	2.635930 	0.412311 	0.961769 	1.587844 	1.752320 	0.555090 	1.997655 	0.325000 	0.594243 	0.357946 	
0.520216 	1.741407 	1.315770 	1.120547 	0.436606 	0.413824 	1.184536 	0.632949 	1.697425 	2.462341 	1.364047 	2.566247 	0.763217 	2.778151 	0.618466 	0.862047 	9.000000 	2.848794 	2.283774 	1.630376 	3.370182 	2.847477 	1.720465 	0.125000 	0.617454 	2.202271 	0.972754 	1.691892 	0.817389 	3.134984 	0.822344 	2.125000 	0.325000 	1.063602 	2.145052 	1.913766 	1.086566 	2.255271 	3.607718 	2.576941 	3.530669 	3.436023 	0.650481 	1.823630 	0.730154 	2.600481 	1.392839 	2.836371 	0.883883 	0.539676 	0.905539 	
2.960152 	1.114955 	1.538059 	1.732412 	2.439775 	2.999271 	1.665083 	3.240756 	1.160011 	0.390512 	1.500000 	0.282843 	2.125000 	0.070711 	3.382030 	2.046033 	2.848794 	9.000000 	0.617454 	1.297112 	0.588430 	0.035355 	1.218862 	2.765863 	3.414033 	0.735272 	1.976898 	1.264170 	2.128673 	0.291548 	2.157110 	0.855132 	2.640076 	1.925649 	0.848896 	1.099147 	3.864098 	0.781425 	0.782624 	0.480885 	0.694622 	0.590021 	2.435416 	1.267379 	3.571064 	0.515388 	1.717738 	0.336341 	2.236767 	2.628807 	2.247360 	
2.452805 	0.625000 	1.007782 	1.192686 	1.895059 	2.475505 	1.105102 	2.726949 	0.590021 	0.333542 	0.919918 	0.375832 	1.538871 	0.553399 	2.845281 	1.453444 	2.283774 	0.617454 	9.000000 	0.686477 	1.202081 	0.604152 	0.604669 	2.192316 	2.870213 	0.125000 	1.375000 	0.648556 	1.530523 	0.906228 	1.555032 	0.250000 	2.053351 	1.317431 	0.251247 	0.485412 	3.330540 	0.235850 	1.398660 	0.316228 	1.308148 	1.197132 	1.830983 	0.657647 	3.012681 	0.357946 	1.100284 	0.555090 	1.625000 	2.025617 	1.634205 	
1.866815 	0.458939 	0.505594 	0.629484 	1.274755 	1.868321 	0.509902 	2.127205 	0.246221 	0.948683 	0.304138 	1.030776 	0.870704 	1.229837 	2.217121 	0.778621 	1.630376 	1.297112 	0.686477 	9.000000 	1.871163 	1.286954 	0.090139 	1.530523 	2.233971 	0.585769 	0.691466 	0.075000 	0.849264 	1.588238 	0.870704 	0.496236 	1.379311 	0.630971 	0.515388 	0.292617 	2.701157 	0.625000 	2.079664 	0.954594 	1.991231 	1.882319 	1.145098 	0.285044 	2.360085 	0.973717 	0.450694 	1.220912 	0.939747 	1.340009 	0.950329 	
3.430197 	1.630376 	2.055024 	2.250000 	2.948093 	3.482905 	2.198010 	3.712984 	1.711907 	0.928036 	2.049695 	0.840387 	2.671259 	0.649038 	3.873387 	2.598557 	3.370182 	0.588430 	1.202081 	1.871163 	9.000000 	0.608276 	1.796698 	3.295641 	3.911601 	1.322167 	2.538331 	1.843400 	2.685610 	0.325960 	2.717651 	1.443087 	3.182962 	2.493617 	1.437228 	1.686157 	4.348850 	1.368622 	0.257391 	1.051190 	0.226385 	0.246221 	2.997082 	1.855398 	4.081207 	1.075000 	2.300679 	0.831038 	2.807690 	3.188358 	2.820129 	
