Total assets = 714
Number of asset nodes = 40

Distance:
999.000000 	46.400433 	41.880783 	32.695564 	40.706264 	43.416588 	44.777225 	12.041595 	14.317822 	102.859123 	47.095646 	34.000000 	39.217342 	38.183765 	79.812279 	30.149628 	23.345236 	22.360680 	90.271812 	50.990196 	26.570660 	39.319206 	41.773197 	45.276924 	45.398239 	43.737854 	40.804413 	44.911022 	44.147480 	41.436699 	36.124783 	44.922153 	55.036350 	45.221676 	40.000000 	62.128899 	54.589375 	55.578773 	63.071388 	61.294373 	62.201286 	65.030762 	70.114189 	48.548943 	62.649822 	65.490456 	67.268120 	67.364677 	70.256676 	64.195015 	62.769421 	72.111023 	
46.400433 	999.000000 	5.385165 	16.552946 	9.055386 	7.071068 	6.324555 	55.172459 	38.600517 	64.629715 	89.537704 	76.321686 	15.000000 	84.386017 	33.421551 	25.961510 	34.928497 	64.660652 	43.931767 	22.203604 	59.941639 	33.060551 	36.221542 	33.955853 	34.928497 	36.496574 	40.049969 	37.656342 	38.470768 	42.047592 	52.952808 	41.436699 	34.985710 	42.426407 	52.239830 	34.655445 	39.812057 	40.249222 	40.459858 	41.617306 	41.400482 	41.036568 	40.804413 	54.147945 	44.654228 	45.607018 	45.343136 	46.097721 	47.381432 	53.665630 	56.080299 	60.539242 	
41.880783 	5.385165 	999.000000 	11.180340 	4.123106 	3.605551 	4.123106 	50.209560 	33.421551 	69.871307 	86.023254 	72.732384 	10.198039 	79.649231 	38.209946 	20.615528 	29.546574 	59.548298 	48.795490 	19.849434 	54.589375 	28.284271 	31.575306 	29.732138 	30.675724 	32.015621 	35.227829 	33.241539 	33.955853 	37.215588 	47.675991 	36.878178 	32.015621 	37.854988 	47.095646 	33.015148 	36.359318 	36.891735 	38.209946 	38.948685 	38.897301 	39.051247 	39.824615 	49.365982 	41.868843 	43.139309 	43.185646 	43.863426 	45.453274 	50.249378 	52.325901 	57.428215 	
32.695564 	16.552946 	11.180340 	999.000000 	8.485281 	11.313708 	12.727922 	39.824615 	22.627417 	80.603973 	78.644768 	65.306969 	7.000000 	69.634758 	48.836460 	10.000000 	18.384777 	48.795490 	59.464275 	20.223749 	43.416588 	20.124611 	23.706539 	23.430750 	24.207438 	24.698177 	26.570660 	26.076809 	26.419689 	28.460499 	37.121422 	29.068884 	29.154760 	29.966648 	37.054016 	33.241539 	31.890438 	32.649654 	36.674240 	36.359318 	36.715118 	38.078865 	41.000000 	40.521599 	38.832977 	40.816662 	41.593269 	42.059483 	44.283180 	45.276924 	46.400433 	53.037724 	
40.706264 	9.055386 	4.123106 	8.485281 	999.000000 	2.828427 	4.242640 	48.270073 	31.112698 	73.681747 	85.866173 	72.532753 	6.082763 	78.006409 	40.360870 	17.088007 	26.419689 	57.280014 	50.990196 	16.643316 	51.623638 	24.186773 	27.459061 	25.632011 	26.570660 	27.892651 	31.144823 	29.120440 	29.832869 	33.136082 	43.931767 	32.756680 	28.319605 	33.734257 	43.185646 	30.016663 	32.449963 	33.015148 	34.828148 	35.355339 	35.383614 	35.805027 	37.161808 	45.276924 	38.209946 	39.623226 	39.824615 	40.459858 	42.201897 	46.324940 	48.301140 	53.600372 	
43.416588 	7.071068 	3.605551 	11.313708 	2.828427 	999.000000 	1.414214 	51.088158 	33.941124 	71.449280 	88.323273 	75.000000 	8.062258 	80.802231 	37.536648 	19.697716 	29.154760 	60.108234 	48.166378 	16.278820 	54.378304 	26.019224 	29.154760 	26.925823 	27.892651 	29.427877 	33.015148 	30.594116 	31.400637 	35.014282 	46.324940 	34.365681 	28.600698 	35.355339 	45.398239 	29.410883 	33.120991 	33.615471 	34.655445 	35.468296 	35.383614 	35.468296 	36.235340 	47.095646 	38.418747 	39.623226 	39.623226 	40.311287 	41.868843 	47.010635 	49.244289 	54.083271 	
44.777225 	6.324555 	4.123106 	12.727922 	4.242640 	1.414214 	999.000000 	52.497620 	35.355339 	70.349129 	89.560036 	76.243034 	9.219544 	82.200974 	36.124783 	21.023796 	30.528675 	61.522354 	46.754681 	16.278820 	55.758408 	27.000000 	30.066593 	27.658634 	28.635643 	30.265491 	34.000000 	31.400637 	32.249031 	36.000000 	47.539455 	35.227829 	28.844410 	36.221542 	46.529560 	29.206163 	33.541019 	34.000000 	34.655445 	35.608986 	35.468296 	35.383614 	35.846897 	48.041649 	38.600517 	39.698868 	39.597980 	40.311287 	41.773197 	47.413078 	49.769470 	54.378304 	
12.041595 	55.172459 	50.209560 	39.824615 	48.270073 	51.088158 	52.497620 	999.000000 	17.492855 	114.127121 	46.872166 	35.114101 	45.486263 	30.016663 	88.413803 	34.438351 	25.298222 	10.440307 	99.005051 	55.542778 	16.401220 	40.607880 	42.190044 	46.529560 	46.389652 	44.181442 	40.000000 	45.099888 	44.045429 	40.049969 	30.463093 	44.011364 	56.885849 	44.045429 	35.114101 	65.000000 	55.145264 	56.142673 	64.629715 	62.289646 	63.387695 	66.753281 	72.780495 	44.271889 	63.071388 	66.121101 	68.264191 	68.183578 	71.253067 	62.514000 	60.207973 	70.035706 	
14.317822 	38.600517 	33.421551 	22.627417 	31.112698 	33.941124 	35.355339 	17.492855 	999.000000 	100.244698 	61.000000 	48.093658 	28.017851 	47.507893 	71.449280 	17.088007 	9.055386 	26.172504 	82.073135 	38.275318 	22.561028 	25.079872 	27.459061 	31.064449 	31.144823 	29.427877 	26.570660 	30.594116 	29.832869 	27.313000 	24.698177 	30.675724 	41.012192 	31.016125 	27.658634 	48.507732 	40.311287 	41.303753 	49.000000 	47.095646 	48.041649 	51.009804 	56.435802 	35.468296 	48.373547 	51.244511 	53.084839 	53.150730 	56.080299 	49.979996 	48.754486 	57.939625 	
102.859123 	64.629715 	69.871307 	80.603973 	73.681747 	71.449280 	70.349129 	114.127121 	100.244698 	999.000000 	132.943604 	121.918007 	79.511009 	139.606583 	46.238514 	90.426765 	98.716766 	124.482933 	42.438190 	82.097504 	122.711044 	97.252251 	100.124924 	97.005157 	98.005104 	100.044991 	104.235313 	101.019798 	102.044106 	106.230881 	117.545738 	105.042847 	94.429871 	106.042442 	116.841774 	89.442719 	100.319489 	100.404182 	96.509064 	99.141312 	98.310730 	95.900993 	91.214035 	118.105888 	102.259476 	101.788994 	100.224747 	101.202766 	100.895988 	113.000000 	116.619041 	118.067780 	
47.095646 	89.537704 	86.023254 	78.644768 	85.866173 	88.323273 	89.560036 	46.872166 	61.000000 	132.943604 	999.000000 	13.341664 	85.510231 	31.240999 	121.671692 	77.233414 	70.007141 	47.010635 	131.487640 	97.867256 	60.166435 	86.023254 	88.141930 	92.021736 	92.048897 	90.138779 	86.469650 	91.197586 	90.271812 	86.700638 	76.922035 	90.553848 	102.004898 	90.669731 	81.743500 	109.224541 	101.123688 	102.122475 	110.000000 	108.041656 	109.018349 	112.004463 	117.209213 	90.956032 	109.165016 	112.111549 	114.039467 	114.070152 	117.038452 	109.329773 	107.079407 	116.901665 	
34.000000 	76.321686 	72.732384 	65.306969 	72.532753 	75.000000 	76.243034 	35.114101 	48.093658 	121.918007 	13.341664 	999.000000 	72.180328 	27.892651 	108.673820 	64.070274 	57.140179 	37.202152 	118.595955 	84.593147 	49.739319 	73.171036 	75.425461 	79.158073 	79.227524 	77.414467 	73.979729 	78.517517 	77.646637 	74.330345 	65.551506 	78.089691 	89.022469 	78.262383 	70.228203 	96.083298 	88.362885 	89.358826 	97.046379 	95.189285 	96.130119 	99.020203 	104.076897 	79.378838 	96.420952 	99.322708 	101.178062 	101.242287 	104.172935 	97.082436 	95.078911 	104.785492 	
39.217342 	15.000000 	10.198039 	7.000000 	6.082763 	8.062258 	9.219544 	45.486263 	28.017851 	79.511009 	85.510231 	72.180328 	999.000000 	75.471848 	44.407207 	12.206555 	22.022715 	53.907330 	55.000000 	13.341664 	47.201694 	18.110771 	21.377558 	19.697716 	20.615528 	21.840330 	25.079872 	23.086792 	23.769728 	27.073973 	38.327538 	26.683329 	23.430750 	27.658634 	37.336308 	26.570660 	27.018513 	27.658634 	30.528675 	30.610456 	30.805843 	31.764761 	34.205261 	39.204590 	33.301651 	35.000000 	35.510563 	36.055511 	38.078865 	40.804413 	42.544094 	48.270073 	
38.183765 	84.386017 	79.649231 	69.634758 	78.006409 	80.802231 	82.200974 	30.016663 	47.507893 	139.606583 	31.240999 	27.892651 	75.471848 	999.000000 	117.796432 	64.412735 	55.036350 	23.537205 	128.316010 	85.428329 	36.055511 	69.570107 	70.604530 	75.286118 	75.000000 	72.532753 	67.683083 	73.246162 	72.034714 	67.268120 	54.083271 	71.386276 	85.726311 	71.196907 	59.076221 	94.244362 	83.198555 	84.172440 	93.145050 	90.470993 	91.678787 	95.336250 	101.833199 	68.007355 	90.801979 	93.941475 	96.317184 	96.104111 	99.247169 	88.277969 	85.052925 	95.047356 	
79.812279 	33.421551 	38.209946 	48.836460 	40.360870 	37.536648 	36.124783 	88.413803 	71.449280 	46.238514 	121.671692 	108.673820 	44.407207 	117.796432 	999.000000 	56.612720 	66.400299 	97.621719 	10.630146 	41.109608 	91.607857 	59.093147 	61.098282 	56.920998 	57.870544 	60.406952 	65.551506 	61.032780 	62.297672 	67.416618 	81.394104 	65.145988 	51.623638 	66.098412 	79.309517 	45.011108 	57.706154 	57.558666 	52.000000 	55.036350 	54.009258 	51.039200 	45.541191 	78.160095 	58.008621 	57.035076 	55.145264 	56.142673 	55.443665 	69.028976 	73.171036 	73.171036 	
30.149628 	25.961510 	20.615528 	10.000000 	17.088007 	19.697716 	21.023796 	34.438351 	17.088007 	90.426765 	77.233414 	64.070274 	12.206555 	64.412735 	56.612720 	999.000000 	9.899495 	42.201897 	67.201187 	21.189621 	35.000000 	12.041595 	15.556349 	17.000000 	17.492855 	17.029387 	17.492855 	18.439089 	18.384777 	19.235384 	27.166155 	20.615528 	25.495098 	21.400934 	27.073973 	32.015621 	26.400757 	27.313000 	33.541019 	32.280025 	32.984844 	35.355339 	40.012497 	31.016125 	34.176014 	36.687874 	38.078865 	38.327538 	41.000000 	38.600517 	38.897301 	46.615448 	
23.345236 	34.928497 	29.546574 	18.384777 	26.419689 	29.154760 	30.528675 	25.298222 	9.055386 	98.716766 	70.007141 	57.140179 	22.022715 	55.036350 	66.400299 	9.899495 	999.000000 	32.449963 	77.006493 	30.413813 	25.238859 	16.031219 	18.439089 	22.022715 	22.090721 	20.396078 	17.888544 	21.587032 	20.880613 	18.867962 	20.396078 	21.931713 	32.062439 	22.360680 	21.931713 	39.812057 	31.257000 	32.249031 	40.012497 	38.052597 	39.012817 	42.047592 	47.675991 	28.425341 	39.319206 	42.190044 	44.045429 	44.102154 	47.042534 	41.231056 	40.311287 	49.244289 	
22.360680 	64.660652 	59.548298 	48.795490 	57.280014 	60.108234 	61.522354 	10.440307 	26.172504 	124.482933 	47.010635 	37.202152 	53.907330 	23.537205 	97.621719 	42.201897 	32.449963 	999.000000 	108.245094 	62.769421 	13.341664 	46.238514 	47.127487 	51.865211 	51.546097 	49.040798 	44.147480 	49.729267 	48.507732 	43.737854 	31.064449 	47.853943 	62.297672 	47.675991 	36.055511 	70.936592 	59.665737 	60.638271 	69.641945 	66.940269 	68.154236 	71.840103 	78.434685 	45.177429 	67.268120 	70.405968 	72.780495 	72.567207 	75.709976 	65.030762 	62.032249 	72.027771 	
90.271812 	43.931767 	48.795490 	59.464275 	50.990196 	48.166378 	46.754681 	99.005051 	82.073135 	42.438190 	131.487640 	118.595955 	55.000000 	128.316010 	10.630146 	67.201187 	77.006493 	108.245094 	999.000000 	51.078373 	102.200783 	69.318108 	71.175842 	66.850578 	67.779053 	70.384659 	75.643906 	70.936592 	72.235725 	77.472572 	91.706055 	75.026665 	60.876926 	75.960518 	89.470665 	53.600372 	66.940269 	66.708321 	60.406952 	63.639610 	62.514000 	59.211487 	53.000000 	87.920418 	66.483078 	65.192024 	63.071388 	64.070274 	63.000000 	77.524193 	81.884064 	81.024689 	
50.990196 	22.203604 	19.849434 	20.223749 	16.643316 	16.278820 	16.278820 	55.542778 	38.275318 	82.097504 	97.867256 	84.593147 	13.341664 	85.428329 	41.109608 	21.189621 	30.413813 	62.769421 	51.078373 	999.000000 	53.907330 	18.601076 	20.124611 	15.811388 	16.763054 	19.313208 	24.596748 	19.924858 	21.189621 	26.400757 	41.048752 	24.041630 	13.000000 	25.000000 	38.470768 	13.416408 	18.439089 	18.681541 	18.384777 	19.416489 	19.209373 	19.209373 	20.880613 	37.107952 	22.472204 	23.430750 	23.345236 	24.041630 	25.612497 	31.953091 	34.928497 	38.470768 	
26.570660 	59.941639 	54.589375 	43.416588 	51.623638 	54.378304 	55.758408 	16.401220 	22.561028 	122.711044 	60.166435 	49.739319 	47.201694 	36.055511 	91.607857 	35.000000 	25.238859 	13.341664 	102.200783 	53.907330 	999.000000 	36.055511 	36.235340 	41.182522 	40.706264 	38.013157 	32.695564 	38.483765 	37.161808 	31.953091 	18.027756 	36.055511 	51.429562 	35.735138 	23.021729 	60.415230 	48.104053 	49.040798 	58.309521 	55.362442 	56.648037 	60.539242 	67.542580 	32.015621 	55.362442 	58.523499 	61.032780 	60.728905 	63.890530 	52.239830 	49.010204 	59.008472 	
39.319206 	33.060551 	28.284271 	20.124611 	24.186773 	26.019224 	27.000000 	40.607880 	25.079872 	97.252251 	86.023254 	73.171036 	18.110771 	69.570107 	59.093147 	12.041595 	16.031219 	46.238514 	69.318108 	18.601076 	36.055511 	999.000000 	3.605551 	6.000000 	6.082763 	5.000000 	7.000000 	6.403124 	6.403124 	9.000000 	22.472204 	8.944272 	16.278820 	9.848858 	20.248457 	24.698177 	15.297058 	16.278820 	24.083189 	22.022715 	23.000000 	26.172504 	32.280025 	21.095022 	23.345236 	26.172504 	28.017851 	28.071337 	31.016125 	26.627054 	26.870058 	34.669872 	
41.773197 	36.221542 	31.575306 	23.706539 	27.459061 	29.154760 	30.066593 	42.190044 	27.459061 	100.124924 	88.141930 	75.425461 	21.377558 	70.604530 	61.098282 	15.556349 	18.439089 	47.127487 	71.175842 	20.124611 	36.235340 	3.605551 	999.000000 	5.000000 	4.472136 	2.000000 	4.472136 	3.162278 	2.828427 	6.324555 	21.260292 	5.385165 	15.231546 	6.324555 	18.357559 	24.186773 	13.000000 	14.000000 	22.561028 	20.099751 	21.213203 	24.738634 	31.384710 	18.000000 	21.023796 	24.000000 	26.076809 	26.019224 	29.068884 	23.323807 	23.345236 	31.384710 	
45.276924 	33.955853 	29.732138 	23.430750 	25.632011 	26.925823 	27.658634 	46.529560 	31.064449 	97.005157 	92.021736 	79.158073 	19.697716 	75.286118 	56.920998 	17.000000 	22.022715 	51.865211 	66.850578 	15.811388 	41.182522 	6.000000 	5.000000 	999.000000 	1.000000 	3.605551 	9.219544 	4.123106 	5.385165 	10.816654 	26.172504 	8.246211 	10.440307 	9.219544 	23.021729 	19.235384 	9.486833 	10.440307 	18.110771 	16.031219 	17.000000 	20.223749 	26.570660 	21.377558 	17.464249 	20.223749 	22.022715 	22.090721 	25.019993 	21.931713 	23.021729 	29.832869 	
45.398239 	34.928497 	30.675724 	24.207438 	26.570660 	27.892651 	28.635643 	46.389652 	31.144823 	98.005104 	92.048897 	79.227524 	20.615528 	75.000000 	57.870544 	17.492855 	22.090721 	51.546097 	67.779053 	16.763054 	40.706264 	6.082763 	4.472136 	1.000000 	999.000000 	2.828427 	8.485281 	3.162278 	4.472136 	10.000000 	25.455845 	7.280110 	10.770329 	8.246211 	22.203604 	19.723083 	9.219544 	10.198039 	18.248287 	16.000000 	17.029387 	20.396078 	26.925823 	20.396078 	17.262676 	20.099751 	22.000000 	22.022715 	25.000000 	21.260292 	22.203604 	29.206163 	
43.737854 	36.496574 	32.015621 	24.698177 	27.892651 	29.427877 	30.265491 	44.181442 	29.427877 	100.044991 	90.138779 	77.414467 	21.840330 	72.532753 	60.406952 	17.029387 	20.396078 	49.040798 	70.384659 	19.313208 	38.013157 	5.000000 	2.000000 	3.605551 	2.828427 	999.000000 	5.656854 	1.414214 	2.000000 	7.211102 	22.627417 	5.000000 	13.416408 	6.000000 	19.416489 	22.472204 	11.000000 	12.000000 	20.615528 	18.110771 	19.235384 	22.803509 	29.546574 	18.110771 	19.026299 	22.000000 	24.083189 	24.020824 	27.073973 	21.633308 	21.931713 	29.681644 	
40.804413 	40.049969 	35.227829 	26.570660 	31.144823 	33.015148 	34.000000 	40.000000 	26.570660 	104.235313 	86.469650 	73.979729 	25.079872 	67.683083 	65.551506 	17.492855 	17.888544 	44.147480 	75.643906 	24.596748 	32.695564 	7.000000 	4.472136 	9.219544 	8.485281 	5.656854 	999.000000 	5.830952 	4.472136 	2.000000 	16.970562 	4.123106 	18.867962 	4.472136 	13.892444 	28.017851 	15.524175 	16.492422 	25.632011 	22.803509 	24.041630 	27.856777 	34.885529 	14.142136 	23.194826 	26.305893 	28.635643 	28.442924 	31.575306 	23.409399 	22.472204 	31.384710 	
44.911022 	37.656342 	33.241539 	26.076809 	29.120440 	30.594116 	31.400637 	45.099888 	30.594116 	101.019798 	91.197586 	78.517517 	23.086792 	73.246162 	61.032780 	18.439089 	21.587032 	49.729267 	70.936592 	19.924858 	38.483765 	6.403124 	3.162278 	4.123106 	3.162278 	1.414214 	5.830952 	999.000000 	1.414214 	7.071068 	22.671568 	4.123106 	13.038404 	5.099020 	19.209373 	22.203604 	10.049875 	11.045361 	19.924858 	17.262676 	18.439089 	22.135944 	29.068884 	17.262676 	18.000000 	21.023796 	23.194826 	23.086792 	26.172504 	20.248457 	20.518284 	28.301943 	
44.147480 	38.470768 	33.955853 	26.419689 	29.832869 	31.400637 	32.249031 	44.045429 	29.832869 	102.044106 	90.271812 	77.646637 	23.769728 	72.034714 	62.297672 	18.384777 	20.880613 	48.507732 	72.235725 	21.189621 	37.161808 	6.403124 	2.828427 	5.385165 	4.472136 	2.000000 	4.472136 	1.414214 	999.000000 	5.656854 	21.260292 	3.000000 	14.422205 	4.000000 	17.804493 	23.600847 	11.180340 	12.165525 	21.189621 	18.439089 	19.646883 	23.409399 	30.413813 	16.124516 	19.026299 	22.090721 	24.331051 	24.186773 	27.294687 	20.591261 	20.518284 	28.653097 	
41.436699 	42.047592 	37.215588 	28.460499 	33.136082 	35.014282 	36.000000 	40.049969 	27.313000 	106.230881 	86.700638 	74.330345 	27.073973 	67.268120 	67.416618 	19.235384 	18.867962 	43.737854 	77.472572 	26.400757 	31.953091 	9.000000 	6.324555 	10.816654 	10.000000 	7.211102 	2.000000 	7.071068 	5.656854 	999.000000 	15.620500 	4.123106 	20.000000 	4.000000 	12.206555 	29.206163 	16.155495 	17.088007 	26.400757 	23.409399 	24.698177 	28.635643 	35.846897 	12.165525 	23.537205 	26.683329 	29.120440 	28.861740 	32.015621 	22.803509 	21.470911 	30.675724 	
36.124783 	52.952808 	47.675991 	37.121422 	43.931767 	46.324940 	47.539455 	30.463093 	24.698177 	117.545738 	76.922035 	65.551506 	38.327538 	54.083271 	81.394104 	27.166155 	20.396078 	31.064449 	91.706055 	41.048752 	18.027756 	22.472204 	21.260292 	26.172504 	25.455845 	22.627417 	16.970562 	22.671568 	21.260292 	15.620500 	999.000000 	19.416489 	35.608986 	18.867962 	5.000000 	44.821869 	31.384710 	32.249031 	41.677334 	38.470768 	39.824615 	43.908997 	51.312767 	14.142136 	38.078865 	41.231056 	43.863426 	43.462627 	46.615448 	34.234486 	31.000000 	41.000000 	
44.922153 	41.436699 	36.878178 	29.068884 	32.756680 	34.365681 	35.227829 	44.011364 	30.675724 	105.042847 	90.553848 	78.089691 	26.683329 	71.386276 	65.145988 	20.615528 	21.931713 	47.853943 	75.026665 	24.041630 	36.055511 	8.944272 	5.385165 	8.246211 	7.280110 	5.000000 	4.123106 	4.123106 	3.000000 	4.123106 	19.416489 	999.000000 	16.278820 	1.000000 	15.556349 	25.495098 	12.083046 	13.000000 	22.360680 	19.313208 	20.615528 	24.596748 	31.906113 	13.152946 	19.416489 	22.561028 	25.000000 	24.738634 	27.892651 	19.313208 	18.601076 	27.313000 	
55.036350 	34.985710 	32.015621 	29.154760 	28.319605 	28.600698 	28.844410 	56.885849 	41.012192 	94.429871 	102.004898 	89.022469 	23.430750 	85.726311 	51.623638 	25.495098 	32.062439 	62.297672 	60.876926 	13.000000 	51.429562 	16.278820 	15.231546 	10.440307 	10.770329 	13.416408 	18.867962 	13.038404 	14.422205 	20.000000 	35.608986 	16.278820 	999.000000 	16.970562 	31.827662 	9.219544 	6.082763 	6.000000 	8.062258 	7.211102 	7.615773 	10.000000 	16.155495 	27.784887 	9.899495 	11.661903 	12.649111 	13.000000 	15.524175 	18.973665 	22.203604 	25.553865 	
45.221676 	42.426407 	37.854988 	29.966648 	33.734257 	35.355339 	36.221542 	44.045429 	31.016125 	106.042442 	90.669731 	78.262383 	27.658634 	71.196907 	66.098412 	21.400934 	22.360680 	47.675991 	75.960518 	25.000000 	35.735138 	9.848858 	6.324555 	9.219544 	8.246211 	6.000000 	4.472136 	5.099020 	4.000000 	4.000000 	18.867962 	1.000000 	16.970562 	999.000000 	14.866069 	26.172504 	12.529964 	13.416408 	22.825424 	19.697716 	21.023796 	25.059929 	32.449963 	12.165525 	19.646883 	22.803509 	25.298222 	25.000000 	28.160255 	18.973665 	18.027756 	26.925823 	
40.000000 	52.239830 	47.095646 	37.054016 	43.185646 	45.398239 	46.529560 	35.114101 	27.658634 	116.841774 	81.743500 	70.228203 	37.336308 	59.076221 	79.309517 	27.073973 	21.931713 	36.055511 	89.470665 	38.470768 	23.021729 	20.248457 	18.357559 	23.021729 	22.203604 	19.416489 	13.892444 	19.209373 	17.804493 	12.206555 	5.000000 	15.556349 	31.827662 	14.866069 	999.000000 	41.036568 	27.202942 	28.017851 	37.443291 	34.132095 	35.510563 	39.661064 	47.201694 	9.219544 	33.541019 	36.674240 	39.357338 	38.910152 	42.047592 	29.274563 	26.000000 	36.000000 	
62.128899 	34.655445 	33.015148 	33.241539 	30.016663 	29.410883 	29.206163 	65.000000 	48.507732 	89.442719 	109.224541 	96.083298 	26.570660 	94.244362 	45.011108 	32.015621 	39.812057 	70.936592 	53.600372 	13.416408 	60.415230 	24.698177 	24.186773 	19.235384 	19.723083 	22.472204 	28.017851 	22.203604 	23.600847 	29.206163 	44.821869 	25.495098 	9.219544 	26.172504 	41.036568 	999.000000 	14.422205 	13.892444 	7.071068 	10.049875 	9.000000 	6.708204 	8.000000 	36.619667 	13.000000 	12.369317 	11.180340 	12.083046 	12.806249 	24.020824 	28.284271 	28.635643 	
54.589375 	39.812057 	36.359318 	31.890438 	32.449963 	33.120991 	33.541019 	55.145264 	40.311287 	100.319489 	101.123688 	88.362885 	27.018513 	83.198555 	57.706154 	26.400757 	31.257000 	59.665737 	66.940269 	18.439089 	48.104053 	15.297058 	13.000000 	9.486833 	9.219544 	11.000000 	15.524175 	10.049875 	11.180340 	16.155495 	31.384710 	12.083046 	6.082763 	12.529964 	27.202942 	14.422205 	999.000000 	1.000000 	10.295630 	7.280110 	8.544003 	12.529964 	20.000000 	22.203604 	8.062258 	11.000000 	13.152946 	13.038404 	16.124516 	13.892444 	16.492422 	21.260292 	
55.578773 	40.249222 	36.891735 	32.649654 	33.015148 	33.615471 	34.000000 	56.142673 	41.303753 	100.404182 	102.122475 	89.358826 	27.658634 	84.172440 	57.558666 	27.313000 	32.249031 	60.638271 	66.708321 	18.681541 	49.040798 	16.278820 	14.000000 	10.440307 	10.198039 	12.000000 	16.492422 	11.045361 	12.165525 	17.088007 	32.249031 	13.000000 	6.000000 	13.416408 	28.017851 	13.892444 	1.000000 	999.000000 	9.433981 	6.324555 	7.615773 	11.661903 	19.209373 	22.803509 	7.071068 	10.000000 	12.165525 	12.041595 	15.132746 	13.416408 	16.278820 	20.615528 	
63.071388 	40.459858 	38.209946 	36.674240 	34.828148 	34.655445 	34.655445 	64.629715 	49.000000 	96.509064 	110.000000 	97.046379 	30.528675 	93.145050 	52.000000 	33.541019 	40.012497 	69.641945 	60.406952 	18.384777 	58.309521 	24.083189 	22.561028 	18.110771 	18.248287 	20.615528 	25.632011 	19.924858 	21.189621 	26.400757 	41.677334 	22.360680 	8.062258 	22.825424 	37.443291 	7.071068 	10.295630 	9.433981 	999.000000 	3.605551 	2.236068 	2.236068 	9.899495 	31.827662 	6.082763 	5.385165 	5.000000 	5.656854 	7.615773 	17.117243 	21.587032 	21.587032 	
61.294373 	41.617306 	38.948685 	36.359318 	35.355339 	35.468296 	35.608986 	62.289646 	47.095646 	99.141312 	108.041656 	95.189285 	30.610456 	90.470993 	55.036350 	32.280025 	38.052597 	66.940269 	63.639610 	19.416489 	55.362442 	22.022715 	20.099751 	16.031219 	16.000000 	18.110771 	22.803509 	17.262676 	18.439089 	23.409399 	38.470768 	19.313208 	7.211102 	19.697716 	34.132095 	10.049875 	7.280110 	6.324555 	3.605551 	999.000000 	1.414214 	5.656854 	13.453624 	28.284271 	3.162278 	4.472136 	6.000000 	6.082763 	9.000000 	14.000000 	18.248287 	19.313208 	
62.201286 	41.400482 	38.897301 	36.715118 	35.383614 	35.383614 	35.468296 	63.387695 	48.041649 	98.310730 	109.018349 	96.130119 	30.805843 	91.678787 	54.009258 	32.984844 	39.012817 	68.154236 	62.514000 	19.209373 	56.648037 	23.000000 	21.213203 	17.000000 	17.029387 	19.235384 	24.041630 	18.439089 	19.646883 	24.698177 	39.824615 	20.615528 	7.615773 	21.023796 	35.510563 	9.000000 	8.544003 	7.615773 	2.236068 	1.414214 	999.000000 	4.242640 	12.041595 	29.698484 	4.000000 	4.242640 	5.099020 	5.385165 	8.062258 	15.033297 	19.416489 	19.924858 	
65.030762 	41.036568 	39.051247 	38.078865 	35.805027 	35.468296 	35.383614 	66.753281 	51.009804 	95.900993 	112.004463 	99.020203 	31.764761 	95.336250 	51.039200 	35.355339 	42.047592 	71.840103 	59.211487 	19.209373 	60.539242 	26.172504 	24.738634 	20.223749 	20.396078 	22.803509 	27.856777 	22.135944 	23.409399 	28.635643 	43.908997 	24.596748 	10.000000 	25.059929 	39.661064 	6.708204 	12.529964 	11.661903 	2.236068 	5.656854 	4.242640 	999.000000 	7.810250 	33.941124 	7.615773 	6.000000 	4.472136 	5.385165 	6.403124 	18.439089 	23.086792 	22.203604 	
70.114189 	40.804413 	39.824615 	41.000000 	37.161808 	36.235340 	35.846897 	72.780495 	56.435802 	91.214035 	117.209213 	104.076897 	34.205261 	101.833199 	45.541191 	40.012497 	47.675991 	78.434685 	53.000000 	20.880613 	67.542580 	32.280025 	31.384710 	26.570660 	26.925823 	29.546574 	34.885529 	29.068884 	30.413813 	35.846897 	51.312767 	31.906113 	16.155495 	32.449963 	47.201694 	8.000000 	20.000000 	19.209373 	9.899495 	13.453624 	12.041595 	7.810250 	999.000000 	41.725292 	15.264338 	13.000000 	10.440307 	11.401754 	10.000000 	25.632011 	30.463093 	28.071337 	
48.548943 	54.147945 	49.365982 	40.521599 	45.276924 	47.095646 	48.041649 	44.271889 	35.468296 	118.105888 	90.956032 	79.378838 	39.204590 	68.007355 	78.160095 	31.016125 	28.425341 	45.177429 	87.920418 	37.107952 	32.015621 	21.095022 	18.000000 	21.377558 	20.396078 	18.110771 	14.142136 	17.262676 	16.124516 	12.165525 	14.142136 	13.152946 	27.784887 	12.165525 	9.219544 	36.619667 	22.203604 	22.803509 	31.827662 	28.284271 	29.698484 	33.941124 	41.725292 	999.000000 	27.018513 	30.000000 	32.802441 	32.202484 	35.227829 	20.880613 	17.117243 	27.073973 	
62.649822 	44.654228 	41.868843 	38.832977 	38.209946 	38.418747 	38.600517 	63.071388 	48.373547 	102.259476 	109.165016 	96.420952 	33.301651 	90.801979 	58.008621 	34.176014 	39.319206 	67.268120 	66.483078 	22.472204 	55.362442 	23.345236 	21.023796 	17.464249 	17.262676 	19.026299 	23.194826 	18.000000 	19.026299 	23.537205 	38.078865 	19.416489 	9.899495 	19.646883 	33.541019 	13.000000 	8.062258 	7.071068 	6.082763 	3.162278 	4.000000 	7.615773 	15.264338 	27.018513 	999.000000 	3.162278 	5.830952 	5.385165 	8.544003 	11.045361 	15.524175 	16.155495 	
65.490456 	45.607018 	43.139309 	40.816662 	39.623226 	39.623226 	39.698868 	66.121101 	51.244511 	101.788994 	112.111549 	99.322708 	35.000000 	93.941475 	57.035076 	36.687874 	42.190044 	70.405968 	65.192024 	23.430750 	58.523499 	26.172504 	24.000000 	20.223749 	20.099751 	22.000000 	26.305893 	21.023796 	22.090721 	26.683329 	41.231056 	22.561028 	11.661903 	22.803509 	36.674240 	12.369317 	11.000000 	10.000000 	5.385165 	4.472136 	4.242640 	6.000000 	13.000000 	30.000000 	3.162278 	999.000000 	2.828427 	2.236068 	5.385165 	12.649111 	17.464249 	16.278820 	
67.268120 	45.343136 	43.185646 	41.593269 	39.824615 	39.623226 	39.597980 	68.264191 	53.084839 	100.224747 	114.039467 	101.178062 	35.510563 	96.317184 	55.145264 	38.078865 	44.045429 	72.780495 	63.071388 	23.345236 	61.032780 	28.017851 	26.076809 	22.022715 	22.000000 	24.083189 	28.635643 	23.194826 	24.331051 	29.120440 	43.863426 	25.000000 	12.649111 	25.298222 	39.357338 	11.180340 	13.152946 	12.165525 	5.000000 	6.000000 	5.099020 	4.472136 	10.440307 	32.802441 	5.830952 	2.828427 	999.000000 	1.000000 	3.000000 	15.231546 	20.124611 	18.027756 	
67.364677 	46.097721 	43.863426 	42.059483 	40.459858 	40.311287 	40.311287 	68.183578 	53.150730 	101.202766 	114.070152 	101.242287 	36.055511 	96.104111 	56.142673 	38.327538 	44.102154 	72.567207 	64.070274 	24.041630 	60.728905 	28.071337 	26.019224 	22.090721 	22.022715 	24.020824 	28.442924 	23.086792 	24.186773 	28.861740 	43.462627 	24.738634 	13.000000 	25.000000 	38.910152 	12.083046 	13.038404 	12.041595 	5.656854 	6.082763 	5.385165 	5.385165 	11.401754 	32.202484 	5.385165 	2.236068 	1.000000 	999.000000 	3.162278 	14.317822 	19.235384 	17.029387 	
70.256676 	47.381432 	45.453274 	44.283180 	42.201897 	41.868843 	41.773197 	71.253067 	56.080299 	100.895988 	117.038452 	104.172935 	38.078865 	99.247169 	55.443665 	41.000000 	47.042534 	75.709976 	63.000000 	25.612497 	63.890530 	31.016125 	29.068884 	25.019993 	25.000000 	27.073973 	31.575306 	26.172504 	27.294687 	32.015621 	46.615448 	27.892651 	15.524175 	28.160255 	42.047592 	12.806249 	16.124516 	15.132746 	7.615773 	9.000000 	8.062258 	6.403124 	10.000000 	35.227829 	8.544003 	5.385165 	3.000000 	3.162278 	999.000000 	16.643316 	21.633308 	18.110771 	
64.195015 	53.665630 	50.249378 	45.276924 	46.324940 	47.010635 	47.413078 	62.514000 	49.979996 	113.000000 	109.329773 	97.082436 	40.804413 	88.277969 	69.028976 	38.600517 	41.231056 	65.030762 	77.524193 	31.953091 	52.239830 	26.627054 	23.323807 	21.931713 	21.260292 	21.633308 	23.409399 	20.248457 	20.591261 	22.803509 	34.234486 	19.313208 	18.973665 	18.973665 	29.274563 	24.020824 	13.892444 	13.416408 	17.117243 	14.000000 	15.033297 	18.439089 	25.632011 	20.880613 	11.045361 	12.649111 	15.231546 	14.317822 	16.643316 	999.000000 	5.000000 	8.062258 	
62.769421 	56.080299 	52.325901 	46.400433 	48.301140 	49.244289 	49.769470 	60.207973 	48.754486 	116.619041 	107.079407 	95.078911 	42.544094 	85.052925 	73.171036 	38.897301 	40.311287 	62.032249 	81.884064 	34.928497 	49.010204 	26.870058 	23.345236 	23.021729 	22.203604 	21.931713 	22.472204 	20.518284 	20.518284 	21.470911 	31.000000 	18.601076 	22.203604 	18.027756 	26.000000 	28.284271 	16.492422 	16.278820 	21.587032 	18.248287 	19.416489 	23.086792 	30.463093 	17.117243 	15.524175 	17.464249 	20.124611 	19.235384 	21.633308 	5.000000 	999.000000 	10.000000 	
72.111023 	60.539242 	57.428215 	53.037724 	53.600372 	54.083271 	54.378304 	70.035706 	57.939625 	118.067780 	116.901665 	104.785492 	48.270073 	95.047356 	73.171036 	46.615448 	49.244289 	72.027771 	81.024689 	38.470768 	59.008472 	34.669872 	31.384710 	29.832869 	29.206163 	29.681644 	31.384710 	28.301943 	28.653097 	30.675724 	41.000000 	27.313000 	25.553865 	26.925823 	36.000000 	28.635643 	21.260292 	20.615528 	21.587032 	19.313208 	19.924858 	22.203604 	28.071337 	27.073973 	16.155495 	16.278820 	18.027756 	17.029387 	18.110771 	8.062258 	10.000000 	999.000000 	

Travel time:
9.000000 	1.160011 	1.047020 	0.817389 	1.017657 	1.085415 	1.119431 	0.301040 	0.357946 	2.571478 	1.177391 	0.850000 	0.980434 	0.954594 	1.995307 	0.753741 	0.583631 	0.559017 	2.256795 	1.274755 	0.664266 	0.982980 	1.044330 	1.131923 	1.134956 	1.093446 	1.020110 	1.122776 	1.103687 	1.035918 	0.903120 	1.123054 	1.375909 	1.130542 	1.000000 	1.553222 	1.364734 	1.389469 	1.576785 	1.532359 	1.555032 	1.625769 	1.752855 	1.213724 	1.566246 	1.637261 	1.681703 	1.684117 	1.756417 	1.604875 	1.569236 	1.802776 	
1.160011 	9.000000 	0.134629 	0.413824 	0.226385 	0.176777 	0.158114 	1.379311 	0.965013 	1.615743 	2.238443 	1.908042 	0.375000 	2.109650 	0.835539 	0.649038 	0.873212 	1.616516 	1.098294 	0.555090 	1.498541 	0.826514 	0.905539 	0.848896 	0.873212 	0.912414 	1.001249 	0.941409 	0.961769 	1.051190 	1.323820 	1.035918 	0.874643 	1.060660 	1.305996 	0.866386 	0.995301 	1.006231 	1.011496 	1.040433 	1.035012 	1.025914 	1.020110 	1.353699 	1.116356 	1.140175 	1.133578 	1.152443 	1.184536 	1.341641 	1.402007 	1.513481 	
1.047020 	0.134629 	9.000000 	0.279509 	0.103078 	0.090139 	0.103078 	1.255239 	0.835539 	1.746783 	2.150581 	1.818310 	0.254951 	1.991231 	0.955249 	0.515388 	0.738664 	1.488707 	1.219887 	0.496236 	1.364734 	0.707107 	0.789383 	0.743303 	0.766893 	0.800391 	0.880696 	0.831038 	0.848896 	0.930390 	1.191900 	0.921954 	0.800391 	0.946375 	1.177391 	0.825379 	0.908983 	0.922293 	0.955249 	0.973717 	0.972432 	0.976281 	0.995615 	1.234150 	1.046721 	1.078483 	1.079641 	1.096586 	1.136332 	1.256234 	1.308148 	1.435705 	
0.817389 	0.413824 	0.279509 	9.000000 	0.212132 	0.282843 	0.318198 	0.995615 	0.565685 	2.015099 	1.966119 	1.632674 	0.175000 	1.740869 	1.220912 	0.250000 	0.459619 	1.219887 	1.486607 	0.505594 	1.085415 	0.503115 	0.592663 	0.585769 	0.605186 	0.617454 	0.664266 	0.651920 	0.660492 	0.711512 	0.928036 	0.726722 	0.728869 	0.749166 	0.926350 	0.831038 	0.797261 	0.816241 	0.916856 	0.908983 	0.917878 	0.951972 	1.025000 	1.013040 	0.970824 	1.020416 	1.039832 	1.051487 	1.107080 	1.131923 	1.160011 	1.325943 	
1.017657 	0.226385 	0.103078 	0.212132 	9.000000 	0.070711 	0.106066 	1.206752 	0.777817 	1.842044 	2.146654 	1.813319 	0.152069 	1.950160 	1.009022 	0.427200 	0.660492 	1.432000 	1.274755 	0.416083 	1.290591 	0.604669 	0.686477 	0.640800 	0.664266 	0.697316 	0.778621 	0.728011 	0.745822 	0.828402 	1.098294 	0.818917 	0.707990 	0.843356 	1.079641 	0.750417 	0.811249 	0.825379 	0.870704 	0.883883 	0.884590 	0.895126 	0.929045 	1.131923 	0.955249 	0.990581 	0.995615 	1.011496 	1.055047 	1.158123 	1.207528 	1.340009 	
1.085415 	0.176777 	0.090139 	0.282843 	0.070711 	9.000000 	0.035355 	1.277204 	0.848528 	1.786232 	2.208082 	1.875000 	0.201556 	2.020056 	0.938416 	0.492443 	0.728869 	1.502706 	1.204159 	0.406971 	1.359458 	0.650481 	0.728869 	0.673146 	0.697316 	0.735697 	0.825379 	0.764853 	0.785016 	0.875357 	1.158123 	0.859142 	0.715017 	0.883883 	1.134956 	0.735272 	0.828025 	0.840387 	0.866386 	0.886707 	0.884590 	0.886707 	0.905883 	1.177391 	0.960469 	0.990581 	0.990581 	1.007782 	1.046721 	1.175266 	1.231107 	1.352082 	
1.119431 	0.158114 	0.103078 	0.318198 	0.106066 	0.035355 	9.000000 	1.312441 	0.883883 	1.758728 	2.239001 	1.906076 	0.230489 	2.055024 	0.903120 	0.525595 	0.763217 	1.538059 	1.168867 	0.406971 	1.393960 	0.675000 	0.751665 	0.691466 	0.715891 	0.756637 	0.850000 	0.785016 	0.806226 	0.900000 	1.188486 	0.880696 	0.721110 	0.905539 	1.163239 	0.730154 	0.838525 	0.850000 	0.866386 	0.890225 	0.886707 	0.884590 	0.896172 	1.201041 	0.965013 	0.992472 	0.989950 	1.007782 	1.044330 	1.185327 	1.244237 	1.359458 	
0.301040 	1.379311 	1.255239 	0.995615 	1.206752 	1.277204 	1.312441 	9.000000 	0.437321 	2.853178 	1.171804 	0.877853 	1.137157 	0.750417 	2.210345 	0.860959 	0.632456 	0.261008 	2.475126 	1.388569 	0.410031 	1.015197 	1.054751 	1.163239 	1.159741 	1.104536 	1.000000 	1.127497 	1.101136 	1.001249 	0.761577 	1.100284 	1.422146 	1.101136 	0.877853 	1.625000 	1.378632 	1.403567 	1.615743 	1.557241 	1.584692 	1.668832 	1.819512 	1.106797 	1.576785 	1.653028 	1.706605 	1.704589 	1.781327 	1.562850 	1.505199 	1.750893 	
0.357946 	0.965013 	0.835539 	0.565685 	0.777817 	0.848528 	0.883883 	0.437321 	9.000000 	2.506117 	1.525000 	1.202341 	0.700446 	1.187697 	1.786232 	0.427200 	0.226385 	0.654313 	2.051828 	0.956883 	0.564026 	0.626997 	0.686477 	0.776611 	0.778621 	0.735697 	0.664266 	0.764853 	0.745822 	0.682825 	0.617454 	0.766893 	1.025305 	0.775403 	0.691466 	1.212693 	1.007782 	1.032594 	1.225000 	1.177391 	1.201041 	1.275245 	1.410895 	0.886707 	1.209339 	1.281113 	1.327121 	1.328768 	1.402007 	1.249500 	1.218862 	1.448491 	
2.571478 	1.615743 	1.746783 	2.015099 	1.842044 	1.786232 	1.758728 	2.853178 	2.506117 	9.000000 	3.323590 	3.047950 	1.987775 	3.490165 	1.155963 	2.260669 	2.467919 	3.112073 	1.060955 	2.052438 	3.067776 	2.431306 	2.503123 	2.425129 	2.450128 	2.501125 	2.605883 	2.525495 	2.551103 	2.655772 	2.938643 	2.626071 	2.360747 	2.651061 	2.921044 	2.236068 	2.507987 	2.510105 	2.412727 	2.478533 	2.457768 	2.397525 	2.280351 	2.952647 	2.556487 	2.544725 	2.505619 	2.530069 	2.522400 	2.825000 	2.915476 	2.951694 	
1.177391 	2.238443 	2.150581 	1.966119 	2.146654 	2.208082 	2.239001 	1.171804 	1.525000 	3.323590 	9.000000 	0.333542 	2.137756 	0.781025 	3.041792 	1.930835 	1.750179 	1.175266 	3.287191 	2.446681 	1.504161 	2.150581 	2.203548 	2.300543 	2.301222 	2.253469 	2.161741 	2.279940 	2.256795 	2.167516 	1.923051 	2.263846 	2.550122 	2.266743 	2.043587 	2.730613 	2.528092 	2.553062 	2.750000 	2.701041 	2.725459 	2.800112 	2.930230 	2.273901 	2.729125 	2.802789 	2.850987 	2.851754 	2.925961 	2.733244 	2.676985 	2.922542 	
0.850000 	1.908042 	1.818310 	1.632674 	1.813319 	1.875000 	1.906076 	0.877853 	1.202341 	3.047950 	0.333542 	9.000000 	1.804508 	0.697316 	2.716846 	1.601757 	1.428504 	0.930054 	2.964899 	2.114829 	1.243483 	1.829276 	1.885637 	1.978952 	1.980688 	1.935362 	1.849493 	1.962938 	1.941166 	1.858259 	1.638788 	1.952242 	2.225562 	1.956560 	1.755705 	2.402082 	2.209072 	2.233971 	2.426159 	2.379732 	2.403253 	2.475505 	2.601923 	1.984471 	2.410524 	2.483068 	2.529452 	2.531057 	2.604323 	2.427061 	2.376973 	2.619637 	
0.980434 	0.375000 	0.254951 	0.175000 	0.152069 	0.201556 	0.230489 	1.137157 	0.700446 	1.987775 	2.137756 	1.804508 	9.000000 	1.886796 	1.110180 	0.305164 	0.550568 	1.347683 	1.375000 	0.333542 	1.180042 	0.452769 	0.534439 	0.492443 	0.515388 	0.546008 	0.626997 	0.577170 	0.594243 	0.676849 	0.958188 	0.667083 	0.585769 	0.691466 	0.933408 	0.664266 	0.675463 	0.691466 	0.763217 	0.765261 	0.770146 	0.794119 	0.855132 	0.980115 	0.832541 	0.875000 	0.887764 	0.901388 	0.951972 	1.020110 	1.063602 	1.206752 	
0.954594 	2.109650 	1.991231 	1.740869 	1.950160 	2.020056 	2.055024 	0.750417 	1.187697 	3.490165 	0.781025 	0.697316 	1.886796 	9.000000 	2.944911 	1.610318 	1.375909 	0.588430 	3.207900 	2.135708 	0.901388 	1.739253 	1.765113 	1.882153 	1.875000 	1.813319 	1.692077 	1.831154 	1.800868 	1.681703 	1.352082 	1.784657 	2.143158 	1.779923 	1.476906 	2.356109 	2.079964 	2.104311 	2.328626 	2.261775 	2.291970 	2.383406 	2.545830 	1.700184 	2.270050 	2.348537 	2.407930 	2.402603 	2.481179 	2.206949 	2.126323 	2.376184 	
1.995307 	0.835539 	0.955249 	1.220912 	1.009022 	0.938416 	0.903120 	2.210345 	1.786232 	1.155963 	3.041792 	2.716846 	1.110180 	2.944911 	9.000000 	1.415318 	1.660007 	2.440543 	0.265754 	1.027740 	2.290196 	1.477329 	1.527457 	1.423025 	1.446764 	1.510174 	1.638788 	1.525820 	1.557442 	1.685416 	2.034853 	1.628650 	1.290591 	1.652460 	1.982738 	1.125278 	1.442654 	1.438967 	1.300000 	1.375909 	1.350231 	1.275980 	1.138530 	1.954002 	1.450216 	1.425877 	1.378632 	1.403567 	1.386092 	1.725724 	1.829276 	1.829276 	
0.753741 	0.649038 	0.515388 	0.250000 	0.427200 	0.492443 	0.525595 	0.860959 	0.427200 	2.260669 	1.930835 	1.601757 	0.305164 	1.610318 	1.415318 	9.000000 	0.247487 	1.055047 	1.680030 	0.529741 	0.875000 	0.301040 	0.388909 	0.425000 	0.437321 	0.425735 	0.437321 	0.460977 	0.459619 	0.480885 	0.679154 	0.515388 	0.637377 	0.535023 	0.676849 	0.800391 	0.660019 	0.682825 	0.838525 	0.807001 	0.824621 	0.883883 	1.000312 	0.775403 	0.854400 	0.917197 	0.951972 	0.958188 	1.025000 	0.965013 	0.972432 	1.165386 	
0.583631 	0.873212 	0.738664 	0.459619 	0.660492 	0.728869 	0.763217 	0.632456 	0.226385 	2.467919 	1.750179 	1.428504 	0.550568 	1.375909 	1.660007 	0.247487 	9.000000 	0.811249 	1.925162 	0.760345 	0.630971 	0.400780 	0.460977 	0.550568 	0.552268 	0.509902 	0.447214 	0.539676 	0.522015 	0.471699 	0.509902 	0.548293 	0.801561 	0.559017 	0.548293 	0.995301 	0.781425 	0.806226 	1.000312 	0.951315 	0.975320 	1.051190 	1.191900 	0.710634 	0.982980 	1.054751 	1.101136 	1.102554 	1.176063 	1.030776 	1.007782 	1.231107 	
0.559017 	1.616516 	1.488707 	1.219887 	1.432000 	1.502706 	1.538059 	0.261008 	0.654313 	3.112073 	1.175266 	0.930054 	1.347683 	0.588430 	2.440543 	1.055047 	0.811249 	9.000000 	2.706127 	1.569236 	0.333542 	1.155963 	1.178187 	1.296630 	1.288652 	1.226020 	1.103687 	1.243232 	1.212693 	1.093446 	0.776611 	1.196349 	1.557442 	1.191900 	0.901388 	1.773415 	1.491643 	1.515957 	1.741049 	1.673507 	1.703856 	1.796003 	1.960867 	1.129436 	1.681703 	1.760149 	1.819512 	1.814180 	1.892749 	1.625769 	1.550806 	1.800694 	
2.256795 	1.098294 	1.219887 	1.486607 	1.274755 	1.204159 	1.168867 	2.475126 	2.051828 	1.060955 	3.287191 	2.964899 	1.375000 	3.207900 	0.265754 	1.680030 	1.925162 	2.706127 	9.000000 	1.276959 	2.555020 	1.732953 	1.779396 	1.671264 	1.694476 	1.759616 	1.891098 	1.773415 	1.805893 	1.936814 	2.292651 	1.875667 	1.521923 	1.899013 	2.236767 	1.340009 	1.673507 	1.667708 	1.510174 	1.590990 	1.562850 	1.480287 	1.325000 	2.198010 	1.662077 	1.629801 	1.576785 	1.601757 	1.575000 	1.938105 	2.047101 	2.025617 	
