Total assets = 789
Number of asset nodes = 40

Distance:
999.000000 	3.000000 	4.000000 	10.295630 	25.179358 	28.160255 	46.818798 	25.000000 	32.984844 	38.052597 	62.433964 	45.276924 	31.064449 	50.009998 	45.891174 	43.324360 	44.922153 	37.589893 	48.270073 	46.238514 	47.434166 	45.617977 	72.235725 	49.244289 	49.769470 	50.328918 	47.381432 	53.450912 	48.662102 	52.801514 	68.066147 	74.525162 	68.000000 	72.691124 	70.064255 	53.000000 	70.028564 	77.878113 	72.111023 	71.000000 	53.823788 	54.424259 	73.000000 	85.381500 	81.049370 	77.058418 	74.168724 	66.483078 	81.743500 	93.520050 	81.614952 	79.101204 	84.011902 	
3.000000 	999.000000 	1.000000 	9.219544 	22.203604 	25.179358 	44.011364 	22.671568 	30.083218 	35.057095 	59.908264 	42.296574 	31.016125 	47.010635 	42.953465 	40.496914 	42.059483 	36.249138 	45.354160 	43.462627 	44.598206 	42.941822 	69.462219 	46.518814 	47.010635 	47.539455 	47.853943 	50.596443 	49.244289 	50.089920 	65.069191 	71.589104 	65.000000 	69.720871 	67.067131 	53.084839 	67.029846 	74.953316 	69.115845 	68.000000 	52.153618 	53.450912 	70.000000 	82.540901 	78.089691 	74.060783 	71.175842 	63.694584 	78.771820 	90.801979 	78.638412 	76.105194 	81.049370 	
4.000000 	1.000000 	999.000000 	9.055386 	21.213203 	24.186773 	43.081318 	21.931713 	29.120440 	34.058773 	59.076221 	41.303753 	31.064449 	46.010868 	41.976185 	39.560081 	41.109608 	35.846897 	44.384682 	42.544094 	43.657761 	42.059483 	68.541962 	45.617977 	46.097721 	46.615448 	48.052055 	49.648766 	49.477268 	49.193497 	64.070274 	70.611610 	64.000000 	68.731361 	66.068146 	53.150730 	66.030296 	73.979729 	68.117546 	67.000000 	51.623638 	53.160137 	69.000000 	81.596565 	77.103828 	73.061615 	70.178345 	62.769421 	77.781746 	89.899948 	77.646637 	75.106590 	80.062477 	
10.295630 	9.219544 	9.055386 	999.000000 	23.323807 	25.942244 	46.324940 	16.155495 	27.018513 	33.734257 	63.780876 	42.379242 	22.203604 	45.705578 	40.000000 	36.345562 	38.209946 	27.294687 	42.047592 	38.832977 	40.447498 	37.643059 	71.693794 	41.484936 	42.201897 	42.953465 	39.560081 	46.529560 	41.109608 	44.922153 	64.132675 	72.111023 	63.639610 	69.641945 	66.098412 	44.283180 	65.924202 	75.610847 	68.249542 	66.610809 	43.600460 	44.271889 	68.593002 	84.095184 	78.160095 	72.993149 	69.115845 	58.940647 	78.587532 	93.295227 	78.339005 	75.133217 	81.043198 	
25.179358 	22.203604 	21.213203 	23.323807 	999.000000 	3.000000 	23.021729 	18.681541 	13.038404 	13.928389 	41.036568 	20.099751 	41.048752 	25.317978 	23.323807 	23.345236 	24.083189 	36.674240 	26.076809 	26.907248 	26.907248 	28.017851 	48.373547 	30.479502 	30.413813 	30.413813 	58.830265 	32.202484 	60.745369 	33.970577 	43.000000 	49.477268 	43.104523 	47.518417 	45.000000 	61.326992 	45.011108 	52.886673 	47.010635 	46.097721 	47.381432 	54.332310 	48.093658 	60.926186 	55.901699 	52.000000 	49.648766 	45.803928 	56.568542 	69.971420 	56.435802 	54.009258 	58.855755 	
28.160255 	25.179358 	24.186773 	25.942244 	3.000000 	999.000000 	20.615528 	19.697716 	11.704700 	11.180340 	39.051247 	17.117243 	42.801868 	22.360680 	20.808653 	21.400934 	21.931713 	37.363083 	23.600847 	25.000000 	24.758837 	26.419689 	45.793011 	28.600698 	28.425341 	28.319605 	60.464867 	29.832869 	62.425957 	32.015621 	40.000000 	46.572525 	40.112343 	44.553337 	42.000000 	62.609905 	42.011902 	50.000000 	44.011364 	43.104523 	47.095646 	54.744862 	45.099888 	58.180752 	52.952808 	49.000000 	46.690472 	43.416588 	53.600372 	67.416618 	53.460266 	51.009804 	55.901699 	
46.818798 	44.011364 	43.081318 	46.324940 	23.021729 	20.615528 	999.000000 	39.204590 	26.832815 	18.973665 	19.235384 	11.045361 	63.031738 	18.027756 	25.019993 	30.149628 	29.017237 	55.470715 	27.166155 	33.015148 	31.016125 	36.124783 	25.495098 	36.013885 	35.057095 	34.132095 	80.430092 	32.756680 	82.462112 	38.209946 	27.294687 	29.017237 	28.844410 	28.635643 	29.068884 	81.835197 	29.529646 	32.015621 	30.463093 	31.384710 	61.392181 	71.512238 	33.120991 	38.600517 	36.124783 	35.468296 	36.619667 	43.863426 	37.336308 	47.010635 	37.483330 	37.000000 	39.115215 	
25.000000 	22.671568 	21.931713 	16.155495 	18.681541 	19.697716 	39.204590 	999.000000 	13.892444 	22.203604 	58.249462 	32.015621 	24.083189 	33.105892 	25.709921 	21.023796 	23.086792 	18.110771 	27.294687 	23.086792 	25.000000 	21.587032 	63.031738 	25.495098 	26.305893 	27.166155 	41.231056 	31.016125 	43.278172 	28.861740 	51.264023 	60.901562 	50.289165 	57.697487 	53.141319 	42.941822 	52.810986 	64.498062 	55.362442 	53.160137 	31.016125 	36.013885 	55.081757 	74.060783 	66.211784 	59.774578 	54.918121 	42.953465 	66.309875 	84.504440 	65.924202 	61.983868 	68.942001 	
32.984844 	30.083218 	29.120440 	27.018513 	13.038404 	11.704700 	26.832815 	13.892444 	999.000000 	8.485281 	46.065170 	18.384777 	37.802116 	19.313208 	13.038404 	10.816654 	12.083046 	28.653097 	15.297058 	14.212670 	14.764823 	15.000000 	49.497475 	17.691807 	17.804493 	18.027756 	54.451813 	20.615528 	56.568542 	21.260292 	37.643059 	47.010635 	36.878178 	43.863426 	39.560081 	55.217751 	39.293766 	50.606323 	41.761227 	39.812057 	36.013885 	44.922153 	41.773197 	60.216278 	52.392746 	46.324940 	42.107006 	34.000000 	52.554733 	70.837845 	52.201534 	48.507732 	55.154327 	
38.052597 	35.057095 	34.058773 	33.734257 	13.928389 	11.180340 	18.973665 	22.203604 	8.485281 	999.000000 	38.078865 	9.899495 	46.227695 	12.041595 	9.899495 	12.369317 	12.083046 	36.891735 	12.727922 	15.811388 	14.764823 	18.248287 	41.012192 	19.313208 	18.788294 	18.357559 	62.936478 	19.104973 	65.053825 	22.360680 	30.413813 	38.910152 	30.066593 	36.055511 	32.388271 	63.600315 	32.249031 	42.485291 	34.525352 	33.060551 	42.579338 	52.554733 	35.057095 	51.865211 	44.598206 	39.319206 	36.124783 	32.557640 	44.922153 	62.369865 	44.643028 	41.436699 	47.434166 	
62.433964 	59.908264 	59.076221 	63.780876 	41.036568 	39.051247 	19.235384 	58.249462 	46.065170 	38.078865 	999.000000 	29.120440 	81.835197 	34.132095 	42.755116 	48.507732 	47.074409 	74.706093 	44.407207 	50.990196 	48.662102 	54.341511 	15.231546 	53.600372 	52.469040 	51.351727 	99.403221 	49.040798 	101.400200 	55.226807 	33.541019 	26.907248 	36.249138 	29.832869 	34.481880 	101.019798 	35.355339 	28.017851 	34.669872 	37.589893 	80.081207 	90.620087 	38.587563 	28.635643 	33.600594 	38.418747 	43.416588 	57.706154 	35.608986 	32.557640 	36.235340 	38.948685 	36.055511 	
45.276924 	42.296574 	41.303753 	42.379242 	20.099751 	17.117243 	11.045361 	32.015621 	18.384777 	9.899495 	29.120440 	999.000000 	56.080299 	7.810250 	14.000000 	19.416489 	18.110771 	46.615448 	16.124516 	22.090721 	20.000000 	25.317978 	31.112698 	25.000000 	24.020824 	23.086792 	72.835434 	21.840330 	74.953316 	27.166155 	23.086792 	29.732138 	23.537205 	27.459061 	25.079872 	73.409805 	25.179358 	33.241539 	27.018513 	26.476404 	50.960770 	61.741398 	28.442924 	42.190044 	35.902645 	32.062439 	30.675724 	33.615471 	36.496574 	52.497620 	36.345562 	34.014702 	38.832977 	
31.064449 	31.016125 	31.064449 	22.203604 	41.048752 	42.801868 	63.031738 	24.083189 	37.802116 	46.227695 	81.835197 	56.080299 	999.000000 	56.603886 	48.301140 	42.544094 	44.777225 	16.124516 	49.244289 	43.324360 	45.880280 	40.521599 	87.114868 	44.384682 	45.607018 	46.840153 	17.888544 	51.244511 	19.723083 	46.872166 	74.242844 	84.599052 	72.917763 	81.123360 	76.026314 	22.090721 	75.584389 	88.204308 	78.262383 	75.643906 	31.780497 	26.248810 	77.472572 	98.005104 	89.554451 	82.346825 	76.550636 	60.406952 	89.470665 	108.577164 	89.005615 	84.581322 	92.179176 	
50.009998 	47.010635 	46.010868 	45.705578 	25.317978 	22.360680 	18.027756 	33.105892 	19.313208 	12.041595 	34.132095 	7.810250 	56.603886 	999.000000 	9.433981 	15.811388 	13.892444 	45.254833 	10.440307 	17.464249 	14.866069 	21.023796 	32.756680 	19.646883 	18.439089 	17.262676 	72.470680 	15.033297 	74.652527 	21.095022 	18.439089 	28.017851 	18.027756 	24.596748 	20.396078 	72.138756 	20.223749 	31.622776 	22.561028 	21.023796 	47.010635 	58.830265 	23.021729 	41.773197 	33.105892 	27.294687 	24.331051 	25.942244 	33.241539 	53.150730 	32.893768 	29.427877 	35.846897 	
45.891174 	42.953465 	41.976185 	40.000000 	23.323807 	20.808653 	25.019993 	25.709921 	13.038404 	9.899495 	42.755116 	14.000000 	48.301140 	9.433981 	999.000000 	6.403124 	4.472136 	36.124783 	2.828427 	8.246211 	6.000000 	11.704700 	42.190044 	11.000000 	10.049875 	9.219544 	63.600315 	9.219544 	65.802734 	13.341664 	25.942244 	36.878178 	24.698177 	33.015148 	27.730848 	62.936478 	27.313000 	40.459858 	29.966648 	27.513634 	37.696156 	49.396355 	29.410883 	50.911690 	41.340054 	34.176014 	29.274563 	22.671568 	41.182522 	62.481998 	40.706264 	36.400551 	43.908997 	
43.324360 	40.496914 	39.560081 	36.345562 	23.345236 	21.400934 	30.149628 	21.023796 	10.816654 	12.369317 	48.507732 	19.416489 	42.544094 	15.811388 	6.403124 	999.000000 	2.236068 	29.832869 	6.708204 	3.605551 	4.123106 	6.000000 	48.548943 	7.211102 	7.071068 	7.211102 	57.428215 	10.198039 	59.640591 	10.630146 	31.906113 	43.185646 	30.413813 	39.204590 	33.615471 	56.586216 	33.120991 	46.754681 	35.846897 	33.105892 	31.622776 	43.046486 	34.928497 	57.280014 	47.434166 	39.812057 	34.205261 	23.259407 	47.169907 	68.883957 	46.647614 	42.047592 	49.929951 	
44.922153 	42.059483 	41.109608 	38.209946 	24.083189 	21.931713 	29.017237 	23.086792 	12.083046 	12.083046 	47.074409 	18.110771 	44.777225 	13.892444 	4.472136 	2.236068 	999.000000 	32.015621 	4.472136 	4.000000 	2.828427 	7.280110 	46.647614 	7.280110 	6.708204 	6.403124 	59.640591 	8.544003 	61.854668 	10.295630 	29.681644 	41.036568 	28.178005 	37.013512 	31.384710 	58.728188 	30.886890 	44.598206 	33.615471 	30.870699 	33.241539 	44.944408 	32.695564 	55.172459 	45.221676 	37.576588 	32.015621 	21.954498 	44.944408 	66.843102 	44.418465 	39.812057 	47.707443 	
37.589893 	36.249138 	35.846897 	27.294687 	36.674240 	37.363083 	55.470715 	18.110771 	28.653097 	36.891735 	74.706093 	46.615448 	16.124516 	45.254833 	36.124783 	29.832869 	32.015621 	999.000000 	36.400551 	29.681644 	32.449963 	26.419689 	77.466118 	29.966648 	31.304953 	32.649654 	27.784887 	37.121422 	30.016663 	31.953091 	61.611687 	73.000000 	59.908264 	69.028976 	63.245552 	26.907248 	62.681736 	76.576759 	65.459915 	62.433964 	17.029387 	18.027756 	64.140472 	87.000000 	77.201035 	69.115845 	62.609905 	44.911022 	76.843994 	98.351410 	76.275818 	71.344238 	79.630394 	
48.270073 	45.354160 	44.384682 	42.047592 	26.076809 	23.600847 	27.166155 	27.294687 	15.297058 	12.727922 	44.407207 	16.124516 	49.244289 	10.440307 	2.828427 	6.708204 	4.472136 	36.400551 	999.000000 	7.211102 	4.472136 	10.816654 	42.941822 	9.219544 	8.062258 	7.000000 	64.070274 	6.403124 	66.287254 	11.045361 	25.238859 	36.769554 	23.706539 	32.649654 	26.925823 	63.031738 	26.419689 	40.311287 	29.154760 	26.400757 	36.674240 	48.826221 	28.231188 	50.990196 	40.804413 	33.105892 	27.658634 	19.849434 	40.496914 	62.801273 	39.962482 	35.341194 	43.266617 	
46.238514 	43.462627 	42.544094 	38.832977 	26.907248 	25.000000 	33.015148 	23.086792 	14.212670 	15.811388 	50.990196 	22.090721 	43.324360 	17.464249 	8.246211 	3.605551 	4.000000 	29.681644 	7.211102 	999.000000 	2.828427 	3.605551 	50.119858 	3.605551 	3.605551 	4.123106 	57.454330 	8.062258 	59.682495 	7.071068 	32.015621 	43.863426 	30.232433 	39.623226 	33.600594 	56.080299 	33.015148 	47.381432 	35.805027 	32.756680 	29.546574 	41.617306 	34.481880 	58.137768 	47.634022 	39.446167 	33.241539 	20.248457 	47.201694 	70.000000 	46.615448 	41.677334 	50.000000 	
47.434166 	44.598206 	43.657761 	40.447498 	26.907248 	24.758837 	31.016125 	25.000000 	14.764823 	14.764823 	48.662102 	20.000000 	45.880280 	14.866069 	6.000000 	4.123106 	2.828427 	32.449963 	4.472136 	2.828427 	999.000000 	6.403124 	47.413078 	5.000000 	4.123106 	3.605551 	60.207973 	6.082763 	62.433964 	7.615773 	29.206163 	41.036568 	27.459061 	36.796738 	30.805843 	58.898216 	30.232433 	44.553337 	33.015148 	30.016663 	32.202484 	44.407207 	31.764761 	55.317268 	44.821869 	36.715118 	30.675724 	19.235384 	44.407207 	67.201187 	43.829212 	38.948685 	47.201694 	
45.617977 	42.941822 	42.059483 	37.643059 	28.017851 	26.419689 	36.124783 	21.587032 	15.000000 	18.248287 	54.341511 	25.317978 	40.521599 	21.023796 	11.704700 	6.000000 	7.280110 	26.419689 	10.816654 	3.605551 	6.403124 	999.000000 	53.712196 	4.000000 	5.099020 	6.324555 	54.203320 	10.770329 	56.435802 	7.280110 	35.468296 	47.423622 	33.600594 	43.139309 	37.013512 	52.630791 	36.400551 	50.931328 	39.204590 	36.055511 	26.000000 	38.013157 	37.735924 	61.717098 	51.088158 	42.720020 	36.249138 	21.377558 	50.606323 	73.600273 	50.000000 	44.944408 	53.413483 	
72.235725 	69.462219 	68.541962 	71.693794 	48.373547 	45.793011 	25.495098 	63.031738 	49.497475 	41.012192 	15.231546 	31.112698 	87.114868 	32.756680 	42.190044 	48.548943 	46.647614 	77.466118 	42.941822 	50.119858 	47.413078 	53.712196 	999.000000 	51.894123 	50.566788 	49.244289 	103.947105 	45.880280 	106.066017 	52.554733 	24.020824 	13.416408 	27.018513 	17.720045 	24.186773 	104.350372 	25.179358 	13.453624 	23.537205 	27.294687 	79.605278 	91.586021 	27.658634 	14.000000 	19.104973 	26.000000 	32.756680 	51.244511 	21.260292 	21.633308 	22.022715 	25.942244 	21.260292 	
49.244289 	46.518814 	45.617977 	41.484936 	30.479502 	28.600698 	36.013885 	25.495098 	17.691807 	19.313208 	53.600372 	25.000000 	44.384682 	19.646883 	11.000000 	7.211102 	7.280110 	29.966648 	9.219544 	3.605551 	5.000000 	4.000000 	51.894123 	999.000000 	1.414214 	2.828427 	57.706154 	7.211102 	59.941639 	3.605551 	32.526913 	44.821869 	30.479502 	40.360870 	33.970577 	55.803226 	33.301651 	48.270073 	36.124783 	32.802441 	27.784887 	40.459858 	34.409302 	59.203041 	48.104053 	39.408119 	32.649654 	17.464249 	47.507893 	71.281136 	46.861500 	41.617306 	50.328918 	
49.769470 	47.010635 	46.097721 	42.201897 	30.413813 	28.425341 	35.057095 	26.305893 	17.804493 	18.788294 	52.469040 	24.020824 	45.607018 	18.439089 	10.049875 	7.071068 	6.708204 	31.304953 	8.062258 	3.605551 	4.123106 	5.099020 	50.566788 	1.414214 	999.000000 	1.414214 	59.059292 	5.830952 	61.294373 	3.605551 	31.112698 	43.416588 	29.068884 	38.948685 	32.557640 	57.201397 	31.890438 	46.861500 	34.713108 	31.400637 	29.154760 	41.868843 	33.015148 	57.801384 	46.690472 	38.013157 	31.304953 	16.763054 	46.097721 	69.892776 	45.453274 	40.224369 	48.918301 	
50.328918 	47.539455 	46.615448 	42.953465 	30.413813 	28.319605 	34.132095 	27.166155 	18.027756 	18.357559 	51.351727 	23.086792 	46.840153 	17.262676 	9.219544 	7.211102 	6.403124 	32.649654 	7.000000 	4.123106 	3.605551 	6.324555 	49.244289 	2.828427 	1.414214 	999.000000 	60.415230 	4.472136 	62.649822 	4.123106 	29.698484 	42.011902 	27.658634 	37.536648 	31.144823 	58.600342 	30.479502 	45.453274 	33.301651 	30.000000 	30.528675 	43.278172 	31.622776 	56.400356 	45.276924 	36.619667 	29.966648 	16.155495 	44.687805 	68.505478 	44.045429 	38.832977 	47.507893 	
47.381432 	47.853943 	48.052055 	39.560081 	58.830265 	60.464867 	80.430092 	41.231056 	54.451813 	62.936478 	99.403221 	72.835434 	17.888544 	72.470680 	63.600315 	57.428215 	59.640591 	27.784887 	64.070274 	57.454330 	60.207973 	54.203320 	103.947105 	57.706154 	59.059292 	60.415230 	999.000000 	64.884514 	2.236068 	59.506302 	89.308456 	100.424103 	87.664131 	96.607452 	90.972527 	8.485281 	90.426765 	104.019226 	93.193344 	90.210861 	37.121422 	25.317978 	91.923882 	114.214706 	104.861816 	96.896851 	90.354858 	71.784401 	104.560989 	125.207825 	104.009613 	99.126183 	107.335922 	
53.450912 	50.596443 	49.648766 	46.529560 	32.202484 	29.832869 	32.756680 	31.016125 	20.615528 	19.104973 	49.040798 	21.840330 	51.244511 	15.033297 	9.219544 	10.198039 	8.544003 	37.121422 	6.403124 	8.062258 	6.082763 	10.770329 	45.880280 	7.211102 	5.830952 	4.472136 	64.884514 	999.000000 	67.119293 	6.708204 	25.495098 	38.013157 	23.345236 	33.421551 	26.870058 	63.007935 	26.172504 	41.400482 	29.000000 	25.612497 	34.409302 	47.423622 	27.202942 	52.430908 	41.012192 	32.202484 	25.495098 	13.601471 	40.360870 	64.660652 	39.698868 	34.409302 	43.185646 	
48.662102 	49.244289 	49.477268 	41.109608 	60.745369 	62.425957 	82.462112 	43.278172 	56.568542 	65.053825 	101.400200 	74.953316 	19.723083 	74.652527 	65.802734 	59.640591 	61.854668 	30.016663 	66.287254 	59.682495 	62.433964 	56.435802 	106.066017 	59.941639 	61.294373 	62.649822 	2.236068 	67.119293 	999.000000 	61.741398 	91.525955 	102.615791 	89.888817 	98.812958 	93.193344 	9.433981 	92.649879 	106.212051 	95.414886 	92.439171 	39.204590 	27.166155 	94.154129 	116.387283 	107.074738 	99.126183 	92.590500 	74.000000 	106.780151 	127.349915 	106.230881 	101.355812 	109.553642 	
52.801514 	50.089920 	49.193497 	44.922153 	33.970577 	32.015621 	38.209946 	28.861740 	21.260292 	22.360680 	55.226807 	27.166155 	46.872166 	21.095022 	13.341664 	10.630146 	10.295630 	31.953091 	11.045361 	7.071068 	7.615773 	7.280110 	52.554733 	3.605551 	3.605551 	4.123106 	59.506302 	6.708204 	61.741398 	999.000000 	32.015621 	44.654228 	29.732138 	40.000000 	33.301651 	57.140179 	32.557640 	48.010414 	35.383614 	31.827662 	27.802877 	41.012192 	33.301651 	59.076221 	47.423622 	38.288380 	31.064449 	14.142136 	46.669048 	71.344238 	45.967381 	40.459858 	49.497475 	
68.066147 	65.069191 	64.070274 	64.132675 	43.000000 	40.000000 	27.294687 	51.264023 	37.643059 	30.413813 	33.541019 	23.086792 	74.242844 	18.439089 	25.942244 	31.906113 	29.681644 	61.611687 	25.238859 	32.015621 	29.206163 	35.468296 	24.020824 	32.526913 	31.112698 	29.698484 	89.308456 	25.495098 	91.525955 	32.015621 	999.000000 	13.000000 	3.000000 	8.062258 	2.000000 	88.090858 	2.236068 	16.124516 	4.123106 	4.242640 	59.816387 	72.917763 	5.830952 	27.294687 	15.620500 	9.000000 	10.000000 	27.658634 	15.264338 	39.812057 	14.764823 	11.045361 	18.027756 	
74.525162 	71.589104 	70.611610 	72.111023 	49.477268 	46.572525 	29.017237 	60.901562 	47.010635 	38.910152 	26.907248 	29.732138 	84.599052 	28.017851 	36.878178 	43.185646 	41.036568 	73.000000 	36.769554 	43.863426 	41.036568 	47.423622 	13.416408 	44.821869 	43.416588 	42.011902 	100.424103 	38.013157 	102.615791 	44.654228 	13.000000 	999.000000 	15.811388 	5.099020 	12.369317 	99.764725 	13.341664 	3.605551 	11.045361 	15.132746 	72.422371 	85.276024 	15.000000 	14.422205 	7.280110 	12.649111 	20.024984 	40.521599 	8.944272 	26.832815 	9.433981 	12.529964 	10.198039 	
68.000000 	65.000000 	64.000000 	63.639610 	43.104523 	40.112343 	28.844410 	50.289165 	36.878178 	30.066593 	36.249138 	23.537205 	72.917763 	18.027756 	24.698177 	30.413813 	28.178005 	59.908264 	23.706539 	30.232433 	27.459061 	33.600594 	27.018513 	30.479502 	29.068884 	27.658634 	87.664131 	23.345236 	89.888817 	29.732138 	3.000000 	15.811388 	999.000000 	10.770329 	3.605551 	86.214851 	2.828427 	18.788294 	5.656854 	3.000000 	57.489128 	70.724815 	5.000000 	29.966648 	17.691807 	9.486833 	7.810250 	24.738634 	17.029387 	42.544094 	16.401220 	11.704700 	19.849434 	
72.691124 	69.720871 	68.731361 	69.641945 	47.518417 	44.553337 	28.635643 	57.697487 	43.863426 	36.055511 	29.832869 	27.459061 	81.123360 	24.596748 	33.015148 	39.204590 	37.013512 	69.028976 	32.649654 	39.623226 	36.796738 	43.139309 	17.720045 	40.360870 	38.948685 	37.536648 	96.607452 	33.421551 	98.812958 	40.000000 	8.062258 	5.099020 	10.770329 	999.000000 	7.280110 	95.671310 	8.246211 	8.062258 	6.000000 	10.049875 	67.801178 	80.808418 	10.049875 	19.235384 	8.544003 	8.602325 	15.132746 	35.440090 	9.055386 	31.780497 	9.000000 	9.219544 	11.401754 	
70.064255 	67.067131 	66.068146 	66.098412 	45.000000 	42.000000 	29.068884 	53.141319 	39.560081 	32.388271 	34.481880 	25.079872 	76.026314 	20.396078 	27.730848 	33.615471 	31.384710 	63.245552 	26.925823 	33.600594 	30.805843 	37.013512 	24.186773 	33.970577 	32.557640 	31.144823 	90.972527 	26.870058 	93.193344 	33.301651 	2.000000 	12.369317 	3.605551 	7.280110 	999.000000 	89.643738 	1.000000 	15.231546 	2.236068 	3.162278 	61.073727 	74.276512 	4.242640 	26.400757 	14.142136 	7.000000 	8.944272 	28.160255 	13.601471 	39.000000 	13.038404 	9.055386 	16.401220 	
53.000000 	53.084839 	53.150730 	44.283180 	61.326992 	62.609905 	81.835197 	42.941822 	55.217751 	63.600315 	101.019798 	73.409805 	22.090721 	72.138756 	62.936478 	56.586216 	58.728188 	26.907248 	63.031738 	56.080299 	58.898216 	52.630791 	104.350372 	55.803226 	57.201397 	58.600342 	8.485281 	63.007935 	9.433981 	57.140179 	88.090858 	99.764725 	86.214851 	95.671310 	89.643738 	999.000000 	89.022469 	103.324730 	91.831367 	88.600227 	32.280025 	19.104973 	90.210861 	113.846390 	103.711136 	95.210297 	88.204308 	68.447060 	103.232750 	125.255737 	102.615791 	97.416634 	106.042442 	
70.028564 	67.029846 	66.030296 	65.924202 	45.011108 	42.011902 	29.529646 	52.810986 	39.293766 	32.249031 	35.355339 	25.179358 	75.584389 	20.223749 	27.313000 	33.120991 	30.886890 	62.681736 	26.419689 	33.015148 	30.232433 	36.400551 	25.179358 	33.301651 	31.890438 	30.479502 	90.426765 	26.172504 	92.649879 	32.557640 	2.236068 	13.341664 	2.828427 	8.246211 	1.000000 	89.022469 	999.000000 	16.155495 	2.828427 	2.236068 	60.307545 	73.552704 	3.605551 	27.313000 	14.866069 	7.071068 	8.062258 	27.202942 	14.212670 	39.924931 	13.601471 	9.219544 	17.029387 	
77.878113 	74.953316 	73.979729 	75.610847 	52.886673 	50.000000 	32.015621 	64.498062 	50.606323 	42.485291 	28.017851 	33.241539 	88.204308 	31.622776 	40.459858 	46.754681 	44.598206 	76.576759 	40.311287 	47.381432 	44.553337 	50.931328 	13.453624 	48.270073 	46.861500 	45.453274 	104.019226 	41.400482 	106.212051 	48.010414 	16.124516 	3.605551 	18.788294 	8.062258 	15.231546 	103.324730 	16.155495 	999.000000 	13.601471 	17.720045 	75.802376 	88.729927 	17.262676 	11.180340 	5.656854 	14.035668 	22.090721 	43.324360 	7.810250 	23.769728 	8.602325 	13.341664 	8.062258 	
72.111023 	69.115845 	68.117546 	68.249542 	47.010635 	44.011364 	30.463093 	55.362442 	41.761227 	34.525352 	34.669872 	27.018513 	78.262383 	22.561028 	29.966648 	35.846897 	33.615471 	65.459915 	29.154760 	35.805027 	33.015148 	39.204590 	23.537205 	36.124783 	34.713108 	33.301651 	93.193344 	29.000000 	95.414886 	35.383614 	4.123106 	11.045361 	5.656854 	6.000000 	2.236068 	91.831367 	2.828427 	13.601471 	999.000000 	4.123106 	63.126858 	76.380623 	4.123106 	24.698177 	12.041595 	5.099020 	9.219544 	29.732138 	11.401754 	37.336308 	10.816654 	7.000000 	14.212670 	
71.000000 	68.000000 	67.000000 	66.610809 	46.097721 	43.104523 	31.384710 	53.160137 	39.812057 	33.060551 	37.589893 	26.476404 	75.643906 	21.023796 	27.513634 	33.105892 	30.870699 	62.433964 	26.400757 	32.756680 	30.016663 	36.055511 	27.294687 	32.802441 	31.400637 	30.000000 	90.210861 	25.612497 	92.439171 	31.827662 	4.242640 	15.132746 	3.000000 	10.049875 	3.162278 	88.600227 	2.236068 	17.720045 	4.123106 	999.000000 	59.464275 	72.835434 	2.000000 	28.792360 	15.811388 	6.708204 	5.830952 	25.632011 	14.866069 	41.436699 	14.142136 	8.944272 	17.691807 	
53.823788 	52.153618 	51.623638 	43.600460 	47.381432 	47.095646 	61.392181 	31.016125 	36.013885 	42.579338 	80.081207 	50.960770 	31.780497 	47.010635 	37.696156 	31.622776 	33.241539 	17.029387 	36.674240 	29.546574 	32.202484 	26.000000 	79.605278 	27.784887 	29.154760 	30.528675 	37.121422 	34.409302 	39.204590 	27.802877 	59.816387 	72.422371 	57.489128 	67.801178 	61.073727 	32.280025 	60.307545 	75.802376 	63.126858 	59.464275 	999.000000 	13.892444 	60.827625 	86.838928 	75.166481 	65.764732 	58.051701 	36.891735 	74.330345 	99.020203 	73.593475 	67.882248 	77.155685 	
54.424259 	53.450912 	53.160137 	44.271889 	54.332310 	54.744862 	71.512238 	36.013885 	44.922153 	52.554733 	90.620087 	61.741398 	26.248810 	58.830265 	49.396355 	43.046486 	44.944408 	18.027756 	48.826221 	41.617306 	44.407207 	38.013157 	91.586021 	40.459858 	41.868843 	43.278172 	25.317978 	47.423622 	27.166155 	41.012192 	72.917763 	85.276024 	70.724815 	80.808418 	74.276512 	19.104973 	73.552704 	88.729927 	76.380623 	72.835434 	13.892444 	999.000000 	74.276512 	99.639351 	88.413803 	79.246452 	71.700768 	50.774010 	87.681244 	111.606453 	86.977005 	81.394104 	90.509666 	
73.000000 	70.000000 	69.000000 	68.593002 	48.093658 	45.099888 	33.120991 	55.081757 	41.773197 	35.057095 	38.587563 	28.442924 	77.472572 	23.021729 	29.410883 	34.928497 	32.695564 	64.140472 	28.231188 	34.481880 	31.764761 	37.735924 	27.658634 	34.409302 	33.015148 	31.622776 	91.923882 	27.202942 	94.154129 	33.301651 	5.830952 	15.000000 	5.000000 	10.049875 	4.242640 	90.210861 	3.605551 	17.262676 	4.123106 	2.000000 	60.827625 	74.276512 	999.000000 	28.160255 	14.764823 	5.000000 	5.099020 	26.400757 	13.601471 	40.804413 	12.806249 	7.211102 	16.401220 	
85.381500 	82.540901 	81.596565 	84.095184 	60.926186 	58.180752 	38.600517 	74.060783 	60.216278 	51.865211 	28.635643 	42.190044 	98.005104 	41.773197 	50.911690 	57.280014 	55.172459 	87.000000 	50.990196 	58.137768 	55.317268 	61.717098 	14.000000 	59.203041 	57.801384 	56.400356 	114.214706 	52.430908 	116.387283 	59.076221 	27.294687 	14.422205 	29.966648 	19.235384 	26.400757 	113.846390 	27.313000 	11.180340 	24.698177 	28.792360 	86.838928 	99.639351 	28.160255 	999.000000 	14.035668 	24.331051 	32.756680 	54.424259 	16.000000 	12.649111 	17.000000 	23.086792 	14.142136 	
81.049370 	78.089691 	77.103828 	78.160095 	55.901699 	52.952808 	36.124783 	66.211784 	52.392746 	44.598206 	33.600594 	35.902645 	89.554451 	33.105892 	41.340054 	47.434166 	45.221676 	77.201035 	40.804413 	47.634022 	44.821869 	51.088158 	19.104973 	48.104053 	46.690472 	45.276924 	104.861816 	41.012192 	107.074738 	47.423622 	15.620500 	7.280110 	17.691807 	8.544003 	14.142136 	103.711136 	14.866069 	5.656854 	12.041595 	15.811388 	75.166481 	88.413803 	14.764823 	14.035668 	999.000000 	10.440307 	18.973665 	41.146080 	2.236068 	26.476404 	3.162278 	9.055386 	3.000000 	
77.058418 	74.060783 	73.061615 	72.993149 	52.000000 	49.000000 	35.468296 	59.774578 	46.324940 	39.319206 	38.418747 	32.062439 	82.346825 	27.294687 	34.176014 	39.812057 	37.576588 	69.115845 	33.105892 	39.446167 	36.715118 	42.720020 	26.000000 	39.408119 	38.013157 	36.619667 	96.896851 	32.202484 	99.126183 	38.288380 	9.000000 	12.649111 	9.486833 	8.602325 	7.000000 	95.210297 	7.071068 	14.035668 	5.099020 	6.708204 	65.764732 	79.246452 	5.000000 	24.331051 	10.440307 	999.000000 	8.544003 	30.886890 	8.944272 	36.878178 	8.062258 	2.236068 	11.661903 	
74.168724 	71.175842 	70.178345 	69.115845 	49.648766 	46.690472 	36.619667 	54.918121 	42.107006 	36.124783 	43.416588 	30.675724 	76.550636 	24.331051 	29.274563 	34.205261 	32.015621 	62.609905 	27.658634 	33.241539 	30.675724 	36.249138 	32.756680 	32.649654 	31.304953 	29.966648 	90.354858 	25.495098 	92.590500 	31.064449 	10.000000 	20.024984 	7.810250 	15.132746 	8.944272 	88.204308 	8.062258 	22.090721 	9.219544 	5.830952 	58.051701 	71.700768 	5.099020 	32.756680 	18.973665 	8.544003 	999.000000 	22.472204 	17.464249 	45.354160 	16.552946 	10.295630 	20.124611 	
66.483078 	63.694584 	62.769421 	58.940647 	45.803928 	43.416588 	43.863426 	42.953465 	34.000000 	32.557640 	57.706154 	33.615471 	60.406952 	25.942244 	22.671568 	23.259407 	21.954498 	44.911022 	19.849434 	20.248457 	19.235384 	21.377558 	51.244511 	17.464249 	16.763054 	16.155495 	71.784401 	13.601471 	74.000000 	14.142136 	27.658634 	40.521599 	24.738634 	35.440090 	28.160255 	68.447060 	27.202942 	43.324360 	29.732138 	25.632011 	36.891735 	50.774010 	26.400757 	54.424259 	41.146080 	30.886890 	22.472204 	999.000000 	39.824615 	67.067131 	38.948685 	32.756680 	42.544094 	
81.743500 	78.771820 	77.781746 	78.587532 	56.568542 	53.600372 	37.336308 	66.309875 	52.554733 	44.922153 	35.608986 	36.496574 	89.470665 	33.241539 	41.182522 	47.169907 	44.944408 	76.843994 	40.496914 	47.201694 	44.407207 	50.606323 	21.260292 	47.507893 	46.097721 	44.687805 	104.560989 	40.360870 	106.780151 	46.669048 	15.264338 	8.944272 	17.029387 	9.055386 	13.601471 	103.232750 	14.212670 	7.810250 	11.401754 	14.866069 	74.330345 	87.681244 	13.601471 	16.000000 	2.236068 	8.944272 	17.464249 	39.824615 	999.000000 	28.284271 	1.000000 	7.280110 	2.828427 	
93.520050 	90.801979 	89.899948 	93.295227 	69.971420 	67.416618 	47.010635 	84.504440 	70.837845 	62.369865 	32.557640 	52.497620 	108.577164 	53.150730 	62.481998 	68.883957 	66.843102 	98.351410 	62.801273 	70.000000 	67.201187 	73.600273 	21.633308 	71.281136 	69.892776 	68.505478 	125.207825 	64.660652 	127.349915 	71.344238 	39.812057 	26.832815 	42.544094 	31.780497 	39.000000 	125.255737 	39.924931 	23.769728 	37.336308 	41.436699 	99.020203 	111.606453 	40.804413 	12.649111 	26.476404 	36.878178 	45.354160 	67.067131 	28.284271 	999.000000 	29.274563 	35.510563 	26.076809 	
81.614952 	78.638412 	77.646637 	78.339005 	56.435802 	53.460266 	37.483330 	65.924202 	52.201534 	44.643028 	36.235340 	36.345562 	89.005615 	32.893768 	40.706264 	46.647614 	44.418465 	76.275818 	39.962482 	46.615448 	43.829212 	50.000000 	22.022715 	46.861500 	45.453274 	44.045429 	104.009613 	39.698868 	106.230881 	45.967381 	14.764823 	9.433981 	16.401220 	9.000000 	13.038404 	102.615791 	13.601471 	8.602325 	10.816654 	14.142136 	73.593475 	86.977005 	12.806249 	17.000000 	3.162278 	8.062258 	16.552946 	38.948685 	1.000000 	29.274563 	999.000000 	6.324555 	3.605551 	
79.101204 	76.105194 	75.106590 	75.133217 	54.009258 	51.009804 	37.000000 	61.983868 	48.507732 	41.436699 	38.948685 	34.014702 	84.581322 	29.427877 	36.400551 	42.047592 	39.812057 	71.344238 	35.341194 	41.677334 	38.948685 	44.944408 	25.942244 	41.617306 	40.224369 	38.832977 	99.126183 	34.409302 	101.355812 	40.459858 	11.045361 	12.529964 	11.704700 	9.219544 	9.055386 	97.416634 	9.219544 	13.341664 	7.000000 	8.944272 	67.882248 	81.394104 	7.211102 	23.086792 	9.055386 	2.236068 	10.295630 	32.756680 	7.280110 	35.510563 	6.324555 	999.000000 	9.848858 	
84.011902 	81.049370 	80.062477 	81.043198 	58.855755 	55.901699 	39.115215 	68.942001 	55.154327 	47.434166 	36.055511 	38.832977 	92.179176 	35.846897 	43.908997 	49.929951 	47.707443 	79.630394 	43.266617 	50.000000 	47.201694 	53.413483 	21.260292 	50.328918 	48.918301 	47.507893 	107.335922 	43.185646 	109.553642 	49.497475 	18.027756 	10.198039 	19.849434 	11.401754 	16.401220 	106.042442 	17.029387 	8.062258 	14.212670 	17.691807 	77.155685 	90.509666 	16.401220 	14.142136 	3.000000 	11.661903 	20.124611 	42.544094 	2.828427 	26.076809 	3.605551 	9.848858 	999.000000 	

Travel time:
9.000000 	0.075000 	0.100000 	0.257391 	0.629484 	0.704006 	1.170470 	0.625000 	0.824621 	0.951315 	1.560849 	1.131923 	0.776611 	1.250250 	1.147279 	1.083109 	1.123054 	0.939747 	1.206752 	1.155963 	1.185854 	1.140449 	1.805893 	1.231107 	1.244237 	1.258223 	1.184536 	1.336273 	1.216552 	1.320038 	1.701654 	1.863129 	1.700000 	1.817278 	1.751606 	1.325000 	1.750714 	1.946953 	1.802776 	1.775000 	1.345595 	1.360606 	1.825000 	2.134537 	2.026234 	1.926461 	1.854218 	1.662077 	2.043587 	2.338001 	2.040374 	1.977530 	2.100297 	
0.075000 	9.000000 	0.025000 	0.230489 	0.555090 	0.629484 	1.100284 	0.566789 	0.752080 	0.876427 	1.497707 	1.057414 	0.775403 	1.175266 	1.073837 	1.012423 	1.051487 	0.906228 	1.133854 	1.086566 	1.114955 	1.073546 	1.736555 	1.162970 	1.175266 	1.188486 	1.196349 	1.264911 	1.231107 	1.252248 	1.626730 	1.789728 	1.625000 	1.743022 	1.676678 	1.327121 	1.675746 	1.873833 	1.727896 	1.700000 	1.303840 	1.336273 	1.750000 	2.063523 	1.952242 	1.851520 	1.779396 	1.592365 	1.969296 	2.270050 	1.965960 	1.902630 	2.026234 	
0.100000 	0.025000 	9.000000 	0.226385 	0.530330 	0.604669 	1.077033 	0.548293 	0.728011 	0.851469 	1.476906 	1.032594 	0.776611 	1.150272 	1.049405 	0.989002 	1.027740 	0.896172 	1.109617 	1.063602 	1.091444 	1.051487 	1.713549 	1.140449 	1.152443 	1.165386 	1.201301 	1.241219 	1.236932 	1.229837 	1.601757 	1.765290 	1.600000 	1.718284 	1.651704 	1.328768 	1.650757 	1.849493 	1.702939 	1.675000 	1.290591 	1.329003 	1.725000 	2.039914 	1.927596 	1.826540 	1.754459 	1.569236 	1.944544 	2.247499 	1.941166 	1.877665 	2.001562 	
0.257391 	0.230489 	0.226385 	9.000000 	0.583095 	0.648556 	1.158123 	0.403887 	0.675463 	0.843356 	1.594522 	1.059481 	0.555090 	1.142639 	1.000000 	0.908639 	0.955249 	0.682367 	1.051190 	0.970824 	1.011187 	0.941076 	1.792345 	1.037123 	1.055047 	1.073837 	0.989002 	1.163239 	1.027740 	1.123054 	1.603317 	1.802776 	1.590990 	1.741049 	1.652460 	1.107080 	1.648105 	1.890271 	1.706239 	1.665270 	1.090011 	1.106797 	1.714825 	2.102380 	1.954002 	1.824829 	1.727896 	1.473516 	1.964688 	2.332381 	1.958475 	1.878330 	2.026080 	
0.629484 	0.555090 	0.530330 	0.583095 	9.000000 	0.075000 	0.575543 	0.467039 	0.325960 	0.348210 	1.025914 	0.502494 	1.026219 	0.632949 	0.583095 	0.583631 	0.602080 	0.916856 	0.651920 	0.672681 	0.672681 	0.700446 	1.209339 	0.761988 	0.760345 	0.760345 	1.470757 	0.805062 	1.518634 	0.849264 	1.075000 	1.236932 	1.077613 	1.187960 	1.125000 	1.533175 	1.125278 	1.322167 	1.175266 	1.152443 	1.184536 	1.358308 	1.202341 	1.523155 	1.397542 	1.300000 	1.241219 	1.145098 	1.414214 	1.749285 	1.410895 	1.350231 	1.471394 	
0.704006 	0.629484 	0.604669 	0.648556 	0.075000 	9.000000 	0.515388 	0.492443 	0.292617 	0.279509 	0.976281 	0.427931 	1.070047 	0.559017 	0.520216 	0.535023 	0.548293 	0.934077 	0.590021 	0.625000 	0.618971 	0.660492 	1.144825 	0.715017 	0.710634 	0.707990 	1.511622 	0.745822 	1.560649 	0.800391 	1.000000 	1.164313 	1.002809 	1.113833 	1.050000 	1.565248 	1.050297 	1.250000 	1.100284 	1.077613 	1.177391 	1.368622 	1.127497 	1.454519 	1.323820 	1.225000 	1.167262 	1.085415 	1.340009 	1.685416 	1.336507 	1.275245 	1.397542 	
1.170470 	1.100284 	1.077033 	1.158123 	0.575543 	0.515388 	9.000000 	0.980115 	0.670820 	0.474342 	0.480885 	0.276134 	1.575794 	0.450694 	0.625500 	0.753741 	0.725431 	1.386768 	0.679154 	0.825379 	0.775403 	0.903120 	0.637377 	0.900347 	0.876427 	0.853302 	2.010752 	0.818917 	2.061553 	0.955249 	0.682367 	0.725431 	0.721110 	0.715891 	0.726722 	2.045880 	0.738241 	0.800391 	0.761577 	0.784618 	1.534805 	1.787806 	0.828025 	0.965013 	0.903120 	0.886707 	0.915492 	1.096586 	0.933408 	1.175266 	0.937083 	0.925000 	0.977880 	
0.625000 	0.566789 	0.548293 	0.403887 	0.467039 	0.492443 	0.980115 	9.000000 	0.347311 	0.555090 	1.456237 	0.800391 	0.602080 	0.827647 	0.642748 	0.525595 	0.577170 	0.452769 	0.682367 	0.577170 	0.625000 	0.539676 	1.575794 	0.637377 	0.657647 	0.679154 	1.030776 	0.775403 	1.081954 	0.721543 	1.281601 	1.522539 	1.257229 	1.442437 	1.328533 	1.073546 	1.320275 	1.612452 	1.384061 	1.329003 	0.775403 	0.900347 	1.377044 	1.851520 	1.655295 	1.494365 	1.372953 	1.073837 	1.657747 	2.112611 	1.648105 	1.549597 	1.723550 	
0.824621 	0.752080 	0.728011 	0.675463 	0.325960 	0.292617 	0.670820 	0.347311 	9.000000 	0.212132 	1.151629 	0.459619 	0.945053 	0.482830 	0.325960 	0.270416 	0.302076 	0.716327 	0.382426 	0.355317 	0.369121 	0.375000 	1.237437 	0.442295 	0.445112 	0.450694 	1.361295 	0.515388 	1.414214 	0.531507 	0.941076 	1.175266 	0.921954 	1.096586 	0.989002 	1.380444 	0.982344 	1.265158 	1.044031 	0.995301 	0.900347 	1.123054 	1.044330 	1.505407 	1.309819 	1.158123 	1.052675 	0.850000 	1.313868 	1.770946 	1.305038 	1.212693 	1.378858 	
0.951315 	0.876427 	0.851469 	0.843356 	0.348210 	0.279509 	0.474342 	0.555090 	0.212132 	9.000000 	0.951972 	0.247487 	1.155692 	0.301040 	0.247487 	0.309233 	0.302076 	0.922293 	0.318198 	0.395285 	0.369121 	0.456207 	1.025305 	0.482830 	0.469707 	0.458939 	1.573412 	0.477624 	1.626346 	0.559017 	0.760345 	0.972754 	0.751665 	0.901388 	0.809707 	1.590008 	0.806226 	1.062132 	0.863134 	0.826514 	1.064483 	1.313868 	0.876427 	1.296630 	1.114955 	0.982980 	0.903120 	0.813941 	1.123054 	1.559247 	1.116076 	1.035918 	1.185854 	
1.560849 	1.497707 	1.476906 	1.594522 	1.025914 	0.976281 	0.480885 	1.456237 	1.151629 	0.951972 	9.000000 	0.728011 	2.045880 	0.853302 	1.068878 	1.212693 	1.176860 	1.867652 	1.110180 	1.274755 	1.216552 	1.358538 	0.380789 	1.340009 	1.311726 	1.283793 	2.485080 	1.226020 	2.535005 	1.380670 	0.838525 	0.672681 	0.906228 	0.745822 	0.862047 	2.525495 	0.883883 	0.700446 	0.866747 	0.939747 	2.002030 	2.265502 	0.964689 	0.715891 	0.840015 	0.960469 	1.085415 	1.442654 	0.890225 	0.813941 	0.905883 	0.973717 	0.901388 	
1.131923 	1.057414 	1.032594 	1.059481 	0.502494 	0.427931 	0.276134 	0.800391 	0.459619 	0.247487 	0.728011 	9.000000 	1.402007 	0.195256 	0.350000 	0.485412 	0.452769 	1.165386 	0.403113 	0.552268 	0.500000 	0.632949 	0.777817 	0.625000 	0.600521 	0.577170 	1.820886 	0.546008 	1.873833 	0.679154 	0.577170 	0.743303 	0.588430 	0.686477 	0.626997 	1.835245 	0.629484 	0.831038 	0.675463 	0.661910 	1.274019 	1.543535 	0.711073 	1.054751 	0.897566 	0.801561 	0.766893 	0.840387 	0.912414 	1.312441 	0.908639 	0.850368 	0.970824 	
0.776611 	0.775403 	0.776611 	0.555090 	1.026219 	1.070047 	1.575794 	0.602080 	0.945053 	1.155692 	2.045880 	1.402007 	9.000000 	1.415097 	1.207528 	1.063602 	1.119431 	0.403113 	1.231107 	1.083109 	1.147007 	1.013040 	2.177872 	1.109617 	1.140175 	1.171004 	0.447214 	1.281113 	0.493077 	1.171804 	1.856071 	2.114976 	1.822944 	2.028084 	1.900658 	0.552268 	1.889610 	2.205108 	1.956560 	1.891098 	0.794512 	0.656220 	1.936814 	2.450128 	2.238861 	2.058671 	1.913766 	1.510174 	2.236767 	2.714429 	2.225140 	2.114533 	2.304479 	
1.250250 	1.175266 	1.150272 	1.142639 	0.632949 	0.559017 	0.450694 	0.827647 	0.482830 	0.301040 	0.853302 	0.195256 	1.415097 	9.000000 	0.235850 	0.395285 	0.347311 	1.131371 	0.261008 	0.436606 	0.371652 	0.525595 	0.818917 	0.491172 	0.460977 	0.431567 	1.811767 	0.375832 	1.866313 	0.527376 	0.460977 	0.700446 	0.450694 	0.614919 	0.509902 	1.803469 	0.505594 	0.790569 	0.564026 	0.525595 	1.175266 	1.470757 	0.575543 	1.044330 	0.827647 	0.682367 	0.608276 	0.648556 	0.831038 	1.328768 	0.822344 	0.735697 	0.896172 	
1.147279 	1.073837 	1.049405 	1.000000 	0.583095 	0.520216 	0.625500 	0.642748 	0.325960 	0.247487 	1.068878 	0.350000 	1.207528 	0.235850 	9.000000 	0.160078 	0.111803 	0.903120 	0.070711 	0.206155 	0.150000 	0.292617 	1.054751 	0.275000 	0.251247 	0.230489 	1.590008 	0.230489 	1.645068 	0.333542 	0.648556 	0.921954 	0.617454 	0.825379 	0.693271 	1.573412 	0.682825 	1.011496 	0.749166 	0.687841 	0.942404 	1.234909 	0.735272 	1.272792 	1.033501 	0.854400 	0.731864 	0.566789 	1.029563 	1.562050 	1.017657 	0.910014 	1.097725 	
1.083109 	1.012423 	0.989002 	0.908639 	0.583631 	0.535023 	0.753741 	0.525595 	0.270416 	0.309233 	1.212693 	0.485412 	1.063602 	0.395285 	0.160078 	9.000000 	0.055902 	0.745822 	0.167705 	0.090139 	0.103078 	0.150000 	1.213724 	0.180278 	0.176777 	0.180278 	1.435705 	0.254951 	1.491015 	0.265754 	0.797653 	1.079641 	0.760345 	0.980115 	0.840387 	1.414655 	0.828025 	1.168867 	0.896172 	0.827647 	0.790569 	1.076162 	0.873212 	1.432000 	1.185854 	0.995301 	0.855132 	0.581485 	1.179248 	1.722099 	1.166190 	1.051190 	1.248249 	
1.123054 	1.051487 	1.027740 	0.955249 	0.602080 	0.548293 	0.725431 	0.577170 	0.302076 	0.302076 	1.176860 	0.452769 	1.119431 	0.347311 	0.111803 	0.055902 	9.000000 	0.800391 	0.111803 	0.100000 	0.070711 	0.182003 	1.166190 	0.182003 	0.167705 	0.160078 	1.491015 	0.213600 	1.546367 	0.257391 	0.742041 	1.025914 	0.704450 	0.925338 	0.784618 	1.468205 	0.772172 	1.114955 	0.840387 	0.771767 	0.831038 	1.123610 	0.817389 	1.379311 	1.130542 	0.939415 	0.800391 	0.548862 	1.123610 	1.671077 	1.110462 	0.995301 	1.192686 	
