Total assets = 601
Number of asset nodes = 40

Distance:
999.000000 	57.706154 	32.526913 	40.360870 	55.803226 	36.124783 	27.784887 	40.459858 	34.409302 	39.408119 	32.649654 	71.281136 	50.328918 	46.400433 	49.040798 	51.855568 	25.019993 	45.486263 	47.707443 	72.006943 	23.537205 	62.241467 	66.528191 	22.203604 	50.249378 	57.801384 	48.877399 	52.478565 	57.201397 	58.249462 	55.226807 	52.354561 	36.124783 	72.835434 	44.598206 	55.226807 	32.388271 	68.680420 	55.946404 	28.844410 	60.901562 	68.818604 	43.289722 	48.270073 	36.138622 	58.591808 	32.649654 	66.287254 	57.271286 	41.012192 	74.202423 	74.060783 	53.851646 	
57.706154 	999.000000 	89.308456 	96.607452 	8.485281 	93.193344 	37.121422 	25.317978 	91.923882 	96.896851 	90.354858 	125.207825 	107.335922 	103.773796 	106.230881 	22.203604 	50.039986 	103.077644 	28.178005 	126.810883 	56.142673 	19.697716 	122.441826 	70.405968 	29.681644 	24.839485 	106.550461 	30.000000 	114.586212 	27.658634 	29.732138 	32.202484 	48.836460 	25.000000 	102.044106 	112.871605 	56.222771 	125.431259 	32.557640 	75.802376 	33.421551 	31.016125 	99.297531 	44.721359 	60.530983 	116.297035 	76.236473 	123.822456 	114.934761 	95.603348 	131.468628 	35.171009 	110.860275 	
32.526913 	89.308456 	999.000000 	8.062258 	88.090858 	4.123106 	59.816387 	72.917763 	5.830952 	9.000000 	10.000000 	39.812057 	18.027756 	14.866069 	17.000000 	84.291161 	53.665630 	15.132746 	79.812279 	39.962482 	49.396355 	94.762863 	34.058773 	36.345562 	82.200974 	90.138779 	19.104973 	84.403793 	25.495098 	90.426765 	87.200920 	84.053551 	64.474800 	105.361282 	20.615528 	24.738634 	57.870544 	36.235340 	87.658424 	39.012817 	92.655273 	101.044548 	26.907248 	77.820305 	59.665737 	29.274563 	44.045429 	34.928497 	29.017237 	30.000000 	42.190044 	106.212051 	30.364452 	
40.360870 	96.607452 	8.062258 	999.000000 	95.671310 	6.000000 	67.801178 	80.808418 	10.049875 	8.602325 	15.132746 	31.780497 	11.401754 	10.198039 	11.045361 	92.195442 	61.717098 	12.083046 	87.800911 	31.906113 	57.384666 	102.591423 	26.172504 	43.931767 	90.210861 	98.081596 	15.811388 	92.417534 	19.416489 	98.407318 	95.210297 	92.086914 	72.498276 	113.172432 	21.213203 	20.024984 	65.787537 	28.844410 	95.692215 	46.097721 	100.687637 	109.018349 	29.681644 	85.866173 	67.446274 	25.179358 	51.039200 	28.861740 	25.709921 	34.014702 	35.341194 	114.201576 	29.681644 	
55.803226 	8.485281 	88.090858 	95.671310 	999.000000 	91.831367 	32.280025 	19.104973 	90.210861 	95.210297 	88.204308 	125.255737 	106.042442 	102.200783 	104.809349 	13.892444 	44.721359 	101.257095 	20.248457 	126.574089 	50.990196 	12.165525 	121.753853 	66.098412 	21.470911 	16.401220 	104.560989 	21.633308 	113.004425 	19.209373 	21.260292 	23.853722 	42.107006 	19.924858 	99.362968 	110.941429 	50.009998 	124.326187 	24.083189 	71.063354 	25.000000 	23.537205 	95.854057 	36.769554 	54.037025 	114.057007 	71.021126 	122.065559 	112.507774 	91.760559 	130.000000 	28.160255 	107.786827 	
36.124783 	93.193344 	4.123106 	6.000000 	91.831367 	999.000000 	63.126858 	76.380623 	4.123106 	5.099020 	9.219544 	37.336308 	14.212670 	10.770329 	13.038404 	87.726852 	56.435802 	11.045361 	83.096329 	37.121422 	51.894123 	98.290382 	30.805843 	38.078865 	85.428329 	93.509361 	15.033297 	87.618492 	21.470911 	93.723000 	90.426765 	87.200920 	67.082039 	108.903625 	17.492855 	20.615528 	60.166435 	32.557640 	90.801979 	40.112343 	95.801880 	104.350372 	24.839485 	80.529495 	61.684681 	25.179358 	45.044422 	30.870699 	25.000000 	28.653097 	38.275318 	109.480591 	26.925823 	
27.784887 	37.121422 	59.816387 	67.801178 	32.280025 	63.126858 	999.000000 	13.892444 	60.827625 	65.764732 	58.051701 	99.020203 	77.155685 	72.835434 	75.690155 	24.839485 	13.038404 	71.449280 	20.000000 	99.624290 	19.026299 	35.805027 	93.861603 	33.837849 	22.472204 	30.413813 	74.411018 	24.698177 	83.450584 	30.610456 	27.459061 	24.596748 	16.278820 	46.400433 	68.242218 	80.808418 	20.615528 	95.524864 	28.178005 	38.832977 	33.120991 	41.231056 	63.953106 	23.194826 	25.495098 	83.408630 	39.115215 	92.097771 	81.608826 	59.615433 	100.448990 	46.400433 	76.157730 	
40.459858 	25.317978 	72.917763 	80.808418 	19.104973 	76.380623 	13.892444 	999.000000 	74.276512 	79.246452 	71.700768 	111.606453 	90.509666 	86.313385 	89.106674 	11.401754 	25.709921 	85.041168 	9.000000 	112.445541 	32.015621 	22.022715 	106.962608 	47.539455 	12.000000 	17.492855 	88.090858 	14.035668 	97.000000 	18.384777 	16.278820 	15.033297 	23.537205 	32.649654 	82.097504 	94.493385 	31.016125 	108.894447 	18.027756 	52.201534 	22.360680 	28.653097 	77.826729 	21.931713 	35.227829 	97.200821 	51.971146 	105.759163 	95.441078 	73.409805 	114.021927 	34.000000 	90.049988 	
34.409302 	91.923882 	5.830952 	10.049875 	90.210861 	4.123106 	60.827625 	74.276512 	999.000000 	5.000000 	5.099020 	40.804413 	16.401220 	12.041595 	14.866069 	85.562843 	53.535034 	11.180340 	80.721741 	40.311287 	48.764740 	96.260063 	33.615471 	34.481880 	82.975899 	91.241440 	14.866069 	85.146935 	22.803509 	91.350975 	87.965904 	84.646324 	64.007812 	106.887794 	14.866069 	21.023796 	56.859474 	34.713108 	88.238312 	36.221542 	93.236259 	101.980392 	21.213203 	77.524193 	58.189346 	25.000000 	41.109608 	31.906113 	24.331051 	24.698177 	39.824615 	107.056061 	24.738634 	
39.408119 	96.896851 	9.000000 	8.602325 	95.210297 	5.099020 	65.764732 	79.246452 	5.000000 	999.000000 	8.544003 	36.878178 	11.661903 	7.071068 	10.000000 	90.520714 	58.249462 	6.324555 	85.632935 	36.055511 	53.338543 	101.237343 	29.068884 	38.626415 	87.863533 	96.176918 	10.198039 	90.027771 	17.804493 	96.260063 	92.849342 	89.498604 	68.600288 	111.865990 	12.806249 	16.155495 	61.269894 	29.832869 	93.085983 	39.812057 	98.081596 	106.887794 	21.095022 	82.152298 	62.393909 	20.396078 	44.553337 	26.925823 	20.024984 	25.632011 	34.828148 	111.946419 	21.931713 	
32.649654 	90.354858 	10.000000 	15.132746 	88.204308 	9.219544 	58.051701 	71.700768 	5.099020 	8.544003 	999.000000 	45.354160 	20.124611 	15.264338 	18.357559 	82.879433 	50.000000 	13.453624 	77.781746 	44.598206 	44.944408 	93.723000 	37.576588 	30.083218 	79.931221 	88.413803 	16.401220 	82.073135 	25.495098 	88.391174 	84.899940 	81.467789 	60.207973 	104.350372 	13.000000 	22.803509 	52.773098 	38.013157 	85.041168 	31.400637 	90.027771 	99.005051 	17.204651 	73.783470 	53.851646 	25.942244 	36.221542 	34.058773 	24.698177 	20.000000 	42.426407 	104.004807 	23.021729 	
71.281136 	125.207825 	39.812057 	31.780497 	125.255737 	37.336308 	99.020203 	111.606453 	40.804413 	36.878178 	45.354160 	999.000000 	26.076809 	31.144823 	28.071337 	123.004066 	93.471924 	34.058773 	118.983192 	4.472136 	89.157166 	133.060135 	11.180340 	75.286118 	121.490738 	129.034882 	34.058773 	123.713379 	25.709921 	129.529922 	126.479248 	123.490891 	104.278473 	143.533966 	44.045429 	30.805843 	97.498718 	17.029387 	127.094452 	76.687675 	132.075729 	140.089264 	54.083271 	117.630775 	98.979797 	34.176014 	81.394104 	26.627054 	37.000000 	60.008331 	23.600847 	145.340973 	46.572525 	
50.328918 	107.335922 	18.027756 	11.401754 	106.042442 	14.212670 	77.155685 	90.509666 	16.401220 	11.661903 	20.124611 	26.076809 	999.000000 	5.099020 	2.000000 	101.833199 	69.892776 	8.000000 	97.082436 	24.738634 	65.000000 	112.449989 	17.464249 	50.159744 	99.357941 	107.563934 	8.944272 	101.533249 	8.062258 	107.712578 	104.350372 	101.044548 	80.262070 	123.069084 	18.439089 	9.848858 	72.897186 	18.384777 	104.637466 	50.960770 	109.635757 	118.342720 	28.442924 	93.813644 	73.925636 	15.231546 	55.542778 	17.464249 	16.643316 	34.132095 	24.186773 	123.434196 	23.600847 	
46.400433 	103.773796 	14.866069 	10.198039 	102.200783 	10.770329 	72.835434 	86.313385 	12.041595 	7.071068 	15.264338 	31.144823 	5.099020 	999.000000 	3.162278 	97.590981 	65.215027 	3.162278 	92.698433 	29.832869 	60.207973 	108.300507 	22.472204 	45.188496 	94.921021 	103.247276 	5.830952 	97.082436 	10.816654 	103.324730 	99.904953 	96.540146 	75.471848 	118.928551 	13.928389 	10.049875 	68.000000 	22.803509 	100.124924 	45.880280 	105.118980 	113.951744 	23.769728 	89.044930 	68.942001 	15.033297 	50.447994 	20.124611 	15.524175 	29.274563 	27.802877 	119.004204 	20.518284 	
49.040798 	106.230881 	17.000000 	11.045361 	104.809349 	13.038404 	75.690155 	89.106674 	14.866069 	10.000000 	18.357559 	28.071337 	2.000000 	3.162278 	999.000000 	100.409164 	68.242218 	6.000000 	95.587654 	26.683329 	63.285069 	111.072052 	19.313208 	48.332184 	97.836601 	106.103722 	7.211102 	100.004997 	8.544003 	106.216759 	102.825096 	99.488693 	78.549347 	121.696342 	16.492422 	9.219544 	71.119621 	19.849434 	103.077644 	49.040798 	108.074051 	116.846054 	26.476404 	92.114059 	72.090218 	14.560220 	53.600372 	18.027756 	15.652476 	32.140316 	25.238859 	121.918007 	22.022715 	
51.855568 	22.203604 	84.291161 	92.195442 	13.892444 	87.726852 	24.839485 	11.401754 	85.562843 	90.520714 	82.879433 	123.004066 	101.833199 	97.590981 	100.409164 	999.000000 	35.341194 	96.260063 	7.000000 	123.846680 	41.629318 	11.180340 	118.342720 	57.706154 	7.615773 	6.324555 	99.247169 	7.810250 	108.245094 	8.000000 	8.062258 	10.000000 	30.265491 	21.633308 	93.005379 	105.645638 	38.832977 	120.216469 	10.816654 	61.846584 	13.341664 	17.464249 	88.323273 	23.086792 	42.296574 	108.231232 	61.032780 	116.931602 	106.400185 	83.648071 	125.255737 	22.847319 	100.702530 	
25.019993 	50.039986 	53.665630 	61.717098 	44.721359 	56.435802 	13.038404 	25.709921 	53.535034 	58.249462 	50.000000 	93.471924 	69.892776 	65.215027 	68.242218 	35.341194 	999.000000 	63.411354 	29.154760 	93.536087 	6.324555 	46.518814 	87.132080 	22.472204 	30.805843 	39.962482 	65.946945 	32.802441 	75.432091 	39.408119 	35.608986 	31.890438 	11.180340 	56.824291 	58.728188 	72.249565 	9.219544 	88.005684 	35.383614 	26.570660 	40.311287 	49.819675 	53.254108 	24.166092 	14.142136 	74.249580 	26.305893 	83.546394 	72.180328 	48.373547 	92.195442 	54.561890 	65.802734 	
45.486263 	103.077644 	15.132746 	12.083046 	101.257095 	11.045361 	71.449280 	85.041168 	11.180340 	6.324555 	13.453624 	34.058773 	8.000000 	3.162278 	6.000000 	96.260063 	63.411354 	999.000000 	91.219513 	32.557640 	58.249462 	107.056061 	25.000000 	42.941822 	93.380943 	101.833199 	4.000000 	95.524864 	12.041595 	101.833199 	98.351410 	94.921021 	73.498299 	117.686020 	10.770329 	9.848858 	65.863495 	24.698177 	98.493652 	43.324360 	103.479469 	112.449989 	20.615528 	87.091904 	66.640831 	14.142136 	47.801674 	20.808653 	14.035668 	26.172504 	29.000000 	117.456375 	17.804493 	
47.707443 	28.178005 	79.812279 	87.800911 	20.248457 	83.096329 	20.000000 	9.000000 	80.721741 	85.632935 	77.781746 	118.983192 	97.082436 	92.698433 	95.587654 	7.000000 	29.154760 	91.219513 	999.000000 	119.620232 	35.355339 	17.720045 	113.850777 	51.623638 	3.000000 	10.816654 	94.069122 	5.099020 	103.247276 	10.630146 	7.615773 	6.082763 	23.345236 	27.730848 	87.458565 	100.448990 	32.015621 	115.433968 	9.055386 	55.461697 	13.601471 	21.260292 	82.377182 	16.552946 	35.355339 	102.825096 	54.424259 	111.758667 	100.895988 	77.524193 	120.208153 	26.400757 	94.868332 	
72.006943 	126.810883 	39.962482 	31.906113 	126.574089 	37.121422 	99.624290 	112.445541 	40.311287 	36.055511 	44.598206 	4.472136 	24.738634 	29.832869 	26.683329 	123.846680 	93.536087 	32.557640 	119.620232 	999.000000 	89.000000 	134.063416 	8.062258 	74.672615 	122.065559 	129.807556 	32.062439 	124.277916 	23.086792 	130.207520 	127.062973 	123.975807 	104.201729 	144.589066 	42.047592 	28.160255 	97.169952 	13.038404 	127.581345 	75.690155 	132.574509 	140.801285 	52.009613 	117.647781 	98.432716 	31.048349 	80.280754 	22.825424 	33.955853 	58.077534 	19.209373 	146.013702 	43.737854 	
23.537205 	56.142673 	49.396355 	57.384666 	50.990196 	51.894123 	19.026299 	32.015621 	48.764740 	53.338543 	44.944408 	89.157166 	65.000000 	60.207973 	63.285069 	41.629318 	6.324555 	58.249462 	35.355339 	89.000000 	999.000000 	52.801514 	82.365044 	16.401220 	36.891735 	46.141087 	60.605282 	38.832977 	70.213959 	45.486263 	41.617306 	37.802116 	15.264338 	63.063461 	53.037724 	66.843102 	9.000000 	82.927681 	41.231056 	20.248457 	46.097721 	55.803226 	47.201694 	28.844410 	12.649111 	68.622154 	20.099751 	78.102493 	66.468040 	42.190044 	86.833176 	60.440052 	59.816387 	
62.241467 	19.697716 	94.762863 	102.591423 	12.165525 	98.290382 	35.805027 	22.022715 	96.260063 	101.237343 	93.723000 	133.060135 	112.449989 	108.300507 	111.072052 	11.180340 	46.518814 	107.056061 	17.720045 	134.063416 	52.801514 	999.000000 	128.763351 	68.883957 	17.117243 	8.062258 	110.113579 	16.000000 	119.004204 	10.440307 	14.142136 	18.027756 	41.000000 	10.630146 	104.043259 	116.516090 	49.729267 	130.831955 	16.492422 	73.006851 	15.264338 	11.401754 	99.478638 	32.062439 	52.952808 	119.201508 	72.111023 	127.781059 	117.413795 	94.826157 	136.029404 	16.031219 	111.830231 	
66.528191 	122.441826 	34.058773 	26.172504 	121.753853 	30.805843 	93.861603 	106.962608 	33.615471 	29.068884 	37.576588 	11.180340 	17.464249 	22.472204 	19.313208 	118.342720 	87.132080 	25.000000 	113.850777 	8.062258 	82.365044 	128.763351 	999.000000 	67.623962 	116.211014 	124.197426 	24.186773 	118.406082 	15.033297 	124.470879 	121.210564 	118.004234 	97.616600 	139.344894 	34.132095 	20.099751 	90.338257 	6.708204 	121.605919 	68.308128 	126.605690 	135.092560 	44.045429 	111.139549 	91.389275 	23.086792 	72.801102 	15.620500 	25.961510 	50.159744 	14.560220 	140.246216 	35.693138 	
22.203604 	70.405968 	36.345562 	43.931767 	66.098412 	38.078865 	33.837849 	47.539455 	34.481880 	38.626415 	30.083218 	75.286118 	50.159744 	45.188496 	48.332184 	57.706154 	22.472204 	42.941822 	51.623638 	74.672615 	16.401220 	68.883957 	67.623962 	999.000000 	53.254108 	62.433964 	44.944408 	55.217751 	54.708317 	61.854668 	58.008621 	54.203320 	31.144823 	79.259071 	36.878178 	51.039200 	23.021729 	67.601776 	57.628117 	6.708204 	62.481998 	72.201111 	30.805843 	44.687805 	23.769728 	52.497620 	10.630146 	62.201286 	50.249378 	25.942244 	71.028160 	76.837494 	43.416588 	
50.249378 	29.681644 	82.200974 	90.210861 	21.470911 	85.428329 	22.472204 	12.000000 	82.975899 	87.863533 	79.931221 	121.490738 	99.357941 	94.921021 	97.836601 	7.615773 	30.805843 	93.380943 	3.000000 	122.065559 	36.891735 	17.117243 	116.211014 	53.254108 	999.000000 	9.486833 	96.166519 	2.236068 	105.418213 	8.602325 	5.000000 	3.162278 	24.041630 	26.570660 	89.375610 	102.532921 	32.893768 	117.686020 	6.082763 	56.824291 	10.770329 	19.104973 	84.053551 	15.524175 	35.902645 	104.804581 	55.542778 	113.846390 	102.825096 	79.075912 	122.347862 	24.083189 	96.607452 	
57.801384 	24.839485 	90.138779 	98.081596 	16.401220 	93.509361 	30.413813 	17.492855 	91.241440 	96.176918 	88.413803 	129.034882 	107.563934 	103.247276 	106.103722 	6.324555 	39.962482 	101.833199 	10.816654 	129.807556 	46.141087 	8.062258 	124.197426 	62.433964 	9.486833 	999.000000 	104.737770 	8.062258 	113.846390 	2.828427 	6.082763 	10.000000 	33.526108 	17.088007 	98.234413 	111.126053 	42.379242 	125.936493 	8.544003 	66.189125 	8.602325 	11.180340 	93.193344 	24.020824 	45.354160 	113.569359 	65.000000 	122.429573 	111.664673 	88.323273 	130.831955 	16.552946 	105.683487 	
48.877399 	106.550461 	19.104973 	15.811388 	104.560989 	15.033297 	74.411018 	88.090858 	14.866069 	10.198039 	16.401220 	34.058773 	8.944272 	5.830952 	7.211102 	99.247169 	65.946945 	4.000000 	94.069122 	32.062439 	60.605282 	110.113579 	24.186773 	44.944408 	96.166519 	104.737770 	999.000000 	98.290382 	9.848858 	104.661362 	101.118744 	97.621719 	75.802376 	120.739388 	10.000000 	6.403124 	67.955872 	22.847319 	101.178062 	44.777225 	106.150833 	115.260574 	20.024984 	89.403580 	68.476273 	10.198039 	49.040798 	17.691807 	10.049875 	26.019224 	26.248810 	120.216469 	14.866069 	
52.478565 	30.000000 	84.403793 	92.417534 	21.633308 	87.618492 	24.698177 	14.035668 	85.146935 	90.027771 	82.073135 	123.713379 	101.533249 	97.082436 	100.004997 	7.810250 	32.802441 	95.524864 	5.099020 	124.277916 	38.832977 	16.000000 	118.406082 	55.217751 	2.236068 	8.062258 	98.290382 	999.000000 	107.563934 	6.708204 	2.828427 	2.236068 	25.632011 	25.000000 	91.438507 	104.651802 	34.539833 	119.854080 	4.000000 	58.668560 	8.544003 	17.029387 	86.023254 	16.124516 	37.363083 	106.887794 	57.271286 	115.965515 	104.890419 	80.993828 	124.482933 	21.931713 	98.600204 	
57.201397 	114.586212 	25.495098 	19.416489 	113.004425 	21.470911 	83.450584 	97.000000 	22.803509 	17.804493 	25.495098 	25.709921 	8.062258 	10.816654 	8.544003 	108.245094 	75.432091 	12.041595 	103.247276 	23.086792 	70.213959 	119.004204 	15.033297 	54.708317 	105.418213 	113.846390 	9.848858 	107.563934 	999.000000 	113.863953 	110.390221 	106.962608 	85.445892 	129.634094 	19.416489 	5.099020 	77.698135 	13.000000 	110.535065 	54.625999 	115.520561 	124.482933 	29.154760 	99.045441 	78.294319 	9.219544 	58.872746 	9.486833 	11.661903 	35.355339 	17.029387 	129.495178 	20.880613 	
58.249462 	27.658634 	90.426765 	98.407318 	19.209373 	93.723000 	30.610456 	18.384777 	91.350975 	96.260063 	88.391174 	129.529922 	107.712578 	103.324730 	106.216759 	8.000000 	39.408119 	101.833199 	10.630146 	130.207520 	45.486263 	10.440307 	124.470879 	61.854668 	8.602325 	2.828427 	104.661362 	6.708204 	113.863953 	999.000000 	4.123106 	8.246211 	32.310989 	18.439089 	97.948967 	111.036034 	41.231056 	126.063477 	6.082763 	65.368187 	5.830952 	10.630146 	92.655273 	22.022715 	43.965897 	113.357841 	63.976559 	122.347862 	111.395691 	87.664131 	130.816666 	15.811388 	105.209312 	
55.226807 	29.732138 	87.200920 	95.210297 	21.260292 	90.426765 	27.459061 	16.278820 	87.965904 	92.849342 	84.899940 	126.479248 	104.350372 	99.904953 	102.825096 	8.062258 	35.608986 	98.351410 	7.615773 	127.062973 	41.617306 	14.142136 	121.210564 	58.008621 	5.000000 	6.082763 	101.118744 	2.828427 	110.390221 	4.123106 	999.000000 	4.123106 	28.231188 	22.561028 	94.260277 	107.480232 	37.161808 	122.674362 	2.828427 	61.400326 	6.082763 	14.212670 	88.814415 	18.000000 	39.849716 	109.713264 	59.933296 	118.793938 	107.712578 	83.761566 	127.310646 	19.104973 	101.400200 	
52.354561 	32.202484 	84.053551 	92.086914 	23.853722 	87.200920 	24.596748 	15.033297 	84.646324 	89.498604 	81.467789 	123.490891 	101.044548 	96.540146 	99.488693 	10.000000 	31.890438 	94.921021 	6.082763 	123.975807 	37.802116 	18.027756 	118.004234 	54.203320 	3.162278 	10.000000 	97.621719 	2.236068 	106.962608 	8.246211 	4.123106 	999.000000 	24.166092 	26.683329 	90.609047 	103.966339 	33.105892 	119.331474 	3.605551 	57.454330 	8.602325 	18.027756 	85.000000 	14.035668 	35.735138 	106.103722 	55.901699 	115.277924 	104.062485 	79.881165 	123.842644 	22.671568 	97.616600 	
36.124783 	48.836460 	64.474800 	72.498276 	42.107006 	67.082039 	16.278820 	23.537205 	64.007812 	68.600288 	60.207973 	104.278473 	80.262070 	75.471848 	78.549347 	30.265491 	11.180340 	73.498299 	23.345236 	104.201729 	15.264338 	41.000000 	97.616600 	31.144823 	24.041630 	33.526108 	75.802376 	25.632011 	85.445892 	32.310989 	28.231188 	24.166092 	999.000000 	50.596443 	68.014702 	82.006096 	8.944272 	98.183502 	27.294687 	33.600594 	31.906113 	42.059483 	61.619801 	13.601471 	12.041595 	83.630135 	31.764761 	93.236259 	81.394104 	56.222771 	102.004898 	46.324940 	74.330345 	
72.835434 	25.000000 	105.361282 	113.172432 	19.924858 	108.903625 	46.400433 	32.649654 	106.887794 	111.865990 	104.350372 	143.533966 	123.069084 	118.928551 	121.696342 	21.633308 	56.824291 	117.686020 	27.730848 	144.589066 	63.063461 	10.630146 	139.344894 	79.259071 	26.570660 	17.088007 	120.739388 	25.000000 	129.634094 	18.439089 	22.561028 	26.683329 	50.596443 	999.000000 	114.621117 	127.141655 	59.464275 	141.449631 	24.186773 	83.192551 	21.023796 	11.704700 	109.931801 	40.311287 	62.361847 	129.807556 	82.079231 	138.408813 	128.003906 	105.190300 	146.659470 	12.727922 	122.331520 	
44.598206 	102.044106 	20.615528 	21.213203 	99.362968 	17.492855 	68.242218 	82.097504 	14.866069 	12.806249 	13.000000 	44.045429 	18.439089 	13.928389 	16.492422 	93.005379 	58.728188 	10.770329 	87.458565 	42.047592 	53.037724 	104.043259 	34.132095 	36.878178 	89.375610 	98.234413 	10.000000 	91.438507 	19.416489 	97.948967 	94.260277 	90.609047 	68.014702 	114.621117 	999.000000 	14.866069 	59.816387 	32.280025 	94.111633 	35.846897 	99.035347 	108.466583 	10.049875 	81.565926 	59.908264 	15.620500 	39.812057 	25.553865 	13.453624 	16.031219 	34.481880 	113.278419 	10.049875 	
55.226807 	112.871605 	24.738634 	20.024984 	110.941429 	20.615528 	80.808418 	94.493385 	21.023796 	16.155495 	22.803509 	30.805843 	9.848858 	10.049875 	9.219544 	105.645638 	72.249565 	9.848858 	100.448990 	28.160255 	66.843102 	116.516090 	20.099751 	51.039200 	102.532921 	111.126053 	6.403124 	104.651802 	5.099020 	111.036034 	107.480232 	103.966339 	82.006096 	127.141655 	14.866069 	999.000000 	74.060783 	17.464249 	107.517441 	50.537113 	112.485558 	121.630585 	24.331051 	95.603348 	74.431175 	5.385165 	54.625999 	11.313708 	7.071068 	30.594116 	20.000000 	126.574089 	15.811388 	
32.388271 	56.222771 	57.870544 	65.787537 	50.009998 	60.166435 	20.615528 	31.016125 	56.859474 	61.269894 	52.773098 	97.498718 	72.897186 	68.000000 	71.119621 	38.832977 	9.219544 	65.863495 	32.015621 	97.169952 	9.000000 	49.729267 	90.338257 	23.021729 	32.893768 	42.379242 	67.955872 	34.539833 	77.698135 	41.231056 	37.161808 	33.105892 	8.944272 	59.464275 	59.816387 	74.060783 	999.000000 	90.553848 	36.235340 	24.839485 	40.816662 	51.000000 	53.037724 	21.931713 	5.000000 	75.432091 	22.825424 	85.211502 	73.109505 	47.507893 	94.047859 	55.226807 	65.764732 	
68.680420 	125.431259 	36.235340 	28.844410 	124.326187 	32.557640 	95.524864 	108.894447 	34.713108 	29.832869 	38.013157 	17.029387 	18.384777 	22.803509 	19.849434 	120.216469 	88.005684 	24.698177 	115.433968 	13.038404 	82.927681 	130.831955 	6.708204 	67.601776 	117.686020 	125.936493 	22.847319 	119.854080 	13.000000 	126.063477 	122.674362 	119.331474 	98.183502 	141.449631 	32.280025 	17.464249 	90.553848 	999.000000 	122.918671 	67.623962 	127.914032 	136.693085 	41.773197 	111.772087 	91.241440 	19.026299 	71.867935 	9.848858 	22.022715 	48.052055 	8.062258 	141.767410 	32.015621 	
55.946404 	32.557640 	87.658424 	95.692215 	24.083189 	90.801979 	28.178005 	18.027756 	88.238312 	93.085983 	85.041168 	127.094452 	104.637466 	100.124924 	103.077644 	10.816654 	35.383614 	98.493652 	9.055386 	127.581345 	41.231056 	16.492422 	121.605919 	57.628117 	6.082763 	8.544003 	101.178062 	4.000000 	110.535065 	6.082763 	2.828427 	3.605551 	27.294687 	24.186773 	94.111633 	107.517441 	36.235340 	122.918671 	999.000000 	60.745369 	5.000000 	14.764823 	88.408142 	16.124516 	38.626415 	109.622078 	59.059292 	118.827606 	107.563934 	83.234612 	127.404869 	19.209373 	101.044548 	
28.844410 	75.802376 	39.012817 	46.097721 	71.063354 	40.112343 	38.832977 	52.201534 	36.221542 	39.812057 	31.400637 	76.687675 	50.960770 	45.880280 	49.040798 	61.846584 	26.570660 	43.324360 	55.461697 	75.690155 	20.248457 	73.006851 	68.308128 	6.708204 	56.824291 	66.189125 	44.777225 	58.668560 	54.625999 	65.368187 	61.400326 	57.454330 	33.600594 	83.192551 	35.846897 	50.537113 	24.839485 	67.623962 	60.745369 	999.000000 	65.459915 	75.471848 	28.319605 	46.754681 	24.207438 	51.312767 	5.099020 	61.400326 	48.826221 	22.671568 	70.327805 	79.881165 	41.036568 	
60.901562 	33.421551 	92.655273 	100.687637 	25.000000 	95.801880 	33.120991 	22.360680 	93.236259 	98.081596 	90.027771 	132.075729 	109.635757 	105.118980 	108.074051 	13.341664 	40.311287 	103.479469 	13.601471 	132.574509 	46.097721 	15.264338 	126.605690 	62.481998 	10.770329 	8.602325 	106.150833 	8.544003 	115.520561 	5.830952 	6.082763 	8.602325 	31.906113 	21.023796 	99.035347 	112.485558 	40.816662 	127.914032 	5.000000 	65.459915 	999.000000 	10.440307 	93.236259 	19.924858 	42.953465 	114.560028 	63.631752 	123.794182 	112.485558 	88.005684 	132.382019 	14.422205 	105.891457 	
68.818604 	31.016125 	101.044548 	109.018349 	23.537205 	104.350372 	41.231056 	28.653097 	101.980392 	106.887794 	99.005051 	140.089264 	118.342720 	113.951744 	116.846054 	17.464249 	49.819675 	112.449989 	21.260292 	140.801285 	55.803226 	11.401754 	135.092560 	72.201111 	19.104973 	11.180340 	115.260574 	17.029387 	124.482933 	10.630146 	14.212670 	18.027756 	42.059483 	11.704700 	108.466583 	121.630585 	51.000000 	136.693085 	14.764823 	75.471848 	10.440307 	999.000000 	103.004852 	30.364452 	53.310413 	123.907227 	73.824112 	132.943604 	121.918007 	97.908119 	141.428421 	5.385165 	115.602768 	
43.289722 	99.297531 	26.907248 	29.681644 	95.854057 	24.839485 	63.953106 	77.826729 	21.213203 	21.095022 	17.204651 	54.083271 	28.442924 	23.769728 	26.476404 	88.323273 	53.254108 	20.615528 	82.377182 	52.009613 	47.201694 	99.478638 	44.045429 	30.805843 	84.053551 	93.193344 	20.024984 	86.023254 	29.154760 	92.655273 	88.814415 	85.000000 	61.619801 	109.931801 	10.049875 	24.331051 	53.037724 	41.773197 	88.408142 	28.319605 	93.236259 	103.004852 	999.000000 	74.966660 	52.497620 	23.769728 	31.622776 	34.176014 	21.023796 	6.324555 	43.081318 	107.615051 	12.727922 	
48.270073 	44.721359 	77.820305 	85.866173 	36.769554 	80.529495 	23.194826 	21.931713 	77.524193 	82.152298 	73.783470 	117.630775 	93.813644 	89.044930 	92.114059 	23.086792 	24.166092 	87.091904 	16.552946 	117.647781 	28.844410 	32.062439 	111.139549 	44.687805 	15.524175 	24.020824 	89.403580 	16.124516 	99.045441 	22.022715 	18.000000 	14.035668 	13.601471 	40.311287 	81.565926 	95.603348 	21.931713 	111.772087 	16.124516 	46.754681 	19.924858 	30.364452 	74.966660 	999.000000 	23.323807 	97.185387 	44.407207 	106.826965 	94.921021 	69.426216 	115.602768 	34.014702 	87.692642 	
36.138622 	60.530983 	59.665737 	67.446274 	54.037025 	61.684681 	25.495098 	35.227829 	58.189346 	62.393909 	53.851646 	98.979797 	73.925636 	68.942001 	72.090218 	42.296574 	14.142136 	66.640831 	35.355339 	98.432716 	12.649111 	52.952808 	91.389275 	23.769728 	35.902645 	45.354160 	68.476273 	37.363083 	78.294319 	43.965897 	39.849716 	35.735138 	12.041595 	62.361847 	59.908264 	74.431175 	5.000000 	91.241440 	38.626415 	24.207438 	42.953465 	53.310413 	52.497620 	23.323807 	999.000000 	75.451973 	21.260292 	85.440041 	73.006851 	46.690472 	94.339813 	57.245087 	65.192024 	
58.591808 	116.297035 	29.274563 	25.179358 	114.057007 	25.179358 	83.408630 	97.200821 	25.000000 	20.396078 	25.942244 	34.176014 	15.231546 	15.033297 	14.560220 	108.231232 	74.249580 	14.142136 	102.825096 	31.048349 	68.622154 	119.201508 	23.086792 	52.497620 	104.804581 	113.569359 	10.198039 	106.887794 	9.219544 	113.357841 	109.713264 	106.103722 	83.630135 	129.807556 	15.620500 	5.385165 	75.432091 	19.026299 	109.622078 	51.312767 	114.560028 	123.907227 	23.769728 	97.185387 	75.451973 	999.000000 	55.072678 	10.440307 	3.000000 	30.083218 	19.313208 	128.763351 	13.000000 	
32.649654 	76.236473 	44.045429 	51.039200 	71.021126 	45.044422 	39.115215 	51.971146 	41.109608 	44.553337 	36.221542 	81.394104 	55.542778 	50.447994 	53.600372 	61.032780 	26.305893 	47.801674 	54.424259 	80.280754 	20.099751 	72.111023 	72.801102 	10.630146 	55.542778 	65.000000 	49.040798 	57.271286 	58.872746 	63.976559 	59.933296 	55.901699 	31.764761 	82.079231 	39.812057 	54.625999 	22.825424 	71.867935 	59.059292 	5.099020 	63.631752 	73.824112 	31.622776 	44.407207 	21.260292 	55.072678 	999.000000 	65.299309 	52.478565 	25.612497 	74.242844 	78.032043 	44.204071 	
66.287254 	123.822456 	34.928497 	28.861740 	122.065559 	30.870699 	92.097771 	105.759163 	31.906113 	26.925823 	34.058773 	26.627054 	17.464249 	20.124611 	18.027756 	116.931602 	83.546394 	20.808653 	111.758667 	22.825424 	78.102493 	127.781059 	15.620500 	62.201286 	113.846390 	122.429573 	17.691807 	115.965515 	9.486833 	122.347862 	118.793938 	115.277924 	93.236259 	138.408813 	25.553865 	11.313708 	85.211502 	9.848858 	118.827606 	61.400326 	123.794182 	132.943604 	34.176014 	106.826965 	85.440041 	10.440307 	65.299309 	999.000000 	13.341664 	40.496914 	8.944272 	137.887634 	23.194826 	
57.271286 	114.934761 	29.017237 	25.709921 	112.507774 	25.000000 	81.608826 	95.441078 	24.331051 	20.024984 	24.698177 	37.000000 	16.643316 	15.524175 	15.652476 	106.400185 	72.180328 	14.035668 	100.895988 	33.955853 	66.468040 	117.413795 	25.961510 	50.249378 	102.825096 	111.664673 	10.049875 	104.890419 	11.661903 	111.395691 	107.712578 	104.062485 	81.394104 	128.003906 	13.453624 	7.071068 	73.109505 	22.022715 	107.563934 	48.826221 	112.485558 	121.918007 	21.023796 	94.921021 	73.006851 	3.000000 	52.478565 	13.341664 	999.000000 	27.313000 	22.135944 	126.732002 	10.000000 	
41.012192 	95.603348 	30.000000 	34.014702 	91.760559 	28.653097 	59.615433 	73.409805 	24.698177 	25.632011 	20.000000 	60.008331 	34.132095 	29.274563 	32.140316 	83.648071 	48.373547 	26.172504 	77.524193 	58.077534 	42.190044 	94.826157 	50.159744 	25.942244 	79.075912 	88.323273 	26.019224 	80.993828 	35.355339 	87.664131 	83.761566 	79.881165 	56.222771 	105.190300 	16.031219 	30.594116 	47.507893 	48.052055 	83.234612 	22.671568 	88.005684 	97.908119 	6.324555 	69.426216 	46.690472 	30.083218 	25.612497 	40.496914 	27.313000 	999.000000 	49.396355 	102.415817 	18.601076 	
74.202423 	131.468628 	42.190044 	35.341194 	130.000000 	38.275318 	100.448990 	114.021927 	39.824615 	34.828148 	42.426407 	23.600847 	24.186773 	27.802877 	25.238859 	125.255737 	92.195442 	29.000000 	120.208153 	19.209373 	86.833176 	136.029404 	14.560220 	71.028160 	122.347862 	130.831955 	26.248810 	124.482933 	17.029387 	130.816666 	127.310646 	123.842644 	102.004898 	146.659470 	34.481880 	20.000000 	94.047859 	8.062258 	127.404869 	70.327805 	132.382019 	141.428421 	43.081318 	115.602768 	94.339813 	19.313208 	74.242844 	8.944272 	22.135944 	49.396355 	999.000000 	146.413803 	31.780497 	
74.060783 	35.171009 	106.212051 	114.201576 	28.160255 	109.480591 	46.400433 	34.000000 	107.056061 	111.946419 	104.004807 	145.340973 	123.434196 	119.004204 	121.918007 	22.847319 	54.561890 	117.456375 	26.400757 	146.013702 	60.440052 	16.031219 	140.246216 	76.837494 	24.083189 	16.552946 	120.216469 	21.931713 	129.495178 	15.811388 	19.104973 	22.671568 	46.324940 	12.727922 	113.278419 	126.574089 	55.226807 	141.767410 	19.209373 	79.881165 	14.422205 	5.385165 	107.615051 	34.014702 	57.245087 	128.763351 	78.032043 	137.887634 	126.732002 	102.415817 	146.413803 	999.000000 	120.253899 	
53.851646 	110.860275 	30.364452 	29.681644 	107.786827 	26.925823 	76.157730 	90.049988 	24.738634 	21.931713 	23.021729 	46.572525 	23.600847 	20.518284 	22.022715 	100.702530 	65.802734 	17.804493 	94.868332 	43.737854 	59.816387 	111.830231 	35.693138 	43.416588 	96.607452 	105.683487 	14.866069 	98.600204 	20.880613 	105.209312 	101.400200 	97.616600 	74.330345 	122.331520 	10.049875 	15.811388 	65.764732 	32.015621 	101.044548 	41.036568 	105.891457 	115.602768 	12.727922 	87.692642 	65.192024 	13.000000 	44.204071 	23.194826 	10.000000 	18.601076 	31.780497 	120.253899 	999.000000 	

Travel time:
9.000000 	1.442654 	0.813173 	1.009022 	1.395081 	0.903120 	0.694622 	1.011496 	0.860233 	0.985203 	0.816241 	1.782028 	1.258223 	1.160011 	1.226020 	1.296389 	0.625500 	1.137157 	1.192686 	1.800174 	0.588430 	1.556037 	1.663205 	0.555090 	1.256234 	1.445035 	1.221935 	1.311964 	1.430035 	1.456237 	1.380670 	1.308864 	0.903120 	1.820886 	1.114955 	1.380670 	0.809707 	1.717010 	1.398660 	0.721110 	1.522539 	1.720465 	1.082243 	1.206752 	0.903466 	1.464795 	0.816241 	1.657181 	1.431782 	1.025305 	1.855061 	1.851520 	1.346291 	
1.442654 	9.000000 	2.232711 	2.415186 	0.212132 	2.329834 	0.928036 	0.632949 	2.298097 	2.422421 	2.258872 	3.130196 	2.683398 	2.594345 	2.655772 	0.555090 	1.251000 	2.576941 	0.704450 	3.170272 	1.403567 	0.492443 	3.061046 	1.760149 	0.742041 	0.620987 	2.663762 	0.750000 	2.864655 	0.691466 	0.743303 	0.805062 	1.220912 	0.625000 	2.551103 	2.821790 	1.405569 	3.135782 	0.813941 	1.895059 	0.835539 	0.775403 	2.482438 	1.118034 	1.513275 	2.907426 	1.905912 	3.095562 	2.873369 	2.390084 	3.286716 	0.879275 	2.771507 	
0.813173 	2.232711 	9.000000 	0.201556 	2.202271 	0.103078 	1.495410 	1.822944 	0.145774 	0.225000 	0.250000 	0.995301 	0.450694 	0.371652 	0.425000 	2.107279 	1.341641 	0.378319 	1.995307 	0.999062 	1.234909 	2.369071 	0.851469 	0.908639 	2.055024 	2.253469 	0.477624 	2.110095 	0.637377 	2.260669 	2.180023 	2.101339 	1.611870 	2.634032 	0.515388 	0.618466 	1.446764 	0.905883 	2.191461 	0.975320 	2.316382 	2.526114 	0.672681 	1.945508 	1.491643 	0.731864 	1.101136 	0.873212 	0.725431 	0.750000 	1.054751 	2.655301 	0.759111 	
1.009022 	2.415186 	0.201556 	9.000000 	2.391783 	0.150000 	1.695029 	2.020211 	0.251247 	0.215058 	0.378319 	0.794512 	0.285044 	0.254951 	0.276134 	2.304886 	1.542928 	0.302076 	2.195023 	0.797653 	1.434617 	2.564785 	0.654313 	1.098294 	2.255271 	2.452040 	0.395285 	2.310438 	0.485412 	2.460183 	2.380257 	2.302173 	1.812457 	2.829311 	0.530330 	0.500625 	1.644688 	0.721110 	2.392305 	1.152443 	2.517191 	2.725459 	0.742041 	2.146654 	1.686157 	0.629484 	1.275980 	0.721543 	0.642748 	0.850368 	0.883530 	2.855039 	0.742041 	
1.395081 	0.212132 	2.202271 	2.391783 	9.000000 	2.295784 	0.807001 	0.477624 	2.255271 	2.380257 	2.205108 	3.131393 	2.651061 	2.555020 	2.620234 	0.347311 	1.118034 	2.531427 	0.506211 	3.164352 	1.274755 	0.304138 	3.043846 	1.652460 	0.536773 	0.410031 	2.614025 	0.540833 	2.825111 	0.480234 	0.531507 	0.596343 	1.052675 	0.498121 	2.484074 	2.773536 	1.250250 	3.108155 	0.602080 	1.776584 	0.625000 	0.588430 	2.396351 	0.919239 	1.350926 	2.851425 	1.775528 	3.051639 	2.812694 	2.294014 	3.250000 	0.704006 	2.694671 	
0.903120 	2.329834 	0.103078 	0.150000 	2.295784 	9.000000 	1.578171 	1.909516 	0.103078 	0.127475 	0.230489 	0.933408 	0.355317 	0.269258 	0.325960 	2.193171 	1.410895 	0.276134 	2.077408 	0.928036 	1.297353 	2.457260 	0.770146 	0.951972 	2.135708 	2.337734 	0.375832 	2.190462 	0.536773 	2.343075 	2.260669 	2.180023 	1.677051 	2.722591 	0.437321 	0.515388 	1.504161 	0.813941 	2.270050 	1.002809 	2.395047 	2.608759 	0.620987 	2.013237 	1.542117 	0.629484 	1.126111 	0.771767 	0.625000 	0.716327 	0.956883 	2.737015 	0.673146 	
0.694622 	0.928036 	1.495410 	1.695029 	0.807001 	1.578171 	9.000000 	0.347311 	1.520691 	1.644118 	1.451293 	2.475505 	1.928892 	1.820886 	1.892254 	0.620987 	0.325960 	1.786232 	0.500000 	2.490607 	0.475657 	0.895126 	2.346540 	0.845946 	0.561805 	0.760345 	1.860276 	0.617454 	2.086265 	0.765261 	0.686477 	0.614919 	0.406971 	1.160011 	1.706055 	2.020211 	0.515388 	2.388122 	0.704450 	0.970824 	0.828025 	1.030776 	1.598828 	0.579871 	0.637377 	2.085216 	0.977880 	2.302444 	2.040221 	1.490386 	2.511225 	1.160011 	1.903943 	
1.011496 	0.632949 	1.822944 	2.020211 	0.477624 	1.909516 	0.347311 	9.000000 	1.856913 	1.981161 	1.792519 	2.790161 	2.262742 	2.157835 	2.227667 	0.285044 	0.642748 	2.126029 	0.225000 	2.811139 	0.800391 	0.550568 	2.674065 	1.188486 	0.300000 	0.437321 	2.202271 	0.350892 	2.425000 	0.459619 	0.406971 	0.375832 	0.588430 	0.816241 	2.052438 	2.362335 	0.775403 	2.722361 	0.450694 	1.305038 	0.559017 	0.716327 	1.945668 	0.548293 	0.880696 	2.430021 	1.299279 	2.643979 	2.386027 	1.835245 	2.850548 	0.850000 	2.251250 	
0.860233 	2.298097 	0.145774 	0.251247 	2.255271 	0.103078 	1.520691 	1.856913 	9.000000 	0.125000 	0.127475 	1.020110 	0.410031 	0.301040 	0.371652 	2.139071 	1.338376 	0.279509 	2.018044 	1.007782 	1.219118 	2.406502 	0.840387 	0.862047 	2.074398 	2.281036 	0.371652 	2.128673 	0.570088 	2.283774 	2.199148 	2.116158 	1.600195 	2.672195 	0.371652 	0.525595 	1.421487 	0.867828 	2.205958 	0.905539 	2.330906 	2.549510 	0.530330 	1.938105 	1.454734 	0.625000 	1.027740 	0.797653 	0.608276 	0.617454 	0.995615 	2.676402 	0.618466 	
0.985203 	2.422421 	0.225000 	0.215058 	2.380257 	0.127475 	1.644118 	1.981161 	0.125000 	9.000000 	0.213600 	0.921954 	0.291548 	0.176777 	0.250000 	2.263018 	1.456237 	0.158114 	2.140823 	0.901388 	1.333464 	2.530934 	0.726722 	0.965660 	2.196588 	2.404423 	0.254951 	2.250694 	0.445112 	2.406502 	2.321234 	2.237465 	1.715007 	2.796650 	0.320156 	0.403887 	1.531747 	0.745822 	2.327150 	0.995301 	2.452040 	2.672195 	0.527376 	2.053807 	1.559848 	0.509902 	1.113833 	0.673146 	0.500625 	0.640800 	0.870704 	2.798661 	0.548293 	
0.816241 	2.258872 	0.250000 	0.378319 	2.205108 	0.230489 	1.451293 	1.792519 	0.127475 	0.213600 	9.000000 	1.133854 	0.503115 	0.381608 	0.458939 	2.071986 	1.250000 	0.336341 	1.944544 	1.114955 	1.123610 	2.343075 	0.939415 	0.752080 	1.998281 	2.210345 	0.410031 	2.051828 	0.637377 	2.209779 	2.122499 	2.036695 	1.505199 	2.608759 	0.325000 	0.570088 	1.319327 	0.950329 	2.126029 	0.785016 	2.250694 	2.475126 	0.430116 	1.844587 	1.346291 	0.648556 	0.905539 	0.851469 	0.617454 	0.500000 	1.060660 	2.600120 	0.575543 	
1.782028 	3.130196 	0.995301 	0.794512 	3.131393 	0.933408 	2.475505 	2.790161 	1.020110 	0.921954 	1.133854 	9.000000 	0.651920 	0.778621 	0.701783 	3.075102 	2.336798 	0.851469 	2.974580 	0.111803 	2.228929 	3.326503 	0.279509 	1.882153 	3.037268 	3.225872 	0.851469 	3.092834 	0.642748 	3.238248 	3.161981 	3.087272 	2.606962 	3.588349 	1.101136 	0.770146 	2.437468 	0.425735 	3.177361 	1.917192 	3.301893 	3.502232 	1.352082 	2.940769 	2.474495 	0.854400 	2.034853 	0.665676 	0.925000 	1.500208 	0.590021 	3.633524 	1.164313 	
1.258223 	2.683398 	0.450694 	0.285044 	2.651061 	0.355317 	1.928892 	2.262742 	0.410031 	0.291548 	0.503115 	0.651920 	9.000000 	0.127475 	0.050000 	2.545830 	1.747319 	0.200000 	2.427061 	0.618466 	1.625000 	2.811250 	0.436606 	1.253994 	2.483948 	2.689098 	0.223607 	2.538331 	0.201556 	2.692814 	2.608759 	2.526114 	2.006552 	3.076727 	0.460977 	0.246221 	1.822430 	0.459619 	2.615937 	1.274019 	2.740894 	2.958568 	0.711073 	2.345341 	1.848141 	0.380789 	1.388569 	0.436606 	0.416083 	0.853302 	0.604669 	3.085855 	0.590021 	
1.160011 	2.594345 	0.371652 	0.254951 	2.555020 	0.269258 	1.820886 	2.157835 	0.301040 	0.176777 	0.381608 	0.778621 	0.127475 	9.000000 	0.079057 	2.439775 	1.630376 	0.079057 	2.317461 	0.745822 	1.505199 	2.707513 	0.561805 	1.129712 	2.373025 	2.581182 	0.145774 	2.427061 	0.270416 	2.583118 	2.497624 	2.413504 	1.886796 	2.973214 	0.348210 	0.251247 	1.700000 	0.570088 	2.503123 	1.147007 	2.627975 	2.848794 	0.594243 	2.226123 	1.723550 	0.375832 	1.261200 	0.503115 	0.388104 	0.731864 	0.695072 	2.975105 	0.512957 	
1.226020 	2.655772 	0.425000 	0.276134 	2.620234 	0.325960 	1.892254 	2.227667 	0.371652 	0.250000 	0.458939 	0.701783 	0.050000 	0.079057 	9.000000 	2.510229 	1.706055 	0.150000 	2.389691 	0.667083 	1.582127 	2.776801 	0.482830 	1.208305 	2.445915 	2.652593 	0.180278 	2.500125 	0.213600 	2.655419 	2.570627 	2.487217 	1.963734 	3.042408 	0.412311 	0.230489 	1.777991 	0.496236 	2.576941 	1.226020 	2.701851 	2.921151 	0.661910 	2.302851 	1.802255 	0.364006 	1.340009 	0.450694 	0.391312 	0.803508 	0.630971 	3.047950 	0.550568 	
1.296389 	0.555090 	2.107279 	2.304886 	0.347311 	2.193171 	0.620987 	0.285044 	2.139071 	2.263018 	2.071986 	3.075102 	2.545830 	2.439775 	2.510229 	9.000000 	0.883530 	2.406502 	0.175000 	3.096167 	1.040733 	0.279509 	2.958568 	1.442654 	0.190394 	0.158114 	2.481179 	0.195256 	2.706127 	0.200000 	0.201556 	0.250000 	0.756637 	0.540833 	2.325135 	2.641141 	0.970824 	3.005412 	0.270416 	1.546165 	0.333542 	0.436606 	2.208082 	0.577170 	1.057414 	2.705781 	1.525820 	2.923290 	2.660005 	2.091202 	3.131393 	0.571183 	2.517563 	
