Total assets = 566
Number of asset nodes = 34

Distance:
999.000000 	7.810250 	36.400551 	31.906113 	36.891735 	72.835434 	23.086792 	30.870699 	33.541019 	20.124611 	52.630791 	29.832869 	69.814041 	22.203604 	18.027756 	25.495098 	66.887962 	8.944272 	85.146935 	11.704700 	31.827662 	80.280754 	42.190044 	31.016125 	32.893768 	35.846897 	38.600517 	38.897301 	37.696156 	35.846897 	39.000000 	38.483765 	36.891735 	35.510563 	39.824615 	47.675991 	40.311287 	38.418747 	54.037025 	48.083260 	49.040798 	55.731499 	54.341511 	55.108982 	57.558666 	62.032249 	45.967381 	56.044624 	58.694122 	60.207973 	60.415230 	63.150612 	59.033890 	58.309521 	67.082039 	
7.810250 	999.000000 	44.204071 	39.661064 	44.654228 	80.622574 	30.463093 	38.470768 	41.182522 	13.341664 	44.821869 	37.000000 	77.620872 	28.071337 	21.587032 	32.756680 	74.330345 	9.219544 	92.655273 	5.099020 	39.597980 	88.090858 	48.836460 	26.925823 	37.483330 	40.024994 	43.416588 	43.566040 	41.976185 	39.217342 	43.174065 	42.449970 	39.924931 	35.355339 	43.324360 	53.084839 	43.657761 	39.051247 	60.074955 	52.773098 	53.758720 	61.131008 	59.413803 	60.299255 	63.071388 	68.066147 	47.434166 	60.827625 	63.639610 	65.375839 	65.490456 	68.359344 	62.625874 	61.326992 	70.576202 	
36.400551 	44.204071 	999.000000 	5.385165 	2.828427 	37.013512 	16.552946 	9.055386 	7.071068 	55.172459 	89.022469 	15.000000 	33.421551 	25.961510 	34.928497 	18.027756 	35.510563 	41.146080 	52.201534 	47.707443 	7.071068 	43.931767 	22.203604 	59.941639 	33.060551 	36.221542 	33.955853 	34.928497 	36.496574 	40.049969 	37.656342 	38.470768 	42.047592 	52.952808 	41.436699 	34.985710 	42.426407 	52.239830 	34.655445 	39.812057 	40.249222 	40.459858 	41.617306 	41.400482 	41.036568 	40.804413 	54.147945 	44.654228 	45.607018 	45.343136 	46.097721 	47.381432 	53.665630 	56.080299 	60.539242 	
31.906113 	39.661064 	5.385165 	999.000000 	5.000000 	42.201897 	11.180340 	4.123106 	3.605551 	50.209560 	84.403793 	10.198039 	38.209946 	20.615528 	29.546574 	17.088007 	40.792156 	37.336308 	57.584721 	43.416588 	7.810250 	48.795490 	19.849434 	54.589375 	28.284271 	31.575306 	29.732138 	30.675724 	32.015621 	35.227829 	33.241539 	33.955853 	37.215588 	47.675991 	36.878178 	32.015621 	37.854988 	47.095646 	33.015148 	36.359318 	36.891735 	38.209946 	38.948685 	38.897301 	39.051247 	39.824615 	49.365982 	41.868843 	43.139309 	43.185646 	43.863426 	45.453274 	50.249378 	52.325901 	57.428215 	
36.891735 	44.654228 	2.828427 	5.000000 	999.000000 	37.443291 	15.811388 	7.615773 	5.099020 	55.172459 	89.403580 	13.152946 	33.241539 	24.698177 	34.000000 	20.223749 	37.215588 	42.154476 	53.450912 	48.373547 	9.486833 	43.840622 	19.416489 	59.169250 	31.000000 	34.058773 	31.575306 	32.557640 	34.234486 	38.000000 	35.355339 	36.221542 	40.000000 	51.419842 	39.204590 	32.249031 	40.199501 	50.487621 	31.827662 	37.161808 	37.576588 	37.643059 	38.832977 	38.600517 	38.209946 	38.013157 	52.038448 	41.880783 	42.801868 	42.520584 	43.278172 	44.553337 	50.990196 	53.488316 	57.801384 	
72.835434 	80.622574 	37.013512 	42.201897 	37.443291 	999.000000 	53.254108 	44.944408 	42.190044 	92.097771 	125.319588 	49.648766 	8.544003 	61.773781 	71.344238 	49.648766 	18.027756 	76.216797 	20.615528 	83.630135 	41.036568 	10.000000 	48.052055 	96.566040 	65.459915 	67.720009 	63.788715 	64.761101 	67.186310 	72.124893 	67.911705 	69.123077 	74.040527 	87.464279 	72.034714 	59.211487 	73.006851 	85.702972 	53.037724 	65.276337 	65.192024 	60.074955 	63.007935 	62.032249 	59.211487 	53.935146 	85.146935 	66.030296 	65.192024 	63.387695 	64.381676 	63.788715 	77.006493 	81.024689 	81.394104 	
23.086792 	30.463093 	16.552946 	11.180340 	15.811388 	53.254108 	999.000000 	8.485281 	11.313708 	39.824615 	74.625732 	7.000000 	48.836460 	10.000000 	18.384777 	19.416489 	51.662365 	30.149628 	68.709534 	34.785053 	16.000000 	59.464275 	20.223749 	43.416588 	20.124611 	23.706539 	23.430750 	24.207438 	24.698177 	26.570660 	26.076809 	26.419689 	28.460499 	37.121422 	29.068884 	29.154760 	29.966648 	37.054016 	33.241539 	31.890438 	32.649654 	36.674240 	36.359318 	36.715118 	38.078865 	41.000000 	40.521599 	38.832977 	40.816662 	41.593269 	42.059483 	44.283180 	45.276924 	46.400433 	53.037724 	
30.870699 	38.470768 	9.055386 	4.123106 	7.615773 	44.944408 	8.485281 	999.000000 	2.828427 	48.270073 	82.927681 	6.082763 	40.360870 	17.088007 	26.419689 	19.723083 	44.553337 	37.107952 	61.032780 	42.544094 	11.661903 	50.990196 	16.643316 	51.623638 	24.186773 	27.459061 	25.632011 	26.570660 	27.892651 	31.144823 	29.120440 	29.832869 	33.136082 	43.931767 	32.756680 	28.319605 	33.734257 	43.185646 	30.016663 	32.449963 	33.015148 	34.828148 	35.355339 	35.383614 	35.805027 	37.161808 	45.276924 	38.209946 	39.623226 	39.824615 	40.459858 	42.201897 	46.324940 	48.301140 	53.600372 	
33.541019 	41.182522 	7.071068 	3.605551 	5.099020 	42.190044 	11.313708 	2.828427 	999.000000 	51.088158 	85.702972 	8.062258 	37.536648 	19.697716 	29.154760 	20.615528 	42.296574 	39.560081 	58.523499 	45.188496 	11.313708 	48.166378 	16.278820 	54.378304 	26.019224 	29.154760 	26.925823 	27.892651 	29.427877 	33.015148 	30.594116 	31.400637 	35.014282 	46.324940 	34.365681 	28.600698 	35.355339 	45.398239 	29.410883 	33.120991 	33.615471 	34.655445 	35.468296 	35.383614 	35.468296 	36.235340 	47.095646 	38.418747 	39.623226 	39.623226 	40.311287 	41.868843 	47.010635 	49.244289 	54.083271 	
20.124611 	13.341664 	55.172459 	50.209560 	55.172459 	92.097771 	39.824615 	48.270073 	51.088158 	999.000000 	35.341194 	45.486263 	88.413803 	34.438351 	25.298222 	45.617977 	86.954010 	22.022715 	105.152267 	14.142136 	51.400391 	99.005051 	55.542778 	16.401220 	40.607880 	42.190044 	46.529560 	46.389652 	44.181442 	40.000000 	45.099888 	44.045429 	40.049969 	30.463093 	44.011364 	56.885849 	44.045429 	35.114101 	65.000000 	55.145264 	56.142673 	64.629715 	62.289646 	63.387695 	66.753281 	72.780495 	44.271889 	63.071388 	66.121101 	68.264191 	68.183578 	71.253067 	62.514000 	60.207973 	70.035706 	
52.630791 	44.821869 	89.022469 	84.403793 	89.403580 	125.319588 	74.625732 	82.927681 	85.702972 	35.341194 	999.000000 	80.622574 	122.441826 	69.778221 	60.539242 	76.419891 	117.796432 	49.578220 	136.235092 	41.725292 	84.291161 	132.909744 	90.873535 	42.047592 	75.286118 	76.400261 	81.043198 	80.777473 	78.339005 	73.545906 	79.075912 	77.878113 	73.164200 	60.074955 	77.278717 	91.482239 	77.103828 	65.069191 	99.929977 	89.050545 	90.027771 	98.954536 	96.317184 	97.514099 	101.138519 	107.563934 	74.006760 	96.690224 	99.824844 	102.181213 	101.980392 	105.118980 	94.260277 	91.049438 	101.044548 	
29.832869 	37.000000 	15.000000 	10.198039 	13.152946 	49.648766 	7.000000 	6.082763 	8.062258 	45.486263 	80.622574 	999.000000 	44.407207 	12.206555 	22.022715 	24.083189 	50.358715 	37.121422 	66.483078 	41.484936 	17.464249 	55.000000 	13.341664 	47.201694 	18.110771 	21.377558 	19.697716 	20.615528 	21.840330 	25.079872 	23.086792 	23.769728 	27.073973 	38.327538 	26.683329 	23.430750 	27.658634 	37.336308 	26.570660 	27.018513 	27.658634 	30.528675 	30.610456 	30.805843 	31.764761 	34.205261 	39.204590 	33.301651 	35.000000 	35.510563 	36.055511 	38.078865 	40.804413 	42.544094 	48.270073 	
69.814041 	77.620872 	33.421551 	38.209946 	33.241539 	8.544003 	48.836460 	40.360870 	37.536648 	88.413803 	122.441826 	44.407207 	999.000000 	56.612720 	66.400299 	48.332184 	24.413111 	74.094536 	29.120440 	81.024689 	38.587563 	10.630146 	41.109608 	91.607857 	59.093147 	61.098282 	56.920998 	57.870544 	60.406952 	65.551506 	61.032780 	62.297672 	67.416618 	81.394104 	65.145988 	51.623638 	66.098412 	79.309517 	45.011108 	57.706154 	57.558666 	52.000000 	55.036350 	54.009258 	51.039200 	45.541191 	78.160095 	58.008621 	57.035076 	55.145264 	56.142673 	55.443665 	69.028976 	73.171036 	73.171036 	
22.203604 	28.071337 	25.961510 	20.615528 	24.698177 	61.773781 	10.000000 	17.088007 	19.697716 	34.438351 	69.778221 	12.206555 	56.612720 	999.000000 	9.899495 	28.231188 	61.392181 	30.805843 	78.108902 	33.015148 	26.000000 	67.201187 	21.189621 	35.000000 	12.041595 	15.556349 	17.000000 	17.492855 	17.029387 	17.492855 	18.439089 	18.384777 	19.235384 	27.166155 	20.615528 	25.495098 	21.400934 	27.073973 	32.015621 	26.400757 	27.313000 	33.541019 	32.280025 	32.984844 	35.355339 	40.012497 	31.016125 	34.176014 	36.687874 	38.078865 	38.327538 	41.000000 	38.600517 	38.897301 	46.615448 	
18.027756 	21.587032 	34.928497 	29.546574 	34.000000 	71.344238 	18.384777 	26.419689 	29.154760 	25.298222 	60.539242 	22.022715 	66.400299 	9.899495 	999.000000 	33.241539 	69.921387 	26.925823 	87.091904 	26.683329 	33.734257 	77.006493 	30.413813 	25.238859 	16.031219 	18.439089 	22.022715 	22.090721 	20.396078 	17.888544 	21.587032 	20.880613 	18.867962 	20.396078 	21.931713 	32.062439 	22.360680 	21.931713 	39.812057 	31.257000 	32.249031 	40.012497 	38.052597 	39.012817 	42.047592 	47.675991 	28.425341 	39.319206 	42.190044 	44.045429 	44.102154 	47.042534 	41.231056 	40.311287 	49.244289 	
25.495098 	32.756680 	18.027756 	17.088007 	20.223749 	49.648766 	19.416489 	19.723083 	20.615528 	45.617977 	76.419891 	24.083189 	48.332184 	28.231188 	33.241539 	999.000000 	41.617306 	26.870058 	60.000000 	34.828148 	11.000000 	58.180752 	36.359318 	54.918121 	39.446167 	43.046486 	42.801868 	43.600460 	44.102154 	45.617977 	45.486263 	45.793011 	47.423622 	53.600372 	48.373547 	47.507893 	49.244289 	54.571056 	49.739319 	50.931328 	51.623638 	54.405884 	54.671749 	54.817879 	55.470715 	56.797886 	59.236813 	57.384666 	59.033890 	59.405388 	60.000000 	61.854668 	64.536812 	65.802734 	72.180328 	
66.887962 	74.330345 	35.510563 	40.792156 	37.215588 	18.027756 	51.662365 	44.553337 	42.296574 	86.954010 	117.796432 	50.358715 	24.413111 	61.392181 	69.921387 	41.617306 	999.000000 	68.249542 	18.439089 	76.400261 	36.400551 	27.658634 	53.460266 	94.339813 	68.117546 	71.028160 	68.029404 	69.028976 	71.000000 	75.106590 	72.006943 	73.000000 	77.103828 	88.459030 	76.000000 	66.098412 	77.000000 	87.692642 	61.983868 	71.847061 	72.006943 	68.963760 	71.309189 	70.604530 	68.622154 	64.884514 	89.022469 	74.464760 	74.330345 	73.054771 	74.000000 	74.094536 	84.929382 	88.283630 	90.520714 	
8.944272 	9.219544 	41.146080 	37.336308 	42.154476 	76.216797 	30.149628 	37.107952 	39.560081 	22.022715 	49.578220 	37.121422 	74.094536 	30.805843 	26.925823 	26.870058 	68.249542 	999.000000 	86.683334 	8.544003 	35.510563 	84.314888 	50.000000 	36.138622 	41.785164 	44.777225 	47.434166 	47.759815 	46.615448 	44.777225 	47.927029 	47.423622 	45.793011 	43.416588 	48.764740 	56.293873 	49.244289 	46.690472 	62.289646 	56.920998 	57.870544 	64.327286 	63.063461 	63.788715 	66.098412 	70.256676 	54.561890 	64.845970 	67.446274 	68.883957 	69.123077 	71.805290 	67.977936 	67.230942 	76.026314 	
85.146935 	92.655273 	52.201534 	57.584721 	53.450912 	20.615528 	68.709534 	61.032780 	58.523499 	105.152267 	136.235092 	66.483078 	29.120440 	78.108902 	87.091904 	60.000000 	18.439089 	86.683334 	999.000000 	94.810333 	54.120235 	25.000000 	67.186310 	111.892807 	83.546394 	86.145226 	82.607506 	83.600243 	85.842880 	90.426765 	86.700638 	87.823685 	92.395889 	104.809349 	90.796478 	79.000000 	91.787796 	103.585716 	73.334846 	85.005882 	85.000000 	80.399002 	83.216583 	82.298241 	79.630394 	74.525162 	103.947105 	86.284416 	85.586212 	83.862984 	84.852814 	84.344528 	97.185387 	101.044548 	101.833199 	
11.704700 	5.099020 	47.707443 	43.416588 	48.373547 	83.630135 	34.785053 	42.544094 	45.188496 	14.142136 	41.725292 	41.484936 	81.024689 	33.015148 	26.683329 	34.828148 	76.400261 	8.544003 	94.810333 	999.000000 	42.638012 	91.400215 	53.600372 	29.546574 	42.579338 	45.122055 	48.507732 	48.662102 	47.074409 	44.271889 	48.270073 	47.539455 	44.944408 	39.698868 	48.383881 	58.137768 	48.703182 	43.600460 	65.030762 	57.870544 	58.855755 	66.189125 	64.498062 	65.375839 	68.117546 	73.027390 	52.153618 	65.924202 	68.731361 	70.455658 	70.576202 	73.437050 	67.675697 	66.309875 	75.610847 	
31.827662 	39.597980 	7.071068 	7.810250 	9.486833 	41.036568 	16.000000 	11.661903 	11.313708 	51.400391 	84.291161 	17.464249 	38.587563 	26.000000 	33.734257 	11.000000 	36.400551 	35.510563 	54.120235 	42.638012 	999.000000 	48.826221 	27.586229 	57.939625 	35.171009 	38.600517 	37.161808 	38.078865 	39.217342 	41.976185 	40.496914 	41.109608 	43.931767 	53.084839 	43.965897 	39.824615 	44.922153 	53.037724 	40.607880 	44.102154 	44.654228 	45.967381 	46.754681 	46.690472 	46.754681 	47.169907 	56.089214 	49.678970 	50.931328 	50.931328 	51.623638 	53.150730 	57.982758 	59.941639 	65.215027 	
80.280754 	88.090858 	43.931767 	48.795490 	43.840622 	10.000000 	59.464275 	50.990196 	48.166378 	99.005051 	132.909744 	55.000000 	10.630146 	67.201187 	77.006493 	58.180752 	27.658634 	84.314888 	25.000000 	91.400215 	48.826221 	999.000000 	51.078373 	102.200783 	69.318108 	71.175842 	66.850578 	67.779053 	70.384659 	75.643906 	70.936592 	72.235725 	77.472572 	91.706055 	75.026665 	60.876926 	75.960518 	89.470665 	53.600372 	66.940269 	66.708321 	60.406952 	63.639610 	62.514000 	59.211487 	53.000000 	87.920418 	66.483078 	65.192024 	63.071388 	64.070274 	63.000000 	77.524193 	81.884064 	81.024689 	
42.190044 	48.836460 	22.203604 	19.849434 	19.416489 	48.052055 	20.223749 	16.643316 	16.278820 	55.542778 	90.873535 	13.341664 	41.109608 	21.189621 	30.413813 	36.359318 	53.460266 	50.000000 	67.186310 	53.600372 	27.586229 	51.078373 	999.000000 	53.907330 	18.601076 	20.124611 	15.811388 	16.763054 	19.313208 	24.596748 	19.924858 	21.189621 	26.400757 	41.048752 	24.041630 	13.000000 	25.000000 	38.470768 	13.416408 	18.439089 	18.681541 	18.384777 	19.416489 	19.209373 	19.209373 	20.880613 	37.107952 	22.472204 	23.430750 	23.345236 	24.041630 	25.612497 	31.953091 	34.928497 	38.470768 	
31.016125 	26.925823 	59.941639 	54.589375 	59.169250 	96.566040 	43.416588 	51.623638 	54.378304 	16.401220 	42.047592 	47.201694 	91.607857 	35.000000 	25.238859 	54.918121 	94.339813 	36.138622 	111.892807 	29.546574 	57.939625 	102.200783 	53.907330 	999.000000 	36.055511 	36.235340 	41.182522 	40.706264 	38.013157 	32.695564 	38.483765 	37.161808 	31.953091 	18.027756 	36.055511 	51.429562 	35.735138 	23.021729 	60.415230 	48.104053 	49.040798 	58.309521 	55.362442 	56.648037 	60.539242 	67.542580 	32.015621 	55.362442 	58.523499 	61.032780 	60.728905 	63.890530 	52.239830 	49.010204 	59.008472 	
32.893768 	37.483330 	33.060551 	28.284271 	31.000000 	65.459915 	20.124611 	24.186773 	26.019224 	40.607880 	75.286118 	18.110771 	59.093147 	12.041595 	16.031219 	39.446167 	68.117546 	41.785164 	83.546394 	42.579338 	35.171009 	69.318108 	18.601076 	36.055511 	999.000000 	3.605551 	6.000000 	6.082763 	5.000000 	7.000000 	6.403124 	6.403124 	9.000000 	22.472204 	8.944272 	16.278820 	9.848858 	20.248457 	24.698177 	15.297058 	16.278820 	24.083189 	22.022715 	23.000000 	26.172504 	32.280025 	21.095022 	23.345236 	26.172504 	28.017851 	28.071337 	31.016125 	26.627054 	26.870058 	34.669872 	
35.846897 	40.024994 	36.221542 	31.575306 	34.058773 	67.720009 	23.706539 	27.459061 	29.154760 	42.190044 	76.400261 	21.377558 	61.098282 	15.556349 	18.439089 	43.046486 	71.028160 	44.777225 	86.145226 	45.122055 	38.600517 	71.175842 	20.124611 	36.235340 	3.605551 	999.000000 	5.000000 	4.472136 	2.000000 	4.472136 	3.162278 	2.828427 	6.324555 	21.260292 	5.385165 	15.231546 	6.324555 	18.357559 	24.186773 	13.000000 	14.000000 	22.561028 	20.099751 	21.213203 	24.738634 	31.384710 	18.000000 	21.023796 	24.000000 	26.076809 	26.019224 	29.068884 	23.323807 	23.345236 	31.384710 	
38.600517 	43.416588 	33.955853 	29.732138 	31.575306 	63.788715 	23.430750 	25.632011 	26.925823 	46.529560 	81.043198 	19.697716 	56.920998 	17.000000 	22.022715 	42.801868 	68.029404 	47.434166 	82.607506 	48.507732 	37.161808 	66.850578 	15.811388 	41.182522 	6.000000 	5.000000 	999.000000 	1.000000 	3.605551 	9.219544 	4.123106 	5.385165 	10.816654 	26.172504 	8.246211 	10.440307 	9.219544 	23.021729 	19.235384 	9.486833 	10.440307 	18.110771 	16.031219 	17.000000 	20.223749 	26.570660 	21.377558 	17.464249 	20.223749 	22.022715 	22.090721 	25.019993 	21.931713 	23.021729 	29.832869 	
38.897301 	43.566040 	34.928497 	30.675724 	32.557640 	64.761101 	24.207438 	26.570660 	27.892651 	46.389652 	80.777473 	20.615528 	57.870544 	17.492855 	22.090721 	43.600460 	69.028976 	47.759815 	83.600243 	48.662102 	38.078865 	67.779053 	16.763054 	40.706264 	6.082763 	4.472136 	1.000000 	999.000000 	2.828427 	8.485281 	3.162278 	4.472136 	10.000000 	25.455845 	7.280110 	10.770329 	8.246211 	22.203604 	19.723083 	9.219544 	10.198039 	18.248287 	16.000000 	17.029387 	20.396078 	26.925823 	20.396078 	17.262676 	20.099751 	22.000000 	22.022715 	25.000000 	21.260292 	22.203604 	29.206163 	
37.696156 	41.976185 	36.496574 	32.015621 	34.234486 	67.186310 	24.698177 	27.892651 	29.427877 	44.181442 	78.339005 	21.840330 	60.406952 	17.029387 	20.396078 	44.102154 	71.000000 	46.615448 	85.842880 	47.074409 	39.217342 	70.384659 	19.313208 	38.013157 	5.000000 	2.000000 	3.605551 	2.828427 	999.000000 	5.656854 	1.414214 	2.000000 	7.211102 	22.627417 	5.000000 	13.416408 	6.000000 	19.416489 	22.472204 	11.000000 	12.000000 	20.615528 	18.110771 	19.235384 	22.803509 	29.546574 	18.110771 	19.026299 	22.000000 	24.083189 	24.020824 	27.073973 	21.633308 	21.931713 	29.681644 	
35.846897 	39.217342 	40.049969 	35.227829 	38.000000 	72.124893 	26.570660 	31.144823 	33.015148 	40.000000 	73.545906 	25.079872 	65.551506 	17.492855 	17.888544 	45.617977 	75.106590 	44.777225 	90.426765 	44.271889 	41.976185 	75.643906 	24.596748 	32.695564 	7.000000 	4.472136 	9.219544 	8.485281 	5.656854 	999.000000 	5.830952 	4.472136 	2.000000 	16.970562 	4.123106 	18.867962 	4.472136 	13.892444 	28.017851 	15.524175 	16.492422 	25.632011 	22.803509 	24.041630 	27.856777 	34.885529 	14.142136 	23.194826 	26.305893 	28.635643 	28.442924 	31.575306 	23.409399 	22.472204 	31.384710 	
39.000000 	43.174065 	37.656342 	33.241539 	35.355339 	67.911705 	26.076809 	29.120440 	30.594116 	45.099888 	79.075912 	23.086792 	61.032780 	18.439089 	21.587032 	45.486263 	72.006943 	47.927029 	86.700638 	48.270073 	40.496914 	70.936592 	19.924858 	38.483765 	6.403124 	3.162278 	4.123106 	3.162278 	1.414214 	5.830952 	999.000000 	1.414214 	7.071068 	22.671568 	4.123106 	13.038404 	5.099020 	19.209373 	22.203604 	10.049875 	11.045361 	19.924858 	17.262676 	18.439089 	22.135944 	29.068884 	17.262676 	18.000000 	21.023796 	23.194826 	23.086792 	26.172504 	20.248457 	20.518284 	28.301943 	
38.483765 	42.449970 	38.470768 	33.955853 	36.221542 	69.123077 	26.419689 	29.832869 	31.400637 	44.045429 	77.878113 	23.769728 	62.297672 	18.384777 	20.880613 	45.793011 	73.000000 	47.423622 	87.823685 	47.539455 	41.109608 	72.235725 	21.189621 	37.161808 	6.403124 	2.828427 	5.385165 	4.472136 	2.000000 	4.472136 	1.414214 	999.000000 	5.656854 	21.260292 	3.000000 	14.422205 	4.000000 	17.804493 	23.600847 	11.180340 	12.165525 	21.189621 	18.439089 	19.646883 	23.409399 	30.413813 	16.124516 	19.026299 	22.090721 	24.331051 	24.186773 	27.294687 	20.591261 	20.518284 	28.653097 	
36.891735 	39.924931 	42.047592 	37.215588 	40.000000 	74.040527 	28.460499 	33.136082 	35.014282 	40.049969 	73.164200 	27.073973 	67.416618 	19.235384 	18.867962 	47.423622 	77.103828 	45.793011 	92.395889 	44.944408 	43.931767 	77.472572 	26.400757 	31.953091 	9.000000 	6.324555 	10.816654 	10.000000 	7.211102 	2.000000 	7.071068 	5.656854 	999.000000 	15.620500 	4.123106 	20.000000 	4.000000 	12.206555 	29.206163 	16.155495 	17.088007 	26.400757 	23.409399 	24.698177 	28.635643 	35.846897 	12.165525 	23.537205 	26.683329 	29.120440 	28.861740 	32.015621 	22.803509 	21.470911 	30.675724 	
35.510563 	35.355339 	52.952808 	47.675991 	51.419842 	87.464279 	37.121422 	43.931767 	46.324940 	30.463093 	60.074955 	38.327538 	81.394104 	27.166155 	20.396078 	53.600372 	88.459030 	43.416588 	104.809349 	39.698868 	53.084839 	91.706055 	41.048752 	18.027756 	22.472204 	21.260292 	26.172504 	25.455845 	22.627417 	16.970562 	22.671568 	21.260292 	15.620500 	999.000000 	19.416489 	35.608986 	18.867962 	5.000000 	44.821869 	31.384710 	32.249031 	41.677334 	38.470768 	39.824615 	43.908997 	51.312767 	14.142136 	38.078865 	41.231056 	43.863426 	43.462627 	46.615448 	34.234486 	31.000000 	41.000000 	
39.824615 	43.324360 	41.436699 	36.878178 	39.204590 	72.034714 	29.068884 	32.756680 	34.365681 	44.011364 	77.278717 	26.683329 	65.145988 	20.615528 	21.931713 	48.373547 	76.000000 	48.764740 	90.796478 	48.383881 	43.965897 	75.026665 	24.041630 	36.055511 	8.944272 	5.385165 	8.246211 	7.280110 	5.000000 	4.123106 	4.123106 	3.000000 	4.123106 	19.416489 	999.000000 	16.278820 	1.000000 	15.556349 	25.495098 	12.083046 	13.000000 	22.360680 	19.313208 	20.615528 	24.596748 	31.906113 	13.152946 	19.416489 	22.561028 	25.000000 	24.738634 	27.892651 	19.313208 	18.601076 	27.313000 	
47.675991 	53.084839 	34.985710 	32.015621 	32.249031 	59.211487 	29.154760 	28.319605 	28.600698 	56.885849 	91.482239 	23.430750 	51.623638 	25.495098 	32.062439 	47.507893 	66.098412 	56.293873 	79.000000 	58.137768 	39.824615 	60.876926 	13.000000 	51.429562 	16.278820 	15.231546 	10.440307 	10.770329 	13.416408 	18.867962 	13.038404 	14.422205 	20.000000 	35.608986 	16.278820 	999.000000 	16.970562 	31.827662 	9.219544 	6.082763 	6.000000 	8.062258 	7.211102 	7.615773 	10.000000 	16.155495 	27.784887 	9.899495 	11.661903 	12.649111 	13.000000 	15.524175 	18.973665 	22.203604 	25.553865 	
40.311287 	43.657761 	42.426407 	37.854988 	40.199501 	73.006851 	29.966648 	33.734257 	35.355339 	44.045429 	77.103828 	27.658634 	66.098412 	21.400934 	22.360680 	49.244289 	77.000000 	49.244289 	91.787796 	48.703182 	44.922153 	75.960518 	25.000000 	35.735138 	9.848858 	6.324555 	9.219544 	8.246211 	6.000000 	4.472136 	5.099020 	4.000000 	4.000000 	18.867962 	1.000000 	16.970562 	999.000000 	14.866069 	26.172504 	12.529964 	13.416408 	22.825424 	19.697716 	21.023796 	25.059929 	32.449963 	12.165525 	19.646883 	22.803509 	25.298222 	25.000000 	28.160255 	18.973665 	18.027756 	26.925823 	
38.418747 	39.051247 	52.239830 	47.095646 	50.487621 	85.702972 	37.054016 	43.185646 	45.398239 	35.114101 	65.069191 	37.336308 	79.309517 	27.073973 	21.931713 	54.571056 	87.692642 	46.690472 	103.585716 	43.600460 	53.037724 	89.470665 	38.470768 	23.021729 	20.248457 	18.357559 	23.021729 	22.203604 	19.416489 	13.892444 	19.209373 	17.804493 	12.206555 	5.000000 	15.556349 	31.827662 	14.866069 	999.000000 	41.036568 	27.202942 	28.017851 	37.443291 	34.132095 	35.510563 	39.661064 	47.201694 	9.219544 	33.541019 	36.674240 	39.357338 	38.910152 	42.047592 	29.274563 	26.000000 	36.000000 	
54.037025 	60.074955 	34.655445 	33.015148 	31.827662 	53.037724 	33.241539 	30.016663 	29.410883 	65.000000 	99.929977 	26.570660 	45.011108 	32.015621 	39.812057 	49.739319 	61.983868 	62.289646 	73.334846 	65.030762 	40.607880 	53.600372 	13.416408 	60.415230 	24.698177 	24.186773 	19.235384 	19.723083 	22.472204 	28.017851 	22.203604 	23.600847 	29.206163 	44.821869 	25.495098 	9.219544 	26.172504 	41.036568 	999.000000 	14.422205 	13.892444 	7.071068 	10.049875 	9.000000 	6.708204 	8.000000 	36.619667 	13.000000 	12.369317 	11.180340 	12.083046 	12.806249 	24.020824 	28.284271 	28.635643 	
48.083260 	52.773098 	39.812057 	36.359318 	37.161808 	65.276337 	31.890438 	32.449963 	33.120991 	55.145264 	89.050545 	27.018513 	57.706154 	26.400757 	31.257000 	50.931328 	71.847061 	56.920998 	85.005882 	57.870544 	44.102154 	66.940269 	18.439089 	48.104053 	15.297058 	13.000000 	9.486833 	9.219544 	11.000000 	15.524175 	10.049875 	11.180340 	16.155495 	31.384710 	12.083046 	6.082763 	12.529964 	27.202942 	14.422205 	999.000000 	1.000000 	10.295630 	7.280110 	8.544003 	12.529964 	20.000000 	22.203604 	8.062258 	11.000000 	13.152946 	13.038404 	16.124516 	13.892444 	16.492422 	21.260292 	
49.040798 	53.758720 	40.249222 	36.891735 	37.576588 	65.192024 	32.649654 	33.015148 	33.615471 	56.142673 	90.027771 	27.658634 	57.558666 	27.313000 	32.249031 	51.623638 	72.006943 	57.870544 	85.000000 	58.855755 	44.654228 	66.708321 	18.681541 	49.040798 	16.278820 	14.000000 	10.440307 	10.198039 	12.000000 	16.492422 	11.045361 	12.165525 	17.088007 	32.249031 	13.000000 	6.000000 	13.416408 	28.017851 	13.892444 	1.000000 	999.000000 	9.433981 	6.324555 	7.615773 	11.661903 	19.209373 	22.803509 	7.071068 	10.000000 	12.165525 	12.041595 	15.132746 	13.416408 	16.278820 	20.615528 	
55.731499 	61.131008 	40.459858 	38.209946 	37.643059 	60.074955 	36.674240 	34.828148 	34.655445 	64.629715 	98.954536 	30.528675 	52.000000 	33.541019 	40.012497 	54.405884 	68.963760 	64.327286 	80.399002 	66.189125 	45.967381 	60.406952 	18.384777 	58.309521 	24.083189 	22.561028 	18.110771 	18.248287 	20.615528 	25.632011 	19.924858 	21.189621 	26.400757 	41.677334 	22.360680 	8.062258 	22.825424 	37.443291 	7.071068 	10.295630 	9.433981 	999.000000 	3.605551 	2.236068 	2.236068 	9.899495 	31.827662 	6.082763 	5.385165 	5.000000 	5.656854 	7.615773 	17.117243 	21.587032 	21.587032 	
54.341511 	59.413803 	41.617306 	38.948685 	38.832977 	63.007935 	36.359318 	35.355339 	35.468296 	62.289646 	96.317184 	30.610456 	55.036350 	32.280025 	38.052597 	54.671749 	71.309189 	63.063461 	83.216583 	64.498062 	46.754681 	63.639610 	19.416489 	55.362442 	22.022715 	20.099751 	16.031219 	16.000000 	18.110771 	22.803509 	17.262676 	18.439089 	23.409399 	38.470768 	19.313208 	7.211102 	19.697716 	34.132095 	10.049875 	7.280110 	6.324555 	3.605551 	999.000000 	1.414214 	5.656854 	13.453624 	28.284271 	3.162278 	4.472136 	6.000000 	6.082763 	9.000000 	14.000000 	18.248287 	19.313208 	
55.108982 	60.299255 	41.400482 	38.897301 	38.600517 	62.032249 	36.715118 	35.383614 	35.383614 	63.387695 	97.514099 	30.805843 	54.009258 	32.984844 	39.012817 	54.817879 	70.604530 	63.788715 	82.298241 	65.375839 	46.690472 	62.514000 	19.209373 	56.648037 	23.000000 	21.213203 	17.000000 	17.029387 	19.235384 	24.041630 	18.439089 	19.646883 	24.698177 	39.824615 	20.615528 	7.615773 	21.023796 	35.510563 	9.000000 	8.544003 	7.615773 	2.236068 	1.414214 	999.000000 	4.242640 	12.041595 	29.698484 	4.000000 	4.242640 	5.099020 	5.385165 	8.062258 	15.033297 	19.416489 	19.924858 	
57.558666 	63.071388 	41.036568 	39.051247 	38.209946 	59.211487 	38.078865 	35.805027 	35.468296 	66.753281 	101.138519 	31.764761 	51.039200 	35.355339 	42.047592 	55.470715 	68.622154 	66.098412 	79.630394 	68.117546 	46.754681 	59.211487 	19.209373 	60.539242 	26.172504 	24.738634 	20.223749 	20.396078 	22.803509 	27.856777 	22.135944 	23.409399 	28.635643 	43.908997 	24.596748 	10.000000 	25.059929 	39.661064 	6.708204 	12.529964 	11.661903 	2.236068 	5.656854 	4.242640 	999.000000 	7.810250 	33.941124 	7.615773 	6.000000 	4.472136 	5.385165 	6.403124 	18.439089 	23.086792 	22.203604 	
62.032249 	68.066147 	40.804413 	39.824615 	38.013157 	53.935146 	41.000000 	37.161808 	36.235340 	72.780495 	107.563934 	34.205261 	45.541191 	40.012497 	47.675991 	56.797886 	64.884514 	70.256676 	74.525162 	73.027390 	47.169907 	53.000000 	20.880613 	67.542580 	32.280025 	31.384710 	26.570660 	26.925823 	29.546574 	34.885529 	29.068884 	30.413813 	35.846897 	51.312767 	31.906113 	16.155495 	32.449963 	47.201694 	8.000000 	20.000000 	19.209373 	9.899495 	13.453624 	12.041595 	7.810250 	999.000000 	41.725292 	15.264338 	13.000000 	10.440307 	11.401754 	10.000000 	25.632011 	30.463093 	28.071337 	
45.967381 	47.434166 	54.147945 	49.365982 	52.038448 	85.146935 	40.521599 	45.276924 	47.095646 	44.271889 	74.006760 	39.204590 	78.160095 	31.016125 	28.425341 	59.236813 	89.022469 	54.561890 	103.947105 	52.153618 	56.089214 	87.920418 	37.107952 	32.015621 	21.095022 	18.000000 	21.377558 	20.396078 	18.110771 	14.142136 	17.262676 	16.124516 	12.165525 	14.142136 	13.152946 	27.784887 	12.165525 	9.219544 	36.619667 	22.203604 	22.803509 	31.827662 	28.284271 	29.698484 	33.941124 	41.725292 	999.000000 	27.018513 	30.000000 	32.802441 	32.202484 	35.227829 	20.880613 	17.117243 	27.073973 	
56.044624 	60.827625 	44.654228 	41.868843 	41.880783 	66.030296 	38.832977 	38.209946 	38.418747 	63.071388 	96.690224 	33.301651 	58.008621 	34.176014 	39.319206 	57.384666 	74.464760 	64.845970 	86.284416 	65.924202 	49.678970 	66.483078 	22.472204 	55.362442 	23.345236 	21.023796 	17.464249 	17.262676 	19.026299 	23.194826 	18.000000 	19.026299 	23.537205 	38.078865 	19.416489 	9.899495 	19.646883 	33.541019 	13.000000 	8.062258 	7.071068 	6.082763 	3.162278 	4.000000 	7.615773 	15.264338 	27.018513 	999.000000 	3.162278 	5.830952 	5.385165 	8.544003 	11.045361 	15.524175 	16.155495 	
58.694122 	63.639610 	45.607018 	43.139309 	42.801868 	65.192024 	40.816662 	39.623226 	39.623226 	66.121101 	99.824844 	35.000000 	57.035076 	36.687874 	42.190044 	59.033890 	74.330345 	67.446274 	85.586212 	68.731361 	50.931328 	65.192024 	23.430750 	58.523499 	26.172504 	24.000000 	20.223749 	20.099751 	22.000000 	26.305893 	21.023796 	22.090721 	26.683329 	41.231056 	22.561028 	11.661903 	22.803509 	36.674240 	12.369317 	11.000000 	10.000000 	5.385165 	4.472136 	4.242640 	6.000000 	13.000000 	30.000000 	3.162278 	999.000000 	2.828427 	2.236068 	5.385165 	12.649111 	17.464249 	16.278820 	
60.207973 	65.375839 	45.343136 	43.185646 	42.520584 	63.387695 	41.593269 	39.824615 	39.623226 	68.264191 	102.181213 	35.510563 	55.145264 	38.078865 	44.045429 	59.405388 	73.054771 	68.883957 	83.862984 	70.455658 	50.931328 	63.071388 	23.345236 	61.032780 	28.017851 	26.076809 	22.022715 	22.000000 	24.083189 	28.635643 	23.194826 	24.331051 	29.120440 	43.863426 	25.000000 	12.649111 	25.298222 	39.357338 	11.180340 	13.152946 	12.165525 	5.000000 	6.000000 	5.099020 	4.472136 	10.440307 	32.802441 	5.830952 	2.828427 	999.000000 	1.000000 	3.000000 	15.231546 	20.124611 	18.027756 	
60.415230 	65.490456 	46.097721 	43.863426 	43.278172 	64.381676 	42.059483 	40.459858 	40.311287 	68.183578 	101.980392 	36.055511 	56.142673 	38.327538 	44.102154 	60.000000 	74.000000 	69.123077 	84.852814 	70.576202 	51.623638 	64.070274 	24.041630 	60.728905 	28.071337 	26.019224 	22.090721 	22.022715 	24.020824 	28.442924 	23.086792 	24.186773 	28.861740 	43.462627 	24.738634 	13.000000 	25.000000 	38.910152 	12.083046 	13.038404 	12.041595 	5.656854 	6.082763 	5.385165 	5.385165 	11.401754 	32.202484 	5.385165 	2.236068 	1.000000 	999.000000 	3.162278 	14.317822 	19.235384 	17.029387 	
63.150612 	68.359344 	47.381432 	45.453274 	44.553337 	63.788715 	44.283180 	42.201897 	41.868843 	71.253067 	105.118980 	38.078865 	55.443665 	41.000000 	47.042534 	61.854668 	74.094536 	71.805290 	84.344528 	73.437050 	53.150730 	63.000000 	25.612497 	63.890530 	31.016125 	29.068884 	25.019993 	25.000000 	27.073973 	31.575306 	26.172504 	27.294687 	32.015621 	46.615448 	27.892651 	15.524175 	28.160255 	42.047592 	12.806249 	16.124516 	15.132746 	7.615773 	9.000000 	8.062258 	6.403124 	10.000000 	35.227829 	8.544003 	5.385165 	3.000000 	3.162278 	999.000000 	16.643316 	21.633308 	18.110771 	
59.033890 	62.625874 	53.665630 	50.249378 	50.990196 	77.006493 	45.276924 	46.324940 	47.010635 	62.514000 	94.260277 	40.804413 	69.028976 	38.600517 	41.231056 	64.536812 	84.929382 	67.977936 	97.185387 	67.675697 	57.982758 	77.524193 	31.953091 	52.239830 	26.627054 	23.323807 	21.931713 	21.260292 	21.633308 	23.409399 	20.248457 	20.591261 	22.803509 	34.234486 	19.313208 	18.973665 	18.973665 	29.274563 	24.020824 	13.892444 	13.416408 	17.117243 	14.000000 	15.033297 	18.439089 	25.632011 	20.880613 	11.045361 	12.649111 	15.231546 	14.317822 	16.643316 	999.000000 	5.000000 	8.062258 	
58.309521 	61.326992 	56.080299 	52.325901 	53.488316 	81.024689 	46.400433 	48.301140 	49.244289 	60.207973 	91.049438 	42.544094 	73.171036 	38.897301 	40.311287 	65.802734 	88.283630 	67.230942 	101.044548 	66.309875 	59.941639 	81.884064 	34.928497 	49.010204 	26.870058 	23.345236 	23.021729 	22.203604 	21.931713 	22.472204 	20.518284 	20.518284 	21.470911 	31.000000 	18.601076 	22.203604 	18.027756 	26.000000 	28.284271 	16.492422 	16.278820 	21.587032 	18.248287 	19.416489 	23.086792 	30.463093 	17.117243 	15.524175 	17.464249 	20.124611 	19.235384 	21.633308 	5.000000 	999.000000 	10.000000 	
67.082039 	70.576202 	60.539242 	57.428215 	57.801384 	81.394104 	53.037724 	53.600372 	54.083271 	70.035706 	101.044548 	48.270073 	73.171036 	46.615448 	49.244289 	72.180328 	90.520714 	76.026314 	101.833199 	75.610847 	65.215027 	81.024689 	38.470768 	59.008472 	34.669872 	31.384710 	29.832869 	29.206163 	29.681644 	31.384710 	28.301943 	28.653097 	30.675724 	41.000000 	27.313000 	25.553865 	26.925823 	36.000000 	28.635643 	21.260292 	20.615528 	21.587032 	19.313208 	19.924858 	22.203604 	28.071337 	27.073973 	16.155495 	16.278820 	18.027756 	17.029387 	18.110771 	8.062258 	10.000000 	999.000000 	

Travel time:
9.000000 	0.195256 	0.910014 	0.797653 	0.922293 	1.820886 	0.577170 	0.771767 	0.838525 	0.503115 	1.315770 	0.745822 	1.745351 	0.555090 	0.450694 	0.637377 	1.672199 	0.223607 	2.128673 	0.292617 	0.795692 	2.007019 	1.054751 	0.775403 	0.822344 	0.896172 	0.965013 	0.972432 	0.942404 	0.896172 	0.975000 	0.962094 	0.922293 	0.887764 	0.995615 	1.191900 	1.007782 	0.960469 	1.350926 	1.202081 	1.226020 	1.393287 	1.358538 	1.377725 	1.438967 	1.550806 	1.149184 	1.401116 	1.467353 	1.505199 	1.510381 	1.578765 	1.475847 	1.457738 	1.677051 	
0.195256 	9.000000 	1.105102 	0.991527 	1.116356 	2.015564 	0.761577 	0.961769 	1.029563 	0.333542 	1.120547 	0.925000 	1.940522 	0.701783 	0.539676 	0.818917 	1.858259 	0.230489 	2.316382 	0.127475 	0.989950 	2.202271 	1.220912 	0.673146 	0.937083 	1.000625 	1.085415 	1.089151 	1.049405 	0.980434 	1.079352 	1.061249 	0.998123 	0.883883 	1.083109 	1.327121 	1.091444 	0.976281 	1.501874 	1.319327 	1.343968 	1.528275 	1.485345 	1.507481 	1.576785 	1.701654 	1.185854 	1.520691 	1.590990 	1.634396 	1.637261 	1.708984 	1.565647 	1.533175 	1.764405 	
0.910014 	1.105102 	9.000000 	0.134629 	0.070711 	0.925338 	0.413824 	0.226385 	0.176777 	1.379311 	2.225562 	0.375000 	0.835539 	0.649038 	0.873212 	0.450694 	0.887764 	1.028652 	1.305038 	1.192686 	0.176777 	1.098294 	0.555090 	1.498541 	0.826514 	0.905539 	0.848896 	0.873212 	0.912414 	1.001249 	0.941409 	0.961769 	1.051190 	1.323820 	1.035918 	0.874643 	1.060660 	1.305996 	0.866386 	0.995301 	1.006231 	1.011496 	1.040433 	1.035012 	1.025914 	1.020110 	1.353699 	1.116356 	1.140175 	1.133578 	1.152443 	1.184536 	1.341641 	1.402007 	1.513481 	
0.797653 	0.991527 	0.134629 	9.000000 	0.125000 	1.055047 	0.279509 	0.103078 	0.090139 	1.255239 	2.110095 	0.254951 	0.955249 	0.515388 	0.738664 	0.427200 	1.019804 	0.933408 	1.439618 	1.085415 	0.195256 	1.219887 	0.496236 	1.364734 	0.707107 	0.789383 	0.743303 	0.766893 	0.800391 	0.880696 	0.831038 	0.848896 	0.930390 	1.191900 	0.921954 	0.800391 	0.946375 	1.177391 	0.825379 	0.908983 	0.922293 	0.955249 	0.973717 	0.972432 	0.976281 	0.995615 	1.234150 	1.046721 	1.078483 	1.079641 	1.096586 	1.136332 	1.256234 	1.308148 	1.435705 	
0.922293 	1.116356 	0.070711 	0.125000 	9.000000 	0.936082 	0.395285 	0.190394 	0.127475 	1.379311 	2.235090 	0.328824 	0.831038 	0.617454 	0.850000 	0.505594 	0.930390 	1.053862 	1.336273 	1.209339 	0.237171 	1.096016 	0.485412 	1.479231 	0.775000 	0.851469 	0.789383 	0.813941 	0.855862 	0.950000 	0.883883 	0.905539 	1.000000 	1.285496 	0.980115 	0.806226 	1.004987 	1.262191 	0.795692 	0.929045 	0.939415 	0.941076 	0.970824 	0.965013 	0.955249 	0.950329 	1.300961 	1.047020 	1.070047 	1.063015 	1.081954 	1.113833 	1.274755 	1.337208 	1.445035 	
1.820886 	2.015564 	0.925338 	1.055047 	0.936082 	9.000000 	1.331353 	1.123610 	1.054751 	2.302444 	3.132990 	1.241219 	0.213600 	1.544345 	1.783606 	1.241219 	0.450694 	1.905420 	0.515388 	2.090753 	1.025914 	0.250000 	1.201301 	2.414151 	1.636498 	1.693000 	1.594718 	1.619027 	1.679658 	1.803122 	1.697793 	1.728077 	1.851013 	2.186607 	1.800868 	1.480287 	1.825171 	2.142574 	1.325943 	1.631908 	1.629801 	1.501874 	1.575198 	1.550806 	1.480287 	1.348379 	2.128673 	1.650757 	1.629801 	1.584692 	1.609542 	1.594718 	1.925162 	2.025617 	2.034853 	
0.577170 	0.761577 	0.413824 	0.279509 	0.395285 	1.331353 	9.000000 	0.212132 	0.282843 	0.995615 	1.865643 	0.175000 	1.220912 	0.250000 	0.459619 	0.485412 	1.291559 	0.753741 	1.717738 	0.869626 	0.400000 	1.486607 	0.505594 	1.085415 	0.503115 	0.592663 	0.585769 	0.605186 	0.617454 	0.664266 	0.651920 	0.660492 	0.711512 	0.928036 	0.726722 	0.728869 	0.749166 	0.926350 	0.831038 	0.797261 	0.816241 	0.916856 	0.908983 	0.917878 	0.951972 	1.025000 	1.013040 	0.970824 	1.020416 	1.039832 	1.051487 	1.107080 	1.131923 	1.160011 	1.325943 	
0.771767 	0.961769 	0.226385 	0.103078 	0.190394 	1.123610 	0.212132 	9.000000 	0.070711 	1.206752 	2.073192 	0.152069 	1.009022 	0.427200 	0.660492 	0.493077 	1.113833 	0.927699 	1.525820 	1.063602 	0.291548 	1.274755 	0.416083 	1.290591 	0.604669 	0.686477 	0.640800 	0.664266 	0.697316 	0.778621 	0.728011 	0.745822 	0.828402 	1.098294 	0.818917 	0.707990 	0.843356 	1.079641 	0.750417 	0.811249 	0.825379 	0.870704 	0.883883 	0.884590 	0.895126 	0.929045 	1.131923 	0.955249 	0.990581 	0.995615 	1.011496 	1.055047 	1.158123 	1.207528 	1.340009 	
0.838525 	1.029563 	0.176777 	0.090139 	0.127475 	1.054751 	0.282843 	0.070711 	9.000000 	1.277204 	2.142574 	0.201556 	0.938416 	0.492443 	0.728869 	0.515388 	1.057414 	0.989002 	1.463087 	1.129712 	0.282843 	1.204159 	0.406971 	1.359458 	0.650481 	0.728869 	0.673146 	0.697316 	0.735697 	0.825379 	0.764853 	0.785016 	0.875357 	1.158123 	0.859142 	0.715017 	0.883883 	1.134956 	0.735272 	0.828025 	0.840387 	0.866386 	0.886707 	0.884590 	0.886707 	0.905883 	1.177391 	0.960469 	0.990581 	0.990581 	1.007782 	1.046721 	1.175266 	1.231107 	1.352082 	
0.503115 	0.333542 	1.379311 	1.255239 	1.379311 	2.302444 	0.995615 	1.206752 	1.277204 	9.000000 	0.883530 	1.137157 	2.210345 	0.860959 	0.632456 	1.140449 	2.173850 	0.550568 	2.628807 	0.353553 	1.285010 	2.475126 	1.388569 	0.410031 	1.015197 	1.054751 	1.163239 	1.159741 	1.104536 	1.000000 	1.127497 	1.101136 	1.001249 	0.761577 	1.100284 	1.422146 	1.101136 	0.877853 	1.625000 	1.378632 	1.403567 	1.615743 	1.557241 	1.584692 	1.668832 	1.819512 	1.106797 	1.576785 	1.653028 	1.706605 	1.704589 	1.781327 	1.562850 	1.505199 	1.750893 	
1.315770 	1.120547 	2.225562 	2.110095 	2.235090 	3.132990 	1.865643 	2.073192 	2.142574 	0.883530 	9.000000 	2.015564 	3.061046 	1.744456 	1.513481 	1.910497 	2.944911 	1.239455 	3.405877 	1.043132 	2.107279 	3.322744 	2.271838 	1.051190 	1.882153 	1.910007 	2.026080 	2.019437 	1.958475 	1.838648 	1.976898 	1.946953 	1.829105 	1.501874 	1.931968 	2.287056 	1.927596 	1.626730 	2.498250 	2.226264 	2.250694 	2.473863 	2.407930 	2.437852 	2.528463 	2.689098 	1.850169 	2.417256 	2.495621 	2.554530 	2.549510 	2.627975 	2.356507 	2.276236 	2.526114 	
0.745822 	0.925000 	0.375000 	0.254951 	0.328824 	1.241219 	0.175000 	0.152069 	0.201556 	1.137157 	2.015564 	9.000000 	1.110180 	0.305164 	0.550568 	0.602080 	1.258968 	0.928036 	1.662077 	1.037123 	0.436606 	1.375000 	0.333542 	1.180042 	0.452769 	0.534439 	0.492443 	0.515388 	0.546008 	0.626997 	0.577170 	0.594243 	0.676849 	0.958188 	0.667083 	0.585769 	0.691466 	0.933408 	0.664266 	0.675463 	0.691466 	0.763217 	0.765261 	0.770146 	0.794119 	0.855132 	0.980115 	0.832541 	0.875000 	0.887764 	0.901388 	0.951972 	1.020110 	1.063602 	1.206752 	
