Total assets = 566
Number of asset nodes = 33

Distance:
999.000000 	59.059292 	83.234612 	101.044548 	53.851646 	16.492422 	79.259071 	12.806249 	85.755463 	86.833176 	16.124516 	87.709747 	48.662102 	50.803543 	83.630135 	101.178062 	110.535065 	3.605551 	27.294687 	46.270943 	88.119240 	58.463665 	73.736015 	79.309517 	88.102211 	86.330757 	52.345009 	87.235313 	80.777473 	72.422371 	56.435802 	51.039200 	144.256714 	56.142673 	39.698868 	53.000000 	60.133186 	30.413813 	66.610809 	60.074955 	58.008621 	57.000000 	99.403221 	85.726311 	30.149628 	128.140549 	66.030296 	124.867928 	38.418747 	76.531036 	84.528099 	109.772491 	
59.059292 	999.000000 	25.612497 	44.204071 	8.246211 	48.166378 	20.248457 	55.317268 	27.018513 	27.784887 	66.603302 	28.653097 	20.396078 	19.104973 	24.698177 	49.040798 	58.872746 	55.901699 	31.764761 	23.769728 	29.068884 	15.811388 	17.117243 	21.213203 	29.154760 	27.513634 	22.000000 	28.460499 	23.086792 	18.027756 	21.377558 	26.019224 	89.050545 	24.331051 	97.200821 	28.017851 	25.298222 	57.454330 	23.600847 	26.248810 	27.658634 	28.442924 	40.804413 	30.149628 	75.927597 	69.656296 	29.529646 	66.030296 	56.462376 	30.610456 	33.241539 	51.244511 	
83.234612 	25.612497 	999.000000 	18.601076 	33.286633 	73.539108 	9.055386 	80.622574 	5.830952 	10.000000 	91.934761 	10.816654 	44.721359 	42.953465 	13.038404 	26.019224 	35.355339 	79.881165 	56.222771 	48.301140 	12.206555 	36.687874 	22.022715 	17.720045 	14.212670 	14.866069 	44.944408 	15.556349 	19.313208 	26.019224 	42.720020 	49.040798 	63.513779 	45.607018 	122.147453 	50.289165 	44.721359 	82.927681 	39.051247 	45.705578 	48.052055 	49.244289 	24.351591 	26.925823 	101.533249 	44.944408 	46.043457 	42.047592 	81.412529 	39.812057 	35.341194 	33.376640 	
101.044548 	44.204071 	18.601076 	999.000000 	51.865211 	91.967384 	26.000000 	99.005051 	18.973665 	21.213203 	110.317726 	21.095022 	63.134777 	61.294373 	26.305893 	14.866069 	20.880613 	97.616600 	74.330345 	66.730804 	22.022715 	54.625999 	38.327538 	32.557640 	24.000000 	26.019224 	63.071388 	26.000000 	33.241539 	42.201897 	60.539242 	67.119293 	44.944408 	63.324562 	140.264038 	68.154236 	61.983868 	101.513542 	55.542778 	62.936478 	65.459915 	66.730804 	25.942244 	38.118237 	120.104118 	28.460499 	62.369865 	27.166155 	99.849884 	54.083271 	47.169907 	29.732138 	
53.851646 	8.246211 	33.286633 	51.865211 	999.000000 	41.617306 	26.870058 	48.826221 	33.970577 	34.058773 	60.000000 	34.828148 	12.165525 	11.000000 	30.232433 	57.245087 	67.067131 	50.921509 	26.925823 	15.524175 	35.000000 	9.899495 	19.924858 	25.495098 	34.669872 	32.756680 	14.142136 	33.615471 	26.925823 	19.104973 	14.317822 	18.027756 	96.798759 	17.088007 	90.972527 	20.223749 	18.867962 	49.648766 	19.416489 	19.723083 	20.615528 	21.189621 	45.617977 	32.388271 	68.622154 	76.419891 	24.083189 	72.470680 	48.332184 	28.231188 	33.241539 	55.946404 	
16.492422 	48.166378 	73.539108 	91.967384 	41.617306 	999.000000 	68.249542 	7.211102 	75.166481 	75.604233 	18.439089 	76.400261 	34.176014 	36.400551 	71.847061 	94.302704 	104.009613 	15.652476 	18.788294 	31.320919 	76.609398 	44.384682 	60.901562 	66.887962 	76.275818 	74.330345 	37.363083 	75.166481 	68.095520 	59.033890 	41.484936 	35.510563 	136.359818 	40.792156 	49.396355 	37.215588 	44.721359 	18.027756 	51.662365 	44.553337 	42.296574 	41.194660 	86.954010 	72.090218 	29.068884 	117.796432 	50.358715 	114.017540 	24.413111 	61.392181 	69.921387 	97.128784 	
79.259071 	20.248457 	9.055386 	26.000000 	26.870058 	68.249542 	999.000000 	75.432091 	7.211102 	7.615773 	86.683334 	8.544003 	37.443291 	35.510563 	6.324555 	35.000000 	44.181442 	76.059189 	51.971146 	41.048752 	9.219544 	28.635643 	13.000000 	8.944272 	10.000000 	9.219544 	37.121422 	10.198039 	10.816654 	17.000000 	34.539833 	41.146080 	70.710678 	37.336308 	117.413795 	42.154476 	36.138622 	76.216797 	30.149628 	37.107952 	39.560081 	40.804413 	22.022715 	19.104973 	95.482986 	49.578220 	37.121422 	45.803928 	74.094536 	30.805843 	26.925823 	32.249031 	
12.806249 	55.317268 	80.622574 	99.005051 	48.826221 	7.211102 	75.432091 	999.000000 	82.328613 	82.800964 	11.313708 	83.600243 	41.231056 	43.462627 	79.056938 	101.019798 	110.679718 	13.601471 	25.238859 	38.275318 	83.815269 	51.478149 	68.095520 	74.094536 	83.486526 	81.541397 	44.271889 	82.377182 	75.292763 	66.189125 	48.383881 	42.201897 	143.282944 	47.539455 	42.190044 	43.737854 	51.419842 	17.691807 	58.523499 	51.195702 	48.836460 	47.675991 	94.154129 	79.202271 	23.086792 	124.963997 	56.885849 	121.210564 	25.612497 	68.154236 	76.843994 	104.316826 	
85.755463 	27.018513 	5.830952 	18.973665 	33.970577 	75.166481 	7.211102 	82.328613 	999.000000 	4.242640 	93.605553 	5.000000 	44.654228 	42.720020 	8.246211 	29.274563 	38.000000 	82.492424 	58.523499 	48.259712 	6.403124 	35.777088 	19.416489 	14.000000 	8.485281 	9.433981 	44.294468 	10.000000 	15.132746 	23.345236 	41.629318 	48.301140 	63.529522 	44.384682 	124.201447 	49.244289 	43.011627 	83.408630 	36.674240 	43.965897 	46.486557 	47.759815 	18.681541 	21.931713 	102.591423 	42.638012 	43.566040 	39.115215 	81.301903 	36.124783 	30.675724 	28.071337 	
86.833176 	27.784887 	10.000000 	21.213203 	34.058773 	75.604233 	7.615773 	82.800964 	4.242640 	999.000000 	94.021271 	1.000000 	44.045429 	42.011902 	5.099020 	32.756680 	41.109608 	83.648071 	59.539902 	47.634022 	2.236068 	34.669872 	17.464249 	11.401754 	4.242640 	5.385165 	43.266617 	5.830952 	12.041595 	21.189621 	40.311287 	47.169907 	64.884514 	42.941822 	124.851913 	47.885281 	41.231056 	82.975899 	34.481880 	42.154476 	44.777225 	46.097721 	15.132746 	18.027756 	102.532921 	42.426407 	41.231056 	38.418747 	80.448738 	33.000000 	26.925823 	25.019993 	
16.124516 	66.603302 	91.934761 	110.317726 	60.000000 	18.439089 	86.683334 	11.313708 	93.605553 	94.021271 	999.000000 	94.810333 	51.884487 	54.120235 	90.210861 	112.200714 	121.827744 	19.000000 	36.400551 	48.754486 	95.000000 	62.177166 	79.075912 	85.146935 	94.625580 	92.655273 	54.625999 	93.477272 	86.284416 	77.025970 	58.694122 	52.201534 	154.563904 	57.584721 	31.304953 	53.450912 	61.351448 	20.615528 	68.709534 	61.032780 	58.523499 	57.280014 	105.152267 	89.894379 	14.035668 	136.235092 	66.483078 	132.438660 	29.120440 	78.108902 	87.091904 	115.247559 	
87.709747 	28.653097 	10.816654 	21.095022 	34.828148 	76.400261 	8.544003 	83.600243 	5.000000 	1.000000 	94.810333 	999.000000 	44.687805 	42.638012 	5.385165 	32.984844 	41.194660 	84.534019 	60.415230 	48.270073 	1.414214 	35.227829 	17.888544 	11.704700 	3.605551 	5.099020 	43.829212 	5.385165 	12.165525 	21.540659 	40.816662 	47.707443 	64.474800 	43.416588 	125.670204 	48.373547 	41.629318 	83.630135 	34.785053 	42.544094 	45.188496 	46.518814 	14.142136 	17.720045 	103.247276 	41.725292 	41.484936 	37.643059 	81.024689 	33.015148 	26.683329 	24.020824 	
48.662102 	20.396078 	44.721359 	63.134777 	12.165525 	34.176014 	37.443291 	41.231056 	44.654228 	44.045429 	51.884487 	44.687805 	999.000000 	2.236068 	39.623226 	69.260376 	79.056938 	46.270943 	24.515301 	3.605551 	44.598206 	10.295630 	27.658634 	33.970577 	43.840622 	41.725292 	4.472136 	42.449970 	34.828148 	25.238859 	8.062258 	6.708204 	108.046288 	8.944272 	83.186539 	9.433981 	12.649111 	38.948685 	18.027756 	13.000000 	12.206555 	12.041595 	53.600372 	38.013157 	58.898216 	86.371292 	18.973665 	82.024384 	36.715118 	28.017851 	35.902645 	63.513779 	
50.803543 	19.104973 	42.953465 	61.294373 	11.000000 	36.400551 	35.510563 	43.462627 	42.720020 	42.011902 	54.120235 	42.638012 	2.236068 	999.000000 	37.536648 	67.720009 	77.491936 	48.373547 	26.305893 	5.656854 	42.520584 	8.062258 	25.495098 	31.827662 	41.725292 	39.597980 	3.605551 	40.311287 	32.649654 	23.021729 	6.324555 	7.071068 	106.174385 	7.810250 	85.422478 	9.486833 	11.180340 	41.036568 	16.000000 	11.661903 	11.313708 	11.401754 	51.400391 	35.777088 	61.073727 	84.291161 	17.464249 	79.906197 	38.587563 	26.000000 	33.734257 	61.294373 	
83.630135 	24.698177 	13.038404 	26.305893 	30.232433 	71.847061 	6.324555 	79.056938 	8.246211 	5.099020 	90.210861 	5.385165 	39.623226 	37.536648 	999.000000 	37.483330 	46.043457 	80.529495 	56.364883 	43.185646 	5.000000 	30.000000 	12.529964 	6.324555 	4.472136 	3.000000 	38.600517 	4.000000 	7.000000 	16.155495 	35.510563 	42.438190 	69.856995 	38.078865 	121.202309 	43.046486 	36.249138 	78.568443 	29.410883 	37.161808 	39.812057 	41.146080 	16.278820 	13.892444 	98.351410 	46.754681 	36.138622 	42.449970 	75.802376 	28.017851 	22.472204 	26.683329 	
101.178062 	49.040798 	26.019224 	14.866069 	57.245087 	94.302704 	35.000000 	101.019798 	29.274563 	32.756680 	112.200714 	32.984844 	69.260376 	67.720009 	37.483330 	999.000000 	9.848858 	97.621719 	75.802376 	72.732384 	34.205261 	62.169125 	48.000000 	43.185646 	36.400551 	38.078865 	70.092796 	38.327538 	44.407207 	52.000000 	68.249542 	74.215904 	43.416588 	71.196907 	140.858078 	75.709976 	70.576202 	105.990562 	65.069191 	71.568146 	73.824112 	74.966660 	40.496914 	50.695168 	123.174675 	37.054016 	72.062469 	37.854988 	105.475113 	65.375839 	59.665737 	44.553337 	
110.535065 	58.872746 	35.355339 	20.880613 	67.067131 	104.009613 	44.181442 	110.679718 	38.000000 	41.109608 	121.827744 	41.194660 	79.056938 	77.491936 	46.043457 	9.848858 	999.000000 	106.962608 	85.445892 	82.540901 	42.296574 	71.805290 	57.140179 	52.000000 	44.407207 	46.270943 	79.812279 	46.389652 	53.037724 	61.131008 	77.878113 	83.934502 	34.985710 	80.808418 	150.233154 	85.375641 	80.062477 	115.831772 	74.330345 	81.049370 	83.360664 	84.528099 	46.615448 	58.694122 	132.924789 	34.785053 	81.301903 	37.121422 	115.316956 	74.060783 	67.742157 	48.826221 	
3.605551 	55.901699 	79.881165 	97.616600 	50.921509 	15.652476 	76.059189 	13.601471 	82.492424 	83.648071 	19.000000 	84.534019 	46.270943 	48.373547 	80.529495 	97.621719 	106.962608 	999.000000 	24.166092 	44.045429 	84.970581 	55.901699 	70.837845 	76.321686 	85.000000 	83.258636 	50.089920 	84.172440 	77.833153 	69.641945 	54.147945 	49.010204 	140.730240 	54.009258 	43.278172 	51.088158 	58.008621 	31.240999 	64.280632 	58.000000 	56.035702 	55.081757 	96.384644 	82.969872 	33.015148 	124.807854 	64.007812 	121.593582 	38.897301 	74.242844 	82.036575 	106.775467 	
27.294687 	31.764761 	56.222771 	74.330345 	26.925823 	18.788294 	51.971146 	25.238859 	58.523499 	59.539902 	36.400551 	60.415230 	24.515301 	26.305893 	56.364883 	75.802376 	85.445892 	24.166092 	999.000000 	23.409399 	60.827625 	33.000000 	46.840153 	52.201534 	60.835846 	59.093147 	28.861740 	60.008331 	53.758720 	45.891174 	32.557640 	29.154760 	118.258194 	33.241539 	65.946945 	31.780497 	37.107952 	34.058773 	42.190044 	37.363083 	36.055511 	35.468296 	72.235725 	59.228371 	47.853943 	101.019798 	43.416588 	97.637085 	37.483330 	52.153618 	59.076221 	82.637764 	
46.270943 	23.769728 	48.301140 	66.730804 	15.524175 	31.320919 	41.048752 	38.275318 	48.259712 	47.634022 	48.754486 	48.270073 	3.605551 	5.656854 	43.185646 	72.732384 	82.540901 	44.045429 	23.409399 	999.000000 	48.166378 	13.601471 	31.144823 	37.483330 	47.381432 	45.254833 	6.082763 	45.967381 	38.288380 	28.600698 	10.198039 	5.830952 	111.646767 	10.049875 	80.056229 	8.602325 	14.035668 	35.383614 	20.396078 	14.142136 	12.649111 	12.083046 	57.008770 	41.182522 	55.443665 	89.938866 	20.223749 	85.562843 	33.120991 	30.265491 	38.600517 	66.850578 	
88.119240 	29.068884 	12.206555 	22.022715 	35.000000 	76.609398 	9.219544 	83.815269 	6.403124 	2.236068 	95.000000 	1.414214 	44.598206 	42.520584 	5.000000 	34.205261 	42.296574 	84.970581 	60.827625 	48.166378 	999.000000 	35.000000 	17.492855 	11.180340 	2.236068 	4.000000 	43.600460 	4.123106 	11.401754 	21.023796 	40.496914 	47.434166 	65.000000 	43.046486 	125.924583 	48.020828 	41.146080 	83.546394 	34.176014 	42.047592 	44.721359 	46.065170 	13.038404 	16.492422 	103.276329 	41.773197 	40.804413 	37.536648 	80.802231 	32.062439 	25.495098 	23.086792 	
58.463665 	15.811388 	36.687874 	54.625999 	9.899495 	44.384682 	28.635643 	51.478149 	35.777088 	34.669872 	62.177166 	35.227829 	10.295630 	8.062258 	30.000000 	62.169125 	71.805290 	55.901699 	33.000000 	13.601471 	35.000000 	999.000000 	17.691807 	24.083189 	34.058773 	31.890438 	8.602325 	32.557640 	24.758837 	15.000000 	6.082763 	12.529964 	99.297531 	9.055386 	93.477272 	13.601471 	9.486833 	48.795490 	9.848858 	10.440307 	12.041595 	13.000000 	43.416588 	27.730848 	69.028976 	76.694199 	14.212670 	72.180328 	45.803928 	19.416489 	26.172504 	53.254108 	
73.736015 	17.117243 	22.022715 	38.327538 	19.924858 	60.901562 	13.000000 	68.095520 	19.416489 	17.464249 	79.075912 	17.888544 	27.658634 	25.495098 	12.529964 	48.000000 	57.140179 	70.837845 	46.840153 	31.144823 	17.492855 	17.691807 	999.000000 	6.403124 	16.401220 	14.212670 	26.248810 	14.866069 	7.211102 	4.000000 	23.021729 	30.000000 	82.346825 	25.553865 	110.276924 	30.528675 	23.769728 	66.468040 	17.262676 	24.698177 	27.313000 	28.635643 	26.076809 	13.038404 	86.556343 	59.033890 	24.186773 	54.488529 	63.411354 	18.384777 	17.204651 	36.235340 	
79.309517 	21.213203 	17.720045 	32.557640 	25.495098 	66.887962 	8.944272 	74.094536 	14.000000 	11.401754 	85.146935 	11.704700 	33.970577 	31.827662 	6.324555 	43.185646 	52.000000 	76.321686 	52.201534 	37.483330 	11.180340 	24.083189 	6.403124 	999.000000 	10.000000 	7.810250 	32.649654 	8.485281 	2.236068 	9.848858 	29.410883 	36.400551 	76.157730 	31.906113 	116.284134 	36.891735 	29.966648 	72.835434 	23.086792 	30.870699 	33.541019 	34.885529 	20.124611 	10.816654 	92.849342 	52.630791 	29.832869 	48.104053 	69.814041 	22.203604 	18.027756 	30.463093 	
88.102211 	29.154760 	14.212670 	24.000000 	34.669872 	76.275818 	10.000000 	83.486526 	8.485281 	4.242640 	94.625580 	3.605551 	43.840622 	41.725292 	4.472136 	36.400551 	44.407207 	85.000000 	60.835846 	47.381432 	2.236068 	34.058773 	16.401220 	10.000000 	999.000000 	2.236068 	42.638012 	2.000000 	9.848858 	19.723083 	39.408119 	46.400433 	66.483078 	41.880783 	125.642349 	46.872166 	39.824615 	82.758682 	32.695564 	40.706264 	43.416588 	44.777225 	12.041595 	14.317822 	102.649887 	42.638012 	39.217342 	38.183765 	79.812279 	30.149628 	23.345236 	22.360680 	
86.330757 	27.513634 	14.866069 	26.019224 	32.756680 	74.330345 	9.219544 	81.541397 	9.433981 	5.385165 	92.655273 	5.099020 	41.725292 	39.597980 	3.000000 	38.078865 	46.270943 	83.258636 	59.093147 	45.254833 	4.000000 	31.890438 	14.212670 	7.810250 	2.236068 	999.000000 	40.459858 	1.000000 	7.615773 	17.492855 	37.202152 	44.204071 	68.709534 	39.661064 	123.713379 	44.654228 	37.589893 	80.622574 	30.463093 	38.470768 	41.182522 	42.544094 	13.341664 	12.649111 	100.568382 	44.821869 	37.000000 	40.311287 	77.620872 	28.071337 	21.587032 	23.769728 	
52.345009 	22.000000 	44.944408 	63.071388 	14.142136 	37.363083 	37.121422 	44.271889 	44.294468 	43.266617 	54.625999 	43.829212 	4.472136 	3.605551 	38.600517 	70.092796 	79.812279 	50.089920 	28.861740 	6.082763 	43.600460 	8.602325 	26.248810 	32.649654 	42.638012 	40.459858 	999.000000 	41.109608 	33.241539 	23.345236 	4.123106 	4.123106 	107.823929 	4.472136 	85.906929 	6.082763 	8.246211 	40.360870 	14.317822 	8.544003 	7.810250 	7.810250 	51.739735 	35.510563 	60.802959 	85.276024 	14.560220 	80.721741 	37.202152 	24.186773 	32.572994 	61.400326 	
87.235313 	28.460499 	15.556349 	26.000000 	33.615471 	75.166481 	10.198039 	82.377182 	10.000000 	5.830952 	93.477272 	5.385165 	42.449970 	40.311287 	4.000000 	38.327538 	46.389652 	84.172440 	60.008331 	45.967381 	4.123106 	32.557640 	14.866069 	8.485281 	2.000000 	1.000000 	41.109608 	999.000000 	8.062258 	18.027756 	37.802116 	44.821869 	68.352028 	40.224369 	124.555206 	45.221676 	38.078865 	81.320351 	30.870699 	38.948685 	41.677334 	43.046486 	12.369317 	12.369317 	101.316338 	44.204071 	37.336308 	39.623226 	78.243210 	28.160255 	21.377558 	22.803509 	
80.777473 	23.086792 	19.313208 	33.241539 	26.925823 	68.095520 	10.816654 	75.292763 	15.132746 	12.041595 	86.284416 	12.165525 	34.828148 	32.649654 	7.000000 	44.407207 	53.037724 	77.833153 	53.758720 	38.288380 	11.401754 	24.758837 	7.211102 	2.236068 	9.848858 	7.615773 	33.241539 	8.062258 	999.000000 	10.000000 	29.832869 	36.878178 	76.321686 	32.202484 	117.477661 	37.202152 	30.016663 	73.552704 	22.847319 	30.886890 	33.615471 	34.985710 	18.867962 	8.602325 	93.723000 	52.201534 	29.410883 	47.507893 	70.292244 	21.023796 	16.124516 	29.068884 	
72.422371 	18.027756 	26.019224 	42.201897 	19.104973 	59.033890 	17.000000 	66.189125 	23.345236 	21.189621 	77.025970 	21.540659 	25.238859 	23.021729 	16.155495 	52.000000 	61.131008 	69.641945 	45.891174 	28.600698 	21.023796 	15.000000 	4.000000 	9.848858 	19.723083 	17.492855 	23.345236 	18.027756 	10.000000 	999.000000 	19.849434 	26.907248 	86.005814 	22.203604 	108.300507 	27.202942 	20.124611 	63.702435 	13.341664 	21.023796 	23.706539 	25.059929 	28.425341 	13.341664 	84.023804 	62.201286 	20.223749 	57.489128 	60.307545 	14.764823 	15.231546 	38.275318 	
56.435802 	21.377558 	42.720020 	60.539242 	14.317822 	41.484936 	34.539833 	48.383881 	41.629318 	40.311287 	58.694122 	40.816662 	8.062258 	6.324555 	35.510563 	68.249542 	77.878113 	54.147945 	32.557640 	10.198039 	40.496914 	6.082763 	23.021729 	29.410883 	39.408119 	37.202152 	4.123106 	37.802116 	29.832869 	19.849434 	999.000000 	7.071068 	105.095192 	3.000000 	89.961105 	7.615773 	5.000000 	44.045429 	10.198039 	5.656854 	6.324555 	7.071068 	48.104053 	31.622776 	64.637451 	82.006096 	11.180340 	77.336922 	40.459858 	20.099751 	28.460499 	57.628117 	
51.039200 	26.019224 	49.040798 	67.119293 	18.027756 	35.510563 	41.146080 	42.201897 	48.301140 	47.169907 	52.201534 	47.707443 	6.708204 	7.071068 	42.438190 	74.215904 	83.934502 	49.010204 	29.154760 	5.830952 	47.434166 	12.529964 	30.000000 	36.400551 	46.400433 	44.204071 	4.123106 	44.821869 	36.878178 	26.907248 	7.071068 	999.000000 	111.825760 	5.385165 	83.384651 	2.828427 	9.219544 	37.013512 	16.552946 	9.055386 	7.071068 	6.324555 	55.172459 	38.600517 	57.688820 	89.022469 	15.000000 	84.386017 	33.421551 	25.961510 	34.928497 	64.660652 	
144.256714 	89.050545 	63.513779 	44.944408 	96.798759 	136.359818 	70.710678 	143.282944 	63.529522 	64.884514 	154.563904 	64.474800 	108.046288 	106.174385 	69.856995 	43.416588 	34.985710 	140.730240 	118.258194 	111.646767 	65.000000 	99.297531 	82.346825 	76.157730 	66.483078 	68.709534 	107.823929 	68.352028 	76.321686 	86.005814 	105.095192 	111.825760 	999.000000 	107.786827 	183.853195 	112.698715 	106.103722 	146.441116 	99.161484 	107.018692 	109.658562 	110.981979 	62.169125 	78.847954 	164.805954 	29.154760 	105.688217 	35.128338 	144.754959 	95.880135 	87.321243 	58.034473 	
56.142673 	24.331051 	45.607018 	63.324562 	17.088007 	40.792156 	37.336308 	47.539455 	44.384682 	42.941822 	57.584721 	43.416588 	8.944272 	7.810250 	38.078865 	71.196907 	80.808418 	54.009258 	33.241539 	10.049875 	43.046486 	9.055386 	25.553865 	31.906113 	41.880783 	39.661064 	4.472136 	40.224369 	32.202484 	22.203604 	3.000000 	5.385165 	107.786827 	999.000000 	88.769363 	5.000000 	4.000000 	42.201897 	11.180340 	4.123106 	3.605551 	4.123106 	50.209560 	33.421551 	62.968246 	84.403793 	10.198039 	79.649231 	38.209946 	20.615528 	29.546574 	59.548298 	
39.698868 	97.200821 	122.147453 	140.264038 	90.972527 	49.396355 	117.413795 	42.190044 	124.201447 	124.851913 	31.304953 	125.670204 	83.186539 	85.422478 	121.202309 	140.858078 	150.233154 	43.278172 	65.946945 	80.056229 	125.924583 	93.477272 	110.276924 	116.284134 	125.642349 	123.713379 	85.906929 	124.555206 	117.477661 	108.300507 	89.961105 	83.384651 	183.853195 	88.769363 	999.000000 	84.504440 	92.477028 	48.836460 	99.924973 	92.114059 	89.537704 	88.255310 	136.341476 	121.198181 	29.000000 	166.817261 	97.406364 	163.217651 	56.320511 	109.201645 	118.308914 	146.485489 	
53.000000 	28.017851 	50.289165 	68.154236 	20.223749 	37.215588 	42.154476 	43.737854 	49.244289 	47.885281 	53.450912 	48.373547 	9.433981 	9.486833 	43.046486 	75.709976 	85.375641 	51.088158 	31.780497 	8.602325 	48.020828 	13.601471 	30.528675 	36.891735 	46.872166 	44.654228 	6.082763 	45.221676 	37.202152 	27.202942 	7.615773 	2.828427 	112.698715 	5.000000 	84.504440 	999.000000 	8.062258 	37.443291 	15.811388 	7.615773 	5.099020 	4.000000 	55.172459 	38.288380 	58.309521 	89.403580 	13.152946 	84.646324 	33.241539 	24.698177 	34.000000 	64.443771 	
60.133186 	25.298222 	44.721359 	61.983868 	18.867962 	44.721359 	36.138622 	51.419842 	43.011627 	41.231056 	61.351448 	41.629318 	12.649111 	11.180340 	36.249138 	70.576202 	80.062477 	58.008621 	37.107952 	14.035668 	41.146080 	9.486833 	23.769728 	29.966648 	39.824615 	37.589893 	8.246211 	38.078865 	30.016663 	20.124611 	5.000000 	9.219544 	106.103722 	4.000000 	92.477028 	8.062258 	999.000000 	45.486263 	7.810250 	1.000000 	3.605551 	5.000000 	47.507893 	30.413813 	66.370171 	82.097504 	6.324555 	77.201035 	41.036568 	16.763054 	25.942244 	56.586216 	
30.413813 	57.454330 	82.927681 	101.513542 	49.648766 	18.027756 	76.216797 	17.691807 	83.408630 	82.975899 	20.615528 	83.630135 	38.948685 	41.036568 	78.568443 	105.990562 	115.831772 	31.240999 	34.058773 	35.383614 	83.546394 	48.795490 	66.468040 	72.835434 	82.758682 	80.622574 	40.360870 	81.320351 	73.552704 	63.702435 	44.045429 	37.013512 	146.441116 	42.201897 	48.836460 	37.443291 	45.486263 	999.000000 	53.254108 	44.944408 	42.190044 	40.816662 	92.097771 	75.604233 	21.023796 	125.319588 	49.648766 	120.933868 	8.544003 	61.773781 	71.344238 	101.671036 	
66.610809 	23.600847 	39.051247 	55.542778 	19.416489 	51.662365 	30.149628 	58.523499 	36.674240 	34.481880 	68.709534 	34.785053 	18.027756 	16.000000 	29.410883 	65.069191 	74.330345 	64.280632 	42.190044 	20.396078 	34.176014 	9.848858 	17.262676 	23.086792 	32.695564 	30.463093 	14.317822 	30.870699 	22.847319 	13.341664 	10.198039 	16.552946 	99.161484 	11.180340 	99.924973 	15.811388 	7.810250 	53.254108 	999.000000 	8.485281 	11.313708 	12.727922 	39.824615 	22.627417 	74.094536 	74.625732 	7.000000 	69.634758 	48.836460 	10.000000 	18.384777 	48.795490 	
60.074955 	26.248810 	45.705578 	62.936478 	19.723083 	44.553337 	37.107952 	51.195702 	43.965897 	42.154476 	61.032780 	42.544094 	13.000000 	11.661903 	37.161808 	71.568146 	81.049370 	58.000000 	37.363083 	14.142136 	42.047592 	10.440307 	24.698177 	30.870699 	40.706264 	38.470768 	8.544003 	38.948685 	30.886890 	21.023796 	5.656854 	9.055386 	107.018692 	4.123106 	92.114059 	7.615773 	1.000000 	44.944408 	8.485281 	999.000000 	2.828427 	4.242640 	48.270073 	31.112698 	65.863495 	82.927681 	6.082763 	78.006409 	40.360870 	17.088007 	26.419689 	57.280014 	
58.008621 	27.658634 	48.052055 	65.459915 	20.615528 	42.296574 	39.560081 	48.836460 	46.486557 	44.777225 	58.523499 	45.188496 	12.206555 	11.313708 	39.812057 	73.824112 	83.360664 	56.035702 	36.055511 	12.649111 	44.721359 	12.041595 	27.313000 	33.541019 	43.416588 	41.182522 	7.810250 	41.677334 	33.615471 	23.706539 	6.324555 	7.071068 	109.658562 	3.605551 	89.537704 	5.099020 	3.605551 	42.190044 	11.313708 	2.828427 	999.000000 	1.414214 	51.088158 	33.941124 	63.134777 	85.702972 	8.062258 	80.802231 	37.536648 	19.697716 	29.154760 	60.108234 	
57.000000 	28.442924 	49.244289 	66.730804 	21.189621 	41.194660 	40.804413 	47.675991 	47.759815 	46.097721 	57.280014 	46.518814 	12.041595 	11.401754 	41.146080 	74.966660 	84.528099 	55.081757 	35.468296 	12.083046 	46.065170 	13.000000 	28.635643 	34.885529 	44.777225 	42.544094 	7.810250 	43.046486 	34.985710 	25.059929 	7.071068 	6.324555 	110.981979 	4.123106 	88.255310 	4.000000 	5.000000 	40.816662 	12.727922 	4.242640 	1.414214 	999.000000 	52.497620 	35.355339 	61.773781 	87.091904 	9.219544 	82.200974 	36.124783 	21.023796 	30.528675 	61.522354 	
99.403221 	40.804413 	24.351591 	25.942244 	45.617977 	86.954010 	22.022715 	94.154129 	18.681541 	15.132746 	105.152267 	14.142136 	53.600372 	51.400391 	16.278820 	40.496914 	46.615448 	96.384644 	72.235725 	57.008770 	13.038404 	43.416588 	26.076809 	20.124611 	12.041595 	13.341664 	51.739735 	12.369317 	18.867962 	28.425341 	48.104053 	55.172459 	62.169125 	50.209560 	136.341476 	55.172459 	47.507893 	92.097771 	39.824615 	48.270073 	51.088158 	52.497620 	999.000000 	17.492855 	112.445541 	35.341194 	45.486263 	30.016663 	88.413803 	34.438351 	25.298222 	10.440307 	
85.726311 	30.149628 	26.925823 	38.118237 	32.388271 	72.090218 	19.104973 	79.202271 	21.931713 	18.027756 	89.894379 	17.720045 	38.013157 	35.777088 	13.892444 	50.695168 	58.694122 	82.969872 	59.228371 	41.182522 	16.492422 	27.730848 	13.038404 	10.816654 	14.317822 	12.649111 	35.510563 	12.369317 	8.602325 	13.341664 	31.622776 	38.600517 	78.847954 	33.421551 	121.198181 	38.288380 	30.413813 	75.604233 	22.627417 	31.112698 	33.941124 	35.355339 	17.492855 	999.000000 	96.260063 	52.773098 	28.017851 	47.507893 	71.449280 	17.088007 	9.055386 	26.172504 	
30.149628 	75.927597 	101.533249 	120.104118 	68.622154 	29.068884 	95.482986 	23.086792 	102.591423 	102.532921 	14.035668 	103.247276 	58.898216 	61.073727 	98.351410 	123.174675 	132.924789 	33.015148 	47.853943 	55.443665 	103.276329 	69.028976 	86.556343 	92.849342 	102.649887 	100.568382 	60.802959 	101.316338 	93.723000 	84.023804 	64.637451 	57.688820 	164.805954 	62.968246 	29.000000 	58.309521 	66.370171 	21.023796 	74.094536 	65.863495 	63.134777 	61.773781 	112.445541 	96.260063 	999.000000 	144.958618 	70.661163 	140.801285 	27.658634 	82.764725 	92.282173 	122.200653 	
128.140549 	69.656296 	44.944408 	28.460499 	76.419891 	117.796432 	49.578220 	124.963997 	42.638012 	42.426407 	136.235092 	41.725292 	86.371292 	84.291161 	46.754681 	37.054016 	34.785053 	124.807854 	101.019798 	89.938866 	41.773197 	76.694199 	59.033890 	52.630791 	42.638012 	44.821869 	85.276024 	44.204071 	52.201534 	62.201286 	82.006096 	89.022469 	29.154760 	84.403793 	166.817261 	89.403580 	82.097504 	125.319588 	74.625732 	82.927681 	85.702972 	87.091904 	35.341194 	52.773098 	144.958618 	999.000000 	80.622574 	6.000000 	122.441826 	69.778221 	60.539242 	29.427877 	
66.030296 	29.529646 	46.043457 	62.369865 	24.083189 	50.358715 	37.121422 	56.885849 	43.566040 	41.231056 	66.483078 	41.484936 	18.973665 	17.464249 	36.138622 	72.062469 	81.301903 	64.007812 	43.416588 	20.223749 	40.804413 	14.212670 	24.186773 	29.832869 	39.217342 	37.000000 	14.560220 	37.336308 	29.410883 	20.223749 	11.180340 	15.000000 	105.688217 	10.198039 	97.406364 	13.152946 	6.324555 	49.648766 	7.000000 	6.082763 	8.062258 	9.219544 	45.486263 	28.017851 	70.661163 	80.622574 	999.000000 	75.471848 	44.407207 	12.206555 	22.022715 	53.907330 	
124.867928 	66.030296 	42.047592 	27.166155 	72.470680 	114.017540 	45.803928 	121.210564 	39.115215 	38.418747 	132.438660 	37.643059 	82.024384 	79.906197 	42.449970 	37.854988 	37.121422 	121.593582 	97.637085 	85.562843 	37.536648 	72.180328 	54.488529 	48.104053 	38.183765 	40.311287 	80.721741 	39.623226 	47.507893 	57.489128 	77.336922 	84.386017 	35.128338 	79.649231 	163.217651 	84.646324 	77.201035 	120.933868 	69.634758 	78.006409 	80.802231 	82.200974 	30.016663 	47.507893 	140.801285 	6.000000 	75.471848 	999.000000 	117.796432 	64.412735 	55.036350 	23.537205 	
38.418747 	56.462376 	81.412529 	99.849884 	48.332184 	24.413111 	74.094536 	25.612497 	81.301903 	80.448738 	29.120440 	81.024689 	36.715118 	38.587563 	75.802376 	105.475113 	115.316956 	38.897301 	37.483330 	33.120991 	80.802231 	45.803928 	63.411354 	69.814041 	79.812279 	77.620872 	37.202152 	78.243210 	70.292244 	60.307545 	40.459858 	33.421551 	144.754959 	38.209946 	56.320511 	33.241539 	41.036568 	8.544003 	48.836460 	40.360870 	37.536648 	36.124783 	88.413803 	71.449280 	27.658634 	122.441826 	44.407207 	117.796432 	999.000000 	56.612720 	66.400299 	97.621719 	
76.531036 	30.610456 	39.812057 	54.083271 	28.231188 	61.392181 	30.805843 	68.154236 	36.124783 	33.000000 	78.108902 	33.015148 	28.017851 	26.000000 	28.017851 	65.375839 	74.060783 	74.242844 	52.153618 	30.265491 	32.062439 	19.416489 	18.384777 	22.203604 	30.149628 	28.071337 	24.186773 	28.160255 	21.023796 	14.764823 	20.099751 	25.961510 	95.880135 	20.615528 	109.201645 	24.698177 	16.763054 	61.773781 	10.000000 	17.088007 	19.697716 	21.023796 	34.438351 	17.088007 	82.764725 	69.778221 	12.206555 	64.412735 	56.612720 	999.000000 	9.899495 	42.201897 	
84.528099 	33.241539 	35.341194 	47.169907 	33.241539 	69.921387 	26.925823 	76.843994 	30.675724 	26.925823 	87.091904 	26.683329 	35.902645 	33.734257 	22.472204 	59.665737 	67.742157 	82.036575 	59.076221 	38.600517 	25.495098 	26.172504 	17.204651 	18.027756 	23.345236 	21.587032 	32.572994 	21.377558 	16.124516 	15.231546 	28.460499 	34.928497 	87.321243 	29.546574 	118.308914 	34.000000 	25.942244 	71.344238 	18.384777 	26.419689 	29.154760 	30.528675 	25.298222 	9.055386 	92.282173 	60.539242 	22.022715 	55.036350 	66.400299 	9.899495 	999.000000 	32.449963 	
109.772491 	51.244511 	33.376640 	29.732138 	55.946404 	97.128784 	32.249031 	104.316826 	28.071337 	25.019993 	115.247559 	24.020824 	63.513779 	61.294373 	26.683329 	44.553337 	48.826221 	106.775467 	82.637764 	66.850578 	23.086792 	53.254108 	36.235340 	30.463093 	22.360680 	23.769728 	61.400326 	22.803509 	29.068884 	38.275318 	57.628117 	64.660652 	58.034473 	59.548298 	146.485489 	64.443771 	56.586216 	101.671036 	48.795490 	57.280014 	60.108234 	61.522354 	10.440307 	26.172504 	122.200653 	29.427877 	53.907330 	23.537205 	97.621719 	42.201897 	32.449963 	999.000000 	

Travel time:
9.000000 	1.476482 	2.080865 	2.526114 	1.346291 	0.412311 	1.981477 	0.320156 	2.143887 	2.170829 	0.403113 	2.192744 	1.216552 	1.270089 	2.090753 	2.529452 	2.763377 	0.090139 	0.682367 	1.156774 	2.202981 	1.461592 	1.843400 	1.982738 	2.202555 	2.158269 	1.308625 	2.180883 	2.019437 	1.810559 	1.410895 	1.275980 	3.606418 	1.403567 	0.992472 	1.325000 	1.503330 	0.760345 	1.665270 	1.501874 	1.450216 	1.425000 	2.485080 	2.143158 	0.753741 	3.203514 	1.650757 	3.121698 	0.960469 	1.913276 	2.113203 	2.744312 	
1.476482 	9.000000 	0.640312 	1.105102 	0.206155 	1.204159 	0.506211 	1.382932 	0.675463 	0.694622 	1.665083 	0.716327 	0.509902 	0.477624 	0.617454 	1.226020 	1.471819 	1.397542 	0.794119 	0.594243 	0.726722 	0.395285 	0.427931 	0.530330 	0.728869 	0.687841 	0.550000 	0.711512 	0.577170 	0.450694 	0.534439 	0.650481 	2.226264 	0.608276 	2.430021 	0.700446 	0.632456 	1.436358 	0.590021 	0.656220 	0.691466 	0.711073 	1.020110 	0.753741 	1.898190 	1.741407 	0.738241 	1.650757 	1.411559 	0.765261 	0.831038 	1.281113 	
2.080865 	0.640312 	9.000000 	0.465027 	0.832166 	1.838478 	0.226385 	2.015564 	0.145774 	0.250000 	2.298369 	0.270416 	1.118034 	1.073837 	0.325960 	0.650481 	0.883883 	1.997029 	1.405569 	1.207528 	0.305164 	0.917197 	0.550568 	0.443001 	0.355317 	0.371652 	1.123610 	0.388909 	0.482830 	0.650481 	1.068001 	1.226020 	1.587844 	1.140175 	3.053686 	1.257229 	1.118034 	2.073192 	0.976281 	1.142639 	1.201301 	1.231107 	0.608790 	0.673146 	2.538331 	1.123610 	1.151086 	1.051190 	2.035313 	0.995301 	0.883530 	0.834416 	
2.526114 	1.105102 	0.465027 	9.000000 	1.296630 	2.299185 	0.650000 	2.475126 	0.474342 	0.530330 	2.757943 	0.527376 	1.578369 	1.532359 	0.657647 	0.371652 	0.522015 	2.440415 	1.858259 	1.668270 	0.550568 	1.365650 	0.958188 	0.813941 	0.600000 	0.650481 	1.576785 	0.650000 	0.831038 	1.055047 	1.513481 	1.677982 	1.123610 	1.583114 	3.506601 	1.703856 	1.549597 	2.537838 	1.388569 	1.573412 	1.636498 	1.668270 	0.648556 	0.952956 	3.002603 	0.711512 	1.559247 	0.679154 	2.496247 	1.352082 	1.179248 	0.743303 	
1.346291 	0.206155 	0.832166 	1.296630 	9.000000 	1.040433 	0.671751 	1.220656 	0.849264 	0.851469 	1.500000 	0.870704 	0.304138 	0.275000 	0.755811 	1.431127 	1.676678 	1.273038 	0.673146 	0.388104 	0.875000 	0.247487 	0.498121 	0.637377 	0.866747 	0.818917 	0.353553 	0.840387 	0.673146 	0.477624 	0.357946 	0.450694 	2.419969 	0.427200 	2.274313 	0.505594 	0.471699 	1.241219 	0.485412 	0.493077 	0.515388 	0.529741 	1.140449 	0.809707 	1.715554 	1.910497 	0.602080 	1.811767 	1.208305 	0.705780 	0.831038 	1.398660 	
0.412311 	1.204159 	1.838478 	2.299185 	1.040433 	9.000000 	1.706239 	0.180278 	1.879162 	1.890106 	0.460977 	1.910007 	0.854400 	0.910014 	1.796177 	2.357568 	2.600240 	0.391312 	0.469707 	0.783023 	1.915235 	1.109617 	1.522539 	1.672199 	1.906895 	1.858259 	0.934077 	1.879162 	1.702388 	1.475847 	1.037123 	0.887764 	3.408995 	1.019804 	1.234909 	0.930390 	1.118034 	0.450694 	1.291559 	1.113833 	1.057414 	1.029866 	2.173850 	1.802255 	0.726722 	2.944911 	1.258968 	2.850439 	0.610328 	1.534805 	1.748035 	2.428220 	
1.981477 	0.506211 	0.226385 	0.650000 	0.671751 	1.706239 	9.000000 	1.885802 	0.180278 	0.190394 	2.167083 	0.213600 	0.936082 	0.887764 	0.158114 	0.875000 	1.104536 	1.901480 	1.299279 	1.026219 	0.230489 	0.715891 	0.325000 	0.223607 	0.250000 	0.230489 	0.928036 	0.254951 	0.270416 	0.425000 	0.863496 	1.028652 	1.767767 	0.933408 	2.935345 	1.053862 	0.903466 	1.905420 	0.753741 	0.927699 	0.989002 	1.020110 	0.550568 	0.477624 	2.387075 	1.239455 	0.928036 	1.145098 	1.852363 	0.770146 	0.673146 	0.806226 	
0.320156 	1.382932 	2.015564 	2.475126 	1.220656 	0.180278 	1.885802 	9.000000 	2.058215 	2.070024 	0.282843 	2.090006 	1.030776 	1.086566 	1.976424 	2.525495 	2.766993 	0.340037 	0.630971 	0.956883 	2.095382 	1.286954 	1.702388 	1.852363 	2.087163 	2.038535 	1.106797 	2.059430 	1.882319 	1.654728 	1.209597 	1.055047 	3.582074 	1.188486 	1.054751 	1.093446 	1.285496 	0.442295 	1.463087 	1.279893 	1.220912 	1.191900 	2.353853 	1.980057 	0.577170 	3.124100 	1.422146 	3.030264 	0.640312 	1.703856 	1.921100 	2.607921 	
2.143887 	0.675463 	0.145774 	0.474342 	0.849264 	1.879162 	0.180278 	2.058215 	9.000000 	0.106066 	2.340139 	0.125000 	1.116356 	1.068001 	0.206155 	0.731864 	0.950000 	2.062311 	1.463087 	1.206493 	0.160078 	0.894427 	0.485412 	0.350000 	0.212132 	0.235850 	1.107362 	0.250000 	0.378319 	0.583631 	1.040733 	1.207528 	1.588238 	1.109617 	3.105036 	1.231107 	1.075291 	2.085216 	0.916856 	1.099147 	1.162164 	1.193995 	0.467039 	0.548293 	2.564785 	1.065950 	1.089151 	0.977880 	2.032547 	0.903120 	0.766893 	0.701783 	
2.170829 	0.694622 	0.250000 	0.530330 	0.851469 	1.890106 	0.190394 	2.070024 	0.106066 	9.000000 	2.350532 	0.025000 	1.101136 	1.050297 	0.127475 	0.818917 	1.027740 	2.091202 	1.488497 	1.190850 	0.055902 	0.866747 	0.436606 	0.285044 	0.106066 	0.134629 	1.081665 	0.145774 	0.301040 	0.529741 	1.007782 	1.179248 	1.622113 	1.073546 	3.121298 	1.197132 	1.030776 	2.074398 	0.862047 	1.053862 	1.119431 	1.152443 	0.378319 	0.450694 	2.563323 	1.060660 	1.030776 	0.960469 	2.011219 	0.825000 	0.673146 	0.625500 	
0.403113 	1.665083 	2.298369 	2.757943 	1.500000 	0.460977 	2.167083 	0.282843 	2.340139 	2.350532 	9.000000 	2.370258 	1.297112 	1.353006 	2.255271 	2.805018 	3.045694 	0.475000 	0.910014 	1.218862 	2.375000 	1.554429 	1.976898 	2.128673 	2.365639 	2.316382 	1.365650 	2.336932 	2.157110 	1.925649 	1.467353 	1.305038 	3.864098 	1.439618 	0.782624 	1.336273 	1.533786 	0.515388 	1.717738 	1.525820 	1.463087 	1.432000 	2.628807 	2.247360 	0.350892 	3.405877 	1.662077 	3.310966 	0.728011 	1.952723 	2.177298 	2.881189 	
2.192744 	0.716327 	0.270416 	0.527376 	0.870704 	1.910007 	0.213600 	2.090006 	0.125000 	0.025000 	2.370258 	9.000000 	1.117195 	1.065950 	0.134629 	0.824621 	1.029866 	2.113350 	1.510381 	1.206752 	0.035355 	0.880696 	0.447214 	0.292617 	0.090139 	0.127475 	1.095730 	0.134629 	0.304138 	0.538516 	1.020416 	1.192686 	1.611870 	1.085415 	3.141755 	1.209339 	1.040733 	2.090753 	0.869626 	1.063602 	1.129712 	1.162970 	0.353553 	0.443001 	2.581182 	1.043132 	1.037123 	0.941076 	2.025617 	0.825379 	0.667083 	0.600521 	
1.216552 	0.509902 	1.118034 	1.578369 	0.304138 	0.854400 	0.936082 	1.030776 	1.116356 	1.101136 	1.297112 	1.117195 	9.000000 	0.055902 	0.990581 	1.731509 	1.976424 	1.156774 	0.612882 	0.090139 	1.114955 	0.257391 	0.691466 	0.849264 	1.096016 	1.043132 	0.111803 	1.061249 	0.870704 	0.630971 	0.201556 	0.167705 	2.701157 	0.223607 	2.079664 	0.235850 	0.316228 	0.973717 	0.450694 	0.325000 	0.305164 	0.301040 	1.340009 	0.950329 	1.472455 	2.159282 	0.474342 	2.050610 	0.917878 	0.700446 	0.897566 	1.587844 	
1.270089 	0.477624 	1.073837 	1.532359 	0.275000 	0.910014 	0.887764 	1.086566 	1.068001 	1.050297 	1.353006 	1.065950 	0.055902 	9.000000 	0.938416 	1.693000 	1.937298 	1.209339 	0.657647 	0.141421 	1.063015 	0.201556 	0.637377 	0.795692 	1.043132 	0.989950 	0.090139 	1.007782 	0.816241 	0.575543 	0.158114 	0.176777 	2.654360 	0.195256 	2.135562 	0.237171 	0.279509 	1.025914 	0.400000 	0.291548 	0.282843 	0.285044 	1.285010 	0.894427 	1.526843 	2.107279 	0.436606 	1.997655 	0.964689 	0.650000 	0.843356 	1.532359 	
2.090753 	0.617454 	0.325960 	0.657647 	0.755811 	1.796177 	0.158114 	1.976424 	0.206155 	0.127475 	2.255271 	0.134629 	0.990581 	0.938416 	9.000000 	0.937083 	1.151086 	2.013237 	1.409122 	1.079641 	0.125000 	0.750000 	0.313249 	0.158114 	0.111803 	0.075000 	0.965013 	0.100000 	0.175000 	0.403887 	0.887764 	1.060955 	1.746425 	0.951972 	3.030058 	1.076162 	0.906228 	1.964211 	0.735272 	0.929045 	0.995301 	1.028652 	0.406971 	0.347311 	2.458785 	1.168867 	0.903466 	1.061249 	1.895059 	0.700446 	0.561805 	0.667083 	
2.529452 	1.226020 	0.650481 	0.371652 	1.431127 	2.357568 	0.875000 	2.525495 	0.731864 	0.818917 	2.805018 	0.824621 	1.731509 	1.693000 	0.937083 	9.000000 	0.246221 	2.440543 	1.895059 	1.818310 	0.855132 	1.554228 	1.200000 	1.079641 	0.910014 	0.951972 	1.752320 	0.958188 	1.110180 	1.300000 	1.706239 	1.855398 	1.085415 	1.779923 	3.521452 	1.892749 	1.764405 	2.649764 	1.626730 	1.789204 	1.845603 	1.874166 	1.012423 	1.267379 	3.079367 	0.926350 	1.801562 	0.946375 	2.636878 	1.634396 	1.491643 	1.113833 	
2.763377 	1.471819 	0.883883 	0.522015 	1.676678 	2.600240 	1.104536 	2.766993 	0.950000 	1.027740 	3.045694 	1.029866 	1.976424 	1.937298 	1.151086 	0.246221 	9.000000 	2.674065 	2.136147 	2.063523 	1.057414 	1.795132 	1.428504 	1.300000 	1.110180 	1.156774 	1.995307 	1.159741 	1.325943 	1.528275 	1.946953 	2.098362 	0.874643 	2.020211 	3.755829 	2.134391 	2.001562 	2.895794 	1.858259 	2.026234 	2.084017 	2.113203 	1.165386 	1.467353 	3.323120 	0.869626 	2.032547 	0.928036 	2.882924 	1.851520 	1.693554 	1.220656 	
0.090139 	1.397542 	1.997029 	2.440415 	1.273038 	0.391312 	1.901480 	0.340037 	2.062311 	2.091202 	0.475000 	2.113350 	1.156774 	1.209339 	2.013237 	2.440543 	2.674065 	9.000000 	0.604152 	1.101136 	2.124264 	1.397542 	1.770946 	1.908042 	2.125000 	2.081466 	1.252248 	2.104311 	1.945829 	1.741049 	1.353699 	1.225255 	3.518256 	1.350231 	1.081954 	1.277204 	1.450216 	0.781025 	1.607016 	1.450000 	1.400892 	1.377044 	2.409616 	2.074247 	0.825379 	3.120196 	1.600195 	3.039840 	0.972432 	1.856071 	2.050914 	2.669387 	
0.682367 	0.794119 	1.405569 	1.858259 	0.673146 	0.469707 	1.299279 	0.630971 	1.463087 	1.488497 	0.910014 	1.510381 	0.612882 	0.657647 	1.409122 	1.895059 	2.136147 	0.604152 	9.000000 	0.585235 	1.520691 	0.825000 	1.171004 	1.305038 	1.520896 	1.477329 	0.721543 	1.500208 	1.343968 	1.147279 	0.813941 	0.728869 	2.956455 	0.831038 	1.648674 	0.794512 	0.927699 	0.851469 	1.054751 	0.934077 	0.901388 	0.886707 	1.805893 	1.480709 	1.196349 	2.525495 	1.085415 	2.440927 	0.937083 	1.303840 	1.476906 	2.065944 	
