Total assets = 563
Number of asset nodes = 33

Distance:
999.000000 	54.424259 	16.124516 	80.950600 	22.090721 	12.806249 	76.557167 	62.641838 	109.288612 	22.803509 	111.503365 	16.401220 	111.220505 	91.706055 	52.430908 	27.294687 	19.235384 	26.400757 	24.698177 	28.792360 	131.795303 	32.557640 	21.095022 	84.864601 	15.033297 	114.825958 	64.132675 	119.816528 	128.003906 	42.579338 	105.095192 	86.330757 	25.612497 	68.883957 	21.470911 	28.017851 	48.259712 	23.086792 	133.221619 	36.674240 	77.103828 	110.494347 	57.314919 	116.726173 	51.971146 	31.016125 	55.542778 	127.534309 	55.785301 	89.269257 	87.965904 	60.207973 	127.941391 	
54.424259 	999.000000 	40.816662 	27.658634 	35.805027 	66.708321 	22.472204 	9.055386 	58.051701 	38.288380 	60.141499 	47.801674 	59.396969 	37.735924 	13.601471 	27.658634 	35.440090 	28.160255 	29.732138 	25.632011 	83.234612 	31.400637 	44.598206 	30.463093 	60.464867 	62.936478 	13.892444 	67.896980 	77.155685 	27.513634 	51.312767 	32.015621 	46.754681 	18.788294 	55.901699 	44.821869 	24.186773 	64.536812 	82.036575 	39.357338 	25.709921 	56.435802 	25.709921 	62.968246 	29.000000 	62.481998 	32.140316 	74.060783 	33.136082 	37.215588 	36.496574 	32.015621 	74.330345 	
16.124516 	40.816662 	999.000000 	68.242218 	6.000000 	26.683329 	63.285069 	48.332184 	97.836601 	7.211102 	100.004997 	8.544003 	99.488693 	78.549347 	41.868843 	17.000000 	11.045361 	15.264338 	13.038404 	16.278820 	121.696342 	16.492422 	9.219544 	71.119621 	19.849434 	103.077644 	49.040798 	108.074051 	116.846054 	26.476404 	92.114059 	72.090218 	14.560220 	53.600372 	18.027756 	15.652476 	32.140316 	25.238859 	121.918007 	22.022715 	61.846584 	97.247108 	41.194660 	103.773796 	35.902645 	27.459061 	39.560081 	114.825958 	39.849716 	73.979729 	72.567207 	44.147480 	115.121674 	
80.950600 	27.658634 	68.242218 	999.000000 	63.411354 	93.536087 	6.324555 	22.472204 	30.805843 	65.946945 	32.802441 	75.432091 	31.890438 	11.180340 	29.832869 	53.665630 	61.717098 	54.589375 	56.435802 	52.478565 	56.824291 	58.728188 	72.249565 	9.219544 	88.005684 	35.383614 	26.570660 	40.311287 	49.819675 	53.254108 	24.166092 	14.142136 	74.249580 	26.305893 	83.546394 	72.180328 	48.373547 	92.195442 	54.561890 	65.802734 	24.331051 	29.732138 	45.541191 	35.777088 	51.478149 	89.872131 	53.141319 	46.647614 	54.083271 	27.202942 	28.301943 	50.695168 	47.010635 	
22.090721 	35.805027 	6.000000 	63.411354 	999.000000 	32.557640 	58.249462 	42.941822 	93.380943 	4.000000 	95.524864 	12.041595 	94.921021 	73.498299 	38.275318 	15.132746 	12.083046 	13.152946 	11.045361 	13.000000 	117.686020 	10.770329 	9.848858 	65.863495 	24.698177 	98.493652 	43.324360 	103.479469 	112.449989 	20.615528 	87.091904 	66.640831 	14.142136 	47.801674 	20.808653 	14.035668 	26.172504 	29.000000 	117.456375 	17.804493 	56.044624 	92.114059 	35.227829 	98.737022 	30.083218 	29.154760 	33.837849 	109.859001 	34.176014 	68.154236 	66.708321 	38.327538 	110.113579 	
12.806249 	66.708321 	26.683329 	93.536087 	32.557640 	999.000000 	89.000000 	74.672615 	122.065559 	32.062439 	124.277916 	23.086792 	123.975807 	104.201729 	65.215027 	39.962482 	31.906113 	38.948685 	37.121422 	41.146080 	144.589066 	42.047592 	28.160255 	97.169952 	13.038404 	127.581345 	75.690155 	132.574509 	140.801285 	52.009613 	117.647781 	98.432716 	31.048349 	80.280754 	22.825424 	33.955853 	58.077534 	19.209373 	146.013702 	43.737854 	88.526833 	122.983742 	67.029846 	129.294235 	61.032780 	29.698484 	64.195015 	140.160629 	64.280632 	100.662804 	99.247169 	69.115845 	140.545364 	
76.557167 	22.472204 	63.285069 	6.324555 	58.249462 	89.000000 	999.000000 	16.401220 	36.891735 	60.605282 	38.832977 	70.213959 	37.802116 	15.264338 	27.018513 	49.396355 	57.384666 	50.159744 	51.894123 	47.853943 	63.063461 	53.037724 	66.843102 	9.000000 	82.927681 	41.231056 	20.248457 	46.097721 	55.803226 	47.201694 	28.844410 	12.649111 	68.622154 	20.099751 	78.102493 	66.468040 	42.190044 	86.833176 	60.440052 	59.816387 	18.973665 	34.000000 	39.217342 	40.496914 	45.188496 	84.148682 	46.818798 	51.613953 	47.759815 	24.083189 	24.758837 	44.384682 	51.865211 	
62.641838 	9.055386 	48.332184 	22.472204 	42.941822 	74.672615 	16.401220 	999.000000 	53.254108 	44.944408 	55.217751 	54.708317 	54.203320 	31.144823 	20.808653 	36.345562 	43.931767 	36.674240 	38.078865 	33.955853 	79.259071 	36.878178 	51.039200 	23.021729 	67.601776 	57.628117 	6.708204 	62.481998 	72.201111 	30.805843 	44.687805 	23.769728 	52.497620 	10.630146 	62.201286 	50.249378 	25.942244 	71.028160 	76.837494 	43.416588 	16.763054 	49.406479 	24.186773 	56.222771 	29.410883 	67.896980 	31.575306 	67.475922 	32.557640 	28.160255 	27.459061 	30.016663 	67.623962 	
109.288612 	58.051701 	97.836601 	30.805843 	93.380943 	122.065559 	36.891735 	53.254108 	999.000000 	96.166519 	2.236068 	105.418213 	3.162278 	24.041630 	56.859474 	82.200974 	90.210861 	83.408630 	85.428329 	81.688431 	26.570660 	89.375610 	102.532921 	32.893768 	117.686020 	6.082763 	56.824291 	10.770329 	19.104973 	84.053551 	15.524175 	35.902645 	104.804581 	55.542778 	113.846390 	102.825096 	79.075912 	122.347862 	24.083189 	96.607452 	50.960770 	18.027756 	75.584389 	16.643316 	81.884064 	120.507263 	83.192551 	22.022715 	84.095184 	47.042534 	49.091751 	80.230919 	23.086792 	
22.803509 	38.288380 	7.211102 	65.946945 	4.000000 	32.062439 	60.605282 	44.944408 	96.166519 	999.000000 	98.290382 	9.848858 	97.621719 	75.802376 	41.677334 	19.104973 	15.811388 	17.117243 	15.033297 	16.763054 	120.739388 	10.000000 	6.403124 	67.955872 	22.847319 	101.178062 	44.777225 	106.150833 	115.260574 	20.024984 	89.403580 	68.476273 	10.198039 	49.040798 	17.691807 	10.049875 	26.019224 	26.248810 	120.216469 	14.866069 	57.245087 	94.302704 	35.000000 	101.019798 	29.274563 	25.495098 	32.756680 	112.200714 	32.984844 	69.260376 	67.720009 	37.483330 	112.414413 	
111.503365 	60.141499 	100.004997 	32.802441 	95.524864 	124.277916 	38.832977 	55.217751 	2.236068 	98.290382 	999.000000 	107.563934 	2.236068 	25.632011 	59.076221 	84.403793 	92.417534 	85.603737 	87.618492 	83.868942 	25.000000 	91.438507 	104.651802 	34.539833 	119.854080 	4.000000 	58.668560 	8.544003 	17.029387 	86.023254 	16.124516 	37.363083 	106.887794 	57.271286 	115.965515 	104.890419 	80.993828 	124.482933 	21.931713 	98.600204 	52.497620 	17.888544 	77.369247 	15.620500 	83.725746 	122.576508 	84.970581 	20.099751 	85.866173 	48.166378 	50.249378 	81.939003 	21.213203 	
16.401220 	47.801674 	8.544003 	75.432091 	12.041595 	23.086792 	70.213959 	54.708317 	105.418213 	9.848858 	107.563934 	999.000000 	106.962608 	85.445892 	50.000000 	25.495098 	19.416489 	23.706539 	21.470911 	24.413111 	129.634094 	19.416489 	5.099020 	77.698135 	13.000000 	110.535065 	54.625999 	115.520561 	124.482933 	29.154760 	99.045441 	78.294319 	9.219544 	58.872746 	9.486833 	11.661903 	35.355339 	17.029387 	129.495178 	20.880613 	67.067131 	104.009613 	44.181442 	110.679718 	38.000000 	19.104973 	41.109608 	121.827744 	41.194660 	79.056938 	77.491936 	46.043457 	122.065559 	
111.220505 	59.396969 	99.488693 	31.890438 	94.921021 	123.975807 	37.802116 	54.203320 	3.162278 	97.621719 	2.236068 	106.962608 	999.000000 	24.166092 	58.830265 	84.053551 	92.086914 	85.211502 	87.200920 	83.408630 	26.683329 	90.609047 	103.966339 	33.105892 	119.331474 	3.605551 	57.454330 	8.602325 	18.027756 	85.000000 	14.035668 	35.735138 	106.103722 	55.901699 	115.277924 	104.062485 	79.881165 	123.842644 	22.671568 	97.616600 	50.921509 	15.652476 	76.059189 	13.601471 	82.492424 	121.753853 	83.648071 	19.000000 	84.534019 	46.270943 	48.373547 	80.529495 	20.024984 	
91.706055 	37.735924 	78.549347 	11.180340 	73.498299 	104.201729 	15.264338 	31.144823 	24.041630 	75.802376 	25.632011 	85.445892 	24.166092 	999.000000 	41.000000 	64.474800 	72.498276 	65.306969 	67.082039 	63.063461 	50.596443 	68.014702 	82.006096 	8.944272 	98.183502 	27.294687 	33.600594 	31.906113 	42.059483 	61.619801 	13.601471 	12.041595 	83.630135 	31.764761 	93.236259 	81.394104 	56.222771 	102.004898 	46.324940 	74.330345 	26.925823 	18.788294 	51.971146 	25.238859 	58.523499 	99.035347 	59.539902 	36.400551 	60.415230 	24.515301 	26.305893 	56.364883 	36.619667 	
52.430908 	13.601471 	41.868843 	29.832869 	38.275318 	65.215027 	27.018513 	20.808653 	56.859474 	41.677334 	59.076221 	50.000000 	58.830265 	41.000000 	999.000000 	25.495098 	33.421551 	26.870058 	29.000000 	25.612497 	79.906197 	37.643059 	48.020828 	36.013885 	61.554855 	62.433964 	26.907248 	67.416618 	75.604233 	37.013512 	53.758720 	39.115215 	51.429562 	31.400637 	59.076221 	50.159744 	35.355339 	67.007462 	80.802231 	47.074409 	37.121422 	59.481091 	38.626415 	65.192024 	40.792156 	67.119293 	44.384682 	75.643906 	45.354160 	47.434166 	47.169907 	44.944408 	76.157730 	
27.294687 	27.658634 	17.000000 	53.665630 	15.132746 	39.962482 	49.396355 	36.345562 	82.200974 	19.104973 	84.403793 	25.495098 	84.053551 	64.474800 	25.495098 	999.000000 	8.062258 	2.000000 	4.123106 	4.242640 	105.361282 	20.615528 	24.738634 	57.870544 	36.235340 	87.658424 	39.012817 	92.655273 	101.044548 	26.907248 	77.820305 	59.665737 	29.274563 	44.045429 	34.928497 	29.017237 	30.000000 	42.190044 	106.212051 	30.364452 	52.000000 	83.258636 	38.078865 	89.442719 	35.468296 	43.965897 	39.698868 	100.239716 	40.360870 	64.031242 	63.000000 	43.011627 	100.647903 	
19.235384 	35.440090 	11.045361 	61.717098 	12.083046 	31.906113 	57.384666 	43.931767 	90.210861 	15.811388 	92.417534 	19.416489 	92.086914 	72.498276 	33.421551 	8.062258 	999.000000 	7.280110 	6.000000 	10.049875 	113.172432 	21.213203 	20.024984 	65.787537 	28.844410 	95.692215 	46.097721 	100.687637 	109.018349 	29.681644 	85.866173 	67.446274 	25.179358 	51.039200 	28.861740 	25.709921 	34.014702 	35.341194 	114.201576 	29.681644 	59.135437 	91.285271 	42.720020 	97.493591 	38.948685 	38.470768 	43.046486 	108.300507 	43.566040 	71.253067 	70.114189 	46.957428 	108.706024 	
26.400757 	28.160255 	15.264338 	54.589375 	13.152946 	38.948685 	50.159744 	36.674240 	83.408630 	17.117243 	85.603737 	23.706539 	85.211502 	65.306969 	26.870058 	2.000000 	7.280110 	999.000000 	2.236068 	3.162278 	106.775467 	18.788294 	22.803509 	58.523499 	34.713108 	88.814415 	39.012817 	93.813644 	102.303467 	25.455845 	78.714676 	60.166435 	27.294687 	44.000000 	33.105892 	27.018513 	28.844410 	40.496914 	107.447662 	28.460499 	52.038448 	84.095184 	37.121422 	90.354858 	34.205261 	42.059483 	38.418747 	101.212646 	39.051247 	64.124878 	63.031738 	41.880783 	101.597244 	
24.698177 	29.732138 	13.038404 	56.435802 	11.045361 	37.121422 	51.894123 	38.078865 	85.428329 	15.033297 	87.618492 	21.470911 	87.200920 	67.082039 	29.000000 	4.123106 	6.000000 	2.236068 	999.000000 	4.123106 	108.903625 	17.492855 	20.615528 	60.166435 	32.557640 	90.801979 	40.112343 	95.801880 	104.350372 	24.839485 	80.529495 	61.684681 	25.179358 	45.044422 	30.870699 	25.000000 	28.653097 	38.275318 	109.480591 	26.925823 	53.150730 	85.866173 	37.161808 	92.179176 	33.837849 	39.849716 	38.013157 	103.077644 	38.600517 	65.276337 	64.124878 	41.677334 	103.445641 	
28.792360 	25.632011 	16.278820 	52.478565 	13.000000 	41.146080 	47.853943 	33.955853 	81.688431 	16.763054 	83.868942 	24.413111 	83.408630 	63.063461 	25.612497 	4.242640 	10.049875 	3.162278 	4.123106 	999.000000 	105.418213 	16.763054 	22.847319 	56.080299 	36.069378 	87.005745 	36.055511 	92.005432 	100.657837 	22.671568 	76.537575 	57.567352 	26.925823 	41.012192 	33.615471 	26.305893 	25.806976 	41.400482 	105.759163 	26.683329 	49.091751 	81.841309 	34.000000 	88.192970 	31.240999 	42.154476 	35.468296 	99.126183 	36.124783 	61.204575 	60.074955 	38.832977 	99.478638 	
131.795303 	83.234612 	121.696342 	56.824291 	117.686020 	144.589066 	63.063461 	79.259071 	26.570660 	120.739388 	25.000000 	129.634094 	26.683329 	50.596443 	79.906197 	105.361282 	113.172432 	106.775467 	108.903625 	105.418213 	999.000000 	114.621117 	127.141655 	59.464275 	141.449631 	24.186773 	83.192551 	21.023796 	11.704700 	109.931801 	40.311287 	62.361847 	129.807556 	82.079231 	138.408813 	128.003906 	105.190300 	146.659470 	12.727922 	122.331520 	77.491936 	40.012497 	102.044106 	34.365681 	108.226616 	145.602203 	109.658562 	29.068884 	110.571243 	72.835434 	74.966660 	106.775467 	30.413813 	
32.557640 	31.400637 	16.492422 	58.728188 	10.770329 	42.047592 	53.037724 	36.878178 	89.375610 	10.000000 	91.438507 	19.416489 	90.609047 	68.014702 	37.643059 	20.615528 	21.213203 	18.788294 	17.492855 	16.763054 	114.621117 	999.000000 	14.866069 	59.816387 	32.280025 	94.111633 	35.846897 	99.035347 	108.466583 	10.049875 	81.565926 	59.908264 	15.620500 	39.812057 	25.553865 	13.453624 	16.031219 	34.481880 	113.278419 	10.049875 	47.927029 	86.214851 	25.000000 	93.085983 	19.416489 	31.144823 	23.086792 	104.350372 	23.409399 	59.808025 	58.189346 	27.658634 	104.484451 	
21.095022 	44.598206 	9.219544 	72.249565 	9.848858 	28.160255 	66.843102 	51.039200 	102.532921 	6.403124 	104.651802 	5.099020 	103.966339 	82.006096 	48.020828 	24.738634 	20.024984 	22.803509 	20.615528 	22.847319 	127.141655 	14.866069 	999.000000 	74.060783 	17.464249 	107.517441 	50.537113 	112.485558 	121.630585 	24.331051 	95.603348 	74.431175 	5.385165 	54.625999 	11.313708 	7.071068 	30.594116 	20.000000 	126.574089 	15.811388 	62.769421 	100.439034 	39.319206 	107.200745 	33.015148 	19.313208 	36.055511 	118.406082 	36.124783 	74.672615 	73.054771 	41.012192 	118.600166 	
84.864601 	30.463093 	71.119621 	9.219544 	65.863495 	97.169952 	9.000000 	23.021729 	32.893768 	67.955872 	34.539833 	77.698135 	33.105892 	8.944272 	36.013885 	57.870544 	65.787537 	58.523499 	60.166435 	56.080299 	59.464275 	59.816387 	74.060783 	999.000000 	90.553848 	36.235340 	24.839485 	40.816662 	51.000000 	53.037724 	21.931713 	5.000000 	75.432091 	22.825424 	85.211502 	73.109505 	47.507893 	94.047859 	55.226807 	65.764732 	18.248287 	26.400757 	43.046486 	33.301651 	49.648766 	90.686272 	50.606323 	44.598206 	51.478149 	18.357559 	19.697716 	47.423622 	44.687805 	
15.033297 	60.464867 	19.849434 	88.005684 	24.698177 	13.038404 	82.927681 	67.601776 	117.686020 	22.847319 	119.854080 	13.000000 	119.331474 	98.183502 	61.554855 	36.235340 	28.844410 	34.713108 	32.557640 	36.069378 	141.449631 	32.280025 	17.464249 	90.553848 	999.000000 	122.918671 	67.623962 	127.914032 	136.693085 	41.773197 	111.772087 	91.241440 	19.026299 	71.867935 	9.848858 	22.022715 	48.052055 	8.062258 	141.767410 	32.015621 	80.056229 	116.811813 	56.718605 	123.422043 	50.249378 	17.204651 	53.037724 	134.525085 	53.009434 	92.027168 	90.443352 	58.077534 	134.792435 	
114.825958 	62.936478 	103.077644 	35.383614 	98.493652 	127.581345 	41.231056 	57.628117 	6.082763 	101.178062 	4.000000 	110.535065 	3.605551 	27.294687 	62.433964 	87.658424 	95.692215 	88.814415 	90.801979 	87.005745 	24.186773 	94.111633 	107.517441 	36.235340 	122.918671 	999.000000 	60.745369 	5.000000 	14.764823 	88.408142 	16.124516 	38.626415 	109.622078 	59.059292 	118.827606 	107.563934 	83.234612 	127.404869 	19.209373 	101.044548 	53.851646 	16.492422 	79.259071 	12.806249 	85.755463 	125.255737 	86.833176 	16.124516 	87.709747 	48.662102 	50.803543 	83.630135 	17.262676 	
64.132675 	13.892444 	49.040798 	26.570660 	43.324360 	75.690155 	20.248457 	6.708204 	56.824291 	44.777225 	58.668560 	54.625999 	57.454330 	33.600594 	26.907248 	39.012817 	46.097721 	39.012817 	40.112343 	36.055511 	83.192551 	35.846897 	50.537113 	24.839485 	67.623962 	60.745369 	999.000000 	65.459915 	75.471848 	28.319605 	46.754681 	24.207438 	51.312767 	5.099020 	61.400326 	48.826221 	22.671568 	70.327805 	79.881165 	41.036568 	13.038404 	50.931328 	18.973665 	57.982758 	25.059929 	66.219330 	26.570660 	69.296463 	27.513634 	25.179358 	24.020824 	24.331051 	69.310890 	
119.816528 	67.896980 	108.074051 	40.311287 	103.479469 	132.574509 	46.097721 	62.481998 	10.770329 	106.150833 	8.544003 	115.520561 	8.602325 	31.906113 	67.416618 	92.655273 	100.687637 	93.813644 	95.801880 	92.005432 	21.023796 	99.035347 	112.485558 	40.816662 	127.914032 	5.000000 	65.459915 	999.000000 	10.440307 	93.236259 	19.924858 	42.953465 	114.560028 	63.631752 	123.794182 	112.485558 	88.005684 	132.382019 	14.422205 	105.891457 	58.180752 	19.000000 	83.862984 	13.601471 	90.426765 	130.176804 	91.416626 	13.000000 	92.282173 	52.392746 	54.571056 	88.119240 	14.317822 	
128.003906 	77.155685 	116.846054 	49.819675 	112.449989 	140.801285 	55.803226 	72.201111 	19.104973 	115.260574 	17.029387 	124.482933 	18.027756 	42.059483 	75.604233 	101.044548 	109.018349 	102.303467 	104.350372 	100.657837 	11.704700 	108.466583 	121.630585 	51.000000 	136.693085 	14.764823 	75.471848 	10.440307 	999.000000 	103.004852 	30.364452 	53.310413 	123.907227 	73.824112 	132.943604 	121.918007 	97.908119 	141.428421 	5.385165 	115.602768 	68.541962 	29.154760 	94.021271 	23.021729 	100.498756 	139.603012 	101.597244 	17.492855 	102.474388 	62.817196 	65.000000 	98.386993 	18.867962 	
42.579338 	27.513634 	26.476404 	53.254108 	20.615528 	52.009613 	47.201694 	30.805843 	84.053551 	20.024984 	86.023254 	29.154760 	85.000000 	61.619801 	37.013512 	26.907248 	29.681644 	25.455845 	24.839485 	22.671568 	109.931801 	10.049875 	24.331051 	53.037724 	41.773197 	88.408142 	28.319605 	93.236259 	103.004852 	999.000000 	74.966660 	52.497620 	23.769728 	31.622776 	34.176014 	21.023796 	6.324555 	43.081318 	107.615051 	12.727922 	39.446167 	79.246452 	15.033297 	86.278618 	9.486833 	38.013157 	13.416408 	97.590981 	13.892444 	50.990196 	49.244289 	17.720045 	97.621719 	
105.095192 	51.312767 	92.114059 	24.166092 	87.091904 	117.647781 	28.844410 	44.687805 	15.524175 	89.403580 	16.124516 	99.045441 	14.035668 	13.601471 	53.758720 	77.820305 	85.866173 	78.714676 	80.529495 	76.537575 	40.311287 	81.565926 	95.603348 	21.931713 	111.772087 	16.124516 	46.754681 	19.924858 	30.364452 	74.966660 	999.000000 	23.323807 	97.185387 	44.407207 	106.826965 	94.921021 	69.426216 	115.602768 	34.014702 	87.692642 	38.470768 	6.000000 	64.637451 	11.661903 	71.400284 	112.538879 	72.111023 	22.803509 	72.945183 	32.557640 	34.713108 	68.600288 	23.021729 	
86.330757 	32.015621 	72.090218 	14.142136 	66.640831 	98.432716 	12.649111 	23.769728 	35.902645 	68.476273 	37.363083 	78.294319 	35.735138 	12.041595 	39.115215 	59.665737 	67.446274 	60.166435 	61.684681 	57.567352 	62.361847 	59.908264 	74.431175 	5.000000 	91.241440 	38.626415 	24.207438 	42.953465 	53.310413 	52.497620 	23.323807 	999.000000 	75.451973 	21.260292 	85.440041 	73.006851 	46.690472 	94.339813 	57.245087 	65.192024 	15.231546 	26.907248 	41.400482 	34.058773 	48.270073 	90.426765 	48.826221 	45.343136 	49.648766 	13.416408 	14.866069 	45.276924 	45.276924 	
25.612497 	46.754681 	14.560220 	74.249580 	14.142136 	31.048349 	68.622154 	52.497620 	104.804581 	10.198039 	106.887794 	9.219544 	106.103722 	83.630135 	51.429562 	29.274563 	25.179358 	27.294687 	25.179358 	26.925823 	129.807556 	15.620500 	5.385165 	75.432091 	19.026299 	109.622078 	51.312767 	114.560028 	123.907227 	23.769728 	97.185387 	75.451973 	999.000000 	55.072678 	10.440307 	3.000000 	30.083218 	19.313208 	128.763351 	13.000000 	63.063461 	101.828285 	38.327538 	108.706024 	31.575306 	15.811388 	34.132095 	119.970833 	34.058773 	74.732857 	73.006851 	39.204590 	120.104118 	
68.883957 	18.788294 	53.600372 	26.305893 	47.801674 	80.280754 	20.099751 	10.630146 	55.542778 	49.040798 	57.271286 	58.872746 	55.901699 	31.764761 	31.400637 	44.045429 	51.039200 	44.000000 	45.044422 	41.012192 	82.079231 	39.812057 	54.625999 	22.825424 	71.867935 	59.059292 	5.099020 	63.631752 	73.824112 	31.622776 	44.407207 	21.260292 	55.072678 	999.000000 	65.299309 	52.478565 	25.612497 	74.242844 	78.032043 	44.204071 	8.246211 	48.166378 	20.248457 	55.317268 	27.018513 	69.634758 	27.784887 	66.603302 	28.653097 	20.396078 	19.104973 	24.698177 	66.528191 	
21.470911 	55.901699 	18.027756 	83.546394 	20.808653 	22.825424 	78.102493 	62.201286 	113.846390 	17.691807 	115.965515 	9.486833 	115.277924 	93.236259 	59.076221 	34.928497 	28.861740 	33.105892 	30.870699 	33.615471 	138.408813 	25.553865 	11.313708 	85.211502 	9.848858 	118.827606 	61.400326 	123.794182 	132.943604 	34.176014 	106.826965 	85.440041 	10.440307 	65.299309 	999.000000 	13.341664 	40.496914 	8.944272 	137.887634 	23.194826 	73.348480 	111.606453 	48.764740 	118.406082 	41.976185 	10.049875 	44.407207 	129.630249 	44.283180 	85.088188 	83.384651 	49.497475 	129.807556 	
28.017851 	44.821869 	15.652476 	72.180328 	14.035668 	33.955853 	66.468040 	50.249378 	102.825096 	10.049875 	104.890419 	11.661903 	104.062485 	81.394104 	50.159744 	29.017237 	25.709921 	27.018513 	25.000000 	26.305893 	128.003906 	13.453624 	7.071068 	73.109505 	22.022715 	107.563934 	48.826221 	112.485558 	121.918007 	21.023796 	94.921021 	73.006851 	3.000000 	52.478565 	13.341664 	999.000000 	27.313000 	22.135944 	126.732002 	10.000000 	60.415230 	99.488693 	35.440090 	106.404884 	28.635643 	17.691807 	31.144823 	117.686020 	31.064449 	72.013885 	70.263786 	36.221542 	117.796432 	
48.259712 	24.186773 	32.140316 	48.373547 	26.172504 	58.077534 	42.190044 	25.942244 	79.075912 	26.019224 	80.993828 	35.355339 	79.881165 	56.222771 	35.355339 	30.000000 	34.014702 	28.844410 	28.653097 	25.806976 	105.190300 	16.031219 	30.594116 	47.507893 	48.052055 	83.234612 	22.671568 	88.005684 	97.908119 	6.324555 	69.426216 	46.690472 	30.083218 	25.612497 	40.496914 	27.313000 	999.000000 	49.396355 	102.415817 	18.601076 	33.286633 	73.539108 	9.055386 	80.622574 	5.830952 	44.102154 	10.000000 	91.934761 	10.816654 	44.721359 	42.953465 	13.038404 	91.923882 	
23.086792 	64.536812 	25.238859 	92.195442 	29.000000 	19.209373 	86.833176 	71.028160 	122.347862 	26.248810 	124.482933 	17.029387 	123.842644 	102.004898 	67.007462 	42.190044 	35.341194 	40.496914 	38.275318 	41.400482 	146.659470 	34.481880 	20.000000 	94.047859 	8.062258 	127.404869 	70.327805 	132.382019 	141.428421 	43.081318 	115.602768 	94.339813 	19.313208 	74.242844 	8.944272 	22.135944 	49.396355 	999.000000 	146.413803 	31.780497 	82.292160 	120.432556 	57.567352 	127.200630 	50.695168 	10.816654 	52.952808 	138.405197 	52.773098 	94.021271 	92.309265 	58.051701 	138.600143 	
133.221619 	82.036575 	121.918007 	54.561890 	117.456375 	146.013702 	60.440052 	76.837494 	24.083189 	120.216469 	21.931713 	129.495178 	22.671568 	46.324940 	80.802231 	106.212051 	114.201576 	107.447662 	109.480591 	105.759163 	12.727922 	113.278419 	126.574089 	55.226807 	141.767410 	19.209373 	79.881165 	14.422205 	5.385165 	107.615051 	34.014702 	57.245087 	128.763351 	78.032043 	137.887634 	126.732002 	102.415817 	146.413803 	999.000000 	120.253899 	72.449982 	32.015621 	98.270035 	25.317978 	104.847511 	144.422989 	105.815880 	17.464249 	106.677086 	66.098412 	68.308128 	102.474388 	18.681541 	
36.674240 	39.357338 	22.022715 	65.802734 	17.804493 	43.737854 	59.816387 	43.416588 	96.607452 	14.866069 	98.600204 	20.880613 	97.616600 	74.330345 	47.074409 	30.364452 	29.681644 	28.460499 	26.925823 	26.683329 	122.331520 	10.049875 	15.811388 	65.764732 	32.015621 	101.044548 	41.036568 	105.891457 	115.602768 	12.727922 	87.692642 	65.192024 	13.000000 	44.204071 	23.194826 	10.000000 	18.601076 	31.780497 	120.253899 	999.000000 	51.865211 	91.967384 	26.000000 	99.005051 	18.973665 	25.553865 	21.213203 	110.317726 	21.095022 	63.134777 	61.294373 	26.305893 	110.344917 	
77.103828 	25.709921 	61.846584 	24.331051 	56.044624 	88.526833 	18.973665 	16.763054 	50.960770 	57.245087 	52.497620 	67.067131 	50.921509 	26.925823 	37.121422 	52.000000 	59.135437 	52.038448 	53.150730 	49.091751 	77.491936 	47.927029 	62.769421 	18.248287 	80.056229 	53.851646 	13.038404 	58.180752 	68.541962 	39.446167 	38.470768 	15.231546 	63.063461 	8.246211 	73.348480 	60.415230 	33.286633 	82.292160 	72.449982 	51.865211 	999.000000 	41.617306 	26.870058 	48.826221 	33.970577 	77.388626 	34.058773 	60.000000 	34.828148 	12.165525 	11.000000 	30.232433 	59.816387 	
110.494347 	56.435802 	97.247108 	29.732138 	92.114059 	122.983742 	34.000000 	49.406479 	18.027756 	94.302704 	17.888544 	104.009613 	15.652476 	18.788294 	59.481091 	83.258636 	91.285271 	84.095184 	85.866173 	81.841309 	40.012497 	86.214851 	100.439034 	26.400757 	116.811813 	16.492422 	50.931328 	19.000000 	29.154760 	79.246452 	6.000000 	26.907248 	101.828285 	48.166378 	111.606453 	99.488693 	73.539108 	120.432556 	32.015621 	91.967384 	41.617306 	999.000000 	68.249542 	7.211102 	75.166481 	117.034180 	75.604233 	18.439089 	76.400261 	34.176014 	36.400551 	71.847061 	18.384777 	
57.314919 	25.709921 	41.194660 	45.541191 	35.227829 	67.029846 	39.217342 	24.186773 	75.584389 	35.000000 	77.369247 	44.181442 	76.059189 	51.971146 	38.626415 	38.078865 	42.720020 	37.121422 	37.161808 	34.000000 	102.044106 	25.000000 	39.319206 	43.046486 	56.718605 	79.259071 	18.973665 	83.862984 	94.021271 	15.033297 	64.637451 	41.400482 	38.327538 	20.248457 	48.764740 	35.440090 	9.055386 	57.567352 	98.270035 	26.000000 	26.870058 	68.249542 	999.000000 	75.432091 	7.211102 	51.429562 	7.615773 	86.683334 	8.544003 	37.443291 	35.510563 	6.324555 	86.556343 	
116.726173 	62.968246 	103.773796 	35.777088 	98.737022 	129.294235 	40.496914 	56.222771 	16.643316 	101.019798 	15.620500 	110.679718 	13.601471 	25.238859 	65.192024 	89.442719 	97.493591 	90.354858 	92.179176 	88.192970 	34.365681 	93.085983 	107.200745 	33.301651 	123.422043 	12.806249 	57.982758 	13.601471 	23.021729 	86.278618 	11.661903 	34.058773 	108.706024 	55.317268 	118.406082 	106.404884 	80.622574 	127.200630 	25.317978 	99.005051 	48.826221 	7.211102 	75.432091 	999.000000 	82.328613 	123.987900 	82.800964 	11.313708 	83.600243 	41.231056 	43.462627 	79.056938 	11.401754 	
51.971146 	29.000000 	35.902645 	51.478149 	30.083218 	61.032780 	45.188496 	29.410883 	81.884064 	29.274563 	83.725746 	38.000000 	82.492424 	58.523499 	40.792156 	35.468296 	38.948685 	34.205261 	33.837849 	31.240999 	108.226616 	19.416489 	33.015148 	49.648766 	50.249378 	85.755463 	25.059929 	90.426765 	100.498756 	9.486833 	71.400284 	48.270073 	31.575306 	27.018513 	41.976185 	28.635643 	5.830952 	50.695168 	104.847511 	18.973665 	33.970577 	75.166481 	7.211102 	82.328613 	999.000000 	44.283180 	4.242640 	93.605553 	5.000000 	44.654228 	42.720020 	8.246211 	93.509361 	
31.016125 	62.481998 	27.459061 	89.872131 	29.154760 	29.698484 	84.148682 	67.896980 	120.507263 	25.495098 	122.576508 	19.104973 	121.753853 	99.035347 	67.119293 	43.965897 	38.470768 	42.059483 	39.849716 	42.154476 	145.602203 	31.144823 	19.313208 	90.686272 	17.204651 	125.255737 	66.219330 	130.176804 	139.603012 	38.013157 	112.538879 	90.426765 	15.811388 	69.634758 	10.049875 	17.691807 	44.102154 	10.816654 	144.422989 	25.553865 	77.388626 	117.034180 	51.429562 	123.987900 	44.283180 	999.000000 	45.880280 	135.281189 	45.541191 	88.684837 	86.833176 	50.921509 	135.369858 	
55.542778 	32.140316 	39.560081 	53.141319 	33.837849 	64.195015 	46.818798 	31.575306 	83.192551 	32.756680 	84.970581 	41.109608 	83.648071 	59.539902 	44.384682 	39.698868 	43.046486 	38.418747 	38.013157 	35.468296 	109.658562 	23.086792 	36.055511 	50.606323 	53.037724 	86.833176 	26.570660 	91.416626 	101.597244 	13.416408 	72.111023 	48.826221 	34.132095 	27.784887 	44.407207 	31.144823 	10.000000 	52.952808 	105.815880 	21.213203 	34.058773 	75.604233 	7.615773 	82.800964 	4.242640 	45.880280 	999.000000 	94.021271 	1.000000 	44.045429 	42.011902 	5.099020 	93.861603 	
127.534309 	74.060783 	114.825958 	46.647614 	109.859001 	140.160629 	51.613953 	67.475922 	22.022715 	112.200714 	20.099751 	121.827744 	19.000000 	36.400551 	75.643906 	100.239716 	108.300507 	101.212646 	103.077644 	99.126183 	29.068884 	104.350372 	118.406082 	44.598206 	134.525085 	16.124516 	69.296463 	13.000000 	17.492855 	97.590981 	22.803509 	45.343136 	119.970833 	66.603302 	129.630249 	117.686020 	91.934761 	138.405197 	17.464249 	110.317726 	60.000000 	18.439089 	86.683334 	11.313708 	93.605553 	135.281189 	94.021271 	999.000000 	94.810333 	51.884487 	54.120235 	90.210861 	1.414214 	
55.785301 	33.136082 	39.849716 	54.083271 	34.176014 	64.280632 	47.759815 	32.557640 	84.095184 	32.984844 	85.866173 	41.194660 	84.534019 	60.415230 	45.354160 	40.360870 	43.566040 	39.051247 	38.600517 	36.124783 	110.571243 	23.409399 	36.124783 	51.478149 	53.009434 	87.709747 	27.513634 	92.282173 	102.474388 	13.892444 	72.945183 	49.648766 	34.058773 	28.653097 	44.283180 	31.064449 	10.816654 	52.773098 	106.677086 	21.095022 	34.828148 	76.400261 	8.544003 	83.600243 	5.000000 	45.541191 	1.000000 	94.810333 	999.000000 	44.687805 	42.638012 	5.385165 	94.641426 	
89.269257 	37.215588 	73.979729 	27.202942 	68.154236 	100.662804 	24.083189 	28.160255 	47.042534 	69.260376 	48.166378 	79.056938 	46.270943 	24.515301 	47.434166 	64.031242 	71.253067 	64.124878 	65.276337 	61.204575 	72.835434 	59.808025 	74.672615 	18.357559 	92.027168 	48.662102 	25.179358 	52.392746 	62.817196 	50.990196 	32.557640 	13.416408 	74.732857 	20.396078 	85.088188 	72.013885 	44.721359 	94.021271 	66.098412 	63.134777 	12.165525 	34.176014 	37.443291 	41.231056 	44.654228 	88.684837 	44.045429 	51.884487 	44.687805 	999.000000 	2.236068 	39.623226 	51.478149 	
87.965904 	36.496574 	72.567207 	28.301943 	66.708321 	99.247169 	24.758837 	27.459061 	49.091751 	67.720009 	50.249378 	77.491936 	48.373547 	26.305893 	47.169907 	63.000000 	70.114189 	63.031738 	64.124878 	60.074955 	74.966660 	58.189346 	73.054771 	19.697716 	90.443352 	50.803543 	24.020824 	54.571056 	65.000000 	49.244289 	34.713108 	14.866069 	73.006851 	19.104973 	83.384651 	70.263786 	42.953465 	92.309265 	68.308128 	61.294373 	11.000000 	36.400551 	35.510563 	43.462627 	42.720020 	86.833176 	42.011902 	54.120235 	42.638012 	2.236068 	999.000000 	37.536648 	53.712196 	
60.207973 	32.015621 	44.147480 	50.695168 	38.327538 	69.115845 	44.384682 	30.016663 	80.230919 	37.483330 	81.939003 	46.043457 	80.529495 	56.364883 	44.944408 	43.011627 	46.957428 	41.880783 	41.677334 	38.832977 	106.775467 	27.658634 	41.012192 	47.423622 	58.077534 	83.630135 	24.331051 	88.119240 	98.386993 	17.720045 	68.600288 	45.276924 	39.204590 	24.698177 	49.497475 	36.221542 	13.038404 	58.051701 	102.474388 	26.305893 	30.232433 	71.847061 	6.324555 	79.056938 	8.246211 	50.921509 	5.099020 	90.210861 	5.385165 	39.623226 	37.536648 	999.000000 	90.000000 	
127.941391 	74.330345 	115.121674 	47.010635 	110.113579 	140.545364 	51.865211 	67.623962 	23.086792 	112.414413 	21.213203 	122.065559 	20.024984 	36.619667 	76.157730 	100.647903 	108.706024 	101.597244 	103.445641 	99.478638 	30.413813 	104.484451 	118.600166 	44.687805 	134.792435 	17.262676 	69.310890 	14.317822 	18.867962 	97.621719 	23.021729 	45.276924 	120.104118 	66.528191 	129.807556 	117.796432 	91.923882 	138.600143 	18.681541 	110.344917 	59.816387 	18.384777 	86.556343 	11.401754 	93.509361 	135.369858 	93.861603 	1.414214 	94.641426 	51.478149 	53.712196 	90.000000 	999.000000 	

Travel time:
9.000000 	1.360606 	0.403113 	2.023765 	0.552268 	0.320156 	1.913929 	1.566046 	2.732215 	0.570088 	2.787584 	0.410031 	2.780513 	2.292651 	1.310773 	0.682367 	0.480885 	0.660019 	0.617454 	0.719809 	3.294883 	0.813941 	0.527376 	2.121615 	0.375832 	2.870649 	1.603317 	2.995413 	3.200098 	1.064483 	2.627380 	2.158269 	0.640312 	1.722099 	0.536773 	0.700446 	1.206493 	0.577170 	3.330540 	0.916856 	1.927596 	2.762359 	1.432873 	2.918154 	1.299279 	0.775403 	1.388569 	3.188358 	1.394633 	2.231731 	2.199148 	1.505199 	3.198535 	
1.360606 	9.000000 	1.020416 	0.691466 	0.895126 	1.667708 	0.561805 	0.226385 	1.451293 	0.957209 	1.503537 	1.195042 	1.484924 	0.943398 	0.340037 	0.691466 	0.886002 	0.704006 	0.743303 	0.640800 	2.080865 	0.785016 	1.114955 	0.761577 	1.511622 	1.573412 	0.347311 	1.697425 	1.928892 	0.687841 	1.282819 	0.800391 	1.168867 	0.469707 	1.397542 	1.120547 	0.604669 	1.613420 	2.050914 	0.983933 	0.642748 	1.410895 	0.642748 	1.574206 	0.725000 	1.562050 	0.803508 	1.851520 	0.828402 	0.930390 	0.912414 	0.800391 	1.858259 	
0.403113 	1.020416 	9.000000 	1.706055 	0.150000 	0.667083 	1.582127 	1.208305 	2.445915 	0.180278 	2.500125 	0.213600 	2.487217 	1.963734 	1.046721 	0.425000 	0.276134 	0.381608 	0.325960 	0.406971 	3.042408 	0.412311 	0.230489 	1.777991 	0.496236 	2.576941 	1.226020 	2.701851 	2.921151 	0.661910 	2.302851 	1.802255 	0.364006 	1.340009 	0.450694 	0.391312 	0.803508 	0.630971 	3.047950 	0.550568 	1.546165 	2.431178 	1.029866 	2.594345 	0.897566 	0.686477 	0.989002 	2.870649 	0.996243 	1.849493 	1.814180 	1.103687 	2.878042 	
2.023765 	0.691466 	1.706055 	9.000000 	1.585284 	2.338402 	0.158114 	0.561805 	0.770146 	1.648674 	0.820061 	1.885802 	0.797261 	0.279509 	0.745822 	1.341641 	1.542928 	1.364734 	1.410895 	1.311964 	1.420607 	1.468205 	1.806239 	0.230489 	2.200142 	0.884590 	0.664266 	1.007782 	1.245492 	1.331353 	0.604152 	0.353553 	1.856240 	0.657647 	2.088660 	1.804508 	1.209339 	2.304886 	1.364047 	1.645068 	0.608276 	0.743303 	1.138530 	0.894427 	1.286954 	2.246803 	1.328533 	1.166190 	1.352082 	0.680074 	0.707549 	1.267379 	1.175266 	
0.552268 	0.895126 	0.150000 	1.585284 	9.000000 	0.813941 	1.456237 	1.073546 	2.334524 	0.100000 	2.388122 	0.301040 	2.373025 	1.837457 	0.956883 	0.378319 	0.302076 	0.328824 	0.276134 	0.325000 	2.942151 	0.269258 	0.246221 	1.646587 	0.617454 	2.462341 	1.083109 	2.586987 	2.811250 	0.515388 	2.177298 	1.666021 	0.353553 	1.195042 	0.520216 	0.350892 	0.654313 	0.725000 	2.936409 	0.445112 	1.401116 	2.302851 	0.880696 	2.468426 	0.752080 	0.728869 	0.845946 	2.746475 	0.854400 	1.703856 	1.667708 	0.958188 	2.752840 	
0.320156 	1.667708 	0.667083 	2.338402 	0.813941 	9.000000 	2.225000 	1.866815 	3.051639 	0.801561 	3.106948 	0.577170 	3.099395 	2.605043 	1.630376 	0.999062 	0.797653 	0.973717 	0.928036 	1.028652 	3.614727 	1.051190 	0.704006 	2.429249 	0.325960 	3.189534 	1.892254 	3.314363 	3.520032 	1.300240 	2.941195 	2.460818 	0.776209 	2.007019 	0.570636 	0.848896 	1.451938 	0.480234 	3.650342 	1.093446 	2.213171 	3.074594 	1.675746 	3.232356 	1.525820 	0.742462 	1.604875 	3.504016 	1.607016 	2.516570 	2.481179 	1.727896 	3.513634 	
1.913929 	0.561805 	1.582127 	0.158114 	1.456237 	2.225000 	9.000000 	0.410031 	0.922293 	1.515132 	0.970824 	1.755349 	0.945053 	0.381608 	0.675463 	1.234909 	1.434617 	1.253994 	1.297353 	1.196349 	1.576586 	1.325943 	1.671077 	0.225000 	2.073192 	1.030776 	0.506211 	1.152443 	1.395081 	1.180042 	0.721110 	0.316228 	1.715554 	0.502494 	1.952562 	1.661701 	1.054751 	2.170829 	1.511001 	1.495410 	0.474342 	0.850000 	0.980434 	1.012423 	1.129712 	2.103717 	1.170470 	1.290349 	1.193995 	0.602080 	0.618971 	1.109617 	1.296630 	
1.566046 	0.226385 	1.208305 	0.561805 	1.073546 	1.866815 	0.410031 	9.000000 	1.331353 	1.123610 	1.380444 	1.367708 	1.355083 	0.778621 	0.520216 	0.908639 	1.098294 	0.916856 	0.951972 	0.848896 	1.981477 	0.921954 	1.275980 	0.575543 	1.690044 	1.440703 	0.167705 	1.562050 	1.805028 	0.770146 	1.117195 	0.594243 	1.312441 	0.265754 	1.555032 	1.256234 	0.648556 	1.775704 	1.920937 	1.085415 	0.419076 	1.235162 	0.604669 	1.405569 	0.735272 	1.697425 	0.789383 	1.686898 	0.813941 	0.704006 	0.686477 	0.750417 	1.690599 	
2.732215 	1.451293 	2.445915 	0.770146 	2.334524 	3.051639 	0.922293 	1.331353 	9.000000 	2.404163 	0.055902 	2.635455 	0.079057 	0.601041 	1.421487 	2.055024 	2.255271 	2.085216 	2.135708 	2.042211 	0.664266 	2.234390 	2.563323 	0.822344 	2.942151 	0.152069 	1.420607 	0.269258 	0.477624 	2.101339 	0.388104 	0.897566 	2.620115 	1.388569 	2.846160 	2.570627 	1.976898 	3.058697 	0.602080 	2.415186 	1.274019 	0.450694 	1.889610 	0.416083 	2.047101 	3.012681 	2.079814 	0.550568 	2.102380 	1.176063 	1.227294 	2.005773 	0.577170 	
0.570088 	0.957209 	0.180278 	1.648674 	0.100000 	0.801561 	1.515132 	1.123610 	2.404163 	9.000000 	2.457260 	0.246221 	2.440543 	1.895059 	1.041933 	0.477624 	0.395285 	0.427931 	0.375832 	0.419076 	3.018485 	0.250000 	0.160078 	1.698897 	0.571183 	2.529452 	1.119431 	2.653771 	2.881514 	0.500625 	2.235090 	1.711907 	0.254951 	1.226020 	0.442295 	0.251247 	0.650481 	0.656220 	3.005412 	0.371652 	1.431127 	2.357568 	0.875000 	2.525495 	0.731864 	0.637377 	0.818917 	2.805018 	0.824621 	1.731509 	1.693000 	0.937083 	2.810360 	
2.787584 	1.503537 	2.500125 	0.820061 	2.388122 	3.106948 	0.970824 	1.380444 	0.055902 	2.457260 	9.000000 	2.689098 	0.055902 	0.640800 	1.476906 	2.110095 	2.310438 	2.140093 	2.190462 	2.096724 	0.625000 	2.285963 	2.616295 	0.863496 	2.996352 	0.100000 	1.466714 	0.213600 	0.425735 	2.150581 	0.403113 	0.934077 	2.672195 	1.431782 	2.899138 	2.622261 	2.024846 	3.112073 	0.548293 	2.465005 	1.312441 	0.447214 	1.934231 	0.390512 	2.093144 	3.064413 	2.124264 	0.502494 	2.146654 	1.204159 	1.256234 	2.048475 	0.530330 	
0.410031 	1.195042 	0.213600 	1.885802 	0.301040 	0.577170 	1.755349 	1.367708 	2.635455 	0.246221 	2.689098 	9.000000 	2.674065 	2.136147 	1.250000 	0.637377 	0.485412 	0.592663 	0.536773 	0.610328 	3.240852 	0.485412 	0.127475 	1.942453 	0.325000 	2.763377 	1.365650 	2.888014 	3.112073 	0.728869 	2.476136 	1.957358 	0.230489 	1.471819 	0.237171 	0.291548 	0.883883 	0.425735 	3.237380 	0.522015 	1.676678 	2.600240 	1.104536 	2.766993 	0.950000 	0.477624 	1.027740 	3.045694 	1.029866 	1.976424 	1.937298 	1.151086 	3.051639 	
2.780513 	1.484924 	2.487217 	0.797261 	2.373025 	3.099395 	0.945053 	1.355083 	0.079057 	2.440543 	0.055902 	2.674065 	9.000000 	0.604152 	1.470757 	2.101339 	2.302173 	2.130288 	2.180023 	2.085216 	0.667083 	2.265226 	2.599159 	0.827647 	2.983287 	0.090139 	1.436358 	0.215058 	0.450694 	2.125000 	0.350892 	0.893378 	2.652593 	1.397542 	2.881948 	2.601562 	1.997029 	3.096066 	0.566789 	2.440415 	1.273038 	0.391312 	1.901480 	0.340037 	2.062311 	3.043846 	2.091202 	0.475000 	2.113350 	1.156774 	1.209339 	2.013237 	0.500625 	
2.292651 	0.943398 	1.963734 	0.279509 	1.837457 	2.605043 	0.381608 	0.778621 	0.601041 	1.895059 	0.640800 	2.136147 	0.604152 	9.000000 	1.025000 	1.611870 	1.812457 	1.632674 	1.677051 	1.576586 	1.264911 	1.700368 	2.050152 	0.223607 	2.454587 	0.682367 	0.840015 	0.797653 	1.051487 	1.540495 	0.340037 	0.301040 	2.090753 	0.794119 	2.330906 	2.034853 	1.405569 	2.550122 	1.158123 	1.858259 	0.673146 	0.469707 	1.299279 	0.630971 	1.463087 	2.475884 	1.488497 	0.910014 	1.510381 	0.612882 	0.657647 	1.409122 	0.915492 	
1.310773 	0.340037 	1.046721 	0.745822 	0.956883 	1.630376 	0.675463 	0.520216 	1.421487 	1.041933 	1.476906 	1.250000 	1.470757 	1.025000 	9.000000 	0.637377 	0.835539 	0.671751 	0.725000 	0.640312 	1.997655 	0.941076 	1.200521 	0.900347 	1.538871 	1.560849 	0.672681 	1.685416 	1.890106 	0.925338 	1.343968 	0.977880 	1.285739 	0.785016 	1.476906 	1.253994 	0.883883 	1.675187 	2.020056 	1.176860 	0.928036 	1.487027 	0.965660 	1.629801 	1.019804 	1.677982 	1.109617 	1.891098 	1.133854 	1.185854 	1.179248 	1.123610 	1.903943 	
0.682367 	0.691466 	0.425000 	1.341641 	0.378319 	0.999062 	1.234909 	0.908639 	2.055024 	0.477624 	2.110095 	0.637377 	2.101339 	1.611870 	0.637377 	9.000000 	0.201556 	0.050000 	0.103078 	0.106066 	2.634032 	0.515388 	0.618466 	1.446764 	0.905883 	2.191461 	0.975320 	2.316382 	2.526114 	0.672681 	1.945508 	1.491643 	0.731864 	1.101136 	0.873212 	0.725431 	0.750000 	1.054751 	2.655301 	0.759111 	1.300000 	2.081466 	0.951972 	2.236068 	0.886707 	1.099147 	0.992472 	2.505993 	1.009022 	1.600781 	1.575000 	1.075291 	2.516198 	
