Total assets = 660
Number of asset nodes = 33

Distance:
999.000000 	61.854668 	114.978256 	20.223749 	29.614185 	84.053551 	26.925823 	117.379723 	46.097721 	23.086792 	103.174606 	110.453613 	125.255737 	80.131142 	104.637466 	130.230560 	30.610456 	35.014282 	15.264338 	29.732138 	42.190044 	25.238859 	96.566040 	88.588936 	59.228371 	59.033890 	26.627054 	56.568542 	41.012192 	38.078865 	49.040798 	86.162636 	74.464760 	91.389275 	45.891174 	142.898560 	96.566040 	87.641312 	103.077644 	104.403069 	92.395889 	83.096329 	104.139328 	105.171288 	
61.854668 	999.000000 	57.775429 	44.553337 	36.400551 	22.203604 	88.752464 	57.688820 	32.756680 	45.880280 	51.351727 	49.819675 	66.370171 	19.416489 	43.139309 	71.344238 	92.417534 	37.576588 	64.443771 	91.400215 	32.280025 	85.796272 	34.885529 	27.892651 	24.041630 	25.000000 	57.801384 	27.459061 	102.449989 	46.173584 	37.054016 	29.154760 	26.400757 	33.015148 	44.407207 	82.328613 	39.000000 	34.481880 	44.283180 	47.010635 	44.283180 	44.553337 	52.886673 	61.294373 	
114.978256 	57.775429 	999.000000 	100.702530 	93.536087 	40.311287 	140.758652 	10.295630 	71.700768 	94.047859 	17.117243 	16.124516 	11.704700 	49.162994 	24.351591 	16.124516 	145.096527 	95.341492 	120.652390 	144.499130 	89.888817 	140.089264 	37.854988 	46.173584 	77.665955 	78.644768 	115.381973 	82.000000 	155.878159 	103.817146 	93.407707 	56.320511 	69.028976 	52.952808 	101.242287 	31.622776 	55.362442 	63.788715 	52.392746 	57.271286 	73.979729 	84.480766 	72.615425 	87.664131 	
20.223749 	44.553337 	100.702530 	999.000000 	9.486833 	66.528191 	46.238514 	101.828285 	39.012817 	23.021729 	90.873535 	94.260277 	110.208893 	61.611687 	87.681244 	115.208504 	49.193497 	15.132746 	20.000000 	47.885281 	22.022715 	41.617306 	78.409180 	69.892776 	39.051247 	38.832977 	18.110771 	36.345562 	58.523499 	20.808653 	29.427877 	66.640831 	54.405884 	72.006943 	27.730848 	126.810883 	76.967529 	67.675697 	83.630135 	84.693565 	72.180328 	63.007935 	83.952370 	85.052925 	
29.614185 	36.400551 	93.536087 	9.486833 	999.000000 	58.000000 	55.713554 	94.047859 	37.363083 	27.202942 	84.758484 	86.214851 	102.625534 	52.630791 	79.309517 	107.615051 	58.600342 	7.810250 	28.319605 	57.245087 	13.152946 	50.774010 	69.526970 	60.802959 	29.614185 	29.427877 	22.135944 	27.073973 	67.742157 	17.000000 	21.540659 	57.245087 	44.922153 	62.649822 	21.931713 	118.697090 	67.542580 	58.189346 	74.242844 	75.239616 	62.801273 	54.037025 	74.525162 	76.000000 	
84.053551 	22.203604 	40.311287 	66.528191 	58.000000 	999.000000 	110.941429 	37.696156 	50.358715 	67.230942 	39.849716 	29.068884 	46.818798 	9.055386 	21.400934 	51.623638 	114.621117 	58.008621 	86.267029 	113.600174 	51.623638 	107.935165 	13.341664 	10.816654 	37.643059 	38.600517 	78.600258 	42.059483 	124.631454 	65.368187 	53.851646 	19.416489 	29.154760 	19.209373 	61.846584 	61.032780 	24.698177 	27.459061 	27.202942 	31.384710 	38.832977 	46.173584 	42.638012 	55.317268 	
26.925823 	88.752464 	140.758652 	46.238514 	55.713554 	110.941429 	999.000000 	143.683685 	70.000000 	46.861500 	128.062485 	137.000000 	151.327454 	107.042046 	131.400146 	156.272202 	5.099020 	59.908264 	31.016125 	6.082763 	67.446274 	11.401754 	123.490891 	115.485931 	85.070557 	84.770279 	45.011108 	82.006096 	16.155495 	60.207973 	72.993149 	112.805145 	100.568382 	118.105888 	68.183578 	169.331039 	123.166557 	113.885910 	129.769028 	130.923645 	117.881294 	107.517441 	129.807556 	129.553085 	
117.379723 	57.688820 	10.295630 	101.828285 	94.047859 	37.696156 	143.683685 	999.000000 	76.006577 	97.452553 	26.172504 	9.055386 	9.219544 	45.880280 	18.027756 	13.928389 	147.827606 	95.015785 	121.823647 	147.085007 	89.005615 	142.214630 	32.015621 	41.303753 	75.272835 	76.216797 	115.433968 	79.711983 	158.391922 	102.859123 	91.547798 	51.088158 	64.938431 	47.010635 	99.538940 	25.806976 	48.507732 	58.008621 	44.643028 	49.335587 	67.475922 	79.000000 	64.845970 	80.081207 	
46.097721 	32.756680 	71.700768 	39.012817 	37.363083 	50.358715 	70.000000 	76.006577 	999.000000 	23.323807 	58.137768 	70.661163 	82.800964 	51.088158 	67.067131 	87.618492 	74.632431 	44.011364 	56.089214 	74.330345 	44.418465 	71.119621 	63.639610 	59.000000 	49.203659 	49.819675 	57.078892 	50.249378 	85.702972 	54.083271 	53.254108 	61.814240 	57.775429 	65.276337 	57.245087 	101.788994 	71.344238 	67.186310 	76.026314 	79.227524 	76.550636 	74.431175 	85.615417 	93.230896 	
23.086792 	45.880280 	94.047859 	23.021729 	27.202942 	67.230942 	46.861500 	97.452553 	23.323807 	999.000000 	81.215759 	91.263351 	104.804581 	65.253349 	86.452301 	109.713264 	51.400391 	35.000000 	35.014282 	51.039200 	39.357338 	47.853943 	80.411446 	73.763138 	51.971146 	52.172791 	39.924931 	50.960770 	62.425957 	43.139309 	48.373547 	73.681747 	65.069191 	78.262383 	49.040798 	123.227432 	84.011902 	77.058418 	89.822044 	92.070625 	84.214012 	78.102493 	95.005264 	99.297531 	
103.174606 	51.351727 	17.117243 	90.873535 	84.758484 	39.849716 	128.062485 	26.172504 	58.137768 	81.215759 	999.000000 	27.730848 	28.635643 	48.764740 	32.649654 	32.572994 	132.612213 	87.800911 	110.462662 	132.200607 	83.360664 	128.413391 	43.011627 	48.754486 	74.006760 	75.006668 	106.892471 	78.006409 	143.600143 	97.082436 	88.362885 	58.694122 	68.658577 	56.824291 	95.754898 	48.507732 	60.745369 	66.708321 	59.665737 	64.660652 	77.820305 	86.023254 	79.056938 	93.295227 	
110.453613 	49.819675 	16.124516 	94.260277 	86.214851 	29.068884 	137.000000 	9.055386 	70.661163 	91.263351 	27.730848 	999.000000 	18.248287 	37.000000 	9.000000 	22.803509 	141.014191 	86.821655 	114.214706 	140.185593 	80.622574 	135.059250 	23.000000 	32.249031 	66.483078 	67.416618 	107.335922 	70.936592 	151.426544 	94.413979 	82.855293 	42.047592 	55.901699 	38.052597 	90.873535 	32.557640 	39.812057 	49.040798 	36.400551 	41.231056 	58.694122 	70.007141 	56.648037 	71.784401 	
125.255737 	66.370171 	11.704700 	110.208893 	102.625534 	46.818798 	151.327454 	9.219544 	82.800964 	104.804581 	28.635643 	18.248287 	999.000000 	55.081757 	27.166155 	5.000000 	155.569916 	103.831596 	130.207520 	154.896744 	97.943863 	150.233154 	41.109608 	50.487621 	84.433403 	85.381500 	124.169243 	88.865067 	166.243790 	111.825760 	100.657837 	60.207973 	74.148499 	56.008926 	108.632408 	19.924858 	57.218880 	67.007462 	52.952808 	57.489128 	76.236473 	88.022728 	73.006851 	88.294960 	
80.131142 	19.416489 	49.162994 	61.611687 	52.630791 	9.055386 	107.042046 	45.880280 	51.088158 	65.253349 	48.764740 	37.000000 	55.081757 	999.000000 	28.635643 	59.774578 	110.453613 	51.662365 	80.919716 	109.293182 	44.821869 	103.227905 	16.970562 	8.544003 	29.546574 	30.463093 	72.249565 	34.014702 	120.104118 	58.249462 	46.065170 	12.206555 	20.099751 	14.317822 	54.120235 	68.095520 	20.396078 	19.798990 	25.019993 	28.160255 	31.144823 	37.336308 	36.715118 	48.104053 	
104.637466 	43.139309 	24.351591 	87.681244 	79.309517 	21.400934 	131.400146 	18.027756 	67.067131 	86.452301 	32.649654 	9.000000 	27.166155 	28.635643 	999.000000 	31.575306 	135.247925 	79.404030 	107.517441 	134.316788 	72.945183 	128.887543 	14.000000 	23.345236 	58.180752 	59.093147 	100.000000 	62.649822 	145.454468 	86.608315 	74.686012 	33.060551 	47.074409 	29.068884 	82.734512 	39.661064 	31.048349 	40.049969 	28.178005 	33.120991 	49.819675 	61.008198 	48.332184 	63.324562 	
130.230560 	71.344238 	16.124516 	115.208504 	107.615051 	51.623638 	156.272202 	13.928389 	87.618492 	109.713264 	32.572994 	22.803509 	5.000000 	59.774578 	31.575306 	999.000000 	160.527252 	108.784187 	135.207245 	159.862442 	102.859123 	155.219193 	45.398239 	54.918121 	89.196411 	90.138779 	129.139465 	93.637596 	171.213318 	116.730461 	105.475113 	64.498062 	78.644768 	60.133186 	113.463654 	16.124516 	61.032780 	71.112587 	56.435802 	60.827625 	80.056229 	92.135773 	76.295479 	91.591484 	
30.610456 	92.417534 	145.096527 	49.193497 	58.600342 	114.621117 	5.099020 	147.827606 	74.632431 	51.400391 	132.612213 	141.014191 	155.569916 	110.453613 	135.247925 	160.527252 	999.000000 	62.297672 	32.557640 	2.236068 	69.892776 	10.198039 	127.027557 	118.848640 	87.664131 	87.315521 	46.173584 	84.433403 	11.180340 	61.814240 	74.953316 	115.831772 	103.247276 	121.198181 	69.720871 	173.415680 	126.142776 	116.619041 	132.823196 	133.824509 	120.208153 	109.444046 	132.196823 	131.400146 	
35.014282 	37.576588 	95.341492 	15.132746 	7.810250 	58.008621 	59.908264 	95.015785 	44.011364 	35.000000 	87.800911 	86.821655 	103.831596 	51.662365 	79.404030 	108.784187 	62.297672 	999.000000 	30.413813 	60.745369 	7.615773 	53.712196 	68.622154 	59.413803 	25.495098 	25.079872 	20.615528 	22.135944 	70.682388 	10.198039 	14.317822 	54.644306 	41.146080 	60.216278 	14.142136 	119.037811 	64.660652 	54.561890 	71.561165 	72.069412 	57.974133 	48.093658 	69.921387 	70.178345 	
15.264338 	64.443771 	120.652390 	20.000000 	28.319605 	86.267029 	31.016125 	121.823647 	56.089214 	35.014282 	110.462662 	114.214706 	130.207520 	80.919716 	107.517441 	135.207245 	32.557640 	30.413813 	999.000000 	30.805843 	38.013157 	23.409399 	97.836601 	89.022469 	55.901699 	55.461697 	14.142136 	52.392746 	40.311287 	29.274563 	42.449970 	84.905830 	71.554176 	90.426765 	37.215588 	146.754898 	95.015785 	84.970581 	101.872467 	102.474388 	87.920418 	76.902534 	99.959991 	98.843307 	
29.732138 	91.400215 	144.499130 	47.885281 	57.245087 	113.600174 	6.082763 	147.085007 	74.330345 	51.039200 	132.200607 	140.185593 	154.896744 	109.293182 	134.316788 	159.862442 	2.236068 	60.745369 	30.805843 	999.000000 	68.352028 	8.062258 	125.924583 	117.660530 	86.162636 	85.796272 	44.283180 	82.873398 	11.401754 	60.016663 	73.246162 	114.490173 	101.769348 	119.883278 	67.896980 	172.626770 	124.775803 	115.156418 	131.487640 	132.423569 	118.595955 	107.707939 	130.602448 	129.634094 	
42.190044 	32.280025 	89.888817 	22.022715 	13.152946 	51.623638 	67.446274 	89.005615 	44.418465 	39.357338 	83.360664 	80.622574 	97.943863 	44.821869 	72.945183 	102.859123 	69.892776 	7.615773 	38.013157 	68.352028 	999.000000 	61.326992 	61.717098 	52.345009 	17.888544 	17.464249 	27.586229 	14.560220 	78.294319 	13.928389 	9.219544 	47.201694 	33.541019 	52.801514 	13.341664 	112.605507 	57.140179 	46.957428 	64.070274 	64.498062 	50.447994 	41.000000 	62.361847 	63.031738 	
25.238859 	85.796272 	140.089264 	41.617306 	50.774010 	107.935165 	11.401754 	142.214630 	71.119621 	47.853943 	128.413391 	135.059250 	150.233154 	103.227905 	128.887543 	155.219193 	10.198039 	53.712196 	23.409399 	8.062258 	61.326992 	999.000000 	120.000000 	111.503365 	79.202271 	78.790863 	36.496574 	75.769386 	17.000000 	52.392746 	65.802734 	107.912003 	94.847244 	113.371071 	60.207973 	167.585800 	118.118584 	108.258949 	124.907967 	125.670204 	111.328346 	100.169853 	123.369362 	122.024590 	
96.566040 	34.885529 	37.854988 	78.409180 	69.526970 	13.341664 	123.490891 	32.015621 	63.639610 	80.411446 	43.011627 	23.000000 	41.109608 	16.970562 	14.000000 	45.398239 	127.027557 	68.622154 	97.836601 	125.924583 	61.717098 	120.000000 	999.000000 	9.848858 	45.793011 	46.647614 	89.196411 	50.249378 	136.824707 	75.000000 	62.433964 	19.104973 	33.526108 	15.132746 	70.491135 	51.894123 	17.888544 	26.076809 	17.029387 	21.931713 	36.138622 	47.010635 	36.055511 	50.537113 	
88.588936 	27.892651 	46.173584 	69.892776 	60.802959 	10.816654 	115.485931 	41.303753 	59.000000 	73.763138 	48.754486 	32.249031 	50.487621 	8.544003 	23.345236 	54.918121 	118.848640 	59.413803 	89.022469 	117.660530 	52.345009 	111.503365 	9.848858 	999.000000 	36.055511 	36.891735 	79.906197 	40.496914 	128.413391 	65.436989 	52.697250 	10.198039 	23.769728 	8.485281 	60.745369 	61.741398 	13.892444 	18.027756 	17.117243 	20.880613 	29.068884 	38.327538 	31.890438 	45.000000 	
59.228371 	24.041630 	77.665955 	39.051247 	29.614185 	37.643059 	85.070557 	75.272835 	49.203659 	51.971146 	74.006760 	66.483078 	84.433403 	29.546574 	58.180752 	89.196411 	87.664131 	25.495098 	55.901699 	86.162636 	17.888544 	79.202271 	45.793011 	36.055511 	999.000000 	1.000000 	45.000000 	4.472136 	96.176918 	29.698484 	16.643316 	29.732138 	15.652476 	35.383614 	24.698177 	97.529480 	39.408119 	29.068884 	46.400433 	46.647614 	33.241539 	26.248810 	44.911022 	47.381432 	
59.033890 	25.000000 	78.644768 	38.832977 	29.427877 	38.600517 	84.770279 	76.216797 	49.819675 	52.172791 	75.006668 	67.416618 	85.381500 	30.463093 	59.093147 	90.138779 	87.315521 	25.079872 	55.461697 	85.796272 	17.464249 	78.790863 	46.647614 	36.891735 	1.000000 	999.000000 	44.407207 	3.605551 	95.754898 	29.000000 	15.811388 	30.413813 	16.124516 	36.069378 	23.853722 	98.412399 	40.000000 	29.529646 	47.010635 	47.169907 	33.376640 	25.961510 	45.122055 	47.265209 	
26.627054 	57.801384 	115.381973 	18.110771 	22.135944 	78.600258 	45.011108 	115.433968 	57.078892 	39.924931 	106.892471 	107.335922 	124.169243 	72.249565 	100.000000 	129.139465 	46.173584 	20.615528 	14.142136 	44.283180 	27.586229 	36.496574 	89.196411 	79.906197 	45.000000 	44.407207 	999.000000 	41.048752 	52.886673 	16.155495 	29.966648 	74.652527 	60.464867 	80.280754 	23.769728 	139.617340 	84.403793 	73.783470 	91.400215 	91.525955 	75.643906 	63.890530 	87.726852 	85.615417 	
56.568542 	27.459061 	82.000000 	36.345562 	27.073973 	42.059483 	82.006096 	79.711983 	50.249378 	50.960770 	78.006409 	70.936592 	88.865067 	34.014702 	62.649822 	93.637596 	84.433403 	22.135944 	52.392746 	82.873398 	14.560220 	75.769386 	50.249378 	40.496914 	4.472136 	3.605551 	41.048752 	999.000000 	92.703827 	25.495098 	12.206555 	33.941124 	19.416489 	39.597980 	20.248457 	102.000000 	43.416588 	32.756680 	50.447994 	50.477718 	35.902645 	27.294687 	47.801674 	49.040798 	
41.012192 	102.449989 	155.878159 	58.523499 	67.742157 	124.631454 	16.155495 	158.391922 	85.702972 	62.425957 	143.600143 	151.426544 	166.243790 	120.104118 	145.454468 	171.213318 	11.180340 	70.682388 	40.311287 	11.401754 	78.294319 	17.000000 	136.824707 	128.413391 	96.176918 	95.754898 	52.886673 	92.703827 	999.000000 	68.963760 	82.540901 	124.907967 	111.825760 	130.361038 	76.655075 	183.896713 	135.118469 	125.239769 	141.904892 	142.667450 	128.160049 	116.760437 	140.217682 	138.495483 	
38.078865 	46.173584 	103.817146 	20.808653 	17.000000 	65.368187 	60.207973 	102.859123 	54.083271 	43.139309 	97.082436 	94.413979 	111.825760 	58.249462 	86.608315 	116.730461 	61.814240 	10.198039 	29.274563 	60.016663 	13.928389 	52.392746 	75.000000 	65.436989 	29.698484 	29.000000 	16.155495 	25.495098 	68.963760 	999.000000 	13.892444 	59.413803 	44.821869 	65.069191 	8.000000 	126.245789 	68.883957 	58.008621 	75.927597 	75.802376 	59.506302 	47.801674 	71.589104 	69.634758 	
49.040798 	37.054016 	93.407707 	29.427877 	21.540659 	53.851646 	72.993149 	91.547798 	53.254108 	48.373547 	88.362885 	82.855293 	100.657837 	46.065170 	74.686012 	105.475113 	74.953316 	14.317822 	42.449970 	73.246162 	9.219544 	65.802734 	62.433964 	52.697250 	16.643316 	15.811388 	29.966648 	12.206555 	82.540901 	13.892444 	999.000000 	46.010868 	31.144823 	51.662365 	8.062258 	114.127121 	55.226807 	44.204071 	62.289646 	62.008064 	45.694637 	34.525352 	57.775429 	56.568542 	
86.162636 	29.154760 	56.320511 	66.640831 	57.245087 	19.416489 	112.805145 	51.088158 	61.814240 	73.681747 	58.694122 	42.047592 	60.207973 	12.206555 	33.060551 	64.498062 	115.831772 	54.644306 	84.905830 	114.490173 	47.201694 	107.912003 	19.104973 	10.198039 	29.732138 	30.413813 	74.652527 	33.941124 	124.907967 	59.413803 	46.010868 	999.000000 	15.264338 	5.656854 	53.907330 	70.228203 	10.440307 	8.062258 	17.000000 	18.439089 	19.416489 	28.160255 	24.596748 	36.069378 	
74.464760 	26.400757 	69.028976 	54.405884 	44.922153 	29.154760 	100.568382 	64.938431 	57.775429 	65.069191 	68.658577 	55.901699 	74.148499 	20.099751 	47.074409 	78.644768 	103.247276 	41.146080 	71.554176 	101.769348 	33.541019 	94.847244 	33.526108 	23.769728 	15.652476 	16.124516 	60.464867 	19.416489 	111.825760 	44.821869 	31.144823 	15.264338 	999.000000 	20.808653 	38.897301 	85.234970 	24.083189 	13.416408 	31.144823 	31.064449 	19.235384 	18.601076 	30.066593 	35.468296 	
91.389275 	33.015148 	52.952808 	72.006943 	62.649822 	19.209373 	118.105888 	47.010635 	65.276337 	78.262383 	56.824291 	38.052597 	56.008926 	14.317822 	29.068884 	60.133186 	121.198181 	60.216278 	90.426765 	119.883278 	52.801514 	113.371071 	15.132746 	8.485281 	35.383614 	36.069378 	80.280754 	39.597980 	130.361038 	65.069191 	51.662365 	5.656854 	20.808653 	999.000000 	59.548298 	65.145988 	6.082763 	11.000000 	11.704700 	14.000000 	21.189621 	32.015621 	23.430750 	36.619667 	
45.891174 	44.407207 	101.242287 	27.730848 	21.931713 	61.846584 	68.183578 	99.538940 	57.245087 	49.040798 	95.754898 	90.873535 	108.632408 	54.120235 	82.734512 	113.463654 	69.720871 	14.142136 	37.215588 	67.896980 	13.341664 	60.207973 	70.491135 	60.745369 	24.698177 	23.853722 	23.769728 	20.248457 	76.655075 	8.000000 	8.062258 	53.907330 	38.897301 	59.548298 	999.000000 	122.188377 	62.936478 	51.739735 	70.007141 	69.526970 	52.354561 	40.162170 	64.412735 	61.846584 	
142.898560 	82.328613 	31.622776 	126.810883 	118.697090 	61.032780 	169.331039 	25.806976 	101.788994 	123.227432 	48.507732 	32.557640 	19.924858 	68.095520 	39.661064 	16.124516 	173.415680 	119.037811 	146.754898 	172.626770 	112.605507 	167.585800 	51.894123 	61.741398 	97.529480 	98.412399 	139.617340 	102.000000 	183.896713 	126.245789 	114.127121 	70.228203 	85.234970 	65.145988 	122.188377 	999.000000 	64.536812 	75.690155 	58.694122 	62.289646 	83.024094 	96.317184 	77.025970 	92.005432 	
96.566040 	39.000000 	55.362442 	76.967529 	67.542580 	24.698177 	123.166557 	48.507732 	71.344238 	84.011902 	60.745369 	39.812057 	57.218880 	20.396078 	31.048349 	61.032780 	126.142776 	64.660652 	95.015785 	124.775803 	57.140179 	118.118584 	17.888544 	13.892444 	39.408119 	40.000000 	84.403793 	43.416588 	135.118469 	68.883957 	55.226807 	10.440307 	24.083189 	6.082763 	62.936478 	64.536812 	999.000000 	11.661903 	7.071068 	8.062258 	19.026299 	31.780497 	18.439089 	32.649654 	
87.641312 	34.481880 	63.788715 	67.675697 	58.189346 	27.459061 	113.885910 	58.008621 	67.186310 	77.058418 	66.708321 	49.040798 	67.007462 	19.798990 	40.049969 	71.112587 	116.619041 	54.561890 	84.970581 	115.156418 	46.957428 	108.258949 	26.076809 	18.027756 	29.068884 	29.529646 	73.783470 	32.756680 	125.239769 	58.008621 	44.204071 	8.062258 	13.416408 	11.000000 	51.739735 	75.690155 	11.661903 	999.000000 	18.601076 	17.804493 	11.401754 	21.023796 	18.439089 	28.319605 	
103.077644 	44.283180 	52.392746 	83.630135 	74.242844 	27.202942 	129.769028 	44.643028 	76.026314 	89.822044 	59.665737 	36.400551 	52.952808 	25.019993 	28.178005 	56.435802 	132.823196 	71.561165 	101.872467 	131.487640 	64.070274 	124.907967 	17.029387 	17.117243 	46.400433 	47.010635 	91.400215 	50.447994 	141.904892 	75.927597 	62.289646 	17.000000 	31.144823 	11.704700 	70.007141 	58.694122 	7.071068 	18.601076 	999.000000 	5.000000 	24.331051 	37.947330 	20.248457 	35.440090 	
104.403069 	47.010635 	57.271286 	84.693565 	75.239616 	31.384710 	130.923645 	49.335587 	79.227524 	92.070625 	64.660652 	41.231056 	57.489128 	28.160255 	33.120991 	60.827625 	133.824509 	72.069412 	102.474388 	132.423569 	64.498062 	125.670204 	21.931713 	20.880613 	46.647614 	47.169907 	91.525955 	50.477718 	142.667450 	75.802376 	62.008064 	18.439089 	31.064449 	14.000000 	69.526970 	62.289646 	8.062258 	17.804493 	5.000000 	999.000000 	21.189621 	35.341194 	15.524175 	30.805843 	
92.395889 	44.283180 	73.979729 	72.180328 	62.801273 	38.832977 	117.881294 	67.475922 	76.550636 	84.214012 	77.820305 	58.694122 	76.236473 	31.144823 	49.819675 	80.056229 	120.208153 	57.974133 	87.920418 	118.595955 	50.447994 	111.328346 	36.138622 	29.068884 	33.241539 	33.376640 	75.643906 	35.902645 	128.160049 	59.506302 	45.694637 	19.416489 	19.235384 	21.189621 	52.354561 	83.024094 	19.026299 	11.401754 	24.331051 	21.189621 	999.000000 	14.422205 	12.083046 	17.204651 	
83.096329 	44.553337 	84.480766 	63.007935 	54.037025 	46.173584 	107.517441 	79.000000 	74.431175 	78.102493 	86.023254 	70.007141 	88.022728 	37.336308 	61.008198 	92.135773 	109.444046 	48.093658 	76.902534 	107.707939 	41.000000 	100.169853 	47.010635 	38.327538 	26.248810 	25.961510 	63.890530 	27.294687 	116.760437 	47.801674 	34.525352 	28.160255 	18.601076 	32.015621 	40.162170 	96.317184 	31.780497 	21.023796 	37.947330 	35.341194 	14.422205 	999.000000 	25.495098 	22.090721 	
104.139328 	52.886673 	72.615425 	83.952370 	74.525162 	42.638012 	129.807556 	64.845970 	85.615417 	95.005264 	79.056938 	56.648037 	73.006851 	36.715118 	48.332184 	76.295479 	132.196823 	69.921387 	99.959991 	130.602448 	62.361847 	123.369362 	36.055511 	31.890438 	44.911022 	45.122055 	87.726852 	47.801674 	140.217682 	71.589104 	57.775429 	24.596748 	30.066593 	23.430750 	64.412735 	77.025970 	18.439089 	18.439089 	20.248457 	15.524175 	12.083046 	25.495098 	999.000000 	15.297058 	
105.171288 	61.294373 	87.664131 	85.052925 	76.000000 	55.317268 	129.553085 	80.081207 	93.230896 	99.297531 	93.295227 	71.784401 	88.294960 	48.104053 	63.324562 	91.591484 	131.400146 	70.178345 	98.843307 	129.634094 	63.031738 	122.024590 	50.537113 	45.000000 	47.381432 	47.265209 	85.615417 	49.040798 	138.495483 	69.634758 	56.568542 	36.069378 	35.468296 	36.619667 	61.846584 	92.005432 	32.649654 	28.319605 	35.440090 	30.805843 	17.204651 	22.090721 	15.297058 	999.000000 	

Travel time:
9.000000 	1.546367 	2.874456 	0.505594 	0.740355 	2.101339 	0.673146 	2.934493 	1.152443 	0.577170 	2.579365 	2.761340 	3.131393 	2.003278 	2.615937 	3.255764 	0.765261 	0.875357 	0.381608 	0.743303 	1.054751 	0.630971 	2.414151 	2.214723 	1.480709 	1.475847 	0.665676 	1.414214 	1.025305 	0.951972 	1.226020 	2.154066 	1.861619 	2.284732 	1.147279 	3.572464 	2.414151 	2.191033 	2.576941 	2.610077 	2.309897 	2.077408 	2.603483 	2.629282 	
1.546367 	9.000000 	1.444386 	1.113833 	0.910014 	0.555090 	2.218812 	1.442220 	0.818917 	1.147007 	1.283793 	1.245492 	1.659254 	0.485412 	1.078483 	1.783606 	2.310438 	0.939415 	1.611094 	2.285005 	0.807001 	2.144907 	0.872138 	0.697316 	0.601041 	0.625000 	1.445035 	0.686477 	2.561250 	1.154340 	0.926350 	0.728869 	0.660019 	0.825379 	1.110180 	2.058215 	0.975000 	0.862047 	1.107080 	1.175266 	1.107080 	1.113833 	1.322167 	1.532359 	
2.874456 	1.444386 	9.000000 	2.517563 	2.338402 	1.007782 	3.518966 	0.257391 	1.792519 	2.351197 	0.427931 	0.403113 	0.292617 	1.229075 	0.608790 	0.403113 	3.627413 	2.383537 	3.016310 	3.612478 	2.247221 	3.502232 	0.946375 	1.154340 	1.941649 	1.966119 	2.884549 	2.050000 	3.896954 	2.595429 	2.335193 	1.408013 	1.725724 	1.323820 	2.531057 	0.790569 	1.384061 	1.594718 	1.309819 	1.431782 	1.849493 	2.112019 	1.815386 	2.191603 	
0.505594 	1.113833 	2.517563 	9.000000 	0.237171 	1.663205 	1.155963 	2.545707 	0.975320 	0.575543 	2.271838 	2.356507 	2.755222 	1.540292 	2.192031 	2.880213 	1.229837 	0.378319 	0.500000 	1.197132 	0.550568 	1.040433 	1.960230 	1.747319 	0.976281 	0.970824 	0.452769 	0.908639 	1.463087 	0.520216 	0.735697 	1.666021 	1.360147 	1.800174 	0.693271 	3.170272 	1.924188 	1.691892 	2.090753 	2.117339 	1.804508 	1.575198 	2.098809 	2.126323 	
0.740355 	0.910014 	2.338402 	0.237171 	9.000000 	1.450000 	1.392839 	2.351197 	0.934077 	0.680074 	2.118962 	2.155371 	2.565638 	1.315770 	1.982738 	2.690376 	1.465008 	0.195256 	0.707990 	1.431127 	0.328824 	1.269350 	1.738174 	1.520074 	0.740355 	0.735697 	0.553399 	0.676849 	1.693554 	0.425000 	0.538516 	1.431127 	1.123054 	1.566246 	0.548293 	2.967427 	1.688565 	1.454734 	1.856071 	1.880990 	1.570032 	1.350926 	1.863129 	1.900000 	
2.101339 	0.555090 	1.007782 	1.663205 	1.450000 	9.000000 	2.773536 	0.942404 	1.258968 	1.680773 	0.996243 	0.726722 	1.170470 	0.226385 	0.535023 	1.290591 	2.865528 	1.450216 	2.156676 	2.840004 	1.290591 	2.698379 	0.333542 	0.270416 	0.941076 	0.965013 	1.965006 	1.051487 	3.115786 	1.634205 	1.346291 	0.485412 	0.728869 	0.480234 	1.546165 	1.525820 	0.617454 	0.686477 	0.680074 	0.784618 	0.970824 	1.154340 	1.065950 	1.382932 	
0.673146 	2.218812 	3.518966 	1.155963 	1.392839 	2.773536 	9.000000 	3.592092 	1.750000 	1.171538 	3.201562 	3.425000 	3.783186 	2.676051 	3.285004 	3.906805 	0.127475 	1.497707 	0.775403 	0.152069 	1.686157 	0.285044 	3.087272 	2.887148 	2.126764 	2.119257 	1.125278 	2.050152 	0.403887 	1.505199 	1.824829 	2.820129 	2.514210 	2.952647 	1.704589 	4.233276 	3.079164 	2.847148 	3.244226 	3.273091 	2.947032 	2.687936 	3.245189 	3.238827 	
2.934493 	1.442220 	0.257391 	2.545707 	2.351197 	0.942404 	3.592092 	9.000000 	1.900164 	2.436314 	0.654313 	0.226385 	0.230489 	1.147007 	0.450694 	0.348210 	3.695690 	2.375395 	3.045591 	3.677125 	2.225140 	3.555366 	0.800391 	1.032594 	1.881821 	1.905420 	2.885849 	1.992800 	3.959798 	2.571478 	2.288695 	1.277204 	1.623461 	1.175266 	2.488473 	0.645174 	1.212693 	1.450216 	1.116076 	1.233390 	1.686898 	1.975000 	1.621149 	2.002030 	
1.152443 	0.818917 	1.792519 	0.975320 	0.934077 	1.258968 	1.750000 	1.900164 	9.000000 	0.583095 	1.453444 	1.766529 	2.070024 	1.277204 	1.676678 	2.190462 	1.865811 	1.100284 	1.402230 	1.858259 	1.110462 	1.777991 	1.590990 	1.475000 	1.230091 	1.245492 	1.426972 	1.256234 	2.142574 	1.352082 	1.331353 	1.545356 	1.444386 	1.631908 	1.431127 	2.544725 	1.783606 	1.679658 	1.900658 	1.980688 	1.913766 	1.860779 	2.140385 	2.330772 	
0.577170 	1.147007 	2.351197 	0.575543 	0.680074 	1.680773 	1.171538 	2.436314 	0.583095 	9.000000 	2.030394 	2.281584 	2.620115 	1.631334 	2.161308 	2.742832 	1.285010 	0.875000 	0.875357 	1.275980 	0.983933 	1.196349 	2.010286 	1.844078 	1.299279 	1.304320 	0.998123 	1.274019 	1.560649 	1.078483 	1.209339 	1.842044 	1.626730 	1.956560 	1.226020 	3.080686 	2.100297 	1.926461 	2.245551 	2.301766 	2.105350 	1.952562 	2.375132 	2.482438 	
2.579365 	1.283793 	0.427931 	2.271838 	2.118962 	0.996243 	3.201562 	0.654313 	1.453444 	2.030394 	9.000000 	0.693271 	0.715891 	1.219118 	0.816241 	0.814325 	3.315305 	2.195023 	2.761567 	3.305015 	2.084017 	3.210335 	1.075291 	1.218862 	1.850169 	1.875167 	2.672312 	1.950160 	3.590003 	2.427061 	2.209072 	1.467353 	1.716464 	1.420607 	2.393872 	1.212693 	1.518634 	1.667708 	1.491643 	1.616516 	1.945508 	2.150581 	1.976424 	2.332381 	
2.761340 	1.245492 	0.403113 	2.356507 	2.155371 	0.726722 	3.425000 	0.226385 	1.766529 	2.281584 	0.693271 	9.000000 	0.456207 	0.925000 	0.225000 	0.570088 	3.525355 	2.170541 	2.855368 	3.504640 	2.015564 	3.376481 	0.575000 	0.806226 	1.662077 	1.685416 	2.683398 	1.773415 	3.785664 	2.360349 	2.071382 	1.051190 	1.397542 	0.951315 	2.271838 	0.813941 	0.995301 	1.226020 	0.910014 	1.030776 	1.467353 	1.750179 	1.416201 	1.794610 	
3.131393 	1.659254 	0.292617 	2.755222 	2.565638 	1.170470 	3.783186 	0.230489 	2.070024 	2.620115 	0.715891 	0.456207 	9.000000 	1.377044 	0.679154 	0.125000 	3.889248 	2.595790 	3.255188 	3.872419 	2.448596 	3.755829 	1.027740 	1.262191 	2.110835 	2.134537 	3.104231 	2.221627 	4.156095 	2.795644 	2.516446 	1.505199 	1.853712 	1.400223 	2.715810 	0.498121 	1.430472 	1.675187 	1.323820 	1.437228 	1.905912 	2.200568 	1.825171 	2.207374 	
2.003278 	0.485412 	1.229075 	1.540292 	1.315770 	0.226385 	2.676051 	1.147007 	1.277204 	1.631334 	1.219118 	0.925000 	1.377044 	9.000000 	0.715891 	1.494365 	2.761340 	1.291559 	2.022993 	2.732330 	1.120547 	2.580698 	0.424264 	0.213600 	0.738664 	0.761577 	1.806239 	0.850368 	3.002603 	1.456237 	1.151629 	0.305164 	0.502494 	0.357946 	1.353006 	1.702388 	0.509902 	0.494975 	0.625500 	0.704006 	0.778621 	0.933408 	0.917878 	1.202601 	
2.615937 	1.078483 	0.608790 	2.192031 	1.982738 	0.535023 	3.285004 	0.450694 	1.676678 	2.161308 	0.816241 	0.225000 	0.679154 	0.715891 	9.000000 	0.789383 	3.381198 	1.985101 	2.687936 	3.357920 	1.823630 	3.222188 	0.350000 	0.583631 	1.454519 	1.477329 	2.500000 	1.566246 	3.636362 	2.165208 	1.867150 	0.826514 	1.176860 	0.726722 	2.068363 	0.991527 	0.776209 	1.001249 	0.704450 	0.828025 	1.245492 	1.525205 	1.208305 	1.583114 	
3.255764 	1.783606 	0.403113 	2.880213 	2.690376 	1.290591 	3.906805 	0.348210 	2.190462 	2.742832 	0.814325 	0.570088 	0.125000 	1.494365 	0.789383 	9.000000 	4.013181 	2.719605 	3.380181 	3.996561 	2.571478 	3.880480 	1.134956 	1.372953 	2.229910 	2.253469 	3.228487 	2.340940 	4.280333 	2.918262 	2.636878 	1.612452 	1.966119 	1.503330 	2.836591 	0.403113 	1.525820 	1.777815 	1.410895 	1.520691 	2.001406 	2.303394 	1.907387 	2.289787 	
0.765261 	2.310438 	3.627413 	1.229837 	1.465008 	2.865528 	0.127475 	3.695690 	1.865811 	1.285010 	3.315305 	3.525355 	3.889248 	2.761340 	3.381198 	4.013181 	9.000000 	1.557442 	0.813941 	0.055902 	1.747319 	0.254951 	3.175689 	2.971216 	2.191603 	2.182888 	1.154340 	2.110835 	0.279509 	1.545356 	1.873833 	2.895794 	2.581182 	3.029954 	1.743022 	4.335392 	3.153569 	2.915476 	3.320580 	3.345613 	3.005204 	2.736101 	3.304921 	3.285004 	
0.875357 	0.939415 	2.383537 	0.378319 	0.195256 	1.450216 	1.497707 	2.375395 	1.100284 	0.875000 	2.195023 	2.170541 	2.595790 	1.291559 	1.985101 	2.719605 	1.557442 	9.000000 	0.760345 	1.518634 	0.190394 	1.342805 	1.715554 	1.485345 	0.637377 	0.626997 	0.515388 	0.553399 	1.767060 	0.254951 	0.357946 	1.366108 	1.028652 	1.505407 	0.353553 	2.975945 	1.616516 	1.364047 	1.789029 	1.801735 	1.449353 	1.202341 	1.748035 	1.754459 	
0.381608 	1.611094 	3.016310 	0.500000 	0.707990 	2.156676 	0.775403 	3.045591 	1.402230 	0.875357 	2.761567 	2.855368 	3.255188 	2.022993 	2.687936 	3.380181 	0.813941 	0.760345 	9.000000 	0.770146 	0.950329 	0.585235 	2.445915 	2.225562 	1.397542 	1.386542 	0.353553 	1.309819 	1.007782 	0.731864 	1.061249 	2.122646 	1.788854 	2.260669 	0.930390 	3.668872 	2.375395 	2.124264 	2.546812 	2.561860 	2.198010 	1.922563 	2.499000 	2.471083 	
0.743303 	2.285005 	3.612478 	1.197132 	1.431127 	2.840004 	0.152069 	3.677125 	1.858259 	1.275980 	3.305015 	3.504640 	3.872419 	2.732330 	3.357920 	3.996561 	0.055902 	1.518634 	0.770146 	9.000000 	1.708801 	0.201556 	3.148115 	2.941513 	2.154066 	2.144907 	1.107080 	2.071835 	0.285044 	1.500417 	1.831154 	2.862254 	2.544234 	2.997082 	1.697425 	4.315669 	3.119395 	2.878911 	3.287191 	3.310589 	2.964899 	2.692698 	3.265061 	3.240852 	
1.054751 	0.807001 	2.247221 	0.550568 	0.328824 	1.290591 	1.686157 	2.225140 	1.110462 	0.983933 	2.084017 	2.015564 	2.448596 	1.120547 	1.823630 	2.571478 	1.747319 	0.190394 	0.950329 	1.708801 	9.000000 	1.533175 	1.542928 	1.308625 	0.447214 	0.436606 	0.689656 	0.364006 	1.957358 	0.348210 	0.230489 	1.180042 	0.838525 	1.320038 	0.333542 	2.815138 	1.428504 	1.173936 	1.601757 	1.612452 	1.261200 	1.025000 	1.559046 	1.575794 	
0.630971 	2.144907 	3.502232 	1.040433 	1.269350 	2.698379 	0.285044 	3.555366 	1.777991 	1.196349 	3.210335 	3.376481 	3.755829 	2.580698 	3.222188 	3.880480 	0.254951 	1.342805 	0.585235 	0.201556 	1.533175 	9.000000 	3.000000 	2.787584 	1.980057 	1.969772 	0.912414 	1.894235 	0.425000 	1.309819 	1.645068 	2.697800 	2.371181 	2.834277 	1.505199 	4.189645 	2.952965 	2.706474 	3.122699 	3.141755 	2.783209 	2.504246 	3.084234 	3.050615 	
2.414151 	0.872138 	0.946375 	1.960230 	1.738174 	0.333542 	3.087272 	0.800391 	1.590990 	2.010286 	1.075291 	0.575000 	1.027740 	0.424264 	0.350000 	1.134956 	3.175689 	1.715554 	2.445915 	3.148115 	1.542928 	3.000000 	9.000000 	0.246221 	1.144825 	1.166190 	2.229910 	1.256234 	3.420618 	1.875000 	1.560849 	0.477624 	0.838153 	0.378319 	1.762278 	1.297353 	0.447214 	0.651920 	0.425735 	0.548293 	0.903466 	1.175266 	0.901388 	1.263428 	
2.214723 	0.697316 	1.154340 	1.747319 	1.520074 	0.270416 	2.887148 	1.032594 	1.475000 	1.844078 	1.218862 	0.806226 	1.262191 	0.213600 	0.583631 	1.372953 	2.971216 	1.485345 	2.225562 	2.941513 	1.308625 	2.787584 	0.246221 	9.000000 	0.901388 	0.922293 	1.997655 	1.012423 	3.210335 	1.635925 	1.317431 	0.254951 	0.594243 	0.212132 	1.518634 	1.543535 	0.347311 	0.450694 	0.427931 	0.522015 	0.726722 	0.958188 	0.797261 	1.125000 	
1.480709 	0.601041 	1.941649 	0.976281 	0.740355 	0.941076 	2.126764 	1.881821 	1.230091 	1.299279 	1.850169 	1.662077 	2.110835 	0.738664 	1.454519 	2.229910 	2.191603 	0.637377 	1.397542 	2.154066 	0.447214 	1.980057 	1.144825 	0.901388 	9.000000 	0.025000 	1.125000 	0.111803 	2.404423 	0.742462 	0.416083 	0.743303 	0.391312 	0.884590 	0.617454 	2.438237 	0.985203 	0.726722 	1.160011 	1.166190 	0.831038 	0.656220 	1.122776 	1.184536 	
1.475847 	0.625000 	1.966119 	0.970824 	0.735697 	0.965013 	2.119257 	1.905420 	1.245492 	1.304320 	1.875167 	1.685416 	2.134537 	0.761577 	1.477329 	2.253469 	2.182888 	0.626997 	1.386542 	2.144907 	0.436606 	1.969772 	1.166190 	0.922293 	0.025000 	9.000000 	1.110180 	0.090139 	2.393872 	0.725000 	0.395285 	0.760345 	0.403113 	0.901734 	0.596343 	2.460310 	1.000000 	0.738241 	1.175266 	1.179248 	0.834416 	0.649038 	1.128051 	1.181630 	
0.665676 	1.445035 	2.884549 	0.452769 	0.553399 	1.965006 	1.125278 	2.885849 	1.426972 	0.998123 	2.672312 	2.683398 	3.104231 	1.806239 	2.500000 	3.228487 	1.154340 	0.515388 	0.353553 	1.107080 	0.689656 	0.912414 	2.229910 	1.997655 	1.125000 	1.110180 	9.000000 	1.026219 	1.322167 	0.403887 	0.749166 	1.866313 	1.511622 	2.007019 	0.594243 	3.490433 	2.110095 	1.844587 	2.285005 	2.288149 	1.891098 	1.597263 	2.193171 	2.140385 	
1.414214 	0.686477 	2.050000 	0.908639 	0.676849 	1.051487 	2.050152 	1.992800 	1.256234 	1.274019 	1.950160 	1.773415 	2.221627 	0.850368 	1.566246 	2.340940 	2.110835 	0.553399 	1.309819 	2.071835 	0.364006 	1.894235 	1.256234 	1.012423 	0.111803 	0.090139 	1.026219 	9.000000 	2.317596 	0.637377 	0.305164 	0.848528 	0.485412 	0.989950 	0.506211 	2.550000 	1.085415 	0.818917 	1.261200 	1.261943 	0.897566 	0.682367 	1.195042 	1.226020 	
1.025305 	2.561250 	3.896954 	1.463087 	1.693554 	3.115786 	0.403887 	3.959798 	2.142574 	1.560649 	3.590003 	3.785664 	4.156095 	3.002603 	3.636362 	4.280333 	0.279509 	1.767060 	1.007782 	0.285044 	1.957358 	0.425000 	3.420618 	3.210335 	2.404423 	2.393872 	1.322167 	2.317596 	9.000000 	1.724094 	2.063523 	3.122699 	2.795644 	3.259026 	1.916377 	4.597418 	3.377962 	3.130994 	3.547622 	3.566686 	3.204001 	2.919011 	3.505442 	3.462387 	
0.951972 	1.154340 	2.595429 	0.520216 	0.425000 	1.634205 	1.505199 	2.571478 	1.352082 	1.078483 	2.427061 	2.360349 	2.795644 	1.456237 	2.165208 	2.918262 	1.545356 	0.254951 	0.731864 	1.500417 	0.348210 	1.309819 	1.875000 	1.635925 	0.742462 	0.725000 	0.403887 	0.637377 	1.724094 	9.000000 	0.347311 	1.485345 	1.120547 	1.626730 	0.200000 	3.156145 	1.722099 	1.450216 	1.898190 	1.895059 	1.487658 	1.195042 	1.789728 	1.740869 	
1.226020 	0.926350 	2.335193 	0.735697 	0.538516 	1.346291 	1.824829 	2.288695 	1.331353 	1.209339 	2.209072 	2.071382 	2.516446 	1.151629 	1.867150 	2.636878 	1.873833 	0.357946 	1.061249 	1.831154 	0.230489 	1.645068 	1.560849 	1.317431 	0.416083 	0.395285 	0.749166 	0.305164 	2.063523 	0.347311 	9.000000 	1.150272 	0.778621 	1.291559 	0.201556 	2.853178 	1.380670 	1.105102 	1.557241 	1.550202 	1.142366 	0.863134 	1.444386 	1.414214 	
2.154066 	0.728869 	1.408013 	1.666021 	1.431127 	0.485412 	2.820129 	1.277204 	1.545356 	1.842044 	1.467353 	1.051190 	1.505199 	0.305164 	0.826514 	1.612452 	2.895794 	1.366108 	2.122646 	2.862254 	1.180042 	2.697800 	0.477624 	0.254951 	0.743303 	0.760345 	1.866313 	0.848528 	3.122699 	1.485345 	1.150272 	9.000000 	0.381608 	0.141421 	1.347683 	1.755705 	0.261008 	0.201556 	0.425000 	0.460977 	0.485412 	0.704006 	0.614919 	0.901734 	
1.861619 	0.660019 	1.725724 	1.360147 	1.123054 	0.728869 	2.514210 	1.623461 	1.444386 	1.626730 	1.716464 	1.397542 	1.853712 	0.502494 	1.176860 	1.966119 	2.581182 	1.028652 	1.788854 	2.544234 	0.838525 	2.371181 	0.838153 	0.594243 	0.391312 	0.403113 	1.511622 	0.485412 	2.795644 	1.120547 	0.778621 	0.381608 	9.000000 	0.520216 	0.972432 	2.130874 	0.602080 	0.335410 	0.778621 	0.776611 	0.480885 	0.465027 	0.751665 	0.886707 	
2.284732 	0.825379 	1.323820 	1.800174 	1.566246 	0.480234 	2.952647 	1.175266 	1.631908 	1.956560 	1.420607 	0.951315 	1.400223 	0.357946 	0.726722 	1.503330 	3.029954 	1.505407 	2.260669 	2.997082 	1.320038 	2.834277 	0.378319 	0.212132 	0.884590 	0.901734 	2.007019 	0.989950 	3.259026 	1.626730 	1.291559 	0.141421 	0.520216 	9.000000 	1.488707 	1.628650 	0.152069 	0.275000 	0.292617 	0.350000 	0.529741 	0.800391 	0.585769 	0.915492 	
1.147279 	1.110180 	2.531057 	0.693271 	0.548293 	1.546165 	1.704589 	2.488473 	1.431127 	1.226020 	2.393872 	2.271838 	2.715810 	1.353006 	2.068363 	2.836591 	1.743022 	0.353553 	0.930390 	1.697425 	0.333542 	1.505199 	1.762278 	1.518634 	0.617454 	0.596343 	0.594243 	0.506211 	1.916377 	0.200000 	0.201556 	1.347683 	0.972432 	1.488707 	9.000000 	3.054709 	1.573412 	1.293493 	1.750179 	1.738174 	1.308864 	1.004054 	1.610318 	1.546165 	
3.572464 	2.058215 	0.790569 	3.170272 	2.967427 	1.525820 	4.233276 	0.645174 	2.544725 	3.080686 	1.212693 	0.813941 	0.498121 	1.702388 	0.991527 	0.403113 	4.335392 	2.975945 	3.668872 	4.315669 	2.815138 	4.189645 	1.297353 	1.543535 	2.438237 	2.460310 	3.490433 	2.550000 	4.597418 	3.156145 	2.853178 	1.755705 	2.130874 	1.628650 	3.054709 	9.000000 	1.613420 	1.892254 	1.467353 	1.557241 	2.075602 	2.407930 	1.925649 	2.300136 	
2.414151 	0.975000 	1.384061 	1.924188 	1.688565 	0.617454 	3.079164 	1.212693 	1.783606 	2.100297 	1.518634 	0.995301 	1.430472 	0.509902 	0.776209 	1.525820 	3.153569 	1.616516 	2.375395 	3.119395 	1.428504 	2.952965 	0.447214 	0.347311 	0.985203 	1.000000 	2.110095 	1.085415 	3.377962 	1.722099 	1.380670 	0.261008 	0.602080 	0.152069 	1.573412 	1.613420 	9.000000 	0.291548 	0.176777 	0.201556 	0.475657 	0.794512 	0.460977 	0.816241 	
2.191033 	0.862047 	1.594718 	1.691892 	1.454734 	0.686477 	2.847148 	1.450216 	1.679658 	1.926461 	1.667708 	1.226020 	1.675187 	0.494975 	1.001249 	1.777815 	2.915476 	1.364047 	2.124264 	2.878911 	1.173936 	2.706474 	0.651920 	0.450694 	0.726722 	0.738241 	1.844587 	0.818917 	3.130994 	1.450216 	1.105102 	0.201556 	0.335410 	0.275000 	1.293493 	1.892254 	0.291548 	9.000000 	0.465027 	0.445112 	0.285044 	0.525595 	0.460977 	0.707990 	
2.576941 	1.107080 	1.309819 	2.090753 	1.856071 	0.680074 	3.244226 	1.116076 	1.900658 	2.245551 	1.491643 	0.910014 	1.323820 	0.625500 	0.704450 	1.410895 	3.320580 	1.789029 	2.546812 	3.287191 	1.601757 	3.122699 	0.425735 	0.427931 	1.160011 	1.175266 	2.285005 	1.261200 	3.547622 	1.898190 	1.557241 	0.425000 	0.778621 	0.292617 	1.750179 	1.467353 	0.176777 	0.465027 	9.000000 	0.125000 	0.608276 	0.948683 	0.506211 	0.886002 	
2.610077 	1.175266 	1.431782 	2.117339 	1.880990 	0.784618 	3.273091 	1.233390 	1.980688 	2.301766 	1.616516 	1.030776 	1.437228 	0.704006 	0.828025 	1.520691 	3.345613 	1.801735 	2.561860 	3.310589 	1.612452 	3.141755 	0.548293 	0.522015 	1.166190 	1.179248 	2.288149 	1.261943 	3.566686 	1.895059 	1.550202 	0.460977 	0.776611 	0.350000 	1.738174 	1.557241 	0.201556 	0.445112 	0.125000 	9.000000 	0.529741 	0.883530 	0.388104 	0.770146 	
2.309897 	1.107080 	1.849493 	1.804508 	1.570032 	0.970824 	2.947032 	1.686898 	1.913766 	2.105350 	1.945508 	1.467353 	1.905912 	0.778621 	1.245492 	2.001406 	3.005204 	1.449353 	2.198010 	2.964899 	1.261200 	2.783209 	0.903466 	0.726722 	0.831038 	0.834416 	1.891098 	0.897566 	3.204001 	1.487658 	1.142366 	0.485412 	0.480885 	0.529741 	1.308864 	2.075602 	0.475657 	0.285044 	0.608276 	0.529741 	9.000000 	0.360555 	0.302076 	0.430116 	
