UB = 966
M = 120

Distance:
999.000000 	79.511009 	74.431175 	79.177017 	61.611687 	64.884514 	62.032249 	61.098282 	49.648766 	44.687805 	48.332184 	42.047592 	40.311287 	42.059483 	37.576588 	42.201897 	31.827662 	37.107952 	50.009998 	28.635643 	36.055511 	59.439045 	62.096699 	34.205261 	64.288414 	34.539833 	49.769470 	44.777225 	58.309521 	34.000000 	26.419689 	71.693794 	17.029387 	1.000000 	32.802441 	10.630146 	76.557167 	17.204651 	46.227695 	76.478752 	62.128899 	58.821766 	69.971420 	9.219544 	43.139309 	54.817879 	13.000000 	50.990196 	58.258045 	72.670486 	42.011902 	
79.511009 	999.000000 	26.419689 	30.610456 	25.019993 	30.594116 	29.154760 	29.274563 	34.481880 	36.235340 	35.355339 	40.224369 	47.127487 	43.416588 	44.204071 	45.617977 	48.010414 	54.120235 	51.195702 	52.402290 	58.600342 	74.330345 	67.007462 	66.211784 	68.007355 	76.400261 	80.156097 	79.630394 	73.334846 	79.812279 	74.431175 	90.255196 	81.412529 	80.280754 	84.770279 	81.835197 	93.941475 	82.619614 	91.241440 	97.493591 	85.475143 	85.988373 	97.416634 	87.800911 	86.377083 	86.884979 	88.413803 	95.885345 	98.183502 	92.005432 	97.267670 	
74.431175 	26.419689 	999.000000 	6.082763 	14.142136 	9.899495 	46.518814 	46.097721 	25.079872 	31.320919 	44.407207 	46.000000 	34.828148 	51.039200 	48.166378 	54.083271 	44.011364 	40.311287 	64.132675 	53.366657 	66.030296 	51.351727 	82.969872 	73.171036 	84.480766 	60.207973 	59.774578 	60.539242 	87.475708 	63.812225 	78.447433 	66.030296 	70.724815 	74.946648 	69.339745 	73.246162 	69.260376 	82.873398 	72.615425 	73.109505 	98.994949 	98.508881 	74.108032 	81.024689 	94.260277 	98.127472 	85.866173 	76.550636 	77.369247 	107.280006 	80.529495 	
79.177017 	30.610456 	6.082763 	999.000000 	20.024984 	14.317822 	52.392746 	52.000000 	30.364452 	36.878178 	50.487621 	52.009613 	39.115215 	57.078892 	54.083271 	60.133186 	49.335587 	44.045429 	70.213959 	59.033890 	72.006943 	51.419842 	89.022469 	79.101204 	90.520714 	62.801273 	60.926186 	62.177166 	93.557472 	66.400299 	84.172440 	65.122963 	74.518456 	79.649231 	72.006943 	77.420929 	68.000000 	88.232651 	74.242844 	72.027771 	105.076164 	104.580116 	73.681747 	85.440041 	100.179840 	104.172935 	90.873535 	77.878113 	78.108902 	113.357841 	82.680107 	
61.611687 	25.019993 	14.142136 	20.024984 	999.000000 	8.602325 	35.608986 	35.000000 	12.041595 	17.464249 	31.048349 	32.062439 	23.853722 	37.215588 	34.058773 	40.311287 	30.413813 	30.413813 	50.960770 	39.293766 	52.000000 	49.648766 	70.228203 	59.076221 	71.867935 	52.201534 	55.145264 	54.744862 	74.215904 	55.713554 	64.327286 	65.969688 	59.816387 	62.201286 	60.926186 	61.522354 	69.921387 	69.079666 	66.490601 	73.246162 	85.510231 	84.852814 	72.691124 	68.767723 	80.156097 	84.291161 	72.560318 	71.021126 	73.171036 	94.111633 	73.054771 	
64.884514 	30.594116 	9.899495 	14.317822 	8.602325 	999.000000 	44.204071 	43.600460 	16.278820 	23.086792 	39.217342 	39.623226 	25.000000 	44.911022 	41.109608 	48.052055 	35.171009 	30.413813 	59.135437 	45.276924 	59.211487 	44.011364 	78.549347 	66.030296 	80.230919 	50.606323 	51.195702 	51.546097 	82.280006 	54.203320 	70.455658 	59.682495 	60.827625 	65.368187 	59.682495 	63.411354 	63.348244 	74.040527 	63.568859 	66.910385 	93.391647 	92.574295 	67.067131 	71.281136 	87.000000 	91.787796 	76.557167 	67.720009 	69.050705 	102.200783 	71.112587 	
62.032249 	29.154760 	46.518814 	52.392746 	35.608986 	44.204071 	999.000000 	1.000000 	35.510563 	31.384710 	14.142136 	20.396078 	44.598206 	20.124611 	24.738634 	20.808653 	36.013885 	50.960770 	22.472204 	33.526108 	32.557640 	79.605278 	38.052597 	39.824615 	39.204590 	71.700768 	80.653580 	78.339005 	44.181442 	74.431175 	49.497475 	96.602280 	69.584480 	62.968246 	78.102493 	67.683083 	101.118744 	60.000000 	88.119240 	103.754517 	56.320511 	56.885849 	101.390335 	71.168816 	58.591808 	57.974133 	67.742157 	93.380943 	97.744568 	63.031738 	91.087868 	
61.098282 	29.274563 	46.097721 	52.000000 	35.000000 	43.600460 	1.000000 	999.000000 	34.669872 	30.463093 	13.152946 	19.416489 	43.657761 	19.235384 	23.769728 	20.000000 	35.014282 	50.000000 	22.135944 	32.572994 	31.890438 	78.714676 	38.118237 	39.204590 	39.319206 	70.710678 	79.699432 	77.369247 	44.102154 	73.437050 	48.795490 	95.713112 	68.593002 	62.032249 	77.103828 	66.708321 	100.239716 	59.203041 	87.132080 	102.859123 	56.222771 	56.718605 	100.463921 	70.228203 	58.137768 	57.723480 	66.887962 	92.395889 	96.772926 	63.071388 	90.088844 	
49.648766 	34.481880 	25.079872 	30.364452 	12.041595 	16.278820 	35.510563 	34.669872 	999.000000 	7.071068 	26.400757 	25.079872 	12.649111 	30.463093 	25.709921 	33.615471 	18.973665 	19.646883 	45.650848 	29.068884 	43.737854 	44.384682 	65.368187 	50.249378 	67.230942 	41.976185 	47.265209 	46.000000 	68.154236 	45.354160 	54.230988 	61.326992 	48.010414 	50.219517 	50.289165 	49.517673 	65.741920 	57.870544 	57.218880 	68.541962 	78.746429 	77.620872 	66.760765 	56.727417 	71.063354 	76.485291 	60.827625 	62.072536 	65.122963 	88.022728 	62.817196 	
44.687805 	36.235340 	31.320919 	36.878178 	17.464249 	23.086792 	31.384710 	30.463093 	7.071068 	999.000000 	20.518284 	18.357559 	13.341664 	23.706539 	18.681541 	26.832815 	13.038404 	20.099751 	39.115215 	22.203604 	36.674240 	48.373547 	58.830265 	43.185646 	60.745369 	42.047592 	49.477268 	47.518417 	61.326992 	45.177429 	47.381432 	65.368187 	45.177429 	45.343136 	49.648766 	45.803928 	69.971420 	51.623638 	58.034473 	72.470680 	71.784401 	70.604530 	70.007141 	52.345009 	64.031242 	69.426216 	55.226807 	63.126858 	66.910385 	81.154175 	62.514000 	
48.332184 	35.355339 	44.407207 	50.487621 	31.048349 	39.217342 	14.142136 	13.152946 	26.400757 	20.518284 	999.000000 	6.324555 	32.756680 	8.062258 	10.770329 	10.440307 	22.203604 	38.483765 	19.924858 	19.697716 	23.409399 	68.505478 	39.395432 	31.016125 	41.146080 	58.249462 	68.154236 	65.459915 	43.174065 	60.827625 	39.115215 	85.440041 	55.443665 	49.244289 	64.280632 	53.600372 	90.138779 	48.083260 	74.732857 	92.439171 	54.589375 	54.147945 	89.442719 	57.384666 	51.662365 	54.009258 	55.000000 	80.049988 	84.770279 	63.063461 	77.233414 	
42.047592 	40.224369 	46.000000 	52.009613 	32.062439 	39.623226 	20.396078 	19.416489 	25.079872 	18.357559 	6.324555 	999.000000 	29.068884 	5.385165 	4.472136 	8.544003 	16.763054 	34.132095 	20.808653 	13.416408 	20.099751 	64.815125 	40.496914 	27.459061 	42.438190 	52.886673 	63.505905 	60.539242 	43.081318 	55.317268 	34.438351 	81.608826 	49.254440 	42.953465 	58.549126 	47.296936 	86.400230 	42.520584 	69.375786 	88.481636 	53.851646 	52.952808 	85.088188 	51.078373 	48.507732 	52.239830 	49.040798 	74.726166 	79.711983 	62.968246 	71.449280 	
40.311287 	47.127487 	34.828148 	39.115215 	23.853722 	25.000000 	44.598206 	43.657761 	12.649111 	13.341664 	32.756680 	29.068884 	999.000000 	33.941124 	27.658634 	36.796738 	15.231546 	7.071068 	49.517673 	26.925823 	43.829212 	35.805027 	68.883957 	49.040798 	70.936592 	29.427877 	36.138622 	34.234486 	70.178345 	32.756680 	50.487621 	52.697250 	36.124783 	40.718548 	37.643059 	38.418747 	57.428215 	51.351727 	45.011108 	59.682495 	79.605278 	77.878113 	56.859474 	46.324940 	68.658577 	75.960518 	52.497620 	50.009998 	53.600372 	89.554451 	50.219517 	
42.059483 	43.416588 	51.039200 	57.078892 	37.215588 	44.911022 	20.124611 	19.235384 	30.463093 	23.706539 	8.062258 	5.385165 	33.941124 	999.000000 	6.708204 	3.162278 	20.591261 	38.600517 	15.620500 	14.035668 	15.524175 	69.526970 	35.227829 	23.086792 	37.202152 	56.302753 	67.601776 	64.404968 	37.696156 	58.523499 	31.064449 	86.214851 	51.000000 	43.011627 	61.392181 	48.373547 	91.049438 	40.360870 	72.732384 	93.005379 	48.507732 	47.675991 	89.358826 	51.244511 	43.931767 	47.095646 	47.707443 	78.108902 	83.384651 	57.584721 	74.148499 	
37.576588 	44.204071 	48.166378 	54.083271 	34.058773 	41.109608 	24.738634 	23.769728 	25.709921 	18.681541 	10.770329 	4.472136 	27.658634 	6.708204 	999.000000 	9.219544 	13.892444 	32.015621 	21.931713 	8.944272 	18.110771 	63.031738 	41.231056 	25.019993 	43.278172 	49.648766 	60.901562 	57.697487 	42.941822 	51.923019 	31.016125 	79.649231 	45.099888 	38.483765 	54.918121 	42.953465 	84.504440 	38.418747 	66.098412 	86.400230 	53.141319 	51.923019 	82.680107 	46.615448 	46.097721 	50.803543 	44.687805 	71.470276 	76.694199 	62.649822 	67.742157 	
42.201897 	45.617977 	54.083271 	60.133186 	40.311287 	48.052055 	20.808653 	20.000000 	33.615471 	26.832815 	10.440307 	8.544003 	36.796738 	3.162278 	9.219544 	999.000000 	23.021729 	41.231056 	12.727922 	15.132746 	13.000000 	72.249565 	32.202484 	20.615528 	34.205261 	58.309521 	69.971420 	66.648331 	34.539833 	60.406952 	29.206163 	88.865067 	52.086468 	43.174065 	63.063461 	49.091751 	93.723000 	39.204590 	74.672615 	95.603348 	45.354160 	44.553337 	91.809586 	51.419842 	41.231056 	44.045429 	47.010635 	80.056229 	85.492691 	54.424259 	75.709976 	
31.827662 	48.010414 	44.011364 	49.335587 	30.413813 	35.171009 	36.013885 	35.014282 	18.973665 	13.038404 	22.203604 	16.763054 	15.231546 	20.591261 	13.892444 	23.021729 	999.000000 	18.384777 	35.608986 	11.704700 	28.653097 	49.497475 	54.451813 	33.837849 	56.568542 	36.138622 	47.010635 	43.863426 	55.217751 	38.639359 	36.013885 	65.946945 	34.481880 	32.526913 	42.107006 	34.000000 	70.837845 	38.897301 	52.630791 	72.622307 	64.412735 	62.649822 	68.796799 	39.824615 	53.758720 	60.745369 	42.190044 	57.974133 	62.968246 	74.431175 	55.081757 	
37.107952 	54.120235 	40.311287 	44.045429 	30.413813 	30.413813 	50.960770 	50.000000 	19.646883 	20.099751 	38.483765 	34.132095 	7.071068 	38.600517 	32.015621 	41.231056 	18.384777 	999.000000 	53.907330 	29.410883 	46.615448 	31.112698 	72.835434 	51.000000 	74.953316 	22.360680 	29.732138 	27.459061 	73.409805 	25.709921 	50.960770 	47.634022 	30.479502 	37.363083 	30.675724 	33.615471 	52.497620 	50.009998 	38.000000 	54.405884 	82.152298 	80.131142 	51.000000 	42.047592 	69.570107 	77.820305 	49.819675 	43.046486 	46.872166 	92.358002 	43.174065 	
50.009998 	51.195702 	64.132675 	70.213959 	50.960770 	59.135437 	22.472204 	22.135944 	45.650848 	39.115215 	19.924858 	20.808653 	49.517673 	15.620500 	21.931713 	12.727922 	35.608986 	53.907330 	999.000000 	26.400757 	14.317822 	84.958817 	19.723083 	19.723083 	21.633308 	70.213959 	82.377182 	78.892334 	23.345236 	72.090218 	30.413813 	101.533249 	62.169125 	51.009804 	74.330345 	58.309521 	106.404884 	42.720020 	86.406021 	108.231232 	35.057095 	35.057095 	104.292854 	59.076221 	36.359318 	35.693138 	51.923019 	91.787796 	97.493591 	43.174065 	86.683334 	
28.635643 	52.402290 	53.366657 	59.033890 	39.293766 	45.276924 	33.526108 	32.572994 	29.068884 	22.203604 	19.697716 	13.416408 	26.925823 	14.035668 	8.944272 	15.132746 	11.704700 	29.410883 	26.400757 	999.000000 	17.204651 	60.307545 	44.045429 	22.135944 	46.227695 	43.829212 	56.400356 	52.697250 	44.045429 	45.694637 	25.179358 	76.367531 	37.013512 	29.546574 	48.083260 	34.365681 	81.320351 	30.528675 	60.008331 	82.807007 	52.839378 	50.990196 	78.409180 	37.696156 	42.296574 	49.040798 	36.069378 	65.391129 	71.119621 	62.968246 	60.638271 	
36.055511 	58.600342 	66.030296 	72.006943 	52.000000 	59.211487 	32.557640 	31.890438 	43.737854 	36.674240 	23.409399 	20.099751 	43.829212 	15.524175 	18.110771 	13.000000 	28.653097 	46.615448 	14.317822 	17.204651 	999.000000 	77.466118 	27.784887 	7.615773 	30.016663 	59.640591 	73.000000 	69.028976 	26.907248 	61.057350 	17.029387 	93.380943 	49.335587 	37.054016 	62.609905 	44.911022 	98.351410 	28.635643 	75.292763 	99.704567 	35.777088 	34.176014 	95.015785 	45.000000 	28.442924 	32.756680 	37.643059 	80.622574 	86.821655 	45.793011 	74.464760 	
59.439045 	74.330345 	51.351727 	51.419842 	49.648766 	44.011364 	79.605278 	78.714676 	44.384682 	48.373547 	68.505478 	64.815125 	35.805027 	69.526970 	63.031738 	72.249565 	49.497475 	31.112698 	84.958817 	60.307545 	77.466118 	999.000000 	103.947105 	81.271149 	106.066017 	26.000000 	13.416408 	17.720045 	104.350372 	28.160255 	79.605278 	17.000000 	45.044422 	59.228371 	32.756680 	51.244511 	21.633308 	75.584389 	27.202942 	24.166092 	112.645462 	110.385689 	23.086792 	60.133186 	98.386993 	107.703293 	72.180328 	29.000000 	27.294687 	123.004066 	37.735924 	
62.096699 	67.007462 	82.969872 	89.022469 	70.228203 	78.549347 	38.052597 	38.118237 	65.368187 	58.830265 	39.395432 	40.496914 	68.883957 	35.227829 	41.231056 	32.202484 	54.451813 	72.835434 	19.723083 	44.045429 	27.784887 	103.947105 	999.000000 	27.892651 	2.236068 	87.367043 	100.424103 	96.607452 	8.485281 	88.836929 	37.121422 	120.282997 	76.694199 	63.063461 	90.354858 	71.784401 	125.207825 	50.039986 	103.077644 	126.810883 	19.697716 	21.633308 	122.441826 	70.405968 	32.202484 	24.758837 	60.074955 	108.406639 	114.586212 	25.000000 	102.044106 	
34.205261 	66.211784 	73.171036 	79.101204 	59.076221 	66.030296 	39.824615 	39.204590 	50.249378 	43.185646 	31.016125 	27.459061 	49.040798 	23.086792 	25.019993 	20.615528 	33.837849 	51.000000 	19.723083 	22.135944 	7.615773 	81.271149 	27.892651 	999.000000 	30.083218 	61.619801 	75.690155 	71.421288 	24.698177 	62.625874 	10.770329 	96.674713 	49.193497 	35.171009 	63.513779 	44.011364 	101.671036 	23.537205 	76.609398 	102.727798 	31.400637 	29.154760 	97.580734 	42.579338 	21.095022 	26.925823 	33.241539 	81.841309 	88.408142 	41.868843 	74.706093 	
64.288414 	68.007355 	84.480766 	90.520714 	71.867935 	80.230919 	39.204590 	39.319206 	67.230942 	60.745369 	41.146080 	42.438190 	70.936592 	37.202152 	43.278172 	34.205261 	56.568542 	74.953316 	21.633308 	46.227695 	30.016663 	106.066017 	2.236068 	30.083218 	999.000000 	89.587944 	102.615791 	98.812958 	9.433981 	91.065910 	39.204590 	122.429573 	78.924011 	65.253349 	92.590500 	74.000000 	127.349915 	52.086468 	105.309067 	128.972870 	19.723083 	22.022715 	124.631454 	72.567207 	33.615471 	25.495098 	62.128899 	110.639053 	116.811813 	24.083189 	104.278473 	
34.539833 	76.400261 	60.207973 	62.801273 	52.201534 	50.606323 	71.700768 	70.710678 	41.976185 	42.047592 	58.249462 	52.886673 	29.427877 	56.302753 	49.648766 	58.309521 	36.138622 	22.360680 	70.213959 	43.829212 	59.640591 	26.000000 	87.367043 	61.619801 	89.587944 	999.000000 	15.231546 	10.295630 	86.052307 	3.605551 	57.628117 	37.161808 	19.104973 	34.176014 	9.219544 	25.495098 	42.047592 	51.429562 	16.492422 	42.190044 	92.633690 	89.872131 	36.235340 	34.234486 	76.026314 	86.556343 	46.840153 	21.840330 	27.294687 	103.237587 	20.880613 	
49.769470 	80.156097 	59.774578 	60.926186 	55.145264 	51.195702 	80.653580 	79.699432 	47.265209 	49.477268 	68.154236 	63.505905 	36.138622 	67.601776 	60.901562 	69.971420 	47.010635 	29.732138 	82.377182 	56.400356 	73.000000 	13.416408 	100.424103 	75.690155 	102.615791 	15.231546 	999.000000 	5.099020 	99.764725 	16.278820 	72.422371 	21.931713 	33.955853 	49.396355 	20.024984 	40.521599 	26.832815 	66.640831 	14.142136 	27.202942 	106.962608 	104.350372 	22.022715 	49.030602 	90.972527 	101.212646 	61.983868 	17.000000 	18.027756 	117.515953 	24.413111 	
44.777225 	79.630394 	60.539242 	62.177166 	54.744862 	51.546097 	78.339005 	77.369247 	46.000000 	47.518417 	65.459915 	60.539242 	34.234486 	64.404968 	57.697487 	66.648331 	43.863426 	27.459061 	78.892334 	52.697250 	69.028976 	17.720045 	96.607452 	71.421288 	98.812958 	10.295630 	5.099020 	999.000000 	95.671310 	11.180340 	67.801178 	26.925823 	28.861740 	44.384682 	15.132746 	35.440090 	31.780497 	61.717098 	12.083046 	31.906113 	102.591423 	99.904953 	26.172504 	43.931767 	86.267029 	96.674713 	56.920998 	16.278820 	19.416489 	113.172432 	21.213203 	
58.309521 	73.334846 	87.475708 	93.557472 	74.215904 	82.280006 	44.181442 	44.102154 	68.154236 	61.326992 	43.174065 	43.081318 	70.178345 	37.696156 	42.941822 	34.539833 	55.217751 	73.409805 	23.345236 	44.045429 	26.907248 	104.350372 	8.485281 	24.698177 	9.433981 	86.052307 	99.764725 	95.671310 	999.000000 	87.200920 	32.280025 	120.282997 	73.824112 	59.236813 	88.204308 	68.447060 	125.255737 	44.721359 	101.257095 	126.574089 	12.165525 	13.416408 	121.753853 	66.098412 	24.351591 	16.278820 	54.744862 	106.508217 	113.004425 	19.924858 	99.362968 	
34.000000 	79.812279 	63.812225 	66.400299 	55.713554 	54.203320 	74.431175 	73.437050 	45.354160 	45.177429 	60.827625 	55.317268 	32.756680 	58.523499 	51.923019 	60.406952 	38.639359 	25.709921 	72.090218 	45.694637 	61.057350 	28.160255 	88.836929 	62.625874 	91.065910 	3.605551 	16.278820 	11.180340 	87.200920 	999.000000 	58.051701 	37.947330 	17.720045 	33.541019 	5.656854 	24.351591 	42.720020 	51.107731 	14.317822 	42.485291 	93.380943 	90.509666 	36.055511 	32.756680 	76.216797 	87.045967 	45.880280 	19.697716 	25.806976 	104.004807 	17.464249 	
26.419689 	74.431175 	78.447433 	84.172440 	64.327286 	70.455658 	49.497475 	48.795490 	54.230988 	47.381432 	39.115215 	34.438351 	50.487621 	31.064449 	31.016125 	29.206163 	36.013885 	50.960770 	30.413813 	25.179358 	17.029387 	79.605278 	37.121422 	10.770329 	39.204590 	57.628117 	72.422371 	67.801178 	32.280025 	58.051701 	999.000000 	94.031906 	42.801868 	27.294687 	58.051701 	36.891735 	99.020203 	13.038404 	71.449280 	99.624290 	35.805027 	32.649654 	93.861603 	33.837849 	18.788294 	29.000000 	23.000000 	76.485291 	83.450584 	46.400433 	68.242218 	
71.693794 	90.255196 	66.030296 	65.122963 	65.969688 	59.682495 	96.602280 	95.713112 	61.326992 	65.368187 	85.440041 	81.608826 	52.697250 	86.214851 	79.649231 	88.865067 	65.946945 	47.634022 	101.533249 	76.367531 	93.380943 	17.000000 	120.282997 	96.674713 	122.429573 	37.161808 	21.931713 	26.925823 	120.282997 	37.947330 	94.031906 	999.000000 	55.659679 	71.309189 	40.792156 	62.297672 	5.000000 	88.566360 	30.016663 	7.280110 	128.062485 	125.602547 	10.000000 	70.604530 	112.680969 	122.641754 	83.815269 	28.635643 	22.847319 	138.538803 	40.311287 	
17.029387 	81.412529 	70.724815 	74.518456 	59.816387 	60.827625 	69.584480 	68.593002 	48.010414 	45.177429 	55.443665 	49.254440 	36.124783 	51.000000 	45.099888 	52.086468 	34.481880 	30.479502 	62.169125 	37.013512 	49.335587 	45.044422 	76.694199 	49.193497 	78.924011 	19.104973 	33.955853 	28.861740 	73.824112 	17.720045 	42.801868 	55.659679 	999.000000 	16.401220 	15.811388 	6.708204 	60.406952 	34.205261 	29.206163 	60.008331 	78.600258 	75.432091 	53.235325 	15.132746 	60.108234 	71.589104 	28.231188 	33.970577 	41.231056 	89.202019 	25.553865 	
1.000000 	80.280754 	74.946648 	79.649231 	62.201286 	65.368187 	62.968246 	62.032249 	50.219517 	45.343136 	49.244289 	42.953465 	40.718548 	43.011627 	38.483765 	43.174065 	32.526913 	37.363083 	51.009804 	29.546574 	37.054016 	59.228371 	63.063461 	35.171009 	65.253349 	34.176014 	49.396355 	44.384682 	59.236813 	33.541019 	27.294687 	71.309189 	16.401220 	999.000000 	32.202484 	9.899495 	76.157730 	17.804493 	45.607018 	76.026314 	62.968246 	59.640591 	69.462219 	8.246211 	43.863426 	55.605755 	13.038404 	50.328918 	57.628117 	73.498299 	41.231056 	
32.802441 	84.770279 	69.339745 	72.006943 	60.926186 	59.682495 	78.102493 	77.103828 	50.289165 	49.648766 	64.280632 	58.549126 	37.643059 	61.392181 	54.918121 	63.063461 	42.107006 	30.675724 	74.330345 	48.083260 	62.609905 	32.756680 	90.354858 	63.513779 	92.590500 	9.219544 	20.024984 	15.132746 	88.204308 	5.656854 	58.051701 	40.792156 	15.811388 	32.202484 	999.000000 	22.472204 	45.354160 	50.000000 	13.453624 	44.598206 	93.723000 	90.686272 	37.576588 	30.083218 	75.742989 	87.000000 	43.829212 	18.439089 	25.495098 	104.350372 	13.000000 	
10.630146 	81.835197 	73.246162 	77.420929 	61.522354 	63.411354 	67.683083 	66.708321 	49.517673 	45.803928 	53.600372 	47.296936 	38.418747 	48.373547 	42.953465 	49.091751 	34.000000 	33.615471 	58.309521 	34.365681 	44.911022 	51.244511 	71.784401 	44.011364 	74.000000 	25.495098 	40.521599 	35.440090 	68.447060 	24.351591 	36.891735 	62.297672 	6.708204 	9.899495 	22.472204 	999.000000 	67.067131 	27.658634 	35.805027 	66.708321 	72.670486 	69.404610 	59.941639 	9.055386 	53.758720 	65.436989 	21.540659 	40.459858 	47.801674 	83.234612 	31.400637 	
76.557167 	93.941475 	69.260376 	68.000000 	69.921387 	63.348244 	101.118744 	100.239716 	65.741920 	69.971420 	90.138779 	86.400230 	57.428215 	91.049438 	84.504440 	93.723000 	70.837845 	52.497620 	106.404884 	81.320351 	98.351410 	21.633308 	125.207825 	101.671036 	127.349915 	42.047592 	26.832815 	31.780497 	125.255737 	42.720020 	99.020203 	5.000000 	60.406952 	76.157730 	45.354160 	67.067131 	999.000000 	93.471924 	34.058773 	4.472136 	133.060135 	130.602448 	11.180340 	75.286118 	117.660530 	127.640121 	88.600227 	32.140316 	25.709921 	143.533966 	44.045429 	
17.204651 	82.619614 	82.873398 	88.232651 	69.079666 	74.040527 	60.000000 	59.203041 	57.870544 	51.623638 	48.083260 	42.520584 	51.351727 	40.360870 	38.418747 	39.204590 	38.897301 	50.009998 	42.720020 	30.528675 	28.635643 	75.584389 	50.039986 	23.537205 	52.086468 	51.429562 	66.640831 	61.717098 	44.721359 	51.107731 	13.038404 	88.566360 	34.205261 	17.804493 	50.000000 	27.658634 	93.471924 	999.000000 	63.411354 	93.536087 	46.518814 	42.941822 	87.132080 	22.472204 	26.400757 	38.587563 	10.049875 	68.117546 	75.432091 	56.824291 	58.728188 	
46.227695 	91.241440 	72.615425 	74.242844 	66.490601 	63.568859 	88.119240 	87.132080 	57.218880 	58.034473 	74.732857 	69.375786 	45.011108 	72.732384 	66.098412 	74.672615 	52.630791 	38.000000 	86.406021 	60.008331 	75.292763 	27.202942 	103.077644 	76.609398 	105.309067 	16.492422 	14.142136 	12.083046 	101.257095 	14.317822 	71.449280 	30.016663 	29.206163 	45.607018 	13.453624 	35.805027 	34.058773 	63.411354 	999.000000 	32.557640 	107.056061 	104.062485 	25.000000 	42.941822 	89.196411 	100.419121 	56.938564 	5.385165 	12.041595 	117.686020 	10.770329 	
76.478752 	97.493591 	73.109505 	72.027771 	73.246162 	66.910385 	103.754517 	102.859123 	68.541962 	72.470680 	92.439171 	88.481636 	59.682495 	93.005379 	86.400230 	95.603348 	72.622307 	54.405884 	108.231232 	82.807007 	99.704567 	24.166092 	126.810883 	102.727798 	128.972870 	42.190044 	27.202942 	31.906113 	126.574089 	42.485291 	99.624290 	7.280110 	60.008331 	76.026314 	44.598206 	66.708321 	4.472136 	93.536087 	32.557640 	999.000000 	134.063416 	131.502853 	8.062258 	74.672615 	118.152443 	128.405609 	88.238312 	30.016663 	23.086792 	144.589066 	42.047592 	
62.128899 	85.475143 	98.994949 	105.076164 	85.510231 	93.391647 	56.320511 	56.222771 	78.746429 	71.784401 	54.589375 	53.851646 	79.605278 	48.507732 	53.141319 	45.354160 	64.412735 	82.152298 	35.057095 	52.839378 	35.777088 	112.645462 	19.697716 	31.400637 	19.723083 	92.633690 	106.962608 	102.591423 	12.165525 	93.380943 	35.805027 	128.062485 	78.600258 	62.968246 	93.723000 	72.670486 	133.060135 	46.518814 	107.056061 	134.063416 	999.000000 	4.000000 	128.763351 	68.883957 	21.377558 	9.000000 	56.080299 	112.160599 	119.004204 	10.630146 	104.043259 	
58.821766 	85.988373 	98.508881 	104.580116 	84.852814 	92.574295 	56.885849 	56.718605 	77.620872 	70.604530 	54.147945 	52.952808 	77.878113 	47.675991 	51.923019 	44.553337 	62.649822 	80.131142 	35.057095 	50.990196 	34.176014 	110.385689 	21.633308 	29.154760 	22.022715 	89.872131 	104.350372 	99.904953 	13.416408 	90.509666 	32.649654 	125.602547 	75.432091 	59.640591 	90.686272 	69.404610 	130.602448 	42.941822 	104.062485 	131.502853 	4.000000 	999.000000 	126.063477 	65.368187 	17.464249 	5.000000 	52.392746 	109.123779 	116.043098 	13.892444 	100.801788 	
69.971420 	97.416634 	74.108032 	73.681747 	72.691124 	67.067131 	101.390335 	100.463921 	66.760765 	70.007141 	89.442719 	85.088188 	56.859474 	89.358826 	82.680107 	91.809586 	68.796799 	51.000000 	104.292854 	78.409180 	95.015785 	23.086792 	122.441826 	97.580734 	124.631454 	36.235340 	22.022715 	26.172504 	121.753853 	36.055511 	93.861603 	10.000000 	53.235325 	69.462219 	37.576588 	59.941639 	11.180340 	87.132080 	25.000000 	8.062258 	128.763351 	126.063477 	999.000000 	67.623962 	112.200714 	122.788437 	81.394104 	22.090721 	15.033297 	139.344894 	34.132095 	
9.219544 	87.800911 	81.024689 	85.440041 	68.767723 	71.281136 	71.168816 	70.228203 	56.727417 	52.345009 	57.384666 	51.078373 	46.324940 	51.244511 	46.615448 	51.419842 	39.824615 	42.047592 	59.076221 	37.696156 	45.000000 	60.133186 	70.405968 	42.579338 	72.567207 	34.234486 	49.030602 	43.931767 	66.098412 	32.756680 	33.837849 	70.604530 	15.132746 	8.246211 	30.083218 	9.055386 	75.286118 	22.472204 	42.941822 	74.672615 	68.883957 	65.368187 	67.623962 	999.000000 	48.826221 	61.057350 	14.212670 	47.169907 	54.708317 	79.259071 	36.878178 	
43.139309 	86.377083 	94.260277 	100.179840 	80.156097 	87.000000 	58.591808 	58.137768 	71.063354 	64.031242 	51.662365 	48.507732 	68.658577 	43.931767 	46.097721 	41.231056 	53.758720 	69.570107 	36.359318 	42.296574 	28.442924 	98.386993 	32.202484 	21.095022 	33.615471 	76.026314 	90.972527 	86.267029 	24.351591 	76.216797 	18.788294 	112.680969 	60.108234 	43.863426 	75.742989 	53.758720 	117.660530 	26.400757 	89.196411 	118.152443 	21.377558 	17.464249 	112.200714 	48.826221 	999.000000 	12.649111 	35.355339 	94.069122 	101.237343 	31.016125 	85.041168 	
54.817879 	86.884979 	98.127472 	104.172935 	84.291161 	91.787796 	57.974133 	57.723480 	76.485291 	69.426216 	54.009258 	52.239830 	75.960518 	47.095646 	50.803543 	44.045429 	60.745369 	77.820305 	35.693138 	49.040798 	32.756680 	107.703293 	24.758837 	26.925823 	25.495098 	86.556343 	101.212646 	96.674713 	16.278820 	87.045967 	29.000000 	122.641754 	71.589104 	55.605755 	87.000000 	65.436989 	127.640121 	38.587563 	100.419121 	128.405609 	9.000000 	5.000000 	122.788437 	61.057350 	12.649111 	999.000000 	47.853943 	105.418213 	112.432205 	18.384777 	96.829750 	
13.000000 	88.413803 	85.866173 	90.873535 	72.560318 	76.557167 	67.742157 	66.887962 	60.827625 	55.226807 	55.000000 	49.040798 	52.497620 	47.707443 	44.687805 	47.010635 	42.190044 	49.819675 	51.923019 	36.069378 	37.643059 	72.180328 	60.074955 	33.241539 	62.128899 	46.840153 	61.983868 	56.920998 	54.744862 	45.880280 	23.000000 	83.815269 	28.231188 	13.038404 	43.829212 	21.540659 	88.600227 	10.049875 	56.938564 	88.238312 	56.080299 	52.392746 	81.394104 	14.212670 	35.355339 	47.853943 	999.000000 	61.294373 	68.796799 	66.211784 	51.088158 	
50.990196 	95.885345 	76.550636 	77.878113 	71.021126 	67.720009 	93.380943 	92.395889 	62.072536 	63.126858 	80.049988 	74.726166 	50.009998 	78.108902 	71.470276 	80.056229 	57.974133 	43.046486 	91.787796 	65.391129 	80.622574 	29.000000 	108.406639 	81.841309 	110.639053 	21.840330 	17.000000 	16.278820 	106.508217 	19.697716 	76.485291 	28.635643 	33.970577 	50.328918 	18.439089 	40.459858 	32.140316 	68.117546 	5.385165 	30.016663 	112.160599 	109.123779 	22.090721 	47.169907 	94.069122 	105.418213 	61.294373 	999.000000 	7.615773 	122.788437 	12.041595 	
58.258045 	98.183502 	77.369247 	78.108902 	73.171036 	69.050705 	97.744568 	96.772926 	65.122963 	66.910385 	84.770279 	79.711983 	53.600372 	83.384651 	76.694199 	85.492691 	62.968246 	46.872166 	97.493591 	71.119621 	86.821655 	27.294687 	114.586212 	88.408142 	116.811813 	27.294687 	18.027756 	19.416489 	113.004425 	25.806976 	83.450584 	22.847319 	41.231056 	57.628117 	25.495098 	47.801674 	25.709921 	75.432091 	12.041595 	23.086792 	119.004204 	116.043098 	15.033297 	54.708317 	101.237343 	112.432205 	68.796799 	7.615773 	999.000000 	129.634094 	19.416489 	
72.670486 	92.005432 	107.280006 	113.357841 	94.111633 	102.200783 	63.031738 	63.071388 	88.022728 	81.154175 	63.063461 	62.968246 	89.554451 	57.584721 	62.649822 	54.424259 	74.431175 	92.358002 	43.174065 	62.968246 	45.793011 	123.004066 	25.000000 	41.868843 	24.083189 	103.237587 	117.515953 	113.172432 	19.924858 	104.004807 	46.400433 	138.538803 	89.202019 	73.498299 	104.350372 	83.234612 	143.533966 	56.824291 	117.686020 	144.589066 	10.630146 	13.892444 	139.344894 	79.259071 	31.016125 	18.384777 	66.211784 	122.788437 	129.634094 	999.000000 	114.621117 	
42.011902 	97.267670 	80.529495 	82.680107 	73.054771 	71.112587 	91.087868 	90.088844 	62.817196 	62.514000 	77.233414 	71.449280 	50.219517 	74.148499 	67.742157 	75.709976 	55.081757 	43.174065 	86.683334 	60.638271 	74.464760 	37.735924 	102.044106 	74.706093 	104.278473 	20.880613 	24.413111 	21.213203 	99.362968 	17.464249 	68.242218 	40.311287 	25.553865 	41.231056 	13.000000 	31.400637 	44.045429 	58.728188 	10.770329 	42.047592 	104.043259 	100.801788 	34.132095 	36.878178 	85.041168 	96.829750 	51.088158 	12.041595 	19.416489 	114.621117 	999.000000 	

Travel time:
0.000000 	1.987775 	1.860779 	1.979425 	1.540292 	1.622113 	1.550806 	1.527457 	1.241219 	1.117195 	1.208305 	1.051190 	1.007782 	1.051487 	0.939415 	1.055047 	0.795692 	0.927699 	1.250250 	0.715891 	0.901388 	1.485976 	1.552418 	0.855132 	1.607210 	0.863496 	1.244237 	1.119431 	1.457738 	0.850000 	0.660492 	1.792345 	0.425735 	0.025000 	0.820061 	0.265754 	1.913929 	0.430116 	1.155692 	1.911969 	1.553222 	1.470544 	1.749285 	0.230489 	1.078483 	1.370447 	0.325000 	1.274755 	1.456451 	1.816762 	1.050297 	
0.000000 	9.000000 	0.660492 	0.765261 	0.625500 	0.764853 	0.728869 	0.731864 	0.862047 	0.905883 	0.883883 	1.005609 	1.178187 	1.085415 	1.105102 	1.140449 	1.200260 	1.353006 	1.279893 	1.310057 	1.465008 	1.858259 	1.675187 	1.655295 	1.700184 	1.910007 	2.003902 	1.990760 	1.833371 	1.995307 	1.860779 	2.256380 	2.035313 	2.007019 	2.119257 	2.045880 	2.348537 	2.065490 	2.281036 	2.437340 	2.136878 	2.149709 	2.435416 	2.195023 	2.159427 	2.172124 	2.210345 	2.397134 	2.454587 	2.300136 	2.431692 	
0.000000 	0.660492 	9.000000 	0.152069 	0.353553 	0.247487 	1.162970 	1.152443 	0.626997 	0.783023 	1.110180 	1.150000 	0.870704 	1.275980 	1.204159 	1.352082 	1.100284 	1.007782 	1.603317 	1.334166 	1.650757 	1.283793 	2.074247 	1.829276 	2.112019 	1.505199 	1.494365 	1.513481 	2.186893 	1.595306 	1.961186 	1.650757 	1.768120 	1.873666 	1.733494 	1.831154 	1.731509 	2.071835 	1.815386 	1.827738 	2.474874 	2.462722 	1.852701 	2.025617 	2.356507 	2.453187 	2.146654 	1.913766 	1.934231 	2.682000 	2.013237 	
0.000000 	0.765261 	0.152069 	9.000000 	0.500625 	0.357946 	1.309819 	1.300000 	0.759111 	0.921954 	1.262191 	1.300240 	0.977880 	1.426972 	1.352082 	1.503330 	1.233390 	1.101136 	1.755349 	1.475847 	1.800174 	1.285496 	2.225562 	1.977530 	2.263018 	1.570032 	1.523155 	1.554429 	2.338937 	1.660007 	2.104311 	1.628074 	1.862961 	1.991231 	1.800174 	1.935523 	1.700000 	2.205816 	1.856071 	1.800694 	2.626904 	2.614503 	1.842044 	2.136001 	2.504496 	2.604323 	2.271838 	1.946953 	1.952723 	2.833946 	2.067003 	
0.000000 	0.625500 	0.353553 	0.500625 	9.000000 	0.215058 	0.890225 	0.875000 	0.301040 	0.436606 	0.776209 	0.801561 	0.596343 	0.930390 	0.851469 	1.007782 	0.760345 	0.760345 	1.274019 	0.982344 	1.300000 	1.241219 	1.755705 	1.476906 	1.796698 	1.305038 	1.378632 	1.368622 	1.855398 	1.392839 	1.608182 	1.649242 	1.495410 	1.555032 	1.523155 	1.538059 	1.748035 	1.726992 	1.662265 	1.831154 	2.137756 	2.121320 	1.817278 	1.719193 	2.003902 	2.107279 	1.814008 	1.775528 	1.829276 	2.352791 	1.826369 	
0.000000 	0.764853 	0.247487 	0.357946 	0.215058 	9.000000 	1.105102 	1.090011 	0.406971 	0.577170 	0.980434 	0.990581 	0.625000 	1.122776 	1.027740 	1.201301 	0.879275 	0.760345 	1.478386 	1.131923 	1.480287 	1.100284 	1.963734 	1.650757 	2.005773 	1.265158 	1.279893 	1.288652 	2.057000 	1.355083 	1.761391 	1.492062 	1.520691 	1.634205 	1.492062 	1.585284 	1.583706 	1.851013 	1.589221 	1.672760 	2.334791 	2.314357 	1.676678 	1.782028 	2.175000 	2.294695 	1.913929 	1.693000 	1.726268 	2.555020 	1.777815 	
0.000000 	0.728869 	1.162970 	1.309819 	0.890225 	1.105102 	9.000000 	0.025000 	0.887764 	0.784618 	0.353553 	0.509902 	1.114955 	0.503115 	0.618466 	0.520216 	0.900347 	1.274019 	0.561805 	0.838153 	0.813941 	1.990132 	0.951315 	0.995615 	0.980115 	1.792519 	2.016340 	1.958475 	1.104536 	1.860779 	1.237437 	2.415057 	1.739612 	1.574206 	1.952562 	1.692077 	2.527969 	1.500000 	2.202981 	2.593863 	1.408013 	1.422146 	2.534758 	1.779220 	1.464795 	1.449353 	1.693554 	2.334524 	2.443614 	1.575794 	2.277197 	
0.000000 	0.731864 	1.152443 	1.300000 	0.875000 	1.090011 	0.025000 	9.000000 	0.866747 	0.761577 	0.328824 	0.485412 	1.091444 	0.480885 	0.594243 	0.500000 	0.875357 	1.250000 	0.553399 	0.814325 	0.797261 	1.967867 	0.952956 	0.980115 	0.982980 	1.767767 	1.992486 	1.934231 	1.102554 	1.835926 	1.219887 	2.392828 	1.714825 	1.550806 	1.927596 	1.667708 	2.505993 	1.480076 	2.178302 	2.571478 	1.405569 	1.417965 	2.511598 	1.755705 	1.453444 	1.443087 	1.672199 	2.309897 	2.419323 	1.576785 	2.252221 	
0.000000 	0.862047 	0.626997 	0.759111 	0.301040 	0.406971 	0.887764 	0.866747 	9.000000 	0.176777 	0.660019 	0.626997 	0.316228 	0.761577 	0.642748 	0.840387 	0.474342 	0.491172 	1.141271 	0.726722 	1.093446 	1.109617 	1.634205 	1.256234 	1.680773 	1.049405 	1.181630 	1.150000 	1.703856 	1.133854 	1.355775 	1.533175 	1.200260 	1.255488 	1.257229 	1.237942 	1.643548 	1.446764 	1.430472 	1.713549 	1.968661 	1.940522 	1.669019 	1.418185 	1.776584 	1.912132 	1.520691 	1.551813 	1.628074 	2.200568 	1.570430 	
0.000000 	0.905883 	0.783023 	0.921954 	0.436606 	0.577170 	0.784618 	0.761577 	0.176777 	9.000000 	0.512957 	0.458939 	0.333542 	0.592663 	0.467039 	0.670820 	0.325960 	0.502494 	0.977880 	0.555090 	0.916856 	1.209339 	1.470757 	1.079641 	1.518634 	1.051190 	1.236932 	1.187960 	1.533175 	1.129436 	1.184536 	1.634205 	1.129436 	1.133578 	1.241219 	1.145098 	1.749285 	1.290591 	1.450862 	1.811767 	1.794610 	1.765113 	1.750179 	1.308625 	1.600781 	1.735655 	1.380670 	1.578171 	1.672760 	2.028854 	1.562850 	
0.000000 	0.883883 	1.110180 	1.262191 	0.776209 	0.980434 	0.353553 	0.328824 	0.660019 	0.512957 	9.000000 	0.158114 	0.818917 	0.201556 	0.269258 	0.261008 	0.555090 	0.962094 	0.498121 	0.492443 	0.585235 	1.712637 	0.984886 	0.775403 	1.028652 	1.456237 	1.703856 	1.636498 	1.079352 	1.520691 	0.977880 	2.136001 	1.386092 	1.231107 	1.607016 	1.340009 	2.253469 	1.202081 	1.868321 	2.310979 	1.364734 	1.353699 	2.236068 	1.434617 	1.291559 	1.350231 	1.375000 	2.001250 	2.119257 	1.576586 	1.930835 	
0.000000 	1.005609 	1.150000 	1.300240 	0.801561 	0.990581 	0.509902 	0.485412 	0.626997 	0.458939 	0.158114 	9.000000 	0.726722 	0.134629 	0.111803 	0.213600 	0.419076 	0.853302 	0.520216 	0.335410 	0.502494 	1.620378 	1.012423 	0.686477 	1.060955 	1.322167 	1.587648 	1.513481 	1.077033 	1.382932 	0.860959 	2.040221 	1.231361 	1.073837 	1.463728 	1.182423 	2.160006 	1.063015 	1.734395 	2.212041 	1.346291 	1.323820 	2.127205 	1.276959 	1.212693 	1.305996 	1.226020 	1.868154 	1.992800 	1.574206 	1.786232 	
0.000000 	1.178187 	0.870704 	0.977880 	0.596343 	0.625000 	1.114955 	1.091444 	0.316228 	0.333542 	0.818917 	0.726722 	9.000000 	0.848528 	0.691466 	0.919918 	0.380789 	0.176777 	1.237942 	0.673146 	1.095730 	0.895126 	1.722099 	1.226020 	1.773415 	0.735697 	0.903466 	0.855862 	1.754459 	0.818917 	1.262191 	1.317431 	0.903120 	1.017964 	0.941076 	0.960469 	1.435705 	1.283793 	1.125278 	1.492062 	1.990132 	1.946953 	1.421487 	1.158123 	1.716464 	1.899013 	1.312441 	1.250250 	1.340009 	2.238861 	1.255488 	
0.000000 	1.085415 	1.275980 	1.426972 	0.930390 	1.122776 	0.503115 	0.480885 	0.761577 	0.592663 	0.201556 	0.134629 	0.848528 	9.000000 	0.167705 	0.079057 	0.514782 	0.965013 	0.390512 	0.350892 	0.388104 	1.738174 	0.880696 	0.577170 	0.930054 	1.407569 	1.690044 	1.610124 	0.942404 	1.463087 	0.776611 	2.155371 	1.275000 	1.075291 	1.534805 	1.209339 	2.276236 	1.009022 	1.818310 	2.325135 	1.212693 	1.191900 	2.233971 	1.281113 	1.098294 	1.177391 	1.192686 	1.952723 	2.084616 	1.439618 	1.853712 	
0.000000 	1.105102 	1.204159 	1.352082 	0.851469 	1.027740 	0.618466 	0.594243 	0.642748 	0.467039 	0.269258 	0.111803 	0.691466 	0.167705 	9.000000 	0.230489 	0.347311 	0.800391 	0.548293 	0.223607 	0.452769 	1.575794 	1.030776 	0.625500 	1.081954 	1.241219 	1.522539 	1.442437 	1.073546 	1.298075 	0.775403 	1.991231 	1.127497 	0.962094 	1.372953 	1.073837 	2.112611 	0.960469 	1.652460 	2.160006 	1.328533 	1.298075 	2.067003 	1.165386 	1.152443 	1.270089 	1.117195 	1.786757 	1.917355 	1.566246 	1.693554 	
0.000000 	1.140449 	1.352082 	1.503330 	1.007782 	1.201301 	0.520216 	0.500000 	0.840387 	0.670820 	0.261008 	0.213600 	0.919918 	0.079057 	0.230489 	9.000000 	0.575543 	1.030776 	0.318198 	0.378319 	0.325000 	1.806239 	0.805062 	0.515388 	0.855132 	1.457738 	1.749285 	1.666208 	0.863496 	1.510174 	0.730154 	2.221627 	1.302162 	1.079352 	1.576586 	1.227294 	2.343075 	0.980115 	1.866815 	2.390084 	1.133854 	1.113833 	2.295240 	1.285496 	1.030776 	1.101136 	1.175266 	2.001406 	2.137317 	1.360606 	1.892749 	
0.000000 	1.200260 	1.100284 	1.233390 	0.760345 	0.879275 	0.900347 	0.875357 	0.474342 	0.325960 	0.555090 	0.419076 	0.380789 	0.514782 	0.347311 	0.575543 	9.000000 	0.459619 	0.890225 	0.292617 	0.716327 	1.237437 	1.361295 	0.845946 	1.414214 	0.903466 	1.175266 	1.096586 	1.380444 	0.965984 	0.900347 	1.648674 	0.862047 	0.813173 	1.052675 	0.850000 	1.770946 	0.972432 	1.315770 	1.815558 	1.610318 	1.566246 	1.719920 	0.995615 	1.343968 	1.518634 	1.054751 	1.449353 	1.574206 	1.860779 	1.377044 	
0.000000 	1.353006 	1.007782 	1.101136 	0.760345 	0.760345 	1.274019 	1.250000 	0.491172 	0.502494 	0.962094 	0.853302 	0.176777 	0.965013 	0.800391 	1.030776 	0.459619 	9.000000 	1.347683 	0.735272 	1.165386 	0.777817 	1.820886 	1.275000 	1.873833 	0.559017 	0.743303 	0.686477 	1.835245 	0.642748 	1.274019 	1.190850 	0.761988 	0.934077 	0.766893 	0.840387 	1.312441 	1.250250 	0.950000 	1.360147 	2.053807 	2.003278 	1.275000 	1.051190 	1.739253 	1.945508 	1.245492 	1.076162 	1.171804 	2.308950 	1.079352 	
0.000000 	1.279893 	1.603317 	1.755349 	1.274019 	1.478386 	0.561805 	0.553399 	1.141271 	0.977880 	0.498121 	0.520216 	1.237942 	0.390512 	0.548293 	0.318198 	0.890225 	1.347683 	9.000000 	0.660019 	0.357946 	2.123971 	0.493077 	0.493077 	0.540833 	1.755349 	2.059430 	1.972308 	0.583631 	1.802255 	0.760345 	2.538331 	1.554228 	1.275245 	1.858259 	1.457738 	2.660122 	1.068001 	2.160151 	2.705781 	0.876427 	0.876427 	2.607321 	1.476906 	0.908983 	0.892328 	1.298075 	2.294695 	2.437340 	1.079352 	2.167083 	
0.000000 	1.310057 	1.334166 	1.475847 	0.982344 	1.131923 	0.838153 	0.814325 	0.726722 	0.555090 	0.492443 	0.335410 	0.673146 	0.350892 	0.223607 	0.378319 	0.292617 	0.735272 	0.660019 	9.000000 	0.430116 	1.507689 	1.101136 	0.553399 	1.155692 	1.095730 	1.410009 	1.317431 	1.101136 	1.142366 	0.629484 	1.909188 	0.925338 	0.738664 	1.202081 	0.859142 	2.033009 	0.763217 	1.500208 	2.070175 	1.320984 	1.274755 	1.960230 	0.942404 	1.057414 	1.226020 	0.901734 	1.634778 	1.777991 	1.574206 	1.515957 	
0.000000 	1.465008 	1.650757 	1.800174 	1.300000 	1.480287 	0.813941 	0.797261 	1.093446 	0.916856 	0.585235 	0.502494 	1.095730 	0.388104 	0.452769 	0.325000 	0.716327 	1.165386 	0.357946 	0.430116 	9.000000 	1.936653 	0.694622 	0.190394 	0.750417 	1.491015 	1.825000 	1.725724 	0.672681 	1.526434 	0.425735 	2.334524 	1.233390 	0.926350 	1.565248 	1.122776 	2.458785 	0.715891 	1.882319 	2.492614 	0.894427 	0.854400 	2.375395 	1.125000 	0.711073 	0.818917 	0.941076 	2.015564 	2.170541 	1.144825 	1.861619 	
