Total assets = 458
Number of asset nodes = 34

Distance:
999.000000 	14.560220 	69.202599 	21.377558 	25.455845 	77.006493 	61.057350 	109.622078 	105.380264 	44.922153 	23.430750 	20.000000 	98.412399 	48.703182 	29.154760 	57.775429 	66.648331 	86.838928 	25.298222 	33.000000 	23.000000 	88.509888 	52.952808 	86.452301 	85.959290 	39.204590 	57.489128 	50.358715 	82.734512 	79.309517 	36.891735 	36.235340 	75.432091 	51.788029 	74.330345 	47.759815 	57.558666 	57.706154 	74.672615 	46.647614 	51.000000 	75.166481 	72.443085 	70.611610 	73.979729 	70.342018 	76.243034 	
14.560220 	999.000000 	55.901699 	7.000000 	38.832977 	63.702435 	47.201694 	97.308784 	92.763138 	30.364452 	11.704700 	8.246211 	88.955048 	34.176014 	41.012192 	43.382023 	52.478565 	73.246162 	35.608986 	19.416489 	30.413813 	74.632431 	38.470768 	72.401657 	71.867935 	26.248810 	42.953465 	36.055511 	68.476273 	64.884514 	29.410883 	30.413813 	60.876926 	39.217342 	59.841457 	36.891735 	44.643028 	44.922153 	60.299255 	38.209946 	41.773197 	61.008198 	59.228371 	58.189346 	61.131008 	58.309521 	64.474800 	
69.202599 	55.901699 	999.000000 	50.990196 	94.493385 	7.810250 	10.440307 	42.544094 	37.443291 	31.384710 	45.803928 	49.203659 	45.891174 	27.513634 	96.896851 	19.104973 	11.704700 	17.888544 	91.241440 	47.413078 	85.146935 	20.615528 	32.140316 	20.024984 	20.000000 	48.703182 	29.017237 	36.345562 	19.646883 	21.095022 	66.483078 	70.384659 	29.206163 	51.156624 	33.286633 	58.855755 	50.039986 	51.039200 	37.215588 	67.683083 	66.753281 	42.059483 	52.810986 	58.694122 	56.920998 	61.392181 	66.483078 	
21.377558 	7.000000 	50.990196 	999.000000 	44.777225 	58.728188 	41.773197 	93.005379 	88.238312 	23.769728 	11.401754 	9.433981 	86.683334 	27.730848 	46.227695 	37.215588 	46.615448 	67.941154 	40.311287 	12.649111 	34.205261 	69.028976 	31.575306 	66.610809 	66.030296 	19.697716 	36.138622 	29.068884 	62.433964 	58.591808 	26.000000 	27.892651 	54.120235 	32.695564 	52.952808 	31.240999 	37.947330 	38.275318 	53.338543 	33.837849 	36.878178 	54.009258 	52.392746 	51.623638 	54.405884 	51.894123 	58.137768 	
25.455845 	38.832977 	94.493385 	44.777225 	999.000000 	102.303467 	86.023254 	135.074051 	130.831955 	68.425140 	48.836460 	45.343136 	122.967476 	72.470680 	7.615773 	81.987801 	91.268837 	112.004463 	11.661903 	54.083271 	18.681541 	113.463654 	75.392311 	111.220505 	110.675201 	58.694122 	80.230919 	72.111023 	107.186752 	103.353760 	49.040798 	46.270943 	98.234413 	69.584480 	96.462425 	63.031738 	75.663727 	75.538071 	96.166519 	58.309521 	63.285069 	95.801880 	90.553848 	87.051712 	91.197586 	86.000000 	91.087868 	
77.006493 	63.702435 	7.810250 	58.728188 	102.303467 	999.000000 	17.492855 	35.341194 	30.016663 	38.470768 	53.600372 	57.008770 	42.720020 	34.438351 	104.690018 	25.298222 	16.124516 	10.440307 	99.005051 	54.708317 	92.849342 	14.000000 	38.078865 	14.560220 	14.866069 	55.542778 	34.365681 	42.449970 	16.401220 	20.000000 	73.409805 	77.388626 	30.463093 	56.885849 	35.114101 	65.000000 	55.145264 	56.142673 	39.217342 	74.040527 	72.780495 	44.271889 	56.089214 	62.514000 	60.207973 	65.375839 	70.035706 	
61.057350 	47.201694 	10.440307 	41.773197 	86.023254 	17.492855 	999.000000 	52.773098 	47.507893 	21.023796 	38.013157 	41.182522 	55.326305 	17.088007 	87.965904 	9.055386 	7.071068 	26.172504 	82.073135 	37.215588 	75.690155 	27.459061 	22.000000 	25.495098 	25.079872 	38.275318 	19.416489 	26.076809 	22.561028 	21.023796 	56.080299 	60.008331 	24.698177 	41.012192 	27.658634 	48.507732 	40.311287 	41.303753 	31.112698 	57.271286 	56.435802 	35.468296 	44.721359 	49.979996 	48.754486 	52.497620 	57.939625 	
109.622078 	97.308784 	42.544094 	93.005379 	135.074051 	35.341194 	52.773098 	999.000000 	6.000000 	73.790245 	86.371292 	89.938866 	31.048349 	69.778221 	138.191895 	60.539242 	50.921509 	29.427877 	132.909744 	89.944427 	127.200630 	32.015621 	73.054771 	36.013885 	37.013512 	90.873535 	68.963760 	77.491936 	42.047592 	48.093658 	108.747414 	112.729767 	60.074955 	91.482239 	65.069191 	99.929977 	89.050545 	90.027771 	69.028976 	109.110039 	107.563934 	74.006760 	87.091904 	94.260277 	91.049438 	97.329338 	101.044548 	
105.380264 	92.763138 	37.443291 	88.238312 	130.831955 	30.016663 	47.507893 	6.000000 	999.000000 	68.476273 	82.024384 	85.562843 	33.105892 	64.412735 	133.734818 	55.036350 	45.310043 	23.537205 	128.316010 	84.723076 	122.441826 	26.019224 	67.416618 	30.016663 	31.016125 	85.428329 	63.245552 	71.867935 	36.055511 	42.107006 	103.315056 	107.331261 	54.083271 	85.726311 	59.076221 	94.244362 	83.198555 	84.172440 	63.031738 	103.464973 	101.833199 	68.007355 	81.098709 	88.277969 	85.052925 	91.350975 	95.047356 	
44.922153 	30.364452 	31.384710 	23.769728 	68.425140 	38.470768 	21.023796 	73.790245 	68.476273 	999.000000 	25.079872 	27.018513 	74.060783 	4.242640 	69.339745 	14.142136 	24.083189 	46.400433 	63.007935 	16.401220 	56.080299 	46.690472 	9.486833 	43.863426 	43.185646 	17.464249 	13.000000 	9.899495 	39.204590 	34.985710 	35.114101 	39.000000 	30.594116 	23.409399 	30.016663 	29.068884 	25.238859 	26.076809 	31.144823 	37.121422 	37.054016 	32.984844 	35.805027 	38.209946 	39.051247 	39.824615 	46.097721 	
23.430750 	11.704700 	45.803928 	11.401754 	48.836460 	53.600372 	38.013157 	86.371292 	82.024384 	25.079872 	999.000000 	3.605551 	77.252831 	28.017851 	51.855568 	35.902645 	44.011364 	63.513779 	46.872166 	21.213203 	42.047592 	65.368187 	34.365681 	63.505905 	63.071388 	28.319605 	38.052597 	33.241539 	60.166435 	57.280014 	37.336308 	39.293766 	55.145264 	40.804413 	55.009090 	41.109608 	45.276924 	45.793011 	56.222771 	44.777225 	47.434166 	57.870544 	58.694122 	59.169250 	61.269894 	59.908264 	66.287254 	
20.000000 	8.246211 	49.203659 	9.433981 	45.343136 	57.008770 	41.182522 	89.938866 	85.562843 	27.018513 	3.605551 	999.000000 	80.777473 	30.265491 	48.270073 	38.600517 	47.010635 	66.850578 	43.266617 	20.808653 	38.483765 	68.600288 	36.055511 	66.648331 	66.189125 	28.017851 	40.012497 	34.525352 	63.158531 	60.083275 	35.341194 	37.000000 	57.428215 	40.816662 	57.035076 	40.311287 	45.617977 	46.065170 	58.034473 	43.266617 	46.227695 	59.413803 	59.464275 	59.481091 	61.846584 	60.033325 	66.370171 	
98.412399 	88.955048 	45.891174 	86.683334 	122.967476 	42.720020 	55.326305 	31.048349 	33.105892 	74.060783 	77.252831 	80.777473 	999.000000 	71.000000 	127.534309 	64.381676 	57.489128 	44.654228 	123.438240 	87.965904 	119.230865 	49.406479 	77.233414 	52.697250 	53.535034 	91.268837 	74.672615 	81.098709 	57.306194 	62.169125 	108.046288 	111.462997 	73.164200 	96.130119 	77.833153 	103.004852 	95.634720 	96.628151 	81.932899 	111.162041 	111.004501 	86.977005 	98.493652 	104.560989 	102.615791 	107.280006 	112.294258 	
48.703182 	34.176014 	27.513634 	27.730848 	72.470680 	34.438351 	17.088007 	69.778221 	64.412735 	4.242640 	28.017851 	30.265491 	71.000000 	999.000000 	73.498299 	9.899495 	19.849434 	42.201897 	67.201187 	20.615528 	60.307545 	42.449970 	8.485281 	39.623226 	38.948685 	21.189621 	10.440307 	10.770329 	35.000000 	30.886890 	39.000000 	42.953465 	27.166155 	25.495098 	27.073973 	32.015621 	26.400757 	27.313000 	28.635643 	40.447498 	40.012497 	31.016125 	35.383614 	38.600517 	38.897301 	40.496914 	46.615448 	
29.154760 	41.012192 	96.896851 	46.227695 	7.615773 	104.690018 	87.965904 	138.191895 	133.734818 	69.339745 	51.855568 	48.270073 	127.534309 	73.498299 	999.000000 	83.234612 	92.800865 	114.109596 	7.071068 	54.120235 	15.132746 	115.256233 	75.591003 	112.800713 	112.200714 	57.939625 	80.529495 	72.013885 	108.466583 	104.307236 	46.270943 	43.046486 	98.386993 	67.911705 	96.254868 	60.671246 	73.979729 	73.756355 	95.634720 	55.009090 	60.008331 	94.868332 	88.645363 	84.593147 	88.955048 	83.294655 	88.051125 	
57.775429 	43.382023 	19.104973 	37.215588 	81.987801 	25.298222 	9.055386 	60.539242 	55.036350 	14.142136 	35.902645 	38.600517 	64.381676 	9.899495 	83.234612 	999.000000 	10.000000 	32.449963 	77.006493 	30.479502 	70.178345 	32.557640 	13.038404 	29.732138 	29.068884 	30.413813 	10.440307 	17.262676 	25.238859 	21.540659 	48.301140 	52.354561 	20.396078 	32.062439 	21.931713 	39.812057 	31.257000 	32.249031 	24.698177 	48.764740 	47.675991 	28.425341 	36.359318 	41.231056 	40.311287 	43.657761 	49.244289 	
66.648331 	52.478565 	11.704700 	46.615448 	91.268837 	16.124516 	7.071068 	50.921509 	45.310043 	24.083189 	44.011364 	47.010635 	57.489128 	19.849434 	92.800865 	10.000000 	999.000000 	22.472204 	86.683334 	40.459858 	79.981247 	22.627417 	22.135944 	20.000000 	19.416489 	40.311287 	18.248287 	26.570660 	16.155495 	14.000000 	58.180752 	62.265560 	18.439089 	40.792156 	22.022715 	49.040798 	39.051247 	40.049969 	25.806976 	58.189346 	56.753853 	30.528675 	41.109608 	47.074409 	45.221676 	49.819675 	54.817879 	
86.838928 	73.246162 	17.888544 	67.941154 	112.004463 	10.440307 	26.172504 	29.427877 	23.537205 	46.400433 	63.513779 	66.850578 	44.654228 	42.201897 	114.109596 	32.449963 	22.472204 	999.000000 	108.245094 	62.801273 	101.833199 	5.000000 	44.283180 	8.062258 	8.944272 	62.769421 	39.924931 	48.754486 	13.341664 	19.104973 	80.622574 	84.723076 	31.064449 	62.297672 	36.055511 	70.936592 	59.665737 	60.638271 	40.112343 	80.230919 	78.434685 	45.177429 	58.008621 	65.030762 	62.032249 	68.066147 	72.027771 	
25.298222 	35.608986 	91.241440 	40.311287 	11.661903 	99.005051 	82.073135 	132.909744 	128.316010 	63.007935 	46.872166 	43.266617 	123.438240 	67.201187 	7.071068 	77.006493 	86.683334 	108.245094 	999.000000 	47.507893 	8.062258 	109.224541 	68.963760 	106.667709 	106.042442 	51.078373 	73.925636 	65.299309 	102.200783 	97.908119 	39.204590 	36.013885 	91.706055 	60.876926 	89.470665 	53.600372 	66.940269 	66.708321 	88.769363 	48.000000 	53.000000 	87.920418 	81.584312 	77.524193 	81.884064 	76.236473 	81.024689 	
33.000000 	19.416489 	47.413078 	12.649111 	54.083271 	54.708317 	37.215588 	89.944427 	84.723076 	16.401220 	21.213203 	20.808653 	87.965904 	20.615528 	54.120235 	30.479502 	40.459858 	62.801273 	47.507893 	999.000000 	40.224369 	63.031738 	21.470911 	60.108234 	59.396969 	7.211102 	26.419689 	18.027756 	55.226807 	50.606323 	20.099751 	23.537205 	44.283180 	20.124611 	42.379242 	20.000000 	25.298222 	25.632011 	42.201897 	25.000000 	26.832815 	42.296574 	39.812057 	39.000000 	41.761227 	39.357338 	45.650848 	
23.000000 	30.413813 	85.146935 	34.205261 	18.681541 	92.849342 	75.690155 	127.200630 	122.441826 	56.080299 	42.047592 	38.483765 	119.230865 	60.307545 	15.132746 	70.178345 	79.981247 	101.833199 	8.062258 	40.224369 	999.000000 	102.591423 	61.587337 	99.904953 	99.247169 	43.382023 	66.573265 	57.801384 	95.268044 	90.801979 	31.144823 	28.000000 	84.219948 	52.886673 	81.841309 	45.541191 	58.940647 	58.694122 	81.024689 	40.012497 	45.011108 	80.056229 	73.545906 	69.462219 	73.824112 	68.183578 	73.006851 	
88.509888 	74.632431 	20.615528 	69.028976 	113.463654 	14.000000 	27.459061 	32.015621 	26.019224 	46.690472 	65.368187 	68.600288 	49.406479 	42.449970 	115.256233 	32.557640 	22.627417 	5.000000 	109.224541 	63.031738 	102.591423 	999.000000 	43.566040 	4.000000 	5.000000 	62.425957 	38.948685 	48.020828 	10.049875 	16.124516 	80.156097 	84.314888 	28.071337 	60.926186 	33.060551 	69.778221 	57.870544 	58.821766 	37.013512 	79.158073 	77.077881 	42.000000 	55.081757 	62.289646 	59.033890 	65.375839 	69.028976 	
52.952808 	38.470768 	32.140316 	31.575306 	75.392311 	38.078865 	22.000000 	73.054771 	67.416618 	9.486833 	34.365681 	36.055511 	77.233414 	8.485281 	75.591003 	13.038404 	22.135944 	44.283180 	68.963760 	21.470911 	61.587337 	43.566040 	999.000000 	40.224369 	39.408119 	19.104973 	5.000000 	4.472136 	34.828148 	29.698484 	36.619667 	40.804413 	22.847319 	19.026299 	21.377558 	26.925823 	18.681541 	19.646883 	22.000000 	36.055511 	34.713108 	23.537205 	26.907248 	30.232433 	30.413813 	32.249031 	38.275318 	
86.452301 	72.401657 	20.024984 	66.610809 	111.220505 	14.560220 	25.495098 	36.013885 	30.016663 	43.863426 	63.505905 	66.648331 	52.697250 	39.623226 	112.800713 	29.732138 	20.000000 	8.062258 	106.667709 	60.108234 	99.904953 	4.000000 	40.224369 	999.000000 	1.000000 	59.203041 	35.510563 	44.654228 	6.082763 	12.165525 	76.843994 	81.024689 	24.083189 	57.271286 	29.068884 	66.189125 	54.083271 	55.027267 	33.015148 	75.591003 	73.409805 	38.000000 	51.088158 	58.309521 	55.036350 	61.400326 	65.030762 	
85.959290 	71.867935 	20.000000 	66.030296 	110.675201 	14.866069 	25.079872 	37.013512 	31.016125 	43.185646 	63.071388 	66.189125 	53.535034 	38.948685 	112.200714 	29.068884 	19.416489 	8.944272 	106.042442 	59.396969 	99.247169 	5.000000 	39.408119 	1.000000 	999.000000 	58.412327 	34.669872 	43.829212 	5.099020 	11.180340 	76.026314 	80.212219 	23.086792 	56.364883 	28.071337 	65.299309 	53.141319 	54.083271 	32.015621 	74.706093 	72.498276 	37.000000 	50.089920 	57.314919 	54.037025 	60.406952 	64.031242 	
39.204590 	26.248810 	48.703182 	19.697716 	58.694122 	55.542778 	38.275318 	90.873535 	85.428329 	17.464249 	28.319605 	28.017851 	91.268837 	21.189621 	57.939625 	30.413813 	40.311287 	62.769421 	51.078373 	7.211102 	43.382023 	62.425957 	19.104973 	59.203041 	58.412327 	999.000000 	24.041630 	14.866069 	53.907330 	48.795490 	17.888544 	21.954498 	41.048752 	13.000000 	38.470768 	13.416408 	18.439089 	18.681541 	37.696156 	20.024984 	20.880613 	37.107952 	33.241539 	31.953091 	34.928497 	32.202484 	38.470768 	
57.489128 	42.953465 	29.017237 	36.138622 	80.230919 	34.365681 	19.416489 	68.963760 	63.245552 	13.000000 	38.052597 	40.012497 	74.672615 	10.440307 	80.529495 	10.440307 	18.248287 	39.924931 	73.925636 	26.419689 	66.573265 	38.948685 	5.000000 	35.510563 	34.669872 	24.041630 	999.000000 	9.219544 	30.000000 	24.758837 	41.400482 	45.607018 	18.027756 	22.561028 	17.029387 	31.016125 	21.023796 	22.022715 	18.248287 	40.311287 	38.600517 	20.615528 	26.400757 	30.870699 	30.232433 	33.241539 	38.910152 	
50.358715 	36.055511 	36.345562 	29.068884 	72.111023 	42.449970 	26.076809 	77.491936 	71.867935 	9.899495 	33.241539 	34.525352 	81.098709 	10.770329 	72.013885 	17.262676 	26.570660 	48.754486 	65.299309 	18.027756 	57.801384 	48.020828 	4.472136 	44.654228 	43.829212 	14.866069 	9.219544 	999.000000 	39.204590 	33.970577 	32.202484 	36.400551 	26.419689 	15.033297 	24.351591 	22.561028 	15.652476 	16.552946 	24.331051 	31.622776 	30.413813 	25.019993 	26.076809 	28.319605 	29.206163 	30.000000 	36.235340 	
82.734512 	68.476273 	19.646883 	62.433964 	107.186752 	16.401220 	22.561028 	42.047592 	36.055511 	39.204590 	60.166435 	63.158531 	57.306194 	35.000000 	108.466583 	25.238859 	16.155495 	13.341664 	102.200783 	55.226807 	95.268044 	10.049875 	34.828148 	6.082763 	5.099020 	53.907330 	30.000000 	39.204590 	999.000000 	6.082763 	71.400284 	75.604233 	18.027756 	51.429562 	23.021729 	60.415230 	48.104053 	49.040798 	27.000000 	69.835518 	67.542580 	32.015621 	45.044422 	52.239830 	49.010204 	55.326305 	59.008472 	
79.309517 	64.884514 	21.095022 	58.591808 	103.353760 	20.000000 	21.023796 	48.093658 	42.107006 	34.985710 	57.280014 	60.083275 	62.169125 	30.886890 	104.307236 	21.540659 	14.000000 	19.104973 	97.908119 	50.606323 	90.801979 	16.124516 	29.698484 	12.165525 	11.180340 	48.795490 	24.758837 	33.970577 	6.082763 	999.000000 	66.068146 	70.292244 	12.000000 	45.650848 	17.000000 	54.708317 	42.154476 	43.081318 	21.023796 	64.140472 	61.717098 	26.076809 	39.012817 	46.173584 	43.000000 	49.254440 	53.000000 	
36.891735 	29.410883 	66.483078 	26.000000 	49.040798 	73.409805 	56.080299 	108.747414 	103.315056 	35.114101 	37.336308 	35.341194 	108.046288 	39.000000 	46.270943 	48.301140 	58.180752 	80.622574 	39.204590 	20.099751 	31.144823 	80.156097 	36.619667 	76.843994 	76.026314 	17.888544 	41.400482 	32.202484 	71.400284 	66.068146 	999.000000 	4.242640 	57.314919 	22.825424 	54.037025 	14.560220 	28.635643 	28.231188 	52.430908 	9.848858 	14.560220 	50.606323 	42.720020 	38.327538 	42.755116 	37.054016 	42.047592 	
36.235340 	30.413813 	70.384659 	27.892651 	46.270943 	77.388626 	60.008331 	112.729767 	107.331261 	39.000000 	39.293766 	37.000000 	111.462997 	42.953465 	43.046486 	52.354561 	62.265560 	84.723076 	36.013885 	23.537205 	28.000000 	84.314888 	40.804413 	81.024689 	80.212219 	21.954498 	45.607018 	36.400551 	75.604233 	70.292244 	4.242640 	999.000000 	61.554855 	26.925823 	58.258045 	18.384777 	32.649654 	32.202484 	56.612720 	12.041595 	17.029387 	54.708317 	46.486557 	41.773197 	46.324940 	40.311287 	45.011108 	
75.432091 	60.876926 	29.206163 	54.120235 	98.234413 	30.463093 	24.698177 	60.074955 	54.083271 	30.594116 	55.145264 	57.428215 	73.164200 	27.166155 	98.386993 	20.396078 	18.439089 	31.064449 	91.706055 	44.283180 	84.219948 	28.071337 	22.847319 	24.083189 	23.086792 	41.048752 	18.027756 	26.419689 	18.027756 	12.000000 	57.314919 	61.554855 	999.000000 	35.608986 	5.000000 	44.821869 	31.384710 	32.249031 	9.055386 	54.203320 	51.312767 	14.142136 	27.018513 	34.234486 	31.000000 	37.336308 	41.000000 	
51.788029 	39.217342 	51.156624 	32.695564 	69.584480 	56.885849 	41.012192 	91.482239 	85.726311 	23.409399 	40.804413 	40.816662 	96.130119 	25.495098 	67.911705 	32.062439 	40.792156 	62.297672 	60.876926 	20.124611 	52.886673 	60.926186 	19.026299 	57.271286 	56.364883 	13.000000 	22.561028 	15.033297 	51.429562 	45.650848 	22.825424 	26.925823 	35.608986 	999.000000 	31.827662 	9.219544 	6.082763 	6.000000 	29.832869 	18.601076 	16.155495 	27.784887 	21.023796 	18.973665 	22.203604 	19.235384 	25.553865 	
74.330345 	59.841457 	33.286633 	52.952808 	96.462425 	35.114101 	27.658634 	65.069191 	59.076221 	30.016663 	55.009090 	57.035076 	77.833153 	27.073973 	96.254868 	21.931713 	22.022715 	36.055511 	89.470665 	42.379242 	81.841309 	33.060551 	21.377558 	29.068884 	28.071337 	38.470768 	17.029387 	24.351591 	23.021729 	17.000000 	54.037025 	58.258045 	5.000000 	31.827662 	999.000000 	41.036568 	27.202942 	28.017851 	4.123106 	50.328918 	47.201694 	9.219544 	22.022715 	29.274563 	26.000000 	32.388271 	36.000000 	
47.759815 	36.891735 	58.855755 	31.240999 	63.031738 	65.000000 	48.507732 	99.929977 	94.244362 	29.068884 	41.109608 	40.311287 	103.004852 	32.015621 	60.671246 	39.812057 	49.040798 	70.936592 	53.600372 	20.000000 	45.541191 	69.778221 	26.925823 	66.189125 	65.299309 	13.416408 	31.016125 	22.561028 	60.415230 	54.708317 	14.560220 	18.384777 	44.821869 	9.219544 	41.036568 	999.000000 	14.422205 	13.892444 	38.948685 	9.433981 	8.000000 	36.619667 	28.160255 	24.020824 	28.284271 	23.086792 	28.635643 	
57.558666 	44.643028 	50.039986 	37.947330 	75.663727 	55.145264 	40.311287 	89.050545 	83.198555 	25.238859 	45.276924 	45.617977 	95.634720 	26.400757 	73.979729 	31.257000 	39.051247 	59.665737 	66.940269 	25.298222 	58.940647 	57.870544 	18.681541 	54.083271 	53.141319 	18.439089 	21.023796 	15.652476 	48.104053 	42.154476 	28.635643 	32.649654 	31.384710 	6.082763 	27.202942 	14.422205 	999.000000 	1.000000 	24.758837 	23.345236 	20.000000 	22.203604 	15.000000 	13.892444 	16.492422 	14.866069 	21.260292 	
57.706154 	44.922153 	51.039200 	38.275318 	75.538071 	56.142673 	41.303753 	90.027771 	84.172440 	26.076809 	45.793011 	46.065170 	96.628151 	27.313000 	73.756355 	32.249031 	40.049969 	60.638271 	66.708321 	25.632011 	58.694122 	58.821766 	19.646883 	55.027267 	54.083271 	18.681541 	22.022715 	16.552946 	49.040798 	43.081318 	28.231188 	32.202484 	32.249031 	6.000000 	28.017851 	13.892444 	1.000000 	999.000000 	25.495098 	22.671568 	19.209373 	22.803509 	15.033297 	13.416408 	16.278820 	14.212670 	20.615528 	
74.672615 	60.299255 	37.215588 	53.338543 	96.166519 	39.217342 	31.112698 	69.028976 	63.031738 	31.144823 	56.222771 	58.034473 	81.932899 	28.635643 	95.634720 	24.698177 	25.806976 	40.112343 	88.769363 	42.201897 	81.024689 	37.013512 	22.000000 	33.015148 	32.015621 	37.696156 	18.248287 	24.331051 	27.000000 	21.023796 	52.430908 	56.612720 	9.055386 	29.832869 	4.123106 	38.948685 	24.758837 	25.495098 	999.000000 	48.083260 	44.687805 	5.099020 	18.110771 	25.495098 	22.022715 	28.635643 	32.015621 	
46.647614 	38.209946 	67.683083 	33.837849 	58.309521 	74.040527 	57.271286 	109.110039 	103.464973 	37.121422 	44.777225 	43.266617 	111.162041 	40.447498 	55.009090 	48.764740 	58.189346 	80.230919 	48.000000 	25.000000 	40.012497 	79.158073 	36.055511 	75.591003 	74.706093 	20.024984 	40.311287 	31.622776 	69.835518 	64.140472 	9.848858 	12.041595 	54.203320 	18.601076 	50.328918 	9.433981 	23.345236 	22.671568 	48.083260 	999.000000 	5.000000 	45.453274 	35.777088 	30.364452 	35.114101 	28.635643 	33.060551 	
51.000000 	41.773197 	66.753281 	36.878178 	63.285069 	72.780495 	56.435802 	107.563934 	101.833199 	37.054016 	47.434166 	46.227695 	111.004501 	40.012497 	60.008331 	47.675991 	56.753853 	78.434685 	53.000000 	26.832815 	45.011108 	77.077881 	34.713108 	73.409805 	72.498276 	20.880613 	38.600517 	30.413813 	67.542580 	61.717098 	14.560220 	17.029387 	51.312767 	16.155495 	47.201694 	8.000000 	20.000000 	19.209373 	44.687805 	5.000000 	999.000000 	41.725292 	31.384710 	25.632011 	30.463093 	23.769728 	28.071337 	
75.166481 	61.008198 	42.059483 	54.009258 	95.801880 	44.271889 	35.468296 	74.006760 	68.007355 	32.984844 	57.870544 	59.413803 	86.977005 	31.016125 	94.868332 	28.425341 	30.528675 	45.177429 	87.920418 	42.296574 	80.056229 	42.000000 	23.537205 	38.000000 	37.000000 	37.107952 	20.615528 	25.019993 	32.015621 	26.076809 	50.606323 	54.708317 	14.142136 	27.784887 	9.219544 	36.619667 	22.203604 	22.803509 	5.099020 	45.453274 	41.725292 	999.000000 	13.341664 	20.880613 	17.117243 	24.041630 	27.073973 	
72.443085 	59.228371 	52.810986 	52.392746 	90.553848 	56.089214 	44.721359 	87.091904 	81.098709 	35.805027 	58.694122 	59.464275 	98.493652 	35.383614 	88.645363 	36.359318 	41.109608 	58.008621 	81.584312 	39.812057 	73.545906 	55.081757 	26.907248 	51.088158 	50.089920 	33.241539 	26.400757 	26.076809 	45.044422 	39.012817 	42.720020 	46.486557 	27.018513 	21.023796 	22.022715 	28.160255 	15.000000 	15.033297 	18.110771 	35.777088 	31.384710 	13.341664 	999.000000 	7.615773 	4.123106 	10.770329 	14.035668 	
70.611610 	58.189346 	58.694122 	51.623638 	87.051712 	62.514000 	49.979996 	94.260277 	88.277969 	38.209946 	59.169250 	59.481091 	104.560989 	38.600517 	84.593147 	41.231056 	47.074409 	65.030762 	77.524193 	39.000000 	69.462219 	62.289646 	30.232433 	58.309521 	57.314919 	31.953091 	30.870699 	28.319605 	52.239830 	46.173584 	38.327538 	41.773197 	34.234486 	18.973665 	29.274563 	24.020824 	13.892444 	13.416408 	25.495098 	30.364452 	25.632011 	20.880613 	7.615773 	999.000000 	5.000000 	3.162278 	8.062258 	
73.979729 	61.131008 	56.920998 	54.405884 	91.197586 	60.207973 	48.754486 	91.049438 	85.052925 	39.051247 	61.269894 	61.846584 	102.615791 	38.897301 	88.955048 	40.311287 	45.221676 	62.032249 	81.884064 	41.761227 	73.824112 	59.033890 	30.413813 	55.036350 	54.037025 	34.928497 	30.232433 	29.206163 	49.010204 	43.000000 	42.755116 	46.324940 	31.000000 	22.203604 	26.000000 	28.284271 	16.492422 	16.278820 	22.022715 	35.114101 	30.463093 	17.117243 	4.123106 	5.000000 	999.000000 	7.810250 	10.000000 	
70.342018 	58.309521 	61.392181 	51.894123 	86.000000 	65.375839 	52.497620 	97.329338 	91.350975 	39.824615 	59.908264 	60.033325 	107.280006 	40.496914 	83.294655 	43.657761 	49.819675 	68.066147 	76.236473 	39.357338 	68.183578 	65.375839 	32.249031 	61.400326 	60.406952 	32.202484 	33.241539 	30.000000 	55.326305 	49.254440 	37.054016 	40.311287 	37.336308 	19.235384 	32.388271 	23.086792 	14.866069 	14.212670 	28.635643 	28.635643 	23.769728 	24.041630 	10.770329 	3.162278 	7.810250 	999.000000 	6.403124 	
76.243034 	64.474800 	66.483078 	58.137768 	91.087868 	70.035706 	57.939625 	101.044548 	95.047356 	46.097721 	66.287254 	66.370171 	112.294258 	46.615448 	88.051125 	49.244289 	54.817879 	72.027771 	81.024689 	45.650848 	73.006851 	69.028976 	38.275318 	65.030762 	64.031242 	38.470768 	38.910152 	36.235340 	59.008472 	53.000000 	42.047592 	45.011108 	41.000000 	25.553865 	36.000000 	28.635643 	21.260292 	20.615528 	32.015621 	33.060551 	28.071337 	27.073973 	14.035668 	8.062258 	10.000000 	6.403124 	999.000000 	

Travel time:
9.000000 	0.364006 	1.730065 	0.534439 	0.636396 	1.925162 	1.526434 	2.740552 	2.634507 	1.123054 	0.585769 	0.500000 	2.460310 	1.217580 	0.728869 	1.444386 	1.666208 	2.170973 	0.632456 	0.825000 	0.575000 	2.212747 	1.323820 	2.161308 	2.148982 	0.980115 	1.437228 	1.258968 	2.068363 	1.982738 	0.922293 	0.905883 	1.885802 	1.294701 	1.858259 	1.193995 	1.438967 	1.442654 	1.866815 	1.166190 	1.275000 	1.879162 	1.811077 	1.765290 	1.849493 	1.758550 	1.906076 	
0.364006 	9.000000 	1.397542 	0.175000 	0.970824 	1.592561 	1.180042 	2.432720 	2.319078 	0.759111 	0.292617 	0.206155 	2.223876 	0.854400 	1.025305 	1.084551 	1.311964 	1.831154 	0.890225 	0.485412 	0.760345 	1.865811 	0.961769 	1.810041 	1.796698 	0.656220 	1.073837 	0.901388 	1.711907 	1.622113 	0.735272 	0.760345 	1.521923 	0.980434 	1.496036 	0.922293 	1.116076 	1.123054 	1.507481 	0.955249 	1.044330 	1.525205 	1.480709 	1.454734 	1.528275 	1.457738 	1.611870 	
1.730065 	1.397542 	9.000000 	1.274755 	2.362335 	0.195256 	0.261008 	1.063602 	0.936082 	0.784618 	1.145098 	1.230091 	1.147279 	0.687841 	2.422421 	0.477624 	0.292617 	0.447214 	2.281036 	1.185327 	2.128673 	0.515388 	0.803508 	0.500625 	0.500000 	1.217580 	0.725431 	0.908639 	0.491172 	0.527376 	1.662077 	1.759616 	0.730154 	1.278916 	0.832166 	1.471394 	1.251000 	1.275980 	0.930390 	1.692077 	1.668832 	1.051487 	1.320275 	1.467353 	1.423025 	1.534805 	1.662077 	
0.534439 	0.175000 	1.274755 	9.000000 	1.119431 	1.468205 	1.044330 	2.325135 	2.205958 	0.594243 	0.285044 	0.235850 	2.167083 	0.693271 	1.155692 	0.930390 	1.165386 	1.698529 	1.007782 	0.316228 	0.855132 	1.725724 	0.789383 	1.665270 	1.650757 	0.492443 	0.903466 	0.726722 	1.560849 	1.464795 	0.650000 	0.697316 	1.353006 	0.817389 	1.323820 	0.781025 	0.948683 	0.956883 	1.333464 	0.845946 	0.921954 	1.350231 	1.309819 	1.290591 	1.360147 	1.297353 	1.453444 	
0.636396 	0.970824 	2.362335 	1.119431 	9.000000 	2.557587 	2.150581 	3.376851 	3.270799 	1.710629 	1.220912 	1.133578 	3.074187 	1.811767 	0.190394 	2.049695 	2.281721 	2.800112 	0.291548 	1.352082 	0.467039 	2.836591 	1.884808 	2.780513 	2.766880 	1.467353 	2.005773 	1.802776 	2.679669 	2.583844 	1.226020 	1.156774 	2.455860 	1.739612 	2.411561 	1.575794 	1.891593 	1.888452 	2.404163 	1.457738 	1.582127 	2.395047 	2.263846 	2.176293 	2.279940 	2.150000 	2.277197 	
1.925162 	1.592561 	0.195256 	1.468205 	2.557587 	9.000000 	0.437321 	0.883530 	0.750417 	0.961769 	1.340009 	1.425219 	1.068001 	0.860959 	2.617250 	0.632456 	0.403113 	0.261008 	2.475126 	1.367708 	2.321234 	0.350000 	0.951972 	0.364006 	0.371652 	1.388569 	0.859142 	1.061249 	0.410031 	0.500000 	1.835245 	1.934716 	0.761577 	1.422146 	0.877853 	1.625000 	1.378632 	1.403567 	0.980434 	1.851013 	1.819512 	1.106797 	1.402230 	1.562850 	1.505199 	1.634396 	1.750893 	
1.526434 	1.180042 	0.261008 	1.044330 	2.150581 	0.437321 	9.000000 	1.319327 	1.187697 	0.525595 	0.950329 	1.029563 	1.383158 	0.427200 	2.199148 	0.226385 	0.176777 	0.654313 	2.051828 	0.930390 	1.892254 	0.686477 	0.550000 	0.637377 	0.626997 	0.956883 	0.485412 	0.651920 	0.564026 	0.525595 	1.402007 	1.500208 	0.617454 	1.025305 	0.691466 	1.212693 	1.007782 	1.032594 	0.777817 	1.431782 	1.410895 	0.886707 	1.118034 	1.249500 	1.218862 	1.312441 	1.448491 	
2.740552 	2.432720 	1.063602 	2.325135 	3.376851 	0.883530 	1.319327 	9.000000 	0.150000 	1.844756 	2.159282 	2.248472 	0.776209 	1.744456 	3.454797 	1.513481 	1.273038 	0.735697 	3.322744 	2.248611 	3.180016 	0.800391 	1.826369 	0.900347 	0.925338 	2.271838 	1.724094 	1.937298 	1.051190 	1.202341 	2.718685 	2.818244 	1.501874 	2.287056 	1.626730 	2.498250 	2.226264 	2.250694 	1.725724 	2.727751 	2.689098 	1.850169 	2.177298 	2.356507 	2.276236 	2.433233 	2.526114 	
2.634507 	2.319078 	0.936082 	2.205958 	3.270799 	0.750417 	1.187697 	0.150000 	9.000000 	1.711907 	2.050610 	2.139071 	0.827647 	1.610318 	3.343370 	1.375909 	1.132751 	0.588430 	3.207900 	2.118077 	3.061046 	0.650481 	1.685416 	0.750417 	0.775403 	2.135708 	1.581139 	1.796698 	0.901388 	1.052675 	2.582876 	2.683281 	1.352082 	2.143158 	1.476906 	2.356109 	2.079964 	2.104311 	1.575794 	2.586624 	2.545830 	1.700184 	2.027468 	2.206949 	2.126323 	2.283774 	2.376184 	
1.123054 	0.759111 	0.784618 	0.594243 	1.710629 	0.961769 	0.525595 	1.844756 	1.711907 	9.000000 	0.626997 	0.675463 	1.851520 	0.106066 	1.733494 	0.353553 	0.602080 	1.160011 	1.575198 	0.410031 	1.402007 	1.167262 	0.237171 	1.096586 	1.079641 	0.436606 	0.325000 	0.247487 	0.980115 	0.874643 	0.877853 	0.975000 	0.764853 	0.585235 	0.750417 	0.726722 	0.630971 	0.651920 	0.778621 	0.928036 	0.926350 	0.824621 	0.895126 	0.955249 	0.976281 	0.995615 	1.152443 	
0.585769 	0.292617 	1.145098 	0.285044 	1.220912 	1.340009 	0.950329 	2.159282 	2.050610 	0.626997 	9.000000 	0.090139 	1.931321 	0.700446 	1.296389 	0.897566 	1.100284 	1.587844 	1.171804 	0.530330 	1.051190 	1.634205 	0.859142 	1.587648 	1.576785 	0.707990 	0.951315 	0.831038 	1.504161 	1.432000 	0.933408 	0.982344 	1.378632 	1.020110 	1.375227 	1.027740 	1.131923 	1.144825 	1.405569 	1.119431 	1.185854 	1.446764 	1.467353 	1.479231 	1.531747 	1.497707 	1.657181 	
0.500000 	0.206155 	1.230091 	0.235850 	1.133578 	1.425219 	1.029563 	2.248472 	2.139071 	0.675463 	0.090139 	9.000000 	2.019437 	0.756637 	1.206752 	0.965013 	1.175266 	1.671264 	1.081665 	0.520216 	0.962094 	1.715007 	0.901388 	1.666208 	1.654728 	0.700446 	1.000312 	0.863134 	1.578963 	1.502082 	0.883530 	0.925000 	1.435705 	1.020416 	1.425877 	1.007782 	1.140449 	1.151629 	1.450862 	1.081665 	1.155692 	1.485345 	1.486607 	1.487027 	1.546165 	1.500833 	1.659254 	
2.460310 	2.223876 	1.147279 	2.167083 	3.074187 	1.068001 	1.383158 	0.776209 	0.827647 	1.851520 	1.931321 	2.019437 	9.000000 	1.775000 	3.188358 	1.609542 	1.437228 	1.116356 	3.085956 	2.199148 	2.980772 	1.235162 	1.930835 	1.317431 	1.338376 	2.281721 	1.866815 	2.027468 	1.432655 	1.554228 	2.701157 	2.786575 	1.829105 	2.403253 	1.945829 	2.575121 	2.390868 	2.415704 	2.048322 	2.779051 	2.775113 	2.174425 	2.462341 	2.614025 	2.565395 	2.682000 	2.807356 	
1.217580 	0.854400 	0.687841 	0.693271 	1.811767 	0.860959 	0.427200 	1.744456 	1.610318 	0.106066 	0.700446 	0.756637 	1.775000 	9.000000 	1.837457 	0.247487 	0.496236 	1.055047 	1.680030 	0.515388 	1.507689 	1.061249 	0.212132 	0.990581 	0.973717 	0.529741 	0.261008 	0.269258 	0.875000 	0.772172 	0.975000 	1.073837 	0.679154 	0.637377 	0.676849 	0.800391 	0.660019 	0.682825 	0.715891 	1.011187 	1.000312 	0.775403 	0.884590 	0.965013 	0.972432 	1.012423 	1.165386 	
0.728869 	1.025305 	2.422421 	1.155692 	0.190394 	2.617250 	2.199148 	3.454797 	3.343370 	1.733494 	1.296389 	1.206752 	3.188358 	1.837457 	9.000000 	2.080865 	2.320022 	2.852740 	0.176777 	1.353006 	0.378319 	2.881406 	1.889775 	2.820018 	2.805018 	1.448491 	2.013237 	1.800347 	2.711665 	2.607681 	1.156774 	1.076162 	2.459675 	1.697793 	2.406372 	1.516781 	1.849493 	1.843909 	2.390868 	1.375227 	1.500208 	2.371708 	2.216134 	2.114829 	2.223876 	2.082366 	2.201278 	
1.444386 	1.084551 	0.477624 	0.930390 	2.049695 	0.632456 	0.226385 	1.513481 	1.375909 	0.353553 	0.897566 	0.965013 	1.609542 	0.247487 	2.080865 	9.000000 	0.250000 	0.811249 	1.925162 	0.761988 	1.754459 	0.813941 	0.325960 	0.743303 	0.726722 	0.760345 	0.261008 	0.431567 	0.630971 	0.538516 	1.207528 	1.308864 	0.509902 	0.801561 	0.548293 	0.995301 	0.781425 	0.806226 	0.617454 	1.219118 	1.191900 	0.710634 	0.908983 	1.030776 	1.007782 	1.091444 	1.231107 	
1.666208 	1.311964 	0.292617 	1.165386 	2.281721 	0.403113 	0.176777 	1.273038 	1.132751 	0.602080 	1.100284 	1.175266 	1.437228 	0.496236 	2.320022 	0.250000 	9.000000 	0.561805 	2.167083 	1.011496 	1.999531 	0.565685 	0.553399 	0.500000 	0.485412 	1.007782 	0.456207 	0.664266 	0.403887 	0.350000 	1.454519 	1.556639 	0.460977 	1.019804 	0.550568 	1.226020 	0.976281 	1.001249 	0.645174 	1.454734 	1.418846 	0.763217 	1.027740 	1.176860 	1.130542 	1.245492 	1.370447 	
2.170973 	1.831154 	0.447214 	1.698529 	2.800112 	0.261008 	0.654313 	0.735697 	0.588430 	1.160011 	1.587844 	1.671264 	1.116356 	1.055047 	2.852740 	0.811249 	0.561805 	9.000000 	2.706127 	1.570032 	2.545830 	0.125000 	1.107080 	0.201556 	0.223607 	1.569236 	0.998123 	1.218862 	0.333542 	0.477624 	2.015564 	2.118077 	0.776611 	1.557442 	0.901388 	1.773415 	1.491643 	1.515957 	1.002809 	2.005773 	1.960867 	1.129436 	1.450216 	1.625769 	1.550806 	1.701654 	1.800694 	
0.632456 	0.890225 	2.281036 	1.007782 	0.291548 	2.475126 	2.051828 	3.322744 	3.207900 	1.575198 	1.171804 	1.081665 	3.085956 	1.680030 	0.176777 	1.925162 	2.167083 	2.706127 	9.000000 	1.187697 	0.201556 	2.730613 	1.724094 	2.666693 	2.651061 	1.276959 	1.848141 	1.632483 	2.555020 	2.447703 	0.980115 	0.900347 	2.292651 	1.521923 	2.236767 	1.340009 	1.673507 	1.667708 	2.219234 	1.200000 	1.325000 	2.198010 	2.039608 	1.938105 	2.047101 	1.905912 	2.025617 	
0.825000 	0.485412 	1.185327 	0.316228 	1.352082 	1.367708 	0.930390 	2.248611 	2.118077 	0.410031 	0.530330 	0.520216 	2.199148 	0.515388 	1.353006 	0.761988 	1.011496 	1.570032 	1.187697 	9.000000 	1.005609 	1.575794 	0.536773 	1.502706 	1.484924 	0.180278 	0.660492 	0.450694 	1.380670 	1.265158 	0.502494 	0.588430 	1.107080 	0.503115 	1.059481 	0.500000 	0.632456 	0.640800 	1.055047 	0.625000 	0.670820 	1.057414 	0.995301 	0.975000 	1.044031 	0.983933 	1.141271 	
0.575000 	0.760345 	2.128673 	0.855132 	0.467039 	2.321234 	1.892254 	3.180016 	3.061046 	1.402007 	1.051190 	0.962094 	2.980772 	1.507689 	0.378319 	1.754459 	1.999531 	2.545830 	0.201556 	1.005609 	9.000000 	2.564785 	1.539683 	2.497624 	2.481179 	1.084551 	1.664332 	1.445035 	2.381701 	2.270050 	0.778621 	0.700000 	2.105499 	1.322167 	2.046033 	1.138530 	1.473516 	1.467353 	2.025617 	1.000312 	1.125278 	2.001406 	1.838648 	1.736555 	1.845603 	1.704589 	1.825171 	
2.212747 	1.865811 	0.515388 	1.725724 	2.836591 	0.350000 	0.686477 	0.800391 	0.650481 	1.167262 	1.634205 	1.715007 	1.235162 	1.061249 	2.881406 	0.813941 	0.565685 	0.125000 	2.730613 	1.575794 	2.564785 	9.000000 	1.089151 	0.100000 	0.125000 	1.560649 	0.973717 	1.200521 	0.251247 	0.403113 	2.003902 	2.107872 	0.701783 	1.523155 	0.826514 	1.744456 	1.446764 	1.470544 	0.925338 	1.978952 	1.926947 	1.050000 	1.377044 	1.557241 	1.475847 	1.634396 	1.725724 	
1.323820 	0.961769 	0.803508 	0.789383 	1.884808 	0.951972 	0.550000 	1.826369 	1.685416 	0.237171 	0.859142 	0.901388 	1.930835 	0.212132 	1.889775 	0.325960 	0.553399 	1.107080 	1.724094 	0.536773 	1.539683 	1.089151 	9.000000 	1.005609 	0.985203 	0.477624 	0.125000 	0.111803 	0.870704 	0.742462 	0.915492 	1.020110 	0.571183 	0.475657 	0.534439 	0.673146 	0.467039 	0.491172 	0.550000 	0.901388 	0.867828 	0.588430 	0.672681 	0.755811 	0.760345 	0.806226 	0.956883 	
2.161308 	1.810041 	0.500625 	1.665270 	2.780513 	0.364006 	0.637377 	0.900347 	0.750417 	1.096586 	1.587648 	1.666208 	1.317431 	0.990581 	2.820018 	0.743303 	0.500000 	0.201556 	2.666693 	1.502706 	2.497624 	0.100000 	1.005609 	9.000000 	0.025000 	1.480076 	0.887764 	1.116356 	0.152069 	0.304138 	1.921100 	2.025617 	0.602080 	1.431782 	0.726722 	1.654728 	1.352082 	1.375682 	0.825379 	1.889775 	1.835245 	0.950000 	1.277204 	1.457738 	1.375909 	1.535008 	1.625769 	
2.148982 	1.796698 	0.500000 	1.650757 	2.766880 	0.371652 	0.626997 	0.925338 	0.775403 	1.079641 	1.576785 	1.654728 	1.338376 	0.973717 	2.805018 	0.726722 	0.485412 	0.223607 	2.651061 	1.484924 	2.481179 	0.125000 	0.985203 	0.025000 	9.000000 	1.460308 	0.866747 	1.095730 	0.127475 	0.279509 	1.900658 	2.005306 	0.577170 	1.409122 	0.701783 	1.632483 	1.328533 	1.352082 	0.800391 	1.867652 	1.812457 	0.925000 	1.252248 	1.432873 	1.350926 	1.510174 	1.600781 	
0.980115 	0.656220 	1.217580 	0.492443 	1.467353 	1.388569 	0.956883 	2.271838 	2.135708 	0.436606 	0.707990 	0.700446 	2.281721 	0.529741 	1.448491 	0.760345 	1.007782 	1.569236 	1.276959 	0.180278 	1.084551 	1.560649 	0.477624 	1.480076 	1.460308 	9.000000 	0.601041 	0.371652 	1.347683 	1.219887 	0.447214 	0.548862 	1.026219 	0.325000 	0.961769 	0.335410 	0.460977 	0.467039 	0.942404 	0.500625 	0.522015 	0.927699 	0.831038 	0.798827 	0.873212 	0.805062 	0.961769 	
1.437228 	1.073837 	0.725431 	0.903466 	2.005773 	0.859142 	0.485412 	1.724094 	1.581139 	0.325000 	0.951315 	1.000312 	1.866815 	0.261008 	2.013237 	0.261008 	0.456207 	0.998123 	1.848141 	0.660492 	1.664332 	0.973717 	0.125000 	0.887764 	0.866747 	0.601041 	9.000000 	0.230489 	0.750000 	0.618971 	1.035012 	1.140175 	0.450694 	0.564026 	0.425735 	0.775403 	0.525595 	0.550568 	0.456207 	1.007782 	0.965013 	0.515388 	0.660019 	0.771767 	0.755811 	0.831038 	0.972754 	
1.258968 	0.901388 	0.908639 	0.726722 	1.802776 	1.061249 	0.651920 	1.937298 	1.796698 	0.247487 	0.831038 	0.863134 	2.027468 	0.269258 	1.800347 	0.431567 	0.664266 	1.218862 	1.632483 	0.450694 	1.445035 	1.200521 	0.111803 	1.116356 	1.095730 	0.371652 	0.230489 	9.000000 	0.980115 	0.849264 	0.805062 	0.910014 	0.660492 	0.375832 	0.608790 	0.564026 	0.391312 	0.413824 	0.608276 	0.790569 	0.760345 	0.625500 	0.651920 	0.707990 	0.730154 	0.750000 	0.905883 	
2.068363 	1.711907 	0.491172 	1.560849 	2.679669 	0.410031 	0.564026 	1.051190 	0.901388 	0.980115 	1.504161 	1.578963 	1.432655 	0.875000 	2.711665 	0.630971 	0.403887 	0.333542 	2.555020 	1.380670 	2.381701 	0.251247 	0.870704 	0.152069 	0.127475 	1.347683 	0.750000 	0.980115 	9.000000 	0.152069 	1.785007 	1.890106 	0.450694 	1.285739 	0.575543 	1.510381 	1.202601 	1.226020 	0.675000 	1.745888 	1.688565 	0.800391 	1.126111 	1.305996 	1.225255 	1.383158 	1.475212 	
1.982738 	1.622113 	0.527376 	1.464795 	2.583844 	0.500000 	0.525595 	1.202341 	1.052675 	0.874643 	1.432000 	1.502082 	1.554228 	0.772172 	2.607681 	0.538516 	0.350000 	0.477624 	2.447703 	1.265158 	2.270050 	0.403113 	0.742462 	0.304138 	0.279509 	1.219887 	0.618971 	0.849264 	0.152069 	9.000000 	1.651704 	1.757306 	0.300000 	1.141271 	0.425000 	1.367708 	1.053862 	1.077033 	0.525595 	1.603512 	1.542928 	0.651920 	0.975320 	1.154340 	1.075000 	1.231361 	1.325000 	
0.922293 	0.735272 	1.662077 	0.650000 	1.226020 	1.835245 	1.402007 	2.718685 	2.582876 	0.877853 	0.933408 	0.883530 	2.701157 	0.975000 	1.156774 	1.207528 	1.454519 	2.015564 	0.980115 	0.502494 	0.778621 	2.003902 	0.915492 	1.921100 	1.900658 	0.447214 	1.035012 	0.805062 	1.785007 	1.651704 	9.000000 	0.106066 	1.432873 	0.570636 	1.350926 	0.364006 	0.715891 	0.705780 	1.310773 	0.246221 	0.364006 	1.265158 	1.068001 	0.958188 	1.068878 	0.926350 	1.051190 	
0.905883 	0.760345 	1.759616 	0.697316 	1.156774 	1.934716 	1.500208 	2.818244 	2.683281 	0.975000 	0.982344 	0.925000 	2.786575 	1.073837 	1.076162 	1.308864 	1.556639 	2.118077 	0.900347 	0.588430 	0.700000 	2.107872 	1.020110 	2.025617 	2.005306 	0.548862 	1.140175 	0.910014 	1.890106 	1.757306 	0.106066 	9.000000 	1.538871 	0.673146 	1.456451 	0.459619 	0.816241 	0.805062 	1.415318 	0.301040 	0.425735 	1.367708 	1.162164 	1.044330 	1.158123 	1.007782 	1.125278 	
