Total assets = 670
Number of asset nodes = 33

Distance:
999.000000 	6.403124 	18.439089 	2.236068 	52.345009 	65.946945 	14.000000 	20.615528 	68.767723 	46.400433 	75.153175 	11.661903 	92.086914 	16.124516 	46.872166 	14.866069 	30.016663 	67.882248 	21.000000 	77.233414 	65.795135 	28.231188 	41.400482 	17.888544 	85.912750 	37.215588 	60.959003 	48.918301 	59.405388 	20.615528 	79.931221 	35.341194 	41.677334 	39.623226 	49.929951 	83.486526 	38.118237 	64.140472 	52.697250 	35.510563 	26.248810 	71.449280 	53.000000 	27.459061 	61.717098 	
6.403124 	999.000000 	12.041595 	6.324555 	58.728188 	72.249565 	19.416489 	26.570660 	75.073296 	52.801514 	80.950600 	17.804493 	98.229324 	13.892444 	53.254108 	14.142136 	24.166092 	74.249580 	26.305893 	83.546394 	72.180328 	22.803509 	35.227829 	17.691807 	92.195442 	31.304953 	54.561890 	42.638012 	65.802734 	24.331051 	86.278618 	29.732138 	35.777088 	45.354160 	43.908997 	89.872131 	43.566040 	70.491135 	46.647614 	31.016125 	27.202942 	65.069191 	47.010635 	27.586229 	68.000000 	
18.439089 	12.041595 	999.000000 	18.027756 	70.767227 	84.219948 	30.463093 	38.013157 	87.045967 	64.815125 	92.282173 	29.732138 	110.000000 	16.492422 	65.215027 	19.104973 	14.035668 	86.278618 	37.000000 	95.524864 	84.219948 	14.317822 	23.706539 	22.360680 	104.139328 	20.615528 	42.520584 	30.805843 	77.801025 	33.241539 	98.290382 	20.024984 	25.000000 	56.302753 	32.695564 	101.911728 	54.120235 	82.377182 	35.341194 	24.351591 	32.015621 	53.037724 	35.846897 	31.016125 	79.755875 	
2.236068 	6.324555 	18.027756 	999.000000 	53.037724 	66.843102 	13.152946 	20.248457 	69.656296 	46.861500 	76.557167 	13.000000 	93.193344 	14.035668 	47.201694 	12.649111 	28.844410 	68.622154 	20.099751 	78.102493 	66.468040 	26.832815 	40.459858 	15.652476 	86.833176 	36.055511 	60.440052 	48.104053 	59.816387 	18.973665 	80.721741 	34.000000 	40.496914 	39.051247 	48.826221 	84.148682 	37.336308 	64.350601 	51.613953 	33.734257 	24.083189 	70.837845 	51.865211 	25.238859 	61.773781 	
52.345009 	58.728188 	70.767227 	53.037724 	999.000000 	14.866069 	43.266617 	35.846897 	17.464249 	8.062258 	32.557640 	41.231056 	42.379242 	63.245552 	10.049875 	59.908264 	81.565926 	15.620500 	39.812057 	25.553865 	13.453624 	79.025314 	93.434471 	60.033325 	34.481880 	88.729927 	113.278419 	101.138519 	10.049875 	47.927029 	27.802877 	86.214851 	93.085983 	29.017237 	101.533249 	31.144823 	33.000000 	17.262676 	104.350372 	83.528435 	59.808025 	123.794182 	104.484451 	63.324562 	18.788294 	
65.946945 	72.249565 	84.219948 	66.843102 	14.866069 	999.000000 	57.801384 	50.537113 	2.828427 	22.803509 	21.095022 	54.488529 	27.513634 	77.698135 	24.331051 	74.431175 	95.603348 	5.385165 	54.625999 	11.313708 	7.071068 	93.230896 	107.298645 	74.706093 	20.000000 	102.800781 	126.574089 	114.865135 	15.811388 	62.769421 	14.422205 	100.439034 	107.200745 	43.185646 	115.602768 	19.313208 	47.265209 	20.808653 	118.406082 	98.112183 	74.672615 	137.207870 	118.600166 	78.185677 	25.059929 	
14.000000 	19.416489 	30.463093 	13.152946 	43.266617 	57.801384 	999.000000 	7.810250 	60.539242 	36.235340 	70.342018 	12.806249 	84.970581 	20.000000 	36.069378 	16.643316 	38.948685 	58.821766 	7.000000 	68.796799 	56.400356 	36.069378 	51.088158 	17.088007 	77.698135 	45.967381 	72.111023 	59.033890 	48.795490 	9.433981 	71.028160 	43.185646 	50.209560 	25.961510 	58.694122 	73.878281 	24.186773 	52.630791 	61.522354 	40.311287 	20.223749 	82.200974 	61.554855 	23.021729 	49.648766 	
20.615528 	26.570660 	38.013157 	20.248457 	35.846897 	50.537113 	7.810250 	999.000000 	53.235325 	28.600698 	64.132675 	14.866069 	77.878113 	27.658634 	28.319605 	24.207438 	46.754681 	51.312767 	5.099020 	61.400326 	48.826221 	43.840622 	58.898216 	24.186773 	70.327805 	53.758720 	79.881165 	66.843102 	41.036568 	13.038404 	63.513779 	50.931328 	57.982758 	19.104973 	66.468040 	66.219330 	18.110771 	44.821869 	69.296463 	47.707443 	25.179358 	90.000000 	69.310890 	28.442924 	41.880783 	
68.767723 	75.073296 	87.045967 	69.656296 	17.464249 	2.828427 	60.539242 	53.235325 	999.000000 	25.298222 	20.615528 	57.314919 	25.000000 	80.454956 	26.683329 	77.175125 	98.407318 	5.000000 	57.271286 	8.485281 	7.615773 	96.020828 	110.113579 	77.414467 	17.204651 	105.603027 	129.402466 	117.686020 	17.262676 	65.391129 	11.661903 	103.227905 	110.000000 	45.398239 	118.406082 	16.763054 	49.497475 	21.470911 	121.210564 	100.846420 	77.252831 	140.035706 	121.400162 	80.777473 	26.000000 	
46.400433 	52.801514 	64.815125 	46.861500 	8.062258 	22.803509 	36.235340 	28.600698 	25.298222 	999.000000 	40.311287 	35.846897 	50.289165 	56.222771 	2.828427 	52.801514 	74.966660 	22.825424 	32.249031 	33.105892 	20.248457 	72.249565 	86.977005 	52.697250 	42.047592 	82.073135 	107.298645 	94.794518 	13.038404 	40.249222 	34.985710 	79.397736 	86.371292 	21.095022 	94.847244 	37.643059 	25.019993 	18.681541 	97.672920 	76.275818 	52.000000 	117.686020 	97.744568 	55.542778 	18.000000 	
75.153175 	80.950600 	92.282173 	76.557167 	32.557640 	21.095022 	70.342018 	64.132675 	20.615528 	40.311287 	999.000000 	63.560993 	21.540659 	89.196411 	42.579338 	86.330757 	105.095192 	25.612497 	68.883957 	21.470911 	28.017851 	103.368271 	115.974136 	87.361320 	23.086792 	112.254173 	133.221619 	122.967476 	36.674240 	77.103828 	25.079872 	110.494347 	116.726173 	61.400326 	124.823875 	31.016125 	65.276337 	41.880783 	127.534309 	109.786156 	89.269257 	144.031250 	127.941391 	92.574295 	46.141087 	
11.661903 	17.804493 	29.732138 	13.000000 	41.231056 	54.488529 	12.806249 	14.866069 	57.314919 	35.846897 	63.560993 	999.000000 	80.448738 	26.305893 	36.674240 	24.020824 	41.677334 	56.639210 	18.027756 	65.795135 	54.671749 	39.812057 	53.009434 	26.076809 	74.411018 	48.877399 	72.138756 	60.440052 	48.877399 	22.203604 	68.593002 	46.957428 	53.338543 	33.136082 	61.587337 	72.346390 	32.756680 	54.129475 	64.350601 	46.572525 	31.953091 	82.734512 	64.660652 	34.205261 	52.201534 	
92.086914 	98.229324 	110.000000 	93.193344 	42.379242 	27.513634 	84.970581 	77.878113 	25.000000 	50.289165 	21.540659 	80.448738 	999.000000 	104.709122 	51.662365 	101.533249 	122.036880 	28.284271 	82.079231 	18.027756 	31.257000 	119.887444 	133.454117 	101.980392 	10.440307 	129.247818 	151.855194 	140.801285 	41.194660 	90.249657 	18.248287 	127.094452 	133.689941 	70.213959 	142.003525 	21.023796 	74.330345 	43.104523 	144.779144 	125.239769 	102.181213 	162.606888 	145.055161 	105.688217 	48.093658 	
16.124516 	13.892444 	16.492422 	14.035668 	63.245552 	77.698135 	20.000000 	27.658634 	80.454956 	56.222771 	89.196411 	26.305893 	104.709122 	999.000000 	55.973209 	3.605551 	19.723083 	78.816238 	24.839485 	88.752464 	76.400261 	16.401220 	31.906113 	6.000000 	97.637085 	26.400757 	53.665630 	39.962482 	68.680420 	18.788294 	91.021973 	23.345236 	30.479502 	43.566040 	38.948685 	93.861603 	40.706264 	72.180328 	41.773197 	20.615528 	15.524175 	63.285069 	41.725292 	14.764823 	68.883957 	
46.872166 	53.254108 	65.215027 	47.201694 	10.049875 	24.331051 	36.069378 	28.319605 	26.683329 	2.828427 	42.579338 	36.674240 	51.662365 	55.973209 	999.000000 	52.497620 	74.966660 	23.769728 	31.622776 	34.176014 	21.023796 	72.138756 	87.045967 	52.201534 	43.081318 	82.024384 	107.615051 	94.921021 	12.727922 	39.446167 	35.777088 	79.246452 	86.278618 	19.000000 	94.762863 	38.013157 	23.021729 	17.464249 	97.590981 	75.802376 	50.990196 	117.923706 	97.621719 	54.561890 	16.124516 	
14.866069 	14.142136 	19.104973 	12.649111 	59.908264 	74.431175 	16.643316 	24.207438 	77.175125 	52.801514 	86.330757 	24.020824 	101.533249 	3.605551 	52.497620 	999.000000 	23.323807 	75.451973 	21.260292 	85.440041 	73.006851 	20.000000 	35.510563 	3.605551 	94.339813 	30.000000 	57.245087 	43.566040 	65.192024 	15.231546 	87.658424 	26.907248 	34.058773 	39.962482 	42.520584 	90.426765 	37.121422 	68.622154 	45.343136 	23.706539 	13.416408 	66.887962 	45.276924 	13.453624 	65.299309 	
30.016663 	24.166092 	14.035668 	28.844410 	81.565926 	95.603348 	38.948685 	46.754681 	98.407318 	74.966660 	105.095192 	41.677334 	122.036880 	19.723083 	74.966660 	23.323807 	999.000000 	97.185387 	44.407207 	106.826965 	94.921021 	4.000000 	12.206555 	25.079872 	115.602768 	7.211102 	34.014702 	20.248457 	87.692642 	38.470768 	109.343498 	6.000000 	11.661903 	63.285069 	20.000000 	112.538879 	60.415230 	91.547798 	22.803509 	12.727922 	32.557640 	43.566040 	23.021729 	30.149628 	88.408142 	
67.882248 	74.249580 	86.278618 	68.622154 	15.620500 	5.385165 	58.821766 	51.312767 	5.000000 	22.825424 	25.612497 	56.639210 	28.284271 	78.816238 	23.769728 	75.451973 	97.185387 	999.000000 	55.072678 	10.440307 	3.000000 	94.641426 	109.041275 	75.471848 	19.313208 	104.350372 	128.763351 	116.726173 	13.000000 	63.063461 	12.206555 	101.828285 	108.706024 	41.976185 	117.153748 	15.811388 	46.097721 	16.552946 	119.970833 	99.020203 	74.732857 	139.316193 	120.104118 	78.294319 	21.189621 	
21.000000 	26.305893 	37.000000 	20.099751 	39.812057 	54.625999 	7.000000 	5.099020 	57.271286 	32.249031 	68.883957 	18.027756 	82.079231 	24.839485 	31.622776 	21.260292 	44.407207 	55.072678 	999.000000 	65.299309 	52.478565 	41.231056 	56.612720 	20.615528 	74.242844 	51.224995 	78.032043 	64.637451 	44.204071 	8.246211 	67.230942 	48.166378 	55.317268 	19.313208 	63.780876 	69.634758 	17.262676 	47.381432 	66.603302 	44.204071 	20.396078 	87.920418 	66.528191 	23.769728 	44.045429 	
77.233414 	83.546394 	95.524864 	78.102493 	25.553865 	11.313708 	68.796799 	61.400326 	8.485281 	33.105892 	21.470911 	65.795135 	18.027756 	88.752464 	34.176014 	85.440041 	106.826965 	10.440307 	65.299309 	999.000000 	13.341664 	104.403069 	118.562218 	85.586212 	8.944272 	114.017540 	137.887634 	126.150703 	23.194826 	73.348480 	4.000000 	111.606453 	118.406082 	52.392746 	126.822708 	10.049875 	56.515484 	25.317978 	129.630249 	109.077957 	85.088188 	148.519363 	129.807556 	88.639717 	30.265491 	
65.795135 	72.180328 	84.219948 	66.468040 	13.453624 	7.071068 	56.400356 	48.826221 	7.615773 	20.248457 	28.017851 	54.671749 	31.257000 	76.400261 	21.023796 	73.006851 	94.921021 	3.000000 	52.478565 	13.341664 	999.000000 	92.314682 	106.831642 	72.945183 	22.135944 	102.068604 	126.732002 	114.560028 	10.000000 	60.415230 	14.764823 	99.488693 	106.404884 	39.051247 	114.865135 	17.691807 	43.174065 	13.892444 	117.686020 	96.519424 	72.013885 	137.244308 	117.796432 	75.584389 	18.384777 	
28.231188 	22.803509 	14.317822 	26.832815 	79.025314 	93.230896 	36.069378 	43.840622 	96.020828 	72.249565 	103.368271 	39.812057 	119.887444 	16.401220 	72.138756 	20.000000 	4.000000 	94.641426 	41.231056 	104.403069 	92.314682 	999.000000 	15.652476 	21.470911 	113.225441 	10.000000 	37.696156 	23.706539 	84.864601 	34.985710 	106.826965 	7.211102 	14.142136 	59.908264 	22.627417 	109.877205 	56.938564 	88.526833 	25.455845 	10.295630 	28.635643 	47.010635 	25.495098 	26.172504 	85.276024 	
41.400482 	35.227829 	23.706539 	40.459858 	93.434471 	107.298645 	51.088158 	58.898216 	110.113579 	86.977005 	115.974136 	53.009434 	133.454117 	31.906113 	87.045967 	35.510563 	12.206555 	109.041275 	56.612720 	118.562218 	106.831642 	15.652476 	999.000000 	37.121422 	127.283150 	6.082763 	22.135944 	8.062258 	99.764725 	50.606323 	121.165176 	10.049875 	5.000000 	75.471848 	9.219544 	124.482933 	72.560318 	103.711136 	11.704700 	19.104973 	43.965897 	31.384710 	12.369317 	41.231056 	100.603180 	
17.888544 	17.691807 	22.360680 	15.652476 	60.033325 	74.706093 	17.088007 	24.186773 	77.414467 	52.697250 	87.361320 	26.076809 	101.980392 	6.000000 	52.201534 	3.605551 	25.079872 	75.471848 	20.615528 	85.586212 	72.945183 	21.470911 	37.121422 	999.000000 	94.514549 	31.384710 	59.093147 	45.177429 	64.815125 	13.601471 	87.664131 	28.017851 	35.227829 	38.600517 	43.600460 	90.210861 	35.510563 	67.896980 	46.400433 	23.600847 	9.848858 	68.476273 	46.227695 	9.899495 	64.381676 	
85.912750 	92.195442 	104.139328 	86.833176 	34.481880 	20.000000 	77.698135 	70.327805 	17.204651 	42.047592 	23.086792 	74.411018 	10.440307 	97.637085 	43.081318 	94.339813 	115.602768 	19.313208 	74.242844 	8.944272 	22.135944 	113.225441 	127.283150 	94.514549 	999.000000 	122.800652 	146.413803 	134.825821 	31.780497 	82.292160 	8.000000 	120.432556 	127.200630 	61.131008 	135.602356 	10.816654 	65.253349 	33.000000 	138.405197 	117.991524 	94.021271 	157.079605 	138.600143 	97.575615 	38.000000 	
37.215588 	31.304953 	20.615528 	36.055511 	88.729927 	102.800781 	45.967381 	53.758720 	105.603027 	82.073135 	112.254173 	48.877399 	129.247818 	26.400757 	82.024384 	30.000000 	7.211102 	104.350372 	51.224995 	114.017540 	102.068604 	10.000000 	6.082763 	31.384710 	122.800652 	999.000000 	28.160255 	13.928389 	94.752312 	44.944408 	116.516090 	4.000000 	4.472136 	69.892776 	12.806249 	119.670380 	66.887962 	98.493652 	15.620500 	13.341664 	37.947330 	37.121422 	15.811388 	35.171009 	95.268044 	
60.959003 	54.561890 	42.520584 	60.440052 	113.278419 	126.574089 	72.111023 	79.881165 	129.402466 	107.298645 	133.221619 	72.138756 	151.855194 	53.665630 	107.615051 	57.245087 	34.014702 	128.763351 	78.032043 	137.887634 	126.732002 	37.696156 	22.135944 	59.093147 	146.413803 	28.160255 	999.000000 	14.317822 	120.253899 	72.449982 	140.730240 	32.015621 	25.317978 	97.128784 	19.104973 	144.422989 	94.366310 	124.619423 	17.464249 	40.311287 	66.098412 	10.816654 	18.681541 	63.324562 	121.757957 	
48.918301 	42.638012 	30.805843 	48.104053 	101.138519 	114.865135 	59.033890 	66.843102 	117.686020 	94.794518 	122.967476 	60.440052 	140.801285 	39.962482 	94.921021 	43.566040 	20.248457 	116.726173 	64.637451 	126.150703 	114.560028 	23.706539 	8.062258 	45.177429 	134.825821 	13.928389 	14.317822 	999.000000 	107.628990 	58.668560 	128.817703 	17.720045 	11.045361 	83.528435 	7.071068 	132.230865 	80.622574 	111.664673 	7.615773 	26.076809 	51.865211 	23.323807 	8.944272 	49.040798 	108.600182 	
59.405388 	65.802734 	77.801025 	59.816387 	10.049875 	15.811388 	48.795490 	41.036568 	17.262676 	13.038404 	36.674240 	48.877399 	41.194660 	68.680420 	12.727922 	65.192024 	87.692642 	13.000000 	44.204071 	23.194826 	10.000000 	84.864601 	99.764725 	64.815125 	31.780497 	94.752312 	120.253899 	107.628990 	999.000000 	51.865211 	24.041630 	91.967384 	99.005051 	29.410883 	107.489532 	25.553865 	33.526108 	7.280110 	110.317726 	88.408142 	63.134777 	130.598618 	110.344917 	66.730804 	9.899495 	
20.615528 	24.331051 	33.241539 	18.973665 	47.927029 	62.769421 	9.433981 	13.038404 	65.391129 	40.249222 	77.103828 	22.203604 	90.249657 	18.788294 	39.446167 	15.231546 	38.470768 	63.063461 	8.246211 	73.348480 	60.415230 	34.985710 	50.606323 	13.601471 	82.292160 	44.944408 	72.449982 	58.668560 	51.865211 	999.000000 	75.179787 	41.617306 	48.826221 	25.000000 	57.201397 	77.388626 	21.954498 	54.561890 	60.000000 	36.796738 	12.165525 	81.987801 	59.816387 	15.524175 	50.911690 	
79.931221 	86.278618 	98.290382 	80.721741 	27.802877 	14.422205 	71.028160 	63.513779 	11.661903 	34.985710 	25.079872 	68.593002 	18.248287 	91.021973 	35.777088 	87.658424 	109.343498 	12.206555 	67.230942 	4.000000 	14.764823 	106.826965 	121.165176 	87.664131 	8.000000 	116.516090 	140.730240 	128.817703 	24.041630 	75.179787 	999.000000 	114.017540 	120.880104 	53.450912 	129.321304 	6.082763 	57.567352 	25.000000 	132.136292 	111.220505 	86.764046 	151.320847 	132.279999 	90.338257 	30.000000 	
35.341194 	29.732138 	20.024984 	34.000000 	86.214851 	100.439034 	43.185646 	50.931328 	103.227905 	79.397736 	110.494347 	46.957428 	127.094452 	23.345236 	79.246452 	26.907248 	6.000000 	101.828285 	48.166378 	111.606453 	99.488693 	7.211102 	10.049875 	28.017851 	120.432556 	4.000000 	32.015621 	17.720045 	91.967384 	41.617306 	114.017540 	999.000000 	7.211102 	66.610809 	15.620500 	117.034180 	63.513779 	95.524864 	18.439089 	9.486833 	34.176014 	40.718548 	18.384777 	31.320919 	92.195442 	
41.677334 	35.777088 	25.000000 	40.496914 	93.085983 	107.200745 	50.209560 	57.982758 	110.000000 	86.371292 	116.726173 	53.338543 	133.689941 	30.479502 	86.278618 	34.058773 	11.661903 	108.706024 	55.317268 	118.406082 	106.404884 	14.142136 	5.000000 	35.227829 	127.200630 	4.472136 	25.317978 	11.045361 	99.005051 	48.826221 	120.880104 	7.211102 	999.000000 	73.817345 	8.485281 	123.987900 	70.724815 	102.649887 	11.313708 	15.033297 	41.231056 	33.615471 	11.401754 	38.275318 	99.357941 	
39.623226 	45.354160 	56.302753 	39.051247 	29.017237 	43.185646 	25.961510 	19.104973 	45.398239 	21.095022 	61.400326 	33.136082 	70.213959 	43.566040 	19.000000 	39.962482 	63.285069 	41.976185 	19.313208 	52.392746 	39.051247 	59.908264 	75.471848 	38.600517 	61.131008 	69.892776 	97.128784 	83.528435 	29.410883 	25.000000 	53.450912 	66.610809 	73.817345 	999.000000 	82.200974 	54.625999 	4.123106 	30.528675 	85.000000 	61.554855 	34.828148 	106.850365 	84.811554 	38.418747 	26.400757 	
49.929951 	43.908997 	32.695564 	48.826221 	101.533249 	115.602768 	58.694122 	66.468040 	118.406082 	94.847244 	124.823875 	61.587337 	142.003525 	38.948685 	94.762863 	42.520584 	20.000000 	117.153748 	63.780876 	126.822708 	114.865135 	22.627417 	9.219544 	43.600460 	135.602356 	12.806249 	19.104973 	7.071068 	107.489532 	57.201397 	129.321304 	15.620500 	8.485281 	82.200974 	999.000000 	132.457535 	79.056938 	111.126053 	2.828427 	22.135944 	49.193497 	25.961510 	3.162278 	46.097721 	107.814659 	
83.486526 	89.872131 	101.911728 	84.148682 	31.144823 	19.313208 	73.878281 	66.219330 	16.763054 	37.643059 	31.016125 	72.346390 	21.023796 	93.861603 	38.013157 	90.426765 	112.538879 	15.811388 	69.634758 	10.049875 	17.691807 	109.877205 	124.482933 	90.210861 	10.816654 	119.670380 	144.422989 	132.230865 	25.553865 	77.388626 	6.082763 	117.034180 	123.987900 	54.625999 	132.457535 	999.000000 	58.694122 	24.738634 	135.281189 	113.811249 	88.684837 	154.935471 	135.369858 	92.282173 	29.614185 	
38.118237 	43.566040 	54.120235 	37.336308 	33.000000 	47.265209 	24.186773 	18.110771 	49.497475 	25.019993 	65.276337 	32.756680 	74.330345 	40.706264 	23.021729 	37.121422 	60.415230 	46.097721 	17.262676 	56.515484 	43.174065 	56.938564 	72.560318 	35.510563 	65.253349 	66.887962 	94.366310 	80.622574 	33.526108 	21.954498 	57.567352 	63.513779 	70.724815 	4.123106 	79.056938 	58.694122 	999.000000 	34.481880 	81.841309 	58.137768 	31.144823 	103.942291 	81.608826 	34.713108 	30.232433 	
64.140472 	70.491135 	82.377182 	64.350601 	17.262676 	20.808653 	52.630791 	44.821869 	21.470911 	18.681541 	41.880783 	54.129475 	43.104523 	72.180328 	17.464249 	68.622154 	91.547798 	16.552946 	47.381432 	25.317978 	13.892444 	88.526833 	103.711136 	67.896980 	33.000000 	98.493652 	124.619423 	111.664673 	7.280110 	54.561890 	25.000000 	95.524864 	102.649887 	30.528675 	111.126053 	24.738634 	34.481880 	999.000000 	113.951744 	91.350975 	65.215027 	134.807266 	113.899078 	68.818604 	5.000000 	
52.697250 	46.647614 	35.341194 	51.613953 	104.350372 	118.406082 	61.522354 	69.296463 	121.210564 	97.672920 	127.534309 	64.350601 	144.779144 	41.773197 	97.590981 	45.343136 	22.803509 	119.970833 	66.603302 	129.630249 	117.686020 	25.455845 	11.704700 	46.400433 	138.405197 	15.620500 	17.464249 	7.615773 	110.317726 	60.000000 	132.136292 	18.439089 	11.313708 	85.000000 	2.828427 	135.281189 	81.841309 	113.951744 	999.000000 	24.698177 	51.884487 	23.537205 	1.414214 	48.754486 	110.634537 	
35.510563 	31.016125 	24.351591 	33.734257 	83.528435 	98.112183 	40.311287 	47.707443 	100.846420 	76.275818 	109.786156 	46.572525 	125.239769 	20.615528 	75.802376 	23.706539 	12.727922 	99.020203 	44.204071 	109.077957 	96.519424 	10.295630 	19.104973 	23.600847 	117.991524 	13.341664 	40.311287 	26.076809 	88.408142 	36.796738 	111.220505 	9.486833 	15.033297 	61.554855 	22.135944 	113.811249 	58.137768 	91.350975 	24.698177 	999.000000 	27.459061 	48.083260 	24.166092 	24.186773 	87.692642 	
26.248810 	27.202942 	32.015621 	24.083189 	59.808025 	74.672615 	20.223749 	25.179358 	77.252831 	52.000000 	89.269257 	31.953091 	102.181213 	15.524175 	50.990196 	13.416408 	32.557640 	74.732857 	20.396078 	85.088188 	72.013885 	28.635643 	43.965897 	9.848858 	94.021271 	37.947330 	66.098412 	51.865211 	63.134777 	12.165525 	86.764046 	34.176014 	41.231056 	34.828148 	49.193497 	88.684837 	31.144823 	65.215027 	51.884487 	27.459061 	999.000000 	74.846512 	51.478149 	3.605551 	61.220913 	
71.449280 	65.069191 	53.037724 	70.837845 	123.794182 	137.207870 	82.200974 	90.000000 	140.035706 	117.686020 	144.031250 	82.734512 	162.606888 	63.285069 	117.923706 	66.887962 	43.566040 	139.316193 	87.920418 	148.519363 	137.244308 	47.010635 	31.384710 	68.476273 	157.079605 	37.121422 	10.816654 	23.323807 	130.598618 	81.987801 	151.320847 	40.718548 	33.615471 	106.850365 	25.961510 	154.935471 	103.942291 	134.807266 	23.537205 	48.083260 	74.846512 	999.000000 	24.331051 	71.867935 	131.825638 	
53.000000 	47.010635 	35.846897 	51.865211 	104.484451 	118.600166 	61.554855 	69.310890 	121.400162 	97.744568 	127.941391 	64.660652 	145.055161 	41.725292 	97.621719 	45.276924 	23.021729 	120.104118 	66.528191 	129.807556 	117.796432 	25.495098 	12.369317 	46.227695 	138.600143 	15.811388 	18.681541 	8.944272 	110.344917 	59.816387 	132.279999 	18.384777 	11.401754 	84.811554 	3.162278 	135.369858 	81.608826 	113.899078 	1.414214 	24.166092 	51.478149 	24.331051 	999.000000 	48.301140 	110.535065 	
27.459061 	27.586229 	31.016125 	25.238859 	63.324562 	78.185677 	23.021729 	28.442924 	80.777473 	55.542778 	92.574295 	34.205261 	105.688217 	14.764823 	54.561890 	13.453624 	30.149628 	78.294319 	23.769728 	88.639717 	75.584389 	26.172504 	41.231056 	9.899495 	97.575615 	35.171009 	63.324562 	49.040798 	66.730804 	15.524175 	90.338257 	31.320919 	38.275318 	38.418747 	46.097721 	92.282173 	34.713108 	68.818604 	48.754486 	24.186773 	3.605551 	71.867935 	48.301140 	999.000000 	64.815125 	
61.717098 	68.000000 	79.755875 	61.773781 	18.788294 	25.059929 	49.648766 	41.880783 	26.000000 	18.000000 	46.141087 	52.201534 	48.093658 	68.883957 	16.124516 	65.299309 	88.408142 	21.189621 	44.045429 	30.265491 	18.384777 	85.276024 	100.603180 	64.381676 	38.000000 	95.268044 	121.757957 	108.600182 	9.899495 	50.911690 	30.000000 	92.195442 	99.357941 	26.400757 	107.814659 	29.614185 	30.232433 	5.000000 	110.634537 	87.692642 	61.220913 	131.825638 	110.535065 	64.815125 	999.000000 	

Travel time:
9.000000 	0.160078 	0.460977 	0.055902 	1.308625 	1.648674 	0.350000 	0.515388 	1.719193 	1.160011 	1.878829 	0.291548 	2.302173 	0.403113 	1.171804 	0.371652 	0.750417 	1.697056 	0.525000 	1.930835 	1.644878 	0.705780 	1.035012 	0.447214 	2.147819 	0.930390 	1.523975 	1.222957 	1.485135 	0.515388 	1.998281 	0.883530 	1.041933 	0.990581 	1.248249 	2.087163 	0.952956 	1.603512 	1.317431 	0.887764 	0.656220 	1.786232 	1.325000 	0.686477 	1.542928 	
0.160078 	9.000000 	0.301040 	0.158114 	1.468205 	1.806239 	0.485412 	0.664266 	1.876832 	1.320038 	2.023765 	0.445112 	2.455733 	0.347311 	1.331353 	0.353553 	0.604152 	1.856240 	0.657647 	2.088660 	1.804508 	0.570088 	0.880696 	0.442295 	2.304886 	0.782624 	1.364047 	1.065950 	1.645068 	0.608276 	2.156965 	0.743303 	0.894427 	1.133854 	1.097725 	2.246803 	1.089151 	1.762278 	1.166190 	0.775403 	0.680074 	1.626730 	1.175266 	0.689656 	1.700000 	
0.460977 	0.301040 	9.000000 	0.450694 	1.769181 	2.105499 	0.761577 	0.950329 	2.176149 	1.620378 	2.307054 	0.743303 	2.750000 	0.412311 	1.630376 	0.477624 	0.350892 	2.156965 	0.925000 	2.388122 	2.105499 	0.357946 	0.592663 	0.559017 	2.603483 	0.515388 	1.063015 	0.770146 	1.945026 	0.831038 	2.457260 	0.500625 	0.625000 	1.407569 	0.817389 	2.547793 	1.353006 	2.059430 	0.883530 	0.608790 	0.800391 	1.325943 	0.896172 	0.775403 	1.993897 	
0.055902 	0.158114 	0.450694 	9.000000 	1.325943 	1.671077 	0.328824 	0.506211 	1.741407 	1.171538 	1.913929 	0.325000 	2.329834 	0.350892 	1.180042 	0.316228 	0.721110 	1.715554 	0.502494 	1.952562 	1.661701 	0.670820 	1.011496 	0.391312 	2.170829 	0.901388 	1.511001 	1.202601 	1.495410 	0.474342 	2.018044 	0.850000 	1.012423 	0.976281 	1.220656 	2.103717 	0.933408 	1.608765 	1.290349 	0.843356 	0.602080 	1.770946 	1.296630 	0.630971 	1.544345 	
1.308625 	1.468205 	1.769181 	1.325943 	9.000000 	0.371652 	1.081665 	0.896172 	0.436606 	0.201556 	0.813941 	1.030776 	1.059481 	1.581139 	0.251247 	1.497707 	2.039148 	0.390512 	0.995301 	0.638847 	0.336341 	1.975633 	2.335862 	1.500833 	0.862047 	2.218248 	2.831960 	2.528463 	0.251247 	1.198176 	0.695072 	2.155371 	2.327150 	0.725431 	2.538331 	0.778621 	0.825000 	0.431567 	2.608759 	2.088211 	1.495201 	3.094855 	2.612111 	1.583114 	0.469707 	
1.648674 	1.806239 	2.105499 	1.671077 	0.371652 	9.000000 	1.445035 	1.263428 	0.070711 	0.570088 	0.527376 	1.362213 	0.687841 	1.942453 	0.608276 	1.860779 	2.390084 	0.134629 	1.365650 	0.282843 	0.176777 	2.330772 	2.682466 	1.867652 	0.500000 	2.570019 	3.164352 	2.871628 	0.395285 	1.569236 	0.360555 	2.510976 	2.680019 	1.079641 	2.890069 	0.482830 	1.181630 	0.520216 	2.960152 	2.452805 	1.866815 	3.430197 	2.965004 	1.954642 	0.626498 	
0.350000 	0.485412 	0.761577 	0.328824 	1.081665 	1.445035 	9.000000 	0.195256 	1.513481 	0.905883 	1.758550 	0.320156 	2.124264 	0.500000 	0.901734 	0.416083 	0.973717 	1.470544 	0.175000 	1.719920 	1.410009 	0.901734 	1.277204 	0.427200 	1.942453 	1.149184 	1.802776 	1.475847 	1.219887 	0.235850 	1.775704 	1.079641 	1.255239 	0.649038 	1.467353 	1.846957 	0.604669 	1.315770 	1.538059 	1.007782 	0.505594 	2.055024 	1.538871 	0.575543 	1.241219 	
0.515388 	0.664266 	0.950329 	0.506211 	0.896172 	1.263428 	0.195256 	9.000000 	1.330883 	0.715017 	1.603317 	0.371652 	1.946953 	0.691466 	0.707990 	0.605186 	1.168867 	1.282819 	0.127475 	1.535008 	1.220656 	1.096016 	1.472455 	0.604669 	1.758195 	1.343968 	1.997029 	1.671077 	1.025914 	0.325960 	1.587844 	1.273283 	1.449569 	0.477624 	1.661701 	1.655483 	0.452769 	1.120547 	1.732412 	1.192686 	0.629484 	2.250000 	1.732772 	0.711073 	1.047020 	
1.719193 	1.876832 	2.176149 	1.741407 	0.436606 	0.070711 	1.513481 	1.330883 	9.000000 	0.632456 	0.515388 	1.432873 	0.625000 	2.011374 	0.667083 	1.929378 	2.460183 	0.125000 	1.431782 	0.212132 	0.190394 	2.400521 	2.752840 	1.935362 	0.430116 	2.640076 	3.235062 	2.942151 	0.431567 	1.634778 	0.291548 	2.580698 	2.750000 	1.134956 	2.960152 	0.419076 	1.237437 	0.536773 	3.030264 	2.521161 	1.931321 	3.500893 	3.035004 	2.019437 	0.650000 	
1.160011 	1.320038 	1.620378 	1.171538 	0.201556 	0.570088 	0.905883 	0.715017 	0.632456 	9.000000 	1.007782 	0.896172 	1.257229 	1.405569 	0.070711 	1.320038 	1.874166 	0.570636 	0.806226 	0.827647 	0.506211 	1.806239 	2.174425 	1.317431 	1.051190 	2.051828 	2.682466 	2.369863 	0.325960 	1.006231 	0.874643 	1.984943 	2.159282 	0.527376 	2.371181 	0.941076 	0.625500 	0.467039 	2.441823 	1.906895 	1.300000 	2.942151 	2.443614 	1.388569 	0.450000 	
1.878829 	2.023765 	2.307054 	1.913929 	0.813941 	0.527376 	1.758550 	1.603317 	0.515388 	1.007782 	9.000000 	1.589025 	0.538516 	2.229910 	1.064483 	2.158269 	2.627380 	0.640312 	1.722099 	0.536773 	0.700446 	2.584207 	2.899354 	2.184033 	0.577170 	2.806354 	3.330540 	3.074187 	0.916856 	1.927596 	0.626997 	2.762359 	2.918154 	1.535008 	3.120597 	0.775403 	1.631908 	1.047020 	3.188358 	2.744654 	2.231731 	3.600781 	3.198535 	2.314357 	1.153527 	
0.291548 	0.445112 	0.743303 	0.325000 	1.030776 	1.362213 	0.320156 	0.371652 	1.432873 	0.896172 	1.589025 	9.000000 	2.011219 	0.657647 	0.916856 	0.600521 	1.041933 	1.415980 	0.450694 	1.644878 	1.366794 	0.995301 	1.325236 	0.651920 	1.860276 	1.221935 	1.803469 	1.511001 	1.221935 	0.555090 	1.714825 	1.173936 	1.333464 	0.828402 	1.539683 	1.808660 	0.818917 	1.353237 	1.608765 	1.164313 	0.798827 	2.068363 	1.616516 	0.855132 	1.305038 	
2.302173 	2.455733 	2.750000 	2.329834 	1.059481 	0.687841 	2.124264 	1.946953 	0.625000 	1.257229 	0.538516 	2.011219 	9.000000 	2.617728 	1.291559 	2.538331 	3.050922 	0.707107 	2.051981 	0.450694 	0.781425 	2.997186 	3.336353 	2.549510 	0.261008 	3.231195 	3.796380 	3.520032 	1.029866 	2.256241 	0.456207 	3.177361 	3.342248 	1.755349 	3.550088 	0.525595 	1.858259 	1.077613 	3.619479 	3.130994 	2.554530 	4.065172 	3.626379 	2.642205 	1.202341 	
0.403113 	0.347311 	0.412311 	0.350892 	1.581139 	1.942453 	0.500000 	0.691466 	2.011374 	1.405569 	2.229910 	0.657647 	2.617728 	9.000000 	1.399330 	0.090139 	0.493077 	1.970406 	0.620987 	2.218812 	1.910007 	0.410031 	0.797653 	0.150000 	2.440927 	0.660019 	1.341641 	0.999062 	1.717010 	0.469707 	2.275549 	0.583631 	0.761988 	1.089151 	0.973717 	2.346540 	1.017657 	1.804508 	1.044330 	0.515388 	0.388104 	1.582127 	1.043132 	0.369121 	1.722099 	
1.171804 	1.331353 	1.630376 	1.180042 	0.251247 	0.608276 	0.901734 	0.707990 	0.667083 	0.070711 	1.064483 	0.916856 	1.291559 	1.399330 	9.000000 	1.312441 	1.874166 	0.594243 	0.790569 	0.854400 	0.525595 	1.803469 	2.176149 	1.305038 	1.077033 	2.050610 	2.690376 	2.373025 	0.318198 	0.986154 	0.894427 	1.981161 	2.156965 	0.475000 	2.369071 	0.950329 	0.575543 	0.436606 	2.439775 	1.895059 	1.274755 	2.948093 	2.440543 	1.364047 	0.403113 	
0.371652 	0.353553 	0.477624 	0.316228 	1.497707 	1.860779 	0.416083 	0.605186 	1.929378 	1.320038 	2.158269 	0.600521 	2.538331 	0.090139 	1.312441 	9.000000 	0.583095 	1.886299 	0.531507 	2.136001 	1.825171 	0.500000 	0.887764 	0.090139 	2.358495 	0.750000 	1.431127 	1.089151 	1.629801 	0.380789 	2.191461 	0.672681 	0.851469 	0.999062 	1.063015 	2.260669 	0.928036 	1.715554 	1.133578 	0.592663 	0.335410 	1.672199 	1.131923 	0.336341 	1.632483 	
0.750417 	0.604152 	0.350892 	0.721110 	2.039148 	2.390084 	0.973717 	1.168867 	2.460183 	1.874166 	2.627380 	1.041933 	3.050922 	0.493077 	1.874166 	0.583095 	9.000000 	2.429635 	1.110180 	2.670674 	2.373025 	0.100000 	0.305164 	0.626997 	2.890069 	0.180278 	0.850368 	0.506211 	2.192316 	0.961769 	2.733588 	0.150000 	0.291548 	1.582127 	0.500000 	2.813472 	1.510381 	2.288695 	0.570088 	0.318198 	0.813941 	1.089151 	0.575543 	0.753741 	2.210204 	
1.697056 	1.856240 	2.156965 	1.715554 	0.390512 	0.134629 	1.470544 	1.282819 	0.125000 	0.570636 	0.640312 	1.415980 	0.707107 	1.970406 	0.594243 	1.886299 	2.429635 	9.000000 	1.376817 	0.261008 	0.075000 	2.366036 	2.726032 	1.886796 	0.482830 	2.608759 	3.219084 	2.918154 	0.325000 	1.576586 	0.305164 	2.545707 	2.717651 	1.049405 	2.928844 	0.395285 	1.152443 	0.413824 	2.999271 	2.475505 	1.868321 	3.482905 	3.002603 	1.957358 	0.529741 	
0.525000 	0.657647 	0.925000 	0.502494 	0.995301 	1.365650 	0.175000 	0.127475 	1.431782 	0.806226 	1.722099 	0.450694 	2.051981 	0.620987 	0.790569 	0.531507 	1.110180 	1.376817 	9.000000 	1.632483 	1.311964 	1.030776 	1.415318 	0.515388 	1.856071 	1.280625 	1.950801 	1.615936 	1.105102 	0.206155 	1.680773 	1.204159 	1.382932 	0.482830 	1.594522 	1.740869 	0.431567 	1.184536 	1.665083 	1.105102 	0.509902 	2.198010 	1.663205 	0.594243 	1.101136 	
1.930835 	2.088660 	2.388122 	1.952562 	0.638847 	0.282843 	1.719920 	1.535008 	0.212132 	0.827647 	0.536773 	1.644878 	0.450694 	2.218812 	0.854400 	2.136001 	2.670674 	0.261008 	1.632483 	9.000000 	0.333542 	2.610077 	2.964056 	2.139655 	0.223607 	2.850439 	3.447191 	3.153768 	0.579871 	1.833712 	0.100000 	2.790161 	2.960152 	1.309819 	3.170568 	0.251247 	1.412887 	0.632949 	3.240756 	2.726949 	2.127205 	3.712984 	3.245189 	2.215993 	0.756637 	
1.644878 	1.804508 	2.105499 	1.661701 	0.336341 	0.176777 	1.410009 	1.220656 	0.190394 	0.506211 	0.700446 	1.366794 	0.781425 	1.910007 	0.525595 	1.825171 	2.373025 	0.075000 	1.311964 	0.333542 	9.000000 	2.307867 	2.670791 	1.823630 	0.553399 	2.551715 	3.168300 	2.864001 	0.250000 	1.510381 	0.369121 	2.487217 	2.660122 	0.976281 	2.871628 	0.442295 	1.079352 	0.347311 	2.942151 	2.412986 	1.800347 	3.431108 	2.944911 	1.889610 	0.459619 	
0.705780 	0.570088 	0.357946 	0.670820 	1.975633 	2.330772 	0.901734 	1.096016 	2.400521 	1.806239 	2.584207 	0.995301 	2.997186 	0.410031 	1.803469 	0.500000 	0.100000 	2.366036 	1.030776 	2.610077 	2.307867 	9.000000 	0.391312 	0.536773 	2.830636 	0.250000 	0.942404 	0.592663 	2.121615 	0.874643 	2.670674 	0.180278 	0.353553 	1.497707 	0.565685 	2.746930 	1.423464 	2.213171 	0.636396 	0.257391 	0.715891 	1.175266 	0.637377 	0.654313 	2.131901 	
1.035012 	0.880696 	0.592663 	1.011496 	2.335862 	2.682466 	1.277204 	1.472455 	2.752840 	2.174425 	2.899354 	1.325236 	3.336353 	0.797653 	2.176149 	0.887764 	0.305164 	2.726032 	1.415318 	2.964056 	2.670791 	0.391312 	9.000000 	0.928036 	3.182079 	0.152069 	0.553399 	0.201556 	2.494118 	1.265158 	3.029130 	0.251247 	0.125000 	1.886796 	0.230489 	3.112073 	1.814008 	2.592778 	0.292617 	0.477624 	1.099147 	0.784618 	0.309233 	1.030776 	2.515079 	
0.447214 	0.442295 	0.559017 	0.391312 	1.500833 	1.867652 	0.427200 	0.604669 	1.935362 	1.317431 	2.184033 	0.651920 	2.549510 	0.150000 	1.305038 	0.090139 	0.626997 	1.886796 	0.515388 	2.139655 	1.823630 	0.536773 	0.928036 	9.000000 	2.362864 	0.784618 	1.477329 	1.129436 	1.620378 	0.340037 	2.191603 	0.700446 	0.880696 	0.965013 	1.090011 	2.255271 	0.887764 	1.697425 	1.160011 	0.590021 	0.246221 	1.711907 	1.155692 	0.247487 	1.609542 	
2.147819 	2.304886 	2.603483 	2.170829 	0.862047 	0.500000 	1.942453 	1.758195 	0.430116 	1.051190 	0.577170 	1.860276 	0.261008 	2.440927 	1.077033 	2.358495 	2.890069 	0.482830 	1.856071 	0.223607 	0.553399 	2.830636 	3.182079 	2.362864 	9.000000 	3.070016 	3.660345 	3.370646 	0.794512 	2.057304 	0.200000 	3.010814 	3.180016 	1.528275 	3.390059 	0.270416 	1.631334 	0.825000 	3.460130 	2.949788 	2.350532 	3.926990 	3.465003 	2.439390 	0.950000 	
0.930390 	0.782624 	0.515388 	0.901388 	2.218248 	2.570019 	1.149184 	1.343968 	2.640076 	2.051828 	2.806354 	1.221935 	3.231195 	0.660019 	2.050610 	0.750000 	0.180278 	2.608759 	1.280625 	2.850439 	2.551715 	0.250000 	0.152069 	0.784618 	3.070016 	9.000000 	0.704006 	0.348210 	2.368808 	1.123610 	2.912902 	0.100000 	0.111803 	1.747319 	0.320156 	2.991760 	1.672199 	2.462341 	0.390512 	0.333542 	0.948683 	0.928036 	0.395285 	0.879275 	2.381701 	
1.523975 	1.364047 	1.063015 	1.511001 	2.831960 	3.164352 	1.802776 	1.997029 	3.235062 	2.682466 	3.330540 	1.803469 	3.796380 	1.341641 	2.690376 	1.431127 	0.850368 	3.219084 	1.950801 	3.447191 	3.168300 	0.942404 	0.553399 	1.477329 	3.660345 	0.704006 	9.000000 	0.357946 	3.006347 	1.811249 	3.518256 	0.800391 	0.632949 	2.428220 	0.477624 	3.610575 	2.359158 	3.115486 	0.436606 	1.007782 	1.652460 	0.270416 	0.467039 	1.583114 	3.043949 	
1.222957 	1.065950 	0.770146 	1.202601 	2.528463 	2.871628 	1.475847 	1.671077 	2.942151 	2.369863 	3.074187 	1.511001 	3.520032 	0.999062 	2.373025 	1.089151 	0.506211 	2.918154 	1.615936 	3.153768 	2.864001 	0.592663 	0.201556 	1.129436 	3.370646 	0.348210 	0.357946 	9.000000 	2.690725 	1.466714 	3.220443 	0.443001 	0.276134 	2.088211 	0.176777 	3.305772 	2.015564 	2.791617 	0.190394 	0.651920 	1.296630 	0.583095 	0.223607 	1.226020 	2.715004 	
1.485135 	1.645068 	1.945026 	1.495410 	0.251247 	0.395285 	1.219887 	1.025914 	0.431567 	0.325960 	0.916856 	1.221935 	1.029866 	1.717010 	0.318198 	1.629801 	2.192316 	0.325000 	1.105102 	0.579871 	0.250000 	2.121615 	2.494118 	1.620378 	0.794512 	2.368808 	3.006347 	2.690725 	9.000000 	1.296630 	0.601041 	2.299185 	2.475126 	0.735272 	2.687238 	0.638847 	0.838153 	0.182003 	2.757943 	2.210204 	1.578369 	3.264966 	2.758623 	1.668270 	0.247487 	
0.515388 	0.608276 	0.831038 	0.474342 	1.198176 	1.569236 	0.235850 	0.325960 	1.634778 	1.006231 	1.927596 	0.555090 	2.256241 	0.469707 	0.986154 	0.380789 	0.961769 	1.576586 	0.206155 	1.833712 	1.510381 	0.874643 	1.265158 	0.340037 	2.057304 	1.123610 	1.811249 	1.466714 	1.296630 	9.000000 	1.879495 	1.040433 	1.220656 	0.625000 	1.430035 	1.934716 	0.548862 	1.364047 	1.500000 	0.919918 	0.304138 	2.049695 	1.495410 	0.388104 	1.272792 	
1.998281 	2.156965 	2.457260 	2.018044 	0.695072 	0.360555 	1.775704 	1.587844 	0.291548 	0.874643 	0.626997 	1.714825 	0.456207 	2.275549 	0.894427 	2.191461 	2.733588 	0.305164 	1.680773 	0.100000 	0.369121 	2.670674 	3.029130 	2.191603 	0.200000 	2.912902 	3.518256 	3.220443 	0.601041 	1.879495 	9.000000 	2.850439 	3.022003 	1.336273 	3.233033 	0.152069 	1.439184 	0.625000 	3.303407 	2.780513 	2.169101 	3.783021 	3.307000 	2.258456 	0.750000 	
0.883530 	0.743303 	0.500625 	0.850000 	2.155371 	2.510976 	1.079641 	1.273283 	2.580698 	1.984943 	2.762359 	1.173936 	3.177361 	0.583631 	1.981161 	0.672681 	0.150000 	2.545707 	1.204159 	2.790161 	2.487217 	0.180278 	0.251247 	0.700446 	3.010814 	0.100000 	0.800391 	0.443001 	2.299185 	1.040433 	2.850439 	9.000000 	0.180278 	1.665270 	0.390512 	2.925854 	1.587844 	2.388122 	0.460977 	0.237171 	0.854400 	1.017964 	0.459619 	0.783023 	2.304886 	
1.041933 	0.894427 	0.625000 	1.012423 	2.327150 	2.680019 	1.255239 	1.449569 	2.750000 	2.159282 	2.918154 	1.333464 	3.342248 	0.761988 	2.156965 	0.851469 	0.291548 	2.717651 	1.382932 	2.960152 	2.660122 	0.353553 	0.125000 	0.880696 	3.180016 	0.111803 	0.632949 	0.276134 	2.475126 	1.220656 	3.022003 	0.180278 	9.000000 	1.845434 	0.212132 	3.099698 	1.768120 	2.566247 	0.282843 	0.375832 	1.030776 	0.840387 	0.285044 	0.956883 	2.483948 	
0.990581 	1.133854 	1.407569 	0.976281 	0.725431 	1.079641 	0.649038 	0.477624 	1.134956 	0.527376 	1.535008 	0.828402 	1.755349 	1.089151 	0.475000 	0.999062 	1.582127 	1.049405 	0.482830 	1.309819 	0.976281 	1.497707 	1.886796 	0.965013 	1.528275 	1.747319 	2.428220 	2.088211 	0.735272 	0.625000 	1.336273 	1.665270 	1.845434 	9.000000 	2.055024 	1.365650 	0.103078 	0.763217 	2.125000 	1.538871 	0.870704 	2.671259 	2.120289 	0.960469 	0.660019 	
1.248249 	1.097725 	0.817389 	1.220656 	2.538331 	2.890069 	1.467353 	1.661701 	2.960152 	2.371181 	3.120597 	1.539683 	3.550088 	0.973717 	2.369071 	1.063015 	0.500000 	2.928844 	1.594522 	3.170568 	2.871628 	0.565685 	0.230489 	1.090011 	3.390059 	0.320156 	0.477624 	0.176777 	2.687238 	1.430035 	3.233033 	0.390512 	0.212132 	2.055024 	9.000000 	3.311438 	1.976424 	2.778151 	0.070711 	0.553399 	1.229837 	0.649038 	0.079057 	1.152443 	2.695366 	
2.087163 	2.246803 	2.547793 	2.103717 	0.778621 	0.482830 	1.846957 	1.655483 	0.419076 	0.941076 	0.775403 	1.808660 	0.525595 	2.346540 	0.950329 	2.260669 	2.813472 	0.395285 	1.740869 	0.251247 	0.442295 	2.746930 	3.112073 	2.255271 	0.270416 	2.991760 	3.610575 	3.305772 	0.638847 	1.934716 	0.152069 	2.925854 	3.099698 	1.365650 	3.311438 	9.000000 	1.467353 	0.618466 	3.382030 	2.845281 	2.217121 	3.873387 	3.384246 	2.307054 	0.740355 	
0.952956 	1.089151 	1.353006 	0.933408 	0.825000 	1.181630 	0.604669 	0.452769 	1.237437 	0.625500 	1.631908 	0.818917 	1.858259 	1.017657 	0.575543 	0.928036 	1.510381 	1.152443 	0.431567 	1.412887 	1.079352 	1.423464 	1.814008 	0.887764 	1.631334 	1.672199 	2.359158 	2.015564 	0.838153 	0.548862 	1.439184 	1.587844 	1.768120 	0.103078 	1.976424 	1.467353 	9.000000 	0.862047 	2.046033 	1.453444 	0.778621 	2.598557 	2.040221 	0.867828 	0.755811 	
1.603512 	1.762278 	2.059430 	1.608765 	0.431567 	0.520216 	1.315770 	1.120547 	0.536773 	0.467039 	1.047020 	1.353237 	1.077613 	1.804508 	0.436606 	1.715554 	2.288695 	0.413824 	1.184536 	0.632949 	0.347311 	2.213171 	2.592778 	1.697425 	0.825000 	2.462341 	3.115486 	2.791617 	0.182003 	1.364047 	0.625000 	2.388122 	2.566247 	0.763217 	2.778151 	0.618466 	0.862047 	9.000000 	2.848794 	2.283774 	1.630376 	3.370182 	2.847477 	1.720465 	0.125000 	
