UB = 921
M = 130

Distance:
999.000000 	85.912750 	63.253460 	62.032249 	61.098282 	46.690472 	44.687805 	42.047592 	40.311287 	54.589375 	70.178345 	31.827662 	33.120991 	42.755116 	66.007576 	50.009998 	52.000000 	28.635643 	33.136082 	15.811388 	59.665737 	62.096699 	64.288414 	35.735138 	59.464275 	34.539833 	44.777225 	58.309521 	52.801514 	34.000000 	26.419689 	40.311287 	36.359318 	63.976559 	15.620500 	71.175842 	32.802441 	76.557167 	17.204651 	29.068884 	12.649111 	62.128899 	58.821766 	43.139309 	58.258045 	27.730848 	72.670486 	42.011902 	55.172459 	13.453624 	70.802544 	
85.912750 	999.000000 	22.671568 	44.102154 	44.045429 	39.962482 	41.231056 	50.921509 	48.600410 	58.008621 	50.159744 	54.203320 	53.758720 	59.439045 	67.896980 	65.192024 	66.068146 	61.294373 	72.422371 	70.178345 	80.056229 	82.152298 	83.294655 	73.348480 	75.663727 	76.026314 	77.162170 	88.005684 	79.075912 	79.605278 	85.234970 	88.294960 	81.859634 	82.389320 	87.321243 	95.524864 	85.000000 	86.092972 	91.787796 	95.078911 	93.193344 	100.044991 	100.244698 	98.954536 	94.366310 	100.647903 	107.116760 	96.664368 	96.566040 	99.357941 	97.416634 	
63.253460 	22.671568 	999.000000 	32.449963 	31.906113 	18.027756 	18.601076 	31.064449 	26.832815 	43.324360 	40.816662 	31.622776 	31.240999 	41.048752 	56.356010 	49.030602 	50.447994 	39.560081 	52.469040 	47.507893 	65.520988 	68.007355 	69.570107 	53.160137 	60.406952 	55.659679 	58.549126 	72.367119 	62.008064 	59.135437 	64.288414 	69.180923 	61.684681 	67.601776 	65.306969 	81.908485 	64.257294 	74.040527 	69.778221 	74.040527 	70.830788 	83.862984 	83.384651 	79.511009 	77.103828 	79.120163 	92.195442 	76.537575 	78.517517 	76.694199 	82.389320 	
62.032249 	44.102154 	32.449963 	999.000000 	1.000000 	26.000000 	31.384710 	20.396078 	44.598206 	14.560220 	71.505241 	36.013885 	42.579338 	21.260292 	24.351591 	22.472204 	22.803509 	33.526108 	35.355339 	49.819675 	36.000000 	38.052597 	39.204590 	70.035706 	85.088188 	71.700768 	78.339005 	44.181442 	84.118965 	74.431175 	49.497475 	47.885281 	77.524193 	92.309265 	56.035702 	51.478149 	78.102493 	101.118744 	60.000000 	58.796257 	63.812225 	56.320511 	56.885849 	58.591808 	97.744568 	65.764732 	63.031738 	91.087868 	97.672920 	74.249580 	105.948097 	
61.098282 	44.045429 	31.906113 	1.000000 	999.000000 	25.079872 	30.463093 	19.416489 	43.657761 	14.317822 	70.767227 	35.014282 	41.593269 	20.518284 	24.698177 	22.135944 	22.561028 	32.572994 	34.655445 	48.836460 	36.013885 	38.118237 	39.319206 	69.050705 	84.172440 	70.710678 	77.369247 	44.102154 	83.168503 	73.437050 	48.795490 	47.413078 	76.531036 	91.389275 	55.217751 	51.623638 	77.103828 	100.239716 	59.203041 	58.137768 	62.968246 	56.222771 	56.718605 	58.137768 	96.772926 	65.069191 	63.071388 	90.088844 	96.690224 	73.348480 	105.004761 	
46.690472 	39.962482 	18.027756 	26.000000 	25.079872 	999.000000 	5.385165 	14.560220 	18.681541 	31.240999 	47.801674 	15.000000 	18.248287 	25.298222 	45.967381 	34.885529 	36.715118 	21.540659 	35.014282 	31.400637 	51.884487 	54.589375 	56.435802 	45.044422 	59.093147 	47.000000 	52.773098 	57.584721 	58.240879 	50.039986 	46.324940 	52.009613 	53.009434 	66.309875 	47.413078 	68.425140 	54.332310 	75.292763 	51.884487 	56.044624 	53.254108 	68.410522 	67.468513 	62.072536 	72.180328 	61.098282 	77.491936 	67.268120 	72.443085 	60.108234 	80.006248 	
44.687805 	41.231056 	18.601076 	31.384710 	30.463093 	5.385165 	999.000000 	18.357559 	13.341664 	36.069378 	43.266617 	13.038404 	13.928389 	29.068884 	50.931328 	39.115215 	41.048752 	22.203604 	37.215588 	29.000000 	56.080299 	58.830265 	60.745369 	40.000000 	53.712196 	42.047592 	47.518417 	61.326992 	52.886673 	45.177429 	47.381432 	54.332310 	48.093658 	60.926186 	47.169907 	72.560318 	49.648766 	69.971420 	51.623638 	56.885849 	52.354561 	71.784401 	70.604530 	64.031242 	66.910385 	61.400326 	81.154175 	62.514000 	67.268120 	58.137768 	74.632431 	
42.047592 	50.921509 	31.064449 	20.396078 	19.416489 	14.560220 	18.357559 	999.000000 	29.068884 	18.867962 	61.587337 	16.763054 	24.596748 	10.770329 	33.837849 	20.808653 	22.803509 	13.416408 	21.587032 	29.427877 	37.735924 	40.496914 	42.438190 	51.546097 	69.339745 	52.886673 	60.539242 	43.081318 	67.082039 	55.317268 	34.438351 	38.118237 	58.463665 	76.321686 	38.209946 	54.203320 	58.549126 	86.400230 	42.520584 	44.283180 	45.343136 	53.851646 	52.952808 	48.507732 	79.711983 	50.249378 	62.968246 	71.449280 	79.120163 	54.708317 	89.000000 	
40.311287 	48.600410 	26.832815 	44.598206 	43.657761 	18.681541 	13.341664 	29.068884 	999.000000 	47.801674 	34.785053 	15.231546 	8.000000 	38.948685 	62.801273 	49.517673 	51.623638 	26.925823 	43.462627 	25.000000 	66.068146 	68.883957 	70.936592 	27.166155 	40.706264 	29.427877 	34.234486 	70.178345 	39.560081 	32.756680 	50.487621 	60.083275 	35.510563 	47.853943 	47.169907 	82.200974 	37.643059 	57.428215 	51.351727 	59.076221 	50.447994 	79.605278 	77.878113 	68.658577 	53.600372 	62.128899 	89.554451 	50.219517 	54.083271 	53.235325 	61.351448 	
54.589375 	58.008621 	43.324360 	14.560220 	14.317822 	31.240999 	36.069378 	18.867962 	47.801674 	999.000000 	79.025314 	35.341194 	43.416588 	12.000000 	15.000000 	8.062258 	8.246211 	28.284271 	23.706539 	45.276924 	22.360680 	24.738634 	26.248810 	70.007141 	88.204308 	71.168816 	79.202271 	30.000000 	85.883644 	73.375748 	37.443291 	33.837849 	76.537575 	95.189285 	45.694637 	38.600517 	76.157730 	105.209312 	49.193497 	46.097721 	53.851646 	42.047592 	42.426407 	44.418465 	98.234413 	53.413483 	49.365982 	88.842560 	97.406364 	65.520988 	107.782188 	
70.178345 	50.159744 	40.816662 	71.505241 	70.767227 	47.801674 	43.266617 	61.587337 	34.785053 	79.025314 	999.000000 	49.979996 	42.449970 	72.201111 	93.605553 	82.377182 	84.314888 	61.684681 	78.185677 	57.140179 	99.322708 	102.083298 	104.009613 	39.395432 	28.653097 	42.047592 	37.013512 	104.235313 	34.828148 	45.177429 	84.929382 	94.868332 	45.793011 	34.176014 	80.305664 	115.762688 	50.606323 	36.000000 	84.148682 	93.059120 	82.006096 	114.127121 	112.538879 	103.324730 	48.877399 	95.257545 	123.878975 	58.137768 	52.430908 	81.215759 	48.764740 	
31.827662 	54.203320 	31.622776 	36.013885 	35.014282 	15.000000 	13.038404 	16.763054 	15.231546 	35.341194 	49.979996 	999.000000 	8.485281 	25.000000 	50.119858 	35.608986 	37.802116 	11.704700 	28.231188 	16.401220 	51.623638 	54.451813 	56.568542 	34.785053 	53.413483 	36.138622 	43.863426 	55.217751 	50.606323 	38.639359 	36.013885 	44.922153 	41.773197 	60.216278 	34.481880 	67.475922 	42.107006 	70.837845 	38.897301 	45.099888 	39.357338 	64.412735 	62.649822 	53.758720 	62.968246 	49.030602 	74.431175 	55.081757 	62.361847 	45.276924 	72.470680 	
33.120991 	53.758720 	31.240999 	42.579338 	41.593269 	18.248287 	13.928389 	24.596748 	8.000000 	43.416588 	42.449970 	8.485281 	999.000000 	33.421551 	58.309521 	44.045429 	46.227695 	19.723083 	36.235340 	17.464249 	60.108234 	62.936478 	65.053825 	27.459061 	45.000000 	29.154760 	36.055511 	63.600315 	42.485291 	32.015621 	42.579338 	52.554733 	35.057095 	51.865211 	39.204590 	75.927597 	36.124783 	62.369865 	43.416588 	51.088158 	42.720020 	72.560318 	70.661163 	60.876926 	55.362442 	54.147945 	82.680107 	49.091751 	55.108982 	46.324940 	64.404968 	
42.755116 	59.439045 	41.048752 	21.260292 	20.518284 	25.298222 	29.068884 	10.770329 	38.948685 	12.000000 	72.201111 	25.000000 	33.421551 	999.000000 	25.632011 	10.630146 	12.806249 	16.492422 	14.212670 	33.376640 	27.202942 	30.000000 	32.015621 	59.033890 	78.409180 	60.008331 	68.476273 	32.310989 	75.471848 	62.032249 	28.319605 	28.861740 	65.192024 	85.211502 	34.985710 	43.566040 	64.560051 	95.775780 	38.832977 	37.802116 	42.941822 	43.174065 	42.426407 	39.560081 	87.235313 	44.598206 	52.201534 	77.129761 	86.162636 	54.083271 	97.247108 	
66.007576 	67.896980 	56.356010 	24.351591 	24.698177 	45.967381 	50.931328 	33.837849 	62.801273 	15.000000 	93.605553 	50.119858 	58.309521 	25.632011 	999.000000 	16.124516 	14.035668 	42.059483 	33.060551 	58.694122 	15.264338 	16.155495 	16.492422 	84.581322 	103.174606 	85.615417 	93.914856 	24.186773 	100.722389 	87.664131 	44.643028 	36.359318 	90.824005 	110.136276 	54.744862 	28.017851 	90.138779 	120.208153 	57.489128 	51.478149 	62.968246 	35.846897 	37.589893 	45.453274 	112.805145 	59.093147 	40.447498 	102.615791 	111.789978 	75.538071 	122.588745 	
50.009998 	65.192024 	49.030602 	22.472204 	22.135944 	34.885529 	39.115215 	20.808653 	49.517673 	8.062258 	82.377182 	35.608986 	44.045429 	10.630146 	16.124516 	999.000000 	2.236068 	26.400757 	17.464249 	42.720020 	17.000000 	19.723083 	21.633308 	69.354164 	89.022469 	70.213959 	78.892334 	23.345236 	85.982559 	72.090218 	30.413813 	25.806976 	75.239616 	95.801880 	39.560081 	33.541019 	74.330345 	106.404884 	42.720020 	38.600517 	47.801674 	35.057095 	35.057095 	36.359318 	97.493591 	46.043457 	43.174065 	86.683334 	96.254868 	60.016663 	107.703293 	
52.000000 	66.068146 	50.447994 	22.803509 	22.561028 	36.715118 	41.048752 	22.803509 	51.623638 	8.246211 	84.314888 	37.802116 	46.227695 	12.806249 	14.035668 	2.236068 	999.000000 	28.635643 	19.235384 	44.922153 	15.231546 	17.888544 	19.723083 	71.589104 	91.214035 	72.449982 	81.123360 	22.090721 	88.204308 	74.323616 	31.780497 	26.248810 	77.472572 	98.005104 	41.231056 	31.780497 	76.550636 	108.577164 	44.271889 	39.661064 	49.477268 	34.000000 	34.234486 	36.619667 	99.729637 	47.169907 	41.773197 	88.887573 	98.488579 	61.814240 	109.931801 	
28.635643 	61.294373 	39.560081 	33.526108 	32.572994 	21.540659 	22.203604 	13.416408 	26.925823 	28.284271 	61.684681 	11.704700 	19.723083 	16.492422 	42.059483 	26.400757 	28.635643 	999.000000 	16.552946 	17.029387 	41.231056 	44.045429 	46.227695 	43.046486 	63.655323 	43.829212 	52.697250 	44.045429 	60.000000 	45.694637 	25.179358 	33.241539 	48.846699 	70.178345 	26.076809 	56.586216 	48.083260 	81.320351 	30.528675 	34.713108 	32.557640 	52.839378 	50.990196 	42.296574 	71.119621 	39.560081 	62.968246 	60.638271 	69.856995 	41.340054 	81.541397 	
33.136082 	72.422371 	52.469040 	35.355339 	34.655445 	35.014282 	37.215588 	21.587032 	43.462627 	23.706539 	78.185677 	28.231188 	36.235340 	14.212670 	33.060551 	17.464249 	19.235384 	16.552946 	999.000000 	28.844410 	27.313000 	29.966648 	32.202484 	57.489128 	79.309517 	57.801384 	67.357254 	28.319605 	75.006668 	59.076221 	14.142136 	17.117243 	62.128899 	85.562843 	22.135944 	41.231056 	60.415230 	97.082436 	25.495098 	23.600847 	30.364452 	36.359318 	34.438351 	27.073973 	84.876381 	30.413813 	46.615448 	72.090218 	83.006027 	42.579338 	96.046867 	
15.811388 	70.178345 	47.507893 	49.819675 	48.836460 	31.400637 	29.000000 	29.427877 	25.000000 	45.276924 	57.140179 	16.401220 	17.464249 	33.376640 	58.694122 	42.720020 	44.922153 	17.029387 	28.844410 	999.000000 	55.946404 	58.668560 	60.901562 	29.000000 	51.865211 	29.068884 	38.897301 	57.008770 	46.754681 	30.232433 	29.529646 	42.011902 	33.286633 	57.628117 	23.194826 	70.000000 	31.780497 	69.634758 	27.018513 	36.400551 	25.495098 	63.702435 	61.073727 	48.301140 	56.035702 	38.118237 	74.276512 	43.965897 	54.203320 	29.206163 	67.357254 	
59.665737 	80.056229 	65.520988 	36.000000 	36.013885 	51.884487 	56.080299 	37.735924 	66.068146 	22.360680 	99.322708 	51.623638 	60.108234 	27.202942 	15.264338 	17.000000 	15.231546 	41.231056 	27.313000 	55.946404 	999.000000 	2.828427 	5.000000 	84.053551 	104.804581 	84.599052 	93.813644 	8.944272 	101.212646 	86.092972 	35.014282 	23.769728 	89.185204 	111.395691 	46.173584 	16.552946 	87.658424 	122.380554 	48.000000 	39.812057 	54.037025 	20.880613 	22.360680 	31.384710 	111.830231 	47.296936 	27.073973 	99.403221 	110.145355 	67.119293 	122.641754 	
62.096699 	82.152298 	68.007355 	38.052597 	38.118237 	54.589375 	58.830265 	40.496914 	68.883957 	24.738634 	102.083298 	54.451813 	62.936478 	30.000000 	16.155495 	19.723083 	17.888544 	44.045429 	29.966648 	58.668560 	2.828427 	999.000000 	2.236068 	86.838928 	107.628990 	87.367043 	96.607452 	8.485281 	104.019226 	88.836929 	37.121422 	25.317978 	91.923882 	114.214706 	48.373547 	13.928389 	90.354858 	125.207825 	50.039986 	41.436699 	56.142673 	19.697716 	21.633308 	32.202484 	114.586212 	48.836460 	25.000000 	102.044106 	112.871605 	69.260376 	125.431259 	
64.288414 	83.294655 	69.570107 	39.204590 	39.319206 	56.435802 	60.745369 	42.438190 	70.936592 	26.248810 	104.009613 	56.568542 	65.053825 	32.015621 	16.492422 	21.633308 	19.723083 	46.227695 	32.202484 	60.901562 	5.000000 	2.236068 	999.000000 	89.050545 	109.786156 	89.587944 	98.812958 	9.433981 	106.212051 	91.065910 	39.204590 	27.166155 	94.154129 	116.387283 	50.487621 	12.369317 	92.590500 	127.349915 	52.086468 	43.289722 	58.215118 	19.723083 	22.022715 	33.615471 	116.811813 	50.635956 	24.083189 	104.278473 	115.104301 	71.344238 	127.640121 	
35.735138 	73.348480 	53.160137 	70.035706 	69.050705 	45.044422 	40.000000 	51.546097 	27.166155 	70.007141 	39.395432 	34.785053 	27.459061 	59.033890 	84.581322 	69.354164 	71.589104 	43.046486 	57.489128 	29.000000 	84.053551 	86.838928 	89.050545 	999.000000 	23.769728 	2.828427 	9.899495 	85.796272 	17.804493 	6.403124 	58.008621 	70.936592 	8.544003 	28.844410 	49.648766 	98.716766 	12.041595 	41.182522 	52.392746 	63.529522 	48.383881 	92.698433 	90.027771 	76.550636 	28.231188 	63.324562 	103.276329 	23.409399 	27.658634 	44.045429 	38.600517 	
59.464275 	75.663727 	60.406952 	85.088188 	84.172440 	59.093147 	53.712196 	69.339745 	40.706264 	88.204308 	28.653097 	53.413483 	45.000000 	78.409180 	103.174606 	89.022469 	91.214035 	63.655323 	79.309517 	51.865211 	104.804581 	107.628990 	109.786156 	23.769728 	999.000000 	25.000000 	15.132746 	107.517441 	8.246211 	26.305893 	81.301903 	93.813644 	25.019993 	7.280110 	73.348480 	120.208153 	30.000000 	17.804493 	76.157730 	87.206650 	72.111023 	115.256233 	112.800713 	99.985001 	20.248457 	87.091904 	125.733849 	32.695564 	24.083189 	66.910385 	22.022715 	
34.539833 	76.026314 	55.659679 	71.700768 	70.710678 	47.000000 	42.047592 	52.886673 	29.427877 	71.168816 	42.047592 	36.138622 	29.154760 	60.008331 	85.615417 	70.213959 	72.449982 	43.829212 	57.801384 	29.068884 	84.599052 	87.367043 	89.587944 	2.828427 	25.000000 	999.000000 	10.295630 	86.052307 	18.357559 	3.605551 	57.628117 	70.767227 	6.082763 	29.529646 	48.877399 	99.020203 	9.219544 	42.047592 	51.429562 	62.769421 	47.169907 	92.633690 	89.872131 	76.026314 	27.294687 	62.241467 	103.237587 	20.880613 	26.248810 	42.190044 	38.288380 	
44.777225 	77.162170 	58.549126 	78.339005 	77.369247 	52.773098 	47.518417 	60.539242 	34.234486 	79.202271 	37.013512 	43.863426 	36.055511 	68.476273 	93.914856 	78.892334 	81.123360 	52.697250 	67.357254 	38.897301 	93.813644 	96.607452 	98.812958 	9.899495 	15.132746 	10.295630 	999.000000 	95.671310 	8.062258 	11.180340 	67.801178 	80.808418 	10.049875 	19.235384 	59.169250 	108.577164 	15.132746 	31.780497 	61.717098 	73.061615 	57.384666 	102.591423 	99.904953 	86.267029 	19.416489 	72.498276 	113.172432 	21.213203 	20.024984 	51.788029 	28.844410 	
58.309521 	88.005684 	72.367119 	44.181442 	44.102154 	57.584721 	61.326992 	43.081318 	70.178345 	30.000000 	104.235313 	55.217751 	63.600315 	32.310989 	24.186773 	23.345236 	22.090721 	44.045429 	28.319605 	57.008770 	8.944272 	8.485281 	9.433981 	85.796272 	107.517441 	86.052307 	95.671310 	999.000000 	103.324730 	87.200920 	32.280025 	19.104973 	90.210861 	113.846390 	43.680660 	13.038404 	88.204308 	125.255737 	44.721359 	35.000000 	50.990196 	12.165525 	13.416408 	24.351591 	113.004425 	42.107006 	19.924858 	99.362968 	110.941429 	64.132675 	124.326187 	
52.801514 	79.075912 	62.008064 	84.118965 	83.168503 	58.240879 	52.886673 	67.082039 	39.560081 	85.883644 	34.828148 	50.606323 	42.485291 	75.471848 	100.722389 	85.982559 	88.204308 	60.000000 	75.006668 	46.754681 	101.212646 	104.019226 	106.212051 	17.804493 	8.246211 	18.357559 	8.062258 	103.324730 	999.000000 	18.973665 	75.802376 	88.729927 	17.262676 	11.180340 	67.230942 	116.180893 	22.090721 	23.769728 	69.771057 	81.123360 	65.391129 	110.453613 	107.814659 	94.302704 	15.297058 	80.529495 	121.016525 	24.596748 	17.888544 	59.439045 	21.931713 	
34.000000 	79.605278 	59.135437 	74.431175 	73.437050 	50.039986 	45.177429 	55.317268 	32.756680 	73.375748 	45.177429 	38.639359 	32.015621 	62.032249 	87.664131 	72.090218 	74.323616 	45.694637 	59.076221 	30.232433 	86.092972 	88.836929 	91.065910 	6.403124 	26.305893 	3.605551 	11.180340 	87.200920 	18.973665 	999.000000 	58.051701 	71.421288 	3.162278 	30.083218 	48.826221 	100.209778 	5.656854 	42.720020 	51.107731 	62.681736 	46.518814 	93.380943 	90.509666 	76.216797 	25.806976 	61.717098 	104.004807 	17.464249 	24.166092 	40.607880 	37.483330 	
26.419689 	85.234970 	64.288414 	49.497475 	48.795490 	46.324940 	47.381432 	34.438351 	50.487621 	37.443291 	84.929382 	36.013885 	42.579338 	28.319605 	44.643028 	30.413813 	31.780497 	25.179358 	14.142136 	29.529646 	35.014282 	37.121422 	39.204590 	58.008621 	81.301903 	57.628117 	67.801178 	32.280025 	75.802376 	58.051701 	999.000000 	13.892444 	60.827625 	86.838928 	11.401754 	44.944408 	58.051701 	99.020203 	13.038404 	9.848858 	19.026299 	35.805027 	32.649654 	18.788294 	83.450584 	16.278820 	46.400433 	68.242218 	80.808418 	32.140316 	95.524864 	
40.311287 	88.294960 	69.180923 	47.885281 	47.413078 	52.009613 	54.332310 	38.118237 	60.083275 	33.837849 	94.868332 	44.922153 	52.554733 	28.861740 	36.359318 	25.806976 	26.248810 	33.241539 	17.117243 	42.011902 	23.769728 	25.317978 	27.166155 	70.936592 	93.813644 	70.767227 	80.808418 	19.104973 	88.729927 	71.421288 	13.892444 	999.000000 	74.276512 	99.639351 	25.079872 	31.320919 	71.700768 	111.606453 	25.709921 	16.124516 	32.015621 	22.022715 	19.104973 	10.770329 	97.000000 	23.537205 	32.649654 	82.097504 	94.493385 	45.122055 	108.894447 	
36.359318 	81.859634 	61.684681 	77.524193 	76.531036 	53.009434 	48.093658 	58.463665 	35.510563 	76.537575 	45.793011 	41.773197 	35.057095 	65.192024 	90.824005 	75.239616 	77.472572 	48.846699 	62.128899 	33.286633 	89.185204 	91.923882 	94.154129 	8.544003 	25.019993 	6.082763 	10.049875 	90.210861 	17.262676 	3.162278 	60.827625 	74.276512 	999.000000 	28.160255 	51.400391 	103.227905 	5.099020 	40.804413 	53.535034 	65.215027 	48.764740 	96.260063 	93.348808 	78.873314 	22.803509 	64.007812 	106.887794 	14.866069 	21.023796 	42.201897 	34.713108 	
63.976559 	82.389320 	67.601776 	92.309265 	91.389275 	66.309875 	60.926186 	76.321686 	47.853943 	95.189285 	34.176014 	60.216278 	51.865211 	85.211502 	110.136276 	95.801880 	98.005104 	70.178345 	85.562843 	57.628117 	111.395691 	114.214706 	116.387283 	28.844410 	7.280110 	29.529646 	19.235384 	113.846390 	11.180340 	30.083218 	86.838928 	99.639351 	28.160255 	999.000000 	78.390053 	126.621483 	32.756680 	12.649111 	80.950600 	92.282173 	76.557167 	121.264175 	118.697090 	105.394501 	16.401220 	91.706055 	131.795303 	32.557640 	21.095022 	70.342018 	15.033297 	
15.620500 	87.321243 	65.306969 	56.035702 	55.217751 	47.413078 	47.169907 	38.209946 	47.169907 	45.694637 	80.305664 	34.481880 	39.204590 	34.985710 	54.744862 	39.560081 	41.231056 	26.076809 	22.135944 	23.194826 	46.173584 	48.373547 	50.487621 	49.648766 	73.348480 	48.877399 	59.169250 	43.680660 	67.230942 	48.826221 	11.401754 	25.079872 	51.400391 	78.390053 	999.000000 	56.302753 	48.166378 	90.824005 	4.472136 	13.892444 	8.246211 	46.647614 	43.266617 	27.586229 	73.661385 	15.000000 	57.140179 	57.628117 	70.710678 	21.000000 	86.052307 	
71.175842 	95.524864 	81.908485 	51.478149 	51.623638 	68.425140 	72.560318 	54.203320 	82.200974 	38.600517 	115.762688 	67.475922 	75.927597 	43.566040 	28.017851 	33.541019 	31.780497 	56.586216 	41.231056 	70.000000 	16.552946 	13.928389 	12.369317 	98.716766 	120.208153 	99.020203 	108.577164 	13.038404 	116.180893 	100.209778 	44.944408 	31.320919 	103.227905 	126.621483 	56.302753 	999.000000 	101.242287 	137.902145 	57.008770 	46.529560 	63.324562 	13.928389 	17.720045 	34.014702 	126.015869 	53.150730 	13.000000 	112.378822 	123.975807 	76.400261 	137.277100 	
32.802441 	85.000000 	64.257294 	78.102493 	77.103828 	54.332310 	49.648766 	58.549126 	37.643059 	76.157730 	50.606323 	42.107006 	36.124783 	64.560051 	90.138779 	74.330345 	76.550636 	48.083260 	60.415230 	31.780497 	87.658424 	90.354858 	92.590500 	12.041595 	30.000000 	9.219544 	15.132746 	88.204308 	22.090721 	5.656854 	58.051701 	71.700768 	5.099020 	32.756680 	48.166378 	101.242287 	999.000000 	45.354160 	50.000000 	61.846584 	44.944408 	93.723000 	90.686272 	75.742989 	25.495098 	60.207973 	104.350372 	13.000000 	22.803509 	37.643059 	38.013157 	
76.557167 	86.092972 	74.040527 	101.118744 	100.239716 	75.292763 	69.971420 	86.400230 	57.428215 	105.209312 	36.000000 	70.837845 	62.369865 	95.775780 	120.208153 	106.404884 	108.577164 	81.320351 	97.082436 	69.634758 	122.380554 	125.207825 	127.349915 	41.182522 	17.804493 	42.047592 	31.780497 	125.255737 	23.769728 	42.720020 	99.020203 	111.606453 	40.804413 	12.649111 	90.824005 	137.902145 	45.354160 	999.000000 	93.471924 	104.709122 	89.157166 	133.060135 	130.602448 	117.660530 	25.709921 	104.278473 	143.533966 	44.045429 	30.805843 	82.969872 	17.029387 	
17.204651 	91.787796 	69.778221 	60.000000 	59.203041 	51.884487 	51.623638 	42.520584 	51.351727 	49.193497 	84.148682 	38.897301 	43.416588 	38.832977 	57.489128 	42.720020 	44.271889 	30.528675 	25.495098 	27.018513 	48.000000 	50.039986 	52.086468 	52.392746 	76.157730 	51.429562 	61.717098 	44.721359 	69.771057 	51.107731 	13.038404 	25.709921 	53.535034 	80.950600 	4.472136 	57.008770 	50.000000 	93.471924 	999.000000 	12.041595 	6.324555 	46.518814 	42.941822 	26.400757 	75.432091 	11.180340 	56.824291 	58.728188 	72.249565 	19.416489 	88.005684 	
29.068884 	95.078911 	74.040527 	58.796257 	58.137768 	56.044624 	56.885849 	44.283180 	59.076221 	46.097721 	93.059120 	45.099888 	51.088158 	37.802116 	51.478149 	38.600517 	39.661064 	34.713108 	23.600847 	36.400551 	39.812057 	41.436699 	43.289722 	63.529522 	87.206650 	62.769421 	73.061615 	35.000000 	81.123360 	62.681736 	9.848858 	16.124516 	65.215027 	92.282173 	13.892444 	46.529560 	61.846584 	104.709122 	12.041595 	999.000000 	18.027756 	35.114101 	31.384710 	14.422205 	87.321243 	7.615773 	45.188496 	70.767227 	84.219948 	30.463093 	99.809822 	
12.649111 	93.193344 	70.830788 	63.812225 	62.968246 	53.254108 	52.354561 	45.343136 	50.447994 	53.851646 	82.006096 	39.357338 	42.720020 	42.941822 	62.968246 	47.801674 	49.477268 	32.557640 	30.364452 	25.495098 	54.037025 	56.142673 	58.215118 	48.383881 	72.111023 	47.169907 	57.384666 	50.990196 	65.391129 	46.518814 	19.026299 	32.015621 	48.764740 	76.557167 	8.246211 	63.324562 	44.944408 	89.157166 	6.324555 	18.027756 	999.000000 	52.801514 	49.193497 	32.449963 	70.213959 	15.264338 	63.063461 	53.037724 	66.843102 	13.152946 	82.927681 	
62.128899 	100.044991 	83.862984 	56.320511 	56.222771 	68.410522 	71.784401 	53.851646 	79.605278 	42.047592 	114.127121 	64.412735 	72.560318 	43.174065 	35.846897 	35.057095 	34.000000 	52.839378 	36.359318 	63.702435 	20.880613 	19.697716 	19.723083 	92.698433 	115.256233 	92.633690 	102.591423 	12.165525 	110.453613 	93.380943 	35.805027 	22.022715 	96.260063 	121.264175 	46.647614 	13.928389 	93.723000 	133.060135 	46.518814 	35.114101 	52.801514 	999.000000 	4.000000 	21.377558 	119.004204 	41.000000 	10.630146 	104.043259 	116.516090 	65.551506 	130.831955 	
58.821766 	100.244698 	83.384651 	56.885849 	56.718605 	67.468513 	70.604530 	52.952808 	77.878113 	42.426407 	112.538879 	62.649822 	70.661163 	42.426407 	37.589893 	35.057095 	34.234486 	50.990196 	34.438351 	61.073727 	22.360680 	21.633308 	22.022715 	90.027771 	112.800713 	89.872131 	99.904953 	13.416408 	107.814659 	90.509666 	32.649654 	19.104973 	93.348808 	118.697090 	43.266617 	17.720045 	90.686272 	130.602448 	42.941822 	31.384710 	49.193497 	4.000000 	999.000000 	17.464249 	116.043098 	37.107952 	13.892444 	100.801788 	113.454834 	61.846584 	127.988281 	
43.139309 	98.954536 	79.511009 	58.591808 	58.137768 	62.072536 	64.031242 	48.507732 	68.658577 	44.418465 	103.324730 	53.758720 	60.876926 	39.560081 	45.453274 	36.359318 	36.619667 	42.296574 	27.073973 	48.301140 	31.384710 	32.202484 	33.615471 	76.550636 	99.985001 	76.026314 	86.267029 	24.351591 	94.302704 	76.216797 	18.788294 	10.770329 	78.873314 	105.394501 	27.586229 	34.014702 	75.742989 	117.660530 	26.400757 	14.422205 	32.449963 	21.377558 	17.464249 	999.000000 	101.237343 	19.646883 	31.016125 	85.041168 	98.290382 	44.721359 	113.569359 	
58.258045 	94.366310 	77.103828 	97.744568 	96.772926 	72.180328 	66.910385 	79.711983 	53.600372 	98.234413 	48.877399 	62.968246 	55.362442 	87.235313 	112.805145 	97.493591 	99.729637 	71.119621 	84.876381 	56.035702 	111.830231 	114.586212 	116.811813 	28.231188 	20.248457 	27.294687 	19.416489 	113.004425 	15.297058 	25.806976 	83.450584 	97.000000 	22.803509 	16.401220 	73.661385 	126.015869 	25.495098 	25.709921 	75.432091 	87.321243 	70.213959 	119.004204 	116.043098 	101.237343 	999.000000 	85.445892 	129.634094 	19.416489 	5.099020 	61.717098 	13.000000 	
27.730848 	100.647903 	79.120163 	65.764732 	65.069191 	61.098282 	61.400326 	50.249378 	62.128899 	53.413483 	95.257545 	49.030602 	54.147945 	44.598206 	59.093147 	46.043457 	47.169907 	39.560081 	30.413813 	38.118237 	47.296936 	48.836460 	50.635956 	63.324562 	87.091904 	62.241467 	72.498276 	42.107006 	80.529495 	61.717098 	16.278820 	23.537205 	64.007812 	91.706055 	15.000000 	53.150730 	60.207973 	104.278473 	11.180340 	7.615773 	15.264338 	41.000000 	37.107952 	19.646883 	85.445892 	999.000000 	50.596443 	68.014702 	82.006096 	25.806976 	98.183502 	
72.670486 	107.116760 	92.195442 	63.031738 	63.071388 	77.491936 	81.154175 	62.968246 	89.554451 	49.365982 	123.878975 	74.431175 	82.680107 	52.201534 	40.447498 	43.174065 	41.773197 	62.968246 	46.615448 	74.276512 	27.073973 	25.000000 	24.083189 	103.276329 	125.733849 	103.237587 	113.172432 	19.924858 	121.016525 	104.004807 	46.400433 	32.649654 	106.887794 	131.795303 	57.140179 	13.000000 	104.350372 	143.533966 	56.824291 	45.188496 	63.063461 	10.630146 	13.892444 	31.016125 	129.634094 	50.596443 	999.000000 	114.621117 	127.141655 	75.643906 	141.449631 	
42.011902 	96.664368 	76.537575 	91.087868 	90.088844 	67.268120 	62.514000 	71.449280 	50.219517 	88.842560 	58.137768 	55.081757 	49.091751 	77.129761 	102.615791 	86.683334 	88.887573 	60.638271 	72.090218 	43.965897 	99.403221 	102.044106 	104.278473 	23.409399 	32.695564 	20.880613 	21.213203 	99.362968 	24.596748 	17.464249 	68.242218 	82.097504 	14.866069 	32.557640 	57.628117 	112.378822 	13.000000 	44.045429 	58.728188 	70.767227 	53.037724 	104.043259 	100.801788 	85.041168 	19.416489 	68.014702 	114.621117 	999.000000 	14.866069 	43.266617 	32.280025 	
55.172459 	96.566040 	78.517517 	97.672920 	96.690224 	72.443085 	67.268120 	79.120163 	54.083271 	97.406364 	52.430908 	62.361847 	55.108982 	86.162636 	111.789978 	96.254868 	98.488579 	69.856995 	83.006027 	54.203320 	110.145355 	112.871605 	115.104301 	27.658634 	24.083189 	26.248810 	20.024984 	110.941429 	17.888544 	24.166092 	80.808418 	94.493385 	21.023796 	21.095022 	70.710678 	123.975807 	22.803509 	30.805843 	72.249565 	84.219948 	66.843102 	116.516090 	113.454834 	98.290382 	5.099020 	82.006096 	127.141655 	14.866069 	999.000000 	57.801384 	17.464249 	
13.453624 	99.357941 	76.694199 	74.249580 	73.348480 	60.108234 	58.137768 	54.708317 	53.235325 	65.520988 	81.215759 	45.276924 	46.324940 	54.083271 	75.538071 	60.016663 	61.814240 	41.340054 	42.579338 	29.206163 	67.119293 	69.260376 	71.344238 	44.045429 	66.910385 	42.190044 	51.788029 	64.132675 	59.439045 	40.607880 	32.140316 	45.122055 	42.201897 	70.342018 	21.000000 	76.400261 	37.643059 	82.969872 	19.416489 	30.463093 	13.152946 	65.551506 	61.846584 	44.721359 	61.717098 	25.806976 	75.643906 	43.266617 	57.801384 	999.000000 	74.686012 	
70.802544 	97.416634 	82.389320 	105.948097 	105.004761 	80.006248 	74.632431 	89.000000 	61.351448 	107.782188 	48.764740 	72.470680 	64.404968 	97.247108 	122.588745 	107.703293 	109.931801 	81.541397 	96.046867 	67.357254 	122.641754 	125.431259 	127.640121 	38.600517 	22.022715 	38.288380 	28.844410 	124.326187 	21.931713 	37.483330 	95.524864 	108.894447 	34.713108 	15.033297 	86.052307 	137.277100 	38.013157 	17.029387 	88.005684 	99.809822 	82.927681 	130.831955 	127.988281 	113.569359 	13.000000 	98.183502 	141.449631 	32.280025 	17.464249 	74.686012 	999.000000 	

Travel time:
0.000000 	2.147819 	1.581336 	1.550806 	1.527457 	1.167262 	1.117195 	1.051190 	1.007782 	1.364734 	1.754459 	0.795692 	0.828025 	1.068878 	1.650189 	1.250250 	1.300000 	0.715891 	0.828402 	0.395285 	1.491643 	1.552418 	1.607210 	0.893378 	1.486607 	0.863496 	1.119431 	1.457738 	1.320038 	0.850000 	0.660492 	1.007782 	0.908983 	1.599414 	0.390512 	1.779396 	0.820061 	1.913929 	0.430116 	0.726722 	0.316228 	1.553222 	1.470544 	1.078483 	1.456451 	0.693271 	1.816762 	1.050297 	1.379311 	0.336341 	1.770064 	
0.000000 	9.000000 	0.566789 	1.102554 	1.101136 	0.999062 	1.030776 	1.273038 	1.215010 	1.450216 	1.253994 	1.355083 	1.343968 	1.485976 	1.697425 	1.629801 	1.651704 	1.532359 	1.810559 	1.754459 	2.001406 	2.053807 	2.082366 	1.833712 	1.891593 	1.900658 	1.929054 	2.200142 	1.976898 	1.990132 	2.130874 	2.207374 	2.046491 	2.059733 	2.183031 	2.388122 	2.125000 	2.152324 	2.294695 	2.376973 	2.329834 	2.501125 	2.506117 	2.473863 	2.359158 	2.516198 	2.677919 	2.416609 	2.414151 	2.483948 	2.435416 	
0.000000 	0.566789 	9.000000 	0.811249 	0.797653 	0.450694 	0.465027 	0.776611 	0.670820 	1.083109 	1.020416 	0.790569 	0.781025 	1.026219 	1.408900 	1.225765 	1.261200 	0.989002 	1.311726 	1.187697 	1.638025 	1.700184 	1.739253 	1.329003 	1.510174 	1.391492 	1.463728 	1.809178 	1.550202 	1.478386 	1.607210 	1.729523 	1.542117 	1.690044 	1.632674 	2.047712 	1.606432 	1.851013 	1.744456 	1.851013 	1.770770 	2.096575 	2.084616 	1.987775 	1.927596 	1.978004 	2.304886 	1.913439 	1.962938 	1.917355 	2.059733 	
0.000000 	1.102554 	0.811249 	9.000000 	0.025000 	0.650000 	0.784618 	0.509902 	1.114955 	0.364006 	1.787631 	0.900347 	1.064483 	0.531507 	0.608790 	0.561805 	0.570088 	0.838153 	0.883883 	1.245492 	0.900000 	0.951315 	0.980115 	1.750893 	2.127205 	1.792519 	1.958475 	1.104536 	2.102974 	1.860779 	1.237437 	1.197132 	1.938105 	2.307732 	1.400892 	1.286954 	1.952562 	2.527969 	1.500000 	1.469906 	1.595306 	1.408013 	1.422146 	1.464795 	2.443614 	1.644118 	1.575794 	2.277197 	2.441823 	1.856240 	2.648702 	
0.000000 	1.101136 	0.797653 	0.025000 	9.000000 	0.626997 	0.761577 	0.485412 	1.091444 	0.357946 	1.769181 	0.875357 	1.039832 	0.512957 	0.617454 	0.553399 	0.564026 	0.814325 	0.866386 	1.220912 	0.900347 	0.952956 	0.982980 	1.726268 	2.104311 	1.767767 	1.934231 	1.102554 	2.079213 	1.835926 	1.219887 	1.185327 	1.913276 	2.284732 	1.380444 	1.290591 	1.927596 	2.505993 	1.480076 	1.453444 	1.574206 	1.405569 	1.417965 	1.453444 	2.419323 	1.626730 	1.576785 	2.252221 	2.417256 	1.833712 	2.625119 	
0.000000 	0.999062 	0.450694 	0.650000 	0.626997 	9.000000 	0.134629 	0.364006 	0.467039 	0.781025 	1.195042 	0.375000 	0.456207 	0.632456 	1.149184 	0.872138 	0.917878 	0.538516 	0.875357 	0.785016 	1.297112 	1.364734 	1.410895 	1.126111 	1.477329 	1.175000 	1.319327 	1.439618 	1.456022 	1.251000 	1.158123 	1.300240 	1.325236 	1.657747 	1.185327 	1.710629 	1.358308 	1.882319 	1.297112 	1.401116 	1.331353 	1.710263 	1.686713 	1.551813 	1.804508 	1.527457 	1.937298 	1.681703 	1.811077 	1.502706 	2.000156 	
0.000000 	1.030776 	0.465027 	0.784618 	0.761577 	0.134629 	9.000000 	0.458939 	0.333542 	0.901734 	1.081665 	0.325960 	0.348210 	0.726722 	1.273283 	0.977880 	1.026219 	0.555090 	0.930390 	0.725000 	1.402007 	1.470757 	1.518634 	1.000000 	1.342805 	1.051190 	1.187960 	1.533175 	1.322167 	1.129436 	1.184536 	1.358308 	1.202341 	1.523155 	1.179248 	1.814008 	1.241219 	1.749285 	1.290591 	1.422146 	1.308864 	1.794610 	1.765113 	1.600781 	1.672760 	1.535008 	2.028854 	1.562850 	1.681703 	1.453444 	1.865811 	
0.000000 	1.273038 	0.776611 	0.509902 	0.485412 	0.364006 	0.458939 	9.000000 	0.726722 	0.471699 	1.539683 	0.419076 	0.614919 	0.269258 	0.845946 	0.520216 	0.570088 	0.335410 	0.539676 	0.735697 	0.943398 	1.012423 	1.060955 	1.288652 	1.733494 	1.322167 	1.513481 	1.077033 	1.677051 	1.382932 	0.860959 	0.952956 	1.461592 	1.908042 	0.955249 	1.355083 	1.463728 	2.160006 	1.063015 	1.107080 	1.133578 	1.346291 	1.323820 	1.212693 	1.992800 	1.256234 	1.574206 	1.786232 	1.978004 	1.367708 	2.225000 	
0.000000 	1.215010 	0.670820 	1.114955 	1.091444 	0.467039 	0.333542 	0.726722 	9.000000 	1.195042 	0.869626 	0.380789 	0.200000 	0.973717 	1.570032 	1.237942 	1.290591 	0.673146 	1.086566 	0.625000 	1.651704 	1.722099 	1.773415 	0.679154 	1.017657 	0.735697 	0.855862 	1.754459 	0.989002 	0.818917 	1.262191 	1.502082 	0.887764 	1.196349 	1.179248 	2.055024 	0.941076 	1.435705 	1.283793 	1.476906 	1.261200 	1.990132 	1.946953 	1.716464 	1.340009 	1.553222 	2.238861 	1.255488 	1.352082 	1.330883 	1.533786 	
0.000000 	1.450216 	1.083109 	0.364006 	0.357946 	0.781025 	0.901734 	0.471699 	1.195042 	9.000000 	1.975633 	0.883530 	1.085415 	0.300000 	0.375000 	0.201556 	0.206155 	0.707107 	0.592663 	1.131923 	0.559017 	0.618466 	0.656220 	1.750179 	2.205108 	1.779220 	1.980057 	0.750000 	2.147091 	1.834394 	0.936082 	0.845946 	1.913439 	2.379732 	1.142366 	0.965013 	1.903943 	2.630233 	1.229837 	1.152443 	1.346291 	1.051190 	1.060660 	1.110462 	2.455860 	1.335337 	1.234150 	2.221064 	2.435159 	1.638025 	2.694555 	
0.000000 	1.253994 	1.020416 	1.787631 	1.769181 	1.195042 	1.081665 	1.539683 	0.869626 	1.975633 	9.000000 	1.249500 	1.061249 	1.805028 	2.340139 	2.059430 	2.107872 	1.542117 	1.954642 	1.428504 	2.483068 	2.552083 	2.600240 	0.984886 	0.716327 	1.051190 	0.925338 	2.605883 	0.870704 	1.129436 	2.123235 	2.371708 	1.144825 	0.854400 	2.007642 	2.894067 	1.265158 	0.900000 	2.103717 	2.326478 	2.050152 	2.853178 	2.813472 	2.583118 	1.221935 	2.381439 	3.096974 	1.453444 	1.310773 	2.030394 	1.219118 	
0.000000 	1.355083 	0.790569 	0.900347 	0.875357 	0.375000 	0.325960 	0.419076 	0.380789 	0.883530 	1.249500 	9.000000 	0.212132 	0.625000 	1.252996 	0.890225 	0.945053 	0.292617 	0.705780 	0.410031 	1.290591 	1.361295 	1.414214 	0.869626 	1.335337 	0.903466 	1.096586 	1.380444 	1.265158 	0.965984 	0.900347 	1.123054 	1.044330 	1.505407 	0.862047 	1.686898 	1.052675 	1.770946 	0.972432 	1.127497 	0.983933 	1.610318 	1.566246 	1.343968 	1.574206 	1.225765 	1.860779 	1.377044 	1.559046 	1.131923 	1.811767 	
0.000000 	1.343968 	0.781025 	1.064483 	1.039832 	0.456207 	0.348210 	0.614919 	0.200000 	1.085415 	1.061249 	0.212132 	9.000000 	0.835539 	1.457738 	1.101136 	1.155692 	0.493077 	0.905883 	0.436606 	1.502706 	1.573412 	1.626346 	0.686477 	1.125000 	0.728869 	0.901388 	1.590008 	1.062132 	0.800391 	1.064483 	1.313868 	0.876427 	1.296630 	0.980115 	1.898190 	0.903120 	1.559247 	1.085415 	1.277204 	1.068001 	1.814008 	1.766529 	1.521923 	1.384061 	1.353699 	2.067003 	1.227294 	1.377725 	1.158123 	1.610124 	
0.000000 	1.485976 	1.026219 	0.531507 	0.512957 	0.632456 	0.726722 	0.269258 	0.973717 	0.300000 	1.805028 	0.625000 	0.835539 	9.000000 	0.640800 	0.265754 	0.320156 	0.412311 	0.355317 	0.834416 	0.680074 	0.750000 	0.800391 	1.475847 	1.960230 	1.500208 	1.711907 	0.807775 	1.886796 	1.550806 	0.707990 	0.721543 	1.629801 	2.130288 	0.874643 	1.089151 	1.614001 	2.394394 	0.970824 	0.945053 	1.073546 	1.079352 	1.060660 	0.989002 	2.180883 	1.114955 	1.305038 	1.928244 	2.154066 	1.352082 	2.431178 	
0.000000 	1.697425 	1.408900 	0.608790 	0.617454 	1.149184 	1.273283 	0.845946 	1.570032 	0.375000 	2.340139 	1.252996 	1.457738 	0.640800 	9.000000 	0.403113 	0.350892 	1.051487 	0.826514 	1.467353 	0.381608 	0.403887 	0.412311 	2.114533 	2.579365 	2.140385 	2.347871 	0.604669 	2.518060 	2.191603 	1.116076 	0.908983 	2.270600 	2.753407 	1.368622 	0.700446 	2.253469 	3.005204 	1.437228 	1.286954 	1.574206 	0.896172 	0.939747 	1.136332 	2.820129 	1.477329 	1.011187 	2.565395 	2.794749 	1.888452 	3.064719 	
0.000000 	1.629801 	1.225765 	0.561805 	0.553399 	0.872138 	0.977880 	0.520216 	1.237942 	0.201556 	2.059430 	0.890225 	1.101136 	0.265754 	0.403113 	9.000000 	0.055902 	0.660019 	0.436606 	1.068001 	0.425000 	0.493077 	0.540833 	1.733854 	2.225562 	1.755349 	1.972308 	0.583631 	2.149564 	1.802255 	0.760345 	0.645174 	1.880990 	2.395047 	0.989002 	0.838525 	1.858259 	2.660122 	1.068001 	0.965013 	1.195042 	0.876427 	0.876427 	0.908983 	2.437340 	1.151086 	1.079352 	2.167083 	2.406372 	1.500417 	2.692582 	
0.000000 	1.651704 	1.261200 	0.570088 	0.564026 	0.917878 	1.026219 	0.570088 	1.290591 	0.206155 	2.107872 	0.945053 	1.155692 	0.320156 	0.350892 	0.055902 	9.000000 	0.715891 	0.480885 	1.123054 	0.380789 	0.447214 	0.493077 	1.789728 	2.280351 	1.811249 	2.028084 	0.552268 	2.205108 	1.858090 	0.794512 	0.656220 	1.936814 	2.450128 	1.030776 	0.794512 	1.913766 	2.714429 	1.106797 	0.991527 	1.236932 	0.850000 	0.855862 	0.915492 	2.493241 	1.179248 	1.044330 	2.222189 	2.462214 	1.545356 	2.748295 	
0.000000 	1.532359 	0.989002 	0.838153 	0.814325 	0.538516 	0.555090 	0.335410 	0.673146 	0.707107 	1.542117 	0.292617 	0.493077 	0.412311 	1.051487 	0.660019 	0.715891 	9.000000 	0.413824 	0.425735 	1.030776 	1.101136 	1.155692 	1.076162 	1.591383 	1.095730 	1.317431 	1.101136 	1.500000 	1.142366 	0.629484 	0.831038 	1.221167 	1.754459 	0.651920 	1.414655 	1.202081 	2.033009 	0.763217 	0.867828 	0.813941 	1.320984 	1.274755 	1.057414 	1.777991 	0.989002 	1.574206 	1.515957 	1.746425 	1.033501 	2.038535 	
0.000000 	1.810559 	1.311726 	0.883883 	0.866386 	0.875357 	0.930390 	0.539676 	1.086566 	0.592663 	1.954642 	0.705780 	0.905883 	0.355317 	0.826514 	0.436606 	0.480885 	0.413824 	9.000000 	0.721110 	0.682825 	0.749166 	0.805062 	1.437228 	1.982738 	1.445035 	1.683931 	0.707990 	1.875167 	1.476906 	0.353553 	0.427931 	1.553222 	2.139071 	0.553399 	1.030776 	1.510381 	2.427061 	0.637377 	0.590021 	0.759111 	0.908983 	0.860959 	0.676849 	2.121910 	0.760345 	1.165386 	1.802255 	2.075151 	1.064483 	2.401172 	
0.000000 	1.754459 	1.187697 	1.245492 	1.220912 	0.785016 	0.725000 	0.735697 	0.625000 	1.131923 	1.428504 	0.410031 	0.436606 	0.834416 	1.467353 	1.068001 	1.123054 	0.425735 	0.721110 	9.000000 	1.398660 	1.466714 	1.522539 	0.725000 	1.296630 	0.726722 	0.972432 	1.425219 	1.168867 	0.755811 	0.738241 	1.050297 	0.832166 	1.440703 	0.579871 	1.750000 	0.794512 	1.740869 	0.675463 	0.910014 	0.637377 	1.592561 	1.526843 	1.207528 	1.400892 	0.952956 	1.856913 	1.099147 	1.355083 	0.730154 	1.683931 	
0.000000 	2.001406 	1.638025 	0.900000 	0.900347 	1.297112 	1.402007 	0.943398 	1.651704 	0.559017 	2.483068 	1.290591 	1.502706 	0.680074 	0.381608 	0.425000 	0.380789 	1.030776 	0.682825 	1.398660 	9.000000 	0.070711 	0.125000 	2.101339 	2.620115 	2.114976 	2.345341 	0.223607 	2.530316 	2.152324 	0.875357 	0.594243 	2.229630 	2.784892 	1.154340 	0.413824 	2.191461 	3.059514 	1.200000 	0.995301 	1.350926 	0.522015 	0.559017 	0.784618 	2.795756 	1.182423 	0.676849 	2.485080 	2.753634 	1.677982 	3.066044 	
