Total assets = 637
Number of asset nodes = 33

Distance:
999.000000 	18.439089 	81.123360 	44.944408 	51.971146 	5.830952 	61.846584 	33.837849 	65.946945 	14.000000 	20.615528 	68.767723 	46.400433 	24.166092 	84.202141 	18.248287 	31.622776 	47.507893 	16.124516 	92.086914 	46.872166 	30.016663 	14.866069 	67.882248 	21.000000 	77.233414 	65.795135 	28.231188 	41.400482 	17.888544 	85.912750 	37.215588 	60.959003 	48.918301 	59.405388 	20.615528 	79.931221 	35.341194 	41.677334 	39.623226 	49.929951 	83.486526 	38.118237 	64.140472 	52.697250 	35.510563 	26.248810 	71.449280 	53.000000 	27.459061 	61.717098 	
18.439089 	999.000000 	98.737022 	26.832815 	34.014702 	21.023796 	80.056229 	52.201534 	84.219948 	30.463093 	38.013157 	87.045967 	64.815125 	10.770329 	102.303467 	9.848858 	16.124516 	65.215027 	16.492422 	110.000000 	65.215027 	14.035668 	19.104973 	86.278618 	37.000000 	95.524864 	84.219948 	14.317822 	23.706539 	22.360680 	104.139328 	20.615528 	42.520584 	30.805843 	77.801025 	33.241539 	98.290382 	20.024984 	25.000000 	56.302753 	32.695564 	101.911728 	54.120235 	82.377182 	35.341194 	24.351591 	32.015621 	53.037724 	35.846897 	31.016125 	79.755875 	
81.123360 	98.737022 	999.000000 	122.788437 	128.887543 	81.394104 	22.090721 	52.630791 	20.099751 	75.026665 	68.308128 	18.439089 	42.190044 	105.190300 	10.440307 	93.861603 	106.962608 	33.615471 	94.429871 	12.529964 	44.045429 	111.139549 	91.389275 	23.086792 	72.801102 	15.620500 	25.961510 	109.178749 	122.331520 	92.114059 	14.560220 	118.338501 	140.246216 	129.529922 	35.693138 	81.043198 	18.439089 	116.361504 	122.800652 	63.031738 	131.026718 	23.853722 	67.067131 	39.560081 	133.775925 	115.039124 	93.145050 	151.029800 	134.111893 	96.566040 	44.271889 	
44.944408 	26.832815 	122.788437 	999.000000 	7.280110 	47.853943 	105.418213 	78.771820 	109.713264 	57.271286 	64.845970 	112.538879 	91.263351 	28.071337 	127.287079 	29.000000 	16.124516 	89.827614 	40.792156 	134.536240 	91.809586 	23.086792 	44.147480 	112.160599 	63.694584 	121.016525 	110.258789 	27.073973 	15.811388 	46.690472 	129.417923 	20.615528 	17.888544 	14.317822 	104.292854 	59.203041 	123.987900 	24.351591 	20.808653 	83.006027 	21.095022 	127.914032 	80.653580 	109.077957 	21.931713 	33.837849 	55.145264 	28.653097 	23.259407 	53.009434 	106.550461 	
51.971146 	34.014702 	128.887543 	7.280110 	999.000000 	55.036350 	111.946419 	85.755463 	116.275536 	64.474800 	72.013885 	119.096596 	98.183502 	35.227829 	133.660019 	35.468296 	21.931713 	96.176918 	48.052055 	140.758652 	98.792709 	30.000000 	51.419842 	118.848640 	70.936592 	127.561752 	117.004272 	34.000000 	21.189621 	53.935146 	135.882309 	26.683329 	14.035668 	17.029387 	111.220505 	66.483078 	130.598618 	30.594116 	26.000000 	90.249657 	24.083189 	134.629120 	87.920418 	116.107712 	24.083189 	40.024994 	62.289646 	24.041630 	25.495098 	60.074955 	113.648582 	
5.830952 	21.023796 	81.394104 	47.853943 	55.036350 	999.000000 	61.294373 	31.827662 	65.215027 	9.486833 	17.000000 	68.007355 	44.553337 	24.207438 	83.761566 	23.000000 	35.693138 	47.927029 	13.341664 	91.923882 	44.687805 	30.479502 	11.000000 	66.708321 	16.278820 	76.400261 	64.443771 	28.017851 	42.426407 	13.341664 	85.211502 	37.643059 	63.007935 	50.249378 	57.384666 	14.866069 	78.873314 	35.227829 	42.011902 	35.440090 	50.447994 	82.073135 	33.541019 	61.611687 	53.263496 	33.837849 	20.808653 	73.246162 	53.413483 	22.360680 	58.830265 	
61.846584 	80.056229 	22.090721 	105.418213 	111.946419 	61.294373 	999.000000 	31.016125 	4.472136 	54.120235 	47.010635 	7.211102 	20.099751 	85.445892 	22.472204 	76.485291 	90.138779 	16.552946 	73.925636 	30.870699 	22.000000 	91.607857 	70.710678 	9.000000 	51.264023 	15.620500 	9.486833 	89.308456 	103.232750 	71.112587 	24.083189 	98.812958 	122.347862 	110.751976 	15.811388 	59.464275 	18.867962 	96.519424 	103.227905 	41.000000 	111.606453 	23.769728 	45.011108 	21.931713 	114.402794 	94.413979 	71.470276 	133.003754 	114.621117 	74.946648 	25.612497 	
33.837849 	52.201534 	52.630791 	78.771820 	85.755463 	31.827662 	31.016125 	999.000000 	34.438351 	23.600847 	16.124516 	37.121422 	12.727922 	55.901699 	53.225933 	50.990196 	64.845970 	22.360680 	43.600460 	61.846584 	13.038404 	62.241467 	40.224369 	35.227829 	20.248457 	45.276924 	32.802441 	59.548298 	74.249580 	40.311287 	54.203320 	69.354164 	94.641426 	82.073135 	25.612497 	28.460499 	47.434166 	66.708321 	73.661385 	16.278820 	82.134033 	50.328918 	18.867962 	30.413813 	84.958817 	63.812225 	40.521599 	104.995239 	85.041168 	43.965897 	28.460499 	
65.946945 	84.219948 	20.099751 	109.713264 	116.275536 	65.215027 	4.472136 	34.438351 	999.000000 	57.801384 	50.537113 	2.828427 	22.803509 	89.403580 	18.788294 	80.808418 	94.493385 	21.023796 	77.698135 	27.513634 	24.331051 	95.603348 	74.431175 	5.385165 	54.625999 	11.313708 	7.071068 	93.230896 	107.298645 	74.706093 	20.000000 	102.800781 	126.574089 	114.865135 	15.811388 	62.769421 	14.422205 	100.439034 	107.200745 	43.185646 	115.602768 	19.313208 	47.265209 	20.808653 	118.406082 	98.112183 	74.672615 	137.207870 	118.600166 	78.185677 	25.059929 	
14.000000 	30.463093 	75.026665 	57.271286 	64.474800 	9.486833 	54.120235 	23.600847 	57.801384 	999.000000 	7.810250 	60.539242 	36.235340 	32.557640 	76.537575 	32.140316 	45.122055 	42.201897 	20.000000 	84.970581 	36.069378 	38.948685 	16.643316 	58.821766 	7.000000 	68.796799 	56.400356 	36.069378 	51.088158 	17.088007 	77.698135 	45.967381 	72.111023 	59.033890 	48.795490 	9.433981 	71.028160 	43.185646 	50.209560 	25.961510 	58.694122 	73.878281 	24.186773 	52.630791 	61.522354 	40.311287 	20.223749 	82.200974 	61.554855 	23.021729 	49.648766 	
20.615528 	38.013157 	68.308128 	64.845970 	72.013885 	17.000000 	47.010635 	16.124516 	50.537113 	7.810250 	999.000000 	53.235325 	28.600698 	40.360870 	69.318108 	38.832977 	52.201534 	36.221542 	27.658634 	77.878113 	28.319605 	46.754681 	24.207438 	51.312767 	5.099020 	61.400326 	48.826221 	43.840622 	58.898216 	24.186773 	70.327805 	53.758720 	79.881165 	66.843102 	41.036568 	13.038404 	63.513779 	50.931328 	57.982758 	19.104973 	66.468040 	66.219330 	18.110771 	44.821869 	69.296463 	47.707443 	25.179358 	90.000000 	69.310890 	28.442924 	41.880783 	
68.767723 	87.045967 	18.439089 	112.538879 	119.096596 	68.007355 	7.211102 	37.121422 	2.828427 	60.539242 	53.235325 	999.000000 	25.298222 	92.200867 	16.155495 	83.630135 	97.308784 	23.706539 	80.454956 	25.000000 	26.683329 	98.407318 	77.175125 	5.000000 	57.271286 	8.485281 	7.615773 	96.020828 	110.113579 	77.414467 	17.204651 	105.603027 	129.402466 	117.686020 	17.262676 	65.391129 	11.661903 	103.227905 	110.000000 	45.398239 	118.406082 	16.763054 	49.497475 	21.470911 	121.210564 	100.846420 	77.252831 	140.035706 	121.400162 	80.777473 	26.000000 	
46.400433 	64.815125 	42.190044 	91.263351 	98.183502 	44.553337 	20.099751 	12.727922 	22.803509 	36.235340 	28.600698 	25.298222 	999.000000 	68.622154 	41.436699 	63.134777 	77.025970 	18.384777 	56.222771 	50.289165 	2.828427 	74.966660 	52.801514 	22.825424 	32.249031 	33.105892 	20.248457 	72.249565 	86.977005 	52.697250 	42.047592 	82.073135 	107.298645 	94.794518 	13.038404 	40.249222 	34.985710 	79.397736 	86.371292 	21.095022 	94.847244 	37.643059 	25.019993 	18.681541 	97.672920 	76.275818 	52.000000 	117.686020 	97.744568 	55.542778 	18.000000 	
24.166092 	10.770329 	105.190300 	28.071337 	35.227829 	24.207438 	85.445892 	55.901699 	89.403580 	32.557640 	40.360870 	92.200867 	68.622154 	999.000000 	107.898102 	20.615528 	23.323807 	71.589104 	13.416408 	115.965515 	68.593002 	6.403124 	17.000000 	90.906548 	38.013157 	100.603180 	88.617157 	4.123106 	18.601076 	18.973665 	109.402924 	13.453624 	40.249222 	26.627054 	81.320351 	32.202484 	103.077644 	11.180340 	17.804493 	56.938564 	26.248810 	106.216759 	54.120235 	85.146935 	29.068884 	13.601471 	27.073973 	49.929951 	29.206163 	25.019993 	82.006096 	
84.202141 	102.303467 	10.440307 	127.287079 	133.660019 	83.761566 	22.472204 	53.225933 	18.788294 	76.537575 	69.318108 	16.155495 	41.436699 	107.898102 	999.000000 	98.290382 	111.758667 	37.483330 	96.384644 	9.055386 	42.720020 	114.039467 	93.150414 	19.235384 	73.409805 	9.000000 	22.203604 	111.772087 	125.602547 	93.477272 	4.123106 	121.247681 	144.422989 	133.060135 	32.140316 	81.541397 	9.848858 	118.983192 	125.670204 	61.188232 	134.033585 	14.142136 	65.306969 	34.234486 	136.824707 	116.846054 	93.407707 	155.128983 	137.058380 	96.932968 	39.204590 	
18.248287 	9.848858 	93.861603 	29.000000 	35.468296 	23.000000 	76.485291 	50.990196 	80.808418 	32.140316 	38.832977 	83.630135 	63.134777 	20.615528 	98.290382 	999.000000 	13.892444 	60.827625 	23.853722 	105.550934 	63.953106 	23.194826 	25.495098 	83.408630 	39.115215 	92.097771 	81.608826 	24.041630 	30.805843 	29.068884 	100.448990 	29.017237 	46.400433 	36.769554 	76.157730 	37.336308 	95.131485 	29.154760 	33.136082 	57.870544 	40.024994 	99.201813 	56.320511 	81.394104 	42.449970 	34.176014 	38.910152 	57.201397 	43.174065 	38.587563 	79.309517 	
31.622776 	16.124516 	106.962608 	16.124516 	21.931713 	35.693138 	90.138779 	64.845970 	94.493385 	45.122055 	52.201534 	97.308784 	77.025970 	23.323807 	111.758667 	13.892444 	999.000000 	74.276512 	32.557640 	118.827606 	77.826729 	21.931713 	35.227829 	97.200821 	51.971146 	105.759163 	95.441078 	24.839485 	23.537205 	38.470768 	114.021927 	24.596748 	34.000000 	27.073973 	90.049988 	49.040798 	108.853111 	26.627054 	27.513634 	71.063354 	32.140316 	113.004425 	69.231499 	95.257545 	34.014702 	34.655445 	48.052055 	44.777225 	35.057095 	46.840153 	93.107468 	
47.507893 	65.215027 	33.615471 	89.827614 	96.176918 	47.927029 	16.552946 	22.360680 	21.023796 	42.201897 	36.221542 	23.706539 	18.384777 	71.589104 	37.483330 	60.827625 	74.276512 	999.000000 	61.098282 	44.821869 	21.213203 	77.524193 	58.189346 	25.000000 	41.109608 	31.906113 	24.331051 	75.591003 	88.752464 	59.203041 	39.824615 	84.723076 	107.056061 	96.020828 	24.738634 	49.254440 	35.355339 	82.764725 	89.185204 	37.161808 	97.416634 	40.311287 	40.496914 	32.015621 	100.169853 	81.706795 	61.400326 	117.796432 	100.498756 	64.629715 	33.615471 	
16.124516 	16.492422 	94.429871 	40.792156 	48.052055 	13.341664 	73.925636 	43.600460 	77.698135 	20.000000 	27.658634 	80.454956 	56.222771 	13.416408 	96.384644 	23.853722 	32.557640 	61.098282 	999.000000 	104.709122 	55.973209 	19.723083 	3.605551 	78.816238 	24.839485 	88.752464 	76.400261 	16.401220 	31.906113 	6.000000 	97.637085 	26.400757 	53.665630 	39.962482 	68.680420 	18.788294 	91.021973 	23.345236 	30.479502 	43.566040 	38.948685 	93.861603 	40.706264 	72.180328 	41.773197 	20.615528 	15.524175 	63.285069 	41.725292 	14.764823 	68.883957 	
92.086914 	110.000000 	12.529964 	134.536240 	140.758652 	91.923882 	30.870699 	61.846584 	27.513634 	84.970581 	77.878113 	25.000000 	50.289165 	115.965515 	9.055386 	105.550934 	118.827606 	44.821869 	104.709122 	999.000000 	51.662365 	122.036880 	101.533249 	28.284271 	82.079231 	18.027756 	31.257000 	119.887444 	133.454117 	101.980392 	10.440307 	129.247818 	151.855194 	140.801285 	41.194660 	90.249657 	18.248287 	127.094452 	133.689941 	70.213959 	142.003525 	21.023796 	74.330345 	43.104523 	144.779144 	125.239769 	102.181213 	162.606888 	145.055161 	105.688217 	48.093658 	
46.872166 	65.215027 	44.045429 	91.809586 	98.792709 	44.687805 	22.000000 	13.038404 	24.331051 	36.069378 	28.319605 	26.683329 	2.828427 	68.593002 	42.720020 	63.953106 	77.826729 	21.213203 	55.973209 	51.662365 	999.000000 	74.966660 	52.497620 	23.769728 	31.622776 	34.176014 	21.023796 	72.138756 	87.045967 	52.201534 	43.081318 	82.024384 	107.615051 	94.921021 	12.727922 	39.446167 	35.777088 	79.246452 	86.278618 	19.000000 	94.762863 	38.013157 	23.021729 	17.464249 	97.590981 	75.802376 	50.990196 	117.923706 	97.621719 	54.561890 	16.124516 	
30.016663 	14.035668 	111.139549 	23.086792 	30.000000 	30.479502 	91.607857 	62.241467 	95.603348 	38.948685 	46.754681 	98.407318 	74.966660 	6.403124 	114.039467 	23.194826 	21.931713 	77.524193 	19.723083 	122.036880 	74.966660 	999.000000 	23.323807 	97.185387 	44.407207 	106.826965 	94.921021 	4.000000 	12.206555 	25.079872 	115.602768 	7.211102 	34.014702 	20.248457 	87.692642 	38.470768 	109.343498 	6.000000 	11.661903 	63.285069 	20.000000 	112.538879 	60.415230 	91.547798 	22.803509 	12.727922 	32.557640 	43.566040 	23.021729 	30.149628 	88.408142 	
14.866069 	19.104973 	91.389275 	44.147480 	51.419842 	11.000000 	70.710678 	40.224369 	74.431175 	16.643316 	24.207438 	77.175125 	52.801514 	17.000000 	93.150414 	25.495098 	35.227829 	58.189346 	3.605551 	101.533249 	52.497620 	23.323807 	999.000000 	75.451973 	21.260292 	85.440041 	73.006851 	20.000000 	35.510563 	3.605551 	94.339813 	30.000000 	57.245087 	43.566040 	65.192024 	15.231546 	87.658424 	26.907248 	34.058773 	39.962482 	42.520584 	90.426765 	37.121422 	68.622154 	45.343136 	23.706539 	13.416408 	66.887962 	45.276924 	13.453624 	65.299309 	
67.882248 	86.278618 	23.086792 	112.160599 	118.848640 	66.708321 	9.000000 	35.227829 	5.385165 	58.821766 	51.312767 	5.000000 	22.825424 	90.906548 	19.235384 	83.408630 	97.200821 	25.000000 	78.816238 	28.284271 	23.769728 	97.185387 	75.451973 	999.000000 	55.072678 	10.440307 	3.000000 	94.641426 	109.041275 	75.471848 	19.313208 	104.350372 	128.763351 	116.726173 	13.000000 	63.063461 	12.206555 	101.828285 	108.706024 	41.976185 	117.153748 	15.811388 	46.097721 	16.552946 	119.970833 	99.020203 	74.732857 	139.316193 	120.104118 	78.294319 	21.189621 	
21.000000 	37.000000 	72.801102 	63.694584 	70.936592 	16.278820 	51.264023 	20.248457 	54.625999 	7.000000 	5.099020 	57.271286 	32.249031 	38.013157 	73.409805 	39.115215 	51.971146 	41.109608 	24.839485 	82.079231 	31.622776 	44.407207 	21.260292 	55.072678 	999.000000 	65.299309 	52.478565 	41.231056 	56.612720 	20.615528 	74.242844 	51.224995 	78.032043 	64.637451 	44.204071 	8.246211 	67.230942 	48.166378 	55.317268 	19.313208 	63.780876 	69.634758 	17.262676 	47.381432 	66.603302 	44.204071 	20.396078 	87.920418 	66.528191 	23.769728 	44.045429 	
77.233414 	95.524864 	15.620500 	121.016525 	127.561752 	76.400261 	15.620500 	45.276924 	11.313708 	68.796799 	61.400326 	8.485281 	33.105892 	100.603180 	9.000000 	92.097771 	105.759163 	31.906113 	88.752464 	18.027756 	34.176014 	106.826965 	85.440041 	10.440307 	65.299309 	999.000000 	13.341664 	104.403069 	118.562218 	85.586212 	8.944272 	114.017540 	137.887634 	126.150703 	23.194826 	73.348480 	4.000000 	111.606453 	118.406082 	52.392746 	126.822708 	10.049875 	56.515484 	25.317978 	129.630249 	109.077957 	85.088188 	148.519363 	129.807556 	88.639717 	30.265491 	
65.795135 	84.219948 	25.961510 	110.258789 	117.004272 	64.443771 	9.486833 	32.802441 	7.071068 	56.400356 	48.826221 	7.615773 	20.248457 	88.617157 	22.203604 	81.608826 	95.441078 	24.331051 	76.400261 	31.257000 	21.023796 	94.921021 	73.006851 	3.000000 	52.478565 	13.341664 	999.000000 	92.314682 	106.831642 	72.945183 	22.135944 	102.068604 	126.732002 	114.560028 	10.000000 	60.415230 	14.764823 	99.488693 	106.404884 	39.051247 	114.865135 	17.691807 	43.174065 	13.892444 	117.686020 	96.519424 	72.013885 	137.244308 	117.796432 	75.584389 	18.384777 	
28.231188 	14.317822 	109.178749 	27.073973 	34.000000 	28.017851 	89.308456 	59.548298 	93.230896 	36.069378 	43.840622 	96.020828 	72.249565 	4.123106 	111.772087 	24.041630 	24.839485 	75.591003 	16.401220 	119.887444 	72.138756 	4.000000 	20.000000 	94.641426 	41.231056 	104.403069 	92.314682 	999.000000 	15.652476 	21.470911 	113.225441 	10.000000 	37.696156 	23.706539 	84.864601 	34.985710 	106.826965 	7.211102 	14.142136 	59.908264 	22.627417 	109.877205 	56.938564 	88.526833 	25.455845 	10.295630 	28.635643 	47.010635 	25.495098 	26.172504 	85.276024 	
41.400482 	23.706539 	122.331520 	15.811388 	21.189621 	42.426407 	103.232750 	74.249580 	107.298645 	51.088158 	58.898216 	110.113579 	86.977005 	18.601076 	125.602547 	30.805843 	23.537205 	88.752464 	31.906113 	133.454117 	87.045967 	12.206555 	35.510563 	109.041275 	56.612720 	118.562218 	106.831642 	15.652476 	999.000000 	37.121422 	127.283150 	6.082763 	22.135944 	8.062258 	99.764725 	50.606323 	121.165176 	10.049875 	5.000000 	75.471848 	9.219544 	124.482933 	72.560318 	103.711136 	11.704700 	19.104973 	43.965897 	31.384710 	12.369317 	41.231056 	100.603180 	
17.888544 	22.360680 	92.114059 	46.690472 	53.935146 	13.341664 	71.112587 	40.311287 	74.706093 	17.088007 	24.186773 	77.414467 	52.697250 	18.973665 	93.477272 	29.068884 	38.470768 	59.203041 	6.000000 	101.980392 	52.201534 	25.079872 	3.605551 	75.471848 	20.615528 	85.586212 	72.945183 	21.470911 	37.121422 	999.000000 	94.514549 	31.384710 	59.093147 	45.177429 	64.815125 	13.601471 	87.664131 	28.017851 	35.227829 	38.600517 	43.600460 	90.210861 	35.510563 	67.896980 	46.400433 	23.600847 	9.848858 	68.476273 	46.227695 	9.899495 	64.381676 	
85.912750 	104.139328 	14.560220 	129.417923 	135.882309 	85.211502 	24.083189 	54.203320 	20.000000 	77.698135 	70.327805 	17.204651 	42.047592 	109.402924 	4.123106 	100.448990 	114.021927 	39.824615 	97.637085 	10.440307 	43.081318 	115.602768 	94.339813 	19.313208 	74.242844 	8.944272 	22.135944 	113.225441 	127.283150 	94.514549 	999.000000 	122.800652 	146.413803 	134.825821 	31.780497 	82.292160 	8.000000 	120.432556 	127.200630 	61.131008 	135.602356 	10.816654 	65.253349 	33.000000 	138.405197 	117.991524 	94.021271 	157.079605 	138.600143 	97.575615 	38.000000 	
37.215588 	20.615528 	118.338501 	20.615528 	26.683329 	37.643059 	98.812958 	69.354164 	102.800781 	45.967381 	53.758720 	105.603027 	82.073135 	13.453624 	121.247681 	29.017237 	24.596748 	84.723076 	26.400757 	129.247818 	82.024384 	7.211102 	30.000000 	104.350372 	51.224995 	114.017540 	102.068604 	10.000000 	6.082763 	31.384710 	122.800652 	999.000000 	28.160255 	13.928389 	94.752312 	44.944408 	116.516090 	4.000000 	4.472136 	69.892776 	12.806249 	119.670380 	66.887962 	98.493652 	15.620500 	13.341664 	37.947330 	37.121422 	15.811388 	35.171009 	95.268044 	
60.959003 	42.520584 	140.246216 	17.888544 	14.035668 	63.007935 	122.347862 	94.641426 	126.574089 	72.111023 	79.881165 	129.402466 	107.298645 	40.249222 	144.422989 	46.400433 	34.000000 	107.056061 	53.665630 	151.855194 	107.615051 	34.014702 	57.245087 	128.763351 	78.032043 	137.887634 	126.732002 	37.696156 	22.135944 	59.093147 	146.413803 	28.160255 	999.000000 	14.317822 	120.253899 	72.449982 	140.730240 	32.015621 	25.317978 	97.128784 	19.104973 	144.422989 	94.366310 	124.619423 	17.464249 	40.311287 	66.098412 	10.816654 	18.681541 	63.324562 	121.757957 	
48.918301 	30.805843 	129.529922 	14.317822 	17.029387 	50.249378 	110.751976 	82.073135 	114.865135 	59.033890 	66.843102 	117.686020 	94.794518 	26.627054 	133.060135 	36.769554 	27.073973 	96.020828 	39.962482 	140.801285 	94.921021 	20.248457 	43.566040 	116.726173 	64.637451 	126.150703 	114.560028 	23.706539 	8.062258 	45.177429 	134.825821 	13.928389 	14.317822 	999.000000 	107.628990 	58.668560 	128.817703 	17.720045 	11.045361 	83.528435 	7.071068 	132.230865 	80.622574 	111.664673 	7.615773 	26.076809 	51.865211 	23.323807 	8.944272 	49.040798 	108.600182 	
59.405388 	77.801025 	35.693138 	104.292854 	111.220505 	57.384666 	15.811388 	25.612497 	15.811388 	48.795490 	41.036568 	17.262676 	13.038404 	81.320351 	32.140316 	76.157730 	90.049988 	24.738634 	68.680420 	41.194660 	12.727922 	87.692642 	65.192024 	13.000000 	44.204071 	23.194826 	10.000000 	84.864601 	99.764725 	64.815125 	31.780497 	94.752312 	120.253899 	107.628990 	999.000000 	51.865211 	24.041630 	91.967384 	99.005051 	29.410883 	107.489532 	25.553865 	33.526108 	7.280110 	110.317726 	88.408142 	63.134777 	130.598618 	110.344917 	66.730804 	9.899495 	
20.615528 	33.241539 	81.043198 	59.203041 	66.483078 	14.866069 	59.464275 	28.460499 	62.769421 	9.433981 	13.038404 	65.391129 	40.249222 	32.202484 	81.541397 	37.336308 	49.040798 	49.254440 	18.788294 	90.249657 	39.446167 	38.470768 	15.231546 	63.063461 	8.246211 	73.348480 	60.415230 	34.985710 	50.606323 	13.601471 	82.292160 	44.944408 	72.449982 	58.668560 	51.865211 	999.000000 	75.179787 	41.617306 	48.826221 	25.000000 	57.201397 	77.388626 	21.954498 	54.561890 	60.000000 	36.796738 	12.165525 	81.987801 	59.816387 	15.524175 	50.911690 	
79.931221 	98.290382 	18.439089 	123.987900 	130.598618 	78.873314 	18.867962 	47.434166 	14.422205 	71.028160 	63.513779 	11.661903 	34.985710 	103.077644 	9.848858 	95.131485 	108.853111 	35.355339 	91.021973 	18.248287 	35.777088 	109.343498 	87.658424 	12.206555 	67.230942 	4.000000 	14.764823 	106.826965 	121.165176 	87.664131 	8.000000 	116.516090 	140.730240 	128.817703 	24.041630 	75.179787 	999.000000 	114.017540 	120.880104 	53.450912 	129.321304 	6.082763 	57.567352 	25.000000 	132.136292 	111.220505 	86.764046 	151.320847 	132.279999 	90.338257 	30.000000 	
35.341194 	20.024984 	116.361504 	24.351591 	30.594116 	35.227829 	96.519424 	66.708321 	100.439034 	43.185646 	50.931328 	103.227905 	79.397736 	11.180340 	118.983192 	29.154760 	26.627054 	82.764725 	23.345236 	127.094452 	79.246452 	6.000000 	26.907248 	101.828285 	48.166378 	111.606453 	99.488693 	7.211102 	10.049875 	28.017851 	120.432556 	4.000000 	32.015621 	17.720045 	91.967384 	41.617306 	114.017540 	999.000000 	7.211102 	66.610809 	15.620500 	117.034180 	63.513779 	95.524864 	18.439089 	9.486833 	34.176014 	40.718548 	18.384777 	31.320919 	92.195442 	
41.677334 	25.000000 	122.800652 	20.808653 	26.000000 	42.011902 	103.227905 	73.661385 	107.200745 	50.209560 	57.982758 	110.000000 	86.371292 	17.804493 	125.670204 	33.136082 	27.513634 	89.185204 	30.479502 	133.689941 	86.278618 	11.661903 	34.058773 	108.706024 	55.317268 	118.406082 	106.404884 	14.142136 	5.000000 	35.227829 	127.200630 	4.472136 	25.317978 	11.045361 	99.005051 	48.826221 	120.880104 	7.211102 	999.000000 	73.817345 	8.485281 	123.987900 	70.724815 	102.649887 	11.313708 	15.033297 	41.231056 	33.615471 	11.401754 	38.275318 	99.357941 	
39.623226 	56.302753 	63.031738 	83.006027 	90.249657 	35.440090 	41.000000 	16.278820 	43.185646 	25.961510 	19.104973 	45.398239 	21.095022 	56.938564 	61.188232 	57.870544 	71.063354 	37.161808 	43.566040 	70.213959 	19.000000 	63.285069 	39.962482 	41.976185 	19.313208 	52.392746 	39.051247 	59.908264 	75.471848 	38.600517 	61.131008 	69.892776 	97.128784 	83.528435 	29.410883 	25.000000 	53.450912 	66.610809 	73.817345 	999.000000 	82.200974 	54.625999 	4.123106 	30.528675 	85.000000 	61.554855 	34.828148 	106.850365 	84.811554 	38.418747 	26.400757 	
49.929951 	32.695564 	131.026718 	21.095022 	24.083189 	50.447994 	111.606453 	82.134033 	115.602768 	58.694122 	66.468040 	118.406082 	94.847244 	26.248810 	134.033585 	40.024994 	32.140316 	97.416634 	38.948685 	142.003525 	94.762863 	20.000000 	42.520584 	117.153748 	63.780876 	126.822708 	114.865135 	22.627417 	9.219544 	43.600460 	135.602356 	12.806249 	19.104973 	7.071068 	107.489532 	57.201397 	129.321304 	15.620500 	8.485281 	82.200974 	999.000000 	132.457535 	79.056938 	111.126053 	2.828427 	22.135944 	49.193497 	25.961510 	3.162278 	46.097721 	107.814659 	
83.486526 	101.911728 	23.853722 	127.914032 	134.629120 	82.073135 	23.769728 	50.328918 	19.313208 	73.878281 	66.219330 	16.763054 	37.643059 	106.216759 	14.142136 	99.201813 	113.004425 	40.311287 	93.861603 	21.023796 	38.013157 	112.538879 	90.426765 	15.811388 	69.634758 	10.049875 	17.691807 	109.877205 	124.482933 	90.210861 	10.816654 	119.670380 	144.422989 	132.230865 	25.553865 	77.388626 	6.082763 	117.034180 	123.987900 	54.625999 	132.457535 	999.000000 	58.694122 	24.738634 	135.281189 	113.811249 	88.684837 	154.935471 	135.369858 	92.282173 	29.614185 	
38.118237 	54.120235 	67.067131 	80.653580 	87.920418 	33.541019 	45.011108 	18.867962 	47.265209 	24.186773 	18.110771 	49.497475 	25.019993 	54.120235 	65.306969 	56.320511 	69.231499 	40.496914 	40.706264 	74.330345 	23.021729 	60.415230 	37.121422 	46.097721 	17.262676 	56.515484 	43.174065 	56.938564 	72.560318 	35.510563 	65.253349 	66.887962 	94.366310 	80.622574 	33.526108 	21.954498 	57.567352 	63.513779 	70.724815 	4.123106 	79.056938 	58.694122 	999.000000 	34.481880 	81.841309 	58.137768 	31.144823 	103.942291 	81.608826 	34.713108 	30.232433 	
64.140472 	82.377182 	39.560081 	109.077957 	116.107712 	61.611687 	21.931713 	30.413813 	20.808653 	52.630791 	44.821869 	21.470911 	18.681541 	85.146935 	34.234486 	81.394104 	95.257545 	32.015621 	72.180328 	43.104523 	17.464249 	91.547798 	68.622154 	16.552946 	47.381432 	25.317978 	13.892444 	88.526833 	103.711136 	67.896980 	33.000000 	98.493652 	124.619423 	111.664673 	7.280110 	54.561890 	25.000000 	95.524864 	102.649887 	30.528675 	111.126053 	24.738634 	34.481880 	999.000000 	113.951744 	91.350975 	65.215027 	134.807266 	113.899078 	68.818604 	5.000000 	
52.697250 	35.341194 	133.775925 	21.931713 	24.083189 	53.263496 	114.402794 	84.958817 	118.406082 	61.522354 	69.296463 	121.210564 	97.672920 	29.068884 	136.824707 	42.449970 	34.014702 	100.169853 	41.773197 	144.779144 	97.590981 	22.803509 	45.343136 	119.970833 	66.603302 	129.630249 	117.686020 	25.455845 	11.704700 	46.400433 	138.405197 	15.620500 	17.464249 	7.615773 	110.317726 	60.000000 	132.136292 	18.439089 	11.313708 	85.000000 	2.828427 	135.281189 	81.841309 	113.951744 	999.000000 	24.698177 	51.884487 	23.537205 	1.414214 	48.754486 	110.634537 	
35.510563 	24.351591 	115.039124 	33.837849 	40.024994 	33.837849 	94.413979 	63.812225 	98.112183 	40.311287 	47.707443 	100.846420 	76.275818 	13.601471 	116.846054 	34.176014 	34.655445 	81.706795 	20.615528 	125.239769 	75.802376 	12.727922 	23.706539 	99.020203 	44.204071 	109.077957 	96.519424 	10.295630 	19.104973 	23.600847 	117.991524 	13.341664 	40.311287 	26.076809 	88.408142 	36.796738 	111.220505 	9.486833 	15.033297 	61.554855 	22.135944 	113.811249 	58.137768 	91.350975 	24.698177 	999.000000 	27.459061 	48.083260 	24.166092 	24.186773 	87.692642 	
26.248810 	32.015621 	93.145050 	55.145264 	62.289646 	20.808653 	71.470276 	40.521599 	74.672615 	20.223749 	25.179358 	77.252831 	52.000000 	27.073973 	93.407707 	38.910152 	48.052055 	61.400326 	15.524175 	102.181213 	50.990196 	32.557640 	13.416408 	74.732857 	20.396078 	85.088188 	72.013885 	28.635643 	43.965897 	9.848858 	94.021271 	37.947330 	66.098412 	51.865211 	63.134777 	12.165525 	86.764046 	34.176014 	41.231056 	34.828148 	49.193497 	88.684837 	31.144823 	65.215027 	51.884487 	27.459061 	999.000000 	74.846512 	51.478149 	3.605551 	61.220913 	
71.449280 	53.037724 	151.029800 	28.653097 	24.041630 	73.246162 	133.003754 	104.995239 	137.207870 	82.200974 	90.000000 	140.035706 	117.686020 	49.929951 	155.128983 	57.201397 	44.777225 	117.796432 	63.285069 	162.606888 	117.923706 	43.566040 	66.887962 	139.316193 	87.920418 	148.519363 	137.244308 	47.010635 	31.384710 	68.476273 	157.079605 	37.121422 	10.816654 	23.323807 	130.598618 	81.987801 	151.320847 	40.718548 	33.615471 	106.850365 	25.961510 	154.935471 	103.942291 	134.807266 	23.537205 	48.083260 	74.846512 	999.000000 	24.331051 	71.867935 	131.825638 	
53.000000 	35.846897 	134.111893 	23.259407 	25.495098 	53.413483 	114.621117 	85.041168 	118.600166 	61.554855 	69.310890 	121.400162 	97.744568 	29.206163 	137.058380 	43.174065 	35.057095 	100.498756 	41.725292 	145.055161 	97.621719 	23.021729 	45.276924 	120.104118 	66.528191 	129.807556 	117.796432 	25.495098 	12.369317 	46.227695 	138.600143 	15.811388 	18.681541 	8.944272 	110.344917 	59.816387 	132.279999 	18.384777 	11.401754 	84.811554 	3.162278 	135.369858 	81.608826 	113.899078 	1.414214 	24.166092 	51.478149 	24.331051 	999.000000 	48.301140 	110.535065 	
27.459061 	31.016125 	96.566040 	53.009434 	60.074955 	22.360680 	74.946648 	43.965897 	78.185677 	23.021729 	28.442924 	80.777473 	55.542778 	25.019993 	96.932968 	38.587563 	46.840153 	64.629715 	14.764823 	105.688217 	54.561890 	30.149628 	13.453624 	78.294319 	23.769728 	88.639717 	75.584389 	26.172504 	41.231056 	9.899495 	97.575615 	35.171009 	63.324562 	49.040798 	66.730804 	15.524175 	90.338257 	31.320919 	38.275318 	38.418747 	46.097721 	92.282173 	34.713108 	68.818604 	48.754486 	24.186773 	3.605551 	71.867935 	48.301140 	999.000000 	64.815125 	
61.717098 	79.755875 	44.271889 	106.550461 	113.648582 	58.830265 	25.612497 	28.460499 	25.059929 	49.648766 	41.880783 	26.000000 	18.000000 	82.006096 	39.204590 	79.309517 	93.107468 	33.615471 	68.883957 	48.093658 	16.124516 	88.408142 	65.299309 	21.189621 	44.045429 	30.265491 	18.384777 	85.276024 	100.603180 	64.381676 	38.000000 	95.268044 	121.757957 	108.600182 	9.899495 	50.911690 	30.000000 	92.195442 	99.357941 	26.400757 	107.814659 	29.614185 	30.232433 	5.000000 	110.634537 	87.692642 	61.220913 	131.825638 	110.535065 	64.815125 	999.000000 	

Travel time:
9.000000 	0.460977 	2.028084 	1.123610 	1.299279 	0.145774 	1.546165 	0.845946 	1.648674 	0.350000 	0.515388 	1.719193 	1.160011 	0.604152 	2.105053 	0.456207 	0.790569 	1.187697 	0.403113 	2.302173 	1.171804 	0.750417 	0.371652 	1.697056 	0.525000 	1.930835 	1.644878 	0.705780 	1.035012 	0.447214 	2.147819 	0.930390 	1.523975 	1.222957 	1.485135 	0.515388 	1.998281 	0.883530 	1.041933 	0.990581 	1.248249 	2.087163 	0.952956 	1.603512 	1.317431 	0.887764 	0.656220 	1.786232 	1.325000 	0.686477 	1.542928 	
0.460977 	9.000000 	2.468426 	0.670820 	0.850368 	0.525595 	2.001406 	1.305038 	2.105499 	0.761577 	0.950329 	2.176149 	1.620378 	0.269258 	2.557587 	0.246221 	0.403113 	1.630376 	0.412311 	2.750000 	1.630376 	0.350892 	0.477624 	2.156965 	0.925000 	2.388122 	2.105499 	0.357946 	0.592663 	0.559017 	2.603483 	0.515388 	1.063015 	0.770146 	1.945026 	0.831038 	2.457260 	0.500625 	0.625000 	1.407569 	0.817389 	2.547793 	1.353006 	2.059430 	0.883530 	0.608790 	0.800391 	1.325943 	0.896172 	0.775403 	1.993897 	
2.028084 	2.468426 	9.000000 	3.069711 	3.222188 	2.034853 	0.552268 	1.315770 	0.502494 	1.875667 	1.707703 	0.460977 	1.054751 	2.629757 	0.261008 	2.346540 	2.674065 	0.840387 	2.360747 	0.313249 	1.101136 	2.778489 	2.284732 	0.577170 	1.820028 	0.390512 	0.649038 	2.729469 	3.058288 	2.302851 	0.364006 	2.958462 	3.506155 	3.238248 	0.892328 	2.026080 	0.460977 	2.909038 	3.070016 	1.575794 	3.275668 	0.596343 	1.676678 	0.989002 	3.344398 	2.875978 	2.328626 	3.775745 	3.352797 	2.414151 	1.106797 	
1.123610 	0.670820 	3.069711 	9.000000 	0.182003 	1.196349 	2.635455 	1.969296 	2.742832 	1.431782 	1.621149 	2.813472 	2.281584 	0.701783 	3.182177 	0.725000 	0.403113 	2.245690 	1.019804 	3.363406 	2.295240 	0.577170 	1.103687 	2.804015 	1.592365 	3.025413 	2.756470 	0.676849 	0.395285 	1.167262 	3.235448 	0.515388 	0.447214 	0.357946 	2.607321 	1.480076 	3.099698 	0.608790 	0.520216 	2.075151 	0.527376 	3.197851 	2.016340 	2.726949 	0.548293 	0.845946 	1.378632 	0.716327 	0.581485 	1.325236 	2.663762 	
1.299279 	0.850368 	3.222188 	0.182003 	9.000000 	1.375909 	2.798661 	2.143887 	2.906888 	1.611870 	1.800347 	2.977415 	2.454587 	0.880696 	3.341501 	0.886707 	0.548293 	2.404423 	1.201301 	3.518966 	2.469818 	0.750000 	1.285496 	2.971216 	1.773415 	3.189044 	2.925107 	0.850000 	0.529741 	1.348379 	3.397058 	0.667083 	0.350892 	0.425735 	2.780513 	1.662077 	3.264966 	0.764853 	0.650000 	2.256241 	0.602080 	3.365728 	2.198010 	2.902693 	0.602080 	1.000625 	1.557241 	0.601041 	0.637377 	1.501874 	2.841215 	
0.145774 	0.525595 	2.034853 	1.196349 	1.375909 	9.000000 	1.532359 	0.795692 	1.630376 	0.237171 	0.425000 	1.700184 	1.113833 	0.605186 	2.094039 	0.575000 	0.892328 	1.198176 	0.333542 	2.298097 	1.117195 	0.761988 	0.275000 	1.667708 	0.406971 	1.910007 	1.611094 	0.700446 	1.060660 	0.333542 	2.130288 	0.941076 	1.575198 	1.256234 	1.434617 	0.371652 	1.971833 	0.880696 	1.050297 	0.886002 	1.261200 	2.051828 	0.838525 	1.540292 	1.331587 	0.845946 	0.520216 	1.831154 	1.335337 	0.559017 	1.470757 	
1.546165 	2.001406 	0.552268 	2.635455 	2.798661 	1.532359 	9.000000 	0.775403 	0.111803 	1.353006 	1.175266 	0.180278 	0.502494 	2.136147 	0.561805 	1.912132 	2.253469 	0.413824 	1.848141 	0.771767 	0.550000 	2.290196 	1.767767 	0.225000 	1.281601 	0.390512 	0.237171 	2.232711 	2.580819 	1.777815 	0.602080 	2.470324 	3.058697 	2.768799 	0.395285 	1.486607 	0.471699 	2.412986 	2.580698 	1.025000 	2.790161 	0.594243 	1.125278 	0.548293 	2.860070 	2.360349 	1.786757 	3.325094 	2.865528 	1.873666 	0.640312 	
0.845946 	1.305038 	1.315770 	1.969296 	2.143887 	0.795692 	0.775403 	9.000000 	0.860959 	0.590021 	0.403113 	0.928036 	0.318198 	1.397542 	1.330648 	1.274755 	1.621149 	0.559017 	1.090011 	1.546165 	0.325960 	1.556037 	1.005609 	0.880696 	0.506211 	1.131923 	0.820061 	1.488707 	1.856240 	1.007782 	1.355083 	1.733854 	2.366036 	2.051828 	0.640312 	0.711512 	1.185854 	1.667708 	1.841535 	0.406971 	2.053351 	1.258223 	0.471699 	0.760345 	2.123971 	1.595306 	1.013040 	2.624881 	2.126029 	1.099147 	0.711512 	
1.648674 	2.105499 	0.502494 	2.742832 	2.906888 	1.630376 	0.111803 	0.860959 	9.000000 	1.445035 	1.263428 	0.070711 	0.570088 	2.235090 	0.469707 	2.020211 	2.362335 	0.525595 	1.942453 	0.687841 	0.608276 	2.390084 	1.860779 	0.134629 	1.365650 	0.282843 	0.176777 	2.330772 	2.682466 	1.867652 	0.500000 	2.570019 	3.164352 	2.871628 	0.395285 	1.569236 	0.360555 	2.510976 	2.680019 	1.079641 	2.890069 	0.482830 	1.181630 	0.520216 	2.960152 	2.452805 	1.866815 	3.430197 	2.965004 	1.954642 	0.626498 	
0.350000 	0.761577 	1.875667 	1.431782 	1.611870 	0.237171 	1.353006 	0.590021 	1.445035 	9.000000 	0.195256 	1.513481 	0.905883 	0.813941 	1.913439 	0.803508 	1.128051 	1.055047 	0.500000 	2.124264 	0.901734 	0.973717 	0.416083 	1.470544 	0.175000 	1.719920 	1.410009 	0.901734 	1.277204 	0.427200 	1.942453 	1.149184 	1.802776 	1.475847 	1.219887 	0.235850 	1.775704 	1.079641 	1.255239 	0.649038 	1.467353 	1.846957 	0.604669 	1.315770 	1.538059 	1.007782 	0.505594 	2.055024 	1.538871 	0.575543 	1.241219 	
0.515388 	0.950329 	1.707703 	1.621149 	1.800347 	0.425000 	1.175266 	0.403113 	1.263428 	0.195256 	9.000000 	1.330883 	0.715017 	1.009022 	1.732953 	0.970824 	1.305038 	0.905539 	0.691466 	1.946953 	0.707990 	1.168867 	0.605186 	1.282819 	0.127475 	1.535008 	1.220656 	1.096016 	1.472455 	0.604669 	1.758195 	1.343968 	1.997029 	1.671077 	1.025914 	0.325960 	1.587844 	1.273283 	1.449569 	0.477624 	1.661701 	1.655483 	0.452769 	1.120547 	1.732412 	1.192686 	0.629484 	2.250000 	1.732772 	0.711073 	1.047020 	
1.719193 	2.176149 	0.460977 	2.813472 	2.977415 	1.700184 	0.180278 	0.928036 	0.070711 	1.513481 	1.330883 	9.000000 	0.632456 	2.305022 	0.403887 	2.090753 	2.432720 	0.592663 	2.011374 	0.625000 	0.667083 	2.460183 	1.929378 	0.125000 	1.431782 	0.212132 	0.190394 	2.400521 	2.752840 	1.935362 	0.430116 	2.640076 	3.235062 	2.942151 	0.431567 	1.634778 	0.291548 	2.580698 	2.750000 	1.134956 	2.960152 	0.419076 	1.237437 	0.536773 	3.030264 	2.521161 	1.931321 	3.500893 	3.035004 	2.019437 	0.650000 	
1.160011 	1.620378 	1.054751 	2.281584 	2.454587 	1.113833 	0.502494 	0.318198 	0.570088 	0.905883 	0.715017 	0.632456 	9.000000 	1.715554 	1.035918 	1.578369 	1.925649 	0.459619 	1.405569 	1.257229 	0.070711 	1.874166 	1.320038 	0.570636 	0.806226 	0.827647 	0.506211 	1.806239 	2.174425 	1.317431 	1.051190 	2.051828 	2.682466 	2.369863 	0.325960 	1.006231 	0.874643 	1.984943 	2.159282 	0.527376 	2.371181 	0.941076 	0.625500 	0.467039 	2.441823 	1.906895 	1.300000 	2.942151 	2.443614 	1.388569 	0.450000 	
0.604152 	0.269258 	2.629757 	0.701783 	0.880696 	0.605186 	2.136147 	1.397542 	2.235090 	0.813941 	1.009022 	2.305022 	1.715554 	9.000000 	2.697453 	0.515388 	0.583095 	1.789728 	0.335410 	2.899138 	1.714825 	0.160078 	0.425000 	2.272664 	0.950329 	2.515079 	2.215429 	0.103078 	0.465027 	0.474342 	2.735073 	0.336341 	1.006231 	0.665676 	2.033009 	0.805062 	2.576941 	0.279509 	0.445112 	1.423464 	0.656220 	2.655419 	1.353006 	2.128673 	0.726722 	0.340037 	0.676849 	1.248249 	0.730154 	0.625500 	2.050152 	
2.105053 	2.557587 	0.261008 	3.182177 	3.341501 	2.094039 	0.561805 	1.330648 	0.469707 	1.913439 	1.732953 	0.403887 	1.035918 	2.697453 	9.000000 	2.457260 	2.793967 	0.937083 	2.409616 	0.226385 	1.068001 	2.850987 	2.328760 	0.480885 	1.835245 	0.225000 	0.555090 	2.794302 	3.140064 	2.336932 	0.103078 	3.031192 	3.610575 	3.326503 	0.803508 	2.038535 	0.246221 	2.974580 	3.141755 	1.529706 	3.350840 	0.353553 	1.632674 	0.855862 	3.420618 	2.921151 	2.335193 	3.878225 	3.426460 	2.423324 	0.980115 	
0.456207 	0.246221 	2.346540 	0.725000 	0.886707 	0.575000 	1.912132 	1.274755 	2.020211 	0.803508 	0.970824 	2.090753 	1.578369 	0.515388 	2.457260 	9.000000 	0.347311 	1.520691 	0.596343 	2.638773 	1.598828 	0.579871 	0.637377 	2.085216 	0.977880 	2.302444 	2.040221 	0.601041 	0.770146 	0.726722 	2.511225 	0.725431 	1.160011 	0.919239 	1.903943 	0.933408 	2.378287 	0.728869 	0.828402 	1.446764 	1.000625 	2.480045 	1.408013 	2.034853 	1.061249 	0.854400 	0.972754 	1.430035 	1.079352 	0.964689 	1.982738 	
0.790569 	0.403113 	2.674065 	0.403113 	0.548293 	0.892328 	2.253469 	1.621149 	2.362335 	1.128051 	1.305038 	2.432720 	1.925649 	0.583095 	2.793967 	0.347311 	9.000000 	1.856913 	0.813941 	2.970690 	1.945668 	0.548293 	0.880696 	2.430021 	1.299279 	2.643979 	2.386027 	0.620987 	0.588430 	0.961769 	2.850548 	0.614919 	0.850000 	0.676849 	2.251250 	1.226020 	2.721328 	0.665676 	0.687841 	1.776584 	0.803508 	2.825111 	1.730788 	2.381439 	0.850368 	0.866386 	1.201301 	1.119431 	0.876427 	1.171004 	2.327687 	
1.187697 	1.630376 	0.840387 	2.245690 	2.404423 	1.198176 	0.413824 	0.559017 	0.525595 	1.055047 	0.905539 	0.592663 	0.459619 	1.789728 	0.937083 	1.520691 	1.856913 	9.000000 	1.527457 	1.120547 	0.530330 	1.938105 	1.454734 	0.625000 	1.027740 	0.797653 	0.608276 	1.889775 	2.218812 	1.480076 	0.995615 	2.118077 	2.676402 	2.400521 	0.618466 	1.231361 	0.883883 	2.069118 	2.229630 	0.929045 	2.435416 	1.007782 	1.012423 	0.800391 	2.504246 	2.042670 	1.535008 	2.944911 	2.512469 	1.615743 	0.840387 	
0.403113 	0.412311 	2.360747 	1.019804 	1.201301 	0.333542 	1.848141 	1.090011 	1.942453 	0.500000 	0.691466 	2.011374 	1.405569 	0.335410 	2.409616 	0.596343 	0.813941 	1.527457 	9.000000 	2.617728 	1.399330 	0.493077 	0.090139 	1.970406 	0.620987 	2.218812 	1.910007 	0.410031 	0.797653 	0.150000 	2.440927 	0.660019 	1.341641 	0.999062 	1.717010 	0.469707 	2.275549 	0.583631 	0.761988 	1.089151 	0.973717 	2.346540 	1.017657 	1.804508 	1.044330 	0.515388 	0.388104 	1.582127 	1.043132 	0.369121 	1.722099 	
2.302173 	2.750000 	0.313249 	3.363406 	3.518966 	2.298097 	0.771767 	1.546165 	0.687841 	2.124264 	1.946953 	0.625000 	1.257229 	2.899138 	0.226385 	2.638773 	2.970690 	1.120547 	2.617728 	9.000000 	1.291559 	3.050922 	2.538331 	0.707107 	2.051981 	0.450694 	0.781425 	2.997186 	3.336353 	2.549510 	0.261008 	3.231195 	3.796380 	3.520032 	1.029866 	2.256241 	0.456207 	3.177361 	3.342248 	1.755349 	3.550088 	0.525595 	1.858259 	1.077613 	3.619479 	3.130994 	2.554530 	4.065172 	3.626379 	2.642205 	1.202341 	
1.171804 	1.630376 	1.101136 	2.295240 	2.469818 	1.117195 	0.550000 	0.325960 	0.608276 	0.901734 	0.707990 	0.667083 	0.070711 	1.714825 	1.068001 	1.598828 	1.945668 	0.530330 	1.399330 	1.291559 	9.000000 	1.874166 	1.312441 	0.594243 	0.790569 	0.854400 	0.525595 	1.803469 	2.176149 	1.305038 	1.077033 	2.050610 	2.690376 	2.373025 	0.318198 	0.986154 	0.894427 	1.981161 	2.156965 	0.475000 	2.369071 	0.950329 	0.575543 	0.436606 	2.439775 	1.895059 	1.274755 	2.948093 	2.440543 	1.364047 	0.403113 	
