UB = 776
M = 90

Distance:
999.000000 	8.944272 	10.049875 	129.630249 	88.639717 	47.095646 	49.162994 	85.440041 	65.306969 	83.168503 	118.827606 	106.826965 	48.764740 	118.406082 	49.091751 	56.435802 	89.537704 	25.806976 	84.899940 	122.674362 	78.644768 	85.866173 	88.323273 	89.560036 	46.872166 	61.000000 	140.346008 	27.784887 	85.510231 	31.240999 	121.671692 	77.233414 	70.007141 	47.010635 	131.487640 	97.867256 	60.166435 	86.023254 	88.141930 	92.021736 	92.048897 	90.138779 	86.469650 	91.197586 	90.271812 	86.700638 	76.922035 	90.553848 	102.004898 	90.669731 	81.743500 	109.224541 	101.123688 	102.122475 	110.000000 	108.041656 	109.018349 	112.004463 	117.209213 	90.956032 	109.165016 	112.111549 	114.039467 	114.070152 	117.038452 	109.329773 	107.079407 	116.901665 	
8.944272 	999.000000 	10.816654 	138.405197 	97.575615 	55.443665 	57.558666 	94.339813 	73.979729 	92.027168 	127.404869 	115.602768 	57.567352 	127.200630 	57.428215 	64.938431 	98.432716 	18.384777 	93.680305 	131.609268 	87.321243 	94.641426 	97.123634 	98.371742 	54.230988 	69.115845 	149.214615 	29.732138 	94.148819 	34.409302 	130.613937 	85.586212 	78.057671 	53.160137 	140.431473 	106.367287 	66.483078 	94.021271 	96.005211 	100.019997 	100.004997 	98.005104 	94.132881 	99.020203 	98.045906 	94.260277 	83.743660 	98.183502 	110.113579 	98.249680 	88.645363 	117.515953 	109.004585 	110.004547 	118.067780 	116.004311 	117.017090 	120.104118 	125.483070 	97.862144 	117.017090 	120.004166 	122.004097 	122.000000 	125.003998 	116.726173 	114.271606 	124.169243 	
10.049875 	10.816654 	999.000000 	135.281189 	92.282173 	47.801674 	50.000000 	88.549423 	67.067131 	85.906929 	125.255737 	112.538879 	51.429562 	123.987900 	49.729267 	57.567352 	92.574295 	19.416489 	87.091904 	127.027557 	80.324341 	88.022728 	90.620087 	91.923882 	45.011108 	60.827625 	145.416641 	19.104973 	86.977005 	23.600847 	125.399361 	77.665955 	69.584480 	42.953465 	135.484314 	98.716766 	56.293873 	85.375641 	87.143562 	91.350975 	91.268837 	89.140335 	85.005882 	90.088844 	89.050545 	85.005882 	73.824112 	89.000000 	101.597244 	89.005615 	78.771820 	109.329773 	100.124924 	101.123688 	109.457756 	107.228729 	108.295891 	111.543716 	117.239075 	87.965904 	108.074051 	111.112556 	113.216606 	113.159180 	116.211014 	107.228729 	104.580116 	114.529472 	
129.630249 	138.405197 	135.281189 	999.000000 	48.754486 	94.625580 	92.655273 	54.625999 	77.025970 	58.694122 	16.124516 	22.803509 	86.683334 	11.313708 	93.477272 	86.284416 	52.201534 	154.563904 	61.351448 	20.615528 	68.709534 	61.032780 	58.523499 	57.280014 	105.152267 	89.894379 	14.035668 	136.235092 	66.483078 	132.438660 	29.120440 	78.108902 	87.091904 	115.247559 	25.000000 	67.186310 	111.892807 	83.546394 	86.145226 	82.607506 	83.600243 	85.842880 	90.426765 	86.700638 	87.823685 	92.395889 	104.809349 	90.796478 	79.000000 	91.787796 	103.585716 	73.334846 	85.005882 	85.000000 	80.399002 	83.216583 	82.298241 	79.630394 	74.525162 	103.947105 	86.284416 	85.586212 	83.862984 	84.852814 	84.344528 	97.185387 	101.044548 	101.833199 	
88.639717 	97.575615 	92.282173 	48.754486 	999.000000 	47.381432 	45.254833 	6.082763 	28.600698 	10.198039 	46.270943 	30.149628 	41.048752 	38.275318 	45.967381 	38.288380 	5.830952 	111.646767 	14.035668 	35.383614 	20.396078 	14.142136 	12.649111 	12.083046 	57.008770 	41.182522 	55.443665 	89.938866 	20.223749 	85.562843 	33.120991 	30.265491 	38.600517 	66.850578 	43.266617 	28.017851 	63.158531 	38.327538 	41.593269 	39.560081 	40.521599 	41.976185 	45.276924 	43.174065 	43.931767 	47.265209 	57.428215 	46.872166 	40.816662 	47.853943 	57.035076 	40.311287 	45.617977 	46.065170 	46.227695 	47.434166 	47.201694 	46.754681 	46.227695 	59.413803 	50.477718 	51.400391 	51.088158 	51.855568 	53.075417 	59.481091 	61.846584 	66.370171 	
47.095646 	55.443665 	47.801674 	94.625580 	47.381432 	999.000000 	2.236068 	42.638012 	19.723083 	39.408119 	88.102211 	73.061615 	10.000000 	83.486526 	2.000000 	9.848858 	46.400433 	66.483078 	39.824615 	82.758682 	32.695564 	40.706264 	43.416588 	44.777225 	12.041595 	14.317822 	102.649887 	42.638012 	39.217342 	38.183765 	79.812279 	30.149628 	23.345236 	22.360680 	90.271812 	50.990196 	26.570660 	39.319206 	41.773197 	45.276924 	45.398239 	43.737854 	40.804413 	44.911022 	44.147480 	41.436699 	36.124783 	44.922153 	55.036350 	45.221676 	40.000000 	62.128899 	54.589375 	55.578773 	63.071388 	61.294373 	62.201286 	65.030762 	70.114189 	48.548943 	62.649822 	65.490456 	67.268120 	67.364677 	70.256676 	64.195015 	62.769421 	72.111023 	
49.162994 	57.558666 	50.000000 	92.655273 	45.254833 	2.236068 	999.000000 	40.459858 	17.492855 	37.202152 	86.330757 	71.196907 	9.219544 	81.541397 	1.000000 	7.615773 	44.204071 	68.709534 	37.589893 	80.622574 	30.463093 	38.470768 	41.182522 	42.544094 	13.341664 	12.649111 	100.568382 	44.821869 	37.000000 	40.311287 	77.620872 	28.071337 	21.587032 	23.769728 	88.090858 	48.836460 	26.925823 	37.483330 	40.024994 	43.416588 	43.566040 	41.976185 	39.217342 	43.174065 	42.449970 	39.924931 	35.355339 	43.324360 	53.084839 	43.657761 	39.051247 	60.074955 	52.773098 	53.758720 	61.131008 	59.413803 	60.299255 	63.071388 	68.066147 	47.434166 	60.827625 	63.639610 	65.375839 	65.490456 	68.359344 	62.625874 	61.326992 	70.576202 	
85.440041 	94.339813 	88.549423 	54.625999 	6.082763 	42.638012 	40.459858 	999.000000 	23.345236 	4.123106 	52.345009 	36.221542 	37.121422 	44.271889 	41.109608 	33.241539 	4.123106 	107.823929 	8.246211 	40.360870 	14.317822 	8.544003 	7.810250 	7.810250 	51.739735 	35.510563 	60.802959 	85.276024 	14.560220 	80.721741 	37.202152 	24.186773 	32.572994 	61.400326 	47.634022 	24.041630 	57.271286 	32.557640 	35.902645 	34.176014 	35.114101 	36.400551 	39.458839 	37.643059 	38.327538 	41.436699 	51.351727 	41.231056 	36.400551 	42.201897 	51.009804 	37.013512 	40.816662 	41.340054 	42.426407 	43.278172 	43.185646 	43.185646 	43.566040 	53.600372 	46.227695 	47.423622 	47.381432 	48.083260 	49.578220 	54.708317 	56.797886 	61.854668 	
65.306969 	73.979729 	67.067131 	77.025970 	28.600698 	19.723083 	17.492855 	23.345236 	999.000000 	19.849434 	72.422371 	56.648037 	17.000000 	66.189125 	18.027756 	10.000000 	26.907248 	86.005814 	20.124611 	63.702435 	13.341664 	21.023796 	23.706539 	25.059929 	28.425341 	13.341664 	84.023804 	62.201286 	20.223749 	57.489128 	60.307545 	14.764823 	15.231546 	38.275318 	70.837845 	33.000000 	35.902645 	26.627054 	30.000000 	31.764761 	32.249031 	31.622776 	31.112698 	33.015148 	32.802441 	32.557640 	35.440090 	34.713108 	39.849716 	35.383614 	37.161808 	45.398239 	41.146080 	42.047592 	47.801674 	46.818798 	47.434166 	49.477268 	53.338543 	43.266617 	48.846699 	51.264023 	52.497620 	52.810986 	55.362442 	53.254108 	53.263496 	61.294373 	
83.168503 	92.027168 	85.906929 	58.694122 	10.198039 	39.408119 	37.202152 	4.123106 	19.849434 	999.000000 	56.435802 	40.311287 	34.539833 	48.383881 	37.802116 	29.832869 	7.071068 	105.095192 	5.000000 	44.045429 	10.198039 	5.656854 	6.324555 	7.071068 	48.104053 	31.622776 	64.637451 	82.006096 	11.180340 	77.336922 	40.459858 	20.099751 	28.460499 	57.628117 	50.990196 	22.203604 	53.225933 	28.861740 	32.280025 	30.870699 	31.780497 	32.893768 	35.693138 	34.176014 	34.785053 	37.656342 	47.265209 	37.643059 	33.970577 	38.600517 	47.000000 	35.510563 	38.013157 	38.600517 	40.459858 	41.012192 	41.036568 	41.400482 	42.485291 	49.819675 	43.863426 	45.276924 	45.453274 	46.097721 	47.801674 	51.865211 	53.712196 	59.203041 	
118.827606 	127.404869 	125.255737 	16.124516 	46.270943 	88.102211 	86.330757 	52.345009 	72.422371 	56.435802 	999.000000 	16.124516 	79.259071 	12.806249 	87.235313 	80.777473 	51.039200 	144.256714 	60.133186 	30.413813 	66.610809 	60.074955 	58.008621 	57.000000 	99.403221 	85.726311 	30.149628 	128.140549 	66.030296 	124.867928 	38.418747 	76.531036 	84.528099 	109.772491 	38.013157 	69.871307 	108.240471 	84.000000 	87.022987 	84.214012 	85.211502 	87.091904 	91.000000 	88.141930 	89.089844 	93.000000 	103.696671 	92.086914 	82.565125 	93.085983 	103.237587 	78.447433 	88.283630 	88.459030 	85.440041 	87.800911 	87.091904 	85.070557 	81.154175 	105.019043 	90.956032 	90.801979 	89.493019 	90.443352 	90.476517 	101.414986 	104.737770 	107.004669 	
106.826965 	115.602768 	112.538879 	22.803509 	30.149628 	73.061615 	71.196907 	36.221542 	56.648037 	40.311287 	16.124516 	999.000000 	64.637451 	11.661903 	72.069412 	65.306969 	35.000000 	131.795303 	44.045429 	23.769728 	50.487621 	44.011364 	42.011902 	41.048752 	84.077347 	69.892776 	34.539833 	114.017540 	50.000000 	110.435501 	29.529646 	60.406952 	68.447060 	94.371605 	33.541019 	54.571056 	92.347168 	68.029404 	71.112587 	68.468971 	69.462219 	71.253067 	75.026665 	72.339478 	73.246162 	77.025970 	87.572830 	76.236473 	67.446274 	77.233414 	87.143562 	64.078079 	73.006851 	73.246162 	70.936592 	73.054771 	72.449982 	70.774292 	67.601776 	89.089844 	76.216797 	76.321686 	75.239616 	76.157730 	76.485291 	86.400230 	89.498604 	92.358002 	
48.764740 	57.567352 	51.429562 	86.683334 	41.048752 	10.000000 	9.219544 	37.121422 	17.000000 	34.539833 	79.259071 	64.637451 	999.000000 	75.432091 	10.198039 	10.816654 	41.146080 	70.710678 	36.138622 	76.216797 	30.149628 	37.107952 	39.560081 	40.804413 	22.022715 	19.104973 	95.482986 	49.578220 	37.121422 	45.803928 	74.094536 	30.805843 	26.925823 	32.249031 	84.314888 	50.000000 	36.138622 	41.785164 	44.777225 	47.434166 	47.759815 	46.615448 	44.777225 	47.927029 	47.423622 	45.793011 	43.416588 	48.764740 	56.293873 	49.244289 	46.690472 	62.289646 	56.920998 	57.870544 	64.327286 	63.063461 	63.788715 	66.098412 	70.256676 	54.561890 	64.845970 	67.446274 	68.883957 	69.123077 	71.805290 	67.977936 	67.230942 	76.026314 	
118.406082 	127.200630 	123.987900 	11.313708 	38.275318 	83.486526 	81.541397 	44.271889 	66.189125 	48.383881 	12.806249 	11.661903 	75.432091 	999.000000 	82.377182 	75.292763 	42.201897 	143.282944 	51.419842 	17.691807 	58.523499 	51.195702 	48.836460 	47.675991 	94.154129 	79.202271 	23.086792 	124.963997 	56.885849 	121.210564 	25.612497 	68.154236 	76.843994 	104.316826 	25.942244 	59.076221 	101.390335 	74.431175 	77.233414 	74.027023 	75.026665 	77.103828 	81.394104 	78.057671 	79.101204 	83.384651 	95.126228 	82.097504 	71.449280 	83.096329 	94.201912 	66.708321 	77.317528 	77.414467 	73.756355 	76.295479 	75.504967 	73.246162 	68.949257 	95.189285 	79.429214 	79.075912 	77.620872 	78.587532 	78.447433 	90.094398 	93.648277 	95.341492 	
49.091751 	57.428215 	49.729267 	93.477272 	45.967381 	2.000000 	1.000000 	41.109608 	18.027756 	37.802116 	87.235313 	72.069412 	10.198039 	82.377182 	999.000000 	8.062258 	44.821869 	68.352028 	38.078865 	81.320351 	30.870699 	38.948685 	41.677334 	43.046486 	12.369317 	12.369317 	101.316338 	44.204071 	37.336308 	39.623226 	78.243210 	28.160255 	21.377558 	22.803509 	88.729927 	49.030602 	25.961510 	37.336308 	39.812057 	43.289722 	43.416588 	41.773197 	38.897301 	42.953465 	42.201897 	39.560081 	34.655445 	43.011627 	53.037724 	43.324360 	38.418747 	60.133186 	52.611786 	53.600372 	61.073727 	59.304298 	60.207973 	63.031738 	68.117546 	46.872166 	60.671246 	63.505905 	65.276337 	65.375839 	68.264191 	62.297672 	60.926186 	70.228203 	
56.435802 	64.938431 	57.567352 	86.284416 	38.288380 	9.848858 	7.615773 	33.241539 	10.000000 	29.832869 	80.777473 	65.306969 	10.816654 	75.292763 	8.062258 	999.000000 	36.878178 	76.321686 	30.016663 	73.552704 	22.847319 	30.886890 	33.615471 	34.985710 	18.867962 	8.602325 	93.723000 	52.201534 	29.410883 	47.507893 	70.292244 	21.023796 	16.124516 	29.068884 	80.808418 	41.436699 	29.000000 	31.320919 	34.176014 	37.107952 	37.363083 	36.055511 	34.000000 	37.336308 	36.769554 	34.985710 	33.286633 	38.013157 	46.389652 	38.470768 	36.235340 	53.000000 	46.572525 	47.539455 	54.451813 	52.952808 	53.758720 	56.320511 	61.000000 	43.863426 	54.571056 	57.271286 	58.855755 	59.033890 	61.814240 	57.271286 	56.435802 	65.306969 	
89.537704 	98.432716 	92.574295 	52.201534 	5.830952 	46.400433 	44.204071 	4.123106 	26.907248 	7.071068 	51.039200 	35.000000 	41.146080 	42.201897 	44.821869 	36.878178 	999.000000 	111.825760 	9.219544 	37.013512 	16.552946 	9.055386 	7.071068 	6.324555 	55.172459 	38.600517 	57.688820 	89.022469 	15.000000 	84.386017 	33.421551 	25.961510 	34.928497 	64.660652 	43.931767 	22.203604 	59.941639 	33.060551 	36.221542 	33.955853 	34.928497 	36.496574 	40.049969 	37.656342 	38.470768 	42.047592 	52.952808 	41.436699 	34.985710 	42.426407 	52.239830 	34.655445 	39.812057 	40.249222 	40.459858 	41.617306 	41.400482 	41.036568 	40.804413 	54.147945 	44.654228 	45.607018 	45.343136 	46.097721 	47.381432 	53.665630 	56.080299 	60.539242 	
25.806976 	18.384777 	19.416489 	154.563904 	111.646767 	66.483078 	68.709534 	107.823929 	86.005814 	105.095192 	144.256714 	131.795303 	70.710678 	143.282944 	68.352028 	76.321686 	111.825760 	999.000000 	106.103722 	146.441116 	99.161484 	107.018692 	109.658562 	110.981979 	62.169125 	78.847954 	164.805954 	29.154760 	105.688217 	35.128338 	144.754959 	95.880135 	87.321243 	58.034473 	154.870911 	117.046997 	71.007042 	102.771591 	104.235313 	108.673820 	108.503456 	106.212051 	101.710373 	107.056061 	105.929222 	101.493843 	89.000000 	105.574615 	119.050407 	105.475113 	94.000000 	127.121986 	117.098251 	118.088951 	126.751724 	124.310097 	125.447197 	128.891434 	134.937027 	103.019417 	124.903961 	128.003906 	130.249756 	130.115326 	133.221619 	123.065025 	120.000000 	130.000000 	
84.899940 	93.680305 	87.091904 	61.351448 	14.035668 	39.824615 	37.589893 	8.246211 	20.124611 	5.000000 	60.133186 	44.045429 	36.138622 	51.419842 	38.078865 	30.016663 	9.219544 	106.103722 	999.000000 	45.486263 	7.810250 	1.000000 	3.605551 	5.000000 	47.507893 	30.413813 	66.370171 	82.097504 	6.324555 	77.201035 	41.036568 	16.763054 	25.942244 	56.586216 	51.662365 	17.492855 	51.107731 	24.331051 	27.658634 	26.000000 	26.925823 	28.160255 	31.257000 	29.410883 	30.083218 	33.241539 	43.737854 	32.984844 	29.000000 	33.955853 	43.104523 	30.886890 	33.015148 	33.600594 	35.608986 	36.069378 	36.124783 	36.619667 	38.078865 	45.398239 	38.897301 	40.360870 	40.607880 	41.231056 	43.011627 	46.872166 	48.764740 	54.203320 	
122.674362 	131.609268 	127.027557 	20.615528 	35.383614 	82.758682 	80.622574 	40.360870 	63.702435 	44.045429 	30.413813 	23.769728 	76.216797 	17.691807 	81.320351 	73.552704 	37.013512 	146.441116 	45.486263 	999.000000 	53.254108 	44.944408 	42.190044 	40.816662 	92.097771 	75.604233 	21.023796 	125.319588 	49.648766 	120.933868 	8.544003 	61.773781 	71.344238 	101.671036 	10.000000 	48.052055 	96.566040 	65.459915 	67.720009 	63.788715 	64.761101 	67.186310 	72.124893 	67.911705 	69.123077 	74.040527 	87.464279 	72.034714 	59.211487 	73.006851 	85.702972 	53.037724 	65.276337 	65.192024 	60.074955 	63.007935 	62.032249 	59.211487 	53.935146 	85.146935 	66.030296 	65.192024 	63.387695 	64.381676 	63.788715 	77.006493 	81.024689 	81.394104 	
78.644768 	87.321243 	80.324341 	68.709534 	20.396078 	32.695564 	30.463093 	14.317822 	13.341664 	10.198039 	66.610809 	50.487621 	30.149628 	58.523499 	30.870699 	22.847319 	16.552946 	99.161484 	7.810250 	53.254108 	999.000000 	8.485281 	11.313708 	12.727922 	39.824615 	22.627417 	74.094536 	74.625732 	7.000000 	69.634758 	48.836460 	10.000000 	18.384777 	48.795490 	59.464275 	20.223749 	43.416588 	20.124611 	23.706539 	23.430750 	24.207438 	24.698177 	26.570660 	26.076809 	26.419689 	28.460499 	37.121422 	29.068884 	29.154760 	29.966648 	37.054016 	33.241539 	31.890438 	32.649654 	36.674240 	36.359318 	36.715118 	38.078865 	41.000000 	40.521599 	38.832977 	40.816662 	41.593269 	42.059483 	44.283180 	45.276924 	46.400433 	53.037724 	
85.866173 	94.641426 	88.022728 	61.032780 	14.142136 	40.706264 	38.470768 	8.544003 	21.023796 	5.656854 	60.074955 	44.011364 	37.107952 	51.195702 	38.948685 	30.886890 	9.055386 	107.018692 	1.000000 	44.944408 	8.485281 	999.000000 	2.828427 	4.242640 	48.270073 	31.112698 	65.863495 	82.927681 	6.082763 	78.006409 	40.360870 	17.088007 	26.419689 	57.280014 	50.990196 	16.643316 	51.623638 	24.186773 	27.459061 	25.632011 	26.570660 	27.892651 	31.144823 	29.120440 	29.832869 	33.136082 	43.931767 	32.756680 	28.319605 	33.734257 	43.185646 	30.016663 	32.449963 	33.015148 	34.828148 	35.355339 	35.383614 	35.805027 	37.161808 	45.276924 	38.209946 	39.623226 	39.824615 	40.459858 	42.201897 	46.324940 	48.301140 	53.600372 	
88.323273 	97.123634 	90.620087 	58.523499 	12.649111 	43.416588 	41.182522 	7.810250 	23.706539 	6.324555 	58.008621 	42.011902 	39.560081 	48.836460 	41.677334 	33.615471 	7.071068 	109.658562 	3.605551 	42.190044 	11.313708 	2.828427 	999.000000 	1.414214 	51.088158 	33.941124 	63.134777 	85.702972 	8.062258 	80.802231 	37.536648 	19.697716 	29.154760 	60.108234 	48.166378 	16.278820 	54.378304 	26.019224 	29.154760 	26.925823 	27.892651 	29.427877 	33.015148 	30.594116 	31.400637 	35.014282 	46.324940 	34.365681 	28.600698 	35.355339 	45.398239 	29.410883 	33.120991 	33.615471 	34.655445 	35.468296 	35.383614 	35.468296 	36.235340 	47.095646 	38.418747 	39.623226 	39.623226 	40.311287 	41.868843 	47.010635 	49.244289 	54.083271 	
89.560036 	98.371742 	91.923882 	57.280014 	12.083046 	44.777225 	42.544094 	7.810250 	25.059929 	7.071068 	57.000000 	41.048752 	40.804413 	47.675991 	43.046486 	34.985710 	6.324555 	110.981979 	5.000000 	40.816662 	12.727922 	4.242640 	1.414214 	999.000000 	52.497620 	35.355339 	61.773781 	87.091904 	9.219544 	82.200974 	36.124783 	21.023796 	30.528675 	61.522354 	46.754681 	16.278820 	55.758408 	27.000000 	30.066593 	27.658634 	28.635643 	30.265491 	34.000000 	31.400637 	32.249031 	36.000000 	47.539455 	35.227829 	28.844410 	36.221542 	46.529560 	29.206163 	33.541019 	34.000000 	34.655445 	35.608986 	35.468296 	35.383614 	35.846897 	48.041649 	38.600517 	39.698868 	39.597980 	40.311287 	41.773197 	47.413078 	49.769470 	54.378304 	
46.872166 	54.230988 	45.011108 	105.152267 	57.008770 	12.041595 	13.341664 	51.739735 	28.425341 	48.104053 	99.403221 	84.077347 	22.022715 	94.154129 	12.369317 	18.867962 	55.172459 	62.169125 	47.507893 	92.097771 	39.824615 	48.270073 	51.088158 	52.497620 	999.000000 	17.492855 	112.445541 	35.341194 	45.486263 	30.016663 	88.413803 	34.438351 	25.298222 	10.440307 	99.005051 	55.542778 	16.401220 	40.607880 	42.190044 	46.529560 	46.389652 	44.181442 	40.000000 	45.099888 	44.045429 	40.049969 	30.463093 	44.011364 	56.885849 	44.045429 	35.114101 	65.000000 	55.145264 	56.142673 	64.629715 	62.289646 	63.387695 	66.753281 	72.780495 	44.271889 	63.071388 	66.121101 	68.264191 	68.183578 	71.253067 	62.514000 	60.207973 	70.035706 	
61.000000 	69.115845 	60.827625 	89.894379 	41.182522 	14.317822 	12.649111 	35.510563 	13.341664 	31.622776 	85.726311 	69.892776 	19.104973 	79.202271 	12.369317 	8.602325 	38.600517 	78.847954 	30.413813 	75.604233 	22.627417 	31.112698 	33.941124 	35.355339 	17.492855 	999.000000 	96.260063 	52.773098 	28.017851 	47.507893 	71.449280 	17.088007 	9.055386 	26.172504 	82.073135 	38.275318 	22.561028 	25.079872 	27.459061 	31.064449 	31.144823 	29.427877 	26.570660 	30.594116 	29.832869 	27.313000 	24.698177 	30.675724 	41.012192 	31.016125 	27.658634 	48.507732 	40.311287 	41.303753 	49.000000 	47.095646 	48.041649 	51.009804 	56.435802 	35.468296 	48.373547 	51.244511 	53.084839 	53.150730 	56.080299 	49.979996 	48.754486 	57.939625 	
140.346008 	149.214615 	145.416641 	14.035668 	55.443665 	102.649887 	100.568382 	60.802959 	84.023804 	64.637451 	30.149628 	34.539833 	95.482986 	23.086792 	101.316338 	93.723000 	57.688820 	164.805954 	66.370171 	21.023796 	74.094536 	65.863495 	63.134777 	61.773781 	112.445541 	96.260063 	999.000000 	144.958618 	70.661163 	140.801285 	27.658634 	82.764725 	92.282173 	122.200653 	19.026299 	68.680420 	117.477661 	86.377083 	88.543777 	84.480766 	85.440041 	87.931793 	92.973114 	88.600227 	89.844307 	94.868332 	108.461975 	92.720009 	79.246452 	93.680305 	106.625511 	72.339478 	85.328773 	85.158676 	79.227524 	82.389320 	81.301903 	78.102493 	72.006943 	105.773346 	85.287750 	84.095184 	82.024384 	83.024094 	82.006096 	96.332756 	100.603180 	100.004997 	
27.784887 	29.732138 	19.104973 	136.235092 	89.938866 	42.638012 	44.821869 	85.276024 	62.201286 	82.006096 	128.140549 	114.017540 	49.578220 	124.963997 	44.204071 	52.201534 	89.022469 	29.154760 	82.097504 	125.319588 	74.625732 	82.927681 	85.702972 	87.091904 	35.341194 	52.773098 	144.958618 	999.000000 	80.622574 	6.000000 	122.441826 	69.778221 	60.539242 	29.427877 	132.909744 	90.873535 	42.047592 	75.286118 	76.400261 	81.043198 	80.777473 	78.339005 	73.545906 	79.075912 	77.878113 	73.164200 	60.074955 	77.278717 	91.482239 	77.103828 	65.069191 	99.929977 	89.050545 	90.027771 	98.954536 	96.317184 	97.514099 	101.138519 	107.563934 	74.006760 	96.690224 	99.824844 	102.181213 	101.980392 	105.118980 	94.260277 	91.049438 	101.044548 	
85.510231 	94.148819 	86.977005 	66.483078 	20.223749 	39.217342 	37.000000 	14.560220 	20.223749 	11.180340 	66.030296 	50.000000 	37.121422 	56.885849 	37.336308 	29.410883 	15.000000 	105.688217 	6.324555 	49.648766 	7.000000 	6.082763 	8.062258 	9.219544 	45.486263 	28.017851 	70.661163 	80.622574 	999.000000 	75.471848 	44.407207 	12.206555 	22.022715 	53.907330 	55.000000 	13.341664 	47.201694 	18.110771 	21.377558 	19.697716 	20.615528 	21.840330 	25.079872 	23.086792 	23.769728 	27.073973 	38.327538 	26.683329 	23.430750 	27.658634 	37.336308 	26.570660 	27.018513 	27.658634 	30.528675 	30.610456 	30.805843 	31.764761 	34.205261 	39.204590 	33.301651 	35.000000 	35.510563 	36.055511 	38.078865 	40.804413 	42.544094 	48.270073 	
31.240999 	34.409302 	23.600847 	132.438660 	85.562843 	38.183765 	40.311287 	80.721741 	57.489128 	77.336922 	124.867928 	110.435501 	45.803928 	121.210564 	39.623226 	47.507893 	84.386017 	35.128338 	77.201035 	120.933868 	69.634758 	78.006409 	80.802231 	82.200974 	30.016663 	47.507893 	140.801285 	6.000000 	75.471848 	999.000000 	117.796432 	64.412735 	55.036350 	23.537205 	128.316010 	85.428329 	36.055511 	69.570107 	70.604530 	75.286118 	75.000000 	72.532753 	67.683083 	73.246162 	72.034714 	67.268120 	54.083271 	71.386276 	85.726311 	71.196907 	59.076221 	94.244362 	83.198555 	84.172440 	93.145050 	90.470993 	91.678787 	95.336250 	101.833199 	68.007355 	90.801979 	93.941475 	96.317184 	96.104111 	99.247169 	88.277969 	85.052925 	95.047356 	
121.671692 	130.613937 	125.399361 	29.120440 	33.120991 	79.812279 	77.620872 	37.202152 	60.307545 	40.459858 	38.418747 	29.529646 	74.094536 	25.612497 	78.243210 	70.292244 	33.421551 	144.754959 	41.036568 	8.544003 	48.836460 	40.360870 	37.536648 	36.124783 	88.413803 	71.449280 	27.658634 	122.441826 	44.407207 	117.796432 	999.000000 	56.612720 	66.400299 	97.621719 	10.630146 	41.109608 	91.607857 	59.093147 	61.098282 	56.920998 	57.870544 	60.406952 	65.551506 	61.032780 	62.297672 	67.416618 	81.394104 	65.145988 	51.623638 	66.098412 	79.309517 	45.011108 	57.706154 	57.558666 	52.000000 	55.036350 	54.009258 	51.039200 	45.541191 	78.160095 	58.008621 	57.035076 	55.145264 	56.142673 	55.443665 	69.028976 	73.171036 	73.171036 	
77.233414 	85.586212 	77.665955 	78.108902 	30.265491 	30.149628 	28.071337 	24.186773 	14.764823 	20.099751 	76.531036 	60.406952 	30.805843 	68.154236 	28.160255 	21.023796 	25.961510 	95.880135 	16.763054 	61.773781 	10.000000 	17.088007 	19.697716 	21.023796 	34.438351 	17.088007 	82.764725 	69.778221 	12.206555 	64.412735 	56.612720 	999.000000 	9.899495 	42.201897 	67.201187 	21.189621 	35.000000 	12.041595 	15.556349 	17.000000 	17.492855 	17.029387 	17.492855 	18.439089 	18.384777 	19.235384 	27.166155 	20.615528 	25.495098 	21.400934 	27.073973 	32.015621 	26.400757 	27.313000 	33.541019 	32.280025 	32.984844 	35.355339 	40.012497 	31.016125 	34.176014 	36.687874 	38.078865 	38.327538 	41.000000 	38.600517 	38.897301 	46.615448 	
70.007141 	78.057671 	69.584480 	87.091904 	38.600517 	23.345236 	21.587032 	32.572994 	15.231546 	28.460499 	84.528099 	68.447060 	26.925823 	76.843994 	21.377558 	16.124516 	34.928497 	87.321243 	25.942244 	71.344238 	18.384777 	26.419689 	29.154760 	30.528675 	25.298222 	9.055386 	92.282173 	60.539242 	22.022715 	55.036350 	66.400299 	9.899495 	999.000000 	32.449963 	77.006493 	30.413813 	25.238859 	16.031219 	18.439089 	22.022715 	22.090721 	20.396078 	17.888544 	21.587032 	20.880613 	18.867962 	20.396078 	21.931713 	32.062439 	22.360680 	21.931713 	39.812057 	31.257000 	32.249031 	40.012497 	38.052597 	39.012817 	42.047592 	47.675991 	28.425341 	39.319206 	42.190044 	44.045429 	44.102154 	47.042534 	41.231056 	40.311287 	49.244289 	
47.010635 	53.160137 	42.953465 	115.247559 	66.850578 	22.360680 	23.769728 	61.400326 	38.275318 	57.628117 	109.772491 	94.371605 	32.249031 	104.316826 	22.803509 	29.068884 	64.660652 	58.034473 	56.586216 	101.671036 	48.795490 	57.280014 	60.108234 	61.522354 	10.440307 	26.172504 	122.200653 	29.427877 	53.907330 	23.537205 	97.621719 	42.201897 	32.449963 	999.000000 	108.245094 	62.769421 	13.341664 	46.238514 	47.127487 	51.865211 	51.546097 	49.040798 	44.147480 	49.729267 	48.507732 	43.737854 	31.064449 	47.853943 	62.297672 	47.675991 	36.055511 	70.936592 	59.665737 	60.638271 	69.641945 	66.940269 	68.154236 	71.840103 	78.434685 	45.177429 	67.268120 	70.405968 	72.780495 	72.567207 	75.709976 	65.030762 	62.032249 	72.027771 	
131.487640 	140.431473 	135.484314 	25.000000 	43.266617 	90.271812 	88.090858 	47.634022 	70.837845 	50.990196 	38.013157 	33.541019 	84.314888 	25.942244 	88.729927 	80.808418 	43.931767 	154.870911 	51.662365 	10.000000 	59.464275 	50.990196 	48.166378 	46.754681 	99.005051 	82.073135 	19.026299 	132.909744 	55.000000 	128.316010 	10.630146 	67.201187 	77.006493 	108.245094 	999.000000 	51.078373 	102.200783 	69.318108 	71.175842 	66.850578 	67.779053 	70.384659 	75.643906 	70.936592 	72.235725 	77.472572 	91.706055 	75.026665 	60.876926 	75.960518 	89.470665 	53.600372 	66.940269 	66.708321 	60.406952 	63.639610 	62.514000 	59.211487 	53.000000 	87.920418 	66.483078 	65.192024 	63.071388 	64.070274 	63.000000 	77.524193 	81.884064 	81.024689 	
97.867256 	106.367287 	98.716766 	67.186310 	28.017851 	50.990196 	48.836460 	24.041630 	33.000000 	22.203604 	69.871307 	54.571056 	50.000000 	59.076221 	49.030602 	41.436699 	22.203604 	117.046997 	17.492855 	48.052055 	20.223749 	16.643316 	16.278820 	16.278820 	55.542778 	38.275318 	68.680420 	90.873535 	13.341664 	85.428329 	41.109608 	21.189621 	30.413813 	62.769421 	51.078373 	999.000000 	53.907330 	18.601076 	20.124611 	15.811388 	16.763054 	19.313208 	24.596748 	19.924858 	21.189621 	26.400757 	41.048752 	24.041630 	13.000000 	25.000000 	38.470768 	13.416408 	18.439089 	18.681541 	18.384777 	19.416489 	19.209373 	19.209373 	20.880613 	37.107952 	22.472204 	23.430750 	23.345236 	24.041630 	25.612497 	31.953091 	34.928497 	38.470768 	
60.166435 	66.483078 	56.293873 	111.892807 	63.158531 	26.570660 	26.925823 	57.271286 	35.902645 	53.225933 	108.240471 	92.347168 	36.138622 	101.390335 	25.961510 	29.000000 	59.941639 	71.007042 	51.107731 	96.566040 	43.416588 	51.623638 	54.378304 	55.758408 	16.401220 	22.561028 	117.477661 	42.047592 	47.201694 	36.055511 	91.607857 	35.000000 	25.238859 	13.341664 	102.200783 	53.907330 	999.000000 	36.055511 	36.235340 	41.182522 	40.706264 	38.013157 	32.695564 	38.483765 	37.161808 	31.953091 	18.027756 	36.055511 	51.429562 	35.735138 	23.021729 	60.415230 	48.104053 	49.040798 	58.309521 	55.362442 	56.648037 	60.539242 	67.542580 	32.015621 	55.362442 	58.523499 	61.032780 	60.728905 	63.890530 	52.239830 	49.010204 	59.008472 	
86.023254 	94.021271 	85.375641 	83.546394 	38.327538 	39.319206 	37.483330 	32.557640 	26.627054 	28.861740 	84.000000 	68.029404 	41.785164 	74.431175 	37.336308 	31.320919 	33.060551 	102.771591 	24.331051 	65.459915 	20.124611 	24.186773 	26.019224 	27.000000 	40.607880 	25.079872 	86.377083 	75.286118 	18.110771 	69.570107 	59.093147 	12.041595 	16.031219 	46.238514 	69.318108 	18.601076 	36.055511 	999.000000 	3.605551 	6.000000 	6.082763 	5.000000 	7.000000 	6.403124 	6.403124 	9.000000 	22.472204 	8.944272 	16.278820 	9.848858 	20.248457 	24.698177 	15.297058 	16.278820 	24.083189 	22.022715 	23.000000 	26.172504 	32.280025 	21.095022 	23.345236 	26.172504 	28.017851 	28.071337 	31.016125 	26.627054 	26.870058 	34.669872 	
88.141930 	96.005211 	87.143562 	86.145226 	41.593269 	41.773197 	40.024994 	35.902645 	30.000000 	32.280025 	87.022987 	71.112587 	44.777225 	77.233414 	39.812057 	34.176014 	36.221542 	104.235313 	27.658634 	67.720009 	23.706539 	27.459061 	29.154760 	30.066593 	42.190044 	27.459061 	88.543777 	76.400261 	21.377558 	70.604530 	61.098282 	15.556349 	18.439089 	47.127487 	71.175842 	20.124611 	36.235340 	3.605551 	999.000000 	5.000000 	4.472136 	2.000000 	4.472136 	3.162278 	2.828427 	6.324555 	21.260292 	5.385165 	15.231546 	6.324555 	18.357559 	24.186773 	13.000000 	14.000000 	22.561028 	20.099751 	21.213203 	24.738634 	31.384710 	18.000000 	21.023796 	24.000000 	26.076809 	26.019224 	29.068884 	23.323807 	23.345236 	31.384710 	
92.021736 	100.019997 	91.350975 	82.607506 	39.560081 	45.276924 	43.416588 	34.176014 	31.764761 	30.870699 	84.214012 	68.468971 	47.434166 	74.027023 	43.289722 	37.107952 	33.955853 	108.673820 	26.000000 	63.788715 	23.430750 	25.632011 	26.925823 	27.658634 	46.529560 	31.064449 	84.480766 	81.043198 	19.697716 	75.286118 	56.920998 	17.000000 	22.022715 	51.865211 	66.850578 	15.811388 	41.182522 	6.000000 	5.000000 	999.000000 	1.000000 	3.605551 	9.219544 	4.123106 	5.385165 	10.816654 	26.172504 	8.246211 	10.440307 	9.219544 	23.021729 	19.235384 	9.486833 	10.440307 	18.110771 	16.031219 	17.000000 	20.223749 	26.570660 	21.377558 	17.464249 	20.223749 	22.022715 	22.090721 	25.019993 	21.931713 	23.021729 	29.832869 	
92.048897 	100.004997 	91.268837 	83.600243 	40.521599 	45.398239 	43.566040 	35.114101 	32.249031 	31.780497 	85.211502 	69.462219 	47.759815 	75.026665 	43.416588 	37.363083 	34.928497 	108.503456 	26.925823 	64.761101 	24.207438 	26.570660 	27.892651 	28.635643 	46.389652 	31.144823 	85.440041 	80.777473 	20.615528 	75.000000 	57.870544 	17.492855 	22.090721 	51.546097 	67.779053 	16.763054 	40.706264 	6.082763 	4.472136 	1.000000 	999.000000 	2.828427 	8.485281 	3.162278 	4.472136 	10.000000 	25.455845 	7.280110 	10.770329 	8.246211 	22.203604 	19.723083 	9.219544 	10.198039 	18.248287 	16.000000 	17.029387 	20.396078 	26.925823 	20.396078 	17.262676 	20.099751 	22.000000 	22.022715 	25.000000 	21.260292 	22.203604 	29.206163 	
90.138779 	98.005104 	89.140335 	85.842880 	41.976185 	43.737854 	41.976185 	36.400551 	31.622776 	32.893768 	87.091904 	71.253067 	46.615448 	77.103828 	41.773197 	36.055511 	36.496574 	106.212051 	28.160255 	67.186310 	24.698177 	27.892651 	29.427877 	30.265491 	44.181442 	29.427877 	87.931793 	78.339005 	21.840330 	72.532753 	60.406952 	17.029387 	20.396078 	49.040798 	70.384659 	19.313208 	38.013157 	5.000000 	2.000000 	3.605551 	2.828427 	999.000000 	5.656854 	1.414214 	2.000000 	7.211102 	22.627417 	5.000000 	13.416408 	6.000000 	19.416489 	22.472204 	11.000000 	12.000000 	20.615528 	18.110771 	19.235384 	22.803509 	29.546574 	18.110771 	19.026299 	22.000000 	24.083189 	24.020824 	27.073973 	21.633308 	21.931713 	29.681644 	
86.469650 	94.132881 	85.005882 	90.426765 	45.276924 	40.804413 	39.217342 	39.458839 	31.112698 	35.693138 	91.000000 	75.026665 	44.777225 	81.394104 	38.897301 	34.000000 	40.049969 	101.710373 	31.257000 	72.124893 	26.570660 	31.144823 	33.015148 	34.000000 	40.000000 	26.570660 	92.973114 	73.545906 	25.079872 	67.683083 	65.551506 	17.492855 	17.888544 	44.147480 	75.643906 	24.596748 	32.695564 	7.000000 	4.472136 	9.219544 	8.485281 	5.656854 	999.000000 	5.830952 	4.472136 	2.000000 	16.970562 	4.123106 	18.867962 	4.472136 	13.892444 	28.017851 	15.524175 	16.492422 	25.632011 	22.803509 	24.041630 	27.856777 	34.885529 	14.142136 	23.194826 	26.305893 	28.635643 	28.442924 	31.575306 	23.409399 	22.472204 	31.384710 	
91.197586 	99.020203 	90.088844 	86.700638 	43.174065 	44.911022 	43.174065 	37.643059 	33.015148 	34.176014 	88.141930 	72.339478 	47.927029 	78.057671 	42.953465 	37.336308 	37.656342 	107.056061 	29.410883 	67.911705 	26.076809 	29.120440 	30.594116 	31.400637 	45.099888 	30.594116 	88.600227 	79.075912 	23.086792 	73.246162 	61.032780 	18.439089 	21.587032 	49.729267 	70.936592 	19.924858 	38.483765 	6.403124 	3.162278 	4.123106 	3.162278 	1.414214 	5.830952 	999.000000 	1.414214 	7.071068 	22.671568 	4.123106 	13.038404 	5.099020 	19.209373 	22.203604 	10.049875 	11.045361 	19.924858 	17.262676 	18.439089 	22.135944 	29.068884 	17.262676 	18.000000 	21.023796 	23.194826 	23.086792 	26.172504 	20.248457 	20.518284 	28.301943 	
90.271812 	98.045906 	89.050545 	87.823685 	43.931767 	44.147480 	42.449970 	38.327538 	32.802441 	34.785053 	89.089844 	73.246162 	47.423622 	79.101204 	42.201897 	36.769554 	38.470768 	105.929222 	30.083218 	69.123077 	26.419689 	29.832869 	31.400637 	32.249031 	44.045429 	29.832869 	89.844307 	77.878113 	23.769728 	72.034714 	62.297672 	18.384777 	20.880613 	48.507732 	72.235725 	21.189621 	37.161808 	6.403124 	2.828427 	5.385165 	4.472136 	2.000000 	4.472136 	1.414214 	999.000000 	5.656854 	21.260292 	3.000000 	14.422205 	4.000000 	17.804493 	23.600847 	11.180340 	12.165525 	21.189621 	18.439089 	19.646883 	23.409399 	30.413813 	16.124516 	19.026299 	22.090721 	24.331051 	24.186773 	27.294687 	20.591261 	20.518284 	28.653097 	
86.700638 	94.260277 	85.005882 	92.395889 	47.265209 	41.436699 	39.924931 	41.436699 	32.557640 	37.656342 	93.000000 	77.025970 	45.793011 	83.384651 	39.560081 	34.985710 	42.047592 	101.493843 	33.241539 	74.040527 	28.460499 	33.136082 	35.014282 	36.000000 	40.049969 	27.313000 	94.868332 	73.164200 	27.073973 	67.268120 	67.416618 	19.235384 	18.867962 	43.737854 	77.472572 	26.400757 	31.953091 	9.000000 	6.324555 	10.816654 	10.000000 	7.211102 	2.000000 	7.071068 	5.656854 	999.000000 	15.620500 	4.123106 	20.000000 	4.000000 	12.206555 	29.206163 	16.155495 	17.088007 	26.400757 	23.409399 	24.698177 	28.635643 	35.846897 	12.165525 	23.537205 	26.683329 	29.120440 	28.861740 	32.015621 	22.803509 	21.470911 	30.675724 	
76.922035 	83.743660 	73.824112 	104.809349 	57.428215 	36.124783 	35.355339 	51.351727 	35.440090 	47.265209 	103.696671 	87.572830 	43.416588 	95.126228 	34.655445 	33.286633 	52.952808 	89.000000 	43.737854 	87.464279 	37.121422 	43.931767 	46.324940 	47.539455 	30.463093 	24.698177 	108.461975 	60.074955 	38.327538 	54.083271 	81.394104 	27.166155 	20.396078 	31.064449 	91.706055 	41.048752 	18.027756 	22.472204 	21.260292 	26.172504 	25.455845 	22.627417 	16.970562 	22.671568 	21.260292 	15.620500 	999.000000 	19.416489 	35.608986 	18.867962 	5.000000 	44.821869 	31.384710 	32.249031 	41.677334 	38.470768 	39.824615 	43.908997 	51.312767 	14.142136 	38.078865 	41.231056 	43.863426 	43.462627 	46.615448 	34.234486 	31.000000 	41.000000 	
90.553848 	98.183502 	89.000000 	90.796478 	46.872166 	44.922153 	43.324360 	41.231056 	34.713108 	37.643059 	92.086914 	76.236473 	48.764740 	82.097504 	43.011627 	38.013157 	41.436699 	105.574615 	32.984844 	72.034714 	29.068884 	32.756680 	34.365681 	35.227829 	44.011364 	30.675724 	92.720009 	77.278717 	26.683329 	71.386276 	65.145988 	20.615528 	21.931713 	47.853943 	75.026665 	24.041630 	36.055511 	8.944272 	5.385165 	8.246211 	7.280110 	5.000000 	4.123106 	4.123106 	3.000000 	4.123106 	19.416489 	999.000000 	16.278820 	1.000000 	15.556349 	25.495098 	12.083046 	13.000000 	22.360680 	19.313208 	20.615528 	24.596748 	31.906113 	13.152946 	19.416489 	22.561028 	25.000000 	24.738634 	27.892651 	19.313208 	18.601076 	27.313000 	
102.004898 	110.113579 	101.597244 	79.000000 	40.816662 	55.036350 	53.084839 	36.400551 	39.849716 	33.970577 	82.565125 	67.446274 	56.293873 	71.449280 	53.037724 	46.389652 	34.985710 	119.050407 	29.000000 	59.211487 	29.154760 	28.319605 	28.600698 	28.844410 	56.885849 	41.012192 	79.246452 	91.482239 	23.430750 	85.726311 	51.623638 	25.495098 	32.062439 	62.297672 	60.876926 	13.000000 	51.429562 	16.278820 	15.231546 	10.440307 	10.770329 	13.416408 	18.867962 	13.038404 	14.422205 	20.000000 	35.608986 	16.278820 	999.000000 	16.970562 	31.827662 	9.219544 	6.082763 	6.000000 	8.062258 	7.211102 	7.615773 	10.000000 	16.155495 	27.784887 	9.899495 	11.661903 	12.649111 	13.000000 	15.524175 	18.973665 	22.203604 	25.553865 	
90.669731 	98.249680 	89.005615 	91.787796 	47.853943 	45.221676 	43.657761 	42.201897 	35.383614 	38.600517 	93.085983 	77.233414 	49.244289 	83.096329 	43.324360 	38.470768 	42.426407 	105.475113 	33.955853 	73.006851 	29.966648 	33.734257 	35.355339 	36.221542 	44.045429 	31.016125 	93.680305 	77.103828 	27.658634 	71.196907 	66.098412 	21.400934 	22.360680 	47.675991 	75.960518 	25.000000 	35.735138 	9.848858 	6.324555 	9.219544 	8.246211 	6.000000 	4.472136 	5.099020 	4.000000 	4.000000 	18.867962 	1.000000 	16.970562 	999.000000 	14.866069 	26.172504 	12.529964 	13.416408 	22.825424 	19.697716 	21.023796 	25.059929 	32.449963 	12.165525 	19.646883 	22.803509 	25.298222 	25.000000 	28.160255 	18.973665 	18.027756 	26.925823 	
81.743500 	88.645363 	78.771820 	103.585716 	57.035076 	40.000000 	39.051247 	51.009804 	37.161808 	47.000000 	103.237587 	87.143562 	46.690472 	94.201912 	38.418747 	36.235340 	52.239830 	94.000000 	43.104523 	85.702972 	37.054016 	43.185646 	45.398239 	46.529560 	35.114101 	27.658634 	106.625511 	65.069191 	37.336308 	59.076221 	79.309517 	27.073973 	21.931713 	36.055511 	89.470665 	38.470768 	23.021729 	20.248457 	18.357559 	23.021729 	22.203604 	19.416489 	13.892444 	19.209373 	17.804493 	12.206555 	5.000000 	15.556349 	31.827662 	14.866069 	999.000000 	41.036568 	27.202942 	28.017851 	37.443291 	34.132095 	35.510563 	39.661064 	47.201694 	9.219544 	33.541019 	36.674240 	39.357338 	38.910152 	42.047592 	29.274563 	26.000000 	36.000000 	
109.224541 	117.515953 	109.329773 	73.334846 	40.311287 	62.128899 	60.074955 	37.013512 	45.398239 	35.510563 	78.447433 	64.078079 	62.289646 	66.708321 	60.133186 	53.000000 	34.655445 	127.121986 	30.886890 	53.037724 	33.241539 	30.016663 	29.410883 	29.206163 	65.000000 	48.507732 	72.339478 	99.929977 	26.570660 	94.244362 	45.011108 	32.015621 	39.812057 	70.936592 	53.600372 	13.416408 	60.415230 	24.698177 	24.186773 	19.235384 	19.723083 	22.472204 	28.017851 	22.203604 	23.600847 	29.206163 	44.821869 	25.495098 	9.219544 	26.172504 	41.036568 	999.000000 	14.422205 	13.892444 	7.071068 	10.049875 	9.000000 	6.708204 	8.000000 	36.619667 	13.000000 	12.369317 	11.180340 	12.083046 	12.806249 	24.020824 	28.284271 	28.635643 	
101.123688 	109.004585 	100.124924 	85.005882 	45.617977 	54.589375 	52.773098 	40.816662 	41.146080 	38.013157 	88.283630 	73.006851 	56.920998 	77.317528 	52.611786 	46.572525 	39.812057 	117.098251 	33.015148 	65.276337 	31.890438 	32.449963 	33.120991 	33.541019 	55.145264 	40.311287 	85.328773 	89.050545 	27.018513 	83.198555 	57.706154 	26.400757 	31.257000 	59.665737 	66.940269 	18.439089 	48.104053 	15.297058 	13.000000 	9.486833 	9.219544 	11.000000 	15.524175 	10.049875 	11.180340 	16.155495 	31.384710 	12.083046 	6.082763 	12.529964 	27.202942 	14.422205 	999.000000 	1.000000 	10.295630 	7.280110 	8.544003 	12.529964 	20.000000 	22.203604 	8.062258 	11.000000 	13.152946 	13.038404 	16.124516 	13.892444 	16.492422 	21.260292 	
