Total assets = 780
Number of asset nodes = 40

Distance:
999.000000 	75.026665 	98.838249 	7.211102 	75.286118 	71.568146 	114.947815 	115.836090 	78.587532 	111.825760 	12.206555 	6.324555 	28.231188 	86.400230 	13.416408 	25.632011 	14.317822 	116.297035 	114.542572 	152.800522 	79.831070 	115.451286 	164.541794 	32.280025 	156.208191 	15.132746 	151.238220 	174.040222 	172.002914 	16.763054 	27.730848 	16.124516 	169.994110 	83.952370 	78.089691 	174.771286 	30.870699 	173.484863 	28.653097 	171.493439 	18.110771 	83.360664 	153.687988 	93.861603 	34.539833 	19.000000 	79.762146 	20.615528 	156.473633 	27.802877 	95.801880 	170.417130 	32.249031 	
75.026665 	999.000000 	25.455845 	81.024689 	5.385165 	8.062258 	41.231056 	42.011902 	9.219544 	37.443291 	78.854294 	75.000000 	46.818798 	13.341664 	74.946648 	58.412327 	85.883644 	41.880783 	39.962482 	83.240616 	12.806249 	40.816662 	97.082436 	53.075417 	86.833176 	79.924965 	80.808418 	108.226616 	105.688217 	86.452301 	59.548298 	83.862984 	103.174606 	15.000000 	15.652476 	108.756607 	58.000000 	106.780151 	60.876926 	104.292854 	81.541397 	16.970562 	82.807007 	21.377558 	55.172459 	83.761566 	18.357559 	77.201035 	85.632935 	65.115280 	23.345236 	102.200783 	60.108234 	
98.838249 	25.455845 	999.000000 	105.190300 	28.017851 	32.202484 	16.124516 	17.000000 	27.730848 	13.341664 	101.242287 	98.086693 	70.710678 	21.587032 	99.864906 	83.737686 	110.453613 	17.720045 	16.278820 	58.008621 	29.732138 	17.262676 	72.201111 	78.517517 	61.611687 	104.861816 	55.443665 	83.648071 	81.006172 	111.220505 	84.958817 	108.724419 	78.390053 	27.658634 	33.837849 	84.118965 	83.450584 	81.987801 	86.313385 	79.404030 	106.606750 	30.594116 	57.384666 	22.203604 	80.622574 	108.811768 	35.171009 	102.449989 	60.207973 	90.553848 	22.561028 	77.103828 	85.562843 	
7.211102 	81.024689 	105.190300 	999.000000 	80.993828 	77.162170 	121.313644 	122.188377 	84.118965 	118.072014 	16.278820 	12.165525 	34.481880 	92.027168 	11.661903 	28.160255 	7.280110 	122.543869 	120.747673 	159.624557 	85.164543 	121.642921 	171.493439 	35.128338 	163.049072 	10.816654 	158.003159 	181.069046 	179.011169 	10.049875 	29.614185 	10.198039 	176.980225 	89.286057 	83.198555 	181.793839 	32.756680 	180.479919 	30.083218 	178.465683 	13.416408 	88.526833 	160.424438 	99.327744 	36.674240 	13.601471 	84.723076 	17.691807 	163.217651 	28.231188 	101.242287 	177.341476 	33.526108 	
75.286118 	5.385165 	28.017851 	80.993828 	999.000000 	4.242640 	43.139309 	43.840622 	4.472136 	38.948685 	79.906197 	75.709976 	47.296936 	11.180340 	74.242844 	57.140179 	85.492691 	43.278172 	41.231056 	86.023254 	7.810250 	42.011902 	100.169853 	51.400391 	89.627007 	79.177017 	83.408630 	111.507851 	108.908218 	85.866173 	58.008621 	83.186539 	106.329674 	10.770329 	10.295630 	112.004463 	56.222771 	109.931801 	59.203041 	107.377838 	80.622574 	12.206555 	85.276024 	19.026299 	53.150730 	82.855293 	13.038404 	76.006577 	88.090858 	63.411354 	21.023796 	105.118980 	58.137768 	
71.568146 	8.062258 	32.202484 	77.162170 	4.242640 	999.000000 	47.381432 	48.083260 	7.071068 	43.185646 	76.531036 	72.180328 	43.737854 	14.866069 	70.213959 	53.000000 	81.541397 	47.507893 	45.453274 	90.210861 	9.219544 	46.227695 	104.307236 	47.201694 	93.813644 	75.133217 	87.618492 	115.602768 	113.017700 	81.859634 	53.823788 	79.158073 	110.453613 	13.038404 	10.000000 	116.107712 	52.009613 	114.057007 	55.000000 	111.516815 	76.537575 	13.601471 	89.498604 	22.360680 	48.918301 	78.771820 	12.806249 	71.867935 	92.314682 	59.203041 	24.331051 	109.288612 	53.907330 	
114.947815 	41.231056 	16.124516 	121.313644 	43.139309 	47.381432 	999.000000 	1.000000 	42.011902 	5.099020 	117.175079 	114.127121 	86.833176 	34.669872 	115.935326 	99.639351 	126.570137 	4.242640 	5.385165 	43.829212 	43.266617 	5.830952 	58.694122 	94.260277 	47.413078 	120.929733 	40.816662 	70.576202 	67.779053 	127.318497 	100.767059 	124.807854 	65.000000 	40.311287 	47.169907 	70.936592 	99.156441 	68.541962 	102.068604 	65.795135 	122.641754 	42.941822 	42.438190 	31.953091 	96.208107 	124.851913 	47.885281 	118.406082 	45.221676 	106.301460 	31.320919 	63.063461 	101.178062 	
115.836090 	42.011902 	17.000000 	122.188377 	43.840622 	48.083260 	1.000000 	999.000000 	42.638012 	5.385165 	118.105888 	115.039124 	87.709747 	35.227829 	116.764717 	100.424103 	127.424484 	3.605551 	5.099020 	43.382023 	43.829212 	5.385165 	58.309521 	95.015785 	46.957428 	121.757957 	40.311287 	70.228203 	67.416618 	128.160049 	101.533249 	125.642349 	64.621979 	40.816662 	47.707443 	70.576202 	99.904953 	68.154236 	102.825096 	65.391129 	123.458496 	43.416588 	41.880783 	32.310989 	96.938126 	125.670204 	48.373547 	119.201508 	44.654228 	107.056061 	31.622776 	62.609905 	101.911728 	
78.587532 	9.219544 	27.730848 	84.118965 	4.472136 	7.071068 	42.011902 	42.638012 	999.000000 	37.536648 	83.600243 	79.246452 	50.803543 	8.062258 	76.967529 	59.539902 	88.391174 	41.725292 	39.597980 	85.440041 	3.605551 	40.311287 	99.849884 	53.535034 	89.044930 	81.859634 	82.661964 	111.364265 	108.706024 	88.639717 	60.207973 	85.906929 	106.066017 	6.324555 	7.071068 	111.825760 	58.249462 	109.658562 	61.294373 	107.042046 	83.186539 	7.810250 	84.403793 	15.297058 	55.000000 	85.422478 	9.486833 	78.390053 	87.200920 	65.459915 	17.262676 	104.623131 	60.000000 	
111.825760 	37.443291 	13.341664 	118.072014 	38.948685 	43.185646 	5.099020 	5.385165 	37.536648 	999.000000 	114.490173 	111.233986 	83.630135 	30.000000 	112.361023 	95.801880 	123.166557 	4.472136 	3.000000 	48.754486 	38.600517 	4.000000 	63.694584 	90.271812 	52.325901 	117.345642 	45.650848 	75.610847 	72.801102 	123.822456 	96.829750 	121.264175 	70.007141 	35.510563 	42.438190 	75.960518 	95.131485 	73.539108 	98.081596 	70.774292 	118.983192 	38.078865 	47.169907 	26.925823 	92.097771 	121.202309 	43.046486 	114.621117 	49.929951 	102.303467 	26.248810 	67.977936 	97.082436 	
12.206555 	78.854294 	101.242287 	16.278820 	79.906197 	76.531036 	117.175079 	118.105888 	83.600243 	114.490173 	999.000000 	6.403124 	33.015148 	91.082382 	25.553865 	36.359318 	23.021729 	118.928551 	117.324333 	152.856140 	85.287750 	118.270874 	163.807816 	42.485291 	156.160172 	26.570660 	151.604752 	172.733902 	170.856659 	26.076809 	38.832977 	26.476404 	169.011841 	89.358826 	84.053551 	173.510803 	41.880783 	172.429703 	40.000000 	170.601883 	29.410883 	89.140335 	154.184952 	98.858482 	45.276924 	29.832869 	86.005814 	32.649654 	156.923553 	39.623226 	100.841461 	169.838165 	43.600460 	
6.324555 	75.000000 	98.086693 	12.165525 	75.709976 	72.180328 	114.127121 	115.039124 	79.246452 	111.233986 	6.403124 	999.000000 	28.442924 	86.884979 	19.697716 	30.016663 	19.416489 	115.693558 	114.017540 	150.903946 	80.752708 	114.947815 	162.265213 	36.249138 	154.262756 	21.377558 	149.495819 	171.493439 	169.531708 	22.203604 	32.449963 	22.000000 	167.600723 	84.852814 	79.309517 	172.246918 	35.510563 	171.058472 	33.600594 	169.144913 	24.331051 	84.480766 	152.013153 	94.540993 	38.948685 	25.079872 	81.154175 	26.925823 	154.777252 	33.241539 	96.509064 	168.220093 	37.202152 	
28.231188 	46.818798 	70.710678 	34.481880 	47.296936 	43.737854 	86.833176 	87.709747 	50.803543 	83.630135 	33.015148 	28.442924 	999.000000 	58.463665 	30.479502 	20.099751 	40.000000 	88.102211 	86.330757 	125.606529 	52.345009 	87.235313 	137.902145 	20.615528 	129.073624 	35.383614 	123.846680 	147.868179 	145.691452 	41.109608 	23.021729 	38.897301 	143.544418 	56.435802 	51.039200 	148.553024 	24.083189 	147.085007 	25.019993 	144.958618 	37.643059 	56.142673 	126.210144 	66.098412 	24.738634 	39.698868 	53.000000 	34.985710 	129.015503 	28.284271 	68.066147 	143.627991 	27.073973 	
86.400230 	13.341664 	21.587032 	92.027168 	11.180340 	14.866069 	34.669872 	35.227829 	8.062258 	30.000000 	91.082382 	86.884979 	58.463665 	999.000000 	85.000000 	67.601776 	96.384644 	34.058773 	31.890438 	78.390053 	8.602325 	32.557640 	93.021500 	61.587337 	81.987801 	89.899948 	75.471848 	104.694794 	101.980392 	96.664368 	68.264191 	93.941475 	99.282425 	6.082763 	12.529964 	105.118980 	66.287254 	102.859123 	69.339745 	100.184830 	91.241440 	9.055386 	77.103828 	8.062258 	63.007935 	93.477272 	13.601471 	86.452301 	79.881165 	73.498299 	10.049875 	97.616600 	68.007355 	
13.416408 	74.946648 	99.864906 	11.661903 	74.242844 	70.213959 	115.935326 	116.764717 	76.967529 	112.361023 	25.553865 	19.697716 	30.479502 	85.000000 	999.000000 	18.248287 	12.041595 	116.811813 	114.908661 	155.794739 	77.620872 	115.762688 	168.291412 	25.179358 	159.289047 	5.000000 	153.912308 	178.331146 	176.139145 	11.704700 	19.000000 	8.944272 	173.971268 	81.706795 	75.272835 	179.011169 	22.022715 	177.519012 	19.104973 	175.368179 	7.211102 	80.653580 	156.204987 	91.923882 	26.019224 	9.219544 	76.537575 	7.280110 	159.022018 	16.763054 	93.776329 	173.971268 	22.360680 	
25.632011 	58.412327 	83.737686 	28.160255 	57.140179 	53.000000 	99.639351 	100.424103 	59.539902 	95.801880 	36.359318 	30.016663 	20.099751 	67.601776 	18.248287 	999.000000 	30.265491 	100.209778 	98.229324 	140.730240 	59.933296 	99.045441 	153.808319 	7.000000 	144.277512 	22.803509 	138.600143 	164.295471 	161.969131 	29.832869 	3.162278 	26.925823 	159.665268 	63.976559 	57.384666 	164.924225 	5.656854 	163.248276 	5.099020 	160.962723 	23.769728 	62.769421 	140.758652 	74.249580 	8.944272 	26.000000 	58.523499 	18.867962 	143.586212 	8.246211 	76.059189 	159.289047 	8.062258 	
14.317822 	85.883644 	110.453613 	7.280110 	85.492691 	81.541397 	126.570137 	127.424484 	88.391174 	123.166557 	23.021729 	19.416489 	40.000000 	96.384644 	12.041595 	30.265491 	999.000000 	127.632286 	125.781555 	165.556641 	89.196411 	126.657021 	177.654160 	37.215588 	169.008881 	8.246211 	163.835281 	187.384628 	185.283569 	3.162278 	31.016125 	5.000000 	183.207535 	93.300591 	86.977005 	188.095718 	34.000000 	186.724396 	31.016125 	184.664566 	9.433981 	92.347168 	166.207703 	103.464973 	38.000000 	8.485281 	88.323273 	15.231546 	169.011841 	28.284271 	105.342300 	183.447540 	34.132095 	
116.297035 	41.880783 	17.720045 	122.543869 	43.278172 	47.507893 	4.242640 	3.605551 	41.725292 	4.472136 	118.928551 	115.693558 	88.102211 	34.058773 	116.811813 	100.209778 	127.632286 	999.000000 	2.236068 	45.310043 	42.638012 	2.000000 	60.406952 	94.641426 	48.846699 	121.794907 	42.047592 	72.422371 	69.570107 	128.280945 	101.212646 	125.717941 	66.730804 	39.408119 	46.400433 	72.732384 	99.488693 	70.228203 	102.449989 	67.416618 	123.422043 	41.880783 	43.416588 	30.413813 	96.426140 	125.642349 	46.872166 	119.037811 	46.141087 	106.667709 	29.546574 	64.474800 	101.414986 	
114.542572 	39.962482 	16.278820 	120.747673 	41.231056 	45.453274 	5.385165 	5.099020 	39.597980 	3.000000 	117.324333 	114.017540 	86.330757 	31.890438 	114.908661 	98.229324 	125.781555 	2.236068 	999.000000 	47.539455 	40.459858 	1.000000 	62.625874 	92.617493 	51.078373 	119.887444 	44.283180 	74.632431 	71.784401 	126.400162 	99.201813 	123.822456 	68.949257 	37.202152 	44.204071 	74.946648 	97.452553 	72.449982 	100.424103 	69.641945 	121.490738 	39.661064 	45.650848 	28.178005 	94.366310 	123.713379 	44.654228 	117.068359 	48.373547 	104.637466 	27.313000 	66.708321 	99.357941 	
152.800522 	83.240616 	58.008621 	159.624557 	86.023254 	90.210861 	43.829212 	43.382023 	85.440041 	48.754486 	152.856140 	150.903946 	125.606529 	78.390053 	155.794739 	140.730240 	165.556641 	45.310043 	47.539455 	999.000000 	86.954010 	47.169907 	15.297058 	135.948517 	3.605551 	160.776245 	4.123106 	27.459061 	24.515301 	166.712326 	142.214630 	164.438431 	21.587032 	84.118965 	90.917542 	27.658634 	140.929062 	25.000000 	143.683685 	22.135944 	162.788208 	86.769814 	5.656854 	75.643906 	138.293167 	164.939377 	91.706055 	159.113174 	6.324555 	147.922272 	74.846512 	19.235384 	143.178207 	
79.831070 	12.806249 	29.732138 	85.164543 	7.810250 	9.219544 	43.266617 	43.829212 	3.605551 	38.600517 	85.287750 	80.752708 	52.345009 	8.602325 	77.620872 	59.933296 	89.196411 	42.638012 	40.459858 	86.954010 	999.000000 	41.109608 	101.533249 	53.712196 	90.553848 	82.462112 	84.059502 	113.159180 	110.462662 	89.319649 	60.415230 	86.539009 	107.782188 	4.123106 	4.123106 	113.595772 	58.309521 	111.364265 	61.400326 	108.706024 	83.671982 	4.472136 	85.702972 	14.317822 	54.918121 	85.906929 	6.082763 	78.714676 	88.481636 	65.513359 	16.155495 	106.174385 	59.908264 	
115.451286 	40.816662 	17.262676 	121.642921 	42.011902 	46.227695 	5.830952 	5.385165 	40.311287 	4.000000 	118.270874 	114.947815 	87.235313 	32.557640 	115.762688 	99.045441 	126.657021 	2.000000 	1.000000 	47.169907 	41.109608 	999.000000 	62.297672 	93.407707 	50.695168 	120.739388 	43.863426 	74.330345 	71.470276 	127.263504 	100.000000 	124.679588 	68.622154 	37.802116 	44.821869 	74.632431 	98.234413 	72.111023 	101.212646 	69.289246 	122.331520 	40.224369 	45.177429 	28.653097 	95.131485 	124.555206 	45.221676 	117.889778 	47.885281 	105.422958 	27.730848 	66.309875 	100.124924 	
164.541794 	97.082436 	72.201111 	171.493439 	100.169853 	104.307236 	58.694122 	58.309521 	99.849884 	63.694584 	163.807816 	162.265213 	137.902145 	93.021500 	168.291412 	153.808319 	177.654160 	60.406952 	62.625874 	15.297058 	101.533249 	62.297672 	999.000000 	149.305054 	12.041595 	173.242599 	19.104973 	12.165525 	9.219544 	178.966476 	155.438095 	176.799316 	6.324555 	98.843307 	105.546196 	12.369317 	154.301651 	9.848858 	156.974518 	7.211102 	175.368179 	101.552940 	19.026299 	90.620087 	151.818970 	177.485214 	106.451866 	171.944763 	17.262676 	161.198639 	89.888817 	6.324555 	156.646103 	
32.280025 	53.075417 	78.517517 	35.128338 	51.400391 	47.201694 	94.260277 	95.015785 	53.535034 	90.271812 	42.485291 	36.249138 	20.615528 	61.587337 	25.179358 	7.000000 	37.215588 	94.641426 	92.617493 	135.948517 	53.712196 	93.407707 	149.305054 	999.000000 	139.517029 	29.614185 	133.689941 	160.000000 	157.610275 	36.674240 	6.708204 	33.734257 	155.241745 	57.706154 	50.990196 	160.601990 	5.000000 	158.836395 	7.810250 	156.486420 	30.364452 	56.364883 	135.771866 	68.000000 	4.123106 	32.572994 	52.000000 	25.079872 	138.600143 	12.041595 	69.771057 	154.673843 	7.615773 	
156.208191 	86.833176 	61.611687 	163.049072 	89.627007 	93.813644 	47.413078 	46.957428 	89.044930 	52.325901 	156.160172 	154.262756 	129.073624 	81.987801 	159.289047 	144.277512 	169.008881 	48.846699 	51.078373 	3.605551 	90.553848 	50.695168 	12.041595 	139.517029 	999.000000 	164.268066 	7.071068 	24.186773 	21.213203 	170.182251 	145.773804 	167.919617 	18.248287 	87.709747 	94.514549 	24.331051 	144.499130 	21.587032 	147.248093 	18.681541 	166.291916 	90.354858 	7.280110 	79.202271 	141.873184 	168.439896 	95.294281 	162.640701 	6.403124 	151.485977 	78.390053 	15.652476 	146.754898 	
15.132746 	79.924965 	104.861816 	10.816654 	79.177017 	75.133217 	120.929733 	121.757957 	81.859634 	117.345642 	26.570660 	21.377558 	35.383614 	89.899948 	5.000000 	22.803509 	8.246211 	121.794907 	119.887444 	160.776245 	82.462112 	120.739388 	173.242599 	29.614185 	164.268066 	999.000000 	158.902481 	183.251190 	181.069046 	7.071068 	23.194826 	4.123106 	178.910599 	86.539009 	80.056229 	183.934769 	26.076809 	182.455475 	23.021729 	180.313614 	3.000000 	85.440041 	161.198639 	96.772926 	30.066593 	4.472136 	81.271149 	7.211102 	164.015244 	20.099751 	98.615417 	178.932953 	26.019224 	
151.238220 	80.808418 	55.443665 	158.003159 	83.408630 	87.618492 	40.816662 	40.311287 	82.661964 	45.650848 	151.604752 	149.495819 	123.846680 	75.471848 	153.912308 	138.600143 	163.835281 	42.047592 	44.283180 	4.123106 	84.059502 	43.863426 	19.104973 	133.689941 	7.071068 	158.902481 	999.000000 	31.257000 	28.284271 	164.924225 	140.014282 	162.606888 	25.317978 	81.123360 	87.982956 	31.400637 	138.657852 	28.635643 	141.449631 	25.709921 	160.863297 	83.725746 	3.000000 	72.449982 	135.948517 	163.027603 	88.684837 	157.079605 	5.385165 	145.691452 	71.589104 	22.472204 	140.858078 	
174.040222 	108.226616 	83.648071 	181.069046 	111.507851 	115.602768 	70.576202 	70.228203 	111.364265 	75.610847 	172.733902 	171.493439 	147.868179 	104.694794 	178.331146 	164.295471 	187.384628 	72.422371 	74.632431 	27.459061 	113.159180 	74.330345 	12.165525 	160.000000 	24.186773 	183.251190 	31.257000 	999.000000 	3.000000 	188.809433 	166.027100 	186.724396 	6.000000 	110.571243 	117.200684 	1.000000 	165.000000 	3.605551 	167.609665 	6.324555 	185.456192 	113.318138 	31.016125 	102.528046 	162.631485 	187.544662 	118.186295 	182.222397 	29.017237 	171.816757 	101.843018 	10.770329 	167.409683 	
172.002914 	105.688217 	81.006172 	179.011169 	108.908218 	113.017700 	67.779053 	67.416618 	108.706024 	72.801102 	170.856659 	169.531708 	145.691452 	101.980392 	176.139145 	161.969131 	185.283569 	69.570107 	71.784401 	24.515301 	110.462662 	71.470276 	9.219544 	157.610275 	21.213203 	181.069046 	28.284271 	3.000000 	999.000000 	186.676193 	163.670395 	184.567062 	3.000000 	107.837845 	114.494545 	3.162278 	162.609970 	2.000000 	165.239227 	3.605551 	183.251190 	110.571243 	28.017851 	99.724625 	160.206116 	185.348328 	115.451286 	179.961105 	26.019224 	169.452057 	99.020203 	8.062258 	165.000000 	
16.763054 	86.452301 	111.220505 	10.049875 	85.866173 	81.859634 	127.318497 	128.160049 	88.639717 	123.822456 	26.076809 	22.203604 	41.109608 	96.664368 	11.704700 	29.832869 	3.162278 	128.280945 	126.400162 	166.712326 	89.319649 	127.263504 	178.966476 	36.674240 	170.182251 	7.071068 	164.924225 	188.809433 	186.676193 	999.000000 	30.265491 	3.000000 	184.567062 	93.407707 	86.977005 	189.509888 	33.136082 	188.095718 	30.066593 	186.002686 	7.280110 	92.358002 	167.263260 	103.619499 	37.121422 	5.830952 	88.232651 	13.341664 	170.073517 	27.018513 	105.475113 	184.718704 	33.000000 	
27.730848 	59.548298 	84.958817 	29.614185 	58.008621 	53.823788 	100.767059 	101.533249 	60.207973 	96.829750 	38.832977 	32.449963 	23.021729 	68.264191 	19.000000 	3.162278 	31.016125 	101.212646 	99.201813 	142.214630 	60.415230 	100.000000 	155.438095 	6.708204 	145.773804 	23.194826 	140.014282 	166.027100 	163.670395 	30.265491 	999.000000 	27.294687 	161.335052 	64.412735 	57.697487 	166.643326 	3.162278 	164.924225 	2.000000 	162.606888 	23.769728 	63.071388 	142.130219 	74.706093 	7.071068 	25.961510 	58.694122 	18.384777 	144.958618 	5.830952 	76.478752 	160.863297 	5.000000 	
16.124516 	83.862984 	108.724419 	10.198039 	83.186539 	79.158073 	124.807854 	125.642349 	85.906929 	121.264175 	26.476404 	22.000000 	38.897301 	93.941475 	8.944272 	26.925823 	5.000000 	125.717941 	123.822456 	164.438431 	86.539009 	124.679588 	176.799316 	33.734257 	167.919617 	4.123106 	162.606888 	186.724396 	184.567062 	3.000000 	27.294687 	999.000000 	182.433548 	90.620087 	84.154617 	187.416641 	30.149628 	185.970428 	27.073973 	183.853195 	4.472136 	89.537704 	164.924225 	100.846420 	34.132095 	3.605551 	85.381500 	10.440307 	167.737885 	24.020824 	102.693718 	182.521225 	30.000000 	
169.994110 	103.174606 	78.390053 	176.980225 	106.329674 	110.453613 	65.000000 	64.621979 	106.066017 	70.007141 	169.011841 	167.600723 	143.544418 	99.282425 	173.971268 	159.665268 	183.207535 	66.730804 	68.949257 	21.587032 	107.782188 	68.622154 	6.324555 	155.241745 	18.248287 	178.910599 	25.317978 	6.000000 	3.000000 	184.567062 	161.335052 	182.433548 	999.000000 	105.118980 	111.803398 	6.082763 	160.240448 	3.605551 	162.889526 	2.000000 	181.069046 	107.837845 	25.019993 	96.932968 	157.800507 	183.174774 	112.729767 	177.721695 	23.021729 	167.107742 	96.208107 	5.656854 	162.609970 	
83.952370 	15.000000 	27.658634 	89.286057 	10.770329 	13.038404 	40.311287 	40.816662 	6.324555 	35.510563 	89.358826 	84.852814 	56.435802 	6.082763 	81.706795 	63.976559 	93.300591 	39.408119 	37.202152 	84.118965 	4.123106 	37.802116 	98.843307 	57.706154 	87.709747 	86.539009 	81.123360 	110.571243 	107.837845 	93.407707 	64.412735 	90.620087 	105.118980 	999.000000 	7.071068 	110.981979 	62.265560 	108.687622 	65.368187 	105.990562 	87.726852 	3.000000 	82.680107 	10.295630 	58.830265 	89.961105 	7.615773 	82.734512 	85.440041 	69.462219 	12.083046 	103.353760 	63.812225 	
78.089691 	15.652476 	33.837849 	83.198555 	10.295630 	10.000000 	47.169907 	47.707443 	7.071068 	42.438190 	84.053551 	79.309517 	51.039200 	12.529964 	75.272835 	57.384666 	86.977005 	46.400433 	44.204071 	90.917542 	4.123106 	44.821869 	105.546196 	50.990196 	94.514549 	80.056229 	87.982956 	117.200684 	114.494545 	86.977005 	57.697487 	84.154617 	111.803398 	7.071068 	999.000000 	117.630775 	55.470715 	115.381973 	58.591808 	112.712021 	81.154175 	5.385165 	89.587944 	17.204651 	51.971146 	83.384651 	2.828427 	76.059189 	92.358002 	62.649822 	18.867962 	110.145355 	56.938564 	
174.771286 	108.756607 	84.118965 	181.793839 	112.004463 	116.107712 	70.936592 	70.576202 	111.825760 	75.960518 	173.510803 	172.246918 	148.553024 	105.118980 	179.011169 	164.924225 	188.095718 	72.732384 	74.946648 	27.658634 	113.595772 	74.632431 	12.369317 	160.601990 	24.331051 	183.934769 	31.400637 	1.000000 	3.162278 	189.509888 	166.643326 	187.416641 	6.082763 	110.981979 	117.630775 	999.000000 	165.601929 	3.162278 	168.220093 	6.082763 	186.131668 	113.718948 	31.064449 	102.883430 	163.217651 	188.223267 	118.595955 	182.877014 	29.000000 	172.429703 	102.181213 	10.440307 	168.002975 	
30.870699 	58.000000 	83.450584 	32.756680 	56.222771 	52.009613 	99.156441 	99.904953 	58.249462 	95.131485 	41.880783 	35.510563 	24.083189 	66.287254 	22.022715 	5.656854 	34.000000 	99.488693 	97.452553 	140.929062 	58.309521 	98.234413 	154.301651 	5.000000 	144.499130 	26.076809 	138.657852 	165.000000 	162.609970 	33.136082 	3.162278 	30.149628 	160.240448 	62.265560 	55.470715 	165.601929 	999.000000 	163.835281 	3.162278 	161.483749 	26.476404 	60.827625 	140.730240 	72.560318 	4.000000 	28.635643 	56.364883 	20.880613 	143.558350 	7.211102 	74.303429 	159.665268 	3.000000 	
173.484863 	106.780151 	81.987801 	180.479919 	109.931801 	114.057007 	68.541962 	68.154236 	109.658562 	73.539108 	172.429703 	171.058472 	147.085007 	102.859123 	177.519012 	163.248276 	186.724396 	70.228203 	72.449982 	25.000000 	111.364265 	72.111023 	9.848858 	158.836395 	21.587032 	182.455475 	28.635643 	3.605551 	2.000000 	188.095718 	164.924225 	185.970428 	3.605551 	108.687622 	115.381973 	3.162278 	163.835281 	999.000000 	166.481232 	3.000000 	184.621231 	111.400177 	28.160255 	100.463921 	161.400131 	186.724396 	116.297035 	181.289825 	26.019224 	170.698563 	99.724625 	7.280110 	166.207703 	
28.653097 	60.876926 	86.313385 	30.083218 	59.203041 	55.000000 	102.068604 	102.825096 	61.294373 	98.081596 	40.000000 	33.600594 	25.019993 	69.339745 	19.104973 	5.099020 	31.016125 	102.449989 	100.424103 	143.683685 	61.400326 	101.212646 	156.974518 	7.810250 	147.248093 	23.021729 	141.449631 	167.609665 	165.239227 	30.066593 	2.000000 	27.073973 	162.889526 	65.368187 	58.591808 	168.220093 	3.162278 	166.481232 	999.000000 	164.149323 	23.345236 	63.953106 	143.544418 	75.663727 	7.071068 	25.495098 	59.506302 	17.720045 	146.372818 	4.242640 	77.414467 	162.373032 	3.605551 	
171.493439 	104.292854 	79.404030 	178.465683 	107.377838 	111.516815 	65.795135 	65.391129 	107.042046 	70.774292 	170.601883 	169.144913 	144.958618 	100.184830 	175.368179 	160.962723 	184.664566 	67.416618 	69.641945 	22.135944 	108.706024 	69.289246 	7.211102 	156.486420 	18.681541 	180.313614 	25.709921 	6.324555 	3.605551 	186.002686 	162.606888 	183.853195 	2.000000 	105.990562 	112.712021 	6.082763 	161.483749 	3.000000 	164.149323 	999.000000 	182.455475 	108.687622 	25.179358 	97.693398 	159.012573 	184.567062 	113.595772 	179.067032 	23.021729 	168.371613 	96.932968 	4.472136 	163.835281 	
18.110771 	81.541397 	106.606750 	13.416408 	80.622574 	76.537575 	122.641754 	123.458496 	83.186539 	118.983192 	29.410883 	24.331051 	37.643059 	91.241440 	7.211102 	23.769728 	9.433981 	123.422043 	121.490738 	162.788208 	83.671982 	122.331520 	175.368179 	30.364452 	166.291916 	3.000000 	160.863297 	185.456192 	183.251190 	7.280110 	23.769728 	4.472136 	181.069046 	87.726852 	81.154175 	186.131668 	26.476404 	184.621231 	23.345236 	182.455475 	999.000000 	86.539009 	163.131851 	97.989792 	30.413813 	2.236068 	82.280006 	6.082763 	165.951797 	20.024984 	99.809822 	181.024857 	26.076809 	
83.360664 	16.970562 	30.594116 	88.526833 	12.206555 	13.601471 	42.941822 	43.416588 	7.810250 	38.078865 	89.140335 	84.480766 	56.142673 	9.055386 	80.653580 	62.769421 	92.347168 	41.880783 	39.661064 	86.769814 	4.472136 	40.224369 	101.552940 	56.364883 	90.354858 	85.440041 	83.725746 	113.318138 	110.571243 	92.358002 	63.071388 	89.537704 	107.837845 	3.000000 	5.385165 	113.718948 	60.827625 	111.400177 	63.953106 	108.687622 	86.539009 	999.000000 	85.234970 	12.041595 	57.306194 	88.769363 	5.000000 	81.437096 	87.982956 	68.000000 	13.601471 	106.004715 	62.265560 	
153.687988 	82.807007 	57.384666 	160.424438 	85.276024 	89.498604 	42.438190 	41.880783 	84.403793 	47.169907 	154.184952 	152.013153 	126.210144 	77.103828 	156.204987 	140.758652 	166.207703 	43.416588 	45.650848 	5.656854 	85.702972 	45.177429 	19.026299 	135.771866 	7.280110 	161.198639 	3.000000 	31.016125 	28.017851 	167.263260 	142.130219 	164.924225 	25.019993 	82.680107 	89.587944 	31.064449 	140.730240 	28.160255 	143.544418 	25.179358 	163.131851 	85.234970 	999.000000 	73.824112 	137.974640 	165.302750 	90.210861 	159.289047 	2.828427 	147.787003 	72.897186 	21.587032 	142.898560 	
93.861603 	21.377558 	22.203604 	99.327744 	19.026299 	22.360680 	31.953091 	32.310989 	15.297058 	26.925823 	98.858482 	94.540993 	66.098412 	8.062258 	91.923882 	74.249580 	103.464973 	30.413813 	28.178005 	75.643906 	14.317822 	28.653097 	90.620087 	68.000000 	79.202271 	96.772926 	72.449982 	102.528046 	99.724625 	103.619499 	74.706093 	100.846420 	96.932968 	10.295630 	17.204651 	102.883430 	72.560318 	100.463921 	75.663727 	97.693398 	97.989792 	12.041595 	73.824112 	999.000000 	69.115845 	100.224747 	16.970562 	93.021500 	76.537575 	79.755875 	2.000000 	94.847244 	74.094536 	
34.539833 	55.172459 	80.622574 	36.674240 	53.150730 	48.918301 	96.208107 	96.938126 	55.000000 	92.097771 	45.276924 	38.948685 	24.738634 	63.007935 	26.019224 	8.944272 	38.000000 	96.426140 	94.366310 	138.293167 	54.918121 	95.131485 	151.818970 	4.123106 	141.873184 	30.066593 	135.948517 	162.631485 	160.206116 	37.121422 	7.071068 	34.132095 	157.800507 	58.830265 	51.971146 	163.217651 	4.000000 	161.400131 	7.071068 	159.012573 	30.413813 	57.306194 	137.974640 	69.115845 	999.000000 	32.557640 	52.773098 	24.738634 	140.801285 	10.770329 	70.830788 	157.114609 	5.000000 	
19.000000 	83.761566 	108.811768 	13.601471 	82.855293 	78.771820 	124.851913 	125.670204 	85.422478 	121.202309 	29.832869 	25.079872 	39.698868 	93.477272 	9.219544 	26.000000 	8.485281 	125.642349 	123.713379 	164.939377 	85.906929 	124.555206 	177.485214 	32.572994 	168.439896 	4.472136 	163.027603 	187.544662 	185.348328 	5.830952 	25.961510 	3.605551 	183.174774 	89.961105 	83.384651 	188.223267 	28.635643 	186.724396 	25.495098 	184.567062 	2.236068 	88.769363 	165.302750 	100.224747 	32.557640 	999.000000 	84.504440 	8.000000 	168.121979 	22.090721 	102.044106 	183.152939 	28.160255 	
79.762146 	18.357559 	35.171009 	84.723076 	13.038404 	12.806249 	47.885281 	48.373547 	9.486833 	43.046486 	86.005814 	81.154175 	53.000000 	13.601471 	76.537575 	58.523499 	88.323273 	46.872166 	44.654228 	91.706055 	6.082763 	45.221676 	106.451866 	52.000000 	95.294281 	81.271149 	88.684837 	118.186295 	115.451286 	88.232651 	58.694122 	85.381500 	112.729767 	7.615773 	2.828427 	118.595955 	56.364883 	116.297035 	59.506302 	113.595772 	82.280006 	5.000000 	90.210861 	16.970562 	52.773098 	84.504440 	999.000000 	77.077881 	92.962357 	63.505905 	18.439089 	110.941429 	57.706154 	
20.615528 	77.201035 	102.449989 	17.691807 	76.006577 	71.867935 	118.406082 	119.201508 	78.390053 	114.621117 	32.649654 	26.925823 	34.985710 	86.452301 	7.280110 	18.867962 	15.231546 	119.037811 	117.068359 	159.113174 	78.714676 	117.889778 	171.944763 	25.079872 	162.640701 	7.211102 	157.079605 	182.222397 	179.961105 	13.341664 	18.384777 	10.440307 	177.721695 	82.734512 	76.059189 	182.877014 	20.880613 	181.289825 	17.720045 	179.067032 	6.082763 	81.437096 	159.289047 	93.021500 	24.738634 	8.000000 	77.077881 	999.000000 	162.114151 	14.142136 	94.810333 	177.519012 	20.223749 	
156.473633 	85.632935 	60.207973 	163.217651 	88.090858 	92.314682 	45.221676 	44.654228 	87.200920 	49.929951 	156.923553 	154.777252 	129.015503 	79.881165 	159.022018 	143.586212 	169.011841 	46.141087 	48.373547 	6.324555 	88.481636 	47.885281 	17.262676 	138.600143 	6.403124 	164.015244 	5.385165 	29.017237 	26.019224 	170.073517 	144.958618 	167.737885 	23.021729 	85.440041 	92.358002 	29.000000 	143.558350 	26.019224 	146.372818 	23.021729 	165.951797 	87.982956 	2.828427 	76.537575 	140.801285 	168.121979 	92.962357 	162.114151 	999.000000 	150.615402 	75.591003 	19.235384 	145.725769 	
27.802877 	65.115280 	90.553848 	28.231188 	63.411354 	59.203041 	106.301460 	107.056061 	65.459915 	102.303467 	39.623226 	33.241539 	28.284271 	73.498299 	16.763054 	8.246211 	28.284271 	106.667709 	104.637466 	147.922272 	65.513359 	105.422958 	161.198639 	12.041595 	151.485977 	20.099751 	145.691452 	171.816757 	169.452057 	27.018513 	5.830952 	24.020824 	167.107742 	69.462219 	62.649822 	172.429703 	7.211102 	170.698563 	4.242640 	168.371613 	20.024984 	68.000000 	147.787003 	79.755875 	10.770329 	22.090721 	63.505905 	14.142136 	150.615402 	999.000000 	81.492332 	166.604324 	6.082763 	
95.801880 	23.345236 	22.561028 	101.242287 	21.023796 	24.331051 	31.320919 	31.622776 	17.262676 	26.248810 	100.841461 	96.509064 	68.066147 	10.049875 	93.776329 	76.059189 	105.342300 	29.546574 	27.313000 	74.846512 	16.155495 	27.730848 	89.888817 	69.771057 	78.390053 	98.615417 	71.589104 	101.843018 	99.020203 	105.475113 	76.478752 	102.693718 	96.208107 	12.083046 	18.867962 	102.181213 	74.303429 	99.724625 	77.414467 	96.932968 	99.809822 	13.601471 	72.897186 	2.000000 	70.830788 	102.044106 	18.439089 	94.810333 	75.591003 	81.492332 	999.000000 	94.021271 	75.802376 	
170.417130 	102.200783 	77.103828 	177.341476 	105.118980 	109.288612 	63.063461 	62.609905 	104.623131 	67.977936 	169.838165 	168.220093 	143.627991 	97.616600 	173.971268 	159.289047 	183.447540 	64.474800 	66.708321 	19.235384 	106.174385 	66.309875 	6.324555 	154.673843 	15.652476 	178.932953 	22.472204 	10.770329 	8.062258 	184.718704 	160.863297 	182.521225 	5.656854 	103.353760 	110.145355 	10.440307 	159.665268 	7.280110 	162.373032 	4.472136 	181.024857 	106.004715 	21.587032 	94.847244 	157.114609 	183.152939 	110.941429 	177.519012 	19.235384 	166.604324 	94.021271 	999.000000 	161.969131 	
32.249031 	60.108234 	85.562843 	33.526108 	58.137768 	53.907330 	101.178062 	101.911728 	60.000000 	97.082436 	43.600460 	37.202152 	27.073973 	68.007355 	22.360680 	8.062258 	34.132095 	101.414986 	99.357941 	143.178207 	59.908264 	100.124924 	156.646103 	7.615773 	146.754898 	26.019224 	140.858078 	167.409683 	165.000000 	33.000000 	5.000000 	30.000000 	162.609970 	63.812225 	56.938564 	168.002975 	3.000000 	166.207703 	3.605551 	163.835281 	26.076809 	62.265560 	142.898560 	74.094536 	5.000000 	28.160255 	57.706154 	20.223749 	145.725769 	6.082763 	75.802376 	161.969131 	999.000000 	

Travel time:
9.000000 	1.875667 	2.470956 	0.180278 	1.882153 	1.789204 	2.873695 	2.895902 	1.964688 	2.795644 	0.305164 	0.158114 	0.705780 	2.160006 	0.335410 	0.640800 	0.357946 	2.907426 	2.863564 	3.820013 	1.995777 	2.886282 	4.113545 	0.807001 	3.905205 	0.378319 	3.780956 	4.351006 	4.300073 	0.419076 	0.693271 	0.403113 	4.249853 	2.098809 	1.952242 	4.369282 	0.771767 	4.337121 	0.716327 	4.287336 	0.452769 	2.084017 	3.842200 	2.346540 	0.863496 	0.475000 	1.994054 	0.515388 	3.911841 	0.695072 	2.395047 	4.260428 	0.806226 	
1.875667 	9.000000 	0.636396 	2.025617 	0.134629 	0.201556 	1.030776 	1.050297 	0.230489 	0.936082 	1.971357 	1.875000 	1.170470 	0.333542 	1.873666 	1.460308 	2.147091 	1.047020 	0.999062 	2.081015 	0.320156 	1.020416 	2.427061 	1.326885 	2.170829 	1.998124 	2.020211 	2.705665 	2.642205 	2.161308 	1.488707 	2.096575 	2.579365 	0.375000 	0.391312 	2.718915 	1.450000 	2.669504 	1.521923 	2.607321 	2.038535 	0.424264 	2.070175 	0.534439 	1.379311 	2.094039 	0.458939 	1.930026 	2.140823 	1.627882 	0.583631 	2.555020 	1.502706 	
2.470956 	0.636396 	9.000000 	2.629757 	0.700446 	0.805062 	0.403113 	0.425000 	0.693271 	0.333542 	2.531057 	2.452167 	1.767767 	0.539676 	2.496623 	2.093442 	2.761340 	0.443001 	0.406971 	1.450216 	0.743303 	0.431567 	1.805028 	1.962938 	1.540292 	2.621545 	1.386092 	2.091202 	2.025154 	2.780513 	2.123971 	2.718111 	1.959751 	0.691466 	0.845946 	2.102974 	2.086265 	2.049695 	2.157835 	1.985101 	2.665169 	0.764853 	1.434617 	0.555090 	2.015564 	2.720294 	0.879275 	2.561250 	1.505199 	2.263846 	0.564026 	1.927596 	2.139071 	
0.180278 	2.025617 	2.629757 	9.000000 	2.024846 	1.929054 	3.032841 	3.054709 	2.102974 	2.951800 	0.406971 	0.304138 	0.862047 	2.300679 	0.291548 	0.704006 	0.182003 	3.063597 	3.018692 	3.990614 	2.129114 	3.041073 	4.287336 	0.878208 	4.076227 	0.270416 	3.950079 	4.526726 	4.475279 	0.251247 	0.740355 	0.254951 	4.424506 	2.232152 	2.079964 	4.544846 	0.818917 	4.511998 	0.752080 	4.461642 	0.335410 	2.213171 	4.010611 	2.483194 	0.916856 	0.340037 	2.118077 	0.442295 	4.080441 	0.705780 	2.531057 	4.433537 	0.838153 	
1.882153 	0.134629 	0.700446 	2.024846 	9.000000 	0.106066 	1.078483 	1.096016 	0.111803 	0.973717 	1.997655 	1.892749 	1.182423 	0.279509 	1.856071 	1.428504 	2.137317 	1.081954 	1.030776 	2.150581 	0.195256 	1.050297 	2.504246 	1.285010 	2.240675 	1.979425 	2.085216 	2.787696 	2.722705 	2.146654 	1.450216 	2.079664 	2.658242 	0.269258 	0.257391 	2.800112 	1.405569 	2.748295 	1.480076 	2.684446 	2.015564 	0.305164 	2.131901 	0.475657 	1.328768 	2.071382 	0.325960 	1.900164 	2.202271 	1.585284 	0.525595 	2.627975 	1.453444 	
1.789204 	0.201556 	0.805062 	1.929054 	0.106066 	9.000000 	1.184536 	1.202081 	0.176777 	1.079641 	1.913276 	1.804508 	1.093446 	0.371652 	1.755349 	1.325000 	2.038535 	1.187697 	1.136332 	2.255271 	0.230489 	1.155692 	2.607681 	1.180042 	2.345341 	1.878330 	2.190462 	2.890069 	2.825443 	2.046491 	1.345595 	1.978952 	2.761340 	0.325960 	0.250000 	2.902693 	1.300240 	2.851425 	1.375000 	2.787920 	1.913439 	0.340037 	2.237465 	0.559017 	1.222957 	1.969296 	0.320156 	1.796698 	2.307867 	1.480076 	0.608276 	2.732215 	1.347683 	
2.873695 	1.030776 	0.403113 	3.032841 	1.078483 	1.184536 	9.000000 	0.025000 	1.050297 	0.127475 	2.929377 	2.853178 	2.170829 	0.866747 	2.898383 	2.490984 	3.164253 	0.106066 	0.134629 	1.095730 	1.081665 	0.145774 	1.467353 	2.356507 	1.185327 	3.023243 	1.020416 	1.764405 	1.694476 	3.182962 	2.519176 	3.120196 	1.625000 	1.007782 	1.179248 	1.773415 	2.478911 	1.713549 	2.551715 	1.644878 	3.066044 	1.073546 	1.060955 	0.798827 	2.405203 	3.121298 	1.197132 	2.960152 	1.130542 	2.657537 	0.783023 	1.576586 	2.529452 	
2.895902 	1.050297 	0.425000 	3.054709 	1.096016 	1.202081 	0.025000 	9.000000 	1.065950 	0.134629 	2.952647 	2.875978 	2.192744 	0.880696 	2.919118 	2.510602 	3.185612 	0.090139 	0.127475 	1.084551 	1.095730 	0.134629 	1.457738 	2.375395 	1.173936 	3.043949 	1.007782 	1.755705 	1.685416 	3.204001 	2.538331 	3.141059 	1.615549 	1.020416 	1.192686 	1.764405 	2.497624 	1.703856 	2.570627 	1.634778 	3.086462 	1.085415 	1.047020 	0.807775 	2.423453 	3.141755 	1.209339 	2.980038 	1.116356 	2.676402 	0.790569 	1.565248 	2.547793 	
1.964688 	0.230489 	0.693271 	2.102974 	0.111803 	0.176777 	1.050297 	1.065950 	9.000000 	0.938416 	2.090006 	1.981161 	1.270089 	0.201556 	1.924188 	1.488497 	2.209779 	1.043132 	0.989950 	2.136001 	0.090139 	1.007782 	2.496247 	1.338376 	2.226123 	2.046491 	2.066549 	2.784107 	2.717651 	2.215993 	1.505199 	2.147673 	2.651650 	0.158114 	0.176777 	2.795644 	1.456237 	2.741464 	1.532359 	2.676051 	2.079664 	0.195256 	2.110095 	0.382426 	1.375000 	2.135562 	0.237171 	1.959751 	2.180023 	1.636498 	0.431567 	2.615578 	1.500000 	
2.795644 	0.936082 	0.333542 	2.951800 	0.973717 	1.079641 	0.127475 	0.134629 	0.938416 	9.000000 	2.862254 	2.780850 	2.090753 	0.750000 	2.809026 	2.395047 	3.079164 	0.111803 	0.075000 	1.218862 	0.965013 	0.100000 	1.592365 	2.256795 	1.308148 	2.933641 	1.141271 	1.890271 	1.820028 	3.095562 	2.420744 	3.031604 	1.750179 	0.887764 	1.060955 	1.899013 	2.378287 	1.838478 	2.452040 	1.769357 	2.974580 	0.951972 	1.179248 	0.673146 	2.302444 	3.030058 	1.076162 	2.865528 	1.248249 	2.557587 	0.656220 	1.699448 	2.427061 	
0.305164 	1.971357 	2.531057 	0.406971 	1.997655 	1.913276 	2.929377 	2.952647 	2.090006 	2.862254 	9.000000 	0.160078 	0.825379 	2.277060 	0.638847 	0.908983 	0.575543 	2.973214 	2.933108 	3.821404 	2.132194 	2.956772 	4.095195 	1.062132 	3.904004 	0.664266 	3.790119 	4.318347 	4.271417 	0.651920 	0.970824 	0.661910 	4.225296 	2.233971 	2.101339 	4.337770 	1.047020 	4.310742 	1.000000 	4.265047 	0.735272 	2.228508 	3.854624 	2.471462 	1.131923 	0.745822 	2.150145 	0.816241 	3.923089 	0.990581 	2.521037 	4.245954 	1.090011 	
0.158114 	1.875000 	2.452167 	0.304138 	1.892749 	1.804508 	2.853178 	2.875978 	1.981161 	2.780850 	0.160078 	9.000000 	0.711073 	2.172124 	0.492443 	0.750417 	0.485412 	2.892339 	2.850439 	3.772599 	2.018818 	2.873695 	4.056630 	0.906228 	3.856569 	0.534439 	3.737396 	4.287336 	4.238293 	0.555090 	0.811249 	0.550000 	4.190018 	2.121320 	1.982738 	4.306173 	0.887764 	4.276462 	0.840015 	4.228623 	0.608276 	2.112019 	3.800329 	2.363525 	0.973717 	0.626997 	2.028854 	0.673146 	3.869431 	0.831038 	2.412727 	4.205503 	0.930054 	
0.705780 	1.170470 	1.767767 	0.862047 	1.182423 	1.093446 	2.170829 	2.192744 	1.270089 	2.090753 	0.825379 	0.711073 	9.000000 	1.461592 	0.761988 	0.502494 	1.000000 	2.202555 	2.158269 	3.140163 	1.308625 	2.180883 	3.447554 	0.515388 	3.226840 	0.884590 	3.096167 	3.696704 	3.642286 	1.027740 	0.575543 	0.972432 	3.588610 	1.410895 	1.275980 	3.713826 	0.602080 	3.677125 	0.625500 	3.623966 	0.941076 	1.403567 	3.155254 	1.652460 	0.618466 	0.992472 	1.325000 	0.874643 	3.225388 	0.707107 	1.701654 	3.590700 	0.676849 	
2.160006 	0.333542 	0.539676 	2.300679 	0.279509 	0.371652 	0.866747 	0.880696 	0.201556 	0.750000 	2.277060 	2.172124 	1.461592 	9.000000 	2.125000 	1.690044 	2.409616 	0.851469 	0.797261 	1.959751 	0.215058 	0.813941 	2.325537 	1.539683 	2.049695 	2.247499 	1.886796 	2.617370 	2.549510 	2.416609 	1.706605 	2.348537 	2.482061 	0.152069 	0.313249 	2.627975 	1.657181 	2.571478 	1.733494 	2.504621 	2.281036 	0.226385 	1.927596 	0.201556 	1.575198 	2.336932 	0.340037 	2.161308 	1.997029 	1.837457 	0.251247 	2.440415 	1.700184 	
0.335410 	1.873666 	2.496623 	0.291548 	1.856071 	1.755349 	2.898383 	2.919118 	1.924188 	2.809026 	0.638847 	0.492443 	0.761988 	2.125000 	9.000000 	0.456207 	0.301040 	2.920295 	2.872716 	3.894868 	1.940522 	2.894067 	4.207285 	0.629484 	3.982226 	0.125000 	3.847808 	4.458279 	4.403479 	0.292617 	0.475000 	0.223607 	4.349282 	2.042670 	1.881821 	4.475279 	0.550568 	4.437975 	0.477624 	4.384204 	0.180278 	2.016340 	3.905125 	2.298097 	0.650481 	0.230489 	1.913439 	0.182003 	3.975550 	0.419076 	2.344408 	4.349282 	0.559017 	
