Total assets = 720
Number of asset nodes = 40

Distance:
999.000000 	12.529964 	66.287254 	9.055386 	13.601471 	10.049875 	68.007355 	21.587032 	92.027168 	11.180340 	34.669872 	35.227829 	8.062258 	9.486833 	10.440307 	12.041595 	13.000000 	62.481998 	71.400284 	63.890530 	14.212670 	14.212670 	65.795135 	15.264338 	15.620500 	16.278820 	17.029387 	18.788294 	18.867962 	18.601076 	20.000000 	20.518284 	29.966648 	33.541019 	33.015148 	33.837849 	34.481880 	36.400551 	35.846897 	36.235340 	38.275318 	38.910152 	39.812057 	40.249222 	44.654228 	44.821869 	45.000000 	45.793011 	47.507893 	49.203659 	49.648766 	50.219517 	52.153618 	
12.529964 	999.000000 	55.470715 	5.385165 	2.828427 	18.867962 	56.938564 	33.837849 	83.198555 	10.295630 	47.169907 	47.707443 	7.071068 	9.219544 	9.055386 	7.071068 	6.324555 	51.039200 	60.207973 	52.430908 	17.117243 	15.000000 	54.037025 	14.142136 	16.031219 	18.000000 	19.000000 	15.231546 	22.022715 	17.464249 	18.681541 	20.396078 	33.060551 	36.221542 	33.955853 	34.928497 	36.496574 	40.049969 	37.656342 	38.470768 	42.047592 	41.436699 	42.426407 	34.655445 	40.459858 	41.617306 	41.400482 	41.036568 	44.654228 	45.607018 	45.343136 	46.097721 	47.381432 	
66.287254 	55.470715 	999.000000 	60.827625 	56.364883 	74.303429 	3.000000 	83.450584 	32.756680 	56.222771 	99.156441 	99.904953 	58.249462 	64.404968 	63.976559 	61.326992 	60.008331 	7.615773 	6.324555 	7.211102 	71.693794 	69.079666 	10.630146 	67.416618 	69.641945 	71.867935 	72.801102 	66.098412 	75.960518 	69.570107 	70.213959 	72.422371 	85.440041 	87.800911 	83.952370 	84.929382 	87.321243 	92.179176 	88.073830 	89.269257 	94.111633 	92.195442 	93.171883 	73.006851 	80.000000 	83.024094 	82.006096 	79.025314 	86.005814 	85.023529 	83.096329 	84.095184 	83.294655 	
9.055386 	5.385165 	60.827625 	999.000000 	5.000000 	13.601471 	62.265560 	30.594116 	88.526833 	12.206555 	42.941822 	43.416588 	7.810250 	4.000000 	4.123106 	3.605551 	4.123106 	56.302753 	65.513359 	57.688820 	12.000000 	10.198039 	59.203041 	9.848858 	11.401754 	13.152946 	14.142136 	12.041595 	17.029387 	13.416408 	14.764823 	16.155495 	28.284271 	31.575306 	29.732138 	30.675724 	32.015621 	35.227829 	33.241539 	33.955853 	37.215588 	36.878178 	37.854988 	33.015148 	38.209946 	38.948685 	38.897301 	39.051247 	41.868843 	43.139309 	43.185646 	43.863426 	45.453274 	
13.601471 	2.828427 	56.364883 	5.000000 	999.000000 	18.439089 	57.706154 	35.171009 	84.723076 	13.038404 	47.885281 	48.373547 	9.486833 	8.062258 	7.615773 	5.099020 	4.000000 	51.623638 	60.901562 	53.000000 	15.524175 	13.152946 	54.405884 	12.000000 	14.035668 	16.124516 	17.117243 	12.649111 	20.223749 	15.132746 	16.278820 	18.110771 	31.000000 	34.058773 	31.575306 	32.557640 	34.234486 	38.000000 	35.355339 	36.221542 	40.000000 	39.204590 	40.199501 	31.827662 	37.643059 	38.832977 	38.600517 	38.209946 	41.880783 	42.801868 	42.520584 	43.278172 	44.553337 	
10.049875 	18.867962 	74.303429 	13.601471 	18.439089 	999.000000 	75.802376 	22.561028 	101.242287 	21.023796 	31.320919 	31.622776 	17.262676 	10.630146 	11.401754 	14.212670 	15.620500 	69.892776 	79.075912 	71.281136 	8.062258 	10.049875 	72.801102 	12.165525 	11.000000 	10.198039 	10.440307 	16.124516 	10.816654 	14.035668 	15.132746 	14.560220 	20.808653 	24.413111 	24.758837 	25.455845 	25.612497 	26.832815 	27.018513 	27.202942 	28.635643 	29.681644 	30.528675 	35.902645 	39.000000 	38.470768 	38.910152 	40.496914 	40.816662 	42.941822 	43.863426 	44.283180 	46.615448 	
68.007355 	56.938564 	3.000000 	62.265560 	57.706154 	75.802376 	999.000000 	85.562843 	33.526108 	58.137768 	101.178062 	101.911728 	60.000000 	65.764732 	65.299309 	62.609905 	61.269894 	7.000000 	3.605551 	6.082763 	72.917763 	70.263786 	8.602325 	68.541962 	70.774292 	73.006851 	73.925636 	67.067131 	77.077881 	70.576202 	71.168816 	73.389374 	86.330757 	88.600227 	84.646324 	85.615417 	88.056801 	93.005379 	88.769363 	89.988892 	94.921021 	92.892410 	93.861603 	73.109505 	80.056229 	83.150467 	82.097504 	79.006332 	86.092972 	85.005882 	83.006027 	84.005951 	83.096329 	
21.587032 	33.837849 	83.450584 	30.594116 	35.171009 	22.561028 	85.562843 	999.000000 	105.190300 	28.017851 	16.124516 	17.000000 	27.730848 	30.066593 	31.064449 	33.241539 	34.365681 	80.808418 	89.106674 	82.219215 	30.594116 	32.249031 	84.646324 	34.132095 	33.376640 	32.756680 	32.984844 	38.118237 	32.893768 	36.496574 	37.656342 	37.107952 	40.496914 	43.829212 	45.650848 	46.141087 	45.486263 	44.687805 	46.872166 	46.615448 	46.010868 	48.414875 	49.040798 	58.463665 	61.351448 	60.539242 	61.098282 	62.936478 	62.649822 	65.000000 	66.128662 	66.483078 	68.949257 	
92.027168 	83.198555 	32.756680 	88.526833 	84.723076 	101.242287 	33.526108 	105.190300 	999.000000 	80.993828 	121.313644 	122.188377 	84.118965 	92.417534 	92.195442 	89.822044 	88.645363 	40.261642 	32.695564 	39.560081 	100.224747 	97.862144 	41.785164 	96.509064 	98.655968 	100.806747 	101.788994 	95.885345 	104.923782 	99.141312 	99.985001 	102.107788 	115.260574 	117.957619 	114.529472 	115.524887 	117.720009 	122.188377 	118.608597 	119.707977 	124.169243 	122.690666 	123.685081 	105.171288 	112.218536 	115.108643 	114.157784 	111.364265 	118.152443 	117.345642 	115.524887 	116.520386 	115.849037 	
11.180340 	10.295630 	56.222771 	12.206555 	13.038404 	21.023796 	58.137768 	28.017851 	80.993828 	999.000000 	43.139309 	43.840622 	4.472136 	15.652476 	16.124516 	15.620500 	15.556349 	53.037724 	61.619801 	54.451813 	23.086792 	21.931713 	56.727417 	21.954498 	23.259407 	24.698177 	25.632011 	24.207438 	28.160255 	25.553865 	26.925823 	28.178005 	39.560081 	43.011627 	41.629318 	42.544094 	43.657761 	46.324940 	44.944408 	45.541191 	48.270073 	48.383881 	49.335587 	44.687805 	50.209560 	51.088158 	50.990196 	50.931328 	54.037025 	55.226807 	55.154327 	55.865910 	57.314919 	
34.669872 	47.169907 	99.156441 	42.941822 	47.885281 	31.320919 	101.178062 	16.124516 	121.313644 	43.139309 	999.000000 	1.000000 	42.011902 	41.231056 	42.154476 	44.777225 	46.097721 	96.176918 	104.690018 	97.590981 	38.832977 	41.231056 	99.824844 	43.416588 	41.976185 	40.607880 	40.447498 	47.296936 	39.115215 	44.721359 	45.541191 	44.283180 	42.755116 	45.354160 	48.662102 	48.836460 	47.296936 	44.598206 	48.507732 	47.801674 	45.310043 	48.703182 	49.040798 	65.007690 	66.272163 	64.629715 	65.490456 	68.183578 	66.098412 	68.883957 	70.576202 	70.710678 	73.552704 	
35.227829 	47.707443 	99.904953 	43.416588 	48.373547 	31.622776 	101.911728 	17.000000 	122.188377 	43.840622 	1.000000 	999.000000 	42.638012 	41.629318 	42.544094 	45.188496 	46.518814 	96.876213 	105.418213 	98.290382 	39.051247 	41.484936 	100.498756 	43.680660 	42.201897 	40.792156 	40.607880 	47.539455 	39.204590 	44.911022 	45.705578 	44.407207 	42.579338 	45.122055 	48.507732 	48.662102 	47.074409 	44.271889 	48.270073 	47.539455 	44.944408 	48.383881 	48.703182 	65.030762 	66.189125 	64.498062 	65.375839 	68.117546 	65.924202 	68.731361 	70.455658 	70.576202 	73.437050 	
8.062258 	7.071068 	58.249462 	7.810250 	9.486833 	17.262676 	60.000000 	27.730848 	84.118965 	4.472136 	42.011902 	42.638012 	999.000000 	11.180340 	11.661903 	11.313708 	11.401754 	54.561890 	63.411354 	55.973209 	18.681541 	17.464249 	57.982758 	17.492855 	18.788294 	20.248457 	21.189621 	19.849434 	23.769728 	21.095022 	22.472204 	23.706539 	35.171009 	38.600517 	37.161808 	38.078865 	39.217342 	41.976185 	40.496914 	41.109608 	43.931767 	43.965897 	44.922153 	40.607880 	45.967381 	46.754681 	46.690472 	46.754681 	49.678970 	50.931328 	50.931328 	51.623638 	53.150730 	
9.486833 	9.219544 	64.404968 	4.000000 	8.062258 	10.630146 	65.764732 	30.066593 	92.417534 	15.652476 	41.231056 	41.629318 	11.180340 	999.000000 	1.000000 	3.605551 	5.000000 	59.682495 	68.963760 	61.057350 	8.000000 	6.324555 	62.425957 	6.403124 	7.615773 	9.219544 	10.198039 	9.433981 	13.038404 	10.000000 	11.401754 	12.529964 	24.331051 	27.658634 	26.000000 	26.925823 	28.160255 	31.257000 	29.410883 	30.083218 	33.241539 	32.984844 	33.955853 	30.886890 	35.608986 	36.069378 	36.124783 	36.619667 	38.897301 	40.360870 	40.607880 	41.231056 	43.011627 	
10.440307 	9.055386 	63.976559 	4.123106 	7.615773 	11.401754 	65.299309 	31.064449 	92.195442 	16.124516 	42.154476 	42.544094 	11.661903 	1.000000 	999.000000 	2.828427 	4.242640 	59.169250 	68.476273 	60.539242 	8.062258 	6.082763 	61.854668 	5.830952 	7.280110 	9.055386 	10.049875 	8.602325 	13.000000 	9.433981 	10.816654 	12.083046 	24.186773 	27.459061 	25.632011 	26.570660 	27.892651 	31.144823 	29.120440 	29.832869 	33.136082 	32.756680 	33.734257 	30.016663 	34.828148 	35.355339 	35.383614 	35.805027 	38.209946 	39.623226 	39.824615 	40.459858 	42.201897 	
12.041595 	7.071068 	61.326992 	3.605551 	5.099020 	14.212670 	62.609905 	33.241539 	89.822044 	15.620500 	44.777225 	45.188496 	11.313708 	3.605551 	2.828427 	999.000000 	1.414214 	56.435802 	65.764732 	57.801384 	10.440307 	8.062258 	59.076221 	7.071068 	9.000000 	11.045361 	12.041595 	8.602325 	15.132746 	10.440307 	11.704700 	13.341664 	26.019224 	29.154760 	26.925823 	27.892651 	29.427877 	33.015148 	30.594116 	31.400637 	35.014282 	34.365681 	35.355339 	29.410883 	34.655445 	35.468296 	35.383614 	35.468296 	38.418747 	39.623226 	39.623226 	40.311287 	41.868843 	
13.000000 	6.324555 	60.008331 	4.123106 	4.000000 	15.620500 	61.269894 	34.365681 	88.645363 	15.556349 	46.097721 	46.518814 	11.401754 	5.000000 	4.242640 	1.414214 	999.000000 	55.072678 	64.412735 	56.435802 	11.704700 	9.219544 	57.688820 	8.000000 	10.049875 	12.165525 	13.152946 	8.944272 	16.278820 	11.180340 	12.369317 	14.142136 	27.000000 	30.066593 	27.658634 	28.635643 	30.265491 	34.000000 	31.400637 	32.249031 	36.000000 	35.227829 	36.221542 	29.206163 	34.655445 	35.608986 	35.468296 	35.383614 	38.600517 	39.698868 	39.597980 	40.311287 	41.773197 	
62.481998 	51.039200 	7.615773 	56.302753 	51.623638 	69.892776 	7.000000 	80.808418 	40.261642 	53.037724 	96.176918 	96.876213 	54.561890 	59.682495 	59.169250 	56.435802 	55.072678 	999.000000 	9.486833 	1.414214 	66.648331 	63.953106 	5.000000 	62.169125 	64.404968 	66.640831 	67.542580 	60.539242 	70.682388 	64.078079 	64.621979 	66.850578 	79.711983 	81.908485 	77.884529 	78.847954 	81.320351 	86.330757 	82.006096 	83.240616 	88.232651 	86.127815 	87.091904 	66.121101 	73.061615 	76.164299 	75.106590 	72.006943 	79.101204 	78.006409 	76.006577 	77.006493 	76.105194 	
71.400284 	60.207973 	6.324555 	65.513359 	60.901562 	79.075912 	3.605551 	89.106674 	32.695564 	61.619801 	104.690018 	105.418213 	63.411354 	68.963760 	68.476273 	65.764732 	64.412735 	9.486833 	999.000000 	8.246211 	76.026314 	73.348480 	9.219544 	71.589104 	73.824112 	76.059189 	76.967529 	70.007141 	80.112419 	73.539108 	74.094536 	76.321686 	89.196411 	91.394745 	87.361320 	88.323273 	90.801979 	95.817535 	91.482239 	92.720009 	97.718987 	95.603348 	96.566040 	75.325958 	82.219215 	85.375641 	84.291161 	81.098709 	88.277969 	87.091904 	85.023529 	86.023254 	85.005882 	
63.890530 	52.430908 	7.211102 	57.688820 	53.000000 	71.281136 	6.082763 	82.219215 	39.560081 	54.451813 	97.590981 	98.290382 	55.973209 	61.057350 	60.539242 	57.801384 	56.435802 	1.414214 	8.246211 	999.000000 	68.000000 	65.299309 	4.123106 	63.505905 	65.741920 	67.977936 	68.876701 	61.846584 	72.013885 	65.391129 	65.924202 	68.154236 	80.993828 	83.168503 	79.120163 	80.081207 	82.565125 	87.595665 	83.240616 	84.480766 	89.493019 	87.361320 	88.323273 	67.186310 	74.108032 	77.233414 	76.164299 	73.027390 	80.156097 	79.025314 	77.000000 	78.000000 	77.058418 	
14.212670 	17.117243 	71.693794 	12.000000 	15.524175 	8.062258 	72.917763 	30.594116 	100.224747 	23.086792 	38.832977 	39.051247 	18.681541 	8.000000 	8.062258 	10.440307 	11.704700 	66.648331 	76.026314 	68.000000 	999.000000 	2.828427 	69.115845 	5.000000 	3.162278 	2.236068 	2.828427 	8.544003 	5.099020 	6.000000 	7.071068 	6.708204 	16.492422 	19.924858 	18.867962 	19.723083 	20.615528 	23.345236 	21.931713 	22.472204 	25.317978 	25.298222 	26.248810 	27.892651 	31.304953 	31.064449 	31.384710 	32.695564 	33.600594 	35.510563 	36.235340 	36.715118 	38.910152 	
14.212670 	15.000000 	69.079666 	10.198039 	13.152946 	10.049875 	70.263786 	32.249031 	97.862144 	21.931713 	41.231056 	41.484936 	17.464249 	6.324555 	6.082763 	8.062258 	9.219544 	63.953106 	73.348480 	65.299309 	2.828427 	999.000000 	66.370171 	2.236068 	1.414214 	3.000000 	4.000000 	6.082763 	7.071068 	4.472136 	5.830952 	6.403124 	18.110771 	21.377558 	19.697716 	20.615528 	21.840330 	25.079872 	23.086792 	23.769728 	27.073973 	26.683329 	27.658634 	26.570660 	30.528675 	30.610456 	30.805843 	31.764761 	33.301651 	35.000000 	35.510563 	36.055511 	38.078865 	
65.795135 	54.037025 	10.630146 	59.203041 	54.405884 	72.801102 	8.602325 	84.646324 	41.785164 	56.727417 	99.824844 	100.498756 	57.982758 	62.425957 	61.854668 	59.076221 	57.688820 	5.000000 	9.219544 	4.123106 	69.115845 	66.370171 	999.000000 	64.498062 	66.730804 	68.963760 	69.835518 	62.609905 	72.945183 	66.189125 	66.640831 	68.876701 	81.541397 	83.570328 	79.378838 	80.324341 	82.873398 	88.022728 	83.486526 	84.758484 	89.888817 	87.595665 	88.543777 	66.610809 	73.437050 	76.655075 	75.538071 	72.249565 	79.511009 	78.230431 	76.105194 	77.103828 	76.006577 	
15.264338 	14.142136 	67.416618 	9.848858 	12.000000 	12.165525 	68.541962 	34.132095 	96.509064 	21.954498 	43.416588 	43.680660 	17.492855 	6.403124 	5.830952 	7.071068 	8.000000 	62.169125 	71.589104 	63.505905 	5.000000 	2.236068 	64.498062 	999.000000 	2.236068 	4.472136 	5.385165 	4.000000 	8.544003 	3.605551 	5.000000 	6.324555 	19.000000 	22.090721 	19.924858 	20.880613 	22.360680 	26.000000 	23.537205 	24.331051 	28.000000 	27.294687 	28.284271 	25.079872 	29.410883 	29.732138 	29.832869 	30.528675 	32.526913 	34.058773 	34.409302 	35.000000 	36.891735 	
15.620500 	16.031219 	69.641945 	11.401754 	14.035668 	11.000000 	70.774292 	33.376640 	98.655968 	23.259407 	41.976185 	42.201897 	18.788294 	7.615773 	7.280110 	9.000000 	10.049875 	64.404968 	73.824112 	65.741920 	3.162278 	1.414214 	66.730804 	2.236068 	999.000000 	2.236068 	3.162278 	5.385165 	6.324555 	3.162278 	4.472136 	5.000000 	17.029387 	20.223749 	18.384777 	19.313208 	20.615528 	24.020824 	21.840330 	22.561028 	26.019224 	25.495098 	26.476404 	25.298222 	29.154760 	29.206163 	29.410883 	30.413813 	31.890438 	33.600594 	34.132095 	34.669872 	36.715118 	
16.278820 	18.000000 	71.867935 	13.152946 	16.124516 	10.198039 	73.006851 	32.756680 	100.806747 	24.698177 	40.607880 	40.792156 	20.248457 	9.219544 	9.055386 	11.045361 	12.165525 	66.640831 	76.059189 	67.977936 	2.236068 	3.000000 	68.963760 	4.472136 	2.236068 	999.000000 	1.000000 	7.211102 	4.123106 	4.123106 	5.000000 	4.472136 	15.132746 	18.439089 	17.000000 	17.888544 	18.973665 	22.090721 	20.248457 	20.880613 	24.083189 	23.769728 	24.738634 	25.709921 	29.068884 	28.844410 	29.154760 	30.463093 	31.400637 	33.286633 	34.000000 	34.481880 	36.674240 	
17.029387 	19.000000 	72.801102 	14.142136 	17.117243 	10.440307 	73.925636 	32.984844 	101.788994 	25.632011 	40.447498 	40.607880 	21.189621 	10.198039 	10.049875 	12.041595 	13.152946 	67.542580 	76.967529 	68.876701 	2.828427 	4.000000 	69.835518 	5.385165 	3.162278 	1.000000 	999.000000 	7.810250 	3.162278 	4.472136 	5.099020 	4.123106 	14.142136 	17.464249 	16.124516 	17.000000 	18.027756 	21.095022 	19.313208 	19.924858 	23.086792 	22.803509 	23.769728 	25.495098 	28.635643 	28.301943 	28.653097 	30.083218 	30.805843 	32.756680 	33.541019 	34.000000 	36.249138 	
18.788294 	15.231546 	66.098412 	12.041595 	12.649111 	16.124516 	67.067131 	38.118237 	95.885345 	24.207438 	47.296936 	47.539455 	19.849434 	9.433981 	8.602325 	8.602325 	8.944272 	60.539242 	70.007141 	61.846584 	8.544003 	6.082763 	62.609905 	4.000000 	5.385165 	7.211102 	7.810250 	999.000000 	10.630146 	3.605551 	4.123106 	6.324555 	19.416489 	22.090721 	19.104973 	20.099751 	22.000000 	26.305893 	23.021729 	24.000000 	28.284271 	27.000000 	28.000000 	21.470911 	26.248810 	26.907248 	26.870058 	27.202942 	29.832869 	31.112698 	31.240999 	31.890438 	33.600594 	
18.867962 	22.022715 	75.960518 	17.029387 	20.223749 	10.816654 	77.077881 	32.893768 	104.923782 	28.160255 	39.115215 	39.204590 	23.769728 	13.038404 	13.000000 	15.132746 	16.278820 	70.682388 	80.112419 	72.013885 	5.099020 	7.071068 	72.945183 	8.544003 	6.324555 	4.123106 	3.162278 	10.630146 	999.000000 	7.071068 	7.211102 	5.385165 	11.401754 	14.866069 	14.212670 	15.000000 	15.652476 	18.248287 	17.000000 	17.464249 	20.223749 	20.248457 	21.189621 	26.076809 	28.460499 	27.730848 	28.231188 	30.083218 	30.016663 	32.202484 	33.241539 	33.615471 	36.055511 	
18.601076 	17.464249 	69.570107 	13.416408 	15.132746 	14.035668 	70.576202 	36.496574 	99.141312 	25.553865 	44.721359 	44.911022 	21.095022 	10.000000 	9.433981 	10.440307 	11.180340 	64.078079 	73.539108 	65.391129 	6.000000 	4.472136 	66.189125 	3.605551 	3.162278 	4.123106 	4.472136 	3.605551 	7.071068 	999.000000 	1.414214 	3.000000 	16.124516 	19.000000 	16.492422 	17.464249 	19.104973 	23.086792 	20.223749 	21.095022 	25.079872 	24.083189 	25.079872 	22.135944 	26.076809 	26.248810 	26.400757 	27.294687 	29.000000 	30.610456 	31.064449 	31.622776 	33.615471 	
20.000000 	18.681541 	70.213959 	14.764823 	16.278820 	15.132746 	71.168816 	37.656342 	99.985001 	26.925823 	45.541191 	45.705578 	22.472204 	11.401754 	10.816654 	11.704700 	12.369317 	64.621979 	74.094536 	65.924202 	7.071068 	5.830952 	66.640831 	5.000000 	4.472136 	5.000000 	5.099020 	4.123106 	7.211102 	1.414214 	999.000000 	2.236068 	15.297058 	18.027756 	15.297058 	16.278820 	18.027756 	22.203604 	19.104973 	20.024984 	24.186773 	23.021729 	24.020824 	20.880613 	24.698177 	24.839485 	25.000000 	25.942244 	27.586229 	29.206163 	29.681644 	30.232433 	32.249031 	
20.518284 	20.396078 	72.422371 	16.155495 	18.110771 	14.560220 	73.389374 	37.107952 	102.107788 	28.178005 	44.283180 	44.407207 	23.706539 	12.529964 	12.083046 	13.341664 	14.142136 	66.850578 	76.321686 	68.154236 	6.708204 	6.403124 	68.876701 	6.324555 	5.000000 	4.472136 	4.123106 	6.324555 	5.385165 	3.000000 	2.236068 	999.000000 	13.152946 	16.000000 	13.601471 	14.560220 	16.124516 	20.099751 	17.262676 	18.110771 	22.090721 	21.095022 	22.090721 	21.377558 	24.596748 	24.413111 	24.698177 	26.000000 	27.018513 	28.844410 	29.529646 	30.016663 	32.202484 	
29.966648 	33.060551 	85.440041 	28.284271 	31.000000 	20.808653 	86.330757 	40.496914 	115.260574 	39.560081 	42.755116 	42.579338 	35.171009 	24.331051 	24.186773 	26.019224 	27.000000 	79.711983 	89.196411 	80.993828 	16.492422 	18.110771 	81.541397 	19.000000 	17.029387 	15.132746 	14.142136 	19.416489 	11.401754 	16.124516 	15.297058 	13.152946 	999.000000 	3.605551 	6.000000 	6.082763 	5.000000 	7.000000 	6.403124 	6.403124 	9.000000 	8.944272 	9.848858 	24.698177 	24.083189 	22.022715 	23.000000 	26.172504 	23.345236 	26.172504 	28.017851 	28.071337 	31.016125 	
33.541019 	36.221542 	87.800911 	31.575306 	34.058773 	24.413111 	88.600227 	43.829212 	117.957619 	43.011627 	45.354160 	45.122055 	38.600517 	27.658634 	27.459061 	29.154760 	30.066593 	81.908485 	91.394745 	83.168503 	19.924858 	21.377558 	83.570328 	22.090721 	20.223749 	18.439089 	17.464249 	22.090721 	14.866069 	19.000000 	18.027756 	16.000000 	3.605551 	999.000000 	5.000000 	4.472136 	2.000000 	4.472136 	3.162278 	2.828427 	6.324555 	5.385165 	6.324555 	24.186773 	22.561028 	20.099751 	21.213203 	24.738634 	21.023796 	24.000000 	26.076809 	26.019224 	29.068884 	
33.015148 	33.955853 	83.952370 	29.732138 	31.575306 	24.758837 	84.646324 	45.650848 	114.529472 	41.629318 	48.662102 	48.507732 	37.161808 	26.000000 	25.632011 	26.925823 	27.658634 	77.884529 	87.361320 	79.120163 	18.867962 	19.697716 	79.378838 	19.924858 	18.384777 	17.000000 	16.124516 	19.104973 	14.212670 	16.492422 	15.297058 	13.601471 	6.000000 	5.000000 	999.000000 	1.000000 	3.605551 	9.219544 	4.123106 	5.385165 	10.816654 	8.246211 	9.219544 	19.235384 	18.110771 	16.031219 	17.000000 	20.223749 	17.464249 	20.223749 	22.022715 	22.090721 	25.019993 	
33.837849 	34.928497 	84.929382 	30.675724 	32.557640 	25.455845 	85.615417 	46.141087 	115.524887 	42.544094 	48.836460 	48.662102 	38.078865 	26.925823 	26.570660 	27.892651 	28.635643 	78.847954 	88.323273 	80.081207 	19.723083 	20.615528 	80.324341 	20.880613 	19.313208 	17.888544 	17.000000 	20.099751 	15.000000 	17.464249 	16.278820 	14.560220 	6.082763 	4.472136 	1.000000 	999.000000 	2.828427 	8.485281 	3.162278 	4.472136 	10.000000 	7.280110 	8.246211 	19.723083 	18.248287 	16.000000 	17.029387 	20.396078 	17.262676 	20.099751 	22.000000 	22.022715 	25.000000 	
34.481880 	36.496574 	87.321243 	32.015621 	34.234486 	25.612497 	88.056801 	45.486263 	117.720009 	43.657761 	47.296936 	47.074409 	39.217342 	28.160255 	27.892651 	29.427877 	30.265491 	81.320351 	90.801979 	82.565125 	20.615528 	21.840330 	82.873398 	22.360680 	20.615528 	18.973665 	18.027756 	22.000000 	15.652476 	19.104973 	18.027756 	16.124516 	5.000000 	2.000000 	3.605551 	2.828427 	999.000000 	5.656854 	1.414214 	2.000000 	7.211102 	5.000000 	6.000000 	22.472204 	20.615528 	18.110771 	19.235384 	22.803509 	19.026299 	22.000000 	24.083189 	24.020824 	27.073973 	
36.400551 	40.049969 	92.179176 	35.227829 	38.000000 	26.832815 	93.005379 	44.687805 	122.188377 	46.324940 	44.598206 	44.271889 	41.976185 	31.257000 	31.144823 	33.015148 	34.000000 	86.330757 	95.817535 	87.595665 	23.345236 	25.079872 	88.022728 	26.000000 	24.020824 	22.090721 	21.095022 	26.305893 	18.248287 	23.086792 	22.203604 	20.099751 	7.000000 	4.472136 	9.219544 	8.485281 	5.656854 	999.000000 	5.830952 	4.472136 	2.000000 	4.123106 	4.472136 	28.017851 	25.632011 	22.803509 	24.041630 	27.856777 	23.194826 	26.305893 	28.635643 	28.442924 	31.575306 	
35.846897 	37.656342 	88.073830 	33.241539 	35.355339 	27.018513 	88.769363 	46.872166 	118.608597 	44.944408 	48.507732 	48.270073 	40.496914 	29.410883 	29.120440 	30.594116 	31.400637 	82.006096 	91.482239 	83.240616 	21.931713 	23.086792 	83.486526 	23.537205 	21.840330 	20.248457 	19.313208 	23.021729 	17.000000 	20.223749 	19.104973 	17.262676 	6.403124 	3.162278 	4.123106 	3.162278 	1.414214 	5.830952 	999.000000 	1.414214 	7.071068 	4.123106 	5.099020 	22.203604 	19.924858 	17.262676 	18.439089 	22.135944 	18.000000 	21.023796 	23.194826 	23.086792 	26.172504 	
36.235340 	38.470768 	89.269257 	33.955853 	36.221542 	27.202942 	89.988892 	46.615448 	119.707977 	45.541191 	47.801674 	47.539455 	41.109608 	30.083218 	29.832869 	31.400637 	32.249031 	83.240616 	92.720009 	84.480766 	22.472204 	23.769728 	84.758484 	24.331051 	22.561028 	20.880613 	19.924858 	24.000000 	17.464249 	21.095022 	20.024984 	18.110771 	6.403124 	2.828427 	5.385165 	4.472136 	2.000000 	4.472136 	1.414214 	999.000000 	5.656854 	3.000000 	4.000000 	23.600847 	21.189621 	18.439089 	19.646883 	23.409399 	19.026299 	22.090721 	24.331051 	24.186773 	27.294687 	
38.275318 	42.047592 	94.111633 	37.215588 	40.000000 	28.635643 	94.921021 	46.010868 	124.169243 	48.270073 	45.310043 	44.944408 	43.931767 	33.241539 	33.136082 	35.014282 	36.000000 	88.232651 	97.718987 	89.493019 	25.317978 	27.073973 	89.888817 	28.000000 	26.019224 	24.083189 	23.086792 	28.284271 	20.223749 	25.079872 	24.186773 	22.090721 	9.000000 	6.324555 	10.816654 	10.000000 	7.211102 	2.000000 	7.071068 	5.656854 	999.000000 	4.123106 	4.000000 	29.206163 	26.400757 	23.409399 	24.698177 	28.635643 	23.537205 	26.683329 	29.120440 	28.861740 	32.015621 	
38.910152 	41.436699 	92.195442 	36.878178 	39.204590 	29.681644 	92.892410 	48.414875 	122.690666 	48.383881 	48.703182 	48.383881 	43.965897 	32.984844 	32.756680 	34.365681 	35.227829 	86.127815 	95.603348 	87.361320 	25.298222 	26.683329 	87.595665 	27.294687 	25.495098 	23.769728 	22.803509 	27.000000 	20.248457 	24.083189 	23.021729 	21.095022 	8.944272 	5.385165 	8.246211 	7.280110 	5.000000 	4.123106 	4.123106 	3.000000 	4.123106 	999.000000 	1.000000 	25.495098 	22.360680 	19.313208 	20.615528 	24.596748 	19.416489 	22.561028 	25.000000 	24.738634 	27.892651 	
39.812057 	42.426407 	93.171883 	37.854988 	40.199501 	30.528675 	93.861603 	49.040798 	123.685081 	49.335587 	49.040798 	48.703182 	44.922153 	33.955853 	33.734257 	35.355339 	36.221542 	87.091904 	96.566040 	88.323273 	26.248810 	27.658634 	88.543777 	28.284271 	26.476404 	24.738634 	23.769728 	28.000000 	21.189621 	25.079872 	24.020824 	22.090721 	9.848858 	6.324555 	9.219544 	8.246211 	6.000000 	4.472136 	5.099020 	4.000000 	4.000000 	1.000000 	999.000000 	26.172504 	22.825424 	19.697716 	21.023796 	25.059929 	19.646883 	22.803509 	25.298222 	25.000000 	28.160255 	
40.249222 	34.655445 	73.006851 	33.015148 	31.827662 	35.902645 	73.109505 	58.463665 	105.171288 	44.687805 	65.007690 	65.030762 	40.607880 	30.886890 	30.016663 	29.410883 	29.206163 	66.121101 	75.325958 	67.186310 	27.892651 	26.570660 	66.610809 	25.079872 	25.298222 	25.709921 	25.495098 	21.470911 	26.076809 	22.135944 	20.880613 	21.377558 	24.698177 	24.186773 	19.235384 	19.723083 	22.472204 	28.017851 	22.203604 	23.600847 	29.206163 	25.495098 	26.172504 	999.000000 	7.071068 	10.049875 	9.000000 	6.708204 	13.000000 	12.369317 	11.180340 	12.083046 	12.806249 	
44.654228 	40.459858 	80.000000 	38.209946 	37.643059 	39.000000 	80.056229 	61.351448 	112.218536 	50.209560 	66.272163 	66.189125 	45.967381 	35.608986 	34.828148 	34.655445 	34.655445 	73.061615 	82.219215 	74.108032 	31.304953 	30.528675 	73.437050 	29.410883 	29.154760 	29.068884 	28.635643 	26.248810 	28.460499 	26.076809 	24.698177 	24.596748 	24.083189 	22.561028 	18.110771 	18.248287 	20.615528 	25.632011 	19.924858 	21.189621 	26.400757 	22.360680 	22.825424 	7.071068 	999.000000 	3.605551 	2.236068 	2.236068 	6.082763 	5.385165 	5.000000 	5.656854 	7.615773 	
44.821869 	41.617306 	83.024094 	38.948685 	38.832977 	38.470768 	83.150467 	60.539242 	115.108643 	51.088158 	64.629715 	64.498062 	46.754681 	36.069378 	35.355339 	35.468296 	35.608986 	76.164299 	85.375641 	77.233414 	31.064449 	30.610456 	76.655075 	29.732138 	29.206163 	28.844410 	28.301943 	26.907248 	27.730848 	26.248810 	24.839485 	24.413111 	22.022715 	20.099751 	16.031219 	16.000000 	18.110771 	22.803509 	17.262676 	18.439089 	23.409399 	19.313208 	19.697716 	10.049875 	3.605551 	999.000000 	1.414214 	5.656854 	3.162278 	4.472136 	6.000000 	6.082763 	9.000000 	
45.000000 	41.400482 	82.006096 	38.897301 	38.600517 	38.910152 	82.097504 	61.098282 	114.157784 	50.990196 	65.490456 	65.375839 	46.690472 	36.124783 	35.383614 	35.383614 	35.468296 	75.106590 	84.291161 	76.164299 	31.384710 	30.805843 	75.538071 	29.832869 	29.410883 	29.154760 	28.653097 	26.870058 	28.231188 	26.400757 	25.000000 	24.698177 	23.000000 	21.213203 	17.000000 	17.029387 	19.235384 	24.041630 	18.439089 	19.646883 	24.698177 	20.615528 	21.023796 	9.000000 	2.236068 	1.414214 	999.000000 	4.242640 	4.000000 	4.242640 	5.099020 	5.385165 	8.062258 	
45.793011 	41.036568 	79.025314 	39.051247 	38.209946 	40.496914 	79.006332 	62.936478 	111.364265 	50.931328 	68.183578 	68.117546 	46.754681 	36.619667 	35.805027 	35.468296 	35.383614 	72.006943 	81.098709 	73.027390 	32.695564 	31.764761 	72.249565 	30.528675 	30.413813 	30.463093 	30.083218 	27.202942 	30.083218 	27.294687 	25.942244 	26.000000 	26.172504 	24.738634 	20.223749 	20.396078 	22.803509 	27.856777 	22.135944 	23.409399 	28.635643 	24.596748 	25.059929 	6.708204 	2.236068 	5.656854 	4.242640 	999.000000 	7.615773 	6.000000 	4.472136 	5.385165 	6.403124 	
47.507893 	44.654228 	86.005814 	41.868843 	41.880783 	40.816662 	86.092972 	62.649822 	118.152443 	54.037025 	66.098412 	65.924202 	49.678970 	38.897301 	38.209946 	38.418747 	38.600517 	79.101204 	88.277969 	80.156097 	33.600594 	33.301651 	79.511009 	32.526913 	31.890438 	31.400637 	30.805843 	29.832869 	30.016663 	29.000000 	27.586229 	27.018513 	23.345236 	21.023796 	17.464249 	17.262676 	19.026299 	23.194826 	18.000000 	19.026299 	23.537205 	19.416489 	19.646883 	13.000000 	6.082763 	3.162278 	4.000000 	7.615773 	999.000000 	3.162278 	5.830952 	5.385165 	8.544003 	
49.203659 	45.607018 	85.023529 	43.139309 	42.801868 	42.941822 	85.005882 	65.000000 	117.345642 	55.226807 	68.883957 	68.731361 	50.931328 	40.360870 	39.623226 	39.623226 	39.698868 	78.006409 	87.091904 	79.025314 	35.510563 	35.000000 	78.230431 	34.058773 	33.600594 	33.286633 	32.756680 	31.112698 	32.202484 	30.610456 	29.206163 	28.844410 	26.172504 	24.000000 	20.223749 	20.099751 	22.000000 	26.305893 	21.023796 	22.090721 	26.683329 	22.561028 	22.803509 	12.369317 	5.385165 	4.472136 	4.242640 	6.000000 	3.162278 	999.000000 	2.828427 	2.236068 	5.385165 	
49.648766 	45.343136 	83.096329 	43.185646 	42.520584 	43.863426 	83.006027 	66.128662 	115.524887 	55.154327 	70.576202 	70.455658 	50.931328 	40.607880 	39.824615 	39.623226 	39.597980 	76.006577 	85.023529 	77.000000 	36.235340 	35.510563 	76.105194 	34.409302 	34.132095 	34.000000 	33.541019 	31.240999 	33.241539 	31.064449 	29.681644 	29.529646 	28.017851 	26.076809 	22.022715 	22.000000 	24.083189 	28.635643 	23.194826 	24.331051 	29.120440 	25.000000 	25.298222 	11.180340 	5.000000 	6.000000 	5.099020 	4.472136 	5.830952 	2.828427 	999.000000 	1.000000 	3.000000 	
50.219517 	46.097721 	84.095184 	43.863426 	43.278172 	44.283180 	84.005951 	66.483078 	116.520386 	55.865910 	70.710678 	70.576202 	51.623638 	41.231056 	40.459858 	40.311287 	40.311287 	77.006493 	86.023254 	78.000000 	36.715118 	36.055511 	77.103828 	35.000000 	34.669872 	34.481880 	34.000000 	31.890438 	33.615471 	31.622776 	30.232433 	30.016663 	28.071337 	26.019224 	22.090721 	22.022715 	24.020824 	28.442924 	23.086792 	24.186773 	28.861740 	24.738634 	25.000000 	12.083046 	5.656854 	6.082763 	5.385165 	5.385165 	5.385165 	2.236068 	1.000000 	999.000000 	3.162278 	
52.153618 	47.381432 	83.294655 	45.453274 	44.553337 	46.615448 	83.096329 	68.949257 	115.849037 	57.314919 	73.552704 	73.437050 	53.150730 	43.011627 	42.201897 	41.868843 	41.773197 	76.105194 	85.005882 	77.058418 	38.910152 	38.078865 	76.006577 	36.891735 	36.715118 	36.674240 	36.249138 	33.600594 	36.055511 	33.615471 	32.249031 	32.202484 	31.016125 	29.068884 	25.019993 	25.000000 	27.073973 	31.575306 	26.172504 	27.294687 	32.015621 	27.892651 	28.160255 	12.806249 	7.615773 	9.000000 	8.062258 	6.403124 	8.544003 	5.385165 	3.000000 	3.162278 	999.000000 	

Travel time:
9.000000 	0.313249 	1.657181 	0.226385 	0.340037 	0.251247 	1.700184 	0.539676 	2.300679 	0.279509 	0.866747 	0.880696 	0.201556 	0.237171 	0.261008 	0.301040 	0.325000 	1.562050 	1.785007 	1.597263 	0.355317 	0.355317 	1.644878 	0.381608 	0.390512 	0.406971 	0.425735 	0.469707 	0.471699 	0.465027 	0.500000 	0.512957 	0.749166 	0.838525 	0.825379 	0.845946 	0.862047 	0.910014 	0.896172 	0.905883 	0.956883 	0.972754 	0.995301 	1.006231 	1.116356 	1.120547 	1.125000 	1.144825 	1.187697 	1.230091 	1.241219 	1.255488 	1.303840 	
0.313249 	9.000000 	1.386768 	0.134629 	0.070711 	0.471699 	1.423464 	0.845946 	2.079964 	0.257391 	1.179248 	1.192686 	0.176777 	0.230489 	0.226385 	0.176777 	0.158114 	1.275980 	1.505199 	1.310773 	0.427931 	0.375000 	1.350926 	0.353553 	0.400780 	0.450000 	0.475000 	0.380789 	0.550568 	0.436606 	0.467039 	0.509902 	0.826514 	0.905539 	0.848896 	0.873212 	0.912414 	1.001249 	0.941409 	0.961769 	1.051190 	1.035918 	1.060660 	0.866386 	1.011496 	1.040433 	1.035012 	1.025914 	1.116356 	1.140175 	1.133578 	1.152443 	1.184536 	
1.657181 	1.386768 	9.000000 	1.520691 	1.409122 	1.857586 	0.075000 	2.086265 	0.818917 	1.405569 	2.478911 	2.497624 	1.456237 	1.610124 	1.599414 	1.533175 	1.500208 	0.190394 	0.158114 	0.180278 	1.792345 	1.726992 	0.265754 	1.685416 	1.741049 	1.796698 	1.820028 	1.652460 	1.899013 	1.739253 	1.755349 	1.810559 	2.136001 	2.195023 	2.098809 	2.123235 	2.183031 	2.304479 	2.201846 	2.231731 	2.352791 	2.304886 	2.329297 	1.825171 	2.000000 	2.075602 	2.050152 	1.975633 	2.150145 	2.125588 	2.077408 	2.102380 	2.082366 	
0.226385 	0.134629 	1.520691 	9.000000 	0.125000 	0.340037 	1.556639 	0.764853 	2.213171 	0.305164 	1.073546 	1.085415 	0.195256 	0.100000 	0.103078 	0.090139 	0.103078 	1.407569 	1.637834 	1.442220 	0.300000 	0.254951 	1.480076 	0.246221 	0.285044 	0.328824 	0.353553 	0.301040 	0.425735 	0.335410 	0.369121 	0.403887 	0.707107 	0.789383 	0.743303 	0.766893 	0.800391 	0.880696 	0.831038 	0.848896 	0.930390 	0.921954 	0.946375 	0.825379 	0.955249 	0.973717 	0.972432 	0.976281 	1.046721 	1.078483 	1.079641 	1.096586 	1.136332 	
0.340037 	0.070711 	1.409122 	0.125000 	9.000000 	0.460977 	1.442654 	0.879275 	2.118077 	0.325960 	1.197132 	1.209339 	0.237171 	0.201556 	0.190394 	0.127475 	0.100000 	1.290591 	1.522539 	1.325000 	0.388104 	0.328824 	1.360147 	0.300000 	0.350892 	0.403113 	0.427931 	0.316228 	0.505594 	0.378319 	0.406971 	0.452769 	0.775000 	0.851469 	0.789383 	0.813941 	0.855862 	0.950000 	0.883883 	0.905539 	1.000000 	0.980115 	1.004987 	0.795692 	0.941076 	0.970824 	0.965013 	0.955249 	1.047020 	1.070047 	1.063015 	1.081954 	1.113833 	
0.251247 	0.471699 	1.857586 	0.340037 	0.460977 	9.000000 	1.895059 	0.564026 	2.531057 	0.525595 	0.783023 	0.790569 	0.431567 	0.265754 	0.285044 	0.355317 	0.390512 	1.747319 	1.976898 	1.782028 	0.201556 	0.251247 	1.820028 	0.304138 	0.275000 	0.254951 	0.261008 	0.403113 	0.270416 	0.350892 	0.378319 	0.364006 	0.520216 	0.610328 	0.618971 	0.636396 	0.640312 	0.670820 	0.675463 	0.680074 	0.715891 	0.742041 	0.763217 	0.897566 	0.975000 	0.961769 	0.972754 	1.012423 	1.020416 	1.073546 	1.096586 	1.107080 	1.165386 	
1.700184 	1.423464 	0.075000 	1.556639 	1.442654 	1.895059 	9.000000 	2.139071 	0.838153 	1.453444 	2.529452 	2.547793 	1.500000 	1.644118 	1.632483 	1.565248 	1.531747 	0.175000 	0.090139 	0.152069 	1.822944 	1.756595 	0.215058 	1.713549 	1.769357 	1.825171 	1.848141 	1.676678 	1.926947 	1.764405 	1.779220 	1.834734 	2.158269 	2.215006 	2.116158 	2.140385 	2.201420 	2.325135 	2.219234 	2.249722 	2.373025 	2.322310 	2.346540 	1.827738 	2.001406 	2.078762 	2.052438 	1.975158 	2.152324 	2.125147 	2.075151 	2.100149 	2.077408 	
0.539676 	0.845946 	2.086265 	0.764853 	0.879275 	0.564026 	2.139071 	9.000000 	2.629757 	0.700446 	0.403113 	0.425000 	0.693271 	0.751665 	0.776611 	0.831038 	0.859142 	2.020211 	2.227667 	2.055480 	0.764853 	0.806226 	2.116158 	0.853302 	0.834416 	0.818917 	0.824621 	0.952956 	0.822344 	0.912414 	0.941409 	0.927699 	1.012423 	1.095730 	1.141271 	1.153527 	1.137157 	1.117195 	1.171804 	1.165386 	1.150272 	1.210372 	1.226020 	1.461592 	1.533786 	1.513481 	1.527457 	1.573412 	1.566246 	1.625000 	1.653217 	1.662077 	1.723731 	
2.300679 	2.079964 	0.818917 	2.213171 	2.118077 	2.531057 	0.838153 	2.629757 	9.000000 	2.024846 	3.032841 	3.054709 	2.102974 	2.310438 	2.304886 	2.245551 	2.216134 	1.006541 	0.817389 	0.989002 	2.505619 	2.446554 	1.044629 	2.412727 	2.466399 	2.520169 	2.544725 	2.397134 	2.623095 	2.478533 	2.499625 	2.552695 	2.881514 	2.948941 	2.863237 	2.888122 	2.943000 	3.054709 	2.965215 	2.992699 	3.104231 	3.067267 	3.092127 	2.629282 	2.805463 	2.877716 	2.853945 	2.784107 	2.953811 	2.933641 	2.888122 	2.913010 	2.896226 	
0.279509 	0.257391 	1.405569 	0.305164 	0.325960 	0.525595 	1.453444 	0.700446 	2.024846 	9.000000 	1.078483 	1.096016 	0.111803 	0.391312 	0.403113 	0.390512 	0.388909 	1.325943 	1.540495 	1.361295 	0.577170 	0.548293 	1.418185 	0.548862 	0.581485 	0.617454 	0.640800 	0.605186 	0.704006 	0.638847 	0.673146 	0.704450 	0.989002 	1.075291 	1.040733 	1.063602 	1.091444 	1.158123 	1.123610 	1.138530 	1.206752 	1.209597 	1.233390 	1.117195 	1.255239 	1.277204 	1.274755 	1.273283 	1.350926 	1.380670 	1.378858 	1.396648 	1.432873 	
0.866747 	1.179248 	2.478911 	1.073546 	1.197132 	0.783023 	2.529452 	0.403113 	3.032841 	1.078483 	9.000000 	0.025000 	1.050297 	1.030776 	1.053862 	1.119431 	1.152443 	2.404423 	2.617250 	2.439775 	0.970824 	1.030776 	2.495621 	1.085415 	1.049405 	1.015197 	1.011187 	1.182423 	0.977880 	1.118034 	1.138530 	1.107080 	1.068878 	1.133854 	1.216552 	1.220912 	1.182423 	1.114955 	1.212693 	1.195042 	1.132751 	1.217580 	1.226020 	1.625192 	1.656804 	1.615743 	1.637261 	1.704589 	1.652460 	1.722099 	1.764405 	1.767767 	1.838818 	
0.880696 	1.192686 	2.497624 	1.085415 	1.209339 	0.790569 	2.547793 	0.425000 	3.054709 	1.096016 	0.025000 	9.000000 	1.065950 	1.040733 	1.063602 	1.129712 	1.162970 	2.421905 	2.635455 	2.457260 	0.976281 	1.037123 	2.512469 	1.092016 	1.055047 	1.019804 	1.015197 	1.188486 	0.980115 	1.122776 	1.142639 	1.110180 	1.064483 	1.128051 	1.212693 	1.216552 	1.176860 	1.106797 	1.206752 	1.188486 	1.123610 	1.209597 	1.217580 	1.625769 	1.654728 	1.612452 	1.634396 	1.702939 	1.648105 	1.718284 	1.761391 	1.764405 	1.835926 	
0.201556 	0.176777 	1.456237 	0.195256 	0.237171 	0.431567 	1.500000 	0.693271 	2.102974 	0.111803 	1.050297 	1.065950 	9.000000 	0.279509 	0.291548 	0.282843 	0.285044 	1.364047 	1.585284 	1.399330 	0.467039 	0.436606 	1.449569 	0.437321 	0.469707 	0.506211 	0.529741 	0.496236 	0.594243 	0.527376 	0.561805 	0.592663 	0.879275 	0.965013 	0.929045 	0.951972 	0.980434 	1.049405 	1.012423 	1.027740 	1.098294 	1.099147 	1.123054 	1.015197 	1.149184 	1.168867 	1.167262 	1.168867 	1.241974 	1.273283 	1.273283 	1.290591 	1.328768 	
0.237171 	0.230489 	1.610124 	0.100000 	0.201556 	0.265754 	1.644118 	0.751665 	2.310438 	0.391312 	1.030776 	1.040733 	0.279509 	9.000000 	0.025000 	0.090139 	0.125000 	1.492062 	1.724094 	1.526434 	0.200000 	0.158114 	1.560649 	0.160078 	0.190394 	0.230489 	0.254951 	0.235850 	0.325960 	0.250000 	0.285044 	0.313249 	0.608276 	0.691466 	0.650000 	0.673146 	0.704006 	0.781425 	0.735272 	0.752080 	0.831038 	0.824621 	0.848896 	0.772172 	0.890225 	0.901734 	0.903120 	0.915492 	0.972432 	1.009022 	1.015197 	1.030776 	1.075291 	
0.261008 	0.226385 	1.599414 	0.103078 	0.190394 	0.285044 	1.632483 	0.776611 	2.304886 	0.403113 	1.053862 	1.063602 	0.291548 	0.025000 	9.000000 	0.070711 	0.106066 	1.479231 	1.711907 	1.513481 	0.201556 	0.152069 	1.546367 	0.145774 	0.182003 	0.226385 	0.251247 	0.215058 	0.325000 	0.235850 	0.270416 	0.302076 	0.604669 	0.686477 	0.640800 	0.664266 	0.697316 	0.778621 	0.728011 	0.745822 	0.828402 	0.818917 	0.843356 	0.750417 	0.870704 	0.883883 	0.884590 	0.895126 	0.955249 	0.990581 	0.995615 	1.011496 	1.055047 	
0.301040 	0.176777 	1.533175 	0.090139 	0.127475 	0.355317 	1.565248 	0.831038 	2.245551 	0.390512 	1.119431 	1.129712 	0.282843 	0.090139 	0.070711 	9.000000 	0.035355 	1.410895 	1.644118 	1.445035 	0.261008 	0.201556 	1.476906 	0.176777 	0.225000 	0.276134 	0.301040 	0.215058 	0.378319 	0.261008 	0.292617 	0.333542 	0.650481 	0.728869 	0.673146 	0.697316 	0.735697 	0.825379 	0.764853 	0.785016 	0.875357 	0.859142 	0.883883 	0.735272 	0.866386 	0.886707 	0.884590 	0.886707 	0.960469 	0.990581 	0.990581 	1.007782 	1.046721 	
0.325000 	0.158114 	1.500208 	0.103078 	0.100000 	0.390512 	1.531747 	0.859142 	2.216134 	0.388909 	1.152443 	1.162970 	0.285044 	0.125000 	0.106066 	0.035355 	9.000000 	1.376817 	1.610318 	1.410895 	0.292617 	0.230489 	1.442220 	0.200000 	0.251247 	0.304138 	0.328824 	0.223607 	0.406971 	0.279509 	0.309233 	0.353553 	0.675000 	0.751665 	0.691466 	0.715891 	0.756637 	0.850000 	0.785016 	0.806226 	0.900000 	0.880696 	0.905539 	0.730154 	0.866386 	0.890225 	0.886707 	0.884590 	0.965013 	0.992472 	0.989950 	1.007782 	1.044330 	
