Total assets = 614
Number of asset nodes = 34

Distance:
999.000000 	20.124611 	14.212670 	24.698177 	61.220913 	77.897369 	61.400326 	34.985710 	111.287918 	12.369317 	43.863426 	36.235340 	113.534134 	90.210861 	25.000000 	54.744862 	21.400934 	47.853943 	26.907248 	57.306194 	66.573265 	87.458565 	21.954498 	30.413813 	18.248287 	88.814415 	51.244511 	86.533234 	85.982559 	36.013885 	55.973209 	48.270073 	82.492424 	78.714676 	31.764761 	30.805843 	74.000000 	48.166378 	72.532753 	43.416588 	54.083271 	54.147945 	72.567207 	41.593269 	46.097721 	72.691124 	69.065186 	66.753281 	70.349129 	66.287254 	72.034714 	
20.124611 	999.000000 	34.132095 	44.777225 	41.725292 	58.728188 	41.773197 	55.072678 	93.005379 	29.698484 	23.769728 	23.021729 	97.082436 	72.945183 	11.401754 	74.215904 	9.433981 	27.730848 	46.227695 	37.215588 	46.615448 	67.941154 	40.311287 	12.649111 	34.205261 	69.028976 	31.575306 	66.610809 	66.030296 	19.697716 	36.138622 	29.068884 	62.433964 	58.591808 	26.000000 	27.892651 	54.120235 	32.695564 	52.952808 	31.240999 	37.947330 	38.275318 	53.338543 	33.837849 	36.878178 	54.009258 	52.392746 	51.623638 	54.405884 	51.894123 	58.137768 	
14.212670 	34.132095 	999.000000 	10.770329 	75.432091 	92.097771 	75.604233 	21.023796 	125.319588 	8.544003 	57.706154 	49.648766 	127.027557 	104.019226 	38.948685 	43.000000 	35.383614 	61.773781 	13.038404 	71.344238 	80.709358 	101.671036 	10.000000 	43.324360 	12.041595 	103.004852 	64.621979 	100.687637 	100.124924 	48.052055 	69.462219 	61.351448 	96.566040 	92.660675 	39.458839 	37.107952 	87.464279 	59.211487 	85.702972 	53.037724 	65.276337 	65.192024 	85.440041 	49.030602 	53.935146 	85.146935 	80.224686 	77.006493 	81.024689 	76.105194 	81.394104 	
24.698177 	44.777225 	10.770329 	999.000000 	85.802101 	102.303467 	86.023254 	10.295630 	135.074051 	18.027756 	68.425140 	58.898216 	136.014709 	113.454834 	48.836460 	33.241539 	45.343136 	72.470680 	7.615773 	81.987801 	91.268837 	112.004463 	11.661903 	54.083271 	18.681541 	113.463654 	75.392311 	111.220505 	110.675201 	58.694122 	80.230919 	72.111023 	107.186752 	103.353760 	49.040798 	46.270943 	98.234413 	69.584480 	96.462425 	63.031738 	75.663727 	75.538071 	96.166519 	58.309521 	63.285069 	95.801880 	90.553848 	87.051712 	91.197586 	86.000000 	91.087868 	
61.220913 	41.725292 	75.432091 	85.802101 	999.000000 	17.204651 	1.414214 	96.020828 	52.354561 	71.421288 	21.540659 	31.575306 	60.016663 	35.355339 	37.589893 	112.307610 	40.816662 	17.720045 	87.863533 	10.198039 	8.246211 	26.248810 	82.036575 	37.589893 	75.742989 	27.784887 	23.021729 	26.000000 	25.632011 	38.897301 	20.615528 	27.018513 	23.345236 	22.090721 	56.648037 	60.539242 	26.076809 	42.000000 	29.068884 	49.365982 	41.436699 	42.426407 	32.526913 	58.051701 	57.314919 	36.878178 	46.065170 	51.264023 	50.089920 	53.758720 	59.236813 	
77.897369 	58.728188 	92.097771 	102.303467 	17.204651 	999.000000 	17.492855 	112.445541 	35.341194 	88.413803 	38.470768 	45.617977 	45.011108 	21.587032 	53.600372 	127.534309 	57.008770 	34.438351 	104.690018 	25.298222 	16.124516 	10.440307 	99.005051 	54.708317 	92.849342 	14.000000 	38.078865 	14.560220 	14.866069 	55.542778 	34.365681 	42.449970 	16.401220 	20.000000 	73.409805 	77.388626 	30.463093 	56.885849 	35.114101 	65.000000 	55.145264 	56.142673 	39.217342 	74.040527 	72.780495 	44.271889 	56.089214 	62.514000 	60.207973 	65.375839 	70.035706 	
61.400326 	41.773197 	75.604233 	86.023254 	1.414214 	17.492855 	999.000000 	96.260063 	52.773098 	71.449280 	21.023796 	32.388271 	60.827625 	36.221542 	38.013157 	112.805145 	41.182522 	17.088007 	87.965904 	9.055386 	7.071068 	26.172504 	82.073135 	37.215588 	75.690155 	27.459061 	22.000000 	25.495098 	25.079872 	38.275318 	19.416489 	26.076809 	22.561028 	21.023796 	56.080299 	60.008331 	24.698177 	41.012192 	27.658634 	48.507732 	40.311287 	41.303753 	31.112698 	57.271286 	56.435802 	35.468296 	44.721359 	49.979996 	48.754486 	52.497620 	57.939625 	
34.985710 	55.072678 	21.023796 	10.295630 	96.020828 	112.445541 	96.260063 	999.000000 	144.958618 	27.658634 	78.714676 	68.622154 	145.416641 	123.166557 	58.898216 	25.632011 	55.443665 	82.764725 	12.165525 	92.282173 	101.548019 	122.200653 	19.026299 	64.257294 	27.000000 	123.709335 	85.615417 	121.490738 	120.950401 	68.680420 	90.470993 	82.280006 	117.477661 	113.648582 	58.077534 	55.000000 	108.461975 	79.246452 	106.625511 	72.339478 	85.328773 	85.158676 	106.254410 	67.007462 	72.006943 	105.773346 	100.129913 	96.332756 	100.603180 	95.131485 	100.004997 	
111.287918 	93.005379 	125.319588 	135.074051 	52.354561 	35.341194 	52.773098 	144.958618 	999.000000 	122.441826 	73.790245 	76.419891 	19.104973 	22.825424 	86.371292 	157.410294 	89.938866 	69.778221 	138.191895 	60.539242 	50.921509 	29.427877 	132.909744 	89.944427 	127.200630 	32.015621 	73.054771 	36.013885 	37.013512 	90.873535 	68.963760 	77.491936 	42.047592 	48.093658 	108.747414 	112.729767 	60.074955 	91.482239 	65.069191 	99.929977 	89.050545 	90.027771 	69.028976 	109.110039 	107.563934 	74.006760 	87.091904 	94.260277 	91.049438 	97.329338 	101.044548 	
12.369317 	29.698484 	8.544003 	18.027756 	71.421288 	88.413803 	71.449280 	27.658634 	122.441826 	999.000000 	52.430908 	48.332184 	125.399361 	101.788994 	36.715118 	51.088158 	33.120991 	56.612720 	17.000000 	66.400299 	76.059189 	97.621719 	10.630146 	37.121422 	6.000000 	98.595131 	58.591808 	96.046867 	95.425362 	41.109608 	63.529522 	55.036350 	91.607857 	87.367043 	31.144823 	28.635643 	81.394104 	51.623638 	79.309517 	45.011108 	57.706154 	57.558666 	78.771820 	40.607880 	45.541191 	78.160095 	72.560318 	69.028976 	73.171036 	68.007355 	73.171036 	
43.863426 	23.769728 	57.706154 	68.425140 	21.540659 	38.470768 	21.023796 	78.714676 	73.790245 	52.430908 	999.000000 	26.925823 	81.252693 	56.515484 	25.079872 	97.800819 	27.018513 	4.242640 	69.339745 	14.142136 	24.083189 	46.400433 	63.007935 	16.401220 	56.080299 	46.690472 	9.486833 	43.863426 	43.185646 	17.464249 	13.000000 	9.899495 	39.204590 	34.985710 	35.114101 	39.000000 	30.594116 	23.409399 	30.016663 	29.068884 	25.238859 	26.076809 	31.144823 	37.121422 	37.054016 	32.984844 	35.805027 	38.209946 	39.051247 	39.824615 	46.097721 	
36.235340 	23.021729 	49.648766 	58.898216 	31.575306 	45.617977 	32.388271 	68.622154 	76.419891 	48.332184 	26.925823 	999.000000 	77.388626 	54.561890 	12.165525 	81.987801 	15.524175 	28.231188 	62.681736 	33.241539 	39.204590 	55.946404 	58.180752 	29.966648 	53.851646 	58.523499 	36.235340 	57.280014 	57.008770 	36.359318 	38.626415 	36.619667 	54.918121 	53.150730 	48.270073 	50.635956 	53.600372 	47.507893 	54.571056 	49.739319 	50.931328 	51.623638 	56.612720 	54.781384 	56.797886 	59.236813 	62.681736 	64.536812 	65.802734 	65.795135 	72.180328 	
113.534134 	97.082436 	127.027557 	136.014709 	60.016663 	45.011108 	60.827625 	145.416641 	19.104973 	125.399361 	81.252693 	77.388626 	999.000000 	24.738634 	88.684837 	154.935471 	92.282173 	77.665955 	140.064270 	69.584480 	61.073727 	42.953465 	135.484314 	96.462425 	130.648376 	46.840153 	82.607506 	50.695168 	51.662365 	98.716766 	79.227524 	86.833176 	56.293873 	61.983868 	116.211014 	119.920807 	73.824112 	101.597244 	78.771820 	109.329773 	100.124924 	101.123688 	82.873398 	118.067780 	117.239075 	87.965904 	100.498756 	107.228729 	104.580116 	110.163513 	114.529472 	
90.210861 	72.945183 	104.019226 	113.454834 	35.355339 	21.587032 	36.221542 	123.166557 	22.825424 	101.788994 	56.515484 	54.561890 	24.738634 	999.000000 	65.215027 	134.807266 	68.818604 	52.952808 	117.004272 	45.099888 	37.121422 	23.430750 	112.071404 	71.784401 	106.850365 	28.319605 	58.137768 	31.400637 	32.202484 	73.979729 	55.000000 	62.289646 	35.846897 	40.718548 	91.482239 	95.210297 	51.865211 	77.162170 	56.612720 	84.717178 	76.006577 	77.006493 	60.728905 	93.380943 	92.655273 	65.802734 	77.665955 	84.011902 	81.786308 	86.833176 	91.591484 	
25.000000 	11.401754 	38.948685 	48.836460 	37.589893 	53.600372 	38.013157 	58.898216 	86.371292 	36.715118 	25.079872 	12.165525 	88.684837 	65.215027 	999.000000 	74.846512 	3.605551 	28.017851 	51.855568 	35.902645 	44.011364 	63.513779 	46.872166 	21.213203 	42.047592 	65.368187 	34.365681 	63.505905 	63.071388 	28.319605 	38.052597 	33.241539 	60.166435 	57.280014 	37.336308 	39.293766 	55.145264 	40.804413 	55.009090 	41.109608 	45.276924 	45.793011 	56.222771 	44.777225 	47.434166 	57.870544 	58.694122 	59.169250 	61.269894 	59.908264 	66.287254 	
54.744862 	74.215904 	43.000000 	33.241539 	112.307610 	127.534309 	112.805145 	25.632011 	157.410294 	51.088158 	97.800819 	81.987801 	154.935471 	134.807266 	74.846512 	999.000000 	71.867935 	101.533249 	37.643059 	110.385689 	118.848640 	137.767914 	44.147480 	85.158676 	51.788029 	139.989288 	105.759163 	138.293167 	137.884003 	90.553848 	110.353973 	102.961159 	135.003708 	131.912857 	82.219215 	79.511009 	128.316010 	102.122475 	127.121986 	96.020828 	108.166542 	108.115677 	127.283150 	91.547798 	96.519424 	127.424484 	123.146255 	120.004166 	124.016129 	119.067207 	124.257797 	
21.400934 	9.433981 	35.383614 	45.343136 	40.816662 	57.008770 	41.182522 	55.443665 	89.938866 	33.120991 	27.018513 	15.524175 	92.282173 	68.818604 	3.605551 	71.867935 	999.000000 	30.265491 	48.270073 	38.600517 	47.010635 	66.850578 	43.266617 	20.808653 	38.483765 	68.600288 	36.055511 	66.648331 	66.189125 	28.017851 	40.012497 	34.525352 	63.158531 	60.083275 	35.341194 	37.000000 	57.428215 	40.816662 	57.035076 	40.311287 	45.617977 	46.065170 	58.034473 	43.266617 	46.227695 	59.413803 	59.464275 	59.481091 	61.846584 	60.033325 	66.370171 	
47.853943 	27.730848 	61.773781 	72.470680 	17.720045 	34.438351 	17.088007 	82.764725 	69.778221 	56.612720 	4.242640 	28.231188 	77.665955 	52.952808 	28.017851 	101.533249 	30.265491 	999.000000 	73.498299 	9.899495 	19.849434 	42.201897 	67.201187 	20.615528 	60.307545 	42.449970 	8.485281 	39.623226 	38.948685 	21.189621 	10.440307 	10.770329 	35.000000 	30.886890 	39.000000 	42.953465 	27.166155 	25.495098 	27.073973 	32.015621 	26.400757 	27.313000 	28.635643 	40.447498 	40.012497 	31.016125 	35.383614 	38.600517 	38.897301 	40.496914 	46.615448 	
26.907248 	46.227695 	13.038404 	7.615773 	87.863533 	104.690018 	87.965904 	12.165525 	138.191895 	17.000000 	69.339745 	62.681736 	140.064270 	117.004272 	51.855568 	37.643059 	48.270073 	73.498299 	999.000000 	83.234612 	92.800865 	114.109596 	7.071068 	54.120235 	15.132746 	115.256233 	75.591003 	112.800713 	112.200714 	57.939625 	80.529495 	72.013885 	108.466583 	104.307236 	46.270943 	43.046486 	98.386993 	67.911705 	96.254868 	60.671246 	73.979729 	73.756355 	95.634720 	55.009090 	60.008331 	94.868332 	88.645363 	84.593147 	88.955048 	83.294655 	88.051125 	
57.306194 	37.215588 	71.344238 	81.987801 	10.198039 	25.298222 	9.055386 	92.282173 	60.539242 	66.400299 	14.142136 	33.241539 	69.584480 	45.099888 	35.902645 	110.385689 	38.600517 	9.899495 	83.234612 	999.000000 	10.000000 	32.449963 	77.006493 	30.479502 	70.178345 	32.557640 	13.038404 	29.732138 	29.068884 	30.413813 	10.440307 	17.262676 	25.238859 	21.540659 	48.301140 	52.354561 	20.396078 	32.062439 	21.931713 	39.812057 	31.257000 	32.249031 	24.698177 	48.764740 	47.675991 	28.425341 	36.359318 	41.231056 	40.311287 	43.657761 	49.244289 	
66.573265 	46.615448 	80.709358 	91.268837 	8.246211 	16.124516 	7.071068 	101.548019 	50.921509 	76.059189 	24.083189 	39.204590 	61.073727 	37.121422 	44.011364 	118.848640 	47.010635 	19.849434 	92.800865 	10.000000 	999.000000 	22.472204 	86.683334 	40.459858 	79.981247 	22.627417 	22.135944 	20.000000 	19.416489 	40.311287 	18.248287 	26.570660 	16.155495 	14.000000 	58.180752 	62.265560 	18.439089 	40.792156 	22.022715 	49.040798 	39.051247 	40.049969 	25.806976 	58.189346 	56.753853 	30.528675 	41.109608 	47.074409 	45.221676 	49.819675 	54.817879 	
87.458565 	67.941154 	101.671036 	112.004463 	26.248810 	10.440307 	26.172504 	122.200653 	29.427877 	97.621719 	46.400433 	55.946404 	42.953465 	23.430750 	63.513779 	137.767914 	66.850578 	42.201897 	114.109596 	32.449963 	22.472204 	999.000000 	108.245094 	62.801273 	101.833199 	5.000000 	44.283180 	8.062258 	8.944272 	62.769421 	39.924931 	48.754486 	13.341664 	19.104973 	80.622574 	84.723076 	31.064449 	62.297672 	36.055511 	70.936592 	59.665737 	60.638271 	40.112343 	80.230919 	78.434685 	45.177429 	58.008621 	65.030762 	62.032249 	68.066147 	72.027771 	
21.954498 	40.311287 	10.000000 	11.661903 	82.036575 	99.005051 	82.073135 	19.026299 	132.909744 	10.630146 	63.007935 	58.180752 	135.484314 	112.071404 	46.872166 	44.147480 	43.266617 	67.201187 	7.071068 	77.006493 	86.683334 	108.245094 	999.000000 	47.507893 	8.062258 	109.224541 	68.963760 	106.667709 	106.042442 	51.078373 	73.925636 	65.299309 	102.200783 	97.908119 	39.204590 	36.013885 	91.706055 	60.876926 	89.470665 	53.600372 	66.940269 	66.708321 	88.769363 	48.000000 	53.000000 	87.920418 	81.584312 	77.524193 	81.884064 	76.236473 	81.024689 	
30.413813 	12.649111 	43.324360 	54.083271 	37.589893 	54.708317 	37.215588 	64.257294 	89.944427 	37.121422 	16.401220 	29.966648 	96.462425 	71.784401 	21.213203 	85.158676 	20.808653 	20.615528 	54.120235 	30.479502 	40.459858 	62.801273 	47.507893 	999.000000 	40.224369 	63.031738 	21.470911 	60.108234 	59.396969 	7.211102 	26.419689 	18.027756 	55.226807 	50.606323 	20.099751 	23.537205 	44.283180 	20.124611 	42.379242 	20.000000 	25.298222 	25.632011 	42.201897 	25.000000 	26.832815 	42.296574 	39.812057 	39.000000 	41.761227 	39.357338 	45.650848 	
18.248287 	34.205261 	12.041595 	18.681541 	75.742989 	92.849342 	75.690155 	27.000000 	127.200630 	6.000000 	56.080299 	53.851646 	130.648376 	106.850365 	42.047592 	51.788029 	38.483765 	60.307545 	15.132746 	70.178345 	79.981247 	101.833199 	8.062258 	40.224369 	999.000000 	102.591423 	61.587337 	99.904953 	99.247169 	43.382023 	66.573265 	57.801384 	95.268044 	90.801979 	31.144823 	28.000000 	84.219948 	52.886673 	81.841309 	45.541191 	58.940647 	58.694122 	81.024689 	40.012497 	45.011108 	80.056229 	73.545906 	69.462219 	73.824112 	68.183578 	73.006851 	
88.814415 	69.028976 	103.004852 	113.463654 	27.784887 	14.000000 	27.459061 	123.709335 	32.015621 	98.595131 	46.690472 	58.523499 	46.840153 	28.319605 	65.368187 	139.989288 	68.600288 	42.449970 	115.256233 	32.557640 	22.627417 	5.000000 	109.224541 	63.031738 	102.591423 	999.000000 	43.566040 	4.000000 	5.000000 	62.425957 	38.948685 	48.020828 	10.049875 	16.124516 	80.156097 	84.314888 	28.071337 	60.926186 	33.060551 	69.778221 	57.870544 	58.821766 	37.013512 	79.158073 	77.077881 	42.000000 	55.081757 	62.289646 	59.033890 	65.375839 	69.028976 	
51.244511 	31.575306 	64.621979 	75.392311 	23.021729 	38.078865 	22.000000 	85.615417 	73.054771 	58.591808 	9.486833 	36.235340 	82.607506 	58.137768 	34.365681 	105.759163 	36.055511 	8.485281 	75.591003 	13.038404 	22.135944 	44.283180 	68.963760 	21.470911 	61.587337 	43.566040 	999.000000 	40.224369 	39.408119 	19.104973 	5.000000 	4.472136 	34.828148 	29.698484 	36.619667 	40.804413 	22.847319 	19.026299 	21.377558 	26.925823 	18.681541 	19.646883 	22.000000 	36.055511 	34.713108 	23.537205 	26.907248 	30.232433 	30.413813 	32.249031 	38.275318 	
86.533234 	66.610809 	100.687637 	111.220505 	26.000000 	14.560220 	25.495098 	121.490738 	36.013885 	96.046867 	43.863426 	57.280014 	50.695168 	31.400637 	63.505905 	138.293167 	66.648331 	39.623226 	112.800713 	29.732138 	20.000000 	8.062258 	106.667709 	60.108234 	99.904953 	4.000000 	40.224369 	999.000000 	1.000000 	59.203041 	35.510563 	44.654228 	6.082763 	12.165525 	76.843994 	81.024689 	24.083189 	57.271286 	29.068884 	66.189125 	54.083271 	55.027267 	33.015148 	75.591003 	73.409805 	38.000000 	51.088158 	58.309521 	55.036350 	61.400326 	65.030762 	
85.982559 	66.030296 	100.124924 	110.675201 	25.632011 	14.866069 	25.079872 	120.950401 	37.013512 	95.425362 	43.185646 	57.008770 	51.662365 	32.202484 	63.071388 	137.884003 	66.189125 	38.948685 	112.200714 	29.068884 	19.416489 	8.944272 	106.042442 	59.396969 	99.247169 	5.000000 	39.408119 	1.000000 	999.000000 	58.412327 	34.669872 	43.829212 	5.099020 	11.180340 	76.026314 	80.212219 	23.086792 	56.364883 	28.071337 	65.299309 	53.141319 	54.083271 	32.015621 	74.706093 	72.498276 	37.000000 	50.089920 	57.314919 	54.037025 	60.406952 	64.031242 	
36.013885 	19.697716 	48.052055 	58.694122 	38.897301 	55.542778 	38.275318 	68.680420 	90.873535 	41.109608 	17.464249 	36.359318 	98.716766 	73.979729 	28.319605 	90.553848 	28.017851 	21.189621 	57.939625 	30.413813 	40.311287 	62.769421 	51.078373 	7.211102 	43.382023 	62.425957 	19.104973 	59.203041 	58.412327 	999.000000 	24.041630 	14.866069 	53.907330 	48.795490 	17.888544 	21.954498 	41.048752 	13.000000 	38.470768 	13.416408 	18.439089 	18.681541 	37.696156 	20.024984 	20.880613 	37.107952 	33.241539 	31.953091 	34.928497 	32.202484 	38.470768 	
55.973209 	36.138622 	69.462219 	80.230919 	20.615528 	34.365681 	19.416489 	90.470993 	68.963760 	63.529522 	13.000000 	38.626415 	79.227524 	55.000000 	38.052597 	110.353973 	40.012497 	10.440307 	80.529495 	10.440307 	18.248287 	39.924931 	73.925636 	26.419689 	66.573265 	38.948685 	5.000000 	35.510563 	34.669872 	24.041630 	999.000000 	9.219544 	30.000000 	24.758837 	41.400482 	45.607018 	18.027756 	22.561028 	17.029387 	31.016125 	21.023796 	22.022715 	18.248287 	40.311287 	38.600517 	20.615528 	26.400757 	30.870699 	30.232433 	33.241539 	38.910152 	
48.270073 	29.068884 	61.351448 	72.111023 	27.018513 	42.449970 	26.076809 	82.280006 	77.491936 	55.036350 	9.899495 	36.619667 	86.833176 	62.289646 	33.241539 	102.961159 	34.525352 	10.770329 	72.013885 	17.262676 	26.570660 	48.754486 	65.299309 	18.027756 	57.801384 	48.020828 	4.472136 	44.654228 	43.829212 	14.866069 	9.219544 	999.000000 	39.204590 	33.970577 	32.202484 	36.400551 	26.419689 	15.033297 	24.351591 	22.561028 	15.652476 	16.552946 	24.331051 	31.622776 	30.413813 	25.019993 	26.076809 	28.319605 	29.206163 	30.000000 	36.235340 	
82.492424 	62.433964 	96.566040 	107.186752 	23.345236 	16.401220 	22.561028 	117.477661 	42.047592 	91.607857 	39.204590 	54.918121 	56.293873 	35.846897 	60.166435 	135.003708 	63.158531 	35.000000 	108.466583 	25.238859 	16.155495 	13.341664 	102.200783 	55.226807 	95.268044 	10.049875 	34.828148 	6.082763 	5.099020 	53.907330 	30.000000 	39.204590 	999.000000 	6.082763 	71.400284 	75.604233 	18.027756 	51.429562 	23.021729 	60.415230 	48.104053 	49.040798 	27.000000 	69.835518 	67.542580 	32.015621 	45.044422 	52.239830 	49.010204 	55.326305 	59.008472 	
78.714676 	58.591808 	92.660675 	103.353760 	22.090721 	20.000000 	21.023796 	113.648582 	48.093658 	87.367043 	34.985710 	53.150730 	61.983868 	40.718548 	57.280014 	131.912857 	60.083275 	30.886890 	104.307236 	21.540659 	14.000000 	19.104973 	97.908119 	50.606323 	90.801979 	16.124516 	29.698484 	12.165525 	11.180340 	48.795490 	24.758837 	33.970577 	6.082763 	999.000000 	66.068146 	70.292244 	12.000000 	45.650848 	17.000000 	54.708317 	42.154476 	43.081318 	21.023796 	64.140472 	61.717098 	26.076809 	39.012817 	46.173584 	43.000000 	49.254440 	53.000000 	
31.764761 	26.000000 	39.458839 	49.040798 	56.648037 	73.409805 	56.080299 	58.077534 	108.747414 	31.144823 	35.114101 	48.270073 	116.211014 	91.482239 	37.336308 	82.219215 	35.341194 	39.000000 	46.270943 	48.301140 	58.180752 	80.622574 	39.204590 	20.099751 	31.144823 	80.156097 	36.619667 	76.843994 	76.026314 	17.888544 	41.400482 	32.202484 	71.400284 	66.068146 	999.000000 	4.242640 	57.314919 	22.825424 	54.037025 	14.560220 	28.635643 	28.231188 	52.430908 	9.848858 	14.560220 	50.606323 	42.720020 	38.327538 	42.755116 	37.054016 	42.047592 	
30.805843 	27.892651 	37.107952 	46.270943 	60.539242 	77.388626 	60.008331 	55.000000 	112.729767 	28.635643 	39.000000 	50.635956 	119.920807 	95.210297 	39.293766 	79.511009 	37.000000 	42.953465 	43.046486 	52.354561 	62.265560 	84.723076 	36.013885 	23.537205 	28.000000 	84.314888 	40.804413 	81.024689 	80.212219 	21.954498 	45.607018 	36.400551 	75.604233 	70.292244 	4.242640 	999.000000 	61.554855 	26.925823 	58.258045 	18.384777 	32.649654 	32.202484 	56.612720 	12.041595 	17.029387 	54.708317 	46.486557 	41.773197 	46.324940 	40.311287 	45.011108 	
74.000000 	54.120235 	87.464279 	98.234413 	26.076809 	30.463093 	24.698177 	108.461975 	60.074955 	81.394104 	30.594116 	53.600372 	73.824112 	51.865211 	55.145264 	128.316010 	57.428215 	27.166155 	98.386993 	20.396078 	18.439089 	31.064449 	91.706055 	44.283180 	84.219948 	28.071337 	22.847319 	24.083189 	23.086792 	41.048752 	18.027756 	26.419689 	18.027756 	12.000000 	57.314919 	61.554855 	999.000000 	35.608986 	5.000000 	44.821869 	31.384710 	32.249031 	9.055386 	54.203320 	51.312767 	14.142136 	27.018513 	34.234486 	31.000000 	37.336308 	41.000000 	
48.166378 	32.695564 	59.211487 	69.584480 	42.000000 	56.885849 	41.012192 	79.246452 	91.482239 	51.623638 	23.409399 	47.507893 	101.597244 	77.162170 	40.804413 	102.122475 	40.816662 	25.495098 	67.911705 	32.062439 	40.792156 	62.297672 	60.876926 	20.124611 	52.886673 	60.926186 	19.026299 	57.271286 	56.364883 	13.000000 	22.561028 	15.033297 	51.429562 	45.650848 	22.825424 	26.925823 	35.608986 	999.000000 	31.827662 	9.219544 	6.082763 	6.000000 	29.832869 	18.601076 	16.155495 	27.784887 	21.023796 	18.973665 	22.203604 	19.235384 	25.553865 	
72.532753 	52.952808 	85.702972 	96.462425 	29.068884 	35.114101 	27.658634 	106.625511 	65.069191 	79.309517 	30.016663 	54.571056 	78.771820 	56.612720 	55.009090 	127.121986 	57.035076 	27.073973 	96.254868 	21.931713 	22.022715 	36.055511 	89.470665 	42.379242 	81.841309 	33.060551 	21.377558 	29.068884 	28.071337 	38.470768 	17.029387 	24.351591 	23.021729 	17.000000 	54.037025 	58.258045 	5.000000 	31.827662 	999.000000 	41.036568 	27.202942 	28.017851 	4.123106 	50.328918 	47.201694 	9.219544 	22.022715 	29.274563 	26.000000 	32.388271 	36.000000 	
43.416588 	31.240999 	53.037724 	63.031738 	49.365982 	65.000000 	48.507732 	72.339478 	99.929977 	45.011108 	29.068884 	49.739319 	109.329773 	84.717178 	41.109608 	96.020828 	40.311287 	32.015621 	60.671246 	39.812057 	49.040798 	70.936592 	53.600372 	20.000000 	45.541191 	69.778221 	26.925823 	66.189125 	65.299309 	13.416408 	31.016125 	22.561028 	60.415230 	54.708317 	14.560220 	18.384777 	44.821869 	9.219544 	41.036568 	999.000000 	14.422205 	13.892444 	38.948685 	9.433981 	8.000000 	36.619667 	28.160255 	24.020824 	28.284271 	23.086792 	28.635643 	
54.083271 	37.947330 	65.276337 	75.663727 	41.436699 	55.145264 	40.311287 	85.328773 	89.050545 	57.706154 	25.238859 	50.931328 	100.124924 	76.006577 	45.276924 	108.166542 	45.617977 	26.400757 	73.979729 	31.257000 	39.051247 	59.665737 	66.940269 	25.298222 	58.940647 	57.870544 	18.681541 	54.083271 	53.141319 	18.439089 	21.023796 	15.652476 	48.104053 	42.154476 	28.635643 	32.649654 	31.384710 	6.082763 	27.202942 	14.422205 	999.000000 	1.000000 	24.758837 	23.345236 	20.000000 	22.203604 	15.000000 	13.892444 	16.492422 	14.866069 	21.260292 	
54.147945 	38.275318 	65.192024 	75.538071 	42.426407 	56.142673 	41.303753 	85.158676 	90.027771 	57.558666 	26.076809 	51.623638 	101.123688 	77.006493 	45.793011 	108.115677 	46.065170 	27.313000 	73.756355 	32.249031 	40.049969 	60.638271 	66.708321 	25.632011 	58.694122 	58.821766 	19.646883 	55.027267 	54.083271 	18.681541 	22.022715 	16.552946 	49.040798 	43.081318 	28.231188 	32.202484 	32.249031 	6.000000 	28.017851 	13.892444 	1.000000 	999.000000 	25.495098 	22.671568 	19.209373 	22.803509 	15.033297 	13.416408 	16.278820 	14.212670 	20.615528 	
72.567207 	53.338543 	85.440041 	96.166519 	32.526913 	39.217342 	31.112698 	106.254410 	69.028976 	78.771820 	31.144823 	56.612720 	82.873398 	60.728905 	56.222771 	127.283150 	58.034473 	28.635643 	95.634720 	24.698177 	25.806976 	40.112343 	88.769363 	42.201897 	81.024689 	37.013512 	22.000000 	33.015148 	32.015621 	37.696156 	18.248287 	24.331051 	27.000000 	21.023796 	52.430908 	56.612720 	9.055386 	29.832869 	4.123106 	38.948685 	24.758837 	25.495098 	999.000000 	48.083260 	44.687805 	5.099020 	18.110771 	25.495098 	22.022715 	28.635643 	32.015621 	
41.593269 	33.837849 	49.030602 	58.309521 	58.051701 	74.040527 	57.271286 	67.007462 	109.110039 	40.607880 	37.121422 	54.781384 	118.067780 	93.380943 	44.777225 	91.547798 	43.266617 	40.447498 	55.009090 	48.764740 	58.189346 	80.230919 	48.000000 	25.000000 	40.012497 	79.158073 	36.055511 	75.591003 	74.706093 	20.024984 	40.311287 	31.622776 	69.835518 	64.140472 	9.848858 	12.041595 	54.203320 	18.601076 	50.328918 	9.433981 	23.345236 	22.671568 	48.083260 	999.000000 	5.000000 	45.453274 	35.777088 	30.364452 	35.114101 	28.635643 	33.060551 	
46.097721 	36.878178 	53.935146 	63.285069 	57.314919 	72.780495 	56.435802 	72.006943 	107.563934 	45.541191 	37.054016 	56.797886 	117.239075 	92.655273 	47.434166 	96.519424 	46.227695 	40.012497 	60.008331 	47.675991 	56.753853 	78.434685 	53.000000 	26.832815 	45.011108 	77.077881 	34.713108 	73.409805 	72.498276 	20.880613 	38.600517 	30.413813 	67.542580 	61.717098 	14.560220 	17.029387 	51.312767 	16.155495 	47.201694 	8.000000 	20.000000 	19.209373 	44.687805 	5.000000 	999.000000 	41.725292 	31.384710 	25.632011 	30.463093 	23.769728 	28.071337 	
72.691124 	54.009258 	85.146935 	95.801880 	36.878178 	44.271889 	35.468296 	105.773346 	74.006760 	78.160095 	32.984844 	59.236813 	87.965904 	65.802734 	57.870544 	127.424484 	59.413803 	31.016125 	94.868332 	28.425341 	30.528675 	45.177429 	87.920418 	42.296574 	80.056229 	42.000000 	23.537205 	38.000000 	37.000000 	37.107952 	20.615528 	25.019993 	32.015621 	26.076809 	50.606323 	54.708317 	14.142136 	27.784887 	9.219544 	36.619667 	22.203604 	22.803509 	5.099020 	45.453274 	41.725292 	999.000000 	13.341664 	20.880613 	17.117243 	24.041630 	27.073973 	
69.065186 	52.392746 	80.224686 	90.553848 	46.065170 	56.089214 	44.721359 	100.129913 	87.091904 	72.560318 	35.805027 	62.681736 	100.498756 	77.665955 	58.694122 	123.146255 	59.464275 	35.383614 	88.645363 	36.359318 	41.109608 	58.008621 	81.584312 	39.812057 	73.545906 	55.081757 	26.907248 	51.088158 	50.089920 	33.241539 	26.400757 	26.076809 	45.044422 	39.012817 	42.720020 	46.486557 	27.018513 	21.023796 	22.022715 	28.160255 	15.000000 	15.033297 	18.110771 	35.777088 	31.384710 	13.341664 	999.000000 	7.615773 	4.123106 	10.770329 	14.035668 	
66.753281 	51.623638 	77.006493 	87.051712 	51.264023 	62.514000 	49.979996 	96.332756 	94.260277 	69.028976 	38.209946 	64.536812 	107.228729 	84.011902 	59.169250 	120.004166 	59.481091 	38.600517 	84.593147 	41.231056 	47.074409 	65.030762 	77.524193 	39.000000 	69.462219 	62.289646 	30.232433 	58.309521 	57.314919 	31.953091 	30.870699 	28.319605 	52.239830 	46.173584 	38.327538 	41.773197 	34.234486 	18.973665 	29.274563 	24.020824 	13.892444 	13.416408 	25.495098 	30.364452 	25.632011 	20.880613 	7.615773 	999.000000 	5.000000 	3.162278 	8.062258 	
70.349129 	54.405884 	81.024689 	91.197586 	50.089920 	60.207973 	48.754486 	100.603180 	91.049438 	73.171036 	39.051247 	65.802734 	104.580116 	81.786308 	61.269894 	124.016129 	61.846584 	38.897301 	88.955048 	40.311287 	45.221676 	62.032249 	81.884064 	41.761227 	73.824112 	59.033890 	30.413813 	55.036350 	54.037025 	34.928497 	30.232433 	29.206163 	49.010204 	43.000000 	42.755116 	46.324940 	31.000000 	22.203604 	26.000000 	28.284271 	16.492422 	16.278820 	22.022715 	35.114101 	30.463093 	17.117243 	4.123106 	5.000000 	999.000000 	7.810250 	10.000000 	
66.287254 	51.894123 	76.105194 	86.000000 	53.758720 	65.375839 	52.497620 	95.131485 	97.329338 	68.007355 	39.824615 	65.795135 	110.163513 	86.833176 	59.908264 	119.067207 	60.033325 	40.496914 	83.294655 	43.657761 	49.819675 	68.066147 	76.236473 	39.357338 	68.183578 	65.375839 	32.249031 	61.400326 	60.406952 	32.202484 	33.241539 	30.000000 	55.326305 	49.254440 	37.054016 	40.311287 	37.336308 	19.235384 	32.388271 	23.086792 	14.866069 	14.212670 	28.635643 	28.635643 	23.769728 	24.041630 	10.770329 	3.162278 	7.810250 	999.000000 	6.403124 	
72.034714 	58.137768 	81.394104 	91.087868 	59.236813 	70.035706 	57.939625 	100.004997 	101.044548 	73.171036 	46.097721 	72.180328 	114.529472 	91.591484 	66.287254 	124.257797 	66.370171 	46.615448 	88.051125 	49.244289 	54.817879 	72.027771 	81.024689 	45.650848 	73.006851 	69.028976 	38.275318 	65.030762 	64.031242 	38.470768 	38.910152 	36.235340 	59.008472 	53.000000 	42.047592 	45.011108 	41.000000 	25.553865 	36.000000 	28.635643 	21.260292 	20.615528 	32.015621 	33.060551 	28.071337 	27.073973 	14.035668 	8.062258 	10.000000 	6.403124 	999.000000 	

Travel time:
9.000000 	0.503115 	0.355317 	0.617454 	1.530523 	1.947434 	1.535008 	0.874643 	2.782198 	0.309233 	1.096586 	0.905883 	2.838353 	2.255271 	0.625000 	1.368622 	0.535023 	1.196349 	0.672681 	1.432655 	1.664332 	2.186464 	0.548862 	0.760345 	0.456207 	2.220360 	1.281113 	2.163331 	2.149564 	0.900347 	1.399330 	1.206752 	2.062311 	1.967867 	0.794119 	0.770146 	1.850000 	1.204159 	1.813319 	1.085415 	1.352082 	1.353699 	1.814180 	1.039832 	1.152443 	1.817278 	1.726630 	1.668832 	1.758728 	1.657181 	1.800868 	
0.503115 	9.000000 	0.853302 	1.119431 	1.043132 	1.468205 	1.044330 	1.376817 	2.325135 	0.742462 	0.594243 	0.575543 	2.427061 	1.823630 	0.285044 	1.855398 	0.235850 	0.693271 	1.155692 	0.930390 	1.165386 	1.698529 	1.007782 	0.316228 	0.855132 	1.725724 	0.789383 	1.665270 	1.650757 	0.492443 	0.903466 	0.726722 	1.560849 	1.464795 	0.650000 	0.697316 	1.353006 	0.817389 	1.323820 	0.781025 	0.948683 	0.956883 	1.333464 	0.845946 	0.921954 	1.350231 	1.309819 	1.290591 	1.360147 	1.297353 	1.453444 	
0.355317 	0.853302 	9.000000 	0.269258 	1.885802 	2.302444 	1.890106 	0.525595 	3.132990 	0.213600 	1.442654 	1.241219 	3.175689 	2.600481 	0.973717 	1.075000 	0.884590 	1.544345 	0.325960 	1.783606 	2.017734 	2.541776 	0.250000 	1.083109 	0.301040 	2.575121 	1.615549 	2.517191 	2.503123 	1.201301 	1.736555 	1.533786 	2.414151 	2.316517 	0.986471 	0.927699 	2.186607 	1.480287 	2.142574 	1.325943 	1.631908 	1.629801 	2.136001 	1.225765 	1.348379 	2.128673 	2.005617 	1.925162 	2.025617 	1.902630 	2.034853 	
0.617454 	1.119431 	0.269258 	9.000000 	2.145052 	2.557587 	2.150581 	0.257391 	3.376851 	0.450694 	1.710629 	1.472455 	3.400368 	2.836371 	1.220912 	0.831038 	1.133578 	1.811767 	0.190394 	2.049695 	2.281721 	2.800112 	0.291548 	1.352082 	0.467039 	2.836591 	1.884808 	2.780513 	2.766880 	1.467353 	2.005773 	1.802776 	2.679669 	2.583844 	1.226020 	1.156774 	2.455860 	1.739612 	2.411561 	1.575794 	1.891593 	1.888452 	2.404163 	1.457738 	1.582127 	2.395047 	2.263846 	2.176293 	2.279940 	2.150000 	2.277197 	
1.530523 	1.043132 	1.885802 	2.145052 	9.000000 	0.430116 	0.035355 	2.400521 	1.308864 	1.785532 	0.538516 	0.789383 	1.500417 	0.883883 	0.939747 	2.807690 	1.020416 	0.443001 	2.196588 	0.254951 	0.206155 	0.656220 	2.050914 	0.939747 	1.893575 	0.694622 	0.575543 	0.650000 	0.640800 	0.972432 	0.515388 	0.675463 	0.583631 	0.552268 	1.416201 	1.513481 	0.651920 	1.050000 	0.726722 	1.234150 	1.035918 	1.060660 	0.813173 	1.451293 	1.432873 	0.921954 	1.151629 	1.281601 	1.252248 	1.343968 	1.480920 	
1.947434 	1.468205 	2.302444 	2.557587 	0.430116 	9.000000 	0.437321 	2.811139 	0.883530 	2.210345 	0.961769 	1.140449 	1.125278 	0.539676 	1.340009 	3.188358 	1.425219 	0.860959 	2.617250 	0.632456 	0.403113 	0.261008 	2.475126 	1.367708 	2.321234 	0.350000 	0.951972 	0.364006 	0.371652 	1.388569 	0.859142 	1.061249 	0.410031 	0.500000 	1.835245 	1.934716 	0.761577 	1.422146 	0.877853 	1.625000 	1.378632 	1.403567 	0.980434 	1.851013 	1.819512 	1.106797 	1.402230 	1.562850 	1.505199 	1.634396 	1.750893 	
1.535008 	1.044330 	1.890106 	2.150581 	0.035355 	0.437321 	9.000000 	2.406502 	1.319327 	1.786232 	0.525595 	0.809707 	1.520691 	0.905539 	0.950329 	2.820129 	1.029563 	0.427200 	2.199148 	0.226385 	0.176777 	0.654313 	2.051828 	0.930390 	1.892254 	0.686477 	0.550000 	0.637377 	0.626997 	0.956883 	0.485412 	0.651920 	0.564026 	0.525595 	1.402007 	1.500208 	0.617454 	1.025305 	0.691466 	1.212693 	1.007782 	1.032594 	0.777817 	1.431782 	1.410895 	0.886707 	1.118034 	1.249500 	1.218862 	1.312441 	1.448491 	
0.874643 	1.376817 	0.525595 	0.257391 	2.400521 	2.811139 	2.406502 	9.000000 	3.623966 	0.691466 	1.967867 	1.715554 	3.635416 	3.079164 	1.472455 	0.640800 	1.386092 	2.069118 	0.304138 	2.307054 	2.538701 	3.055016 	0.475657 	1.606432 	0.675000 	3.092733 	2.140385 	3.037268 	3.023760 	1.717010 	2.261775 	2.057000 	2.936942 	2.841215 	1.451938 	1.375000 	2.711549 	1.981161 	2.665638 	1.808487 	2.133219 	2.128967 	2.656360 	1.675187 	1.800174 	2.644334 	2.503248 	2.408319 	2.515079 	2.378287 	2.500125 	
2.782198 	2.325135 	3.132990 	3.376851 	1.308864 	0.883530 	1.319327 	3.623966 	9.000000 	3.061046 	1.844756 	1.910497 	0.477624 	0.570636 	2.159282 	3.935257 	2.248472 	1.744456 	3.454797 	1.513481 	1.273038 	0.735697 	3.322744 	2.248611 	3.180016 	0.800391 	1.826369 	0.900347 	0.925338 	2.271838 	1.724094 	1.937298 	1.051190 	1.202341 	2.718685 	2.818244 	1.501874 	2.287056 	1.626730 	2.498250 	2.226264 	2.250694 	1.725724 	2.727751 	2.689098 	1.850169 	2.177298 	2.356507 	2.276236 	2.433233 	2.526114 	
0.309233 	0.742462 	0.213600 	0.450694 	1.785532 	2.210345 	1.786232 	0.691466 	3.061046 	9.000000 	1.310773 	1.208305 	3.134984 	2.544725 	0.917878 	1.277204 	0.828025 	1.415318 	0.425000 	1.660007 	1.901480 	2.440543 	0.265754 	0.928036 	0.150000 	2.464878 	1.464795 	2.401172 	2.385634 	1.027740 	1.588238 	1.375909 	2.290196 	2.184176 	0.778621 	0.715891 	2.034853 	1.290591 	1.982738 	1.125278 	1.442654 	1.438967 	1.969296 	1.015197 	1.138530 	1.954002 	1.814008 	1.725724 	1.829276 	1.700184 	1.829276 	
1.096586 	0.594243 	1.442654 	1.710629 	0.538516 	0.961769 	0.525595 	1.967867 	1.844756 	1.310773 	9.000000 	0.673146 	2.031317 	1.412887 	0.626997 	2.445020 	0.675463 	0.106066 	1.733494 	0.353553 	0.602080 	1.160011 	1.575198 	0.410031 	1.402007 	1.167262 	0.237171 	1.096586 	1.079641 	0.436606 	0.325000 	0.247487 	0.980115 	0.874643 	0.877853 	0.975000 	0.764853 	0.585235 	0.750417 	0.726722 	0.630971 	0.651920 	0.778621 	0.928036 	0.926350 	0.824621 	0.895126 	0.955249 	0.976281 	0.995615 	1.152443 	
0.905883 	0.575543 	1.241219 	1.472455 	0.789383 	1.140449 	0.809707 	1.715554 	1.910497 	1.208305 	0.673146 	9.000000 	1.934716 	1.364047 	0.304138 	2.049695 	0.388104 	0.705780 	1.567043 	0.831038 	0.980115 	1.398660 	1.454519 	0.749166 	1.346291 	1.463087 	0.905883 	1.432000 	1.425219 	0.908983 	0.965660 	0.915492 	1.372953 	1.328768 	1.206752 	1.265899 	1.340009 	1.187697 	1.364276 	1.243483 	1.273283 	1.290591 	1.415318 	1.369535 	1.419947 	1.480920 	1.567043 	1.613420 	1.645068 	1.644878 	1.804508 	
2.838353 	2.427061 	3.175689 	3.400368 	1.500417 	1.125278 	1.520691 	3.635416 	0.477624 	3.134984 	2.031317 	1.934716 	9.000000 	0.618466 	2.217121 	3.873387 	2.307054 	1.941649 	3.501607 	1.739612 	1.526843 	1.073837 	3.387108 	2.411561 	3.266209 	1.171004 	2.065188 	1.267379 	1.291559 	2.467919 	1.980688 	2.170829 	1.407347 	1.549597 	2.905275 	2.998020 	1.845603 	2.539931 	1.969296 	2.733244 	2.503123 	2.528092 	2.071835 	2.951694 	2.930977 	2.199148 	2.512469 	2.680718 	2.614503 	2.754088 	2.863237 	
2.255271 	1.823630 	2.600481 	2.836371 	0.883883 	0.539676 	0.905539 	3.079164 	0.570636 	2.544725 	1.412887 	1.364047 	0.618466 	9.000000 	1.630376 	3.370182 	1.720465 	1.323820 	2.925107 	1.127497 	0.928036 	0.585769 	2.801785 	1.794610 	2.671259 	0.707990 	1.453444 	0.785016 	0.805062 	1.849493 	1.375000 	1.557241 	0.896172 	1.017964 	2.287056 	2.380257 	1.296630 	1.929054 	1.415318 	2.117929 	1.900164 	1.925162 	1.518223 	2.334524 	2.316382 	1.645068 	1.941649 	2.100297 	2.044658 	2.170829 	2.289787 	
0.625000 	0.285044 	0.973717 	1.220912 	0.939747 	1.340009 	0.950329 	1.472455 	2.159282 	0.917878 	0.626997 	0.304138 	2.217121 	1.630376 	9.000000 	1.871163 	0.090139 	0.700446 	1.296389 	0.897566 	1.100284 	1.587844 	1.171804 	0.530330 	1.051190 	1.634205 	0.859142 	1.587648 	1.576785 	0.707990 	0.951315 	0.831038 	1.504161 	1.432000 	0.933408 	0.982344 	1.378632 	1.020110 	1.375227 	1.027740 	1.131923 	1.144825 	1.405569 	1.119431 	1.185854 	1.446764 	1.467353 	1.479231 	1.531747 	1.497707 	1.657181 	
1.368622 	1.855398 	1.075000 	0.831038 	2.807690 	3.188358 	2.820129 	0.640800 	3.935257 	1.277204 	2.445020 	2.049695 	3.873387 	3.370182 	1.871163 	9.000000 	1.796698 	2.538331 	0.941076 	2.759642 	2.971216 	3.444198 	1.103687 	2.128967 	1.294701 	3.499732 	2.643979 	3.457329 	3.447100 	2.263846 	2.758849 	2.574029 	3.375093 	3.297822 	2.055480 	1.987775 	3.207900 	2.553062 	3.178050 	2.400521 	2.704164 	2.702892 	3.182079 	2.288695 	2.412986 	3.185612 	3.078656 	3.000104 	3.100403 	2.976680 	3.106445 	
0.535023 	0.235850 	0.884590 	1.133578 	1.020416 	1.425219 	1.029563 	1.386092 	2.248472 	0.828025 	0.675463 	0.388104 	2.307054 	1.720465 	0.090139 	1.796698 	9.000000 	0.756637 	1.206752 	0.965013 	1.175266 	1.671264 	1.081665 	0.520216 	0.962094 	1.715007 	0.901388 	1.666208 	1.654728 	0.700446 	1.000312 	0.863134 	1.578963 	1.502082 	0.883530 	0.925000 	1.435705 	1.020416 	1.425877 	1.007782 	1.140449 	1.151629 	1.450862 	1.081665 	1.155692 	1.485345 	1.486607 	1.487027 	1.546165 	1.500833 	1.659254 	
1.196349 	0.693271 	1.544345 	1.811767 	0.443001 	0.860959 	0.427200 	2.069118 	1.744456 	1.415318 	0.106066 	0.705780 	1.941649 	1.323820 	0.700446 	2.538331 	0.756637 	9.000000 	1.837457 	0.247487 	0.496236 	1.055047 	1.680030 	0.515388 	1.507689 	1.061249 	0.212132 	0.990581 	0.973717 	0.529741 	0.261008 	0.269258 	0.875000 	0.772172 	0.975000 	1.073837 	0.679154 	0.637377 	0.676849 	0.800391 	0.660019 	0.682825 	0.715891 	1.011187 	1.000312 	0.775403 	0.884590 	0.965013 	0.972432 	1.012423 	1.165386 	
0.672681 	1.155692 	0.325960 	0.190394 	2.196588 	2.617250 	2.199148 	0.304138 	3.454797 	0.425000 	1.733494 	1.567043 	3.501607 	2.925107 	1.296389 	0.941076 	1.206752 	1.837457 	9.000000 	2.080865 	2.320022 	2.852740 	0.176777 	1.353006 	0.378319 	2.881406 	1.889775 	2.820018 	2.805018 	1.448491 	2.013237 	1.800347 	2.711665 	2.607681 	1.156774 	1.076162 	2.459675 	1.697793 	2.406372 	1.516781 	1.849493 	1.843909 	2.390868 	1.375227 	1.500208 	2.371708 	2.216134 	2.114829 	2.223876 	2.082366 	2.201278 	
1.432655 	0.930390 	1.783606 	2.049695 	0.254951 	0.632456 	0.226385 	2.307054 	1.513481 	1.660007 	0.353553 	0.831038 	1.739612 	1.127497 	0.897566 	2.759642 	0.965013 	0.247487 	2.080865 	9.000000 	0.250000 	0.811249 	1.925162 	0.761988 	1.754459 	0.813941 	0.325960 	0.743303 	0.726722 	0.760345 	0.261008 	0.431567 	0.630971 	0.538516 	1.207528 	1.308864 	0.509902 	0.801561 	0.548293 	0.995301 	0.781425 	0.806226 	0.617454 	1.219118 	1.191900 	0.710634 	0.908983 	1.030776 	1.007782 	1.091444 	1.231107 	
1.664332 	1.165386 	2.017734 	2.281721 	0.206155 	0.403113 	0.176777 	2.538701 	1.273038 	1.901480 	0.602080 	0.980115 	1.526843 	0.928036 	1.100284 	2.971216 	1.175266 	0.496236 	2.320022 	0.250000 	9.000000 	0.561805 	2.167083 	1.011496 	1.999531 	0.565685 	0.553399 	0.500000 	0.485412 	1.007782 	0.456207 	0.664266 	0.403887 	0.350000 	1.454519 	1.556639 	0.460977 	1.019804 	0.550568 	1.226020 	0.976281 	1.001249 	0.645174 	1.454734 	1.418846 	0.763217 	1.027740 	1.176860 	1.130542 	1.245492 	1.370447 	
