Total assets = 565
Number of asset nodes = 33

Distance:
999.000000 	20.000000 	15.811388 	62.769421 	100.439034 	39.319206 	33.015148 	19.313208 	36.055511 	118.406082 	36.124783 	74.672615 	73.054771 	41.012192 	104.651802 	78.185677 	37.215588 	67.186310 	52.239830 	47.010635 	39.319206 	41.194660 	75.286118 	41.303753 	48.010414 	56.222771 	73.246162 	79.404030 	37.013512 	76.157730 	147.186951 	80.777473 	75.312683 	111.825760 	69.462219 	76.295479 	78.644768 	79.831070 	41.629318 	53.600372 	129.247818 	32.557640 	76.419891 	34.176014 	111.085556 	69.028976 	62.649822 	44.204071 	
20.000000 	999.000000 	31.780497 	82.292160 	120.432556 	57.567352 	50.695168 	10.816654 	52.952808 	138.405197 	52.773098 	94.021271 	92.309265 	58.051701 	124.482933 	97.575615 	53.600372 	86.034874 	70.092796 	64.327286 	55.443665 	57.558666 	94.339813 	57.428215 	64.938431 	73.979729 	92.027168 	98.432716 	18.384777 	94.868332 	167.092789 	99.624290 	93.680305 	131.609268 	87.321243 	94.641426 	97.123634 	98.371742 	54.230988 	69.115845 	149.214615 	29.732138 	94.148819 	34.409302 	130.613937 	85.586212 	78.057671 	53.160137 	
15.811388 	31.780497 	999.000000 	51.865211 	91.967384 	26.000000 	18.973665 	25.553865 	21.213203 	110.317726 	21.095022 	63.134777 	61.294373 	26.305893 	98.600204 	66.730804 	22.022715 	54.625999 	38.327538 	32.557640 	24.000000 	26.019224 	63.071388 	26.000000 	33.241539 	42.201897 	60.539242 	67.119293 	44.944408 	63.324562 	140.264038 	68.154236 	61.983868 	101.513542 	55.542778 	62.936478 	65.459915 	66.730804 	25.942244 	38.118237 	120.104118 	28.460499 	62.369865 	27.166155 	99.849884 	54.083271 	47.169907 	29.732138 	
62.769421 	82.292160 	51.865211 	999.000000 	41.617306 	26.870058 	33.970577 	77.388626 	34.058773 	60.000000 	34.828148 	12.165525 	11.000000 	30.232433 	52.497620 	15.524175 	35.000000 	9.899495 	19.924858 	25.495098 	34.669872 	32.756680 	14.142136 	33.615471 	26.925823 	19.104973 	14.317822 	18.027756 	96.798759 	17.088007 	90.972527 	20.223749 	18.867962 	49.648766 	19.416489 	19.723083 	20.615528 	21.189621 	45.617977 	32.388271 	68.622154 	76.419891 	24.083189 	72.470680 	48.332184 	28.231188 	33.241539 	55.946404 	
100.439034 	120.432556 	91.967384 	41.617306 	999.000000 	68.249542 	75.166481 	117.034180 	75.604233 	18.439089 	76.400261 	34.176014 	36.400551 	71.847061 	17.888544 	31.320919 	76.609398 	44.384682 	60.901562 	66.887962 	76.275818 	74.330345 	37.363083 	75.166481 	68.095520 	59.033890 	41.484936 	35.510563 	136.359818 	40.792156 	49.396355 	37.215588 	44.721359 	18.027756 	51.662365 	44.553337 	42.296574 	41.194660 	86.954010 	72.090218 	29.068884 	117.796432 	50.358715 	114.017540 	24.413111 	61.392181 	69.921387 	97.128784 	
39.319206 	57.567352 	26.000000 	26.870058 	68.249542 	999.000000 	7.211102 	51.429562 	7.615773 	86.683334 	8.544003 	37.443291 	35.510563 	6.324555 	77.369247 	41.048752 	9.219544 	28.635643 	13.000000 	8.944272 	10.000000 	9.219544 	37.121422 	10.198039 	10.816654 	17.000000 	34.539833 	41.146080 	70.710678 	37.336308 	117.413795 	42.154476 	36.138622 	76.216797 	30.149628 	37.107952 	39.560081 	40.804413 	22.022715 	19.104973 	95.482986 	49.578220 	37.121422 	45.803928 	74.094536 	30.805843 	26.925823 	32.249031 	
33.015148 	50.695168 	18.973665 	33.970577 	75.166481 	7.211102 	999.000000 	44.283180 	4.242640 	93.605553 	5.000000 	44.654228 	42.720020 	8.246211 	83.725746 	48.259712 	6.403124 	35.777088 	19.416489 	14.000000 	8.485281 	9.433981 	44.294468 	10.000000 	15.132746 	23.345236 	41.629318 	48.301140 	63.529522 	44.384682 	124.201447 	49.244289 	43.011627 	83.408630 	36.674240 	43.965897 	46.486557 	47.759815 	18.681541 	21.931713 	102.591423 	42.638012 	43.566040 	39.115215 	81.301903 	36.124783 	30.675724 	28.071337 	
19.313208 	10.816654 	25.553865 	77.388626 	117.034180 	51.429562 	44.283180 	999.000000 	45.880280 	135.281189 	45.541191 	88.684837 	86.833176 	50.921509 	122.576508 	92.282173 	46.173584 	80.056229 	63.324562 	57.245087 	47.801674 	50.000000 	88.549423 	49.729267 	57.567352 	67.067131 	85.906929 	92.574295 	19.416489 	88.639717 	164.769531 	93.520050 	87.091904 	127.027557 	80.324341 	88.022728 	90.620087 	91.923882 	45.011108 	60.827625 	145.416641 	19.104973 	86.977005 	23.600847 	125.399361 	77.665955 	69.584480 	42.953465 	
36.055511 	52.952808 	21.213203 	34.058773 	75.604233 	7.615773 	4.242640 	45.880280 	999.000000 	94.021271 	1.000000 	44.045429 	42.011902 	5.099020 	84.970581 	47.634022 	2.236068 	34.669872 	17.464249 	11.401754 	4.242640 	5.385165 	43.266617 	5.830952 	12.041595 	21.189621 	40.311287 	47.169907 	64.884514 	42.941822 	124.851913 	47.885281 	41.231056 	82.975899 	34.481880 	42.154476 	44.777225 	46.097721 	15.132746 	18.027756 	102.532921 	42.426407 	41.231056 	38.418747 	80.448738 	33.000000 	26.925823 	25.019993 	
118.406082 	138.405197 	110.317726 	60.000000 	18.439089 	86.683334 	93.605553 	135.281189 	94.021271 	999.000000 	94.810333 	51.884487 	54.120235 	90.210861 	20.099751 	48.754486 	95.000000 	62.177166 	79.075912 	85.146935 	94.625580 	92.655273 	54.625999 	93.477272 	86.284416 	77.025970 	58.694122 	52.201534 	154.563904 	57.584721 	31.304953 	53.450912 	61.351448 	20.615528 	68.709534 	61.032780 	58.523499 	57.280014 	105.152267 	89.894379 	14.035668 	136.235092 	66.483078 	132.438660 	29.120440 	78.108902 	87.091904 	115.247559 	
36.124783 	52.773098 	21.095022 	34.828148 	76.400261 	8.544003 	5.000000 	45.541191 	1.000000 	94.810333 	999.000000 	44.687805 	42.638012 	5.385165 	85.866173 	48.270073 	1.414214 	35.227829 	17.888544 	11.704700 	3.605551 	5.099020 	43.829212 	5.385165 	12.165525 	21.540659 	40.816662 	47.707443 	64.474800 	43.416588 	125.670204 	48.373547 	41.629318 	83.630135 	34.785053 	42.544094 	45.188496 	46.518814 	14.142136 	17.720045 	103.247276 	41.725292 	41.484936 	37.643059 	81.024689 	33.015148 	26.683329 	24.020824 	
74.672615 	94.021271 	63.134777 	12.165525 	34.176014 	37.443291 	44.654228 	88.684837 	44.045429 	51.884487 	44.687805 	999.000000 	2.236068 	39.623226 	48.166378 	3.605551 	44.598206 	10.295630 	27.658634 	33.970577 	43.840622 	41.725292 	4.472136 	42.449970 	34.828148 	25.238859 	8.062258 	6.708204 	108.046288 	8.944272 	83.186539 	9.433981 	12.649111 	38.948685 	18.027756 	13.000000 	12.206555 	12.041595 	53.600372 	38.013157 	58.898216 	86.371292 	18.973665 	82.024384 	36.715118 	28.017851 	35.902645 	63.513779 	
73.054771 	92.309265 	61.294373 	11.000000 	36.400551 	35.510563 	42.720020 	86.833176 	42.011902 	54.120235 	42.638012 	2.236068 	999.000000 	37.536648 	50.249378 	5.656854 	42.520584 	8.062258 	25.495098 	31.827662 	41.725292 	39.597980 	3.605551 	40.311287 	32.649654 	23.021729 	6.324555 	7.071068 	106.174385 	7.810250 	85.422478 	9.486833 	11.180340 	41.036568 	16.000000 	11.661903 	11.313708 	11.401754 	51.400391 	35.777088 	61.073727 	84.291161 	17.464249 	79.906197 	38.587563 	26.000000 	33.734257 	61.294373 	
41.012192 	58.051701 	26.305893 	30.232433 	71.847061 	6.324555 	8.246211 	50.921509 	5.099020 	90.210861 	5.385165 	39.623226 	37.536648 	999.000000 	81.939003 	43.185646 	5.000000 	30.000000 	12.529964 	6.324555 	4.472136 	3.000000 	38.600517 	4.000000 	7.000000 	16.155495 	35.510563 	42.438190 	69.856995 	38.078865 	121.202309 	43.046486 	36.249138 	78.568443 	29.410883 	37.161808 	39.812057 	41.146080 	16.278820 	13.892444 	98.351410 	46.754681 	36.138622 	42.449970 	75.802376 	28.017851 	22.472204 	26.683329 	
104.651802 	124.482933 	98.600204 	52.497620 	17.888544 	77.369247 	83.725746 	122.576508 	84.970581 	20.099751 	85.866173 	48.166378 	50.249378 	81.939003 	999.000000 	46.010868 	86.330757 	57.706154 	72.422371 	77.833153 	86.406021 	84.693565 	52.038448 	85.615417 	79.378838 	71.309189 	56.080299 	51.039200 	141.484985 	56.000000 	42.801868 	53.150730 	60.000000 	33.301651 	66.189125 	60.008331 	58.077534 	57.140179 	97.862144 	84.646324 	34.132095 	125.936493 	66.030296 	122.800652 	41.036568 	76.164299 	83.862984 	108.268188 	
78.185677 	97.575615 	66.730804 	15.524175 	31.320919 	41.048752 	48.259712 	92.282173 	47.634022 	48.754486 	48.270073 	3.605551 	5.656854 	43.185646 	46.010868 	999.000000 	48.166378 	13.601471 	31.144823 	37.483330 	47.381432 	45.254833 	6.082763 	45.967381 	38.288380 	28.600698 	10.198039 	5.830952 	111.646767 	10.049875 	80.056229 	8.602325 	14.035668 	35.383614 	20.396078 	14.142136 	12.649111 	12.083046 	57.008770 	41.182522 	55.443665 	89.938866 	20.223749 	85.562843 	33.120991 	30.265491 	38.600517 	66.850578 	
37.215588 	53.600372 	22.022715 	35.000000 	76.609398 	9.219544 	6.403124 	46.173584 	2.236068 	95.000000 	1.414214 	44.598206 	42.520584 	5.000000 	86.330757 	48.166378 	999.000000 	35.000000 	17.492855 	11.180340 	2.236068 	4.000000 	43.600460 	4.123106 	11.401754 	21.023796 	40.496914 	47.434166 	65.000000 	43.046486 	125.924583 	48.020828 	41.146080 	83.546394 	34.176014 	42.047592 	44.721359 	46.065170 	13.038404 	16.492422 	103.276329 	41.773197 	40.804413 	37.536648 	80.802231 	32.062439 	25.495098 	23.086792 	
67.186310 	86.034874 	54.625999 	9.899495 	44.384682 	28.635643 	35.777088 	80.056229 	34.669872 	62.177166 	35.227829 	10.295630 	8.062258 	30.000000 	57.706154 	13.601471 	35.000000 	999.000000 	17.691807 	24.083189 	34.058773 	31.890438 	8.602325 	32.557640 	24.758837 	15.000000 	6.082763 	12.529964 	99.297531 	9.055386 	93.477272 	13.601471 	9.486833 	48.795490 	9.848858 	10.440307 	12.041595 	13.000000 	43.416588 	27.730848 	69.028976 	76.694199 	14.212670 	72.180328 	45.803928 	19.416489 	26.172504 	53.254108 	
52.239830 	70.092796 	38.327538 	19.924858 	60.901562 	13.000000 	19.416489 	63.324562 	17.464249 	79.075912 	17.888544 	27.658634 	25.495098 	12.529964 	72.422371 	31.144823 	17.492855 	17.691807 	999.000000 	6.403124 	16.401220 	14.212670 	26.248810 	14.866069 	7.211102 	4.000000 	23.021729 	30.000000 	82.346825 	25.553865 	110.276924 	30.528675 	23.769728 	66.468040 	17.262676 	24.698177 	27.313000 	28.635643 	26.076809 	13.038404 	86.556343 	59.033890 	24.186773 	54.488529 	63.411354 	18.384777 	17.204651 	36.235340 	
47.010635 	64.327286 	32.557640 	25.495098 	66.887962 	8.944272 	14.000000 	57.245087 	11.401754 	85.146935 	11.704700 	33.970577 	31.827662 	6.324555 	77.833153 	37.483330 	11.180340 	24.083189 	6.403124 	999.000000 	10.000000 	7.810250 	32.649654 	8.485281 	2.236068 	9.848858 	29.410883 	36.400551 	76.157730 	31.906113 	116.284134 	36.891735 	29.966648 	72.835434 	23.086792 	30.870699 	33.541019 	34.885529 	20.124611 	10.816654 	92.849342 	52.630791 	29.832869 	48.104053 	69.814041 	22.203604 	18.027756 	30.463093 	
39.319206 	55.443665 	24.000000 	34.669872 	76.275818 	10.000000 	8.485281 	47.801674 	4.242640 	94.625580 	3.605551 	43.840622 	41.725292 	4.472136 	86.406021 	47.381432 	2.236068 	34.058773 	16.401220 	10.000000 	999.000000 	2.236068 	42.638012 	2.000000 	9.848858 	19.723083 	39.408119 	46.400433 	66.483078 	41.880783 	125.642349 	46.872166 	39.824615 	82.758682 	32.695564 	40.706264 	43.416588 	44.777225 	12.041595 	14.317822 	102.649887 	42.638012 	39.217342 	38.183765 	79.812279 	30.149628 	23.345236 	22.360680 	
41.194660 	57.558666 	26.019224 	32.756680 	74.330345 	9.219544 	9.433981 	50.000000 	5.385165 	92.655273 	5.099020 	41.725292 	39.597980 	3.000000 	84.693565 	45.254833 	4.000000 	31.890438 	14.212670 	7.810250 	2.236068 	999.000000 	40.459858 	1.000000 	7.615773 	17.492855 	37.202152 	44.204071 	68.709534 	39.661064 	123.713379 	44.654228 	37.589893 	80.622574 	30.463093 	38.470768 	41.182522 	42.544094 	13.341664 	12.649111 	100.568382 	44.821869 	37.000000 	40.311287 	77.620872 	28.071337 	21.587032 	23.769728 	
75.286118 	94.339813 	63.071388 	14.142136 	37.363083 	37.121422 	44.294468 	88.549423 	43.266617 	54.625999 	43.829212 	4.472136 	3.605551 	38.600517 	52.038448 	6.082763 	43.600460 	8.602325 	26.248810 	32.649654 	42.638012 	40.459858 	999.000000 	41.109608 	33.241539 	23.345236 	4.123106 	4.123106 	107.823929 	4.472136 	85.906929 	6.082763 	8.246211 	40.360870 	14.317822 	8.544003 	7.810250 	7.810250 	51.739735 	35.510563 	60.802959 	85.276024 	14.560220 	80.721741 	37.202152 	24.186773 	32.572994 	61.400326 	
41.303753 	57.428215 	26.000000 	33.615471 	75.166481 	10.198039 	10.000000 	49.729267 	5.830952 	93.477272 	5.385165 	42.449970 	40.311287 	4.000000 	85.615417 	45.967381 	4.123106 	32.557640 	14.866069 	8.485281 	2.000000 	1.000000 	41.109608 	999.000000 	8.062258 	18.027756 	37.802116 	44.821869 	68.352028 	40.224369 	124.555206 	45.221676 	38.078865 	81.320351 	30.870699 	38.948685 	41.677334 	43.046486 	12.369317 	12.369317 	101.316338 	44.204071 	37.336308 	39.623226 	78.243210 	28.160255 	21.377558 	22.803509 	
48.010414 	64.938431 	33.241539 	26.925823 	68.095520 	10.816654 	15.132746 	57.567352 	12.041595 	86.284416 	12.165525 	34.828148 	32.649654 	7.000000 	79.378838 	38.288380 	11.401754 	24.758837 	7.211102 	2.236068 	9.848858 	7.615773 	33.241539 	8.062258 	999.000000 	10.000000 	29.832869 	36.878178 	76.321686 	32.202484 	117.477661 	37.202152 	30.016663 	73.552704 	22.847319 	30.886890 	33.615471 	34.985710 	18.867962 	8.602325 	93.723000 	52.201534 	29.410883 	47.507893 	70.292244 	21.023796 	16.124516 	29.068884 	
56.222771 	73.979729 	42.201897 	19.104973 	59.033890 	17.000000 	23.345236 	67.067131 	21.189621 	77.025970 	21.540659 	25.238859 	23.021729 	16.155495 	71.309189 	28.600698 	21.023796 	15.000000 	4.000000 	9.848858 	19.723083 	17.492855 	23.345236 	18.027756 	10.000000 	999.000000 	19.849434 	26.907248 	86.005814 	22.203604 	108.300507 	27.202942 	20.124611 	63.702435 	13.341664 	21.023796 	23.706539 	25.059929 	28.425341 	13.341664 	84.023804 	62.201286 	20.223749 	57.489128 	60.307545 	14.764823 	15.231546 	38.275318 	
73.246162 	92.027168 	60.539242 	14.317822 	41.484936 	34.539833 	41.629318 	85.906929 	40.311287 	58.694122 	40.816662 	8.062258 	6.324555 	35.510563 	56.080299 	10.198039 	40.496914 	6.082763 	23.021729 	29.410883 	39.408119 	37.202152 	4.123106 	37.802116 	29.832869 	19.849434 	999.000000 	7.071068 	105.095192 	3.000000 	89.961105 	7.615773 	5.000000 	44.045429 	10.198039 	5.656854 	6.324555 	7.071068 	48.104053 	31.622776 	64.637451 	82.006096 	11.180340 	77.336922 	40.459858 	20.099751 	28.460499 	57.628117 	
79.404030 	98.432716 	67.119293 	18.027756 	35.510563 	41.146080 	48.301140 	92.574295 	47.169907 	52.201534 	47.707443 	6.708204 	7.071068 	42.438190 	51.039200 	5.830952 	47.434166 	12.529964 	30.000000 	36.400551 	46.400433 	44.204071 	4.123106 	44.821869 	36.878178 	26.907248 	7.071068 	999.000000 	111.825760 	5.385165 	83.384651 	2.828427 	9.219544 	37.013512 	16.552946 	9.055386 	7.071068 	6.324555 	55.172459 	38.600517 	57.688820 	89.022469 	15.000000 	84.386017 	33.421551 	25.961510 	34.928497 	64.660652 	
37.013512 	18.384777 	44.944408 	96.798759 	136.359818 	70.710678 	63.529522 	19.416489 	64.884514 	154.563904 	64.474800 	108.046288 	106.174385 	69.856995 	141.484985 	111.646767 	65.000000 	99.297531 	82.346825 	76.157730 	66.483078 	68.709534 	107.823929 	68.352028 	76.321686 	86.005814 	105.095192 	111.825760 	999.000000 	107.786827 	183.853195 	112.698715 	106.103722 	146.441116 	99.161484 	107.018692 	109.658562 	110.981979 	62.169125 	78.847954 	164.805954 	29.154760 	105.688217 	35.128338 	144.754959 	95.880135 	87.321243 	58.034473 	
76.157730 	94.868332 	63.324562 	17.088007 	40.792156 	37.336308 	44.384682 	88.639717 	42.941822 	57.584721 	43.416588 	8.944272 	7.810250 	38.078865 	56.000000 	10.049875 	43.046486 	9.055386 	25.553865 	31.906113 	41.880783 	39.661064 	4.472136 	40.224369 	32.202484 	22.203604 	3.000000 	5.385165 	107.786827 	999.000000 	88.769363 	5.000000 	4.000000 	42.201897 	11.180340 	4.123106 	3.605551 	4.123106 	50.209560 	33.421551 	62.968246 	84.403793 	10.198039 	79.649231 	38.209946 	20.615528 	29.546574 	59.548298 	
147.186951 	167.092789 	140.264038 	90.972527 	49.396355 	117.413795 	124.201447 	164.769531 	124.851913 	31.304953 	125.670204 	83.186539 	85.422478 	121.202309 	42.801868 	80.056229 	125.924583 	93.477272 	110.276924 	116.284134 	125.642349 	123.713379 	85.906929 	124.555206 	117.477661 	108.300507 	89.961105 	83.384651 	183.853195 	88.769363 	999.000000 	84.504440 	92.477028 	48.836460 	99.924973 	92.114059 	89.537704 	88.255310 	136.341476 	121.198181 	29.000000 	166.817261 	97.406364 	163.217651 	56.320511 	109.201645 	118.308914 	146.485489 	
80.777473 	99.624290 	68.154236 	20.223749 	37.215588 	42.154476 	49.244289 	93.520050 	47.885281 	53.450912 	48.373547 	9.433981 	9.486833 	43.046486 	53.150730 	8.602325 	48.020828 	13.601471 	30.528675 	36.891735 	46.872166 	44.654228 	6.082763 	45.221676 	37.202152 	27.202942 	7.615773 	2.828427 	112.698715 	5.000000 	84.504440 	999.000000 	8.062258 	37.443291 	15.811388 	7.615773 	5.099020 	4.000000 	55.172459 	38.288380 	58.309521 	89.403580 	13.152946 	84.646324 	33.241539 	24.698177 	34.000000 	64.443771 	
75.312683 	93.680305 	61.983868 	18.867962 	44.721359 	36.138622 	43.011627 	87.091904 	41.231056 	61.351448 	41.629318 	12.649111 	11.180340 	36.249138 	60.000000 	14.035668 	41.146080 	9.486833 	23.769728 	29.966648 	39.824615 	37.589893 	8.246211 	38.078865 	30.016663 	20.124611 	5.000000 	9.219544 	106.103722 	4.000000 	92.477028 	8.062258 	999.000000 	45.486263 	7.810250 	1.000000 	3.605551 	5.000000 	47.507893 	30.413813 	66.370171 	82.097504 	6.324555 	77.201035 	41.036568 	16.763054 	25.942244 	56.586216 	
111.825760 	131.609268 	101.513542 	49.648766 	18.027756 	76.216797 	83.408630 	127.027557 	82.975899 	20.615528 	83.630135 	38.948685 	41.036568 	78.568443 	33.301651 	35.383614 	83.546394 	48.795490 	66.468040 	72.835434 	82.758682 	80.622574 	40.360870 	81.320351 	73.552704 	63.702435 	44.045429 	37.013512 	146.441116 	42.201897 	48.836460 	37.443291 	45.486263 	999.000000 	53.254108 	44.944408 	42.190044 	40.816662 	92.097771 	75.604233 	21.023796 	125.319588 	49.648766 	120.933868 	8.544003 	61.773781 	71.344238 	101.671036 	
69.462219 	87.321243 	55.542778 	19.416489 	51.662365 	30.149628 	36.674240 	80.324341 	34.481880 	68.709534 	34.785053 	18.027756 	16.000000 	29.410883 	66.189125 	20.396078 	34.176014 	9.848858 	17.262676 	23.086792 	32.695564 	30.463093 	14.317822 	30.870699 	22.847319 	13.341664 	10.198039 	16.552946 	99.161484 	11.180340 	99.924973 	15.811388 	7.810250 	53.254108 	999.000000 	8.485281 	11.313708 	12.727922 	39.824615 	22.627417 	74.094536 	74.625732 	7.000000 	69.634758 	48.836460 	10.000000 	18.384777 	48.795490 	
76.295479 	94.641426 	62.936478 	19.723083 	44.553337 	37.107952 	43.965897 	88.022728 	42.154476 	61.032780 	42.544094 	13.000000 	11.661903 	37.161808 	60.008331 	14.142136 	42.047592 	10.440307 	24.698177 	30.870699 	40.706264 	38.470768 	8.544003 	38.948685 	30.886890 	21.023796 	5.656854 	9.055386 	107.018692 	4.123106 	92.114059 	7.615773 	1.000000 	44.944408 	8.485281 	999.000000 	2.828427 	4.242640 	48.270073 	31.112698 	65.863495 	82.927681 	6.082763 	78.006409 	40.360870 	17.088007 	26.419689 	57.280014 	
78.644768 	97.123634 	65.459915 	20.615528 	42.296574 	39.560081 	46.486557 	90.620087 	44.777225 	58.523499 	45.188496 	12.206555 	11.313708 	39.812057 	58.077534 	12.649111 	44.721359 	12.041595 	27.313000 	33.541019 	43.416588 	41.182522 	7.810250 	41.677334 	33.615471 	23.706539 	6.324555 	7.071068 	109.658562 	3.605551 	89.537704 	5.099020 	3.605551 	42.190044 	11.313708 	2.828427 	999.000000 	1.414214 	51.088158 	33.941124 	63.134777 	85.702972 	8.062258 	80.802231 	37.536648 	19.697716 	29.154760 	60.108234 	
79.831070 	98.371742 	66.730804 	21.189621 	41.194660 	40.804413 	47.759815 	91.923882 	46.097721 	57.280014 	46.518814 	12.041595 	11.401754 	41.146080 	57.140179 	12.083046 	46.065170 	13.000000 	28.635643 	34.885529 	44.777225 	42.544094 	7.810250 	43.046486 	34.985710 	25.059929 	7.071068 	6.324555 	110.981979 	4.123106 	88.255310 	4.000000 	5.000000 	40.816662 	12.727922 	4.242640 	1.414214 	999.000000 	52.497620 	35.355339 	61.773781 	87.091904 	9.219544 	82.200974 	36.124783 	21.023796 	30.528675 	61.522354 	
41.629318 	54.230988 	25.942244 	45.617977 	86.954010 	22.022715 	18.681541 	45.011108 	15.132746 	105.152267 	14.142136 	53.600372 	51.400391 	16.278820 	97.862144 	57.008770 	13.038404 	43.416588 	26.076809 	20.124611 	12.041595 	13.341664 	51.739735 	12.369317 	18.867962 	28.425341 	48.104053 	55.172459 	62.169125 	50.209560 	136.341476 	55.172459 	47.507893 	92.097771 	39.824615 	48.270073 	51.088158 	52.497620 	999.000000 	17.492855 	112.445541 	35.341194 	45.486263 	30.016663 	88.413803 	34.438351 	25.298222 	10.440307 	
53.600372 	69.115845 	38.118237 	32.388271 	72.090218 	19.104973 	21.931713 	60.827625 	18.027756 	89.894379 	17.720045 	38.013157 	35.777088 	13.892444 	84.646324 	41.182522 	16.492422 	27.730848 	13.038404 	10.816654 	14.317822 	12.649111 	35.510563 	12.369317 	8.602325 	13.341664 	31.622776 	38.600517 	78.847954 	33.421551 	121.198181 	38.288380 	30.413813 	75.604233 	22.627417 	31.112698 	33.941124 	35.355339 	17.492855 	999.000000 	96.260063 	52.773098 	28.017851 	47.507893 	71.449280 	17.088007 	9.055386 	26.172504 	
129.247818 	149.214615 	120.104118 	68.622154 	29.068884 	95.482986 	102.591423 	145.416641 	102.532921 	14.035668 	103.247276 	58.898216 	61.073727 	98.351410 	34.132095 	55.443665 	103.276329 	69.028976 	86.556343 	92.849342 	102.649887 	100.568382 	60.802959 	101.316338 	93.723000 	84.023804 	64.637451 	57.688820 	164.805954 	62.968246 	29.000000 	58.309521 	66.370171 	21.023796 	74.094536 	65.863495 	63.134777 	61.773781 	112.445541 	96.260063 	999.000000 	144.958618 	70.661163 	140.801285 	27.658634 	82.764725 	92.282173 	122.200653 	
32.557640 	29.732138 	28.460499 	76.419891 	117.796432 	49.578220 	42.638012 	19.104973 	42.426407 	136.235092 	41.725292 	86.371292 	84.291161 	46.754681 	125.936493 	89.938866 	41.773197 	76.694199 	59.033890 	52.630791 	42.638012 	44.821869 	85.276024 	44.204071 	52.201534 	62.201286 	82.006096 	89.022469 	29.154760 	84.403793 	166.817261 	89.403580 	82.097504 	125.319588 	74.625732 	82.927681 	85.702972 	87.091904 	35.341194 	52.773098 	144.958618 	999.000000 	80.622574 	6.000000 	122.441826 	69.778221 	60.539242 	29.427877 	
76.419891 	94.148819 	62.369865 	24.083189 	50.358715 	37.121422 	43.566040 	86.977005 	41.231056 	66.483078 	41.484936 	18.973665 	17.464249 	36.138622 	66.030296 	20.223749 	40.804413 	14.212670 	24.186773 	29.832869 	39.217342 	37.000000 	14.560220 	37.336308 	29.410883 	20.223749 	11.180340 	15.000000 	105.688217 	10.198039 	97.406364 	13.152946 	6.324555 	49.648766 	7.000000 	6.082763 	8.062258 	9.219544 	45.486263 	28.017851 	70.661163 	80.622574 	999.000000 	75.471848 	44.407207 	12.206555 	22.022715 	53.907330 	
34.176014 	34.409302 	27.166155 	72.470680 	114.017540 	45.803928 	39.115215 	23.600847 	38.418747 	132.438660 	37.643059 	82.024384 	79.906197 	42.449970 	122.800652 	85.562843 	37.536648 	72.180328 	54.488529 	48.104053 	38.183765 	40.311287 	80.721741 	39.623226 	47.507893 	57.489128 	77.336922 	84.386017 	35.128338 	79.649231 	163.217651 	84.646324 	77.201035 	120.933868 	69.634758 	78.006409 	80.802231 	82.200974 	30.016663 	47.507893 	140.801285 	6.000000 	75.471848 	999.000000 	117.796432 	64.412735 	55.036350 	23.537205 	
111.085556 	130.613937 	99.849884 	48.332184 	24.413111 	74.094536 	81.301903 	125.399361 	80.448738 	29.120440 	81.024689 	36.715118 	38.587563 	75.802376 	41.036568 	33.120991 	80.802231 	45.803928 	63.411354 	69.814041 	79.812279 	77.620872 	37.202152 	78.243210 	70.292244 	60.307545 	40.459858 	33.421551 	144.754959 	38.209946 	56.320511 	33.241539 	41.036568 	8.544003 	48.836460 	40.360870 	37.536648 	36.124783 	88.413803 	71.449280 	27.658634 	122.441826 	44.407207 	117.796432 	999.000000 	56.612720 	66.400299 	97.621719 	
69.028976 	85.586212 	54.083271 	28.231188 	61.392181 	30.805843 	36.124783 	77.665955 	33.000000 	78.108902 	33.015148 	28.017851 	26.000000 	28.017851 	76.164299 	30.265491 	32.062439 	19.416489 	18.384777 	22.203604 	30.149628 	28.071337 	24.186773 	28.160255 	21.023796 	14.764823 	20.099751 	25.961510 	95.880135 	20.615528 	109.201645 	24.698177 	16.763054 	61.773781 	10.000000 	17.088007 	19.697716 	21.023796 	34.438351 	17.088007 	82.764725 	69.778221 	12.206555 	64.412735 	56.612720 	999.000000 	9.899495 	42.201897 	
62.649822 	78.057671 	47.169907 	33.241539 	69.921387 	26.925823 	30.675724 	69.584480 	26.925823 	87.091904 	26.683329 	35.902645 	33.734257 	22.472204 	83.862984 	38.600517 	25.495098 	26.172504 	17.204651 	18.027756 	23.345236 	21.587032 	32.572994 	21.377558 	16.124516 	15.231546 	28.460499 	34.928497 	87.321243 	29.546574 	118.308914 	34.000000 	25.942244 	71.344238 	18.384777 	26.419689 	29.154760 	30.528675 	25.298222 	9.055386 	92.282173 	60.539242 	22.022715 	55.036350 	66.400299 	9.899495 	999.000000 	32.449963 	
44.204071 	53.160137 	29.732138 	55.946404 	97.128784 	32.249031 	28.071337 	42.953465 	25.019993 	115.247559 	24.020824 	63.513779 	61.294373 	26.683329 	108.268188 	66.850578 	23.086792 	53.254108 	36.235340 	30.463093 	22.360680 	23.769728 	61.400326 	22.803509 	29.068884 	38.275318 	57.628117 	64.660652 	58.034473 	59.548298 	146.485489 	64.443771 	56.586216 	101.671036 	48.795490 	57.280014 	60.108234 	61.522354 	10.440307 	26.172504 	122.200653 	29.427877 	53.907330 	23.537205 	97.621719 	42.201897 	32.449963 	999.000000 	

Travel time:
9.000000 	0.500000 	0.395285 	1.569236 	2.510976 	0.982980 	0.825379 	0.482830 	0.901388 	2.960152 	0.903120 	1.866815 	1.826369 	1.025305 	2.616295 	1.954642 	0.930390 	1.679658 	1.305996 	1.175266 	0.982980 	1.029866 	1.882153 	1.032594 	1.200260 	1.405569 	1.831154 	1.985101 	0.925338 	1.903943 	3.679674 	2.019437 	1.882817 	2.795644 	1.736555 	1.907387 	1.966119 	1.995777 	1.040733 	1.340009 	3.231195 	0.813941 	1.910497 	0.854400 	2.777139 	1.725724 	1.566246 	1.105102 	
0.500000 	9.000000 	0.794512 	2.057304 	3.010814 	1.439184 	1.267379 	0.270416 	1.323820 	3.460130 	1.319327 	2.350532 	2.307732 	1.451293 	3.112073 	2.439390 	1.340009 	2.150872 	1.752320 	1.608182 	1.386092 	1.438967 	2.358495 	1.435705 	1.623461 	1.849493 	2.300679 	2.460818 	0.459619 	2.371708 	4.177320 	2.490607 	2.342008 	3.290232 	2.183031 	2.366036 	2.428091 	2.459294 	1.355775 	1.727896 	3.730365 	0.743303 	2.353720 	0.860233 	3.265348 	2.139655 	1.951442 	1.329003 	
0.395285 	0.794512 	9.000000 	1.296630 	2.299185 	0.650000 	0.474342 	0.638847 	0.530330 	2.757943 	0.527376 	1.578369 	1.532359 	0.657647 	2.465005 	1.668270 	0.550568 	1.365650 	0.958188 	0.813941 	0.600000 	0.650481 	1.576785 	0.650000 	0.831038 	1.055047 	1.513481 	1.677982 	1.123610 	1.583114 	3.506601 	1.703856 	1.549597 	2.537838 	1.388569 	1.573412 	1.636498 	1.668270 	0.648556 	0.952956 	3.002603 	0.711512 	1.559247 	0.679154 	2.496247 	1.352082 	1.179248 	0.743303 	
1.569236 	2.057304 	1.296630 	9.000000 	1.040433 	0.671751 	0.849264 	1.934716 	0.851469 	1.500000 	0.870704 	0.304138 	0.275000 	0.755811 	1.312441 	0.388104 	0.875000 	0.247487 	0.498121 	0.637377 	0.866747 	0.818917 	0.353553 	0.840387 	0.673146 	0.477624 	0.357946 	0.450694 	2.419969 	0.427200 	2.274313 	0.505594 	0.471699 	1.241219 	0.485412 	0.493077 	0.515388 	0.529741 	1.140449 	0.809707 	1.715554 	1.910497 	0.602080 	1.811767 	1.208305 	0.705780 	0.831038 	1.398660 	
2.510976 	3.010814 	2.299185 	1.040433 	9.000000 	1.706239 	1.879162 	2.925854 	1.890106 	0.460977 	1.910007 	0.854400 	0.910014 	1.796177 	0.447214 	0.783023 	1.915235 	1.109617 	1.522539 	1.672199 	1.906895 	1.858259 	0.934077 	1.879162 	1.702388 	1.475847 	1.037123 	0.887764 	3.408995 	1.019804 	1.234909 	0.930390 	1.118034 	0.450694 	1.291559 	1.113833 	1.057414 	1.029866 	2.173850 	1.802255 	0.726722 	2.944911 	1.258968 	2.850439 	0.610328 	1.534805 	1.748035 	2.428220 	
0.982980 	1.439184 	0.650000 	0.671751 	1.706239 	9.000000 	0.180278 	1.285739 	0.190394 	2.167083 	0.213600 	0.936082 	0.887764 	0.158114 	1.934231 	1.026219 	0.230489 	0.715891 	0.325000 	0.223607 	0.250000 	0.230489 	0.928036 	0.254951 	0.270416 	0.425000 	0.863496 	1.028652 	1.767767 	0.933408 	2.935345 	1.053862 	0.903466 	1.905420 	0.753741 	0.927699 	0.989002 	1.020110 	0.550568 	0.477624 	2.387075 	1.239455 	0.928036 	1.145098 	1.852363 	0.770146 	0.673146 	0.806226 	
0.825379 	1.267379 	0.474342 	0.849264 	1.879162 	0.180278 	9.000000 	1.107080 	0.106066 	2.340139 	0.125000 	1.116356 	1.068001 	0.206155 	2.093144 	1.206493 	0.160078 	0.894427 	0.485412 	0.350000 	0.212132 	0.235850 	1.107362 	0.250000 	0.378319 	0.583631 	1.040733 	1.207528 	1.588238 	1.109617 	3.105036 	1.231107 	1.075291 	2.085216 	0.916856 	1.099147 	1.162164 	1.193995 	0.467039 	0.548293 	2.564785 	1.065950 	1.089151 	0.977880 	2.032547 	0.903120 	0.766893 	0.701783 	
0.482830 	0.270416 	0.638847 	1.934716 	2.925854 	1.285739 	1.107080 	9.000000 	1.147007 	3.382030 	1.138530 	2.217121 	2.170829 	1.273038 	3.064413 	2.307054 	1.154340 	2.001406 	1.583114 	1.431127 	1.195042 	1.250000 	2.213736 	1.243232 	1.439184 	1.676678 	2.147673 	2.314357 	0.485412 	2.215993 	4.119238 	2.338001 	2.177298 	3.175689 	2.008109 	2.200568 	2.265502 	2.298097 	1.125278 	1.520691 	3.635416 	0.477624 	2.174425 	0.590021 	3.134984 	1.941649 	1.739612 	1.073837 	
0.901388 	1.323820 	0.530330 	0.851469 	1.890106 	0.190394 	0.106066 	1.147007 	9.000000 	2.350532 	0.025000 	1.101136 	1.050297 	0.127475 	2.124264 	1.190850 	0.055902 	0.866747 	0.436606 	0.285044 	0.106066 	0.134629 	1.081665 	0.145774 	0.301040 	0.529741 	1.007782 	1.179248 	1.622113 	1.073546 	3.121298 	1.197132 	1.030776 	2.074398 	0.862047 	1.053862 	1.119431 	1.152443 	0.378319 	0.450694 	2.563323 	1.060660 	1.030776 	0.960469 	2.011219 	0.825000 	0.673146 	0.625500 	
2.960152 	3.460130 	2.757943 	1.500000 	0.460977 	2.167083 	2.340139 	3.382030 	2.350532 	9.000000 	2.370258 	1.297112 	1.353006 	2.255271 	0.502494 	1.218862 	2.375000 	1.554429 	1.976898 	2.128673 	2.365639 	2.316382 	1.365650 	2.336932 	2.157110 	1.925649 	1.467353 	1.305038 	3.864098 	1.439618 	0.782624 	1.336273 	1.533786 	0.515388 	1.717738 	1.525820 	1.463087 	1.432000 	2.628807 	2.247360 	0.350892 	3.405877 	1.662077 	3.310966 	0.728011 	1.952723 	2.177298 	2.881189 	
0.903120 	1.319327 	0.527376 	0.870704 	1.910007 	0.213600 	0.125000 	1.138530 	0.025000 	2.370258 	9.000000 	1.117195 	1.065950 	0.134629 	2.146654 	1.206752 	0.035355 	0.880696 	0.447214 	0.292617 	0.090139 	0.127475 	1.095730 	0.134629 	0.304138 	0.538516 	1.020416 	1.192686 	1.611870 	1.085415 	3.141755 	1.209339 	1.040733 	2.090753 	0.869626 	1.063602 	1.129712 	1.162970 	0.353553 	0.443001 	2.581182 	1.043132 	1.037123 	0.941076 	2.025617 	0.825379 	0.667083 	0.600521 	
1.866815 	2.350532 	1.578369 	0.304138 	0.854400 	0.936082 	1.116356 	2.217121 	1.101136 	1.297112 	1.117195 	9.000000 	0.055902 	0.990581 	1.204159 	0.090139 	1.114955 	0.257391 	0.691466 	0.849264 	1.096016 	1.043132 	0.111803 	1.061249 	0.870704 	0.630971 	0.201556 	0.167705 	2.701157 	0.223607 	2.079664 	0.235850 	0.316228 	0.973717 	0.450694 	0.325000 	0.305164 	0.301040 	1.340009 	0.950329 	1.472455 	2.159282 	0.474342 	2.050610 	0.917878 	0.700446 	0.897566 	1.587844 	
1.826369 	2.307732 	1.532359 	0.275000 	0.910014 	0.887764 	1.068001 	2.170829 	1.050297 	1.353006 	1.065950 	0.055902 	9.000000 	0.938416 	1.256234 	0.141421 	1.063015 	0.201556 	0.637377 	0.795692 	1.043132 	0.989950 	0.090139 	1.007782 	0.816241 	0.575543 	0.158114 	0.176777 	2.654360 	0.195256 	2.135562 	0.237171 	0.279509 	1.025914 	0.400000 	0.291548 	0.282843 	0.285044 	1.285010 	0.894427 	1.526843 	2.107279 	0.436606 	1.997655 	0.964689 	0.650000 	0.843356 	1.532359 	
1.025305 	1.451293 	0.657647 	0.755811 	1.796177 	0.158114 	0.206155 	1.273038 	0.127475 	2.255271 	0.134629 	0.990581 	0.938416 	9.000000 	2.048475 	1.079641 	0.125000 	0.750000 	0.313249 	0.158114 	0.111803 	0.075000 	0.965013 	0.100000 	0.175000 	0.403887 	0.887764 	1.060955 	1.746425 	0.951972 	3.030058 	1.076162 	0.906228 	1.964211 	0.735272 	0.929045 	0.995301 	1.028652 	0.406971 	0.347311 	2.458785 	1.168867 	0.903466 	1.061249 	1.895059 	0.700446 	0.561805 	0.667083 	
2.616295 	3.112073 	2.465005 	1.312441 	0.447214 	1.934231 	2.093144 	3.064413 	2.124264 	0.502494 	2.146654 	1.204159 	1.256234 	2.048475 	9.000000 	1.150272 	2.158269 	1.442654 	1.810559 	1.945829 	2.160151 	2.117339 	1.300961 	2.140385 	1.984471 	1.782730 	1.402007 	1.275980 	3.537125 	1.400000 	1.070047 	1.328768 	1.500000 	0.832541 	1.654728 	1.500208 	1.451938 	1.428504 	2.446554 	2.116158 	0.853302 	3.148412 	1.650757 	3.070016 	1.025914 	1.904107 	2.096575 	2.706705 	
1.954642 	2.439390 	1.668270 	0.388104 	0.783023 	1.026219 	1.206493 	2.307054 	1.190850 	1.218862 	1.206752 	0.090139 	0.141421 	1.079641 	1.150272 	9.000000 	1.204159 	0.340037 	0.778621 	0.937083 	1.184536 	1.131371 	0.152069 	1.149184 	0.957209 	0.715017 	0.254951 	0.145774 	2.791169 	0.251247 	2.001406 	0.215058 	0.350892 	0.884590 	0.509902 	0.353553 	0.316228 	0.302076 	1.425219 	1.029563 	1.386092 	2.248472 	0.505594 	2.139071 	0.828025 	0.756637 	0.965013 	1.671264 	
0.930390 	1.340009 	0.550568 	0.875000 	1.915235 	0.230489 	0.160078 	1.154340 	0.055902 	2.375000 	0.035355 	1.114955 	1.063015 	0.125000 	2.158269 	1.204159 	9.000000 	0.875000 	0.437321 	0.279509 	0.055902 	0.100000 	1.090011 	0.103078 	0.285044 	0.525595 	1.012423 	1.185854 	1.625000 	1.076162 	3.148115 	1.200521 	1.028652 	2.088660 	0.854400 	1.051190 	1.118034 	1.151629 	0.325960 	0.412311 	2.581908 	1.044330 	1.020110 	0.938416 	2.020056 	0.801561 	0.637377 	0.577170 	
1.679658 	2.150872 	1.365650 	0.247487 	1.109617 	0.715891 	0.894427 	2.001406 	0.866747 	1.554429 	0.880696 	0.257391 	0.201556 	0.750000 	1.442654 	0.340037 	0.875000 	9.000000 	0.442295 	0.602080 	0.851469 	0.797261 	0.215058 	0.813941 	0.618971 	0.375000 	0.152069 	0.313249 	2.482438 	0.226385 	2.336932 	0.340037 	0.237171 	1.219887 	0.246221 	0.261008 	0.301040 	0.325000 	1.085415 	0.693271 	1.725724 	1.917355 	0.355317 	1.804508 	1.145098 	0.485412 	0.654313 	1.331353 	
1.305996 	1.752320 	0.958188 	0.498121 	1.522539 	0.325000 	0.485412 	1.583114 	0.436606 	1.976898 	0.447214 	0.691466 	0.637377 	0.313249 	1.810559 	0.778621 	0.437321 	0.442295 	9.000000 	0.160078 	0.410031 	0.355317 	0.656220 	0.371652 	0.180278 	0.100000 	0.575543 	0.750000 	2.058671 	0.638847 	2.756923 	0.763217 	0.594243 	1.661701 	0.431567 	0.617454 	0.682825 	0.715891 	0.651920 	0.325960 	2.163908 	1.475847 	0.604669 	1.362213 	1.585284 	0.459619 	0.430116 	0.905883 	
1.175266 	1.608182 	0.813941 	0.637377 	1.672199 	0.223607 	0.350000 	1.431127 	0.285044 	2.128673 	0.292617 	0.849264 	0.795692 	0.158114 	1.945829 	0.937083 	0.279509 	0.602080 	0.160078 	9.000000 	0.250000 	0.195256 	0.816241 	0.212132 	0.055902 	0.246221 	0.735272 	0.910014 	1.903943 	0.797653 	2.907103 	0.922293 	0.749166 	1.820886 	0.577170 	0.771767 	0.838525 	0.872138 	0.503115 	0.270416 	2.321234 	1.315770 	0.745822 	1.202601 	1.745351 	0.555090 	0.450694 	0.761577 	
0.982980 	1.386092 	0.600000 	0.866747 	1.906895 	0.250000 	0.212132 	1.195042 	0.106066 	2.365639 	0.090139 	1.096016 	1.043132 	0.111803 	2.160151 	1.184536 	0.055902 	0.851469 	0.410031 	0.250000 	9.000000 	0.055902 	1.065950 	0.050000 	0.246221 	0.493077 	0.985203 	1.160011 	1.662077 	1.047020 	3.141059 	1.171804 	0.995615 	2.068967 	0.817389 	1.017657 	1.085415 	1.119431 	0.301040 	0.357946 	2.566247 	1.065950 	0.980434 	0.954594 	1.995307 	0.753741 	0.583631 	0.559017 	
1.029866 	1.438967 	0.650481 	0.818917 	1.858259 	0.230489 	0.235850 	1.250000 	0.134629 	2.316382 	0.127475 	1.043132 	0.989950 	0.075000 	2.117339 	1.131371 	0.100000 	0.797261 	0.355317 	0.195256 	0.055902 	9.000000 	1.011496 	0.025000 	0.190394 	0.437321 	0.930054 	1.105102 	1.717738 	0.991527 	3.092834 	1.116356 	0.939747 	2.015564 	0.761577 	0.961769 	1.029563 	1.063602 	0.333542 	0.316228 	2.514210 	1.120547 	0.925000 	1.007782 	1.940522 	0.701783 	0.539676 	0.594243 	
1.882153 	2.358495 	1.576785 	0.353553 	0.934077 	0.928036 	1.107362 	2.213736 	1.081665 	1.365650 	1.095730 	0.111803 	0.090139 	0.965013 	1.300961 	0.152069 	1.090011 	0.215058 	0.656220 	0.816241 	1.065950 	1.011496 	9.000000 	1.027740 	0.831038 	0.583631 	0.103078 	0.103078 	2.695598 	0.111803 	2.147673 	0.152069 	0.206155 	1.009022 	0.357946 	0.213600 	0.195256 	0.195256 	1.293493 	0.887764 	1.520074 	2.131901 	0.364006 	2.018044 	0.930054 	0.604669 	0.814325 	1.535008 	
1.032594 	1.435705 	0.650000 	0.840387 	1.879162 	0.254951 	0.250000 	1.243232 	0.145774 	2.336932 	0.134629 	1.061249 	1.007782 	0.100000 	2.140385 	1.149184 	0.103078 	0.813941 	0.371652 	0.212132 	0.050000 	0.025000 	1.027740 	9.000000 	0.201556 	0.450694 	0.945053 	1.120547 	1.708801 	1.005609 	3.113880 	1.130542 	0.951972 	2.033009 	0.771767 	0.973717 	1.041933 	1.076162 	0.309233 	0.309233 	2.532908 	1.105102 	0.933408 	0.990581 	1.956080 	0.704006 	0.534439 	0.570088 	
1.200260 	1.623461 	0.831038 	0.673146 	1.702388 	0.270416 	0.378319 	1.439184 	0.301040 	2.157110 	0.304138 	0.870704 	0.816241 	0.175000 	1.984471 	0.957209 	0.285044 	0.618971 	0.180278 	0.055902 	0.246221 	0.190394 	0.831038 	0.201556 	9.000000 	0.250000 	0.745822 	0.921954 	1.908042 	0.805062 	2.936942 	0.930054 	0.750417 	1.838818 	0.571183 	0.772172 	0.840387 	0.874643 	0.471699 	0.215058 	2.343075 	1.305038 	0.735272 	1.187697 	1.757306 	0.525595 	0.403113 	0.726722 	
1.405569 	1.849493 	1.055047 	0.477624 	1.475847 	0.425000 	0.583631 	1.676678 	0.529741 	1.925649 	0.538516 	0.630971 	0.575543 	0.403887 	1.782730 	0.715017 	0.525595 	0.375000 	0.100000 	0.246221 	0.493077 	0.437321 	0.583631 	0.450694 	0.250000 	9.000000 	0.496236 	0.672681 	2.150145 	0.555090 	2.707513 	0.680074 	0.503115 	1.592561 	0.333542 	0.525595 	0.592663 	0.626498 	0.710634 	0.333542 	2.100595 	1.555032 	0.505594 	1.437228 	1.507689 	0.369121 	0.380789 	0.956883 	
1.831154 	2.300679 	1.513481 	0.357946 	1.037123 	0.863496 	1.040733 	2.147673 	1.007782 	1.467353 	1.020416 	0.201556 	0.158114 	0.887764 	1.402007 	0.254951 	1.012423 	0.152069 	0.575543 	0.735272 	0.985203 	0.930054 	0.103078 	0.945053 	0.745822 	0.496236 	9.000000 	0.176777 	2.627380 	0.075000 	2.249028 	0.190394 	0.125000 	1.101136 	0.254951 	0.141421 	0.158114 	0.176777 	1.202601 	0.790569 	1.615936 	2.050152 	0.279509 	1.933423 	1.011496 	0.502494 	0.711512 	1.440703 	
1.985101 	2.460818 	1.677982 	0.450694 	0.887764 	1.028652 	1.207528 	2.314357 	1.179248 	1.305038 	1.192686 	0.167705 	0.176777 	1.060955 	1.275980 	0.145774 	1.185854 	0.313249 	0.750000 	0.910014 	1.160011 	1.105102 	0.103078 	1.120547 	0.921954 	0.672681 	0.176777 	9.000000 	2.795644 	0.134629 	2.084616 	0.070711 	0.230489 	0.925338 	0.413824 	0.226385 	0.176777 	0.158114 	1.379311 	0.965013 	1.442220 	2.225562 	0.375000 	2.109650 	0.835539 	0.649038 	0.873212 	1.616516 	
0.925338 	0.459619 	1.123610 	2.419969 	3.408995 	1.767767 	1.588238 	0.485412 	1.622113 	3.864098 	1.611870 	2.701157 	2.654360 	1.746425 	3.537125 	2.791169 	1.625000 	2.482438 	2.058671 	1.903943 	1.662077 	1.717738 	2.695598 	1.708801 	1.908042 	2.150145 	2.627380 	2.795644 	9.000000 	2.694671 	4.596330 	2.817468 	2.652593 	3.661028 	2.479037 	2.675467 	2.741464 	2.774549 	1.554228 	1.971199 	4.120149 	0.728869 	2.642205 	0.878208 	3.618874 	2.397003 	2.183031 	1.450862 	
1.903943 	2.371708 	1.583114 	0.427200 	1.019804 	0.933408 	1.109617 	2.215993 	1.073546 	1.439618 	1.085415 	0.223607 	0.195256 	0.951972 	1.400000 	0.251247 	1.076162 	0.226385 	0.638847 	0.797653 	1.047020 	0.991527 	0.111803 	1.005609 	0.805062 	0.555090 	0.075000 	0.134629 	2.694671 	9.000000 	2.219234 	0.125000 	0.100000 	1.055047 	0.279509 	0.103078 	0.090139 	0.103078 	1.255239 	0.835539 	1.574206 	2.110095 	0.254951 	1.991231 	0.955249 	0.515388 	0.738664 	1.488707 	
