Total assets = 639
Number of asset nodes = 34

Distance:
999.000000 	9.848858 	82.758682 	43.416588 	12.041595 	14.317822 	39.217342 	38.183765 	79.812279 	30.149628 	23.345236 	22.360680 	55.443665 	24.000000 	8.485281 	47.801674 	43.840622 	41.725292 	4.472136 	90.271812 	50.990196 	26.570660 	39.319206 	41.773197 	45.276924 	45.398239 	43.737854 	40.804413 	44.911022 	44.147480 	41.436699 	36.124783 	44.922153 	55.036350 	45.221676 	40.000000 	62.128899 	54.589375 	55.578773 	63.071388 	61.294373 	62.201286 	65.030762 	70.114189 	48.548943 	62.649822 	65.490456 	67.268120 	67.364677 	70.256676 	64.195015 	62.769421 	72.111023 	
9.848858 	999.000000 	73.552704 	33.615471 	18.867962 	8.602325 	29.410883 	47.507893 	70.292244 	21.023796 	16.124516 	29.068884 	64.938431 	33.241539 	15.132746 	57.567352 	34.828148 	32.649654 	7.000000 	80.808418 	41.436699 	29.000000 	31.320919 	34.176014 	37.107952 	37.363083 	36.055511 	34.000000 	37.336308 	36.769554 	34.985710 	33.286633 	38.013157 	46.389652 	38.470768 	36.235340 	53.000000 	46.572525 	47.539455 	54.451813 	52.952808 	53.758720 	56.320511 	61.000000 	43.863426 	54.571056 	57.271286 	58.855755 	59.033890 	61.814240 	57.271286 	56.435802 	65.306969 	
82.758682 	73.552704 	999.000000 	42.190044 	92.097771 	75.604233 	49.648766 	120.933868 	8.544003 	61.773781 	71.344238 	101.671036 	131.609268 	101.513542 	83.408630 	127.027557 	38.948685 	41.036568 	78.568443 	10.000000 	48.052055 	96.566040 	65.459915 	67.720009 	63.788715 	64.761101 	67.186310 	72.124893 	67.911705 	69.123077 	74.040527 	87.464279 	72.034714 	59.211487 	73.006851 	85.702972 	53.037724 	65.276337 	65.192024 	60.074955 	63.007935 	62.032249 	59.211487 	53.935146 	85.146935 	66.030296 	65.192024 	63.387695 	64.381676 	63.788715 	77.006493 	81.024689 	81.394104 	
43.416588 	33.615471 	42.190044 	999.000000 	51.088158 	33.941124 	8.062258 	80.802231 	37.536648 	19.697716 	29.154760 	60.108234 	97.123634 	65.459915 	46.486557 	90.620087 	12.206555 	11.313708 	39.812057 	48.166378 	16.278820 	54.378304 	26.019224 	29.154760 	26.925823 	27.892651 	29.427877 	33.015148 	30.594116 	31.400637 	35.014282 	46.324940 	34.365681 	28.600698 	35.355339 	45.398239 	29.410883 	33.120991 	33.615471 	34.655445 	35.468296 	35.383614 	35.468296 	36.235340 	47.095646 	38.418747 	39.623226 	39.623226 	40.311287 	41.868843 	47.010635 	49.244289 	54.083271 	
12.041595 	18.867962 	92.097771 	51.088158 	999.000000 	17.492855 	45.486263 	30.016663 	88.413803 	34.438351 	25.298222 	10.440307 	54.230988 	25.942244 	18.681541 	45.011108 	53.600372 	51.400391 	16.278820 	99.005051 	55.542778 	16.401220 	40.607880 	42.190044 	46.529560 	46.389652 	44.181442 	40.000000 	45.099888 	44.045429 	40.049969 	30.463093 	44.011364 	56.885849 	44.045429 	35.114101 	65.000000 	55.145264 	56.142673 	64.629715 	62.289646 	63.387695 	66.753281 	72.780495 	44.271889 	63.071388 	66.121101 	68.264191 	68.183578 	71.253067 	62.514000 	60.207973 	70.035706 	
14.317822 	8.602325 	75.604233 	33.941124 	17.492855 	999.000000 	28.017851 	47.507893 	71.449280 	17.088007 	9.055386 	26.172504 	69.115845 	38.118237 	21.931713 	60.827625 	38.013157 	35.777088 	13.892444 	82.073135 	38.275318 	22.561028 	25.079872 	27.459061 	31.064449 	31.144823 	29.427877 	26.570660 	30.594116 	29.832869 	27.313000 	24.698177 	30.675724 	41.012192 	31.016125 	27.658634 	48.507732 	40.311287 	41.303753 	49.000000 	47.095646 	48.041649 	51.009804 	56.435802 	35.468296 	48.373547 	51.244511 	53.084839 	53.150730 	56.080299 	49.979996 	48.754486 	57.939625 	
39.217342 	29.410883 	49.648766 	8.062258 	45.486263 	28.017851 	999.000000 	75.471848 	44.407207 	12.206555 	22.022715 	53.907330 	94.148819 	62.369865 	43.566040 	86.977005 	18.973665 	17.464249 	36.138622 	55.000000 	13.341664 	47.201694 	18.110771 	21.377558 	19.697716 	20.615528 	21.840330 	25.079872 	23.086792 	23.769728 	27.073973 	38.327538 	26.683329 	23.430750 	27.658634 	37.336308 	26.570660 	27.018513 	27.658634 	30.528675 	30.610456 	30.805843 	31.764761 	34.205261 	39.204590 	33.301651 	35.000000 	35.510563 	36.055511 	38.078865 	40.804413 	42.544094 	48.270073 	
38.183765 	47.507893 	120.933868 	80.802231 	30.016663 	47.507893 	75.471848 	999.000000 	117.796432 	64.412735 	55.036350 	23.537205 	34.409302 	27.166155 	39.115215 	23.600847 	82.024384 	79.906197 	42.449970 	128.316010 	85.428329 	36.055511 	69.570107 	70.604530 	75.286118 	75.000000 	72.532753 	67.683083 	73.246162 	72.034714 	67.268120 	54.083271 	71.386276 	85.726311 	71.196907 	59.076221 	94.244362 	83.198555 	84.172440 	93.145050 	90.470993 	91.678787 	95.336250 	101.833199 	68.007355 	90.801979 	93.941475 	96.317184 	96.104111 	99.247169 	88.277969 	85.052925 	95.047356 	
79.812279 	70.292244 	8.544003 	37.536648 	88.413803 	71.449280 	44.407207 	117.796432 	999.000000 	56.612720 	66.400299 	97.621719 	130.613937 	99.849884 	81.301903 	125.399361 	36.715118 	38.587563 	75.802376 	10.630146 	41.109608 	91.607857 	59.093147 	61.098282 	56.920998 	57.870544 	60.406952 	65.551506 	61.032780 	62.297672 	67.416618 	81.394104 	65.145988 	51.623638 	66.098412 	79.309517 	45.011108 	57.706154 	57.558666 	52.000000 	55.036350 	54.009258 	51.039200 	45.541191 	78.160095 	58.008621 	57.035076 	55.145264 	56.142673 	55.443665 	69.028976 	73.171036 	73.171036 	
30.149628 	21.023796 	61.773781 	19.697716 	34.438351 	17.088007 	12.206555 	64.412735 	56.612720 	999.000000 	9.899495 	42.201897 	85.586212 	54.083271 	36.124783 	77.665955 	28.017851 	26.000000 	28.017851 	67.201187 	21.189621 	35.000000 	12.041595 	15.556349 	17.000000 	17.492855 	17.029387 	17.492855 	18.439089 	18.384777 	19.235384 	27.166155 	20.615528 	25.495098 	21.400934 	27.073973 	32.015621 	26.400757 	27.313000 	33.541019 	32.280025 	32.984844 	35.355339 	40.012497 	31.016125 	34.176014 	36.687874 	38.078865 	38.327538 	41.000000 	38.600517 	38.897301 	46.615448 	
23.345236 	16.124516 	71.344238 	29.154760 	25.298222 	9.055386 	22.022715 	55.036350 	66.400299 	9.899495 	999.000000 	32.449963 	78.057671 	47.169907 	30.675724 	69.584480 	35.902645 	33.734257 	22.472204 	77.006493 	30.413813 	25.238859 	16.031219 	18.439089 	22.022715 	22.090721 	20.396078 	17.888544 	21.587032 	20.880613 	18.867962 	20.396078 	21.931713 	32.062439 	22.360680 	21.931713 	39.812057 	31.257000 	32.249031 	40.012497 	38.052597 	39.012817 	42.047592 	47.675991 	28.425341 	39.319206 	42.190044 	44.045429 	44.102154 	47.042534 	41.231056 	40.311287 	49.244289 	
22.360680 	29.068884 	101.671036 	60.108234 	10.440307 	26.172504 	53.907330 	23.537205 	97.621719 	42.201897 	32.449963 	999.000000 	53.160137 	29.732138 	28.071337 	42.953465 	63.513779 	61.294373 	26.683329 	108.245094 	62.769421 	13.341664 	46.238514 	47.127487 	51.865211 	51.546097 	49.040798 	44.147480 	49.729267 	48.507732 	43.737854 	31.064449 	47.853943 	62.297672 	47.675991 	36.055511 	70.936592 	59.665737 	60.638271 	69.641945 	66.940269 	68.154236 	71.840103 	78.434685 	45.177429 	67.268120 	70.405968 	72.780495 	72.567207 	75.709976 	65.030762 	62.032249 	72.027771 	
55.443665 	64.938431 	131.609268 	97.123634 	54.230988 	69.115845 	94.148819 	34.409302 	130.613937 	85.586212 	78.057671 	53.160137 	999.000000 	31.780497 	50.695168 	10.816654 	94.021271 	92.309265 	58.051701 	140.431473 	106.367287 	66.483078 	94.021271 	96.005211 	100.019997 	100.004997 	98.005104 	94.132881 	99.020203 	98.045906 	94.260277 	83.743660 	98.183502 	110.113579 	98.249680 	88.645363 	117.515953 	109.004585 	110.004547 	118.067780 	116.004311 	117.017090 	120.104118 	125.483070 	97.862144 	117.017090 	120.004166 	122.004097 	122.000000 	125.003998 	116.726173 	114.271606 	124.169243 	
24.000000 	33.241539 	101.513542 	65.459915 	25.942244 	38.118237 	62.369865 	27.166155 	99.849884 	54.083271 	47.169907 	29.732138 	31.780497 	999.000000 	18.973665 	25.553865 	63.134777 	61.294373 	26.305893 	109.931801 	74.672615 	41.400482 	63.198101 	65.490456 	69.180923 	69.260376 	67.475922 	64.132675 	68.593002 	67.742157 	64.536812 	56.364883 	68.249542 	79.025314 	68.447060 	60.926186 	86.092972 	78.409180 	79.404030 	87.051712 	85.211502 	86.145226 	89.022469 	94.085068 	70.007141 	86.469650 	89.358826 	91.197586 	91.268837 	94.191292 	87.321243 	85.440041 	95.078911 	
8.485281 	15.132746 	83.408630 	46.486557 	18.681541 	21.931713 	43.566040 	39.115215 	81.301903 	36.124783 	30.675724 	28.071337 	50.695168 	18.973665 	999.000000 	44.283180 	44.654228 	42.720020 	8.246211 	91.525955 	56.142673 	34.438351 	46.324940 	49.040798 	52.172791 	52.392746 	50.960770 	48.466484 	52.201534 	51.546097 	49.244289 	44.598206 	52.554733 	61.522354 	52.924473 	48.414875 	68.029404 	61.611687 	62.585941 	69.584480 	68.066147 	68.883957 	71.449280 	76.026314 	56.859474 	69.634758 	72.367119 	73.979729 	74.148499 	76.941536 	71.867935 	70.682388 	79.849861 	
47.801674 	57.567352 	127.027557 	90.620087 	45.011108 	60.827625 	86.977005 	23.600847 	125.399361 	77.665955 	69.584480 	42.953465 	10.816654 	25.553865 	44.283180 	999.000000 	88.684837 	86.833176 	50.921509 	135.484314 	98.716766 	56.293873 	85.375641 	87.143562 	91.350975 	91.268837 	89.140335 	85.005882 	90.088844 	89.050545 	85.005882 	73.824112 	89.000000 	101.597244 	89.005615 	78.771820 	109.329773 	100.124924 	101.123688 	109.457756 	107.228729 	108.295891 	111.543716 	117.239075 	87.965904 	108.074051 	111.112556 	113.216606 	113.159180 	116.211014 	107.228729 	104.580116 	114.529472 	
43.840622 	34.828148 	38.948685 	12.206555 	53.600372 	38.013157 	18.973665 	82.024384 	36.715118 	28.017851 	35.902645 	63.513779 	94.021271 	63.134777 	44.654228 	88.684837 	999.000000 	2.236068 	39.623226 	46.872166 	28.319605 	60.166435 	36.878178 	40.261642 	38.626415 	39.560081 	40.804413 	43.737854 	42.059483 	42.720020 	45.705578 	55.145264 	45.607018 	40.804413 	46.572525 	55.009090 	41.109608 	45.276924 	45.793011 	46.690472 	47.634022 	47.507893 	47.381432 	47.434166 	57.870544 	50.606323 	51.739735 	51.623638 	52.345009 	53.758720 	59.169250 	61.269894 	66.287254 	
41.725292 	32.649654 	41.036568 	11.313708 	51.400391 	35.777088 	17.464249 	79.906197 	38.587563 	26.000000 	33.734257 	61.294373 	92.309265 	61.294373 	42.720020 	86.833176 	2.236068 	999.000000 	37.536648 	48.826221 	27.586229 	57.939625 	35.171009 	38.600517 	37.161808 	38.078865 	39.217342 	41.976185 	40.496914 	41.109608 	43.931767 	53.084839 	43.965897 	39.824615 	44.922153 	53.037724 	40.607880 	44.102154 	44.654228 	45.967381 	46.754681 	46.690472 	46.754681 	47.169907 	56.089214 	49.678970 	50.931328 	50.931328 	51.623638 	53.150730 	57.982758 	59.941639 	65.215027 	
4.472136 	7.000000 	78.568443 	39.812057 	16.278820 	13.892444 	36.138622 	42.449970 	75.802376 	28.017851 	22.472204 	26.683329 	58.051701 	26.305893 	8.246211 	50.921509 	39.623226 	37.536648 	999.000000 	86.214851 	48.373547 	29.832869 	38.078865 	40.804413 	43.931767 	44.147480 	42.720020 	40.311287 	43.965897 	43.324360 	41.146080 	37.536648 	44.384682 	53.338543 	44.777225 	41.036568 	60.000000 	53.366657 	54.341511 	61.400326 	59.841457 	60.671246 	63.285069 	68.000000 	49.203659 	61.392181 	64.132675 	65.764732 	65.924202 	68.731361 	63.694584 	62.609905 	71.693794 	
90.271812 	80.808418 	10.000000 	48.166378 	99.005051 	82.073135 	55.000000 	128.316010 	10.630146 	67.201187 	77.006493 	108.245094 	140.431473 	109.931801 	91.525955 	135.484314 	46.872166 	48.826221 	86.214851 	999.000000 	51.078373 	102.200783 	69.318108 	71.175842 	66.850578 	67.779053 	70.384659 	75.643906 	70.936592 	72.235725 	77.472572 	91.706055 	75.026665 	60.876926 	75.960518 	89.470665 	53.600372 	66.940269 	66.708321 	60.406952 	63.639610 	62.514000 	59.211487 	53.000000 	87.920418 	66.483078 	65.192024 	63.071388 	64.070274 	63.000000 	77.524193 	81.884064 	81.024689 	
50.990196 	41.436699 	48.052055 	16.278820 	55.542778 	38.275318 	13.341664 	85.428329 	41.109608 	21.189621 	30.413813 	62.769421 	106.367287 	74.672615 	56.142673 	98.716766 	28.319605 	27.586229 	48.373547 	51.078373 	999.000000 	53.907330 	18.601076 	20.124611 	15.811388 	16.763054 	19.313208 	24.596748 	19.924858 	21.189621 	26.400757 	41.048752 	24.041630 	13.000000 	25.000000 	38.470768 	13.416408 	18.439089 	18.681541 	18.384777 	19.416489 	19.209373 	19.209373 	20.880613 	37.107952 	22.472204 	23.430750 	23.345236 	24.041630 	25.612497 	31.953091 	34.928497 	38.470768 	
26.570660 	29.000000 	96.566040 	54.378304 	16.401220 	22.561028 	47.201694 	36.055511 	91.607857 	35.000000 	25.238859 	13.341664 	66.483078 	41.400482 	34.438351 	56.293873 	60.166435 	57.939625 	29.832869 	102.200783 	53.907330 	999.000000 	36.055511 	36.235340 	41.182522 	40.706264 	38.013157 	32.695564 	38.483765 	37.161808 	31.953091 	18.027756 	36.055511 	51.429562 	35.735138 	23.021729 	60.415230 	48.104053 	49.040798 	58.309521 	55.362442 	56.648037 	60.539242 	67.542580 	32.015621 	55.362442 	58.523499 	61.032780 	60.728905 	63.890530 	52.239830 	49.010204 	59.008472 	
39.319206 	31.320919 	65.459915 	26.019224 	40.607880 	25.079872 	18.110771 	69.570107 	59.093147 	12.041595 	16.031219 	46.238514 	94.021271 	63.198101 	46.324940 	85.375641 	36.878178 	35.171009 	38.078865 	69.318108 	18.601076 	36.055511 	999.000000 	3.605551 	6.000000 	6.082763 	5.000000 	7.000000 	6.403124 	6.403124 	9.000000 	22.472204 	8.944272 	16.278820 	9.848858 	20.248457 	24.698177 	15.297058 	16.278820 	24.083189 	22.022715 	23.000000 	26.172504 	32.280025 	21.095022 	23.345236 	26.172504 	28.017851 	28.071337 	31.016125 	26.627054 	26.870058 	34.669872 	
41.773197 	34.176014 	67.720009 	29.154760 	42.190044 	27.459061 	21.377558 	70.604530 	61.098282 	15.556349 	18.439089 	47.127487 	96.005211 	65.490456 	49.040798 	87.143562 	40.261642 	38.600517 	40.804413 	71.175842 	20.124611 	36.235340 	3.605551 	999.000000 	5.000000 	4.472136 	2.000000 	4.472136 	3.162278 	2.828427 	6.324555 	21.260292 	5.385165 	15.231546 	6.324555 	18.357559 	24.186773 	13.000000 	14.000000 	22.561028 	20.099751 	21.213203 	24.738634 	31.384710 	18.000000 	21.023796 	24.000000 	26.076809 	26.019224 	29.068884 	23.323807 	23.345236 	31.384710 	
45.276924 	37.107952 	63.788715 	26.925823 	46.529560 	31.064449 	19.697716 	75.286118 	56.920998 	17.000000 	22.022715 	51.865211 	100.019997 	69.180923 	52.172791 	91.350975 	38.626415 	37.161808 	43.931767 	66.850578 	15.811388 	41.182522 	6.000000 	5.000000 	999.000000 	1.000000 	3.605551 	9.219544 	4.123106 	5.385165 	10.816654 	26.172504 	8.246211 	10.440307 	9.219544 	23.021729 	19.235384 	9.486833 	10.440307 	18.110771 	16.031219 	17.000000 	20.223749 	26.570660 	21.377558 	17.464249 	20.223749 	22.022715 	22.090721 	25.019993 	21.931713 	23.021729 	29.832869 	
45.398239 	37.363083 	64.761101 	27.892651 	46.389652 	31.144823 	20.615528 	75.000000 	57.870544 	17.492855 	22.090721 	51.546097 	100.004997 	69.260376 	52.392746 	91.268837 	39.560081 	38.078865 	44.147480 	67.779053 	16.763054 	40.706264 	6.082763 	4.472136 	1.000000 	999.000000 	2.828427 	8.485281 	3.162278 	4.472136 	10.000000 	25.455845 	7.280110 	10.770329 	8.246211 	22.203604 	19.723083 	9.219544 	10.198039 	18.248287 	16.000000 	17.029387 	20.396078 	26.925823 	20.396078 	17.262676 	20.099751 	22.000000 	22.022715 	25.000000 	21.260292 	22.203604 	29.206163 	
43.737854 	36.055511 	67.186310 	29.427877 	44.181442 	29.427877 	21.840330 	72.532753 	60.406952 	17.029387 	20.396078 	49.040798 	98.005104 	67.475922 	50.960770 	89.140335 	40.804413 	39.217342 	42.720020 	70.384659 	19.313208 	38.013157 	5.000000 	2.000000 	3.605551 	2.828427 	999.000000 	5.656854 	1.414214 	2.000000 	7.211102 	22.627417 	5.000000 	13.416408 	6.000000 	19.416489 	22.472204 	11.000000 	12.000000 	20.615528 	18.110771 	19.235384 	22.803509 	29.546574 	18.110771 	19.026299 	22.000000 	24.083189 	24.020824 	27.073973 	21.633308 	21.931713 	29.681644 	
40.804413 	34.000000 	72.124893 	33.015148 	40.000000 	26.570660 	25.079872 	67.683083 	65.551506 	17.492855 	17.888544 	44.147480 	94.132881 	64.132675 	48.466484 	85.005882 	43.737854 	41.976185 	40.311287 	75.643906 	24.596748 	32.695564 	7.000000 	4.472136 	9.219544 	8.485281 	5.656854 	999.000000 	5.830952 	4.472136 	2.000000 	16.970562 	4.123106 	18.867962 	4.472136 	13.892444 	28.017851 	15.524175 	16.492422 	25.632011 	22.803509 	24.041630 	27.856777 	34.885529 	14.142136 	23.194826 	26.305893 	28.635643 	28.442924 	31.575306 	23.409399 	22.472204 	31.384710 	
44.911022 	37.336308 	67.911705 	30.594116 	45.099888 	30.594116 	23.086792 	73.246162 	61.032780 	18.439089 	21.587032 	49.729267 	99.020203 	68.593002 	52.201534 	90.088844 	42.059483 	40.496914 	43.965897 	70.936592 	19.924858 	38.483765 	6.403124 	3.162278 	4.123106 	3.162278 	1.414214 	5.830952 	999.000000 	1.414214 	7.071068 	22.671568 	4.123106 	13.038404 	5.099020 	19.209373 	22.203604 	10.049875 	11.045361 	19.924858 	17.262676 	18.439089 	22.135944 	29.068884 	17.262676 	18.000000 	21.023796 	23.194826 	23.086792 	26.172504 	20.248457 	20.518284 	28.301943 	
44.147480 	36.769554 	69.123077 	31.400637 	44.045429 	29.832869 	23.769728 	72.034714 	62.297672 	18.384777 	20.880613 	48.507732 	98.045906 	67.742157 	51.546097 	89.050545 	42.720020 	41.109608 	43.324360 	72.235725 	21.189621 	37.161808 	6.403124 	2.828427 	5.385165 	4.472136 	2.000000 	4.472136 	1.414214 	999.000000 	5.656854 	21.260292 	3.000000 	14.422205 	4.000000 	17.804493 	23.600847 	11.180340 	12.165525 	21.189621 	18.439089 	19.646883 	23.409399 	30.413813 	16.124516 	19.026299 	22.090721 	24.331051 	24.186773 	27.294687 	20.591261 	20.518284 	28.653097 	
41.436699 	34.985710 	74.040527 	35.014282 	40.049969 	27.313000 	27.073973 	67.268120 	67.416618 	19.235384 	18.867962 	43.737854 	94.260277 	64.536812 	49.244289 	85.005882 	45.705578 	43.931767 	41.146080 	77.472572 	26.400757 	31.953091 	9.000000 	6.324555 	10.816654 	10.000000 	7.211102 	2.000000 	7.071068 	5.656854 	999.000000 	15.620500 	4.123106 	20.000000 	4.000000 	12.206555 	29.206163 	16.155495 	17.088007 	26.400757 	23.409399 	24.698177 	28.635643 	35.846897 	12.165525 	23.537205 	26.683329 	29.120440 	28.861740 	32.015621 	22.803509 	21.470911 	30.675724 	
36.124783 	33.286633 	87.464279 	46.324940 	30.463093 	24.698177 	38.327538 	54.083271 	81.394104 	27.166155 	20.396078 	31.064449 	83.743660 	56.364883 	44.598206 	73.824112 	55.145264 	53.084839 	37.536648 	91.706055 	41.048752 	18.027756 	22.472204 	21.260292 	26.172504 	25.455845 	22.627417 	16.970562 	22.671568 	21.260292 	15.620500 	999.000000 	19.416489 	35.608986 	18.867962 	5.000000 	44.821869 	31.384710 	32.249031 	41.677334 	38.470768 	39.824615 	43.908997 	51.312767 	14.142136 	38.078865 	41.231056 	43.863426 	43.462627 	46.615448 	34.234486 	31.000000 	41.000000 	
44.922153 	38.013157 	72.034714 	34.365681 	44.011364 	30.675724 	26.683329 	71.386276 	65.145988 	20.615528 	21.931713 	47.853943 	98.183502 	68.249542 	52.554733 	89.000000 	45.607018 	43.965897 	44.384682 	75.026665 	24.041630 	36.055511 	8.944272 	5.385165 	8.246211 	7.280110 	5.000000 	4.123106 	4.123106 	3.000000 	4.123106 	19.416489 	999.000000 	16.278820 	1.000000 	15.556349 	25.495098 	12.083046 	13.000000 	22.360680 	19.313208 	20.615528 	24.596748 	31.906113 	13.152946 	19.416489 	22.561028 	25.000000 	24.738634 	27.892651 	19.313208 	18.601076 	27.313000 	
55.036350 	46.389652 	59.211487 	28.600698 	56.885849 	41.012192 	23.430750 	85.726311 	51.623638 	25.495098 	32.062439 	62.297672 	110.113579 	79.025314 	61.522354 	101.597244 	40.804413 	39.824615 	53.338543 	60.876926 	13.000000 	51.429562 	16.278820 	15.231546 	10.440307 	10.770329 	13.416408 	18.867962 	13.038404 	14.422205 	20.000000 	35.608986 	16.278820 	999.000000 	16.970562 	31.827662 	9.219544 	6.082763 	6.000000 	8.062258 	7.211102 	7.615773 	10.000000 	16.155495 	27.784887 	9.899495 	11.661903 	12.649111 	13.000000 	15.524175 	18.973665 	22.203604 	25.553865 	
45.221676 	38.470768 	73.006851 	35.355339 	44.045429 	31.016125 	27.658634 	71.196907 	66.098412 	21.400934 	22.360680 	47.675991 	98.249680 	68.447060 	52.924473 	89.005615 	46.572525 	44.922153 	44.777225 	75.960518 	25.000000 	35.735138 	9.848858 	6.324555 	9.219544 	8.246211 	6.000000 	4.472136 	5.099020 	4.000000 	4.000000 	18.867962 	1.000000 	16.970562 	999.000000 	14.866069 	26.172504 	12.529964 	13.416408 	22.825424 	19.697716 	21.023796 	25.059929 	32.449963 	12.165525 	19.646883 	22.803509 	25.298222 	25.000000 	28.160255 	18.973665 	18.027756 	26.925823 	
40.000000 	36.235340 	85.702972 	45.398239 	35.114101 	27.658634 	37.336308 	59.076221 	79.309517 	27.073973 	21.931713 	36.055511 	88.645363 	60.926186 	48.414875 	78.771820 	55.009090 	53.037724 	41.036568 	89.470665 	38.470768 	23.021729 	20.248457 	18.357559 	23.021729 	22.203604 	19.416489 	13.892444 	19.209373 	17.804493 	12.206555 	5.000000 	15.556349 	31.827662 	14.866069 	999.000000 	41.036568 	27.202942 	28.017851 	37.443291 	34.132095 	35.510563 	39.661064 	47.201694 	9.219544 	33.541019 	36.674240 	39.357338 	38.910152 	42.047592 	29.274563 	26.000000 	36.000000 	
62.128899 	53.000000 	53.037724 	29.410883 	65.000000 	48.507732 	26.570660 	94.244362 	45.011108 	32.015621 	39.812057 	70.936592 	117.515953 	86.092972 	68.029404 	109.329773 	41.109608 	40.607880 	60.000000 	53.600372 	13.416408 	60.415230 	24.698177 	24.186773 	19.235384 	19.723083 	22.472204 	28.017851 	22.203604 	23.600847 	29.206163 	44.821869 	25.495098 	9.219544 	26.172504 	41.036568 	999.000000 	14.422205 	13.892444 	7.071068 	10.049875 	9.000000 	6.708204 	8.000000 	36.619667 	13.000000 	12.369317 	11.180340 	12.083046 	12.806249 	24.020824 	28.284271 	28.635643 	
54.589375 	46.572525 	65.276337 	33.120991 	55.145264 	40.311287 	27.018513 	83.198555 	57.706154 	26.400757 	31.257000 	59.665737 	109.004585 	78.409180 	61.611687 	100.124924 	45.276924 	44.102154 	53.366657 	66.940269 	18.439089 	48.104053 	15.297058 	13.000000 	9.486833 	9.219544 	11.000000 	15.524175 	10.049875 	11.180340 	16.155495 	31.384710 	12.083046 	6.082763 	12.529964 	27.202942 	14.422205 	999.000000 	1.000000 	10.295630 	7.280110 	8.544003 	12.529964 	20.000000 	22.203604 	8.062258 	11.000000 	13.152946 	13.038404 	16.124516 	13.892444 	16.492422 	21.260292 	
55.578773 	47.539455 	65.192024 	33.615471 	56.142673 	41.303753 	27.658634 	84.172440 	57.558666 	27.313000 	32.249031 	60.638271 	110.004547 	79.404030 	62.585941 	101.123688 	45.793011 	44.654228 	54.341511 	66.708321 	18.681541 	49.040798 	16.278820 	14.000000 	10.440307 	10.198039 	12.000000 	16.492422 	11.045361 	12.165525 	17.088007 	32.249031 	13.000000 	6.000000 	13.416408 	28.017851 	13.892444 	1.000000 	999.000000 	9.433981 	6.324555 	7.615773 	11.661903 	19.209373 	22.803509 	7.071068 	10.000000 	12.165525 	12.041595 	15.132746 	13.416408 	16.278820 	20.615528 	
63.071388 	54.451813 	60.074955 	34.655445 	64.629715 	49.000000 	30.528675 	93.145050 	52.000000 	33.541019 	40.012497 	69.641945 	118.067780 	87.051712 	69.584480 	109.457756 	46.690472 	45.967381 	61.400326 	60.406952 	18.384777 	58.309521 	24.083189 	22.561028 	18.110771 	18.248287 	20.615528 	25.632011 	19.924858 	21.189621 	26.400757 	41.677334 	22.360680 	8.062258 	22.825424 	37.443291 	7.071068 	10.295630 	9.433981 	999.000000 	3.605551 	2.236068 	2.236068 	9.899495 	31.827662 	6.082763 	5.385165 	5.000000 	5.656854 	7.615773 	17.117243 	21.587032 	21.587032 	
61.294373 	52.952808 	63.007935 	35.468296 	62.289646 	47.095646 	30.610456 	90.470993 	55.036350 	32.280025 	38.052597 	66.940269 	116.004311 	85.211502 	68.066147 	107.228729 	47.634022 	46.754681 	59.841457 	63.639610 	19.416489 	55.362442 	22.022715 	20.099751 	16.031219 	16.000000 	18.110771 	22.803509 	17.262676 	18.439089 	23.409399 	38.470768 	19.313208 	7.211102 	19.697716 	34.132095 	10.049875 	7.280110 	6.324555 	3.605551 	999.000000 	1.414214 	5.656854 	13.453624 	28.284271 	3.162278 	4.472136 	6.000000 	6.082763 	9.000000 	14.000000 	18.248287 	19.313208 	
62.201286 	53.758720 	62.032249 	35.383614 	63.387695 	48.041649 	30.805843 	91.678787 	54.009258 	32.984844 	39.012817 	68.154236 	117.017090 	86.145226 	68.883957 	108.295891 	47.507893 	46.690472 	60.671246 	62.514000 	19.209373 	56.648037 	23.000000 	21.213203 	17.000000 	17.029387 	19.235384 	24.041630 	18.439089 	19.646883 	24.698177 	39.824615 	20.615528 	7.615773 	21.023796 	35.510563 	9.000000 	8.544003 	7.615773 	2.236068 	1.414214 	999.000000 	4.242640 	12.041595 	29.698484 	4.000000 	4.242640 	5.099020 	5.385165 	8.062258 	15.033297 	19.416489 	19.924858 	
65.030762 	56.320511 	59.211487 	35.468296 	66.753281 	51.009804 	31.764761 	95.336250 	51.039200 	35.355339 	42.047592 	71.840103 	120.104118 	89.022469 	71.449280 	111.543716 	47.381432 	46.754681 	63.285069 	59.211487 	19.209373 	60.539242 	26.172504 	24.738634 	20.223749 	20.396078 	22.803509 	27.856777 	22.135944 	23.409399 	28.635643 	43.908997 	24.596748 	10.000000 	25.059929 	39.661064 	6.708204 	12.529964 	11.661903 	2.236068 	5.656854 	4.242640 	999.000000 	7.810250 	33.941124 	7.615773 	6.000000 	4.472136 	5.385165 	6.403124 	18.439089 	23.086792 	22.203604 	
70.114189 	61.000000 	53.935146 	36.235340 	72.780495 	56.435802 	34.205261 	101.833199 	45.541191 	40.012497 	47.675991 	78.434685 	125.483070 	94.085068 	76.026314 	117.239075 	47.434166 	47.169907 	68.000000 	53.000000 	20.880613 	67.542580 	32.280025 	31.384710 	26.570660 	26.925823 	29.546574 	34.885529 	29.068884 	30.413813 	35.846897 	51.312767 	31.906113 	16.155495 	32.449963 	47.201694 	8.000000 	20.000000 	19.209373 	9.899495 	13.453624 	12.041595 	7.810250 	999.000000 	41.725292 	15.264338 	13.000000 	10.440307 	11.401754 	10.000000 	25.632011 	30.463093 	28.071337 	
48.548943 	43.863426 	85.146935 	47.095646 	44.271889 	35.468296 	39.204590 	68.007355 	78.160095 	31.016125 	28.425341 	45.177429 	97.862144 	70.007141 	56.859474 	87.965904 	57.870544 	56.089214 	49.203659 	87.920418 	37.107952 	32.015621 	21.095022 	18.000000 	21.377558 	20.396078 	18.110771 	14.142136 	17.262676 	16.124516 	12.165525 	14.142136 	13.152946 	27.784887 	12.165525 	9.219544 	36.619667 	22.203604 	22.803509 	31.827662 	28.284271 	29.698484 	33.941124 	41.725292 	999.000000 	27.018513 	30.000000 	32.802441 	32.202484 	35.227829 	20.880613 	17.117243 	27.073973 	
62.649822 	54.571056 	66.030296 	38.418747 	63.071388 	48.373547 	33.301651 	90.801979 	58.008621 	34.176014 	39.319206 	67.268120 	117.017090 	86.469650 	69.634758 	108.074051 	50.606323 	49.678970 	61.392181 	66.483078 	22.472204 	55.362442 	23.345236 	21.023796 	17.464249 	17.262676 	19.026299 	23.194826 	18.000000 	19.026299 	23.537205 	38.078865 	19.416489 	9.899495 	19.646883 	33.541019 	13.000000 	8.062258 	7.071068 	6.082763 	3.162278 	4.000000 	7.615773 	15.264338 	27.018513 	999.000000 	3.162278 	5.830952 	5.385165 	8.544003 	11.045361 	15.524175 	16.155495 	
65.490456 	57.271286 	65.192024 	39.623226 	66.121101 	51.244511 	35.000000 	93.941475 	57.035076 	36.687874 	42.190044 	70.405968 	120.004166 	89.358826 	72.367119 	111.112556 	51.739735 	50.931328 	64.132675 	65.192024 	23.430750 	58.523499 	26.172504 	24.000000 	20.223749 	20.099751 	22.000000 	26.305893 	21.023796 	22.090721 	26.683329 	41.231056 	22.561028 	11.661903 	22.803509 	36.674240 	12.369317 	11.000000 	10.000000 	5.385165 	4.472136 	4.242640 	6.000000 	13.000000 	30.000000 	3.162278 	999.000000 	2.828427 	2.236068 	5.385165 	12.649111 	17.464249 	16.278820 	
67.268120 	58.855755 	63.387695 	39.623226 	68.264191 	53.084839 	35.510563 	96.317184 	55.145264 	38.078865 	44.045429 	72.780495 	122.004097 	91.197586 	73.979729 	113.216606 	51.623638 	50.931328 	65.764732 	63.071388 	23.345236 	61.032780 	28.017851 	26.076809 	22.022715 	22.000000 	24.083189 	28.635643 	23.194826 	24.331051 	29.120440 	43.863426 	25.000000 	12.649111 	25.298222 	39.357338 	11.180340 	13.152946 	12.165525 	5.000000 	6.000000 	5.099020 	4.472136 	10.440307 	32.802441 	5.830952 	2.828427 	999.000000 	1.000000 	3.000000 	15.231546 	20.124611 	18.027756 	
67.364677 	59.033890 	64.381676 	40.311287 	68.183578 	53.150730 	36.055511 	96.104111 	56.142673 	38.327538 	44.102154 	72.567207 	122.000000 	91.268837 	74.148499 	113.159180 	52.345009 	51.623638 	65.924202 	64.070274 	24.041630 	60.728905 	28.071337 	26.019224 	22.090721 	22.022715 	24.020824 	28.442924 	23.086792 	24.186773 	28.861740 	43.462627 	24.738634 	13.000000 	25.000000 	38.910152 	12.083046 	13.038404 	12.041595 	5.656854 	6.082763 	5.385165 	5.385165 	11.401754 	32.202484 	5.385165 	2.236068 	1.000000 	999.000000 	3.162278 	14.317822 	19.235384 	17.029387 	
70.256676 	61.814240 	63.788715 	41.868843 	71.253067 	56.080299 	38.078865 	99.247169 	55.443665 	41.000000 	47.042534 	75.709976 	125.003998 	94.191292 	76.941536 	116.211014 	53.758720 	53.150730 	68.731361 	63.000000 	25.612497 	63.890530 	31.016125 	29.068884 	25.019993 	25.000000 	27.073973 	31.575306 	26.172504 	27.294687 	32.015621 	46.615448 	27.892651 	15.524175 	28.160255 	42.047592 	12.806249 	16.124516 	15.132746 	7.615773 	9.000000 	8.062258 	6.403124 	10.000000 	35.227829 	8.544003 	5.385165 	3.000000 	3.162278 	999.000000 	16.643316 	21.633308 	18.110771 	
64.195015 	57.271286 	77.006493 	47.010635 	62.514000 	49.979996 	40.804413 	88.277969 	69.028976 	38.600517 	41.231056 	65.030762 	116.726173 	87.321243 	71.867935 	107.228729 	59.169250 	57.982758 	63.694584 	77.524193 	31.953091 	52.239830 	26.627054 	23.323807 	21.931713 	21.260292 	21.633308 	23.409399 	20.248457 	20.591261 	22.803509 	34.234486 	19.313208 	18.973665 	18.973665 	29.274563 	24.020824 	13.892444 	13.416408 	17.117243 	14.000000 	15.033297 	18.439089 	25.632011 	20.880613 	11.045361 	12.649111 	15.231546 	14.317822 	16.643316 	999.000000 	5.000000 	8.062258 	
62.769421 	56.435802 	81.024689 	49.244289 	60.207973 	48.754486 	42.544094 	85.052925 	73.171036 	38.897301 	40.311287 	62.032249 	114.271606 	85.440041 	70.682388 	104.580116 	61.269894 	59.941639 	62.609905 	81.884064 	34.928497 	49.010204 	26.870058 	23.345236 	23.021729 	22.203604 	21.931713 	22.472204 	20.518284 	20.518284 	21.470911 	31.000000 	18.601076 	22.203604 	18.027756 	26.000000 	28.284271 	16.492422 	16.278820 	21.587032 	18.248287 	19.416489 	23.086792 	30.463093 	17.117243 	15.524175 	17.464249 	20.124611 	19.235384 	21.633308 	5.000000 	999.000000 	10.000000 	
72.111023 	65.306969 	81.394104 	54.083271 	70.035706 	57.939625 	48.270073 	95.047356 	73.171036 	46.615448 	49.244289 	72.027771 	124.169243 	95.078911 	79.849861 	114.529472 	66.287254 	65.215027 	71.693794 	81.024689 	38.470768 	59.008472 	34.669872 	31.384710 	29.832869 	29.206163 	29.681644 	31.384710 	28.301943 	28.653097 	30.675724 	41.000000 	27.313000 	25.553865 	26.925823 	36.000000 	28.635643 	21.260292 	20.615528 	21.587032 	19.313208 	19.924858 	22.203604 	28.071337 	27.073973 	16.155495 	16.278820 	18.027756 	17.029387 	18.110771 	8.062258 	10.000000 	999.000000 	

Travel time:
9.000000 	0.246221 	2.068967 	1.085415 	0.301040 	0.357946 	0.980434 	0.954594 	1.995307 	0.753741 	0.583631 	0.559017 	1.386092 	0.600000 	0.212132 	1.195042 	1.096016 	1.043132 	0.111803 	2.256795 	1.274755 	0.664266 	0.982980 	1.044330 	1.131923 	1.134956 	1.093446 	1.020110 	1.122776 	1.103687 	1.035918 	0.903120 	1.123054 	1.375909 	1.130542 	1.000000 	1.553222 	1.364734 	1.389469 	1.576785 	1.532359 	1.555032 	1.625769 	1.752855 	1.213724 	1.566246 	1.637261 	1.681703 	1.684117 	1.756417 	1.604875 	1.569236 	1.802776 	
0.246221 	9.000000 	1.838818 	0.840387 	0.471699 	0.215058 	0.735272 	1.187697 	1.757306 	0.525595 	0.403113 	0.726722 	1.623461 	0.831038 	0.378319 	1.439184 	0.870704 	0.816241 	0.175000 	2.020211 	1.035918 	0.725000 	0.783023 	0.854400 	0.927699 	0.934077 	0.901388 	0.850000 	0.933408 	0.919239 	0.874643 	0.832166 	0.950329 	1.159741 	0.961769 	0.905883 	1.325000 	1.164313 	1.188486 	1.361295 	1.323820 	1.343968 	1.408013 	1.525000 	1.096586 	1.364276 	1.431782 	1.471394 	1.475847 	1.545356 	1.431782 	1.410895 	1.632674 	
2.068967 	1.838818 	9.000000 	1.054751 	2.302444 	1.890106 	1.241219 	3.023347 	0.213600 	1.544345 	1.783606 	2.541776 	3.290232 	2.537838 	2.085216 	3.175689 	0.973717 	1.025914 	1.964211 	0.250000 	1.201301 	2.414151 	1.636498 	1.693000 	1.594718 	1.619027 	1.679658 	1.803122 	1.697793 	1.728077 	1.851013 	2.186607 	1.800868 	1.480287 	1.825171 	2.142574 	1.325943 	1.631908 	1.629801 	1.501874 	1.575198 	1.550806 	1.480287 	1.348379 	2.128673 	1.650757 	1.629801 	1.584692 	1.609542 	1.594718 	1.925162 	2.025617 	2.034853 	
1.085415 	0.840387 	1.054751 	9.000000 	1.277204 	0.848528 	0.201556 	2.020056 	0.938416 	0.492443 	0.728869 	1.502706 	2.428091 	1.636498 	1.162164 	2.265502 	0.305164 	0.282843 	0.995301 	1.204159 	0.406971 	1.359458 	0.650481 	0.728869 	0.673146 	0.697316 	0.735697 	0.825379 	0.764853 	0.785016 	0.875357 	1.158123 	0.859142 	0.715017 	0.883883 	1.134956 	0.735272 	0.828025 	0.840387 	0.866386 	0.886707 	0.884590 	0.886707 	0.905883 	1.177391 	0.960469 	0.990581 	0.990581 	1.007782 	1.046721 	1.175266 	1.231107 	1.352082 	
0.301040 	0.471699 	2.302444 	1.277204 	9.000000 	0.437321 	1.137157 	0.750417 	2.210345 	0.860959 	0.632456 	0.261008 	1.355775 	0.648556 	0.467039 	1.125278 	1.340009 	1.285010 	0.406971 	2.475126 	1.388569 	0.410031 	1.015197 	1.054751 	1.163239 	1.159741 	1.104536 	1.000000 	1.127497 	1.101136 	1.001249 	0.761577 	1.100284 	1.422146 	1.101136 	0.877853 	1.625000 	1.378632 	1.403567 	1.615743 	1.557241 	1.584692 	1.668832 	1.819512 	1.106797 	1.576785 	1.653028 	1.706605 	1.704589 	1.781327 	1.562850 	1.505199 	1.750893 	
0.357946 	0.215058 	1.890106 	0.848528 	0.437321 	9.000000 	0.700446 	1.187697 	1.786232 	0.427200 	0.226385 	0.654313 	1.727896 	0.952956 	0.548293 	1.520691 	0.950329 	0.894427 	0.347311 	2.051828 	0.956883 	0.564026 	0.626997 	0.686477 	0.776611 	0.778621 	0.735697 	0.664266 	0.764853 	0.745822 	0.682825 	0.617454 	0.766893 	1.025305 	0.775403 	0.691466 	1.212693 	1.007782 	1.032594 	1.225000 	1.177391 	1.201041 	1.275245 	1.410895 	0.886707 	1.209339 	1.281113 	1.327121 	1.328768 	1.402007 	1.249500 	1.218862 	1.448491 	
0.980434 	0.735272 	1.241219 	0.201556 	1.137157 	0.700446 	9.000000 	1.886796 	1.110180 	0.305164 	0.550568 	1.347683 	2.353720 	1.559247 	1.089151 	2.174425 	0.474342 	0.436606 	0.903466 	1.375000 	0.333542 	1.180042 	0.452769 	0.534439 	0.492443 	0.515388 	0.546008 	0.626997 	0.577170 	0.594243 	0.676849 	0.958188 	0.667083 	0.585769 	0.691466 	0.933408 	0.664266 	0.675463 	0.691466 	0.763217 	0.765261 	0.770146 	0.794119 	0.855132 	0.980115 	0.832541 	0.875000 	0.887764 	0.901388 	0.951972 	1.020110 	1.063602 	1.206752 	
0.954594 	1.187697 	3.023347 	2.020056 	0.750417 	1.187697 	1.886796 	9.000000 	2.944911 	1.610318 	1.375909 	0.588430 	0.860233 	0.679154 	0.977880 	0.590021 	2.050610 	1.997655 	1.061249 	3.207900 	2.135708 	0.901388 	1.739253 	1.765113 	1.882153 	1.875000 	1.813319 	1.692077 	1.831154 	1.800868 	1.681703 	1.352082 	1.784657 	2.143158 	1.779923 	1.476906 	2.356109 	2.079964 	2.104311 	2.328626 	2.261775 	2.291970 	2.383406 	2.545830 	1.700184 	2.270050 	2.348537 	2.407930 	2.402603 	2.481179 	2.206949 	2.126323 	2.376184 	
1.995307 	1.757306 	0.213600 	0.938416 	2.210345 	1.786232 	1.110180 	2.944911 	9.000000 	1.415318 	1.660007 	2.440543 	3.265348 	2.496247 	2.032547 	3.134984 	0.917878 	0.964689 	1.895059 	0.265754 	1.027740 	2.290196 	1.477329 	1.527457 	1.423025 	1.446764 	1.510174 	1.638788 	1.525820 	1.557442 	1.685416 	2.034853 	1.628650 	1.290591 	1.652460 	1.982738 	1.125278 	1.442654 	1.438967 	1.300000 	1.375909 	1.350231 	1.275980 	1.138530 	1.954002 	1.450216 	1.425877 	1.378632 	1.403567 	1.386092 	1.725724 	1.829276 	1.829276 	
0.753741 	0.525595 	1.544345 	0.492443 	0.860959 	0.427200 	0.305164 	1.610318 	1.415318 	9.000000 	0.247487 	1.055047 	2.139655 	1.352082 	0.903120 	1.941649 	0.700446 	0.650000 	0.700446 	1.680030 	0.529741 	0.875000 	0.301040 	0.388909 	0.425000 	0.437321 	0.425735 	0.437321 	0.460977 	0.459619 	0.480885 	0.679154 	0.515388 	0.637377 	0.535023 	0.676849 	0.800391 	0.660019 	0.682825 	0.838525 	0.807001 	0.824621 	0.883883 	1.000312 	0.775403 	0.854400 	0.917197 	0.951972 	0.958188 	1.025000 	0.965013 	0.972432 	1.165386 	
0.583631 	0.403113 	1.783606 	0.728869 	0.632456 	0.226385 	0.550568 	1.375909 	1.660007 	0.247487 	9.000000 	0.811249 	1.951442 	1.179248 	0.766893 	1.739612 	0.897566 	0.843356 	0.561805 	1.925162 	0.760345 	0.630971 	0.400780 	0.460977 	0.550568 	0.552268 	0.509902 	0.447214 	0.539676 	0.522015 	0.471699 	0.509902 	0.548293 	0.801561 	0.559017 	0.548293 	0.995301 	0.781425 	0.806226 	1.000312 	0.951315 	0.975320 	1.051190 	1.191900 	0.710634 	0.982980 	1.054751 	1.101136 	1.102554 	1.176063 	1.030776 	1.007782 	1.231107 	
0.559017 	0.726722 	2.541776 	1.502706 	0.261008 	0.654313 	1.347683 	0.588430 	2.440543 	1.055047 	0.811249 	9.000000 	1.329003 	0.743303 	0.701783 	1.073837 	1.587844 	1.532359 	0.667083 	2.706127 	1.569236 	0.333542 	1.155963 	1.178187 	1.296630 	1.288652 	1.226020 	1.103687 	1.243232 	1.212693 	1.093446 	0.776611 	1.196349 	1.557442 	1.191900 	0.901388 	1.773415 	1.491643 	1.515957 	1.741049 	1.673507 	1.703856 	1.796003 	1.960867 	1.129436 	1.681703 	1.760149 	1.819512 	1.814180 	1.892749 	1.625769 	1.550806 	1.800694 	
1.386092 	1.623461 	3.290232 	2.428091 	1.355775 	1.727896 	2.353720 	0.860233 	3.265348 	2.139655 	1.951442 	1.329003 	9.000000 	0.794512 	1.267379 	0.270416 	2.350532 	2.307732 	1.451293 	3.510787 	2.659182 	1.662077 	2.350532 	2.400130 	2.500500 	2.500125 	2.450128 	2.353322 	2.475505 	2.451148 	2.356507 	2.093591 	2.454587 	2.752840 	2.456242 	2.216134 	2.937899 	2.725115 	2.750114 	2.951694 	2.900108 	2.925427 	3.002603 	3.137077 	2.446554 	2.925427 	3.000104 	3.050102 	3.050000 	3.125100 	2.918154 	2.856790 	3.104231 	
0.600000 	0.831038 	2.537838 	1.636498 	0.648556 	0.952956 	1.559247 	0.679154 	2.496247 	1.352082 	1.179248 	0.743303 	0.794512 	9.000000 	0.474342 	0.638847 	1.578369 	1.532359 	0.657647 	2.748295 	1.866815 	1.035012 	1.579952 	1.637261 	1.729523 	1.731509 	1.686898 	1.603317 	1.714825 	1.693554 	1.613420 	1.409122 	1.706239 	1.975633 	1.711177 	1.523155 	2.152324 	1.960230 	1.985101 	2.176293 	2.130288 	2.153631 	2.225562 	2.352127 	1.750179 	2.161741 	2.233971 	2.279940 	2.281721 	2.354782 	2.183031 	2.136001 	2.376973 	
0.212132 	0.378319 	2.085216 	1.162164 	0.467039 	0.548293 	1.089151 	0.977880 	2.032547 	0.903120 	0.766893 	0.701783 	1.267379 	0.474342 	9.000000 	1.107080 	1.116356 	1.068001 	0.206155 	2.288149 	1.403567 	0.860959 	1.158123 	1.226020 	1.304320 	1.309819 	1.274019 	1.211662 	1.305038 	1.288652 	1.231107 	1.114955 	1.313868 	1.538059 	1.323112 	1.210372 	1.700735 	1.540292 	1.564649 	1.739612 	1.701654 	1.722099 	1.786232 	1.900658 	1.421487 	1.740869 	1.809178 	1.849493 	1.853712 	1.923538 	1.796698 	1.767060 	1.996247 	
1.195042 	1.439184 	3.175689 	2.265502 	1.125278 	1.520691 	2.174425 	0.590021 	3.134984 	1.941649 	1.739612 	1.073837 	0.270416 	0.638847 	1.107080 	9.000000 	2.217121 	2.170829 	1.273038 	3.387108 	2.467919 	1.407347 	2.134391 	2.178589 	2.283774 	2.281721 	2.228508 	2.125147 	2.252221 	2.226264 	2.125147 	1.845603 	2.225000 	2.539931 	2.225140 	1.969296 	2.733244 	2.503123 	2.528092 	2.736444 	2.680718 	2.707397 	2.788593 	2.930977 	2.199148 	2.701851 	2.777814 	2.830415 	2.828979 	2.905275 	2.680718 	2.614503 	2.863237 	
1.096016 	0.870704 	0.973717 	0.305164 	1.340009 	0.950329 	0.474342 	2.050610 	0.917878 	0.700446 	0.897566 	1.587844 	2.350532 	1.578369 	1.116356 	2.217121 	9.000000 	0.055902 	0.990581 	1.171804 	0.707990 	1.504161 	0.921954 	1.006541 	0.965660 	0.989002 	1.020110 	1.093446 	1.051487 	1.068001 	1.142639 	1.378632 	1.140175 	1.020110 	1.164313 	1.375227 	1.027740 	1.131923 	1.144825 	1.167262 	1.190850 	1.187697 	1.184536 	1.185854 	1.446764 	1.265158 	1.293493 	1.290591 	1.308625 	1.343968 	1.479231 	1.531747 	1.657181 	
