Total assets = 616
Number of asset nodes = 33

Distance:
999.000000 	99.639351 	50.774010 	87.681244 	111.606453 	81.394104 	85.041168 	106.962608 	47.539455 	88.090858 	14.035668 	16.278820 	15.033297 	23.537205 	47.423622 	72.917763 	76.380623 	32.649654 	82.097504 	94.493385 	31.016125 	108.894447 	18.027756 	52.201534 	22.360680 	28.653097 	77.826729 	21.931713 	35.227829 	97.200821 	51.971146 	105.759163 	95.441078 	73.409805 	114.021927 	34.000000 	90.049988 	49.040798 	26.627054 	71.168816 	27.513634 	76.896034 	113.004425 	78.746429 	34.014702 	79.699432 	48.052055 	49.819675 	76.400261 	35.057095 	
99.639351 	999.000000 	54.424259 	16.000000 	12.649111 	23.086792 	22.090721 	9.219544 	62.641838 	22.803509 	111.503365 	114.284729 	111.220505 	91.706055 	52.430908 	27.294687 	24.698177 	131.795303 	32.557640 	21.095022 	84.864601 	15.033297 	114.825958 	64.132675 	119.816528 	128.003906 	42.579338 	105.095192 	86.330757 	25.612497 	68.883957 	21.470911 	28.017851 	48.259712 	23.086792 	133.221619 	36.674240 	77.103828 	110.494347 	57.314919 	116.726173 	51.971146 	31.016125 	55.542778 	127.534309 	55.785301 	89.269257 	87.965904 	60.207973 	127.941391 	
50.774010 	54.424259 	999.000000 	39.824615 	67.067131 	32.756680 	35.805027 	59.941639 	9.055386 	38.288380 	60.141499 	62.968246 	59.396969 	37.735924 	13.601471 	27.658634 	29.732138 	83.234612 	31.400637 	44.598206 	30.463093 	60.464867 	62.936478 	13.892444 	67.896980 	77.155685 	27.513634 	51.312767 	32.015621 	46.754681 	18.788294 	55.901699 	44.821869 	24.186773 	64.536812 	82.036575 	39.357338 	25.709921 	56.435802 	25.709921 	62.968246 	29.000000 	62.481998 	32.140316 	74.060783 	33.136082 	37.215588 	36.496574 	32.015621 	74.330345 	
87.681244 	16.000000 	39.824615 	999.000000 	28.284271 	7.280110 	6.324555 	20.124611 	47.539455 	8.485281 	98.716766 	101.533249 	98.234413 	77.524193 	40.360870 	15.264338 	11.401754 	120.241425 	17.088007 	11.180340 	70.213959 	21.213203 	101.828285 	48.507732 	106.826965 	115.520561 	26.925823 	91.065910 	71.309189 	16.492422 	53.150730 	19.924858 	17.464249 	32.388271 	26.925823 	120.615089 	23.345236 	61.392181 	96.254868 	41.436699 	102.727798 	36.400551 	29.427877 	40.162170 	113.740936 	40.496914 	73.545906 	72.180328 	44.643028 	114.057007 	
111.606453 	12.649111 	67.067131 	28.284271 	999.000000 	35.510563 	34.058773 	11.180340 	75.286118 	34.058773 	123.713379 	126.479248 	123.490891 	104.278473 	64.660652 	39.812057 	37.336308 	143.533966 	44.045429 	30.805843 	97.498718 	17.029387 	127.094452 	76.687675 	132.075729 	140.089264 	54.083271 	117.630775 	98.979797 	34.176014 	81.394104 	26.627054 	37.000000 	60.008331 	23.600847 	145.340973 	46.572525 	89.627007 	123.065025 	69.028976 	129.247818 	63.285069 	33.970577 	66.610809 	140.003571 	66.753281 	101.788994 	100.448990 	71.449280 	140.431473 	
81.394104 	23.086792 	32.756680 	7.280110 	35.510563 	999.000000 	4.123106 	27.313000 	40.311287 	8.062258 	92.097771 	94.921021 	91.547798 	70.491135 	34.409302 	11.045361 	7.000000 	114.021927 	12.041595 	13.928389 	63.063461 	27.802877 	95.131485 	41.231056 	100.124924 	108.977058 	21.023796 	84.059502 	64.078079 	18.248287 	45.891174 	24.698177 	18.000000 	25.961510 	32.649654 	114.021927 	20.591261 	54.129475 	89.185204 	34.928497 	95.718338 	30.463093 	33.241539 	34.438351 	106.780151 	34.885529 	66.287254 	64.938431 	38.626415 	107.070068 	
85.041168 	22.090721 	35.805027 	6.324555 	34.058773 	4.123106 	999.000000 	25.000000 	42.941822 	4.000000 	95.524864 	98.351410 	94.921021 	73.498299 	38.275318 	15.132746 	11.045361 	117.686020 	10.770329 	9.848858 	65.863495 	24.698177 	98.493652 	43.324360 	103.479469 	112.449989 	20.615528 	87.091904 	66.640831 	14.142136 	47.801674 	20.808653 	14.035668 	26.172504 	29.000000 	117.456375 	17.804493 	56.044624 	92.114059 	35.227829 	98.737022 	30.083218 	29.154760 	33.837849 	109.859001 	34.176014 	68.154236 	66.708321 	38.327538 	110.113579 	
106.962608 	9.219544 	59.941639 	20.124611 	11.180340 	27.313000 	25.000000 	999.000000 	67.623962 	24.186773 	118.406082 	121.210564 	118.004234 	97.616600 	59.548298 	34.058773 	30.805843 	139.344894 	34.132095 	20.099751 	90.338257 	6.708204 	121.605919 	68.308128 	126.605690 	135.092560 	44.045429 	111.139549 	91.389275 	23.086792 	72.801102 	15.620500 	25.961510 	50.159744 	14.560220 	140.246216 	35.693138 	81.043198 	116.361504 	59.076221 	122.800652 	53.009434 	23.853722 	56.142673 	133.775925 	56.222771 	93.145050 	91.678787 	61.073727 	134.111893 	
47.539455 	62.641838 	9.055386 	47.539455 	75.286118 	40.311287 	42.941822 	67.623962 	999.000000 	44.944408 	55.217751 	58.008621 	54.203320 	31.144823 	20.808653 	36.345562 	38.078865 	79.259071 	36.878178 	51.039200 	23.021729 	67.601776 	57.628117 	6.708204 	62.481998 	72.201111 	30.805843 	44.687805 	23.769728 	52.497620 	10.630146 	62.201286 	50.249378 	25.942244 	71.028160 	76.837494 	43.416588 	16.763054 	49.406479 	24.186773 	56.222771 	29.410883 	67.896980 	31.575306 	67.475922 	32.557640 	28.160255 	27.459061 	30.016663 	67.623962 	
88.090858 	22.803509 	38.288380 	8.485281 	34.058773 	8.062258 	4.000000 	24.186773 	44.944408 	999.000000 	98.290382 	101.118744 	97.621719 	75.802376 	41.677334 	19.104973 	15.033297 	120.739388 	10.000000 	6.403124 	67.955872 	22.847319 	101.178062 	44.777225 	106.150833 	115.260574 	20.024984 	89.403580 	68.476273 	10.198039 	49.040798 	17.691807 	10.049875 	26.019224 	26.248810 	120.216469 	14.866069 	57.245087 	94.302704 	35.000000 	101.019798 	29.274563 	25.495098 	32.756680 	112.200714 	32.984844 	69.260376 	67.720009 	37.483330 	112.414413 	
14.035668 	111.503365 	60.141499 	98.716766 	123.713379 	92.097771 	95.524864 	118.406082 	55.217751 	98.290382 	999.000000 	2.828427 	2.236068 	25.632011 	59.076221 	84.403793 	87.618492 	25.000000 	91.438507 	104.651802 	34.539833 	119.854080 	4.000000 	58.668560 	8.544003 	17.029387 	86.023254 	16.124516 	37.363083 	106.887794 	57.271286 	115.965515 	104.890419 	80.993828 	124.482933 	21.931713 	98.600204 	52.497620 	17.888544 	77.369247 	15.620500 	83.725746 	122.576508 	84.970581 	20.099751 	85.866173 	48.166378 	50.249378 	81.939003 	21.213203 	
16.278820 	114.284729 	62.968246 	101.533249 	126.479248 	94.921021 	98.351410 	121.210564 	58.008621 	101.118744 	2.828427 	999.000000 	4.123106 	28.231188 	61.854668 	87.200920 	90.426765 	22.561028 	94.260277 	107.480232 	37.161808 	122.674362 	2.828427 	61.400326 	6.082763 	14.212670 	88.814415 	18.000000 	39.849716 	109.713264 	59.933296 	118.793938 	107.712578 	83.761566 	127.310646 	19.104973 	101.400200 	55.027267 	18.973665 	80.062477 	15.620500 	86.452301 	125.399361 	87.658424 	18.439089 	88.549423 	50.358715 	52.469040 	84.581322 	19.646883 	
15.033297 	111.220505 	59.396969 	98.234413 	123.490891 	91.547798 	94.921021 	118.004234 	54.203320 	97.621719 	2.236068 	4.123106 	999.000000 	24.166092 	58.830265 	84.053551 	87.200920 	26.683329 	90.609047 	103.966339 	33.105892 	119.331474 	3.605551 	57.454330 	8.602325 	18.027756 	85.000000 	14.035668 	35.735138 	106.103722 	55.901699 	115.277924 	104.062485 	79.881165 	123.842644 	22.671568 	97.616600 	50.921509 	15.652476 	76.059189 	13.601471 	82.492424 	121.753853 	83.648071 	19.000000 	84.534019 	46.270943 	48.373547 	80.529495 	20.024984 	
23.537205 	91.706055 	37.735924 	77.524193 	104.278473 	70.491135 	73.498299 	97.616600 	31.144823 	75.802376 	25.632011 	28.231188 	24.166092 	999.000000 	41.000000 	64.474800 	67.082039 	50.596443 	68.014702 	82.006096 	8.944272 	98.183502 	27.294687 	33.600594 	31.906113 	42.059483 	61.619801 	13.601471 	12.041595 	83.630135 	31.764761 	93.236259 	81.394104 	56.222771 	102.004898 	46.324940 	74.330345 	26.925823 	18.788294 	51.971146 	25.238859 	58.523499 	99.035347 	59.539902 	36.400551 	60.415230 	24.515301 	26.305893 	56.364883 	36.619667 	
47.423622 	52.430908 	13.601471 	40.360870 	64.660652 	34.409302 	38.275318 	59.548298 	20.808653 	41.677334 	59.076221 	61.854668 	58.830265 	41.000000 	999.000000 	25.495098 	29.000000 	79.906197 	37.643059 	48.020828 	36.013885 	61.554855 	62.433964 	26.907248 	67.416618 	75.604233 	37.013512 	53.758720 	39.115215 	51.429562 	31.400637 	59.076221 	50.159744 	35.355339 	67.007462 	80.802231 	47.074409 	37.121422 	59.481091 	38.626415 	65.192024 	40.792156 	67.119293 	44.384682 	75.643906 	45.354160 	47.434166 	47.169907 	44.944408 	76.157730 	
72.917763 	27.294687 	27.658634 	15.264338 	39.812057 	11.045361 	15.132746 	34.058773 	36.345562 	19.104973 	84.403793 	87.200920 	84.053551 	64.474800 	25.495098 	999.000000 	4.123106 	105.361282 	20.615528 	24.738634 	57.870544 	36.235340 	87.658424 	39.012817 	92.655273 	101.044548 	26.907248 	77.820305 	59.665737 	29.274563 	44.045429 	34.928497 	29.017237 	30.000000 	42.190044 	106.212051 	30.364452 	52.000000 	83.258636 	38.078865 	89.442719 	35.468296 	43.965897 	39.698868 	100.239716 	40.360870 	64.031242 	63.000000 	43.011627 	100.647903 	
76.380623 	24.698177 	29.732138 	11.401754 	37.336308 	7.000000 	11.045361 	30.805843 	38.078865 	15.033297 	87.618492 	90.426765 	87.200920 	67.082039 	29.000000 	4.123106 	999.000000 	108.903625 	17.492855 	20.615528 	60.166435 	32.557640 	90.801979 	40.112343 	95.801880 	104.350372 	24.839485 	80.529495 	61.684681 	25.179358 	45.044422 	30.870699 	25.000000 	28.653097 	38.275318 	109.480591 	26.925823 	53.150730 	85.866173 	37.161808 	92.179176 	33.837849 	39.849716 	38.013157 	103.077644 	38.600517 	65.276337 	64.124878 	41.677334 	103.445641 	
32.649654 	131.795303 	83.234612 	120.241425 	143.533966 	114.021927 	117.686020 	139.344894 	79.259071 	120.739388 	25.000000 	22.561028 	26.683329 	50.596443 	79.906197 	105.361282 	108.903625 	999.000000 	114.621117 	127.141655 	59.464275 	141.449631 	24.186773 	83.192551 	21.023796 	11.704700 	109.931801 	40.311287 	62.361847 	129.807556 	82.079231 	138.408813 	128.003906 	105.190300 	146.659470 	12.727922 	122.331520 	77.491936 	40.012497 	102.044106 	34.365681 	108.226616 	145.602203 	109.658562 	29.068884 	110.571243 	72.835434 	74.966660 	106.775467 	30.413813 	
82.097504 	32.557640 	31.400637 	17.088007 	44.045429 	12.041595 	10.770329 	34.132095 	36.878178 	10.000000 	91.438507 	94.260277 	90.609047 	68.014702 	37.643059 	20.615528 	17.492855 	114.621117 	999.000000 	14.866069 	59.816387 	32.280025 	94.111633 	35.846897 	99.035347 	108.466583 	10.049875 	81.565926 	59.908264 	15.620500 	39.812057 	25.553865 	13.453624 	16.031219 	34.481880 	113.278419 	10.049875 	47.927029 	86.214851 	25.000000 	93.085983 	19.416489 	31.144823 	23.086792 	104.350372 	23.409399 	59.808025 	58.189346 	27.658634 	104.484451 	
94.493385 	21.095022 	44.598206 	11.180340 	30.805843 	13.928389 	9.848858 	20.099751 	51.039200 	6.403124 	104.651802 	107.480232 	103.966339 	82.006096 	48.020828 	24.738634 	20.615528 	127.141655 	14.866069 	999.000000 	74.060783 	17.464249 	107.517441 	50.537113 	112.485558 	121.630585 	24.331051 	95.603348 	74.431175 	5.385165 	54.625999 	11.313708 	7.071068 	30.594116 	20.000000 	126.574089 	15.811388 	62.769421 	100.439034 	39.319206 	107.200745 	33.015148 	19.313208 	36.055511 	118.406082 	36.124783 	74.672615 	73.054771 	41.012192 	118.600166 	
31.016125 	84.864601 	30.463093 	70.213959 	97.498718 	63.063461 	65.863495 	90.338257 	23.021729 	67.955872 	34.539833 	37.161808 	33.105892 	8.944272 	36.013885 	57.870544 	60.166435 	59.464275 	59.816387 	74.060783 	999.000000 	90.553848 	36.235340 	24.839485 	40.816662 	51.000000 	53.037724 	21.931713 	5.000000 	75.432091 	22.825424 	85.211502 	73.109505 	47.507893 	94.047859 	55.226807 	65.764732 	18.248287 	26.400757 	43.046486 	33.301651 	49.648766 	90.686272 	50.606323 	44.598206 	51.478149 	18.357559 	19.697716 	47.423622 	44.687805 	
108.894447 	15.033297 	60.464867 	21.213203 	17.029387 	27.802877 	24.698177 	6.708204 	67.601776 	22.847319 	119.854080 	122.674362 	119.331474 	98.183502 	61.554855 	36.235340 	32.557640 	141.449631 	32.280025 	17.464249 	90.553848 	999.000000 	122.918671 	67.623962 	127.914032 	136.693085 	41.773197 	111.772087 	91.241440 	19.026299 	71.867935 	9.848858 	22.022715 	48.052055 	8.062258 	141.767410 	32.015621 	80.056229 	116.811813 	56.718605 	123.422043 	50.249378 	17.204651 	53.037724 	134.525085 	53.009434 	92.027168 	90.443352 	58.077534 	134.792435 	
18.027756 	114.825958 	62.936478 	101.828285 	127.094452 	95.131485 	98.493652 	121.605919 	57.628117 	101.178062 	4.000000 	2.828427 	3.605551 	27.294687 	62.433964 	87.658424 	90.801979 	24.186773 	94.111633 	107.517441 	36.235340 	122.918671 	999.000000 	60.745369 	5.000000 	14.764823 	88.408142 	16.124516 	38.626415 	109.622078 	59.059292 	118.827606 	107.563934 	83.234612 	127.404869 	19.209373 	101.044548 	53.851646 	16.492422 	79.259071 	12.806249 	85.755463 	125.255737 	86.833176 	16.124516 	87.709747 	48.662102 	50.803543 	83.630135 	17.262676 	
52.201534 	64.132675 	13.892444 	48.507732 	76.687675 	41.231056 	43.324360 	68.308128 	6.708204 	44.777225 	58.668560 	61.400326 	57.454330 	33.600594 	26.907248 	39.012817 	40.112343 	83.192551 	35.846897 	50.537113 	24.839485 	67.623962 	60.745369 	999.000000 	65.459915 	75.471848 	28.319605 	46.754681 	24.207438 	51.312767 	5.099020 	61.400326 	48.826221 	22.671568 	70.327805 	79.881165 	41.036568 	13.038404 	50.931328 	18.973665 	57.982758 	25.059929 	66.219330 	26.570660 	69.296463 	27.513634 	25.179358 	24.020824 	24.331051 	69.310890 	
22.360680 	119.816528 	67.896980 	106.826965 	132.075729 	100.124924 	103.479469 	126.605690 	62.481998 	106.150833 	8.544003 	6.082763 	8.602325 	31.906113 	67.416618 	92.655273 	95.801880 	21.023796 	99.035347 	112.485558 	40.816662 	127.914032 	5.000000 	65.459915 	999.000000 	10.440307 	93.236259 	19.924858 	42.953465 	114.560028 	63.631752 	123.794182 	112.485558 	88.005684 	132.382019 	14.422205 	105.891457 	58.180752 	19.000000 	83.862984 	13.601471 	90.426765 	130.176804 	91.416626 	13.000000 	92.282173 	52.392746 	54.571056 	88.119240 	14.317822 	
28.653097 	128.003906 	77.155685 	115.520561 	140.089264 	108.977058 	112.449989 	135.092560 	72.201111 	115.260574 	17.029387 	14.212670 	18.027756 	42.059483 	75.604233 	101.044548 	104.350372 	11.704700 	108.466583 	121.630585 	51.000000 	136.693085 	14.764823 	75.471848 	10.440307 	999.000000 	103.004852 	30.364452 	53.310413 	123.907227 	73.824112 	132.943604 	121.918007 	97.908119 	141.428421 	5.385165 	115.602768 	68.541962 	29.154760 	94.021271 	23.021729 	100.498756 	139.603012 	101.597244 	17.492855 	102.474388 	62.817196 	65.000000 	98.386993 	18.867962 	
77.826729 	42.579338 	27.513634 	26.925823 	54.083271 	21.023796 	20.615528 	44.045429 	30.805843 	20.024984 	86.023254 	88.814415 	85.000000 	61.619801 	37.013512 	26.907248 	24.839485 	109.931801 	10.049875 	24.331051 	53.037724 	41.773197 	88.408142 	28.319605 	93.236259 	103.004852 	999.000000 	74.966660 	52.497620 	23.769728 	31.622776 	34.176014 	21.023796 	6.324555 	43.081318 	107.615051 	12.727922 	39.446167 	79.246452 	15.033297 	86.278618 	9.486833 	38.013157 	13.416408 	97.590981 	13.892444 	50.990196 	49.244289 	17.720045 	97.621719 	
21.931713 	105.095192 	51.312767 	91.065910 	117.630775 	84.059502 	87.091904 	111.139549 	44.687805 	89.403580 	16.124516 	18.000000 	14.035668 	13.601471 	53.758720 	77.820305 	80.529495 	40.311287 	81.565926 	95.603348 	21.931713 	111.772087 	16.124516 	46.754681 	19.924858 	30.364452 	74.966660 	999.000000 	23.323807 	97.185387 	44.407207 	106.826965 	94.921021 	69.426216 	115.602768 	34.014702 	87.692642 	38.470768 	6.000000 	64.637451 	11.661903 	71.400284 	112.538879 	72.111023 	22.803509 	72.945183 	32.557640 	34.713108 	68.600288 	23.021729 	
35.227829 	86.330757 	32.015621 	71.309189 	98.979797 	64.078079 	66.640831 	91.389275 	23.769728 	68.476273 	37.363083 	39.849716 	35.735138 	12.041595 	39.115215 	59.665737 	61.684681 	62.361847 	59.908264 	74.431175 	5.000000 	91.241440 	38.626415 	24.207438 	42.953465 	53.310413 	52.497620 	23.323807 	999.000000 	75.451973 	21.260292 	85.440041 	73.006851 	46.690472 	94.339813 	57.245087 	65.192024 	15.231546 	26.907248 	41.400482 	34.058773 	48.270073 	90.426765 	48.826221 	45.343136 	49.648766 	13.416408 	14.866069 	45.276924 	45.276924 	
97.200821 	25.612497 	46.754681 	16.492422 	34.176014 	18.248287 	14.142136 	23.086792 	52.497620 	10.198039 	106.887794 	109.713264 	106.103722 	83.630135 	51.429562 	29.274563 	25.179358 	129.807556 	15.620500 	5.385165 	75.432091 	19.026299 	109.622078 	51.312767 	114.560028 	123.907227 	23.769728 	97.185387 	75.451973 	999.000000 	55.072678 	10.440307 	3.000000 	30.083218 	19.313208 	128.763351 	13.000000 	63.063461 	101.828285 	38.327538 	108.706024 	31.575306 	15.811388 	34.132095 	119.970833 	34.058773 	74.732857 	73.006851 	39.204590 	120.104118 	
51.971146 	68.883957 	18.788294 	53.150730 	81.394104 	45.891174 	47.801674 	72.801102 	10.630146 	49.040798 	57.271286 	59.933296 	55.901699 	31.764761 	31.400637 	44.045429 	45.044422 	82.079231 	39.812057 	54.625999 	22.825424 	71.867935 	59.059292 	5.099020 	63.631752 	73.824112 	31.622776 	44.407207 	21.260292 	55.072678 	999.000000 	65.299309 	52.478565 	25.612497 	74.242844 	78.032043 	44.204071 	8.246211 	48.166378 	20.248457 	55.317268 	27.018513 	69.634758 	27.784887 	66.603302 	28.653097 	20.396078 	19.104973 	24.698177 	66.528191 	
105.759163 	21.470911 	55.901699 	19.924858 	26.627054 	24.698177 	20.808653 	15.620500 	62.201286 	17.691807 	115.965515 	118.793938 	115.277924 	93.236259 	59.076221 	34.928497 	30.870699 	138.408813 	25.553865 	11.313708 	85.211502 	9.848858 	118.827606 	61.400326 	123.794182 	132.943604 	34.176014 	106.826965 	85.440041 	10.440307 	65.299309 	999.000000 	13.341664 	40.496914 	8.944272 	137.887634 	23.194826 	73.348480 	111.606453 	48.764740 	118.406082 	41.976185 	10.049875 	44.407207 	129.630249 	44.283180 	85.088188 	83.384651 	49.497475 	129.807556 	
95.441078 	28.017851 	44.821869 	17.464249 	37.000000 	18.000000 	14.035668 	25.961510 	50.249378 	10.049875 	104.890419 	107.712578 	104.062485 	81.394104 	50.159744 	29.017237 	25.000000 	128.003906 	13.453624 	7.071068 	73.109505 	22.022715 	107.563934 	48.826221 	112.485558 	121.918007 	21.023796 	94.921021 	73.006851 	3.000000 	52.478565 	13.341664 	999.000000 	27.313000 	22.135944 	126.732002 	10.000000 	60.415230 	99.488693 	35.440090 	106.404884 	28.635643 	17.691807 	31.144823 	117.686020 	31.064449 	72.013885 	70.263786 	36.221542 	117.796432 	
73.409805 	48.259712 	24.186773 	32.388271 	60.008331 	25.961510 	26.172504 	50.159744 	25.942244 	26.019224 	80.993828 	83.761566 	79.881165 	56.222771 	35.355339 	30.000000 	28.653097 	105.190300 	16.031219 	30.594116 	47.507893 	48.052055 	83.234612 	22.671568 	88.005684 	97.908119 	6.324555 	69.426216 	46.690472 	30.083218 	25.612497 	40.496914 	27.313000 	999.000000 	49.396355 	102.415817 	18.601076 	33.286633 	73.539108 	9.055386 	80.622574 	5.830952 	44.102154 	10.000000 	91.934761 	10.816654 	44.721359 	42.953465 	13.038404 	91.923882 	
114.021927 	23.086792 	64.536812 	26.925823 	23.600847 	32.649654 	29.000000 	14.560220 	71.028160 	26.248810 	124.482933 	127.310646 	123.842644 	102.004898 	67.007462 	42.190044 	38.275318 	146.659470 	34.481880 	20.000000 	94.047859 	8.062258 	127.404869 	70.327805 	132.382019 	141.428421 	43.081318 	115.602768 	94.339813 	19.313208 	74.242844 	8.944272 	22.135944 	49.396355 	999.000000 	146.413803 	31.780497 	82.292160 	120.432556 	57.567352 	127.200630 	50.695168 	10.816654 	52.952808 	138.405197 	52.773098 	94.021271 	92.309265 	58.051701 	138.600143 	
34.000000 	133.221619 	82.036575 	120.615089 	145.340973 	114.021927 	117.456375 	140.246216 	76.837494 	120.216469 	21.931713 	19.104973 	22.671568 	46.324940 	80.802231 	106.212051 	109.480591 	12.727922 	113.278419 	126.574089 	55.226807 	141.767410 	19.209373 	79.881165 	14.422205 	5.385165 	107.615051 	34.014702 	57.245087 	128.763351 	78.032043 	137.887634 	126.732002 	102.415817 	146.413803 	999.000000 	120.253899 	72.449982 	32.015621 	98.270035 	25.317978 	104.847511 	144.422989 	105.815880 	17.464249 	106.677086 	66.098412 	68.308128 	102.474388 	18.681541 	
90.049988 	36.674240 	39.357338 	23.345236 	46.572525 	20.591261 	17.804493 	35.693138 	43.416588 	14.866069 	98.600204 	101.400200 	97.616600 	74.330345 	47.074409 	30.364452 	26.925823 	122.331520 	10.049875 	15.811388 	65.764732 	32.015621 	101.044548 	41.036568 	105.891457 	115.602768 	12.727922 	87.692642 	65.192024 	13.000000 	44.204071 	23.194826 	10.000000 	18.601076 	31.780497 	120.253899 	999.000000 	51.865211 	91.967384 	26.000000 	99.005051 	18.973665 	25.553865 	21.213203 	110.317726 	21.095022 	63.134777 	61.294373 	26.305893 	110.344917 	
49.040798 	77.103828 	25.709921 	61.392181 	89.627007 	54.129475 	56.044624 	81.043198 	16.763054 	57.245087 	52.497620 	55.027267 	50.921509 	26.925823 	37.121422 	52.000000 	53.150730 	77.491936 	47.927029 	62.769421 	18.248287 	80.056229 	53.851646 	13.038404 	58.180752 	68.541962 	39.446167 	38.470768 	15.231546 	63.063461 	8.246211 	73.348480 	60.415230 	33.286633 	82.292160 	72.449982 	51.865211 	999.000000 	41.617306 	26.870058 	48.826221 	33.970577 	77.388626 	34.058773 	60.000000 	34.828148 	12.165525 	11.000000 	30.232433 	59.816387 	
26.627054 	110.494347 	56.435802 	96.254868 	123.065025 	89.185204 	92.114059 	116.361504 	49.406479 	94.302704 	17.888544 	18.973665 	15.652476 	18.788294 	59.481091 	83.258636 	85.866173 	40.012497 	86.214851 	100.439034 	26.400757 	116.811813 	16.492422 	50.931328 	19.000000 	29.154760 	79.246452 	6.000000 	26.907248 	101.828285 	48.166378 	111.606453 	99.488693 	73.539108 	120.432556 	32.015621 	91.967384 	41.617306 	999.000000 	68.249542 	7.211102 	75.166481 	117.034180 	75.604233 	18.439089 	76.400261 	34.176014 	36.400551 	71.847061 	18.384777 	
71.168816 	57.314919 	25.709921 	41.436699 	69.028976 	34.928497 	35.227829 	59.076221 	24.186773 	35.000000 	77.369247 	80.062477 	76.059189 	51.971146 	38.626415 	38.078865 	37.161808 	102.044106 	25.000000 	39.319206 	43.046486 	56.718605 	79.259071 	18.973665 	83.862984 	94.021271 	15.033297 	64.637451 	41.400482 	38.327538 	20.248457 	48.764740 	35.440090 	9.055386 	57.567352 	98.270035 	26.000000 	26.870058 	68.249542 	999.000000 	75.432091 	7.211102 	51.429562 	7.615773 	86.683334 	8.544003 	37.443291 	35.510563 	6.324555 	86.556343 	
27.513634 	116.726173 	62.968246 	102.727798 	129.247818 	95.718338 	98.737022 	122.800652 	56.222771 	101.019798 	15.620500 	15.620500 	13.601471 	25.238859 	65.192024 	89.442719 	92.179176 	34.365681 	93.085983 	107.200745 	33.301651 	123.422043 	12.806249 	57.982758 	13.601471 	23.021729 	86.278618 	11.661903 	34.058773 	108.706024 	55.317268 	118.406082 	106.404884 	80.622574 	127.200630 	25.317978 	99.005051 	48.826221 	7.211102 	75.432091 	999.000000 	82.328613 	123.987900 	82.800964 	11.313708 	83.600243 	41.231056 	43.462627 	79.056938 	11.401754 	
76.896034 	51.971146 	29.000000 	36.400551 	63.285069 	30.463093 	30.083218 	53.009434 	29.410883 	29.274563 	83.725746 	86.452301 	82.492424 	58.523499 	40.792156 	35.468296 	33.837849 	108.226616 	19.416489 	33.015148 	49.648766 	50.249378 	85.755463 	25.059929 	90.426765 	100.498756 	9.486833 	71.400284 	48.270073 	31.575306 	27.018513 	41.976185 	28.635643 	5.830952 	50.695168 	104.847511 	18.973665 	33.970577 	75.166481 	7.211102 	82.328613 	999.000000 	44.283180 	4.242640 	93.605553 	5.000000 	44.654228 	42.720020 	8.246211 	93.509361 	
113.004425 	31.016125 	62.481998 	29.427877 	33.970577 	33.241539 	29.154760 	23.853722 	67.896980 	25.495098 	122.576508 	125.399361 	121.753853 	99.035347 	67.119293 	43.965897 	39.849716 	145.602203 	31.144823 	19.313208 	90.686272 	17.204651 	125.255737 	66.219330 	130.176804 	139.603012 	38.013157 	112.538879 	90.426765 	15.811388 	69.634758 	10.049875 	17.691807 	44.102154 	10.816654 	144.422989 	25.553865 	77.388626 	117.034180 	51.429562 	123.987900 	44.283180 	999.000000 	45.880280 	135.281189 	45.541191 	88.684837 	86.833176 	50.921509 	135.369858 	
78.746429 	55.542778 	32.140316 	40.162170 	66.610809 	34.438351 	33.837849 	56.142673 	31.575306 	32.756680 	84.970581 	87.658424 	83.648071 	59.539902 	44.384682 	39.698868 	38.013157 	109.658562 	23.086792 	36.055511 	50.606323 	53.037724 	86.833176 	26.570660 	91.416626 	101.597244 	13.416408 	72.111023 	48.826221 	34.132095 	27.784887 	44.407207 	31.144823 	10.000000 	52.952808 	105.815880 	21.213203 	34.058773 	75.604233 	7.615773 	82.800964 	4.242640 	45.880280 	999.000000 	94.021271 	1.000000 	44.045429 	42.011902 	5.099020 	93.861603 	
34.014702 	127.534309 	74.060783 	113.740936 	140.003571 	106.780151 	109.859001 	133.775925 	67.475922 	112.200714 	20.099751 	18.439089 	19.000000 	36.400551 	75.643906 	100.239716 	103.077644 	29.068884 	104.350372 	118.406082 	44.598206 	134.525085 	16.124516 	69.296463 	13.000000 	17.492855 	97.590981 	22.803509 	45.343136 	119.970833 	66.603302 	129.630249 	117.686020 	91.934761 	138.405197 	17.464249 	110.317726 	60.000000 	18.439089 	86.683334 	11.313708 	93.605553 	135.281189 	94.021271 	999.000000 	94.810333 	51.884487 	54.120235 	90.210861 	1.414214 	
79.699432 	55.785301 	33.136082 	40.496914 	66.753281 	34.885529 	34.176014 	56.222771 	32.557640 	32.984844 	85.866173 	88.549423 	84.534019 	60.415230 	45.354160 	40.360870 	38.600517 	110.571243 	23.409399 	36.124783 	51.478149 	53.009434 	87.709747 	27.513634 	92.282173 	102.474388 	13.892444 	72.945183 	49.648766 	34.058773 	28.653097 	44.283180 	31.064449 	10.816654 	52.773098 	106.677086 	21.095022 	34.828148 	76.400261 	8.544003 	83.600243 	5.000000 	45.541191 	1.000000 	94.810333 	999.000000 	44.687805 	42.638012 	5.385165 	94.641426 	
48.052055 	89.269257 	37.215588 	73.545906 	101.788994 	66.287254 	68.154236 	93.145050 	28.160255 	69.260376 	48.166378 	50.358715 	46.270943 	24.515301 	47.434166 	64.031242 	65.276337 	72.835434 	59.808025 	74.672615 	18.357559 	92.027168 	48.662102 	25.179358 	52.392746 	62.817196 	50.990196 	32.557640 	13.416408 	74.732857 	20.396078 	85.088188 	72.013885 	44.721359 	94.021271 	66.098412 	63.134777 	12.165525 	34.176014 	37.443291 	41.231056 	44.654228 	88.684837 	44.045429 	51.884487 	44.687805 	999.000000 	2.236068 	39.623226 	51.478149 	
49.819675 	87.965904 	36.496574 	72.180328 	100.448990 	64.938431 	66.708321 	91.678787 	27.459061 	67.720009 	50.249378 	52.469040 	48.373547 	26.305893 	47.169907 	63.000000 	64.124878 	74.966660 	58.189346 	73.054771 	19.697716 	90.443352 	50.803543 	24.020824 	54.571056 	65.000000 	49.244289 	34.713108 	14.866069 	73.006851 	19.104973 	83.384651 	70.263786 	42.953465 	92.309265 	68.308128 	61.294373 	11.000000 	36.400551 	35.510563 	43.462627 	42.720020 	86.833176 	42.011902 	54.120235 	42.638012 	2.236068 	999.000000 	37.536648 	53.712196 	
76.400261 	60.207973 	32.015621 	44.643028 	71.449280 	38.626415 	38.327538 	61.073727 	30.016663 	37.483330 	81.939003 	84.581322 	80.529495 	56.364883 	44.944408 	43.011627 	41.677334 	106.775467 	27.658634 	41.012192 	47.423622 	58.077534 	83.630135 	24.331051 	88.119240 	98.386993 	17.720045 	68.600288 	45.276924 	39.204590 	24.698177 	49.497475 	36.221542 	13.038404 	58.051701 	102.474388 	26.305893 	30.232433 	71.847061 	6.324555 	79.056938 	8.246211 	50.921509 	5.099020 	90.210861 	5.385165 	39.623226 	37.536648 	999.000000 	90.000000 	
35.057095 	127.941391 	74.330345 	114.057007 	140.431473 	107.070068 	110.113579 	134.111893 	67.623962 	112.414413 	21.213203 	19.646883 	20.024984 	36.619667 	76.157730 	100.647903 	103.445641 	30.413813 	104.484451 	118.600166 	44.687805 	134.792435 	17.262676 	69.310890 	14.317822 	18.867962 	97.621719 	23.021729 	45.276924 	120.104118 	66.528191 	129.807556 	117.796432 	91.923882 	138.600143 	18.681541 	110.344917 	59.816387 	18.384777 	86.556343 	11.401754 	93.509361 	135.369858 	93.861603 	1.414214 	94.641426 	51.478149 	53.712196 	90.000000 	999.000000 	

Travel time:
9.000000 	2.490984 	1.269350 	2.192031 	2.790161 	2.034853 	2.126029 	2.674065 	1.188486 	2.202271 	0.350892 	0.406971 	0.375832 	0.588430 	1.185591 	1.822944 	1.909516 	0.816241 	2.052438 	2.362335 	0.775403 	2.722361 	0.450694 	1.305038 	0.559017 	0.716327 	1.945668 	0.548293 	0.880696 	2.430021 	1.299279 	2.643979 	2.386027 	1.835245 	2.850548 	0.850000 	2.251250 	1.226020 	0.665676 	1.779220 	0.687841 	1.922401 	2.825111 	1.968661 	0.850368 	1.992486 	1.201301 	1.245492 	1.910007 	0.876427 	
2.490984 	9.000000 	1.360606 	0.400000 	0.316228 	0.577170 	0.552268 	0.230489 	1.566046 	0.570088 	2.787584 	2.857118 	2.780513 	2.292651 	1.310773 	0.682367 	0.617454 	3.294883 	0.813941 	0.527376 	2.121615 	0.375832 	2.870649 	1.603317 	2.995413 	3.200098 	1.064483 	2.627380 	2.158269 	0.640312 	1.722099 	0.536773 	0.700446 	1.206493 	0.577170 	3.330540 	0.916856 	1.927596 	2.762359 	1.432873 	2.918154 	1.299279 	0.775403 	1.388569 	3.188358 	1.394633 	2.231731 	2.199148 	1.505199 	3.198535 	
1.269350 	1.360606 	9.000000 	0.995615 	1.676678 	0.818917 	0.895126 	1.498541 	0.226385 	0.957209 	1.503537 	1.574206 	1.484924 	0.943398 	0.340037 	0.691466 	0.743303 	2.080865 	0.785016 	1.114955 	0.761577 	1.511622 	1.573412 	0.347311 	1.697425 	1.928892 	0.687841 	1.282819 	0.800391 	1.168867 	0.469707 	1.397542 	1.120547 	0.604669 	1.613420 	2.050914 	0.983933 	0.642748 	1.410895 	0.642748 	1.574206 	0.725000 	1.562050 	0.803508 	1.851520 	0.828402 	0.930390 	0.912414 	0.800391 	1.858259 	
2.192031 	0.400000 	0.995615 	9.000000 	0.707107 	0.182003 	0.158114 	0.503115 	1.188486 	0.212132 	2.467919 	2.538331 	2.455860 	1.938105 	1.009022 	0.381608 	0.285044 	3.006036 	0.427200 	0.279509 	1.755349 	0.530330 	2.545707 	1.212693 	2.670674 	2.888014 	0.673146 	2.276648 	1.782730 	0.412311 	1.328768 	0.498121 	0.436606 	0.809707 	0.673146 	3.015377 	0.583631 	1.534805 	2.406372 	1.035918 	2.568195 	0.910014 	0.735697 	1.004054 	2.843524 	1.012423 	1.838648 	1.804508 	1.116076 	2.851425 	
2.790161 	0.316228 	1.676678 	0.707107 	9.000000 	0.887764 	0.851469 	0.279509 	1.882153 	0.851469 	3.092834 	3.161981 	3.087272 	2.606962 	1.616516 	0.995301 	0.933408 	3.588349 	1.101136 	0.770146 	2.437468 	0.425735 	3.177361 	1.917192 	3.301893 	3.502232 	1.352082 	2.940769 	2.474495 	0.854400 	2.034853 	0.665676 	0.925000 	1.500208 	0.590021 	3.633524 	1.164313 	2.240675 	3.076626 	1.725724 	3.231195 	1.582127 	0.849264 	1.665270 	3.500089 	1.668832 	2.544725 	2.511225 	1.786232 	3.510787 	
2.034853 	0.577170 	0.818917 	0.182003 	0.887764 	9.000000 	0.103078 	0.682825 	1.007782 	0.201556 	2.302444 	2.373025 	2.288695 	1.762278 	0.860233 	0.276134 	0.175000 	2.850548 	0.301040 	0.348210 	1.576586 	0.695072 	2.378287 	1.030776 	2.503123 	2.724427 	0.525595 	2.101488 	1.601952 	0.456207 	1.147279 	0.617454 	0.450000 	0.649038 	0.816241 	2.850548 	0.514782 	1.353237 	2.229630 	0.873212 	2.392958 	0.761577 	0.831038 	0.860959 	2.669504 	0.872138 	1.657181 	1.623461 	0.965660 	2.676752 	
2.126029 	0.552268 	0.895126 	0.158114 	0.851469 	0.103078 	9.000000 	0.625000 	1.073546 	0.100000 	2.388122 	2.458785 	2.373025 	1.837457 	0.956883 	0.378319 	0.276134 	2.942151 	0.269258 	0.246221 	1.646587 	0.617454 	2.462341 	1.083109 	2.586987 	2.811250 	0.515388 	2.177298 	1.666021 	0.353553 	1.195042 	0.520216 	0.350892 	0.654313 	0.725000 	2.936409 	0.445112 	1.401116 	2.302851 	0.880696 	2.468426 	0.752080 	0.728869 	0.845946 	2.746475 	0.854400 	1.703856 	1.667708 	0.958188 	2.752840 	
2.674065 	0.230489 	1.498541 	0.503115 	0.279509 	0.682825 	0.625000 	9.000000 	1.690599 	0.604669 	2.960152 	3.030264 	2.950106 	2.440415 	1.488707 	0.851469 	0.770146 	3.483622 	0.853302 	0.502494 	2.258456 	0.167705 	3.040148 	1.707703 	3.165142 	3.377314 	1.101136 	2.778489 	2.284732 	0.577170 	1.820028 	0.390512 	0.649038 	1.253994 	0.364006 	3.506155 	0.892328 	2.026080 	2.909038 	1.476906 	3.070016 	1.325236 	0.596343 	1.403567 	3.344398 	1.405569 	2.328626 	2.291970 	1.526843 	3.352797 	
1.188486 	1.566046 	0.226385 	1.188486 	1.882153 	1.007782 	1.073546 	1.690599 	9.000000 	1.123610 	1.380444 	1.450216 	1.355083 	0.778621 	0.520216 	0.908639 	0.951972 	1.981477 	0.921954 	1.275980 	0.575543 	1.690044 	1.440703 	0.167705 	1.562050 	1.805028 	0.770146 	1.117195 	0.594243 	1.312441 	0.265754 	1.555032 	1.256234 	0.648556 	1.775704 	1.920937 	1.085415 	0.419076 	1.235162 	0.604669 	1.405569 	0.735272 	1.697425 	0.789383 	1.686898 	0.813941 	0.704006 	0.686477 	0.750417 	1.690599 	
2.202271 	0.570088 	0.957209 	0.212132 	0.851469 	0.201556 	0.100000 	0.604669 	1.123610 	9.000000 	2.457260 	2.527969 	2.440543 	1.895059 	1.041933 	0.477624 	0.375832 	3.018485 	0.250000 	0.160078 	1.698897 	0.571183 	2.529452 	1.119431 	2.653771 	2.881514 	0.500625 	2.235090 	1.711907 	0.254951 	1.226020 	0.442295 	0.251247 	0.650481 	0.656220 	3.005412 	0.371652 	1.431127 	2.357568 	0.875000 	2.525495 	0.731864 	0.637377 	0.818917 	2.805018 	0.824621 	1.731509 	1.693000 	0.937083 	2.810360 	
0.350892 	2.787584 	1.503537 	2.467919 	3.092834 	2.302444 	2.388122 	2.960152 	1.380444 	2.457260 	9.000000 	0.070711 	0.055902 	0.640800 	1.476906 	2.110095 	2.190462 	0.625000 	2.285963 	2.616295 	0.863496 	2.996352 	0.100000 	1.466714 	0.213600 	0.425735 	2.150581 	0.403113 	0.934077 	2.672195 	1.431782 	2.899138 	2.622261 	2.024846 	3.112073 	0.548293 	2.465005 	1.312441 	0.447214 	1.934231 	0.390512 	2.093144 	3.064413 	2.124264 	0.502494 	2.146654 	1.204159 	1.256234 	2.048475 	0.530330 	
0.406971 	2.857118 	1.574206 	2.538331 	3.161981 	2.373025 	2.458785 	3.030264 	1.450216 	2.527969 	0.070711 	9.000000 	0.103078 	0.705780 	1.546367 	2.180023 	2.260669 	0.564026 	2.356507 	2.687006 	0.929045 	3.066859 	0.070711 	1.535008 	0.152069 	0.355317 	2.220360 	0.450000 	0.996243 	2.742832 	1.498332 	2.969848 	2.692814 	2.094039 	3.182766 	0.477624 	2.535005 	1.375682 	0.474342 	2.001562 	0.390512 	2.161308 	3.134984 	2.191461 	0.460977 	2.213736 	1.258968 	1.311726 	2.114533 	0.491172 	
0.375832 	2.780513 	1.484924 	2.455860 	3.087272 	2.288695 	2.373025 	2.950106 	1.355083 	2.440543 	0.055902 	0.103078 	9.000000 	0.604152 	1.470757 	2.101339 	2.180023 	0.667083 	2.265226 	2.599159 	0.827647 	2.983287 	0.090139 	1.436358 	0.215058 	0.450694 	2.125000 	0.350892 	0.893378 	2.652593 	1.397542 	2.881948 	2.601562 	1.997029 	3.096066 	0.566789 	2.440415 	1.273038 	0.391312 	1.901480 	0.340037 	2.062311 	3.043846 	2.091202 	0.475000 	2.113350 	1.156774 	1.209339 	2.013237 	0.500625 	
0.588430 	2.292651 	0.943398 	1.938105 	2.606962 	1.762278 	1.837457 	2.440415 	0.778621 	1.895059 	0.640800 	0.705780 	0.604152 	9.000000 	1.025000 	1.611870 	1.677051 	1.264911 	1.700368 	2.050152 	0.223607 	2.454587 	0.682367 	0.840015 	0.797653 	1.051487 	1.540495 	0.340037 	0.301040 	2.090753 	0.794119 	2.330906 	2.034853 	1.405569 	2.550122 	1.158123 	1.858259 	0.673146 	0.469707 	1.299279 	0.630971 	1.463087 	2.475884 	1.488497 	0.910014 	1.510381 	0.612882 	0.657647 	1.409122 	0.915492 	
1.185591 	1.310773 	0.340037 	1.009022 	1.616516 	0.860233 	0.956883 	1.488707 	0.520216 	1.041933 	1.476906 	1.546367 	1.470757 	1.025000 	9.000000 	0.637377 	0.725000 	1.997655 	0.941076 	1.200521 	0.900347 	1.538871 	1.560849 	0.672681 	1.685416 	1.890106 	0.925338 	1.343968 	0.977880 	1.285739 	0.785016 	1.476906 	1.253994 	0.883883 	1.675187 	2.020056 	1.176860 	0.928036 	1.487027 	0.965660 	1.629801 	1.019804 	1.677982 	1.109617 	1.891098 	1.133854 	1.185854 	1.179248 	1.123610 	1.903943 	
1.822944 	0.682367 	0.691466 	0.381608 	0.995301 	0.276134 	0.378319 	0.851469 	0.908639 	0.477624 	2.110095 	2.180023 	2.101339 	1.611870 	0.637377 	9.000000 	0.103078 	2.634032 	0.515388 	0.618466 	1.446764 	0.905883 	2.191461 	0.975320 	2.316382 	2.526114 	0.672681 	1.945508 	1.491643 	0.731864 	1.101136 	0.873212 	0.725431 	0.750000 	1.054751 	2.655301 	0.759111 	1.300000 	2.081466 	0.951972 	2.236068 	0.886707 	1.099147 	0.992472 	2.505993 	1.009022 	1.600781 	1.575000 	1.075291 	2.516198 	
1.909516 	0.617454 	0.743303 	0.285044 	0.933408 	0.175000 	0.276134 	0.770146 	0.951972 	0.375832 	2.190462 	2.260669 	2.180023 	1.677051 	0.725000 	0.103078 	9.000000 	2.722591 	0.437321 	0.515388 	1.504161 	0.813941 	2.270050 	1.002809 	2.395047 	2.608759 	0.620987 	2.013237 	1.542117 	0.629484 	1.126111 	0.771767 	0.625000 	0.716327 	0.956883 	2.737015 	0.673146 	1.328768 	2.146654 	0.929045 	2.304479 	0.845946 	0.996243 	0.950329 	2.576941 	0.965013 	1.631908 	1.603122 	1.041933 	2.586141 	
0.816241 	3.294883 	2.080865 	3.006036 	3.588349 	2.850548 	2.942151 	3.483622 	1.981477 	3.018485 	0.625000 	0.564026 	0.667083 	1.264911 	1.997655 	2.634032 	2.722591 	9.000000 	2.865528 	3.178541 	1.486607 	3.536241 	0.604669 	2.079814 	0.525595 	0.292617 	2.748295 	1.007782 	1.559046 	3.245189 	2.051981 	3.460220 	3.200098 	2.629757 	3.666487 	0.318198 	3.058288 	1.937298 	1.000312 	2.551103 	0.859142 	2.705665 	3.640055 	2.741464 	0.726722 	2.764281 	1.820886 	1.874166 	2.669387 	0.760345 	
2.052438 	0.813941 	0.785016 	0.427200 	1.101136 	0.301040 	0.269258 	0.853302 	0.921954 	0.250000 	2.285963 	2.356507 	2.265226 	1.700368 	0.941076 	0.515388 	0.437321 	2.865528 	9.000000 	0.371652 	1.495410 	0.807001 	2.352791 	0.896172 	2.475884 	2.711665 	0.251247 	2.039148 	1.497707 	0.390512 	0.995301 	0.638847 	0.336341 	0.400780 	0.862047 	2.831960 	0.251247 	1.198176 	2.155371 	0.625000 	2.327150 	0.485412 	0.778621 	0.577170 	2.608759 	0.585235 	1.495201 	1.454734 	0.691466 	2.612111 	
2.362335 	0.527376 	1.114955 	0.279509 	0.770146 	0.348210 	0.246221 	0.502494 	1.275980 	0.160078 	2.616295 	2.687006 	2.599159 	2.050152 	1.200521 	0.618466 	0.515388 	3.178541 	0.371652 	9.000000 	1.851520 	0.436606 	2.687936 	1.263428 	2.812139 	3.040765 	0.608276 	2.390084 	1.860779 	0.134629 	1.365650 	0.282843 	0.176777 	0.764853 	0.500000 	3.164352 	0.395285 	1.569236 	2.510976 	0.982980 	2.680019 	0.825379 	0.482830 	0.901388 	2.960152 	0.903120 	1.866815 	1.826369 	1.025305 	2.965004 	
0.775403 	2.121615 	0.761577 	1.755349 	2.437468 	1.576586 	1.646587 	2.258456 	0.575543 	1.698897 	0.863496 	0.929045 	0.827647 	0.223607 	0.900347 	1.446764 	1.504161 	1.486607 	1.495410 	1.851520 	9.000000 	2.263846 	0.905883 	0.620987 	1.020416 	1.275000 	1.325943 	0.548293 	0.125000 	1.885802 	0.570636 	2.130288 	1.827738 	1.187697 	2.351197 	1.380670 	1.644118 	0.456207 	0.660019 	1.076162 	0.832541 	1.241219 	2.267157 	1.265158 	1.114955 	1.286954 	0.458939 	0.492443 	1.185591 	1.117195 	
2.722361 	0.375832 	1.511622 	0.530330 	0.425735 	0.695072 	0.617454 	0.167705 	1.690044 	0.571183 	2.996352 	3.066859 	2.983287 	2.454587 	1.538871 	0.905883 	0.813941 	3.536241 	0.807001 	0.436606 	2.263846 	9.000000 	3.072967 	1.690599 	3.197851 	3.417327 	1.044330 	2.794302 	2.281036 	0.475657 	1.796698 	0.246221 	0.550568 	1.201301 	0.201556 	3.544185 	0.800391 	2.001406 	2.920295 	1.417965 	3.085551 	1.256234 	0.430116 	1.325943 	3.363127 	1.325236 	2.300679 	2.261084 	1.451938 	3.369811 	
0.450694 	2.870649 	1.573412 	2.545707 	3.177361 	2.378287 	2.462341 	3.040148 	1.440703 	2.529452 	0.100000 	0.070711 	0.090139 	0.682367 	1.560849 	2.191461 	2.270050 	0.604669 	2.352791 	2.687936 	0.905883 	3.072967 	9.000000 	1.518634 	0.125000 	0.369121 	2.210204 	0.403113 	0.965660 	2.740552 	1.476482 	2.970690 	2.689098 	2.080865 	3.185122 	0.480234 	2.526114 	1.346291 	0.412311 	1.981477 	0.320156 	2.143887 	3.131393 	2.170829 	0.403113 	2.192744 	1.216552 	1.270089 	2.090753 	0.431567 	
