Total assets = 511
Number of asset nodes = 34

Distance:
999.000000 	37.202152 	80.622574 	30.463093 	38.470768 	13.341664 	12.649111 	100.568382 	44.821869 	37.000000 	77.620872 	28.071337 	21.587032 	23.769728 	49.162994 	36.013885 	26.019224 	50.000000 	39.597980 	88.090858 	48.836460 	26.925823 	37.483330 	40.024994 	43.416588 	43.566040 	41.976185 	39.217342 	43.174065 	42.449970 	39.924931 	35.355339 	43.324360 	53.084839 	43.657761 	39.051247 	60.074955 	52.773098 	53.758720 	61.131008 	59.413803 	60.299255 	63.071388 	68.066147 	47.434166 	60.827625 	63.639610 	65.375839 	65.490456 	68.359344 	62.625874 	61.326992 	70.576202 	
37.202152 	999.000000 	44.045429 	10.198039 	5.656854 	48.104053 	31.622776 	64.637451 	82.006096 	11.180340 	40.459858 	20.099751 	28.460499 	57.628117 	83.168503 	69.892776 	60.539242 	85.906929 	6.324555 	50.990196 	22.203604 	53.225933 	28.861740 	32.280025 	30.870699 	31.780497 	32.893768 	35.693138 	34.176014 	34.785053 	37.656342 	47.265209 	37.643059 	33.970577 	38.600517 	47.000000 	35.510563 	38.013157 	38.600517 	40.459858 	41.012192 	41.036568 	41.400482 	42.485291 	49.819675 	43.863426 	45.276924 	45.453274 	46.097721 	47.801674 	51.865211 	53.712196 	59.203041 	
80.622574 	44.045429 	999.000000 	53.254108 	44.944408 	92.097771 	75.604233 	21.023796 	125.319588 	49.648766 	8.544003 	61.773781 	71.344238 	101.671036 	122.674362 	109.931801 	101.513542 	127.027557 	41.036568 	10.000000 	48.052055 	96.566040 	65.459915 	67.720009 	63.788715 	64.761101 	67.186310 	72.124893 	67.911705 	69.123077 	74.040527 	87.464279 	72.034714 	59.211487 	73.006851 	85.702972 	53.037724 	65.276337 	65.192024 	60.074955 	63.007935 	62.032249 	59.211487 	53.935146 	85.146935 	66.030296 	65.192024 	63.387695 	64.381676 	63.788715 	77.006493 	81.024689 	81.394104 	
30.463093 	10.198039 	53.254108 	999.000000 	8.485281 	39.824615 	22.627417 	74.094536 	74.625732 	7.000000 	48.836460 	10.000000 	18.384777 	48.795490 	78.644768 	65.306969 	55.542778 	80.324341 	16.000000 	59.464275 	20.223749 	43.416588 	20.124611 	23.706539 	23.430750 	24.207438 	24.698177 	26.570660 	26.076809 	26.419689 	28.460499 	37.121422 	29.068884 	29.154760 	29.966648 	37.054016 	33.241539 	31.890438 	32.649654 	36.674240 	36.359318 	36.715118 	38.078865 	41.000000 	40.521599 	38.832977 	40.816662 	41.593269 	42.059483 	44.283180 	45.276924 	46.400433 	53.037724 	
38.470768 	5.656854 	44.944408 	8.485281 	999.000000 	48.270073 	31.112698 	65.863495 	82.927681 	6.082763 	40.360870 	17.088007 	26.419689 	57.280014 	85.866173 	72.532753 	62.936478 	88.022728 	11.661903 	50.990196 	16.643316 	51.623638 	24.186773 	27.459061 	25.632011 	26.570660 	27.892651 	31.144823 	29.120440 	29.832869 	33.136082 	43.931767 	32.756680 	28.319605 	33.734257 	43.185646 	30.016663 	32.449963 	33.015148 	34.828148 	35.355339 	35.383614 	35.805027 	37.161808 	45.276924 	38.209946 	39.623226 	39.824615 	40.459858 	42.201897 	46.324940 	48.301140 	53.600372 	
13.341664 	48.104053 	92.097771 	39.824615 	48.270073 	999.000000 	17.492855 	112.445541 	35.341194 	45.486263 	88.413803 	34.438351 	25.298222 	10.440307 	46.872166 	35.114101 	25.942244 	45.011108 	51.400391 	99.005051 	55.542778 	16.401220 	40.607880 	42.190044 	46.529560 	46.389652 	44.181442 	40.000000 	45.099888 	44.045429 	40.049969 	30.463093 	44.011364 	56.885849 	44.045429 	35.114101 	65.000000 	55.145264 	56.142673 	64.629715 	62.289646 	63.387695 	66.753281 	72.780495 	44.271889 	63.071388 	66.121101 	68.264191 	68.183578 	71.253067 	62.514000 	60.207973 	70.035706 	
12.649111 	31.622776 	75.604233 	22.627417 	31.112698 	17.492855 	999.000000 	96.260063 	52.773098 	28.017851 	71.449280 	17.088007 	9.055386 	26.172504 	61.000000 	48.093658 	38.118237 	60.827625 	35.777088 	82.073135 	38.275318 	22.561028 	25.079872 	27.459061 	31.064449 	31.144823 	29.427877 	26.570660 	30.594116 	29.832869 	27.313000 	24.698177 	30.675724 	41.012192 	31.016125 	27.658634 	48.507732 	40.311287 	41.303753 	49.000000 	47.095646 	48.041649 	51.009804 	56.435802 	35.468296 	48.373547 	51.244511 	53.084839 	53.150730 	56.080299 	49.979996 	48.754486 	57.939625 	
100.568382 	64.637451 	21.023796 	74.094536 	65.863495 	112.445541 	96.260063 	999.000000 	144.958618 	70.661163 	27.658634 	82.764725 	92.282173 	122.200653 	140.346008 	128.003906 	120.104118 	145.416641 	61.073727 	19.026299 	68.680420 	117.477661 	86.377083 	88.543777 	84.480766 	85.440041 	87.931793 	92.973114 	88.600227 	89.844307 	94.868332 	108.461975 	92.720009 	79.246452 	93.680305 	106.625511 	72.339478 	85.328773 	85.158676 	79.227524 	82.389320 	81.301903 	78.102493 	72.006943 	105.773346 	85.287750 	84.095184 	82.024384 	83.024094 	82.006096 	96.332756 	100.603180 	100.004997 	
44.821869 	82.006096 	125.319588 	74.625732 	82.927681 	35.341194 	52.773098 	144.958618 	999.000000 	80.622574 	122.441826 	69.778221 	60.539242 	29.427877 	27.784887 	27.018513 	28.460499 	19.104973 	84.291161 	132.909744 	90.873535 	42.047592 	75.286118 	76.400261 	81.043198 	80.777473 	78.339005 	73.545906 	79.075912 	77.878113 	73.164200 	60.074955 	77.278717 	91.482239 	77.103828 	65.069191 	99.929977 	89.050545 	90.027771 	98.954536 	96.317184 	97.514099 	101.138519 	107.563934 	74.006760 	96.690224 	99.824844 	102.181213 	101.980392 	105.118980 	94.260277 	91.049438 	101.044548 	
37.000000 	11.180340 	49.648766 	7.000000 	6.082763 	45.486263 	28.017851 	70.661163 	80.622574 	999.000000 	44.407207 	12.206555 	22.022715 	53.907330 	85.510231 	72.180328 	62.369865 	86.977005 	17.464249 	55.000000 	13.341664 	47.201694 	18.110771 	21.377558 	19.697716 	20.615528 	21.840330 	25.079872 	23.086792 	23.769728 	27.073973 	38.327538 	26.683329 	23.430750 	27.658634 	37.336308 	26.570660 	27.018513 	27.658634 	30.528675 	30.610456 	30.805843 	31.764761 	34.205261 	39.204590 	33.301651 	35.000000 	35.510563 	36.055511 	38.078865 	40.804413 	42.544094 	48.270073 	
77.620872 	40.459858 	8.544003 	48.836460 	40.360870 	88.413803 	71.449280 	27.658634 	122.441826 	44.407207 	999.000000 	56.612720 	66.400299 	97.621719 	121.671692 	108.673820 	99.849884 	125.399361 	38.587563 	10.630146 	41.109608 	91.607857 	59.093147 	61.098282 	56.920998 	57.870544 	60.406952 	65.551506 	61.032780 	62.297672 	67.416618 	81.394104 	65.145988 	51.623638 	66.098412 	79.309517 	45.011108 	57.706154 	57.558666 	52.000000 	55.036350 	54.009258 	51.039200 	45.541191 	78.160095 	58.008621 	57.035076 	55.145264 	56.142673 	55.443665 	69.028976 	73.171036 	73.171036 	
28.071337 	20.099751 	61.773781 	10.000000 	17.088007 	34.438351 	17.088007 	82.764725 	69.778221 	12.206555 	56.612720 	999.000000 	9.899495 	42.201897 	77.233414 	64.070274 	54.083271 	77.665955 	26.000000 	67.201187 	21.189621 	35.000000 	12.041595 	15.556349 	17.000000 	17.492855 	17.029387 	17.492855 	18.439089 	18.384777 	19.235384 	27.166155 	20.615528 	25.495098 	21.400934 	27.073973 	32.015621 	26.400757 	27.313000 	33.541019 	32.280025 	32.984844 	35.355339 	40.012497 	31.016125 	34.176014 	36.687874 	38.078865 	38.327538 	41.000000 	38.600517 	38.897301 	46.615448 	
21.587032 	28.460499 	71.344238 	18.384777 	26.419689 	25.298222 	9.055386 	92.282173 	60.539242 	22.022715 	66.400299 	9.899495 	999.000000 	32.449963 	70.007141 	57.140179 	47.169907 	69.584480 	33.734257 	77.006493 	30.413813 	25.238859 	16.031219 	18.439089 	22.022715 	22.090721 	20.396078 	17.888544 	21.587032 	20.880613 	18.867962 	20.396078 	21.931713 	32.062439 	22.360680 	21.931713 	39.812057 	31.257000 	32.249031 	40.012497 	38.052597 	39.012817 	42.047592 	47.675991 	28.425341 	39.319206 	42.190044 	44.045429 	44.102154 	47.042534 	41.231056 	40.311287 	49.244289 	
23.769728 	57.628117 	101.671036 	48.795490 	57.280014 	10.440307 	26.172504 	122.200653 	29.427877 	53.907330 	97.621719 	42.201897 	32.449963 	999.000000 	47.010635 	37.202152 	29.732138 	42.953465 	61.294373 	108.245094 	62.769421 	13.341664 	46.238514 	47.127487 	51.865211 	51.546097 	49.040798 	44.147480 	49.729267 	48.507732 	43.737854 	31.064449 	47.853943 	62.297672 	47.675991 	36.055511 	70.936592 	59.665737 	60.638271 	69.641945 	66.940269 	68.154236 	71.840103 	78.434685 	45.177429 	67.268120 	70.405968 	72.780495 	72.567207 	75.709976 	65.030762 	62.032249 	72.027771 	
49.162994 	83.168503 	122.674362 	78.644768 	85.866173 	46.872166 	61.000000 	140.346008 	27.784887 	85.510231 	121.671692 	77.233414 	70.007141 	47.010635 	999.000000 	13.341664 	23.194826 	10.049875 	83.384651 	131.487640 	97.867256 	60.166435 	86.023254 	88.141930 	92.021736 	92.048897 	90.138779 	86.469650 	91.197586 	90.271812 	86.700638 	76.922035 	90.553848 	102.004898 	90.669731 	81.743500 	109.224541 	101.123688 	102.122475 	110.000000 	108.041656 	109.018349 	112.004463 	117.209213 	90.956032 	109.165016 	112.111549 	114.039467 	114.070152 	117.038452 	109.329773 	107.079407 	116.901665 	
36.013885 	69.892776 	109.931801 	65.306969 	72.532753 	35.114101 	48.093658 	128.003906 	27.018513 	72.180328 	108.673820 	64.070274 	57.140179 	37.202152 	13.341664 	999.000000 	10.000000 	17.691807 	70.263786 	118.595955 	84.593147 	49.739319 	73.171036 	75.425461 	79.158073 	79.227524 	77.414467 	73.979729 	78.517517 	77.646637 	74.330345 	65.551506 	78.089691 	89.022469 	78.262383 	70.228203 	96.083298 	88.362885 	89.358826 	97.046379 	95.189285 	96.130119 	99.020203 	104.076897 	79.378838 	96.420952 	99.322708 	101.178062 	101.242287 	104.172935 	97.082436 	95.078911 	104.785492 	
26.019224 	60.539242 	101.513542 	55.542778 	62.936478 	25.942244 	38.118237 	120.104118 	28.460499 	62.369865 	99.849884 	54.083271 	47.169907 	29.732138 	23.194826 	10.000000 	999.000000 	25.553865 	61.294373 	109.931801 	74.672615 	41.400482 	63.198101 	65.490456 	69.180923 	69.260376 	67.475922 	64.132675 	68.593002 	67.742157 	64.536812 	56.364883 	68.249542 	79.025314 	68.447060 	60.926186 	86.092972 	78.409180 	79.404030 	87.051712 	85.211502 	86.145226 	89.022469 	94.085068 	70.007141 	86.469650 	89.358826 	91.197586 	91.268837 	94.191292 	87.321243 	85.440041 	95.078911 	
50.000000 	85.906929 	127.027557 	80.324341 	88.022728 	45.011108 	60.827625 	145.416641 	19.104973 	86.977005 	125.399361 	77.665955 	69.584480 	42.953465 	10.049875 	17.691807 	25.553865 	999.000000 	86.833176 	135.484314 	98.716766 	56.293873 	85.375641 	87.143562 	91.350975 	91.268837 	89.140335 	85.005882 	90.088844 	89.050545 	85.005882 	73.824112 	89.000000 	101.597244 	89.005615 	78.771820 	109.329773 	100.124924 	101.123688 	109.457756 	107.228729 	108.295891 	111.543716 	117.239075 	87.965904 	108.074051 	111.112556 	113.216606 	113.159180 	116.211014 	107.228729 	104.580116 	114.529472 	
39.597980 	6.324555 	41.036568 	16.000000 	11.661903 	51.400391 	35.777088 	61.073727 	84.291161 	17.464249 	38.587563 	26.000000 	33.734257 	61.294373 	83.384651 	70.263786 	61.294373 	86.833176 	999.000000 	48.826221 	27.586229 	57.939625 	35.171009 	38.600517 	37.161808 	38.078865 	39.217342 	41.976185 	40.496914 	41.109608 	43.931767 	53.084839 	43.965897 	39.824615 	44.922153 	53.037724 	40.607880 	44.102154 	44.654228 	45.967381 	46.754681 	46.690472 	46.754681 	47.169907 	56.089214 	49.678970 	50.931328 	50.931328 	51.623638 	53.150730 	57.982758 	59.941639 	65.215027 	
88.090858 	50.990196 	10.000000 	59.464275 	50.990196 	99.005051 	82.073135 	19.026299 	132.909744 	55.000000 	10.630146 	67.201187 	77.006493 	108.245094 	131.487640 	118.595955 	109.931801 	135.484314 	48.826221 	999.000000 	51.078373 	102.200783 	69.318108 	71.175842 	66.850578 	67.779053 	70.384659 	75.643906 	70.936592 	72.235725 	77.472572 	91.706055 	75.026665 	60.876926 	75.960518 	89.470665 	53.600372 	66.940269 	66.708321 	60.406952 	63.639610 	62.514000 	59.211487 	53.000000 	87.920418 	66.483078 	65.192024 	63.071388 	64.070274 	63.000000 	77.524193 	81.884064 	81.024689 	
48.836460 	22.203604 	48.052055 	20.223749 	16.643316 	55.542778 	38.275318 	68.680420 	90.873535 	13.341664 	41.109608 	21.189621 	30.413813 	62.769421 	97.867256 	84.593147 	74.672615 	98.716766 	27.586229 	51.078373 	999.000000 	53.907330 	18.601076 	20.124611 	15.811388 	16.763054 	19.313208 	24.596748 	19.924858 	21.189621 	26.400757 	41.048752 	24.041630 	13.000000 	25.000000 	38.470768 	13.416408 	18.439089 	18.681541 	18.384777 	19.416489 	19.209373 	19.209373 	20.880613 	37.107952 	22.472204 	23.430750 	23.345236 	24.041630 	25.612497 	31.953091 	34.928497 	38.470768 	
26.925823 	53.225933 	96.566040 	43.416588 	51.623638 	16.401220 	22.561028 	117.477661 	42.047592 	47.201694 	91.607857 	35.000000 	25.238859 	13.341664 	60.166435 	49.739319 	41.400482 	56.293873 	57.939625 	102.200783 	53.907330 	999.000000 	36.055511 	36.235340 	41.182522 	40.706264 	38.013157 	32.695564 	38.483765 	37.161808 	31.953091 	18.027756 	36.055511 	51.429562 	35.735138 	23.021729 	60.415230 	48.104053 	49.040798 	58.309521 	55.362442 	56.648037 	60.539242 	67.542580 	32.015621 	55.362442 	58.523499 	61.032780 	60.728905 	63.890530 	52.239830 	49.010204 	59.008472 	
37.483330 	28.861740 	65.459915 	20.124611 	24.186773 	40.607880 	25.079872 	86.377083 	75.286118 	18.110771 	59.093147 	12.041595 	16.031219 	46.238514 	86.023254 	73.171036 	63.198101 	85.375641 	35.171009 	69.318108 	18.601076 	36.055511 	999.000000 	3.605551 	6.000000 	6.082763 	5.000000 	7.000000 	6.403124 	6.403124 	9.000000 	22.472204 	8.944272 	16.278820 	9.848858 	20.248457 	24.698177 	15.297058 	16.278820 	24.083189 	22.022715 	23.000000 	26.172504 	32.280025 	21.095022 	23.345236 	26.172504 	28.017851 	28.071337 	31.016125 	26.627054 	26.870058 	34.669872 	
40.024994 	32.280025 	67.720009 	23.706539 	27.459061 	42.190044 	27.459061 	88.543777 	76.400261 	21.377558 	61.098282 	15.556349 	18.439089 	47.127487 	88.141930 	75.425461 	65.490456 	87.143562 	38.600517 	71.175842 	20.124611 	36.235340 	3.605551 	999.000000 	5.000000 	4.472136 	2.000000 	4.472136 	3.162278 	2.828427 	6.324555 	21.260292 	5.385165 	15.231546 	6.324555 	18.357559 	24.186773 	13.000000 	14.000000 	22.561028 	20.099751 	21.213203 	24.738634 	31.384710 	18.000000 	21.023796 	24.000000 	26.076809 	26.019224 	29.068884 	23.323807 	23.345236 	31.384710 	
43.416588 	30.870699 	63.788715 	23.430750 	25.632011 	46.529560 	31.064449 	84.480766 	81.043198 	19.697716 	56.920998 	17.000000 	22.022715 	51.865211 	92.021736 	79.158073 	69.180923 	91.350975 	37.161808 	66.850578 	15.811388 	41.182522 	6.000000 	5.000000 	999.000000 	1.000000 	3.605551 	9.219544 	4.123106 	5.385165 	10.816654 	26.172504 	8.246211 	10.440307 	9.219544 	23.021729 	19.235384 	9.486833 	10.440307 	18.110771 	16.031219 	17.000000 	20.223749 	26.570660 	21.377558 	17.464249 	20.223749 	22.022715 	22.090721 	25.019993 	21.931713 	23.021729 	29.832869 	
43.566040 	31.780497 	64.761101 	24.207438 	26.570660 	46.389652 	31.144823 	85.440041 	80.777473 	20.615528 	57.870544 	17.492855 	22.090721 	51.546097 	92.048897 	79.227524 	69.260376 	91.268837 	38.078865 	67.779053 	16.763054 	40.706264 	6.082763 	4.472136 	1.000000 	999.000000 	2.828427 	8.485281 	3.162278 	4.472136 	10.000000 	25.455845 	7.280110 	10.770329 	8.246211 	22.203604 	19.723083 	9.219544 	10.198039 	18.248287 	16.000000 	17.029387 	20.396078 	26.925823 	20.396078 	17.262676 	20.099751 	22.000000 	22.022715 	25.000000 	21.260292 	22.203604 	29.206163 	
41.976185 	32.893768 	67.186310 	24.698177 	27.892651 	44.181442 	29.427877 	87.931793 	78.339005 	21.840330 	60.406952 	17.029387 	20.396078 	49.040798 	90.138779 	77.414467 	67.475922 	89.140335 	39.217342 	70.384659 	19.313208 	38.013157 	5.000000 	2.000000 	3.605551 	2.828427 	999.000000 	5.656854 	1.414214 	2.000000 	7.211102 	22.627417 	5.000000 	13.416408 	6.000000 	19.416489 	22.472204 	11.000000 	12.000000 	20.615528 	18.110771 	19.235384 	22.803509 	29.546574 	18.110771 	19.026299 	22.000000 	24.083189 	24.020824 	27.073973 	21.633308 	21.931713 	29.681644 	
39.217342 	35.693138 	72.124893 	26.570660 	31.144823 	40.000000 	26.570660 	92.973114 	73.545906 	25.079872 	65.551506 	17.492855 	17.888544 	44.147480 	86.469650 	73.979729 	64.132675 	85.005882 	41.976185 	75.643906 	24.596748 	32.695564 	7.000000 	4.472136 	9.219544 	8.485281 	5.656854 	999.000000 	5.830952 	4.472136 	2.000000 	16.970562 	4.123106 	18.867962 	4.472136 	13.892444 	28.017851 	15.524175 	16.492422 	25.632011 	22.803509 	24.041630 	27.856777 	34.885529 	14.142136 	23.194826 	26.305893 	28.635643 	28.442924 	31.575306 	23.409399 	22.472204 	31.384710 	
43.174065 	34.176014 	67.911705 	26.076809 	29.120440 	45.099888 	30.594116 	88.600227 	79.075912 	23.086792 	61.032780 	18.439089 	21.587032 	49.729267 	91.197586 	78.517517 	68.593002 	90.088844 	40.496914 	70.936592 	19.924858 	38.483765 	6.403124 	3.162278 	4.123106 	3.162278 	1.414214 	5.830952 	999.000000 	1.414214 	7.071068 	22.671568 	4.123106 	13.038404 	5.099020 	19.209373 	22.203604 	10.049875 	11.045361 	19.924858 	17.262676 	18.439089 	22.135944 	29.068884 	17.262676 	18.000000 	21.023796 	23.194826 	23.086792 	26.172504 	20.248457 	20.518284 	28.301943 	
42.449970 	34.785053 	69.123077 	26.419689 	29.832869 	44.045429 	29.832869 	89.844307 	77.878113 	23.769728 	62.297672 	18.384777 	20.880613 	48.507732 	90.271812 	77.646637 	67.742157 	89.050545 	41.109608 	72.235725 	21.189621 	37.161808 	6.403124 	2.828427 	5.385165 	4.472136 	2.000000 	4.472136 	1.414214 	999.000000 	5.656854 	21.260292 	3.000000 	14.422205 	4.000000 	17.804493 	23.600847 	11.180340 	12.165525 	21.189621 	18.439089 	19.646883 	23.409399 	30.413813 	16.124516 	19.026299 	22.090721 	24.331051 	24.186773 	27.294687 	20.591261 	20.518284 	28.653097 	
39.924931 	37.656342 	74.040527 	28.460499 	33.136082 	40.049969 	27.313000 	94.868332 	73.164200 	27.073973 	67.416618 	19.235384 	18.867962 	43.737854 	86.700638 	74.330345 	64.536812 	85.005882 	43.931767 	77.472572 	26.400757 	31.953091 	9.000000 	6.324555 	10.816654 	10.000000 	7.211102 	2.000000 	7.071068 	5.656854 	999.000000 	15.620500 	4.123106 	20.000000 	4.000000 	12.206555 	29.206163 	16.155495 	17.088007 	26.400757 	23.409399 	24.698177 	28.635643 	35.846897 	12.165525 	23.537205 	26.683329 	29.120440 	28.861740 	32.015621 	22.803509 	21.470911 	30.675724 	
35.355339 	47.265209 	87.464279 	37.121422 	43.931767 	30.463093 	24.698177 	108.461975 	60.074955 	38.327538 	81.394104 	27.166155 	20.396078 	31.064449 	76.922035 	65.551506 	56.364883 	73.824112 	53.084839 	91.706055 	41.048752 	18.027756 	22.472204 	21.260292 	26.172504 	25.455845 	22.627417 	16.970562 	22.671568 	21.260292 	15.620500 	999.000000 	19.416489 	35.608986 	18.867962 	5.000000 	44.821869 	31.384710 	32.249031 	41.677334 	38.470768 	39.824615 	43.908997 	51.312767 	14.142136 	38.078865 	41.231056 	43.863426 	43.462627 	46.615448 	34.234486 	31.000000 	41.000000 	
43.324360 	37.643059 	72.034714 	29.068884 	32.756680 	44.011364 	30.675724 	92.720009 	77.278717 	26.683329 	65.145988 	20.615528 	21.931713 	47.853943 	90.553848 	78.089691 	68.249542 	89.000000 	43.965897 	75.026665 	24.041630 	36.055511 	8.944272 	5.385165 	8.246211 	7.280110 	5.000000 	4.123106 	4.123106 	3.000000 	4.123106 	19.416489 	999.000000 	16.278820 	1.000000 	15.556349 	25.495098 	12.083046 	13.000000 	22.360680 	19.313208 	20.615528 	24.596748 	31.906113 	13.152946 	19.416489 	22.561028 	25.000000 	24.738634 	27.892651 	19.313208 	18.601076 	27.313000 	
53.084839 	33.970577 	59.211487 	29.154760 	28.319605 	56.885849 	41.012192 	79.246452 	91.482239 	23.430750 	51.623638 	25.495098 	32.062439 	62.297672 	102.004898 	89.022469 	79.025314 	101.597244 	39.824615 	60.876926 	13.000000 	51.429562 	16.278820 	15.231546 	10.440307 	10.770329 	13.416408 	18.867962 	13.038404 	14.422205 	20.000000 	35.608986 	16.278820 	999.000000 	16.970562 	31.827662 	9.219544 	6.082763 	6.000000 	8.062258 	7.211102 	7.615773 	10.000000 	16.155495 	27.784887 	9.899495 	11.661903 	12.649111 	13.000000 	15.524175 	18.973665 	22.203604 	25.553865 	
43.657761 	38.600517 	73.006851 	29.966648 	33.734257 	44.045429 	31.016125 	93.680305 	77.103828 	27.658634 	66.098412 	21.400934 	22.360680 	47.675991 	90.669731 	78.262383 	68.447060 	89.005615 	44.922153 	75.960518 	25.000000 	35.735138 	9.848858 	6.324555 	9.219544 	8.246211 	6.000000 	4.472136 	5.099020 	4.000000 	4.000000 	18.867962 	1.000000 	16.970562 	999.000000 	14.866069 	26.172504 	12.529964 	13.416408 	22.825424 	19.697716 	21.023796 	25.059929 	32.449963 	12.165525 	19.646883 	22.803509 	25.298222 	25.000000 	28.160255 	18.973665 	18.027756 	26.925823 	
39.051247 	47.000000 	85.702972 	37.054016 	43.185646 	35.114101 	27.658634 	106.625511 	65.069191 	37.336308 	79.309517 	27.073973 	21.931713 	36.055511 	81.743500 	70.228203 	60.926186 	78.771820 	53.037724 	89.470665 	38.470768 	23.021729 	20.248457 	18.357559 	23.021729 	22.203604 	19.416489 	13.892444 	19.209373 	17.804493 	12.206555 	5.000000 	15.556349 	31.827662 	14.866069 	999.000000 	41.036568 	27.202942 	28.017851 	37.443291 	34.132095 	35.510563 	39.661064 	47.201694 	9.219544 	33.541019 	36.674240 	39.357338 	38.910152 	42.047592 	29.274563 	26.000000 	36.000000 	
60.074955 	35.510563 	53.037724 	33.241539 	30.016663 	65.000000 	48.507732 	72.339478 	99.929977 	26.570660 	45.011108 	32.015621 	39.812057 	70.936592 	109.224541 	96.083298 	86.092972 	109.329773 	40.607880 	53.600372 	13.416408 	60.415230 	24.698177 	24.186773 	19.235384 	19.723083 	22.472204 	28.017851 	22.203604 	23.600847 	29.206163 	44.821869 	25.495098 	9.219544 	26.172504 	41.036568 	999.000000 	14.422205 	13.892444 	7.071068 	10.049875 	9.000000 	6.708204 	8.000000 	36.619667 	13.000000 	12.369317 	11.180340 	12.083046 	12.806249 	24.020824 	28.284271 	28.635643 	
52.773098 	38.013157 	65.276337 	31.890438 	32.449963 	55.145264 	40.311287 	85.328773 	89.050545 	27.018513 	57.706154 	26.400757 	31.257000 	59.665737 	101.123688 	88.362885 	78.409180 	100.124924 	44.102154 	66.940269 	18.439089 	48.104053 	15.297058 	13.000000 	9.486833 	9.219544 	11.000000 	15.524175 	10.049875 	11.180340 	16.155495 	31.384710 	12.083046 	6.082763 	12.529964 	27.202942 	14.422205 	999.000000 	1.000000 	10.295630 	7.280110 	8.544003 	12.529964 	20.000000 	22.203604 	8.062258 	11.000000 	13.152946 	13.038404 	16.124516 	13.892444 	16.492422 	21.260292 	
53.758720 	38.600517 	65.192024 	32.649654 	33.015148 	56.142673 	41.303753 	85.158676 	90.027771 	27.658634 	57.558666 	27.313000 	32.249031 	60.638271 	102.122475 	89.358826 	79.404030 	101.123688 	44.654228 	66.708321 	18.681541 	49.040798 	16.278820 	14.000000 	10.440307 	10.198039 	12.000000 	16.492422 	11.045361 	12.165525 	17.088007 	32.249031 	13.000000 	6.000000 	13.416408 	28.017851 	13.892444 	1.000000 	999.000000 	9.433981 	6.324555 	7.615773 	11.661903 	19.209373 	22.803509 	7.071068 	10.000000 	12.165525 	12.041595 	15.132746 	13.416408 	16.278820 	20.615528 	
61.131008 	40.459858 	60.074955 	36.674240 	34.828148 	64.629715 	49.000000 	79.227524 	98.954536 	30.528675 	52.000000 	33.541019 	40.012497 	69.641945 	110.000000 	97.046379 	87.051712 	109.457756 	45.967381 	60.406952 	18.384777 	58.309521 	24.083189 	22.561028 	18.110771 	18.248287 	20.615528 	25.632011 	19.924858 	21.189621 	26.400757 	41.677334 	22.360680 	8.062258 	22.825424 	37.443291 	7.071068 	10.295630 	9.433981 	999.000000 	3.605551 	2.236068 	2.236068 	9.899495 	31.827662 	6.082763 	5.385165 	5.000000 	5.656854 	7.615773 	17.117243 	21.587032 	21.587032 	
59.413803 	41.012192 	63.007935 	36.359318 	35.355339 	62.289646 	47.095646 	82.389320 	96.317184 	30.610456 	55.036350 	32.280025 	38.052597 	66.940269 	108.041656 	95.189285 	85.211502 	107.228729 	46.754681 	63.639610 	19.416489 	55.362442 	22.022715 	20.099751 	16.031219 	16.000000 	18.110771 	22.803509 	17.262676 	18.439089 	23.409399 	38.470768 	19.313208 	7.211102 	19.697716 	34.132095 	10.049875 	7.280110 	6.324555 	3.605551 	999.000000 	1.414214 	5.656854 	13.453624 	28.284271 	3.162278 	4.472136 	6.000000 	6.082763 	9.000000 	14.000000 	18.248287 	19.313208 	
60.299255 	41.036568 	62.032249 	36.715118 	35.383614 	63.387695 	48.041649 	81.301903 	97.514099 	30.805843 	54.009258 	32.984844 	39.012817 	68.154236 	109.018349 	96.130119 	86.145226 	108.295891 	46.690472 	62.514000 	19.209373 	56.648037 	23.000000 	21.213203 	17.000000 	17.029387 	19.235384 	24.041630 	18.439089 	19.646883 	24.698177 	39.824615 	20.615528 	7.615773 	21.023796 	35.510563 	9.000000 	8.544003 	7.615773 	2.236068 	1.414214 	999.000000 	4.242640 	12.041595 	29.698484 	4.000000 	4.242640 	5.099020 	5.385165 	8.062258 	15.033297 	19.416489 	19.924858 	
63.071388 	41.400482 	59.211487 	38.078865 	35.805027 	66.753281 	51.009804 	78.102493 	101.138519 	31.764761 	51.039200 	35.355339 	42.047592 	71.840103 	112.004463 	99.020203 	89.022469 	111.543716 	46.754681 	59.211487 	19.209373 	60.539242 	26.172504 	24.738634 	20.223749 	20.396078 	22.803509 	27.856777 	22.135944 	23.409399 	28.635643 	43.908997 	24.596748 	10.000000 	25.059929 	39.661064 	6.708204 	12.529964 	11.661903 	2.236068 	5.656854 	4.242640 	999.000000 	7.810250 	33.941124 	7.615773 	6.000000 	4.472136 	5.385165 	6.403124 	18.439089 	23.086792 	22.203604 	
68.066147 	42.485291 	53.935146 	41.000000 	37.161808 	72.780495 	56.435802 	72.006943 	107.563934 	34.205261 	45.541191 	40.012497 	47.675991 	78.434685 	117.209213 	104.076897 	94.085068 	117.239075 	47.169907 	53.000000 	20.880613 	67.542580 	32.280025 	31.384710 	26.570660 	26.925823 	29.546574 	34.885529 	29.068884 	30.413813 	35.846897 	51.312767 	31.906113 	16.155495 	32.449963 	47.201694 	8.000000 	20.000000 	19.209373 	9.899495 	13.453624 	12.041595 	7.810250 	999.000000 	41.725292 	15.264338 	13.000000 	10.440307 	11.401754 	10.000000 	25.632011 	30.463093 	28.071337 	
47.434166 	49.819675 	85.146935 	40.521599 	45.276924 	44.271889 	35.468296 	105.773346 	74.006760 	39.204590 	78.160095 	31.016125 	28.425341 	45.177429 	90.956032 	79.378838 	70.007141 	87.965904 	56.089214 	87.920418 	37.107952 	32.015621 	21.095022 	18.000000 	21.377558 	20.396078 	18.110771 	14.142136 	17.262676 	16.124516 	12.165525 	14.142136 	13.152946 	27.784887 	12.165525 	9.219544 	36.619667 	22.203604 	22.803509 	31.827662 	28.284271 	29.698484 	33.941124 	41.725292 	999.000000 	27.018513 	30.000000 	32.802441 	32.202484 	35.227829 	20.880613 	17.117243 	27.073973 	
60.827625 	43.863426 	66.030296 	38.832977 	38.209946 	63.071388 	48.373547 	85.287750 	96.690224 	33.301651 	58.008621 	34.176014 	39.319206 	67.268120 	109.165016 	96.420952 	86.469650 	108.074051 	49.678970 	66.483078 	22.472204 	55.362442 	23.345236 	21.023796 	17.464249 	17.262676 	19.026299 	23.194826 	18.000000 	19.026299 	23.537205 	38.078865 	19.416489 	9.899495 	19.646883 	33.541019 	13.000000 	8.062258 	7.071068 	6.082763 	3.162278 	4.000000 	7.615773 	15.264338 	27.018513 	999.000000 	3.162278 	5.830952 	5.385165 	8.544003 	11.045361 	15.524175 	16.155495 	
63.639610 	45.276924 	65.192024 	40.816662 	39.623226 	66.121101 	51.244511 	84.095184 	99.824844 	35.000000 	57.035076 	36.687874 	42.190044 	70.405968 	112.111549 	99.322708 	89.358826 	111.112556 	50.931328 	65.192024 	23.430750 	58.523499 	26.172504 	24.000000 	20.223749 	20.099751 	22.000000 	26.305893 	21.023796 	22.090721 	26.683329 	41.231056 	22.561028 	11.661903 	22.803509 	36.674240 	12.369317 	11.000000 	10.000000 	5.385165 	4.472136 	4.242640 	6.000000 	13.000000 	30.000000 	3.162278 	999.000000 	2.828427 	2.236068 	5.385165 	12.649111 	17.464249 	16.278820 	
65.375839 	45.453274 	63.387695 	41.593269 	39.824615 	68.264191 	53.084839 	82.024384 	102.181213 	35.510563 	55.145264 	38.078865 	44.045429 	72.780495 	114.039467 	101.178062 	91.197586 	113.216606 	50.931328 	63.071388 	23.345236 	61.032780 	28.017851 	26.076809 	22.022715 	22.000000 	24.083189 	28.635643 	23.194826 	24.331051 	29.120440 	43.863426 	25.000000 	12.649111 	25.298222 	39.357338 	11.180340 	13.152946 	12.165525 	5.000000 	6.000000 	5.099020 	4.472136 	10.440307 	32.802441 	5.830952 	2.828427 	999.000000 	1.000000 	3.000000 	15.231546 	20.124611 	18.027756 	
65.490456 	46.097721 	64.381676 	42.059483 	40.459858 	68.183578 	53.150730 	83.024094 	101.980392 	36.055511 	56.142673 	38.327538 	44.102154 	72.567207 	114.070152 	101.242287 	91.268837 	113.159180 	51.623638 	64.070274 	24.041630 	60.728905 	28.071337 	26.019224 	22.090721 	22.022715 	24.020824 	28.442924 	23.086792 	24.186773 	28.861740 	43.462627 	24.738634 	13.000000 	25.000000 	38.910152 	12.083046 	13.038404 	12.041595 	5.656854 	6.082763 	5.385165 	5.385165 	11.401754 	32.202484 	5.385165 	2.236068 	1.000000 	999.000000 	3.162278 	14.317822 	19.235384 	17.029387 	
68.359344 	47.801674 	63.788715 	44.283180 	42.201897 	71.253067 	56.080299 	82.006096 	105.118980 	38.078865 	55.443665 	41.000000 	47.042534 	75.709976 	117.038452 	104.172935 	94.191292 	116.211014 	53.150730 	63.000000 	25.612497 	63.890530 	31.016125 	29.068884 	25.019993 	25.000000 	27.073973 	31.575306 	26.172504 	27.294687 	32.015621 	46.615448 	27.892651 	15.524175 	28.160255 	42.047592 	12.806249 	16.124516 	15.132746 	7.615773 	9.000000 	8.062258 	6.403124 	10.000000 	35.227829 	8.544003 	5.385165 	3.000000 	3.162278 	999.000000 	16.643316 	21.633308 	18.110771 	
62.625874 	51.865211 	77.006493 	45.276924 	46.324940 	62.514000 	49.979996 	96.332756 	94.260277 	40.804413 	69.028976 	38.600517 	41.231056 	65.030762 	109.329773 	97.082436 	87.321243 	107.228729 	57.982758 	77.524193 	31.953091 	52.239830 	26.627054 	23.323807 	21.931713 	21.260292 	21.633308 	23.409399 	20.248457 	20.591261 	22.803509 	34.234486 	19.313208 	18.973665 	18.973665 	29.274563 	24.020824 	13.892444 	13.416408 	17.117243 	14.000000 	15.033297 	18.439089 	25.632011 	20.880613 	11.045361 	12.649111 	15.231546 	14.317822 	16.643316 	999.000000 	5.000000 	8.062258 	
61.326992 	53.712196 	81.024689 	46.400433 	48.301140 	60.207973 	48.754486 	100.603180 	91.049438 	42.544094 	73.171036 	38.897301 	40.311287 	62.032249 	107.079407 	95.078911 	85.440041 	104.580116 	59.941639 	81.884064 	34.928497 	49.010204 	26.870058 	23.345236 	23.021729 	22.203604 	21.931713 	22.472204 	20.518284 	20.518284 	21.470911 	31.000000 	18.601076 	22.203604 	18.027756 	26.000000 	28.284271 	16.492422 	16.278820 	21.587032 	18.248287 	19.416489 	23.086792 	30.463093 	17.117243 	15.524175 	17.464249 	20.124611 	19.235384 	21.633308 	5.000000 	999.000000 	10.000000 	
70.576202 	59.203041 	81.394104 	53.037724 	53.600372 	70.035706 	57.939625 	100.004997 	101.044548 	48.270073 	73.171036 	46.615448 	49.244289 	72.027771 	116.901665 	104.785492 	95.078911 	114.529472 	65.215027 	81.024689 	38.470768 	59.008472 	34.669872 	31.384710 	29.832869 	29.206163 	29.681644 	31.384710 	28.301943 	28.653097 	30.675724 	41.000000 	27.313000 	25.553865 	26.925823 	36.000000 	28.635643 	21.260292 	20.615528 	21.587032 	19.313208 	19.924858 	22.203604 	28.071337 	27.073973 	16.155495 	16.278820 	18.027756 	17.029387 	18.110771 	8.062258 	10.000000 	999.000000 	

Travel time:
9.000000 	0.930054 	2.015564 	0.761577 	0.961769 	0.333542 	0.316228 	2.514210 	1.120547 	0.925000 	1.940522 	0.701783 	0.539676 	0.594243 	1.229075 	0.900347 	0.650481 	1.250000 	0.989950 	2.202271 	1.220912 	0.673146 	0.937083 	1.000625 	1.085415 	1.089151 	1.049405 	0.980434 	1.079352 	1.061249 	0.998123 	0.883883 	1.083109 	1.327121 	1.091444 	0.976281 	1.501874 	1.319327 	1.343968 	1.528275 	1.485345 	1.507481 	1.576785 	1.701654 	1.185854 	1.520691 	1.590990 	1.634396 	1.637261 	1.708984 	1.565647 	1.533175 	1.764405 	
0.930054 	9.000000 	1.101136 	0.254951 	0.141421 	1.202601 	0.790569 	1.615936 	2.050152 	0.279509 	1.011496 	0.502494 	0.711512 	1.440703 	2.079213 	1.747319 	1.513481 	2.147673 	0.158114 	1.274755 	0.555090 	1.330648 	0.721543 	0.807001 	0.771767 	0.794512 	0.822344 	0.892328 	0.854400 	0.869626 	0.941409 	1.181630 	0.941076 	0.849264 	0.965013 	1.175000 	0.887764 	0.950329 	0.965013 	1.011496 	1.025305 	1.025914 	1.035012 	1.062132 	1.245492 	1.096586 	1.131923 	1.136332 	1.152443 	1.195042 	1.296630 	1.342805 	1.480076 	
2.015564 	1.101136 	9.000000 	1.331353 	1.123610 	2.302444 	1.890106 	0.525595 	3.132990 	1.241219 	0.213600 	1.544345 	1.783606 	2.541776 	3.066859 	2.748295 	2.537838 	3.175689 	1.025914 	0.250000 	1.201301 	2.414151 	1.636498 	1.693000 	1.594718 	1.619027 	1.679658 	1.803122 	1.697793 	1.728077 	1.851013 	2.186607 	1.800868 	1.480287 	1.825171 	2.142574 	1.325943 	1.631908 	1.629801 	1.501874 	1.575198 	1.550806 	1.480287 	1.348379 	2.128673 	1.650757 	1.629801 	1.584692 	1.609542 	1.594718 	1.925162 	2.025617 	2.034853 	
0.761577 	0.254951 	1.331353 	9.000000 	0.212132 	0.995615 	0.565685 	1.852363 	1.865643 	0.175000 	1.220912 	0.250000 	0.459619 	1.219887 	1.966119 	1.632674 	1.388569 	2.008109 	0.400000 	1.486607 	0.505594 	1.085415 	0.503115 	0.592663 	0.585769 	0.605186 	0.617454 	0.664266 	0.651920 	0.660492 	0.711512 	0.928036 	0.726722 	0.728869 	0.749166 	0.926350 	0.831038 	0.797261 	0.816241 	0.916856 	0.908983 	0.917878 	0.951972 	1.025000 	1.013040 	0.970824 	1.020416 	1.039832 	1.051487 	1.107080 	1.131923 	1.160011 	1.325943 	
0.961769 	0.141421 	1.123610 	0.212132 	9.000000 	1.206752 	0.777817 	1.646587 	2.073192 	0.152069 	1.009022 	0.427200 	0.660492 	1.432000 	2.146654 	1.813319 	1.573412 	2.200568 	0.291548 	1.274755 	0.416083 	1.290591 	0.604669 	0.686477 	0.640800 	0.664266 	0.697316 	0.778621 	0.728011 	0.745822 	0.828402 	1.098294 	0.818917 	0.707990 	0.843356 	1.079641 	0.750417 	0.811249 	0.825379 	0.870704 	0.883883 	0.884590 	0.895126 	0.929045 	1.131923 	0.955249 	0.990581 	0.995615 	1.011496 	1.055047 	1.158123 	1.207528 	1.340009 	
0.333542 	1.202601 	2.302444 	0.995615 	1.206752 	9.000000 	0.437321 	2.811139 	0.883530 	1.137157 	2.210345 	0.860959 	0.632456 	0.261008 	1.171804 	0.877853 	0.648556 	1.125278 	1.285010 	2.475126 	1.388569 	0.410031 	1.015197 	1.054751 	1.163239 	1.159741 	1.104536 	1.000000 	1.127497 	1.101136 	1.001249 	0.761577 	1.100284 	1.422146 	1.101136 	0.877853 	1.625000 	1.378632 	1.403567 	1.615743 	1.557241 	1.584692 	1.668832 	1.819512 	1.106797 	1.576785 	1.653028 	1.706605 	1.704589 	1.781327 	1.562850 	1.505199 	1.750893 	
0.316228 	0.790569 	1.890106 	0.565685 	0.777817 	0.437321 	9.000000 	2.406502 	1.319327 	0.700446 	1.786232 	0.427200 	0.226385 	0.654313 	1.525000 	1.202341 	0.952956 	1.520691 	0.894427 	2.051828 	0.956883 	0.564026 	0.626997 	0.686477 	0.776611 	0.778621 	0.735697 	0.664266 	0.764853 	0.745822 	0.682825 	0.617454 	0.766893 	1.025305 	0.775403 	0.691466 	1.212693 	1.007782 	1.032594 	1.225000 	1.177391 	1.201041 	1.275245 	1.410895 	0.886707 	1.209339 	1.281113 	1.327121 	1.328768 	1.402007 	1.249500 	1.218862 	1.448491 	
2.514210 	1.615936 	0.525595 	1.852363 	1.646587 	2.811139 	2.406502 	9.000000 	3.623966 	1.766529 	0.691466 	2.069118 	2.307054 	3.055016 	3.508650 	3.200098 	3.002603 	3.635416 	1.526843 	0.475657 	1.717010 	2.936942 	2.159427 	2.213594 	2.112019 	2.136001 	2.198295 	2.324328 	2.215006 	2.246108 	2.371708 	2.711549 	2.318000 	1.981161 	2.342008 	2.665638 	1.808487 	2.133219 	2.128967 	1.980688 	2.059733 	2.032547 	1.952562 	1.800174 	2.644334 	2.132194 	2.102380 	2.050610 	2.075602 	2.050152 	2.408319 	2.515079 	2.500125 	
1.120547 	2.050152 	3.132990 	1.865643 	2.073192 	0.883530 	1.319327 	3.623966 	9.000000 	2.015564 	3.061046 	1.744456 	1.513481 	0.735697 	0.694622 	0.675463 	0.711512 	0.477624 	2.107279 	3.322744 	2.271838 	1.051190 	1.882153 	1.910007 	2.026080 	2.019437 	1.958475 	1.838648 	1.976898 	1.946953 	1.829105 	1.501874 	1.931968 	2.287056 	1.927596 	1.626730 	2.498250 	2.226264 	2.250694 	2.473863 	2.407930 	2.437852 	2.528463 	2.689098 	1.850169 	2.417256 	2.495621 	2.554530 	2.549510 	2.627975 	2.356507 	2.276236 	2.526114 	
0.925000 	0.279509 	1.241219 	0.175000 	0.152069 	1.137157 	0.700446 	1.766529 	2.015564 	9.000000 	1.110180 	0.305164 	0.550568 	1.347683 	2.137756 	1.804508 	1.559247 	2.174425 	0.436606 	1.375000 	0.333542 	1.180042 	0.452769 	0.534439 	0.492443 	0.515388 	0.546008 	0.626997 	0.577170 	0.594243 	0.676849 	0.958188 	0.667083 	0.585769 	0.691466 	0.933408 	0.664266 	0.675463 	0.691466 	0.763217 	0.765261 	0.770146 	0.794119 	0.855132 	0.980115 	0.832541 	0.875000 	0.887764 	0.901388 	0.951972 	1.020110 	1.063602 	1.206752 	
1.940522 	1.011496 	0.213600 	1.220912 	1.009022 	2.210345 	1.786232 	0.691466 	3.061046 	1.110180 	9.000000 	1.415318 	1.660007 	2.440543 	3.041792 	2.716846 	2.496247 	3.134984 	0.964689 	0.265754 	1.027740 	2.290196 	1.477329 	1.527457 	1.423025 	1.446764 	1.510174 	1.638788 	1.525820 	1.557442 	1.685416 	2.034853 	1.628650 	1.290591 	1.652460 	1.982738 	1.125278 	1.442654 	1.438967 	1.300000 	1.375909 	1.350231 	1.275980 	1.138530 	1.954002 	1.450216 	1.425877 	1.378632 	1.403567 	1.386092 	1.725724 	1.829276 	1.829276 	
0.701783 	0.502494 	1.544345 	0.250000 	0.427200 	0.860959 	0.427200 	2.069118 	1.744456 	0.305164 	1.415318 	9.000000 	0.247487 	1.055047 	1.930835 	1.601757 	1.352082 	1.941649 	0.650000 	1.680030 	0.529741 	0.875000 	0.301040 	0.388909 	0.425000 	0.437321 	0.425735 	0.437321 	0.460977 	0.459619 	0.480885 	0.679154 	0.515388 	0.637377 	0.535023 	0.676849 	0.800391 	0.660019 	0.682825 	0.838525 	0.807001 	0.824621 	0.883883 	1.000312 	0.775403 	0.854400 	0.917197 	0.951972 	0.958188 	1.025000 	0.965013 	0.972432 	1.165386 	
0.539676 	0.711512 	1.783606 	0.459619 	0.660492 	0.632456 	0.226385 	2.307054 	1.513481 	0.550568 	1.660007 	0.247487 	9.000000 	0.811249 	1.750179 	1.428504 	1.179248 	1.739612 	0.843356 	1.925162 	0.760345 	0.630971 	0.400780 	0.460977 	0.550568 	0.552268 	0.509902 	0.447214 	0.539676 	0.522015 	0.471699 	0.509902 	0.548293 	0.801561 	0.559017 	0.548293 	0.995301 	0.781425 	0.806226 	1.000312 	0.951315 	0.975320 	1.051190 	1.191900 	0.710634 	0.982980 	1.054751 	1.101136 	1.102554 	1.176063 	1.030776 	1.007782 	1.231107 	
0.594243 	1.440703 	2.541776 	1.219887 	1.432000 	0.261008 	0.654313 	3.055016 	0.735697 	1.347683 	2.440543 	1.055047 	0.811249 	9.000000 	1.175266 	0.930054 	0.743303 	1.073837 	1.532359 	2.706127 	1.569236 	0.333542 	1.155963 	1.178187 	1.296630 	1.288652 	1.226020 	1.103687 	1.243232 	1.212693 	1.093446 	0.776611 	1.196349 	1.557442 	1.191900 	0.901388 	1.773415 	1.491643 	1.515957 	1.741049 	1.673507 	1.703856 	1.796003 	1.960867 	1.129436 	1.681703 	1.760149 	1.819512 	1.814180 	1.892749 	1.625769 	1.550806 	1.800694 	
1.229075 	2.079213 	3.066859 	1.966119 	2.146654 	1.171804 	1.525000 	3.508650 	0.694622 	2.137756 	3.041792 	1.930835 	1.750179 	1.175266 	9.000000 	0.333542 	0.579871 	0.251247 	2.084616 	3.287191 	2.446681 	1.504161 	2.150581 	2.203548 	2.300543 	2.301222 	2.253469 	2.161741 	2.279940 	2.256795 	2.167516 	1.923051 	2.263846 	2.550122 	2.266743 	2.043587 	2.730613 	2.528092 	2.553062 	2.750000 	2.701041 	2.725459 	2.800112 	2.930230 	2.273901 	2.729125 	2.802789 	2.850987 	2.851754 	2.925961 	2.733244 	2.676985 	2.922542 	
0.900347 	1.747319 	2.748295 	1.632674 	1.813319 	0.877853 	1.202341 	3.200098 	0.675463 	1.804508 	2.716846 	1.601757 	1.428504 	0.930054 	0.333542 	9.000000 	0.250000 	0.442295 	1.756595 	2.964899 	2.114829 	1.243483 	1.829276 	1.885637 	1.978952 	1.980688 	1.935362 	1.849493 	1.962938 	1.941166 	1.858259 	1.638788 	1.952242 	2.225562 	1.956560 	1.755705 	2.402082 	2.209072 	2.233971 	2.426159 	2.379732 	2.403253 	2.475505 	2.601923 	1.984471 	2.410524 	2.483068 	2.529452 	2.531057 	2.604323 	2.427061 	2.376973 	2.619637 	
