Total assets = 588
Number of asset nodes = 33

Distance:
999.000000 	24.331051 	16.278820 	35.114101 	16.401220 	17.691807 	17.691807 	17.204651 	19.104973 	19.798990 	20.615528 	19.104973 	22.022715 	21.095022 	24.207438 	32.695564 	27.459061 	36.687874 	39.560081 	54.037025 	41.725292 	47.413078 	50.596443 	65.802734 	55.731499 	46.173584 	46.572525 	61.846584 	59.615433 	58.180752 	59.481091 	54.708317 	62.241467 	61.400326 	62.177166 	61.294373 	78.089691 	64.660652 	65.000000 	65.368187 	61.131008 	67.977936 	62.032249 	68.264191 	78.771820 	83.006027 	79.246452 	82.097504 	80.752708 	67.742157 	80.894997 	86.052307 	82.607506 	82.200974 	
24.331051 	999.000000 	20.615528 	12.041595 	22.022715 	19.416489 	20.808653 	22.803509 	21.095022 	20.591261 	18.788294 	34.713108 	19.313208 	25.553865 	24.698177 	18.027756 	28.460499 	18.601076 	20.518284 	30.066593 	33.541019 	31.622776 	31.240999 	41.785164 	33.615471 	49.030602 	50.447994 	40.706264 	41.109608 	41.868843 	42.449970 	51.156624 	43.931767 	45.453274 	45.276924 	46.615448 	53.758720 	49.040798 	48.918301 	48.836460 	68.007355 	50.249378 	69.570107 	52.497620 	56.044624 	59.076221 	56.920998 	58.549126 	57.974133 	72.367119 	58.240879 	62.008064 	59.665737 	59.774578 	
16.278820 	20.615528 	999.000000 	32.557640 	1.414214 	2.000000 	1.414214 	2.236068 	2.828427 	3.605551 	5.099020 	14.764823 	6.324555 	6.000000 	8.062258 	19.026299 	11.704700 	24.020824 	27.018513 	45.221676 	25.495098 	32.572994 	37.215588 	60.539242 	44.102154 	32.140316 	33.015148 	49.091751 	45.354160 	43.081318 	44.598206 	38.910152 	47.801674 	46.097721 	47.169907 	45.650848 	70.576202 	49.193497 	49.658836 	50.159744 	49.497475 	53.141319 	50.803543 	52.773098 	67.007462 	73.164200 	67.029846 	71.449280 	69.007248 	55.009090 	69.000000 	76.485291 	71.028160 	70.028564 	
35.114101 	12.041595 	32.557640 	999.000000 	33.970577 	31.240999 	32.649654 	34.713108 	32.802441 	32.202484 	30.232433 	46.754681 	30.528675 	37.202152 	35.846897 	25.179358 	39.357338 	23.086792 	23.537205 	23.259407 	41.109608 	35.171009 	31.764761 	30.805843 	30.413813 	59.135437 	60.745369 	38.183765 	41.340054 	43.863426 	43.829212 	59.211487 	44.102154 	47.423622 	46.529560 	49.396355 	44.011364 	50.990196 	50.537113 	50.119858 	78.549347 	50.477718 	80.230919 	54.120235 	50.537113 	51.195702 	51.971146 	51.546097 	52.325901 	82.280006 	52.773098 	53.758720 	53.712196 	54.589375 	
16.401220 	22.022715 	1.414214 	33.970577 	999.000000 	3.162278 	2.000000 	1.000000 	3.162278 	4.123106 	6.000000 	13.416408 	7.071068 	5.099020 	7.810250 	20.000000 	11.180340 	25.079872 	28.071337 	46.486557 	25.612497 	33.241539 	38.118237 	61.911228 	45.177429 	31.257000 	32.062439 	50.039986 	46.097721 	43.657761 	45.221676 	38.470768 	48.507732 	46.615448 	47.759815 	46.065170 	71.867935 	49.658836 	50.159744 	50.695168 	48.373547 	53.758720 	49.648766 	53.225933 	68.029404 	74.330345 	68.007355 	72.560318 	70.028564 	54.000000 	70.007141 	77.665955 	72.062469 	71.007042 	
17.691807 	19.416489 	2.000000 	31.240999 	3.162278 	999.000000 	1.414214 	3.605551 	2.000000 	2.236068 	3.162278 	16.552946 	4.472136 	6.324555 	7.280110 	17.029387 	11.180340 	22.022715 	25.019993 	43.324360 	24.041630 	30.675724 	35.227829 	58.830265 	42.107006 	32.015621 	33.015148 	47.095646 	43.416588 	41.231056 	42.720020 	38.078865 	45.880280 	44.283180 	45.310043 	43.908997 	68.709534 	47.413078 	47.853943 	48.332184 	49.819675 	51.264023 	51.195702 	51.000000 	65.007690 	71.196907 	65.030762 	69.462219 	67.007462 	55.081757 	67.000000 	74.525162 	69.028976 	68.029404 	
17.691807 	20.808653 	1.414214 	32.649654 	2.000000 	1.414214 	999.000000 	2.236068 	1.414214 	2.236068 	4.000000 	15.231546 	5.099020 	5.099020 	6.708204 	18.000000 	10.440307 	23.086792 	26.076809 	44.598206 	24.083189 	31.320919 	36.124783 	60.207973 	43.185646 	31.064449 	32.000000 	48.041649 	44.147480 	41.785164 	43.324360 	37.576588 	46.572525 	44.777225 	45.880280 	44.294468 	70.007141 	47.853943 	48.332184 	48.846699 	48.662102 	51.865211 	50.009998 	51.429562 	66.030296 	72.367119 	66.007576 	70.576202 	68.029404 	54.037025 	68.007355 	75.709976 	70.064255 	69.007248 	
17.204651 	22.803509 	2.236068 	34.713108 	1.000000 	3.605551 	2.236068 	999.000000 	3.000000 	4.000000 	6.082763 	13.000000 	7.000000 	4.123106 	7.071068 	20.024984 	10.295630 	25.179358 	28.160255 	46.818798 	25.000000 	32.984844 	38.052597 	62.433964 	45.276924 	30.265491 	31.064449 	50.009998 	45.891174 	43.324360 	44.922153 	37.589893 	48.270073 	46.238514 	47.434166 	45.617977 	72.235725 	49.244289 	49.769470 	50.328918 	47.381432 	53.450912 	48.662102 	52.801514 	68.066147 	74.525162 	68.000000 	72.691124 	70.064255 	53.000000 	70.028564 	77.878113 	72.111023 	71.000000 	
19.104973 	21.095022 	2.828427 	32.802441 	3.162278 	2.000000 	1.414214 	3.000000 	999.000000 	1.000000 	3.162278 	15.811388 	4.000000 	4.472136 	5.385165 	17.029387 	9.219544 	22.203604 	25.179358 	44.011364 	22.671568 	30.083218 	35.057095 	59.908264 	42.296574 	30.016663 	31.016125 	47.010635 	42.953465 	40.496914 	42.059483 	36.249138 	45.354160 	43.462627 	44.598206 	42.941822 	69.462219 	46.518814 	47.010635 	47.539455 	47.853943 	50.596443 	49.244289 	50.089920 	65.069191 	71.589104 	65.000000 	69.720871 	67.067131 	53.084839 	67.029846 	74.953316 	69.115845 	68.000000 	
19.798990 	20.591261 	3.605551 	32.202484 	4.123106 	2.236068 	2.236068 	4.000000 	1.000000 	999.000000 	2.236068 	16.763054 	3.000000 	5.000000 	5.099020 	16.031219 	9.055386 	21.213203 	24.186773 	43.081318 	21.931713 	29.120440 	34.058773 	59.076221 	41.303753 	30.000000 	31.064449 	46.010868 	41.976185 	39.560081 	41.109608 	35.846897 	44.384682 	42.544094 	43.657761 	42.059483 	68.541962 	45.617977 	46.097721 	46.615448 	48.052055 	49.648766 	49.477268 	49.193497 	64.070274 	70.611610 	64.000000 	68.731361 	66.068146 	53.150730 	66.030296 	73.979729 	68.117546 	67.000000 	
20.615528 	18.788294 	5.099020 	30.232433 	6.000000 	3.162278 	4.000000 	6.082763 	3.162278 	2.236068 	999.000000 	18.973665 	1.414214 	7.071068 	6.082763 	14.000000 	10.049875 	19.104973 	22.090721 	40.853397 	21.260292 	27.513634 	32.140316 	56.859474 	39.204590 	31.064449 	32.249031 	44.045429 	40.261642 	38.078865 	39.560081 	36.055511 	42.720020 	41.146080 	42.154476 	40.816662 	66.309875 	44.294468 	44.721359 	45.188496 	49.477268 	48.104053 	50.960770 	47.885281 	62.032249 	68.447060 	62.008064 	66.610809 	64.031242 	54.332310 	64.007812 	71.805290 	66.068146 	65.007690 	
19.104973 	34.713108 	14.764823 	46.754681 	13.416408 	16.552946 	15.231546 	13.000000 	15.811388 	16.763054 	18.973665 	999.000000 	19.646883 	13.038404 	17.000000 	32.557640 	17.464249 	37.854988 	40.792156 	59.808025 	33.526108 	44.102154 	50.089920 	75.292763 	57.870544 	29.681644 	29.529646 	62.128899 	57.140179 	53.758720 	55.578773 	41.036568 	59.304298 	56.293873 	57.870544 	55.081757 	85.234970 	58.940647 	59.665737 	60.415230 	42.426407 	63.953106 	43.185646 	62.361847 	80.399002 	87.321243 	80.156097 	85.328773 	82.389320 	49.477268 	82.298241 	90.708321 	84.480766 	83.150467 	
22.022715 	19.313208 	6.324555 	30.528675 	7.071068 	4.472136 	5.099020 	7.000000 	4.000000 	3.000000 	1.414214 	19.646883 	999.000000 	7.211102 	5.385165 	13.038404 	9.219544 	18.248287 	21.213203 	40.311287 	19.849434 	26.248810 	31.064449 	56.612720 	38.327538 	30.149628 	31.400637 	43.011627 	39.051247 	36.769554 	38.275318 	34.785053 	41.484936 	39.812057 	40.853397 	39.446167 	65.795135 	42.941822 	43.382023 	43.863426 	48.764740 	46.818798 	50.289165 	46.529560 	61.073727 	67.683083 	61.000000 	65.764732 	63.071388 	53.460266 	63.031738 	71.063354 	65.122963 	64.000000 	
21.095022 	25.553865 	6.000000 	37.202152 	5.099020 	6.324555 	5.099020 	4.123106 	4.472136 	5.000000 	7.071068 	13.038404 	7.211102 	999.000000 	4.123106 	19.646883 	6.403124 	25.000000 	27.892651 	47.423622 	21.954498 	31.257000 	37.054016 	63.820061 	44.911022 	26.172504 	27.018513 	49.091751 	44.283180 	41.231056 	42.953465 	33.615471 	46.529560 	43.965897 	45.354160 	43.081318 	72.917763 	46.818798 	47.434166 	48.083260 	43.566040 	51.419842 	44.911022 	50.328918 	67.364677 	74.464760 	67.119293 	72.367119 	69.354164 	49.010204 	69.260376 	77.884529 	71.449280 	70.114189 	
24.207438 	24.698177 	8.062258 	35.846897 	7.810250 	7.280110 	6.708204 	7.071068 	5.385165 	5.099020 	6.082763 	17.000000 	5.385165 	4.123106 	999.000000 	16.155495 	4.000000 	21.540659 	24.351591 	44.294468 	18.027756 	27.166155 	33.136082 	61.220913 	41.231056 	25.019993 	26.172504 	45.177429 	40.199501 	37.107952 	38.832977 	30.870699 	42.426407 	39.849716 	41.231056 	39.000000 	69.771057 	42.720020 	43.324360 	43.965897 	43.416588 	47.296936 	44.922153 	46.238514 	63.505905 	70.880180 	63.198101 	68.658577 	65.490456 	48.259712 	65.375839 	74.330345 	67.601776 	66.189125 	
32.695564 	18.027756 	19.026299 	25.179358 	20.000000 	17.029387 	18.000000 	20.024984 	17.029387 	16.031219 	14.000000 	32.557640 	13.038404 	19.646883 	16.155495 	999.000000 	18.027756 	5.385165 	8.246211 	28.301943 	16.000000 	15.000000 	18.248287 	45.967381 	25.317978 	34.885529 	36.715118 	30.066593 	26.925823 	25.806976 	26.925823 	34.058773 	29.546574 	29.206163 	29.681644 	29.698484 	53.712196 	32.649654 	32.802441 	33.015148 	54.589375 	35.355339 	56.435802 	36.235340 	48.041649 	54.817879 	48.010414 	52.773098 	50.039986 	57.584721 	50.009998 	58.240879 	52.086468 	51.009804 	
27.459061 	28.460499 	11.704700 	39.357338 	11.180340 	11.180340 	10.440307 	10.295630 	9.219544 	9.055386 	10.049875 	17.464249 	9.219544 	6.403124 	4.000000 	18.027756 	999.000000 	23.323807 	25.942244 	46.324940 	16.155495 	27.018513 	33.734257 	63.780876 	42.379242 	21.023796 	22.203604 	45.705578 	40.000000 	36.345562 	38.209946 	27.294687 	42.047592 	38.832977 	40.447498 	37.643059 	71.693794 	41.484936 	42.201897 	42.953465 	39.560081 	46.529560 	41.109608 	44.922153 	64.132675 	72.111023 	63.639610 	69.641945 	66.098412 	44.283180 	65.924202 	75.610847 	68.249542 	66.610809 	
36.687874 	18.601076 	24.020824 	23.086792 	25.079872 	22.022715 	23.086792 	25.179358 	22.203604 	21.213203 	19.104973 	37.854988 	18.248287 	25.000000 	21.540659 	5.385165 	23.323807 	999.000000 	3.000000 	23.021729 	18.681541 	13.038404 	13.928389 	41.036568 	20.099751 	39.115215 	41.048752 	25.317978 	23.323807 	23.345236 	24.083189 	36.674240 	26.076809 	26.907248 	26.907248 	28.017851 	48.373547 	30.479502 	30.413813 	30.413813 	58.830265 	32.202484 	60.745369 	33.970577 	43.000000 	49.477268 	43.104523 	47.518417 	45.000000 	61.326992 	45.011108 	52.886673 	47.010635 	46.097721 	
39.560081 	20.518284 	27.018513 	23.537205 	28.071337 	25.019993 	26.076809 	28.160255 	25.179358 	24.186773 	22.090721 	40.792156 	21.213203 	27.892651 	24.351591 	8.246211 	25.942244 	3.000000 	999.000000 	20.615528 	19.697716 	11.704700 	11.180340 	39.051247 	17.117243 	40.804413 	42.801868 	22.360680 	20.808653 	21.400934 	21.931713 	37.363083 	23.600847 	25.000000 	24.758837 	26.419689 	45.793011 	28.600698 	28.425341 	28.319605 	60.464867 	29.832869 	62.425957 	32.015621 	40.000000 	46.572525 	40.112343 	44.553337 	42.000000 	62.609905 	42.011902 	50.000000 	44.011364 	43.104523 	
54.037025 	30.066593 	45.221676 	23.259407 	46.486557 	43.324360 	44.598206 	46.818798 	44.011364 	43.081318 	40.853397 	59.808025 	40.311287 	47.423622 	44.294468 	28.301943 	46.324940 	23.021729 	20.615528 	999.000000 	39.204590 	26.832815 	18.973665 	19.235384 	11.045361 	60.959003 	63.031738 	18.027756 	25.019993 	30.149628 	29.017237 	55.470715 	27.166155 	33.015148 	31.016125 	36.124783 	25.495098 	36.013885 	35.057095 	34.132095 	80.430092 	32.756680 	82.462112 	38.209946 	27.294687 	29.017237 	28.844410 	28.635643 	29.068884 	81.835197 	29.529646 	32.015621 	30.463093 	31.384710 	
41.725292 	33.541019 	25.495098 	41.109608 	25.612497 	24.041630 	24.083189 	25.000000 	22.671568 	21.931713 	21.260292 	33.526108 	19.849434 	21.954498 	18.027756 	16.000000 	16.155495 	18.681541 	19.697716 	39.204590 	999.000000 	13.892444 	22.203604 	58.249462 	32.015621 	21.931713 	24.083189 	33.105892 	25.709921 	21.023796 	23.086792 	18.110771 	27.294687 	23.086792 	25.000000 	21.587032 	63.031738 	25.495098 	26.305893 	27.166155 	41.231056 	31.016125 	43.278172 	28.861740 	51.264023 	60.901562 	50.289165 	57.697487 	53.141319 	42.941822 	52.810986 	64.498062 	55.362442 	53.160137 	
47.413078 	31.622776 	32.572994 	35.171009 	33.241539 	30.675724 	31.320919 	32.984844 	30.083218 	29.120440 	27.513634 	44.102154 	26.248810 	31.257000 	27.166155 	15.000000 	27.018513 	13.038404 	11.704700 	26.832815 	13.892444 	999.000000 	8.485281 	46.065170 	18.384777 	35.608986 	37.802116 	19.313208 	13.038404 	10.816654 	12.083046 	28.653097 	15.297058 	14.212670 	14.764823 	15.000000 	49.497475 	17.691807 	17.804493 	18.027756 	54.451813 	20.615528 	56.568542 	21.260292 	37.643059 	47.010635 	36.878178 	43.863426 	39.560081 	55.217751 	39.293766 	50.606323 	41.761227 	39.812057 	
50.596443 	31.240999 	37.215588 	31.764761 	38.118237 	35.227829 	36.124783 	38.052597 	35.057095 	34.058773 	32.140316 	50.089920 	31.064449 	37.054016 	33.136082 	18.248287 	33.734257 	13.928389 	11.180340 	18.973665 	22.203604 	8.485281 	999.000000 	38.078865 	9.899495 	44.045429 	46.227695 	12.041595 	9.899495 	12.369317 	12.083046 	36.891735 	12.727922 	15.811388 	14.764823 	18.248287 	41.012192 	19.313208 	18.788294 	18.357559 	62.936478 	19.104973 	65.053825 	22.360680 	30.413813 	38.910152 	30.066593 	36.055511 	32.388271 	63.600315 	32.249031 	42.485291 	34.525352 	33.060551 	
65.802734 	41.785164 	60.539242 	30.805843 	61.911228 	58.830265 	60.207973 	62.433964 	59.908264 	59.076221 	56.859474 	75.292763 	56.612720 	63.820061 	61.220913 	45.967381 	63.780876 	41.036568 	39.051247 	19.235384 	58.249462 	46.065170 	38.078865 	999.000000 	29.120440 	79.812279 	81.835197 	34.132095 	42.755116 	48.507732 	47.074409 	74.706093 	44.407207 	50.990196 	48.662102 	54.341511 	15.231546 	53.600372 	52.469040 	51.351727 	99.403221 	49.040798 	101.400200 	55.226807 	33.541019 	26.907248 	36.249138 	29.832869 	34.481880 	101.019798 	35.355339 	28.017851 	34.669872 	37.589893 	
55.731499 	33.615471 	44.102154 	30.413813 	45.177429 	42.107006 	43.185646 	45.276924 	42.296574 	41.303753 	39.204590 	57.870544 	38.327538 	44.911022 	41.231056 	25.317978 	42.379242 	20.099751 	17.117243 	11.045361 	32.015621 	18.384777 	9.899495 	29.120440 	999.000000 	53.907330 	56.080299 	7.810250 	14.000000 	19.416489 	18.110771 	46.615448 	16.124516 	22.090721 	20.000000 	25.317978 	31.112698 	25.000000 	24.020824 	23.086792 	72.835434 	21.840330 	74.953316 	27.166155 	23.086792 	29.732138 	23.537205 	27.459061 	25.079872 	73.409805 	25.179358 	33.241539 	27.018513 	26.476404 	
46.173584 	49.030602 	32.140316 	59.135437 	31.257000 	32.015621 	31.064449 	30.265491 	30.016663 	30.000000 	31.064449 	29.681644 	30.149628 	26.172504 	25.019993 	34.885529 	21.023796 	39.115215 	40.804413 	60.959003 	21.931713 	35.608986 	44.045429 	79.812279 	53.907330 	999.000000 	2.236068 	54.378304 	46.065170 	40.311287 	42.544094 	14.317822 	47.010635 	41.109608 	43.657761 	38.327538 	84.958817 	42.201897 	43.416588 	44.643028 	19.723083 	49.040798 	21.633308 	44.721359 	72.006943 	82.377182 	70.682388 	78.892334 	73.790245 	23.345236 	73.348480 	85.982559 	76.026314 	73.409805 	
46.572525 	50.447994 	33.015148 	60.745369 	32.062439 	33.015148 	32.000000 	31.064449 	31.016125 	31.064449 	32.249031 	29.529646 	31.400637 	27.018513 	26.172504 	36.715118 	22.203604 	41.048752 	42.801868 	63.031738 	24.083189 	37.802116 	46.227695 	81.835197 	56.080299 	2.236068 	999.000000 	56.603886 	48.301140 	42.544094 	44.777225 	16.124516 	49.244289 	43.324360 	45.880280 	40.521599 	87.114868 	44.384682 	45.607018 	46.840153 	17.888544 	51.244511 	19.723083 	46.872166 	74.242844 	84.599052 	72.917763 	81.123360 	76.026314 	22.090721 	75.584389 	88.204308 	78.262383 	75.643906 	
61.846584 	40.706264 	49.091751 	38.183765 	50.039986 	47.095646 	48.041649 	50.009998 	47.010635 	46.010868 	44.045429 	62.128899 	43.011627 	49.091751 	45.177429 	30.066593 	45.705578 	25.317978 	22.360680 	18.027756 	33.105892 	19.313208 	12.041595 	34.132095 	7.810250 	54.378304 	56.603886 	999.000000 	9.433981 	15.811388 	13.892444 	45.254833 	10.440307 	17.464249 	14.866069 	21.023796 	32.756680 	19.646883 	18.439089 	17.262676 	72.470680 	15.033297 	74.652527 	21.095022 	18.439089 	28.017851 	18.027756 	24.596748 	20.396078 	72.138756 	20.223749 	31.622776 	22.561028 	21.023796 	
59.615433 	41.109608 	45.354160 	41.340054 	46.097721 	43.416588 	44.147480 	45.891174 	42.953465 	41.976185 	40.261642 	57.140179 	39.051247 	44.283180 	40.199501 	26.925823 	40.000000 	23.323807 	20.808653 	25.019993 	25.709921 	13.038404 	9.899495 	42.755116 	14.000000 	46.065170 	48.301140 	9.433981 	999.000000 	6.403124 	4.472136 	36.124783 	2.828427 	8.246211 	6.000000 	11.704700 	42.190044 	11.000000 	10.049875 	9.219544 	63.600315 	9.219544 	65.802734 	13.341664 	25.942244 	36.878178 	24.698177 	33.015148 	27.730848 	62.936478 	27.313000 	40.459858 	29.966648 	27.513634 	
58.180752 	41.868843 	43.081318 	43.863426 	43.657761 	41.231056 	41.785164 	43.324360 	40.496914 	39.560081 	38.078865 	53.758720 	36.769554 	41.231056 	37.107952 	25.806976 	36.345562 	23.345236 	21.400934 	30.149628 	21.023796 	10.816654 	12.369317 	48.507732 	19.416489 	40.311287 	42.544094 	15.811388 	6.403124 	999.000000 	2.236068 	29.832869 	6.708204 	3.605551 	4.123106 	6.000000 	48.548943 	7.211102 	7.071068 	7.211102 	57.428215 	10.198039 	59.640591 	10.630146 	31.906113 	43.185646 	30.413813 	39.204590 	33.615471 	56.586216 	33.120991 	46.754681 	35.846897 	33.105892 	
59.481091 	42.449970 	44.598206 	43.829212 	45.221676 	42.720020 	43.324360 	44.922153 	42.059483 	41.109608 	39.560081 	55.578773 	38.275318 	42.953465 	38.832977 	26.925823 	38.209946 	24.083189 	21.931713 	29.017237 	23.086792 	12.083046 	12.083046 	47.074409 	18.110771 	42.544094 	44.777225 	13.892444 	4.472136 	2.236068 	999.000000 	32.015621 	4.472136 	4.000000 	2.828427 	7.280110 	46.647614 	7.280110 	6.708204 	6.403124 	59.640591 	8.544003 	61.854668 	10.295630 	29.681644 	41.036568 	28.178005 	37.013512 	31.384710 	58.728188 	30.886890 	44.598206 	33.615471 	30.870699 	
54.708317 	51.156624 	38.910152 	59.211487 	38.470768 	38.078865 	37.576588 	37.589893 	36.249138 	35.846897 	36.055511 	41.036568 	34.785053 	33.615471 	30.870699 	34.058773 	27.294687 	36.674240 	37.363083 	55.470715 	18.110771 	28.653097 	36.891735 	74.706093 	46.615448 	14.317822 	16.124516 	45.254833 	36.124783 	29.832869 	32.015621 	999.000000 	36.400551 	29.681644 	32.449963 	26.419689 	77.466118 	29.966648 	31.304953 	32.649654 	27.784887 	37.121422 	30.016663 	31.953091 	61.611687 	73.000000 	59.908264 	69.028976 	63.245552 	26.907248 	62.681736 	76.576759 	65.459915 	62.433964 	
62.241467 	43.931767 	47.801674 	44.102154 	48.507732 	45.880280 	46.572525 	48.270073 	45.354160 	44.384682 	42.720020 	59.304298 	41.484936 	46.529560 	42.426407 	29.546574 	42.047592 	26.076809 	23.600847 	27.166155 	27.294687 	15.297058 	12.727922 	44.407207 	16.124516 	47.010635 	49.244289 	10.440307 	2.828427 	6.708204 	4.472136 	36.400551 	999.000000 	7.211102 	4.472136 	10.816654 	42.941822 	9.219544 	8.062258 	7.000000 	64.070274 	6.403124 	66.287254 	11.045361 	25.238859 	36.769554 	23.706539 	32.649654 	26.925823 	63.031738 	26.419689 	40.311287 	29.154760 	26.400757 	
61.400326 	45.453274 	46.097721 	47.423622 	46.615448 	44.283180 	44.777225 	46.238514 	43.462627 	42.544094 	41.146080 	56.293873 	39.812057 	43.965897 	39.849716 	29.206163 	38.832977 	26.907248 	25.000000 	33.015148 	23.086792 	14.212670 	15.811388 	50.990196 	22.090721 	41.109608 	43.324360 	17.464249 	8.246211 	3.605551 	4.000000 	29.681644 	7.211102 	999.000000 	2.828427 	3.605551 	50.119858 	3.605551 	3.605551 	4.123106 	57.454330 	8.062258 	59.682495 	7.071068 	32.015621 	43.863426 	30.232433 	39.623226 	33.600594 	56.080299 	33.015148 	47.381432 	35.805027 	32.756680 	
62.177166 	45.276924 	47.169907 	46.529560 	47.759815 	45.310043 	45.880280 	47.434166 	44.598206 	43.657761 	42.154476 	57.870544 	40.853397 	45.354160 	41.231056 	29.681644 	40.447498 	26.907248 	24.758837 	31.016125 	25.000000 	14.764823 	14.764823 	48.662102 	20.000000 	43.657761 	45.880280 	14.866069 	6.000000 	4.123106 	2.828427 	32.449963 	4.472136 	2.828427 	999.000000 	6.403124 	47.413078 	5.000000 	4.123106 	3.605551 	60.207973 	6.082763 	62.433964 	7.615773 	29.206163 	41.036568 	27.459061 	36.796738 	30.805843 	58.898216 	30.232433 	44.553337 	33.015148 	30.016663 	
61.294373 	46.615448 	45.650848 	49.396355 	46.065170 	43.908997 	44.294468 	45.617977 	42.941822 	42.059483 	40.816662 	55.081757 	39.446167 	43.081318 	39.000000 	29.698484 	37.643059 	28.017851 	26.419689 	36.124783 	21.587032 	15.000000 	18.248287 	54.341511 	25.317978 	38.327538 	40.521599 	21.023796 	11.704700 	6.000000 	7.280110 	26.419689 	10.816654 	3.605551 	6.403124 	999.000000 	53.712196 	4.000000 	5.099020 	6.324555 	54.203320 	10.770329 	56.435802 	7.280110 	35.468296 	47.423622 	33.600594 	43.139309 	37.013512 	52.630791 	36.400551 	50.931328 	39.204590 	36.055511 	
78.089691 	53.758720 	70.576202 	44.011364 	71.867935 	68.709534 	70.007141 	72.235725 	69.462219 	68.541962 	66.309875 	85.234970 	65.795135 	72.917763 	69.771057 	53.712196 	71.693794 	48.373547 	45.793011 	25.495098 	63.031738 	49.497475 	41.012192 	15.231546 	31.112698 	84.958817 	87.114868 	32.756680 	42.190044 	48.548943 	46.647614 	77.466118 	42.941822 	50.119858 	47.413078 	53.712196 	999.000000 	51.894123 	50.566788 	49.244289 	103.947105 	45.880280 	106.066017 	52.554733 	24.020824 	13.416408 	27.018513 	17.720045 	24.186773 	104.350372 	25.179358 	13.453624 	23.537205 	27.294687 	
64.660652 	49.040798 	49.193497 	50.990196 	49.658836 	47.413078 	47.853943 	49.244289 	46.518814 	45.617977 	44.294468 	58.940647 	42.941822 	46.818798 	42.720020 	32.649654 	41.484936 	30.479502 	28.600698 	36.013885 	25.495098 	17.691807 	19.313208 	53.600372 	25.000000 	42.201897 	44.384682 	19.646883 	11.000000 	7.211102 	7.280110 	29.966648 	9.219544 	3.605551 	5.000000 	4.000000 	51.894123 	999.000000 	1.414214 	2.828427 	57.706154 	7.211102 	59.941639 	3.605551 	32.526913 	44.821869 	30.479502 	40.360870 	33.970577 	55.803226 	33.301651 	48.270073 	36.124783 	32.802441 	
65.000000 	48.918301 	49.658836 	50.537113 	50.159744 	47.853943 	48.332184 	49.769470 	47.010635 	46.097721 	44.721359 	59.665737 	43.382023 	47.434166 	43.324360 	32.802441 	42.201897 	30.413813 	28.425341 	35.057095 	26.305893 	17.804493 	18.788294 	52.469040 	24.020824 	43.416588 	45.607018 	18.439089 	10.049875 	7.071068 	6.708204 	31.304953 	8.062258 	3.605551 	4.123106 	5.099020 	50.566788 	1.414214 	999.000000 	1.414214 	59.059292 	5.830952 	61.294373 	3.605551 	31.112698 	43.416588 	29.068884 	38.948685 	32.557640 	57.201397 	31.890438 	46.861500 	34.713108 	31.400637 	
65.368187 	48.836460 	50.159744 	50.119858 	50.695168 	48.332184 	48.846699 	50.328918 	47.539455 	46.615448 	45.188496 	60.415230 	43.863426 	48.083260 	43.965897 	33.015148 	42.953465 	30.413813 	28.319605 	34.132095 	27.166155 	18.027756 	18.357559 	51.351727 	23.086792 	44.643028 	46.840153 	17.262676 	9.219544 	7.211102 	6.403124 	32.649654 	7.000000 	4.123106 	3.605551 	6.324555 	49.244289 	2.828427 	1.414214 	999.000000 	60.415230 	4.472136 	62.649822 	4.123106 	29.698484 	42.011902 	27.658634 	37.536648 	31.144823 	58.600342 	30.479502 	45.453274 	33.301651 	30.000000 	
61.131008 	68.007355 	49.497475 	78.549347 	48.373547 	49.819675 	48.662102 	47.381432 	47.853943 	48.052055 	49.477268 	42.426407 	48.764740 	43.566040 	43.416588 	54.589375 	39.560081 	58.830265 	60.464867 	80.430092 	41.231056 	54.451813 	62.936478 	99.403221 	72.835434 	19.723083 	17.888544 	72.470680 	63.600315 	57.428215 	59.640591 	27.784887 	64.070274 	57.454330 	60.207973 	54.203320 	103.947105 	57.706154 	59.059292 	60.415230 	999.000000 	64.884514 	2.236068 	59.506302 	89.308456 	100.424103 	87.664131 	96.607452 	90.972527 	8.485281 	90.426765 	104.019226 	93.193344 	90.210861 	
67.977936 	50.249378 	53.141319 	50.477718 	53.758720 	51.264023 	51.865211 	53.450912 	50.596443 	49.648766 	48.104053 	63.953106 	46.818798 	51.419842 	47.296936 	35.355339 	46.529560 	32.202484 	29.832869 	32.756680 	31.016125 	20.615528 	19.104973 	49.040798 	21.840330 	49.040798 	51.244511 	15.033297 	9.219544 	10.198039 	8.544003 	37.121422 	6.403124 	8.062258 	6.082763 	10.770329 	45.880280 	7.211102 	5.830952 	4.472136 	64.884514 	999.000000 	67.119293 	6.708204 	25.495098 	38.013157 	23.345236 	33.421551 	26.870058 	63.007935 	26.172504 	41.400482 	29.000000 	25.612497 	
62.032249 	69.570107 	50.803543 	80.230919 	49.648766 	51.195702 	50.009998 	48.662102 	49.244289 	49.477268 	50.960770 	43.185646 	50.289165 	44.911022 	44.922153 	56.435802 	41.109608 	60.745369 	62.425957 	82.462112 	43.278172 	56.568542 	65.053825 	101.400200 	74.953316 	21.633308 	19.723083 	74.652527 	65.802734 	59.640591 	61.854668 	30.016663 	66.287254 	59.682495 	62.433964 	56.435802 	106.066017 	59.941639 	61.294373 	62.649822 	2.236068 	67.119293 	999.000000 	61.741398 	91.525955 	102.615791 	89.888817 	98.812958 	93.193344 	9.433981 	92.649879 	106.212051 	95.414886 	92.439171 	
68.264191 	52.497620 	52.773098 	54.120235 	53.225933 	51.000000 	51.429562 	52.801514 	50.089920 	49.193497 	47.885281 	62.361847 	46.529560 	50.328918 	46.238514 	36.235340 	44.922153 	33.970577 	32.015621 	38.209946 	28.861740 	21.260292 	22.360680 	55.226807 	27.166155 	44.721359 	46.872166 	21.095022 	13.341664 	10.630146 	10.295630 	31.953091 	11.045361 	7.071068 	7.615773 	7.280110 	52.554733 	3.605551 	3.605551 	4.123106 	59.506302 	6.708204 	61.741398 	999.000000 	32.015621 	44.654228 	29.732138 	40.000000 	33.301651 	57.140179 	32.557640 	48.010414 	35.383614 	31.827662 	
78.771820 	56.044624 	67.007462 	50.537113 	68.029404 	65.007690 	66.030296 	68.066147 	65.069191 	64.070274 	62.032249 	80.399002 	61.073727 	67.364677 	63.505905 	48.041649 	64.132675 	43.000000 	40.000000 	27.294687 	51.264023 	37.643059 	30.413813 	33.541019 	23.086792 	72.006943 	74.242844 	18.439089 	25.942244 	31.906113 	29.681644 	61.611687 	25.238859 	32.015621 	29.206163 	35.468296 	24.020824 	32.526913 	31.112698 	29.698484 	89.308456 	25.495098 	91.525955 	32.015621 	999.000000 	13.000000 	3.000000 	8.062258 	2.000000 	88.090858 	2.236068 	16.124516 	4.123106 	4.242640 	
83.006027 	59.076221 	73.164200 	51.195702 	74.330345 	71.196907 	72.367119 	74.525162 	71.589104 	70.611610 	68.447060 	87.321243 	67.683083 	74.464760 	70.880180 	54.817879 	72.111023 	49.477268 	46.572525 	29.017237 	60.901562 	47.010635 	38.910152 	26.907248 	29.732138 	82.377182 	84.599052 	28.017851 	36.878178 	43.185646 	41.036568 	73.000000 	36.769554 	43.863426 	41.036568 	47.423622 	13.416408 	44.821869 	43.416588 	42.011902 	100.424103 	38.013157 	102.615791 	44.654228 	13.000000 	999.000000 	15.811388 	5.099020 	12.369317 	99.764725 	13.341664 	3.605551 	11.045361 	15.132746 	
79.246452 	56.920998 	67.029846 	51.971146 	68.007355 	65.030762 	66.007576 	68.000000 	65.000000 	64.000000 	62.008064 	80.156097 	61.000000 	67.119293 	63.198101 	48.010414 	63.639610 	43.104523 	40.112343 	28.844410 	50.289165 	36.878178 	30.066593 	36.249138 	23.537205 	70.682388 	72.917763 	18.027756 	24.698177 	30.413813 	28.178005 	59.908264 	23.706539 	30.232433 	27.459061 	33.600594 	27.018513 	30.479502 	29.068884 	27.658634 	87.664131 	23.345236 	89.888817 	29.732138 	3.000000 	15.811388 	999.000000 	10.770329 	3.605551 	86.214851 	2.828427 	18.788294 	5.656854 	3.000000 	
82.097504 	58.549126 	71.449280 	51.546097 	72.560318 	69.462219 	70.576202 	72.691124 	69.720871 	68.731361 	66.610809 	85.328773 	65.764732 	72.367119 	68.658577 	52.773098 	69.641945 	47.518417 	44.553337 	28.635643 	57.697487 	43.863426 	36.055511 	29.832869 	27.459061 	78.892334 	81.123360 	24.596748 	33.015148 	39.204590 	37.013512 	69.028976 	32.649654 	39.623226 	36.796738 	43.139309 	17.720045 	40.360870 	38.948685 	37.536648 	96.607452 	33.421551 	98.812958 	40.000000 	8.062258 	5.099020 	10.770329 	999.000000 	7.280110 	95.671310 	8.246211 	8.062258 	6.000000 	10.049875 	
80.752708 	57.974133 	69.007248 	52.325901 	70.028564 	67.007462 	68.029404 	70.064255 	67.067131 	66.068146 	64.031242 	82.389320 	63.071388 	69.354164 	65.490456 	50.039986 	66.098412 	45.000000 	42.000000 	29.068884 	53.141319 	39.560081 	32.388271 	34.481880 	25.079872 	73.790245 	76.026314 	20.396078 	27.730848 	33.615471 	31.384710 	63.245552 	26.925823 	33.600594 	30.805843 	37.013512 	24.186773 	33.970577 	32.557640 	31.144823 	90.972527 	26.870058 	93.193344 	33.301651 	2.000000 	12.369317 	3.605551 	7.280110 	999.000000 	89.643738 	1.000000 	15.231546 	2.236068 	3.162278 	
67.742157 	72.367119 	55.009090 	82.280006 	54.000000 	55.081757 	54.037025 	53.000000 	53.084839 	53.150730 	54.332310 	49.477268 	53.460266 	49.010204 	48.259712 	57.584721 	44.283180 	61.326992 	62.609905 	81.835197 	42.941822 	55.217751 	63.600315 	101.019798 	73.409805 	23.345236 	22.090721 	72.138756 	62.936478 	56.586216 	58.728188 	26.907248 	63.031738 	56.080299 	58.898216 	52.630791 	104.350372 	55.803226 	57.201397 	58.600342 	8.485281 	63.007935 	9.433981 	57.140179 	88.090858 	99.764725 	86.214851 	95.671310 	89.643738 	999.000000 	89.022469 	103.324730 	91.831367 	88.600227 	
80.894997 	58.240879 	69.000000 	52.773098 	70.007141 	67.000000 	68.007355 	70.028564 	67.029846 	66.030296 	64.007812 	82.298241 	63.031738 	69.260376 	65.375839 	50.009998 	65.924202 	45.011108 	42.011902 	29.529646 	52.810986 	39.293766 	32.249031 	35.355339 	25.179358 	73.348480 	75.584389 	20.223749 	27.313000 	33.120991 	30.886890 	62.681736 	26.419689 	33.015148 	30.232433 	36.400551 	25.179358 	33.301651 	31.890438 	30.479502 	90.426765 	26.172504 	92.649879 	32.557640 	2.236068 	13.341664 	2.828427 	8.246211 	1.000000 	89.022469 	999.000000 	16.155495 	2.828427 	2.236068 	
86.052307 	62.008064 	76.485291 	53.758720 	77.665955 	74.525162 	75.709976 	77.878113 	74.953316 	73.979729 	71.805290 	90.708321 	71.063354 	77.884529 	74.330345 	58.240879 	75.610847 	52.886673 	50.000000 	32.015621 	64.498062 	50.606323 	42.485291 	28.017851 	33.241539 	85.982559 	88.204308 	31.622776 	40.459858 	46.754681 	44.598206 	76.576759 	40.311287 	47.381432 	44.553337 	50.931328 	13.453624 	48.270073 	46.861500 	45.453274 	104.019226 	41.400482 	106.212051 	48.010414 	16.124516 	3.605551 	18.788294 	8.062258 	15.231546 	103.324730 	16.155495 	999.000000 	13.601471 	17.720045 	
82.607506 	59.665737 	71.028160 	53.712196 	72.062469 	69.028976 	70.064255 	72.111023 	69.115845 	68.117546 	66.068146 	84.480766 	65.122963 	71.449280 	67.601776 	52.086468 	68.249542 	47.010635 	44.011364 	30.463093 	55.362442 	41.761227 	34.525352 	34.669872 	27.018513 	76.026314 	78.262383 	22.561028 	29.966648 	35.846897 	33.615471 	65.459915 	29.154760 	35.805027 	33.015148 	39.204590 	23.537205 	36.124783 	34.713108 	33.301651 	93.193344 	29.000000 	95.414886 	35.383614 	4.123106 	11.045361 	5.656854 	6.000000 	2.236068 	91.831367 	2.828427 	13.601471 	999.000000 	4.123106 	
82.200974 	59.774578 	70.028564 	54.589375 	71.007042 	68.029404 	69.007248 	71.000000 	68.000000 	67.000000 	65.007690 	83.150467 	64.000000 	70.114189 	66.189125 	51.009804 	66.610809 	46.097721 	43.104523 	31.384710 	53.160137 	39.812057 	33.060551 	37.589893 	26.476404 	73.409805 	75.643906 	21.023796 	27.513634 	33.105892 	30.870699 	62.433964 	26.400757 	32.756680 	30.016663 	36.055511 	27.294687 	32.802441 	31.400637 	30.000000 	90.210861 	25.612497 	92.439171 	31.827662 	4.242640 	15.132746 	3.000000 	10.049875 	3.162278 	88.600227 	2.236068 	17.720045 	4.123106 	999.000000 	

Travel time:
9.000000 	0.608276 	0.406971 	0.877853 	0.410031 	0.442295 	0.442295 	0.430116 	0.477624 	0.494975 	0.515388 	0.477624 	0.550568 	0.527376 	0.605186 	0.817389 	0.686477 	0.917197 	0.989002 	1.350926 	1.043132 	1.185327 	1.264911 	1.645068 	1.393287 	1.154340 	1.164313 	1.546165 	1.490386 	1.454519 	1.487027 	1.367708 	1.556037 	1.535008 	1.554429 	1.532359 	1.952242 	1.616516 	1.625000 	1.634205 	1.528275 	1.699448 	1.550806 	1.706605 	1.969296 	2.075151 	1.981161 	2.052438 	2.018818 	1.693554 	2.022375 	2.151308 	2.065188 	2.055024 	
0.608276 	9.000000 	0.515388 	0.301040 	0.550568 	0.485412 	0.520216 	0.570088 	0.527376 	0.514782 	0.469707 	0.867828 	0.482830 	0.638847 	0.617454 	0.450694 	0.711512 	0.465027 	0.512957 	0.751665 	0.838525 	0.790569 	0.781025 	1.044629 	0.840387 	1.225765 	1.261200 	1.017657 	1.027740 	1.046721 	1.061249 	1.278916 	1.098294 	1.136332 	1.131923 	1.165386 	1.343968 	1.226020 	1.222957 	1.220912 	1.700184 	1.256234 	1.739253 	1.312441 	1.401116 	1.476906 	1.423025 	1.463728 	1.449353 	1.809178 	1.456022 	1.550202 	1.491643 	1.494365 	
0.406971 	0.515388 	9.000000 	0.813941 	0.035355 	0.050000 	0.035355 	0.055902 	0.070711 	0.090139 	0.127475 	0.369121 	0.158114 	0.150000 	0.201556 	0.475657 	0.292617 	0.600521 	0.675463 	1.130542 	0.637377 	0.814325 	0.930390 	1.513481 	1.102554 	0.803508 	0.825379 	1.227294 	1.133854 	1.077033 	1.114955 	0.972754 	1.195042 	1.152443 	1.179248 	1.141271 	1.764405 	1.229837 	1.241471 	1.253994 	1.237437 	1.328533 	1.270089 	1.319327 	1.675187 	1.829105 	1.675746 	1.786232 	1.725181 	1.375227 	1.725000 	1.912132 	1.775704 	1.750714 	
0.877853 	0.301040 	0.813941 	9.000000 	0.849264 	0.781025 	0.816241 	0.867828 	0.820061 	0.805062 	0.755811 	1.168867 	0.763217 	0.930054 	0.896172 	0.629484 	0.983933 	0.577170 	0.588430 	0.581485 	1.027740 	0.879275 	0.794119 	0.770146 	0.760345 	1.478386 	1.518634 	0.954594 	1.033501 	1.096586 	1.095730 	1.480287 	1.102554 	1.185591 	1.163239 	1.234909 	1.100284 	1.274755 	1.263428 	1.252996 	1.963734 	1.261943 	2.005773 	1.353006 	1.263428 	1.279893 	1.299279 	1.288652 	1.308148 	2.057000 	1.319327 	1.343968 	1.342805 	1.364734 	
0.410031 	0.550568 	0.035355 	0.849264 	9.000000 	0.079057 	0.050000 	0.025000 	0.079057 	0.103078 	0.150000 	0.335410 	0.176777 	0.127475 	0.195256 	0.500000 	0.279509 	0.626997 	0.701783 	1.162164 	0.640312 	0.831038 	0.952956 	1.547781 	1.129436 	0.781425 	0.801561 	1.251000 	1.152443 	1.091444 	1.130542 	0.961769 	1.212693 	1.165386 	1.193995 	1.151629 	1.796698 	1.241471 	1.253994 	1.267379 	1.209339 	1.343968 	1.241219 	1.330648 	1.700735 	1.858259 	1.700184 	1.814008 	1.750714 	1.350000 	1.750179 	1.941649 	1.801562 	1.775176 	
0.442295 	0.485412 	0.050000 	0.781025 	0.079057 	9.000000 	0.035355 	0.090139 	0.050000 	0.055902 	0.079057 	0.413824 	0.111803 	0.158114 	0.182003 	0.425735 	0.279509 	0.550568 	0.625500 	1.083109 	0.601041 	0.766893 	0.880696 	1.470757 	1.052675 	0.800391 	0.825379 	1.177391 	1.085415 	1.030776 	1.068001 	0.951972 	1.147007 	1.107080 	1.132751 	1.097725 	1.717738 	1.185327 	1.196349 	1.208305 	1.245492 	1.281601 	1.279893 	1.275000 	1.625192 	1.779923 	1.625769 	1.736555 	1.675187 	1.377044 	1.675000 	1.863129 	1.725724 	1.700735 	
0.442295 	0.520216 	0.035355 	0.816241 	0.050000 	0.035355 	9.000000 	0.055902 	0.035355 	0.055902 	0.100000 	0.380789 	0.127475 	0.127475 	0.167705 	0.450000 	0.261008 	0.577170 	0.651920 	1.114955 	0.602080 	0.783023 	0.903120 	1.505199 	1.079641 	0.776611 	0.800000 	1.201041 	1.103687 	1.044629 	1.083109 	0.939415 	1.164313 	1.119431 	1.147007 	1.107362 	1.750179 	1.196349 	1.208305 	1.221167 	1.216552 	1.296630 	1.250250 	1.285739 	1.650757 	1.809178 	1.650189 	1.764405 	1.700735 	1.350926 	1.700184 	1.892749 	1.751606 	1.725181 	
0.430116 	0.570088 	0.055902 	0.867828 	0.025000 	0.090139 	0.055902 	9.000000 	0.075000 	0.100000 	0.152069 	0.325000 	0.175000 	0.103078 	0.176777 	0.500625 	0.257391 	0.629484 	0.704006 	1.170470 	0.625000 	0.824621 	0.951315 	1.560849 	1.131923 	0.756637 	0.776611 	1.250250 	1.147279 	1.083109 	1.123054 	0.939747 	1.206752 	1.155963 	1.185854 	1.140449 	1.805893 	1.231107 	1.244237 	1.258223 	1.184536 	1.336273 	1.216552 	1.320038 	1.701654 	1.863129 	1.700000 	1.817278 	1.751606 	1.325000 	1.750714 	1.946953 	1.802776 	1.775000 	
0.477624 	0.527376 	0.070711 	0.820061 	0.079057 	0.050000 	0.035355 	0.075000 	9.000000 	0.025000 	0.079057 	0.395285 	0.100000 	0.111803 	0.134629 	0.425735 	0.230489 	0.555090 	0.629484 	1.100284 	0.566789 	0.752080 	0.876427 	1.497707 	1.057414 	0.750417 	0.775403 	1.175266 	1.073837 	1.012423 	1.051487 	0.906228 	1.133854 	1.086566 	1.114955 	1.073546 	1.736555 	1.162970 	1.175266 	1.188486 	1.196349 	1.264911 	1.231107 	1.252248 	1.626730 	1.789728 	1.625000 	1.743022 	1.676678 	1.327121 	1.675746 	1.873833 	1.727896 	1.700000 	
0.494975 	0.514782 	0.090139 	0.805062 	0.103078 	0.055902 	0.055902 	0.100000 	0.025000 	9.000000 	0.055902 	0.419076 	0.075000 	0.125000 	0.127475 	0.400780 	0.226385 	0.530330 	0.604669 	1.077033 	0.548293 	0.728011 	0.851469 	1.476906 	1.032594 	0.750000 	0.776611 	1.150272 	1.049405 	0.989002 	1.027740 	0.896172 	1.109617 	1.063602 	1.091444 	1.051487 	1.713549 	1.140449 	1.152443 	1.165386 	1.201301 	1.241219 	1.236932 	1.229837 	1.601757 	1.765290 	1.600000 	1.718284 	1.651704 	1.328768 	1.650757 	1.849493 	1.702939 	1.675000 	
0.515388 	0.469707 	0.127475 	0.755811 	0.150000 	0.079057 	0.100000 	0.152069 	0.079057 	0.055902 	9.000000 	0.474342 	0.035355 	0.176777 	0.152069 	0.350000 	0.251247 	0.477624 	0.552268 	1.021335 	0.531507 	0.687841 	0.803508 	1.421487 	0.980115 	0.776611 	0.806226 	1.101136 	1.006541 	0.951972 	0.989002 	0.901388 	1.068001 	1.028652 	1.053862 	1.020416 	1.657747 	1.107362 	1.118034 	1.129712 	1.236932 	1.202601 	1.274019 	1.197132 	1.550806 	1.711177 	1.550202 	1.665270 	1.600781 	1.358308 	1.600195 	1.795132 	1.651704 	1.625192 	
0.477624 	0.867828 	0.369121 	1.168867 	0.335410 	0.413824 	0.380789 	0.325000 	0.395285 	0.419076 	0.474342 	9.000000 	0.491172 	0.325960 	0.425000 	0.813941 	0.436606 	0.946375 	1.019804 	1.495201 	0.838153 	1.102554 	1.252248 	1.882319 	1.446764 	0.742041 	0.738241 	1.553222 	1.428504 	1.343968 	1.389469 	1.025914 	1.482607 	1.407347 	1.446764 	1.377044 	2.130874 	1.473516 	1.491643 	1.510381 	1.060660 	1.598828 	1.079641 	1.559046 	2.009975 	2.183031 	2.003902 	2.133219 	2.059733 	1.236932 	2.057456 	2.267708 	2.112019 	2.078762 	
0.550568 	0.482830 	0.158114 	0.763217 	0.176777 	0.111803 	0.127475 	0.175000 	0.100000 	0.075000 	0.035355 	0.491172 	9.000000 	0.180278 	0.134629 	0.325960 	0.230489 	0.456207 	0.530330 	1.007782 	0.496236 	0.656220 	0.776611 	1.415318 	0.958188 	0.753741 	0.785016 	1.075291 	0.976281 	0.919239 	0.956883 	0.869626 	1.037123 	0.995301 	1.021335 	0.986154 	1.644878 	1.073546 	1.084551 	1.096586 	1.219118 	1.170470 	1.257229 	1.163239 	1.526843 	1.692077 	1.525000 	1.644118 	1.576785 	1.336507 	1.575794 	1.776584 	1.628074 	1.600000 	
0.527376 	0.638847 	0.150000 	0.930054 	0.127475 	0.158114 	0.127475 	0.103078 	0.111803 	0.125000 	0.176777 	0.325960 	0.180278 	9.000000 	0.103078 	0.491172 	0.160078 	0.625000 	0.697316 	1.185591 	0.548862 	0.781425 	0.926350 	1.595502 	1.122776 	0.654313 	0.675463 	1.227294 	1.107080 	1.030776 	1.073837 	0.840387 	1.163239 	1.099147 	1.133854 	1.077033 	1.822944 	1.170470 	1.185854 	1.202081 	1.089151 	1.285496 	1.122776 	1.258223 	1.684117 	1.861619 	1.677982 	1.809178 	1.733854 	1.225255 	1.731509 	1.947113 	1.786232 	1.752855 	
