Total assets = 730
Number of asset nodes = 40

Distance:
999.000000 	3.162278 	4.472136 	9.219544 	42.953465 	40.496914 	42.059483 	45.354160 	43.462627 	44.598206 	38.832977 	42.941822 	40.024994 	40.162170 	40.311287 	41.436699 	41.484936 	41.436699 	46.518814 	47.010635 	47.539455 	42.059483 	42.720020 	50.596443 	50.089920 	45.541191 	65.069191 	65.000000 	67.067131 	67.029846 	69.115845 	68.000000 	78.089691 	74.060783 	78.771820 	76.105194 	78.638412 	81.049370 	79.404030 	80.752708 	60.671246 	62.096699 	65.000000 	66.370171 	84.148682 	72.277245 	66.708321 	68.593002 	68.249542 	68.154236 	75.133217 	70.611610 	76.485291 	
3.162278 	999.000000 	7.071068 	10.049875 	40.261642 	38.078865 	39.560081 	42.720020 	41.146080 	42.154476 	39.319206 	40.816662 	40.447498 	40.261642 	40.162170 	42.107006 	41.773197 	41.484936 	44.294468 	44.721359 	45.188496 	42.201897 	42.720020 	48.104053 	47.885281 	45.607018 	62.032249 	62.008064 	64.031242 	64.007812 	66.068146 	65.007690 	74.966660 	71.028160 	75.663727 	73.061615 	75.538071 	77.929459 	76.321686 	77.646637 	61.294373 	62.369865 	65.306969 	67.119293 	81.098709 	74.040527 	67.082039 	69.260376 	68.731361 	68.447060 	76.687675 	71.021126 	74.242844 	
4.472136 	7.071068 	999.000000 	6.403124 	44.283180 	41.231056 	42.953465 	46.529560 	43.965897 	45.354160 	35.440090 	43.081318 	36.687874 	37.161808 	37.589893 	37.854988 	38.275318 	38.483765 	46.818798 	47.434166 	48.083260 	39.000000 	39.812057 	51.419842 	50.328918 	42.544094 	67.364677 	67.119293 	69.354164 	69.260376 	71.449280 	70.114189 	80.808418 	76.321686 	81.394104 	78.409180 	81.215759 	83.743660 	81.884064 	83.360664 	57.070133 	58.821766 	61.684681 	62.649822 	86.469650 	67.911705 	63.324562 	64.938431 	64.761101 	64.845970 	70.859016 	67.186310 	76.694199 	
9.219544 	10.049875 	6.403124 	999.000000 	40.000000 	36.345562 	38.209946 	42.047592 	38.832977 	40.447498 	29.614185 	37.643059 	30.805843 	31.016125 	31.304953 	32.249031 	32.280025 	32.310989 	41.484936 	42.201897 	42.953465 	32.893768 	33.615471 	46.529560 	44.922153 	36.400551 	64.132675 	63.639610 	66.098412 	65.924202 	68.249542 	66.610809 	78.160095 	72.993149 	78.587532 	75.133217 	78.339005 	81.043198 	78.854294 	80.523285 	51.478149 	52.886673 	55.785301 	57.218880 	83.186539 	64.195015 	57.489128 	59.413803 	59.033890 	58.940647 	66.708321 	61.392181 	71.168816 	
42.953465 	40.261642 	44.283180 	40.000000 	999.000000 	6.403124 	4.472136 	2.828427 	8.246211 	6.000000 	44.687805 	11.704700 	44.598206 	41.012192 	38.209946 	48.166378 	43.840622 	41.036568 	11.000000 	10.049875 	9.219544 	42.449970 	41.109608 	9.219544 	13.341664 	43.416588 	25.942244 	24.698177 	27.730848 	27.313000 	29.966648 	27.513634 	41.340054 	34.176014 	41.182522 	36.400551 	40.706264 	43.908997 	40.718548 	42.941822 	60.745369 	57.245087 	59.933296 	66.887962 	44.271889 	85.562843 	62.169125 	67.601776 	64.845970 	62.241467 	85.146935 	65.795135 	36.124783 	
40.496914 	38.078865 	41.231056 	36.345562 	6.403124 	999.000000 	2.236068 	6.708204 	3.605551 	4.123106 	38.418747 	6.000000 	38.288380 	34.655445 	31.827662 	41.868843 	37.483330 	34.655445 	7.211102 	7.071068 	7.211102 	36.069378 	34.713108 	10.198039 	10.630146 	37.013512 	31.906113 	30.413813 	33.615471 	33.120991 	35.846897 	33.105892 	47.434166 	39.812057 	47.169907 	42.047592 	46.647614 	49.929951 	46.529560 	48.877399 	54.378304 	50.990196 	53.712196 	60.539242 	49.769470 	79.195961 	55.946404 	61.294373 	58.600342 	56.080299 	78.746429 	59.615433 	36.359318 	
42.059483 	39.560081 	42.953465 	38.209946 	4.472136 	2.236068 	999.000000 	4.472136 	4.000000 	2.828427 	40.607880 	7.280110 	40.459858 	36.796738 	33.941124 	44.045429 	39.623226 	36.769554 	7.280110 	6.708204 	6.403124 	38.183765 	36.796738 	8.544003 	10.295630 	39.051247 	29.681644 	28.178005 	31.384710 	30.886890 	33.615471 	30.870699 	45.221676 	37.576588 	44.944408 	39.812057 	44.418465 	47.707443 	44.294468 	46.647614 	56.302753 	52.773098 	55.461697 	62.433964 	47.539455 	81.320351 	57.697487 	63.134777 	60.373837 	57.775429 	80.808418 	61.326992 	35.227829 	
45.354160 	42.720020 	46.529560 	42.047592 	2.828427 	6.708204 	4.472136 	999.000000 	7.211102 	4.472136 	45.000000 	10.816654 	44.821869 	41.109608 	38.209946 	48.414875 	43.931767 	41.036568 	9.219544 	8.062258 	7.000000 	42.449970 	41.012192 	6.403124 	11.045361 	43.185646 	25.238859 	23.706539 	26.925823 	26.419689 	29.154760 	26.400757 	40.804413 	33.105892 	40.496914 	35.341194 	39.962482 	43.266617 	39.824615 	42.190044 	60.216278 	56.435802 	59.059292 	66.287254 	43.081318 	85.586212 	61.294373 	66.887962 	64.007812 	61.269894 	84.958817 	64.845970 	33.301651 	
43.462627 	41.146080 	43.965897 	38.832977 	8.246211 	3.605551 	4.000000 	7.211102 	999.000000 	2.828427 	38.275318 	3.605551 	38.013157 	34.205261 	31.240999 	41.617306 	37.013512 	34.058773 	3.605551 	3.605551 	4.123106 	35.468296 	33.970577 	8.062258 	7.071068 	36.069378 	32.015621 	30.232433 	33.600594 	33.015148 	35.805027 	32.756680 	47.634022 	39.446167 	47.201694 	41.677334 	46.615448 	50.000000 	46.324940 	48.826221 	53.009434 	49.244289 	51.884487 	59.076221 	49.193497 	78.568443 	54.120235 	59.682495 	56.824291 	54.129475 	77.833153 	57.697487 	33.120991 	
44.598206 	42.154476 	45.354160 	40.447498 	6.000000 	4.123106 	2.828427 	4.472136 	2.828427 	999.000000 	41.048752 	6.403124 	40.804413 	37.013512 	34.058773 	44.407207 	39.824615 	36.878178 	5.000000 	4.123106 	3.605551 	38.288380 	36.796738 	6.082763 	7.615773 	38.897301 	29.206163 	27.459061 	30.805843 	30.232433 	33.015148 	30.016663 	44.821869 	36.715118 	44.407207 	38.948685 	43.829212 	47.201694 	43.566040 	46.043457 	55.803226 	51.971146 	54.589375 	61.854668 	46.518814 	81.394104 	56.824291 	62.433964 	59.539902 	56.797886 	80.659782 	60.373837 	32.449963 	
38.832977 	39.319206 	35.440090 	29.614185 	44.687805 	38.418747 	40.607880 	45.000000 	38.275318 	41.048752 	999.000000 	34.985710 	1.414214 	5.000000 	8.062258 	3.605551 	3.605551 	6.082763 	38.470768 	39.824615 	41.182522 	5.385165 	7.280110 	45.650848 	40.311287 	8.602325 	70.213959 	68.505478 	71.847061 	71.281136 	74.060783 	71.021126 	85.802101 	77.698135 	85.445892 	79.924965 	84.876381 	88.232651 	84.599052 	87.091904 	22.022715 	23.409399 	26.248810 	28.017851 	87.321243 	41.231056 	27.892651 	30.016663 	29.427877 	29.410883 	41.677334 	31.780497 	61.204575 	
42.941822 	40.816662 	43.081318 	37.643059 	11.704700 	6.000000 	7.280110 	10.816654 	3.605551 	6.403124 	34.985710 	999.000000 	34.669872 	30.805843 	27.802877 	38.275318 	33.600594 	30.610456 	4.000000 	5.099020 	6.324555 	32.015621 	30.479502 	10.770329 	7.280110 	32.526913 	35.468296 	33.600594 	37.013512 	36.400551 	39.204590 	36.055511 	51.088158 	42.720020 	50.606323 	44.944408 	50.000000 	53.413483 	49.648766 	52.201534 	49.406479 	45.650848 	48.301140 	55.470715 	52.354561 	75.073296 	50.537113 	56.080299 	53.235325 	50.566788 	74.276512 	54.129475 	33.615471 	
40.024994 	40.447498 	36.687874 	30.805843 	44.598206 	38.288380 	40.459858 	44.821869 	38.013157 	40.804413 	1.414214 	34.669872 	999.000000 	4.123106 	7.280110 	3.605551 	2.236068 	5.000000 	38.078865 	39.446167 	40.816662 	4.123106 	6.082763 	45.276924 	39.812057 	7.211102 	70.000000 	68.242218 	71.610054 	71.028160 	73.817345 	70.724815 	85.603737 	77.388626 	85.211502 	79.611557 	84.628601 	88.005684 	84.314888 	86.838928 	21.000000 	22.135944 	25.000000 	27.073973 	86.954010 	41.109608 	26.683329 	29.000000 	28.284271 	28.160255 	41.340054 	30.594116 	60.299255 	
40.162170 	40.261642 	37.161808 	31.016125 	41.012192 	34.655445 	36.796738 	41.109608 	34.205261 	37.013512 	5.000000 	30.805843 	4.123106 	999.000000 	3.162278 	7.615773 	2.828427 	1.414214 	34.132095 	35.510563 	36.891735 	2.000000 	2.828427 	41.340054 	35.777088 	5.385165 	66.219330 	64.404968 	67.801178 	67.201187 	70.000000 	66.850578 	81.835197 	73.498299 	81.400246 	75.716576 	80.802231 	84.202141 	80.448738 	83.006027 	22.360680 	22.203604 	25.179358 	28.635643 	83.006027 	44.553337 	27.073973 	30.265491 	29.000000 	28.284271 	44.407207 	31.064449 	56.222771 	
40.311287 	40.162170 	37.589893 	31.304953 	38.209946 	31.827662 	33.941124 	38.209946 	31.240999 	34.058773 	8.062258 	27.802877 	7.280110 	3.162278 	999.000000 	10.770329 	5.830952 	2.828427 	31.064449 	32.449963 	33.837849 	4.242640 	3.162278 	38.275318 	32.649654 	6.082763 	63.253460 	61.400326 	64.815125 	64.202805 	67.007462 	63.820061 	78.873314 	70.455658 	78.409180 	72.670486 	77.801025 	81.215759 	77.420929 	80.000000 	24.041630 	23.000000 	26.000000 	30.364452 	79.924965 	47.381432 	28.017851 	31.780497 	30.149628 	29.017237 	47.010635 	32.015621 	53.150730 	
41.436699 	42.107006 	37.854988 	32.249031 	48.166378 	41.868843 	44.045429 	48.414875 	41.617306 	44.407207 	3.605551 	38.275318 	3.605551 	7.615773 	10.770329 	999.000000 	5.099020 	8.246211 	41.677334 	43.046486 	44.418465 	7.071068 	9.055386 	48.877399 	43.382023 	9.219544 	73.600273 	71.847061 	75.213028 	74.632431 	77.420929 	74.330345 	89.202019 	80.993828 	88.814415 	83.216583 	88.232651 	91.607857 	87.920418 	90.443352 	19.235384 	21.470911 	24.166092 	25.019993 	90.553848 	37.643059 	25.632011 	27.166155 	26.925823 	27.313000 	38.078865 	29.410883 	63.505905 	
41.484936 	41.773197 	38.275318 	32.280025 	43.840622 	37.483330 	39.623226 	43.931767 	37.013512 	39.824615 	3.605551 	33.600594 	2.236068 	2.828427 	5.830952 	5.099020 	999.000000 	3.162278 	36.891735 	38.275318 	39.661064 	2.000000 	4.000000 	44.102154 	38.470768 	5.000000 	69.028976 	67.201187 	70.604530 	70.000000 	72.801102 	69.634758 	84.646324 	76.275818 	84.202141 	78.492035 	83.600243 	87.005745 	83.234612 	85.802101 	20.099751 	20.615528 	23.537205 	26.305893 	85.755463 	41.725292 	25.317978 	28.071337 	27.073973 	26.683329 	41.617306 	29.274563 	58.420887 	
41.436699 	41.484936 	38.483765 	32.310989 	41.036568 	34.655445 	36.769554 	41.036568 	34.058773 	36.878178 	6.082763 	30.610456 	5.000000 	1.414214 	2.828427 	8.246211 	3.162278 	999.000000 	33.837849 	35.227829 	36.619667 	1.414214 	1.414214 	41.048752 	35.355339 	4.123106 	66.068146 	64.202805 	67.623962 	67.007462 	69.814041 	66.610809 	81.688431 	73.239334 	81.215759 	75.451973 	80.603973 	84.023804 	80.212219 	82.800964 	21.587032 	21.095022 	24.083189 	27.892651 	82.680107 	44.553337 	26.019224 	29.427877 	28.017851 	27.166155 	44.204071 	30.016663 	55.326305 	
46.518814 	44.294468 	46.818798 	41.484936 	11.000000 	7.211102 	7.280110 	9.219544 	3.605551 	5.000000 	38.470768 	4.000000 	38.078865 	34.132095 	31.064449 	41.677334 	36.891735 	33.837849 	999.000000 	1.414214 	2.828427 	35.227829 	33.600594 	7.211102 	3.605551 	35.468296 	32.526913 	30.479502 	33.970577 	33.301651 	36.124783 	32.802441 	48.104053 	39.408119 	47.507893 	41.617306 	46.861500 	50.328918 	46.400433 	49.040798 	51.855568 	47.707443 	50.249378 	57.801384 	48.877399 	78.102493 	52.478565 	58.249462 	55.226807 	52.354561 	77.077881 	55.946404 	29.966648 	
47.010635 	44.721359 	47.434166 	42.201897 	10.049875 	7.071068 	6.708204 	8.062258 	3.605551 	4.123106 	39.824615 	5.099020 	39.446167 	35.510563 	32.449963 	43.046486 	38.275318 	35.227829 	1.414214 	999.000000 	1.414214 	36.619667 	35.000000 	5.830952 	3.605551 	36.878178 	31.112698 	29.068884 	32.557640 	31.890438 	34.713108 	31.400637 	46.690472 	38.013157 	46.097721 	40.224369 	45.453274 	48.918301 	45.000000 	47.634022 	53.263496 	49.091751 	51.623638 	59.203041 	47.507893 	79.511009 	53.851646 	59.640591 	56.603886 	53.712196 	78.492035 	57.306194 	29.529646 	
47.539455 	45.188496 	48.083260 	42.953465 	9.219544 	7.211102 	6.403124 	7.000000 	4.123106 	3.605551 	41.182522 	6.324555 	40.816662 	36.891735 	33.837849 	44.418465 	39.661064 	36.619667 	2.828427 	1.414214 	999.000000 	38.013157 	36.400551 	4.472136 	4.123106 	38.288380 	29.698484 	27.658634 	31.144823 	30.479502 	33.301651 	30.000000 	45.276924 	36.619667 	44.687805 	38.832977 	44.045429 	47.507893 	43.600460 	46.227695 	54.671749 	50.477718 	53.000000 	60.605282 	46.141087 	80.919716 	55.226807 	61.032780 	57.982758 	55.072678 	79.906197 	58.668560 	29.154760 	
42.059483 	42.201897 	39.000000 	32.893768 	42.449970 	36.069378 	38.183765 	42.449970 	35.468296 	38.288380 	5.385165 	32.015621 	4.123106 	2.000000 	4.242640 	7.071068 	2.000000 	1.414214 	35.227829 	36.619667 	38.013157 	999.000000 	2.000000 	42.438190 	36.715118 	3.605551 	67.475922 	65.604881 	69.028976 	68.410522 	71.217972 	68.007355 	83.096329 	74.632431 	82.619614 	76.843994 	82.006096 	85.428329 	81.608826 	84.202141 	20.396078 	20.223749 	23.194826 	26.683329 	84.059502 	43.139309 	25.079872 	28.284271 	27.000000 	26.305893 	42.801868 	29.068884 	56.435802 	
42.720020 	42.720020 	39.812057 	33.615471 	41.109608 	34.713108 	36.796738 	41.012192 	33.970577 	36.796738 	7.280110 	30.479502 	6.082763 	2.828427 	3.162278 	9.055386 	4.000000 	1.414214 	33.600594 	35.000000 	36.400551 	2.000000 	999.000000 	40.804413 	34.985710 	3.000000 	65.946945 	64.031242 	67.475922 	66.843102 	69.656296 	66.400299 	81.565926 	73.006851 	81.055534 	75.213028 	80.430092 	83.868942 	80.000000 	82.619614 	20.880613 	20.024984 	23.021729 	27.202942 	82.377182 	44.598206 	25.000000 	28.635643 	27.073973 	26.076809 	44.045429 	29.000000 	54.451813 	
50.596443 	48.104053 	51.419842 	46.529560 	9.219544 	10.198039 	8.544003 	6.403124 	8.062258 	6.082763 	45.650848 	10.770329 	45.276924 	41.340054 	38.275318 	48.877399 	44.102154 	41.048752 	7.211102 	5.830952 	4.472136 	42.438190 	40.804413 	999.000000 	6.708204 	42.638012 	25.495098 	23.345236 	26.870058 	26.172504 	29.000000 	25.612497 	41.012192 	32.202484 	40.360870 	34.409302 	39.698868 	43.185646 	39.204590 	41.868843 	58.796257 	54.405884 	56.859474 	64.660652 	41.677334 	85.276024 	59.076221 	65.000000 	61.854668 	58.830265 	84.172440 	62.433964 	27.018513 	
50.089920 	47.885281 	50.328918 	44.922153 	13.341664 	10.630146 	10.295630 	11.045361 	7.071068 	7.615773 	40.311287 	7.280110 	39.812057 	35.777088 	32.649654 	43.382023 	38.470768 	35.355339 	3.605551 	3.605551 	4.123106 	36.715118 	34.985710 	6.708204 	999.000000 	36.619667 	32.015621 	29.732138 	33.301651 	32.557640 	35.383614 	31.827662 	47.423622 	38.288380 	46.669048 	40.459858 	45.967381 	49.497475 	45.343136 	48.104053 	52.345009 	47.801674 	50.219517 	58.137768 	47.434166 	79.202271 	52.430908 	58.412327 	55.217751 	52.153618 	77.897369 	55.758408 	26.400757 	
45.541191 	45.607018 	42.544094 	36.400551 	43.416588 	37.013512 	39.051247 	43.185646 	36.069378 	38.897301 	8.602325 	32.526913 	7.211102 	5.385165 	6.082763 	9.219544 	5.000000 	4.123106 	35.468296 	36.878178 	38.288380 	3.605551 	3.000000 	42.638012 	36.619667 	999.000000 	67.941154 	65.946945 	69.426216 	68.767723 	71.589104 	68.249542 	83.546394 	74.813103 	82.975899 	77.006493 	82.328613 	85.796272 	81.835197 	84.504440 	18.027756 	17.029387 	20.024984 	24.351591 	84.053551 	42.638012 	22.000000 	25.709921 	24.083189 	23.086792 	41.773197 	26.000000 	54.918121 	
65.069191 	62.032249 	67.364677 	64.132675 	25.942244 	31.906113 	29.681644 	25.238859 	32.015621 	29.206163 	70.213959 	35.468296 	70.000000 	66.219330 	63.253460 	73.600273 	69.028976 	66.068146 	32.526913 	31.112698 	29.698484 	67.475922 	65.946945 	25.495098 	32.015621 	67.941154 	999.000000 	3.000000 	2.000000 	2.236068 	4.123106 	4.242640 	15.620500 	9.000000 	15.264338 	11.045361 	14.764823 	18.027756 	14.866069 	17.000000 	84.291161 	79.812279 	82.200974 	90.138779 	19.104973 	110.535065 	84.403793 	90.426765 	87.200920 	84.053551 	109.603828 	87.658424 	36.221542 	
65.000000 	62.008064 	67.119293 	63.639610 	24.698177 	30.413813 	28.178005 	23.706539 	30.232433 	27.459061 	68.505478 	33.600594 	68.242218 	64.404968 	61.400326 	71.847061 	67.201187 	64.202805 	30.479502 	29.068884 	27.658634 	65.604881 	64.031242 	23.345236 	29.732138 	65.946945 	3.000000 	999.000000 	3.605551 	2.828427 	5.656854 	3.000000 	17.691807 	9.486833 	17.029387 	11.704700 	16.401220 	19.849434 	16.124516 	18.601076 	82.073135 	77.466118 	79.812279 	87.863533 	19.646883 	108.577164 	82.006096 	88.090858 	84.811554 	81.608826 	107.517441 	85.211502 	33.241539 	
67.067131 	64.031242 	69.354164 	66.098412 	27.730848 	33.615471 	31.384710 	26.925823 	33.600594 	30.805843 	71.847061 	37.013512 	71.610054 	67.801178 	64.815125 	75.213028 	70.604530 	67.623962 	33.970577 	32.557640 	31.144823 	69.028976 	67.475922 	26.870058 	33.301651 	69.426216 	2.000000 	3.605551 	999.000000 	1.000000 	2.236068 	3.162278 	14.142136 	7.000000 	13.601471 	9.055386 	13.038404 	16.401220 	13.000000 	15.264338 	85.632935 	81.055534 	83.408630 	91.438507 	17.117243 	112.044632 	85.603737 	91.678787 	88.408142 	85.211502 	111.036034 	88.814415 	36.055511 	
67.029846 	64.007812 	69.260376 	65.924202 	27.313000 	33.120991 	30.886890 	26.419689 	33.015148 	30.232433 	71.281136 	36.400551 	71.028160 	67.201187 	64.202805 	74.632431 	70.000000 	67.007462 	33.301651 	31.890438 	30.479502 	68.410522 	66.843102 	26.172504 	32.557640 	68.767723 	2.236068 	2.828427 	1.000000 	999.000000 	2.828427 	2.236068 	14.866069 	7.071068 	14.212670 	9.219544 	13.601471 	17.029387 	13.416408 	15.811388 	84.899940 	80.280754 	82.619614 	90.686272 	17.262676 	111.395691 	84.811554 	90.906548 	87.618492 	84.403793 	110.344917 	88.005684 	35.057095 	
69.115845 	66.068146 	71.449280 	68.249542 	29.966648 	35.846897 	33.615471 	29.154760 	35.805027 	33.015148 	74.060783 	39.204590 	73.817345 	70.000000 	67.007462 	77.420929 	72.801102 	69.814041 	36.124783 	34.713108 	33.301651 	71.217972 	69.656296 	29.000000 	35.383614 	71.589104 	4.123106 	5.656854 	2.236068 	2.828427 	999.000000 	4.123106 	12.041595 	5.099020 	11.401754 	7.000000 	10.816654 	14.212670 	10.770329 	13.038404 	87.726852 	83.096329 	85.428329 	93.509361 	15.033297 	114.214706 	87.618492 	93.723000 	90.426765 	87.200920 	113.172432 	90.801979 	37.000000 	
68.000000 	65.007690 	70.114189 	66.610809 	27.513634 	33.105892 	30.870699 	26.400757 	32.756680 	30.016663 	71.021126 	36.055511 	70.724815 	66.850578 	63.820061 	74.330345 	69.634758 	66.610809 	32.802441 	31.400637 	30.000000 	68.007355 	66.400299 	25.612497 	31.827662 	68.249542 	4.242640 	3.000000 	3.162278 	2.236068 	4.123106 	999.000000 	15.811388 	6.708204 	14.866069 	8.944272 	14.142136 	17.691807 	13.601471 	16.278820 	84.148682 	79.397736 	81.688431 	89.872131 	16.763054 	110.887329 	83.868942 	90.027771 	86.683334 	83.408630 	109.713264 	87.005745 	33.015148 	
78.089691 	74.966660 	80.808418 	78.160095 	41.340054 	47.434166 	45.221676 	40.804413 	47.634022 	44.821869 	85.802101 	51.088158 	85.603737 	81.835197 	78.873314 	89.202019 	84.646324 	81.688431 	48.104053 	46.690472 	45.276924 	83.096329 	81.565926 	41.012192 	47.423622 	83.546394 	15.620500 	17.691807 	14.142136 	14.866069 	12.041595 	15.811388 	999.000000 	10.440307 	2.236068 	9.055386 	3.162278 	3.000000 	5.385165 	3.605551 	99.764725 	95.131485 	97.452553 	105.550934 	10.630146 	126.150703 	99.639351 	105.759163 	102.449989 	99.201813 	125.175873 	102.800781 	46.690472 	
74.060783 	71.028160 	76.321686 	72.993149 	34.176014 	39.812057 	37.576588 	33.105892 	39.446167 	36.715118 	77.698135 	42.720020 	77.388626 	73.498299 	70.455658 	80.993828 	76.275818 	73.239334 	39.408119 	38.013157 	36.619667 	74.632431 	73.006851 	32.202484 	38.288380 	74.813103 	9.000000 	9.486833 	7.000000 	7.071068 	5.099020 	6.708204 	10.440307 	999.000000 	8.944272 	2.236068 	8.062258 	11.661903 	7.071068 	10.000000 	90.520714 	85.632935 	87.863533 	96.176918 	10.198039 	117.443604 	90.027771 	96.260063 	92.849342 	89.498604 	116.180893 	93.085983 	36.345562 	
78.771820 	75.663727 	81.394104 	78.587532 	41.182522 	47.169907 	44.944408 	40.496914 	47.201694 	44.407207 	85.445892 	50.606323 	85.211502 	81.400246 	78.409180 	88.814415 	84.202141 	81.215759 	47.507893 	46.097721 	44.687805 	82.619614 	81.055534 	40.360870 	46.669048 	82.975899 	15.264338 	17.029387 	13.601471 	14.212670 	11.401754 	14.866069 	2.236068 	8.944272 	999.000000 	7.280110 	1.000000 	2.828427 	3.162278 	2.000000 	99.005051 	94.260277 	96.540146 	104.737770 	8.485281 	125.606529 	98.716766 	104.890419 	101.533249 	98.234413 	124.523087 	101.828285 	44.911022 	
76.105194 	73.061615 	78.409180 	75.133217 	36.400551 	42.047592 	39.812057 	35.341194 	41.677334 	38.948685 	79.924965 	44.944408 	79.611557 	75.716576 	72.670486 	83.216583 	78.492035 	75.451973 	41.617306 	40.224369 	38.832977 	76.843994 	75.213028 	34.409302 	40.459858 	77.006493 	11.045361 	11.704700 	9.055386 	9.219544 	7.000000 	8.944272 	9.055386 	2.236068 	7.280110 	999.000000 	6.324555 	9.848858 	5.000000 	8.062258 	92.655273 	87.726852 	89.938866 	98.290382 	8.062258 	119.632774 	92.097771 	98.351410 	94.921021 	91.547798 	118.342720 	95.131485 	37.656342 	
78.638412 	75.538071 	81.215759 	78.339005 	40.706264 	46.647614 	44.418465 	39.962482 	46.615448 	43.829212 	84.876381 	50.000000 	84.628601 	80.802231 	77.801025 	88.232651 	83.600243 	80.603973 	46.861500 	45.453274 	44.045429 	82.006096 	80.430092 	39.698868 	45.967381 	82.328613 	14.764823 	16.401220 	13.038404 	13.601471 	10.816654 	14.142136 	3.162278 	8.062258 	1.000000 	6.324555 	999.000000 	3.605551 	2.236068 	2.236068 	98.290382 	93.509361 	95.775780 	104.004807 	7.810250 	124.963997 	97.948967 	104.139328 	100.767059 	97.452553 	123.842644 	101.044548 	43.931767 	
81.049370 	77.929459 	83.743660 	81.043198 	43.908997 	49.929951 	47.707443 	43.266617 	50.000000 	47.201694 	88.232651 	53.413483 	88.005684 	84.202141 	81.215759 	91.607857 	87.005745 	84.023804 	50.328918 	48.918301 	47.507893 	85.428329 	83.868942 	43.185646 	49.497475 	85.796272 	18.027756 	19.849434 	16.401220 	17.029387 	14.212670 	17.691807 	3.000000 	11.661903 	2.828427 	9.848858 	3.605551 	999.000000 	5.099020 	2.000000 	101.833199 	97.082436 	99.357941 	107.563934 	8.944272 	128.425079 	101.533249 	107.712578 	104.350372 	101.044548 	127.349915 	104.637466 	47.296936 	
79.404030 	76.321686 	81.884064 	78.854294 	40.718548 	46.529560 	44.294468 	39.824615 	46.324940 	43.566040 	84.599052 	49.648766 	84.314888 	80.448738 	77.420929 	87.920418 	83.234612 	80.212219 	46.400433 	45.000000 	43.600460 	81.608826 	80.000000 	39.204590 	45.343136 	81.835197 	14.866069 	16.124516 	13.000000 	13.416408 	10.770329 	13.601471 	5.385165 	7.071068 	3.162278 	5.000000 	2.236068 	5.099020 	999.000000 	3.162278 	97.590981 	92.698433 	94.921021 	103.247276 	5.830952 	124.470879 	97.082436 	103.324730 	99.904953 	96.540146 	123.239601 	100.124924 	42.201897 	
80.752708 	77.646637 	83.360664 	80.523285 	42.941822 	48.877399 	46.647614 	42.190044 	48.826221 	46.043457 	87.091904 	52.201534 	86.838928 	83.006027 	80.000000 	90.443352 	85.802101 	82.800964 	49.040798 	47.634022 	46.227695 	84.202141 	82.619614 	41.868843 	48.104053 	84.504440 	17.000000 	18.601076 	15.264338 	15.811388 	13.038404 	16.278820 	3.605551 	10.000000 	2.000000 	8.062258 	2.236068 	2.000000 	3.162278 	999.000000 	100.409164 	95.587654 	97.836601 	106.103722 	7.211102 	127.141655 	100.004997 	106.216759 	102.825096 	99.488693 	125.992065 	103.077644 	45.354160 	
60.671246 	61.294373 	57.070133 	51.478149 	60.745369 	54.378304 	56.302753 	60.216278 	53.009434 	55.803226 	22.022715 	49.406479 	21.000000 	22.360680 	24.041630 	19.235384 	20.099751 	21.587032 	51.855568 	53.263496 	54.671749 	20.396078 	20.880613 	58.796257 	52.345009 	18.027756 	84.291161 	82.073135 	85.632935 	84.899940 	87.726852 	84.148682 	99.764725 	90.520714 	99.005051 	92.655273 	98.290382 	101.833199 	97.590981 	100.409164 	999.000000 	7.000000 	7.615773 	6.324555 	99.247169 	28.792360 	7.810250 	8.000000 	8.062258 	10.000000 	26.076809 	10.816654 	65.795135 	
62.096699 	62.369865 	58.821766 	52.886673 	57.245087 	50.990196 	52.773098 	56.435802 	49.244289 	51.971146 	23.409399 	45.650848 	22.135944 	22.203604 	23.000000 	21.470911 	20.615528 	21.095022 	47.707443 	49.091751 	50.477718 	20.223749 	20.024984 	54.405884 	47.801674 	17.029387 	79.812279 	77.466118 	81.055534 	80.280754 	83.096329 	79.397736 	95.131485 	85.632935 	94.260277 	87.726852 	93.509361 	97.082436 	92.698433 	95.587654 	7.000000 	999.000000 	3.000000 	10.816654 	94.069122 	35.440090 	5.099020 	10.630146 	7.615773 	6.082763 	32.202484 	9.055386 	59.481091 	
65.000000 	65.306969 	61.684681 	55.785301 	59.933296 	53.712196 	55.461697 	59.059292 	51.884487 	54.589375 	26.248810 	48.301140 	25.000000 	25.179358 	26.000000 	24.166092 	23.537205 	24.083189 	50.249378 	51.623638 	53.000000 	23.194826 	23.021729 	56.859474 	50.219517 	20.024984 	82.200974 	79.812279 	83.408630 	82.619614 	85.428329 	81.688431 	97.452553 	87.863533 	96.540146 	89.938866 	95.775780 	99.357941 	94.921021 	97.836601 	7.615773 	3.000000 	999.000000 	9.486833 	96.166519 	34.713108 	2.236068 	8.602325 	5.000000 	3.162278 	31.016125 	6.082763 	60.901562 	
66.370171 	67.119293 	62.649822 	57.218880 	66.887962 	60.539242 	62.433964 	66.287254 	59.076221 	61.854668 	28.017851 	55.470715 	27.073973 	28.635643 	30.364452 	25.019993 	26.305893 	27.892651 	57.801384 	59.203041 	60.605282 	26.683329 	27.202942 	64.660652 	58.137768 	24.351591 	90.138779 	87.863533 	91.438507 	90.686272 	93.509361 	89.872131 	105.550934 	96.176918 	104.737770 	98.290382 	104.004807 	107.563934 	103.247276 	106.103722 	6.324555 	10.816654 	9.486833 	999.000000 	104.737770 	25.317978 	8.062258 	2.828427 	6.082763 	10.000000 	21.540659 	8.544003 	70.235321 	
84.148682 	81.098709 	86.469650 	83.186539 	44.271889 	49.769470 	47.539455 	43.081318 	49.193497 	46.518814 	87.321243 	52.354561 	86.954010 	83.006027 	79.924965 	90.553848 	85.755463 	82.680107 	48.877399 	47.507893 	46.141087 	84.059502 	82.377182 	41.677334 	47.434166 	84.053551 	19.104973 	19.646883 	17.117243 	17.262676 	15.033297 	16.763054 	10.630146 	10.198039 	8.485281 	8.062258 	7.810250 	8.944272 	5.830952 	7.211102 	99.247169 	94.069122 	96.166519 	104.737770 	999.000000 	126.605690 	98.290382 	104.661362 	101.118744 	97.621719 	125.099960 	101.178062 	40.853397 	
72.277245 	74.040527 	67.911705 	64.195015 	85.562843 	79.195961 	81.320351 	85.586212 	78.568443 	81.394104 	41.231056 	75.073296 	41.109608 	44.553337 	47.381432 	37.643059 	41.725292 	44.553337 	78.102493 	79.511009 	80.919716 	43.139309 	44.598206 	85.276024 	79.202271 	42.638012 	110.535065 	108.577164 	112.044632 	111.395691 	114.214706 	110.887329 	126.150703 	117.443604 	125.606529 	119.632774 	124.963997 	128.425079 	124.470879 	127.141655 	28.792360 	35.440090 	34.713108 	25.317978 	126.605690 	999.000000 	33.376640 	27.073973 	31.144823 	35.227829 	6.403124 	33.015148 	94.540993 	
66.708321 	67.082039 	63.324562 	57.489128 	62.169125 	55.946404 	57.697487 	61.294373 	54.120235 	56.824291 	27.892651 	50.537113 	26.683329 	27.073973 	28.017851 	25.632011 	25.317978 	26.019224 	52.478565 	53.851646 	55.226807 	25.079872 	25.000000 	59.076221 	52.430908 	22.000000 	84.403793 	82.006096 	85.603737 	84.811554 	87.618492 	83.868942 	99.639351 	90.027771 	98.716766 	92.097771 	97.948967 	101.533249 	97.082436 	100.004997 	7.810250 	5.099020 	2.236068 	8.062258 	98.290382 	33.376640 	999.000000 	6.708204 	2.828427 	2.236068 	29.410883 	4.000000 	62.769421 	
68.593002 	69.260376 	64.938431 	59.413803 	67.601776 	61.294373 	63.134777 	66.887962 	59.682495 	62.433964 	30.016663 	56.080299 	29.000000 	30.265491 	31.780497 	27.166155 	28.071337 	29.427877 	58.249462 	59.640591 	61.032780 	28.284271 	28.635643 	65.000000 	58.412327 	25.709921 	90.426765 	88.090858 	91.678787 	90.906548 	93.723000 	90.027771 	105.759163 	96.260063 	104.890419 	98.351410 	104.139328 	107.712578 	103.324730 	106.216759 	8.000000 	10.630146 	8.602325 	2.828427 	104.661362 	27.073973 	6.708204 	999.000000 	4.123106 	8.246211 	22.803509 	6.082763 	69.462219 	
68.249542 	68.731361 	64.761101 	59.033890 	64.845970 	58.600342 	60.373837 	64.007812 	56.824291 	59.539902 	29.427877 	53.235325 	28.284271 	29.000000 	30.149628 	26.925823 	27.073973 	28.017851 	55.226807 	56.603886 	57.982758 	27.000000 	27.073973 	61.854668 	55.217751 	24.083189 	87.200920 	84.811554 	88.408142 	87.618492 	90.426765 	86.683334 	102.449989 	92.849342 	101.533249 	94.921021 	100.767059 	104.350372 	99.904953 	102.825096 	8.062258 	7.615773 	5.000000 	6.082763 	101.118744 	31.144823 	2.828427 	4.123106 	999.000000 	4.123106 	26.925823 	2.828427 	65.513359 	
68.154236 	68.447060 	64.845970 	58.940647 	62.241467 	56.080299 	57.775429 	61.269894 	54.129475 	56.797886 	29.410883 	50.566788 	28.160255 	28.284271 	29.017237 	27.313000 	26.683329 	27.166155 	52.354561 	53.712196 	55.072678 	26.305893 	26.076809 	58.830265 	52.153618 	23.086792 	84.053551 	81.608826 	85.211502 	84.403793 	87.200920 	83.408630 	99.201813 	89.498604 	98.234413 	91.547798 	97.452553 	101.044548 	96.540146 	99.488693 	10.000000 	6.082763 	3.162278 	10.000000 	97.621719 	35.227829 	2.236068 	8.246211 	4.123106 	999.000000 	31.048349 	3.605551 	61.587337 	
75.133217 	76.687675 	70.859016 	66.708321 	85.146935 	78.746429 	80.808418 	84.958817 	77.833153 	80.659782 	41.677334 	74.276512 	41.340054 	44.407207 	47.010635 	38.078865 	41.617306 	44.204071 	77.077881 	78.492035 	79.906197 	42.801868 	44.045429 	84.172440 	77.897369 	41.773197 	109.603828 	107.517441 	111.036034 	110.344917 	113.172432 	109.713264 	125.175873 	116.180893 	124.523087 	118.342720 	123.842644 	127.349915 	123.239601 	125.992065 	26.076809 	32.202484 	31.016125 	21.540659 	125.099960 	6.403124 	29.410883 	22.803509 	26.925823 	31.048349 	999.000000 	28.442924 	91.678787 	
70.611610 	71.021126 	67.186310 	61.392181 	65.795135 	59.615433 	61.326992 	64.845970 	57.697487 	60.373837 	31.780497 	54.129475 	30.594116 	31.064449 	32.015621 	29.410883 	29.274563 	30.016663 	55.946404 	57.306194 	58.668560 	29.068884 	29.000000 	62.433964 	55.758408 	26.000000 	87.658424 	85.211502 	88.814415 	88.005684 	90.801979 	87.005745 	102.800781 	93.085983 	101.828285 	95.131485 	101.044548 	104.637466 	100.124924 	103.077644 	10.816654 	9.055386 	6.082763 	8.544003 	101.178062 	33.015148 	4.000000 	6.082763 	2.828427 	3.605551 	28.442924 	999.000000 	64.899925 	
76.485291 	74.242844 	76.694199 	71.168816 	36.124783 	36.359318 	35.227829 	33.301651 	33.120991 	32.449963 	61.204575 	33.615471 	60.299255 	56.222771 	53.150730 	63.505905 	58.420887 	55.326305 	29.966648 	29.529646 	29.154760 	56.435802 	54.451813 	27.018513 	26.400757 	54.918121 	36.221542 	33.241539 	36.055511 	35.057095 	37.000000 	33.015148 	46.690472 	36.345562 	44.911022 	37.656342 	43.931767 	47.296936 	42.201897 	45.354160 	65.795135 	59.481091 	60.901562 	70.235321 	40.853397 	94.540993 	62.769421 	69.462219 	65.513359 	61.587337 	91.678787 	64.899925 	999.000000 	

Travel time:
9.000000 	0.079057 	0.111803 	0.230489 	1.073837 	1.012423 	1.051487 	1.133854 	1.086566 	1.114955 	0.970824 	1.073546 	1.000625 	1.004054 	1.007782 	1.035918 	1.037123 	1.035918 	1.162970 	1.175266 	1.188486 	1.051487 	1.068001 	1.264911 	1.252248 	1.138530 	1.626730 	1.625000 	1.676678 	1.675746 	1.727896 	1.700000 	1.952242 	1.851520 	1.969296 	1.902630 	1.965960 	2.026234 	1.985101 	2.018818 	1.516781 	1.552418 	1.625000 	1.659254 	2.103717 	1.806931 	1.667708 	1.714825 	1.706239 	1.703856 	1.878330 	1.765290 	1.912132 	
0.079057 	9.000000 	0.176777 	0.251247 	1.006541 	0.951972 	0.989002 	1.068001 	1.028652 	1.053862 	0.982980 	1.020416 	1.011187 	1.006541 	1.004054 	1.052675 	1.044330 	1.037123 	1.107362 	1.118034 	1.129712 	1.055047 	1.068001 	1.202601 	1.197132 	1.140175 	1.550806 	1.550202 	1.600781 	1.600195 	1.651704 	1.625192 	1.874166 	1.775704 	1.891593 	1.826540 	1.888452 	1.948236 	1.908042 	1.941166 	1.532359 	1.559247 	1.632674 	1.677982 	2.027468 	1.851013 	1.677051 	1.731509 	1.718284 	1.711177 	1.917192 	1.775528 	1.856071 	
0.111803 	0.176777 	9.000000 	0.160078 	1.107080 	1.030776 	1.073837 	1.163239 	1.099147 	1.133854 	0.886002 	1.077033 	0.917197 	0.929045 	0.939747 	0.946375 	0.956883 	0.962094 	1.170470 	1.185854 	1.202081 	0.975000 	0.995301 	1.285496 	1.258223 	1.063602 	1.684117 	1.677982 	1.733854 	1.731509 	1.786232 	1.752855 	2.020211 	1.908042 	2.034853 	1.960230 	2.030394 	2.093591 	2.047101 	2.084017 	1.426753 	1.470544 	1.542117 	1.566246 	2.161741 	1.697793 	1.583114 	1.623461 	1.619027 	1.621149 	1.771475 	1.679658 	1.917355 	
0.230489 	0.251247 	0.160078 	9.000000 	1.000000 	0.908639 	0.955249 	1.051190 	0.970824 	1.011187 	0.740355 	0.941076 	0.770146 	0.775403 	0.782624 	0.806226 	0.807001 	0.807775 	1.037123 	1.055047 	1.073837 	0.822344 	0.840387 	1.163239 	1.123054 	0.910014 	1.603317 	1.590990 	1.652460 	1.648105 	1.706239 	1.665270 	1.954002 	1.824829 	1.964688 	1.878330 	1.958475 	2.026080 	1.971357 	2.013082 	1.286954 	1.322167 	1.394633 	1.430472 	2.079664 	1.604875 	1.437228 	1.485345 	1.475847 	1.473516 	1.667708 	1.534805 	1.779220 	
1.073837 	1.006541 	1.107080 	1.000000 	9.000000 	0.160078 	0.111803 	0.070711 	0.206155 	0.150000 	1.117195 	0.292617 	1.114955 	1.025305 	0.955249 	1.204159 	1.096016 	1.025914 	0.275000 	0.251247 	0.230489 	1.061249 	1.027740 	0.230489 	0.333542 	1.085415 	0.648556 	0.617454 	0.693271 	0.682825 	0.749166 	0.687841 	1.033501 	0.854400 	1.029563 	0.910014 	1.017657 	1.097725 	1.017964 	1.073546 	1.518634 	1.431127 	1.498332 	1.672199 	1.106797 	2.139071 	1.554228 	1.690044 	1.621149 	1.556037 	2.128673 	1.644878 	0.903120 	
1.012423 	0.951972 	1.030776 	0.908639 	0.160078 	9.000000 	0.055902 	0.167705 	0.090139 	0.103078 	0.960469 	0.150000 	0.957209 	0.866386 	0.795692 	1.046721 	0.937083 	0.866386 	0.180278 	0.176777 	0.180278 	0.901734 	0.867828 	0.254951 	0.265754 	0.925338 	0.797653 	0.760345 	0.840387 	0.828025 	0.896172 	0.827647 	1.185854 	0.995301 	1.179248 	1.051190 	1.166190 	1.248249 	1.163239 	1.221935 	1.359458 	1.274755 	1.342805 	1.513481 	1.244237 	1.979899 	1.398660 	1.532359 	1.465008 	1.402007 	1.968661 	1.490386 	0.908983 	
1.051487 	0.989002 	1.073837 	0.955249 	0.111803 	0.055902 	9.000000 	0.111803 	0.100000 	0.070711 	1.015197 	0.182003 	1.011496 	0.919918 	0.848528 	1.101136 	0.990581 	0.919239 	0.182003 	0.167705 	0.160078 	0.954594 	0.919918 	0.213600 	0.257391 	0.976281 	0.742041 	0.704450 	0.784618 	0.772172 	0.840387 	0.771767 	1.130542 	0.939415 	1.123610 	0.995301 	1.110462 	1.192686 	1.107362 	1.166190 	1.407569 	1.319327 	1.386542 	1.560849 	1.188486 	2.033009 	1.442437 	1.578369 	1.509346 	1.444386 	2.020211 	1.533175 	0.880696 	
1.133854 	1.068001 	1.163239 	1.051190 	0.070711 	0.167705 	0.111803 	9.000000 	0.180278 	0.111803 	1.125000 	0.270416 	1.120547 	1.027740 	0.955249 	1.210372 	1.098294 	1.025914 	0.230489 	0.201556 	0.175000 	1.061249 	1.025305 	0.160078 	0.276134 	1.079641 	0.630971 	0.592663 	0.673146 	0.660492 	0.728869 	0.660019 	1.020110 	0.827647 	1.012423 	0.883530 	0.999062 	1.081665 	0.995615 	1.054751 	1.505407 	1.410895 	1.476482 	1.657181 	1.077033 	2.139655 	1.532359 	1.672199 	1.600195 	1.531747 	2.123971 	1.621149 	0.832541 	
1.086566 	1.028652 	1.099147 	0.970824 	0.206155 	0.090139 	0.100000 	0.180278 	9.000000 	0.070711 	0.956883 	0.090139 	0.950329 	0.855132 	0.781025 	1.040433 	0.925338 	0.851469 	0.090139 	0.090139 	0.103078 	0.886707 	0.849264 	0.201556 	0.176777 	0.901734 	0.800391 	0.755811 	0.840015 	0.825379 	0.895126 	0.818917 	1.190850 	0.986154 	1.180042 	1.041933 	1.165386 	1.250000 	1.158123 	1.220656 	1.325236 	1.231107 	1.297112 	1.476906 	1.229837 	1.964211 	1.353006 	1.492062 	1.420607 	1.353237 	1.945829 	1.442437 	0.828025 	
1.114955 	1.053862 	1.133854 	1.011187 	0.150000 	0.103078 	0.070711 	0.111803 	0.070711 	9.000000 	1.026219 	0.160078 	1.020110 	0.925338 	0.851469 	1.110180 	0.995615 	0.921954 	0.125000 	0.103078 	0.090139 	0.957209 	0.919918 	0.152069 	0.190394 	0.972432 	0.730154 	0.686477 	0.770146 	0.755811 	0.825379 	0.750417 	1.120547 	0.917878 	1.110180 	0.973717 	1.095730 	1.180042 	1.089151 	1.151086 	1.395081 	1.299279 	1.364734 	1.546367 	1.162970 	2.034853 	1.420607 	1.560849 	1.488497 	1.419947 	2.016495 	1.509346 	0.811249 	
0.970824 	0.982980 	0.886002 	0.740355 	1.117195 	0.960469 	1.015197 	1.125000 	0.956883 	1.026219 	9.000000 	0.874643 	0.035355 	0.125000 	0.201556 	0.090139 	0.090139 	0.152069 	0.961769 	0.995615 	1.029563 	0.134629 	0.182003 	1.141271 	1.007782 	0.215058 	1.755349 	1.712637 	1.796177 	1.782028 	1.851520 	1.775528 	2.145052 	1.942453 	2.136147 	1.998124 	2.121910 	2.205816 	2.114976 	2.177298 	0.550568 	0.585235 	0.656220 	0.700446 	2.183031 	1.030776 	0.697316 	0.750417 	0.735697 	0.735272 	1.041933 	0.794512 	1.530114 	
1.073546 	1.020416 	1.077033 	0.941076 	0.292617 	0.150000 	0.182003 	0.270416 	0.090139 	0.160078 	0.874643 	9.000000 	0.866747 	0.770146 	0.695072 	0.956883 	0.840015 	0.765261 	0.100000 	0.127475 	0.158114 	0.800391 	0.761988 	0.269258 	0.182003 	0.813173 	0.886707 	0.840015 	0.925338 	0.910014 	0.980115 	0.901388 	1.277204 	1.068001 	1.265158 	1.123610 	1.250000 	1.335337 	1.241219 	1.305038 	1.235162 	1.141271 	1.207528 	1.386768 	1.308864 	1.876832 	1.263428 	1.402007 	1.330883 	1.264170 	1.856913 	1.353237 	0.840387 	
1.000625 	1.011187 	0.917197 	0.770146 	1.114955 	0.957209 	1.011496 	1.120547 	0.950329 	1.020110 	0.035355 	0.866747 	9.000000 	0.103078 	0.182003 	0.090139 	0.055902 	0.125000 	0.951972 	0.986154 	1.020416 	0.103078 	0.152069 	1.131923 	0.995301 	0.180278 	1.750000 	1.706055 	1.790251 	1.775704 	1.845434 	1.768120 	2.140093 	1.934716 	2.130288 	1.990289 	2.115715 	2.200142 	2.107872 	2.170973 	0.525000 	0.553399 	0.625000 	0.676849 	2.173850 	1.027740 	0.667083 	0.725000 	0.707107 	0.704006 	1.033501 	0.764853 	1.507481 	
1.004054 	1.006541 	0.929045 	0.775403 	1.025305 	0.866386 	0.919918 	1.027740 	0.855132 	0.925338 	0.125000 	0.770146 	0.103078 	9.000000 	0.079057 	0.190394 	0.070711 	0.035355 	0.853302 	0.887764 	0.922293 	0.050000 	0.070711 	1.033501 	0.894427 	0.134629 	1.655483 	1.610124 	1.695029 	1.680030 	1.750000 	1.671264 	2.045880 	1.837457 	2.035006 	1.892914 	2.020056 	2.105053 	2.011219 	2.075151 	0.559017 	0.555090 	0.629484 	0.715891 	2.075151 	1.113833 	0.676849 	0.756637 	0.725000 	0.707107 	1.110180 	0.776611 	1.405569 	
1.007782 	1.004054 	0.939747 	0.782624 	0.955249 	0.795692 	0.848528 	0.955249 	0.781025 	0.851469 	0.201556 	0.695072 	0.182003 	0.079057 	9.000000 	0.269258 	0.145774 	0.070711 	0.776611 	0.811249 	0.845946 	0.106066 	0.079057 	0.956883 	0.816241 	0.152069 	1.581336 	1.535008 	1.620378 	1.605070 	1.675187 	1.595502 	1.971833 	1.761391 	1.960230 	1.816762 	1.945026 	2.030394 	1.935523 	2.000000 	0.601041 	0.575000 	0.650000 	0.759111 	1.998124 	1.184536 	0.700446 	0.794512 	0.753741 	0.725431 	1.175266 	0.800391 	1.328768 	
1.035918 	1.052675 	0.946375 	0.806226 	1.204159 	1.046721 	1.101136 	1.210372 	1.040433 	1.110180 	0.090139 	0.956883 	0.090139 	0.190394 	0.269258 	9.000000 	0.127475 	0.206155 	1.041933 	1.076162 	1.110462 	0.176777 	0.226385 	1.221935 	1.084551 	0.230489 	1.840007 	1.796177 	1.880326 	1.865811 	1.935523 	1.858259 	2.230051 	2.024846 	2.220360 	2.080415 	2.205816 	2.290196 	2.198010 	2.261084 	0.480885 	0.536773 	0.604152 	0.625500 	2.263846 	0.941076 	0.640800 	0.679154 	0.673146 	0.682825 	0.951972 	0.735272 	1.587648 	
1.037123 	1.044330 	0.956883 	0.807001 	1.096016 	0.937083 	0.990581 	1.098294 	0.925338 	0.995615 	0.090139 	0.840015 	0.055902 	0.070711 	0.145774 	0.127475 	9.000000 	0.079057 	0.922293 	0.956883 	0.991527 	0.050000 	0.100000 	1.102554 	0.961769 	0.125000 	1.725724 	1.680030 	1.765113 	1.750000 	1.820028 	1.740869 	2.116158 	1.906895 	2.105053 	1.962301 	2.090006 	2.175144 	2.080865 	2.145052 	0.502494 	0.515388 	0.588430 	0.657647 	2.143887 	1.043132 	0.632949 	0.701783 	0.676849 	0.667083 	1.040433 	0.731864 	1.460522 	
