Total assets = 670
Number of asset nodes = 40

Distance:
999.000000 	8.062258 	13.601471 	86.452301 	10.049875 	15.524175 	34.669872 	94.021271 	8.062258 	30.000000 	75.179787 	93.037628 	9.486833 	10.440307 	12.041595 	13.000000 	62.481998 	71.400284 	63.890530 	14.212670 	14.212670 	65.795135 	15.264338 	15.620500 	16.278820 	17.029387 	18.788294 	18.867962 	18.601076 	20.000000 	20.518284 	29.966648 	33.541019 	33.015148 	33.837849 	34.481880 	36.400551 	35.846897 	36.235340 	38.275318 	38.910152 	39.812057 	40.249222 	44.654228 	44.821869 	45.000000 	45.793011 	47.507893 	49.203659 	49.648766 	50.219517 	52.153618 	
8.062258 	999.000000 	16.970562 	93.021500 	2.000000 	23.194826 	31.953091 	92.027168 	15.297058 	26.925823 	72.615425 	90.824005 	9.433981 	10.295630 	13.038404 	14.422205 	68.242218 	77.388626 	69.634758 	8.544003 	10.049875 	71.217972 	12.000000 	11.180340 	10.770329 	11.180340 	16.000000 	12.041595 	14.317822 	15.524175 	15.231546 	22.472204 	26.076809 	26.172504 	26.907248 	27.202942 	28.635643 	28.600698 	28.844410 	30.463093 	31.384710 	32.249031 	36.400551 	39.812057 	39.446167 	39.824615 	41.231056 	41.880783 	43.908997 	44.721359 	45.177429 	47.423622 	
13.601471 	16.970562 	999.000000 	77.077881 	18.439089 	14.212670 	47.885281 	107.540688 	9.486833 	43.046486 	88.549423 	106.512909 	8.062258 	7.615773 	5.099020 	4.000000 	51.623638 	60.901562 	53.000000 	15.524175 	13.152946 	54.405884 	12.000000 	14.035668 	16.124516 	17.117243 	12.649111 	20.223749 	15.132746 	16.278820 	18.110771 	31.000000 	34.058773 	31.575306 	32.557640 	34.234486 	38.000000 	35.355339 	36.221542 	40.000000 	39.204590 	40.199501 	31.827662 	37.643059 	38.832977 	38.600517 	38.209946 	41.880783 	42.801868 	42.520584 	43.278172 	44.553337 	
86.452301 	93.021500 	77.077881 	999.000000 	94.810333 	71.561165 	118.406082 	171.493439 	78.390053 	114.621117 	155.569916 	171.330093 	85.088188 	84.693565 	82.079231 	80.777473 	27.166155 	18.000000 	26.076809 	92.477028 	89.888817 	27.073973 	88.255310 	90.476517 	92.698433 	93.637596 	86.977005 	96.798759 	90.443352 	91.093361 	93.300591 	106.320274 	108.669220 	104.785492 	105.759163 	108.171158 	113.053085 	108.908218 	110.113579 	114.982605 	113.030968 	114.004387 	93.263069 	100.179840 	103.310211 	102.239914 	99.080772 	106.230881 	105.076164 	103.019417 	104.019226 	103.004852 	
10.049875 	2.000000 	18.439089 	94.810333 	999.000000 	25.179358 	31.320919 	91.394745 	17.262676 	26.248810 	71.867935 	90.138779 	10.630146 	11.401754 	14.212670 	15.620500 	69.892776 	79.075912 	71.281136 	8.062258 	10.049875 	72.801102 	12.165525 	11.000000 	10.198039 	10.440307 	16.124516 	10.816654 	14.035668 	15.132746 	14.560220 	20.808653 	24.413111 	24.758837 	25.455845 	25.612497 	26.832815 	27.018513 	27.202942 	28.635643 	29.681644 	30.528675 	35.902645 	39.000000 	38.470768 	38.910152 	40.496914 	40.816662 	42.941822 	43.863426 	44.283180 	46.615448 	
15.524175 	23.194826 	14.212670 	71.561165 	25.179358 	999.000000 	47.381432 	104.446159 	8.000000 	43.278172 	86.608315 	103.773796 	18.681541 	18.973665 	17.888544 	17.492855 	48.836460 	57.314919 	50.249378 	26.476404 	25.000000 	52.630791 	24.698177 	26.248810 	27.892651 	28.861740 	26.419689 	31.575306 	28.231188 	29.546574 	31.016125 	42.953465 	46.324940 	44.598206 	45.541191 	46.840153 	49.819675 	48.083260 	48.764740 	51.788029 	51.662365 	52.630791 	45.967381 	51.855568 	53.009434 	52.801514 	52.402290 	56.035702 	57.008770 	56.727417 	57.489128 	58.728188 	
34.669872 	31.953091 	47.885281 	118.406082 	31.320919 	47.381432 	999.000000 	60.083275 	42.011902 	5.099020 	40.718548 	58.872746 	41.231056 	42.154476 	44.777225 	46.097721 	96.176918 	104.690018 	97.590981 	38.832977 	41.231056 	99.824844 	43.416588 	41.976185 	40.607880 	40.447498 	47.296936 	39.115215 	44.721359 	45.541191 	44.283180 	42.755116 	45.354160 	48.662102 	48.836460 	47.296936 	44.598206 	48.507732 	47.801674 	45.310043 	48.703182 	49.040798 	65.007690 	66.272163 	64.629715 	65.490456 	68.183578 	66.098412 	68.883957 	70.576202 	70.710678 	73.552704 	
94.021271 	92.027168 	107.540688 	171.493439 	91.394745 	104.446159 	60.083275 	999.000000 	100.623062 	65.145988 	20.099751 	2.828427 	101.242287 	102.181213 	104.752090 	106.042442 	152.551636 	160.206116 	153.941544 	98.762344 	101.242287 	156.706726 	103.445641 	101.921539 	100.424103 	100.169853 	107.280006 	98.488579 	104.546638 	105.261581 	103.812332 	99.609238 	101.316338 	105.574615 	105.475113 	103.310211 	99.080772 	104.235313 	103.174606 	99.020203 	103.043678 	103.019417 	123.628479 	123.685081 	121.412521 	122.494896 	125.781555 	122.200653 	125.255737 	127.393089 	127.318497 	130.384048 	
8.062258 	15.297058 	9.486833 	78.390053 	17.262676 	8.000000 	42.011902 	100.623062 	999.000000 	37.536648 	82.152298 	99.764725 	11.180340 	11.661903 	11.313708 	11.401754 	54.561890 	63.411354 	55.973209 	18.681541 	17.464249 	57.982758 	17.492855 	18.788294 	20.248457 	21.189621 	19.849434 	23.769728 	21.095022 	22.472204 	23.706539 	35.171009 	38.600517 	37.161808 	38.078865 	39.217342 	41.976185 	40.496914 	41.109608 	43.931767 	43.965897 	44.922153 	40.607880 	45.967381 	46.754681 	46.690472 	46.754681 	49.678970 	50.931328 	50.931328 	51.623638 	53.150730 	
30.000000 	26.925823 	43.046486 	114.621117 	26.248810 	43.278172 	5.099020 	65.145988 	37.536648 	999.000000 	45.694637 	63.906181 	36.249138 	37.161808 	39.812057 	41.146080 	91.934761 	100.568382 	93.348808 	33.734257 	36.138622 	95.482986 	38.327538 	36.878178 	35.510563 	35.355339 	42.201897 	34.058773 	39.623226 	40.447498 	39.204590 	38.078865 	40.804413 	43.931767 	44.147480 	42.720020 	40.311287 	43.965897 	43.324360 	41.146080 	44.384682 	44.777225 	60.000000 	61.400326 	59.841457 	60.671246 	63.285069 	61.392181 	64.132675 	65.764732 	65.924202 	68.731361 	
75.179787 	72.615425 	88.549423 	155.569916 	71.867935 	86.608315 	40.718548 	20.099751 	82.152298 	45.694637 	999.000000 	18.439089 	81.939003 	82.855293 	85.492691 	86.815895 	135.247925 	143.282944 	136.652847 	79.056938 	81.596565 	139.201294 	83.815269 	82.219215 	80.653580 	80.361679 	87.595665 	78.587532 	84.770279 	85.440041 	83.934502 	79.511009 	81.221916 	85.475143 	85.375641 	83.216583 	79.025314 	84.148682 	83.096329 	79.000000 	83.006027 	83.000000 	103.576057 	103.585716 	101.316338 	102.396286 	105.683487 	102.122475 	105.171288 	107.298645 	107.228729 	110.290527 	
93.037628 	90.824005 	106.512909 	171.330093 	90.138779 	103.773796 	58.872746 	2.828427 	99.764725 	63.906181 	18.439089 	999.000000 	100.089958 	101.019798 	103.619499 	104.923782 	152.052628 	159.806137 	153.447052 	97.416634 	99.929977 	156.156967 	102.142059 	100.578331 	99.040398 	98.762344 	105.948097 	97.015465 	103.160072 	103.846039 	102.357216 	97.867256 	99.503769 	103.817146 	103.696671 	101.493843 	97.185387 	102.396286 	101.316338 	97.082436 	101.123688 	101.079178 	122.000000 	121.926208 	119.603508 	120.702110 	124.036285 	120.337029 	123.405838 	125.574677 	125.483070 	128.561264 	
9.486833 	9.433981 	8.062258 	85.088188 	10.630146 	18.681541 	41.231056 	101.242287 	11.180340 	36.249138 	81.939003 	100.089958 	999.000000 	1.000000 	3.605551 	5.000000 	59.682495 	68.963760 	61.057350 	8.000000 	6.324555 	62.425957 	6.403124 	7.615773 	9.219544 	10.198039 	9.433981 	13.038404 	10.000000 	11.401754 	12.529964 	24.331051 	27.658634 	26.000000 	26.925823 	28.160255 	31.257000 	29.410883 	30.083218 	33.241539 	32.984844 	33.955853 	30.886890 	35.608986 	36.069378 	36.124783 	36.619667 	38.897301 	40.360870 	40.607880 	41.231056 	43.011627 	
10.440307 	10.295630 	7.615773 	84.693565 	11.401754 	18.973665 	42.154476 	102.181213 	11.661903 	37.161808 	82.855293 	101.019798 	1.000000 	999.000000 	2.828427 	4.242640 	59.169250 	68.476273 	60.539242 	8.062258 	6.082763 	61.854668 	5.830952 	7.280110 	9.055386 	10.049875 	8.602325 	13.000000 	9.433981 	10.816654 	12.083046 	24.186773 	27.459061 	25.632011 	26.570660 	27.892651 	31.144823 	29.120440 	29.832869 	33.136082 	32.756680 	33.734257 	30.016663 	34.828148 	35.355339 	35.383614 	35.805027 	38.209946 	39.623226 	39.824615 	40.459858 	42.201897 	
12.041595 	13.038404 	5.099020 	82.079231 	14.212670 	17.888544 	44.777225 	104.752090 	11.313708 	39.812057 	85.492691 	103.619499 	3.605551 	2.828427 	999.000000 	1.414214 	56.435802 	65.764732 	57.801384 	10.440307 	8.062258 	59.076221 	7.071068 	9.000000 	11.045361 	12.041595 	8.602325 	15.132746 	10.440307 	11.704700 	13.341664 	26.019224 	29.154760 	26.925823 	27.892651 	29.427877 	33.015148 	30.594116 	31.400637 	35.014282 	34.365681 	35.355339 	29.410883 	34.655445 	35.468296 	35.383614 	35.468296 	38.418747 	39.623226 	39.623226 	40.311287 	41.868843 	
13.000000 	14.422205 	4.000000 	80.777473 	15.620500 	17.492855 	46.097721 	106.042442 	11.401754 	41.146080 	86.815895 	104.923782 	5.000000 	4.242640 	1.414214 	999.000000 	55.072678 	64.412735 	56.435802 	11.704700 	9.219544 	57.688820 	8.000000 	10.049875 	12.165525 	13.152946 	8.944272 	16.278820 	11.180340 	12.369317 	14.142136 	27.000000 	30.066593 	27.658634 	28.635643 	30.265491 	34.000000 	31.400637 	32.249031 	36.000000 	35.227829 	36.221542 	29.206163 	34.655445 	35.608986 	35.468296 	35.383614 	38.600517 	39.698868 	39.597980 	40.311287 	41.773197 	
62.481998 	68.242218 	51.623638 	27.166155 	69.892776 	48.836460 	96.176918 	152.551636 	54.561890 	91.934761 	135.247925 	152.052628 	59.682495 	59.169250 	56.435802 	55.072678 	999.000000 	9.486833 	1.414214 	66.648331 	63.953106 	5.000000 	62.169125 	64.404968 	66.640831 	67.542580 	60.539242 	70.682388 	64.078079 	64.621979 	66.850578 	79.711983 	81.908485 	77.884529 	78.847954 	81.320351 	86.330757 	82.006096 	83.240616 	88.232651 	86.127815 	87.091904 	66.121101 	73.061615 	76.164299 	75.106590 	72.006943 	79.101204 	78.006409 	76.006577 	77.006493 	76.105194 	
71.400284 	77.388626 	60.901562 	18.000000 	79.075912 	57.314919 	104.690018 	160.206116 	63.411354 	100.568382 	143.282944 	159.806137 	68.963760 	68.476273 	65.764732 	64.412735 	9.486833 	999.000000 	8.246211 	76.026314 	73.348480 	9.219544 	71.589104 	73.824112 	76.059189 	76.967529 	70.007141 	80.112419 	73.539108 	74.094536 	76.321686 	89.196411 	91.394745 	87.361320 	88.323273 	90.801979 	95.817535 	91.482239 	92.720009 	97.718987 	95.603348 	96.566040 	75.325958 	82.219215 	85.375641 	84.291161 	81.098709 	88.277969 	87.091904 	85.023529 	86.023254 	85.005882 	
63.890530 	69.634758 	53.000000 	26.076809 	71.281136 	50.249378 	97.590981 	153.941544 	55.973209 	93.348808 	136.652847 	153.447052 	61.057350 	60.539242 	57.801384 	56.435802 	1.414214 	8.246211 	999.000000 	68.000000 	65.299309 	4.123106 	63.505905 	65.741920 	67.977936 	68.876701 	61.846584 	72.013885 	65.391129 	65.924202 	68.154236 	80.993828 	83.168503 	79.120163 	80.081207 	82.565125 	87.595665 	83.240616 	84.480766 	89.493019 	87.361320 	88.323273 	67.186310 	74.108032 	77.233414 	76.164299 	73.027390 	80.156097 	79.025314 	77.000000 	78.000000 	77.058418 	
14.212670 	8.544003 	15.524175 	92.477028 	8.062258 	26.476404 	38.832977 	98.762344 	18.681541 	33.734257 	79.056938 	97.416634 	8.000000 	8.062258 	10.440307 	11.704700 	66.648331 	76.026314 	68.000000 	999.000000 	2.828427 	69.115845 	5.000000 	3.162278 	2.236068 	2.828427 	8.544003 	5.099020 	6.000000 	7.071068 	6.708204 	16.492422 	19.924858 	18.867962 	19.723083 	20.615528 	23.345236 	21.931713 	22.472204 	25.317978 	25.298222 	26.248810 	27.892651 	31.304953 	31.064449 	31.384710 	32.695564 	33.600594 	35.510563 	36.235340 	36.715118 	38.910152 	
14.212670 	10.049875 	13.152946 	89.888817 	10.049875 	25.000000 	41.231056 	101.242287 	17.464249 	36.138622 	81.596565 	99.929977 	6.324555 	6.082763 	8.062258 	9.219544 	63.953106 	73.348480 	65.299309 	2.828427 	999.000000 	66.370171 	2.236068 	1.414214 	3.000000 	4.000000 	6.082763 	7.071068 	4.472136 	5.830952 	6.403124 	18.110771 	21.377558 	19.697716 	20.615528 	21.840330 	25.079872 	23.086792 	23.769728 	27.073973 	26.683329 	27.658634 	26.570660 	30.528675 	30.610456 	30.805843 	31.764761 	33.301651 	35.000000 	35.510563 	36.055511 	38.078865 	
65.795135 	71.217972 	54.405884 	27.073973 	72.801102 	52.630791 	99.824844 	156.706726 	57.982758 	95.482986 	139.201294 	156.156967 	62.425957 	61.854668 	59.076221 	57.688820 	5.000000 	9.219544 	4.123106 	69.115845 	66.370171 	999.000000 	64.498062 	66.730804 	68.963760 	69.835518 	62.609905 	72.945183 	66.189125 	66.640831 	68.876701 	81.541397 	83.570328 	79.378838 	80.324341 	82.873398 	88.022728 	83.486526 	84.758484 	89.888817 	87.595665 	88.543777 	66.610809 	73.437050 	76.655075 	75.538071 	72.249565 	79.511009 	78.230431 	76.105194 	77.103828 	76.006577 	
15.264338 	12.000000 	12.000000 	88.255310 	12.165525 	24.698177 	43.416588 	103.445641 	17.492855 	38.327538 	83.815269 	102.142059 	6.403124 	5.830952 	7.071068 	8.000000 	62.169125 	71.589104 	63.505905 	5.000000 	2.236068 	64.498062 	999.000000 	2.236068 	4.472136 	5.385165 	4.000000 	8.544003 	3.605551 	5.000000 	6.324555 	19.000000 	22.090721 	19.924858 	20.880613 	22.360680 	26.000000 	23.537205 	24.331051 	28.000000 	27.294687 	28.284271 	25.079872 	29.410883 	29.732138 	29.832869 	30.528675 	32.526913 	34.058773 	34.409302 	35.000000 	36.891735 	
15.620500 	11.180340 	14.035668 	90.476517 	11.000000 	26.248810 	41.976185 	101.921539 	18.788294 	36.878178 	82.219215 	100.578331 	7.615773 	7.280110 	9.000000 	10.049875 	64.404968 	73.824112 	65.741920 	3.162278 	1.414214 	66.730804 	2.236068 	999.000000 	2.236068 	3.162278 	5.385165 	6.324555 	3.162278 	4.472136 	5.000000 	17.029387 	20.223749 	18.384777 	19.313208 	20.615528 	24.020824 	21.840330 	22.561028 	26.019224 	25.495098 	26.476404 	25.298222 	29.154760 	29.206163 	29.410883 	30.413813 	31.890438 	33.600594 	34.132095 	34.669872 	36.715118 	
16.278820 	10.770329 	16.124516 	92.698433 	10.198039 	27.892651 	40.607880 	100.424103 	20.248457 	35.510563 	80.653580 	99.040398 	9.219544 	9.055386 	11.045361 	12.165525 	66.640831 	76.059189 	67.977936 	2.236068 	3.000000 	68.963760 	4.472136 	2.236068 	999.000000 	1.000000 	7.211102 	4.123106 	4.123106 	5.000000 	4.472136 	15.132746 	18.439089 	17.000000 	17.888544 	18.973665 	22.090721 	20.248457 	20.880613 	24.083189 	23.769728 	24.738634 	25.709921 	29.068884 	28.844410 	29.154760 	30.463093 	31.400637 	33.286633 	34.000000 	34.481880 	36.674240 	
17.029387 	11.180340 	17.117243 	93.637596 	10.440307 	28.861740 	40.447498 	100.169853 	21.189621 	35.355339 	80.361679 	98.762344 	10.198039 	10.049875 	12.041595 	13.152946 	67.542580 	76.967529 	68.876701 	2.828427 	4.000000 	69.835518 	5.385165 	3.162278 	1.000000 	999.000000 	7.810250 	3.162278 	4.472136 	5.099020 	4.123106 	14.142136 	17.464249 	16.124516 	17.000000 	18.027756 	21.095022 	19.313208 	19.924858 	23.086792 	22.803509 	23.769728 	25.495098 	28.635643 	28.301943 	28.653097 	30.083218 	30.805843 	32.756680 	33.541019 	34.000000 	36.249138 	
18.788294 	16.000000 	12.649111 	86.977005 	16.124516 	26.419689 	47.296936 	107.280006 	19.849434 	42.201897 	87.595665 	105.948097 	9.433981 	8.602325 	8.602325 	8.944272 	60.539242 	70.007141 	61.846584 	8.544003 	6.082763 	62.609905 	4.000000 	5.385165 	7.211102 	7.810250 	999.000000 	10.630146 	3.605551 	4.123106 	6.324555 	19.416489 	22.090721 	19.104973 	20.099751 	22.000000 	26.305893 	23.021729 	24.000000 	28.284271 	27.000000 	28.000000 	21.470911 	26.248810 	26.907248 	26.870058 	27.202942 	29.832869 	31.112698 	31.240999 	31.890438 	33.600594 	
18.867962 	12.041595 	20.223749 	96.798759 	10.816654 	31.575306 	39.115215 	98.488579 	23.769728 	34.058773 	78.587532 	97.015465 	13.038404 	13.000000 	15.132746 	16.278820 	70.682388 	80.112419 	72.013885 	5.099020 	7.071068 	72.945183 	8.544003 	6.324555 	4.123106 	3.162278 	10.630146 	999.000000 	7.071068 	7.211102 	5.385165 	11.401754 	14.866069 	14.212670 	15.000000 	15.652476 	18.248287 	17.000000 	17.464249 	20.223749 	20.248457 	21.189621 	26.076809 	28.460499 	27.730848 	28.231188 	30.083218 	30.016663 	32.202484 	33.241539 	33.615471 	36.055511 	
18.601076 	14.317822 	15.132746 	90.443352 	14.035668 	28.231188 	44.721359 	104.546638 	21.095022 	39.623226 	84.770279 	103.160072 	10.000000 	9.433981 	10.440307 	11.180340 	64.078079 	73.539108 	65.391129 	6.000000 	4.472136 	66.189125 	3.605551 	3.162278 	4.123106 	4.472136 	3.605551 	7.071068 	999.000000 	1.414214 	3.000000 	16.124516 	19.000000 	16.492422 	17.464249 	19.104973 	23.086792 	20.223749 	21.095022 	25.079872 	24.083189 	25.079872 	22.135944 	26.076809 	26.248810 	26.400757 	27.294687 	29.000000 	30.610456 	31.064449 	31.622776 	33.615471 	
20.000000 	15.524175 	16.278820 	91.093361 	15.132746 	29.546574 	45.541191 	105.261581 	22.472204 	40.447498 	85.440041 	103.846039 	11.401754 	10.816654 	11.704700 	12.369317 	64.621979 	74.094536 	65.924202 	7.071068 	5.830952 	66.640831 	5.000000 	4.472136 	5.000000 	5.099020 	4.123106 	7.211102 	1.414214 	999.000000 	2.236068 	15.297058 	18.027756 	15.297058 	16.278820 	18.027756 	22.203604 	19.104973 	20.024984 	24.186773 	23.021729 	24.020824 	20.880613 	24.698177 	24.839485 	25.000000 	25.942244 	27.586229 	29.206163 	29.681644 	30.232433 	32.249031 	
20.518284 	15.231546 	18.110771 	93.300591 	14.560220 	31.016125 	44.283180 	103.812332 	23.706539 	39.204590 	83.934502 	102.357216 	12.529964 	12.083046 	13.341664 	14.142136 	66.850578 	76.321686 	68.154236 	6.708204 	6.403124 	68.876701 	6.324555 	5.000000 	4.472136 	4.123106 	6.324555 	5.385165 	3.000000 	2.236068 	999.000000 	13.152946 	16.000000 	13.601471 	14.560220 	16.124516 	20.099751 	17.262676 	18.110771 	22.090721 	21.095022 	22.090721 	21.377558 	24.596748 	24.413111 	24.698177 	26.000000 	27.018513 	28.844410 	29.529646 	30.016663 	32.202484 	
29.966648 	22.472204 	31.000000 	106.320274 	20.808653 	42.953465 	42.755116 	99.609238 	35.171009 	38.078865 	79.511009 	97.867256 	24.331051 	24.186773 	26.019224 	27.000000 	79.711983 	89.196411 	80.993828 	16.492422 	18.110771 	81.541397 	19.000000 	17.029387 	15.132746 	14.142136 	19.416489 	11.401754 	16.124516 	15.297058 	13.152946 	999.000000 	3.605551 	6.000000 	6.082763 	5.000000 	7.000000 	6.403124 	6.403124 	9.000000 	8.944272 	9.848858 	24.698177 	24.083189 	22.022715 	23.000000 	26.172504 	23.345236 	26.172504 	28.017851 	28.071337 	31.016125 	
33.541019 	26.076809 	34.058773 	108.669220 	24.413111 	46.324940 	45.354160 	101.316338 	38.600517 	40.804413 	81.221916 	99.503769 	27.658634 	27.459061 	29.154760 	30.066593 	81.908485 	91.394745 	83.168503 	19.924858 	21.377558 	83.570328 	22.090721 	20.223749 	18.439089 	17.464249 	22.090721 	14.866069 	19.000000 	18.027756 	16.000000 	3.605551 	999.000000 	5.000000 	4.472136 	2.000000 	4.472136 	3.162278 	2.828427 	6.324555 	5.385165 	6.324555 	24.186773 	22.561028 	20.099751 	21.213203 	24.738634 	21.023796 	24.000000 	26.076809 	26.019224 	29.068884 	
33.015148 	26.172504 	31.575306 	104.785492 	24.758837 	44.598206 	48.662102 	105.574615 	37.161808 	43.931767 	85.475143 	103.817146 	26.000000 	25.632011 	26.925823 	27.658634 	77.884529 	87.361320 	79.120163 	18.867962 	19.697716 	79.378838 	19.924858 	18.384777 	17.000000 	16.124516 	19.104973 	14.212670 	16.492422 	15.297058 	13.601471 	6.000000 	5.000000 	999.000000 	1.000000 	3.605551 	9.219544 	4.123106 	5.385165 	10.816654 	8.246211 	9.219544 	19.235384 	18.110771 	16.031219 	17.000000 	20.223749 	17.464249 	20.223749 	22.022715 	22.090721 	25.019993 	
33.837849 	26.907248 	32.557640 	105.759163 	25.455845 	45.541191 	48.836460 	105.475113 	38.078865 	44.147480 	85.375641 	103.696671 	26.925823 	26.570660 	27.892651 	28.635643 	78.847954 	88.323273 	80.081207 	19.723083 	20.615528 	80.324341 	20.880613 	19.313208 	17.888544 	17.000000 	20.099751 	15.000000 	17.464249 	16.278820 	14.560220 	6.082763 	4.472136 	1.000000 	999.000000 	2.828427 	8.485281 	3.162278 	4.472136 	10.000000 	7.280110 	8.246211 	19.723083 	18.248287 	16.000000 	17.029387 	20.396078 	17.262676 	20.099751 	22.000000 	22.022715 	25.000000 	
34.481880 	27.202942 	34.234486 	108.171158 	25.612497 	46.840153 	47.296936 	103.310211 	39.217342 	42.720020 	83.216583 	101.493843 	28.160255 	27.892651 	29.427877 	30.265491 	81.320351 	90.801979 	82.565125 	20.615528 	21.840330 	82.873398 	22.360680 	20.615528 	18.973665 	18.027756 	22.000000 	15.652476 	19.104973 	18.027756 	16.124516 	5.000000 	2.000000 	3.605551 	2.828427 	999.000000 	5.656854 	1.414214 	2.000000 	7.211102 	5.000000 	6.000000 	22.472204 	20.615528 	18.110771 	19.235384 	22.803509 	19.026299 	22.000000 	24.083189 	24.020824 	27.073973 	
36.400551 	28.635643 	38.000000 	113.053085 	26.832815 	49.819675 	44.598206 	99.080772 	41.976185 	40.311287 	79.025314 	97.185387 	31.257000 	31.144823 	33.015148 	34.000000 	86.330757 	95.817535 	87.595665 	23.345236 	25.079872 	88.022728 	26.000000 	24.020824 	22.090721 	21.095022 	26.305893 	18.248287 	23.086792 	22.203604 	20.099751 	7.000000 	4.472136 	9.219544 	8.485281 	5.656854 	999.000000 	5.830952 	4.472136 	2.000000 	4.123106 	4.472136 	28.017851 	25.632011 	22.803509 	24.041630 	27.856777 	23.194826 	26.305893 	28.635643 	28.442924 	31.575306 	
35.846897 	28.600698 	35.355339 	108.908218 	27.018513 	48.083260 	48.507732 	104.235313 	40.496914 	43.965897 	84.148682 	102.396286 	29.410883 	29.120440 	30.594116 	31.400637 	82.006096 	91.482239 	83.240616 	21.931713 	23.086792 	83.486526 	23.537205 	21.840330 	20.248457 	19.313208 	23.021729 	17.000000 	20.223749 	19.104973 	17.262676 	6.403124 	3.162278 	4.123106 	3.162278 	1.414214 	5.830952 	999.000000 	1.414214 	7.071068 	4.123106 	5.099020 	22.203604 	19.924858 	17.262676 	18.439089 	22.135944 	18.000000 	21.023796 	23.194826 	23.086792 	26.172504 	
36.235340 	28.844410 	36.221542 	110.113579 	27.202942 	48.764740 	47.801674 	103.174606 	41.109608 	43.324360 	83.096329 	101.316338 	30.083218 	29.832869 	31.400637 	32.249031 	83.240616 	92.720009 	84.480766 	22.472204 	23.769728 	84.758484 	24.331051 	22.561028 	20.880613 	19.924858 	24.000000 	17.464249 	21.095022 	20.024984 	18.110771 	6.403124 	2.828427 	5.385165 	4.472136 	2.000000 	4.472136 	1.414214 	999.000000 	5.656854 	3.000000 	4.000000 	23.600847 	21.189621 	18.439089 	19.646883 	23.409399 	19.026299 	22.090721 	24.331051 	24.186773 	27.294687 	
38.275318 	30.463093 	40.000000 	114.982605 	28.635643 	51.788029 	45.310043 	99.020203 	43.931767 	41.146080 	79.000000 	97.082436 	33.241539 	33.136082 	35.014282 	36.000000 	88.232651 	97.718987 	89.493019 	25.317978 	27.073973 	89.888817 	28.000000 	26.019224 	24.083189 	23.086792 	28.284271 	20.223749 	25.079872 	24.186773 	22.090721 	9.000000 	6.324555 	10.816654 	10.000000 	7.211102 	2.000000 	7.071068 	5.656854 	999.000000 	4.123106 	4.000000 	29.206163 	26.400757 	23.409399 	24.698177 	28.635643 	23.537205 	26.683329 	29.120440 	28.861740 	32.015621 	
38.910152 	31.384710 	39.204590 	113.030968 	29.681644 	51.662365 	48.703182 	103.043678 	43.965897 	44.384682 	83.006027 	101.123688 	32.984844 	32.756680 	34.365681 	35.227829 	86.127815 	95.603348 	87.361320 	25.298222 	26.683329 	87.595665 	27.294687 	25.495098 	23.769728 	22.803509 	27.000000 	20.248457 	24.083189 	23.021729 	21.095022 	8.944272 	5.385165 	8.246211 	7.280110 	5.000000 	4.123106 	4.123106 	3.000000 	4.123106 	999.000000 	1.000000 	25.495098 	22.360680 	19.313208 	20.615528 	24.596748 	19.416489 	22.561028 	25.000000 	24.738634 	27.892651 	
39.812057 	32.249031 	40.199501 	114.004387 	30.528675 	52.630791 	49.040798 	103.019417 	44.922153 	44.777225 	83.000000 	101.079178 	33.955853 	33.734257 	35.355339 	36.221542 	87.091904 	96.566040 	88.323273 	26.248810 	27.658634 	88.543777 	28.284271 	26.476404 	24.738634 	23.769728 	28.000000 	21.189621 	25.079872 	24.020824 	22.090721 	9.848858 	6.324555 	9.219544 	8.246211 	6.000000 	4.472136 	5.099020 	4.000000 	4.000000 	1.000000 	999.000000 	26.172504 	22.825424 	19.697716 	21.023796 	25.059929 	19.646883 	22.803509 	25.298222 	25.000000 	28.160255 	
40.249222 	36.400551 	31.827662 	93.263069 	35.902645 	45.967381 	65.007690 	123.628479 	40.607880 	60.000000 	103.576057 	122.000000 	30.886890 	30.016663 	29.410883 	29.206163 	66.121101 	75.325958 	67.186310 	27.892651 	26.570660 	66.610809 	25.079872 	25.298222 	25.709921 	25.495098 	21.470911 	26.076809 	22.135944 	20.880613 	21.377558 	24.698177 	24.186773 	19.235384 	19.723083 	22.472204 	28.017851 	22.203604 	23.600847 	29.206163 	25.495098 	26.172504 	999.000000 	7.071068 	10.049875 	9.000000 	6.708204 	13.000000 	12.369317 	11.180340 	12.083046 	12.806249 	
44.654228 	39.812057 	37.643059 	100.179840 	39.000000 	51.855568 	66.272163 	123.685081 	45.967381 	61.400326 	103.585716 	121.926208 	35.608986 	34.828148 	34.655445 	34.655445 	73.061615 	82.219215 	74.108032 	31.304953 	30.528675 	73.437050 	29.410883 	29.154760 	29.068884 	28.635643 	26.248810 	28.460499 	26.076809 	24.698177 	24.596748 	24.083189 	22.561028 	18.110771 	18.248287 	20.615528 	25.632011 	19.924858 	21.189621 	26.400757 	22.360680 	22.825424 	7.071068 	999.000000 	3.605551 	2.236068 	2.236068 	6.082763 	5.385165 	5.000000 	5.656854 	7.615773 	
44.821869 	39.446167 	38.832977 	103.310211 	38.470768 	53.009434 	64.629715 	121.412521 	46.754681 	59.841457 	101.316338 	119.603508 	36.069378 	35.355339 	35.468296 	35.608986 	76.164299 	85.375641 	77.233414 	31.064449 	30.610456 	76.655075 	29.732138 	29.206163 	28.844410 	28.301943 	26.907248 	27.730848 	26.248810 	24.839485 	24.413111 	22.022715 	20.099751 	16.031219 	16.000000 	18.110771 	22.803509 	17.262676 	18.439089 	23.409399 	19.313208 	19.697716 	10.049875 	3.605551 	999.000000 	1.414214 	5.656854 	3.162278 	4.472136 	6.000000 	6.082763 	9.000000 	
45.000000 	39.824615 	38.600517 	102.239914 	38.910152 	52.801514 	65.490456 	122.494896 	46.690472 	60.671246 	102.396286 	120.702110 	36.124783 	35.383614 	35.383614 	35.468296 	75.106590 	84.291161 	76.164299 	31.384710 	30.805843 	75.538071 	29.832869 	29.410883 	29.154760 	28.653097 	26.870058 	28.231188 	26.400757 	25.000000 	24.698177 	23.000000 	21.213203 	17.000000 	17.029387 	19.235384 	24.041630 	18.439089 	19.646883 	24.698177 	20.615528 	21.023796 	9.000000 	2.236068 	1.414214 	999.000000 	4.242640 	4.000000 	4.242640 	5.099020 	5.385165 	8.062258 	
45.793011 	41.231056 	38.209946 	99.080772 	40.496914 	52.402290 	68.183578 	125.781555 	46.754681 	63.285069 	105.683487 	124.036285 	36.619667 	35.805027 	35.468296 	35.383614 	72.006943 	81.098709 	73.027390 	32.695564 	31.764761 	72.249565 	30.528675 	30.413813 	30.463093 	30.083218 	27.202942 	30.083218 	27.294687 	25.942244 	26.000000 	26.172504 	24.738634 	20.223749 	20.396078 	22.803509 	27.856777 	22.135944 	23.409399 	28.635643 	24.596748 	25.059929 	6.708204 	2.236068 	5.656854 	4.242640 	999.000000 	7.615773 	6.000000 	4.472136 	5.385165 	6.403124 	
47.507893 	41.880783 	41.880783 	106.230881 	40.816662 	56.035702 	66.098412 	122.200653 	49.678970 	61.392181 	102.122475 	120.337029 	38.897301 	38.209946 	38.418747 	38.600517 	79.101204 	88.277969 	80.156097 	33.600594 	33.301651 	79.511009 	32.526913 	31.890438 	31.400637 	30.805843 	29.832869 	30.016663 	29.000000 	27.586229 	27.018513 	23.345236 	21.023796 	17.464249 	17.262676 	19.026299 	23.194826 	18.000000 	19.026299 	23.537205 	19.416489 	19.646883 	13.000000 	6.082763 	3.162278 	4.000000 	7.615773 	999.000000 	3.162278 	5.830952 	5.385165 	8.544003 	
49.203659 	43.908997 	42.801868 	105.076164 	42.941822 	57.008770 	68.883957 	125.255737 	50.931328 	64.132675 	105.171288 	123.405838 	40.360870 	39.623226 	39.623226 	39.698868 	78.006409 	87.091904 	79.025314 	35.510563 	35.000000 	78.230431 	34.058773 	33.600594 	33.286633 	32.756680 	31.112698 	32.202484 	30.610456 	29.206163 	28.844410 	26.172504 	24.000000 	20.223749 	20.099751 	22.000000 	26.305893 	21.023796 	22.090721 	26.683329 	22.561028 	22.803509 	12.369317 	5.385165 	4.472136 	4.242640 	6.000000 	3.162278 	999.000000 	2.828427 	2.236068 	5.385165 	
49.648766 	44.721359 	42.520584 	103.019417 	43.863426 	56.727417 	70.576202 	127.393089 	50.931328 	65.764732 	107.298645 	125.574677 	40.607880 	39.824615 	39.623226 	39.597980 	76.006577 	85.023529 	77.000000 	36.235340 	35.510563 	76.105194 	34.409302 	34.132095 	34.000000 	33.541019 	31.240999 	33.241539 	31.064449 	29.681644 	29.529646 	28.017851 	26.076809 	22.022715 	22.000000 	24.083189 	28.635643 	23.194826 	24.331051 	29.120440 	25.000000 	25.298222 	11.180340 	5.000000 	6.000000 	5.099020 	4.472136 	5.830952 	2.828427 	999.000000 	1.000000 	3.000000 	
50.219517 	45.177429 	43.278172 	104.019226 	44.283180 	57.489128 	70.710678 	127.318497 	51.623638 	65.924202 	107.228729 	125.483070 	41.231056 	40.459858 	40.311287 	40.311287 	77.006493 	86.023254 	78.000000 	36.715118 	36.055511 	77.103828 	35.000000 	34.669872 	34.481880 	34.000000 	31.890438 	33.615471 	31.622776 	30.232433 	30.016663 	28.071337 	26.019224 	22.090721 	22.022715 	24.020824 	28.442924 	23.086792 	24.186773 	28.861740 	24.738634 	25.000000 	12.083046 	5.656854 	6.082763 	5.385165 	5.385165 	5.385165 	2.236068 	1.000000 	999.000000 	3.162278 	
52.153618 	47.423622 	44.553337 	103.004852 	46.615448 	58.728188 	73.552704 	130.384048 	53.150730 	68.731361 	110.290527 	128.561264 	43.011627 	42.201897 	41.868843 	41.773197 	76.105194 	85.005882 	77.058418 	38.910152 	38.078865 	76.006577 	36.891735 	36.715118 	36.674240 	36.249138 	33.600594 	36.055511 	33.615471 	32.249031 	32.202484 	31.016125 	29.068884 	25.019993 	25.000000 	27.073973 	31.575306 	26.172504 	27.294687 	32.015621 	27.892651 	28.160255 	12.806249 	7.615773 	9.000000 	8.062258 	6.403124 	8.544003 	5.385165 	3.000000 	3.162278 	999.000000 	

Travel time:
9.000000 	0.201556 	0.340037 	2.161308 	0.251247 	0.388104 	0.866747 	2.350532 	0.201556 	0.750000 	1.879495 	2.325941 	0.237171 	0.261008 	0.301040 	0.325000 	1.562050 	1.785007 	1.597263 	0.355317 	0.355317 	1.644878 	0.381608 	0.390512 	0.406971 	0.425735 	0.469707 	0.471699 	0.465027 	0.500000 	0.512957 	0.749166 	0.838525 	0.825379 	0.845946 	0.862047 	0.910014 	0.896172 	0.905883 	0.956883 	0.972754 	0.995301 	1.006231 	1.116356 	1.120547 	1.125000 	1.144825 	1.187697 	1.230091 	1.241219 	1.255488 	1.303840 	
0.201556 	9.000000 	0.424264 	2.325537 	0.050000 	0.579871 	0.798827 	2.300679 	0.382426 	0.673146 	1.815386 	2.270600 	0.235850 	0.257391 	0.325960 	0.360555 	1.706055 	1.934716 	1.740869 	0.213600 	0.251247 	1.780449 	0.300000 	0.279509 	0.269258 	0.279509 	0.400000 	0.301040 	0.357946 	0.388104 	0.380789 	0.561805 	0.651920 	0.654313 	0.672681 	0.680074 	0.715891 	0.715017 	0.721110 	0.761577 	0.784618 	0.806226 	0.910014 	0.995301 	0.986154 	0.995615 	1.030776 	1.047020 	1.097725 	1.118034 	1.129436 	1.185591 	
0.340037 	0.424264 	9.000000 	1.926947 	0.460977 	0.355317 	1.197132 	2.688517 	0.237171 	1.076162 	2.213736 	2.662823 	0.201556 	0.190394 	0.127475 	0.100000 	1.290591 	1.522539 	1.325000 	0.388104 	0.328824 	1.360147 	0.300000 	0.350892 	0.403113 	0.427931 	0.316228 	0.505594 	0.378319 	0.406971 	0.452769 	0.775000 	0.851469 	0.789383 	0.813941 	0.855862 	0.950000 	0.883883 	0.905539 	1.000000 	0.980115 	1.004987 	0.795692 	0.941076 	0.970824 	0.965013 	0.955249 	1.047020 	1.070047 	1.063015 	1.081954 	1.113833 	
2.161308 	2.325537 	1.926947 	9.000000 	2.370258 	1.789029 	2.960152 	4.287336 	1.959751 	2.865528 	3.889248 	4.283252 	2.127205 	2.117339 	2.051981 	2.019437 	0.679154 	0.450000 	0.651920 	2.311926 	2.247221 	0.676849 	2.206383 	2.261913 	2.317461 	2.340940 	2.174425 	2.419969 	2.261084 	2.277334 	2.332515 	2.658007 	2.716731 	2.619637 	2.643979 	2.704279 	2.826327 	2.722705 	2.752840 	2.874565 	2.825774 	2.850110 	2.331577 	2.504496 	2.582755 	2.555998 	2.477019 	2.655772 	2.626904 	2.575485 	2.600481 	2.575121 	
0.251247 	0.050000 	0.460977 	2.370258 	9.000000 	0.629484 	0.783023 	2.284869 	0.431567 	0.656220 	1.796698 	2.253469 	0.265754 	0.285044 	0.355317 	0.390512 	1.747319 	1.976898 	1.782028 	0.201556 	0.251247 	1.820028 	0.304138 	0.275000 	0.254951 	0.261008 	0.403113 	0.270416 	0.350892 	0.378319 	0.364006 	0.520216 	0.610328 	0.618971 	0.636396 	0.640312 	0.670820 	0.675463 	0.680074 	0.715891 	0.742041 	0.763217 	0.897566 	0.975000 	0.961769 	0.972754 	1.012423 	1.020416 	1.073546 	1.096586 	1.107080 	1.165386 	
0.388104 	0.579871 	0.355317 	1.789029 	0.629484 	9.000000 	1.184536 	2.611154 	0.200000 	1.081954 	2.165208 	2.594345 	0.467039 	0.474342 	0.447214 	0.437321 	1.220912 	1.432873 	1.256234 	0.661910 	0.625000 	1.315770 	0.617454 	0.656220 	0.697316 	0.721543 	0.660492 	0.789383 	0.705780 	0.738664 	0.775403 	1.073837 	1.158123 	1.114955 	1.138530 	1.171004 	1.245492 	1.202081 	1.219118 	1.294701 	1.291559 	1.315770 	1.149184 	1.296389 	1.325236 	1.320038 	1.310057 	1.400892 	1.425219 	1.418185 	1.437228 	1.468205 	
0.866747 	0.798827 	1.197132 	2.960152 	0.783023 	1.184536 	9.000000 	1.502082 	1.050297 	0.127475 	1.017964 	1.471819 	1.030776 	1.053862 	1.119431 	1.152443 	2.404423 	2.617250 	2.439775 	0.970824 	1.030776 	2.495621 	1.085415 	1.049405 	1.015197 	1.011187 	1.182423 	0.977880 	1.118034 	1.138530 	1.107080 	1.068878 	1.133854 	1.216552 	1.220912 	1.182423 	1.114955 	1.212693 	1.195042 	1.132751 	1.217580 	1.226020 	1.625192 	1.656804 	1.615743 	1.637261 	1.704589 	1.652460 	1.722099 	1.764405 	1.767767 	1.838818 	
2.350532 	2.300679 	2.688517 	4.287336 	2.284869 	2.611154 	1.502082 	9.000000 	2.515577 	1.628650 	0.502494 	0.070711 	2.531057 	2.554530 	2.618802 	2.651061 	3.813791 	4.005153 	3.848539 	2.469059 	2.531057 	3.917668 	2.586141 	2.548038 	2.510602 	2.504246 	2.682000 	2.462214 	2.613666 	2.631540 	2.595308 	2.490231 	2.532908 	2.639365 	2.636878 	2.582755 	2.477019 	2.605883 	2.579365 	2.475505 	2.576092 	2.575485 	3.090712 	3.092127 	3.035313 	3.062372 	3.144539 	3.055016 	3.131393 	3.184827 	3.182962 	3.259601 	
0.201556 	0.382426 	0.237171 	1.959751 	0.431567 	0.200000 	1.050297 	2.515577 	9.000000 	0.938416 	2.053807 	2.494118 	0.279509 	0.291548 	0.282843 	0.285044 	1.364047 	1.585284 	1.399330 	0.467039 	0.436606 	1.449569 	0.437321 	0.469707 	0.506211 	0.529741 	0.496236 	0.594243 	0.527376 	0.561805 	0.592663 	0.879275 	0.965013 	0.929045 	0.951972 	0.980434 	1.049405 	1.012423 	1.027740 	1.098294 	1.099147 	1.123054 	1.015197 	1.149184 	1.168867 	1.167262 	1.168867 	1.241974 	1.273283 	1.273283 	1.290591 	1.328768 	
0.750000 	0.673146 	1.076162 	2.865528 	0.656220 	1.081954 	0.127475 	1.628650 	0.938416 	9.000000 	1.142366 	1.597655 	0.906228 	0.929045 	0.995301 	1.028652 	2.298369 	2.514210 	2.333720 	0.843356 	0.903466 	2.387075 	0.958188 	0.921954 	0.887764 	0.883883 	1.055047 	0.851469 	0.990581 	1.011187 	0.980115 	0.951972 	1.020110 	1.098294 	1.103687 	1.068001 	1.007782 	1.099147 	1.083109 	1.028652 	1.109617 	1.119431 	1.500000 	1.535008 	1.496036 	1.516781 	1.582127 	1.534805 	1.603317 	1.644118 	1.648105 	1.718284 	
1.879495 	1.815386 	2.213736 	3.889248 	1.796698 	2.165208 	1.017964 	0.502494 	2.053807 	1.142366 	9.000000 	0.460977 	2.048475 	2.071382 	2.137317 	2.170397 	3.381198 	3.582074 	3.416321 	1.976424 	2.039914 	3.480032 	2.095382 	2.055480 	2.016340 	2.009042 	2.189892 	1.964688 	2.119257 	2.136001 	2.098362 	1.987775 	2.030548 	2.136878 	2.134391 	2.080415 	1.975633 	2.103717 	2.077408 	1.975000 	2.075151 	2.075000 	2.589401 	2.589643 	2.532908 	2.559907 	2.642087 	2.553062 	2.629282 	2.682466 	2.680718 	2.757263 	
2.325941 	2.270600 	2.662823 	4.283252 	2.253469 	2.594345 	1.471819 	0.070711 	2.494118 	1.597655 	0.460977 	9.000000 	2.502249 	2.525495 	2.590487 	2.623095 	3.801316 	3.995153 	3.836176 	2.435416 	2.498250 	3.903924 	2.553551 	2.514458 	2.476010 	2.469059 	2.648702 	2.425387 	2.579002 	2.596151 	2.558930 	2.446681 	2.487594 	2.595429 	2.592417 	2.537346 	2.429635 	2.559907 	2.532908 	2.427061 	2.528092 	2.526979 	3.050000 	3.048155 	2.990088 	3.017553 	3.100907 	3.008426 	3.085146 	3.139367 	3.137077 	3.214032 	
0.237171 	0.235850 	0.201556 	2.127205 	0.265754 	0.467039 	1.030776 	2.531057 	0.279509 	0.906228 	2.048475 	2.502249 	9.000000 	0.025000 	0.090139 	0.125000 	1.492062 	1.724094 	1.526434 	0.200000 	0.158114 	1.560649 	0.160078 	0.190394 	0.230489 	0.254951 	0.235850 	0.325960 	0.250000 	0.285044 	0.313249 	0.608276 	0.691466 	0.650000 	0.673146 	0.704006 	0.781425 	0.735272 	0.752080 	0.831038 	0.824621 	0.848896 	0.772172 	0.890225 	0.901734 	0.903120 	0.915492 	0.972432 	1.009022 	1.015197 	1.030776 	1.075291 	
0.261008 	0.257391 	0.190394 	2.117339 	0.285044 	0.474342 	1.053862 	2.554530 	0.291548 	0.929045 	2.071382 	2.525495 	0.025000 	9.000000 	0.070711 	0.106066 	1.479231 	1.711907 	1.513481 	0.201556 	0.152069 	1.546367 	0.145774 	0.182003 	0.226385 	0.251247 	0.215058 	0.325000 	0.235850 	0.270416 	0.302076 	0.604669 	0.686477 	0.640800 	0.664266 	0.697316 	0.778621 	0.728011 	0.745822 	0.828402 	0.818917 	0.843356 	0.750417 	0.870704 	0.883883 	0.884590 	0.895126 	0.955249 	0.990581 	0.995615 	1.011496 	1.055047 	
0.301040 	0.325960 	0.127475 	2.051981 	0.355317 	0.447214 	1.119431 	2.618802 	0.282843 	0.995301 	2.137317 	2.590487 	0.090139 	0.070711 	9.000000 	0.035355 	1.410895 	1.644118 	1.445035 	0.261008 	0.201556 	1.476906 	0.176777 	0.225000 	0.276134 	0.301040 	0.215058 	0.378319 	0.261008 	0.292617 	0.333542 	0.650481 	0.728869 	0.673146 	0.697316 	0.735697 	0.825379 	0.764853 	0.785016 	0.875357 	0.859142 	0.883883 	0.735272 	0.866386 	0.886707 	0.884590 	0.886707 	0.960469 	0.990581 	0.990581 	1.007782 	1.046721 	
0.325000 	0.360555 	0.100000 	2.019437 	0.390512 	0.437321 	1.152443 	2.651061 	0.285044 	1.028652 	2.170397 	2.623095 	0.125000 	0.106066 	0.035355 	9.000000 	1.376817 	1.610318 	1.410895 	0.292617 	0.230489 	1.442220 	0.200000 	0.251247 	0.304138 	0.328824 	0.223607 	0.406971 	0.279509 	0.309233 	0.353553 	0.675000 	0.751665 	0.691466 	0.715891 	0.756637 	0.850000 	0.785016 	0.806226 	0.900000 	0.880696 	0.905539 	0.730154 	0.866386 	0.890225 	0.886707 	0.884590 	0.965013 	0.992472 	0.989950 	1.007782 	1.044330 	
1.562050 	1.706055 	1.290591 	0.679154 	1.747319 	1.220912 	2.404423 	3.813791 	1.364047 	2.298369 	3.381198 	3.801316 	1.492062 	1.479231 	1.410895 	1.376817 	9.000000 	0.237171 	0.035355 	1.666208 	1.598828 	0.125000 	1.554228 	1.610124 	1.666021 	1.688565 	1.513481 	1.767060 	1.601952 	1.615549 	1.671264 	1.992800 	2.047712 	1.947113 	1.971199 	2.033009 	2.158269 	2.050152 	2.081015 	2.205816 	2.153195 	2.177298 	1.653028 	1.826540 	1.904107 	1.877665 	1.800174 	1.977530 	1.950160 	1.900164 	1.925162 	1.902630 	
1.785007 	1.934716 	1.522539 	0.450000 	1.976898 	1.432873 	2.617250 	4.005153 	1.585284 	2.514210 	3.582074 	3.995153 	1.724094 	1.711907 	1.644118 	1.610318 	0.237171 	9.000000 	0.206155 	1.900658 	1.833712 	0.230489 	1.789728 	1.845603 	1.901480 	1.924188 	1.750179 	2.002810 	1.838478 	1.852363 	1.908042 	2.229910 	2.284869 	2.184033 	2.208082 	2.270050 	2.395438 	2.287056 	2.318000 	2.442975 	2.390084 	2.414151 	1.883149 	2.055480 	2.134391 	2.107279 	2.027468 	2.206949 	2.177298 	2.125588 	2.150581 	2.125147 	
1.597263 	1.740869 	1.325000 	0.651920 	1.782028 	1.256234 	2.439775 	3.848539 	1.399330 	2.333720 	3.416321 	3.836176 	1.526434 	1.513481 	1.445035 	1.410895 	0.035355 	0.206155 	9.000000 	1.700000 	1.632483 	0.103078 	1.587648 	1.643548 	1.699448 	1.721918 	1.546165 	1.800347 	1.634778 	1.648105 	1.703856 	2.024846 	2.079213 	1.978004 	2.002030 	2.064128 	2.189892 	2.081015 	2.112019 	2.237325 	2.184033 	2.208082 	1.679658 	1.852701 	1.930835 	1.904107 	1.825685 	2.003902 	1.975633 	1.925000 	1.950000 	1.926461 	
