Total assets = 680
Number of asset nodes = 40

Distance:
999.000000 	63.253460 	64.202805 	78.409180 	72.670486 	77.801025 	77.420929 	24.041630 	79.924965 	28.017851 	31.780497 	29.017237 	47.010635 	53.150730 	46.043457 	54.083271 	48.010414 	56.222771 	36.221542 	41.436699 	53.907330 	59.304298 	68.883957 	59.135437 	48.877399 	42.544094 	59.076221 	52.430908 	50.774010 	58.008621 	56.035702 	63.285069 	45.880280 	43.829212 	61.032780 	60.008331 	45.276924 	68.359344 	73.164200 	55.072678 	47.010635 	57.982758 	49.658836 	48.373547 	47.000000 	75.663727 	76.655075 	115.433968 	54.129475 	103.768974 	74.168724 	103.310211 	77.524193 	115.935326 	
63.253460 	999.000000 	2.236068 	15.264338 	11.045361 	14.764823 	14.866069 	84.291161 	19.104973 	84.403793 	90.426765 	84.053551 	109.603828 	36.221542 	108.208130 	37.336308 	110.317726 	35.693138 	92.655273 	101.044548 	116.691902 	35.440090 	30.000000 	37.363083 	110.453613 	57.870544 	38.327538 	114.586212 	112.538879 	40.024994 	42.579338 	36.769554 	56.320511 	60.827625 	39.849716 	42.449970 	63.788715 	38.078865 	35.468296 	116.275536 	63.505905 	119.670380 	61.131008 	64.381676 	99.849884 	39.698868 	40.360870 	52.478565 	63.000000 	43.737854 	43.011627 	43.566040 	41.773197 	53.235325 	
64.202805 	2.236068 	999.000000 	14.212670 	9.219544 	13.601471 	13.416408 	84.899940 	17.262676 	84.811554 	90.906548 	84.403793 	110.344917 	35.057095 	108.894447 	36.124783 	111.018013 	34.365681 	93.005379 	101.533249 	117.456375 	33.955853 	28.017851 	35.902645 	111.072052 	57.271286 	36.878178 	115.260574 	113.172432 	38.639359 	41.303753 	35.114101 	55.578773 	60.207973 	38.327538 	41.000000 	63.150612 	36.235340 	33.421551 	116.846054 	62.801273 	120.282997 	60.299255 	63.639610 	99.985001 	37.643059 	38.288380 	51.312767 	62.032249 	41.976185 	41.048752 	41.773197 	39.698868 	51.971146 	
78.409180 	15.264338 	14.212670 	999.000000 	7.280110 	1.000000 	3.162278 	99.005051 	8.485281 	98.716766 	104.890419 	98.234413 	124.523087 	44.911022 	123.044708 	45.705578 	125.175873 	43.416588 	106.826965 	115.520561 	131.643463 	42.107006 	32.388271 	44.102154 	125.175873 	68.949257 	45.099888 	129.402466 	127.287079 	47.169907 	50.358715 	42.011902 	66.760765 	71.784401 	46.010868 	49.040798 	74.632431 	41.436699 	36.400551 	130.908371 	74.040527 	134.380051 	71.063354 	74.726166 	113.441612 	40.162170 	40.496914 	37.215588 	72.180328 	30.000000 	44.643028 	30.016663 	41.785164 	38.013157 	
72.670486 	11.045361 	9.219544 	7.280110 	999.000000 	6.324555 	5.000000 	92.655273 	8.062258 	92.097771 	98.351410 	91.547798 	118.342720 	37.656342 	116.777565 	38.470768 	118.928551 	36.221542 	100.124924 	108.977058 	125.495018 	35.014282 	25.961510 	37.013512 	118.802361 	61.684681 	38.013157 	123.109711 	120.933868 	40.049969 	43.185646 	35.128338 	59.481091 	64.513565 	39.012817 	42.000000 	67.357254 	34.928497 	30.463093 	124.458832 	66.760765 	127.988281 	63.788715 	67.446274 	106.508217 	34.438351 	34.885529 	42.801868 	64.938431 	32.756680 	38.626415 	32.557640 	36.235340 	43.266617 	
77.801025 	14.764823 	13.601471 	1.000000 	6.324555 	999.000000 	2.236068 	98.290382 	7.810250 	97.948967 	104.139328 	97.452553 	123.842644 	43.931767 	122.347862 	44.721359 	124.482933 	42.426407 	106.042442 	114.769333 	130.969467 	41.109608 	31.400637 	43.104523 	124.458832 	68.007355 	44.102154 	128.701202 	126.574089 	46.173584 	49.365982 	41.012192 	65.802734 	70.837845 	45.011108 	48.041649 	73.681747 	40.447498 	35.440090 	130.176804 	73.082146 	133.660019 	70.092796 	73.763138 	112.605507 	39.217342 	39.560081 	37.735924 	71.196907 	30.016663 	43.680660 	30.000000 	40.853397 	38.470768 	
77.420929 	14.866069 	13.416408 	3.162278 	5.000000 	2.236068 	999.000000 	97.590981 	5.830952 	97.082436 	103.324730 	96.540146 	123.239601 	42.201897 	121.696342 	42.953465 	123.842644 	40.607880 	105.118980 	113.951744 	130.384048 	39.204590 	29.274563 	41.194660 	123.745705 	66.483078 	42.190044 	128.035156 	125.872955 	44.283180 	47.518417 	39.000000 	64.195015 	69.289246 	43.046486 	46.097721 	72.111023 	38.327538 	33.241539 	129.417923 	71.470276 	132.936081 	68.410522 	72.124893 	111.503365 	37.000000 	37.336308 	38.013157 	69.426216 	29.154760 	41.484936 	29.068884 	38.626415 	38.587563 	
24.041630 	84.291161 	84.899940 	99.005051 	92.655273 	98.290382 	97.590981 	999.000000 	99.247169 	7.810250 	8.000000 	10.000000 	26.076809 	65.795135 	24.207438 	66.309875 	26.400757 	68.942001 	13.341664 	17.464249 	33.286633 	72.090218 	83.648071 	71.309189 	26.172504 	46.389652 	70.936592 	30.479502 	28.284271 	69.289246 	66.407829 	75.769386 	50.487621 	46.097721 	72.449982 	70.519501 	46.000000 	80.777473 	86.815895 	32.015621 	48.000000 	35.383614 	52.038448 	49.010204 	25.000000 	88.391174 	89.319649 	135.281189 	56.000000 	121.827744 	85.702972 	121.247681 	89.888817 	135.473251 	
79.924965 	19.104973 	17.262676 	8.485281 	8.062258 	7.810250 	5.830952 	99.247169 	999.000000 	98.290382 	104.661362 	97.621719 	125.099960 	40.853397 	123.434196 	41.436699 	125.606529 	38.897301 	106.150833 	115.260574 	132.279999 	37.107952 	26.019224 	39.051247 	125.319588 	65.741920 	40.024994 	129.726639 	127.475487 	42.201897 	45.607018 	36.345562 	63.158531 	68.447060 	40.607880 	43.737854 	71.175842 	35.000000 	29.274563 	130.862518 	70.384659 	134.469330 	67.067131 	70.936592 	112.004463 	32.756680 	32.984844 	36.069378 	67.720009 	24.738634 	37.483330 	24.515301 	34.205261 	36.235340 	
28.017851 	84.403793 	84.811554 	98.716766 	92.097771 	97.948967 	97.082436 	7.810250 	98.290382 	999.000000 	6.708204 	2.236068 	29.410883 	62.769421 	26.925823 	63.134777 	29.154760 	65.863495 	8.544003 	17.029387 	36.400551 	68.963760 	80.993828 	68.000000 	27.784887 	41.484936 	67.535179 	32.649654 	30.016663 	65.741920 	62.649822 	72.470680 	45.607018 	40.792156 	68.876701 	66.708321 	40.311287 	77.369247 	83.725746 	32.802441 	42.296574 	36.619667 	46.529560 	43.185646 	19.026299 	84.970581 	85.866173 	134.350296 	50.249378 	120.104118 	81.939003 	119.473846 	86.330757 	134.380051 	
31.780497 	90.426765 	90.906548 	104.890419 	98.351410 	104.139328 	103.324730 	8.000000 	104.661362 	6.708204 	999.000000 	8.246211 	22.803509 	69.462219 	20.248457 	69.835518 	22.472204 	72.560318 	5.830952 	10.630146 	29.732138 	75.663727 	87.664131 	74.706093 	21.095022 	48.083260 	74.242844 	25.942244 	23.323807 	72.449982 	69.354164 	79.177017 	52.201534 	47.296936 	75.584389 	73.409805 	46.690472 	84.077347 	90.426765 	26.248810 	48.662102 	30.000000 	52.952808 	49.497475 	17.464249 	91.678787 	92.574295 	140.730240 	56.568542 	126.657021 	88.639717 	126.035706 	93.037628 	140.801285 	
29.017237 	84.053551 	84.403793 	98.234413 	91.547798 	97.452553 	96.540146 	10.000000 	97.621719 	2.236068 	8.246211 	999.000000 	31.048349 	61.587337 	28.460499 	61.911228 	30.675724 	64.660652 	8.602325 	18.027756 	37.947330 	67.742157 	79.881165 	66.730804 	29.068884 	39.849716 	66.241982 	34.014702 	31.304953 	64.412735 	61.269894 	71.196907 	43.965897 	39.051247 	67.535179 	65.306969 	38.470768 	76.059189 	82.492424 	33.837849 	40.447498 	37.735924 	44.721359 	41.303753 	18.027756 	83.648071 	84.534019 	133.660019 	48.373547 	119.205704 	80.529495 	118.562218 	84.970581 	133.645050 	
47.010635 	109.603828 	110.344917 	124.523087 	118.342720 	123.842644 	123.239601 	26.076809 	125.099960 	29.410883 	22.803509 	31.048349 	999.000000 	91.678787 	3.162278 	92.135773 	2.236068 	94.810333 	25.019993 	15.132746 	7.211102 	97.943863 	109.658562 	97.082436 	6.403124 	70.880180 	96.664368 	6.082763 	6.324555 	94.936821 	91.923882 	101.552940 	75.000000 	70.092796 	98.086693 	96.005211 	69.426216 	106.512909 	112.698715 	11.180340 	71.386276 	12.165525 	75.709976 	72.180328 	30.675724 	114.127121 	115.039124 	161.074524 	79.246452 	147.871567 	111.233986 	147.299011 	115.550858 	161.335052 	
53.150730 	36.221542 	35.057095 	44.911022 	37.656342 	43.931767 	42.201897 	65.795135 	40.853397 	62.769421 	69.462219 	61.587337 	91.678787 	999.000000 	89.470665 	1.414214 	91.706055 	3.162278 	69.634758 	79.611557 	98.838249 	6.324555 	18.439089 	6.000000 	90.553848 	25.238859 	6.082763 	95.383438 	92.784698 	5.830952 	6.708204 	10.198039 	22.360680 	27.784887 	8.246211 	8.602325 	30.413813 	15.297058 	21.023796 	95.414886 	29.546574 	99.322708 	26.248810 	30.083218 	73.552704 	22.803509 	23.769728 	75.166481 	27.294687 	58.796257 	21.023796 	58.051701 	24.515301 	74.632431 	
46.043457 	108.208130 	108.894447 	123.044708 	116.777565 	122.347862 	121.696342 	24.207438 	123.434196 	26.925823 	20.248457 	28.460499 	3.162278 	89.470665 	999.000000 	89.894379 	2.236068 	92.590500 	22.090721 	12.041595 	9.486833 	95.713112 	107.540688 	94.810333 	4.123106 	68.308128 	94.371605 	6.403124 	5.099020 	92.612091 	89.554451 	99.282425 	72.422371 	67.446274 	95.754898 	93.621582 	66.708321 	104.216118 	110.476242 	10.049875 	68.658577 	12.083046 	73.006851 	69.426216 	27.513634 	111.825760 	112.729767 	159.452194 	76.485291 	146.013702 	108.853111 	145.426956 	113.216606 	159.665268 	
54.083271 	37.336308 	36.124783 	45.705578 	38.470768 	44.721359 	42.953465 	66.309875 	41.436699 	63.134777 	69.835518 	61.911228 	92.135773 	1.414214 	89.894379 	999.000000 	92.130341 	2.828427 	69.892776 	79.924965 	99.282425 	5.830952 	18.384777 	5.099020 	90.917542 	25.000000 	5.000000 	95.770561 	93.150414 	4.472136 	5.385165 	9.486833 	21.954498 	27.459061 	7.071068 	7.211102 	30.016663 	14.560220 	20.591261 	95.718338 	29.068884 	99.644371 	25.632011 	29.546574 	73.593475 	22.135944 	23.086792 	75.471848 	26.476404 	58.898216 	20.099751 	58.137768 	23.769728 	74.886581 	
48.010414 	110.317726 	111.018013 	125.175873 	118.928551 	124.482933 	123.842644 	26.400757 	125.606529 	29.154760 	22.472204 	30.675724 	2.236068 	91.706055 	2.236068 	92.130341 	999.000000 	94.826157 	24.186773 	14.000000 	7.280110 	97.948967 	109.772491 	97.046379 	4.242640 	70.519501 	96.607452 	4.472136 	4.123106 	94.847244 	91.787796 	101.518471 	74.632431 	69.641945 	97.989792 	95.854057 	68.883957 	106.451866 	112.712021 	9.055386 	70.830788 	10.440307 	75.186432 	71.589104 	29.120440 	114.061386 	114.965210 	161.616837 	78.644768 	148.219437 	111.085556 	147.634689 	115.451286 	161.839432 	
56.222771 	35.693138 	34.365681 	43.416588 	36.221542 	42.426407 	40.607880 	68.942001 	38.897301 	65.863495 	72.560318 	64.660652 	94.810333 	3.162278 	92.590500 	2.828427 	94.826157 	999.000000 	72.670486 	82.680107 	101.965683 	3.162278 	15.556349 	3.162278 	93.648277 	27.802877 	3.605551 	98.488579 	95.880135 	4.472136 	7.000000 	7.071068 	24.698177 	30.232433 	5.830952 	7.211102 	32.756680 	12.165525 	17.888544 	98.478424 	31.764761 	102.396286 	28.231188 	32.202484 	76.419891 	19.646883 	20.615528 	72.718636 	28.861740 	56.080299 	18.000000 	55.317268 	21.377558 	72.111023 	
36.221542 	92.655273 	93.005379 	106.826965 	100.124924 	106.042442 	105.118980 	13.341664 	106.150833 	8.544003 	5.830952 	8.602325 	25.019993 	69.634758 	22.090721 	69.892776 	24.186773 	72.670486 	999.000000 	10.440307 	31.400637 	75.716576 	88.005684 	74.625732 	21.840330 	47.010635 	74.094536 	26.925823 	24.041630 	72.201111 	68.963760 	79.075912 	51.078373 	45.880280 	75.292763 	72.945183 	44.922153 	83.862984 	90.426765 	25.942244 	46.840153 	29.966648 	51.244511 	47.539455 	11.704700 	91.416626 	92.282173 	142.172424 	54.571056 	127.561752 	88.119240 	126.905479 	92.660675 	142.130219 	
41.436699 	101.044548 	101.533249 	115.520561 	108.977058 	114.769333 	113.951744 	17.464249 	115.260574 	17.029387 	10.630146 	18.027756 	15.132746 	79.611557 	12.041595 	79.924965 	14.000000 	82.680107 	10.440307 	999.000000 	21.095022 	85.755463 	97.908119 	84.723076 	11.401754 	57.384666 	84.219948 	16.492422 	13.601471 	82.365044 	79.177017 	89.185204 	61.465439 	56.302753 	85.475143 	83.186539 	55.362442 	94.021271 	100.498756 	15.811388 	57.280014 	19.723083 	61.684681 	57.974133 	16.124516 	101.597244 	102.474388 	151.327454 	65.000000 	137.131317 	98.386993 	136.499084 	102.883430 	151.380310 	
53.907330 	116.691902 	117.456375 	131.643463 	125.495018 	130.969467 	130.384048 	33.286633 	132.279999 	36.400551 	29.732138 	37.947330 	7.211102 	98.838249 	9.486833 	99.282425 	7.280110 	101.965683 	31.400637 	21.095022 	999.000000 	105.095192 	116.846054 	104.216118 	10.049875 	77.794601 	103.788246 	5.385165 	8.246211 	102.044106 	99.005051 	108.687622 	81.908485 	76.922035 	105.190300 	103.077644 	76.157730 	113.635384 	119.854080 	10.630146 	78.102493 	8.944272 	82.462112 	78.854294 	35.510563 	121.247681 	122.155640 	168.240906 	85.906929 	155.080627 	118.308914 	154.508896 	122.653984 	168.514099 	
59.304298 	35.440090 	33.955853 	42.107006 	35.014282 	41.109608 	39.204590 	72.090218 	37.107952 	68.963760 	75.663727 	67.742157 	97.943863 	6.324555 	95.713112 	5.830952 	97.948967 	3.162278 	75.716576 	85.755463 	105.095192 	999.000000 	12.806249 	2.000000 	96.747093 	30.479502 	3.000000 	101.597244 	98.979797 	5.099020 	8.544003 	4.000000 	27.202942 	32.802441 	4.472136 	7.071068 	35.227829 	9.055386 	14.764823 	101.548019 	34.132095 	105.475113 	30.413813 	34.481880 	79.309517 	16.492422 	17.464249 	70.327805 	30.675724 	53.413483 	15.033297 	52.630791 	18.248287 	69.641945 	
68.883957 	30.000000 	28.017851 	32.388271 	25.961510 	31.400637 	29.274563 	83.648071 	26.019224 	80.993828 	87.664131 	79.881165 	109.658562 	18.439089 	107.540688 	18.384777 	109.772491 	15.556349 	88.005684 	97.908119 	116.846054 	12.806249 	999.000000 	14.422205 	108.756607 	43.278172 	15.264338 	113.534134 	110.981979 	17.492855 	21.095022 	10.770329 	40.000000 	45.607018 	15.231546 	18.384777 	48.010414 	9.055386 	5.830952 	113.718948 	46.872166 	117.596771 	43.046486 	47.169907 	91.967384 	10.000000 	10.816654 	57.706154 	42.953465 	40.607880 	13.038404 	39.824615 	12.206555 	56.938564 	
59.135437 	37.363083 	35.902645 	44.102154 	37.013512 	43.104523 	41.194660 	71.309189 	39.051247 	68.000000 	74.706093 	66.730804 	97.082436 	6.000000 	94.810333 	5.099020 	97.046379 	3.162278 	74.625732 	84.723076 	104.216118 	2.000000 	14.422205 	999.000000 	95.770561 	29.000000 	1.000000 	100.647903 	98.005104 	3.162278 	6.708204 	4.472136 	25.612497 	31.240999 	2.828427 	5.099020 	33.600594 	9.486833 	15.811388 	100.498756 	32.449963 	104.446159 	28.653097 	32.756680 	77.987175 	17.088007 	18.027756 	72.069412 	28.792360 	55.000000 	15.033297 	54.203320 	18.681541 	71.344238 	
48.877399 	110.453613 	111.072052 	125.175873 	118.802361 	124.458832 	123.745705 	26.172504 	125.319588 	27.784887 	21.095022 	29.068884 	6.403124 	90.553848 	4.123106 	90.917542 	4.242640 	93.648277 	21.840330 	11.401754 	10.049875 	96.747093 	108.756607 	95.770561 	999.000000 	68.709534 	95.294281 	5.099020 	2.236068 	93.477272 	90.338257 	100.239716 	72.801102 	67.675697 	96.602280 	94.371605 	66.760765 	105.118980 	111.507851 	6.324555 	68.680420 	9.219544 	73.082146 	69.375786 	25.495098 	112.712021 	113.600174 	161.375336 	76.400261 	147.610977 	109.590149 	147.003403 	114.039467 	161.523987 	
42.544094 	57.870544 	57.271286 	68.949257 	61.684681 	68.007355 	66.483078 	46.389652 	65.741920 	41.484936 	48.083260 	39.849716 	70.880180 	25.238859 	68.308128 	25.000000 	70.519501 	27.802877 	47.010635 	57.384666 	77.794601 	30.479502 	43.278172 	29.000000 	68.709534 	999.000000 	28.284271 	73.736015 	70.936592 	26.172504 	22.671568 	33.241539 	4.123106 	3.000000 	29.068884 	26.400757 	6.000000 	37.643059 	44.598206 	72.917763 	6.324555 	76.967529 	7.211102 	7.615773 	49.203659 	45.000000 	45.803928 	100.404182 	11.661903 	83.868942 	41.340054 	83.096329 	46.043457 	99.864906 	
59.076221 	38.327538 	36.878178 	45.099888 	38.013157 	44.102154 	42.190044 	70.936592 	40.024994 	67.535179 	74.242844 	66.241982 	96.664368 	6.082763 	94.371605 	5.000000 	96.607452 	3.605551 	74.094536 	84.219948 	103.788246 	3.000000 	15.264338 	1.000000 	95.294281 	28.284271 	999.000000 	100.184830 	97.529480 	2.236068 	5.830952 	5.000000 	24.839485 	30.479502 	2.236068 	4.123106 	32.802441 	9.848858 	16.401220 	99.985001 	31.622776 	103.942291 	27.784887 	31.906113 	77.336922 	17.464249 	18.384777 	72.945183 	27.856777 	55.803226 	15.132746 	55.000000 	18.973665 	72.201111 	
52.430908 	114.586212 	115.260574 	129.402466 	123.109711 	128.701202 	128.035156 	30.479502 	129.726639 	32.649654 	25.942244 	34.014702 	6.082763 	95.383438 	6.403124 	95.770561 	4.472136 	98.488579 	26.925823 	16.492422 	5.385165 	101.597244 	113.534134 	100.647903 	5.099020 	73.736015 	100.184830 	999.000000 	3.000000 	98.386993 	95.273293 	105.118980 	77.833153 	72.732384 	101.518471 	99.317673 	71.840103 	110.018181 	116.361504 	5.830952 	73.763138 	6.082763 	78.160095 	74.464760 	30.265491 	117.618027 	118.511604 	165.758865 	81.492332 	152.200531 	114.542572 	151.604752 	118.966385 	165.951797 	
50.774010 	112.538879 	113.172432 	127.287079 	120.933868 	126.574089 	125.872955 	28.284271 	127.475487 	30.016663 	23.323807 	31.304953 	6.324555 	92.784698 	5.099020 	93.150414 	4.123106 	95.880135 	24.041630 	13.601471 	8.246211 	98.979797 	110.981979 	98.005104 	2.236068 	70.936592 	97.529480 	3.000000 	999.000000 	95.713112 	92.574295 	102.474388 	75.026665 	69.892776 	98.838249 	96.607452 	68.963760 	107.354553 	113.740936 	5.000000 	70.880180 	7.211102 	75.286118 	71.568146 	27.294687 	114.947815 	115.836090 	163.526749 	78.587532 	149.806549 	111.825760 	149.201202 	116.275536 	163.685669 	
58.008621 	40.024994 	38.639359 	47.169907 	40.049969 	46.173584 	44.283180 	69.289246 	42.201897 	65.741920 	72.449982 	64.412735 	94.936821 	5.830952 	92.612091 	4.472136 	94.847244 	4.472136 	72.201111 	82.365044 	102.044106 	5.099020 	17.492855 	3.162278 	93.477272 	26.172504 	2.236068 	98.386993 	95.713112 	999.000000 	3.605551 	7.071068 	22.671568 	28.319605 	3.162278 	2.828427 	30.610456 	11.661903 	18.439089 	98.112183 	29.410883 	102.083298 	25.553865 	29.681644 	75.286118 	19.235384 	20.124611 	75.179787 	25.632011 	58.008621 	16.492422 	57.201397 	20.615528 	74.431175 	
56.035702 	42.579338 	41.303753 	50.358715 	43.185646 	49.365982 	47.518417 	66.407829 	45.607018 	62.649822 	69.354164 	61.269894 	91.923882 	6.708204 	89.554451 	5.385165 	91.787796 	7.000000 	68.963760 	79.177017 	99.005051 	8.544003 	21.095022 	6.708204 	90.338257 	22.671568 	5.830952 	95.273293 	92.574295 	3.605551 	999.000000 	10.630146 	19.104973 	24.758837 	6.403124 	4.123106 	27.018513 	15.000000 	21.931713 	94.894676 	25.806976 	98.883774 	21.954498 	26.076809 	71.840103 	22.472204 	23.323807 	78.771820 	22.135944 	61.611687 	19.313208 	60.802959 	23.706539 	78.032043 	
63.285069 	36.769554 	35.114101 	42.011902 	35.128338 	41.012192 	39.000000 	75.769386 	36.345562 	72.470680 	79.177017 	71.196907 	101.552940 	10.198039 	99.282425 	9.486833 	101.518471 	7.071068 	79.075912 	89.185204 	108.687622 	4.000000 	10.770329 	4.472136 	100.239716 	33.241539 	5.000000 	105.118980 	102.474388 	7.071068 	10.630146 	999.000000 	29.732138 	35.383614 	4.472136 	7.615773 	37.643059 	5.099020 	11.401754 	104.957130 	36.400551 	108.908218 	32.449963 	36.619667 	82.328613 	12.649111 	13.601471 	68.425140 	32.202484 	51.039200 	11.045361 	50.219517 	14.317822 	67.601776 	
45.880280 	56.320511 	55.578773 	66.760765 	59.481091 	65.802734 	64.195015 	50.487621 	63.158531 	45.607018 	52.201534 	43.965897 	75.000000 	22.360680 	72.422371 	21.954498 	74.632431 	24.698177 	51.078373 	61.465439 	81.908485 	27.202942 	40.000000 	25.612497 	72.801102 	4.123106 	24.839485 	77.833153 	75.026665 	22.671568 	19.104973 	29.732138 	999.000000 	5.656854 	25.455845 	22.671568 	8.062258 	33.970577 	41.012192 	76.967529 	7.280110 	81.024689 	5.385165 	8.062258 	53.009434 	41.231056 	42.011902 	97.416634 	9.219544 	80.603973 	37.443291 	79.812279 	42.201897 	96.798759 	
43.829212 	60.827625 	60.207973 	71.784401 	64.513565 	70.837845 	69.289246 	46.097721 	68.447060 	40.792156 	47.296936 	39.051247 	70.092796 	27.784887 	67.446274 	27.459061 	69.641945 	30.232433 	45.880280 	56.302753 	76.922035 	32.802441 	45.607018 	31.240999 	67.675697 	3.000000 	30.479502 	72.732384 	69.892776 	28.319605 	24.758837 	35.383614 	5.656854 	999.000000 	31.112698 	28.319605 	3.000000 	39.623226 	46.669048 	71.693794 	3.605551 	75.769386 	6.082763 	5.000000 	47.434166 	46.861500 	47.634022 	102.927162 	10.440307 	86.214851 	43.011627 	85.428329 	47.801674 	102.342560 	
61.032780 	39.849716 	38.327538 	46.010868 	39.012817 	45.011108 	43.046486 	72.449982 	40.607880 	68.876701 	75.584389 	67.535179 	98.086693 	8.246211 	95.754898 	7.071068 	97.989792 	5.830952 	75.292763 	85.475143 	105.190300 	4.472136 	15.231546 	2.828427 	96.602280 	29.068884 	2.236068 	101.518471 	98.838249 	3.162278 	6.403124 	4.472136 	25.455845 	31.112698 	999.000000 	3.162278 	33.301651 	8.602325 	15.556349 	101.212646 	32.015621 	105.190300 	28.017851 	32.202484 	78.243210 	16.124516 	17.000000 	72.897186 	27.730848 	55.470715 	13.341664 	54.644306 	17.464249 	72.069412 	
60.008331 	42.449970 	41.000000 	49.040798 	42.000000 	48.041649 	46.097721 	70.519501 	43.737854 	66.708321 	73.409805 	65.306969 	96.005211 	8.602325 	93.621582 	7.211102 	95.854057 	7.211102 	72.945183 	83.186539 	103.077644 	7.071068 	18.384777 	5.099020 	94.371605 	26.400757 	4.123106 	99.317673 	96.607452 	2.828427 	4.123106 	7.615773 	22.671568 	28.319605 	3.162278 	999.000000 	30.413813 	11.313708 	18.439089 	98.883774 	29.068884 	102.883430 	25.000000 	29.206163 	75.604233 	18.601076 	19.416489 	76.026314 	24.596748 	58.523499 	15.231546 	57.688820 	19.723083 	75.179787 	
45.276924 	63.788715 	63.150612 	74.632431 	67.357254 	73.681747 	72.111023 	46.000000 	71.175842 	40.311287 	46.690472 	38.470768 	69.426216 	30.413813 	66.708321 	30.016663 	68.883957 	32.756680 	44.922153 	55.362442 	76.157730 	35.227829 	48.010414 	33.600594 	66.760765 	6.000000 	32.802441 	71.840103 	68.963760 	30.610456 	27.018513 	37.643059 	8.062258 	3.000000 	33.301651 	30.413813 	999.000000 	41.725292 	48.836460 	70.576202 	2.000000 	74.672615 	6.324555 	3.162278 	45.793011 	48.836460 	49.578220 	105.475113 	10.000000 	88.600227 	44.821869 	87.800911 	49.678970 	104.847511 	
68.359344 	38.078865 	36.235340 	41.436699 	34.928497 	40.447498 	38.327538 	80.777473 	35.000000 	77.369247 	84.077347 	76.059189 	106.512909 	15.297058 	104.216118 	14.560220 	106.451866 	12.165525 	83.862984 	94.021271 	113.635384 	9.055386 	9.055386 	9.486833 	105.118980 	37.643059 	9.848858 	110.018181 	107.354553 	11.661903 	15.000000 	5.099020 	33.970577 	39.623226 	8.602325 	11.313708 	41.725292 	999.000000 	7.211102 	109.772491 	40.360870 	113.740936 	36.235340 	40.459858 	86.833176 	7.615773 	8.544003 	65.391129 	35.510563 	47.507893 	6.324555 	46.647614 	9.219544 	64.404968 	
73.164200 	35.468296 	33.421551 	36.400551 	30.463093 	35.440090 	33.241539 	86.815895 	29.274563 	83.725746 	90.426765 	82.492424 	112.698715 	21.023796 	110.476242 	20.591261 	112.712021 	17.888544 	90.426765 	100.498756 	119.854080 	14.764823 	5.830952 	15.811388 	111.507851 	44.598206 	16.401220 	116.361504 	113.740936 	18.439089 	21.931713 	11.401754 	41.012192 	46.669048 	15.556349 	18.439089 	48.836460 	7.211102 	999.000000 	116.284134 	47.507893 	120.220627 	43.416588 	47.634022 	93.723000 	4.242640 	5.000000 	58.309521 	42.720020 	40.311287 	8.246211 	39.446167 	6.403124 	57.271286 	
55.072678 	116.275536 	116.846054 	130.908371 	124.458832 	130.176804 	129.417923 	32.015621 	130.862518 	32.802441 	26.248810 	33.837849 	11.180340 	95.414886 	10.049875 	95.718338 	9.055386 	98.478424 	25.942244 	15.811388 	10.630146 	101.548019 	113.718948 	100.498756 	6.324555 	72.917763 	99.985001 	5.830952 	5.000000 	98.112183 	94.894676 	104.957130 	76.967529 	71.693794 	101.212646 	98.883774 	70.576202 	109.772491 	116.284134 	999.000000 	72.449982 	4.123106 	76.896034 	73.054771 	27.018513 	117.337120 	118.207443 	166.931122 	80.006248 	152.895386 	114.061386 	152.269501 	118.595955 	167.026947 	
47.010635 	63.505905 	62.801273 	74.040527 	66.760765 	73.082146 	71.470276 	48.000000 	70.384659 	42.296574 	48.662102 	40.447498 	71.386276 	29.546574 	68.658577 	29.068884 	70.830788 	31.764761 	46.840153 	57.280014 	78.102493 	34.132095 	46.872166 	32.449963 	68.680420 	6.324555 	31.622776 	73.763138 	70.880180 	29.410883 	25.806976 	36.400551 	7.280110 	3.605551 	32.015621 	29.068884 	2.000000 	40.360870 	47.507893 	72.449982 	999.000000 	76.550636 	4.472136 	1.414214 	47.507893 	47.381432 	48.104053 	104.446159 	8.000000 	87.418533 	43.278172 	86.608315 	48.166378 	103.773796 	
57.982758 	119.670380 	120.282997 	134.380051 	127.988281 	133.660019 	132.936081 	35.383614 	134.469330 	36.619667 	30.000000 	37.735924 	12.165525 	99.322708 	12.083046 	99.644371 	10.440307 	102.396286 	29.966648 	19.723083 	8.944272 	105.475113 	117.596771 	104.446159 	9.219544 	76.967529 	103.942291 	6.082763 	7.211102 	102.083298 	98.883774 	108.908218 	81.024689 	75.769386 	105.190300 	102.883430 	74.672615 	113.740936 	120.220627 	4.123106 	76.550636 	999.000000 	80.993828 	77.162170 	31.064449 	121.313644 	122.188377 	170.531525 	84.118965 	156.646103 	118.072014 	156.028839 	122.588745 	170.660477 	
49.658836 	61.131008 	60.299255 	71.063354 	63.788715 	70.092796 	68.410522 	52.038448 	67.067131 	46.529560 	52.952808 	44.721359 	75.709976 	26.248810 	73.006851 	25.632011 	75.186432 	28.231188 	51.244511 	61.684681 	82.462112 	30.413813 	43.046486 	28.653097 	73.082146 	7.211102 	27.784887 	78.160095 	75.286118 	25.553865 	21.954498 	32.449963 	5.385165 	6.082763 	28.017851 	25.000000 	6.324555 	36.235340 	43.416588 	76.896034 	4.472136 	80.993828 	999.000000 	4.242640 	51.971146 	43.139309 	43.840622 	100.722389 	4.472136 	83.486526 	38.948685 	82.661964 	43.863426 	99.985001 	
48.373547 	64.381676 	63.639610 	74.726166 	67.446274 	73.763138 	72.124893 	49.010204 	70.936592 	43.185646 	49.497475 	41.303753 	72.180328 	30.083218 	69.426216 	29.546574 	71.589104 	32.202484 	47.539455 	57.974133 	78.854294 	34.481880 	47.169907 	32.756680 	69.375786 	7.615773 	31.906113 	74.464760 	71.568146 	29.681644 	26.076809 	36.619667 	8.062258 	5.000000 	32.202484 	29.206163 	3.162278 	40.459858 	47.634022 	73.054771 	1.414214 	77.162170 	4.242640 	999.000000 	47.885281 	47.381432 	48.083260 	104.809349 	7.071068 	87.658424 	43.185646 	86.838928 	48.104053 	104.100914 	
47.000000 	99.849884 	99.985001 	113.441612 	106.508217 	112.605507 	111.503365 	25.000000 	112.004463 	19.026299 	17.464249 	18.027756 	30.675724 	73.552704 	27.513634 	73.593475 	29.120440 	76.419891 	11.704700 	16.124516 	35.510563 	79.309517 	91.967384 	77.987175 	25.495098 	49.203659 	77.336922 	30.265491 	27.294687 	75.286118 	71.840103 	82.328613 	53.009434 	47.434166 	78.243210 	75.604233 	45.793011 	86.833176 	93.723000 	27.018513 	47.507893 	31.064449 	51.971146 	47.885281 	999.000000 	94.201912 	95.000000 	147.756561 	54.561890 	132.245987 	90.443352 	131.529465 	95.210297 	147.512711 	
75.663727 	39.698868 	37.643059 	40.162170 	34.438351 	39.217342 	37.000000 	88.391174 	32.756680 	84.970581 	91.678787 	83.648071 	114.127121 	22.803509 	111.825760 	22.135944 	114.061386 	19.646883 	91.416626 	101.597244 	121.247681 	16.492422 	10.000000 	17.088007 	112.712021 	45.000000 	17.464249 	117.618027 	114.947815 	19.235384 	22.472204 	12.649111 	41.231056 	46.861500 	16.124516 	18.601076 	48.836460 	7.615773 	4.242640 	117.337120 	47.381432 	121.313644 	43.139309 	47.381432 	94.201912 	999.000000 	1.000000 	60.083275 	42.011902 	41.629318 	5.099020 	40.718548 	2.236068 	58.872746 	
76.655075 	40.360870 	38.288380 	40.496914 	34.885529 	39.560081 	37.336308 	89.319649 	32.984844 	85.866173 	92.574295 	84.534019 	115.039124 	23.769728 	112.729767 	23.086792 	114.965210 	20.615528 	92.282173 	102.474388 	122.155640 	17.464249 	10.816654 	18.027756 	113.600174 	45.803928 	18.384777 	118.511604 	115.836090 	20.124611 	23.323807 	13.601471 	42.011902 	47.634022 	17.000000 	19.416489 	49.578220 	8.544003 	5.000000 	118.207443 	48.104053 	122.188377 	43.840622 	48.083260 	95.000000 	1.000000 	999.000000 	59.774578 	42.638012 	41.231056 	5.385165 	40.311287 	1.414214 	58.523499 	
115.433968 	52.478565 	51.312767 	37.215588 	42.801868 	37.735924 	38.013157 	135.281189 	36.069378 	134.350296 	140.730240 	133.660019 	161.074524 	75.166481 	159.452194 	75.471848 	161.616837 	72.718636 	142.172424 	151.327454 	168.240906 	70.327805 	57.706154 	72.069412 	161.375336 	100.404182 	72.945183 	165.758865 	163.526749 	75.179787 	78.771820 	68.425140 	97.416634 	102.927162 	72.897186 	76.026314 	105.475113 	65.391129 	58.309521 	166.931122 	104.446159 	170.531525 	100.722389 	104.809349 	147.756561 	60.083275 	59.774578 	999.000000 	100.623062 	19.104973 	65.145988 	20.099751 	60.440052 	2.828427 	
54.129475 	63.000000 	62.032249 	72.180328 	64.938431 	71.196907 	69.426216 	56.000000 	67.720009 	50.249378 	56.568542 	48.373547 	79.246452 	27.294687 	76.485291 	26.476404 	78.644768 	28.861740 	54.571056 	65.000000 	85.906929 	30.675724 	42.953465 	28.792360 	76.400261 	11.661903 	27.856777 	81.492332 	78.587532 	25.632011 	22.135944 	32.202484 	9.219544 	10.440307 	27.730848 	24.596748 	10.000000 	35.510563 	42.720020 	80.006248 	8.000000 	84.118965 	4.472136 	7.071068 	54.561890 	42.011902 	42.638012 	100.623062 	999.000000 	83.006027 	37.536648 	82.152298 	42.520584 	99.764725 	
103.768974 	43.737854 	41.976185 	30.000000 	32.756680 	30.016663 	29.154760 	121.827744 	24.738634 	120.104118 	126.657021 	119.205704 	147.871567 	58.796257 	146.013702 	58.898216 	148.219437 	56.080299 	127.561752 	137.131317 	155.080627 	53.413483 	40.607880 	55.000000 	147.610977 	83.868942 	55.803226 	152.200531 	149.806549 	58.008621 	61.611687 	51.039200 	80.603973 	86.214851 	55.470715 	58.523499 	88.600227 	47.507893 	40.311287 	152.895386 	87.418533 	156.646103 	83.486526 	87.658424 	132.245987 	41.629318 	41.231056 	19.104973 	83.006027 	999.000000 	46.615448 	1.000000 	41.785164 	17.464249 	
74.168724 	43.011627 	41.048752 	44.643028 	38.626415 	43.680660 	41.484936 	85.702972 	37.483330 	81.939003 	88.639717 	80.529495 	111.233986 	21.023796 	108.853111 	20.099751 	111.085556 	18.000000 	88.119240 	98.386993 	118.308914 	15.033297 	13.038404 	15.033297 	109.590149 	41.340054 	15.132746 	114.542572 	111.825760 	16.492422 	19.313208 	11.045361 	37.443291 	43.011627 	13.341664 	15.231546 	44.821869 	6.324555 	8.246211 	114.061386 	43.278172 	118.072014 	38.948685 	43.185646 	90.443352 	5.099020 	5.385165 	65.145988 	37.536648 	46.615448 	999.000000 	45.694637 	5.000000 	63.906181 	
103.310211 	43.566040 	41.773197 	30.016663 	32.557640 	30.000000 	29.068884 	121.247681 	24.515301 	119.473846 	126.035706 	118.562218 	147.299011 	58.051701 	145.426956 	58.137768 	147.634689 	55.317268 	126.905479 	136.499084 	154.508896 	52.630791 	39.824615 	54.203320 	147.003403 	83.096329 	55.000000 	151.604752 	149.201202 	57.201397 	60.802959 	50.219517 	79.812279 	85.428329 	54.644306 	57.688820 	87.800911 	46.647614 	39.446167 	152.269501 	86.608315 	156.028839 	82.661964 	86.838928 	131.529465 	40.718548 	40.311287 	20.099751 	82.152298 	1.000000 	45.694637 	999.000000 	40.853397 	18.439089 	
77.524193 	41.773197 	39.698868 	41.785164 	36.235340 	40.853397 	38.626415 	89.888817 	34.205261 	86.330757 	93.037628 	84.970581 	115.550858 	24.515301 	113.216606 	23.769728 	115.451286 	21.377558 	92.660675 	102.883430 	122.653984 	18.248287 	12.206555 	18.681541 	114.039467 	46.043457 	18.973665 	118.966385 	116.275536 	20.615528 	23.706539 	14.317822 	42.201897 	47.801674 	17.464249 	19.723083 	49.678970 	9.219544 	6.403124 	118.595955 	48.166378 	122.588745 	43.863426 	48.104053 	95.210297 	2.236068 	1.414214 	60.440052 	42.520584 	41.785164 	5.000000 	40.853397 	999.000000 	59.135437 	
115.935326 	53.235325 	51.971146 	38.013157 	43.266617 	38.470768 	38.587563 	135.473251 	36.235340 	134.380051 	140.801285 	133.645050 	161.335052 	74.632431 	159.665268 	74.886581 	161.839432 	72.111023 	142.130219 	151.380310 	168.514099 	69.641945 	56.938564 	71.344238 	161.523987 	99.864906 	72.201111 	165.951797 	163.685669 	74.431175 	78.032043 	67.601776 	96.798759 	102.342560 	72.069412 	75.179787 	104.847511 	64.404968 	57.271286 	167.026947 	103.773796 	170.660477 	99.985001 	104.100914 	147.512711 	58.872746 	58.523499 	2.828427 	99.764725 	17.464249 	63.906181 	18.439089 	59.135437 	999.000000 	

Travel time:
9.000000 	1.581336 	1.605070 	1.960230 	1.816762 	1.945026 	1.935523 	0.601041 	1.998124 	0.700446 	0.794512 	0.725431 	1.175266 	1.328768 	1.151086 	1.352082 	1.200260 	1.405569 	0.905539 	1.035918 	1.347683 	1.482607 	1.722099 	1.478386 	1.221935 	1.063602 	1.476906 	1.310773 	1.269350 	1.450216 	1.400892 	1.582127 	1.147007 	1.095730 	1.525820 	1.500208 	1.131923 	1.708984 	1.829105 	1.376817 	1.175266 	1.449569 	1.241471 	1.209339 	1.175000 	1.891593 	1.916377 	2.885849 	1.353237 	2.594224 	1.854218 	2.582755 	1.938105 	2.898383 	
1.581336 	9.000000 	0.055902 	0.381608 	0.276134 	0.369121 	0.371652 	2.107279 	0.477624 	2.110095 	2.260669 	2.101339 	2.740096 	0.905539 	2.705203 	0.933408 	2.757943 	0.892328 	2.316382 	2.526114 	2.917298 	0.886002 	0.750000 	0.934077 	2.761340 	1.446764 	0.958188 	2.864655 	2.813472 	1.000625 	1.064483 	0.919239 	1.408013 	1.520691 	0.996243 	1.061249 	1.594718 	0.951972 	0.886707 	2.906888 	1.587648 	2.991760 	1.528275 	1.609542 	2.496247 	0.992472 	1.009022 	1.311964 	1.575000 	1.093446 	1.075291 	1.089151 	1.044330 	1.330883 	
1.605070 	0.055902 	9.000000 	0.355317 	0.230489 	0.340037 	0.335410 	2.122499 	0.431567 	2.120289 	2.272664 	2.110095 	2.758623 	0.876427 	2.722361 	0.903120 	2.775450 	0.859142 	2.325135 	2.538331 	2.936409 	0.848896 	0.700446 	0.897566 	2.776801 	1.431782 	0.921954 	2.881514 	2.829311 	0.965984 	1.032594 	0.877853 	1.389469 	1.505199 	0.958188 	1.025000 	1.578765 	0.905883 	0.835539 	2.921151 	1.570032 	3.007075 	1.507481 	1.590990 	2.499625 	0.941076 	0.957209 	1.282819 	1.550806 	1.049405 	1.026219 	1.044330 	0.992472 	1.299279 	
1.960230 	0.381608 	0.355317 	9.000000 	0.182003 	0.025000 	0.079057 	2.475126 	0.212132 	2.467919 	2.622261 	2.455860 	3.113077 	1.122776 	3.076118 	1.142639 	3.129397 	1.085415 	2.670674 	2.888014 	3.291087 	1.052675 	0.809707 	1.102554 	3.129397 	1.723731 	1.127497 	3.235062 	3.182177 	1.179248 	1.258968 	1.050297 	1.669019 	1.794610 	1.150272 	1.226020 	1.865811 	1.035918 	0.910014 	3.272709 	1.851013 	3.359501 	1.776584 	1.868154 	2.836040 	1.004054 	1.012423 	0.930390 	1.804508 	0.750000 	1.116076 	0.750417 	1.044629 	0.950329 	
1.816762 	0.276134 	0.230489 	0.182003 	9.000000 	0.158114 	0.125000 	2.316382 	0.201556 	2.302444 	2.458785 	2.288695 	2.958568 	0.941409 	2.919439 	0.961769 	2.973214 	0.905539 	2.503123 	2.724427 	3.137375 	0.875357 	0.649038 	0.925338 	2.970059 	1.542117 	0.950329 	3.077743 	3.023347 	1.001249 	1.079641 	0.878208 	1.487027 	1.612839 	0.975320 	1.050000 	1.683931 	0.873212 	0.761577 	3.111471 	1.669019 	3.199707 	1.594718 	1.686157 	2.662705 	0.860959 	0.872138 	1.070047 	1.623461 	0.818917 	0.965660 	0.813941 	0.905883 	1.081665 	
1.945026 	0.369121 	0.340037 	0.025000 	0.158114 	9.000000 	0.055902 	2.457260 	0.195256 	2.448724 	2.603483 	2.436314 	3.096066 	1.098294 	3.058697 	1.118034 	3.112073 	1.060660 	2.651061 	2.869233 	3.274237 	1.027740 	0.785016 	1.077613 	3.111471 	1.700184 	1.102554 	3.217530 	3.164352 	1.154340 	1.234150 	1.025305 	1.645068 	1.770946 	1.125278 	1.201041 	1.842044 	1.011187 	0.886002 	3.254420 	1.827054 	3.341501 	1.752320 	1.844078 	2.815138 	0.980434 	0.989002 	0.943398 	1.779923 	0.750417 	1.092016 	0.750000 	1.021335 	0.961769 	
1.935523 	0.371652 	0.335410 	0.079057 	0.125000 	0.055902 	9.000000 	2.439775 	0.145774 	2.427061 	2.583118 	2.413504 	3.080990 	1.055047 	3.042408 	1.073837 	3.096066 	1.015197 	2.627975 	2.848794 	3.259601 	0.980115 	0.731864 	1.029866 	3.093643 	1.662077 	1.054751 	3.200879 	3.146824 	1.107080 	1.187960 	0.975000 	1.604875 	1.732231 	1.076162 	1.152443 	1.802776 	0.958188 	0.831038 	3.235448 	1.786757 	3.323402 	1.710263 	1.803122 	2.787584 	0.925000 	0.933408 	0.950329 	1.735655 	0.728869 	1.037123 	0.726722 	0.965660 	0.964689 	
0.601041 	2.107279 	2.122499 	2.475126 	2.316382 	2.457260 	2.439775 	9.000000 	2.481179 	0.195256 	0.200000 	0.250000 	0.651920 	1.644878 	0.605186 	1.657747 	0.660019 	1.723550 	0.333542 	0.436606 	0.832166 	1.802255 	2.091202 	1.782730 	0.654313 	1.159741 	1.773415 	0.761988 	0.707107 	1.732231 	1.660196 	1.894235 	1.262191 	1.152443 	1.811249 	1.762987 	1.150000 	2.019437 	2.170397 	0.800391 	1.200000 	0.884590 	1.300961 	1.225255 	0.625000 	2.209779 	2.232991 	3.382030 	1.400000 	3.045694 	2.142574 	3.031192 	2.247221 	3.386831 	
1.998124 	0.477624 	0.431567 	0.212132 	0.201556 	0.195256 	0.145774 	2.481179 	9.000000 	2.457260 	2.616534 	2.440543 	3.127499 	1.021335 	3.085855 	1.035918 	3.140163 	0.972432 	2.653771 	2.881514 	3.307000 	0.927699 	0.650481 	0.976281 	3.132990 	1.643548 	1.000625 	3.243166 	3.186887 	1.055047 	1.140175 	0.908639 	1.578963 	1.711177 	1.015197 	1.093446 	1.779396 	0.875000 	0.731864 	3.271563 	1.759616 	3.361733 	1.676678 	1.773415 	2.800112 	0.818917 	0.824621 	0.901734 	1.693000 	0.618466 	0.937083 	0.612882 	0.855132 	0.905883 	
0.700446 	2.110095 	2.120289 	2.467919 	2.302444 	2.448724 	2.427061 	0.195256 	2.457260 	9.000000 	0.167705 	0.055902 	0.735272 	1.569236 	0.673146 	1.578369 	0.728869 	1.646587 	0.213600 	0.425735 	0.910014 	1.724094 	2.024846 	1.700000 	0.694622 	1.037123 	1.688380 	0.816241 	0.750417 	1.643548 	1.566246 	1.811767 	1.140175 	1.019804 	1.721918 	1.667708 	1.007782 	1.934231 	2.093144 	0.820061 	1.057414 	0.915492 	1.163239 	1.079641 	0.475657 	2.124264 	2.146654 	3.358757 	1.256234 	3.002603 	2.048475 	2.986846 	2.158269 	3.359501 	
0.794512 	2.260669 	2.272664 	2.622261 	2.458785 	2.603483 	2.583118 	0.200000 	2.616534 	0.167705 	9.000000 	0.206155 	0.570088 	1.736555 	0.506211 	1.745888 	0.561805 	1.814008 	0.145774 	0.265754 	0.743303 	1.891593 	2.191603 	1.867652 	0.527376 	1.202081 	1.856071 	0.648556 	0.583095 	1.811249 	1.733854 	1.979425 	1.305038 	1.182423 	1.889610 	1.835245 	1.167262 	2.101934 	2.260669 	0.656220 	1.216552 	0.750000 	1.323820 	1.237437 	0.436606 	2.291970 	2.314357 	3.518256 	1.414214 	3.166425 	2.215993 	3.150893 	2.325941 	3.520032 	
0.725431 	2.101339 	2.110095 	2.455860 	2.288695 	2.436314 	2.413504 	0.250000 	2.440543 	0.055902 	0.206155 	9.000000 	0.776209 	1.539683 	0.711512 	1.547781 	0.766893 	1.616516 	0.215058 	0.450694 	0.948683 	1.693554 	1.997029 	1.668270 	0.726722 	0.996243 	1.656049 	0.850368 	0.782624 	1.610318 	1.531747 	1.779923 	1.099147 	0.976281 	1.688380 	1.632674 	0.961769 	1.901480 	2.062311 	0.845946 	1.011187 	0.943398 	1.118034 	1.032594 	0.450694 	2.091202 	2.113350 	3.341501 	1.209339 	2.980143 	2.013237 	2.964056 	2.124264 	3.341126 	
1.175266 	2.740096 	2.758623 	3.113077 	2.958568 	3.096066 	3.080990 	0.651920 	3.127499 	0.735272 	0.570088 	0.776209 	9.000000 	2.291970 	0.079057 	2.303394 	0.055902 	2.370258 	0.625500 	0.378319 	0.180278 	2.448596 	2.741464 	2.427061 	0.160078 	1.772004 	2.416609 	0.152069 	0.158114 	2.373420 	2.298097 	2.538824 	1.875000 	1.752320 	2.452167 	2.400130 	1.735655 	2.662823 	2.817468 	0.279509 	1.784657 	0.304138 	1.892749 	1.804508 	0.766893 	2.853178 	2.875978 	4.026863 	1.981161 	3.696789 	2.780850 	3.682475 	2.888772 	4.033376 	
