Total assets = 750
Number of asset nodes = 40

Distance:
999.000000 	45.254833 	53.665630 	74.652527 	6.000000 	33.600594 	51.739735 	55.443665 	40.311287 	32.249031 	36.891735 	47.434166 	9.055386 	57.140179 	23.537205 	75.584389 	23.345236 	25.553865 	21.023796 	58.600342 	19.646883 	48.877399 	62.681736 	73.430237 	16.124516 	18.027756 	16.643316 	51.478149 	17.029387 	103.855667 	38.897301 	56.938564 	18.867962 	114.201576 	54.129475 	28.284271 	41.976185 	65.863495 	55.542778 	61.717098 	52.201534 	35.000000 	36.013885 	68.476273 	69.354164 	35.171009 	62.096699 	56.718605 	48.093658 	55.081757 	53.000000 	68.447060 	70.007141 	
45.254833 	999.000000 	97.652443 	30.016663 	49.678970 	78.644768 	7.280110 	11.401754 	12.369317 	16.492422 	12.041595 	8.602325 	51.400391 	101.828285 	28.460499 	119.268608 	29.410883 	70.292244 	32.893768 	15.297058 	63.007935 	12.206555 	107.447662 	117.643532 	56.603886 	59.908264 	44.777225 	14.764823 	47.010635 	59.076221 	20.615528 	17.262676 	52.801514 	69.641945 	19.235384 	69.971420 	24.698177 	25.019993 	21.470911 	23.345236 	22.022715 	32.140316 	31.257000 	28.017851 	31.144823 	69.892776 	32.249031 	33.241539 	38.483765 	37.013512 	38.275318 	39.357338 	50.328918 	
53.665630 	97.652443 	999.000000 	125.495018 	51.264023 	21.377558 	104.560989 	108.452751 	93.941475 	82.462112 	87.458565 	97.948967 	46.324940 	7.000000 	76.694199 	21.931713 	76.321686 	35.057095 	73.389374 	111.830231 	43.289722 	102.474388 	11.704700 	20.000000 	50.635956 	47.381432 	63.788715 	105.118980 	62.369865 	154.253036 	92.309265 	110.535065 	58.549126 	164.054871 	107.786827 	44.181442 	94.921021 	119.473846 	109.165016 	115.381973 	105.702415 	86.400230 	87.641312 	122.118797 	123.004066 	57.870544 	115.169441 	109.110039 	98.270035 	106.480042 	103.812332 	121.115646 	120.220627 	
74.652527 	30.016663 	125.495018 	999.000000 	79.404030 	107.517441 	25.298222 	23.345236 	39.849716 	43.139309 	38.183765 	27.586229 	79.906197 	130.176804 	58.180752 	146.649246 	59.093147 	100.000000 	62.649822 	23.000000 	92.913940 	33.376640 	135.830780 	145.454468 	86.608315 	89.888817 	74.686012 	33.060551 	76.922035 	29.206163 	47.074409 	29.068884 	82.734512 	39.661064 	35.057095 	99.985001 	49.365982 	26.925823 	36.221542 	31.048349 	40.049969 	59.228371 	58.051701 	28.178005 	33.120991 	99.538940 	43.965897 	49.819675 	61.008198 	55.578773 	58.309521 	48.332184 	63.324562 	
6.000000 	49.678970 	51.264023 	79.404030 	999.000000 	30.413813 	55.865910 	59.413803 	43.600460 	37.576588 	42.059483 	52.478565 	11.401754 	54.120235 	25.495098 	73.164200 	25.079872 	20.615528 	22.135944 	62.369865 	13.928389 	52.201534 	59.539902 	70.682388 	10.198039 	12.041595 	14.317822 	54.644306 	13.928389 	108.600182 	41.146080 	60.216278 	14.142136 	119.037811 	56.938564 	22.360680 	43.657761 	69.065186 	58.180752 	64.660652 	54.561890 	35.510563 	36.674240 	71.561165 	72.069412 	29.410883 	63.906181 	57.974133 	48.093658 	55.731499 	53.338543 	69.921387 	70.178345 	
33.600594 	78.644768 	21.377558 	107.517441 	30.413813 	999.000000 	85.276024 	89.022469 	73.783470 	64.443771 	69.354164 	79.981247 	27.658634 	23.706539 	55.901699 	43.011627 	55.461697 	14.142136 	52.392746 	92.200867 	22.022715 	82.377182 	29.154760 	40.311287 	29.274563 	26.076809 	42.449970 	84.905830 	41.000000 	136.619904 	71.554176 	90.426765 	37.215588 	146.754898 	87.321243 	24.351591 	73.925636 	99.322708 	88.588936 	95.015785 	84.970581 	65.145988 	66.407829 	101.872467 	102.474388 	38.626415 	94.154129 	87.920418 	76.902534 	85.164543 	82.462112 	99.959991 	98.843307 	
51.739735 	7.280110 	104.560989 	25.298222 	55.865910 	85.276024 	999.000000 	4.123106 	14.560220 	23.769728 	19.235384 	13.000000 	58.249462 	108.600182 	33.120991 	126.245789 	34.000000 	76.419891 	37.589893 	8.062258 	68.883957 	9.486833 	114.201576 	124.535133 	62.201286 	65.604881 	49.739319 	10.816654 	51.971146 	53.712196 	22.090721 	11.180340 	57.801384 	64.412735 	14.866069 	75.451973 	25.079872 	18.027756 	16.970562 	17.088007 	18.867962 	34.234486 	33.136082 	21.023796 	24.515301 	74.323616 	27.658634 	30.232433 	38.078865 	34.885529 	36.769554 	34.409302 	46.754681 	
55.443665 	11.401754 	108.452751 	23.345236 	59.413803 	89.022469 	4.123106 	999.000000 	17.000000 	27.892651 	23.345236 	16.492422 	62.128899 	112.414413 	36.055511 	130.172958 	36.891735 	79.906197 	40.496914 	4.000000 	72.249565 	10.049875 	118.004234 	128.413391 	65.436989 	68.883957 	52.697250 	10.198039 	54.918121 	50.990196 	23.769728 	8.485281 	60.745369 	61.741398 	13.416408 	78.600258 	26.076809 	14.142136 	15.264338 	13.892444 	18.027756 	35.902645 	34.713108 	17.117243 	20.880613 	76.922035 	25.495098 	29.068884 	38.327538 	34.176014 	36.400551 	31.890438 	45.000000 	
40.311287 	12.369317 	93.941475 	39.849716 	43.600460 	73.783470 	14.560220 	17.000000 	999.000000 	20.615528 	18.601076 	20.615528 	47.927029 	97.416634 	19.209373 	115.836090 	20.000000 	63.780876 	23.600847 	19.209373 	55.865910 	8.602325 	102.927162 	113.740936 	48.836460 	52.345009 	35.805027 	11.180340 	38.013157 	67.977936 	8.246211 	16.643316 	43.829212 	78.721024 	14.317822 	61.846584 	12.529964 	25.553865 	16.124516 	21.540659 	14.142136 	20.000000 	19.026299 	28.178005 	29.410883 	59.933296 	25.317978 	23.706539 	26.419689 	26.248810 	26.907248 	32.557640 	40.816662 	
32.249031 	16.492422 	82.462112 	43.139309 	37.576588 	64.443771 	23.769728 	27.892651 	20.615528 	999.000000 	5.000000 	15.556349 	36.796738 	87.045967 	24.041630 	103.812332 	25.000000 	57.801384 	27.459061 	31.780497 	51.478149 	26.172504 	92.698433 	102.449989 	46.173584 	49.040798 	37.054016 	29.154760 	39.115215 	72.180328 	26.400757 	33.015148 	44.407207 	82.328613 	33.376640 	59.464275 	31.400637 	41.303753 	35.510563 	39.000000 	34.481880 	33.837849 	33.600594 	44.283180 	47.010635 	62.393909 	45.607018 	44.283180 	44.553337 	46.324940 	46.400433 	52.886673 	61.294373 	
36.891735 	12.041595 	87.458565 	38.183765 	42.059483 	69.354164 	19.235384 	23.345236 	18.601076 	5.000000 	999.000000 	10.630146 	41.725292 	92.021736 	26.172504 	108.811768 	27.166155 	62.433964 	30.016663 	27.294687 	55.901699 	22.803509 	97.672920 	107.447662 	50.328918 	53.310413 	40.447498 	25.709921 	42.579338 	67.268120 	25.495098 	29.068884 	48.052055 	77.466118 	30.083218 	63.694584 	30.413813 	37.054016 	32.280025 	35.128338 	31.780497 	34.438351 	34.000000 	40.049969 	43.046486 	65.924202 	42.720020 	42.190044 	44.045429 	44.821869 	45.276924 	49.979996 	59.363289 	
47.434166 	8.602325 	97.948967 	27.586229 	52.478565 	79.981247 	13.000000 	16.492422 	20.615528 	15.556349 	10.630146 	999.000000 	52.345009 	102.591423 	34.234486 	119.201508 	35.227829 	72.945183 	38.470768 	20.396078 	66.241982 	20.518284 	108.245094 	117.923706 	60.415230 	63.505905 	49.729267 	22.803509 	51.923019 	56.639210 	28.792360 	24.166092 	57.567352 	66.843102 	27.202942 	73.824112 	33.105892 	30.594116 	29.410883 	30.083218 	30.413813 	39.812057 	39.051247 	33.541019 	37.363083 	75.186432 	40.224369 	41.725292 	46.957428 	45.607018 	46.872166 	47.169907 	58.728188 	
9.055386 	51.400391 	46.324940 	79.906197 	11.401754 	27.658634 	58.249462 	62.128899 	47.927029 	36.796738 	41.725292 	52.345009 	999.000000 	50.447994 	32.249031 	68.095520 	32.140316 	23.345236 	30.000000 	65.513359 	20.396078 	56.364883 	56.080299 	66.287254 	20.248457 	20.615528 	25.079872 	59.093147 	25.059929 	108.977058 	47.296936 	64.404968 	25.495098 	119.096596 	62.032249 	29.427877 	50.635956 	73.348480 	63.568859 	69.462219 	60.440052 	44.011364 	45.000000 	76.059189 	77.252831 	39.357338 	70.611610 	65.490456 	57.140179 	64.031242 	62.008064 	77.103828 	79.025314 	
57.140179 	101.828285 	7.000000 	130.176804 	54.120235 	23.706539 	108.600182 	112.414413 	97.416634 	87.045967 	92.021736 	102.591423 	50.447994 	999.000000 	79.605278 	20.099751 	79.158073 	36.138622 	76.059189 	115.676270 	44.643028 	106.000000 	5.656854 	16.763054 	52.201534 	48.764740 	65.787537 	108.558739 	64.195015 	159.100601 	95.257545 	114.057007 	59.908264 	169.035492 	111.018013 	44.102154 	97.575615 	122.967476 	112.294258 	118.701309 	108.673820 	88.600227 	89.888817 	125.538841 	126.178444 	57.078892 	117.783699 	111.427109 	100.000000 	108.466583 	105.650368 	123.490891 	121.753853 	
23.537205 	28.460499 	76.694199 	58.180752 	25.495098 	55.901699 	33.120991 	36.055511 	19.209373 	24.041630 	26.172504 	34.234486 	32.249031 	79.605278 	999.000000 	98.615417 	1.000000 	45.000000 	4.472136 	38.418747 	36.878178 	27.586229 	85.000000 	96.176918 	29.698484 	33.241539 	16.643316 	29.732138 	18.867962 	86.833176 	15.652476 	35.383614 	24.698177 	97.529480 	31.622776 	42.638012 	18.439089 	44.045429 	32.756680 	39.408119 	29.068884 	13.000000 	13.601471 	46.400433 	46.647614 	41.436699 	38.600517 	33.241539 	26.248810 	32.062439 	30.413813 	44.911022 	47.381432 	
75.584389 	119.268608 	21.931713 	146.649246 	73.164200 	43.011627 	126.245789 	130.172958 	115.836090 	103.812332 	108.811768 	119.201508 	68.095520 	20.099751 	98.615417 	999.000000 	98.234413 	56.089214 	95.273293 	133.600143 	64.536812 	124.354332 	16.124516 	5.000000 	72.034714 	68.658577 	85.440041 	127.015747 	83.934502 	175.171341 	114.236595 	132.412231 	79.831070 	184.783661 	129.711212 	64.195015 	116.811813 	141.354172 	131.095383 	137.295303 	127.632286 	108.157295 	109.416634 	144.013885 	144.931015 	77.006493 	137.058380 	130.919830 	119.816528 	128.160049 	125.419296 	142.947540 	141.661575 	
23.345236 	29.410883 	76.321686 	59.093147 	25.079872 	55.461697 	34.000000 	36.891735 	20.000000 	25.000000 	27.166155 	35.227829 	32.140316 	79.158073 	1.000000 	98.234413 	999.000000 	44.407207 	3.605551 	39.204590 	36.235340 	28.319605 	84.534019 	95.754898 	29.000000 	32.557640 	15.811388 	30.413813 	18.027756 	87.709747 	16.124516 	36.069378 	23.853722 	98.412399 	32.202484 	41.868843 	18.681541 	44.687805 	33.286633 	40.000000 	29.529646 	12.649111 	13.341664 	47.010635 	47.169907 	40.496914 	38.897301 	33.376640 	25.961510 	32.015621 	30.265491 	45.122055 	47.265209 	
25.553865 	70.292244 	35.057095 	100.000000 	20.615528 	14.142136 	76.419891 	79.906197 	63.780876 	57.801384 	62.433964 	72.945183 	23.345236 	36.138622 	45.000000 	56.089214 	44.407207 	999.000000 	41.048752 	82.758682 	8.544003 	72.346390 	41.109608 	52.886673 	16.155495 	12.649111 	29.966648 	74.652527 	28.231188 	129.201401 	60.464867 	80.280754 	23.769728 	139.617340 	76.609398 	10.816654 	62.265560 	89.022469 	77.665955 	84.403793 	73.783470 	52.801514 	54.129475 	91.400215 	91.525955 	25.059929 	82.298241 	75.643906 	63.890530 	72.449982 	69.570107 	87.726852 	85.615417 	
21.023796 	32.893768 	73.389374 	62.649822 	22.135944 	52.392746 	37.589893 	40.496914 	23.600847 	27.459061 	30.016663 	38.470768 	30.000000 	76.059189 	4.472136 	95.273293 	3.605551 	41.048752 	999.000000 	42.801868 	32.802441 	31.890438 	81.394104 	92.703827 	25.495098 	29.068884 	12.206555 	33.941124 	14.422205 	91.301697 	19.416489 	39.597980 	20.248457 	102.000000 	35.608986 	38.288380 	21.540659 	48.166378 	36.619667 	43.416588 	32.756680 	14.035668 	15.000000 	50.447994 	50.477718 	37.000000 	41.785164 	35.902645 	27.294687 	34.058773 	32.015621 	47.801674 	49.040798 	
58.600342 	15.297058 	111.830231 	23.000000 	62.369865 	92.200867 	8.062258 	4.000000 	19.209373 	31.780497 	27.294687 	20.396078 	65.513359 	115.676270 	38.418747 	133.600143 	39.204590 	82.758682 	42.801868 	999.000000 	74.966660 	11.180340 	121.247681 	131.764938 	68.014702 	71.505241 	55.000000 	10.198039 	57.201397 	49.396355 	25.079872 	6.324555 	63.007935 	60.166435 	12.165525 	81.055534 	26.683329 	10.198039 	13.601471 	10.630146 	17.117243 	37.000000 	35.735138 	13.152946 	17.088007 	78.771820 	23.021729 	27.513634 	38.013157 	32.984844 	35.510563 	29.000000 	42.720020 	
19.646883 	63.007935 	43.289722 	92.913940 	13.928389 	22.022715 	68.883957 	72.249565 	55.865910 	51.478149 	55.901699 	66.241982 	20.396078 	44.643028 	36.878178 	64.536812 	36.235340 	8.544003 	32.802441 	74.966660 	999.000000 	64.381676 	49.648766 	61.400326 	7.615773 	4.123106 	21.470911 	66.603302 	19.697716 	122.065559 	52.201534 	72.249565 	15.297058 	132.574509 	68.410522 	9.055386 	53.851646 	80.919716 	69.404610 	76.216797 	65.459915 	44.283180 	45.617977 	83.240616 	83.234612 	20.518284 	73.824112 	67.119293 	55.362442 	63.906181 	61.032780 	79.202271 	77.129761 	
48.877399 	12.206555 	102.474388 	33.376640 	52.201534 	82.377182 	9.486833 	10.049875 	8.602325 	26.172504 	22.803509 	20.518284 	56.364883 	106.000000 	27.586229 	124.354332 	28.319605 	72.346390 	31.890438 	11.180340 	64.381676 	999.000000 	111.516815 	122.298813 	57.280014 	60.811184 	44.045429 	3.000000 	46.227695 	60.539242 	13.928389 	8.062258 	52.009613 	71.309189 	7.280110 	70.178345 	16.031219 	17.000000 	9.486833 	13.341664 	9.899495 	25.961510 	24.738634 	19.697716 	21.377558 	67.601776 	20.124611 	21.260292 	28.635643 	25.553865 	27.313000 	27.313000 	38.209946 	
62.681736 	107.447662 	11.704700 	135.830780 	59.539902 	29.154760 	114.201576 	118.004234 	102.927162 	92.698433 	97.672920 	108.245094 	56.080299 	5.656854 	85.000000 	16.124516 	84.534019 	41.109608 	81.394104 	121.247681 	49.648766 	111.516815 	999.000000 	12.041595 	57.245087 	53.758720 	70.936592 	114.057007 	69.289246 	164.757401 	100.647903 	119.570061 	64.845970 	174.691162 	116.468880 	48.507732 	102.883430 	128.471786 	117.720009 	124.169243 	114.061386 	93.776329 	95.078911 	131.026718 	131.609268 	61.008198 	123.065025 	116.619041 	104.995239 	113.547348 	110.679718 	128.693436 	126.649124 	
73.430237 	117.643532 	20.000000 	145.454468 	70.682388 	40.311287 	124.535133 	128.413391 	113.740936 	102.449989 	107.447662 	117.923706 	66.287254 	16.763054 	96.176918 	5.000000 	95.754898 	52.886673 	92.703827 	131.764938 	61.400326 	122.298813 	12.041595 	999.000000 	68.963760 	65.520988 	82.540901 	124.907967 	80.956779 	174.155106 	111.825760 	130.361038 	76.655075 	183.896713 	127.475487 	60.530983 	114.236595 	139.291061 	128.798294 	135.118469 	125.239769 	105.342300 	106.625511 	141.904892 	142.667450 	73.027390 	134.461884 	128.160049 	116.760437 	125.227791 	122.413231 	140.217682 	138.495483 	
16.124516 	56.603886 	50.635956 	86.608315 	10.198039 	29.274563 	62.201286 	65.436989 	48.836460 	46.173584 	50.328918 	60.415230 	20.248457 	52.201534 	29.698484 	72.034714 	29.000000 	16.155495 	25.495098 	68.014702 	7.615773 	57.280014 	57.245087 	68.963760 	999.000000 	3.605551 	13.892444 	59.413803 	12.083046 	115.663307 	44.821869 	65.069191 	8.000000 	126.245789 	61.073727 	13.416408 	46.324940 	73.661385 	62.008064 	68.883957 	58.008621 	36.674240 	38.013157 	75.927597 	75.802376 	19.313208 	66.241982 	59.506302 	47.801674 	56.302753 	53.450912 	71.589104 	69.634758 	
18.027756 	59.908264 	47.381432 	89.888817 	12.041595 	26.076809 	65.604881 	68.883957 	52.345009 	49.040798 	53.310413 	63.505905 	20.615528 	48.764740 	33.241539 	68.658577 	32.557640 	12.649111 	29.068884 	71.505241 	4.123106 	60.811184 	53.758720 	65.520988 	3.605551 	999.000000 	17.492855 	62.968246 	15.652476 	118.983192 	48.414875 	68.622154 	11.180340 	129.541504 	64.660652 	10.440307 	49.929951 	77.233414 	65.604881 	72.470680 	61.611687 	40.249222 	41.593269 	79.511009 	79.404030 	18.867962 	69.835518 	63.071388 	51.244511 	59.808025 	56.920998 	75.153175 	73.006851 	
16.643316 	44.777225 	63.788715 	74.686012 	14.317822 	42.449970 	49.739319 	52.697250 	35.805027 	37.054016 	40.447498 	49.729267 	25.079872 	65.787537 	16.643316 	85.440041 	15.811388 	29.966648 	12.206555 	55.000000 	21.470911 	44.045429 	70.936592 	82.540901 	13.892444 	17.492855 	999.000000 	46.010868 	2.236068 	103.445641 	31.144823 	51.662365 	8.062258 	114.127121 	47.423622 	26.172504 	32.449963 	60.108234 	48.270073 	55.226807 	44.204071 	22.847319 	24.166092 	62.289646 	62.008064 	25.495098 	52.354561 	45.694637 	34.525352 	42.720020 	40.024994 	57.775429 	56.568542 	
51.478149 	14.764823 	105.118980 	33.060551 	54.644306 	84.905830 	10.816654 	10.198039 	11.180340 	29.154760 	25.709921 	22.803509 	59.093147 	108.558739 	29.732138 	127.015747 	30.413813 	74.652527 	33.941124 	10.198039 	66.603302 	3.000000 	114.057007 	124.907967 	59.413803 	62.968246 	46.010868 	999.000000 	48.166378 	59.464275 	15.264338 	5.656854 	53.907330 	70.228203 	4.472136 	72.180328 	16.492422 	14.422205 	6.708204 	10.440307 	8.062258 	26.925823 	25.632011 	17.000000 	18.439089 	69.115845 	17.492855 	19.416489 	28.160255 	24.166092 	26.248810 	24.596748 	36.069378 	
17.029387 	47.010635 	62.369865 	76.922035 	13.928389 	41.000000 	51.971146 	54.918121 	38.013157 	39.115215 	42.579338 	51.923019 	25.059929 	64.195015 	18.867962 	83.934502 	18.027756 	28.231188 	14.422205 	57.201397 	19.697716 	46.227695 	69.289246 	80.956779 	12.083046 	15.652476 	2.236068 	48.166378 	999.000000 	105.678757 	33.241539 	53.814495 	5.830952 	116.361504 	49.517673 	24.041630 	34.409302 	62.225395 	50.328918 	57.314919 	46.227695 	24.596748 	25.942244 	64.381676 	64.031242 	23.345236 	54.203320 	47.423622 	35.902645 	44.271889 	41.484936 	59.506302 	57.870544 	
103.855667 	59.076221 	154.253036 	29.206163 	108.600182 	136.619904 	53.712196 	50.990196 	67.977936 	72.180328 	67.268120 	56.639210 	108.977058 	159.100601 	86.833176 	175.171341 	87.709747 	129.201401 	91.301697 	49.396355 	122.065559 	60.539242 	164.757401 	174.155106 	115.663307 	118.983192 	103.445641 	59.464275 	105.678757 	999.000000 	74.464760 	54.405884 	111.507851 	10.770329 	60.166435 	129.003876 	75.894661 	48.662102 	60.638271 	53.935146 	65.000000 	86.377083 	85.094063 	48.259712 	52.038448 	127.910126 	65.192024 	72.560318 	85.702972 	78.638412 	81.884064 	67.029846 	82.152298 	
38.897301 	20.615528 	92.309265 	47.074409 	41.146080 	71.554176 	22.090721 	23.769728 	8.246211 	26.400757 	25.495098 	28.792360 	47.296936 	95.257545 	15.652476 	114.236595 	16.124516 	60.464867 	19.416489 	25.079872 	52.201534 	13.928389 	100.647903 	111.825760 	44.821869 	48.414875 	31.144823 	15.264338 	33.241539 	74.464760 	999.000000 	20.808653 	38.897301 	85.234970 	16.278820 	57.280014 	5.000000 	29.000000 	17.204651 	24.083189 	13.416408 	12.165525 	11.045361 	31.144823 	31.064449 	53.851646 	23.345236 	19.235384 	18.601076 	20.124611 	20.000000 	30.066593 	35.468296 	
56.938564 	17.262676 	110.535065 	29.068884 	60.216278 	90.426765 	11.180340 	8.485281 	16.643316 	33.015148 	29.068884 	24.166092 	64.404968 	114.057007 	35.383614 	132.412231 	36.069378 	80.280754 	39.597980 	6.324555 	72.249565 	8.062258 	119.570061 	130.361038 	65.069191 	68.622154 	51.662365 	5.656854 	53.814495 	54.405884 	20.808653 	999.000000 	59.548298 	65.145988 	6.000000 	77.833153 	21.540659 	8.944272 	7.280110 	6.082763 	11.000000 	32.202484 	30.870699 	11.704700 	14.000000 	74.625732 	17.029387 	21.189621 	32.015621 	26.683329 	29.274563 	23.430750 	36.619667 	
18.867962 	52.801514 	58.549126 	82.734512 	14.142136 	37.215588 	57.801384 	60.745369 	43.829212 	44.407207 	48.052055 	57.567352 	25.495098 	59.908264 	24.698177 	79.831070 	23.853722 	23.769728 	20.248457 	63.007935 	15.297058 	52.009613 	64.845970 	76.655075 	8.000000 	11.180340 	8.062258 	53.907330 	5.830952 	111.507851 	38.897301 	59.548298 	999.000000 	122.188377 	55.154327 	18.439089 	39.824615 	67.896980 	55.901699 	62.936478 	51.739735 	29.681644 	31.064449 	70.007141 	69.526970 	18.027756 	59.363289 	52.354561 	40.162170 	48.846699 	45.880280 	64.412735 	61.846584 	
114.201576 	69.641945 	164.054871 	39.661064 	119.037811 	146.754898 	64.412735 	61.741398 	78.721024 	82.328613 	77.466118 	66.843102 	119.096596 	169.035492 	97.529480 	184.783661 	98.412399 	139.617340 	102.000000 	60.166435 	132.574509 	71.309189 	174.691162 	183.896713 	126.245789 	129.541504 	114.127121 	70.228203 	116.361504 	10.770329 	85.234970 	65.145988 	122.188377 	999.000000 	70.880180 	139.606583 	86.648720 	59.228371 	71.309189 	64.536812 	75.690155 	97.144226 	95.859268 	58.694122 	62.289646 	138.654251 	75.538071 	83.024094 	96.317184 	89.106674 	92.395889 	77.025970 	92.005432 	
54.129475 	19.235384 	107.786827 	35.057095 	56.938564 	87.321243 	14.866069 	13.416408 	14.317822 	33.376640 	30.083218 	27.202942 	62.032249 	111.018013 	31.622776 	129.711212 	32.202484 	76.609398 	35.608986 	12.165525 	68.410522 	7.280110 	116.468880 	127.475487 	61.073727 	64.660652 	47.423622 	4.472136 	49.517673 	60.166435 	16.278820 	6.000000 	55.154327 	70.880180 	999.000000 	73.552704 	16.124516 	12.806249 	2.236068 	7.810250 	5.000000 	26.925823 	25.553865 	14.866069 	15.231546 	69.634758 	13.038404 	15.652476 	26.019224 	20.880613 	23.345236 	20.124611 	31.890438 	
28.284271 	69.971420 	44.181442 	99.985001 	22.360680 	24.351591 	75.451973 	78.600258 	61.846584 	59.464275 	63.694584 	73.824112 	29.427877 	44.102154 	42.638012 	64.195015 	41.868843 	10.816654 	38.288380 	81.055534 	9.055386 	70.178345 	48.507732 	60.530983 	13.416408 	10.440307 	26.172504 	72.180328 	24.041630 	129.003876 	57.280014 	77.833153 	18.439089 	139.606583 	73.552704 	999.000000 	58.258045 	86.267029 	74.330345 	81.344948 	70.178345 	48.010414 	49.406479 	88.413803 	87.965904 	14.317822 	77.665955 	70.491135 	57.697487 	66.648331 	63.505905 	82.492424 	78.771820 	
41.976185 	24.698177 	94.921021 	49.365982 	43.657761 	73.925636 	25.079872 	26.076809 	12.529964 	31.400637 	30.413813 	33.105892 	50.635956 	97.575615 	18.439089 	116.811813 	18.681541 	62.265560 	21.540659 	26.683329 	53.851646 	16.031219 	102.883430 	114.236595 	46.324940 	49.929951 	32.449963 	16.492422 	34.409302 	75.894661 	5.000000 	21.540659 	39.824615 	86.648720 	16.124516 	58.258045 	999.000000 	28.844410 	16.401220 	23.600847 	12.041595 	10.816654 	9.433981 	30.610456 	29.732138 	53.600372 	20.248457 	15.000000 	13.892444 	15.231546 	15.000000 	26.476404 	30.675724 	
65.863495 	25.019993 	119.473846 	26.925823 	69.065186 	99.322708 	18.027756 	14.142136 	25.553865 	41.303753 	37.054016 	30.594116 	73.348480 	122.967476 	44.045429 	141.354172 	44.687805 	89.022469 	48.166378 	10.198039 	80.919716 	17.000000 	128.471786 	139.291061 	73.661385 	77.233414 	60.108234 	14.422205 	62.225395 	48.662102 	29.000000 	8.944272 	67.896980 	59.228371 	12.806249 	86.267029 	28.844410 	999.000000 	12.529964 	5.385165 	17.000000 	39.661064 	38.275318 	3.000000 	7.211102 	82.419655 	17.262676 	24.020824 	37.107952 	30.066593 	33.241539 	21.470911 	36.400551 	
55.542778 	21.470911 	109.165016 	36.221542 	58.180752 	88.588936 	16.970562 	15.264338 	16.124516 	35.510563 	32.280025 	29.410883 	63.568859 	112.294258 	32.756680 	131.095383 	33.286633 	77.665955 	36.619667 	13.601471 	69.404610 	9.486833 	117.720009 	128.798294 	62.008064 	65.604881 	48.270073 	6.708204 	50.328918 	60.638271 	17.204651 	7.280110 	55.901699 	71.309189 	2.236068 	74.330345 	16.401220 	12.529964 	999.000000 	7.211102 	4.472136 	27.202942 	25.806976 	14.212670 	13.892444 	70.000000 	10.816654 	13.928389 	25.179358 	19.416489 	22.090721 	17.888544 	29.832869 	
61.717098 	23.345236 	115.381973 	31.048349 	64.660652 	95.015785 	17.088007 	13.892444 	21.540659 	39.000000 	35.128338 	30.083218 	69.462219 	118.701309 	39.408119 	137.295303 	40.000000 	84.403793 	43.416588 	10.630146 	76.216797 	13.341664 	124.169243 	135.118469 	68.883957 	72.470680 	55.226807 	10.440307 	57.314919 	53.935146 	24.083189 	6.082763 	62.936478 	64.536812 	7.810250 	81.344948 	23.600847 	5.385165 	7.211102 	999.000000 	11.661903 	34.409302 	33.015148 	7.071068 	8.062258 	77.201035 	13.000000 	19.026299 	31.780497 	25.000000 	28.071337 	18.439089 	32.649654 	
52.201534 	22.022715 	105.702415 	40.049969 	54.561890 	84.970581 	18.867962 	18.027756 	14.142136 	34.481880 	31.780497 	30.413813 	60.440052 	108.673820 	29.068884 	127.632286 	29.529646 	73.783470 	32.756680 	17.117243 	65.459915 	9.899495 	114.061386 	125.239769 	58.008621 	61.611687 	44.204071 	8.062258 	46.227695 	65.000000 	13.416408 	11.000000 	51.739735 	75.690155 	5.000000 	70.178345 	12.041595 	17.000000 	4.472136 	11.661903 	999.000000 	22.803509 	21.400934 	18.601076 	17.804493 	65.604881 	11.180340 	11.401754 	21.023796 	16.155495 	18.439089 	18.439089 	28.319605 	
35.000000 	32.140316 	86.400230 	59.228371 	35.510563 	65.145988 	34.234486 	35.902645 	20.000000 	33.837849 	34.438351 	39.812057 	44.011364 	88.600227 	13.000000 	108.157295 	12.649111 	52.801514 	14.035668 	37.000000 	44.283180 	25.961510 	93.776329 	105.342300 	36.674240 	40.249222 	22.847319 	26.925823 	24.596748 	86.377083 	12.165525 	32.202484 	29.681644 	97.144226 	26.925823 	48.010414 	10.816654 	39.661064 	27.202942 	34.409302 	22.803509 	999.000000 	1.414214 	41.400482 	40.311287 	42.801868 	29.681644 	22.847319 	13.341664 	20.223749 	18.000000 	34.928497 	35.014282 	
36.013885 	31.257000 	87.641312 	58.051701 	36.674240 	66.407829 	33.136082 	34.713108 	19.026299 	33.600594 	34.000000 	39.051247 	45.000000 	89.888817 	13.601471 	109.416634 	13.341664 	54.129475 	15.000000 	35.735138 	45.617977 	24.738634 	95.078911 	106.625511 	38.013157 	41.593269 	24.166092 	25.632011 	25.942244 	85.094063 	11.045361 	30.870699 	31.064449 	95.859268 	25.553865 	49.406479 	9.433981 	38.275318 	25.806976 	33.015148 	21.400934 	1.414214 	999.000000 	40.000000 	38.897301 	44.204071 	28.301943 	21.540659 	12.649111 	19.104973 	17.029387 	33.615471 	34.058773 	
68.476273 	28.017851 	122.118797 	28.178005 	71.561165 	101.872467 	21.023796 	17.117243 	28.178005 	44.283180 	40.049969 	33.541019 	76.059189 	125.538841 	46.400433 	144.013885 	47.010635 	91.400215 	50.447994 	13.152946 	83.240616 	19.697716 	131.026718 	141.904892 	75.927597 	79.511009 	62.289646 	17.000000 	64.381676 	48.259712 	31.144823 	11.704700 	70.007141 	58.694122 	14.866069 	88.413803 	30.610456 	3.000000 	14.212670 	7.071068 	18.601076 	41.400482 	40.000000 	999.000000 	5.000000 	84.202141 	17.000000 	24.331051 	37.947330 	30.413813 	33.734257 	20.248457 	35.440090 	
69.354164 	31.144823 	123.004066 	33.120991 	72.069412 	102.474388 	24.515301 	20.880613 	29.410883 	47.010635 	43.046486 	37.363083 	77.252831 	126.178444 	46.647614 	144.931015 	47.169907 	91.525955 	50.477718 	17.088007 	83.234612 	21.377558 	131.609268 	142.667450 	75.802376 	79.404030 	62.008064 	18.439089 	64.031242 	52.038448 	31.064449 	14.000000 	69.526970 	62.289646 	15.231546 	87.965904 	29.732138 	7.211102 	13.892444 	8.062258 	17.804493 	40.311287 	38.897301 	5.000000 	999.000000 	82.975899 	13.341664 	21.189621 	35.341194 	27.202942 	30.675724 	15.524175 	30.805843 	
35.171009 	69.892776 	57.870544 	99.538940 	29.410883 	38.626415 	74.323616 	76.922035 	59.933296 	62.393909 	65.924202 	75.186432 	39.357338 	57.078892 	41.436699 	77.006493 	40.496914 	25.059929 	37.000000 	78.771820 	20.518284 	67.601776 	61.008198 	73.027390 	19.313208 	18.867962 	25.495098 	69.115845 	23.345236 	127.910126 	53.851646 	74.625732 	18.027756 	138.654251 	69.634758 	14.317822 	53.600372 	82.419655 	70.000000 	77.201035 	65.604881 	42.801868 	44.204071 	84.202141 	82.975899 	999.000000 	71.421288 	63.702435 	49.819675 	59.033890 	55.605755 	75.286118 	69.354164 	
62.096699 	32.249031 	115.169441 	43.965897 	63.906181 	94.154129 	27.658634 	25.495098 	25.317978 	45.607018 	42.720020 	40.224369 	70.611610 	117.783699 	38.600517 	137.058380 	38.897301 	82.298241 	41.785164 	23.021729 	73.824112 	20.124611 	123.065025 	134.461884 	66.241982 	69.835518 	52.354561 	17.492855 	54.203320 	65.192024 	23.345236 	17.029387 	59.363289 	75.538071 	13.038404 	77.665955 	20.248457 	17.262676 	10.816654 	13.000000 	11.180340 	29.681644 	28.301943 	17.000000 	13.341664 	71.421288 	999.000000 	8.062258 	22.472204 	13.928389 	17.464249 	7.280110 	19.723083 	
56.718605 	33.241539 	109.110039 	49.819675 	57.974133 	87.920418 	30.232433 	29.068884 	23.706539 	44.283180 	42.190044 	41.725292 	65.490456 	111.427109 	33.241539 	130.919830 	33.376640 	75.643906 	35.902645 	27.513634 	67.119293 	21.260292 	116.619041 	128.160049 	59.506302 	63.071388 	45.694637 	19.416489 	47.423622 	72.560318 	19.235384 	21.189621 	52.354561 	83.024094 	15.652476 	70.491135 	15.000000 	24.020824 	13.928389 	19.026299 	11.401754 	22.847319 	21.540659 	24.331051 	21.189621 	63.702435 	8.062258 	999.000000 	14.422205 	6.082763 	9.486833 	12.083046 	17.204651 	
48.093658 	38.483765 	98.270035 	61.008198 	48.093658 	76.902534 	38.078865 	38.327538 	26.419689 	44.553337 	44.045429 	46.957428 	57.140179 	100.000000 	26.248810 	119.816528 	25.961510 	63.890530 	27.294687 	38.013157 	55.362442 	28.635643 	104.995239 	116.760437 	47.801674 	51.244511 	34.525352 	28.160255 	35.902645 	85.702972 	18.601076 	32.015621 	40.162170 	96.317184 	26.019224 	57.697487 	13.892444 	37.107952 	25.179358 	31.780497 	21.023796 	13.341664 	12.649111 	37.947330 	35.341194 	49.819675 	22.472204 	14.422205 	999.000000 	9.219544 	5.830952 	25.495098 	22.090721 	
55.081757 	37.013512 	106.480042 	55.578773 	55.731499 	85.164543 	34.885529 	34.176014 	26.248810 	46.324940 	44.821869 	45.607018 	64.031242 	108.466583 	32.062439 	128.160049 	32.015621 	72.449982 	34.058773 	32.984844 	63.906181 	25.553865 	113.547348 	125.227791 	56.302753 	59.808025 	42.720020 	24.166092 	44.271889 	78.638412 	20.124611 	26.683329 	48.846699 	89.106674 	20.880613 	66.648331 	15.231546 	30.066593 	19.416489 	25.000000 	16.155495 	20.223749 	19.104973 	30.413813 	27.202942 	59.033890 	13.928389 	6.082763 	9.219544 	999.000000 	3.605551 	16.278820 	15.524175 	
53.000000 	38.275318 	103.812332 	58.309521 	53.338543 	82.462112 	36.769554 	36.400551 	26.907248 	46.400433 	45.276924 	46.872166 	62.008064 	105.650368 	30.413813 	125.419296 	30.265491 	69.570107 	32.015621 	35.510563 	61.032780 	27.313000 	110.679718 	122.413231 	53.450912 	56.920998 	40.024994 	26.248810 	41.484936 	81.884064 	20.000000 	29.274563 	45.880280 	92.395889 	23.345236 	63.505905 	15.000000 	33.241539 	22.090721 	28.071337 	18.439089 	18.000000 	17.029387 	33.734257 	30.675724 	55.605755 	17.464249 	9.486833 	5.830952 	3.605551 	999.000000 	19.798990 	17.029387 	
68.447060 	39.357338 	121.115646 	48.332184 	69.921387 	99.959991 	34.409302 	31.890438 	32.557640 	52.886673 	49.979996 	47.169907 	77.103828 	123.490891 	44.911022 	142.947540 	45.122055 	87.726852 	47.801674 	29.000000 	79.202271 	27.313000 	128.693436 	140.217682 	71.589104 	75.153175 	57.775429 	24.596748 	59.506302 	67.029846 	30.066593 	23.430750 	64.412735 	77.025970 	20.124611 	82.492424 	26.476404 	21.470911 	17.888544 	18.439089 	18.439089 	34.928497 	33.615471 	20.248457 	15.524175 	75.286118 	7.280110 	12.083046 	25.495098 	16.278820 	19.798990 	999.000000 	15.297058 	
70.007141 	50.328918 	120.220627 	63.324562 	70.178345 	98.843307 	46.754681 	45.000000 	40.816662 	61.294373 	59.363289 	58.728188 	79.025314 	121.753853 	47.381432 	141.661575 	47.265209 	85.615417 	49.040798 	42.720020 	77.129761 	38.209946 	126.649124 	138.495483 	69.634758 	73.006851 	56.568542 	36.069378 	57.870544 	82.152298 	35.468296 	36.619667 	61.846584 	92.005432 	31.890438 	78.771820 	30.675724 	36.400551 	29.832869 	32.649654 	28.319605 	35.014282 	34.058773 	35.440090 	30.805843 	69.354164 	19.723083 	17.204651 	22.090721 	15.524175 	17.029387 	15.297058 	999.000000 	

Travel time:
9.000000 	1.131371 	1.341641 	1.866313 	0.150000 	0.840015 	1.293493 	1.386092 	1.007782 	0.806226 	0.922293 	1.185854 	0.226385 	1.428504 	0.588430 	1.889610 	0.583631 	0.638847 	0.525595 	1.465008 	0.491172 	1.221935 	1.567043 	1.835756 	0.403113 	0.450694 	0.416083 	1.286954 	0.425735 	2.596392 	0.972432 	1.423464 	0.471699 	2.855039 	1.353237 	0.707107 	1.049405 	1.646587 	1.388569 	1.542928 	1.305038 	0.875000 	0.900347 	1.711907 	1.733854 	0.879275 	1.552418 	1.417965 	1.202341 	1.377044 	1.325000 	1.711177 	1.750179 	
1.131371 	9.000000 	2.441311 	0.750417 	1.241974 	1.966119 	0.182003 	0.285044 	0.309233 	0.412311 	0.301040 	0.215058 	1.285010 	2.545707 	0.711512 	2.981715 	0.735272 	1.757306 	0.822344 	0.382426 	1.575198 	0.305164 	2.686192 	2.941088 	1.415097 	1.497707 	1.119431 	0.369121 	1.175266 	1.476906 	0.515388 	0.431567 	1.320038 	1.741049 	0.480885 	1.749285 	0.617454 	0.625500 	0.536773 	0.583631 	0.550568 	0.803508 	0.781425 	0.700446 	0.778621 	1.747319 	0.806226 	0.831038 	0.962094 	0.925338 	0.956883 	0.983933 	1.258223 	
1.341641 	2.441311 	9.000000 	3.137375 	1.281601 	0.534439 	2.614025 	2.711319 	2.348537 	2.061553 	2.186464 	2.448724 	1.158123 	0.175000 	1.917355 	0.548293 	1.908042 	0.876427 	1.834734 	2.795756 	1.082243 	2.561860 	0.292617 	0.500000 	1.265899 	1.184536 	1.594718 	2.627975 	1.559247 	3.856326 	2.307732 	2.763377 	1.463728 	4.101372 	2.694671 	1.104536 	2.373025 	2.986846 	2.729125 	2.884549 	2.642560 	2.160006 	2.191033 	3.052970 	3.075102 	1.446764 	2.879236 	2.727751 	2.456751 	2.662001 	2.595308 	3.027891 	3.005516 	
1.866313 	0.750417 	3.137375 	9.000000 	1.985101 	2.687936 	0.632456 	0.583631 	0.996243 	1.078483 	0.954594 	0.689656 	1.997655 	3.254420 	1.454519 	3.666231 	1.477329 	2.500000 	1.566246 	0.575000 	2.322849 	0.834416 	3.395770 	3.636362 	2.165208 	2.247221 	1.867150 	0.826514 	1.923051 	0.730154 	1.176860 	0.726722 	2.068363 	0.991527 	0.876427 	2.499625 	1.234150 	0.673146 	0.905539 	0.776209 	1.001249 	1.480709 	1.451293 	0.704450 	0.828025 	2.488473 	1.099147 	1.245492 	1.525205 	1.389469 	1.457738 	1.208305 	1.583114 	
0.150000 	1.241974 	1.281601 	1.985101 	9.000000 	0.760345 	1.396648 	1.485345 	1.090011 	0.939415 	1.051487 	1.311964 	0.285044 	1.353006 	0.637377 	1.829105 	0.626997 	0.515388 	0.553399 	1.559247 	0.348210 	1.305038 	1.488497 	1.767060 	0.254951 	0.301040 	0.357946 	1.366108 	0.348210 	2.715004 	1.028652 	1.505407 	0.353553 	2.975945 	1.423464 	0.559017 	1.091444 	1.726630 	1.454519 	1.616516 	1.364047 	0.887764 	0.916856 	1.789029 	1.801735 	0.735272 	1.597655 	1.449353 	1.202341 	1.393287 	1.333464 	1.748035 	1.754459 	
0.840015 	1.966119 	0.534439 	2.687936 	0.760345 	9.000000 	2.131901 	2.225562 	1.844587 	1.611094 	1.733854 	1.999531 	0.691466 	0.592663 	1.397542 	1.075291 	1.386542 	0.353553 	1.309819 	2.305022 	0.550568 	2.059430 	0.728869 	1.007782 	0.731864 	0.651920 	1.061249 	2.122646 	1.025000 	3.415498 	1.788854 	2.260669 	0.930390 	3.668872 	2.183031 	0.608790 	1.848141 	2.483068 	2.214723 	2.375395 	2.124264 	1.628650 	1.660196 	2.546812 	2.561860 	0.965660 	2.353853 	2.198010 	1.922563 	2.129114 	2.061553 	2.499000 	2.471083 	
1.293493 	0.182003 	2.614025 	0.632456 	1.396648 	2.131901 	9.000000 	0.103078 	0.364006 	0.594243 	0.480885 	0.325000 	1.456237 	2.715004 	0.828025 	3.156145 	0.850000 	1.910497 	0.939747 	0.201556 	1.722099 	0.237171 	2.855039 	3.113378 	1.555032 	1.640122 	1.243483 	0.270416 	1.299279 	1.342805 	0.552268 	0.279509 	1.445035 	1.610318 	0.371652 	1.886299 	0.626997 	0.450694 	0.424264 	0.427200 	0.471699 	0.855862 	0.828402 	0.525595 	0.612882 	1.858090 	0.691466 	0.755811 	0.951972 	0.872138 	0.919239 	0.860233 	1.168867 	
1.386092 	0.285044 	2.711319 	0.583631 	1.485345 	2.225562 	0.103078 	9.000000 	0.425000 	0.697316 	0.583631 	0.412311 	1.553222 	2.810360 	0.901388 	3.254324 	0.922293 	1.997655 	1.012423 	0.100000 	1.806239 	0.251247 	2.950106 	3.210335 	1.635925 	1.722099 	1.317431 	0.254951 	1.372953 	1.274755 	0.594243 	0.212132 	1.518634 	1.543535 	0.335410 	1.965006 	0.651920 	0.353553 	0.381608 	0.347311 	0.450694 	0.897566 	0.867828 	0.427931 	0.522015 	1.923051 	0.637377 	0.726722 	0.958188 	0.854400 	0.910014 	0.797261 	1.125000 	
1.007782 	0.309233 	2.348537 	0.996243 	1.090011 	1.844587 	0.364006 	0.425000 	9.000000 	0.515388 	0.465027 	0.515388 	1.198176 	2.435416 	0.480234 	2.895902 	0.500000 	1.594522 	0.590021 	0.480234 	1.396648 	0.215058 	2.573179 	2.843524 	1.220912 	1.308625 	0.895126 	0.279509 	0.950329 	1.699448 	0.206155 	0.416083 	1.095730 	1.968026 	0.357946 	1.546165 	0.313249 	0.638847 	0.403113 	0.538516 	0.353553 	0.500000 	0.475657 	0.704450 	0.735272 	1.498332 	0.632949 	0.592663 	0.660492 	0.656220 	0.672681 	0.813941 	1.020416 	
0.806226 	0.412311 	2.061553 	1.078483 	0.939415 	1.611094 	0.594243 	0.697316 	0.515388 	9.000000 	0.125000 	0.388909 	0.919918 	2.176149 	0.601041 	2.595308 	0.625000 	1.445035 	0.686477 	0.794512 	1.286954 	0.654313 	2.317461 	2.561250 	1.154340 	1.226020 	0.926350 	0.728869 	0.977880 	1.804508 	0.660019 	0.825379 	1.110180 	2.058215 	0.834416 	1.486607 	0.785016 	1.032594 	0.887764 	0.975000 	0.862047 	0.845946 	0.840015 	1.107080 	1.175266 	1.559848 	1.140175 	1.107080 	1.113833 	1.158123 	1.160011 	1.322167 	1.532359 	
0.922293 	0.301040 	2.186464 	0.954594 	1.051487 	1.733854 	0.480885 	0.583631 	0.465027 	0.125000 	9.000000 	0.265754 	1.043132 	2.300543 	0.654313 	2.720294 	0.679154 	1.560849 	0.750417 	0.682367 	1.397542 	0.570088 	2.441823 	2.686192 	1.258223 	1.332760 	1.011187 	0.642748 	1.064483 	1.681703 	0.637377 	0.726722 	1.201301 	1.936653 	0.752080 	1.592365 	0.760345 	0.926350 	0.807001 	0.878208 	0.794512 	0.860959 	0.850000 	1.001249 	1.076162 	1.648105 	1.068001 	1.054751 	1.101136 	1.120547 	1.131923 	1.249500 	1.484082 	
1.185854 	0.215058 	2.448724 	0.689656 	1.311964 	1.999531 	0.325000 	0.412311 	0.515388 	0.388909 	0.265754 	9.000000 	1.308625 	2.564785 	0.855862 	2.980038 	0.880696 	1.823630 	0.961769 	0.509902 	1.656049 	0.512957 	2.706127 	2.948093 	1.510381 	1.587648 	1.243232 	0.570088 	1.298075 	1.415980 	0.719809 	0.604152 	1.439184 	1.671077 	0.680074 	1.845603 	0.827647 	0.764853 	0.735272 	0.752080 	0.760345 	0.995301 	0.976281 	0.838525 	0.934077 	1.879661 	1.005609 	1.043132 	1.173936 	1.140175 	1.171804 	1.179248 	1.468205 	
0.226385 	1.285010 	1.158123 	1.997655 	0.285044 	0.691466 	1.456237 	1.553222 	1.198176 	0.919918 	1.043132 	1.308625 	9.000000 	1.261200 	0.806226 	1.702388 	0.803508 	0.583631 	0.750000 	1.637834 	0.509902 	1.409122 	1.402007 	1.657181 	0.506211 	0.515388 	0.626997 	1.477329 	0.626498 	2.724427 	1.182423 	1.610124 	0.637377 	2.977415 	1.550806 	0.735697 	1.265899 	1.833712 	1.589221 	1.736555 	1.511001 	1.100284 	1.125000 	1.901480 	1.931321 	0.983933 	1.765290 	1.637261 	1.428504 	1.600781 	1.550202 	1.927596 	1.975633 	
1.428504 	2.545707 	0.175000 	3.254420 	1.353006 	0.592663 	2.715004 	2.810360 	2.435416 	2.176149 	2.300543 	2.564785 	1.261200 	9.000000 	1.990132 	0.502494 	1.978952 	0.903466 	1.901480 	2.891907 	1.116076 	2.650000 	0.141421 	0.419076 	1.305038 	1.219118 	1.644688 	2.713969 	1.604875 	3.977515 	2.381439 	2.851425 	1.497707 	4.225887 	2.775450 	1.102554 	2.439390 	3.074187 	2.807356 	2.967533 	2.716846 	2.215006 	2.247221 	3.138471 	3.154461 	1.426972 	2.944592 	2.785678 	2.500000 	2.711665 	2.641259 	3.087272 	3.043846 	
0.588430 	0.711512 	1.917355 	1.454519 	0.637377 	1.397542 	0.828025 	0.901388 	0.480234 	0.601041 	0.654313 	0.855862 	0.806226 	1.990132 	9.000000 	2.465385 	0.025000 	1.125000 	0.111803 	0.960469 	0.921954 	0.689656 	2.125000 	2.404423 	0.742462 	0.831038 	0.416083 	0.743303 	0.471699 	2.170829 	0.391312 	0.884590 	0.617454 	2.438237 	0.790569 	1.065950 	0.460977 	1.101136 	0.818917 	0.985203 	0.726722 	0.325000 	0.340037 	1.160011 	1.166190 	1.035918 	0.965013 	0.831038 	0.656220 	0.801561 	0.760345 	1.122776 	1.184536 	
1.889610 	2.981715 	0.548293 	3.666231 	1.829105 	1.075291 	3.156145 	3.254324 	2.895902 	2.595308 	2.720294 	2.980038 	1.702388 	0.502494 	2.465385 	9.000000 	2.455860 	1.402230 	2.381832 	3.340003 	1.613420 	3.108858 	0.403113 	0.125000 	1.800868 	1.716464 	2.136001 	3.175394 	2.098362 	4.379283 	2.855915 	3.310306 	1.995777 	4.619592 	3.242780 	1.604875 	2.920295 	3.533854 	3.277385 	3.432383 	3.190807 	2.703932 	2.735416 	3.600347 	3.623275 	1.925162 	3.426460 	3.272996 	2.995413 	3.204001 	3.135482 	3.573689 	3.541539 	
