UB = 920
M = 90

Distance:
999.000000 	35.902645 	55.027267 	20.615528 	80.622574 	130.969467 	21.400934 	124.963997 	39.849716 	78.032043 	125.992065 	30.000000 	112.538879 	117.413795 	60.440052 	103.392456 	5.830952 	117.613777 	35.057095 	14.422205 	29.068884 	85.088188 	42.296574 	123.794182 	24.413111 	97.097885 	89.067390 	75.392311 	26.419689 	59.439045 	41.400482 	59.228371 	26.076809 	56.718605 	92.590500 	31.953091 	83.773506 	31.906113 	40.311287 	37.854988 	35.440090 	49.010204 	86.539009 	48.093658 	133.869339 	74.726166 	91.787796 	45.705578 	143.586212 	89.537704 	36.891735 	77.878113 	100.722389 	91.082382 	96.932968 	87.931793 	70.455658 	71.568146 	103.469803 	104.752090 	51.107731 	97.984695 	92.574295 	83.150467 	90.669731 	88.362885 	104.345581 	105.233078 	
35.902645 	999.000000 	19.723083 	53.665630 	47.423622 	103.585716 	54.120235 	98.838249 	5.000000 	45.254833 	98.615417 	64.474800 	85.475143 	93.407707 	32.310989 	76.922035 	32.140316 	92.703827 	6.000000 	33.600594 	63.071388 	51.739735 	7.615773 	94.625580 	56.435802 	64.381676 	55.443665 	40.311287 	57.140179 	23.537205 	75.584389 	23.345236 	25.553865 	21.023796 	58.600342 	19.646883 	48.877399 	62.681736 	73.430237 	16.124516 	18.027756 	16.643316 	51.478149 	17.029387 	103.855667 	38.897301 	56.938564 	18.867962 	114.201576 	54.129475 	28.284271 	41.976185 	65.863495 	55.542778 	61.717098 	52.201534 	35.000000 	36.013885 	68.476273 	69.354164 	35.171009 	62.096699 	56.718605 	48.093658 	55.081757 	53.000000 	68.447060 	70.007141 	
55.027267 	19.723083 	999.000000 	73.355301 	28.425341 	86.815895 	73.824112 	82.873398 	15.231546 	26.627054 	81.939003 	84.095184 	69.289246 	78.854294 	20.615528 	61.400326 	50.695168 	77.620872 	23.345236 	53.254108 	82.734512 	32.557640 	16.401220 	77.025970 	76.157730 	45.343136 	36.069378 	20.591261 	76.850502 	7.810250 	95.257545 	8.485281 	43.863426 	9.848858 	39.051247 	36.400551 	29.154760 	82.377182 	93.150414 	30.016663 	33.286633 	19.235384 	31.764761 	21.377558 	85.702972 	20.099751 	37.215588 	26.925823 	96.254868 	34.539833 	43.416588 	24.020824 	46.141087 	36.055511 	42.047592 	32.984844 	20.591261 	21.023796 	48.764740 	49.769470 	44.721359 	43.416588 	39.012817 	33.615471 	38.639359 	37.363083 	50.159744 	54.129475 	
20.615528 	53.665630 	73.355301 	999.000000 	100.124924 	151.558563 	1.000000 	145.578156 	58.180752 	97.652443 	146.577621 	11.180340 	133.124008 	138.003616 	80.721741 	123.987900 	26.400757 	138.224457 	51.264023 	21.377558 	9.486833 	104.560989 	58.872746 	144.256714 	4.123106 	116.828934 	108.452751 	93.941475 	7.000000 	76.694199 	21.931713 	76.321686 	35.057095 	73.389374 	111.830231 	43.289722 	102.474388 	11.704700 	20.000000 	50.635956 	47.381432 	63.788715 	105.118980 	62.369865 	154.253036 	92.309265 	110.535065 	58.549126 	164.054871 	107.786827 	44.181442 	94.921021 	119.473846 	109.165016 	115.381973 	105.702415 	86.400230 	87.641312 	122.118797 	123.004066 	57.870544 	115.169441 	109.110039 	98.270035 	106.480042 	103.812332 	121.115646 	120.220627 	
80.622574 	47.423622 	28.425341 	100.124924 	999.000000 	59.774578 	100.687637 	56.885849 	42.520584 	3.000000 	55.081757 	110.453613 	43.416588 	55.009090 	23.086792 	37.013512 	75.591003 	53.037724 	51.662365 	80.919716 	109.293182 	4.472136 	44.821869 	49.244289 	103.227905 	16.970562 	8.544003 	12.000000 	104.201729 	29.546574 	121.794907 	30.463093 	72.249565 	34.014702 	12.369317 	64.815125 	9.899495 	109.808922 	120.104118 	58.249462 	61.611687 	46.065170 	12.206555 	48.301140 	57.454330 	20.099751 	14.317822 	54.120235 	68.095520 	16.643316 	71.561165 	23.769728 	22.022715 	18.867962 	20.396078 	19.798990 	32.000000 	31.016125 	25.019993 	28.160255 	70.936592 	29.681644 	31.144823 	37.336308 	35.227829 	36.715118 	36.715118 	48.104053 	
130.969467 	103.585716 	86.815895 	151.558563 	59.774578 	999.000000 	152.305618 	8.062258 	98.615417 	60.745369 	5.000000 	160.527252 	18.439089 	19.104973 	71.847061 	27.586229 	125.255737 	16.492422 	108.784187 	135.207245 	159.862442 	56.753853 	102.859123 	12.165525 	155.219193 	45.398239 	54.918121 	71.309189 	156.847061 	89.196411 	171.828400 	90.138779 	129.139465 	93.637596 	54.332310 	122.588745 	64.938431 	162.483841 	171.213318 	116.730461 	119.854080 	105.475113 	64.498062 	107.703293 	14.422205 	78.644768 	60.133186 	113.463654 	16.124516 	66.121101 	130.146072 	80.894997 	56.142673 	67.029846 	61.032780 	71.112587 	90.801979 	89.627007 	56.435802 	60.827625 	130.633072 	73.334846 	80.056229 	92.135773 	86.023254 	89.000000 	76.295479 	91.591484 	
21.400934 	54.120235 	73.824112 	1.000000 	100.687637 	152.305618 	999.000000 	146.348892 	58.668560 	98.229324 	147.322769 	11.045361 	133.869339 	138.809219 	81.394104 	124.739731 	27.202942 	139.014389 	51.623638 	21.587032 	9.219544 	105.118980 	59.236813 	144.958618 	3.162278 	117.413795 	109.000000 	94.413979 	6.000000 	77.077881 	21.540659 	76.694199 	35.128338 	73.736015 	112.361023 	43.416588 	102.956299 	10.770329 	19.416489 	50.803543 	47.518417 	64.031242 	105.588821 	62.585941 	154.935471 	92.703827 	111.018013 	58.694122 	164.757401 	108.226616 	44.102154 	95.273293 	119.954155 	109.590149 	115.836090 	106.103722 	86.683334 	87.931793 	122.588745 	123.438240 	57.706154 	115.520561 	109.416634 	98.488579 	106.737999 	104.048065 	121.433105 	120.415947 	
124.963997 	98.838249 	82.873398 	145.578156 	56.885849 	8.062258 	146.348892 	999.000000 	93.914856 	57.489128 	5.830952 	154.311371 	13.601471 	11.045361 	66.730804 	21.954498 	119.205704 	8.544003 	104.216118 	129.799850 	153.717270 	54.332310 	98.615417 	14.866069 	149.305054 	44.045429 	53.037724 	68.731361 	151.029800 	85.866173 	165.559662 	86.833176 	124.354332 	90.249657 	53.037724 	118.105888 	63.071388 	156.646103 	165.096939 	112.538879 	115.550858 	101.833199 	63.000000 	104.043259 	21.189621 	76.419891 	59.135437 	109.731491 	24.186773 	65.122963 	125.924583 	79.101204 	56.293873 	66.272163 	60.827625 	70.114189 	88.566360 	87.464279 	57.008770 	61.684681 	127.200630 	73.545906 	79.762146 	91.049438 	85.586212 	88.362885 	77.201035 	92.444580 	
39.849716 	5.000000 	15.231546 	58.180752 	42.520584 	98.615417 	58.668560 	93.914856 	999.000000 	40.311287 	93.648277 	68.876701 	80.529495 	88.600227 	27.513634 	72.013885 	35.693138 	87.846458 	10.440307 	38.418747 	67.535179 	46.861500 	8.062258 	89.627007 	61.057350 	59.464275 	50.606323 	35.777088 	61.854668 	20.024984 	80.062477 	20.000000 	30.528675 	18.248287 	53.823788 	24.351591 	44.294468 	67.424034 	78.032043 	20.024984 	22.360680 	17.029387 	46.957428 	18.027756 	98.858482 	34.928497 	52.354561 	21.189621 	109.201645 	49.769470 	32.756680 	38.327538 	61.294373 	51.264023 	57.271286 	48.083260 	32.249031 	33.136082 	63.953106 	65.000000 	38.470768 	58.249462 	53.235325 	45.541191 	52.009613 	50.159744 	64.776543 	67.186310 	
78.032043 	45.254833 	26.627054 	97.652443 	3.000000 	60.745369 	98.229324 	57.489128 	40.311287 	999.000000 	55.973209 	107.912003 	43.931767 	55.036350 	20.099751 	37.054016 	72.945183 	53.235325 	49.678970 	78.644768 	106.780151 	7.280110 	43.011627 	50.537113 	100.801788 	19.209373 	11.401754 	12.369317 	101.828285 	28.460499 	119.268608 	29.410883 	70.292244 	32.893768 	15.297058 	63.007935 	12.206555 	107.447662 	117.643532 	56.603886 	59.908264 	44.777225 	14.764823 	47.010635 	59.076221 	20.615528 	17.262676 	52.801514 	69.641945 	19.235384 	69.971420 	24.698177 	25.019993 	21.470911 	23.345236 	22.022715 	32.140316 	31.257000 	28.017851 	31.144823 	69.892776 	32.249031 	33.241539 	38.483765 	37.013512 	38.275318 	39.357338 	50.328918 	
125.992065 	98.615417 	81.939003 	146.577621 	55.081757 	5.000000 	147.322769 	5.830952 	93.648277 	55.973209 	999.000000 	155.569916 	13.453624 	16.124516 	66.850578 	22.627417 	120.282997 	13.000000 	103.831596 	130.207520 	154.896744 	52.172791 	97.943863 	9.433981 	150.233154 	41.109608 	50.487621 	66.708321 	151.855194 	84.433403 	166.877197 	85.381500 	124.169243 	88.865067 	50.089920 	117.647781 	60.530983 	157.492859 	166.243790 	111.825760 	114.934761 	100.657837 	60.207973 	102.883430 	15.524175 	74.148499 	56.008926 	108.632408 	19.924858 	62.008064 	125.239769 	76.531036 	52.469040 	63.007935 	57.218880 	67.007462 	86.313385 	85.158676 	52.952808 	57.489128 	125.865005 	69.720871 	76.236473 	88.022728 	82.152298 	85.052925 	73.006851 	88.294960 	
30.000000 	64.474800 	84.095184 	11.180340 	110.453613 	160.527252 	11.045361 	154.311371 	68.876701 	107.912003 	155.569916 	999.000000 	142.130219 	146.348892 	90.426765 	132.943604 	35.468296 	146.754898 	62.297672 	32.557640 	2.236068 	114.908661 	69.892776 	153.639191 	10.198039 	127.027557 	118.848640 	104.651802 	12.083046 	87.664131 	11.401754 	87.315521 	46.173584 	84.433403 	122.298813 	54.451813 	113.145920 	11.401754 	11.180340 	61.814240 	58.549126 	74.953316 	115.831772 	73.545906 	163.783386 	103.247276 	121.198181 	69.720871 	173.415680 	118.595955 	55.036350 	105.948097 	130.142227 	120.016663 	126.142776 	116.619041 	97.529480 	98.762344 	132.823196 	133.824509 	68.468971 	126.194298 	120.208153 	109.444046 	117.630775 	114.978256 	132.196823 	131.400146 	
112.538879 	85.475143 	69.289246 	133.124008 	43.416588 	18.439089 	133.869339 	13.601471 	80.529495 	43.931767 	13.453624 	142.130219 	999.000000 	13.892444 	53.535034 	9.219544 	106.831642 	10.770329 	90.785461 	116.828934 	141.449631 	41.048752 	85.088188 	14.142136 	136.780853 	31.575306 	40.049969 	55.326305 	138.408813 	72.277245 	153.443802 	73.246162 	111.018013 	76.655075 	40.447498 	104.651802 	50.009998 	144.045135 	152.793976 	99.005051 	102.044106 	88.232651 	50.159744 	90.443352 	24.738634 	63.126858 	46.690472 	96.135323 	32.249031 	52.611786 	112.401070 	66.000000 	44.944408 	53.935146 	49.040798 	57.558666 	75.239616 	74.168724 	46.097721 	50.990196 	113.600174 	61.983868 	67.683083 	78.313469 	73.348480 	75.953934 	66.309875 	81.344948 	
117.413795 	93.407707 	78.854294 	138.003616 	55.009090 	19.104973 	138.809219 	11.045361 	88.600227 	55.036350 	16.124516 	146.348892 	13.892444 	999.000000 	61.098282 	18.000000 	111.606453 	3.605551 	99.020203 	123.166557 	145.866379 	53.235325 	93.962761 	23.259407 	141.823837 	44.922153 	52.773098 	67.007462 	143.694122 	82.734512 	157.492859 	83.725746 	118.701309 	86.977005 	53.600372 	112.946892 	62.514000 	149.264862 	157.267288 	107.856384 	110.679718 	98.061203 	62.968246 	100.224747 	31.575306 	75.059975 	59.908264 	105.759163 	35.227829 	65.734314 	121.115646 	78.313469 	58.694122 	67.186310 	62.625874 	70.611610 	87.005745 	86.023254 	59.933296 	64.845970 	123.555656 	75.610847 	81.043198 	91.082382 	86.585220 	89.050545 	80.112419 	95.078911 	
60.440052 	32.310989 	20.615528 	80.721741 	23.086792 	71.847061 	81.394104 	66.730804 	27.513634 	20.099751 	66.850578 	90.426765 	53.535034 	61.098282 	999.000000 	44.777225 	55.000000 	60.415230 	37.947330 	63.411354 	89.498604 	27.294687 	33.376640 	63.702435 	84.172440 	37.696156 	31.400637 	25.079872 	85.562843 	27.313000 	101.828285 	28.231188 	57.697487 	30.364452 	35.355339 	51.865211 	30.413813 	91.219513 	100.657837 	47.074409 	49.729267 	39.051247 	33.376640 	41.012192 	73.552704 	30.805843 	37.013512 	46.043457 	83.486526 	37.656342 	60.166435 	35.805027 	45.099888 	39.812057 	43.046486 	38.897301 	37.802116 	37.643059 	48.093658 	51.009804 	64.070274 	50.000000 	48.754486 	48.836460 	50.774010 	50.803543 	57.280014 	65.764732 	
103.392456 	76.922035 	61.400326 	123.987900 	37.013512 	27.586229 	124.739731 	21.954498 	72.013885 	37.054016 	22.627417 	132.943604 	9.219544 	18.000000 	44.777225 	999.000000 	97.672920 	16.278820 	82.346825 	107.898102 	132.276230 	35.355339 	76.896034 	22.472204 	127.663620 	28.178005 	35.171009 	49.010204 	129.321304 	64.938431 	144.249786 	65.924202 	102.420700 	69.231499 	36.400551 	96.254868 	44.721359 	134.951843 	143.627991 	90.824005 	93.776329 	80.523285 	45.354160 	82.710335 	33.241539 	57.078892 	42.720020 	88.323273 	41.340054 	48.383881 	104.177734 	60.406952 	42.720020 	49.979996 	46.065170 	53.160137 	69.007248 	68.029404 	44.407207 	49.406479 	105.990562 	59.033890 	63.906181 	73.348480 	69.260376 	71.568146 	64.140472 	78.714676 	
5.830952 	32.140316 	50.695168 	26.400757 	75.591003 	125.255737 	27.202942 	119.205704 	35.693138 	72.945183 	120.282997 	35.468296 	106.831642 	111.606453 	55.000000 	97.672920 	999.000000 	111.825760 	32.140316 	17.720045 	34.655445 	80.062477 	39.000000 	118.190521 	30.232433 	91.923882 	84.077347 	70.837845 	32.249031 	55.578773 	46.861500 	55.443665 	26.870058 	53.150730 	87.664131 	31.384710 	79.120163 	37.735924 	45.967381 	36.400551 	34.438351 	46.389652 	81.932899 	45.705578 	128.316010 	70.611610 	87.091904 	43.965897 	137.974640 	85.070557 	37.536648 	73.979729 	96.005211 	86.683334 	92.358002 	83.677956 	67.067131 	68.117546 	98.792709 	100.244698 	51.400391 	93.941475 	88.814415 	80.000000 	87.206650 	85.052925 	100.448990 	102.019608 	
117.613777 	92.703827 	77.620872 	138.224457 	53.037724 	16.492422 	139.014389 	8.544003 	87.846458 	53.235325 	13.000000 	146.754898 	10.770329 	3.605551 	60.415230 	16.278820 	111.825760 	999.000000 	98.234413 	122.967476 	146.219009 	51.039200 	92.973114 	19.697716 	142.003525 	42.201897 	50.358715 	65.030762 	143.808899 	81.215759 	157.952530 	82.200974 	118.105888 	85.510231 	50.990196 	112.160599 	60.207973 	149.402145 	157.613449 	106.892471 	109.786156 	96.772926 	60.530983 	98.954536 	28.284271 	73.000000 	57.271286 	104.546638 	32.557640 	63.150612 	120.208153 	76.105194 	55.713554 	64.536812 	59.774578 	68.066147 	85.023529 	84.005951 	56.859474 	61.741398 	122.249741 	72.732384 	78.339005 	88.684837 	83.952370 	86.492775 	77.077881 	92.114059 	
35.057095 	6.000000 	23.345236 	51.264023 	51.662365 	108.784187 	51.623638 	104.216118 	10.440307 	49.678970 	103.831596 	62.297672 	90.785461 	99.020203 	37.947330 	82.346825 	32.140316 	98.234413 	999.000000 	30.413813 	60.745369 	55.865910 	7.615773 	99.569069 	53.712196 	68.622154 	59.413803 	43.600460 	54.120235 	25.495098 	73.164200 	25.079872 	20.615528 	22.135944 	62.369865 	13.928389 	52.201534 	59.539902 	70.682388 	10.198039 	12.041595 	14.317822 	54.644306 	13.928389 	108.600182 	41.146080 	60.216278 	14.142136 	119.037811 	56.938564 	22.360680 	43.657761 	69.065186 	58.180752 	64.660652 	54.561890 	35.510563 	36.674240 	71.561165 	72.069412 	29.410883 	63.906181 	57.974133 	48.093658 	55.731499 	53.338543 	69.921387 	70.178345 	
14.422205 	33.600594 	53.254108 	21.377558 	80.919716 	135.207245 	21.587032 	129.799850 	38.418747 	78.644768 	130.207520 	32.557640 	116.828934 	123.166557 	63.411354 	107.898102 	17.720045 	122.967476 	30.413813 	999.000000 	30.805843 	85.276024 	38.013157 	127.015747 	23.409399 	97.836601 	89.022469 	73.783470 	23.706539 	55.901699 	43.011627 	55.461697 	14.142136 	52.392746 	92.200867 	22.022715 	82.377182 	29.154760 	40.311287 	29.274563 	26.076809 	42.449970 	84.905830 	41.000000 	136.619904 	71.554176 	90.426765 	37.215588 	146.754898 	87.321243 	24.351591 	73.925636 	99.322708 	88.588936 	95.015785 	84.970581 	65.145988 	66.407829 	101.872467 	102.474388 	38.626415 	94.154129 	87.920418 	76.902534 	85.164543 	82.462112 	99.959991 	98.843307 	
29.068884 	63.071388 	82.734512 	9.486833 	109.293182 	159.862442 	9.219544 	153.717270 	67.535179 	106.780151 	154.896744 	2.236068 	141.449631 	145.866379 	89.498604 	132.276230 	34.655445 	146.219009 	60.745369 	30.805843 	999.000000 	113.740936 	68.352028 	152.839783 	8.062258 	125.924583 	117.660530 	103.310211 	9.848858 	86.162636 	12.529964 	85.796272 	44.283180 	82.873398 	121.078484 	52.611786 	111.825760 	9.433981 	11.401754 	60.016663 	56.718605 	73.246162 	114.490173 	71.805290 	162.935577 	101.769348 	119.883278 	67.896980 	172.626770 	117.200684 	53.009434 	104.403069 	128.825470 	118.595955 	124.775803 	115.156418 	95.880135 	97.123634 	131.487640 	132.423569 	66.370171 	124.651512 	118.595955 	107.707939 	115.948265 	113.265175 	130.602448 	129.634094 	
85.088188 	51.739735 	32.557640 	104.560989 	4.472136 	56.753853 	105.118980 	54.332310 	46.861500 	7.280110 	52.172791 	114.908661 	41.048752 	53.235325 	27.294687 	35.355339 	80.062477 	51.039200 	55.865910 	85.276024 	113.740936 	999.000000 	48.918301 	45.880280 	107.647575 	12.806249 	4.123106 	14.560220 	108.600182 	33.120991 	126.245789 	34.000000 	76.419891 	37.589893 	8.062258 	68.883957 	9.486833 	114.201576 	124.535133 	62.201286 	65.604881 	49.739319 	10.816654 	51.971146 	53.712196 	22.090721 	11.180340 	57.801384 	64.412735 	14.866069 	75.451973 	25.079872 	18.027756 	16.970562 	17.088007 	18.867962 	34.234486 	33.136082 	21.023796 	24.515301 	74.323616 	27.658634 	30.232433 	38.078865 	34.885529 	36.769554 	34.409302 	46.754681 	
42.296574 	7.615773 	16.401220 	58.872746 	44.821869 	102.859123 	59.236813 	98.615417 	8.062258 	43.011627 	97.943863 	69.892776 	85.088188 	93.962761 	33.376640 	76.896034 	39.000000 	92.973114 	7.615773 	38.013157 	68.352028 	48.918301 	999.000000 	93.295227 	61.326992 	61.717098 	52.345009 	36.235340 	61.717098 	17.888544 	80.777473 	17.464249 	27.586229 	14.560220 	55.172459 	20.000000 	44.821869 	67.119293 	78.294319 	13.928389 	17.000000 	9.219544 	47.201694 	10.000000 	102.078400 	33.541019 	52.801514 	13.341664 	112.605507 	49.396355 	27.313000 	36.055511 	61.611687 	50.606323 	57.140179 	46.957428 	28.160255 	29.274563 	64.070274 	64.498062 	31.064449 	56.302753 	50.447994 	41.000000 	48.373547 	46.097721 	62.361847 	63.031738 	
123.794182 	94.625580 	77.025970 	144.256714 	49.244289 	12.165525 	144.958618 	14.866069 	89.627007 	50.537113 	9.433981 	153.639191 	14.142136 	23.259407 	63.702435 	22.472204 	118.190521 	19.697716 	99.569069 	127.015747 	152.839783 	45.880280 	93.295227 	999.000000 	147.787003 	33.955853 	43.680660 	60.406952 	149.241409 	78.790863 	165.012115 	79.705711 	120.104118 	83.258636 	42.755116 	113.207771 	53.600372 	154.896744 	164.103622 	107.042046 	110.276924 	95.273293 	52.952808 	97.508972 	10.770329 	67.446274 	48.373547 	103.315056 	19.798990 	54.332310 	120.440857 	69.426216 	44.045429 	55.145264 	49.000000 	59.304298 	79.555016 	78.339005 	44.283180 	48.662102 	120.154068 	61.204575 	68.007355 	80.305664 	74.000000 	77.025970 	64.132675 	79.429214 	
24.413111 	56.435802 	76.157730 	4.123106 	103.227905 	155.219193 	3.162278 	149.305054 	61.057350 	100.801788 	150.233154 	10.198039 	136.780853 	141.823837 	84.172440 	127.663620 	30.232433 	142.003525 	53.712196 	23.409399 	8.062258 	107.647575 	61.326992 	147.787003 	999.000000 	120.000000 	111.503365 	96.747093 	3.162278 	79.202271 	19.646883 	78.790863 	36.496574 	75.769386 	114.825958 	44.911022 	105.309067 	7.615773 	17.000000 	52.392746 	49.030602 	65.802734 	107.912003 	64.288414 	157.724442 	94.847244 	113.371071 	60.207973 	167.585800 	110.476242 	45.000000 	97.308784 	122.298813 	111.803398 	118.118584 	108.258949 	88.543777 	89.810913 	124.907967 	125.670204 	58.309521 	117.545738 	111.328346 	100.169853 	108.521889 	105.773346 	123.369362 	122.024590 	
97.097885 	64.381676 	45.343136 	116.828934 	16.970562 	45.398239 	117.413795 	44.045429 	59.464275 	19.209373 	41.109608 	127.027557 	31.575306 	44.922153 	37.696156 	28.178005 	91.923882 	42.201897 	68.622154 	97.836601 	125.924583 	12.806249 	61.717098 	33.955853 	120.000000 	999.000000 	9.848858 	26.832815 	121.037186 	45.793011 	138.397980 	46.647614 	89.196411 	50.249378 	9.000000 	81.688431 	19.646883 	126.657021 	136.824707 	75.000000 	78.409180 	62.433964 	19.104973 	64.660652 	41.146080 	33.526108 	15.132746 	70.491135 	51.894123 	21.095022 	88.232651 	35.510563 	14.866069 	22.360680 	17.888544 	26.076809 	45.607018 	44.384682 	17.029387 	21.931713 	86.764046 	30.870699 	36.138622 	47.010635 	41.773197 	44.407207 	36.055511 	50.537113 	
89.067390 	55.443665 	36.069378 	108.452751 	8.544003 	54.918121 	109.000000 	53.037724 	50.606323 	11.401754 	50.487621 	118.848640 	40.049969 	52.773098 	31.400637 	35.171009 	84.077347 	50.358715 	59.413803 	89.022469 	117.660530 	4.123106 	52.345009 	43.680660 	111.503365 	9.848858 	999.000000 	17.000000 	112.414413 	36.055511 	130.172958 	36.891735 	79.906197 	40.496914 	4.000000 	72.249565 	10.049875 	118.004234 	128.413391 	65.436989 	68.883957 	52.697250 	10.198039 	54.918121 	50.990196 	23.769728 	8.485281 	60.745369 	61.741398 	13.416408 	78.600258 	26.076809 	14.142136 	15.264338 	13.892444 	18.027756 	35.902645 	34.713108 	17.117243 	20.880613 	76.922035 	25.495098 	29.068884 	38.327538 	34.176014 	36.400551 	31.890438 	45.000000 	
75.392311 	40.311287 	20.591261 	93.941475 	12.000000 	71.309189 	94.413979 	68.731361 	35.777088 	12.369317 	66.708321 	104.651802 	55.326305 	67.007462 	25.079872 	49.010204 	70.837845 	65.030762 	43.600460 	73.783470 	103.310211 	14.560220 	36.235340 	60.406952 	96.747093 	26.832815 	17.000000 	999.000000 	97.416634 	19.209373 	115.836090 	20.000000 	63.780876 	23.600847 	19.209373 	55.865910 	8.602325 	102.927162 	113.740936 	48.836460 	52.345009 	35.805027 	11.180340 	38.013157 	67.977936 	8.246211 	16.643316 	43.829212 	78.721024 	14.317822 	61.846584 	12.529964 	25.553865 	16.124516 	21.540659 	14.142136 	20.000000 	19.026299 	28.178005 	29.410883 	59.933296 	25.317978 	23.706539 	26.419689 	26.248810 	26.907248 	32.557640 	40.816662 	
26.419689 	57.140179 	76.850502 	7.000000 	104.201729 	156.847061 	6.000000 	151.029800 	61.854668 	101.828285 	151.855194 	12.083046 	138.408813 	143.694122 	85.562843 	129.321304 	32.249031 	143.808899 	54.120235 	23.706539 	9.848858 	108.600182 	61.717098 	149.241409 	3.162278 	121.037186 	112.414413 	97.416634 	999.000000 	79.605278 	20.099751 	79.158073 	36.138622 	76.059189 	115.676270 	44.643028 	106.000000 	5.656854 	16.763054 	52.201534 	48.764740 	65.787537 	108.558739 	64.195015 	159.100601 	95.257545 	114.057007 	59.908264 	169.035492 	111.018013 	44.102154 	97.575615 	122.967476 	112.294258 	118.701309 	108.673820 	88.600227 	89.888817 	125.538841 	126.178444 	57.078892 	117.783699 	111.427109 	100.000000 	108.466583 	105.650368 	123.490891 	121.753853 	
59.439045 	23.537205 	7.810250 	76.694199 	29.546574 	89.196411 	77.077881 	85.866173 	20.024984 	28.460499 	84.433403 	87.664131 	72.277245 	82.734512 	27.313000 	64.938431 	55.578773 	81.215759 	25.495098 	55.901699 	86.162636 	33.120991 	17.888544 	78.790863 	79.202271 	45.793011 	36.055511 	19.209373 	79.605278 	999.000000 	98.615417 	1.000000 	45.000000 	4.472136 	38.418747 	36.878178 	27.586229 	85.000000 	96.176918 	29.698484 	33.241539 	16.643316 	29.732138 	18.867962 	86.833176 	15.652476 	35.383614 	24.698177 	97.529480 	31.622776 	42.638012 	18.439089 	44.045429 	32.756680 	39.408119 	29.068884 	13.000000 	13.601471 	46.400433 	46.647614 	41.436699 	38.600517 	33.241539 	26.248810 	32.062439 	30.413813 	44.911022 	47.381432 	
41.400482 	75.584389 	95.257545 	21.931713 	121.794907 	171.828400 	21.540659 	165.559662 	80.062477 	119.268608 	166.877197 	11.401754 	153.443802 	157.492859 	101.828285 	144.249786 	46.861500 	157.952530 	73.164200 	43.011627 	12.529964 	126.245789 	80.777473 	165.012115 	19.646883 	138.397980 	130.172958 	115.836090 	20.099751 	98.615417 	999.000000 	98.234413 	56.089214 	95.273293 	133.600143 	64.536812 	124.354332 	16.124516 	5.000000 	72.034714 	68.658577 	85.440041 	127.015747 	83.934502 	175.171341 	114.236595 	132.412231 	79.831070 	184.783661 	129.711212 	64.195015 	116.811813 	141.354172 	131.095383 	137.295303 	127.632286 	108.157295 	109.416634 	144.013885 	144.931015 	77.006493 	137.058380 	130.919830 	119.816528 	128.160049 	125.419296 	142.947540 	141.661575 	
59.228371 	23.345236 	8.485281 	76.321686 	30.463093 	90.138779 	76.694199 	86.833176 	20.000000 	29.410883 	85.381500 	87.315521 	73.246162 	83.725746 	28.231188 	65.924202 	55.443665 	82.200974 	25.079872 	55.461697 	85.796272 	34.000000 	17.464249 	79.705711 	78.790863 	46.647614 	36.891735 	20.000000 	79.158073 	1.000000 	98.234413 	999.000000 	44.407207 	3.605551 	39.204590 	36.235340 	28.319605 	84.534019 	95.754898 	29.000000 	32.557640 	15.811388 	30.413813 	18.027756 	87.709747 	16.124516 	36.069378 	23.853722 	98.412399 	32.202484 	41.868843 	18.681541 	44.687805 	33.286633 	40.000000 	29.529646 	12.649111 	13.341664 	47.010635 	47.169907 	40.496914 	38.897301 	33.376640 	25.961510 	32.015621 	30.265491 	45.122055 	47.265209 	
26.076809 	25.553865 	43.863426 	35.057095 	72.249565 	129.139465 	35.128338 	124.354332 	30.528675 	70.292244 	124.169243 	46.173584 	111.018013 	118.701309 	57.697487 	102.420700 	26.870058 	118.105888 	20.615528 	14.142136 	44.283180 	76.419891 	27.586229 	120.104118 	36.496574 	89.196411 	79.906197 	63.780876 	36.138622 	45.000000 	56.089214 	44.407207 	999.000000 	41.048752 	82.758682 	8.544003 	72.346390 	41.109608 	52.886673 	16.155495 	12.649111 	29.966648 	74.652527 	28.231188 	129.201401 	60.464867 	80.280754 	23.769728 	139.617340 	76.609398 	10.816654 	62.265560 	89.022469 	77.665955 	84.403793 	73.783470 	52.801514 	54.129475 	91.400215 	91.525955 	25.059929 	82.298241 	75.643906 	63.890530 	72.449982 	69.570107 	87.726852 	85.615417 	
56.718605 	21.023796 	9.848858 	73.389374 	34.014702 	93.637596 	73.736015 	90.249657 	18.248287 	32.893768 	88.865067 	84.433403 	76.655075 	86.977005 	30.364452 	69.231499 	53.150730 	85.510231 	22.135944 	52.392746 	82.873398 	37.589893 	14.560220 	83.258636 	75.769386 	50.249378 	40.496914 	23.600847 	76.059189 	4.472136 	95.273293 	3.605551 	41.048752 	999.000000 	42.801868 	32.802441 	31.890438 	81.394104 	92.703827 	25.495098 	29.068884 	12.206555 	33.941124 	14.422205 	91.301697 	19.416489 	39.597980 	20.248457 	102.000000 	35.608986 	38.288380 	21.540659 	48.166378 	36.619667 	43.416588 	32.756680 	14.035668 	15.000000 	50.447994 	50.477718 	37.000000 	41.785164 	35.902645 	27.294687 	34.058773 	32.015621 	47.801674 	49.040798 	
92.590500 	58.600342 	39.051247 	111.830231 	12.369317 	54.332310 	112.361023 	53.037724 	53.823788 	15.297058 	50.089920 	122.298813 	40.447498 	53.600372 	35.355339 	36.400551 	87.664131 	50.990196 	62.369865 	92.200867 	121.078484 	8.062258 	55.172459 	42.755116 	114.825958 	9.000000 	4.000000 	19.209373 	115.676270 	38.418747 	133.600143 	39.204590 	82.758682 	42.801868 	999.000000 	74.966660 	11.180340 	121.247681 	131.764938 	68.014702 	71.505241 	55.000000 	10.198039 	57.201397 	49.396355 	25.079872 	6.324555 	63.007935 	60.166435 	12.165525 	81.055534 	26.683329 	10.198039 	13.601471 	10.630146 	17.117243 	37.000000 	35.735138 	13.152946 	17.088007 	78.771820 	23.021729 	27.513634 	38.013157 	32.984844 	35.510563 	29.000000 	42.720020 	
31.953091 	19.646883 	36.400551 	43.289722 	64.815125 	122.588745 	43.416588 	118.105888 	24.351591 	63.007935 	117.647781 	54.451813 	104.651802 	112.946892 	51.865211 	96.254868 	31.384710 	112.160599 	13.928389 	22.022715 	52.611786 	68.883957 	20.000000 	113.207771 	44.911022 	81.688431 	72.249565 	55.865910 	44.643028 	36.878178 	64.536812 	36.235340 	8.544003 	32.802441 	74.966660 	999.000000 	64.381676 	49.648766 	61.400326 	7.615773 	4.123106 	21.470911 	66.603302 	19.697716 	122.065559 	52.201534 	72.249565 	15.297058 	132.574509 	68.410522 	9.055386 	53.851646 	80.919716 	69.404610 	76.216797 	65.459915 	44.283180 	45.617977 	83.240616 	83.234612 	20.518284 	73.824112 	67.119293 	55.362442 	63.906181 	61.032780 	79.202271 	77.129761 	
83.773506 	48.877399 	29.154760 	102.474388 	9.899495 	64.938431 	102.956299 	63.071388 	44.294468 	12.206555 	60.530983 	113.145920 	50.009998 	62.514000 	30.413813 	44.721359 	79.120163 	60.207973 	52.201534 	82.377182 	111.825760 	9.486833 	44.821869 	53.600372 	105.309067 	19.646883 	10.049875 	8.602325 	106.000000 	27.586229 	124.354332 	28.319605 	72.346390 	31.890438 	11.180340 	64.381676 	999.000000 	111.516815 	122.298813 	57.280014 	60.811184 	44.045429 	3.000000 	46.227695 	60.539242 	13.928389 	8.062258 	52.009613 	71.309189 	7.280110 	70.178345 	16.031219 	17.000000 	9.486833 	13.341664 	9.899495 	25.961510 	24.738634 	19.697716 	21.377558 	67.601776 	20.124611 	21.260292 	28.635643 	25.553865 	27.313000 	27.313000 	38.209946 	
31.906113 	62.681736 	82.377182 	11.704700 	109.808922 	162.483841 	10.770329 	156.646103 	67.424034 	107.447662 	157.492859 	11.401754 	144.045135 	149.264862 	91.219513 	134.951843 	37.735924 	149.402145 	59.539902 	29.154760 	9.433981 	114.201576 	67.119293 	154.896744 	7.615773 	126.657021 	118.004234 	102.927162 	5.656854 	85.000000 	16.124516 	84.534019 	41.109608 	81.394104 	121.247681 	49.648766 	111.516815 	999.000000 	12.041595 	57.245087 	53.758720 	70.936592 	114.057007 	69.289246 	164.757401 	100.647903 	119.570061 	64.845970 	174.691162 	116.468880 	48.507732 	102.883430 	128.471786 	117.720009 	124.169243 	114.061386 	93.776329 	95.078911 	131.026718 	131.609268 	61.008198 	123.065025 	116.619041 	104.995239 	113.547348 	110.679718 	128.693436 	126.649124 	
40.311287 	73.430237 	93.150414 	20.000000 	120.104118 	171.213318 	19.416489 	165.096939 	78.032043 	117.643532 	166.243790 	11.180340 	152.793976 	157.267288 	100.657837 	143.627991 	45.967381 	157.613449 	70.682388 	40.311287 	11.401754 	124.535133 	78.294319 	164.103622 	17.000000 	136.824707 	128.413391 	113.740936 	16.763054 	96.176918 	5.000000 	95.754898 	52.886673 	92.703827 	131.764938 	61.400326 	122.298813 	12.041595 	999.000000 	68.963760 	65.520988 	82.540901 	124.907967 	80.956779 	174.155106 	111.825760 	130.361038 	76.655075 	183.896713 	127.475487 	60.530983 	114.236595 	139.291061 	128.798294 	135.118469 	125.239769 	105.342300 	106.625511 	141.904892 	142.667450 	73.027390 	134.461884 	128.160049 	116.760437 	125.227791 	122.413231 	140.217682 	138.495483 	
37.854988 	16.124516 	30.016663 	50.635956 	58.249462 	116.730461 	50.803543 	112.538879 	20.024984 	56.603886 	111.825760 	61.814240 	99.005051 	107.856384 	47.074409 	90.824005 	36.400551 	106.892471 	10.198039 	29.274563 	60.016663 	62.201286 	13.928389 	107.042046 	52.392746 	75.000000 	65.436989 	48.836460 	52.201534 	29.698484 	72.034714 	29.000000 	16.155495 	25.495098 	68.014702 	7.615773 	57.280014 	57.245087 	68.963760 	999.000000 	3.605551 	13.892444 	59.413803 	12.083046 	115.663307 	44.821869 	65.069191 	8.000000 	126.245789 	61.073727 	13.416408 	46.324940 	73.661385 	62.008064 	68.883957 	58.008621 	36.674240 	38.013157 	75.927597 	75.802376 	19.313208 	66.241982 	59.506302 	47.801674 	56.302753 	53.450912 	71.589104 	69.634758 	
35.440090 	18.027756 	33.286633 	47.381432 	61.611687 	119.854080 	47.518417 	115.550858 	22.360680 	59.908264 	114.934761 	58.549126 	102.044106 	110.679718 	49.729267 	93.776329 	34.438351 	109.786156 	12.041595 	26.076809 	56.718605 	65.604881 	17.000000 	110.276924 	49.030602 	78.409180 	68.883957 	52.345009 	48.764740 	33.241539 	68.658577 	32.557640 	12.649111 	29.068884 	71.505241 	4.123106 	60.811184 	53.758720 	65.520988 	3.605551 	999.000000 	17.492855 	62.968246 	15.652476 	118.983192 	48.414875 	68.622154 	11.180340 	129.541504 	64.660652 	10.440307 	49.929951 	77.233414 	65.604881 	72.470680 	61.611687 	40.249222 	41.593269 	79.511009 	79.404030 	18.867962 	69.835518 	63.071388 	51.244511 	59.808025 	56.920998 	75.153175 	73.006851 	
49.010204 	16.643316 	19.235384 	63.788715 	46.065170 	105.475113 	64.031242 	101.833199 	17.029387 	44.777225 	100.657837 	74.953316 	88.232651 	98.061203 	39.051247 	80.523285 	46.389652 	96.772926 	14.317822 	42.449970 	73.246162 	49.739319 	9.219544 	95.273293 	65.802734 	62.433964 	52.697250 	35.805027 	65.787537 	16.643316 	85.440041 	15.811388 	29.966648 	12.206555 	55.000000 	21.470911 	44.045429 	70.936592 	82.540901 	13.892444 	17.492855 	999.000000 	46.010868 	2.236068 	103.445641 	31.144823 	51.662365 	8.062258 	114.127121 	47.423622 	26.172504 	32.449963 	60.108234 	48.270073 	55.226807 	44.204071 	22.847319 	24.166092 	62.289646 	62.008064 	25.495098 	52.354561 	45.694637 	34.525352 	42.720020 	40.024994 	57.775429 	56.568542 	
86.539009 	51.478149 	31.764761 	105.118980 	12.206555 	64.498062 	105.588821 	63.000000 	46.957428 	14.764823 	60.207973 	115.831772 	50.159744 	62.968246 	33.376640 	45.354160 	81.932899 	60.530983 	54.644306 	84.905830 	114.490173 	10.816654 	47.201694 	52.952808 	107.912003 	19.104973 	10.198039 	11.180340 	108.558739 	29.732138 	127.015747 	30.413813 	74.652527 	33.941124 	10.198039 	66.603302 	3.000000 	114.057007 	124.907967 	59.413803 	62.968246 	46.010868 	999.000000 	48.166378 	59.464275 	15.264338 	5.656854 	53.907330 	70.228203 	4.472136 	72.180328 	16.492422 	14.422205 	6.708204 	10.440307 	8.062258 	26.925823 	25.632011 	17.000000 	18.439089 	69.115845 	17.492855 	19.416489 	28.160255 	24.166092 	26.248810 	24.596748 	36.069378 	
48.093658 	17.029387 	21.377558 	62.369865 	48.301140 	107.703293 	62.585941 	104.043259 	18.027756 	47.010635 	102.883430 	73.545906 	90.443352 	100.224747 	41.012192 	82.710335 	45.705578 	98.954536 	13.928389 	41.000000 	71.805290 	51.971146 	10.000000 	97.508972 	64.288414 	64.660652 	54.918121 	38.013157 	64.195015 	18.867962 	83.934502 	18.027756 	28.231188 	14.422205 	57.201397 	19.697716 	46.227695 	69.289246 	80.956779 	12.083046 	15.652476 	2.236068 	48.166378 	999.000000 	105.678757 	33.241539 	53.814495 	5.830952 	116.361504 	49.517673 	24.041630 	34.409302 	62.225395 	50.328918 	57.314919 	46.227695 	24.596748 	25.942244 	64.381676 	64.031242 	23.345236 	54.203320 	47.423622 	35.902645 	44.271889 	41.484936 	59.506302 	57.870544 	
133.869339 	103.855667 	85.702972 	154.253036 	57.454330 	14.422205 	154.935471 	21.189621 	98.858482 	59.076221 	15.524175 	163.783386 	24.738634 	31.575306 	73.552704 	33.241539 	128.316010 	28.284271 	108.600182 	136.619904 	162.935577 	53.712196 	102.078400 	10.770329 	157.724442 	41.146080 	50.990196 	67.977936 	159.100601 	86.833176 	175.171341 	87.709747 	129.201401 	91.301697 	49.396355 	122.065559 	60.539242 	164.757401 	174.155106 	115.663307 	118.983192 	103.445641 	59.464275 	105.678757 	999.000000 	74.464760 	54.405884 	111.507851 	10.770329 	60.166435 	129.003876 	75.894661 	48.662102 	60.638271 	53.935146 	65.000000 	86.377083 	85.094063 	48.259712 	52.038448 	127.910126 	65.192024 	72.560318 	85.702972 	78.638412 	81.884064 	67.029846 	82.152298 	
74.726166 	38.897301 	20.099751 	92.309265 	20.099751 	78.644768 	92.703827 	76.419891 	34.928497 	20.615528 	74.148499 	103.247276 	63.126858 	75.059975 	30.805843 	57.078892 	70.611610 	73.000000 	41.146080 	71.554176 	101.769348 	22.090721 	33.541019 	67.446274 	94.847244 	33.526108 	23.769728 	8.246211 	95.257545 	15.652476 	114.236595 	16.124516 	60.464867 	19.416489 	25.079872 	52.201534 	13.928389 	100.647903 	111.825760 	44.821869 	48.414875 	31.144823 	15.264338 	33.241539 	74.464760 	999.000000 	20.808653 	38.897301 	85.234970 	16.278820 	57.280014 	5.000000 	29.000000 	17.204651 	24.083189 	13.416408 	12.165525 	11.045361 	31.144823 	31.064449 	53.851646 	23.345236 	19.235384 	18.601076 	20.124611 	20.000000 	30.066593 	35.468296 	
91.787796 	56.938564 	37.215588 	110.535065 	14.317822 	60.133186 	111.018013 	59.135437 	52.354561 	17.262676 	56.008926 	121.198181 	46.690472 	59.908264 	37.013512 	42.720020 	87.091904 	57.271286 	60.216278 	90.426765 	119.883278 	11.180340 	52.801514 	48.373547 	113.371071 	15.132746 	8.485281 	16.643316 	114.057007 	35.383614 	132.412231 	36.069378 	80.280754 	39.597980 	6.324555 	72.249565 	8.062258 	119.570061 	130.361038 	65.069191 	68.622154 	51.662365 	5.656854 	53.814495 	54.405884 	20.808653 	999.000000 	59.548298 	65.145988 	6.000000 	77.833153 	21.540659 	8.944272 	7.280110 	6.082763 	11.000000 	32.202484 	30.870699 	11.704700 	14.000000 	74.625732 	17.029387 	21.189621 	32.015621 	26.683329 	29.274563 	23.430750 	36.619667 	
45.705578 	18.867962 	26.925823 	58.549126 	54.120235 	113.463654 	58.694122 	109.731491 	21.189621 	52.801514 	108.632408 	69.720871 	96.135323 	105.759163 	46.043457 	88.323273 	43.965897 	104.546638 	14.142136 	37.215588 	67.896980 	57.801384 	13.341664 	103.315056 	60.207973 	70.491135 	60.745369 	43.829212 	59.908264 	24.698177 	79.831070 	23.853722 	23.769728 	20.248457 	63.007935 	15.297058 	52.009613 	64.845970 	76.655075 	8.000000 	11.180340 	8.062258 	53.907330 	5.830952 	111.507851 	38.897301 	59.548298 	999.000000 	122.188377 	55.154327 	18.439089 	39.824615 	67.896980 	55.901699 	62.936478 	51.739735 	29.681644 	31.064449 	70.007141 	69.526970 	18.027756 	59.363289 	52.354561 	40.162170 	48.846699 	45.880280 	64.412735 	61.846584 	
143.586212 	114.201576 	96.254868 	164.054871 	68.095520 	16.124516 	164.757401 	24.186773 	109.201645 	69.641945 	19.924858 	173.415680 	32.249031 	35.227829 	83.486526 	41.340054 	137.974640 	32.557640 	119.037811 	146.754898 	172.626770 	64.412735 	112.605507 	19.798990 	167.585800 	51.894123 	61.741398 	78.721024 	169.035492 	97.529480 	184.783661 	98.412399 	139.617340 	102.000000 	60.166435 	132.574509 	71.309189 	174.691162 	183.896713 	126.245789 	129.541504 	114.127121 	70.228203 	116.361504 	10.770329 	85.234970 	65.145988 	122.188377 	999.000000 	70.880180 	139.606583 	86.648720 	59.228371 	71.309189 	64.536812 	75.690155 	97.144226 	95.859268 	58.694122 	62.289646 	138.654251 	75.538071 	83.024094 	96.317184 	89.106674 	92.395889 	77.025970 	92.005432 	
89.537704 	54.129475 	34.539833 	107.786827 	16.643316 	66.121101 	108.226616 	65.122963 	49.769470 	19.235384 	62.008064 	118.595955 	52.611786 	65.734314 	37.656342 	48.383881 	85.070557 	63.150612 	56.938564 	87.321243 	117.200684 	14.866069 	49.396355 	54.332310 	110.476242 	21.095022 	13.416408 	14.317822 	111.018013 	31.622776 	129.711212 	32.202484 	76.609398 	35.608986 	12.165525 	68.410522 	7.280110 	116.468880 	127.475487 	61.073727 	64.660652 	47.423622 	4.472136 	49.517673 	60.166435 	16.278820 	6.000000 	55.154327 	70.880180 	999.000000 	73.552704 	16.124516 	12.806249 	2.236068 	7.810250 	5.000000 	26.925823 	25.553865 	14.866069 	15.231546 	69.634758 	13.038404 	15.652476 	26.019224 	20.880613 	23.345236 	20.124611 	31.890438 	
36.891735 	28.284271 	43.416588 	44.181442 	71.561165 	130.146072 	44.102154 	125.924583 	32.756680 	69.971420 	125.239769 	55.036350 	112.401070 	121.115646 	60.166435 	104.177734 	37.536648 	120.208153 	22.360680 	24.351591 	53.009434 	75.451973 	27.313000 	120.440857 	45.000000 	88.232651 	78.600258 	61.846584 	44.102154 	42.638012 	64.195015 	41.868843 	10.816654 	38.288380 	81.055534 	9.055386 	70.178345 	48.507732 	60.530983 	13.416408 	10.440307 	26.172504 	72.180328 	24.041630 	129.003876 	57.280014 	77.833153 	18.439089 	139.606583 	73.552704 	999.000000 	58.258045 	86.267029 	74.330345 	81.344948 	70.178345 	48.010414 	49.406479 	88.413803 	87.965904 	14.317822 	77.665955 	70.491135 	57.697487 	66.648331 	63.505905 	82.492424 	78.771820 	
77.878113 	41.976185 	24.020824 	94.921021 	23.769728 	80.894997 	95.273293 	79.101204 	38.327538 	24.698177 	76.531036 	105.948097 	66.000000 	78.313469 	35.805027 	60.406952 	73.979729 	76.105194 	43.657761 	73.925636 	104.403069 	25.079872 	36.055511 	69.426216 	97.308784 	35.510563 	26.076809 	12.529964 	97.575615 	18.439089 	116.811813 	18.681541 	62.265560 	21.540659 	26.683329 	53.851646 	16.031219 	102.883430 	114.236595 	46.324940 	49.929951 	32.449963 	16.492422 	34.409302 	75.894661 	5.000000 	21.540659 	39.824615 	86.648720 	16.124516 	58.258045 	999.000000 	28.844410 	16.401220 	23.600847 	12.041595 	10.816654 	9.433981 	30.610456 	29.732138 	53.600372 	20.248457 	15.000000 	13.892444 	15.231546 	15.000000 	26.476404 	30.675724 	
