Total assets = 589
Number of asset nodes = 33

Distance:
999.000000 	30.083218 	63.063461 	101.828285 	31.575306 	34.132095 	74.732857 	73.006851 	39.204590 	9.219544 	113.357841 	106.103722 	78.294319 	35.014282 	66.730804 	50.990196 	45.398239 	37.000000 	39.012817 	75.026665 	39.000000 	46.173584 	54.918121 	72.732384 	79.120163 	34.655445 	75.584389 	149.201202 	80.324341 	74.464760 	112.507774 	68.249542 	75.432091 	77.884529 	79.120163 	37.947330 	51.088158 	130.430054 	27.294687 	75.133217 	28.792360 	111.359779 	67.067131 	60.133186 	39.661064 	
30.083218 	999.000000 	33.286633 	73.539108 	5.830952 	10.000000 	44.721359 	42.953465 	13.038404 	35.355339 	87.664131 	79.881165 	48.301140 	12.206555 	36.687874 	22.022715 	17.720045 	14.212670 	14.866069 	44.944408 	15.556349 	19.313208 	26.019224 	42.720020 	49.040798 	63.513779 	45.607018 	122.147453 	50.289165 	44.721359 	82.927681 	39.051247 	45.705578 	48.052055 	49.244289 	24.351591 	26.925823 	101.533249 	44.944408 	46.043457 	42.047592 	81.412529 	39.812057 	35.341194 	33.376640 	
63.063461 	33.286633 	999.000000 	41.617306 	33.970577 	34.058773 	12.165525 	11.000000 	30.232433 	67.067131 	59.135437 	50.921509 	15.524175 	35.000000 	9.899495 	19.924858 	25.495098 	34.669872 	32.756680 	14.142136 	33.615471 	26.925823 	19.104973 	14.317822 	18.027756 	96.798759 	17.088007 	90.972527 	20.223749 	18.867962 	49.648766 	19.416489 	19.723083 	20.615528 	21.189621 	45.617977 	32.388271 	68.622154 	76.419891 	24.083189 	72.470680 	48.332184 	28.231188 	33.241539 	55.946404 	
101.828285 	73.539108 	41.617306 	999.000000 	75.166481 	75.604233 	34.176014 	36.400551 	71.847061 	104.009613 	22.561028 	15.652476 	31.320919 	76.609398 	44.384682 	60.901562 	66.887962 	76.275818 	74.330345 	37.363083 	75.166481 	68.095520 	59.033890 	41.484936 	35.510563 	136.359818 	40.792156 	49.396355 	37.215588 	44.721359 	18.027756 	51.662365 	44.553337 	42.296574 	41.194660 	86.954010 	72.090218 	29.068884 	117.796432 	50.358715 	114.017540 	24.413111 	61.392181 	69.921387 	97.128784 	
31.575306 	5.830952 	33.970577 	75.166481 	999.000000 	4.242640 	44.654228 	42.720020 	8.246211 	38.000000 	90.426765 	82.492424 	48.259712 	6.403124 	35.777088 	19.416489 	14.000000 	8.485281 	9.433981 	44.294468 	10.000000 	15.132746 	23.345236 	41.629318 	48.301140 	63.529522 	44.384682 	124.201447 	49.244289 	43.011627 	83.408630 	36.674240 	43.965897 	46.486557 	47.759815 	18.681541 	21.931713 	102.591423 	42.638012 	43.566040 	39.115215 	81.301903 	36.124783 	30.675724 	28.071337 	
34.132095 	10.000000 	34.058773 	75.604233 	4.242640 	999.000000 	44.045429 	42.011902 	5.099020 	41.109608 	91.678787 	83.648071 	47.634022 	2.236068 	34.669872 	17.464249 	11.401754 	4.242640 	5.385165 	43.266617 	5.830952 	12.041595 	21.189621 	40.311287 	47.169907 	64.884514 	42.941822 	124.851913 	47.885281 	41.231056 	82.975899 	34.481880 	42.154476 	44.777225 	46.097721 	15.132746 	18.027756 	102.532921 	42.426407 	41.231056 	38.418747 	80.448738 	33.000000 	26.925823 	25.019993 	
74.732857 	44.721359 	12.165525 	34.176014 	44.654228 	44.045429 	999.000000 	2.236068 	39.623226 	79.056938 	54.451813 	46.270943 	3.605551 	44.598206 	10.295630 	27.658634 	33.970577 	43.840622 	41.725292 	4.472136 	42.449970 	34.828148 	25.238859 	8.062258 	6.708204 	108.046288 	8.944272 	83.186539 	9.433981 	12.649111 	38.948685 	18.027756 	13.000000 	12.206555 	12.041595 	53.600372 	38.013157 	58.898216 	86.371292 	18.973665 	82.024384 	36.715118 	28.017851 	35.902645 	63.513779 	
73.006851 	42.953465 	11.000000 	36.400551 	42.720020 	42.011902 	2.236068 	999.000000 	37.536648 	77.491936 	56.568542 	48.373547 	5.656854 	42.520584 	8.062258 	25.495098 	31.827662 	41.725292 	39.597980 	3.605551 	40.311287 	32.649654 	23.021729 	6.324555 	7.071068 	106.174385 	7.810250 	85.422478 	9.486833 	11.180340 	41.036568 	16.000000 	11.661903 	11.313708 	11.401754 	51.400391 	35.777088 	61.073727 	84.291161 	17.464249 	79.906197 	38.587563 	26.000000 	33.734257 	61.294373 	
39.204590 	13.038404 	30.232433 	71.847061 	8.246211 	5.099020 	39.623226 	37.536648 	999.000000 	46.043457 	88.639717 	80.529495 	43.185646 	5.000000 	30.000000 	12.529964 	6.324555 	4.472136 	3.000000 	38.600517 	4.000000 	7.000000 	16.155495 	35.510563 	42.438190 	69.856995 	38.078865 	121.202309 	43.046486 	36.249138 	78.568443 	29.410883 	37.161808 	39.812057 	41.146080 	16.278820 	13.892444 	98.351410 	46.754681 	36.138622 	42.449970 	75.802376 	28.017851 	22.472204 	26.683329 	
9.219544 	35.355339 	67.067131 	104.009613 	38.000000 	41.109608 	79.056938 	77.491936 	46.043457 	999.000000 	113.863953 	106.962608 	82.540901 	42.296574 	71.805290 	57.140179 	52.000000 	44.407207 	46.270943 	79.812279 	46.389652 	53.037724 	61.131008 	77.878113 	83.934502 	34.985710 	80.808418 	150.233154 	85.375641 	80.062477 	115.831772 	74.330345 	81.049370 	83.360664 	84.528099 	46.615448 	58.694122 	132.924789 	34.785053 	81.301903 	37.121422 	115.316956 	74.060783 	67.742157 	48.826221 	
113.357841 	87.664131 	59.135437 	22.561028 	90.426765 	91.678787 	54.451813 	56.568542 	88.639717 	113.863953 	999.000000 	8.246211 	52.153618 	93.037628 	64.132675 	79.056938 	84.504440 	93.107468 	91.389275 	58.215118 	92.309265 	86.034874 	77.884529 	62.289646 	57.008770 	147.922272 	62.072536 	36.891735 	59.008472 	66.068146 	35.608986 	72.443085 	66.030296 	64.000000 	63.007935 	104.546638 	91.214035 	32.280025 	132.608444 	72.006943 	129.495178 	43.829212 	82.389320 	90.255196 	114.947815 	
106.103722 	79.881165 	50.921509 	15.652476 	82.492424 	83.648071 	46.270943 	48.373547 	80.529495 	106.962608 	8.246211 	999.000000 	44.045429 	84.970581 	55.901699 	70.837845 	76.321686 	85.000000 	83.258636 	50.089920 	84.172440 	77.833153 	69.641945 	54.147945 	49.010204 	140.730240 	54.009258 	43.278172 	51.088158 	58.008621 	31.240999 	64.280632 	58.000000 	56.035702 	55.081757 	96.384644 	82.969872 	33.015148 	124.807854 	64.007812 	121.593582 	38.897301 	74.242844 	82.036575 	106.775467 	
78.294319 	48.301140 	15.524175 	31.320919 	48.259712 	47.634022 	3.605551 	5.656854 	43.185646 	82.540901 	52.153618 	44.045429 	999.000000 	48.166378 	13.601471 	31.144823 	37.483330 	47.381432 	45.254833 	6.082763 	45.967381 	38.288380 	28.600698 	10.198039 	5.830952 	111.646767 	10.049875 	80.056229 	8.602325 	14.035668 	35.383614 	20.396078 	14.142136 	12.649111 	12.083046 	57.008770 	41.182522 	55.443665 	89.938866 	20.223749 	85.562843 	33.120991 	30.265491 	38.600517 	66.850578 	
35.014282 	12.206555 	35.000000 	76.609398 	6.403124 	2.236068 	44.598206 	42.520584 	5.000000 	42.296574 	93.037628 	84.970581 	48.166378 	999.000000 	35.000000 	17.492855 	11.180340 	2.236068 	4.000000 	43.600460 	4.123106 	11.401754 	21.023796 	40.496914 	47.434166 	65.000000 	43.046486 	125.924583 	48.020828 	41.146080 	83.546394 	34.176014 	42.047592 	44.721359 	46.065170 	13.038404 	16.492422 	103.276329 	41.773197 	40.804413 	37.536648 	80.802231 	32.062439 	25.495098 	23.086792 	
66.730804 	36.687874 	9.899495 	44.384682 	35.777088 	34.669872 	10.295630 	8.062258 	30.000000 	71.805290 	64.132675 	55.901699 	13.601471 	35.000000 	999.000000 	17.691807 	24.083189 	34.058773 	31.890438 	8.602325 	32.557640 	24.758837 	15.000000 	6.082763 	12.529964 	99.297531 	9.055386 	93.477272 	13.601471 	9.486833 	48.795490 	9.848858 	10.440307 	12.041595 	13.000000 	43.416588 	27.730848 	69.028976 	76.694199 	14.212670 	72.180328 	45.803928 	19.416489 	26.172504 	53.254108 	
50.990196 	22.022715 	19.924858 	60.901562 	19.416489 	17.464249 	27.658634 	25.495098 	12.529964 	57.140179 	79.056938 	70.837845 	31.144823 	17.492855 	17.691807 	999.000000 	6.403124 	16.401220 	14.212670 	26.248810 	14.866069 	7.211102 	4.000000 	23.021729 	30.000000 	82.346825 	25.553865 	110.276924 	30.528675 	23.769728 	66.468040 	17.262676 	24.698177 	27.313000 	28.635643 	26.076809 	13.038404 	86.556343 	59.033890 	24.186773 	54.488529 	63.411354 	18.384777 	17.204651 	36.235340 	
45.398239 	17.720045 	25.495098 	66.887962 	14.000000 	11.401754 	33.970577 	31.827662 	6.324555 	52.000000 	84.504440 	76.321686 	37.483330 	11.180340 	24.083189 	6.403124 	999.000000 	10.000000 	7.810250 	32.649654 	8.485281 	2.236068 	9.848858 	29.410883 	36.400551 	76.157730 	31.906113 	116.284134 	36.891735 	29.966648 	72.835434 	23.086792 	30.870699 	33.541019 	34.885529 	20.124611 	10.816654 	92.849342 	52.630791 	29.832869 	48.104053 	69.814041 	22.203604 	18.027756 	30.463093 	
37.000000 	14.212670 	34.669872 	76.275818 	8.485281 	4.242640 	43.840622 	41.725292 	4.472136 	44.407207 	93.107468 	85.000000 	47.381432 	2.236068 	34.058773 	16.401220 	10.000000 	999.000000 	2.236068 	42.638012 	2.000000 	9.848858 	19.723083 	39.408119 	46.400433 	66.483078 	41.880783 	125.642349 	46.872166 	39.824615 	82.758682 	32.695564 	40.706264 	43.416588 	44.777225 	12.041595 	14.317822 	102.649887 	42.638012 	39.217342 	38.183765 	79.812279 	30.149628 	23.345236 	22.360680 	
39.012817 	14.866069 	32.756680 	74.330345 	9.433981 	5.385165 	41.725292 	39.597980 	3.000000 	46.270943 	91.389275 	83.258636 	45.254833 	4.000000 	31.890438 	14.212670 	7.810250 	2.236068 	999.000000 	40.459858 	1.000000 	7.615773 	17.492855 	37.202152 	44.204071 	68.709534 	39.661064 	123.713379 	44.654228 	37.589893 	80.622574 	30.463093 	38.470768 	41.182522 	42.544094 	13.341664 	12.649111 	100.568382 	44.821869 	37.000000 	40.311287 	77.620872 	28.071337 	21.587032 	23.769728 	
75.026665 	44.944408 	14.142136 	37.363083 	44.294468 	43.266617 	4.472136 	3.605551 	38.600517 	79.812279 	58.215118 	50.089920 	6.082763 	43.600460 	8.602325 	26.248810 	32.649654 	42.638012 	40.459858 	999.000000 	41.109608 	33.241539 	23.345236 	4.123106 	4.123106 	107.823929 	4.472136 	85.906929 	6.082763 	8.246211 	40.360870 	14.317822 	8.544003 	7.810250 	7.810250 	51.739735 	35.510563 	60.802959 	85.276024 	14.560220 	80.721741 	37.202152 	24.186773 	32.572994 	61.400326 	
39.000000 	15.556349 	33.615471 	75.166481 	10.000000 	5.830952 	42.449970 	40.311287 	4.000000 	46.389652 	92.309265 	84.172440 	45.967381 	4.123106 	32.557640 	14.866069 	8.485281 	2.000000 	1.000000 	41.109608 	999.000000 	8.062258 	18.027756 	37.802116 	44.821869 	68.352028 	40.224369 	124.555206 	45.221676 	38.078865 	81.320351 	30.870699 	38.948685 	41.677334 	43.046486 	12.369317 	12.369317 	101.316338 	44.204071 	37.336308 	39.623226 	78.243210 	28.160255 	21.377558 	22.803509 	
46.173584 	19.313208 	26.925823 	68.095520 	15.132746 	12.041595 	34.828148 	32.649654 	7.000000 	53.037724 	86.034874 	77.833153 	38.288380 	11.401754 	24.758837 	7.211102 	2.236068 	9.848858 	7.615773 	33.241539 	8.062258 	999.000000 	10.000000 	29.832869 	36.878178 	76.321686 	32.202484 	117.477661 	37.202152 	30.016663 	73.552704 	22.847319 	30.886890 	33.615471 	34.985710 	18.867962 	8.602325 	93.723000 	52.201534 	29.410883 	47.507893 	70.292244 	21.023796 	16.124516 	29.068884 	
54.918121 	26.019224 	19.104973 	59.033890 	23.345236 	21.189621 	25.238859 	23.021729 	16.155495 	61.131008 	77.884529 	69.641945 	28.600698 	21.023796 	15.000000 	4.000000 	9.848858 	19.723083 	17.492855 	23.345236 	18.027756 	10.000000 	999.000000 	19.849434 	26.907248 	86.005814 	22.203604 	108.300507 	27.202942 	20.124611 	63.702435 	13.341664 	21.023796 	23.706539 	25.059929 	28.425341 	13.341664 	84.023804 	62.201286 	20.223749 	57.489128 	60.307545 	14.764823 	15.231546 	38.275318 	
72.732384 	42.720020 	14.317822 	41.484936 	41.629318 	40.311287 	8.062258 	6.324555 	35.510563 	77.878113 	62.289646 	54.147945 	10.198039 	40.496914 	6.082763 	23.021729 	29.410883 	39.408119 	37.202152 	4.123106 	37.802116 	29.832869 	19.849434 	999.000000 	7.071068 	105.095192 	3.000000 	89.961105 	7.615773 	5.000000 	44.045429 	10.198039 	5.656854 	6.324555 	7.071068 	48.104053 	31.622776 	64.637451 	82.006096 	11.180340 	77.336922 	40.459858 	20.099751 	28.460499 	57.628117 	
79.120163 	49.040798 	18.027756 	35.510563 	48.301140 	47.169907 	6.708204 	7.071068 	42.438190 	83.934502 	57.008770 	49.010204 	5.830952 	47.434166 	12.529964 	30.000000 	36.400551 	46.400433 	44.204071 	4.123106 	44.821869 	36.878178 	26.907248 	7.071068 	999.000000 	111.825760 	5.385165 	83.384651 	2.828427 	9.219544 	37.013512 	16.552946 	9.055386 	7.071068 	6.324555 	55.172459 	38.600517 	57.688820 	89.022469 	15.000000 	84.386017 	33.421551 	25.961510 	34.928497 	64.660652 	
34.655445 	63.513779 	96.798759 	136.359818 	63.529522 	64.884514 	108.046288 	106.174385 	69.856995 	34.985710 	147.922272 	140.730240 	111.646767 	65.000000 	99.297531 	82.346825 	76.157730 	66.483078 	68.709534 	107.823929 	68.352028 	76.321686 	86.005814 	105.095192 	111.825760 	999.000000 	107.786827 	183.853195 	112.698715 	106.103722 	146.441116 	99.161484 	107.018692 	109.658562 	110.981979 	62.169125 	78.847954 	164.805954 	29.154760 	105.688217 	35.128338 	144.754959 	95.880135 	87.321243 	58.034473 	
75.584389 	45.607018 	17.088007 	40.792156 	44.384682 	42.941822 	8.944272 	7.810250 	38.078865 	80.808418 	62.072536 	54.009258 	10.049875 	43.046486 	9.055386 	25.553865 	31.906113 	41.880783 	39.661064 	4.472136 	40.224369 	32.202484 	22.203604 	3.000000 	5.385165 	107.786827 	999.000000 	88.769363 	5.000000 	4.000000 	42.201897 	11.180340 	4.123106 	3.605551 	4.123106 	50.209560 	33.421551 	62.968246 	84.403793 	10.198039 	79.649231 	38.209946 	20.615528 	29.546574 	59.548298 	
149.201202 	122.147453 	90.972527 	49.396355 	124.201447 	124.851913 	83.186539 	85.422478 	121.202309 	150.233154 	36.891735 	43.278172 	80.056229 	125.924583 	93.477272 	110.276924 	116.284134 	125.642349 	123.713379 	85.906929 	124.555206 	117.477661 	108.300507 	89.961105 	83.384651 	183.853195 	88.769363 	999.000000 	84.504440 	92.477028 	48.836460 	99.924973 	92.114059 	89.537704 	88.255310 	136.341476 	121.198181 	29.000000 	166.817261 	97.406364 	163.217651 	56.320511 	109.201645 	118.308914 	146.485489 	
80.324341 	50.289165 	20.223749 	37.215588 	49.244289 	47.885281 	9.433981 	9.486833 	43.046486 	85.375641 	59.008472 	51.088158 	8.602325 	48.020828 	13.601471 	30.528675 	36.891735 	46.872166 	44.654228 	6.082763 	45.221676 	37.202152 	27.202942 	7.615773 	2.828427 	112.698715 	5.000000 	84.504440 	999.000000 	8.062258 	37.443291 	15.811388 	7.615773 	5.099020 	4.000000 	55.172459 	38.288380 	58.309521 	89.403580 	13.152946 	84.646324 	33.241539 	24.698177 	34.000000 	64.443771 	
74.464760 	44.721359 	18.867962 	44.721359 	43.011627 	41.231056 	12.649111 	11.180340 	36.249138 	80.062477 	66.068146 	58.008621 	14.035668 	41.146080 	9.486833 	23.769728 	29.966648 	39.824615 	37.589893 	8.246211 	38.078865 	30.016663 	20.124611 	5.000000 	9.219544 	106.103722 	4.000000 	92.477028 	8.062258 	999.000000 	45.486263 	7.810250 	1.000000 	3.605551 	5.000000 	47.507893 	30.413813 	66.370171 	82.097504 	6.324555 	77.201035 	41.036568 	16.763054 	25.942244 	56.586216 	
112.507774 	82.927681 	49.648766 	18.027756 	83.408630 	82.975899 	38.948685 	41.036568 	78.568443 	115.831772 	35.608986 	31.240999 	35.383614 	83.546394 	48.795490 	66.468040 	72.835434 	82.758682 	80.622574 	40.360870 	81.320351 	73.552704 	63.702435 	44.045429 	37.013512 	146.441116 	42.201897 	48.836460 	37.443291 	45.486263 	999.000000 	53.254108 	44.944408 	42.190044 	40.816662 	92.097771 	75.604233 	21.023796 	125.319588 	49.648766 	120.933868 	8.544003 	61.773781 	71.344238 	101.671036 	
68.249542 	39.051247 	19.416489 	51.662365 	36.674240 	34.481880 	18.027756 	16.000000 	29.410883 	74.330345 	72.443085 	64.280632 	20.396078 	34.176014 	9.848858 	17.262676 	23.086792 	32.695564 	30.463093 	14.317822 	30.870699 	22.847319 	13.341664 	10.198039 	16.552946 	99.161484 	11.180340 	99.924973 	15.811388 	7.810250 	53.254108 	999.000000 	8.485281 	11.313708 	12.727922 	39.824615 	22.627417 	74.094536 	74.625732 	7.000000 	69.634758 	48.836460 	10.000000 	18.384777 	48.795490 	
75.432091 	45.705578 	19.723083 	44.553337 	43.965897 	42.154476 	13.000000 	11.661903 	37.161808 	81.049370 	66.030296 	58.000000 	14.142136 	42.047592 	10.440307 	24.698177 	30.870699 	40.706264 	38.470768 	8.544003 	38.948685 	30.886890 	21.023796 	5.656854 	9.055386 	107.018692 	4.123106 	92.114059 	7.615773 	1.000000 	44.944408 	8.485281 	999.000000 	2.828427 	4.242640 	48.270073 	31.112698 	65.863495 	82.927681 	6.082763 	78.006409 	40.360870 	17.088007 	26.419689 	57.280014 	
77.884529 	48.052055 	20.615528 	42.296574 	46.486557 	44.777225 	12.206555 	11.313708 	39.812057 	83.360664 	64.000000 	56.035702 	12.649111 	44.721359 	12.041595 	27.313000 	33.541019 	43.416588 	41.182522 	7.810250 	41.677334 	33.615471 	23.706539 	6.324555 	7.071068 	109.658562 	3.605551 	89.537704 	5.099020 	3.605551 	42.190044 	11.313708 	2.828427 	999.000000 	1.414214 	51.088158 	33.941124 	63.134777 	85.702972 	8.062258 	80.802231 	37.536648 	19.697716 	29.154760 	60.108234 	
79.120163 	49.244289 	21.189621 	41.194660 	47.759815 	46.097721 	12.041595 	11.401754 	41.146080 	84.528099 	63.007935 	55.081757 	12.083046 	46.065170 	13.000000 	28.635643 	34.885529 	44.777225 	42.544094 	7.810250 	43.046486 	34.985710 	25.059929 	7.071068 	6.324555 	110.981979 	4.123106 	88.255310 	4.000000 	5.000000 	40.816662 	12.727922 	4.242640 	1.414214 	999.000000 	52.497620 	35.355339 	61.773781 	87.091904 	9.219544 	82.200974 	36.124783 	21.023796 	30.528675 	61.522354 	
37.947330 	24.351591 	45.617977 	86.954010 	18.681541 	15.132746 	53.600372 	51.400391 	16.278820 	46.615448 	104.546638 	96.384644 	57.008770 	13.038404 	43.416588 	26.076809 	20.124611 	12.041595 	13.341664 	51.739735 	12.369317 	18.867962 	28.425341 	48.104053 	55.172459 	62.169125 	50.209560 	136.341476 	55.172459 	47.507893 	92.097771 	39.824615 	48.270073 	51.088158 	52.497620 	999.000000 	17.492855 	112.445541 	35.341194 	45.486263 	30.016663 	88.413803 	34.438351 	25.298222 	10.440307 	
51.088158 	26.925823 	32.388271 	72.090218 	21.931713 	18.027756 	38.013157 	35.777088 	13.892444 	58.694122 	91.214035 	82.969872 	41.182522 	16.492422 	27.730848 	13.038404 	10.816654 	14.317822 	12.649111 	35.510563 	12.369317 	8.602325 	13.341664 	31.622776 	38.600517 	78.847954 	33.421551 	121.198181 	38.288380 	30.413813 	75.604233 	22.627417 	31.112698 	33.941124 	35.355339 	17.492855 	999.000000 	96.260063 	52.773098 	28.017851 	47.507893 	71.449280 	17.088007 	9.055386 	26.172504 	
130.430054 	101.533249 	68.622154 	29.068884 	102.591423 	102.532921 	58.898216 	61.073727 	98.351410 	132.924789 	32.280025 	33.015148 	55.443665 	103.276329 	69.028976 	86.556343 	92.849342 	102.649887 	100.568382 	60.802959 	101.316338 	93.723000 	84.023804 	64.637451 	57.688820 	164.805954 	62.968246 	29.000000 	58.309521 	66.370171 	21.023796 	74.094536 	65.863495 	63.134777 	61.773781 	112.445541 	96.260063 	999.000000 	144.958618 	70.661163 	140.801285 	27.658634 	82.764725 	92.282173 	122.200653 	
27.294687 	44.944408 	76.419891 	117.796432 	42.638012 	42.426407 	86.371292 	84.291161 	46.754681 	34.785053 	132.608444 	124.807854 	89.938866 	41.773197 	76.694199 	59.033890 	52.630791 	42.638012 	44.821869 	85.276024 	44.204071 	52.201534 	62.201286 	82.006096 	89.022469 	29.154760 	84.403793 	166.817261 	89.403580 	82.097504 	125.319588 	74.625732 	82.927681 	85.702972 	87.091904 	35.341194 	52.773098 	144.958618 	999.000000 	80.622574 	6.000000 	122.441826 	69.778221 	60.539242 	29.427877 	
75.133217 	46.043457 	24.083189 	50.358715 	43.566040 	41.231056 	18.973665 	17.464249 	36.138622 	81.301903 	72.006943 	64.007812 	20.223749 	40.804413 	14.212670 	24.186773 	29.832869 	39.217342 	37.000000 	14.560220 	37.336308 	29.410883 	20.223749 	11.180340 	15.000000 	105.688217 	10.198039 	97.406364 	13.152946 	6.324555 	49.648766 	7.000000 	6.082763 	8.062258 	9.219544 	45.486263 	28.017851 	70.661163 	80.622574 	999.000000 	75.471848 	44.407207 	12.206555 	22.022715 	53.907330 	
28.792360 	42.047592 	72.470680 	114.017540 	39.115215 	38.418747 	82.024384 	79.906197 	42.449970 	37.121422 	129.495178 	121.593582 	85.562843 	37.536648 	72.180328 	54.488529 	48.104053 	38.183765 	40.311287 	80.721741 	39.623226 	47.507893 	57.489128 	77.336922 	84.386017 	35.128338 	79.649231 	163.217651 	84.646324 	77.201035 	120.933868 	69.634758 	78.006409 	80.802231 	82.200974 	30.016663 	47.507893 	140.801285 	6.000000 	75.471848 	999.000000 	117.796432 	64.412735 	55.036350 	23.537205 	
111.359779 	81.412529 	48.332184 	24.413111 	81.301903 	80.448738 	36.715118 	38.587563 	75.802376 	115.316956 	43.829212 	38.897301 	33.120991 	80.802231 	45.803928 	63.411354 	69.814041 	79.812279 	77.620872 	37.202152 	78.243210 	70.292244 	60.307545 	40.459858 	33.421551 	144.754959 	38.209946 	56.320511 	33.241539 	41.036568 	8.544003 	48.836460 	40.360870 	37.536648 	36.124783 	88.413803 	71.449280 	27.658634 	122.441826 	44.407207 	117.796432 	999.000000 	56.612720 	66.400299 	97.621719 	
67.067131 	39.812057 	28.231188 	61.392181 	36.124783 	33.000000 	28.017851 	26.000000 	28.017851 	74.060783 	82.389320 	74.242844 	30.265491 	32.062439 	19.416489 	18.384777 	22.203604 	30.149628 	28.071337 	24.186773 	28.160255 	21.023796 	14.764823 	20.099751 	25.961510 	95.880135 	20.615528 	109.201645 	24.698177 	16.763054 	61.773781 	10.000000 	17.088007 	19.697716 	21.023796 	34.438351 	17.088007 	82.764725 	69.778221 	12.206555 	64.412735 	56.612720 	999.000000 	9.899495 	42.201897 	
60.133186 	35.341194 	33.241539 	69.921387 	30.675724 	26.925823 	35.902645 	33.734257 	22.472204 	67.742157 	90.255196 	82.036575 	38.600517 	25.495098 	26.172504 	17.204651 	18.027756 	23.345236 	21.587032 	32.572994 	21.377558 	16.124516 	15.231546 	28.460499 	34.928497 	87.321243 	29.546574 	118.308914 	34.000000 	25.942244 	71.344238 	18.384777 	26.419689 	29.154760 	30.528675 	25.298222 	9.055386 	92.282173 	60.539242 	22.022715 	55.036350 	66.400299 	9.899495 	999.000000 	32.449963 	
39.661064 	33.376640 	55.946404 	97.128784 	28.071337 	25.019993 	63.513779 	61.294373 	26.683329 	48.826221 	114.947815 	106.775467 	66.850578 	23.086792 	53.254108 	36.235340 	30.463093 	22.360680 	23.769728 	61.400326 	22.803509 	29.068884 	38.275318 	57.628117 	64.660652 	58.034473 	59.548298 	146.485489 	64.443771 	56.586216 	101.671036 	48.795490 	57.280014 	60.108234 	61.522354 	10.440307 	26.172504 	122.200653 	29.427877 	53.907330 	23.537205 	97.621719 	42.201897 	32.449963 	999.000000 	

Travel time:
9.000000 	0.752080 	1.576586 	2.545707 	0.789383 	0.853302 	1.868321 	1.825171 	0.980115 	0.230489 	2.833946 	2.652593 	1.957358 	0.875357 	1.668270 	1.274755 	1.134956 	0.925000 	0.975320 	1.875667 	0.975000 	1.154340 	1.372953 	1.818310 	1.978004 	0.866386 	1.889610 	3.730030 	2.008109 	1.861619 	2.812694 	1.706239 	1.885802 	1.947113 	1.978004 	0.948683 	1.277204 	3.260751 	0.682367 	1.878330 	0.719809 	2.783994 	1.676678 	1.503330 	0.991527 	
0.752080 	9.000000 	0.832166 	1.838478 	0.145774 	0.250000 	1.118034 	1.073837 	0.325960 	0.883883 	2.191603 	1.997029 	1.207528 	0.305164 	0.917197 	0.550568 	0.443001 	0.355317 	0.371652 	1.123610 	0.388909 	0.482830 	0.650481 	1.068001 	1.226020 	1.587844 	1.140175 	3.053686 	1.257229 	1.118034 	2.073192 	0.976281 	1.142639 	1.201301 	1.231107 	0.608790 	0.673146 	2.538331 	1.123610 	1.151086 	1.051190 	2.035313 	0.995301 	0.883530 	0.834416 	
1.576586 	0.832166 	9.000000 	1.040433 	0.849264 	0.851469 	0.304138 	0.275000 	0.755811 	1.676678 	1.478386 	1.273038 	0.388104 	0.875000 	0.247487 	0.498121 	0.637377 	0.866747 	0.818917 	0.353553 	0.840387 	0.673146 	0.477624 	0.357946 	0.450694 	2.419969 	0.427200 	2.274313 	0.505594 	0.471699 	1.241219 	0.485412 	0.493077 	0.515388 	0.529741 	1.140449 	0.809707 	1.715554 	1.910497 	0.602080 	1.811767 	1.208305 	0.705780 	0.831038 	1.398660 	
2.545707 	1.838478 	1.040433 	9.000000 	1.879162 	1.890106 	0.854400 	0.910014 	1.796177 	2.600240 	0.564026 	0.391312 	0.783023 	1.915235 	1.109617 	1.522539 	1.672199 	1.906895 	1.858259 	0.934077 	1.879162 	1.702388 	1.475847 	1.037123 	0.887764 	3.408995 	1.019804 	1.234909 	0.930390 	1.118034 	0.450694 	1.291559 	1.113833 	1.057414 	1.029866 	2.173850 	1.802255 	0.726722 	2.944911 	1.258968 	2.850439 	0.610328 	1.534805 	1.748035 	2.428220 	
0.789383 	0.145774 	0.849264 	1.879162 	9.000000 	0.106066 	1.116356 	1.068001 	0.206155 	0.950000 	2.260669 	2.062311 	1.206493 	0.160078 	0.894427 	0.485412 	0.350000 	0.212132 	0.235850 	1.107362 	0.250000 	0.378319 	0.583631 	1.040733 	1.207528 	1.588238 	1.109617 	3.105036 	1.231107 	1.075291 	2.085216 	0.916856 	1.099147 	1.162164 	1.193995 	0.467039 	0.548293 	2.564785 	1.065950 	1.089151 	0.977880 	2.032547 	0.903120 	0.766893 	0.701783 	
0.853302 	0.250000 	0.851469 	1.890106 	0.106066 	9.000000 	1.101136 	1.050297 	0.127475 	1.027740 	2.291970 	2.091202 	1.190850 	0.055902 	0.866747 	0.436606 	0.285044 	0.106066 	0.134629 	1.081665 	0.145774 	0.301040 	0.529741 	1.007782 	1.179248 	1.622113 	1.073546 	3.121298 	1.197132 	1.030776 	2.074398 	0.862047 	1.053862 	1.119431 	1.152443 	0.378319 	0.450694 	2.563323 	1.060660 	1.030776 	0.960469 	2.011219 	0.825000 	0.673146 	0.625500 	
1.868321 	1.118034 	0.304138 	0.854400 	1.116356 	1.101136 	9.000000 	0.055902 	0.990581 	1.976424 	1.361295 	1.156774 	0.090139 	1.114955 	0.257391 	0.691466 	0.849264 	1.096016 	1.043132 	0.111803 	1.061249 	0.870704 	0.630971 	0.201556 	0.167705 	2.701157 	0.223607 	2.079664 	0.235850 	0.316228 	0.973717 	0.450694 	0.325000 	0.305164 	0.301040 	1.340009 	0.950329 	1.472455 	2.159282 	0.474342 	2.050610 	0.917878 	0.700446 	0.897566 	1.587844 	
1.825171 	1.073837 	0.275000 	0.910014 	1.068001 	1.050297 	0.055902 	9.000000 	0.938416 	1.937298 	1.414214 	1.209339 	0.141421 	1.063015 	0.201556 	0.637377 	0.795692 	1.043132 	0.989950 	0.090139 	1.007782 	0.816241 	0.575543 	0.158114 	0.176777 	2.654360 	0.195256 	2.135562 	0.237171 	0.279509 	1.025914 	0.400000 	0.291548 	0.282843 	0.285044 	1.285010 	0.894427 	1.526843 	2.107279 	0.436606 	1.997655 	0.964689 	0.650000 	0.843356 	1.532359 	
0.980115 	0.325960 	0.755811 	1.796177 	0.206155 	0.127475 	0.990581 	0.938416 	9.000000 	1.151086 	2.215993 	2.013237 	1.079641 	0.125000 	0.750000 	0.313249 	0.158114 	0.111803 	0.075000 	0.965013 	0.100000 	0.175000 	0.403887 	0.887764 	1.060955 	1.746425 	0.951972 	3.030058 	1.076162 	0.906228 	1.964211 	0.735272 	0.929045 	0.995301 	1.028652 	0.406971 	0.347311 	2.458785 	1.168867 	0.903466 	1.061249 	1.895059 	0.700446 	0.561805 	0.667083 	
0.230489 	0.883883 	1.676678 	2.600240 	0.950000 	1.027740 	1.976424 	1.937298 	1.151086 	9.000000 	2.846599 	2.674065 	2.063523 	1.057414 	1.795132 	1.428504 	1.300000 	1.110180 	1.156774 	1.995307 	1.159741 	1.325943 	1.528275 	1.946953 	2.098362 	0.874643 	2.020211 	3.755829 	2.134391 	2.001562 	2.895794 	1.858259 	2.026234 	2.084017 	2.113203 	1.165386 	1.467353 	3.323120 	0.869626 	2.032547 	0.928036 	2.882924 	1.851520 	1.693554 	1.220656 	
2.833946 	2.191603 	1.478386 	0.564026 	2.260669 	2.291970 	1.361295 	1.414214 	2.215993 	2.846599 	9.000000 	0.206155 	1.303840 	2.325941 	1.603317 	1.976424 	2.112611 	2.327687 	2.284732 	1.455378 	2.307732 	2.150872 	1.947113 	1.557241 	1.425219 	3.698057 	1.551813 	0.922293 	1.475212 	1.651704 	0.890225 	1.811077 	1.650757 	1.600000 	1.575198 	2.613666 	2.280351 	0.807001 	3.315211 	1.800174 	3.237380 	1.095730 	2.059733 	2.256380 	2.873695 	
2.652593 	1.997029 	1.273038 	0.391312 	2.062311 	2.091202 	1.156774 	1.209339 	2.013237 	2.674065 	0.206155 	9.000000 	1.101136 	2.124264 	1.397542 	1.770946 	1.908042 	2.125000 	2.081466 	1.252248 	2.104311 	1.945829 	1.741049 	1.353699 	1.225255 	3.518256 	1.350231 	1.081954 	1.277204 	1.450216 	0.781025 	1.607016 	1.450000 	1.400892 	1.377044 	2.409616 	2.074247 	0.825379 	3.120196 	1.600195 	3.039840 	0.972432 	1.856071 	2.050914 	2.669387 	
1.957358 	1.207528 	0.388104 	0.783023 	1.206493 	1.190850 	0.090139 	0.141421 	1.079641 	2.063523 	1.303840 	1.101136 	9.000000 	1.204159 	0.340037 	0.778621 	0.937083 	1.184536 	1.131371 	0.152069 	1.149184 	0.957209 	0.715017 	0.254951 	0.145774 	2.791169 	0.251247 	2.001406 	0.215058 	0.350892 	0.884590 	0.509902 	0.353553 	0.316228 	0.302076 	1.425219 	1.029563 	1.386092 	2.248472 	0.505594 	2.139071 	0.828025 	0.756637 	0.965013 	1.671264 	
0.875357 	0.305164 	0.875000 	1.915235 	0.160078 	0.055902 	1.114955 	1.063015 	0.125000 	1.057414 	2.325941 	2.124264 	1.204159 	9.000000 	0.875000 	0.437321 	0.279509 	0.055902 	0.100000 	1.090011 	0.103078 	0.285044 	0.525595 	1.012423 	1.185854 	1.625000 	1.076162 	3.148115 	1.200521 	1.028652 	2.088660 	0.854400 	1.051190 	1.118034 	1.151629 	0.325960 	0.412311 	2.581908 	1.044330 	1.020110 	0.938416 	2.020056 	0.801561 	0.637377 	0.577170 	
1.668270 	0.917197 	0.247487 	1.109617 	0.894427 	0.866747 	0.257391 	0.201556 	0.750000 	1.795132 	1.603317 	1.397542 	0.340037 	0.875000 	9.000000 	0.442295 	0.602080 	0.851469 	0.797261 	0.215058 	0.813941 	0.618971 	0.375000 	0.152069 	0.313249 	2.482438 	0.226385 	2.336932 	0.340037 	0.237171 	1.219887 	0.246221 	0.261008 	0.301040 	0.325000 	1.085415 	0.693271 	1.725724 	1.917355 	0.355317 	1.804508 	1.145098 	0.485412 	0.654313 	1.331353 	
1.274755 	0.550568 	0.498121 	1.522539 	0.485412 	0.436606 	0.691466 	0.637377 	0.313249 	1.428504 	1.976424 	1.770946 	0.778621 	0.437321 	0.442295 	9.000000 	0.160078 	0.410031 	0.355317 	0.656220 	0.371652 	0.180278 	0.100000 	0.575543 	0.750000 	2.058671 	0.638847 	2.756923 	0.763217 	0.594243 	1.661701 	0.431567 	0.617454 	0.682825 	0.715891 	0.651920 	0.325960 	2.163908 	1.475847 	0.604669 	1.362213 	1.585284 	0.459619 	0.430116 	0.905883 	
1.134956 	0.443001 	0.637377 	1.672199 	0.350000 	0.285044 	0.849264 	0.795692 	0.158114 	1.300000 	2.112611 	1.908042 	0.937083 	0.279509 	0.602080 	0.160078 	9.000000 	0.250000 	0.195256 	0.816241 	0.212132 	0.055902 	0.246221 	0.735272 	0.910014 	1.903943 	0.797653 	2.907103 	0.922293 	0.749166 	1.820886 	0.577170 	0.771767 	0.838525 	0.872138 	0.503115 	0.270416 	2.321234 	1.315770 	0.745822 	1.202601 	1.745351 	0.555090 	0.450694 	0.761577 	
0.925000 	0.355317 	0.866747 	1.906895 	0.212132 	0.106066 	1.096016 	1.043132 	0.111803 	1.110180 	2.327687 	2.125000 	1.184536 	0.055902 	0.851469 	0.410031 	0.250000 	9.000000 	0.055902 	1.065950 	0.050000 	0.246221 	0.493077 	0.985203 	1.160011 	1.662077 	1.047020 	3.141059 	1.171804 	0.995615 	2.068967 	0.817389 	1.017657 	1.085415 	1.119431 	0.301040 	0.357946 	2.566247 	1.065950 	0.980434 	0.954594 	1.995307 	0.753741 	0.583631 	0.559017 	
0.975320 	0.371652 	0.818917 	1.858259 	0.235850 	0.134629 	1.043132 	0.989950 	0.075000 	1.156774 	2.284732 	2.081466 	1.131371 	0.100000 	0.797261 	0.355317 	0.195256 	0.055902 	9.000000 	1.011496 	0.025000 	0.190394 	0.437321 	0.930054 	1.105102 	1.717738 	0.991527 	3.092834 	1.116356 	0.939747 	2.015564 	0.761577 	0.961769 	1.029563 	1.063602 	0.333542 	0.316228 	2.514210 	1.120547 	0.925000 	1.007782 	1.940522 	0.701783 	0.539676 	0.594243 	
1.875667 	1.123610 	0.353553 	0.934077 	1.107362 	1.081665 	0.111803 	0.090139 	0.965013 	1.995307 	1.455378 	1.252248 	0.152069 	1.090011 	0.215058 	0.656220 	0.816241 	1.065950 	1.011496 	9.000000 	1.027740 	0.831038 	0.583631 	0.103078 	0.103078 	2.695598 	0.111803 	2.147673 	0.152069 	0.206155 	1.009022 	0.357946 	0.213600 	0.195256 	0.195256 	1.293493 	0.887764 	1.520074 	2.131901 	0.364006 	2.018044 	0.930054 	0.604669 	0.814325 	1.535008 	
0.975000 	0.388909 	0.840387 	1.879162 	0.250000 	0.145774 	1.061249 	1.007782 	0.100000 	1.159741 	2.307732 	2.104311 	1.149184 	0.103078 	0.813941 	0.371652 	0.212132 	0.050000 	0.025000 	1.027740 	9.000000 	0.201556 	0.450694 	0.945053 	1.120547 	1.708801 	1.005609 	3.113880 	1.130542 	0.951972 	2.033009 	0.771767 	0.973717 	1.041933 	1.076162 	0.309233 	0.309233 	2.532908 	1.105102 	0.933408 	0.990581 	1.956080 	0.704006 	0.534439 	0.570088 	
1.154340 	0.482830 	0.673146 	1.702388 	0.378319 	0.301040 	0.870704 	0.816241 	0.175000 	1.325943 	2.150872 	1.945829 	0.957209 	0.285044 	0.618971 	0.180278 	0.055902 	0.246221 	0.190394 	0.831038 	0.201556 	9.000000 	0.250000 	0.745822 	0.921954 	1.908042 	0.805062 	2.936942 	0.930054 	0.750417 	1.838818 	0.571183 	0.772172 	0.840387 	0.874643 	0.471699 	0.215058 	2.343075 	1.305038 	0.735272 	1.187697 	1.757306 	0.525595 	0.403113 	0.726722 	
1.372953 	0.650481 	0.477624 	1.475847 	0.583631 	0.529741 	0.630971 	0.575543 	0.403887 	1.528275 	1.947113 	1.741049 	0.715017 	0.525595 	0.375000 	0.100000 	0.246221 	0.493077 	0.437321 	0.583631 	0.450694 	0.250000 	9.000000 	0.496236 	0.672681 	2.150145 	0.555090 	2.707513 	0.680074 	0.503115 	1.592561 	0.333542 	0.525595 	0.592663 	0.626498 	0.710634 	0.333542 	2.100595 	1.555032 	0.505594 	1.437228 	1.507689 	0.369121 	0.380789 	0.956883 	
1.818310 	1.068001 	0.357946 	1.037123 	1.040733 	1.007782 	0.201556 	0.158114 	0.887764 	1.946953 	1.557241 	1.353699 	0.254951 	1.012423 	0.152069 	0.575543 	0.735272 	0.985203 	0.930054 	0.103078 	0.945053 	0.745822 	0.496236 	9.000000 	0.176777 	2.627380 	0.075000 	2.249028 	0.190394 	0.125000 	1.101136 	0.254951 	0.141421 	0.158114 	0.176777 	1.202601 	0.790569 	1.615936 	2.050152 	0.279509 	1.933423 	1.011496 	0.502494 	0.711512 	1.440703 	
1.978004 	1.226020 	0.450694 	0.887764 	1.207528 	1.179248 	0.167705 	0.176777 	1.060955 	2.098362 	1.425219 	1.225255 	0.145774 	1.185854 	0.313249 	0.750000 	0.910014 	1.160011 	1.105102 	0.103078 	1.120547 	0.921954 	0.672681 	0.176777 	9.000000 	2.795644 	0.134629 	2.084616 	0.070711 	0.230489 	0.925338 	0.413824 	0.226385 	0.176777 	0.158114 	1.379311 	0.965013 	1.442220 	2.225562 	0.375000 	2.109650 	0.835539 	0.649038 	0.873212 	1.616516 	
0.866386 	1.587844 	2.419969 	3.408995 	1.588238 	1.622113 	2.701157 	2.654360 	1.746425 	0.874643 	3.698057 	3.518256 	2.791169 	1.625000 	2.482438 	2.058671 	1.903943 	1.662077 	1.717738 	2.695598 	1.708801 	1.908042 	2.150145 	2.627380 	2.795644 	9.000000 	2.694671 	4.596330 	2.817468 	2.652593 	3.661028 	2.479037 	2.675467 	2.741464 	2.774549 	1.554228 	1.971199 	4.120149 	0.728869 	2.642205 	0.878208 	3.618874 	2.397003 	2.183031 	1.450862 	
1.889610 	1.140175 	0.427200 	1.019804 	1.109617 	1.073546 	0.223607 	0.195256 	0.951972 	2.020211 	1.551813 	1.350231 	0.251247 	1.076162 	0.226385 	0.638847 	0.797653 	1.047020 	0.991527 	0.111803 	1.005609 	0.805062 	0.555090 	0.075000 	0.134629 	2.694671 	9.000000 	2.219234 	0.125000 	0.100000 	1.055047 	0.279509 	0.103078 	0.090139 	0.103078 	1.255239 	0.835539 	1.574206 	2.110095 	0.254951 	1.991231 	0.955249 	0.515388 	0.738664 	1.488707 	
3.730030 	3.053686 	2.274313 	1.234909 	3.105036 	3.121298 	2.079664 	2.135562 	3.030058 	3.755829 	0.922293 	1.081954 	2.001406 	3.148115 	2.336932 	2.756923 	2.907103 	3.141059 	3.092834 	2.147673 	3.113880 	2.936942 	2.707513 	2.249028 	2.084616 	4.596330 	2.219234 	9.000000 	2.112611 	2.311926 	1.220912 	2.498124 	2.302851 	2.238443 	2.206383 	3.408537 	3.029954 	0.725000 	4.170432 	2.435159 	4.080441 	1.408013 	2.730041 	2.957723 	3.662137 	
2.008109 	1.257229 	0.505594 	0.930390 	1.231107 	1.197132 	0.235850 	0.237171 	1.076162 	2.134391 	1.475212 	1.277204 	0.215058 	1.200521 	0.340037 	0.763217 	0.922293 	1.171804 	1.116356 	0.152069 	1.130542 	0.930054 	0.680074 	0.190394 	0.070711 	2.817468 	0.125000 	2.112611 	9.000000 	0.201556 	0.936082 	0.395285 	0.190394 	0.127475 	0.100000 	1.379311 	0.957209 	1.457738 	2.235090 	0.328824 	2.116158 	0.831038 	0.617454 	0.850000 	1.611094 	
1.861619 	1.118034 	0.471699 	1.118034 	1.075291 	1.030776 	0.316228 	0.279509 	0.906228 	2.001562 	1.651704 	1.450216 	0.350892 	1.028652 	0.237171 	0.594243 	0.749166 	0.995615 	0.939747 	0.206155 	0.951972 	0.750417 	0.503115 	0.125000 	0.230489 	2.652593 	0.100000 	2.311926 	0.201556 	9.000000 	1.137157 	0.195256 	0.025000 	0.090139 	0.125000 	1.187697 	0.760345 	1.659254 	2.052438 	0.158114 	1.930026 	1.025914 	0.419076 	0.648556 	1.414655 	
2.812694 	2.073192 	1.241219 	0.450694 	2.085216 	2.074398 	0.973717 	1.025914 	1.964211 	2.895794 	0.890225 	0.781025 	0.884590 	2.088660 	1.219887 	1.661701 	1.820886 	2.068967 	2.015564 	1.009022 	2.033009 	1.838818 	1.592561 	1.101136 	0.925338 	3.661028 	1.055047 	1.220912 	0.936082 	1.137157 	9.000000 	1.331353 	1.123610 	1.054751 	1.020416 	2.302444 	1.890106 	0.525595 	3.132990 	1.241219 	3.023347 	0.213600 	1.544345 	1.783606 	2.541776 	
1.706239 	0.976281 	0.485412 	1.291559 	0.916856 	0.862047 	0.450694 	0.400000 	0.735272 	1.858259 	1.811077 	1.607016 	0.509902 	0.854400 	0.246221 	0.431567 	0.577170 	0.817389 	0.761577 	0.357946 	0.771767 	0.571183 	0.333542 	0.254951 	0.413824 	2.479037 	0.279509 	2.498124 	0.395285 	0.195256 	1.331353 	9.000000 	0.212132 	0.282843 	0.318198 	0.995615 	0.565685 	1.852363 	1.865643 	0.175000 	1.740869 	1.220912 	0.250000 	0.459619 	1.219887 	
1.885802 	1.142639 	0.493077 	1.113833 	1.099147 	1.053862 	0.325000 	0.291548 	0.929045 	2.026234 	1.650757 	1.450000 	0.353553 	1.051190 	0.261008 	0.617454 	0.771767 	1.017657 	0.961769 	0.213600 	0.973717 	0.772172 	0.525595 	0.141421 	0.226385 	2.675467 	0.103078 	2.302851 	0.190394 	0.025000 	1.123610 	0.212132 	9.000000 	0.070711 	0.106066 	1.206752 	0.777817 	1.646587 	2.073192 	0.152069 	1.950160 	1.009022 	0.427200 	0.660492 	1.432000 	
1.947113 	1.201301 	0.515388 	1.057414 	1.162164 	1.119431 	0.305164 	0.282843 	0.995301 	2.084017 	1.600000 	1.400892 	0.316228 	1.118034 	0.301040 	0.682825 	0.838525 	1.085415 	1.029563 	0.195256 	1.041933 	0.840387 	0.592663 	0.158114 	0.176777 	2.741464 	0.090139 	2.238443 	0.127475 	0.090139 	1.054751 	0.282843 	0.070711 	9.000000 	0.035355 	1.277204 	0.848528 	1.578369 	2.142574 	0.201556 	2.020056 	0.938416 	0.492443 	0.728869 	1.502706 	
1.978004 	1.231107 	0.529741 	1.029866 	1.193995 	1.152443 	0.301040 	0.285044 	1.028652 	2.113203 	1.575198 	1.377044 	0.302076 	1.151629 	0.325000 	0.715891 	0.872138 	1.119431 	1.063602 	0.195256 	1.076162 	0.874643 	0.626498 	0.176777 	0.158114 	2.774549 	0.103078 	2.206383 	0.100000 	0.125000 	1.020416 	0.318198 	0.106066 	0.035355 	9.000000 	1.312441 	0.883883 	1.544345 	2.177298 	0.230489 	2.055024 	0.903120 	0.525595 	0.763217 	1.538059 	
0.948683 	0.608790 	1.140449 	2.173850 	0.467039 	0.378319 	1.340009 	1.285010 	0.406971 	1.165386 	2.613666 	2.409616 	1.425219 	0.325960 	1.085415 	0.651920 	0.503115 	0.301040 	0.333542 	1.293493 	0.309233 	0.471699 	0.710634 	1.202601 	1.379311 	1.554228 	1.255239 	3.408537 	1.379311 	1.187697 	2.302444 	0.995615 	1.206752 	1.277204 	1.312441 	9.000000 	0.437321 	2.811139 	0.883530 	1.137157 	0.750417 	2.210345 	0.860959 	0.632456 	0.261008 	
1.277204 	0.673146 	0.809707 	1.802255 	0.548293 	0.450694 	0.950329 	0.894427 	0.347311 	1.467353 	2.280351 	2.074247 	1.029563 	0.412311 	0.693271 	0.325960 	0.270416 	0.357946 	0.316228 	0.887764 	0.309233 	0.215058 	0.333542 	0.790569 	0.965013 	1.971199 	0.835539 	3.029954 	0.957209 	0.760345 	1.890106 	0.565685 	0.777817 	0.848528 	0.883883 	0.437321 	9.000000 	2.406502 	1.319327 	0.700446 	1.187697 	1.786232 	0.427200 	0.226385 	0.654313 	
3.260751 	2.538331 	1.715554 	0.726722 	2.564785 	2.563323 	1.472455 	1.526843 	2.458785 	3.323120 	0.807001 	0.825379 	1.386092 	2.581908 	1.725724 	2.163908 	2.321234 	2.566247 	2.514210 	1.520074 	2.532908 	2.343075 	2.100595 	1.615936 	1.442220 	4.120149 	1.574206 	0.725000 	1.457738 	1.659254 	0.525595 	1.852363 	1.646587 	1.578369 	1.544345 	2.811139 	2.406502 	9.000000 	3.623966 	1.766529 	3.520032 	0.691466 	2.069118 	2.307054 	3.055016 	
0.682367 	1.123610 	1.910497 	2.944911 	1.065950 	1.060660 	2.159282 	2.107279 	1.168867 	0.869626 	3.315211 	3.120196 	2.248472 	1.044330 	1.917355 	1.475847 	1.315770 	1.065950 	1.120547 	2.131901 	1.105102 	1.305038 	1.555032 	2.050152 	2.225562 	0.728869 	2.110095 	4.170432 	2.235090 	2.052438 	3.132990 	1.865643 	2.073192 	2.142574 	2.177298 	0.883530 	1.319327 	3.623966 	9.000000 	2.015564 	0.150000 	3.061046 	1.744456 	1.513481 	0.735697 	
