Total assets = 647
Number of asset nodes = 34

Distance:
999.000000 	34.058773 	9.055386 	13.601471 	9.848858 	10.440307 	12.041595 	27.730848 	14.212670 	19.416489 	26.172504 	53.254108 	30.000000 	56.222771 	26.832815 	49.979996 	29.966648 	33.541019 	33.015148 	33.837849 	34.481880 	36.400551 	35.846897 	36.235340 	38.275318 	46.010868 	38.910152 	37.643059 	39.812057 	46.389652 	40.249222 	41.036568 	41.725292 	44.654228 	44.821869 	45.000000 	45.793011 	47.539455 	50.289165 	47.507893 	49.203659 	49.648766 	50.219517 	52.153618 	54.671749 	56.035702 	62.289646 	
34.058773 	999.000000 	41.880783 	46.872166 	32.695564 	40.706264 	43.416588 	14.317822 	39.217342 	30.149628 	23.345236 	22.360680 	4.472136 	90.271812 	50.990196 	26.570660 	39.319206 	41.773197 	45.276924 	45.398239 	43.737854 	40.804413 	44.911022 	44.147480 	41.436699 	36.124783 	44.922153 	55.036350 	45.221676 	40.000000 	62.128899 	54.589375 	55.578773 	63.071388 	61.294373 	62.201286 	65.030762 	70.114189 	48.548943 	62.649822 	65.490456 	67.268120 	67.364677 	70.256676 	64.195015 	62.769421 	72.111023 	
9.055386 	41.880783 	999.000000 	5.000000 	11.180340 	4.123106 	3.605551 	33.421551 	10.198039 	20.615528 	29.546574 	59.548298 	38.078865 	48.795490 	19.849434 	54.589375 	28.284271 	31.575306 	29.732138 	30.675724 	32.015621 	35.227829 	33.241539 	33.955853 	37.215588 	47.675991 	36.878178 	32.015621 	37.854988 	47.095646 	33.015148 	36.359318 	36.891735 	38.209946 	38.948685 	38.897301 	39.051247 	39.824615 	49.365982 	41.868843 	43.139309 	43.185646 	43.863426 	45.453274 	50.249378 	52.325901 	57.428215 	
13.601471 	46.872166 	5.000000 	999.000000 	15.811388 	7.615773 	5.099020 	38.288380 	13.152946 	24.698177 	34.000000 	64.443771 	43.046486 	43.840622 	19.416489 	59.169250 	31.000000 	34.058773 	31.575306 	32.557640 	34.234486 	38.000000 	35.355339 	36.221542 	40.000000 	51.419842 	39.204590 	32.249031 	40.199501 	50.487621 	31.827662 	37.161808 	37.576588 	37.643059 	38.832977 	38.600517 	38.209946 	38.013157 	52.038448 	41.880783 	42.801868 	42.520584 	43.278172 	44.553337 	50.990196 	53.488316 	57.801384 	
9.848858 	32.695564 	11.180340 	15.811388 	999.000000 	8.485281 	11.313708 	22.627417 	7.000000 	10.000000 	18.384777 	48.795490 	29.410883 	59.464275 	20.223749 	43.416588 	20.124611 	23.706539 	23.430750 	24.207438 	24.698177 	26.570660 	26.076809 	26.419689 	28.460499 	37.121422 	29.068884 	29.154760 	29.966648 	37.054016 	33.241539 	31.890438 	32.649654 	36.674240 	36.359318 	36.715118 	38.078865 	41.000000 	40.521599 	38.832977 	40.816662 	41.593269 	42.059483 	44.283180 	45.276924 	46.400433 	53.037724 	
10.440307 	40.706264 	4.123106 	7.615773 	8.485281 	999.000000 	2.828427 	31.112698 	6.082763 	17.088007 	26.419689 	57.280014 	37.161808 	50.990196 	16.643316 	51.623638 	24.186773 	27.459061 	25.632011 	26.570660 	27.892651 	31.144823 	29.120440 	29.832869 	33.136082 	43.931767 	32.756680 	28.319605 	33.734257 	43.185646 	30.016663 	32.449963 	33.015148 	34.828148 	35.355339 	35.383614 	35.805027 	37.161808 	45.276924 	38.209946 	39.623226 	39.824615 	40.459858 	42.201897 	46.324940 	48.301140 	53.600372 	
12.041595 	43.416588 	3.605551 	5.099020 	11.313708 	2.828427 	999.000000 	33.941124 	8.062258 	19.697716 	29.154760 	60.108234 	39.812057 	48.166378 	16.278820 	54.378304 	26.019224 	29.154760 	26.925823 	27.892651 	29.427877 	33.015148 	30.594116 	31.400637 	35.014282 	46.324940 	34.365681 	28.600698 	35.355339 	45.398239 	29.410883 	33.120991 	33.615471 	34.655445 	35.468296 	35.383614 	35.468296 	36.235340 	47.095646 	38.418747 	39.623226 	39.623226 	40.311287 	41.868843 	47.010635 	49.244289 	54.083271 	
27.730848 	14.317822 	33.421551 	38.288380 	22.627417 	31.112698 	33.941124 	999.000000 	28.017851 	17.088007 	9.055386 	26.172504 	13.892444 	82.073135 	38.275318 	22.561028 	25.079872 	27.459061 	31.064449 	31.144823 	29.427877 	26.570660 	30.594116 	29.832869 	27.313000 	24.698177 	30.675724 	41.012192 	31.016125 	27.658634 	48.507732 	40.311287 	41.303753 	49.000000 	47.095646 	48.041649 	51.009804 	56.435802 	35.468296 	48.373547 	51.244511 	53.084839 	53.150730 	56.080299 	49.979996 	48.754486 	57.939625 	
14.212670 	39.217342 	10.198039 	13.152946 	7.000000 	6.082763 	8.062258 	28.017851 	999.000000 	12.206555 	22.022715 	53.907330 	36.138622 	55.000000 	13.341664 	47.201694 	18.110771 	21.377558 	19.697716 	20.615528 	21.840330 	25.079872 	23.086792 	23.769728 	27.073973 	38.327538 	26.683329 	23.430750 	27.658634 	37.336308 	26.570660 	27.018513 	27.658634 	30.528675 	30.610456 	30.805843 	31.764761 	34.205261 	39.204590 	33.301651 	35.000000 	35.510563 	36.055511 	38.078865 	40.804413 	42.544094 	48.270073 	
19.416489 	30.149628 	20.615528 	24.698177 	10.000000 	17.088007 	19.697716 	17.088007 	12.206555 	999.000000 	9.899495 	42.201897 	28.017851 	67.201187 	21.189621 	35.000000 	12.041595 	15.556349 	17.000000 	17.492855 	17.029387 	17.492855 	18.439089 	18.384777 	19.235384 	27.166155 	20.615528 	25.495098 	21.400934 	27.073973 	32.015621 	26.400757 	27.313000 	33.541019 	32.280025 	32.984844 	35.355339 	40.012497 	31.016125 	34.176014 	36.687874 	38.078865 	38.327538 	41.000000 	38.600517 	38.897301 	46.615448 	
26.172504 	23.345236 	29.546574 	34.000000 	18.384777 	26.419689 	29.154760 	9.055386 	22.022715 	9.899495 	999.000000 	32.449963 	22.472204 	77.006493 	30.413813 	25.238859 	16.031219 	18.439089 	22.022715 	22.090721 	20.396078 	17.888544 	21.587032 	20.880613 	18.867962 	20.396078 	21.931713 	32.062439 	22.360680 	21.931713 	39.812057 	31.257000 	32.249031 	40.012497 	38.052597 	39.012817 	42.047592 	47.675991 	28.425341 	39.319206 	42.190044 	44.045429 	44.102154 	47.042534 	41.231056 	40.311287 	49.244289 	
53.254108 	22.360680 	59.548298 	64.443771 	48.795490 	57.280014 	60.108234 	26.172504 	53.907330 	42.201897 	32.449963 	999.000000 	26.683329 	108.245094 	62.769421 	13.341664 	46.238514 	47.127487 	51.865211 	51.546097 	49.040798 	44.147480 	49.729267 	48.507732 	43.737854 	31.064449 	47.853943 	62.297672 	47.675991 	36.055511 	70.936592 	59.665737 	60.638271 	69.641945 	66.940269 	68.154236 	71.840103 	78.434685 	45.177429 	67.268120 	70.405968 	72.780495 	72.567207 	75.709976 	65.030762 	62.032249 	72.027771 	
30.000000 	4.472136 	38.078865 	43.046486 	29.410883 	37.161808 	39.812057 	13.892444 	36.138622 	28.017851 	22.472204 	26.683329 	999.000000 	86.214851 	48.373547 	29.832869 	38.078865 	40.804413 	43.931767 	44.147480 	42.720020 	40.311287 	43.965897 	43.324360 	41.146080 	37.536648 	44.384682 	53.338543 	44.777225 	41.036568 	60.000000 	53.366657 	54.341511 	61.400326 	59.841457 	60.671246 	63.285069 	68.000000 	49.203659 	61.392181 	64.132675 	65.764732 	65.924202 	68.731361 	63.694584 	62.609905 	71.693794 	
56.222771 	90.271812 	48.795490 	43.840622 	59.464275 	50.990196 	48.166378 	82.073135 	55.000000 	67.201187 	77.006493 	108.245094 	86.214851 	999.000000 	51.078373 	102.200783 	69.318108 	71.175842 	66.850578 	67.779053 	70.384659 	75.643906 	70.936592 	72.235725 	77.472572 	91.706055 	75.026665 	60.876926 	75.960518 	89.470665 	53.600372 	66.940269 	66.708321 	60.406952 	63.639610 	62.514000 	59.211487 	53.000000 	87.920418 	66.483078 	65.192024 	63.071388 	64.070274 	63.000000 	77.524193 	81.884064 	81.024689 	
26.832815 	50.990196 	19.849434 	19.416489 	20.223749 	16.643316 	16.278820 	38.275318 	13.341664 	21.189621 	30.413813 	62.769421 	48.373547 	51.078373 	999.000000 	53.907330 	18.601076 	20.124611 	15.811388 	16.763054 	19.313208 	24.596748 	19.924858 	21.189621 	26.400757 	41.048752 	24.041630 	13.000000 	25.000000 	38.470768 	13.416408 	18.439089 	18.681541 	18.384777 	19.416489 	19.209373 	19.209373 	20.880613 	37.107952 	22.472204 	23.430750 	23.345236 	24.041630 	25.612497 	31.953091 	34.928497 	38.470768 	
49.979996 	26.570660 	54.589375 	59.169250 	43.416588 	51.623638 	54.378304 	22.561028 	47.201694 	35.000000 	25.238859 	13.341664 	29.832869 	102.200783 	53.907330 	999.000000 	36.055511 	36.235340 	41.182522 	40.706264 	38.013157 	32.695564 	38.483765 	37.161808 	31.953091 	18.027756 	36.055511 	51.429562 	35.735138 	23.021729 	60.415230 	48.104053 	49.040798 	58.309521 	55.362442 	56.648037 	60.539242 	67.542580 	32.015621 	55.362442 	58.523499 	61.032780 	60.728905 	63.890530 	52.239830 	49.010204 	59.008472 	
29.966648 	39.319206 	28.284271 	31.000000 	20.124611 	24.186773 	26.019224 	25.079872 	18.110771 	12.041595 	16.031219 	46.238514 	38.078865 	69.318108 	18.601076 	36.055511 	999.000000 	3.605551 	6.000000 	6.082763 	5.000000 	7.000000 	6.403124 	6.403124 	9.000000 	22.472204 	8.944272 	16.278820 	9.848858 	20.248457 	24.698177 	15.297058 	16.278820 	24.083189 	22.022715 	23.000000 	26.172504 	32.280025 	21.095022 	23.345236 	26.172504 	28.017851 	28.071337 	31.016125 	26.627054 	26.870058 	34.669872 	
33.541019 	41.773197 	31.575306 	34.058773 	23.706539 	27.459061 	29.154760 	27.459061 	21.377558 	15.556349 	18.439089 	47.127487 	40.804413 	71.175842 	20.124611 	36.235340 	3.605551 	999.000000 	5.000000 	4.472136 	2.000000 	4.472136 	3.162278 	2.828427 	6.324555 	21.260292 	5.385165 	15.231546 	6.324555 	18.357559 	24.186773 	13.000000 	14.000000 	22.561028 	20.099751 	21.213203 	24.738634 	31.384710 	18.000000 	21.023796 	24.000000 	26.076809 	26.019224 	29.068884 	23.323807 	23.345236 	31.384710 	
33.015148 	45.276924 	29.732138 	31.575306 	23.430750 	25.632011 	26.925823 	31.064449 	19.697716 	17.000000 	22.022715 	51.865211 	43.931767 	66.850578 	15.811388 	41.182522 	6.000000 	5.000000 	999.000000 	1.000000 	3.605551 	9.219544 	4.123106 	5.385165 	10.816654 	26.172504 	8.246211 	10.440307 	9.219544 	23.021729 	19.235384 	9.486833 	10.440307 	18.110771 	16.031219 	17.000000 	20.223749 	26.570660 	21.377558 	17.464249 	20.223749 	22.022715 	22.090721 	25.019993 	21.931713 	23.021729 	29.832869 	
33.837849 	45.398239 	30.675724 	32.557640 	24.207438 	26.570660 	27.892651 	31.144823 	20.615528 	17.492855 	22.090721 	51.546097 	44.147480 	67.779053 	16.763054 	40.706264 	6.082763 	4.472136 	1.000000 	999.000000 	2.828427 	8.485281 	3.162278 	4.472136 	10.000000 	25.455845 	7.280110 	10.770329 	8.246211 	22.203604 	19.723083 	9.219544 	10.198039 	18.248287 	16.000000 	17.029387 	20.396078 	26.925823 	20.396078 	17.262676 	20.099751 	22.000000 	22.022715 	25.000000 	21.260292 	22.203604 	29.206163 	
34.481880 	43.737854 	32.015621 	34.234486 	24.698177 	27.892651 	29.427877 	29.427877 	21.840330 	17.029387 	20.396078 	49.040798 	42.720020 	70.384659 	19.313208 	38.013157 	5.000000 	2.000000 	3.605551 	2.828427 	999.000000 	5.656854 	1.414214 	2.000000 	7.211102 	22.627417 	5.000000 	13.416408 	6.000000 	19.416489 	22.472204 	11.000000 	12.000000 	20.615528 	18.110771 	19.235384 	22.803509 	29.546574 	18.110771 	19.026299 	22.000000 	24.083189 	24.020824 	27.073973 	21.633308 	21.931713 	29.681644 	
36.400551 	40.804413 	35.227829 	38.000000 	26.570660 	31.144823 	33.015148 	26.570660 	25.079872 	17.492855 	17.888544 	44.147480 	40.311287 	75.643906 	24.596748 	32.695564 	7.000000 	4.472136 	9.219544 	8.485281 	5.656854 	999.000000 	5.830952 	4.472136 	2.000000 	16.970562 	4.123106 	18.867962 	4.472136 	13.892444 	28.017851 	15.524175 	16.492422 	25.632011 	22.803509 	24.041630 	27.856777 	34.885529 	14.142136 	23.194826 	26.305893 	28.635643 	28.442924 	31.575306 	23.409399 	22.472204 	31.384710 	
35.846897 	44.911022 	33.241539 	35.355339 	26.076809 	29.120440 	30.594116 	30.594116 	23.086792 	18.439089 	21.587032 	49.729267 	43.965897 	70.936592 	19.924858 	38.483765 	6.403124 	3.162278 	4.123106 	3.162278 	1.414214 	5.830952 	999.000000 	1.414214 	7.071068 	22.671568 	4.123106 	13.038404 	5.099020 	19.209373 	22.203604 	10.049875 	11.045361 	19.924858 	17.262676 	18.439089 	22.135944 	29.068884 	17.262676 	18.000000 	21.023796 	23.194826 	23.086792 	26.172504 	20.248457 	20.518284 	28.301943 	
36.235340 	44.147480 	33.955853 	36.221542 	26.419689 	29.832869 	31.400637 	29.832869 	23.769728 	18.384777 	20.880613 	48.507732 	43.324360 	72.235725 	21.189621 	37.161808 	6.403124 	2.828427 	5.385165 	4.472136 	2.000000 	4.472136 	1.414214 	999.000000 	5.656854 	21.260292 	3.000000 	14.422205 	4.000000 	17.804493 	23.600847 	11.180340 	12.165525 	21.189621 	18.439089 	19.646883 	23.409399 	30.413813 	16.124516 	19.026299 	22.090721 	24.331051 	24.186773 	27.294687 	20.591261 	20.518284 	28.653097 	
38.275318 	41.436699 	37.215588 	40.000000 	28.460499 	33.136082 	35.014282 	27.313000 	27.073973 	19.235384 	18.867962 	43.737854 	41.146080 	77.472572 	26.400757 	31.953091 	9.000000 	6.324555 	10.816654 	10.000000 	7.211102 	2.000000 	7.071068 	5.656854 	999.000000 	15.620500 	4.123106 	20.000000 	4.000000 	12.206555 	29.206163 	16.155495 	17.088007 	26.400757 	23.409399 	24.698177 	28.635643 	35.846897 	12.165525 	23.537205 	26.683329 	29.120440 	28.861740 	32.015621 	22.803509 	21.470911 	30.675724 	
46.010868 	36.124783 	47.675991 	51.419842 	37.121422 	43.931767 	46.324940 	24.698177 	38.327538 	27.166155 	20.396078 	31.064449 	37.536648 	91.706055 	41.048752 	18.027756 	22.472204 	21.260292 	26.172504 	25.455845 	22.627417 	16.970562 	22.671568 	21.260292 	15.620500 	999.000000 	19.416489 	35.608986 	18.867962 	5.000000 	44.821869 	31.384710 	32.249031 	41.677334 	38.470768 	39.824615 	43.908997 	51.312767 	14.142136 	38.078865 	41.231056 	43.863426 	43.462627 	46.615448 	34.234486 	31.000000 	41.000000 	
38.910152 	44.922153 	36.878178 	39.204590 	29.068884 	32.756680 	34.365681 	30.675724 	26.683329 	20.615528 	21.931713 	47.853943 	44.384682 	75.026665 	24.041630 	36.055511 	8.944272 	5.385165 	8.246211 	7.280110 	5.000000 	4.123106 	4.123106 	3.000000 	4.123106 	19.416489 	999.000000 	16.278820 	1.000000 	15.556349 	25.495098 	12.083046 	13.000000 	22.360680 	19.313208 	20.615528 	24.596748 	31.906113 	13.152946 	19.416489 	22.561028 	25.000000 	24.738634 	27.892651 	19.313208 	18.601076 	27.313000 	
37.643059 	55.036350 	32.015621 	32.249031 	29.154760 	28.319605 	28.600698 	41.012192 	23.430750 	25.495098 	32.062439 	62.297672 	53.338543 	60.876926 	13.000000 	51.429562 	16.278820 	15.231546 	10.440307 	10.770329 	13.416408 	18.867962 	13.038404 	14.422205 	20.000000 	35.608986 	16.278820 	999.000000 	16.970562 	31.827662 	9.219544 	6.082763 	6.000000 	8.062258 	7.211102 	7.615773 	10.000000 	16.155495 	27.784887 	9.899495 	11.661903 	12.649111 	13.000000 	15.524175 	18.973665 	22.203604 	25.553865 	
39.812057 	45.221676 	37.854988 	40.199501 	29.966648 	33.734257 	35.355339 	31.016125 	27.658634 	21.400934 	22.360680 	47.675991 	44.777225 	75.960518 	25.000000 	35.735138 	9.848858 	6.324555 	9.219544 	8.246211 	6.000000 	4.472136 	5.099020 	4.000000 	4.000000 	18.867962 	1.000000 	16.970562 	999.000000 	14.866069 	26.172504 	12.529964 	13.416408 	22.825424 	19.697716 	21.023796 	25.059929 	32.449963 	12.165525 	19.646883 	22.803509 	25.298222 	25.000000 	28.160255 	18.973665 	18.027756 	26.925823 	
46.389652 	40.000000 	47.095646 	50.487621 	37.054016 	43.185646 	45.398239 	27.658634 	37.336308 	27.073973 	21.931713 	36.055511 	41.036568 	89.470665 	38.470768 	23.021729 	20.248457 	18.357559 	23.021729 	22.203604 	19.416489 	13.892444 	19.209373 	17.804493 	12.206555 	5.000000 	15.556349 	31.827662 	14.866069 	999.000000 	41.036568 	27.202942 	28.017851 	37.443291 	34.132095 	35.510563 	39.661064 	47.201694 	9.219544 	33.541019 	36.674240 	39.357338 	38.910152 	42.047592 	29.274563 	26.000000 	36.000000 	
40.249222 	62.128899 	33.015148 	31.827662 	33.241539 	30.016663 	29.410883 	48.507732 	26.570660 	32.015621 	39.812057 	70.936592 	60.000000 	53.600372 	13.416408 	60.415230 	24.698177 	24.186773 	19.235384 	19.723083 	22.472204 	28.017851 	22.203604 	23.600847 	29.206163 	44.821869 	25.495098 	9.219544 	26.172504 	41.036568 	999.000000 	14.422205 	13.892444 	7.071068 	10.049875 	9.000000 	6.708204 	8.000000 	36.619667 	13.000000 	12.369317 	11.180340 	12.083046 	12.806249 	24.020824 	28.284271 	28.635643 	
41.036568 	54.589375 	36.359318 	37.161808 	31.890438 	32.449963 	33.120991 	40.311287 	27.018513 	26.400757 	31.257000 	59.665737 	53.366657 	66.940269 	18.439089 	48.104053 	15.297058 	13.000000 	9.486833 	9.219544 	11.000000 	15.524175 	10.049875 	11.180340 	16.155495 	31.384710 	12.083046 	6.082763 	12.529964 	27.202942 	14.422205 	999.000000 	1.000000 	10.295630 	7.280110 	8.544003 	12.529964 	20.000000 	22.203604 	8.062258 	11.000000 	13.152946 	13.038404 	16.124516 	13.892444 	16.492422 	21.260292 	
41.725292 	55.578773 	36.891735 	37.576588 	32.649654 	33.015148 	33.615471 	41.303753 	27.658634 	27.313000 	32.249031 	60.638271 	54.341511 	66.708321 	18.681541 	49.040798 	16.278820 	14.000000 	10.440307 	10.198039 	12.000000 	16.492422 	11.045361 	12.165525 	17.088007 	32.249031 	13.000000 	6.000000 	13.416408 	28.017851 	13.892444 	1.000000 	999.000000 	9.433981 	6.324555 	7.615773 	11.661903 	19.209373 	22.803509 	7.071068 	10.000000 	12.165525 	12.041595 	15.132746 	13.416408 	16.278820 	20.615528 	
44.654228 	63.071388 	38.209946 	37.643059 	36.674240 	34.828148 	34.655445 	49.000000 	30.528675 	33.541019 	40.012497 	69.641945 	61.400326 	60.406952 	18.384777 	58.309521 	24.083189 	22.561028 	18.110771 	18.248287 	20.615528 	25.632011 	19.924858 	21.189621 	26.400757 	41.677334 	22.360680 	8.062258 	22.825424 	37.443291 	7.071068 	10.295630 	9.433981 	999.000000 	3.605551 	2.236068 	2.236068 	9.899495 	31.827662 	6.082763 	5.385165 	5.000000 	5.656854 	7.615773 	17.117243 	21.587032 	21.587032 	
44.821869 	61.294373 	38.948685 	38.832977 	36.359318 	35.355339 	35.468296 	47.095646 	30.610456 	32.280025 	38.052597 	66.940269 	59.841457 	63.639610 	19.416489 	55.362442 	22.022715 	20.099751 	16.031219 	16.000000 	18.110771 	22.803509 	17.262676 	18.439089 	23.409399 	38.470768 	19.313208 	7.211102 	19.697716 	34.132095 	10.049875 	7.280110 	6.324555 	3.605551 	999.000000 	1.414214 	5.656854 	13.453624 	28.284271 	3.162278 	4.472136 	6.000000 	6.082763 	9.000000 	14.000000 	18.248287 	19.313208 	
45.000000 	62.201286 	38.897301 	38.600517 	36.715118 	35.383614 	35.383614 	48.041649 	30.805843 	32.984844 	39.012817 	68.154236 	60.671246 	62.514000 	19.209373 	56.648037 	23.000000 	21.213203 	17.000000 	17.029387 	19.235384 	24.041630 	18.439089 	19.646883 	24.698177 	39.824615 	20.615528 	7.615773 	21.023796 	35.510563 	9.000000 	8.544003 	7.615773 	2.236068 	1.414214 	999.000000 	4.242640 	12.041595 	29.698484 	4.000000 	4.242640 	5.099020 	5.385165 	8.062258 	15.033297 	19.416489 	19.924858 	
45.793011 	65.030762 	39.051247 	38.209946 	38.078865 	35.805027 	35.468296 	51.009804 	31.764761 	35.355339 	42.047592 	71.840103 	63.285069 	59.211487 	19.209373 	60.539242 	26.172504 	24.738634 	20.223749 	20.396078 	22.803509 	27.856777 	22.135944 	23.409399 	28.635643 	43.908997 	24.596748 	10.000000 	25.059929 	39.661064 	6.708204 	12.529964 	11.661903 	2.236068 	5.656854 	4.242640 	999.000000 	7.810250 	33.941124 	7.615773 	6.000000 	4.472136 	5.385165 	6.403124 	18.439089 	23.086792 	22.203604 	
47.539455 	70.114189 	39.824615 	38.013157 	41.000000 	37.161808 	36.235340 	56.435802 	34.205261 	40.012497 	47.675991 	78.434685 	68.000000 	53.000000 	20.880613 	67.542580 	32.280025 	31.384710 	26.570660 	26.925823 	29.546574 	34.885529 	29.068884 	30.413813 	35.846897 	51.312767 	31.906113 	16.155495 	32.449963 	47.201694 	8.000000 	20.000000 	19.209373 	9.899495 	13.453624 	12.041595 	7.810250 	999.000000 	41.725292 	15.264338 	13.000000 	10.440307 	11.401754 	10.000000 	25.632011 	30.463093 	28.071337 	
50.289165 	48.548943 	49.365982 	52.038448 	40.521599 	45.276924 	47.095646 	35.468296 	39.204590 	31.016125 	28.425341 	45.177429 	49.203659 	87.920418 	37.107952 	32.015621 	21.095022 	18.000000 	21.377558 	20.396078 	18.110771 	14.142136 	17.262676 	16.124516 	12.165525 	14.142136 	13.152946 	27.784887 	12.165525 	9.219544 	36.619667 	22.203604 	22.803509 	31.827662 	28.284271 	29.698484 	33.941124 	41.725292 	999.000000 	27.018513 	30.000000 	32.802441 	32.202484 	35.227829 	20.880613 	17.117243 	27.073973 	
47.507893 	62.649822 	41.868843 	41.880783 	38.832977 	38.209946 	38.418747 	48.373547 	33.301651 	34.176014 	39.319206 	67.268120 	61.392181 	66.483078 	22.472204 	55.362442 	23.345236 	21.023796 	17.464249 	17.262676 	19.026299 	23.194826 	18.000000 	19.026299 	23.537205 	38.078865 	19.416489 	9.899495 	19.646883 	33.541019 	13.000000 	8.062258 	7.071068 	6.082763 	3.162278 	4.000000 	7.615773 	15.264338 	27.018513 	999.000000 	3.162278 	5.830952 	5.385165 	8.544003 	11.045361 	15.524175 	16.155495 	
49.203659 	65.490456 	43.139309 	42.801868 	40.816662 	39.623226 	39.623226 	51.244511 	35.000000 	36.687874 	42.190044 	70.405968 	64.132675 	65.192024 	23.430750 	58.523499 	26.172504 	24.000000 	20.223749 	20.099751 	22.000000 	26.305893 	21.023796 	22.090721 	26.683329 	41.231056 	22.561028 	11.661903 	22.803509 	36.674240 	12.369317 	11.000000 	10.000000 	5.385165 	4.472136 	4.242640 	6.000000 	13.000000 	30.000000 	3.162278 	999.000000 	2.828427 	2.236068 	5.385165 	12.649111 	17.464249 	16.278820 	
49.648766 	67.268120 	43.185646 	42.520584 	41.593269 	39.824615 	39.623226 	53.084839 	35.510563 	38.078865 	44.045429 	72.780495 	65.764732 	63.071388 	23.345236 	61.032780 	28.017851 	26.076809 	22.022715 	22.000000 	24.083189 	28.635643 	23.194826 	24.331051 	29.120440 	43.863426 	25.000000 	12.649111 	25.298222 	39.357338 	11.180340 	13.152946 	12.165525 	5.000000 	6.000000 	5.099020 	4.472136 	10.440307 	32.802441 	5.830952 	2.828427 	999.000000 	1.000000 	3.000000 	15.231546 	20.124611 	18.027756 	
50.219517 	67.364677 	43.863426 	43.278172 	42.059483 	40.459858 	40.311287 	53.150730 	36.055511 	38.327538 	44.102154 	72.567207 	65.924202 	64.070274 	24.041630 	60.728905 	28.071337 	26.019224 	22.090721 	22.022715 	24.020824 	28.442924 	23.086792 	24.186773 	28.861740 	43.462627 	24.738634 	13.000000 	25.000000 	38.910152 	12.083046 	13.038404 	12.041595 	5.656854 	6.082763 	5.385165 	5.385165 	11.401754 	32.202484 	5.385165 	2.236068 	1.000000 	999.000000 	3.162278 	14.317822 	19.235384 	17.029387 	
52.153618 	70.256676 	45.453274 	44.553337 	44.283180 	42.201897 	41.868843 	56.080299 	38.078865 	41.000000 	47.042534 	75.709976 	68.731361 	63.000000 	25.612497 	63.890530 	31.016125 	29.068884 	25.019993 	25.000000 	27.073973 	31.575306 	26.172504 	27.294687 	32.015621 	46.615448 	27.892651 	15.524175 	28.160255 	42.047592 	12.806249 	16.124516 	15.132746 	7.615773 	9.000000 	8.062258 	6.403124 	10.000000 	35.227829 	8.544003 	5.385165 	3.000000 	3.162278 	999.000000 	16.643316 	21.633308 	18.110771 	
54.671749 	64.195015 	50.249378 	50.990196 	45.276924 	46.324940 	47.010635 	49.979996 	40.804413 	38.600517 	41.231056 	65.030762 	63.694584 	77.524193 	31.953091 	52.239830 	26.627054 	23.323807 	21.931713 	21.260292 	21.633308 	23.409399 	20.248457 	20.591261 	22.803509 	34.234486 	19.313208 	18.973665 	18.973665 	29.274563 	24.020824 	13.892444 	13.416408 	17.117243 	14.000000 	15.033297 	18.439089 	25.632011 	20.880613 	11.045361 	12.649111 	15.231546 	14.317822 	16.643316 	999.000000 	5.000000 	8.062258 	
56.035702 	62.769421 	52.325901 	53.488316 	46.400433 	48.301140 	49.244289 	48.754486 	42.544094 	38.897301 	40.311287 	62.032249 	62.609905 	81.884064 	34.928497 	49.010204 	26.870058 	23.345236 	23.021729 	22.203604 	21.931713 	22.472204 	20.518284 	20.518284 	21.470911 	31.000000 	18.601076 	22.203604 	18.027756 	26.000000 	28.284271 	16.492422 	16.278820 	21.587032 	18.248287 	19.416489 	23.086792 	30.463093 	17.117243 	15.524175 	17.464249 	20.124611 	19.235384 	21.633308 	5.000000 	999.000000 	10.000000 	
62.289646 	72.111023 	57.428215 	57.801384 	53.037724 	53.600372 	54.083271 	57.939625 	48.270073 	46.615448 	49.244289 	72.027771 	71.693794 	81.024689 	38.470768 	59.008472 	34.669872 	31.384710 	29.832869 	29.206163 	29.681644 	31.384710 	28.301943 	28.653097 	30.675724 	41.000000 	27.313000 	25.553865 	26.925823 	36.000000 	28.635643 	21.260292 	20.615528 	21.587032 	19.313208 	19.924858 	22.203604 	28.071337 	27.073973 	16.155495 	16.278820 	18.027756 	17.029387 	18.110771 	8.062258 	10.000000 	999.000000 	

Travel time:
9.000000 	0.851469 	0.226385 	0.340037 	0.246221 	0.261008 	0.301040 	0.693271 	0.355317 	0.485412 	0.654313 	1.331353 	0.750000 	1.405569 	0.670820 	1.249500 	0.749166 	0.838525 	0.825379 	0.845946 	0.862047 	0.910014 	0.896172 	0.905883 	0.956883 	1.150272 	0.972754 	0.941076 	0.995301 	1.159741 	1.006231 	1.025914 	1.043132 	1.116356 	1.120547 	1.125000 	1.144825 	1.188486 	1.257229 	1.187697 	1.230091 	1.241219 	1.255488 	1.303840 	1.366794 	1.400892 	1.557241 	
0.851469 	9.000000 	1.047020 	1.171804 	0.817389 	1.017657 	1.085415 	0.357946 	0.980434 	0.753741 	0.583631 	0.559017 	0.111803 	2.256795 	1.274755 	0.664266 	0.982980 	1.044330 	1.131923 	1.134956 	1.093446 	1.020110 	1.122776 	1.103687 	1.035918 	0.903120 	1.123054 	1.375909 	1.130542 	1.000000 	1.553222 	1.364734 	1.389469 	1.576785 	1.532359 	1.555032 	1.625769 	1.752855 	1.213724 	1.566246 	1.637261 	1.681703 	1.684117 	1.756417 	1.604875 	1.569236 	1.802776 	
0.226385 	1.047020 	9.000000 	0.125000 	0.279509 	0.103078 	0.090139 	0.835539 	0.254951 	0.515388 	0.738664 	1.488707 	0.951972 	1.219887 	0.496236 	1.364734 	0.707107 	0.789383 	0.743303 	0.766893 	0.800391 	0.880696 	0.831038 	0.848896 	0.930390 	1.191900 	0.921954 	0.800391 	0.946375 	1.177391 	0.825379 	0.908983 	0.922293 	0.955249 	0.973717 	0.972432 	0.976281 	0.995615 	1.234150 	1.046721 	1.078483 	1.079641 	1.096586 	1.136332 	1.256234 	1.308148 	1.435705 	
0.340037 	1.171804 	0.125000 	9.000000 	0.395285 	0.190394 	0.127475 	0.957209 	0.328824 	0.617454 	0.850000 	1.611094 	1.076162 	1.096016 	0.485412 	1.479231 	0.775000 	0.851469 	0.789383 	0.813941 	0.855862 	0.950000 	0.883883 	0.905539 	1.000000 	1.285496 	0.980115 	0.806226 	1.004987 	1.262191 	0.795692 	0.929045 	0.939415 	0.941076 	0.970824 	0.965013 	0.955249 	0.950329 	1.300961 	1.047020 	1.070047 	1.063015 	1.081954 	1.113833 	1.274755 	1.337208 	1.445035 	
0.246221 	0.817389 	0.279509 	0.395285 	9.000000 	0.212132 	0.282843 	0.565685 	0.175000 	0.250000 	0.459619 	1.219887 	0.735272 	1.486607 	0.505594 	1.085415 	0.503115 	0.592663 	0.585769 	0.605186 	0.617454 	0.664266 	0.651920 	0.660492 	0.711512 	0.928036 	0.726722 	0.728869 	0.749166 	0.926350 	0.831038 	0.797261 	0.816241 	0.916856 	0.908983 	0.917878 	0.951972 	1.025000 	1.013040 	0.970824 	1.020416 	1.039832 	1.051487 	1.107080 	1.131923 	1.160011 	1.325943 	
0.261008 	1.017657 	0.103078 	0.190394 	0.212132 	9.000000 	0.070711 	0.777817 	0.152069 	0.427200 	0.660492 	1.432000 	0.929045 	1.274755 	0.416083 	1.290591 	0.604669 	0.686477 	0.640800 	0.664266 	0.697316 	0.778621 	0.728011 	0.745822 	0.828402 	1.098294 	0.818917 	0.707990 	0.843356 	1.079641 	0.750417 	0.811249 	0.825379 	0.870704 	0.883883 	0.884590 	0.895126 	0.929045 	1.131923 	0.955249 	0.990581 	0.995615 	1.011496 	1.055047 	1.158123 	1.207528 	1.340009 	
0.301040 	1.085415 	0.090139 	0.127475 	0.282843 	0.070711 	9.000000 	0.848528 	0.201556 	0.492443 	0.728869 	1.502706 	0.995301 	1.204159 	0.406971 	1.359458 	0.650481 	0.728869 	0.673146 	0.697316 	0.735697 	0.825379 	0.764853 	0.785016 	0.875357 	1.158123 	0.859142 	0.715017 	0.883883 	1.134956 	0.735272 	0.828025 	0.840387 	0.866386 	0.886707 	0.884590 	0.886707 	0.905883 	1.177391 	0.960469 	0.990581 	0.990581 	1.007782 	1.046721 	1.175266 	1.231107 	1.352082 	
0.693271 	0.357946 	0.835539 	0.957209 	0.565685 	0.777817 	0.848528 	9.000000 	0.700446 	0.427200 	0.226385 	0.654313 	0.347311 	2.051828 	0.956883 	0.564026 	0.626997 	0.686477 	0.776611 	0.778621 	0.735697 	0.664266 	0.764853 	0.745822 	0.682825 	0.617454 	0.766893 	1.025305 	0.775403 	0.691466 	1.212693 	1.007782 	1.032594 	1.225000 	1.177391 	1.201041 	1.275245 	1.410895 	0.886707 	1.209339 	1.281113 	1.327121 	1.328768 	1.402007 	1.249500 	1.218862 	1.448491 	
0.355317 	0.980434 	0.254951 	0.328824 	0.175000 	0.152069 	0.201556 	0.700446 	9.000000 	0.305164 	0.550568 	1.347683 	0.903466 	1.375000 	0.333542 	1.180042 	0.452769 	0.534439 	0.492443 	0.515388 	0.546008 	0.626997 	0.577170 	0.594243 	0.676849 	0.958188 	0.667083 	0.585769 	0.691466 	0.933408 	0.664266 	0.675463 	0.691466 	0.763217 	0.765261 	0.770146 	0.794119 	0.855132 	0.980115 	0.832541 	0.875000 	0.887764 	0.901388 	0.951972 	1.020110 	1.063602 	1.206752 	
0.485412 	0.753741 	0.515388 	0.617454 	0.250000 	0.427200 	0.492443 	0.427200 	0.305164 	9.000000 	0.247487 	1.055047 	0.700446 	1.680030 	0.529741 	0.875000 	0.301040 	0.388909 	0.425000 	0.437321 	0.425735 	0.437321 	0.460977 	0.459619 	0.480885 	0.679154 	0.515388 	0.637377 	0.535023 	0.676849 	0.800391 	0.660019 	0.682825 	0.838525 	0.807001 	0.824621 	0.883883 	1.000312 	0.775403 	0.854400 	0.917197 	0.951972 	0.958188 	1.025000 	0.965013 	0.972432 	1.165386 	
0.654313 	0.583631 	0.738664 	0.850000 	0.459619 	0.660492 	0.728869 	0.226385 	0.550568 	0.247487 	9.000000 	0.811249 	0.561805 	1.925162 	0.760345 	0.630971 	0.400780 	0.460977 	0.550568 	0.552268 	0.509902 	0.447214 	0.539676 	0.522015 	0.471699 	0.509902 	0.548293 	0.801561 	0.559017 	0.548293 	0.995301 	0.781425 	0.806226 	1.000312 	0.951315 	0.975320 	1.051190 	1.191900 	0.710634 	0.982980 	1.054751 	1.101136 	1.102554 	1.176063 	1.030776 	1.007782 	1.231107 	
1.331353 	0.559017 	1.488707 	1.611094 	1.219887 	1.432000 	1.502706 	0.654313 	1.347683 	1.055047 	0.811249 	9.000000 	0.667083 	2.706127 	1.569236 	0.333542 	1.155963 	1.178187 	1.296630 	1.288652 	1.226020 	1.103687 	1.243232 	1.212693 	1.093446 	0.776611 	1.196349 	1.557442 	1.191900 	0.901388 	1.773415 	1.491643 	1.515957 	1.741049 	1.673507 	1.703856 	1.796003 	1.960867 	1.129436 	1.681703 	1.760149 	1.819512 	1.814180 	1.892749 	1.625769 	1.550806 	1.800694 	
0.750000 	0.111803 	0.951972 	1.076162 	0.735272 	0.929045 	0.995301 	0.347311 	0.903466 	0.700446 	0.561805 	0.667083 	9.000000 	2.155371 	1.209339 	0.745822 	0.951972 	1.020110 	1.098294 	1.103687 	1.068001 	1.007782 	1.099147 	1.083109 	1.028652 	0.938416 	1.109617 	1.333464 	1.119431 	1.025914 	1.500000 	1.334166 	1.358538 	1.535008 	1.496036 	1.516781 	1.582127 	1.700000 	1.230091 	1.534805 	1.603317 	1.644118 	1.648105 	1.718284 	1.592365 	1.565248 	1.792345 	
1.405569 	2.256795 	1.219887 	1.096016 	1.486607 	1.274755 	1.204159 	2.051828 	1.375000 	1.680030 	1.925162 	2.706127 	2.155371 	9.000000 	1.276959 	2.555020 	1.732953 	1.779396 	1.671264 	1.694476 	1.759616 	1.891098 	1.773415 	1.805893 	1.936814 	2.292651 	1.875667 	1.521923 	1.899013 	2.236767 	1.340009 	1.673507 	1.667708 	1.510174 	1.590990 	1.562850 	1.480287 	1.325000 	2.198010 	1.662077 	1.629801 	1.576785 	1.601757 	1.575000 	1.938105 	2.047101 	2.025617 	
0.670820 	1.274755 	0.496236 	0.485412 	0.505594 	0.416083 	0.406971 	0.956883 	0.333542 	0.529741 	0.760345 	1.569236 	1.209339 	1.276959 	9.000000 	1.347683 	0.465027 	0.503115 	0.395285 	0.419076 	0.482830 	0.614919 	0.498121 	0.529741 	0.660019 	1.026219 	0.601041 	0.325000 	0.625000 	0.961769 	0.335410 	0.460977 	0.467039 	0.459619 	0.485412 	0.480234 	0.480234 	0.522015 	0.927699 	0.561805 	0.585769 	0.583631 	0.601041 	0.640312 	0.798827 	0.873212 	0.961769 	
1.249500 	0.664266 	1.364734 	1.479231 	1.085415 	1.290591 	1.359458 	0.564026 	1.180042 	0.875000 	0.630971 	0.333542 	0.745822 	2.555020 	1.347683 	9.000000 	0.901388 	0.905883 	1.029563 	1.017657 	0.950329 	0.817389 	0.962094 	0.929045 	0.798827 	0.450694 	0.901388 	1.285739 	0.893378 	0.575543 	1.510381 	1.202601 	1.226020 	1.457738 	1.384061 	1.416201 	1.513481 	1.688565 	0.800391 	1.384061 	1.463087 	1.525820 	1.518223 	1.597263 	1.305996 	1.225255 	1.475212 	
0.749166 	0.982980 	0.707107 	0.775000 	0.503115 	0.604669 	0.650481 	0.626997 	0.452769 	0.301040 	0.400780 	1.155963 	0.951972 	1.732953 	0.465027 	0.901388 	9.000000 	0.090139 	0.150000 	0.152069 	0.125000 	0.175000 	0.160078 	0.160078 	0.225000 	0.561805 	0.223607 	0.406971 	0.246221 	0.506211 	0.617454 	0.382426 	0.406971 	0.602080 	0.550568 	0.575000 	0.654313 	0.807001 	0.527376 	0.583631 	0.654313 	0.700446 	0.701783 	0.775403 	0.665676 	0.671751 	0.866747 	
0.838525 	1.044330 	0.789383 	0.851469 	0.592663 	0.686477 	0.728869 	0.686477 	0.534439 	0.388909 	0.460977 	1.178187 	1.020110 	1.779396 	0.503115 	0.905883 	0.090139 	9.000000 	0.125000 	0.111803 	0.050000 	0.111803 	0.079057 	0.070711 	0.158114 	0.531507 	0.134629 	0.380789 	0.158114 	0.458939 	0.604669 	0.325000 	0.350000 	0.564026 	0.502494 	0.530330 	0.618466 	0.784618 	0.450000 	0.525595 	0.600000 	0.651920 	0.650481 	0.726722 	0.583095 	0.583631 	0.784618 	
0.825379 	1.131923 	0.743303 	0.789383 	0.585769 	0.640800 	0.673146 	0.776611 	0.492443 	0.425000 	0.550568 	1.296630 	1.098294 	1.671264 	0.395285 	1.029563 	0.150000 	0.125000 	9.000000 	0.025000 	0.090139 	0.230489 	0.103078 	0.134629 	0.270416 	0.654313 	0.206155 	0.261008 	0.230489 	0.575543 	0.480885 	0.237171 	0.261008 	0.452769 	0.400780 	0.425000 	0.505594 	0.664266 	0.534439 	0.436606 	0.505594 	0.550568 	0.552268 	0.625500 	0.548293 	0.575543 	0.745822 	
0.845946 	1.134956 	0.766893 	0.813941 	0.605186 	0.664266 	0.697316 	0.778621 	0.515388 	0.437321 	0.552268 	1.288652 	1.103687 	1.694476 	0.419076 	1.017657 	0.152069 	0.111803 	0.025000 	9.000000 	0.070711 	0.212132 	0.079057 	0.111803 	0.250000 	0.636396 	0.182003 	0.269258 	0.206155 	0.555090 	0.493077 	0.230489 	0.254951 	0.456207 	0.400000 	0.425735 	0.509902 	0.673146 	0.509902 	0.431567 	0.502494 	0.550000 	0.550568 	0.625000 	0.531507 	0.555090 	0.730154 	
0.862047 	1.093446 	0.800391 	0.855862 	0.617454 	0.697316 	0.735697 	0.735697 	0.546008 	0.425735 	0.509902 	1.226020 	1.068001 	1.759616 	0.482830 	0.950329 	0.125000 	0.050000 	0.090139 	0.070711 	9.000000 	0.141421 	0.035355 	0.050000 	0.180278 	0.565685 	0.125000 	0.335410 	0.150000 	0.485412 	0.561805 	0.275000 	0.300000 	0.515388 	0.452769 	0.480885 	0.570088 	0.738664 	0.452769 	0.475657 	0.550000 	0.602080 	0.600521 	0.676849 	0.540833 	0.548293 	0.742041 	
0.910014 	1.020110 	0.880696 	0.950000 	0.664266 	0.778621 	0.825379 	0.664266 	0.626997 	0.437321 	0.447214 	1.103687 	1.007782 	1.891098 	0.614919 	0.817389 	0.175000 	0.111803 	0.230489 	0.212132 	0.141421 	9.000000 	0.145774 	0.111803 	0.050000 	0.424264 	0.103078 	0.471699 	0.111803 	0.347311 	0.700446 	0.388104 	0.412311 	0.640800 	0.570088 	0.601041 	0.696419 	0.872138 	0.353553 	0.579871 	0.657647 	0.715891 	0.711073 	0.789383 	0.585235 	0.561805 	0.784618 	
0.896172 	1.122776 	0.831038 	0.883883 	0.651920 	0.728011 	0.764853 	0.764853 	0.577170 	0.460977 	0.539676 	1.243232 	1.099147 	1.773415 	0.498121 	0.962094 	0.160078 	0.079057 	0.103078 	0.079057 	0.035355 	0.145774 	9.000000 	0.035355 	0.176777 	0.566789 	0.103078 	0.325960 	0.127475 	0.480234 	0.555090 	0.251247 	0.276134 	0.498121 	0.431567 	0.460977 	0.553399 	0.726722 	0.431567 	0.450000 	0.525595 	0.579871 	0.577170 	0.654313 	0.506211 	0.512957 	0.707549 	
0.905883 	1.103687 	0.848896 	0.905539 	0.660492 	0.745822 	0.785016 	0.745822 	0.594243 	0.459619 	0.522015 	1.212693 	1.083109 	1.805893 	0.529741 	0.929045 	0.160078 	0.070711 	0.134629 	0.111803 	0.050000 	0.111803 	0.035355 	9.000000 	0.141421 	0.531507 	0.075000 	0.360555 	0.100000 	0.445112 	0.590021 	0.279509 	0.304138 	0.529741 	0.460977 	0.491172 	0.585235 	0.760345 	0.403113 	0.475657 	0.552268 	0.608276 	0.604669 	0.682367 	0.514782 	0.512957 	0.716327 	
0.956883 	1.035918 	0.930390 	1.000000 	0.711512 	0.828402 	0.875357 	0.682825 	0.676849 	0.480885 	0.471699 	1.093446 	1.028652 	1.936814 	0.660019 	0.798827 	0.225000 	0.158114 	0.270416 	0.250000 	0.180278 	0.050000 	0.176777 	0.141421 	9.000000 	0.390512 	0.103078 	0.500000 	0.100000 	0.305164 	0.730154 	0.403887 	0.427200 	0.660019 	0.585235 	0.617454 	0.715891 	0.896172 	0.304138 	0.588430 	0.667083 	0.728011 	0.721543 	0.800391 	0.570088 	0.536773 	0.766893 	
1.150272 	0.903120 	1.191900 	1.285496 	0.928036 	1.098294 	1.158123 	0.617454 	0.958188 	0.679154 	0.509902 	0.776611 	0.938416 	2.292651 	1.026219 	0.450694 	0.561805 	0.531507 	0.654313 	0.636396 	0.565685 	0.424264 	0.566789 	0.531507 	0.390512 	9.000000 	0.485412 	0.890225 	0.471699 	0.125000 	1.120547 	0.784618 	0.806226 	1.041933 	0.961769 	0.995615 	1.097725 	1.282819 	0.353553 	0.951972 	1.030776 	1.096586 	1.086566 	1.165386 	0.855862 	0.775000 	1.025000 	
0.972754 	1.123054 	0.921954 	0.980115 	0.726722 	0.818917 	0.859142 	0.766893 	0.667083 	0.515388 	0.548293 	1.196349 	1.109617 	1.875667 	0.601041 	0.901388 	0.223607 	0.134629 	0.206155 	0.182003 	0.125000 	0.103078 	0.103078 	0.075000 	0.103078 	0.485412 	9.000000 	0.406971 	0.025000 	0.388909 	0.637377 	0.302076 	0.325000 	0.559017 	0.482830 	0.515388 	0.614919 	0.797653 	0.328824 	0.485412 	0.564026 	0.625000 	0.618466 	0.697316 	0.482830 	0.465027 	0.682825 	
0.941076 	1.375909 	0.800391 	0.806226 	0.728869 	0.707990 	0.715017 	1.025305 	0.585769 	0.637377 	0.801561 	1.557442 	1.333464 	1.521923 	0.325000 	1.285739 	0.406971 	0.380789 	0.261008 	0.269258 	0.335410 	0.471699 	0.325960 	0.360555 	0.500000 	0.890225 	0.406971 	9.000000 	0.424264 	0.795692 	0.230489 	0.152069 	0.150000 	0.201556 	0.180278 	0.190394 	0.250000 	0.403887 	0.694622 	0.247487 	0.291548 	0.316228 	0.325000 	0.388104 	0.474342 	0.555090 	0.638847 	
0.995301 	1.130542 	0.946375 	1.004987 	0.749166 	0.843356 	0.883883 	0.775403 	0.691466 	0.535023 	0.559017 	1.191900 	1.119431 	1.899013 	0.625000 	0.893378 	0.246221 	0.158114 	0.230489 	0.206155 	0.150000 	0.111803 	0.127475 	0.100000 	0.100000 	0.471699 	0.025000 	0.424264 	9.000000 	0.371652 	0.654313 	0.313249 	0.335410 	0.570636 	0.492443 	0.525595 	0.626498 	0.811249 	0.304138 	0.491172 	0.570088 	0.632456 	0.625000 	0.704006 	0.474342 	0.450694 	0.673146 	
1.159741 	1.000000 	1.177391 	1.262191 	0.926350 	1.079641 	1.134956 	0.691466 	0.933408 	0.676849 	0.548293 	0.901388 	1.025914 	2.236767 	0.961769 	0.575543 	0.506211 	0.458939 	0.575543 	0.555090 	0.485412 	0.347311 	0.480234 	0.445112 	0.305164 	0.125000 	0.388909 	0.795692 	0.371652 	9.000000 	1.025914 	0.680074 	0.700446 	0.936082 	0.853302 	0.887764 	0.991527 	1.180042 	0.230489 	0.838525 	0.916856 	0.983933 	0.972754 	1.051190 	0.731864 	0.650000 	0.900000 	
1.006231 	1.553222 	0.825379 	0.795692 	0.831038 	0.750417 	0.735272 	1.212693 	0.664266 	0.800391 	0.995301 	1.773415 	1.500000 	1.340009 	0.335410 	1.510381 	0.617454 	0.604669 	0.480885 	0.493077 	0.561805 	0.700446 	0.555090 	0.590021 	0.730154 	1.120547 	0.637377 	0.230489 	0.654313 	1.025914 	9.000000 	0.360555 	0.347311 	0.176777 	0.251247 	0.225000 	0.167705 	0.200000 	0.915492 	0.325000 	0.309233 	0.279509 	0.302076 	0.320156 	0.600521 	0.707107 	0.715891 	
1.025914 	1.364734 	0.908983 	0.929045 	0.797261 	0.811249 	0.828025 	1.007782 	0.675463 	0.660019 	0.781425 	1.491643 	1.334166 	1.673507 	0.460977 	1.202601 	0.382426 	0.325000 	0.237171 	0.230489 	0.275000 	0.388104 	0.251247 	0.279509 	0.403887 	0.784618 	0.302076 	0.152069 	0.313249 	0.680074 	0.360555 	9.000000 	0.025000 	0.257391 	0.182003 	0.213600 	0.313249 	0.500000 	0.555090 	0.201556 	0.275000 	0.328824 	0.325960 	0.403113 	0.347311 	0.412311 	0.531507 	
1.043132 	1.389469 	0.922293 	0.939415 	0.816241 	0.825379 	0.840387 	1.032594 	0.691466 	0.682825 	0.806226 	1.515957 	1.358538 	1.667708 	0.467039 	1.226020 	0.406971 	0.350000 	0.261008 	0.254951 	0.300000 	0.412311 	0.276134 	0.304138 	0.427200 	0.806226 	0.325000 	0.150000 	0.335410 	0.700446 	0.347311 	0.025000 	9.000000 	0.235850 	0.158114 	0.190394 	0.291548 	0.480234 	0.570088 	0.176777 	0.250000 	0.304138 	0.301040 	0.378319 	0.335410 	0.406971 	0.515388 	
