UB = 899
M = 50

Distance:
999.000000 	58.796257 	77.103828 	53.000000 	8.246211 	47.127487 	44.147480 	43.416588 	8.062258 	20.591261 	48.507732 	41.109608 	83.600243 	41.976185 	45.705578 	45.099888 	46.173584 	47.265209 	24.738634 	51.478149 	26.248810 	48.010414 	72.801102 	82.298241 	71.784401 	79.202271 	74.672615 	30.000000 	74.330345 	85.883644 	76.896034 	74.632431 	37.443291 	33.837849 	76.537575 	95.189285 	87.726852 	81.271149 	76.157730 	62.008064 	87.846458 	105.209312 	87.464279 	83.486526 	90.470993 	87.664131 	89.693924 	38.897301 	49.193497 	87.595665 	41.593269 	107.335922 	53.851646 	42.047592 	103.942291 	63.788715 	44.283180 	44.147480 	91.394745 	45.694637 	98.234413 	46.572525 	46.818798 	47.423622 	53.413483 	
58.796257 	999.000000 	19.235384 	11.045361 	63.031738 	25.019993 	29.017237 	33.015148 	60.959003 	55.470715 	27.166155 	36.124783 	25.495098 	30.149628 	31.016125 	36.013885 	35.057095 	34.132095 	80.430092 	32.756680 	82.462112 	38.209946 	27.294687 	29.017237 	28.844410 	28.635643 	29.068884 	81.835197 	29.529646 	32.015621 	30.463093 	31.384710 	61.392181 	71.512238 	33.120991 	38.600517 	36.124783 	35.468296 	36.619667 	43.863426 	37.336308 	47.010635 	37.483330 	37.000000 	39.115215 	38.832977 	39.319206 	82.462112 	61.000000 	40.521599 	80.006248 	49.658836 	59.304298 	91.241440 	47.801674 	52.554733 	82.861328 	88.769363 	44.384682 	85.070557 	47.042534 	89.888817 	87.595665 	85.440041 	72.027771 	
77.103828 	19.235384 	999.000000 	29.120440 	81.835197 	42.755116 	47.074409 	50.990196 	79.812279 	74.706093 	44.407207 	54.341511 	15.231546 	48.507732 	48.662102 	53.600372 	52.469040 	51.351727 	99.403221 	49.040798 	101.400200 	55.226807 	33.541019 	26.907248 	36.249138 	29.832869 	34.481880 	101.019798 	35.355339 	28.017851 	34.669872 	37.589893 	80.081207 	90.620087 	38.587563 	28.635643 	33.600594 	38.418747 	43.416588 	57.706154 	35.608986 	32.557640 	36.235340 	38.948685 	36.055511 	38.288380 	37.202152 	101.636604 	78.517517 	41.036568 	99.020203 	36.221542 	76.059189 	110.476242 	37.215588 	66.753281 	101.843018 	107.935165 	44.045429 	104.062485 	42.485291 	109.004585 	106.625511 	104.355164 	89.677200 	
53.000000 	11.045361 	29.120440 	999.000000 	56.080299 	14.000000 	18.110771 	22.090721 	53.907330 	46.615448 	16.124516 	25.317978 	31.112698 	19.416489 	20.000000 	25.000000 	24.020824 	23.086792 	72.835434 	21.840330 	74.953316 	27.166155 	23.086792 	29.732138 	23.537205 	27.459061 	25.079872 	73.409805 	25.179358 	33.241539 	27.018513 	26.476404 	50.960770 	61.741398 	28.442924 	42.190044 	35.902645 	32.062439 	30.675724 	33.615471 	36.496574 	52.497620 	36.345562 	34.014702 	38.832977 	37.121422 	38.470768 	72.897186 	50.009998 	38.000000 	70.007141 	54.405884 	48.259712 	82.152298 	51.000000 	42.047592 	72.801102 	79.158073 	42.000000 	75.026665 	46.872166 	80.112419 	77.620872 	75.272835 	61.073727 	
8.246211 	63.031738 	81.835197 	56.080299 	999.000000 	48.301140 	44.777225 	43.324360 	2.236068 	16.124516 	49.244289 	40.521599 	87.114868 	42.544094 	45.880280 	44.384682 	45.607018 	46.840153 	17.888544 	51.244511 	19.723083 	46.872166 	74.242844 	84.599052 	72.917763 	81.123360 	76.026314 	22.090721 	75.584389 	88.204308 	78.262383 	75.643906 	31.780497 	26.248810 	77.472572 	98.005104 	89.554451 	82.346825 	76.550636 	60.406952 	89.470665 	108.577164 	89.005615 	84.581322 	92.179176 	89.000000 	91.241440 	30.675724 	44.271889 	88.639717 	33.615471 	110.421921 	49.477268 	34.000000 	106.508217 	61.032780 	36.235340 	35.902645 	92.309265 	37.576588 	99.729637 	38.327538 	38.626415 	39.357338 	47.169907 	
47.127487 	25.019993 	42.755116 	14.000000 	48.301140 	999.000000 	4.472136 	8.246211 	46.065170 	36.124783 	2.828427 	11.704700 	42.190044 	6.403124 	6.000000 	11.000000 	10.049875 	9.219544 	63.600315 	9.219544 	65.802734 	13.341664 	25.942244 	36.878178 	24.698177 	33.015148 	27.730848 	62.936478 	27.313000 	40.459858 	29.966648 	27.513634 	37.696156 	49.396355 	29.410883 	50.911690 	41.340054 	34.176014 	29.274563 	22.671568 	41.182522 	62.481998 	40.706264 	36.400551 	43.908997 	40.718548 	42.941822 	60.745369 	36.013885 	40.496914 	57.245087 	63.655323 	34.365681 	70.604530 	58.898216 	30.000000 	59.933296 	66.887962 	44.271889 	62.169125 	51.429562 	67.601776 	64.845970 	62.241467 	47.095646 	
44.147480 	29.017237 	47.074409 	18.110771 	44.777225 	4.472136 	999.000000 	4.000000 	42.544094 	32.015621 	4.472136 	7.280110 	46.647614 	2.236068 	2.828427 	7.280110 	6.708204 	6.403124 	59.640591 	8.544003 	61.854668 	10.295630 	29.681644 	41.036568 	28.178005 	37.013512 	31.384710 	58.728188 	30.886890 	44.598206 	33.615471 	30.870699 	33.241539 	44.944408 	32.695564 	55.172459 	45.221676 	37.576588 	32.015621 	21.954498 	44.944408 	66.843102 	44.418465 	39.812057 	47.707443 	44.294468 	46.647614 	56.302753 	32.015621 	43.863426 	52.773098 	67.941154 	30.805843 	66.219330 	63.031738 	28.284271 	55.461697 	62.433964 	47.539455 	57.697487 	55.072678 	63.134777 	60.373837 	57.775429 	43.011627 	
43.416588 	33.015148 	50.990196 	22.090721 	43.324360 	8.246211 	4.000000 	999.000000 	41.109608 	29.681644 	7.211102 	3.605551 	50.119858 	3.605551 	2.828427 	3.605551 	3.605551 	4.123106 	57.454330 	8.062258 	59.682495 	7.071068 	32.015621 	43.863426 	30.232433 	39.623226 	33.600594 	56.080299 	33.015148 	47.381432 	35.805027 	32.756680 	29.546574 	41.617306 	34.481880 	58.137768 	47.634022 	39.446167 	33.241539 	20.248457 	47.201694 	70.000000 	46.615448 	41.677334 	50.000000 	46.324940 	48.826221 	53.009434 	28.017851 	45.650848 	49.244289 	70.936592 	26.925823 	63.126858 	65.764732 	25.612497 	51.884487 	59.076221 	49.193497 	54.120235 	57.140179 	59.682495 	56.824291 	54.129475 	39.012817 	
8.062258 	60.959003 	79.812279 	53.907330 	2.236068 	46.065170 	42.544094 	41.109608 	999.000000 	14.317822 	47.010635 	38.327538 	84.958817 	40.311287 	43.657761 	42.201897 	43.416588 	44.643028 	19.723083 	49.040798 	21.633308 	44.721359 	72.006943 	82.377182 	70.682388 	78.892334 	73.790245 	23.345236 	73.348480 	85.982559 	76.026314 	73.409805 	30.413813 	25.806976 	75.239616 	95.801880 	87.321243 	80.112419 	74.330345 	58.309521 	87.235313 	106.404884 	86.769814 	82.346825 	89.944427 	86.764046 	89.005615 	31.048349 	42.720020 	86.406021 	33.541019 	108.231232 	47.801674 	35.057095 	104.292854 	59.076221 	36.249138 	36.496574 	90.077744 	37.696156 	97.493591 	38.832977 	38.897301 	39.395432 	46.043457 	
20.591261 	55.470715 	74.706093 	46.615448 	16.124516 	36.124783 	32.015621 	29.681644 	14.317822 	999.000000 	36.400551 	26.419689 	77.466118 	29.832869 	32.449963 	29.966648 	31.304953 	32.649654 	27.784887 	37.121422 	30.016663 	31.953091 	61.611687 	73.000000 	59.908264 	69.028976 	63.245552 	26.907248 	62.681736 	76.576759 	65.459915 	62.433964 	17.029387 	18.027756 	64.140472 	87.000000 	77.201035 	69.115845 	62.609905 	44.911022 	76.843994 	98.351410 	76.275818 	71.344238 	79.630394 	76.006577 	78.492035 	27.658634 	28.635643 	75.292763 	27.018513 	99.704567 	33.526108 	35.777088 	95.015785 	45.000000 	30.016663 	33.955853 	78.771820 	32.000000 	86.821655 	35.510563 	34.058773 	33.060551 	33.241539 	
48.507732 	27.166155 	44.407207 	16.124516 	49.244289 	2.828427 	4.472136 	7.211102 	47.010635 	36.400551 	999.000000 	10.816654 	42.941822 	6.708204 	4.472136 	9.219544 	8.062258 	7.000000 	64.070274 	6.403124 	66.287254 	11.045361 	25.238859 	36.769554 	23.706539 	32.649654 	26.925823 	63.031738 	26.419689 	40.311287 	29.154760 	26.400757 	36.674240 	48.826221 	28.231188 	50.990196 	40.804413 	33.105892 	27.658634 	19.849434 	40.496914 	62.801273 	39.962482 	35.341194 	43.266617 	39.824615 	42.190044 	60.216278 	34.132095 	39.395432 	56.435802 	63.780876 	32.140316 	70.292244 	58.728188 	27.202942 	59.059292 	66.287254 	43.081318 	61.294373 	50.606323 	66.887962 	64.007812 	61.269894 	45.276924 	
41.109608 	36.124783 	54.341511 	25.317978 	40.521599 	11.704700 	7.280110 	3.605551 	38.327538 	26.419689 	10.816654 	999.000000 	53.712196 	6.000000 	6.403124 	4.000000 	5.099020 	6.324555 	54.203320 	10.770329 	56.435802 	7.280110 	35.468296 	47.423622 	33.600594 	43.139309 	37.013512 	52.630791 	36.400551 	50.931328 	39.204590 	36.055511 	26.000000 	38.013157 	37.735924 	61.717098 	51.088158 	42.720020 	36.249138 	21.377558 	50.606323 	73.600273 	50.000000 	44.944408 	53.413483 	49.648766 	52.201534 	49.406479 	25.179358 	48.877399 	45.650848 	74.518456 	24.698177 	59.548298 	69.296463 	25.553865 	48.301140 	55.470715 	52.354561 	50.537113 	60.464867 	56.080299 	53.235325 	50.566788 	36.013885 	
83.600243 	25.495098 	15.231546 	31.112698 	87.114868 	42.190044 	46.647614 	50.119858 	84.958817 	77.466118 	42.941822 	53.712196 	999.000000 	48.548943 	47.413078 	51.894123 	50.566788 	49.244289 	103.947105 	45.880280 	106.066017 	52.554733 	24.020824 	13.416408 	27.018513 	17.720045 	24.186773 	104.350372 	25.179358 	13.453624 	23.537205 	27.294687 	79.605278 	91.586021 	27.658634 	14.000000 	19.104973 	26.000000 	32.756680 	51.244511 	21.260292 	21.633308 	22.022715 	25.942244 	21.260292 	24.207438 	22.627417 	102.927162 	75.584389 	27.202942 	99.362968 	24.166092 	72.034714 	112.645462 	23.086792 	60.133186 	102.000000 	109.077957 	29.732138 	104.235313 	27.294687 	109.772491 	106.943909 	104.201729 	86.683334 	
41.976185 	30.149628 	48.507732 	19.416489 	42.544094 	6.403124 	2.236068 	3.605551 	40.311287 	29.832869 	6.708204 	6.000000 	48.548943 	999.000000 	4.123106 	7.211102 	7.071068 	7.211102 	57.428215 	10.198039 	59.640591 	10.630146 	31.906113 	43.185646 	30.413813 	39.204590 	33.615471 	56.586216 	33.120991 	46.754681 	35.846897 	33.105892 	31.622776 	43.046486 	34.928497 	57.280014 	47.434166 	39.812057 	34.205261 	23.259407 	47.169907 	68.883957 	46.647614 	42.047592 	49.929951 	46.529560 	48.877399 	54.378304 	31.144823 	46.097721 	50.990196 	70.035706 	30.364452 	64.202805 	65.192024 	29.068884 	53.712196 	60.539242 	49.769470 	55.946404 	57.306194 	61.294373 	58.600342 	56.080299 	42.011902 	
45.705578 	31.016125 	48.662102 	20.000000 	45.880280 	6.000000 	2.828427 	2.828427 	43.657761 	32.449963 	4.472136 	6.403124 	47.413078 	4.123106 	999.000000 	5.000000 	4.123106 	3.605551 	60.207973 	6.082763 	62.433964 	7.615773 	29.206163 	41.036568 	27.459061 	36.796738 	30.805843 	58.898216 	30.232433 	44.553337 	33.015148 	30.016663 	32.202484 	44.407207 	31.764761 	55.317268 	44.821869 	36.715118 	30.675724 	19.235384 	44.407207 	67.201187 	43.829212 	38.948685 	47.201694 	43.566040 	46.043457 	55.803226 	30.016663 	42.941822 	51.971146 	68.117546 	28.442924 	65.946945 	62.936478 	25.455845 	54.589375 	61.854668 	46.518814 	56.824291 	54.378304 	62.433964 	59.539902 	56.797886 	41.109608 	
45.099888 	36.013885 	53.600372 	25.000000 	44.384682 	11.000000 	7.280110 	3.605551 	42.201897 	29.966648 	9.219544 	4.000000 	51.894123 	7.211102 	5.000000 	999.000000 	1.414214 	2.828427 	57.706154 	7.211102 	59.941639 	3.605551 	32.526913 	44.821869 	30.479502 	40.360870 	33.970577 	55.803226 	33.301651 	48.270073 	36.124783 	32.802441 	27.784887 	40.459858 	34.409302 	59.203041 	48.104053 	39.408119 	32.649654 	17.464249 	47.507893 	71.281136 	46.861500 	41.617306 	50.328918 	46.400433 	49.040798 	51.855568 	25.019993 	45.486263 	47.707443 	72.006943 	23.537205 	62.241467 	66.528191 	22.203604 	50.249378 	57.801384 	48.877399 	52.478565 	57.201397 	58.249462 	55.226807 	52.354561 	36.124783 	
46.173584 	35.057095 	52.469040 	24.020824 	45.607018 	10.049875 	6.708204 	3.605551 	43.416588 	31.304953 	8.062258 	5.099020 	50.566788 	7.071068 	4.123106 	1.414214 	999.000000 	1.414214 	59.059292 	5.830952 	61.294373 	3.605551 	31.112698 	43.416588 	29.068884 	38.948685 	32.557640 	57.201397 	31.890438 	46.861500 	34.713108 	31.400637 	29.154760 	41.868843 	33.015148 	57.801384 	46.690472 	38.013157 	31.304953 	16.763054 	46.097721 	69.892776 	45.453274 	40.224369 	48.918301 	45.000000 	47.634022 	53.263496 	26.076809 	44.102154 	49.091751 	70.604530 	24.331051 	63.655323 	65.115280 	22.022715 	51.623638 	59.203041 	47.507893 	53.851646 	55.803226 	59.640591 	56.603886 	53.712196 	37.215588 	
47.265209 	34.132095 	51.351727 	23.086792 	46.840153 	9.219544 	6.403124 	4.123106 	44.643028 	32.649654 	7.000000 	6.324555 	49.244289 	7.211102 	3.605551 	2.828427 	1.414214 	999.000000 	60.415230 	4.472136 	62.649822 	4.123106 	29.698484 	42.011902 	27.658634 	37.536648 	31.144823 	58.600342 	30.479502 	45.453274 	33.301651 	30.000000 	30.528675 	43.278172 	31.622776 	56.400356 	45.276924 	36.619667 	29.966648 	16.155495 	44.687805 	68.505478 	44.045429 	38.832977 	47.507893 	43.600460 	46.227695 	54.671749 	27.166155 	42.720020 	50.477718 	69.202599 	25.179358 	65.069191 	63.702435 	21.931713 	53.000000 	60.605282 	46.141087 	55.226807 	54.405884 	61.032780 	57.982758 	55.072678 	38.327538 	
24.738634 	80.430092 	99.403221 	72.835434 	17.888544 	63.600315 	59.640591 	57.454330 	19.723083 	27.784887 	64.070274 	54.203320 	103.947105 	57.428215 	60.207973 	57.706154 	59.059292 	60.415230 	999.000000 	64.884514 	2.236068 	59.506302 	89.308456 	100.424103 	87.664131 	96.607452 	90.972527 	8.485281 	90.426765 	104.019226 	93.193344 	90.210861 	37.121422 	25.317978 	91.923882 	114.214706 	104.861816 	96.896851 	90.354858 	71.784401 	104.560989 	125.207825 	104.009613 	99.126183 	107.335922 	103.773796 	106.230881 	22.203604 	50.039986 	103.077644 	28.178005 	126.810883 	56.142673 	19.697716 	122.441826 	70.405968 	29.681644 	24.839485 	106.550461 	30.000000 	114.586212 	27.658634 	29.732138 	32.202484 	48.836460 	
51.478149 	32.756680 	49.040798 	21.840330 	51.244511 	9.219544 	8.544003 	8.062258 	49.040798 	37.121422 	6.403124 	10.770329 	45.880280 	10.198039 	6.082763 	7.211102 	5.830952 	4.472136 	64.884514 	999.000000 	67.119293 	6.708204 	25.495098 	38.013157 	23.345236 	33.421551 	26.870058 	63.007935 	26.172504 	41.400482 	29.000000 	25.612497 	34.409302 	47.423622 	27.202942 	52.430908 	41.012192 	32.202484 	25.495098 	13.601471 	40.360870 	64.660652 	39.698868 	34.409302 	43.185646 	39.204590 	41.868843 	58.796257 	29.832869 	38.275318 	54.405884 	65.215027 	27.018513 	69.296463 	59.548298 	20.808653 	56.859474 	64.660652 	41.677334 	59.076221 	50.000000 	65.000000 	61.854668 	58.830265 	41.000000 	
26.248810 	82.462112 	101.400200 	74.953316 	19.723083 	65.802734 	61.854668 	59.682495 	21.633308 	30.016663 	66.287254 	56.435802 	106.066017 	59.640591 	62.433964 	59.941639 	61.294373 	62.649822 	2.236068 	67.119293 	999.000000 	61.741398 	91.525955 	102.615791 	89.888817 	98.812958 	93.193344 	9.433981 	92.649879 	106.212051 	95.414886 	92.439171 	39.204590 	27.166155 	94.154129 	116.387283 	107.074738 	99.126183 	92.590500 	74.000000 	106.780151 	127.349915 	106.230881 	101.355812 	109.553642 	106.000000 	108.452751 	23.323807 	52.086468 	105.309067 	29.546574 	128.972870 	58.215118 	19.723083 	124.631454 	72.567207 	30.886890 	25.455845 	108.784187 	31.064449 	116.811813 	28.284271 	30.610456 	33.286633 	50.635956 	
48.010414 	38.209946 	55.226807 	27.166155 	46.872166 	13.341664 	10.295630 	7.071068 	44.721359 	31.953091 	11.045361 	7.280110 	52.554733 	10.630146 	7.615773 	3.605551 	3.605551 	4.123106 	59.506302 	6.708204 	61.741398 	999.000000 	32.015621 	44.654228 	29.732138 	40.000000 	33.301651 	57.140179 	32.557640 	48.010414 	35.383614 	31.827662 	27.802877 	41.012192 	33.301651 	59.076221 	47.423622 	38.288380 	31.064449 	14.142136 	46.669048 	71.344238 	45.967381 	40.459858 	49.497475 	45.343136 	48.104053 	52.345009 	23.345236 	44.204071 	47.801674 	71.847061 	21.095022 	62.968246 	66.068146 	18.601076 	50.219517 	58.137768 	47.434166 	52.430908 	56.080299 	58.412327 	55.217751 	52.153618 	34.525352 	
72.801102 	27.294687 	33.541019 	23.086792 	74.242844 	25.942244 	29.681644 	32.015621 	72.006943 	61.611687 	25.238859 	35.468296 	24.020824 	31.906113 	29.206163 	32.526913 	31.112698 	29.698484 	89.308456 	25.495098 	91.525955 	32.015621 	999.000000 	13.000000 	3.000000 	8.062258 	2.000000 	88.090858 	2.236068 	16.124516 	4.123106 	4.242640 	59.816387 	72.917763 	5.830952 	27.294687 	15.620500 	9.000000 	10.000000 	27.658634 	15.264338 	39.812057 	14.764823 	11.045361 	18.027756 	14.866069 	17.000000 	84.291161 	53.665630 	15.132746 	79.812279 	39.962482 	49.396355 	94.762863 	34.058773 	36.345562 	82.200974 	90.138779 	19.104973 	84.403793 	25.495098 	90.426765 	87.200920 	84.053551 	64.474800 	
82.298241 	29.017237 	26.907248 	29.732138 	84.599052 	36.878178 	41.036568 	43.863426 	82.377182 	73.000000 	36.769554 	47.423622 	13.416408 	43.185646 	41.036568 	44.821869 	43.416588 	42.011902 	100.424103 	38.013157 	102.615791 	44.654228 	13.000000 	999.000000 	15.811388 	5.099020 	12.369317 	99.764725 	13.341664 	3.605551 	11.045361 	15.132746 	72.422371 	85.276024 	15.000000 	14.422205 	7.280110 	12.649111 	20.024984 	40.521599 	8.944272 	26.832815 	9.433981 	12.529964 	10.198039 	11.401754 	10.770329 	96.674713 	66.640831 	14.142136 	92.417534 	27.202942 	62.393909 	106.962608 	22.022715 	49.030602 	94.868332 	102.615791 	17.204651 	97.082436 	18.027756 	103.004852 	99.864906 	96.798759 	77.472572 	
71.784401 	28.844410 	36.249138 	23.537205 	72.917763 	24.698177 	28.178005 	30.232433 	70.682388 	59.908264 	23.706539 	33.600594 	27.018513 	30.413813 	27.459061 	30.479502 	29.068884 	27.658634 	87.664131 	23.345236 	89.888817 	29.732138 	3.000000 	15.811388 	999.000000 	10.770329 	3.605551 	86.214851 	2.828427 	18.788294 	5.656854 	3.000000 	57.489128 	70.724815 	5.000000 	29.966648 	17.691807 	9.486833 	7.810250 	24.738634 	17.029387 	42.544094 	16.401220 	11.704700 	19.849434 	16.124516 	18.601076 	82.073135 	51.000000 	15.811388 	77.466118 	42.544094 	46.615448 	92.633690 	36.400551 	33.376640 	79.812279 	87.863533 	19.646883 	82.006096 	26.925823 	88.090858 	84.811554 	81.608826 	61.741398 	
79.202271 	28.635643 	29.832869 	27.459061 	81.123360 	33.015148 	37.013512 	39.623226 	78.892334 	69.028976 	32.649654 	43.139309 	17.720045 	39.204590 	36.796738 	40.360870 	38.948685 	37.536648 	96.607452 	33.421551 	98.812958 	40.000000 	8.062258 	5.099020 	10.770329 	999.000000 	7.280110 	95.671310 	8.246211 	8.062258 	6.000000 	10.049875 	67.801178 	80.808418 	10.049875 	19.235384 	8.544003 	8.602325 	15.132746 	35.440090 	9.055386 	31.780497 	9.000000 	9.219544 	11.401754 	10.198039 	11.045361 	92.195442 	61.717098 	12.083046 	87.800911 	31.906113 	57.384666 	102.591423 	26.172504 	43.931767 	90.210861 	98.081596 	15.811388 	92.417534 	19.416489 	98.407318 	95.210297 	92.086914 	72.498276 	
74.672615 	29.068884 	34.481880 	25.079872 	76.026314 	27.730848 	31.384710 	33.600594 	73.790245 	63.245552 	26.925823 	37.013512 	24.186773 	33.615471 	30.805843 	33.970577 	32.557640 	31.144823 	90.972527 	26.870058 	93.193344 	33.301651 	2.000000 	12.369317 	3.605551 	7.280110 	999.000000 	89.643738 	1.000000 	15.231546 	2.236068 	3.162278 	61.073727 	74.276512 	4.242640 	26.400757 	14.142136 	7.000000 	8.944272 	28.160255 	13.601471 	39.000000 	13.038404 	9.055386 	16.401220 	13.000000 	15.264338 	85.632935 	54.589375 	13.152946 	81.055534 	38.948685 	50.159744 	96.166519 	32.802441 	36.674240 	83.408630 	91.438507 	17.117243 	85.603737 	23.706539 	91.678787 	88.408142 	85.211502 	65.306969 	
30.000000 	81.835197 	101.019798 	73.409805 	22.090721 	62.936478 	58.728188 	56.080299 	23.345236 	26.907248 	63.031738 	52.630791 	104.350372 	56.586216 	58.898216 	55.803226 	57.201397 	58.600342 	8.485281 	63.007935 	9.433981 	57.140179 	88.090858 	99.764725 	86.214851 	95.671310 	89.643738 	999.000000 	89.022469 	103.324730 	91.831367 	88.600227 	32.280025 	19.104973 	90.210861 	113.846390 	103.711136 	95.210297 	88.204308 	68.447060 	103.232750 	125.255737 	102.615791 	97.416634 	106.042442 	102.200783 	104.809349 	13.892444 	44.721359 	101.257095 	20.248457 	126.574089 	50.990196 	12.165525 	121.753853 	66.098412 	21.470911 	16.401220 	104.560989 	21.633308 	113.004425 	19.209373 	21.260292 	23.853722 	42.107006 	
74.330345 	29.529646 	35.355339 	25.179358 	75.584389 	27.313000 	30.886890 	33.015148 	73.348480 	62.681736 	26.419689 	36.400551 	25.179358 	33.120991 	30.232433 	33.301651 	31.890438 	30.479502 	90.426765 	26.172504 	92.649879 	32.557640 	2.236068 	13.341664 	2.828427 	8.246211 	1.000000 	89.022469 	999.000000 	16.155495 	2.828427 	2.236068 	60.307545 	73.552704 	3.605551 	27.313000 	14.866069 	7.071068 	8.062258 	27.202942 	14.212670 	39.924931 	13.601471 	9.219544 	17.029387 	13.416408 	15.811388 	84.899940 	53.712196 	13.341664 	80.280754 	39.824615 	49.244289 	95.462036 	33.600594 	35.693138 	82.619614 	90.686272 	17.262676 	84.811554 	24.186773 	90.906548 	87.618492 	84.403793 	64.404968 	
85.883644 	32.015621 	28.017851 	33.241539 	88.204308 	40.459858 	44.598206 	47.381432 	85.982559 	76.576759 	40.311287 	50.931328 	13.453624 	46.754681 	44.553337 	48.270073 	46.861500 	45.453274 	104.019226 	41.400482 	106.212051 	48.010414 	16.124516 	3.605551 	18.788294 	8.062258 	15.231546 	103.324730 	16.155495 	999.000000 	13.601471 	17.720045 	75.802376 	88.729927 	17.262676 	11.180340 	5.656854 	14.035668 	22.090721 	43.324360 	7.810250 	23.769728 	8.602325 	13.341664 	8.062258 	10.816654 	9.219544 	100.124924 	69.771057 	13.892444 	95.801880 	23.853722 	65.391129 	110.453613 	18.439089 	51.662365 	98.229324 	106.042442 	16.278820 	100.439034 	15.297058 	106.400185 	103.227905 	100.124924 	80.529495 	
76.896034 	30.463093 	34.669872 	27.018513 	78.262383 	29.966648 	33.615471 	35.805027 	76.026314 	65.459915 	29.154760 	39.204590 	23.537205 	35.846897 	33.015148 	36.124783 	34.713108 	33.301651 	93.193344 	29.000000 	95.414886 	35.383614 	4.123106 	11.045361 	5.656854 	6.000000 	2.236068 	91.831367 	2.828427 	13.601471 	999.000000 	4.123106 	63.126858 	76.380623 	4.123106 	24.698177 	12.041595 	5.099020 	9.219544 	29.732138 	11.401754 	37.336308 	10.816654 	7.000000 	14.212670 	10.770329 	13.038404 	87.726852 	56.435802 	11.045361 	83.096329 	37.121422 	51.894123 	98.290382 	30.805843 	38.078865 	85.428329 	93.509361 	15.033297 	87.618492 	21.470911 	93.723000 	90.426765 	87.200920 	67.082039 	
74.632431 	31.384710 	37.589893 	26.476404 	75.643906 	27.513634 	30.870699 	32.756680 	73.409805 	62.433964 	26.400757 	36.055511 	27.294687 	33.105892 	30.016663 	32.802441 	31.400637 	30.000000 	90.210861 	25.612497 	92.439171 	31.827662 	4.242640 	15.132746 	3.000000 	10.049875 	3.162278 	88.600227 	2.236068 	17.720045 	4.123106 	999.000000 	59.464275 	72.835434 	2.000000 	28.792360 	15.811388 	6.708204 	5.830952 	25.632011 	14.866069 	41.436699 	14.142136 	8.944272 	17.691807 	13.601471 	16.278820 	84.148682 	52.478565 	13.000000 	79.397736 	41.146080 	47.853943 	94.794518 	34.669872 	33.955853 	81.688431 	89.872131 	16.763054 	83.868942 	24.413111 	90.027771 	86.683334 	83.408630 	63.063461 	
37.443291 	61.392181 	80.081207 	50.960770 	31.780497 	37.696156 	33.241539 	29.546574 	30.413813 	17.029387 	36.674240 	26.000000 	79.605278 	31.622776 	32.202484 	27.784887 	29.154760 	30.528675 	37.121422 	34.409302 	39.204590 	27.802877 	59.816387 	72.422371 	57.489128 	67.801178 	61.073727 	32.280025 	60.307545 	75.802376 	63.126858 	59.464275 	999.000000 	13.892444 	60.827625 	86.838928 	75.166481 	65.764732 	58.051701 	36.891735 	74.330345 	99.020203 	73.593475 	67.882248 	77.155685 	72.835434 	75.690155 	24.839485 	13.038404 	71.449280 	20.000000 	99.624290 	19.026299 	35.805027 	93.861603 	33.837849 	22.472204 	30.413813 	74.411018 	24.698177 	83.450584 	30.610456 	27.459061 	24.596748 	16.278820 	
33.837849 	71.512238 	90.620087 	61.741398 	26.248810 	49.396355 	44.944408 	41.617306 	25.806976 	18.027756 	48.826221 	38.013157 	91.586021 	43.046486 	44.407207 	40.459858 	41.868843 	43.278172 	25.317978 	47.423622 	27.166155 	41.012192 	72.917763 	85.276024 	70.724815 	80.808418 	74.276512 	19.104973 	73.552704 	88.729927 	76.380623 	72.835434 	13.892444 	999.000000 	74.276512 	99.639351 	88.413803 	79.246452 	71.700768 	50.774010 	87.681244 	111.606453 	86.977005 	81.394104 	90.509666 	86.313385 	89.106674 	11.401754 	25.709921 	85.041168 	9.000000 	112.445541 	32.015621 	22.022715 	106.962608 	47.539455 	12.000000 	17.492855 	88.090858 	14.035668 	97.000000 	18.384777 	16.278820 	15.033297 	23.537205 	
76.537575 	33.120991 	38.587563 	28.442924 	77.472572 	29.410883 	32.695564 	34.481880 	75.239616 	64.140472 	28.231188 	37.735924 	27.658634 	34.928497 	31.764761 	34.409302 	33.015148 	31.622776 	91.923882 	27.202942 	94.154129 	33.301651 	5.830952 	15.000000 	5.000000 	10.049875 	4.242640 	90.210861 	3.605551 	17.262676 	4.123106 	2.000000 	60.827625 	74.276512 	999.000000 	28.160255 	14.764823 	5.000000 	5.099020 	26.400757 	13.601471 	40.804413 	12.806249 	7.211102 	16.401220 	12.041595 	14.866069 	85.562843 	53.535034 	11.180340 	80.721741 	40.311287 	48.764740 	96.260063 	33.615471 	34.481880 	82.975899 	91.241440 	14.866069 	85.146935 	22.803509 	91.350975 	87.965904 	84.646324 	64.007812 	
95.189285 	38.600517 	28.635643 	42.190044 	98.005104 	50.911690 	55.172459 	58.137768 	95.801880 	87.000000 	50.990196 	61.717098 	14.000000 	57.280014 	55.317268 	59.203041 	57.801384 	56.400356 	114.214706 	52.430908 	116.387283 	59.076221 	27.294687 	14.422205 	29.966648 	19.235384 	26.400757 	113.846390 	27.313000 	11.180340 	24.698177 	28.792360 	86.838928 	99.639351 	28.160255 	999.000000 	14.035668 	24.331051 	32.756680 	54.424259 	16.000000 	12.649111 	17.000000 	23.086792 	14.142136 	19.026299 	16.124516 	111.040535 	80.950600 	22.090721 	106.831642 	12.806249 	76.557167 	121.264175 	9.219544 	62.641838 	109.288612 	117.004272 	22.803509 	111.503365 	16.401220 	117.413795 	114.284729 	111.220505 	91.706055 	
87.726852 	36.124783 	33.600594 	35.902645 	89.554451 	41.340054 	45.221676 	47.634022 	87.321243 	77.201035 	40.804413 	51.088158 	19.104973 	47.434166 	44.821869 	48.104053 	46.690472 	45.276924 	104.861816 	41.012192 	107.074738 	47.423622 	15.620500 	7.280110 	17.691807 	8.544003 	14.142136 	103.711136 	14.866069 	5.656854 	12.041595 	15.811388 	75.166481 	88.413803 	14.764823 	14.035668 	999.000000 	10.440307 	18.973665 	41.146080 	2.236068 	26.476404 	3.162278 	9.055386 	3.000000 	5.385165 	3.605551 	99.764725 	68.264191 	8.544003 	95.131485 	25.632011 	63.529522 	110.308655 	18.867962 	49.040798 	97.452553 	105.550934 	10.630146 	99.639351 	11.045361 	105.759163 	102.449989 	99.201813 	78.771820 	
81.271149 	35.468296 	38.418747 	32.062439 	82.346825 	34.176014 	37.576588 	39.446167 	80.112419 	69.115845 	33.105892 	42.720020 	26.000000 	39.812057 	36.715118 	39.408119 	38.013157 	36.619667 	96.896851 	32.202484 	99.126183 	38.288380 	9.000000 	12.649111 	9.486833 	8.602325 	7.000000 	95.210297 	7.071068 	14.035668 	5.099020 	6.708204 	65.764732 	79.246452 	5.000000 	24.331051 	10.440307 	999.000000 	8.544003 	30.886890 	8.944272 	36.878178 	8.062258 	2.236068 	11.661903 	7.071068 	10.000000 	90.520714 	58.249462 	6.324555 	85.632935 	36.055511 	53.338543 	101.237343 	29.068884 	38.626415 	87.863533 	96.176918 	10.198039 	90.027771 	17.804493 	96.260063 	92.849342 	89.498604 	68.600288 	
76.157730 	36.619667 	43.416588 	30.675724 	76.550636 	29.274563 	32.015621 	33.241539 	74.330345 	62.609905 	27.658634 	36.249138 	32.756680 	34.205261 	30.675724 	32.649654 	31.304953 	29.966648 	90.354858 	25.495098 	92.590500 	31.064449 	10.000000 	20.024984 	7.810250 	15.132746 	8.944272 	88.204308 	8.062258 	22.090721 	9.219544 	5.830952 	58.051701 	71.700768 	5.099020 	32.756680 	18.973665 	8.544003 	999.000000 	22.472204 	17.464249 	45.354160 	16.552946 	10.295630 	20.124611 	15.264338 	18.357559 	82.879433 	50.000000 	13.453624 	77.781746 	44.598206 	44.944408 	93.723000 	37.576588 	30.083218 	79.931221 	88.413803 	16.401220 	82.073135 	25.495098 	88.391174 	84.899940 	81.467789 	60.207973 	
62.008064 	43.863426 	57.706154 	33.615471 	60.406952 	22.671568 	21.954498 	20.248457 	58.309521 	44.911022 	19.849434 	21.377558 	51.244511 	23.259407 	19.235384 	17.464249 	16.763054 	16.155495 	71.784401 	13.601471 	74.000000 	14.142136 	27.658634 	40.521599 	24.738634 	35.440090 	28.160255 	68.447060 	27.202942 	43.324360 	29.732138 	25.632011 	36.891735 	50.774010 	26.400757 	54.424259 	41.146080 	30.886890 	22.472204 	999.000000 	39.824615 	67.067131 	38.948685 	32.756680 	42.544094 	37.735924 	40.816662 	61.611687 	27.658634 	35.805027 	56.080299 	66.708321 	22.472204 	72.670486 	59.941639 	9.055386 	58.051701 	66.843102 	38.288380 	60.141499 	47.801674 	66.603302 	62.968246 	59.396969 	37.735924 	
87.846458 	37.336308 	35.608986 	36.496574 	89.470665 	41.182522 	44.944408 	47.201694 	87.235313 	76.843994 	40.496914 	50.606323 	21.260292 	47.169907 	44.407207 	47.507893 	46.097721 	44.687805 	104.560989 	40.360870 	106.780151 	46.669048 	15.264338 	8.944272 	17.029387 	9.055386 	13.601471 	103.232750 	14.212670 	7.810250 	11.401754 	14.866069 	74.330345 	87.681244 	13.601471 	16.000000 	2.236068 	8.944272 	17.464249 	39.824615 	999.000000 	28.284271 	1.000000 	7.280110 	2.828427 	3.162278 	2.000000 	99.005051 	67.119293 	6.324555 	94.260277 	27.202942 	62.265560 	109.622078 	20.124611 	47.539455 	96.540146 	104.737770 	8.485281 	98.716766 	10.440307 	104.890419 	101.533249 	98.234413 	77.524193 	
105.209312 	47.010635 	32.557640 	52.497620 	108.577164 	62.481998 	66.843102 	70.000000 	106.404884 	98.351410 	62.801273 	73.600273 	21.633308 	68.883957 	67.201187 	71.281136 	69.892776 	68.505478 	125.207825 	64.660652 	127.349915 	71.344238 	39.812057 	26.832815 	42.544094 	31.780497 	39.000000 	125.255737 	39.924931 	23.769728 	37.336308 	41.436699 	99.020203 	111.606453 	40.804413 	12.649111 	26.476404 	36.878178 	45.354160 	67.067131 	28.284271 	999.000000 	29.274563 	35.510563 	26.076809 	31.144823 	28.071337 	123.004066 	93.471924 	34.058773 	118.983192 	4.472136 	89.157166 	133.060135 	11.180340 	75.286118 	121.490738 	129.034882 	34.058773 	123.713379 	25.709921 	129.529922 	126.479248 	123.490891 	104.278473 	
87.464279 	37.483330 	36.235340 	36.345562 	89.005615 	40.706264 	44.418465 	46.615448 	86.769814 	76.275818 	39.962482 	50.000000 	22.022715 	46.647614 	43.829212 	46.861500 	45.453274 	44.045429 	104.009613 	39.698868 	106.230881 	45.967381 	14.764823 	9.433981 	16.401220 	9.000000 	13.038404 	102.615791 	13.601471 	8.602325 	10.816654 	14.142136 	73.593475 	86.977005 	12.806249 	17.000000 	3.162278 	8.062258 	16.552946 	38.948685 	1.000000 	29.274563 	999.000000 	6.324555 	3.605551 	2.236068 	2.236068 	98.290382 	66.287254 	5.385165 	93.509361 	28.160255 	61.400326 	108.931168 	21.023796 	46.615448 	95.775780 	104.004807 	7.810250 	97.948967 	10.770329 	104.139328 	100.767059 	97.452553 	76.661591 	
83.486526 	37.000000 	38.948685 	34.014702 	84.581322 	36.400551 	39.812057 	41.677334 	82.346825 	71.344238 	35.341194 	44.944408 	25.942244 	42.047592 	38.948685 	41.617306 	40.224369 	38.832977 	99.126183 	34.409302 	101.355812 	40.459858 	11.045361 	12.529964 	11.704700 	9.219544 	9.055386 	97.416634 	9.219544 	13.341664 	7.000000 	8.944272 	67.882248 	81.394104 	7.211102 	23.086792 	9.055386 	2.236068 	10.295630 	32.756680 	7.280110 	35.510563 	6.324555 	999.000000 	9.848858 	5.000000 	8.062258 	92.655273 	60.216278 	4.123106 	87.726852 	34.481880 	55.226807 	103.392456 	27.313000 	40.311287 	89.938866 	98.290382 	8.062258 	92.097771 	15.620500 	98.351410 	94.921021 	91.547798 	70.491135 	
90.470993 	39.115215 	36.055511 	38.832977 	92.179176 	43.908997 	47.707443 	50.000000 	89.944427 	79.630394 	43.266617 	53.413483 	21.260292 	49.929951 	47.201694 	50.328918 	48.918301 	47.507893 	107.335922 	43.185646 	109.553642 	49.497475 	18.027756 	10.198039 	19.849434 	11.401754 	16.401220 	106.042442 	17.029387 	8.062258 	14.212670 	17.691807 	77.155685 	90.509666 	16.401220 	14.142136 	3.000000 	11.661903 	20.124611 	42.544094 	2.828427 	26.076809 	3.605551 	9.848858 	999.000000 	5.099020 	2.000000 	101.833199 	69.892776 	8.000000 	97.082436 	24.738634 	65.000000 	112.449989 	17.464249 	50.159744 	99.357941 	107.563934 	8.944272 	101.533249 	8.062258 	107.712578 	104.350372 	101.044548 	80.262070 	
87.664131 	38.832977 	38.288380 	37.121422 	89.000000 	40.718548 	44.294468 	46.324940 	86.764046 	76.006577 	39.824615 	49.648766 	24.207438 	46.529560 	43.566040 	46.400433 	45.000000 	43.600460 	103.773796 	39.204590 	106.000000 	45.343136 	14.866069 	11.401754 	16.124516 	10.198039 	13.000000 	102.200783 	13.416408 	10.816654 	10.770329 	13.601471 	72.835434 	86.313385 	12.041595 	19.026299 	5.385165 	7.071068 	15.264338 	37.735924 	3.162278 	31.144823 	2.236068 	5.000000 	5.099020 	999.000000 	3.162278 	97.590981 	65.215027 	3.162278 	92.698433 	29.832869 	60.207973 	108.300507 	22.472204 	45.188496 	94.921021 	103.247276 	5.830952 	97.082436 	10.816654 	103.324730 	99.904953 	96.540146 	75.471848 	
89.693924 	39.319206 	37.202152 	38.470768 	91.241440 	42.941822 	46.647614 	48.826221 	89.005615 	78.492035 	42.190044 	52.201534 	22.627417 	48.877399 	46.043457 	49.040798 	47.634022 	46.227695 	106.230881 	41.868843 	108.452751 	48.104053 	17.000000 	10.770329 	18.601076 	11.045361 	15.264338 	104.809349 	15.811388 	9.219544 	13.038404 	16.278820 	75.690155 	89.106674 	14.866069 	16.124516 	3.605551 	10.000000 	18.357559 	40.816662 	2.000000 	28.071337 	2.236068 	8.062258 	2.000000 	3.162278 	999.000000 	100.409164 	68.242218 	6.000000 	95.587654 	26.683329 	63.285069 	111.072052 	19.313208 	48.332184 	97.836601 	106.103722 	7.211102 	100.004997 	8.544003 	106.216759 	102.825096 	99.488693 	78.549347 	
38.897301 	82.462112 	101.636604 	72.897186 	30.675724 	60.745369 	56.302753 	53.009434 	31.048349 	27.658634 	60.216278 	49.406479 	102.927162 	54.378304 	55.803226 	51.855568 	53.263496 	54.671749 	22.203604 	58.796257 	23.323807 	52.345009 	84.291161 	96.674713 	82.073135 	92.195442 	85.632935 	13.892444 	84.899940 	100.124924 	87.726852 	84.148682 	24.839485 	11.401754 	85.562843 	111.040535 	99.764725 	90.520714 	82.879433 	61.611687 	99.005051 	123.004066 	98.290382 	92.655273 	101.833199 	97.590981 	100.409164 	999.000000 	35.341194 	96.260063 	7.000000 	123.846680 	41.629318 	11.180340 	118.342720 	57.706154 	7.615773 	6.324555 	99.247169 	7.810250 	108.245094 	8.000000 	8.062258 	10.000000 	30.265491 	
49.193497 	61.000000 	78.517517 	50.009998 	44.271889 	36.013885 	32.015621 	28.017851 	42.720020 	28.635643 	34.132095 	25.179358 	75.584389 	31.144823 	30.016663 	25.019993 	26.076809 	27.166155 	50.039986 	29.832869 	52.086468 	23.345236 	53.665630 	66.640831 	51.000000 	61.717098 	54.589375 	44.721359 	53.712196 	69.771057 	56.435802 	52.478565 	13.038404 	25.709921 	53.535034 	80.950600 	68.264191 	58.249462 	50.000000 	27.658634 	67.119293 	93.471924 	66.287254 	60.216278 	69.892776 	65.215027 	68.242218 	35.341194 	999.000000 	63.411354 	29.154760 	93.536087 	6.324555 	46.518814 	87.132080 	22.472204 	30.805843 	39.962482 	65.946945 	32.802441 	75.432091 	39.408119 	35.608986 	31.890438 	11.180340 	
87.595665 	40.521599 	41.036568 	38.000000 	88.639717 	40.496914 	43.863426 	45.650848 	86.406021 	75.292763 	39.395432 	48.877399 	27.202942 	46.097721 	42.941822 	45.486263 	44.102154 	42.720020 	103.077644 	38.275318 	105.309067 	44.204071 	15.132746 	14.142136 	15.811388 	12.083046 	13.152946 	101.257095 	13.341664 	13.892444 	11.045361 	13.000000 	71.449280 	85.041168 	11.180340 	22.090721 	8.544003 	6.324555 	13.453624 	35.805027 	6.324555 	34.058773 	5.385165 	4.123106 	8.000000 	3.162278 	6.000000 	96.260063 	63.411354 	999.000000 	91.219513 	32.557640 	58.249462 	107.056061 	25.000000 	42.941822 	93.380943 	101.833199 	4.000000 	95.524864 	12.041595 	101.833199 	98.351410 	94.921021 	73.498299 	
41.593269 	80.006248 	99.020203 	70.007141 	33.615471 	57.245087 	52.773098 	49.244289 	33.541019 	27.018513 	56.435802 	45.650848 	99.362968 	50.990196 	51.971146 	47.707443 	49.091751 	50.477718 	28.178005 	54.405884 	29.546574 	47.801674 	79.812279 	92.417534 	77.466118 	87.800911 	81.055534 	20.248457 	80.280754 	95.801880 	83.096329 	79.397736 	20.000000 	9.000000 	80.721741 	106.831642 	95.131485 	85.632935 	77.781746 	56.080299 	94.260277 	118.983192 	93.509361 	87.726852 	97.082436 	92.698433 	95.587654 	7.000000 	29.154760 	91.219513 	999.000000 	119.620232 	35.355339 	17.720045 	113.850777 	51.623638 	3.000000 	10.816654 	94.069122 	5.099020 	103.247276 	10.630146 	7.615773 	6.082763 	23.345236 	
107.335922 	49.658836 	36.221542 	54.405884 	110.421921 	63.655323 	67.941154 	70.936592 	108.231232 	99.704567 	63.780876 	74.518456 	24.166092 	70.035706 	68.117546 	72.006943 	70.604530 	69.202599 	126.810883 	65.215027 	128.972870 	71.847061 	39.962482 	27.202942 	42.544094 	31.906113 	38.948685 	126.574089 	39.824615 	23.853722 	37.121422 	41.146080 	99.624290 	112.445541 	40.311287 	12.806249 	25.632011 	36.055511 	44.598206 	66.708321 	27.202942 	4.472136 	28.160255 	34.481880 	24.738634 	29.832869 	26.683329 	123.846680 	93.536087 	32.557640 	119.620232 	999.000000 	89.000000 	134.063416 	8.062258 	74.672615 	122.065559 	129.807556 	32.062439 	124.277916 	23.086792 	130.207520 	127.062973 	123.975807 	104.201729 	
53.851646 	59.304298 	76.059189 	48.259712 	49.477268 	34.365681 	30.805843 	26.925823 	47.801674 	33.526108 	32.140316 	24.698177 	72.034714 	30.364452 	28.442924 	23.537205 	24.331051 	25.179358 	56.142673 	27.018513 	58.215118 	21.095022 	49.396355 	62.393909 	46.615448 	57.384666 	50.159744 	50.990196 	49.244289 	65.391129 	51.894123 	47.853943 	19.026299 	32.015621 	48.764740 	76.557167 	63.529522 	53.338543 	44.944408 	22.472204 	62.265560 	89.157166 	61.400326 	55.226807 	65.000000 	60.207973 	63.285069 	41.629318 	6.324555 	58.249462 	35.355339 	89.000000 	999.000000 	52.801514 	82.365044 	16.401220 	36.891735 	46.141087 	60.605282 	38.832977 	70.213959 	45.486263 	41.617306 	37.802116 	15.264338 	
42.047592 	91.241440 	110.476242 	82.152298 	34.000000 	70.604530 	66.219330 	63.126858 	35.057095 	35.777088 	70.292244 	59.548298 	112.645462 	64.202805 	65.946945 	62.241467 	63.655323 	65.069191 	19.697716 	69.296463 	19.723083 	62.968246 	94.762863 	106.962608 	92.633690 	102.591423 	96.166519 	12.165525 	95.462036 	110.453613 	98.290382 	94.794518 	35.805027 	22.022715 	96.260063 	121.264175 	110.308655 	101.237343 	93.723000 	72.670486 	109.622078 	133.060135 	108.931168 	103.392456 	112.449989 	108.300507 	111.072052 	11.180340 	46.518814 	107.056061 	17.720045 	134.063416 	52.801514 	999.000000 	128.763351 	68.883957 	17.117243 	8.062258 	110.113579 	16.000000 	119.004204 	10.440307 	14.142136 	18.027756 	41.000000 	
103.942291 	47.801674 	37.215588 	51.000000 	106.508217 	58.898216 	63.031738 	65.764732 	104.292854 	95.015785 	58.728188 	69.296463 	23.086792 	65.192024 	62.936478 	66.528191 	65.115280 	63.702435 	122.441826 	59.548298 	124.631454 	66.068146 	34.058773 	22.022715 	36.400551 	26.172504 	32.802441 	121.753853 	33.600594 	18.439089 	30.805843 	34.669872 	93.861603 	106.962608 	33.615471 	9.219544 	18.867962 	29.068884 	37.576588 	59.941639 	20.124611 	11.180340 	21.023796 	27.313000 	17.464249 	22.472204 	19.313208 	118.342720 	87.132080 	25.000000 	113.850777 	8.062258 	82.365044 	128.763351 	999.000000 	67.623962 	116.211014 	124.197426 	24.186773 	118.406082 	15.033297 	124.470879 	121.210564 	118.004234 	97.616600 	
