Total assets = 549
Number of asset nodes = 33

Distance:
999.000000 	12.041595 	6.324555 	87.132080 	22.472204 	45.650848 	10.049875 	68.117546 	40.224369 	11.180340 	56.824291 	58.728188 	9.219544 	19.416489 	88.005684 	26.570660 	52.801514 	90.426765 	13.892444 	98.229324 	53.254108 	24.166092 	14.142136 	74.249580 	26.305893 	83.546394 	72.180328 	22.803509 	35.227829 	17.691807 	92.195442 	31.304953 	54.561890 	42.638012 	65.802734 	24.331051 	86.278618 	29.732138 	35.777088 	45.354160 	43.908997 	89.872131 	43.566040 	70.491135 	46.647614 	31.016125 	27.202942 	65.069191 	47.010635 	27.586229 	68.000000 	
12.041595 	999.000000 	18.027756 	98.737022 	34.409302 	34.014702 	21.023796 	80.056229 	52.201534 	7.615773 	45.188496 	70.767227 	15.033297 	30.463093 	99.809822 	38.013157 	64.815125 	102.303467 	16.492422 	110.000000 	65.215027 	14.035668 	19.104973 	86.278618 	37.000000 	95.524864 	84.219948 	14.317822 	23.706539 	22.360680 	104.139328 	20.615528 	42.520584 	30.805843 	77.801025 	33.241539 	98.290382 	20.024984 	25.000000 	56.302753 	32.695564 	101.911728 	54.120235 	82.377182 	35.341194 	24.351591 	32.015621 	53.037724 	35.846897 	31.016125 	79.755875 	
6.324555 	18.027756 	999.000000 	82.365044 	16.401220 	51.884487 	4.123106 	62.801273 	34.205261 	15.264338 	63.063461 	53.037724 	9.000000 	13.152946 	82.927681 	20.248457 	46.861500 	85.211502 	14.035668 	93.193344 	47.201694 	28.844410 	12.649111 	68.622154 	20.099751 	78.102493 	66.468040 	26.832815 	40.459858 	15.652476 	86.833176 	36.055511 	60.440052 	48.104053 	59.816387 	18.973665 	80.721741 	34.000000 	40.496914 	39.051247 	48.826221 	84.148682 	37.336308 	64.350601 	51.613953 	33.734257 	24.083189 	70.837845 	51.865211 	25.238859 	61.773781 	
87.132080 	98.737022 	82.365044 	999.000000 	67.623962 	128.887543 	81.394104 	22.090721 	52.630791 	97.616600 	139.344894 	34.132095 	90.338257 	75.026665 	6.708204 	68.308128 	42.190044 	10.440307 	94.429871 	12.529964 	44.045429 	111.139549 	91.389275 	23.086792 	72.801102 	15.620500 	25.961510 	109.178749 	122.331520 	92.114059 	14.560220 	118.338501 	140.246216 	129.529922 	35.693138 	81.043198 	18.439089 	116.361504 	122.800652 	63.031738 	131.026718 	23.853722 	67.067131 	39.560081 	133.775925 	115.039124 	93.145050 	151.029800 	134.111893 	96.566040 	44.271889 	
22.472204 	34.409302 	16.401220 	67.623962 	999.000000 	68.095520 	14.212670 	47.169907 	17.804493 	31.144823 	79.259071 	36.878178 	23.021729 	8.000000 	67.601776 	6.708204 	30.479502 	69.641945 	26.832815 	77.897369 	30.805843 	44.687805 	23.769728 	52.497620 	10.630146 	62.201286 	50.249378 	42.201897 	56.586216 	24.738634 	71.028160 	51.855568 	76.837494 	64.350601 	43.416588 	16.763054 	64.660652 	49.406479 	56.222771 	25.019993 	64.660652 	67.896980 	24.515301 	48.020828 	67.475922 	47.423622 	28.160255 	87.206650 	67.623962 	31.016125 	45.617977 	
45.650848 	34.014702 	51.884487 	128.887543 	68.095520 	999.000000 	55.036350 	111.946419 	85.755463 	39.560081 	11.180340 	103.600197 	48.383881 	64.474800 	130.816666 	72.013885 	98.183502 	133.660019 	48.052055 	140.758652 	98.792709 	30.000000 	51.419842 	118.848640 	70.936592 	127.561752 	117.004272 	34.000000 	21.189621 	53.935146 	135.882309 	26.683329 	14.035668 	17.029387 	111.220505 	66.483078 	130.598618 	30.594116 	26.000000 	90.249657 	24.083189 	134.629120 	87.920418 	116.107712 	24.083189 	40.024994 	62.289646 	24.041630 	25.495098 	60.074955 	113.648582 	
10.049875 	21.023796 	4.123106 	81.394104 	14.212670 	55.036350 	999.000000 	61.294373 	31.827662 	16.970562 	66.211784 	51.088158 	8.944272 	9.486833 	81.633324 	17.000000 	44.553337 	83.761566 	13.341664 	91.923882 	44.687805 	30.479502 	11.000000 	66.708321 	16.278820 	76.400261 	64.443771 	28.017851 	42.426407 	13.341664 	85.211502 	37.643059 	63.007935 	50.249378 	57.384666 	14.866069 	78.873314 	35.227829 	42.011902 	35.440090 	50.447994 	82.073135 	33.541019 	61.611687 	53.263496 	33.837849 	20.808653 	73.246162 	53.413483 	22.360680 	58.830265 	
68.117546 	80.056229 	62.801273 	22.090721 	47.169907 	111.946419 	61.294373 	999.000000 	31.016125 	78.006409 	122.788437 	12.041595 	70.178345 	54.120235 	20.615528 	47.010635 	20.099751 	22.472204 	73.925636 	30.870699 	22.000000 	91.607857 	70.710678 	9.000000 	51.264023 	15.620500 	9.486833 	89.308456 	103.232750 	71.112587 	24.083189 	98.812958 	122.347862 	110.751976 	15.811388 	59.464275 	18.867962 	96.519424 	103.227905 	41.000000 	111.606453 	23.769728 	45.011108 	21.931713 	114.402794 	94.413979 	71.470276 	133.003754 	114.621117 	74.946648 	25.612497 	
40.224369 	52.201534 	34.205261 	52.630791 	17.804493 	85.755463 	31.827662 	31.016125 	999.000000 	48.795490 	96.896851 	19.723083 	40.360870 	23.600847 	51.623638 	16.124516 	12.727922 	53.225933 	43.600460 	61.846584 	13.038404 	62.241467 	40.224369 	35.227829 	20.248457 	45.276924 	32.802441 	59.548298 	74.249580 	40.311287 	54.203320 	69.354164 	94.641426 	82.073135 	25.612497 	28.460499 	47.434166 	66.708321 	73.661385 	16.278820 	82.134033 	50.328918 	18.867962 	30.413813 	84.958817 	63.812225 	40.521599 	104.995239 	85.041168 	43.965897 	28.460499 	
11.180340 	7.615773 	15.264338 	97.616600 	31.144823 	39.560081 	16.970562 	78.006409 	48.795490 	999.000000 	50.596443 	68.014702 	8.944272 	25.806976 	98.183502 	33.600594 	61.522354 	100.439034 	9.055386 	108.452751 	61.619801 	13.601471 	12.041595 	83.630135 	31.764761 	93.236259 	81.394104 	11.704700 	25.455845 	15.033297 	102.004898 	20.808653 	46.324940 	33.301651 	74.330345 	26.925823 	95.775780 	18.788294 	25.238859 	50.990196 	33.600594 	99.035347 	48.466484 	78.409180 	36.400551 	20.024984 	24.515301 	56.400356 	36.619667 	23.409399 	75.451973 	
56.824291 	45.188496 	63.063461 	139.344894 	79.259071 	11.180340 	66.211784 	122.788437 	96.896851 	50.596443 	999.000000 	114.621117 	59.464275 	75.643906 	141.449631 	83.192551 	109.293182 	144.360657 	58.940647 	151.320847 	109.931801 	40.311287 	62.361847 	129.807556 	82.079231 	138.408813 	128.003906 	44.283180 	30.066593 	64.761101 	146.659470 	36.013885 	12.727922 	23.769728 	122.331520 	77.491936 	141.495590 	40.012497 	34.365681 	101.390335 	30.083218 	145.602203 	99.020203 	127.263504 	29.068884 	49.162994 	72.835434 	18.248287 	30.413813 	70.455658 	124.823875 	
58.728188 	70.767227 	53.037724 	34.132095 	36.878178 	103.600197 	51.088158 	12.041595 	19.723083 	68.014702 	114.621117 	999.000000 	59.816387 	43.266617 	32.280025 	35.846897 	8.062258 	33.615471 	63.245552 	42.379242 	10.049875 	81.565926 	59.908264 	15.620500 	39.812057 	25.553865 	13.453624 	79.025314 	93.434471 	60.033325 	34.481880 	88.729927 	113.278419 	101.138519 	10.049875 	47.927029 	27.802877 	86.214851 	93.085983 	29.017237 	101.533249 	31.144823 	33.000000 	17.262676 	104.350372 	83.528435 	59.808025 	123.794182 	104.484451 	63.324562 	18.788294 	
9.219544 	15.033297 	9.000000 	90.338257 	23.021729 	48.383881 	8.944272 	70.178345 	40.360870 	8.944272 	59.464275 	59.816387 	999.000000 	17.029387 	90.553848 	24.839485 	53.075417 	92.649879 	5.099020 	100.846420 	53.037724 	21.931713 	5.000000 	75.432091 	22.825424 	85.211502 	73.109505 	19.209373 	34.058773 	8.602325 	94.047859 	29.000000 	55.226807 	42.011902 	65.764732 	18.248287 	87.618492 	26.400757 	33.301651 	42.047592 	41.773197 	90.686272 	39.560081 	69.656296 	44.598206 	25.000000 	18.357559 	65.215027 	44.687805 	18.439089 	66.610809 	
19.416489 	30.463093 	13.152946 	75.026665 	8.000000 	64.474800 	9.486833 	54.120235 	23.600847 	25.806976 	75.643906 	43.266617 	17.029387 	999.000000 	74.686012 	7.810250 	36.235340 	76.537575 	20.000000 	84.970581 	36.069378 	38.948685 	16.643316 	58.821766 	7.000000 	68.796799 	56.400356 	36.069378 	51.088158 	17.088007 	77.698135 	45.967381 	72.111023 	59.033890 	48.795490 	9.433981 	71.028160 	43.185646 	50.209560 	25.961510 	58.694122 	73.878281 	24.186773 	52.630791 	61.522354 	40.311287 	20.223749 	82.200974 	61.554855 	23.021729 	49.648766 	
88.005684 	99.809822 	82.927681 	6.708204 	67.601776 	130.816666 	81.633324 	20.615528 	51.623638 	98.183502 	141.449631 	32.280025 	90.553848 	74.686012 	999.000000 	67.623962 	40.261642 	4.000000 	94.413979 	10.295630 	41.773197 	111.772087 	91.241440 	19.026299 	71.867935 	9.848858 	22.022715 	109.603828 	123.223373 	91.706055 	8.062258 	118.983192 	141.767410 	130.602448 	32.015621 	80.056229 	12.041595 	116.811813 	123.422043 	60.530983 	131.745972 	17.204651 	64.629715 	34.928497 	134.525085 	114.947815 	92.027168 	152.502457 	134.792435 	95.519630 	39.812057 	
26.570660 	38.013157 	20.248457 	68.308128 	6.708204 	72.013885 	17.000000 	47.010635 	16.124516 	33.600594 	83.192551 	35.846897 	24.839485 	7.810250 	67.623962 	999.000000 	28.600698 	69.318108 	27.658634 	77.878113 	28.319605 	46.754681 	24.207438 	51.312767 	5.099020 	61.400326 	48.826221 	43.840622 	58.898216 	24.186773 	70.327805 	53.758720 	79.881165 	66.843102 	41.036568 	13.038404 	63.513779 	50.931328 	57.982758 	19.104973 	66.468040 	66.219330 	18.110771 	44.821869 	69.296463 	47.707443 	25.179358 	90.000000 	69.310890 	28.442924 	41.880783 	
52.801514 	64.815125 	46.861500 	42.190044 	30.479502 	98.183502 	44.553337 	20.099751 	12.727922 	61.522354 	109.293182 	8.062258 	53.075417 	36.235340 	40.261642 	28.600698 	999.000000 	41.436699 	56.222771 	50.289165 	2.828427 	74.966660 	52.801514 	22.825424 	32.249031 	33.105892 	20.248457 	72.249565 	86.977005 	52.697250 	42.047592 	82.073135 	107.298645 	94.794518 	13.038404 	40.249222 	34.985710 	79.397736 	86.371292 	21.095022 	94.847244 	37.643059 	25.019993 	18.681541 	97.672920 	76.275818 	52.000000 	117.686020 	97.744568 	55.542778 	18.000000 	
90.426765 	102.303467 	85.211502 	10.440307 	69.641945 	133.660019 	83.761566 	22.472204 	53.225933 	100.439034 	144.360657 	33.615471 	92.649879 	76.537575 	4.000000 	69.318108 	41.436699 	999.000000 	96.384644 	9.055386 	42.720020 	114.039467 	93.150414 	19.235384 	73.409805 	9.000000 	22.203604 	111.772087 	125.602547 	93.477272 	4.123106 	121.247681 	144.422989 	133.060135 	32.140316 	81.541397 	9.848858 	118.983192 	125.670204 	61.188232 	134.033585 	14.142136 	65.306969 	34.234486 	136.824707 	116.846054 	93.407707 	155.128983 	137.058380 	96.932968 	39.204590 	
13.892444 	16.492422 	14.035668 	94.429871 	26.832815 	48.052055 	13.341664 	73.925636 	43.600460 	9.055386 	58.940647 	63.245552 	5.099020 	20.000000 	94.413979 	27.658634 	56.222771 	96.384644 	999.000000 	104.709122 	55.973209 	19.723083 	3.605551 	78.816238 	24.839485 	88.752464 	76.400261 	16.401220 	31.906113 	6.000000 	97.637085 	26.400757 	53.665630 	39.962482 	68.680420 	18.788294 	91.021973 	23.345236 	30.479502 	43.566040 	38.948685 	93.861603 	40.706264 	72.180328 	41.773197 	20.615528 	15.524175 	63.285069 	41.725292 	14.764823 	68.883957 	
98.229324 	110.000000 	93.193344 	12.529964 	77.897369 	140.758652 	91.923882 	30.870699 	61.846584 	108.452751 	151.320847 	42.379242 	100.846420 	84.970581 	10.295630 	77.878113 	50.289165 	9.055386 	104.709122 	999.000000 	51.662365 	122.036880 	101.533249 	28.284271 	82.079231 	18.027756 	31.257000 	119.887444 	133.454117 	101.980392 	10.440307 	129.247818 	151.855194 	140.801285 	41.194660 	90.249657 	18.248287 	127.094452 	133.689941 	70.213959 	142.003525 	21.023796 	74.330345 	43.104523 	144.779144 	125.239769 	102.181213 	162.606888 	145.055161 	105.688217 	48.093658 	
53.254108 	65.215027 	47.201694 	44.045429 	30.805843 	98.792709 	44.687805 	22.000000 	13.038404 	61.619801 	109.931801 	10.049875 	53.037724 	36.069378 	41.773197 	28.319605 	2.828427 	42.720020 	55.973209 	51.662365 	999.000000 	74.966660 	52.497620 	23.769728 	31.622776 	34.176014 	21.023796 	72.138756 	87.045967 	52.201534 	43.081318 	82.024384 	107.615051 	94.921021 	12.727922 	39.446167 	35.777088 	79.246452 	86.278618 	19.000000 	94.762863 	38.013157 	23.021729 	17.464249 	97.590981 	75.802376 	50.990196 	117.923706 	97.621719 	54.561890 	16.124516 	
24.166092 	14.035668 	28.844410 	111.139549 	44.687805 	30.000000 	30.479502 	91.607857 	62.241467 	13.601471 	40.311287 	81.565926 	21.931713 	38.948685 	111.772087 	46.754681 	74.966660 	114.039467 	19.723083 	122.036880 	74.966660 	999.000000 	23.323807 	97.185387 	44.407207 	106.826965 	94.921021 	4.000000 	12.206555 	25.079872 	115.602768 	7.211102 	34.014702 	20.248457 	87.692642 	38.470768 	109.343498 	6.000000 	11.661903 	63.285069 	20.000000 	112.538879 	60.415230 	91.547798 	22.803509 	12.727922 	32.557640 	43.566040 	23.021729 	30.149628 	88.408142 	
14.142136 	19.104973 	12.649111 	91.389275 	23.769728 	51.419842 	11.000000 	70.710678 	40.224369 	12.041595 	62.361847 	59.908264 	5.000000 	16.643316 	91.241440 	24.207438 	52.801514 	93.150414 	3.605551 	101.533249 	52.497620 	23.323807 	999.000000 	75.451973 	21.260292 	85.440041 	73.006851 	20.000000 	35.510563 	3.605551 	94.339813 	30.000000 	57.245087 	43.566040 	65.192024 	15.231546 	87.658424 	26.907248 	34.058773 	39.962482 	42.520584 	90.426765 	37.121422 	68.622154 	45.343136 	23.706539 	13.416408 	66.887962 	45.276924 	13.453624 	65.299309 	
74.249580 	86.278618 	68.622154 	23.086792 	52.497620 	118.848640 	66.708321 	9.000000 	35.227829 	83.630135 	129.807556 	15.620500 	75.432091 	58.821766 	19.026299 	51.312767 	22.825424 	19.235384 	78.816238 	28.284271 	23.769728 	97.185387 	75.451973 	999.000000 	55.072678 	10.440307 	3.000000 	94.641426 	109.041275 	75.471848 	19.313208 	104.350372 	128.763351 	116.726173 	13.000000 	63.063461 	12.206555 	101.828285 	108.706024 	41.976185 	117.153748 	15.811388 	46.097721 	16.552946 	119.970833 	99.020203 	74.732857 	139.316193 	120.104118 	78.294319 	21.189621 	
26.305893 	37.000000 	20.099751 	72.801102 	10.630146 	70.936592 	16.278820 	51.264023 	20.248457 	31.764761 	82.079231 	39.812057 	22.825424 	7.000000 	71.867935 	5.099020 	32.249031 	73.409805 	24.839485 	82.079231 	31.622776 	44.407207 	21.260292 	55.072678 	999.000000 	65.299309 	52.478565 	41.231056 	56.612720 	20.615528 	74.242844 	51.224995 	78.032043 	64.637451 	44.204071 	8.246211 	67.230942 	48.166378 	55.317268 	19.313208 	63.780876 	69.634758 	17.262676 	47.381432 	66.603302 	44.204071 	20.396078 	87.920418 	66.528191 	23.769728 	44.045429 	
83.546394 	95.524864 	78.102493 	15.620500 	62.201286 	127.561752 	76.400261 	15.620500 	45.276924 	93.236259 	138.408813 	25.553865 	85.211502 	68.796799 	9.848858 	61.400326 	33.105892 	9.000000 	88.752464 	18.027756 	34.176014 	106.826965 	85.440041 	10.440307 	65.299309 	999.000000 	13.341664 	104.403069 	118.562218 	85.586212 	8.944272 	114.017540 	137.887634 	126.150703 	23.194826 	73.348480 	4.000000 	111.606453 	118.406082 	52.392746 	126.822708 	10.049875 	56.515484 	25.317978 	129.630249 	109.077957 	85.088188 	148.519363 	129.807556 	88.639717 	30.265491 	
72.180328 	84.219948 	66.468040 	25.961510 	50.249378 	117.004272 	64.443771 	9.486833 	32.802441 	81.394104 	128.003906 	13.453624 	73.109505 	56.400356 	22.022715 	48.826221 	20.248457 	22.203604 	76.400261 	31.257000 	21.023796 	94.921021 	73.006851 	3.000000 	52.478565 	13.341664 	999.000000 	92.314682 	106.831642 	72.945183 	22.135944 	102.068604 	126.732002 	114.560028 	10.000000 	60.415230 	14.764823 	99.488693 	106.404884 	39.051247 	114.865135 	17.691807 	43.174065 	13.892444 	117.686020 	96.519424 	72.013885 	137.244308 	117.796432 	75.584389 	18.384777 	
22.803509 	14.317822 	26.832815 	109.178749 	42.201897 	34.000000 	28.017851 	89.308456 	59.548298 	11.704700 	44.283180 	79.025314 	19.209373 	36.069378 	109.603828 	43.840622 	72.249565 	111.772087 	16.401220 	119.887444 	72.138756 	4.000000 	20.000000 	94.641426 	41.231056 	104.403069 	92.314682 	999.000000 	15.652476 	21.470911 	113.225441 	10.000000 	37.696156 	23.706539 	84.864601 	34.985710 	106.826965 	7.211102 	14.142136 	59.908264 	22.627417 	109.877205 	56.938564 	88.526833 	25.455845 	10.295630 	28.635643 	47.010635 	25.495098 	26.172504 	85.276024 	
35.227829 	23.706539 	40.459858 	122.331520 	56.586216 	21.189621 	42.426407 	103.232750 	74.249580 	25.455845 	30.066593 	93.434471 	34.058773 	51.088158 	123.223373 	58.898216 	86.977005 	125.602547 	31.906113 	133.454117 	87.045967 	12.206555 	35.510563 	109.041275 	56.612720 	118.562218 	106.831642 	15.652476 	999.000000 	37.121422 	127.283150 	6.082763 	22.135944 	8.062258 	99.764725 	50.606323 	121.165176 	10.049875 	5.000000 	75.471848 	9.219544 	124.482933 	72.560318 	103.711136 	11.704700 	19.104973 	43.965897 	31.384710 	12.369317 	41.231056 	100.603180 	
17.691807 	22.360680 	15.652476 	92.114059 	24.738634 	53.935146 	13.341664 	71.112587 	40.311287 	15.033297 	64.761101 	60.033325 	8.602325 	17.088007 	91.706055 	24.186773 	52.697250 	93.477272 	6.000000 	101.980392 	52.201534 	25.079872 	3.605551 	75.471848 	20.615528 	85.586212 	72.945183 	21.470911 	37.121422 	999.000000 	94.514549 	31.384710 	59.093147 	45.177429 	64.815125 	13.601471 	87.664131 	28.017851 	35.227829 	38.600517 	43.600460 	90.210861 	35.510563 	67.896980 	46.400433 	23.600847 	9.848858 	68.476273 	46.227695 	9.899495 	64.381676 	
92.195442 	104.139328 	86.833176 	14.560220 	71.028160 	135.882309 	85.211502 	24.083189 	54.203320 	102.004898 	146.659470 	34.481880 	94.047859 	77.698135 	8.062258 	70.327805 	42.047592 	4.123106 	97.637085 	10.440307 	43.081318 	115.602768 	94.339813 	19.313208 	74.242844 	8.944272 	22.135944 	113.225441 	127.283150 	94.514549 	999.000000 	122.800652 	146.413803 	134.825821 	31.780497 	82.292160 	8.000000 	120.432556 	127.200630 	61.131008 	135.602356 	10.816654 	65.253349 	33.000000 	138.405197 	117.991524 	94.021271 	157.079605 	138.600143 	97.575615 	38.000000 	
31.304953 	20.615528 	36.055511 	118.338501 	51.855568 	26.683329 	37.643059 	98.812958 	69.354164 	20.808653 	36.013885 	88.729927 	29.000000 	45.967381 	118.983192 	53.758720 	82.073135 	121.247681 	26.400757 	129.247818 	82.024384 	7.211102 	30.000000 	104.350372 	51.224995 	114.017540 	102.068604 	10.000000 	6.082763 	31.384710 	122.800652 	999.000000 	28.160255 	13.928389 	94.752312 	44.944408 	116.516090 	4.000000 	4.472136 	69.892776 	12.806249 	119.670380 	66.887962 	98.493652 	15.620500 	13.341664 	37.947330 	37.121422 	15.811388 	35.171009 	95.268044 	
54.561890 	42.520584 	60.440052 	140.246216 	76.837494 	14.035668 	63.007935 	122.347862 	94.641426 	46.324940 	12.727922 	113.278419 	55.226807 	72.111023 	141.767410 	79.881165 	107.298645 	144.422989 	53.665630 	151.855194 	107.615051 	34.014702 	57.245087 	128.763351 	78.032043 	137.887634 	126.732002 	37.696156 	22.135944 	59.093147 	146.413803 	28.160255 	999.000000 	14.317822 	120.253899 	72.449982 	140.730240 	32.015621 	25.317978 	97.128784 	19.104973 	144.422989 	94.366310 	124.619423 	17.464249 	40.311287 	66.098412 	10.816654 	18.681541 	63.324562 	121.757957 	
42.638012 	30.805843 	48.104053 	129.529922 	64.350601 	17.029387 	50.249378 	110.751976 	82.073135 	33.301651 	23.769728 	101.138519 	42.011902 	59.033890 	130.602448 	66.843102 	94.794518 	133.060135 	39.962482 	140.801285 	94.921021 	20.248457 	43.566040 	116.726173 	64.637451 	126.150703 	114.560028 	23.706539 	8.062258 	45.177429 	134.825821 	13.928389 	14.317822 	999.000000 	107.628990 	58.668560 	128.817703 	17.720045 	11.045361 	83.528435 	7.071068 	132.230865 	80.622574 	111.664673 	7.615773 	26.076809 	51.865211 	23.323807 	8.944272 	49.040798 	108.600182 	
65.802734 	77.801025 	59.816387 	35.693138 	43.416588 	111.220505 	57.384666 	15.811388 	25.612497 	74.330345 	122.331520 	10.049875 	65.764732 	48.795490 	32.015621 	41.036568 	13.038404 	32.140316 	68.680420 	41.194660 	12.727922 	87.692642 	65.192024 	13.000000 	44.204071 	23.194826 	10.000000 	84.864601 	99.764725 	64.815125 	31.780497 	94.752312 	120.253899 	107.628990 	999.000000 	51.865211 	24.041630 	91.967384 	99.005051 	29.410883 	107.489532 	25.553865 	33.526108 	7.280110 	110.317726 	88.408142 	63.134777 	130.598618 	110.344917 	66.730804 	9.899495 	
24.331051 	33.241539 	18.973665 	81.043198 	16.763054 	66.483078 	14.866069 	59.464275 	28.460499 	26.925823 	77.491936 	47.927029 	18.248287 	9.433981 	80.056229 	13.038404 	40.249222 	81.541397 	18.788294 	90.249657 	39.446167 	38.470768 	15.231546 	63.063461 	8.246211 	73.348480 	60.415230 	34.985710 	50.606323 	13.601471 	82.292160 	44.944408 	72.449982 	58.668560 	51.865211 	999.000000 	75.179787 	41.617306 	48.826221 	25.000000 	57.201397 	77.388626 	21.954498 	54.561890 	60.000000 	36.796738 	12.165525 	81.987801 	59.816387 	15.524175 	50.911690 	
86.278618 	98.290382 	80.721741 	18.439089 	64.660652 	130.598618 	78.873314 	18.867962 	47.434166 	95.775780 	141.495590 	27.802877 	87.618492 	71.028160 	12.041595 	63.513779 	34.985710 	9.848858 	91.021973 	18.248287 	35.777088 	109.343498 	87.658424 	12.206555 	67.230942 	4.000000 	14.764823 	106.826965 	121.165176 	87.664131 	8.000000 	116.516090 	140.730240 	128.817703 	24.041630 	75.179787 	999.000000 	114.017540 	120.880104 	53.450912 	129.321304 	6.082763 	57.567352 	25.000000 	132.136292 	111.220505 	86.764046 	151.320847 	132.279999 	90.338257 	30.000000 	
29.732138 	20.024984 	34.000000 	116.361504 	49.406479 	30.594116 	35.227829 	96.519424 	66.708321 	18.788294 	40.012497 	86.214851 	26.400757 	43.185646 	116.811813 	50.931328 	79.397736 	118.983192 	23.345236 	127.094452 	79.246452 	6.000000 	26.907248 	101.828285 	48.166378 	111.606453 	99.488693 	7.211102 	10.049875 	28.017851 	120.432556 	4.000000 	32.015621 	17.720045 	91.967384 	41.617306 	114.017540 	999.000000 	7.211102 	66.610809 	15.620500 	117.034180 	63.513779 	95.524864 	18.439089 	9.486833 	34.176014 	40.718548 	18.384777 	31.320919 	92.195442 	
35.777088 	25.000000 	40.496914 	122.800652 	56.222771 	26.000000 	42.011902 	103.227905 	73.661385 	25.238859 	34.365681 	93.085983 	33.301651 	50.209560 	123.422043 	57.982758 	86.371292 	125.670204 	30.479502 	133.689941 	86.278618 	11.661903 	34.058773 	108.706024 	55.317268 	118.406082 	106.404884 	14.142136 	5.000000 	35.227829 	127.200630 	4.472136 	25.317978 	11.045361 	99.005051 	48.826221 	120.880104 	7.211102 	999.000000 	73.817345 	8.485281 	123.987900 	70.724815 	102.649887 	11.313708 	15.033297 	41.231056 	33.615471 	11.401754 	38.275318 	99.357941 	
45.354160 	56.302753 	39.051247 	63.031738 	25.019993 	90.249657 	35.440090 	41.000000 	16.278820 	50.990196 	101.390335 	29.017237 	42.047592 	25.961510 	60.530983 	19.104973 	21.095022 	61.188232 	43.566040 	70.213959 	19.000000 	63.285069 	39.962482 	41.976185 	19.313208 	52.392746 	39.051247 	59.908264 	75.471848 	38.600517 	61.131008 	69.892776 	97.128784 	83.528435 	29.410883 	25.000000 	53.450912 	66.610809 	73.817345 	999.000000 	82.200974 	54.625999 	4.123106 	30.528675 	85.000000 	61.554855 	34.828148 	106.850365 	84.811554 	38.418747 	26.400757 	
43.908997 	32.695564 	48.826221 	131.026718 	64.660652 	24.083189 	50.447994 	111.606453 	82.134033 	33.600594 	30.083218 	101.533249 	41.773197 	58.694122 	131.745972 	66.468040 	94.847244 	134.033585 	38.948685 	142.003525 	94.762863 	20.000000 	42.520584 	117.153748 	63.780876 	126.822708 	114.865135 	22.627417 	9.219544 	43.600460 	135.602356 	12.806249 	19.104973 	7.071068 	107.489532 	57.201397 	129.321304 	15.620500 	8.485281 	82.200974 	999.000000 	132.457535 	79.056938 	111.126053 	2.828427 	22.135944 	49.193497 	25.961510 	3.162278 	46.097721 	107.814659 	
89.872131 	101.911728 	84.148682 	23.853722 	67.896980 	134.629120 	82.073135 	23.769728 	50.328918 	99.035347 	145.602203 	31.144823 	90.686272 	73.878281 	17.204651 	66.219330 	37.643059 	14.142136 	93.861603 	21.023796 	38.013157 	112.538879 	90.426765 	15.811388 	69.634758 	10.049875 	17.691807 	109.877205 	124.482933 	90.210861 	10.816654 	119.670380 	144.422989 	132.230865 	25.553865 	77.388626 	6.082763 	117.034180 	123.987900 	54.625999 	132.457535 	999.000000 	58.694122 	24.738634 	135.281189 	113.811249 	88.684837 	154.935471 	135.369858 	92.282173 	29.614185 	
43.566040 	54.120235 	37.336308 	67.067131 	24.515301 	87.920418 	33.541019 	45.011108 	18.867962 	48.466484 	99.020203 	33.000000 	39.560081 	24.186773 	64.629715 	18.110771 	25.019993 	65.306969 	40.706264 	74.330345 	23.021729 	60.415230 	37.121422 	46.097721 	17.262676 	56.515484 	43.174065 	56.938564 	72.560318 	35.510563 	65.253349 	66.887962 	94.366310 	80.622574 	33.526108 	21.954498 	57.567352 	63.513779 	70.724815 	4.123106 	79.056938 	58.694122 	999.000000 	34.481880 	81.841309 	58.137768 	31.144823 	103.942291 	81.608826 	34.713108 	30.232433 	
70.491135 	82.377182 	64.350601 	39.560081 	48.020828 	116.107712 	61.611687 	21.931713 	30.413813 	78.409180 	127.263504 	17.262676 	69.656296 	52.630791 	34.928497 	44.821869 	18.681541 	34.234486 	72.180328 	43.104523 	17.464249 	91.547798 	68.622154 	16.552946 	47.381432 	25.317978 	13.892444 	88.526833 	103.711136 	67.896980 	33.000000 	98.493652 	124.619423 	111.664673 	7.280110 	54.561890 	25.000000 	95.524864 	102.649887 	30.528675 	111.126053 	24.738634 	34.481880 	999.000000 	113.951744 	91.350975 	65.215027 	134.807266 	113.899078 	68.818604 	5.000000 	
46.647614 	35.341194 	51.613953 	133.775925 	67.475922 	24.083189 	53.263496 	114.402794 	84.958817 	36.400551 	29.068884 	104.350372 	44.598206 	61.522354 	134.525085 	69.296463 	97.672920 	136.824707 	41.773197 	144.779144 	97.590981 	22.803509 	45.343136 	119.970833 	66.603302 	129.630249 	117.686020 	25.455845 	11.704700 	46.400433 	138.405197 	15.620500 	17.464249 	7.615773 	110.317726 	60.000000 	132.136292 	18.439089 	11.313708 	85.000000 	2.828427 	135.281189 	81.841309 	113.951744 	999.000000 	24.698177 	51.884487 	23.537205 	1.414214 	48.754486 	110.634537 	
31.016125 	24.351591 	33.734257 	115.039124 	47.423622 	40.024994 	33.837849 	94.413979 	63.812225 	20.024984 	49.162994 	83.528435 	25.000000 	40.311287 	114.947815 	47.707443 	76.275818 	116.846054 	20.615528 	125.239769 	75.802376 	12.727922 	23.706539 	99.020203 	44.204071 	109.077957 	96.519424 	10.295630 	19.104973 	23.600847 	117.991524 	13.341664 	40.311287 	26.076809 	88.408142 	36.796738 	111.220505 	9.486833 	15.033297 	61.554855 	22.135944 	113.811249 	58.137768 	91.350975 	24.698177 	999.000000 	27.459061 	48.083260 	24.166092 	24.186773 	87.692642 	
27.202942 	32.015621 	24.083189 	93.145050 	28.160255 	62.289646 	20.808653 	71.470276 	40.521599 	24.515301 	72.835434 	59.808025 	18.357559 	20.223749 	92.027168 	25.179358 	52.000000 	93.407707 	15.524175 	102.181213 	50.990196 	32.557640 	13.416408 	74.732857 	20.396078 	85.088188 	72.013885 	28.635643 	43.965897 	9.848858 	94.021271 	37.947330 	66.098412 	51.865211 	63.134777 	12.165525 	86.764046 	34.176014 	41.231056 	34.828148 	49.193497 	88.684837 	31.144823 	65.215027 	51.884487 	27.459061 	999.000000 	74.846512 	51.478149 	3.605551 	61.220913 	
65.069191 	53.037724 	70.837845 	151.029800 	87.206650 	24.041630 	73.246162 	133.003754 	104.995239 	56.400356 	18.248287 	123.794182 	65.215027 	82.200974 	152.502457 	90.000000 	117.686020 	155.128983 	63.285069 	162.606888 	117.923706 	43.566040 	66.887962 	139.316193 	87.920418 	148.519363 	137.244308 	47.010635 	31.384710 	68.476273 	157.079605 	37.121422 	10.816654 	23.323807 	130.598618 	81.987801 	151.320847 	40.718548 	33.615471 	106.850365 	25.961510 	154.935471 	103.942291 	134.807266 	23.537205 	48.083260 	74.846512 	999.000000 	24.331051 	71.867935 	131.825638 	
47.010635 	35.846897 	51.865211 	134.111893 	67.623962 	25.495098 	53.413483 	114.621117 	85.041168 	36.619667 	30.413813 	104.484451 	44.687805 	61.554855 	134.792435 	69.310890 	97.744568 	137.058380 	41.725292 	145.055161 	97.621719 	23.021729 	45.276924 	120.104118 	66.528191 	129.807556 	117.796432 	25.495098 	12.369317 	46.227695 	138.600143 	15.811388 	18.681541 	8.944272 	110.344917 	59.816387 	132.279999 	18.384777 	11.401754 	84.811554 	3.162278 	135.369858 	81.608826 	113.899078 	1.414214 	24.166092 	51.478149 	24.331051 	999.000000 	48.301140 	110.535065 	
27.586229 	31.016125 	25.238859 	96.566040 	31.016125 	60.074955 	22.360680 	74.946648 	43.965897 	23.409399 	70.455658 	63.324562 	18.439089 	23.021729 	95.519630 	28.442924 	55.542778 	96.932968 	14.764823 	105.688217 	54.561890 	30.149628 	13.453624 	78.294319 	23.769728 	88.639717 	75.584389 	26.172504 	41.231056 	9.899495 	97.575615 	35.171009 	63.324562 	49.040798 	66.730804 	15.524175 	90.338257 	31.320919 	38.275318 	38.418747 	46.097721 	92.282173 	34.713108 	68.818604 	48.754486 	24.186773 	3.605551 	71.867935 	48.301140 	999.000000 	64.815125 	
68.000000 	79.755875 	61.773781 	44.271889 	45.617977 	113.648582 	58.830265 	25.612497 	28.460499 	75.451973 	124.823875 	18.788294 	66.610809 	49.648766 	39.812057 	41.880783 	18.000000 	39.204590 	68.883957 	48.093658 	16.124516 	88.408142 	65.299309 	21.189621 	44.045429 	30.265491 	18.384777 	85.276024 	100.603180 	64.381676 	38.000000 	95.268044 	121.757957 	108.600182 	9.899495 	50.911690 	30.000000 	92.195442 	99.357941 	26.400757 	107.814659 	29.614185 	30.232433 	5.000000 	110.634537 	87.692642 	61.220913 	131.825638 	110.535065 	64.815125 	999.000000 	

Travel time:
9.000000 	0.301040 	0.158114 	2.178302 	0.561805 	1.141271 	0.251247 	1.702939 	1.005609 	0.279509 	1.420607 	1.468205 	0.230489 	0.485412 	2.200142 	0.664266 	1.320038 	2.260669 	0.347311 	2.455733 	1.331353 	0.604152 	0.353553 	1.856240 	0.657647 	2.088660 	1.804508 	0.570088 	0.880696 	0.442295 	2.304886 	0.782624 	1.364047 	1.065950 	1.645068 	0.608276 	2.156965 	0.743303 	0.894427 	1.133854 	1.097725 	2.246803 	1.089151 	1.762278 	1.166190 	0.775403 	0.680074 	1.626730 	1.175266 	0.689656 	1.700000 	
0.301040 	9.000000 	0.450694 	2.468426 	0.860233 	0.850368 	0.525595 	2.001406 	1.305038 	0.190394 	1.129712 	1.769181 	0.375832 	0.761577 	2.495245 	0.950329 	1.620378 	2.557587 	0.412311 	2.750000 	1.630376 	0.350892 	0.477624 	2.156965 	0.925000 	2.388122 	2.105499 	0.357946 	0.592663 	0.559017 	2.603483 	0.515388 	1.063015 	0.770146 	1.945026 	0.831038 	2.457260 	0.500625 	0.625000 	1.407569 	0.817389 	2.547793 	1.353006 	2.059430 	0.883530 	0.608790 	0.800391 	1.325943 	0.896172 	0.775403 	1.993897 	
0.158114 	0.450694 	9.000000 	2.059126 	0.410031 	1.297112 	0.103078 	1.570032 	0.855132 	0.381608 	1.576586 	1.325943 	0.225000 	0.328824 	2.073192 	0.506211 	1.171538 	2.130288 	0.350892 	2.329834 	1.180042 	0.721110 	0.316228 	1.715554 	0.502494 	1.952562 	1.661701 	0.670820 	1.011496 	0.391312 	2.170829 	0.901388 	1.511001 	1.202601 	1.495410 	0.474342 	2.018044 	0.850000 	1.012423 	0.976281 	1.220656 	2.103717 	0.933408 	1.608765 	1.290349 	0.843356 	0.602080 	1.770946 	1.296630 	0.630971 	1.544345 	
2.178302 	2.468426 	2.059126 	9.000000 	1.690599 	3.222188 	2.034853 	0.552268 	1.315770 	2.440415 	3.483622 	0.853302 	2.258456 	1.875667 	0.167705 	1.707703 	1.054751 	0.261008 	2.360747 	0.313249 	1.101136 	2.778489 	2.284732 	0.577170 	1.820028 	0.390512 	0.649038 	2.729469 	3.058288 	2.302851 	0.364006 	2.958462 	3.506155 	3.238248 	0.892328 	2.026080 	0.460977 	2.909038 	3.070016 	1.575794 	3.275668 	0.596343 	1.676678 	0.989002 	3.344398 	2.875978 	2.328626 	3.775745 	3.352797 	2.414151 	1.106797 	
0.561805 	0.860233 	0.410031 	1.690599 	9.000000 	1.702388 	0.355317 	1.179248 	0.445112 	0.778621 	1.981477 	0.921954 	0.575543 	0.200000 	1.690044 	0.167705 	0.761988 	1.741049 	0.670820 	1.947434 	0.770146 	1.117195 	0.594243 	1.312441 	0.265754 	1.555032 	1.256234 	1.055047 	1.414655 	0.618466 	1.775704 	1.296389 	1.920937 	1.608765 	1.085415 	0.419076 	1.616516 	1.235162 	1.405569 	0.625500 	1.616516 	1.697425 	0.612882 	1.200521 	1.686898 	1.185591 	0.704006 	2.180166 	1.690599 	0.775403 	1.140449 	
1.141271 	0.850368 	1.297112 	3.222188 	1.702388 	9.000000 	1.375909 	2.798661 	2.143887 	0.989002 	0.279509 	2.590005 	1.209597 	1.611870 	3.270417 	1.800347 	2.454587 	3.341501 	1.201301 	3.518966 	2.469818 	0.750000 	1.285496 	2.971216 	1.773415 	3.189044 	2.925107 	0.850000 	0.529741 	1.348379 	3.397058 	0.667083 	0.350892 	0.425735 	2.780513 	1.662077 	3.264966 	0.764853 	0.650000 	2.256241 	0.602080 	3.365728 	2.198010 	2.902693 	0.602080 	1.000625 	1.557241 	0.601041 	0.637377 	1.501874 	2.841215 	
0.251247 	0.525595 	0.103078 	2.034853 	0.355317 	1.375909 	9.000000 	1.532359 	0.795692 	0.424264 	1.655295 	1.277204 	0.223607 	0.237171 	2.040833 	0.425000 	1.113833 	2.094039 	0.333542 	2.298097 	1.117195 	0.761988 	0.275000 	1.667708 	0.406971 	1.910007 	1.611094 	0.700446 	1.060660 	0.333542 	2.130288 	0.941076 	1.575198 	1.256234 	1.434617 	0.371652 	1.971833 	0.880696 	1.050297 	0.886002 	1.261200 	2.051828 	0.838525 	1.540292 	1.331587 	0.845946 	0.520216 	1.831154 	1.335337 	0.559017 	1.470757 	
1.702939 	2.001406 	1.570032 	0.552268 	1.179248 	2.798661 	1.532359 	9.000000 	0.775403 	1.950160 	3.069711 	0.301040 	1.754459 	1.353006 	0.515388 	1.175266 	0.502494 	0.561805 	1.848141 	0.771767 	0.550000 	2.290196 	1.767767 	0.225000 	1.281601 	0.390512 	0.237171 	2.232711 	2.580819 	1.777815 	0.602080 	2.470324 	3.058697 	2.768799 	0.395285 	1.486607 	0.471699 	2.412986 	2.580698 	1.025000 	2.790161 	0.594243 	1.125278 	0.548293 	2.860070 	2.360349 	1.786757 	3.325094 	2.865528 	1.873666 	0.640312 	
1.005609 	1.305038 	0.855132 	1.315770 	0.445112 	2.143887 	0.795692 	0.775403 	9.000000 	1.219887 	2.422421 	0.493077 	1.009022 	0.590021 	1.290591 	0.403113 	0.318198 	1.330648 	1.090011 	1.546165 	0.325960 	1.556037 	1.005609 	0.880696 	0.506211 	1.131923 	0.820061 	1.488707 	1.856240 	1.007782 	1.355083 	1.733854 	2.366036 	2.051828 	0.640312 	0.711512 	1.185854 	1.667708 	1.841535 	0.406971 	2.053351 	1.258223 	0.471699 	0.760345 	2.123971 	1.595306 	1.013040 	2.624881 	2.126029 	1.099147 	0.711512 	
0.279509 	0.190394 	0.381608 	2.440415 	0.778621 	0.989002 	0.424264 	1.950160 	1.219887 	9.000000 	1.264911 	1.700368 	0.223607 	0.645174 	2.454587 	0.840015 	1.538059 	2.510976 	0.226385 	2.711319 	1.540495 	0.340037 	0.301040 	2.090753 	0.794119 	2.330906 	2.034853 	0.292617 	0.636396 	0.375832 	2.550122 	0.520216 	1.158123 	0.832541 	1.858259 	0.673146 	2.394394 	0.469707 	0.630971 	1.274755 	0.840015 	2.475884 	1.211662 	1.960230 	0.910014 	0.500625 	0.612882 	1.410009 	0.915492 	0.585235 	1.886299 	
1.420607 	1.129712 	1.576586 	3.483622 	1.981477 	0.279509 	1.655295 	3.069711 	2.422421 	1.264911 	9.000000 	2.865528 	1.486607 	1.891098 	3.536241 	2.079814 	2.732330 	3.609016 	1.473516 	3.783021 	2.748295 	1.007782 	1.559046 	3.245189 	2.051981 	3.460220 	3.200098 	1.107080 	0.751665 	1.619027 	3.666487 	0.900347 	0.318198 	0.594243 	3.058288 	1.937298 	3.537390 	1.000312 	0.859142 	2.534758 	0.752080 	3.640055 	2.475505 	3.181588 	0.726722 	1.229075 	1.820886 	0.456207 	0.760345 	1.761391 	3.120597 	
1.468205 	1.769181 	1.325943 	0.853302 	0.921954 	2.590005 	1.277204 	0.301040 	0.493077 	1.700368 	2.865528 	9.000000 	1.495410 	1.081665 	0.807001 	0.896172 	0.201556 	0.840387 	1.581139 	1.059481 	0.251247 	2.039148 	1.497707 	0.390512 	0.995301 	0.638847 	0.336341 	1.975633 	2.335862 	1.500833 	0.862047 	2.218248 	2.831960 	2.528463 	0.251247 	1.198176 	0.695072 	2.155371 	2.327150 	0.725431 	2.538331 	0.778621 	0.825000 	0.431567 	2.608759 	2.088211 	1.495201 	3.094855 	2.612111 	1.583114 	0.469707 	
0.230489 	0.375832 	0.225000 	2.258456 	0.575543 	1.209597 	0.223607 	1.754459 	1.009022 	0.223607 	1.486607 	1.495410 	9.000000 	0.425735 	2.263846 	0.620987 	1.326885 	2.316247 	0.127475 	2.521161 	1.325943 	0.548293 	0.125000 	1.885802 	0.570636 	2.130288 	1.827738 	0.480234 	0.851469 	0.215058 	2.351197 	0.725000 	1.380670 	1.050297 	1.644118 	0.456207 	2.190462 	0.660019 	0.832541 	1.051190 	1.044330 	2.267157 	0.989002 	1.741407 	1.114955 	0.625000 	0.458939 	1.630376 	1.117195 	0.460977 	1.665270 	
0.485412 	0.761577 	0.328824 	1.875667 	0.200000 	1.611870 	0.237171 	1.353006 	0.590021 	0.645174 	1.891098 	1.081665 	0.425735 	9.000000 	1.867150 	0.195256 	0.905883 	1.913439 	0.500000 	2.124264 	0.901734 	0.973717 	0.416083 	1.470544 	0.175000 	1.719920 	1.410009 	0.901734 	1.277204 	0.427200 	1.942453 	1.149184 	1.802776 	1.475847 	1.219887 	0.235850 	1.775704 	1.079641 	1.255239 	0.649038 	1.467353 	1.846957 	0.604669 	1.315770 	1.538059 	1.007782 	0.505594 	2.055024 	1.538871 	0.575543 	1.241219 	
2.200142 	2.495245 	2.073192 	0.167705 	1.690044 	3.270417 	2.040833 	0.515388 	1.290591 	2.454587 	3.536241 	0.807001 	2.263846 	1.867150 	9.000000 	1.690599 	1.006541 	0.100000 	2.360349 	0.257391 	1.044330 	2.794302 	2.281036 	0.475657 	1.796698 	0.246221 	0.550568 	2.740096 	3.080584 	2.292651 	0.201556 	2.974580 	3.544185 	3.265061 	0.800391 	2.001406 	0.301040 	2.920295 	3.085551 	1.513275 	3.293649 	0.430116 	1.615743 	0.873212 	3.363127 	2.873695 	2.300679 	3.812562 	3.369811 	2.387991 	0.995301 	
0.664266 	0.950329 	0.506211 	1.707703 	0.167705 	1.800347 	0.425000 	1.175266 	0.403113 	0.840015 	2.079814 	0.896172 	0.620987 	0.195256 	1.690599 	9.000000 	0.715017 	1.732953 	0.691466 	1.946953 	0.707990 	1.168867 	0.605186 	1.282819 	0.127475 	1.535008 	1.220656 	1.096016 	1.472455 	0.604669 	1.758195 	1.343968 	1.997029 	1.671077 	1.025914 	0.325960 	1.587844 	1.273283 	1.449569 	0.477624 	1.661701 	1.655483 	0.452769 	1.120547 	1.732412 	1.192686 	0.629484 	2.250000 	1.732772 	0.711073 	1.047020 	
1.320038 	1.620378 	1.171538 	1.054751 	0.761988 	2.454587 	1.113833 	0.502494 	0.318198 	1.538059 	2.732330 	0.201556 	1.326885 	0.905883 	1.006541 	0.715017 	9.000000 	1.035918 	1.405569 	1.257229 	0.070711 	1.874166 	1.320038 	0.570636 	0.806226 	0.827647 	0.506211 	1.806239 	2.174425 	1.317431 	1.051190 	2.051828 	2.682466 	2.369863 	0.325960 	1.006231 	0.874643 	1.984943 	2.159282 	0.527376 	2.371181 	0.941076 	0.625500 	0.467039 	2.441823 	1.906895 	1.300000 	2.942151 	2.443614 	1.388569 	0.450000 	
2.260669 	2.557587 	2.130288 	0.261008 	1.741049 	3.341501 	2.094039 	0.561805 	1.330648 	2.510976 	3.609016 	0.840387 	2.316247 	1.913439 	0.100000 	1.732953 	1.035918 	9.000000 	2.409616 	0.226385 	1.068001 	2.850987 	2.328760 	0.480885 	1.835245 	0.225000 	0.555090 	2.794302 	3.140064 	2.336932 	0.103078 	3.031192 	3.610575 	3.326503 	0.803508 	2.038535 	0.246221 	2.974580 	3.141755 	1.529706 	3.350840 	0.353553 	1.632674 	0.855862 	3.420618 	2.921151 	2.335193 	3.878225 	3.426460 	2.423324 	0.980115 	
0.347311 	0.412311 	0.350892 	2.360747 	0.670820 	1.201301 	0.333542 	1.848141 	1.090011 	0.226385 	1.473516 	1.581139 	0.127475 	0.500000 	2.360349 	0.691466 	1.405569 	2.409616 	9.000000 	2.617728 	1.399330 	0.493077 	0.090139 	1.970406 	0.620987 	2.218812 	1.910007 	0.410031 	0.797653 	0.150000 	2.440927 	0.660019 	1.341641 	0.999062 	1.717010 	0.469707 	2.275549 	0.583631 	0.761988 	1.089151 	0.973717 	2.346540 	1.017657 	1.804508 	1.044330 	0.515388 	0.388104 	1.582127 	1.043132 	0.369121 	1.722099 	
2.455733 	2.750000 	2.329834 	0.313249 	1.947434 	3.518966 	2.298097 	0.771767 	1.546165 	2.711319 	3.783021 	1.059481 	2.521161 	2.124264 	0.257391 	1.946953 	1.257229 	0.226385 	2.617728 	9.000000 	1.291559 	3.050922 	2.538331 	0.707107 	2.051981 	0.450694 	0.781425 	2.997186 	3.336353 	2.549510 	0.261008 	3.231195 	3.796380 	3.520032 	1.029866 	2.256241 	0.456207 	3.177361 	3.342248 	1.755349 	3.550088 	0.525595 	1.858259 	1.077613 	3.619479 	3.130994 	2.554530 	4.065172 	3.626379 	2.642205 	1.202341 	
1.331353 	1.630376 	1.180042 	1.101136 	0.770146 	2.469818 	1.117195 	0.550000 	0.325960 	1.540495 	2.748295 	0.251247 	1.325943 	0.901734 	1.044330 	0.707990 	0.070711 	1.068001 	1.399330 	1.291559 	9.000000 	1.874166 	1.312441 	0.594243 	0.790569 	0.854400 	0.525595 	1.803469 	2.176149 	1.305038 	1.077033 	2.050610 	2.690376 	2.373025 	0.318198 	0.986154 	0.894427 	1.981161 	2.156965 	0.475000 	2.369071 	0.950329 	0.575543 	0.436606 	2.439775 	1.895059 	1.274755 	2.948093 	2.440543 	1.364047 	0.403113 	
