Total assets = 629
Number of asset nodes = 33

Distance:
999.000000 	15.811388 	7.280110 	31.016125 	30.675724 	23.021729 	27.294687 	24.758837 	31.144823 	27.018513 	35.902645 	34.205261 	34.014702 	43.566040 	37.215588 	37.336308 	41.436699 	43.289722 	40.853397 	55.362442 	50.089920 	51.244511 	44.294468 	47.853943 	54.129475 	50.931328 	55.785301 	53.740116 	60.406952 	65.924202 	68.249542 	61.611687 	69.634758 	60.440052 	67.186310 	62.936478 	66.189125 	65.764732 	73.334846 	69.065186 	66.407829 	66.648331 	68.352028 	72.006943 	68.963760 	74.330345 	76.485291 	75.239616 	70.327805 	69.339745 	82.000000 	70.035706 	
15.811388 	999.000000 	15.132746 	46.518814 	46.097721 	32.249031 	40.311287 	31.320919 	44.407207 	32.310989 	26.476404 	46.000000 	34.828148 	58.240879 	32.756680 	48.166378 	54.083271 	56.142673 	40.311287 	70.774292 	64.132675 	65.513359 	53.366657 	48.083260 	66.030296 	55.569775 	67.186310 	58.668560 	51.351727 	80.523285 	82.969872 	73.171036 	84.480766 	57.454330 	58.549126 	60.207973 	59.774578 	60.539242 	87.475708 	62.096699 	63.812225 	75.286118 	78.447433 	84.053551 	65.863495 	65.276337 	66.030296 	88.051125 	78.434685 	70.724815 	96.840073 	74.946648 	
7.280110 	15.132746 	999.000000 	32.449963 	31.906113 	18.027756 	25.179358 	18.601076 	29.274563 	20.518284 	29.732138 	31.064449 	26.832815 	43.324360 	30.066593 	33.541019 	39.012817 	41.048752 	33.615471 	56.356010 	49.030602 	50.447994 	39.560081 	40.706264 	51.156624 	44.598206 	52.469040 	47.507893 	53.758720 	65.520988 	68.007355 	58.420887 	69.570107 	53.160137 	60.406952 	55.659679 	59.076221 	58.549126 	72.367119 	62.008064 	59.135437 	61.846584 	64.288414 	69.180923 	61.684681 	67.601776 	70.092796 	73.006851 	65.306969 	62.425957 	81.908485 	63.890530 	
31.016125 	46.518814 	32.449963 	999.000000 	1.000000 	26.000000 	15.132746 	31.384710 	14.142136 	34.176014 	59.033890 	20.396078 	44.598206 	14.560220 	54.120235 	24.738634 	20.808653 	21.260292 	50.960770 	24.351591 	22.472204 	22.803509 	33.526108 	54.589375 	32.557640 	48.373547 	35.355339 	49.819675 	79.605278 	36.000000 	38.052597 	39.824615 	39.204590 	70.035706 	85.088188 	71.700768 	80.653580 	78.339005 	44.181442 	84.118965 	74.431175 	51.613953 	49.497475 	47.885281 	77.524193 	92.309265 	96.602280 	49.040798 	56.035702 	69.584480 	51.478149 	62.968246 	
30.675724 	46.097721 	31.906113 	1.000000 	999.000000 	25.079872 	14.142136 	30.463093 	13.152946 	33.241539 	58.258045 	19.416489 	43.657761 	14.317822 	53.235325 	23.769728 	20.000000 	20.518284 	50.000000 	24.698177 	22.135944 	22.561028 	32.572994 	53.600372 	31.890438 	47.381432 	34.655445 	48.836460 	78.714676 	36.013885 	38.118237 	39.204590 	39.319206 	69.050705 	84.172440 	70.710678 	79.699432 	77.369247 	44.102154 	83.168503 	73.437050 	50.803543 	48.795490 	47.413078 	76.531036 	91.389275 	95.713112 	48.703182 	55.217751 	68.593002 	51.623638 	62.032249 	
23.021729 	32.249031 	18.027756 	26.000000 	25.079872 	999.000000 	12.041595 	5.385165 	15.620500 	8.246211 	34.828148 	14.560220 	18.681541 	31.240999 	28.301943 	16.000000 	23.086792 	25.298222 	25.317978 	45.967381 	34.885529 	36.715118 	21.540659 	30.066593 	34.058773 	28.844410 	35.014282 	31.400637 	53.712196 	51.884487 	54.589375 	41.012192 	56.435802 	45.044422 	59.093147 	47.000000 	54.817879 	52.773098 	57.584721 	58.240879 	50.039986 	43.863426 	46.324940 	52.009613 	53.009434 	66.309875 	70.710678 	56.435802 	47.413078 	48.846699 	68.425140 	47.423622 	
27.294687 	40.311287 	25.179358 	15.132746 	14.142136 	12.041595 	999.000000 	17.204651 	4.123106 	19.723083 	46.754681 	7.810250 	29.966648 	19.416489 	40.224369 	12.041595 	14.142136 	16.031219 	36.055511 	33.970577 	24.041630 	25.632011 	20.808653 	39.458839 	26.925823 	33.955853 	28.792360 	35.735138 	65.513359 	40.853397 	43.462627 	34.481880 	45.188496 	54.918121 	70.661163 	56.568542 	65.787537 	63.324562 	47.296936 	69.289246 	59.304298 	41.868843 	42.059483 	44.721359 	62.393909 	77.820305 	82.492424 	48.041649 	46.010868 	55.108982 	57.384666 	50.119858 	
24.758837 	31.320919 	18.601076 	31.384710 	30.463093 	5.385165 	17.204651 	999.000000 	20.518284 	3.000000 	30.232433 	18.357559 	13.341664 	36.069378 	23.021729 	18.681541 	26.832815 	29.068884 	20.099751 	50.931328 	39.115215 	41.048752 	22.203604 	25.317978 	36.674240 	26.172504 	37.215588 	29.000000 	48.373547 	56.080299 	58.830265 	43.185646 	60.745369 	40.000000 	53.712196 	42.047592 	49.477268 	47.518417 	61.326992 	52.886673 	45.177429 	43.965897 	47.381432 	54.332310 	48.093658 	60.926186 	65.368187 	59.228371 	47.169907 	45.177429 	72.560318 	45.343136 	
31.144823 	44.407207 	29.274563 	14.142136 	13.152946 	15.620500 	4.123106 	20.518284 	999.000000 	22.803509 	50.447994 	6.324555 	32.756680 	15.620500 	43.416588 	10.770329 	10.440307 	12.165525 	38.483765 	30.413813 	19.924858 	21.540659 	19.697716 	41.231056 	23.409399 	34.234486 	25.495098 	35.693138 	68.505478 	36.769554 	39.395432 	31.016125 	41.146080 	56.753853 	73.430237 	58.249462 	68.154236 	65.459915 	43.174065 	71.693794 	60.827625 	39.597980 	39.115215 	41.000000 	63.953106 	80.529495 	85.440041 	44.102154 	43.863426 	55.443665 	53.310413 	49.244289 	
27.018513 	32.310989 	20.518284 	34.176014 	33.241539 	8.246211 	19.723083 	3.000000 	22.803509 	999.000000 	28.653097 	20.000000 	10.440307 	38.209946 	20.615528 	19.697716 	28.301943 	30.528675 	17.117243 	53.150730 	40.804413 	42.801868 	22.000000 	22.360680 	37.363083 	24.083189 	37.656342 	27.018513 	45.793011 	57.688820 	60.464867 	43.566040 	62.425957 	37.000000 	50.990196 	39.051247 	46.572525 	44.553337 	62.609905 	50.000000 	42.190044 	43.174065 	47.095646 	54.744862 	45.099888 	58.180752 	62.769421 	59.908264 	46.173584 	42.544094 	74.094536 	43.416588 	
35.902645 	26.476404 	29.732138 	59.033890 	58.258045 	34.828148 	46.754681 	30.232433 	50.447994 	28.653097 	999.000000 	48.548943 	22.360680 	66.068146 	12.165525 	48.301140 	56.938564 	59.169250 	23.194826 	80.721741 	69.339745 	71.281136 	49.040798 	30.083218 	65.551506 	43.046486 	65.459915 	46.097721 	25.019993 	86.284416 	89.044930 	71.168816 	90.972527 	33.970577 	32.140316 	36.796738 	33.615471 	34.985710 	91.241440 	35.735138 	40.311287 	67.119293 	72.835434 	82.280006 	41.773197 	39.012817 	40.607880 	87.920418 	69.000000 	51.429562 	102.727798 	60.415230 	
34.205261 	46.000000 	31.064449 	20.396078 	19.416489 	14.560220 	7.810250 	18.357559 	6.324555 	20.000000 	48.548943 	999.000000 	29.068884 	18.867962 	40.311287 	4.472136 	8.544003 	10.770329 	34.132095 	33.837849 	20.808653 	22.803509 	13.416408 	36.055511 	20.099751 	28.071337 	21.587032 	29.427877 	64.815125 	37.735924 	40.496914 	27.459061 	42.438190 	51.546097 	69.339745 	52.886673 	63.505905 	60.539242 	43.081318 	67.082039 	55.317268 	34.058773 	34.438351 	38.118237 	58.463665 	76.321686 	81.608826 	42.107006 	38.209946 	49.254440 	54.203320 	42.953465 	
34.014702 	34.828148 	26.832815 	44.598206 	43.657761 	18.681541 	29.966648 	13.341664 	32.756680 	10.440307 	22.360680 	29.068884 	999.000000 	47.801674 	11.661903 	27.658634 	36.796738 	38.948685 	7.071068 	62.801273 	49.517673 	51.623638 	26.925823 	13.892444 	43.829212 	21.840330 	43.462627 	25.000000 	35.805027 	66.068146 	68.883957 	49.040798 	70.936592 	27.166155 	40.706264 	29.427877 	36.138622 	34.234486 	70.178345 	39.560081 	32.756680 	45.000000 	50.487621 	60.083275 	35.510563 	47.853943 	52.697250 	65.924202 	47.169907 	36.124783 	82.200974 	40.718548 	
43.566040 	58.240879 	43.324360 	14.560220 	14.317822 	31.240999 	19.416489 	36.069378 	15.620500 	38.209946 	66.068146 	18.867962 	47.801674 	999.000000 	58.796257 	21.540659 	13.152946 	12.000000 	53.000000 	15.000000 	8.062258 	8.246211 	28.284271 	54.625999 	20.591261 	44.721359 	23.706539 	45.276924 	83.600243 	22.360680 	24.738634 	27.018513 	26.248810 	70.007141 	88.204308 	71.168816 	82.298241 	79.202271 	30.000000 	85.883644 	73.375748 	41.231056 	37.443291 	33.837849 	76.537575 	95.189285 	100.439034 	34.539833 	45.694637 	65.192024 	38.600517 	55.578773 	
37.215588 	32.756680 	30.066593 	54.120235 	53.235325 	28.301943 	40.224369 	23.021729 	43.416588 	20.615528 	12.165525 	40.311287 	11.661903 	58.796257 	999.000000 	39.204590 	48.270073 	50.447994 	11.045361 	73.756355 	60.959003 	63.031738 	38.483765 	18.027756 	55.470715 	31.000000 	55.036350 	34.014702 	25.495098 	77.620872 	80.430092 	60.539242 	82.462112 	24.698177 	31.320919 	27.459061 	29.017237 	28.635643 	81.835197 	32.015621 	31.064449 	55.326305 	61.392181 	71.512238 	33.120991 	38.600517 	42.485291 	77.472572 	57.035076 	39.962482 	93.813644 	48.270073 	
37.336308 	48.166378 	33.541019 	24.738634 	23.769728 	16.000000 	12.041595 	18.681541 	10.770329 	19.697716 	48.301140 	4.472136 	27.658634 	21.540659 	39.204590 	999.000000 	9.219544 	11.313708 	32.015621 	36.235340 	21.931713 	24.083189 	8.944272 	33.105892 	18.110771 	24.000000 	19.026299 	25.179358 	63.031738 	38.418747 	41.231056 	25.019993 	43.278172 	48.466484 	67.201187 	49.648766 	60.901562 	57.697487 	42.941822 	64.498062 	51.923019 	30.000000 	31.016125 	36.013885 	55.081757 	74.060783 	79.649231 	40.607880 	34.058773 	45.099888 	54.644306 	38.483765 	
41.436699 	54.083271 	39.012817 	20.808653 	20.000000 	23.086792 	14.142136 	26.832815 	10.440307 	28.301943 	56.938564 	8.544003 	36.796738 	13.152946 	48.270073 	9.219544 	999.000000 	2.236068 	41.231056 	27.313000 	12.727922 	14.866069 	15.132746 	42.059483 	13.000000 	31.575306 	15.264338 	32.140316 	72.249565 	29.410883 	32.202484 	20.615528 	34.205261 	57.271286 	76.400261 	58.309521 	69.971420 	66.648331 	34.539833 	73.573090 	60.406952 	30.805843 	29.206163 	30.594116 	63.568859 	83.234612 	88.865067 	34.000000 	35.227829 	52.086468 	45.793011 	43.174065 	
43.289722 	56.142673 	41.048752 	21.260292 	20.518284 	25.298222 	16.031219 	29.068884 	12.165525 	30.528675 	59.169250 	10.770329 	38.948685 	12.000000 	50.447994 	11.313708 	2.236068 	999.000000 	43.278172 	25.632011 	10.630146 	12.806249 	16.492422 	43.908997 	11.661903 	32.984844 	14.212670 	33.376640 	74.330345 	27.202942 	30.000000 	19.235384 	32.015621 	59.033890 	78.409180 	60.008331 	71.867935 	68.476273 	32.310989 	75.471848 	62.032249 	30.528675 	28.319605 	28.861740 	65.192024 	85.211502 	90.906548 	32.015621 	34.985710 	53.235325 	43.566040 	43.737854 	
40.853397 	40.311287 	33.615471 	50.960770 	50.000000 	25.317978 	36.055511 	20.099751 	38.483765 	17.117243 	23.194826 	34.132095 	7.071068 	53.000000 	11.045361 	32.015621 	41.231056 	43.278172 	999.000000 	67.955872 	53.907330 	56.080299 	29.410883 	7.810250 	46.615448 	20.024984 	45.793011 	23.000000 	31.112698 	70.007141 	72.835434 	51.000000 	74.953316 	20.099751 	35.227829 	22.360680 	29.732138 	27.459061 	73.409805 	33.241539 	25.709921 	44.553337 	50.960770 	61.741398 	28.442924 	42.190044 	47.634022 	68.000000 	46.097721 	30.479502 	85.796272 	37.363083 	
55.362442 	70.774292 	56.356010 	24.351591 	24.698177 	45.967381 	33.970577 	50.931328 	30.413813 	53.150730 	80.721741 	33.837849 	62.801273 	15.000000 	73.756355 	36.235340 	27.313000 	25.632011 	67.955872 	999.000000 	16.124516 	14.035668 	42.059483 	69.318108 	30.016663 	58.523499 	33.060551 	58.694122 	98.600204 	15.264338 	16.155495 	33.955853 	16.492422 	84.581322 	103.174606 	85.615417 	97.128784 	93.914856 	24.186773 	100.722389 	87.664131 	50.487621 	44.643028 	36.359318 	90.824005 	110.136276 	115.433968 	33.970577 	54.744862 	78.262383 	28.017851 	67.007462 	
50.089920 	64.132675 	49.030602 	22.472204 	22.135944 	34.885529 	24.041630 	39.115215 	19.924858 	40.804413 	69.339745 	20.808653 	49.517673 	8.062258 	60.959003 	21.931713 	12.727922 	10.630146 	53.907330 	16.124516 	999.000000 	2.236068 	26.400757 	54.378304 	14.317822 	42.720020 	17.464249 	42.720020 	84.958817 	17.000000 	19.723083 	19.723083 	21.633308 	69.354164 	89.022469 	70.213959 	82.377182 	78.892334 	23.345236 	85.982559 	72.090218 	35.171009 	30.413813 	25.806976 	75.239616 	95.801880 	101.533249 	26.570660 	39.560081 	62.169125 	33.541019 	51.009804 	
51.244511 	65.513359 	50.447994 	22.803509 	22.561028 	36.715118 	25.632011 	41.048752 	21.540659 	42.801868 	71.281136 	22.803509 	51.623638 	8.246211 	63.031738 	24.083189 	14.866069 	12.806249 	56.080299 	14.035668 	2.236068 	999.000000 	28.635643 	56.603886 	16.124516 	44.944408 	19.235384 	44.922153 	87.114868 	15.231546 	17.888544 	21.023796 	19.723083 	71.589104 	91.214035 	72.449982 	84.599052 	81.123360 	22.090721 	88.204308 	74.323616 	36.878178 	31.780497 	26.248810 	77.472572 	98.005104 	103.711136 	26.400757 	41.231056 	64.327286 	31.780497 	53.000000 	
44.294468 	53.366657 	39.560081 	33.526108 	32.572994 	21.540659 	20.808653 	22.203604 	19.697716 	22.000000 	49.040798 	13.416408 	26.925823 	28.284271 	38.483765 	8.944272 	15.132746 	16.492422 	29.410883 	42.059483 	26.400757 	28.635643 	999.000000 	28.425341 	17.204651 	16.492422 	16.552946 	17.029387 	60.307545 	41.231056 	44.045429 	22.135944 	46.227695 	43.046486 	63.655323 	43.829212 	56.400356 	52.697250 	44.045429 	60.000000 	45.694637 	22.360680 	25.179358 	33.241539 	48.846699 	70.178345 	76.367531 	39.000000 	26.076809 	37.013512 	56.586216 	29.546574 	
47.853943 	48.083260 	40.706264 	54.589375 	53.600372 	30.066593 	39.458839 	25.317978 	41.231056 	22.360680 	30.083218 	36.055511 	13.892444 	54.625999 	18.027756 	33.105892 	42.059483 	43.908997 	7.810250 	69.318108 	54.378304 	56.603886 	28.425341 	999.000000 	45.254833 	15.231546 	43.931767 	17.720045 	32.756680 	69.656296 	72.470680 	48.600410 	74.652527 	15.524175 	35.383614 	17.117243 	28.017851 	24.596748 	72.138756 	31.622776 	20.000000 	39.849716 	47.010635 	58.830265 	23.021729 	41.773197 	48.166378 	65.459915 	40.792156 	22.671568 	84.864601 	30.413813 	
54.129475 	66.030296 	51.156624 	32.557640 	31.890438 	34.058773 	26.925823 	36.674240 	23.409399 	37.363083 	65.551506 	20.099751 	43.829212 	20.591261 	55.470715 	18.110771 	13.000000 	11.661903 	46.615448 	30.016663 	14.317822 	16.124516 	17.204651 	45.254833 	999.000000 	31.622776 	3.162278 	30.886890 	77.466118 	25.059929 	27.784887 	7.615773 	30.016663 	59.203041 	80.622574 	59.640591 	73.000000 	69.028976 	26.907248 	76.576759 	61.057350 	20.880613 	17.029387 	18.027756 	64.140472 	87.000000 	93.380943 	22.561028 	25.298222 	49.335587 	39.623226 	37.054016 	
50.931328 	55.569775 	44.598206 	48.373547 	47.381432 	28.844410 	33.955853 	26.172504 	34.234486 	24.083189 	43.046486 	28.071337 	21.840330 	44.721359 	31.000000 	24.000000 	31.575306 	32.984844 	20.024984 	58.523499 	42.720020 	44.944408 	16.492422 	15.231546 	31.622776 	999.000000 	29.832869 	3.162278 	47.885281 	56.603886 	59.363289 	33.970577 	61.587337 	27.658634 	50.000000 	28.017851 	41.725292 	37.536648 	58.137768 	45.254833 	29.529646 	24.738634 	31.780497 	43.829212 	32.649654 	55.973209 	62.801273 	50.606323 	26.076809 	21.213203 	71.063354 	19.416489 	
55.785301 	67.186310 	52.469040 	35.355339 	34.655445 	35.014282 	28.792360 	37.215588 	25.495098 	37.656342 	65.459915 	21.587032 	43.462627 	23.706539 	55.036350 	19.026299 	15.264338 	14.212670 	45.793011 	33.060551 	17.464249 	19.235384 	16.552946 	43.931767 	3.162278 	29.832869 	999.000000 	28.844410 	76.400261 	27.313000 	29.966648 	6.000000 	32.202484 	57.489128 	79.309517 	57.801384 	71.449280 	67.357254 	28.319605 	75.006668 	59.076221 	17.720045 	14.142136 	17.117243 	62.128899 	85.562843 	92.097771 	22.472204 	22.135944 	46.818798 	41.231056 	34.132095 	
53.740116 	58.668560 	47.507893 	49.819675 	48.836460 	31.400637 	35.735138 	29.000000 	35.693138 	27.018513 	46.097721 	29.427877 	25.000000 	45.276924 	34.014702 	25.179358 	32.140316 	33.376640 	23.000000 	58.694122 	42.720020 	44.922153 	17.029387 	17.720045 	30.886890 	3.162278 	28.844410 	999.000000 	50.089920 	55.946404 	58.668560 	32.557640 	60.901562 	29.000000 	51.865211 	29.068884 	43.278172 	38.897301 	57.008770 	46.754681 	30.232433 	22.135944 	29.529646 	42.011902 	33.286633 	57.628117 	64.637451 	48.918301 	23.194826 	20.000000 	70.000000 	16.401220 	
60.406952 	51.351727 	53.758720 	79.605278 	78.714676 	53.712196 	65.513359 	48.373547 	68.505478 	45.793011 	25.019993 	64.815125 	35.805027 	83.600243 	25.495098 	63.031738 	72.249565 	74.330345 	31.112698 	98.600204 	84.958817 	87.114868 	60.307545 	32.756680 	77.466118 	47.885281 	76.400261 	50.089920 	999.000000 	101.118744 	103.947105 	81.271149 	106.066017 	24.083189 	7.280110 	26.000000 	13.416408 	17.720045 	104.350372 	13.453624 	28.160255 	72.090218 	79.605278 	91.586021 	27.658634 	14.000000 	17.000000 	98.183502 	72.449982 	45.044422 	116.846054 	59.228371 	
65.924202 	80.523285 	65.520988 	36.000000 	36.013885 	51.884487 	40.853397 	56.080299 	36.769554 	57.688820 	86.284416 	37.735924 	66.068146 	22.360680 	77.620872 	38.418747 	29.410883 	27.202942 	70.007141 	15.264338 	17.000000 	15.231546 	41.231056 	69.656296 	25.059929 	56.603886 	27.313000 	55.946404 	101.118744 	999.000000 	2.828427 	25.495098 	5.000000 	84.053551 	104.804581 	84.599052 	97.616600 	93.813644 	8.944272 	101.212646 	86.092972 	42.426407 	35.014282 	23.769728 	89.185204 	111.395691 	117.456375 	19.723083 	46.173584 	74.094536 	16.552946 	60.638271 	
68.249542 	82.969872 	68.007355 	38.052597 	38.118237 	54.589375 	43.462627 	58.830265 	39.395432 	60.464867 	89.044930 	40.496914 	68.883957 	24.738634 	80.430092 	41.231056 	32.202484 	30.000000 	72.835434 	16.155495 	19.723083 	17.888544 	44.045429 	72.470680 	27.784887 	59.363289 	29.966648 	58.668560 	103.947105 	2.828427 	999.000000 	27.892651 	2.236068 	86.838928 	107.628990 	87.367043 	100.424103 	96.607452 	8.485281 	104.019226 	88.836929 	44.721359 	37.121422 	25.317978 	91.923882 	114.214706 	120.282997 	20.615528 	48.373547 	76.694199 	13.928389 	63.063461 	
61.611687 	73.171036 	58.420887 	39.824615 	39.204590 	41.012192 	34.481880 	43.185646 	31.016125 	43.566040 	71.168816 	27.459061 	49.040798 	27.018513 	60.539242 	25.019993 	20.615528 	19.235384 	51.000000 	33.955853 	19.723083 	21.023796 	22.135944 	48.600410 	7.615773 	33.970577 	6.000000 	32.557640 	81.271149 	25.495098 	27.892651 	999.000000 	30.083218 	61.522354 	83.868942 	61.619801 	75.690155 	71.421288 	24.698177 	79.208588 	62.625874 	17.029387 	10.770329 	11.180340 	65.604881 	89.938866 	96.674713 	17.000000 	21.023796 	49.193497 	37.735924 	35.171009 	
69.634758 	84.480766 	69.570107 	39.204590 	39.319206 	56.435802 	45.188496 	60.745369 	41.146080 	62.425957 	90.972527 	42.438190 	70.936592 	26.248810 	82.462112 	43.278172 	34.205261 	32.015621 	74.953316 	16.492422 	21.633308 	19.723083 	46.227695 	74.652527 	30.016663 	61.587337 	32.202484 	60.901562 	106.066017 	5.000000 	2.236068 	30.083218 	999.000000 	89.050545 	109.786156 	89.587944 	102.615791 	98.812958 	9.433981 	106.212051 	91.065910 	46.872166 	39.204590 	27.166155 	94.154129 	116.387283 	122.429573 	22.135944 	50.487621 	78.924011 	12.369317 	65.253349 	
60.440052 	57.454330 	53.160137 	70.035706 	69.050705 	45.044422 	54.918121 	40.000000 	56.753853 	37.000000 	33.970577 	51.546097 	27.166155 	70.007141 	24.698177 	48.466484 	57.271286 	59.033890 	20.099751 	84.581322 	69.354164 	71.589104 	43.046486 	15.524175 	59.203041 	27.658634 	57.489128 	29.000000 	24.083189 	84.053551 	86.838928 	61.522354 	89.050545 	999.000000 	23.769728 	2.828427 	14.422205 	9.899495 	85.796272 	17.804493 	6.403124 	49.929951 	58.008621 	70.936592 	8.544003 	28.844410 	36.235340 	77.897369 	49.648766 	21.000000 	98.716766 	35.440090 	
67.186310 	58.549126 	60.406952 	85.088188 	84.172440 	59.093147 	70.661163 	53.712196 	73.430237 	50.990196 	32.140316 	69.339745 	40.706264 	88.204308 	31.320919 	67.201187 	76.400261 	78.409180 	35.227829 	103.174606 	89.022469 	91.214035 	63.655323 	35.383614 	80.622574 	50.000000 	79.309517 	51.865211 	7.280110 	104.804581 	107.628990 	83.868942 	109.786156 	23.769728 	999.000000 	25.000000 	10.049875 	15.132746 	107.517441 	8.246211 	26.305893 	73.430237 	81.301903 	93.813644 	25.019993 	7.280110 	12.806249 	100.603180 	73.348480 	43.931767 	120.208153 	59.135437 	
62.936478 	60.207973 	55.659679 	71.700768 	70.710678 	47.000000 	56.568542 	42.047592 	58.249462 	39.051247 	36.796738 	52.886673 	29.427877 	71.168816 	27.459061 	49.648766 	58.309521 	60.008331 	22.360680 	85.615417 	70.213959 	72.449982 	43.829212 	17.117243 	59.640591 	28.017851 	57.801384 	29.068884 	26.000000 	84.599052 	87.367043 	61.619801 	89.587944 	2.828427 	25.000000 	999.000000 	15.231546 	10.295630 	86.052307 	18.357559 	3.605551 	49.406479 	57.628117 	70.767227 	6.082763 	29.529646 	37.161808 	77.794601 	48.877399 	19.104973 	99.020203 	34.176014 	
66.189125 	59.774578 	59.076221 	80.653580 	79.699432 	54.817879 	65.787537 	49.477268 	68.154236 	46.572525 	33.615471 	63.505905 	36.138622 	82.298241 	29.017237 	60.901562 	69.971420 	71.867935 	29.732138 	97.128784 	82.377182 	84.599052 	56.400356 	28.017851 	73.000000 	41.725292 	71.449280 	43.278172 	13.416408 	97.616600 	100.424103 	75.690155 	102.615791 	14.422205 	10.049875 	15.231546 	999.000000 	5.099020 	99.764725 	3.605551 	16.278820 	64.350601 	72.422371 	85.276024 	15.000000 	14.422205 	21.931713 	92.195442 	64.007812 	33.955853 	112.609947 	49.396355 	
65.764732 	60.539242 	58.549126 	78.339005 	77.369247 	52.773098 	63.324562 	47.518417 	65.459915 	44.553337 	34.985710 	60.539242 	34.234486 	79.202271 	28.635643 	57.697487 	66.648331 	68.476273 	27.459061 	93.914856 	78.892334 	81.123360 	52.697250 	24.596748 	69.028976 	37.536648 	67.357254 	38.897301 	17.720045 	93.813644 	96.607452 	71.421288 	98.812958 	9.899495 	15.132746 	10.295630 	5.099020 	999.000000 	95.671310 	8.062258 	11.180340 	59.640591 	67.801178 	80.808418 	10.049875 	19.235384 	26.925823 	87.783829 	59.169250 	28.861740 	108.577164 	44.384682 	
73.334846 	87.475708 	72.367119 	44.181442 	44.102154 	57.584721 	47.296936 	61.326992 	43.174065 	62.609905 	91.241440 	43.081318 	70.178345 	30.000000 	81.835197 	42.941822 	34.539833 	32.310989 	73.409805 	24.186773 	23.345236 	22.090721 	44.045429 	72.138756 	26.907248 	58.137768 	28.319605 	57.008770 	104.350372 	8.944272 	8.485281 	24.698177 	9.433981 	85.796272 	107.517441 	86.052307 	99.764725 	95.671310 	999.000000 	103.324730 	87.200920 	40.496914 	32.280025 	19.104973 	90.210861 	113.846390 	120.282997 	13.152946 	43.680660 	73.824112 	13.038404 	59.236813 	
69.065186 	62.096699 	62.008064 	84.118965 	83.168503 	58.240879 	69.289246 	52.886673 	71.693794 	50.000000 	35.735138 	67.082039 	39.560081 	85.883644 	32.015621 	64.498062 	73.573090 	75.471848 	33.241539 	100.722389 	85.982559 	88.204308 	60.000000 	31.622776 	76.576759 	45.254833 	75.006668 	46.754681 	13.453624 	101.212646 	104.019226 	79.208588 	106.212051 	17.804493 	8.246211 	18.357559 	3.605551 	8.062258 	103.324730 	999.000000 	18.973665 	67.675697 	75.802376 	88.729927 	17.262676 	11.180340 	18.973665 	95.671310 	67.230942 	36.687874 	116.180893 	52.392746 	
66.407829 	63.812225 	59.135437 	74.431175 	73.437050 	50.039986 	59.304298 	45.177429 	60.827625 	42.190044 	40.311287 	55.317268 	32.756680 	73.375748 	31.064449 	51.923019 	60.406952 	62.032249 	25.709921 	87.664131 	72.090218 	74.323616 	45.694637 	20.000000 	61.057350 	29.529646 	59.076221 	30.232433 	28.160255 	86.092972 	88.836929 	62.625874 	91.065910 	6.403124 	26.305893 	3.605551 	16.278820 	11.180340 	87.200920 	18.973665 	999.000000 	49.678970 	58.051701 	71.421288 	3.162278 	30.083218 	37.947330 	78.517517 	48.826221 	17.720045 	100.209778 	33.541019 	
66.648331 	75.286118 	61.846584 	51.613953 	50.803543 	43.863426 	41.868843 	43.965897 	39.597980 	43.174065 	67.119293 	34.058773 	45.000000 	41.231056 	55.326305 	30.000000 	30.805843 	30.528675 	44.553337 	50.487621 	35.171009 	36.878178 	22.360680 	39.849716 	20.880613 	24.738634 	17.720045 	22.135944 	72.090218 	42.426407 	44.721359 	17.029387 	46.872166 	49.929951 	73.430237 	49.406479 	64.350601 	59.640591 	40.496914 	67.675697 	49.678970 	999.000000 	8.602325 	22.472204 	52.402290 	78.771820 	86.092972 	29.681644 	4.472136 	34.205261 	53.310413 	18.788294 	
68.352028 	78.447433 	64.288414 	49.497475 	48.795490 	46.324940 	42.059483 	47.381432 	39.115215 	47.095646 	72.835434 	34.438351 	50.487621 	37.443291 	61.392181 	31.016125 	29.206163 	28.319605 	50.960770 	44.643028 	30.413813 	31.780497 	25.179358 	47.010635 	17.029387 	31.780497 	14.142136 	29.529646 	79.605278 	35.014282 	37.121422 	10.770329 	39.204590 	58.008621 	81.301903 	57.628117 	72.422371 	67.801178 	32.280025 	75.802376 	58.051701 	8.602325 	999.000000 	13.892444 	60.827625 	86.838928 	94.031906 	21.095022 	11.401754 	42.801868 	44.944408 	27.294687 	
72.006943 	84.053551 	69.180923 	47.885281 	47.413078 	52.009613 	44.721359 	54.332310 	41.000000 	54.744862 	82.280006 	38.118237 	60.083275 	33.837849 	71.512238 	36.013885 	30.594116 	28.861740 	61.741398 	36.359318 	25.806976 	26.248810 	33.241539 	58.830265 	18.027756 	43.829212 	17.117243 	42.011902 	91.586021 	23.769728 	25.317978 	11.180340 	27.166155 	70.936592 	93.813644 	70.767227 	85.276024 	80.808418 	19.104973 	88.729927 	71.421288 	22.472204 	13.892444 	999.000000 	74.276512 	99.639351 	106.606750 	7.211102 	25.079872 	56.612720 	31.320919 	41.182522 	
68.963760 	65.863495 	61.684681 	77.524193 	76.531036 	53.009434 	62.393909 	48.093658 	63.953106 	45.099888 	41.773197 	58.463665 	35.510563 	76.537575 	33.120991 	55.081757 	63.568859 	65.192024 	28.442924 	90.824005 	75.239616 	77.472572 	48.846699 	23.021729 	64.140472 	32.649654 	62.128899 	33.286633 	27.658634 	89.185204 	91.923882 	65.604881 	94.154129 	8.544003 	25.019993 	6.082763 	15.000000 	10.049875 	90.210861 	17.262676 	3.162278 	52.402290 	60.827625 	74.276512 	999.000000 	28.160255 	36.138622 	81.394104 	51.400391 	19.697716 	103.227905 	35.846897 	
74.330345 	65.276337 	67.601776 	92.309265 	91.389275 	66.309875 	77.820305 	60.926186 	80.529495 	58.180752 	39.012817 	76.321686 	47.853943 	95.189285 	38.600517 	74.060783 	83.234612 	85.211502 	42.190044 	110.136276 	95.801880 	98.005104 	70.178345 	41.773197 	87.000000 	55.973209 	85.562843 	57.628117 	14.000000 	111.395691 	114.214706 	89.938866 	116.387283 	28.844410 	7.280110 	29.529646 	14.422205 	19.235384 	113.846390 	11.180340 	30.083218 	78.771820 	86.838928 	99.639351 	28.160255 	999.000000 	8.062258 	106.526993 	78.390053 	47.759815 	126.621483 	63.560993 	
76.485291 	66.030296 	70.092796 	96.602280 	95.713112 	70.710678 	82.492424 	65.368187 	85.440041 	62.769421 	40.607880 	81.608826 	52.697250 	100.439034 	42.485291 	79.649231 	88.865067 	90.906548 	47.634022 	115.433968 	101.533249 	103.711136 	76.367531 	48.166378 	93.380943 	62.801273 	92.097771 	64.637451 	17.000000 	117.456375 	120.282997 	96.674713 	122.429573 	36.235340 	12.806249 	37.161808 	21.931713 	26.925823 	120.282997 	18.973665 	37.947330 	86.092972 	94.031906 	106.606750 	36.138622 	8.062258 	999.000000 	113.406349 	85.883644 	55.659679 	132.943604 	71.309189 	
75.239616 	88.051125 	73.006851 	49.040798 	48.703182 	56.435802 	48.041649 	59.228371 	44.102154 	59.908264 	87.920418 	42.107006 	65.924202 	34.539833 	77.472572 	40.607880 	34.000000 	32.015621 	68.000000 	33.970577 	26.570660 	26.400757 	39.000000 	65.459915 	22.561028 	50.606323 	22.472204 	48.918301 	98.183502 	19.723083 	20.615528 	17.000000 	22.135944 	77.897369 	100.603180 	77.794601 	92.195442 	87.783829 	13.152946 	95.671310 	78.517517 	29.681644 	21.095022 	7.211102 	81.394104 	106.526993 	113.406349 	999.000000 	32.202484 	63.820061 	24.515301 	48.373547 	
70.327805 	78.434685 	65.306969 	56.035702 	55.217751 	47.413078 	46.010868 	47.169907 	43.863426 	46.173584 	69.000000 	38.209946 	47.169907 	45.694637 	57.035076 	34.058773 	35.227829 	34.985710 	46.097721 	54.744862 	39.560081 	41.231056 	26.076809 	40.792156 	25.298222 	26.076809 	22.135944 	23.194826 	72.449982 	46.173584 	48.373547 	21.023796 	50.487621 	49.648766 	73.348480 	48.877399 	64.007812 	59.169250 	43.680660 	67.230942 	48.826221 	4.472136 	11.401754 	25.079872 	51.400391 	78.390053 	85.883644 	32.202484 	999.000000 	32.526913 	56.302753 	16.401220 	
69.339745 	70.724815 	62.425957 	69.584480 	68.593002 	48.846699 	55.108982 	45.177429 	55.443665 	42.544094 	51.429562 	49.254440 	36.124783 	65.192024 	39.962482 	45.099888 	52.086468 	53.235325 	30.479502 	78.262383 	62.169125 	64.327286 	37.013512 	22.671568 	49.335587 	21.213203 	46.818798 	20.000000 	45.044422 	74.094536 	76.694199 	49.193497 	78.924011 	21.000000 	43.931767 	19.104973 	33.955853 	28.861740 	73.824112 	36.687874 	17.720045 	34.205261 	42.801868 	56.612720 	19.697716 	47.759815 	55.659679 	63.820061 	32.526913 	999.000000 	86.833176 	16.401220 	
82.000000 	96.840073 	81.908485 	51.478149 	51.623638 	68.425140 	57.384666 	72.560318 	53.310413 	74.094536 	102.727798 	54.203320 	82.200974 	38.600517 	93.813644 	54.644306 	45.793011 	43.566040 	85.796272 	28.017851 	33.541019 	31.780497 	56.586216 	84.864601 	39.623226 	71.063354 	41.231056 	70.000000 	116.846054 	16.552946 	13.928389 	37.735924 	12.369317 	98.716766 	120.208153 	99.020203 	112.609947 	108.577164 	13.038404 	116.180893 	100.209778 	53.310413 	44.944408 	31.320919 	103.227905 	126.621483 	132.943604 	24.515301 	56.302753 	86.833176 	999.000000 	72.090218 	
70.035706 	74.946648 	63.890530 	62.968246 	62.032249 	47.423622 	50.119858 	45.343136 	49.244289 	43.416588 	60.415230 	42.953465 	40.718548 	55.578773 	48.270073 	38.483765 	43.174065 	43.737854 	37.363083 	67.007462 	51.009804 	53.000000 	29.546574 	30.413813 	37.054016 	19.416489 	34.132095 	16.401220 	59.228371 	60.638271 	63.063461 	35.171009 	65.253349 	35.440090 	59.135437 	34.176014 	49.396355 	44.384682 	59.236813 	52.392746 	33.541019 	18.788294 	27.294687 	41.182522 	35.846897 	63.560993 	71.309189 	48.373547 	16.401220 	16.401220 	72.090218 	999.000000 	

Travel time:
9.000000 	0.395285 	0.182003 	0.775403 	0.766893 	0.575543 	0.682367 	0.618971 	0.778621 	0.675463 	0.897566 	0.855132 	0.850368 	1.089151 	0.930390 	0.933408 	1.035918 	1.082243 	1.021335 	1.384061 	1.252248 	1.281113 	1.107362 	1.196349 	1.353237 	1.273283 	1.394633 	1.343503 	1.510174 	1.648105 	1.706239 	1.540292 	1.740869 	1.511001 	1.679658 	1.573412 	1.654728 	1.644118 	1.833371 	1.726630 	1.660196 	1.666208 	1.708801 	1.800174 	1.724094 	1.858259 	1.912132 	1.880990 	1.758195 	1.733494 	2.050000 	1.750893 	
0.395285 	9.000000 	0.378319 	1.162970 	1.152443 	0.806226 	1.007782 	0.783023 	1.110180 	0.807775 	0.661910 	1.150000 	0.870704 	1.456022 	0.818917 	1.204159 	1.352082 	1.403567 	1.007782 	1.769357 	1.603317 	1.637834 	1.334166 	1.202081 	1.650757 	1.389244 	1.679658 	1.466714 	1.283793 	2.013082 	2.074247 	1.829276 	2.112019 	1.436358 	1.463728 	1.505199 	1.494365 	1.513481 	2.186893 	1.552418 	1.595306 	1.882153 	1.961186 	2.101339 	1.646587 	1.631908 	1.650757 	2.201278 	1.960867 	1.768120 	2.421002 	1.873666 	
0.182003 	0.378319 	9.000000 	0.811249 	0.797653 	0.450694 	0.629484 	0.465027 	0.731864 	0.512957 	0.743303 	0.776611 	0.670820 	1.083109 	0.751665 	0.838525 	0.975320 	1.026219 	0.840387 	1.408900 	1.225765 	1.261200 	0.989002 	1.017657 	1.278916 	1.114955 	1.311726 	1.187697 	1.343968 	1.638025 	1.700184 	1.460522 	1.739253 	1.329003 	1.510174 	1.391492 	1.476906 	1.463728 	1.809178 	1.550202 	1.478386 	1.546165 	1.607210 	1.729523 	1.542117 	1.690044 	1.752320 	1.825171 	1.632674 	1.560649 	2.047712 	1.597263 	
0.775403 	1.162970 	0.811249 	9.000000 	0.025000 	0.650000 	0.378319 	0.784618 	0.353553 	0.854400 	1.475847 	0.509902 	1.114955 	0.364006 	1.353006 	0.618466 	0.520216 	0.531507 	1.274019 	0.608790 	0.561805 	0.570088 	0.838153 	1.364734 	0.813941 	1.209339 	0.883883 	1.245492 	1.990132 	0.900000 	0.951315 	0.995615 	0.980115 	1.750893 	2.127205 	1.792519 	2.016340 	1.958475 	1.104536 	2.102974 	1.860779 	1.290349 	1.237437 	1.197132 	1.938105 	2.307732 	2.415057 	1.226020 	1.400892 	1.739612 	1.286954 	1.574206 	
0.766893 	1.152443 	0.797653 	0.025000 	9.000000 	0.626997 	0.353553 	0.761577 	0.328824 	0.831038 	1.456451 	0.485412 	1.091444 	0.357946 	1.330883 	0.594243 	0.500000 	0.512957 	1.250000 	0.617454 	0.553399 	0.564026 	0.814325 	1.340009 	0.797261 	1.184536 	0.866386 	1.220912 	1.967867 	0.900347 	0.952956 	0.980115 	0.982980 	1.726268 	2.104311 	1.767767 	1.992486 	1.934231 	1.102554 	2.079213 	1.835926 	1.270089 	1.219887 	1.185327 	1.913276 	2.284732 	2.392828 	1.217580 	1.380444 	1.714825 	1.290591 	1.550806 	
0.575543 	0.806226 	0.450694 	0.650000 	0.626997 	9.000000 	0.301040 	0.134629 	0.390512 	0.206155 	0.870704 	0.364006 	0.467039 	0.781025 	0.707549 	0.400000 	0.577170 	0.632456 	0.632949 	1.149184 	0.872138 	0.917878 	0.538516 	0.751665 	0.851469 	0.721110 	0.875357 	0.785016 	1.342805 	1.297112 	1.364734 	1.025305 	1.410895 	1.126111 	1.477329 	1.175000 	1.370447 	1.319327 	1.439618 	1.456022 	1.251000 	1.096586 	1.158123 	1.300240 	1.325236 	1.657747 	1.767767 	1.410895 	1.185327 	1.221167 	1.710629 	1.185591 	
0.682367 	1.007782 	0.629484 	0.378319 	0.353553 	0.301040 	9.000000 	0.430116 	0.103078 	0.493077 	1.168867 	0.195256 	0.749166 	0.485412 	1.005609 	0.301040 	0.353553 	0.400780 	0.901388 	0.849264 	0.601041 	0.640800 	0.520216 	0.986471 	0.673146 	0.848896 	0.719809 	0.893378 	1.637834 	1.021335 	1.086566 	0.862047 	1.129712 	1.372953 	1.766529 	1.414214 	1.644688 	1.583114 	1.182423 	1.732231 	1.482607 	1.046721 	1.051487 	1.118034 	1.559848 	1.945508 	2.062311 	1.201041 	1.150272 	1.377725 	1.434617 	1.252996 	
0.618971 	0.783023 	0.465027 	0.784618 	0.761577 	0.134629 	0.430116 	9.000000 	0.512957 	0.075000 	0.755811 	0.458939 	0.333542 	0.901734 	0.575543 	0.467039 	0.670820 	0.726722 	0.502494 	1.273283 	0.977880 	1.026219 	0.555090 	0.632949 	0.916856 	0.654313 	0.930390 	0.725000 	1.209339 	1.402007 	1.470757 	1.079641 	1.518634 	1.000000 	1.342805 	1.051190 	1.236932 	1.187960 	1.533175 	1.322167 	1.129436 	1.099147 	1.184536 	1.358308 	1.202341 	1.523155 	1.634205 	1.480709 	1.179248 	1.129436 	1.814008 	1.133578 	
0.778621 	1.110180 	0.731864 	0.353553 	0.328824 	0.390512 	0.103078 	0.512957 	9.000000 	0.570088 	1.261200 	0.158114 	0.818917 	0.390512 	1.085415 	0.269258 	0.261008 	0.304138 	0.962094 	0.760345 	0.498121 	0.538516 	0.492443 	1.030776 	0.585235 	0.855862 	0.637377 	0.892328 	1.712637 	0.919239 	0.984886 	0.775403 	1.028652 	1.418846 	1.835756 	1.456237 	1.703856 	1.636498 	1.079352 	1.792345 	1.520691 	0.989950 	0.977880 	1.025000 	1.598828 	2.013237 	2.136001 	1.102554 	1.096586 	1.386092 	1.332760 	1.231107 	
0.675463 	0.807775 	0.512957 	0.854400 	0.831038 	0.206155 	0.493077 	0.075000 	0.570088 	9.000000 	0.716327 	0.500000 	0.261008 	0.955249 	0.515388 	0.492443 	0.707549 	0.763217 	0.427931 	1.328768 	1.020110 	1.070047 	0.550000 	0.559017 	0.934077 	0.602080 	0.941409 	0.675463 	1.144825 	1.442220 	1.511622 	1.089151 	1.560649 	0.925000 	1.274755 	0.976281 	1.164313 	1.113833 	1.565248 	1.250000 	1.054751 	1.079352 	1.177391 	1.368622 	1.127497 	1.454519 	1.569236 	1.497707 	1.154340 	1.063602 	1.852363 	1.085415 	
0.897566 	0.661910 	0.743303 	1.475847 	1.456451 	0.870704 	1.168867 	0.755811 	1.261200 	0.716327 	9.000000 	1.213724 	0.559017 	1.651704 	0.304138 	1.207528 	1.423464 	1.479231 	0.579871 	2.018044 	1.733494 	1.782028 	1.226020 	0.752080 	1.638788 	1.076162 	1.636498 	1.152443 	0.625500 	2.157110 	2.226123 	1.779220 	2.274313 	0.849264 	0.803508 	0.919918 	0.840387 	0.874643 	2.281036 	0.893378 	1.007782 	1.677982 	1.820886 	2.057000 	1.044330 	0.975320 	1.015197 	2.198010 	1.725000 	1.285739 	2.568195 	1.510381 	
0.855132 	1.150000 	0.776611 	0.509902 	0.485412 	0.364006 	0.195256 	0.458939 	0.158114 	0.500000 	1.213724 	9.000000 	0.726722 	0.471699 	1.007782 	0.111803 	0.213600 	0.269258 	0.853302 	0.845946 	0.520216 	0.570088 	0.335410 	0.901388 	0.502494 	0.701783 	0.539676 	0.735697 	1.620378 	0.943398 	1.012423 	0.686477 	1.060955 	1.288652 	1.733494 	1.322167 	1.587648 	1.513481 	1.077033 	1.677051 	1.382932 	0.851469 	0.860959 	0.952956 	1.461592 	1.908042 	2.040221 	1.052675 	0.955249 	1.231361 	1.355083 	1.073837 	
0.850368 	0.870704 	0.670820 	1.114955 	1.091444 	0.467039 	0.749166 	0.333542 	0.818917 	0.261008 	0.559017 	0.726722 	9.000000 	1.195042 	0.291548 	0.691466 	0.919918 	0.973717 	0.176777 	1.570032 	1.237942 	1.290591 	0.673146 	0.347311 	1.095730 	0.546008 	1.086566 	0.625000 	0.895126 	1.651704 	1.722099 	1.226020 	1.773415 	0.679154 	1.017657 	0.735697 	0.903466 	0.855862 	1.754459 	0.989002 	0.818917 	1.125000 	1.262191 	1.502082 	0.887764 	1.196349 	1.317431 	1.648105 	1.179248 	0.903120 	2.055024 	1.017964 	
1.089151 	1.456022 	1.083109 	0.364006 	0.357946 	0.781025 	0.485412 	0.901734 	0.390512 	0.955249 	1.651704 	0.471699 	1.195042 	9.000000 	1.469906 	0.538516 	0.328824 	0.300000 	1.325000 	0.375000 	0.201556 	0.206155 	0.707107 	1.365650 	0.514782 	1.118034 	0.592663 	1.131923 	2.090006 	0.559017 	0.618466 	0.675463 	0.656220 	1.750179 	2.205108 	1.779220 	2.057456 	1.980057 	0.750000 	2.147091 	1.834394 	1.030776 	0.936082 	0.845946 	1.913439 	2.379732 	2.510976 	0.863496 	1.142366 	1.629801 	0.965013 	1.389469 	
0.930390 	0.818917 	0.751665 	1.353006 	1.330883 	0.707549 	1.005609 	0.575543 	1.085415 	0.515388 	0.304138 	1.007782 	0.291548 	1.469906 	9.000000 	0.980115 	1.206752 	1.261200 	0.276134 	1.843909 	1.523975 	1.575794 	0.962094 	0.450694 	1.386768 	0.775000 	1.375909 	0.850368 	0.637377 	1.940522 	2.010752 	1.513481 	2.061553 	0.617454 	0.783023 	0.686477 	0.725431 	0.715891 	2.045880 	0.800391 	0.776611 	1.383158 	1.534805 	1.787806 	0.828025 	0.965013 	1.062132 	1.936814 	1.425877 	0.999062 	2.345341 	1.206752 	
0.933408 	1.204159 	0.838525 	0.618466 	0.594243 	0.400000 	0.301040 	0.467039 	0.269258 	0.492443 	1.207528 	0.111803 	0.691466 	0.538516 	0.980115 	9.000000 	0.230489 	0.282843 	0.800391 	0.905883 	0.548293 	0.602080 	0.223607 	0.827647 	0.452769 	0.600000 	0.475657 	0.629484 	1.575794 	0.960469 	1.030776 	0.625500 	1.081954 	1.211662 	1.680030 	1.241219 	1.522539 	1.442437 	1.073546 	1.612452 	1.298075 	0.750000 	0.775403 	0.900347 	1.377044 	1.851520 	1.991231 	1.015197 	0.851469 	1.127497 	1.366108 	0.962094 	
1.035918 	1.352082 	0.975320 	0.520216 	0.500000 	0.577170 	0.353553 	0.670820 	0.261008 	0.707549 	1.423464 	0.213600 	0.919918 	0.328824 	1.206752 	0.230489 	9.000000 	0.055902 	1.030776 	0.682825 	0.318198 	0.371652 	0.378319 	1.051487 	0.325000 	0.789383 	0.381608 	0.803508 	1.806239 	0.735272 	0.805062 	0.515388 	0.855132 	1.431782 	1.910007 	1.457738 	1.749285 	1.666208 	0.863496 	1.839327 	1.510174 	0.770146 	0.730154 	0.764853 	1.589221 	2.080865 	2.221627 	0.850000 	0.880696 	1.302162 	1.144825 	1.079352 	
1.082243 	1.403567 	1.026219 	0.531507 	0.512957 	0.632456 	0.400780 	0.726722 	0.304138 	0.763217 	1.479231 	0.269258 	0.973717 	0.300000 	1.261200 	0.282843 	0.055902 	9.000000 	1.081954 	0.640800 	0.265754 	0.320156 	0.412311 	1.097725 	0.291548 	0.824621 	0.355317 	0.834416 	1.858259 	0.680074 	0.750000 	0.480885 	0.800391 	1.475847 	1.960230 	1.500208 	1.796698 	1.711907 	0.807775 	1.886796 	1.550806 	0.763217 	0.707990 	0.721543 	1.629801 	2.130288 	2.272664 	0.800391 	0.874643 	1.330883 	1.089151 	1.093446 	
1.021335 	1.007782 	0.840387 	1.274019 	1.250000 	0.632949 	0.901388 	0.502494 	0.962094 	0.427931 	0.579871 	0.853302 	0.176777 	1.325000 	0.276134 	0.800391 	1.030776 	1.081954 	9.000000 	1.698897 	1.347683 	1.402007 	0.735272 	0.195256 	1.165386 	0.500625 	1.144825 	0.575000 	0.777817 	1.750179 	1.820886 	1.275000 	1.873833 	0.502494 	0.880696 	0.559017 	0.743303 	0.686477 	1.835245 	0.831038 	0.642748 	1.113833 	1.274019 	1.543535 	0.711073 	1.054751 	1.190850 	1.700000 	1.152443 	0.761988 	2.144907 	0.934077 	
