Total assets = 730
Number of asset nodes = 40

Distance:
999.000000 	36.715118 	47.423622 	103.585716 	51.739735 	7.615773 	56.435802 	55.443665 	40.311287 	89.899948 	35.902645 	37.443291 	85.000000 	57.140179 	23.537205 	75.584389 	23.345236 	25.553865 	21.023796 	58.600342 	19.646883 	48.877399 	62.681736 	73.430237 	16.124516 	18.027756 	16.643316 	51.478149 	17.029387 	103.855667 	38.897301 	56.938564 	18.867962 	114.201576 	54.129475 	28.284271 	41.976185 	65.863495 	55.542778 	61.717098 	52.201534 	35.000000 	36.013885 	68.476273 	69.354164 	35.171009 	62.096699 	56.718605 	48.093658 	55.081757 	53.000000 	68.447060 	70.007141 	
36.715118 	999.000000 	83.600243 	136.652847 	88.005684 	41.785164 	19.723083 	91.836815 	77.025970 	121.827744 	10.440307 	72.180328 	117.613777 	20.615528 	59.615433 	39.000000 	59.236813 	19.416489 	56.302753 	95.131485 	27.018513 	85.586212 	26.248810 	36.715118 	34.058773 	31.000000 	46.872166 	88.192970 	45.541191 	138.600143 	75.239616 	93.648277 	42.047592 	148.600128 	90.785461 	29.732138 	77.833153 	102.576797 	92.135773 	98.412399 	88.639717 	69.375786 	70.604530 	105.190300 	105.990562 	44.011364 	98.081596 	92.048897 	81.394104 	89.498604 	86.884979 	104.043259 	103.406960 	
47.423622 	83.600243 	999.000000 	59.774578 	4.472136 	44.821869 	103.227905 	8.544003 	12.000000 	49.162994 	80.622574 	14.035668 	43.289722 	104.201729 	29.546574 	121.794907 	30.463093 	72.249565 	34.014702 	12.369317 	64.815125 	9.899495 	109.808922 	120.104118 	58.249462 	61.611687 	46.065170 	12.206555 	48.301140 	57.454330 	20.099751 	14.317822 	54.120235 	68.095520 	16.643316 	71.561165 	23.769728 	22.022715 	18.867962 	20.396078 	19.798990 	32.000000 	31.016125 	25.019993 	28.160255 	70.936592 	29.681644 	31.144823 	37.336308 	35.227829 	36.715118 	36.715118 	48.104053 	
103.585716 	136.652847 	59.774578 	999.000000 	56.753853 	102.859123 	155.219193 	54.918121 	71.309189 	16.124516 	130.969467 	66.241982 	19.104973 	156.847061 	89.196411 	171.828400 	90.138779 	129.139465 	93.637596 	54.332310 	122.588745 	64.938431 	162.483841 	171.213318 	116.730461 	119.854080 	105.475113 	64.498062 	107.703293 	14.422205 	78.644768 	60.133186 	113.463654 	16.124516 	66.121101 	130.146072 	80.894997 	56.142673 	67.029846 	61.032780 	71.112587 	90.801979 	89.627007 	56.435802 	60.827625 	130.633072 	73.334846 	80.056229 	92.135773 	86.023254 	89.000000 	76.295479 	91.591484 	
51.739735 	88.005684 	4.472136 	56.753853 	999.000000 	48.918301 	107.647575 	4.123106 	14.560220 	47.000000 	85.088188 	18.248287 	41.012192 	108.600182 	33.120991 	126.245789 	34.000000 	76.419891 	37.589893 	8.062258 	68.883957 	9.486833 	114.201576 	124.535133 	62.201286 	65.604881 	49.739319 	10.816654 	51.971146 	53.712196 	22.090721 	11.180340 	57.801384 	64.412735 	14.866069 	75.451973 	25.079872 	18.027756 	16.970562 	17.088007 	18.867962 	34.234486 	33.136082 	21.023796 	24.515301 	74.323616 	27.658634 	30.232433 	38.078865 	34.885529 	36.769554 	34.409302 	46.754681 	
7.615773 	41.785164 	44.821869 	102.859123 	48.918301 	999.000000 	61.326992 	52.345009 	36.235340 	89.888817 	42.296574 	36.769554 	84.693565 	61.717098 	17.888544 	80.777473 	17.464249 	27.586229 	14.560220 	55.172459 	20.000000 	44.821869 	67.119293 	78.294319 	13.928389 	17.000000 	9.219544 	47.201694 	10.000000 	102.078400 	33.541019 	52.801514 	13.341664 	112.605507 	49.396355 	27.313000 	36.055511 	61.611687 	50.606323 	57.140179 	46.957428 	28.160255 	29.274563 	64.070274 	64.498062 	31.064449 	56.302753 	50.447994 	41.000000 	48.373547 	46.097721 	62.361847 	63.031738 	
56.435802 	19.723083 	103.227905 	155.219193 	107.647575 	61.326992 	999.000000 	111.503365 	96.747093 	140.089264 	24.413111 	91.547798 	136.124939 	3.162278 	79.202271 	19.646883 	78.790863 	36.496574 	75.769386 	114.825958 	44.911022 	105.309067 	7.615773 	17.000000 	52.392746 	49.030602 	65.802734 	107.912003 	64.288414 	157.724442 	94.847244 	113.371071 	60.207973 	167.585800 	110.476242 	45.000000 	97.308784 	122.298813 	111.803398 	118.118584 	108.258949 	88.543777 	89.810913 	124.907967 	125.670204 	58.309521 	117.545738 	111.328346 	100.169853 	108.521889 	105.773346 	123.369362 	122.024590 	
55.443665 	91.836815 	8.544003 	54.918121 	4.123106 	52.345009 	111.503365 	999.000000 	17.000000 	46.173584 	89.067390 	22.360680 	40.112343 	112.414413 	36.055511 	130.172958 	36.891735 	79.906197 	40.496914 	4.000000 	72.249565 	10.049875 	118.004234 	128.413391 	65.436989 	68.883957 	52.697250 	10.198039 	54.918121 	50.990196 	23.769728 	8.485281 	60.745369 	61.741398 	13.416408 	78.600258 	26.076809 	14.142136 	15.264338 	13.892444 	18.027756 	35.902645 	34.713108 	17.117243 	20.880613 	76.922035 	25.495098 	29.068884 	38.327538 	34.176014 	36.400551 	31.890438 	45.000000 	
40.311287 	77.025970 	12.000000 	71.309189 	14.560220 	36.235340 	96.747093 	17.000000 	999.000000 	61.131008 	75.392311 	17.804493 	55.226807 	97.416634 	19.209373 	115.836090 	20.000000 	63.780876 	23.600847 	19.209373 	55.865910 	8.602325 	102.927162 	113.740936 	48.836460 	52.345009 	35.805027 	11.180340 	38.013157 	67.977936 	8.246211 	16.643316 	43.829212 	78.721024 	14.317822 	61.846584 	12.529964 	25.553865 	16.124516 	21.540659 	14.142136 	20.000000 	19.026299 	28.178005 	29.410883 	59.933296 	25.317978 	23.706539 	26.419689 	26.248810 	26.907248 	32.557640 	40.816662 	
89.899948 	121.827744 	49.162994 	16.124516 	47.000000 	89.888817 	140.089264 	46.173584 	61.131008 	999.000000 	115.745407 	53.141319 	6.082763 	141.820312 	77.665955 	156.348969 	78.644768 	115.381973 	82.000000 	46.690472 	109.251999 	56.080299 	147.434738 	155.878159 	103.817146 	106.775467 	93.407707 	56.320511 	95.603348 	26.000000 	69.028976 	52.952808 	101.242287 	31.622776 	58.855755 	117.175079 	72.027771 	51.264023 	60.207973 	55.362442 	63.788715 	81.098709 	80.056229 	52.392746 	57.271286 	118.848640 	68.308128 	73.979729 	84.480766 	79.624115 	82.200974 	72.615425 	87.664131 	
35.902645 	10.440307 	80.622574 	130.969467 	85.088188 	42.296574 	24.413111 	89.067390 	75.392311 	115.745407 	999.000000 	68.242218 	111.865990 	26.419689 	59.439045 	41.400482 	59.228371 	26.076809 	56.718605 	92.590500 	31.953091 	83.773506 	31.906113 	40.311287 	37.854988 	35.440090 	49.010204 	86.539009 	48.093658 	133.869339 	74.726166 	91.787796 	45.705578 	143.586212 	89.537704 	36.891735 	77.878113 	100.722389 	91.082382 	96.932968 	87.931793 	70.455658 	71.568146 	103.469803 	104.752090 	51.107731 	97.984695 	92.574295 	83.150467 	90.669731 	88.362885 	104.345581 	105.233078 	
37.443291 	72.180328 	14.035668 	66.241982 	18.248287 	36.769554 	91.547798 	22.360680 	17.804493 	53.141319 	68.242218 	999.000000 	47.927029 	92.763138 	26.076809 	109.622078 	27.073973 	62.968246 	30.000000 	26.305893 	56.356010 	21.840330 	98.412399 	108.231232 	50.695168 	53.712196 	40.607880 	24.738634 	42.755116 	66.603302 	24.839485 	28.071337 	48.270073 	76.837494 	29.120440 	64.078079 	29.732138 	36.055511 	31.320919 	34.132095 	30.870699 	34.014702 	33.541019 	39.051247 	42.047592 	66.098412 	41.785164 	41.340054 	43.416588 	44.045429 	44.553337 	49.040798 	58.523499 	
85.000000 	117.613777 	43.289722 	19.104973 	41.012192 	84.693565 	136.124939 	40.112343 	55.226807 	6.082763 	111.865990 	47.927029 	999.000000 	137.767914 	72.034714 	152.735062 	73.006851 	110.535065 	76.400261 	40.607880 	104.216118 	50.039986 	143.401535 	152.108521 	98.615417 	101.636604 	87.931793 	50.249378 	90.138779 	25.709921 	63.071388 	46.872166 	95.817535 	33.120991 	52.773098 	112.004463 	66.007576 	45.310043 	54.129475 	49.335587 	57.706154 	75.166481 	74.108032 	46.518814 	51.429562 	113.322548 	62.297672 	67.911705 	78.409180 	73.545906 	76.118332 	66.708321 	81.706795 	
57.140179 	20.615528 	104.201729 	156.847061 	108.600182 	61.717098 	3.162278 	112.414413 	97.416634 	141.820312 	26.419689 	92.763138 	137.767914 	999.000000 	79.605278 	20.099751 	79.158073 	36.138622 	76.059189 	115.676270 	44.643028 	106.000000 	5.656854 	16.763054 	52.201534 	48.764740 	65.787537 	108.558739 	64.195015 	159.100601 	95.257545 	114.057007 	59.908264 	169.035492 	111.018013 	44.102154 	97.575615 	122.967476 	112.294258 	118.701309 	108.673820 	88.600227 	89.888817 	125.538841 	126.178444 	57.078892 	117.783699 	111.427109 	100.000000 	108.466583 	105.650368 	123.490891 	121.753853 	
23.537205 	59.615433 	29.546574 	89.196411 	33.120991 	17.888544 	79.202271 	36.055511 	19.209373 	77.665955 	59.439045 	26.076809 	72.034714 	79.605278 	999.000000 	98.615417 	1.000000 	45.000000 	4.472136 	38.418747 	36.878178 	27.586229 	85.000000 	96.176918 	29.698484 	33.241539 	16.643316 	29.732138 	18.867962 	86.833176 	15.652476 	35.383614 	24.698177 	97.529480 	31.622776 	42.638012 	18.439089 	44.045429 	32.756680 	39.408119 	29.068884 	13.000000 	13.601471 	46.400433 	46.647614 	41.436699 	38.600517 	33.241539 	26.248810 	32.062439 	30.413813 	44.911022 	47.381432 	
75.584389 	39.000000 	121.794907 	171.828400 	126.245789 	80.777473 	19.646883 	130.172958 	115.836090 	156.348969 	41.400482 	109.622078 	152.735062 	20.099751 	98.615417 	999.000000 	98.234413 	56.089214 	95.273293 	133.600143 	64.536812 	124.354332 	16.124516 	5.000000 	72.034714 	68.658577 	85.440041 	127.015747 	83.934502 	175.171341 	114.236595 	132.412231 	79.831070 	184.783661 	129.711212 	64.195015 	116.811813 	141.354172 	131.095383 	137.295303 	127.632286 	108.157295 	109.416634 	144.013885 	144.931015 	77.006493 	137.058380 	130.919830 	119.816528 	128.160049 	125.419296 	142.947540 	141.661575 	
23.345236 	59.236813 	30.463093 	90.138779 	34.000000 	17.464249 	78.790863 	36.891735 	20.000000 	78.644768 	59.228371 	27.073973 	73.006851 	79.158073 	1.000000 	98.234413 	999.000000 	44.407207 	3.605551 	39.204590 	36.235340 	28.319605 	84.534019 	95.754898 	29.000000 	32.557640 	15.811388 	30.413813 	18.027756 	87.709747 	16.124516 	36.069378 	23.853722 	98.412399 	32.202484 	41.868843 	18.681541 	44.687805 	33.286633 	40.000000 	29.529646 	12.649111 	13.341664 	47.010635 	47.169907 	40.496914 	38.897301 	33.376640 	25.961510 	32.015621 	30.265491 	45.122055 	47.265209 	
25.553865 	19.416489 	72.249565 	129.139465 	76.419891 	27.586229 	36.496574 	79.906197 	63.780876 	115.381973 	26.076809 	62.968246 	110.535065 	36.138622 	45.000000 	56.089214 	44.407207 	999.000000 	41.048752 	82.758682 	8.544003 	72.346390 	41.109608 	52.886673 	16.155495 	12.649111 	29.966648 	74.652527 	28.231188 	129.201401 	60.464867 	80.280754 	23.769728 	139.617340 	76.609398 	10.816654 	62.265560 	89.022469 	77.665955 	84.403793 	73.783470 	52.801514 	54.129475 	91.400215 	91.525955 	25.059929 	82.298241 	75.643906 	63.890530 	72.449982 	69.570107 	87.726852 	85.615417 	
21.023796 	56.302753 	34.014702 	93.637596 	37.589893 	14.560220 	75.769386 	40.496914 	23.600847 	82.000000 	56.718605 	30.000000 	76.400261 	76.059189 	4.472136 	95.273293 	3.605551 	41.048752 	999.000000 	42.801868 	32.802441 	31.890438 	81.394104 	92.703827 	25.495098 	29.068884 	12.206555 	33.941124 	14.422205 	91.301697 	19.416489 	39.597980 	20.248457 	102.000000 	35.608986 	38.288380 	21.540659 	48.166378 	36.619667 	43.416588 	32.756680 	14.035668 	15.000000 	50.447994 	50.477718 	37.000000 	41.785164 	35.902645 	27.294687 	34.058773 	32.015621 	47.801674 	49.040798 	
58.600342 	95.131485 	12.369317 	54.332310 	8.062258 	55.172459 	114.825958 	4.000000 	19.209373 	46.690472 	92.590500 	26.305893 	40.607880 	115.676270 	38.418747 	133.600143 	39.204590 	82.758682 	42.801868 	999.000000 	74.966660 	11.180340 	121.247681 	131.764938 	68.014702 	71.505241 	55.000000 	10.198039 	57.201397 	49.396355 	25.079872 	6.324555 	63.007935 	60.166435 	12.165525 	81.055534 	26.683329 	10.198039 	13.601471 	10.630146 	17.117243 	37.000000 	35.735138 	13.152946 	17.088007 	78.771820 	23.021729 	27.513634 	38.013157 	32.984844 	35.510563 	29.000000 	42.720020 	
19.646883 	27.018513 	64.815125 	122.588745 	68.883957 	20.000000 	44.911022 	72.249565 	55.865910 	109.251999 	31.953091 	56.356010 	104.216118 	44.643028 	36.878178 	64.536812 	36.235340 	8.544003 	32.802441 	74.966660 	999.000000 	64.381676 	49.648766 	61.400326 	7.615773 	4.123106 	21.470911 	66.603302 	19.697716 	122.065559 	52.201534 	72.249565 	15.297058 	132.574509 	68.410522 	9.055386 	53.851646 	80.919716 	69.404610 	76.216797 	65.459915 	44.283180 	45.617977 	83.240616 	83.234612 	20.518284 	73.824112 	67.119293 	55.362442 	63.906181 	61.032780 	79.202271 	77.129761 	
48.877399 	85.586212 	9.899495 	64.938431 	9.486833 	44.821869 	105.309067 	10.049875 	8.602325 	56.080299 	83.773506 	21.840330 	50.039986 	106.000000 	27.586229 	124.354332 	28.319605 	72.346390 	31.890438 	11.180340 	64.381676 	999.000000 	111.516815 	122.298813 	57.280014 	60.811184 	44.045429 	3.000000 	46.227695 	60.539242 	13.928389 	8.062258 	52.009613 	71.309189 	7.280110 	70.178345 	16.031219 	17.000000 	9.486833 	13.341664 	9.899495 	25.961510 	24.738634 	19.697716 	21.377558 	67.601776 	20.124611 	21.260292 	28.635643 	25.553865 	27.313000 	27.313000 	38.209946 	
62.681736 	26.248810 	109.808922 	162.483841 	114.201576 	67.119293 	7.615773 	118.004234 	102.927162 	147.434738 	31.906113 	98.412399 	143.401535 	5.656854 	85.000000 	16.124516 	84.534019 	41.109608 	81.394104 	121.247681 	49.648766 	111.516815 	999.000000 	12.041595 	57.245087 	53.758720 	70.936592 	114.057007 	69.289246 	164.757401 	100.647903 	119.570061 	64.845970 	174.691162 	116.468880 	48.507732 	102.883430 	128.471786 	117.720009 	124.169243 	114.061386 	93.776329 	95.078911 	131.026718 	131.609268 	61.008198 	123.065025 	116.619041 	104.995239 	113.547348 	110.679718 	128.693436 	126.649124 	
73.430237 	36.715118 	120.104118 	171.213318 	124.535133 	78.294319 	17.000000 	128.413391 	113.740936 	155.878159 	40.311287 	108.231232 	152.108521 	16.763054 	96.176918 	5.000000 	95.754898 	52.886673 	92.703827 	131.764938 	61.400326 	122.298813 	12.041595 	999.000000 	68.963760 	65.520988 	82.540901 	124.907967 	80.956779 	174.155106 	111.825760 	130.361038 	76.655075 	183.896713 	127.475487 	60.530983 	114.236595 	139.291061 	128.798294 	135.118469 	125.239769 	105.342300 	106.625511 	141.904892 	142.667450 	73.027390 	134.461884 	128.160049 	116.760437 	125.227791 	122.413231 	140.217682 	138.495483 	
16.124516 	34.058773 	58.249462 	116.730461 	62.201286 	13.928389 	52.392746 	65.436989 	48.836460 	103.817146 	37.854988 	50.695168 	98.615417 	52.201534 	29.698484 	72.034714 	29.000000 	16.155495 	25.495098 	68.014702 	7.615773 	57.280014 	57.245087 	68.963760 	999.000000 	3.605551 	13.892444 	59.413803 	12.083046 	115.663307 	44.821869 	65.069191 	8.000000 	126.245789 	61.073727 	13.416408 	46.324940 	73.661385 	62.008064 	68.883957 	58.008621 	36.674240 	38.013157 	75.927597 	75.802376 	19.313208 	66.241982 	59.506302 	47.801674 	56.302753 	53.450912 	71.589104 	69.634758 	
18.027756 	31.000000 	61.611687 	119.854080 	65.604881 	17.000000 	49.030602 	68.883957 	52.345009 	106.775467 	35.440090 	53.712196 	101.636604 	48.764740 	33.241539 	68.658577 	32.557640 	12.649111 	29.068884 	71.505241 	4.123106 	60.811184 	53.758720 	65.520988 	3.605551 	999.000000 	17.492855 	62.968246 	15.652476 	118.983192 	48.414875 	68.622154 	11.180340 	129.541504 	64.660652 	10.440307 	49.929951 	77.233414 	65.604881 	72.470680 	61.611687 	40.249222 	41.593269 	79.511009 	79.404030 	18.867962 	69.835518 	63.071388 	51.244511 	59.808025 	56.920998 	75.153175 	73.006851 	
16.643316 	46.872166 	46.065170 	105.475113 	49.739319 	9.219544 	65.802734 	52.697250 	35.805027 	93.407707 	49.010204 	40.607880 	87.931793 	65.787537 	16.643316 	85.440041 	15.811388 	29.966648 	12.206555 	55.000000 	21.470911 	44.045429 	70.936592 	82.540901 	13.892444 	17.492855 	999.000000 	46.010868 	2.236068 	103.445641 	31.144823 	51.662365 	8.062258 	114.127121 	47.423622 	26.172504 	32.449963 	60.108234 	48.270073 	55.226807 	44.204071 	22.847319 	24.166092 	62.289646 	62.008064 	25.495098 	52.354561 	45.694637 	34.525352 	42.720020 	40.024994 	57.775429 	56.568542 	
51.478149 	88.192970 	12.206555 	64.498062 	10.816654 	47.201694 	107.912003 	10.198039 	11.180340 	56.320511 	86.539009 	24.738634 	50.249378 	108.558739 	29.732138 	127.015747 	30.413813 	74.652527 	33.941124 	10.198039 	66.603302 	3.000000 	114.057007 	124.907967 	59.413803 	62.968246 	46.010868 	999.000000 	48.166378 	59.464275 	15.264338 	5.656854 	53.907330 	70.228203 	4.472136 	72.180328 	16.492422 	14.422205 	6.708204 	10.440307 	8.062258 	26.925823 	25.632011 	17.000000 	18.439089 	69.115845 	17.492855 	19.416489 	28.160255 	24.166092 	26.248810 	24.596748 	36.069378 	
17.029387 	45.541191 	48.301140 	107.703293 	51.971146 	10.000000 	64.288414 	54.918121 	38.013157 	95.603348 	48.093658 	42.755116 	90.138779 	64.195015 	18.867962 	83.934502 	18.027756 	28.231188 	14.422205 	57.201397 	19.697716 	46.227695 	69.289246 	80.956779 	12.083046 	15.652476 	2.236068 	48.166378 	999.000000 	105.678757 	33.241539 	53.814495 	5.830952 	116.361504 	49.517673 	24.041630 	34.409302 	62.225395 	50.328918 	57.314919 	46.227695 	24.596748 	25.942244 	64.381676 	64.031242 	23.345236 	54.203320 	47.423622 	35.902645 	44.271889 	41.484936 	59.506302 	57.870544 	
103.855667 	138.600143 	57.454330 	14.422205 	53.712196 	102.078400 	157.724442 	50.990196 	67.977936 	26.000000 	133.869339 	66.603302 	25.709921 	159.100601 	86.833176 	175.171341 	87.709747 	129.201401 	91.301697 	49.396355 	122.065559 	60.539242 	164.757401 	174.155106 	115.663307 	118.983192 	103.445641 	59.464275 	105.678757 	999.000000 	74.464760 	54.405884 	111.507851 	10.770329 	60.166435 	129.003876 	75.894661 	48.662102 	60.638271 	53.935146 	65.000000 	86.377083 	85.094063 	48.259712 	52.038448 	127.910126 	65.192024 	72.560318 	85.702972 	78.638412 	81.884064 	67.029846 	82.152298 	
38.897301 	75.239616 	20.099751 	78.644768 	22.090721 	33.541019 	94.847244 	23.769728 	8.246211 	69.028976 	74.726166 	24.839485 	63.071388 	95.257545 	15.652476 	114.236595 	16.124516 	60.464867 	19.416489 	25.079872 	52.201534 	13.928389 	100.647903 	111.825760 	44.821869 	48.414875 	31.144823 	15.264338 	33.241539 	74.464760 	999.000000 	20.808653 	38.897301 	85.234970 	16.278820 	57.280014 	5.000000 	29.000000 	17.204651 	24.083189 	13.416408 	12.165525 	11.045361 	31.144823 	31.064449 	53.851646 	23.345236 	19.235384 	18.601076 	20.124611 	20.000000 	30.066593 	35.468296 	
56.938564 	93.648277 	14.317822 	60.133186 	11.180340 	52.801514 	113.371071 	8.485281 	16.643316 	52.952808 	91.787796 	28.071337 	46.872166 	114.057007 	35.383614 	132.412231 	36.069378 	80.280754 	39.597980 	6.324555 	72.249565 	8.062258 	119.570061 	130.361038 	65.069191 	68.622154 	51.662365 	5.656854 	53.814495 	54.405884 	20.808653 	999.000000 	59.548298 	65.145988 	6.000000 	77.833153 	21.540659 	8.944272 	7.280110 	6.082763 	11.000000 	32.202484 	30.870699 	11.704700 	14.000000 	74.625732 	17.029387 	21.189621 	32.015621 	26.683329 	29.274563 	23.430750 	36.619667 	
18.867962 	42.047592 	54.120235 	113.463654 	57.801384 	13.341664 	60.207973 	60.745369 	43.829212 	101.242287 	45.705578 	48.270073 	95.817535 	59.908264 	24.698177 	79.831070 	23.853722 	23.769728 	20.248457 	63.007935 	15.297058 	52.009613 	64.845970 	76.655075 	8.000000 	11.180340 	8.062258 	53.907330 	5.830952 	111.507851 	38.897301 	59.548298 	999.000000 	122.188377 	55.154327 	18.439089 	39.824615 	67.896980 	55.901699 	62.936478 	51.739735 	29.681644 	31.064449 	70.007141 	69.526970 	18.027756 	59.363289 	52.354561 	40.162170 	48.846699 	45.880280 	64.412735 	61.846584 	
114.201576 	148.600128 	68.095520 	16.124516 	64.412735 	112.605507 	167.585800 	61.741398 	78.721024 	31.622776 	143.586212 	76.837494 	33.120991 	169.035492 	97.529480 	184.783661 	98.412399 	139.617340 	102.000000 	60.166435 	132.574509 	71.309189 	174.691162 	183.896713 	126.245789 	129.541504 	114.127121 	70.228203 	116.361504 	10.770329 	85.234970 	65.145988 	122.188377 	999.000000 	70.880180 	139.606583 	86.648720 	59.228371 	71.309189 	64.536812 	75.690155 	97.144226 	95.859268 	58.694122 	62.289646 	138.654251 	75.538071 	83.024094 	96.317184 	89.106674 	92.395889 	77.025970 	92.005432 	
54.129475 	90.785461 	16.643316 	66.121101 	14.866069 	49.396355 	110.476242 	13.416408 	14.317822 	58.855755 	89.537704 	29.120440 	52.773098 	111.018013 	31.622776 	129.711212 	32.202484 	76.609398 	35.608986 	12.165525 	68.410522 	7.280110 	116.468880 	127.475487 	61.073727 	64.660652 	47.423622 	4.472136 	49.517673 	60.166435 	16.278820 	6.000000 	55.154327 	70.880180 	999.000000 	73.552704 	16.124516 	12.806249 	2.236068 	7.810250 	5.000000 	26.925823 	25.553865 	14.866069 	15.231546 	69.634758 	13.038404 	15.652476 	26.019224 	20.880613 	23.345236 	20.124611 	31.890438 	
28.284271 	29.732138 	71.561165 	130.146072 	75.451973 	27.313000 	45.000000 	78.600258 	61.846584 	117.175079 	36.891735 	64.078079 	112.004463 	44.102154 	42.638012 	64.195015 	41.868843 	10.816654 	38.288380 	81.055534 	9.055386 	70.178345 	48.507732 	60.530983 	13.416408 	10.440307 	26.172504 	72.180328 	24.041630 	129.003876 	57.280014 	77.833153 	18.439089 	139.606583 	73.552704 	999.000000 	58.258045 	86.267029 	74.330345 	81.344948 	70.178345 	48.010414 	49.406479 	88.413803 	87.965904 	14.317822 	77.665955 	70.491135 	57.697487 	66.648331 	63.505905 	82.492424 	78.771820 	
41.976185 	77.833153 	23.769728 	80.894997 	25.079872 	36.055511 	97.308784 	26.076809 	12.529964 	72.027771 	77.878113 	29.732138 	66.007576 	97.575615 	18.439089 	116.811813 	18.681541 	62.265560 	21.540659 	26.683329 	53.851646 	16.031219 	102.883430 	114.236595 	46.324940 	49.929951 	32.449963 	16.492422 	34.409302 	75.894661 	5.000000 	21.540659 	39.824615 	86.648720 	16.124516 	58.258045 	999.000000 	28.844410 	16.401220 	23.600847 	12.041595 	10.816654 	9.433981 	30.610456 	29.732138 	53.600372 	20.248457 	15.000000 	13.892444 	15.231546 	15.000000 	26.476404 	30.675724 	
65.863495 	102.576797 	22.022715 	56.142673 	18.027756 	61.611687 	122.298813 	14.142136 	25.553865 	51.264023 	100.722389 	36.055511 	45.310043 	122.967476 	44.045429 	141.354172 	44.687805 	89.022469 	48.166378 	10.198039 	80.919716 	17.000000 	128.471786 	139.291061 	73.661385 	77.233414 	60.108234 	14.422205 	62.225395 	48.662102 	29.000000 	8.944272 	67.896980 	59.228371 	12.806249 	86.267029 	28.844410 	999.000000 	12.529964 	5.385165 	17.000000 	39.661064 	38.275318 	3.000000 	7.211102 	82.419655 	17.262676 	24.020824 	37.107952 	30.066593 	33.241539 	21.470911 	36.400551 	
55.542778 	92.135773 	18.867962 	67.029846 	16.970562 	50.606323 	111.803398 	15.264338 	16.124516 	60.207973 	91.082382 	31.320919 	54.129475 	112.294258 	32.756680 	131.095383 	33.286633 	77.665955 	36.619667 	13.601471 	69.404610 	9.486833 	117.720009 	128.798294 	62.008064 	65.604881 	48.270073 	6.708204 	50.328918 	60.638271 	17.204651 	7.280110 	55.901699 	71.309189 	2.236068 	74.330345 	16.401220 	12.529964 	999.000000 	7.211102 	4.472136 	27.202942 	25.806976 	14.212670 	13.892444 	70.000000 	10.816654 	13.928389 	25.179358 	19.416489 	22.090721 	17.888544 	29.832869 	
61.717098 	98.412399 	20.396078 	61.032780 	17.088007 	57.140179 	118.118584 	13.892444 	21.540659 	55.362442 	96.932968 	34.132095 	49.335587 	118.701309 	39.408119 	137.295303 	40.000000 	84.403793 	43.416588 	10.630146 	76.216797 	13.341664 	124.169243 	135.118469 	68.883957 	72.470680 	55.226807 	10.440307 	57.314919 	53.935146 	24.083189 	6.082763 	62.936478 	64.536812 	7.810250 	81.344948 	23.600847 	5.385165 	7.211102 	999.000000 	11.661903 	34.409302 	33.015148 	7.071068 	8.062258 	77.201035 	13.000000 	19.026299 	31.780497 	25.000000 	28.071337 	18.439089 	32.649654 	
52.201534 	88.639717 	19.798990 	71.112587 	18.867962 	46.957428 	108.258949 	18.027756 	14.142136 	63.788715 	87.931793 	30.870699 	57.706154 	108.673820 	29.068884 	127.632286 	29.529646 	73.783470 	32.756680 	17.117243 	65.459915 	9.899495 	114.061386 	125.239769 	58.008621 	61.611687 	44.204071 	8.062258 	46.227695 	65.000000 	13.416408 	11.000000 	51.739735 	75.690155 	5.000000 	70.178345 	12.041595 	17.000000 	4.472136 	11.661903 	999.000000 	22.803509 	21.400934 	18.601076 	17.804493 	65.604881 	11.180340 	11.401754 	21.023796 	16.155495 	18.439089 	18.439089 	28.319605 	
35.000000 	69.375786 	32.000000 	90.801979 	34.234486 	28.160255 	88.543777 	35.902645 	20.000000 	81.098709 	70.455658 	34.014702 	75.166481 	88.600227 	13.000000 	108.157295 	12.649111 	52.801514 	14.035668 	37.000000 	44.283180 	25.961510 	93.776329 	105.342300 	36.674240 	40.249222 	22.847319 	26.925823 	24.596748 	86.377083 	12.165525 	32.202484 	29.681644 	97.144226 	26.925823 	48.010414 	10.816654 	39.661064 	27.202942 	34.409302 	22.803509 	999.000000 	1.414214 	41.400482 	40.311287 	42.801868 	29.681644 	22.847319 	13.341664 	20.223749 	18.000000 	34.928497 	35.014282 	
36.013885 	70.604530 	31.016125 	89.627007 	33.136082 	29.274563 	89.810913 	34.713108 	19.026299 	80.056229 	71.568146 	33.541019 	74.108032 	89.888817 	13.601471 	109.416634 	13.341664 	54.129475 	15.000000 	35.735138 	45.617977 	24.738634 	95.078911 	106.625511 	38.013157 	41.593269 	24.166092 	25.632011 	25.942244 	85.094063 	11.045361 	30.870699 	31.064449 	95.859268 	25.553865 	49.406479 	9.433981 	38.275318 	25.806976 	33.015148 	21.400934 	1.414214 	999.000000 	40.000000 	38.897301 	44.204071 	28.301943 	21.540659 	12.649111 	19.104973 	17.029387 	33.615471 	34.058773 	
68.476273 	105.190300 	25.019993 	56.435802 	21.023796 	64.070274 	124.907967 	17.117243 	28.178005 	52.392746 	103.469803 	39.051247 	46.518814 	125.538841 	46.400433 	144.013885 	47.010635 	91.400215 	50.447994 	13.152946 	83.240616 	19.697716 	131.026718 	141.904892 	75.927597 	79.511009 	62.289646 	17.000000 	64.381676 	48.259712 	31.144823 	11.704700 	70.007141 	58.694122 	14.866069 	88.413803 	30.610456 	3.000000 	14.212670 	7.071068 	18.601076 	41.400482 	40.000000 	999.000000 	5.000000 	84.202141 	17.000000 	24.331051 	37.947330 	30.413813 	33.734257 	20.248457 	35.440090 	
69.354164 	105.990562 	28.160255 	60.827625 	24.515301 	64.498062 	125.670204 	20.880613 	29.410883 	57.271286 	104.752090 	42.047592 	51.429562 	126.178444 	46.647614 	144.931015 	47.169907 	91.525955 	50.477718 	17.088007 	83.234612 	21.377558 	131.609268 	142.667450 	75.802376 	79.404030 	62.008064 	18.439089 	64.031242 	52.038448 	31.064449 	14.000000 	69.526970 	62.289646 	15.231546 	87.965904 	29.732138 	7.211102 	13.892444 	8.062258 	17.804493 	40.311287 	38.897301 	5.000000 	999.000000 	82.975899 	13.341664 	21.189621 	35.341194 	27.202942 	30.675724 	15.524175 	30.805843 	
35.171009 	44.011364 	70.936592 	130.633072 	74.323616 	31.064449 	58.309521 	76.922035 	59.933296 	118.848640 	51.107731 	66.098412 	113.322548 	57.078892 	41.436699 	77.006493 	40.496914 	25.059929 	37.000000 	78.771820 	20.518284 	67.601776 	61.008198 	73.027390 	19.313208 	18.867962 	25.495098 	69.115845 	23.345236 	127.910126 	53.851646 	74.625732 	18.027756 	138.654251 	69.634758 	14.317822 	53.600372 	82.419655 	70.000000 	77.201035 	65.604881 	42.801868 	44.204071 	84.202141 	82.975899 	999.000000 	71.421288 	63.702435 	49.819675 	59.033890 	55.605755 	75.286118 	69.354164 	
62.096699 	98.081596 	29.681644 	73.334846 	27.658634 	56.302753 	117.545738 	25.495098 	25.317978 	68.308128 	97.984695 	41.785164 	62.297672 	117.783699 	38.600517 	137.058380 	38.897301 	82.298241 	41.785164 	23.021729 	73.824112 	20.124611 	123.065025 	134.461884 	66.241982 	69.835518 	52.354561 	17.492855 	54.203320 	65.192024 	23.345236 	17.029387 	59.363289 	75.538071 	13.038404 	77.665955 	20.248457 	17.262676 	10.816654 	13.000000 	11.180340 	29.681644 	28.301943 	17.000000 	13.341664 	71.421288 	999.000000 	8.062258 	22.472204 	13.928389 	17.464249 	7.280110 	19.723083 	
56.718605 	92.048897 	31.144823 	80.056229 	30.232433 	50.447994 	111.328346 	29.068884 	23.706539 	73.979729 	92.574295 	41.340054 	67.911705 	111.427109 	33.241539 	130.919830 	33.376640 	75.643906 	35.902645 	27.513634 	67.119293 	21.260292 	116.619041 	128.160049 	59.506302 	63.071388 	45.694637 	19.416489 	47.423622 	72.560318 	19.235384 	21.189621 	52.354561 	83.024094 	15.652476 	70.491135 	15.000000 	24.020824 	13.928389 	19.026299 	11.401754 	22.847319 	21.540659 	24.331051 	21.189621 	63.702435 	8.062258 	999.000000 	14.422205 	6.082763 	9.486833 	12.083046 	17.204651 	
48.093658 	81.394104 	37.336308 	92.135773 	38.078865 	41.000000 	100.169853 	38.327538 	26.419689 	84.480766 	83.150467 	43.416588 	78.409180 	100.000000 	26.248810 	119.816528 	25.961510 	63.890530 	27.294687 	38.013157 	55.362442 	28.635643 	104.995239 	116.760437 	47.801674 	51.244511 	34.525352 	28.160255 	35.902645 	85.702972 	18.601076 	32.015621 	40.162170 	96.317184 	26.019224 	57.697487 	13.892444 	37.107952 	25.179358 	31.780497 	21.023796 	13.341664 	12.649111 	37.947330 	35.341194 	49.819675 	22.472204 	14.422205 	999.000000 	9.219544 	5.830952 	25.495098 	22.090721 	
55.081757 	89.498604 	35.227829 	86.023254 	34.885529 	48.373547 	108.521889 	34.176014 	26.248810 	79.624115 	90.669731 	44.045429 	73.545906 	108.466583 	32.062439 	128.160049 	32.015621 	72.449982 	34.058773 	32.984844 	63.906181 	25.553865 	113.547348 	125.227791 	56.302753 	59.808025 	42.720020 	24.166092 	44.271889 	78.638412 	20.124611 	26.683329 	48.846699 	89.106674 	20.880613 	66.648331 	15.231546 	30.066593 	19.416489 	25.000000 	16.155495 	20.223749 	19.104973 	30.413813 	27.202942 	59.033890 	13.928389 	6.082763 	9.219544 	999.000000 	3.605551 	16.278820 	15.524175 	
53.000000 	86.884979 	36.715118 	89.000000 	36.769554 	46.097721 	105.773346 	36.400551 	26.907248 	82.200974 	88.362885 	44.553337 	76.118332 	105.650368 	30.413813 	125.419296 	30.265491 	69.570107 	32.015621 	35.510563 	61.032780 	27.313000 	110.679718 	122.413231 	53.450912 	56.920998 	40.024994 	26.248810 	41.484936 	81.884064 	20.000000 	29.274563 	45.880280 	92.395889 	23.345236 	63.505905 	15.000000 	33.241539 	22.090721 	28.071337 	18.439089 	18.000000 	17.029387 	33.734257 	30.675724 	55.605755 	17.464249 	9.486833 	5.830952 	3.605551 	999.000000 	19.798990 	17.029387 	
68.447060 	104.043259 	36.715118 	76.295479 	34.409302 	62.361847 	123.369362 	31.890438 	32.557640 	72.615425 	104.345581 	49.040798 	66.708321 	123.490891 	44.911022 	142.947540 	45.122055 	87.726852 	47.801674 	29.000000 	79.202271 	27.313000 	128.693436 	140.217682 	71.589104 	75.153175 	57.775429 	24.596748 	59.506302 	67.029846 	30.066593 	23.430750 	64.412735 	77.025970 	20.124611 	82.492424 	26.476404 	21.470911 	17.888544 	18.439089 	18.439089 	34.928497 	33.615471 	20.248457 	15.524175 	75.286118 	7.280110 	12.083046 	25.495098 	16.278820 	19.798990 	999.000000 	15.297058 	
70.007141 	103.406960 	48.104053 	91.591484 	46.754681 	63.031738 	122.024590 	45.000000 	40.816662 	87.664131 	105.233078 	58.523499 	81.706795 	121.753853 	47.381432 	141.661575 	47.265209 	85.615417 	49.040798 	42.720020 	77.129761 	38.209946 	126.649124 	138.495483 	69.634758 	73.006851 	56.568542 	36.069378 	57.870544 	82.152298 	35.468296 	36.619667 	61.846584 	92.005432 	31.890438 	78.771820 	30.675724 	36.400551 	29.832869 	32.649654 	28.319605 	35.014282 	34.058773 	35.440090 	30.805843 	69.354164 	19.723083 	17.204651 	22.090721 	15.524175 	17.029387 	15.297058 	999.000000 	

Travel time:
9.000000 	0.917878 	1.185591 	2.589643 	1.293493 	0.190394 	1.410895 	1.386092 	1.007782 	2.247499 	0.897566 	0.936082 	2.125000 	1.428504 	0.588430 	1.889610 	0.583631 	0.638847 	0.525595 	1.465008 	0.491172 	1.221935 	1.567043 	1.835756 	0.403113 	0.450694 	0.416083 	1.286954 	0.425735 	2.596392 	0.972432 	1.423464 	0.471699 	2.855039 	1.353237 	0.707107 	1.049405 	1.646587 	1.388569 	1.542928 	1.305038 	0.875000 	0.900347 	1.711907 	1.733854 	0.879275 	1.552418 	1.417965 	1.202341 	1.377044 	1.325000 	1.711177 	1.750179 	
0.917878 	9.000000 	2.090006 	3.416321 	2.200142 	1.044629 	0.493077 	2.295920 	1.925649 	3.045694 	0.261008 	1.804508 	2.940344 	0.515388 	1.490386 	0.975000 	1.480920 	0.485412 	1.407569 	2.378287 	0.675463 	2.139655 	0.656220 	0.917878 	0.851469 	0.775000 	1.171804 	2.204824 	1.138530 	3.465003 	1.880990 	2.341207 	1.051190 	3.715003 	2.269637 	0.743303 	1.945829 	2.564420 	2.303394 	2.460310 	2.215993 	1.734395 	1.765113 	2.629757 	2.649764 	1.100284 	2.452040 	2.301222 	2.034853 	2.237465 	2.172124 	2.601081 	2.585174 	
1.185591 	2.090006 	9.000000 	1.494365 	0.111803 	1.120547 	2.580698 	0.213600 	0.300000 	1.229075 	2.015564 	0.350892 	1.082243 	2.605043 	0.738664 	3.044873 	0.761577 	1.806239 	0.850368 	0.309233 	1.620378 	0.247487 	2.745223 	3.002603 	1.456237 	1.540292 	1.151629 	0.305164 	1.207528 	1.436358 	0.502494 	0.357946 	1.353006 	1.702388 	0.416083 	1.789029 	0.594243 	0.550568 	0.471699 	0.509902 	0.494975 	0.800000 	0.775403 	0.625500 	0.704006 	1.773415 	0.742041 	0.778621 	0.933408 	0.880696 	0.917878 	0.917878 	1.202601 	
2.589643 	3.416321 	1.494365 	9.000000 	1.418846 	2.571478 	3.880480 	1.372953 	1.782730 	0.403113 	3.274237 	1.656049 	0.477624 	3.921176 	2.229910 	4.295710 	2.253469 	3.228487 	2.340940 	1.358308 	3.064719 	1.623461 	4.062096 	4.280333 	2.918262 	2.996352 	2.636878 	1.612452 	2.692582 	0.360555 	1.966119 	1.503330 	2.836591 	0.403113 	1.653028 	3.253652 	2.022375 	1.403567 	1.675746 	1.525820 	1.777815 	2.270050 	2.240675 	1.410895 	1.520691 	3.265827 	1.833371 	2.001406 	2.303394 	2.150581 	2.225000 	1.907387 	2.289787 	
1.293493 	2.200142 	0.111803 	1.418846 	9.000000 	1.222957 	2.691189 	0.103078 	0.364006 	1.175000 	2.127205 	0.456207 	1.025305 	2.715004 	0.828025 	3.156145 	0.850000 	1.910497 	0.939747 	0.201556 	1.722099 	0.237171 	2.855039 	3.113378 	1.555032 	1.640122 	1.243483 	0.270416 	1.299279 	1.342805 	0.552268 	0.279509 	1.445035 	1.610318 	0.371652 	1.886299 	0.626997 	0.450694 	0.424264 	0.427200 	0.471699 	0.855862 	0.828402 	0.525595 	0.612882 	1.858090 	0.691466 	0.755811 	0.951972 	0.872138 	0.919239 	0.860233 	1.168867 	
0.190394 	1.044629 	1.120547 	2.571478 	1.222957 	9.000000 	1.533175 	1.308625 	0.905883 	2.247221 	1.057414 	0.919239 	2.117339 	1.542928 	0.447214 	2.019437 	0.436606 	0.689656 	0.364006 	1.379311 	0.500000 	1.120547 	1.677982 	1.957358 	0.348210 	0.425000 	0.230489 	1.180042 	0.250000 	2.551960 	0.838525 	1.320038 	0.333542 	2.815138 	1.234909 	0.682825 	0.901388 	1.540292 	1.265158 	1.428504 	1.173936 	0.704006 	0.731864 	1.601757 	1.612452 	0.776611 	1.407569 	1.261200 	1.025000 	1.209339 	1.152443 	1.559046 	1.575794 	
1.410895 	0.493077 	2.580698 	3.880480 	2.691189 	1.533175 	9.000000 	2.787584 	2.418677 	3.502232 	0.610328 	2.288695 	3.403123 	0.079057 	1.980057 	0.491172 	1.969772 	0.912414 	1.894235 	2.870649 	1.122776 	2.632727 	0.190394 	0.425000 	1.309819 	1.225765 	1.645068 	2.697800 	1.607210 	3.943111 	2.371181 	2.834277 	1.505199 	4.189645 	2.761906 	1.125000 	2.432720 	3.057470 	2.795085 	2.952965 	2.706474 	2.213594 	2.245273 	3.122699 	3.141755 	1.457738 	2.938643 	2.783209 	2.504246 	2.713047 	2.644334 	3.084234 	3.050615 	
1.386092 	2.295920 	0.213600 	1.372953 	0.103078 	1.308625 	2.787584 	9.000000 	0.425000 	1.154340 	2.226685 	0.559017 	1.002809 	2.810360 	0.901388 	3.254324 	0.922293 	1.997655 	1.012423 	0.100000 	1.806239 	0.251247 	2.950106 	3.210335 	1.635925 	1.722099 	1.317431 	0.254951 	1.372953 	1.274755 	0.594243 	0.212132 	1.518634 	1.543535 	0.335410 	1.965006 	0.651920 	0.353553 	0.381608 	0.347311 	0.450694 	0.897566 	0.867828 	0.427931 	0.522015 	1.923051 	0.637377 	0.726722 	0.958188 	0.854400 	0.910014 	0.797261 	1.125000 	
1.007782 	1.925649 	0.300000 	1.782730 	0.364006 	0.905883 	2.418677 	0.425000 	9.000000 	1.528275 	1.884808 	0.445112 	1.380670 	2.435416 	0.480234 	2.895902 	0.500000 	1.594522 	0.590021 	0.480234 	1.396648 	0.215058 	2.573179 	2.843524 	1.220912 	1.308625 	0.895126 	0.279509 	0.950329 	1.699448 	0.206155 	0.416083 	1.095730 	1.968026 	0.357946 	1.546165 	0.313249 	0.638847 	0.403113 	0.538516 	0.353553 	0.500000 	0.475657 	0.704450 	0.735272 	1.498332 	0.632949 	0.592663 	0.660492 	0.656220 	0.672681 	0.813941 	1.020416 	
2.247499 	3.045694 	1.229075 	0.403113 	1.175000 	2.247221 	3.502232 	1.154340 	1.528275 	9.000000 	2.893635 	1.328533 	0.152069 	3.545508 	1.941649 	3.908724 	1.966119 	2.884549 	2.050000 	1.167262 	2.731300 	1.402007 	3.685869 	3.896954 	2.595429 	2.669387 	2.335193 	1.408013 	2.390084 	0.650000 	1.725724 	1.323820 	2.531057 	0.790569 	1.471394 	2.929377 	1.800694 	1.281601 	1.505199 	1.384061 	1.594718 	2.027468 	2.001406 	1.309819 	1.431782 	2.971216 	1.707703 	1.849493 	2.112019 	1.990603 	2.055024 	1.815386 	2.191603 	
0.897566 	0.261008 	2.015564 	3.274237 	2.127205 	1.057414 	0.610328 	2.226685 	1.884808 	2.893635 	9.000000 	1.706055 	2.796650 	0.660492 	1.485976 	1.035012 	1.480709 	0.651920 	1.417965 	2.314763 	0.798827 	2.094338 	0.797653 	1.007782 	0.946375 	0.886002 	1.225255 	2.163475 	1.202341 	3.346734 	1.868154 	2.294695 	1.142639 	3.589655 	2.238443 	0.922293 	1.946953 	2.518060 	2.277060 	2.423324 	2.198295 	1.761391 	1.789204 	2.586745 	2.618802 	1.277693 	2.449617 	2.314357 	2.078762 	2.266743 	2.209072 	2.608639 	2.630827 	
0.936082 	1.804508 	0.350892 	1.656049 	0.456207 	0.919239 	2.288695 	0.559017 	0.445112 	1.328533 	1.706055 	9.000000 	1.198176 	2.319078 	0.651920 	2.740552 	0.676849 	1.574206 	0.750000 	0.657647 	1.408900 	0.546008 	2.460310 	2.705781 	1.267379 	1.342805 	1.015197 	0.618466 	1.068878 	1.665083 	0.620987 	0.701783 	1.206752 	1.920937 	0.728011 	1.601952 	0.743303 	0.901388 	0.783023 	0.853302 	0.771767 	0.850368 	0.838525 	0.976281 	1.051190 	1.652460 	1.044629 	1.033501 	1.085415 	1.101136 	1.113833 	1.226020 	1.463087 	
2.125000 	2.940344 	1.082243 	0.477624 	1.025305 	2.117339 	3.403123 	1.002809 	1.380670 	0.152069 	2.796650 	1.198176 	9.000000 	3.444198 	1.800868 	3.818377 	1.825171 	2.763377 	1.910007 	1.015197 	2.605403 	1.251000 	3.585038 	3.802713 	2.465385 	2.540915 	2.198295 	1.256234 	2.253469 	0.642748 	1.576785 	1.171804 	2.395438 	0.828025 	1.319327 	2.800112 	1.650189 	1.132751 	1.353237 	1.233390 	1.442654 	1.879162 	1.852701 	1.162970 	1.285739 	2.833064 	1.557442 	1.697793 	1.960230 	1.838648 	1.902958 	1.667708 	2.042670 	
1.428504 	0.515388 	2.605043 	3.921176 	2.715004 	1.542928 	0.079057 	2.810360 	2.435416 	3.545508 	0.660492 	2.319078 	3.444198 	9.000000 	1.990132 	0.502494 	1.978952 	0.903466 	1.901480 	2.891907 	1.116076 	2.650000 	0.141421 	0.419076 	1.305038 	1.219118 	1.644688 	2.713969 	1.604875 	3.977515 	2.381439 	2.851425 	1.497707 	4.225887 	2.775450 	1.102554 	2.439390 	3.074187 	2.807356 	2.967533 	2.716846 	2.215006 	2.247221 	3.138471 	3.154461 	1.426972 	2.944592 	2.785678 	2.500000 	2.711665 	2.641259 	3.087272 	3.043846 	
0.588430 	1.490386 	0.738664 	2.229910 	0.828025 	0.447214 	1.980057 	0.901388 	0.480234 	1.941649 	1.485976 	0.651920 	1.800868 	1.990132 	9.000000 	2.465385 	0.025000 	1.125000 	0.111803 	0.960469 	0.921954 	0.689656 	2.125000 	2.404423 	0.742462 	0.831038 	0.416083 	0.743303 	0.471699 	2.170829 	0.391312 	0.884590 	0.617454 	2.438237 	0.790569 	1.065950 	0.460977 	1.101136 	0.818917 	0.985203 	0.726722 	0.325000 	0.340037 	1.160011 	1.166190 	1.035918 	0.965013 	0.831038 	0.656220 	0.801561 	0.760345 	1.122776 	1.184536 	
1.889610 	0.975000 	3.044873 	4.295710 	3.156145 	2.019437 	0.491172 	3.254324 	2.895902 	3.908724 	1.035012 	2.740552 	3.818377 	0.502494 	2.465385 	9.000000 	2.455860 	1.402230 	2.381832 	3.340003 	1.613420 	3.108858 	0.403113 	0.125000 	1.800868 	1.716464 	2.136001 	3.175394 	2.098362 	4.379283 	2.855915 	3.310306 	1.995777 	4.619592 	3.242780 	1.604875 	2.920295 	3.533854 	3.277385 	3.432383 	3.190807 	2.703932 	2.735416 	3.600347 	3.623275 	1.925162 	3.426460 	3.272996 	2.995413 	3.204001 	3.135482 	3.573689 	3.541539 	
