Total assets = 830
Number of asset nodes = 40

Distance:
999.000000 	39.408119 	9.433981 	42.201897 	60.811184 	66.528191 	25.961510 	30.675724 	72.249565 	25.317978 	18.384777 	56.612720 	30.413813 	54.405884 	18.601076 	35.227829 	81.467789 	38.600517 	32.249031 	49.517673 	40.804413 	31.384710 	44.687805 	69.028976 	82.036575 	35.777088 	60.605282 	56.727417 	70.604530 	36.249138 	41.976185 	23.430750 	36.055511 	72.622307 	80.659782 	37.161808 	42.190044 	29.068884 	77.987175 	40.311287 	26.248810 	41.303753 	77.466118 	69.892776 	48.764740 	27.892651 	78.243210 	27.313000 	27.294687 	64.884514 	46.141087 	
39.408119 	999.000000 	36.878178 	2.828427 	22.825424 	29.068884 	17.464249 	13.341664 	34.885529 	20.248457 	33.541019 	17.204651 	18.110771 	93.813644 	38.013157 	73.539108 	43.908997 	13.000000 	19.000000 	88.729927 	13.038404 	68.117546 	83.486526 	29.732138 	43.829212 	73.000000 	100.000000 	96.046867 	31.240999 	73.109505 	16.643316 	44.384682 	21.377558 	33.301651 	41.868843 	73.878281 	79.981247 	62.128899 	38.897301 	19.697716 	53.665630 	20.124611 	38.209946 	30.528675 	18.027756 	55.901699 	38.948685 	52.392746 	50.695168 	26.248810 	83.630135 	
9.433981 	36.878178 	999.000000 	39.698868 	59.405388 	65.459915 	20.808653 	25.806976 	71.281136 	19.235384 	9.219544 	53.740116 	24.166092 	58.591808 	9.219544 	36.878178 	80.448738 	33.120991 	25.632011 	52.697250 	35.355339 	31.240999 	47.010635 	66.483078 	80.603973 	36.124783 	64.498062 	60.207973 	67.882248 	36.235340 	35.846897 	14.764823 	28.861740 	70.007141 	78.746429 	37.013512 	43.139309 	26.000000 	75.742989 	33.526108 	20.000000 	34.481880 	74.966660 	66.603302 	42.953465 	22.022715 	75.663727 	20.223749 	19.646883 	60.802959 	46.754681 	
42.201897 	2.828427 	39.698868 	999.000000 	20.124611 	26.400757 	20.124611 	15.811388 	32.202484 	22.847319 	36.235340 	14.422205 	20.396078 	96.607452 	40.706264 	76.367531 	41.182522 	14.317822 	21.095022 	91.547798 	13.928389 	70.936592 	86.313385 	26.907248 	41.048752 	75.822159 	102.800781 	98.858482 	28.425341 	75.927597 	17.464249 	47.010635 	23.086792 	30.479502 	39.051247 	76.694199 	82.807007 	64.899925 	36.069378 	20.880613 	56.356010 	21.189621 	35.383614 	27.784887 	17.691807 	58.591808 	36.124783 	55.036350 	53.310413 	23.769728 	86.452301 	
60.811184 	22.825424 	59.405388 	20.124611 	999.000000 	6.324555 	40.249222 	35.846897 	12.083046 	42.953465 	56.356010 	10.440307 	40.162170 	114.865135 	60.827625 	95.671310 	21.095022 	32.557640 	40.521599 	110.317726 	31.257000 	90.603531 	105.418213 	11.000000 	21.260292 	95.425362 	121.165176 	117.456375 	13.000000 	95.603348 	34.058773 	67.119293 	41.593269 	14.142136 	20.000000 	96.400208 	102.303467 	84.905830 	17.888544 	38.118237 	76.478752 	38.052597 	18.027756 	15.524175 	30.265491 	78.714676 	18.973665 	75.153175 	73.409805 	18.439089 	106.042442 	
66.528191 	29.068884 	65.459915 	26.400757 	6.324555 	999.000000 	46.518814 	42.154476 	5.830952 	49.244289 	62.609905 	16.031219 	46.486557 	120.341179 	67.082039 	101.533249 	15.000000 	38.832977 	46.840153 	115.974136 	37.483330 	96.607452 	111.198021 	10.816654 	15.620500 	101.400200 	126.668861 	123.044708 	12.529964 	101.607086 	40.199501 	73.409805 	47.853943 	12.649111 	15.231546 	102.415817 	108.231232 	91.065910 	14.142136 	44.283180 	82.734512 	44.181442 	15.000000 	16.401220 	36.055511 	84.970581 	16.000000 	81.437096 	79.705711 	21.633308 	112.004463 	
25.961510 	17.464249 	20.808653 	20.124611 	40.249222 	46.518814 	999.000000 	5.000000 	52.325901 	3.000000 	16.124516 	33.421551 	5.385165 	79.259071 	20.591261 	57.628117 	61.294373 	12.649111 	7.615773 	73.498299 	14.866069 	51.623638 	67.801178 	46.227695 	61.057350 	56.586216 	85.234970 	80.993828 	47.507893 	56.568542 	16.124516 	26.925823 	12.083046 	49.678970 	58.821766 	57.280014 	63.702435 	45.000000 	55.605755 	15.132746 	36.235340 	16.124516 	54.671749 	45.967381 	22.803509 	38.470768 	55.317268 	34.928497 	33.241539 	40.000000 	67.178864 	
30.675724 	13.341664 	25.806976 	15.811388 	35.846897 	42.154476 	5.000000 	999.000000 	47.927029 	7.211102 	20.808653 	28.600698 	5.099020 	84.219948 	25.238859 	62.625874 	56.797886 	8.062258 	6.708204 	78.492035 	10.198039 	56.586216 	72.801102 	41.400482 	56.435802 	61.554855 	90.210861 	85.982559 	42.638012 	61.522354 	12.041595 	31.304953 	10.630146 	44.821869 	54.083271 	62.225395 	68.680420 	49.819675 	50.803543 	12.083046 	40.816662 	13.000000 	49.819675 	41.012192 	18.248287 	43.046486 	50.447994 	39.357338 	37.576588 	35.000000 	72.138756 	
72.249565 	34.885529 	71.281136 	32.202484 	12.083046 	5.830952 	52.325901 	47.927029 	999.000000 	55.036350 	68.425140 	21.095022 	52.201534 	125.936493 	72.897186 	107.298645 	9.219544 	44.384682 	52.497620 	121.655251 	42.953465 	102.415817 	116.931602 	12.529964 	10.295630 	107.200745 	132.276230 	128.693436 	13.601471 	107.415085 	45.541191 	79.202271 	53.366657 	12.727922 	11.045361 	108.226616 	114.017540 	96.896851 	11.401754 	49.648766 	88.549423 	49.497475 	13.000000 	18.027756 	41.012192 	90.785461 	13.928389 	87.235313 	85.492691 	24.698177 	117.800682 	
25.317978 	20.248457 	19.235384 	22.847319 	42.953465 	49.244289 	3.000000 	7.211102 	55.036350 	999.000000 	13.601471 	35.805027 	5.099020 	77.826729 	18.027756 	55.803226 	63.953106 	13.892444 	7.000000 	71.867935 	16.124516 	49.578220 	66.030296 	48.600410 	63.631752 	54.561890 	83.725746 	79.404030 	49.819675 	54.488529 	16.763054 	24.166092 	11.180340 	52.009613 	61.294373 	55.172459 	61.717098 	42.638012 	58.008621 	15.033297 	33.615471 	16.031219 	57.008770 	48.104053 	23.769728 	35.846897 	57.628117 	32.202484 	30.463093 	41.868843 	65.115280 	
18.384777 	33.541019 	9.219544 	36.235340 	56.356010 	62.609905 	16.124516 	20.808653 	68.425140 	13.601471 	999.000000 	49.406479 	17.691807 	65.924202 	4.472136 	43.046486 	77.414467 	26.907248 	18.601076 	59.481091 	29.068884 	36.400551 	53.338543 	62.201286 	77.175125 	41.400482 	71.589104 	67.082039 	63.411354 	41.231056 	28.844410 	11.180340 	21.023796 	65.604881 	74.886581 	41.868843 	48.600410 	29.068884 	71.610054 	25.942244 	20.124611 	26.832815 	70.604530 	61.619801 	36.055511 	22.360680 	71.217972 	18.973665 	17.464249 	55.172459 	51.855568 	
56.612720 	17.204651 	53.740116 	14.422205 	10.440307 	16.031219 	33.421551 	28.600698 	21.095022 	35.805027 	49.406479 	999.000000 	32.249031 	111.018013 	53.823788 	90.553848 	29.120440 	23.769728 	32.202484 	105.891457 	22.135944 	84.899940 	100.568382 	12.806249 	28.231188 	89.827614 	117.200684 	113.229858 	14.142136 	89.872131 	24.515301 	59.682495 	32.572994 	16.278820 	25.553865 	90.609047 	96.876213 	78.409180 	22.203604 	28.635643 	69.339745 	28.442924 	21.260292 	13.416408 	20.024984 	71.561165 	21.931713 	67.742157 	65.863495 	11.180340 	100.448990 	
30.413813 	18.110771 	24.166092 	20.396078 	40.162170 	46.486557 	5.385165 	5.099020 	52.201534 	5.099020 	17.691807 	32.249031 	999.000000 	82.734512 	21.931713 	60.464867 	60.926186 	9.219544 	2.236068 	76.661591 	11.401754 	54.037025 	70.724815 	44.944408 	60.373837 	59.033890 	88.588936 	84.219948 	46.043457 	58.898216 	11.704700 	27.459061 	6.708204 	48.259712 	57.801384 	59.548298 	66.219330 	46.690472 	54.378304 	10.000000 	37.202152 	11.000000 	53.254108 	44.045429 	18.788294 	39.408119 	53.823788 	35.510563 	33.615471 	37.483330 	69.526970 	
54.405884 	93.813644 	58.591808 	96.607452 	114.865135 	120.341179 	79.259071 	84.219948 	125.936493 	77.826729 	65.924202 	111.018013 	82.734512 	999.000000 	62.625874 	24.186773 	135.103668 	91.706055 	84.095184 	8.246211 	93.941475 	32.140316 	15.132746 	123.405838 	135.948517 	28.000000 	6.403124 	5.099020 	125.000000 	29.017237 	94.371605 	60.638271 	86.925255 	127.003937 	134.825821 	29.068884 	22.360680 	42.107006 	132.279999 	91.787796 	52.469040 	92.703827 	131.821854 	124.277916 	101.518471 	51.244511 	132.612213 	55.443665 	57.558666 	119.037811 	22.472204 	
18.601076 	38.013157 	9.219544 	40.706264 	60.827625 	67.082039 	20.591261 	25.238859 	72.897186 	18.027756 	4.472136 	53.823788 	21.931713 	62.625874 	999.000000 	39.357338 	81.884064 	31.112698 	22.671568 	55.946404 	33.241539 	32.449963 	49.648766 	66.610809 	81.633324 	37.443291 	68.154236 	63.560993 	67.801178 	37.202152 	32.802441 	7.000000 	24.698177 	70.000000 	79.322128 	37.802116 	44.654228 	24.758837 	76.026314 	29.681644 	15.652476 	30.528675 	75.000000 	65.946945 	40.000000 	17.888544 	75.604233 	14.560220 	13.152946 	59.396969 	47.801674 	
35.227829 	73.539108 	36.878178 	76.367531 	95.671310 	101.533249 	57.628117 	62.625874 	107.298645 	55.803226 	43.046486 	90.553848 	60.464867 	24.186773 	39.357338 	999.000000 	116.516090 	69.634758 	61.587337 	16.763054 	71.847061 	8.000000 	10.295630 	103.247276 	116.931602 	5.000000 	29.120440 	24.351591 	104.690018 	6.403124 	71.867935 	36.687874 	64.007812 	106.794197 	115.312622 	7.071068 	7.280110 	18.000000 	112.432205 	68.963760 	28.284271 	69.835518 	111.731819 	103.479469 	79.075912 	27.073973 	112.449989 	31.257000 	33.376640 	97.616600 	11.401754 	
81.467789 	43.908997 	80.448738 	41.182522 	21.095022 	15.000000 	61.294373 	56.797886 	9.219544 	63.953106 	77.414467 	29.120440 	60.926186 	135.103668 	81.884064 	116.516090 	999.000000 	52.810986 	61.098282 	130.862518 	51.244511 	111.606453 	126.150703 	18.000000 	3.605551 	116.400169 	141.449631 	137.887634 	18.110771 	116.606178 	53.600372 	88.102211 	61.684681 	16.278820 	7.810250 	117.413795 	123.227432 	106.000000 	11.180340 	57.723480 	97.529480 	57.489128 	13.416408 	22.360680 	48.507732 	99.764725 	13.892444 	96.150925 	94.371605 	30.149628 	127.003937 	
38.600517 	13.000000 	33.120991 	14.317822 	32.557640 	38.832977 	12.649111 	8.062258 	44.384682 	13.892444 	26.907248 	23.769728 	9.219544 	91.706055 	31.112698 	69.634758 	52.810986 	999.000000 	8.602325 	85.755463 	2.236068 	63.253460 	79.881165 	36.235340 	52.000000 	68.249542 	97.616600 	93.295227 	37.215588 	68.117546 	4.472136 	36.400551 	9.055386 	39.446167 	49.193497 	68.767723 	75.432091 	55.865910 	45.650848 	6.708204 	46.227695 	7.211102 	44.418465 	35.000000 	10.198039 	48.414875 	44.944408 	44.407207 	42.438190 	28.284271 	78.746429 	
32.249031 	19.000000 	25.632011 	21.095022 	40.521599 	46.840153 	7.615773 	6.708204 	52.497620 	7.000000 	18.601076 	32.202484 	2.236068 	84.095184 	22.671568 	61.587337 	61.098282 	8.602325 	999.000000 	77.897369 	10.630146 	55.000000 	71.867935 	44.777225 	60.415230 	60.000000 	89.894379 	85.475143 	45.793011 	59.816387 	10.295630 	27.802877 	4.472136 	48.020828 	57.706154 	60.440052 	67.201187 	47.381432 	54.203320 	8.062258 	37.643059 	9.055386 	53.000000 	43.600460 	17.492855 	39.824615 	53.535034 	35.805027 	33.837849 	36.796738 	70.434364 	
49.517673 	88.729927 	52.697250 	91.547798 	110.317726 	115.974136 	73.498299 	78.492035 	121.655251 	71.867935 	59.481091 	105.891457 	76.661591 	8.246211 	55.946404 	16.763054 	130.862518 	85.755463 	77.897369 	999.000000 	87.982956 	24.515301 	7.000000 	118.444077 	131.521866 	20.099751 	12.369317 	7.615773 	119.970833 	21.023796 	88.192970 	53.450912 	80.498444 	122.024590 	130.176804 	21.000000 	14.142136 	34.365681 	127.475487 	85.422478 	44.911022 	86.313385 	126.905479 	119.016808 	95.383438 	43.566040 	127.663620 	47.853943 	50.009998 	113.463654 	14.317822 	
40.804413 	13.038404 	35.355339 	13.928389 	31.257000 	37.483330 	14.866069 	10.198039 	42.953465 	16.124516 	29.068884 	22.135944 	11.401754 	93.941475 	33.241539 	71.847061 	51.244511 	2.236068 	10.630146 	87.982956 	999.000000 	65.436989 	82.097504 	34.438351 	50.328918 	70.434364 	99.849884 	95.524864 	35.355339 	70.292244 	3.605551 	38.418747 	10.440307 	37.589893 	47.423622 	70.936592 	77.620872 	57.982758 	43.829212 	7.071068 	48.270073 	7.280110 	42.544094 	33.015148 	8.062258 	50.447994 	43.046486 	46.400433 	44.407207 	26.172504 	80.919716 	
31.384710 	68.117546 	31.240999 	70.936592 	90.603531 	96.607452 	51.623638 	56.586216 	102.415817 	49.578220 	36.400551 	84.899940 	54.037025 	32.140316 	32.449963 	8.000000 	111.606453 	63.253460 	55.000000 	24.515301 	65.436989 	999.000000 	17.720045 	97.672920 	111.825760 	5.000000 	36.878178 	32.015621 	99.035347 	5.000000 	65.215027 	29.154760 	57.140179 	101.178062 	109.986366 	5.830952 	12.206555 	10.000000 	106.962608 	62.128899 	20.396078 	62.968246 	106.150833 	97.590981 	72.422371 	19.104973 	106.831642 	23.345236 	25.495098 	91.438507 	15.556349 	
44.687805 	83.486526 	47.010635 	86.313385 	105.418213 	111.198021 	67.801178 	72.801102 	116.931602 	66.030296 	53.338543 	100.568382 	70.724815 	15.132746 	49.648766 	10.295630 	126.150703 	79.881165 	71.867935 	7.000000 	82.097504 	17.720045 	999.000000 	113.216606 	126.668861 	13.152946 	19.235384 	14.317822 	114.690887 	14.035668 	82.152298 	46.818798 	74.303429 	116.777565 	125.159897 	14.000000 	7.280110 	27.459061 	122.347862 	79.259071 	38.078865 	80.131142 	121.696342 	113.569359 	89.358826 	36.674240 	122.429573 	41.000000 	43.174065 	107.800743 	8.485281 	
69.028976 	29.732138 	66.483078 	26.907248 	11.000000 	10.816654 	46.227695 	41.400482 	12.529964 	48.600410 	62.201286 	12.806249 	44.944408 	123.405838 	66.610809 	103.247276 	18.000000 	36.235340 	44.777225 	118.444077 	34.438351 	97.672920 	113.216606 	999.000000 	16.278820 	102.591423 	129.630249 	125.733849 	2.000000 	102.649887 	36.400551 	72.401657 	44.777225 	3.605551 	13.000000 	103.392456 	109.622078 	91.214035 	9.433981 	40.496914 	82.097504 	40.162170 	8.485281 	5.656854 	30.805843 	84.314888 	9.219544 	80.454956 	78.549347 	12.369317 	113.216606 	
82.036575 	43.829212 	80.603973 	41.048752 	21.260292 	15.620500 	61.057350 	56.435802 	10.295630 	63.631752 	77.175125 	28.231188 	60.373837 	135.948517 	81.633324 	116.931602 	3.605551 	52.000000 	60.415230 	131.521866 	50.328918 	111.825760 	126.668861 	16.278820 	999.000000 	116.661903 	142.270874 	138.621780 	16.031219 	116.824654 	52.497620 	87.709747 	60.745369 	14.000000 	4.472136 	117.613777 	123.555656 	105.948097 	8.246211 	56.612720 	97.247108 	56.320511 	10.440307 	20.024984 	47.074409 	99.478638 	10.770329 	95.770561 	93.941475 	28.000000 	127.283150 	
35.777088 	73.000000 	36.124783 	75.822159 	95.425362 	101.400200 	56.586216 	61.554855 	107.200745 	54.561890 	41.400482 	89.827614 	59.033890 	28.000000 	37.443291 	5.000000 	116.400169 	68.249542 	60.000000 	20.099751 	70.434364 	5.000000 	13.152946 	102.591423 	116.661903 	999.000000 	32.388271 	27.459061 	103.966339 	1.414214 	70.213959 	34.014702 	62.128899 	106.103722 	114.865135 	2.236068 	7.211102 	14.317822 	111.865990 	67.119293 	25.000000 	67.955872 	111.072052 	102.552429 	77.420929 	23.537205 	111.758667 	27.892651 	30.083218 	96.426140 	10.630146 	
60.605282 	100.000000 	64.498062 	102.800781 	121.165176 	126.668861 	85.234970 	90.210861 	132.276230 	83.725746 	71.589104 	117.200684 	88.588936 	6.403124 	68.154236 	29.120440 	141.449631 	97.616600 	89.894379 	12.369317 	99.849884 	36.878178 	19.235384 	129.630249 	142.270874 	32.388271 	999.000000 	5.000000 	131.209763 	33.241539 	100.184830 	65.802734 	92.612091 	133.225372 	141.113434 	33.136082 	26.019224 	46.690472 	138.538803 	97.508972 	57.271286 	98.412399 	138.057953 	130.430054 	107.354553 	55.901699 	138.841629 	60.207973 	62.369865 	125.095963 	25.179358 	
56.727417 	96.046867 	60.207973 	98.858482 	117.456375 	123.044708 	80.993828 	85.982559 	128.693436 	79.404030 	67.082039 	113.229858 	84.219948 	5.099020 	63.560993 	24.351591 	137.887634 	93.295227 	85.475143 	7.615773 	95.524864 	32.015621 	14.317822 	125.733849 	138.621780 	27.459061 	5.000000 	999.000000 	127.283150 	28.284271 	95.770561 	61.032780 	88.102211 	129.321304 	137.360840 	28.160255 	21.023796 	41.773197 	134.714508 	93.021500 	52.392746 	93.914856 	134.182709 	126.400162 	102.956299 	50.990196 	134.951843 	55.317268 	57.489128 	120.929733 	20.223749 	
70.604530 	31.240999 	67.882248 	28.425341 	13.000000 	12.529964 	47.507893 	42.638012 	13.601471 	49.819675 	63.411354 	14.142136 	46.043457 	125.000000 	67.801178 	104.690018 	18.110771 	37.215588 	45.793011 	119.970833 	35.355339 	99.035347 	114.690887 	2.000000 	16.031219 	103.966339 	131.209763 	127.283150 	999.000000 	104.004807 	37.161808 	73.498299 	45.617977 	2.236068 	12.369317 	104.737770 	111.018013 	92.455391 	8.544003 	41.231056 	83.234612 	40.853397 	7.211102 	4.472136 	31.320919 	85.445892 	7.810250 	81.541397 	79.611557 	12.041595 	114.586212 	
36.249138 	73.109505 	36.235340 	75.927597 	95.603348 	101.607086 	56.568542 	61.522354 	107.415085 	54.488529 	41.231056 	89.872131 	58.898216 	29.017237 	37.202152 	6.403124 	116.606178 	68.117546 	59.816387 	21.023796 	70.292244 	5.000000 	14.035668 	102.649887 	116.824654 	1.414214 	33.241539 	28.284271 	104.004807 	999.000000 	70.000000 	33.541019 	61.854668 	106.150833 	114.978256 	1.000000 	7.615773 	13.601471 	111.946419 	66.850578 	24.351591 	67.675697 	111.126053 	102.532921 	77.201035 	22.803509 	111.803398 	27.202942 	29.410883 	96.332756 	10.630146 	
41.976185 	16.643316 	35.846897 	17.464249 	34.058773 	40.199501 	16.124516 	12.041595 	45.541191 	16.763054 	28.844410 	24.515301 	11.704700 	94.371605 	32.802441 	71.867935 	53.600372 	4.472136 	10.295630 	88.192970 	3.605551 	65.215027 	82.152298 	36.400551 	52.497620 	70.213959 	100.184830 	95.770561 	37.161808 	70.000000 	999.000000 	37.483330 	8.602325 	39.395432 	49.396355 	70.604530 	77.420929 	57.384666 	45.694637 	4.123106 	47.381432 	4.000000 	44.283180 	34.481880 	7.211102 	49.517673 	44.721359 	45.343136 	43.278172 	27.202942 	80.603973 	
23.430750 	44.384682 	14.764823 	47.010635 	67.119293 	73.409805 	26.925823 	31.304953 	79.202271 	24.166092 	11.180340 	59.682495 	27.459061 	60.638271 	7.000000 	36.687874 	88.102211 	36.400551 	27.802877 	53.450912 	38.418747 	29.154760 	46.818798 	72.401657 	87.709747 	34.014702 	65.802734 	61.032780 	73.498299 	33.541019 	37.483330 	999.000000 	29.000000 	75.716576 	85.234970 	34.000000 	41.146080 	20.248457 	81.835197 	33.970577 	9.899495 	34.713108 	80.709358 	71.400284 	44.553337 	12.041595 	81.271149 	8.062258 	6.324555 	64.536812 	43.908997 	
36.055511 	21.377558 	28.861740 	23.086792 	41.593269 	47.853943 	12.083046 	10.630146 	53.366657 	11.180340 	21.023796 	32.572994 	6.708204 	86.925255 	24.698177 	64.007812 	61.684681 	9.055386 	4.472136 	80.498444 	10.440307 	57.140179 	74.303429 	44.777225 	60.745369 	62.128899 	92.612091 	88.102211 	45.617977 	61.854668 	8.602325 	29.000000 	999.000000 	47.853943 	57.775429 	62.425957 	69.339745 	49.040798 	54.129475 	5.000000 	38.897301 	5.830952 	52.773098 	43.046486 	15.556349 	41.012192 	53.235325 	36.796738 	34.713108 	35.805027 	72.422371 	
72.622307 	33.301651 	70.007141 	30.479502 	14.142136 	12.649111 	49.678970 	44.821869 	12.727922 	52.009613 	65.604881 	16.278820 	48.259712 	127.003937 	70.000000 	106.794197 	16.278820 	39.446167 	48.020828 	122.024590 	37.589893 	101.178062 	116.777565 	3.605551 	14.000000 	106.103722 	133.225372 	129.321304 	2.236068 	106.150833 	39.395432 	75.716576 	47.853943 	999.000000 	10.198039 	106.887794 	113.145920 	94.641426 	6.324555 	43.462627 	85.445892 	43.081318 	5.000000 	6.082763 	33.526108 	87.658424 	5.656854 	83.761566 	81.835197 	14.000000 	116.726173 	
80.659782 	41.868843 	78.746429 	39.051247 	20.000000 	15.231546 	58.821766 	54.083271 	11.045361 	61.294373 	74.886581 	25.553865 	57.801384 	134.825821 	79.322128 	115.312622 	7.810250 	49.193497 	57.706154 	130.176804 	47.423622 	109.986366 	125.159897 	13.000000 	4.472136 	114.865135 	141.113434 	137.360840 	12.369317 	114.978256 	49.396355 	85.234970 	57.775429 	10.198039 	999.000000 	115.745407 	121.827744 	103.812332 	4.000000 	53.488316 	94.873604 	53.141319 	6.082763 	16.031219 	43.680660 	97.097885 	6.324555 	93.295227 	91.416626 	24.083189 	125.495018 	
37.161808 	73.878281 	37.013512 	76.694199 	96.400208 	102.415817 	57.280014 	62.225395 	108.226616 	55.172459 	41.868843 	90.609047 	59.548298 	29.068884 	37.802116 	7.071068 	117.413795 	68.767723 	60.440052 	21.000000 	70.936592 	5.830952 	14.000000 	103.392456 	117.613777 	2.236068 	33.136082 	28.160255 	104.737770 	1.000000 	70.604530 	34.000000 	62.425957 	106.887794 	115.745407 	999.000000 	7.280110 	13.928389 	112.698715 	67.424034 	24.698177 	68.242218 	111.865990 	103.237587 	77.801025 	23.086792 	112.538879 	27.513634 	29.732138 	97.000000 	10.000000 	
42.190044 	79.981247 	43.139309 	82.807007 	102.303467 	108.231232 	63.702435 	68.680420 	114.017540 	61.717098 	48.600410 	96.876213 	66.219330 	22.360680 	44.654228 	7.280110 	123.227432 	75.432091 	67.201187 	14.142136 	77.620872 	12.206555 	7.280110 	109.622078 	123.555656 	7.211102 	26.019224 	21.023796 	111.018013 	7.615773 	77.420929 	41.146080 	69.339745 	113.145920 	121.827744 	7.280110 	999.000000 	21.189621 	118.869675 	74.330345 	31.953091 	75.166481 	118.105888 	109.658562 	84.628601 	30.364452 	118.802361 	34.785053 	37.000000 	103.585716 	4.123106 	
29.068884 	62.128899 	26.000000 	64.899925 	84.905830 	91.065910 	45.000000 	49.819675 	96.896851 	42.638012 	29.068884 	78.409180 	46.690472 	42.107006 	24.758837 	18.000000 	106.000000 	55.865910 	47.381432 	34.365681 	57.982758 	10.000000 	27.459061 	91.214035 	105.948097 	14.317822 	46.690472 	41.773197 	92.455391 	13.601471 	57.384666 	20.248457 	49.040798 	94.641426 	103.812332 	13.928389 	21.189621 	999.000000 	100.603180 	54.037025 	10.770329 	54.817879 	99.639351 	90.686272 	64.536812 	9.219544 	100.264648 	13.601471 	15.811388 	84.148682 	23.706539 	
77.987175 	38.897301 	75.742989 	36.069378 	17.888544 	14.142136 	55.605755 	50.803543 	11.401754 	58.008621 	71.610054 	22.203604 	54.378304 	132.279999 	76.026314 	112.432205 	11.180340 	45.650848 	54.203320 	127.475487 	43.829212 	106.962608 	122.347862 	9.433981 	8.246211 	111.865990 	138.538803 	134.714508 	8.544003 	111.946419 	45.694637 	81.835197 	54.129475 	6.324555 	4.000000 	112.698715 	118.869675 	100.603180 	999.000000 	49.769470 	91.525955 	49.396355 	2.236068 	12.041595 	39.849716 	93.744331 	2.828427 	89.888817 	87.982956 	20.099751 	122.494896 	
40.311287 	19.697716 	33.526108 	20.880613 	38.118237 	44.283180 	15.132746 	12.083046 	49.648766 	15.033297 	25.942244 	28.635643 	10.000000 	91.787796 	29.681644 	68.963760 	57.723480 	6.708204 	8.062258 	85.422478 	7.071068 	62.128899 	79.259071 	40.496914 	56.612720 	67.119293 	97.508972 	93.021500 	41.231056 	66.850578 	4.123106 	33.970577 	5.000000 	43.462627 	53.488316 	67.424034 	74.330345 	54.037025 	49.769470 	999.000000 	43.863426 	1.000000 	48.332184 	38.470768 	10.630146 	45.967381 	48.754486 	41.725292 	39.623226 	31.064449 	77.420929 	
26.248810 	53.665630 	20.000000 	56.356010 	76.478752 	82.734512 	36.235340 	40.816662 	88.549423 	33.615471 	20.124611 	69.339745 	37.202152 	52.469040 	15.652476 	28.284271 	97.529480 	46.227695 	37.643059 	44.911022 	48.270073 	20.396078 	38.078865 	82.097504 	97.247108 	25.000000 	57.271286 	52.392746 	83.234612 	24.351591 	47.381432 	9.899495 	38.897301 	85.445892 	94.873604 	24.698177 	31.953091 	10.770329 	91.525955 	43.863426 	999.000000 	44.598206 	90.443352 	81.215759 	54.451813 	2.236068 	91.021973 	3.000000 	5.099020 	74.411018 	34.438351 	
41.303753 	20.124611 	34.481880 	21.189621 	38.052597 	44.181442 	16.124516 	13.000000 	49.497475 	16.031219 	26.832815 	28.442924 	11.000000 	92.703827 	30.528675 	69.835518 	57.489128 	7.211102 	9.055386 	86.313385 	7.280110 	62.968246 	80.131142 	40.162170 	56.320511 	67.955872 	98.412399 	93.914856 	40.853397 	67.675697 	4.000000 	34.713108 	5.830952 	43.081318 	53.141319 	68.242218 	75.166481 	54.817879 	49.396355 	1.000000 	44.598206 	999.000000 	47.927029 	38.013157 	10.000000 	46.690472 	48.332184 	42.426407 	40.311287 	30.528675 	78.236816 	
77.466118 	38.209946 	74.966660 	35.383614 	18.027756 	15.000000 	54.671749 	49.819675 	13.000000 	57.008770 	70.604530 	21.260292 	53.254108 	131.821854 	75.000000 	111.731819 	13.416408 	44.418465 	53.000000 	126.905479 	42.544094 	106.150833 	121.696342 	8.485281 	10.440307 	111.072052 	138.057953 	134.182709 	7.211102 	111.126053 	44.283180 	80.709358 	52.773098 	5.000000 	6.082763 	111.865990 	118.105888 	99.639351 	2.236068 	48.332184 	90.443352 	47.927029 	999.000000 	10.198039 	38.275318 	92.655273 	1.000000 	88.752464 	86.821655 	18.248287 	121.696342 	
69.892776 	30.528675 	66.603302 	27.784887 	15.524175 	16.401220 	45.967381 	41.012192 	18.027756 	48.104053 	61.619801 	13.416408 	44.045429 	124.277916 	65.946945 	103.479469 	22.360680 	35.000000 	43.600460 	119.016808 	33.015148 	97.590981 	113.569359 	5.656854 	20.024984 	102.552429 	130.430054 	126.400162 	4.472136 	102.532921 	34.481880 	71.400284 	43.046486 	6.082763 	16.031219 	103.237587 	109.658562 	90.686272 	12.041595 	38.470768 	81.215759 	38.013157 	10.198039 	999.000000 	28.231188 	83.408630 	10.440307 	79.404030 	77.420929 	8.062258 	113.145920 	
48.764740 	18.027756 	42.953465 	17.691807 	30.265491 	36.055511 	22.803509 	18.248287 	41.012192 	23.769728 	36.055511 	20.024984 	18.788294 	101.518471 	40.000000 	79.075912 	48.507732 	10.198039 	17.492855 	95.383438 	8.062258 	72.422371 	89.358826 	30.805843 	47.074409 	77.420929 	107.354553 	102.956299 	31.320919 	77.201035 	7.211102 	44.553337 	15.556349 	33.526108 	43.680660 	77.801025 	84.628601 	64.536812 	39.849716 	10.630146 	54.451813 	10.000000 	38.275318 	28.231188 	999.000000 	56.568542 	38.626415 	52.345009 	50.249378 	20.591261 	87.800911 	
27.892651 	55.901699 	22.022715 	58.591808 	78.714676 	84.970581 	38.470768 	43.046486 	90.785461 	35.846897 	22.360680 	71.561165 	39.408119 	51.244511 	17.888544 	27.073973 	99.764725 	48.414875 	39.824615 	43.566040 	50.447994 	19.104973 	36.674240 	84.314888 	99.478638 	23.537205 	55.901699 	50.990196 	85.445892 	22.803509 	49.517673 	12.041595 	41.012192 	87.658424 	97.097885 	23.086792 	30.364452 	9.219544 	93.744331 	45.967381 	2.236068 	46.690472 	92.655273 	83.408630 	56.568542 	999.000000 	93.230896 	4.472136 	6.708204 	76.576759 	32.695564 	
78.243210 	38.948685 	75.663727 	36.124783 	18.973665 	16.000000 	55.317268 	50.447994 	13.928389 	57.628117 	71.217972 	21.931713 	53.823788 	132.612213 	75.604233 	112.449989 	13.892444 	44.944408 	53.535034 	127.663620 	43.046486 	106.831642 	122.429573 	9.219544 	10.770329 	111.758667 	138.841629 	134.951843 	7.810250 	111.803398 	44.721359 	81.271149 	53.235325 	5.656854 	6.324555 	112.538879 	118.802361 	100.264648 	2.828427 	48.754486 	91.021973 	48.332184 	1.000000 	10.440307 	38.626415 	93.230896 	999.000000 	89.308456 	87.367043 	18.439089 	122.380554 	
27.313000 	52.392746 	20.223749 	55.036350 	75.153175 	81.437096 	34.928497 	39.357338 	87.235313 	32.202484 	18.973665 	67.742157 	35.510563 	55.443665 	14.560220 	31.257000 	96.150925 	44.407207 	35.805027 	47.853943 	46.400433 	23.345236 	41.000000 	80.454956 	95.770561 	27.892651 	60.207973 	55.317268 	81.541397 	27.202942 	45.343136 	8.062258 	36.796738 	83.761566 	93.295227 	27.513634 	34.785053 	13.601471 	89.888817 	41.725292 	3.000000 	42.426407 	88.752464 	79.404030 	52.345009 	4.472136 	89.308456 	999.000000 	2.236068 	72.470680 	37.161808 	
27.294687 	50.695168 	19.646883 	53.310413 	73.409805 	79.705711 	33.241539 	37.576588 	85.492691 	30.463093 	17.464249 	65.863495 	33.615471 	57.558666 	13.152946 	33.376640 	94.371605 	42.438190 	33.837849 	50.009998 	44.407207 	25.495098 	43.174065 	78.549347 	93.941475 	30.083218 	62.369865 	57.489128 	79.611557 	29.410883 	43.278172 	6.324555 	34.713108 	81.835197 	91.416626 	29.732138 	37.000000 	15.811388 	87.982956 	39.623226 	5.099020 	40.311287 	86.821655 	77.420929 	50.249378 	6.708204 	87.367043 	2.236068 	999.000000 	70.434364 	39.395432 	
64.884514 	26.248810 	60.802959 	23.769728 	18.439089 	21.633308 	40.000000 	35.000000 	24.698177 	41.868843 	55.172459 	11.180340 	37.483330 	119.037811 	59.396969 	97.616600 	30.149628 	28.284271 	36.796738 	113.463654 	26.172504 	91.438507 	107.800743 	12.369317 	28.000000 	96.426140 	125.095963 	120.929733 	12.041595 	96.332756 	27.202942 	64.536812 	35.805027 	14.000000 	24.083189 	97.000000 	103.585716 	84.148682 	20.099751 	31.064449 	74.411018 	30.528675 	18.248287 	8.062258 	20.591261 	76.576759 	18.439089 	72.470680 	70.434364 	999.000000 	106.962608 	
46.141087 	83.630135 	46.754681 	86.452301 	106.042442 	112.004463 	67.178864 	72.138756 	117.800682 	65.115280 	51.855568 	100.448990 	69.526970 	22.472204 	47.801674 	11.401754 	127.003937 	78.746429 	70.434364 	14.317822 	80.919716 	15.556349 	8.485281 	113.216606 	127.283150 	10.630146 	25.179358 	20.223749 	114.586212 	10.630146 	80.603973 	43.908997 	72.422371 	116.726173 	125.495018 	10.000000 	4.123106 	23.706539 	122.494896 	77.420929 	34.438351 	78.236816 	121.696342 	113.145920 	87.800911 	32.695564 	122.380554 	37.161808 	39.395432 	106.962608 	999.000000 	

Travel time:
9.000000 	0.985203 	0.235850 	1.055047 	1.520280 	1.663205 	0.649038 	0.766893 	1.806239 	0.632949 	0.459619 	1.415318 	0.760345 	1.360147 	0.465027 	0.880696 	2.036695 	0.965013 	0.806226 	1.237942 	1.020110 	0.784618 	1.117195 	1.725724 	2.050914 	0.894427 	1.515132 	1.418185 	1.765113 	0.906228 	1.049405 	0.585769 	0.901388 	1.815558 	2.016495 	0.929045 	1.054751 	0.726722 	1.949679 	1.007782 	0.656220 	1.032594 	1.936653 	1.747319 	1.219118 	0.697316 	1.956080 	0.682825 	0.682367 	1.622113 	1.153527 	
0.985203 	9.000000 	0.921954 	0.070711 	0.570636 	0.726722 	0.436606 	0.333542 	0.872138 	0.506211 	0.838525 	0.430116 	0.452769 	2.345341 	0.950329 	1.838478 	1.097725 	0.325000 	0.475000 	2.218248 	0.325960 	1.702939 	2.087163 	0.743303 	1.095730 	1.825000 	2.500000 	2.401172 	0.781025 	1.827738 	0.416083 	1.109617 	0.534439 	0.832541 	1.046721 	1.846957 	1.999531 	1.553222 	0.972432 	0.492443 	1.341641 	0.503115 	0.955249 	0.763217 	0.450694 	1.397542 	0.973717 	1.309819 	1.267379 	0.656220 	2.090753 	
0.235850 	0.921954 	9.000000 	0.992472 	1.485135 	1.636498 	0.520216 	0.645174 	1.782028 	0.480885 	0.230489 	1.343503 	0.604152 	1.464795 	0.230489 	0.921954 	2.011219 	0.828025 	0.640800 	1.317431 	0.883883 	0.781025 	1.175266 	1.662077 	2.015099 	0.903120 	1.612452 	1.505199 	1.697056 	0.905883 	0.896172 	0.369121 	0.721543 	1.750179 	1.968661 	0.925338 	1.078483 	0.650000 	1.893575 	0.838153 	0.500000 	0.862047 	1.874166 	1.665083 	1.073837 	0.550568 	1.891593 	0.505594 	0.491172 	1.520074 	1.168867 	
1.055047 	0.070711 	0.992472 	9.000000 	0.503115 	0.660019 	0.503115 	0.395285 	0.805062 	0.571183 	0.905883 	0.360555 	0.509902 	2.415186 	1.017657 	1.909188 	1.029563 	0.357946 	0.527376 	2.288695 	0.348210 	1.773415 	2.157835 	0.672681 	1.026219 	1.895554 	2.570019 	2.471462 	0.710634 	1.898190 	0.436606 	1.175266 	0.577170 	0.761988 	0.976281 	1.917355 	2.070175 	1.622498 	0.901734 	0.522015 	1.408900 	0.529741 	0.884590 	0.694622 	0.442295 	1.464795 	0.903120 	1.375909 	1.332760 	0.594243 	2.161308 	
1.520280 	0.570636 	1.485135 	0.503115 	9.000000 	0.158114 	1.006231 	0.896172 	0.302076 	1.073837 	1.408900 	0.261008 	1.004054 	2.871628 	1.520691 	2.391783 	0.527376 	0.813941 	1.013040 	2.757943 	0.781425 	2.265088 	2.635455 	0.275000 	0.531507 	2.385634 	3.029130 	2.936409 	0.325000 	2.390084 	0.851469 	1.677982 	1.039832 	0.353553 	0.500000 	2.410005 	2.557587 	2.122646 	0.447214 	0.952956 	1.911969 	0.951315 	0.450694 	0.388104 	0.756637 	1.967867 	0.474342 	1.878829 	1.835245 	0.460977 	2.651061 	
1.663205 	0.726722 	1.636498 	0.660019 	0.158114 	9.000000 	1.162970 	1.053862 	0.145774 	1.231107 	1.565248 	0.400780 	1.162164 	3.008529 	1.677051 	2.538331 	0.375000 	0.970824 	1.171004 	2.899354 	0.937083 	2.415186 	2.779951 	0.270416 	0.390512 	2.535005 	3.166722 	3.076118 	0.313249 	2.540177 	1.004987 	1.835245 	1.196349 	0.316228 	0.380789 	2.560395 	2.705781 	2.276648 	0.353553 	1.107080 	2.068363 	1.104536 	0.375000 	0.410031 	0.901388 	2.124264 	0.400000 	2.035927 	1.992643 	0.540833 	2.800112 	
0.649038 	0.436606 	0.520216 	0.503115 	1.006231 	1.162970 	9.000000 	0.125000 	1.308148 	0.075000 	0.403113 	0.835539 	0.134629 	1.981477 	0.514782 	1.440703 	1.532359 	0.316228 	0.190394 	1.837457 	0.371652 	1.290591 	1.695029 	1.155692 	1.526434 	1.414655 	2.130874 	2.024846 	1.187697 	1.414214 	0.403113 	0.673146 	0.302076 	1.241974 	1.470544 	1.432000 	1.592561 	1.125000 	1.390144 	0.378319 	0.905883 	0.403113 	1.366794 	1.149184 	0.570088 	0.961769 	1.382932 	0.873212 	0.831038 	1.000000 	1.679472 	
0.766893 	0.333542 	0.645174 	0.395285 	0.896172 	1.053862 	0.125000 	9.000000 	1.198176 	0.180278 	0.520216 	0.715017 	0.127475 	2.105499 	0.630971 	1.565647 	1.419947 	0.201556 	0.167705 	1.962301 	0.254951 	1.414655 	1.820028 	1.035012 	1.410895 	1.538871 	2.255271 	2.149564 	1.065950 	1.538059 	0.301040 	0.782624 	0.265754 	1.120547 	1.352082 	1.555635 	1.717010 	1.245492 	1.270089 	0.302076 	1.020416 	0.325000 	1.245492 	1.025305 	0.456207 	1.076162 	1.261200 	0.983933 	0.939415 	0.875000 	1.803469 	
1.806239 	0.872138 	1.782028 	0.805062 	0.302076 	0.145774 	1.308148 	1.198176 	9.000000 	1.375909 	1.710629 	0.527376 	1.305038 	3.148412 	1.822430 	2.682466 	0.230489 	1.109617 	1.312441 	3.041381 	1.073837 	2.560395 	2.923290 	0.313249 	0.257391 	2.680019 	3.306906 	3.217336 	0.340037 	2.685377 	1.138530 	1.980057 	1.334166 	0.318198 	0.276134 	2.705665 	2.850439 	2.422421 	0.285044 	1.241219 	2.213736 	1.237437 	0.325000 	0.450694 	1.025305 	2.269637 	0.348210 	2.180883 	2.137317 	0.617454 	2.945017 	
0.632949 	0.506211 	0.480885 	0.571183 	1.073837 	1.231107 	0.075000 	0.180278 	1.375909 	9.000000 	0.340037 	0.895126 	0.127475 	1.945668 	0.450694 	1.395081 	1.598828 	0.347311 	0.175000 	1.796698 	0.403113 	1.239455 	1.650757 	1.215010 	1.590794 	1.364047 	2.093144 	1.985101 	1.245492 	1.362213 	0.419076 	0.604152 	0.279509 	1.300240 	1.532359 	1.379311 	1.542928 	1.065950 	1.450216 	0.375832 	0.840387 	0.400780 	1.425219 	1.202601 	0.594243 	0.896172 	1.440703 	0.805062 	0.761577 	1.046721 	1.627882 	
0.459619 	0.838525 	0.230489 	0.905883 	1.408900 	1.565248 	0.403113 	0.520216 	1.710629 	0.340037 	9.000000 	1.235162 	0.442295 	1.648105 	0.111803 	1.076162 	1.935362 	0.672681 	0.465027 	1.487027 	0.726722 	0.910014 	1.333464 	1.555032 	1.929378 	1.035012 	1.789728 	1.677051 	1.585284 	1.030776 	0.721110 	0.279509 	0.525595 	1.640122 	1.872164 	1.046721 	1.215010 	0.726722 	1.790251 	0.648556 	0.503115 	0.670820 	1.765113 	1.540495 	0.901388 	0.559017 	1.780449 	0.474342 	0.436606 	1.379311 	1.296389 	
1.415318 	0.430116 	1.343503 	0.360555 	0.261008 	0.400780 	0.835539 	0.715017 	0.527376 	0.895126 	1.235162 	9.000000 	0.806226 	2.775450 	1.345595 	2.263846 	0.728011 	0.594243 	0.805062 	2.647286 	0.553399 	2.122499 	2.514210 	0.320156 	0.705780 	2.245690 	2.930017 	2.830746 	0.353553 	2.246803 	0.612882 	1.492062 	0.814325 	0.406971 	0.638847 	2.265226 	2.421905 	1.960230 	0.555090 	0.715891 	1.733494 	0.711073 	0.531507 	0.335410 	0.500625 	1.789029 	0.548293 	1.693554 	1.646587 	0.279509 	2.511225 	
0.760345 	0.452769 	0.604152 	0.509902 	1.004054 	1.162164 	0.134629 	0.127475 	1.305038 	0.127475 	0.442295 	0.806226 	9.000000 	2.068363 	0.548293 	1.511622 	1.523155 	0.230489 	0.055902 	1.916540 	0.285044 	1.350926 	1.768120 	1.123610 	1.509346 	1.475847 	2.214723 	2.105499 	1.151086 	1.472455 	0.292617 	0.686477 	0.167705 	1.206493 	1.445035 	1.488707 	1.655483 	1.167262 	1.359458 	0.250000 	0.930054 	0.275000 	1.331353 	1.101136 	0.469707 	0.985203 	1.345595 	0.887764 	0.840387 	0.937083 	1.738174 	
1.360147 	2.345341 	1.464795 	2.415186 	2.871628 	3.008529 	1.981477 	2.105499 	3.148412 	1.945668 	1.648105 	2.775450 	2.068363 	9.000000 	1.565647 	0.604669 	3.377592 	2.292651 	2.102380 	0.206155 	2.348537 	0.803508 	0.378319 	3.085146 	3.398713 	0.700000 	0.160078 	0.127475 	3.125000 	0.725431 	2.359290 	1.515957 	2.173131 	3.175098 	3.370646 	0.726722 	0.559017 	1.052675 	3.307000 	2.294695 	1.311726 	2.317596 	3.295546 	3.106948 	2.537962 	1.281113 	3.315305 	1.386092 	1.438967 	2.975945 	0.561805 	
0.465027 	0.950329 	0.230489 	1.017657 	1.520691 	1.677051 	0.514782 	0.630971 	1.822430 	0.450694 	0.111803 	1.345595 	0.548293 	1.565647 	9.000000 	0.983933 	2.047101 	0.777817 	0.566789 	1.398660 	0.831038 	0.811249 	1.241219 	1.665270 	2.040833 	0.936082 	1.703856 	1.589025 	1.695029 	0.930054 	0.820061 	0.175000 	0.617454 	1.750000 	1.983053 	0.945053 	1.116356 	0.618971 	1.900658 	0.742041 	0.391312 	0.763217 	1.875000 	1.648674 	1.000000 	0.447214 	1.890106 	0.364006 	0.328824 	1.484924 	1.195042 	
0.880696 	1.838478 	0.921954 	1.909188 	2.391783 	2.538331 	1.440703 	1.565647 	2.682466 	1.395081 	1.076162 	2.263846 	1.511622 	0.604669 	0.983933 	9.000000 	2.912902 	1.740869 	1.539683 	0.419076 	1.796177 	0.200000 	0.257391 	2.581182 	2.923290 	0.125000 	0.728011 	0.608790 	2.617250 	0.160078 	1.796698 	0.917197 	1.600195 	2.669855 	2.882816 	0.176777 	0.182003 	0.450000 	2.810805 	1.724094 	0.707107 	1.745888 	2.793295 	2.586987 	1.976898 	0.676849 	2.811250 	0.781425 	0.834416 	2.440415 	0.285044 	
2.036695 	1.097725 	2.011219 	1.029563 	0.527376 	0.375000 	1.532359 	1.419947 	0.230489 	1.598828 	1.935362 	0.728011 	1.523155 	3.377592 	2.047101 	2.912902 	9.000000 	1.320275 	1.527457 	3.271563 	1.281113 	2.790161 	3.153768 	0.450000 	0.090139 	2.910004 	3.536241 	3.447191 	0.452769 	2.915154 	1.340009 	2.202555 	1.542117 	0.406971 	0.195256 	2.935345 	3.080686 	2.650000 	0.279509 	1.443087 	2.438237 	1.437228 	0.335410 	0.559017 	1.212693 	2.494118 	0.347311 	2.403773 	2.359290 	0.753741 	3.175098 	
0.965013 	0.325000 	0.828025 	0.357946 	0.813941 	0.970824 	0.316228 	0.201556 	1.109617 	0.347311 	0.672681 	0.594243 	0.230489 	2.292651 	0.777817 	1.740869 	1.320275 	9.000000 	0.215058 	2.143887 	0.055902 	1.581336 	1.997029 	0.905883 	1.300000 	1.706239 	2.440415 	2.332381 	0.930390 	1.702939 	0.111803 	0.910014 	0.226385 	0.986154 	1.229837 	1.719193 	1.885802 	1.396648 	1.141271 	0.167705 	1.155692 	0.180278 	1.110462 	0.875000 	0.254951 	1.210372 	1.123610 	1.110180 	1.060955 	0.707107 	1.968661 	
0.806226 	0.475000 	0.640800 	0.527376 	1.013040 	1.171004 	0.190394 	0.167705 	1.312441 	0.175000 	0.465027 	0.805062 	0.055902 	2.102380 	0.566789 	1.539683 	1.527457 	0.215058 	9.000000 	1.947434 	0.265754 	1.375000 	1.796698 	1.119431 	1.510381 	1.500000 	2.247360 	2.136878 	1.144825 	1.495410 	0.257391 	0.695072 	0.111803 	1.200521 	1.442654 	1.511001 	1.680030 	1.184536 	1.355083 	0.201556 	0.941076 	0.226385 	1.325000 	1.090011 	0.437321 	0.995615 	1.338376 	0.895126 	0.845946 	0.919918 	1.760859 	
1.237942 	2.218248 	1.317431 	2.288695 	2.757943 	2.899354 	1.837457 	1.962301 	3.041381 	1.796698 	1.487027 	2.647286 	1.916540 	0.206155 	1.398660 	0.419076 	3.271563 	2.143887 	1.947434 	9.000000 	2.199574 	0.612882 	0.175000 	2.961102 	3.288047 	0.502494 	0.309233 	0.190394 	2.999271 	0.525595 	2.204824 	1.336273 	2.012461 	3.050615 	3.254420 	0.525000 	0.353553 	0.859142 	3.186887 	2.135562 	1.122776 	2.157835 	3.172637 	2.975420 	2.384586 	1.089151 	3.191591 	1.196349 	1.250250 	2.836591 	0.357946 	
1.020110 	0.325960 	0.883883 	0.348210 	0.781425 	0.937083 	0.371652 	0.254951 	1.073837 	0.403113 	0.726722 	0.553399 	0.285044 	2.348537 	0.831038 	1.796177 	1.281113 	0.055902 	0.265754 	2.199574 	9.000000 	1.635925 	2.052438 	0.860959 	1.258223 	1.760859 	2.496247 	2.388122 	0.883883 	1.757306 	0.090139 	0.960469 	0.261008 	0.939747 	1.185591 	1.773415 	1.940522 	1.449569 	1.095730 	0.176777 	1.206752 	0.182003 	1.063602 	0.825379 	0.201556 	1.261200 	1.076162 	1.160011 	1.110180 	0.654313 	2.022993 	
