Total assets = 760
Number of asset nodes = 40

Distance:
999.000000 	71.867935 	115.312622 	7.071068 	68.963760 	69.835518 	111.731819 	31.257000 	95.671310 	101.533249 	55.803226 	43.046486 	29.529646 	28.653097 	25.019993 	124.523087 	34.058773 	86.092972 	43.566040 	23.769728 	22.135944 	25.455845 	27.459061 	40.112343 	31.144823 	103.004852 	26.172504 	118.258194 	80.056229 	18.681541 	111.664673 	125.872955 	17.000000 	58.463665 	28.425341 	22.472204 	82.764725 	106.254410 	18.973665 	130.816666 	29.832869 	23.409399 	40.112343 	21.400934 	29.410883 	87.235313 	47.000000 	124.197426 	26.570660 	98.883774 	91.285271 	78.447433 	
71.867935 	999.000000 	49.396355 	70.604530 	4.123106 	4.000000 	44.283180 	45.343136 	34.058773 	40.199501 	16.763054 	28.844410 	101.355812 	100.498756 	53.075417 	58.180752 	45.000000 	14.317822 	35.846897 	58.137768 	60.207973 	96.834908 	54.817879 	40.816662 	50.803543 	31.827662 	97.416634 	49.091751 	11.401754 	86.556343 	41.231056 	57.801384 	74.953316 	25.317978 	99.201813 	90.785461 	14.317822 	34.713108 	78.492035 	62.769421 	100.603180 	91.438507 	46.065170 	73.000000 	99.639351 	18.027756 	40.496914 	54.037025 	94.175369 	27.513634 	22.000000 	20.518284 	
115.312622 	49.396355 	999.000000 	115.745407 	53.488316 	53.141319 	6.082763 	93.295227 	20.000000 	15.231546 	61.294373 	74.886581 	143.627991 	142.898560 	100.702530 	9.219544 	93.536087 	40.311287 	85.000000 	106.000000 	107.912003 	140.758652 	103.077644 	89.899948 	99.362968 	23.345236 	141.484985 	10.295630 	49.497475 	132.136292 	16.124516 	11.704700 	121.827744 	74.330345 	143.683685 	136.359818 	49.162994 	24.351591 	125.431259 	16.124516 	145.096527 	137.131317 	95.341492 	120.652390 	144.499130 	47.000000 	89.888817 	16.492422 	140.089264 	37.854988 	46.173584 	61.131008 	
7.071068 	70.604530 	115.745407 	999.000000 	67.424034 	68.242218 	111.865990 	27.513634 	96.400208 	102.415817 	55.172459 	41.868843 	32.280025 	31.320919 	20.396078 	124.963997 	29.832869 	84.628601 	39.849716 	18.027756 	16.124516 	26.419689 	22.000000 	35.902645 	26.076809 	102.176315 	26.925823 	118.088951 	78.032043 	16.401220 	111.126053 	125.992065 	10.440307 	55.027267 	28.600698 	20.615528 	80.622574 	105.261581 	13.038404 	130.969467 	30.000000 	21.400934 	35.057095 	14.422205 	29.068884 	85.088188 	42.296574 	123.794182 	24.413111 	97.097885 	89.067390 	75.392311 	
68.963760 	4.123106 	53.488316 	67.424034 	999.000000 	1.000000 	48.332184 	41.725292 	38.118237 	44.283180 	15.033297 	25.942244 	98.488579 	97.616600 	49.497475 	62.241467 	41.231056 	17.204651 	31.906113 	54.488529 	56.586216 	93.744331 	51.088158 	36.891735 	47.010635 	35.468296 	94.302704 	53.000000 	12.041595 	83.240616 	45.000000 	61.773781 	71.449280 	21.213203 	96.020828 	87.458565 	15.033297 	38.183765 	74.966660 	66.730804 	97.416634 	88.090858 	42.059483 	69.354164 	96.400208 	19.235384 	36.400551 	57.801384 	90.785461 	29.966648 	23.345236 	18.601076 	
69.835518 	4.000000 	53.141319 	68.242218 	1.000000 	999.000000 	47.927029 	42.426407 	38.052597 	44.181442 	16.031219 	26.832815 	99.362968 	98.488579 	50.209560 	61.846584 	41.868843 	16.401220 	32.449963 	55.172459 	57.280014 	94.578011 	51.739735 	37.443291 	47.634022 	34.828148 	95.131485 	52.478565 	11.045361 	84.023804 	44.407207 	61.294373 	72.180328 	21.377558 	96.834908 	88.238312 	14.035668 	37.483330 	75.690155 	66.241982 	98.229324 	88.865067 	42.544094 	70.035706 	97.200821 	18.248287 	36.769554 	57.201397 	91.547798 	29.068884 	22.360680 	17.804493 	
111.731819 	44.283180 	6.082763 	111.865990 	48.332184 	47.927029 	999.000000 	88.752464 	18.027756 	15.000000 	57.008770 	70.604530 	140.356689 	139.603012 	96.260063 	13.928389 	88.836929 	34.525352 	80.062477 	101.513542 	103.469803 	137.186005 	98.478424 	85.000000 	94.667839 	17.262676 	137.887634 	8.062258 	43.737854 	128.222458 	10.630146 	14.142136 	117.613777 	68.949257 	140.014282 	132.457535 	43.289722 	18.384777 	121.210564 	19.104973 	141.428421 	133.206604 	90.338257 	116.249733 	140.758652 	41.012192 	84.693565 	15.132746 	136.124939 	31.780497 	40.112343 	55.226807 	
31.257000 	45.343136 	93.295227 	27.513634 	41.725292 	42.426407 	88.752464 	999.000000 	75.153175 	81.437096 	32.202484 	18.973665 	59.774578 	58.821766 	7.810250 	102.396286 	3.605551 	58.728188 	12.369317 	12.806249 	14.866069 	53.712196 	9.848858 	9.055386 	7.000000 	77.155685 	54.129475 	94.201912 	51.400391 	42.190044 	86.556343 	102.649887 	29.832869 	27.513634 	55.470715 	46.324940 	53.823788 	79.906197 	33.301651 	107.647575 	56.824291 	46.872166 	11.401754 	27.658634 	55.569775 	58.249462 	16.492422 	99.357941 	49.406479 	70.604530 	62.128899 	47.927029 	
95.671310 	34.058773 	20.000000 	96.400208 	38.118237 	38.052597 	18.027756 	75.153175 	999.000000 	6.324555 	42.953465 	56.356010 	123.761871 	123.044708 	82.298241 	29.068884 	75.769386 	30.083218 	68.007355 	87.658424 	89.470665 	121.082619 	85.000000 	72.732384 	81.541397 	22.825424 	121.827744 	25.961510 	38.078865 	112.800713 	24.083189 	31.384710 	102.927162 	59.304298 	124.084648 	117.004272 	38.897301 	26.400757 	106.531685 	36.055511 	125.495018 	117.800682 	78.447433 	102.083298 	124.963997 	38.483765 	73.756355 	32.984844 	120.801491 	34.655445 	39.446167 	50.447994 	
101.533249 	40.199501 	15.231546 	102.415817 	44.283180 	44.181442 	15.000000 	81.437096 	6.324555 	999.000000 	49.244289 	62.609905 	129.402466 	128.701202 	88.549423 	23.853722 	82.079231 	35.171009 	74.330345 	93.914856 	95.713112 	126.905479 	91.285271 	79.056938 	87.846458 	24.758837 	127.663620 	23.021729 	43.566040 	118.810776 	23.409399 	26.925823 	109.077957 	65.490456 	129.957687 	123.004066 	44.147480 	27.802877 	112.680969 	31.304953 	131.365906 	123.810341 	84.770279 	108.300507 	130.873978 	43.324360 	80.049988 	30.066593 	126.826653 	38.013157 	43.863426 	55.901699 	
55.803226 	16.763054 	61.294373 	55.172459 	15.033297 	16.031219 	57.008770 	32.202484 	42.953465 	49.244289 	999.000000 	13.601471 	85.146935 	84.314888 	39.446167 	70.455658 	32.893768 	31.016125 	26.076809 	44.777225 	46.647614 	81.055534 	42.047592 	30.413813 	38.626415 	47.201694 	81.688431 	62.968246 	27.073973 	71.421288 	55.973209 	71.063354 	60.605282 	23.323807 	83.630135 	75.663727 	30.066593 	50.477718 	64.202805 	76.059189 	85.041168 	76.380623 	36.345562 	59.363289 	84.219948 	34.234486 	33.060551 	68.622154 	79.246452 	44.271889 	38.327538 	31.622776 	
43.046486 	28.844410 	74.886581 	41.868843 	25.942244 	26.832815 	70.604530 	18.973665 	56.356010 	62.609905 	13.601471 	999.000000 	72.560318 	71.693794 	25.942244 	84.053551 	20.223749 	43.046486 	16.155495 	31.304953 	33.120991 	68.007355 	28.792360 	19.235384 	25.709921 	60.307545 	68.600288 	76.485291 	37.336308 	58.000000 	69.310890 	84.646324 	47.010635 	21.931713 	70.434364 	62.241467 	40.162170 	63.411354 	50.606323 	89.643738 	71.840103 	62.936478 	25.179358 	45.793011 	70.936592 	44.598206 	24.166092 	82.024384 	65.764732 	55.901699 	48.703182 	38.013157 	
29.529646 	101.355812 	143.627991 	32.280025 	98.488579 	99.362968 	140.356689 	59.774578 	123.761871 	129.402466 	85.146935 	72.560318 	999.000000 	1.000000 	52.630791 	152.793976 	62.096699 	115.602768 	72.124893 	49.648766 	47.518417 	8.944272 	53.758720 	68.154236 	58.051701 	132.310242 	9.433981 	147.122391 	109.567329 	21.377558 	140.801285 	154.466827 	34.014702 	87.281158 	11.313708 	19.313208 	112.258629 	135.624481 	32.249031 	159.364365 	11.401754 	19.697716 	66.910385 	39.115215 	13.453624 	116.730461 	74.330345 	153.222061 	20.248457 	128.413391 	120.768372 	107.563934 	
28.653097 	100.498756 	142.898560 	31.320919 	97.616600 	98.488579 	139.603012 	58.821766 	123.044708 	128.701202 	84.314888 	71.693794 	1.000000 	999.000000 	51.662365 	152.069061 	61.131008 	114.738831 	71.168816 	48.662102 	46.529560 	8.062258 	52.773098 	67.186310 	57.070133 	131.487640 	8.602325 	146.348892 	108.673820 	20.396078 	140.000000 	153.717270 	33.015148 	86.330757 	10.630146 	18.384777 	111.359779 	134.792435 	31.257000 	158.619034 	10.816654 	18.788294 	65.924202 	38.118237 	12.806249 	115.831772 	73.348480 	152.433594 	19.416489 	127.534309 	119.866592 	106.625511 	
25.019993 	53.075417 	100.702530 	20.396078 	49.497475 	50.209560 	96.260063 	7.810250 	82.298241 	88.549423 	39.446167 	25.942244 	52.630791 	51.662365 	999.000000 	109.836243 	9.486833 	66.528191 	19.697716 	5.385165 	7.211102 	46.238514 	4.472136 	15.524175 	6.324555 	84.899940 	46.615448 	101.828285 	59.203041 	34.481880 	94.260277 	110.208893 	22.022715 	34.928497 	47.853943 	38.587563 	61.611687 	87.681244 	25.495098 	115.208504 	49.193497 	39.115215 	15.132746 	20.000000 	47.885281 	66.030296 	22.022715 	107.056061 	41.617306 	78.409180 	69.892776 	55.461697 	
124.523087 	58.180752 	9.219544 	124.963997 	62.241467 	61.846584 	13.928389 	102.396286 	29.068884 	23.853722 	70.455658 	84.053551 	152.793976 	152.069061 	109.836243 	999.000000 	102.576797 	48.270073 	93.914856 	115.121674 	117.046997 	149.966660 	112.160599 	98.838249 	108.406639 	30.066593 	150.695053 	12.369317 	57.489128 	141.354172 	21.095022 	5.830952 	131.015259 	82.873398 	152.898666 	145.578156 	56.885849 	30.066593 	134.617981 	8.062258 	154.311371 	146.348892 	104.216118 	129.799850 	153.717270 	54.332310 	98.615417 	14.866069 	149.305054 	44.045429 	53.037724 	68.731361 	
34.058773 	45.000000 	93.536087 	29.832869 	41.231056 	41.868843 	88.836929 	3.605551 	75.769386 	82.079231 	32.893768 	20.223749 	62.096699 	61.131008 	9.486833 	102.576797 	999.000000 	58.000000 	10.295630 	13.601471 	15.811388 	55.713554 	9.899495 	6.082763 	5.830952 	76.694199 	56.080299 	94.047859 	50.328918 	43.829212 	86.214851 	102.625534 	31.064449 	25.495098 	57.271286 	47.885281 	52.630791 	79.309517 	34.409302 	107.615051 	58.600342 	48.373547 	7.810250 	28.319605 	57.245087 	57.008770 	13.152946 	99.020203 	50.774010 	69.526970 	60.802959 	46.065170 	
86.092972 	14.317822 	40.311287 	84.628601 	17.204651 	16.401220 	34.525352 	58.728188 	30.083218 	35.171009 	31.016125 	43.046486 	115.602768 	114.738831 	66.528191 	48.270073 	58.000000 	999.000000 	48.270073 	71.421288 	73.552704 	110.941429 	67.896980 	53.263496 	63.702435 	19.235384 	111.503365 	37.696156 	9.219544 	100.424103 	29.068884 	46.818798 	88.526833 	35.355339 	113.225441 	104.637466 	9.055386 	21.400934 	92.021736 	51.623638 	114.621117 	105.261581 	58.008621 	86.267029 	113.600174 	8.602325 	51.623638 	41.677334 	107.935165 	13.341664 	10.816654 	21.023796 	
43.566040 	35.846897 	85.000000 	39.849716 	31.906113 	32.449963 	80.062477 	12.369317 	68.007355 	74.330345 	26.076809 	16.155495 	72.124893 	71.168816 	19.697716 	93.914856 	10.295630 	48.270073 	999.000000 	23.853722 	26.076809 	65.924202 	20.000000 	5.000000 	15.620500 	67.201187 	66.309875 	84.905830 	40.311287 	54.120235 	76.843994 	93.648277 	41.340054 	15.231546 	67.542580 	58.180752 	42.520584 	69.656296 	44.654228 	98.615417 	68.876701 	58.668560 	10.440307 	38.418747 	67.535179 	46.861500 	8.062258 	89.627007 	61.057350 	59.464275 	50.606323 	35.777088 	
23.769728 	58.137768 	106.000000 	18.027756 	54.488529 	55.172459 	101.513542 	12.806249 	87.658424 	93.914856 	44.777225 	31.304953 	49.648766 	48.662102 	5.385165 	115.121674 	13.601471 	71.421288 	23.853722 	999.000000 	2.236068 	42.720020 	4.123106 	19.235384 	8.544003 	89.938866 	43.011627 	107.004669 	63.890530 	30.463093 	99.357941 	115.433968 	17.492855 	38.948685 	44.011364 	34.438351 	66.219330 	92.655273 	20.808653 	120.432556 	45.310043 	34.885529 	17.262676 	14.866069 	43.863426 	70.604530 	24.738634 	112.160599 	37.215588 	83.096329 	74.404305 	59.539902 	
22.135944 	60.207973 	107.912003 	16.124516 	56.586216 	57.280014 	103.469803 	14.866069 	89.470665 	95.713112 	46.647614 	33.120991 	47.518417 	46.529560 	7.211102 	117.046997 	15.811388 	73.552704 	26.076809 	2.236068 	999.000000 	40.521599 	6.324555 	21.470911 	10.770329 	92.021736 	40.804413 	109.018349 	66.068146 	28.231188 	101.414986 	117.413795 	15.264338 	41.182522 	41.785164 	32.202484 	68.410522 	94.762863 	18.601076 	122.413231 	43.081318 	32.649654 	19.416489 	12.806249 	41.629318 	72.801102 	26.925823 	114.214706 	34.985710 	85.276024 	76.609398 	61.773781 	
25.455845 	96.834908 	140.758652 	26.419689 	93.744331 	94.578011 	137.186005 	53.712196 	121.082619 	126.905479 	81.055534 	68.007355 	8.944272 	8.062258 	46.238514 	149.966660 	55.713554 	110.941429 	65.924202 	42.720020 	40.521599 	999.000000 	46.840153 	61.684681 	51.244511 	128.226364 	1.000000 	143.683685 	104.446159 	13.000000 	137.000000 	151.327454 	26.172504 	81.154175 	4.000000 	10.440307 	107.042046 	131.400146 	24.000000 	156.272202 	5.099020 	10.770329 	59.908264 	31.016125 	6.082763 	111.507851 	67.446274 	149.576065 	11.401754 	123.490891 	115.485931 	101.636604 	
27.459061 	54.817879 	103.077644 	22.000000 	51.088158 	51.739735 	98.478424 	9.848858 	85.000000 	91.285271 	42.047592 	28.792360 	53.758720 	52.773098 	4.472136 	112.160599 	9.899495 	67.896980 	20.000000 	4.123106 	6.324555 	46.840153 	999.000000 	15.264338 	4.472136 	86.556343 	47.127487 	103.812332 	60.207973 	34.539833 	96.046867 	112.329872 	21.470911 	34.985710 	48.104053 	38.483765 	62.481998 	89.196411 	24.698177 	117.324333 	49.396355 	38.910152 	13.152946 	18.439089 	47.927029 	66.843102 	20.615528 	108.853111 	41.182522 	79.397736 	70.604530 	55.569775 	
40.112343 	40.816662 	89.899948 	35.902645 	36.891735 	37.443291 	85.000000 	9.055386 	72.732384 	79.056938 	30.413813 	19.235384 	68.154236 	67.186310 	15.524175 	98.838249 	6.082763 	53.263496 	5.000000 	19.235384 	21.470911 	61.684681 	15.264338 	999.000000 	10.816654 	72.201111 	62.032249 	89.888817 	45.254833 	49.658836 	81.841309 	98.615417 	36.715118 	19.723083 	63.158531 	53.665630 	47.423622 	74.652527 	39.962482 	103.585716 	64.474800 	54.120235 	6.000000 	33.600594 	63.071388 	51.739735 	7.615773 	94.625580 	56.435802 	64.381676 	55.443665 	40.311287 	
31.144823 	50.803543 	99.362968 	26.076809 	47.010635 	47.634022 	94.667839 	7.000000 	81.541397 	87.846458 	38.626415 	25.709921 	58.051701 	57.070133 	6.324555 	108.406639 	5.830952 	63.702435 	15.620500 	8.544003 	10.770329 	51.244511 	4.472136 	10.816654 	999.000000 	82.462112 	51.546097 	99.864906 	55.901699 	39.000000 	92.005432 	108.452751 	25.942244 	30.528675 	52.554733 	42.953465 	58.137768 	85.041168 	29.154760 	113.441612 	53.851646 	43.382023 	9.000000 	22.803509 	52.392746 	62.481998 	16.278820 	104.809349 	45.650848 	75.073296 	66.219330 	51.107731 	
103.004852 	31.827662 	23.345236 	102.176315 	35.468296 	34.828148 	17.262676 	77.155685 	22.825424 	24.758837 	47.201694 	60.307545 	132.310242 	131.487640 	84.899940 	30.066593 	76.694199 	19.235384 	67.201187 	89.938866 	92.021736 	128.226364 	86.556343 	72.201111 	82.462112 	999.000000 	128.844864 	18.681541 	28.231188 	118.258194 	9.848858 	27.892651 	106.775467 	54.589375 	130.728729 	122.494896 	27.202942 	4.000000 	110.317726 	32.572994 	132.136292 	123.166557 	77.103828 	104.804581 	131.244049 	24.331051 	70.830788 	22.472204 	125.936493 	14.560220 	23.000000 	38.832977 	
26.172504 	97.416634 	141.484985 	26.925823 	94.302704 	95.131485 	137.887634 	54.129475 	121.827744 	127.663620 	81.688431 	68.600288 	9.433981 	8.602325 	46.615448 	150.695053 	56.080299 	111.503365 	66.309875 	43.011627 	40.804413 	1.000000 	47.127487 	62.032249 	51.546097 	128.844864 	999.000000 	144.360657 	104.957130 	13.038404 	137.644470 	152.029602 	26.305893 	81.541397 	3.000000 	10.198039 	107.540688 	132.003784 	24.020824 	156.977707 	4.123106 	10.440307 	60.166435 	31.064449 	5.099020 	112.004463 	67.720009 	150.233154 	10.816654 	124.020157 	115.974136 	102.044106 	
118.258194 	49.091751 	10.295630 	118.088951 	53.000000 	52.478565 	8.062258 	94.201912 	25.961510 	23.021729 	62.968246 	76.485291 	147.122391 	146.348892 	101.828285 	12.369317 	94.047859 	37.696156 	84.905830 	107.004669 	109.018349 	143.683685 	103.812332 	89.888817 	99.864906 	18.681541 	144.360657 	999.000000 	46.818798 	134.380051 	9.055386 	9.219544 	123.434196 	72.917763 	146.413803 	138.621780 	45.880280 	18.027756 	127.015747 	13.928389 	147.827606 	139.344894 	95.015785 	121.823647 	147.085007 	42.953465 	89.005615 	7.071068 	142.214630 	32.015621 	41.303753 	57.489128 	
80.056229 	11.401754 	49.497475 	78.032043 	12.041595 	11.045361 	43.737854 	51.400391 	38.078865 	43.566040 	27.073973 	37.336308 	109.567329 	108.673820 	59.203041 	57.489128 	50.328918 	9.219544 	40.311287 	63.890530 	66.068146 	104.446159 	60.207973 	45.254833 	55.901699 	28.231188 	104.957130 	46.818798 	999.000000 	93.477272 	38.078865 	55.973209 	81.215759 	26.627054 	106.531685 	97.652443 	3.000000 	30.016663 	84.646324 	60.745369 	107.912003 	98.229324 	49.678970 	78.644768 	106.780151 	7.280110 	43.011627 	50.537113 	100.801788 	19.209373 	11.401754 	12.369317 	
18.681541 	86.556343 	132.136292 	16.401220 	83.240616 	84.023804 	128.222458 	42.190044 	112.800713 	118.810776 	71.421288 	58.000000 	21.377558 	20.396078 	34.481880 	141.354172 	43.829212 	100.424103 	54.120235 	30.463093 	28.231188 	13.000000 	34.539833 	49.658836 	39.000000 	118.258194 	13.038404 	134.380051 	93.477272 	999.000000 	127.310646 	142.341141 	13.341664 	69.318108 	13.601471 	4.242640 	95.963531 	121.264175 	11.000000 	147.322769 	14.866069 	5.000000 	47.434166 	18.027756 	13.416408 	100.404182 	55.027267 	140.014282 	8.062258 	112.645462 	104.307236 	89.894379 	
111.664673 	41.231056 	16.124516 	111.126053 	45.000000 	44.407207 	10.630146 	86.556343 	24.083189 	23.409399 	55.973209 	69.310890 	140.801285 	140.000000 	94.260277 	21.095022 	86.214851 	29.068884 	76.843994 	99.357941 	101.414986 	137.000000 	96.046867 	81.841309 	92.005432 	9.848858 	137.644470 	9.055386 	38.078865 	127.310646 	999.000000 	18.248287 	116.043098 	64.412735 	139.603012 	131.552277 	37.000000 	9.000000 	119.603508 	22.803509 	141.014191 	132.245987 	86.821655 	114.214706 	140.185593 	33.955853 	80.622574 	12.806249 	135.059250 	23.000000 	32.249031 	48.507732 	
125.872955 	57.801384 	11.704700 	125.992065 	61.773781 	61.294373 	14.142136 	102.649887 	31.384710 	26.925823 	71.063354 	84.646324 	154.466827 	153.717270 	110.208893 	5.830952 	102.625534 	46.818798 	93.648277 	115.433968 	117.413795 	151.327454 	112.329872 	98.615417 	108.452751 	27.892651 	152.029602 	9.219544 	55.973209 	142.341141 	18.248287 	999.000000 	131.654846 	81.939003 	154.155762 	146.577621 	55.081757 	27.166155 	135.247925 	5.000000 	155.569916 	147.322769 	103.831596 	130.207520 	154.896744 	52.172791 	97.943863 	9.433981 	150.233154 	41.109608 	50.487621 	66.708321 	
17.000000 	74.953316 	121.827744 	10.440307 	71.449280 	72.180328 	117.613777 	29.832869 	102.927162 	109.077957 	60.605282 	47.010635 	34.014702 	33.015148 	22.022715 	131.015259 	31.064449 	88.526833 	41.340054 	17.492855 	15.264338 	26.172504 	21.470911 	36.715118 	25.942244 	106.775467 	26.305893 	123.434196 	81.215759 	13.341664 	116.043098 	131.654846 	999.000000 	56.435802 	26.925823 	17.088007 	83.600243 	109.622078 	3.605551 	136.652847 	28.160255 	17.464249 	34.176014 	5.385165 	26.570660 	88.005684 	41.785164 	128.817703 	19.723083 	100.424103 	91.836815 	77.025970 	
58.463665 	25.317978 	74.330345 	55.027267 	21.213203 	21.377558 	68.949257 	27.513634 	59.304298 	65.490456 	23.323807 	21.931713 	87.281158 	86.330757 	34.928497 	82.873398 	25.495098 	35.355339 	15.231546 	38.948685 	41.182522 	81.154175 	34.985710 	19.723083 	30.528675 	54.589375 	81.541397 	72.917763 	26.627054 	69.318108 	64.412735 	81.939003 	56.435802 	999.000000 	82.764725 	73.355301 	28.425341 	56.603886 	59.682495 	86.815895 	84.095184 	73.824112 	23.345236 	53.254108 	82.734512 	32.557640 	16.401220 	77.025970 	76.157730 	45.343136 	36.069378 	20.591261 	
28.425341 	99.201813 	143.683685 	28.600698 	96.020828 	96.834908 	140.014282 	55.470715 	124.084648 	129.957687 	83.630135 	70.434364 	11.313708 	10.630146 	47.853943 	152.898666 	57.271286 	113.225441 	67.542580 	44.011364 	41.785164 	4.000000 	48.104053 	63.158531 	52.554733 	130.728729 	3.000000 	146.413803 	106.531685 	13.601471 	139.603012 	154.155762 	26.925823 	82.764725 	999.000000 	10.049875 	109.077957 	133.843185 	24.331051 	159.113174 	1.414214 	10.000000 	61.032780 	31.400637 	2.236068 	113.534134 	68.622154 	152.226807 	9.486833 	125.642349 	117.477661 	103.315056 	
22.472204 	90.785461 	136.359818 	20.615528 	87.458565 	88.238312 	132.457535 	46.324940 	117.004272 	123.004066 	75.663727 	62.241467 	19.313208 	18.384777 	38.587563 	145.578156 	47.885281 	104.637466 	58.180752 	34.438351 	32.202484 	10.440307 	38.483765 	53.665630 	42.953465 	122.494896 	10.198039 	138.621780 	97.652443 	4.242640 	131.552277 	146.577621 	17.088007 	73.355301 	10.049875 	999.000000 	100.124924 	125.495018 	14.317822 	151.558563 	11.180340 	1.000000 	51.264023 	21.377558 	9.486833 	104.560989 	58.872746 	144.256714 	4.123106 	116.828934 	108.452751 	93.941475 	
82.764725 	14.317822 	49.162994 	80.622574 	15.033297 	14.035668 	43.289722 	53.823788 	38.897301 	44.147480 	30.066593 	40.162170 	112.258629 	111.359779 	61.611687 	56.885849 	52.630791 	9.055386 	42.520584 	66.219330 	68.410522 	107.042046 	62.481998 	47.423622 	58.137768 	27.202942 	107.540688 	45.880280 	3.000000 	95.963531 	37.000000 	55.081757 	83.600243 	28.425341 	109.077957 	100.124924 	999.000000 	28.635643 	87.005745 	59.774578 	110.453613 	100.687637 	51.662365 	80.919716 	109.293182 	4.472136 	44.821869 	49.244289 	103.227905 	16.970562 	8.544003 	12.000000 	
106.254410 	34.713108 	24.351591 	105.261581 	38.183765 	37.483330 	18.384777 	79.906197 	26.400757 	27.802877 	50.477718 	63.411354 	135.624481 	134.792435 	87.681244 	30.066593 	79.309517 	21.400934 	69.656296 	92.655273 	94.762863 	131.400146 	89.196411 	74.652527 	85.041168 	4.000000 	132.003784 	18.027756 	30.016663 	121.264175 	9.000000 	27.166155 	109.622078 	56.603886 	133.843185 	125.495018 	28.635643 	999.000000 	113.145920 	31.575306 	135.247925 	126.150703 	79.404030 	107.517441 	134.316788 	25.298222 	72.945183 	20.615528 	128.887543 	14.000000 	23.345236 	39.849716 	
18.973665 	78.492035 	125.431259 	13.038404 	74.966660 	75.690155 	121.210564 	33.301651 	106.531685 	112.680969 	64.202805 	50.606323 	32.249031 	31.257000 	25.495098 	134.617981 	34.409302 	92.021736 	44.654228 	20.808653 	18.601076 	24.000000 	24.698177 	39.962482 	29.154760 	110.317726 	24.020824 	127.015747 	84.646324 	11.000000 	119.603508 	135.247925 	3.605551 	59.682495 	24.331051 	14.317822 	87.005745 	113.145920 	999.000000 	140.246216 	25.495098 	14.560220 	37.161808 	7.071068 	23.769728 	91.400215 	44.777225 	132.382019 	16.552946 	103.855667 	95.210297 	80.262070 	
130.816666 	62.769421 	16.124516 	130.969467 	66.730804 	66.241982 	19.104973 	107.647575 	36.055511 	31.304953 	76.059189 	89.643738 	159.364365 	158.619034 	115.208504 	8.062258 	107.615051 	51.623638 	98.615417 	120.432556 	122.413231 	156.272202 	117.324333 	103.585716 	113.441612 	32.572994 	156.977707 	13.928389 	60.745369 	147.322769 	22.803509 	5.000000 	136.652847 	86.815895 	159.113174 	151.558563 	59.774578 	31.575306 	140.246216 	999.000000 	160.527252 	152.305618 	108.784187 	135.207245 	159.862442 	56.753853 	102.859123 	12.165525 	155.219193 	45.398239 	54.918121 	71.309189 	
29.832869 	100.603180 	145.096527 	30.000000 	97.416634 	98.229324 	141.428421 	56.824291 	125.495018 	131.365906 	85.041168 	71.840103 	11.401754 	10.816654 	49.193497 	154.311371 	58.600342 	114.621117 	68.876701 	45.310043 	43.081318 	5.099020 	49.396355 	64.474800 	53.851646 	132.136292 	4.123106 	147.827606 	107.912003 	14.866069 	141.014191 	155.569916 	28.160255 	84.095184 	1.414214 	11.180340 	110.453613 	135.247925 	25.495098 	160.527252 	999.000000 	11.045361 	62.297672 	32.557640 	2.236068 	114.908661 	69.892776 	153.639191 	10.198039 	127.027557 	118.848640 	104.651802 	
23.409399 	91.438507 	137.131317 	21.400934 	88.090858 	88.865067 	133.206604 	46.872166 	117.800682 	123.810341 	76.380623 	62.936478 	19.697716 	18.788294 	39.115215 	146.348892 	48.373547 	105.261581 	58.668560 	34.885529 	32.649654 	10.770329 	38.910152 	54.120235 	43.382023 	123.166557 	10.440307 	139.344894 	98.229324 	5.000000 	132.245987 	147.322769 	17.464249 	73.824112 	10.000000 	1.000000 	100.687637 	126.150703 	14.560220 	152.305618 	11.045361 	999.000000 	51.623638 	21.587032 	9.219544 	105.118980 	59.236813 	144.958618 	3.162278 	117.413795 	109.000000 	94.413979 	
40.112343 	46.065170 	95.341492 	35.057095 	42.059483 	42.544094 	90.338257 	11.401754 	78.447433 	84.770279 	36.345562 	25.179358 	66.910385 	65.924202 	15.132746 	104.216118 	7.810250 	58.008621 	10.440307 	17.262676 	19.416489 	59.908264 	13.152946 	6.000000 	9.000000 	77.103828 	60.166435 	95.015785 	49.678970 	47.434166 	86.821655 	103.831596 	34.176014 	23.345236 	61.032780 	51.264023 	51.662365 	79.404030 	37.161808 	108.784187 	62.297672 	51.623638 	999.000000 	30.413813 	60.745369 	55.865910 	7.615773 	99.569069 	53.712196 	68.622154 	59.413803 	43.600460 	
21.400934 	73.000000 	120.652390 	14.422205 	69.354164 	70.035706 	116.249733 	27.658634 	102.083298 	108.300507 	59.363289 	45.793011 	39.115215 	38.118237 	20.000000 	129.799850 	28.319605 	86.267029 	38.418747 	14.866069 	12.806249 	31.016125 	18.439089 	33.600594 	22.803509 	104.804581 	31.064449 	121.823647 	78.644768 	18.027756 	114.214706 	130.207520 	5.385165 	53.254108 	31.400637 	21.377558 	80.919716 	107.517441 	7.071068 	135.207245 	32.557640 	21.587032 	30.413813 	999.000000 	30.805843 	85.276024 	38.013157 	127.015747 	23.409399 	97.836601 	89.022469 	73.783470 	
29.410883 	99.639351 	144.499130 	29.068884 	96.400208 	97.200821 	140.758652 	55.569775 	124.963997 	130.873978 	84.219948 	70.936592 	13.453624 	12.806249 	47.885281 	153.717270 	57.245087 	113.600174 	67.535179 	43.863426 	41.629318 	6.082763 	47.927029 	63.071388 	52.392746 	131.244049 	5.099020 	147.085007 	106.780151 	13.416408 	140.185593 	154.896744 	26.570660 	82.734512 	2.236068 	9.486833 	109.293182 	134.316788 	23.769728 	159.862442 	2.236068 	9.219544 	60.745369 	30.805843 	999.000000 	113.740936 	68.352028 	152.839783 	8.062258 	125.924583 	117.660530 	103.310211 	
87.235313 	18.027756 	47.000000 	85.088188 	19.235384 	18.248287 	41.012192 	58.249462 	38.483765 	43.324360 	34.234486 	44.598206 	116.730461 	115.831772 	66.030296 	54.332310 	57.008770 	8.602325 	46.861500 	70.604530 	72.801102 	111.507851 	66.843102 	51.739735 	62.481998 	24.331051 	112.004463 	42.953465 	7.280110 	100.404182 	33.955853 	52.172791 	88.005684 	32.557640 	113.534134 	104.560989 	4.472136 	25.298222 	91.400215 	56.753853 	114.908661 	105.118980 	55.865910 	85.276024 	113.740936 	999.000000 	48.918301 	45.880280 	107.647575 	12.806249 	4.123106 	14.560220 	
47.000000 	40.496914 	89.888817 	42.296574 	36.400551 	36.769554 	84.693565 	16.492422 	73.756355 	80.049988 	33.060551 	24.166092 	74.330345 	73.348480 	22.022715 	98.615417 	13.152946 	51.623638 	8.062258 	24.738634 	26.925823 	67.446274 	20.615528 	7.615773 	16.278820 	70.830788 	67.720009 	89.005615 	43.011627 	55.027267 	80.622574 	97.943863 	41.785164 	16.401220 	68.622154 	58.872746 	44.821869 	72.945183 	44.777225 	102.859123 	69.892776 	59.236813 	7.615773 	38.013157 	68.352028 	48.918301 	999.000000 	93.295227 	61.326992 	61.717098 	52.345009 	36.235340 	
124.197426 	54.037025 	16.492422 	123.794182 	57.801384 	57.201397 	15.132746 	99.357941 	32.984844 	30.066593 	68.622154 	82.024384 	153.222061 	152.433594 	107.056061 	14.866069 	99.020203 	41.677334 	89.627007 	112.160599 	114.214706 	149.576065 	108.853111 	94.625580 	104.809349 	22.472204 	150.233154 	7.071068 	50.537113 	140.014282 	12.806249 	9.433981 	128.817703 	77.025970 	152.226807 	144.256714 	49.244289 	20.615528 	132.382019 	12.165525 	153.639191 	144.958618 	99.569069 	127.015747 	152.839783 	45.880280 	93.295227 	999.000000 	147.787003 	33.955853 	43.680660 	60.406952 	
26.570660 	94.175369 	140.089264 	24.413111 	90.785461 	91.547798 	136.124939 	49.406479 	120.801491 	126.826653 	79.246452 	65.764732 	20.248457 	19.416489 	41.617306 	149.305054 	50.774010 	107.935165 	61.057350 	37.215588 	34.985710 	11.401754 	41.182522 	56.435802 	45.650848 	125.936493 	10.816654 	142.214630 	100.801788 	8.062258 	135.059250 	150.233154 	19.723083 	76.157730 	9.486833 	4.123106 	103.227905 	128.887543 	16.552946 	155.219193 	10.198039 	3.162278 	53.712196 	23.409399 	8.062258 	107.647575 	61.326992 	147.787003 	999.000000 	120.000000 	111.503365 	96.747093 	
98.883774 	27.513634 	37.854988 	97.097885 	29.966648 	29.068884 	31.780497 	70.604530 	34.655445 	38.013157 	44.271889 	55.901699 	128.413391 	127.534309 	78.409180 	44.045429 	69.526970 	13.341664 	59.464275 	83.096329 	85.276024 	123.490891 	79.397736 	64.381676 	75.073296 	14.560220 	124.020157 	32.015621 	19.209373 	112.645462 	23.000000 	41.109608 	100.424103 	45.343136 	125.642349 	116.828934 	16.970562 	14.000000 	103.855667 	45.398239 	127.027557 	117.413795 	68.622154 	97.836601 	125.924583 	12.806249 	61.717098 	33.955853 	120.000000 	999.000000 	9.848858 	26.832815 	
91.285271 	22.000000 	46.173584 	89.067390 	23.345236 	22.360680 	40.112343 	62.128899 	39.446167 	43.863426 	38.327538 	48.703182 	120.768372 	119.866592 	69.892776 	53.037724 	60.802959 	10.816654 	50.606323 	74.404305 	76.609398 	115.485931 	70.604530 	55.443665 	66.219330 	23.000000 	115.974136 	41.303753 	11.401754 	104.307236 	32.249031 	50.487621 	91.836815 	36.069378 	117.477661 	108.452751 	8.544003 	23.345236 	95.210297 	54.918121 	118.848640 	109.000000 	59.413803 	89.022469 	117.660530 	4.123106 	52.345009 	43.680660 	111.503365 	9.848858 	999.000000 	17.000000 	
78.447433 	20.518284 	61.131008 	75.392311 	18.601076 	17.804493 	55.226807 	47.927029 	50.447994 	55.901699 	31.622776 	38.013157 	107.563934 	106.625511 	55.461697 	68.731361 	46.065170 	21.023796 	35.777088 	59.539902 	61.773781 	101.636604 	55.569775 	40.311287 	51.107731 	38.832977 	102.044106 	57.489128 	12.369317 	89.894379 	48.507732 	66.708321 	77.025970 	20.591261 	103.315056 	93.941475 	12.000000 	39.849716 	80.262070 	71.309189 	104.651802 	94.413979 	43.600460 	73.783470 	103.310211 	14.560220 	36.235340 	60.406952 	96.747093 	26.832815 	17.000000 	999.000000 	

Travel time:
9.000000 	1.796698 	2.882816 	0.176777 	1.724094 	1.745888 	2.793295 	0.781425 	2.391783 	2.538331 	1.395081 	1.076162 	0.738241 	0.716327 	0.625500 	3.113077 	0.851469 	2.152324 	1.089151 	0.594243 	0.553399 	0.636396 	0.686477 	1.002809 	0.778621 	2.575121 	0.654313 	2.956455 	2.001406 	0.467039 	2.791617 	3.146824 	0.425000 	1.461592 	0.710634 	0.561805 	2.069118 	2.656360 	0.474342 	3.270417 	0.745822 	0.585235 	1.002809 	0.535023 	0.735272 	2.180883 	1.175000 	3.104936 	0.664266 	2.472094 	2.282132 	1.961186 	
1.796698 	9.000000 	1.234909 	1.765113 	0.103078 	0.100000 	1.107080 	1.133578 	0.851469 	1.004987 	0.419076 	0.721110 	2.533895 	2.512469 	1.326885 	1.454519 	1.125000 	0.357946 	0.896172 	1.453444 	1.505199 	2.420873 	1.370447 	1.020416 	1.270089 	0.795692 	2.435416 	1.227294 	0.285044 	2.163908 	1.030776 	1.445035 	1.873833 	0.632949 	2.480045 	2.269637 	0.357946 	0.867828 	1.962301 	1.569236 	2.515079 	2.285963 	1.151629 	1.825000 	2.490984 	0.450694 	1.012423 	1.350926 	2.354384 	0.687841 	0.550000 	0.512957 	
2.882816 	1.234909 	9.000000 	2.893635 	1.337208 	1.328533 	0.152069 	2.332381 	0.500000 	0.380789 	1.532359 	1.872164 	3.590700 	3.572464 	2.517563 	0.230489 	2.338402 	1.007782 	2.125000 	2.650000 	2.697800 	3.518966 	2.576941 	2.247499 	2.484074 	0.583631 	3.537125 	0.257391 	1.237437 	3.303407 	0.403113 	0.292617 	3.045694 	1.858259 	3.592092 	3.408995 	1.229075 	0.608790 	3.135782 	0.403113 	3.627413 	3.428283 	2.383537 	3.016310 	3.612478 	1.175000 	2.247221 	0.412311 	3.502232 	0.946375 	1.154340 	1.528275 	
0.176777 	1.765113 	2.893635 	9.000000 	1.685601 	1.706055 	2.796650 	0.687841 	2.410005 	2.560395 	1.379311 	1.046721 	0.807001 	0.783023 	0.509902 	3.124100 	0.745822 	2.115715 	0.996243 	0.450694 	0.403113 	0.660492 	0.550000 	0.897566 	0.651920 	2.554408 	0.673146 	2.952224 	1.950801 	0.410031 	2.778151 	3.149802 	0.261008 	1.375682 	0.715017 	0.515388 	2.015564 	2.631540 	0.325960 	3.274237 	0.750000 	0.535023 	0.876427 	0.360555 	0.726722 	2.127205 	1.057414 	3.094855 	0.610328 	2.427447 	2.226685 	1.884808 	
1.724094 	0.103078 	1.337208 	1.685601 	9.000000 	0.025000 	1.208305 	1.043132 	0.952956 	1.107080 	0.375832 	0.648556 	2.462214 	2.440415 	1.237437 	1.556037 	1.030776 	0.430116 	0.797653 	1.362213 	1.414655 	2.343608 	1.277204 	0.922293 	1.175266 	0.886707 	2.357568 	1.325000 	0.301040 	2.081015 	1.125000 	1.544345 	1.786232 	0.530330 	2.400521 	2.186464 	0.375832 	0.954594 	1.874166 	1.668270 	2.435416 	2.202271 	1.051487 	1.733854 	2.410005 	0.480885 	0.910014 	1.445035 	2.269637 	0.749166 	0.583631 	0.465027 	
1.745888 	0.100000 	1.328533 	1.706055 	0.025000 	9.000000 	1.198176 	1.060660 	0.951315 	1.104536 	0.400780 	0.670820 	2.484074 	2.462214 	1.255239 	1.546165 	1.046721 	0.410031 	0.811249 	1.379311 	1.432000 	2.364450 	1.293493 	0.936082 	1.190850 	0.870704 	2.378287 	1.311964 	0.276134 	2.100595 	1.110180 	1.532359 	1.804508 	0.534439 	2.420873 	2.205958 	0.350892 	0.937083 	1.892254 	1.656049 	2.455733 	2.221627 	1.063602 	1.750893 	2.430021 	0.456207 	0.919239 	1.430035 	2.288695 	0.726722 	0.559017 	0.445112 	
2.793295 	1.107080 	0.152069 	2.796650 	1.208305 	1.198176 	9.000000 	2.218812 	0.450694 	0.375000 	1.425219 	1.765113 	3.508917 	3.490075 	2.406502 	0.348210 	2.220923 	0.863134 	2.001562 	2.537838 	2.586745 	3.429650 	2.461961 	2.125000 	2.366696 	0.431567 	3.447191 	0.201556 	1.093446 	3.205561 	0.265754 	0.353553 	2.940344 	1.723731 	3.500357 	3.311438 	1.082243 	0.459619 	3.030264 	0.477624 	3.535711 	3.330165 	2.258456 	2.906243 	3.518966 	1.025305 	2.117339 	0.378319 	3.403123 	0.794512 	1.002809 	1.380670 	
0.781425 	1.133578 	2.332381 	0.687841 	1.043132 	1.060660 	2.218812 	9.000000 	1.878829 	2.035927 	0.805062 	0.474342 	1.494365 	1.470544 	0.195256 	2.559907 	0.090139 	1.468205 	0.309233 	0.320156 	0.371652 	1.342805 	0.246221 	0.226385 	0.175000 	1.928892 	1.353237 	2.355048 	1.285010 	1.054751 	2.163908 	2.566247 	0.745822 	0.687841 	1.386768 	1.158123 	1.345595 	1.997655 	0.832541 	2.691189 	1.420607 	1.171804 	0.285044 	0.691466 	1.389244 	1.456237 	0.412311 	2.483948 	1.235162 	1.765113 	1.553222 	1.198176 	
2.391783 	0.851469 	0.500000 	2.410005 	0.952956 	0.951315 	0.450694 	1.878829 	9.000000 	0.158114 	1.073837 	1.408900 	3.094047 	3.076118 	2.057456 	0.726722 	1.894235 	0.752080 	1.700184 	2.191461 	2.236767 	3.027066 	2.125000 	1.818310 	2.038535 	0.570636 	3.045694 	0.649038 	0.951972 	2.820018 	0.602080 	0.784618 	2.573179 	1.482607 	3.102116 	2.925107 	0.972432 	0.660019 	2.663292 	0.901388 	3.137375 	2.945017 	1.961186 	2.552083 	3.124100 	0.962094 	1.843909 	0.824621 	3.020037 	0.866386 	0.986154 	1.261200 	
2.538331 	1.004987 	0.380789 	2.560395 	1.107080 	1.104536 	0.375000 	2.035927 	0.158114 	9.000000 	1.231107 	1.565248 	3.235062 	3.217530 	2.213736 	0.596343 	2.051981 	0.879275 	1.858259 	2.347871 	2.392828 	3.172637 	2.282132 	1.976424 	2.196162 	0.618971 	3.191591 	0.575543 	1.089151 	2.970269 	0.585235 	0.673146 	2.726949 	1.637261 	3.248942 	3.075102 	1.103687 	0.695072 	2.817024 	0.782624 	3.284148 	3.095258 	2.119257 	2.707513 	3.271849 	1.083109 	2.001250 	0.751665 	3.170666 	0.950329 	1.096586 	1.397542 	
1.395081 	0.419076 	1.532359 	1.379311 	0.375832 	0.400780 	1.425219 	0.805062 	1.073837 	1.231107 	9.000000 	0.340037 	2.128673 	2.107872 	0.986154 	1.761391 	0.822344 	0.775403 	0.651920 	1.119431 	1.166190 	2.026388 	1.051190 	0.760345 	0.965660 	1.180042 	2.042211 	1.574206 	0.676849 	1.785532 	1.399330 	1.776584 	1.515132 	0.583095 	2.090753 	1.891593 	0.751665 	1.261943 	1.605070 	1.901480 	2.126029 	1.909516 	0.908639 	1.484082 	2.105499 	0.855862 	0.826514 	1.715554 	1.981161 	1.106797 	0.958188 	0.790569 	
1.076162 	0.721110 	1.872164 	1.046721 	0.648556 	0.670820 	1.765113 	0.474342 	1.408900 	1.565248 	0.340037 	9.000000 	1.814008 	1.792345 	0.648556 	2.101339 	0.505594 	1.076162 	0.403887 	0.782624 	0.828025 	1.700184 	0.719809 	0.480885 	0.642748 	1.507689 	1.715007 	1.912132 	0.933408 	1.450000 	1.732772 	2.116158 	1.175266 	0.548293 	1.760859 	1.556037 	1.004054 	1.585284 	1.265158 	2.241093 	1.796003 	1.573412 	0.629484 	1.144825 	1.773415 	1.114955 	0.604152 	2.050610 	1.644118 	1.397542 	1.217580 	0.950329 	
0.738241 	2.533895 	3.590700 	0.807001 	2.462214 	2.484074 	3.508917 	1.494365 	3.094047 	3.235062 	2.128673 	1.814008 	9.000000 	0.025000 	1.315770 	3.819849 	1.552418 	2.890069 	1.803122 	1.241219 	1.187960 	0.223607 	1.343968 	1.703856 	1.451293 	3.307756 	0.235850 	3.678060 	2.739183 	0.534439 	3.520032 	3.861671 	0.850368 	2.182029 	0.282843 	0.482830 	2.806466 	3.390612 	0.806226 	3.984109 	0.285044 	0.492443 	1.672760 	0.977880 	0.336341 	2.918262 	1.858259 	3.830552 	0.506211 	3.210335 	3.019209 	2.689098 	
0.716327 	2.512469 	3.572464 	0.783023 	2.440415 	2.462214 	3.490075 	1.470544 	3.076118 	3.217530 	2.107872 	1.792345 	0.025000 	9.000000 	1.291559 	3.801727 	1.528275 	2.868471 	1.779220 	1.216552 	1.163239 	0.201556 	1.319327 	1.679658 	1.426753 	3.287191 	0.215058 	3.658722 	2.716846 	0.509902 	3.500000 	3.842932 	0.825379 	2.158269 	0.265754 	0.459619 	2.783994 	3.369811 	0.781425 	3.965476 	0.270416 	0.469707 	1.648105 	0.952956 	0.320156 	2.895794 	1.833712 	3.810840 	0.485412 	3.188358 	2.996665 	2.665638 	
0.625500 	1.326885 	2.517563 	0.509902 	1.237437 	1.255239 	2.406502 	0.195256 	2.057456 	2.213736 	0.986154 	0.648556 	1.315770 	1.291559 	9.000000 	2.745906 	0.237171 	1.663205 	0.492443 	0.134629 	0.180278 	1.155963 	0.111803 	0.388104 	0.158114 	2.122499 	1.165386 	2.545707 	1.480076 	0.862047 	2.356507 	2.755222 	0.550568 	0.873212 	1.196349 	0.964689 	1.540292 	2.192031 	0.637377 	2.880213 	1.229837 	0.977880 	0.378319 	0.500000 	1.197132 	1.650757 	0.550568 	2.676402 	1.040433 	1.960230 	1.747319 	1.386542 	
3.113077 	1.454519 	0.230489 	3.124100 	1.556037 	1.546165 	0.348210 	2.559907 	0.726722 	0.596343 	1.761391 	2.101339 	3.819849 	3.801727 	2.745906 	9.000000 	2.564420 	1.206752 	2.347871 	2.878042 	2.926175 	3.749166 	2.804015 	2.470956 	2.710166 	0.751665 	3.767376 	0.309233 	1.437228 	3.533854 	0.527376 	0.145774 	3.275382 	2.071835 	3.822467 	3.639454 	1.422146 	0.751665 	3.365449 	0.201556 	3.857784 	3.658722 	2.605403 	3.244996 	3.842932 	1.358308 	2.465385 	0.371652 	3.732626 	1.101136 	1.325943 	1.718284 	
0.851469 	1.125000 	2.338402 	0.745822 	1.030776 	1.046721 	2.220923 	0.090139 	1.894235 	2.051981 	0.822344 	0.505594 	1.552418 	1.528275 	0.237171 	2.564420 	9.000000 	1.450000 	0.257391 	0.340037 	0.395285 	1.392839 	0.247487 	0.152069 	0.145774 	1.917355 	1.402007 	2.351197 	1.258223 	1.095730 	2.155371 	2.565638 	0.776611 	0.637377 	1.431782 	1.197132 	1.315770 	1.982738 	0.860233 	2.690376 	1.465008 	1.209339 	0.195256 	0.707990 	1.431127 	1.425219 	0.328824 	2.475505 	1.269350 	1.738174 	1.520074 	1.151629 	
2.152324 	0.357946 	1.007782 	2.115715 	0.430116 	0.410031 	0.863134 	1.468205 	0.752080 	0.879275 	0.775403 	1.076162 	2.890069 	2.868471 	1.663205 	1.206752 	1.450000 	9.000000 	1.206752 	1.785532 	1.838818 	2.773536 	1.697425 	1.331587 	1.592561 	0.480885 	2.787584 	0.942404 	0.230489 	2.510602 	0.726722 	1.170470 	2.213171 	0.883883 	2.830636 	2.615937 	0.226385 	0.535023 	2.300543 	1.290591 	2.865528 	2.631540 	1.450216 	2.156676 	2.840004 	0.215058 	1.290591 	1.041933 	2.698379 	0.333542 	0.270416 	0.525595 	
