Total assets = 678
Number of asset nodes = 34

Distance:
999.000000 	54.488529 	10.000000 	45.276924 	59.396969 	40.804413 	18.867962 	8.602325 	68.680420 	52.201534 	47.507893 	70.292244 	24.083189 	6.082763 	34.828148 	85.982559 	28.231188 	21.023796 	86.278618 	16.124516 	15.231546 	29.068884 	80.808418 	38.897301 	75.000000 	31.622776 	27.892651 	30.594116 	30.413813 	41.436699 	26.400757 	31.400637 	29.000000 	28.635643 	58.694122 	62.361847 	33.286633 	46.389652 	36.235340 	53.000000 	46.572525 	47.539455 	39.623226 	61.204575 	61.000000 	43.863426 	52.478565 	57.271286 	56.435802 	59.615433 	65.306969 	
54.488529 	999.000000 	44.687805 	9.848858 	5.385165 	16.492422 	73.109505 	56.859474 	15.231546 	106.216759 	101.833199 	17.720045 	40.162170 	50.990196 	19.849434 	33.526108 	81.055534 	44.011364 	32.015621 	53.225933 	62.265560 	82.800964 	27.294687 	28.000000 	23.537205 	84.314888 	48.052055 	82.152298 	81.633324 	34.234486 	52.630791 	45.398239 	78.294319 	74.732857 	32.802441 	32.526913 	70.604530 	46.872166 	69.426216 	43.081318 	52.611786 	52.773098 	69.720871 	42.438190 	46.647614 	70.178345 	67.475922 	65.734314 	69.050705 	65.520988 	71.470276 	
10.000000 	44.687805 	999.000000 	35.355339 	49.517673 	30.805843 	28.425341 	13.341664 	58.728188 	62.201286 	57.489128 	60.307545 	16.492422 	9.000000 	25.238859 	76.661591 	38.013157 	14.764823 	76.367531 	15.231546 	20.099751 	38.275318 	70.837845 	29.614185 	65.000000 	40.249222 	23.021729 	38.626415 	38.275318 	33.000000 	23.345236 	25.495098 	35.902645 	34.058773 	49.648766 	53.150730 	35.440090 	39.849716 	37.161808 	45.398239 	41.146080 	42.047592 	39.824615 	53.009434 	53.338543 	43.266617 	49.578220 	53.254108 	53.263496 	55.226807 	61.294373 	
45.276924 	9.848858 	35.355339 	999.000000 	14.212670 	7.000000 	63.702435 	47.201694 	23.430750 	97.308784 	92.763138 	25.238859 	30.364452 	42.201897 	11.704700 	43.324360 	72.422371 	34.176014 	41.012192 	43.382023 	52.478565 	73.246162 	35.608986 	19.416489 	30.413813 	74.632431 	38.470768 	72.401657 	71.867935 	26.248810 	42.953465 	36.055511 	68.476273 	64.884514 	29.410883 	30.413813 	60.876926 	39.217342 	59.841457 	36.891735 	44.643028 	44.922153 	60.299255 	38.209946 	41.773197 	61.008198 	59.228371 	58.189346 	61.131008 	58.309521 	64.474800 	
59.396969 	5.385165 	49.517673 	14.212670 	999.000000 	20.124611 	77.897369 	61.400326 	9.848858 	111.287918 	106.831642 	12.369317 	43.863426 	56.080299 	25.000000 	30.413813 	86.214851 	47.853943 	26.907248 	57.306194 	66.573265 	87.458565 	21.954498 	30.413813 	18.248287 	88.814415 	51.244511 	86.533234 	85.982559 	36.013885 	55.973209 	48.270073 	82.492424 	78.714676 	31.764761 	30.805843 	74.000000 	48.166378 	72.532753 	43.416588 	54.083271 	54.147945 	72.567207 	41.593269 	46.097721 	72.691124 	69.065186 	66.753281 	70.349129 	66.287254 	72.034714 	
40.804413 	16.492422 	30.805843 	7.000000 	20.124611 	999.000000 	58.728188 	41.773197 	28.425341 	93.005379 	88.238312 	29.698484 	23.769728 	38.470768 	11.401754 	50.000000 	68.600288 	27.730848 	46.227695 	37.215588 	46.615448 	67.941154 	40.311287 	12.649111 	34.205261 	69.028976 	31.575306 	66.610809 	66.030296 	19.697716 	36.138622 	29.068884 	62.433964 	58.591808 	26.000000 	27.892651 	54.120235 	32.695564 	52.952808 	31.240999 	37.947330 	38.275318 	53.338543 	33.837849 	36.878178 	54.009258 	52.392746 	51.623638 	54.405884 	51.894123 	58.137768 	
18.867962 	73.109505 	28.425341 	63.702435 	77.897369 	58.728188 	999.000000 	17.492855 	86.977005 	35.341194 	30.016663 	88.413803 	38.470768 	23.769728 	53.600372 	104.847511 	16.763054 	34.438351 	104.690018 	25.298222 	16.124516 	10.440307 	99.005051 	54.708317 	92.849342 	14.000000 	38.078865 	14.560220 	14.866069 	55.542778 	34.365681 	42.449970 	16.401220 	20.000000 	73.409805 	77.388626 	30.463093 	56.885849 	35.114101 	65.000000 	55.145264 	56.142673 	39.217342 	74.040527 	72.780495 	44.271889 	56.089214 	62.514000 	60.207973 	65.375839 	70.035706 	
8.602325 	56.859474 	13.341664 	47.201694 	61.400326 	41.773197 	17.492855 	999.000000 	70.178345 	52.773098 	47.507893 	71.449280 	21.023796 	14.317822 	38.013157 	89.470665 	31.257000 	17.088007 	87.965904 	9.055386 	7.071068 	26.172504 	82.073135 	37.215588 	75.690155 	27.459061 	22.000000 	25.495098 	25.079872 	38.275318 	19.416489 	26.076809 	22.561028 	21.023796 	56.080299 	60.008331 	24.698177 	41.012192 	27.658634 	48.507732 	40.311287 	41.303753 	31.112698 	57.271286 	56.435802 	35.468296 	44.721359 	49.979996 	48.754486 	52.497620 	57.939625 	
68.680420 	15.231546 	58.728188 	23.430750 	9.848858 	28.425341 	86.977005 	70.178345 	999.000000 	120.739388 	116.180893 	3.162278 	51.623638 	65.604881 	34.669872 	26.305893 	95.801880 	55.758408 	17.804493 	65.459915 	75.000000 	96.332756 	12.206555 	36.769554 	9.055386 	97.452553 	58.180752 	95.000000 	94.403389 	41.231056 	63.071388 	54.781384 	90.697296 	86.608315 	32.557640 	30.364452 	81.024689 	52.239830 	79.120163 	46.043457 	58.309521 	58.215118 	78.746429 	42.201897 	47.074409 	78.339005 	73.246162 	70.007141 	74.027023 	69.115845 	74.431175 	
52.201534 	106.216759 	62.201286 	97.308784 	111.287918 	93.005379 	35.341194 	52.773098 	120.739388 	999.000000 	6.000000 	122.441826 	73.790245 	55.226807 	86.371292 	136.124939 	25.612497 	69.778221 	138.191895 	60.539242 	50.921509 	29.427877 	132.909744 	89.944427 	127.200630 	32.015621 	73.054771 	36.013885 	37.013512 	90.873535 	68.963760 	77.491936 	42.047592 	48.093658 	108.747414 	112.729767 	60.074955 	91.482239 	65.069191 	99.929977 	89.050545 	90.027771 	69.028976 	109.110039 	107.563934 	74.006760 	87.091904 	94.260277 	91.049438 	97.329338 	101.044548 	
47.507893 	101.833199 	57.489128 	92.763138 	106.831642 	88.238312 	30.016663 	47.507893 	116.180893 	6.000000 	999.000000 	117.796432 	68.476273 	50.931328 	82.024384 	132.279999 	22.360680 	64.412735 	133.734818 	55.036350 	45.310043 	23.537205 	128.316010 	84.723076 	122.441826 	26.019224 	67.416618 	30.016663 	31.016125 	85.428329 	63.245552 	71.867935 	36.055511 	42.107006 	103.315056 	107.331261 	54.083271 	85.726311 	59.076221 	94.244362 	83.198555 	84.172440 	63.031738 	103.464973 	101.833199 	68.007355 	81.098709 	88.277969 	85.052925 	91.350975 	95.047356 	
70.292244 	17.720045 	60.307545 	25.238859 	12.369317 	29.698484 	88.413803 	71.449280 	3.162278 	122.441826 	117.796432 	999.000000 	52.430908 	67.424034 	36.715118 	27.892651 	97.652443 	56.612720 	17.000000 	66.400299 	76.059189 	97.621719 	10.630146 	37.121422 	6.000000 	98.595131 	58.591808 	96.046867 	95.425362 	41.109608 	63.529522 	55.036350 	91.607857 	87.367043 	31.144823 	28.635643 	81.394104 	51.623638 	79.309517 	45.011108 	57.706154 	57.558666 	78.771820 	40.607880 	45.541191 	78.160095 	72.560318 	69.028976 	73.171036 	68.007355 	73.171036 	
24.083189 	40.162170 	16.492422 	30.364452 	43.863426 	23.769728 	38.470768 	21.023796 	51.623638 	73.790245 	68.476273 	52.430908 	999.000000 	25.317978 	25.079872 	73.681747 	51.662365 	4.242640 	69.339745 	14.142136 	24.083189 	46.400433 	63.007935 	16.401220 	56.080299 	46.690472 	9.486833 	43.863426 	43.185646 	17.464249 	13.000000 	9.899495 	39.204590 	34.985710 	35.114101 	39.000000 	30.594116 	23.409399 	30.016663 	29.068884 	25.238859 	26.076809 	31.144823 	37.121422 	37.054016 	32.984844 	35.805027 	38.209946 	39.051247 	39.824615 	46.097721 	
6.082763 	50.990196 	9.000000 	42.201897 	56.080299 	38.470768 	23.769728 	14.317822 	65.604881 	55.226807 	50.931328 	67.424034 	25.317978 	999.000000 	31.144823 	81.608826 	30.232433 	23.086792 	82.975899 	20.518284 	21.189621 	34.176014 	77.801025 	38.470768 	72.401657 	37.107952 	30.870699 	36.345562 	36.221542 	42.000000 	30.232433 	33.837849 	35.014282 	34.713108 	58.549126 	61.983868 	38.948685 	48.507732 	41.617306 	54.332310 	49.396355 	50.328918 	44.821869 	62.008064 	62.289646 	48.836460 	56.612720 	60.901562 	60.464867 	63.063461 	68.963760 	
34.828148 	19.849434 	25.238859 	11.704700 	25.000000 	11.401754 	53.600372 	38.013157 	34.669872 	86.371292 	82.024384 	36.715118 	25.079872 	31.144823 	999.000000 	51.478149 	61.220913 	28.017851 	51.855568 	35.902645 	44.011364 	63.513779 	46.872166 	21.213203 	42.047592 	65.368187 	34.365681 	63.505905 	63.071388 	28.319605 	38.052597 	33.241539 	60.166435 	57.280014 	37.336308 	39.293766 	55.145264 	40.804413 	55.009090 	41.109608 	45.276924 	45.793011 	56.222771 	44.777225 	47.434166 	57.870544 	58.694122 	59.169250 	61.269894 	59.908264 	66.287254 	
85.982559 	33.526108 	76.661591 	43.324360 	30.413813 	50.000000 	104.847511 	89.470665 	26.305893 	136.124939 	132.279999 	27.892651 	73.681747 	81.608826 	51.478149 	999.000000 	110.535065 	77.491936 	19.209373 	86.539009 	95.273293 	114.908661 	23.600847 	60.827625 	29.966648 	116.846054 	81.492332 	114.947815 	114.490173 	66.272163 	86.127815 	78.644768 	111.400177 	108.078674 	58.855755 	56.515484 	104.120125 	78.006409 	102.839684 	72.249565 	84.023804 	84.005951 	102.961159 	68.447060 	73.348480 	103.097038 	99.020203 	96.130119 	100.019997 	95.336250 	100.717430 	
28.231188 	81.055534 	38.013157 	72.422371 	86.214851 	68.600288 	16.763054 	31.257000 	95.801880 	25.612497 	22.360680 	97.652443 	51.662365 	30.232433 	61.220913 	110.535065 	999.000000 	48.052055 	113.070778 	40.112343 	32.140316 	19.849434 	108.004631 	67.067131 	102.625534 	24.839485 	53.150730 	27.586229 	28.319605 	69.123077 	50.000000 	57.314919 	31.622776 	36.235340 	86.683334 	90.443352 	47.169907 	72.173401 	51.865211 	79.762146 	71.007042 	72.006943 	55.973209 	88.459030 	87.692642 	61.032780 	72.780495 	79.075912 	76.902534 	81.884064 	86.683334 	
21.023796 	44.011364 	14.764823 	34.176014 	47.853943 	27.730848 	34.438351 	17.088007 	55.758408 	69.778221 	64.412735 	56.612720 	4.242640 	23.086792 	28.017851 	77.491936 	48.052055 	999.000000 	73.498299 	9.899495 	19.849434 	42.201897 	67.201187 	20.615528 	60.307545 	42.449970 	8.485281 	39.623226 	38.948685 	21.189621 	10.440307 	10.770329 	35.000000 	30.886890 	39.000000 	42.953465 	27.166155 	25.495098 	27.073973 	32.015621 	26.400757 	27.313000 	28.635643 	40.447498 	40.012497 	31.016125 	35.383614 	38.600517 	38.897301 	40.496914 	46.615448 	
86.278618 	32.015621 	76.367531 	41.012192 	26.907248 	46.227695 	104.690018 	87.965904 	17.804493 	138.191895 	133.734818 	17.000000 	69.339745 	82.975899 	51.855568 	19.209373 	113.070778 	73.498299 	999.000000 	83.234612 	92.800865 	114.109596 	7.071068 	54.120235 	15.132746 	115.256233 	75.591003 	112.800713 	112.200714 	57.939625 	80.529495 	72.013885 	108.466583 	104.307236 	46.270943 	43.046486 	98.386993 	67.911705 	96.254868 	60.671246 	73.979729 	73.756355 	95.634720 	55.009090 	60.008331 	94.868332 	88.645363 	84.593147 	88.955048 	83.294655 	88.051125 	
16.124516 	53.225933 	15.231546 	43.382023 	57.306194 	37.215588 	25.298222 	9.055386 	65.459915 	60.539242 	55.036350 	66.400299 	14.142136 	20.518284 	35.902645 	86.539009 	40.112343 	9.899495 	83.234612 	999.000000 	10.000000 	32.449963 	77.006493 	30.479502 	70.178345 	32.557640 	13.038404 	29.732138 	29.068884 	30.413813 	10.440307 	17.262676 	25.238859 	21.540659 	48.301140 	52.354561 	20.396078 	32.062439 	21.931713 	39.812057 	31.257000 	32.249031 	24.698177 	48.764740 	47.675991 	28.425341 	36.359318 	41.231056 	40.311287 	43.657761 	49.244289 	
15.231546 	62.265560 	20.099751 	52.478565 	66.573265 	46.615448 	16.124516 	7.071068 	75.000000 	50.921509 	45.310043 	76.059189 	24.083189 	21.189621 	44.011364 	95.273293 	32.140316 	19.849434 	92.800865 	10.000000 	999.000000 	22.472204 	86.683334 	40.459858 	79.981247 	22.627417 	22.135944 	20.000000 	19.416489 	40.311287 	18.248287 	26.570660 	16.155495 	14.000000 	58.180752 	62.265560 	18.439089 	40.792156 	22.022715 	49.040798 	39.051247 	40.049969 	25.806976 	58.189346 	56.753853 	30.528675 	41.109608 	47.074409 	45.221676 	49.819675 	54.817879 	
29.068884 	82.800964 	38.275318 	73.246162 	87.458565 	67.941154 	10.440307 	26.172504 	96.332756 	29.427877 	23.537205 	97.621719 	46.400433 	34.176014 	63.513779 	114.908661 	19.849434 	42.201897 	114.109596 	32.449963 	22.472204 	999.000000 	108.245094 	62.801273 	101.833199 	5.000000 	44.283180 	8.062258 	8.944272 	62.769421 	39.924931 	48.754486 	13.341664 	19.104973 	80.622574 	84.723076 	31.064449 	62.297672 	36.055511 	70.936592 	59.665737 	60.638271 	40.112343 	80.230919 	78.434685 	45.177429 	58.008621 	65.030762 	62.032249 	68.066147 	72.027771 	
80.808418 	27.294687 	70.837845 	35.608986 	21.954498 	40.311287 	99.005051 	82.073135 	12.206555 	132.909744 	128.316010 	10.630146 	63.007935 	77.801025 	46.872166 	23.600847 	108.004631 	67.201187 	7.071068 	77.006493 	86.683334 	108.245094 	999.000000 	47.507893 	8.062258 	109.224541 	68.963760 	106.667709 	106.042442 	51.078373 	73.925636 	65.299309 	102.200783 	97.908119 	39.204590 	36.013885 	91.706055 	60.876926 	89.470665 	53.600372 	66.940269 	66.708321 	88.769363 	48.000000 	53.000000 	87.920418 	81.584312 	77.524193 	81.884064 	76.236473 	81.024689 	
38.897301 	28.000000 	29.614185 	19.416489 	30.413813 	12.649111 	54.708317 	37.215588 	36.769554 	89.944427 	84.723076 	37.121422 	16.401220 	38.470768 	21.213203 	60.827625 	67.067131 	20.615528 	54.120235 	30.479502 	40.459858 	62.801273 	47.507893 	999.000000 	40.224369 	63.031738 	21.470911 	60.108234 	59.396969 	7.211102 	26.419689 	18.027756 	55.226807 	50.606323 	20.099751 	23.537205 	44.283180 	20.124611 	42.379242 	20.000000 	25.298222 	25.632011 	42.201897 	25.000000 	26.832815 	42.296574 	39.812057 	39.000000 	41.761227 	39.357338 	45.650848 	
75.000000 	23.537205 	65.000000 	30.413813 	18.248287 	34.205261 	92.849342 	75.690155 	9.055386 	127.200630 	122.441826 	6.000000 	56.080299 	72.401657 	42.047592 	29.966648 	102.625534 	60.307545 	15.132746 	70.178345 	79.981247 	101.833199 	8.062258 	40.224369 	999.000000 	102.591423 	61.587337 	99.904953 	99.247169 	43.382023 	66.573265 	57.801384 	95.268044 	90.801979 	31.144823 	28.000000 	84.219948 	52.886673 	81.841309 	45.541191 	58.940647 	58.694122 	81.024689 	40.012497 	45.011108 	80.056229 	73.545906 	69.462219 	73.824112 	68.183578 	73.006851 	
31.622776 	84.314888 	40.249222 	74.632431 	88.814415 	69.028976 	14.000000 	27.459061 	97.452553 	32.015621 	26.019224 	98.595131 	46.690472 	37.107952 	65.368187 	116.846054 	24.839485 	42.449970 	115.256233 	32.557640 	22.627417 	5.000000 	109.224541 	63.031738 	102.591423 	999.000000 	43.566040 	4.000000 	5.000000 	62.425957 	38.948685 	48.020828 	10.049875 	16.124516 	80.156097 	84.314888 	28.071337 	60.926186 	33.060551 	69.778221 	57.870544 	58.821766 	37.013512 	79.158073 	77.077881 	42.000000 	55.081757 	62.289646 	59.033890 	65.375839 	69.028976 	
27.892651 	48.052055 	23.021729 	38.470768 	51.244511 	31.575306 	38.078865 	22.000000 	58.180752 	73.054771 	67.416618 	58.591808 	9.486833 	30.870699 	34.365681 	81.492332 	53.150730 	8.485281 	75.591003 	13.038404 	22.135944 	44.283180 	68.963760 	21.470911 	61.587337 	43.566040 	999.000000 	40.224369 	39.408119 	19.104973 	5.000000 	4.472136 	34.828148 	29.698484 	36.619667 	40.804413 	22.847319 	19.026299 	21.377558 	26.925823 	18.681541 	19.646883 	22.000000 	36.055511 	34.713108 	23.537205 	26.907248 	30.232433 	30.413813 	32.249031 	38.275318 	
30.594116 	82.152298 	38.626415 	72.401657 	86.533234 	66.610809 	14.560220 	25.495098 	95.000000 	36.013885 	30.016663 	96.046867 	43.863426 	36.345562 	63.505905 	114.947815 	27.586229 	39.623226 	112.800713 	29.732138 	20.000000 	8.062258 	106.667709 	60.108234 	99.904953 	4.000000 	40.224369 	999.000000 	1.000000 	59.203041 	35.510563 	44.654228 	6.082763 	12.165525 	76.843994 	81.024689 	24.083189 	57.271286 	29.068884 	66.189125 	54.083271 	55.027267 	33.015148 	75.591003 	73.409805 	38.000000 	51.088158 	58.309521 	55.036350 	61.400326 	65.030762 	
30.413813 	81.633324 	38.275318 	71.867935 	85.982559 	66.030296 	14.866069 	25.079872 	94.403389 	37.013512 	31.016125 	95.425362 	43.185646 	36.221542 	63.071388 	114.490173 	28.319605 	38.948685 	112.200714 	29.068884 	19.416489 	8.944272 	106.042442 	59.396969 	99.247169 	5.000000 	39.408119 	1.000000 	999.000000 	58.412327 	34.669872 	43.829212 	5.099020 	11.180340 	76.026314 	80.212219 	23.086792 	56.364883 	28.071337 	65.299309 	53.141319 	54.083271 	32.015621 	74.706093 	72.498276 	37.000000 	50.089920 	57.314919 	54.037025 	60.406952 	64.031242 	
41.436699 	34.234486 	33.000000 	26.248810 	36.013885 	19.697716 	55.542778 	38.275318 	41.231056 	90.873535 	85.428329 	41.109608 	17.464249 	42.000000 	28.319605 	66.272163 	69.123077 	21.189621 	57.939625 	30.413813 	40.311287 	62.769421 	51.078373 	7.211102 	43.382023 	62.425957 	19.104973 	59.203041 	58.412327 	999.000000 	24.041630 	14.866069 	53.907330 	48.795490 	17.888544 	21.954498 	41.048752 	13.000000 	38.470768 	13.416408 	18.439089 	18.681541 	37.696156 	20.024984 	20.880613 	37.107952 	33.241539 	31.953091 	34.928497 	32.202484 	38.470768 	
26.400757 	52.630791 	23.345236 	42.953465 	55.973209 	36.138622 	34.365681 	19.416489 	63.071388 	68.963760 	63.245552 	63.529522 	13.000000 	30.232433 	38.052597 	86.127815 	50.000000 	10.440307 	80.529495 	10.440307 	18.248287 	39.924931 	73.925636 	26.419689 	66.573265 	38.948685 	5.000000 	35.510563 	34.669872 	24.041630 	999.000000 	9.219544 	30.000000 	24.758837 	41.400482 	45.607018 	18.027756 	22.561028 	17.029387 	31.016125 	21.023796 	22.022715 	18.248287 	40.311287 	38.600517 	20.615528 	26.400757 	30.870699 	30.232433 	33.241539 	38.910152 	
31.400637 	45.398239 	25.495098 	36.055511 	48.270073 	29.068884 	42.449970 	26.076809 	54.781384 	77.491936 	71.867935 	55.036350 	9.899495 	33.837849 	33.241539 	78.644768 	57.314919 	10.770329 	72.013885 	17.262676 	26.570660 	48.754486 	65.299309 	18.027756 	57.801384 	48.020828 	4.472136 	44.654228 	43.829212 	14.866069 	9.219544 	999.000000 	39.204590 	33.970577 	32.202484 	36.400551 	26.419689 	15.033297 	24.351591 	22.561028 	15.652476 	16.552946 	24.331051 	31.622776 	30.413813 	25.019993 	26.076809 	28.319605 	29.206163 	30.000000 	36.235340 	
29.000000 	78.294319 	35.902645 	68.476273 	82.492424 	62.433964 	16.401220 	22.561028 	90.697296 	42.047592 	36.055511 	91.607857 	39.204590 	35.014282 	60.166435 	111.400177 	31.622776 	35.000000 	108.466583 	25.238859 	16.155495 	13.341664 	102.200783 	55.226807 	95.268044 	10.049875 	34.828148 	6.082763 	5.099020 	53.907330 	30.000000 	39.204590 	999.000000 	6.082763 	71.400284 	75.604233 	18.027756 	51.429562 	23.021729 	60.415230 	48.104053 	49.040798 	27.000000 	69.835518 	67.542580 	32.015621 	45.044422 	52.239830 	49.010204 	55.326305 	59.008472 	
28.635643 	74.732857 	34.058773 	64.884514 	78.714676 	58.591808 	20.000000 	21.023796 	86.608315 	48.093658 	42.107006 	87.367043 	34.985710 	34.713108 	57.280014 	108.078674 	36.235340 	30.886890 	104.307236 	21.540659 	14.000000 	19.104973 	97.908119 	50.606323 	90.801979 	16.124516 	29.698484 	12.165525 	11.180340 	48.795490 	24.758837 	33.970577 	6.082763 	999.000000 	66.068146 	70.292244 	12.000000 	45.650848 	17.000000 	54.708317 	42.154476 	43.081318 	21.023796 	64.140472 	61.717098 	26.076809 	39.012817 	46.173584 	43.000000 	49.254440 	53.000000 	
58.694122 	32.802441 	49.648766 	29.410883 	31.764761 	26.000000 	73.409805 	56.080299 	32.557640 	108.747414 	103.315056 	31.144823 	35.114101 	58.549126 	37.336308 	58.855755 	86.683334 	39.000000 	46.270943 	48.301140 	58.180752 	80.622574 	39.204590 	20.099751 	31.144823 	80.156097 	36.619667 	76.843994 	76.026314 	17.888544 	41.400482 	32.202484 	71.400284 	66.068146 	999.000000 	4.242640 	57.314919 	22.825424 	54.037025 	14.560220 	28.635643 	28.231188 	52.430908 	9.848858 	14.560220 	50.606323 	42.720020 	38.327538 	42.755116 	37.054016 	42.047592 	
62.361847 	32.526913 	53.150730 	30.413813 	30.805843 	27.892651 	77.388626 	60.008331 	30.364452 	112.729767 	107.331261 	28.635643 	39.000000 	61.983868 	39.293766 	56.515484 	90.443352 	42.953465 	43.046486 	52.354561 	62.265560 	84.723076 	36.013885 	23.537205 	28.000000 	84.314888 	40.804413 	81.024689 	80.212219 	21.954498 	45.607018 	36.400551 	75.604233 	70.292244 	4.242640 	999.000000 	61.554855 	26.925823 	58.258045 	18.384777 	32.649654 	32.202484 	56.612720 	12.041595 	17.029387 	54.708317 	46.486557 	41.773197 	46.324940 	40.311287 	45.011108 	
33.286633 	70.604530 	35.440090 	60.876926 	74.000000 	54.120235 	30.463093 	24.698177 	81.024689 	60.074955 	54.083271 	81.394104 	30.594116 	38.948685 	55.145264 	104.120125 	47.169907 	27.166155 	98.386993 	20.396078 	18.439089 	31.064449 	91.706055 	44.283180 	84.219948 	28.071337 	22.847319 	24.083189 	23.086792 	41.048752 	18.027756 	26.419689 	18.027756 	12.000000 	57.314919 	61.554855 	999.000000 	35.608986 	5.000000 	44.821869 	31.384710 	32.249031 	9.055386 	54.203320 	51.312767 	14.142136 	27.018513 	34.234486 	31.000000 	37.336308 	41.000000 	
46.389652 	46.872166 	39.849716 	39.217342 	48.166378 	32.695564 	56.885849 	41.012192 	52.239830 	91.482239 	85.726311 	51.623638 	23.409399 	48.507732 	40.804413 	78.006409 	72.173401 	25.495098 	67.911705 	32.062439 	40.792156 	62.297672 	60.876926 	20.124611 	52.886673 	60.926186 	19.026299 	57.271286 	56.364883 	13.000000 	22.561028 	15.033297 	51.429562 	45.650848 	22.825424 	26.925823 	35.608986 	999.000000 	31.827662 	9.219544 	6.082763 	6.000000 	29.832869 	18.601076 	16.155495 	27.784887 	21.023796 	18.973665 	22.203604 	19.235384 	25.553865 	
36.235340 	69.426216 	37.161808 	59.841457 	72.532753 	52.952808 	35.114101 	27.658634 	79.120163 	65.069191 	59.076221 	79.309517 	30.016663 	41.617306 	55.009090 	102.839684 	51.865211 	27.073973 	96.254868 	21.931713 	22.022715 	36.055511 	89.470665 	42.379242 	81.841309 	33.060551 	21.377558 	29.068884 	28.071337 	38.470768 	17.029387 	24.351591 	23.021729 	17.000000 	54.037025 	58.258045 	5.000000 	31.827662 	999.000000 	41.036568 	27.202942 	28.017851 	4.123106 	50.328918 	47.201694 	9.219544 	22.022715 	29.274563 	26.000000 	32.388271 	36.000000 	
53.000000 	43.081318 	45.398239 	36.891735 	43.416588 	31.240999 	65.000000 	48.507732 	46.043457 	99.929977 	94.244362 	45.011108 	29.068884 	54.332310 	41.109608 	72.249565 	79.762146 	32.015621 	60.671246 	39.812057 	49.040798 	70.936592 	53.600372 	20.000000 	45.541191 	69.778221 	26.925823 	66.189125 	65.299309 	13.416408 	31.016125 	22.561028 	60.415230 	54.708317 	14.560220 	18.384777 	44.821869 	9.219544 	41.036568 	999.000000 	14.422205 	13.892444 	38.948685 	9.433981 	8.000000 	36.619667 	28.160255 	24.020824 	28.284271 	23.086792 	28.635643 	
46.572525 	52.611786 	41.146080 	44.643028 	54.083271 	37.947330 	55.145264 	40.311287 	58.309521 	89.050545 	83.198555 	57.706154 	25.238859 	49.396355 	45.276924 	84.023804 	71.007042 	26.400757 	73.979729 	31.257000 	39.051247 	59.665737 	66.940269 	25.298222 	58.940647 	57.870544 	18.681541 	54.083271 	53.141319 	18.439089 	21.023796 	15.652476 	48.104053 	42.154476 	28.635643 	32.649654 	31.384710 	6.082763 	27.202942 	14.422205 	999.000000 	1.000000 	24.758837 	23.345236 	20.000000 	22.203604 	15.000000 	13.892444 	16.492422 	14.866069 	21.260292 	
47.539455 	52.773098 	42.047592 	44.922153 	54.147945 	38.275318 	56.142673 	41.303753 	58.215118 	90.027771 	84.172440 	57.558666 	26.076809 	50.328918 	45.793011 	84.005951 	72.006943 	27.313000 	73.756355 	32.249031 	40.049969 	60.638271 	66.708321 	25.632011 	58.694122 	58.821766 	19.646883 	55.027267 	54.083271 	18.681541 	22.022715 	16.552946 	49.040798 	43.081318 	28.231188 	32.202484 	32.249031 	6.000000 	28.017851 	13.892444 	1.000000 	999.000000 	25.495098 	22.671568 	19.209373 	22.803509 	15.033297 	13.416408 	16.278820 	14.212670 	20.615528 	
39.623226 	69.720871 	39.824615 	60.299255 	72.567207 	53.338543 	39.217342 	31.112698 	78.746429 	69.028976 	63.031738 	78.771820 	31.144823 	44.821869 	56.222771 	102.961159 	55.973209 	28.635643 	95.634720 	24.698177 	25.806976 	40.112343 	88.769363 	42.201897 	81.024689 	37.013512 	22.000000 	33.015148 	32.015621 	37.696156 	18.248287 	24.331051 	27.000000 	21.023796 	52.430908 	56.612720 	9.055386 	29.832869 	4.123106 	38.948685 	24.758837 	25.495098 	999.000000 	48.083260 	44.687805 	5.099020 	18.110771 	25.495098 	22.022715 	28.635643 	32.015621 	
61.204575 	42.438190 	53.009434 	38.209946 	41.593269 	33.837849 	74.040527 	57.271286 	42.201897 	109.110039 	103.464973 	40.607880 	37.121422 	62.008064 	44.777225 	68.447060 	88.459030 	40.447498 	55.009090 	48.764740 	58.189346 	80.230919 	48.000000 	25.000000 	40.012497 	79.158073 	36.055511 	75.591003 	74.706093 	20.024984 	40.311287 	31.622776 	69.835518 	64.140472 	9.848858 	12.041595 	54.203320 	18.601076 	50.328918 	9.433981 	23.345236 	22.671568 	48.083260 	999.000000 	5.000000 	45.453274 	35.777088 	30.364452 	35.114101 	28.635643 	33.060551 	
61.000000 	46.647614 	53.338543 	41.773197 	46.097721 	36.878178 	72.780495 	56.435802 	47.074409 	107.563934 	101.833199 	45.541191 	37.054016 	62.289646 	47.434166 	73.348480 	87.692642 	40.012497 	60.008331 	47.675991 	56.753853 	78.434685 	53.000000 	26.832815 	45.011108 	77.077881 	34.713108 	73.409805 	72.498276 	20.880613 	38.600517 	30.413813 	67.542580 	61.717098 	14.560220 	17.029387 	51.312767 	16.155495 	47.201694 	8.000000 	20.000000 	19.209373 	44.687805 	5.000000 	999.000000 	41.725292 	31.384710 	25.632011 	30.463093 	23.769728 	28.071337 	
43.863426 	70.178345 	43.266617 	61.008198 	72.691124 	54.009258 	44.271889 	35.468296 	78.339005 	74.006760 	68.007355 	78.160095 	32.984844 	48.836460 	57.870544 	103.097038 	61.032780 	31.016125 	94.868332 	28.425341 	30.528675 	45.177429 	87.920418 	42.296574 	80.056229 	42.000000 	23.537205 	38.000000 	37.000000 	37.107952 	20.615528 	25.019993 	32.015621 	26.076809 	50.606323 	54.708317 	14.142136 	27.784887 	9.219544 	36.619667 	22.203604 	22.803509 	5.099020 	45.453274 	41.725292 	999.000000 	13.341664 	20.880613 	17.117243 	24.041630 	27.073973 	
52.478565 	67.475922 	49.578220 	59.228371 	69.065186 	52.392746 	56.089214 	44.721359 	73.246162 	87.091904 	81.098709 	72.560318 	35.805027 	56.612720 	58.694122 	99.020203 	72.780495 	35.383614 	88.645363 	36.359318 	41.109608 	58.008621 	81.584312 	39.812057 	73.545906 	55.081757 	26.907248 	51.088158 	50.089920 	33.241539 	26.400757 	26.076809 	45.044422 	39.012817 	42.720020 	46.486557 	27.018513 	21.023796 	22.022715 	28.160255 	15.000000 	15.033297 	18.110771 	35.777088 	31.384710 	13.341664 	999.000000 	7.615773 	4.123106 	10.770329 	14.035668 	
57.271286 	65.734314 	53.254108 	58.189346 	66.753281 	51.623638 	62.514000 	49.979996 	70.007141 	94.260277 	88.277969 	69.028976 	38.209946 	60.901562 	59.169250 	96.130119 	79.075912 	38.600517 	84.593147 	41.231056 	47.074409 	65.030762 	77.524193 	39.000000 	69.462219 	62.289646 	30.232433 	58.309521 	57.314919 	31.953091 	30.870699 	28.319605 	52.239830 	46.173584 	38.327538 	41.773197 	34.234486 	18.973665 	29.274563 	24.020824 	13.892444 	13.416408 	25.495098 	30.364452 	25.632011 	20.880613 	7.615773 	999.000000 	5.000000 	3.162278 	8.062258 	
56.435802 	69.050705 	53.263496 	61.131008 	70.349129 	54.405884 	60.207973 	48.754486 	74.027023 	91.049438 	85.052925 	73.171036 	39.051247 	60.464867 	61.269894 	100.019997 	76.902534 	38.897301 	88.955048 	40.311287 	45.221676 	62.032249 	81.884064 	41.761227 	73.824112 	59.033890 	30.413813 	55.036350 	54.037025 	34.928497 	30.232433 	29.206163 	49.010204 	43.000000 	42.755116 	46.324940 	31.000000 	22.203604 	26.000000 	28.284271 	16.492422 	16.278820 	22.022715 	35.114101 	30.463093 	17.117243 	4.123106 	5.000000 	999.000000 	7.810250 	10.000000 	
59.615433 	65.520988 	55.226807 	58.309521 	66.287254 	51.894123 	65.375839 	52.497620 	69.115845 	97.329338 	91.350975 	68.007355 	39.824615 	63.063461 	59.908264 	95.336250 	81.884064 	40.496914 	83.294655 	43.657761 	49.819675 	68.066147 	76.236473 	39.357338 	68.183578 	65.375839 	32.249031 	61.400326 	60.406952 	32.202484 	33.241539 	30.000000 	55.326305 	49.254440 	37.054016 	40.311287 	37.336308 	19.235384 	32.388271 	23.086792 	14.866069 	14.212670 	28.635643 	28.635643 	23.769728 	24.041630 	10.770329 	3.162278 	7.810250 	999.000000 	6.403124 	
65.306969 	71.470276 	61.294373 	64.474800 	72.034714 	58.137768 	70.035706 	57.939625 	74.431175 	101.044548 	95.047356 	73.171036 	46.097721 	68.963760 	66.287254 	100.717430 	86.683334 	46.615448 	88.051125 	49.244289 	54.817879 	72.027771 	81.024689 	45.650848 	73.006851 	69.028976 	38.275318 	65.030762 	64.031242 	38.470768 	38.910152 	36.235340 	59.008472 	53.000000 	42.047592 	45.011108 	41.000000 	25.553865 	36.000000 	28.635643 	21.260292 	20.615528 	32.015621 	33.060551 	28.071337 	27.073973 	14.035668 	8.062258 	10.000000 	6.403124 	999.000000 	

Travel time:
9.000000 	1.362213 	0.250000 	1.131923 	1.484924 	1.020110 	0.471699 	0.215058 	1.717010 	1.305038 	1.187697 	1.757306 	0.602080 	0.152069 	0.870704 	2.149564 	0.705780 	0.525595 	2.156965 	0.403113 	0.380789 	0.726722 	2.020211 	0.972432 	1.875000 	0.790569 	0.697316 	0.764853 	0.760345 	1.035918 	0.660019 	0.785016 	0.725000 	0.715891 	1.467353 	1.559046 	0.832166 	1.159741 	0.905883 	1.325000 	1.164313 	1.188486 	0.990581 	1.530114 	1.525000 	1.096586 	1.311964 	1.431782 	1.410895 	1.490386 	1.632674 	
1.362213 	9.000000 	1.117195 	0.246221 	0.134629 	0.412311 	1.827738 	1.421487 	0.380789 	2.655419 	2.545830 	0.443001 	1.004054 	1.274755 	0.496236 	0.838153 	2.026388 	1.100284 	0.800391 	1.330648 	1.556639 	2.070024 	0.682367 	0.700000 	0.588430 	2.107872 	1.201301 	2.053807 	2.040833 	0.855862 	1.315770 	1.134956 	1.957358 	1.868321 	0.820061 	0.813173 	1.765113 	1.171804 	1.735655 	1.077033 	1.315295 	1.319327 	1.743022 	1.060955 	1.166190 	1.754459 	1.686898 	1.643358 	1.726268 	1.638025 	1.786757 	
0.250000 	1.117195 	9.000000 	0.883883 	1.237942 	0.770146 	0.710634 	0.333542 	1.468205 	1.555032 	1.437228 	1.507689 	0.412311 	0.225000 	0.630971 	1.916540 	0.950329 	0.369121 	1.909188 	0.380789 	0.502494 	0.956883 	1.770946 	0.740355 	1.625000 	1.006231 	0.575543 	0.965660 	0.956883 	0.825000 	0.583631 	0.637377 	0.897566 	0.851469 	1.241219 	1.328768 	0.886002 	0.996243 	0.929045 	1.134956 	1.028652 	1.051190 	0.995615 	1.325236 	1.333464 	1.081665 	1.239455 	1.331353 	1.331587 	1.380670 	1.532359 	
1.131923 	0.246221 	0.883883 	9.000000 	0.355317 	0.175000 	1.592561 	1.180042 	0.585769 	2.432720 	2.319078 	0.630971 	0.759111 	1.055047 	0.292617 	1.083109 	1.810559 	0.854400 	1.025305 	1.084551 	1.311964 	1.831154 	0.890225 	0.485412 	0.760345 	1.865811 	0.961769 	1.810041 	1.796698 	0.656220 	1.073837 	0.901388 	1.711907 	1.622113 	0.735272 	0.760345 	1.521923 	0.980434 	1.496036 	0.922293 	1.116076 	1.123054 	1.507481 	0.955249 	1.044330 	1.525205 	1.480709 	1.454734 	1.528275 	1.457738 	1.611870 	
1.484924 	0.134629 	1.237942 	0.355317 	9.000000 	0.503115 	1.947434 	1.535008 	0.246221 	2.782198 	2.670791 	0.309233 	1.096586 	1.402007 	0.625000 	0.760345 	2.155371 	1.196349 	0.672681 	1.432655 	1.664332 	2.186464 	0.548862 	0.760345 	0.456207 	2.220360 	1.281113 	2.163331 	2.149564 	0.900347 	1.399330 	1.206752 	2.062311 	1.967867 	0.794119 	0.770146 	1.850000 	1.204159 	1.813319 	1.085415 	1.352082 	1.353699 	1.814180 	1.039832 	1.152443 	1.817278 	1.726630 	1.668832 	1.758728 	1.657181 	1.800868 	
1.020110 	0.412311 	0.770146 	0.175000 	0.503115 	9.000000 	1.468205 	1.044330 	0.710634 	2.325135 	2.205958 	0.742462 	0.594243 	0.961769 	0.285044 	1.250000 	1.715007 	0.693271 	1.155692 	0.930390 	1.165386 	1.698529 	1.007782 	0.316228 	0.855132 	1.725724 	0.789383 	1.665270 	1.650757 	0.492443 	0.903466 	0.726722 	1.560849 	1.464795 	0.650000 	0.697316 	1.353006 	0.817389 	1.323820 	0.781025 	0.948683 	0.956883 	1.333464 	0.845946 	0.921954 	1.350231 	1.309819 	1.290591 	1.360147 	1.297353 	1.453444 	
0.471699 	1.827738 	0.710634 	1.592561 	1.947434 	1.468205 	9.000000 	0.437321 	2.174425 	0.883530 	0.750417 	2.210345 	0.961769 	0.594243 	1.340009 	2.621188 	0.419076 	0.860959 	2.617250 	0.632456 	0.403113 	0.261008 	2.475126 	1.367708 	2.321234 	0.350000 	0.951972 	0.364006 	0.371652 	1.388569 	0.859142 	1.061249 	0.410031 	0.500000 	1.835245 	1.934716 	0.761577 	1.422146 	0.877853 	1.625000 	1.378632 	1.403567 	0.980434 	1.851013 	1.819512 	1.106797 	1.402230 	1.562850 	1.505199 	1.634396 	1.750893 	
0.215058 	1.421487 	0.333542 	1.180042 	1.535008 	1.044330 	0.437321 	9.000000 	1.754459 	1.319327 	1.187697 	1.786232 	0.525595 	0.357946 	0.950329 	2.236767 	0.781425 	0.427200 	2.199148 	0.226385 	0.176777 	0.654313 	2.051828 	0.930390 	1.892254 	0.686477 	0.550000 	0.637377 	0.626997 	0.956883 	0.485412 	0.651920 	0.564026 	0.525595 	1.402007 	1.500208 	0.617454 	1.025305 	0.691466 	1.212693 	1.007782 	1.032594 	0.777817 	1.431782 	1.410895 	0.886707 	1.118034 	1.249500 	1.218862 	1.312441 	1.448491 	
1.717010 	0.380789 	1.468205 	0.585769 	0.246221 	0.710634 	2.174425 	1.754459 	9.000000 	3.018485 	2.904522 	0.079057 	1.290591 	1.640122 	0.866747 	0.657647 	2.395047 	1.393960 	0.445112 	1.636498 	1.875000 	2.408319 	0.305164 	0.919239 	0.226385 	2.436314 	1.454519 	2.375000 	2.360085 	1.030776 	1.576785 	1.369535 	2.267432 	2.165208 	0.813941 	0.759111 	2.025617 	1.305996 	1.978004 	1.151086 	1.457738 	1.455378 	1.968661 	1.055047 	1.176860 	1.958475 	1.831154 	1.750179 	1.850676 	1.727896 	1.860779 	
1.305038 	2.655419 	1.555032 	2.432720 	2.782198 	2.325135 	0.883530 	1.319327 	3.018485 	9.000000 	0.150000 	3.061046 	1.844756 	1.380670 	2.159282 	3.403123 	0.640312 	1.744456 	3.454797 	1.513481 	1.273038 	0.735697 	3.322744 	2.248611 	3.180016 	0.800391 	1.826369 	0.900347 	0.925338 	2.271838 	1.724094 	1.937298 	1.051190 	1.202341 	2.718685 	2.818244 	1.501874 	2.287056 	1.626730 	2.498250 	2.226264 	2.250694 	1.725724 	2.727751 	2.689098 	1.850169 	2.177298 	2.356507 	2.276236 	2.433233 	2.526114 	
1.187697 	2.545830 	1.437228 	2.319078 	2.670791 	2.205958 	0.750417 	1.187697 	2.904522 	0.150000 	9.000000 	2.944911 	1.711907 	1.273283 	2.050610 	3.307000 	0.559017 	1.610318 	3.343370 	1.375909 	1.132751 	0.588430 	3.207900 	2.118077 	3.061046 	0.650481 	1.685416 	0.750417 	0.775403 	2.135708 	1.581139 	1.796698 	0.901388 	1.052675 	2.582876 	2.683281 	1.352082 	2.143158 	1.476906 	2.356109 	2.079964 	2.104311 	1.575794 	2.586624 	2.545830 	1.700184 	2.027468 	2.206949 	2.126323 	2.283774 	2.376184 	
1.757306 	0.443001 	1.507689 	0.630971 	0.309233 	0.742462 	2.210345 	1.786232 	0.079057 	3.061046 	2.944911 	9.000000 	1.310773 	1.685601 	0.917878 	0.697316 	2.441311 	1.415318 	0.425000 	1.660007 	1.901480 	2.440543 	0.265754 	0.928036 	0.150000 	2.464878 	1.464795 	2.401172 	2.385634 	1.027740 	1.588238 	1.375909 	2.290196 	2.184176 	0.778621 	0.715891 	2.034853 	1.290591 	1.982738 	1.125278 	1.442654 	1.438967 	1.969296 	1.015197 	1.138530 	1.954002 	1.814008 	1.725724 	1.829276 	1.700184 	1.829276 	
0.602080 	1.004054 	0.412311 	0.759111 	1.096586 	0.594243 	0.961769 	0.525595 	1.290591 	1.844756 	1.711907 	1.310773 	9.000000 	0.632949 	0.626997 	1.842044 	1.291559 	0.106066 	1.733494 	0.353553 	0.602080 	1.160011 	1.575198 	0.410031 	1.402007 	1.167262 	0.237171 	1.096586 	1.079641 	0.436606 	0.325000 	0.247487 	0.980115 	0.874643 	0.877853 	0.975000 	0.764853 	0.585235 	0.750417 	0.726722 	0.630971 	0.651920 	0.778621 	0.928036 	0.926350 	0.824621 	0.895126 	0.955249 	0.976281 	0.995615 	1.152443 	
0.152069 	1.274755 	0.225000 	1.055047 	1.402007 	0.961769 	0.594243 	0.357946 	1.640122 	1.380670 	1.273283 	1.685601 	0.632949 	9.000000 	0.778621 	2.040221 	0.755811 	0.577170 	2.074398 	0.512957 	0.529741 	0.854400 	1.945026 	0.961769 	1.810041 	0.927699 	0.771767 	0.908639 	0.905539 	1.050000 	0.755811 	0.845946 	0.875357 	0.867828 	1.463728 	1.549597 	0.973717 	1.212693 	1.040433 	1.358308 	1.234909 	1.258223 	1.120547 	1.550202 	1.557241 	1.220912 	1.415318 	1.522539 	1.511622 	1.576586 	1.724094 	
0.870704 	0.496236 	0.630971 	0.292617 	0.625000 	0.285044 	1.340009 	0.950329 	0.866747 	2.159282 	2.050610 	0.917878 	0.626997 	0.778621 	9.000000 	1.286954 	1.530523 	0.700446 	1.296389 	0.897566 	1.100284 	1.587844 	1.171804 	0.530330 	1.051190 	1.634205 	0.859142 	1.587648 	1.576785 	0.707990 	0.951315 	0.831038 	1.504161 	1.432000 	0.933408 	0.982344 	1.378632 	1.020110 	1.375227 	1.027740 	1.131923 	1.144825 	1.405569 	1.119431 	1.185854 	1.446764 	1.467353 	1.479231 	1.531747 	1.497707 	1.657181 	
2.149564 	0.838153 	1.916540 	1.083109 	0.760345 	1.250000 	2.621188 	2.236767 	0.657647 	3.403123 	3.307000 	0.697316 	1.842044 	2.040221 	1.286954 	9.000000 	2.763377 	1.937298 	0.480234 	2.163475 	2.381832 	2.872716 	0.590021 	1.520691 	0.749166 	2.921151 	2.037308 	2.873695 	2.862254 	1.656804 	2.153195 	1.966119 	2.785004 	2.701967 	1.471394 	1.412887 	2.603003 	1.950160 	2.570992 	1.806239 	2.100595 	2.100149 	2.574029 	1.711177 	1.833712 	2.577426 	2.475505 	2.403253 	2.500500 	2.383406 	2.517936 	
0.705780 	2.026388 	0.950329 	1.810559 	2.155371 	1.715007 	0.419076 	0.781425 	2.395047 	0.640312 	0.559017 	2.441311 	1.291559 	0.755811 	1.530523 	2.763377 	9.000000 	1.201301 	2.826769 	1.002809 	0.803508 	0.496236 	2.700116 	1.676678 	2.565638 	0.620987 	1.328768 	0.689656 	0.707990 	1.728077 	1.250000 	1.432873 	0.790569 	0.905883 	2.167083 	2.261084 	1.179248 	1.804335 	1.296630 	1.994054 	1.775176 	1.800174 	1.399330 	2.211476 	2.192316 	1.525820 	1.819512 	1.976898 	1.922563 	2.047101 	2.167083 	
0.525595 	1.100284 	0.369121 	0.854400 	1.196349 	0.693271 	0.860959 	0.427200 	1.393960 	1.744456 	1.610318 	1.415318 	0.106066 	0.577170 	0.700446 	1.937298 	1.201301 	9.000000 	1.837457 	0.247487 	0.496236 	1.055047 	1.680030 	0.515388 	1.507689 	1.061249 	0.212132 	0.990581 	0.973717 	0.529741 	0.261008 	0.269258 	0.875000 	0.772172 	0.975000 	1.073837 	0.679154 	0.637377 	0.676849 	0.800391 	0.660019 	0.682825 	0.715891 	1.011187 	1.000312 	0.775403 	0.884590 	0.965013 	0.972432 	1.012423 	1.165386 	
2.156965 	0.800391 	1.909188 	1.025305 	0.672681 	1.155692 	2.617250 	2.199148 	0.445112 	3.454797 	3.343370 	0.425000 	1.733494 	2.074398 	1.296389 	0.480234 	2.826769 	1.837457 	9.000000 	2.080865 	2.320022 	2.852740 	0.176777 	1.353006 	0.378319 	2.881406 	1.889775 	2.820018 	2.805018 	1.448491 	2.013237 	1.800347 	2.711665 	2.607681 	1.156774 	1.076162 	2.459675 	1.697793 	2.406372 	1.516781 	1.849493 	1.843909 	2.390868 	1.375227 	1.500208 	2.371708 	2.216134 	2.114829 	2.223876 	2.082366 	2.201278 	
0.403113 	1.330648 	0.380789 	1.084551 	1.432655 	0.930390 	0.632456 	0.226385 	1.636498 	1.513481 	1.375909 	1.660007 	0.353553 	0.512957 	0.897566 	2.163475 	1.002809 	0.247487 	2.080865 	9.000000 	0.250000 	0.811249 	1.925162 	0.761988 	1.754459 	0.813941 	0.325960 	0.743303 	0.726722 	0.760345 	0.261008 	0.431567 	0.630971 	0.538516 	1.207528 	1.308864 	0.509902 	0.801561 	0.548293 	0.995301 	0.781425 	0.806226 	0.617454 	1.219118 	1.191900 	0.710634 	0.908983 	1.030776 	1.007782 	1.091444 	1.231107 	
0.380789 	1.556639 	0.502494 	1.311964 	1.664332 	1.165386 	0.403113 	0.176777 	1.875000 	1.273038 	1.132751 	1.901480 	0.602080 	0.529741 	1.100284 	2.381832 	0.803508 	0.496236 	2.320022 	0.250000 	9.000000 	0.561805 	2.167083 	1.011496 	1.999531 	0.565685 	0.553399 	0.500000 	0.485412 	1.007782 	0.456207 	0.664266 	0.403887 	0.350000 	1.454519 	1.556639 	0.460977 	1.019804 	0.550568 	1.226020 	0.976281 	1.001249 	0.645174 	1.454734 	1.418846 	0.763217 	1.027740 	1.176860 	1.130542 	1.245492 	1.370447 	
