Total assets = 842
Number of asset nodes = 50

Distance:
999.000000 	58.249462 	104.062485 	42.941822 	100.419121 	56.938564 	5.385165 	12.041595 	27.658634 	73.498299 	117.686020 	65.863495 	43.324360 	69.771057 	34.985710 	20.615528 	87.091904 	66.640831 	14.142136 	47.801674 	20.808653 	14.035668 	84.905830 	98.600204 	67.230942 	29.000000 	94.302704 	117.456375 	106.042442 	17.804493 	56.044624 	24.186773 	92.114059 	98.737022 	39.319206 	107.074738 	29.154760 	43.185646 	24.698177 	109.859001 	90.338257 	68.154236 	128.144455 	110.113579 	71.568146 	27.658634 	31.622776 	88.238312 	71.063354 	48.166378 	43.737854 	120.602654 	45.122055 	86.377083 	33.421551 	52.153618 	87.315521 	79.812279 	46.615448 	91.760559 	138.191895 	102.883430 	135.591293 	
58.249462 	999.000000 	49.193497 	16.401220 	44.777225 	4.123106 	62.801273 	70.213959 	34.205261 	15.264338 	63.063461 	9.000000 	20.248457 	14.035668 	93.193344 	47.201694 	28.844410 	12.649111 	68.622154 	20.099751 	78.102493 	66.468040 	26.832815 	40.459858 	15.652476 	86.833176 	36.055511 	60.440052 	48.104053 	59.816387 	18.973665 	80.721741 	34.000000 	40.496914 	39.051247 	48.826221 	84.148682 	37.336308 	64.350601 	51.613953 	33.734257 	24.083189 	70.837845 	51.865211 	25.238859 	61.773781 	85.632935 	33.060551 	26.400757 	37.000000 	41.303753 	62.481998 	43.185646 	33.136082 	58.309521 	37.215588 	34.132095 	31.384710 	103.276329 	38.013157 	80.622574 	46.324940 	77.794601 	
104.062485 	49.193497 	999.000000 	65.368187 	5.000000 	52.392746 	109.123779 	116.043098 	83.006027 	37.107952 	13.892444 	45.880280 	69.354164 	45.705578 	137.931137 	96.041656 	28.071337 	49.030602 	116.038788 	68.352028 	124.739731 	114.201576 	32.062439 	20.124611 	51.623638 	133.056381 	25.298222 	16.278820 	17.029387 	108.452751 	64.031242 	127.781059 	29.120440 	25.059929 	87.664131 	24.083189 	131.821854 	85.381500 	113.371071 	24.413111 	38.600517 	60.133186 	26.570660 	25.806976 	58.008621 	110.941429 	133.600143 	43.416588 	60.008331 	83.934502 	89.185204 	26.305893 	90.801979 	48.270073 	107.424393 	82.975899 	48.507732 	56.435802 	150.445999 	47.759815 	36.769554 	40.224369 	35.440090 	
42.941822 	16.401220 	65.368187 	999.000000 	61.057350 	14.212670 	47.169907 	54.708317 	17.804493 	31.144823 	79.259071 	23.021729 	6.708204 	26.832815 	77.897369 	30.805843 	44.687805 	23.769728 	52.497620 	10.630146 	62.201286 	50.249378 	42.201897 	56.586216 	24.738634 	71.028160 	51.855568 	76.837494 	64.350601 	43.416588 	16.763054 	64.660652 	49.406479 	56.222771 	25.019993 	64.660652 	67.896980 	24.515301 	48.020828 	67.475922 	47.423622 	28.160255 	87.206650 	67.623962 	31.016125 	45.617977 	69.310890 	45.541191 	31.144823 	26.000000 	28.442924 	78.568443 	30.594116 	44.147480 	42.720020 	27.784887 	45.122055 	39.012817 	87.114868 	49.477268 	96.938126 	60.008331 	94.047859 	
100.419121 	44.777225 	5.000000 	61.057350 	999.000000 	47.853943 	105.418213 	112.432205 	78.771820 	32.280025 	18.384777 	41.109608 	64.845970 	40.792156 	134.536240 	91.809586 	23.086792 	44.147480 	112.160599 	63.694584 	121.016525 	110.258789 	27.073973 	15.811388 	46.690472 	129.417923 	20.615528 	17.888544 	14.317822 	104.292854 	59.203041 	123.987900 	24.351591 	20.808653 	83.006027 	21.095022 	127.914032 	80.653580 	109.077957 	21.931713 	33.837849 	55.145264 	28.653097 	23.259407 	53.009434 	106.550461 	129.630249 	38.600517 	55.009090 	79.120163 	84.433403 	26.019224 	86.023254 	43.416588 	102.883430 	78.102493 	43.680660 	51.478149 	146.659470 	43.081318 	38.948685 	36.235340 	37.161808 	
56.938564 	4.123106 	52.392746 	14.212670 	47.853943 	999.000000 	61.294373 	68.796799 	31.827662 	16.970562 	66.211784 	8.944272 	17.000000 	13.341664 	91.923882 	44.687805 	30.479502 	11.000000 	66.708321 	16.278820 	76.400261 	64.443771 	28.017851 	42.426407 	13.341664 	85.211502 	37.643059 	63.007935 	50.249378 	57.384666 	14.866069 	78.873314 	35.227829 	42.011902 	35.440090 	50.447994 	82.073135 	33.541019 	61.611687 	53.263496 	33.837849 	20.808653 	73.246162 	53.413483 	22.360680 	58.830265 	83.438599 	32.557640 	23.323807 	33.015148 	37.483330 	64.381676 	39.319206 	32.015621 	55.036350 	33.136082 	33.015148 	29.120440 	101.316338 	37.121422 	82.879433 	46.486557 	79.931221 	
5.385165 	62.801273 	109.123779 	47.169907 	105.418213 	61.294373 	999.000000 	7.615773 	31.016125 	78.006409 	122.788437 	70.178345 	47.010635 	73.925636 	30.870699 	22.000000 	91.607857 	70.710678 	9.000000 	51.264023 	15.620500 	9.486833 	89.308456 	103.232750 	71.112587 	24.083189 	98.812958 	122.347862 	110.751976 	15.811388 	59.464275 	18.867962 	96.519424 	103.227905 	41.000000 	111.606453 	23.769728 	45.011108 	21.931713 	114.402794 	94.413979 	71.470276 	133.003754 	114.621117 	74.946648 	25.612497 	26.248810 	92.135773 	74.330345 	50.009998 	45.099888 	125.251747 	46.270943 	90.077744 	32.249031 	54.009258 	91.000000 	83.168503 	41.400482 	95.462036 	143.010483 	106.892471 	140.356689 	
12.041595 	70.213959 	116.043098 	54.708317 	112.432205 	68.796799 	7.615773 	999.000000 	38.626415 	85.445892 	129.634094 	77.698135 	54.625999 	81.492332 	23.259407 	29.154760 	99.045441 	78.294319 	9.219544 	58.872746 	9.486833 	11.661903 	96.798759 	110.602890 	78.721024 	17.029387 	106.254410 	129.495178 	118.067780 	20.880613 	67.067131 	13.341664 	104.009613 	110.679718 	48.093658 	119.037811 	19.104973 	52.153618 	25.553865 	121.827744 	102.000000 	79.056938 	140.185593 	122.065559 	82.540901 	29.966648 	22.022715 	99.744675 	81.908485 	57.140179 	52.000000 	132.612213 	53.037724 	97.693398 	37.336308 	61.131008 	98.615417 	90.757919 	34.985710 	103.077644 	150.233154 	114.490173 	147.627914 	
27.658634 	34.205261 	83.006027 	17.804493 	78.771820 	31.827662 	31.016125 	38.626415 	999.000000 	48.795490 	96.896851 	40.360870 	16.124516 	43.600460 	61.846584 	13.038404 	62.241467 	40.224369 	35.227829 	20.248457 	45.276924 	32.802441 	59.548298 	74.249580 	40.311287 	54.203320 	69.354164 	94.641426 	82.073135 	25.612497 	28.460499 	47.434166 	66.708321 	73.661385 	16.278820 	82.134033 	50.328918 	18.867962 	30.413813 	84.958817 	63.812225 	40.521599 	104.995239 	85.041168 	43.965897 	28.460499 	51.623638 	61.294373 	43.416588 	23.259407 	21.260292 	96.176918 	23.345236 	59.093147 	27.018513 	26.925823 	60.008331 	52.201534 	69.656296 	64.474800 	114.690887 	76.157730 	111.758667 	
73.498299 	15.264338 	37.107952 	31.144823 	32.280025 	16.970562 	78.006409 	85.445892 	48.795490 	999.000000 	50.596443 	8.944272 	33.600594 	9.055386 	108.452751 	61.619801 	13.601471 	12.041595 	83.630135 	31.764761 	93.236259 	81.394104 	11.704700 	25.455845 	15.033297 	102.004898 	20.808653 	46.324940 	33.301651 	74.330345 	26.925823 	95.775780 	18.788294 	25.238859 	50.990196 	33.600594 	99.035347 	48.466484 	78.409180 	36.400551 	20.024984 	24.515301 	56.400356 	36.619667 	23.409399 	75.451973 	100.409164 	20.880613 	25.298222 	46.840153 	52.201534 	47.423622 	53.758720 	22.825424 	71.196907 	45.891174 	23.706539 	25.612497 	118.258194 	26.570660 	65.946945 	32.140316 	62.968246 	
117.686020 	63.063461 	13.892444 	79.259071 	18.384777 	66.211784 	122.788437 	129.634094 	96.896851 	50.596443 	999.000000 	59.464275 	83.192551 	58.940647 	151.320847 	109.931801 	40.311287 	62.361847 	129.807556 	82.079231 	138.408813 	128.003906 	44.283180 	30.066593 	64.761101 	146.659470 	36.013885 	12.727922 	23.769728 	122.331520 	77.491936 	141.495590 	40.012497 	34.365681 	101.390335 	30.083218 	145.602203 	99.020203 	127.263504 	29.068884 	49.162994 	72.835434 	18.248287 	30.413813 	70.455658 	124.823875 	147.410995 	54.147945 	72.443085 	97.416634 	102.786186 	24.839485 	104.355164 	59.135437 	121.247681 	96.301613 	59.211487 	68.000000 	164.149323 	57.706154 	27.073973 	47.759815 	27.073973 	
65.863495 	9.000000 	45.880280 	23.021729 	41.109608 	8.944272 	70.178345 	77.698135 	40.360870 	8.944272 	59.464275 	999.000000 	24.839485 	5.099020 	100.846420 	53.037724 	21.931713 	5.000000 	75.432091 	22.825424 	85.211502 	73.109505 	19.209373 	34.058773 	8.602325 	94.047859 	29.000000 	55.226807 	42.011902 	65.764732 	18.248287 	87.618492 	26.400757 	33.301651 	42.047592 	41.773197 	90.686272 	39.560081 	69.656296 	44.598206 	25.000000 	18.357559 	65.215027 	44.687805 	18.439089 	66.610809 	91.967384 	24.083189 	20.000000 	38.078865 	43.324360 	55.865910 	44.922153 	24.186773 	62.265560 	37.336308 	25.179358 	23.323807 	109.986366 	29.017237 	74.652527 	37.643059 	71.589104 	
43.324360 	20.248457 	69.354164 	6.708204 	64.845970 	17.000000 	47.010635 	54.625999 	16.124516 	33.600594 	83.192551 	24.839485 	999.000000 	27.658634 	77.878113 	28.319605 	46.754681 	24.207438 	51.312767 	5.099020 	61.400326 	48.826221 	43.840622 	58.898216 	24.186773 	70.327805 	53.758720 	79.881165 	66.843102 	41.036568 	13.038404 	63.513779 	50.931328 	57.982758 	19.104973 	66.468040 	66.219330 	18.110771 	44.821869 	69.296463 	47.707443 	25.179358 	90.000000 	69.310890 	28.442924 	41.880783 	67.357254 	45.177429 	28.160255 	19.313208 	22.090721 	80.659782 	24.186773 	43.081318 	38.078865 	21.095022 	44.011364 	36.674240 	85.603737 	48.466484 	99.488693 	60.033325 	96.426140 	
69.771057 	14.035668 	45.705578 	26.832815 	40.792156 	13.341664 	73.925636 	81.492332 	43.600460 	9.055386 	58.940647 	5.099020 	27.658634 	999.000000 	104.709122 	55.973209 	19.723083 	3.605551 	78.816238 	24.839485 	88.752464 	76.400261 	16.401220 	31.906113 	6.000000 	97.637085 	26.400757 	53.665630 	39.962482 	68.680420 	18.788294 	91.021973 	23.345236 	30.479502 	43.566040 	38.948685 	93.861603 	40.706264 	72.180328 	41.773197 	20.615528 	15.524175 	63.285069 	41.725292 	14.764823 	68.883957 	95.015785 	19.235384 	16.552946 	38.626415 	44.283180 	53.263496 	45.694637 	19.104973 	64.070274 	37.363083 	20.099751 	18.601076 	113.229858 	24.000000 	72.422371 	33.241539 	69.202599 	
34.985710 	93.193344 	137.931137 	77.897369 	134.536240 	91.923882 	30.870699 	23.259407 	61.846584 	108.452751 	151.320847 	100.846420 	77.878113 	104.709122 	999.000000 	51.662365 	122.036880 	101.533249 	28.284271 	82.079231 	18.027756 	31.257000 	119.887444 	133.454117 	101.980392 	10.440307 	129.247818 	151.855194 	140.801285 	41.194660 	90.249657 	18.248287 	127.094452 	133.689941 	70.213959 	142.003525 	21.023796 	74.330345 	43.104523 	144.779144 	125.239769 	102.181213 	162.606888 	145.055161 	105.688217 	48.093658 	23.323807 	123.004066 	105.004761 	79.246452 	73.681747 	155.425217 	74.431175 	120.933868 	56.080299 	83.186539 	121.852371 	113.885910 	20.223749 	126.317062 	172.733902 	137.742508 	170.238068 	
20.615528 	47.201694 	96.041656 	30.805843 	91.809586 	44.687805 	22.000000 	29.154760 	13.038404 	61.619801 	109.931801 	53.037724 	28.319605 	55.973209 	51.662365 	999.000000 	74.966660 	52.497620 	23.769728 	31.622776 	34.176014 	21.023796 	72.138756 	87.045967 	52.201534 	43.081318 	82.024384 	107.615051 	94.921021 	12.727922 	39.446167 	35.777088 	79.246452 	86.278618 	19.000000 	94.762863 	38.013157 	23.021729 	17.464249 	97.590981 	75.802376 	50.990196 	117.923706 	97.621719 	54.561890 	16.124516 	39.051247 	72.945183 	53.712196 	28.017851 	23.194826 	108.903625 	24.515301 	70.327805 	17.088007 	32.015621 	71.196907 	62.649822 	57.428215 	75.663727 	127.561752 	87.920418 	124.579292 	
87.091904 	28.844410 	28.071337 	44.687805 	23.086792 	30.479502 	91.607857 	99.045441 	62.241467 	13.601471 	40.311287 	21.931713 	46.754681 	19.723083 	122.036880 	74.966660 	999.000000 	23.323807 	97.185387 	44.407207 	106.826965 	94.921021 	4.000000 	12.206555 	25.079872 	115.602768 	7.211102 	34.014702 	20.248457 	87.692642 	38.470768 	109.343498 	6.000000 	11.661903 	63.285069 	20.000000 	112.538879 	60.415230 	91.547798 	22.803509 	12.727922 	32.557640 	43.566040 	23.021729 	30.149628 	88.408142 	113.863953 	16.643316 	32.140316 	58.180752 	63.953106 	33.941124 	65.306969 	21.023796 	83.761566 	56.648037 	21.470911 	28.442924 	131.795303 	22.022715 	52.801514 	21.587032 	49.678970 	
66.640831 	12.649111 	49.030602 	23.769728 	44.147480 	11.000000 	70.710678 	78.294319 	40.224369 	12.041595 	62.361847 	5.000000 	24.207438 	3.605551 	101.533249 	52.497620 	23.323807 	999.000000 	75.451973 	21.260292 	85.440041 	73.006851 	20.000000 	35.510563 	3.605551 	94.339813 	30.000000 	57.245087 	43.566040 	65.192024 	15.231546 	87.658424 	26.907248 	34.058773 	39.962482 	42.520584 	90.426765 	37.121422 	68.622154 	45.343136 	23.706539 	13.416408 	66.887962 	45.276924 	13.453624 	65.299309 	91.547798 	21.840330 	15.000000 	35.114101 	40.718548 	56.850681 	42.154476 	21.023796 	60.464867 	33.955853 	22.022715 	18.788294 	109.808922 	26.172504 	76.026314 	36.249138 	72.801102 	
14.142136 	68.622154 	116.038788 	52.497620 	112.160599 	66.708321 	9.000000 	9.219544 	35.227829 	83.630135 	129.807556 	75.432091 	51.312767 	78.816238 	28.284271 	23.769728 	97.185387 	75.451973 	999.000000 	55.072678 	10.440307 	3.000000 	94.641426 	109.041275 	75.471848 	19.313208 	104.350372 	128.763351 	116.726173 	13.000000 	63.063461 	12.206555 	101.828285 	108.706024 	41.976185 	117.153748 	15.811388 	46.097721 	16.552946 	119.970833 	99.020203 	74.732857 	139.316193 	120.104118 	78.294319 	21.189621 	17.888544 	96.384644 	77.472572 	50.990196 	45.398239 	131.045792 	46.173584 	93.941475 	28.861740 	54.918121 	94.826157 	86.406021 	34.655445 	99.297531 	149.201202 	111.305885 	146.413803 	
47.801674 	20.099751 	68.352028 	10.630146 	63.694584 	16.278820 	51.264023 	58.872746 	20.248457 	31.764761 	82.079231 	22.825424 	5.099020 	24.839485 	82.079231 	31.622776 	44.407207 	21.260292 	55.072678 	999.000000 	65.299309 	52.478565 	41.231056 	56.612720 	20.615528 	74.242844 	51.224995 	78.032043 	64.637451 	44.204071 	8.246211 	67.230942 	48.166378 	55.317268 	19.313208 	63.780876 	69.634758 	17.262676 	47.381432 	66.603302 	44.204071 	20.396078 	87.920418 	66.528191 	23.769728 	44.045429 	70.604530 	41.340054 	23.345236 	17.117243 	21.213203 	78.102493 	23.086792 	38.910152 	39.446167 	18.027756 	39.812057 	32.015621 	89.050545 	44.283180 	97.200821 	56.302753 	94.021271 	
20.808653 	78.102493 	124.739731 	62.201286 	121.016525 	76.400261 	15.620500 	9.486833 	45.276924 	93.236259 	138.408813 	85.211502 	61.400326 	88.752464 	18.027756 	34.176014 	106.826965 	85.440041 	10.440307 	65.299309 	999.000000 	13.341664 	104.403069 	118.562218 	85.586212 	8.944272 	114.017540 	137.887634 	126.150703 	23.194826 	73.348480 	4.000000 	111.606453 	118.406082 	52.392746 	126.822708 	10.049875 	56.515484 	25.317978 	129.630249 	109.077957 	85.088188 	148.519363 	129.807556 	88.639717 	30.265491 	13.152946 	106.550461 	87.846458 	61.392181 	55.731499 	140.584488 	56.435802 	104.201729 	38.209946 	65.306969 	105.095192 	96.772926 	25.806976 	109.567329 	158.492905 	121.433105 	155.794739 	
14.035668 	66.468040 	114.201576 	50.249378 	110.258789 	64.443771 	9.486833 	11.661903 	32.802441 	81.394104 	128.003906 	73.109505 	48.826221 	76.400261 	31.257000 	21.023796 	94.921021 	73.006851 	3.000000 	52.478565 	13.341664 	999.000000 	92.314682 	106.831642 	72.945183 	22.135944 	102.068604 	126.732002 	114.560028 	10.000000 	60.415230 	14.764823 	99.488693 	106.404884 	39.051247 	114.865135 	17.691807 	43.174065 	13.892444 	117.686020 	96.519424 	72.013885 	137.244308 	117.796432 	75.584389 	18.384777 	19.416489 	93.813644 	74.732857 	48.052055 	42.426407 	128.817703 	43.185646 	91.301697 	25.961510 	51.971146 	92.179176 	83.671982 	36.878178 	96.648849 	147.085007 	108.756607 	144.256714 	
84.905830 	26.832815 	32.062439 	42.201897 	27.073973 	28.017851 	89.308456 	96.798759 	59.548298 	11.704700 	44.283180 	19.209373 	43.840622 	16.401220 	119.887444 	72.138756 	4.000000 	20.000000 	94.641426 	41.231056 	104.403069 	92.314682 	999.000000 	15.652476 	21.470911 	113.225441 	10.000000 	37.696156 	23.706539 	84.864601 	34.985710 	106.826965 	7.211102 	14.142136 	59.908264 	22.627417 	109.877205 	56.938564 	88.526833 	25.455845 	10.295630 	28.635643 	47.010635 	25.495098 	26.172504 	85.276024 	111.126053 	13.453624 	28.160255 	54.561890 	60.415230 	36.878178 	61.717098 	17.492855 	80.448738 	52.924473 	18.027756 	24.515301 	129.189789 	19.104973 	56.035702 	21.023796 	52.801514 	
98.600204 	40.459858 	20.124611 	56.586216 	15.811388 	42.426407 	103.232750 	110.602890 	74.249580 	25.455845 	30.066593 	34.058773 	58.898216 	31.906113 	133.454117 	87.045967 	12.206555 	35.510563 	109.041275 	56.612720 	118.562218 	106.831642 	15.652476 	999.000000 	37.121422 	127.283150 	6.082763 	22.135944 	8.062258 	99.764725 	50.606323 	121.165176 	10.049875 	5.000000 	75.471848 	9.219544 	124.482933 	72.560318 	103.711136 	11.704700 	19.104973 	43.965897 	31.384710 	12.369317 	41.231056 	100.603180 	125.865005 	24.083189 	43.174065 	70.213959 	76.059189 	22.022715 	77.369247 	29.068884 	95.963531 	68.541962 	29.154760 	38.052597 	143.683685 	27.892651 	40.607880 	20.518284 	37.536648 	
67.230942 	15.652476 	51.623638 	24.738634 	46.690472 	13.341664 	71.112587 	78.721024 	40.311287 	15.033297 	64.761101 	8.602325 	24.186773 	6.000000 	101.980392 	52.201534 	25.079872 	3.605551 	75.471848 	20.615528 	85.586212 	72.945183 	21.470911 	37.121422 	999.000000 	94.514549 	31.384710 	59.093147 	45.177429 	64.815125 	13.601471 	87.664131 	28.017851 	35.227829 	38.600517 	43.600460 	90.210861 	35.510563 	67.896980 	46.400433 	23.600847 	9.848858 	68.476273 	46.227695 	9.899495 	64.381676 	91.214035 	21.023796 	11.401754 	33.105892 	38.948685 	58.008621 	40.249222 	19.416489 	59.203041 	31.622776 	20.396078 	15.811388 	109.622078 	24.738634 	77.388626 	35.846897 	74.060783 	
29.000000 	86.833176 	133.056381 	71.028160 	129.417923 	85.211502 	24.083189 	17.029387 	54.203320 	102.004898 	146.659470 	94.047859 	70.327805 	97.637085 	10.440307 	43.081318 	115.602768 	94.339813 	19.313208 	74.242844 	8.944272 	22.135944 	113.225441 	127.283150 	94.514549 	999.000000 	122.800652 	146.413803 	134.825821 	31.780497 	82.292160 	8.000000 	120.432556 	127.200630 	61.131008 	135.602356 	10.816654 	65.253349 	33.000000 	138.405197 	117.991524 	94.021271 	157.079605 	138.600143 	97.575615 	38.000000 	13.453624 	115.485931 	96.772926 	70.092796 	64.327286 	149.305054 	64.938431 	113.145920 	46.000000 	73.979729 	114.039467 	105.702415 	18.384777 	118.511604 	167.092789 	130.361038 	164.438431 	
94.302704 	36.055511 	25.298222 	51.855568 	20.615528 	37.643059 	98.812958 	106.254410 	69.354164 	20.808653 	36.013885 	29.000000 	53.758720 	26.400757 	129.247818 	82.024384 	7.211102 	30.000000 	104.350372 	51.224995 	114.017540 	102.068604 	10.000000 	6.082763 	31.384710 	122.800652 	999.000000 	28.160255 	13.928389 	94.752312 	44.944408 	116.516090 	4.000000 	4.472136 	69.892776 	12.806249 	119.670380 	66.887962 	98.493652 	15.620500 	13.341664 	37.947330 	37.121422 	15.811388 	35.171009 	95.268044 	120.966934 	18.248287 	37.107952 	64.412735 	70.327805 	26.907248 	71.589104 	23.194826 	90.443352 	62.649822 	23.345236 	32.015621 	138.946030 	22.472204 	46.043457 	17.492855 	42.801868 	
117.456375 	60.440052 	16.278820 	76.837494 	17.888544 	63.007935 	122.347862 	129.495178 	94.641426 	46.324940 	12.727922 	55.226807 	79.881165 	53.665630 	151.855194 	107.615051 	34.014702 	57.245087 	128.763351 	78.032043 	137.887634 	126.732002 	37.696156 	22.135944 	59.093147 	146.413803 	28.160255 	999.000000 	14.317822 	120.253899 	72.449982 	140.730240 	32.015621 	25.317978 	97.128784 	19.104973 	144.422989 	94.366310 	124.619423 	17.464249 	40.311287 	66.098412 	10.816654 	18.681541 	63.324562 	121.757957 	146.000000 	45.276924 	65.253349 	92.195442 	97.943863 	12.206555 	99.317673 	50.249378 	117.477661 	90.620087 	50.159744 	59.682495 	163.379929 	48.000000 	21.095022 	36.674240 	19.313208 	
106.042442 	48.104053 	17.029387 	64.350601 	14.317822 	50.249378 	110.751976 	118.067780 	82.073135 	33.301651 	23.769728 	42.011902 	66.843102 	39.962482 	140.801285 	94.921021 	20.248457 	43.566040 	116.726173 	64.637451 	126.150703 	114.560028 	23.706539 	8.062258 	45.177429 	134.825821 	13.928389 	14.317822 	999.000000 	107.628990 	58.668560 	128.817703 	17.720045 	11.045361 	83.528435 	7.071068 	132.230865 	80.622574 	111.664673 	7.615773 	26.076809 	51.865211 	23.323807 	8.944272 	49.040798 	108.600182 	133.660019 	31.064449 	50.960770 	78.262383 	84.118965 	14.764823 	85.422478 	36.055511 	104.009613 	76.557167 	36.013885 	45.398239 	151.380310 	34.132095 	32.649654 	24.166092 	29.698484 	
17.804493 	59.816387 	108.452751 	43.416588 	104.292854 	57.384666 	15.811388 	20.880613 	25.612497 	74.330345 	122.331520 	65.764732 	41.036568 	68.680420 	41.194660 	12.727922 	87.692642 	65.192024 	13.000000 	44.204071 	23.194826 	10.000000 	84.864601 	99.764725 	64.815125 	31.780497 	94.752312 	120.253899 	107.628990 	999.000000 	51.865211 	24.041630 	91.967384 	99.005051 	29.410883 	107.489532 	25.553865 	33.526108 	7.280110 	110.317726 	88.408142 	63.134777 	130.598618 	110.344917 	66.730804 	9.899495 	26.400757 	85.445892 	65.764732 	38.327538 	32.557640 	121.630585 	33.241539 	82.680107 	16.552946 	42.201897 	83.528435 	74.706093 	44.944408 	87.982956 	140.264038 	100.439034 	137.295303 	
56.044624 	18.973665 	64.031242 	16.763054 	59.203041 	14.866069 	59.464275 	67.067131 	28.460499 	26.925823 	77.491936 	18.248287 	13.038404 	18.788294 	90.249657 	39.446167 	38.470768 	15.231546 	63.063461 	8.246211 	73.348480 	60.415230 	34.985710 	50.606323 	13.601471 	82.292160 	44.944408 	72.449982 	58.668560 	51.865211 	999.000000 	75.179787 	41.617306 	48.826221 	25.000000 	57.201397 	77.388626 	21.954498 	54.561890 	60.000000 	36.796738 	12.165525 	81.987801 	59.816387 	15.524175 	50.911690 	78.236816 	33.600594 	15.132746 	19.924858 	25.495098 	71.610054 	26.925823 	30.886890 	45.607018 	19.104973 	31.764761 	23.769728 	96.798759 	36.235340 	90.972527 	48.600410 	87.658424 	
24.186773 	80.721741 	127.781059 	64.660652 	123.987900 	78.873314 	18.867962 	13.341664 	47.434166 	95.775780 	141.495590 	87.618492 	63.513779 	91.021973 	18.248287 	35.777088 	109.343498 	87.658424 	12.206555 	67.230942 	4.000000 	14.764823 	106.826965 	121.165176 	87.664131 	8.000000 	116.516090 	140.730240 	128.817703 	24.041630 	75.179787 	999.000000 	114.017540 	120.880104 	53.450912 	129.321304 	6.082763 	57.567352 	25.000000 	132.136292 	111.220505 	86.764046 	151.320847 	132.279999 	90.338257 	30.000000 	9.219544 	108.558739 	89.470665 	62.361847 	56.515484 	143.178207 	57.070133 	106.066017 	38.000000 	66.219330 	106.943909 	98.412399 	22.671568 	111.413643 	161.245148 	123.490891 	158.492905 	
92.114059 	34.000000 	29.120440 	49.406479 	24.351591 	35.227829 	96.519424 	104.009613 	66.708321 	18.788294 	40.012497 	26.400757 	50.931328 	23.345236 	127.094452 	79.246452 	6.000000 	26.907248 	101.828285 	48.166378 	111.606453 	99.488693 	7.211102 	10.049875 	28.017851 	120.432556 	4.000000 	32.015621 	17.720045 	91.967384 	41.617306 	114.017540 	999.000000 	7.211102 	66.610809 	15.620500 	117.034180 	63.513779 	95.524864 	18.439089 	9.486833 	34.176014 	40.718548 	18.384777 	31.320919 	92.195442 	118.258194 	14.317822 	33.241539 	60.901562 	66.887962 	30.000000 	68.095520 	19.235384 	87.200920 	59.033890 	19.416489 	28.017851 	136.359818 	18.788294 	49.396355 	15.811388 	46.043457 	
98.737022 	40.496914 	25.059929 	56.222771 	20.808653 	42.011902 	103.227905 	110.679718 	73.661385 	25.238859 	34.365681 	33.301651 	57.982758 	30.479502 	133.689941 	86.278618 	11.661903 	34.058773 	108.706024 	55.317268 	118.406082 	106.404884 	14.142136 	5.000000 	35.227829 	127.200630 	4.472136 	25.317978 	11.045361 	99.005051 	48.826221 	120.880104 	7.211102 	999.000000 	73.817345 	8.485281 	123.987900 	70.724815 	102.649887 	11.313708 	15.033297 	41.231056 	33.615471 	11.401754 	38.275318 	99.357941 	125.255737 	20.024984 	40.162170 	68.095520 	74.094536 	22.803509 	75.292763 	25.019993 	94.403389 	66.189125 	25.000000 	34.365681 	143.282944 	23.345236 	42.190044 	15.556349 	38.832977 	
39.319206 	39.051247 	87.664131 	25.019993 	83.006027 	35.440090 	41.000000 	48.093658 	16.278820 	50.990196 	101.390335 	42.047592 	19.104973 	43.566040 	70.213959 	19.000000 	63.285069 	39.962482 	41.976185 	19.313208 	52.392746 	39.051247 	59.908264 	75.471848 	38.600517 	61.131008 	69.892776 	97.128784 	83.528435 	29.410883 	25.000000 	53.450912 	66.610809 	73.817345 	999.000000 	82.200974 	54.625999 	4.123106 	30.528675 	85.000000 	61.554855 	34.828148 	106.850365 	84.811554 	38.418747 	26.400757 	55.009090 	58.000000 	37.202152 	9.055386 	5.000000 	96.607452 	7.071068 	54.671749 	20.615528 	13.038404 	55.443665 	46.043457 	73.790245 	59.816387 	115.935326 	72.917763 	112.645462 	
107.074738 	48.826221 	24.083189 	64.660652 	21.095022 	50.447994 	111.606453 	119.037811 	82.134033 	33.600594 	30.083218 	41.773197 	66.468040 	38.948685 	142.003525 	94.762863 	20.000000 	42.520584 	117.153748 	63.780876 	126.822708 	114.865135 	22.627417 	9.219544 	43.600460 	135.602356 	12.806249 	19.104973 	7.071068 	107.489532 	57.201397 	129.321304 	15.620500 	8.485281 	82.200974 	999.000000 	132.457535 	79.056938 	111.126053 	2.828427 	22.135944 	49.193497 	25.961510 	3.162278 	46.097721 	107.814659 	133.734818 	26.925823 	47.927029 	76.321686 	82.377182 	14.422205 	83.528435 	31.780497 	102.800781 	74.303429 	31.575306 	41.484936 	151.743210 	29.068884 	34.000000 	17.720045 	30.528675 	
29.154760 	84.148682 	131.821854 	67.896980 	127.914032 	82.073135 	23.769728 	19.104973 	50.328918 	99.035347 	145.602203 	90.686272 	66.219330 	93.861603 	21.023796 	38.013157 	112.538879 	90.426765 	15.811388 	69.634758 	10.049875 	17.691807 	109.877205 	124.482933 	90.210861 	10.816654 	119.670380 	144.422989 	132.230865 	25.553865 	77.388626 	6.082763 	117.034180 	123.987900 	54.625999 	132.457535 	999.000000 	58.694122 	24.738634 	135.281189 	113.811249 	88.684837 	154.935471 	135.369858 	92.282173 	29.614185 	3.162278 	110.941429 	91.301697 	63.324562 	57.245087 	146.454773 	57.567352 	108.226616 	37.483330 	67.067131 	109.077957 	100.239716 	19.416489 	113.534134 	164.769531 	125.924583 	161.929001 	
43.185646 	37.336308 	85.381500 	24.515301 	80.653580 	33.541019 	45.011108 	52.153618 	18.867962 	48.466484 	99.020203 	39.560081 	18.110771 	40.706264 	74.330345 	23.021729 	60.415230 	37.121422 	46.097721 	17.262676 	56.515484 	43.174065 	56.938564 	72.560318 	35.510563 	65.253349 	66.887962 	94.366310 	80.622574 	33.526108 	21.954498 	57.567352 	63.513779 	70.724815 	4.123106 	79.056938 	58.694122 	999.000000 	34.481880 	81.841309 	58.137768 	31.144823 	103.942291 	81.608826 	34.713108 	30.232433 	59.033890 	54.451813 	33.421551 	5.000000 	4.000000 	93.477272 	6.082763 	50.990196 	24.041630 	9.000000 	51.739735 	42.201897 	77.820305 	56.080299 	112.898186 	69.310890 	109.553642 	
24.698177 	64.350601 	113.371071 	48.020828 	109.077957 	61.611687 	21.931713 	25.553865 	30.413813 	78.409180 	127.263504 	69.656296 	44.821869 	72.180328 	43.104523 	17.464249 	91.547798 	68.622154 	16.552946 	47.381432 	25.317978 	13.892444 	88.526833 	103.711136 	67.896980 	33.000000 	98.493652 	124.619423 	111.664673 	7.280110 	54.561890 	25.000000 	95.524864 	102.649887 	30.528675 	111.126053 	24.738634 	34.481880 	999.000000 	113.951744 	91.350975 	65.215027 	134.807266 	113.899078 	68.818604 	5.000000 	24.698177 	88.090858 	67.675697 	38.910152 	32.695564 	125.399361 	32.893768 	85.000000 	13.000000 	42.544094 	85.802101 	76.550636 	43.462627 	90.210861 	144.308701 	103.077644 	141.226761 	
109.859001 	51.613953 	24.413111 	67.475922 	21.931713 	53.263496 	114.402794 	121.827744 	84.958817 	36.400551 	29.068884 	44.598206 	69.296463 	41.773197 	144.779144 	97.590981 	22.803509 	45.343136 	119.970833 	66.603302 	129.630249 	117.686020 	25.455845 	11.704700 	46.400433 	138.405197 	15.620500 	17.464249 	7.615773 	110.317726 	60.000000 	132.136292 	18.439089 	11.313708 	85.000000 	2.828427 	135.281189 	81.841309 	113.951744 	999.000000 	24.698177 	51.884487 	23.537205 	1.414214 	48.754486 	110.634537 	136.561340 	29.410883 	50.566788 	79.075912 	85.146935 	11.661903 	86.284416 	34.205261 	105.603027 	77.025970 	33.955853 	43.965897 	154.563904 	31.257000 	31.304953 	19.235384 	27.784887 	
90.338257 	33.734257 	38.600517 	47.423622 	33.837849 	33.837849 	94.413979 	102.000000 	63.812225 	20.024984 	49.162994 	25.000000 	47.707443 	20.615528 	125.239769 	75.802376 	12.727922 	23.706539 	99.020203 	44.204071 	109.077957 	96.519424 	10.295630 	19.104973 	23.600847 	117.991524 	13.341664 	40.311287 	26.076809 	88.408142 	36.796738 	111.220505 	9.486833 	15.033297 	61.554855 	22.135944 	113.811249 	58.137768 	91.350975 	24.698177 	999.000000 	27.459061 	48.083260 	24.166092 	24.186773 	87.692642 	114.808533 	5.000000 	25.942244 	55.000000 	61.220913 	36.249138 	62.201286 	10.000000 	82.134033 	52.697250 	10.049875 	19.416489 	133.221619 	9.433981 	55.946404 	12.649111 	52.325901 	
68.154236 	24.083189 	60.133186 	28.160255 	55.145264 	20.808653 	71.470276 	79.056938 	40.521599 	24.515301 	72.835434 	18.357559 	25.179358 	15.524175 	102.181213 	50.990196 	32.557640 	13.416408 	74.732857 	20.396078 	85.088188 	72.013885 	28.635643 	43.965897 	9.848858 	94.021271 	37.947330 	66.098412 	51.865211 	63.134777 	12.165525 	86.764046 	34.176014 	41.231056 	34.828148 	49.193497 	88.684837 	31.144823 	65.215027 	51.884487 	27.459061 	999.000000 	74.846512 	51.478149 	3.605551 	61.220913 	89.358826 	23.430750 	3.000000 	27.658634 	33.970577 	63.529522 	34.828148 	19.849434 	55.172459 	25.238859 	20.615528 	11.704700 	108.046288 	25.000000 	83.186539 	38.183765 	79.649231 	
128.144455 	70.837845 	26.570660 	87.206650 	28.653097 	73.246162 	133.003754 	140.185593 	104.995239 	56.400356 	18.248287 	65.215027 	90.000000 	63.285069 	162.606888 	117.923706 	43.566040 	66.887962 	139.316193 	87.920418 	148.519363 	137.244308 	47.010635 	31.384710 	68.476273 	157.079605 	37.121422 	10.816654 	23.323807 	130.598618 	81.987801 	151.320847 	40.718548 	33.615471 	106.850365 	25.961510 	154.935471 	103.942291 	134.807266 	23.537205 	48.083260 	74.846512 	999.000000 	24.331051 	71.867935 	131.825638 	156.464050 	52.886673 	73.736015 	101.533249 	107.424393 	13.038404 	108.706024 	57.723480 	127.318497 	99.744675 	57.489128 	67.446274 	173.954010 	54.744862 	10.295630 	42.047592 	9.055386 	
110.113579 	51.865211 	25.806976 	67.623962 	23.259407 	53.413483 	114.621117 	122.065559 	85.041168 	36.619667 	30.413813 	44.687805 	69.310890 	41.725292 	145.055161 	97.621719 	23.021729 	45.276924 	120.104118 	66.528191 	129.807556 	117.796432 	25.495098 	12.369317 	46.227695 	138.600143 	15.811388 	18.681541 	8.944272 	110.344917 	59.816387 	132.279999 	18.384777 	11.401754 	84.811554 	3.162278 	135.369858 	81.608826 	113.899078 	1.414214 	24.166092 	51.478149 	24.331051 	999.000000 	48.301140 	110.535065 	136.619904 	28.792360 	50.089920 	78.771820 	84.876381 	12.083046 	85.982559 	33.526108 	105.422958 	76.661591 	33.241539 	43.324360 	154.673843 	30.413813 	31.780497 	18.110771 	28.178005 	
71.568146 	25.238859 	58.008621 	31.016125 	53.009434 	22.360680 	74.946648 	82.540901 	43.965897 	23.409399 	70.455658 	18.439089 	28.442924 	14.764823 	105.688217 	54.561890 	30.149628 	13.453624 	78.294319 	23.769728 	88.639717 	75.584389 	26.172504 	41.231056 	9.899495 	97.575615 	35.171009 	63.324562 	49.040798 	66.730804 	15.524175 	90.338257 	31.320919 	38.275318 	38.418747 	46.097721 	92.282173 	34.713108 	68.818604 	48.754486 	24.186773 	3.605551 	71.867935 	48.301140 	999.000000 	64.815125 	92.962357 	20.000000 	2.000000 	31.144823 	37.483330 	60.373837 	38.288380 	16.278820 	58.728188 	28.600698 	17.029387 	8.246211 	111.646767 	21.400934 	80.056229 	34.655445 	76.478752 	
27.658634 	61.773781 	110.941429 	45.617977 	106.550461 	58.830265 	25.612497 	29.966648 	28.460499 	75.451973 	124.823875 	66.610809 	41.880783 	68.883957 	48.093658 	16.124516 	88.408142 	65.299309 	21.189621 	44.045429 	30.265491 	18.384777 	85.276024 	100.603180 	64.381676 	38.000000 	95.268044 	121.757957 	108.600182 	9.899495 	50.911690 	30.000000 	92.195442 	99.357941 	26.400757 	107.814659 	29.614185 	30.232433 	5.000000 	110.634537 	87.692642 	61.220913 	131.825638 	110.535065 	64.815125 	999.000000 	29.410883 	84.291161 	63.600315 	34.481880 	28.178005 	122.147453 	28.231188 	81.055534 	8.000000 	38.013157 	81.835197 	72.422371 	48.104053 	86.214851 	141.209061 	99.247169 	138.057953 	
31.622776 	85.632935 	133.600143 	69.310890 	129.630249 	83.438599 	26.248810 	22.022715 	51.623638 	100.409164 	147.410995 	91.967384 	67.357254 	95.015785 	23.323807 	39.051247 	113.863953 	91.547798 	17.888544 	70.604530 	13.152946 	19.416489 	111.126053 	125.865005 	91.214035 	13.453624 	120.966934 	146.000000 	133.660019 	26.400757 	78.236816 	9.219544 	118.258194 	125.255737 	55.009090 	133.734818 	3.162278 	59.033890 	24.698177 	136.561340 	114.808533 	89.358826 	156.464050 	136.619904 	92.962357 	29.410883 	999.000000 	111.830231 	91.923882 	63.560993 	57.384666 	147.800537 	57.584721 	109.000000 	37.107952 	67.230942 	109.836243 	100.846420 	18.788294 	114.280357 	166.243790 	126.826653 	163.355438 	
88.238312 	33.060551 	43.416588 	45.541191 	38.600517 	32.557640 	92.135773 	99.744675 	61.294373 	20.880613 	54.147945 	24.083189 	45.177429 	19.235384 	123.004066 	72.945183 	16.643316 	21.840330 	96.384644 	41.340054 	106.550461 	93.813644 	13.453624 	24.083189 	21.023796 	115.485931 	18.248287 	45.276924 	31.064449 	85.445892 	33.600594 	108.558739 	14.317822 	20.024984 	58.000000 	26.925823 	110.941429 	54.451813 	88.090858 	29.410883 	5.000000 	23.430750 	52.886673 	28.792360 	20.000000 	84.291161 	111.830231 	999.000000 	21.633308 	51.088158 	57.384666 	40.853397 	58.258045 	5.000000 	78.492035 	48.600410 	5.099020 	14.560220 	130.357208 	5.830952 	60.539242 	15.000000 	56.859474 	
71.063354 	26.400757 	60.008331 	31.144823 	55.009090 	23.323807 	74.330345 	81.908485 	43.416588 	25.298222 	72.443085 	20.000000 	28.160255 	16.552946 	105.004761 	53.712196 	32.140316 	15.000000 	77.472572 	23.345236 	87.846458 	74.732857 	28.160255 	43.174065 	11.401754 	96.772926 	37.107952 	65.253349 	50.960770 	65.764732 	15.132746 	89.470665 	33.241539 	40.162170 	37.202152 	47.927029 	91.301697 	33.421551 	67.675697 	50.566788 	25.942244 	3.000000 	73.736015 	50.089920 	2.000000 	63.600315 	91.923882 	21.633308 	999.000000 	29.698484 	36.069378 	62.169125 	36.796738 	17.691807 	57.384666 	27.018513 	18.384777 	8.944272 	110.639053 	22.671568 	81.859634 	36.124783 	78.262383 	
48.166378 	37.000000 	83.934502 	26.000000 	79.120163 	33.015148 	50.009998 	57.140179 	23.259407 	46.840153 	97.416634 	38.078865 	19.313208 	38.626415 	79.246452 	28.017851 	58.180752 	35.114101 	50.990196 	17.117243 	61.392181 	48.052055 	54.561890 	70.213959 	33.105892 	70.092796 	64.412735 	92.195442 	78.262383 	38.327538 	19.924858 	62.361847 	60.901562 	68.095520 	9.055386 	76.321686 	63.324562 	5.000000 	38.910152 	79.075912 	55.000000 	27.658634 	101.533249 	78.771820 	31.144823 	34.481880 	63.560993 	51.088158 	29.698484 	999.000000 	6.403124 	90.735878 	7.211102 	47.381432 	27.802877 	4.000000 	48.083260 	38.288380 	82.346825 	52.345009 	110.276924 	65.795135 	106.850365 	
43.737854 	41.303753 	89.185204 	28.442924 	84.433403 	37.483330 	45.099888 	52.000000 	21.260292 	52.201534 	102.786186 	43.324360 	22.090721 	44.283180 	73.681747 	23.194826 	63.953106 	40.718548 	45.398239 	21.213203 	55.731499 	42.426407 	60.415230 	76.059189 	38.948685 	64.327286 	70.327805 	97.943863 	84.118965 	32.557640 	25.495098 	56.515484 	66.887962 	74.094536 	5.000000 	82.377182 	57.245087 	4.000000 	32.695564 	85.146935 	61.220913 	33.970577 	107.424393 	84.876381 	37.483330 	28.178005 	57.384666 	57.384666 	36.069378 	6.403124 	999.000000 	96.798759 	2.236068 	53.740116 	21.400934 	9.848858 	54.451813 	44.687805 	76.157730 	58.728188 	116.284134 	72.138756 	112.898186 	
120.602654 	62.481998 	26.305893 	78.568443 	26.019224 	64.381676 	125.251747 	132.612213 	96.176918 	47.423622 	24.839485 	55.865910 	80.659782 	53.263496 	155.425217 	108.903625 	33.941124 	56.850681 	131.045792 	78.102493 	140.584488 	128.817703 	36.878178 	22.022715 	58.008621 	149.305054 	26.907248 	12.206555 	14.764823 	121.630585 	71.610054 	143.178207 	30.000000 	22.803509 	96.607452 	14.422205 	146.454773 	93.477272 	125.399361 	11.661903 	36.249138 	63.529522 	13.038404 	12.083046 	60.373837 	122.147453 	147.800537 	40.853397 	62.169125 	90.735878 	96.798759 	999.000000 	97.943863 	45.541191 	117.200684 	88.684837 	45.221676 	55.362442 	165.680420 	42.201897 	19.697716 	29.154760 	16.124516 	
45.122055 	43.185646 	90.801979 	30.594116 	86.023254 	39.319206 	46.270943 	53.037724 	23.345236 	53.758720 	104.355164 	44.922153 	24.186773 	45.694637 	74.431175 	24.515301 	65.306969 	42.154476 	46.173584 	23.086792 	56.435802 	43.185646 	61.717098 	77.369247 	40.249222 	64.938431 	71.589104 	99.317673 	85.422478 	33.241539 	26.925823 	57.070133 	68.095520 	75.292763 	7.071068 	83.528435 	57.567352 	6.082763 	32.893768 	86.284416 	62.201286 	34.828148 	108.706024 	85.982559 	38.288380 	28.231188 	57.584721 	58.258045 	36.796738 	7.211102 	2.236068 	97.943863 	999.000000 	54.488529 	21.095022 	10.000000 	55.172459 	45.276924 	76.321686 	59.396969 	117.477661 	72.917763 	114.057007 	
86.377083 	33.136082 	48.270073 	44.147480 	43.416588 	32.015621 	90.077744 	97.693398 	59.093147 	22.825424 	59.135437 	24.186773 	43.081318 	19.104973 	120.933868 	70.327805 	21.023796 	21.023796 	93.941475 	38.910152 	104.201729 	91.301697 	17.492855 	29.068884 	19.416489 	113.145920 	23.194826 	50.249378 	36.055511 	82.680107 	30.886890 	106.066017 	19.235384 	25.019993 	54.671749 	31.780497 	108.226616 	50.990196 	85.000000 	34.205261 	10.000000 	19.849434 	57.723480 	33.526108 	16.278820 	81.055534 	109.000000 	5.000000 	17.691807 	47.381432 	53.740116 	45.541191 	54.488529 	999.000000 	75.006668 	44.687805 	1.000000 	9.848858 	127.624451 	5.385165 	65.192024 	18.439089 	61.465439 	
33.421551 	58.309521 	107.424393 	42.720020 	102.883430 	55.036350 	32.249031 	37.336308 	27.018513 	71.196907 	121.247681 	62.265560 	38.078865 	64.070274 	56.080299 	17.088007 	83.761566 	60.464867 	28.861740 	39.446167 	38.209946 	25.961510 	80.448738 	95.963531 	59.203041 	46.000000 	90.443352 	117.477661 	104.009613 	16.552946 	45.607018 	38.000000 	87.200920 	94.403389 	20.615528 	102.800781 	37.483330 	24.041630 	13.000000 	105.603027 	82.134033 	55.172459 	127.318497 	105.422958 	58.728188 	8.000000 	37.107952 	78.492035 	57.384666 	27.802877 	21.400934 	117.200684 	21.095022 	75.006668 	999.000000 	31.064449 	75.742989 	66.068146 	55.659679 	80.056229 	136.484436 	93.348808 	133.221619 	
52.153618 	37.215588 	82.975899 	27.784887 	78.102493 	33.136082 	54.009258 	61.131008 	26.925823 	45.891174 	96.301613 	37.336308 	21.095022 	37.363083 	83.186539 	32.015621 	56.648037 	33.955853 	54.918121 	18.027756 	65.306969 	51.971146 	52.924473 	68.541962 	31.622776 	73.979729 	62.649822 	90.620087 	76.557167 	42.201897 	19.104973 	66.219330 	59.033890 	66.189125 	13.038404 	74.303429 	67.067131 	9.000000 	42.544094 	77.025970 	52.697250 	25.238859 	99.744675 	76.661591 	28.600698 	38.013157 	67.230942 	48.600410 	27.018513 	4.000000 	9.848858 	88.684837 	10.000000 	44.687805 	31.064449 	999.000000 	45.343136 	35.355339 	86.005814 	49.517673 	108.300507 	63.126858 	104.809349 	
