Total assets = 621
Number of asset nodes = 34

Distance:
999.000000 	37.202152 	80.622574 	30.463093 	41.182522 	42.544094 	12.649111 	37.000000 	40.311287 	28.071337 	21.587032 	39.012817 	81.541397 	39.597980 	88.090858 	48.836460 	26.925823 	37.483330 	40.024994 	43.416588 	43.566040 	41.976185 	39.217342 	43.174065 	42.449970 	39.924931 	35.355339 	43.324360 	53.084839 	43.657761 	39.051247 	60.074955 	52.773098 	53.758720 	61.131008 	59.413803 	60.299255 	63.071388 	68.066147 	47.434166 	60.827625 	63.639610 	65.375839 	65.490456 	68.359344 	62.625874 	61.326992 	70.576202 	
37.202152 	999.000000 	44.045429 	10.198039 	6.324555 	7.071068 	31.622776 	11.180340 	77.336922 	20.099751 	28.460499 	72.732384 	48.383881 	6.324555 	50.990196 	22.203604 	53.225933 	28.861740 	32.280025 	30.870699 	31.780497 	32.893768 	35.693138 	34.176014 	34.785053 	37.656342 	47.265209 	37.643059 	33.970577 	38.600517 	47.000000 	35.510563 	38.013157 	38.600517 	40.459858 	41.012192 	41.036568 	41.400482 	42.485291 	49.819675 	43.863426 	45.276924 	45.453274 	46.097721 	47.801674 	51.865211 	53.712196 	59.203041 	
80.622574 	44.045429 	999.000000 	53.254108 	42.190044 	40.816662 	75.604233 	49.648766 	120.933868 	61.773781 	71.344238 	112.507774 	17.691807 	41.036568 	10.000000 	48.052055 	96.566040 	65.459915 	67.720009 	63.788715 	64.761101 	67.186310 	72.124893 	67.911705 	69.123077 	74.040527 	87.464279 	72.034714 	59.211487 	73.006851 	85.702972 	53.037724 	65.276337 	65.192024 	60.074955 	63.007935 	62.032249 	59.211487 	53.935146 	85.146935 	66.030296 	65.192024 	63.387695 	64.381676 	63.788715 	77.006493 	81.024689 	81.394104 	
30.463093 	10.198039 	53.254108 	999.000000 	11.313708 	12.727922 	22.627417 	7.000000 	69.634758 	10.000000 	18.384777 	68.249542 	58.523499 	16.000000 	59.464275 	20.223749 	43.416588 	20.124611 	23.706539 	23.430750 	24.207438 	24.698177 	26.570660 	26.076809 	26.419689 	28.460499 	37.121422 	29.068884 	29.154760 	29.966648 	37.054016 	33.241539 	31.890438 	32.649654 	36.674240 	36.359318 	36.715118 	38.078865 	41.000000 	40.521599 	38.832977 	40.816662 	41.593269 	42.059483 	44.283180 	45.276924 	46.400433 	53.037724 	
41.182522 	6.324555 	42.190044 	11.313708 	999.000000 	1.414214 	33.941124 	8.062258 	80.802231 	19.697716 	29.154760 	77.884529 	48.836460 	11.313708 	48.166378 	16.278820 	54.378304 	26.019224 	29.154760 	26.925823 	27.892651 	29.427877 	33.015148 	30.594116 	31.400637 	35.014282 	46.324940 	34.365681 	28.600698 	35.355339 	45.398239 	29.410883 	33.120991 	33.615471 	34.655445 	35.468296 	35.383614 	35.468296 	36.235340 	47.095646 	38.418747 	39.623226 	39.623226 	40.311287 	41.868843 	47.010635 	49.244289 	54.083271 	
42.544094 	7.071068 	40.816662 	12.727922 	1.414214 	999.000000 	35.355339 	9.219544 	82.200974 	21.023796 	30.528675 	79.120163 	47.675991 	11.401754 	46.754681 	16.278820 	55.758408 	27.000000 	30.066593 	27.658634 	28.635643 	30.265491 	34.000000 	31.400637 	32.249031 	36.000000 	47.539455 	35.227829 	28.844410 	36.221542 	46.529560 	29.206163 	33.541019 	34.000000 	34.655445 	35.608986 	35.468296 	35.383614 	35.846897 	48.041649 	38.600517 	39.698868 	39.597980 	40.311287 	41.773197 	47.413078 	49.769470 	54.378304 	
12.649111 	31.622776 	75.604233 	22.627417 	33.941124 	35.355339 	999.000000 	28.017851 	47.507893 	17.088007 	9.055386 	51.088158 	79.202271 	35.777088 	82.073135 	38.275318 	22.561028 	25.079872 	27.459061 	31.064449 	31.144823 	29.427877 	26.570660 	30.594116 	29.832869 	27.313000 	24.698177 	30.675724 	41.012192 	31.016125 	27.658634 	48.507732 	40.311287 	41.303753 	49.000000 	47.095646 	48.041649 	51.009804 	56.435802 	35.468296 	48.373547 	51.244511 	53.084839 	53.150730 	56.080299 	49.979996 	48.754486 	57.939625 	
37.000000 	11.180340 	49.648766 	7.000000 	8.062258 	9.219544 	28.017851 	999.000000 	75.471848 	12.206555 	22.022715 	75.133217 	56.885849 	17.464249 	55.000000 	13.341664 	47.201694 	18.110771 	21.377558 	19.697716 	20.615528 	21.840330 	25.079872 	23.086792 	23.769728 	27.073973 	38.327538 	26.683329 	23.430750 	27.658634 	37.336308 	26.570660 	27.018513 	27.658634 	30.528675 	30.610456 	30.805843 	31.764761 	34.205261 	39.204590 	33.301651 	35.000000 	35.510563 	36.055511 	38.078865 	40.804413 	42.544094 	48.270073 	
40.311287 	77.336922 	120.933868 	69.634758 	80.802231 	82.200974 	47.507893 	75.471848 	999.000000 	64.412735 	55.036350 	28.792360 	121.210564 	79.906197 	128.316010 	85.428329 	36.055511 	69.570107 	70.604530 	75.286118 	75.000000 	72.532753 	67.683083 	73.246162 	72.034714 	67.268120 	54.083271 	71.386276 	85.726311 	71.196907 	59.076221 	94.244362 	83.198555 	84.172440 	93.145050 	90.470993 	91.678787 	95.336250 	101.833199 	68.007355 	90.801979 	93.941475 	96.317184 	96.104111 	99.247169 	88.277969 	85.052925 	95.047356 	
28.071337 	20.099751 	61.773781 	10.000000 	19.697716 	21.023796 	17.088007 	12.206555 	64.412735 	999.000000 	9.899495 	67.067131 	68.154236 	26.000000 	67.201187 	21.189621 	35.000000 	12.041595 	15.556349 	17.000000 	17.492855 	17.029387 	17.492855 	18.439089 	18.384777 	19.235384 	27.166155 	20.615528 	25.495098 	21.400934 	27.073973 	32.015621 	26.400757 	27.313000 	33.541019 	32.280025 	32.984844 	35.355339 	40.012497 	31.016125 	34.176014 	36.687874 	38.078865 	38.327538 	41.000000 	38.600517 	38.897301 	46.615448 	
21.587032 	28.460499 	71.344238 	18.384777 	29.154760 	30.528675 	9.055386 	22.022715 	55.036350 	9.899495 	999.000000 	60.133186 	76.843994 	33.734257 	77.006493 	30.413813 	25.238859 	16.031219 	18.439089 	22.022715 	22.090721 	20.396078 	17.888544 	21.587032 	20.880613 	18.867962 	20.396078 	21.931713 	32.062439 	22.360680 	21.931713 	39.812057 	31.257000 	32.249031 	40.012497 	38.052597 	39.012817 	42.047592 	47.675991 	28.425341 	39.319206 	42.190044 	44.045429 	44.102154 	47.042534 	41.231056 	40.311287 	49.244289 	
39.012817 	72.732384 	112.507774 	68.249542 	77.884529 	79.120163 	51.088158 	75.133217 	28.792360 	67.067131 	60.133186 	999.000000 	108.706024 	73.006851 	121.235306 	87.572830 	52.354561 	76.164299 	78.409180 	82.152298 	82.219215 	80.399002 	76.941536 	81.498466 	80.622574 	77.278717 	68.352028 	81.049370 	92.021736 	81.215759 	73.054771 	99.080772 	91.350975 	92.347168 	100.044991 	98.183502 	99.126183 	102.019608 	107.074738 	82.219215 	99.408249 	102.313248 	104.172935 	104.235313 	107.168091 	100.019997 	97.984695 	107.707939 	
81.541397 	48.383881 	17.691807 	58.523499 	48.836460 	47.675991 	79.202271 	56.885849 	121.210564 	68.154236 	76.843994 	108.706024 	999.000000 	43.462627 	25.942244 	59.076221 	101.390335 	74.431175 	77.233414 	74.027023 	75.026665 	77.103828 	81.394104 	78.057671 	79.101204 	83.384651 	95.126228 	82.097504 	71.449280 	83.096329 	94.201912 	66.708321 	77.317528 	77.414467 	73.756355 	76.295479 	75.504967 	73.246162 	68.949257 	95.189285 	79.429214 	79.075912 	77.620872 	78.587532 	78.447433 	90.094398 	93.648277 	95.341492 	
39.597980 	6.324555 	41.036568 	16.000000 	11.313708 	11.401754 	35.777088 	17.464249 	79.906197 	26.000000 	33.734257 	73.006851 	43.462627 	999.000000 	48.826221 	27.586229 	57.939625 	35.171009 	38.600517 	37.161808 	38.078865 	39.217342 	41.976185 	40.496914 	41.109608 	43.931767 	53.084839 	43.965897 	39.824615 	44.922153 	53.037724 	40.607880 	44.102154 	44.654228 	45.967381 	46.754681 	46.690472 	46.754681 	47.169907 	56.089214 	49.678970 	50.931328 	50.931328 	51.623638 	53.150730 	57.982758 	59.941639 	65.215027 	
88.090858 	50.990196 	10.000000 	59.464275 	48.166378 	46.754681 	82.073135 	55.000000 	128.316010 	67.201187 	77.006493 	121.235306 	25.942244 	48.826221 	999.000000 	51.078373 	102.200783 	69.318108 	71.175842 	66.850578 	67.779053 	70.384659 	75.643906 	70.936592 	72.235725 	77.472572 	91.706055 	75.026665 	60.876926 	75.960518 	89.470665 	53.600372 	66.940269 	66.708321 	60.406952 	63.639610 	62.514000 	59.211487 	53.000000 	87.920418 	66.483078 	65.192024 	63.071388 	64.070274 	63.000000 	77.524193 	81.884064 	81.024689 	
48.836460 	22.203604 	48.052055 	20.223749 	16.278820 	16.278820 	38.275318 	13.341664 	85.428329 	21.189621 	30.413813 	87.572830 	59.076221 	27.586229 	51.078373 	999.000000 	53.907330 	18.601076 	20.124611 	15.811388 	16.763054 	19.313208 	24.596748 	19.924858 	21.189621 	26.400757 	41.048752 	24.041630 	13.000000 	25.000000 	38.470768 	13.416408 	18.439089 	18.681541 	18.384777 	19.416489 	19.209373 	19.209373 	20.880613 	37.107952 	22.472204 	23.430750 	23.345236 	24.041630 	25.612497 	31.953091 	34.928497 	38.470768 	
26.925823 	53.225933 	96.566040 	43.416588 	54.378304 	55.758408 	22.561028 	47.201694 	36.055511 	35.000000 	25.238859 	52.354561 	101.390335 	57.939625 	102.200783 	53.907330 	999.000000 	36.055511 	36.235340 	41.182522 	40.706264 	38.013157 	32.695564 	38.483765 	37.161808 	31.953091 	18.027756 	36.055511 	51.429562 	35.735138 	23.021729 	60.415230 	48.104053 	49.040798 	58.309521 	55.362442 	56.648037 	60.539242 	67.542580 	32.015621 	55.362442 	58.523499 	61.032780 	60.728905 	63.890530 	52.239830 	49.010204 	59.008472 	
37.483330 	28.861740 	65.459915 	20.124611 	26.019224 	27.000000 	25.079872 	18.110771 	69.570107 	12.041595 	16.031219 	76.164299 	74.431175 	35.171009 	69.318108 	18.601076 	36.055511 	999.000000 	3.605551 	6.000000 	6.082763 	5.000000 	7.000000 	6.403124 	6.403124 	9.000000 	22.472204 	8.944272 	16.278820 	9.848858 	20.248457 	24.698177 	15.297058 	16.278820 	24.083189 	22.022715 	23.000000 	26.172504 	32.280025 	21.095022 	23.345236 	26.172504 	28.017851 	28.071337 	31.016125 	26.627054 	26.870058 	34.669872 	
40.024994 	32.280025 	67.720009 	23.706539 	29.154760 	30.066593 	27.459061 	21.377558 	70.604530 	15.556349 	18.439089 	78.409180 	77.233414 	38.600517 	71.175842 	20.124611 	36.235340 	3.605551 	999.000000 	5.000000 	4.472136 	2.000000 	4.472136 	3.162278 	2.828427 	6.324555 	21.260292 	5.385165 	15.231546 	6.324555 	18.357559 	24.186773 	13.000000 	14.000000 	22.561028 	20.099751 	21.213203 	24.738634 	31.384710 	18.000000 	21.023796 	24.000000 	26.076809 	26.019224 	29.068884 	23.323807 	23.345236 	31.384710 	
43.416588 	30.870699 	63.788715 	23.430750 	26.925823 	27.658634 	31.064449 	19.697716 	75.286118 	17.000000 	22.022715 	82.152298 	74.027023 	37.161808 	66.850578 	15.811388 	41.182522 	6.000000 	5.000000 	999.000000 	1.000000 	3.605551 	9.219544 	4.123106 	5.385165 	10.816654 	26.172504 	8.246211 	10.440307 	9.219544 	23.021729 	19.235384 	9.486833 	10.440307 	18.110771 	16.031219 	17.000000 	20.223749 	26.570660 	21.377558 	17.464249 	20.223749 	22.022715 	22.090721 	25.019993 	21.931713 	23.021729 	29.832869 	
43.566040 	31.780497 	64.761101 	24.207438 	27.892651 	28.635643 	31.144823 	20.615528 	75.000000 	17.492855 	22.090721 	82.219215 	75.026665 	38.078865 	67.779053 	16.763054 	40.706264 	6.082763 	4.472136 	1.000000 	999.000000 	2.828427 	8.485281 	3.162278 	4.472136 	10.000000 	25.455845 	7.280110 	10.770329 	8.246211 	22.203604 	19.723083 	9.219544 	10.198039 	18.248287 	16.000000 	17.029387 	20.396078 	26.925823 	20.396078 	17.262676 	20.099751 	22.000000 	22.022715 	25.000000 	21.260292 	22.203604 	29.206163 	
41.976185 	32.893768 	67.186310 	24.698177 	29.427877 	30.265491 	29.427877 	21.840330 	72.532753 	17.029387 	20.396078 	80.399002 	77.103828 	39.217342 	70.384659 	19.313208 	38.013157 	5.000000 	2.000000 	3.605551 	2.828427 	999.000000 	5.656854 	1.414214 	2.000000 	7.211102 	22.627417 	5.000000 	13.416408 	6.000000 	19.416489 	22.472204 	11.000000 	12.000000 	20.615528 	18.110771 	19.235384 	22.803509 	29.546574 	18.110771 	19.026299 	22.000000 	24.083189 	24.020824 	27.073973 	21.633308 	21.931713 	29.681644 	
39.217342 	35.693138 	72.124893 	26.570660 	33.015148 	34.000000 	26.570660 	25.079872 	67.683083 	17.492855 	17.888544 	76.941536 	81.394104 	41.976185 	75.643906 	24.596748 	32.695564 	7.000000 	4.472136 	9.219544 	8.485281 	5.656854 	999.000000 	5.830952 	4.472136 	2.000000 	16.970562 	4.123106 	18.867962 	4.472136 	13.892444 	28.017851 	15.524175 	16.492422 	25.632011 	22.803509 	24.041630 	27.856777 	34.885529 	14.142136 	23.194826 	26.305893 	28.635643 	28.442924 	31.575306 	23.409399 	22.472204 	31.384710 	
43.174065 	34.176014 	67.911705 	26.076809 	30.594116 	31.400637 	30.594116 	23.086792 	73.246162 	18.439089 	21.587032 	81.498466 	78.057671 	40.496914 	70.936592 	19.924858 	38.483765 	6.403124 	3.162278 	4.123106 	3.162278 	1.414214 	5.830952 	999.000000 	1.414214 	7.071068 	22.671568 	4.123106 	13.038404 	5.099020 	19.209373 	22.203604 	10.049875 	11.045361 	19.924858 	17.262676 	18.439089 	22.135944 	29.068884 	17.262676 	18.000000 	21.023796 	23.194826 	23.086792 	26.172504 	20.248457 	20.518284 	28.301943 	
42.449970 	34.785053 	69.123077 	26.419689 	31.400637 	32.249031 	29.832869 	23.769728 	72.034714 	18.384777 	20.880613 	80.622574 	79.101204 	41.109608 	72.235725 	21.189621 	37.161808 	6.403124 	2.828427 	5.385165 	4.472136 	2.000000 	4.472136 	1.414214 	999.000000 	5.656854 	21.260292 	3.000000 	14.422205 	4.000000 	17.804493 	23.600847 	11.180340 	12.165525 	21.189621 	18.439089 	19.646883 	23.409399 	30.413813 	16.124516 	19.026299 	22.090721 	24.331051 	24.186773 	27.294687 	20.591261 	20.518284 	28.653097 	
39.924931 	37.656342 	74.040527 	28.460499 	35.014282 	36.000000 	27.313000 	27.073973 	67.268120 	19.235384 	18.867962 	77.278717 	83.384651 	43.931767 	77.472572 	26.400757 	31.953091 	9.000000 	6.324555 	10.816654 	10.000000 	7.211102 	2.000000 	7.071068 	5.656854 	999.000000 	15.620500 	4.123106 	20.000000 	4.000000 	12.206555 	29.206163 	16.155495 	17.088007 	26.400757 	23.409399 	24.698177 	28.635643 	35.846897 	12.165525 	23.537205 	26.683329 	29.120440 	28.861740 	32.015621 	22.803509 	21.470911 	30.675724 	
35.355339 	47.265209 	87.464279 	37.121422 	46.324940 	47.539455 	24.698177 	38.327538 	54.083271 	27.166155 	20.396078 	68.352028 	95.126228 	53.084839 	91.706055 	41.048752 	18.027756 	22.472204 	21.260292 	26.172504 	25.455845 	22.627417 	16.970562 	22.671568 	21.260292 	15.620500 	999.000000 	19.416489 	35.608986 	18.867962 	5.000000 	44.821869 	31.384710 	32.249031 	41.677334 	38.470768 	39.824615 	43.908997 	51.312767 	14.142136 	38.078865 	41.231056 	43.863426 	43.462627 	46.615448 	34.234486 	31.000000 	41.000000 	
43.324360 	37.643059 	72.034714 	29.068884 	34.365681 	35.227829 	30.675724 	26.683329 	71.386276 	20.615528 	21.931713 	81.049370 	82.097504 	43.965897 	75.026665 	24.041630 	36.055511 	8.944272 	5.385165 	8.246211 	7.280110 	5.000000 	4.123106 	4.123106 	3.000000 	4.123106 	19.416489 	999.000000 	16.278820 	1.000000 	15.556349 	25.495098 	12.083046 	13.000000 	22.360680 	19.313208 	20.615528 	24.596748 	31.906113 	13.152946 	19.416489 	22.561028 	25.000000 	24.738634 	27.892651 	19.313208 	18.601076 	27.313000 	
53.084839 	33.970577 	59.211487 	29.154760 	28.600698 	28.844410 	41.012192 	23.430750 	85.726311 	25.495098 	32.062439 	92.021736 	71.449280 	39.824615 	60.876926 	13.000000 	51.429562 	16.278820 	15.231546 	10.440307 	10.770329 	13.416408 	18.867962 	13.038404 	14.422205 	20.000000 	35.608986 	16.278820 	999.000000 	16.970562 	31.827662 	9.219544 	6.082763 	6.000000 	8.062258 	7.211102 	7.615773 	10.000000 	16.155495 	27.784887 	9.899495 	11.661903 	12.649111 	13.000000 	15.524175 	18.973665 	22.203604 	25.553865 	
43.657761 	38.600517 	73.006851 	29.966648 	35.355339 	36.221542 	31.016125 	27.658634 	71.196907 	21.400934 	22.360680 	81.215759 	83.096329 	44.922153 	75.960518 	25.000000 	35.735138 	9.848858 	6.324555 	9.219544 	8.246211 	6.000000 	4.472136 	5.099020 	4.000000 	4.000000 	18.867962 	1.000000 	16.970562 	999.000000 	14.866069 	26.172504 	12.529964 	13.416408 	22.825424 	19.697716 	21.023796 	25.059929 	32.449963 	12.165525 	19.646883 	22.803509 	25.298222 	25.000000 	28.160255 	18.973665 	18.027756 	26.925823 	
39.051247 	47.000000 	85.702972 	37.054016 	45.398239 	46.529560 	27.658634 	37.336308 	59.076221 	27.073973 	21.931713 	73.054771 	94.201912 	53.037724 	89.470665 	38.470768 	23.021729 	20.248457 	18.357559 	23.021729 	22.203604 	19.416489 	13.892444 	19.209373 	17.804493 	12.206555 	5.000000 	15.556349 	31.827662 	14.866069 	999.000000 	41.036568 	27.202942 	28.017851 	37.443291 	34.132095 	35.510563 	39.661064 	47.201694 	9.219544 	33.541019 	36.674240 	39.357338 	38.910152 	42.047592 	29.274563 	26.000000 	36.000000 	
60.074955 	35.510563 	53.037724 	33.241539 	29.410883 	29.206163 	48.507732 	26.570660 	94.244362 	32.015621 	39.812057 	99.080772 	66.708321 	40.607880 	53.600372 	13.416408 	60.415230 	24.698177 	24.186773 	19.235384 	19.723083 	22.472204 	28.017851 	22.203604 	23.600847 	29.206163 	44.821869 	25.495098 	9.219544 	26.172504 	41.036568 	999.000000 	14.422205 	13.892444 	7.071068 	10.049875 	9.000000 	6.708204 	8.000000 	36.619667 	13.000000 	12.369317 	11.180340 	12.083046 	12.806249 	24.020824 	28.284271 	28.635643 	
52.773098 	38.013157 	65.276337 	31.890438 	33.120991 	33.541019 	40.311287 	27.018513 	83.198555 	26.400757 	31.257000 	91.350975 	77.317528 	44.102154 	66.940269 	18.439089 	48.104053 	15.297058 	13.000000 	9.486833 	9.219544 	11.000000 	15.524175 	10.049875 	11.180340 	16.155495 	31.384710 	12.083046 	6.082763 	12.529964 	27.202942 	14.422205 	999.000000 	1.000000 	10.295630 	7.280110 	8.544003 	12.529964 	20.000000 	22.203604 	8.062258 	11.000000 	13.152946 	13.038404 	16.124516 	13.892444 	16.492422 	21.260292 	
53.758720 	38.600517 	65.192024 	32.649654 	33.615471 	34.000000 	41.303753 	27.658634 	84.172440 	27.313000 	32.249031 	92.347168 	77.414467 	44.654228 	66.708321 	18.681541 	49.040798 	16.278820 	14.000000 	10.440307 	10.198039 	12.000000 	16.492422 	11.045361 	12.165525 	17.088007 	32.249031 	13.000000 	6.000000 	13.416408 	28.017851 	13.892444 	1.000000 	999.000000 	9.433981 	6.324555 	7.615773 	11.661903 	19.209373 	22.803509 	7.071068 	10.000000 	12.165525 	12.041595 	15.132746 	13.416408 	16.278820 	20.615528 	
61.131008 	40.459858 	60.074955 	36.674240 	34.655445 	34.655445 	49.000000 	30.528675 	93.145050 	33.541019 	40.012497 	100.044991 	73.756355 	45.967381 	60.406952 	18.384777 	58.309521 	24.083189 	22.561028 	18.110771 	18.248287 	20.615528 	25.632011 	19.924858 	21.189621 	26.400757 	41.677334 	22.360680 	8.062258 	22.825424 	37.443291 	7.071068 	10.295630 	9.433981 	999.000000 	3.605551 	2.236068 	2.236068 	9.899495 	31.827662 	6.082763 	5.385165 	5.000000 	5.656854 	7.615773 	17.117243 	21.587032 	21.587032 	
59.413803 	41.012192 	63.007935 	36.359318 	35.468296 	35.608986 	47.095646 	30.610456 	90.470993 	32.280025 	38.052597 	98.183502 	76.295479 	46.754681 	63.639610 	19.416489 	55.362442 	22.022715 	20.099751 	16.031219 	16.000000 	18.110771 	22.803509 	17.262676 	18.439089 	23.409399 	38.470768 	19.313208 	7.211102 	19.697716 	34.132095 	10.049875 	7.280110 	6.324555 	3.605551 	999.000000 	1.414214 	5.656854 	13.453624 	28.284271 	3.162278 	4.472136 	6.000000 	6.082763 	9.000000 	14.000000 	18.248287 	19.313208 	
60.299255 	41.036568 	62.032249 	36.715118 	35.383614 	35.468296 	48.041649 	30.805843 	91.678787 	32.984844 	39.012817 	99.126183 	75.504967 	46.690472 	62.514000 	19.209373 	56.648037 	23.000000 	21.213203 	17.000000 	17.029387 	19.235384 	24.041630 	18.439089 	19.646883 	24.698177 	39.824615 	20.615528 	7.615773 	21.023796 	35.510563 	9.000000 	8.544003 	7.615773 	2.236068 	1.414214 	999.000000 	4.242640 	12.041595 	29.698484 	4.000000 	4.242640 	5.099020 	5.385165 	8.062258 	15.033297 	19.416489 	19.924858 	
63.071388 	41.400482 	59.211487 	38.078865 	35.468296 	35.383614 	51.009804 	31.764761 	95.336250 	35.355339 	42.047592 	102.019608 	73.246162 	46.754681 	59.211487 	19.209373 	60.539242 	26.172504 	24.738634 	20.223749 	20.396078 	22.803509 	27.856777 	22.135944 	23.409399 	28.635643 	43.908997 	24.596748 	10.000000 	25.059929 	39.661064 	6.708204 	12.529964 	11.661903 	2.236068 	5.656854 	4.242640 	999.000000 	7.810250 	33.941124 	7.615773 	6.000000 	4.472136 	5.385165 	6.403124 	18.439089 	23.086792 	22.203604 	
68.066147 	42.485291 	53.935146 	41.000000 	36.235340 	35.846897 	56.435802 	34.205261 	101.833199 	40.012497 	47.675991 	107.074738 	68.949257 	47.169907 	53.000000 	20.880613 	67.542580 	32.280025 	31.384710 	26.570660 	26.925823 	29.546574 	34.885529 	29.068884 	30.413813 	35.846897 	51.312767 	31.906113 	16.155495 	32.449963 	47.201694 	8.000000 	20.000000 	19.209373 	9.899495 	13.453624 	12.041595 	7.810250 	999.000000 	41.725292 	15.264338 	13.000000 	10.440307 	11.401754 	10.000000 	25.632011 	30.463093 	28.071337 	
47.434166 	49.819675 	85.146935 	40.521599 	47.095646 	48.041649 	35.468296 	39.204590 	68.007355 	31.016125 	28.425341 	82.219215 	95.189285 	56.089214 	87.920418 	37.107952 	32.015621 	21.095022 	18.000000 	21.377558 	20.396078 	18.110771 	14.142136 	17.262676 	16.124516 	12.165525 	14.142136 	13.152946 	27.784887 	12.165525 	9.219544 	36.619667 	22.203604 	22.803509 	31.827662 	28.284271 	29.698484 	33.941124 	41.725292 	999.000000 	27.018513 	30.000000 	32.802441 	32.202484 	35.227829 	20.880613 	17.117243 	27.073973 	
60.827625 	43.863426 	66.030296 	38.832977 	38.418747 	38.600517 	48.373547 	33.301651 	90.801979 	34.176014 	39.319206 	99.408249 	79.429214 	49.678970 	66.483078 	22.472204 	55.362442 	23.345236 	21.023796 	17.464249 	17.262676 	19.026299 	23.194826 	18.000000 	19.026299 	23.537205 	38.078865 	19.416489 	9.899495 	19.646883 	33.541019 	13.000000 	8.062258 	7.071068 	6.082763 	3.162278 	4.000000 	7.615773 	15.264338 	27.018513 	999.000000 	3.162278 	5.830952 	5.385165 	8.544003 	11.045361 	15.524175 	16.155495 	
63.639610 	45.276924 	65.192024 	40.816662 	39.623226 	39.698868 	51.244511 	35.000000 	93.941475 	36.687874 	42.190044 	102.313248 	79.075912 	50.931328 	65.192024 	23.430750 	58.523499 	26.172504 	24.000000 	20.223749 	20.099751 	22.000000 	26.305893 	21.023796 	22.090721 	26.683329 	41.231056 	22.561028 	11.661903 	22.803509 	36.674240 	12.369317 	11.000000 	10.000000 	5.385165 	4.472136 	4.242640 	6.000000 	13.000000 	30.000000 	3.162278 	999.000000 	2.828427 	2.236068 	5.385165 	12.649111 	17.464249 	16.278820 	
65.375839 	45.453274 	63.387695 	41.593269 	39.623226 	39.597980 	53.084839 	35.510563 	96.317184 	38.078865 	44.045429 	104.172935 	77.620872 	50.931328 	63.071388 	23.345236 	61.032780 	28.017851 	26.076809 	22.022715 	22.000000 	24.083189 	28.635643 	23.194826 	24.331051 	29.120440 	43.863426 	25.000000 	12.649111 	25.298222 	39.357338 	11.180340 	13.152946 	12.165525 	5.000000 	6.000000 	5.099020 	4.472136 	10.440307 	32.802441 	5.830952 	2.828427 	999.000000 	1.000000 	3.000000 	15.231546 	20.124611 	18.027756 	
65.490456 	46.097721 	64.381676 	42.059483 	40.311287 	40.311287 	53.150730 	36.055511 	96.104111 	38.327538 	44.102154 	104.235313 	78.587532 	51.623638 	64.070274 	24.041630 	60.728905 	28.071337 	26.019224 	22.090721 	22.022715 	24.020824 	28.442924 	23.086792 	24.186773 	28.861740 	43.462627 	24.738634 	13.000000 	25.000000 	38.910152 	12.083046 	13.038404 	12.041595 	5.656854 	6.082763 	5.385165 	5.385165 	11.401754 	32.202484 	5.385165 	2.236068 	1.000000 	999.000000 	3.162278 	14.317822 	19.235384 	17.029387 	
68.359344 	47.801674 	63.788715 	44.283180 	41.868843 	41.773197 	56.080299 	38.078865 	99.247169 	41.000000 	47.042534 	107.168091 	78.447433 	53.150730 	63.000000 	25.612497 	63.890530 	31.016125 	29.068884 	25.019993 	25.000000 	27.073973 	31.575306 	26.172504 	27.294687 	32.015621 	46.615448 	27.892651 	15.524175 	28.160255 	42.047592 	12.806249 	16.124516 	15.132746 	7.615773 	9.000000 	8.062258 	6.403124 	10.000000 	35.227829 	8.544003 	5.385165 	3.000000 	3.162278 	999.000000 	16.643316 	21.633308 	18.110771 	
62.625874 	51.865211 	77.006493 	45.276924 	47.010635 	47.413078 	49.979996 	40.804413 	88.277969 	38.600517 	41.231056 	100.019997 	90.094398 	57.982758 	77.524193 	31.953091 	52.239830 	26.627054 	23.323807 	21.931713 	21.260292 	21.633308 	23.409399 	20.248457 	20.591261 	22.803509 	34.234486 	19.313208 	18.973665 	18.973665 	29.274563 	24.020824 	13.892444 	13.416408 	17.117243 	14.000000 	15.033297 	18.439089 	25.632011 	20.880613 	11.045361 	12.649111 	15.231546 	14.317822 	16.643316 	999.000000 	5.000000 	8.062258 	
61.326992 	53.712196 	81.024689 	46.400433 	49.244289 	49.769470 	48.754486 	42.544094 	85.052925 	38.897301 	40.311287 	97.984695 	93.648277 	59.941639 	81.884064 	34.928497 	49.010204 	26.870058 	23.345236 	23.021729 	22.203604 	21.931713 	22.472204 	20.518284 	20.518284 	21.470911 	31.000000 	18.601076 	22.203604 	18.027756 	26.000000 	28.284271 	16.492422 	16.278820 	21.587032 	18.248287 	19.416489 	23.086792 	30.463093 	17.117243 	15.524175 	17.464249 	20.124611 	19.235384 	21.633308 	5.000000 	999.000000 	10.000000 	
70.576202 	59.203041 	81.394104 	53.037724 	54.083271 	54.378304 	57.939625 	48.270073 	95.047356 	46.615448 	49.244289 	107.707939 	95.341492 	65.215027 	81.024689 	38.470768 	59.008472 	34.669872 	31.384710 	29.832869 	29.206163 	29.681644 	31.384710 	28.301943 	28.653097 	30.675724 	41.000000 	27.313000 	25.553865 	26.925823 	36.000000 	28.635643 	21.260292 	20.615528 	21.587032 	19.313208 	19.924858 	22.203604 	28.071337 	27.073973 	16.155495 	16.278820 	18.027756 	17.029387 	18.110771 	8.062258 	10.000000 	999.000000 	

Travel time:
9.000000 	0.930054 	2.015564 	0.761577 	1.029563 	1.063602 	0.316228 	0.925000 	1.007782 	0.701783 	0.539676 	0.975320 	2.038535 	0.989950 	2.202271 	1.220912 	0.673146 	0.937083 	1.000625 	1.085415 	1.089151 	1.049405 	0.980434 	1.079352 	1.061249 	0.998123 	0.883883 	1.083109 	1.327121 	1.091444 	0.976281 	1.501874 	1.319327 	1.343968 	1.528275 	1.485345 	1.507481 	1.576785 	1.701654 	1.185854 	1.520691 	1.590990 	1.634396 	1.637261 	1.708984 	1.565647 	1.533175 	1.764405 	
0.930054 	9.000000 	1.101136 	0.254951 	0.158114 	0.176777 	0.790569 	0.279509 	1.933423 	0.502494 	0.711512 	1.818310 	1.209597 	0.158114 	1.274755 	0.555090 	1.330648 	0.721543 	0.807001 	0.771767 	0.794512 	0.822344 	0.892328 	0.854400 	0.869626 	0.941409 	1.181630 	0.941076 	0.849264 	0.965013 	1.175000 	0.887764 	0.950329 	0.965013 	1.011496 	1.025305 	1.025914 	1.035012 	1.062132 	1.245492 	1.096586 	1.131923 	1.136332 	1.152443 	1.195042 	1.296630 	1.342805 	1.480076 	
2.015564 	1.101136 	9.000000 	1.331353 	1.054751 	1.020416 	1.890106 	1.241219 	3.023347 	1.544345 	1.783606 	2.812694 	0.442295 	1.025914 	0.250000 	1.201301 	2.414151 	1.636498 	1.693000 	1.594718 	1.619027 	1.679658 	1.803122 	1.697793 	1.728077 	1.851013 	2.186607 	1.800868 	1.480287 	1.825171 	2.142574 	1.325943 	1.631908 	1.629801 	1.501874 	1.575198 	1.550806 	1.480287 	1.348379 	2.128673 	1.650757 	1.629801 	1.584692 	1.609542 	1.594718 	1.925162 	2.025617 	2.034853 	
0.761577 	0.254951 	1.331353 	9.000000 	0.282843 	0.318198 	0.565685 	0.175000 	1.740869 	0.250000 	0.459619 	1.706239 	1.463087 	0.400000 	1.486607 	0.505594 	1.085415 	0.503115 	0.592663 	0.585769 	0.605186 	0.617454 	0.664266 	0.651920 	0.660492 	0.711512 	0.928036 	0.726722 	0.728869 	0.749166 	0.926350 	0.831038 	0.797261 	0.816241 	0.916856 	0.908983 	0.917878 	0.951972 	1.025000 	1.013040 	0.970824 	1.020416 	1.039832 	1.051487 	1.107080 	1.131923 	1.160011 	1.325943 	
1.029563 	0.158114 	1.054751 	0.282843 	9.000000 	0.035355 	0.848528 	0.201556 	2.020056 	0.492443 	0.728869 	1.947113 	1.220912 	0.282843 	1.204159 	0.406971 	1.359458 	0.650481 	0.728869 	0.673146 	0.697316 	0.735697 	0.825379 	0.764853 	0.785016 	0.875357 	1.158123 	0.859142 	0.715017 	0.883883 	1.134956 	0.735272 	0.828025 	0.840387 	0.866386 	0.886707 	0.884590 	0.886707 	0.905883 	1.177391 	0.960469 	0.990581 	0.990581 	1.007782 	1.046721 	1.175266 	1.231107 	1.352082 	
1.063602 	0.176777 	1.020416 	0.318198 	0.035355 	9.000000 	0.883883 	0.230489 	2.055024 	0.525595 	0.763217 	1.978004 	1.191900 	0.285044 	1.168867 	0.406971 	1.393960 	0.675000 	0.751665 	0.691466 	0.715891 	0.756637 	0.850000 	0.785016 	0.806226 	0.900000 	1.188486 	0.880696 	0.721110 	0.905539 	1.163239 	0.730154 	0.838525 	0.850000 	0.866386 	0.890225 	0.886707 	0.884590 	0.896172 	1.201041 	0.965013 	0.992472 	0.989950 	1.007782 	1.044330 	1.185327 	1.244237 	1.359458 	
0.316228 	0.790569 	1.890106 	0.565685 	0.848528 	0.883883 	9.000000 	0.700446 	1.187697 	0.427200 	0.226385 	1.277204 	1.980057 	0.894427 	2.051828 	0.956883 	0.564026 	0.626997 	0.686477 	0.776611 	0.778621 	0.735697 	0.664266 	0.764853 	0.745822 	0.682825 	0.617454 	0.766893 	1.025305 	0.775403 	0.691466 	1.212693 	1.007782 	1.032594 	1.225000 	1.177391 	1.201041 	1.275245 	1.410895 	0.886707 	1.209339 	1.281113 	1.327121 	1.328768 	1.402007 	1.249500 	1.218862 	1.448491 	
0.925000 	0.279509 	1.241219 	0.175000 	0.201556 	0.230489 	0.700446 	9.000000 	1.886796 	0.305164 	0.550568 	1.878330 	1.422146 	0.436606 	1.375000 	0.333542 	1.180042 	0.452769 	0.534439 	0.492443 	0.515388 	0.546008 	0.626997 	0.577170 	0.594243 	0.676849 	0.958188 	0.667083 	0.585769 	0.691466 	0.933408 	0.664266 	0.675463 	0.691466 	0.763217 	0.765261 	0.770146 	0.794119 	0.855132 	0.980115 	0.832541 	0.875000 	0.887764 	0.901388 	0.951972 	1.020110 	1.063602 	1.206752 	
1.007782 	1.933423 	3.023347 	1.740869 	2.020056 	2.055024 	1.187697 	1.886796 	9.000000 	1.610318 	1.375909 	0.719809 	3.030264 	1.997655 	3.207900 	2.135708 	0.901388 	1.739253 	1.765113 	1.882153 	1.875000 	1.813319 	1.692077 	1.831154 	1.800868 	1.681703 	1.352082 	1.784657 	2.143158 	1.779923 	1.476906 	2.356109 	2.079964 	2.104311 	2.328626 	2.261775 	2.291970 	2.383406 	2.545830 	1.700184 	2.270050 	2.348537 	2.407930 	2.402603 	2.481179 	2.206949 	2.126323 	2.376184 	
0.701783 	0.502494 	1.544345 	0.250000 	0.492443 	0.525595 	0.427200 	0.305164 	1.610318 	9.000000 	0.247487 	1.676678 	1.703856 	0.650000 	1.680030 	0.529741 	0.875000 	0.301040 	0.388909 	0.425000 	0.437321 	0.425735 	0.437321 	0.460977 	0.459619 	0.480885 	0.679154 	0.515388 	0.637377 	0.535023 	0.676849 	0.800391 	0.660019 	0.682825 	0.838525 	0.807001 	0.824621 	0.883883 	1.000312 	0.775403 	0.854400 	0.917197 	0.951972 	0.958188 	1.025000 	0.965013 	0.972432 	1.165386 	
0.539676 	0.711512 	1.783606 	0.459619 	0.728869 	0.763217 	0.226385 	0.550568 	1.375909 	0.247487 	9.000000 	1.503330 	1.921100 	0.843356 	1.925162 	0.760345 	0.630971 	0.400780 	0.460977 	0.550568 	0.552268 	0.509902 	0.447214 	0.539676 	0.522015 	0.471699 	0.509902 	0.548293 	0.801561 	0.559017 	0.548293 	0.995301 	0.781425 	0.806226 	1.000312 	0.951315 	0.975320 	1.051190 	1.191900 	0.710634 	0.982980 	1.054751 	1.101136 	1.102554 	1.176063 	1.030776 	1.007782 	1.231107 	
0.975320 	1.818310 	2.812694 	1.706239 	1.947113 	1.978004 	1.277204 	1.878330 	0.719809 	1.676678 	1.503330 	9.000000 	2.717651 	1.825171 	3.030883 	2.189321 	1.308864 	1.904107 	1.960230 	2.053807 	2.055480 	2.009975 	1.923538 	2.037462 	2.015564 	1.931968 	1.708801 	2.026234 	2.300543 	2.030394 	1.826369 	2.477019 	2.283774 	2.308679 	2.501125 	2.454587 	2.478155 	2.550490 	2.676868 	2.055480 	2.485206 	2.557831 	2.604323 	2.605883 	2.679202 	2.500500 	2.449617 	2.692698 	
2.038535 	1.209597 	0.442295 	1.463087 	1.220912 	1.191900 	1.980057 	1.422146 	3.030264 	1.703856 	1.921100 	2.717651 	9.000000 	1.086566 	0.648556 	1.476906 	2.534758 	1.860779 	1.930835 	1.850676 	1.875667 	1.927596 	2.034853 	1.951442 	1.977530 	2.084616 	2.378156 	2.052438 	1.786232 	2.077408 	2.355048 	1.667708 	1.932938 	1.935362 	1.843909 	1.907387 	1.887624 	1.831154 	1.723731 	2.379732 	1.985730 	1.976898 	1.940522 	1.964688 	1.961186 	2.252360 	2.341207 	2.383537 	
0.989950 	0.158114 	1.025914 	0.400000 	0.282843 	0.285044 	0.894427 	0.436606 	1.997655 	0.650000 	0.843356 	1.825171 	1.086566 	9.000000 	1.220656 	0.689656 	1.448491 	0.879275 	0.965013 	0.929045 	0.951972 	0.980434 	1.049405 	1.012423 	1.027740 	1.098294 	1.327121 	1.099147 	0.995615 	1.123054 	1.325943 	1.015197 	1.102554 	1.116356 	1.149184 	1.168867 	1.167262 	1.168867 	1.179248 	1.402230 	1.241974 	1.273283 	1.273283 	1.290591 	1.328768 	1.449569 	1.498541 	1.630376 	
2.202271 	1.274755 	0.250000 	1.486607 	1.204159 	1.168867 	2.051828 	1.375000 	3.207900 	1.680030 	1.925162 	3.030883 	0.648556 	1.220656 	9.000000 	1.276959 	2.555020 	1.732953 	1.779396 	1.671264 	1.694476 	1.759616 	1.891098 	1.773415 	1.805893 	1.936814 	2.292651 	1.875667 	1.521923 	1.899013 	2.236767 	1.340009 	1.673507 	1.667708 	1.510174 	1.590990 	1.562850 	1.480287 	1.325000 	2.198010 	1.662077 	1.629801 	1.576785 	1.601757 	1.575000 	1.938105 	2.047101 	2.025617 	
1.220912 	0.555090 	1.201301 	0.505594 	0.406971 	0.406971 	0.956883 	0.333542 	2.135708 	0.529741 	0.760345 	2.189321 	1.476906 	0.689656 	1.276959 	9.000000 	1.347683 	0.465027 	0.503115 	0.395285 	0.419076 	0.482830 	0.614919 	0.498121 	0.529741 	0.660019 	1.026219 	0.601041 	0.325000 	0.625000 	0.961769 	0.335410 	0.460977 	0.467039 	0.459619 	0.485412 	0.480234 	0.480234 	0.522015 	0.927699 	0.561805 	0.585769 	0.583631 	0.601041 	0.640312 	0.798827 	0.873212 	0.961769 	
0.673146 	1.330648 	2.414151 	1.085415 	1.359458 	1.393960 	0.564026 	1.180042 	0.901388 	0.875000 	0.630971 	1.308864 	2.534758 	1.448491 	2.555020 	1.347683 	9.000000 	0.901388 	0.905883 	1.029563 	1.017657 	0.950329 	0.817389 	0.962094 	0.929045 	0.798827 	0.450694 	0.901388 	1.285739 	0.893378 	0.575543 	1.510381 	1.202601 	1.226020 	1.457738 	1.384061 	1.416201 	1.513481 	1.688565 	0.800391 	1.384061 	1.463087 	1.525820 	1.518223 	1.597263 	1.305996 	1.225255 	1.475212 	
0.937083 	0.721543 	1.636498 	0.503115 	0.650481 	0.675000 	0.626997 	0.452769 	1.739253 	0.301040 	0.400780 	1.904107 	1.860779 	0.879275 	1.732953 	0.465027 	0.901388 	9.000000 	0.090139 	0.150000 	0.152069 	0.125000 	0.175000 	0.160078 	0.160078 	0.225000 	0.561805 	0.223607 	0.406971 	0.246221 	0.506211 	0.617454 	0.382426 	0.406971 	0.602080 	0.550568 	0.575000 	0.654313 	0.807001 	0.527376 	0.583631 	0.654313 	0.700446 	0.701783 	0.775403 	0.665676 	0.671751 	0.866747 	
1.000625 	0.807001 	1.693000 	0.592663 	0.728869 	0.751665 	0.686477 	0.534439 	1.765113 	0.388909 	0.460977 	1.960230 	1.930835 	0.965013 	1.779396 	0.503115 	0.905883 	0.090139 	9.000000 	0.125000 	0.111803 	0.050000 	0.111803 	0.079057 	0.070711 	0.158114 	0.531507 	0.134629 	0.380789 	0.158114 	0.458939 	0.604669 	0.325000 	0.350000 	0.564026 	0.502494 	0.530330 	0.618466 	0.784618 	0.450000 	0.525595 	0.600000 	0.651920 	0.650481 	0.726722 	0.583095 	0.583631 	0.784618 	
1.085415 	0.771767 	1.594718 	0.585769 	0.673146 	0.691466 	0.776611 	0.492443 	1.882153 	0.425000 	0.550568 	2.053807 	1.850676 	0.929045 	1.671264 	0.395285 	1.029563 	0.150000 	0.125000 	9.000000 	0.025000 	0.090139 	0.230489 	0.103078 	0.134629 	0.270416 	0.654313 	0.206155 	0.261008 	0.230489 	0.575543 	0.480885 	0.237171 	0.261008 	0.452769 	0.400780 	0.425000 	0.505594 	0.664266 	0.534439 	0.436606 	0.505594 	0.550568 	0.552268 	0.625500 	0.548293 	0.575543 	0.745822 	
1.089151 	0.794512 	1.619027 	0.605186 	0.697316 	0.715891 	0.778621 	0.515388 	1.875000 	0.437321 	0.552268 	2.055480 	1.875667 	0.951972 	1.694476 	0.419076 	1.017657 	0.152069 	0.111803 	0.025000 	9.000000 	0.070711 	0.212132 	0.079057 	0.111803 	0.250000 	0.636396 	0.182003 	0.269258 	0.206155 	0.555090 	0.493077 	0.230489 	0.254951 	0.456207 	0.400000 	0.425735 	0.509902 	0.673146 	0.509902 	0.431567 	0.502494 	0.550000 	0.550568 	0.625000 	0.531507 	0.555090 	0.730154 	
1.049405 	0.822344 	1.679658 	0.617454 	0.735697 	0.756637 	0.735697 	0.546008 	1.813319 	0.425735 	0.509902 	2.009975 	1.927596 	0.980434 	1.759616 	0.482830 	0.950329 	0.125000 	0.050000 	0.090139 	0.070711 	9.000000 	0.141421 	0.035355 	0.050000 	0.180278 	0.565685 	0.125000 	0.335410 	0.150000 	0.485412 	0.561805 	0.275000 	0.300000 	0.515388 	0.452769 	0.480885 	0.570088 	0.738664 	0.452769 	0.475657 	0.550000 	0.602080 	0.600521 	0.676849 	0.540833 	0.548293 	0.742041 	
0.980434 	0.892328 	1.803122 	0.664266 	0.825379 	0.850000 	0.664266 	0.626997 	1.692077 	0.437321 	0.447214 	1.923538 	2.034853 	1.049405 	1.891098 	0.614919 	0.817389 	0.175000 	0.111803 	0.230489 	0.212132 	0.141421 	9.000000 	0.145774 	0.111803 	0.050000 	0.424264 	0.103078 	0.471699 	0.111803 	0.347311 	0.700446 	0.388104 	0.412311 	0.640800 	0.570088 	0.601041 	0.696419 	0.872138 	0.353553 	0.579871 	0.657647 	0.715891 	0.711073 	0.789383 	0.585235 	0.561805 	0.784618 	
1.079352 	0.854400 	1.697793 	0.651920 	0.764853 	0.785016 	0.764853 	0.577170 	1.831154 	0.460977 	0.539676 	2.037462 	1.951442 	1.012423 	1.773415 	0.498121 	0.962094 	0.160078 	0.079057 	0.103078 	0.079057 	0.035355 	0.145774 	9.000000 	0.035355 	0.176777 	0.566789 	0.103078 	0.325960 	0.127475 	0.480234 	0.555090 	0.251247 	0.276134 	0.498121 	0.431567 	0.460977 	0.553399 	0.726722 	0.431567 	0.450000 	0.525595 	0.579871 	0.577170 	0.654313 	0.506211 	0.512957 	0.707549 	
1.061249 	0.869626 	1.728077 	0.660492 	0.785016 	0.806226 	0.745822 	0.594243 	1.800868 	0.459619 	0.522015 	2.015564 	1.977530 	1.027740 	1.805893 	0.529741 	0.929045 	0.160078 	0.070711 	0.134629 	0.111803 	0.050000 	0.111803 	0.035355 	9.000000 	0.141421 	0.531507 	0.075000 	0.360555 	0.100000 	0.445112 	0.590021 	0.279509 	0.304138 	0.529741 	0.460977 	0.491172 	0.585235 	0.760345 	0.403113 	0.475657 	0.552268 	0.608276 	0.604669 	0.682367 	0.514782 	0.512957 	0.716327 	
0.998123 	0.941409 	1.851013 	0.711512 	0.875357 	0.900000 	0.682825 	0.676849 	1.681703 	0.480885 	0.471699 	1.931968 	2.084616 	1.098294 	1.936814 	0.660019 	0.798827 	0.225000 	0.158114 	0.270416 	0.250000 	0.180278 	0.050000 	0.176777 	0.141421 	9.000000 	0.390512 	0.103078 	0.500000 	0.100000 	0.305164 	0.730154 	0.403887 	0.427200 	0.660019 	0.585235 	0.617454 	0.715891 	0.896172 	0.304138 	0.588430 	0.667083 	0.728011 	0.721543 	0.800391 	0.570088 	0.536773 	0.766893 	
0.883883 	1.181630 	2.186607 	0.928036 	1.158123 	1.188486 	0.617454 	0.958188 	1.352082 	0.679154 	0.509902 	1.708801 	2.378156 	1.327121 	2.292651 	1.026219 	0.450694 	0.561805 	0.531507 	0.654313 	0.636396 	0.565685 	0.424264 	0.566789 	0.531507 	0.390512 	9.000000 	0.485412 	0.890225 	0.471699 	0.125000 	1.120547 	0.784618 	0.806226 	1.041933 	0.961769 	0.995615 	1.097725 	1.282819 	0.353553 	0.951972 	1.030776 	1.096586 	1.086566 	1.165386 	0.855862 	0.775000 	1.025000 	
1.083109 	0.941076 	1.800868 	0.726722 	0.859142 	0.880696 	0.766893 	0.667083 	1.784657 	0.515388 	0.548293 	2.026234 	2.052438 	1.099147 	1.875667 	0.601041 	0.901388 	0.223607 	0.134629 	0.206155 	0.182003 	0.125000 	0.103078 	0.103078 	0.075000 	0.103078 	0.485412 	9.000000 	0.406971 	0.025000 	0.388909 	0.637377 	0.302076 	0.325000 	0.559017 	0.482830 	0.515388 	0.614919 	0.797653 	0.328824 	0.485412 	0.564026 	0.625000 	0.618466 	0.697316 	0.482830 	0.465027 	0.682825 	
1.327121 	0.849264 	1.480287 	0.728869 	0.715017 	0.721110 	1.025305 	0.585769 	2.143158 	0.637377 	0.801561 	2.300543 	1.786232 	0.995615 	1.521923 	0.325000 	1.285739 	0.406971 	0.380789 	0.261008 	0.269258 	0.335410 	0.471699 	0.325960 	0.360555 	0.500000 	0.890225 	0.406971 	9.000000 	0.424264 	0.795692 	0.230489 	0.152069 	0.150000 	0.201556 	0.180278 	0.190394 	0.250000 	0.403887 	0.694622 	0.247487 	0.291548 	0.316228 	0.325000 	0.388104 	0.474342 	0.555090 	0.638847 	
1.091444 	0.965013 	1.825171 	0.749166 	0.883883 	0.905539 	0.775403 	0.691466 	1.779923 	0.535023 	0.559017 	2.030394 	2.077408 	1.123054 	1.899013 	0.625000 	0.893378 	0.246221 	0.158114 	0.230489 	0.206155 	0.150000 	0.111803 	0.127475 	0.100000 	0.100000 	0.471699 	0.025000 	0.424264 	9.000000 	0.371652 	0.654313 	0.313249 	0.335410 	0.570636 	0.492443 	0.525595 	0.626498 	0.811249 	0.304138 	0.491172 	0.570088 	0.632456 	0.625000 	0.704006 	0.474342 	0.450694 	0.673146 	
