Total assets = 570
Number of asset nodes = 34

Distance:
999.000000 	63.953106 	25.495098 	4.242640 	67.542580 	67.119293 	63.158531 	55.000000 	102.825096 	61.294373 	5.099020 	61.400326 	101.212646 	9.486833 	74.846512 	72.235725 	12.206555 	70.576202 	72.801102 	75.026665 	75.960518 	69.260376 	79.120163 	72.732384 	73.375748 	75.584389 	88.600227 	90.956032 	87.097649 	88.073830 	90.470993 	95.336250 	91.219513 	92.417534 	97.267670 	95.341492 	96.317184 	76.026314 	83.006027 	86.052307 	85.023529 	82.006096 	89.022469 	88.005684 	86.052307 	87.051712 	86.209045 	
63.953106 	999.000000 	88.769363 	68.000000 	4.000000 	4.123106 	4.123106 	13.601471 	43.416588 	7.810250 	62.769421 	4.472136 	40.224369 	57.688820 	12.000000 	10.198039 	59.203041 	9.848858 	11.401754 	13.152946 	14.142136 	12.041595 	17.029387 	13.416408 	14.764823 	16.155495 	28.284271 	31.575306 	29.732138 	30.675724 	32.015621 	35.227829 	33.241539 	33.955853 	37.215588 	36.878178 	37.854988 	33.015148 	38.209946 	38.948685 	38.897301 	39.051247 	41.868843 	43.139309 	43.185646 	43.863426 	45.453274 	
25.495098 	88.769363 	999.000000 	22.090721 	92.477028 	92.114059 	88.255310 	78.771820 	125.670204 	85.422478 	26.000000 	85.906929 	124.555206 	34.058773 	99.959991 	97.406364 	35.057095 	95.817535 	98.030609 	100.244698 	101.192886 	94.641426 	104.355164 	98.081596 	98.762344 	100.960388 	114.017540 	116.417351 	112.587746 	113.564957 	115.952576 	120.784935 	116.709038 	117.902504 	122.723267 	120.830460 	121.807228 	101.242287 	108.166542 	111.287918 	110.222504 	107.074738 	114.214706 	113.070778 	111.018013 	112.017853 	111.004501 	
4.242640 	68.000000 	22.090721 	999.000000 	71.554176 	71.112587 	67.119293 	59.203041 	107.056061 	65.459915 	8.246211 	65.513359 	105.422958 	12.000000 	78.790863 	76.157730 	13.601471 	74.464760 	76.694199 	78.924011 	79.849861 	73.054771 	83.006027 	76.550636 	77.162170 	79.378838 	92.347168 	94.641426 	90.708321 	91.678787 	94.111633 	99.040398 	94.831429 	96.046867 	100.960388 	98.954536 	99.924973 	79.158073 	86.092972 	89.202019 	88.141930 	85.023529 	92.135773 	91.021973 	89.000000 	90.000000 	89.050545 	
67.542580 	4.000000 	92.477028 	71.554176 	999.000000 	1.000000 	5.000000 	17.464249 	41.629318 	11.180340 	66.483078 	8.246211 	38.078865 	61.057350 	8.000000 	6.324555 	62.425957 	6.403124 	7.615773 	9.219544 	10.198039 	9.433981 	13.038404 	10.000000 	11.401754 	12.529964 	24.331051 	27.658634 	26.000000 	26.925823 	28.160255 	31.257000 	29.410883 	30.083218 	33.241539 	32.984844 	33.955853 	30.886890 	35.608986 	36.069378 	36.124783 	36.619667 	38.897301 	40.360870 	40.607880 	41.231056 	43.011627 	
67.119293 	4.123106 	92.114059 	71.112587 	1.000000 	999.000000 	4.242640 	17.720045 	42.544094 	11.661903 	66.128662 	8.544003 	38.948685 	60.539242 	8.062258 	6.082763 	61.854668 	5.830952 	7.280110 	9.055386 	10.049875 	8.602325 	13.000000 	9.433981 	10.816654 	12.083046 	24.186773 	27.459061 	25.632011 	26.570660 	27.892651 	31.144823 	29.120440 	29.832869 	33.136082 	32.756680 	33.734257 	30.016663 	34.828148 	35.355339 	35.383614 	35.805027 	38.209946 	39.623226 	39.824615 	40.459858 	42.201897 	
63.158531 	4.123106 	88.255310 	67.119293 	5.000000 	4.242640 	999.000000 	16.124516 	46.518814 	11.401754 	62.297672 	7.810250 	43.046486 	56.435802 	11.704700 	9.219544 	57.688820 	8.000000 	10.049875 	12.165525 	13.152946 	8.944272 	16.278820 	11.180340 	12.369317 	14.142136 	27.000000 	30.066593 	27.658634 	28.635643 	30.265491 	34.000000 	31.400637 	32.249031 	36.000000 	35.227829 	36.221542 	29.206163 	34.655445 	35.608986 	35.468296 	35.383614 	38.600517 	39.698868 	39.597980 	40.311287 	41.773197 	
55.000000 	13.601471 	78.771820 	59.203041 	17.464249 	17.720045 	16.124516 	999.000000 	48.083260 	7.071068 	53.000000 	9.219544 	46.227695 	50.209560 	25.317978 	23.769728 	52.497620 	23.409399 	25.000000 	26.683329 	27.658634 	25.059929 	30.413813 	26.925823 	28.231188 	29.732138 	41.773197 	45.122055 	43.324360 	44.271889 	45.607018 	48.662102 	46.840153 	47.539455 	50.635956 	50.447994 	51.419842 	44.553337 	50.447994 	51.613953 	51.400391 	50.990196 	54.644306 	55.605755 	55.317268 	56.080299 	57.314919 	
102.825096 	43.416588 	125.670204 	107.056061 	41.629318 	42.544094 	46.518814 	48.083260 	999.000000 	42.638012 	100.424103 	43.829212 	5.385165 	98.290382 	39.051247 	41.484936 	100.498756 	43.680660 	42.201897 	40.792156 	40.607880 	47.539455 	39.204590 	44.911022 	45.705578 	44.407207 	42.579338 	45.122055 	48.507732 	48.662102 	47.074409 	44.271889 	48.270073 	47.539455 	44.944408 	48.383881 	48.703182 	65.030762 	66.189125 	64.498062 	65.375839 	68.117546 	65.924202 	68.731361 	70.455658 	70.576202 	73.437050 	
61.294373 	7.810250 	85.422478 	65.459915 	11.180340 	11.661903 	11.401754 	7.071068 	42.638012 	999.000000 	59.539902 	3.605551 	40.311287 	55.973209 	18.681541 	17.464249 	57.982758 	17.492855 	18.788294 	20.248457 	21.189621 	19.849434 	23.769728 	21.095022 	22.472204 	23.706539 	35.171009 	38.600517 	37.161808 	38.078865 	39.217342 	41.976185 	40.496914 	41.109608 	43.931767 	43.965897 	44.922153 	40.607880 	45.967381 	46.754681 	46.690472 	46.754681 	49.678970 	50.931328 	50.931328 	51.623638 	53.150730 	
5.099020 	62.769421 	26.000000 	8.246211 	66.483078 	66.128662 	62.297672 	53.000000 	100.424103 	59.539902 	999.000000 	59.933296 	99.045441 	12.806249 	74.000000 	71.470276 	16.278820 	69.921387 	72.124893 	74.330345 	75.286118 	68.883957 	78.447433 	72.277245 	73.006851 	75.186432 	88.294960 	90.801979 	87.132080 	88.119240 	90.426765 	95.126228 	91.241440 	92.395889 	97.082436 	95.351982 	96.337944 	77.058418 	84.095184 	87.022987 	86.052307 	83.216583 	90.049988 	89.202019 	87.367043 	88.362885 	87.692642 	
61.400326 	4.472136 	85.906929 	65.513359 	8.246211 	8.544003 	7.810250 	9.219544 	43.829212 	3.605551 	59.933296 	999.000000 	41.109608 	55.605755 	16.124516 	14.560220 	57.384666 	14.317822 	15.811388 	17.464249 	18.439089 	16.401220 	21.213203 	17.888544 	19.235384 	20.615528 	32.557640 	35.902645 	34.176014 	35.114101 	36.400551 	39.458839 	37.643059 	38.327538 	41.436699 	41.231056 	42.201897 	37.013512 	42.426407 	43.278172 	43.185646 	43.185646 	46.227695 	47.423622 	47.381432 	48.083260 	49.578220 	
101.212646 	40.224369 	124.555206 	105.422958 	38.078865 	38.948685 	43.046486 	46.227695 	5.385165 	40.311287 	99.045441 	41.109608 	999.000000 	96.260063 	34.785053 	37.336308 	98.290382 	39.560081 	37.947330 	36.400551 	36.138622 	43.324360 	34.525352 	40.521599 	41.231056 	39.812057 	37.336308 	39.812057 	43.289722 	43.416588 	41.773197 	38.897301 	42.953465 	42.201897 	39.560081 	43.011627 	43.324360 	60.133186 	61.073727 	59.304298 	60.207973 	63.031738 	60.671246 	63.505905 	65.276337 	65.375839 	68.264191 	
9.486833 	57.688820 	34.058773 	12.000000 	61.057350 	60.539242 	56.435802 	50.209560 	98.290382 	55.973209 	12.806249 	55.605755 	96.260063 	999.000000 	68.000000 	65.299309 	4.123106 	63.505905 	65.741920 	67.977936 	68.876701 	61.846584 	72.013885 	65.391129 	65.924202 	68.154236 	80.993828 	83.168503 	79.120163 	80.081207 	82.565125 	87.595665 	83.240616 	84.480766 	89.493019 	87.361320 	88.323273 	67.186310 	74.108032 	77.233414 	76.164299 	73.027390 	80.156097 	79.025314 	77.000000 	78.000000 	77.058418 	
74.846512 	12.000000 	99.959991 	78.790863 	8.000000 	8.062258 	11.704700 	25.317978 	39.051247 	18.681541 	74.000000 	16.124516 	34.785053 	68.000000 	999.000000 	2.828427 	69.115845 	5.000000 	3.162278 	2.236068 	2.828427 	8.544003 	5.099020 	6.000000 	7.071068 	6.708204 	16.492422 	19.924858 	18.867962 	19.723083 	20.615528 	23.345236 	21.931713 	22.472204 	25.317978 	25.298222 	26.248810 	27.892651 	31.304953 	31.064449 	31.384710 	32.695564 	33.600594 	35.510563 	36.235340 	36.715118 	38.910152 	
72.235725 	10.198039 	97.406364 	76.157730 	6.324555 	6.082763 	9.219544 	23.769728 	41.484936 	17.464249 	71.470276 	14.560220 	37.336308 	65.299309 	2.828427 	999.000000 	66.370171 	2.236068 	1.414214 	3.000000 	4.000000 	6.082763 	7.071068 	4.472136 	5.830952 	6.403124 	18.110771 	21.377558 	19.697716 	20.615528 	21.840330 	25.079872 	23.086792 	23.769728 	27.073973 	26.683329 	27.658634 	26.570660 	30.528675 	30.610456 	30.805843 	31.764761 	33.301651 	35.000000 	35.510563 	36.055511 	38.078865 	
12.206555 	59.203041 	35.057095 	13.601471 	62.425957 	61.854668 	57.688820 	52.497620 	100.498756 	57.982758 	16.278820 	57.384666 	98.290382 	4.123106 	69.115845 	66.370171 	999.000000 	64.498062 	66.730804 	68.963760 	69.835518 	62.609905 	72.945183 	66.189125 	66.640831 	68.876701 	81.541397 	83.570328 	79.378838 	80.324341 	82.873398 	88.022728 	83.486526 	84.758484 	89.888817 	87.595665 	88.543777 	66.610809 	73.437050 	76.655075 	75.538071 	72.249565 	79.511009 	78.230431 	76.105194 	77.103828 	76.006577 	
70.576202 	9.848858 	95.817535 	74.464760 	6.403124 	5.830952 	8.000000 	23.409399 	43.680660 	17.492855 	69.921387 	14.317822 	39.560081 	63.505905 	5.000000 	2.236068 	64.498062 	999.000000 	2.236068 	4.472136 	5.385165 	4.000000 	8.544003 	3.605551 	5.000000 	6.324555 	19.000000 	22.090721 	19.924858 	20.880613 	22.360680 	26.000000 	23.537205 	24.331051 	28.000000 	27.294687 	28.284271 	25.079872 	29.410883 	29.732138 	29.832869 	30.528675 	32.526913 	34.058773 	34.409302 	35.000000 	36.891735 	
72.801102 	11.401754 	98.030609 	76.694199 	7.615773 	7.280110 	10.049875 	25.000000 	42.201897 	18.788294 	72.124893 	15.811388 	37.947330 	65.741920 	3.162278 	1.414214 	66.730804 	2.236068 	999.000000 	2.236068 	3.162278 	5.385165 	6.324555 	3.162278 	4.472136 	5.000000 	17.029387 	20.223749 	18.384777 	19.313208 	20.615528 	24.020824 	21.840330 	22.561028 	26.019224 	25.495098 	26.476404 	25.298222 	29.154760 	29.206163 	29.410883 	30.413813 	31.890438 	33.600594 	34.132095 	34.669872 	36.715118 	
75.026665 	13.152946 	100.244698 	78.924011 	9.219544 	9.055386 	12.165525 	26.683329 	40.792156 	20.248457 	74.330345 	17.464249 	36.400551 	67.977936 	2.236068 	3.000000 	68.963760 	4.472136 	2.236068 	999.000000 	1.000000 	7.211102 	4.123106 	4.123106 	5.000000 	4.472136 	15.132746 	18.439089 	17.000000 	17.888544 	18.973665 	22.090721 	20.248457 	20.880613 	24.083189 	23.769728 	24.738634 	25.709921 	29.068884 	28.844410 	29.154760 	30.463093 	31.400637 	33.286633 	34.000000 	34.481880 	36.674240 	
75.960518 	14.142136 	101.192886 	79.849861 	10.198039 	10.049875 	13.152946 	27.658634 	40.607880 	21.189621 	75.286118 	18.439089 	36.138622 	68.876701 	2.828427 	4.000000 	69.835518 	5.385165 	3.162278 	1.000000 	999.000000 	7.810250 	3.162278 	4.472136 	5.099020 	4.123106 	14.142136 	17.464249 	16.124516 	17.000000 	18.027756 	21.095022 	19.313208 	19.924858 	23.086792 	22.803509 	23.769728 	25.495098 	28.635643 	28.301943 	28.653097 	30.083218 	30.805843 	32.756680 	33.541019 	34.000000 	36.249138 	
69.260376 	12.041595 	94.641426 	73.054771 	9.433981 	8.602325 	8.944272 	25.059929 	47.539455 	19.849434 	68.883957 	16.401220 	43.324360 	61.846584 	8.544003 	6.082763 	62.609905 	4.000000 	5.385165 	7.211102 	7.810250 	999.000000 	10.630146 	3.605551 	4.123106 	6.324555 	19.416489 	22.090721 	19.104973 	20.099751 	22.000000 	26.305893 	23.021729 	24.000000 	28.284271 	27.000000 	28.000000 	21.470911 	26.248810 	26.907248 	26.870058 	27.202942 	29.832869 	31.112698 	31.240999 	31.890438 	33.600594 	
79.120163 	17.029387 	104.355164 	83.006027 	13.038404 	13.000000 	16.278820 	30.413813 	39.204590 	23.769728 	78.447433 	21.213203 	34.525352 	72.013885 	5.099020 	7.071068 	72.945183 	8.544003 	6.324555 	4.123106 	3.162278 	10.630146 	999.000000 	7.071068 	7.211102 	5.385165 	11.401754 	14.866069 	14.212670 	15.000000 	15.652476 	18.248287 	17.000000 	17.464249 	20.223749 	20.248457 	21.189621 	26.076809 	28.460499 	27.730848 	28.231188 	30.083218 	30.016663 	32.202484 	33.241539 	33.615471 	36.055511 	
72.732384 	13.416408 	98.081596 	76.550636 	10.000000 	9.433981 	11.180340 	26.925823 	44.911022 	21.095022 	72.277245 	17.888544 	40.521599 	65.391129 	6.000000 	4.472136 	66.189125 	3.605551 	3.162278 	4.123106 	4.472136 	3.605551 	7.071068 	999.000000 	1.414214 	3.000000 	16.124516 	19.000000 	16.492422 	17.464249 	19.104973 	23.086792 	20.223749 	21.095022 	25.079872 	24.083189 	25.079872 	22.135944 	26.076809 	26.248810 	26.400757 	27.294687 	29.000000 	30.610456 	31.064449 	31.622776 	33.615471 	
73.375748 	14.764823 	98.762344 	77.162170 	11.401754 	10.816654 	12.369317 	28.231188 	45.705578 	22.472204 	73.006851 	19.235384 	41.231056 	65.924202 	7.071068 	5.830952 	66.640831 	5.000000 	4.472136 	5.000000 	5.099020 	4.123106 	7.211102 	1.414214 	999.000000 	2.236068 	15.297058 	18.027756 	15.297058 	16.278820 	18.027756 	22.203604 	19.104973 	20.024984 	24.186773 	23.021729 	24.020824 	20.880613 	24.698177 	24.839485 	25.000000 	25.942244 	27.586229 	29.206163 	29.681644 	30.232433 	32.249031 	
75.584389 	16.155495 	100.960388 	79.378838 	12.529964 	12.083046 	14.142136 	29.732138 	44.407207 	23.706539 	75.186432 	20.615528 	39.812057 	68.154236 	6.708204 	6.403124 	68.876701 	6.324555 	5.000000 	4.472136 	4.123106 	6.324555 	5.385165 	3.000000 	2.236068 	999.000000 	13.152946 	16.000000 	13.601471 	14.560220 	16.124516 	20.099751 	17.262676 	18.110771 	22.090721 	21.095022 	22.090721 	21.377558 	24.596748 	24.413111 	24.698177 	26.000000 	27.018513 	28.844410 	29.529646 	30.016663 	32.202484 	
88.600227 	28.284271 	114.017540 	92.347168 	24.331051 	24.186773 	27.000000 	41.773197 	42.579338 	35.171009 	88.294960 	32.557640 	37.336308 	80.993828 	16.492422 	18.110771 	81.541397 	19.000000 	17.029387 	15.132746 	14.142136 	19.416489 	11.401754 	16.124516 	15.297058 	13.152946 	999.000000 	3.605551 	6.000000 	6.082763 	5.000000 	7.000000 	6.403124 	6.403124 	9.000000 	8.944272 	9.848858 	24.698177 	24.083189 	22.022715 	23.000000 	26.172504 	23.345236 	26.172504 	28.017851 	28.071337 	31.016125 	
90.956032 	31.575306 	116.417351 	94.641426 	27.658634 	27.459061 	30.066593 	45.122055 	45.122055 	38.600517 	90.801979 	35.902645 	39.812057 	83.168503 	19.924858 	21.377558 	83.570328 	22.090721 	20.223749 	18.439089 	17.464249 	22.090721 	14.866069 	19.000000 	18.027756 	16.000000 	3.605551 	999.000000 	5.000000 	4.472136 	2.000000 	4.472136 	3.162278 	2.828427 	6.324555 	5.385165 	6.324555 	24.186773 	22.561028 	20.099751 	21.213203 	24.738634 	21.023796 	24.000000 	26.076809 	26.019224 	29.068884 	
87.097649 	29.732138 	112.587746 	90.708321 	26.000000 	25.632011 	27.658634 	43.324360 	48.507732 	37.161808 	87.132080 	34.176014 	43.289722 	79.120163 	18.867962 	19.697716 	79.378838 	19.924858 	18.384777 	17.000000 	16.124516 	19.104973 	14.212670 	16.492422 	15.297058 	13.601471 	6.000000 	5.000000 	999.000000 	1.000000 	3.605551 	9.219544 	4.123106 	5.385165 	10.816654 	8.246211 	9.219544 	19.235384 	18.110771 	16.031219 	17.000000 	20.223749 	17.464249 	20.223749 	22.022715 	22.090721 	25.019993 	
88.073830 	30.675724 	113.564957 	91.678787 	26.925823 	26.570660 	28.635643 	44.271889 	48.662102 	38.078865 	88.119240 	35.114101 	43.416588 	80.081207 	19.723083 	20.615528 	80.324341 	20.880613 	19.313208 	17.888544 	17.000000 	20.099751 	15.000000 	17.464249 	16.278820 	14.560220 	6.082763 	4.472136 	1.000000 	999.000000 	2.828427 	8.485281 	3.162278 	4.472136 	10.000000 	7.280110 	8.246211 	19.723083 	18.248287 	16.000000 	17.029387 	20.396078 	17.262676 	20.099751 	22.000000 	22.022715 	25.000000 	
90.470993 	32.015621 	115.952576 	94.111633 	28.160255 	27.892651 	30.265491 	45.607018 	47.074409 	39.217342 	90.426765 	36.400551 	41.773197 	82.565125 	20.615528 	21.840330 	82.873398 	22.360680 	20.615528 	18.973665 	18.027756 	22.000000 	15.652476 	19.104973 	18.027756 	16.124516 	5.000000 	2.000000 	3.605551 	2.828427 	999.000000 	5.656854 	1.414214 	2.000000 	7.211102 	5.000000 	6.000000 	22.472204 	20.615528 	18.110771 	19.235384 	22.803509 	19.026299 	22.000000 	24.083189 	24.020824 	27.073973 	
95.336250 	35.227829 	120.784935 	99.040398 	31.257000 	31.144823 	34.000000 	48.662102 	44.271889 	41.976185 	95.126228 	39.458839 	38.897301 	87.595665 	23.345236 	25.079872 	88.022728 	26.000000 	24.020824 	22.090721 	21.095022 	26.305893 	18.248287 	23.086792 	22.203604 	20.099751 	7.000000 	4.472136 	9.219544 	8.485281 	5.656854 	999.000000 	5.830952 	4.472136 	2.000000 	4.123106 	4.472136 	28.017851 	25.632011 	22.803509 	24.041630 	27.856777 	23.194826 	26.305893 	28.635643 	28.442924 	31.575306 	
91.219513 	33.241539 	116.709038 	94.831429 	29.410883 	29.120440 	31.400637 	46.840153 	48.270073 	40.496914 	91.241440 	37.643059 	42.953465 	83.240616 	21.931713 	23.086792 	83.486526 	23.537205 	21.840330 	20.248457 	19.313208 	23.021729 	17.000000 	20.223749 	19.104973 	17.262676 	6.403124 	3.162278 	4.123106 	3.162278 	1.414214 	5.830952 	999.000000 	1.414214 	7.071068 	4.123106 	5.099020 	22.203604 	19.924858 	17.262676 	18.439089 	22.135944 	18.000000 	21.023796 	23.194826 	23.086792 	26.172504 	
92.417534 	33.955853 	117.902504 	96.046867 	30.083218 	29.832869 	32.249031 	47.539455 	47.539455 	41.109608 	92.395889 	38.327538 	42.201897 	84.480766 	22.472204 	23.769728 	84.758484 	24.331051 	22.561028 	20.880613 	19.924858 	24.000000 	17.464249 	21.095022 	20.024984 	18.110771 	6.403124 	2.828427 	5.385165 	4.472136 	2.000000 	4.472136 	1.414214 	999.000000 	5.656854 	3.000000 	4.000000 	23.600847 	21.189621 	18.439089 	19.646883 	23.409399 	19.026299 	22.090721 	24.331051 	24.186773 	27.294687 	
97.267670 	37.215588 	122.723267 	100.960388 	33.241539 	33.136082 	36.000000 	50.635956 	44.944408 	43.931767 	97.082436 	41.436699 	39.560081 	89.493019 	25.317978 	27.073973 	89.888817 	28.000000 	26.019224 	24.083189 	23.086792 	28.284271 	20.223749 	25.079872 	24.186773 	22.090721 	9.000000 	6.324555 	10.816654 	10.000000 	7.211102 	2.000000 	7.071068 	5.656854 	999.000000 	4.123106 	4.000000 	29.206163 	26.400757 	23.409399 	24.698177 	28.635643 	23.537205 	26.683329 	29.120440 	28.861740 	32.015621 	
95.341492 	36.878178 	120.830460 	98.954536 	32.984844 	32.756680 	35.227829 	50.447994 	48.383881 	43.965897 	95.351982 	41.231056 	43.011627 	87.361320 	25.298222 	26.683329 	87.595665 	27.294687 	25.495098 	23.769728 	22.803509 	27.000000 	20.248457 	24.083189 	23.021729 	21.095022 	8.944272 	5.385165 	8.246211 	7.280110 	5.000000 	4.123106 	4.123106 	3.000000 	4.123106 	999.000000 	1.000000 	25.495098 	22.360680 	19.313208 	20.615528 	24.596748 	19.416489 	22.561028 	25.000000 	24.738634 	27.892651 	
96.317184 	37.854988 	121.807228 	99.924973 	33.955853 	33.734257 	36.221542 	51.419842 	48.703182 	44.922153 	96.337944 	42.201897 	43.324360 	88.323273 	26.248810 	27.658634 	88.543777 	28.284271 	26.476404 	24.738634 	23.769728 	28.000000 	21.189621 	25.079872 	24.020824 	22.090721 	9.848858 	6.324555 	9.219544 	8.246211 	6.000000 	4.472136 	5.099020 	4.000000 	4.000000 	1.000000 	999.000000 	26.172504 	22.825424 	19.697716 	21.023796 	25.059929 	19.646883 	22.803509 	25.298222 	25.000000 	28.160255 	
76.026314 	33.015148 	101.242287 	79.158073 	30.886890 	30.016663 	29.206163 	44.553337 	65.030762 	40.607880 	77.058418 	37.013512 	60.133186 	67.186310 	27.892651 	26.570660 	66.610809 	25.079872 	25.298222 	25.709921 	25.495098 	21.470911 	26.076809 	22.135944 	20.880613 	21.377558 	24.698177 	24.186773 	19.235384 	19.723083 	22.472204 	28.017851 	22.203604 	23.600847 	29.206163 	25.495098 	26.172504 	999.000000 	7.071068 	10.049875 	9.000000 	6.708204 	13.000000 	12.369317 	11.180340 	12.083046 	12.806249 	
83.006027 	38.209946 	108.166542 	86.092972 	35.608986 	34.828148 	34.655445 	50.447994 	66.189125 	45.967381 	84.095184 	42.426407 	61.073727 	74.108032 	31.304953 	30.528675 	73.437050 	29.410883 	29.154760 	29.068884 	28.635643 	26.248810 	28.460499 	26.076809 	24.698177 	24.596748 	24.083189 	22.561028 	18.110771 	18.248287 	20.615528 	25.632011 	19.924858 	21.189621 	26.400757 	22.360680 	22.825424 	7.071068 	999.000000 	3.605551 	2.236068 	2.236068 	6.082763 	5.385165 	5.000000 	5.656854 	7.615773 	
86.052307 	38.948685 	111.287918 	89.202019 	36.069378 	35.355339 	35.608986 	51.613953 	64.498062 	46.754681 	87.022987 	43.278172 	59.304298 	77.233414 	31.064449 	30.610456 	76.655075 	29.732138 	29.206163 	28.844410 	28.301943 	26.907248 	27.730848 	26.248810 	24.839485 	24.413111 	22.022715 	20.099751 	16.031219 	16.000000 	18.110771 	22.803509 	17.262676 	18.439089 	23.409399 	19.313208 	19.697716 	10.049875 	3.605551 	999.000000 	1.414214 	5.656854 	3.162278 	4.472136 	6.000000 	6.082763 	9.000000 	
85.023529 	38.897301 	110.222504 	88.141930 	36.124783 	35.383614 	35.468296 	51.400391 	65.375839 	46.690472 	86.052307 	43.185646 	60.207973 	76.164299 	31.384710 	30.805843 	75.538071 	29.832869 	29.410883 	29.154760 	28.653097 	26.870058 	28.231188 	26.400757 	25.000000 	24.698177 	23.000000 	21.213203 	17.000000 	17.029387 	19.235384 	24.041630 	18.439089 	19.646883 	24.698177 	20.615528 	21.023796 	9.000000 	2.236068 	1.414214 	999.000000 	4.242640 	4.000000 	4.242640 	5.099020 	5.385165 	8.062258 	
82.006096 	39.051247 	107.074738 	85.023529 	36.619667 	35.805027 	35.383614 	50.990196 	68.117546 	46.754681 	83.216583 	43.185646 	63.031738 	73.027390 	32.695564 	31.764761 	72.249565 	30.528675 	30.413813 	30.463093 	30.083218 	27.202942 	30.083218 	27.294687 	25.942244 	26.000000 	26.172504 	24.738634 	20.223749 	20.396078 	22.803509 	27.856777 	22.135944 	23.409399 	28.635643 	24.596748 	25.059929 	6.708204 	2.236068 	5.656854 	4.242640 	999.000000 	7.615773 	6.000000 	4.472136 	5.385165 	6.403124 	
89.022469 	41.868843 	114.214706 	92.135773 	38.897301 	38.209946 	38.600517 	54.644306 	65.924202 	49.678970 	90.049988 	46.227695 	60.671246 	80.156097 	33.600594 	33.301651 	79.511009 	32.526913 	31.890438 	31.400637 	30.805843 	29.832869 	30.016663 	29.000000 	27.586229 	27.018513 	23.345236 	21.023796 	17.464249 	17.262676 	19.026299 	23.194826 	18.000000 	19.026299 	23.537205 	19.416489 	19.646883 	13.000000 	6.082763 	3.162278 	4.000000 	7.615773 	999.000000 	3.162278 	5.830952 	5.385165 	8.544003 	
88.005684 	43.139309 	113.070778 	91.021973 	40.360870 	39.623226 	39.698868 	55.605755 	68.731361 	50.931328 	89.202019 	47.423622 	63.505905 	79.025314 	35.510563 	35.000000 	78.230431 	34.058773 	33.600594 	33.286633 	32.756680 	31.112698 	32.202484 	30.610456 	29.206163 	28.844410 	26.172504 	24.000000 	20.223749 	20.099751 	22.000000 	26.305893 	21.023796 	22.090721 	26.683329 	22.561028 	22.803509 	12.369317 	5.385165 	4.472136 	4.242640 	6.000000 	3.162278 	999.000000 	2.828427 	2.236068 	5.385165 	
86.052307 	43.185646 	111.018013 	89.000000 	40.607880 	39.824615 	39.597980 	55.317268 	70.455658 	50.931328 	87.367043 	47.381432 	65.276337 	77.000000 	36.235340 	35.510563 	76.105194 	34.409302 	34.132095 	34.000000 	33.541019 	31.240999 	33.241539 	31.064449 	29.681644 	29.529646 	28.017851 	26.076809 	22.022715 	22.000000 	24.083189 	28.635643 	23.194826 	24.331051 	29.120440 	25.000000 	25.298222 	11.180340 	5.000000 	6.000000 	5.099020 	4.472136 	5.830952 	2.828427 	999.000000 	1.000000 	3.000000 	
87.051712 	43.863426 	112.017853 	90.000000 	41.231056 	40.459858 	40.311287 	56.080299 	70.576202 	51.623638 	88.362885 	48.083260 	65.375839 	78.000000 	36.715118 	36.055511 	77.103828 	35.000000 	34.669872 	34.481880 	34.000000 	31.890438 	33.615471 	31.622776 	30.232433 	30.016663 	28.071337 	26.019224 	22.090721 	22.022715 	24.020824 	28.442924 	23.086792 	24.186773 	28.861740 	24.738634 	25.000000 	12.083046 	5.656854 	6.082763 	5.385165 	5.385165 	5.385165 	2.236068 	1.000000 	999.000000 	3.162278 	
86.209045 	45.453274 	111.004501 	89.050545 	43.011627 	42.201897 	41.773197 	57.314919 	73.437050 	53.150730 	87.692642 	49.578220 	68.264191 	77.058418 	38.910152 	38.078865 	76.006577 	36.891735 	36.715118 	36.674240 	36.249138 	33.600594 	36.055511 	33.615471 	32.249031 	32.202484 	31.016125 	29.068884 	25.019993 	25.000000 	27.073973 	31.575306 	26.172504 	27.294687 	32.015621 	27.892651 	28.160255 	12.806249 	7.615773 	9.000000 	8.062258 	6.403124 	8.544003 	5.385165 	3.000000 	3.162278 	999.000000 	

Travel time:
9.000000 	1.598828 	0.637377 	0.106066 	1.688565 	1.677982 	1.578963 	1.375000 	2.570627 	1.532359 	0.127475 	1.535008 	2.530316 	0.237171 	1.871163 	1.805893 	0.305164 	1.764405 	1.820028 	1.875667 	1.899013 	1.731509 	1.978004 	1.818310 	1.834394 	1.889610 	2.215006 	2.273901 	2.177441 	2.201846 	2.261775 	2.383406 	2.280488 	2.310438 	2.431692 	2.383537 	2.407930 	1.900658 	2.075151 	2.151308 	2.125588 	2.050152 	2.225562 	2.200142 	2.151308 	2.176293 	2.155226 	
1.598828 	9.000000 	2.219234 	1.700000 	0.100000 	0.103078 	0.103078 	0.340037 	1.085415 	0.195256 	1.569236 	0.111803 	1.005609 	1.442220 	0.300000 	0.254951 	1.480076 	0.246221 	0.285044 	0.328824 	0.353553 	0.301040 	0.425735 	0.335410 	0.369121 	0.403887 	0.707107 	0.789383 	0.743303 	0.766893 	0.800391 	0.880696 	0.831038 	0.848896 	0.930390 	0.921954 	0.946375 	0.825379 	0.955249 	0.973717 	0.972432 	0.976281 	1.046721 	1.078483 	1.079641 	1.096586 	1.136332 	
0.637377 	2.219234 	9.000000 	0.552268 	2.311926 	2.302851 	2.206383 	1.969296 	3.141755 	2.135562 	0.650000 	2.147673 	3.113880 	0.851469 	2.499000 	2.435159 	0.876427 	2.395438 	2.450765 	2.506117 	2.529822 	2.366036 	2.608879 	2.452040 	2.469059 	2.524010 	2.850439 	2.910434 	2.814694 	2.839124 	2.898814 	3.019623 	2.917726 	2.947563 	3.068082 	3.020761 	3.045181 	2.531057 	2.704164 	2.782198 	2.755563 	2.676868 	2.855368 	2.826769 	2.775450 	2.800446 	2.775113 	
0.106066 	1.700000 	0.552268 	9.000000 	1.788854 	1.777815 	1.677982 	1.480076 	2.676402 	1.636498 	0.206155 	1.637834 	2.635574 	0.300000 	1.969772 	1.903943 	0.340037 	1.861619 	1.917355 	1.973100 	1.996247 	1.826369 	2.075151 	1.913766 	1.929054 	1.984471 	2.308679 	2.366036 	2.267708 	2.291970 	2.352791 	2.476010 	2.370786 	2.401172 	2.524010 	2.473863 	2.498124 	1.978952 	2.152324 	2.230051 	2.203548 	2.125588 	2.303394 	2.275549 	2.225000 	2.250000 	2.226264 	
1.688565 	0.100000 	2.311926 	1.788854 	9.000000 	0.025000 	0.125000 	0.436606 	1.040733 	0.279509 	1.662077 	0.206155 	0.951972 	1.526434 	0.200000 	0.158114 	1.560649 	0.160078 	0.190394 	0.230489 	0.254951 	0.235850 	0.325960 	0.250000 	0.285044 	0.313249 	0.608276 	0.691466 	0.650000 	0.673146 	0.704006 	0.781425 	0.735272 	0.752080 	0.831038 	0.824621 	0.848896 	0.772172 	0.890225 	0.901734 	0.903120 	0.915492 	0.972432 	1.009022 	1.015197 	1.030776 	1.075291 	
1.677982 	0.103078 	2.302851 	1.777815 	0.025000 	9.000000 	0.106066 	0.443001 	1.063602 	0.291548 	1.653217 	0.213600 	0.973717 	1.513481 	0.201556 	0.152069 	1.546367 	0.145774 	0.182003 	0.226385 	0.251247 	0.215058 	0.325000 	0.235850 	0.270416 	0.302076 	0.604669 	0.686477 	0.640800 	0.664266 	0.697316 	0.778621 	0.728011 	0.745822 	0.828402 	0.818917 	0.843356 	0.750417 	0.870704 	0.883883 	0.884590 	0.895126 	0.955249 	0.990581 	0.995615 	1.011496 	1.055047 	
1.578963 	0.103078 	2.206383 	1.677982 	0.125000 	0.106066 	9.000000 	0.403113 	1.162970 	0.285044 	1.557442 	0.195256 	1.076162 	1.410895 	0.292617 	0.230489 	1.442220 	0.200000 	0.251247 	0.304138 	0.328824 	0.223607 	0.406971 	0.279509 	0.309233 	0.353553 	0.675000 	0.751665 	0.691466 	0.715891 	0.756637 	0.850000 	0.785016 	0.806226 	0.900000 	0.880696 	0.905539 	0.730154 	0.866386 	0.890225 	0.886707 	0.884590 	0.965013 	0.992472 	0.989950 	1.007782 	1.044330 	
1.375000 	0.340037 	1.969296 	1.480076 	0.436606 	0.443001 	0.403113 	9.000000 	1.202081 	0.176777 	1.325000 	0.230489 	1.155692 	1.255239 	0.632949 	0.594243 	1.312441 	0.585235 	0.625000 	0.667083 	0.691466 	0.626498 	0.760345 	0.673146 	0.705780 	0.743303 	1.044330 	1.128051 	1.083109 	1.106797 	1.140175 	1.216552 	1.171004 	1.188486 	1.265899 	1.261200 	1.285496 	1.113833 	1.261200 	1.290349 	1.285010 	1.274755 	1.366108 	1.390144 	1.382932 	1.402007 	1.432873 	
2.570627 	1.085415 	3.141755 	2.676402 	1.040733 	1.063602 	1.162970 	1.202081 	9.000000 	1.065950 	2.510602 	1.095730 	0.134629 	2.457260 	0.976281 	1.037123 	2.512469 	1.092016 	1.055047 	1.019804 	1.015197 	1.188486 	0.980115 	1.122776 	1.142639 	1.110180 	1.064483 	1.128051 	1.212693 	1.216552 	1.176860 	1.106797 	1.206752 	1.188486 	1.123610 	1.209597 	1.217580 	1.625769 	1.654728 	1.612452 	1.634396 	1.702939 	1.648105 	1.718284 	1.761391 	1.764405 	1.835926 	
1.532359 	0.195256 	2.135562 	1.636498 	0.279509 	0.291548 	0.285044 	0.176777 	1.065950 	9.000000 	1.488497 	0.090139 	1.007782 	1.399330 	0.467039 	0.436606 	1.449569 	0.437321 	0.469707 	0.506211 	0.529741 	0.496236 	0.594243 	0.527376 	0.561805 	0.592663 	0.879275 	0.965013 	0.929045 	0.951972 	0.980434 	1.049405 	1.012423 	1.027740 	1.098294 	1.099147 	1.123054 	1.015197 	1.149184 	1.168867 	1.167262 	1.168867 	1.241974 	1.273283 	1.273283 	1.290591 	1.328768 	
0.127475 	1.569236 	0.650000 	0.206155 	1.662077 	1.653217 	1.557442 	1.325000 	2.510602 	1.488497 	9.000000 	1.498332 	2.476136 	0.320156 	1.850000 	1.786757 	0.406971 	1.748035 	1.803122 	1.858259 	1.882153 	1.722099 	1.961186 	1.806931 	1.825171 	1.879661 	2.207374 	2.270050 	2.178302 	2.202981 	2.260669 	2.378156 	2.281036 	2.309897 	2.427061 	2.383800 	2.408449 	1.926461 	2.102380 	2.175575 	2.151308 	2.080415 	2.251250 	2.230051 	2.184176 	2.209072 	2.192316 	
1.535008 	0.111803 	2.147673 	1.637834 	0.206155 	0.213600 	0.195256 	0.230489 	1.095730 	0.090139 	1.498332 	9.000000 	1.027740 	1.390144 	0.403113 	0.364006 	1.434617 	0.357946 	0.395285 	0.436606 	0.460977 	0.410031 	0.530330 	0.447214 	0.480885 	0.515388 	0.813941 	0.897566 	0.854400 	0.877853 	0.910014 	0.986471 	0.941076 	0.958188 	1.035918 	1.030776 	1.055047 	0.925338 	1.060660 	1.081954 	1.079641 	1.079641 	1.155692 	1.185591 	1.184536 	1.202081 	1.239455 	
2.530316 	1.005609 	3.113880 	2.635574 	0.951972 	0.973717 	1.076162 	1.155692 	0.134629 	1.007782 	2.476136 	1.027740 	9.000000 	2.406502 	0.869626 	0.933408 	2.457260 	0.989002 	0.948683 	0.910014 	0.903466 	1.083109 	0.863134 	1.013040 	1.030776 	0.995301 	0.933408 	0.995301 	1.082243 	1.085415 	1.044330 	0.972432 	1.073837 	1.055047 	0.989002 	1.075291 	1.083109 	1.503330 	1.526843 	1.482607 	1.505199 	1.575794 	1.516781 	1.587648 	1.631908 	1.634396 	1.706605 	
0.237171 	1.442220 	0.851469 	0.300000 	1.526434 	1.513481 	1.410895 	1.255239 	2.457260 	1.399330 	0.320156 	1.390144 	2.406502 	9.000000 	1.700000 	1.632483 	0.103078 	1.587648 	1.643548 	1.699448 	1.721918 	1.546165 	1.800347 	1.634778 	1.648105 	1.703856 	2.024846 	2.079213 	1.978004 	2.002030 	2.064128 	2.189892 	2.081015 	2.112019 	2.237325 	2.184033 	2.208082 	1.679658 	1.852701 	1.930835 	1.904107 	1.825685 	2.003902 	1.975633 	1.925000 	1.950000 	1.926461 	
1.871163 	0.300000 	2.499000 	1.969772 	0.200000 	0.201556 	0.292617 	0.632949 	0.976281 	0.467039 	1.850000 	0.403113 	0.869626 	1.700000 	9.000000 	0.070711 	1.727896 	0.125000 	0.079057 	0.055902 	0.070711 	0.213600 	0.127475 	0.150000 	0.176777 	0.167705 	0.412311 	0.498121 	0.471699 	0.493077 	0.515388 	0.583631 	0.548293 	0.561805 	0.632949 	0.632456 	0.656220 	0.697316 	0.782624 	0.776611 	0.784618 	0.817389 	0.840015 	0.887764 	0.905883 	0.917878 	0.972754 	
1.805893 	0.254951 	2.435159 	1.903943 	0.158114 	0.152069 	0.230489 	0.594243 	1.037123 	0.436606 	1.786757 	0.364006 	0.933408 	1.632483 	0.070711 	9.000000 	1.659254 	0.055902 	0.035355 	0.075000 	0.100000 	0.152069 	0.176777 	0.111803 	0.145774 	0.160078 	0.452769 	0.534439 	0.492443 	0.515388 	0.546008 	0.626997 	0.577170 	0.594243 	0.676849 	0.667083 	0.691466 	0.664266 	0.763217 	0.765261 	0.770146 	0.794119 	0.832541 	0.875000 	0.887764 	0.901388 	0.951972 	
0.305164 	1.480076 	0.876427 	0.340037 	1.560649 	1.546367 	1.442220 	1.312441 	2.512469 	1.449569 	0.406971 	1.434617 	2.457260 	0.103078 	1.727896 	1.659254 	9.000000 	1.612452 	1.668270 	1.724094 	1.745888 	1.565248 	1.823630 	1.654728 	1.666021 	1.721918 	2.038535 	2.089258 	1.984471 	2.008109 	2.071835 	2.200568 	2.087163 	2.118962 	2.247221 	2.189892 	2.213594 	1.665270 	1.835926 	1.916377 	1.888452 	1.806239 	1.987775 	1.955761 	1.902630 	1.927596 	1.900164 	
1.764405 	0.246221 	2.395438 	1.861619 	0.160078 	0.145774 	0.200000 	0.585235 	1.092016 	0.437321 	1.748035 	0.357946 	0.989002 	1.587648 	0.125000 	0.055902 	1.612452 	9.000000 	0.055902 	0.111803 	0.134629 	0.100000 	0.213600 	0.090139 	0.125000 	0.158114 	0.475000 	0.552268 	0.498121 	0.522015 	0.559017 	0.650000 	0.588430 	0.608276 	0.700000 	0.682367 	0.707107 	0.626997 	0.735272 	0.743303 	0.745822 	0.763217 	0.813173 	0.851469 	0.860233 	0.875000 	0.922293 	
1.820028 	0.285044 	2.450765 	1.917355 	0.190394 	0.182003 	0.251247 	0.625000 	1.055047 	0.469707 	1.803122 	0.395285 	0.948683 	1.643548 	0.079057 	0.035355 	1.668270 	0.055902 	9.000000 	0.055902 	0.079057 	0.134629 	0.158114 	0.079057 	0.111803 	0.125000 	0.425735 	0.505594 	0.459619 	0.482830 	0.515388 	0.600521 	0.546008 	0.564026 	0.650481 	0.637377 	0.661910 	0.632456 	0.728869 	0.730154 	0.735272 	0.760345 	0.797261 	0.840015 	0.853302 	0.866747 	0.917878 	
1.875667 	0.328824 	2.506117 	1.973100 	0.230489 	0.226385 	0.304138 	0.667083 	1.019804 	0.506211 	1.858259 	0.436606 	0.910014 	1.699448 	0.055902 	0.075000 	1.724094 	0.111803 	0.055902 	9.000000 	0.025000 	0.180278 	0.103078 	0.103078 	0.125000 	0.111803 	0.378319 	0.460977 	0.425000 	0.447214 	0.474342 	0.552268 	0.506211 	0.522015 	0.602080 	0.594243 	0.618466 	0.642748 	0.726722 	0.721110 	0.728869 	0.761577 	0.785016 	0.832166 	0.850000 	0.862047 	0.916856 	
1.899013 	0.353553 	2.529822 	1.996247 	0.254951 	0.251247 	0.328824 	0.691466 	1.015197 	0.529741 	1.882153 	0.460977 	0.903466 	1.721918 	0.070711 	0.100000 	1.745888 	0.134629 	0.079057 	0.025000 	9.000000 	0.195256 	0.079057 	0.111803 	0.127475 	0.103078 	0.353553 	0.436606 	0.403113 	0.425000 	0.450694 	0.527376 	0.482830 	0.498121 	0.577170 	0.570088 	0.594243 	0.637377 	0.715891 	0.707549 	0.716327 	0.752080 	0.770146 	0.818917 	0.838525 	0.850000 	0.906228 	
1.731509 	0.301040 	2.366036 	1.826369 	0.235850 	0.215058 	0.223607 	0.626498 	1.188486 	0.496236 	1.722099 	0.410031 	1.083109 	1.546165 	0.213600 	0.152069 	1.565248 	0.100000 	0.134629 	0.180278 	0.195256 	9.000000 	0.265754 	0.090139 	0.103078 	0.158114 	0.485412 	0.552268 	0.477624 	0.502494 	0.550000 	0.657647 	0.575543 	0.600000 	0.707107 	0.675000 	0.700000 	0.536773 	0.656220 	0.672681 	0.671751 	0.680074 	0.745822 	0.777817 	0.781025 	0.797261 	0.840015 	
1.978004 	0.425735 	2.608879 	2.075151 	0.325960 	0.325000 	0.406971 	0.760345 	0.980115 	0.594243 	1.961186 	0.530330 	0.863134 	1.800347 	0.127475 	0.176777 	1.823630 	0.213600 	0.158114 	0.103078 	0.079057 	0.265754 	9.000000 	0.176777 	0.180278 	0.134629 	0.285044 	0.371652 	0.355317 	0.375000 	0.391312 	0.456207 	0.425000 	0.436606 	0.505594 	0.506211 	0.529741 	0.651920 	0.711512 	0.693271 	0.705780 	0.752080 	0.750417 	0.805062 	0.831038 	0.840387 	0.901388 	
1.818310 	0.335410 	2.452040 	1.913766 	0.250000 	0.235850 	0.279509 	0.673146 	1.122776 	0.527376 	1.806931 	0.447214 	1.013040 	1.634778 	0.150000 	0.111803 	1.654728 	0.090139 	0.079057 	0.103078 	0.111803 	0.090139 	0.176777 	9.000000 	0.035355 	0.075000 	0.403113 	0.475000 	0.412311 	0.436606 	0.477624 	0.577170 	0.505594 	0.527376 	0.626997 	0.602080 	0.626997 	0.553399 	0.651920 	0.656220 	0.660019 	0.682367 	0.725000 	0.765261 	0.776611 	0.790569 	0.840387 	
1.834394 	0.369121 	2.469059 	1.929054 	0.285044 	0.270416 	0.309233 	0.705780 	1.142639 	0.561805 	1.825171 	0.480885 	1.030776 	1.648105 	0.176777 	0.145774 	1.666021 	0.125000 	0.111803 	0.125000 	0.127475 	0.103078 	0.180278 	0.035355 	9.000000 	0.055902 	0.382426 	0.450694 	0.382426 	0.406971 	0.450694 	0.555090 	0.477624 	0.500625 	0.604669 	0.575543 	0.600521 	0.522015 	0.617454 	0.620987 	0.625000 	0.648556 	0.689656 	0.730154 	0.742041 	0.755811 	0.806226 	
1.889610 	0.403887 	2.524010 	1.984471 	0.313249 	0.302076 	0.353553 	0.743303 	1.110180 	0.592663 	1.879661 	0.515388 	0.995301 	1.703856 	0.167705 	0.160078 	1.721918 	0.158114 	0.125000 	0.111803 	0.103078 	0.158114 	0.134629 	0.075000 	0.055902 	9.000000 	0.328824 	0.400000 	0.340037 	0.364006 	0.403113 	0.502494 	0.431567 	0.452769 	0.552268 	0.527376 	0.552268 	0.534439 	0.614919 	0.610328 	0.617454 	0.650000 	0.675463 	0.721110 	0.738241 	0.750417 	0.805062 	
2.215006 	0.707107 	2.850439 	2.308679 	0.608276 	0.604669 	0.675000 	1.044330 	1.064483 	0.879275 	2.207374 	0.813941 	0.933408 	2.024846 	0.412311 	0.452769 	2.038535 	0.475000 	0.425735 	0.378319 	0.353553 	0.485412 	0.285044 	0.403113 	0.382426 	0.328824 	9.000000 	0.090139 	0.150000 	0.152069 	0.125000 	0.175000 	0.160078 	0.160078 	0.225000 	0.223607 	0.246221 	0.617454 	0.602080 	0.550568 	0.575000 	0.654313 	0.583631 	0.654313 	0.700446 	0.701783 	0.775403 	
2.273901 	0.789383 	2.910434 	2.366036 	0.691466 	0.686477 	0.751665 	1.128051 	1.128051 	0.965013 	2.270050 	0.897566 	0.995301 	2.079213 	0.498121 	0.534439 	2.089258 	0.552268 	0.505594 	0.460977 	0.436606 	0.552268 	0.371652 	0.475000 	0.450694 	0.400000 	0.090139 	9.000000 	0.125000 	0.111803 	0.050000 	0.111803 	0.079057 	0.070711 	0.158114 	0.134629 	0.158114 	0.604669 	0.564026 	0.502494 	0.530330 	0.618466 	0.525595 	0.600000 	0.651920 	0.650481 	0.726722 	
2.177441 	0.743303 	2.814694 	2.267708 	0.650000 	0.640800 	0.691466 	1.083109 	1.212693 	0.929045 	2.178302 	0.854400 	1.082243 	1.978004 	0.471699 	0.492443 	1.984471 	0.498121 	0.459619 	0.425000 	0.403113 	0.477624 	0.355317 	0.412311 	0.382426 	0.340037 	0.150000 	0.125000 	9.000000 	0.025000 	0.090139 	0.230489 	0.103078 	0.134629 	0.270416 	0.206155 	0.230489 	0.480885 	0.452769 	0.400780 	0.425000 	0.505594 	0.436606 	0.505594 	0.550568 	0.552268 	0.625500 	
2.201846 	0.766893 	2.839124 	2.291970 	0.673146 	0.664266 	0.715891 	1.106797 	1.216552 	0.951972 	2.202981 	0.877853 	1.085415 	2.002030 	0.493077 	0.515388 	2.008109 	0.522015 	0.482830 	0.447214 	0.425000 	0.502494 	0.375000 	0.436606 	0.406971 	0.364006 	0.152069 	0.111803 	0.025000 	9.000000 	0.070711 	0.212132 	0.079057 	0.111803 	0.250000 	0.182003 	0.206155 	0.493077 	0.456207 	0.400000 	0.425735 	0.509902 	0.431567 	0.502494 	0.550000 	0.550568 	0.625000 	
2.261775 	0.800391 	2.898814 	2.352791 	0.704006 	0.697316 	0.756637 	1.140175 	1.176860 	0.980434 	2.260669 	0.910014 	1.044330 	2.064128 	0.515388 	0.546008 	2.071835 	0.559017 	0.515388 	0.474342 	0.450694 	0.550000 	0.391312 	0.477624 	0.450694 	0.403113 	0.125000 	0.050000 	0.090139 	0.070711 	9.000000 	0.141421 	0.035355 	0.050000 	0.180278 	0.125000 	0.150000 	0.561805 	0.515388 	0.452769 	0.480885 	0.570088 	0.475657 	0.550000 	0.602080 	0.600521 	0.676849 	
2.383406 	0.880696 	3.019623 	2.476010 	0.781425 	0.778621 	0.850000 	1.216552 	1.106797 	1.049405 	2.378156 	0.986471 	0.972432 	2.189892 	0.583631 	0.626997 	2.200568 	0.650000 	0.600521 	0.552268 	0.527376 	0.657647 	0.456207 	0.577170 	0.555090 	0.502494 	0.175000 	0.111803 	0.230489 	0.212132 	0.141421 	9.000000 	0.145774 	0.111803 	0.050000 	0.103078 	0.111803 	0.700446 	0.640800 	0.570088 	0.601041 	0.696419 	0.579871 	0.657647 	0.715891 	0.711073 	0.789383 	
2.280488 	0.831038 	2.917726 	2.370786 	0.735272 	0.728011 	0.785016 	1.171004 	1.206752 	1.012423 	2.281036 	0.941076 	1.073837 	2.081015 	0.548293 	0.577170 	2.087163 	0.588430 	0.546008 	0.506211 	0.482830 	0.575543 	0.425000 	0.505594 	0.477624 	0.431567 	0.160078 	0.079057 	0.103078 	0.079057 	0.035355 	0.145774 	9.000000 	0.035355 	0.176777 	0.103078 	0.127475 	0.555090 	0.498121 	0.431567 	0.460977 	0.553399 	0.450000 	0.525595 	0.579871 	0.577170 	0.654313 	
