Total assets = 490
Number of asset nodes = 33

Distance:
999.000000 	92.135773 	15.132746 	109.658562 	97.082436 	70.880180 	6.082763 	94.936821 	101.552940 	75.000000 	70.092796 	123.842644 	123.239601 	98.086693 	96.005211 	69.426216 	106.512909 	112.698715 	11.180340 	71.386276 	12.165525 	75.709976 	72.180328 	30.675724 	114.127121 	115.039124 	161.074524 	79.246452 	147.871567 	111.233986 	147.299011 	115.550858 	161.335052 	86.884979 	19.697716 	30.016663 	19.416489 	115.693558 	114.017540 	150.903946 	80.752708 	114.947815 	162.265213 	36.249138 	154.262756 	21.377558 	
92.135773 	999.000000 	79.924965 	18.384777 	5.099020 	25.000000 	95.770561 	4.472136 	9.486833 	21.954498 	27.459061 	44.721359 	42.953465 	7.071068 	7.211102 	30.016663 	14.560220 	20.591261 	95.718338 	29.068884 	99.644371 	25.632011 	29.546574 	73.593475 	22.135944 	23.086792 	75.471848 	26.476404 	58.898216 	20.099751 	58.137768 	23.769728 	74.886581 	22.090721 	94.810333 	79.208588 	105.118980 	24.331051 	23.086792 	61.619801 	29.154760 	24.083189 	75.213028 	74.330345 	65.192024 	99.809822 	
15.132746 	79.924965 	999.000000 	97.908119 	84.723076 	57.384666 	16.492422 	82.365044 	89.185204 	61.465439 	56.302753 	114.769333 	113.951744 	85.475143 	83.186539 	55.362442 	94.021271 	100.498756 	15.811388 	57.280014 	19.723083 	61.684681 	57.974133 	16.124516 	101.597244 	102.474388 	151.327454 	65.000000 	137.131317 	98.386993 	136.499084 	102.883430 	151.380310 	72.801102 	17.464249 	17.029387 	25.495098 	102.859123 	101.079178 	140.089264 	66.287254 	101.980392 	152.161102 	22.203604 	143.533966 	21.954498 	
109.658562 	18.384777 	97.908119 	999.000000 	14.422205 	43.278172 	113.534134 	17.492855 	10.770329 	40.000000 	45.607018 	31.400637 	29.274563 	15.231546 	18.384777 	48.010414 	9.055386 	5.830952 	113.718948 	46.872166 	117.596771 	43.046486 	47.169907 	91.967384 	10.000000 	10.816654 	57.706154 	42.953465 	40.607880 	13.038404 	39.824615 	12.206555 	56.938564 	36.687874 	113.070778 	97.590981 	123.223373 	14.212670 	14.866069 	43.278172 	44.944408 	15.556349 	57.140179 	92.698433 	46.861500 	118.067780 	
97.082436 	5.099020 	84.723076 	14.422205 	999.000000 	29.000000 	100.647903 	3.162278 	4.472136 	25.612497 	31.240999 	43.104523 	41.194660 	2.828427 	5.099020 	33.600594 	9.486833 	15.811388 	100.498756 	32.449963 	104.446159 	28.653097 	32.756680 	77.987175 	17.088007 	18.027756 	72.069412 	28.792360 	55.000000 	15.033297 	54.203320 	18.681541 	71.344238 	23.194826 	99.403221 	83.546394 	109.836243 	19.235384 	18.027756 	57.628117 	31.048349 	19.026299 	71.561165 	78.492035 	61.220913 	104.403069 	
70.880180 	25.000000 	57.384666 	43.278172 	29.000000 	999.000000 	73.736015 	26.172504 	33.241539 	4.123106 	3.000000 	68.007355 	66.483078 	29.068884 	26.400757 	6.000000 	37.643059 	44.598206 	72.917763 	6.324555 	76.967529 	7.211102 	7.615773 	49.203659 	45.000000 	45.803928 	100.404182 	11.661903 	83.868942 	41.340054 	83.096329 	46.043457 	99.864906 	17.117243 	71.021126 	54.671749 	81.884064 	45.793011 	43.908997 	86.556343 	15.000000 	44.777225 	100.209778 	49.497475 	90.138779 	76.006577 	
6.082763 	95.770561 	16.492422 	113.534134 	100.647903 	73.736015 	999.000000 	98.386993 	105.118980 	77.833153 	72.732384 	128.701202 	128.035156 	101.518471 	99.317673 	71.840103 	110.018181 	116.361504 	5.830952 	73.763138 	6.082763 	78.160095 	74.464760 	30.265491 	117.618027 	118.511604 	165.758865 	81.492332 	152.200531 	114.542572 	151.604752 	118.966385 	165.951797 	89.286057 	15.000000 	28.460499 	13.341664 	119.012604 	117.273186 	155.206314 	82.764725 	118.186295 	166.832245 	35.171009 	158.600128 	15.811388 	
94.936821 	4.472136 	82.365044 	17.492855 	3.162278 	26.172504 	98.386993 	999.000000 	7.071068 	22.671568 	28.319605 	46.173584 	44.283180 	3.162278 	2.828427 	30.610456 	11.661903 	18.439089 	98.112183 	29.410883 	102.083298 	25.553865 	29.681644 	75.286118 	19.235384 	20.124611 	75.179787 	25.632011 	58.008621 	16.492422 	57.201397 	20.615528 	74.431175 	20.099751 	96.834908 	80.808418 	107.377838 	20.880613 	19.416489 	60.605282 	27.892651 	20.396078 	74.625732 	75.663727 	64.202805 	101.833199 	
101.552940 	9.486833 	89.185204 	10.770329 	4.472136 	33.241539 	105.118980 	7.071068 	999.000000 	29.732138 	35.383614 	41.012192 	39.000000 	4.472136 	7.615773 	37.643059 	5.099020 	11.401754 	104.957130 	36.400551 	108.908218 	32.449963 	36.619667 	82.328613 	12.649111 	13.601471 	68.425140 	32.202484 	51.039200 	11.045361 	50.219517 	14.317822 	67.601776 	25.961510 	103.812332 	87.863533 	114.280357 	15.033297 	14.035668 	53.600372 	34.176014 	15.033297 	67.742157 	82.734512 	57.201397 	108.811768 	
75.000000 	21.954498 	61.465439 	40.000000 	25.612497 	4.123106 	77.833153 	22.671568 	29.732138 	999.000000 	5.656854 	65.802734 	64.195015 	25.455845 	22.671568 	8.062258 	33.970577 	41.012192 	76.967529 	7.280110 	81.024689 	5.385165 	8.062258 	53.009434 	41.231056 	42.011902 	97.416634 	9.219544 	80.603973 	37.443291 	79.812279 	42.201897 	96.798759 	13.341664 	74.946648 	58.412327 	85.883644 	41.880783 	39.962482 	83.240616 	12.806249 	40.816662 	97.082436 	53.075417 	86.833176 	79.924965 	
70.092796 	27.459061 	56.302753 	45.607018 	31.240999 	3.000000 	72.732384 	28.319605 	35.383614 	5.656854 	999.000000 	70.837845 	69.289246 	31.112698 	28.319605 	3.000000 	39.623226 	46.669048 	71.693794 	3.605551 	75.769386 	6.082763 	5.000000 	47.434166 	46.861500 	47.634022 	102.927162 	10.440307 	86.214851 	43.011627 	85.428329 	47.801674 	102.342560 	17.029387 	69.462219 	52.801514 	80.498444 	47.434166 	45.486263 	88.865067 	13.416408 	46.324940 	102.649887 	47.423622 	92.455391 	74.431175 	
123.842644 	44.721359 	114.769333 	31.400637 	43.104523 	68.007355 	128.701202 	46.173584 	41.012192 	65.802734 	70.837845 	999.000000 	2.236068 	45.011108 	48.041649 	73.681747 	40.447498 	35.440090 	130.176804 	73.082146 	133.660019 	70.092796 	73.763138 	112.605507 	39.217342 	39.560081 	37.735924 	71.196907 	30.016663 	43.680660 	30.000000 	40.853397 	38.470768 	66.272163 	131.502853 	118.431412 	140.121368 	43.081318 	44.598206 	33.060551 	73.824112 	44.944408 	39.812057 	114.738831 	35.355339 	136.359818 	
123.239601 	42.953465 	113.951744 	29.274563 	41.194660 	66.483078 	128.035156 	44.283180 	39.000000 	64.195015 	69.289246 	2.236068 	999.000000 	43.046486 	46.097721 	72.111023 	38.327538 	33.241539 	129.417923 	71.470276 	132.936081 	68.410522 	72.124893 	111.503365 	37.000000 	37.336308 	38.013157 	69.426216 	29.154760 	41.484936 	29.068884 	38.626415 	38.587563 	64.381676 	130.598618 	117.324333 	139.344894 	40.853397 	42.379242 	32.249031 	72.006943 	42.720020 	39.824615 	113.534134 	34.713108 	135.473251 	
98.086693 	7.071068 	85.475143 	15.231546 	2.828427 	29.068884 	101.518471 	3.162278 	4.472136 	25.455845 	31.112698 	45.011108 	43.046486 	999.000000 	3.162278 	33.301651 	8.602325 	15.556349 	101.212646 	32.015621 	105.190300 	28.017851 	32.202484 	78.243210 	16.124516 	17.000000 	72.897186 	27.730848 	55.470715 	13.341664 	54.644306 	17.464249 	72.069412 	21.587032 	99.864906 	83.737686 	110.453613 	17.720045 	16.278820 	58.008621 	29.732138 	17.262676 	72.201111 	78.517517 	61.611687 	104.861816 	
96.005211 	7.211102 	83.186539 	18.384777 	5.099020 	26.400757 	99.317673 	2.828427 	7.615773 	22.671568 	28.319605 	48.041649 	46.097721 	3.162278 	999.000000 	30.413813 	11.313708 	18.439089 	98.883774 	29.068884 	102.883430 	25.000000 	29.206163 	75.604233 	18.601076 	19.416489 	76.026314 	24.596748 	58.523499 	15.231546 	57.688820 	19.723083 	75.179787 	18.439089 	97.349884 	81.055534 	108.046288 	19.697716 	18.027756 	61.032780 	26.570660 	18.973665 	75.292763 	75.742989 	64.637451 	102.342560 	
69.426216 	30.016663 	55.362442 	48.010414 	33.600594 	6.000000 	71.840103 	30.610456 	37.643059 	8.062258 	3.000000 	73.681747 	72.111023 	33.301651 	30.413813 	999.000000 	41.725292 	48.836460 	70.576202 	2.000000 	74.672615 	6.324555 	3.162278 	45.793011 	48.836460 	49.578220 	105.475113 	10.000000 	88.600227 	44.821869 	87.800911 	49.678970 	104.847511 	17.464249 	68.000000 	51.039200 	79.202271 	49.203659 	47.201694 	91.214035 	12.369317 	48.010414 	105.118980 	45.453274 	94.810333 	72.945183 	
106.512909 	14.560220 	94.021271 	9.055386 	9.486833 	37.643059 	110.018181 	11.661903 	5.099020 	33.970577 	39.623226 	40.447498 	38.327538 	8.602325 	11.313708 	41.725292 	999.000000 	7.211102 	109.772491 	40.360870 	113.740936 	36.235340 	40.459858 	86.833176 	7.615773 	8.544003 	65.391129 	35.510563 	47.507893 	6.324555 	46.647614 	9.219544 	64.404968 	28.635643 	108.466583 	92.314682 	119.037811 	10.000000 	9.219544 	49.929951 	37.121422 	10.198039 	64.412735 	87.045967 	53.535034 	113.463654 	
112.698715 	20.591261 	100.498756 	5.830952 	15.811388 	44.598206 	116.361504 	18.439089 	11.401754 	41.012192 	46.669048 	35.440090 	33.241539 	15.556349 	18.439089 	48.836460 	7.211102 	999.000000 	116.284134 	47.507893 	120.220627 	43.416588 	47.634022 	93.723000 	4.242640 	5.000000 	58.309521 	42.720020 	40.311287 	8.246211 	39.446167 	6.403124 	57.271286 	35.777088 	115.208504 	99.247169 	125.642349 	8.485281 	9.433981 	42.720020 	44.294468 	10.000000 	57.245087 	94.069122 	46.324940 	120.208153 	
11.180340 	95.718338 	15.811388 	113.718948 	100.498756 	72.917763 	5.830952 	98.112183 	104.957130 	76.967529 	71.693794 	130.176804 	129.417923 	101.212646 	98.883774 	70.576202 	109.772491 	116.284134 	999.000000 	72.449982 	4.123106 	76.896034 	73.054771 	27.018513 	117.337120 	118.207443 	166.931122 	80.006248 	152.895386 	114.061386 	152.269501 	118.595955 	167.026947 	87.920418 	9.219544 	24.331051 	10.000000 	118.532700 	116.726173 	155.862122 	81.043198 	117.618027 	167.836227 	31.257000 	159.298462 	10.198039 	
71.386276 	29.068884 	57.280014 	46.872166 	32.449963 	6.324555 	73.763138 	29.410883 	36.400551 	7.280110 	3.605551 	73.082146 	71.470276 	32.015621 	29.068884 	2.000000 	40.360870 	47.507893 	72.449982 	999.000000 	76.550636 	4.472136 	1.414214 	47.507893 	47.381432 	48.104053 	104.446159 	8.000000 	87.418533 	43.278172 	86.608315 	48.166378 	103.773796 	15.524175 	69.771057 	52.697250 	81.024689 	47.634022 	45.607018 	90.000000 	10.440307 	46.400433 	104.009613 	47.010635 	93.600212 	74.706093 	
12.165525 	99.644371 	19.723083 	117.596771 	104.446159 	76.967529 	6.082763 	102.083298 	108.908218 	81.024689 	75.769386 	133.660019 	132.936081 	105.190300 	102.883430 	74.672615 	113.740936 	120.220627 	4.123106 	76.550636 	999.000000 	80.993828 	77.162170 	31.064449 	121.313644 	122.188377 	170.531525 	84.118965 	156.646103 	118.072014 	156.028839 	122.588745 	170.660477 	92.027168 	11.661903 	28.160255 	7.280110 	122.543869 	120.747673 	159.624557 	85.164543 	121.642921 	171.493439 	35.128338 	163.049072 	10.816654 	
75.709976 	25.632011 	61.684681 	43.046486 	28.653097 	7.211102 	78.160095 	25.553865 	32.449963 	5.385165 	6.082763 	70.092796 	68.410522 	28.017851 	25.000000 	6.324555 	36.235340 	43.416588 	76.896034 	4.472136 	80.993828 	999.000000 	4.242640 	51.971146 	43.139309 	43.840622 	100.722389 	4.472136 	83.486526 	38.948685 	82.661964 	43.863426 	99.985001 	11.180340 	74.242844 	57.140179 	85.492691 	43.278172 	41.231056 	86.023254 	7.810250 	42.011902 	100.169853 	51.400391 	89.627007 	79.177017 	
72.180328 	29.546574 	57.974133 	47.169907 	32.756680 	7.615773 	74.464760 	29.681644 	36.619667 	8.062258 	5.000000 	73.763138 	72.124893 	32.202484 	29.206163 	3.162278 	40.459858 	47.634022 	73.054771 	1.414214 	77.162170 	4.242640 	999.000000 	47.885281 	47.381432 	48.083260 	104.809349 	7.071068 	87.658424 	43.185646 	86.838928 	48.104053 	104.100914 	14.866069 	70.213959 	53.000000 	81.541397 	47.507893 	45.453274 	90.210861 	9.219544 	46.227695 	104.307236 	47.201694 	93.813644 	75.133217 	
30.675724 	73.593475 	16.124516 	91.967384 	77.987175 	49.203659 	30.265491 	75.286118 	82.328613 	53.009434 	47.434166 	112.605507 	111.503365 	78.243210 	75.604233 	45.793011 	86.833176 	93.723000 	27.018513 	47.507893 	31.064449 	51.971146 	47.885281 	999.000000 	94.201912 	95.000000 	147.756561 	54.561890 	132.245987 	90.443352 	131.529465 	95.210297 	147.512711 	62.609905 	22.472204 	5.830952 	34.205261 	94.868332 	92.913940 	135.059250 	55.154327 	93.744331 	148.070923 	6.403124 	138.600143 	27.313000 	
114.127121 	22.135944 	101.597244 	10.000000 	17.088007 	45.000000 	117.618027 	19.235384 	12.649111 	41.231056 	46.861500 	39.217342 	37.000000 	16.124516 	18.601076 	48.836460 	7.615773 	4.242640 	117.337120 	47.381432 	121.313644 	43.139309 	47.381432 	94.201912 	999.000000 	1.000000 	60.083275 	42.011902 	41.629318 	5.099020 	40.718548 	2.236068 	58.872746 	34.669872 	115.935326 	99.639351 	126.570137 	4.242640 	5.385165 	43.829212 	43.266617 	5.830952 	58.694122 	94.260277 	47.413078 	120.929733 	
115.039124 	23.086792 	102.474388 	10.816654 	18.027756 	45.803928 	118.511604 	20.124611 	13.601471 	42.011902 	47.634022 	39.560081 	37.336308 	17.000000 	19.416489 	49.578220 	8.544003 	5.000000 	118.207443 	48.104053 	122.188377 	43.840622 	48.083260 	95.000000 	1.000000 	999.000000 	59.774578 	42.638012 	41.231056 	5.385165 	40.311287 	1.414214 	58.523499 	35.227829 	116.764717 	100.424103 	127.424484 	3.605551 	5.099020 	43.382023 	43.829212 	5.385165 	58.309521 	95.015785 	46.957428 	121.757957 	
161.074524 	75.471848 	151.327454 	57.706154 	72.069412 	100.404182 	165.758865 	75.179787 	68.425140 	97.416634 	102.927162 	37.735924 	38.013157 	72.897186 	76.026314 	105.475113 	65.391129 	58.309521 	166.931122 	104.446159 	170.531525 	100.722389 	104.809349 	147.756561 	60.083275 	59.774578 	999.000000 	100.623062 	19.104973 	65.145988 	20.099751 	60.440052 	2.828427 	94.021271 	167.657394 	153.525238 	176.799316 	62.096699 	64.288414 	18.027756 	102.459747 	64.031242 	5.000000 	149.201202 	15.297058 	172.586212 	
79.246452 	26.476404 	65.000000 	42.953465 	28.792360 	11.661903 	81.492332 	25.632011 	32.202484 	9.219544 	10.440307 	71.196907 	69.426216 	27.730848 	24.596748 	10.000000 	35.510563 	42.720020 	80.006248 	8.000000 	84.118965 	4.472136 	7.071068 	54.561890 	42.011902 	42.638012 	100.623062 	999.000000 	83.006027 	37.536648 	82.152298 	42.520584 	99.764725 	8.062258 	76.967529 	59.539902 	88.391174 	41.725292 	39.597980 	85.440041 	3.605551 	40.311287 	99.849884 	53.535034 	89.044930 	81.859634 	
147.871567 	58.898216 	137.131317 	40.607880 	55.000000 	83.868942 	152.200531 	58.008621 	51.039200 	80.603973 	86.214851 	30.016663 	29.154760 	55.470715 	58.523499 	88.600227 	47.507893 	40.311287 	152.895386 	87.418533 	156.646103 	83.486526 	87.658424 	132.245987 	41.629318 	41.231056 	19.104973 	83.006027 	999.000000 	46.615448 	1.000000 	41.785164 	17.464249 	76.059189 	152.898666 	137.931137 	162.606888 	43.324360 	45.541191 	3.162278 	84.599052 	45.221676 	17.088007 	133.206604 	6.403124 	157.876541 	
111.233986 	20.099751 	98.386993 	13.038404 	15.033297 	41.340054 	114.542572 	16.492422 	11.045361 	37.443291 	43.011627 	43.680660 	41.484936 	13.341664 	15.231546 	44.821869 	6.324555 	8.246211 	114.061386 	43.278172 	118.072014 	38.948685 	43.185646 	90.443352 	5.099020 	5.385165 	65.145988 	37.536648 	46.615448 	999.000000 	45.694637 	5.000000 	63.906181 	30.000000 	112.361023 	95.801880 	123.166557 	4.472136 	3.000000 	48.754486 	38.600517 	4.000000 	63.694584 	90.271812 	52.325901 	117.345642 	
147.299011 	58.137768 	136.499084 	39.824615 	54.203320 	83.096329 	151.604752 	57.201397 	50.219517 	79.812279 	85.428329 	30.000000 	29.068884 	54.644306 	57.688820 	87.800911 	46.647614 	39.446167 	152.269501 	86.608315 	156.028839 	82.661964 	86.838928 	131.529465 	40.718548 	40.311287 	20.099751 	82.152298 	1.000000 	45.694637 	999.000000 	40.853397 	18.439089 	75.179787 	152.226807 	137.207870 	161.969131 	42.379242 	44.598206 	3.605551 	83.725746 	44.271889 	18.027756 	132.457535 	7.071068 	157.206863 	
115.550858 	23.769728 	102.883430 	12.206555 	18.681541 	46.043457 	118.966385 	20.615528 	14.317822 	42.201897 	47.801674 	40.853397 	38.626415 	17.464249 	19.723083 	49.678970 	9.219544 	6.403124 	118.595955 	48.166378 	122.588745 	43.863426 	48.104053 	95.210297 	2.236068 	1.414214 	60.440052 	42.520584 	41.785164 	5.000000 	40.853397 	999.000000 	59.135437 	35.000000 	117.046997 	100.603180 	127.769325 	2.236068 	4.000000 	43.863426 	43.600460 	4.123106 	58.872746 	95.131485 	47.423622 	122.036880 	
161.335052 	74.886581 	151.380310 	56.938564 	71.344238 	99.864906 	165.951797 	74.431175 	67.601776 	96.798759 	102.342560 	38.470768 	38.587563 	72.069412 	75.179787 	104.847511 	64.404968 	57.271286 	167.026947 	103.773796 	170.660477 	99.985001 	104.100914 	147.512711 	58.872746 	58.523499 	2.828427 	99.764725 	17.464249 	63.906181 	18.439089 	59.135437 	999.000000 	93.037628 	167.597733 	153.264481 	176.867188 	60.728905 	62.936478 	16.031219 	101.518471 	62.641838 	2.236068 	148.838837 	13.038404 	172.539856 	
86.884979 	22.090721 	72.801102 	36.687874 	23.194826 	17.117243 	89.286057 	20.099751 	25.961510 	13.341664 	17.029387 	66.272163 	64.381676 	21.587032 	18.439089 	17.464249 	28.635643 	35.777088 	87.920418 	15.524175 	92.027168 	11.180340 	14.866069 	62.609905 	34.669872 	35.227829 	94.021271 	8.062258 	76.059189 	30.000000 	75.179787 	35.000000 	93.037628 	999.000000 	85.000000 	67.601776 	96.384644 	34.058773 	31.890438 	78.390053 	8.602325 	32.557640 	93.021500 	61.587337 	81.987801 	89.899948 	
19.697716 	94.810333 	17.464249 	113.070778 	99.403221 	71.021126 	15.000000 	96.834908 	103.812332 	74.946648 	69.462219 	131.502853 	130.598618 	99.864906 	97.349884 	68.000000 	108.466583 	115.208504 	9.219544 	69.771057 	11.661903 	74.242844 	70.213959 	22.472204 	115.935326 	116.764717 	167.657394 	76.967529 	152.898666 	112.361023 	152.226807 	117.046997 	167.597733 	85.000000 	999.000000 	18.248287 	12.041595 	116.811813 	114.908661 	155.794739 	77.620872 	115.762688 	168.291412 	25.179358 	159.289047 	5.000000 	
30.016663 	79.208588 	17.029387 	97.590981 	83.546394 	54.671749 	28.460499 	80.808418 	87.863533 	58.412327 	52.801514 	118.431412 	117.324333 	83.737686 	81.055534 	51.039200 	92.314682 	99.247169 	24.331051 	52.697250 	28.160255 	57.140179 	53.000000 	5.830952 	99.639351 	100.424103 	153.525238 	59.539902 	137.931137 	95.801880 	137.207870 	100.603180 	153.264481 	67.601776 	18.248287 	999.000000 	30.265491 	100.209778 	98.229324 	140.730240 	59.933296 	99.045441 	153.808319 	7.000000 	144.277512 	22.803509 	
19.416489 	105.118980 	25.495098 	123.223373 	109.836243 	81.884064 	13.341664 	107.377838 	114.280357 	85.883644 	80.498444 	140.121368 	139.344894 	110.453613 	108.046288 	79.202271 	119.037811 	125.642349 	10.000000 	81.024689 	7.280110 	85.492691 	81.541397 	34.205261 	126.570137 	127.424484 	176.799316 	88.391174 	162.606888 	123.166557 	161.969131 	127.769325 	176.867188 	96.384644 	12.041595 	30.265491 	999.000000 	127.632286 	125.781555 	165.556641 	89.196411 	126.657021 	177.654160 	37.215588 	169.008881 	8.246211 	
115.693558 	24.331051 	102.859123 	14.212670 	19.235384 	45.793011 	119.012604 	20.880613 	15.033297 	41.880783 	47.434166 	43.081318 	40.853397 	17.720045 	19.697716 	49.203659 	10.000000 	8.485281 	118.532700 	47.634022 	122.543869 	43.278172 	47.507893 	94.868332 	4.242640 	3.605551 	62.096699 	41.725292 	43.324360 	4.472136 	42.379242 	2.236068 	60.728905 	34.058773 	116.811813 	100.209778 	127.632286 	999.000000 	2.236068 	45.310043 	42.638012 	2.000000 	60.406952 	94.641426 	48.846699 	121.794907 	
114.017540 	23.086792 	101.079178 	14.866069 	18.027756 	43.908997 	117.273186 	19.416489 	14.035668 	39.962482 	45.486263 	44.598206 	42.379242 	16.278820 	18.027756 	47.201694 	9.219544 	9.433981 	116.726173 	45.607018 	120.747673 	41.231056 	45.453274 	92.913940 	5.385165 	5.099020 	64.288414 	39.597980 	45.541191 	3.000000 	44.598206 	4.000000 	62.936478 	31.890438 	114.908661 	98.229324 	125.781555 	2.236068 	999.000000 	47.539455 	40.459858 	1.000000 	62.625874 	92.617493 	51.078373 	119.887444 	
150.903946 	61.619801 	140.089264 	43.278172 	57.628117 	86.556343 	155.206314 	60.605282 	53.600372 	83.240616 	88.865067 	33.060551 	32.249031 	58.008621 	61.032780 	91.214035 	49.929951 	42.720020 	155.862122 	90.000000 	159.624557 	86.023254 	90.210861 	135.059250 	43.829212 	43.382023 	18.027756 	85.440041 	3.162278 	48.754486 	3.605551 	43.863426 	16.031219 	78.390053 	155.794739 	140.730240 	165.556641 	45.310043 	47.539455 	999.000000 	86.954010 	47.169907 	15.297058 	135.948517 	3.605551 	160.776245 	
80.752708 	29.154760 	66.287254 	44.944408 	31.048349 	15.000000 	82.764725 	27.892651 	34.176014 	12.806249 	13.416408 	73.824112 	72.006943 	29.732138 	26.570660 	12.369317 	37.121422 	44.294468 	81.043198 	10.440307 	85.164543 	7.810250 	9.219544 	55.154327 	43.266617 	43.829212 	102.459747 	3.605551 	84.599052 	38.600517 	83.725746 	43.600460 	101.518471 	8.602325 	77.620872 	59.933296 	89.196411 	42.638012 	40.459858 	86.954010 	999.000000 	41.109608 	101.533249 	53.712196 	90.553848 	82.462112 	
114.947815 	24.083189 	101.980392 	15.556349 	19.026299 	44.777225 	118.186295 	20.396078 	15.033297 	40.816662 	46.324940 	44.944408 	42.720020 	17.262676 	18.973665 	48.010414 	10.198039 	10.000000 	117.618027 	46.400433 	121.642921 	42.011902 	46.227695 	93.744331 	5.830952 	5.385165 	64.031242 	40.311287 	45.221676 	4.000000 	44.271889 	4.123106 	62.641838 	32.557640 	115.762688 	99.045441 	126.657021 	2.000000 	1.000000 	47.169907 	41.109608 	999.000000 	62.297672 	93.407707 	50.695168 	120.739388 	
162.265213 	75.213028 	152.161102 	57.140179 	71.561165 	100.209778 	166.832245 	74.625732 	67.742157 	97.082436 	102.649887 	39.812057 	39.824615 	72.201111 	75.292763 	105.118980 	64.412735 	57.245087 	167.836227 	104.009613 	171.493439 	100.169853 	104.307236 	148.070923 	58.694122 	58.309521 	5.000000 	99.849884 	17.088007 	63.694584 	18.027756 	58.872746 	2.236068 	93.021500 	168.291412 	153.808319 	177.654160 	60.406952 	62.625874 	15.297058 	101.533249 	62.297672 	999.000000 	149.305054 	12.041595 	173.242599 	
36.249138 	74.330345 	22.203604 	92.698433 	78.492035 	49.497475 	35.171009 	75.663727 	82.734512 	53.075417 	47.423622 	114.738831 	113.534134 	78.517517 	75.742989 	45.453274 	87.045967 	94.069122 	31.257000 	47.010635 	35.128338 	51.400391 	47.201694 	6.403124 	94.260277 	95.015785 	149.201202 	53.535034 	133.206604 	90.271812 	132.457535 	95.131485 	148.838837 	61.587337 	25.179358 	7.000000 	37.215588 	94.641426 	92.617493 	135.948517 	53.712196 	93.407707 	149.305054 	999.000000 	139.517029 	29.614185 	
154.262756 	65.192024 	143.533966 	46.861500 	61.220913 	90.138779 	158.600128 	64.202805 	57.201397 	86.833176 	92.455391 	35.355339 	34.713108 	61.611687 	64.637451 	94.810333 	53.535034 	46.324940 	159.298462 	93.600212 	163.049072 	89.627007 	93.813644 	138.600143 	47.413078 	46.957428 	15.297058 	89.044930 	6.403124 	52.325901 	7.071068 	47.423622 	13.038404 	81.987801 	159.289047 	144.277512 	169.008881 	48.846699 	51.078373 	3.605551 	90.553848 	50.695168 	12.041595 	139.517029 	999.000000 	164.268066 	
21.377558 	99.809822 	21.954498 	118.067780 	104.403069 	76.006577 	15.811388 	101.833199 	108.811768 	79.924965 	74.431175 	136.359818 	135.473251 	104.861816 	102.342560 	72.945183 	113.463654 	120.208153 	10.198039 	74.706093 	10.816654 	79.177017 	75.133217 	27.313000 	120.929733 	121.757957 	172.586212 	81.859634 	157.876541 	117.345642 	157.206863 	122.036880 	172.539856 	89.899948 	5.000000 	22.803509 	8.246211 	121.794907 	119.887444 	160.776245 	82.462112 	120.739388 	173.242599 	29.614185 	164.268066 	999.000000 	

Travel time:
9.000000 	2.303394 	0.378319 	2.741464 	2.427061 	1.772004 	0.152069 	2.373420 	2.538824 	1.875000 	1.752320 	3.096066 	3.080990 	2.452167 	2.400130 	1.735655 	2.662823 	2.817468 	0.279509 	1.784657 	0.304138 	1.892749 	1.804508 	0.766893 	2.853178 	2.875978 	4.026863 	1.981161 	3.696789 	2.780850 	3.682475 	2.888772 	4.033376 	2.172124 	0.492443 	0.750417 	0.485412 	2.892339 	2.850439 	3.772599 	2.018818 	2.873695 	4.056630 	0.906228 	3.856569 	0.534439 	
2.303394 	9.000000 	1.998124 	0.459619 	0.127475 	0.625000 	2.394264 	0.111803 	0.237171 	0.548862 	0.686477 	1.118034 	1.073837 	0.176777 	0.180278 	0.750417 	0.364006 	0.514782 	2.392958 	0.726722 	2.491109 	0.640800 	0.738664 	1.839837 	0.553399 	0.577170 	1.886796 	0.661910 	1.472455 	0.502494 	1.453444 	0.594243 	1.872164 	0.552268 	2.370258 	1.980215 	2.627975 	0.608276 	0.577170 	1.540495 	0.728869 	0.602080 	1.880326 	1.858259 	1.629801 	2.495245 	
0.378319 	1.998124 	9.000000 	2.447703 	2.118077 	1.434617 	0.412311 	2.059126 	2.229630 	1.536636 	1.407569 	2.869233 	2.848794 	2.136878 	2.079664 	1.384061 	2.350532 	2.512469 	0.395285 	1.432000 	0.493077 	1.542117 	1.449353 	0.403113 	2.539931 	2.561860 	3.783186 	1.625000 	3.428283 	2.459675 	3.412477 	2.572086 	3.784508 	1.820028 	0.436606 	0.425735 	0.637377 	2.571478 	2.526979 	3.502232 	1.657181 	2.549510 	3.804028 	0.555090 	3.588349 	0.548862 	
2.741464 	0.459619 	2.447703 	9.000000 	0.360555 	1.081954 	2.838353 	0.437321 	0.269258 	1.000000 	1.140175 	0.785016 	0.731864 	0.380789 	0.459619 	1.200260 	0.226385 	0.145774 	2.842974 	1.171804 	2.939919 	1.076162 	1.179248 	2.299185 	0.250000 	0.270416 	1.442654 	1.073837 	1.015197 	0.325960 	0.995615 	0.305164 	1.423464 	0.917197 	2.826769 	2.439775 	3.080584 	0.355317 	0.371652 	1.081954 	1.123610 	0.388909 	1.428504 	2.317461 	1.171538 	2.951694 	
2.427061 	0.127475 	2.118077 	0.360555 	9.000000 	0.725000 	2.516198 	0.079057 	0.111803 	0.640312 	0.781025 	1.077613 	1.029866 	0.070711 	0.127475 	0.840015 	0.237171 	0.395285 	2.512469 	0.811249 	2.611154 	0.716327 	0.818917 	1.949679 	0.427200 	0.450694 	1.801735 	0.719809 	1.375000 	0.375832 	1.355083 	0.467039 	1.783606 	0.579871 	2.485080 	2.088660 	2.745906 	0.480885 	0.450694 	1.440703 	0.776209 	0.475657 	1.789029 	1.962301 	1.530523 	2.610077 	
1.772004 	0.625000 	1.434617 	1.081954 	0.725000 	9.000000 	1.843400 	0.654313 	0.831038 	0.103078 	0.075000 	1.700184 	1.662077 	0.726722 	0.660019 	0.150000 	0.941076 	1.114955 	1.822944 	0.158114 	1.924188 	0.180278 	0.190394 	1.230091 	1.125000 	1.145098 	2.510105 	0.291548 	2.096724 	1.033501 	2.077408 	1.151086 	2.496623 	0.427931 	1.775528 	1.366794 	2.047101 	1.144825 	1.097725 	2.163908 	0.375000 	1.119431 	2.505244 	1.237437 	2.253469 	1.900164 	
0.152069 	2.394264 	0.412311 	2.838353 	2.516198 	1.843400 	9.000000 	2.459675 	2.627975 	1.945829 	1.818310 	3.217530 	3.200879 	2.537962 	2.482942 	1.796003 	2.750454 	2.909038 	0.145774 	1.844078 	0.152069 	1.954002 	1.861619 	0.756637 	2.940451 	2.962790 	4.143971 	2.037308 	3.805013 	2.863564 	3.790119 	2.974160 	4.148795 	2.232152 	0.375000 	0.711512 	0.333542 	2.975315 	2.931830 	3.880158 	2.069118 	2.954657 	4.170806 	0.879275 	3.965003 	0.395285 	
2.373420 	0.111803 	2.059126 	0.437321 	0.079057 	0.654313 	2.459675 	9.000000 	0.176777 	0.566789 	0.707990 	1.154340 	1.107080 	0.079057 	0.070711 	0.765261 	0.291548 	0.460977 	2.452805 	0.735272 	2.552083 	0.638847 	0.742041 	1.882153 	0.480885 	0.503115 	1.879495 	0.640800 	1.450216 	0.412311 	1.430035 	0.515388 	1.860779 	0.502494 	2.420873 	2.020211 	2.684446 	0.522015 	0.485412 	1.515132 	0.697316 	0.509902 	1.865643 	1.891593 	1.605070 	2.545830 	
2.538824 	0.237171 	2.229630 	0.269258 	0.111803 	0.831038 	2.627975 	0.176777 	9.000000 	0.743303 	0.884590 	1.025305 	0.975000 	0.111803 	0.190394 	0.941076 	0.127475 	0.285044 	2.623928 	0.910014 	2.722705 	0.811249 	0.915492 	2.058215 	0.316228 	0.340037 	1.710629 	0.805062 	1.275980 	0.276134 	1.255488 	0.357946 	1.690044 	0.649038 	2.595308 	2.196588 	2.857009 	0.375832 	0.350892 	1.340009 	0.854400 	0.375832 	1.693554 	2.068363 	1.430035 	2.720294 	
1.875000 	0.548862 	1.536636 	1.000000 	0.640312 	0.103078 	1.945829 	0.566789 	0.743303 	9.000000 	0.141421 	1.645068 	1.604875 	0.636396 	0.566789 	0.201556 	0.849264 	1.025305 	1.924188 	0.182003 	2.025617 	0.134629 	0.201556 	1.325236 	1.030776 	1.050297 	2.435416 	0.230489 	2.015099 	0.936082 	1.995307 	1.055047 	2.419969 	0.333542 	1.873666 	1.460308 	2.147091 	1.047020 	0.999062 	2.081015 	0.320156 	1.020416 	2.427061 	1.326885 	2.170829 	1.998124 	
1.752320 	0.686477 	1.407569 	1.140175 	0.781025 	0.075000 	1.818310 	0.707990 	0.884590 	0.141421 	9.000000 	1.770946 	1.732231 	0.777817 	0.707990 	0.075000 	0.990581 	1.166726 	1.792345 	0.090139 	1.894235 	0.152069 	0.125000 	1.185854 	1.171538 	1.190850 	2.573179 	0.261008 	2.155371 	1.075291 	2.135708 	1.195042 	2.558564 	0.425735 	1.736555 	1.320038 	2.012461 	1.185854 	1.137157 	2.221627 	0.335410 	1.158123 	2.566247 	1.185591 	2.311385 	1.860779 	
3.096066 	1.118034 	2.869233 	0.785016 	1.077613 	1.700184 	3.217530 	1.154340 	1.025305 	1.645068 	1.770946 	9.000000 	0.055902 	1.125278 	1.201041 	1.842044 	1.011187 	0.886002 	3.254420 	1.827054 	3.341501 	1.752320 	1.844078 	2.815138 	0.980434 	0.989002 	0.943398 	1.779923 	0.750417 	1.092016 	0.750000 	1.021335 	0.961769 	1.656804 	3.287571 	2.960785 	3.503034 	1.077033 	1.114955 	0.826514 	1.845603 	1.123610 	0.995301 	2.868471 	0.883883 	3.408995 	
3.080990 	1.073837 	2.848794 	0.731864 	1.029866 	1.662077 	3.200879 	1.107080 	0.975000 	1.604875 	1.732231 	0.055902 	9.000000 	1.076162 	1.152443 	1.802776 	0.958188 	0.831038 	3.235448 	1.786757 	3.323402 	1.710263 	1.803122 	2.787584 	0.925000 	0.933408 	0.950329 	1.735655 	0.728869 	1.037123 	0.726722 	0.965660 	0.964689 	1.609542 	3.264966 	2.933108 	3.483622 	1.021335 	1.059481 	0.806226 	1.800174 	1.068001 	0.995615 	2.838353 	0.867828 	3.386831 	
2.452167 	0.176777 	2.136878 	0.380789 	0.070711 	0.726722 	2.537962 	0.079057 	0.111803 	0.636396 	0.777817 	1.125278 	1.076162 	9.000000 	0.079057 	0.832541 	0.215058 	0.388909 	2.530316 	0.800391 	2.629757 	0.700446 	0.805062 	1.956080 	0.403113 	0.425000 	1.822430 	0.693271 	1.386768 	0.333542 	1.366108 	0.436606 	1.801735 	0.539676 	2.496623 	2.093442 	2.761340 	0.443001 	0.406971 	1.450216 	0.743303 	0.431567 	1.805028 	1.962938 	1.540292 	2.621545 	
2.400130 	0.180278 	2.079664 	0.459619 	0.127475 	0.660019 	2.482942 	0.070711 	0.190394 	0.566789 	0.707990 	1.201041 	1.152443 	0.079057 	9.000000 	0.760345 	0.282843 	0.460977 	2.472094 	0.726722 	2.572086 	0.625000 	0.730154 	1.890106 	0.465027 	0.485412 	1.900658 	0.614919 	1.463087 	0.380789 	1.442220 	0.493077 	1.879495 	0.460977 	2.433747 	2.026388 	2.701157 	0.492443 	0.450694 	1.525820 	0.664266 	0.474342 	1.882319 	1.893575 	1.615936 	2.558564 	
1.735655 	0.750417 	1.384061 	1.200260 	0.840015 	0.150000 	1.796003 	0.765261 	0.941076 	0.201556 	0.075000 	1.842044 	1.802776 	0.832541 	0.760345 	9.000000 	1.043132 	1.220912 	1.764405 	0.050000 	1.866815 	0.158114 	0.079057 	1.144825 	1.220912 	1.239455 	2.636878 	0.250000 	2.215006 	1.120547 	2.195023 	1.241974 	2.621188 	0.436606 	1.700000 	1.275980 	1.980057 	1.230091 	1.180042 	2.280351 	0.309233 	1.200260 	2.627975 	1.136332 	2.370258 	1.823630 	
2.662823 	0.364006 	2.350532 	0.226385 	0.237171 	0.941076 	2.750454 	0.291548 	0.127475 	0.849264 	0.990581 	1.011187 	0.958188 	0.215058 	0.282843 	1.043132 	9.000000 	0.180278 	2.744312 	1.009022 	2.843524 	0.905883 	1.011496 	2.170829 	0.190394 	0.213600 	1.634778 	0.887764 	1.187697 	0.158114 	1.166190 	0.230489 	1.610124 	0.715891 	2.711665 	2.307867 	2.975945 	0.250000 	0.230489 	1.248249 	0.928036 	0.254951 	1.610318 	2.176149 	1.338376 	2.836591 	
2.817468 	0.514782 	2.512469 	0.145774 	0.395285 	1.114955 	2.909038 	0.460977 	0.285044 	1.025305 	1.166726 	0.886002 	0.831038 	0.388909 	0.460977 	1.220912 	0.180278 	9.000000 	2.907103 	1.187697 	3.005516 	1.085415 	1.190850 	2.343075 	0.106066 	0.125000 	1.457738 	1.068001 	1.007782 	0.206155 	0.986154 	0.160078 	1.431782 	0.894427 	2.880213 	2.481179 	3.141059 	0.212132 	0.235850 	1.068001 	1.107362 	0.250000 	1.431127 	2.351728 	1.158123 	3.005204 	
0.279509 	2.392958 	0.395285 	2.842974 	2.512469 	1.822944 	0.145774 	2.452805 	2.623928 	1.924188 	1.792345 	3.254420 	3.235448 	2.530316 	2.472094 	1.764405 	2.744312 	2.907103 	9.000000 	1.811249 	0.103078 	1.922401 	1.826369 	0.675463 	2.933428 	2.955186 	4.173278 	2.000156 	3.822385 	2.851535 	3.806737 	2.964899 	4.175673 	2.198010 	0.230489 	0.608276 	0.250000 	2.963317 	2.918154 	3.896553 	2.026080 	2.940451 	4.195906 	0.781425 	3.982461 	0.254951 	
1.784657 	0.726722 	1.432000 	1.171804 	0.811249 	0.158114 	1.844078 	0.735272 	0.910014 	0.182003 	0.090139 	1.827054 	1.786757 	0.800391 	0.726722 	0.050000 	1.009022 	1.187697 	1.811249 	9.000000 	1.913766 	0.111803 	0.035355 	1.187697 	1.184536 	1.202601 	2.611154 	0.200000 	2.185463 	1.081954 	2.165208 	1.204159 	2.594345 	0.388104 	1.744276 	1.317431 	2.025617 	1.190850 	1.140175 	2.250000 	0.261008 	1.160011 	2.600240 	1.175266 	2.340005 	1.867652 	
0.304138 	2.491109 	0.493077 	2.939919 	2.611154 	1.924188 	0.152069 	2.552083 	2.722705 	2.025617 	1.894235 	3.341501 	3.323402 	2.629757 	2.572086 	1.866815 	2.843524 	3.005516 	0.103078 	1.913766 	9.000000 	2.024846 	1.929054 	0.776611 	3.032841 	3.054709 	4.263288 	2.102974 	3.916152 	2.951800 	3.900721 	3.064719 	4.266512 	2.300679 	0.291548 	0.704006 	0.182003 	3.063597 	3.018692 	3.990614 	2.129114 	3.041073 	4.287336 	0.878208 	4.076227 	0.270416 	
1.892749 	0.640800 	1.542117 	1.076162 	0.716327 	0.180278 	1.954002 	0.638847 	0.811249 	0.134629 	0.152069 	1.752320 	1.710263 	0.700446 	0.625000 	0.158114 	0.905883 	1.085415 	1.922401 	0.111803 	2.024846 	9.000000 	0.106066 	1.299279 	1.078483 	1.096016 	2.518060 	0.111803 	2.087163 	0.973717 	2.066549 	1.096586 	2.499625 	0.279509 	1.856071 	1.428504 	2.137317 	1.081954 	1.030776 	2.150581 	0.195256 	1.050297 	2.504246 	1.285010 	2.240675 	1.979425 	
1.804508 	0.738664 	1.449353 	1.179248 	0.818917 	0.190394 	1.861619 	0.742041 	0.915492 	0.201556 	0.125000 	1.844078 	1.803122 	0.805062 	0.730154 	0.079057 	1.011496 	1.190850 	1.826369 	0.035355 	1.929054 	0.106066 	9.000000 	1.197132 	1.184536 	1.202081 	2.620234 	0.176777 	2.191461 	1.079641 	2.170973 	1.202601 	2.602523 	0.371652 	1.755349 	1.325000 	2.038535 	1.187697 	1.136332 	2.255271 	0.230489 	1.155692 	2.607681 	1.180042 	2.345341 	1.878330 	
0.766893 	1.839837 	0.403113 	2.299185 	1.949679 	1.230091 	0.756637 	1.882153 	2.058215 	1.325236 	1.185854 	2.815138 	2.787584 	1.956080 	1.890106 	1.144825 	2.170829 	2.343075 	0.675463 	1.187697 	0.776611 	1.299279 	1.197132 	9.000000 	2.355048 	2.375000 	3.693914 	1.364047 	3.306150 	2.261084 	3.288237 	2.380257 	3.687818 	1.565248 	0.561805 	0.145774 	0.855132 	2.371708 	2.322849 	3.376481 	1.378858 	2.343608 	3.701773 	0.160078 	3.465003 	0.682825 	
2.853178 	0.553399 	2.539931 	0.250000 	0.427200 	1.125000 	2.940451 	0.480885 	0.316228 	1.030776 	1.171538 	0.980434 	0.925000 	0.403113 	0.465027 	1.220912 	0.190394 	0.106066 	2.933428 	1.184536 	3.032841 	1.078483 	1.184536 	2.355048 	9.000000 	0.025000 	1.502082 	1.050297 	1.040733 	0.127475 	1.017964 	0.055902 	1.471819 	0.866747 	2.898383 	2.490984 	3.164253 	0.106066 	0.134629 	1.095730 	1.081665 	0.145774 	1.467353 	2.356507 	1.185327 	3.023243 	
2.875978 	0.577170 	2.561860 	0.270416 	0.450694 	1.145098 	2.962790 	0.503115 	0.340037 	1.050297 	1.190850 	0.989002 	0.933408 	0.425000 	0.485412 	1.239455 	0.213600 	0.125000 	2.955186 	1.202601 	3.054709 	1.096016 	1.202081 	2.375000 	0.025000 	9.000000 	1.494365 	1.065950 	1.030776 	0.134629 	1.007782 	0.035355 	1.463087 	0.880696 	2.919118 	2.510602 	3.185612 	0.090139 	0.127475 	1.084551 	1.095730 	0.134629 	1.457738 	2.375395 	1.173936 	3.043949 	
4.026863 	1.886796 	3.783186 	1.442654 	1.801735 	2.510105 	4.143971 	1.879495 	1.710629 	2.435416 	2.573179 	0.943398 	0.950329 	1.822430 	1.900658 	2.636878 	1.634778 	1.457738 	4.173278 	2.611154 	4.263288 	2.518060 	2.620234 	3.693914 	1.502082 	1.494365 	9.000000 	2.515577 	0.477624 	1.628650 	0.502494 	1.511001 	0.070711 	2.350532 	4.191435 	3.838131 	4.419983 	1.552418 	1.607210 	0.450694 	2.561494 	1.600781 	0.125000 	3.730030 	0.382426 	4.314655 	
1.981161 	0.661910 	1.625000 	1.073837 	0.719809 	0.291548 	2.037308 	0.640800 	0.805062 	0.230489 	0.261008 	1.779923 	1.735655 	0.693271 	0.614919 	0.250000 	0.887764 	1.068001 	2.000156 	0.200000 	2.102974 	0.111803 	0.176777 	1.364047 	1.050297 	1.065950 	2.515577 	9.000000 	2.075151 	0.938416 	2.053807 	1.063015 	2.494118 	0.201556 	1.924188 	1.488497 	2.209779 	1.043132 	0.989950 	2.136001 	0.090139 	1.007782 	2.496247 	1.338376 	2.226123 	2.046491 	
3.696789 	1.472455 	3.428283 	1.015197 	1.375000 	2.096724 	3.805013 	1.450216 	1.275980 	2.015099 	2.155371 	0.750417 	0.728869 	1.386768 	1.463087 	2.215006 	1.187697 	1.007782 	3.822385 	2.185463 	3.916152 	2.087163 	2.191461 	3.306150 	1.040733 	1.030776 	0.477624 	2.075151 	9.000000 	1.165386 	0.025000 	1.044629 	0.436606 	1.901480 	3.822467 	3.448278 	4.065172 	1.083109 	1.138530 	0.079057 	2.114976 	1.130542 	0.427200 	3.330165 	0.160078 	3.946913 	
2.780850 	0.502494 	2.459675 	0.325960 	0.375832 	1.033501 	2.863564 	0.412311 	0.276134 	0.936082 	1.075291 	1.092016 	1.037123 	0.333542 	0.380789 	1.120547 	0.158114 	0.206155 	2.851535 	1.081954 	2.951800 	0.973717 	1.079641 	2.261084 	0.127475 	0.134629 	1.628650 	0.938416 	1.165386 	9.000000 	1.142366 	0.125000 	1.597655 	0.750000 	2.809026 	2.395047 	3.079164 	0.111803 	0.075000 	1.218862 	0.965013 	0.100000 	1.592365 	2.256795 	1.308148 	2.933641 	
3.682475 	1.453444 	3.412477 	0.995615 	1.355083 	2.077408 	3.790119 	1.430035 	1.255488 	1.995307 	2.135708 	0.750000 	0.726722 	1.366108 	1.442220 	2.195023 	1.166190 	0.986154 	3.806737 	2.165208 	3.900721 	2.066549 	2.170973 	3.288237 	1.017964 	1.007782 	0.502494 	2.053807 	0.025000 	1.142366 	9.000000 	1.021335 	0.460977 	1.879495 	3.805670 	3.430197 	4.049228 	1.059481 	1.114955 	0.090139 	2.093144 	1.106797 	0.450694 	3.311438 	0.176777 	3.930171 	
2.888772 	0.594243 	2.572086 	0.305164 	0.467039 	1.151086 	2.974160 	0.515388 	0.357946 	1.055047 	1.195042 	1.021335 	0.965660 	0.436606 	0.493077 	1.241974 	0.230489 	0.160078 	2.964899 	1.204159 	3.064719 	1.096586 	1.202601 	2.380257 	0.055902 	0.035355 	1.511001 	1.063015 	1.044629 	0.125000 	1.021335 	9.000000 	1.478386 	0.875000 	2.926175 	2.515079 	3.194233 	0.055902 	0.100000 	1.096586 	1.090011 	0.103078 	1.471819 	2.378287 	1.185591 	3.050922 	
4.033376 	1.872164 	3.784508 	1.423464 	1.783606 	2.496623 	4.148795 	1.860779 	1.690044 	2.419969 	2.558564 	0.961769 	0.964689 	1.801735 	1.879495 	2.621188 	1.610124 	1.431782 	4.175673 	2.594345 	4.266512 	2.499625 	2.602523 	3.687818 	1.471819 	1.463087 	0.070711 	2.494118 	0.436606 	1.597655 	0.460977 	1.478386 	9.000000 	2.325941 	4.189943 	3.831612 	4.421679 	1.518223 	1.573412 	0.400780 	2.537962 	1.566046 	0.055902 	3.720971 	0.325960 	4.313497 	
2.172124 	0.552268 	1.820028 	0.917197 	0.579871 	0.427931 	2.232152 	0.502494 	0.649038 	0.333542 	0.425735 	1.656804 	1.609542 	0.539676 	0.460977 	0.436606 	0.715891 	0.894427 	2.198010 	0.388104 	2.300679 	0.279509 	0.371652 	1.565248 	0.866747 	0.880696 	2.350532 	0.201556 	1.901480 	0.750000 	1.879495 	0.875000 	2.325941 	9.000000 	2.125000 	1.690044 	2.409616 	0.851469 	0.797261 	1.959751 	0.215058 	0.813941 	2.325537 	1.539683 	2.049695 	2.247499 	
0.492443 	2.370258 	0.436606 	2.826769 	2.485080 	1.775528 	0.375000 	2.420873 	2.595308 	1.873666 	1.736555 	3.287571 	3.264966 	2.496623 	2.433747 	1.700000 	2.711665 	2.880213 	0.230489 	1.744276 	0.291548 	1.856071 	1.755349 	0.561805 	2.898383 	2.919118 	4.191435 	1.924188 	3.822467 	2.809026 	3.805670 	2.926175 	4.189943 	2.125000 	9.000000 	0.456207 	0.301040 	2.920295 	2.872716 	3.894868 	1.940522 	2.894067 	4.207285 	0.629484 	3.982226 	0.125000 	
