Total assets = 553
Number of asset nodes = 33

Distance:
999.000000 	23.769728 	6.324555 	43.081318 	39.446167 	9.486833 	38.013157 	13.416408 	13.892444 	49.244289 	17.720045 	52.009613 	88.814415 	54.561890 	15.264338 	43.011627 	28.017851 	23.194826 	17.492855 	18.788294 	51.264023 	19.235384 	24.515301 	32.015621 	49.040798 	55.362442 	57.428215 	51.923019 	127.561752 	56.612720 	50.990196 	89.044930 	45.177429 	51.971146 	54.341511 	55.542778 	25.238859 	31.384710 	107.447662 	40.249222 	52.153618 	37.947330 	87.658424 	45.398239 	40.162170 	32.893768 	
23.769728 	999.000000 	30.083218 	19.313208 	63.063461 	31.575306 	15.811388 	34.132095 	34.058773 	73.006851 	39.204590 	31.048349 	109.713264 	78.294319 	35.014282 	66.730804 	50.990196 	45.398239 	37.000000 	39.012817 	75.026665 	39.000000 	46.173584 	54.918121 	72.732384 	79.120163 	34.655445 	75.584389 	149.201202 	80.324341 	74.464760 	112.507774 	68.249542 	75.432091 	77.884529 	79.120163 	37.947330 	51.088158 	130.430054 	27.294687 	75.133217 	28.792360 	111.359779 	67.067131 	60.133186 	39.661064 	
6.324555 	30.083218 	999.000000 	49.396355 	33.286633 	5.830952 	44.102154 	10.000000 	10.816654 	42.953465 	13.038404 	58.077534 	83.761566 	48.301140 	12.206555 	36.687874 	22.022715 	17.720045 	14.212670 	14.866069 	44.944408 	15.556349 	19.313208 	26.019224 	42.720020 	49.040798 	63.513779 	45.607018 	122.147453 	50.289165 	44.721359 	82.927681 	39.051247 	45.705578 	48.052055 	49.244289 	24.351591 	26.925823 	101.533249 	44.944408 	46.043457 	42.047592 	81.412529 	39.812057 	35.341194 	33.376640 	
43.081318 	19.313208 	49.396355 	999.000000 	82.292160 	50.695168 	10.816654 	52.952808 	52.773098 	92.309265 	58.051701 	19.209373 	127.310646 	97.575615 	53.600372 	86.034874 	70.092796 	64.327286 	55.443665 	57.558666 	94.339813 	57.428215 	64.938431 	73.979729 	92.027168 	98.432716 	18.384777 	94.868332 	167.092789 	99.624290 	93.680305 	131.609268 	87.321243 	94.641426 	97.123634 	98.371742 	54.230988 	69.115845 	149.214615 	29.732138 	94.148819 	34.409302 	130.613937 	85.586212 	78.057671 	53.160137 	
39.446167 	63.063461 	33.286633 	82.292160 	999.000000 	33.970577 	77.388626 	34.058773 	34.828148 	11.000000 	30.232433 	88.526833 	55.027267 	15.524175 	35.000000 	9.899495 	19.924858 	25.495098 	34.669872 	32.756680 	14.142136 	33.615471 	26.925823 	19.104973 	14.317822 	18.027756 	96.798759 	17.088007 	90.972527 	20.223749 	18.867962 	49.648766 	19.416489 	19.723083 	20.615528 	21.189621 	45.617977 	32.388271 	68.622154 	76.419891 	24.083189 	72.470680 	48.332184 	28.231188 	33.241539 	55.946404 	
9.486833 	31.575306 	5.830952 	50.695168 	33.970577 	999.000000 	44.283180 	4.242640 	5.000000 	42.720020 	8.246211 	61.032780 	86.452301 	48.259712 	6.403124 	35.777088 	19.416489 	14.000000 	8.485281 	9.433981 	44.294468 	10.000000 	15.132746 	23.345236 	41.629318 	48.301140 	63.529522 	44.384682 	124.201447 	49.244289 	43.011627 	83.408630 	36.674240 	43.965897 	46.486557 	47.759815 	18.681541 	21.931713 	102.591423 	42.638012 	43.566040 	39.115215 	81.301903 	36.124783 	30.675724 	28.071337 	
38.013157 	15.811388 	44.102154 	10.816654 	77.388626 	44.283180 	999.000000 	45.880280 	45.541191 	86.833176 	50.921509 	29.698484 	125.399361 	92.282173 	46.173584 	80.056229 	63.324562 	57.245087 	47.801674 	50.000000 	88.549423 	49.729267 	57.567352 	67.067131 	85.906929 	92.574295 	19.416489 	88.639717 	164.769531 	93.520050 	87.091904 	127.027557 	80.324341 	88.022728 	90.620087 	91.923882 	45.011108 	60.827625 	145.416641 	19.104973 	86.977005 	23.600847 	125.399361 	77.665955 	69.584480 	42.953465 	
13.416408 	34.132095 	10.000000 	52.952808 	34.058773 	4.242640 	45.880280 	999.000000 	1.000000 	42.011902 	5.099020 	64.195015 	87.658424 	47.634022 	2.236068 	34.669872 	17.464249 	11.401754 	4.242640 	5.385165 	43.266617 	5.830952 	12.041595 	21.189621 	40.311287 	47.169907 	64.884514 	42.941822 	124.851913 	47.885281 	41.231056 	82.975899 	34.481880 	42.154476 	44.777225 	46.097721 	15.132746 	18.027756 	102.532921 	42.426407 	41.231056 	38.418747 	80.448738 	33.000000 	26.925823 	25.019993 	
13.892444 	34.058773 	10.816654 	52.773098 	34.828148 	5.000000 	45.541191 	1.000000 	999.000000 	42.638012 	5.385165 	64.280632 	88.549423 	48.270073 	1.414214 	35.227829 	17.888544 	11.704700 	3.605551 	5.099020 	43.829212 	5.385165 	12.165525 	21.540659 	40.816662 	47.707443 	64.474800 	43.416588 	125.670204 	48.373547 	41.629318 	83.630135 	34.785053 	42.544094 	45.188496 	46.518814 	14.142136 	17.720045 	103.247276 	41.725292 	41.484936 	37.643059 	81.024689 	33.015148 	26.683329 	24.020824 	
49.244289 	73.006851 	42.953465 	92.309265 	11.000000 	42.720020 	86.833176 	42.011902 	42.638012 	999.000000 	37.536648 	99.247169 	52.469040 	5.656854 	42.520584 	8.062258 	25.495098 	31.827662 	41.725292 	39.597980 	3.605551 	40.311287 	32.649654 	23.021729 	6.324555 	7.071068 	106.174385 	7.810250 	85.422478 	9.486833 	11.180340 	41.036568 	16.000000 	11.661903 	11.313708 	11.401754 	51.400391 	35.777088 	61.073727 	84.291161 	17.464249 	79.906197 	38.587563 	26.000000 	33.734257 	61.294373 	
17.720045 	39.204590 	13.038404 	58.051701 	30.232433 	8.246211 	50.921509 	5.099020 	5.385165 	37.536648 	999.000000 	69.115845 	84.581322 	43.185646 	5.000000 	30.000000 	12.529964 	6.324555 	4.472136 	3.000000 	38.600517 	4.000000 	7.000000 	16.155495 	35.510563 	42.438190 	69.856995 	38.078865 	121.202309 	43.046486 	36.249138 	78.568443 	29.410883 	37.161808 	39.812057 	41.146080 	16.278820 	13.892444 	98.351410 	46.754681 	36.138622 	42.449970 	75.802376 	28.017851 	22.472204 	26.683329 	
52.009613 	31.048349 	58.077534 	19.209373 	88.526833 	61.032780 	29.698484 	64.195015 	64.280632 	99.247169 	69.115845 	999.000000 	127.062973 	104.048065 	65.375839 	94.047859 	80.024994 	75.026665 	67.475922 	69.354164 	101.788994 	69.462219 	76.105194 	84.023804 	100.129913 	105.905617 	32.388271 	103.097038 	167.047897 	107.517441 	102.591423 	136.124939 	97.128784 	103.585716 	105.801704 	106.920532 	68.963760 	81.743500 	152.052628 	48.795490 	104.120125 	53.150730 	136.312149 	97.128784 	90.796478 	69.778221 	
88.814415 	109.713264 	83.761566 	127.310646 	55.027267 	86.452301 	125.399361 	87.658424 	88.549423 	52.469040 	84.581322 	127.062973 	999.000000 	48.093658 	89.000000 	60.016663 	74.946648 	80.411446 	89.050545 	87.321243 	54.147945 	88.238312 	81.932899 	73.763138 	58.215118 	53.000000 	144.312164 	58.034473 	40.000000 	55.036350 	62.032249 	33.241539 	68.359344 	62.008064 	60.008331 	59.033890 	100.463921 	87.091904 	32.388271 	128.701202 	68.000000 	125.538841 	41.231056 	78.313469 	86.145226 	110.860275 	
54.561890 	78.294319 	48.301140 	97.575615 	15.524175 	48.259712 	92.282173 	47.634022 	48.270073 	5.656854 	43.185646 	104.048065 	48.093658 	999.000000 	48.166378 	13.601471 	31.144823 	37.483330 	47.381432 	45.254833 	6.082763 	45.967381 	38.288380 	28.600698 	10.198039 	5.830952 	111.646767 	10.049875 	80.056229 	8.602325 	14.035668 	35.383614 	20.396078 	14.142136 	12.649111 	12.083046 	57.008770 	41.182522 	55.443665 	89.938866 	20.223749 	85.562843 	33.120991 	30.265491 	38.600517 	66.850578 	
15.264338 	35.014282 	12.206555 	53.600372 	35.000000 	6.403124 	46.173584 	2.236068 	1.414214 	42.520584 	5.000000 	65.375839 	89.000000 	48.166378 	999.000000 	35.000000 	17.492855 	11.180340 	2.236068 	4.000000 	43.600460 	4.123106 	11.401754 	21.023796 	40.496914 	47.434166 	65.000000 	43.046486 	125.924583 	48.020828 	41.146080 	83.546394 	34.176014 	42.047592 	44.721359 	46.065170 	13.038404 	16.492422 	103.276329 	41.773197 	40.804413 	37.536648 	80.802231 	32.062439 	25.495098 	23.086792 	
43.011627 	66.730804 	36.687874 	86.034874 	9.899495 	35.777088 	80.056229 	34.669872 	35.227829 	8.062258 	30.000000 	94.047859 	60.016663 	13.601471 	35.000000 	999.000000 	17.691807 	24.083189 	34.058773 	31.890438 	8.602325 	32.557640 	24.758837 	15.000000 	6.082763 	12.529964 	99.297531 	9.055386 	93.477272 	13.601471 	9.486833 	48.795490 	9.848858 	10.440307 	12.041595 	13.000000 	43.416588 	27.730848 	69.028976 	76.694199 	14.212670 	72.180328 	45.803928 	19.416489 	26.172504 	53.254108 	
28.017851 	50.990196 	22.022715 	70.092796 	19.924858 	19.416489 	63.324562 	17.464249 	17.888544 	25.495098 	12.529964 	80.024994 	74.946648 	31.144823 	17.492855 	17.691807 	999.000000 	6.403124 	16.401220 	14.212670 	26.248810 	14.866069 	7.211102 	4.000000 	23.021729 	30.000000 	82.346825 	25.553865 	110.276924 	30.528675 	23.769728 	66.468040 	17.262676 	24.698177 	27.313000 	28.635643 	26.076809 	13.038404 	86.556343 	59.033890 	24.186773 	54.488529 	63.411354 	18.384777 	17.204651 	36.235340 	
23.194826 	45.398239 	17.720045 	64.327286 	25.495098 	14.000000 	57.245087 	11.401754 	11.704700 	31.827662 	6.324555 	75.026665 	80.411446 	37.483330 	11.180340 	24.083189 	6.403124 	999.000000 	10.000000 	7.810250 	32.649654 	8.485281 	2.236068 	9.848858 	29.410883 	36.400551 	76.157730 	31.906113 	116.284134 	36.891735 	29.966648 	72.835434 	23.086792 	30.870699 	33.541019 	34.885529 	20.124611 	10.816654 	92.849342 	52.630791 	29.832869 	48.104053 	69.814041 	22.203604 	18.027756 	30.463093 	
17.492855 	37.000000 	14.212670 	55.443665 	34.669872 	8.485281 	47.801674 	4.242640 	3.605551 	41.725292 	4.472136 	67.475922 	89.050545 	47.381432 	2.236068 	34.058773 	16.401220 	10.000000 	999.000000 	2.236068 	42.638012 	2.000000 	9.848858 	19.723083 	39.408119 	46.400433 	66.483078 	41.880783 	125.642349 	46.872166 	39.824615 	82.758682 	32.695564 	40.706264 	43.416588 	44.777225 	12.041595 	14.317822 	102.649887 	42.638012 	39.217342 	38.183765 	79.812279 	30.149628 	23.345236 	22.360680 	
18.788294 	39.012817 	14.866069 	57.558666 	32.756680 	9.433981 	50.000000 	5.385165 	5.099020 	39.597980 	3.000000 	69.354164 	87.321243 	45.254833 	4.000000 	31.890438 	14.212670 	7.810250 	2.236068 	999.000000 	40.459858 	1.000000 	7.615773 	17.492855 	37.202152 	44.204071 	68.709534 	39.661064 	123.713379 	44.654228 	37.589893 	80.622574 	30.463093 	38.470768 	41.182522 	42.544094 	13.341664 	12.649111 	100.568382 	44.821869 	37.000000 	40.311287 	77.620872 	28.071337 	21.587032 	23.769728 	
51.264023 	75.026665 	44.944408 	94.339813 	14.142136 	44.294468 	88.549423 	43.266617 	43.829212 	3.605551 	38.600517 	101.788994 	54.147945 	6.082763 	43.600460 	8.602325 	26.248810 	32.649654 	42.638012 	40.459858 	999.000000 	41.109608 	33.241539 	23.345236 	4.123106 	4.123106 	107.823929 	4.472136 	85.906929 	6.082763 	8.246211 	40.360870 	14.317822 	8.544003 	7.810250 	7.810250 	51.739735 	35.510563 	60.802959 	85.276024 	14.560220 	80.721741 	37.202152 	24.186773 	32.572994 	61.400326 	
19.235384 	39.000000 	15.556349 	57.428215 	33.615471 	10.000000 	49.729267 	5.830952 	5.385165 	40.311287 	4.000000 	69.462219 	88.238312 	45.967381 	4.123106 	32.557640 	14.866069 	8.485281 	2.000000 	1.000000 	41.109608 	999.000000 	8.062258 	18.027756 	37.802116 	44.821869 	68.352028 	40.224369 	124.555206 	45.221676 	38.078865 	81.320351 	30.870699 	38.948685 	41.677334 	43.046486 	12.369317 	12.369317 	101.316338 	44.204071 	37.336308 	39.623226 	78.243210 	28.160255 	21.377558 	22.803509 	
24.515301 	46.173584 	19.313208 	64.938431 	26.925823 	15.132746 	57.567352 	12.041595 	12.165525 	32.649654 	7.000000 	76.105194 	81.932899 	38.288380 	11.401754 	24.758837 	7.211102 	2.236068 	9.848858 	7.615773 	33.241539 	8.062258 	999.000000 	10.000000 	29.832869 	36.878178 	76.321686 	32.202484 	117.477661 	37.202152 	30.016663 	73.552704 	22.847319 	30.886890 	33.615471 	34.985710 	18.867962 	8.602325 	93.723000 	52.201534 	29.410883 	47.507893 	70.292244 	21.023796 	16.124516 	29.068884 	
32.015621 	54.918121 	26.019224 	73.979729 	19.104973 	23.345236 	67.067131 	21.189621 	21.540659 	23.021729 	16.155495 	84.023804 	73.763138 	28.600698 	21.023796 	15.000000 	4.000000 	9.848858 	19.723083 	17.492855 	23.345236 	18.027756 	10.000000 	999.000000 	19.849434 	26.907248 	86.005814 	22.203604 	108.300507 	27.202942 	20.124611 	63.702435 	13.341664 	21.023796 	23.706539 	25.059929 	28.425341 	13.341664 	84.023804 	62.201286 	20.223749 	57.489128 	60.307545 	14.764823 	15.231546 	38.275318 	
49.040798 	72.732384 	42.720020 	92.027168 	14.317822 	41.629318 	85.906929 	40.311287 	40.816662 	6.324555 	35.510563 	100.129913 	58.215118 	10.198039 	40.496914 	6.082763 	23.021729 	29.410883 	39.408119 	37.202152 	4.123106 	37.802116 	29.832869 	19.849434 	999.000000 	7.071068 	105.095192 	3.000000 	89.961105 	7.615773 	5.000000 	44.045429 	10.198039 	5.656854 	6.324555 	7.071068 	48.104053 	31.622776 	64.637451 	82.006096 	11.180340 	77.336922 	40.459858 	20.099751 	28.460499 	57.628117 	
55.362442 	79.120163 	49.040798 	98.432716 	18.027756 	48.301140 	92.574295 	47.169907 	47.707443 	7.071068 	42.438190 	105.905617 	53.000000 	5.830952 	47.434166 	12.529964 	30.000000 	36.400551 	46.400433 	44.204071 	4.123106 	44.821869 	36.878178 	26.907248 	7.071068 	999.000000 	111.825760 	5.385165 	83.384651 	2.828427 	9.219544 	37.013512 	16.552946 	9.055386 	7.071068 	6.324555 	55.172459 	38.600517 	57.688820 	89.022469 	15.000000 	84.386017 	33.421551 	25.961510 	34.928497 	64.660652 	
57.428215 	34.655445 	63.513779 	18.384777 	96.798759 	63.529522 	19.416489 	64.884514 	64.474800 	106.174385 	69.856995 	32.388271 	144.312164 	111.646767 	65.000000 	99.297531 	82.346825 	76.157730 	66.483078 	68.709534 	107.823929 	68.352028 	76.321686 	86.005814 	105.095192 	111.825760 	999.000000 	107.786827 	183.853195 	112.698715 	106.103722 	146.441116 	99.161484 	107.018692 	109.658562 	110.981979 	62.169125 	78.847954 	164.805954 	29.154760 	105.688217 	35.128338 	144.754959 	95.880135 	87.321243 	58.034473 	
51.923019 	75.584389 	45.607018 	94.868332 	17.088007 	44.384682 	88.639717 	42.941822 	43.416588 	7.810250 	38.078865 	103.097038 	58.034473 	10.049875 	43.046486 	9.055386 	25.553865 	31.906113 	41.880783 	39.661064 	4.472136 	40.224369 	32.202484 	22.203604 	3.000000 	5.385165 	107.786827 	999.000000 	88.769363 	5.000000 	4.000000 	42.201897 	11.180340 	4.123106 	3.605551 	4.123106 	50.209560 	33.421551 	62.968246 	84.403793 	10.198039 	79.649231 	38.209946 	20.615528 	29.546574 	59.548298 	
127.561752 	149.201202 	122.147453 	167.092789 	90.972527 	124.201447 	164.769531 	124.851913 	125.670204 	85.422478 	121.202309 	167.047897 	40.000000 	80.056229 	125.924583 	93.477272 	110.276924 	116.284134 	125.642349 	123.713379 	85.906929 	124.555206 	117.477661 	108.300507 	89.961105 	83.384651 	183.853195 	88.769363 	999.000000 	84.504440 	92.477028 	48.836460 	99.924973 	92.114059 	89.537704 	88.255310 	136.341476 	121.198181 	29.000000 	166.817261 	97.406364 	163.217651 	56.320511 	109.201645 	118.308914 	146.485489 	
56.612720 	80.324341 	50.289165 	99.624290 	20.223749 	49.244289 	93.520050 	47.885281 	48.373547 	9.486833 	43.046486 	107.517441 	55.036350 	8.602325 	48.020828 	13.601471 	30.528675 	36.891735 	46.872166 	44.654228 	6.082763 	45.221676 	37.202152 	27.202942 	7.615773 	2.828427 	112.698715 	5.000000 	84.504440 	999.000000 	8.062258 	37.443291 	15.811388 	7.615773 	5.099020 	4.000000 	55.172459 	38.288380 	58.309521 	89.403580 	13.152946 	84.646324 	33.241539 	24.698177 	34.000000 	64.443771 	
50.990196 	74.464760 	44.721359 	93.680305 	18.867962 	43.011627 	87.091904 	41.231056 	41.629318 	11.180340 	36.249138 	102.591423 	62.032249 	14.035668 	41.146080 	9.486833 	23.769728 	29.966648 	39.824615 	37.589893 	8.246211 	38.078865 	30.016663 	20.124611 	5.000000 	9.219544 	106.103722 	4.000000 	92.477028 	8.062258 	999.000000 	45.486263 	7.810250 	1.000000 	3.605551 	5.000000 	47.507893 	30.413813 	66.370171 	82.097504 	6.324555 	77.201035 	41.036568 	16.763054 	25.942244 	56.586216 	
89.044930 	112.507774 	82.927681 	131.609268 	49.648766 	83.408630 	127.027557 	82.975899 	83.630135 	41.036568 	78.568443 	136.124939 	33.241539 	35.383614 	83.546394 	48.795490 	66.468040 	72.835434 	82.758682 	80.622574 	40.360870 	81.320351 	73.552704 	63.702435 	44.045429 	37.013512 	146.441116 	42.201897 	48.836460 	37.443291 	45.486263 	999.000000 	53.254108 	44.944408 	42.190044 	40.816662 	92.097771 	75.604233 	21.023796 	125.319588 	49.648766 	120.933868 	8.544003 	61.773781 	71.344238 	101.671036 	
45.177429 	68.249542 	39.051247 	87.321243 	19.416489 	36.674240 	80.324341 	34.481880 	34.785053 	16.000000 	29.410883 	97.128784 	68.359344 	20.396078 	34.176014 	9.848858 	17.262676 	23.086792 	32.695564 	30.463093 	14.317822 	30.870699 	22.847319 	13.341664 	10.198039 	16.552946 	99.161484 	11.180340 	99.924973 	15.811388 	7.810250 	53.254108 	999.000000 	8.485281 	11.313708 	12.727922 	39.824615 	22.627417 	74.094536 	74.625732 	7.000000 	69.634758 	48.836460 	10.000000 	18.384777 	48.795490 	
51.971146 	75.432091 	45.705578 	94.641426 	19.723083 	43.965897 	88.022728 	42.154476 	42.544094 	11.661903 	37.161808 	103.585716 	62.008064 	14.142136 	42.047592 	10.440307 	24.698177 	30.870699 	40.706264 	38.470768 	8.544003 	38.948685 	30.886890 	21.023796 	5.656854 	9.055386 	107.018692 	4.123106 	92.114059 	7.615773 	1.000000 	44.944408 	8.485281 	999.000000 	2.828427 	4.242640 	48.270073 	31.112698 	65.863495 	82.927681 	6.082763 	78.006409 	40.360870 	17.088007 	26.419689 	57.280014 	
54.341511 	77.884529 	48.052055 	97.123634 	20.615528 	46.486557 	90.620087 	44.777225 	45.188496 	11.313708 	39.812057 	105.801704 	60.008331 	12.649111 	44.721359 	12.041595 	27.313000 	33.541019 	43.416588 	41.182522 	7.810250 	41.677334 	33.615471 	23.706539 	6.324555 	7.071068 	109.658562 	3.605551 	89.537704 	5.099020 	3.605551 	42.190044 	11.313708 	2.828427 	999.000000 	1.414214 	51.088158 	33.941124 	63.134777 	85.702972 	8.062258 	80.802231 	37.536648 	19.697716 	29.154760 	60.108234 	
55.542778 	79.120163 	49.244289 	98.371742 	21.189621 	47.759815 	91.923882 	46.097721 	46.518814 	11.401754 	41.146080 	106.920532 	59.033890 	12.083046 	46.065170 	13.000000 	28.635643 	34.885529 	44.777225 	42.544094 	7.810250 	43.046486 	34.985710 	25.059929 	7.071068 	6.324555 	110.981979 	4.123106 	88.255310 	4.000000 	5.000000 	40.816662 	12.727922 	4.242640 	1.414214 	999.000000 	52.497620 	35.355339 	61.773781 	87.091904 	9.219544 	82.200974 	36.124783 	21.023796 	30.528675 	61.522354 	
25.238859 	37.947330 	24.351591 	54.230988 	45.617977 	18.681541 	45.011108 	15.132746 	14.142136 	51.400391 	16.278820 	68.963760 	100.463921 	57.008770 	13.038404 	43.416588 	26.076809 	20.124611 	12.041595 	13.341664 	51.739735 	12.369317 	18.867962 	28.425341 	48.104053 	55.172459 	62.169125 	50.209560 	136.341476 	55.172459 	47.507893 	92.097771 	39.824615 	48.270073 	51.088158 	52.497620 	999.000000 	17.492855 	112.445541 	35.341194 	45.486263 	30.016663 	88.413803 	34.438351 	25.298222 	10.440307 	
31.384710 	51.088158 	26.925823 	69.115845 	32.388271 	21.931713 	60.827625 	18.027756 	17.720045 	35.777088 	13.892444 	81.743500 	87.091904 	41.182522 	16.492422 	27.730848 	13.038404 	10.816654 	14.317822 	12.649111 	35.510563 	12.369317 	8.602325 	13.341664 	31.622776 	38.600517 	78.847954 	33.421551 	121.198181 	38.288380 	30.413813 	75.604233 	22.627417 	31.112698 	33.941124 	35.355339 	17.492855 	999.000000 	96.260063 	52.773098 	28.017851 	47.507893 	71.449280 	17.088007 	9.055386 	26.172504 	
107.447662 	130.430054 	101.533249 	149.214615 	68.622154 	102.591423 	145.416641 	102.532921 	103.247276 	61.073727 	98.351410 	152.052628 	32.388271 	55.443665 	103.276329 	69.028976 	86.556343 	92.849342 	102.649887 	100.568382 	60.802959 	101.316338 	93.723000 	84.023804 	64.637451 	57.688820 	164.805954 	62.968246 	29.000000 	58.309521 	66.370171 	21.023796 	74.094536 	65.863495 	63.134777 	61.773781 	112.445541 	96.260063 	999.000000 	144.958618 	70.661163 	140.801285 	27.658634 	82.764725 	92.282173 	122.200653 	
40.249222 	27.294687 	44.944408 	29.732138 	76.419891 	42.638012 	19.104973 	42.426407 	41.725292 	84.291161 	46.754681 	48.795490 	128.701202 	89.938866 	41.773197 	76.694199 	59.033890 	52.630791 	42.638012 	44.821869 	85.276024 	44.204071 	52.201534 	62.201286 	82.006096 	89.022469 	29.154760 	84.403793 	166.817261 	89.403580 	82.097504 	125.319588 	74.625732 	82.927681 	85.702972 	87.091904 	35.341194 	52.773098 	144.958618 	999.000000 	80.622574 	6.000000 	122.441826 	69.778221 	60.539242 	29.427877 	
52.153618 	75.133217 	46.043457 	94.148819 	24.083189 	43.566040 	86.977005 	41.231056 	41.484936 	17.464249 	36.138622 	104.120125 	68.000000 	20.223749 	40.804413 	14.212670 	24.186773 	29.832869 	39.217342 	37.000000 	14.560220 	37.336308 	29.410883 	20.223749 	11.180340 	15.000000 	105.688217 	10.198039 	97.406364 	13.152946 	6.324555 	49.648766 	7.000000 	6.082763 	8.062258 	9.219544 	45.486263 	28.017851 	70.661163 	80.622574 	999.000000 	75.471848 	44.407207 	12.206555 	22.022715 	53.907330 	
37.947330 	28.792360 	42.047592 	34.409302 	72.470680 	39.115215 	23.600847 	38.418747 	37.643059 	79.906197 	42.449970 	53.150730 	125.538841 	85.562843 	37.536648 	72.180328 	54.488529 	48.104053 	38.183765 	40.311287 	80.721741 	39.623226 	47.507893 	57.489128 	77.336922 	84.386017 	35.128338 	79.649231 	163.217651 	84.646324 	77.201035 	120.933868 	69.634758 	78.006409 	80.802231 	82.200974 	30.016663 	47.507893 	140.801285 	6.000000 	75.471848 	999.000000 	117.796432 	64.412735 	55.036350 	23.537205 	
87.658424 	111.359779 	81.412529 	130.613937 	48.332184 	81.301903 	125.399361 	80.448738 	81.024689 	38.587563 	75.802376 	136.312149 	41.231056 	33.120991 	80.802231 	45.803928 	63.411354 	69.814041 	79.812279 	77.620872 	37.202152 	78.243210 	70.292244 	60.307545 	40.459858 	33.421551 	144.754959 	38.209946 	56.320511 	33.241539 	41.036568 	8.544003 	48.836460 	40.360870 	37.536648 	36.124783 	88.413803 	71.449280 	27.658634 	122.441826 	44.407207 	117.796432 	999.000000 	56.612720 	66.400299 	97.621719 	
45.398239 	67.067131 	39.812057 	85.586212 	28.231188 	36.124783 	77.665955 	33.000000 	33.015148 	26.000000 	28.017851 	97.128784 	78.313469 	30.265491 	32.062439 	19.416489 	18.384777 	22.203604 	30.149628 	28.071337 	24.186773 	28.160255 	21.023796 	14.764823 	20.099751 	25.961510 	95.880135 	20.615528 	109.201645 	24.698177 	16.763054 	61.773781 	10.000000 	17.088007 	19.697716 	21.023796 	34.438351 	17.088007 	82.764725 	69.778221 	12.206555 	64.412735 	56.612720 	999.000000 	9.899495 	42.201897 	
40.162170 	60.133186 	35.341194 	78.057671 	33.241539 	30.675724 	69.584480 	26.925823 	26.683329 	33.734257 	22.472204 	90.796478 	86.145226 	38.600517 	25.495098 	26.172504 	17.204651 	18.027756 	23.345236 	21.587032 	32.572994 	21.377558 	16.124516 	15.231546 	28.460499 	34.928497 	87.321243 	29.546574 	118.308914 	34.000000 	25.942244 	71.344238 	18.384777 	26.419689 	29.154760 	30.528675 	25.298222 	9.055386 	92.282173 	60.539242 	22.022715 	55.036350 	66.400299 	9.899495 	999.000000 	32.449963 	
32.893768 	39.661064 	33.376640 	53.160137 	55.946404 	28.071337 	42.953465 	25.019993 	24.020824 	61.294373 	26.683329 	69.778221 	110.860275 	66.850578 	23.086792 	53.254108 	36.235340 	30.463093 	22.360680 	23.769728 	61.400326 	22.803509 	29.068884 	38.275318 	57.628117 	64.660652 	58.034473 	59.548298 	146.485489 	64.443771 	56.586216 	101.671036 	48.795490 	57.280014 	60.108234 	61.522354 	10.440307 	26.172504 	122.200653 	29.427877 	53.907330 	23.537205 	97.621719 	42.201897 	32.449963 	999.000000 	

Travel time:
9.000000 	0.594243 	0.158114 	1.077033 	0.986154 	0.237171 	0.950329 	0.335410 	0.347311 	1.231107 	0.443001 	1.300240 	2.220360 	1.364047 	0.381608 	1.075291 	0.700446 	0.579871 	0.437321 	0.469707 	1.281601 	0.480885 	0.612882 	0.800391 	1.226020 	1.384061 	1.435705 	1.298075 	3.189044 	1.415318 	1.274755 	2.226123 	1.129436 	1.299279 	1.358538 	1.388569 	0.630971 	0.784618 	2.686192 	1.006231 	1.303840 	0.948683 	2.191461 	1.134956 	1.004054 	0.822344 	
0.594243 	9.000000 	0.752080 	0.482830 	1.576586 	0.789383 	0.395285 	0.853302 	0.851469 	1.825171 	0.980115 	0.776209 	2.742832 	1.957358 	0.875357 	1.668270 	1.274755 	1.134956 	0.925000 	0.975320 	1.875667 	0.975000 	1.154340 	1.372953 	1.818310 	1.978004 	0.866386 	1.889610 	3.730030 	2.008109 	1.861619 	2.812694 	1.706239 	1.885802 	1.947113 	1.978004 	0.948683 	1.277204 	3.260751 	0.682367 	1.878330 	0.719809 	2.783994 	1.676678 	1.503330 	0.991527 	
0.158114 	0.752080 	9.000000 	1.234909 	0.832166 	0.145774 	1.102554 	0.250000 	0.270416 	1.073837 	0.325960 	1.451938 	2.094039 	1.207528 	0.305164 	0.917197 	0.550568 	0.443001 	0.355317 	0.371652 	1.123610 	0.388909 	0.482830 	0.650481 	1.068001 	1.226020 	1.587844 	1.140175 	3.053686 	1.257229 	1.118034 	2.073192 	0.976281 	1.142639 	1.201301 	1.231107 	0.608790 	0.673146 	2.538331 	1.123610 	1.151086 	1.051190 	2.035313 	0.995301 	0.883530 	0.834416 	
1.077033 	0.482830 	1.234909 	9.000000 	2.057304 	1.267379 	0.270416 	1.323820 	1.319327 	2.307732 	1.451293 	0.480234 	3.182766 	2.439390 	1.340009 	2.150872 	1.752320 	1.608182 	1.386092 	1.438967 	2.358495 	1.435705 	1.623461 	1.849493 	2.300679 	2.460818 	0.459619 	2.371708 	4.177320 	2.490607 	2.342008 	3.290232 	2.183031 	2.366036 	2.428091 	2.459294 	1.355775 	1.727896 	3.730365 	0.743303 	2.353720 	0.860233 	3.265348 	2.139655 	1.951442 	1.329003 	
0.986154 	1.576586 	0.832166 	2.057304 	9.000000 	0.849264 	1.934716 	0.851469 	0.870704 	0.275000 	0.755811 	2.213171 	1.375682 	0.388104 	0.875000 	0.247487 	0.498121 	0.637377 	0.866747 	0.818917 	0.353553 	0.840387 	0.673146 	0.477624 	0.357946 	0.450694 	2.419969 	0.427200 	2.274313 	0.505594 	0.471699 	1.241219 	0.485412 	0.493077 	0.515388 	0.529741 	1.140449 	0.809707 	1.715554 	1.910497 	0.602080 	1.811767 	1.208305 	0.705780 	0.831038 	1.398660 	
0.237171 	0.789383 	0.145774 	1.267379 	0.849264 	9.000000 	1.107080 	0.106066 	0.125000 	1.068001 	0.206155 	1.525820 	2.161308 	1.206493 	0.160078 	0.894427 	0.485412 	0.350000 	0.212132 	0.235850 	1.107362 	0.250000 	0.378319 	0.583631 	1.040733 	1.207528 	1.588238 	1.109617 	3.105036 	1.231107 	1.075291 	2.085216 	0.916856 	1.099147 	1.162164 	1.193995 	0.467039 	0.548293 	2.564785 	1.065950 	1.089151 	0.977880 	2.032547 	0.903120 	0.766893 	0.701783 	
0.950329 	0.395285 	1.102554 	0.270416 	1.934716 	1.107080 	9.000000 	1.147007 	1.138530 	2.170829 	1.273038 	0.742462 	3.134984 	2.307054 	1.154340 	2.001406 	1.583114 	1.431127 	1.195042 	1.250000 	2.213736 	1.243232 	1.439184 	1.676678 	2.147673 	2.314357 	0.485412 	2.215993 	4.119238 	2.338001 	2.177298 	3.175689 	2.008109 	2.200568 	2.265502 	2.298097 	1.125278 	1.520691 	3.635416 	0.477624 	2.174425 	0.590021 	3.134984 	1.941649 	1.739612 	1.073837 	
0.335410 	0.853302 	0.250000 	1.323820 	0.851469 	0.106066 	1.147007 	9.000000 	0.025000 	1.050297 	0.127475 	1.604875 	2.191461 	1.190850 	0.055902 	0.866747 	0.436606 	0.285044 	0.106066 	0.134629 	1.081665 	0.145774 	0.301040 	0.529741 	1.007782 	1.179248 	1.622113 	1.073546 	3.121298 	1.197132 	1.030776 	2.074398 	0.862047 	1.053862 	1.119431 	1.152443 	0.378319 	0.450694 	2.563323 	1.060660 	1.030776 	0.960469 	2.011219 	0.825000 	0.673146 	0.625500 	
0.347311 	0.851469 	0.270416 	1.319327 	0.870704 	0.125000 	1.138530 	0.025000 	9.000000 	1.065950 	0.134629 	1.607016 	2.213736 	1.206752 	0.035355 	0.880696 	0.447214 	0.292617 	0.090139 	0.127475 	1.095730 	0.134629 	0.304138 	0.538516 	1.020416 	1.192686 	1.611870 	1.085415 	3.141755 	1.209339 	1.040733 	2.090753 	0.869626 	1.063602 	1.129712 	1.162970 	0.353553 	0.443001 	2.581182 	1.043132 	1.037123 	0.941076 	2.025617 	0.825379 	0.667083 	0.600521 	
1.231107 	1.825171 	1.073837 	2.307732 	0.275000 	1.068001 	2.170829 	1.050297 	1.065950 	9.000000 	0.938416 	2.481179 	1.311726 	0.141421 	1.063015 	0.201556 	0.637377 	0.795692 	1.043132 	0.989950 	0.090139 	1.007782 	0.816241 	0.575543 	0.158114 	0.176777 	2.654360 	0.195256 	2.135562 	0.237171 	0.279509 	1.025914 	0.400000 	0.291548 	0.282843 	0.285044 	1.285010 	0.894427 	1.526843 	2.107279 	0.436606 	1.997655 	0.964689 	0.650000 	0.843356 	1.532359 	
0.443001 	0.980115 	0.325960 	1.451293 	0.755811 	0.206155 	1.273038 	0.127475 	0.134629 	0.938416 	9.000000 	1.727896 	2.114533 	1.079641 	0.125000 	0.750000 	0.313249 	0.158114 	0.111803 	0.075000 	0.965013 	0.100000 	0.175000 	0.403887 	0.887764 	1.060955 	1.746425 	0.951972 	3.030058 	1.076162 	0.906228 	1.964211 	0.735272 	0.929045 	0.995301 	1.028652 	0.406971 	0.347311 	2.458785 	1.168867 	0.903466 	1.061249 	1.895059 	0.700446 	0.561805 	0.667083 	
1.300240 	0.776209 	1.451938 	0.480234 	2.213171 	1.525820 	0.742462 	1.604875 	1.607016 	2.481179 	1.727896 	9.000000 	3.176574 	2.601202 	1.634396 	2.351197 	2.000625 	1.875667 	1.686898 	1.733854 	2.544725 	1.736555 	1.902630 	2.100595 	2.503248 	2.647640 	0.809707 	2.577426 	4.176198 	2.687936 	2.564785 	3.403123 	2.428220 	2.589643 	2.645043 	2.673013 	1.724094 	2.043587 	3.801316 	1.219887 	2.603003 	1.328768 	3.407804 	2.428220 	2.269912 	1.744456 	
2.220360 	2.742832 	2.094039 	3.182766 	1.375682 	2.161308 	3.134984 	2.191461 	2.213736 	1.311726 	2.114533 	3.176574 	9.000000 	1.202341 	2.225000 	1.500417 	1.873666 	2.010286 	2.226264 	2.183031 	1.353699 	2.205958 	2.048322 	1.844078 	1.455378 	1.325000 	3.607804 	1.450862 	1.000000 	1.375909 	1.550806 	0.831038 	1.708984 	1.550202 	1.500208 	1.475847 	2.511598 	2.177298 	0.809707 	3.217530 	1.700000 	3.138471 	1.030776 	1.957837 	2.153631 	2.771507 	
1.364047 	1.957358 	1.207528 	2.439390 	0.388104 	1.206493 	2.307054 	1.190850 	1.206752 	0.141421 	1.079641 	2.601202 	1.202341 	9.000000 	1.204159 	0.340037 	0.778621 	0.937083 	1.184536 	1.131371 	0.152069 	1.149184 	0.957209 	0.715017 	0.254951 	0.145774 	2.791169 	0.251247 	2.001406 	0.215058 	0.350892 	0.884590 	0.509902 	0.353553 	0.316228 	0.302076 	1.425219 	1.029563 	1.386092 	2.248472 	0.505594 	2.139071 	0.828025 	0.756637 	0.965013 	1.671264 	
0.381608 	0.875357 	0.305164 	1.340009 	0.875000 	0.160078 	1.154340 	0.055902 	0.035355 	1.063015 	0.125000 	1.634396 	2.225000 	1.204159 	9.000000 	0.875000 	0.437321 	0.279509 	0.055902 	0.100000 	1.090011 	0.103078 	0.285044 	0.525595 	1.012423 	1.185854 	1.625000 	1.076162 	3.148115 	1.200521 	1.028652 	2.088660 	0.854400 	1.051190 	1.118034 	1.151629 	0.325960 	0.412311 	2.581908 	1.044330 	1.020110 	0.938416 	2.020056 	0.801561 	0.637377 	0.577170 	
1.075291 	1.668270 	0.917197 	2.150872 	0.247487 	0.894427 	2.001406 	0.866747 	0.880696 	0.201556 	0.750000 	2.351197 	1.500417 	0.340037 	0.875000 	9.000000 	0.442295 	0.602080 	0.851469 	0.797261 	0.215058 	0.813941 	0.618971 	0.375000 	0.152069 	0.313249 	2.482438 	0.226385 	2.336932 	0.340037 	0.237171 	1.219887 	0.246221 	0.261008 	0.301040 	0.325000 	1.085415 	0.693271 	1.725724 	1.917355 	0.355317 	1.804508 	1.145098 	0.485412 	0.654313 	1.331353 	
0.700446 	1.274755 	0.550568 	1.752320 	0.498121 	0.485412 	1.583114 	0.436606 	0.447214 	0.637377 	0.313249 	2.000625 	1.873666 	0.778621 	0.437321 	0.442295 	9.000000 	0.160078 	0.410031 	0.355317 	0.656220 	0.371652 	0.180278 	0.100000 	0.575543 	0.750000 	2.058671 	0.638847 	2.756923 	0.763217 	0.594243 	1.661701 	0.431567 	0.617454 	0.682825 	0.715891 	0.651920 	0.325960 	2.163908 	1.475847 	0.604669 	1.362213 	1.585284 	0.459619 	0.430116 	0.905883 	
0.579871 	1.134956 	0.443001 	1.608182 	0.637377 	0.350000 	1.431127 	0.285044 	0.292617 	0.795692 	0.158114 	1.875667 	2.010286 	0.937083 	0.279509 	0.602080 	0.160078 	9.000000 	0.250000 	0.195256 	0.816241 	0.212132 	0.055902 	0.246221 	0.735272 	0.910014 	1.903943 	0.797653 	2.907103 	0.922293 	0.749166 	1.820886 	0.577170 	0.771767 	0.838525 	0.872138 	0.503115 	0.270416 	2.321234 	1.315770 	0.745822 	1.202601 	1.745351 	0.555090 	0.450694 	0.761577 	
0.437321 	0.925000 	0.355317 	1.386092 	0.866747 	0.212132 	1.195042 	0.106066 	0.090139 	1.043132 	0.111803 	1.686898 	2.226264 	1.184536 	0.055902 	0.851469 	0.410031 	0.250000 	9.000000 	0.055902 	1.065950 	0.050000 	0.246221 	0.493077 	0.985203 	1.160011 	1.662077 	1.047020 	3.141059 	1.171804 	0.995615 	2.068967 	0.817389 	1.017657 	1.085415 	1.119431 	0.301040 	0.357946 	2.566247 	1.065950 	0.980434 	0.954594 	1.995307 	0.753741 	0.583631 	0.559017 	
0.469707 	0.975320 	0.371652 	1.438967 	0.818917 	0.235850 	1.250000 	0.134629 	0.127475 	0.989950 	0.075000 	1.733854 	2.183031 	1.131371 	0.100000 	0.797261 	0.355317 	0.195256 	0.055902 	9.000000 	1.011496 	0.025000 	0.190394 	0.437321 	0.930054 	1.105102 	1.717738 	0.991527 	3.092834 	1.116356 	0.939747 	2.015564 	0.761577 	0.961769 	1.029563 	1.063602 	0.333542 	0.316228 	2.514210 	1.120547 	0.925000 	1.007782 	1.940522 	0.701783 	0.539676 	0.594243 	
1.281601 	1.875667 	1.123610 	2.358495 	0.353553 	1.107362 	2.213736 	1.081665 	1.095730 	0.090139 	0.965013 	2.544725 	1.353699 	0.152069 	1.090011 	0.215058 	0.656220 	0.816241 	1.065950 	1.011496 	9.000000 	1.027740 	0.831038 	0.583631 	0.103078 	0.103078 	2.695598 	0.111803 	2.147673 	0.152069 	0.206155 	1.009022 	0.357946 	0.213600 	0.195256 	0.195256 	1.293493 	0.887764 	1.520074 	2.131901 	0.364006 	2.018044 	0.930054 	0.604669 	0.814325 	1.535008 	
0.480885 	0.975000 	0.388909 	1.435705 	0.840387 	0.250000 	1.243232 	0.145774 	0.134629 	1.007782 	0.100000 	1.736555 	2.205958 	1.149184 	0.103078 	0.813941 	0.371652 	0.212132 	0.050000 	0.025000 	1.027740 	9.000000 	0.201556 	0.450694 	0.945053 	1.120547 	1.708801 	1.005609 	3.113880 	1.130542 	0.951972 	2.033009 	0.771767 	0.973717 	1.041933 	1.076162 	0.309233 	0.309233 	2.532908 	1.105102 	0.933408 	0.990581 	1.956080 	0.704006 	0.534439 	0.570088 	
0.612882 	1.154340 	0.482830 	1.623461 	0.673146 	0.378319 	1.439184 	0.301040 	0.304138 	0.816241 	0.175000 	1.902630 	2.048322 	0.957209 	0.285044 	0.618971 	0.180278 	0.055902 	0.246221 	0.190394 	0.831038 	0.201556 	9.000000 	0.250000 	0.745822 	0.921954 	1.908042 	0.805062 	2.936942 	0.930054 	0.750417 	1.838818 	0.571183 	0.772172 	0.840387 	0.874643 	0.471699 	0.215058 	2.343075 	1.305038 	0.735272 	1.187697 	1.757306 	0.525595 	0.403113 	0.726722 	
0.800391 	1.372953 	0.650481 	1.849493 	0.477624 	0.583631 	1.676678 	0.529741 	0.538516 	0.575543 	0.403887 	2.100595 	1.844078 	0.715017 	0.525595 	0.375000 	0.100000 	0.246221 	0.493077 	0.437321 	0.583631 	0.450694 	0.250000 	9.000000 	0.496236 	0.672681 	2.150145 	0.555090 	2.707513 	0.680074 	0.503115 	1.592561 	0.333542 	0.525595 	0.592663 	0.626498 	0.710634 	0.333542 	2.100595 	1.555032 	0.505594 	1.437228 	1.507689 	0.369121 	0.380789 	0.956883 	
1.226020 	1.818310 	1.068001 	2.300679 	0.357946 	1.040733 	2.147673 	1.007782 	1.020416 	0.158114 	0.887764 	2.503248 	1.455378 	0.254951 	1.012423 	0.152069 	0.575543 	0.735272 	0.985203 	0.930054 	0.103078 	0.945053 	0.745822 	0.496236 	9.000000 	0.176777 	2.627380 	0.075000 	2.249028 	0.190394 	0.125000 	1.101136 	0.254951 	0.141421 	0.158114 	0.176777 	1.202601 	0.790569 	1.615936 	2.050152 	0.279509 	1.933423 	1.011496 	0.502494 	0.711512 	1.440703 	
1.384061 	1.978004 	1.226020 	2.460818 	0.450694 	1.207528 	2.314357 	1.179248 	1.192686 	0.176777 	1.060955 	2.647640 	1.325000 	0.145774 	1.185854 	0.313249 	0.750000 	0.910014 	1.160011 	1.105102 	0.103078 	1.120547 	0.921954 	0.672681 	0.176777 	9.000000 	2.795644 	0.134629 	2.084616 	0.070711 	0.230489 	0.925338 	0.413824 	0.226385 	0.176777 	0.158114 	1.379311 	0.965013 	1.442220 	2.225562 	0.375000 	2.109650 	0.835539 	0.649038 	0.873212 	1.616516 	
1.435705 	0.866386 	1.587844 	0.459619 	2.419969 	1.588238 	0.485412 	1.622113 	1.611870 	2.654360 	1.746425 	0.809707 	3.607804 	2.791169 	1.625000 	2.482438 	2.058671 	1.903943 	1.662077 	1.717738 	2.695598 	1.708801 	1.908042 	2.150145 	2.627380 	2.795644 	9.000000 	2.694671 	4.596330 	2.817468 	2.652593 	3.661028 	2.479037 	2.675467 	2.741464 	2.774549 	1.554228 	1.971199 	4.120149 	0.728869 	2.642205 	0.878208 	3.618874 	2.397003 	2.183031 	1.450862 	
1.298075 	1.889610 	1.140175 	2.371708 	0.427200 	1.109617 	2.215993 	1.073546 	1.085415 	0.195256 	0.951972 	2.577426 	1.450862 	0.251247 	1.076162 	0.226385 	0.638847 	0.797653 	1.047020 	0.991527 	0.111803 	1.005609 	0.805062 	0.555090 	0.075000 	0.134629 	2.694671 	9.000000 	2.219234 	0.125000 	0.100000 	1.055047 	0.279509 	0.103078 	0.090139 	0.103078 	1.255239 	0.835539 	1.574206 	2.110095 	0.254951 	1.991231 	0.955249 	0.515388 	0.738664 	1.488707 	
3.189044 	3.730030 	3.053686 	4.177320 	2.274313 	3.105036 	4.119238 	3.121298 	3.141755 	2.135562 	3.030058 	4.176198 	1.000000 	2.001406 	3.148115 	2.336932 	2.756923 	2.907103 	3.141059 	3.092834 	2.147673 	3.113880 	2.936942 	2.707513 	2.249028 	2.084616 	4.596330 	2.219234 	9.000000 	2.112611 	2.311926 	1.220912 	2.498124 	2.302851 	2.238443 	2.206383 	3.408537 	3.029954 	0.725000 	4.170432 	2.435159 	4.080441 	1.408013 	2.730041 	2.957723 	3.662137 	
1.415318 	2.008109 	1.257229 	2.490607 	0.505594 	1.231107 	2.338001 	1.197132 	1.209339 	0.237171 	1.076162 	2.687936 	1.375909 	0.215058 	1.200521 	0.340037 	0.763217 	0.922293 	1.171804 	1.116356 	0.152069 	1.130542 	0.930054 	0.680074 	0.190394 	0.070711 	2.817468 	0.125000 	2.112611 	9.000000 	0.201556 	0.936082 	0.395285 	0.190394 	0.127475 	0.100000 	1.379311 	0.957209 	1.457738 	2.235090 	0.328824 	2.116158 	0.831038 	0.617454 	0.850000 	1.611094 	
1.274755 	1.861619 	1.118034 	2.342008 	0.471699 	1.075291 	2.177298 	1.030776 	1.040733 	0.279509 	0.906228 	2.564785 	1.550806 	0.350892 	1.028652 	0.237171 	0.594243 	0.749166 	0.995615 	0.939747 	0.206155 	0.951972 	0.750417 	0.503115 	0.125000 	0.230489 	2.652593 	0.100000 	2.311926 	0.201556 	9.000000 	1.137157 	0.195256 	0.025000 	0.090139 	0.125000 	1.187697 	0.760345 	1.659254 	2.052438 	0.158114 	1.930026 	1.025914 	0.419076 	0.648556 	1.414655 	
2.226123 	2.812694 	2.073192 	3.290232 	1.241219 	2.085216 	3.175689 	2.074398 	2.090753 	1.025914 	1.964211 	3.403123 	0.831038 	0.884590 	2.088660 	1.219887 	1.661701 	1.820886 	2.068967 	2.015564 	1.009022 	2.033009 	1.838818 	1.592561 	1.101136 	0.925338 	3.661028 	1.055047 	1.220912 	0.936082 	1.137157 	9.000000 	1.331353 	1.123610 	1.054751 	1.020416 	2.302444 	1.890106 	0.525595 	3.132990 	1.241219 	3.023347 	0.213600 	1.544345 	1.783606 	2.541776 	
1.129436 	1.706239 	0.976281 	2.183031 	0.485412 	0.916856 	2.008109 	0.862047 	0.869626 	0.400000 	0.735272 	2.428220 	1.708984 	0.509902 	0.854400 	0.246221 	0.431567 	0.577170 	0.817389 	0.761577 	0.357946 	0.771767 	0.571183 	0.333542 	0.254951 	0.413824 	2.479037 	0.279509 	2.498124 	0.395285 	0.195256 	1.331353 	9.000000 	0.212132 	0.282843 	0.318198 	0.995615 	0.565685 	1.852363 	1.865643 	0.175000 	1.740869 	1.220912 	0.250000 	0.459619 	1.219887 	
1.299279 	1.885802 	1.142639 	2.366036 	0.493077 	1.099147 	2.200568 	1.053862 	1.063602 	0.291548 	0.929045 	2.589643 	1.550202 	0.353553 	1.051190 	0.261008 	0.617454 	0.771767 	1.017657 	0.961769 	0.213600 	0.973717 	0.772172 	0.525595 	0.141421 	0.226385 	2.675467 	0.103078 	2.302851 	0.190394 	0.025000 	1.123610 	0.212132 	9.000000 	0.070711 	0.106066 	1.206752 	0.777817 	1.646587 	2.073192 	0.152069 	1.950160 	1.009022 	0.427200 	0.660492 	1.432000 	
1.358538 	1.947113 	1.201301 	2.428091 	0.515388 	1.162164 	2.265502 	1.119431 	1.129712 	0.282843 	0.995301 	2.645043 	1.500208 	0.316228 	1.118034 	0.301040 	0.682825 	0.838525 	1.085415 	1.029563 	0.195256 	1.041933 	0.840387 	0.592663 	0.158114 	0.176777 	2.741464 	0.090139 	2.238443 	0.127475 	0.090139 	1.054751 	0.282843 	0.070711 	9.000000 	0.035355 	1.277204 	0.848528 	1.578369 	2.142574 	0.201556 	2.020056 	0.938416 	0.492443 	0.728869 	1.502706 	
