Total assets = 564
Number of asset nodes = 33

Distance:
999.000000 	9.848858 	8.062258 	87.726852 	34.481880 	55.226807 	40.311287 	8.062258 	15.620500 	94.921021 	40.459858 	11.704700 	13.341664 	7.000000 	114.021927 	12.041595 	13.928389 	63.063461 	27.802877 	95.131485 	41.231056 	100.124924 	108.977058 	21.023796 	84.059502 	64.078079 	18.248287 	45.891174 	24.698177 	18.000000 	25.961510 	32.649654 	114.021927 	20.591261 	54.129475 	89.185204 	34.928497 	95.718338 	30.463093 	33.241539 	34.438351 	106.780151 	34.885529 	66.287254 	64.938431 	38.626415 	107.070068 	
9.848858 	999.000000 	2.000000 	97.082436 	24.738634 	65.000000 	50.159744 	8.944272 	8.062258 	104.350372 	49.497475 	19.849434 	8.062258 	14.212670 	123.069084 	18.439089 	9.848858 	72.897186 	18.384777 	104.637466 	50.960770 	109.635757 	118.342720 	28.442924 	93.813644 	73.925636 	15.231546 	55.542778 	17.464249 	16.643316 	34.132095 	24.186773 	123.434196 	23.600847 	63.788715 	98.979797 	43.185646 	105.475113 	37.854988 	27.166155 	41.484936 	116.503220 	41.761227 	75.927597 	74.525162 	46.097721 	116.811813 	
8.062258 	2.000000 	999.000000 	95.587654 	26.683329 	63.285069 	48.332184 	7.211102 	8.544003 	102.825096 	48.104053 	18.601076 	9.219544 	13.038404 	121.696342 	16.492422 	9.219544 	71.119621 	19.849434 	103.077644 	49.040798 	108.074051 	116.846054 	26.476404 	92.114059 	72.090218 	14.560220 	53.600372 	18.027756 	15.652476 	32.140316 	25.238859 	121.918007 	22.022715 	61.846584 	97.247108 	41.194660 	103.773796 	35.902645 	27.459061 	39.560081 	114.825958 	39.849716 	73.979729 	72.567207 	44.147480 	115.121674 	
87.726852 	97.082436 	95.587654 	999.000000 	119.620232 	35.355339 	51.623638 	94.069122 	103.247276 	7.615773 	47.801674 	77.466118 	95.801880 	83.096329 	27.730848 	87.458565 	100.448990 	32.015621 	115.433968 	9.055386 	55.461697 	13.601471 	21.260292 	82.377182 	16.552946 	35.355339 	102.825096 	54.424259 	111.758667 	100.895988 	77.524193 	120.208153 	26.400757 	94.868332 	50.219517 	19.849434 	74.323616 	19.235384 	80.498444 	118.562218 	81.939003 	25.019993 	82.855293 	47.010635 	49.000000 	79.120163 	26.076809 	
34.481880 	24.738634 	26.683329 	119.620232 	999.000000 	89.000000 	74.672615 	32.062439 	23.086792 	127.062973 	71.847061 	42.544094 	23.853722 	37.121422 	144.589066 	42.047592 	28.160255 	97.169952 	13.038404 	127.581345 	75.690155 	132.574509 	140.801285 	52.009613 	117.647781 	98.432716 	31.048349 	80.280754 	22.825424 	33.955853 	58.077534 	19.209373 	146.013702 	43.737854 	88.526833 	122.983742 	67.029846 	129.294235 	61.032780 	29.698484 	64.195015 	140.160629 	64.280632 	100.662804 	99.247169 	69.115845 	140.545364 	
55.226807 	65.000000 	63.285069 	35.355339 	89.000000 	999.000000 	16.401220 	60.605282 	70.213959 	41.617306 	21.095022 	46.615448 	65.391129 	51.894123 	63.063461 	53.037724 	66.843102 	9.000000 	82.927681 	41.231056 	20.248457 	46.097721 	55.803226 	47.201694 	28.844410 	12.649111 	68.622154 	20.099751 	78.102493 	66.468040 	42.190044 	86.833176 	60.440052 	59.816387 	18.973665 	34.000000 	39.217342 	40.496914 	45.188496 	84.148682 	46.818798 	51.613953 	47.759815 	24.083189 	24.758837 	44.384682 	51.865211 	
40.311287 	50.159744 	48.332184 	51.623638 	74.672615 	16.401220 	999.000000 	44.944408 	54.708317 	58.008621 	18.601076 	33.376640 	51.662365 	38.078865 	79.259071 	36.878178 	51.039200 	23.021729 	67.601776 	57.628117 	6.708204 	62.481998 	72.201111 	30.805843 	44.687805 	23.769728 	52.497620 	10.630146 	62.201286 	50.249378 	25.942244 	71.028160 	76.837494 	43.416588 	16.763054 	49.406479 	24.186773 	56.222771 	29.410883 	67.896980 	31.575306 	67.475922 	32.557640 	28.160255 	27.459061 	30.016663 	67.623962 	
8.062258 	8.944272 	7.211102 	94.069122 	32.062439 	60.605282 	44.944408 	999.000000 	9.848858 	101.118744 	47.434166 	19.646883 	16.278820 	15.033297 	120.739388 	10.000000 	6.403124 	67.955872 	22.847319 	101.178062 	44.777225 	106.150833 	115.260574 	20.024984 	89.403580 	68.476273 	10.198039 	49.040798 	17.691807 	10.049875 	26.019224 	26.248810 	120.216469 	14.866069 	57.245087 	94.302704 	35.000000 	101.019798 	29.274563 	25.495098 	32.756680 	112.200714 	32.984844 	69.260376 	67.720009 	37.483330 	112.414413 	
15.620500 	8.062258 	8.544003 	103.247276 	23.086792 	70.213959 	54.708317 	9.848858 	999.000000 	110.390221 	56.080299 	26.925823 	15.297058 	21.470911 	129.634094 	19.416489 	5.099020 	77.698135 	13.000000 	110.535065 	54.625999 	115.520561 	124.482933 	29.154760 	99.045441 	78.294319 	9.219544 	58.872746 	9.486833 	11.661903 	35.355339 	17.029387 	129.495178 	20.880613 	67.067131 	104.009613 	44.181442 	110.679718 	38.000000 	19.104973 	41.109608 	121.827744 	41.194660 	79.056938 	77.491936 	46.043457 	122.065559 	
94.921021 	104.350372 	102.825096 	7.615773 	127.062973 	41.617306 	58.008621 	101.118744 	110.390221 	999.000000 	55.217751 	84.811554 	103.227905 	90.426765 	22.561028 	94.260277 	107.480232 	37.161808 	122.674362 	2.828427 	61.400326 	6.082763 	14.212670 	88.814415 	18.000000 	39.849716 	109.713264 	59.933296 	118.793938 	107.712578 	83.761566 	127.310646 	19.104973 	101.400200 	55.027267 	18.973665 	80.062477 	15.620500 	86.452301 	125.399361 	87.658424 	18.439089 	88.549423 	50.358715 	52.469040 	84.581322 	19.646883 	
40.459858 	49.497475 	48.104053 	47.801674 	71.847061 	21.095022 	18.601076 	47.434166 	56.080299 	55.217751 	999.000000 	29.732138 	48.010414 	35.383614 	73.593475 	42.544094 	53.823788 	30.066593 	67.882248 	55.758408 	25.238859 	60.745369 	69.028976 	40.607880 	47.127487 	33.541019 	56.938564 	29.068884 	65.000000 	55.470715 	38.013157 	73.109505 	74.202423 	51.546097 	33.600594 	52.886673 	39.812057 	58.523499 	43.046486 	72.718636 	46.270943 	68.942001 	47.265209 	42.953465 	42.941822 	46.097721 	69.462219 	
11.704700 	19.849434 	18.601076 	77.466118 	42.544094 	46.615448 	33.376640 	19.646883 	26.925823 	84.811554 	29.732138 	999.000000 	18.788294 	5.656854 	103.247276 	19.646883 	25.632011 	55.027267 	38.209946 	85.211502 	36.013885 	90.210861 	98.716766 	25.000000 	75.133217 	56.753853 	29.832869 	41.048752 	36.235340 	29.274563 	27.658634 	43.829212 	103.855667 	29.614185 	49.000000 	80.529495 	35.510563 	86.769814 	33.241539 	44.944408 	37.483330 	97.616600 	38.183765 	61.032780 	60.000000 	40.607880 	98.005104 	
13.341664 	8.062258 	9.219544 	95.801880 	23.853722 	65.391129 	51.662365 	16.278820 	15.297058 	103.227905 	48.010414 	18.788294 	999.000000 	13.601471 	121.016525 	24.596748 	17.888544 	73.736015 	21.931713 	103.730423 	53.460266 	108.724419 	117.004272 	34.176014 	93.914856 	75.286118 	23.259407 	58.309521 	24.000000 	24.698177 	39.293766 	29.120440 	122.200653 	31.144823 	66.483078 	99.317673 	48.270073 	105.546196 	43.657761 	34.014702 	47.539455 	116.361504 	47.927029 	78.638412 	77.414467 	51.865211 	116.764717 	
7.000000 	14.212670 	13.038404 	83.096329 	37.121422 	51.894123 	38.078865 	15.033297 	21.470911 	90.426765 	35.383614 	5.656854 	13.601471 	999.000000 	108.903625 	17.492855 	20.615528 	60.166435 	32.557640 	90.801979 	40.112343 	95.801880 	104.350372 	24.839485 	80.529495 	61.684681 	25.179358 	45.044422 	30.870699 	25.000000 	28.653097 	38.275318 	109.480591 	26.925823 	53.150730 	85.866173 	37.161808 	92.179176 	33.837849 	39.849716 	38.013157 	103.077644 	38.600517 	65.276337 	64.124878 	41.677334 	103.445641 	
114.021927 	123.069084 	121.696342 	27.730848 	144.589066 	63.063461 	79.259071 	120.739388 	129.634094 	22.561028 	73.593475 	103.247276 	121.016525 	108.903625 	999.000000 	114.621117 	127.141655 	59.464275 	141.449631 	24.186773 	83.192551 	21.023796 	11.704700 	109.931801 	40.311287 	62.361847 	129.807556 	82.079231 	138.408813 	128.003906 	105.190300 	146.659470 	12.727922 	122.331520 	77.491936 	40.012497 	102.044106 	34.365681 	108.226616 	145.602203 	109.658562 	29.068884 	110.571243 	72.835434 	74.966660 	106.775467 	30.413813 	
12.041595 	18.439089 	16.492422 	87.458565 	42.047592 	53.037724 	36.878178 	10.000000 	19.416489 	94.260277 	42.544094 	19.646883 	24.596748 	17.492855 	114.621117 	999.000000 	14.866069 	59.816387 	32.280025 	94.111633 	35.846897 	99.035347 	108.466583 	10.049875 	81.565926 	59.908264 	15.620500 	39.812057 	25.553865 	13.453624 	16.031219 	34.481880 	113.278419 	10.049875 	47.927029 	86.214851 	25.000000 	93.085983 	19.416489 	31.144823 	23.086792 	104.350372 	23.409399 	59.808025 	58.189346 	27.658634 	104.484451 	
13.928389 	9.848858 	9.219544 	100.448990 	28.160255 	66.843102 	51.039200 	6.403124 	5.099020 	107.480232 	53.823788 	25.632011 	17.888544 	20.615528 	127.141655 	14.866069 	999.000000 	74.060783 	17.464249 	107.517441 	50.537113 	112.485558 	121.630585 	24.331051 	95.603348 	74.431175 	5.385165 	54.625999 	11.313708 	7.071068 	30.594116 	20.000000 	126.574089 	15.811388 	62.769421 	100.439034 	39.319206 	107.200745 	33.015148 	19.313208 	36.055511 	118.406082 	36.124783 	74.672615 	73.054771 	41.012192 	118.600166 	
63.063461 	72.897186 	71.119621 	32.015621 	97.169952 	9.000000 	23.021729 	67.955872 	77.698135 	37.161808 	30.066593 	55.027267 	73.736015 	60.166435 	59.464275 	59.816387 	74.060783 	999.000000 	90.553848 	36.235340 	24.839485 	40.816662 	51.000000 	53.037724 	21.931713 	5.000000 	75.432091 	22.825424 	85.211502 	73.109505 	47.507893 	94.047859 	55.226807 	65.764732 	18.248287 	26.400757 	43.046486 	33.301651 	49.648766 	90.686272 	50.606323 	44.598206 	51.478149 	18.357559 	19.697716 	47.423622 	44.687805 	
27.802877 	18.384777 	19.849434 	115.433968 	13.038404 	82.927681 	67.601776 	22.847319 	13.000000 	122.674362 	67.882248 	38.209946 	21.931713 	32.557640 	141.449631 	32.280025 	17.464249 	90.553848 	999.000000 	122.918671 	67.623962 	127.914032 	136.693085 	41.773197 	111.772087 	91.241440 	19.026299 	71.867935 	9.848858 	22.022715 	48.052055 	8.062258 	141.767410 	32.015621 	80.056229 	116.811813 	56.718605 	123.422043 	50.249378 	17.204651 	53.037724 	134.525085 	53.009434 	92.027168 	90.443352 	58.077534 	134.792435 	
95.131485 	104.637466 	103.077644 	9.055386 	127.581345 	41.231056 	57.628117 	101.178062 	110.535065 	2.828427 	55.758408 	85.211502 	103.730423 	90.801979 	24.186773 	94.111633 	107.517441 	36.235340 	122.918671 	999.000000 	60.745369 	5.000000 	14.764823 	88.408142 	16.124516 	38.626415 	109.622078 	59.059292 	118.827606 	107.563934 	83.234612 	127.404869 	19.209373 	101.044548 	53.851646 	16.492422 	79.259071 	12.806249 	85.755463 	125.255737 	86.833176 	16.124516 	87.709747 	48.662102 	50.803543 	83.630135 	17.262676 	
41.231056 	50.960770 	49.040798 	55.461697 	75.690155 	20.248457 	6.708204 	44.777225 	54.625999 	61.400326 	25.238859 	36.013885 	53.460266 	40.112343 	83.192551 	35.846897 	50.537113 	24.839485 	67.623962 	60.745369 	999.000000 	65.459915 	75.471848 	28.319605 	46.754681 	24.207438 	51.312767 	5.099020 	61.400326 	48.826221 	22.671568 	70.327805 	79.881165 	41.036568 	13.038404 	50.931328 	18.973665 	57.982758 	25.059929 	66.219330 	26.570660 	69.296463 	27.513634 	25.179358 	24.020824 	24.331051 	69.310890 	
100.124924 	109.635757 	108.074051 	13.601471 	132.574509 	46.097721 	62.481998 	106.150833 	115.520561 	6.082763 	60.745369 	90.210861 	108.724419 	95.801880 	21.023796 	99.035347 	112.485558 	40.816662 	127.914032 	5.000000 	65.459915 	999.000000 	10.440307 	93.236259 	19.924858 	42.953465 	114.560028 	63.631752 	123.794182 	112.485558 	88.005684 	132.382019 	14.422205 	105.891457 	58.180752 	19.000000 	83.862984 	13.601471 	90.426765 	130.176804 	91.416626 	13.000000 	92.282173 	52.392746 	54.571056 	88.119240 	14.317822 	
108.977058 	118.342720 	116.846054 	21.260292 	140.801285 	55.803226 	72.201111 	115.260574 	124.482933 	14.212670 	69.028976 	98.716766 	117.004272 	104.350372 	11.704700 	108.466583 	121.630585 	51.000000 	136.693085 	14.764823 	75.471848 	10.440307 	999.000000 	103.004852 	30.364452 	53.310413 	123.907227 	73.824112 	132.943604 	121.918007 	97.908119 	141.428421 	5.385165 	115.602768 	68.541962 	29.154760 	94.021271 	23.021729 	100.498756 	139.603012 	101.597244 	17.492855 	102.474388 	62.817196 	65.000000 	98.386993 	18.867962 	
21.023796 	28.442924 	26.476404 	82.377182 	52.009613 	47.201694 	30.805843 	20.024984 	29.154760 	88.814415 	40.607880 	25.000000 	34.176014 	24.839485 	109.931801 	10.049875 	24.331051 	53.037724 	41.773197 	88.408142 	28.319605 	93.236259 	103.004852 	999.000000 	74.966660 	52.497620 	23.769728 	31.622776 	34.176014 	21.023796 	6.324555 	43.081318 	107.615051 	12.727922 	39.446167 	79.246452 	15.033297 	86.278618 	9.486833 	38.013157 	13.416408 	97.590981 	13.892444 	50.990196 	49.244289 	17.720045 	97.621719 	
84.059502 	93.813644 	92.114059 	16.552946 	117.647781 	28.844410 	44.687805 	89.403580 	99.045441 	18.000000 	47.127487 	75.133217 	93.914856 	80.529495 	40.311287 	81.565926 	95.603348 	21.931713 	111.772087 	16.124516 	46.754681 	19.924858 	30.364452 	74.966660 	999.000000 	23.323807 	97.185387 	44.407207 	106.826965 	94.921021 	69.426216 	115.602768 	34.014702 	87.692642 	38.470768 	6.000000 	64.637451 	11.661903 	71.400284 	112.538879 	72.111023 	22.803509 	72.945183 	32.557640 	34.713108 	68.600288 	23.021729 	
64.078079 	73.925636 	72.090218 	35.355339 	98.432716 	12.649111 	23.769728 	68.476273 	78.294319 	39.849716 	33.541019 	56.753853 	75.286118 	61.684681 	62.361847 	59.908264 	74.431175 	5.000000 	91.241440 	38.626415 	24.207438 	42.953465 	53.310413 	52.497620 	23.323807 	999.000000 	75.451973 	21.260292 	85.440041 	73.006851 	46.690472 	94.339813 	57.245087 	65.192024 	15.231546 	26.907248 	41.400482 	34.058773 	48.270073 	90.426765 	48.826221 	45.343136 	49.648766 	13.416408 	14.866069 	45.276924 	45.276924 	
18.248287 	15.231546 	14.560220 	102.825096 	31.048349 	68.622154 	52.497620 	10.198039 	9.219544 	109.713264 	56.938564 	29.832869 	23.259407 	25.179358 	129.807556 	15.620500 	5.385165 	75.432091 	19.026299 	109.622078 	51.312767 	114.560028 	123.907227 	23.769728 	97.185387 	75.451973 	999.000000 	55.072678 	10.440307 	3.000000 	30.083218 	19.313208 	128.763351 	13.000000 	63.063461 	101.828285 	38.327538 	108.706024 	31.575306 	15.811388 	34.132095 	119.970833 	34.058773 	74.732857 	73.006851 	39.204590 	120.104118 	
45.891174 	55.542778 	53.600372 	54.424259 	80.280754 	20.099751 	10.630146 	49.040798 	58.872746 	59.933296 	29.068884 	41.048752 	58.309521 	45.044422 	82.079231 	39.812057 	54.625999 	22.825424 	71.867935 	59.059292 	5.099020 	63.631752 	73.824112 	31.622776 	44.407207 	21.260292 	55.072678 	999.000000 	65.299309 	52.478565 	25.612497 	74.242844 	78.032043 	44.204071 	8.246211 	48.166378 	20.248457 	55.317268 	27.018513 	69.634758 	27.784887 	66.603302 	28.653097 	20.396078 	19.104973 	24.698177 	66.528191 	
24.698177 	17.464249 	18.027756 	111.758667 	22.825424 	78.102493 	62.201286 	17.691807 	9.486833 	118.793938 	65.000000 	36.235340 	24.000000 	30.870699 	138.408813 	25.553865 	11.313708 	85.211502 	9.848858 	118.827606 	61.400326 	123.794182 	132.943604 	34.176014 	106.826965 	85.440041 	10.440307 	65.299309 	999.000000 	13.341664 	40.496914 	8.944272 	137.887634 	23.194826 	73.348480 	111.606453 	48.764740 	118.406082 	41.976185 	10.049875 	44.407207 	129.630249 	44.283180 	85.088188 	83.384651 	49.497475 	129.807556 	
18.000000 	16.643316 	15.652476 	100.895988 	33.955853 	66.468040 	50.249378 	10.049875 	11.661903 	107.712578 	55.470715 	29.274563 	24.698177 	25.000000 	128.003906 	13.453624 	7.071068 	73.109505 	22.022715 	107.563934 	48.826221 	112.485558 	121.918007 	21.023796 	94.921021 	73.006851 	3.000000 	52.478565 	13.341664 	999.000000 	27.313000 	22.135944 	126.732002 	10.000000 	60.415230 	99.488693 	35.440090 	106.404884 	28.635643 	17.691807 	31.144823 	117.686020 	31.064449 	72.013885 	70.263786 	36.221542 	117.796432 	
25.961510 	34.132095 	32.140316 	77.524193 	58.077534 	42.190044 	25.942244 	26.019224 	35.355339 	83.761566 	38.013157 	27.658634 	39.293766 	28.653097 	105.190300 	16.031219 	30.594116 	47.507893 	48.052055 	83.234612 	22.671568 	88.005684 	97.908119 	6.324555 	69.426216 	46.690472 	30.083218 	25.612497 	40.496914 	27.313000 	999.000000 	49.396355 	102.415817 	18.601076 	33.286633 	73.539108 	9.055386 	80.622574 	5.830952 	44.102154 	10.000000 	91.934761 	10.816654 	44.721359 	42.953465 	13.038404 	91.923882 	
32.649654 	24.186773 	25.238859 	120.208153 	19.209373 	86.833176 	71.028160 	26.248810 	17.029387 	127.310646 	73.109505 	43.829212 	29.120440 	38.275318 	146.659470 	34.481880 	20.000000 	94.047859 	8.062258 	127.404869 	70.327805 	132.382019 	141.428421 	43.081318 	115.602768 	94.339813 	19.313208 	74.242844 	8.944272 	22.135944 	49.396355 	999.000000 	146.413803 	31.780497 	82.292160 	120.432556 	57.567352 	127.200630 	50.695168 	10.816654 	52.952808 	138.405197 	52.773098 	94.021271 	92.309265 	58.051701 	138.600143 	
114.021927 	123.434196 	121.918007 	26.400757 	146.013702 	60.440052 	76.837494 	120.216469 	129.495178 	19.104973 	74.202423 	103.855667 	122.200653 	109.480591 	12.727922 	113.278419 	126.574089 	55.226807 	141.767410 	19.209373 	79.881165 	14.422205 	5.385165 	107.615051 	34.014702 	57.245087 	128.763351 	78.032043 	137.887634 	126.732002 	102.415817 	146.413803 	999.000000 	120.253899 	72.449982 	32.015621 	98.270035 	25.317978 	104.847511 	144.422989 	105.815880 	17.464249 	106.677086 	66.098412 	68.308128 	102.474388 	18.681541 	
20.591261 	23.600847 	22.022715 	94.868332 	43.737854 	59.816387 	43.416588 	14.866069 	20.880613 	101.400200 	51.546097 	29.614185 	31.144823 	26.925823 	122.331520 	10.049875 	15.811388 	65.764732 	32.015621 	101.044548 	41.036568 	105.891457 	115.602768 	12.727922 	87.692642 	65.192024 	13.000000 	44.204071 	23.194826 	10.000000 	18.601076 	31.780497 	120.253899 	999.000000 	51.865211 	91.967384 	26.000000 	99.005051 	18.973665 	25.553865 	21.213203 	110.317726 	21.095022 	63.134777 	61.294373 	26.305893 	110.344917 	
54.129475 	63.788715 	61.846584 	50.219517 	88.526833 	18.973665 	16.763054 	57.245087 	67.067131 	55.027267 	33.600594 	49.000000 	66.483078 	53.150730 	77.491936 	47.927029 	62.769421 	18.248287 	80.056229 	53.851646 	13.038404 	58.180752 	68.541962 	39.446167 	38.470768 	15.231546 	63.063461 	8.246211 	73.348480 	60.415230 	33.286633 	82.292160 	72.449982 	51.865211 	999.000000 	41.617306 	26.870058 	48.826221 	33.970577 	77.388626 	34.058773 	60.000000 	34.828148 	12.165525 	11.000000 	30.232433 	59.816387 	
89.185204 	98.979797 	97.247108 	19.849434 	122.983742 	34.000000 	49.406479 	94.302704 	104.009613 	18.973665 	52.886673 	80.529495 	99.317673 	85.866173 	40.012497 	86.214851 	100.439034 	26.400757 	116.811813 	16.492422 	50.931328 	19.000000 	29.154760 	79.246452 	6.000000 	26.907248 	101.828285 	48.166378 	111.606453 	99.488693 	73.539108 	120.432556 	32.015621 	91.967384 	41.617306 	999.000000 	68.249542 	7.211102 	75.166481 	117.034180 	75.604233 	18.439089 	76.400261 	34.176014 	36.400551 	71.847061 	18.384777 	
34.928497 	43.185646 	41.194660 	74.323616 	67.029846 	39.217342 	24.186773 	35.000000 	44.181442 	80.062477 	39.812057 	35.510563 	48.270073 	37.161808 	102.044106 	25.000000 	39.319206 	43.046486 	56.718605 	79.259071 	18.973665 	83.862984 	94.021271 	15.033297 	64.637451 	41.400482 	38.327538 	20.248457 	48.764740 	35.440090 	9.055386 	57.567352 	98.270035 	26.000000 	26.870058 	68.249542 	999.000000 	75.432091 	7.211102 	51.429562 	7.615773 	86.683334 	8.544003 	37.443291 	35.510563 	6.324555 	86.556343 	
95.718338 	105.475113 	103.773796 	19.235384 	129.294235 	40.496914 	56.222771 	101.019798 	110.679718 	15.620500 	58.523499 	86.769814 	105.546196 	92.179176 	34.365681 	93.085983 	107.200745 	33.301651 	123.422043 	12.806249 	57.982758 	13.601471 	23.021729 	86.278618 	11.661903 	34.058773 	108.706024 	55.317268 	118.406082 	106.404884 	80.622574 	127.200630 	25.317978 	99.005051 	48.826221 	7.211102 	75.432091 	999.000000 	82.328613 	123.987900 	82.800964 	11.313708 	83.600243 	41.231056 	43.462627 	79.056938 	11.401754 	
30.463093 	37.854988 	35.902645 	80.498444 	61.032780 	45.188496 	29.410883 	29.274563 	38.000000 	86.452301 	43.046486 	33.241539 	43.657761 	33.837849 	108.226616 	19.416489 	33.015148 	49.648766 	50.249378 	85.755463 	25.059929 	90.426765 	100.498756 	9.486833 	71.400284 	48.270073 	31.575306 	27.018513 	41.976185 	28.635643 	5.830952 	50.695168 	104.847511 	18.973665 	33.970577 	75.166481 	7.211102 	82.328613 	999.000000 	44.283180 	4.242640 	93.605553 	5.000000 	44.654228 	42.720020 	8.246211 	93.509361 	
33.241539 	27.166155 	27.459061 	118.562218 	29.698484 	84.148682 	67.896980 	25.495098 	19.104973 	125.399361 	72.718636 	44.944408 	34.014702 	39.849716 	145.602203 	31.144823 	19.313208 	90.686272 	17.204651 	125.255737 	66.219330 	130.176804 	139.603012 	38.013157 	112.538879 	90.426765 	15.811388 	69.634758 	10.049875 	17.691807 	44.102154 	10.816654 	144.422989 	25.553865 	77.388626 	117.034180 	51.429562 	123.987900 	44.283180 	999.000000 	45.880280 	135.281189 	45.541191 	88.684837 	86.833176 	50.921509 	135.369858 	
34.438351 	41.484936 	39.560081 	81.939003 	64.195015 	46.818798 	31.575306 	32.756680 	41.109608 	87.658424 	46.270943 	37.483330 	47.539455 	38.013157 	109.658562 	23.086792 	36.055511 	50.606323 	53.037724 	86.833176 	26.570660 	91.416626 	101.597244 	13.416408 	72.111023 	48.826221 	34.132095 	27.784887 	44.407207 	31.144823 	10.000000 	52.952808 	105.815880 	21.213203 	34.058773 	75.604233 	7.615773 	82.800964 	4.242640 	45.880280 	999.000000 	94.021271 	1.000000 	44.045429 	42.011902 	5.099020 	93.861603 	
106.780151 	116.503220 	114.825958 	25.019993 	140.160629 	51.613953 	67.475922 	112.200714 	121.827744 	18.439089 	68.942001 	97.616600 	116.361504 	103.077644 	29.068884 	104.350372 	118.406082 	44.598206 	134.525085 	16.124516 	69.296463 	13.000000 	17.492855 	97.590981 	22.803509 	45.343136 	119.970833 	66.603302 	129.630249 	117.686020 	91.934761 	138.405197 	17.464249 	110.317726 	60.000000 	18.439089 	86.683334 	11.313708 	93.605553 	135.281189 	94.021271 	999.000000 	94.810333 	51.884487 	54.120235 	90.210861 	1.414214 	
34.885529 	41.761227 	39.849716 	82.855293 	64.280632 	47.759815 	32.557640 	32.984844 	41.194660 	88.549423 	47.265209 	38.183765 	47.927029 	38.600517 	110.571243 	23.409399 	36.124783 	51.478149 	53.009434 	87.709747 	27.513634 	92.282173 	102.474388 	13.892444 	72.945183 	49.648766 	34.058773 	28.653097 	44.283180 	31.064449 	10.816654 	52.773098 	106.677086 	21.095022 	34.828148 	76.400261 	8.544003 	83.600243 	5.000000 	45.541191 	1.000000 	94.810333 	999.000000 	44.687805 	42.638012 	5.385165 	94.641426 	
66.287254 	75.927597 	73.979729 	47.010635 	100.662804 	24.083189 	28.160255 	69.260376 	79.056938 	50.358715 	42.953465 	61.032780 	78.638412 	65.276337 	72.835434 	59.808025 	74.672615 	18.357559 	92.027168 	48.662102 	25.179358 	52.392746 	62.817196 	50.990196 	32.557640 	13.416408 	74.732857 	20.396078 	85.088188 	72.013885 	44.721359 	94.021271 	66.098412 	63.134777 	12.165525 	34.176014 	37.443291 	41.231056 	44.654228 	88.684837 	44.045429 	51.884487 	44.687805 	999.000000 	2.236068 	39.623226 	51.478149 	
64.938431 	74.525162 	72.567207 	49.000000 	99.247169 	24.758837 	27.459061 	67.720009 	77.491936 	52.469040 	42.941822 	60.000000 	77.414467 	64.124878 	74.966660 	58.189346 	73.054771 	19.697716 	90.443352 	50.803543 	24.020824 	54.571056 	65.000000 	49.244289 	34.713108 	14.866069 	73.006851 	19.104973 	83.384651 	70.263786 	42.953465 	92.309265 	68.308128 	61.294373 	11.000000 	36.400551 	35.510563 	43.462627 	42.720020 	86.833176 	42.011902 	54.120235 	42.638012 	2.236068 	999.000000 	37.536648 	53.712196 	
38.626415 	46.097721 	44.147480 	79.120163 	69.115845 	44.384682 	30.016663 	37.483330 	46.043457 	84.581322 	46.097721 	40.607880 	51.865211 	41.677334 	106.775467 	27.658634 	41.012192 	47.423622 	58.077534 	83.630135 	24.331051 	88.119240 	98.386993 	17.720045 	68.600288 	45.276924 	39.204590 	24.698177 	49.497475 	36.221542 	13.038404 	58.051701 	102.474388 	26.305893 	30.232433 	71.847061 	6.324555 	79.056938 	8.246211 	50.921509 	5.099020 	90.210861 	5.385165 	39.623226 	37.536648 	999.000000 	90.000000 	
107.070068 	116.811813 	115.121674 	26.076809 	140.545364 	51.865211 	67.623962 	112.414413 	122.065559 	19.646883 	69.462219 	98.005104 	116.764717 	103.445641 	30.413813 	104.484451 	118.600166 	44.687805 	134.792435 	17.262676 	69.310890 	14.317822 	18.867962 	97.621719 	23.021729 	45.276924 	120.104118 	66.528191 	129.807556 	117.796432 	91.923882 	138.600143 	18.681541 	110.344917 	59.816387 	18.384777 	86.556343 	11.401754 	93.509361 	135.369858 	93.861603 	1.414214 	94.641426 	51.478149 	53.712196 	90.000000 	999.000000 	

Travel time:
9.000000 	0.246221 	0.201556 	2.193171 	0.862047 	1.380670 	1.007782 	0.201556 	0.390512 	2.373025 	1.011496 	0.292617 	0.333542 	0.175000 	2.850548 	0.301040 	0.348210 	1.576586 	0.695072 	2.378287 	1.030776 	2.503123 	2.724427 	0.525595 	2.101488 	1.601952 	0.456207 	1.147279 	0.617454 	0.450000 	0.649038 	0.816241 	2.850548 	0.514782 	1.353237 	2.229630 	0.873212 	2.392958 	0.761577 	0.831038 	0.860959 	2.669504 	0.872138 	1.657181 	1.623461 	0.965660 	2.676752 	
0.246221 	9.000000 	0.050000 	2.427061 	0.618466 	1.625000 	1.253994 	0.223607 	0.201556 	2.608759 	1.237437 	0.496236 	0.201556 	0.355317 	3.076727 	0.460977 	0.246221 	1.822430 	0.459619 	2.615937 	1.274019 	2.740894 	2.958568 	0.711073 	2.345341 	1.848141 	0.380789 	1.388569 	0.436606 	0.416083 	0.853302 	0.604669 	3.085855 	0.590021 	1.594718 	2.474495 	1.079641 	2.636878 	0.946375 	0.679154 	1.037123 	2.912580 	1.044031 	1.898190 	1.863129 	1.152443 	2.920295 	
0.201556 	0.050000 	9.000000 	2.389691 	0.667083 	1.582127 	1.208305 	0.180278 	0.213600 	2.570627 	1.202601 	0.465027 	0.230489 	0.325960 	3.042408 	0.412311 	0.230489 	1.777991 	0.496236 	2.576941 	1.226020 	2.701851 	2.921151 	0.661910 	2.302851 	1.802255 	0.364006 	1.340009 	0.450694 	0.391312 	0.803508 	0.630971 	3.047950 	0.550568 	1.546165 	2.431178 	1.029866 	2.594345 	0.897566 	0.686477 	0.989002 	2.870649 	0.996243 	1.849493 	1.814180 	1.103687 	2.878042 	
2.193171 	2.427061 	2.389691 	9.000000 	2.990506 	0.883883 	1.290591 	2.351728 	2.581182 	0.190394 	1.195042 	1.936653 	2.395047 	2.077408 	0.693271 	2.186464 	2.511225 	0.800391 	2.885849 	0.226385 	1.386542 	0.340037 	0.531507 	2.059430 	0.413824 	0.883883 	2.570627 	1.360606 	2.793967 	2.522400 	1.938105 	3.005204 	0.660019 	2.371708 	1.255488 	0.496236 	1.858090 	0.480885 	2.012461 	2.964056 	2.048475 	0.625500 	2.071382 	1.175266 	1.225000 	1.978004 	0.651920 	
0.862047 	0.618466 	0.667083 	2.990506 	9.000000 	2.225000 	1.866815 	0.801561 	0.577170 	3.176574 	1.796177 	1.063602 	0.596343 	0.928036 	3.614727 	1.051190 	0.704006 	2.429249 	0.325960 	3.189534 	1.892254 	3.314363 	3.520032 	1.300240 	2.941195 	2.460818 	0.776209 	2.007019 	0.570636 	0.848896 	1.451938 	0.480234 	3.650342 	1.093446 	2.213171 	3.074594 	1.675746 	3.232356 	1.525820 	0.742462 	1.604875 	3.504016 	1.607016 	2.516570 	2.481179 	1.727896 	3.513634 	
1.380670 	1.625000 	1.582127 	0.883883 	2.225000 	9.000000 	0.410031 	1.515132 	1.755349 	1.040433 	0.527376 	1.165386 	1.634778 	1.297353 	1.576586 	1.325943 	1.671077 	0.225000 	2.073192 	1.030776 	0.506211 	1.152443 	1.395081 	1.180042 	0.721110 	0.316228 	1.715554 	0.502494 	1.952562 	1.661701 	1.054751 	2.170829 	1.511001 	1.495410 	0.474342 	0.850000 	0.980434 	1.012423 	1.129712 	2.103717 	1.170470 	1.290349 	1.193995 	0.602080 	0.618971 	1.109617 	1.296630 	
1.007782 	1.253994 	1.208305 	1.290591 	1.866815 	0.410031 	9.000000 	1.123610 	1.367708 	1.450216 	0.465027 	0.834416 	1.291559 	0.951972 	1.981477 	0.921954 	1.275980 	0.575543 	1.690044 	1.440703 	0.167705 	1.562050 	1.805028 	0.770146 	1.117195 	0.594243 	1.312441 	0.265754 	1.555032 	1.256234 	0.648556 	1.775704 	1.920937 	1.085415 	0.419076 	1.235162 	0.604669 	1.405569 	0.735272 	1.697425 	0.789383 	1.686898 	0.813941 	0.704006 	0.686477 	0.750417 	1.690599 	
0.201556 	0.223607 	0.180278 	2.351728 	0.801561 	1.515132 	1.123610 	9.000000 	0.246221 	2.527969 	1.185854 	0.491172 	0.406971 	0.375832 	3.018485 	0.250000 	0.160078 	1.698897 	0.571183 	2.529452 	1.119431 	2.653771 	2.881514 	0.500625 	2.235090 	1.711907 	0.254951 	1.226020 	0.442295 	0.251247 	0.650481 	0.656220 	3.005412 	0.371652 	1.431127 	2.357568 	0.875000 	2.525495 	0.731864 	0.637377 	0.818917 	2.805018 	0.824621 	1.731509 	1.693000 	0.937083 	2.810360 	
0.390512 	0.201556 	0.213600 	2.581182 	0.577170 	1.755349 	1.367708 	0.246221 	9.000000 	2.759756 	1.402007 	0.673146 	0.382426 	0.536773 	3.240852 	0.485412 	0.127475 	1.942453 	0.325000 	2.763377 	1.365650 	2.888014 	3.112073 	0.728869 	2.476136 	1.957358 	0.230489 	1.471819 	0.237171 	0.291548 	0.883883 	0.425735 	3.237380 	0.522015 	1.676678 	2.600240 	1.104536 	2.766993 	0.950000 	0.477624 	1.027740 	3.045694 	1.029866 	1.976424 	1.937298 	1.151086 	3.051639 	
2.373025 	2.608759 	2.570627 	0.190394 	3.176574 	1.040433 	1.450216 	2.527969 	2.759756 	9.000000 	1.380444 	2.120289 	2.580698 	2.260669 	0.564026 	2.356507 	2.687006 	0.929045 	3.066859 	0.070711 	1.535008 	0.152069 	0.355317 	2.220360 	0.450000 	0.996243 	2.742832 	1.498332 	2.969848 	2.692814 	2.094039 	3.182766 	0.477624 	2.535005 	1.375682 	0.474342 	2.001562 	0.390512 	2.161308 	3.134984 	2.191461 	0.460977 	2.213736 	1.258968 	1.311726 	2.114533 	0.491172 	
1.011496 	1.237437 	1.202601 	1.195042 	1.796177 	0.527376 	0.465027 	1.185854 	1.402007 	1.380444 	9.000000 	0.743303 	1.200260 	0.884590 	1.839837 	1.063602 	1.345595 	0.751665 	1.697056 	1.393960 	0.630971 	1.518634 	1.725724 	1.015197 	1.178187 	0.838525 	1.423464 	0.726722 	1.625000 	1.386768 	0.950329 	1.827738 	1.855061 	1.288652 	0.840015 	1.322167 	0.995301 	1.463087 	1.076162 	1.817966 	1.156774 	1.723550 	1.181630 	1.073837 	1.073546 	1.152443 	1.736555 	
0.292617 	0.496236 	0.465027 	1.936653 	1.063602 	1.165386 	0.834416 	0.491172 	0.673146 	2.120289 	0.743303 	9.000000 	0.469707 	0.141421 	2.581182 	0.491172 	0.640800 	1.375682 	0.955249 	2.130288 	0.900347 	2.255271 	2.467919 	0.625000 	1.878330 	1.418846 	0.745822 	1.026219 	0.905883 	0.731864 	0.691466 	1.095730 	2.596392 	0.740355 	1.225000 	2.013237 	0.887764 	2.169245 	0.831038 	1.123610 	0.937083 	2.440415 	0.954594 	1.525820 	1.500000 	1.015197 	2.450128 	
0.333542 	0.201556 	0.230489 	2.395047 	0.596343 	1.634778 	1.291559 	0.406971 	0.382426 	2.580698 	1.200260 	0.469707 	9.000000 	0.340037 	3.025413 	0.614919 	0.447214 	1.843400 	0.548293 	2.593261 	1.336507 	2.718111 	2.925107 	0.854400 	2.347871 	1.882153 	0.581485 	1.457738 	0.600000 	0.617454 	0.982344 	0.728011 	3.055016 	0.778621 	1.662077 	2.482942 	1.206752 	2.638655 	1.091444 	0.850368 	1.188486 	2.909038 	1.198176 	1.965960 	1.935362 	1.296630 	2.919118 	
0.175000 	0.355317 	0.325960 	2.077408 	0.928036 	1.297353 	0.951972 	0.375832 	0.536773 	2.260669 	0.884590 	0.141421 	0.340037 	9.000000 	2.722591 	0.437321 	0.515388 	1.504161 	0.813941 	2.270050 	1.002809 	2.395047 	2.608759 	0.620987 	2.013237 	1.542117 	0.629484 	1.126111 	0.771767 	0.625000 	0.716327 	0.956883 	2.737015 	0.673146 	1.328768 	2.146654 	0.929045 	2.304479 	0.845946 	0.996243 	0.950329 	2.576941 	0.965013 	1.631908 	1.603122 	1.041933 	2.586141 	
2.850548 	3.076727 	3.042408 	0.693271 	3.614727 	1.576586 	1.981477 	3.018485 	3.240852 	0.564026 	1.839837 	2.581182 	3.025413 	2.722591 	9.000000 	2.865528 	3.178541 	1.486607 	3.536241 	0.604669 	2.079814 	0.525595 	0.292617 	2.748295 	1.007782 	1.559046 	3.245189 	2.051981 	3.460220 	3.200098 	2.629757 	3.666487 	0.318198 	3.058288 	1.937298 	1.000312 	2.551103 	0.859142 	2.705665 	3.640055 	2.741464 	0.726722 	2.764281 	1.820886 	1.874166 	2.669387 	0.760345 	
0.301040 	0.460977 	0.412311 	2.186464 	1.051190 	1.325943 	0.921954 	0.250000 	0.485412 	2.356507 	1.063602 	0.491172 	0.614919 	0.437321 	2.865528 	9.000000 	0.371652 	1.495410 	0.807001 	2.352791 	0.896172 	2.475884 	2.711665 	0.251247 	2.039148 	1.497707 	0.390512 	0.995301 	0.638847 	0.336341 	0.400780 	0.862047 	2.831960 	0.251247 	1.198176 	2.155371 	0.625000 	2.327150 	0.485412 	0.778621 	0.577170 	2.608759 	0.585235 	1.495201 	1.454734 	0.691466 	2.612111 	
0.348210 	0.246221 	0.230489 	2.511225 	0.704006 	1.671077 	1.275980 	0.160078 	0.127475 	2.687006 	1.345595 	0.640800 	0.447214 	0.515388 	3.178541 	0.371652 	9.000000 	1.851520 	0.436606 	2.687936 	1.263428 	2.812139 	3.040765 	0.608276 	2.390084 	1.860779 	0.134629 	1.365650 	0.282843 	0.176777 	0.764853 	0.500000 	3.164352 	0.395285 	1.569236 	2.510976 	0.982980 	2.680019 	0.825379 	0.482830 	0.901388 	2.960152 	0.903120 	1.866815 	1.826369 	1.025305 	2.965004 	
1.576586 	1.822430 	1.777991 	0.800391 	2.429249 	0.225000 	0.575543 	1.698897 	1.942453 	0.929045 	0.751665 	1.375682 	1.843400 	1.504161 	1.486607 	1.495410 	1.851520 	9.000000 	2.263846 	0.905883 	0.620987 	1.020416 	1.275000 	1.325943 	0.548293 	0.125000 	1.885802 	0.570636 	2.130288 	1.827738 	1.187697 	2.351197 	1.380670 	1.644118 	0.456207 	0.660019 	1.076162 	0.832541 	1.241219 	2.267157 	1.265158 	1.114955 	1.286954 	0.458939 	0.492443 	1.185591 	1.117195 	
0.695072 	0.459619 	0.496236 	2.885849 	0.325960 	2.073192 	1.690044 	0.571183 	0.325000 	3.066859 	1.697056 	0.955249 	0.548293 	0.813941 	3.536241 	0.807001 	0.436606 	2.263846 	9.000000 	3.072967 	1.690599 	3.197851 	3.417327 	1.044330 	2.794302 	2.281036 	0.475657 	1.796698 	0.246221 	0.550568 	1.201301 	0.201556 	3.544185 	0.800391 	2.001406 	2.920295 	1.417965 	3.085551 	1.256234 	0.430116 	1.325943 	3.363127 	1.325236 	2.300679 	2.261084 	1.451938 	3.369811 	
2.378287 	2.615937 	2.576941 	0.226385 	3.189534 	1.030776 	1.440703 	2.529452 	2.763377 	0.070711 	1.393960 	2.130288 	2.593261 	2.270050 	0.604669 	2.352791 	2.687936 	0.905883 	3.072967 	9.000000 	1.518634 	0.125000 	0.369121 	2.210204 	0.403113 	0.965660 	2.740552 	1.476482 	2.970690 	2.689098 	2.080865 	3.185122 	0.480234 	2.526114 	1.346291 	0.412311 	1.981477 	0.320156 	2.143887 	3.131393 	2.170829 	0.403113 	2.192744 	1.216552 	1.270089 	2.090753 	0.431567 	
1.030776 	1.274019 	1.226020 	1.386542 	1.892254 	0.506211 	0.167705 	1.119431 	1.365650 	1.535008 	0.630971 	0.900347 	1.336507 	1.002809 	2.079814 	0.896172 	1.263428 	0.620987 	1.690599 	1.518634 	9.000000 	1.636498 	1.886796 	0.707990 	1.168867 	0.605186 	1.282819 	0.127475 	1.535008 	1.220656 	0.566789 	1.758195 	1.997029 	1.025914 	0.325960 	1.273283 	0.474342 	1.449569 	0.626498 	1.655483 	0.664266 	1.732412 	0.687841 	0.629484 	0.600521 	0.608276 	1.732772 	
2.503123 	2.740894 	2.701851 	0.340037 	3.314363 	1.152443 	1.562050 	2.653771 	2.888014 	0.152069 	1.518634 	2.255271 	2.718111 	2.395047 	0.525595 	2.475884 	2.812139 	1.020416 	3.197851 	0.125000 	1.636498 	9.000000 	0.261008 	2.330906 	0.498121 	1.073837 	2.864001 	1.590794 	3.094855 	2.812139 	2.200142 	3.309551 	0.360555 	2.647286 	1.454519 	0.475000 	2.096575 	0.340037 	2.260669 	3.254420 	2.285416 	0.325000 	2.307054 	1.309819 	1.364276 	2.202981 	0.357946 	
2.724427 	2.958568 	2.921151 	0.531507 	3.520032 	1.395081 	1.805028 	2.881514 	3.112073 	0.355317 	1.725724 	2.467919 	2.925107 	2.608759 	0.292617 	2.711665 	3.040765 	1.275000 	3.417327 	0.369121 	1.886796 	0.261008 	9.000000 	2.575121 	0.759111 	1.332760 	3.097681 	1.845603 	3.323590 	3.047950 	2.447703 	3.535711 	0.134629 	2.890069 	1.713549 	0.728869 	2.350532 	0.575543 	2.512469 	3.490075 	2.539931 	0.437321 	2.561860 	1.570430 	1.625000 	2.459675 	0.471699 	
0.525595 	0.711073 	0.661910 	2.059430 	1.300240 	1.180042 	0.770146 	0.500625 	0.728869 	2.220360 	1.015197 	0.625000 	0.854400 	0.620987 	2.748295 	0.251247 	0.608276 	1.325943 	1.044330 	2.210204 	0.707990 	2.330906 	2.575121 	9.000000 	1.874166 	1.312441 	0.594243 	0.790569 	0.854400 	0.525595 	0.158114 	1.077033 	2.690376 	0.318198 	0.986154 	1.981161 	0.375832 	2.156965 	0.237171 	0.950329 	0.335410 	2.439775 	0.347311 	1.274755 	1.231107 	0.443001 	2.440543 	
2.101488 	2.345341 	2.302851 	0.413824 	2.941195 	0.721110 	1.117195 	2.235090 	2.476136 	0.450000 	1.178187 	1.878330 	2.347871 	2.013237 	1.007782 	2.039148 	2.390084 	0.548293 	2.794302 	0.403113 	1.168867 	0.498121 	0.759111 	1.874166 	9.000000 	0.583095 	2.429635 	1.110180 	2.670674 	2.373025 	1.735655 	2.890069 	0.850368 	2.192316 	0.961769 	0.150000 	1.615936 	0.291548 	1.785007 	2.813472 	1.802776 	0.570088 	1.823630 	0.813941 	0.867828 	1.715007 	0.575543 	
1.601952 	1.848141 	1.802255 	0.883883 	2.460818 	0.316228 	0.594243 	1.711907 	1.957358 	0.996243 	0.838525 	1.418846 	1.882153 	1.542117 	1.559046 	1.497707 	1.860779 	0.125000 	2.281036 	0.965660 	0.605186 	1.073837 	1.332760 	1.312441 	0.583095 	9.000000 	1.886299 	0.531507 	2.136001 	1.825171 	1.167262 	2.358495 	1.431127 	1.629801 	0.380789 	0.672681 	1.035012 	0.851469 	1.206752 	2.260669 	1.220656 	1.133578 	1.241219 	0.335410 	0.371652 	1.131923 	1.131923 	
0.456207 	0.380789 	0.364006 	2.570627 	0.776209 	1.715554 	1.312441 	0.254951 	0.230489 	2.742832 	1.423464 	0.745822 	0.581485 	0.629484 	3.245189 	0.390512 	0.134629 	1.885802 	0.475657 	2.740552 	1.282819 	2.864001 	3.097681 	0.594243 	2.429635 	1.886299 	9.000000 	1.376817 	0.261008 	0.075000 	0.752080 	0.482830 	3.219084 	0.325000 	1.576586 	2.545707 	0.958188 	2.717651 	0.789383 	0.395285 	0.853302 	2.999271 	0.851469 	1.868321 	1.825171 	0.980115 	3.002603 	
1.147279 	1.388569 	1.340009 	1.360606 	2.007019 	0.502494 	0.265754 	1.226020 	1.471819 	1.498332 	0.726722 	1.026219 	1.457738 	1.126111 	2.051981 	0.995301 	1.365650 	0.570636 	1.796698 	1.476482 	0.127475 	1.590794 	1.845603 	0.790569 	1.110180 	0.531507 	1.376817 	9.000000 	1.632483 	1.311964 	0.640312 	1.856071 	1.950801 	1.105102 	0.206155 	1.204159 	0.506211 	1.382932 	0.675463 	1.740869 	0.694622 	1.665083 	0.716327 	0.509902 	0.477624 	0.617454 	1.663205 	
0.617454 	0.436606 	0.450694 	2.793967 	0.570636 	1.952562 	1.555032 	0.442295 	0.237171 	2.969848 	1.625000 	0.905883 	0.600000 	0.771767 	3.460220 	0.638847 	0.282843 	2.130288 	0.246221 	2.970690 	1.535008 	3.094855 	3.323590 	0.854400 	2.670674 	2.136001 	0.261008 	1.632483 	9.000000 	0.333542 	1.012423 	0.223607 	3.447191 	0.579871 	1.833712 	2.790161 	1.219118 	2.960152 	1.049405 	0.251247 	1.110180 	3.240756 	1.107080 	2.127205 	2.084616 	1.237437 	3.245189 	
0.450000 	0.416083 	0.391312 	2.522400 	0.848896 	1.661701 	1.256234 	0.251247 	0.291548 	2.692814 	1.386768 	0.731864 	0.617454 	0.625000 	3.200098 	0.336341 	0.176777 	1.827738 	0.550568 	2.689098 	1.220656 	2.812139 	3.047950 	0.525595 	2.373025 	1.825171 	0.075000 	1.311964 	0.333542 	9.000000 	0.682825 	0.553399 	3.168300 	0.250000 	1.510381 	2.487217 	0.886002 	2.660122 	0.715891 	0.442295 	0.778621 	2.942151 	0.776611 	1.800347 	1.756595 	0.905539 	2.944911 	
0.649038 	0.853302 	0.803508 	1.938105 	1.451938 	1.054751 	0.648556 	0.650481 	0.883883 	2.094039 	0.950329 	0.691466 	0.982344 	0.716327 	2.629757 	0.400780 	0.764853 	1.187697 	1.201301 	2.080865 	0.566789 	2.200142 	2.447703 	0.158114 	1.735655 	1.167262 	0.752080 	0.640312 	1.012423 	0.682825 	9.000000 	1.234909 	2.560395 	0.465027 	0.832166 	1.838478 	0.226385 	2.015564 	0.145774 	1.102554 	0.250000 	2.298369 	0.270416 	1.118034 	1.073837 	0.325960 	2.298097 	
0.816241 	0.604669 	0.630971 	3.005204 	0.480234 	2.170829 	1.775704 	0.656220 	0.425735 	3.182766 	1.827738 	1.095730 	0.728011 	0.956883 	3.666487 	0.862047 	0.500000 	2.351197 	0.201556 	3.185122 	1.758195 	3.309551 	3.535711 	1.077033 	2.890069 	2.358495 	0.482830 	1.856071 	0.223607 	0.553399 	1.234909 	9.000000 	3.660345 	0.794512 	2.057304 	3.010814 	1.439184 	3.180016 	1.267379 	0.270416 	1.323820 	3.460130 	1.319327 	2.350532 	2.307732 	1.451293 	3.465003 	
