Total assets = 616
Number of asset nodes = 33

Distance:
999.000000 	26.400757 	13.601471 	12.806249 	12.041595 	11.180340 	80.721741 	96.260063 	34.481880 	14.866069 	87.965904 	64.007812 	106.887794 	14.866069 	21.023796 	56.859474 	34.713108 	88.238312 	36.221542 	93.236259 	101.980392 	21.213203 	77.524193 	58.189346 	25.000000 	41.109608 	31.906113 	24.331051 	24.698177 	39.824615 	107.056061 	24.738634 	49.254440 	82.764725 	33.105892 	89.185204 	30.000000 	40.311287 	34.205261 	100.169853 	34.828148 	61.400326 	60.207973 	37.735924 	100.498756 	
26.400757 	999.000000 	39.824615 	38.948685 	37.735924 	35.805027 	56.080299 	72.670486 	9.055386 	38.288380 	62.968246 	37.735924 	83.234612 	31.400637 	44.598206 	30.463093 	60.464867 	62.936478 	13.892444 	67.896980 	77.155685 	27.513634 	51.312767 	32.015621 	46.754681 	18.788294 	55.901699 	44.821869 	24.186773 	64.536812 	82.036575 	39.357338 	25.709921 	56.435802 	25.709921 	62.968246 	29.000000 	62.481998 	32.140316 	74.060783 	33.136082 	37.215588 	36.496574 	32.015621 	74.330345 	
13.601471 	39.824615 	999.000000 	1.000000 	3.162278 	6.324555 	94.260277 	109.622078 	47.539455 	8.485281 	101.533249 	77.524193 	120.241425 	17.088007 	11.180340 	70.213959 	21.213203 	101.828285 	48.507732 	106.826965 	115.520561 	26.925823 	91.065910 	71.309189 	16.492422 	53.150730 	19.924858 	17.464249 	32.388271 	26.925823 	120.615089 	23.345236 	61.392181 	96.254868 	41.436699 	102.727798 	36.400551 	29.427877 	40.162170 	113.740936 	40.496914 	73.545906 	72.180328 	44.643028 	114.057007 	
12.806249 	38.948685 	1.000000 	999.000000 	2.236068 	5.385165 	93.509361 	108.931168 	46.615448 	7.810250 	100.767059 	76.661591 	119.553337 	16.155495 	11.045361 	69.318108 	21.931713 	101.044548 	47.539455 	106.042442 	114.769333 	25.961510 	90.210861 	70.384659 	16.278820 	52.172791 	20.248457 	17.088007 	31.400637 	27.459061 	119.854080 	22.627417 	60.415230 	95.383438 	40.447498 	101.872467 	35.440090 	29.614185 	39.217342 	112.898186 	39.560081 	72.567207 	71.196907 	43.680660 	113.207771 	
12.041595 	37.735924 	3.162278 	2.236068 	999.000000 	3.162278 	92.698433 	108.300507 	45.188496 	5.830952 	99.904953 	75.471848 	118.928551 	13.928389 	10.049875 	68.000000 	22.803509 	100.124924 	45.880280 	105.118980 	113.951744 	23.769728 	89.044930 	68.942001 	15.033297 	50.447994 	20.124611 	15.524175 	29.274563 	27.802877 	119.004204 	20.518284 	58.694122 	94.154129 	38.327538 	100.702530 	33.241539 	29.120440 	37.000000 	111.772087 	37.336308 	70.830788 	69.426216 	41.484936 	112.058022 	
11.180340 	35.805027 	6.324555 	5.385165 	3.162278 	999.000000 	91.219513 	107.056061 	42.941822 	4.000000 	98.351410 	73.498299 	117.686020 	10.770329 	9.848858 	65.863495 	24.698177 	98.493652 	43.324360 	103.479469 	112.449989 	20.615528 	87.091904 	66.640831 	14.142136 	47.801674 	20.808653 	14.035668 	26.172504 	29.000000 	117.456375 	17.804493 	56.044624 	92.114059 	35.227829 	98.737022 	30.083218 	29.154760 	33.837849 	109.859001 	34.176014 	68.154236 	66.708321 	38.327538 	110.113579 	
80.721741 	56.080299 	94.260277 	93.509361 	92.698433 	91.219513 	999.000000 	17.720045 	51.623638 	94.069122 	7.615773 	23.345236 	27.730848 	87.458565 	100.448990 	32.015621 	115.433968 	9.055386 	55.461697 	13.601471 	21.260292 	82.377182 	16.552946 	35.355339 	102.825096 	54.424259 	111.758667 	100.895988 	77.524193 	120.208153 	26.400757 	94.868332 	50.219517 	19.849434 	74.323616 	19.235384 	80.498444 	118.562218 	81.939003 	25.019993 	82.855293 	47.010635 	49.000000 	79.120163 	26.076809 	
96.260063 	72.670486 	109.622078 	108.931168 	108.300507 	107.056061 	17.720045 	999.000000 	68.883957 	110.113579 	14.142136 	41.000000 	10.630146 	104.043259 	116.516090 	49.729267 	130.831955 	16.492422 	73.006851 	15.264338 	11.401754 	99.478638 	32.062439 	52.952808 	119.201508 	72.111023 	127.781059 	117.413795 	94.826157 	136.029404 	16.031219 	111.830231 	67.911705 	32.984844 	91.923882 	28.635643 	97.989792 	135.000000 	99.538940 	26.907248 	100.463921 	64.124878 	66.189125 	96.798759 	28.319605 	
34.481880 	9.055386 	47.539455 	46.615448 	45.188496 	42.941822 	51.623638 	68.883957 	999.000000 	44.944408 	58.008621 	31.144823 	79.259071 	36.878178 	51.039200 	23.021729 	67.601776 	57.628117 	6.708204 	62.481998 	72.201111 	30.805843 	44.687805 	23.769728 	52.497620 	10.630146 	62.201286 	50.249378 	25.942244 	71.028160 	76.837494 	43.416588 	16.763054 	49.406479 	24.186773 	56.222771 	29.410883 	67.896980 	31.575306 	67.475922 	32.557640 	28.160255 	27.459061 	30.016663 	67.623962 	
14.866069 	38.288380 	8.485281 	7.810250 	5.830952 	4.000000 	94.069122 	110.113579 	44.944408 	999.000000 	101.118744 	75.802376 	120.739388 	10.000000 	6.403124 	67.955872 	22.847319 	101.178062 	44.777225 	106.150833 	115.260574 	20.024984 	89.403580 	68.476273 	10.198039 	49.040798 	17.691807 	10.049875 	26.019224 	26.248810 	120.216469 	14.866069 	57.245087 	94.302704 	35.000000 	101.019798 	29.274563 	25.495098 	32.756680 	112.200714 	32.984844 	69.260376 	67.720009 	37.483330 	112.414413 	
87.965904 	62.968246 	101.533249 	100.767059 	99.904953 	98.351410 	7.615773 	14.142136 	58.008621 	101.118744 	999.000000 	28.231188 	22.561028 	94.260277 	107.480232 	37.161808 	122.674362 	2.828427 	61.400326 	6.082763 	14.212670 	88.814415 	18.000000 	39.849716 	109.713264 	59.933296 	118.793938 	107.712578 	83.761566 	127.310646 	19.104973 	101.400200 	55.027267 	18.973665 	80.062477 	15.620500 	86.452301 	125.399361 	87.658424 	18.439089 	88.549423 	50.358715 	52.469040 	84.581322 	19.646883 	
64.007812 	37.735924 	77.524193 	76.661591 	75.471848 	73.498299 	23.345236 	41.000000 	31.144823 	75.802376 	28.231188 	999.000000 	50.596443 	68.014702 	82.006096 	8.944272 	98.183502 	27.294687 	33.600594 	31.906113 	42.059483 	61.619801 	13.601471 	12.041595 	83.630135 	31.764761 	93.236259 	81.394104 	56.222771 	102.004898 	46.324940 	74.330345 	26.925823 	18.788294 	51.971146 	25.238859 	58.523499 	99.035347 	59.539902 	36.400551 	60.415230 	24.515301 	26.305893 	56.364883 	36.619667 	
106.887794 	83.234612 	120.241425 	119.553337 	118.928551 	117.686020 	27.730848 	10.630146 	79.259071 	120.739388 	22.561028 	50.596443 	999.000000 	114.621117 	127.141655 	59.464275 	141.449631 	24.186773 	83.192551 	21.023796 	11.704700 	109.931801 	40.311287 	62.361847 	129.807556 	82.079231 	138.408813 	128.003906 	105.190300 	146.659470 	12.727922 	122.331520 	77.491936 	40.012497 	102.044106 	34.365681 	108.226616 	145.602203 	109.658562 	29.068884 	110.571243 	72.835434 	74.966660 	106.775467 	30.413813 	
14.866069 	31.400637 	17.088007 	16.155495 	13.928389 	10.770329 	87.458565 	104.043259 	36.878178 	10.000000 	94.260277 	68.014702 	114.621117 	999.000000 	14.866069 	59.816387 	32.280025 	94.111633 	35.846897 	99.035347 	108.466583 	10.049875 	81.565926 	59.908264 	15.620500 	39.812057 	25.553865 	13.453624 	16.031219 	34.481880 	113.278419 	10.049875 	47.927029 	86.214851 	25.000000 	93.085983 	19.416489 	31.144823 	23.086792 	104.350372 	23.409399 	59.808025 	58.189346 	27.658634 	104.484451 	
21.023796 	44.598206 	11.180340 	11.045361 	10.049875 	9.848858 	100.448990 	116.516090 	51.039200 	6.403124 	107.480232 	82.006096 	127.141655 	14.866069 	999.000000 	74.060783 	17.464249 	107.517441 	50.537113 	112.485558 	121.630585 	24.331051 	95.603348 	74.431175 	5.385165 	54.625999 	11.313708 	7.071068 	30.594116 	20.000000 	126.574089 	15.811388 	62.769421 	100.439034 	39.319206 	107.200745 	33.015148 	19.313208 	36.055511 	118.406082 	36.124783 	74.672615 	73.054771 	41.012192 	118.600166 	
56.859474 	30.463093 	70.213959 	69.318108 	68.000000 	65.863495 	32.015621 	49.729267 	23.021729 	67.955872 	37.161808 	8.944272 	59.464275 	59.816387 	74.060783 	999.000000 	90.553848 	36.235340 	24.839485 	40.816662 	51.000000 	53.037724 	21.931713 	5.000000 	75.432091 	22.825424 	85.211502 	73.109505 	47.507893 	94.047859 	55.226807 	65.764732 	18.248287 	26.400757 	43.046486 	33.301651 	49.648766 	90.686272 	50.606323 	44.598206 	51.478149 	18.357559 	19.697716 	47.423622 	44.687805 	
34.713108 	60.464867 	21.213203 	21.931713 	22.803509 	24.698177 	115.433968 	130.831955 	67.601776 	22.847319 	122.674362 	98.183502 	141.449631 	32.280025 	17.464249 	90.553848 	999.000000 	122.918671 	67.623962 	127.914032 	136.693085 	41.773197 	111.772087 	91.241440 	19.026299 	71.867935 	9.848858 	22.022715 	48.052055 	8.062258 	141.767410 	32.015621 	80.056229 	116.811813 	56.718605 	123.422043 	50.249378 	17.204651 	53.037724 	134.525085 	53.009434 	92.027168 	90.443352 	58.077534 	134.792435 	
88.238312 	62.936478 	101.828285 	101.044548 	100.124924 	98.493652 	9.055386 	16.492422 	57.628117 	101.178062 	2.828427 	27.294687 	24.186773 	94.111633 	107.517441 	36.235340 	122.918671 	999.000000 	60.745369 	5.000000 	14.764823 	88.408142 	16.124516 	38.626415 	109.622078 	59.059292 	118.827606 	107.563934 	83.234612 	127.404869 	19.209373 	101.044548 	53.851646 	16.492422 	79.259071 	12.806249 	85.755463 	125.255737 	86.833176 	16.124516 	87.709747 	48.662102 	50.803543 	83.630135 	17.262676 	
36.221542 	13.892444 	48.507732 	47.539455 	45.880280 	43.324360 	55.461697 	73.006851 	6.708204 	44.777225 	61.400326 	33.600594 	83.192551 	35.846897 	50.537113 	24.839485 	67.623962 	60.745369 	999.000000 	65.459915 	75.471848 	28.319605 	46.754681 	24.207438 	51.312767 	5.099020 	61.400326 	48.826221 	22.671568 	70.327805 	79.881165 	41.036568 	13.038404 	50.931328 	18.973665 	57.982758 	25.059929 	66.219330 	26.570660 	69.296463 	27.513634 	25.179358 	24.020824 	24.331051 	69.310890 	
93.236259 	67.896980 	106.826965 	106.042442 	105.118980 	103.479469 	13.601471 	15.264338 	62.481998 	106.150833 	6.082763 	31.906113 	21.023796 	99.035347 	112.485558 	40.816662 	127.914032 	5.000000 	65.459915 	999.000000 	10.440307 	93.236259 	19.924858 	42.953465 	114.560028 	63.631752 	123.794182 	112.485558 	88.005684 	132.382019 	14.422205 	105.891457 	58.180752 	19.000000 	83.862984 	13.601471 	90.426765 	130.176804 	91.416626 	13.000000 	92.282173 	52.392746 	54.571056 	88.119240 	14.317822 	
101.980392 	77.155685 	115.520561 	114.769333 	113.951744 	112.449989 	21.260292 	11.401754 	72.201111 	115.260574 	14.212670 	42.059483 	11.704700 	108.466583 	121.630585 	51.000000 	136.693085 	14.764823 	75.471848 	10.440307 	999.000000 	103.004852 	30.364452 	53.310413 	123.907227 	73.824112 	132.943604 	121.918007 	97.908119 	141.428421 	5.385165 	115.602768 	68.541962 	29.154760 	94.021271 	23.021729 	100.498756 	139.603012 	101.597244 	17.492855 	102.474388 	62.817196 	65.000000 	98.386993 	18.867962 	
21.213203 	27.513634 	26.925823 	25.961510 	23.769728 	20.615528 	82.377182 	99.478638 	30.805843 	20.024984 	88.814415 	61.619801 	109.931801 	10.049875 	24.331051 	53.037724 	41.773197 	88.408142 	28.319605 	93.236259 	103.004852 	999.000000 	74.966660 	52.497620 	23.769728 	31.622776 	34.176014 	21.023796 	6.324555 	43.081318 	107.615051 	12.727922 	39.446167 	79.246452 	15.033297 	86.278618 	9.486833 	38.013157 	13.416408 	97.590981 	13.892444 	50.990196 	49.244289 	17.720045 	97.621719 	
77.524193 	51.312767 	91.065910 	90.210861 	89.044930 	87.091904 	16.552946 	32.062439 	44.687805 	89.403580 	18.000000 	13.601471 	40.311287 	81.565926 	95.603348 	21.931713 	111.772087 	16.124516 	46.754681 	19.924858 	30.364452 	74.966660 	999.000000 	23.323807 	97.185387 	44.407207 	106.826965 	94.921021 	69.426216 	115.602768 	34.014702 	87.692642 	38.470768 	6.000000 	64.637451 	11.661903 	71.400284 	112.538879 	72.111023 	22.803509 	72.945183 	32.557640 	34.713108 	68.600288 	23.021729 	
58.189346 	32.015621 	71.309189 	70.384659 	68.942001 	66.640831 	35.355339 	52.952808 	23.769728 	68.476273 	39.849716 	12.041595 	62.361847 	59.908264 	74.431175 	5.000000 	91.241440 	38.626415 	24.207438 	42.953465 	53.310413 	52.497620 	23.323807 	999.000000 	75.451973 	21.260292 	85.440041 	73.006851 	46.690472 	94.339813 	57.245087 	65.192024 	15.231546 	26.907248 	41.400482 	34.058773 	48.270073 	90.426765 	48.826221 	45.343136 	49.648766 	13.416408 	14.866069 	45.276924 	45.276924 	
25.000000 	46.754681 	16.492422 	16.278820 	15.033297 	14.142136 	102.825096 	119.201508 	52.497620 	10.198039 	109.713264 	83.630135 	129.807556 	15.620500 	5.385165 	75.432091 	19.026299 	109.622078 	51.312767 	114.560028 	123.907227 	23.769728 	97.185387 	75.451973 	999.000000 	55.072678 	10.440307 	3.000000 	30.083218 	19.313208 	128.763351 	13.000000 	63.063461 	101.828285 	38.327538 	108.706024 	31.575306 	15.811388 	34.132095 	119.970833 	34.058773 	74.732857 	73.006851 	39.204590 	120.104118 	
41.109608 	18.788294 	53.150730 	52.172791 	50.447994 	47.801674 	54.424259 	72.111023 	10.630146 	49.040798 	59.933296 	31.764761 	82.079231 	39.812057 	54.625999 	22.825424 	71.867935 	59.059292 	5.099020 	63.631752 	73.824112 	31.622776 	44.407207 	21.260292 	55.072678 	999.000000 	65.299309 	52.478565 	25.612497 	74.242844 	78.032043 	44.204071 	8.246211 	48.166378 	20.248457 	55.317268 	27.018513 	69.634758 	27.784887 	66.603302 	28.653097 	20.396078 	19.104973 	24.698177 	66.528191 	
31.906113 	55.901699 	19.924858 	20.248457 	20.124611 	20.808653 	111.758667 	127.781059 	62.201286 	17.691807 	118.793938 	93.236259 	138.408813 	25.553865 	11.313708 	85.211502 	9.848858 	118.827606 	61.400326 	123.794182 	132.943604 	34.176014 	106.826965 	85.440041 	10.440307 	65.299309 	999.000000 	13.341664 	40.496914 	8.944272 	137.887634 	23.194826 	73.348480 	111.606453 	48.764740 	118.406082 	41.976185 	10.049875 	44.407207 	129.630249 	44.283180 	85.088188 	83.384651 	49.497475 	129.807556 	
24.331051 	44.821869 	17.464249 	17.088007 	15.524175 	14.035668 	100.895988 	117.413795 	50.249378 	10.049875 	107.712578 	81.394104 	128.003906 	13.453624 	7.071068 	73.109505 	22.022715 	107.563934 	48.826221 	112.485558 	121.918007 	21.023796 	94.921021 	73.006851 	3.000000 	52.478565 	13.341664 	999.000000 	27.313000 	22.135944 	126.732002 	10.000000 	60.415230 	99.488693 	35.440090 	106.404884 	28.635643 	17.691807 	31.144823 	117.686020 	31.064449 	72.013885 	70.263786 	36.221542 	117.796432 	
24.698177 	24.186773 	32.388271 	31.400637 	29.274563 	26.172504 	77.524193 	94.826157 	25.942244 	26.019224 	83.761566 	56.222771 	105.190300 	16.031219 	30.594116 	47.507893 	48.052055 	83.234612 	22.671568 	88.005684 	97.908119 	6.324555 	69.426216 	46.690472 	30.083218 	25.612497 	40.496914 	27.313000 	999.000000 	49.396355 	102.415817 	18.601076 	33.286633 	73.539108 	9.055386 	80.622574 	5.830952 	44.102154 	10.000000 	91.934761 	10.816654 	44.721359 	42.953465 	13.038404 	91.923882 	
39.824615 	64.536812 	26.925823 	27.459061 	27.802877 	29.000000 	120.208153 	136.029404 	71.028160 	26.248810 	127.310646 	102.004898 	146.659470 	34.481880 	20.000000 	94.047859 	8.062258 	127.404869 	70.327805 	132.382019 	141.428421 	43.081318 	115.602768 	94.339813 	19.313208 	74.242844 	8.944272 	22.135944 	49.396355 	999.000000 	146.413803 	31.780497 	82.292160 	120.432556 	57.567352 	127.200630 	50.695168 	10.816654 	52.952808 	138.405197 	52.773098 	94.021271 	92.309265 	58.051701 	138.600143 	
107.056061 	82.036575 	120.615089 	119.854080 	119.004204 	117.456375 	26.400757 	16.031219 	76.837494 	120.216469 	19.104973 	46.324940 	12.727922 	113.278419 	126.574089 	55.226807 	141.767410 	19.209373 	79.881165 	14.422205 	5.385165 	107.615051 	34.014702 	57.245087 	128.763351 	78.032043 	137.887634 	126.732002 	102.415817 	146.413803 	999.000000 	120.253899 	72.449982 	32.015621 	98.270035 	25.317978 	104.847511 	144.422989 	105.815880 	17.464249 	106.677086 	66.098412 	68.308128 	102.474388 	18.681541 	
24.738634 	39.357338 	23.345236 	22.627417 	20.518284 	17.804493 	94.868332 	111.830231 	43.416588 	14.866069 	101.400200 	74.330345 	122.331520 	10.049875 	15.811388 	65.764732 	32.015621 	101.044548 	41.036568 	105.891457 	115.602768 	12.727922 	87.692642 	65.192024 	13.000000 	44.204071 	23.194826 	10.000000 	18.601076 	31.780497 	120.253899 	999.000000 	51.865211 	91.967384 	26.000000 	99.005051 	18.973665 	25.553865 	21.213203 	110.317726 	21.095022 	63.134777 	61.294373 	26.305893 	110.344917 	
49.254440 	25.709921 	61.392181 	60.415230 	58.694122 	56.044624 	50.219517 	67.911705 	16.763054 	57.245087 	55.027267 	26.925823 	77.491936 	47.927029 	62.769421 	18.248287 	80.056229 	53.851646 	13.038404 	58.180752 	68.541962 	39.446167 	38.470768 	15.231546 	63.063461 	8.246211 	73.348480 	60.415230 	33.286633 	82.292160 	72.449982 	51.865211 	999.000000 	41.617306 	26.870058 	48.826221 	33.970577 	77.388626 	34.058773 	60.000000 	34.828148 	12.165525 	11.000000 	30.232433 	59.816387 	
82.764725 	56.435802 	96.254868 	95.383438 	94.154129 	92.114059 	19.849434 	32.984844 	49.406479 	94.302704 	18.973665 	18.788294 	40.012497 	86.214851 	100.439034 	26.400757 	116.811813 	16.492422 	50.931328 	19.000000 	29.154760 	79.246452 	6.000000 	26.907248 	101.828285 	48.166378 	111.606453 	99.488693 	73.539108 	120.432556 	32.015621 	91.967384 	41.617306 	999.000000 	68.249542 	7.211102 	75.166481 	117.034180 	75.604233 	18.439089 	76.400261 	34.176014 	36.400551 	71.847061 	18.384777 	
33.105892 	25.709921 	41.436699 	40.447498 	38.327538 	35.227829 	74.323616 	91.923882 	24.186773 	35.000000 	80.062477 	51.971146 	102.044106 	25.000000 	39.319206 	43.046486 	56.718605 	79.259071 	18.973665 	83.862984 	94.021271 	15.033297 	64.637451 	41.400482 	38.327538 	20.248457 	48.764740 	35.440090 	9.055386 	57.567352 	98.270035 	26.000000 	26.870058 	68.249542 	999.000000 	75.432091 	7.211102 	51.429562 	7.615773 	86.683334 	8.544003 	37.443291 	35.510563 	6.324555 	86.556343 	
89.185204 	62.968246 	102.727798 	101.872467 	100.702530 	98.737022 	19.235384 	28.635643 	56.222771 	101.019798 	15.620500 	25.238859 	34.365681 	93.085983 	107.200745 	33.301651 	123.422043 	12.806249 	57.982758 	13.601471 	23.021729 	86.278618 	11.661903 	34.058773 	108.706024 	55.317268 	118.406082 	106.404884 	80.622574 	127.200630 	25.317978 	99.005051 	48.826221 	7.211102 	75.432091 	999.000000 	82.328613 	123.987900 	82.800964 	11.313708 	83.600243 	41.231056 	43.462627 	79.056938 	11.401754 	
30.000000 	29.000000 	36.400551 	35.440090 	33.241539 	30.083218 	80.498444 	97.989792 	29.410883 	29.274563 	86.452301 	58.523499 	108.226616 	19.416489 	33.015148 	49.648766 	50.249378 	85.755463 	25.059929 	90.426765 	100.498756 	9.486833 	71.400284 	48.270073 	31.575306 	27.018513 	41.976185 	28.635643 	5.830952 	50.695168 	104.847511 	18.973665 	33.970577 	75.166481 	7.211102 	82.328613 	999.000000 	44.283180 	4.242640 	93.605553 	5.000000 	44.654228 	42.720020 	8.246211 	93.509361 	
40.311287 	62.481998 	29.427877 	29.614185 	29.120440 	29.154760 	118.562218 	135.000000 	67.896980 	25.495098 	125.399361 	99.035347 	145.602203 	31.144823 	19.313208 	90.686272 	17.204651 	125.255737 	66.219330 	130.176804 	139.603012 	38.013157 	112.538879 	90.426765 	15.811388 	69.634758 	10.049875 	17.691807 	44.102154 	10.816654 	144.422989 	25.553865 	77.388626 	117.034180 	51.429562 	123.987900 	44.283180 	999.000000 	45.880280 	135.281189 	45.541191 	88.684837 	86.833176 	50.921509 	135.369858 	
34.205261 	32.140316 	40.162170 	39.217342 	37.000000 	33.837849 	81.939003 	99.538940 	31.575306 	32.756680 	87.658424 	59.539902 	109.658562 	23.086792 	36.055511 	50.606323 	53.037724 	86.833176 	26.570660 	91.416626 	101.597244 	13.416408 	72.111023 	48.826221 	34.132095 	27.784887 	44.407207 	31.144823 	10.000000 	52.952808 	105.815880 	21.213203 	34.058773 	75.604233 	7.615773 	82.800964 	4.242640 	45.880280 	999.000000 	94.021271 	1.000000 	44.045429 	42.011902 	5.099020 	93.861603 	
100.169853 	74.060783 	113.740936 	112.898186 	111.772087 	109.859001 	25.019993 	26.907248 	67.475922 	112.200714 	18.439089 	36.400551 	29.068884 	104.350372 	118.406082 	44.598206 	134.525085 	16.124516 	69.296463 	13.000000 	17.492855 	97.590981 	22.803509 	45.343136 	119.970833 	66.603302 	129.630249 	117.686020 	91.934761 	138.405197 	17.464249 	110.317726 	60.000000 	18.439089 	86.683334 	11.313708 	93.605553 	135.281189 	94.021271 	999.000000 	94.810333 	51.884487 	54.120235 	90.210861 	1.414214 	
34.828148 	33.136082 	40.496914 	39.560081 	37.336308 	34.176014 	82.855293 	100.463921 	32.557640 	32.984844 	88.549423 	60.415230 	110.571243 	23.409399 	36.124783 	51.478149 	53.009434 	87.709747 	27.513634 	92.282173 	102.474388 	13.892444 	72.945183 	49.648766 	34.058773 	28.653097 	44.283180 	31.064449 	10.816654 	52.773098 	106.677086 	21.095022 	34.828148 	76.400261 	8.544003 	83.600243 	5.000000 	45.541191 	1.000000 	94.810333 	999.000000 	44.687805 	42.638012 	5.385165 	94.641426 	
61.400326 	37.215588 	73.545906 	72.567207 	70.830788 	68.154236 	47.010635 	64.124878 	28.160255 	69.260376 	50.358715 	24.515301 	72.835434 	59.808025 	74.672615 	18.357559 	92.027168 	48.662102 	25.179358 	52.392746 	62.817196 	50.990196 	32.557640 	13.416408 	74.732857 	20.396078 	85.088188 	72.013885 	44.721359 	94.021271 	66.098412 	63.134777 	12.165525 	34.176014 	37.443291 	41.231056 	44.654228 	88.684837 	44.045429 	51.884487 	44.687805 	999.000000 	2.236068 	39.623226 	51.478149 	
60.207973 	36.496574 	72.180328 	71.196907 	69.426216 	66.708321 	49.000000 	66.189125 	27.459061 	67.720009 	52.469040 	26.305893 	74.966660 	58.189346 	73.054771 	19.697716 	90.443352 	50.803543 	24.020824 	54.571056 	65.000000 	49.244289 	34.713108 	14.866069 	73.006851 	19.104973 	83.384651 	70.263786 	42.953465 	92.309265 	68.308128 	61.294373 	11.000000 	36.400551 	35.510563 	43.462627 	42.720020 	86.833176 	42.011902 	54.120235 	42.638012 	2.236068 	999.000000 	37.536648 	53.712196 	
37.735924 	32.015621 	44.643028 	43.680660 	41.484936 	38.327538 	79.120163 	96.798759 	30.016663 	37.483330 	84.581322 	56.364883 	106.775467 	27.658634 	41.012192 	47.423622 	58.077534 	83.630135 	24.331051 	88.119240 	98.386993 	17.720045 	68.600288 	45.276924 	39.204590 	24.698177 	49.497475 	36.221542 	13.038404 	58.051701 	102.474388 	26.305893 	30.232433 	71.847061 	6.324555 	79.056938 	8.246211 	50.921509 	5.099020 	90.210861 	5.385165 	39.623226 	37.536648 	999.000000 	90.000000 	
100.498756 	74.330345 	114.057007 	113.207771 	112.058022 	110.113579 	26.076809 	28.319605 	67.623962 	112.414413 	19.646883 	36.619667 	30.413813 	104.484451 	118.600166 	44.687805 	134.792435 	17.262676 	69.310890 	14.317822 	18.867962 	97.621719 	23.021729 	45.276924 	120.104118 	66.528191 	129.807556 	117.796432 	91.923882 	138.600143 	18.681541 	110.344917 	59.816387 	18.384777 	86.556343 	11.401754 	93.509361 	135.369858 	93.861603 	1.414214 	94.641426 	51.478149 	53.712196 	90.000000 	999.000000 	

Travel time:
9.000000 	0.660019 	0.340037 	0.320156 	0.301040 	0.279509 	2.018044 	2.406502 	0.862047 	0.371652 	2.199148 	1.600195 	2.672195 	0.371652 	0.525595 	1.421487 	0.867828 	2.205958 	0.905539 	2.330906 	2.549510 	0.530330 	1.938105 	1.454734 	0.625000 	1.027740 	0.797653 	0.608276 	0.617454 	0.995615 	2.676402 	0.618466 	1.231361 	2.069118 	0.827647 	2.229630 	0.750000 	1.007782 	0.855132 	2.504246 	0.870704 	1.535008 	1.505199 	0.943398 	2.512469 	
0.660019 	9.000000 	0.995615 	0.973717 	0.943398 	0.895126 	1.402007 	1.816762 	0.226385 	0.957209 	1.574206 	0.943398 	2.080865 	0.785016 	1.114955 	0.761577 	1.511622 	1.573412 	0.347311 	1.697425 	1.928892 	0.687841 	1.282819 	0.800391 	1.168867 	0.469707 	1.397542 	1.120547 	0.604669 	1.613420 	2.050914 	0.983933 	0.642748 	1.410895 	0.642748 	1.574206 	0.725000 	1.562050 	0.803508 	1.851520 	0.828402 	0.930390 	0.912414 	0.800391 	1.858259 	
0.340037 	0.995615 	9.000000 	0.025000 	0.079057 	0.158114 	2.356507 	2.740552 	1.188486 	0.212132 	2.538331 	1.938105 	3.006036 	0.427200 	0.279509 	1.755349 	0.530330 	2.545707 	1.212693 	2.670674 	2.888014 	0.673146 	2.276648 	1.782730 	0.412311 	1.328768 	0.498121 	0.436606 	0.809707 	0.673146 	3.015377 	0.583631 	1.534805 	2.406372 	1.035918 	2.568195 	0.910014 	0.735697 	1.004054 	2.843524 	1.012423 	1.838648 	1.804508 	1.116076 	2.851425 	
0.320156 	0.973717 	0.025000 	9.000000 	0.055902 	0.134629 	2.337734 	2.723279 	1.165386 	0.195256 	2.519176 	1.916540 	2.988833 	0.403887 	0.276134 	1.732953 	0.548293 	2.526114 	1.188486 	2.651061 	2.869233 	0.649038 	2.255271 	1.759616 	0.406971 	1.304320 	0.506211 	0.427200 	0.785016 	0.686477 	2.996352 	0.565685 	1.510381 	2.384586 	1.011187 	2.546812 	0.886002 	0.740355 	0.980434 	2.822455 	0.989002 	1.814180 	1.779923 	1.092016 	2.830194 	
0.301040 	0.943398 	0.079057 	0.055902 	9.000000 	0.079057 	2.317461 	2.707513 	1.129712 	0.145774 	2.497624 	1.886796 	2.973214 	0.348210 	0.251247 	1.700000 	0.570088 	2.503123 	1.147007 	2.627975 	2.848794 	0.594243 	2.226123 	1.723550 	0.375832 	1.261200 	0.503115 	0.388104 	0.731864 	0.695072 	2.975105 	0.512957 	1.467353 	2.353853 	0.958188 	2.517563 	0.831038 	0.728011 	0.925000 	2.794302 	0.933408 	1.770770 	1.735655 	1.037123 	2.801450 	
0.279509 	0.895126 	0.158114 	0.134629 	0.079057 	9.000000 	2.280488 	2.676402 	1.073546 	0.100000 	2.458785 	1.837457 	2.942151 	0.269258 	0.246221 	1.646587 	0.617454 	2.462341 	1.083109 	2.586987 	2.811250 	0.515388 	2.177298 	1.666021 	0.353553 	1.195042 	0.520216 	0.350892 	0.654313 	0.725000 	2.936409 	0.445112 	1.401116 	2.302851 	0.880696 	2.468426 	0.752080 	0.728869 	0.845946 	2.746475 	0.854400 	1.703856 	1.667708 	0.958188 	2.752840 	
2.018044 	1.402007 	2.356507 	2.337734 	2.317461 	2.280488 	9.000000 	0.443001 	1.290591 	2.351728 	0.190394 	0.583631 	0.693271 	2.186464 	2.511225 	0.800391 	2.885849 	0.226385 	1.386542 	0.340037 	0.531507 	2.059430 	0.413824 	0.883883 	2.570627 	1.360606 	2.793967 	2.522400 	1.938105 	3.005204 	0.660019 	2.371708 	1.255488 	0.496236 	1.858090 	0.480885 	2.012461 	2.964056 	2.048475 	0.625500 	2.071382 	1.175266 	1.225000 	1.978004 	0.651920 	
2.406502 	1.816762 	2.740552 	2.723279 	2.707513 	2.676402 	0.443001 	9.000000 	1.722099 	2.752840 	0.353553 	1.025000 	0.265754 	2.601081 	2.912902 	1.243232 	3.270799 	0.412311 	1.825171 	0.381608 	0.285044 	2.486966 	0.801561 	1.323820 	2.980038 	1.802776 	3.194526 	2.935345 	2.370654 	3.400735 	0.400780 	2.795756 	1.697793 	0.824621 	2.298097 	0.715891 	2.449745 	3.375000 	2.488473 	0.672681 	2.511598 	1.603122 	1.654728 	2.419969 	0.707990 	
0.862047 	0.226385 	1.188486 	1.165386 	1.129712 	1.073546 	1.290591 	1.722099 	9.000000 	1.123610 	1.450216 	0.778621 	1.981477 	0.921954 	1.275980 	0.575543 	1.690044 	1.440703 	0.167705 	1.562050 	1.805028 	0.770146 	1.117195 	0.594243 	1.312441 	0.265754 	1.555032 	1.256234 	0.648556 	1.775704 	1.920937 	1.085415 	0.419076 	1.235162 	0.604669 	1.405569 	0.735272 	1.697425 	0.789383 	1.686898 	0.813941 	0.704006 	0.686477 	0.750417 	1.690599 	
0.371652 	0.957209 	0.212132 	0.195256 	0.145774 	0.100000 	2.351728 	2.752840 	1.123610 	9.000000 	2.527969 	1.895059 	3.018485 	0.250000 	0.160078 	1.698897 	0.571183 	2.529452 	1.119431 	2.653771 	2.881514 	0.500625 	2.235090 	1.711907 	0.254951 	1.226020 	0.442295 	0.251247 	0.650481 	0.656220 	3.005412 	0.371652 	1.431127 	2.357568 	0.875000 	2.525495 	0.731864 	0.637377 	0.818917 	2.805018 	0.824621 	1.731509 	1.693000 	0.937083 	2.810360 	
2.199148 	1.574206 	2.538331 	2.519176 	2.497624 	2.458785 	0.190394 	0.353553 	1.450216 	2.527969 	9.000000 	0.705780 	0.564026 	2.356507 	2.687006 	0.929045 	3.066859 	0.070711 	1.535008 	0.152069 	0.355317 	2.220360 	0.450000 	0.996243 	2.742832 	1.498332 	2.969848 	2.692814 	2.094039 	3.182766 	0.477624 	2.535005 	1.375682 	0.474342 	2.001562 	0.390512 	2.161308 	3.134984 	2.191461 	0.460977 	2.213736 	1.258968 	1.311726 	2.114533 	0.491172 	
1.600195 	0.943398 	1.938105 	1.916540 	1.886796 	1.837457 	0.583631 	1.025000 	0.778621 	1.895059 	0.705780 	9.000000 	1.264911 	1.700368 	2.050152 	0.223607 	2.454587 	0.682367 	0.840015 	0.797653 	1.051487 	1.540495 	0.340037 	0.301040 	2.090753 	0.794119 	2.330906 	2.034853 	1.405569 	2.550122 	1.158123 	1.858259 	0.673146 	0.469707 	1.299279 	0.630971 	1.463087 	2.475884 	1.488497 	0.910014 	1.510381 	0.612882 	0.657647 	1.409122 	0.915492 	
2.672195 	2.080865 	3.006036 	2.988833 	2.973214 	2.942151 	0.693271 	0.265754 	1.981477 	3.018485 	0.564026 	1.264911 	9.000000 	2.865528 	3.178541 	1.486607 	3.536241 	0.604669 	2.079814 	0.525595 	0.292617 	2.748295 	1.007782 	1.559046 	3.245189 	2.051981 	3.460220 	3.200098 	2.629757 	3.666487 	0.318198 	3.058288 	1.937298 	1.000312 	2.551103 	0.859142 	2.705665 	3.640055 	2.741464 	0.726722 	2.764281 	1.820886 	1.874166 	2.669387 	0.760345 	
0.371652 	0.785016 	0.427200 	0.403887 	0.348210 	0.269258 	2.186464 	2.601081 	0.921954 	0.250000 	2.356507 	1.700368 	2.865528 	9.000000 	0.371652 	1.495410 	0.807001 	2.352791 	0.896172 	2.475884 	2.711665 	0.251247 	2.039148 	1.497707 	0.390512 	0.995301 	0.638847 	0.336341 	0.400780 	0.862047 	2.831960 	0.251247 	1.198176 	2.155371 	0.625000 	2.327150 	0.485412 	0.778621 	0.577170 	2.608759 	0.585235 	1.495201 	1.454734 	0.691466 	2.612111 	
0.525595 	1.114955 	0.279509 	0.276134 	0.251247 	0.246221 	2.511225 	2.912902 	1.275980 	0.160078 	2.687006 	2.050152 	3.178541 	0.371652 	9.000000 	1.851520 	0.436606 	2.687936 	1.263428 	2.812139 	3.040765 	0.608276 	2.390084 	1.860779 	0.134629 	1.365650 	0.282843 	0.176777 	0.764853 	0.500000 	3.164352 	0.395285 	1.569236 	2.510976 	0.982980 	2.680019 	0.825379 	0.482830 	0.901388 	2.960152 	0.903120 	1.866815 	1.826369 	1.025305 	2.965004 	
1.421487 	0.761577 	1.755349 	1.732953 	1.700000 	1.646587 	0.800391 	1.243232 	0.575543 	1.698897 	0.929045 	0.223607 	1.486607 	1.495410 	1.851520 	9.000000 	2.263846 	0.905883 	0.620987 	1.020416 	1.275000 	1.325943 	0.548293 	0.125000 	1.885802 	0.570636 	2.130288 	1.827738 	1.187697 	2.351197 	1.380670 	1.644118 	0.456207 	0.660019 	1.076162 	0.832541 	1.241219 	2.267157 	1.265158 	1.114955 	1.286954 	0.458939 	0.492443 	1.185591 	1.117195 	
0.867828 	1.511622 	0.530330 	0.548293 	0.570088 	0.617454 	2.885849 	3.270799 	1.690044 	0.571183 	3.066859 	2.454587 	3.536241 	0.807001 	0.436606 	2.263846 	9.000000 	3.072967 	1.690599 	3.197851 	3.417327 	1.044330 	2.794302 	2.281036 	0.475657 	1.796698 	0.246221 	0.550568 	1.201301 	0.201556 	3.544185 	0.800391 	2.001406 	2.920295 	1.417965 	3.085551 	1.256234 	0.430116 	1.325943 	3.363127 	1.325236 	2.300679 	2.261084 	1.451938 	3.369811 	
2.205958 	1.573412 	2.545707 	2.526114 	2.503123 	2.462341 	0.226385 	0.412311 	1.440703 	2.529452 	0.070711 	0.682367 	0.604669 	2.352791 	2.687936 	0.905883 	3.072967 	9.000000 	1.518634 	0.125000 	0.369121 	2.210204 	0.403113 	0.965660 	2.740552 	1.476482 	2.970690 	2.689098 	2.080865 	3.185122 	0.480234 	2.526114 	1.346291 	0.412311 	1.981477 	0.320156 	2.143887 	3.131393 	2.170829 	0.403113 	2.192744 	1.216552 	1.270089 	2.090753 	0.431567 	
0.905539 	0.347311 	1.212693 	1.188486 	1.147007 	1.083109 	1.386542 	1.825171 	0.167705 	1.119431 	1.535008 	0.840015 	2.079814 	0.896172 	1.263428 	0.620987 	1.690599 	1.518634 	9.000000 	1.636498 	1.886796 	0.707990 	1.168867 	0.605186 	1.282819 	0.127475 	1.535008 	1.220656 	0.566789 	1.758195 	1.997029 	1.025914 	0.325960 	1.273283 	0.474342 	1.449569 	0.626498 	1.655483 	0.664266 	1.732412 	0.687841 	0.629484 	0.600521 	0.608276 	1.732772 	
2.330906 	1.697425 	2.670674 	2.651061 	2.627975 	2.586987 	0.340037 	0.381608 	1.562050 	2.653771 	0.152069 	0.797653 	0.525595 	2.475884 	2.812139 	1.020416 	3.197851 	0.125000 	1.636498 	9.000000 	0.261008 	2.330906 	0.498121 	1.073837 	2.864001 	1.590794 	3.094855 	2.812139 	2.200142 	3.309551 	0.360555 	2.647286 	1.454519 	0.475000 	2.096575 	0.340037 	2.260669 	3.254420 	2.285416 	0.325000 	2.307054 	1.309819 	1.364276 	2.202981 	0.357946 	
2.549510 	1.928892 	2.888014 	2.869233 	2.848794 	2.811250 	0.531507 	0.285044 	1.805028 	2.881514 	0.355317 	1.051487 	0.292617 	2.711665 	3.040765 	1.275000 	3.417327 	0.369121 	1.886796 	0.261008 	9.000000 	2.575121 	0.759111 	1.332760 	3.097681 	1.845603 	3.323590 	3.047950 	2.447703 	3.535711 	0.134629 	2.890069 	1.713549 	0.728869 	2.350532 	0.575543 	2.512469 	3.490075 	2.539931 	0.437321 	2.561860 	1.570430 	1.625000 	2.459675 	0.471699 	
0.530330 	0.687841 	0.673146 	0.649038 	0.594243 	0.515388 	2.059430 	2.486966 	0.770146 	0.500625 	2.220360 	1.540495 	2.748295 	0.251247 	0.608276 	1.325943 	1.044330 	2.210204 	0.707990 	2.330906 	2.575121 	9.000000 	1.874166 	1.312441 	0.594243 	0.790569 	0.854400 	0.525595 	0.158114 	1.077033 	2.690376 	0.318198 	0.986154 	1.981161 	0.375832 	2.156965 	0.237171 	0.950329 	0.335410 	2.439775 	0.347311 	1.274755 	1.231107 	0.443001 	2.440543 	
1.938105 	1.282819 	2.276648 	2.255271 	2.226123 	2.177298 	0.413824 	0.801561 	1.117195 	2.235090 	0.450000 	0.340037 	1.007782 	2.039148 	2.390084 	0.548293 	2.794302 	0.403113 	1.168867 	0.498121 	0.759111 	1.874166 	9.000000 	0.583095 	2.429635 	1.110180 	2.670674 	2.373025 	1.735655 	2.890069 	0.850368 	2.192316 	0.961769 	0.150000 	1.615936 	0.291548 	1.785007 	2.813472 	1.802776 	0.570088 	1.823630 	0.813941 	0.867828 	1.715007 	0.575543 	
1.454734 	0.800391 	1.782730 	1.759616 	1.723550 	1.666021 	0.883883 	1.323820 	0.594243 	1.711907 	0.996243 	0.301040 	1.559046 	1.497707 	1.860779 	0.125000 	2.281036 	0.965660 	0.605186 	1.073837 	1.332760 	1.312441 	0.583095 	9.000000 	1.886299 	0.531507 	2.136001 	1.825171 	1.167262 	2.358495 	1.431127 	1.629801 	0.380789 	0.672681 	1.035012 	0.851469 	1.206752 	2.260669 	1.220656 	1.133578 	1.241219 	0.335410 	0.371652 	1.131923 	1.131923 	
0.625000 	1.168867 	0.412311 	0.406971 	0.375832 	0.353553 	2.570627 	2.980038 	1.312441 	0.254951 	2.742832 	2.090753 	3.245189 	0.390512 	0.134629 	1.885802 	0.475657 	2.740552 	1.282819 	2.864001 	3.097681 	0.594243 	2.429635 	1.886299 	9.000000 	1.376817 	0.261008 	0.075000 	0.752080 	0.482830 	3.219084 	0.325000 	1.576586 	2.545707 	0.958188 	2.717651 	0.789383 	0.395285 	0.853302 	2.999271 	0.851469 	1.868321 	1.825171 	0.980115 	3.002603 	
1.027740 	0.469707 	1.328768 	1.304320 	1.261200 	1.195042 	1.360606 	1.802776 	0.265754 	1.226020 	1.498332 	0.794119 	2.051981 	0.995301 	1.365650 	0.570636 	1.796698 	1.476482 	0.127475 	1.590794 	1.845603 	0.790569 	1.110180 	0.531507 	1.376817 	9.000000 	1.632483 	1.311964 	0.640312 	1.856071 	1.950801 	1.105102 	0.206155 	1.204159 	0.506211 	1.382932 	0.675463 	1.740869 	0.694622 	1.665083 	0.716327 	0.509902 	0.477624 	0.617454 	1.663205 	
0.797653 	1.397542 	0.498121 	0.506211 	0.503115 	0.520216 	2.793967 	3.194526 	1.555032 	0.442295 	2.969848 	2.330906 	3.460220 	0.638847 	0.282843 	2.130288 	0.246221 	2.970690 	1.535008 	3.094855 	3.323590 	0.854400 	2.670674 	2.136001 	0.261008 	1.632483 	9.000000 	0.333542 	1.012423 	0.223607 	3.447191 	0.579871 	1.833712 	2.790161 	1.219118 	2.960152 	1.049405 	0.251247 	1.110180 	3.240756 	1.107080 	2.127205 	2.084616 	1.237437 	3.245189 	
0.608276 	1.120547 	0.436606 	0.427200 	0.388104 	0.350892 	2.522400 	2.935345 	1.256234 	0.251247 	2.692814 	2.034853 	3.200098 	0.336341 	0.176777 	1.827738 	0.550568 	2.689098 	1.220656 	2.812139 	3.047950 	0.525595 	2.373025 	1.825171 	0.075000 	1.311964 	0.333542 	9.000000 	0.682825 	0.553399 	3.168300 	0.250000 	1.510381 	2.487217 	0.886002 	2.660122 	0.715891 	0.442295 	0.778621 	2.942151 	0.776611 	1.800347 	1.756595 	0.905539 	2.944911 	
0.617454 	0.604669 	0.809707 	0.785016 	0.731864 	0.654313 	1.938105 	2.370654 	0.648556 	0.650481 	2.094039 	1.405569 	2.629757 	0.400780 	0.764853 	1.187697 	1.201301 	2.080865 	0.566789 	2.200142 	2.447703 	0.158114 	1.735655 	1.167262 	0.752080 	0.640312 	1.012423 	0.682825 	9.000000 	1.234909 	2.560395 	0.465027 	0.832166 	1.838478 	0.226385 	2.015564 	0.145774 	1.102554 	0.250000 	2.298369 	0.270416 	1.118034 	1.073837 	0.325960 	2.298097 	
0.995615 	1.613420 	0.673146 	0.686477 	0.695072 	0.725000 	3.005204 	3.400735 	1.775704 	0.656220 	3.182766 	2.550122 	3.666487 	0.862047 	0.500000 	2.351197 	0.201556 	3.185122 	1.758195 	3.309551 	3.535711 	1.077033 	2.890069 	2.358495 	0.482830 	1.856071 	0.223607 	0.553399 	1.234909 	9.000000 	3.660345 	0.794512 	2.057304 	3.010814 	1.439184 	3.180016 	1.267379 	0.270416 	1.323820 	3.460130 	1.319327 	2.350532 	2.307732 	1.451293 	3.465003 	
2.676402 	2.050914 	3.015377 	2.996352 	2.975105 	2.936409 	0.660019 	0.400780 	1.920937 	3.005412 	0.477624 	1.158123 	0.318198 	2.831960 	3.164352 	1.380670 	3.544185 	0.480234 	1.997029 	0.360555 	0.134629 	2.690376 	0.850368 	1.431127 	3.219084 	1.950801 	3.447191 	3.168300 	2.560395 	3.660345 	9.000000 	3.006347 	1.811249 	0.800391 	2.456751 	0.632949 	2.621188 	3.610575 	2.645397 	0.436606 	2.666927 	1.652460 	1.707703 	2.561860 	0.467039 	
0.618466 	0.983933 	0.583631 	0.565685 	0.512957 	0.445112 	2.371708 	2.795756 	1.085415 	0.371652 	2.535005 	1.858259 	3.058288 	0.251247 	0.395285 	1.644118 	0.800391 	2.526114 	1.025914 	2.647286 	2.890069 	0.318198 	2.192316 	1.629801 	0.325000 	1.105102 	0.579871 	0.250000 	0.465027 	0.794512 	3.006347 	9.000000 	1.296630 	2.299185 	0.650000 	2.475126 	0.474342 	0.638847 	0.530330 	2.757943 	0.527376 	1.578369 	1.532359 	0.657647 	2.758623 	
1.231361 	0.642748 	1.534805 	1.510381 	1.467353 	1.401116 	1.255488 	1.697793 	0.419076 	1.431127 	1.375682 	0.673146 	1.937298 	1.198176 	1.569236 	0.456207 	2.001406 	1.346291 	0.325960 	1.454519 	1.713549 	0.986154 	0.961769 	0.380789 	1.576586 	0.206155 	1.833712 	1.510381 	0.832166 	2.057304 	1.811249 	1.296630 	9.000000 	1.040433 	0.671751 	1.220656 	0.849264 	1.934716 	0.851469 	1.500000 	0.870704 	0.304138 	0.275000 	0.755811 	1.495410 	
2.069118 	1.410895 	2.406372 	2.384586 	2.353853 	2.302851 	0.496236 	0.824621 	1.235162 	2.357568 	0.474342 	0.469707 	1.000312 	2.155371 	2.510976 	0.660019 	2.920295 	0.412311 	1.273283 	0.475000 	0.728869 	1.981161 	0.150000 	0.672681 	2.545707 	1.204159 	2.790161 	2.487217 	1.838478 	3.010814 	0.800391 	2.299185 	1.040433 	9.000000 	1.706239 	0.180278 	1.879162 	2.925854 	1.890106 	0.460977 	1.910007 	0.854400 	0.910014 	1.796177 	0.459619 	
0.827647 	0.642748 	1.035918 	1.011187 	0.958188 	0.880696 	1.858090 	2.298097 	0.604669 	0.875000 	2.001562 	1.299279 	2.551103 	0.625000 	0.982980 	1.076162 	1.417965 	1.981477 	0.474342 	2.096575 	2.350532 	0.375832 	1.615936 	1.035012 	0.958188 	0.506211 	1.219118 	0.886002 	0.226385 	1.439184 	2.456751 	0.650000 	0.671751 	1.706239 	9.000000 	1.885802 	0.180278 	1.285739 	0.190394 	2.167083 	0.213600 	0.936082 	0.887764 	0.158114 	2.163908 	
2.229630 	1.574206 	2.568195 	2.546812 	2.517563 	2.468426 	0.480885 	0.715891 	1.405569 	2.525495 	0.390512 	0.630971 	0.859142 	2.327150 	2.680019 	0.832541 	3.085551 	0.320156 	1.449569 	0.340037 	0.575543 	2.156965 	0.291548 	0.851469 	2.717651 	1.382932 	2.960152 	2.660122 	2.015564 	3.180016 	0.632949 	2.475126 	1.220656 	0.180278 	1.885802 	9.000000 	2.058215 	3.099698 	2.070024 	0.282843 	2.090006 	1.030776 	1.086566 	1.976424 	0.285044 	
0.750000 	0.725000 	0.910014 	0.886002 	0.831038 	0.752080 	2.012461 	2.449745 	0.735272 	0.731864 	2.161308 	1.463087 	2.705665 	0.485412 	0.825379 	1.241219 	1.256234 	2.143887 	0.626498 	2.260669 	2.512469 	0.237171 	1.785007 	1.206752 	0.789383 	0.675463 	1.049405 	0.715891 	0.145774 	1.267379 	2.621188 	0.474342 	0.849264 	1.879162 	0.180278 	2.058215 	9.000000 	1.107080 	0.106066 	2.340139 	0.125000 	1.116356 	1.068001 	0.206155 	2.337734 	
1.007782 	1.562050 	0.735697 	0.740355 	0.728011 	0.728869 	2.964056 	3.375000 	1.697425 	0.637377 	3.134984 	2.475884 	3.640055 	0.778621 	0.482830 	2.267157 	0.430116 	3.131393 	1.655483 	3.254420 	3.490075 	0.950329 	2.813472 	2.260669 	0.395285 	1.740869 	0.251247 	0.442295 	1.102554 	0.270416 	3.610575 	0.638847 	1.934716 	2.925854 	1.285739 	3.099698 	1.107080 	9.000000 	1.147007 	3.382030 	1.138530 	2.217121 	2.170829 	1.273038 	3.384246 	
