Total assets = 770
Number of asset nodes = 40

Distance:
999.000000 	27.459061 	30.016663 	44.407207 	31.764761 	55.317268 	44.821869 	36.715118 	19.235384 	44.407207 	67.201187 	43.829212 	38.948685 	43.566040 	46.043457 	55.803226 	30.016663 	42.941822 	51.971146 	68.117546 	28.442924 	65.946945 	62.936478 	25.455845 	54.589375 	61.854668 	46.518814 	56.824291 	54.378304 	62.433964 	59.539902 	56.797886 	41.109608 	76.485291 	43.174065 	52.773098 	37.336308 	65.436989 	60.373837 	31.890438 	65.299309 	72.945183 	43.000000 	53.150730 	41.000000 	56.462376 	36.069378 	63.631752 	55.362442 	41.436699 	71.281136 	78.230431 	52.773098 	
27.459061 	999.000000 	3.000000 	70.724815 	5.000000 	29.966648 	17.691807 	9.486833 	24.738634 	17.029387 	42.544094 	16.401220 	11.704700 	16.124516 	18.601076 	82.073135 	51.000000 	15.811388 	77.466118 	42.544094 	46.615448 	92.633690 	36.400551 	33.376640 	79.812279 	87.863533 	19.646883 	82.006096 	26.925823 	88.090858 	84.811554 	81.608826 	61.741398 	103.247276 	19.646883 	25.632011 	55.027267 	38.209946 	85.211502 	36.013885 	90.210861 	98.716766 	25.000000 	75.133217 	56.753853 	29.832869 	41.048752 	36.235340 	29.274563 	27.658634 	43.829212 	103.855667 	29.614185 	
30.016663 	3.000000 	999.000000 	72.835434 	2.000000 	28.792360 	15.811388 	6.708204 	25.632011 	14.866069 	41.436699 	14.142136 	8.944272 	13.601471 	16.278820 	84.148682 	52.478565 	13.000000 	79.397736 	41.146080 	47.853943 	94.794518 	34.669872 	33.955853 	81.688431 	89.872131 	16.763054 	83.868942 	24.413111 	90.027771 	86.683334 	83.408630 	63.063461 	105.418213 	16.763054 	22.847319 	56.080299 	36.069378 	87.005745 	36.055511 	92.005432 	100.657837 	22.671568 	76.537575 	57.567352 	26.925823 	41.012192 	33.615471 	26.305893 	25.806976 	41.400482 	105.759163 	26.683329 	
44.407207 	70.724815 	72.835434 	999.000000 	74.276512 	99.639351 	88.413803 	79.246452 	50.774010 	87.681244 	111.606453 	86.977005 	81.394104 	86.313385 	89.106674 	11.401754 	25.709921 	85.041168 	9.000000 	112.445541 	32.015621 	22.022715 	106.962608 	47.539455 	12.000000 	17.492855 	88.090858 	14.035668 	97.000000 	18.384777 	16.278820 	15.033297 	23.537205 	32.649654 	82.097504 	94.493385 	31.016125 	108.894447 	18.027756 	52.201534 	22.360680 	28.653097 	77.826729 	21.931713 	35.227829 	97.200821 	51.971146 	105.759163 	95.441078 	73.409805 	114.021927 	34.000000 	90.049988 	
31.764761 	5.000000 	2.000000 	74.276512 	999.000000 	28.160255 	14.764823 	5.000000 	26.400757 	13.601471 	40.804413 	12.806249 	7.211102 	12.041595 	14.866069 	85.562843 	53.535034 	11.180340 	80.721741 	40.311287 	48.764740 	96.260063 	33.615471 	34.481880 	82.975899 	91.241440 	14.866069 	85.146935 	22.803509 	91.350975 	87.965904 	84.646324 	64.007812 	106.887794 	14.866069 	21.023796 	56.859474 	34.713108 	88.238312 	36.221542 	93.236259 	101.980392 	21.213203 	77.524193 	58.189346 	25.000000 	41.109608 	31.906113 	24.331051 	24.698177 	39.824615 	107.056061 	24.738634 	
55.317268 	29.966648 	28.792360 	99.639351 	28.160255 	999.000000 	14.035668 	24.331051 	54.424259 	16.000000 	12.649111 	17.000000 	23.086792 	19.026299 	16.124516 	111.040535 	80.950600 	22.090721 	106.831642 	12.806249 	76.557167 	121.264175 	9.219544 	62.641838 	109.288612 	117.004272 	22.803509 	111.503365 	16.401220 	117.413795 	114.284729 	111.220505 	91.706055 	131.795303 	32.557640 	21.095022 	84.864601 	15.033297 	114.825958 	64.132675 	119.816528 	128.003906 	42.579338 	105.095192 	86.330757 	25.612497 	68.883957 	21.470911 	28.017851 	48.259712 	23.086792 	133.221619 	36.674240 	
44.821869 	17.691807 	15.811388 	88.413803 	14.764823 	14.035668 	999.000000 	10.440307 	41.146080 	2.236068 	26.476404 	3.162278 	9.055386 	5.385165 	3.605551 	99.764725 	68.264191 	8.544003 	95.131485 	25.632011 	63.529522 	110.308655 	18.867962 	49.040798 	97.452553 	105.550934 	10.630146 	99.639351 	11.045361 	105.759163 	102.449989 	99.201813 	78.771820 	120.917328 	19.313208 	12.649111 	71.589104 	20.615528 	102.800781 	50.219517 	107.800743 	116.387283 	29.120440 	92.282173 	72.801102 	18.027756 	54.918121 	20.396078 	19.235384 	34.525352 	26.832815 	121.511314 	25.495098 	
36.715118 	9.486833 	6.708204 	79.246452 	5.000000 	24.331051 	10.440307 	999.000000 	30.886890 	8.944272 	36.878178 	8.062258 	2.236068 	7.071068 	10.000000 	90.520714 	58.249462 	6.324555 	85.632935 	36.055511 	53.338543 	101.237343 	29.068884 	38.626415 	87.863533 	96.176918 	10.198039 	90.027771 	17.804493 	96.260063 	92.849342 	89.498604 	68.600288 	111.865990 	12.806249 	16.155495 	61.269894 	29.832869 	93.085983 	39.812057 	98.081596 	106.887794 	21.095022 	82.152298 	62.393909 	20.396078 	44.553337 	26.925823 	20.024984 	25.632011 	34.828148 	111.946419 	21.931713 	
19.235384 	24.738634 	25.632011 	50.774010 	26.400757 	54.424259 	41.146080 	30.886890 	999.000000 	39.824615 	67.067131 	38.948685 	32.756680 	37.735924 	40.816662 	61.611687 	27.658634 	35.805027 	56.080299 	66.708321 	22.472204 	72.670486 	59.941639 	9.055386 	58.051701 	66.843102 	38.288380 	60.141499 	47.801674 	66.603302 	62.968246 	59.396969 	37.735924 	83.234612 	31.400637 	44.598206 	30.463093 	60.464867 	62.936478 	13.892444 	67.896980 	77.155685 	27.513634 	51.312767 	32.015621 	46.754681 	18.788294 	55.901699 	44.821869 	24.186773 	64.536812 	82.036575 	39.357338 	
44.407207 	17.029387 	14.866069 	87.681244 	13.601471 	16.000000 	2.236068 	8.944272 	39.824615 	999.000000 	28.284271 	1.000000 	7.280110 	3.162278 	2.000000 	99.005051 	67.119293 	6.324555 	94.260277 	27.202942 	62.265560 	109.622078 	20.124611 	47.539455 	96.540146 	104.737770 	8.485281 	98.716766 	10.440307 	104.890419 	101.533249 	98.234413 	77.524193 	120.241425 	17.088007 	11.180340 	70.213959 	21.213203 	101.828285 	48.507732 	106.826965 	115.520561 	26.925823 	91.065910 	71.309189 	16.492422 	53.150730 	19.924858 	17.464249 	32.388271 	26.925823 	120.615089 	23.345236 	
67.201187 	42.544094 	41.436699 	111.606453 	40.804413 	12.649111 	26.476404 	36.878178 	67.067131 	28.284271 	999.000000 	29.274563 	35.510563 	31.144823 	28.071337 	123.004066 	93.471924 	34.058773 	118.983192 	4.472136 	89.157166 	133.060135 	11.180340 	75.286118 	121.490738 	129.034882 	34.058773 	123.713379 	25.709921 	129.529922 	126.479248 	123.490891 	104.278473 	143.533966 	44.045429 	30.805843 	97.498718 	17.029387 	127.094452 	76.687675 	132.075729 	140.089264 	54.083271 	117.630775 	98.979797 	34.176014 	81.394104 	26.627054 	37.000000 	60.008331 	23.600847 	145.340973 	46.572525 	
43.829212 	16.401220 	14.142136 	86.977005 	12.806249 	17.000000 	3.162278 	8.062258 	38.948685 	1.000000 	29.274563 	999.000000 	6.324555 	2.236068 	2.236068 	98.290382 	66.287254 	5.385165 	93.509361 	28.160255 	61.400326 	108.931168 	21.023796 	46.615448 	95.775780 	104.004807 	7.810250 	97.948967 	10.770329 	104.139328 	100.767059 	97.452553 	76.661591 	119.553337 	16.155495 	11.045361 	69.318108 	21.931713 	101.044548 	47.539455 	106.042442 	114.769333 	25.961510 	90.210861 	70.384659 	16.278820 	52.172791 	20.248457 	17.088007 	31.400637 	27.459061 	119.854080 	22.627417 	
38.948685 	11.704700 	8.944272 	81.394104 	7.211102 	23.086792 	9.055386 	2.236068 	32.756680 	7.280110 	35.510563 	6.324555 	999.000000 	5.000000 	8.062258 	92.655273 	60.216278 	4.123106 	87.726852 	34.481880 	55.226807 	103.392456 	27.313000 	40.311287 	89.938866 	98.290382 	8.062258 	92.097771 	15.620500 	98.351410 	94.921021 	91.547798 	70.491135 	114.021927 	12.041595 	13.928389 	63.063461 	27.802877 	95.131485 	41.231056 	100.124924 	108.977058 	21.023796 	84.059502 	64.078079 	18.248287 	45.891174 	24.698177 	18.000000 	25.961510 	32.649654 	114.021927 	20.591261 	
43.566040 	16.124516 	13.601471 	86.313385 	12.041595 	19.026299 	5.385165 	7.071068 	37.735924 	3.162278 	31.144823 	2.236068 	5.000000 	999.000000 	3.162278 	97.590981 	65.215027 	3.162278 	92.698433 	29.832869 	60.207973 	108.300507 	22.472204 	45.188496 	94.921021 	103.247276 	5.830952 	97.082436 	10.816654 	103.324730 	99.904953 	96.540146 	75.471848 	118.928551 	13.928389 	10.049875 	68.000000 	22.803509 	100.124924 	45.880280 	105.118980 	113.951744 	23.769728 	89.044930 	68.942001 	15.033297 	50.447994 	20.124611 	15.524175 	29.274563 	27.802877 	119.004204 	20.518284 	
46.043457 	18.601076 	16.278820 	89.106674 	14.866069 	16.124516 	3.605551 	10.000000 	40.816662 	2.000000 	28.071337 	2.236068 	8.062258 	3.162278 	999.000000 	100.409164 	68.242218 	6.000000 	95.587654 	26.683329 	63.285069 	111.072052 	19.313208 	48.332184 	97.836601 	106.103722 	7.211102 	100.004997 	8.544003 	106.216759 	102.825096 	99.488693 	78.549347 	121.696342 	16.492422 	9.219544 	71.119621 	19.849434 	103.077644 	49.040798 	108.074051 	116.846054 	26.476404 	92.114059 	72.090218 	14.560220 	53.600372 	18.027756 	15.652476 	32.140316 	25.238859 	121.918007 	22.022715 	
55.803226 	82.073135 	84.148682 	11.401754 	85.562843 	111.040535 	99.764725 	90.520714 	61.611687 	99.005051 	123.004066 	98.290382 	92.655273 	97.590981 	100.409164 	999.000000 	35.341194 	96.260063 	7.000000 	123.846680 	41.629318 	11.180340 	118.342720 	57.706154 	7.615773 	6.324555 	99.247169 	7.810250 	108.245094 	8.000000 	8.062258 	10.000000 	30.265491 	21.633308 	93.005379 	105.645638 	38.832977 	120.216469 	10.816654 	61.846584 	13.341664 	17.464249 	88.323273 	23.086792 	42.296574 	108.231232 	61.032780 	116.931602 	106.400185 	83.648071 	125.255737 	22.847319 	100.702530 	
30.016663 	51.000000 	52.478565 	25.709921 	53.535034 	80.950600 	68.264191 	58.249462 	27.658634 	67.119293 	93.471924 	66.287254 	60.216278 	65.215027 	68.242218 	35.341194 	999.000000 	63.411354 	29.154760 	93.536087 	6.324555 	46.518814 	87.132080 	22.472204 	30.805843 	39.962482 	65.946945 	32.802441 	75.432091 	39.408119 	35.608986 	31.890438 	11.180340 	56.824291 	58.728188 	72.249565 	9.219544 	88.005684 	35.383614 	26.570660 	40.311287 	49.819675 	53.254108 	24.166092 	14.142136 	74.249580 	26.305893 	83.546394 	72.180328 	48.373547 	92.195442 	54.561890 	65.802734 	
42.941822 	15.811388 	13.000000 	85.041168 	11.180340 	22.090721 	8.544003 	6.324555 	35.805027 	6.324555 	34.058773 	5.385165 	4.123106 	3.162278 	6.000000 	96.260063 	63.411354 	999.000000 	91.219513 	32.557640 	58.249462 	107.056061 	25.000000 	42.941822 	93.380943 	101.833199 	4.000000 	95.524864 	12.041595 	101.833199 	98.351410 	94.921021 	73.498299 	117.686020 	10.770329 	9.848858 	65.863495 	24.698177 	98.493652 	43.324360 	103.479469 	112.449989 	20.615528 	87.091904 	66.640831 	14.142136 	47.801674 	20.808653 	14.035668 	26.172504 	29.000000 	117.456375 	17.804493 	
51.971146 	77.466118 	79.397736 	9.000000 	80.721741 	106.831642 	95.131485 	85.632935 	56.080299 	94.260277 	118.983192 	93.509361 	87.726852 	92.698433 	95.587654 	7.000000 	29.154760 	91.219513 	999.000000 	119.620232 	35.355339 	17.720045 	113.850777 	51.623638 	3.000000 	10.816654 	94.069122 	5.099020 	103.247276 	10.630146 	7.615773 	6.082763 	23.345236 	27.730848 	87.458565 	100.448990 	32.015621 	115.433968 	9.055386 	55.461697 	13.601471 	21.260292 	82.377182 	16.552946 	35.355339 	102.825096 	54.424259 	111.758667 	100.895988 	77.524193 	120.208153 	26.400757 	94.868332 	
68.117546 	42.544094 	41.146080 	112.445541 	40.311287 	12.806249 	25.632011 	36.055511 	66.708321 	27.202942 	4.472136 	28.160255 	34.481880 	29.832869 	26.683329 	123.846680 	93.536087 	32.557640 	119.620232 	999.000000 	89.000000 	134.063416 	8.062258 	74.672615 	122.065559 	129.807556 	32.062439 	124.277916 	23.086792 	130.207520 	127.062973 	123.975807 	104.201729 	144.589066 	42.047592 	28.160255 	97.169952 	13.038404 	127.581345 	75.690155 	132.574509 	140.801285 	52.009613 	117.647781 	98.432716 	31.048349 	80.280754 	22.825424 	33.955853 	58.077534 	19.209373 	146.013702 	43.737854 	
28.442924 	46.615448 	47.853943 	32.015621 	48.764740 	76.557167 	63.529522 	53.338543 	22.472204 	62.265560 	89.157166 	61.400326 	55.226807 	60.207973 	63.285069 	41.629318 	6.324555 	58.249462 	35.355339 	89.000000 	999.000000 	52.801514 	82.365044 	16.401220 	36.891735 	46.141087 	60.605282 	38.832977 	70.213959 	45.486263 	41.617306 	37.802116 	15.264338 	63.063461 	53.037724 	66.843102 	9.000000 	82.927681 	41.231056 	20.248457 	46.097721 	55.803226 	47.201694 	28.844410 	12.649111 	68.622154 	20.099751 	78.102493 	66.468040 	42.190044 	86.833176 	60.440052 	59.816387 	
65.946945 	92.633690 	94.794518 	22.022715 	96.260063 	121.264175 	110.308655 	101.237343 	72.670486 	109.622078 	133.060135 	108.931168 	103.392456 	108.300507 	111.072052 	11.180340 	46.518814 	107.056061 	17.720045 	134.063416 	52.801514 	999.000000 	128.763351 	68.883957 	17.117243 	8.062258 	110.113579 	16.000000 	119.004204 	10.440307 	14.142136 	18.027756 	41.000000 	10.630146 	104.043259 	116.516090 	49.729267 	130.831955 	16.492422 	73.006851 	15.264338 	11.401754 	99.478638 	32.062439 	52.952808 	119.201508 	72.111023 	127.781059 	117.413795 	94.826157 	136.029404 	16.031219 	111.830231 	
62.936478 	36.400551 	34.669872 	106.962608 	33.615471 	9.219544 	18.867962 	29.068884 	59.941639 	20.124611 	11.180340 	21.023796 	27.313000 	22.472204 	19.313208 	118.342720 	87.132080 	25.000000 	113.850777 	8.062258 	82.365044 	128.763351 	999.000000 	67.623962 	116.211014 	124.197426 	24.186773 	118.406082 	15.033297 	124.470879 	121.210564 	118.004234 	97.616600 	139.344894 	34.132095 	20.099751 	90.338257 	6.708204 	121.605919 	68.308128 	126.605690 	135.092560 	44.045429 	111.139549 	91.389275 	23.086792 	72.801102 	15.620500 	25.961510 	50.159744 	14.560220 	140.246216 	35.693138 	
25.455845 	33.376640 	33.955853 	47.539455 	34.481880 	62.641838 	49.040798 	38.626415 	9.055386 	47.539455 	75.286118 	46.615448 	40.311287 	45.188496 	48.332184 	57.706154 	22.472204 	42.941822 	51.623638 	74.672615 	16.401220 	68.883957 	67.623962 	999.000000 	53.254108 	62.433964 	44.944408 	55.217751 	54.708317 	61.854668 	58.008621 	54.203320 	31.144823 	79.259071 	36.878178 	51.039200 	23.021729 	67.601776 	57.628117 	6.708204 	62.481998 	72.201111 	30.805843 	44.687805 	23.769728 	52.497620 	10.630146 	62.201286 	50.249378 	25.942244 	71.028160 	76.837494 	43.416588 	
54.589375 	79.812279 	81.688431 	12.000000 	82.975899 	109.288612 	97.452553 	87.863533 	58.051701 	96.540146 	121.490738 	95.775780 	89.938866 	94.921021 	97.836601 	7.615773 	30.805843 	93.380943 	3.000000 	122.065559 	36.891735 	17.117243 	116.211014 	53.254108 	999.000000 	9.486833 	96.166519 	2.236068 	105.418213 	8.602325 	5.000000 	3.162278 	24.041630 	26.570660 	89.375610 	102.532921 	32.893768 	117.686020 	6.082763 	56.824291 	10.770329 	19.104973 	84.053551 	15.524175 	35.902645 	104.804581 	55.542778 	113.846390 	102.825096 	79.075912 	122.347862 	24.083189 	96.607452 	
61.854668 	87.863533 	89.872131 	17.492855 	91.241440 	117.004272 	105.550934 	96.176918 	66.843102 	104.737770 	129.034882 	104.004807 	98.290382 	103.247276 	106.103722 	6.324555 	39.962482 	101.833199 	10.816654 	129.807556 	46.141087 	8.062258 	124.197426 	62.433964 	9.486833 	999.000000 	104.737770 	8.062258 	113.846390 	2.828427 	6.082763 	10.000000 	33.526108 	17.088007 	98.234413 	111.126053 	42.379242 	125.936493 	8.544003 	66.189125 	8.602325 	11.180340 	93.193344 	24.020824 	45.354160 	113.569359 	65.000000 	122.429573 	111.664673 	88.323273 	130.831955 	16.552946 	105.683487 	
46.518814 	19.646883 	16.763054 	88.090858 	14.866069 	22.803509 	10.630146 	10.198039 	38.288380 	8.485281 	34.058773 	7.810250 	8.062258 	5.830952 	7.211102 	99.247169 	65.946945 	4.000000 	94.069122 	32.062439 	60.605282 	110.113579 	24.186773 	44.944408 	96.166519 	104.737770 	999.000000 	98.290382 	9.848858 	104.661362 	101.118744 	97.621719 	75.802376 	120.739388 	10.000000 	6.403124 	67.955872 	22.847319 	101.178062 	44.777225 	106.150833 	115.260574 	20.024984 	89.403580 	68.476273 	10.198039 	49.040798 	17.691807 	10.049875 	26.019224 	26.248810 	120.216469 	14.866069 	
56.824291 	82.006096 	83.868942 	14.035668 	85.146935 	111.503365 	99.639351 	90.027771 	60.141499 	98.716766 	123.713379 	97.948967 	92.097771 	97.082436 	100.004997 	7.810250 	32.802441 	95.524864 	5.099020 	124.277916 	38.832977 	16.000000 	118.406082 	55.217751 	2.236068 	8.062258 	98.290382 	999.000000 	107.563934 	6.708204 	2.828427 	2.236068 	25.632011 	25.000000 	91.438507 	104.651802 	34.539833 	119.854080 	4.000000 	58.668560 	8.544003 	17.029387 	86.023254 	16.124516 	37.363083 	106.887794 	57.271286 	115.965515 	104.890419 	80.993828 	124.482933 	21.931713 	98.600204 	
54.378304 	26.925823 	24.413111 	97.000000 	22.803509 	16.401220 	11.045361 	17.804493 	47.801674 	10.440307 	25.709921 	10.770329 	15.620500 	10.816654 	8.544003 	108.245094 	75.432091 	12.041595 	103.247276 	23.086792 	70.213959 	119.004204 	15.033297 	54.708317 	105.418213 	113.846390 	9.848858 	107.563934 	999.000000 	113.863953 	110.390221 	106.962608 	85.445892 	129.634094 	19.416489 	5.099020 	77.698135 	13.000000 	110.535065 	54.625999 	115.520561 	124.482933 	29.154760 	99.045441 	78.294319 	9.219544 	58.872746 	9.486833 	11.661903 	35.355339 	17.029387 	129.495178 	20.880613 	
62.433964 	88.090858 	90.027771 	18.384777 	91.350975 	117.413795 	105.759163 	96.260063 	66.603302 	104.890419 	129.529922 	104.139328 	98.351410 	103.324730 	106.216759 	8.000000 	39.408119 	101.833199 	10.630146 	130.207520 	45.486263 	10.440307 	124.470879 	61.854668 	8.602325 	2.828427 	104.661362 	6.708204 	113.863953 	999.000000 	4.123106 	8.246211 	32.310989 	18.439089 	97.948967 	111.036034 	41.231056 	126.063477 	6.082763 	65.368187 	5.830952 	10.630146 	92.655273 	22.022715 	43.965897 	113.357841 	63.976559 	122.347862 	111.395691 	87.664131 	130.816666 	15.811388 	105.209312 	
59.539902 	84.811554 	86.683334 	16.278820 	87.965904 	114.284729 	102.449989 	92.849342 	62.968246 	101.533249 	126.479248 	100.767059 	94.921021 	99.904953 	102.825096 	8.062258 	35.608986 	98.351410 	7.615773 	127.062973 	41.617306 	14.142136 	121.210564 	58.008621 	5.000000 	6.082763 	101.118744 	2.828427 	110.390221 	4.123106 	999.000000 	4.123106 	28.231188 	22.561028 	94.260277 	107.480232 	37.161808 	122.674362 	2.828427 	61.400326 	6.082763 	14.212670 	88.814415 	18.000000 	39.849716 	109.713264 	59.933296 	118.793938 	107.712578 	83.761566 	127.310646 	19.104973 	101.400200 	
56.797886 	81.608826 	83.408630 	15.033297 	84.646324 	111.220505 	99.201813 	89.498604 	59.396969 	98.234413 	123.490891 	97.452553 	91.547798 	96.540146 	99.488693 	10.000000 	31.890438 	94.921021 	6.082763 	123.975807 	37.802116 	18.027756 	118.004234 	54.203320 	3.162278 	10.000000 	97.621719 	2.236068 	106.962608 	8.246211 	4.123106 	999.000000 	24.166092 	26.683329 	90.609047 	103.966339 	33.105892 	119.331474 	3.605551 	57.454330 	8.602325 	18.027756 	85.000000 	14.035668 	35.735138 	106.103722 	55.901699 	115.277924 	104.062485 	79.881165 	123.842644 	22.671568 	97.616600 	
41.109608 	61.741398 	63.063461 	23.537205 	64.007812 	91.706055 	78.771820 	68.600288 	37.735924 	77.524193 	104.278473 	76.661591 	70.491135 	75.471848 	78.549347 	30.265491 	11.180340 	73.498299 	23.345236 	104.201729 	15.264338 	41.000000 	97.616600 	31.144823 	24.041630 	33.526108 	75.802376 	25.632011 	85.445892 	32.310989 	28.231188 	24.166092 	999.000000 	50.596443 	68.014702 	82.006096 	8.944272 	98.183502 	27.294687 	33.600594 	31.906113 	42.059483 	61.619801 	13.601471 	12.041595 	83.630135 	31.764761 	93.236259 	81.394104 	56.222771 	102.004898 	46.324940 	74.330345 	
76.485291 	103.247276 	105.418213 	32.649654 	106.887794 	131.795303 	120.917328 	111.865990 	83.234612 	120.241425 	143.533966 	119.553337 	114.021927 	118.928551 	121.696342 	21.633308 	56.824291 	117.686020 	27.730848 	144.589066 	63.063461 	10.630146 	139.344894 	79.259071 	26.570660 	17.088007 	120.739388 	25.000000 	129.634094 	18.439089 	22.561028 	26.683329 	50.596443 	999.000000 	114.621117 	127.141655 	59.464275 	141.449631 	24.186773 	83.192551 	21.023796 	11.704700 	109.931801 	40.311287 	62.361847 	129.807556 	82.079231 	138.408813 	128.003906 	105.190300 	146.659470 	12.727922 	122.331520 	
43.174065 	19.646883 	16.763054 	82.097504 	14.866069 	32.557640 	19.313208 	12.806249 	31.400637 	17.088007 	44.045429 	16.155495 	12.041595 	13.928389 	16.492422 	93.005379 	58.728188 	10.770329 	87.458565 	42.047592 	53.037724 	104.043259 	34.132095 	36.878178 	89.375610 	98.234413 	10.000000 	91.438507 	19.416489 	97.948967 	94.260277 	90.609047 	68.014702 	114.621117 	999.000000 	14.866069 	59.816387 	32.280025 	94.111633 	35.846897 	99.035347 	108.466583 	10.049875 	81.565926 	59.908264 	15.620500 	39.812057 	25.553865 	13.453624 	16.031219 	34.481880 	113.278419 	10.049875 	
52.773098 	25.632011 	22.847319 	94.493385 	21.023796 	21.095022 	12.649111 	16.155495 	44.598206 	11.180340 	30.805843 	11.045361 	13.928389 	10.049875 	9.219544 	105.645638 	72.249565 	9.848858 	100.448990 	28.160255 	66.843102 	116.516090 	20.099751 	51.039200 	102.532921 	111.126053 	6.403124 	104.651802 	5.099020 	111.036034 	107.480232 	103.966339 	82.006096 	127.141655 	14.866069 	999.000000 	74.060783 	17.464249 	107.517441 	50.537113 	112.485558 	121.630585 	24.331051 	95.603348 	74.431175 	5.385165 	54.625999 	11.313708 	7.071068 	30.594116 	20.000000 	126.574089 	15.811388 	
37.336308 	55.027267 	56.080299 	31.016125 	56.859474 	84.864601 	71.589104 	61.269894 	30.463093 	70.213959 	97.498718 	69.318108 	63.063461 	68.000000 	71.119621 	38.832977 	9.219544 	65.863495 	32.015621 	97.169952 	9.000000 	49.729267 	90.338257 	23.021729 	32.893768 	42.379242 	67.955872 	34.539833 	77.698135 	41.231056 	37.161808 	33.105892 	8.944272 	59.464275 	59.816387 	74.060783 	999.000000 	90.553848 	36.235340 	24.839485 	40.816662 	51.000000 	53.037724 	21.931713 	5.000000 	75.432091 	22.825424 	85.211502 	73.109505 	47.507893 	94.047859 	55.226807 	65.764732 	
65.436989 	38.209946 	36.069378 	108.894447 	34.713108 	15.033297 	20.615528 	29.832869 	60.464867 	21.213203 	17.029387 	21.931713 	27.802877 	22.803509 	19.849434 	120.216469 	88.005684 	24.698177 	115.433968 	13.038404 	82.927681 	130.831955 	6.708204 	67.601776 	117.686020 	125.936493 	22.847319 	119.854080 	13.000000 	126.063477 	122.674362 	119.331474 	98.183502 	141.449631 	32.280025 	17.464249 	90.553848 	999.000000 	122.918671 	67.623962 	127.914032 	136.693085 	41.773197 	111.772087 	91.241440 	19.026299 	71.867935 	9.848858 	22.022715 	48.052055 	8.062258 	141.767410 	32.015621 	
60.373837 	85.211502 	87.005745 	18.027756 	88.238312 	114.825958 	102.800781 	93.085983 	62.936478 	101.828285 	127.094452 	101.044548 	95.131485 	100.124924 	103.077644 	10.816654 	35.383614 	98.493652 	9.055386 	127.581345 	41.231056 	16.492422 	121.605919 	57.628117 	6.082763 	8.544003 	101.178062 	4.000000 	110.535065 	6.082763 	2.828427 	3.605551 	27.294687 	24.186773 	94.111633 	107.517441 	36.235340 	122.918671 	999.000000 	60.745369 	5.000000 	14.764823 	88.408142 	16.124516 	38.626415 	109.622078 	59.059292 	118.827606 	107.563934 	83.234612 	127.404869 	19.209373 	101.044548 	
31.890438 	36.013885 	36.055511 	52.201534 	36.221542 	64.132675 	50.219517 	39.812057 	13.892444 	48.507732 	76.687675 	47.539455 	41.231056 	45.880280 	49.040798 	61.846584 	26.570660 	43.324360 	55.461697 	75.690155 	20.248457 	73.006851 	68.308128 	6.708204 	56.824291 	66.189125 	44.777225 	58.668560 	54.625999 	65.368187 	61.400326 	57.454330 	33.600594 	83.192551 	35.846897 	50.537113 	24.839485 	67.623962 	60.745369 	999.000000 	65.459915 	75.471848 	28.319605 	46.754681 	24.207438 	51.312767 	5.099020 	61.400326 	48.826221 	22.671568 	70.327805 	79.881165 	41.036568 	
65.299309 	90.210861 	92.005432 	22.360680 	93.236259 	119.816528 	107.800743 	98.081596 	67.896980 	106.826965 	132.075729 	106.042442 	100.124924 	105.118980 	108.074051 	13.341664 	40.311287 	103.479469 	13.601471 	132.574509 	46.097721 	15.264338 	126.605690 	62.481998 	10.770329 	8.602325 	106.150833 	8.544003 	115.520561 	5.830952 	6.082763 	8.602325 	31.906113 	21.023796 	99.035347 	112.485558 	40.816662 	127.914032 	5.000000 	65.459915 	999.000000 	10.440307 	93.236259 	19.924858 	42.953465 	114.560028 	63.631752 	123.794182 	112.485558 	88.005684 	132.382019 	14.422205 	105.891457 	
72.945183 	98.716766 	100.657837 	28.653097 	101.980392 	128.003906 	116.387283 	106.887794 	77.155685 	115.520561 	140.089264 	114.769333 	108.977058 	113.951744 	116.846054 	17.464249 	49.819675 	112.449989 	21.260292 	140.801285 	55.803226 	11.401754 	135.092560 	72.201111 	19.104973 	11.180340 	115.260574 	17.029387 	124.482933 	10.630146 	14.212670 	18.027756 	42.059483 	11.704700 	108.466583 	121.630585 	51.000000 	136.693085 	14.764823 	75.471848 	10.440307 	999.000000 	103.004852 	30.364452 	53.310413 	123.907227 	73.824112 	132.943604 	121.918007 	97.908119 	141.428421 	5.385165 	115.602768 	
43.000000 	25.000000 	22.671568 	77.826729 	21.213203 	42.579338 	29.120440 	21.095022 	27.513634 	26.925823 	54.083271 	25.961510 	21.023796 	23.769728 	26.476404 	88.323273 	53.254108 	20.615528 	82.377182 	52.009613 	47.201694 	99.478638 	44.045429 	30.805843 	84.053551 	93.193344 	20.024984 	86.023254 	29.154760 	92.655273 	88.814415 	85.000000 	61.619801 	109.931801 	10.049875 	24.331051 	53.037724 	41.773197 	88.408142 	28.319605 	93.236259 	103.004852 	999.000000 	74.966660 	52.497620 	23.769728 	31.622776 	34.176014 	21.023796 	6.324555 	43.081318 	107.615051 	12.727922 	
53.150730 	75.133217 	76.537575 	21.931713 	77.524193 	105.095192 	92.282173 	82.152298 	51.312767 	91.065910 	117.630775 	90.210861 	84.059502 	89.044930 	92.114059 	23.086792 	24.166092 	87.091904 	16.552946 	117.647781 	28.844410 	32.062439 	111.139549 	44.687805 	15.524175 	24.020824 	89.403580 	16.124516 	99.045441 	22.022715 	18.000000 	14.035668 	13.601471 	40.311287 	81.565926 	95.603348 	21.931713 	111.772087 	16.124516 	46.754681 	19.924858 	30.364452 	74.966660 	999.000000 	23.323807 	97.185387 	44.407207 	106.826965 	94.921021 	69.426216 	115.602768 	34.014702 	87.692642 	
41.000000 	56.753853 	57.567352 	35.227829 	58.189346 	86.330757 	72.801102 	62.393909 	32.015621 	71.309189 	98.979797 	70.384659 	64.078079 	68.942001 	72.090218 	42.296574 	14.142136 	66.640831 	35.355339 	98.432716 	12.649111 	52.952808 	91.389275 	23.769728 	35.902645 	45.354160 	68.476273 	37.363083 	78.294319 	43.965897 	39.849716 	35.735138 	12.041595 	62.361847 	59.908264 	74.431175 	5.000000 	91.241440 	38.626415 	24.207438 	42.953465 	53.310413 	52.497620 	23.323807 	999.000000 	75.451973 	21.260292 	85.440041 	73.006851 	46.690472 	94.339813 	57.245087 	65.192024 	
56.462376 	29.832869 	26.925823 	97.200821 	25.000000 	25.612497 	18.027756 	20.396078 	46.754681 	16.492422 	34.176014 	16.278820 	18.248287 	15.033297 	14.560220 	108.231232 	74.249580 	14.142136 	102.825096 	31.048349 	68.622154 	119.201508 	23.086792 	52.497620 	104.804581 	113.569359 	10.198039 	106.887794 	9.219544 	113.357841 	109.713264 	106.103722 	83.630135 	129.807556 	15.620500 	5.385165 	75.432091 	19.026299 	109.622078 	51.312767 	114.560028 	123.907227 	23.769728 	97.185387 	75.451973 	999.000000 	55.072678 	10.440307 	3.000000 	30.083218 	19.313208 	128.763351 	13.000000 	
36.069378 	41.048752 	41.012192 	51.971146 	41.109608 	68.883957 	54.918121 	44.553337 	18.788294 	53.150730 	81.394104 	52.172791 	45.891174 	50.447994 	53.600372 	61.032780 	26.305893 	47.801674 	54.424259 	80.280754 	20.099751 	72.111023 	72.801102 	10.630146 	55.542778 	65.000000 	49.040798 	57.271286 	58.872746 	63.976559 	59.933296 	55.901699 	31.764761 	82.079231 	39.812057 	54.625999 	22.825424 	71.867935 	59.059292 	5.099020 	63.631752 	73.824112 	31.622776 	44.407207 	21.260292 	55.072678 	999.000000 	65.299309 	52.478565 	25.612497 	74.242844 	78.032043 	44.204071 	
63.631752 	36.235340 	33.615471 	105.759163 	31.906113 	21.470911 	20.396078 	26.925823 	55.901699 	19.924858 	26.627054 	20.248457 	24.698177 	20.124611 	18.027756 	116.931602 	83.546394 	20.808653 	111.758667 	22.825424 	78.102493 	127.781059 	15.620500 	62.201286 	113.846390 	122.429573 	17.691807 	115.965515 	9.486833 	122.347862 	118.793938 	115.277924 	93.236259 	138.408813 	25.553865 	11.313708 	85.211502 	9.848858 	118.827606 	61.400326 	123.794182 	132.943604 	34.176014 	106.826965 	85.440041 	10.440307 	65.299309 	999.000000 	13.341664 	40.496914 	8.944272 	137.887634 	23.194826 	
55.362442 	29.274563 	26.305893 	95.441078 	24.331051 	28.017851 	19.235384 	20.024984 	44.821869 	17.464249 	37.000000 	17.088007 	18.000000 	15.524175 	15.652476 	106.400185 	72.180328 	14.035668 	100.895988 	33.955853 	66.468040 	117.413795 	25.961510 	50.249378 	102.825096 	111.664673 	10.049875 	104.890419 	11.661903 	111.395691 	107.712578 	104.062485 	81.394104 	128.003906 	13.453624 	7.071068 	73.109505 	22.022715 	107.563934 	48.826221 	112.485558 	121.918007 	21.023796 	94.921021 	73.006851 	3.000000 	52.478565 	13.341664 	999.000000 	27.313000 	22.135944 	126.732002 	10.000000 	
41.436699 	27.658634 	25.806976 	73.409805 	24.698177 	48.259712 	34.525352 	25.632011 	24.186773 	32.388271 	60.008331 	31.400637 	25.961510 	29.274563 	32.140316 	83.648071 	48.373547 	26.172504 	77.524193 	58.077534 	42.190044 	94.826157 	50.159744 	25.942244 	79.075912 	88.323273 	26.019224 	80.993828 	35.355339 	87.664131 	83.761566 	79.881165 	56.222771 	105.190300 	16.031219 	30.594116 	47.507893 	48.052055 	83.234612 	22.671568 	88.005684 	97.908119 	6.324555 	69.426216 	46.690472 	30.083218 	25.612497 	40.496914 	27.313000 	999.000000 	49.396355 	102.415817 	18.601076 	
71.281136 	43.829212 	41.400482 	114.021927 	39.824615 	23.086792 	26.832815 	34.828148 	64.536812 	26.925823 	23.600847 	27.459061 	32.649654 	27.802877 	25.238859 	125.255737 	92.195442 	29.000000 	120.208153 	19.209373 	86.833176 	136.029404 	14.560220 	71.028160 	122.347862 	130.831955 	26.248810 	124.482933 	17.029387 	130.816666 	127.310646 	123.842644 	102.004898 	146.659470 	34.481880 	20.000000 	94.047859 	8.062258 	127.404869 	70.327805 	132.382019 	141.428421 	43.081318 	115.602768 	94.339813 	19.313208 	74.242844 	8.944272 	22.135944 	49.396355 	999.000000 	146.413803 	31.780497 	
78.230431 	103.855667 	105.759163 	34.000000 	107.056061 	133.221619 	121.511314 	111.946419 	82.036575 	120.615089 	145.340973 	119.854080 	114.021927 	119.004204 	121.918007 	22.847319 	54.561890 	117.456375 	26.400757 	146.013702 	60.440052 	16.031219 	140.246216 	76.837494 	24.083189 	16.552946 	120.216469 	21.931713 	129.495178 	15.811388 	19.104973 	22.671568 	46.324940 	12.727922 	113.278419 	126.574089 	55.226807 	141.767410 	19.209373 	79.881165 	14.422205 	5.385165 	107.615051 	34.014702 	57.245087 	128.763351 	78.032043 	137.887634 	126.732002 	102.415817 	146.413803 	999.000000 	120.253899 	
52.773098 	29.614185 	26.683329 	90.049988 	24.738634 	36.674240 	25.495098 	21.931713 	39.357338 	23.345236 	46.572525 	22.627417 	20.591261 	20.518284 	22.022715 	100.702530 	65.802734 	17.804493 	94.868332 	43.737854 	59.816387 	111.830231 	35.693138 	43.416588 	96.607452 	105.683487 	14.866069 	98.600204 	20.880613 	105.209312 	101.400200 	97.616600 	74.330345 	122.331520 	10.049875 	15.811388 	65.764732 	32.015621 	101.044548 	41.036568 	105.891457 	115.602768 	12.727922 	87.692642 	65.192024 	13.000000 	44.204071 	23.194826 	10.000000 	18.601076 	31.780497 	120.253899 	999.000000 	

Travel time:
9.000000 	0.686477 	0.750417 	1.110180 	0.794119 	1.382932 	1.120547 	0.917878 	0.480885 	1.110180 	1.680030 	1.095730 	0.973717 	1.089151 	1.151086 	1.395081 	0.750417 	1.073546 	1.299279 	1.702939 	0.711073 	1.648674 	1.573412 	0.636396 	1.364734 	1.546367 	1.162970 	1.420607 	1.359458 	1.560849 	1.488497 	1.419947 	1.027740 	1.912132 	1.079352 	1.319327 	0.933408 	1.635925 	1.509346 	0.797261 	1.632483 	1.823630 	1.075000 	1.328768 	1.025000 	1.411559 	0.901734 	1.590794 	1.384061 	1.035918 	1.782028 	1.955761 	1.319327 	
0.686477 	9.000000 	0.075000 	1.768120 	0.125000 	0.749166 	0.442295 	0.237171 	0.618466 	0.425735 	1.063602 	0.410031 	0.292617 	0.403113 	0.465027 	2.051828 	1.275000 	0.395285 	1.936653 	1.063602 	1.165386 	2.315842 	0.910014 	0.834416 	1.995307 	2.196588 	0.491172 	2.050152 	0.673146 	2.202271 	2.120289 	2.040221 	1.543535 	2.581182 	0.491172 	0.640800 	1.375682 	0.955249 	2.130288 	0.900347 	2.255271 	2.467919 	0.625000 	1.878330 	1.418846 	0.745822 	1.026219 	0.905883 	0.731864 	0.691466 	1.095730 	2.596392 	0.740355 	
0.750417 	0.075000 	9.000000 	1.820886 	0.050000 	0.719809 	0.395285 	0.167705 	0.640800 	0.371652 	1.035918 	0.353553 	0.223607 	0.340037 	0.406971 	2.103717 	1.311964 	0.325000 	1.984943 	1.028652 	1.196349 	2.369863 	0.866747 	0.848896 	2.042211 	2.246803 	0.419076 	2.096724 	0.610328 	2.250694 	2.167083 	2.085216 	1.576586 	2.635455 	0.419076 	0.571183 	1.402007 	0.901734 	2.175144 	0.901388 	2.300136 	2.516446 	0.566789 	1.913439 	1.439184 	0.673146 	1.025305 	0.840387 	0.657647 	0.645174 	1.035012 	2.643979 	0.667083 	
1.110180 	1.768120 	1.820886 	9.000000 	1.856913 	2.490984 	2.210345 	1.981161 	1.269350 	2.192031 	2.790161 	2.174425 	2.034853 	2.157835 	2.227667 	0.285044 	0.642748 	2.126029 	0.225000 	2.811139 	0.800391 	0.550568 	2.674065 	1.188486 	0.300000 	0.437321 	2.202271 	0.350892 	2.425000 	0.459619 	0.406971 	0.375832 	0.588430 	0.816241 	2.052438 	2.362335 	0.775403 	2.722361 	0.450694 	1.305038 	0.559017 	0.716327 	1.945668 	0.548293 	0.880696 	2.430021 	1.299279 	2.643979 	2.386027 	1.835245 	2.850548 	0.850000 	2.251250 	
0.794119 	0.125000 	0.050000 	1.856913 	9.000000 	0.704006 	0.369121 	0.125000 	0.660019 	0.340037 	1.020110 	0.320156 	0.180278 	0.301040 	0.371652 	2.139071 	1.338376 	0.279509 	2.018044 	1.007782 	1.219118 	2.406502 	0.840387 	0.862047 	2.074398 	2.281036 	0.371652 	2.128673 	0.570088 	2.283774 	2.199148 	2.116158 	1.600195 	2.672195 	0.371652 	0.525595 	1.421487 	0.867828 	2.205958 	0.905539 	2.330906 	2.549510 	0.530330 	1.938105 	1.454734 	0.625000 	1.027740 	0.797653 	0.608276 	0.617454 	0.995615 	2.676402 	0.618466 	
1.382932 	0.749166 	0.719809 	2.490984 	0.704006 	9.000000 	0.350892 	0.608276 	1.360606 	0.400000 	0.316228 	0.425000 	0.577170 	0.475657 	0.403113 	2.776013 	2.023765 	0.552268 	2.670791 	0.320156 	1.913929 	3.031604 	0.230489 	1.566046 	2.732215 	2.925107 	0.570088 	2.787584 	0.410031 	2.935345 	2.857118 	2.780513 	2.292651 	3.294883 	0.813941 	0.527376 	2.121615 	0.375832 	2.870649 	1.603317 	2.995413 	3.200098 	1.064483 	2.627380 	2.158269 	0.640312 	1.722099 	0.536773 	0.700446 	1.206493 	0.577170 	3.330540 	0.916856 	
1.120547 	0.442295 	0.395285 	2.210345 	0.369121 	0.350892 	9.000000 	0.261008 	1.028652 	0.055902 	0.661910 	0.079057 	0.226385 	0.134629 	0.090139 	2.494118 	1.706605 	0.213600 	2.378287 	0.640800 	1.588238 	2.757716 	0.471699 	1.226020 	2.436314 	2.638773 	0.265754 	2.490984 	0.276134 	2.643979 	2.561250 	2.480045 	1.969296 	3.022933 	0.482830 	0.316228 	1.789728 	0.515388 	2.570019 	1.255488 	2.695019 	2.909682 	0.728011 	2.307054 	1.820028 	0.450694 	1.372953 	0.509902 	0.480885 	0.863134 	0.670820 	3.037783 	0.637377 	
0.917878 	0.237171 	0.167705 	1.981161 	0.125000 	0.608276 	0.261008 	9.000000 	0.772172 	0.223607 	0.921954 	0.201556 	0.055902 	0.176777 	0.250000 	2.263018 	1.456237 	0.158114 	2.140823 	0.901388 	1.333464 	2.530934 	0.726722 	0.965660 	2.196588 	2.404423 	0.254951 	2.250694 	0.445112 	2.406502 	2.321234 	2.237465 	1.715007 	2.796650 	0.320156 	0.403887 	1.531747 	0.745822 	2.327150 	0.995301 	2.452040 	2.672195 	0.527376 	2.053807 	1.559848 	0.509902 	1.113833 	0.673146 	0.500625 	0.640800 	0.870704 	2.798661 	0.548293 	
0.480885 	0.618466 	0.640800 	1.269350 	0.660019 	1.360606 	1.028652 	0.772172 	9.000000 	0.995615 	1.676678 	0.973717 	0.818917 	0.943398 	1.020416 	1.540292 	0.691466 	0.895126 	1.402007 	1.667708 	0.561805 	1.816762 	1.498541 	0.226385 	1.451293 	1.671077 	0.957209 	1.503537 	1.195042 	1.665083 	1.574206 	1.484924 	0.943398 	2.080865 	0.785016 	1.114955 	0.761577 	1.511622 	1.573412 	0.347311 	1.697425 	1.928892 	0.687841 	1.282819 	0.800391 	1.168867 	0.469707 	1.397542 	1.120547 	0.604669 	1.613420 	2.050914 	0.983933 	
1.110180 	0.425735 	0.371652 	2.192031 	0.340037 	0.400000 	0.055902 	0.223607 	0.995615 	9.000000 	0.707107 	0.025000 	0.182003 	0.079057 	0.050000 	2.475126 	1.677982 	0.158114 	2.356507 	0.680074 	1.556639 	2.740552 	0.503115 	1.188486 	2.413504 	2.618444 	0.212132 	2.467919 	0.261008 	2.622261 	2.538331 	2.455860 	1.938105 	3.006036 	0.427200 	0.279509 	1.755349 	0.530330 	2.545707 	1.212693 	2.670674 	2.888014 	0.673146 	2.276648 	1.782730 	0.412311 	1.328768 	0.498121 	0.436606 	0.809707 	0.673146 	3.015377 	0.583631 	
1.680030 	1.063602 	1.035918 	2.790161 	1.020110 	0.316228 	0.661910 	0.921954 	1.676678 	0.707107 	9.000000 	0.731864 	0.887764 	0.778621 	0.701783 	3.075102 	2.336798 	0.851469 	2.974580 	0.111803 	2.228929 	3.326503 	0.279509 	1.882153 	3.037268 	3.225872 	0.851469 	3.092834 	0.642748 	3.238248 	3.161981 	3.087272 	2.606962 	3.588349 	1.101136 	0.770146 	2.437468 	0.425735 	3.177361 	1.917192 	3.301893 	3.502232 	1.352082 	2.940769 	2.474495 	0.854400 	2.034853 	0.665676 	0.925000 	1.500208 	0.590021 	3.633524 	1.164313 	
1.095730 	0.410031 	0.353553 	2.174425 	0.320156 	0.425000 	0.079057 	0.201556 	0.973717 	0.025000 	0.731864 	9.000000 	0.158114 	0.055902 	0.055902 	2.457260 	1.657181 	0.134629 	2.337734 	0.704006 	1.535008 	2.723279 	0.525595 	1.165386 	2.394394 	2.600120 	0.195256 	2.448724 	0.269258 	2.603483 	2.519176 	2.436314 	1.916540 	2.988833 	0.403887 	0.276134 	1.732953 	0.548293 	2.526114 	1.188486 	2.651061 	2.869233 	0.649038 	2.255271 	1.759616 	0.406971 	1.304320 	0.506211 	0.427200 	0.785016 	0.686477 	2.996352 	0.565685 	
0.973717 	0.292617 	0.223607 	2.034853 	0.180278 	0.577170 	0.226385 	0.055902 	0.818917 	0.182003 	0.887764 	0.158114 	9.000000 	0.125000 	0.201556 	2.316382 	1.505407 	0.103078 	2.193171 	0.862047 	1.380670 	2.584811 	0.682825 	1.007782 	2.248472 	2.457260 	0.201556 	2.302444 	0.390512 	2.458785 	2.373025 	2.288695 	1.762278 	2.850548 	0.301040 	0.348210 	1.576586 	0.695072 	2.378287 	1.030776 	2.503123 	2.724427 	0.525595 	2.101488 	1.601952 	0.456207 	1.147279 	0.617454 	0.450000 	0.649038 	0.816241 	2.850548 	0.514782 	
1.089151 	0.403113 	0.340037 	2.157835 	0.301040 	0.475657 	0.134629 	0.176777 	0.943398 	0.079057 	0.778621 	0.055902 	0.125000 	9.000000 	0.079057 	2.439775 	1.630376 	0.079057 	2.317461 	0.745822 	1.505199 	2.707513 	0.561805 	1.129712 	2.373025 	2.581182 	0.145774 	2.427061 	0.270416 	2.583118 	2.497624 	2.413504 	1.886796 	2.973214 	0.348210 	0.251247 	1.700000 	0.570088 	2.503123 	1.147007 	2.627975 	2.848794 	0.594243 	2.226123 	1.723550 	0.375832 	1.261200 	0.503115 	0.388104 	0.731864 	0.695072 	2.975105 	0.512957 	
1.151086 	0.465027 	0.406971 	2.227667 	0.371652 	0.403113 	0.090139 	0.250000 	1.020416 	0.050000 	0.701783 	0.055902 	0.201556 	0.079057 	9.000000 	2.510229 	1.706055 	0.150000 	2.389691 	0.667083 	1.582127 	2.776801 	0.482830 	1.208305 	2.445915 	2.652593 	0.180278 	2.500125 	0.213600 	2.655419 	2.570627 	2.487217 	1.963734 	3.042408 	0.412311 	0.230489 	1.777991 	0.496236 	2.576941 	1.226020 	2.701851 	2.921151 	0.661910 	2.302851 	1.802255 	0.364006 	1.340009 	0.450694 	0.391312 	0.803508 	0.630971 	3.047950 	0.550568 	
1.395081 	2.051828 	2.103717 	0.285044 	2.139071 	2.776013 	2.494118 	2.263018 	1.540292 	2.475126 	3.075102 	2.457260 	2.316382 	2.439775 	2.510229 	9.000000 	0.883530 	2.406502 	0.175000 	3.096167 	1.040733 	0.279509 	2.958568 	1.442654 	0.190394 	0.158114 	2.481179 	0.195256 	2.706127 	0.200000 	0.201556 	0.250000 	0.756637 	0.540833 	2.325135 	2.641141 	0.970824 	3.005412 	0.270416 	1.546165 	0.333542 	0.436606 	2.208082 	0.577170 	1.057414 	2.705781 	1.525820 	2.923290 	2.660005 	2.091202 	3.131393 	0.571183 	2.517563 	
