Total assets = 750
Number of asset nodes = 40

Distance:
999.000000 	2.000000 	19.723083 	39.824615 	32.695564 	43.416588 	44.777225 	12.041595 	14.317822 	102.649887 	47.095646 	55.443665 	39.217342 	38.183765 	79.812279 	30.149628 	23.345236 	22.360680 	90.271812 	50.990196 	26.570660 	39.319206 	41.773197 	45.276924 	45.398239 	43.737854 	40.804413 	44.911022 	44.147480 	41.436699 	36.124783 	44.922153 	55.036350 	45.221676 	40.000000 	62.128899 	54.589375 	55.578773 	63.071388 	61.294373 	62.201286 	65.030762 	70.114189 	48.548943 	62.649822 	65.490456 	67.268120 	67.364677 	70.256676 	64.195015 	62.769421 	72.111023 	
2.000000 	999.000000 	18.027756 	38.078865 	30.870699 	41.677334 	43.046486 	12.369317 	12.369317 	101.316338 	49.091751 	57.428215 	37.336308 	39.623226 	78.243210 	28.160255 	21.377558 	22.803509 	88.729927 	49.030602 	25.961510 	37.336308 	39.812057 	43.289722 	43.416588 	41.773197 	38.897301 	42.953465 	42.201897 	39.560081 	34.655445 	43.011627 	53.037724 	43.324360 	38.418747 	60.133186 	52.611786 	53.600372 	61.073727 	59.304298 	60.207973 	63.031738 	68.117546 	46.872166 	60.671246 	63.505905 	65.276337 	65.375839 	68.264191 	62.297672 	60.926186 	70.228203 	
19.723083 	18.027756 	999.000000 	20.124611 	13.341664 	23.706539 	25.059929 	28.425341 	13.341664 	84.023804 	65.306969 	73.979729 	20.223749 	57.489128 	60.307545 	14.764823 	15.231546 	38.275318 	70.837845 	33.000000 	35.902645 	26.627054 	30.000000 	31.764761 	32.249031 	31.622776 	31.112698 	33.015148 	32.802441 	32.557640 	35.440090 	34.713108 	39.849716 	35.383614 	37.161808 	45.398239 	41.146080 	42.047592 	47.801674 	46.818798 	47.434166 	49.477268 	53.338543 	43.266617 	48.846699 	51.264023 	52.497620 	52.810986 	55.362442 	53.254108 	53.263496 	61.294373 	
39.824615 	38.078865 	20.124611 	999.000000 	7.810250 	3.605551 	5.000000 	47.507893 	30.413813 	66.370171 	84.899940 	93.680305 	6.324555 	77.201035 	41.036568 	16.763054 	25.942244 	56.586216 	51.662365 	17.492855 	51.107731 	24.331051 	27.658634 	26.000000 	26.925823 	28.160255 	31.257000 	29.410883 	30.083218 	33.241539 	43.737854 	32.984844 	29.000000 	33.955853 	43.104523 	30.886890 	33.015148 	33.600594 	35.608986 	36.069378 	36.124783 	36.619667 	38.078865 	45.398239 	38.897301 	40.360870 	40.607880 	41.231056 	43.011627 	46.872166 	48.764740 	54.203320 	
32.695564 	30.870699 	13.341664 	7.810250 	999.000000 	11.313708 	12.727922 	39.824615 	22.627417 	74.094536 	78.644768 	87.321243 	7.000000 	69.634758 	48.836460 	10.000000 	18.384777 	48.795490 	59.464275 	20.223749 	43.416588 	20.124611 	23.706539 	23.430750 	24.207438 	24.698177 	26.570660 	26.076809 	26.419689 	28.460499 	37.121422 	29.068884 	29.154760 	29.966648 	37.054016 	33.241539 	31.890438 	32.649654 	36.674240 	36.359318 	36.715118 	38.078865 	41.000000 	40.521599 	38.832977 	40.816662 	41.593269 	42.059483 	44.283180 	45.276924 	46.400433 	53.037724 	
43.416588 	41.677334 	23.706539 	3.605551 	11.313708 	999.000000 	1.414214 	51.088158 	33.941124 	63.134777 	88.323273 	97.123634 	8.062258 	80.802231 	37.536648 	19.697716 	29.154760 	60.108234 	48.166378 	16.278820 	54.378304 	26.019224 	29.154760 	26.925823 	27.892651 	29.427877 	33.015148 	30.594116 	31.400637 	35.014282 	46.324940 	34.365681 	28.600698 	35.355339 	45.398239 	29.410883 	33.120991 	33.615471 	34.655445 	35.468296 	35.383614 	35.468296 	36.235340 	47.095646 	38.418747 	39.623226 	39.623226 	40.311287 	41.868843 	47.010635 	49.244289 	54.083271 	
44.777225 	43.046486 	25.059929 	5.000000 	12.727922 	1.414214 	999.000000 	52.497620 	35.355339 	61.773781 	89.560036 	98.371742 	9.219544 	82.200974 	36.124783 	21.023796 	30.528675 	61.522354 	46.754681 	16.278820 	55.758408 	27.000000 	30.066593 	27.658634 	28.635643 	30.265491 	34.000000 	31.400637 	32.249031 	36.000000 	47.539455 	35.227829 	28.844410 	36.221542 	46.529560 	29.206163 	33.541019 	34.000000 	34.655445 	35.608986 	35.468296 	35.383614 	35.846897 	48.041649 	38.600517 	39.698868 	39.597980 	40.311287 	41.773197 	47.413078 	49.769470 	54.378304 	
12.041595 	12.369317 	28.425341 	47.507893 	39.824615 	51.088158 	52.497620 	999.000000 	17.492855 	112.445541 	46.872166 	54.230988 	45.486263 	30.016663 	88.413803 	34.438351 	25.298222 	10.440307 	99.005051 	55.542778 	16.401220 	40.607880 	42.190044 	46.529560 	46.389652 	44.181442 	40.000000 	45.099888 	44.045429 	40.049969 	30.463093 	44.011364 	56.885849 	44.045429 	35.114101 	65.000000 	55.145264 	56.142673 	64.629715 	62.289646 	63.387695 	66.753281 	72.780495 	44.271889 	63.071388 	66.121101 	68.264191 	68.183578 	71.253067 	62.514000 	60.207973 	70.035706 	
14.317822 	12.369317 	13.341664 	30.413813 	22.627417 	33.941124 	35.355339 	17.492855 	999.000000 	96.260063 	61.000000 	69.115845 	28.017851 	47.507893 	71.449280 	17.088007 	9.055386 	26.172504 	82.073135 	38.275318 	22.561028 	25.079872 	27.459061 	31.064449 	31.144823 	29.427877 	26.570660 	30.594116 	29.832869 	27.313000 	24.698177 	30.675724 	41.012192 	31.016125 	27.658634 	48.507732 	40.311287 	41.303753 	49.000000 	47.095646 	48.041649 	51.009804 	56.435802 	35.468296 	48.373547 	51.244511 	53.084839 	53.150730 	56.080299 	49.979996 	48.754486 	57.939625 	
102.649887 	101.316338 	84.023804 	66.370171 	74.094536 	63.134777 	61.773781 	112.445541 	96.260063 	999.000000 	140.346008 	149.214615 	70.661163 	140.801285 	27.658634 	82.764725 	92.282173 	122.200653 	19.026299 	68.680420 	117.477661 	86.377083 	88.543777 	84.480766 	85.440041 	87.931793 	92.973114 	88.600227 	89.844307 	94.868332 	108.461975 	92.720009 	79.246452 	93.680305 	106.625511 	72.339478 	85.328773 	85.158676 	79.227524 	82.389320 	81.301903 	78.102493 	72.006943 	105.773346 	85.287750 	84.095184 	82.024384 	83.024094 	82.006096 	96.332756 	100.603180 	100.004997 	
47.095646 	49.091751 	65.306969 	84.899940 	78.644768 	88.323273 	89.560036 	46.872166 	61.000000 	140.346008 	999.000000 	8.944272 	85.510231 	31.240999 	121.671692 	77.233414 	70.007141 	47.010635 	131.487640 	97.867256 	60.166435 	86.023254 	88.141930 	92.021736 	92.048897 	90.138779 	86.469650 	91.197586 	90.271812 	86.700638 	76.922035 	90.553848 	102.004898 	90.669731 	81.743500 	109.224541 	101.123688 	102.122475 	110.000000 	108.041656 	109.018349 	112.004463 	117.209213 	90.956032 	109.165016 	112.111549 	114.039467 	114.070152 	117.038452 	109.329773 	107.079407 	116.901665 	
55.443665 	57.428215 	73.979729 	93.680305 	87.321243 	97.123634 	98.371742 	54.230988 	69.115845 	149.214615 	8.944272 	999.000000 	94.148819 	34.409302 	130.613937 	85.586212 	78.057671 	53.160137 	140.431473 	106.367287 	66.483078 	94.021271 	96.005211 	100.019997 	100.004997 	98.005104 	94.132881 	99.020203 	98.045906 	94.260277 	83.743660 	98.183502 	110.113579 	98.249680 	88.645363 	117.515953 	109.004585 	110.004547 	118.067780 	116.004311 	117.017090 	120.104118 	125.483070 	97.862144 	117.017090 	120.004166 	122.004097 	122.000000 	125.003998 	116.726173 	114.271606 	124.169243 	
39.217342 	37.336308 	20.223749 	6.324555 	7.000000 	8.062258 	9.219544 	45.486263 	28.017851 	70.661163 	85.510231 	94.148819 	999.000000 	75.471848 	44.407207 	12.206555 	22.022715 	53.907330 	55.000000 	13.341664 	47.201694 	18.110771 	21.377558 	19.697716 	20.615528 	21.840330 	25.079872 	23.086792 	23.769728 	27.073973 	38.327538 	26.683329 	23.430750 	27.658634 	37.336308 	26.570660 	27.018513 	27.658634 	30.528675 	30.610456 	30.805843 	31.764761 	34.205261 	39.204590 	33.301651 	35.000000 	35.510563 	36.055511 	38.078865 	40.804413 	42.544094 	48.270073 	
38.183765 	39.623226 	57.489128 	77.201035 	69.634758 	80.802231 	82.200974 	30.016663 	47.507893 	140.801285 	31.240999 	34.409302 	75.471848 	999.000000 	117.796432 	64.412735 	55.036350 	23.537205 	128.316010 	85.428329 	36.055511 	69.570107 	70.604530 	75.286118 	75.000000 	72.532753 	67.683083 	73.246162 	72.034714 	67.268120 	54.083271 	71.386276 	85.726311 	71.196907 	59.076221 	94.244362 	83.198555 	84.172440 	93.145050 	90.470993 	91.678787 	95.336250 	101.833199 	68.007355 	90.801979 	93.941475 	96.317184 	96.104111 	99.247169 	88.277969 	85.052925 	95.047356 	
79.812279 	78.243210 	60.307545 	41.036568 	48.836460 	37.536648 	36.124783 	88.413803 	71.449280 	27.658634 	121.671692 	130.613937 	44.407207 	117.796432 	999.000000 	56.612720 	66.400299 	97.621719 	10.630146 	41.109608 	91.607857 	59.093147 	61.098282 	56.920998 	57.870544 	60.406952 	65.551506 	61.032780 	62.297672 	67.416618 	81.394104 	65.145988 	51.623638 	66.098412 	79.309517 	45.011108 	57.706154 	57.558666 	52.000000 	55.036350 	54.009258 	51.039200 	45.541191 	78.160095 	58.008621 	57.035076 	55.145264 	56.142673 	55.443665 	69.028976 	73.171036 	73.171036 	
30.149628 	28.160255 	14.764823 	16.763054 	10.000000 	19.697716 	21.023796 	34.438351 	17.088007 	82.764725 	77.233414 	85.586212 	12.206555 	64.412735 	56.612720 	999.000000 	9.899495 	42.201897 	67.201187 	21.189621 	35.000000 	12.041595 	15.556349 	17.000000 	17.492855 	17.029387 	17.492855 	18.439089 	18.384777 	19.235384 	27.166155 	20.615528 	25.495098 	21.400934 	27.073973 	32.015621 	26.400757 	27.313000 	33.541019 	32.280025 	32.984844 	35.355339 	40.012497 	31.016125 	34.176014 	36.687874 	38.078865 	38.327538 	41.000000 	38.600517 	38.897301 	46.615448 	
23.345236 	21.377558 	15.231546 	25.942244 	18.384777 	29.154760 	30.528675 	25.298222 	9.055386 	92.282173 	70.007141 	78.057671 	22.022715 	55.036350 	66.400299 	9.899495 	999.000000 	32.449963 	77.006493 	30.413813 	25.238859 	16.031219 	18.439089 	22.022715 	22.090721 	20.396078 	17.888544 	21.587032 	20.880613 	18.867962 	20.396078 	21.931713 	32.062439 	22.360680 	21.931713 	39.812057 	31.257000 	32.249031 	40.012497 	38.052597 	39.012817 	42.047592 	47.675991 	28.425341 	39.319206 	42.190044 	44.045429 	44.102154 	47.042534 	41.231056 	40.311287 	49.244289 	
22.360680 	22.803509 	38.275318 	56.586216 	48.795490 	60.108234 	61.522354 	10.440307 	26.172504 	122.200653 	47.010635 	53.160137 	53.907330 	23.537205 	97.621719 	42.201897 	32.449963 	999.000000 	108.245094 	62.769421 	13.341664 	46.238514 	47.127487 	51.865211 	51.546097 	49.040798 	44.147480 	49.729267 	48.507732 	43.737854 	31.064449 	47.853943 	62.297672 	47.675991 	36.055511 	70.936592 	59.665737 	60.638271 	69.641945 	66.940269 	68.154236 	71.840103 	78.434685 	45.177429 	67.268120 	70.405968 	72.780495 	72.567207 	75.709976 	65.030762 	62.032249 	72.027771 	
90.271812 	88.729927 	70.837845 	51.662365 	59.464275 	48.166378 	46.754681 	99.005051 	82.073135 	19.026299 	131.487640 	140.431473 	55.000000 	128.316010 	10.630146 	67.201187 	77.006493 	108.245094 	999.000000 	51.078373 	102.200783 	69.318108 	71.175842 	66.850578 	67.779053 	70.384659 	75.643906 	70.936592 	72.235725 	77.472572 	91.706055 	75.026665 	60.876926 	75.960518 	89.470665 	53.600372 	66.940269 	66.708321 	60.406952 	63.639610 	62.514000 	59.211487 	53.000000 	87.920418 	66.483078 	65.192024 	63.071388 	64.070274 	63.000000 	77.524193 	81.884064 	81.024689 	
50.990196 	49.030602 	33.000000 	17.492855 	20.223749 	16.278820 	16.278820 	55.542778 	38.275318 	68.680420 	97.867256 	106.367287 	13.341664 	85.428329 	41.109608 	21.189621 	30.413813 	62.769421 	51.078373 	999.000000 	53.907330 	18.601076 	20.124611 	15.811388 	16.763054 	19.313208 	24.596748 	19.924858 	21.189621 	26.400757 	41.048752 	24.041630 	13.000000 	25.000000 	38.470768 	13.416408 	18.439089 	18.681541 	18.384777 	19.416489 	19.209373 	19.209373 	20.880613 	37.107952 	22.472204 	23.430750 	23.345236 	24.041630 	25.612497 	31.953091 	34.928497 	38.470768 	
26.570660 	25.961510 	35.902645 	51.107731 	43.416588 	54.378304 	55.758408 	16.401220 	22.561028 	117.477661 	60.166435 	66.483078 	47.201694 	36.055511 	91.607857 	35.000000 	25.238859 	13.341664 	102.200783 	53.907330 	999.000000 	36.055511 	36.235340 	41.182522 	40.706264 	38.013157 	32.695564 	38.483765 	37.161808 	31.953091 	18.027756 	36.055511 	51.429562 	35.735138 	23.021729 	60.415230 	48.104053 	49.040798 	58.309521 	55.362442 	56.648037 	60.539242 	67.542580 	32.015621 	55.362442 	58.523499 	61.032780 	60.728905 	63.890530 	52.239830 	49.010204 	59.008472 	
39.319206 	37.336308 	26.627054 	24.331051 	20.124611 	26.019224 	27.000000 	40.607880 	25.079872 	86.377083 	86.023254 	94.021271 	18.110771 	69.570107 	59.093147 	12.041595 	16.031219 	46.238514 	69.318108 	18.601076 	36.055511 	999.000000 	3.605551 	6.000000 	6.082763 	5.000000 	7.000000 	6.403124 	6.403124 	9.000000 	22.472204 	8.944272 	16.278820 	9.848858 	20.248457 	24.698177 	15.297058 	16.278820 	24.083189 	22.022715 	23.000000 	26.172504 	32.280025 	21.095022 	23.345236 	26.172504 	28.017851 	28.071337 	31.016125 	26.627054 	26.870058 	34.669872 	
41.773197 	39.812057 	30.000000 	27.658634 	23.706539 	29.154760 	30.066593 	42.190044 	27.459061 	88.543777 	88.141930 	96.005211 	21.377558 	70.604530 	61.098282 	15.556349 	18.439089 	47.127487 	71.175842 	20.124611 	36.235340 	3.605551 	999.000000 	5.000000 	4.472136 	2.000000 	4.472136 	3.162278 	2.828427 	6.324555 	21.260292 	5.385165 	15.231546 	6.324555 	18.357559 	24.186773 	13.000000 	14.000000 	22.561028 	20.099751 	21.213203 	24.738634 	31.384710 	18.000000 	21.023796 	24.000000 	26.076809 	26.019224 	29.068884 	23.323807 	23.345236 	31.384710 	
45.276924 	43.289722 	31.764761 	26.000000 	23.430750 	26.925823 	27.658634 	46.529560 	31.064449 	84.480766 	92.021736 	100.019997 	19.697716 	75.286118 	56.920998 	17.000000 	22.022715 	51.865211 	66.850578 	15.811388 	41.182522 	6.000000 	5.000000 	999.000000 	1.000000 	3.605551 	9.219544 	4.123106 	5.385165 	10.816654 	26.172504 	8.246211 	10.440307 	9.219544 	23.021729 	19.235384 	9.486833 	10.440307 	18.110771 	16.031219 	17.000000 	20.223749 	26.570660 	21.377558 	17.464249 	20.223749 	22.022715 	22.090721 	25.019993 	21.931713 	23.021729 	29.832869 	
45.398239 	43.416588 	32.249031 	26.925823 	24.207438 	27.892651 	28.635643 	46.389652 	31.144823 	85.440041 	92.048897 	100.004997 	20.615528 	75.000000 	57.870544 	17.492855 	22.090721 	51.546097 	67.779053 	16.763054 	40.706264 	6.082763 	4.472136 	1.000000 	999.000000 	2.828427 	8.485281 	3.162278 	4.472136 	10.000000 	25.455845 	7.280110 	10.770329 	8.246211 	22.203604 	19.723083 	9.219544 	10.198039 	18.248287 	16.000000 	17.029387 	20.396078 	26.925823 	20.396078 	17.262676 	20.099751 	22.000000 	22.022715 	25.000000 	21.260292 	22.203604 	29.206163 	
43.737854 	41.773197 	31.622776 	28.160255 	24.698177 	29.427877 	30.265491 	44.181442 	29.427877 	87.931793 	90.138779 	98.005104 	21.840330 	72.532753 	60.406952 	17.029387 	20.396078 	49.040798 	70.384659 	19.313208 	38.013157 	5.000000 	2.000000 	3.605551 	2.828427 	999.000000 	5.656854 	1.414214 	2.000000 	7.211102 	22.627417 	5.000000 	13.416408 	6.000000 	19.416489 	22.472204 	11.000000 	12.000000 	20.615528 	18.110771 	19.235384 	22.803509 	29.546574 	18.110771 	19.026299 	22.000000 	24.083189 	24.020824 	27.073973 	21.633308 	21.931713 	29.681644 	
40.804413 	38.897301 	31.112698 	31.257000 	26.570660 	33.015148 	34.000000 	40.000000 	26.570660 	92.973114 	86.469650 	94.132881 	25.079872 	67.683083 	65.551506 	17.492855 	17.888544 	44.147480 	75.643906 	24.596748 	32.695564 	7.000000 	4.472136 	9.219544 	8.485281 	5.656854 	999.000000 	5.830952 	4.472136 	2.000000 	16.970562 	4.123106 	18.867962 	4.472136 	13.892444 	28.017851 	15.524175 	16.492422 	25.632011 	22.803509 	24.041630 	27.856777 	34.885529 	14.142136 	23.194826 	26.305893 	28.635643 	28.442924 	31.575306 	23.409399 	22.472204 	31.384710 	
44.911022 	42.953465 	33.015148 	29.410883 	26.076809 	30.594116 	31.400637 	45.099888 	30.594116 	88.600227 	91.197586 	99.020203 	23.086792 	73.246162 	61.032780 	18.439089 	21.587032 	49.729267 	70.936592 	19.924858 	38.483765 	6.403124 	3.162278 	4.123106 	3.162278 	1.414214 	5.830952 	999.000000 	1.414214 	7.071068 	22.671568 	4.123106 	13.038404 	5.099020 	19.209373 	22.203604 	10.049875 	11.045361 	19.924858 	17.262676 	18.439089 	22.135944 	29.068884 	17.262676 	18.000000 	21.023796 	23.194826 	23.086792 	26.172504 	20.248457 	20.518284 	28.301943 	
44.147480 	42.201897 	32.802441 	30.083218 	26.419689 	31.400637 	32.249031 	44.045429 	29.832869 	89.844307 	90.271812 	98.045906 	23.769728 	72.034714 	62.297672 	18.384777 	20.880613 	48.507732 	72.235725 	21.189621 	37.161808 	6.403124 	2.828427 	5.385165 	4.472136 	2.000000 	4.472136 	1.414214 	999.000000 	5.656854 	21.260292 	3.000000 	14.422205 	4.000000 	17.804493 	23.600847 	11.180340 	12.165525 	21.189621 	18.439089 	19.646883 	23.409399 	30.413813 	16.124516 	19.026299 	22.090721 	24.331051 	24.186773 	27.294687 	20.591261 	20.518284 	28.653097 	
41.436699 	39.560081 	32.557640 	33.241539 	28.460499 	35.014282 	36.000000 	40.049969 	27.313000 	94.868332 	86.700638 	94.260277 	27.073973 	67.268120 	67.416618 	19.235384 	18.867962 	43.737854 	77.472572 	26.400757 	31.953091 	9.000000 	6.324555 	10.816654 	10.000000 	7.211102 	2.000000 	7.071068 	5.656854 	999.000000 	15.620500 	4.123106 	20.000000 	4.000000 	12.206555 	29.206163 	16.155495 	17.088007 	26.400757 	23.409399 	24.698177 	28.635643 	35.846897 	12.165525 	23.537205 	26.683329 	29.120440 	28.861740 	32.015621 	22.803509 	21.470911 	30.675724 	
36.124783 	34.655445 	35.440090 	43.737854 	37.121422 	46.324940 	47.539455 	30.463093 	24.698177 	108.461975 	76.922035 	83.743660 	38.327538 	54.083271 	81.394104 	27.166155 	20.396078 	31.064449 	91.706055 	41.048752 	18.027756 	22.472204 	21.260292 	26.172504 	25.455845 	22.627417 	16.970562 	22.671568 	21.260292 	15.620500 	999.000000 	19.416489 	35.608986 	18.867962 	5.000000 	44.821869 	31.384710 	32.249031 	41.677334 	38.470768 	39.824615 	43.908997 	51.312767 	14.142136 	38.078865 	41.231056 	43.863426 	43.462627 	46.615448 	34.234486 	31.000000 	41.000000 	
44.922153 	43.011627 	34.713108 	32.984844 	29.068884 	34.365681 	35.227829 	44.011364 	30.675724 	92.720009 	90.553848 	98.183502 	26.683329 	71.386276 	65.145988 	20.615528 	21.931713 	47.853943 	75.026665 	24.041630 	36.055511 	8.944272 	5.385165 	8.246211 	7.280110 	5.000000 	4.123106 	4.123106 	3.000000 	4.123106 	19.416489 	999.000000 	16.278820 	1.000000 	15.556349 	25.495098 	12.083046 	13.000000 	22.360680 	19.313208 	20.615528 	24.596748 	31.906113 	13.152946 	19.416489 	22.561028 	25.000000 	24.738634 	27.892651 	19.313208 	18.601076 	27.313000 	
55.036350 	53.037724 	39.849716 	29.000000 	29.154760 	28.600698 	28.844410 	56.885849 	41.012192 	79.246452 	102.004898 	110.113579 	23.430750 	85.726311 	51.623638 	25.495098 	32.062439 	62.297672 	60.876926 	13.000000 	51.429562 	16.278820 	15.231546 	10.440307 	10.770329 	13.416408 	18.867962 	13.038404 	14.422205 	20.000000 	35.608986 	16.278820 	999.000000 	16.970562 	31.827662 	9.219544 	6.082763 	6.000000 	8.062258 	7.211102 	7.615773 	10.000000 	16.155495 	27.784887 	9.899495 	11.661903 	12.649111 	13.000000 	15.524175 	18.973665 	22.203604 	25.553865 	
45.221676 	43.324360 	35.383614 	33.955853 	29.966648 	35.355339 	36.221542 	44.045429 	31.016125 	93.680305 	90.669731 	98.249680 	27.658634 	71.196907 	66.098412 	21.400934 	22.360680 	47.675991 	75.960518 	25.000000 	35.735138 	9.848858 	6.324555 	9.219544 	8.246211 	6.000000 	4.472136 	5.099020 	4.000000 	4.000000 	18.867962 	1.000000 	16.970562 	999.000000 	14.866069 	26.172504 	12.529964 	13.416408 	22.825424 	19.697716 	21.023796 	25.059929 	32.449963 	12.165525 	19.646883 	22.803509 	25.298222 	25.000000 	28.160255 	18.973665 	18.027756 	26.925823 	
40.000000 	38.418747 	37.161808 	43.104523 	37.054016 	45.398239 	46.529560 	35.114101 	27.658634 	106.625511 	81.743500 	88.645363 	37.336308 	59.076221 	79.309517 	27.073973 	21.931713 	36.055511 	89.470665 	38.470768 	23.021729 	20.248457 	18.357559 	23.021729 	22.203604 	19.416489 	13.892444 	19.209373 	17.804493 	12.206555 	5.000000 	15.556349 	31.827662 	14.866069 	999.000000 	41.036568 	27.202942 	28.017851 	37.443291 	34.132095 	35.510563 	39.661064 	47.201694 	9.219544 	33.541019 	36.674240 	39.357338 	38.910152 	42.047592 	29.274563 	26.000000 	36.000000 	
62.128899 	60.133186 	45.398239 	30.886890 	33.241539 	29.410883 	29.206163 	65.000000 	48.507732 	72.339478 	109.224541 	117.515953 	26.570660 	94.244362 	45.011108 	32.015621 	39.812057 	70.936592 	53.600372 	13.416408 	60.415230 	24.698177 	24.186773 	19.235384 	19.723083 	22.472204 	28.017851 	22.203604 	23.600847 	29.206163 	44.821869 	25.495098 	9.219544 	26.172504 	41.036568 	999.000000 	14.422205 	13.892444 	7.071068 	10.049875 	9.000000 	6.708204 	8.000000 	36.619667 	13.000000 	12.369317 	11.180340 	12.083046 	12.806249 	24.020824 	28.284271 	28.635643 	
54.589375 	52.611786 	41.146080 	33.015148 	31.890438 	33.120991 	33.541019 	55.145264 	40.311287 	85.328773 	101.123688 	109.004585 	27.018513 	83.198555 	57.706154 	26.400757 	31.257000 	59.665737 	66.940269 	18.439089 	48.104053 	15.297058 	13.000000 	9.486833 	9.219544 	11.000000 	15.524175 	10.049875 	11.180340 	16.155495 	31.384710 	12.083046 	6.082763 	12.529964 	27.202942 	14.422205 	999.000000 	1.000000 	10.295630 	7.280110 	8.544003 	12.529964 	20.000000 	22.203604 	8.062258 	11.000000 	13.152946 	13.038404 	16.124516 	13.892444 	16.492422 	21.260292 	
55.578773 	53.600372 	42.047592 	33.600594 	32.649654 	33.615471 	34.000000 	56.142673 	41.303753 	85.158676 	102.122475 	110.004547 	27.658634 	84.172440 	57.558666 	27.313000 	32.249031 	60.638271 	66.708321 	18.681541 	49.040798 	16.278820 	14.000000 	10.440307 	10.198039 	12.000000 	16.492422 	11.045361 	12.165525 	17.088007 	32.249031 	13.000000 	6.000000 	13.416408 	28.017851 	13.892444 	1.000000 	999.000000 	9.433981 	6.324555 	7.615773 	11.661903 	19.209373 	22.803509 	7.071068 	10.000000 	12.165525 	12.041595 	15.132746 	13.416408 	16.278820 	20.615528 	
63.071388 	61.073727 	47.801674 	35.608986 	36.674240 	34.655445 	34.655445 	64.629715 	49.000000 	79.227524 	110.000000 	118.067780 	30.528675 	93.145050 	52.000000 	33.541019 	40.012497 	69.641945 	60.406952 	18.384777 	58.309521 	24.083189 	22.561028 	18.110771 	18.248287 	20.615528 	25.632011 	19.924858 	21.189621 	26.400757 	41.677334 	22.360680 	8.062258 	22.825424 	37.443291 	7.071068 	10.295630 	9.433981 	999.000000 	3.605551 	2.236068 	2.236068 	9.899495 	31.827662 	6.082763 	5.385165 	5.000000 	5.656854 	7.615773 	17.117243 	21.587032 	21.587032 	
61.294373 	59.304298 	46.818798 	36.069378 	36.359318 	35.468296 	35.608986 	62.289646 	47.095646 	82.389320 	108.041656 	116.004311 	30.610456 	90.470993 	55.036350 	32.280025 	38.052597 	66.940269 	63.639610 	19.416489 	55.362442 	22.022715 	20.099751 	16.031219 	16.000000 	18.110771 	22.803509 	17.262676 	18.439089 	23.409399 	38.470768 	19.313208 	7.211102 	19.697716 	34.132095 	10.049875 	7.280110 	6.324555 	3.605551 	999.000000 	1.414214 	5.656854 	13.453624 	28.284271 	3.162278 	4.472136 	6.000000 	6.082763 	9.000000 	14.000000 	18.248287 	19.313208 	
62.201286 	60.207973 	47.434166 	36.124783 	36.715118 	35.383614 	35.468296 	63.387695 	48.041649 	81.301903 	109.018349 	117.017090 	30.805843 	91.678787 	54.009258 	32.984844 	39.012817 	68.154236 	62.514000 	19.209373 	56.648037 	23.000000 	21.213203 	17.000000 	17.029387 	19.235384 	24.041630 	18.439089 	19.646883 	24.698177 	39.824615 	20.615528 	7.615773 	21.023796 	35.510563 	9.000000 	8.544003 	7.615773 	2.236068 	1.414214 	999.000000 	4.242640 	12.041595 	29.698484 	4.000000 	4.242640 	5.099020 	5.385165 	8.062258 	15.033297 	19.416489 	19.924858 	
65.030762 	63.031738 	49.477268 	36.619667 	38.078865 	35.468296 	35.383614 	66.753281 	51.009804 	78.102493 	112.004463 	120.104118 	31.764761 	95.336250 	51.039200 	35.355339 	42.047592 	71.840103 	59.211487 	19.209373 	60.539242 	26.172504 	24.738634 	20.223749 	20.396078 	22.803509 	27.856777 	22.135944 	23.409399 	28.635643 	43.908997 	24.596748 	10.000000 	25.059929 	39.661064 	6.708204 	12.529964 	11.661903 	2.236068 	5.656854 	4.242640 	999.000000 	7.810250 	33.941124 	7.615773 	6.000000 	4.472136 	5.385165 	6.403124 	18.439089 	23.086792 	22.203604 	
70.114189 	68.117546 	53.338543 	38.078865 	41.000000 	36.235340 	35.846897 	72.780495 	56.435802 	72.006943 	117.209213 	125.483070 	34.205261 	101.833199 	45.541191 	40.012497 	47.675991 	78.434685 	53.000000 	20.880613 	67.542580 	32.280025 	31.384710 	26.570660 	26.925823 	29.546574 	34.885529 	29.068884 	30.413813 	35.846897 	51.312767 	31.906113 	16.155495 	32.449963 	47.201694 	8.000000 	20.000000 	19.209373 	9.899495 	13.453624 	12.041595 	7.810250 	999.000000 	41.725292 	15.264338 	13.000000 	10.440307 	11.401754 	10.000000 	25.632011 	30.463093 	28.071337 	
48.548943 	46.872166 	43.266617 	45.398239 	40.521599 	47.095646 	48.041649 	44.271889 	35.468296 	105.773346 	90.956032 	97.862144 	39.204590 	68.007355 	78.160095 	31.016125 	28.425341 	45.177429 	87.920418 	37.107952 	32.015621 	21.095022 	18.000000 	21.377558 	20.396078 	18.110771 	14.142136 	17.262676 	16.124516 	12.165525 	14.142136 	13.152946 	27.784887 	12.165525 	9.219544 	36.619667 	22.203604 	22.803509 	31.827662 	28.284271 	29.698484 	33.941124 	41.725292 	999.000000 	27.018513 	30.000000 	32.802441 	32.202484 	35.227829 	20.880613 	17.117243 	27.073973 	
62.649822 	60.671246 	48.846699 	38.897301 	38.832977 	38.418747 	38.600517 	63.071388 	48.373547 	85.287750 	109.165016 	117.017090 	33.301651 	90.801979 	58.008621 	34.176014 	39.319206 	67.268120 	66.483078 	22.472204 	55.362442 	23.345236 	21.023796 	17.464249 	17.262676 	19.026299 	23.194826 	18.000000 	19.026299 	23.537205 	38.078865 	19.416489 	9.899495 	19.646883 	33.541019 	13.000000 	8.062258 	7.071068 	6.082763 	3.162278 	4.000000 	7.615773 	15.264338 	27.018513 	999.000000 	3.162278 	5.830952 	5.385165 	8.544003 	11.045361 	15.524175 	16.155495 	
65.490456 	63.505905 	51.264023 	40.360870 	40.816662 	39.623226 	39.698868 	66.121101 	51.244511 	84.095184 	112.111549 	120.004166 	35.000000 	93.941475 	57.035076 	36.687874 	42.190044 	70.405968 	65.192024 	23.430750 	58.523499 	26.172504 	24.000000 	20.223749 	20.099751 	22.000000 	26.305893 	21.023796 	22.090721 	26.683329 	41.231056 	22.561028 	11.661903 	22.803509 	36.674240 	12.369317 	11.000000 	10.000000 	5.385165 	4.472136 	4.242640 	6.000000 	13.000000 	30.000000 	3.162278 	999.000000 	2.828427 	2.236068 	5.385165 	12.649111 	17.464249 	16.278820 	
67.268120 	65.276337 	52.497620 	40.607880 	41.593269 	39.623226 	39.597980 	68.264191 	53.084839 	82.024384 	114.039467 	122.004097 	35.510563 	96.317184 	55.145264 	38.078865 	44.045429 	72.780495 	63.071388 	23.345236 	61.032780 	28.017851 	26.076809 	22.022715 	22.000000 	24.083189 	28.635643 	23.194826 	24.331051 	29.120440 	43.863426 	25.000000 	12.649111 	25.298222 	39.357338 	11.180340 	13.152946 	12.165525 	5.000000 	6.000000 	5.099020 	4.472136 	10.440307 	32.802441 	5.830952 	2.828427 	999.000000 	1.000000 	3.000000 	15.231546 	20.124611 	18.027756 	
67.364677 	65.375839 	52.810986 	41.231056 	42.059483 	40.311287 	40.311287 	68.183578 	53.150730 	83.024094 	114.070152 	122.000000 	36.055511 	96.104111 	56.142673 	38.327538 	44.102154 	72.567207 	64.070274 	24.041630 	60.728905 	28.071337 	26.019224 	22.090721 	22.022715 	24.020824 	28.442924 	23.086792 	24.186773 	28.861740 	43.462627 	24.738634 	13.000000 	25.000000 	38.910152 	12.083046 	13.038404 	12.041595 	5.656854 	6.082763 	5.385165 	5.385165 	11.401754 	32.202484 	5.385165 	2.236068 	1.000000 	999.000000 	3.162278 	14.317822 	19.235384 	17.029387 	
70.256676 	68.264191 	55.362442 	43.011627 	44.283180 	41.868843 	41.773197 	71.253067 	56.080299 	82.006096 	117.038452 	125.003998 	38.078865 	99.247169 	55.443665 	41.000000 	47.042534 	75.709976 	63.000000 	25.612497 	63.890530 	31.016125 	29.068884 	25.019993 	25.000000 	27.073973 	31.575306 	26.172504 	27.294687 	32.015621 	46.615448 	27.892651 	15.524175 	28.160255 	42.047592 	12.806249 	16.124516 	15.132746 	7.615773 	9.000000 	8.062258 	6.403124 	10.000000 	35.227829 	8.544003 	5.385165 	3.000000 	3.162278 	999.000000 	16.643316 	21.633308 	18.110771 	
64.195015 	62.297672 	53.254108 	46.872166 	45.276924 	47.010635 	47.413078 	62.514000 	49.979996 	96.332756 	109.329773 	116.726173 	40.804413 	88.277969 	69.028976 	38.600517 	41.231056 	65.030762 	77.524193 	31.953091 	52.239830 	26.627054 	23.323807 	21.931713 	21.260292 	21.633308 	23.409399 	20.248457 	20.591261 	22.803509 	34.234486 	19.313208 	18.973665 	18.973665 	29.274563 	24.020824 	13.892444 	13.416408 	17.117243 	14.000000 	15.033297 	18.439089 	25.632011 	20.880613 	11.045361 	12.649111 	15.231546 	14.317822 	16.643316 	999.000000 	5.000000 	8.062258 	
62.769421 	60.926186 	53.263496 	48.764740 	46.400433 	49.244289 	49.769470 	60.207973 	48.754486 	100.603180 	107.079407 	114.271606 	42.544094 	85.052925 	73.171036 	38.897301 	40.311287 	62.032249 	81.884064 	34.928497 	49.010204 	26.870058 	23.345236 	23.021729 	22.203604 	21.931713 	22.472204 	20.518284 	20.518284 	21.470911 	31.000000 	18.601076 	22.203604 	18.027756 	26.000000 	28.284271 	16.492422 	16.278820 	21.587032 	18.248287 	19.416489 	23.086792 	30.463093 	17.117243 	15.524175 	17.464249 	20.124611 	19.235384 	21.633308 	5.000000 	999.000000 	10.000000 	
72.111023 	70.228203 	61.294373 	54.203320 	53.037724 	54.083271 	54.378304 	70.035706 	57.939625 	100.004997 	116.901665 	124.169243 	48.270073 	95.047356 	73.171036 	46.615448 	49.244289 	72.027771 	81.024689 	38.470768 	59.008472 	34.669872 	31.384710 	29.832869 	29.206163 	29.681644 	31.384710 	28.301943 	28.653097 	30.675724 	41.000000 	27.313000 	25.553865 	26.925823 	36.000000 	28.635643 	21.260292 	20.615528 	21.587032 	19.313208 	19.924858 	22.203604 	28.071337 	27.073973 	16.155495 	16.278820 	18.027756 	17.029387 	18.110771 	8.062258 	10.000000 	999.000000 	

Travel time:
9.000000 	0.050000 	0.493077 	0.995615 	0.817389 	1.085415 	1.119431 	0.301040 	0.357946 	2.566247 	1.177391 	1.386092 	0.980434 	0.954594 	1.995307 	0.753741 	0.583631 	0.559017 	2.256795 	1.274755 	0.664266 	0.982980 	1.044330 	1.131923 	1.134956 	1.093446 	1.020110 	1.122776 	1.103687 	1.035918 	0.903120 	1.123054 	1.375909 	1.130542 	1.000000 	1.553222 	1.364734 	1.389469 	1.576785 	1.532359 	1.555032 	1.625769 	1.752855 	1.213724 	1.566246 	1.637261 	1.681703 	1.684117 	1.756417 	1.604875 	1.569236 	1.802776 	
0.050000 	9.000000 	0.450694 	0.951972 	0.771767 	1.041933 	1.076162 	0.309233 	0.309233 	2.532908 	1.227294 	1.435705 	0.933408 	0.990581 	1.956080 	0.704006 	0.534439 	0.570088 	2.218248 	1.225765 	0.649038 	0.933408 	0.995301 	1.082243 	1.085415 	1.044330 	0.972432 	1.073837 	1.055047 	0.989002 	0.866386 	1.075291 	1.325943 	1.083109 	0.960469 	1.503330 	1.315295 	1.340009 	1.526843 	1.482607 	1.505199 	1.575794 	1.702939 	1.171804 	1.516781 	1.587648 	1.631908 	1.634396 	1.706605 	1.557442 	1.523155 	1.755705 	
0.493077 	0.450694 	9.000000 	0.503115 	0.333542 	0.592663 	0.626498 	0.710634 	0.333542 	2.100595 	1.632674 	1.849493 	0.505594 	1.437228 	1.507689 	0.369121 	0.380789 	0.956883 	1.770946 	0.825000 	0.897566 	0.665676 	0.750000 	0.794119 	0.806226 	0.790569 	0.777817 	0.825379 	0.820061 	0.813941 	0.886002 	0.867828 	0.996243 	0.884590 	0.929045 	1.134956 	1.028652 	1.051190 	1.195042 	1.170470 	1.185854 	1.236932 	1.333464 	1.081665 	1.221167 	1.281601 	1.312441 	1.320275 	1.384061 	1.331353 	1.331587 	1.532359 	
0.995615 	0.951972 	0.503115 	9.000000 	0.195256 	0.090139 	0.125000 	1.187697 	0.760345 	1.659254 	2.122499 	2.342008 	0.158114 	1.930026 	1.025914 	0.419076 	0.648556 	1.414655 	1.291559 	0.437321 	1.277693 	0.608276 	0.691466 	0.650000 	0.673146 	0.704006 	0.781425 	0.735272 	0.752080 	0.831038 	1.093446 	0.824621 	0.725000 	0.848896 	1.077613 	0.772172 	0.825379 	0.840015 	0.890225 	0.901734 	0.903120 	0.915492 	0.951972 	1.134956 	0.972432 	1.009022 	1.015197 	1.030776 	1.075291 	1.171804 	1.219118 	1.355083 	
0.817389 	0.771767 	0.333542 	0.195256 	9.000000 	0.282843 	0.318198 	0.995615 	0.565685 	1.852363 	1.966119 	2.183031 	0.175000 	1.740869 	1.220912 	0.250000 	0.459619 	1.219887 	1.486607 	0.505594 	1.085415 	0.503115 	0.592663 	0.585769 	0.605186 	0.617454 	0.664266 	0.651920 	0.660492 	0.711512 	0.928036 	0.726722 	0.728869 	0.749166 	0.926350 	0.831038 	0.797261 	0.816241 	0.916856 	0.908983 	0.917878 	0.951972 	1.025000 	1.013040 	0.970824 	1.020416 	1.039832 	1.051487 	1.107080 	1.131923 	1.160011 	1.325943 	
1.085415 	1.041933 	0.592663 	0.090139 	0.282843 	9.000000 	0.035355 	1.277204 	0.848528 	1.578369 	2.208082 	2.428091 	0.201556 	2.020056 	0.938416 	0.492443 	0.728869 	1.502706 	1.204159 	0.406971 	1.359458 	0.650481 	0.728869 	0.673146 	0.697316 	0.735697 	0.825379 	0.764853 	0.785016 	0.875357 	1.158123 	0.859142 	0.715017 	0.883883 	1.134956 	0.735272 	0.828025 	0.840387 	0.866386 	0.886707 	0.884590 	0.886707 	0.905883 	1.177391 	0.960469 	0.990581 	0.990581 	1.007782 	1.046721 	1.175266 	1.231107 	1.352082 	
1.119431 	1.076162 	0.626498 	0.125000 	0.318198 	0.035355 	9.000000 	1.312441 	0.883883 	1.544345 	2.239001 	2.459294 	0.230489 	2.055024 	0.903120 	0.525595 	0.763217 	1.538059 	1.168867 	0.406971 	1.393960 	0.675000 	0.751665 	0.691466 	0.715891 	0.756637 	0.850000 	0.785016 	0.806226 	0.900000 	1.188486 	0.880696 	0.721110 	0.905539 	1.163239 	0.730154 	0.838525 	0.850000 	0.866386 	0.890225 	0.886707 	0.884590 	0.896172 	1.201041 	0.965013 	0.992472 	0.989950 	1.007782 	1.044330 	1.185327 	1.244237 	1.359458 	
0.301040 	0.309233 	0.710634 	1.187697 	0.995615 	1.277204 	1.312441 	9.000000 	0.437321 	2.811139 	1.171804 	1.355775 	1.137157 	0.750417 	2.210345 	0.860959 	0.632456 	0.261008 	2.475126 	1.388569 	0.410031 	1.015197 	1.054751 	1.163239 	1.159741 	1.104536 	1.000000 	1.127497 	1.101136 	1.001249 	0.761577 	1.100284 	1.422146 	1.101136 	0.877853 	1.625000 	1.378632 	1.403567 	1.615743 	1.557241 	1.584692 	1.668832 	1.819512 	1.106797 	1.576785 	1.653028 	1.706605 	1.704589 	1.781327 	1.562850 	1.505199 	1.750893 	
0.357946 	0.309233 	0.333542 	0.760345 	0.565685 	0.848528 	0.883883 	0.437321 	9.000000 	2.406502 	1.525000 	1.727896 	0.700446 	1.187697 	1.786232 	0.427200 	0.226385 	0.654313 	2.051828 	0.956883 	0.564026 	0.626997 	0.686477 	0.776611 	0.778621 	0.735697 	0.664266 	0.764853 	0.745822 	0.682825 	0.617454 	0.766893 	1.025305 	0.775403 	0.691466 	1.212693 	1.007782 	1.032594 	1.225000 	1.177391 	1.201041 	1.275245 	1.410895 	0.886707 	1.209339 	1.281113 	1.327121 	1.328768 	1.402007 	1.249500 	1.218862 	1.448491 	
2.566247 	2.532908 	2.100595 	1.659254 	1.852363 	1.578369 	1.544345 	2.811139 	2.406502 	9.000000 	3.508650 	3.730365 	1.766529 	3.520032 	0.691466 	2.069118 	2.307054 	3.055016 	0.475657 	1.717010 	2.936942 	2.159427 	2.213594 	2.112019 	2.136001 	2.198295 	2.324328 	2.215006 	2.246108 	2.371708 	2.711549 	2.318000 	1.981161 	2.342008 	2.665638 	1.808487 	2.133219 	2.128967 	1.980688 	2.059733 	2.032547 	1.952562 	1.800174 	2.644334 	2.132194 	2.102380 	2.050610 	2.075602 	2.050152 	2.408319 	2.515079 	2.500125 	
1.177391 	1.227294 	1.632674 	2.122499 	1.966119 	2.208082 	2.239001 	1.171804 	1.525000 	3.508650 	9.000000 	0.223607 	2.137756 	0.781025 	3.041792 	1.930835 	1.750179 	1.175266 	3.287191 	2.446681 	1.504161 	2.150581 	2.203548 	2.300543 	2.301222 	2.253469 	2.161741 	2.279940 	2.256795 	2.167516 	1.923051 	2.263846 	2.550122 	2.266743 	2.043587 	2.730613 	2.528092 	2.553062 	2.750000 	2.701041 	2.725459 	2.800112 	2.930230 	2.273901 	2.729125 	2.802789 	2.850987 	2.851754 	2.925961 	2.733244 	2.676985 	2.922542 	
1.386092 	1.435705 	1.849493 	2.342008 	2.183031 	2.428091 	2.459294 	1.355775 	1.727896 	3.730365 	0.223607 	9.000000 	2.353720 	0.860233 	3.265348 	2.139655 	1.951442 	1.329003 	3.510787 	2.659182 	1.662077 	2.350532 	2.400130 	2.500500 	2.500125 	2.450128 	2.353322 	2.475505 	2.451148 	2.356507 	2.093591 	2.454587 	2.752840 	2.456242 	2.216134 	2.937899 	2.725115 	2.750114 	2.951694 	2.900108 	2.925427 	3.002603 	3.137077 	2.446554 	2.925427 	3.000104 	3.050102 	3.050000 	3.125100 	2.918154 	2.856790 	3.104231 	
0.980434 	0.933408 	0.505594 	0.158114 	0.175000 	0.201556 	0.230489 	1.137157 	0.700446 	1.766529 	2.137756 	2.353720 	9.000000 	1.886796 	1.110180 	0.305164 	0.550568 	1.347683 	1.375000 	0.333542 	1.180042 	0.452769 	0.534439 	0.492443 	0.515388 	0.546008 	0.626997 	0.577170 	0.594243 	0.676849 	0.958188 	0.667083 	0.585769 	0.691466 	0.933408 	0.664266 	0.675463 	0.691466 	0.763217 	0.765261 	0.770146 	0.794119 	0.855132 	0.980115 	0.832541 	0.875000 	0.887764 	0.901388 	0.951972 	1.020110 	1.063602 	1.206752 	
0.954594 	0.990581 	1.437228 	1.930026 	1.740869 	2.020056 	2.055024 	0.750417 	1.187697 	3.520032 	0.781025 	0.860233 	1.886796 	9.000000 	2.944911 	1.610318 	1.375909 	0.588430 	3.207900 	2.135708 	0.901388 	1.739253 	1.765113 	1.882153 	1.875000 	1.813319 	1.692077 	1.831154 	1.800868 	1.681703 	1.352082 	1.784657 	2.143158 	1.779923 	1.476906 	2.356109 	2.079964 	2.104311 	2.328626 	2.261775 	2.291970 	2.383406 	2.545830 	1.700184 	2.270050 	2.348537 	2.407930 	2.402603 	2.481179 	2.206949 	2.126323 	2.376184 	
1.995307 	1.956080 	1.507689 	1.025914 	1.220912 	0.938416 	0.903120 	2.210345 	1.786232 	0.691466 	3.041792 	3.265348 	1.110180 	2.944911 	9.000000 	1.415318 	1.660007 	2.440543 	0.265754 	1.027740 	2.290196 	1.477329 	1.527457 	1.423025 	1.446764 	1.510174 	1.638788 	1.525820 	1.557442 	1.685416 	2.034853 	1.628650 	1.290591 	1.652460 	1.982738 	1.125278 	1.442654 	1.438967 	1.300000 	1.375909 	1.350231 	1.275980 	1.138530 	1.954002 	1.450216 	1.425877 	1.378632 	1.403567 	1.386092 	1.725724 	1.829276 	1.829276 	
0.753741 	0.704006 	0.369121 	0.419076 	0.250000 	0.492443 	0.525595 	0.860959 	0.427200 	2.069118 	1.930835 	2.139655 	0.305164 	1.610318 	1.415318 	9.000000 	0.247487 	1.055047 	1.680030 	0.529741 	0.875000 	0.301040 	0.388909 	0.425000 	0.437321 	0.425735 	0.437321 	0.460977 	0.459619 	0.480885 	0.679154 	0.515388 	0.637377 	0.535023 	0.676849 	0.800391 	0.660019 	0.682825 	0.838525 	0.807001 	0.824621 	0.883883 	1.000312 	0.775403 	0.854400 	0.917197 	0.951972 	0.958188 	1.025000 	0.965013 	0.972432 	1.165386 	
0.583631 	0.534439 	0.380789 	0.648556 	0.459619 	0.728869 	0.763217 	0.632456 	0.226385 	2.307054 	1.750179 	1.951442 	0.550568 	1.375909 	1.660007 	0.247487 	9.000000 	0.811249 	1.925162 	0.760345 	0.630971 	0.400780 	0.460977 	0.550568 	0.552268 	0.509902 	0.447214 	0.539676 	0.522015 	0.471699 	0.509902 	0.548293 	0.801561 	0.559017 	0.548293 	0.995301 	0.781425 	0.806226 	1.000312 	0.951315 	0.975320 	1.051190 	1.191900 	0.710634 	0.982980 	1.054751 	1.101136 	1.102554 	1.176063 	1.030776 	1.007782 	1.231107 	
0.559017 	0.570088 	0.956883 	1.414655 	1.219887 	1.502706 	1.538059 	0.261008 	0.654313 	3.055016 	1.175266 	1.329003 	1.347683 	0.588430 	2.440543 	1.055047 	0.811249 	9.000000 	2.706127 	1.569236 	0.333542 	1.155963 	1.178187 	1.296630 	1.288652 	1.226020 	1.103687 	1.243232 	1.212693 	1.093446 	0.776611 	1.196349 	1.557442 	1.191900 	0.901388 	1.773415 	1.491643 	1.515957 	1.741049 	1.673507 	1.703856 	1.796003 	1.960867 	1.129436 	1.681703 	1.760149 	1.819512 	1.814180 	1.892749 	1.625769 	1.550806 	1.800694 	
2.256795 	2.218248 	1.770946 	1.291559 	1.486607 	1.204159 	1.168867 	2.475126 	2.051828 	0.475657 	3.287191 	3.510787 	1.375000 	3.207900 	0.265754 	1.680030 	1.925162 	2.706127 	9.000000 	1.276959 	2.555020 	1.732953 	1.779396 	1.671264 	1.694476 	1.759616 	1.891098 	1.773415 	1.805893 	1.936814 	2.292651 	1.875667 	1.521923 	1.899013 	2.236767 	1.340009 	1.673507 	1.667708 	1.510174 	1.590990 	1.562850 	1.480287 	1.325000 	2.198010 	1.662077 	1.629801 	1.576785 	1.601757 	1.575000 	1.938105 	2.047101 	2.025617 	
