Total assets = 730
Number of asset nodes = 40

Distance:
999.000000 	32.802441 	50.119858 	59.033890 	22.627417 	33.301651 	48.259712 	11.045361 	44.821869 	15.132746 	56.080299 	18.681541 	36.878178 	12.649111 	74.330345 	20.223749 	53.740116 	63.245552 	19.104973 	14.866069 	69.028976 	21.213203 	48.414875 	63.702435 	49.517673 	63.411354 	53.263496 	80.448738 	76.400261 	50.990196 	53.413483 	23.000000 	27.166155 	19.313208 	53.075417 	61.619801 	54.203320 	60.207973 	42.941822 	58.694122 	22.360680 	35.440090 	23.345236 	58.000000 	50.000000 	29.274563 	37.643059 	58.728188 	34.713108 	33.376640 	44.777225 	63.890530 	
32.802441 	999.000000 	81.215759 	89.627007 	55.317268 	65.795135 	80.056229 	42.544094 	77.077881 	24.515301 	23.345236 	21.095022 	69.656296 	41.231056 	41.677334 	23.000000 	21.633308 	95.015785 	50.089920 	42.720020 	36.235340 	52.325901 	18.439089 	31.144823 	82.219215 	95.524864 	22.472204 	47.707443 	43.600460 	83.737686 	23.086792 	52.924473 	24.041630 	45.880280 	85.796272 	94.047859 	24.041630 	28.653097 	18.973665 	91.285271 	50.596443 	21.260292 	51.546097 	90.686272 	82.800964 	60.008331 	21.931713 	91.438507 	23.600847 	24.698177 	77.388626 	32.649654 	
50.119858 	81.215759 	999.000000 	9.219544 	29.120440 	19.104973 	5.000000 	44.922153 	9.848858 	64.474800 	104.350372 	68.447060 	20.396078 	49.477268 	120.917328 	69.462219 	102.800781 	14.422205 	42.296574 	50.009998 	116.846054 	41.109608 	98.183502 	112.294258 	15.620500 	16.155495 	102.902870 	127.279221 	123.794182 	17.204651 	103.174606 	44.011364 	75.960518 	51.351727 	17.000000 	17.117243 	104.009613 	109.622078 	93.059120 	17.117243 	48.041649 	85.088188 	48.010414 	18.439089 	21.260292 	40.311287 	87.321243 	19.416489 	83.934502 	82.280006 	26.627054 	113.463654 	
59.033890 	89.627007 	9.219544 	999.000000 	38.327538 	28.284271 	13.038404 	54.120235 	18.110771 	73.539108 	112.614388 	77.472572 	29.068884 	58.694122 	128.763351 	78.549347 	111.251968 	10.049875 	51.478149 	59.228371 	124.963997 	50.249378 	106.850365 	120.602654 	21.470911 	13.341664 	111.516815 	135.148071 	131.795303 	22.472204 	111.830231 	53.084839 	85.094063 	60.530983 	21.400934 	16.552946 	112.680969 	118.152443 	101.965683 	18.601076 	57.140179 	94.154129 	57.078892 	20.615528 	26.925823 	49.091751 	96.384644 	21.400934 	93.048378 	91.416626 	33.615471 	122.036880 	
22.627417 	55.317268 	29.120440 	38.327538 	999.000000 	10.816654 	26.400757 	15.811388 	22.472204 	35.846897 	78.644768 	39.962482 	14.422205 	20.396078 	96.607452 	40.706264 	76.367531 	41.182522 	14.317822 	21.095022 	91.547798 	13.928389 	70.936592 	86.313385 	26.907248 	41.048752 	75.822159 	102.800781 	98.858482 	28.425341 	75.927597 	17.464249 	47.010635 	23.086792 	30.479502 	39.051247 	76.694199 	82.807007 	64.899925 	36.069378 	20.880613 	56.356010 	21.189621 	35.383614 	27.784887 	17.691807 	58.591808 	36.124783 	55.036350 	53.310413 	23.769728 	86.452301 	
33.301651 	65.795135 	19.104973 	28.284271 	10.816654 	999.000000 	15.811388 	26.400757 	11.661903 	46.647614 	89.140335 	50.774010 	6.082763 	30.675724 	106.826965 	51.478149 	87.000000 	30.413813 	23.194826 	31.048349 	101.980392 	22.022715 	81.688431 	96.876213 	16.643316 	30.232433 	86.556343 	113.070778 	109.224541 	18.357559 	86.683334 	25.019993 	57.697487 	32.249031 	20.248457 	28.319605 	87.458565 	93.509361 	75.716576 	25.495098 	29.000000 	67.119293 	29.017237 	25.000000 	18.681541 	22.135944 	69.354164 	25.806976 	65.741920 	63.976559 	17.262676 	97.185387 	
48.259712 	80.056229 	5.000000 	13.038404 	26.400757 	15.811388 	999.000000 	42.154476 	5.099020 	62.177166 	103.324730 	66.241982 	16.031219 	46.486557 	120.341179 	67.082039 	101.533249 	15.000000 	38.832977 	46.840153 	115.974136 	37.483330 	96.607452 	111.198021 	10.816654 	15.620500 	101.400200 	126.668861 	123.044708 	12.529964 	101.607086 	40.199501 	73.409805 	47.853943 	12.649111 	15.231546 	102.415817 	108.231232 	91.065910 	14.142136 	44.283180 	82.734512 	44.181442 	15.000000 	16.401220 	36.055511 	84.970581 	16.000000 	81.437096 	79.705711 	21.633308 	112.004463 	
11.045361 	42.544094 	44.922153 	54.120235 	15.811388 	26.400757 	42.154476 	999.000000 	38.013157 	20.615528 	65.459915 	24.839485 	28.600698 	5.099020 	84.219948 	25.238859 	62.625874 	56.797886 	8.062258 	6.708204 	78.492035 	10.198039 	56.586216 	72.801102 	41.400482 	56.435802 	61.554855 	90.210861 	85.982559 	42.638012 	61.522354 	12.041595 	31.304953 	10.630146 	44.821869 	54.083271 	62.225395 	68.680420 	49.819675 	50.803543 	12.083046 	40.816662 	13.000000 	49.819675 	41.012192 	18.248287 	43.046486 	50.447994 	39.357338 	37.576588 	35.000000 	72.138756 	
44.821869 	77.077881 	9.848858 	18.110771 	22.472204 	11.661903 	5.099020 	38.013157 	999.000000 	58.309521 	100.409164 	62.433964 	11.000000 	42.154476 	117.796432 	63.134777 	98.412399 	18.788294 	34.205261 	42.379242 	113.172432 	32.756680 	93.236259 	108.208130 	8.062258 	18.601076 	98.081596 	124.084648 	120.341179 	10.049875 	98.234413 	35.355339 	69.318108 	43.174065 	11.045361 	17.029387 	99.020203 	104.995239 	87.367043 	14.764823 	39.458839 	78.771820 	39.319206 	14.866069 	13.000000 	31.016125 	81.006172 	15.811388 	77.369247 	75.584389 	17.029387 	108.706024 	
15.132746 	24.515301 	64.474800 	73.539108 	35.846897 	46.647614 	62.177166 	20.615528 	58.309521 	999.000000 	46.065170 	4.242640 	49.203659 	17.804493 	65.391129 	5.099020 	42.720020 	77.025970 	27.018513 	18.867962 	59.059292 	29.206163 	36.235340 	53.000000 	62.008064 	76.850502 	41.231056 	71.112587 	66.648331 	63.253460 	41.109608 	29.154760 	12.041595 	21.540659 	65.436989 	74.632431 	41.773197 	48.414875 	29.206163 	71.400284 	26.400757 	20.615528 	27.313000 	70.434364 	61.554855 	36.359318 	22.847319 	71.063354 	19.646883 	18.248287 	55.226807 	51.739735 	
56.080299 	23.345236 	104.350372 	112.614388 	78.644768 	89.140335 	103.324730 	65.459915 	100.409164 	46.065170 	999.000000 	42.047592 	92.956978 	63.631752 	19.646883 	43.081318 	5.385165 	118.258194 	72.718636 	64.884514 	13.038404 	74.946648 	13.152946 	8.062258 	105.550934 	118.827606 	10.295630 	25.079872 	20.591261 	107.056061 	11.661903 	75.179787 	41.000000 	67.542580 	109.123779 	117.388245 	12.206555 	9.486833 	23.086792 	114.629837 	72.449982 	33.060551 	73.348480 	114.021927 	106.042442 	82.365044 	32.000000 	114.769333 	36.055511 	38.118237 	100.439034 	13.152946 	
18.681541 	21.095022 	68.447060 	77.472572 	39.962482 	50.774010 	66.241982 	24.839485 	62.433964 	4.242640 	42.047592 	999.000000 	53.413483 	22.022715 	61.465439 	2.828427 	38.587563 	81.123360 	31.240999 	23.021729 	55.009090 	33.421551 	32.015621 	48.877399 	66.219330 	80.993828 	37.013512 	67.119293 	62.609905 	67.475922 	36.878178 	33.286633 	9.219544 	25.495098 	69.656296 	78.816238 	37.536648 	44.204071 	25.000000 	75.604233 	30.413813 	16.763054 	31.304953 	74.652527 	65.795135 	40.496914 	18.973665 	75.286118 	16.124516 	15.000000 	59.464275 	47.507893 	
36.878178 	69.656296 	20.396078 	29.068884 	14.422205 	6.082763 	16.031219 	28.600698 	11.000000 	49.203659 	92.956978 	53.413483 	999.000000 	32.249031 	111.018013 	53.823788 	90.553848 	29.120440 	23.769728 	32.202484 	105.891457 	22.135944 	84.899940 	100.568382 	12.806249 	28.231188 	89.827614 	117.200684 	113.229858 	14.142136 	89.872131 	24.515301 	59.682495 	32.572994 	16.278820 	25.553865 	90.609047 	96.876213 	78.409180 	22.203604 	28.635643 	69.339745 	28.442924 	21.260292 	13.416408 	20.024984 	71.561165 	21.931713 	67.742157 	65.863495 	11.180340 	100.448990 	
12.649111 	41.231056 	49.477268 	58.694122 	20.396078 	30.675724 	46.486557 	5.099020 	42.154476 	17.804493 	63.631752 	22.022715 	32.249031 	999.000000 	82.734512 	21.931713 	60.464867 	60.926186 	9.219544 	2.236068 	76.661591 	11.401754 	54.037025 	70.724815 	44.944408 	60.373837 	59.033890 	88.588936 	84.219948 	46.043457 	58.898216 	11.704700 	27.459061 	6.708204 	48.259712 	57.801384 	59.548298 	66.219330 	46.690472 	54.378304 	10.000000 	37.202152 	11.000000 	53.254108 	44.045429 	18.788294 	39.408119 	53.823788 	35.510563 	33.615471 	37.483330 	69.526970 	
74.330345 	41.677334 	120.917328 	128.763351 	96.607452 	106.826965 	120.341179 	84.219948 	117.796432 	65.391129 	19.646883 	61.465439 	111.018013 	82.734512 	999.000000 	62.625874 	24.186773 	135.103668 	91.706055 	84.095184 	8.246211 	93.941475 	32.140316 	15.132746 	123.405838 	135.948517 	28.000000 	6.403124 	5.099020 	125.000000 	29.017237 	94.371605 	60.638271 	86.925255 	127.003937 	134.825821 	29.068884 	22.360680 	42.107006 	132.279999 	91.787796 	52.469040 	92.703827 	131.821854 	124.277916 	101.518471 	51.244511 	132.612213 	55.443665 	57.558666 	119.037811 	22.472204 	
20.223749 	23.000000 	69.462219 	78.549347 	40.706264 	51.478149 	67.082039 	25.238859 	63.134777 	5.099020 	43.081318 	2.828427 	53.823788 	21.931713 	62.625874 	999.000000 	39.357338 	81.884064 	31.112698 	22.671568 	55.946404 	33.241539 	32.449963 	49.648766 	66.610809 	81.633324 	37.443291 	68.154236 	63.560993 	67.801178 	37.202152 	32.802441 	7.000000 	24.698177 	70.000000 	79.322128 	37.802116 	44.654228 	24.758837 	76.026314 	29.681644 	15.652476 	30.528675 	75.000000 	65.946945 	40.000000 	17.888544 	75.604233 	14.560220 	13.152946 	59.396969 	47.801674 	
53.740116 	21.633308 	102.800781 	111.251968 	76.367531 	87.000000 	101.533249 	62.625874 	98.412399 	42.720020 	5.385165 	38.587563 	90.553848 	60.464867 	24.186773 	39.357338 	999.000000 	116.516090 	69.634758 	61.587337 	16.763054 	71.847061 	8.000000 	10.295630 	103.247276 	116.931602 	5.000000 	29.120440 	24.351591 	104.690018 	6.403124 	71.867935 	36.687874 	64.007812 	106.794197 	115.312622 	7.071068 	7.280110 	18.000000 	112.432205 	68.963760 	28.284271 	69.835518 	111.731819 	103.479469 	79.075912 	27.073973 	112.449989 	31.257000 	33.376640 	97.616600 	11.401754 	
63.245552 	95.015785 	14.422205 	10.049875 	41.182522 	30.413813 	15.000000 	56.797886 	18.788294 	77.025970 	118.258194 	81.123360 	29.120440 	60.926186 	135.103668 	81.884064 	116.516090 	999.000000 	52.810986 	61.098282 	130.862518 	51.244511 	111.606453 	126.150703 	18.000000 	3.605551 	116.400169 	141.449631 	137.887634 	18.110771 	116.606178 	53.600372 	88.102211 	61.684681 	16.278820 	7.810250 	117.413795 	123.227432 	106.000000 	11.180340 	57.723480 	97.529480 	57.489128 	13.416408 	22.360680 	48.507732 	99.764725 	13.892444 	96.150925 	94.371605 	30.149628 	127.003937 	
19.104973 	50.089920 	42.296574 	51.478149 	14.317822 	23.194826 	38.832977 	8.062258 	34.205261 	27.018513 	72.718636 	31.240999 	23.769728 	9.219544 	91.706055 	31.112698 	69.634758 	52.810986 	999.000000 	8.602325 	85.755463 	2.236068 	63.253460 	79.881165 	36.235340 	52.000000 	68.249542 	97.616600 	93.295227 	37.215588 	68.117546 	4.472136 	36.400551 	9.055386 	39.446167 	49.193497 	68.767723 	75.432091 	55.865910 	45.650848 	6.708204 	46.227695 	7.211102 	44.418465 	35.000000 	10.198039 	48.414875 	44.944408 	44.407207 	42.438190 	28.284271 	78.746429 	
14.866069 	42.720020 	50.009998 	59.228371 	21.095022 	31.048349 	46.840153 	6.708204 	42.379242 	18.867962 	64.884514 	23.021729 	32.202484 	2.236068 	84.095184 	22.671568 	61.587337 	61.098282 	8.602325 	999.000000 	77.897369 	10.630146 	55.000000 	71.867935 	44.777225 	60.415230 	60.000000 	89.894379 	85.475143 	45.793011 	59.816387 	10.295630 	27.802877 	4.472136 	48.020828 	57.706154 	60.440052 	67.201187 	47.381432 	54.203320 	8.062258 	37.643059 	9.055386 	53.000000 	43.600460 	17.492855 	39.824615 	53.535034 	35.805027 	33.837849 	36.796738 	70.434364 	
69.028976 	36.235340 	116.846054 	124.963997 	91.547798 	101.980392 	115.974136 	78.492035 	113.172432 	59.059292 	13.038404 	55.009090 	105.891457 	76.661591 	8.246211 	55.946404 	16.763054 	130.862518 	85.755463 	77.897369 	999.000000 	87.982956 	24.515301 	7.000000 	118.444077 	131.521866 	20.099751 	12.369317 	7.615773 	119.970833 	21.023796 	88.192970 	53.450912 	80.498444 	122.024590 	130.176804 	21.000000 	14.142136 	34.365681 	127.475487 	85.422478 	44.911022 	86.313385 	126.905479 	119.016808 	95.383438 	43.566040 	127.663620 	47.853943 	50.009998 	113.463654 	14.317822 	
21.213203 	52.325901 	41.109608 	50.249378 	13.928389 	22.022715 	37.483330 	10.198039 	32.756680 	29.206163 	74.946648 	33.421551 	22.135944 	11.401754 	93.941475 	33.241539 	71.847061 	51.244511 	2.236068 	10.630146 	87.982956 	999.000000 	65.436989 	82.097504 	34.438351 	50.328918 	70.434364 	99.849884 	95.524864 	35.355339 	70.292244 	3.605551 	38.418747 	10.440307 	37.589893 	47.423622 	70.936592 	77.620872 	57.982758 	43.829212 	7.071068 	48.270073 	7.280110 	42.544094 	33.015148 	8.062258 	50.447994 	43.046486 	46.400433 	44.407207 	26.172504 	80.919716 	
48.414875 	18.439089 	98.183502 	106.850365 	70.936592 	81.688431 	96.607452 	56.586216 	93.236259 	36.235340 	13.152946 	32.015621 	84.899940 	54.037025 	32.140316 	32.449963 	8.000000 	111.606453 	63.253460 	55.000000 	24.515301 	65.436989 	999.000000 	17.720045 	97.672920 	111.825760 	5.000000 	36.878178 	32.015621 	99.035347 	5.000000 	65.215027 	29.154760 	57.140179 	101.178062 	109.986366 	5.830952 	12.206555 	10.000000 	106.962608 	62.128899 	20.396078 	62.968246 	106.150833 	97.590981 	72.422371 	19.104973 	106.831642 	23.345236 	25.495098 	91.438507 	15.556349 	
63.702435 	31.144823 	112.294258 	120.602654 	86.313385 	96.876213 	111.198021 	72.801102 	108.208130 	53.000000 	8.062258 	48.877399 	100.568382 	70.724815 	15.132746 	49.648766 	10.295630 	126.150703 	79.881165 	71.867935 	7.000000 	82.097504 	17.720045 	999.000000 	113.216606 	126.668861 	13.152946 	19.235384 	14.317822 	114.690887 	14.035668 	82.152298 	46.818798 	74.303429 	116.777565 	125.159897 	14.000000 	7.280110 	27.459061 	122.347862 	79.259071 	38.078865 	80.131142 	121.696342 	113.569359 	89.358826 	36.674240 	122.429573 	41.000000 	43.174065 	107.800743 	8.485281 	
49.517673 	82.219215 	15.620500 	21.470911 	26.907248 	16.643316 	10.816654 	41.400482 	8.062258 	62.008064 	105.550934 	66.219330 	12.806249 	44.944408 	123.405838 	66.610809 	103.247276 	18.000000 	36.235340 	44.777225 	118.444077 	34.438351 	97.672920 	113.216606 	999.000000 	16.278820 	102.591423 	129.630249 	125.733849 	2.000000 	102.649887 	36.400551 	72.401657 	44.777225 	3.605551 	13.000000 	103.392456 	109.622078 	91.214035 	9.433981 	40.496914 	82.097504 	40.162170 	8.485281 	5.656854 	30.805843 	84.314888 	9.219544 	80.454956 	78.549347 	12.369317 	113.216606 	
63.411354 	95.524864 	16.155495 	13.341664 	41.048752 	30.232433 	15.620500 	56.435802 	18.601076 	76.850502 	118.827606 	80.993828 	28.231188 	60.373837 	135.948517 	81.633324 	116.931602 	3.605551 	52.000000 	60.415230 	131.521866 	50.328918 	111.825760 	126.668861 	16.278820 	999.000000 	116.661903 	142.270874 	138.621780 	16.031219 	116.824654 	52.497620 	87.709747 	60.745369 	14.000000 	4.472136 	117.613777 	123.555656 	105.948097 	8.246211 	56.612720 	97.247108 	56.320511 	10.440307 	20.024984 	47.074409 	99.478638 	10.770329 	95.770561 	93.941475 	28.000000 	127.283150 	
53.263496 	22.472204 	102.902870 	111.516815 	75.822159 	86.556343 	101.400200 	61.554855 	98.081596 	41.231056 	10.295630 	37.013512 	89.827614 	59.033890 	28.000000 	37.443291 	5.000000 	116.400169 	68.249542 	60.000000 	20.099751 	70.434364 	5.000000 	13.152946 	102.591423 	116.661903 	999.000000 	32.388271 	27.459061 	103.966339 	1.414214 	70.213959 	34.014702 	62.128899 	106.103722 	114.865135 	2.236068 	7.211102 	14.317822 	111.865990 	67.119293 	25.000000 	67.955872 	111.072052 	102.552429 	77.420929 	23.537205 	111.758667 	27.892651 	30.083218 	96.426140 	10.630146 	
80.448738 	47.707443 	127.279221 	135.148071 	102.800781 	113.070778 	126.668861 	90.210861 	124.084648 	71.112587 	25.079872 	67.119293 	117.200684 	88.588936 	6.403124 	68.154236 	29.120440 	141.449631 	97.616600 	89.894379 	12.369317 	99.849884 	36.878178 	19.235384 	129.630249 	142.270874 	32.388271 	999.000000 	5.000000 	131.209763 	33.241539 	100.184830 	65.802734 	92.612091 	133.225372 	141.113434 	33.136082 	26.019224 	46.690472 	138.538803 	97.508972 	57.271286 	98.412399 	138.057953 	130.430054 	107.354553 	55.901699 	138.841629 	60.207973 	62.369865 	125.095963 	25.179358 	
76.400261 	43.600460 	123.794182 	131.795303 	98.858482 	109.224541 	123.044708 	85.982559 	120.341179 	66.648331 	20.591261 	62.609905 	113.229858 	84.219948 	5.099020 	63.560993 	24.351591 	137.887634 	93.295227 	85.475143 	7.615773 	95.524864 	32.015621 	14.317822 	125.733849 	138.621780 	27.459061 	5.000000 	999.000000 	127.283150 	28.284271 	95.770561 	61.032780 	88.102211 	129.321304 	137.360840 	28.160255 	21.023796 	41.773197 	134.714508 	93.021500 	52.392746 	93.914856 	134.182709 	126.400162 	102.956299 	50.990196 	134.951843 	55.317268 	57.489128 	120.929733 	20.223749 	
50.990196 	83.737686 	17.204651 	22.472204 	28.425341 	18.357559 	12.529964 	42.638012 	10.049875 	63.253460 	107.056061 	67.475922 	14.142136 	46.043457 	125.000000 	67.801178 	104.690018 	18.110771 	37.215588 	45.793011 	119.970833 	35.355339 	99.035347 	114.690887 	2.000000 	16.031219 	103.966339 	131.209763 	127.283150 	999.000000 	104.004807 	37.161808 	73.498299 	45.617977 	2.236068 	12.369317 	104.737770 	111.018013 	92.455391 	8.544003 	41.231056 	83.234612 	40.853397 	7.211102 	4.472136 	31.320919 	85.445892 	7.810250 	81.541397 	79.611557 	12.041595 	114.586212 	
53.413483 	23.086792 	103.174606 	111.830231 	75.927597 	86.683334 	101.607086 	61.522354 	98.234413 	41.109608 	11.661903 	36.878178 	89.872131 	58.898216 	29.017237 	37.202152 	6.403124 	116.606178 	68.117546 	59.816387 	21.023796 	70.292244 	5.000000 	14.035668 	102.649887 	116.824654 	1.414214 	33.241539 	28.284271 	104.004807 	999.000000 	70.000000 	33.541019 	61.854668 	106.150833 	114.978256 	1.000000 	7.615773 	13.601471 	111.946419 	66.850578 	24.351591 	67.675697 	111.126053 	102.532921 	77.201035 	22.803509 	111.803398 	27.202942 	29.410883 	96.332756 	10.630146 	
23.000000 	52.924473 	44.011364 	53.084839 	17.464249 	25.019993 	40.199501 	12.041595 	35.355339 	29.154760 	75.179787 	33.286633 	24.515301 	11.704700 	94.371605 	32.802441 	71.867935 	53.600372 	4.472136 	10.295630 	88.192970 	3.605551 	65.215027 	82.152298 	36.400551 	52.497620 	70.213959 	100.184830 	95.770561 	37.161808 	70.000000 	999.000000 	37.483330 	8.602325 	39.395432 	49.396355 	70.604530 	77.420929 	57.384666 	45.694637 	4.123106 	47.381432 	4.000000 	44.283180 	34.481880 	7.211102 	49.517673 	44.721359 	45.343136 	43.278172 	27.202942 	80.603973 	
27.166155 	24.041630 	75.960518 	85.094063 	47.010635 	57.697487 	73.409805 	31.304953 	69.318108 	12.041595 	41.000000 	9.219544 	59.682495 	27.459061 	60.638271 	7.000000 	36.687874 	88.102211 	36.400551 	27.802877 	53.450912 	38.418747 	29.154760 	46.818798 	72.401657 	87.709747 	34.014702 	65.802734 	61.032780 	73.498299 	33.541019 	37.483330 	999.000000 	29.000000 	75.716576 	85.234970 	34.000000 	41.146080 	20.248457 	81.835197 	33.970577 	9.899495 	34.713108 	80.709358 	71.400284 	44.553337 	12.041595 	81.271149 	8.062258 	6.324555 	64.536812 	43.908997 	
19.313208 	45.880280 	51.351727 	60.530983 	23.086792 	32.249031 	47.853943 	10.630146 	43.174065 	21.540659 	67.542580 	25.495098 	32.572994 	6.708204 	86.925255 	24.698177 	64.007812 	61.684681 	9.055386 	4.472136 	80.498444 	10.440307 	57.140179 	74.303429 	44.777225 	60.745369 	62.128899 	92.612091 	88.102211 	45.617977 	61.854668 	8.602325 	29.000000 	999.000000 	47.853943 	57.775429 	62.425957 	69.339745 	49.040798 	54.129475 	5.000000 	38.897301 	5.830952 	52.773098 	43.046486 	15.556349 	41.012192 	53.235325 	36.796738 	34.713108 	35.805027 	72.422371 	
53.075417 	85.796272 	17.000000 	21.400934 	30.479502 	20.248457 	12.649111 	44.821869 	11.045361 	65.436989 	109.123779 	69.656296 	16.278820 	48.259712 	127.003937 	70.000000 	106.794197 	16.278820 	39.446167 	48.020828 	122.024590 	37.589893 	101.178062 	116.777565 	3.605551 	14.000000 	106.103722 	133.225372 	129.321304 	2.236068 	106.150833 	39.395432 	75.716576 	47.853943 	999.000000 	10.198039 	106.887794 	113.145920 	94.641426 	6.324555 	43.462627 	85.445892 	43.081318 	5.000000 	6.082763 	33.526108 	87.658424 	5.656854 	83.761566 	81.835197 	14.000000 	116.726173 	
61.619801 	94.047859 	17.117243 	16.552946 	39.051247 	28.319605 	15.231546 	54.083271 	17.029387 	74.632431 	117.388245 	78.816238 	25.553865 	57.801384 	134.825821 	79.322128 	115.312622 	7.810250 	49.193497 	57.706154 	130.176804 	47.423622 	109.986366 	125.159897 	13.000000 	4.472136 	114.865135 	141.113434 	137.360840 	12.369317 	114.978256 	49.396355 	85.234970 	57.775429 	10.198039 	999.000000 	115.745407 	121.827744 	103.812332 	4.000000 	53.488316 	94.873604 	53.141319 	6.082763 	16.031219 	43.680660 	97.097885 	6.324555 	93.295227 	91.416626 	24.083189 	125.495018 	
54.203320 	24.041630 	104.009613 	112.680969 	76.694199 	87.458565 	102.415817 	62.225395 	99.020203 	41.773197 	12.206555 	37.536648 	90.609047 	59.548298 	29.068884 	37.802116 	7.071068 	117.413795 	68.767723 	60.440052 	21.000000 	70.936592 	5.830952 	14.000000 	103.392456 	117.613777 	2.236068 	33.136082 	28.160255 	104.737770 	1.000000 	70.604530 	34.000000 	62.425957 	106.887794 	115.745407 	999.000000 	7.280110 	13.928389 	112.698715 	67.424034 	24.698177 	68.242218 	111.865990 	103.237587 	77.801025 	23.086792 	112.538879 	27.513634 	29.732138 	97.000000 	10.000000 	
60.207973 	28.653097 	109.622078 	118.152443 	82.807007 	93.509361 	108.231232 	68.680420 	104.995239 	48.414875 	9.486833 	44.204071 	96.876213 	66.219330 	22.360680 	44.654228 	7.280110 	123.227432 	75.432091 	67.201187 	14.142136 	77.620872 	12.206555 	7.280110 	109.622078 	123.555656 	7.211102 	26.019224 	21.023796 	111.018013 	7.615773 	77.420929 	41.146080 	69.339745 	113.145920 	121.827744 	7.280110 	999.000000 	21.189621 	118.869675 	74.330345 	31.953091 	75.166481 	118.105888 	109.658562 	84.628601 	30.364452 	118.802361 	34.785053 	37.000000 	103.585716 	4.123106 	
42.941822 	18.973665 	93.059120 	101.965683 	64.899925 	75.716576 	91.065910 	49.819675 	87.367043 	29.206163 	23.086792 	25.000000 	78.409180 	46.690472 	42.107006 	24.758837 	18.000000 	106.000000 	55.865910 	47.381432 	34.365681 	57.982758 	10.000000 	27.459061 	91.214035 	105.948097 	14.317822 	46.690472 	41.773197 	92.455391 	13.601471 	57.384666 	20.248457 	49.040798 	94.641426 	103.812332 	13.928389 	21.189621 	999.000000 	100.603180 	54.037025 	10.770329 	54.817879 	99.639351 	90.686272 	64.536812 	9.219544 	100.264648 	13.601471 	15.811388 	84.148682 	23.706539 	
58.694122 	91.285271 	17.117243 	18.601076 	36.069378 	25.495098 	14.142136 	50.803543 	14.764823 	71.400284 	114.629837 	75.604233 	22.203604 	54.378304 	132.279999 	76.026314 	112.432205 	11.180340 	45.650848 	54.203320 	127.475487 	43.829212 	106.962608 	122.347862 	9.433981 	8.246211 	111.865990 	138.538803 	134.714508 	8.544003 	111.946419 	45.694637 	81.835197 	54.129475 	6.324555 	4.000000 	112.698715 	118.869675 	100.603180 	999.000000 	49.769470 	91.525955 	49.396355 	2.236068 	12.041595 	39.849716 	93.744331 	2.828427 	89.888817 	87.982956 	20.099751 	122.494896 	
22.360680 	50.596443 	48.041649 	57.140179 	20.880613 	29.000000 	44.283180 	12.083046 	39.458839 	26.400757 	72.449982 	30.413813 	28.635643 	10.000000 	91.787796 	29.681644 	68.963760 	57.723480 	6.708204 	8.062258 	85.422478 	7.071068 	62.128899 	79.259071 	40.496914 	56.612720 	67.119293 	97.508972 	93.021500 	41.231056 	66.850578 	4.123106 	33.970577 	5.000000 	43.462627 	53.488316 	67.424034 	74.330345 	54.037025 	49.769470 	999.000000 	43.863426 	1.000000 	48.332184 	38.470768 	10.630146 	45.967381 	48.754486 	41.725292 	39.623226 	31.064449 	77.420929 	
35.440090 	21.260292 	85.088188 	94.154129 	56.356010 	67.119293 	82.734512 	40.816662 	78.771820 	20.615528 	33.060551 	16.763054 	69.339745 	37.202152 	52.469040 	15.652476 	28.284271 	97.529480 	46.227695 	37.643059 	44.911022 	48.270073 	20.396078 	38.078865 	82.097504 	97.247108 	25.000000 	57.271286 	52.392746 	83.234612 	24.351591 	47.381432 	9.899495 	38.897301 	85.445892 	94.873604 	24.698177 	31.953091 	10.770329 	91.525955 	43.863426 	999.000000 	44.598206 	90.443352 	81.215759 	54.451813 	2.236068 	91.021973 	3.000000 	5.099020 	74.411018 	34.438351 	
23.345236 	51.546097 	48.010414 	57.078892 	21.189621 	29.017237 	44.181442 	13.000000 	39.319206 	27.313000 	73.348480 	31.304953 	28.442924 	11.000000 	92.703827 	30.528675 	69.835518 	57.489128 	7.211102 	9.055386 	86.313385 	7.280110 	62.968246 	80.131142 	40.162170 	56.320511 	67.955872 	98.412399 	93.914856 	40.853397 	67.675697 	4.000000 	34.713108 	5.830952 	43.081318 	53.141319 	68.242218 	75.166481 	54.817879 	49.396355 	1.000000 	44.598206 	999.000000 	47.927029 	38.013157 	10.000000 	46.690472 	48.332184 	42.426407 	40.311287 	30.528675 	78.236816 	
58.000000 	90.686272 	18.439089 	20.615528 	35.383614 	25.000000 	15.000000 	49.819675 	14.866069 	70.434364 	114.021927 	74.652527 	21.260292 	53.254108 	131.821854 	75.000000 	111.731819 	13.416408 	44.418465 	53.000000 	126.905479 	42.544094 	106.150833 	121.696342 	8.485281 	10.440307 	111.072052 	138.057953 	134.182709 	7.211102 	111.126053 	44.283180 	80.709358 	52.773098 	5.000000 	6.082763 	111.865990 	118.105888 	99.639351 	2.236068 	48.332184 	90.443352 	47.927029 	999.000000 	10.198039 	38.275318 	92.655273 	1.000000 	88.752464 	86.821655 	18.248287 	121.696342 	
50.000000 	82.800964 	21.260292 	26.925823 	27.784887 	18.681541 	16.401220 	41.012192 	13.000000 	61.554855 	106.042442 	65.795135 	13.416408 	44.045429 	124.277916 	65.946945 	103.479469 	22.360680 	35.000000 	43.600460 	119.016808 	33.015148 	97.590981 	113.569359 	5.656854 	20.024984 	102.552429 	130.430054 	126.400162 	4.472136 	102.532921 	34.481880 	71.400284 	43.046486 	6.082763 	16.031219 	103.237587 	109.658562 	90.686272 	12.041595 	38.470768 	81.215759 	38.013157 	10.198039 	999.000000 	28.231188 	83.408630 	10.440307 	79.404030 	77.420929 	8.062258 	113.145920 	
29.274563 	60.008331 	40.311287 	49.091751 	17.691807 	22.135944 	36.055511 	18.248287 	31.016125 	36.359318 	82.365044 	40.496914 	20.024984 	18.788294 	101.518471 	40.000000 	79.075912 	48.507732 	10.198039 	17.492855 	95.383438 	8.062258 	72.422371 	89.358826 	30.805843 	47.074409 	77.420929 	107.354553 	102.956299 	31.320919 	77.201035 	7.211102 	44.553337 	15.556349 	33.526108 	43.680660 	77.801025 	84.628601 	64.536812 	39.849716 	10.630146 	54.451813 	10.000000 	38.275318 	28.231188 	999.000000 	56.568542 	38.626415 	52.345009 	50.249378 	20.591261 	87.800911 	
37.643059 	21.931713 	87.321243 	96.384644 	58.591808 	69.354164 	84.970581 	43.046486 	81.006172 	22.847319 	32.000000 	18.973665 	71.561165 	39.408119 	51.244511 	17.888544 	27.073973 	99.764725 	48.414875 	39.824615 	43.566040 	50.447994 	19.104973 	36.674240 	84.314888 	99.478638 	23.537205 	55.901699 	50.990196 	85.445892 	22.803509 	49.517673 	12.041595 	41.012192 	87.658424 	97.097885 	23.086792 	30.364452 	9.219544 	93.744331 	45.967381 	2.236068 	46.690472 	92.655273 	83.408630 	56.568542 	999.000000 	93.230896 	4.472136 	6.708204 	76.576759 	32.695564 	
58.728188 	91.438507 	19.416489 	21.400934 	36.124783 	25.806976 	16.000000 	50.447994 	15.811388 	71.063354 	114.769333 	75.286118 	21.931713 	53.823788 	132.612213 	75.604233 	112.449989 	13.892444 	44.944408 	53.535034 	127.663620 	43.046486 	106.831642 	122.429573 	9.219544 	10.770329 	111.758667 	138.841629 	134.951843 	7.810250 	111.803398 	44.721359 	81.271149 	53.235325 	5.656854 	6.324555 	112.538879 	118.802361 	100.264648 	2.828427 	48.754486 	91.021973 	48.332184 	1.000000 	10.440307 	38.626415 	93.230896 	999.000000 	89.308456 	87.367043 	18.439089 	122.380554 	
34.713108 	23.600847 	83.934502 	93.048378 	55.036350 	65.741920 	81.437096 	39.357338 	77.369247 	19.646883 	36.055511 	16.124516 	67.742157 	35.510563 	55.443665 	14.560220 	31.257000 	96.150925 	44.407207 	35.805027 	47.853943 	46.400433 	23.345236 	41.000000 	80.454956 	95.770561 	27.892651 	60.207973 	55.317268 	81.541397 	27.202942 	45.343136 	8.062258 	36.796738 	83.761566 	93.295227 	27.513634 	34.785053 	13.601471 	89.888817 	41.725292 	3.000000 	42.426407 	88.752464 	79.404030 	52.345009 	4.472136 	89.308456 	999.000000 	2.236068 	72.470680 	37.161808 	
33.376640 	24.698177 	82.280006 	91.416626 	53.310413 	63.976559 	79.705711 	37.576588 	75.584389 	18.248287 	38.118237 	15.000000 	65.863495 	33.615471 	57.558666 	13.152946 	33.376640 	94.371605 	42.438190 	33.837849 	50.009998 	44.407207 	25.495098 	43.174065 	78.549347 	93.941475 	30.083218 	62.369865 	57.489128 	79.611557 	29.410883 	43.278172 	6.324555 	34.713108 	81.835197 	91.416626 	29.732138 	37.000000 	15.811388 	87.982956 	39.623226 	5.099020 	40.311287 	86.821655 	77.420929 	50.249378 	6.708204 	87.367043 	2.236068 	999.000000 	70.434364 	39.395432 	
44.777225 	77.388626 	26.627054 	33.615471 	23.769728 	17.262676 	21.633308 	35.000000 	17.029387 	55.226807 	100.439034 	59.464275 	11.180340 	37.483330 	119.037811 	59.396969 	97.616600 	30.149628 	28.284271 	36.796738 	113.463654 	26.172504 	91.438507 	107.800743 	12.369317 	28.000000 	96.426140 	125.095963 	120.929733 	12.041595 	96.332756 	27.202942 	64.536812 	35.805027 	14.000000 	24.083189 	97.000000 	103.585716 	84.148682 	20.099751 	31.064449 	74.411018 	30.528675 	18.248287 	8.062258 	20.591261 	76.576759 	18.439089 	72.470680 	70.434364 	999.000000 	106.962608 	
63.890530 	32.649654 	113.463654 	122.036880 	86.452301 	97.185387 	112.004463 	72.138756 	108.706024 	51.739735 	13.152946 	47.507893 	100.448990 	69.526970 	22.472204 	47.801674 	11.401754 	127.003937 	78.746429 	70.434364 	14.317822 	80.919716 	15.556349 	8.485281 	113.216606 	127.283150 	10.630146 	25.179358 	20.223749 	114.586212 	10.630146 	80.603973 	43.908997 	72.422371 	116.726173 	125.495018 	10.000000 	4.123106 	23.706539 	122.494896 	77.420929 	34.438351 	78.236816 	121.696342 	113.145920 	87.800911 	32.695564 	122.380554 	37.161808 	39.395432 	106.962608 	999.000000 	

Travel time:
9.000000 	0.820061 	1.252996 	1.475847 	0.565685 	0.832541 	1.206493 	0.276134 	1.120547 	0.378319 	1.402007 	0.467039 	0.921954 	0.316228 	1.858259 	0.505594 	1.343503 	1.581139 	0.477624 	0.371652 	1.725724 	0.530330 	1.210372 	1.592561 	1.237942 	1.585284 	1.331587 	2.011219 	1.910007 	1.274755 	1.335337 	0.575000 	0.679154 	0.482830 	1.326885 	1.540495 	1.355083 	1.505199 	1.073546 	1.467353 	0.559017 	0.886002 	0.583631 	1.450000 	1.250000 	0.731864 	0.941076 	1.468205 	0.867828 	0.834416 	1.119431 	1.597263 	
0.820061 	9.000000 	2.030394 	2.240675 	1.382932 	1.644878 	2.001406 	1.063602 	1.926947 	0.612882 	0.583631 	0.527376 	1.741407 	1.030776 	1.041933 	0.575000 	0.540833 	2.375395 	1.252248 	1.068001 	0.905883 	1.308148 	0.460977 	0.778621 	2.055480 	2.388122 	0.561805 	1.192686 	1.090011 	2.093442 	0.577170 	1.323112 	0.601041 	1.147007 	2.144907 	2.351197 	0.601041 	0.716327 	0.474342 	2.282132 	1.264911 	0.531507 	1.288652 	2.267157 	2.070024 	1.500208 	0.548293 	2.285963 	0.590021 	0.617454 	1.934716 	0.816241 	
1.252996 	2.030394 	9.000000 	0.230489 	0.728011 	0.477624 	0.125000 	1.123054 	0.246221 	1.611870 	2.608759 	1.711177 	0.509902 	1.236932 	3.022933 	1.736555 	2.570019 	0.360555 	1.057414 	1.250250 	2.921151 	1.027740 	2.454587 	2.807356 	0.390512 	0.403887 	2.572572 	3.181981 	3.094855 	0.430116 	2.579365 	1.100284 	1.899013 	1.283793 	0.425000 	0.427931 	2.600240 	2.740552 	2.326478 	0.427931 	1.201041 	2.127205 	1.200260 	0.460977 	0.531507 	1.007782 	2.183031 	0.485412 	2.098362 	2.057000 	0.665676 	2.836591 	
1.475847 	2.240675 	0.230489 	9.000000 	0.958188 	0.707107 	0.325960 	1.353006 	0.452769 	1.838478 	2.815360 	1.936814 	0.726722 	1.467353 	3.219084 	1.963734 	2.781299 	0.251247 	1.286954 	1.480709 	3.124100 	1.256234 	2.671259 	3.015066 	0.536773 	0.333542 	2.787920 	3.378702 	3.294883 	0.561805 	2.795756 	1.327121 	2.127352 	1.513275 	0.535023 	0.413824 	2.817024 	2.953811 	2.549142 	0.465027 	1.428504 	2.353853 	1.426972 	0.515388 	0.673146 	1.227294 	2.409616 	0.535023 	2.326210 	2.285416 	0.840387 	3.050922 	
0.565685 	1.382932 	0.728011 	0.958188 	9.000000 	0.270416 	0.660019 	0.395285 	0.561805 	0.896172 	1.966119 	0.999062 	0.360555 	0.509902 	2.415186 	1.017657 	1.909188 	1.029563 	0.357946 	0.527376 	2.288695 	0.348210 	1.773415 	2.157835 	0.672681 	1.026219 	1.895554 	2.570019 	2.471462 	0.710634 	1.898190 	0.436606 	1.175266 	0.577170 	0.761988 	0.976281 	1.917355 	2.070175 	1.622498 	0.901734 	0.522015 	1.408900 	0.529741 	0.884590 	0.694622 	0.442295 	1.464795 	0.903120 	1.375909 	1.332760 	0.594243 	2.161308 	
0.832541 	1.644878 	0.477624 	0.707107 	0.270416 	9.000000 	0.395285 	0.660019 	0.291548 	1.166190 	2.228508 	1.269350 	0.152069 	0.766893 	2.670674 	1.286954 	2.175000 	0.760345 	0.579871 	0.776209 	2.549510 	0.550568 	2.042211 	2.421905 	0.416083 	0.755811 	2.163908 	2.826769 	2.730613 	0.458939 	2.167083 	0.625500 	1.442437 	0.806226 	0.506211 	0.707990 	2.186464 	2.337734 	1.892914 	0.637377 	0.725000 	1.677982 	0.725431 	0.625000 	0.467039 	0.553399 	1.733854 	0.645174 	1.643548 	1.599414 	0.431567 	2.429635 	
1.206493 	2.001406 	0.125000 	0.325960 	0.660019 	0.395285 	9.000000 	1.053862 	0.127475 	1.554429 	2.583118 	1.656049 	0.400780 	1.162164 	3.008529 	1.677051 	2.538331 	0.375000 	0.970824 	1.171004 	2.899354 	0.937083 	2.415186 	2.779951 	0.270416 	0.390512 	2.535005 	3.166722 	3.076118 	0.313249 	2.540177 	1.004987 	1.835245 	1.196349 	0.316228 	0.380789 	2.560395 	2.705781 	2.276648 	0.353553 	1.107080 	2.068363 	1.104536 	0.375000 	0.410031 	0.901388 	2.124264 	0.400000 	2.035927 	1.992643 	0.540833 	2.800112 	
0.276134 	1.063602 	1.123054 	1.353006 	0.395285 	0.660019 	1.053862 	9.000000 	0.950329 	0.515388 	1.636498 	0.620987 	0.715017 	0.127475 	2.105499 	0.630971 	1.565647 	1.419947 	0.201556 	0.167705 	1.962301 	0.254951 	1.414655 	1.820028 	1.035012 	1.410895 	1.538871 	2.255271 	2.149564 	1.065950 	1.538059 	0.301040 	0.782624 	0.265754 	1.120547 	1.352082 	1.555635 	1.717010 	1.245492 	1.270089 	0.302076 	1.020416 	0.325000 	1.245492 	1.025305 	0.456207 	1.076162 	1.261200 	0.983933 	0.939415 	0.875000 	1.803469 	
1.120547 	1.926947 	0.246221 	0.452769 	0.561805 	0.291548 	0.127475 	0.950329 	9.000000 	1.457738 	2.510229 	1.560849 	0.275000 	1.053862 	2.944911 	1.578369 	2.460310 	0.469707 	0.855132 	1.059481 	2.829311 	0.818917 	2.330906 	2.705203 	0.201556 	0.465027 	2.452040 	3.102116 	3.008529 	0.251247 	2.455860 	0.883883 	1.732953 	1.079352 	0.276134 	0.425735 	2.475505 	2.624881 	2.184176 	0.369121 	0.986471 	1.969296 	0.982980 	0.371652 	0.325000 	0.775403 	2.025154 	0.395285 	1.934231 	1.889610 	0.425735 	2.717651 	
0.378319 	0.612882 	1.611870 	1.838478 	0.896172 	1.166190 	1.554429 	0.515388 	1.457738 	9.000000 	1.151629 	0.106066 	1.230091 	0.445112 	1.634778 	0.127475 	1.068001 	1.925649 	0.675463 	0.471699 	1.476482 	0.730154 	0.905883 	1.325000 	1.550202 	1.921263 	1.030776 	1.777815 	1.666208 	1.581336 	1.027740 	0.728869 	0.301040 	0.538516 	1.635925 	1.865811 	1.044330 	1.210372 	0.730154 	1.785007 	0.660019 	0.515388 	0.682825 	1.760859 	1.538871 	0.908983 	0.571183 	1.776584 	0.491172 	0.456207 	1.380670 	1.293493 	
1.402007 	0.583631 	2.608759 	2.815360 	1.966119 	2.228508 	2.583118 	1.636498 	2.510229 	1.151629 	9.000000 	1.051190 	2.323925 	1.590794 	0.491172 	1.077033 	0.134629 	2.956455 	1.817966 	1.622113 	0.325960 	1.873666 	0.328824 	0.201556 	2.638773 	2.970690 	0.257391 	0.626997 	0.514782 	2.676402 	0.291548 	1.879495 	1.025000 	1.688565 	2.728095 	2.934706 	0.305164 	0.237171 	0.577170 	2.865746 	1.811249 	0.826514 	1.833712 	2.850548 	2.651061 	2.059126 	0.800000 	2.869233 	0.901388 	0.952956 	2.510976 	0.328824 	
0.467039 	0.527376 	1.711177 	1.936814 	0.999062 	1.269350 	1.656049 	0.620987 	1.560849 	0.106066 	1.051190 	9.000000 	1.335337 	0.550568 	1.536636 	0.070711 	0.964689 	2.028084 	0.781025 	0.575543 	1.375227 	0.835539 	0.800391 	1.221935 	1.655483 	2.024846 	0.925338 	1.677982 	1.565248 	1.686898 	0.921954 	0.832166 	0.230489 	0.637377 	1.741407 	1.970406 	0.938416 	1.105102 	0.625000 	1.890106 	0.760345 	0.419076 	0.782624 	1.866313 	1.644878 	1.012423 	0.474342 	1.882153 	0.403113 	0.375000 	1.486607 	1.187697 	
0.921954 	1.741407 	0.509902 	0.726722 	0.360555 	0.152069 	0.400780 	0.715017 	0.275000 	1.230091 	2.323925 	1.335337 	9.000000 	0.806226 	2.775450 	1.345595 	2.263846 	0.728011 	0.594243 	0.805062 	2.647286 	0.553399 	2.122499 	2.514210 	0.320156 	0.705780 	2.245690 	2.930017 	2.830746 	0.353553 	2.246803 	0.612882 	1.492062 	0.814325 	0.406971 	0.638847 	2.265226 	2.421905 	1.960230 	0.555090 	0.715891 	1.733494 	0.711073 	0.531507 	0.335410 	0.500625 	1.789029 	0.548293 	1.693554 	1.646587 	0.279509 	2.511225 	
0.316228 	1.030776 	1.236932 	1.467353 	0.509902 	0.766893 	1.162164 	0.127475 	1.053862 	0.445112 	1.590794 	0.550568 	0.806226 	9.000000 	2.068363 	0.548293 	1.511622 	1.523155 	0.230489 	0.055902 	1.916540 	0.285044 	1.350926 	1.768120 	1.123610 	1.509346 	1.475847 	2.214723 	2.105499 	1.151086 	1.472455 	0.292617 	0.686477 	0.167705 	1.206493 	1.445035 	1.488707 	1.655483 	1.167262 	1.359458 	0.250000 	0.930054 	0.275000 	1.331353 	1.101136 	0.469707 	0.985203 	1.345595 	0.887764 	0.840387 	0.937083 	1.738174 	
1.858259 	1.041933 	3.022933 	3.219084 	2.415186 	2.670674 	3.008529 	2.105499 	2.944911 	1.634778 	0.491172 	1.536636 	2.775450 	2.068363 	9.000000 	1.565647 	0.604669 	3.377592 	2.292651 	2.102380 	0.206155 	2.348537 	0.803508 	0.378319 	3.085146 	3.398713 	0.700000 	0.160078 	0.127475 	3.125000 	0.725431 	2.359290 	1.515957 	2.173131 	3.175098 	3.370646 	0.726722 	0.559017 	1.052675 	3.307000 	2.294695 	1.311726 	2.317596 	3.295546 	3.106948 	2.537962 	1.281113 	3.315305 	1.386092 	1.438967 	2.975945 	0.561805 	
0.505594 	0.575000 	1.736555 	1.963734 	1.017657 	1.286954 	1.677051 	0.630971 	1.578369 	0.127475 	1.077033 	0.070711 	1.345595 	0.548293 	1.565647 	9.000000 	0.983933 	2.047101 	0.777817 	0.566789 	1.398660 	0.831038 	0.811249 	1.241219 	1.665270 	2.040833 	0.936082 	1.703856 	1.589025 	1.695029 	0.930054 	0.820061 	0.175000 	0.617454 	1.750000 	1.983053 	0.945053 	1.116356 	0.618971 	1.900658 	0.742041 	0.391312 	0.763217 	1.875000 	1.648674 	1.000000 	0.447214 	1.890106 	0.364006 	0.328824 	1.484924 	1.195042 	
1.343503 	0.540833 	2.570019 	2.781299 	1.909188 	2.175000 	2.538331 	1.565647 	2.460310 	1.068001 	0.134629 	0.964689 	2.263846 	1.511622 	0.604669 	0.983933 	9.000000 	2.912902 	1.740869 	1.539683 	0.419076 	1.796177 	0.200000 	0.257391 	2.581182 	2.923290 	0.125000 	0.728011 	0.608790 	2.617250 	0.160078 	1.796698 	0.917197 	1.600195 	2.669855 	2.882816 	0.176777 	0.182003 	0.450000 	2.810805 	1.724094 	0.707107 	1.745888 	2.793295 	2.586987 	1.976898 	0.676849 	2.811250 	0.781425 	0.834416 	2.440415 	0.285044 	
1.581139 	2.375395 	0.360555 	0.251247 	1.029563 	0.760345 	0.375000 	1.419947 	0.469707 	1.925649 	2.956455 	2.028084 	0.728011 	1.523155 	3.377592 	2.047101 	2.912902 	9.000000 	1.320275 	1.527457 	3.271563 	1.281113 	2.790161 	3.153768 	0.450000 	0.090139 	2.910004 	3.536241 	3.447191 	0.452769 	2.915154 	1.340009 	2.202555 	1.542117 	0.406971 	0.195256 	2.935345 	3.080686 	2.650000 	0.279509 	1.443087 	2.438237 	1.437228 	0.335410 	0.559017 	1.212693 	2.494118 	0.347311 	2.403773 	2.359290 	0.753741 	3.175098 	
