Total assets = 800
Number of asset nodes = 40

Distance:
999.000000 	18.110771 	88.102211 	123.227432 	57.489128 	22.360680 	96.150925 	94.371605 	30.149628 	56.797886 	18.788294 	77.025970 	144.277512 	143.586212 	103.353760 	11.045361 	96.664368 	46.000000 	88.600227 	108.706024 	110.535065 	141.873184 	105.990562 	93.407707 	102.459747 	30.364452 	142.635895 	17.804493 	55.036350 	133.809570 	23.853722 	16.124516 	124.020157 	78.854294 	144.941360 	138.003616 	55.009090 	31.780497 	127.624451 	19.104973 	146.348892 	138.809219 	99.020203 	123.166557 	145.866379 	53.235325 	93.962761 	23.259407 	141.823837 	44.922153 	52.773098 	67.007462 	
18.110771 	999.000000 	73.498299 	111.018013 	40.853397 	4.472136 	81.541397 	79.611557 	12.041595 	42.638012 	10.049875 	63.253460 	133.416641 	132.653687 	89.050545 	21.023796 	81.633324 	28.071337 	72.897186 	94.302704 	96.260063 	130.138382 	91.268837 	77.826729 	87.464279 	13.038404 	130.831955 	13.892444 	37.215588 	121.082619 	11.180340 	21.260292 	110.421921 	61.983868 	132.936081 	125.319588 	37.013512 	15.556349 	114.017540 	26.248810 	134.350296 	126.063477 	83.192551 	109.041275 	133.660019 	35.128338 	77.620872 	20.615528 	128.972870 	27.313000 	34.713108 	49.010204 	
88.102211 	73.498299 	999.000000 	41.146080 	34.713108 	71.400284 	8.062258 	6.324555 	64.536812 	31.304953 	69.318108 	12.041595 	65.924202 	65.000000 	15.620500 	94.339813 	9.055386 	51.088158 	8.944272 	20.808653 	22.803509 	60.415230 	17.888544 	9.433981 	14.560220 	69.310890 	60.901562 	86.214851 	44.102154 	49.406479 	78.644768 	94.625580 	37.483330 	22.090721 	62.433964 	53.600372 	46.647614 	72.138756 	41.012192 	99.624290 	63.812225 	54.203320 	14.866069 	35.608986 	62.681736 	51.107731 	16.278820 	91.438507 	56.850681 	63.245552 	55.072678 	41.761227 	
123.227432 	111.018013 	41.146080 	999.000000 	75.166481 	109.658562 	34.785053 	37.000000 	103.585716 	68.680420 	104.995239 	48.414875 	25.000000 	24.041630 	27.658634 	131.045792 	37.107952 	91.525955 	47.127487 	25.019993 	23.000000 	19.416489 	29.068884 	43.174065 	33.241539 	108.853111 	20.000000 	124.482933 	85.088188 	11.401754 	117.686020 	132.245987 	12.806249 	62.297672 	21.931713 	15.231546 	87.709747 	112.004463 	13.601471 	137.207870 	23.345236 	16.155495 	42.190044 	18.027756 	22.671568 	92.179176 	49.497475 	130.299652 	19.313208 	104.100914 	96.176918 	82.637764 	
57.489128 	40.853397 	34.713108 	75.166481 	999.000000 	38.013157 	42.426407 	40.311287 	30.528675 	13.000000 	39.319206 	27.313000 	99.362968 	98.488579 	50.209560 	61.846584 	41.868843 	16.401220 	32.449963 	55.172459 	57.280014 	94.578011 	51.739735 	37.443291 	47.634022 	34.828148 	95.131485 	52.478565 	11.045361 	84.023804 	44.407207 	61.294373 	72.180328 	21.377558 	96.834908 	88.238312 	14.035668 	37.483330 	75.690155 	66.241982 	98.229324 	88.865067 	42.544094 	70.035706 	97.200821 	18.248287 	36.769554 	57.201397 	91.547798 	29.068884 	22.360680 	17.804493 	
22.360680 	4.472136 	71.400284 	109.658562 	38.013157 	999.000000 	79.404030 	77.420929 	8.062258 	41.012192 	13.000000 	61.554855 	132.438660 	131.654846 	87.005745 	24.041630 	79.322128 	24.331051 	70.327805 	92.200867 	94.201912 	128.887543 	89.050545 	75.292763 	85.146935 	8.602325 	129.556931 	14.866069 	33.541019 	119.519875 	9.219544 	23.323807 	108.577164 	58.872746 	131.590271 	123.761871 	33.136082 	11.401754 	112.160599 	28.301943 	133.003754 	124.482933 	80.529495 	107.004669 	132.245987 	31.016125 	74.732857 	20.808653 	127.349915 	22.847319 	30.413813 	45.099888 	
96.150925 	81.541397 	8.062258 	34.785053 	42.426407 	79.404030 	999.000000 	2.236068 	72.470680 	39.357338 	77.369247 	19.646883 	59.774578 	58.821766 	7.810250 	102.396286 	3.605551 	58.728188 	12.369317 	12.806249 	14.866069 	53.712196 	9.848858 	9.055386 	7.000000 	77.155685 	54.129475 	94.201912 	51.400391 	42.190044 	86.556343 	102.649887 	29.832869 	27.513634 	55.470715 	46.324940 	53.823788 	79.906197 	33.301651 	107.647575 	56.824291 	46.872166 	11.401754 	27.658634 	55.569775 	58.249462 	16.492422 	99.357941 	49.406479 	70.604530 	62.128899 	47.927029 	
94.371605 	79.611557 	6.324555 	37.000000 	40.311287 	77.420929 	2.236068 	999.000000 	70.434364 	37.576588 	75.584389 	18.248287 	61.983868 	61.032780 	10.000000 	100.498756 	3.162278 	56.586216 	10.198039 	14.866069 	16.970562 	55.946404 	11.661903 	7.280110 	8.246211 	75.073296 	56.364883 	92.200867 	49.203659 	44.418465 	84.504440 	100.687637 	32.015621 	25.298222 	57.706154 	48.548943 	51.613953 	77.794601 	35.468296 	105.683487 	59.059292 	49.091751 	10.630146 	29.732138 	57.801384 	56.035702 	14.866069 	97.308784 	51.613953 	68.410522 	59.908264 	45.694637 	
30.149628 	12.041595 	64.536812 	103.585716 	30.528675 	8.062258 	72.470680 	70.434364 	999.000000 	35.000000 	17.029387 	55.226807 	126.826653 	126.015869 	80.156097 	32.015621 	72.201111 	16.278820 	62.968246 	85.276024 	87.321243 	122.918671 	82.006096 	67.955872 	78.006409 	6.082763 	123.555656 	21.954498 	25.495098 	113.172432 	14.142136 	30.870699 	101.911728 	51.078373 	125.495018 	117.413795 	25.079872 	10.049875 	105.475113 	35.777088 	126.905479 	118.105888 	73.061615 	100.124924 	126.063477 	23.086792 	67.082039 	26.907248 	120.917328 	16.401220 	22.803509 	37.054016 	
56.797886 	42.638012 	31.304953 	68.680420 	13.000000 	41.012192 	39.357338 	37.576588 	35.000000 	999.000000 	38.013157 	20.615528 	91.836815 	91.021973 	46.647614 	63.245552 	39.924931 	25.495098 	32.557640 	51.971146 	53.851646 	87.965904 	49.193497 	37.107952 	45.694637 	40.496914 	88.617157 	55.865910 	23.345236 	78.517517 	49.040798 	63.890530 	67.801178 	27.202942 	90.609047 	82.758682 	26.305893 	43.908997 	71.400284 	68.883957 	92.021736 	83.486526 	42.953465 	66.573265 	91.241440 	30.066593 	39.051247 	61.619801 	86.371292 	38.832977 	34.014702 	30.528675 	
18.788294 	10.049875 	69.318108 	104.995239 	39.319206 	13.000000 	77.369247 	75.584389 	17.029387 	38.013157 	999.000000 	58.309521 	126.621483 	125.896782 	84.599052 	26.172504 	77.878113 	30.083218 	69.892776 	89.944427 	91.787796 	123.842644 	87.206650 	74.672615 	83.671982 	20.808653 	124.579292 	22.803509 	38.470768 	115.420967 	21.213203 	28.301943 	105.394501 	60.671246 	126.810883 	119.632774 	39.051247 	24.186773 	109.000000 	33.015148 	128.222458 	120.420097 	80.324341 	104.446159 	127.663620 	38.275318 	75.432091 	29.832869 	123.405838 	33.421551 	38.910152 	50.803543 	
77.025970 	63.253460 	12.041595 	48.414875 	27.313000 	61.554855 	19.646883 	18.248287 	55.226807 	20.615528 	58.309521 	999.000000 	72.201111 	71.344238 	26.400757 	83.815269 	21.095022 	43.416588 	17.464249 	31.780497 	33.541019 	67.801178 	29.410883 	20.396078 	26.476404 	60.440052 	68.410522 	76.419891 	37.947330 	57.982758 	69.354164 	84.504440 	47.201694 	23.259407 	70.292244 	62.225395 	40.804413 	63.600315 	50.803543 	89.498604 	71.700768 	62.936478 	26.305893 	46.141087 	70.837845 	45.221676 	25.495098 	82.036575 	65.795135 	56.364883 	49.335587 	39.000000 	
144.277512 	133.416641 	65.924202 	25.000000 	99.362968 	132.438660 	59.774578 	61.983868 	126.826653 	91.836815 	126.621483 	72.201111 	999.000000 	1.000000 	52.630791 	152.793976 	62.096699 	115.602768 	72.124893 	49.648766 	47.518417 	8.944272 	53.758720 	68.154236 	58.051701 	132.310242 	9.433981 	147.122391 	109.567329 	21.377558 	140.801285 	154.466827 	34.014702 	87.281158 	11.313708 	19.313208 	112.258629 	135.624481 	32.249031 	159.364365 	11.401754 	19.697716 	66.910385 	39.115215 	13.453624 	116.730461 	74.330345 	153.222061 	20.248457 	128.413391 	120.768372 	107.563934 	
143.586212 	132.653687 	65.000000 	24.041630 	98.488579 	131.654846 	58.821766 	61.032780 	126.015869 	91.021973 	125.896782 	71.344238 	1.000000 	999.000000 	51.662365 	152.069061 	61.131008 	114.738831 	71.168816 	48.662102 	46.529560 	8.062258 	52.773098 	67.186310 	57.070133 	131.487640 	8.602325 	146.348892 	108.673820 	20.396078 	140.000000 	153.717270 	33.015148 	86.330757 	10.630146 	18.384777 	111.359779 	134.792435 	31.257000 	158.619034 	10.816654 	18.788294 	65.924202 	38.118237 	12.806249 	115.831772 	73.348480 	152.433594 	19.416489 	127.534309 	119.866592 	106.625511 	
103.353760 	89.050545 	15.620500 	27.658634 	50.209560 	87.005745 	7.810250 	10.000000 	80.156097 	46.647614 	84.599052 	26.400757 	52.630791 	51.662365 	999.000000 	109.836243 	9.486833 	66.528191 	19.697716 	5.385165 	7.211102 	46.238514 	4.472136 	15.524175 	6.324555 	84.899940 	46.615448 	101.828285 	59.203041 	34.481880 	94.260277 	110.208893 	22.022715 	34.928497 	47.853943 	38.587563 	61.611687 	87.681244 	25.495098 	115.208504 	49.193497 	39.115215 	15.132746 	20.000000 	47.885281 	66.030296 	22.022715 	107.056061 	41.617306 	78.409180 	69.892776 	55.461697 	
11.045361 	21.023796 	94.339813 	131.045792 	61.846584 	24.041630 	102.396286 	100.498756 	32.015621 	63.245552 	26.172504 	83.815269 	152.793976 	152.069061 	109.836243 	999.000000 	102.576797 	48.270073 	93.914856 	115.121674 	117.046997 	149.966660 	112.160599 	98.838249 	108.406639 	30.066593 	150.695053 	12.369317 	57.489128 	141.354172 	21.095022 	5.830952 	131.015259 	82.873398 	152.898666 	145.578156 	56.885849 	30.066593 	134.617981 	8.062258 	154.311371 	146.348892 	104.216118 	129.799850 	153.717270 	54.332310 	98.615417 	14.866069 	149.305054 	44.045429 	53.037724 	68.731361 	
96.664368 	81.633324 	9.055386 	37.107952 	41.868843 	79.322128 	3.605551 	3.162278 	72.201111 	39.924931 	77.878113 	21.095022 	62.096699 	61.131008 	9.486833 	102.576797 	999.000000 	58.000000 	10.295630 	13.601471 	15.811388 	55.713554 	9.899495 	6.082763 	5.830952 	76.694199 	56.080299 	94.047859 	50.328918 	43.829212 	86.214851 	102.625534 	31.064449 	25.495098 	57.271286 	47.885281 	52.630791 	79.309517 	34.409302 	107.615051 	58.600342 	48.373547 	7.810250 	28.319605 	57.245087 	57.008770 	13.152946 	99.020203 	50.774010 	69.526970 	60.802959 	46.065170 	
46.000000 	28.071337 	51.088158 	91.525955 	16.401220 	24.331051 	58.728188 	56.586216 	16.278820 	25.495098 	30.083218 	43.416588 	115.602768 	114.738831 	66.528191 	48.270073 	58.000000 	999.000000 	48.270073 	71.421288 	73.552704 	110.941429 	67.896980 	53.263496 	63.702435 	19.235384 	111.503365 	37.696156 	9.219544 	100.424103 	29.068884 	46.818798 	88.526833 	35.355339 	113.225441 	104.637466 	9.055386 	21.400934 	92.021736 	51.623638 	114.621117 	105.261581 	58.008621 	86.267029 	113.600174 	8.602325 	51.623638 	41.677334 	107.935165 	13.341664 	10.816654 	21.023796 	
88.600227 	72.897186 	8.944272 	47.127487 	32.449963 	70.327805 	12.369317 	10.198039 	62.968246 	32.557640 	69.892776 	17.464249 	72.124893 	71.168816 	19.697716 	93.914856 	10.295630 	48.270073 	999.000000 	23.853722 	26.076809 	65.924202 	20.000000 	5.000000 	15.620500 	67.201187 	66.309875 	84.905830 	40.311287 	54.120235 	76.843994 	93.648277 	41.340054 	15.231546 	67.542580 	58.180752 	42.520584 	69.656296 	44.654228 	98.615417 	68.876701 	58.668560 	10.440307 	38.418747 	67.535179 	46.861500 	8.062258 	89.627007 	61.057350 	59.464275 	50.606323 	35.777088 	
108.706024 	94.302704 	20.808653 	25.019993 	55.172459 	92.200867 	12.806249 	14.866069 	85.276024 	51.971146 	89.944427 	31.780497 	49.648766 	48.662102 	5.385165 	115.121674 	13.601471 	71.421288 	23.853722 	999.000000 	2.236068 	42.720020 	4.123106 	19.235384 	8.544003 	89.938866 	43.011627 	107.004669 	63.890530 	30.463093 	99.357941 	115.433968 	17.492855 	38.948685 	44.011364 	34.438351 	66.219330 	92.655273 	20.808653 	120.432556 	45.310043 	34.885529 	17.262676 	14.866069 	43.863426 	70.604530 	24.738634 	112.160599 	37.215588 	83.096329 	74.404305 	59.539902 	
110.535065 	96.260063 	22.803509 	23.000000 	57.280014 	94.201912 	14.866069 	16.970562 	87.321243 	53.851646 	91.787796 	33.541019 	47.518417 	46.529560 	7.211102 	117.046997 	15.811388 	73.552704 	26.076809 	2.236068 	999.000000 	40.521599 	6.324555 	21.470911 	10.770329 	92.021736 	40.804413 	109.018349 	66.068146 	28.231188 	101.414986 	117.413795 	15.264338 	41.182522 	41.785164 	32.202484 	68.410522 	94.762863 	18.601076 	122.413231 	43.081318 	32.649654 	19.416489 	12.806249 	41.629318 	72.801102 	26.925823 	114.214706 	34.985710 	85.276024 	76.609398 	61.773781 	
141.873184 	130.138382 	60.415230 	19.416489 	94.578011 	128.887543 	53.712196 	55.946404 	122.918671 	87.965904 	123.842644 	67.801178 	8.944272 	8.062258 	46.238514 	149.966660 	55.713554 	110.941429 	65.924202 	42.720020 	40.521599 	999.000000 	46.840153 	61.684681 	51.244511 	128.226364 	1.000000 	143.683685 	104.446159 	13.000000 	137.000000 	151.327454 	26.172504 	81.154175 	4.000000 	10.440307 	107.042046 	131.400146 	24.000000 	156.272202 	5.099020 	10.770329 	59.908264 	31.016125 	6.082763 	111.507851 	67.446274 	149.576065 	11.401754 	123.490891 	115.485931 	101.636604 	
105.990562 	91.268837 	17.888544 	29.068884 	51.739735 	89.050545 	9.848858 	11.661903 	82.006096 	49.193497 	87.206650 	29.410883 	53.758720 	52.773098 	4.472136 	112.160599 	9.899495 	67.896980 	20.000000 	4.123106 	6.324555 	46.840153 	999.000000 	15.264338 	4.472136 	86.556343 	47.127487 	103.812332 	60.207973 	34.539833 	96.046867 	112.329872 	21.470911 	34.985710 	48.104053 	38.483765 	62.481998 	89.196411 	24.698177 	117.324333 	49.396355 	38.910152 	13.152946 	18.439089 	47.927029 	66.843102 	20.615528 	108.853111 	41.182522 	79.397736 	70.604530 	55.569775 	
93.407707 	77.826729 	9.433981 	43.174065 	37.443291 	75.292763 	9.055386 	7.280110 	67.955872 	37.107952 	74.672615 	20.396078 	68.154236 	67.186310 	15.524175 	98.838249 	6.082763 	53.263496 	5.000000 	19.235384 	21.470911 	61.684681 	15.264338 	999.000000 	10.816654 	72.201111 	62.032249 	89.888817 	45.254833 	49.658836 	81.841309 	98.615417 	36.715118 	19.723083 	63.158531 	53.665630 	47.423622 	74.652527 	39.962482 	103.585716 	64.474800 	54.120235 	6.000000 	33.600594 	63.071388 	51.739735 	7.615773 	94.625580 	56.435802 	64.381676 	55.443665 	40.311287 	
102.459747 	87.464279 	14.560220 	33.241539 	47.634022 	85.146935 	7.000000 	8.246211 	78.006409 	45.694637 	83.671982 	26.476404 	58.051701 	57.070133 	6.324555 	108.406639 	5.830952 	63.702435 	15.620500 	8.544003 	10.770329 	51.244511 	4.472136 	10.816654 	999.000000 	82.462112 	51.546097 	99.864906 	55.901699 	39.000000 	92.005432 	108.452751 	25.942244 	30.528675 	52.554733 	42.953465 	58.137768 	85.041168 	29.154760 	113.441612 	53.851646 	43.382023 	9.000000 	22.803509 	52.392746 	62.481998 	16.278820 	104.809349 	45.650848 	75.073296 	66.219330 	51.107731 	
30.364452 	13.038404 	69.310890 	108.853111 	34.828148 	8.602325 	77.155685 	75.073296 	6.082763 	40.496914 	20.808653 	60.440052 	132.310242 	131.487640 	84.899940 	30.066593 	76.694199 	19.235384 	67.201187 	89.938866 	92.021736 	128.226364 	86.556343 	72.201111 	82.462112 	999.000000 	128.844864 	18.681541 	28.231188 	118.258194 	9.848858 	27.892651 	106.775467 	54.589375 	130.728729 	122.494896 	27.202942 	4.000000 	110.317726 	32.572994 	132.136292 	123.166557 	77.103828 	104.804581 	131.244049 	24.331051 	70.830788 	22.472204 	125.936493 	14.560220 	23.000000 	38.832977 	
142.635895 	130.831955 	60.901562 	20.000000 	95.131485 	129.556931 	54.129475 	56.364883 	123.555656 	88.617157 	124.579292 	68.410522 	9.433981 	8.602325 	46.615448 	150.695053 	56.080299 	111.503365 	66.309875 	43.011627 	40.804413 	1.000000 	47.127487 	62.032249 	51.546097 	128.844864 	999.000000 	144.360657 	104.957130 	13.038404 	137.644470 	152.029602 	26.305893 	81.541397 	3.000000 	10.198039 	107.540688 	132.003784 	24.020824 	156.977707 	4.123106 	10.440307 	60.166435 	31.064449 	5.099020 	112.004463 	67.720009 	150.233154 	10.816654 	124.020157 	115.974136 	102.044106 	
17.804493 	13.892444 	86.214851 	124.482933 	52.478565 	14.866069 	94.201912 	92.200867 	21.954498 	55.865910 	22.803509 	76.419891 	147.122391 	146.348892 	101.828285 	12.369317 	94.047859 	37.696156 	84.905830 	107.004669 	109.018349 	143.683685 	103.812332 	89.888817 	99.864906 	18.681541 	144.360657 	999.000000 	46.818798 	134.380051 	9.055386 	9.219544 	123.434196 	72.917763 	146.413803 	138.621780 	45.880280 	18.027756 	127.015747 	13.928389 	147.827606 	139.344894 	95.015785 	121.823647 	147.085007 	42.953465 	89.005615 	7.071068 	142.214630 	32.015621 	41.303753 	57.489128 	
55.036350 	37.215588 	44.102154 	85.088188 	11.045361 	33.541019 	51.400391 	49.203659 	25.495098 	23.345236 	38.470768 	37.947330 	109.567329 	108.673820 	59.203041 	57.489128 	50.328918 	9.219544 	40.311287 	63.890530 	66.068146 	104.446159 	60.207973 	45.254833 	55.901699 	28.231188 	104.957130 	46.818798 	999.000000 	93.477272 	38.078865 	55.973209 	81.215759 	26.627054 	106.531685 	97.652443 	3.000000 	30.016663 	84.646324 	60.745369 	107.912003 	98.229324 	49.678970 	78.644768 	106.780151 	7.280110 	43.011627 	50.537113 	100.801788 	19.209373 	11.401754 	12.369317 	
133.809570 	121.082619 	49.406479 	11.401754 	84.023804 	119.519875 	42.190044 	44.418465 	113.172432 	78.517517 	115.420967 	57.982758 	21.377558 	20.396078 	34.481880 	141.354172 	43.829212 	100.424103 	54.120235 	30.463093 	28.231188 	13.000000 	34.539833 	49.658836 	39.000000 	118.258194 	13.038404 	134.380051 	93.477272 	999.000000 	127.310646 	142.341141 	13.341664 	69.318108 	13.601471 	4.242640 	95.963531 	121.264175 	11.000000 	147.322769 	14.866069 	5.000000 	47.434166 	18.027756 	13.416408 	100.404182 	55.027267 	140.014282 	8.062258 	112.645462 	104.307236 	89.894379 	
23.853722 	11.180340 	78.644768 	117.686020 	44.407207 	9.219544 	86.556343 	84.504440 	14.142136 	49.040798 	21.213203 	69.354164 	140.801285 	140.000000 	94.260277 	21.095022 	86.214851 	29.068884 	76.843994 	99.357941 	101.414986 	137.000000 	96.046867 	81.841309 	92.005432 	9.848858 	137.644470 	9.055386 	38.078865 	127.310646 	999.000000 	18.248287 	116.043098 	64.412735 	139.603012 	131.552277 	37.000000 	9.000000 	119.603508 	22.803509 	141.014191 	132.245987 	86.821655 	114.214706 	140.185593 	33.955853 	80.622574 	12.806249 	135.059250 	23.000000 	32.249031 	48.507732 	
16.124516 	21.260292 	94.625580 	132.245987 	61.294373 	23.323807 	102.649887 	100.687637 	30.870699 	63.890530 	28.301943 	84.504440 	154.466827 	153.717270 	110.208893 	5.830952 	102.625534 	46.818798 	93.648277 	115.433968 	117.413795 	151.327454 	112.329872 	98.615417 	108.452751 	27.892651 	152.029602 	9.219544 	55.973209 	142.341141 	18.248287 	999.000000 	131.654846 	81.939003 	154.155762 	146.577621 	55.081757 	27.166155 	135.247925 	5.000000 	155.569916 	147.322769 	103.831596 	130.207520 	154.896744 	52.172791 	97.943863 	9.433981 	150.233154 	41.109608 	50.487621 	66.708321 	
124.020157 	110.421921 	37.483330 	12.806249 	72.180328 	108.577164 	29.832869 	32.015621 	101.911728 	67.801178 	105.394501 	47.201694 	34.014702 	33.015148 	22.022715 	131.015259 	31.064449 	88.526833 	41.340054 	17.492855 	15.264338 	26.172504 	21.470911 	36.715118 	25.942244 	106.775467 	26.305893 	123.434196 	81.215759 	13.341664 	116.043098 	131.654846 	999.000000 	56.435802 	26.925823 	17.088007 	83.600243 	109.622078 	3.605551 	136.652847 	28.160255 	17.464249 	34.176014 	5.385165 	26.570660 	88.005684 	41.785164 	128.817703 	19.723083 	100.424103 	91.836815 	77.025970 	
78.854294 	61.983868 	22.090721 	62.297672 	21.377558 	58.872746 	27.513634 	25.298222 	51.078373 	27.202942 	60.671246 	23.259407 	87.281158 	86.330757 	34.928497 	82.873398 	25.495098 	35.355339 	15.231546 	38.948685 	41.182522 	81.154175 	34.985710 	19.723083 	30.528675 	54.589375 	81.541397 	72.917763 	26.627054 	69.318108 	64.412735 	81.939003 	56.435802 	999.000000 	82.764725 	73.355301 	28.425341 	56.603886 	59.682495 	86.815895 	84.095184 	73.824112 	23.345236 	53.254108 	82.734512 	32.557640 	16.401220 	77.025970 	76.157730 	45.343136 	36.069378 	20.591261 	
144.941360 	132.936081 	62.433964 	21.931713 	96.834908 	131.590271 	55.470715 	57.706154 	125.495018 	90.609047 	126.810883 	70.292244 	11.313708 	10.630146 	47.853943 	152.898666 	57.271286 	113.225441 	67.542580 	44.011364 	41.785164 	4.000000 	48.104053 	63.158531 	52.554733 	130.728729 	3.000000 	146.413803 	106.531685 	13.601471 	139.603012 	154.155762 	26.925823 	82.764725 	999.000000 	10.049875 	109.077957 	133.843185 	24.331051 	159.113174 	1.414214 	10.000000 	61.032780 	31.400637 	2.236068 	113.534134 	68.622154 	152.226807 	9.486833 	125.642349 	117.477661 	103.315056 	
138.003616 	125.319588 	53.600372 	15.231546 	88.238312 	123.761871 	46.324940 	48.548943 	117.413795 	82.758682 	119.632774 	62.225395 	19.313208 	18.384777 	38.587563 	145.578156 	47.885281 	104.637466 	58.180752 	34.438351 	32.202484 	10.440307 	38.483765 	53.665630 	42.953465 	122.494896 	10.198039 	138.621780 	97.652443 	4.242640 	131.552277 	146.577621 	17.088007 	73.355301 	10.049875 	999.000000 	100.124924 	125.495018 	14.317822 	151.558563 	11.180340 	1.000000 	51.264023 	21.377558 	9.486833 	104.560989 	58.872746 	144.256714 	4.123106 	116.828934 	108.452751 	93.941475 	
55.009090 	37.013512 	46.647614 	87.709747 	14.035668 	33.136082 	53.823788 	51.613953 	25.079872 	26.305893 	39.051247 	40.804413 	112.258629 	111.359779 	61.611687 	56.885849 	52.630791 	9.055386 	42.520584 	66.219330 	68.410522 	107.042046 	62.481998 	47.423622 	58.137768 	27.202942 	107.540688 	45.880280 	3.000000 	95.963531 	37.000000 	55.081757 	83.600243 	28.425341 	109.077957 	100.124924 	999.000000 	28.635643 	87.005745 	59.774578 	110.453613 	100.687637 	51.662365 	80.919716 	109.293182 	4.472136 	44.821869 	49.244289 	103.227905 	16.970562 	8.544003 	12.000000 	
31.780497 	15.556349 	72.138756 	112.004463 	37.483330 	11.401754 	79.906197 	77.794601 	10.049875 	43.908997 	24.186773 	63.600315 	135.624481 	134.792435 	87.681244 	30.066593 	79.309517 	21.400934 	69.656296 	92.655273 	94.762863 	131.400146 	89.196411 	74.652527 	85.041168 	4.000000 	132.003784 	18.027756 	30.016663 	121.264175 	9.000000 	27.166155 	109.622078 	56.603886 	133.843185 	125.495018 	28.635643 	999.000000 	113.145920 	31.575306 	135.247925 	126.150703 	79.404030 	107.517441 	134.316788 	25.298222 	72.945183 	20.615528 	128.887543 	14.000000 	23.345236 	39.849716 	
127.624451 	114.017540 	41.012192 	13.601471 	75.690155 	112.160599 	33.301651 	35.468296 	105.475113 	71.400284 	109.000000 	50.803543 	32.249031 	31.257000 	25.495098 	134.617981 	34.409302 	92.021736 	44.654228 	20.808653 	18.601076 	24.000000 	24.698177 	39.962482 	29.154760 	110.317726 	24.020824 	127.015747 	84.646324 	11.000000 	119.603508 	135.247925 	3.605551 	59.682495 	24.331051 	14.317822 	87.005745 	113.145920 	999.000000 	140.246216 	25.495098 	14.560220 	37.161808 	7.071068 	23.769728 	91.400215 	44.777225 	132.382019 	16.552946 	103.855667 	95.210297 	80.262070 	
19.104973 	26.248810 	99.624290 	137.207870 	66.241982 	28.301943 	107.647575 	105.683487 	35.777088 	68.883957 	33.015148 	89.498604 	159.364365 	158.619034 	115.208504 	8.062258 	107.615051 	51.623638 	98.615417 	120.432556 	122.413231 	156.272202 	117.324333 	103.585716 	113.441612 	32.572994 	156.977707 	13.928389 	60.745369 	147.322769 	22.803509 	5.000000 	136.652847 	86.815895 	159.113174 	151.558563 	59.774578 	31.575306 	140.246216 	999.000000 	160.527252 	152.305618 	108.784187 	135.207245 	159.862442 	56.753853 	102.859123 	12.165525 	155.219193 	45.398239 	54.918121 	71.309189 	
146.348892 	134.350296 	63.812225 	23.345236 	98.229324 	133.003754 	56.824291 	59.059292 	126.905479 	92.021736 	128.222458 	71.700768 	11.401754 	10.816654 	49.193497 	154.311371 	58.600342 	114.621117 	68.876701 	45.310043 	43.081318 	5.099020 	49.396355 	64.474800 	53.851646 	132.136292 	4.123106 	147.827606 	107.912003 	14.866069 	141.014191 	155.569916 	28.160255 	84.095184 	1.414214 	11.180340 	110.453613 	135.247925 	25.495098 	160.527252 	999.000000 	11.045361 	62.297672 	32.557640 	2.236068 	114.908661 	69.892776 	153.639191 	10.198039 	127.027557 	118.848640 	104.651802 	
138.809219 	126.063477 	54.203320 	16.155495 	88.865067 	124.482933 	46.872166 	49.091751 	118.105888 	83.486526 	120.420097 	62.936478 	19.697716 	18.788294 	39.115215 	146.348892 	48.373547 	105.261581 	58.668560 	34.885529 	32.649654 	10.770329 	38.910152 	54.120235 	43.382023 	123.166557 	10.440307 	139.344894 	98.229324 	5.000000 	132.245987 	147.322769 	17.464249 	73.824112 	10.000000 	1.000000 	100.687637 	126.150703 	14.560220 	152.305618 	11.045361 	999.000000 	51.623638 	21.587032 	9.219544 	105.118980 	59.236813 	144.958618 	3.162278 	117.413795 	109.000000 	94.413979 	
99.020203 	83.192551 	14.866069 	42.190044 	42.544094 	80.529495 	11.401754 	10.630146 	73.061615 	42.953465 	80.324341 	26.305893 	66.910385 	65.924202 	15.132746 	104.216118 	7.810250 	58.008621 	10.440307 	17.262676 	19.416489 	59.908264 	13.152946 	6.000000 	9.000000 	77.103828 	60.166435 	95.015785 	49.678970 	47.434166 	86.821655 	103.831596 	34.176014 	23.345236 	61.032780 	51.264023 	51.662365 	79.404030 	37.161808 	108.784187 	62.297672 	51.623638 	999.000000 	30.413813 	60.745369 	55.865910 	7.615773 	99.569069 	53.712196 	68.622154 	59.413803 	43.600460 	
123.166557 	109.041275 	35.608986 	18.027756 	70.035706 	107.004669 	27.658634 	29.732138 	100.124924 	66.573265 	104.446159 	46.141087 	39.115215 	38.118237 	20.000000 	129.799850 	28.319605 	86.267029 	38.418747 	14.866069 	12.806249 	31.016125 	18.439089 	33.600594 	22.803509 	104.804581 	31.064449 	121.823647 	78.644768 	18.027756 	114.214706 	130.207520 	5.385165 	53.254108 	31.400637 	21.377558 	80.919716 	107.517441 	7.071068 	135.207245 	32.557640 	21.587032 	30.413813 	999.000000 	30.805843 	85.276024 	38.013157 	127.015747 	23.409399 	97.836601 	89.022469 	73.783470 	
145.866379 	133.660019 	62.681736 	22.671568 	97.200821 	132.245987 	55.569775 	57.801384 	126.063477 	91.241440 	127.663620 	70.837845 	13.453624 	12.806249 	47.885281 	153.717270 	57.245087 	113.600174 	67.535179 	43.863426 	41.629318 	6.082763 	47.927029 	63.071388 	52.392746 	131.244049 	5.099020 	147.085007 	106.780151 	13.416408 	140.185593 	154.896744 	26.570660 	82.734512 	2.236068 	9.486833 	109.293182 	134.316788 	23.769728 	159.862442 	2.236068 	9.219544 	60.745369 	30.805843 	999.000000 	113.740936 	68.352028 	152.839783 	8.062258 	125.924583 	117.660530 	103.310211 	
53.235325 	35.128338 	51.107731 	92.179176 	18.248287 	31.016125 	58.249462 	56.035702 	23.086792 	30.066593 	38.275318 	45.221676 	116.730461 	115.831772 	66.030296 	54.332310 	57.008770 	8.602325 	46.861500 	70.604530 	72.801102 	111.507851 	66.843102 	51.739735 	62.481998 	24.331051 	112.004463 	42.953465 	7.280110 	100.404182 	33.955853 	52.172791 	88.005684 	32.557640 	113.534134 	104.560989 	4.472136 	25.298222 	91.400215 	56.753853 	114.908661 	105.118980 	55.865910 	85.276024 	113.740936 	999.000000 	48.918301 	45.880280 	107.647575 	12.806249 	4.123106 	14.560220 	
93.962761 	77.620872 	16.278820 	49.497475 	36.769554 	74.732857 	16.492422 	14.866069 	67.082039 	39.051247 	75.432091 	25.495098 	74.330345 	73.348480 	22.022715 	98.615417 	13.152946 	51.623638 	8.062258 	24.738634 	26.925823 	67.446274 	20.615528 	7.615773 	16.278820 	70.830788 	67.720009 	89.005615 	43.011627 	55.027267 	80.622574 	97.943863 	41.785164 	16.401220 	68.622154 	58.872746 	44.821869 	72.945183 	44.777225 	102.859123 	69.892776 	59.236813 	7.615773 	38.013157 	68.352028 	48.918301 	999.000000 	93.295227 	61.326992 	61.717098 	52.345009 	36.235340 	
23.259407 	20.615528 	91.438507 	130.299652 	57.201397 	20.808653 	99.357941 	97.308784 	26.907248 	61.619801 	29.832869 	82.036575 	153.222061 	152.433594 	107.056061 	14.866069 	99.020203 	41.677334 	89.627007 	112.160599 	114.214706 	149.576065 	108.853111 	94.625580 	104.809349 	22.472204 	150.233154 	7.071068 	50.537113 	140.014282 	12.806249 	9.433981 	128.817703 	77.025970 	152.226807 	144.256714 	49.244289 	20.615528 	132.382019 	12.165525 	153.639191 	144.958618 	99.569069 	127.015747 	152.839783 	45.880280 	93.295227 	999.000000 	147.787003 	33.955853 	43.680660 	60.406952 	
141.823837 	128.972870 	56.850681 	19.313208 	91.547798 	127.349915 	49.406479 	51.613953 	120.917328 	86.371292 	123.405838 	65.795135 	20.248457 	19.416489 	41.617306 	149.305054 	50.774010 	107.935165 	61.057350 	37.215588 	34.985710 	11.401754 	41.182522 	56.435802 	45.650848 	125.936493 	10.816654 	142.214630 	100.801788 	8.062258 	135.059250 	150.233154 	19.723083 	76.157730 	9.486833 	4.123106 	103.227905 	128.887543 	16.552946 	155.219193 	10.198039 	3.162278 	53.712196 	23.409399 	8.062258 	107.647575 	61.326992 	147.787003 	999.000000 	120.000000 	111.503365 	96.747093 	
44.922153 	27.313000 	63.245552 	104.100914 	29.068884 	22.847319 	70.604530 	68.410522 	16.401220 	38.832977 	33.421551 	56.364883 	128.413391 	127.534309 	78.409180 	44.045429 	69.526970 	13.341664 	59.464275 	83.096329 	85.276024 	123.490891 	79.397736 	64.381676 	75.073296 	14.560220 	124.020157 	32.015621 	19.209373 	112.645462 	23.000000 	41.109608 	100.424103 	45.343136 	125.642349 	116.828934 	16.970562 	14.000000 	103.855667 	45.398239 	127.027557 	117.413795 	68.622154 	97.836601 	125.924583 	12.806249 	61.717098 	33.955853 	120.000000 	999.000000 	9.848858 	26.832815 	
52.773098 	34.713108 	55.072678 	96.176918 	22.360680 	30.413813 	62.128899 	59.908264 	22.803509 	34.014702 	38.910152 	49.335587 	120.768372 	119.866592 	69.892776 	53.037724 	60.802959 	10.816654 	50.606323 	74.404305 	76.609398 	115.485931 	70.604530 	55.443665 	66.219330 	23.000000 	115.974136 	41.303753 	11.401754 	104.307236 	32.249031 	50.487621 	91.836815 	36.069378 	117.477661 	108.452751 	8.544003 	23.345236 	95.210297 	54.918121 	118.848640 	109.000000 	59.413803 	89.022469 	117.660530 	4.123106 	52.345009 	43.680660 	111.503365 	9.848858 	999.000000 	17.000000 	
67.007462 	49.010204 	41.761227 	82.637764 	17.804493 	45.099888 	47.927029 	45.694637 	37.054016 	30.528675 	50.803543 	39.000000 	107.563934 	106.625511 	55.461697 	68.731361 	46.065170 	21.023796 	35.777088 	59.539902 	61.773781 	101.636604 	55.569775 	40.311287 	51.107731 	38.832977 	102.044106 	57.489128 	12.369317 	89.894379 	48.507732 	66.708321 	77.025970 	20.591261 	103.315056 	93.941475 	12.000000 	39.849716 	80.262070 	71.309189 	104.651802 	94.413979 	43.600460 	73.783470 	103.310211 	14.560220 	36.235340 	60.406952 	96.747093 	26.832815 	17.000000 	999.000000 	

Travel time:
9.000000 	0.452769 	2.202555 	3.080686 	1.437228 	0.559017 	2.403773 	2.359290 	0.753741 	1.419947 	0.469707 	1.925649 	3.606938 	3.589655 	2.583844 	0.276134 	2.416609 	1.150000 	2.215006 	2.717651 	2.763377 	3.546830 	2.649764 	2.335193 	2.561494 	0.759111 	3.565897 	0.445112 	1.375909 	3.345239 	0.596343 	0.403113 	3.100504 	1.971357 	3.623534 	3.450090 	1.375227 	0.794512 	3.190611 	0.477624 	3.658722 	3.470231 	2.475505 	3.079164 	3.646659 	1.330883 	2.349069 	0.581485 	3.545596 	1.123054 	1.319327 	1.675187 	
0.452769 	9.000000 	1.837457 	2.775450 	1.021335 	0.111803 	2.038535 	1.990289 	0.301040 	1.065950 	0.251247 	1.581336 	3.335416 	3.316342 	2.226264 	0.525595 	2.040833 	0.701783 	1.822430 	2.357568 	2.406502 	3.253459 	2.281721 	1.945668 	2.186607 	0.325960 	3.270799 	0.347311 	0.930390 	3.027066 	0.279509 	0.531507 	2.760548 	1.549597 	3.323402 	3.132990 	0.925338 	0.388909 	2.850439 	0.656220 	3.358757 	3.151587 	2.079814 	2.726032 	3.341501 	0.878208 	1.940522 	0.515388 	3.224322 	0.682825 	0.867828 	1.225255 	
2.202555 	1.837457 	9.000000 	1.028652 	0.867828 	1.785007 	0.201556 	0.158114 	1.613420 	0.782624 	1.732953 	0.301040 	1.648105 	1.625000 	0.390512 	2.358495 	0.226385 	1.277204 	0.223607 	0.520216 	0.570088 	1.510381 	0.447214 	0.235850 	0.364006 	1.732772 	1.522539 	2.155371 	1.102554 	1.235162 	1.966119 	2.365639 	0.937083 	0.552268 	1.560849 	1.340009 	1.166190 	1.803469 	1.025305 	2.490607 	1.595306 	1.355083 	0.371652 	0.890225 	1.567043 	1.277693 	0.406971 	2.285963 	1.421267 	1.581139 	1.376817 	1.044031 	
3.080686 	2.775450 	1.028652 	9.000000 	1.879162 	2.741464 	0.869626 	0.925000 	2.589643 	1.717010 	2.624881 	1.210372 	0.625000 	0.601041 	0.691466 	3.276145 	0.927699 	2.288149 	1.178187 	0.625500 	0.575000 	0.485412 	0.726722 	1.079352 	0.831038 	2.721328 	0.500000 	3.112073 	2.127205 	0.285044 	2.942151 	3.306150 	0.320156 	1.557442 	0.548293 	0.380789 	2.192744 	2.800112 	0.340037 	3.430197 	0.583631 	0.403887 	1.054751 	0.450694 	0.566789 	2.304479 	1.237437 	3.257491 	0.482830 	2.602523 	2.404423 	2.065944 	
1.437228 	1.021335 	0.867828 	1.879162 	9.000000 	0.950329 	1.060660 	1.007782 	0.763217 	0.325000 	0.982980 	0.682825 	2.484074 	2.462214 	1.255239 	1.546165 	1.046721 	0.410031 	0.811249 	1.379311 	1.432000 	2.364450 	1.293493 	0.936082 	1.190850 	0.870704 	2.378287 	1.311964 	0.276134 	2.100595 	1.110180 	1.532359 	1.804508 	0.534439 	2.420873 	2.205958 	0.350892 	0.937083 	1.892254 	1.656049 	2.455733 	2.221627 	1.063602 	1.750893 	2.430021 	0.456207 	0.919239 	1.430035 	2.288695 	0.726722 	0.559017 	0.445112 	
0.559017 	0.111803 	1.785007 	2.741464 	0.950329 	9.000000 	1.985101 	1.935523 	0.201556 	1.025305 	0.325000 	1.538871 	3.310966 	3.291371 	2.175144 	0.601041 	1.983053 	0.608276 	1.758195 	2.305022 	2.355048 	3.222188 	2.226264 	1.882319 	2.128673 	0.215058 	3.238923 	0.371652 	0.838525 	2.987997 	0.230489 	0.583095 	2.714429 	1.471819 	3.289757 	3.094047 	0.828402 	0.285044 	2.804015 	0.707549 	3.325094 	3.112073 	2.013237 	2.675117 	3.306150 	0.775403 	1.868321 	0.520216 	3.183748 	0.571183 	0.760345 	1.127497 	
2.403773 	2.038535 	0.201556 	0.869626 	1.060660 	1.985101 	9.000000 	0.055902 	1.811767 	0.983933 	1.934231 	0.491172 	1.494365 	1.470544 	0.195256 	2.559907 	0.090139 	1.468205 	0.309233 	0.320156 	0.371652 	1.342805 	0.246221 	0.226385 	0.175000 	1.928892 	1.353237 	2.355048 	1.285010 	1.054751 	2.163908 	2.566247 	0.745822 	0.687841 	1.386768 	1.158123 	1.345595 	1.997655 	0.832541 	2.691189 	1.420607 	1.171804 	0.285044 	0.691466 	1.389244 	1.456237 	0.412311 	2.483948 	1.235162 	1.765113 	1.553222 	1.198176 	
2.359290 	1.990289 	0.158114 	0.925000 	1.007782 	1.935523 	0.055902 	9.000000 	1.760859 	0.939415 	1.889610 	0.456207 	1.549597 	1.525820 	0.250000 	2.512469 	0.079057 	1.414655 	0.254951 	0.371652 	0.424264 	1.398660 	0.291548 	0.182003 	0.206155 	1.876832 	1.409122 	2.305022 	1.230091 	1.110462 	2.112611 	2.517191 	0.800391 	0.632456 	1.442654 	1.213724 	1.290349 	1.944865 	0.886707 	2.642087 	1.476482 	1.227294 	0.265754 	0.743303 	1.445035 	1.400892 	0.371652 	2.432720 	1.290349 	1.710263 	1.497707 	1.142366 	
0.753741 	0.301040 	1.613420 	2.589643 	0.763217 	0.201556 	1.811767 	1.760859 	9.000000 	0.875000 	0.425735 	1.380670 	3.170666 	3.150397 	2.003902 	0.800391 	1.805028 	0.406971 	1.574206 	2.131901 	2.183031 	3.072967 	2.050152 	1.698897 	1.950160 	0.152069 	3.088892 	0.548862 	0.637377 	2.829311 	0.353553 	0.771767 	2.547793 	1.276959 	3.137375 	2.935345 	0.626997 	0.251247 	2.636878 	0.894427 	3.172637 	2.952647 	1.826540 	2.503123 	3.151587 	0.577170 	1.677051 	0.672681 	3.022933 	0.410031 	0.570088 	0.926350 	
1.419947 	1.065950 	0.782624 	1.717010 	0.325000 	1.025305 	0.983933 	0.939415 	0.875000 	9.000000 	0.950329 	0.515388 	2.295920 	2.275549 	1.166190 	1.581139 	0.998123 	0.637377 	0.813941 	1.299279 	1.346291 	2.199148 	1.229837 	0.927699 	1.142366 	1.012423 	2.215429 	1.396648 	0.583631 	1.962938 	1.226020 	1.597263 	1.695029 	0.680074 	2.265226 	2.068967 	0.657647 	1.097725 	1.785007 	1.722099 	2.300543 	2.087163 	1.073837 	1.664332 	2.281036 	0.751665 	0.976281 	1.540495 	2.159282 	0.970824 	0.850368 	0.763217 	
0.469707 	0.251247 	1.732953 	2.624881 	0.982980 	0.325000 	1.934231 	1.889610 	0.425735 	0.950329 	9.000000 	1.457738 	3.165537 	3.147419 	2.114976 	0.654313 	1.946953 	0.752080 	1.747319 	2.248611 	2.294695 	3.096066 	2.180166 	1.866815 	2.091799 	0.520216 	3.114482 	0.570088 	0.961769 	2.885524 	0.530330 	0.707549 	2.634862 	1.516781 	3.170272 	2.990819 	0.976281 	0.604669 	2.725000 	0.825379 	3.205561 	3.010502 	2.008109 	2.611154 	3.191591 	0.956883 	1.885802 	0.745822 	3.085146 	0.835539 	0.972754 	1.270089 	
1.925649 	1.581336 	0.301040 	1.210372 	0.682825 	1.538871 	0.491172 	0.456207 	1.380670 	0.515388 	1.457738 	9.000000 	1.805028 	1.783606 	0.660019 	2.095382 	0.527376 	1.085415 	0.436606 	0.794512 	0.838525 	1.695029 	0.735272 	0.509902 	0.661910 	1.511001 	1.710263 	1.910497 	0.948683 	1.449569 	1.733854 	2.112611 	1.180042 	0.581485 	1.757306 	1.555635 	1.020110 	1.590008 	1.270089 	2.237465 	1.792519 	1.573412 	0.657647 	1.153527 	1.770946 	1.130542 	0.637377 	2.050914 	1.644878 	1.409122 	1.233390 	0.975000 	
3.606938 	3.335416 	1.648105 	0.625000 	2.484074 	3.310966 	1.494365 	1.549597 	3.170666 	2.295920 	3.165537 	1.805028 	9.000000 	0.025000 	1.315770 	3.819849 	1.552418 	2.890069 	1.803122 	1.241219 	1.187960 	0.223607 	1.343968 	1.703856 	1.451293 	3.307756 	0.235850 	3.678060 	2.739183 	0.534439 	3.520032 	3.861671 	0.850368 	2.182029 	0.282843 	0.482830 	2.806466 	3.390612 	0.806226 	3.984109 	0.285044 	0.492443 	1.672760 	0.977880 	0.336341 	2.918262 	1.858259 	3.830552 	0.506211 	3.210335 	3.019209 	2.689098 	
3.589655 	3.316342 	1.625000 	0.601041 	2.462214 	3.291371 	1.470544 	1.525820 	3.150397 	2.275549 	3.147419 	1.783606 	0.025000 	9.000000 	1.291559 	3.801727 	1.528275 	2.868471 	1.779220 	1.216552 	1.163239 	0.201556 	1.319327 	1.679658 	1.426753 	3.287191 	0.215058 	3.658722 	2.716846 	0.509902 	3.500000 	3.842932 	0.825379 	2.158269 	0.265754 	0.459619 	2.783994 	3.369811 	0.781425 	3.965476 	0.270416 	0.469707 	1.648105 	0.952956 	0.320156 	2.895794 	1.833712 	3.810840 	0.485412 	3.188358 	2.996665 	2.665638 	
2.583844 	2.226264 	0.390512 	0.691466 	1.255239 	2.175144 	0.195256 	0.250000 	2.003902 	1.166190 	2.114976 	0.660019 	1.315770 	1.291559 	9.000000 	2.745906 	0.237171 	1.663205 	0.492443 	0.134629 	0.180278 	1.155963 	0.111803 	0.388104 	0.158114 	2.122499 	1.165386 	2.545707 	1.480076 	0.862047 	2.356507 	2.755222 	0.550568 	0.873212 	1.196349 	0.964689 	1.540292 	2.192031 	0.637377 	2.880213 	1.229837 	0.977880 	0.378319 	0.500000 	1.197132 	1.650757 	0.550568 	2.676402 	1.040433 	1.960230 	1.747319 	1.386542 	
0.276134 	0.525595 	2.358495 	3.276145 	1.546165 	0.601041 	2.559907 	2.512469 	0.800391 	1.581139 	0.654313 	2.095382 	3.819849 	3.801727 	2.745906 	9.000000 	2.564420 	1.206752 	2.347871 	2.878042 	2.926175 	3.749166 	2.804015 	2.470956 	2.710166 	0.751665 	3.767376 	0.309233 	1.437228 	3.533854 	0.527376 	0.145774 	3.275382 	2.071835 	3.822467 	3.639454 	1.422146 	0.751665 	3.365449 	0.201556 	3.857784 	3.658722 	2.605403 	3.244996 	3.842932 	1.358308 	2.465385 	0.371652 	3.732626 	1.101136 	1.325943 	1.718284 	
2.416609 	2.040833 	0.226385 	0.927699 	1.046721 	1.983053 	0.090139 	0.079057 	1.805028 	0.998123 	1.946953 	0.527376 	1.552418 	1.528275 	0.237171 	2.564420 	9.000000 	1.450000 	0.257391 	0.340037 	0.395285 	1.392839 	0.247487 	0.152069 	0.145774 	1.917355 	1.402007 	2.351197 	1.258223 	1.095730 	2.155371 	2.565638 	0.776611 	0.637377 	1.431782 	1.197132 	1.315770 	1.982738 	0.860233 	2.690376 	1.465008 	1.209339 	0.195256 	0.707990 	1.431127 	1.425219 	0.328824 	2.475505 	1.269350 	1.738174 	1.520074 	1.151629 	
1.150000 	0.701783 	1.277204 	2.288149 	0.410031 	0.608276 	1.468205 	1.414655 	0.406971 	0.637377 	0.752080 	1.085415 	2.890069 	2.868471 	1.663205 	1.206752 	1.450000 	9.000000 	1.206752 	1.785532 	1.838818 	2.773536 	1.697425 	1.331587 	1.592561 	0.480885 	2.787584 	0.942404 	0.230489 	2.510602 	0.726722 	1.170470 	2.213171 	0.883883 	2.830636 	2.615937 	0.226385 	0.535023 	2.300543 	1.290591 	2.865528 	2.631540 	1.450216 	2.156676 	2.840004 	0.215058 	1.290591 	1.041933 	2.698379 	0.333542 	0.270416 	0.525595 	
