Total assets = 740
Number of asset nodes = 40

Distance:
999.000000 	64.412735 	37.000000 	22.803509 	135.059250 	23.000000 	32.249031 	48.507732 	78.644768 	9.219544 	86.556343 	84.504440 	136.488098 	66.483078 	152.397507 	67.416618 	107.335922 	70.936592 	32.000000 	100.498756 	42.296574 	142.144287 	151.426544 	94.413979 	97.616600 	82.855293 	42.047592 	85.088188 	22.803509 	55.901699 	38.052597 	90.873535 	32.557640 	44.045429 	107.823929 	58.309521 	35.440090 	45.177429 	39.812057 	49.040798 	68.066147 	66.910385 	36.400551 	41.231056 	107.912003 	52.630791 	58.694122 	70.007141 	64.498062 	67.268120 	56.648037 	71.784401 	
64.412735 	999.000000 	28.425341 	86.815895 	76.157730 	45.343136 	36.069378 	20.591261 	22.090721 	58.872746 	27.513634 	25.298222 	76.850502 	7.810250 	95.257545 	8.485281 	43.863426 	9.848858 	39.051247 	36.400551 	29.154760 	82.377182 	93.150414 	30.016663 	33.286633 	19.235384 	31.764761 	21.377558 	85.702972 	20.099751 	37.215588 	26.925823 	96.254868 	34.539833 	43.416588 	24.020824 	46.141087 	36.055511 	42.047592 	32.984844 	20.591261 	21.023796 	48.764740 	49.769470 	44.721359 	43.416588 	39.012817 	33.615471 	38.639359 	37.363083 	50.159744 	54.129475 	
37.000000 	28.425341 	999.000000 	59.774578 	103.227905 	16.970562 	8.544003 	12.000000 	46.647614 	33.136082 	53.823788 	51.613953 	104.201729 	29.546574 	121.794907 	30.463093 	72.249565 	34.014702 	12.369317 	64.815125 	9.899495 	109.808922 	120.104118 	58.249462 	61.611687 	46.065170 	12.206555 	48.301140 	57.454330 	20.099751 	14.317822 	54.120235 	68.095520 	16.643316 	71.561165 	23.769728 	22.022715 	18.867962 	20.396078 	19.798990 	32.000000 	31.016125 	25.019993 	28.160255 	70.936592 	29.681644 	31.144823 	37.336308 	35.227829 	36.715118 	36.715118 	48.104053 	
22.803509 	86.815895 	59.774578 	999.000000 	155.219193 	45.398239 	54.918121 	71.309189 	99.624290 	28.301943 	107.647575 	105.683487 	156.847061 	89.196411 	171.828400 	90.138779 	129.139465 	93.637596 	54.332310 	122.588745 	64.938431 	162.483841 	171.213318 	116.730461 	119.854080 	105.475113 	64.498062 	107.703293 	14.422205 	78.644768 	60.133186 	113.463654 	16.124516 	66.121101 	130.146072 	80.894997 	56.142673 	67.029846 	61.032780 	71.112587 	90.801979 	89.627007 	56.435802 	60.827625 	130.633072 	73.334846 	80.056229 	92.135773 	86.023254 	89.000000 	76.295479 	91.591484 	
135.059250 	76.157730 	103.227905 	155.219193 	999.000000 	120.000000 	111.503365 	96.747093 	56.850681 	127.349915 	49.406479 	51.613953 	3.162278 	79.202271 	19.646883 	78.790863 	36.496574 	75.769386 	114.825958 	44.911022 	105.309067 	7.615773 	17.000000 	52.392746 	49.030602 	65.802734 	107.912003 	64.288414 	157.724442 	94.847244 	113.371071 	60.207973 	167.585800 	110.476242 	45.000000 	97.308784 	122.298813 	111.803398 	118.118584 	108.258949 	88.543777 	89.810913 	124.907967 	125.670204 	58.309521 	117.545738 	111.328346 	100.169853 	108.521889 	105.773346 	123.369362 	122.024590 	
23.000000 	45.343136 	16.970562 	45.398239 	120.000000 	999.000000 	9.848858 	26.832815 	63.245552 	22.847319 	70.604530 	68.410522 	121.037186 	45.793011 	138.397980 	46.647614 	89.196411 	50.249378 	9.000000 	81.688431 	19.646883 	126.657021 	136.824707 	75.000000 	78.409180 	62.433964 	19.104973 	64.660652 	41.146080 	33.526108 	15.132746 	70.491135 	51.894123 	21.095022 	88.232651 	35.510563 	14.866069 	22.360680 	17.888544 	26.076809 	45.607018 	44.384682 	17.029387 	21.931713 	86.764046 	30.870699 	36.138622 	47.010635 	41.773197 	44.407207 	36.055511 	50.537113 	
32.249031 	36.069378 	8.544003 	54.918121 	111.503365 	9.848858 	999.000000 	17.000000 	55.072678 	30.413813 	62.128899 	59.908264 	112.414413 	36.055511 	130.172958 	36.891735 	79.906197 	40.496914 	4.000000 	72.249565 	10.049875 	118.004234 	128.413391 	65.436989 	68.883957 	52.697250 	10.198039 	54.918121 	50.990196 	23.769728 	8.485281 	60.745369 	61.741398 	13.416408 	78.600258 	26.076809 	14.142136 	15.264338 	13.892444 	18.027756 	35.902645 	34.713108 	17.117243 	20.880613 	76.922035 	25.495098 	29.068884 	38.327538 	34.176014 	36.400551 	31.890438 	45.000000 	
48.507732 	20.591261 	12.000000 	71.309189 	96.747093 	26.832815 	17.000000 	999.000000 	41.761227 	45.099888 	47.927029 	45.694637 	97.416634 	19.209373 	115.836090 	20.000000 	63.780876 	23.600847 	19.209373 	55.865910 	8.602325 	102.927162 	113.740936 	48.836460 	52.345009 	35.805027 	11.180340 	38.013157 	67.977936 	8.246211 	16.643316 	43.829212 	78.721024 	14.317822 	61.846584 	12.529964 	25.553865 	16.124516 	21.540659 	14.142136 	20.000000 	19.026299 	28.178005 	29.410883 	59.933296 	25.317978 	23.706539 	26.419689 	26.248810 	26.907248 	32.557640 	40.816662 	
78.644768 	22.090721 	46.647614 	99.624290 	56.850681 	63.245552 	55.072678 	41.761227 	999.000000 	71.400284 	8.062258 	6.324555 	58.051701 	28.160255 	75.166481 	28.284271 	31.048349 	26.925823 	58.591808 	27.000000 	49.979996 	63.702435 	73.600273 	25.000000 	26.305893 	25.495098 	52.810986 	26.172504 	101.138519 	42.190044 	57.939625 	28.301943 	111.198021 	56.044624 	36.013885 	46.010868 	66.850578 	57.723480 	63.245552 	54.918121 	40.792156 	41.593269 	69.641945 	71.168816 	44.271889 	65.490456 	61.008198 	54.129475 	60.207973 	58.549126 	72.249565 	75.538071 	
9.219544 	58.872746 	33.136082 	28.301943 	127.349915 	22.847319 	30.413813 	45.099888 	71.400284 	999.000000 	79.404030 	77.420929 	128.887543 	61.846584 	144.360657 	62.817196 	100.846420 	66.219330 	31.320919 	94.366310 	40.199501 	134.536240 	143.544418 	88.639717 	91.706055 	77.794601 	40.607880 	80.006248 	31.384710 	53.009434 	37.643059 	85.702972 	40.459858 	43.416588 	102.044106 	56.080299 	37.215588 	44.922153 	40.718548 	48.270073 	65.069191 	64.031242 	38.832977 	43.829212 	103.160072 	53.712196 	58.821766 	68.731361 	64.288414 	66.708321 	58.668560 	73.348480 	
86.556343 	27.513634 	53.823788 	107.647575 	49.406479 	70.604530 	62.128899 	47.927029 	8.062258 	79.404030 	999.000000 	2.236068 	50.447994 	32.249031 	68.095520 	32.140316 	23.345236 	30.000000 	65.513359 	20.396078 	56.364883 	56.080299 	66.287254 	20.248457 	20.615528 	25.079872 	59.093147 	25.059929 	108.977058 	47.296936 	64.404968 	25.495098 	119.096596 	62.032249 	29.427877 	50.635956 	73.348480 	63.568859 	69.462219 	60.440052 	44.011364 	45.000000 	76.059189 	77.252831 	39.357338 	70.611610 	65.490456 	57.140179 	64.031242 	62.008064 	77.103828 	79.025314 	
84.504440 	25.298222 	51.613953 	105.683487 	51.613953 	68.410522 	59.908264 	45.694637 	6.324555 	77.420929 	2.236068 	999.000000 	52.630791 	30.149628 	70.327805 	30.066593 	24.738634 	28.017851 	63.285069 	21.095022 	54.129475 	58.258045 	68.505478 	20.124611 	20.880613 	23.706539 	56.859474 	23.853722 	106.887794 	45.122055 	62.169125 	24.758837 	117.034180 	59.808025 	30.149628 	48.507732 	71.112587 	61.351448 	67.230942 	58.240879 	42.047592 	43.011627 	73.824112 	75.026665 	39.395432 	68.447060 	63.387695 	55.226807 	62.008064 	60.033325 	74.966660 	77.058418 	
136.488098 	76.850502 	104.201729 	156.847061 	3.162278 	121.037186 	112.414413 	97.416634 	58.051701 	128.887543 	50.447994 	52.630791 	999.000000 	79.605278 	20.099751 	79.158073 	36.138622 	76.059189 	115.676270 	44.643028 	106.000000 	5.656854 	16.763054 	52.201534 	48.764740 	65.787537 	108.558739 	64.195015 	159.100601 	95.257545 	114.057007 	59.908264 	169.035492 	111.018013 	44.102154 	97.575615 	122.967476 	112.294258 	118.701309 	108.673820 	88.600227 	89.888817 	125.538841 	126.178444 	57.078892 	117.783699 	111.427109 	100.000000 	108.466583 	105.650368 	123.490891 	121.753853 	
66.483078 	7.810250 	29.546574 	89.196411 	79.202271 	45.793011 	36.055511 	19.209373 	28.160255 	61.846584 	32.249031 	30.149628 	79.605278 	999.000000 	98.615417 	1.000000 	45.000000 	4.472136 	38.418747 	36.878178 	27.586229 	85.000000 	96.176918 	29.698484 	33.241539 	16.643316 	29.732138 	18.867962 	86.833176 	15.652476 	35.383614 	24.698177 	97.529480 	31.622776 	42.638012 	18.439089 	44.045429 	32.756680 	39.408119 	29.068884 	13.000000 	13.601471 	46.400433 	46.647614 	41.436699 	38.600517 	33.241539 	26.248810 	32.062439 	30.413813 	44.911022 	47.381432 	
152.397507 	95.257545 	121.794907 	171.828400 	19.646883 	138.397980 	130.172958 	115.836090 	75.166481 	144.360657 	68.095520 	70.327805 	20.099751 	98.615417 	999.000000 	98.234413 	56.089214 	95.273293 	133.600143 	64.536812 	124.354332 	16.124516 	5.000000 	72.034714 	68.658577 	85.440041 	127.015747 	83.934502 	175.171341 	114.236595 	132.412231 	79.831070 	184.783661 	129.711212 	64.195015 	116.811813 	141.354172 	131.095383 	137.295303 	127.632286 	108.157295 	109.416634 	144.013885 	144.931015 	77.006493 	137.058380 	130.919830 	119.816528 	128.160049 	125.419296 	142.947540 	141.661575 	
67.416618 	8.485281 	30.463093 	90.138779 	78.790863 	46.647614 	36.891735 	20.000000 	28.284271 	62.817196 	32.140316 	30.066593 	79.158073 	1.000000 	98.234413 	999.000000 	44.407207 	3.605551 	39.204590 	36.235340 	28.319605 	84.534019 	95.754898 	29.000000 	32.557640 	15.811388 	30.413813 	18.027756 	87.709747 	16.124516 	36.069378 	23.853722 	98.412399 	32.202484 	41.868843 	18.681541 	44.687805 	33.286633 	40.000000 	29.529646 	12.649111 	13.341664 	47.010635 	47.169907 	40.496914 	38.897301 	33.376640 	25.961510 	32.015621 	30.265491 	45.122055 	47.265209 	
107.335922 	43.863426 	72.249565 	129.139465 	36.496574 	89.196411 	79.906197 	63.780876 	31.048349 	100.846420 	23.345236 	24.738634 	36.138622 	45.000000 	56.089214 	44.407207 	999.000000 	41.048752 	82.758682 	8.544003 	72.346390 	41.109608 	52.886673 	16.155495 	12.649111 	29.966648 	74.652527 	28.231188 	129.201401 	60.464867 	80.280754 	23.769728 	139.617340 	76.609398 	10.816654 	62.265560 	89.022469 	77.665955 	84.403793 	73.783470 	52.801514 	54.129475 	91.400215 	91.525955 	25.059929 	82.298241 	75.643906 	63.890530 	72.449982 	69.570107 	87.726852 	85.615417 	
70.936592 	9.848858 	34.014702 	93.637596 	75.769386 	50.249378 	40.496914 	23.600847 	26.925823 	66.219330 	30.000000 	28.017851 	76.059189 	4.472136 	95.273293 	3.605551 	41.048752 	999.000000 	42.801868 	32.802441 	31.890438 	81.394104 	92.703827 	25.495098 	29.068884 	12.206555 	33.941124 	14.422205 	91.301697 	19.416489 	39.597980 	20.248457 	102.000000 	35.608986 	38.288380 	21.540659 	48.166378 	36.619667 	43.416588 	32.756680 	14.035668 	15.000000 	50.447994 	50.477718 	37.000000 	41.785164 	35.902645 	27.294687 	34.058773 	32.015621 	47.801674 	49.040798 	
32.000000 	39.051247 	12.369317 	54.332310 	114.825958 	9.000000 	4.000000 	19.209373 	58.591808 	31.320919 	65.513359 	63.285069 	115.676270 	38.418747 	133.600143 	39.204590 	82.758682 	42.801868 	999.000000 	74.966660 	11.180340 	121.247681 	131.764938 	68.014702 	71.505241 	55.000000 	10.198039 	57.201397 	49.396355 	25.079872 	6.324555 	63.007935 	60.166435 	12.165525 	81.055534 	26.683329 	10.198039 	13.601471 	10.630146 	17.117243 	37.000000 	35.735138 	13.152946 	17.088007 	78.771820 	23.021729 	27.513634 	38.013157 	32.984844 	35.510563 	29.000000 	42.720020 	
100.498756 	36.400551 	64.815125 	122.588745 	44.911022 	81.688431 	72.249565 	55.865910 	27.000000 	94.366310 	20.396078 	21.095022 	44.643028 	36.878178 	64.536812 	36.235340 	8.544003 	32.802441 	74.966660 	999.000000 	64.381676 	49.648766 	61.400326 	7.615773 	4.123106 	21.470911 	66.603302 	19.697716 	122.065559 	52.201534 	72.249565 	15.297058 	132.574509 	68.410522 	9.055386 	53.851646 	80.919716 	69.404610 	76.216797 	65.459915 	44.283180 	45.617977 	83.240616 	83.234612 	20.518284 	73.824112 	67.119293 	55.362442 	63.906181 	61.032780 	79.202271 	77.129761 	
42.296574 	29.154760 	9.899495 	64.938431 	105.309067 	19.646883 	10.049875 	8.602325 	49.979996 	40.199501 	56.364883 	54.129475 	106.000000 	27.586229 	124.354332 	28.319605 	72.346390 	31.890438 	11.180340 	64.381676 	999.000000 	111.516815 	122.298813 	57.280014 	60.811184 	44.045429 	3.000000 	46.227695 	60.539242 	13.928389 	8.062258 	52.009613 	71.309189 	7.280110 	70.178345 	16.031219 	17.000000 	9.486833 	13.341664 	9.899495 	25.961510 	24.738634 	19.697716 	21.377558 	67.601776 	20.124611 	21.260292 	28.635643 	25.553865 	27.313000 	27.313000 	38.209946 	
142.144287 	82.377182 	109.808922 	162.483841 	7.615773 	126.657021 	118.004234 	102.927162 	63.702435 	134.536240 	56.080299 	58.258045 	5.656854 	85.000000 	16.124516 	84.534019 	41.109608 	81.394104 	121.247681 	49.648766 	111.516815 	999.000000 	12.041595 	57.245087 	53.758720 	70.936592 	114.057007 	69.289246 	164.757401 	100.647903 	119.570061 	64.845970 	174.691162 	116.468880 	48.507732 	102.883430 	128.471786 	117.720009 	124.169243 	114.061386 	93.776329 	95.078911 	131.026718 	131.609268 	61.008198 	123.065025 	116.619041 	104.995239 	113.547348 	110.679718 	128.693436 	126.649124 	
151.426544 	93.150414 	120.104118 	171.213318 	17.000000 	136.824707 	128.413391 	113.740936 	73.600273 	143.544418 	66.287254 	68.505478 	16.763054 	96.176918 	5.000000 	95.754898 	52.886673 	92.703827 	131.764938 	61.400326 	122.298813 	12.041595 	999.000000 	68.963760 	65.520988 	82.540901 	124.907967 	80.956779 	174.155106 	111.825760 	130.361038 	76.655075 	183.896713 	127.475487 	60.530983 	114.236595 	139.291061 	128.798294 	135.118469 	125.239769 	105.342300 	106.625511 	141.904892 	142.667450 	73.027390 	134.461884 	128.160049 	116.760437 	125.227791 	122.413231 	140.217682 	138.495483 	
94.413979 	30.016663 	58.249462 	116.730461 	52.392746 	75.000000 	65.436989 	48.836460 	25.000000 	88.639717 	20.248457 	20.124611 	52.201534 	29.698484 	72.034714 	29.000000 	16.155495 	25.495098 	68.014702 	7.615773 	57.280014 	57.245087 	68.963760 	999.000000 	3.605551 	13.892444 	59.413803 	12.083046 	115.663307 	44.821869 	65.069191 	8.000000 	126.245789 	61.073727 	13.416408 	46.324940 	73.661385 	62.008064 	68.883957 	58.008621 	36.674240 	38.013157 	75.927597 	75.802376 	19.313208 	66.241982 	59.506302 	47.801674 	56.302753 	53.450912 	71.589104 	69.634758 	
97.616600 	33.286633 	61.611687 	119.854080 	49.030602 	78.409180 	68.883957 	52.345009 	26.305893 	91.706055 	20.615528 	20.880613 	48.764740 	33.241539 	68.658577 	32.557640 	12.649111 	29.068884 	71.505241 	4.123106 	60.811184 	53.758720 	65.520988 	3.605551 	999.000000 	17.492855 	62.968246 	15.652476 	118.983192 	48.414875 	68.622154 	11.180340 	129.541504 	64.660652 	10.440307 	49.929951 	77.233414 	65.604881 	72.470680 	61.611687 	40.249222 	41.593269 	79.511009 	79.404030 	18.867962 	69.835518 	63.071388 	51.244511 	59.808025 	56.920998 	75.153175 	73.006851 	
82.855293 	19.235384 	46.065170 	105.475113 	65.802734 	62.433964 	52.697250 	35.805027 	25.495098 	77.794601 	25.079872 	23.706539 	65.787537 	16.643316 	85.440041 	15.811388 	29.966648 	12.206555 	55.000000 	21.470911 	44.045429 	70.936592 	82.540901 	13.892444 	17.492855 	999.000000 	46.010868 	2.236068 	103.445641 	31.144823 	51.662365 	8.062258 	114.127121 	47.423622 	26.172504 	32.449963 	60.108234 	48.270073 	55.226807 	44.204071 	22.847319 	24.166092 	62.289646 	62.008064 	25.495098 	52.354561 	45.694637 	34.525352 	42.720020 	40.024994 	57.775429 	56.568542 	
42.047592 	31.764761 	12.206555 	64.498062 	107.912003 	19.104973 	10.198039 	11.180340 	52.810986 	40.607880 	59.093147 	56.859474 	108.558739 	29.732138 	127.015747 	30.413813 	74.652527 	33.941124 	10.198039 	66.603302 	3.000000 	114.057007 	124.907967 	59.413803 	62.968246 	46.010868 	999.000000 	48.166378 	59.464275 	15.264338 	5.656854 	53.907330 	70.228203 	4.472136 	72.180328 	16.492422 	14.422205 	6.708204 	10.440307 	8.062258 	26.925823 	25.632011 	17.000000 	18.439089 	69.115845 	17.492855 	19.416489 	28.160255 	24.166092 	26.248810 	24.596748 	36.069378 	
85.088188 	21.377558 	48.301140 	107.703293 	64.288414 	64.660652 	54.918121 	38.013157 	26.172504 	80.006248 	25.059929 	23.853722 	64.195015 	18.867962 	83.934502 	18.027756 	28.231188 	14.422205 	57.201397 	19.697716 	46.227695 	69.289246 	80.956779 	12.083046 	15.652476 	2.236068 	48.166378 	999.000000 	105.678757 	33.241539 	53.814495 	5.830952 	116.361504 	49.517673 	24.041630 	34.409302 	62.225395 	50.328918 	57.314919 	46.227695 	24.596748 	25.942244 	64.381676 	64.031242 	23.345236 	54.203320 	47.423622 	35.902645 	44.271889 	41.484936 	59.506302 	57.870544 	
22.803509 	85.702972 	57.454330 	14.422205 	157.724442 	41.146080 	50.990196 	67.977936 	101.138519 	31.384710 	108.977058 	106.887794 	159.100601 	86.833176 	175.171341 	87.709747 	129.201401 	91.301697 	49.396355 	122.065559 	60.539242 	164.757401 	174.155106 	115.663307 	118.983192 	103.445641 	59.464275 	105.678757 	999.000000 	74.464760 	54.405884 	111.507851 	10.770329 	60.166435 	129.003876 	75.894661 	48.662102 	60.638271 	53.935146 	65.000000 	86.377083 	85.094063 	48.259712 	52.038448 	127.910126 	65.192024 	72.560318 	85.702972 	78.638412 	81.884064 	67.029846 	82.152298 	
55.901699 	20.099751 	20.099751 	78.644768 	94.847244 	33.526108 	23.769728 	8.246211 	42.190044 	53.009434 	47.296936 	45.122055 	95.257545 	15.652476 	114.236595 	16.124516 	60.464867 	19.416489 	25.079872 	52.201534 	13.928389 	100.647903 	111.825760 	44.821869 	48.414875 	31.144823 	15.264338 	33.241539 	74.464760 	999.000000 	20.808653 	38.897301 	85.234970 	16.278820 	57.280014 	5.000000 	29.000000 	17.204651 	24.083189 	13.416408 	12.165525 	11.045361 	31.144823 	31.064449 	53.851646 	23.345236 	19.235384 	18.601076 	20.124611 	20.000000 	30.066593 	35.468296 	
38.052597 	37.215588 	14.317822 	60.133186 	113.371071 	15.132746 	8.485281 	16.643316 	57.939625 	37.643059 	64.404968 	62.169125 	114.057007 	35.383614 	132.412231 	36.069378 	80.280754 	39.597980 	6.324555 	72.249565 	8.062258 	119.570061 	130.361038 	65.069191 	68.622154 	51.662365 	5.656854 	53.814495 	54.405884 	20.808653 	999.000000 	59.548298 	65.145988 	6.000000 	77.833153 	21.540659 	8.944272 	7.280110 	6.082763 	11.000000 	32.202484 	30.870699 	11.704700 	14.000000 	74.625732 	17.029387 	21.189621 	32.015621 	26.683329 	29.274563 	23.430750 	36.619667 	
90.873535 	26.925823 	54.120235 	113.463654 	60.207973 	70.491135 	60.745369 	43.829212 	28.301943 	85.702972 	25.495098 	24.758837 	59.908264 	24.698177 	79.831070 	23.853722 	23.769728 	20.248457 	63.007935 	15.297058 	52.009613 	64.845970 	76.655075 	8.000000 	11.180340 	8.062258 	53.907330 	5.830952 	111.507851 	38.897301 	59.548298 	999.000000 	122.188377 	55.154327 	18.439089 	39.824615 	67.896980 	55.901699 	62.936478 	51.739735 	29.681644 	31.064449 	70.007141 	69.526970 	18.027756 	59.363289 	52.354561 	40.162170 	48.846699 	45.880280 	64.412735 	61.846584 	
32.557640 	96.254868 	68.095520 	16.124516 	167.585800 	51.894123 	61.741398 	78.721024 	111.198021 	40.459858 	119.096596 	117.034180 	169.035492 	97.529480 	184.783661 	98.412399 	139.617340 	102.000000 	60.166435 	132.574509 	71.309189 	174.691162 	183.896713 	126.245789 	129.541504 	114.127121 	70.228203 	116.361504 	10.770329 	85.234970 	65.145988 	122.188377 	999.000000 	70.880180 	139.606583 	86.648720 	59.228371 	71.309189 	64.536812 	75.690155 	97.144226 	95.859268 	58.694122 	62.289646 	138.654251 	75.538071 	83.024094 	96.317184 	89.106674 	92.395889 	77.025970 	92.005432 	
44.045429 	34.539833 	16.643316 	66.121101 	110.476242 	21.095022 	13.416408 	14.317822 	56.044624 	43.416588 	62.032249 	59.808025 	111.018013 	31.622776 	129.711212 	32.202484 	76.609398 	35.608986 	12.165525 	68.410522 	7.280110 	116.468880 	127.475487 	61.073727 	64.660652 	47.423622 	4.472136 	49.517673 	60.166435 	16.278820 	6.000000 	55.154327 	70.880180 	999.000000 	73.552704 	16.124516 	12.806249 	2.236068 	7.810250 	5.000000 	26.925823 	25.553865 	14.866069 	15.231546 	69.634758 	13.038404 	15.652476 	26.019224 	20.880613 	23.345236 	20.124611 	31.890438 	
107.823929 	43.416588 	71.561165 	130.146072 	45.000000 	88.232651 	78.600258 	61.846584 	36.013885 	102.044106 	29.427877 	30.149628 	44.102154 	42.638012 	64.195015 	41.868843 	10.816654 	38.288380 	81.055534 	9.055386 	70.178345 	48.507732 	60.530983 	13.416408 	10.440307 	26.172504 	72.180328 	24.041630 	129.003876 	57.280014 	77.833153 	18.439089 	139.606583 	73.552704 	999.000000 	58.258045 	86.267029 	74.330345 	81.344948 	70.178345 	48.010414 	49.406479 	88.413803 	87.965904 	14.317822 	77.665955 	70.491135 	57.697487 	66.648331 	63.505905 	82.492424 	78.771820 	
58.309521 	24.020824 	23.769728 	80.894997 	97.308784 	35.510563 	26.076809 	12.529964 	46.010868 	56.080299 	50.635956 	48.507732 	97.575615 	18.439089 	116.811813 	18.681541 	62.265560 	21.540659 	26.683329 	53.851646 	16.031219 	102.883430 	114.236595 	46.324940 	49.929951 	32.449963 	16.492422 	34.409302 	75.894661 	5.000000 	21.540659 	39.824615 	86.648720 	16.124516 	58.258045 	999.000000 	28.844410 	16.401220 	23.600847 	12.041595 	10.816654 	9.433981 	30.610456 	29.732138 	53.600372 	20.248457 	15.000000 	13.892444 	15.231546 	15.000000 	26.476404 	30.675724 	
35.440090 	46.141087 	22.022715 	56.142673 	122.298813 	14.866069 	14.142136 	25.553865 	66.850578 	37.215588 	73.348480 	71.112587 	122.967476 	44.045429 	141.354172 	44.687805 	89.022469 	48.166378 	10.198039 	80.919716 	17.000000 	128.471786 	139.291061 	73.661385 	77.233414 	60.108234 	14.422205 	62.225395 	48.662102 	29.000000 	8.944272 	67.896980 	59.228371 	12.806249 	86.267029 	28.844410 	999.000000 	12.529964 	5.385165 	17.000000 	39.661064 	38.275318 	3.000000 	7.211102 	82.419655 	17.262676 	24.020824 	37.107952 	30.066593 	33.241539 	21.470911 	36.400551 	
45.177429 	36.055511 	18.867962 	67.029846 	111.803398 	22.360680 	15.264338 	16.124516 	57.723480 	44.922153 	63.568859 	61.351448 	112.294258 	32.756680 	131.095383 	33.286633 	77.665955 	36.619667 	13.601471 	69.404610 	9.486833 	117.720009 	128.798294 	62.008064 	65.604881 	48.270073 	6.708204 	50.328918 	60.638271 	17.204651 	7.280110 	55.901699 	71.309189 	2.236068 	74.330345 	16.401220 	12.529964 	999.000000 	7.211102 	4.472136 	27.202942 	25.806976 	14.212670 	13.892444 	70.000000 	10.816654 	13.928389 	25.179358 	19.416489 	22.090721 	17.888544 	29.832869 	
39.812057 	42.047592 	20.396078 	61.032780 	118.118584 	17.888544 	13.892444 	21.540659 	63.245552 	40.718548 	69.462219 	67.230942 	118.701309 	39.408119 	137.295303 	40.000000 	84.403793 	43.416588 	10.630146 	76.216797 	13.341664 	124.169243 	135.118469 	68.883957 	72.470680 	55.226807 	10.440307 	57.314919 	53.935146 	24.083189 	6.082763 	62.936478 	64.536812 	7.810250 	81.344948 	23.600847 	5.385165 	7.211102 	999.000000 	11.661903 	34.409302 	33.015148 	7.071068 	8.062258 	77.201035 	13.000000 	19.026299 	31.780497 	25.000000 	28.071337 	18.439089 	32.649654 	
49.040798 	32.984844 	19.798990 	71.112587 	108.258949 	26.076809 	18.027756 	14.142136 	54.918121 	48.270073 	60.440052 	58.240879 	108.673820 	29.068884 	127.632286 	29.529646 	73.783470 	32.756680 	17.117243 	65.459915 	9.899495 	114.061386 	125.239769 	58.008621 	61.611687 	44.204071 	8.062258 	46.227695 	65.000000 	13.416408 	11.000000 	51.739735 	75.690155 	5.000000 	70.178345 	12.041595 	17.000000 	4.472136 	11.661903 	999.000000 	22.803509 	21.400934 	18.601076 	17.804493 	65.604881 	11.180340 	11.401754 	21.023796 	16.155495 	18.439089 	18.439089 	28.319605 	
68.066147 	20.591261 	32.000000 	90.801979 	88.543777 	45.607018 	35.902645 	20.000000 	40.792156 	65.069191 	44.011364 	42.047592 	88.600227 	13.000000 	108.157295 	12.649111 	52.801514 	14.035668 	37.000000 	44.283180 	25.961510 	93.776329 	105.342300 	36.674240 	40.249222 	22.847319 	26.925823 	24.596748 	86.377083 	12.165525 	32.202484 	29.681644 	97.144226 	26.925823 	48.010414 	10.816654 	39.661064 	27.202942 	34.409302 	22.803509 	999.000000 	1.414214 	41.400482 	40.311287 	42.801868 	29.681644 	22.847319 	13.341664 	20.223749 	18.000000 	34.928497 	35.014282 	
66.910385 	21.023796 	31.016125 	89.627007 	89.810913 	44.384682 	34.713108 	19.026299 	41.593269 	64.031242 	45.000000 	43.011627 	89.888817 	13.601471 	109.416634 	13.341664 	54.129475 	15.000000 	35.735138 	45.617977 	24.738634 	95.078911 	106.625511 	38.013157 	41.593269 	24.166092 	25.632011 	25.942244 	85.094063 	11.045361 	30.870699 	31.064449 	95.859268 	25.553865 	49.406479 	9.433981 	38.275318 	25.806976 	33.015148 	21.400934 	1.414214 	999.000000 	40.000000 	38.897301 	44.204071 	28.301943 	21.540659 	12.649111 	19.104973 	17.029387 	33.615471 	34.058773 	
36.400551 	48.764740 	25.019993 	56.435802 	124.907967 	17.029387 	17.117243 	28.178005 	69.641945 	38.832977 	76.059189 	73.824112 	125.538841 	46.400433 	144.013885 	47.010635 	91.400215 	50.447994 	13.152946 	83.240616 	19.697716 	131.026718 	141.904892 	75.927597 	79.511009 	62.289646 	17.000000 	64.381676 	48.259712 	31.144823 	11.704700 	70.007141 	58.694122 	14.866069 	88.413803 	30.610456 	3.000000 	14.212670 	7.071068 	18.601076 	41.400482 	40.000000 	999.000000 	5.000000 	84.202141 	17.000000 	24.331051 	37.947330 	30.413813 	33.734257 	20.248457 	35.440090 	
41.231056 	49.769470 	28.160255 	60.827625 	125.670204 	21.931713 	20.880613 	29.410883 	71.168816 	43.829212 	77.252831 	75.026665 	126.178444 	46.647614 	144.931015 	47.169907 	91.525955 	50.477718 	17.088007 	83.234612 	21.377558 	131.609268 	142.667450 	75.802376 	79.404030 	62.008064 	18.439089 	64.031242 	52.038448 	31.064449 	14.000000 	69.526970 	62.289646 	15.231546 	87.965904 	29.732138 	7.211102 	13.892444 	8.062258 	17.804493 	40.311287 	38.897301 	5.000000 	999.000000 	82.975899 	13.341664 	21.189621 	35.341194 	27.202942 	30.675724 	15.524175 	30.805843 	
107.912003 	44.721359 	70.936592 	130.633072 	58.309521 	86.764046 	76.922035 	59.933296 	44.271889 	103.160072 	39.357338 	39.395432 	57.078892 	41.436699 	77.006493 	40.496914 	25.059929 	37.000000 	78.771820 	20.518284 	67.601776 	61.008198 	73.027390 	19.313208 	18.867962 	25.495098 	69.115845 	23.345236 	127.910126 	53.851646 	74.625732 	18.027756 	138.654251 	69.634758 	14.317822 	53.600372 	82.419655 	70.000000 	77.201035 	65.604881 	42.801868 	44.204071 	84.202141 	82.975899 	999.000000 	71.421288 	63.702435 	49.819675 	59.033890 	55.605755 	75.286118 	69.354164 	
52.630791 	43.416588 	29.681644 	73.334846 	117.545738 	30.870699 	25.495098 	25.317978 	65.490456 	53.712196 	70.611610 	68.447060 	117.783699 	38.600517 	137.058380 	38.897301 	82.298241 	41.785164 	23.021729 	73.824112 	20.124611 	123.065025 	134.461884 	66.241982 	69.835518 	52.354561 	17.492855 	54.203320 	65.192024 	23.345236 	17.029387 	59.363289 	75.538071 	13.038404 	77.665955 	20.248457 	17.262676 	10.816654 	13.000000 	11.180340 	29.681644 	28.301943 	17.000000 	13.341664 	71.421288 	999.000000 	8.062258 	22.472204 	13.928389 	17.464249 	7.280110 	19.723083 	
58.694122 	39.012817 	31.144823 	80.056229 	111.328346 	36.138622 	29.068884 	23.706539 	61.008198 	58.821766 	65.490456 	63.387695 	111.427109 	33.241539 	130.919830 	33.376640 	75.643906 	35.902645 	27.513634 	67.119293 	21.260292 	116.619041 	128.160049 	59.506302 	63.071388 	45.694637 	19.416489 	47.423622 	72.560318 	19.235384 	21.189621 	52.354561 	83.024094 	15.652476 	70.491135 	15.000000 	24.020824 	13.928389 	19.026299 	11.401754 	22.847319 	21.540659 	24.331051 	21.189621 	63.702435 	8.062258 	999.000000 	14.422205 	6.082763 	9.486833 	12.083046 	17.204651 	
70.007141 	33.615471 	37.336308 	92.135773 	100.169853 	47.010635 	38.327538 	26.419689 	54.129475 	68.731361 	57.140179 	55.226807 	100.000000 	26.248810 	119.816528 	25.961510 	63.890530 	27.294687 	38.013157 	55.362442 	28.635643 	104.995239 	116.760437 	47.801674 	51.244511 	34.525352 	28.160255 	35.902645 	85.702972 	18.601076 	32.015621 	40.162170 	96.317184 	26.019224 	57.697487 	13.892444 	37.107952 	25.179358 	31.780497 	21.023796 	13.341664 	12.649111 	37.947330 	35.341194 	49.819675 	22.472204 	14.422205 	999.000000 	9.219544 	5.830952 	25.495098 	22.090721 	
64.498062 	38.639359 	35.227829 	86.023254 	108.521889 	41.773197 	34.176014 	26.248810 	60.207973 	64.288414 	64.031242 	62.008064 	108.466583 	32.062439 	128.160049 	32.015621 	72.449982 	34.058773 	32.984844 	63.906181 	25.553865 	113.547348 	125.227791 	56.302753 	59.808025 	42.720020 	24.166092 	44.271889 	78.638412 	20.124611 	26.683329 	48.846699 	89.106674 	20.880613 	66.648331 	15.231546 	30.066593 	19.416489 	25.000000 	16.155495 	20.223749 	19.104973 	30.413813 	27.202942 	59.033890 	13.928389 	6.082763 	9.219544 	999.000000 	3.605551 	16.278820 	15.524175 	
67.268120 	37.363083 	36.715118 	89.000000 	105.773346 	44.407207 	36.400551 	26.907248 	58.549126 	66.708321 	62.008064 	60.033325 	105.650368 	30.413813 	125.419296 	30.265491 	69.570107 	32.015621 	35.510563 	61.032780 	27.313000 	110.679718 	122.413231 	53.450912 	56.920998 	40.024994 	26.248810 	41.484936 	81.884064 	20.000000 	29.274563 	45.880280 	92.395889 	23.345236 	63.505905 	15.000000 	33.241539 	22.090721 	28.071337 	18.439089 	18.000000 	17.029387 	33.734257 	30.675724 	55.605755 	17.464249 	9.486833 	5.830952 	3.605551 	999.000000 	19.798990 	17.029387 	
56.648037 	50.159744 	36.715118 	76.295479 	123.369362 	36.055511 	31.890438 	32.557640 	72.249565 	58.668560 	77.103828 	74.966660 	123.490891 	44.911022 	142.947540 	45.122055 	87.726852 	47.801674 	29.000000 	79.202271 	27.313000 	128.693436 	140.217682 	71.589104 	75.153175 	57.775429 	24.596748 	59.506302 	67.029846 	30.066593 	23.430750 	64.412735 	77.025970 	20.124611 	82.492424 	26.476404 	21.470911 	17.888544 	18.439089 	18.439089 	34.928497 	33.615471 	20.248457 	15.524175 	75.286118 	7.280110 	12.083046 	25.495098 	16.278820 	19.798990 	999.000000 	15.297058 	
71.784401 	54.129475 	48.104053 	91.591484 	122.024590 	50.537113 	45.000000 	40.816662 	75.538071 	73.348480 	79.025314 	77.058418 	121.753853 	47.381432 	141.661575 	47.265209 	85.615417 	49.040798 	42.720020 	77.129761 	38.209946 	126.649124 	138.495483 	69.634758 	73.006851 	56.568542 	36.069378 	57.870544 	82.152298 	35.468296 	36.619667 	61.846584 	92.005432 	31.890438 	78.771820 	30.675724 	36.400551 	29.832869 	32.649654 	28.319605 	35.014282 	34.058773 	35.440090 	30.805843 	69.354164 	19.723083 	17.204651 	22.090721 	15.524175 	17.029387 	15.297058 	999.000000 	

Travel time:
9.000000 	1.610318 	0.925000 	0.570088 	3.376481 	0.575000 	0.806226 	1.212693 	1.966119 	0.230489 	2.163908 	2.112611 	3.412202 	1.662077 	3.809938 	1.685416 	2.683398 	1.773415 	0.800000 	2.512469 	1.057414 	3.553607 	3.785664 	2.360349 	2.440415 	2.071382 	1.051190 	2.127205 	0.570088 	1.397542 	0.951315 	2.271838 	0.813941 	1.101136 	2.695598 	1.457738 	0.886002 	1.129436 	0.995301 	1.226020 	1.701654 	1.672760 	0.910014 	1.030776 	2.697800 	1.315770 	1.467353 	1.750179 	1.612452 	1.681703 	1.416201 	1.794610 	
1.610318 	9.000000 	0.710634 	2.170397 	1.903943 	1.133578 	0.901734 	0.514782 	0.552268 	1.471819 	0.687841 	0.632456 	1.921263 	0.195256 	2.381439 	0.212132 	1.096586 	0.246221 	0.976281 	0.910014 	0.728869 	2.059430 	2.328760 	0.750417 	0.832166 	0.480885 	0.794119 	0.534439 	2.142574 	0.502494 	0.930390 	0.673146 	2.406372 	0.863496 	1.085415 	0.600521 	1.153527 	0.901388 	1.051190 	0.824621 	0.514782 	0.525595 	1.219118 	1.244237 	1.118034 	1.085415 	0.975320 	0.840387 	0.965984 	0.934077 	1.253994 	1.353237 	
0.925000 	0.710634 	9.000000 	1.494365 	2.580698 	0.424264 	0.213600 	0.300000 	1.166190 	0.828402 	1.345595 	1.290349 	2.605043 	0.738664 	3.044873 	0.761577 	1.806239 	0.850368 	0.309233 	1.620378 	0.247487 	2.745223 	3.002603 	1.456237 	1.540292 	1.151629 	0.305164 	1.207528 	1.436358 	0.502494 	0.357946 	1.353006 	1.702388 	0.416083 	1.789029 	0.594243 	0.550568 	0.471699 	0.509902 	0.494975 	0.800000 	0.775403 	0.625500 	0.704006 	1.773415 	0.742041 	0.778621 	0.933408 	0.880696 	0.917878 	0.917878 	1.202601 	
0.570088 	2.170397 	1.494365 	9.000000 	3.880480 	1.134956 	1.372953 	1.782730 	2.490607 	0.707549 	2.691189 	2.642087 	3.921176 	2.229910 	4.295710 	2.253469 	3.228487 	2.340940 	1.358308 	3.064719 	1.623461 	4.062096 	4.280333 	2.918262 	2.996352 	2.636878 	1.612452 	2.692582 	0.360555 	1.966119 	1.503330 	2.836591 	0.403113 	1.653028 	3.253652 	2.022375 	1.403567 	1.675746 	1.525820 	1.777815 	2.270050 	2.240675 	1.410895 	1.520691 	3.265827 	1.833371 	2.001406 	2.303394 	2.150581 	2.225000 	1.907387 	2.289787 	
3.376481 	1.903943 	2.580698 	3.880480 	9.000000 	3.000000 	2.787584 	2.418677 	1.421267 	3.183748 	1.235162 	1.290349 	0.079057 	1.980057 	0.491172 	1.969772 	0.912414 	1.894235 	2.870649 	1.122776 	2.632727 	0.190394 	0.425000 	1.309819 	1.225765 	1.645068 	2.697800 	1.607210 	3.943111 	2.371181 	2.834277 	1.505199 	4.189645 	2.761906 	1.125000 	2.432720 	3.057470 	2.795085 	2.952965 	2.706474 	2.213594 	2.245273 	3.122699 	3.141755 	1.457738 	2.938643 	2.783209 	2.504246 	2.713047 	2.644334 	3.084234 	3.050615 	
0.575000 	1.133578 	0.424264 	1.134956 	3.000000 	9.000000 	0.246221 	0.670820 	1.581139 	0.571183 	1.765113 	1.710263 	3.025930 	1.144825 	3.459949 	1.166190 	2.229910 	1.256234 	0.225000 	2.042211 	0.491172 	3.166425 	3.420618 	1.875000 	1.960230 	1.560849 	0.477624 	1.616516 	1.028652 	0.838153 	0.378319 	1.762278 	1.297353 	0.527376 	2.205816 	0.887764 	0.371652 	0.559017 	0.447214 	0.651920 	1.140175 	1.109617 	0.425735 	0.548293 	2.169101 	0.771767 	0.903466 	1.175266 	1.044330 	1.110180 	0.901388 	1.263428 	
0.806226 	0.901734 	0.213600 	1.372953 	2.787584 	0.246221 	9.000000 	0.425000 	1.376817 	0.760345 	1.553222 	1.497707 	2.810360 	0.901388 	3.254324 	0.922293 	1.997655 	1.012423 	0.100000 	1.806239 	0.251247 	2.950106 	3.210335 	1.635925 	1.722099 	1.317431 	0.254951 	1.372953 	1.274755 	0.594243 	0.212132 	1.518634 	1.543535 	0.335410 	1.965006 	0.651920 	0.353553 	0.381608 	0.347311 	0.450694 	0.897566 	0.867828 	0.427931 	0.522015 	1.923051 	0.637377 	0.726722 	0.958188 	0.854400 	0.910014 	0.797261 	1.125000 	
1.212693 	0.514782 	0.300000 	1.782730 	2.418677 	0.670820 	0.425000 	9.000000 	1.044031 	1.127497 	1.198176 	1.142366 	2.435416 	0.480234 	2.895902 	0.500000 	1.594522 	0.590021 	0.480234 	1.396648 	0.215058 	2.573179 	2.843524 	1.220912 	1.308625 	0.895126 	0.279509 	0.950329 	1.699448 	0.206155 	0.416083 	1.095730 	1.968026 	0.357946 	1.546165 	0.313249 	0.638847 	0.403113 	0.538516 	0.353553 	0.500000 	0.475657 	0.704450 	0.735272 	1.498332 	0.632949 	0.592663 	0.660492 	0.656220 	0.672681 	0.813941 	1.020416 	
1.966119 	0.552268 	1.166190 	2.490607 	1.421267 	1.581139 	1.376817 	1.044031 	9.000000 	1.785007 	0.201556 	0.158114 	1.451293 	0.704006 	1.879162 	0.707107 	0.776209 	0.673146 	1.464795 	0.675000 	1.249500 	1.592561 	1.840007 	0.625000 	0.657647 	0.637377 	1.320275 	0.654313 	2.528463 	1.054751 	1.448491 	0.707549 	2.779951 	1.401116 	0.900347 	1.150272 	1.671264 	1.443087 	1.581139 	1.372953 	1.019804 	1.039832 	1.741049 	1.779220 	1.106797 	1.637261 	1.525205 	1.353237 	1.505199 	1.463728 	1.806239 	1.888452 	
0.230489 	1.471819 	0.828402 	0.707549 	3.183748 	0.571183 	0.760345 	1.127497 	1.785007 	9.000000 	1.985101 	1.935523 	3.222188 	1.546165 	3.609016 	1.570430 	2.521161 	1.655483 	0.783023 	2.359158 	1.004987 	3.363406 	3.588610 	2.215993 	2.292651 	1.944865 	1.015197 	2.000156 	0.784618 	1.325236 	0.941076 	2.142574 	1.011496 	1.085415 	2.551103 	1.402007 	0.930390 	1.123054 	1.017964 	1.206752 	1.626730 	1.600781 	0.970824 	1.095730 	2.579002 	1.342805 	1.470544 	1.718284 	1.607210 	1.667708 	1.466714 	1.833712 	
2.163908 	0.687841 	1.345595 	2.691189 	1.235162 	1.765113 	1.553222 	1.198176 	0.201556 	1.985101 	9.000000 	0.055902 	1.261200 	0.806226 	1.702388 	0.803508 	0.583631 	0.750000 	1.637834 	0.509902 	1.409122 	1.402007 	1.657181 	0.506211 	0.515388 	0.626997 	1.477329 	0.626498 	2.724427 	1.182423 	1.610124 	0.637377 	2.977415 	1.550806 	0.735697 	1.265899 	1.833712 	1.589221 	1.736555 	1.511001 	1.100284 	1.125000 	1.901480 	1.931321 	0.983933 	1.765290 	1.637261 	1.428504 	1.600781 	1.550202 	1.927596 	1.975633 	
2.112611 	0.632456 	1.290349 	2.642087 	1.290349 	1.710263 	1.497707 	1.142366 	0.158114 	1.935523 	0.055902 	9.000000 	1.315770 	0.753741 	1.758195 	0.751665 	0.618466 	0.700446 	1.582127 	0.527376 	1.353237 	1.456451 	1.712637 	0.503115 	0.522015 	0.592663 	1.421487 	0.596343 	2.672195 	1.128051 	1.554228 	0.618971 	2.925854 	1.495201 	0.753741 	1.212693 	1.777815 	1.533786 	1.680773 	1.456022 	1.051190 	1.075291 	1.845603 	1.875667 	0.984886 	1.711177 	1.584692 	1.380670 	1.550202 	1.500833 	1.874166 	1.926461 	
3.412202 	1.921263 	2.605043 	3.921176 	0.079057 	3.025930 	2.810360 	2.435416 	1.451293 	3.222188 	1.261200 	1.315770 	9.000000 	1.990132 	0.502494 	1.978952 	0.903466 	1.901480 	2.891907 	1.116076 	2.650000 	0.141421 	0.419076 	1.305038 	1.219118 	1.644688 	2.713969 	1.604875 	3.977515 	2.381439 	2.851425 	1.497707 	4.225887 	2.775450 	1.102554 	2.439390 	3.074187 	2.807356 	2.967533 	2.716846 	2.215006 	2.247221 	3.138471 	3.154461 	1.426972 	2.944592 	2.785678 	2.500000 	2.711665 	2.641259 	3.087272 	3.043846 	
1.662077 	0.195256 	0.738664 	2.229910 	1.980057 	1.144825 	0.901388 	0.480234 	0.704006 	1.546165 	0.806226 	0.753741 	1.990132 	9.000000 	2.465385 	0.025000 	1.125000 	0.111803 	0.960469 	0.921954 	0.689656 	2.125000 	2.404423 	0.742462 	0.831038 	0.416083 	0.743303 	0.471699 	2.170829 	0.391312 	0.884590 	0.617454 	2.438237 	0.790569 	1.065950 	0.460977 	1.101136 	0.818917 	0.985203 	0.726722 	0.325000 	0.340037 	1.160011 	1.166190 	1.035918 	0.965013 	0.831038 	0.656220 	0.801561 	0.760345 	1.122776 	1.184536 	
3.809938 	2.381439 	3.044873 	4.295710 	0.491172 	3.459949 	3.254324 	2.895902 	1.879162 	3.609016 	1.702388 	1.758195 	0.502494 	2.465385 	9.000000 	2.455860 	1.402230 	2.381832 	3.340003 	1.613420 	3.108858 	0.403113 	0.125000 	1.800868 	1.716464 	2.136001 	3.175394 	2.098362 	4.379283 	2.855915 	3.310306 	1.995777 	4.619592 	3.242780 	1.604875 	2.920295 	3.533854 	3.277385 	3.432383 	3.190807 	2.703932 	2.735416 	3.600347 	3.623275 	1.925162 	3.426460 	3.272996 	2.995413 	3.204001 	3.135482 	3.573689 	3.541539 	
1.685416 	0.212132 	0.761577 	2.253469 	1.969772 	1.166190 	0.922293 	0.500000 	0.707107 	1.570430 	0.803508 	0.751665 	1.978952 	0.025000 	2.455860 	9.000000 	1.110180 	0.090139 	0.980115 	0.905883 	0.707990 	2.113350 	2.393872 	0.725000 	0.813941 	0.395285 	0.760345 	0.450694 	2.192744 	0.403113 	0.901734 	0.596343 	2.460310 	0.805062 	1.046721 	0.467039 	1.117195 	0.832166 	1.000000 	0.738241 	0.316228 	0.333542 	1.175266 	1.179248 	1.012423 	0.972432 	0.834416 	0.649038 	0.800391 	0.756637 	1.128051 	1.181630 	
2.683398 	1.096586 	1.806239 	3.228487 	0.912414 	2.229910 	1.997655 	1.594522 	0.776209 	2.521161 	0.583631 	0.618466 	0.903466 	1.125000 	1.402230 	1.110180 	9.000000 	1.026219 	2.068967 	0.213600 	1.808660 	1.027740 	1.322167 	0.403887 	0.316228 	0.749166 	1.866313 	0.705780 	3.230035 	1.511622 	2.007019 	0.594243 	3.490433 	1.915235 	0.270416 	1.556639 	2.225562 	1.941649 	2.110095 	1.844587 	1.320038 	1.353237 	2.285005 	2.288149 	0.626498 	2.057456 	1.891098 	1.597263 	1.811249 	1.739253 	2.193171 	2.140385 	
1.773415 	0.246221 	0.850368 	2.340940 	1.894235 	1.256234 	1.012423 	0.590021 	0.673146 	1.655483 	0.750000 	0.700446 	1.901480 	0.111803 	2.381832 	0.090139 	1.026219 	9.000000 	1.070047 	0.820061 	0.797261 	2.034853 	2.317596 	0.637377 	0.726722 	0.305164 	0.848528 	0.360555 	2.282542 	0.485412 	0.989950 	0.506211 	2.550000 	0.890225 	0.957209 	0.538516 	1.204159 	0.915492 	1.085415 	0.818917 	0.350892 	0.375000 	1.261200 	1.261943 	0.925000 	1.044629 	0.897566 	0.682367 	0.851469 	0.800391 	1.195042 	1.226020 	
