Total assets = 635
Number of asset nodes = 33

Distance:
999.000000 	51.971146 	33.837849 	14.000000 	81.841309 	20.615528 	46.400433 	24.166092 	60.926186 	45.177429 	11.180340 	18.248287 	82.855293 	38.626415 	11.661903 	16.124516 	92.086914 	46.872166 	30.016663 	14.866069 	67.882248 	21.000000 	77.233414 	65.795135 	28.231188 	41.400482 	17.888544 	85.912750 	37.215588 	60.959003 	48.918301 	59.405388 	20.615528 	79.931221 	35.341194 	41.677334 	39.623226 	49.929951 	83.486526 	38.118237 	64.140472 	52.697250 	35.510563 	26.248810 	71.449280 	53.000000 	27.459061 	61.717098 	
51.971146 	999.000000 	85.755463 	64.474800 	130.816666 	72.013885 	98.183502 	35.227829 	107.168091 	93.338097 	44.045429 	35.468296 	128.405609 	15.000000 	62.425957 	48.052055 	140.758652 	98.792709 	30.000000 	51.419842 	118.848640 	70.936592 	127.561752 	117.004272 	34.000000 	21.189621 	53.935146 	135.882309 	26.683329 	14.035668 	17.029387 	111.220505 	66.483078 	130.598618 	30.594116 	26.000000 	90.249657 	24.083189 	134.629120 	87.920418 	116.107712 	24.083189 	40.024994 	62.289646 	24.041630 	25.495098 	60.074955 	113.648582 	
33.837849 	85.755463 	999.000000 	23.600847 	51.623638 	16.124516 	12.727922 	55.901699 	37.215588 	22.135944 	42.544094 	50.990196 	57.218880 	72.006943 	23.769728 	43.600460 	61.846584 	13.038404 	62.241467 	40.224369 	35.227829 	20.248457 	45.276924 	32.802441 	59.548298 	74.249580 	40.311287 	54.203320 	69.354164 	94.641426 	82.073135 	25.612497 	28.460499 	47.434166 	66.708321 	73.661385 	16.278820 	82.134033 	50.328918 	18.867962 	30.413813 	84.958817 	63.812225 	40.521599 	104.995239 	85.041168 	43.965897 	28.460499 	
14.000000 	64.474800 	23.600847 	999.000000 	74.686012 	7.810250 	36.235340 	32.557640 	56.885849 	40.607880 	25.079872 	32.140316 	78.339005 	51.923019 	12.806249 	20.000000 	84.970581 	36.069378 	38.948685 	16.643316 	58.821766 	7.000000 	68.796799 	56.400356 	36.069378 	51.088158 	17.088007 	77.698135 	45.967381 	72.111023 	59.033890 	48.795490 	9.433981 	71.028160 	43.185646 	50.209560 	25.961510 	58.694122 	73.878281 	24.186773 	52.630791 	61.522354 	40.311287 	20.223749 	82.200974 	61.554855 	23.021729 	49.648766 	
81.841309 	130.816666 	51.623638 	74.686012 	999.000000 	67.623962 	40.261642 	105.688217 	25.495098 	37.483330 	87.114868 	95.524864 	16.643316 	115.974136 	70.213959 	94.413979 	10.295630 	41.773197 	111.772087 	91.241440 	19.026299 	71.867935 	9.848858 	22.022715 	109.603828 	123.223373 	91.706055 	8.062258 	118.983192 	141.767410 	130.602448 	32.015621 	80.056229 	12.041595 	116.811813 	123.422043 	60.530983 	131.745972 	17.204651 	64.629715 	34.928497 	134.525085 	114.947815 	92.027168 	152.502457 	134.792435 	95.519630 	39.812057 	
20.615528 	72.013885 	16.124516 	7.810250 	67.623962 	999.000000 	28.600698 	40.360870 	51.156624 	35.014282 	31.144823 	38.832977 	72.180328 	59.135437 	14.866069 	27.658634 	77.878113 	28.319605 	46.754681 	24.207438 	51.312767 	5.099020 	61.400326 	48.826221 	43.840622 	58.898216 	24.186773 	70.327805 	53.758720 	79.881165 	66.843102 	41.036568 	13.038404 	63.513779 	50.931328 	57.982758 	19.104973 	66.468040 	66.219330 	18.110771 	44.821869 	69.296463 	47.707443 	25.179358 	90.000000 	69.310890 	28.442924 	41.880783 	
46.400433 	98.183502 	12.727922 	36.235340 	40.261642 	28.600698 	999.000000 	68.622154 	30.870699 	20.000000 	54.589375 	63.134777 	48.166378 	84.219948 	35.846897 	56.222771 	50.289165 	2.828427 	74.966660 	52.801514 	22.825424 	32.249031 	33.105892 	20.248457 	72.249565 	86.977005 	52.697250 	42.047592 	82.073135 	107.298645 	94.794518 	13.038404 	40.249222 	34.985710 	79.397736 	86.371292 	21.095022 	94.847244 	37.643059 	25.019993 	18.681541 	97.672920 	76.275818 	52.000000 	117.686020 	97.744568 	55.542778 	18.000000 	
24.166092 	35.227829 	55.901699 	32.557640 	105.688217 	40.360870 	68.622154 	999.000000 	85.088188 	69.318108 	24.020824 	20.615528 	107.018692 	27.202942 	35.777088 	13.416408 	115.965515 	68.593002 	6.403124 	17.000000 	90.906548 	38.013157 	100.603180 	88.617157 	4.123106 	18.601076 	18.973665 	109.402924 	13.453624 	40.249222 	26.627054 	81.320351 	32.202484 	103.077644 	11.180340 	17.804493 	56.938564 	26.248810 	106.216759 	54.120235 	85.146935 	29.068884 	13.601471 	27.073973 	49.929951 	29.206163 	25.019993 	82.006096 	
60.926186 	107.168091 	37.215588 	56.885849 	25.495098 	51.156624 	30.870699 	85.088188 	999.000000 	16.278820 	64.350601 	72.422371 	21.931713 	92.195442 	49.396355 	75.286118 	34.409302 	33.541019 	90.801979 	72.532753 	25.298222 	56.080299 	27.073973 	26.400757 	89.157166 	101.597244 	73.756355 	32.572994 	97.943863 	118.810776 	108.558739 	31.890438 	64.195015 	31.064449 	96.254868 	102.415817 	51.244511 	110.476242 	37.013512 	54.817879 	38.600517 	113.176849 	95.817535 	76.321686 	129.618668 	113.600174 	79.511009 	41.773197 	
45.177429 	93.338097 	22.135944 	40.607880 	37.483330 	35.014282 	20.000000 	69.318108 	16.278820 	999.000000 	49.678970 	58.051701 	37.947330 	78.517517 	33.541019 	59.135437 	47.507893 	22.803509 	75.179787 	56.320511 	28.160255 	40.000000 	34.985710 	27.459061 	73.348480 	86.284416 	57.489128 	42.801868 	82.365044 	104.350372 	93.477272 	27.459061 	48.041649 	38.470768 	80.498444 	86.833176 	37.589893 	95.015785 	43.462627 	40.718548 	34.713108 	97.754799 	79.711983 	60.133186 	115.108643 	98.112183 	63.285069 	36.055511 	
11.180340 	44.045429 	42.544094 	25.079872 	87.114868 	31.144823 	54.589375 	24.020824 	64.350601 	49.678970 	999.000000 	8.602325 	86.092972 	29.681644 	18.788294 	22.203604 	97.185387 	55.461697 	28.284271 	22.627417 	74.813103 	32.062439 	83.546394 	73.006851 	28.000000 	37.696156 	26.172504 	91.934761 	34.928497 	54.671749 	44.294468 	67.601776 	31.622776 	86.556343 	34.234486 	39.293766 	50.249378 	46.818798 	90.603531 	49.010204 	72.917763 	49.396355 	37.336308 	35.608986 	65.436989 	49.979996 	36.069378 	70.936592 	
18.248287 	35.468296 	50.990196 	32.140316 	95.524864 	38.832977 	63.134777 	20.615528 	72.422371 	58.051701 	8.602325 	999.000000 	94.031906 	21.095022 	27.294687 	23.853722 	105.550934 	63.953106 	23.194826 	25.495098 	83.408630 	39.115215 	92.097771 	81.608826 	24.041630 	30.805843 	29.068884 	100.448990 	29.017237 	46.400433 	36.769554 	76.157730 	37.336308 	95.131485 	29.154760 	33.136082 	57.870544 	40.024994 	99.201813 	56.320511 	81.394104 	42.449970 	34.176014 	38.910152 	57.201397 	43.174065 	38.587563 	79.309517 	
82.855293 	128.405609 	57.218880 	78.339005 	16.643316 	72.180328 	48.166378 	107.018692 	21.931713 	37.947330 	86.092972 	94.031906 	999.000000 	113.406349 	71.309189 	97.082436 	19.000000 	50.358715 	112.729767 	94.254974 	31.764761 	76.941536 	25.455845 	34.438351 	111.085556 	123.470642 	95.336250 	24.166092 	119.866592 	140.346008 	130.361038 	43.657761 	85.158676 	28.425341 	118.186295 	124.338249 	69.260376 	132.378250 	33.837849 	73.171036 	48.301140 	135.070358 	117.652031 	97.324203 	151.162170 	135.506454 	100.623062 	52.801514 	
38.626415 	15.000000 	72.006943 	51.923019 	115.974136 	59.135437 	84.219948 	27.202942 	92.195442 	78.517517 	29.681644 	21.095022 	113.406349 	999.000000 	48.373547 	38.052597 	125.872955 	85.000000 	24.186773 	41.000000 	104.403069 	58.694122 	112.929184 	102.649887 	27.730848 	21.954498 	44.045429 	121.165176 	24.758837 	27.856777 	23.345236 	97.247108 	55.326305 	116.038788 	27.658634 	26.627054 	77.884529 	29.410883 	120.208153 	75.927597 	102.420700 	30.805843 	36.619667 	53.338543 	38.483765 	32.015621 	51.788029 	100.224747 	
11.661903 	62.425957 	23.769728 	12.806249 	70.213959 	14.866069 	35.846897 	35.777088 	49.396355 	33.541019 	18.788294 	27.294687 	71.309189 	48.373547 	999.000000 	26.305893 	80.448738 	36.674240 	41.677334 	24.020824 	56.639210 	18.027756 	65.795135 	54.671749 	39.812057 	53.009434 	26.076809 	74.411018 	48.877399 	72.138756 	60.440052 	48.877399 	22.203604 	68.593002 	46.957428 	53.338543 	33.136082 	61.587337 	72.346390 	32.756680 	54.129475 	64.350601 	46.572525 	31.953091 	82.734512 	64.660652 	34.205261 	52.201534 	
16.124516 	48.052055 	43.600460 	20.000000 	94.413979 	27.658634 	56.222771 	13.416408 	75.286118 	59.135437 	22.203604 	23.853722 	97.082436 	38.052597 	26.305893 	999.000000 	104.709122 	55.973209 	19.723083 	3.605551 	78.816238 	24.839485 	88.752464 	76.400261 	16.401220 	31.906113 	6.000000 	97.637085 	26.400757 	53.665630 	39.962482 	68.680420 	18.788294 	91.021973 	23.345236 	30.479502 	43.566040 	38.948685 	93.861603 	40.706264 	72.180328 	41.773197 	20.615528 	15.524175 	63.285069 	41.725292 	14.764823 	68.883957 	
92.086914 	140.758652 	61.846584 	84.970581 	10.295630 	77.878113 	50.289165 	115.965515 	34.409302 	47.507893 	97.185387 	105.550934 	19.000000 	125.872955 	80.448738 	104.709122 	999.000000 	51.662365 	122.036880 	101.533249 	28.284271 	82.079231 	18.027756 	31.257000 	119.887444 	133.454117 	101.980392 	10.440307 	129.247818 	151.855194 	140.801285 	41.194660 	90.249657 	18.248287 	127.094452 	133.689941 	70.213959 	142.003525 	21.023796 	74.330345 	43.104523 	144.779144 	125.239769 	102.181213 	162.606888 	145.055161 	105.688217 	48.093658 	
46.872166 	98.792709 	13.038404 	36.069378 	41.773197 	28.319605 	2.828427 	68.593002 	33.541019 	22.803509 	55.461697 	63.953106 	50.358715 	85.000000 	36.674240 	55.973209 	51.662365 	999.000000 	74.966660 	52.497620 	23.769728 	31.622776 	34.176014 	21.023796 	72.138756 	87.045967 	52.201534 	43.081318 	82.024384 	107.615051 	94.921021 	12.727922 	39.446167 	35.777088 	79.246452 	86.278618 	19.000000 	94.762863 	38.013157 	23.021729 	17.464249 	97.590981 	75.802376 	50.990196 	117.923706 	97.621719 	54.561890 	16.124516 	
30.016663 	30.000000 	62.241467 	38.948685 	111.772087 	46.754681 	74.966660 	6.403124 	90.801979 	75.179787 	28.284271 	23.194826 	112.729767 	24.186773 	41.677334 	19.723083 	122.036880 	74.966660 	999.000000 	23.323807 	97.185387 	44.407207 	106.826965 	94.921021 	4.000000 	12.206555 	25.079872 	115.602768 	7.211102 	34.014702 	20.248457 	87.692642 	38.470768 	109.343498 	6.000000 	11.661903 	63.285069 	20.000000 	112.538879 	60.415230 	91.547798 	22.803509 	12.727922 	32.557640 	43.566040 	23.021729 	30.149628 	88.408142 	
14.866069 	51.419842 	40.224369 	16.643316 	91.241440 	24.207438 	52.801514 	17.000000 	72.532753 	56.320511 	22.627417 	25.495098 	94.254974 	41.000000 	24.020824 	3.605551 	101.533249 	52.497620 	23.323807 	999.000000 	75.451973 	21.260292 	85.440041 	73.006851 	20.000000 	35.510563 	3.605551 	94.339813 	30.000000 	57.245087 	43.566040 	65.192024 	15.231546 	87.658424 	26.907248 	34.058773 	39.962482 	42.520584 	90.426765 	37.121422 	68.622154 	45.343136 	23.706539 	13.416408 	66.887962 	45.276924 	13.453624 	65.299309 	
67.882248 	118.848640 	35.227829 	58.821766 	19.026299 	51.312767 	22.825424 	90.906548 	25.298222 	28.160255 	74.813103 	83.408630 	31.764761 	104.403069 	56.639210 	78.816238 	28.284271 	23.769728 	97.185387 	75.451973 	999.000000 	55.072678 	10.440307 	3.000000 	94.641426 	109.041275 	75.471848 	19.313208 	104.350372 	128.763351 	116.726173 	13.000000 	63.063461 	12.206555 	101.828285 	108.706024 	41.976185 	117.153748 	15.811388 	46.097721 	16.552946 	119.970833 	99.020203 	74.732857 	139.316193 	120.104118 	78.294319 	21.189621 	
21.000000 	70.936592 	20.248457 	7.000000 	71.867935 	5.099020 	32.249031 	38.013157 	56.080299 	40.000000 	32.062439 	39.115215 	76.941536 	58.694122 	18.027756 	24.839485 	82.079231 	31.622776 	44.407207 	21.260292 	55.072678 	999.000000 	65.299309 	52.478565 	41.231056 	56.612720 	20.615528 	74.242844 	51.224995 	78.032043 	64.637451 	44.204071 	8.246211 	67.230942 	48.166378 	55.317268 	19.313208 	63.780876 	69.634758 	17.262676 	47.381432 	66.603302 	44.204071 	20.396078 	87.920418 	66.528191 	23.769728 	44.045429 	
77.233414 	127.561752 	45.276924 	68.796799 	9.848858 	61.400326 	33.105892 	100.603180 	27.073973 	34.985710 	83.546394 	92.097771 	25.455845 	112.929184 	65.795135 	88.752464 	18.027756 	34.176014 	106.826965 	85.440041 	10.440307 	65.299309 	999.000000 	13.341664 	104.403069 	118.562218 	85.586212 	8.944272 	114.017540 	137.887634 	126.150703 	23.194826 	73.348480 	4.000000 	111.606453 	118.406082 	52.392746 	126.822708 	10.049875 	56.515484 	25.317978 	129.630249 	109.077957 	85.088188 	148.519363 	129.807556 	88.639717 	30.265491 	
65.795135 	117.004272 	32.802441 	56.400356 	22.022715 	48.826221 	20.248457 	88.617157 	26.400757 	27.459061 	73.006851 	81.608826 	34.438351 	102.649887 	54.671749 	76.400261 	31.257000 	21.023796 	94.921021 	73.006851 	3.000000 	52.478565 	13.341664 	999.000000 	92.314682 	106.831642 	72.945183 	22.135944 	102.068604 	126.732002 	114.560028 	10.000000 	60.415230 	14.764823 	99.488693 	106.404884 	39.051247 	114.865135 	17.691807 	43.174065 	13.892444 	117.686020 	96.519424 	72.013885 	137.244308 	117.796432 	75.584389 	18.384777 	
28.231188 	34.000000 	59.548298 	36.069378 	109.603828 	43.840622 	72.249565 	4.123106 	89.157166 	73.348480 	28.000000 	24.041630 	111.085556 	27.730848 	39.812057 	16.401220 	119.887444 	72.138756 	4.000000 	20.000000 	94.641426 	41.231056 	104.403069 	92.314682 	999.000000 	15.652476 	21.470911 	113.225441 	10.000000 	37.696156 	23.706539 	84.864601 	34.985710 	106.826965 	7.211102 	14.142136 	59.908264 	22.627417 	109.877205 	56.938564 	88.526833 	25.455845 	10.295630 	28.635643 	47.010635 	25.495098 	26.172504 	85.276024 	
41.400482 	21.189621 	74.249580 	51.088158 	123.223373 	58.898216 	86.977005 	18.601076 	101.597244 	86.284416 	37.696156 	30.805843 	123.470642 	21.954498 	53.009434 	31.906113 	133.454117 	87.045967 	12.206555 	35.510563 	109.041275 	56.612720 	118.562218 	106.831642 	15.652476 	999.000000 	37.121422 	127.283150 	6.082763 	22.135944 	8.062258 	99.764725 	50.606323 	121.165176 	10.049875 	5.000000 	75.471848 	9.219544 	124.482933 	72.560318 	103.711136 	11.704700 	19.104973 	43.965897 	31.384710 	12.369317 	41.231056 	100.603180 	
17.888544 	53.935146 	40.311287 	17.088007 	91.706055 	24.186773 	52.697250 	18.973665 	73.756355 	57.489128 	26.172504 	29.068884 	95.336250 	44.045429 	26.076809 	6.000000 	101.980392 	52.201534 	25.079872 	3.605551 	75.471848 	20.615528 	85.586212 	72.945183 	21.470911 	37.121422 	999.000000 	94.514549 	31.384710 	59.093147 	45.177429 	64.815125 	13.601471 	87.664131 	28.017851 	35.227829 	38.600517 	43.600460 	90.210861 	35.510563 	67.896980 	46.400433 	23.600847 	9.848858 	68.476273 	46.227695 	9.899495 	64.381676 	
85.912750 	135.882309 	54.203320 	77.698135 	8.062258 	70.327805 	42.047592 	109.402924 	32.572994 	42.801868 	91.934761 	100.448990 	24.166092 	121.165176 	74.411018 	97.637085 	10.440307 	43.081318 	115.602768 	94.339813 	19.313208 	74.242844 	8.944272 	22.135944 	113.225441 	127.283150 	94.514549 	999.000000 	122.800652 	146.413803 	134.825821 	31.780497 	82.292160 	8.000000 	120.432556 	127.200630 	61.131008 	135.602356 	10.816654 	65.253349 	33.000000 	138.405197 	117.991524 	94.021271 	157.079605 	138.600143 	97.575615 	38.000000 	
37.215588 	26.683329 	69.354164 	45.967381 	118.983192 	53.758720 	82.073135 	13.453624 	97.943863 	82.365044 	34.928497 	29.017237 	119.866592 	24.758837 	48.877399 	26.400757 	129.247818 	82.024384 	7.211102 	30.000000 	104.350372 	51.224995 	114.017540 	102.068604 	10.000000 	6.082763 	31.384710 	122.800652 	999.000000 	28.160255 	13.928389 	94.752312 	44.944408 	116.516090 	4.000000 	4.472136 	69.892776 	12.806249 	119.670380 	66.887962 	98.493652 	15.620500 	13.341664 	37.947330 	37.121422 	15.811388 	35.171009 	95.268044 	
60.959003 	14.035668 	94.641426 	72.111023 	141.767410 	79.881165 	107.298645 	40.249222 	118.810776 	104.350372 	54.671749 	46.400433 	140.346008 	27.856777 	72.138756 	53.665630 	151.855194 	107.615051 	34.014702 	57.245087 	128.763351 	78.032043 	137.887634 	126.732002 	37.696156 	22.135944 	59.093147 	146.413803 	28.160255 	999.000000 	14.317822 	120.253899 	72.449982 	140.730240 	32.015621 	25.317978 	97.128784 	19.104973 	144.422989 	94.366310 	124.619423 	17.464249 	40.311287 	66.098412 	10.816654 	18.681541 	63.324562 	121.757957 	
48.918301 	17.029387 	82.073135 	59.033890 	130.602448 	66.843102 	94.794518 	26.627054 	108.558739 	93.477272 	44.294468 	36.769554 	130.361038 	23.345236 	60.440052 	39.962482 	140.801285 	94.921021 	20.248457 	43.566040 	116.726173 	64.637451 	126.150703 	114.560028 	23.706539 	8.062258 	45.177429 	134.825821 	13.928389 	14.317822 	999.000000 	107.628990 	58.668560 	128.817703 	17.720045 	11.045361 	83.528435 	7.071068 	132.230865 	80.622574 	111.664673 	7.615773 	26.076809 	51.865211 	23.323807 	8.944272 	49.040798 	108.600182 	
59.405388 	111.220505 	25.612497 	48.795490 	32.015621 	41.036568 	13.038404 	81.320351 	31.890438 	27.459061 	67.601776 	76.157730 	43.657761 	97.247108 	48.877399 	68.680420 	41.194660 	12.727922 	87.692642 	65.192024 	13.000000 	44.204071 	23.194826 	10.000000 	84.864601 	99.764725 	64.815125 	31.780497 	94.752312 	120.253899 	107.628990 	999.000000 	51.865211 	24.041630 	91.967384 	99.005051 	29.410883 	107.489532 	25.553865 	33.526108 	7.280110 	110.317726 	88.408142 	63.134777 	130.598618 	110.344917 	66.730804 	9.899495 	
20.615528 	66.483078 	28.460499 	9.433981 	80.056229 	13.038404 	40.249222 	32.202484 	64.195015 	48.041649 	31.622776 	37.336308 	85.158676 	55.326305 	22.203604 	18.788294 	90.249657 	39.446167 	38.470768 	15.231546 	63.063461 	8.246211 	73.348480 	60.415230 	34.985710 	50.606323 	13.601471 	82.292160 	44.944408 	72.449982 	58.668560 	51.865211 	999.000000 	75.179787 	41.617306 	48.826221 	25.000000 	57.201397 	77.388626 	21.954498 	54.561890 	60.000000 	36.796738 	12.165525 	81.987801 	59.816387 	15.524175 	50.911690 	
79.931221 	130.598618 	47.434166 	71.028160 	12.041595 	63.513779 	34.985710 	103.077644 	31.064449 	38.470768 	86.556343 	95.131485 	28.425341 	116.038788 	68.593002 	91.021973 	18.248287 	35.777088 	109.343498 	87.658424 	12.206555 	67.230942 	4.000000 	14.764823 	106.826965 	121.165176 	87.664131 	8.000000 	116.516090 	140.730240 	128.817703 	24.041630 	75.179787 	999.000000 	114.017540 	120.880104 	53.450912 	129.321304 	6.082763 	57.567352 	25.000000 	132.136292 	111.220505 	86.764046 	151.320847 	132.279999 	90.338257 	30.000000 	
35.341194 	30.594116 	66.708321 	43.185646 	116.811813 	50.931328 	79.397736 	11.180340 	96.254868 	80.498444 	34.234486 	29.154760 	118.186295 	27.658634 	46.957428 	23.345236 	127.094452 	79.246452 	6.000000 	26.907248 	101.828285 	48.166378 	111.606453 	99.488693 	7.211102 	10.049875 	28.017851 	120.432556 	4.000000 	32.015621 	17.720045 	91.967384 	41.617306 	114.017540 	999.000000 	7.211102 	66.610809 	15.620500 	117.034180 	63.513779 	95.524864 	18.439089 	9.486833 	34.176014 	40.718548 	18.384777 	31.320919 	92.195442 	
41.677334 	26.000000 	73.661385 	50.209560 	123.422043 	57.982758 	86.371292 	17.804493 	102.415817 	86.833176 	39.293766 	33.136082 	124.338249 	26.627054 	53.338543 	30.479502 	133.689941 	86.278618 	11.661903 	34.058773 	108.706024 	55.317268 	118.406082 	106.404884 	14.142136 	5.000000 	35.227829 	127.200630 	4.472136 	25.317978 	11.045361 	99.005051 	48.826221 	120.880104 	7.211102 	999.000000 	73.817345 	8.485281 	123.987900 	70.724815 	102.649887 	11.313708 	15.033297 	41.231056 	33.615471 	11.401754 	38.275318 	99.357941 	
39.623226 	90.249657 	16.278820 	25.961510 	60.530983 	19.104973 	21.095022 	56.938564 	51.244511 	37.589893 	50.249378 	57.870544 	69.260376 	77.884529 	33.136082 	43.566040 	70.213959 	19.000000 	63.285069 	39.962482 	41.976185 	19.313208 	52.392746 	39.051247 	59.908264 	75.471848 	38.600517 	61.131008 	69.892776 	97.128784 	83.528435 	29.410883 	25.000000 	53.450912 	66.610809 	73.817345 	999.000000 	82.200974 	54.625999 	4.123106 	30.528675 	85.000000 	61.554855 	34.828148 	106.850365 	84.811554 	38.418747 	26.400757 	
49.929951 	24.083189 	82.134033 	58.694122 	131.745972 	66.468040 	94.847244 	26.248810 	110.476242 	95.015785 	46.818798 	40.024994 	132.378250 	29.410883 	61.587337 	38.948685 	142.003525 	94.762863 	20.000000 	42.520584 	117.153748 	63.780876 	126.822708 	114.865135 	22.627417 	9.219544 	43.600460 	135.602356 	12.806249 	19.104973 	7.071068 	107.489532 	57.201397 	129.321304 	15.620500 	8.485281 	82.200974 	999.000000 	132.457535 	79.056938 	111.126053 	2.828427 	22.135944 	49.193497 	25.961510 	3.162278 	46.097721 	107.814659 	
83.486526 	134.629120 	50.328918 	73.878281 	17.204651 	66.219330 	37.643059 	106.216759 	37.013512 	43.462627 	90.603531 	99.201813 	33.837849 	120.208153 	72.346390 	93.861603 	21.023796 	38.013157 	112.538879 	90.426765 	15.811388 	69.634758 	10.049875 	17.691807 	109.877205 	124.482933 	90.210861 	10.816654 	119.670380 	144.422989 	132.230865 	25.553865 	77.388626 	6.082763 	117.034180 	123.987900 	54.625999 	132.457535 	999.000000 	58.694122 	24.738634 	135.281189 	113.811249 	88.684837 	154.935471 	135.369858 	92.282173 	29.614185 	
38.118237 	87.920418 	18.867962 	24.186773 	64.629715 	18.110771 	25.019993 	54.120235 	54.817879 	40.718548 	49.010204 	56.320511 	73.171036 	75.927597 	32.756680 	40.706264 	74.330345 	23.021729 	60.415230 	37.121422 	46.097721 	17.262676 	56.515484 	43.174065 	56.938564 	72.560318 	35.510563 	65.253349 	66.887962 	94.366310 	80.622574 	33.526108 	21.954498 	57.567352 	63.513779 	70.724815 	4.123106 	79.056938 	58.694122 	999.000000 	34.481880 	81.841309 	58.137768 	31.144823 	103.942291 	81.608826 	34.713108 	30.232433 	
64.140472 	116.107712 	30.413813 	52.630791 	34.928497 	44.821869 	18.681541 	85.146935 	38.600517 	34.713108 	72.917763 	81.394104 	48.301140 	102.420700 	54.129475 	72.180328 	43.104523 	17.464249 	91.547798 	68.622154 	16.552946 	47.381432 	25.317978 	13.892444 	88.526833 	103.711136 	67.896980 	33.000000 	98.493652 	124.619423 	111.664673 	7.280110 	54.561890 	25.000000 	95.524864 	102.649887 	30.528675 	111.126053 	24.738634 	34.481880 	999.000000 	113.951744 	91.350975 	65.215027 	134.807266 	113.899078 	68.818604 	5.000000 	
52.697250 	24.083189 	84.958817 	61.522354 	134.525085 	69.296463 	97.672920 	29.068884 	113.176849 	97.754799 	49.396355 	42.449970 	135.070358 	30.805843 	64.350601 	41.773197 	144.779144 	97.590981 	22.803509 	45.343136 	119.970833 	66.603302 	129.630249 	117.686020 	25.455845 	11.704700 	46.400433 	138.405197 	15.620500 	17.464249 	7.615773 	110.317726 	60.000000 	132.136292 	18.439089 	11.313708 	85.000000 	2.828427 	135.281189 	81.841309 	113.951744 	999.000000 	24.698177 	51.884487 	23.537205 	1.414214 	48.754486 	110.634537 	
35.510563 	40.024994 	63.812225 	40.311287 	114.947815 	47.707443 	76.275818 	13.601471 	95.817535 	79.711983 	37.336308 	34.176014 	117.652031 	36.619667 	46.572525 	20.615528 	125.239769 	75.802376 	12.727922 	23.706539 	99.020203 	44.204071 	109.077957 	96.519424 	10.295630 	19.104973 	23.600847 	117.991524 	13.341664 	40.311287 	26.076809 	88.408142 	36.796738 	111.220505 	9.486833 	15.033297 	61.554855 	22.135944 	113.811249 	58.137768 	91.350975 	24.698177 	999.000000 	27.459061 	48.083260 	24.166092 	24.186773 	87.692642 	
26.248810 	62.289646 	40.521599 	20.223749 	92.027168 	25.179358 	52.000000 	27.073973 	76.321686 	60.133186 	35.608986 	38.910152 	97.324203 	53.338543 	31.953091 	15.524175 	102.181213 	50.990196 	32.557640 	13.416408 	74.732857 	20.396078 	85.088188 	72.013885 	28.635643 	43.965897 	9.848858 	94.021271 	37.947330 	66.098412 	51.865211 	63.134777 	12.165525 	86.764046 	34.176014 	41.231056 	34.828148 	49.193497 	88.684837 	31.144823 	65.215027 	51.884487 	27.459061 	999.000000 	74.846512 	51.478149 	3.605551 	61.220913 	
71.449280 	24.041630 	104.995239 	82.200974 	152.502457 	90.000000 	117.686020 	49.929951 	129.618668 	115.108643 	65.436989 	57.201397 	151.162170 	38.483765 	82.734512 	63.285069 	162.606888 	117.923706 	43.566040 	66.887962 	139.316193 	87.920418 	148.519363 	137.244308 	47.010635 	31.384710 	68.476273 	157.079605 	37.121422 	10.816654 	23.323807 	130.598618 	81.987801 	151.320847 	40.718548 	33.615471 	106.850365 	25.961510 	154.935471 	103.942291 	134.807266 	23.537205 	48.083260 	74.846512 	999.000000 	24.331051 	71.867935 	131.825638 	
53.000000 	25.495098 	85.041168 	61.554855 	134.792435 	69.310890 	97.744568 	29.206163 	113.600174 	98.112183 	49.979996 	43.174065 	135.506454 	32.015621 	64.660652 	41.725292 	145.055161 	97.621719 	23.021729 	45.276924 	120.104118 	66.528191 	129.807556 	117.796432 	25.495098 	12.369317 	46.227695 	138.600143 	15.811388 	18.681541 	8.944272 	110.344917 	59.816387 	132.279999 	18.384777 	11.401754 	84.811554 	3.162278 	135.369858 	81.608826 	113.899078 	1.414214 	24.166092 	51.478149 	24.331051 	999.000000 	48.301140 	110.535065 	
27.459061 	60.074955 	43.965897 	23.021729 	95.519630 	28.442924 	55.542778 	25.019993 	79.511009 	63.285069 	36.069378 	38.587563 	100.623062 	51.788029 	34.205261 	14.764823 	105.688217 	54.561890 	30.149628 	13.453624 	78.294319 	23.769728 	88.639717 	75.584389 	26.172504 	41.231056 	9.899495 	97.575615 	35.171009 	63.324562 	49.040798 	66.730804 	15.524175 	90.338257 	31.320919 	38.275318 	38.418747 	46.097721 	92.282173 	34.713108 	68.818604 	48.754486 	24.186773 	3.605551 	71.867935 	48.301140 	999.000000 	64.815125 	
61.717098 	113.648582 	28.460499 	49.648766 	39.812057 	41.880783 	18.000000 	82.006096 	41.773197 	36.055511 	70.936592 	79.309517 	52.801514 	100.224747 	52.201534 	68.883957 	48.093658 	16.124516 	88.408142 	65.299309 	21.189621 	44.045429 	30.265491 	18.384777 	85.276024 	100.603180 	64.381676 	38.000000 	95.268044 	121.757957 	108.600182 	9.899495 	50.911690 	30.000000 	92.195442 	99.357941 	26.400757 	107.814659 	29.614185 	30.232433 	5.000000 	110.634537 	87.692642 	61.220913 	131.825638 	110.535065 	64.815125 	999.000000 	

Travel time:
9.000000 	1.299279 	0.845946 	0.350000 	2.046033 	0.515388 	1.160011 	0.604152 	1.523155 	1.129436 	0.279509 	0.456207 	2.071382 	0.965660 	0.291548 	0.403113 	2.302173 	1.171804 	0.750417 	0.371652 	1.697056 	0.525000 	1.930835 	1.644878 	0.705780 	1.035012 	0.447214 	2.147819 	0.930390 	1.523975 	1.222957 	1.485135 	0.515388 	1.998281 	0.883530 	1.041933 	0.990581 	1.248249 	2.087163 	0.952956 	1.603512 	1.317431 	0.887764 	0.656220 	1.786232 	1.325000 	0.686477 	1.542928 	
1.299279 	9.000000 	2.143887 	1.611870 	3.270417 	1.800347 	2.454587 	0.880696 	2.679202 	2.333452 	1.101136 	0.886707 	3.210140 	0.375000 	1.560649 	1.201301 	3.518966 	2.469818 	0.750000 	1.285496 	2.971216 	1.773415 	3.189044 	2.925107 	0.850000 	0.529741 	1.348379 	3.397058 	0.667083 	0.350892 	0.425735 	2.780513 	1.662077 	3.264966 	0.764853 	0.650000 	2.256241 	0.602080 	3.365728 	2.198010 	2.902693 	0.602080 	1.000625 	1.557241 	0.601041 	0.637377 	1.501874 	2.841215 	
0.845946 	2.143887 	9.000000 	0.590021 	1.290591 	0.403113 	0.318198 	1.397542 	0.930390 	0.553399 	1.063602 	1.274755 	1.430472 	1.800174 	0.594243 	1.090011 	1.546165 	0.325960 	1.556037 	1.005609 	0.880696 	0.506211 	1.131923 	0.820061 	1.488707 	1.856240 	1.007782 	1.355083 	1.733854 	2.366036 	2.051828 	0.640312 	0.711512 	1.185854 	1.667708 	1.841535 	0.406971 	2.053351 	1.258223 	0.471699 	0.760345 	2.123971 	1.595306 	1.013040 	2.624881 	2.126029 	1.099147 	0.711512 	
0.350000 	1.611870 	0.590021 	9.000000 	1.867150 	0.195256 	0.905883 	0.813941 	1.422146 	1.015197 	0.626997 	0.803508 	1.958475 	1.298075 	0.320156 	0.500000 	2.124264 	0.901734 	0.973717 	0.416083 	1.470544 	0.175000 	1.719920 	1.410009 	0.901734 	1.277204 	0.427200 	1.942453 	1.149184 	1.802776 	1.475847 	1.219887 	0.235850 	1.775704 	1.079641 	1.255239 	0.649038 	1.467353 	1.846957 	0.604669 	1.315770 	1.538059 	1.007782 	0.505594 	2.055024 	1.538871 	0.575543 	1.241219 	
2.046033 	3.270417 	1.290591 	1.867150 	9.000000 	1.690599 	1.006541 	2.642205 	0.637377 	0.937083 	2.177872 	2.388122 	0.416083 	2.899354 	1.755349 	2.360349 	0.257391 	1.044330 	2.794302 	2.281036 	0.475657 	1.796698 	0.246221 	0.550568 	2.740096 	3.080584 	2.292651 	0.201556 	2.974580 	3.544185 	3.265061 	0.800391 	2.001406 	0.301040 	2.920295 	3.085551 	1.513275 	3.293649 	0.430116 	1.615743 	0.873212 	3.363127 	2.873695 	2.300679 	3.812562 	3.369811 	2.387991 	0.995301 	
0.515388 	1.800347 	0.403113 	0.195256 	1.690599 	9.000000 	0.715017 	1.009022 	1.278916 	0.875357 	0.778621 	0.970824 	1.804508 	1.478386 	0.371652 	0.691466 	1.946953 	0.707990 	1.168867 	0.605186 	1.282819 	0.127475 	1.535008 	1.220656 	1.096016 	1.472455 	0.604669 	1.758195 	1.343968 	1.997029 	1.671077 	1.025914 	0.325960 	1.587844 	1.273283 	1.449569 	0.477624 	1.661701 	1.655483 	0.452769 	1.120547 	1.732412 	1.192686 	0.629484 	2.250000 	1.732772 	0.711073 	1.047020 	
1.160011 	2.454587 	0.318198 	0.905883 	1.006541 	0.715017 	9.000000 	1.715554 	0.771767 	0.500000 	1.364734 	1.578369 	1.204159 	2.105499 	0.896172 	1.405569 	1.257229 	0.070711 	1.874166 	1.320038 	0.570636 	0.806226 	0.827647 	0.506211 	1.806239 	2.174425 	1.317431 	1.051190 	2.051828 	2.682466 	2.369863 	0.325960 	1.006231 	0.874643 	1.984943 	2.159282 	0.527376 	2.371181 	0.941076 	0.625500 	0.467039 	2.441823 	1.906895 	1.300000 	2.942151 	2.443614 	1.388569 	0.450000 	
0.604152 	0.880696 	1.397542 	0.813941 	2.642205 	1.009022 	1.715554 	9.000000 	2.127205 	1.732953 	0.600521 	0.515388 	2.675467 	0.680074 	0.894427 	0.335410 	2.899138 	1.714825 	0.160078 	0.425000 	2.272664 	0.950329 	2.515079 	2.215429 	0.103078 	0.465027 	0.474342 	2.735073 	0.336341 	1.006231 	0.665676 	2.033009 	0.805062 	2.576941 	0.279509 	0.445112 	1.423464 	0.656220 	2.655419 	1.353006 	2.128673 	0.726722 	0.340037 	0.676849 	1.248249 	0.730154 	0.625500 	2.050152 	
1.523155 	2.679202 	0.930390 	1.422146 	0.637377 	1.278916 	0.771767 	2.127205 	9.000000 	0.406971 	1.608765 	1.810559 	0.548293 	2.304886 	1.234909 	1.882153 	0.860233 	0.838525 	2.270050 	1.813319 	0.632456 	1.402007 	0.676849 	0.660019 	2.228929 	2.539931 	1.843909 	0.814325 	2.448596 	2.970269 	2.713969 	0.797261 	1.604875 	0.776611 	2.406372 	2.560395 	1.281113 	2.761906 	0.925338 	1.370447 	0.965013 	2.829421 	2.395438 	1.908042 	3.240467 	2.840004 	1.987775 	1.044330 	
1.129436 	2.333452 	0.553399 	1.015197 	0.937083 	0.875357 	0.500000 	1.732953 	0.406971 	9.000000 	1.241974 	1.451293 	0.948683 	1.962938 	0.838525 	1.478386 	1.187697 	0.570088 	1.879495 	1.408013 	0.704006 	1.000000 	0.874643 	0.686477 	1.833712 	2.157110 	1.437228 	1.070047 	2.059126 	2.608759 	2.336932 	0.686477 	1.201041 	0.961769 	2.012461 	2.170829 	0.939747 	2.375395 	1.086566 	1.017964 	0.867828 	2.443870 	1.992800 	1.503330 	2.877716 	2.452805 	1.582127 	0.901388 	
0.279509 	1.101136 	1.063602 	0.626997 	2.177872 	0.778621 	1.364734 	0.600521 	1.608765 	1.241974 	9.000000 	0.215058 	2.152324 	0.742041 	0.469707 	0.555090 	2.429635 	1.386542 	0.707107 	0.565685 	1.870328 	0.801561 	2.088660 	1.825171 	0.700000 	0.942404 	0.654313 	2.298369 	0.873212 	1.366794 	1.107362 	1.690044 	0.790569 	2.163908 	0.855862 	0.982344 	1.256234 	1.170470 	2.265088 	1.225255 	1.822944 	1.234909 	0.933408 	0.890225 	1.635925 	1.249500 	0.901734 	1.773415 	
0.456207 	0.886707 	1.274755 	0.803508 	2.388122 	0.970824 	1.578369 	0.515388 	1.810559 	1.451293 	0.215058 	9.000000 	2.350798 	0.527376 	0.682367 	0.596343 	2.638773 	1.598828 	0.579871 	0.637377 	2.085216 	0.977880 	2.302444 	2.040221 	0.601041 	0.770146 	0.726722 	2.511225 	0.725431 	1.160011 	0.919239 	1.903943 	0.933408 	2.378287 	0.728869 	0.828402 	1.446764 	1.000625 	2.480045 	1.408013 	2.034853 	1.061249 	0.854400 	0.972754 	1.430035 	1.079352 	0.964689 	1.982738 	
2.071382 	3.210140 	1.430472 	1.958475 	0.416083 	1.804508 	1.204159 	2.675467 	0.548293 	0.948683 	2.152324 	2.350798 	9.000000 	2.835159 	1.782730 	2.427061 	0.475000 	1.258968 	2.818244 	2.356374 	0.794119 	1.923538 	0.636396 	0.860959 	2.777139 	3.086766 	2.383406 	0.604152 	2.996665 	3.508650 	3.259026 	1.091444 	2.128967 	0.710634 	2.954657 	3.108456 	1.731509 	3.309456 	0.845946 	1.829276 	1.207528 	3.376759 	2.941301 	2.433105 	3.779054 	3.387661 	2.515577 	1.320038 	
0.965660 	0.375000 	1.800174 	1.298075 	2.899354 	1.478386 	2.105499 	0.680074 	2.304886 	1.962938 	0.742041 	0.527376 	2.835159 	9.000000 	1.209339 	0.951315 	3.146824 	2.125000 	0.604669 	1.025000 	2.610077 	1.467353 	2.823230 	2.566247 	0.693271 	0.548862 	1.101136 	3.029130 	0.618971 	0.696419 	0.583631 	2.431178 	1.383158 	2.900970 	0.691466 	0.665676 	1.947113 	0.735272 	3.005204 	1.898190 	2.560518 	0.770146 	0.915492 	1.333464 	0.962094 	0.800391 	1.294701 	2.505619 	
0.291548 	1.560649 	0.594243 	0.320156 	1.755349 	0.371652 	0.896172 	0.894427 	1.234909 	0.838525 	0.469707 	0.682367 	1.782730 	1.209339 	9.000000 	0.657647 	2.011219 	0.916856 	1.041933 	0.600521 	1.415980 	0.450694 	1.644878 	1.366794 	0.995301 	1.325236 	0.651920 	1.860276 	1.221935 	1.803469 	1.511001 	1.221935 	0.555090 	1.714825 	1.173936 	1.333464 	0.828402 	1.539683 	1.808660 	0.818917 	1.353237 	1.608765 	1.164313 	0.798827 	2.068363 	1.616516 	0.855132 	1.305038 	
0.403113 	1.201301 	1.090011 	0.500000 	2.360349 	0.691466 	1.405569 	0.335410 	1.882153 	1.478386 	0.555090 	0.596343 	2.427061 	0.951315 	0.657647 	9.000000 	2.617728 	1.399330 	0.493077 	0.090139 	1.970406 	0.620987 	2.218812 	1.910007 	0.410031 	0.797653 	0.150000 	2.440927 	0.660019 	1.341641 	0.999062 	1.717010 	0.469707 	2.275549 	0.583631 	0.761988 	1.089151 	0.973717 	2.346540 	1.017657 	1.804508 	1.044330 	0.515388 	0.388104 	1.582127 	1.043132 	0.369121 	1.722099 	
2.302173 	3.518966 	1.546165 	2.124264 	0.257391 	1.946953 	1.257229 	2.899138 	0.860233 	1.187697 	2.429635 	2.638773 	0.475000 	3.146824 	2.011219 	2.617728 	9.000000 	1.291559 	3.050922 	2.538331 	0.707107 	2.051981 	0.450694 	0.781425 	2.997186 	3.336353 	2.549510 	0.261008 	3.231195 	3.796380 	3.520032 	1.029866 	2.256241 	0.456207 	3.177361 	3.342248 	1.755349 	3.550088 	0.525595 	1.858259 	1.077613 	3.619479 	3.130994 	2.554530 	4.065172 	3.626379 	2.642205 	1.202341 	
1.171804 	2.469818 	0.325960 	0.901734 	1.044330 	0.707990 	0.070711 	1.714825 	0.838525 	0.570088 	1.386542 	1.598828 	1.258968 	2.125000 	0.916856 	1.399330 	1.291559 	9.000000 	1.874166 	1.312441 	0.594243 	0.790569 	0.854400 	0.525595 	1.803469 	2.176149 	1.305038 	1.077033 	2.050610 	2.690376 	2.373025 	0.318198 	0.986154 	0.894427 	1.981161 	2.156965 	0.475000 	2.369071 	0.950329 	0.575543 	0.436606 	2.439775 	1.895059 	1.274755 	2.948093 	2.440543 	1.364047 	0.403113 	
0.750417 	0.750000 	1.556037 	0.973717 	2.794302 	1.168867 	1.874166 	0.160078 	2.270050 	1.879495 	0.707107 	0.579871 	2.818244 	0.604669 	1.041933 	0.493077 	3.050922 	1.874166 	9.000000 	0.583095 	2.429635 	1.110180 	2.670674 	2.373025 	0.100000 	0.305164 	0.626997 	2.890069 	0.180278 	0.850368 	0.506211 	2.192316 	0.961769 	2.733588 	0.150000 	0.291548 	1.582127 	0.500000 	2.813472 	1.510381 	2.288695 	0.570088 	0.318198 	0.813941 	1.089151 	0.575543 	0.753741 	2.210204 	
0.371652 	1.285496 	1.005609 	0.416083 	2.281036 	0.605186 	1.320038 	0.425000 	1.813319 	1.408013 	0.565685 	0.637377 	2.356374 	1.025000 	0.600521 	0.090139 	2.538331 	1.312441 	0.583095 	9.000000 	1.886299 	0.531507 	2.136001 	1.825171 	0.500000 	0.887764 	0.090139 	2.358495 	0.750000 	1.431127 	1.089151 	1.629801 	0.380789 	2.191461 	0.672681 	0.851469 	0.999062 	1.063015 	2.260669 	0.928036 	1.715554 	1.133578 	0.592663 	0.335410 	1.672199 	1.131923 	0.336341 	1.632483 	
1.697056 	2.971216 	0.880696 	1.470544 	0.475657 	1.282819 	0.570636 	2.272664 	0.632456 	0.704006 	1.870328 	2.085216 	0.794119 	2.610077 	1.415980 	1.970406 	0.707107 	0.594243 	2.429635 	1.886299 	9.000000 	1.376817 	0.261008 	0.075000 	2.366036 	2.726032 	1.886796 	0.482830 	2.608759 	3.219084 	2.918154 	0.325000 	1.576586 	0.305164 	2.545707 	2.717651 	1.049405 	2.928844 	0.395285 	1.152443 	0.413824 	2.999271 	2.475505 	1.868321 	3.482905 	3.002603 	1.957358 	0.529741 	
0.525000 	1.773415 	0.506211 	0.175000 	1.796698 	0.127475 	0.806226 	0.950329 	1.402007 	1.000000 	0.801561 	0.977880 	1.923538 	1.467353 	0.450694 	0.620987 	2.051981 	0.790569 	1.110180 	0.531507 	1.376817 	9.000000 	1.632483 	1.311964 	1.030776 	1.415318 	0.515388 	1.856071 	1.280625 	1.950801 	1.615936 	1.105102 	0.206155 	1.680773 	1.204159 	1.382932 	0.482830 	1.594522 	1.740869 	0.431567 	1.184536 	1.665083 	1.105102 	0.509902 	2.198010 	1.663205 	0.594243 	1.101136 	
1.930835 	3.189044 	1.131923 	1.719920 	0.246221 	1.535008 	0.827647 	2.515079 	0.676849 	0.874643 	2.088660 	2.302444 	0.636396 	2.823230 	1.644878 	2.218812 	0.450694 	0.854400 	2.670674 	2.136001 	0.261008 	1.632483 	9.000000 	0.333542 	2.610077 	2.964056 	2.139655 	0.223607 	2.850439 	3.447191 	3.153768 	0.579871 	1.833712 	0.100000 	2.790161 	2.960152 	1.309819 	3.170568 	0.251247 	1.412887 	0.632949 	3.240756 	2.726949 	2.127205 	3.712984 	3.245189 	2.215993 	0.756637 	
1.644878 	2.925107 	0.820061 	1.410009 	0.550568 	1.220656 	0.506211 	2.215429 	0.660019 	0.686477 	1.825171 	2.040221 	0.860959 	2.566247 	1.366794 	1.910007 	0.781425 	0.525595 	2.373025 	1.825171 	0.075000 	1.311964 	0.333542 	9.000000 	2.307867 	2.670791 	1.823630 	0.553399 	2.551715 	3.168300 	2.864001 	0.250000 	1.510381 	0.369121 	2.487217 	2.660122 	0.976281 	2.871628 	0.442295 	1.079352 	0.347311 	2.942151 	2.412986 	1.800347 	3.431108 	2.944911 	1.889610 	0.459619 	
0.705780 	0.850000 	1.488707 	0.901734 	2.740096 	1.096016 	1.806239 	0.103078 	2.228929 	1.833712 	0.700000 	0.601041 	2.777139 	0.693271 	0.995301 	0.410031 	2.997186 	1.803469 	0.100000 	0.500000 	2.366036 	1.030776 	2.610077 	2.307867 	9.000000 	0.391312 	0.536773 	2.830636 	0.250000 	0.942404 	0.592663 	2.121615 	0.874643 	2.670674 	0.180278 	0.353553 	1.497707 	0.565685 	2.746930 	1.423464 	2.213171 	0.636396 	0.257391 	0.715891 	1.175266 	0.637377 	0.654313 	2.131901 	
1.035012 	0.529741 	1.856240 	1.277204 	3.080584 	1.472455 	2.174425 	0.465027 	2.539931 	2.157110 	0.942404 	0.770146 	3.086766 	0.548862 	1.325236 	0.797653 	3.336353 	2.176149 	0.305164 	0.887764 	2.726032 	1.415318 	2.964056 	2.670791 	0.391312 	9.000000 	0.928036 	3.182079 	0.152069 	0.553399 	0.201556 	2.494118 	1.265158 	3.029130 	0.251247 	0.125000 	1.886796 	0.230489 	3.112073 	1.814008 	2.592778 	0.292617 	0.477624 	1.099147 	0.784618 	0.309233 	1.030776 	2.515079 	
0.447214 	1.348379 	1.007782 	0.427200 	2.292651 	0.604669 	1.317431 	0.474342 	1.843909 	1.437228 	0.654313 	0.726722 	2.383406 	1.101136 	0.651920 	0.150000 	2.549510 	1.305038 	0.626997 	0.090139 	1.886796 	0.515388 	2.139655 	1.823630 	0.536773 	0.928036 	9.000000 	2.362864 	0.784618 	1.477329 	1.129436 	1.620378 	0.340037 	2.191603 	0.700446 	0.880696 	0.965013 	1.090011 	2.255271 	0.887764 	1.697425 	1.160011 	0.590021 	0.246221 	1.711907 	1.155692 	0.247487 	1.609542 	
2.147819 	3.397058 	1.355083 	1.942453 	0.201556 	1.758195 	1.051190 	2.735073 	0.814325 	1.070047 	2.298369 	2.511225 	0.604152 	3.029130 	1.860276 	2.440927 	0.261008 	1.077033 	2.890069 	2.358495 	0.482830 	1.856071 	0.223607 	0.553399 	2.830636 	3.182079 	2.362864 	9.000000 	3.070016 	3.660345 	3.370646 	0.794512 	2.057304 	0.200000 	3.010814 	3.180016 	1.528275 	3.390059 	0.270416 	1.631334 	0.825000 	3.460130 	2.949788 	2.350532 	3.926990 	3.465003 	2.439390 	0.950000 	
0.930390 	0.667083 	1.733854 	1.149184 	2.974580 	1.343968 	2.051828 	0.336341 	2.448596 	2.059126 	0.873212 	0.725431 	2.996665 	0.618971 	1.221935 	0.660019 	3.231195 	2.050610 	0.180278 	0.750000 	2.608759 	1.280625 	2.850439 	2.551715 	0.250000 	0.152069 	0.784618 	3.070016 	9.000000 	0.704006 	0.348210 	2.368808 	1.123610 	2.912902 	0.100000 	0.111803 	1.747319 	0.320156 	2.991760 	1.672199 	2.462341 	0.390512 	0.333542 	0.948683 	0.928036 	0.395285 	0.879275 	2.381701 	
