UB = 924
M = 110

Distance:
999.000000 	10.000000 	39.962482 	94.762863 	82.200974 	39.812057 	53.665630 	64.474800 	105.361282 	87.658424 	39.012817 	77.820305 	59.665737 	29.274563 	34.928497 	30.000000 	52.000000 	83.258636 	89.442719 	43.965897 	100.239716 	40.360870 	64.031242 	63.000000 	43.011627 	100.647903 	67.119293 	41.773197 	43.931767 	66.030296 	48.877399 	65.276337 	70.007141 	72.062469 	68.731361 	72.339478 	52.009613 	56.320511 	68.154236 	65.000000 	58.668560 	85.146935 	79.624115 	85.492691 	84.528099 	85.866173 	83.862984 	80.056229 	86.833176 	87.321243 	83.868942 	94.540993 	105.990562 	92.200867 	105.948097 	106.282639 	114.061386 	
10.000000 	999.000000 	44.598206 	93.723000 	79.931221 	45.354160 	50.000000 	60.207973 	104.350372 	85.041168 	31.400637 	73.783470 	53.851646 	25.942244 	34.058773 	20.000000 	44.407207 	78.892334 	85.440041 	41.677334 	96.519424 	30.413813 	56.568542 	55.326305 	33.015148 	96.798759 	59.841457 	31.827662 	33.970577 	58.137768 	38.948685 	57.000000 	62.201286 	64.070274 	60.133186 	64.007812 	42.438190 	50.039986 	58.523499 	55.072678 	49.658836 	76.118332 	69.856995 	75.769386 	74.732857 	76.059189 	73.925636 	70.092796 	76.941536 	77.414467 	73.878281 	84.864601 	96.881371 	82.200974 	96.462425 	96.767761 	104.201729 	
39.962482 	44.598206 	999.000000 	134.063416 	122.065559 	4.472136 	93.536087 	104.201729 	144.589066 	127.581345 	75.690155 	117.647781 	98.432716 	31.048349 	22.825424 	58.077534 	88.526833 	122.983742 	129.294235 	29.698484 	140.160629 	64.280632 	100.662804 	99.247169 	69.115845 	140.545364 	104.048065 	65.375839 	67.475922 	101.788994 	76.105194 	100.129913 	105.905617 	107.517441 	102.591423 	106.920532 	68.963760 	53.150730 	97.128784 	90.796478 	69.778221 	117.017090 	106.794197 	112.871605 	111.157547 	112.294258 	108.258949 	99.297531 	111.986603 	112.178429 	104.043259 	122.053268 	137.058380 	113.225441 	134.729355 	134.836945 	138.740768 	
94.762863 	93.723000 	134.063416 	999.000000 	17.117243 	133.060135 	46.518814 	41.000000 	10.630146 	16.492422 	73.006851 	32.062439 	52.952808 	119.201508 	127.781059 	94.826157 	67.911705 	32.984844 	28.635643 	135.000000 	26.907248 	100.463921 	64.124878 	66.189125 	96.798759 	28.319605 	62.008064 	101.019798 	101.242287 	68.029404 	94.641426 	72.062469 	67.029846 	69.115845 	76.000000 	73.109505 	112.893753 	136.850281 	92.135773 	99.724625 	123.328827 	86.313385 	100.079971 	101.493843 	103.310211 	104.388695 	109.073372 	119.268608 	108.295891 	109.293182 	119.037811 	104.737770 	97.498718 	121.148666 	105.948097 	106.901825 	123.490891 	
82.200974 	79.931221 	122.065559 	17.117243 	999.000000 	121.490738 	30.805843 	24.041630 	26.570660 	6.082763 	56.824291 	15.524175 	35.902645 	104.804581 	113.846390 	79.075912 	50.960770 	18.027756 	16.643316 	120.507263 	22.022715 	84.095184 	47.042534 	49.091751 	80.230919 	23.086792 	45.011108 	84.581322 	84.693565 	51.000000 	77.794601 	55.009090 	50.159744 	52.345009 	59.033890 	56.320511 	96.208107 	120.933868 	75.059975 	82.607506 	106.625511 	70.092796 	83.216583 	84.852814 	86.579445 	87.692642 	92.195442 	102.176315 	91.547798 	92.541885 	102.004898 	88.526833 	82.734512 	104.307236 	90.620087 	91.547798 	107.837845 	
39.812057 	45.354160 	4.472136 	133.060135 	121.490738 	999.000000 	93.471924 	104.278473 	143.533966 	127.094452 	76.687675 	117.630775 	98.979797 	34.176014 	26.627054 	60.008331 	89.627007 	123.065025 	129.247818 	33.970577 	140.003571 	66.753281 	101.788994 	100.448990 	71.449280 	140.431473 	105.118980 	67.896980 	70.035706 	103.097038 	78.409180 	101.597244 	107.200745 	108.903625 	104.235313 	108.461975 	72.111023 	57.314919 	99.408249 	93.380943 	73.355301 	119.016808 	109.329773 	115.412308 	113.771698 	114.934761 	111.085556 	102.528046 	114.756264 	114.978256 	107.224068 	124.615410 	139.230026 	116.378693 	137.186005 	137.320786 	141.650986 	
53.665630 	50.000000 	93.536087 	46.518814 	30.805843 	93.471924 	999.000000 	11.180340 	56.824291 	35.383614 	26.570660 	24.166092 	14.142136 	74.249580 	83.546394 	48.373547 	24.331051 	29.732138 	35.777088 	89.872131 	46.647614 	54.083271 	27.202942 	28.301943 	50.695168 	47.010635 	27.586229 	54.708317 	55.081757 	31.622776 	49.365982 	34.481880 	33.301651 	36.124783 	39.446167 	39.204590 	66.940269 	90.354858 	52.201534 	57.558666 	77.369247 	55.443665 	62.769421 	66.189125 	67.119293 	68.447060 	71.168816 	77.929459 	71.693794 	72.615425 	78.854294 	72.401657 	73.661385 	83.168503 	78.644768 	79.397736 	93.477272 	
64.474800 	60.207973 	104.201729 	41.000000 	24.041630 	104.278473 	11.180340 	999.000000 	50.596443 	27.294687 	33.600594 	13.601471 	12.041595 	83.630135 	93.236259 	56.222771 	26.925823 	18.788294 	25.238859 	99.035347 	36.400551 	60.415230 	24.515301 	26.305893 	56.364883 	36.619667 	23.409399 	60.827625 	60.835846 	28.861740 	53.758720 	32.557640 	29.154760 	31.780497 	37.107952 	35.468296 	72.235725 	97.637085 	52.153618 	59.076221 	82.637764 	51.000000 	61.392181 	63.890530 	65.253349 	66.483078 	70.213959 	79.006332 	70.092796 	71.063354 	79.227524 	68.942001 	67.357254 	82.377182 	73.498299 	74.330345 	89.470665 	
105.361282 	104.350372 	144.589066 	10.630146 	26.570660 	143.533966 	56.824291 	50.596443 	999.000000 	24.186773 	83.192551 	40.311287 	62.361847 	129.807556 	138.408813 	105.190300 	77.491936 	40.012497 	34.365681 	145.602203 	29.068884 	110.571243 	72.835434 	74.966660 	106.775467 	30.413813 	70.455658 	111.085556 	111.233986 	76.531036 	104.355164 	80.622574 	75.166481 	77.058418 	84.291161 	81.055534 	122.776222 	147.176758 	100.717430 	108.673820 	133.195343 	93.343452 	108.041656 	109.041275 	111.004501 	112.017853 	117.038452 	127.882759 	116.004311 	117.004272 	127.393089 	111.646767 	102.883430 	129.003876 	111.830231 	112.805145 	129.634094 	
87.658424 	85.041168 	127.581345 	16.492422 	6.082763 	127.094452 	35.383614 	27.294687 	24.186773 	999.000000 	60.745369 	16.124516 	38.626415 	109.622078 	118.827606 	83.234612 	53.851646 	16.492422 	12.806249 	125.255737 	16.124516 	87.709747 	48.662102 	50.803543 	83.630135 	17.262676 	46.270943 	88.119240 	88.102211 	52.345009 	80.777473 	56.435802 	51.039200 	53.000000 	60.133186 	57.000000 	99.403221 	124.867928 	76.531036 	84.528099 	109.772491 	69.871307 	84.000000 	85.211502 	87.091904 	88.141930 	93.000000 	103.696671 	92.086914 	93.085983 	103.237587 	88.283630 	81.154175 	105.019043 	89.493019 	90.443352 	107.004669 	
39.012817 	31.400637 	75.690155 	73.006851 	56.824291 	76.687675 	26.570660 	33.600594 	83.192551 	60.745369 	999.000000 	46.754681 	24.207438 	51.312767 	61.400326 	22.671568 	13.038404 	50.931328 	57.982758 	66.219330 	69.296463 	27.513634 	25.179358 	24.020824 	24.331051 	69.310890 	28.442924 	28.160255 	28.635643 	27.018513 	24.186773 	26.476404 	31.000000 	33.060551 	30.364452 	33.541019 	40.607880 	64.140472 	34.655445 	36.235340 	50.990196 	47.539455 	46.669048 	51.739735 	51.623638 	53.037724 	53.413483 	56.080299 	55.226807 	55.973209 	58.137768 	60.000000 	68.352028 	64.350601 	69.835518 	70.327805 	80.919716 	
77.820305 	73.783470 	117.647781 	32.062439 	15.524175 	117.630775 	24.166092 	13.601471 	40.311287 	16.124516 	46.754681 	999.000000 	23.323807 	97.185387 	106.826965 	69.426216 	38.470768 	6.000000 	11.661903 	112.538879 	22.803509 	72.945183 	32.557640 	34.713108 	68.600288 	23.021729 	30.149628 	73.246162 	73.061615 	36.221542 	65.306969 	40.311287 	35.000000 	37.054016 	44.045429 	41.048752 	84.077347 	110.435501 	60.406952 	68.447060 	94.371605 	54.571056 	68.029404 	69.462219 	71.253067 	72.339478 	77.025970 	87.572830 	76.236473 	77.233414 	87.143562 	73.006851 	67.601776 	89.089844 	75.239616 	76.157730 	92.358002 	
59.665737 	53.851646 	98.432716 	52.952808 	35.902645 	98.979797 	14.142136 	12.041595 	62.361847 	38.626415 	24.207438 	23.323807 	999.000000 	75.451973 	85.440041 	46.690472 	15.231546 	26.907248 	34.058773 	90.426765 	45.343136 	49.648766 	13.416408 	14.866069 	45.276924 	45.276924 	13.453624 	49.929951 	49.739319 	17.888544 	42.154476 	21.189621 	19.209373 	22.022715 	26.000000 	25.238859 	60.835846 	87.200920 	40.311287 	47.042534 	71.175842 	41.400482 	50.000000 	52.924473 	54.083271 	55.362442 	58.694122 	67.029846 	58.821766 	59.774578 	67.364677 	58.668560 	59.548298 	70.830788 	64.536812 	65.299309 	79.611557 	
29.274563 	25.942244 	31.048349 	119.201508 	104.804581 	34.176014 	74.249580 	83.630135 	129.807556 	109.622078 	51.312767 	97.185387 	75.451973 	999.000000 	10.440307 	30.083218 	63.063461 	101.828285 	108.706024 	15.811388 	119.970833 	34.058773 	74.732857 	73.006851 	39.204590 	120.104118 	78.294319 	35.014282 	37.000000 	75.026665 	46.173584 	72.732384 	79.120163 	80.324341 	74.464760 	79.120163 	37.947330 	28.792360 	67.067131 	60.133186 	39.661064 	87.572830 	76.164299 	82.219215 	80.399002 	81.498466 	77.278717 	68.352028 	81.049370 	81.215759 	73.054771 	91.350975 	107.074738 	82.219215 	104.172935 	104.235313 	107.707939 	
34.928497 	34.058773 	22.825424 	127.781059 	113.846390 	26.627054 	83.546394 	93.236259 	138.408813 	118.827606 	61.400326 	106.826965 	85.440041 	10.440307 	999.000000 	40.496914 	73.348480 	111.606453 	118.406082 	10.049875 	129.630249 	44.283180 	85.088188 	83.384651 	49.497475 	129.807556 	88.639717 	45.177429 	47.095646 	85.440041 	56.435802 	83.168503 	89.537704 	90.757919 	84.899940 	89.560036 	46.872166 	31.240999 	77.233414 	70.007141 	47.010635 	97.867256 	86.023254 	92.048897 	90.138779 	91.197586 	86.700638 	76.922035 	90.553848 	90.669731 	81.743500 	101.123688 	117.209213 	90.956032 	114.039467 	114.070152 	116.901665 	
30.000000 	20.000000 	58.077534 	94.826157 	79.075912 	60.008331 	48.373547 	56.222771 	105.190300 	83.234612 	22.671568 	69.426216 	46.690472 	30.083218 	40.496914 	999.000000 	33.286633 	73.539108 	80.622574 	44.102154 	91.934761 	10.816654 	44.721359 	42.953465 	13.038404 	91.923882 	48.301140 	12.206555 	14.212670 	44.944408 	19.313208 	42.720020 	49.040798 	50.289165 	44.721359 	49.244289 	24.351591 	42.047592 	39.812057 	35.341194 	33.376640 	59.008472 	50.596443 	56.612720 	55.362442 	56.648037 	54.120235 	50.209560 	57.271286 	57.697487 	53.907330 	65.802734 	79.309517 	62.201286 	77.878113 	78.102493 	84.581322 	
52.000000 	44.407207 	88.526833 	67.911705 	50.960770 	89.627007 	24.331051 	26.925823 	77.491936 	53.851646 	13.038404 	38.470768 	15.231546 	63.063461 	73.348480 	33.286633 	999.000000 	41.617306 	48.826221 	77.388626 	60.000000 	34.828148 	12.165525 	11.000000 	30.232433 	59.816387 	15.524175 	35.000000 	34.669872 	14.142136 	26.925823 	14.317822 	18.027756 	20.223749 	18.867962 	21.189621 	45.617977 	72.470680 	28.231188 	33.241539 	55.946404 	36.359318 	39.446167 	43.600460 	44.102154 	45.486263 	47.423622 	53.600372 	48.373547 	49.244289 	54.571056 	50.931328 	56.797886 	59.236813 	59.405388 	60.000000 	72.180328 	
83.258636 	78.892334 	122.983742 	32.984844 	18.027756 	123.065025 	29.732138 	18.788294 	40.012497 	16.492422 	50.931328 	6.000000 	26.907248 	101.828285 	111.606453 	73.539108 	41.617306 	999.000000 	7.211102 	117.034180 	18.439089 	76.400261 	34.176014 	36.400551 	71.847061 	18.384777 	31.320919 	76.609398 	76.275818 	37.363083 	68.095520 	41.484936 	35.510563 	37.215588 	44.721359 	41.194660 	86.954010 	114.017540 	61.392181 	69.921387 	97.128784 	53.460266 	68.117546 	69.028976 	71.000000 	72.006943 	77.103828 	88.459030 	76.000000 	77.000000 	87.692642 	71.847061 	64.884514 	89.022469 	73.054771 	74.000000 	90.520714 	
89.442719 	85.440041 	129.294235 	28.635643 	16.643316 	129.247818 	35.777088 	25.238859 	34.365681 	12.806249 	57.982758 	11.661903 	34.058773 	108.706024 	118.406082 	80.622574 	48.826221 	7.211102 	999.000000 	123.987900 	11.313708 	83.600243 	41.231056 	43.462627 	79.056938 	11.401754 	38.275318 	83.815269 	83.486526 	44.271889 	75.292763 	48.383881 	42.201897 	43.737854 	51.419842 	47.675991 	94.154129 	121.210564 	68.154236 	76.843994 	104.316826 	59.076221 	74.431175 	75.026665 	77.103828 	78.057671 	83.384651 	95.126228 	82.097504 	83.096329 	94.201912 	77.317528 	68.949257 	95.189285 	77.620872 	78.587532 	95.341492 	
43.965897 	41.677334 	29.698484 	135.000000 	120.507263 	33.970577 	89.872131 	99.035347 	145.602203 	125.255737 	66.219330 	112.538879 	90.426765 	15.811388 	10.049875 	44.102154 	77.388626 	117.034180 	123.987900 	999.000000 	135.281189 	45.541191 	88.684837 	86.833176 	50.921509 	135.369858 	92.282173 	46.173584 	47.801674 	88.549423 	57.567352 	85.906929 	92.574295 	93.520050 	87.091904 	91.923882 	45.011108 	23.600847 	77.665955 	69.584480 	42.953465 	98.716766 	85.375641 	91.268837 	89.140335 	90.088844 	85.005882 	73.824112 	89.000000 	89.005615 	78.771820 	100.124924 	117.239075 	87.965904 	113.216606 	113.159180 	114.529472 	
100.239716 	96.519424 	140.160629 	26.907248 	22.022715 	140.003571 	46.647614 	36.400551 	29.068884 	16.124516 	69.296463 	22.803509 	45.343136 	119.970833 	129.630249 	91.934761 	60.000000 	18.439089 	11.313708 	135.281189 	999.000000 	94.810333 	51.884487 	54.120235 	90.210861 	1.414214 	48.754486 	95.000000 	94.625580 	54.625999 	86.284416 	58.694122 	52.201534 	53.450912 	61.351448 	57.280014 	105.152267 	132.438660 	78.108902 	87.091904 	115.247559 	67.186310 	83.546394 	83.600243 	85.842880 	86.700638 	92.395889 	104.809349 	90.796478 	91.787796 	103.585716 	85.005882 	74.525162 	103.947105 	83.862984 	84.852814 	101.833199 	
40.360870 	30.413813 	64.280632 	100.463921 	84.095184 	66.753281 	54.083271 	60.415230 	110.571243 	87.709747 	27.513634 	72.945183 	49.648766 	34.058773 	44.283180 	10.816654 	34.828148 	76.400261 	83.600243 	45.541191 	94.810333 	999.000000 	44.687805 	42.638012 	5.385165 	94.641426 	48.270073 	1.414214 	3.605551 	43.829212 	12.165525 	40.816662 	47.707443 	48.373547 	41.629318 	46.518814 	14.142136 	37.643059 	33.015148 	26.683329 	24.020824 	53.600372 	42.579338 	48.662102 	47.074409 	48.270073 	44.944408 	39.698868 	48.383881 	48.703182 	43.600460 	57.870544 	73.027390 	52.153618 	70.455658 	70.576202 	75.610847 	
64.031242 	56.568542 	100.662804 	64.124878 	47.042534 	101.788994 	27.202942 	24.515301 	72.835434 	48.662102 	25.179358 	32.557640 	13.416408 	74.732857 	85.088188 	44.721359 	12.165525 	34.176014 	41.231056 	88.684837 	51.884487 	44.687805 	999.000000 	2.236068 	39.623226 	51.478149 	3.605551 	44.598206 	43.840622 	4.472136 	34.828148 	8.062258 	6.708204 	9.433981 	12.649111 	12.041595 	53.600372 	82.024384 	28.017851 	35.902645 	63.513779 	28.319605 	36.878178 	39.560081 	40.804413 	42.059483 	45.705578 	55.145264 	45.607018 	46.572525 	55.009090 	45.276924 	47.434166 	57.870544 	51.623638 	52.345009 	66.287254 	
63.000000 	55.326305 	99.247169 	66.189125 	49.091751 	100.448990 	28.301943 	26.305893 	74.966660 	50.803543 	24.020824 	34.713108 	14.866069 	73.006851 	83.384651 	42.953465 	11.000000 	36.400551 	43.462627 	86.833176 	54.120235 	42.638012 	2.236068 	999.000000 	37.536648 	53.712196 	5.656854 	42.520584 	41.725292 	3.605551 	32.649654 	6.324555 	7.071068 	9.486833 	11.180340 	11.401754 	51.400391 	79.906197 	26.000000 	33.734257 	61.294373 	27.586229 	35.171009 	38.078865 	39.217342 	40.496914 	43.931767 	53.084839 	43.965897 	44.922153 	53.037724 	44.102154 	47.169907 	56.089214 	50.931328 	51.623638 	65.215027 	
43.011627 	33.015148 	69.115845 	96.798759 	80.230919 	71.449280 	50.695168 	56.364883 	106.775467 	83.630135 	24.331051 	68.600288 	45.276924 	39.204590 	49.497475 	13.038404 	30.232433 	71.847061 	79.056938 	50.921509 	90.210861 	5.385165 	39.623226 	37.536648 	999.000000 	90.000000 	43.185646 	5.000000 	4.472136 	38.600517 	7.000000 	35.510563 	42.438190 	43.046486 	36.249138 	41.146080 	16.278820 	42.449970 	28.017851 	22.472204 	26.683329 	48.373547 	38.078865 	44.147480 	42.720020 	43.965897 	41.146080 	37.536648 	44.384682 	44.777225 	41.036568 	53.366657 	68.000000 	49.203659 	65.764732 	65.924202 	71.693794 	
100.647903 	96.798759 	140.545364 	28.319605 	23.086792 	140.431473 	47.010635 	36.619667 	30.413813 	17.262676 	69.310890 	23.021729 	45.276924 	120.104118 	129.807556 	91.923882 	59.816387 	18.384777 	11.401754 	135.369858 	1.414214 	94.641426 	51.478149 	53.712196 	90.000000 	999.000000 	48.301140 	94.810333 	94.403389 	54.129475 	85.982559 	58.180752 	51.623638 	52.810986 	60.745369 	56.612720 	104.847511 	132.279999 	77.491936 	86.539009 	114.908661 	66.272163 	82.764725 	82.734512 	85.000000 	85.842880 	91.591484 	104.120125 	89.944427 	90.934044 	102.839684 	84.023804 	73.348480 	103.097038 	82.734512 	83.725746 	100.717430 	
67.119293 	59.841457 	104.048065 	62.008064 	45.011108 	105.118980 	27.586229 	23.409399 	70.455658 	46.270943 	28.442924 	30.149628 	13.453624 	78.294319 	88.639717 	48.301140 	15.524175 	31.320919 	38.275318 	92.282173 	48.754486 	48.270073 	3.605551 	5.656854 	43.185646 	48.301140 	999.000000 	48.166378 	47.381432 	6.082763 	38.288380 	10.198039 	5.830952 	8.602325 	14.035668 	12.083046 	57.008770 	85.562843 	30.265491 	38.600517 	66.850578 	28.017851 	38.327538 	40.521599 	41.976185 	43.174065 	47.265209 	57.428215 	46.872166 	47.853943 	57.035076 	45.617977 	46.227695 	59.413803 	51.088158 	51.855568 	66.370171 	
41.773197 	31.827662 	65.375839 	101.019798 	84.581322 	67.896980 	54.708317 	60.827625 	111.085556 	88.119240 	28.160255 	73.246162 	49.929951 	35.014282 	45.177429 	12.206555 	35.000000 	76.609398 	83.815269 	46.173584 	95.000000 	1.414214 	44.598206 	42.520584 	5.000000 	94.810333 	48.166378 	999.000000 	2.236068 	43.600460 	11.401754 	40.496914 	47.434166 	48.020828 	41.146080 	46.065170 	13.038404 	37.536648 	32.062439 	25.495098 	23.086792 	52.773098 	41.436699 	47.518417 	45.891174 	47.074409 	43.657761 	38.288380 	47.127487 	47.434166 	42.201897 	56.718605 	72.062469 	50.774010 	69.354164 	69.462219 	74.330345 	
43.931767 	33.970577 	67.475922 	101.242287 	84.693565 	70.035706 	55.081757 	60.835846 	111.233986 	88.102211 	28.635643 	73.061615 	49.739319 	37.000000 	47.095646 	14.212670 	34.669872 	76.275818 	83.486526 	47.801674 	94.625580 	3.605551 	43.840622 	41.725292 	4.472136 	94.403389 	47.381432 	2.236068 	999.000000 	42.638012 	9.848858 	39.408119 	46.400433 	46.872166 	39.824615 	44.777225 	12.041595 	38.183765 	30.149628 	23.345236 	22.360680 	50.990196 	39.319206 	45.398239 	43.737854 	44.911022 	41.436699 	36.124783 	44.922153 	45.221676 	40.000000 	54.589375 	70.114189 	48.548943 	67.268120 	67.364677 	72.111023 	
66.030296 	58.137768 	101.788994 	68.029404 	51.000000 	103.097038 	31.622776 	28.861740 	76.531036 	52.345009 	27.018513 	36.221542 	17.888544 	75.026665 	85.440041 	44.944408 	14.142136 	37.363083 	44.271889 	88.549423 	54.625999 	43.829212 	4.472136 	3.605551 	38.600517 	54.129475 	6.082763 	43.600460 	42.638012 	999.000000 	33.241539 	4.123106 	4.123106 	6.082763 	8.246211 	7.810250 	51.739735 	80.721741 	24.186773 	32.572994 	61.400326 	24.041630 	32.557640 	35.114101 	36.400551 	37.643059 	41.436699 	51.351727 	41.231056 	42.201897 	51.009804 	40.816662 	43.566040 	53.600372 	47.381432 	48.083260 	61.854668 	
48.877399 	38.948685 	76.105194 	94.641426 	77.794601 	78.409180 	49.365982 	53.758720 	104.355164 	80.777473 	24.186773 	65.306969 	42.154476 	46.173584 	56.435802 	19.313208 	26.925823 	68.095520 	75.292763 	57.567352 	86.284416 	12.165525 	34.828148 	32.649654 	7.000000 	85.982559 	38.288380 	11.401754 	9.848858 	33.241539 	999.000000 	29.832869 	36.878178 	37.202152 	30.016663 	34.985710 	18.867962 	47.507893 	21.023796 	16.124516 	29.068884 	41.436699 	31.320919 	37.363083 	36.055511 	37.336308 	34.985710 	33.286633 	38.013157 	38.470768 	36.235340 	46.572525 	61.000000 	43.863426 	58.855755 	59.033890 	65.306969 	
65.276337 	57.000000 	100.129913 	72.062469 	55.009090 	101.597244 	34.481880 	32.557640 	80.622574 	56.435802 	26.476404 	40.311287 	21.189621 	72.732384 	83.168503 	42.720020 	14.317822 	41.484936 	48.383881 	85.906929 	58.694122 	40.816662 	8.062258 	6.324555 	35.510563 	58.180752 	10.198039 	40.496914 	39.408119 	4.123106 	29.832869 	999.000000 	7.071068 	7.615773 	5.000000 	7.071068 	48.104053 	77.336922 	20.099751 	28.460499 	57.628117 	22.203604 	28.861740 	31.780497 	32.893768 	34.176014 	37.656342 	47.265209 	37.643059 	38.600517 	47.000000 	38.013157 	42.485291 	49.819675 	45.453274 	46.097721 	59.203041 	
70.007141 	62.201286 	105.905617 	67.029846 	50.159744 	107.200745 	33.301651 	29.154760 	75.166481 	51.039200 	31.000000 	35.000000 	19.209373 	79.120163 	89.537704 	49.040798 	18.027756 	35.510563 	42.201897 	92.574295 	52.201534 	47.707443 	6.708204 	7.071068 	42.438190 	51.623638 	5.830952 	47.434166 	46.400433 	4.123106 	36.878178 	7.071068 	999.000000 	2.828427 	9.219544 	6.324555 	55.172459 	84.386017 	25.961510 	34.928497 	64.660652 	22.203604 	33.060551 	34.928497 	36.496574 	37.656342 	42.047592 	52.952808 	41.436699 	42.426407 	52.239830 	39.812057 	40.804413 	54.147945 	45.343136 	46.097721 	60.539242 	
72.062469 	64.070274 	107.517441 	69.115845 	52.345009 	108.903625 	36.124783 	31.780497 	77.058418 	53.000000 	33.060551 	37.054016 	22.022715 	80.324341 	90.757919 	50.289165 	20.223749 	37.215588 	43.737854 	93.520050 	53.450912 	48.373547 	9.433981 	9.486833 	43.046486 	52.810986 	8.602325 	48.020828 	46.872166 	6.082763 	37.202152 	7.615773 	2.828427 	999.000000 	8.062258 	4.000000 	55.172459 	84.646324 	24.698177 	34.000000 	64.443771 	19.416489 	31.000000 	32.557640 	34.234486 	35.355339 	40.000000 	51.419842 	39.204590 	40.199501 	50.487621 	37.161808 	38.013157 	52.038448 	42.520584 	43.278172 	57.801384 	
68.731361 	60.133186 	102.591423 	76.000000 	59.033890 	104.235313 	39.446167 	37.107952 	84.291161 	60.133186 	30.364452 	44.045429 	26.000000 	74.464760 	84.899940 	44.721359 	18.867962 	44.721359 	51.419842 	87.091904 	61.351448 	41.629318 	12.649111 	11.180340 	36.249138 	60.745369 	14.035668 	41.146080 	39.824615 	8.246211 	30.016663 	5.000000 	9.219544 	8.062258 	999.000000 	5.000000 	47.507893 	77.201035 	16.763054 	25.942244 	56.586216 	17.492855 	24.331051 	26.925823 	28.160255 	29.410883 	33.241539 	43.737854 	32.984844 	33.955853 	43.104523 	33.015148 	38.078865 	45.398239 	40.607880 	41.231056 	54.203320 	
72.339478 	64.007812 	106.920532 	73.109505 	56.320511 	108.461975 	39.204590 	35.468296 	81.055534 	57.000000 	33.541019 	41.048752 	25.238859 	79.120163 	89.560036 	49.244289 	21.189621 	41.194660 	47.675991 	91.923882 	57.280014 	46.518814 	12.041595 	11.401754 	41.146080 	56.612720 	12.083046 	46.065170 	44.777225 	7.810250 	34.985710 	7.071068 	6.324555 	4.000000 	5.000000 	999.000000 	52.497620 	82.200974 	21.023796 	30.528675 	61.522354 	16.278820 	27.000000 	28.635643 	30.265491 	31.400637 	36.000000 	47.539455 	35.227829 	36.221542 	46.529560 	33.541019 	35.846897 	48.041649 	39.597980 	40.311287 	54.378304 	
52.009613 	42.438190 	68.963760 	112.893753 	96.208107 	72.111023 	66.940269 	72.235725 	122.776222 	99.403221 	40.607880 	84.077347 	60.835846 	37.947330 	46.872166 	24.351591 	45.617977 	86.954010 	94.154129 	45.011108 	105.152267 	14.142136 	53.600372 	51.400391 	16.278820 	104.847511 	57.008770 	13.038404 	12.041595 	51.739735 	18.867962 	48.104053 	55.172459 	55.172459 	47.507893 	52.497620 	999.000000 	30.016663 	34.438351 	25.298222 	10.440307 	55.542778 	40.607880 	46.389652 	44.181442 	45.099888 	40.049969 	30.463093 	44.011364 	44.045429 	35.114101 	55.145264 	72.780495 	44.271889 	68.264191 	68.183578 	70.035706 	
56.320511 	50.039986 	53.150730 	136.850281 	120.933868 	57.314919 	90.354858 	97.637085 	147.176758 	124.867928 	64.140472 	110.435501 	87.200920 	28.792360 	31.240999 	42.047592 	72.470680 	114.017540 	121.210564 	23.600847 	132.438660 	37.643059 	82.024384 	79.906197 	42.449970 	132.279999 	85.562843 	37.536648 	38.183765 	80.721741 	47.507893 	77.336922 	84.386017 	84.646324 	77.201035 	82.200974 	30.016663 	999.000000 	64.412735 	55.036350 	23.537205 	85.428329 	69.570107 	75.000000 	72.532753 	73.246162 	67.268120 	54.083271 	71.386276 	71.196907 	59.076221 	83.198555 	101.833199 	68.007355 	96.317184 	96.104111 	95.047356 	
68.154236 	58.523499 	97.128784 	92.135773 	75.059975 	99.408249 	52.201534 	52.153618 	100.717430 	76.531036 	34.655445 	60.406952 	40.311287 	67.067131 	77.233414 	39.812057 	28.231188 	61.392181 	68.154236 	77.665955 	78.108902 	33.015148 	28.017851 	26.000000 	28.017851 	77.491936 	30.265491 	32.062439 	30.149628 	24.186773 	21.023796 	20.099751 	25.961510 	24.698177 	16.763054 	21.023796 	34.438351 	64.412735 	999.000000 	9.899495 	42.201897 	21.189621 	12.041595 	17.492855 	17.029387 	18.439089 	19.235384 	27.166155 	20.615528 	21.400934 	27.073973 	26.400757 	40.012497 	31.016125 	38.078865 	38.327538 	46.615448 	
65.000000 	55.072678 	90.796478 	99.724625 	82.607506 	93.380943 	57.558666 	59.076221 	108.673820 	84.528099 	36.235340 	68.447060 	47.042534 	60.133186 	70.007141 	35.341194 	33.241539 	69.921387 	76.843994 	69.584480 	87.091904 	26.683329 	35.902645 	33.734257 	22.472204 	86.539009 	38.600517 	25.495098 	23.345236 	32.572994 	16.124516 	28.460499 	34.928497 	34.000000 	25.942244 	30.528675 	25.298222 	55.036350 	9.899495 	999.000000 	32.449963 	30.413813 	16.031219 	22.090721 	20.396078 	21.587032 	18.867962 	20.396078 	21.931713 	22.360680 	21.931713 	31.257000 	47.675991 	28.425341 	44.045429 	44.102154 	49.244289 	
58.668560 	49.658836 	69.778221 	123.328827 	106.625511 	73.355301 	77.369247 	82.637764 	133.195343 	109.772491 	50.990196 	94.371605 	71.175842 	39.661064 	47.010635 	33.376640 	55.946404 	97.128784 	104.316826 	42.953465 	115.247559 	24.020824 	63.513779 	61.294373 	26.683329 	114.908661 	66.850578 	23.086792 	22.360680 	61.400326 	29.068884 	57.628117 	64.660652 	64.443771 	56.586216 	61.522354 	10.440307 	23.537205 	42.201897 	32.449963 	999.000000 	62.769421 	46.238514 	51.546097 	49.040798 	49.729267 	43.737854 	31.064449 	47.853943 	47.675991 	36.055511 	59.665737 	78.434685 	45.177429 	72.780495 	72.567207 	72.027771 	
85.146935 	76.118332 	117.017090 	86.313385 	70.092796 	119.016808 	55.443665 	51.000000 	93.343452 	69.871307 	47.539455 	54.571056 	41.400482 	87.572830 	97.867256 	59.008472 	36.359318 	53.460266 	59.076221 	98.716766 	67.186310 	53.600372 	28.319605 	27.586229 	48.373547 	66.272163 	28.017851 	52.773098 	50.990196 	24.041630 	41.436699 	22.203604 	22.203604 	19.416489 	17.492855 	16.278820 	55.542778 	85.428329 	21.189621 	30.413813 	62.769421 	999.000000 	18.601076 	16.763054 	19.313208 	19.924858 	26.400757 	41.048752 	24.041630 	25.000000 	38.470768 	18.439089 	20.880613 	37.107952 	23.345236 	24.041630 	38.470768 	
79.624115 	69.856995 	106.794197 	100.079971 	83.216583 	109.329773 	62.769421 	61.392181 	108.041656 	84.000000 	46.669048 	68.029404 	50.000000 	76.164299 	86.023254 	50.596443 	39.446167 	68.117546 	74.431175 	85.375641 	83.546394 	42.579338 	36.878178 	35.171009 	38.078865 	82.764725 	38.327538 	41.436699 	39.319206 	32.557640 	31.320919 	28.861740 	33.060551 	31.000000 	24.331051 	27.000000 	40.607880 	69.570107 	12.041595 	16.031219 	46.238514 	18.601076 	999.000000 	6.082763 	5.000000 	6.403124 	9.000000 	22.472204 	8.944272 	9.848858 	20.248457 	15.297058 	32.280025 	21.095022 	28.017851 	28.071337 	34.669872 	
85.492691 	75.769386 	112.871605 	101.493843 	84.852814 	115.412308 	66.189125 	63.890530 	109.041275 	85.211502 	51.739735 	69.462219 	52.924473 	82.219215 	92.048897 	56.612720 	43.600460 	69.028976 	75.026665 	91.268837 	83.600243 	48.662102 	39.560081 	38.078865 	44.147480 	82.734512 	40.521599 	47.518417 	45.398239 	35.114101 	37.363083 	31.780497 	34.928497 	32.557640 	26.925823 	28.635643 	46.389652 	75.000000 	17.492855 	22.090721 	51.546097 	16.763054 	6.082763 	999.000000 	2.828427 	3.162278 	10.000000 	25.455845 	7.280110 	8.246211 	22.203604 	9.219544 	26.925823 	20.396078 	22.000000 	22.022715 	29.206163 	
84.528099 	74.732857 	111.157547 	103.310211 	86.579445 	113.771698 	67.119293 	65.253349 	111.004501 	87.091904 	51.623638 	71.253067 	54.083271 	80.399002 	90.138779 	55.362442 	44.102154 	71.000000 	77.103828 	89.140335 	85.842880 	47.074409 	40.804413 	39.217342 	42.720020 	85.000000 	41.976185 	45.891174 	43.737854 	36.400551 	36.055511 	32.893768 	36.496574 	34.234486 	28.160255 	30.265491 	44.181442 	72.532753 	17.029387 	20.396078 	49.040798 	19.313208 	5.000000 	2.828427 	999.000000 	1.414214 	7.211102 	22.627417 	5.000000 	6.000000 	19.416489 	11.000000 	29.546574 	18.110771 	24.083189 	24.020824 	29.681644 	
85.866173 	76.059189 	112.294258 	104.388695 	87.692642 	114.934761 	68.447060 	66.483078 	112.017853 	88.141930 	53.037724 	72.339478 	55.362442 	81.498466 	91.197586 	56.648037 	45.486263 	72.006943 	78.057671 	90.088844 	86.700638 	48.270073 	42.059483 	40.496914 	43.965897 	85.842880 	43.174065 	47.074409 	44.911022 	37.643059 	37.336308 	34.176014 	37.656342 	35.355339 	29.410883 	31.400637 	45.099888 	73.246162 	18.439089 	21.587032 	49.729267 	19.924858 	6.403124 	3.162278 	1.414214 	999.000000 	7.071068 	22.671568 	4.123106 	5.099020 	19.209373 	10.049875 	29.068884 	17.262676 	23.194826 	23.086792 	28.301943 	
83.862984 	73.925636 	108.258949 	109.073372 	92.195442 	111.085556 	71.168816 	70.213959 	117.038452 	93.000000 	53.413483 	77.025970 	58.694122 	77.278717 	86.700638 	54.120235 	47.423622 	77.103828 	83.384651 	85.005882 	92.395889 	44.944408 	45.705578 	43.931767 	41.146080 	91.591484 	47.265209 	43.657761 	41.436699 	41.436699 	34.985710 	37.656342 	42.047592 	40.000000 	33.241539 	36.000000 	40.049969 	67.268120 	19.235384 	18.867962 	43.737854 	26.400757 	9.000000 	10.000000 	7.211102 	7.071068 	999.000000 	15.620500 	4.123106 	4.000000 	12.206555 	16.155495 	35.846897 	12.165525 	29.120440 	28.861740 	30.675724 	
80.056229 	70.092796 	99.297531 	119.268608 	102.176315 	102.528046 	77.929459 	79.006332 	127.882759 	103.696671 	56.080299 	87.572830 	67.029846 	68.352028 	76.922035 	50.209560 	53.600372 	88.459030 	95.126228 	73.824112 	104.809349 	39.698868 	55.145264 	53.084839 	37.536648 	104.120125 	57.428215 	38.288380 	36.124783 	51.351727 	33.286633 	47.265209 	52.952808 	51.419842 	43.737854 	47.539455 	30.463093 	54.083271 	27.166155 	20.396078 	31.064449 	41.048752 	22.472204 	25.455845 	22.627417 	22.671568 	15.620500 	999.000000 	19.416489 	18.867962 	5.000000 	31.384710 	51.312767 	14.142136 	43.863426 	43.462627 	41.000000 	
86.833176 	76.941536 	111.986603 	108.295891 	91.547798 	114.756264 	71.693794 	70.092796 	116.004311 	92.086914 	55.226807 	76.236473 	58.821766 	81.049370 	90.553848 	57.271286 	48.373547 	76.000000 	82.097504 	89.000000 	90.796478 	48.383881 	45.607018 	43.965897 	44.384682 	89.944427 	46.872166 	47.127487 	44.922153 	41.231056 	38.013157 	37.643059 	41.436699 	39.204590 	32.984844 	35.227829 	44.011364 	71.386276 	20.615528 	21.931713 	47.853943 	24.041630 	8.944272 	7.280110 	5.000000 	4.123106 	4.123106 	19.416489 	999.000000 	1.000000 	15.556349 	12.083046 	31.906113 	13.152946 	25.000000 	24.738634 	27.313000 	
87.321243 	77.414467 	112.178429 	109.293182 	92.541885 	114.978256 	72.615425 	71.063354 	117.004272 	93.085983 	55.973209 	77.233414 	59.774578 	81.215759 	90.669731 	57.697487 	49.244289 	77.000000 	83.096329 	89.005615 	91.787796 	48.703182 	46.572525 	44.922153 	44.777225 	90.934044 	47.853943 	47.434166 	45.221676 	42.201897 	38.470768 	38.600517 	42.426407 	40.199501 	33.955853 	36.221542 	44.045429 	71.196907 	21.400934 	22.360680 	47.675991 	25.000000 	9.848858 	8.246211 	6.000000 	5.099020 	4.000000 	18.867962 	1.000000 	999.000000 	14.866069 	12.529964 	32.449963 	12.165525 	25.298222 	25.000000 	26.925823 	
83.868942 	73.878281 	104.043259 	119.037811 	102.004898 	107.224068 	78.854294 	79.227524 	127.393089 	103.237587 	58.137768 	87.143562 	67.364677 	73.054771 	81.743500 	53.907330 	54.571056 	87.692642 	94.201912 	78.771820 	103.585716 	43.600460 	55.009090 	53.037724 	41.036568 	102.839684 	57.035076 	42.201897 	40.000000 	51.009804 	36.235340 	47.000000 	52.239830 	50.487621 	43.104523 	46.529560 	35.114101 	59.076221 	27.073973 	21.931713 	36.055511 	38.470768 	20.248457 	22.203604 	19.416489 	19.209373 	12.206555 	5.000000 	15.556349 	14.866069 	999.000000 	27.202942 	47.201694 	9.219544 	39.357338 	38.910152 	36.000000 	
94.540993 	84.864601 	122.053268 	104.737770 	88.526833 	124.615410 	72.401657 	68.942001 	111.646767 	88.283630 	60.000000 	73.006851 	58.668560 	91.350975 	101.123688 	65.802734 	50.931328 	71.847061 	77.317528 	100.124924 	85.005882 	57.870544 	45.276924 	44.102154 	53.366657 	84.023804 	45.617977 	56.718605 	54.589375 	40.816662 	46.572525 	38.013157 	39.812057 	37.161808 	33.015148 	33.541019 	55.145264 	83.198555 	26.400757 	31.257000 	59.665737 	18.439089 	15.297058 	9.219544 	11.000000 	10.049875 	16.155495 	31.384710 	12.083046 	12.529964 	27.202942 	999.000000 	20.000000 	22.203604 	13.152946 	13.038404 	21.260292 	
105.990562 	96.881371 	137.058380 	97.498718 	82.734512 	139.230026 	73.661385 	67.357254 	102.883430 	81.154175 	68.352028 	67.601776 	59.548298 	107.074738 	117.209213 	79.309517 	56.797886 	64.884514 	68.949257 	117.239075 	74.525162 	73.027390 	47.434166 	47.169907 	68.000000 	73.348480 	46.227695 	72.062469 	70.114189 	43.566040 	61.000000 	42.485291 	40.804413 	38.013157 	38.078865 	35.846897 	72.780495 	101.833199 	40.012497 	47.675991 	78.434685 	20.880613 	32.280025 	26.925823 	29.546574 	29.068884 	35.846897 	51.312767 	31.906113 	32.449963 	47.201694 	20.000000 	999.000000 	41.725292 	10.440307 	11.401754 	28.071337 	
92.200867 	82.200974 	113.225441 	121.148666 	104.307236 	116.378693 	83.168503 	82.377182 	129.003876 	105.019043 	64.350601 	89.089844 	70.830788 	82.219215 	90.956032 	62.201286 	59.236813 	89.022469 	95.189285 	87.965904 	103.947105 	52.153618 	57.870544 	56.089214 	49.203659 	103.097038 	59.413803 	50.774010 	48.548943 	53.600372 	43.863426 	49.819675 	54.147945 	52.038448 	45.398239 	48.041649 	44.271889 	68.007355 	31.016125 	28.425341 	45.177429 	37.107952 	21.095022 	20.396078 	18.110771 	17.262676 	12.165525 	14.142136 	13.152946 	12.165525 	9.219544 	22.203604 	41.725292 	999.000000 	32.802441 	32.202484 	27.073973 	
105.948097 	96.462425 	134.729355 	105.948097 	90.620087 	137.186005 	78.644768 	73.498299 	111.830231 	89.493019 	69.835518 	75.239616 	64.536812 	104.172935 	114.039467 	77.878113 	59.405388 	73.054771 	77.620872 	113.216606 	83.862984 	70.455658 	51.623638 	50.931328 	65.764732 	82.734512 	51.088158 	69.354164 	67.268120 	47.381432 	58.855755 	45.453274 	45.343136 	42.520584 	40.607880 	39.597980 	68.264191 	96.317184 	38.078865 	44.045429 	72.780495 	23.345236 	28.017851 	22.000000 	24.083189 	23.194826 	29.120440 	43.863426 	25.000000 	25.298222 	39.357338 	13.152946 	10.440307 	32.802441 	999.000000 	1.000000 	18.027756 	
106.282639 	96.767761 	134.836945 	106.901825 	91.547798 	137.320786 	79.397736 	74.330345 	112.805145 	90.443352 	70.327805 	76.157730 	65.299309 	104.235313 	114.070152 	78.102493 	60.000000 	74.000000 	78.587532 	113.159180 	84.852814 	70.576202 	52.345009 	51.623638 	65.924202 	83.725746 	51.855568 	69.462219 	67.364677 	48.083260 	59.033890 	46.097721 	46.097721 	43.278172 	41.231056 	40.311287 	68.183578 	96.104111 	38.327538 	44.102154 	72.567207 	24.041630 	28.071337 	22.022715 	24.020824 	23.086792 	28.861740 	43.462627 	24.738634 	25.000000 	38.910152 	13.038404 	11.401754 	32.202484 	1.000000 	999.000000 	17.029387 	
114.061386 	104.201729 	138.740768 	123.490891 	107.837845 	141.650986 	93.477272 	89.470665 	129.634094 	107.004669 	80.919716 	92.358002 	79.611557 	107.707939 	116.901665 	84.581322 	72.180328 	90.520714 	95.341492 	114.529472 	101.833199 	75.610847 	66.287254 	65.215027 	71.693794 	100.717430 	66.370171 	74.330345 	72.111023 	61.854668 	65.306969 	59.203041 	60.539242 	57.801384 	54.203320 	54.378304 	70.035706 	95.047356 	46.615448 	49.244289 	72.027771 	38.470768 	34.669872 	29.206163 	29.681644 	28.301943 	30.675724 	41.000000 	27.313000 	26.925823 	36.000000 	21.260292 	28.071337 	27.073973 	18.027756 	17.029387 	999.000000 	

Travel time:
9.000000 	0.250000 	0.999062 	2.369071 	2.055024 	0.995301 	1.341641 	1.611870 	2.634032 	2.191461 	0.975320 	1.945508 	1.491643 	0.731864 	0.873212 	0.750000 	1.300000 	2.081466 	2.236068 	1.099147 	2.505993 	1.009022 	1.600781 	1.575000 	1.075291 	2.516198 	1.677982 	1.044330 	1.098294 	1.650757 	1.221935 	1.631908 	1.750179 	1.801562 	1.718284 	1.808487 	1.300240 	1.408013 	1.703856 	1.625000 	1.466714 	2.128673 	1.990603 	2.137317 	2.113203 	2.146654 	2.096575 	2.001406 	2.170829 	2.183031 	2.096724 	2.363525 	2.649764 	2.305022 	2.648702 	2.657066 	2.851535 	
0.250000 	9.000000 	1.114955 	2.343075 	1.998281 	1.133854 	1.250000 	1.505199 	2.608759 	2.126029 	0.785016 	1.844587 	1.346291 	0.648556 	0.851469 	0.500000 	1.110180 	1.972308 	2.136001 	1.041933 	2.412986 	0.760345 	1.414214 	1.383158 	0.825379 	2.419969 	1.496036 	0.795692 	0.849264 	1.453444 	0.973717 	1.425000 	1.555032 	1.601757 	1.503330 	1.600195 	1.060955 	1.251000 	1.463087 	1.376817 	1.241471 	1.902958 	1.746425 	1.894235 	1.868321 	1.901480 	1.848141 	1.752320 	1.923538 	1.935362 	1.846957 	2.121615 	2.422034 	2.055024 	2.411561 	2.419194 	2.605043 	
0.999062 	1.114955 	9.000000 	3.351585 	3.051639 	0.111803 	2.338402 	2.605043 	3.614727 	3.189534 	1.892254 	2.941195 	2.460818 	0.776209 	0.570636 	1.451938 	2.213171 	3.074594 	3.232356 	0.742462 	3.504016 	1.607016 	2.516570 	2.481179 	1.727896 	3.513634 	2.601202 	1.634396 	1.686898 	2.544725 	1.902630 	2.503248 	2.647640 	2.687936 	2.564785 	2.673013 	1.724094 	1.328768 	2.428220 	2.269912 	1.744456 	2.925427 	2.669855 	2.821790 	2.778939 	2.807356 	2.706474 	2.482438 	2.799665 	2.804461 	2.601081 	3.051332 	3.426460 	2.830636 	3.368234 	3.370924 	3.468519 	
2.369071 	2.343075 	3.351585 	9.000000 	0.427931 	3.326503 	1.162970 	1.025000 	0.265754 	0.412311 	1.825171 	0.801561 	1.323820 	2.980038 	3.194526 	2.370654 	1.697793 	0.824621 	0.715891 	3.375000 	0.672681 	2.511598 	1.603122 	1.654728 	2.419969 	0.707990 	1.550202 	2.525495 	2.531057 	1.700735 	2.366036 	1.801562 	1.675746 	1.727896 	1.900000 	1.827738 	2.822344 	3.421257 	2.303394 	2.493116 	3.083221 	2.157835 	2.501999 	2.537346 	2.582755 	2.609717 	2.726834 	2.981715 	2.707397 	2.732330 	2.975945 	2.618444 	2.437468 	3.028717 	2.648702 	2.672546 	3.087272 	
2.055024 	1.998281 	3.051639 	0.427931 	9.000000 	3.037268 	0.770146 	0.601041 	0.664266 	0.152069 	1.420607 	0.388104 	0.897566 	2.620115 	2.846160 	1.976898 	1.274019 	0.450694 	0.416083 	3.012681 	0.550568 	2.102380 	1.176063 	1.227294 	2.005773 	0.577170 	1.125278 	2.114533 	2.117339 	1.275000 	1.944865 	1.375227 	1.253994 	1.308625 	1.475847 	1.408013 	2.405203 	3.023347 	1.876499 	2.065188 	2.665638 	1.752320 	2.080415 	2.121320 	2.164486 	2.192316 	2.304886 	2.554408 	2.288695 	2.313547 	2.550122 	2.213171 	2.068363 	2.607681 	2.265502 	2.288695 	2.695946 	
0.995301 	1.133854 	0.111803 	3.326503 	3.037268 	9.000000 	2.336798 	2.606962 	3.588349 	3.177361 	1.917192 	2.940769 	2.474495 	0.854400 	0.665676 	1.500208 	2.240675 	3.076626 	3.231195 	0.849264 	3.500089 	1.668832 	2.544725 	2.511225 	1.786232 	3.510787 	2.627975 	1.697425 	1.750893 	2.577426 	1.960230 	2.539931 	2.680019 	2.722591 	2.605883 	2.711549 	1.802776 	1.432873 	2.485206 	2.334524 	1.833883 	2.975420 	2.733244 	2.885308 	2.844292 	2.873369 	2.777139 	2.563201 	2.868906 	2.874456 	2.680602 	3.115385 	3.480751 	2.909467 	3.429650 	3.433020 	3.541275 	
