UB = 950
M = 100

Distance:
999.000000 	130.176804 	81.394104 	28.071337 	93.037628 	113.454834 	7.615773 	85.615417 	64.621979 	41.048752 	130.418564 	100.179840 	50.159744 	54.332310 	56.435802 	117.660530 	12.369317 	12.165525 	48.010414 	142.523682 	57.140179 	107.354553 	44.283180 	16.763054 	137.411789 	24.083189 	131.468628 	144.461075 	104.752090 	126.763557 	149.305054 	21.377558 	63.007935 	39.000000 	22.803509 	70.028564 	26.925823 	120.420097 	113.296074 	86.579445 	86.469650 	52.810986 	84.214012 	31.016125 	65.924202 	77.103828 	112.089249 	101.434708 	117.046997 	73.824112 	163.217651 	122.527550 	114.337219 	128.736160 	130.506699 	119.820702 	111.018013 	131.381119 	133.060135 	
130.176804 	999.000000 	57.384666 	113.004425 	50.219517 	17.492855 	127.310646 	58.240879 	73.824112 	102.396286 	12.041595 	45.276924 	96.176918 	92.574295 	90.801979 	27.459061 	140.730240 	140.035706 	99.764725 	13.601471 	93.107468 	43.046486 	106.943909 	138.293167 	17.888544 	130.207520 	22.671568 	18.027756 	52.086468 	30.016663 	21.587032 	142.762039 	95.519630 	119.570061 	142.274384 	90.520714 	138.220840 	42.720020 	50.219517 	79.511009 	80.504662 	115.156418 	83.725746 	153.674988 	104.403069 	94.725922 	60.415230 	72.173401 	57.567352 	102.391403 	37.656342 	60.539242 	68.154236 	58.180752 	63.134777 	78.746429 	88.459030 	78.262383 	93.107468 	
81.394104 	57.384666 	999.000000 	58.898216 	11.704700 	40.162170 	76.661591 	6.708204 	17.691807 	46.690472 	53.254108 	18.788294 	39.408119 	35.510563 	33.615471 	37.483330 	89.888817 	89.044930 	43.011627 	66.887962 	35.777088 	26.000000 	50.219517 	85.603737 	58.898216 	75.690155 	51.623638 	67.201187 	25.019993 	45.803928 	72.201111 	89.498604 	38.327538 	63.007935 	88.617157 	34.132095 	83.438599 	39.217342 	33.241539 	29.068884 	29.966648 	57.775429 	31.953091 	99.824844 	47.675991 	40.199501 	35.510563 	33.015148 	39.051247 	47.000000 	84.148682 	45.099888 	41.109608 	50.039986 	53.037724 	50.990196 	50.990196 	59.481091 	68.000000 	
28.071337 	113.004425 	58.898216 	999.000000 	70.000000 	95.603348 	21.023796 	61.854668 	41.231056 	13.601471 	111.126053 	77.201035 	22.803509 	27.202942 	29.410883 	96.332756 	32.572994 	31.622776 	20.223749 	124.197426 	29.614185 	84.053551 	16.278820 	26.925823 	117.379723 	17.204651 	110.453613 	125.255737 	80.131142 	104.637466 	130.230560 	30.610456 	35.014282 	15.264338 	29.732138 	42.190044 	25.238859 	96.566040 	88.588936 	59.228371 	59.033890 	26.627054 	56.568542 	41.012192 	38.078865 	49.040798 	86.162636 	74.464760 	91.389275 	45.891174 	142.898560 	96.566040 	87.641312 	103.077644 	104.403069 	92.395889 	83.096329 	104.139328 	105.171288 	
93.037628 	50.219517 	11.704700 	70.000000 	999.000000 	34.058773 	88.192970 	8.602325 	28.844410 	57.384666 	44.283180 	7.211102 	49.517673 	45.343136 	43.278172 	27.202942 	101.355812 	100.498756 	53.075417 	58.180752 	45.000000 	14.317822 	60.207973 	96.834908 	49.091751 	86.556343 	41.231056 	57.801384 	14.317822 	34.713108 	62.769421 	100.603180 	46.065170 	73.000000 	99.639351 	40.496914 	94.175369 	27.513634 	22.000000 	30.066593 	31.064449 	66.370171 	34.000000 	110.751976 	54.424259 	44.553337 	26.000000 	28.017851 	28.635643 	52.172791 	73.756355 	34.713108 	32.756680 	39.051247 	42.426407 	43.600460 	46.615448 	50.566788 	60.802959 	
113.454834 	17.492855 	40.162170 	95.603348 	34.058773 	999.000000 	110.317726 	41.593269 	56.356010 	84.905830 	18.027756 	30.265491 	78.714676 	75.153175 	73.409805 	18.439089 	123.761871 	123.044708 	82.298241 	29.068884 	75.769386 	30.083218 	89.470665 	121.082619 	25.961510 	112.800713 	24.083189 	31.384710 	38.897301 	26.400757 	36.055511 	125.495018 	78.447433 	102.083298 	124.963997 	73.756355 	120.801491 	34.655445 	39.446167 	64.000000 	65.000000 	97.862144 	68.029404 	136.359818 	87.555695 	78.517517 	49.193497 	58.694122 	47.707443 	85.988373 	50.990196 	52.009613 	57.245087 	51.623638 	56.568542 	68.476273 	76.216797 	70.434364 	84.314888 	
7.615773 	127.310646 	76.661591 	21.023796 	88.192970 	110.317726 	999.000000 	80.498444 	59.481091 	34.365681 	126.905479 	95.383438 	43.566040 	47.853943 	50.009998 	113.463654 	13.453624 	12.727922 	41.194660 	139.344894 	50.487621 	102.474388 	37.054016 	13.152946 	133.686203 	17.029387 	127.412712 	141.014191 	99.403221 	122.331520 	145.910934 	18.248287 	56.035702 	31.384710 	19.026299 	63.198101 	21.189621 	115.381973 	107.935165 	80.062477 	79.906197 	45.221676 	77.524193 	29.120440 	58.549126 	70.007141 	106.254410 	95.126228 	111.328346 	66.483078 	159.455322 	116.691902 	108.171158 	123.032516 	124.619423 	113.282829 	104.120125 	124.951988 	126.194298 	
85.615417 	58.240879 	6.708204 	61.854668 	8.602325 	41.593269 	80.498444 	999.000000 	21.023796 	49.040798 	52.773098 	15.556349 	41.012192 	36.796738 	34.713108 	35.805027 	93.536087 	92.660675 	44.553337 	66.640831 	36.400551 	22.203604 	51.662365 	88.752464 	57.688820 	78.243210 	49.819675 	66.370171 	19.416489 	43.139309 	71.344238 	92.417534 	37.576588 	64.443771 	91.400215 	32.280025 	85.796272 	34.885529 	27.892651 	24.041630 	25.000000 	57.801384 	27.459061 	102.449989 	46.173584 	37.054016 	29.154760 	26.400757 	33.015148 	44.407207 	82.328613 	39.000000 	34.481880 	44.283180 	47.010635 	44.283180 	44.553337 	52.886673 	61.294373 	
64.621979 	73.824112 	17.691807 	41.231056 	28.844410 	56.356010 	59.481091 	21.023796 	999.000000 	29.068884 	70.604530 	36.055511 	22.360680 	18.973665 	17.464249 	55.172459 	72.560318 	71.693794 	25.942244 	84.053551 	20.223749 	43.046486 	33.120991 	68.007355 	76.485291 	58.000000 	69.310890 	84.646324 	40.162170 	63.411354 	89.643738 	71.840103 	25.179358 	45.793011 	70.936592 	24.166092 	65.764732 	55.901699 	48.703182 	29.529646 	30.016663 	42.201897 	30.000000 	82.134033 	35.355339 	32.756680 	48.373547 	40.607880 	52.952808 	37.336308 	101.823380 	58.694122 	52.009613 	64.536812 	66.753281 	59.841457 	55.542778 	70.178345 	75.690155 	
41.048752 	102.396286 	46.690472 	13.601471 	57.384666 	84.905830 	34.365681 	49.040798 	29.068884 	999.000000 	99.639351 	64.536812 	9.219544 	13.601471 	15.811388 	84.148682 	46.173584 	45.221676 	7.071068 	113.004425 	16.124516 	71.217972 	7.615773 	40.249222 	105.550934 	29.206163 	98.290382 	113.701363 	66.887962 	92.097771 	118.697090 	43.566040 	22.203604 	17.720045 	42.438190 	29.000000 	36.796738 	83.486526 	75.292763 	45.705578 	45.541191 	21.023796 	43.185646 	53.413483 	27.294687 	36.496574 	72.615425 	60.876926 	77.878113 	34.539833 	130.831955 	83.006027 	74.040527 	89.554451 	90.824005 	78.917679 	70.000000 	90.609047 	92.021736 	
130.418564 	12.041595 	53.254108 	111.126053 	44.283180 	18.027756 	126.905479 	52.773098 	70.604530 	99.639351 	999.000000 	38.275318 	92.655273 	88.752464 	86.821655 	18.248287 	140.356689 	139.603012 	96.260063 	13.928389 	88.836929 	34.525352 	103.469803 	137.186005 	8.062258 	128.222458 	10.630146 	14.142136 	43.289722 	18.384777 	19.104973 	141.428421 	90.338257 	116.249733 	140.758652 	84.693565 	136.124939 	31.780497 	40.112343 	72.034714 	73.006851 	110.535065 	76.400261 	152.108521 	98.615417 	87.931793 	50.249378 	63.071388 	46.872166 	95.817535 	33.120991 	49.335587 	57.706154 	46.518814 	51.429562 	67.911705 	78.409180 	66.708321 	81.706795 	
100.179840 	45.276924 	18.788294 	77.201035 	7.211102 	30.265491 	95.383438 	15.556349 	36.055511 	64.536812 	38.275318 	999.000000 	56.568542 	52.345009 	50.249378 	20.591261 	108.558739 	107.703293 	60.108234 	52.201534 	51.855568 	7.280110 	67.208633 	104.043259 	42.544094 	93.723000 	34.409302 	51.429562 	10.630146 	27.586229 	56.356010 	107.800743 	52.478565 	79.981247 	106.826965 	46.518814 	101.316338 	20.615528 	16.492422 	34.234486 	35.227829 	72.945183 	38.470768 	117.923706 	60.415230 	49.729267 	22.803509 	28.792360 	24.166092 	57.567352 	66.843102 	30.083218 	30.413813 	33.541019 	37.363083 	41.725292 	46.957428 	47.169907 	58.728188 	
50.159744 	96.176918 	39.408119 	22.803509 	49.517673 	78.714676 	43.566040 	41.012192 	22.360680 	9.219544 	92.655273 	56.568542 	999.000000 	4.472136 	6.708204 	76.576759 	55.362442 	54.405884 	3.605551 	106.230881 	7.000000 	63.031738 	10.816654 	49.244289 	98.234413 	37.735924 	90.686272 	106.606750 	58.249462 	84.148682 	111.606453 	52.354561 	13.928389 	23.600847 	51.107731 	20.099751 	45.000000 	75.000000 	66.573265 	36.496574 	36.345562 	21.000000 	34.058773 	61.854668 	21.213203 	28.160255 	63.560993 	51.662365 	68.876701 	27.459061 	123.239601 	73.925636 	64.845970 	80.529495 	81.706795 	69.720871 	61.032780 	81.394104 	83.000000 	
54.332310 	92.574295 	35.510563 	27.202942 	45.343136 	75.153175 	47.853943 	36.796738 	18.973665 	13.601471 	88.752464 	52.345009 	4.472136 	999.000000 	2.236068 	72.470680 	59.774578 	58.821766 	7.810250 	102.396286 	3.605551 	58.728188 	14.866069 	53.712196 	94.201912 	42.190044 	86.556343 	102.649887 	53.823788 	79.906197 	107.647575 	56.824291 	11.401754 	27.658634 	55.569775 	16.492422 	49.406479 	70.604530 	62.128899 	32.249031 	32.140316 	23.345236 	30.000000 	66.287254 	20.248457 	25.079872 	59.093147 	47.296936 	64.404968 	25.495098 	119.096596 	69.462219 	60.440052 	76.059189 	77.252831 	65.490456 	57.140179 	77.103828 	79.025314 	
56.435802 	90.801979 	33.615471 	29.410883 	43.278172 	73.409805 	50.009998 	34.713108 	17.464249 	15.811388 	86.821655 	50.249378 	6.708204 	2.236068 	999.000000 	70.434364 	61.983868 	61.032780 	10.000000 	100.498756 	3.162278 	56.586216 	16.970562 	55.946404 	92.200867 	44.418465 	84.504440 	100.687637 	51.613953 	77.794601 	105.683487 	59.059292 	10.630146 	29.732138 	57.801384 	14.866069 	51.613953 	68.410522 	59.908264 	30.149628 	30.066593 	24.738634 	28.017851 	68.505478 	20.124611 	23.706539 	56.859474 	45.122055 	62.169125 	24.758837 	117.034180 	67.230942 	58.240879 	73.824112 	75.026665 	63.387695 	55.226807 	74.966660 	77.058418 	
117.660530 	27.459061 	37.483330 	96.332756 	27.202942 	18.439089 	113.463654 	35.805027 	55.172459 	84.148682 	18.248287 	20.591261 	76.576759 	72.470680 	70.434364 	999.000000 	126.826653 	126.015869 	80.156097 	32.015621 	72.201111 	16.278820 	87.321243 	122.918671 	21.954498 	113.172432 	14.142136 	30.870699 	25.079872 	10.049875 	35.777088 	126.905479 	73.061615 	100.124924 	126.063477 	67.082039 	120.917328 	16.401220 	22.803509 	53.851646 	54.817879 	93.493317 	58.240879 	137.295303 	80.956779 	69.892776 	32.984844 	45.000000 	30.463093 	77.833153 	46.690472 	34.132095 	40.804413 	33.241539 	38.209946 	51.623638 	61.000000 	52.430908 	66.730804 	
12.369317 	140.730240 	89.888817 	32.572994 	101.355812 	123.761871 	13.453624 	93.536087 	72.560318 	46.173584 	140.356689 	108.558739 	55.362442 	59.774578 	61.983868 	126.826653 	999.000000 	1.000000 	52.630791 	152.793976 	62.096699 	115.602768 	47.518417 	8.944272 	147.122391 	21.377558 	140.801285 	154.466827 	112.258629 	135.624481 	159.364365 	11.401754 	66.910385 	39.115215 	13.453624 	74.330345 	20.248457 	128.413391 	120.768372 	91.678787 	91.443970 	53.235325 	88.842560 	19.104973 	68.007355 	80.399002 	118.680244 	107.004669 	123.858788 	76.006577 	172.884354 	129.096863 	120.208153 	135.558105 	136.956192 	124.739731 	114.856430 	136.565002 	136.937943 	
12.165525 	140.035706 	89.044930 	31.622776 	100.498756 	123.044708 	12.727922 	92.660675 	71.693794 	45.221676 	139.603012 	107.703293 	54.405884 	58.821766 	61.032780 	126.015869 	1.000000 	999.000000 	51.662365 	152.069061 	61.131008 	114.738831 	46.529560 	8.062258 	146.348892 	20.396078 	140.000000 	153.717270 	111.359779 	134.792435 	158.619034 	10.816654 	65.924202 	38.118237 	12.806249 	73.348480 	19.416489 	127.534309 	119.866592 	90.708321 	90.470993 	52.239830 	87.863533 	19.026299 	67.007462 	79.404030 	117.745491 	106.042442 	122.930878 	75.006668 	172.104614 	128.160049 	119.251831 	134.629120 	136.014709 	123.761871 	113.863953 	135.591293 	135.944839 	
48.010414 	99.764725 	43.011627 	20.223749 	53.075417 	82.298241 	41.194660 	44.553337 	25.942244 	7.071068 	96.260063 	60.108234 	3.605551 	7.810250 	10.000000 	80.156097 	52.630791 	51.662365 	999.000000 	109.836243 	9.486833 	66.528191 	7.211102 	46.238514 	101.828285 	34.481880 	94.260277 	110.208893 	61.611687 	87.681244 	115.208504 	49.193497 	15.132746 	20.000000 	47.885281 	22.022715 	41.617306 	78.409180 	69.892776 	39.051247 	38.832977 	18.110771 	36.345562 	58.523499 	20.808653 	29.427877 	66.640831 	54.405884 	72.006943 	27.730848 	126.810883 	76.967529 	67.675697 	83.630135 	84.693565 	72.180328 	63.007935 	83.952370 	85.052925 	
142.523682 	13.601471 	66.887962 	124.197426 	58.180752 	29.068884 	139.344894 	66.640831 	84.053551 	113.004425 	13.928389 	52.201534 	106.230881 	102.396286 	100.498756 	32.015621 	152.793976 	152.069061 	109.836243 	999.000000 	102.576797 	48.270073 	117.046997 	149.966660 	12.369317 	141.354172 	21.095022 	5.830952 	56.885849 	30.066593 	8.062258 	154.311371 	104.216118 	129.799850 	153.717270 	98.615417 	149.305054 	44.045429 	53.037724 	85.866173 	86.833176 	124.354332 	90.249657 	165.096939 	112.538879 	101.833199 	63.000000 	76.419891 	59.135437 	109.731491 	24.186773 	60.827625 	70.114189 	57.008770 	61.684681 	79.762146 	91.049438 	77.201035 	92.444580 	
57.140179 	93.107468 	35.777088 	29.614185 	45.000000 	75.769386 	50.487621 	36.400551 	20.223749 	16.124516 	88.836929 	51.855568 	7.000000 	3.605551 	3.162278 	72.201111 	62.096699 	61.131008 	9.486833 	102.576797 	999.000000 	58.000000 	15.811388 	55.713554 	94.047859 	43.829212 	86.214851 	102.625534 	52.630791 	79.309517 	107.615051 	58.600342 	7.810250 	28.319605 	57.245087 	13.152946 	50.774010 	69.526970 	60.802959 	29.614185 	29.427877 	22.135944 	27.073973 	67.742157 	17.000000 	21.540659 	57.245087 	44.922153 	62.649822 	21.931713 	118.697090 	67.542580 	58.189346 	74.242844 	75.239616 	62.801273 	54.037025 	74.525162 	76.000000 	
107.354553 	43.046486 	26.000000 	84.053551 	14.317822 	30.083218 	102.474388 	22.203604 	43.046486 	71.217972 	34.525352 	7.280110 	63.031738 	58.728188 	56.586216 	16.278820 	115.602768 	114.738831 	66.528191 	48.270073 	58.000000 	999.000000 	73.552704 	110.941429 	37.696156 	100.424103 	29.068884 	46.818798 	9.055386 	21.400934 	51.623638 	114.621117 	58.008621 	86.267029 	113.600174 	51.623638 	107.935165 	13.341664 	10.816654 	37.643059 	38.600517 	78.600258 	42.059483 	124.631454 	65.368187 	53.851646 	19.416489 	29.154760 	19.209373 	61.846584 	61.032780 	24.698177 	27.459061 	27.202942 	31.384710 	38.832977 	46.173584 	42.638012 	55.317268 	
44.283180 	106.943909 	50.219517 	16.278820 	60.207973 	89.470665 	37.054016 	51.662365 	33.120991 	7.615773 	103.469803 	67.208633 	10.816654 	14.866069 	16.970562 	87.321243 	47.518417 	46.529560 	7.211102 	117.046997 	15.811388 	73.552704 	999.000000 	40.521599 	109.018349 	28.231188 	101.414986 	117.413795 	68.410522 	94.762863 	122.413231 	43.081318 	19.416489 	12.806249 	41.629318 	26.925823 	34.985710 	85.276024 	76.609398 	44.598206 	44.271889 	13.416408 	41.484936 	51.971146 	21.840330 	33.015148 	72.945183 	60.166435 	78.390053 	29.614185 	133.958954 	83.186539 	73.539108 	89.944427 	90.801979 	77.369247 	67.364677 	89.286057 	89.453896 	
16.763054 	138.293167 	85.603737 	26.925823 	96.834908 	121.082619 	13.152946 	88.752464 	68.007355 	40.249222 	137.186005 	104.043259 	49.244289 	53.712196 	55.946404 	122.918671 	8.944272 	8.062258 	46.238514 	149.966660 	55.713554 	110.941429 	40.521599 	999.000000 	143.683685 	13.000000 	137.000000 	151.327454 	107.042046 	131.400146 	156.272202 	5.099020 	59.908264 	31.016125 	6.082763 	67.446274 	11.401754 	123.490891 	115.485931 	85.070557 	84.770279 	45.011108 	82.006096 	16.155495 	60.207973 	72.993149 	112.805145 	100.568382 	118.105888 	68.183578 	169.331039 	123.166557 	113.885910 	129.769028 	130.923645 	117.881294 	107.517441 	129.807556 	129.553085 	
137.411789 	17.888544 	58.898216 	117.379723 	49.091751 	25.961510 	133.686203 	57.688820 	76.485291 	105.550934 	8.062258 	42.544094 	98.234413 	94.201912 	92.200867 	21.954498 	147.122391 	146.348892 	101.828285 	12.369317 	94.047859 	37.696156 	109.018349 	143.683685 	999.000000 	134.380051 	9.055386 	9.219544 	45.880280 	18.027756 	13.928389 	147.827606 	95.015785 	121.823647 	147.085007 	89.005615 	142.214630 	32.015621 	41.303753 	75.272835 	76.216797 	115.433968 	79.711983 	158.391922 	102.859123 	91.547798 	51.088158 	64.938431 	47.010635 	99.538940 	25.806976 	48.507732 	58.008621 	44.643028 	49.335587 	67.475922 	79.000000 	64.845970 	80.081207 	
24.083189 	130.207520 	75.690155 	17.204651 	86.556343 	112.800713 	17.029387 	78.243210 	58.000000 	29.206163 	128.222458 	93.723000 	37.735924 	42.190044 	44.418465 	113.172432 	21.377558 	20.396078 	34.481880 	141.354172 	43.829212 	100.424103 	28.231188 	13.000000 	134.380051 	999.000000 	127.310646 	142.341141 	95.963531 	121.264175 	147.322769 	14.866069 	47.434166 	18.027756 	13.416408 	55.027267 	8.062258 	112.645462 	104.307236 	72.801102 	72.449982 	32.015621 	69.570107 	24.207438 	47.265209 	60.207973 	101.074226 	88.391174 	106.470650 	55.226807 	159.812393 	111.359779 	101.769348 	118.072014 	119.012604 	105.361282 	94.725922 	117.341385 	116.726173 	
131.468628 	22.671568 	51.623638 	110.453613 	41.231056 	24.083189 	127.412712 	49.819675 	69.310890 	98.290382 	10.630146 	34.409302 	90.686272 	86.556343 	84.504440 	14.142136 	140.801285 	140.000000 	94.260277 	21.095022 	86.214851 	29.068884 	101.414986 	137.000000 	9.055386 	127.310646 	999.000000 	18.248287 	37.000000 	9.000000 	22.803509 	141.014191 	86.821655 	114.214706 	140.185593 	80.622574 	135.059250 	23.000000 	32.249031 	66.483078 	67.416618 	107.335922 	70.936592 	151.426544 	94.413979 	82.855293 	42.047592 	55.901699 	38.052597 	90.873535 	32.557640 	39.812057 	49.040798 	36.400551 	41.231056 	58.694122 	70.007141 	56.648037 	71.784401 	
144.461075 	18.027756 	67.201187 	125.255737 	57.801384 	31.384710 	141.014191 	66.370171 	84.646324 	113.701363 	14.142136 	51.429562 	106.606750 	102.649887 	100.687637 	30.870699 	154.466827 	153.717270 	110.208893 	5.830952 	102.625534 	46.818798 	117.413795 	151.327454 	9.219544 	142.341141 	18.248287 	999.000000 	55.081757 	27.166155 	5.000000 	155.569916 	103.831596 	130.207520 	154.896744 	97.943863 	150.233154 	41.109608 	50.487621 	84.433403 	85.381500 	124.169243 	88.865067 	166.243790 	111.825760 	100.657837 	60.207973 	74.148499 	56.008926 	108.632408 	19.924858 	57.218880 	67.007462 	52.952808 	57.489128 	76.236473 	88.022728 	73.006851 	88.294960 	
104.752090 	52.086468 	25.019993 	80.131142 	14.317822 	38.897301 	99.403221 	19.416489 	40.162170 	66.887962 	43.289722 	10.630146 	58.249462 	53.823788 	51.613953 	25.079872 	112.258629 	111.359779 	61.611687 	56.885849 	52.630791 	9.055386 	68.410522 	107.042046 	45.880280 	95.963531 	37.000000 	55.081757 	999.000000 	28.635643 	59.774578 	110.453613 	51.662365 	80.919716 	109.293182 	44.821869 	103.227905 	16.970562 	8.544003 	29.546574 	30.463093 	72.249565 	34.014702 	120.104118 	58.249462 	46.065170 	12.206555 	20.099751 	14.317822 	54.120235 	68.095520 	20.396078 	19.798990 	25.019993 	28.160255 	31.144823 	37.336308 	36.715118 	48.104053 	
126.763557 	30.016663 	45.803928 	104.637466 	34.713108 	26.400757 	122.331520 	43.139309 	63.411354 	92.097771 	18.384777 	27.586229 	84.148682 	79.906197 	77.794601 	10.049875 	135.624481 	134.792435 	87.681244 	30.066593 	79.309517 	21.400934 	94.762863 	131.400146 	18.027756 	121.264175 	9.000000 	27.166155 	28.635643 	999.000000 	31.575306 	135.247925 	79.404030 	107.517441 	134.316788 	72.945183 	128.887543 	14.000000 	23.345236 	58.180752 	59.093147 	100.000000 	62.649822 	145.454468 	86.608315 	74.686012 	33.060551 	47.074409 	29.068884 	82.734512 	39.661064 	31.048349 	40.049969 	28.178005 	33.120991 	49.819675 	61.008198 	48.332184 	63.324562 	
149.305054 	21.587032 	72.201111 	130.230560 	62.769421 	36.055511 	145.910934 	71.344238 	89.643738 	118.697090 	19.104973 	56.356010 	111.606453 	107.647575 	105.683487 	35.777088 	159.364365 	158.619034 	115.208504 	8.062258 	107.615051 	51.623638 	122.413231 	156.272202 	13.928389 	147.322769 	22.803509 	5.000000 	59.774578 	31.575306 	999.000000 	160.527252 	108.784187 	135.207245 	159.862442 	102.859123 	155.219193 	45.398239 	54.918121 	89.196411 	90.138779 	129.139465 	93.637596 	171.213318 	116.730461 	105.475113 	64.498062 	78.644768 	60.133186 	113.463654 	16.124516 	61.032780 	71.112587 	56.435802 	60.827625 	80.056229 	92.135773 	76.295479 	91.591484 	
21.377558 	142.762039 	89.498604 	30.610456 	100.603180 	125.495018 	18.248287 	92.417534 	71.840103 	43.566040 	141.428421 	107.800743 	52.354561 	56.824291 	59.059292 	126.905479 	11.401754 	10.816654 	49.193497 	154.311371 	58.600342 	114.621117 	43.081318 	5.099020 	147.827606 	14.866069 	141.014191 	155.569916 	110.453613 	135.247925 	160.527252 	999.000000 	62.297672 	32.557640 	2.236068 	69.892776 	10.198039 	127.027557 	118.848640 	87.664131 	87.315521 	46.173584 	84.433403 	11.180340 	61.814240 	74.953316 	115.831772 	103.247276 	121.198181 	69.720871 	173.415680 	126.142776 	116.619041 	132.823196 	133.824509 	120.208153 	109.444046 	132.196823 	131.400146 	
63.007935 	95.519630 	38.327538 	35.014282 	46.065170 	78.447433 	56.035702 	37.576588 	25.179358 	22.203604 	90.338257 	52.478565 	13.928389 	11.401754 	10.630146 	73.061615 	66.910385 	65.924202 	15.132746 	104.216118 	7.810250 	58.008621 	19.416489 	59.908264 	95.015785 	47.434166 	86.821655 	103.831596 	51.662365 	79.404030 	108.784187 	62.297672 	999.000000 	30.413813 	60.745369 	7.615773 	53.712196 	68.622154 	59.413803 	25.495098 	25.079872 	20.615528 	22.135944 	70.682388 	10.198039 	14.317822 	54.644306 	41.146080 	60.216278 	14.142136 	119.037811 	64.660652 	54.561890 	71.561165 	72.069412 	57.974133 	48.093658 	69.921387 	70.178345 	
39.000000 	119.570061 	63.007935 	15.264338 	73.000000 	102.083298 	31.384710 	64.443771 	45.793011 	17.720045 	116.249733 	79.981247 	23.600847 	27.658634 	29.732138 	100.124924 	39.115215 	38.118237 	20.000000 	129.799850 	28.319605 	86.267029 	12.806249 	31.016125 	121.823647 	18.027756 	114.214706 	130.207520 	80.919716 	107.517441 	135.207245 	32.557640 	30.413813 	999.000000 	30.805843 	38.013157 	23.409399 	97.836601 	89.022469 	55.901699 	55.461697 	14.142136 	52.392746 	40.311287 	29.274563 	42.449970 	84.905830 	71.554176 	90.426765 	37.215588 	146.754898 	95.015785 	84.970581 	101.872467 	102.474388 	87.920418 	76.902534 	99.959991 	98.843307 	
22.803509 	142.274384 	88.617157 	29.732138 	99.639351 	124.963997 	19.026299 	91.400215 	70.936592 	42.438190 	140.758652 	106.826965 	51.107731 	55.569775 	57.801384 	126.063477 	13.453624 	12.806249 	47.885281 	153.717270 	57.245087 	113.600174 	41.629318 	6.082763 	147.085007 	13.416408 	140.185593 	154.896744 	109.293182 	134.316788 	159.862442 	2.236068 	60.745369 	30.805843 	999.000000 	68.352028 	8.062258 	125.924583 	117.660530 	86.162636 	85.796272 	44.283180 	82.873398 	11.401754 	60.016663 	73.246162 	114.490173 	101.769348 	119.883278 	67.896980 	172.626770 	124.775803 	115.156418 	131.487640 	132.423569 	118.595955 	107.707939 	130.602448 	129.634094 	
70.028564 	90.520714 	34.132095 	42.190044 	40.496914 	73.756355 	63.198101 	32.280025 	24.166092 	29.000000 	84.693565 	46.518814 	20.099751 	16.492422 	14.866069 	67.082039 	74.330345 	73.348480 	22.022715 	98.615417 	13.152946 	51.623638 	26.925823 	67.446274 	89.005615 	55.027267 	80.622574 	97.943863 	44.821869 	72.945183 	102.859123 	69.892776 	7.615773 	38.013157 	68.352028 	999.000000 	61.326992 	61.717098 	52.345009 	17.888544 	17.464249 	27.586229 	14.560220 	78.294319 	13.928389 	9.219544 	47.201694 	33.541019 	52.801514 	13.341664 	112.605507 	57.140179 	46.957428 	64.070274 	64.498062 	50.447994 	41.000000 	62.361847 	63.031738 	
26.925823 	138.220840 	83.438599 	25.238859 	94.175369 	120.801491 	21.189621 	85.796272 	65.764732 	36.796738 	136.124939 	101.316338 	45.000000 	49.406479 	51.613953 	120.917328 	20.248457 	19.416489 	41.617306 	149.305054 	50.774010 	107.935165 	34.985710 	11.401754 	142.214630 	8.062258 	135.059250 	150.233154 	103.227905 	128.887543 	155.219193 	10.198039 	53.712196 	23.409399 	8.062258 	61.326992 	999.000000 	120.000000 	111.503365 	79.202271 	78.790863 	36.496574 	75.769386 	17.000000 	52.392746 	65.802734 	107.912003 	94.847244 	113.371071 	60.207973 	167.585800 	118.118584 	108.258949 	124.907967 	125.670204 	111.328346 	100.169853 	123.369362 	122.024590 	
120.420097 	42.720020 	39.217342 	96.566040 	27.513634 	34.655445 	115.381973 	34.885529 	55.901699 	83.486526 	31.780497 	20.615528 	75.000000 	70.604530 	68.410522 	16.401220 	128.413391 	127.534309 	78.409180 	44.045429 	69.526970 	13.341664 	85.276024 	123.490891 	32.015621 	112.645462 	23.000000 	41.109608 	16.970562 	14.000000 	45.398239 	127.027557 	68.622154 	97.836601 	125.924583 	61.717098 	120.000000 	999.000000 	9.848858 	45.793011 	46.647614 	89.196411 	50.249378 	136.824707 	75.000000 	62.433964 	19.104973 	33.526108 	15.132746 	70.491135 	51.894123 	17.888544 	26.076809 	17.029387 	21.931713 	36.138622 	47.010635 	36.055511 	50.537113 	
113.296074 	50.219517 	33.241539 	88.588936 	22.000000 	39.446167 	107.935165 	27.892651 	48.703182 	75.292763 	40.112343 	16.492422 	66.573265 	62.128899 	59.908264 	22.803509 	120.768372 	119.866592 	69.892776 	53.037724 	60.802959 	10.816654 	76.609398 	115.485931 	41.303753 	104.307236 	32.249031 	50.487621 	8.544003 	23.345236 	54.918121 	118.848640 	59.413803 	89.022469 	117.660530 	52.345009 	111.503365 	9.848858 	999.000000 	36.055511 	36.891735 	79.906197 	40.496914 	128.413391 	65.436989 	52.697250 	10.198039 	23.769728 	8.485281 	60.745369 	61.741398 	13.892444 	18.027756 	17.117243 	20.880613 	29.068884 	38.327538 	31.890438 	45.000000 	
86.579445 	79.511009 	29.068884 	59.228371 	30.066593 	64.000000 	80.062477 	24.041630 	29.529646 	45.705578 	72.034714 	34.234486 	36.496574 	32.249031 	30.149628 	53.851646 	91.678787 	90.708321 	39.051247 	85.866173 	29.614185 	37.643059 	44.598206 	85.070557 	75.272835 	72.801102 	66.483078 	84.433403 	29.546574 	58.180752 	89.196411 	87.664131 	25.495098 	55.901699 	86.162636 	17.888544 	79.202271 	45.793011 	36.055511 	999.000000 	1.000000 	45.000000 	4.472136 	96.176918 	29.698484 	16.643316 	29.732138 	15.652476 	35.383614 	24.698177 	97.529480 	39.408119 	29.068884 	46.400433 	46.647614 	33.241539 	26.248810 	44.911022 	47.381432 	
86.469650 	80.504662 	29.966648 	59.033890 	31.064449 	65.000000 	79.906197 	25.000000 	30.016663 	45.541191 	73.006851 	35.227829 	36.345562 	32.140316 	30.066593 	54.817879 	91.443970 	90.470993 	38.832977 	86.833176 	29.427877 	38.600517 	44.271889 	84.770279 	76.216797 	72.449982 	67.416618 	85.381500 	30.463093 	59.093147 	90.138779 	87.315521 	25.079872 	55.461697 	85.796272 	17.464249 	78.790863 	46.647614 	36.891735 	1.000000 	999.000000 	44.407207 	3.605551 	95.754898 	29.000000 	15.811388 	30.413813 	16.124516 	36.069378 	23.853722 	98.412399 	40.000000 	29.529646 	47.010635 	47.169907 	33.376640 	25.961510 	45.122055 	47.265209 	
52.810986 	115.156418 	57.775429 	26.627054 	66.370171 	97.862144 	45.221676 	57.801384 	42.201897 	21.023796 	110.535065 	72.945183 	21.000000 	23.345236 	24.738634 	93.493317 	53.235325 	52.239830 	18.110771 	124.354332 	22.135944 	78.600258 	13.416408 	45.011108 	115.433968 	32.015621 	107.335922 	124.169243 	72.249565 	100.000000 	129.139465 	46.173584 	20.615528 	14.142136 	44.283180 	27.586229 	36.496574 	89.196411 	79.906197 	45.000000 	44.407207 	999.000000 	41.048752 	52.886673 	16.155495 	29.966648 	74.652527 	60.464867 	80.280754 	23.769728 	139.617340 	84.403793 	73.783470 	91.400215 	91.525955 	75.643906 	63.890530 	87.726852 	85.615417 	
84.214012 	83.725746 	31.953091 	56.568542 	34.000000 	68.029404 	77.524193 	27.459061 	30.000000 	43.185646 	76.400261 	38.470768 	34.058773 	30.000000 	28.017851 	58.240879 	88.842560 	87.863533 	36.345562 	90.249657 	27.073973 	42.059483 	41.484936 	82.006096 	79.711983 	69.570107 	70.936592 	88.865067 	34.014702 	62.649822 	93.637596 	84.433403 	22.135944 	52.392746 	82.873398 	14.560220 	75.769386 	50.249378 	40.496914 	4.472136 	3.605551 	41.048752 	999.000000 	92.703827 	25.495098 	12.206555 	33.941124 	19.416489 	39.597980 	20.248457 	102.000000 	43.416588 	32.756680 	50.447994 	50.477718 	35.902645 	27.294687 	47.801674 	49.040798 	
31.016125 	153.674988 	99.824844 	41.012192 	110.751976 	136.359818 	29.120440 	102.449989 	82.134033 	53.413483 	152.108521 	117.923706 	61.854668 	66.287254 	68.505478 	137.295303 	19.104973 	19.026299 	58.523499 	165.096939 	67.742157 	124.631454 	51.971146 	16.155495 	158.391922 	24.207438 	151.426544 	166.243790 	120.104118 	145.454468 	171.213318 	11.180340 	70.682388 	40.311287 	11.401754 	78.294319 	17.000000 	136.824707 	128.413391 	96.176918 	95.754898 	52.886673 	92.703827 	999.000000 	68.963760 	82.540901 	124.907967 	111.825760 	130.361038 	76.655075 	183.896713 	135.118469 	125.239769 	141.904892 	142.667450 	128.160049 	116.760437 	140.217682 	138.495483 	
65.924202 	104.403069 	47.675991 	38.078865 	54.424259 	87.555695 	58.549126 	46.173584 	35.355339 	27.294687 	98.615417 	60.415230 	21.213203 	20.248457 	20.124611 	80.956779 	68.007355 	67.007462 	20.808653 	112.538879 	17.000000 	65.368187 	21.840330 	60.207973 	102.859123 	47.265209 	94.413979 	111.825760 	58.249462 	86.608315 	116.730461 	61.814240 	10.198039 	29.274563 	60.016663 	13.928389 	52.392746 	75.000000 	65.436989 	29.698484 	29.000000 	16.155495 	25.495098 	68.963760 	999.000000 	13.892444 	59.413803 	44.821869 	65.069191 	8.000000 	126.245789 	68.883957 	58.008621 	75.927597 	75.802376 	59.506302 	47.801674 	71.589104 	69.634758 	
77.103828 	94.725922 	40.199501 	49.040798 	44.553337 	78.517517 	70.007141 	37.054016 	32.756680 	36.496574 	87.931793 	49.729267 	28.160255 	25.079872 	23.706539 	69.892776 	80.399002 	79.404030 	29.427877 	101.833199 	21.540659 	53.851646 	33.015148 	72.993149 	91.547798 	60.207973 	82.855293 	100.657837 	46.065170 	74.686012 	105.475113 	74.953316 	14.317822 	42.449970 	73.246162 	9.219544 	65.802734 	62.433964 	52.697250 	16.643316 	15.811388 	29.966648 	12.206555 	82.540901 	13.892444 	999.000000 	46.010868 	31.144823 	51.662365 	8.062258 	114.127121 	55.226807 	44.204071 	62.289646 	62.008064 	45.694637 	34.525352 	57.775429 	56.568542 	
112.089249 	60.415230 	35.510563 	86.162636 	26.000000 	49.193497 	106.254410 	29.154760 	48.373547 	72.615425 	50.249378 	22.803509 	63.560993 	59.093147 	56.859474 	32.984844 	118.680244 	117.745491 	66.640831 	63.000000 	57.245087 	19.416489 	72.945183 	112.805145 	51.088158 	101.074226 	42.047592 	60.207973 	12.206555 	33.060551 	64.498062 	115.831772 	54.644306 	84.905830 	114.490173 	47.201694 	107.912003 	19.104973 	10.198039 	29.732138 	30.413813 	74.652527 	33.941124 	124.907967 	59.413803 	46.010868 	999.000000 	15.264338 	5.656854 	53.907330 	70.228203 	10.440307 	8.062258 	17.000000 	18.439089 	19.416489 	28.160255 	24.596748 	36.069378 	
101.434708 	72.173401 	33.015148 	74.464760 	28.017851 	58.694122 	95.126228 	26.400757 	40.607880 	60.876926 	63.071388 	28.792360 	51.662365 	47.296936 	45.122055 	45.000000 	107.004669 	106.042442 	54.405884 	76.419891 	44.922153 	29.154760 	60.166435 	100.568382 	64.938431 	88.391174 	55.901699 	74.148499 	20.099751 	47.074409 	78.644768 	103.247276 	41.146080 	71.554176 	101.769348 	33.541019 	94.847244 	33.526108 	23.769728 	15.652476 	16.124516 	60.464867 	19.416489 	111.825760 	44.821869 	31.144823 	15.264338 	999.000000 	20.808653 	38.897301 	85.234970 	24.083189 	13.416408 	31.144823 	31.064449 	19.235384 	18.601076 	30.066593 	35.468296 	
117.046997 	57.567352 	39.051247 	91.389275 	28.635643 	47.707443 	111.328346 	33.015148 	52.952808 	77.878113 	46.872166 	24.166092 	68.876701 	64.404968 	62.169125 	30.463093 	123.858788 	122.930878 	72.006943 	59.135437 	62.649822 	19.209373 	78.390053 	118.105888 	47.010635 	106.470650 	38.052597 	56.008926 	14.317822 	29.068884 	60.133186 	121.198181 	60.216278 	90.426765 	119.883278 	52.801514 	113.371071 	15.132746 	8.485281 	35.383614 	36.069378 	80.280754 	39.597980 	130.361038 	65.069191 	51.662365 	5.656854 	20.808653 	999.000000 	59.548298 	65.145988 	6.082763 	11.000000 	11.704700 	14.000000 	21.189621 	32.015621 	23.430750 	36.619667 	
73.824112 	102.391403 	47.000000 	45.891174 	52.172791 	85.988373 	66.483078 	44.407207 	37.336308 	34.539833 	95.817535 	57.567352 	27.459061 	25.495098 	24.758837 	77.833153 	76.006577 	75.006668 	27.730848 	109.731491 	21.931713 	61.846584 	29.614185 	68.183578 	99.538940 	55.226807 	90.873535 	108.632408 	54.120235 	82.734512 	113.463654 	69.720871 	14.142136 	37.215588 	67.896980 	13.341664 	60.207973 	70.491135 	60.745369 	24.698177 	23.853722 	23.769728 	20.248457 	76.655075 	8.000000 	8.062258 	53.907330 	38.897301 	59.548298 	999.000000 	122.188377 	62.936478 	51.739735 	70.007141 	69.526970 	52.354561 	40.162170 	64.412735 	61.846584 	
163.217651 	37.656342 	84.148682 	142.898560 	73.756355 	50.990196 	159.455322 	82.328613 	101.823380 	130.831955 	33.120991 	66.843102 	123.239601 	119.096596 	117.034180 	46.690472 	172.884354 	172.104614 	126.810883 	24.186773 	118.697090 	61.032780 	133.958954 	169.331039 	25.806976 	159.812393 	32.557640 	19.924858 	68.095520 	39.661064 	16.124516 	173.415680 	119.037811 	146.754898 	172.626770 	112.605507 	167.585800 	51.894123 	61.741398 	97.529480 	98.412399 	139.617340 	102.000000 	183.896713 	126.245789 	114.127121 	70.228203 	85.234970 	65.145988 	122.188377 	999.000000 	64.536812 	75.690155 	58.694122 	62.289646 	83.024094 	96.317184 	77.025970 	92.005432 	
122.527550 	60.539242 	45.099888 	96.566040 	34.713108 	52.009613 	116.691902 	39.000000 	58.694122 	83.006027 	49.335587 	30.083218 	73.925636 	69.462219 	67.230942 	34.132095 	129.096863 	128.160049 	76.967529 	60.827625 	67.542580 	24.698177 	83.186539 	123.166557 	48.507732 	111.359779 	39.812057 	57.218880 	20.396078 	31.048349 	61.032780 	126.142776 	64.660652 	95.015785 	124.775803 	57.140179 	118.118584 	17.888544 	13.892444 	39.408119 	40.000000 	84.403793 	43.416588 	135.118469 	68.883957 	55.226807 	10.440307 	24.083189 	6.082763 	62.936478 	64.536812 	999.000000 	11.661903 	7.071068 	8.062258 	19.026299 	31.780497 	18.439089 	32.649654 	
114.337219 	68.154236 	41.109608 	87.641312 	32.756680 	57.245087 	108.171158 	34.481880 	52.009613 	74.040527 	57.706154 	30.413813 	64.845970 	60.440052 	58.240879 	40.804413 	120.208153 	119.251831 	67.675697 	70.114189 	58.189346 	27.459061 	73.539108 	113.885910 	58.008621 	101.769348 	49.040798 	67.007462 	19.798990 	40.049969 	71.112587 	116.619041 	54.561890 	84.970581 	115.156418 	46.957428 	108.258949 	26.076809 	18.027756 	29.068884 	29.529646 	73.783470 	32.756680 	125.239769 	58.008621 	44.204071 	8.062258 	13.416408 	11.000000 	51.739735 	75.690155 	11.661903 	999.000000 	18.601076 	17.804493 	11.401754 	21.023796 	18.439089 	28.319605 	
128.736160 	58.180752 	50.039986 	103.077644 	39.051247 	51.623638 	123.032516 	44.283180 	64.536812 	89.554451 	46.518814 	33.541019 	80.529495 	76.059189 	73.824112 	33.241539 	135.558105 	134.629120 	83.630135 	57.008770 	74.242844 	27.202942 	89.944427 	129.769028 	44.643028 	118.072014 	36.400551 	52.952808 	25.019993 	28.178005 	56.435802 	132.823196 	71.561165 	101.872467 	131.487640 	64.070274 	124.907967 	17.029387 	17.117243 	46.400433 	47.010635 	91.400215 	50.447994 	141.904892 	75.927597 	62.289646 	17.000000 	31.144823 	11.704700 	70.007141 	58.694122 	7.071068 	18.601076 	999.000000 	5.000000 	24.331051 	37.947330 	20.248457 	35.440090 	
130.506699 	63.134777 	53.037724 	104.403069 	42.426407 	56.568542 	124.619423 	47.010635 	66.753281 	90.824005 	51.429562 	37.363083 	81.706795 	77.252831 	75.026665 	38.209946 	136.956192 	136.014709 	84.693565 	61.684681 	75.239616 	31.384710 	90.801979 	130.923645 	49.335587 	119.012604 	41.231056 	57.489128 	28.160255 	33.120991 	60.827625 	133.824509 	72.069412 	102.474388 	132.423569 	64.498062 	125.670204 	21.931713 	20.880613 	46.647614 	47.169907 	91.525955 	50.477718 	142.667450 	75.802376 	62.008064 	18.439089 	31.064449 	14.000000 	69.526970 	62.289646 	8.062258 	17.804493 	5.000000 	999.000000 	21.189621 	35.341194 	15.524175 	30.805843 	
119.820702 	78.746429 	50.990196 	92.395889 	43.600460 	68.476273 	113.282829 	44.283180 	59.841457 	78.917679 	67.911705 	41.725292 	69.720871 	65.490456 	63.387695 	51.623638 	124.739731 	123.761871 	72.180328 	79.762146 	62.801273 	38.832977 	77.369247 	117.881294 	67.475922 	105.361282 	58.694122 	76.236473 	31.144823 	49.819675 	80.056229 	120.208153 	57.974133 	87.920418 	118.595955 	50.447994 	111.328346 	36.138622 	29.068884 	33.241539 	33.376640 	75.643906 	35.902645 	128.160049 	59.506302 	45.694637 	19.416489 	19.235384 	21.189621 	52.354561 	83.024094 	19.026299 	11.401754 	24.331051 	21.189621 	999.000000 	14.422205 	12.083046 	17.204651 	
111.018013 	88.459030 	50.990196 	83.096329 	46.615448 	76.216797 	104.120125 	44.553337 	55.542778 	70.000000 	78.409180 	46.957428 	61.032780 	57.140179 	55.226807 	61.000000 	114.856430 	113.863953 	63.007935 	91.049438 	54.037025 	46.173584 	67.364677 	107.517441 	79.000000 	94.725922 	70.007141 	88.022728 	37.336308 	61.008198 	92.135773 	109.444046 	48.093658 	76.902534 	107.707939 	41.000000 	100.169853 	47.010635 	38.327538 	26.248810 	25.961510 	63.890530 	27.294687 	116.760437 	47.801674 	34.525352 	28.160255 	18.601076 	32.015621 	40.162170 	96.317184 	31.780497 	21.023796 	37.947330 	35.341194 	14.422205 	999.000000 	25.495098 	22.090721 	
131.381119 	78.262383 	59.481091 	104.139328 	50.566788 	70.434364 	124.951988 	52.886673 	70.178345 	90.609047 	66.708321 	47.169907 	81.394104 	77.103828 	74.966660 	52.430908 	136.565002 	135.591293 	83.952370 	77.201035 	74.525162 	42.638012 	89.286057 	129.807556 	64.845970 	117.341385 	56.648037 	73.006851 	36.715118 	48.332184 	76.295479 	132.196823 	69.921387 	99.959991 	130.602448 	62.361847 	123.369362 	36.055511 	31.890438 	44.911022 	45.122055 	87.726852 	47.801674 	140.217682 	71.589104 	57.775429 	24.596748 	30.066593 	23.430750 	64.412735 	77.025970 	18.439089 	18.439089 	20.248457 	15.524175 	12.083046 	25.495098 	999.000000 	15.297058 	
133.060135 	93.107468 	68.000000 	105.171288 	60.802959 	84.314888 	126.194298 	61.294373 	75.690155 	92.021736 	81.706795 	58.728188 	83.000000 	79.025314 	77.058418 	66.730804 	136.937943 	135.944839 	85.052925 	92.444580 	76.000000 	55.317268 	89.453896 	129.553085 	80.081207 	116.726173 	71.784401 	88.294960 	48.104053 	63.324562 	91.591484 	131.400146 	70.178345 	98.843307 	129.634094 	63.031738 	122.024590 	50.537113 	45.000000 	47.381432 	47.265209 	85.615417 	49.040798 	138.495483 	69.634758 	56.568542 	36.069378 	35.468296 	36.619667 	61.846584 	92.005432 	32.649654 	28.319605 	35.440090 	30.805843 	17.204651 	22.090721 	15.297058 	999.000000 	

Travel time:
9.000000 	3.254420 	2.034853 	0.701783 	2.325941 	2.836371 	0.190394 	2.140385 	1.615549 	1.026219 	3.260464 	2.504496 	1.253994 	1.358308 	1.410895 	2.941513 	0.309233 	0.304138 	1.200260 	3.563092 	1.428504 	2.683864 	1.107080 	0.419076 	3.435295 	0.602080 	3.286716 	3.611527 	2.618802 	3.169089 	3.732626 	0.534439 	1.575198 	0.975000 	0.570088 	1.750714 	0.673146 	3.010502 	2.832402 	2.164486 	2.161741 	1.320275 	2.105350 	0.775403 	1.648105 	1.927596 	2.802231 	2.535868 	2.926175 	1.845603 	4.080441 	3.063189 	2.858430 	3.218404 	3.262667 	2.995517 	2.775450 	3.284528 	3.326503 	
