Total assets = 565
Number of asset nodes = 33

Distance:
999.000000 	30.886890 	10.000000 	53.338543 	38.626415 	10.198039 	90.027771 	92.849342 	68.600288 	39.446167 	12.649111 	9.486833 	8.602325 	6.708204 	111.865990 	12.806249 	16.155495 	61.269894 	29.832869 	93.085983 	39.812057 	98.081596 	106.887794 	21.095022 	82.152298 	62.393909 	20.396078 	44.553337 	26.925823 	20.024984 	25.632011 	34.828148 	111.946419 	21.931713 	52.773098 	87.321243 	34.481880 	93.813644 	30.413813 	35.468296 	34.481880 	104.847511 	34.985710 	64.938431 	63.639610 	38.483765 	105.152267 	
30.886890 	999.000000 	40.816662 	22.472204 	9.055386 	38.288380 	60.141499 	62.968246 	37.735924 	20.248457 	40.521599 	24.738634 	35.440090 	25.632011 	83.234612 	31.400637 	44.598206 	30.463093 	60.464867 	62.936478 	13.892444 	67.896980 	77.155685 	27.513634 	51.312767 	32.015621 	46.754681 	18.788294 	55.901699 	44.821869 	24.186773 	64.536812 	82.036575 	39.357338 	25.709921 	56.435802 	25.709921 	62.968246 	29.000000 	62.481998 	32.140316 	74.060783 	33.136082 	37.215588 	36.496574 	32.015621 	74.330345 	
10.000000 	40.816662 	999.000000 	63.285069 	48.332184 	7.211102 	100.004997 	102.825096 	78.549347 	48.826221 	10.770329 	18.601076 	11.045361 	16.278820 	121.696342 	16.492422 	9.219544 	71.119621 	19.849434 	103.077644 	49.040798 	108.074051 	116.846054 	26.476404 	92.114059 	72.090218 	14.560220 	53.600372 	18.027756 	15.652476 	32.140316 	25.238859 	121.918007 	22.022715 	61.846584 	97.247108 	41.194660 	103.773796 	35.902645 	27.459061 	39.560081 	114.825958 	39.849716 	73.979729 	72.567207 	44.147480 	115.121674 	
53.338543 	22.472204 	63.285069 	999.000000 	16.401220 	60.605282 	38.832977 	41.617306 	15.264338 	26.925823 	62.393909 	46.615448 	57.384666 	47.853943 	63.063461 	53.037724 	66.843102 	9.000000 	82.927681 	41.231056 	20.248457 	46.097721 	55.803226 	47.201694 	28.844410 	12.649111 	68.622154 	20.099751 	78.102493 	66.468040 	42.190044 	86.833176 	60.440052 	59.816387 	18.973665 	34.000000 	39.217342 	40.496914 	45.188496 	84.148682 	46.818798 	51.613953 	47.759815 	24.083189 	24.758837 	44.384682 	51.865211 	
38.626415 	9.055386 	48.332184 	16.401220 	999.000000 	44.944408 	55.217751 	58.008621 	31.144823 	25.612497 	49.030602 	33.376640 	43.931767 	33.955853 	79.259071 	36.878178 	51.039200 	23.021729 	67.601776 	57.628117 	6.708204 	62.481998 	72.201111 	30.805843 	44.687805 	23.769728 	52.497620 	10.630146 	62.201286 	50.249378 	25.942244 	71.028160 	76.837494 	43.416588 	16.763054 	49.406479 	24.186773 	56.222771 	29.410883 	67.896980 	31.575306 	67.475922 	32.557640 	28.160255 	27.459061 	30.016663 	67.623962 	
10.198039 	38.288380 	7.211102 	60.605282 	44.944408 	999.000000 	98.290382 	101.118744 	75.802376 	49.193497 	17.204651 	19.646883 	15.811388 	16.763054 	120.739388 	10.000000 	6.403124 	67.955872 	22.847319 	101.178062 	44.777225 	106.150833 	115.260574 	20.024984 	89.403580 	68.476273 	10.198039 	49.040798 	17.691807 	10.049875 	26.019224 	26.248810 	120.216469 	14.866069 	57.245087 	94.302704 	35.000000 	101.019798 	29.274563 	25.495098 	32.756680 	112.200714 	32.984844 	69.260376 	67.720009 	37.483330 	112.414413 	
90.027771 	60.141499 	100.004997 	38.832977 	55.217751 	98.290382 	999.000000 	2.828427 	25.632011 	54.120235 	97.082436 	82.006096 	92.417534 	83.868942 	25.000000 	91.438507 	104.651802 	34.539833 	119.854080 	4.000000 	58.668560 	8.544003 	17.029387 	86.023254 	16.124516 	37.363083 	106.887794 	57.271286 	115.965515 	104.890419 	80.993828 	124.482933 	21.931713 	98.600204 	52.497620 	17.888544 	77.369247 	15.620500 	83.725746 	122.576508 	84.970581 	20.099751 	85.866173 	48.166378 	50.249378 	81.939003 	21.213203 	
92.849342 	62.968246 	102.825096 	41.617306 	58.008621 	101.118744 	2.828427 	999.000000 	28.231188 	56.824291 	99.864906 	84.811554 	95.210297 	86.683334 	22.561028 	94.260277 	107.480232 	37.161808 	122.674362 	2.828427 	61.400326 	6.082763 	14.212670 	88.814415 	18.000000 	39.849716 	109.713264 	59.933296 	118.793938 	107.712578 	83.761566 	127.310646 	19.104973 	101.400200 	55.027267 	18.973665 	80.062477 	15.620500 	86.452301 	125.399361 	87.658424 	18.439089 	88.549423 	50.358715 	52.469040 	84.581322 	19.646883 	
68.600288 	37.735924 	78.549347 	15.264338 	31.144823 	75.802376 	25.632011 	28.231188 	999.000000 	39.012817 	77.472572 	61.741398 	72.498276 	63.063461 	50.596443 	68.014702 	82.006096 	8.944272 	98.183502 	27.294687 	33.600594 	31.906113 	42.059483 	61.619801 	13.601471 	12.041595 	83.630135 	31.764761 	93.236259 	81.394104 	56.222771 	102.004898 	46.324940 	74.330345 	26.925823 	18.788294 	51.971146 	25.238859 	58.523499 	99.035347 	59.539902 	36.400551 	60.415230 	24.515301 	26.305893 	56.364883 	36.619667 	
39.446167 	20.248457 	48.826221 	26.925823 	25.612497 	49.193497 	54.120235 	56.824291 	39.012817 	999.000000 	43.863426 	30.232433 	39.623226 	32.756680 	73.661385 	45.607018 	55.470715 	35.693138 	68.249542 	57.697487 	32.202484 	62.609905 	70.178345 	45.044422 	50.803543 	39.560081 	59.093147 	36.124783 	66.370171 	57.939625 	43.185646 	74.060783 	75.471848 	55.108982 	40.607880 	56.718605 	45.880280 	61.846584 	48.507732 	74.686012 	51.971146 	71.784401 	52.952808 	49.648766 	49.739319 	52.201534 	72.422371 	
12.649111 	40.521599 	10.770329 	62.393909 	49.030602 	17.204651 	97.082436 	99.864906 	77.472572 	43.863426 	999.000000 	15.811388 	5.099020 	15.132746 	117.515953 	24.413111 	19.924858 	70.837845 	25.495098 	100.404182 	51.156624 	105.394501 	113.600174 	33.541019 	90.801979 	72.532753 	25.298222 	56.080299 	27.073973 	26.400757 	38.275318 	32.572994 	118.810776 	31.890438 	64.195015 	96.254868 	47.127487 	102.415817 	42.953465 	37.013512 	46.957428 	113.176849 	47.413078 	76.321686 	75.166481 	51.078373 	113.600174 	
9.486833 	24.738634 	18.601076 	46.615448 	33.376640 	19.646883 	82.006096 	84.811554 	61.741398 	30.232433 	15.811388 	999.000000 	10.770329 	3.000000 	103.247276 	19.646883 	25.632011 	55.027267 	38.209946 	85.211502 	36.013885 	90.210861 	98.716766 	25.000000 	75.133217 	56.753853 	29.832869 	41.048752 	36.235340 	29.274563 	27.658634 	43.829212 	103.855667 	29.614185 	49.000000 	80.529495 	35.510563 	86.769814 	33.241539 	44.944408 	37.483330 	97.616600 	38.183765 	61.032780 	60.000000 	40.607880 	98.005104 	
8.602325 	35.440090 	11.045361 	57.384666 	43.931767 	15.811388 	92.417534 	95.210297 	72.498276 	39.623226 	5.099020 	10.770329 	999.000000 	10.049875 	113.172432 	21.213203 	20.024984 	65.787537 	28.844410 	95.692215 	46.097721 	100.687637 	109.018349 	29.681644 	85.866173 	67.446274 	25.179358 	51.039200 	28.861740 	25.709921 	34.014702 	35.341194 	114.201576 	29.681644 	59.135437 	91.285271 	42.720020 	97.493591 	38.948685 	38.470768 	43.046486 	108.300507 	43.566040 	71.253067 	70.114189 	46.957428 	108.706024 	
6.708204 	25.632011 	16.278820 	47.853943 	33.955853 	16.763054 	83.868942 	86.683334 	63.063461 	32.756680 	15.132746 	3.000000 	10.049875 	999.000000 	105.418213 	16.763054 	22.847319 	56.080299 	36.069378 	87.005745 	36.055511 	92.005432 	100.657837 	22.671568 	76.537575 	57.567352 	26.925823 	41.012192 	33.615471 	26.305893 	25.806976 	41.400482 	105.759163 	26.683329 	49.091751 	81.841309 	34.000000 	88.192970 	31.240999 	42.154476 	35.468296 	99.126183 	36.124783 	61.204575 	60.074955 	38.832977 	99.478638 	
111.865990 	83.234612 	121.696342 	63.063461 	79.259071 	120.739388 	25.000000 	22.561028 	50.596443 	73.661385 	117.515953 	103.247276 	113.172432 	105.418213 	999.000000 	114.621117 	127.141655 	59.464275 	141.449631 	24.186773 	83.192551 	21.023796 	11.704700 	109.931801 	40.311287 	62.361847 	129.807556 	82.079231 	138.408813 	128.003906 	105.190300 	146.659470 	12.727922 	122.331520 	77.491936 	40.012497 	102.044106 	34.365681 	108.226616 	145.602203 	109.658562 	29.068884 	110.571243 	72.835434 	74.966660 	106.775467 	30.413813 	
12.806249 	31.400637 	16.492422 	53.037724 	36.878178 	10.000000 	91.438507 	94.260277 	68.014702 	45.607018 	24.413111 	19.646883 	21.213203 	16.763054 	114.621117 	999.000000 	14.866069 	59.816387 	32.280025 	94.111633 	35.846897 	99.035347 	108.466583 	10.049875 	81.565926 	59.908264 	15.620500 	39.812057 	25.553865 	13.453624 	16.031219 	34.481880 	113.278419 	10.049875 	47.927029 	86.214851 	25.000000 	93.085983 	19.416489 	31.144823 	23.086792 	104.350372 	23.409399 	59.808025 	58.189346 	27.658634 	104.484451 	
16.155495 	44.598206 	9.219544 	66.843102 	51.039200 	6.403124 	104.651802 	107.480232 	82.006096 	55.470715 	19.924858 	25.632011 	20.024984 	22.847319 	127.141655 	14.866069 	999.000000 	74.060783 	17.464249 	107.517441 	50.537113 	112.485558 	121.630585 	24.331051 	95.603348 	74.431175 	5.385165 	54.625999 	11.313708 	7.071068 	30.594116 	20.000000 	126.574089 	15.811388 	62.769421 	100.439034 	39.319206 	107.200745 	33.015148 	19.313208 	36.055511 	118.406082 	36.124783 	74.672615 	73.054771 	41.012192 	118.600166 	
61.269894 	30.463093 	71.119621 	9.000000 	23.021729 	67.955872 	34.539833 	37.161808 	8.944272 	35.693138 	70.837845 	55.027267 	65.787537 	56.080299 	59.464275 	59.816387 	74.060783 	999.000000 	90.553848 	36.235340 	24.839485 	40.816662 	51.000000 	53.037724 	21.931713 	5.000000 	75.432091 	22.825424 	85.211502 	73.109505 	47.507893 	94.047859 	55.226807 	65.764732 	18.248287 	26.400757 	43.046486 	33.301651 	49.648766 	90.686272 	50.606323 	44.598206 	51.478149 	18.357559 	19.697716 	47.423622 	44.687805 	
29.832869 	60.464867 	19.849434 	82.927681 	67.601776 	22.847319 	119.854080 	122.674362 	98.183502 	68.249542 	25.495098 	38.209946 	28.844410 	36.069378 	141.449631 	32.280025 	17.464249 	90.553848 	999.000000 	122.918671 	67.623962 	127.914032 	136.693085 	41.773197 	111.772087 	91.241440 	19.026299 	71.867935 	9.848858 	22.022715 	48.052055 	8.062258 	141.767410 	32.015621 	80.056229 	116.811813 	56.718605 	123.422043 	50.249378 	17.204651 	53.037724 	134.525085 	53.009434 	92.027168 	90.443352 	58.077534 	134.792435 	
93.085983 	62.936478 	103.077644 	41.231056 	57.628117 	101.178062 	4.000000 	2.828427 	27.294687 	57.697487 	100.404182 	85.211502 	95.692215 	87.005745 	24.186773 	94.111633 	107.517441 	36.235340 	122.918671 	999.000000 	60.745369 	5.000000 	14.764823 	88.408142 	16.124516 	38.626415 	109.622078 	59.059292 	118.827606 	107.563934 	83.234612 	127.404869 	19.209373 	101.044548 	53.851646 	16.492422 	79.259071 	12.806249 	85.755463 	125.255737 	86.833176 	16.124516 	87.709747 	48.662102 	50.803543 	83.630135 	17.262676 	
39.812057 	13.892444 	49.040798 	20.248457 	6.708204 	44.777225 	58.668560 	61.400326 	33.600594 	32.202484 	51.156624 	36.013885 	46.097721 	36.055511 	83.192551 	35.846897 	50.537113 	24.839485 	67.623962 	60.745369 	999.000000 	65.459915 	75.471848 	28.319605 	46.754681 	24.207438 	51.312767 	5.099020 	61.400326 	48.826221 	22.671568 	70.327805 	79.881165 	41.036568 	13.038404 	50.931328 	18.973665 	57.982758 	25.059929 	66.219330 	26.570660 	69.296463 	27.513634 	25.179358 	24.020824 	24.331051 	69.310890 	
98.081596 	67.896980 	108.074051 	46.097721 	62.481998 	106.150833 	8.544003 	6.082763 	31.906113 	62.609905 	105.394501 	90.210861 	100.687637 	92.005432 	21.023796 	99.035347 	112.485558 	40.816662 	127.914032 	5.000000 	65.459915 	999.000000 	10.440307 	93.236259 	19.924858 	42.953465 	114.560028 	63.631752 	123.794182 	112.485558 	88.005684 	132.382019 	14.422205 	105.891457 	58.180752 	19.000000 	83.862984 	13.601471 	90.426765 	130.176804 	91.416626 	13.000000 	92.282173 	52.392746 	54.571056 	88.119240 	14.317822 	
106.887794 	77.155685 	116.846054 	55.803226 	72.201111 	115.260574 	17.029387 	14.212670 	42.059483 	70.178345 	113.600174 	98.716766 	109.018349 	100.657837 	11.704700 	108.466583 	121.630585 	51.000000 	136.693085 	14.764823 	75.471848 	10.440307 	999.000000 	103.004852 	30.364452 	53.310413 	123.907227 	73.824112 	132.943604 	121.918007 	97.908119 	141.428421 	5.385165 	115.602768 	68.541962 	29.154760 	94.021271 	23.021729 	100.498756 	139.603012 	101.597244 	17.492855 	102.474388 	62.817196 	65.000000 	98.386993 	18.867962 	
21.095022 	27.513634 	26.476404 	47.201694 	30.805843 	20.024984 	86.023254 	88.814415 	61.619801 	45.044422 	33.541019 	25.000000 	29.681644 	22.671568 	109.931801 	10.049875 	24.331051 	53.037724 	41.773197 	88.408142 	28.319605 	93.236259 	103.004852 	999.000000 	74.966660 	52.497620 	23.769728 	31.622776 	34.176014 	21.023796 	6.324555 	43.081318 	107.615051 	12.727922 	39.446167 	79.246452 	15.033297 	86.278618 	9.486833 	38.013157 	13.416408 	97.590981 	13.892444 	50.990196 	49.244289 	17.720045 	97.621719 	
82.152298 	51.312767 	92.114059 	28.844410 	44.687805 	89.403580 	16.124516 	18.000000 	13.601471 	50.803543 	90.801979 	75.133217 	85.866173 	76.537575 	40.311287 	81.565926 	95.603348 	21.931713 	111.772087 	16.124516 	46.754681 	19.924858 	30.364452 	74.966660 	999.000000 	23.323807 	97.185387 	44.407207 	106.826965 	94.921021 	69.426216 	115.602768 	34.014702 	87.692642 	38.470768 	6.000000 	64.637451 	11.661903 	71.400284 	112.538879 	72.111023 	22.803509 	72.945183 	32.557640 	34.713108 	68.600288 	23.021729 	
62.393909 	32.015621 	72.090218 	12.649111 	23.769728 	68.476273 	37.363083 	39.849716 	12.041595 	39.560081 	72.532753 	56.753853 	67.446274 	57.567352 	62.361847 	59.908264 	74.431175 	5.000000 	91.241440 	38.626415 	24.207438 	42.953465 	53.310413 	52.497620 	23.323807 	999.000000 	75.451973 	21.260292 	85.440041 	73.006851 	46.690472 	94.339813 	57.245087 	65.192024 	15.231546 	26.907248 	41.400482 	34.058773 	48.270073 	90.426765 	48.826221 	45.343136 	49.648766 	13.416408 	14.866069 	45.276924 	45.276924 	
20.396078 	46.754681 	14.560220 	68.622154 	52.497620 	10.198039 	106.887794 	109.713264 	83.630135 	59.093147 	25.298222 	29.832869 	25.179358 	26.925823 	129.807556 	15.620500 	5.385165 	75.432091 	19.026299 	109.622078 	51.312767 	114.560028 	123.907227 	23.769728 	97.185387 	75.451973 	999.000000 	55.072678 	10.440307 	3.000000 	30.083218 	19.313208 	128.763351 	13.000000 	63.063461 	101.828285 	38.327538 	108.706024 	31.575306 	15.811388 	34.132095 	119.970833 	34.058773 	74.732857 	73.006851 	39.204590 	120.104118 	
44.553337 	18.788294 	53.600372 	20.099751 	10.630146 	49.040798 	57.271286 	59.933296 	31.764761 	36.124783 	56.080299 	41.048752 	51.039200 	41.012192 	82.079231 	39.812057 	54.625999 	22.825424 	71.867935 	59.059292 	5.099020 	63.631752 	73.824112 	31.622776 	44.407207 	21.260292 	55.072678 	999.000000 	65.299309 	52.478565 	25.612497 	74.242844 	78.032043 	44.204071 	8.246211 	48.166378 	20.248457 	55.317268 	27.018513 	69.634758 	27.784887 	66.603302 	28.653097 	20.396078 	19.104973 	24.698177 	66.528191 	
26.925823 	55.901699 	18.027756 	78.102493 	62.201286 	17.691807 	115.965515 	118.793938 	93.236259 	66.370171 	27.073973 	36.235340 	28.861740 	33.615471 	138.408813 	25.553865 	11.313708 	85.211502 	9.848858 	118.827606 	61.400326 	123.794182 	132.943604 	34.176014 	106.826965 	85.440041 	10.440307 	65.299309 	999.000000 	13.341664 	40.496914 	8.944272 	137.887634 	23.194826 	73.348480 	111.606453 	48.764740 	118.406082 	41.976185 	10.049875 	44.407207 	129.630249 	44.283180 	85.088188 	83.384651 	49.497475 	129.807556 	
20.024984 	44.821869 	15.652476 	66.468040 	50.249378 	10.049875 	104.890419 	107.712578 	81.394104 	57.939625 	26.400757 	29.274563 	25.709921 	26.305893 	128.003906 	13.453624 	7.071068 	73.109505 	22.022715 	107.563934 	48.826221 	112.485558 	121.918007 	21.023796 	94.921021 	73.006851 	3.000000 	52.478565 	13.341664 	999.000000 	27.313000 	22.135944 	126.732002 	10.000000 	60.415230 	99.488693 	35.440090 	106.404884 	28.635643 	17.691807 	31.144823 	117.686020 	31.064449 	72.013885 	70.263786 	36.221542 	117.796432 	
25.632011 	24.186773 	32.140316 	42.190044 	25.942244 	26.019224 	80.993828 	83.761566 	56.222771 	43.185646 	38.275318 	27.658634 	34.014702 	25.806976 	105.190300 	16.031219 	30.594116 	47.507893 	48.052055 	83.234612 	22.671568 	88.005684 	97.908119 	6.324555 	69.426216 	46.690472 	30.083218 	25.612497 	40.496914 	27.313000 	999.000000 	49.396355 	102.415817 	18.601076 	33.286633 	73.539108 	9.055386 	80.622574 	5.830952 	44.102154 	10.000000 	91.934761 	10.816654 	44.721359 	42.953465 	13.038404 	91.923882 	
34.828148 	64.536812 	25.238859 	86.833176 	71.028160 	26.248810 	124.482933 	127.310646 	102.004898 	74.060783 	32.572994 	43.829212 	35.341194 	41.400482 	146.659470 	34.481880 	20.000000 	94.047859 	8.062258 	127.404869 	70.327805 	132.382019 	141.428421 	43.081318 	115.602768 	94.339813 	19.313208 	74.242844 	8.944272 	22.135944 	49.396355 	999.000000 	146.413803 	31.780497 	82.292160 	120.432556 	57.567352 	127.200630 	50.695168 	10.816654 	52.952808 	138.405197 	52.773098 	94.021271 	92.309265 	58.051701 	138.600143 	
111.946419 	82.036575 	121.918007 	60.440052 	76.837494 	120.216469 	21.931713 	19.104973 	46.324940 	75.471848 	118.810776 	103.855667 	114.201576 	105.759163 	12.727922 	113.278419 	126.574089 	55.226807 	141.767410 	19.209373 	79.881165 	14.422205 	5.385165 	107.615051 	34.014702 	57.245087 	128.763351 	78.032043 	137.887634 	126.732002 	102.415817 	146.413803 	999.000000 	120.253899 	72.449982 	32.015621 	98.270035 	25.317978 	104.847511 	144.422989 	105.815880 	17.464249 	106.677086 	66.098412 	68.308128 	102.474388 	18.681541 	
21.931713 	39.357338 	22.022715 	59.816387 	43.416588 	14.866069 	98.600204 	101.400200 	74.330345 	55.108982 	31.890438 	29.614185 	29.681644 	26.683329 	122.331520 	10.049875 	15.811388 	65.764732 	32.015621 	101.044548 	41.036568 	105.891457 	115.602768 	12.727922 	87.692642 	65.192024 	13.000000 	44.204071 	23.194826 	10.000000 	18.601076 	31.780497 	120.253899 	999.000000 	51.865211 	91.967384 	26.000000 	99.005051 	18.973665 	25.553865 	21.213203 	110.317726 	21.095022 	63.134777 	61.294373 	26.305893 	110.344917 	
52.773098 	25.709921 	61.846584 	18.973665 	16.763054 	57.245087 	52.497620 	55.027267 	26.925823 	40.607880 	64.195015 	49.000000 	59.135437 	49.091751 	77.491936 	47.927029 	62.769421 	18.248287 	80.056229 	53.851646 	13.038404 	58.180752 	68.541962 	39.446167 	38.470768 	15.231546 	63.063461 	8.246211 	73.348480 	60.415230 	33.286633 	82.292160 	72.449982 	51.865211 	999.000000 	41.617306 	26.870058 	48.826221 	33.970577 	77.388626 	34.058773 	60.000000 	34.828148 	12.165525 	11.000000 	30.232433 	59.816387 	
87.321243 	56.435802 	97.247108 	34.000000 	49.406479 	94.302704 	17.888544 	18.973665 	18.788294 	56.718605 	96.254868 	80.529495 	91.285271 	81.841309 	40.012497 	86.214851 	100.439034 	26.400757 	116.811813 	16.492422 	50.931328 	19.000000 	29.154760 	79.246452 	6.000000 	26.907248 	101.828285 	48.166378 	111.606453 	99.488693 	73.539108 	120.432556 	32.015621 	91.967384 	41.617306 	999.000000 	68.249542 	7.211102 	75.166481 	117.034180 	75.604233 	18.439089 	76.400261 	34.176014 	36.400551 	71.847061 	18.384777 	
34.481880 	25.709921 	41.194660 	39.217342 	24.186773 	35.000000 	77.369247 	80.062477 	51.971146 	45.880280 	47.127487 	35.510563 	42.720020 	34.000000 	102.044106 	25.000000 	39.319206 	43.046486 	56.718605 	79.259071 	18.973665 	83.862984 	94.021271 	15.033297 	64.637451 	41.400482 	38.327538 	20.248457 	48.764740 	35.440090 	9.055386 	57.567352 	98.270035 	26.000000 	26.870058 	68.249542 	999.000000 	75.432091 	7.211102 	51.429562 	7.615773 	86.683334 	8.544003 	37.443291 	35.510563 	6.324555 	86.556343 	
93.813644 	62.968246 	103.773796 	40.496914 	56.222771 	101.019798 	15.620500 	15.620500 	25.238859 	61.846584 	102.415817 	86.769814 	97.493591 	88.192970 	34.365681 	93.085983 	107.200745 	33.301651 	123.422043 	12.806249 	57.982758 	13.601471 	23.021729 	86.278618 	11.661903 	34.058773 	108.706024 	55.317268 	118.406082 	106.404884 	80.622574 	127.200630 	25.317978 	99.005051 	48.826221 	7.211102 	75.432091 	999.000000 	82.328613 	123.987900 	82.800964 	11.313708 	83.600243 	41.231056 	43.462627 	79.056938 	11.401754 	
30.413813 	29.000000 	35.902645 	45.188496 	29.410883 	29.274563 	83.725746 	86.452301 	58.523499 	48.507732 	42.953465 	33.241539 	38.948685 	31.240999 	108.226616 	19.416489 	33.015148 	49.648766 	50.249378 	85.755463 	25.059929 	90.426765 	100.498756 	9.486833 	71.400284 	48.270073 	31.575306 	27.018513 	41.976185 	28.635643 	5.830952 	50.695168 	104.847511 	18.973665 	33.970577 	75.166481 	7.211102 	82.328613 	999.000000 	44.283180 	4.242640 	93.605553 	5.000000 	44.654228 	42.720020 	8.246211 	93.509361 	
35.468296 	62.481998 	27.459061 	84.148682 	67.896980 	25.495098 	122.576508 	125.399361 	99.035347 	74.686012 	37.013512 	44.944408 	38.470768 	42.154476 	145.602203 	31.144823 	19.313208 	90.686272 	17.204651 	125.255737 	66.219330 	130.176804 	139.603012 	38.013157 	112.538879 	90.426765 	15.811388 	69.634758 	10.049875 	17.691807 	44.102154 	10.816654 	144.422989 	25.553865 	77.388626 	117.034180 	51.429562 	123.987900 	44.283180 	999.000000 	45.880280 	135.281189 	45.541191 	88.684837 	86.833176 	50.921509 	135.369858 	
34.481880 	32.140316 	39.560081 	46.818798 	31.575306 	32.756680 	84.970581 	87.658424 	59.539902 	51.971146 	46.957428 	37.483330 	43.046486 	35.468296 	109.658562 	23.086792 	36.055511 	50.606323 	53.037724 	86.833176 	26.570660 	91.416626 	101.597244 	13.416408 	72.111023 	48.826221 	34.132095 	27.784887 	44.407207 	31.144823 	10.000000 	52.952808 	105.815880 	21.213203 	34.058773 	75.604233 	7.615773 	82.800964 	4.242640 	45.880280 	999.000000 	94.021271 	1.000000 	44.045429 	42.011902 	5.099020 	93.861603 	
104.847511 	74.060783 	114.825958 	51.613953 	67.475922 	112.200714 	20.099751 	18.439089 	36.400551 	71.784401 	113.176849 	97.616600 	108.300507 	99.126183 	29.068884 	104.350372 	118.406082 	44.598206 	134.525085 	16.124516 	69.296463 	13.000000 	17.492855 	97.590981 	22.803509 	45.343136 	119.970833 	66.603302 	129.630249 	117.686020 	91.934761 	138.405197 	17.464249 	110.317726 	60.000000 	18.439089 	86.683334 	11.313708 	93.605553 	135.281189 	94.021271 	999.000000 	94.810333 	51.884487 	54.120235 	90.210861 	1.414214 	
34.985710 	33.136082 	39.849716 	47.759815 	32.557640 	32.984844 	85.866173 	88.549423 	60.415230 	52.952808 	47.413078 	38.183765 	43.566040 	36.124783 	110.571243 	23.409399 	36.124783 	51.478149 	53.009434 	87.709747 	27.513634 	92.282173 	102.474388 	13.892444 	72.945183 	49.648766 	34.058773 	28.653097 	44.283180 	31.064449 	10.816654 	52.773098 	106.677086 	21.095022 	34.828148 	76.400261 	8.544003 	83.600243 	5.000000 	45.541191 	1.000000 	94.810333 	999.000000 	44.687805 	42.638012 	5.385165 	94.641426 	
64.938431 	37.215588 	73.979729 	24.083189 	28.160255 	69.260376 	48.166378 	50.358715 	24.515301 	49.648766 	76.321686 	61.032780 	71.253067 	61.204575 	72.835434 	59.808025 	74.672615 	18.357559 	92.027168 	48.662102 	25.179358 	52.392746 	62.817196 	50.990196 	32.557640 	13.416408 	74.732857 	20.396078 	85.088188 	72.013885 	44.721359 	94.021271 	66.098412 	63.134777 	12.165525 	34.176014 	37.443291 	41.231056 	44.654228 	88.684837 	44.045429 	51.884487 	44.687805 	999.000000 	2.236068 	39.623226 	51.478149 	
63.639610 	36.496574 	72.567207 	24.758837 	27.459061 	67.720009 	50.249378 	52.469040 	26.305893 	49.739319 	75.166481 	60.000000 	70.114189 	60.074955 	74.966660 	58.189346 	73.054771 	19.697716 	90.443352 	50.803543 	24.020824 	54.571056 	65.000000 	49.244289 	34.713108 	14.866069 	73.006851 	19.104973 	83.384651 	70.263786 	42.953465 	92.309265 	68.308128 	61.294373 	11.000000 	36.400551 	35.510563 	43.462627 	42.720020 	86.833176 	42.011902 	54.120235 	42.638012 	2.236068 	999.000000 	37.536648 	53.712196 	
38.483765 	32.015621 	44.147480 	44.384682 	30.016663 	37.483330 	81.939003 	84.581322 	56.364883 	52.201534 	51.078373 	40.607880 	46.957428 	38.832977 	106.775467 	27.658634 	41.012192 	47.423622 	58.077534 	83.630135 	24.331051 	88.119240 	98.386993 	17.720045 	68.600288 	45.276924 	39.204590 	24.698177 	49.497475 	36.221542 	13.038404 	58.051701 	102.474388 	26.305893 	30.232433 	71.847061 	6.324555 	79.056938 	8.246211 	50.921509 	5.099020 	90.210861 	5.385165 	39.623226 	37.536648 	999.000000 	90.000000 	
105.152267 	74.330345 	115.121674 	51.865211 	67.623962 	112.414413 	21.213203 	19.646883 	36.619667 	72.422371 	113.600174 	98.005104 	108.706024 	99.478638 	30.413813 	104.484451 	118.600166 	44.687805 	134.792435 	17.262676 	69.310890 	14.317822 	18.867962 	97.621719 	23.021729 	45.276924 	120.104118 	66.528191 	129.807556 	117.796432 	91.923882 	138.600143 	18.681541 	110.344917 	59.816387 	18.384777 	86.556343 	11.401754 	93.509361 	135.369858 	93.861603 	1.414214 	94.641426 	51.478149 	53.712196 	90.000000 	999.000000 	

Travel time:
9.000000 	0.772172 	0.250000 	1.333464 	0.965660 	0.254951 	2.250694 	2.321234 	1.715007 	0.986154 	0.316228 	0.237171 	0.215058 	0.167705 	2.796650 	0.320156 	0.403887 	1.531747 	0.745822 	2.327150 	0.995301 	2.452040 	2.672195 	0.527376 	2.053807 	1.559848 	0.509902 	1.113833 	0.673146 	0.500625 	0.640800 	0.870704 	2.798661 	0.548293 	1.319327 	2.183031 	0.862047 	2.345341 	0.760345 	0.886707 	0.862047 	2.621188 	0.874643 	1.623461 	1.590990 	0.962094 	2.628807 	
0.772172 	9.000000 	1.020416 	0.561805 	0.226385 	0.957209 	1.503537 	1.574206 	0.943398 	0.506211 	1.013040 	0.618466 	0.886002 	0.640800 	2.080865 	0.785016 	1.114955 	0.761577 	1.511622 	1.573412 	0.347311 	1.697425 	1.928892 	0.687841 	1.282819 	0.800391 	1.168867 	0.469707 	1.397542 	1.120547 	0.604669 	1.613420 	2.050914 	0.983933 	0.642748 	1.410895 	0.642748 	1.574206 	0.725000 	1.562050 	0.803508 	1.851520 	0.828402 	0.930390 	0.912414 	0.800391 	1.858259 	
0.250000 	1.020416 	9.000000 	1.582127 	1.208305 	0.180278 	2.500125 	2.570627 	1.963734 	1.220656 	0.269258 	0.465027 	0.276134 	0.406971 	3.042408 	0.412311 	0.230489 	1.777991 	0.496236 	2.576941 	1.226020 	2.701851 	2.921151 	0.661910 	2.302851 	1.802255 	0.364006 	1.340009 	0.450694 	0.391312 	0.803508 	0.630971 	3.047950 	0.550568 	1.546165 	2.431178 	1.029866 	2.594345 	0.897566 	0.686477 	0.989002 	2.870649 	0.996243 	1.849493 	1.814180 	1.103687 	2.878042 	
1.333464 	0.561805 	1.582127 	9.000000 	0.410031 	1.515132 	0.970824 	1.040433 	0.381608 	0.673146 	1.559848 	1.165386 	1.434617 	1.196349 	1.576586 	1.325943 	1.671077 	0.225000 	2.073192 	1.030776 	0.506211 	1.152443 	1.395081 	1.180042 	0.721110 	0.316228 	1.715554 	0.502494 	1.952562 	1.661701 	1.054751 	2.170829 	1.511001 	1.495410 	0.474342 	0.850000 	0.980434 	1.012423 	1.129712 	2.103717 	1.170470 	1.290349 	1.193995 	0.602080 	0.618971 	1.109617 	1.296630 	
0.965660 	0.226385 	1.208305 	0.410031 	9.000000 	1.123610 	1.380444 	1.450216 	0.778621 	0.640312 	1.225765 	0.834416 	1.098294 	0.848896 	1.981477 	0.921954 	1.275980 	0.575543 	1.690044 	1.440703 	0.167705 	1.562050 	1.805028 	0.770146 	1.117195 	0.594243 	1.312441 	0.265754 	1.555032 	1.256234 	0.648556 	1.775704 	1.920937 	1.085415 	0.419076 	1.235162 	0.604669 	1.405569 	0.735272 	1.697425 	0.789383 	1.686898 	0.813941 	0.704006 	0.686477 	0.750417 	1.690599 	
0.254951 	0.957209 	0.180278 	1.515132 	1.123610 	9.000000 	2.457260 	2.527969 	1.895059 	1.229837 	0.430116 	0.491172 	0.395285 	0.419076 	3.018485 	0.250000 	0.160078 	1.698897 	0.571183 	2.529452 	1.119431 	2.653771 	2.881514 	0.500625 	2.235090 	1.711907 	0.254951 	1.226020 	0.442295 	0.251247 	0.650481 	0.656220 	3.005412 	0.371652 	1.431127 	2.357568 	0.875000 	2.525495 	0.731864 	0.637377 	0.818917 	2.805018 	0.824621 	1.731509 	1.693000 	0.937083 	2.810360 	
2.250694 	1.503537 	2.500125 	0.970824 	1.380444 	2.457260 	9.000000 	0.070711 	0.640800 	1.353006 	2.427061 	2.050152 	2.310438 	2.096724 	0.625000 	2.285963 	2.616295 	0.863496 	2.996352 	0.100000 	1.466714 	0.213600 	0.425735 	2.150581 	0.403113 	0.934077 	2.672195 	1.431782 	2.899138 	2.622261 	2.024846 	3.112073 	0.548293 	2.465005 	1.312441 	0.447214 	1.934231 	0.390512 	2.093144 	3.064413 	2.124264 	0.502494 	2.146654 	1.204159 	1.256234 	2.048475 	0.530330 	
2.321234 	1.574206 	2.570627 	1.040433 	1.450216 	2.527969 	0.070711 	9.000000 	0.705780 	1.420607 	2.496623 	2.120289 	2.380257 	2.167083 	0.564026 	2.356507 	2.687006 	0.929045 	3.066859 	0.070711 	1.535008 	0.152069 	0.355317 	2.220360 	0.450000 	0.996243 	2.742832 	1.498332 	2.969848 	2.692814 	2.094039 	3.182766 	0.477624 	2.535005 	1.375682 	0.474342 	2.001562 	0.390512 	2.161308 	3.134984 	2.191461 	0.460977 	2.213736 	1.258968 	1.311726 	2.114533 	0.491172 	
1.715007 	0.943398 	1.963734 	0.381608 	0.778621 	1.895059 	0.640800 	0.705780 	9.000000 	0.975320 	1.936814 	1.543535 	1.812457 	1.576586 	1.264911 	1.700368 	2.050152 	0.223607 	2.454587 	0.682367 	0.840015 	0.797653 	1.051487 	1.540495 	0.340037 	0.301040 	2.090753 	0.794119 	2.330906 	2.034853 	1.405569 	2.550122 	1.158123 	1.858259 	0.673146 	0.469707 	1.299279 	0.630971 	1.463087 	2.475884 	1.488497 	0.910014 	1.510381 	0.612882 	0.657647 	1.409122 	0.915492 	
0.986154 	0.506211 	1.220656 	0.673146 	0.640312 	1.229837 	1.353006 	1.420607 	0.975320 	9.000000 	1.096586 	0.755811 	0.990581 	0.818917 	1.841535 	1.140175 	1.386768 	0.892328 	1.706239 	1.442437 	0.805062 	1.565248 	1.754459 	1.126111 	1.270089 	0.989002 	1.477329 	0.903120 	1.659254 	1.448491 	1.079641 	1.851520 	1.886796 	1.377725 	1.015197 	1.417965 	1.147007 	1.546165 	1.212693 	1.867150 	1.299279 	1.794610 	1.323820 	1.241219 	1.243483 	1.305038 	1.810559 	
0.316228 	1.013040 	0.269258 	1.559848 	1.225765 	0.430116 	2.427061 	2.496623 	1.936814 	1.096586 	9.000000 	0.395285 	0.127475 	0.378319 	2.937899 	0.610328 	0.498121 	1.770946 	0.637377 	2.510105 	1.278916 	2.634862 	2.840004 	0.838525 	2.270050 	1.813319 	0.632456 	1.402007 	0.676849 	0.660019 	0.956883 	0.814325 	2.970269 	0.797261 	1.604875 	2.406372 	1.178187 	2.560395 	1.073837 	0.925338 	1.173936 	2.829421 	1.185327 	1.908042 	1.879162 	1.276959 	2.840004 	
0.237171 	0.618466 	0.465027 	1.165386 	0.834416 	0.491172 	2.050152 	2.120289 	1.543535 	0.755811 	0.395285 	9.000000 	0.269258 	0.075000 	2.581182 	0.491172 	0.640800 	1.375682 	0.955249 	2.130288 	0.900347 	2.255271 	2.467919 	0.625000 	1.878330 	1.418846 	0.745822 	1.026219 	0.905883 	0.731864 	0.691466 	1.095730 	2.596392 	0.740355 	1.225000 	2.013237 	0.887764 	2.169245 	0.831038 	1.123610 	0.937083 	2.440415 	0.954594 	1.525820 	1.500000 	1.015197 	2.450128 	
0.215058 	0.886002 	0.276134 	1.434617 	1.098294 	0.395285 	2.310438 	2.380257 	1.812457 	0.990581 	0.127475 	0.269258 	9.000000 	0.251247 	2.829311 	0.530330 	0.500625 	1.644688 	0.721110 	2.392305 	1.152443 	2.517191 	2.725459 	0.742041 	2.146654 	1.686157 	0.629484 	1.275980 	0.721543 	0.642748 	0.850368 	0.883530 	2.855039 	0.742041 	1.478386 	2.282132 	1.068001 	2.437340 	0.973717 	0.961769 	1.076162 	2.707513 	1.089151 	1.781327 	1.752855 	1.173936 	2.717651 	
0.167705 	0.640800 	0.406971 	1.196349 	0.848896 	0.419076 	2.096724 	2.167083 	1.576586 	0.818917 	0.378319 	0.075000 	0.251247 	9.000000 	2.635455 	0.419076 	0.571183 	1.402007 	0.901734 	2.175144 	0.901388 	2.300136 	2.516446 	0.566789 	1.913439 	1.439184 	0.673146 	1.025305 	0.840387 	0.657647 	0.645174 	1.035012 	2.643979 	0.667083 	1.227294 	2.046033 	0.850000 	2.204824 	0.781025 	1.053862 	0.886707 	2.478155 	0.903120 	1.530114 	1.501874 	0.970824 	2.486966 	
2.796650 	2.080865 	3.042408 	1.576586 	1.981477 	3.018485 	0.625000 	0.564026 	1.264911 	1.841535 	2.937899 	2.581182 	2.829311 	2.635455 	9.000000 	2.865528 	3.178541 	1.486607 	3.536241 	0.604669 	2.079814 	0.525595 	0.292617 	2.748295 	1.007782 	1.559046 	3.245189 	2.051981 	3.460220 	3.200098 	2.629757 	3.666487 	0.318198 	3.058288 	1.937298 	1.000312 	2.551103 	0.859142 	2.705665 	3.640055 	2.741464 	0.726722 	2.764281 	1.820886 	1.874166 	2.669387 	0.760345 	
0.320156 	0.785016 	0.412311 	1.325943 	0.921954 	0.250000 	2.285963 	2.356507 	1.700368 	1.140175 	0.610328 	0.491172 	0.530330 	0.419076 	2.865528 	9.000000 	0.371652 	1.495410 	0.807001 	2.352791 	0.896172 	2.475884 	2.711665 	0.251247 	2.039148 	1.497707 	0.390512 	0.995301 	0.638847 	0.336341 	0.400780 	0.862047 	2.831960 	0.251247 	1.198176 	2.155371 	0.625000 	2.327150 	0.485412 	0.778621 	0.577170 	2.608759 	0.585235 	1.495201 	1.454734 	0.691466 	2.612111 	
0.403887 	1.114955 	0.230489 	1.671077 	1.275980 	0.160078 	2.616295 	2.687006 	2.050152 	1.386768 	0.498121 	0.640800 	0.500625 	0.571183 	3.178541 	0.371652 	9.000000 	1.851520 	0.436606 	2.687936 	1.263428 	2.812139 	3.040765 	0.608276 	2.390084 	1.860779 	0.134629 	1.365650 	0.282843 	0.176777 	0.764853 	0.500000 	3.164352 	0.395285 	1.569236 	2.510976 	0.982980 	2.680019 	0.825379 	0.482830 	0.901388 	2.960152 	0.903120 	1.866815 	1.826369 	1.025305 	2.965004 	
1.531747 	0.761577 	1.777991 	0.225000 	0.575543 	1.698897 	0.863496 	0.929045 	0.223607 	0.892328 	1.770946 	1.375682 	1.644688 	1.402007 	1.486607 	1.495410 	1.851520 	9.000000 	2.263846 	0.905883 	0.620987 	1.020416 	1.275000 	1.325943 	0.548293 	0.125000 	1.885802 	0.570636 	2.130288 	1.827738 	1.187697 	2.351197 	1.380670 	1.644118 	0.456207 	0.660019 	1.076162 	0.832541 	1.241219 	2.267157 	1.265158 	1.114955 	1.286954 	0.458939 	0.492443 	1.185591 	1.117195 	
0.745822 	1.511622 	0.496236 	2.073192 	1.690044 	0.571183 	2.996352 	3.066859 	2.454587 	1.706239 	0.637377 	0.955249 	0.721110 	0.901734 	3.536241 	0.807001 	0.436606 	2.263846 	9.000000 	3.072967 	1.690599 	3.197851 	3.417327 	1.044330 	2.794302 	2.281036 	0.475657 	1.796698 	0.246221 	0.550568 	1.201301 	0.201556 	3.544185 	0.800391 	2.001406 	2.920295 	1.417965 	3.085551 	1.256234 	0.430116 	1.325943 	3.363127 	1.325236 	2.300679 	2.261084 	1.451938 	3.369811 	
2.327150 	1.573412 	2.576941 	1.030776 	1.440703 	2.529452 	0.100000 	0.070711 	0.682367 	1.442437 	2.510105 	2.130288 	2.392305 	2.175144 	0.604669 	2.352791 	2.687936 	0.905883 	3.072967 	9.000000 	1.518634 	0.125000 	0.369121 	2.210204 	0.403113 	0.965660 	2.740552 	1.476482 	2.970690 	2.689098 	2.080865 	3.185122 	0.480234 	2.526114 	1.346291 	0.412311 	1.981477 	0.320156 	2.143887 	3.131393 	2.170829 	0.403113 	2.192744 	1.216552 	1.270089 	2.090753 	0.431567 	
0.995301 	0.347311 	1.226020 	0.506211 	0.167705 	1.119431 	1.466714 	1.535008 	0.840015 	0.805062 	1.278916 	0.900347 	1.152443 	0.901388 	2.079814 	0.896172 	1.263428 	0.620987 	1.690599 	1.518634 	9.000000 	1.636498 	1.886796 	0.707990 	1.168867 	0.605186 	1.282819 	0.127475 	1.535008 	1.220656 	0.566789 	1.758195 	1.997029 	1.025914 	0.325960 	1.273283 	0.474342 	1.449569 	0.626498 	1.655483 	0.664266 	1.732412 	0.687841 	0.629484 	0.600521 	0.608276 	1.732772 	
2.452040 	1.697425 	2.701851 	1.152443 	1.562050 	2.653771 	0.213600 	0.152069 	0.797653 	1.565248 	2.634862 	2.255271 	2.517191 	2.300136 	0.525595 	2.475884 	2.812139 	1.020416 	3.197851 	0.125000 	1.636498 	9.000000 	0.261008 	2.330906 	0.498121 	1.073837 	2.864001 	1.590794 	3.094855 	2.812139 	2.200142 	3.309551 	0.360555 	2.647286 	1.454519 	0.475000 	2.096575 	0.340037 	2.260669 	3.254420 	2.285416 	0.325000 	2.307054 	1.309819 	1.364276 	2.202981 	0.357946 	
2.672195 	1.928892 	2.921151 	1.395081 	1.805028 	2.881514 	0.425735 	0.355317 	1.051487 	1.754459 	2.840004 	2.467919 	2.725459 	2.516446 	0.292617 	2.711665 	3.040765 	1.275000 	3.417327 	0.369121 	1.886796 	0.261008 	9.000000 	2.575121 	0.759111 	1.332760 	3.097681 	1.845603 	3.323590 	3.047950 	2.447703 	3.535711 	0.134629 	2.890069 	1.713549 	0.728869 	2.350532 	0.575543 	2.512469 	3.490075 	2.539931 	0.437321 	2.561860 	1.570430 	1.625000 	2.459675 	0.471699 	
0.527376 	0.687841 	0.661910 	1.180042 	0.770146 	0.500625 	2.150581 	2.220360 	1.540495 	1.126111 	0.838525 	0.625000 	0.742041 	0.566789 	2.748295 	0.251247 	0.608276 	1.325943 	1.044330 	2.210204 	0.707990 	2.330906 	2.575121 	9.000000 	1.874166 	1.312441 	0.594243 	0.790569 	0.854400 	0.525595 	0.158114 	1.077033 	2.690376 	0.318198 	0.986154 	1.981161 	0.375832 	2.156965 	0.237171 	0.950329 	0.335410 	2.439775 	0.347311 	1.274755 	1.231107 	0.443001 	2.440543 	
2.053807 	1.282819 	2.302851 	0.721110 	1.117195 	2.235090 	0.403113 	0.450000 	0.340037 	1.270089 	2.270050 	1.878330 	2.146654 	1.913439 	1.007782 	2.039148 	2.390084 	0.548293 	2.794302 	0.403113 	1.168867 	0.498121 	0.759111 	1.874166 	9.000000 	0.583095 	2.429635 	1.110180 	2.670674 	2.373025 	1.735655 	2.890069 	0.850368 	2.192316 	0.961769 	0.150000 	1.615936 	0.291548 	1.785007 	2.813472 	1.802776 	0.570088 	1.823630 	0.813941 	0.867828 	1.715007 	0.575543 	
1.559848 	0.800391 	1.802255 	0.316228 	0.594243 	1.711907 	0.934077 	0.996243 	0.301040 	0.989002 	1.813319 	1.418846 	1.686157 	1.439184 	1.559046 	1.497707 	1.860779 	0.125000 	2.281036 	0.965660 	0.605186 	1.073837 	1.332760 	1.312441 	0.583095 	9.000000 	1.886299 	0.531507 	2.136001 	1.825171 	1.167262 	2.358495 	1.431127 	1.629801 	0.380789 	0.672681 	1.035012 	0.851469 	1.206752 	2.260669 	1.220656 	1.133578 	1.241219 	0.335410 	0.371652 	1.131923 	1.131923 	
0.509902 	1.168867 	0.364006 	1.715554 	1.312441 	0.254951 	2.672195 	2.742832 	2.090753 	1.477329 	0.632456 	0.745822 	0.629484 	0.673146 	3.245189 	0.390512 	0.134629 	1.885802 	0.475657 	2.740552 	1.282819 	2.864001 	3.097681 	0.594243 	2.429635 	1.886299 	9.000000 	1.376817 	0.261008 	0.075000 	0.752080 	0.482830 	3.219084 	0.325000 	1.576586 	2.545707 	0.958188 	2.717651 	0.789383 	0.395285 	0.853302 	2.999271 	0.851469 	1.868321 	1.825171 	0.980115 	3.002603 	
1.113833 	0.469707 	1.340009 	0.502494 	0.265754 	1.226020 	1.431782 	1.498332 	0.794119 	0.903120 	1.402007 	1.026219 	1.275980 	1.025305 	2.051981 	0.995301 	1.365650 	0.570636 	1.796698 	1.476482 	0.127475 	1.590794 	1.845603 	0.790569 	1.110180 	0.531507 	1.376817 	9.000000 	1.632483 	1.311964 	0.640312 	1.856071 	1.950801 	1.105102 	0.206155 	1.204159 	0.506211 	1.382932 	0.675463 	1.740869 	0.694622 	1.665083 	0.716327 	0.509902 	0.477624 	0.617454 	1.663205 	
0.673146 	1.397542 	0.450694 	1.952562 	1.555032 	0.442295 	2.899138 	2.969848 	2.330906 	1.659254 	0.676849 	0.905883 	0.721543 	0.840387 	3.460220 	0.638847 	0.282843 	2.130288 	0.246221 	2.970690 	1.535008 	3.094855 	3.323590 	0.854400 	2.670674 	2.136001 	0.261008 	1.632483 	9.000000 	0.333542 	1.012423 	0.223607 	3.447191 	0.579871 	1.833712 	2.790161 	1.219118 	2.960152 	1.049405 	0.251247 	1.110180 	3.240756 	1.107080 	2.127205 	2.084616 	1.237437 	3.245189 	
0.500625 	1.120547 	0.391312 	1.661701 	1.256234 	0.251247 	2.622261 	2.692814 	2.034853 	1.448491 	0.660019 	0.731864 	0.642748 	0.657647 	3.200098 	0.336341 	0.176777 	1.827738 	0.550568 	2.689098 	1.220656 	2.812139 	3.047950 	0.525595 	2.373025 	1.825171 	0.075000 	1.311964 	0.333542 	9.000000 	0.682825 	0.553399 	3.168300 	0.250000 	1.510381 	2.487217 	0.886002 	2.660122 	0.715891 	0.442295 	0.778621 	2.942151 	0.776611 	1.800347 	1.756595 	0.905539 	2.944911 	
0.640800 	0.604669 	0.803508 	1.054751 	0.648556 	0.650481 	2.024846 	2.094039 	1.405569 	1.079641 	0.956883 	0.691466 	0.850368 	0.645174 	2.629757 	0.400780 	0.764853 	1.187697 	1.201301 	2.080865 	0.566789 	2.200142 	2.447703 	0.158114 	1.735655 	1.167262 	0.752080 	0.640312 	1.012423 	0.682825 	9.000000 	1.234909 	2.560395 	0.465027 	0.832166 	1.838478 	0.226385 	2.015564 	0.145774 	1.102554 	0.250000 	2.298369 	0.270416 	1.118034 	1.073837 	0.325960 	2.298097 	
0.870704 	1.613420 	0.630971 	2.170829 	1.775704 	0.656220 	3.112073 	3.182766 	2.550122 	1.851520 	0.814325 	1.095730 	0.883530 	1.035012 	3.666487 	0.862047 	0.500000 	2.351197 	0.201556 	3.185122 	1.758195 	3.309551 	3.535711 	1.077033 	2.890069 	2.358495 	0.482830 	1.856071 	0.223607 	0.553399 	1.234909 	9.000000 	3.660345 	0.794512 	2.057304 	3.010814 	1.439184 	3.180016 	1.267379 	0.270416 	1.323820 	3.460130 	1.319327 	2.350532 	2.307732 	1.451293 	3.465003 	
