Total assets = 584
Number of asset nodes = 40

Distance:
999.000000 	8.062258 	87.783829 	44.384682 	15.132746 	35.440090 	55.946404 	61.717098 	12.083046 	73.061615 	57.384666 	99.904953 	26.172504 	43.931767 	86.267029 	96.674713 	102.727798 	56.920998 	16.278820 	19.416489 	32.388271 	72.498276 	113.172432 	21.213203 	20.024984 	65.787537 	51.788029 	28.844410 	46.097721 	22.022715 	26.925823 	80.112419 	32.249031 	38.288380 	70.213959 	29.681644 	67.446274 	85.866173 	25.179358 	51.039200 	28.861740 	25.709921 	84.172440 	96.747093 	68.658577 	35.341194 	93.021500 	114.201576 	103.773796 	29.681644 	59.135437 	32.756680 	91.285271 	
8.062258 	999.000000 	95.671310 	52.392746 	22.090721 	43.324360 	63.976559 	69.771057 	13.892444 	81.123360 	65.391129 	107.814659 	18.439089 	51.662365 	94.302704 	104.637466 	110.634537 	64.845970 	15.620500 	15.297058 	39.012817 	80.529495 	121.016525 	24.596748 	17.888544 	73.736015 	59.439045 	21.931713 	53.460266 	18.973665 	31.622776 	88.141930 	25.632011 	30.805843 	78.108902 	34.176014 	75.286118 	93.914856 	23.259407 	58.309521 	24.000000 	24.698177 	92.195442 	104.809349 	76.400261 	29.120440 	101.074226 	122.200653 	111.830231 	31.144823 	66.483078 	28.000000 	99.317673 	
87.783829 	95.671310 	999.000000 	48.373547 	78.873314 	57.982758 	38.626415 	32.572994 	92.195442 	22.090721 	38.897301 	12.206555 	113.951744 	54.625999 	11.661903 	10.198039 	15.000000 	42.449970 	97.308784 	104.139328 	72.006943 	29.017237 	25.495098 	89.308456 	101.671036 	37.121422 	51.923019 	115.974136 	59.135437 	104.484451 	84.219948 	27.202942 	118.869675 	125.872955 	38.052597 	85.000000 	41.000000 	24.186773 	104.403069 	58.694122 	112.929184 	102.649887 	27.730848 	21.954498 	44.045429 	121.165176 	24.758837 	27.856777 	23.345236 	97.247108 	55.326305 	116.038788 	27.658634 	
44.384682 	52.392746 	48.373547 	999.000000 	32.202484 	9.899495 	11.661903 	17.804493 	45.607018 	29.732138 	13.000000 	59.640591 	69.462219 	8.246211 	43.863426 	55.605755 	62.425957 	13.038404 	50.328918 	57.628117 	23.769728 	28.178005 	73.498299 	41.231056 	54.488529 	21.587032 	12.806249 	70.213959 	14.866069 	57.314919 	35.846897 	35.777088 	72.622307 	80.448738 	26.305893 	36.674240 	24.020824 	41.677334 	56.639210 	18.027756 	65.795135 	54.671749 	39.812057 	53.009434 	26.076809 	74.411018 	48.877399 	72.138756 	60.440052 	48.877399 	22.203604 	68.593002 	46.957428 	
15.132746 	22.090721 	78.873314 	32.202484 	999.000000 	22.472204 	43.829212 	50.000000 	13.453624 	61.846584 	44.944408 	90.686272 	37.576588 	30.083218 	75.742989 	87.000000 	93.509361 	43.829212 	18.439089 	25.495098 	17.262676 	60.207973 	104.350372 	13.000000 	22.803509 	52.773098 	37.643059 	38.013157 	31.400637 	25.612497 	14.422205 	67.742157 	40.459858 	48.259712 	56.859474 	17.204651 	53.851646 	73.783470 	25.942244 	36.221542 	34.058773 	24.698177 	71.693794 	85.211502 	54.708317 	42.426407 	80.993828 	104.004807 	92.617493 	23.021729 	44.407207 	37.202152 	78.892334 	
35.440090 	43.324360 	57.982758 	9.899495 	22.472204 	999.000000 	21.400934 	27.658634 	35.805027 	39.623226 	22.472204 	69.404610 	59.941639 	9.055386 	53.758720 	65.436989 	72.201111 	21.540659 	40.459858 	47.801674 	15.132746 	37.735924 	83.234612 	31.400637 	44.598206 	30.463093 	17.029387 	60.464867 	13.892444 	47.423622 	26.400757 	45.276924 	62.801273 	70.724815 	34.785053 	27.513634 	32.015621 	51.312767 	46.754681 	18.788294 	55.901699 	44.821869 	49.244289 	62.801273 	33.376640 	64.536812 	58.523499 	82.036575 	70.292244 	39.357338 	25.709921 	58.694122 	56.435802 	
55.946404 	63.976559 	38.626415 	11.661903 	43.829212 	21.400934 	999.000000 	6.403124 	57.201397 	18.439089 	2.236068 	49.244289 	81.123360 	16.124516 	32.802441 	44.944408 	51.971146 	5.830952 	61.846584 	69.202599 	33.837849 	16.552946 	63.134777 	52.345009 	65.946945 	11.045361 	14.000000 	81.841309 	20.615528 	68.767723 	46.400433 	24.166092 	84.202141 	92.086914 	16.124516 	46.872166 	14.866069 	30.016663 	67.882248 	21.000000 	77.233414 	65.795135 	28.231188 	41.400482 	17.888544 	85.912750 	37.215588 	60.959003 	48.918301 	59.405388 	20.615528 	79.931221 	35.341194 	
61.717098 	69.771057 	32.572994 	17.804493 	50.000000 	27.658634 	6.403124 	999.000000 	63.411354 	12.041595 	6.324555 	42.941822 	87.132080 	22.472204 	26.400757 	38.587563 	45.650848 	10.049875 	68.117546 	75.432091 	40.224369 	11.180340 	56.824291 	58.728188 	72.249565 	9.219544 	19.416489 	88.005684 	26.570660 	75.073296 	52.801514 	18.681541 	90.426765 	98.229324 	13.892444 	53.254108 	14.142136 	24.166092 	74.249580 	26.305893 	83.546394 	72.180328 	22.803509 	35.227829 	17.691807 	92.195442 	31.304953 	54.561890 	42.638012 	65.802734 	24.331051 	86.278618 	29.732138 	
12.083046 	13.892444 	92.195442 	45.607018 	13.453624 	35.805027 	57.201397 	63.411354 	999.000000 	75.286118 	58.249462 	104.062485 	25.000000 	42.941822 	89.196411 	100.419121 	106.887794 	56.938564 	5.385165 	12.041595 	27.658634 	73.498299 	117.686020 	10.770329 	9.848858 	65.863495 	50.159744 	24.698177 	43.324360 	12.529964 	18.248287 	80.993828 	27.018513 	34.985710 	69.771057 	20.615528 	66.640831 	87.091904 	14.142136 	47.801674 	20.808653 	14.035668 	84.905830 	98.600204 	67.230942 	29.000000 	94.302704 	117.456375 	106.042442 	17.804493 	56.044624 	24.186773 	92.114059 	
73.061615 	81.123360 	22.090721 	29.732138 	61.846584 	39.623226 	18.439089 	12.041595 	75.286118 	999.000000 	18.027756 	31.384710 	98.737022 	34.409302 	14.422205 	26.832815 	34.014702 	21.023796 	80.056229 	87.321243 	52.201534 	7.615773 	45.188496 	70.767227 	84.219948 	15.033297 	30.463093 	99.809822 	38.013157 	87.045967 	64.815125 	10.770329 	102.303467 	110.000000 	16.492422 	65.215027 	19.104973 	14.035668 	86.278618 	37.000000 	95.524864 	84.219948 	14.317822 	23.706539 	22.360680 	104.139328 	20.615528 	42.520584 	30.805843 	77.801025 	33.241539 	98.290382 	20.024984 	
57.384666 	65.391129 	38.897301 	13.000000 	44.944408 	22.472204 	2.236068 	6.324555 	58.249462 	18.027756 	999.000000 	49.193497 	82.365044 	16.401220 	32.449963 	44.777225 	51.884487 	4.123106 	62.801273 	70.213959 	34.205261 	15.264338 	63.063461 	53.037724 	66.843102 	9.000000 	13.152946 	82.927681 	20.248457 	69.656296 	46.861500 	22.825424 	85.211502 	93.193344 	14.035668 	47.201694 	12.649111 	28.844410 	68.622154 	20.099751 	78.102493 	66.468040 	26.832815 	40.459858 	15.652476 	86.833176 	36.055511 	60.440052 	48.104053 	59.816387 	18.973665 	80.721741 	34.000000 	
99.904953 	107.814659 	12.206555 	59.640591 	90.686272 	69.404610 	49.244289 	42.941822 	104.062485 	31.384710 	49.193497 	999.000000 	126.063477 	65.368187 	17.464249 	5.000000 	2.828427 	52.392746 	109.123779 	116.043098 	83.006027 	37.107952 	13.892444 	100.801788 	113.454834 	45.880280 	61.846584 	127.988281 	69.354164 	116.275536 	95.414886 	33.060551 	130.831955 	137.931137 	45.705578 	96.041656 	49.030602 	28.071337 	116.038788 	68.352028 	124.739731 	114.201576 	32.062439 	20.124611 	51.623638 	133.056381 	25.298222 	16.278820 	17.029387 	108.452751 	64.031242 	127.781059 	29.120440 	
26.172504 	18.439089 	113.951744 	69.462219 	37.576588 	59.941639 	81.123360 	87.132080 	25.000000 	98.737022 	82.365044 	126.063477 	999.000000 	67.623962 	112.200714 	122.788437 	128.887543 	81.394104 	22.090721 	15.033297 	52.630791 	97.616600 	139.344894 	34.132095 	20.099751 	90.338257 	75.026665 	6.708204 	68.308128 	18.439089 	42.190044 	105.190300 	10.440307 	12.529964 	94.429871 	44.045429 	91.389275 	111.139549 	23.086792 	72.801102 	15.620500 	25.961510 	109.178749 	122.331520 	92.114059 	14.560220 	118.338501 	140.246216 	129.529922 	35.693138 	81.043198 	18.439089 	116.361504 	
43.931767 	51.662365 	54.625999 	8.246211 	30.083218 	9.055386 	16.124516 	22.472204 	42.941822 	34.409302 	16.401220 	65.368187 	67.623962 	999.000000 	48.826221 	61.057350 	68.095520 	14.212670 	47.169907 	54.708317 	17.804493 	31.144823 	79.259071 	36.878178 	51.039200 	23.021729 	8.000000 	67.601776 	6.708204 	53.823788 	30.479502 	38.418747 	69.641945 	77.897369 	26.832815 	30.805843 	23.769728 	44.687805 	52.497620 	10.630146 	62.201286 	50.249378 	42.201897 	56.586216 	24.738634 	71.028160 	51.855568 	76.837494 	64.350601 	43.416588 	16.763054 	64.660652 	49.406479 	
86.267029 	94.302704 	11.661903 	43.863426 	75.742989 	53.758720 	32.802441 	26.400757 	89.196411 	14.422205 	32.449963 	17.464249 	112.200714 	48.826221 	999.000000 	12.649111 	19.924858 	35.355339 	94.069122 	101.237343 	66.610809 	19.646883 	31.016125 	85.041168 	98.290382 	28.460499 	44.721359 	113.569359 	52.354561 	101.118744 	79.202271 	16.124516 	116.180893 	123.693169 	28.284271 	79.630394 	31.575306 	12.529964 	100.498756 	51.078373 	109.603828 	98.493652 	16.155495 	13.038404 	34.234486 	118.139748 	13.892444 	28.284271 	18.027756 	92.200867 	46.572525 	112.449989 	16.278820 	
96.674713 	104.637466 	10.198039 	55.605755 	87.000000 	65.436989 	44.944408 	38.587563 	100.419121 	26.832815 	44.777225 	5.000000 	122.788437 	61.057350 	12.649111 	999.000000 	7.280110 	47.853943 	105.418213 	112.432205 	78.771820 	32.280025 	18.384777 	96.829750 	109.713264 	41.109608 	57.271286 	124.523087 	64.845970 	112.538879 	91.263351 	28.071337 	127.287079 	134.536240 	40.792156 	91.809586 	44.147480 	23.086792 	112.160599 	63.694584 	121.016525 	110.258789 	27.073973 	15.811388 	46.690472 	129.417923 	20.615528 	17.888544 	14.317822 	104.292854 	59.203041 	123.987900 	24.351591 	
102.727798 	110.634537 	15.000000 	62.425957 	93.509361 	72.201111 	51.971146 	45.650848 	106.887794 	34.014702 	51.884487 	2.828427 	128.887543 	68.095520 	19.924858 	7.280110 	999.000000 	55.036350 	111.946419 	118.869675 	85.755463 	39.560081 	11.180340 	103.600197 	116.275536 	48.383881 	64.474800 	130.816666 	72.013885 	119.096596 	98.183502 	35.227829 	133.660019 	140.758652 	48.052055 	98.792709 	51.419842 	30.000000 	118.848640 	70.936592 	127.561752 	117.004272 	34.000000 	21.189621 	53.935146 	135.882309 	26.683329 	14.035668 	17.029387 	111.220505 	66.483078 	130.598618 	30.594116 	
56.920998 	64.845970 	42.449970 	13.038404 	43.829212 	21.540659 	5.830952 	10.049875 	56.938564 	21.023796 	4.123106 	52.392746 	81.394104 	14.212670 	35.355339 	47.853943 	55.036350 	999.000000 	61.294373 	68.796799 	31.827662 	16.970562 	66.211784 	51.088158 	65.215027 	8.944272 	9.486833 	81.633324 	17.000000 	68.007355 	44.553337 	24.207438 	83.761566 	91.923882 	13.341664 	44.687805 	11.000000 	30.479502 	66.708321 	16.278820 	76.400261 	64.443771 	28.017851 	42.426407 	13.341664 	85.211502 	37.643059 	63.007935 	50.249378 	57.384666 	14.866069 	78.873314 	35.227829 	
16.278820 	15.620500 	97.308784 	50.328918 	18.439089 	40.459858 	61.846584 	68.117546 	5.385165 	80.056229 	62.801273 	109.123779 	22.090721 	47.169907 	94.069122 	105.418213 	111.946419 	61.294373 	999.000000 	7.615773 	31.016125 	78.006409 	122.788437 	12.041595 	4.472136 	70.178345 	54.120235 	20.615528 	47.010635 	7.211102 	20.099751 	85.445892 	22.472204 	30.870699 	73.925636 	22.000000 	70.710678 	91.607857 	9.000000 	51.264023 	15.620500 	9.486833 	89.308456 	103.232750 	71.112587 	24.083189 	98.812958 	122.347862 	110.751976 	15.811388 	59.464275 	18.867962 	96.519424 	
19.416489 	15.297058 	104.139328 	57.628117 	25.495098 	47.801674 	69.202599 	75.432091 	12.041595 	87.321243 	70.213959 	116.043098 	15.033297 	54.708317 	101.237343 	112.432205 	118.869675 	68.796799 	7.615773 	999.000000 	38.626415 	85.445892 	129.634094 	19.416489 	5.099020 	77.698135 	61.717098 	13.000000 	54.625999 	4.242640 	27.459061 	92.913940 	15.000000 	23.259407 	81.492332 	29.154760 	78.294319 	99.045441 	9.219544 	58.872746 	9.486833 	11.661903 	96.798759 	110.602890 	78.721024 	17.029387 	106.254410 	129.495178 	118.067780 	20.880613 	67.067131 	13.341664 	104.009613 	
32.388271 	39.012817 	72.006943 	23.769728 	17.262676 	15.132746 	33.837849 	40.224369 	27.658634 	52.201534 	34.205261 	83.006027 	52.630791 	17.804493 	66.610809 	78.771820 	85.755463 	31.827662 	31.016125 	38.626415 	999.000000 	48.795490 	96.896851 	19.723083 	34.438351 	40.360870 	23.600847 	51.623638 	16.124516 	37.121422 	12.727922 	55.901699 	53.225933 	61.846584 	43.600460 	13.038404 	40.224369 	62.241467 	35.227829 	20.248457 	45.276924 	32.802441 	59.548298 	74.249580 	40.311287 	54.203320 	69.354164 	94.641426 	82.073135 	25.612497 	28.460499 	47.434166 	66.708321 	
72.498276 	80.529495 	29.017237 	28.178005 	60.207973 	37.735924 	16.552946 	11.180340 	73.498299 	7.615773 	15.264338 	37.107952 	97.616600 	31.144823 	19.646883 	32.280025 	39.560081 	16.970562 	78.006409 	85.445892 	48.795490 	999.000000 	50.596443 	68.014702 	82.006096 	8.944272 	25.806976 	98.183502 	33.600594 	84.811554 	61.522354 	7.615773 	100.439034 	108.452751 	9.055386 	61.619801 	12.041595 	13.601471 	83.630135 	31.764761 	93.236259 	81.394104 	11.704700 	25.455845 	15.033297 	102.004898 	20.808653 	46.324940 	33.301651 	74.330345 	26.925823 	95.775780 	18.788294 	
113.172432 	121.016525 	25.495098 	73.498299 	104.350372 	83.234612 	63.134777 	56.824291 	117.686020 	45.188496 	63.063461 	13.892444 	139.344894 	79.259071 	31.016125 	18.384777 	11.180340 	66.211784 	122.788437 	129.634094 	96.896851 	50.596443 	999.000000 	114.621117 	127.141655 	59.464275 	75.643906 	141.449631 	83.192551 	129.957687 	109.293182 	45.891174 	144.360657 	151.320847 	58.940647 	109.931801 	62.361847 	40.311287 	129.807556 	82.079231 	138.408813 	128.003906 	44.283180 	30.066593 	64.761101 	146.659470 	36.013885 	12.727922 	23.769728 	122.331520 	77.491936 	141.495590 	40.012497 	
21.213203 	24.596748 	89.308456 	41.231056 	13.000000 	31.400637 	52.345009 	58.728188 	10.770329 	70.767227 	53.037724 	100.801788 	34.132095 	36.878178 	85.041168 	96.829750 	103.600197 	51.088158 	12.041595 	19.416489 	19.723083 	68.014702 	114.621117 	999.000000 	14.866069 	59.816387 	43.266617 	32.280025 	35.846897 	17.464249 	8.062258 	75.286118 	33.615471 	42.379242 	63.245552 	10.049875 	59.908264 	81.565926 	15.620500 	39.812057 	25.553865 	13.453624 	79.025314 	93.434471 	60.033325 	34.481880 	88.729927 	113.278419 	101.138519 	10.049875 	47.927029 	27.802877 	86.214851 	
20.024984 	17.888544 	101.671036 	54.488529 	22.803509 	44.598206 	65.946945 	72.249565 	9.848858 	84.219948 	66.843102 	113.454834 	20.099751 	51.039200 	98.290382 	109.713264 	116.275536 	65.215027 	4.472136 	5.099020 	34.438351 	82.006096 	127.141655 	14.866069 	999.000000 	74.060783 	57.801384 	17.464249 	50.537113 	2.828427 	22.803509 	89.403580 	18.788294 	27.513634 	77.698135 	24.331051 	74.431175 	95.603348 	5.385165 	54.625999 	11.313708 	7.071068 	93.230896 	107.298645 	74.706093 	20.000000 	102.800781 	126.574089 	114.865135 	15.811388 	62.769421 	14.422205 	100.439034 	
65.787537 	73.736015 	37.121422 	21.587032 	52.773098 	30.463093 	11.045361 	9.219544 	65.863495 	15.033297 	9.000000 	45.880280 	90.338257 	23.021729 	28.460499 	41.109608 	48.383881 	8.944272 	70.178345 	77.698135 	40.360870 	8.944272 	59.464275 	59.816387 	74.060783 	999.000000 	17.029387 	90.553848 	24.839485 	76.843994 	53.075417 	15.556349 	92.649879 	100.846420 	5.099020 	53.037724 	5.000000 	21.931713 	75.432091 	22.825424 	85.211502 	73.109505 	19.209373 	34.058773 	8.602325 	94.047859 	29.000000 	55.226807 	42.011902 	65.764732 	18.248287 	87.618492 	26.400757 	
51.788029 	59.439045 	51.923019 	12.806249 	37.643059 	17.029387 	14.000000 	19.416489 	50.159744 	30.463093 	13.152946 	61.846584 	75.026665 	8.000000 	44.721359 	57.271286 	64.474800 	9.486833 	54.120235 	61.717098 	23.600847 	25.806976 	75.643906 	43.266617 	57.801384 	17.029387 	999.000000 	74.686012 	7.810250 	60.539242 	36.235340 	32.557640 	76.537575 	84.970581 	20.000000 	36.069378 	16.643316 	38.948685 	58.821766 	7.000000 	68.796799 	56.400356 	36.069378 	51.088158 	17.088007 	77.698135 	45.967381 	72.111023 	59.033890 	48.795490 	9.433981 	71.028160 	43.185646 	
28.844410 	21.931713 	115.974136 	70.213959 	38.013157 	60.464867 	81.841309 	88.005684 	24.698177 	99.809822 	82.927681 	127.988281 	6.708204 	67.601776 	113.569359 	124.523087 	130.816666 	81.633324 	20.615528 	13.000000 	51.623638 	98.183502 	141.449631 	32.280025 	17.464249 	90.553848 	74.686012 	999.000000 	67.623962 	15.132746 	40.261642 	105.688217 	4.000000 	10.295630 	94.413979 	41.773197 	91.241440 	111.772087 	19.026299 	71.867935 	9.848858 	22.022715 	109.603828 	123.223373 	91.706055 	8.062258 	118.983192 	141.767410 	130.602448 	32.015621 	80.056229 	12.041595 	116.811813 	
46.097721 	53.460266 	59.135437 	14.866069 	31.400637 	13.892444 	20.615528 	26.570660 	43.324360 	38.013157 	20.248457 	69.354164 	68.308128 	6.708204 	52.354561 	64.845970 	72.013885 	17.000000 	47.010635 	54.625999 	16.124516 	33.600594 	83.192551 	35.846897 	50.537113 	24.839485 	7.810250 	67.623962 	999.000000 	53.235325 	28.600698 	40.360870 	69.318108 	77.878113 	27.658634 	28.319605 	24.207438 	46.754681 	51.312767 	5.099020 	61.400326 	48.826221 	43.840622 	58.898216 	24.186773 	70.327805 	53.758720 	79.881165 	66.843102 	41.036568 	13.038404 	63.513779 	50.931328 	
22.022715 	18.973665 	104.484451 	57.314919 	25.612497 	47.423622 	68.767723 	75.073296 	12.529964 	87.045967 	69.656296 	116.275536 	18.439089 	53.823788 	101.118744 	112.538879 	119.096596 	68.007355 	7.211102 	4.242640 	37.121422 	84.811554 	129.957687 	17.464249 	2.828427 	76.843994 	60.539242 	15.132746 	53.235325 	999.000000 	25.298222 	92.200867 	16.155495 	25.000000 	80.454956 	26.683329 	77.175125 	98.407318 	5.000000 	57.271286 	8.485281 	7.615773 	96.020828 	110.113579 	77.414467 	17.204651 	105.603027 	129.402466 	117.686020 	17.262676 	65.391129 	11.661903 	103.227905 	
26.925823 	31.622776 	84.219948 	35.846897 	14.422205 	26.400757 	46.400433 	52.801514 	18.248287 	64.815125 	46.861500 	95.414886 	42.190044 	30.479502 	79.202271 	91.263351 	98.183502 	44.553337 	20.099751 	27.459061 	12.727922 	61.522354 	109.293182 	8.062258 	22.803509 	53.075417 	36.235340 	40.261642 	28.600698 	25.298222 	999.000000 	68.622154 	41.436699 	50.289165 	56.222771 	2.828427 	52.801514 	74.966660 	22.825424 	32.249031 	33.105892 	20.248457 	72.249565 	86.977005 	52.697250 	42.047592 	82.073135 	107.298645 	94.794518 	13.038404 	40.249222 	34.985710 	79.397736 	
80.112419 	88.141930 	27.202942 	35.777088 	67.742157 	45.276924 	24.166092 	18.681541 	80.993828 	10.770329 	22.825424 	33.060551 	105.190300 	38.418747 	16.124516 	28.071337 	35.227829 	24.207438 	85.445892 	92.913940 	55.901699 	7.615773 	45.891174 	75.286118 	89.403580 	15.556349 	32.557640 	105.688217 	40.360870 	92.200867 	68.622154 	999.000000 	107.898102 	115.965515 	13.416408 	68.593002 	17.000000 	6.403124 	90.906548 	38.013157 	100.603180 	88.617157 	4.123106 	18.601076 	18.973665 	109.402924 	13.453624 	40.249222 	26.627054 	81.320351 	32.202484 	103.077644 	11.180340 	
32.249031 	25.632011 	118.869675 	72.622307 	40.459858 	62.801273 	84.202141 	90.426765 	27.018513 	102.303467 	85.211502 	130.831955 	10.440307 	69.641945 	116.180893 	127.287079 	133.660019 	83.761566 	22.472204 	15.000000 	53.225933 	100.439034 	144.360657 	33.615471 	18.788294 	92.649879 	76.537575 	4.000000 	69.318108 	16.155495 	41.436699 	107.898102 	999.000000 	9.055386 	96.384644 	42.720020 	93.150414 	114.039467 	19.235384 	73.409805 	9.000000 	22.203604 	111.772087 	125.602547 	93.477272 	4.123106 	121.247681 	144.422989 	133.060135 	32.140316 	81.541397 	9.848858 	118.983192 	
38.288380 	30.805843 	125.872955 	80.448738 	48.259712 	70.724815 	92.086914 	98.229324 	34.985710 	110.000000 	93.193344 	137.931137 	12.529964 	77.897369 	123.693169 	134.536240 	140.758652 	91.923882 	30.870699 	23.259407 	61.846584 	108.452751 	151.320847 	42.379242 	27.513634 	100.846420 	84.970581 	10.295630 	77.878113 	25.000000 	50.289165 	115.965515 	9.055386 	999.000000 	104.709122 	51.662365 	101.533249 	122.036880 	28.284271 	82.079231 	18.027756 	31.257000 	119.887444 	133.454117 	101.980392 	10.440307 	129.247818 	151.855194 	140.801285 	41.194660 	90.249657 	18.248287 	127.094452 	
70.213959 	78.108902 	38.052597 	26.305893 	56.859474 	34.785053 	16.124516 	13.892444 	69.771057 	16.492422 	14.035668 	45.705578 	94.429871 	26.832815 	28.284271 	40.792156 	48.052055 	13.341664 	73.925636 	81.492332 	43.600460 	9.055386 	58.940647 	63.245552 	77.698135 	5.099020 	20.000000 	94.413979 	27.658634 	80.454956 	56.222771 	13.416408 	96.384644 	104.709122 	999.000000 	55.973209 	3.605551 	19.723083 	78.816238 	24.839485 	88.752464 	76.400261 	16.401220 	31.906113 	6.000000 	97.637085 	26.400757 	53.665630 	39.962482 	68.680420 	18.788294 	91.021973 	23.345236 	
29.681644 	34.176014 	85.000000 	36.674240 	17.204651 	27.513634 	46.872166 	53.254108 	20.615528 	65.215027 	47.201694 	96.041656 	44.045429 	30.805843 	79.630394 	91.809586 	98.792709 	44.687805 	22.000000 	29.154760 	13.038404 	61.619801 	109.931801 	10.049875 	24.331051 	53.037724 	36.069378 	41.773197 	28.319605 	26.683329 	2.828427 	68.593002 	42.720020 	51.662365 	55.973209 	999.000000 	52.497620 	74.966660 	23.769728 	31.622776 	34.176014 	21.023796 	72.138756 	87.045967 	52.201534 	43.081318 	82.024384 	107.615051 	94.921021 	12.727922 	39.446167 	35.777088 	79.246452 	
67.446274 	75.286118 	41.000000 	24.020824 	53.851646 	32.015621 	14.866069 	14.142136 	66.640831 	19.104973 	12.649111 	49.030602 	91.389275 	23.769728 	31.575306 	44.147480 	51.419842 	11.000000 	70.710678 	78.294319 	40.224369 	12.041595 	62.361847 	59.908264 	74.431175 	5.000000 	16.643316 	91.241440 	24.207438 	77.175125 	52.801514 	17.000000 	93.150414 	101.533249 	3.605551 	52.497620 	999.000000 	23.323807 	75.451973 	21.260292 	85.440041 	73.006851 	20.000000 	35.510563 	3.605551 	94.339813 	30.000000 	57.245087 	43.566040 	65.192024 	15.231546 	87.658424 	26.907248 	
85.866173 	93.914856 	24.186773 	41.677334 	73.783470 	51.312767 	30.016663 	24.166092 	87.091904 	14.035668 	28.844410 	28.071337 	111.139549 	44.687805 	12.529964 	23.086792 	30.000000 	30.479502 	91.607857 	99.045441 	62.241467 	13.601471 	40.311287 	81.565926 	95.603348 	21.931713 	38.948685 	111.772087 	46.754681 	98.407318 	74.966660 	6.403124 	114.039467 	122.036880 	19.723083 	74.966660 	23.323807 	999.000000 	97.185387 	44.407207 	106.826965 	94.921021 	4.000000 	12.206555 	25.079872 	115.602768 	7.211102 	34.014702 	20.248457 	87.692642 	38.470768 	109.343498 	6.000000 	
25.179358 	23.259407 	104.403069 	56.639210 	25.942244 	46.754681 	67.882248 	74.249580 	14.142136 	86.278618 	68.622154 	116.038788 	23.086792 	52.497620 	100.498756 	112.160599 	118.848640 	66.708321 	9.000000 	9.219544 	35.227829 	83.630135 	129.807556 	15.620500 	5.385165 	75.432091 	58.821766 	19.026299 	51.312767 	5.000000 	22.825424 	90.906548 	19.235384 	28.284271 	78.816238 	23.769728 	75.451973 	97.185387 	999.000000 	55.072678 	10.440307 	3.000000 	94.641426 	109.041275 	75.471848 	19.313208 	104.350372 	128.763351 	116.726173 	13.000000 	63.063461 	12.206555 	101.828285 	
51.039200 	58.309521 	58.694122 	18.027756 	36.221542 	18.788294 	21.000000 	26.305893 	47.801674 	37.000000 	20.099751 	68.352028 	72.801102 	10.630146 	51.078373 	63.694584 	70.936592 	16.278820 	51.264023 	58.872746 	20.248457 	31.764761 	82.079231 	39.812057 	54.625999 	22.825424 	7.000000 	71.867935 	5.099020 	57.271286 	32.249031 	38.013157 	73.409805 	82.079231 	24.839485 	31.622776 	21.260292 	44.407207 	55.072678 	999.000000 	65.299309 	52.478565 	41.231056 	56.612720 	20.615528 	74.242844 	51.224995 	78.032043 	64.637451 	44.204071 	8.246211 	67.230942 	48.166378 	
28.861740 	24.000000 	112.929184 	65.795135 	34.058773 	55.901699 	77.233414 	83.546394 	20.808653 	95.524864 	78.102493 	124.739731 	15.620500 	62.201286 	109.603828 	121.016525 	127.561752 	76.400261 	15.620500 	9.486833 	45.276924 	93.236259 	138.408813 	25.553865 	11.313708 	85.211502 	68.796799 	9.848858 	61.400326 	8.485281 	33.105892 	100.603180 	9.000000 	18.027756 	88.752464 	34.176014 	85.440041 	106.826965 	10.440307 	65.299309 	999.000000 	13.341664 	104.403069 	118.562218 	85.586212 	8.944272 	114.017540 	137.887634 	126.150703 	23.194826 	73.348480 	4.000000 	111.606453 	
25.709921 	24.698177 	102.649887 	54.671749 	24.698177 	44.821869 	65.795135 	72.180328 	14.035668 	84.219948 	66.468040 	114.201576 	25.961510 	50.249378 	98.493652 	110.258789 	117.004272 	64.443771 	9.486833 	11.661903 	32.802441 	81.394104 	128.003906 	13.453624 	7.071068 	73.109505 	56.400356 	22.022715 	48.826221 	7.615773 	20.248457 	88.617157 	22.203604 	31.257000 	76.400261 	21.023796 	73.006851 	94.921021 	3.000000 	52.478565 	13.341664 	999.000000 	92.314682 	106.831642 	72.945183 	22.135944 	102.068604 	126.732002 	114.560028 	10.000000 	60.415230 	14.764823 	99.488693 	
84.172440 	92.195442 	27.730848 	39.812057 	71.693794 	49.244289 	28.231188 	22.803509 	84.905830 	14.317822 	26.832815 	32.062439 	109.178749 	42.201897 	16.155495 	27.073973 	34.000000 	28.017851 	89.308456 	96.798759 	59.548298 	11.704700 	44.283180 	79.025314 	93.230896 	19.209373 	36.069378 	109.603828 	43.840622 	96.020828 	72.249565 	4.123106 	111.772087 	119.887444 	16.401220 	72.138756 	20.000000 	4.000000 	94.641426 	41.231056 	104.403069 	92.314682 	999.000000 	15.652476 	21.470911 	113.225441 	10.000000 	37.696156 	23.706539 	84.864601 	34.985710 	106.826965 	7.211102 	
96.747093 	104.809349 	21.954498 	53.009434 	85.211502 	62.801273 	41.400482 	35.227829 	98.600204 	23.706539 	40.459858 	20.124611 	122.331520 	56.586216 	13.038404 	15.811388 	21.189621 	42.426407 	103.232750 	110.602890 	74.249580 	25.455845 	30.066593 	93.434471 	107.298645 	34.058773 	51.088158 	123.223373 	58.898216 	110.113579 	86.977005 	18.601076 	125.602547 	133.454117 	31.906113 	87.045967 	35.510563 	12.206555 	109.041275 	56.612720 	118.562218 	106.831642 	15.652476 	999.000000 	37.121422 	127.283150 	6.082763 	22.135944 	8.062258 	99.764725 	50.606323 	121.165176 	10.049875 	
68.658577 	76.400261 	44.045429 	26.076809 	54.708317 	33.376640 	17.888544 	17.691807 	67.230942 	22.360680 	15.652476 	51.623638 	92.114059 	24.738634 	34.234486 	46.690472 	53.935146 	13.341664 	71.112587 	78.721024 	40.311287 	15.033297 	64.761101 	60.033325 	74.706093 	8.602325 	17.088007 	91.706055 	24.186773 	77.414467 	52.697250 	18.973665 	93.477272 	101.980392 	6.000000 	52.201534 	3.605551 	25.079872 	75.471848 	20.615528 	85.586212 	72.945183 	21.470911 	37.121422 	999.000000 	94.514549 	31.384710 	59.093147 	45.177429 	64.815125 	13.601471 	87.664131 	28.017851 	
35.341194 	29.120440 	121.165176 	74.411018 	42.426407 	64.536812 	85.912750 	92.195442 	29.000000 	104.139328 	86.833176 	133.056381 	14.560220 	71.028160 	118.139748 	129.417923 	135.882309 	85.211502 	24.083189 	17.029387 	54.203320 	102.004898 	146.659470 	34.481880 	20.000000 	94.047859 	77.698135 	8.062258 	70.327805 	17.204651 	42.047592 	109.402924 	4.123106 	10.440307 	97.637085 	43.081318 	94.339813 	115.602768 	19.313208 	74.242844 	8.944272 	22.135944 	113.225441 	127.283150 	94.514549 	999.000000 	122.800652 	146.413803 	134.825821 	31.780497 	82.292160 	8.000000 	120.432556 	
93.021500 	101.074226 	24.758837 	48.877399 	80.993828 	58.523499 	37.215588 	31.304953 	94.302704 	20.615528 	36.055511 	25.298222 	118.338501 	51.855568 	13.892444 	20.615528 	26.683329 	37.643059 	98.812958 	106.254410 	69.354164 	20.808653 	36.013885 	88.729927 	102.800781 	29.000000 	45.967381 	118.983192 	53.758720 	105.603027 	82.073135 	13.453624 	121.247681 	129.247818 	26.400757 	82.024384 	30.000000 	7.211102 	104.350372 	51.224995 	114.017540 	102.068604 	10.000000 	6.082763 	31.384710 	122.800652 	999.000000 	28.160255 	13.928389 	94.752312 	44.944408 	116.516090 	4.000000 	
114.201576 	122.200653 	27.856777 	72.138756 	104.004807 	82.036575 	60.959003 	54.561890 	117.456375 	42.520584 	60.440052 	16.278820 	140.246216 	76.837494 	28.284271 	17.888544 	14.035668 	63.007935 	122.347862 	129.495178 	94.641426 	46.324940 	12.727922 	113.278419 	126.574089 	55.226807 	72.111023 	141.767410 	79.881165 	129.402466 	107.298645 	40.249222 	144.422989 	151.855194 	53.665630 	107.615051 	57.245087 	34.014702 	128.763351 	78.032043 	137.887634 	126.732002 	37.696156 	22.135944 	59.093147 	146.413803 	28.160255 	999.000000 	14.317822 	120.253899 	72.449982 	140.730240 	32.015621 	
103.773796 	111.830231 	23.345236 	60.440052 	92.617493 	70.292244 	48.918301 	42.638012 	106.042442 	30.805843 	48.104053 	17.029387 	129.529922 	64.350601 	18.027756 	14.317822 	17.029387 	50.249378 	110.751976 	118.067780 	82.073135 	33.301651 	23.769728 	101.138519 	114.865135 	42.011902 	59.033890 	130.602448 	66.843102 	117.686020 	94.794518 	26.627054 	133.060135 	140.801285 	39.962482 	94.921021 	43.566040 	20.248457 	116.726173 	64.637451 	126.150703 	114.560028 	23.706539 	8.062258 	45.177429 	134.825821 	13.928389 	14.317822 	999.000000 	107.628990 	58.668560 	128.817703 	17.720045 	
29.681644 	31.144823 	97.247108 	48.877399 	23.021729 	39.357338 	59.405388 	65.802734 	17.804493 	77.801025 	59.816387 	108.452751 	35.693138 	43.416588 	92.200867 	104.292854 	111.220505 	57.384666 	15.811388 	20.880613 	25.612497 	74.330345 	122.331520 	10.049875 	15.811388 	65.764732 	48.795490 	32.015621 	41.036568 	17.262676 	13.038404 	81.320351 	32.140316 	41.194660 	68.680420 	12.727922 	65.192024 	87.692642 	13.000000 	44.204071 	23.194826 	10.000000 	84.864601 	99.764725 	64.815125 	31.780497 	94.752312 	120.253899 	107.628990 	999.000000 	51.865211 	24.041630 	91.967384 	
59.135437 	66.483078 	55.326305 	22.203604 	44.407207 	25.709921 	20.615528 	24.331051 	56.044624 	33.241539 	18.973665 	64.031242 	81.043198 	16.763054 	46.572525 	59.203041 	66.483078 	14.866069 	59.464275 	67.067131 	28.460499 	26.925823 	77.491936 	47.927029 	62.769421 	18.248287 	9.433981 	80.056229 	13.038404 	65.391129 	40.249222 	32.202484 	81.541397 	90.249657 	18.788294 	39.446167 	15.231546 	38.470768 	63.063461 	8.246211 	73.348480 	60.415230 	34.985710 	50.606323 	13.601471 	82.292160 	44.944408 	72.449982 	58.668560 	51.865211 	999.000000 	75.179787 	41.617306 	
32.756680 	28.000000 	116.038788 	68.593002 	37.202152 	58.694122 	79.931221 	86.278618 	24.186773 	98.290382 	80.721741 	127.781059 	18.439089 	64.660652 	112.449989 	123.987900 	130.598618 	78.873314 	18.867962 	13.341664 	47.434166 	95.775780 	141.495590 	27.802877 	14.422205 	87.618492 	71.028160 	12.041595 	63.513779 	11.661903 	34.985710 	103.077644 	9.848858 	18.248287 	91.021973 	35.777088 	87.658424 	109.343498 	12.206555 	67.230942 	4.000000 	14.764823 	106.826965 	121.165176 	87.664131 	8.000000 	116.516090 	140.730240 	128.817703 	24.041630 	75.179787 	999.000000 	114.017540 	
91.285271 	99.317673 	27.658634 	46.957428 	78.892334 	56.435802 	35.341194 	29.732138 	92.114059 	20.024984 	34.000000 	29.120440 	116.361504 	49.406479 	16.278820 	24.351591 	30.594116 	35.227829 	96.519424 	104.009613 	66.708321 	18.788294 	40.012497 	86.214851 	100.439034 	26.400757 	43.185646 	116.811813 	50.931328 	103.227905 	79.397736 	11.180340 	118.983192 	127.094452 	23.345236 	79.246452 	26.907248 	6.000000 	101.828285 	48.166378 	111.606453 	99.488693 	7.211102 	10.049875 	28.017851 	120.432556 	4.000000 	32.015621 	17.720045 	91.967384 	41.617306 	114.017540 	999.000000 	

Travel time:
9.000000 	0.201556 	2.194596 	1.109617 	0.378319 	0.886002 	1.398660 	1.542928 	0.302076 	1.826540 	1.434617 	2.497624 	0.654313 	1.098294 	2.156676 	2.416868 	2.568195 	1.423025 	0.406971 	0.485412 	0.809707 	1.812457 	2.829311 	0.530330 	0.500625 	1.644688 	1.294701 	0.721110 	1.152443 	0.550568 	0.673146 	2.002810 	0.806226 	0.957209 	1.755349 	0.742041 	1.686157 	2.146654 	0.629484 	1.275980 	0.721543 	0.642748 	2.104311 	2.418677 	1.716464 	0.883530 	2.325537 	2.855039 	2.594345 	0.742041 	1.478386 	0.818917 	2.282132 	
0.201556 	9.000000 	2.391783 	1.309819 	0.552268 	1.083109 	1.599414 	1.744276 	0.347311 	2.028084 	1.634778 	2.695366 	0.460977 	1.291559 	2.357568 	2.615937 	2.765863 	1.621149 	0.390512 	0.382426 	0.975320 	2.013237 	3.025413 	0.614919 	0.447214 	1.843400 	1.485976 	0.548293 	1.336507 	0.474342 	0.790569 	2.203548 	0.640800 	0.770146 	1.952723 	0.854400 	1.882153 	2.347871 	0.581485 	1.457738 	0.600000 	0.617454 	2.304886 	2.620234 	1.910007 	0.728011 	2.526856 	3.055016 	2.795756 	0.778621 	1.662077 	0.700000 	2.482942 	
2.194596 	2.391783 	9.000000 	1.209339 	1.971833 	1.449569 	0.965660 	0.814325 	2.304886 	0.552268 	0.972432 	0.305164 	2.848794 	1.365650 	0.291548 	0.254951 	0.375000 	1.061249 	2.432720 	2.603483 	1.800174 	0.725431 	0.637377 	2.232711 	2.541776 	0.928036 	1.298075 	2.899354 	1.478386 	2.612111 	2.105499 	0.680074 	2.971742 	3.146824 	0.951315 	2.125000 	1.025000 	0.604669 	2.610077 	1.467353 	2.823230 	2.566247 	0.693271 	0.548862 	1.101136 	3.029130 	0.618971 	0.696419 	0.583631 	2.431178 	1.383158 	2.900970 	0.691466 	
1.109617 	1.309819 	1.209339 	9.000000 	0.805062 	0.247487 	0.291548 	0.445112 	1.140175 	0.743303 	0.325000 	1.491015 	1.736555 	0.206155 	1.096586 	1.390144 	1.560649 	0.325960 	1.258223 	1.440703 	0.594243 	0.704450 	1.837457 	1.030776 	1.362213 	0.539676 	0.320156 	1.755349 	0.371652 	1.432873 	0.896172 	0.894427 	1.815558 	2.011219 	0.657647 	0.916856 	0.600521 	1.041933 	1.415980 	0.450694 	1.644878 	1.366794 	0.995301 	1.325236 	0.651920 	1.860276 	1.221935 	1.803469 	1.511001 	1.221935 	0.555090 	1.714825 	1.173936 	
0.378319 	0.552268 	1.971833 	0.805062 	9.000000 	0.561805 	1.095730 	1.250000 	0.336341 	1.546165 	1.123610 	2.267157 	0.939415 	0.752080 	1.893575 	2.175000 	2.337734 	1.095730 	0.460977 	0.637377 	0.431567 	1.505199 	2.608759 	0.325000 	0.570088 	1.319327 	0.941076 	0.950329 	0.785016 	0.640312 	0.360555 	1.693554 	1.011496 	1.206493 	1.421487 	0.430116 	1.346291 	1.844587 	0.648556 	0.905539 	0.851469 	0.617454 	1.792345 	2.130288 	1.367708 	1.060660 	2.024846 	2.600120 	2.315437 	0.575543 	1.110180 	0.930054 	1.972308 	
0.886002 	1.083109 	1.449569 	0.247487 	0.561805 	9.000000 	0.535023 	0.691466 	0.895126 	0.990581 	0.561805 	1.735115 	1.498541 	0.226385 	1.343968 	1.635925 	1.805028 	0.538516 	1.011496 	1.195042 	0.378319 	0.943398 	2.080865 	0.785016 	1.114955 	0.761577 	0.425735 	1.511622 	0.347311 	1.185591 	0.660019 	1.131923 	1.570032 	1.768120 	0.869626 	0.687841 	0.800391 	1.282819 	1.168867 	0.469707 	1.397542 	1.120547 	1.231107 	1.570032 	0.834416 	1.613420 	1.463087 	2.050914 	1.757306 	0.983933 	0.642748 	1.467353 	1.410895 	
1.398660 	1.599414 	0.965660 	0.291548 	1.095730 	0.535023 	9.000000 	0.160078 	1.430035 	0.460977 	0.055902 	1.231107 	2.028084 	0.403113 	0.820061 	1.123610 	1.299279 	0.145774 	1.546165 	1.730065 	0.845946 	0.413824 	1.578369 	1.308625 	1.648674 	0.276134 	0.350000 	2.046033 	0.515388 	1.719193 	1.160011 	0.604152 	2.105053 	2.302173 	0.403113 	1.171804 	0.371652 	0.750417 	1.697056 	0.525000 	1.930835 	1.644878 	0.705780 	1.035012 	0.447214 	2.147819 	0.930390 	1.523975 	1.222957 	1.485135 	0.515388 	1.998281 	0.883530 	
1.542928 	1.744276 	0.814325 	0.445112 	1.250000 	0.691466 	0.160078 	9.000000 	1.585284 	0.301040 	0.158114 	1.073546 	2.178302 	0.561805 	0.660019 	0.964689 	1.141271 	0.251247 	1.702939 	1.885802 	1.005609 	0.279509 	1.420607 	1.468205 	1.806239 	0.230489 	0.485412 	2.200142 	0.664266 	1.876832 	1.320038 	0.467039 	2.260669 	2.455733 	0.347311 	1.331353 	0.353553 	0.604152 	1.856240 	0.657647 	2.088660 	1.804508 	0.570088 	0.880696 	0.442295 	2.304886 	0.782624 	1.364047 	1.065950 	1.645068 	0.608276 	2.156965 	0.743303 	
0.302076 	0.347311 	2.304886 	1.140175 	0.336341 	0.895126 	1.430035 	1.585284 	9.000000 	1.882153 	1.456237 	2.601562 	0.625000 	1.073546 	2.229910 	2.510478 	2.672195 	1.423464 	0.134629 	0.301040 	0.691466 	1.837457 	2.942151 	0.269258 	0.246221 	1.646587 	1.253994 	0.617454 	1.083109 	0.313249 	0.456207 	2.024846 	0.675463 	0.874643 	1.744276 	0.515388 	1.666021 	2.177298 	0.353553 	1.195042 	0.520216 	0.350892 	2.122646 	2.465005 	1.680773 	0.725000 	2.357568 	2.936409 	2.651061 	0.445112 	1.401116 	0.604669 	2.302851 	
1.826540 	2.028084 	0.552268 	0.743303 	1.546165 	0.990581 	0.460977 	0.301040 	1.882153 	9.000000 	0.450694 	0.784618 	2.468426 	0.860233 	0.360555 	0.670820 	0.850368 	0.525595 	2.001406 	2.183031 	1.305038 	0.190394 	1.129712 	1.769181 	2.105499 	0.375832 	0.761577 	2.495245 	0.950329 	2.176149 	1.620378 	0.269258 	2.557587 	2.750000 	0.412311 	1.630376 	0.477624 	0.350892 	2.156965 	0.925000 	2.388122 	2.105499 	0.357946 	0.592663 	0.559017 	2.603483 	0.515388 	1.063015 	0.770146 	1.945026 	0.831038 	2.457260 	0.500625 	
1.434617 	1.634778 	0.972432 	0.325000 	1.123610 	0.561805 	0.055902 	0.158114 	1.456237 	0.450694 	9.000000 	1.229837 	2.059126 	0.410031 	0.811249 	1.119431 	1.297112 	0.103078 	1.570032 	1.755349 	0.855132 	0.381608 	1.576586 	1.325943 	1.671077 	0.225000 	0.328824 	2.073192 	0.506211 	1.741407 	1.171538 	0.570636 	2.130288 	2.329834 	0.350892 	1.180042 	0.316228 	0.721110 	1.715554 	0.502494 	1.952562 	1.661701 	0.670820 	1.011496 	0.391312 	2.170829 	0.901388 	1.511001 	1.202601 	1.495410 	0.474342 	2.018044 	0.850000 	
2.497624 	2.695366 	0.305164 	1.491015 	2.267157 	1.735115 	1.231107 	1.073546 	2.601562 	0.784618 	1.229837 	9.000000 	3.151587 	1.634205 	0.436606 	0.125000 	0.070711 	1.309819 	2.728095 	2.901078 	2.075151 	0.927699 	0.347311 	2.520045 	2.836371 	1.147007 	1.546165 	3.199707 	1.733854 	2.906888 	2.385372 	0.826514 	3.270799 	3.448278 	1.142639 	2.401042 	1.225765 	0.701783 	2.900970 	1.708801 	3.118493 	2.855039 	0.801561 	0.503115 	1.290591 	3.326410 	0.632456 	0.406971 	0.425735 	2.711319 	1.600781 	3.194526 	0.728011 	
0.654313 	0.460977 	2.848794 	1.736555 	0.939415 	1.498541 	2.028084 	2.178302 	0.625000 	2.468426 	2.059126 	3.151587 	9.000000 	1.690599 	2.805018 	3.069711 	3.222188 	2.034853 	0.552268 	0.375832 	1.315770 	2.440415 	3.483622 	0.853302 	0.502494 	2.258456 	1.875667 	0.167705 	1.707703 	0.460977 	1.054751 	2.629757 	0.261008 	0.313249 	2.360747 	1.101136 	2.284732 	2.778489 	0.577170 	1.820028 	0.390512 	0.649038 	2.729469 	3.058288 	2.302851 	0.364006 	2.958462 	3.506155 	3.238248 	0.892328 	2.026080 	0.460977 	2.909038 	
1.098294 	1.291559 	1.365650 	0.206155 	0.752080 	0.226385 	0.403113 	0.561805 	1.073546 	0.860233 	0.410031 	1.634205 	1.690599 	9.000000 	1.220656 	1.526434 	1.702388 	0.355317 	1.179248 	1.367708 	0.445112 	0.778621 	1.981477 	0.921954 	1.275980 	0.575543 	0.200000 	1.690044 	0.167705 	1.345595 	0.761988 	0.960469 	1.741049 	1.947434 	0.670820 	0.770146 	0.594243 	1.117195 	1.312441 	0.265754 	1.555032 	1.256234 	1.055047 	1.414655 	0.618466 	1.775704 	1.296389 	1.920937 	1.608765 	1.085415 	0.419076 	1.616516 	1.235162 	
2.156676 	2.357568 	0.291548 	1.096586 	1.893575 	1.343968 	0.820061 	0.660019 	2.229910 	0.360555 	0.811249 	0.436606 	2.805018 	1.220656 	9.000000 	0.316228 	0.498121 	0.883883 	2.351728 	2.530934 	1.665270 	0.491172 	0.775403 	2.126029 	2.457260 	0.711512 	1.118034 	2.839234 	1.308864 	2.527969 	1.980057 	0.403113 	2.904522 	3.092329 	0.707107 	1.990760 	0.789383 	0.313249 	2.512469 	1.276959 	2.740096 	2.462341 	0.403887 	0.325960 	0.855862 	2.953494 	0.347311 	0.707107 	0.450694 	2.305022 	1.164313 	2.811250 	0.406971 	
2.416868 	2.615937 	0.254951 	1.390144 	2.175000 	1.635925 	1.123610 	0.964689 	2.510478 	0.670820 	1.119431 	0.125000 	3.069711 	1.526434 	0.316228 	9.000000 	0.182003 	1.196349 	2.635455 	2.810805 	1.969296 	0.807001 	0.459619 	2.420744 	2.742832 	1.027740 	1.431782 	3.113077 	1.621149 	2.813472 	2.281584 	0.701783 	3.182177 	3.363406 	1.019804 	2.295240 	1.103687 	0.577170 	2.804015 	1.592365 	3.025413 	2.756470 	0.676849 	0.395285 	1.167262 	3.235448 	0.515388 	0.447214 	0.357946 	2.607321 	1.480076 	3.099698 	0.608790 	
