Total assets = 676
Number of asset nodes = 40

Distance:
999.000000 	7.810250 	32.557640 	36.069378 	16.643316 	17.088007 	59.033890 	48.795490 	43.185646 	12.806249 	13.152946 	61.846584 	75.026665 	50.209560 	25.961510 	58.694122 	73.878281 	24.186773 	52.630791 	61.522354 	40.311287 	20.223749 	82.200974 	61.554855 	23.021729 	49.648766 	75.073296 	38.078865 	24.083189 	23.194826 	28.160255 	72.862885 	30.066593 	36.400551 	45.617977 	24.738634 	37.363083 	31.016125 	93.236259 	41.761227 	91.678787 	52.773098 	88.617157 	84.899940 	40.607880 	31.575306 	81.344948 	54.129475 	28.319605 	62.433964 	36.055511 	47.539455 	37.121422 	
7.810250 	999.000000 	40.360870 	28.319605 	24.207438 	24.186773 	66.843102 	41.036568 	50.931328 	14.866069 	20.248457 	69.354164 	68.308128 	57.982758 	19.104973 	66.468040 	66.219330 	18.110771 	44.821869 	69.296463 	47.707443 	25.179358 	90.000000 	69.310890 	28.442924 	41.880783 	67.357254 	45.177429 	19.313208 	28.160255 	22.090721 	80.659782 	24.186773 	43.081318 	38.078865 	21.095022 	44.011364 	36.674240 	85.603737 	48.466484 	99.488693 	60.033325 	96.426140 	92.698433 	34.058773 	36.000000 	73.552704 	61.294373 	28.301943 	69.892776 	30.805843 	40.607880 	32.015621 	
32.557640 	40.360870 	999.000000 	68.593002 	17.000000 	18.973665 	26.627054 	81.320351 	11.180340 	35.777088 	22.825424 	33.060551 	105.190300 	17.804493 	56.938564 	26.248810 	106.216759 	54.120235 	85.146935 	29.068884 	13.601471 	27.073973 	49.929951 	29.206163 	25.019993 	82.006096 	107.517441 	15.811388 	52.000000 	27.018513 	57.697487 	40.311287 	59.093147 	19.104973 	77.388626 	50.596443 	19.798990 	24.698177 	125.495018 	21.633308 	59.203041 	25.000000 	56.080299 	52.345009 	70.263786 	31.320919 	113.899078 	27.018513 	45.099888 	32.280025 	63.245552 	77.820305 	63.890530 	
36.069378 	28.319605 	68.593002 	999.000000 	52.497620 	52.201534 	94.921021 	12.727922 	79.246452 	36.674240 	47.201694 	96.041656 	44.045429 	86.278618 	19.000000 	94.762863 	38.013157 	23.021729 	17.464249 	97.590981 	75.802376 	50.990196 	117.923706 	97.621719 	54.561890 	16.124516 	39.051247 	72.945183 	28.017851 	53.712196 	23.194826 	108.903625 	24.515301 	70.327805 	17.088007 	32.015621 	71.196907 	62.649822 	57.428215 	75.663727 	127.561752 	87.920418 	124.579292 	120.933868 	24.207438 	60.083275 	45.343136 	89.044930 	45.177429 	98.005104 	30.083218 	25.238859 	31.384710 	
16.643316 	24.207438 	17.000000 	52.497620 	999.000000 	3.605551 	43.566040 	65.192024 	26.907248 	24.020824 	12.649111 	49.030602 	91.389275 	34.058773 	39.962482 	42.520584 	90.426765 	37.121422 	68.622154 	45.343136 	23.706539 	13.416408 	66.887962 	45.276924 	13.453624 	65.299309 	91.547798 	21.840330 	35.114101 	15.000000 	40.718548 	56.850681 	42.154476 	21.023796 	60.464867 	33.955853 	22.022715 	18.788294 	109.808922 	26.172504 	76.026314 	36.249138 	72.801102 	68.883957 	53.310413 	22.671568 	97.590981 	37.696156 	30.413813 	45.793011 	46.572525 	60.835846 	47.296936 	
17.088007 	24.186773 	18.973665 	52.201534 	3.605551 	999.000000 	45.177429 	64.815125 	28.017851 	26.076809 	15.652476 	51.623638 	92.114059 	35.227829 	38.600517 	43.600460 	90.210861 	35.510563 	67.896980 	46.400433 	23.600847 	9.848858 	68.476273 	46.227695 	9.899495 	64.381676 	91.214035 	21.023796 	33.105892 	11.401754 	38.948685 	58.008621 	40.249222 	19.416489 	59.203041 	31.622776 	20.396078 	15.811388 	109.622078 	24.738634 	77.388626 	35.846897 	74.060783 	70.000000 	51.429562 	19.209373 	97.000000 	37.121422 	27.166155 	45.803928 	44.271889 	59.059292 	44.922153 	
59.033890 	66.843102 	26.627054 	94.921021 	43.566040 	45.177429 	999.000000 	107.628990 	17.720045 	60.440052 	48.104053 	17.029387 	129.529922 	11.045361 	83.528435 	7.071068 	132.230865 	80.622574 	111.664673 	7.615773 	26.076809 	51.865211 	23.323807 	8.944272 	49.040798 	108.600182 	133.660019 	31.064449 	78.262383 	50.960770 	84.118965 	14.764823 	85.422478 	36.055511 	104.009613 	76.557167 	36.013885 	45.398239 	151.380310 	34.132095 	32.649654 	24.166092 	29.698484 	26.400757 	96.602280 	52.345009 	140.264038 	25.942244 	69.375786 	20.615528 	89.157166 	104.235313 	89.693924 	
48.795490 	41.036568 	81.320351 	12.727922 	65.192024 	64.815125 	107.628990 	999.000000 	91.967384 	48.877399 	59.816387 	108.452751 	35.693138 	99.005051 	29.410883 	107.489532 	25.553865 	33.526108 	7.280110 	110.317726 	88.408142 	63.134777 	130.598618 	110.344917 	66.730804 	9.899495 	26.400757 	85.445892 	38.327538 	65.764732 	32.557640 	121.630585 	33.241539 	82.680107 	16.552946 	42.201897 	83.528435 	74.706093 	44.944408 	87.982956 	140.264038 	100.439034 	137.295303 	133.660019 	28.635643 	71.693794 	32.649654 	101.513542 	55.542778 	110.602890 	37.054016 	25.942244 	38.118237 	
43.185646 	50.931328 	11.180340 	79.246452 	26.907248 	28.017851 	17.720045 	91.967384 	999.000000 	46.957428 	34.000000 	29.120440 	116.361504 	7.211102 	66.610809 	15.620500 	117.034180 	63.513779 	95.524864 	18.439089 	9.486833 	34.176014 	40.718548 	18.384777 	31.320919 	92.195442 	118.258194 	14.317822 	60.901562 	33.241539 	66.887962 	30.000000 	68.095520 	19.235384 	87.200920 	59.033890 	19.416489 	28.017851 	136.359818 	18.788294 	49.396355 	15.811388 	46.043457 	42.011902 	79.259071 	35.014282 	124.450790 	18.027756 	51.662365 	21.377558 	71.589104 	86.954010 	72.090218 	
12.806249 	14.866069 	35.777088 	36.674240 	24.020824 	26.076809 	60.440052 	48.877399 	46.957428 	999.000000 	13.000000 	59.640591 	69.462219 	53.338543 	33.136082 	61.587337 	72.346390 	32.756680 	54.129475 	64.350601 	46.572525 	31.953091 	82.734512 	64.660652 	34.205261 	52.201534 	74.027023 	45.541191 	34.176014 	34.785053 	36.674240 	75.000000 	38.832977 	45.044422 	50.009998 	35.777088 	46.043457 	41.593269 	91.241440 	50.159744 	92.698433 	59.203041 	90.027771 	86.833176 	48.093658 	43.324360 	81.271149 	60.876926 	41.012192 	67.779053 	45.607018 	54.037025 	46.840153 	
13.152946 	20.248457 	22.825424 	47.201694 	12.649111 	15.652476 	48.104053 	59.816387 	34.000000 	13.000000 	999.000000 	49.193497 	82.365044 	40.496914 	39.051247 	48.826221 	84.148682 	37.336308 	64.350601 	51.613953 	33.734257 	24.083189 	70.837845 	51.865211 	25.238859 	61.773781 	85.632935 	33.060551 	37.000000 	26.400757 	41.303753 	62.481998 	43.185646 	33.136082 	58.309521 	37.215588 	34.132095 	31.384710 	103.276329 	38.013157 	80.622574 	46.324940 	77.794601 	74.411018 	53.758720 	34.669872 	92.455391 	48.052055 	38.013157 	54.781384 	49.000000 	60.638271 	50.009998 	
61.846584 	69.354164 	33.060551 	96.041656 	49.030602 	51.623638 	17.029387 	108.452751 	29.120440 	59.640591 	49.193497 	999.000000 	126.063477 	25.059929 	87.664131 	24.083189 	131.821854 	85.381500 	113.371071 	24.413111 	38.600517 	60.133186 	26.570660 	25.806976 	58.008621 	110.941429 	133.600143 	43.416588 	83.934502 	60.008331 	89.185204 	26.305893 	90.801979 	48.270073 	107.424393 	82.975899 	48.507732 	56.435802 	150.445999 	47.759815 	36.769554 	40.224369 	35.440090 	34.365681 	101.833199 	63.387695 	140.911316 	42.201897 	78.160095 	37.643059 	95.566734 	109.110039 	96.317184 	
75.026665 	68.308128 	105.190300 	44.045429 	91.389275 	92.114059 	129.529922 	35.693138 	116.361504 	69.462219 	82.365044 	126.063477 	999.000000 	122.800652 	63.031738 	131.026718 	23.853722 	67.067131 	39.560081 	133.775925 	115.039124 	93.145050 	151.029800 	134.111893 	96.566040 	44.271889 	26.925823 	113.088463 	72.062469 	96.046867 	67.007462 	144.222046 	68.066147 	111.328346 	51.923019 	76.059189 	112.271988 	104.809349 	31.144823 	116.709038 	161.207947 	127.632286 	158.808060 	155.900604 	64.327286 	103.160072 	34.928497 	129.077499 	89.202019 	136.853943 	72.560318 	61.032780 	73.681747 	
50.209560 	57.982758 	17.804493 	86.278618 	34.058773 	35.227829 	11.045361 	99.005051 	7.211102 	53.338543 	40.496914 	25.059929 	122.800652 	999.000000 	73.817345 	8.485281 	123.987900 	70.724815 	102.649887 	11.313708 	15.033297 	41.231056 	33.615471 	11.401754 	38.275318 	99.357941 	125.255737 	20.024984 	68.095520 	40.162170 	74.094536 	22.803509 	75.292763 	25.019993 	94.403389 	66.189125 	25.000000 	34.365681 	143.282944 	23.345236 	42.190044 	15.556349 	38.832977 	34.828148 	86.452301 	41.303753 	131.529465 	17.691807 	58.523499 	17.117243 	78.721024 	94.154129 	79.202271 	
25.961510 	19.104973 	56.938564 	19.000000 	39.962482 	38.600517 	83.528435 	29.410883 	66.610809 	33.136082 	39.051247 	87.664131 	63.031738 	73.817345 	999.000000 	82.200974 	54.625999 	4.123106 	30.528675 	85.000000 	61.554855 	34.828148 	106.850365 	84.811554 	38.418747 	26.400757 	55.009090 	58.000000 	9.055386 	37.202152 	5.000000 	96.607452 	7.071068 	54.671749 	20.615528 	13.038404 	55.443665 	46.043457 	73.790245 	59.816387 	115.935326 	72.917763 	112.645462 	108.600182 	15.000000 	42.485291 	59.640591 	73.756355 	26.305893 	83.450584 	14.212670 	21.587032 	15.620500 	
58.694122 	66.468040 	26.248810 	94.762863 	42.520584 	43.600460 	7.071068 	107.489532 	15.620500 	61.587337 	48.826221 	24.083189 	131.026718 	8.485281 	82.200974 	999.000000 	132.457535 	79.056938 	111.126053 	2.828427 	22.135944 	49.193497 	25.961510 	3.162278 	46.097721 	107.814659 	133.734818 	26.925823 	76.321686 	47.927029 	82.377182 	14.422205 	83.528435 	31.780497 	102.800781 	74.303429 	31.575306 	41.484936 	151.743210 	29.068884 	34.000000 	17.720045 	30.528675 	26.400757 	94.667839 	48.270073 	140.014282 	19.313208 	66.128662 	13.601471 	86.769814 	102.396286 	87.206650 	
73.878281 	66.219330 	106.216759 	38.013157 	90.426765 	90.210861 	132.230865 	25.553865 	117.034180 	72.346390 	84.148682 	131.821854 	23.853722 	123.987900 	54.625999 	132.457535 	999.000000 	58.694122 	24.738634 	135.281189 	113.811249 	88.684837 	154.935471 	135.369858 	92.282173 	29.614185 	3.162278 	110.941429 	63.324562 	91.301697 	57.245087 	146.454773 	57.567352 	108.226616 	37.483330 	67.067131 	109.077957 	100.239716 	19.416489 	113.534134 	164.769531 	125.924583 	161.929001 	158.448730 	50.487621 	97.082436 	12.041595 	127.027557 	80.324341 	136.014709 	60.016663 	45.011108 	60.827625 	
24.186773 	18.110771 	54.120235 	23.021729 	37.121422 	35.510563 	80.622574 	33.526108 	63.513779 	32.756680 	37.336308 	85.381500 	67.067131 	70.724815 	4.123106 	79.056938 	58.694122 	999.000000 	34.481880 	81.841309 	58.137768 	31.144823 	103.942291 	81.608826 	34.713108 	30.232433 	59.033890 	54.451813 	5.000000 	33.421551 	4.000000 	93.477272 	6.082763 	50.990196 	24.041630 	9.000000 	51.739735 	42.201897 	77.820305 	56.080299 	112.898186 	69.310890 	109.553642 	105.437187 	16.492422 	38.470768 	63.513779 	70.092796 	22.203604 	79.906197 	13.000000 	23.769728 	14.317822 	
52.630791 	44.821869 	85.146935 	17.464249 	68.622154 	67.896980 	111.664673 	7.280110 	95.524864 	54.129475 	64.350601 	113.371071 	39.560081 	102.649887 	30.528675 	111.126053 	24.738634 	34.481880 	999.000000 	113.951744 	91.350975 	65.215027 	134.807266 	113.899078 	68.818604 	5.000000 	24.698177 	88.090858 	38.910152 	67.675697 	32.695564 	125.399361 	32.893768 	85.000000 	13.000000 	42.544094 	85.802101 	76.550636 	43.462627 	90.210861 	144.308701 	103.077644 	141.226761 	137.440903 	26.019224 	72.945183 	29.206163 	104.019226 	55.713554 	113.454834 	35.355339 	21.587032 	36.221542 	
61.522354 	69.296463 	29.068884 	97.590981 	45.343136 	46.400433 	7.615773 	110.317726 	18.439089 	64.350601 	51.613953 	24.413111 	133.775925 	11.313708 	85.000000 	2.828427 	135.281189 	81.841309 	113.951744 	999.000000 	24.698177 	51.884487 	23.537205 	1.414214 	48.754486 	110.634537 	136.561340 	29.410883 	79.075912 	50.566788 	85.146935 	11.661903 	86.284416 	34.205261 	105.603027 	77.025970 	33.955853 	43.965897 	154.563904 	31.257000 	31.304953 	19.235384 	27.784887 	23.600847 	97.416634 	50.695168 	142.842575 	20.615528 	68.709534 	13.453624 	89.470665 	105.152267 	89.894379 	
40.311287 	47.707443 	13.601471 	75.802376 	23.706539 	23.600847 	26.076809 	88.408142 	9.486833 	46.572525 	33.734257 	38.600517 	115.039124 	15.033297 	61.554855 	22.135944 	113.811249 	58.137768 	91.350975 	24.698177 	999.000000 	27.459061 	48.083260 	24.166092 	24.186773 	87.692642 	114.808533 	5.000000 	55.000000 	25.942244 	61.220913 	36.249138 	62.201286 	10.000000 	82.134033 	52.697250 	10.049875 	19.416489 	133.221619 	9.433981 	55.946404 	12.649111 	52.325901 	47.885281 	73.239334 	26.305893 	120.507263 	14.317822 	44.011364 	22.203604 	65.000000 	81.024689 	65.368187 	
20.223749 	25.179358 	27.073973 	50.990196 	13.416408 	9.848858 	51.865211 	63.134777 	34.176014 	31.953091 	24.083189 	60.133186 	93.145050 	41.231056 	34.828148 	49.193497 	88.684837 	31.144823 	65.215027 	51.884487 	27.459061 	999.000000 	74.846512 	51.478149 	3.605551 	61.220913 	89.358826 	23.430750 	27.658634 	3.000000 	33.970577 	63.529522 	34.828148 	19.849434 	55.172459 	25.238859 	20.615528 	11.704700 	108.046288 	25.000000 	83.186539 	38.183765 	79.649231 	75.292763 	45.803928 	11.401754 	94.403389 	38.948685 	18.027756 	48.836460 	37.589893 	53.600372 	38.013157 	
82.200974 	90.000000 	49.929951 	117.923706 	66.887962 	68.476273 	23.323807 	130.598618 	40.718548 	82.734512 	70.837845 	26.570660 	151.029800 	33.615471 	106.850365 	25.961510 	154.935471 	103.942291 	134.807266 	23.537205 	48.083260 	74.846512 	999.000000 	24.331051 	71.867935 	131.825638 	156.464050 	52.886673 	101.533249 	73.736015 	107.424393 	13.038404 	108.706024 	57.723480 	127.318497 	99.744675 	57.489128 	67.446274 	173.954010 	54.744862 	10.295630 	42.047592 	9.055386 	9.848858 	119.883278 	74.215904 	163.248276 	43.000000 	92.027168 	33.241539 	112.307610 	127.534309 	112.805145 	
61.554855 	69.310890 	29.206163 	97.621719 	45.276924 	46.227695 	8.944272 	110.344917 	18.384777 	64.660652 	51.865211 	25.806976 	134.111893 	11.401754 	84.811554 	3.162278 	135.369858 	81.608826 	113.899078 	1.414214 	24.166092 	51.478149 	24.331051 	999.000000 	48.301140 	110.535065 	136.619904 	28.792360 	78.771820 	50.089920 	84.876381 	12.083046 	85.982559 	33.526108 	105.422958 	76.661591 	33.241539 	43.324360 	154.673843 	30.413813 	31.780497 	18.110771 	28.178005 	23.853722 	97.097885 	50.000000 	142.835571 	19.416489 	68.154236 	12.041595 	89.067390 	104.847511 	89.470665 	
23.021729 	28.442924 	25.019993 	54.561890 	13.453624 	9.899495 	49.040798 	66.730804 	31.320919 	34.205261 	25.238859 	58.008621 	96.566040 	38.275318 	38.418747 	46.097721 	92.282173 	34.713108 	68.818604 	48.754486 	24.186773 	3.605551 	71.867935 	48.301140 	999.000000 	64.815125 	92.962357 	20.000000 	31.144823 	2.000000 	37.483330 	60.373837 	38.288380 	16.278820 	58.728188 	28.600698 	17.029387 	8.246211 	111.646767 	21.400934 	80.056229 	34.655445 	76.478752 	72.069412 	49.203659 	9.433981 	98.005104 	35.383614 	20.396078 	45.343136 	40.816662 	57.008770 	41.182522 	
49.648766 	41.880783 	82.006096 	16.124516 	65.299309 	64.381676 	108.600182 	9.899495 	92.195442 	52.201534 	61.773781 	110.941429 	44.271889 	99.357941 	26.400757 	107.814659 	29.614185 	30.232433 	5.000000 	110.634537 	87.692642 	61.220913 	131.825638 	110.535065 	64.815125 	999.000000 	29.410883 	84.291161 	34.481880 	63.600315 	28.178005 	122.147453 	28.231188 	81.055534 	8.000000 	38.013157 	81.835197 	72.422371 	48.104053 	86.214851 	141.209061 	99.247169 	138.057953 	134.182709 	21.023796 	68.600288 	33.286633 	100.124924 	51.078373 	109.713264 	30.413813 	16.763054 	31.257000 	
75.073296 	67.357254 	107.517441 	39.051247 	91.547798 	91.214035 	133.660019 	26.400757 	118.258194 	74.027023 	85.632935 	133.600143 	26.925823 	125.255737 	55.009090 	133.734818 	3.162278 	59.033890 	24.698177 	136.561340 	114.808533 	89.358826 	156.464050 	136.619904 	92.962357 	29.410883 	999.000000 	111.830231 	63.560993 	91.923882 	57.384666 	147.800537 	57.584721 	109.000000 	37.107952 	67.230942 	109.836243 	100.846420 	18.788294 	114.280357 	166.243790 	126.826653 	163.355438 	159.812393 	50.009998 	97.493591 	9.000000 	127.882759 	80.411446 	137.003647 	59.665737 	44.181442 	60.415230 	
38.078865 	45.177429 	15.811388 	72.945183 	21.840330 	21.023796 	31.064449 	85.445892 	14.317822 	45.541191 	33.060551 	43.416588 	113.088463 	20.024984 	58.000000 	26.925823 	110.941429 	54.451813 	88.090858 	29.410883 	5.000000 	23.430750 	52.886673 	28.792360 	20.000000 	84.291161 	111.830231 	999.000000 	51.088158 	21.633308 	57.384666 	40.853397 	58.258045 	5.000000 	78.492035 	48.600410 	5.099020 	14.560220 	130.357208 	5.830952 	60.539242 	15.000000 	56.859474 	52.325901 	69.202599 	21.377558 	117.290237 	16.124516 	39.395432 	25.455845 	60.745369 	77.006493 	61.057350 	
24.083189 	19.313208 	52.000000 	28.017851 	35.114101 	33.105892 	78.262383 	38.327538 	60.901562 	34.176014 	37.000000 	83.934502 	72.062469 	68.095520 	9.055386 	76.321686 	63.324562 	5.000000 	38.910152 	79.075912 	55.000000 	27.658634 	101.533249 	78.771820 	31.144823 	34.481880 	63.560993 	51.088158 	999.000000 	29.698484 	6.403124 	90.735878 	7.211102 	47.381432 	27.802877 	4.000000 	48.083260 	38.288380 	82.346825 	52.345009 	110.276924 	65.795135 	106.850365 	102.625534 	18.357559 	34.132095 	67.742157 	66.468040 	17.262676 	76.485291 	12.000000 	26.076809 	13.038404 	
23.194826 	28.160255 	27.018513 	53.712196 	15.000000 	11.401754 	50.960770 	65.764732 	33.241539 	34.785053 	26.400757 	60.008331 	96.046867 	40.162170 	37.202152 	47.927029 	91.301697 	33.421551 	67.675697 	50.566788 	25.942244 	3.000000 	73.736015 	50.089920 	2.000000 	63.600315 	91.923882 	21.633308 	29.698484 	999.000000 	36.069378 	62.169125 	36.796738 	17.691807 	57.384666 	27.018513 	18.384777 	8.944272 	110.639053 	22.671568 	81.859634 	36.124783 	78.262383 	73.824112 	47.634022 	8.544003 	96.834908 	36.769554 	18.439089 	46.861500 	39.115215 	55.443665 	39.446167 	
28.160255 	22.090721 	57.697487 	23.194826 	40.718548 	38.948685 	84.118965 	32.557640 	66.887962 	36.674240 	41.303753 	89.185204 	67.007462 	74.094536 	5.000000 	82.377182 	57.245087 	4.000000 	32.695564 	85.146935 	61.220913 	33.970577 	107.424393 	84.876381 	37.483330 	28.178005 	57.384666 	57.384666 	6.403124 	36.069378 	999.000000 	96.798759 	2.236068 	53.740116 	21.400934 	9.848858 	54.451813 	44.687805 	76.157730 	58.728188 	116.284134 	72.138756 	112.898186 	108.724419 	12.649111 	40.496914 	61.400326 	72.835434 	23.086792 	82.807007 	9.433981 	20.124611 	10.816654 	
72.862885 	80.659782 	40.311287 	108.903625 	56.850681 	58.008621 	14.764823 	121.630585 	30.000000 	75.000000 	62.481998 	26.305893 	144.222046 	22.803509 	96.607452 	14.422205 	146.454773 	93.477272 	125.399361 	11.661903 	36.249138 	63.529522 	13.038404 	12.083046 	60.373837 	122.147453 	147.800537 	40.853397 	90.735878 	62.169125 	96.798759 	999.000000 	97.943863 	45.541191 	117.200684 	88.684837 	45.221676 	55.362442 	165.680420 	42.201897 	19.697716 	29.154760 	16.124516 	12.041595 	109.077957 	61.983868 	154.207657 	30.016663 	80.230919 	20.223749 	101.118744 	116.811813 	101.533249 	
30.066593 	24.186773 	59.093147 	24.515301 	42.154476 	40.249222 	85.422478 	33.241539 	68.095520 	38.832977 	43.185646 	90.801979 	68.066147 	75.292763 	7.071068 	83.528435 	57.567352 	6.082763 	32.893768 	86.284416 	62.201286 	34.828148 	108.706024 	85.982559 	38.288380 	28.231188 	57.584721 	58.258045 	7.211102 	36.796738 	2.236068 	97.943863 	999.000000 	54.488529 	21.095022 	10.000000 	55.172459 	45.276924 	76.321686 	59.396969 	117.477661 	72.917763 	114.057007 	109.836243 	11.180340 	40.804413 	61.294373 	73.552704 	22.847319 	83.630135 	7.211102 	18.867962 	8.602325 	
36.400551 	43.081318 	19.104973 	70.327805 	21.023796 	19.416489 	36.055511 	82.680107 	19.235384 	45.044422 	33.136082 	48.270073 	111.328346 	25.019993 	54.671749 	31.780497 	108.226616 	50.990196 	85.000000 	34.205261 	10.000000 	19.849434 	57.723480 	33.526108 	16.278820 	81.055534 	109.000000 	5.000000 	47.381432 	17.691807 	53.740116 	45.541191 	54.488529 	999.000000 	75.006668 	44.687805 	1.000000 	9.848858 	127.624451 	5.385165 	65.192024 	18.439089 	61.465439 	56.859474 	65.299309 	16.492422 	114.201576 	19.104973 	34.885529 	29.206163 	56.612720 	73.109505 	56.859474 	
45.617977 	38.078865 	77.388626 	17.088007 	60.464867 	59.203041 	104.009613 	16.552946 	87.200920 	50.009998 	58.309521 	107.424393 	51.923019 	94.403389 	20.615528 	102.800781 	37.483330 	24.041630 	13.000000 	105.603027 	82.134033 	55.172459 	127.318497 	105.422958 	58.728188 	8.000000 	37.107952 	78.492035 	27.802877 	57.384666 	21.400934 	117.200684 	21.095022 	75.006668 	999.000000 	31.064449 	75.742989 	66.068146 	55.659679 	80.056229 	136.484436 	93.348808 	133.221619 	129.201401 	13.038404 	61.854668 	40.249222 	94.111633 	43.829212 	103.947105 	22.561028 	9.433981 	23.345236 	
24.738634 	21.095022 	50.596443 	32.015621 	33.955853 	31.622776 	76.557167 	42.201897 	59.033890 	35.777088 	37.215588 	82.975899 	76.059189 	66.189125 	13.038404 	74.303429 	67.067131 	9.000000 	42.544094 	77.025970 	52.697250 	25.238859 	99.744675 	76.661591 	28.600698 	38.013157 	67.230942 	48.600410 	4.000000 	27.018513 	9.848858 	88.684837 	10.000000 	44.687805 	31.064449 	999.000000 	45.343136 	35.355339 	86.005814 	49.517673 	108.300507 	63.126858 	104.809349 	100.498756 	20.615528 	30.805843 	71.196907 	63.702435 	13.341664 	73.878281 	12.649111 	28.425341 	13.341664 	
37.363083 	44.011364 	19.798990 	71.196907 	22.022715 	20.396078 	36.013885 	83.528435 	19.416489 	46.043457 	34.132095 	48.507732 	112.271988 	25.000000 	55.443665 	31.575306 	109.077957 	51.739735 	85.802101 	33.955853 	10.049875 	20.615528 	57.489128 	33.241539 	17.029387 	81.835197 	109.836243 	5.099020 	48.083260 	18.384777 	54.451813 	45.221676 	55.172459 	1.000000 	75.742989 	45.343136 	999.000000 	10.295630 	128.471786 	4.472136 	64.845970 	17.804493 	61.098282 	56.462376 	65.946945 	16.763054 	115.000000 	18.384777 	35.355339 	28.600698 	57.201397 	73.756355 	57.428215 	
31.016125 	36.674240 	24.698177 	62.649822 	18.788294 	15.811388 	45.398239 	74.706093 	28.017851 	41.593269 	31.384710 	56.435802 	104.809349 	34.365681 	46.043457 	41.484936 	100.239716 	42.201897 	76.550636 	43.965897 	19.416489 	11.704700 	67.446274 	43.324360 	8.246211 	72.422371 	100.846420 	14.560220 	38.288380 	8.944272 	44.687805 	55.362442 	45.276924 	9.848858 	66.068146 	35.355339 	10.295630 	999.000000 	119.570061 	14.212670 	75.026665 	28.017851 	71.309189 	66.708321 	55.901699 	7.000000 	105.683487 	28.425341 	25.059929 	38.832977 	47.010635 	63.702435 	47.201694 	
93.236259 	85.603737 	125.495018 	57.428215 	109.808922 	109.622078 	151.380310 	44.944408 	136.359818 	91.241440 	103.276329 	150.445999 	31.144823 	143.282944 	73.790245 	151.743210 	19.416489 	77.820305 	43.462627 	154.563904 	133.221619 	108.046288 	173.954010 	154.673843 	111.646767 	48.104053 	18.788294 	130.357208 	82.346825 	110.639053 	76.157730 	165.680420 	76.321686 	127.624451 	55.659679 	86.005814 	128.471786 	119.570061 	999.000000 	132.924789 	183.853195 	145.340973 	181.069046 	177.654160 	68.410522 	116.275536 	17.029387 	146.441116 	99.161484 	155.425217 	78.160095 	62.169125 	78.847954 	
41.761227 	48.466484 	21.633308 	75.663727 	26.172504 	24.738634 	34.132095 	87.982956 	18.788294 	50.159744 	38.013157 	47.759815 	116.709038 	23.345236 	59.816387 	29.068884 	113.534134 	56.080299 	90.210861 	31.257000 	9.433981 	25.000000 	54.744862 	30.413813 	21.400934 	86.214851 	114.280357 	5.830952 	52.345009 	22.671568 	58.728188 	42.201897 	59.396969 	5.385165 	80.056229 	49.517673 	4.472136 	14.212670 	132.924789 	999.000000 	61.684681 	13.892444 	57.870544 	53.141319 	70.092796 	20.124611 	119.402679 	14.212670 	39.115215 	24.698177 	61.220913 	77.897369 	61.400326 	
91.678787 	99.488693 	59.203041 	127.561752 	76.026314 	77.388626 	32.649654 	140.264038 	49.396355 	92.698433 	80.622574 	36.769554 	161.207947 	42.190044 	115.935326 	34.000000 	164.769531 	112.898186 	144.308701 	31.304953 	55.946404 	83.186539 	10.295630 	31.780497 	80.056229 	141.209061 	166.243790 	60.539242 	110.276924 	81.859634 	116.284134 	19.697716 	117.477661 	65.192024 	136.484436 	108.300507 	64.845970 	75.026665 	183.853195 	61.684681 	999.000000 	48.270073 	4.000000 	9.000000 	128.631256 	81.596565 	172.904602 	48.836460 	99.924973 	38.327538 	120.768372 	136.341476 	121.198181 	
52.773098 	60.033325 	25.000000 	87.920418 	36.249138 	35.846897 	24.166092 	100.439034 	15.811388 	59.203041 	46.324940 	40.224369 	127.632286 	15.556349 	72.917763 	17.720045 	125.924583 	69.310890 	103.077644 	19.235384 	12.649111 	38.183765 	42.047592 	18.110771 	34.655445 	99.247169 	126.826653 	15.000000 	65.795135 	36.124783 	72.138756 	29.154760 	72.917763 	18.439089 	93.348808 	63.126858 	17.804493 	28.017851 	145.340973 	13.892444 	48.270073 	999.000000 	44.384682 	39.560081 	83.737686 	34.000000 	132.279999 	2.236068 	53.000000 	10.816654 	75.000000 	91.547798 	75.213028 	
88.617157 	96.426140 	56.080299 	124.579292 	72.801102 	74.060783 	29.698484 	137.295303 	46.043457 	90.027771 	77.794601 	35.440090 	158.808060 	38.832977 	112.645462 	30.528675 	161.929001 	109.553642 	141.226761 	27.784887 	52.325901 	79.649231 	9.055386 	28.178005 	76.478752 	138.057953 	163.355438 	56.859474 	106.850365 	78.262383 	112.898186 	16.124516 	114.057007 	61.465439 	133.221619 	104.809349 	61.098282 	71.309189 	181.069046 	57.870544 	4.000000 	44.384682 	999.000000 	5.000000 	125.195847 	77.833153 	169.917633 	44.911022 	96.254868 	34.365681 	117.239075 	132.924789 	117.647781 	
84.899940 	92.698433 	52.345009 	120.933868 	68.883957 	70.000000 	26.400757 	133.660019 	42.011902 	86.833176 	74.411018 	34.365681 	155.900604 	34.828148 	108.600182 	26.400757 	158.448730 	105.437187 	137.440903 	23.600847 	47.885281 	75.292763 	9.848858 	23.853722 	72.069412 	134.182709 	159.812393 	52.325901 	102.625534 	73.824112 	108.724419 	12.041595 	109.836243 	56.859474 	129.201401 	100.498756 	56.462376 	66.708321 	177.654160 	53.141319 	9.000000 	39.560081 	5.000000 	999.000000 	120.950401 	73.164200 	166.243790 	40.024994 	91.706055 	29.427877 	112.871605 	128.701202 	113.251930 	
40.607880 	34.058773 	70.263786 	24.207438 	53.310413 	51.429562 	96.602280 	28.635643 	79.259071 	48.093658 	53.758720 	101.833199 	64.327286 	86.452301 	15.000000 	94.667839 	50.487621 	16.492422 	26.019224 	97.416634 	73.239334 	45.803928 	119.883278 	97.097885 	49.203659 	21.023796 	50.009998 	69.202599 	18.357559 	47.634022 	12.649111 	109.077957 	11.180340 	65.299309 	13.038404 	20.615528 	65.946945 	55.901699 	68.410522 	70.092796 	128.631256 	83.737686 	125.195847 	120.950401 	999.000000 	50.990196 	52.554733 	84.291161 	32.202484 	94.493385 	9.848858 	7.810250 	10.440307 	
31.575306 	36.000000 	31.320919 	60.083275 	22.671568 	19.209373 	52.345009 	71.693794 	35.014282 	43.324360 	34.669872 	63.387695 	103.160072 	41.303753 	42.485291 	48.270073 	97.082436 	38.470768 	72.945183 	50.695168 	26.305893 	11.401754 	74.215904 	50.000000 	9.433981 	68.600288 	97.493591 	21.377558 	34.132095 	8.544003 	40.496914 	61.983868 	40.804413 	16.492422 	61.854668 	30.805843 	16.763054 	7.000000 	116.275536 	20.124611 	81.596565 	34.000000 	77.833153 	73.164200 	50.990196 	999.000000 	101.872467 	34.132095 	19.209373 	44.777225 	41.725292 	58.728188 	41.773197 	
81.344948 	73.552704 	113.899078 	45.343136 	97.590981 	97.000000 	140.264038 	32.649654 	124.450790 	81.271149 	92.455391 	140.911316 	34.928497 	131.529465 	59.640591 	140.014282 	12.041595 	63.513779 	29.206163 	142.842575 	120.507263 	94.403389 	163.248276 	142.835571 	98.005104 	33.286633 	9.000000 	117.290237 	67.742157 	96.834908 	61.400326 	154.207657 	61.294373 	114.201576 	40.249222 	71.196907 	115.000000 	105.683487 	17.029387 	119.402679 	172.904602 	132.279999 	169.917633 	166.243790 	52.554733 	101.872467 	999.000000 	133.225372 	84.077347 	142.635895 	62.393909 	45.880280 	62.968246 	
54.129475 	61.294373 	27.018513 	89.044930 	37.696156 	37.121422 	25.942244 	101.513542 	18.027756 	60.876926 	48.052055 	42.201897 	129.077499 	17.691807 	73.756355 	19.313208 	127.027557 	70.092796 	104.019226 	20.615528 	14.317822 	38.948685 	43.000000 	19.416489 	35.383614 	100.124924 	127.882759 	16.124516 	66.468040 	36.769554 	72.835434 	30.016663 	73.552704 	19.104973 	94.111633 	63.702435 	18.384777 	28.425341 	146.441116 	14.212670 	48.836460 	2.236068 	44.911022 	40.024994 	84.291161 	34.132095 	133.225372 	999.000000 	53.254108 	10.770329 	75.432091 	92.097771 	75.604233 	
28.319605 	28.301943 	45.099888 	45.177429 	30.413813 	27.166155 	69.375786 	55.542778 	51.662365 	41.012192 	38.013157 	78.160095 	89.202019 	58.523499 	26.305893 	66.128662 	80.324341 	22.203604 	55.713554 	68.709534 	44.011364 	18.027756 	92.027168 	68.154236 	20.396078 	51.078373 	80.411446 	39.395432 	17.262676 	18.439089 	23.086792 	80.230919 	22.847319 	34.885529 	43.829212 	13.341664 	35.355339 	25.059929 	99.161484 	39.115215 	99.924973 	53.000000 	96.254868 	91.706055 	32.202484 	19.209373 	84.077347 	53.254108 	999.000000 	63.812225 	22.671568 	39.824615 	22.627417 	
62.433964 	69.892776 	32.280025 	98.005104 	45.793011 	45.803928 	20.615528 	110.602890 	21.377558 	67.779053 	54.781384 	37.643059 	136.853943 	17.117243 	83.450584 	13.601471 	136.014709 	79.906197 	113.454834 	13.453624 	22.203604 	48.836460 	33.241539 	12.041595 	45.343136 	109.713264 	137.003647 	25.455845 	76.485291 	46.861500 	82.807007 	20.223749 	83.630135 	29.206163 	103.947105 	73.878281 	28.600698 	38.832977 	155.425217 	24.698177 	38.327538 	10.816654 	34.365681 	29.427877 	94.493385 	44.777225 	142.635895 	10.770329 	63.812225 	999.000000 	85.802101 	102.303467 	86.023254 	
36.055511 	30.805843 	63.245552 	30.083218 	46.572525 	44.271889 	89.157166 	37.054016 	71.589104 	45.607018 	49.000000 	95.566734 	72.560318 	78.721024 	14.212670 	86.769814 	60.016663 	13.000000 	35.355339 	89.470665 	65.000000 	37.589893 	112.307610 	89.067390 	40.816662 	30.413813 	59.665737 	60.745369 	12.000000 	39.115215 	9.433981 	101.118744 	7.211102 	56.612720 	22.561028 	12.649111 	57.201397 	47.010635 	78.160095 	61.220913 	120.768372 	75.000000 	117.239075 	112.871605 	9.848858 	41.725292 	62.393909 	75.432091 	22.671568 	85.802101 	999.000000 	17.204651 	1.414214 	
47.539455 	40.607880 	77.820305 	25.238859 	60.835846 	59.059292 	104.235313 	25.942244 	86.954010 	54.037025 	60.638271 	109.110039 	61.032780 	94.154129 	21.587032 	102.396286 	45.011108 	23.769728 	21.587032 	105.152267 	81.024689 	53.600372 	127.534309 	104.847511 	57.008770 	16.763054 	44.181442 	77.006493 	26.076809 	55.443665 	20.124611 	116.811813 	18.867962 	73.109505 	9.433981 	28.425341 	73.756355 	63.702435 	62.169125 	77.897369 	136.341476 	91.547798 	132.924789 	128.701202 	7.810250 	58.728188 	45.880280 	92.097771 	39.824615 	102.303467 	17.204651 	999.000000 	17.492855 	
37.121422 	32.015621 	63.890530 	31.384710 	47.296936 	44.922153 	89.693924 	38.118237 	72.090218 	46.840153 	50.009998 	96.317184 	73.681747 	79.202271 	15.620500 	87.206650 	60.827625 	14.317822 	36.221542 	89.894379 	65.368187 	38.013157 	112.805145 	89.470665 	41.182522 	31.257000 	60.415230 	61.057350 	13.038404 	39.446167 	10.816654 	101.533249 	8.602325 	56.859474 	23.345236 	13.341664 	57.428215 	47.201694 	78.847954 	61.400326 	121.198181 	75.213028 	117.647781 	113.251930 	10.440307 	41.773197 	62.968246 	75.604233 	22.627417 	86.023254 	1.414214 	17.492855 	999.000000 	

Travel time:
9.000000 	0.195256 	0.813941 	0.901734 	0.416083 	0.427200 	1.475847 	1.219887 	1.079641 	0.320156 	0.328824 	1.546165 	1.875667 	1.255239 	0.649038 	1.467353 	1.846957 	0.604669 	1.315770 	1.538059 	1.007782 	0.505594 	2.055024 	1.538871 	0.575543 	1.241219 	1.876832 	0.951972 	0.602080 	0.579871 	0.704006 	1.821572 	0.751665 	0.910014 	1.140449 	0.618466 	0.934077 	0.775403 	2.330906 	1.044031 	2.291970 	1.319327 	2.215429 	2.122499 	1.015197 	0.789383 	2.033624 	1.353237 	0.707990 	1.560849 	0.901388 	1.188486 	0.928036 	
0.195256 	9.000000 	1.009022 	0.707990 	0.605186 	0.604669 	1.671077 	1.025914 	1.273283 	0.371652 	0.506211 	1.733854 	1.707703 	1.449569 	0.477624 	1.661701 	1.655483 	0.452769 	1.120547 	1.732412 	1.192686 	0.629484 	2.250000 	1.732772 	0.711073 	1.047020 	1.683931 	1.129436 	0.482830 	0.704006 	0.552268 	2.016495 	0.604669 	1.077033 	0.951972 	0.527376 	1.100284 	0.916856 	2.140093 	1.211662 	2.487217 	1.500833 	2.410654 	2.317461 	0.851469 	0.900000 	1.838818 	1.532359 	0.707549 	1.747319 	0.770146 	1.015197 	0.800391 	
0.813941 	1.009022 	9.000000 	1.714825 	0.425000 	0.474342 	0.665676 	2.033009 	0.279509 	0.894427 	0.570636 	0.826514 	2.629757 	0.445112 	1.423464 	0.656220 	2.655419 	1.353006 	2.128673 	0.726722 	0.340037 	0.676849 	1.248249 	0.730154 	0.625500 	2.050152 	2.687936 	0.395285 	1.300000 	0.675463 	1.442437 	1.007782 	1.477329 	0.477624 	1.934716 	1.264911 	0.494975 	0.617454 	3.137375 	0.540833 	1.480076 	0.625000 	1.402007 	1.308625 	1.756595 	0.783023 	2.847477 	0.675463 	1.127497 	0.807001 	1.581139 	1.945508 	1.597263 	
0.901734 	0.707990 	1.714825 	9.000000 	1.312441 	1.305038 	2.373025 	0.318198 	1.981161 	0.916856 	1.180042 	2.401042 	1.101136 	2.156965 	0.475000 	2.369071 	0.950329 	0.575543 	0.436606 	2.439775 	1.895059 	1.274755 	2.948093 	2.440543 	1.364047 	0.403113 	0.976281 	1.823630 	0.700446 	1.342805 	0.579871 	2.722591 	0.612882 	1.758195 	0.427200 	0.800391 	1.779923 	1.566246 	1.435705 	1.891593 	3.189044 	2.198010 	3.114482 	3.023347 	0.605186 	1.502082 	1.133578 	2.226123 	1.129436 	2.450128 	0.752080 	0.630971 	0.784618 	
0.416083 	0.605186 	0.425000 	1.312441 	9.000000 	0.090139 	1.089151 	1.629801 	0.672681 	0.600521 	0.316228 	1.225765 	2.284732 	0.851469 	0.999062 	1.063015 	2.260669 	0.928036 	1.715554 	1.133578 	0.592663 	0.335410 	1.672199 	1.131923 	0.336341 	1.632483 	2.288695 	0.546008 	0.877853 	0.375000 	1.017964 	1.421267 	1.053862 	0.525595 	1.511622 	0.848896 	0.550568 	0.469707 	2.745223 	0.654313 	1.900658 	0.906228 	1.820028 	1.722099 	1.332760 	0.566789 	2.439775 	0.942404 	0.760345 	1.144825 	1.164313 	1.520896 	1.182423 	
0.427200 	0.604669 	0.474342 	1.305038 	0.090139 	9.000000 	1.129436 	1.620378 	0.700446 	0.651920 	0.391312 	1.290591 	2.302851 	0.880696 	0.965013 	1.090011 	2.255271 	0.887764 	1.697425 	1.160011 	0.590021 	0.246221 	1.711907 	1.155692 	0.247487 	1.609542 	2.280351 	0.525595 	0.827647 	0.285044 	0.973717 	1.450216 	1.006231 	0.485412 	1.480076 	0.790569 	0.509902 	0.395285 	2.740552 	0.618466 	1.934716 	0.896172 	1.851520 	1.750000 	1.285739 	0.480234 	2.425000 	0.928036 	0.679154 	1.145098 	1.106797 	1.476482 	1.123054 	
1.475847 	1.671077 	0.665676 	2.373025 	1.089151 	1.129436 	9.000000 	2.690725 	0.443001 	1.511001 	1.202601 	0.425735 	3.238248 	0.276134 	2.088211 	0.176777 	3.305772 	2.015564 	2.791617 	0.190394 	0.651920 	1.296630 	0.583095 	0.223607 	1.226020 	2.715004 	3.341501 	0.776611 	1.956560 	1.274019 	2.102974 	0.369121 	2.135562 	0.901388 	2.600240 	1.913929 	0.900347 	1.134956 	3.784508 	0.853302 	0.816241 	0.604152 	0.742462 	0.660019 	2.415057 	1.308625 	3.506601 	0.648556 	1.734395 	0.515388 	2.228929 	2.605883 	2.242348 	
1.219887 	1.025914 	2.033009 	0.318198 	1.629801 	1.620378 	2.690725 	9.000000 	2.299185 	1.221935 	1.495410 	2.711319 	0.892328 	2.475126 	0.735272 	2.687238 	0.638847 	0.838153 	0.182003 	2.757943 	2.210204 	1.578369 	3.264966 	2.758623 	1.668270 	0.247487 	0.660019 	2.136147 	0.958188 	1.644118 	0.813941 	3.040765 	0.831038 	2.067003 	0.413824 	1.055047 	2.088211 	1.867652 	1.123610 	2.199574 	3.506601 	2.510976 	3.432383 	3.341501 	0.715891 	1.792345 	0.816241 	2.537838 	1.388569 	2.765072 	0.926350 	0.648556 	0.952956 	
1.079641 	1.273283 	0.279509 	1.981161 	0.672681 	0.700446 	0.443001 	2.299185 	9.000000 	1.173936 	0.850000 	0.728011 	2.909038 	0.180278 	1.665270 	0.390512 	2.925854 	1.587844 	2.388122 	0.460977 	0.237171 	0.854400 	1.017964 	0.459619 	0.783023 	2.304886 	2.956455 	0.357946 	1.522539 	0.831038 	1.672199 	0.750000 	1.702388 	0.480885 	2.180023 	1.475847 	0.485412 	0.700446 	3.408995 	0.469707 	1.234909 	0.395285 	1.151086 	1.050297 	1.981477 	0.875357 	3.111270 	0.450694 	1.291559 	0.534439 	1.789728 	2.173850 	1.802255 	
0.320156 	0.371652 	0.894427 	0.916856 	0.600521 	0.651920 	1.511001 	1.221935 	1.173936 	9.000000 	0.325000 	1.491015 	1.736555 	1.333464 	0.828402 	1.539683 	1.808660 	0.818917 	1.353237 	1.608765 	1.164313 	0.798827 	2.068363 	1.616516 	0.855132 	1.305038 	1.850676 	1.138530 	0.854400 	0.869626 	0.916856 	1.875000 	0.970824 	1.126111 	1.250250 	0.894427 	1.151086 	1.039832 	2.281036 	1.253994 	2.317461 	1.480076 	2.250694 	2.170829 	1.202341 	1.083109 	2.031779 	1.521923 	1.025305 	1.694476 	1.140175 	1.350926 	1.171004 	
0.328824 	0.506211 	0.570636 	1.180042 	0.316228 	0.391312 	1.202601 	1.495410 	0.850000 	0.325000 	9.000000 	1.229837 	2.059126 	1.012423 	0.976281 	1.220656 	2.103717 	0.933408 	1.608765 	1.290349 	0.843356 	0.602080 	1.770946 	1.296630 	0.630971 	1.544345 	2.140823 	0.826514 	0.925000 	0.660019 	1.032594 	1.562050 	1.079641 	0.828402 	1.457738 	0.930390 	0.853302 	0.784618 	2.581908 	0.950329 	2.015564 	1.158123 	1.944865 	1.860276 	1.343968 	0.866747 	2.311385 	1.201301 	0.950329 	1.369535 	1.225000 	1.515957 	1.250250 	
1.546165 	1.733854 	0.826514 	2.401042 	1.225765 	1.290591 	0.425735 	2.711319 	0.728011 	1.491015 	1.229837 	9.000000 	3.151587 	0.626498 	2.191603 	0.602080 	3.295546 	2.134537 	2.834277 	0.610328 	0.965013 	1.503330 	0.664266 	0.645174 	1.450216 	2.773536 	3.340003 	1.085415 	2.098362 	1.500208 	2.229630 	0.657647 	2.270050 	1.206752 	2.685610 	2.074398 	1.212693 	1.410895 	3.761150 	1.193995 	0.919239 	1.005609 	0.886002 	0.859142 	2.545830 	1.584692 	3.522783 	1.055047 	1.954002 	0.941076 	2.389168 	2.727751 	2.407930 	
1.875667 	1.707703 	2.629757 	1.101136 	2.284732 	2.302851 	3.238248 	0.892328 	2.909038 	1.736555 	2.059126 	3.151587 	9.000000 	3.070016 	1.575794 	3.275668 	0.596343 	1.676678 	0.989002 	3.344398 	2.875978 	2.328626 	3.775745 	3.352797 	2.414151 	1.106797 	0.673146 	2.827212 	1.801562 	2.401172 	1.675187 	3.605551 	1.701654 	2.783209 	1.298075 	1.901480 	2.806800 	2.620234 	0.778621 	2.917726 	4.030199 	3.190807 	3.970201 	3.897515 	1.608182 	2.579002 	0.873212 	3.226938 	2.230051 	3.421349 	1.814008 	1.525820 	1.842044 	
1.255239 	1.449569 	0.445112 	2.156965 	0.851469 	0.880696 	0.276134 	2.475126 	0.180278 	1.333464 	1.012423 	0.626498 	3.070016 	9.000000 	1.845434 	0.212132 	3.099698 	1.768120 	2.566247 	0.282843 	0.375832 	1.030776 	0.840387 	0.285044 	0.956883 	2.483948 	3.131393 	0.500625 	1.702388 	1.004054 	1.852363 	0.570088 	1.882319 	0.625500 	2.360085 	1.654728 	0.625000 	0.859142 	3.582074 	0.583631 	1.054751 	0.388909 	0.970824 	0.870704 	2.161308 	1.032594 	3.288237 	0.442295 	1.463087 	0.427931 	1.968026 	2.353853 	1.980057 	
0.649038 	0.477624 	1.423464 	0.475000 	0.999062 	0.965013 	2.088211 	0.735272 	1.665270 	0.828402 	0.976281 	2.191603 	1.575794 	1.845434 	9.000000 	2.055024 	1.365650 	0.103078 	0.763217 	2.125000 	1.538871 	0.870704 	2.671259 	2.120289 	0.960469 	0.660019 	1.375227 	1.450000 	0.226385 	0.930054 	0.125000 	2.415186 	0.176777 	1.366794 	0.515388 	0.325960 	1.386092 	1.151086 	1.844756 	1.495410 	2.898383 	1.822944 	2.816137 	2.715004 	0.375000 	1.062132 	1.491015 	1.843909 	0.657647 	2.086265 	0.355317 	0.539676 	0.390512 	
1.467353 	1.661701 	0.656220 	2.369071 	1.063015 	1.090011 	0.176777 	2.687238 	0.390512 	1.539683 	1.220656 	0.602080 	3.275668 	0.212132 	2.055024 	9.000000 	3.311438 	1.976424 	2.778151 	0.070711 	0.553399 	1.229837 	0.649038 	0.079057 	1.152443 	2.695366 	3.343370 	0.673146 	1.908042 	1.198176 	2.059430 	0.360555 	2.088211 	0.794512 	2.570019 	1.857586 	0.789383 	1.037123 	3.793580 	0.726722 	0.850000 	0.443001 	0.763217 	0.660019 	2.366696 	1.206752 	3.500357 	0.482830 	1.653217 	0.340037 	2.169245 	2.559907 	2.180166 	
