Total assets = 850
Number of asset nodes = 50

Distance:
999.000000 	6.403124 	11.704700 	44.598206 	41.012192 	38.209946 	43.840622 	41.036568 	11.000000 	10.049875 	9.219544 	42.449970 	41.109608 	9.219544 	13.341664 	43.416588 	25.942244 	24.698177 	27.730848 	27.313000 	29.966648 	27.513634 	41.340054 	34.176014 	41.182522 	36.400551 	40.706264 	43.908997 	40.718548 	42.941822 	60.745369 	57.245087 	59.933296 	66.887962 	44.271889 	85.562843 	62.169125 	67.601776 	64.845970 	62.241467 	85.146935 	65.795135 	36.124783 	84.023804 	37.536648 	86.052307 	37.802116 	70.682388 	78.032043 	92.097771 	39.661064 	42.720020 	40.804413 	86.608315 	46.840153 	41.400482 	90.426765 	88.600227 	41.868843 	42.426407 	43.046486 	47.169907 	49.729267 	
6.403124 	999.000000 	6.000000 	38.288380 	34.655445 	31.827662 	37.483330 	34.655445 	7.211102 	7.071068 	7.211102 	36.069378 	34.713108 	10.198039 	10.630146 	37.013512 	31.906113 	30.413813 	33.615471 	33.120991 	35.846897 	33.105892 	47.434166 	39.812057 	47.169907 	42.047592 	46.647614 	49.929951 	46.529560 	48.877399 	54.378304 	50.990196 	53.712196 	60.539242 	49.769470 	79.195961 	55.946404 	61.294373 	58.600342 	56.080299 	78.746429 	59.615433 	36.359318 	77.620872 	37.735924 	79.649231 	38.470768 	64.474800 	71.693794 	85.702972 	40.718548 	45.541191 	41.593269 	80.212219 	43.462627 	42.059483 	84.023804 	82.200974 	42.190044 	42.201897 	44.384682 	44.294468 	46.238514 	
11.704700 	6.000000 	999.000000 	34.669872 	30.805843 	27.802877 	33.600594 	30.610456 	4.000000 	5.099020 	6.324555 	32.015621 	30.479502 	10.770329 	7.280110 	32.526913 	35.468296 	33.600594 	37.013512 	36.400551 	39.204590 	36.055511 	51.088158 	42.720020 	50.606323 	44.944408 	50.000000 	53.413483 	49.648766 	52.201534 	49.406479 	45.650848 	48.301140 	55.470715 	52.354561 	75.073296 	50.537113 	56.080299 	53.235325 	50.566788 	74.276512 	54.129475 	33.615471 	73.000000 	34.928497 	75.073296 	36.055511 	59.033890 	66.573265 	81.320351 	38.600517 	45.011108 	39.217342 	75.432091 	38.013157 	39.560081 	79.397736 	77.466118 	39.395432 	38.948685 	42.449970 	39.115215 	40.718548 	
44.598206 	38.288380 	34.669872 	999.000000 	4.123106 	7.280110 	2.236068 	5.000000 	38.078865 	39.446167 	40.816662 	4.123106 	6.082763 	45.276924 	39.812057 	7.211102 	70.000000 	68.242218 	71.610054 	71.028160 	73.817345 	70.724815 	85.603737 	77.388626 	85.211502 	79.611557 	84.628601 	88.005684 	84.314888 	86.838928 	21.000000 	22.135944 	25.000000 	27.073973 	86.954010 	41.109608 	26.683329 	29.000000 	28.284271 	28.160255 	41.340054 	30.594116 	60.299255 	40.706264 	61.204575 	42.544094 	63.387695 	34.132095 	37.656342 	48.010414 	66.483078 	76.157730 	66.272163 	43.863426 	48.383881 	66.189125 	47.010635 	45.617977 	65.069191 	63.000000 	70.455658 	51.923019 	49.396355 	
41.012192 	34.655445 	30.805843 	4.123106 	999.000000 	3.162278 	2.828427 	1.414214 	34.132095 	35.510563 	36.891735 	2.000000 	2.828427 	41.340054 	35.777088 	5.385165 	66.219330 	64.404968 	67.801178 	67.201187 	70.000000 	66.850578 	81.835197 	73.498299 	81.400246 	75.716576 	80.802231 	84.202141 	80.448738 	83.006027 	22.360680 	22.203604 	25.179358 	28.635643 	83.006027 	44.553337 	27.073973 	30.265491 	29.000000 	28.284271 	44.407207 	31.064449 	56.222771 	43.566040 	57.140179 	45.486263 	59.304298 	35.014282 	39.560081 	51.224995 	62.393909 	72.034714 	62.201286 	46.529560 	44.944408 	62.128899 	49.929951 	48.373547 	61.032780 	59.008472 	66.370171 	48.383881 	46.097721 	
38.209946 	31.827662 	27.802877 	7.280110 	3.162278 	999.000000 	5.830952 	2.828427 	31.064449 	32.449963 	33.837849 	4.242640 	3.162278 	38.275318 	32.649654 	6.082763 	63.253460 	61.400326 	64.815125 	64.202805 	67.007462 	63.820061 	78.873314 	70.455658 	78.409180 	72.670486 	77.801025 	81.215759 	77.420929 	80.000000 	24.041630 	23.000000 	26.000000 	30.364452 	79.924965 	47.381432 	28.017851 	31.780497 	30.149628 	29.017237 	47.010635 	32.015621 	53.150730 	46.043457 	54.083271 	48.010414 	56.222771 	36.221542 	41.436699 	53.907330 	59.304298 	68.883957 	59.135437 	48.877399 	42.544094 	59.076221 	52.430908 	50.774010 	58.008621 	56.035702 	63.285069 	45.880280 	43.829212 	
43.840622 	37.483330 	33.600594 	2.236068 	2.828427 	5.830952 	999.000000 	3.162278 	36.891735 	38.275318 	39.661064 	2.000000 	4.000000 	44.102154 	38.470768 	5.000000 	69.028976 	67.201187 	70.604530 	70.000000 	72.801102 	69.634758 	84.646324 	76.275818 	84.202141 	78.492035 	83.600243 	87.005745 	83.234612 	85.802101 	20.099751 	20.615528 	23.537205 	26.305893 	85.755463 	41.725292 	25.317978 	28.071337 	27.073973 	26.683329 	41.617306 	29.274563 	58.420887 	40.816662 	59.304298 	42.720020 	61.522354 	33.015148 	37.107952 	48.414875 	64.629715 	74.464760 	64.381676 	43.829212 	46.173584 	64.280632 	47.169907 	45.650848 	63.126858 	61.008198 	68.593002 	49.729267 	47.169907 	
41.036568 	34.655445 	30.610456 	5.000000 	1.414214 	2.828427 	3.162278 	999.000000 	33.837849 	35.227829 	36.619667 	1.414214 	1.414214 	41.048752 	35.355339 	4.123106 	66.068146 	64.202805 	67.623962 	67.007462 	69.814041 	66.610809 	81.688431 	73.239334 	81.215759 	75.451973 	80.603973 	84.023804 	80.212219 	82.800964 	21.587032 	21.095022 	24.083189 	27.892651 	82.680107 	44.553337 	26.019224 	29.427877 	28.017851 	27.166155 	44.204071 	30.016663 	55.326305 	43.266617 	56.222771 	45.221676 	58.420887 	34.058773 	38.897301 	51.088158 	61.522354 	71.309189 	61.294373 	46.141087 	43.657761 	61.204575 	49.648766 	48.020828 	60.074955 	58.000000 	65.490456 	47.127487 	44.777225 	
11.000000 	7.211102 	4.000000 	38.078865 	34.132095 	31.064449 	36.891735 	33.837849 	999.000000 	1.414214 	2.828427 	35.227829 	33.600594 	7.211102 	3.605551 	35.468296 	32.526913 	30.479502 	33.970577 	33.301651 	36.124783 	32.802441 	48.104053 	39.408119 	47.507893 	41.617306 	46.861500 	50.328918 	46.400433 	49.040798 	51.855568 	47.707443 	50.249378 	57.801384 	48.877399 	78.102493 	52.478565 	58.249462 	55.226807 	52.354561 	77.077881 	55.946404 	29.966648 	75.690155 	31.304953 	77.794601 	32.310989 	60.901562 	68.818604 	84.172440 	34.785053 	41.012192 	35.468296 	77.987175 	36.400551 	35.846897 	82.073135 	80.056229 	35.777088 	35.510563 	38.600517 	37.121422 	39.217342 	
10.049875 	7.071068 	5.099020 	39.446167 	35.510563 	32.449963 	38.275318 	35.227829 	1.414214 	999.000000 	1.414214 	36.619667 	35.000000 	5.830952 	3.605551 	36.878178 	31.112698 	29.068884 	32.557640 	31.890438 	34.713108 	31.400637 	46.690472 	38.013157 	46.097721 	40.224369 	45.453274 	48.918301 	45.000000 	47.634022 	53.263496 	49.091751 	51.623638 	59.203041 	47.507893 	79.511009 	53.851646 	59.640591 	56.603886 	53.712196 	78.492035 	57.306194 	29.529646 	77.103828 	30.886890 	79.208588 	31.780497 	62.265560 	70.213959 	85.586212 	34.176014 	40.049969 	34.928497 	79.397736 	37.000000 	35.341194 	83.486526 	81.467789 	35.355339 	35.227829 	37.947330 	37.576588 	39.849716 	
9.219544 	7.211102 	6.324555 	40.816662 	36.891735 	33.837849 	39.661064 	36.619667 	2.828427 	1.414214 	999.000000 	38.013157 	36.400551 	4.472136 	4.123106 	38.288380 	29.698484 	27.658634 	31.144823 	30.479502 	33.301651 	30.000000 	45.276924 	36.619667 	44.687805 	38.832977 	44.045429 	47.507893 	43.600460 	46.227695 	54.671749 	50.477718 	53.000000 	60.605282 	46.141087 	80.919716 	55.226807 	61.032780 	57.982758 	55.072678 	79.906197 	58.668560 	29.154760 	78.517517 	30.528675 	80.622574 	31.304953 	63.631752 	71.610054 	87.000000 	33.615471 	39.115215 	34.438351 	80.808418 	37.643059 	34.885529 	84.899940 	82.879433 	34.985710 	35.000000 	37.336308 	38.078865 	40.521599 	
42.449970 	36.069378 	32.015621 	4.123106 	2.000000 	4.242640 	2.000000 	1.414214 	35.227829 	36.619667 	38.013157 	999.000000 	2.000000 	42.438190 	36.715118 	3.605551 	67.475922 	65.604881 	69.028976 	68.410522 	71.217972 	68.007355 	83.096329 	74.632431 	82.619614 	76.843994 	82.006096 	85.428329 	81.608826 	84.202141 	20.396078 	20.223749 	23.194826 	26.683329 	84.059502 	43.139309 	25.079872 	28.284271 	27.000000 	26.305893 	42.801868 	29.068884 	56.435802 	41.880783 	57.314919 	43.829212 	59.539902 	33.015148 	37.643059 	49.678970 	62.649822 	72.532753 	62.393909 	44.777225 	44.271889 	62.289646 	48.259712 	46.647614 	61.131008 	59.008472 	66.610809 	47.801674 	45.310043 	
41.109608 	34.713108 	30.479502 	6.082763 	2.828427 	3.162278 	4.000000 	1.414214 	33.600594 	35.000000 	36.400551 	2.000000 	999.000000 	40.804413 	34.985710 	3.000000 	65.946945 	64.031242 	67.475922 	66.843102 	69.656296 	66.400299 	81.565926 	73.006851 	81.055534 	75.213028 	80.430092 	83.868942 	80.000000 	82.619614 	20.880613 	20.024984 	23.021729 	27.202942 	82.377182 	44.598206 	25.000000 	28.635643 	27.073973 	26.076809 	44.045429 	29.000000 	54.451813 	43.011627 	55.326305 	45.000000 	57.558666 	33.136082 	38.275318 	50.990196 	60.671246 	70.604530 	60.406952 	45.793011 	42.379242 	60.299255 	49.406479 	47.707443 	59.135437 	57.008770 	64.629715 	45.880280 	43.462627 	
9.219544 	10.198039 	10.770329 	45.276924 	41.340054 	38.275318 	44.102154 	41.048752 	7.211102 	5.830952 	4.472136 	42.438190 	40.804413 	999.000000 	6.708204 	42.638012 	25.495098 	23.345236 	26.870058 	26.172504 	29.000000 	25.612497 	41.012192 	32.202484 	40.360870 	34.409302 	39.698868 	43.185646 	39.204590 	41.868843 	58.796257 	54.405884 	56.859474 	64.660652 	41.677334 	85.276024 	59.076221 	65.000000 	61.854668 	58.830265 	84.172440 	62.433964 	27.018513 	82.734512 	28.425341 	84.852814 	28.844410 	67.416618 	75.604233 	91.285271 	30.886890 	35.355339 	31.906113 	84.958817 	38.639359 	32.449963 	89.106674 	87.045967 	32.802441 	33.241539 	34.438351 	38.600517 	41.593269 	
13.341664 	10.630146 	7.280110 	39.812057 	35.777088 	32.649654 	38.470768 	35.355339 	3.605551 	3.605551 	4.123106 	36.715118 	34.985710 	6.708204 	999.000000 	36.619667 	32.015621 	29.732138 	33.301651 	32.557640 	35.383614 	31.827662 	47.423622 	38.288380 	46.669048 	40.459858 	45.967381 	49.497475 	45.343136 	48.104053 	52.345009 	47.801674 	50.219517 	58.137768 	47.434166 	79.202271 	52.430908 	58.412327 	55.217751 	52.153618 	77.897369 	55.758408 	26.400757 	76.380623 	27.730848 	78.517517 	28.792360 	60.745369 	69.028976 	85.041168 	31.320919 	38.013157 	31.953091 	78.517517 	33.526108 	32.310989 	82.734512 	80.622574 	32.202484 	31.906113 	35.171009 	34.014702 	36.400551 	
43.416588 	37.013512 	32.526913 	7.211102 	5.385165 	6.082763 	5.000000 	4.123106 	35.468296 	36.878178 	38.288380 	3.605551 	3.000000 	42.638012 	36.619667 	999.000000 	67.941154 	65.946945 	69.426216 	68.767723 	71.589104 	68.249542 	83.546394 	74.813103 	82.975899 	77.006493 	82.328613 	85.796272 	81.835197 	84.504440 	18.027756 	17.029387 	20.024984 	24.351591 	84.053551 	42.638012 	22.000000 	25.709921 	24.083189 	23.086792 	41.773197 	26.000000 	54.918121 	40.607880 	55.731499 	42.638012 	58.051701 	30.149628 	35.468296 	48.795490 	61.188232 	71.470276 	60.827625 	43.266617 	41.484936 	60.671246 	47.010635 	45.221676 	59.413803 	57.140179 	65.115280 	45.122055 	42.379242 	
25.942244 	31.906113 	35.468296 	70.000000 	66.219330 	63.253460 	69.028976 	66.068146 	32.526913 	31.112698 	29.698484 	67.475922 	65.946945 	25.495098 	32.015621 	67.941154 	999.000000 	3.000000 	2.000000 	2.236068 	4.123106 	4.242640 	15.620500 	9.000000 	15.264338 	11.045361 	14.764823 	18.027756 	14.866069 	17.000000 	84.291161 	79.812279 	82.200974 	90.138779 	19.104973 	110.535065 	84.403793 	90.426765 	87.200920 	84.053551 	109.603828 	87.658424 	36.221542 	108.208130 	37.336308 	110.317726 	35.693138 	92.655273 	101.044548 	116.691902 	35.440090 	30.000000 	37.363083 	110.453613 	57.870544 	38.327538 	114.586212 	112.538879 	40.024994 	42.579338 	36.769554 	56.320511 	60.827625 	
24.698177 	30.413813 	33.600594 	68.242218 	64.404968 	61.400326 	67.201187 	64.202805 	30.479502 	29.068884 	27.658634 	65.604881 	64.031242 	23.345236 	29.732138 	65.946945 	3.000000 	999.000000 	3.605551 	2.828427 	5.656854 	3.000000 	17.691807 	9.486833 	17.029387 	11.704700 	16.401220 	19.849434 	16.124516 	18.601076 	82.073135 	77.466118 	79.812279 	87.863533 	19.646883 	108.577164 	82.006096 	88.090858 	84.811554 	81.608826 	107.517441 	85.211502 	33.241539 	106.066017 	34.365681 	108.189651 	32.756680 	90.210861 	98.716766 	114.629837 	32.572994 	27.658634 	34.481880 	108.245094 	54.918121 	35.440090 	112.432205 	110.344917 	37.107952 	39.623226 	34.014702 	53.338543 	57.870544 	
27.730848 	33.615471 	37.013512 	71.610054 	67.801178 	64.815125 	70.604530 	67.623962 	33.970577 	32.557640 	31.144823 	69.028976 	67.475922 	26.870058 	33.301651 	69.426216 	2.000000 	3.605551 	999.000000 	1.000000 	2.236068 	3.162278 	14.142136 	7.000000 	13.601471 	9.055386 	13.038404 	16.401220 	13.000000 	15.264338 	85.632935 	81.055534 	83.408630 	91.438507 	17.117243 	112.044632 	85.603737 	91.678787 	88.408142 	85.211502 	111.036034 	88.814415 	36.055511 	109.603828 	37.121422 	111.722870 	35.355339 	93.813644 	102.303467 	118.139748 	34.928497 	28.844410 	36.878178 	111.803398 	58.249462 	37.854988 	115.974136 	113.899078 	39.623226 	42.296574 	36.055511 	56.568542 	61.188232 	
27.313000 	33.120991 	36.400551 	71.028160 	67.201187 	64.202805 	70.000000 	67.007462 	33.301651 	31.890438 	30.479502 	68.410522 	66.843102 	26.172504 	32.557640 	68.767723 	2.236068 	2.828427 	1.000000 	999.000000 	2.828427 	2.236068 	14.866069 	7.071068 	14.212670 	9.219544 	13.601471 	17.029387 	13.416408 	15.811388 	84.899940 	80.280754 	82.619614 	90.686272 	17.262676 	111.395691 	84.811554 	90.906548 	87.618492 	84.403793 	110.344917 	88.005684 	35.057095 	108.894447 	36.124783 	111.018013 	34.365681 	93.005379 	101.533249 	117.456375 	33.955853 	28.017851 	35.902645 	111.072052 	57.271286 	36.878178 	115.260574 	113.172432 	38.639359 	41.303753 	35.114101 	55.578773 	60.207973 	
29.966648 	35.846897 	39.204590 	73.817345 	70.000000 	67.007462 	72.801102 	69.814041 	36.124783 	34.713108 	33.301651 	71.217972 	69.656296 	29.000000 	35.383614 	71.589104 	4.123106 	5.656854 	2.236068 	2.828427 	999.000000 	4.123106 	12.041595 	5.099020 	11.401754 	7.000000 	10.816654 	14.212670 	10.770329 	13.038404 	87.726852 	83.096329 	85.428329 	93.509361 	15.033297 	114.214706 	87.618492 	93.723000 	90.426765 	87.200920 	113.172432 	90.801979 	37.000000 	111.722870 	38.013157 	113.846390 	36.124783 	95.801880 	104.350372 	120.282997 	35.510563 	28.653097 	37.483330 	113.899078 	59.665737 	38.470768 	118.088951 	116.000000 	40.311287 	43.104523 	36.400551 	57.870544 	62.585941 	
27.513634 	33.105892 	36.055511 	70.724815 	66.850578 	63.820061 	69.634758 	66.610809 	32.802441 	31.400637 	30.000000 	68.007355 	66.400299 	25.612497 	31.827662 	68.249542 	4.242640 	3.000000 	3.162278 	2.236068 	4.123106 	999.000000 	15.811388 	6.708204 	14.866069 	8.944272 	14.142136 	17.691807 	13.601471 	16.278820 	84.148682 	79.397736 	81.688431 	89.872131 	16.763054 	110.887329 	83.868942 	90.027771 	86.683334 	83.408630 	109.713264 	87.005745 	33.015148 	108.208130 	34.058773 	110.344917 	32.249031 	92.005432 	100.657837 	116.846054 	31.780497 	25.806976 	33.734257 	110.317726 	55.542778 	34.713108 	114.560028 	112.432205 	36.496574 	39.204590 	32.893768 	53.758720 	58.463665 	
41.340054 	47.434166 	51.088158 	85.603737 	81.835197 	78.873314 	84.646324 	81.688431 	48.104053 	46.690472 	45.276924 	83.096329 	81.565926 	41.012192 	47.423622 	83.546394 	15.620500 	17.691807 	14.142136 	14.866069 	12.041595 	15.811388 	999.000000 	10.440307 	2.236068 	9.055386 	3.162278 	3.000000 	5.385165 	3.605551 	99.764725 	95.131485 	97.452553 	105.550934 	10.630146 	126.150703 	99.639351 	105.759163 	102.449989 	99.201813 	125.175873 	102.800781 	46.690472 	123.745705 	47.518417 	125.865005 	45.276924 	107.800743 	116.387283 	132.276230 	44.045429 	34.525352 	46.043457 	125.936493 	70.519501 	47.042534 	130.115326 	128.035156 	49.091751 	52.239830 	44.045429 	68.410522 	73.375748 	
34.176014 	39.812057 	42.720020 	77.388626 	73.498299 	70.455658 	76.275818 	73.239334 	39.408119 	38.013157 	36.619667 	74.632431 	73.006851 	32.202484 	38.288380 	74.813103 	9.000000 	9.486833 	7.000000 	7.071068 	5.099020 	6.708204 	10.440307 	999.000000 	8.944272 	2.236068 	8.062258 	11.661903 	7.071068 	10.000000 	90.520714 	85.632935 	87.863533 	96.176918 	10.198039 	117.443604 	90.027771 	96.260063 	92.849342 	89.498604 	116.180893 	93.085983 	36.345562 	114.629837 	37.215588 	116.777565 	35.057095 	98.081596 	106.887794 	123.328827 	34.014702 	25.632011 	36.013885 	116.674759 	60.083275 	37.013512 	120.966934 	118.802361 	39.000000 	42.047592 	34.365681 	57.974133 	62.936478 	
41.182522 	47.169907 	50.606323 	85.211502 	81.400246 	78.409180 	84.202141 	81.215759 	47.507893 	46.097721 	44.687805 	82.619614 	81.055534 	40.360870 	46.669048 	82.975899 	15.264338 	17.029387 	13.601471 	14.212670 	11.401754 	14.866069 	2.236068 	8.944272 	999.000000 	7.280110 	1.000000 	2.828427 	3.162278 	2.000000 	99.005051 	94.260277 	96.540146 	104.737770 	8.485281 	125.606529 	98.716766 	104.890419 	101.533249 	98.234413 	124.523087 	101.828285 	44.911022 	123.044708 	45.705578 	125.175873 	43.416588 	106.826965 	115.520561 	131.643463 	42.107006 	32.388271 	44.102154 	125.175873 	68.949257 	45.099888 	129.402466 	127.287079 	47.169907 	50.358715 	42.011902 	66.760765 	71.784401 	
36.400551 	42.047592 	44.944408 	79.611557 	75.716576 	72.670486 	78.492035 	75.451973 	41.617306 	40.224369 	38.832977 	76.843994 	75.213028 	34.409302 	40.459858 	77.006493 	11.045361 	11.704700 	9.055386 	9.219544 	7.000000 	8.944272 	9.055386 	2.236068 	7.280110 	999.000000 	6.324555 	9.848858 	5.000000 	8.062258 	92.655273 	87.726852 	89.938866 	98.290382 	8.062258 	119.632774 	92.097771 	98.351410 	94.921021 	91.547798 	118.342720 	95.131485 	37.656342 	116.777565 	38.470768 	118.928551 	36.221542 	100.124924 	108.977058 	125.495018 	35.014282 	25.961510 	37.013512 	118.802361 	61.684681 	38.013157 	123.109711 	120.933868 	40.049969 	43.185646 	35.128338 	59.481091 	64.513565 	
40.706264 	46.647614 	50.000000 	84.628601 	80.802231 	77.801025 	83.600243 	80.603973 	46.861500 	45.453274 	44.045429 	82.006096 	80.430092 	39.698868 	45.967381 	82.328613 	14.764823 	16.401220 	13.038404 	13.601471 	10.816654 	14.142136 	3.162278 	8.062258 	1.000000 	6.324555 	999.000000 	3.605551 	2.236068 	2.236068 	98.290382 	93.509361 	95.775780 	104.004807 	7.810250 	124.963997 	97.948967 	104.139328 	100.767059 	97.452553 	123.842644 	101.044548 	43.931767 	122.347862 	44.721359 	124.482933 	42.426407 	106.042442 	114.769333 	130.969467 	41.109608 	31.400637 	43.104523 	124.458832 	68.007355 	44.102154 	128.701202 	126.574089 	46.173584 	49.365982 	41.012192 	65.802734 	70.837845 	
43.908997 	49.929951 	53.413483 	88.005684 	84.202141 	81.215759 	87.005745 	84.023804 	50.328918 	48.918301 	47.507893 	85.428329 	83.868942 	43.185646 	49.497475 	85.796272 	18.027756 	19.849434 	16.401220 	17.029387 	14.212670 	17.691807 	3.000000 	11.661903 	2.828427 	9.848858 	3.605551 	999.000000 	5.099020 	2.000000 	101.833199 	97.082436 	99.357941 	107.563934 	8.944272 	128.425079 	101.533249 	107.712578 	104.350372 	101.044548 	127.349915 	104.637466 	47.296936 	125.872955 	48.052055 	128.003906 	45.705578 	109.635757 	118.342720 	134.469330 	44.283180 	34.132095 	46.270943 	128.003906 	71.512238 	47.265209 	132.230865 	130.115326 	49.365982 	52.611786 	44.011364 	69.260376 	74.330345 	
40.718548 	46.529560 	49.648766 	84.314888 	80.448738 	77.420929 	83.234612 	80.212219 	46.400433 	45.000000 	43.600460 	81.608826 	80.000000 	39.204590 	45.343136 	81.835197 	14.866069 	16.124516 	13.000000 	13.416408 	10.770329 	13.601471 	5.385165 	7.071068 	3.162278 	5.000000 	2.236068 	5.099020 	999.000000 	3.162278 	97.590981 	92.698433 	94.921021 	103.247276 	5.830952 	124.470879 	97.082436 	103.324730 	99.904953 	96.540146 	123.239601 	100.124924 	42.201897 	121.696342 	42.953465 	123.842644 	40.607880 	105.118980 	113.951744 	130.384048 	39.204590 	29.274563 	41.194660 	123.745705 	66.483078 	42.190044 	128.035156 	125.872955 	44.283180 	47.518417 	39.000000 	64.195015 	69.289246 	
42.941822 	48.877399 	52.201534 	86.838928 	83.006027 	80.000000 	85.802101 	82.800964 	49.040798 	47.634022 	46.227695 	84.202141 	82.619614 	41.868843 	48.104053 	84.504440 	17.000000 	18.601076 	15.264338 	15.811388 	13.038404 	16.278820 	3.605551 	10.000000 	2.000000 	8.062258 	2.236068 	2.000000 	3.162278 	999.000000 	100.409164 	95.587654 	97.836601 	106.103722 	7.211102 	127.141655 	100.004997 	106.216759 	102.825096 	99.488693 	125.992065 	103.077644 	45.354160 	124.482933 	46.097721 	126.621483 	43.737854 	108.074051 	116.846054 	133.124008 	42.296574 	32.140316 	44.283180 	126.574089 	69.641945 	45.276924 	130.831955 	128.693436 	47.381432 	50.635956 	42.011902 	67.357254 	72.449982 	
60.745369 	54.378304 	49.406479 	21.000000 	22.360680 	24.041630 	20.099751 	21.587032 	51.855568 	53.263496 	54.671749 	20.396078 	20.880613 	58.796257 	52.345009 	18.027756 	84.291161 	82.073135 	85.632935 	84.899940 	87.726852 	84.148682 	99.764725 	90.520714 	99.005051 	92.655273 	98.290382 	101.833199 	97.590981 	100.409164 	999.000000 	7.000000 	7.615773 	6.324555 	99.247169 	28.792360 	7.810250 	8.000000 	8.062258 	10.000000 	26.076809 	10.816654 	65.795135 	24.207438 	66.309875 	26.400757 	68.942001 	13.341664 	17.464249 	33.286633 	72.090218 	83.648071 	71.309189 	26.172504 	46.389652 	70.936592 	30.479502 	28.284271 	69.289246 	66.407829 	75.769386 	50.487621 	46.097721 	
57.245087 	50.990196 	45.650848 	22.135944 	22.203604 	23.000000 	20.615528 	21.095022 	47.707443 	49.091751 	50.477718 	20.223749 	20.024984 	54.405884 	47.801674 	17.029387 	79.812279 	77.466118 	81.055534 	80.280754 	83.096329 	79.397736 	95.131485 	85.632935 	94.260277 	87.726852 	93.509361 	97.082436 	92.698433 	95.587654 	7.000000 	999.000000 	3.000000 	10.816654 	94.069122 	35.440090 	5.099020 	10.630146 	7.615773 	6.082763 	32.202484 	9.055386 	59.481091 	30.016663 	59.933296 	32.249031 	62.609905 	13.601471 	21.260292 	39.357338 	65.741920 	77.524193 	64.884514 	31.400637 	39.458839 	64.474800 	36.055511 	33.600594 	62.769421 	59.808025 	69.354164 	43.566040 	39.115215 	
59.933296 	53.712196 	48.301140 	25.000000 	25.179358 	26.000000 	23.537205 	24.083189 	50.249378 	51.623638 	53.000000 	23.194826 	23.021729 	56.859474 	50.219517 	20.024984 	82.200974 	79.812279 	83.408630 	82.619614 	85.428329 	81.688431 	97.452553 	87.863533 	96.540146 	89.938866 	95.775780 	99.357941 	94.921021 	97.836601 	7.615773 	3.000000 	999.000000 	9.486833 	96.166519 	34.713108 	2.236068 	8.602325 	5.000000 	3.162278 	31.016125 	6.082763 	60.901562 	28.635643 	61.294373 	30.870699 	64.007812 	10.770329 	19.104973 	38.078865 	67.119293 	79.075912 	66.189125 	29.681644 	40.024994 	65.741920 	34.481880 	31.906113 	63.976559 	60.926186 	70.661163 	44.147480 	39.458839 	
66.887962 	60.539242 	55.470715 	27.073973 	28.635643 	30.364452 	26.305893 	27.892651 	57.801384 	59.203041 	60.605282 	26.683329 	27.202942 	64.660652 	58.137768 	24.351591 	90.138779 	87.863533 	91.438507 	90.686272 	93.509361 	89.872131 	105.550934 	96.176918 	104.737770 	98.290382 	104.004807 	107.563934 	103.247276 	106.103722 	6.324555 	10.816654 	9.486833 	999.000000 	104.737770 	25.317978 	8.062258 	2.828427 	6.082763 	10.000000 	21.540659 	8.544003 	70.235321 	19.235384 	70.661163 	21.470911 	73.355301 	8.602325 	11.180340 	28.635643 	76.478752 	88.323273 	75.584389 	20.615528 	49.477268 	75.153175 	25.238859 	22.803509 	73.409805 	70.384659 	80.056229 	53.600372 	48.836460 	
44.271889 	49.769470 	52.354561 	86.954010 	83.006027 	79.924965 	85.755463 	82.680107 	48.877399 	47.507893 	46.141087 	84.059502 	82.377182 	41.677334 	47.434166 	84.053551 	19.104973 	19.646883 	17.117243 	17.262676 	15.033297 	16.763054 	10.630146 	10.198039 	8.485281 	8.062258 	7.810250 	8.944272 	5.830952 	7.211102 	99.247169 	94.069122 	96.166519 	104.737770 	999.000000 	126.605690 	98.290382 	104.661362 	101.118744 	97.621719 	125.099960 	101.178062 	40.853397 	123.434196 	41.436699 	125.606529 	38.897301 	106.150833 	115.260574 	132.279999 	37.107952 	26.019224 	39.051247 	125.319588 	65.741920 	40.024994 	129.726639 	127.475487 	42.201897 	45.607018 	36.345562 	63.158531 	68.447060 	
85.562843 	79.195961 	75.073296 	41.109608 	44.553337 	47.381432 	41.725292 	44.553337 	78.102493 	79.511009 	80.919716 	43.139309 	44.598206 	85.276024 	79.202271 	42.638012 	110.535065 	108.577164 	112.044632 	111.395691 	114.214706 	110.887329 	126.150703 	117.443604 	125.606529 	119.632774 	124.963997 	128.425079 	124.470879 	127.141655 	28.792360 	35.440090 	34.713108 	25.317978 	126.605690 	999.000000 	33.376640 	27.073973 	31.144823 	35.227829 	6.403124 	33.015148 	94.540993 	9.433981 	95.078911 	8.485281 	97.693398 	30.149628 	20.880613 	8.062258 	100.846420 	112.258629 	100.089958 	12.727922 	74.732857 	99.724625 	10.770329 	12.206555 	98.081596 	95.189285 	104.546638 	78.854294 	74.148499 	
62.169125 	55.946404 	50.537113 	26.683329 	27.073973 	28.017851 	25.317978 	26.019224 	52.478565 	53.851646 	55.226807 	25.079872 	25.000000 	59.076221 	52.430908 	22.000000 	84.403793 	82.006096 	85.603737 	84.811554 	87.618492 	83.868942 	99.639351 	90.027771 	98.716766 	92.097771 	97.948967 	101.533249 	97.082436 	100.004997 	7.810250 	5.099020 	2.236068 	8.062258 	98.290382 	33.376640 	999.000000 	6.708204 	2.828427 	2.236068 	29.410883 	4.000000 	62.769421 	26.925823 	63.134777 	29.154760 	65.863495 	8.544003 	17.029387 	36.400551 	68.963760 	80.993828 	68.000000 	27.784887 	41.484936 	67.535179 	32.649654 	30.016663 	65.741920 	62.649822 	72.470680 	45.607018 	40.792156 	
67.601776 	61.294373 	56.080299 	29.000000 	30.265491 	31.780497 	28.071337 	29.427877 	58.249462 	59.640591 	61.032780 	28.284271 	28.635643 	65.000000 	58.412327 	25.709921 	90.426765 	88.090858 	91.678787 	90.906548 	93.723000 	90.027771 	105.759163 	96.260063 	104.890419 	98.351410 	104.139328 	107.712578 	103.324730 	106.216759 	8.000000 	10.630146 	8.602325 	2.828427 	104.661362 	27.073973 	6.708204 	999.000000 	4.123106 	8.246211 	22.803509 	6.082763 	69.462219 	20.248457 	69.835518 	22.472204 	72.560318 	5.830952 	10.630146 	29.732138 	75.663727 	87.664131 	74.706093 	21.095022 	48.083260 	74.242844 	25.942244 	23.323807 	72.449982 	69.354164 	79.177017 	52.201534 	47.296936 	
64.845970 	58.600342 	53.235325 	28.284271 	29.000000 	30.149628 	27.073973 	28.017851 	55.226807 	56.603886 	57.982758 	27.000000 	27.073973 	61.854668 	55.217751 	24.083189 	87.200920 	84.811554 	88.408142 	87.618492 	90.426765 	86.683334 	102.449989 	92.849342 	101.533249 	94.921021 	100.767059 	104.350372 	99.904953 	102.825096 	8.062258 	7.615773 	5.000000 	6.082763 	101.118744 	31.144823 	2.828427 	4.123106 	999.000000 	4.123106 	26.925823 	2.828427 	65.513359 	24.351591 	65.863495 	26.570660 	68.600288 	6.082763 	14.212670 	33.837849 	71.693794 	83.761566 	70.710678 	25.059929 	43.965897 	70.235321 	29.966648 	27.294687 	68.425140 	65.306969 	75.179787 	48.083260 	43.174065 	
62.241467 	56.080299 	50.566788 	28.160255 	28.284271 	29.017237 	26.683329 	27.166155 	52.354561 	53.712196 	55.072678 	26.305893 	26.076809 	58.830265 	52.153618 	23.086792 	84.053551 	81.608826 	85.211502 	84.403793 	87.200920 	83.408630 	99.201813 	89.498604 	98.234413 	91.547798 	97.452553 	101.044548 	96.540146 	99.488693 	10.000000 	6.082763 	3.162278 	10.000000 	97.621719 	35.227829 	2.236068 	8.246211 	4.123106 	999.000000 	31.048349 	3.605551 	61.587337 	28.460499 	61.911228 	30.675724 	64.660652 	8.602325 	18.027756 	37.947330 	67.742157 	79.881165 	66.730804 	29.068884 	39.849716 	66.241982 	34.014702 	31.304953 	64.412735 	61.269894 	71.196907 	43.965897 	39.051247 	
85.146935 	78.746429 	74.276512 	41.340054 	44.407207 	47.010635 	41.617306 	44.204071 	77.077881 	78.492035 	79.906197 	42.801868 	44.045429 	84.172440 	77.897369 	41.773197 	109.603828 	107.517441 	111.036034 	110.344917 	113.172432 	109.713264 	125.175873 	116.180893 	124.523087 	118.342720 	123.842644 	127.349915 	123.239601 	125.992065 	26.076809 	32.202484 	31.016125 	21.540659 	125.099960 	6.403124 	29.410883 	22.803509 	26.925823 	31.048349 	999.000000 	28.442924 	91.678787 	3.162278 	92.135773 	2.236068 	94.810333 	25.019993 	15.132746 	7.211102 	97.943863 	109.658562 	97.082436 	6.403124 	70.880180 	96.664368 	6.082763 	6.324555 	94.936821 	91.923882 	101.552940 	75.000000 	70.092796 	
65.795135 	59.615433 	54.129475 	30.594116 	31.064449 	32.015621 	29.274563 	30.016663 	55.946404 	57.306194 	58.668560 	29.068884 	29.000000 	62.433964 	55.758408 	26.000000 	87.658424 	85.211502 	88.814415 	88.005684 	90.801979 	87.005745 	102.800781 	93.085983 	101.828285 	95.131485 	101.044548 	104.637466 	100.124924 	103.077644 	10.816654 	9.055386 	6.082763 	8.544003 	101.178062 	33.015148 	4.000000 	6.082763 	2.828427 	3.605551 	28.442924 	999.000000 	64.899925 	25.709921 	65.192024 	27.892651 	67.955872 	5.000000 	14.764823 	35.171009 	71.021126 	83.234612 	69.971420 	26.000000 	42.720020 	69.462219 	31.016125 	28.231188 	67.601776 	64.412735 	74.431175 	46.818798 	41.761227 	
36.124783 	36.359318 	33.615471 	60.299255 	56.222771 	53.150730 	58.420887 	55.326305 	29.966648 	29.529646 	29.154760 	56.435802 	54.451813 	27.018513 	26.400757 	54.918121 	36.221542 	33.241539 	36.055511 	35.057095 	37.000000 	33.015148 	46.690472 	36.345562 	44.911022 	37.656342 	43.931767 	47.296936 	42.201897 	45.354160 	65.795135 	59.481091 	60.901562 	70.235321 	40.853397 	94.540993 	62.769421 	69.462219 	65.513359 	61.587337 	91.678787 	64.899925 	999.000000 	89.470665 	1.414214 	91.706055 	3.162278 	69.634758 	79.611557 	98.838249 	6.324555 	18.439089 	6.000000 	90.553848 	25.238859 	6.082763 	95.383438 	92.784698 	5.830952 	6.708204 	10.198039 	22.360680 	27.784887 	
84.023804 	77.620872 	73.000000 	40.706264 	43.566040 	46.043457 	40.816662 	43.266617 	75.690155 	77.103828 	78.517517 	41.880783 	43.011627 	82.734512 	76.380623 	40.607880 	108.208130 	106.066017 	109.603828 	108.894447 	111.722870 	108.208130 	123.745705 	114.629837 	123.044708 	116.777565 	122.347862 	125.872955 	121.696342 	124.482933 	24.207438 	30.016663 	28.635643 	19.235384 	123.434196 	9.433981 	26.925823 	20.248457 	24.351591 	28.460499 	3.162278 	25.709921 	89.470665 	999.000000 	89.894379 	2.236068 	92.590500 	22.090721 	12.041595 	9.486833 	95.713112 	107.540688 	94.810333 	4.123106 	68.308128 	94.371605 	6.403124 	5.099020 	92.612091 	89.554451 	99.282425 	72.422371 	67.446274 	
37.536648 	37.735924 	34.928497 	61.204575 	57.140179 	54.083271 	59.304298 	56.222771 	31.304953 	30.886890 	30.528675 	57.314919 	55.326305 	28.425341 	27.730848 	55.731499 	37.336308 	34.365681 	37.121422 	36.124783 	38.013157 	34.058773 	47.518417 	37.215588 	45.705578 	38.470768 	44.721359 	48.052055 	42.953465 	46.097721 	66.309875 	59.933296 	61.294373 	70.661163 	41.436699 	95.078911 	63.134777 	69.835518 	65.863495 	61.911228 	92.135773 	65.192024 	1.414214 	89.894379 	999.000000 	92.130341 	2.828427 	69.892776 	79.924965 	99.282425 	5.830952 	18.384777 	5.099020 	90.917542 	25.000000 	5.000000 	95.770561 	93.150414 	4.472136 	5.385165 	9.486833 	21.954498 	27.459061 	
86.052307 	79.649231 	75.073296 	42.544094 	45.486263 	48.010414 	42.720020 	45.221676 	77.794601 	79.208588 	80.622574 	43.829212 	45.000000 	84.852814 	78.517517 	42.638012 	110.317726 	108.189651 	111.722870 	111.018013 	113.846390 	110.344917 	125.865005 	116.777565 	125.175873 	118.928551 	124.482933 	128.003906 	123.842644 	126.621483 	26.400757 	32.249031 	30.870699 	21.470911 	125.606529 	8.485281 	29.154760 	22.472204 	26.570660 	30.675724 	2.236068 	27.892651 	91.706055 	2.236068 	92.130341 	999.000000 	94.826157 	24.186773 	14.000000 	7.280110 	97.948967 	109.772491 	97.046379 	4.242640 	70.519501 	96.607452 	4.472136 	4.123106 	94.847244 	91.787796 	101.518471 	74.632431 	69.641945 	
37.802116 	38.470768 	36.055511 	63.387695 	59.304298 	56.222771 	61.522354 	58.420887 	32.310989 	31.780497 	31.304953 	59.539902 	57.558666 	28.844410 	28.792360 	58.051701 	35.693138 	32.756680 	35.355339 	34.365681 	36.124783 	32.249031 	45.276924 	35.057095 	43.416588 	36.221542 	42.426407 	45.705578 	40.607880 	43.737854 	68.942001 	62.609905 	64.007812 	73.355301 	38.897301 	97.693398 	65.863495 	72.560318 	68.600288 	64.660652 	94.810333 	67.955872 	3.162278 	92.590500 	2.828427 	94.826157 	999.000000 	72.670486 	82.680107 	101.965683 	3.162278 	15.556349 	3.162278 	93.648277 	27.802877 	3.605551 	98.488579 	95.880135 	4.472136 	7.000000 	7.071068 	24.698177 	30.232433 	
70.682388 	64.474800 	59.033890 	34.132095 	35.014282 	36.221542 	33.015148 	34.058773 	60.901562 	62.265560 	63.631752 	33.015148 	33.136082 	67.416618 	60.745369 	30.149628 	92.655273 	90.210861 	93.813644 	93.005379 	95.801880 	92.005432 	107.800743 	98.081596 	106.826965 	100.124924 	106.042442 	109.635757 	105.118980 	108.074051 	13.341664 	13.601471 	10.770329 	8.602325 	106.150833 	30.149628 	8.544003 	5.830952 	6.082763 	8.602325 	25.019993 	5.000000 	69.634758 	22.090721 	69.892776 	24.186773 	72.670486 	999.000000 	10.440307 	31.400637 	75.716576 	88.005684 	74.625732 	21.840330 	47.010635 	74.094536 	26.925823 	24.041630 	72.201111 	68.963760 	79.075912 	51.078373 	45.880280 	
78.032043 	71.693794 	66.573265 	37.656342 	39.560081 	41.436699 	37.107952 	38.897301 	68.818604 	70.213959 	71.610054 	37.643059 	38.275318 	75.604233 	69.028976 	35.468296 	101.044548 	98.716766 	102.303467 	101.533249 	104.350372 	100.657837 	116.387283 	106.887794 	115.520561 	108.977058 	114.769333 	118.342720 	113.951744 	116.846054 	17.464249 	21.260292 	19.104973 	11.180340 	115.260574 	20.880613 	17.029387 	10.630146 	14.212670 	18.027756 	15.132746 	14.764823 	79.611557 	12.041595 	79.924965 	14.000000 	82.680107 	10.440307 	999.000000 	21.095022 	85.755463 	97.908119 	84.723076 	11.401754 	57.384666 	84.219948 	16.492422 	13.601471 	82.365044 	79.177017 	89.185204 	61.465439 	56.302753 	
92.097771 	85.702972 	81.320351 	48.010414 	51.224995 	53.907330 	48.414875 	51.088158 	84.172440 	85.586212 	87.000000 	49.678970 	50.990196 	91.285271 	85.041168 	48.795490 	116.691902 	114.629837 	118.139748 	117.456375 	120.282997 	116.846054 	132.276230 	123.328827 	131.643463 	125.495018 	130.969467 	134.469330 	130.384048 	133.124008 	33.286633 	39.357338 	38.078865 	28.635643 	132.279999 	8.062258 	36.400551 	29.732138 	33.837849 	37.947330 	7.211102 	35.171009 	98.838249 	9.486833 	99.282425 	7.280110 	101.965683 	31.400637 	21.095022 	999.000000 	105.095192 	116.846054 	104.216118 	10.049875 	77.794601 	103.788246 	5.385165 	8.246211 	102.044106 	99.005051 	108.687622 	81.908485 	76.922035 	
39.661064 	40.718548 	38.600517 	66.483078 	62.393909 	59.304298 	64.629715 	61.522354 	34.785053 	34.176014 	33.615471 	62.649822 	60.671246 	30.886890 	31.320919 	61.188232 	35.440090 	32.572994 	34.928497 	33.955853 	35.510563 	31.780497 	44.045429 	34.014702 	42.107006 	35.014282 	41.109608 	44.283180 	39.204590 	42.296574 	72.090218 	65.741920 	67.119293 	76.478752 	37.107952 	100.846420 	68.963760 	75.663727 	71.693794 	67.742157 	97.943863 	71.021126 	6.324555 	95.713112 	5.830952 	97.948967 	3.162278 	75.716576 	85.755463 	105.095192 	999.000000 	12.806249 	2.000000 	96.747093 	30.479502 	3.000000 	101.597244 	98.979797 	5.099020 	8.544003 	4.000000 	27.202942 	32.802441 	
42.720020 	45.541191 	45.011108 	76.157730 	72.034714 	68.883957 	74.464760 	71.309189 	41.012192 	40.049969 	39.115215 	72.532753 	70.604530 	35.355339 	38.013157 	71.470276 	30.000000 	27.658634 	28.844410 	28.017851 	28.653097 	25.806976 	34.525352 	25.632011 	32.388271 	25.961510 	31.400637 	34.132095 	29.274563 	32.140316 	83.648071 	77.524193 	79.075912 	88.323273 	26.019224 	112.258629 	80.993828 	87.664131 	83.761566 	79.881165 	109.658562 	83.234612 	18.439089 	107.540688 	18.384777 	109.772491 	15.556349 	88.005684 	97.908119 	116.846054 	12.806249 	999.000000 	14.422205 	108.756607 	43.278172 	15.264338 	113.534134 	110.981979 	17.492855 	21.095022 	10.770329 	40.000000 	45.607018 	
40.804413 	41.593269 	39.217342 	66.272163 	62.201286 	59.135437 	64.381676 	61.294373 	35.468296 	34.928497 	34.438351 	62.393909 	60.406952 	31.906113 	31.953091 	60.827625 	37.363083 	34.481880 	36.878178 	35.902645 	37.483330 	33.734257 	46.043457 	36.013885 	44.102154 	37.013512 	43.104523 	46.270943 	41.194660 	44.283180 	71.309189 	64.884514 	66.189125 	75.584389 	39.051247 	100.089958 	68.000000 	74.706093 	70.710678 	66.730804 	97.082436 	69.971420 	6.000000 	94.810333 	5.099020 	97.046379 	3.162278 	74.625732 	84.723076 	104.216118 	2.000000 	14.422205 	999.000000 	95.770561 	29.000000 	1.000000 	100.647903 	98.005104 	3.162278 	6.708204 	4.472136 	25.612497 	31.240999 	
86.608315 	80.212219 	75.432091 	43.863426 	46.529560 	48.877399 	43.829212 	46.141087 	77.987175 	79.397736 	80.808418 	44.777225 	45.793011 	84.958817 	78.517517 	43.266617 	110.453613 	108.245094 	111.803398 	111.072052 	113.899078 	110.317726 	125.936493 	116.674759 	125.175873 	118.802361 	124.458832 	128.003906 	123.745705 	126.574089 	26.172504 	31.400637 	29.681644 	20.615528 	125.319588 	12.727922 	27.784887 	21.095022 	25.059929 	29.068884 	6.403124 	26.000000 	90.553848 	4.123106 	90.917542 	4.242640 	93.648277 	21.840330 	11.401754 	10.049875 	96.747093 	108.756607 	95.770561 	999.000000 	68.709534 	95.294281 	5.099020 	2.236068 	93.477272 	90.338257 	100.239716 	72.801102 	67.675697 	
46.840153 	43.462627 	38.013157 	48.383881 	44.944408 	42.544094 	46.173584 	43.657761 	36.400551 	37.000000 	37.643059 	44.271889 	42.379242 	38.639359 	33.526108 	41.484936 	57.870544 	54.918121 	58.249462 	57.271286 	59.665737 	55.542778 	70.519501 	60.083275 	68.949257 	61.684681 	68.007355 	71.512238 	66.483078 	69.641945 	46.389652 	39.458839 	40.024994 	49.477268 	65.741920 	74.732857 	41.484936 	48.083260 	43.965897 	39.849716 	70.880180 	42.720020 	25.238859 	68.308128 	25.000000 	70.519501 	27.802877 	47.010635 	57.384666 	77.794601 	30.479502 	43.278172 	29.000000 	68.709534 	999.000000 	28.284271 	73.736015 	70.936592 	26.172504 	22.671568 	33.241539 	4.123106 	3.000000 	
41.400482 	42.059483 	39.560081 	66.189125 	62.128899 	59.076221 	64.280632 	61.204575 	35.846897 	35.341194 	34.885529 	62.289646 	60.299255 	32.449963 	32.310989 	60.671246 	38.327538 	35.440090 	37.854988 	36.878178 	38.470768 	34.713108 	47.042534 	37.013512 	45.099888 	38.013157 	44.102154 	47.265209 	42.190044 	45.276924 	70.936592 	64.474800 	65.741920 	75.153175 	40.024994 	99.724625 	67.535179 	74.242844 	70.235321 	66.241982 	96.664368 	69.462219 	6.082763 	94.371605 	5.000000 	96.607452 	3.605551 	74.094536 	84.219948 	103.788246 	3.000000 	15.264338 	1.000000 	95.294281 	28.284271 	999.000000 	100.184830 	97.529480 	2.236068 	5.830952 	5.000000 	24.839485 	30.479502 	
90.426765 	84.023804 	79.397736 	47.010635 	49.929951 	52.430908 	47.169907 	49.648766 	82.073135 	83.486526 	84.899940 	48.259712 	49.406479 	89.106674 	82.734512 	47.010635 	114.586212 	112.432205 	115.974136 	115.260574 	118.088951 	114.560028 	130.115326 	120.966934 	129.402466 	123.109711 	128.701202 	132.230865 	128.035156 	130.831955 	30.479502 	36.055511 	34.481880 	25.238859 	129.726639 	10.770329 	32.649654 	25.942244 	29.966648 	34.014702 	6.082763 	31.016125 	95.383438 	6.403124 	95.770561 	4.472136 	98.488579 	26.925823 	16.492422 	5.385165 	101.597244 	113.534134 	100.647903 	5.099020 	73.736015 	100.184830 	999.000000 	3.000000 	98.386993 	95.273293 	105.118980 	77.833153 	72.732384 	
