UB = 1024
M = 60

Distance:
999.000000 	71.700768 	31.622776 	16.124516 	82.097504 	94.493385 	45.122055 	10.770329 	64.845970 	23.537205 	31.016125 	23.323807 	25.317978 	118.827606 	32.557640 	77.826729 	35.227829 	21.931713 	97.200821 	51.971146 	105.759163 	95.441078 	24.839485 	23.537205 	38.470768 	114.021927 	24.596748 	34.000000 	27.073973 	90.049988 	49.040798 	108.853111 	26.627054 	27.513634 	71.063354 	32.140316 	113.004425 	69.231499 	95.257545 	34.014702 	34.655445 	48.052055 	44.777225 	35.057095 	46.840153 	93.107468 	114.856430 	38.288380 	68.468971 	48.764740 	73.164200 	41.000000 	74.966660 	42.201897 	90.138779 	68.117546 	42.801868 	47.853943 	131.502853 	43.863426 	55.072678 	42.059483 	53.225933 	
71.700768 	999.000000 	43.829212 	61.846584 	13.000000 	22.803509 	37.643059 	75.742989 	17.262676 	60.207973 	52.773098 	67.742157 	90.354858 	48.259712 	56.859474 	17.204651 	53.851646 	73.783470 	25.942244 	36.221542 	34.058773 	24.698177 	71.693794 	85.211502 	54.708317 	42.426407 	80.993828 	104.004807 	92.617493 	23.021729 	44.407207 	37.202152 	78.892334 	85.440041 	32.202484 	93.744331 	41.677334 	35.468296 	30.149628 	96.519424 	77.472572 	56.568542 	114.690887 	96.798759 	59.841457 	31.048349 	43.829212 	75.610847 	40.162170 	59.539902 	37.121422 	107.200745 	38.948685 	74.040527 	34.000000 	43.965897 	75.000000 	68.066147 	59.816387 	79.404030 	124.739731 	90.077744 	122.147453 	
31.622776 	43.829212 	999.000000 	18.439089 	52.345009 	65.946945 	14.000000 	32.802441 	33.837849 	16.552946 	11.045361 	24.166092 	55.326305 	92.086914 	16.124516 	46.872166 	14.866069 	30.016663 	67.882248 	21.000000 	77.233414 	65.795135 	28.231188 	41.400482 	17.888544 	85.912750 	37.215588 	60.959003 	48.918301 	59.405388 	20.615528 	79.931221 	35.341194 	41.677334 	39.623226 	49.929951 	83.486526 	38.118237 	64.140472 	52.697250 	35.510563 	26.248810 	71.449280 	53.000000 	27.459061 	61.717098 	85.041168 	35.014282 	38.052597 	28.600698 	42.107006 	63.411354 	44.045429 	35.227829 	58.523499 	38.470768 	36.221542 	33.615471 	102.532921 	40.049969 	81.320351 	48.052055 	78.568443 	
16.124516 	61.846584 	18.439089 	999.000000 	70.767227 	84.219948 	30.463093 	14.422205 	52.201534 	7.615773 	15.033297 	10.770329 	41.436699 	110.000000 	16.492422 	65.215027 	19.104973 	14.035668 	86.278618 	37.000000 	95.524864 	84.219948 	14.317822 	23.706539 	22.360680 	104.139328 	20.615528 	42.520584 	30.805843 	77.801025 	33.241539 	98.290382 	20.024984 	25.000000 	56.302753 	32.695564 	101.911728 	54.120235 	82.377182 	35.341194 	24.351591 	32.015621 	53.037724 	35.846897 	31.016125 	79.755875 	103.479469 	26.419689 	52.952808 	32.893768 	57.974133 	45.486263 	59.665737 	29.206163 	76.059189 	52.345009 	30.000000 	33.015148 	120.917328 	32.249031 	62.968246 	35.227829 	60.307545 	
82.097504 	13.000000 	52.345009 	70.767227 	999.000000 	14.866069 	43.266617 	85.041168 	19.723083 	68.014702 	59.816387 	75.286118 	102.044106 	42.379242 	63.245552 	10.049875 	59.908264 	81.565926 	15.620500 	39.812057 	25.553865 	13.453624 	79.025314 	93.434471 	60.033325 	34.481880 	88.729927 	113.278419 	101.138519 	10.049875 	47.927029 	27.802877 	86.214851 	93.085983 	29.017237 	101.533249 	31.144823 	33.000000 	17.262676 	104.350372 	83.528435 	59.808025 	123.794182 	104.484451 	63.324562 	18.788294 	32.802441 	81.006172 	38.000000 	62.625874 	33.241539 	115.433968 	34.525352 	78.721024 	23.345236 	42.000000 	79.624115 	71.512238 	50.249378 	84.095184 	133.645050 	95.880135 	130.831955 	
94.493385 	22.803509 	65.946945 	84.219948 	14.866069 	999.000000 	57.801384 	98.290382 	34.438351 	82.006096 	74.060783 	89.403580 	112.871605 	27.513634 	77.698135 	24.331051 	74.431175 	95.603348 	5.385165 	54.625999 	11.313708 	7.071068 	93.230896 	107.298645 	74.706093 	20.000000 	102.800781 	126.574089 	114.865135 	15.811388 	62.769421 	14.422205 	100.439034 	107.200745 	43.185646 	115.602768 	19.313208 	47.265209 	20.808653 	118.406082 	98.112183 	74.672615 	137.207870 	118.600166 	78.185677 	25.059929 	21.840330 	95.713112 	52.239830 	77.491936 	47.010635 	129.321304 	48.010414 	93.520050 	32.310989 	56.222771 	94.429871 	86.377083 	37.013512 	98.898941 	147.186951 	110.535065 	144.499130 	
45.122055 	37.643059 	14.000000 	30.463093 	43.266617 	57.801384 	999.000000 	44.721359 	23.600847 	25.806976 	17.029387 	32.557640 	69.260376 	84.970581 	20.000000 	36.069378 	16.643316 	38.948685 	58.821766 	7.000000 	68.796799 	56.400356 	36.069378 	51.088158 	17.088007 	77.698135 	45.967381 	72.111023 	59.033890 	48.795490 	9.433981 	71.028160 	43.185646 	50.209560 	25.961510 	58.694122 	73.878281 	24.186773 	52.630791 	61.522354 	40.311287 	20.223749 	82.200974 	61.554855 	23.021729 	49.648766 	75.073296 	38.078865 	24.083189 	23.194826 	28.160255 	72.862885 	30.066593 	36.400551 	45.617977 	24.738634 	37.363083 	31.016125 	93.236259 	41.761227 	91.678787 	52.773098 	88.617157 	
10.770329 	75.742989 	32.802441 	14.422205 	85.041168 	98.290382 	44.721359 	999.000000 	66.610809 	19.646883 	28.460499 	16.124516 	32.202484 	123.693169 	28.284271 	79.630394 	31.575306 	12.529964 	100.498756 	51.078373 	109.603828 	98.493652 	16.155495 	13.038404 	34.234486 	118.139748 	13.892444 	28.284271 	18.027756 	92.200867 	46.572525 	112.449989 	16.278820 	16.763054 	70.384659 	22.022715 	116.180893 	68.007355 	96.798759 	24.186773 	25.000000 	43.000000 	38.948685 	25.079872 	41.109608 	94.154129 	117.796432 	29.154760 	66.483078 	43.104523 	71.784401 	32.695564 	73.375748 	33.541019 	90.338257 	65.513359 	34.000000 	40.521599 	135.103668 	34.409302 	49.040798 	31.384710 	46.615448 	
64.845970 	17.262676 	33.837849 	52.201534 	19.723083 	34.438351 	23.600847 	66.610809 	999.000000 	48.795490 	40.360870 	55.901699 	86.683334 	61.846584 	43.600460 	13.038404 	40.224369 	62.241467 	35.227829 	20.248457 	45.276924 	32.802441 	59.548298 	74.249580 	40.311287 	54.203320 	69.354164 	94.641426 	82.073135 	25.612497 	28.460499 	47.434166 	66.708321 	73.661385 	16.278820 	82.134033 	50.328918 	18.867962 	30.413813 	84.958817 	63.812225 	40.521599 	104.995239 	85.041168 	43.965897 	28.460499 	51.623638 	61.294373 	23.259407 	43.416588 	21.260292 	96.176918 	23.345236 	59.093147 	27.018513 	26.925823 	60.008331 	52.201534 	69.656296 	64.474800 	114.690887 	76.157730 	111.758667 	
23.537205 	60.207973 	16.552946 	7.615773 	68.014702 	82.006096 	25.806976 	19.646883 	48.795490 	999.000000 	8.944272 	7.615773 	48.836460 	108.452751 	9.055386 	61.619801 	12.041595 	13.601471 	83.630135 	31.764761 	93.236259 	81.394104 	11.704700 	25.455845 	15.033297 	102.004898 	20.808653 	46.324940 	33.301651 	74.330345 	26.925823 	95.775780 	18.788294 	25.238859 	50.990196 	33.600594 	99.035347 	48.466484 	78.409180 	36.400551 	20.024984 	24.515301 	56.400356 	36.619667 	23.409399 	75.451973 	100.409164 	20.880613 	46.840153 	25.298222 	52.201534 	47.423622 	53.758720 	22.825424 	71.196907 	45.891174 	23.706539 	25.612497 	118.258194 	26.570660 	65.946945 	32.140316 	62.968246 	
31.016125 	52.773098 	11.045361 	15.033297 	59.816387 	74.060783 	17.029387 	28.460499 	40.360870 	8.944272 	999.000000 	15.556349 	56.222771 	100.846420 	5.099020 	53.037724 	5.000000 	21.931713 	75.432091 	22.825424 	85.211502 	73.109505 	19.209373 	34.058773 	8.602325 	94.047859 	29.000000 	55.226807 	42.011902 	65.764732 	18.248287 	87.618492 	26.400757 	33.301651 	42.047592 	41.773197 	90.686272 	39.560081 	69.656296 	44.598206 	25.000000 	18.357559 	65.215027 	44.687805 	18.439089 	66.610809 	91.967384 	24.083189 	38.078865 	20.000000 	43.324360 	55.865910 	44.922153 	24.186773 	62.265560 	37.336308 	25.179358 	23.323807 	109.986366 	29.017237 	74.652527 	37.643059 	71.589104 	
23.323807 	67.742157 	24.166092 	10.770329 	75.286118 	89.403580 	32.557640 	16.124516 	55.901699 	7.615773 	15.556349 	999.000000 	47.759815 	115.965515 	13.416408 	68.593002 	17.000000 	6.403124 	90.906548 	38.013157 	100.603180 	88.617157 	4.123106 	18.601076 	18.973665 	109.402924 	13.453624 	40.249222 	26.627054 	81.320351 	32.202484 	103.077644 	11.180340 	17.804493 	56.938564 	26.248810 	106.216759 	54.120235 	85.146935 	29.068884 	13.601471 	27.073973 	49.929951 	29.206163 	25.019993 	82.006096 	107.517441 	15.811388 	52.000000 	27.018513 	57.697487 	40.311287 	59.093147 	19.104973 	77.388626 	50.596443 	19.798990 	24.698177 	125.495018 	21.633308 	59.203041 	25.000000 	56.080299 	
25.317978 	90.354858 	55.326305 	41.436699 	102.044106 	112.871605 	69.260376 	32.202484 	86.683334 	48.836460 	56.222771 	47.759815 	999.000000 	134.807266 	57.870544 	99.297531 	60.530983 	44.721359 	116.297035 	76.236473 	123.822456 	114.934761 	48.332184 	40.360870 	63.788715 	131.468628 	44.407207 	35.171009 	38.600517 	110.860275 	74.027023 	127.263504 	47.707443 	45.343136 	94.894676 	45.607018 	132.003784 	93.434471 	116.709038 	46.043457 	56.938564 	73.348480 	43.104523 	47.434166 	72.034714 	115.134705 	134.182709 	61.294373 	93.085983 	73.979729 	97.416634 	46.818798 	99.322708 	65.741920 	113.030968 	93.000000 	66.189125 	72.449982 	149.566040 	66.370171 	52.038448 	60.876926 	52.038448 	
118.827606 	48.259712 	92.086914 	110.000000 	42.379242 	27.513634 	84.970581 	123.693169 	61.846584 	108.452751 	100.846420 	115.965515 	134.807266 	999.000000 	104.709122 	51.662365 	101.533249 	122.036880 	28.284271 	82.079231 	18.027756 	31.257000 	119.887444 	133.454117 	101.980392 	10.440307 	129.247818 	151.855194 	140.801285 	41.194660 	90.249657 	18.248287 	127.094452 	133.689941 	70.213959 	142.003525 	21.023796 	74.330345 	43.104523 	144.779144 	125.239769 	102.181213 	162.606888 	145.055161 	105.688217 	48.093658 	23.323807 	123.004066 	79.246452 	105.004761 	73.681747 	155.425217 	74.431175 	120.933868 	56.080299 	83.186539 	121.852371 	113.885910 	20.223749 	126.317062 	172.733902 	137.742508 	170.238068 	
32.557640 	56.859474 	16.124516 	16.492422 	63.245552 	77.698135 	20.000000 	28.284271 	43.600460 	9.055386 	5.099020 	13.416408 	57.870544 	104.709122 	999.000000 	55.973209 	3.605551 	19.723083 	78.816238 	24.839485 	88.752464 	76.400261 	16.401220 	31.906113 	6.000000 	97.637085 	26.400757 	53.665630 	39.962482 	68.680420 	18.788294 	91.021973 	23.345236 	30.479502 	43.566040 	38.948685 	93.861603 	40.706264 	72.180328 	41.773197 	20.615528 	15.524175 	63.285069 	41.725292 	14.764823 	68.883957 	95.015785 	19.235384 	38.626415 	16.552946 	44.283180 	53.263496 	45.694637 	19.104973 	64.070274 	37.363083 	20.099751 	18.601076 	113.229858 	24.000000 	72.422371 	33.241539 	69.202599 	
77.826729 	17.204651 	46.872166 	65.215027 	10.049875 	24.331051 	36.069378 	79.630394 	13.038404 	61.619801 	53.037724 	68.593002 	99.297531 	51.662365 	55.973209 	999.000000 	52.497620 	74.966660 	23.769728 	31.622776 	34.176014 	21.023796 	72.138756 	87.045967 	52.201534 	43.081318 	82.024384 	107.615051 	94.921021 	12.727922 	39.446167 	35.777088 	79.246452 	86.278618 	19.000000 	94.762863 	38.013157 	23.021729 	17.464249 	97.590981 	75.802376 	50.990196 	117.923706 	97.621719 	54.561890 	16.124516 	39.051247 	72.945183 	28.017851 	53.712196 	23.194826 	108.903625 	24.515301 	70.327805 	17.088007 	32.015621 	71.196907 	62.649822 	57.428215 	75.663727 	127.561752 	87.920418 	124.579292 	
35.227829 	53.851646 	14.866069 	19.104973 	59.908264 	74.431175 	16.643316 	31.575306 	40.224369 	12.041595 	5.000000 	17.000000 	60.530983 	101.533249 	3.605551 	52.497620 	999.000000 	23.323807 	75.451973 	21.260292 	85.440041 	73.006851 	20.000000 	35.510563 	3.605551 	94.339813 	30.000000 	57.245087 	43.566040 	65.192024 	15.231546 	87.658424 	26.907248 	34.058773 	39.962482 	42.520584 	90.426765 	37.121422 	68.622154 	45.343136 	23.706539 	13.416408 	66.887962 	45.276924 	13.453624 	65.299309 	91.547798 	21.840330 	35.114101 	15.000000 	40.718548 	56.850681 	42.154476 	21.023796 	60.464867 	33.955853 	22.022715 	18.788294 	109.808922 	26.172504 	76.026314 	36.249138 	72.801102 	
21.931713 	73.783470 	30.016663 	14.035668 	81.565926 	95.603348 	38.948685 	12.529964 	62.241467 	13.601471 	21.931713 	6.403124 	44.721359 	122.036880 	19.723083 	74.966660 	23.323807 	999.000000 	97.185387 	44.407207 	106.826965 	94.921021 	4.000000 	12.206555 	25.079872 	115.602768 	7.211102 	34.014702 	20.248457 	87.692642 	38.470768 	109.343498 	6.000000 	11.661903 	63.285069 	20.000000 	112.538879 	60.415230 	91.547798 	22.803509 	12.727922 	32.557640 	43.566040 	23.021729 	30.149628 	88.408142 	113.863953 	16.643316 	58.180752 	32.140316 	63.953106 	33.941124 	65.306969 	21.023796 	83.761566 	56.648037 	21.470911 	28.442924 	131.795303 	22.022715 	52.801514 	21.587032 	49.678970 	
97.200821 	25.942244 	67.882248 	86.278618 	15.620500 	5.385165 	58.821766 	100.498756 	35.227829 	83.630135 	75.432091 	90.906548 	116.297035 	28.284271 	78.816238 	23.769728 	75.451973 	97.185387 	999.000000 	55.072678 	10.440307 	3.000000 	94.641426 	109.041275 	75.471848 	19.313208 	104.350372 	128.763351 	116.726173 	13.000000 	63.063461 	12.206555 	101.828285 	108.706024 	41.976185 	117.153748 	15.811388 	46.097721 	16.552946 	119.970833 	99.020203 	74.732857 	139.316193 	120.104118 	78.294319 	21.189621 	17.888544 	96.384644 	50.990196 	77.472572 	45.398239 	131.045792 	46.173584 	93.941475 	28.861740 	54.918121 	94.826157 	86.406021 	34.655445 	99.297531 	149.201202 	111.305885 	146.413803 	
51.971146 	36.221542 	21.000000 	37.000000 	39.812057 	54.625999 	7.000000 	51.078373 	20.248457 	31.764761 	22.825424 	38.013157 	76.236473 	82.079231 	24.839485 	31.622776 	21.260292 	44.407207 	55.072678 	999.000000 	65.299309 	52.478565 	41.231056 	56.612720 	20.615528 	74.242844 	51.224995 	78.032043 	64.637451 	44.204071 	8.246211 	67.230942 	48.166378 	55.317268 	19.313208 	63.780876 	69.634758 	17.262676 	47.381432 	66.603302 	44.204071 	20.396078 	87.920418 	66.528191 	23.769728 	44.045429 	70.604530 	41.340054 	17.117243 	23.345236 	21.213203 	78.102493 	23.086792 	38.910152 	39.446167 	18.027756 	39.812057 	32.015621 	89.050545 	44.283180 	97.200821 	56.302753 	94.021271 	
105.759163 	34.058773 	77.233414 	95.524864 	25.553865 	11.313708 	68.796799 	109.603828 	45.276924 	93.236259 	85.211502 	100.603180 	123.822456 	18.027756 	88.752464 	34.176014 	85.440041 	106.826965 	10.440307 	65.299309 	999.000000 	13.341664 	104.403069 	118.562218 	85.586212 	8.944272 	114.017540 	137.887634 	126.150703 	23.194826 	73.348480 	4.000000 	111.606453 	118.406082 	52.392746 	126.822708 	10.049875 	56.515484 	25.317978 	129.630249 	109.077957 	85.088188 	148.519363 	129.807556 	88.639717 	30.265491 	13.152946 	106.550461 	61.392181 	87.846458 	55.731499 	140.584488 	56.435802 	104.201729 	38.209946 	65.306969 	105.095192 	96.772926 	25.806976 	109.567329 	158.492905 	121.433105 	155.794739 	
95.441078 	24.698177 	65.795135 	84.219948 	13.453624 	7.071068 	56.400356 	98.493652 	32.802441 	81.394104 	73.109505 	88.617157 	114.934761 	31.257000 	76.400261 	21.023796 	73.006851 	94.921021 	3.000000 	52.478565 	13.341664 	999.000000 	92.314682 	106.831642 	72.945183 	22.135944 	102.068604 	126.732002 	114.560028 	10.000000 	60.415230 	14.764823 	99.488693 	106.404884 	39.051247 	114.865135 	17.691807 	43.174065 	13.892444 	117.686020 	96.519424 	72.013885 	137.244308 	117.796432 	75.584389 	18.384777 	19.416489 	93.813644 	48.052055 	74.732857 	42.426407 	128.817703 	43.185646 	91.301697 	25.961510 	51.971146 	92.179176 	83.671982 	36.878178 	96.648849 	147.085007 	108.756607 	144.256714 	
24.839485 	71.693794 	28.231188 	14.317822 	79.025314 	93.230896 	36.069378 	16.155495 	59.548298 	11.704700 	19.209373 	4.123106 	48.332184 	119.887444 	16.401220 	72.138756 	20.000000 	4.000000 	94.641426 	41.231056 	104.403069 	92.314682 	999.000000 	15.652476 	21.470911 	113.225441 	10.000000 	37.696156 	23.706539 	84.864601 	34.985710 	106.826965 	7.211102 	14.142136 	59.908264 	22.627417 	109.877205 	56.938564 	88.526833 	25.455845 	10.295630 	28.635643 	47.010635 	25.495098 	26.172504 	85.276024 	111.126053 	13.453624 	54.561890 	28.160255 	60.415230 	36.878178 	61.717098 	17.492855 	80.448738 	52.924473 	18.027756 	24.515301 	129.189789 	19.104973 	56.035702 	21.023796 	52.801514 	
23.537205 	85.211502 	41.400482 	23.706539 	93.434471 	107.298645 	51.088158 	13.038404 	74.249580 	25.455845 	34.058773 	18.601076 	40.360870 	133.454117 	31.906113 	87.045967 	35.510563 	12.206555 	109.041275 	56.612720 	118.562218 	106.831642 	15.652476 	999.000000 	37.121422 	127.283150 	6.082763 	22.135944 	8.062258 	99.764725 	50.606323 	121.165176 	10.049875 	5.000000 	75.471848 	9.219544 	124.482933 	72.560318 	103.711136 	11.704700 	19.104973 	43.965897 	31.384710 	12.369317 	41.231056 	100.603180 	125.865005 	24.083189 	70.213959 	43.174065 	76.059189 	22.022715 	77.369247 	29.068884 	95.963531 	68.541962 	29.154760 	38.052597 	143.683685 	27.892651 	40.607880 	20.518284 	37.536648 	
38.470768 	54.708317 	17.888544 	22.360680 	60.033325 	74.706093 	17.088007 	34.234486 	40.311287 	15.033297 	8.602325 	18.973665 	63.788715 	101.980392 	6.000000 	52.201534 	3.605551 	25.079872 	75.471848 	20.615528 	85.586212 	72.945183 	21.470911 	37.121422 	999.000000 	94.514549 	31.384710 	59.093147 	45.177429 	64.815125 	13.601471 	87.664131 	28.017851 	35.227829 	38.600517 	43.600460 	90.210861 	35.510563 	67.896980 	46.400433 	23.600847 	9.848858 	68.476273 	46.227695 	9.899495 	64.381676 	91.214035 	21.023796 	33.105892 	11.401754 	38.948685 	58.008621 	40.249222 	19.416489 	59.203041 	31.622776 	20.396078 	15.811388 	109.622078 	24.738634 	77.388626 	35.846897 	74.060783 	
114.021927 	42.426407 	85.912750 	104.139328 	34.481880 	20.000000 	77.698135 	118.139748 	54.203320 	102.004898 	94.047859 	109.402924 	131.468628 	10.440307 	97.637085 	43.081318 	94.339813 	115.602768 	19.313208 	74.242844 	8.944272 	22.135944 	113.225441 	127.283150 	94.514549 	999.000000 	122.800652 	146.413803 	134.825821 	31.780497 	82.292160 	8.000000 	120.432556 	127.200630 	61.131008 	135.602356 	10.816654 	65.253349 	33.000000 	138.405197 	117.991524 	94.021271 	157.079605 	138.600143 	97.575615 	38.000000 	13.453624 	115.485931 	70.092796 	96.772926 	64.327286 	149.305054 	64.938431 	113.145920 	46.000000 	73.979729 	114.039467 	105.702415 	18.384777 	118.511604 	167.092789 	130.361038 	164.438431 	
24.596748 	80.993828 	37.215588 	20.615528 	88.729927 	102.800781 	45.967381 	13.892444 	69.354164 	20.808653 	29.000000 	13.453624 	44.407207 	129.247818 	26.400757 	82.024384 	30.000000 	7.211102 	104.350372 	51.224995 	114.017540 	102.068604 	10.000000 	6.082763 	31.384710 	122.800652 	999.000000 	28.160255 	13.928389 	94.752312 	44.944408 	116.516090 	4.000000 	4.472136 	69.892776 	12.806249 	119.670380 	66.887962 	98.493652 	15.620500 	13.341664 	37.947330 	37.121422 	15.811388 	35.171009 	95.268044 	120.966934 	18.248287 	64.412735 	37.107952 	70.327805 	26.907248 	71.589104 	23.194826 	90.443352 	62.649822 	23.345236 	32.015621 	138.946030 	22.472204 	46.043457 	17.492855 	42.801868 	
34.000000 	104.004807 	60.959003 	42.520584 	113.278419 	126.574089 	72.111023 	28.284271 	94.641426 	46.324940 	55.226807 	40.249222 	35.171009 	151.855194 	53.665630 	107.615051 	57.245087 	34.014702 	128.763351 	78.032043 	137.887634 	126.732002 	37.696156 	22.135944 	59.093147 	146.413803 	28.160255 	999.000000 	14.317822 	120.253899 	72.449982 	140.730240 	32.015621 	25.317978 	97.128784 	19.104973 	144.422989 	94.366310 	124.619423 	17.464249 	40.311287 	66.098412 	10.816654 	18.681541 	63.324562 	121.757957 	146.000000 	45.276924 	92.195442 	65.253349 	97.943863 	12.206555 	99.317673 	50.249378 	117.477661 	90.620087 	50.159744 	59.682495 	163.379929 	48.000000 	21.095022 	36.674240 	19.313208 	
27.073973 	92.617493 	48.918301 	30.805843 	101.138519 	114.865135 	59.033890 	18.027756 	82.073135 	33.301651 	42.011902 	26.627054 	38.600517 	140.801285 	39.962482 	94.921021 	43.566040 	20.248457 	116.726173 	64.637451 	126.150703 	114.560028 	23.706539 	8.062258 	45.177429 	134.825821 	13.928389 	14.317822 	999.000000 	107.628990 	58.668560 	128.817703 	17.720045 	11.045361 	83.528435 	7.071068 	132.230865 	80.622574 	111.664673 	7.615773 	26.076809 	51.865211 	23.323807 	8.944272 	49.040798 	108.600182 	133.660019 	31.064449 	78.262383 	50.960770 	84.118965 	14.764823 	85.422478 	36.055511 	104.009613 	76.557167 	36.013885 	45.398239 	151.380310 	34.132095 	32.649654 	24.166092 	29.698484 	
90.049988 	23.021729 	59.405388 	77.801025 	10.049875 	15.811388 	48.795490 	92.200867 	25.612497 	74.330345 	65.764732 	81.320351 	110.860275 	41.194660 	68.680420 	12.727922 	65.192024 	87.692642 	13.000000 	44.204071 	23.194826 	10.000000 	84.864601 	99.764725 	64.815125 	31.780497 	94.752312 	120.253899 	107.628990 	999.000000 	51.865211 	24.041630 	91.967384 	99.005051 	29.410883 	107.489532 	25.553865 	33.526108 	7.280110 	110.317726 	88.408142 	63.134777 	130.598618 	110.344917 	66.730804 	9.899495 	26.400757 	85.445892 	38.327538 	65.764732 	32.557640 	121.630585 	33.241539 	82.680107 	16.552946 	42.201897 	83.528435 	74.706093 	44.944408 	87.982956 	140.264038 	100.439034 	137.295303 	
49.040798 	44.407207 	20.615528 	33.241539 	47.927029 	62.769421 	9.433981 	46.572525 	28.460499 	26.925823 	18.248287 	32.202484 	74.027023 	90.249657 	18.788294 	39.446167 	15.231546 	38.470768 	63.063461 	8.246211 	73.348480 	60.415230 	34.985710 	50.606323 	13.601471 	82.292160 	44.944408 	72.449982 	58.668560 	51.865211 	999.000000 	75.179787 	41.617306 	48.826221 	25.000000 	57.201397 	77.388626 	21.954498 	54.561890 	60.000000 	36.796738 	12.165525 	81.987801 	59.816387 	15.524175 	50.911690 	78.236816 	33.600594 	19.924858 	15.132746 	25.495098 	71.610054 	26.925823 	30.886890 	45.607018 	19.104973 	31.764761 	23.769728 	96.798759 	36.235340 	90.972527 	48.600410 	87.658424 	
108.853111 	37.202152 	79.931221 	98.290382 	27.802877 	14.422205 	71.028160 	112.449989 	47.434166 	95.775780 	87.618492 	103.077644 	127.263504 	18.248287 	91.021973 	35.777088 	87.658424 	109.343498 	12.206555 	67.230942 	4.000000 	14.764823 	106.826965 	121.165176 	87.664131 	8.000000 	116.516090 	140.730240 	128.817703 	24.041630 	75.179787 	999.000000 	114.017540 	120.880104 	53.450912 	129.321304 	6.082763 	57.567352 	25.000000 	132.136292 	111.220505 	86.764046 	151.320847 	132.279999 	90.338257 	30.000000 	9.219544 	108.558739 	62.361847 	89.470665 	56.515484 	143.178207 	57.070133 	106.066017 	38.000000 	66.219330 	106.943909 	98.412399 	22.671568 	111.413643 	161.245148 	123.490891 	158.492905 	
26.627054 	78.892334 	35.341194 	20.024984 	86.214851 	100.439034 	43.185646 	16.278820 	66.708321 	18.788294 	26.400757 	11.180340 	47.707443 	127.094452 	23.345236 	79.246452 	26.907248 	6.000000 	101.828285 	48.166378 	111.606453 	99.488693 	7.211102 	10.049875 	28.017851 	120.432556 	4.000000 	32.015621 	17.720045 	91.967384 	41.617306 	114.017540 	999.000000 	7.211102 	66.610809 	15.620500 	117.034180 	63.513779 	95.524864 	18.439089 	9.486833 	34.176014 	40.718548 	18.384777 	31.320919 	92.195442 	118.258194 	14.317822 	60.901562 	33.241539 	66.887962 	30.000000 	68.095520 	19.235384 	87.200920 	59.033890 	19.416489 	28.017851 	136.359818 	18.788294 	49.396355 	15.811388 	46.043457 	
27.513634 	85.440041 	41.677334 	25.000000 	93.085983 	107.200745 	50.209560 	16.763054 	73.661385 	25.238859 	33.301651 	17.804493 	45.343136 	133.689941 	30.479502 	86.278618 	34.058773 	11.661903 	108.706024 	55.317268 	118.406082 	106.404884 	14.142136 	5.000000 	35.227829 	127.200630 	4.472136 	25.317978 	11.045361 	99.005051 	48.826221 	120.880104 	7.211102 	999.000000 	73.817345 	8.485281 	123.987900 	70.724815 	102.649887 	11.313708 	15.033297 	41.231056 	33.615471 	11.401754 	38.275318 	99.357941 	125.255737 	20.024984 	68.095520 	40.162170 	74.094536 	22.803509 	75.292763 	25.019993 	94.403389 	66.189125 	25.000000 	34.365681 	143.282944 	23.345236 	42.190044 	15.556349 	38.832977 	
71.063354 	32.202484 	39.623226 	56.302753 	29.017237 	43.185646 	25.961510 	70.384659 	16.278820 	50.990196 	42.047592 	56.938564 	94.894676 	70.213959 	43.566040 	19.000000 	39.962482 	63.285069 	41.976185 	19.313208 	52.392746 	39.051247 	59.908264 	75.471848 	38.600517 	61.131008 	69.892776 	97.128784 	83.528435 	29.410883 	25.000000 	53.450912 	66.610809 	73.817345 	999.000000 	82.200974 	54.625999 	4.123106 	30.528675 	85.000000 	61.554855 	34.828148 	106.850365 	84.811554 	38.418747 	26.400757 	55.009090 	58.000000 	9.055386 	37.202152 	5.000000 	96.607452 	7.071068 	54.671749 	20.615528 	13.038404 	55.443665 	46.043457 	73.790245 	59.816387 	115.935326 	72.917763 	112.645462 	
32.140316 	93.744331 	49.929951 	32.695564 	101.533249 	115.602768 	58.694122 	22.022715 	82.134033 	33.600594 	41.773197 	26.248810 	45.607018 	142.003525 	38.948685 	94.762863 	42.520584 	20.000000 	117.153748 	63.780876 	126.822708 	114.865135 	22.627417 	9.219544 	43.600460 	135.602356 	12.806249 	19.104973 	7.071068 	107.489532 	57.201397 	129.321304 	15.620500 	8.485281 	82.200974 	999.000000 	132.457535 	79.056938 	111.126053 	2.828427 	22.135944 	49.193497 	25.961510 	3.162278 	46.097721 	107.814659 	133.734818 	26.925823 	76.321686 	47.927029 	82.377182 	14.422205 	83.528435 	31.780497 	102.800781 	74.303429 	31.575306 	41.484936 	151.743210 	29.068884 	34.000000 	17.720045 	30.528675 	
113.004425 	41.677334 	83.486526 	101.911728 	31.144823 	19.313208 	73.878281 	116.180893 	50.328918 	99.035347 	90.686272 	106.216759 	132.003784 	21.023796 	93.861603 	38.013157 	90.426765 	112.538879 	15.811388 	69.634758 	10.049875 	17.691807 	109.877205 	124.482933 	90.210861 	10.816654 	119.670380 	144.422989 	132.230865 	25.553865 	77.388626 	6.082763 	117.034180 	123.987900 	54.625999 	132.457535 	999.000000 	58.694122 	24.738634 	135.281189 	113.811249 	88.684837 	154.935471 	135.369858 	92.282173 	29.614185 	3.162278 	110.941429 	63.324562 	91.301697 	57.245087 	146.454773 	57.567352 	108.226616 	37.483330 	67.067131 	109.077957 	100.239716 	19.416489 	113.534134 	164.769531 	125.924583 	161.929001 	
69.231499 	35.468296 	38.118237 	54.120235 	33.000000 	47.265209 	24.186773 	68.007355 	18.867962 	48.466484 	39.560081 	54.120235 	93.434471 	74.330345 	40.706264 	23.021729 	37.121422 	60.415230 	46.097721 	17.262676 	56.515484 	43.174065 	56.938564 	72.560318 	35.510563 	65.253349 	66.887962 	94.366310 	80.622574 	33.526108 	21.954498 	57.567352 	63.513779 	70.724815 	4.123106 	79.056938 	58.694122 	999.000000 	34.481880 	81.841309 	58.137768 	31.144823 	103.942291 	81.608826 	34.713108 	30.232433 	59.033890 	54.451813 	5.000000 	33.421551 	4.000000 	93.477272 	6.082763 	50.990196 	24.041630 	9.000000 	51.739735 	42.201897 	77.820305 	56.080299 	112.898186 	69.310890 	109.553642 	
95.257545 	30.149628 	64.140472 	82.377182 	17.262676 	20.808653 	52.630791 	96.798759 	30.413813 	78.409180 	69.656296 	85.146935 	116.709038 	43.104523 	72.180328 	17.464249 	68.622154 	91.547798 	16.552946 	47.381432 	25.317978 	13.892444 	88.526833 	103.711136 	67.896980 	33.000000 	98.493652 	124.619423 	111.664673 	7.280110 	54.561890 	25.000000 	95.524864 	102.649887 	30.528675 	111.126053 	24.738634 	34.481880 	999.000000 	113.951744 	91.350975 	65.215027 	134.807266 	113.899078 	68.818604 	5.000000 	24.698177 	88.090858 	38.910152 	67.675697 	32.695564 	125.399361 	32.893768 	85.000000 	13.000000 	42.544094 	85.802101 	76.550636 	43.462627 	90.210861 	144.308701 	103.077644 	141.226761 	
34.014702 	96.519424 	52.697250 	35.341194 	104.350372 	118.406082 	61.522354 	24.186773 	84.958817 	36.400551 	44.598206 	29.068884 	46.043457 	144.779144 	41.773197 	97.590981 	45.343136 	22.803509 	119.970833 	66.603302 	129.630249 	117.686020 	25.455845 	11.704700 	46.400433 	138.405197 	15.620500 	17.464249 	7.615773 	110.317726 	60.000000 	132.136292 	18.439089 	11.313708 	85.000000 	2.828427 	135.281189 	81.841309 	113.951744 	999.000000 	24.698177 	51.884487 	23.537205 	1.414214 	48.754486 	110.634537 	136.561340 	29.410883 	79.075912 	50.566788 	85.146935 	11.661903 	86.284416 	34.205261 	105.603027 	77.025970 	33.955853 	43.965897 	154.563904 	31.257000 	31.304953 	19.235384 	27.784887 	
34.655445 	77.472572 	35.510563 	24.351591 	83.528435 	98.112183 	40.311287 	25.000000 	63.812225 	20.024984 	25.000000 	13.601471 	56.938564 	125.239769 	20.615528 	75.802376 	23.706539 	12.727922 	99.020203 	44.204071 	109.077957 	96.519424 	10.295630 	19.104973 	23.600847 	117.991524 	13.341664 	40.311287 	26.076809 	88.408142 	36.796738 	111.220505 	9.486833 	15.033297 	61.554855 	22.135944 	113.811249 	58.137768 	91.350975 	24.698177 	999.000000 	27.459061 	48.083260 	24.166092 	24.186773 	87.692642 	114.808533 	5.000000 	55.000000 	25.942244 	61.220913 	36.249138 	62.201286 	10.000000 	82.134033 	52.697250 	10.049875 	19.416489 	133.221619 	9.433981 	55.946404 	12.649111 	52.325901 	
48.052055 	56.568542 	26.248810 	32.015621 	59.808025 	74.672615 	20.223749 	43.000000 	40.521599 	24.515301 	18.357559 	27.073973 	73.348480 	102.181213 	15.524175 	50.990196 	13.416408 	32.557640 	74.732857 	20.396078 	85.088188 	72.013885 	28.635643 	43.965897 	9.848858 	94.021271 	37.947330 	66.098412 	51.865211 	63.134777 	12.165525 	86.764046 	34.176014 	41.231056 	34.828148 	49.193497 	88.684837 	31.144823 	65.215027 	51.884487 	27.459061 	999.000000 	74.846512 	51.478149 	3.605551 	61.220913 	89.358826 	23.430750 	27.658634 	3.000000 	33.970577 	63.529522 	34.828148 	19.849434 	55.172459 	25.238859 	20.615528 	11.704700 	108.046288 	25.000000 	83.186539 	38.183765 	79.649231 	
44.777225 	114.690887 	71.449280 	53.037724 	123.794182 	137.207870 	82.200974 	38.948685 	104.995239 	56.400356 	65.215027 	49.929951 	43.104523 	162.606888 	63.285069 	117.923706 	66.887962 	43.566040 	139.316193 	87.920418 	148.519363 	137.244308 	47.010635 	31.384710 	68.476273 	157.079605 	37.121422 	10.816654 	23.323807 	130.598618 	81.987801 	151.320847 	40.718548 	33.615471 	106.850365 	25.961510 	154.935471 	103.942291 	134.807266 	23.537205 	48.083260 	74.846512 	999.000000 	24.331051 	71.867935 	131.825638 	156.464050 	52.886673 	101.533249 	73.736015 	107.424393 	13.038404 	108.706024 	57.723480 	127.318497 	99.744675 	57.489128 	67.446274 	173.954010 	54.744862 	10.295630 	42.047592 	9.055386 	
35.057095 	96.798759 	53.000000 	35.846897 	104.484451 	118.600166 	61.554855 	25.079872 	85.041168 	36.619667 	44.687805 	29.206163 	47.434166 	145.055161 	41.725292 	97.621719 	45.276924 	23.021729 	120.104118 	66.528191 	129.807556 	117.796432 	25.495098 	12.369317 	46.227695 	138.600143 	15.811388 	18.681541 	8.944272 	110.344917 	59.816387 	132.279999 	18.384777 	11.401754 	84.811554 	3.162278 	135.369858 	81.608826 	113.899078 	1.414214 	24.166092 	51.478149 	24.331051 	999.000000 	48.301140 	110.535065 	136.619904 	28.792360 	78.771820 	50.089920 	84.876381 	12.083046 	85.982559 	33.526108 	105.422958 	76.661591 	33.241539 	43.324360 	154.673843 	30.413813 	31.780497 	18.110771 	28.178005 	
46.840153 	59.841457 	27.459061 	31.016125 	63.324562 	78.185677 	23.021729 	41.109608 	43.965897 	23.409399 	18.439089 	25.019993 	72.034714 	105.688217 	14.764823 	54.561890 	13.453624 	30.149628 	78.294319 	23.769728 	88.639717 	75.584389 	26.172504 	41.231056 	9.899495 	97.575615 	35.171009 	63.324562 	49.040798 	66.730804 	15.524175 	90.338257 	31.320919 	38.275318 	38.418747 	46.097721 	92.282173 	34.713108 	68.818604 	48.754486 	24.186773 	3.605551 	71.867935 	48.301140 	999.000000 	64.815125 	92.962357 	20.000000 	31.144823 	2.000000 	37.483330 	60.373837 	38.288380 	16.278820 	58.728188 	28.600698 	17.029387 	8.246211 	111.646767 	21.400934 	80.056229 	34.655445 	76.478752 	
93.107468 	31.048349 	61.717098 	79.755875 	18.788294 	25.059929 	49.648766 	94.154129 	28.460499 	75.451973 	66.610809 	82.006096 	115.134705 	48.093658 	68.883957 	16.124516 	65.299309 	88.408142 	21.189621 	44.045429 	30.265491 	18.384777 	85.276024 	100.603180 	64.381676 	38.000000 	95.268044 	121.757957 	108.600182 	9.899495 	50.911690 	30.000000 	92.195442 	99.357941 	26.400757 	107.814659 	29.614185 	30.232433 	5.000000 	110.634537 	87.692642 	61.220913 	131.825638 	110.535065 	64.815125 	999.000000 	29.410883 	84.291161 	34.481880 	63.600315 	28.178005 	122.147453 	28.231188 	81.055534 	8.000000 	38.013157 	81.835197 	72.422371 	48.104053 	86.214851 	141.209061 	99.247169 	138.057953 	
114.856430 	43.829212 	85.041168 	103.479469 	32.802441 	21.840330 	75.073296 	117.796432 	51.623638 	100.409164 	91.967384 	107.517441 	134.182709 	23.323807 	95.015785 	39.051247 	91.547798 	113.863953 	17.888544 	70.604530 	13.152946 	19.416489 	111.126053 	125.865005 	91.214035 	13.453624 	120.966934 	146.000000 	133.660019 	26.400757 	78.236816 	9.219544 	118.258194 	125.255737 	55.009090 	133.734818 	3.162278 	59.033890 	24.698177 	136.561340 	114.808533 	89.358826 	156.464050 	136.619904 	92.962357 	29.410883 	999.000000 	111.830231 	63.560993 	91.923882 	57.384666 	147.800537 	57.584721 	109.000000 	37.107952 	67.230942 	109.836243 	100.846420 	18.788294 	114.280357 	166.243790 	126.826653 	163.355438 	
38.288380 	75.610847 	35.014282 	26.419689 	81.006172 	95.713112 	38.078865 	29.154760 	61.294373 	20.880613 	24.083189 	15.811388 	61.294373 	123.004066 	19.235384 	72.945183 	21.840330 	16.643316 	96.384644 	41.340054 	106.550461 	93.813644 	13.453624 	24.083189 	21.023796 	115.485931 	18.248287 	45.276924 	31.064449 	85.445892 	33.600594 	108.558739 	14.317822 	20.024984 	58.000000 	26.925823 	110.941429 	54.451813 	88.090858 	29.410883 	5.000000 	23.430750 	52.886673 	28.792360 	20.000000 	84.291161 	111.830231 	999.000000 	51.088158 	21.633308 	57.384666 	40.853397 	58.258045 	5.000000 	78.492035 	48.600410 	5.099020 	14.560220 	130.357208 	5.830952 	60.539242 	15.000000 	56.859474 	
68.468971 	40.162170 	38.052597 	52.952808 	38.000000 	52.239830 	24.083189 	66.483078 	23.259407 	46.840153 	38.078865 	52.000000 	93.085983 	79.246452 	38.626415 	28.017851 	35.114101 	58.180752 	50.990196 	17.117243 	61.392181 	48.052055 	54.561890 	70.213959 	33.105892 	70.092796 	64.412735 	92.195442 	78.262383 	38.327538 	19.924858 	62.361847 	60.901562 	68.095520 	9.055386 	76.321686 	63.324562 	5.000000 	38.910152 	79.075912 	55.000000 	27.658634 	101.533249 	78.771820 	31.144823 	34.481880 	63.560993 	51.088158 	999.000000 	29.698484 	6.403124 	90.735878 	7.211102 	47.381432 	27.802877 	4.000000 	48.083260 	38.288380 	82.346825 	52.345009 	110.276924 	65.795135 	106.850365 	
48.764740 	59.539902 	28.600698 	32.893768 	62.625874 	77.491936 	23.194826 	43.104523 	43.416588 	25.298222 	20.000000 	27.018513 	73.979729 	105.004761 	16.552946 	53.712196 	15.000000 	32.140316 	77.472572 	23.345236 	87.846458 	74.732857 	28.160255 	43.174065 	11.401754 	96.772926 	37.107952 	65.253349 	50.960770 	65.764732 	15.132746 	89.470665 	33.241539 	40.162170 	37.202152 	47.927029 	91.301697 	33.421551 	67.675697 	50.566788 	25.942244 	3.000000 	73.736015 	50.089920 	2.000000 	63.600315 	91.923882 	21.633308 	29.698484 	999.000000 	36.069378 	62.169125 	36.796738 	17.691807 	57.384666 	27.018513 	18.384777 	8.944272 	110.639053 	22.671568 	81.859634 	36.124783 	78.262383 	
73.164200 	37.121422 	42.107006 	57.974133 	33.241539 	47.010635 	28.160255 	71.784401 	21.260292 	52.201534 	43.324360 	57.697487 	97.416634 	73.681747 	44.283180 	23.194826 	40.718548 	63.953106 	45.398239 	21.213203 	55.731499 	42.426407 	60.415230 	76.059189 	38.948685 	64.327286 	70.327805 	97.943863 	84.118965 	32.557640 	25.495098 	56.515484 	66.887962 	74.094536 	5.000000 	82.377182 	57.245087 	4.000000 	32.695564 	85.146935 	61.220913 	33.970577 	107.424393 	84.876381 	37.483330 	28.178005 	57.384666 	57.384666 	6.403124 	36.069378 	999.000000 	96.798759 	2.236068 	53.740116 	21.400934 	9.848858 	54.451813 	44.687805 	76.157730 	58.728188 	116.284134 	72.138756 	112.898186 	
41.000000 	107.200745 	63.411354 	45.486263 	115.433968 	129.321304 	72.862885 	32.695564 	96.176918 	47.423622 	55.865910 	40.311287 	46.818798 	155.425217 	53.263496 	108.903625 	56.850681 	33.941124 	131.045792 	78.102493 	140.584488 	128.817703 	36.878178 	22.022715 	58.008621 	149.305054 	26.907248 	12.206555 	14.764823 	121.630585 	71.610054 	143.178207 	30.000000 	22.803509 	96.607452 	14.422205 	146.454773 	93.477272 	125.399361 	11.661903 	36.249138 	63.529522 	13.038404 	12.083046 	60.373837 	122.147453 	147.800537 	40.853397 	90.735878 	62.169125 	96.798759 	999.000000 	97.943863 	45.541191 	117.200684 	88.684837 	45.221676 	55.362442 	165.680420 	42.201897 	19.697716 	29.154760 	16.124516 	
74.966660 	38.948685 	44.045429 	59.665737 	34.525352 	48.010414 	30.066593 	73.375748 	23.345236 	53.758720 	44.922153 	59.093147 	99.322708 	74.431175 	45.694637 	24.515301 	42.154476 	65.306969 	46.173584 	23.086792 	56.435802 	43.185646 	61.717098 	77.369247 	40.249222 	64.938431 	71.589104 	99.317673 	85.422478 	33.241539 	26.925823 	57.070133 	68.095520 	75.292763 	7.071068 	83.528435 	57.567352 	6.082763 	32.893768 	86.284416 	62.201286 	34.828148 	108.706024 	85.982559 	38.288380 	28.231188 	57.584721 	58.258045 	7.211102 	36.796738 	2.236068 	97.943863 	999.000000 	54.488529 	21.095022 	10.000000 	55.172459 	45.276924 	76.321686 	59.396969 	117.477661 	72.917763 	114.057007 	
42.201897 	74.040527 	35.227829 	29.206163 	78.721024 	93.520050 	36.400551 	33.541019 	59.093147 	22.825424 	24.186773 	19.104973 	65.741920 	120.933868 	19.104973 	70.327805 	21.023796 	21.023796 	93.941475 	38.910152 	104.201729 	91.301697 	17.492855 	29.068884 	19.416489 	113.145920 	23.194826 	50.249378 	36.055511 	82.680107 	30.886890 	106.066017 	19.235384 	25.019993 	54.671749 	31.780497 	108.226616 	50.990196 	85.000000 	34.205261 	10.000000 	19.849434 	57.723480 	33.526108 	16.278820 	81.055534 	109.000000 	5.000000 	47.381432 	17.691807 	53.740116 	45.541191 	54.488529 	999.000000 	75.006668 	44.687805 	1.000000 	9.848858 	127.624451 	5.385165 	65.192024 	18.439089 	61.465439 	
90.138779 	34.000000 	58.523499 	76.059189 	23.345236 	32.310989 	45.617977 	90.338257 	27.018513 	71.196907 	62.265560 	77.388626 	113.030968 	56.080299 	64.070274 	17.088007 	60.464867 	83.761566 	28.861740 	39.446167 	38.209946 	25.961510 	80.448738 	95.963531 	59.203041 	46.000000 	90.443352 	117.477661 	104.009613 	16.552946 	45.607018 	38.000000 	87.200920 	94.403389 	20.615528 	102.800781 	37.483330 	24.041630 	13.000000 	105.603027 	82.134033 	55.172459 	127.318497 	105.422958 	58.728188 	8.000000 	37.107952 	78.492035 	27.802877 	57.384666 	21.400934 	117.200684 	21.095022 	75.006668 	999.000000 	31.064449 	75.742989 	66.068146 	55.659679 	80.056229 	136.484436 	93.348808 	133.221619 	
68.117546 	43.965897 	38.470768 	52.345009 	42.000000 	56.222771 	24.738634 	65.513359 	26.925823 	45.891174 	37.336308 	50.596443 	93.000000 	83.186539 	37.363083 	32.015621 	33.955853 	56.648037 	54.918121 	18.027756 	65.306969 	51.971146 	52.924473 	68.541962 	31.622776 	73.979729 	62.649822 	90.620087 	76.557167 	42.201897 	19.104973 	66.219330 	59.033890 	66.189125 	13.038404 	74.303429 	67.067131 	9.000000 	42.544094 	77.025970 	52.697250 	25.238859 	99.744675 	76.661591 	28.600698 	38.013157 	67.230942 	48.600410 	4.000000 	27.018513 	9.848858 	88.684837 	10.000000 	44.687805 	31.064449 	999.000000 	45.343136 	35.355339 	86.005814 	49.517673 	108.300507 	63.126858 	104.809349 	
