Total assets = 560
Number of asset nodes = 33

Distance:
999.000000 	96.166519 	8.602325 	31.016125 	61.294373 	30.870699 	19.104973 	67.119293 	66.189125 	29.681644 	40.024994 	65.741920 	63.976559 	70.661163 	44.147480 	39.458839 	99.357941 	67.119293 	65.000000 	39.115215 	75.584389 	81.884064 	34.828148 	41.109608 	38.600517 	45.276924 	42.047592 	21.000000 	83.192551 	84.095184 	132.230865 	49.091751 	118.067780 	80.230919 	117.443604 	84.581322 	132.276230 	56.435802 	35.805027 	26.172504 	44.598206 	84.693565 	83.006027 	121.037186 	51.000000 	83.934502 	133.056381 	26.305893 	124.470879 	40.607880 	
96.166519 	999.000000 	104.661362 	125.099960 	41.436699 	125.606529 	115.260574 	37.107952 	39.051247 	125.319588 	65.741920 	40.024994 	42.201897 	36.345562 	63.158531 	68.447060 	8.944272 	40.607880 	43.737854 	71.175842 	35.000000 	29.274563 	130.862518 	70.384659 	134.469330 	67.067131 	70.936592 	112.004463 	32.756680 	32.984844 	36.069378 	67.720009 	24.738634 	37.483330 	24.515301 	34.205261 	36.235340 	62.169125 	131.643463 	117.800682 	140.730240 	36.400551 	38.078865 	27.892651 	70.092796 	38.327538 	37.202152 	113.718948 	30.675724 	136.561340 	
8.602325 	104.661362 	999.000000 	22.803509 	69.835518 	22.472204 	10.630146 	75.663727 	74.706093 	21.095022 	48.083260 	74.242844 	72.449982 	79.177017 	52.201534 	47.296936 	107.712578 	75.584389 	73.409805 	46.690472 	84.077347 	90.426765 	26.248810 	48.662102 	30.000000 	52.952808 	49.497475 	17.464249 	91.678787 	92.574295 	140.730240 	56.568542 	126.657021 	88.639717 	126.035706 	93.037628 	140.801285 	64.132675 	27.784887 	21.377558 	36.069378 	93.107468 	91.389275 	129.630249 	58.215118 	92.309265 	141.598022 	23.706539 	133.060135 	32.449963 	
31.016125 	125.099960 	22.803509 	999.000000 	92.135773 	2.236068 	15.132746 	97.943863 	97.082436 	6.403124 	70.880180 	96.664368 	94.936821 	101.552940 	75.000000 	70.092796 	127.349915 	98.086693 	96.005211 	69.426216 	106.512909 	112.698715 	11.180340 	71.386276 	12.165525 	75.709976 	72.180328 	30.675724 	114.127121 	115.039124 	161.074524 	79.246452 	147.871567 	111.233986 	147.299011 	115.550858 	161.335052 	86.884979 	19.697716 	30.016663 	19.416489 	115.693558 	114.017540 	150.903946 	80.752708 	114.947815 	162.265213 	36.249138 	154.262756 	21.377558 	
61.294373 	41.436699 	69.835518 	92.135773 	999.000000 	92.130341 	79.924965 	5.830952 	5.099020 	90.917542 	25.000000 	5.000000 	4.472136 	9.486833 	21.954498 	27.459061 	48.052055 	7.071068 	7.211102 	30.016663 	14.560220 	20.591261 	95.718338 	29.068884 	99.644371 	25.632011 	29.546574 	73.593475 	22.135944 	23.086792 	75.471848 	26.476404 	58.898216 	20.099751 	58.137768 	23.769728 	74.886581 	22.090721 	94.810333 	79.208588 	105.118980 	24.331051 	23.086792 	61.619801 	29.154760 	24.083189 	75.213028 	74.330345 	65.192024 	99.809822 	
30.870699 	125.606529 	22.472204 	2.236068 	92.130341 	999.000000 	14.000000 	97.948967 	97.046379 	4.242640 	70.519501 	96.607452 	94.847244 	101.518471 	74.632431 	69.641945 	128.003906 	97.989792 	95.854057 	68.883957 	106.451866 	112.712021 	9.055386 	70.830788 	10.440307 	75.186432 	71.589104 	29.120440 	114.061386 	114.965210 	161.616837 	78.644768 	148.219437 	111.085556 	147.634689 	115.451286 	161.839432 	86.348129 	17.464249 	28.178005 	17.720045 	115.550858 	113.846390 	151.238220 	80.062477 	114.769333 	162.742126 	34.539833 	154.615646 	19.235384 	
19.104973 	115.260574 	10.630146 	15.132746 	79.924965 	14.000000 	999.000000 	85.755463 	84.723076 	11.401754 	57.384666 	84.219948 	82.365044 	89.185204 	61.465439 	56.302753 	118.342720 	85.475143 	83.186539 	55.362442 	94.021271 	100.498756 	15.811388 	57.280014 	19.723083 	61.684681 	57.974133 	16.124516 	101.597244 	102.474388 	151.327454 	65.000000 	137.131317 	98.386993 	136.499084 	102.883430 	151.380310 	72.801102 	17.464249 	17.029387 	25.495098 	102.859123 	101.079178 	140.089264 	66.287254 	101.980392 	152.161102 	22.203604 	143.533966 	21.954498 	
67.119293 	37.107952 	75.663727 	97.943863 	5.830952 	97.948967 	85.755463 	999.000000 	2.000000 	96.747093 	30.479502 	3.000000 	5.099020 	4.000000 	27.202942 	32.802441 	44.283180 	4.472136 	7.071068 	35.227829 	9.055386 	14.764823 	101.548019 	34.132095 	105.475113 	30.413813 	34.481880 	79.309517 	16.492422 	17.464249 	70.327805 	30.675724 	53.413483 	15.033297 	52.630791 	18.248287 	69.641945 	25.179358 	100.603180 	84.899940 	110.941429 	19.026299 	18.027756 	56.080299 	32.984844 	19.026299 	69.892776 	79.931221 	59.665737 	105.603027 	
66.189125 	39.051247 	74.706093 	97.082436 	5.099020 	97.046379 	84.723076 	2.000000 	999.000000 	95.770561 	29.000000 	1.000000 	3.162278 	4.472136 	25.612497 	31.240999 	46.270943 	2.828427 	5.099020 	33.600594 	9.486833 	15.811388 	100.498756 	32.449963 	104.446159 	28.653097 	32.756680 	77.987175 	17.088007 	18.027756 	72.069412 	28.792360 	55.000000 	15.033297 	54.203320 	18.681541 	71.344238 	23.194826 	99.403221 	83.546394 	109.836243 	19.235384 	18.027756 	57.628117 	31.048349 	19.026299 	71.561165 	78.492035 	61.220913 	104.403069 	
29.681644 	125.319588 	21.095022 	6.403124 	90.917542 	4.242640 	11.401754 	96.747093 	95.770561 	999.000000 	68.709534 	95.294281 	93.477272 	100.239716 	72.801102 	67.675697 	128.003906 	96.602280 	94.371605 	66.760765 	105.118980 	111.507851 	6.324555 	68.680420 	9.219544 	73.082146 	69.375786 	25.495098 	112.712021 	113.600174 	161.375336 	76.400261 	147.610977 	109.590149 	147.003403 	114.039467 	161.523987 	84.202141 	13.601471 	24.166092 	16.124516 	114.061386 	112.307610 	150.602127 	77.665955 	113.216606 	162.373032 	30.675724 	154.012985 	16.000000 	
40.024994 	65.741920 	48.083260 	70.880180 	25.000000 	70.519501 	57.384666 	30.479502 	29.000000 	68.709534 	999.000000 	28.284271 	26.172504 	33.241539 	4.123106 	3.000000 	71.512238 	29.068884 	26.400757 	6.000000 	37.643059 	44.598206 	72.917763 	6.324555 	76.967529 	7.211102 	7.615773 	49.203659 	45.000000 	45.803928 	100.404182 	11.661903 	83.868942 	41.340054 	83.096329 	46.043457 	99.864906 	17.117243 	71.021126 	54.671749 	81.884064 	45.793011 	43.908997 	86.556343 	15.000000 	44.777225 	100.209778 	49.497475 	90.138779 	76.006577 	
65.741920 	40.024994 	74.242844 	96.664368 	5.000000 	96.607452 	84.219948 	3.000000 	1.000000 	95.294281 	28.284271 	999.000000 	2.236068 	5.000000 	24.839485 	30.479502 	47.265209 	2.236068 	4.123106 	32.802441 	9.848858 	16.401220 	99.985001 	31.622776 	103.942291 	27.784887 	31.906113 	77.336922 	17.464249 	18.384777 	72.945183 	27.856777 	55.803226 	15.132746 	55.000000 	18.973665 	72.201111 	22.203604 	98.812958 	82.879433 	109.293182 	19.416489 	18.110771 	58.412327 	30.083218 	19.104973 	72.401657 	77.781746 	62.008064 	103.812332 	
63.976559 	42.201897 	72.449982 	94.936821 	4.472136 	94.847244 	82.365044 	5.099020 	3.162278 	93.477272 	26.172504 	2.236068 	999.000000 	7.071068 	22.671568 	28.319605 	49.365982 	3.162278 	2.828427 	30.610456 	11.661903 	18.439089 	98.112183 	29.410883 	102.083298 	25.553865 	29.681644 	75.286118 	19.235384 	20.124611 	75.179787 	25.632011 	58.008621 	16.492422 	57.201397 	20.615528 	74.431175 	20.099751 	96.834908 	80.808418 	107.377838 	20.880613 	19.416489 	60.605282 	27.892651 	20.396078 	74.625732 	75.663727 	64.202805 	101.833199 	
70.661163 	36.345562 	79.177017 	101.552940 	9.486833 	101.518471 	89.185204 	4.000000 	4.472136 	100.239716 	33.241539 	5.000000 	7.071068 	999.000000 	29.732138 	35.383614 	44.011364 	4.472136 	7.615773 	37.643059 	5.099020 	11.401754 	104.957130 	36.400551 	108.908218 	32.449963 	36.619667 	82.328613 	12.649111 	13.601471 	68.425140 	32.202484 	51.039200 	11.045361 	50.219517 	14.317822 	67.601776 	25.961510 	103.812332 	87.863533 	114.280357 	15.033297 	14.035668 	53.600372 	34.176014 	15.033297 	67.742157 	82.734512 	57.201397 	108.811768 	
44.147480 	63.158531 	52.201534 	75.000000 	21.954498 	74.632431 	61.465439 	27.202942 	25.612497 	72.801102 	4.123106 	24.839485 	22.671568 	29.732138 	999.000000 	5.656854 	69.260376 	25.455845 	22.671568 	8.062258 	33.970577 	41.012192 	76.967529 	7.280110 	81.024689 	5.385165 	8.062258 	53.009434 	41.231056 	42.011902 	97.416634 	9.219544 	80.603973 	37.443291 	79.812279 	42.201897 	96.798759 	13.341664 	74.946648 	58.412327 	85.883644 	41.880783 	39.962482 	83.240616 	12.806249 	40.816662 	97.082436 	53.075417 	86.833176 	79.924965 	
39.458839 	68.447060 	47.296936 	70.092796 	27.459061 	69.641945 	56.302753 	32.802441 	31.240999 	67.675697 	3.000000 	30.479502 	28.319605 	35.383614 	5.656854 	999.000000 	74.330345 	31.112698 	28.319605 	3.000000 	39.623226 	46.669048 	71.693794 	3.605551 	75.769386 	6.082763 	5.000000 	47.434166 	46.861500 	47.634022 	102.927162 	10.440307 	86.214851 	43.011627 	85.428329 	47.801674 	102.342560 	17.029387 	69.462219 	52.801514 	80.498444 	47.434166 	45.486263 	88.865067 	13.416408 	46.324940 	102.649887 	47.423622 	92.455391 	74.431175 	
99.357941 	8.944272 	107.712578 	127.349915 	48.052055 	128.003906 	118.342720 	44.283180 	46.270943 	128.003906 	71.512238 	47.265209 	49.365982 	44.011364 	69.260376 	74.330345 	999.000000 	48.093658 	51.156624 	77.162170 	43.185646 	37.854988 	133.734818 	76.537575 	137.207870 	73.498299 	77.201035 	116.211014 	41.484936 	41.761227 	34.481880 	74.525162 	28.071337 	46.097721 	28.160255 	43.011627 	35.341194 	69.462219 	135.092560 	122.036880 	143.683685 	45.221676 	46.840153 	31.016125 	77.103828 	47.127487 	36.769554 	118.338501 	33.060551 	139.946411 	
67.119293 	40.607880 	75.584389 	98.086693 	7.071068 	97.989792 	85.475143 	4.472136 	2.828427 	96.602280 	29.068884 	2.236068 	3.162278 	4.472136 	25.455845 	31.112698 	48.093658 	999.000000 	3.162278 	33.301651 	8.602325 	15.556349 	101.212646 	32.015621 	105.190300 	28.017851 	32.202484 	78.243210 	16.124516 	17.000000 	72.897186 	27.730848 	55.470715 	13.341664 	54.644306 	17.464249 	72.069412 	21.587032 	99.864906 	83.737686 	110.453613 	17.720045 	16.278820 	58.008621 	29.732138 	17.262676 	72.201111 	78.517517 	61.611687 	104.861816 	
65.000000 	43.737854 	73.409805 	96.005211 	7.211102 	95.854057 	83.186539 	7.071068 	5.099020 	94.371605 	26.400757 	4.123106 	2.828427 	7.615773 	22.671568 	28.319605 	51.156624 	3.162278 	999.000000 	30.413813 	11.313708 	18.439089 	98.883774 	29.068884 	102.883430 	25.000000 	29.206163 	75.604233 	18.601076 	19.416489 	76.026314 	24.596748 	58.523499 	15.231546 	57.688820 	19.723083 	75.179787 	18.439089 	97.349884 	81.055534 	108.046288 	19.697716 	18.027756 	61.032780 	26.570660 	18.973665 	75.292763 	75.742989 	64.637451 	102.342560 	
39.115215 	71.175842 	46.690472 	69.426216 	30.016663 	68.883957 	55.362442 	35.227829 	33.600594 	66.760765 	6.000000 	32.802441 	30.610456 	37.643059 	8.062258 	3.000000 	77.162170 	33.301651 	30.413813 	999.000000 	41.725292 	48.836460 	70.576202 	2.000000 	74.672615 	6.324555 	3.162278 	45.793011 	48.836460 	49.578220 	105.475113 	10.000000 	88.600227 	44.821869 	87.800911 	49.678970 	104.847511 	17.464249 	68.000000 	51.039200 	79.202271 	49.203659 	47.201694 	91.214035 	12.369317 	48.010414 	105.118980 	45.453274 	94.810333 	72.945183 	
75.584389 	35.000000 	84.077347 	106.512909 	14.560220 	106.451866 	94.021271 	9.055386 	9.486833 	105.118980 	37.643059 	9.848858 	11.661903 	5.099020 	33.970577 	39.623226 	43.185646 	8.602325 	11.313708 	41.725292 	999.000000 	7.211102 	109.772491 	40.360870 	113.740936 	36.235340 	40.459858 	86.833176 	7.615773 	8.544003 	65.391129 	35.510563 	47.507893 	6.324555 	46.647614 	9.219544 	64.404968 	28.635643 	108.466583 	92.314682 	119.037811 	10.000000 	9.219544 	49.929951 	37.121422 	10.198039 	64.412735 	87.045967 	53.535034 	113.463654 	
81.884064 	29.274563 	90.426765 	112.698715 	20.591261 	112.712021 	100.498756 	14.764823 	15.811388 	111.507851 	44.598206 	16.401220 	18.439089 	11.401754 	41.012192 	46.669048 	37.854988 	15.556349 	18.439089 	48.836460 	7.211102 	999.000000 	116.284134 	47.507893 	120.220627 	43.416588 	47.634022 	93.723000 	4.242640 	5.000000 	58.309521 	42.720020 	40.311287 	8.246211 	39.446167 	6.403124 	57.271286 	35.777088 	115.208504 	99.247169 	125.642349 	8.485281 	9.433981 	42.720020 	44.294468 	10.000000 	57.245087 	94.069122 	46.324940 	120.208153 	
34.828148 	130.862518 	26.248810 	11.180340 	95.718338 	9.055386 	15.811388 	101.548019 	100.498756 	6.324555 	72.917763 	99.985001 	98.112183 	104.957130 	76.967529 	71.693794 	133.734818 	101.212646 	98.883774 	70.576202 	109.772491 	116.284134 	999.000000 	72.449982 	4.123106 	76.896034 	73.054771 	27.018513 	117.337120 	118.207443 	166.931122 	80.006248 	152.895386 	114.061386 	152.269501 	118.595955 	167.026947 	87.920418 	9.219544 	24.331051 	10.000000 	118.532700 	116.726173 	155.862122 	81.043198 	117.618027 	167.836227 	31.257000 	159.298462 	10.198039 	
41.109608 	70.384659 	48.662102 	71.386276 	29.068884 	70.830788 	57.280014 	34.132095 	32.449963 	68.680420 	6.324555 	31.622776 	29.410883 	36.400551 	7.280110 	3.605551 	76.537575 	32.015621 	29.068884 	2.000000 	40.360870 	47.507893 	72.449982 	999.000000 	76.550636 	4.472136 	1.414214 	47.507893 	47.381432 	48.104053 	104.446159 	8.000000 	87.418533 	43.278172 	86.608315 	48.166378 	103.773796 	15.524175 	69.771057 	52.697250 	81.024689 	47.634022 	45.607018 	90.000000 	10.440307 	46.400433 	104.009613 	47.010635 	93.600212 	74.706093 	
38.600517 	134.469330 	30.000000 	12.165525 	99.644371 	10.440307 	19.723083 	105.475113 	104.446159 	9.219544 	76.967529 	103.942291 	102.083298 	108.908218 	81.024689 	75.769386 	137.207870 	105.190300 	102.883430 	74.672615 	113.740936 	120.220627 	4.123106 	76.550636 	999.000000 	80.993828 	77.162170 	31.064449 	121.313644 	122.188377 	170.531525 	84.118965 	156.646103 	118.072014 	156.028839 	122.588745 	170.660477 	92.027168 	11.661903 	28.160255 	7.280110 	122.543869 	120.747673 	159.624557 	85.164543 	121.642921 	171.493439 	35.128338 	163.049072 	10.816654 	
45.276924 	67.067131 	52.952808 	75.709976 	25.632011 	75.186432 	61.684681 	30.413813 	28.653097 	73.082146 	7.211102 	27.784887 	25.553865 	32.449963 	5.385165 	6.082763 	73.498299 	28.017851 	25.000000 	6.324555 	36.235340 	43.416588 	76.896034 	4.472136 	80.993828 	999.000000 	4.242640 	51.971146 	43.139309 	43.840622 	100.722389 	4.472136 	83.486526 	38.948685 	82.661964 	43.863426 	99.985001 	11.180340 	74.242844 	57.140179 	85.492691 	43.278172 	41.231056 	86.023254 	7.810250 	42.011902 	100.169853 	51.400391 	89.627007 	79.177017 	
42.047592 	70.936592 	49.497475 	72.180328 	29.546574 	71.589104 	57.974133 	34.481880 	32.756680 	69.375786 	7.615773 	31.906113 	29.681644 	36.619667 	8.062258 	5.000000 	77.201035 	32.202484 	29.206163 	3.162278 	40.459858 	47.634022 	73.054771 	1.414214 	77.162170 	4.242640 	999.000000 	47.885281 	47.381432 	48.083260 	104.809349 	7.071068 	87.658424 	43.185646 	86.838928 	48.104053 	104.100914 	14.866069 	70.213959 	53.000000 	81.541397 	47.507893 	45.453274 	90.210861 	9.219544 	46.227695 	104.307236 	47.201694 	93.813644 	75.133217 	
21.000000 	112.004463 	17.464249 	30.675724 	73.593475 	29.120440 	16.124516 	79.309517 	77.987175 	25.495098 	49.203659 	77.336922 	75.286118 	82.328613 	53.009434 	47.434166 	116.211014 	78.243210 	75.604233 	45.793011 	86.833176 	93.723000 	27.018513 	47.507893 	31.064449 	51.971146 	47.885281 	999.000000 	94.201912 	95.000000 	147.756561 	54.561890 	132.245987 	90.443352 	131.529465 	95.210297 	147.512711 	62.609905 	22.472204 	5.830952 	34.205261 	94.868332 	92.913940 	135.059250 	55.154327 	93.744331 	148.070923 	6.403124 	138.600143 	27.313000 	
83.192551 	32.756680 	91.678787 	114.127121 	22.135944 	114.061386 	101.597244 	16.492422 	17.088007 	112.712021 	45.000000 	17.464249 	19.235384 	12.649111 	41.231056 	46.861500 	41.484936 	16.124516 	18.601076 	48.836460 	7.615773 	4.242640 	117.337120 	47.381432 	121.313644 	43.139309 	47.381432 	94.201912 	999.000000 	1.000000 	60.083275 	42.011902 	41.629318 	5.099020 	40.718548 	2.236068 	58.872746 	34.669872 	115.935326 	99.639351 	126.570137 	4.242640 	5.385165 	43.829212 	43.266617 	5.830952 	58.694122 	94.260277 	47.413078 	120.929733 	
84.095184 	32.984844 	92.574295 	115.039124 	23.086792 	114.965210 	102.474388 	17.464249 	18.027756 	113.600174 	45.803928 	18.384777 	20.124611 	13.601471 	42.011902 	47.634022 	41.761227 	17.000000 	19.416489 	49.578220 	8.544003 	5.000000 	118.207443 	48.104053 	122.188377 	43.840622 	48.083260 	95.000000 	1.000000 	999.000000 	59.774578 	42.638012 	41.231056 	5.385165 	40.311287 	1.414214 	58.523499 	35.227829 	116.764717 	100.424103 	127.424484 	3.605551 	5.099020 	43.382023 	43.829212 	5.385165 	58.309521 	95.015785 	46.957428 	121.757957 	
132.230865 	36.069378 	140.730240 	161.074524 	75.471848 	161.616837 	151.327454 	70.327805 	72.069412 	161.375336 	100.404182 	72.945183 	75.179787 	68.425140 	97.416634 	102.927162 	34.481880 	72.897186 	76.026314 	105.475113 	65.391129 	58.309521 	166.931122 	104.446159 	170.531525 	100.722389 	104.809349 	147.756561 	60.083275 	59.774578 	999.000000 	100.623062 	19.104973 	65.145988 	20.099751 	60.440052 	2.828427 	94.021271 	167.657394 	153.525238 	176.799316 	62.096699 	64.288414 	18.027756 	102.459747 	64.031242 	5.000000 	149.201202 	15.297058 	172.586212 	
49.091751 	67.720009 	56.568542 	79.246452 	26.476404 	78.644768 	65.000000 	30.675724 	28.792360 	76.400261 	11.661903 	27.856777 	25.632011 	32.202484 	9.219544 	10.440307 	74.525162 	27.730848 	24.596748 	10.000000 	35.510563 	42.720020 	80.006248 	8.000000 	84.118965 	4.472136 	7.071068 	54.561890 	42.011902 	42.638012 	100.623062 	999.000000 	83.006027 	37.536648 	82.152298 	42.520584 	99.764725 	8.062258 	76.967529 	59.539902 	88.391174 	41.725292 	39.597980 	85.440041 	3.605551 	40.311287 	99.849884 	53.535034 	89.044930 	81.859634 	
118.067780 	24.738634 	126.657021 	147.871567 	58.898216 	148.219437 	137.131317 	53.413483 	55.000000 	147.610977 	83.868942 	55.803226 	58.008621 	51.039200 	80.603973 	86.214851 	28.071337 	55.470715 	58.523499 	88.600227 	47.507893 	40.311287 	152.895386 	87.418533 	156.646103 	83.486526 	87.658424 	132.245987 	41.629318 	41.231056 	19.104973 	83.006027 	999.000000 	46.615448 	1.000000 	41.785164 	17.464249 	76.059189 	152.898666 	137.931137 	162.606888 	43.324360 	45.541191 	3.162278 	84.599052 	45.221676 	17.088007 	133.206604 	6.403124 	157.876541 	
80.230919 	37.483330 	88.639717 	111.233986 	20.099751 	111.085556 	98.386993 	15.033297 	15.033297 	109.590149 	41.340054 	15.132746 	16.492422 	11.045361 	37.443291 	43.011627 	46.097721 	13.341664 	15.231546 	44.821869 	6.324555 	8.246211 	114.061386 	43.278172 	118.072014 	38.948685 	43.185646 	90.443352 	5.099020 	5.385165 	65.145988 	37.536648 	46.615448 	999.000000 	45.694637 	5.000000 	63.906181 	30.000000 	112.361023 	95.801880 	123.166557 	4.472136 	3.000000 	48.754486 	38.600517 	4.000000 	63.694584 	90.271812 	52.325901 	117.345642 	
117.443604 	24.515301 	126.035706 	147.299011 	58.137768 	147.634689 	136.499084 	52.630791 	54.203320 	147.003403 	83.096329 	55.000000 	57.201397 	50.219517 	79.812279 	85.428329 	28.160255 	54.644306 	57.688820 	87.800911 	46.647614 	39.446167 	152.269501 	86.608315 	156.028839 	82.661964 	86.838928 	131.529465 	40.718548 	40.311287 	20.099751 	82.152298 	1.000000 	45.694637 	999.000000 	40.853397 	18.439089 	75.179787 	152.226807 	137.207870 	161.969131 	42.379242 	44.598206 	3.605551 	83.725746 	44.271889 	18.027756 	132.457535 	7.071068 	157.206863 	
84.581322 	34.205261 	93.037628 	115.550858 	23.769728 	115.451286 	102.883430 	18.248287 	18.681541 	114.039467 	46.043457 	18.973665 	20.615528 	14.317822 	42.201897 	47.801674 	43.011627 	17.464249 	19.723083 	49.678970 	9.219544 	6.403124 	118.595955 	48.166378 	122.588745 	43.863426 	48.104053 	95.210297 	2.236068 	1.414214 	60.440052 	42.520584 	41.785164 	5.000000 	40.853397 	999.000000 	59.135437 	35.000000 	117.046997 	100.603180 	127.769325 	2.236068 	4.000000 	43.863426 	43.600460 	4.123106 	58.872746 	95.131485 	47.423622 	122.036880 	
132.276230 	36.235340 	140.801285 	161.335052 	74.886581 	161.839432 	151.380310 	69.641945 	71.344238 	161.523987 	99.864906 	72.201111 	74.431175 	67.601776 	96.798759 	102.342560 	35.341194 	72.069412 	75.179787 	104.847511 	64.404968 	57.271286 	167.026947 	103.773796 	170.660477 	99.985001 	104.100914 	147.512711 	58.872746 	58.523499 	2.828427 	99.764725 	17.464249 	63.906181 	18.439089 	59.135437 	999.000000 	93.037628 	167.597733 	153.264481 	176.867188 	60.728905 	62.936478 	16.031219 	101.518471 	62.641838 	2.236068 	148.838837 	13.038404 	172.539856 	
56.435802 	62.169125 	64.132675 	86.884979 	22.090721 	86.348129 	72.801102 	25.179358 	23.194826 	84.202141 	17.117243 	22.203604 	20.099751 	25.961510 	13.341664 	17.029387 	69.462219 	21.587032 	18.439089 	17.464249 	28.635643 	35.777088 	87.920418 	15.524175 	92.027168 	11.180340 	14.866069 	62.609905 	34.669872 	35.227829 	94.021271 	8.062258 	76.059189 	30.000000 	75.179787 	35.000000 	93.037628 	999.000000 	85.000000 	67.601776 	96.384644 	34.058773 	31.890438 	78.390053 	8.602325 	32.557640 	93.021500 	61.587337 	81.987801 	89.899948 	
35.805027 	131.643463 	27.784887 	19.697716 	94.810333 	17.464249 	17.464249 	100.603180 	99.403221 	13.601471 	71.021126 	98.812958 	96.834908 	103.812332 	74.946648 	69.462219 	135.092560 	99.864906 	97.349884 	68.000000 	108.466583 	115.208504 	9.219544 	69.771057 	11.661903 	74.242844 	70.213959 	22.472204 	115.935326 	116.764717 	167.657394 	76.967529 	152.898666 	112.361023 	152.226807 	117.046997 	167.597733 	85.000000 	999.000000 	18.248287 	12.041595 	116.811813 	114.908661 	155.794739 	77.620872 	115.762688 	168.291412 	25.179358 	159.289047 	5.000000 	
26.172504 	117.800682 	21.377558 	30.016663 	79.208588 	28.178005 	17.029387 	84.899940 	83.546394 	24.166092 	54.671749 	82.879433 	80.808418 	87.863533 	58.412327 	52.801514 	122.036880 	83.737686 	81.055534 	51.039200 	92.314682 	99.247169 	24.331051 	52.697250 	28.160255 	57.140179 	53.000000 	5.830952 	99.639351 	100.424103 	153.525238 	59.539902 	137.931137 	95.801880 	137.207870 	100.603180 	153.264481 	67.601776 	18.248287 	999.000000 	30.265491 	100.209778 	98.229324 	140.730240 	59.933296 	99.045441 	153.808319 	7.000000 	144.277512 	22.803509 	
44.598206 	140.730240 	36.069378 	19.416489 	105.118980 	17.720045 	25.495098 	110.941429 	109.836243 	16.124516 	81.884064 	109.293182 	107.377838 	114.280357 	85.883644 	80.498444 	143.683685 	110.453613 	108.046288 	79.202271 	119.037811 	125.642349 	10.000000 	81.024689 	7.280110 	85.492691 	81.541397 	34.205261 	126.570137 	127.424484 	176.799316 	88.391174 	162.606888 	123.166557 	161.969131 	127.769325 	176.867188 	96.384644 	12.041595 	30.265491 	999.000000 	127.632286 	125.781555 	165.556641 	89.196411 	126.657021 	177.654160 	37.215588 	169.008881 	8.246211 	
84.693565 	36.400551 	93.107468 	115.693558 	24.331051 	115.550858 	102.859123 	19.026299 	19.235384 	114.061386 	45.793011 	19.416489 	20.880613 	15.033297 	41.880783 	47.434166 	45.221676 	17.720045 	19.697716 	49.203659 	10.000000 	8.485281 	118.532700 	47.634022 	122.543869 	43.278172 	47.507893 	94.868332 	4.242640 	3.605551 	62.096699 	41.725292 	43.324360 	4.472136 	42.379242 	2.236068 	60.728905 	34.058773 	116.811813 	100.209778 	127.632286 	999.000000 	2.236068 	45.310043 	42.638012 	2.000000 	60.406952 	94.641426 	48.846699 	121.794907 	
83.006027 	38.078865 	91.389275 	114.017540 	23.086792 	113.846390 	101.079178 	18.027756 	18.027756 	112.307610 	43.908997 	18.110771 	19.416489 	14.035668 	39.962482 	45.486263 	46.840153 	16.278820 	18.027756 	47.201694 	9.219544 	9.433981 	116.726173 	45.607018 	120.747673 	41.231056 	45.453274 	92.913940 	5.385165 	5.099020 	64.288414 	39.597980 	45.541191 	3.000000 	44.598206 	4.000000 	62.936478 	31.890438 	114.908661 	98.229324 	125.781555 	2.236068 	999.000000 	47.539455 	40.459858 	1.000000 	62.625874 	92.617493 	51.078373 	119.887444 	
121.037186 	27.892651 	129.630249 	150.903946 	61.619801 	151.238220 	140.089264 	56.080299 	57.628117 	150.602127 	86.556343 	58.412327 	60.605282 	53.600372 	83.240616 	88.865067 	31.016125 	58.008621 	61.032780 	91.214035 	49.929951 	42.720020 	155.862122 	90.000000 	159.624557 	86.023254 	90.210861 	135.059250 	43.829212 	43.382023 	18.027756 	85.440041 	3.162278 	48.754486 	3.605551 	43.863426 	16.031219 	78.390053 	155.794739 	140.730240 	165.556641 	45.310043 	47.539455 	999.000000 	86.954010 	47.169907 	15.297058 	135.948517 	3.605551 	160.776245 	
51.000000 	70.092796 	58.215118 	80.752708 	29.154760 	80.062477 	66.287254 	32.984844 	31.048349 	77.665955 	15.000000 	30.083218 	27.892651 	34.176014 	12.806249 	13.416408 	77.103828 	29.732138 	26.570660 	12.369317 	37.121422 	44.294468 	81.043198 	10.440307 	85.164543 	7.810250 	9.219544 	55.154327 	43.266617 	43.829212 	102.459747 	3.605551 	84.599052 	38.600517 	83.725746 	43.600460 	101.518471 	8.602325 	77.620872 	59.933296 	89.196411 	42.638012 	40.459858 	86.954010 	999.000000 	41.109608 	101.533249 	53.712196 	90.553848 	82.462112 	
83.934502 	38.327538 	92.309265 	114.947815 	24.083189 	114.769333 	101.980392 	19.026299 	19.026299 	113.216606 	44.777225 	19.104973 	20.396078 	15.033297 	40.816662 	46.324940 	47.127487 	17.262676 	18.973665 	48.010414 	10.198039 	10.000000 	117.618027 	46.400433 	121.642921 	42.011902 	46.227695 	93.744331 	5.830952 	5.385165 	64.031242 	40.311287 	45.221676 	4.000000 	44.271889 	4.123106 	62.641838 	32.557640 	115.762688 	99.045441 	126.657021 	2.000000 	1.000000 	47.169907 	41.109608 	999.000000 	62.297672 	93.407707 	50.695168 	120.739388 	
133.056381 	37.202152 	141.598022 	162.265213 	75.213028 	162.742126 	152.161102 	69.892776 	71.561165 	162.373032 	100.209778 	72.401657 	74.625732 	67.742157 	97.082436 	102.649887 	36.769554 	72.201111 	75.292763 	105.118980 	64.412735 	57.245087 	167.836227 	104.009613 	171.493439 	100.169853 	104.307236 	148.070923 	58.694122 	58.309521 	5.000000 	99.849884 	17.088007 	63.694584 	18.027756 	58.872746 	2.236068 	93.021500 	168.291412 	153.808319 	177.654160 	60.406952 	62.625874 	15.297058 	101.533249 	62.297672 	999.000000 	149.305054 	12.041595 	173.242599 	
26.305893 	113.718948 	23.706539 	36.249138 	74.330345 	34.539833 	22.203604 	79.931221 	78.492035 	30.675724 	49.497475 	77.781746 	75.663727 	82.734512 	53.075417 	47.423622 	118.338501 	78.517517 	75.742989 	45.453274 	87.045967 	94.069122 	31.257000 	47.010635 	35.128338 	51.400391 	47.201694 	6.403124 	94.260277 	95.015785 	149.201202 	53.535034 	133.206604 	90.271812 	132.457535 	95.131485 	148.838837 	61.587337 	25.179358 	7.000000 	37.215588 	94.641426 	92.617493 	135.948517 	53.712196 	93.407707 	149.305054 	999.000000 	139.517029 	29.614185 	
124.470879 	30.675724 	133.060135 	154.262756 	65.192024 	154.615646 	143.533966 	59.665737 	61.220913 	154.012985 	90.138779 	62.008064 	64.202805 	57.201397 	86.833176 	92.455391 	33.060551 	61.611687 	64.637451 	94.810333 	53.535034 	46.324940 	159.298462 	93.600212 	163.049072 	89.627007 	93.813644 	138.600143 	47.413078 	46.957428 	15.297058 	89.044930 	6.403124 	52.325901 	7.071068 	47.423622 	13.038404 	81.987801 	159.289047 	144.277512 	169.008881 	48.846699 	51.078373 	3.605551 	90.553848 	50.695168 	12.041595 	139.517029 	999.000000 	164.268066 	
40.607880 	136.561340 	32.449963 	21.377558 	99.809822 	19.235384 	21.954498 	105.603027 	104.403069 	16.000000 	76.006577 	103.812332 	101.833199 	108.811768 	79.924965 	74.431175 	139.946411 	104.861816 	102.342560 	72.945183 	113.463654 	120.208153 	10.198039 	74.706093 	10.816654 	79.177017 	75.133217 	27.313000 	120.929733 	121.757957 	172.586212 	81.859634 	157.876541 	117.345642 	157.206863 	122.036880 	172.539856 	89.899948 	5.000000 	22.803509 	8.246211 	121.794907 	119.887444 	160.776245 	82.462112 	120.739388 	173.242599 	29.614185 	164.268066 	999.000000 	

Travel time:
9.000000 	2.404163 	0.215058 	0.775403 	1.532359 	0.771767 	0.477624 	1.677982 	1.654728 	0.742041 	1.000625 	1.643548 	1.599414 	1.766529 	1.103687 	0.986471 	2.483948 	1.677982 	1.625000 	0.977880 	1.889610 	2.047101 	0.870704 	1.027740 	0.965013 	1.131923 	1.051190 	0.525000 	2.079814 	2.102380 	3.305772 	1.227294 	2.951694 	2.005773 	2.936090 	2.114533 	3.306906 	1.410895 	0.895126 	0.654313 	1.114955 	2.117339 	2.075151 	3.025930 	1.275000 	2.098362 	3.326410 	0.657647 	3.111772 	1.015197 	
2.404163 	9.000000 	2.616534 	3.127499 	1.035918 	3.140163 	2.881514 	0.927699 	0.976281 	3.132990 	1.643548 	1.000625 	1.055047 	0.908639 	1.578963 	1.711177 	0.223607 	1.015197 	1.093446 	1.779396 	0.875000 	0.731864 	3.271563 	1.759616 	3.361733 	1.676678 	1.773415 	2.800112 	0.818917 	0.824621 	0.901734 	1.693000 	0.618466 	0.937083 	0.612882 	0.855132 	0.905883 	1.554228 	3.291087 	2.945017 	3.518256 	0.910014 	0.951972 	0.697316 	1.752320 	0.958188 	0.930054 	2.842974 	0.766893 	3.414033 	
0.215058 	2.616534 	9.000000 	0.570088 	1.745888 	0.561805 	0.265754 	1.891593 	1.867652 	0.527376 	1.202081 	1.856071 	1.811249 	1.979425 	1.305038 	1.182423 	2.692814 	1.889610 	1.835245 	1.167262 	2.101934 	2.260669 	0.656220 	1.216552 	0.750000 	1.323820 	1.237437 	0.436606 	2.291970 	2.314357 	3.518256 	1.414214 	3.166425 	2.215993 	3.150893 	2.325941 	3.520032 	1.603317 	0.694622 	0.534439 	0.901734 	2.327687 	2.284732 	3.240756 	1.455378 	2.307732 	3.539951 	0.592663 	3.326503 	0.811249 	
0.775403 	3.127499 	0.570088 	9.000000 	2.303394 	0.055902 	0.378319 	2.448596 	2.427061 	0.160078 	1.772004 	2.416609 	2.373420 	2.538824 	1.875000 	1.752320 	3.183748 	2.452167 	2.400130 	1.735655 	2.662823 	2.817468 	0.279509 	1.784657 	0.304138 	1.892749 	1.804508 	0.766893 	2.853178 	2.875978 	4.026863 	1.981161 	3.696789 	2.780850 	3.682475 	2.888772 	4.033376 	2.172124 	0.492443 	0.750417 	0.485412 	2.892339 	2.850439 	3.772599 	2.018818 	2.873695 	4.056630 	0.906228 	3.856569 	0.534439 	
1.532359 	1.035918 	1.745888 	2.303394 	9.000000 	2.303258 	1.998124 	0.145774 	0.127475 	2.272938 	0.625000 	0.125000 	0.111803 	0.237171 	0.548862 	0.686477 	1.201301 	0.176777 	0.180278 	0.750417 	0.364006 	0.514782 	2.392958 	0.726722 	2.491109 	0.640800 	0.738664 	1.839837 	0.553399 	0.577170 	1.886796 	0.661910 	1.472455 	0.502494 	1.453444 	0.594243 	1.872164 	0.552268 	2.370258 	1.980215 	2.627975 	0.608276 	0.577170 	1.540495 	0.728869 	0.602080 	1.880326 	1.858259 	1.629801 	2.495245 	
0.771767 	3.140163 	0.561805 	0.055902 	2.303258 	9.000000 	0.350000 	2.448724 	2.426159 	0.106066 	1.762987 	2.415186 	2.371181 	2.537962 	1.865811 	1.741049 	3.200098 	2.449745 	2.396351 	1.722099 	2.661297 	2.817801 	0.226385 	1.770770 	0.261008 	1.879661 	1.789728 	0.728011 	2.851535 	2.874130 	4.040421 	1.966119 	3.705486 	2.777139 	3.690867 	2.886282 	4.045986 	2.158703 	0.436606 	0.704450 	0.443001 	2.888772 	2.846160 	3.780956 	2.001562 	2.869233 	4.068553 	0.863496 	3.865391 	0.480885 	
0.477624 	2.881514 	0.265754 	0.378319 	1.998124 	0.350000 	9.000000 	2.143887 	2.118077 	0.285044 	1.434617 	2.105499 	2.059126 	2.229630 	1.536636 	1.407569 	2.958568 	2.136878 	2.079664 	1.384061 	2.350532 	2.512469 	0.395285 	1.432000 	0.493077 	1.542117 	1.449353 	0.403113 	2.539931 	2.561860 	3.783186 	1.625000 	3.428283 	2.459675 	3.412477 	2.572086 	3.784508 	1.820028 	0.436606 	0.425735 	0.637377 	2.571478 	2.526979 	3.502232 	1.657181 	2.549510 	3.804028 	0.555090 	3.588349 	0.548862 	
1.677982 	0.927699 	1.891593 	2.448596 	0.145774 	2.448724 	2.143887 	9.000000 	0.050000 	2.418677 	0.761988 	0.075000 	0.127475 	0.100000 	0.680074 	0.820061 	1.107080 	0.111803 	0.176777 	0.880696 	0.226385 	0.369121 	2.538701 	0.853302 	2.636878 	0.760345 	0.862047 	1.982738 	0.412311 	0.436606 	1.758195 	0.766893 	1.335337 	0.375832 	1.315770 	0.456207 	1.741049 	0.629484 	2.515079 	2.122499 	2.773536 	0.475657 	0.450694 	1.402007 	0.824621 	0.475657 	1.747319 	1.998281 	1.491643 	2.640076 	
1.654728 	0.976281 	1.867652 	2.427061 	0.127475 	2.426159 	2.118077 	0.050000 	9.000000 	2.394264 	0.725000 	0.025000 	0.079057 	0.111803 	0.640312 	0.781025 	1.156774 	0.070711 	0.127475 	0.840015 	0.237171 	0.395285 	2.512469 	0.811249 	2.611154 	0.716327 	0.818917 	1.949679 	0.427200 	0.450694 	1.801735 	0.719809 	1.375000 	0.375832 	1.355083 	0.467039 	1.783606 	0.579871 	2.485080 	2.088660 	2.745906 	0.480885 	0.450694 	1.440703 	0.776209 	0.475657 	1.789029 	1.962301 	1.530523 	2.610077 	
0.742041 	3.132990 	0.527376 	0.160078 	2.272938 	0.106066 	0.285044 	2.418677 	2.394264 	9.000000 	1.717738 	2.382357 	2.336932 	2.505993 	1.820028 	1.691892 	3.200098 	2.415057 	2.359290 	1.669019 	2.627975 	2.787696 	0.158114 	1.717010 	0.230489 	1.827054 	1.734395 	0.637377 	2.817801 	2.840004 	4.034383 	1.910007 	3.690274 	2.739754 	3.675085 	2.850987 	4.038100 	2.105053 	0.340037 	0.604152 	0.403113 	2.851535 	2.807690 	3.765053 	1.941649 	2.830415 	4.059326 	0.766893 	3.850325 	0.400000 	
1.000625 	1.643548 	1.202081 	1.772004 	0.625000 	1.762987 	1.434617 	0.761988 	0.725000 	1.717738 	9.000000 	0.707107 	0.654313 	0.831038 	0.103078 	0.075000 	1.787806 	0.726722 	0.660019 	0.150000 	0.941076 	1.114955 	1.822944 	0.158114 	1.924188 	0.180278 	0.190394 	1.230091 	1.125000 	1.145098 	2.510105 	0.291548 	2.096724 	1.033501 	2.077408 	1.151086 	2.496623 	0.427931 	1.775528 	1.366794 	2.047101 	1.144825 	1.097725 	2.163908 	0.375000 	1.119431 	2.505244 	1.237437 	2.253469 	1.900164 	
1.643548 	1.000625 	1.856071 	2.416609 	0.125000 	2.415186 	2.105499 	0.075000 	0.025000 	2.382357 	0.707107 	9.000000 	0.055902 	0.125000 	0.620987 	0.761988 	1.181630 	0.055902 	0.103078 	0.820061 	0.246221 	0.410031 	2.499625 	0.790569 	2.598557 	0.694622 	0.797653 	1.933423 	0.436606 	0.459619 	1.823630 	0.696419 	1.395081 	0.378319 	1.375000 	0.474342 	1.805028 	0.555090 	2.470324 	2.071986 	2.732330 	0.485412 	0.452769 	1.460308 	0.752080 	0.477624 	1.810041 	1.944544 	1.550202 	2.595308 	
1.599414 	1.055047 	1.811249 	2.373420 	0.111803 	2.371181 	2.059126 	0.127475 	0.079057 	2.336932 	0.654313 	0.055902 	9.000000 	0.176777 	0.566789 	0.707990 	1.234150 	0.079057 	0.070711 	0.765261 	0.291548 	0.460977 	2.452805 	0.735272 	2.552083 	0.638847 	0.742041 	1.882153 	0.480885 	0.503115 	1.879495 	0.640800 	1.450216 	0.412311 	1.430035 	0.515388 	1.860779 	0.502494 	2.420873 	2.020211 	2.684446 	0.522015 	0.485412 	1.515132 	0.697316 	0.509902 	1.865643 	1.891593 	1.605070 	2.545830 	
1.766529 	0.908639 	1.979425 	2.538824 	0.237171 	2.537962 	2.229630 	0.100000 	0.111803 	2.505993 	0.831038 	0.125000 	0.176777 	9.000000 	0.743303 	0.884590 	1.100284 	0.111803 	0.190394 	0.941076 	0.127475 	0.285044 	2.623928 	0.910014 	2.722705 	0.811249 	0.915492 	2.058215 	0.316228 	0.340037 	1.710629 	0.805062 	1.275980 	0.276134 	1.255488 	0.357946 	1.690044 	0.649038 	2.595308 	2.196588 	2.857009 	0.375832 	0.350892 	1.340009 	0.854400 	0.375832 	1.693554 	2.068363 	1.430035 	2.720294 	
1.103687 	1.578963 	1.305038 	1.875000 	0.548862 	1.865811 	1.536636 	0.680074 	0.640312 	1.820028 	0.103078 	0.620987 	0.566789 	0.743303 	9.000000 	0.141421 	1.731509 	0.636396 	0.566789 	0.201556 	0.849264 	1.025305 	1.924188 	0.182003 	2.025617 	0.134629 	0.201556 	1.325236 	1.030776 	1.050297 	2.435416 	0.230489 	2.015099 	0.936082 	1.995307 	1.055047 	2.419969 	0.333542 	1.873666 	1.460308 	2.147091 	1.047020 	0.999062 	2.081015 	0.320156 	1.020416 	2.427061 	1.326885 	2.170829 	1.998124 	
0.986471 	1.711177 	1.182423 	1.752320 	0.686477 	1.741049 	1.407569 	0.820061 	0.781025 	1.691892 	0.075000 	0.761988 	0.707990 	0.884590 	0.141421 	9.000000 	1.858259 	0.777817 	0.707990 	0.075000 	0.990581 	1.166726 	1.792345 	0.090139 	1.894235 	0.152069 	0.125000 	1.185854 	1.171538 	1.190850 	2.573179 	0.261008 	2.155371 	1.075291 	2.135708 	1.195042 	2.558564 	0.425735 	1.736555 	1.320038 	2.012461 	1.185854 	1.137157 	2.221627 	0.335410 	1.158123 	2.566247 	1.185591 	2.311385 	1.860779 	
2.483948 	0.223607 	2.692814 	3.183748 	1.201301 	3.200098 	2.958568 	1.107080 	1.156774 	3.200098 	1.787806 	1.181630 	1.234150 	1.100284 	1.731509 	1.858259 	9.000000 	1.202341 	1.278916 	1.929054 	1.079641 	0.946375 	3.343370 	1.913439 	3.430197 	1.837457 	1.930026 	2.905275 	1.037123 	1.044031 	0.862047 	1.863129 	0.701783 	1.152443 	0.704006 	1.075291 	0.883530 	1.736555 	3.377314 	3.050922 	3.592092 	1.130542 	1.171004 	0.775403 	1.927596 	1.178187 	0.919239 	2.958462 	0.826514 	3.498660 	
1.677982 	1.015197 	1.889610 	2.452167 	0.176777 	2.449745 	2.136878 	0.111803 	0.070711 	2.415057 	0.726722 	0.055902 	0.079057 	0.111803 	0.636396 	0.777817 	1.202341 	9.000000 	0.079057 	0.832541 	0.215058 	0.388909 	2.530316 	0.800391 	2.629757 	0.700446 	0.805062 	1.956080 	0.403113 	0.425000 	1.822430 	0.693271 	1.386768 	0.333542 	1.366108 	0.436606 	1.801735 	0.539676 	2.496623 	2.093442 	2.761340 	0.443001 	0.406971 	1.450216 	0.743303 	0.431567 	1.805028 	1.962938 	1.540292 	2.621545 	
1.625000 	1.093446 	1.835245 	2.400130 	0.180278 	2.396351 	2.079664 	0.176777 	0.127475 	2.359290 	0.660019 	0.103078 	0.070711 	0.190394 	0.566789 	0.707990 	1.278916 	0.079057 	9.000000 	0.760345 	0.282843 	0.460977 	2.472094 	0.726722 	2.572086 	0.625000 	0.730154 	1.890106 	0.465027 	0.485412 	1.900658 	0.614919 	1.463087 	0.380789 	1.442220 	0.493077 	1.879495 	0.460977 	2.433747 	2.026388 	2.701157 	0.492443 	0.450694 	1.525820 	0.664266 	0.474342 	1.882319 	1.893575 	1.615936 	2.558564 	
0.977880 	1.779396 	1.167262 	1.735655 	0.750417 	1.722099 	1.384061 	0.880696 	0.840015 	1.669019 	0.150000 	0.820061 	0.765261 	0.941076 	0.201556 	0.075000 	1.929054 	0.832541 	0.760345 	9.000000 	1.043132 	1.220912 	1.764405 	0.050000 	1.866815 	0.158114 	0.079057 	1.144825 	1.220912 	1.239455 	2.636878 	0.250000 	2.215006 	1.120547 	2.195023 	1.241974 	2.621188 	0.436606 	1.700000 	1.275980 	1.980057 	1.230091 	1.180042 	2.280351 	0.309233 	1.200260 	2.627975 	1.136332 	2.370258 	1.823630 	
1.889610 	0.875000 	2.101934 	2.662823 	0.364006 	2.661297 	2.350532 	0.226385 	0.237171 	2.627975 	0.941076 	0.246221 	0.291548 	0.127475 	0.849264 	0.990581 	1.079641 	0.215058 	0.282843 	1.043132 	9.000000 	0.180278 	2.744312 	1.009022 	2.843524 	0.905883 	1.011496 	2.170829 	0.190394 	0.213600 	1.634778 	0.887764 	1.187697 	0.158114 	1.166190 	0.230489 	1.610124 	0.715891 	2.711665 	2.307867 	2.975945 	0.250000 	0.230489 	1.248249 	0.928036 	0.254951 	1.610318 	2.176149 	1.338376 	2.836591 	
2.047101 	0.731864 	2.260669 	2.817468 	0.514782 	2.817801 	2.512469 	0.369121 	0.395285 	2.787696 	1.114955 	0.410031 	0.460977 	0.285044 	1.025305 	1.166726 	0.946375 	0.388909 	0.460977 	1.220912 	0.180278 	9.000000 	2.907103 	1.187697 	3.005516 	1.085415 	1.190850 	2.343075 	0.106066 	0.125000 	1.457738 	1.068001 	1.007782 	0.206155 	0.986154 	0.160078 	1.431782 	0.894427 	2.880213 	2.481179 	3.141059 	0.212132 	0.235850 	1.068001 	1.107362 	0.250000 	1.431127 	2.351728 	1.158123 	3.005204 	
0.870704 	3.271563 	0.656220 	0.279509 	2.392958 	0.226385 	0.395285 	2.538701 	2.512469 	0.158114 	1.822944 	2.499625 	2.452805 	2.623928 	1.924188 	1.792345 	3.343370 	2.530316 	2.472094 	1.764405 	2.744312 	2.907103 	9.000000 	1.811249 	0.103078 	1.922401 	1.826369 	0.675463 	2.933428 	2.955186 	4.173278 	2.000156 	3.822385 	2.851535 	3.806737 	2.964899 	4.175673 	2.198010 	0.230489 	0.608276 	0.250000 	2.963317 	2.918154 	3.896553 	2.026080 	2.940451 	4.195906 	0.781425 	3.982461 	0.254951 	
1.027740 	1.759616 	1.216552 	1.784657 	0.726722 	1.770770 	1.432000 	0.853302 	0.811249 	1.717010 	0.158114 	0.790569 	0.735272 	0.910014 	0.182003 	0.090139 	1.913439 	0.800391 	0.726722 	0.050000 	1.009022 	1.187697 	1.811249 	9.000000 	1.913766 	0.111803 	0.035355 	1.187697 	1.184536 	1.202601 	2.611154 	0.200000 	2.185463 	1.081954 	2.165208 	1.204159 	2.594345 	0.388104 	1.744276 	1.317431 	2.025617 	1.190850 	1.140175 	2.250000 	0.261008 	1.160011 	2.600240 	1.175266 	2.340005 	1.867652 	
