UB = 920
M = 90

Distance:
999.000000 	51.662365 	61.131008 	67.186310 	108.673820 	140.000000 	86.330757 	134.792435 	158.619034 	8.062258 	20.396078 	111.359779 	31.257000 	31.622776 	90.210861 	100.498756 	65.924202 	38.118237 	12.806249 	115.831772 	73.348480 	152.433594 	19.416489 	127.534309 	119.866592 	106.625511 	22.022715 	90.708321 	16.278820 	90.470993 	52.239830 	87.863533 	123.482796 	60.033325 	114.947815 	22.203604 	19.026299 	67.007462 	64.007812 	79.404030 	117.745491 	78.230431 	162.800491 	106.042442 	122.930878 	75.006668 	172.104614 	120.813904 	61.983868 	109.142113 	131.848404 	122.380554 	128.160049 	119.251831 	101.434708 	102.591423 	134.629120 	136.014709 	75.927597 	129.282639 	123.761871 	113.863953 	121.655251 	119.218285 	135.591293 	135.944839 	
51.662365 	999.000000 	9.486833 	15.524175 	59.203041 	94.260277 	34.928497 	87.681244 	115.208504 	46.238514 	34.481880 	61.611687 	25.495098 	20.223749 	43.416588 	53.075417 	15.132746 	20.000000 	47.885281 	66.030296 	22.022715 	107.056061 	41.617306 	78.409180 	69.892776 	55.461697 	42.638012 	39.051247 	60.415230 	38.832977 	18.110771 	36.345562 	73.246162 	18.027756 	63.953106 	48.270073 	58.523499 	20.808653 	19.798990 	29.427877 	66.640831 	28.861740 	116.726173 	54.405884 	72.006943 	27.730848 	126.810883 	69.462219 	26.400757 	57.489128 	80.950600 	70.936592 	76.967529 	67.675697 	50.159744 	51.244511 	83.630135 	84.693565 	38.418747 	77.620872 	72.180328 	63.007935 	70.349129 	68.117546 	83.952370 	85.052925 	
61.131008 	9.486833 	999.000000 	6.082763 	50.328918 	86.214851 	25.495098 	79.309517 	107.615051 	55.713554 	43.829212 	52.630791 	34.409302 	29.614185 	35.846897 	45.000000 	7.810250 	28.319605 	57.245087 	57.008770 	13.152946 	99.020203 	50.774010 	69.526970 	60.802959 	46.065170 	51.613953 	29.614185 	69.771057 	29.427877 	22.135944 	27.073973 	64.070274 	18.027756 	54.589375 	57.201397 	67.742157 	17.000000 	17.720045 	21.540659 	57.245087 	21.470911 	108.466583 	44.922153 	62.649822 	21.931713 	118.697090 	60.008331 	27.073973 	48.052055 	71.589104 	61.465439 	67.542580 	58.189346 	41.012192 	42.047592 	74.242844 	75.239616 	36.249138 	68.154236 	62.801273 	54.037025 	61.131008 	59.008472 	74.525162 	76.000000 	
67.186310 	15.524175 	6.082763 	999.000000 	45.254833 	81.841309 	19.723083 	74.652527 	103.585716 	61.684681 	49.658836 	47.423622 	39.962482 	35.693138 	32.310989 	40.816662 	6.000000 	33.600594 	63.071388 	51.739735 	7.615773 	94.625580 	56.435802 	64.381676 	55.443665 	40.311287 	57.140179 	23.537205 	75.584389 	23.345236 	25.553865 	21.023796 	58.600342 	19.646883 	48.877399 	62.681736 	73.430237 	16.124516 	18.027756 	16.643316 	51.478149 	17.029387 	103.855667 	38.897301 	56.938564 	18.867962 	114.201576 	54.129475 	28.284271 	41.976185 	65.863495 	55.542778 	61.717098 	52.201534 	35.000000 	36.013885 	68.476273 	69.354164 	35.171009 	62.096699 	56.718605 	48.093658 	55.081757 	53.000000 	68.447060 	70.007141 	
108.673820 	59.203041 	50.328918 	45.254833 	999.000000 	38.078865 	26.627054 	30.016663 	60.745369 	104.446159 	93.477272 	3.000000 	84.646324 	77.524193 	20.099751 	11.401754 	49.678970 	78.644768 	106.780151 	7.280110 	43.011627 	50.537113 	100.801788 	19.209373 	11.401754 	12.369317 	101.828285 	28.460499 	119.268608 	29.410883 	70.292244 	32.893768 	15.297058 	63.007935 	12.206555 	107.447662 	117.643532 	56.603886 	59.908264 	44.777225 	14.764823 	47.010635 	59.076221 	20.615528 	17.262676 	52.801514 	69.641945 	19.235384 	69.971420 	24.698177 	25.019993 	21.470911 	23.345236 	22.022715 	32.140316 	31.257000 	28.017851 	31.144823 	69.892776 	32.249031 	33.241539 	38.483765 	37.013512 	38.275318 	39.357338 	50.328918 	
140.000000 	94.260277 	86.214851 	81.841309 	38.078865 	999.000000 	64.412735 	9.000000 	22.803509 	137.000000 	127.310646 	37.000000 	119.603508 	110.453613 	50.931328 	41.231056 	86.821655 	114.214706 	140.185593 	33.955853 	80.622574 	12.806249 	135.059250 	23.000000 	32.249031 	48.507732 	136.488098 	66.483078 	152.397507 	67.416618 	107.335922 	70.936592 	32.000000 	100.498756 	42.296574 	142.144287 	151.426544 	94.413979 	97.616600 	82.855293 	42.047592 	85.088188 	22.803509 	55.901699 	38.052597 	90.873535 	32.557640 	44.045429 	107.823929 	58.309521 	35.440090 	45.177429 	39.812057 	49.040798 	68.066147 	66.910385 	36.400551 	41.231056 	107.912003 	52.630791 	58.694122 	70.007141 	64.498062 	67.268120 	56.648037 	71.784401 	
86.330757 	34.928497 	25.495098 	19.723083 	26.627054 	64.412735 	999.000000 	56.603886 	86.815895 	81.154175 	69.318108 	28.425341 	59.682495 	54.708317 	20.615528 	25.317978 	23.345236 	53.254108 	82.734512 	32.557640 	16.401220 	77.025970 	76.157730 	45.343136 	36.069378 	20.591261 	76.850502 	7.810250 	95.257545 	8.485281 	43.863426 	9.848858 	39.051247 	36.400551 	29.154760 	82.377182 	93.150414 	30.016663 	33.286633 	19.235384 	31.764761 	21.377558 	85.702972 	20.099751 	37.215588 	26.925823 	96.254868 	34.539833 	43.416588 	24.020824 	46.141087 	36.055511 	42.047592 	32.984844 	20.591261 	21.023796 	48.764740 	49.769470 	44.721359 	43.416588 	39.012817 	33.615471 	38.639359 	37.363083 	50.159744 	54.129475 	
134.792435 	87.681244 	79.309517 	74.652527 	30.016663 	9.000000 	56.603886 	999.000000 	31.575306 	131.400146 	121.264175 	28.635643 	113.145920 	104.637466 	44.821869 	34.713108 	79.404030 	107.517441 	134.316788 	25.298222 	72.945183 	20.615528 	128.887543 	14.000000 	23.345236 	39.849716 	130.176804 	58.180752 	146.649246 	59.093147 	100.000000 	62.649822 	23.000000 	92.913940 	33.376640 	135.830780 	145.454468 	86.608315 	89.888817 	74.686012 	33.060551 	76.922035 	29.206163 	47.074409 	29.068884 	82.734512 	39.661064 	35.057095 	99.985001 	49.365982 	26.925823 	36.221542 	31.048349 	40.049969 	59.228371 	58.051701 	28.178005 	33.120991 	99.538940 	43.965897 	49.819675 	61.008198 	55.578773 	58.309521 	48.332184 	63.324562 	
158.619034 	115.208504 	107.615051 	103.585716 	60.745369 	22.803509 	86.815895 	31.575306 	999.000000 	156.272202 	147.322769 	59.774578 	140.246216 	130.230560 	71.847061 	62.769421 	108.784187 	135.207245 	159.862442 	56.753853 	102.859123 	12.165525 	155.219193 	45.398239 	54.918121 	71.309189 	156.847061 	89.196411 	171.828400 	90.138779 	129.139465 	93.637596 	54.332310 	122.588745 	64.938431 	162.483841 	171.213318 	116.730461 	119.854080 	105.475113 	64.498062 	107.703293 	14.422205 	78.644768 	60.133186 	113.463654 	16.124516 	66.121101 	130.146072 	80.894997 	56.142673 	67.029846 	61.032780 	71.112587 	90.801979 	89.627007 	56.435802 	60.827625 	130.633072 	73.334846 	80.056229 	92.135773 	86.023254 	89.000000 	76.295479 	91.591484 	
8.062258 	46.238514 	55.713554 	61.684681 	104.446159 	137.000000 	81.154175 	131.400146 	156.272202 	999.000000 	13.000000 	107.042046 	24.000000 	26.925823 	86.608315 	96.834908 	59.908264 	31.016125 	6.082763 	111.507851 	67.446274 	149.576065 	11.401754 	123.490891 	115.485931 	101.636604 	14.142136 	85.070557 	15.620500 	84.770279 	45.011108 	82.006096 	119.000000 	53.037724 	110.072701 	15.231546 	16.155495 	60.207973 	57.078892 	72.993149 	112.805145 	71.700768 	159.790482 	100.568382 	118.105888 	68.183578 	169.331039 	115.693558 	54.451813 	103.445641 	127.047234 	117.175079 	123.166557 	113.885910 	95.341492 	96.540146 	129.769028 	130.923645 	68.249542 	123.664871 	117.881294 	107.517441 	115.520561 	112.969025 	129.807556 	129.553085 	
20.396078 	34.481880 	43.829212 	49.658836 	93.477272 	127.310646 	69.318108 	121.264175 	147.322769 	13.000000 	999.000000 	95.963531 	11.000000 	17.204651 	76.485291 	86.556343 	47.434166 	18.027756 	13.416408 	100.404182 	55.027267 	140.014282 	8.062258 	112.645462 	104.307236 	89.894379 	10.440307 	72.801102 	25.942244 	72.449982 	32.015621 	69.570107 	107.703293 	40.049969 	98.412399 	15.652476 	24.207438 	47.265209 	44.102154 	60.207973 	101.074226 	58.855755 	150.013336 	88.391174 	106.470650 	55.226807 	159.812393 	103.788246 	41.593269 	91.082382 	115.412308 	105.190300 	111.359779 	101.769348 	82.710335 	83.934502 	118.072014 	119.012604 	55.542778 	111.328346 	105.361282 	94.725922 	102.839684 	100.224747 	117.341385 	116.726173 	
111.359779 	61.611687 	52.630791 	47.423622 	3.000000 	37.000000 	28.425341 	28.635643 	59.774578 	107.042046 	95.963531 	999.000000 	87.005745 	80.131142 	23.086792 	14.317822 	51.662365 	80.919716 	109.293182 	4.472136 	44.821869 	49.244289 	103.227905 	16.970562 	8.544003 	12.000000 	104.201729 	29.546574 	121.794907 	30.463093 	72.249565 	34.014702 	12.369317 	64.815125 	9.899495 	109.808922 	120.104118 	58.249462 	61.611687 	46.065170 	12.206555 	48.301140 	57.454330 	20.099751 	14.317822 	54.120235 	68.095520 	16.643316 	71.561165 	23.769728 	22.022715 	18.867962 	20.396078 	19.798990 	32.000000 	31.016125 	25.019993 	28.160255 	70.936592 	29.681644 	31.144823 	37.336308 	35.227829 	36.715118 	36.715118 	48.104053 	
31.257000 	25.495098 	34.409302 	39.962482 	84.646324 	119.603508 	59.682495 	113.145920 	140.246216 	24.000000 	11.000000 	87.005745 	999.000000 	14.035668 	68.680420 	78.492035 	37.161808 	7.071068 	23.769728 	91.400215 	44.777225 	132.382019 	16.552946 	103.855667 	95.210297 	80.262070 	17.204651 	62.649822 	36.055511 	62.241467 	21.023796 	59.236813 	98.473343 	29.068884 	88.836929 	22.803509 	33.541019 	36.345562 	33.136082 	49.477268 	91.416626 	48.052055 	142.144287 	78.294319 	96.896851 	44.283180 	152.161102 	93.941475 	30.805843 	80.777473 	105.815880 	95.257545 	101.597244 	91.706055 	72.124893 	73.375748 	108.406639 	109.128365 	44.922153 	101.019798 	94.868332 	83.952370 	92.179176 	89.498604 	106.892471 	105.905617 	
31.622776 	20.223749 	29.614185 	35.693138 	77.524193 	110.453613 	54.708317 	104.637466 	130.230560 	26.925823 	17.204651 	80.131142 	14.035668 	999.000000 	59.816387 	70.000000 	35.014282 	15.264338 	29.732138 	84.599052 	42.190044 	123.109711 	25.238859 	96.566040 	88.588936 	75.026665 	27.294687 	59.228371 	42.011902 	59.033890 	26.627054 	56.568542 	92.130341 	32.310989 	83.384651 	32.756680 	41.012192 	38.078865 	35.735138 	49.040798 	86.162636 	48.166378 	133.206604 	74.464760 	91.389275 	45.891174 	142.898560 	89.196411 	37.443291 	77.665955 	100.319489 	90.757919 	96.566040 	87.641312 	70.349129 	71.449280 	103.077644 	104.403069 	51.623638 	97.744568 	92.395889 	83.096329 	90.553848 	88.277969 	104.139328 	105.171288 	
90.210861 	43.416588 	35.846897 	32.310989 	20.099751 	50.931328 	20.615528 	44.821869 	71.847061 	86.608315 	76.485291 	23.086792 	68.680420 	59.816387 	999.000000 	10.295630 	37.947330 	63.411354 	89.498604 	27.294687 	33.376640 	63.702435 	84.172440 	37.696156 	31.400637 	25.079872 	85.562843 	27.313000 	101.828285 	28.231188 	57.697487 	30.364452 	35.355339 	51.865211 	30.413813 	91.219513 	100.657837 	47.074409 	49.729267 	39.051247 	33.376640 	41.012192 	73.552704 	30.805843 	37.013512 	46.043457 	83.486526 	37.656342 	60.166435 	35.805027 	45.099888 	39.812057 	43.046486 	38.897301 	37.802116 	37.643059 	48.093658 	51.009804 	64.070274 	50.000000 	48.754486 	48.836460 	50.774010 	50.803543 	57.280014 	65.764732 	
100.498756 	53.075417 	45.000000 	40.816662 	11.401754 	41.231056 	25.317978 	34.713108 	62.769421 	96.834908 	86.556343 	14.317822 	78.492035 	70.000000 	10.295630 	999.000000 	46.065170 	73.000000 	99.639351 	18.027756 	40.496914 	54.037025 	94.175369 	27.513634 	22.000000 	20.518284 	95.482986 	30.066593 	112.004463 	31.064449 	66.370171 	34.000000 	26.000000 	59.933296 	23.259407 	101.138519 	110.751976 	54.424259 	57.384666 	44.553337 	26.000000 	46.690472 	63.655323 	28.017851 	28.635643 	52.172791 	73.756355 	30.463093 	67.779053 	32.802441 	36.055511 	32.695564 	34.713108 	32.756680 	37.696156 	37.161808 	39.051247 	42.426407 	70.035706 	43.382023 	43.600460 	46.615448 	46.690472 	47.423622 	50.566788 	60.802959 	
65.924202 	15.132746 	7.810250 	6.000000 	49.678970 	86.821655 	23.345236 	79.404030 	108.784187 	59.908264 	47.434166 	51.662365 	37.161808 	35.014282 	37.947330 	46.065170 	999.000000 	30.413813 	60.745369 	55.865910 	7.615773 	99.569069 	53.712196 	68.622154 	59.413803 	43.600460 	54.120235 	25.495098 	73.164200 	25.079872 	20.615528 	22.135944 	62.369865 	13.928389 	52.201534 	59.539902 	70.682388 	10.198039 	12.041595 	14.317822 	54.644306 	13.928389 	108.600182 	41.146080 	60.216278 	14.142136 	119.037811 	56.938564 	22.360680 	43.657761 	69.065186 	58.180752 	64.660652 	54.561890 	35.510563 	36.674240 	71.561165 	72.069412 	29.410883 	63.906181 	57.974133 	48.093658 	55.731499 	53.338543 	69.921387 	70.178345 	
38.118237 	20.000000 	28.319605 	33.600594 	78.644768 	114.214706 	53.254108 	107.517441 	135.207245 	31.016125 	18.027756 	80.919716 	7.071068 	15.264338 	63.411354 	73.000000 	30.413813 	999.000000 	30.805843 	85.276024 	38.013157 	127.015747 	23.409399 	97.836601 	89.022469 	73.783470 	23.706539 	55.901699 	43.011627 	55.461697 	14.142136 	52.392746 	92.200867 	22.022715 	82.377182 	29.154760 	40.311287 	29.274563 	26.076809 	42.449970 	84.905830 	41.000000 	136.619904 	71.554176 	90.426765 	37.215588 	146.754898 	87.321243 	24.351591 	73.925636 	99.322708 	88.588936 	95.015785 	84.970581 	65.145988 	66.407829 	101.872467 	102.474388 	38.626415 	94.154129 	87.920418 	76.902534 	85.164543 	82.462112 	99.959991 	98.843307 	
12.806249 	47.885281 	57.245087 	63.071388 	106.780151 	140.185593 	82.734512 	134.316788 	159.862442 	6.082763 	13.416408 	109.293182 	23.769728 	29.732138 	89.498604 	99.639351 	60.745369 	30.805843 	999.000000 	113.740936 	68.352028 	152.839783 	8.062258 	125.924583 	117.660530 	103.310211 	9.848858 	86.162636 	12.529964 	85.796272 	44.283180 	82.873398 	121.078484 	52.611786 	111.825760 	9.433981 	11.401754 	60.016663 	56.718605 	73.246162 	114.490173 	71.805290 	162.935577 	101.769348 	119.883278 	67.896980 	172.626770 	117.200684 	53.009434 	104.403069 	128.825470 	118.595955 	124.775803 	115.156418 	95.880135 	97.123634 	131.487640 	132.423569 	66.370171 	124.651512 	118.595955 	107.707939 	115.948265 	113.265175 	130.602448 	129.634094 	
115.831772 	66.030296 	57.008770 	51.739735 	7.280110 	33.955853 	32.557640 	25.298222 	56.753853 	111.507851 	100.404182 	4.472136 	91.400215 	84.599052 	27.294687 	18.027756 	55.865910 	85.276024 	113.740936 	999.000000 	48.918301 	45.880280 	107.647575 	12.806249 	4.123106 	14.560220 	108.600182 	33.120991 	126.245789 	34.000000 	76.419891 	37.589893 	8.062258 	68.883957 	9.486833 	114.201576 	124.535133 	62.201286 	65.604881 	49.739319 	10.816654 	51.971146 	53.712196 	22.090721 	11.180340 	57.801384 	64.412735 	14.866069 	75.451973 	25.079872 	18.027756 	16.970562 	17.088007 	18.867962 	34.234486 	33.136082 	21.023796 	24.515301 	74.323616 	27.658634 	30.232433 	38.078865 	34.885529 	36.769554 	34.409302 	46.754681 	
73.348480 	22.022715 	13.152946 	7.615773 	43.011627 	80.622574 	16.401220 	72.945183 	102.859123 	67.446274 	55.027267 	44.821869 	44.777225 	42.190044 	33.376640 	40.496914 	7.615773 	38.013157 	68.352028 	48.918301 	999.000000 	93.295227 	61.326992 	61.717098 	52.345009 	36.235340 	61.717098 	17.888544 	80.777473 	17.464249 	27.586229 	14.560220 	55.172459 	20.000000 	44.821869 	67.119293 	78.294319 	13.928389 	17.000000 	9.219544 	47.201694 	10.000000 	102.078400 	33.541019 	52.801514 	13.341664 	112.605507 	49.396355 	27.313000 	36.055511 	61.611687 	50.606323 	57.140179 	46.957428 	28.160255 	29.274563 	64.070274 	64.498062 	31.064449 	56.302753 	50.447994 	41.000000 	48.373547 	46.097721 	62.361847 	63.031738 	
152.433594 	107.056061 	99.020203 	94.625580 	50.537113 	12.806249 	77.025970 	20.615528 	12.165525 	149.576065 	140.014282 	49.244289 	132.382019 	123.109711 	63.702435 	54.037025 	99.569069 	127.015747 	152.839783 	45.880280 	93.295227 	999.000000 	147.787003 	33.955853 	43.680660 	60.406952 	149.241409 	78.790863 	165.012115 	79.705711 	120.104118 	83.258636 	42.755116 	113.207771 	53.600372 	154.896744 	164.103622 	107.042046 	110.276924 	95.273293 	52.952808 	97.508972 	10.770329 	67.446274 	48.373547 	103.315056 	19.798990 	54.332310 	120.440857 	69.426216 	44.045429 	55.145264 	49.000000 	59.304298 	79.555016 	78.339005 	44.283180 	48.662102 	120.154068 	61.204575 	68.007355 	80.305664 	74.000000 	77.025970 	64.132675 	79.429214 	
19.416489 	41.617306 	50.774010 	56.435802 	100.801788 	135.059250 	76.157730 	128.887543 	155.219193 	11.401754 	8.062258 	103.227905 	16.552946 	25.238859 	84.172440 	94.175369 	53.712196 	23.409399 	8.062258 	107.647575 	61.326992 	147.787003 	999.000000 	120.000000 	111.503365 	96.747093 	3.162278 	79.202271 	19.646883 	78.790863 	36.496574 	75.769386 	114.825958 	44.911022 	105.309067 	7.615773 	17.000000 	52.392746 	49.030602 	65.802734 	107.912003 	64.288414 	157.724442 	94.847244 	113.371071 	60.207973 	167.585800 	110.476242 	45.000000 	97.308784 	122.298813 	111.803398 	118.118584 	108.258949 	88.543777 	89.810913 	124.907967 	125.670204 	58.309521 	117.545738 	111.328346 	100.169853 	108.521889 	105.773346 	123.369362 	122.024590 	
127.534309 	78.409180 	69.526970 	64.381676 	19.209373 	23.000000 	45.343136 	14.000000 	45.398239 	123.490891 	112.645462 	16.970562 	103.855667 	96.566040 	37.696156 	27.513634 	68.622154 	97.836601 	125.924583 	12.806249 	61.717098 	33.955853 	120.000000 	999.000000 	9.848858 	26.832815 	121.037186 	45.793011 	138.397980 	46.647614 	89.196411 	50.249378 	9.000000 	81.688431 	19.646883 	126.657021 	136.824707 	75.000000 	78.409180 	62.433964 	19.104973 	64.660652 	41.146080 	33.526108 	15.132746 	70.491135 	51.894123 	21.095022 	88.232651 	35.510563 	14.866069 	22.360680 	17.888544 	26.076809 	45.607018 	44.384682 	17.029387 	21.931713 	86.764046 	30.870699 	36.138622 	47.010635 	41.773197 	44.407207 	36.055511 	50.537113 	
119.866592 	69.892776 	60.802959 	55.443665 	11.401754 	32.249031 	36.069378 	23.345236 	54.918121 	115.485931 	104.307236 	8.544003 	95.210297 	88.588936 	31.400637 	22.000000 	59.413803 	89.022469 	117.660530 	4.123106 	52.345009 	43.680660 	111.503365 	9.848858 	999.000000 	17.000000 	112.414413 	36.055511 	130.172958 	36.891735 	79.906197 	40.496914 	4.000000 	72.249565 	10.049875 	118.004234 	128.413391 	65.436989 	68.883957 	52.697250 	10.198039 	54.918121 	50.990196 	23.769728 	8.485281 	60.745369 	61.741398 	13.416408 	78.600258 	26.076809 	14.142136 	15.264338 	13.892444 	18.027756 	35.902645 	34.713108 	17.117243 	20.880613 	76.922035 	25.495098 	29.068884 	38.327538 	34.176014 	36.400551 	31.890438 	45.000000 	
106.625511 	55.461697 	46.065170 	40.311287 	12.369317 	48.507732 	20.591261 	39.849716 	71.309189 	101.636604 	89.894379 	12.000000 	80.262070 	75.026665 	25.079872 	20.518284 	43.600460 	73.783470 	103.310211 	14.560220 	36.235340 	60.406952 	96.747093 	26.832815 	17.000000 	999.000000 	97.416634 	19.209373 	115.836090 	20.000000 	63.780876 	23.600847 	19.209373 	55.865910 	8.602325 	102.927162 	113.740936 	48.836460 	52.345009 	35.805027 	11.180340 	38.013157 	67.977936 	8.246211 	16.643316 	43.829212 	78.721024 	14.317822 	61.846584 	12.529964 	25.553865 	16.124516 	21.540659 	14.142136 	20.000000 	19.026299 	28.178005 	29.410883 	59.933296 	25.317978 	23.706539 	26.419689 	26.248810 	26.907248 	32.557640 	40.816662 	
22.022715 	42.638012 	51.613953 	57.140179 	101.828285 	136.488098 	76.850502 	130.176804 	156.847061 	14.142136 	10.440307 	104.201729 	17.204651 	27.294687 	85.562843 	95.482986 	54.120235 	23.706539 	9.848858 	108.600182 	61.717098 	149.241409 	3.162278 	121.037186 	112.414413 	97.416634 	999.000000 	79.605278 	20.099751 	79.158073 	36.138622 	76.059189 	115.676270 	44.643028 	106.000000 	5.656854 	16.763054 	52.201534 	48.764740 	65.787537 	108.558739 	64.195015 	159.100601 	95.257545 	114.057007 	59.908264 	169.035492 	111.018013 	44.102154 	97.575615 	122.967476 	112.294258 	118.701309 	108.673820 	88.600227 	89.888817 	125.538841 	126.178444 	57.078892 	117.783699 	111.427109 	100.000000 	108.466583 	105.650368 	123.490891 	121.753853 	
90.708321 	39.051247 	29.614185 	23.537205 	28.460499 	66.483078 	7.810250 	58.180752 	89.196411 	85.070557 	72.801102 	29.546574 	62.649822 	59.228371 	27.313000 	30.066593 	25.495098 	55.901699 	86.162636 	33.120991 	17.888544 	78.790863 	79.202271 	45.793011 	36.055511 	19.209373 	79.605278 	999.000000 	98.615417 	1.000000 	45.000000 	4.472136 	38.418747 	36.878178 	27.586229 	85.000000 	96.176918 	29.698484 	33.241539 	16.643316 	29.732138 	18.867962 	86.833176 	15.652476 	35.383614 	24.698177 	97.529480 	31.622776 	42.638012 	18.439089 	44.045429 	32.756680 	39.408119 	29.068884 	13.000000 	13.601471 	46.400433 	46.647614 	41.436699 	38.600517 	33.241539 	26.248810 	32.062439 	30.413813 	44.911022 	47.381432 	
16.278820 	60.415230 	69.771057 	75.584389 	119.268608 	152.397507 	95.257545 	146.649246 	171.828400 	15.620500 	25.942244 	121.794907 	36.055511 	42.011902 	101.828285 	112.004463 	73.164200 	43.011627 	12.529964 	126.245789 	80.777473 	165.012115 	19.646883 	138.397980 	130.172958 	115.836090 	20.099751 	98.615417 	999.000000 	98.234413 	56.089214 	95.273293 	133.600143 	64.536812 	124.354332 	16.124516 	5.000000 	72.034714 	68.658577 	85.440041 	127.015747 	83.934502 	175.171341 	114.236595 	132.412231 	79.831070 	184.783661 	129.711212 	64.195015 	116.811813 	141.354172 	131.095383 	137.295303 	127.632286 	108.157295 	109.416634 	144.013885 	144.931015 	77.006493 	137.058380 	130.919830 	119.816528 	128.160049 	125.419296 	142.947540 	141.661575 	
90.470993 	38.832977 	29.427877 	23.345236 	29.410883 	67.416618 	8.485281 	59.093147 	90.138779 	84.770279 	72.449982 	30.463093 	62.241467 	59.033890 	28.231188 	31.064449 	25.079872 	55.461697 	85.796272 	34.000000 	17.464249 	79.705711 	78.790863 	46.647614 	36.891735 	20.000000 	79.158073 	1.000000 	98.234413 	999.000000 	44.407207 	3.605551 	39.204590 	36.235340 	28.319605 	84.534019 	95.754898 	29.000000 	32.557640 	15.811388 	30.413813 	18.027756 	87.709747 	16.124516 	36.069378 	23.853722 	98.412399 	32.202484 	41.868843 	18.681541 	44.687805 	33.286633 	40.000000 	29.529646 	12.649111 	13.341664 	47.010635 	47.169907 	40.496914 	38.897301 	33.376640 	25.961510 	32.015621 	30.265491 	45.122055 	47.265209 	
52.239830 	18.110771 	22.135944 	25.553865 	70.292244 	107.335922 	43.863426 	100.000000 	129.139465 	45.011108 	32.015621 	72.249565 	21.023796 	26.627054 	57.697487 	66.370171 	20.615528 	14.142136 	44.283180 	76.419891 	27.586229 	120.104118 	36.496574 	89.196411 	79.906197 	63.780876 	36.138622 	45.000000 	56.089214 	44.407207 	999.000000 	41.048752 	82.758682 	8.544003 	72.346390 	41.109608 	52.886673 	16.155495 	12.649111 	29.966648 	74.652527 	28.231188 	129.201401 	60.464867 	80.280754 	23.769728 	139.617340 	76.609398 	10.816654 	62.265560 	89.022469 	77.665955 	84.403793 	73.783470 	52.801514 	54.129475 	91.400215 	91.525955 	25.059929 	82.298241 	75.643906 	63.890530 	72.449982 	69.570107 	87.726852 	85.615417 	
87.863533 	36.345562 	27.073973 	21.023796 	32.893768 	70.936592 	9.848858 	62.649822 	93.637596 	82.006096 	69.570107 	34.014702 	59.236813 	56.568542 	30.364452 	34.000000 	22.135944 	52.392746 	82.873398 	37.589893 	14.560220 	83.258636 	75.769386 	50.249378 	40.496914 	23.600847 	76.059189 	4.472136 	95.273293 	3.605551 	41.048752 	999.000000 	42.801868 	32.802441 	31.890438 	81.394104 	92.703827 	25.495098 	29.068884 	12.206555 	33.941124 	14.422205 	91.301697 	19.416489 	39.597980 	20.248457 	102.000000 	35.608986 	38.288380 	21.540659 	48.166378 	36.619667 	43.416588 	32.756680 	14.035668 	15.000000 	50.447994 	50.477718 	37.000000 	41.785164 	35.902645 	27.294687 	34.058773 	32.015621 	47.801674 	49.040798 	
123.482796 	73.246162 	64.070274 	58.600342 	15.297058 	32.000000 	39.051247 	23.000000 	54.332310 	119.000000 	107.703293 	12.369317 	98.473343 	92.130341 	35.355339 	26.000000 	62.369865 	92.200867 	121.078484 	8.062258 	55.172459 	42.755116 	114.825958 	9.000000 	4.000000 	19.209373 	115.676270 	38.418747 	133.600143 	39.204590 	82.758682 	42.801868 	999.000000 	74.966660 	11.180340 	121.247681 	131.764938 	68.014702 	71.505241 	55.000000 	10.198039 	57.201397 	49.396355 	25.079872 	6.324555 	63.007935 	60.166435 	12.165525 	81.055534 	26.683329 	10.198039 	13.601471 	10.630146 	17.117243 	37.000000 	35.735138 	13.152946 	17.088007 	78.771820 	23.021729 	27.513634 	38.013157 	32.984844 	35.510563 	29.000000 	42.720020 	
60.033325 	18.027756 	18.027756 	19.646883 	63.007935 	100.498756 	36.400551 	92.913940 	122.588745 	53.037724 	40.049969 	64.815125 	29.068884 	32.310989 	51.865211 	59.933296 	13.928389 	22.022715 	52.611786 	68.883957 	20.000000 	113.207771 	44.911022 	81.688431 	72.249565 	55.865910 	44.643028 	36.878178 	64.536812 	36.235340 	8.544003 	32.802441 	74.966660 	999.000000 	64.381676 	49.648766 	61.400326 	7.615773 	4.123106 	21.470911 	66.603302 	19.697716 	122.065559 	52.201534 	72.249565 	15.297058 	132.574509 	68.410522 	9.055386 	53.851646 	80.919716 	69.404610 	76.216797 	65.459915 	44.283180 	45.617977 	83.240616 	83.234612 	20.518284 	73.824112 	67.119293 	55.362442 	63.906181 	61.032780 	79.202271 	77.129761 	
114.947815 	63.953106 	54.589375 	48.877399 	12.206555 	42.296574 	29.154760 	33.376640 	64.938431 	110.072701 	98.412399 	9.899495 	88.836929 	83.384651 	30.413813 	23.259407 	52.201534 	82.377182 	111.825760 	9.486833 	44.821869 	53.600372 	105.309067 	19.646883 	10.049875 	8.602325 	106.000000 	27.586229 	124.354332 	28.319605 	72.346390 	31.890438 	11.180340 	64.381676 	999.000000 	111.516815 	122.298813 	57.280014 	60.811184 	44.045429 	3.000000 	46.227695 	60.539242 	13.928389 	8.062258 	52.009613 	71.309189 	7.280110 	70.178345 	16.031219 	17.000000 	9.486833 	13.341664 	9.899495 	25.961510 	24.738634 	19.697716 	21.377558 	67.601776 	20.124611 	21.260292 	28.635643 	25.553865 	27.313000 	27.313000 	38.209946 	
22.203604 	48.270073 	57.201397 	62.681736 	107.447662 	142.144287 	82.377182 	135.830780 	162.483841 	15.231546 	15.652476 	109.808922 	22.803509 	32.756680 	91.219513 	101.138519 	59.539902 	29.154760 	9.433981 	114.201576 	67.119293 	154.896744 	7.615773 	126.657021 	118.004234 	102.927162 	5.656854 	85.000000 	16.124516 	84.534019 	41.109608 	81.394104 	121.247681 	49.648766 	111.516815 	999.000000 	12.041595 	57.245087 	53.758720 	70.936592 	114.057007 	69.289246 	164.757401 	100.647903 	119.570061 	64.845970 	174.691162 	116.468880 	48.507732 	102.883430 	128.471786 	117.720009 	124.169243 	114.061386 	93.776329 	95.078911 	131.026718 	131.609268 	61.008198 	123.065025 	116.619041 	104.995239 	113.547348 	110.679718 	128.693436 	126.649124 	
19.026299 	58.523499 	67.742157 	73.430237 	117.643532 	151.426544 	93.150414 	145.454468 	171.213318 	16.155495 	24.207438 	120.104118 	33.541019 	41.012192 	100.657837 	110.751976 	70.682388 	40.311287 	11.401754 	124.535133 	78.294319 	164.103622 	17.000000 	136.824707 	128.413391 	113.740936 	16.763054 	96.176918 	5.000000 	95.754898 	52.886673 	92.703827 	131.764938 	61.400326 	122.298813 	12.041595 	999.000000 	68.963760 	65.520988 	82.540901 	124.907967 	80.956779 	174.155106 	111.825760 	130.361038 	76.655075 	183.896713 	127.475487 	60.530983 	114.236595 	139.291061 	128.798294 	135.118469 	125.239769 	105.342300 	106.625511 	141.904892 	142.667450 	73.027390 	134.461884 	128.160049 	116.760437 	125.227791 	122.413231 	140.217682 	138.495483 	
67.007462 	20.808653 	17.000000 	16.124516 	56.603886 	94.413979 	30.016663 	86.608315 	116.730461 	60.207973 	47.265209 	58.249462 	36.345562 	38.078865 	47.074409 	54.424259 	10.198039 	29.274563 	60.016663 	62.201286 	13.928389 	107.042046 	52.392746 	75.000000 	65.436989 	48.836460 	52.201534 	29.698484 	72.034714 	29.000000 	16.155495 	25.495098 	68.014702 	7.615773 	57.280014 	57.245087 	68.963760 	999.000000 	3.605551 	13.892444 	59.413803 	12.083046 	115.663307 	44.821869 	65.069191 	8.000000 	126.245789 	61.073727 	13.416408 	46.324940 	73.661385 	62.008064 	68.883957 	58.008621 	36.674240 	38.013157 	75.927597 	75.802376 	19.313208 	66.241982 	59.506302 	47.801674 	56.302753 	53.450912 	71.589104 	69.634758 	
64.007812 	19.798990 	17.720045 	18.027756 	59.908264 	97.616600 	33.286633 	89.888817 	119.854080 	57.078892 	44.102154 	61.611687 	33.136082 	35.735138 	49.729267 	57.384666 	12.041595 	26.076809 	56.718605 	65.604881 	17.000000 	110.276924 	49.030602 	78.409180 	68.883957 	52.345009 	48.764740 	33.241539 	68.658577 	32.557640 	12.649111 	29.068884 	71.505241 	4.123106 	60.811184 	53.758720 	65.520988 	3.605551 	999.000000 	17.492855 	62.968246 	15.652476 	118.983192 	48.414875 	68.622154 	11.180340 	129.541504 	64.660652 	10.440307 	49.929951 	77.233414 	65.604881 	72.470680 	61.611687 	40.249222 	41.593269 	79.511009 	79.404030 	18.867962 	69.835518 	63.071388 	51.244511 	59.808025 	56.920998 	75.153175 	73.006851 	
79.404030 	29.427877 	21.540659 	16.643316 	44.777225 	82.855293 	19.235384 	74.686012 	105.475113 	72.993149 	60.207973 	46.065170 	49.477268 	49.040798 	39.051247 	44.553337 	14.317822 	42.449970 	73.246162 	49.739319 	9.219544 	95.273293 	65.802734 	62.433964 	52.697250 	35.805027 	65.787537 	16.643316 	85.440041 	15.811388 	29.966648 	12.206555 	55.000000 	21.470911 	44.045429 	70.936592 	82.540901 	13.892444 	17.492855 	999.000000 	46.010868 	2.236068 	103.445641 	31.144823 	51.662365 	8.062258 	114.127121 	47.423622 	26.172504 	32.449963 	60.108234 	48.270073 	55.226807 	44.204071 	22.847319 	24.166092 	62.289646 	62.008064 	25.495098 	52.354561 	45.694637 	34.525352 	42.720020 	40.024994 	57.775429 	56.568542 	
117.745491 	66.640831 	57.245087 	51.478149 	14.764823 	42.047592 	31.764761 	33.060551 	64.498062 	112.805145 	101.074226 	12.206555 	91.416626 	86.162636 	33.376640 	26.000000 	54.644306 	84.905830 	114.490173 	10.816654 	47.201694 	52.952808 	107.912003 	19.104973 	10.198039 	11.180340 	108.558739 	29.732138 	127.015747 	30.413813 	74.652527 	33.941124 	10.198039 	66.603302 	3.000000 	114.057007 	124.907967 	59.413803 	62.968246 	46.010868 	999.000000 	48.166378 	59.464275 	15.264338 	5.656854 	53.907330 	70.228203 	4.472136 	72.180328 	16.492422 	14.422205 	6.708204 	10.440307 	8.062258 	26.925823 	25.632011 	17.000000 	18.439089 	69.115845 	17.492855 	19.416489 	28.160255 	24.166092 	26.248810 	24.596748 	36.069378 	
78.230431 	28.861740 	21.470911 	17.029387 	47.010635 	85.088188 	21.377558 	76.922035 	107.703293 	71.700768 	58.855755 	48.301140 	48.052055 	48.166378 	41.012192 	46.690472 	13.928389 	41.000000 	71.805290 	51.971146 	10.000000 	97.508972 	64.288414 	64.660652 	54.918121 	38.013157 	64.195015 	18.867962 	83.934502 	18.027756 	28.231188 	14.422205 	57.201397 	19.697716 	46.227695 	69.289246 	80.956779 	12.083046 	15.652476 	2.236068 	48.166378 	999.000000 	105.678757 	33.241539 	53.814495 	5.830952 	116.361504 	49.517673 	24.041630 	34.409302 	62.225395 	50.328918 	57.314919 	46.227695 	24.596748 	25.942244 	64.381676 	64.031242 	23.345236 	54.203320 	47.423622 	35.902645 	44.271889 	41.484936 	59.506302 	57.870544 	
162.800491 	116.726173 	108.466583 	103.855667 	59.076221 	22.803509 	85.702972 	29.206163 	14.422205 	159.790482 	150.013336 	57.454330 	142.144287 	133.206604 	73.552704 	63.655323 	108.600182 	136.619904 	162.935577 	53.712196 	102.078400 	10.770329 	157.724442 	41.146080 	50.990196 	67.977936 	159.100601 	86.833176 	175.171341 	87.709747 	129.201401 	91.301697 	49.396355 	122.065559 	60.539242 	164.757401 	174.155106 	115.663307 	118.983192 	103.445641 	59.464275 	105.678757 	999.000000 	74.464760 	54.405884 	111.507851 	10.770329 	60.166435 	129.003876 	75.894661 	48.662102 	60.638271 	53.935146 	65.000000 	86.377083 	85.094063 	48.259712 	52.038448 	127.910126 	65.192024 	72.560318 	85.702972 	78.638412 	81.884064 	67.029846 	82.152298 	
106.042442 	54.405884 	44.922153 	38.897301 	20.615528 	55.901699 	20.099751 	47.074409 	78.644768 	100.568382 	88.391174 	20.099751 	78.294319 	74.464760 	30.805843 	28.017851 	41.146080 	71.554176 	101.769348 	22.090721 	33.541019 	67.446274 	94.847244 	33.526108 	23.769728 	8.246211 	95.257545 	15.652476 	114.236595 	16.124516 	60.464867 	19.416489 	25.079872 	52.201534 	13.928389 	100.647903 	111.825760 	44.821869 	48.414875 	31.144823 	15.264338 	33.241539 	74.464760 	999.000000 	20.808653 	38.897301 	85.234970 	16.278820 	57.280014 	5.000000 	29.000000 	17.204651 	24.083189 	13.416408 	12.165525 	11.045361 	31.144823 	31.064449 	53.851646 	23.345236 	19.235384 	18.601076 	20.124611 	20.000000 	30.066593 	35.468296 	
122.930878 	72.006943 	62.649822 	56.938564 	17.262676 	38.052597 	37.215588 	29.068884 	60.133186 	118.105888 	106.470650 	14.317822 	96.896851 	91.389275 	37.013512 	28.635643 	60.216278 	90.426765 	119.883278 	11.180340 	52.801514 	48.373547 	113.371071 	15.132746 	8.485281 	16.643316 	114.057007 	35.383614 	132.412231 	36.069378 	80.280754 	39.597980 	6.324555 	72.249565 	8.062258 	119.570061 	130.361038 	65.069191 	68.622154 	51.662365 	5.656854 	53.814495 	54.405884 	20.808653 	999.000000 	59.548298 	65.145988 	6.000000 	77.833153 	21.540659 	8.944272 	7.280110 	6.082763 	11.000000 	32.202484 	30.870699 	11.704700 	14.000000 	74.625732 	17.029387 	21.189621 	32.015621 	26.683329 	29.274563 	23.430750 	36.619667 	
75.006668 	27.730848 	21.931713 	18.867962 	52.801514 	90.873535 	26.925823 	82.734512 	113.463654 	68.183578 	55.226807 	54.120235 	44.283180 	45.891174 	46.043457 	52.172791 	14.142136 	37.215588 	67.896980 	57.801384 	13.341664 	103.315056 	60.207973 	70.491135 	60.745369 	43.829212 	59.908264 	24.698177 	79.831070 	23.853722 	23.769728 	20.248457 	63.007935 	15.297058 	52.009613 	64.845970 	76.655075 	8.000000 	11.180340 	8.062258 	53.907330 	5.830952 	111.507851 	38.897301 	59.548298 	999.000000 	122.188377 	55.154327 	18.439089 	39.824615 	67.896980 	55.901699 	62.936478 	51.739735 	29.681644 	31.064449 	70.007141 	69.526970 	18.027756 	59.363289 	52.354561 	40.162170 	48.846699 	45.880280 	64.412735 	61.846584 	
172.104614 	126.810883 	118.697090 	114.201576 	69.641945 	32.557640 	96.254868 	39.661064 	16.124516 	169.331039 	159.812393 	68.095520 	152.161102 	142.898560 	83.486526 	73.756355 	119.037811 	146.754898 	172.626770 	64.412735 	112.605507 	19.798990 	167.585800 	51.894123 	61.741398 	78.721024 	169.035492 	97.529480 	184.783661 	98.412399 	139.617340 	102.000000 	60.166435 	132.574509 	71.309189 	174.691162 	183.896713 	126.245789 	129.541504 	114.127121 	70.228203 	116.361504 	10.770329 	85.234970 	65.145988 	122.188377 	999.000000 	70.880180 	139.606583 	86.648720 	59.228371 	71.309189 	64.536812 	75.690155 	97.144226 	95.859268 	58.694122 	62.289646 	138.654251 	75.538071 	83.024094 	96.317184 	89.106674 	92.395889 	77.025970 	92.005432 	
120.813904 	69.462219 	60.008331 	54.129475 	19.235384 	44.045429 	34.539833 	35.057095 	66.121101 	115.693558 	103.788246 	16.643316 	93.941475 	89.196411 	37.656342 	30.463093 	56.938564 	87.321243 	117.200684 	14.866069 	49.396355 	54.332310 	110.476242 	21.095022 	13.416408 	14.317822 	111.018013 	31.622776 	129.711212 	32.202484 	76.609398 	35.608986 	12.165525 	68.410522 	7.280110 	116.468880 	127.475487 	61.073727 	64.660652 	47.423622 	4.472136 	49.517673 	60.166435 	16.278820 	6.000000 	55.154327 	70.880180 	999.000000 	73.552704 	16.124516 	12.806249 	2.236068 	7.810250 	5.000000 	26.925823 	25.553865 	14.866069 	15.231546 	69.634758 	13.038404 	15.652476 	26.019224 	20.880613 	23.345236 	20.124611 	31.890438 	
61.983868 	26.400757 	27.073973 	28.284271 	69.971420 	107.823929 	43.416588 	99.985001 	130.146072 	54.451813 	41.593269 	71.561165 	30.805843 	37.443291 	60.166435 	67.779053 	22.360680 	24.351591 	53.009434 	75.451973 	27.313000 	120.440857 	45.000000 	88.232651 	78.600258 	61.846584 	44.102154 	42.638012 	64.195015 	41.868843 	10.816654 	38.288380 	81.055534 	9.055386 	70.178345 	48.507732 	60.530983 	13.416408 	10.440307 	26.172504 	72.180328 	24.041630 	129.003876 	57.280014 	77.833153 	18.439089 	139.606583 	73.552704 	999.000000 	58.258045 	86.267029 	74.330345 	81.344948 	70.178345 	48.010414 	49.406479 	88.413803 	87.965904 	14.317822 	77.665955 	70.491135 	57.697487 	66.648331 	63.505905 	82.492424 	78.771820 	
109.142113 	57.489128 	48.052055 	41.976185 	24.698177 	58.309521 	24.020824 	49.365982 	80.894997 	103.445641 	91.082382 	23.769728 	80.777473 	77.665955 	35.805027 	32.802441 	43.657761 	73.925636 	104.403069 	25.079872 	36.055511 	69.426216 	97.308784 	35.510563 	26.076809 	12.529964 	97.575615 	18.439089 	116.811813 	18.681541 	62.265560 	21.540659 	26.683329 	53.851646 	16.031219 	102.883430 	114.236595 	46.324940 	49.929951 	32.449963 	16.492422 	34.409302 	75.894661 	5.000000 	21.540659 	39.824615 	86.648720 	16.124516 	58.258045 	999.000000 	28.844410 	16.401220 	23.600847 	12.041595 	10.816654 	9.433981 	30.610456 	29.732138 	53.600372 	20.248457 	15.000000 	13.892444 	15.231546 	15.000000 	26.476404 	30.675724 	
131.848404 	80.950600 	71.589104 	65.863495 	25.019993 	35.440090 	46.141087 	26.925823 	56.142673 	127.047234 	115.412308 	22.022715 	105.815880 	100.319489 	45.099888 	36.055511 	69.065186 	99.322708 	128.825470 	18.027756 	61.611687 	44.045429 	122.298813 	14.866069 	14.142136 	25.553865 	122.967476 	44.045429 	141.354172 	44.687805 	89.022469 	48.166378 	10.198039 	80.919716 	17.000000 	128.471786 	139.291061 	73.661385 	77.233414 	60.108234 	14.422205 	62.225395 	48.662102 	29.000000 	8.944272 	67.896980 	59.228371 	12.806249 	86.267029 	28.844410 	999.000000 	12.529964 	5.385165 	17.000000 	39.661064 	38.275318 	3.000000 	7.211102 	82.419655 	17.262676 	24.020824 	37.107952 	30.066593 	33.241539 	21.470911 	36.400551 	
122.380554 	70.936592 	61.465439 	55.542778 	21.470911 	45.177429 	36.055511 	36.221542 	67.029846 	117.175079 	105.190300 	18.867962 	95.257545 	90.757919 	39.812057 	32.695564 	58.180752 	88.588936 	118.595955 	16.970562 	50.606323 	55.145264 	111.803398 	22.360680 	15.264338 	16.124516 	112.294258 	32.756680 	131.095383 	33.286633 	77.665955 	36.619667 	13.601471 	69.404610 	9.486833 	117.720009 	128.798294 	62.008064 	65.604881 	48.270073 	6.708204 	50.328918 	60.638271 	17.204651 	7.280110 	55.901699 	71.309189 	2.236068 	74.330345 	16.401220 	12.529964 	999.000000 	7.211102 	4.472136 	27.202942 	25.806976 	14.212670 	13.892444 	70.000000 	10.816654 	13.928389 	25.179358 	19.416489 	22.090721 	17.888544 	29.832869 	
128.160049 	76.967529 	67.542580 	61.717098 	23.345236 	39.812057 	42.047592 	31.048349 	61.032780 	123.166557 	111.359779 	20.396078 	101.597244 	96.566040 	43.046486 	34.713108 	64.660652 	95.015785 	124.775803 	17.088007 	57.140179 	49.000000 	118.118584 	17.888544 	13.892444 	21.540659 	118.701309 	39.408119 	137.295303 	40.000000 	84.403793 	43.416588 	10.630146 	76.216797 	13.341664 	124.169243 	135.118469 	68.883957 	72.470680 	55.226807 	10.440307 	57.314919 	53.935146 	24.083189 	6.082763 	62.936478 	64.536812 	7.810250 	81.344948 	23.600847 	5.385165 	7.211102 	999.000000 	11.661903 	34.409302 	33.015148 	7.071068 	8.062258 	77.201035 	13.000000 	19.026299 	31.780497 	25.000000 	28.071337 	18.439089 	32.649654 	
119.251831 	67.675697 	58.189346 	52.201534 	22.022715 	49.040798 	32.984844 	40.049969 	71.112587 	113.885910 	101.769348 	19.798990 	91.706055 	87.641312 	38.897301 	32.756680 	54.561890 	84.970581 	115.156418 	18.867962 	46.957428 	59.304298 	108.258949 	26.076809 	18.027756 	14.142136 	108.673820 	29.068884 	127.632286 	29.529646 	73.783470 	32.756680 	17.117243 	65.459915 	9.899495 	114.061386 	125.239769 	58.008621 	61.611687 	44.204071 	8.062258 	46.227695 	65.000000 	13.416408 	11.000000 	51.739735 	75.690155 	5.000000 	70.178345 	12.041595 	17.000000 	4.472136 	11.661903 	999.000000 	22.803509 	21.400934 	18.601076 	17.804493 	65.604881 	11.180340 	11.401754 	21.023796 	16.155495 	18.439089 	18.439089 	28.319605 	
