Total assets = 591
Number of asset nodes = 33

Distance:
999.000000 	63.411354 	12.041595 	6.324555 	46.518814 	62.032249 	87.132080 	26.400757 	75.432091 	72.249565 	9.219544 	19.416489 	88.005684 	26.570660 	18.681541 	44.721359 	13.892444 	98.229324 	53.254108 	24.166092 	14.142136 	74.249580 	26.305893 	83.546394 	72.180328 	22.803509 	35.227829 	17.691807 	92.195442 	31.304953 	54.561890 	42.638012 	65.802734 	24.331051 	86.278618 	29.732138 	35.777088 	45.354160 	43.908997 	89.872131 	43.566040 	70.491135 	46.647614 	31.016125 	27.202942 	65.069191 	47.010635 	27.586229 	68.000000 	
63.411354 	999.000000 	75.286118 	58.249462 	107.056061 	120.801491 	25.000000 	89.196411 	12.041595 	9.848858 	65.863495 	50.159744 	24.698177 	43.324360 	80.993828 	101.257095 	69.771057 	34.985710 	20.615528 	87.091904 	66.640831 	14.142136 	47.801674 	20.808653 	14.035668 	84.905830 	98.600204 	67.230942 	29.000000 	94.302704 	117.456375 	106.042442 	17.804493 	56.044624 	24.186773 	92.114059 	98.737022 	39.319206 	107.074738 	29.154760 	43.185646 	24.698177 	109.859001 	90.338257 	68.154236 	128.144455 	110.113579 	71.568146 	27.658634 	
12.041595 	75.286118 	999.000000 	18.027756 	35.114101 	50.960770 	98.737022 	14.422205 	87.321243 	84.219948 	15.033297 	30.463093 	99.809822 	38.013157 	10.770329 	35.000000 	16.492422 	110.000000 	65.215027 	14.035668 	19.104973 	86.278618 	37.000000 	95.524864 	84.219948 	14.317822 	23.706539 	22.360680 	104.139328 	20.615528 	42.520584 	30.805843 	77.801025 	33.241539 	98.290382 	20.024984 	25.000000 	56.302753 	32.695564 	101.911728 	54.120235 	82.377182 	35.341194 	24.351591 	32.015621 	53.037724 	35.846897 	31.016125 	79.755875 	
6.324555 	58.249462 	18.027756 	999.000000 	52.801514 	68.352028 	82.365044 	32.449963 	70.213959 	66.843102 	9.000000 	13.152946 	82.927681 	20.248457 	22.825424 	50.990196 	14.035668 	93.193344 	47.201694 	28.844410 	12.649111 	68.622154 	20.099751 	78.102493 	66.468040 	26.832815 	40.459858 	15.652476 	86.833176 	36.055511 	60.440052 	48.104053 	59.816387 	18.973665 	80.721741 	34.000000 	40.496914 	39.051247 	48.826221 	84.148682 	37.336308 	64.350601 	51.613953 	33.734257 	24.083189 	70.837845 	51.865211 	25.238859 	61.773781 	
46.518814 	107.056061 	35.114101 	52.801514 	999.000000 	16.124516 	128.763351 	21.377558 	119.004204 	116.516090 	49.729267 	65.551506 	130.831955 	73.006851 	37.054016 	12.165525 	49.648766 	140.716019 	99.478638 	32.062439 	52.952808 	119.201508 	72.111023 	127.781059 	117.413795 	36.055511 	23.769728 	55.578773 	136.029404 	29.120440 	16.031219 	19.849434 	111.830231 	67.911705 	130.873978 	32.984844 	28.635643 	91.416626 	26.907248 	135.000000 	89.185204 	116.846054 	26.907248 	42.449970 	64.124878 	25.495098 	28.319605 	62.008064 	114.490173 	
62.032249 	120.801491 	50.960770 	68.352028 	16.124516 	999.000000 	141.534454 	37.483330 	132.612213 	130.430054 	65.734314 	81.271149 	144.045135 	88.600227 	53.150730 	19.798990 	65.764732 	153.717270 	114.490173 	48.000000 	69.050705 	133.405396 	87.931793 	141.605087 	131.764938 	52.000000 	38.639359 	71.700768 	149.626205 	44.407207 	22.022715 	32.893768 	126.657021 	83.952370 	144.844742 	48.373547 	43.174065 	107.205414 	39.395432 	149.214615 	105.080925 	131.928009 	38.470768 	57.706154 	80.224686 	25.495098 	39.824615 	78.057671 	129.769028 	
87.132080 	25.000000 	98.737022 	82.365044 	128.763351 	141.534454 	999.000000 	112.200714 	15.033297 	20.099751 	90.338257 	75.026665 	6.708204 	68.308128 	105.190300 	121.753853 	94.429871 	12.529964 	44.045429 	111.139549 	91.389275 	23.086792 	72.801102 	15.620500 	25.961510 	109.178749 	122.331520 	92.114059 	14.560220 	118.338501 	140.246216 	129.529922 	35.693138 	81.043198 	18.439089 	116.361504 	122.800652 	63.031738 	131.026718 	23.853722 	67.067131 	39.560081 	133.775925 	115.039124 	93.145050 	151.029800 	134.111893 	96.566040 	44.271889 	
26.400757 	89.196411 	14.422205 	32.449963 	21.377558 	37.483330 	112.200714 	999.000000 	101.237343 	98.290382 	28.460499 	44.721359 	113.569359 	52.354561 	16.124516 	24.351591 	28.284271 	123.693169 	79.630394 	12.529964 	31.575306 	100.498756 	51.078373 	109.603828 	98.493652 	16.155495 	13.038404 	34.234486 	118.139748 	13.892444 	28.284271 	18.027756 	92.200867 	46.572525 	112.449989 	16.278820 	16.763054 	70.384659 	22.022715 	116.180893 	68.007355 	96.798759 	24.186773 	25.000000 	43.000000 	38.948685 	25.079872 	41.109608 	94.154129 	
75.432091 	12.041595 	87.321243 	70.213959 	119.004204 	132.612213 	15.033297 	101.237343 	999.000000 	5.099020 	77.698135 	61.717098 	13.000000 	54.625999 	92.913940 	113.004425 	81.492332 	23.259407 	29.154760 	99.045441 	78.294319 	9.219544 	58.872746 	9.486833 	11.661903 	96.798759 	110.602890 	78.721024 	17.029387 	106.254410 	129.495178 	118.067780 	20.880613 	67.067131 	13.341664 	104.009613 	110.679718 	48.093658 	119.037811 	19.104973 	52.153618 	25.553865 	121.827744 	102.000000 	79.056938 	140.185593 	122.065559 	82.540901 	29.966648 	
72.249565 	9.848858 	84.219948 	66.843102 	116.516090 	130.430054 	20.099751 	98.290382 	5.099020 	999.000000 	74.060783 	57.801384 	17.464249 	50.537113 	89.403580 	110.941429 	77.698135 	27.513634 	24.331051 	95.603348 	74.431175 	5.385165 	54.625999 	11.313708 	7.071068 	93.230896 	107.298645 	74.706093 	20.000000 	102.800781 	126.574089 	114.865135 	15.811388 	62.769421 	14.422205 	100.439034 	107.200745 	43.185646 	115.602768 	19.313208 	47.265209 	20.808653 	118.406082 	98.112183 	74.672615 	137.207870 	118.600166 	78.185677 	25.059929 	
9.219544 	65.863495 	15.033297 	9.000000 	49.729267 	65.734314 	90.338257 	28.460499 	77.698135 	74.060783 	999.000000 	17.029387 	90.553848 	24.839485 	15.556349 	50.009998 	5.099020 	100.846420 	53.037724 	21.931713 	5.000000 	75.432091 	22.825424 	85.211502 	73.109505 	19.209373 	34.058773 	8.602325 	94.047859 	29.000000 	55.226807 	42.011902 	65.764732 	18.248287 	87.618492 	26.400757 	33.301651 	42.047592 	41.773197 	90.686272 	39.560081 	69.656296 	44.598206 	25.000000 	18.357559 	65.215027 	44.687805 	18.439089 	66.610809 	
19.416489 	50.159744 	30.463093 	13.152946 	65.551506 	81.271149 	75.026665 	44.721359 	61.717098 	57.801384 	17.029387 	999.000000 	74.686012 	7.810250 	32.557640 	64.132675 	20.000000 	84.970581 	36.069378 	38.948685 	16.643316 	58.821766 	7.000000 	68.796799 	56.400356 	36.069378 	51.088158 	17.088007 	77.698135 	45.967381 	72.111023 	59.033890 	48.795490 	9.433981 	71.028160 	43.185646 	50.209560 	25.961510 	58.694122 	73.878281 	24.186773 	52.630791 	61.522354 	40.311287 	20.223749 	82.200974 	61.554855 	23.021729 	49.648766 	
88.005684 	24.698177 	99.809822 	82.927681 	130.831955 	144.045135 	6.708204 	113.569359 	13.000000 	17.464249 	90.553848 	74.686012 	999.000000 	67.623962 	105.688217 	124.326187 	94.413979 	10.295630 	41.773197 	111.772087 	91.241440 	19.026299 	71.867935 	9.848858 	22.022715 	109.603828 	123.223373 	91.706055 	8.062258 	118.983192 	141.767410 	130.602448 	32.015621 	80.056229 	12.041595 	116.811813 	123.422043 	60.530983 	131.745972 	17.204651 	64.629715 	34.928497 	134.525085 	114.947815 	92.027168 	152.502457 	134.792435 	95.519630 	39.812057 	
26.570660 	43.324360 	38.013157 	20.248457 	73.006851 	88.600227 	68.308128 	52.354561 	54.625999 	50.537113 	24.839485 	7.810250 	67.623962 	999.000000 	40.360870 	71.063354 	27.658634 	77.878113 	28.319605 	46.754681 	24.207438 	51.312767 	5.099020 	61.400326 	48.826221 	43.840622 	58.898216 	24.186773 	70.327805 	53.758720 	79.881165 	66.843102 	41.036568 	13.038404 	63.513779 	50.931328 	57.982758 	19.104973 	66.468040 	66.219330 	18.110771 	44.821869 	69.296463 	47.707443 	25.179358 	90.000000 	69.310890 	28.442924 	41.880783 	
18.681541 	80.993828 	10.770329 	22.825424 	37.054016 	53.150730 	105.190300 	16.124516 	92.913940 	89.403580 	15.556349 	32.557640 	105.688217 	40.360870 	999.000000 	40.261642 	13.416408 	115.965515 	68.593002 	6.403124 	17.000000 	90.906548 	38.013157 	100.603180 	88.617157 	4.123106 	18.601076 	18.973665 	109.402924 	13.453624 	40.249222 	26.627054 	81.320351 	32.202484 	103.077644 	11.180340 	17.804493 	56.938564 	26.248810 	106.216759 	54.120235 	85.146935 	29.068884 	13.601471 	27.073973 	49.929951 	29.206163 	25.019993 	82.006096 	
44.721359 	101.257095 	35.000000 	50.990196 	12.165525 	19.798990 	121.753853 	24.351591 	113.004425 	110.941429 	50.009998 	64.132675 	124.326187 	71.063354 	40.261642 	999.000000 	51.156624 	133.958954 	95.854057 	36.769554 	54.037025 	114.057007 	71.021126 	122.065559 	112.507774 	40.496914 	31.890438 	57.140179 	130.000000 	36.055511 	28.160255 	30.232433 	107.786827 	68.117546 	125.363472 	39.446167 	36.878178 	90.027771 	37.202152 	129.849915 	88.283630 	113.318138 	37.735924 	48.764740 	66.483078 	37.121422 	39.115215 	64.938431 	111.427109 	
13.892444 	69.771057 	16.492422 	14.035668 	49.648766 	65.764732 	94.429871 	28.284271 	81.492332 	77.698135 	5.099020 	20.000000 	94.413979 	27.658634 	13.416408 	51.156624 	999.000000 	104.709122 	55.973209 	19.723083 	3.605551 	78.816238 	24.839485 	88.752464 	76.400261 	16.401220 	31.906113 	6.000000 	97.637085 	26.400757 	53.665630 	39.962482 	68.680420 	18.788294 	91.021973 	23.345236 	30.479502 	43.566040 	38.948685 	93.861603 	40.706264 	72.180328 	41.773197 	20.615528 	15.524175 	63.285069 	41.725292 	14.764823 	68.883957 	
98.229324 	34.985710 	110.000000 	93.193344 	140.716019 	153.717270 	12.529964 	123.693169 	23.259407 	27.513634 	100.846420 	84.970581 	10.295630 	77.878113 	115.965515 	133.958954 	104.709122 	999.000000 	51.662365 	122.036880 	101.533249 	28.284271 	82.079231 	18.027756 	31.257000 	119.887444 	133.454117 	101.980392 	10.440307 	129.247818 	151.855194 	140.801285 	41.194660 	90.249657 	18.248287 	127.094452 	133.689941 	70.213959 	142.003525 	21.023796 	74.330345 	43.104523 	144.779144 	125.239769 	102.181213 	162.606888 	145.055161 	105.688217 	48.093658 	
53.254108 	20.615528 	65.215027 	47.201694 	99.478638 	114.490173 	44.045429 	79.630394 	29.154760 	24.331051 	53.037724 	36.069378 	41.773197 	28.319605 	68.593002 	95.854057 	55.973209 	51.662365 	999.000000 	74.966660 	52.497620 	23.769728 	31.622776 	34.176014 	21.023796 	72.138756 	87.045967 	52.201534 	43.081318 	82.024384 	107.615051 	94.921021 	12.727922 	39.446167 	35.777088 	79.246452 	86.278618 	19.000000 	94.762863 	38.013157 	23.021729 	17.464249 	97.590981 	75.802376 	50.990196 	117.923706 	97.621719 	54.561890 	16.124516 	
24.166092 	87.091904 	14.035668 	28.844410 	32.062439 	48.000000 	111.139549 	12.529964 	99.045441 	95.603348 	21.931713 	38.948685 	111.772087 	46.754681 	6.403124 	36.769554 	19.723083 	122.036880 	74.966660 	999.000000 	23.323807 	97.185387 	44.407207 	106.826965 	94.921021 	4.000000 	12.206555 	25.079872 	115.602768 	7.211102 	34.014702 	20.248457 	87.692642 	38.470768 	109.343498 	6.000000 	11.661903 	63.285069 	20.000000 	112.538879 	60.415230 	91.547798 	22.803509 	12.727922 	32.557640 	43.566040 	23.021729 	30.149628 	88.408142 	
14.142136 	66.640831 	19.104973 	12.649111 	52.952808 	69.050705 	91.389275 	31.575306 	78.294319 	74.431175 	5.000000 	16.643316 	91.241440 	24.207438 	17.000000 	54.037025 	3.605551 	101.533249 	52.497620 	23.323807 	999.000000 	75.451973 	21.260292 	85.440041 	73.006851 	20.000000 	35.510563 	3.605551 	94.339813 	30.000000 	57.245087 	43.566040 	65.192024 	15.231546 	87.658424 	26.907248 	34.058773 	39.962482 	42.520584 	90.426765 	37.121422 	68.622154 	45.343136 	23.706539 	13.416408 	66.887962 	45.276924 	13.453624 	65.299309 	
74.249580 	14.142136 	86.278618 	68.622154 	119.201508 	133.405396 	23.086792 	100.498756 	9.219544 	5.385165 	75.432091 	58.821766 	19.026299 	51.312767 	90.906548 	114.057007 	78.816238 	28.284271 	23.769728 	97.185387 	75.451973 	999.000000 	55.072678 	10.440307 	3.000000 	94.641426 	109.041275 	75.471848 	19.313208 	104.350372 	128.763351 	116.726173 	13.000000 	63.063461 	12.206555 	101.828285 	108.706024 	41.976185 	117.153748 	15.811388 	46.097721 	16.552946 	119.970833 	99.020203 	74.732857 	139.316193 	120.104118 	78.294319 	21.189621 	
26.305893 	47.801674 	37.000000 	20.099751 	72.111023 	87.931793 	72.801102 	51.078373 	58.872746 	54.625999 	22.825424 	7.000000 	71.867935 	5.099020 	38.013157 	71.021126 	24.839485 	82.079231 	31.622776 	44.407207 	21.260292 	55.072678 	999.000000 	65.299309 	52.478565 	41.231056 	56.612720 	20.615528 	74.242844 	51.224995 	78.032043 	64.637451 	44.204071 	8.246211 	67.230942 	48.166378 	55.317268 	19.313208 	63.780876 	69.634758 	17.262676 	47.381432 	66.603302 	44.204071 	20.396078 	87.920418 	66.528191 	23.769728 	44.045429 	
83.546394 	20.808653 	95.524864 	78.102493 	127.781059 	141.605087 	15.620500 	109.603828 	9.486833 	11.313708 	85.211502 	68.796799 	9.848858 	61.400326 	100.603180 	122.065559 	88.752464 	18.027756 	34.176014 	106.826965 	85.440041 	10.440307 	65.299309 	999.000000 	13.341664 	104.403069 	118.562218 	85.586212 	8.944272 	114.017540 	137.887634 	126.150703 	23.194826 	73.348480 	4.000000 	111.606453 	118.406082 	52.392746 	126.822708 	10.049875 	56.515484 	25.317978 	129.630249 	109.077957 	85.088188 	148.519363 	129.807556 	88.639717 	30.265491 	
72.180328 	14.035668 	84.219948 	66.468040 	117.413795 	131.764938 	25.961510 	98.493652 	11.661903 	7.071068 	73.109505 	56.400356 	22.022715 	48.826221 	88.617157 	112.507774 	76.400261 	31.257000 	21.023796 	94.921021 	73.006851 	3.000000 	52.478565 	13.341664 	999.000000 	92.314682 	106.831642 	72.945183 	22.135944 	102.068604 	126.732002 	114.560028 	10.000000 	60.415230 	14.764823 	99.488693 	106.404884 	39.051247 	114.865135 	17.691807 	43.174065 	13.892444 	117.686020 	96.519424 	72.013885 	137.244308 	117.796432 	75.584389 	18.384777 	
22.803509 	84.905830 	14.317822 	26.832815 	36.055511 	52.000000 	109.178749 	16.155495 	96.798759 	93.230896 	19.209373 	36.069378 	109.603828 	43.840622 	4.123106 	40.496914 	16.401220 	119.887444 	72.138756 	4.000000 	20.000000 	94.641426 	41.231056 	104.403069 	92.314682 	999.000000 	15.652476 	21.470911 	113.225441 	10.000000 	37.696156 	23.706539 	84.864601 	34.985710 	106.826965 	7.211102 	14.142136 	59.908264 	22.627417 	109.877205 	56.938564 	88.526833 	25.455845 	10.295630 	28.635643 	47.010635 	25.495098 	26.172504 	85.276024 	
35.227829 	98.600204 	23.706539 	40.459858 	23.769728 	38.639359 	122.331520 	13.038404 	110.602890 	107.298645 	34.058773 	51.088158 	123.223373 	58.898216 	18.601076 	31.890438 	31.906113 	133.454117 	87.045967 	12.206555 	35.510563 	109.041275 	56.612720 	118.562218 	106.831642 	15.652476 	999.000000 	37.121422 	127.283150 	6.082763 	22.135944 	8.062258 	99.764725 	50.606323 	121.165176 	10.049875 	5.000000 	75.471848 	9.219544 	124.482933 	72.560318 	103.711136 	11.704700 	19.104973 	43.965897 	31.384710 	12.369317 	41.231056 	100.603180 	
17.691807 	67.230942 	22.360680 	15.652476 	55.578773 	71.700768 	92.114059 	34.234486 	78.721024 	74.706093 	8.602325 	17.088007 	91.706055 	24.186773 	18.973665 	57.140179 	6.000000 	101.980392 	52.201534 	25.079872 	3.605551 	75.471848 	20.615528 	85.586212 	72.945183 	21.470911 	37.121422 	999.000000 	94.514549 	31.384710 	59.093147 	45.177429 	64.815125 	13.601471 	87.664131 	28.017851 	35.227829 	38.600517 	43.600460 	90.210861 	35.510563 	67.896980 	46.400433 	23.600847 	9.848858 	68.476273 	46.227695 	9.899495 	64.381676 	
92.195442 	29.000000 	104.139328 	86.833176 	136.029404 	149.626205 	14.560220 	118.139748 	17.029387 	20.000000 	94.047859 	77.698135 	8.062258 	70.327805 	109.402924 	130.000000 	97.637085 	10.440307 	43.081318 	115.602768 	94.339813 	19.313208 	74.242844 	8.944272 	22.135944 	113.225441 	127.283150 	94.514549 	999.000000 	122.800652 	146.413803 	134.825821 	31.780497 	82.292160 	8.000000 	120.432556 	127.200630 	61.131008 	135.602356 	10.816654 	65.253349 	33.000000 	138.405197 	117.991524 	94.021271 	157.079605 	138.600143 	97.575615 	38.000000 	
31.304953 	94.302704 	20.615528 	36.055511 	29.120440 	44.407207 	118.338501 	13.892444 	106.254410 	102.800781 	29.000000 	45.967381 	118.983192 	53.758720 	13.453624 	36.055511 	26.400757 	129.247818 	82.024384 	7.211102 	30.000000 	104.350372 	51.224995 	114.017540 	102.068604 	10.000000 	6.082763 	31.384710 	122.800652 	999.000000 	28.160255 	13.928389 	94.752312 	44.944408 	116.516090 	4.000000 	4.472136 	69.892776 	12.806249 	119.670380 	66.887962 	98.493652 	15.620500 	13.341664 	37.947330 	37.121422 	15.811388 	35.171009 	95.268044 	
54.561890 	117.456375 	42.520584 	60.440052 	16.031219 	22.022715 	140.246216 	28.284271 	129.495178 	126.574089 	55.226807 	72.111023 	141.767410 	79.881165 	40.249222 	28.160255 	53.665630 	151.855194 	107.615051 	34.014702 	57.245087 	128.763351 	78.032043 	137.887634 	126.732002 	37.696156 	22.135944 	59.093147 	146.413803 	28.160255 	999.000000 	14.317822 	120.253899 	72.449982 	140.730240 	32.015621 	25.317978 	97.128784 	19.104973 	144.422989 	94.366310 	124.619423 	17.464249 	40.311287 	66.098412 	10.816654 	18.681541 	63.324562 	121.757957 	
42.638012 	106.042442 	30.805843 	48.104053 	19.849434 	32.893768 	129.529922 	18.027756 	118.067780 	114.865135 	42.011902 	59.033890 	130.602448 	66.843102 	26.627054 	30.232433 	39.962482 	140.801285 	94.921021 	20.248457 	43.566040 	116.726173 	64.637451 	126.150703 	114.560028 	23.706539 	8.062258 	45.177429 	134.825821 	13.928389 	14.317822 	999.000000 	107.628990 	58.668560 	128.817703 	17.720045 	11.045361 	83.528435 	7.071068 	132.230865 	80.622574 	111.664673 	7.615773 	26.076809 	51.865211 	23.323807 	8.944272 	49.040798 	108.600182 	
65.802734 	17.804493 	77.801025 	59.816387 	111.830231 	126.657021 	35.693138 	92.200867 	20.880613 	15.811388 	65.764732 	48.795490 	32.015621 	41.036568 	81.320351 	107.786827 	68.680420 	41.194660 	12.727922 	87.692642 	65.192024 	13.000000 	44.204071 	23.194826 	10.000000 	84.864601 	99.764725 	64.815125 	31.780497 	94.752312 	120.253899 	107.628990 	999.000000 	51.865211 	24.041630 	91.967384 	99.005051 	29.410883 	107.489532 	25.553865 	33.526108 	7.280110 	110.317726 	88.408142 	63.134777 	130.598618 	110.344917 	66.730804 	9.899495 	
24.331051 	56.044624 	33.241539 	18.973665 	67.911705 	83.952370 	81.043198 	46.572525 	67.067131 	62.769421 	18.248287 	9.433981 	80.056229 	13.038404 	32.202484 	68.117546 	18.788294 	90.249657 	39.446167 	38.470768 	15.231546 	63.063461 	8.246211 	73.348480 	60.415230 	34.985710 	50.606323 	13.601471 	82.292160 	44.944408 	72.449982 	58.668560 	51.865211 	999.000000 	75.179787 	41.617306 	48.826221 	25.000000 	57.201397 	77.388626 	21.954498 	54.561890 	60.000000 	36.796738 	12.165525 	81.987801 	59.816387 	15.524175 	50.911690 	
86.278618 	24.186773 	98.290382 	80.721741 	130.873978 	144.844742 	18.439089 	112.449989 	13.341664 	14.422205 	87.618492 	71.028160 	12.041595 	63.513779 	103.077644 	125.363472 	91.021973 	18.248287 	35.777088 	109.343498 	87.658424 	12.206555 	67.230942 	4.000000 	14.764823 	106.826965 	121.165176 	87.664131 	8.000000 	116.516090 	140.730240 	128.817703 	24.041630 	75.179787 	999.000000 	114.017540 	120.880104 	53.450912 	129.321304 	6.082763 	57.567352 	25.000000 	132.136292 	111.220505 	86.764046 	151.320847 	132.279999 	90.338257 	30.000000 	
29.732138 	92.114059 	20.024984 	34.000000 	32.984844 	48.373547 	116.361504 	16.278820 	104.009613 	100.439034 	26.400757 	43.185646 	116.811813 	50.931328 	11.180340 	39.446167 	23.345236 	127.094452 	79.246452 	6.000000 	26.907248 	101.828285 	48.166378 	111.606453 	99.488693 	7.211102 	10.049875 	28.017851 	120.432556 	4.000000 	32.015621 	17.720045 	91.967384 	41.617306 	114.017540 	999.000000 	7.211102 	66.610809 	15.620500 	117.034180 	63.513779 	95.524864 	18.439089 	9.486833 	34.176014 	40.718548 	18.384777 	31.320919 	92.195442 	
35.777088 	98.737022 	25.000000 	40.496914 	28.635643 	43.174065 	122.800652 	16.763054 	110.679718 	107.200745 	33.301651 	50.209560 	123.422043 	57.982758 	17.804493 	36.878178 	30.479502 	133.689941 	86.278618 	11.661903 	34.058773 	108.706024 	55.317268 	118.406082 	106.404884 	14.142136 	5.000000 	35.227829 	127.200630 	4.472136 	25.317978 	11.045361 	99.005051 	48.826221 	120.880104 	7.211102 	999.000000 	73.817345 	8.485281 	123.987900 	70.724815 	102.649887 	11.313708 	15.033297 	41.231056 	33.615471 	11.401754 	38.275318 	99.357941 	
45.354160 	39.319206 	56.302753 	39.051247 	91.416626 	107.205414 	63.031738 	70.384659 	48.093658 	43.185646 	42.047592 	25.961510 	60.530983 	19.104973 	56.938564 	90.027771 	43.566040 	70.213959 	19.000000 	63.285069 	39.962482 	41.976185 	19.313208 	52.392746 	39.051247 	59.908264 	75.471848 	38.600517 	61.131008 	69.892776 	97.128784 	83.528435 	29.410883 	25.000000 	53.450912 	66.610809 	73.817345 	999.000000 	82.200974 	54.625999 	4.123106 	30.528675 	85.000000 	61.554855 	34.828148 	106.850365 	84.811554 	38.418747 	26.400757 	
43.908997 	107.074738 	32.695564 	48.826221 	26.907248 	39.395432 	131.026718 	22.022715 	119.037811 	115.602768 	41.773197 	58.694122 	131.745972 	66.468040 	26.248810 	37.202152 	38.948685 	142.003525 	94.762863 	20.000000 	42.520584 	117.153748 	63.780876 	126.822708 	114.865135 	22.627417 	9.219544 	43.600460 	135.602356 	12.806249 	19.104973 	7.071068 	107.489532 	57.201397 	129.321304 	15.620500 	8.485281 	82.200974 	999.000000 	132.457535 	79.056938 	111.126053 	2.828427 	22.135944 	49.193497 	25.961510 	3.162278 	46.097721 	107.814659 	
89.872131 	29.154760 	101.911728 	84.148682 	135.000000 	149.214615 	23.853722 	116.180893 	19.104973 	19.313208 	90.686272 	73.878281 	17.204651 	66.219330 	106.216759 	129.849915 	93.861603 	21.023796 	38.013157 	112.538879 	90.426765 	15.811388 	69.634758 	10.049875 	17.691807 	109.877205 	124.482933 	90.210861 	10.816654 	119.670380 	144.422989 	132.230865 	25.553865 	77.388626 	6.082763 	117.034180 	123.987900 	54.625999 	132.457535 	999.000000 	58.694122 	24.738634 	135.281189 	113.811249 	88.684837 	154.935471 	135.369858 	92.282173 	29.614185 	
43.566040 	43.185646 	54.120235 	37.336308 	89.185204 	105.080925 	67.067131 	68.007355 	52.153618 	47.265209 	39.560081 	24.186773 	64.629715 	18.110771 	54.120235 	88.283630 	40.706264 	74.330345 	23.021729 	60.415230 	37.121422 	46.097721 	17.262676 	56.515484 	43.174065 	56.938564 	72.560318 	35.510563 	65.253349 	66.887962 	94.366310 	80.622574 	33.526108 	21.954498 	57.567352 	63.513779 	70.724815 	4.123106 	79.056938 	58.694122 	999.000000 	34.481880 	81.841309 	58.137768 	31.144823 	103.942291 	81.608826 	34.713108 	30.232433 	
70.491135 	24.698177 	82.377182 	64.350601 	116.846054 	131.928009 	39.560081 	96.798759 	25.553865 	20.808653 	69.656296 	52.630791 	34.928497 	44.821869 	85.146935 	113.318138 	72.180328 	43.104523 	17.464249 	91.547798 	68.622154 	16.552946 	47.381432 	25.317978 	13.892444 	88.526833 	103.711136 	67.896980 	33.000000 	98.493652 	124.619423 	111.664673 	7.280110 	54.561890 	25.000000 	95.524864 	102.649887 	30.528675 	111.126053 	24.738634 	34.481880 	999.000000 	113.951744 	91.350975 	65.215027 	134.807266 	113.899078 	68.818604 	5.000000 	
46.647614 	109.859001 	35.341194 	51.613953 	26.907248 	38.470768 	133.775925 	24.186773 	121.827744 	118.406082 	44.598206 	61.522354 	134.525085 	69.296463 	29.068884 	37.735924 	41.773197 	144.779144 	97.590981 	22.803509 	45.343136 	119.970833 	66.603302 	129.630249 	117.686020 	25.455845 	11.704700 	46.400433 	138.405197 	15.620500 	17.464249 	7.615773 	110.317726 	60.000000 	132.136292 	18.439089 	11.313708 	85.000000 	2.828427 	135.281189 	81.841309 	113.951744 	999.000000 	24.698177 	51.884487 	23.537205 	1.414214 	48.754486 	110.634537 	
31.016125 	90.338257 	24.351591 	33.734257 	42.449970 	57.706154 	115.039124 	25.000000 	102.000000 	98.112183 	25.000000 	40.311287 	114.947815 	47.707443 	13.601471 	48.764740 	20.615528 	125.239769 	75.802376 	12.727922 	23.706539 	99.020203 	44.204071 	109.077957 	96.519424 	10.295630 	19.104973 	23.600847 	117.991524 	13.341664 	40.311287 	26.076809 	88.408142 	36.796738 	111.220505 	9.486833 	15.033297 	61.554855 	22.135944 	113.811249 	58.137768 	91.350975 	24.698177 	999.000000 	27.459061 	48.083260 	24.166092 	24.186773 	87.692642 	
27.202942 	68.154236 	32.015621 	24.083189 	64.124878 	80.224686 	93.145050 	43.000000 	79.056938 	74.672615 	18.357559 	20.223749 	92.027168 	25.179358 	27.073973 	66.483078 	15.524175 	102.181213 	50.990196 	32.557640 	13.416408 	74.732857 	20.396078 	85.088188 	72.013885 	28.635643 	43.965897 	9.848858 	94.021271 	37.947330 	66.098412 	51.865211 	63.134777 	12.165525 	86.764046 	34.176014 	41.231056 	34.828148 	49.193497 	88.684837 	31.144823 	65.215027 	51.884487 	27.459061 	999.000000 	74.846512 	51.478149 	3.605551 	61.220913 	
65.069191 	128.144455 	53.037724 	70.837845 	25.495098 	25.495098 	151.029800 	38.948685 	140.185593 	137.207870 	65.215027 	82.200974 	152.502457 	90.000000 	49.929951 	37.121422 	63.285069 	162.606888 	117.923706 	43.566040 	66.887962 	139.316193 	87.920418 	148.519363 	137.244308 	47.010635 	31.384710 	68.476273 	157.079605 	37.121422 	10.816654 	23.323807 	130.598618 	81.987801 	151.320847 	40.718548 	33.615471 	106.850365 	25.961510 	154.935471 	103.942291 	134.807266 	23.537205 	48.083260 	74.846512 	999.000000 	24.331051 	71.867935 	131.825638 	
47.010635 	110.113579 	35.846897 	51.865211 	28.319605 	39.824615 	134.111893 	25.079872 	122.065559 	118.600166 	44.687805 	61.554855 	134.792435 	69.310890 	29.206163 	39.115215 	41.725292 	145.055161 	97.621719 	23.021729 	45.276924 	120.104118 	66.528191 	129.807556 	117.796432 	25.495098 	12.369317 	46.227695 	138.600143 	15.811388 	18.681541 	8.944272 	110.344917 	59.816387 	132.279999 	18.384777 	11.401754 	84.811554 	3.162278 	135.369858 	81.608826 	113.899078 	1.414214 	24.166092 	51.478149 	24.331051 	999.000000 	48.301140 	110.535065 	
27.586229 	71.568146 	31.016125 	25.238859 	62.008064 	78.057671 	96.566040 	41.109608 	82.540901 	78.185677 	18.439089 	23.021729 	95.519630 	28.442924 	25.019993 	64.938431 	14.764823 	105.688217 	54.561890 	30.149628 	13.453624 	78.294319 	23.769728 	88.639717 	75.584389 	26.172504 	41.231056 	9.899495 	97.575615 	35.171009 	63.324562 	49.040798 	66.730804 	15.524175 	90.338257 	31.320919 	38.275318 	38.418747 	46.097721 	92.282173 	34.713108 	68.818604 	48.754486 	24.186773 	3.605551 	71.867935 	48.301140 	999.000000 	64.815125 	
68.000000 	27.658634 	79.755875 	61.773781 	114.490173 	129.769028 	44.271889 	94.154129 	29.966648 	25.059929 	66.610809 	49.648766 	39.812057 	41.880783 	82.006096 	111.427109 	68.883957 	48.093658 	16.124516 	88.408142 	65.299309 	21.189621 	44.045429 	30.265491 	18.384777 	85.276024 	100.603180 	64.381676 	38.000000 	95.268044 	121.757957 	108.600182 	9.899495 	50.911690 	30.000000 	92.195442 	99.357941 	26.400757 	107.814659 	29.614185 	30.232433 	5.000000 	110.634537 	87.692642 	61.220913 	131.825638 	110.535065 	64.815125 	999.000000 	

Travel time:
9.000000 	1.585284 	0.301040 	0.158114 	1.162970 	1.550806 	2.178302 	0.660019 	1.885802 	1.806239 	0.230489 	0.485412 	2.200142 	0.664266 	0.467039 	1.118034 	0.347311 	2.455733 	1.331353 	0.604152 	0.353553 	1.856240 	0.657647 	2.088660 	1.804508 	0.570088 	0.880696 	0.442295 	2.304886 	0.782624 	1.364047 	1.065950 	1.645068 	0.608276 	2.156965 	0.743303 	0.894427 	1.133854 	1.097725 	2.246803 	1.089151 	1.762278 	1.166190 	0.775403 	0.680074 	1.626730 	1.175266 	0.689656 	1.700000 	
1.585284 	9.000000 	1.882153 	1.456237 	2.676402 	3.020037 	0.625000 	2.229910 	0.301040 	0.246221 	1.646587 	1.253994 	0.617454 	1.083109 	2.024846 	2.531427 	1.744276 	0.874643 	0.515388 	2.177298 	1.666021 	0.353553 	1.195042 	0.520216 	0.350892 	2.122646 	2.465005 	1.680773 	0.725000 	2.357568 	2.936409 	2.651061 	0.445112 	1.401116 	0.604669 	2.302851 	2.468426 	0.982980 	2.676868 	0.728869 	1.079641 	0.617454 	2.746475 	2.258456 	1.703856 	3.203611 	2.752840 	1.789204 	0.691466 	
0.301040 	1.882153 	9.000000 	0.450694 	0.877853 	1.274019 	2.468426 	0.360555 	2.183031 	2.105499 	0.375832 	0.761577 	2.495245 	0.950329 	0.269258 	0.875000 	0.412311 	2.750000 	1.630376 	0.350892 	0.477624 	2.156965 	0.925000 	2.388122 	2.105499 	0.357946 	0.592663 	0.559017 	2.603483 	0.515388 	1.063015 	0.770146 	1.945026 	0.831038 	2.457260 	0.500625 	0.625000 	1.407569 	0.817389 	2.547793 	1.353006 	2.059430 	0.883530 	0.608790 	0.800391 	1.325943 	0.896172 	0.775403 	1.993897 	
0.158114 	1.456237 	0.450694 	9.000000 	1.320038 	1.708801 	2.059126 	0.811249 	1.755349 	1.671077 	0.225000 	0.328824 	2.073192 	0.506211 	0.570636 	1.274755 	0.350892 	2.329834 	1.180042 	0.721110 	0.316228 	1.715554 	0.502494 	1.952562 	1.661701 	0.670820 	1.011496 	0.391312 	2.170829 	0.901388 	1.511001 	1.202601 	1.495410 	0.474342 	2.018044 	0.850000 	1.012423 	0.976281 	1.220656 	2.103717 	0.933408 	1.608765 	1.290349 	0.843356 	0.602080 	1.770946 	1.296630 	0.630971 	1.544345 	
1.162970 	2.676402 	0.877853 	1.320038 	9.000000 	0.403113 	3.219084 	0.534439 	2.975105 	2.912902 	1.243232 	1.638788 	3.270799 	1.825171 	0.926350 	0.304138 	1.241219 	3.517900 	2.486966 	0.801561 	1.323820 	2.980038 	1.802776 	3.194526 	2.935345 	0.901388 	0.594243 	1.389469 	3.400735 	0.728011 	0.400780 	0.496236 	2.795756 	1.697793 	3.271849 	0.824621 	0.715891 	2.285416 	0.672681 	3.375000 	2.229630 	2.921151 	0.672681 	1.061249 	1.603122 	0.637377 	0.707990 	1.550202 	2.862254 	
1.550806 	3.020037 	1.274019 	1.708801 	0.403113 	9.000000 	3.538361 	0.937083 	3.315305 	3.260751 	1.643358 	2.031779 	3.601128 	2.215006 	1.328768 	0.494975 	1.644118 	3.842932 	2.862254 	1.200000 	1.726268 	3.335135 	2.198295 	3.540127 	3.294123 	1.300000 	0.965984 	1.792519 	3.740655 	1.110180 	0.550568 	0.822344 	3.166425 	2.098809 	3.621119 	1.209339 	1.079352 	2.680135 	0.984886 	3.730365 	2.627023 	3.298200 	0.961769 	1.442654 	2.005617 	0.637377 	0.995615 	1.951442 	3.244226 	
2.178302 	0.625000 	2.468426 	2.059126 	3.219084 	3.538361 	9.000000 	2.805018 	0.375832 	0.502494 	2.258456 	1.875667 	0.167705 	1.707703 	2.629757 	3.043846 	2.360747 	0.313249 	1.101136 	2.778489 	2.284732 	0.577170 	1.820028 	0.390512 	0.649038 	2.729469 	3.058288 	2.302851 	0.364006 	2.958462 	3.506155 	3.238248 	0.892328 	2.026080 	0.460977 	2.909038 	3.070016 	1.575794 	3.275668 	0.596343 	1.676678 	0.989002 	3.344398 	2.875978 	2.328626 	3.775745 	3.352797 	2.414151 	1.106797 	
0.660019 	2.229910 	0.360555 	0.811249 	0.534439 	0.937083 	2.805018 	9.000000 	2.530934 	2.457260 	0.711512 	1.118034 	2.839234 	1.308864 	0.403113 	0.608790 	0.707107 	3.092329 	1.990760 	0.313249 	0.789383 	2.512469 	1.276959 	2.740096 	2.462341 	0.403887 	0.325960 	0.855862 	2.953494 	0.347311 	0.707107 	0.450694 	2.305022 	1.164313 	2.811250 	0.406971 	0.419076 	1.759616 	0.550568 	2.904522 	1.700184 	2.419969 	0.604669 	0.625000 	1.075000 	0.973717 	0.626997 	1.027740 	2.353853 	
1.885802 	0.301040 	2.183031 	1.755349 	2.975105 	3.315305 	0.375832 	2.530934 	9.000000 	0.127475 	1.942453 	1.542928 	0.325000 	1.365650 	2.322849 	2.825111 	2.037308 	0.581485 	0.728869 	2.476136 	1.957358 	0.230489 	1.471819 	0.237171 	0.291548 	2.419969 	2.765072 	1.968026 	0.425735 	2.656360 	3.237380 	2.951694 	0.522015 	1.676678 	0.333542 	2.600240 	2.766993 	1.202341 	2.975945 	0.477624 	1.303840 	0.638847 	3.045694 	2.550000 	1.976424 	3.504640 	3.051639 	2.063523 	0.749166 	
1.806239 	0.246221 	2.105499 	1.671077 	2.912902 	3.260751 	0.502494 	2.457260 	0.127475 	9.000000 	1.851520 	1.445035 	0.436606 	1.263428 	2.235090 	2.773536 	1.942453 	0.687841 	0.608276 	2.390084 	1.860779 	0.134629 	1.365650 	0.282843 	0.176777 	2.330772 	2.682466 	1.867652 	0.500000 	2.570019 	3.164352 	2.871628 	0.395285 	1.569236 	0.360555 	2.510976 	2.680019 	1.079641 	2.890069 	0.482830 	1.181630 	0.520216 	2.960152 	2.452805 	1.866815 	3.430197 	2.965004 	1.954642 	0.626498 	
0.230489 	1.646587 	0.375832 	0.225000 	1.243232 	1.643358 	2.258456 	0.711512 	1.942453 	1.851520 	9.000000 	0.425735 	2.263846 	0.620987 	0.388909 	1.250250 	0.127475 	2.521161 	1.325943 	0.548293 	0.125000 	1.885802 	0.570636 	2.130288 	1.827738 	0.480234 	0.851469 	0.215058 	2.351197 	0.725000 	1.380670 	1.050297 	1.644118 	0.456207 	2.190462 	0.660019 	0.832541 	1.051190 	1.044330 	2.267157 	0.989002 	1.741407 	1.114955 	0.625000 	0.458939 	1.630376 	1.117195 	0.460977 	1.665270 	
0.485412 	1.253994 	0.761577 	0.328824 	1.638788 	2.031779 	1.875667 	1.118034 	1.542928 	1.445035 	0.425735 	9.000000 	1.867150 	0.195256 	0.813941 	1.603317 	0.500000 	2.124264 	0.901734 	0.973717 	0.416083 	1.470544 	0.175000 	1.719920 	1.410009 	0.901734 	1.277204 	0.427200 	1.942453 	1.149184 	1.802776 	1.475847 	1.219887 	0.235850 	1.775704 	1.079641 	1.255239 	0.649038 	1.467353 	1.846957 	0.604669 	1.315770 	1.538059 	1.007782 	0.505594 	2.055024 	1.538871 	0.575543 	1.241219 	
2.200142 	0.617454 	2.495245 	2.073192 	3.270799 	3.601128 	0.167705 	2.839234 	0.325000 	0.436606 	2.263846 	1.867150 	9.000000 	1.690599 	2.642205 	3.108155 	2.360349 	0.257391 	1.044330 	2.794302 	2.281036 	0.475657 	1.796698 	0.246221 	0.550568 	2.740096 	3.080584 	2.292651 	0.201556 	2.974580 	3.544185 	3.265061 	0.800391 	2.001406 	0.301040 	2.920295 	3.085551 	1.513275 	3.293649 	0.430116 	1.615743 	0.873212 	3.363127 	2.873695 	2.300679 	3.812562 	3.369811 	2.387991 	0.995301 	
0.664266 	1.083109 	0.950329 	0.506211 	1.825171 	2.215006 	1.707703 	1.308864 	1.365650 	1.263428 	0.620987 	0.195256 	1.690599 	9.000000 	1.009022 	1.776584 	0.691466 	1.946953 	0.707990 	1.168867 	0.605186 	1.282819 	0.127475 	1.535008 	1.220656 	1.096016 	1.472455 	0.604669 	1.758195 	1.343968 	1.997029 	1.671077 	1.025914 	0.325960 	1.587844 	1.273283 	1.449569 	0.477624 	1.661701 	1.655483 	0.452769 	1.120547 	1.732412 	1.192686 	0.629484 	2.250000 	1.732772 	0.711073 	1.047020 	
0.467039 	2.024846 	0.269258 	0.570636 	0.926350 	1.328768 	2.629757 	0.403113 	2.322849 	2.235090 	0.388909 	0.813941 	2.642205 	1.009022 	9.000000 	1.006541 	0.335410 	2.899138 	1.714825 	0.160078 	0.425000 	2.272664 	0.950329 	2.515079 	2.215429 	0.103078 	0.465027 	0.474342 	2.735073 	0.336341 	1.006231 	0.665676 	2.033009 	0.805062 	2.576941 	0.279509 	0.445112 	1.423464 	0.656220 	2.655419 	1.353006 	2.128673 	0.726722 	0.340037 	0.676849 	1.248249 	0.730154 	0.625500 	2.050152 	
1.118034 	2.531427 	0.875000 	1.274755 	0.304138 	0.494975 	3.043846 	0.608790 	2.825111 	2.773536 	1.250250 	1.603317 	3.108155 	1.776584 	1.006541 	9.000000 	1.278916 	3.348974 	2.396351 	0.919239 	1.350926 	2.851425 	1.775528 	3.051639 	2.812694 	1.012423 	0.797261 	1.428504 	3.250000 	0.901388 	0.704006 	0.755811 	2.694671 	1.702939 	3.134087 	0.986154 	0.921954 	2.250694 	0.930054 	3.246248 	2.207091 	2.832953 	0.943398 	1.219118 	1.662077 	0.928036 	0.977880 	1.623461 	2.785678 	
0.347311 	1.744276 	0.412311 	0.350892 	1.241219 	1.644118 	2.360747 	0.707107 	2.037308 	1.942453 	0.127475 	0.500000 	2.360349 	0.691466 	0.335410 	1.278916 	9.000000 	2.617728 	1.399330 	0.493077 	0.090139 	1.970406 	0.620987 	2.218812 	1.910007 	0.410031 	0.797653 	0.150000 	2.440927 	0.660019 	1.341641 	0.999062 	1.717010 	0.469707 	2.275549 	0.583631 	0.761988 	1.089151 	0.973717 	2.346540 	1.017657 	1.804508 	1.044330 	0.515388 	0.388104 	1.582127 	1.043132 	0.369121 	1.722099 	
2.455733 	0.874643 	2.750000 	2.329834 	3.517900 	3.842932 	0.313249 	3.092329 	0.581485 	0.687841 	2.521161 	2.124264 	0.257391 	1.946953 	2.899138 	3.348974 	2.617728 	9.000000 	1.291559 	3.050922 	2.538331 	0.707107 	2.051981 	0.450694 	0.781425 	2.997186 	3.336353 	2.549510 	0.261008 	3.231195 	3.796380 	3.520032 	1.029866 	2.256241 	0.456207 	3.177361 	3.342248 	1.755349 	3.550088 	0.525595 	1.858259 	1.077613 	3.619479 	3.130994 	2.554530 	4.065172 	3.626379 	2.642205 	1.202341 	
1.331353 	0.515388 	1.630376 	1.180042 	2.486966 	2.862254 	1.101136 	1.990760 	0.728869 	0.608276 	1.325943 	0.901734 	1.044330 	0.707990 	1.714825 	2.396351 	1.399330 	1.291559 	9.000000 	1.874166 	1.312441 	0.594243 	0.790569 	0.854400 	0.525595 	1.803469 	2.176149 	1.305038 	1.077033 	2.050610 	2.690376 	2.373025 	0.318198 	0.986154 	0.894427 	1.981161 	2.156965 	0.475000 	2.369071 	0.950329 	0.575543 	0.436606 	2.439775 	1.895059 	1.274755 	2.948093 	2.440543 	1.364047 	0.403113 	
0.604152 	2.177298 	0.350892 	0.721110 	0.801561 	1.200000 	2.778489 	0.313249 	2.476136 	2.390084 	0.548293 	0.973717 	2.794302 	1.168867 	0.160078 	0.919239 	0.493077 	3.050922 	1.874166 	9.000000 	0.583095 	2.429635 	1.110180 	2.670674 	2.373025 	0.100000 	0.305164 	0.626997 	2.890069 	0.180278 	0.850368 	0.506211 	2.192316 	0.961769 	2.733588 	0.150000 	0.291548 	1.582127 	0.500000 	2.813472 	1.510381 	2.288695 	0.570088 	0.318198 	0.813941 	1.089151 	0.575543 	0.753741 	2.210204 	
0.353553 	1.666021 	0.477624 	0.316228 	1.323820 	1.726268 	2.284732 	0.789383 	1.957358 	1.860779 	0.125000 	0.416083 	2.281036 	0.605186 	0.425000 	1.350926 	0.090139 	2.538331 	1.312441 	0.583095 	9.000000 	1.886299 	0.531507 	2.136001 	1.825171 	0.500000 	0.887764 	0.090139 	2.358495 	0.750000 	1.431127 	1.089151 	1.629801 	0.380789 	2.191461 	0.672681 	0.851469 	0.999062 	1.063015 	2.260669 	0.928036 	1.715554 	1.133578 	0.592663 	0.335410 	1.672199 	1.131923 	0.336341 	1.632483 	
1.856240 	0.353553 	2.156965 	1.715554 	2.980038 	3.335135 	0.577170 	2.512469 	0.230489 	0.134629 	1.885802 	1.470544 	0.475657 	1.282819 	2.272664 	2.851425 	1.970406 	0.707107 	0.594243 	2.429635 	1.886299 	9.000000 	1.376817 	0.261008 	0.075000 	2.366036 	2.726032 	1.886796 	0.482830 	2.608759 	3.219084 	2.918154 	0.325000 	1.576586 	0.305164 	2.545707 	2.717651 	1.049405 	2.928844 	0.395285 	1.152443 	0.413824 	2.999271 	2.475505 	1.868321 	3.482905 	3.002603 	1.957358 	0.529741 	
0.657647 	1.195042 	0.925000 	0.502494 	1.802776 	2.198295 	1.820028 	1.276959 	1.471819 	1.365650 	0.570636 	0.175000 	1.796698 	0.127475 	0.950329 	1.775528 	0.620987 	2.051981 	0.790569 	1.110180 	0.531507 	1.376817 	9.000000 	1.632483 	1.311964 	1.030776 	1.415318 	0.515388 	1.856071 	1.280625 	1.950801 	1.615936 	1.105102 	0.206155 	1.680773 	1.204159 	1.382932 	0.482830 	1.594522 	1.740869 	0.431567 	1.184536 	1.665083 	1.105102 	0.509902 	2.198010 	1.663205 	0.594243 	1.101136 	
2.088660 	0.520216 	2.388122 	1.952562 	3.194526 	3.540127 	0.390512 	2.740096 	0.237171 	0.282843 	2.130288 	1.719920 	0.246221 	1.535008 	2.515079 	3.051639 	2.218812 	0.450694 	0.854400 	2.670674 	2.136001 	0.261008 	1.632483 	9.000000 	0.333542 	2.610077 	2.964056 	2.139655 	0.223607 	2.850439 	3.447191 	3.153768 	0.579871 	1.833712 	0.100000 	2.790161 	2.960152 	1.309819 	3.170568 	0.251247 	1.412887 	0.632949 	3.240756 	2.726949 	2.127205 	3.712984 	3.245189 	2.215993 	0.756637 	
1.804508 	0.350892 	2.105499 	1.661701 	2.935345 	3.294123 	0.649038 	2.462341 	0.291548 	0.176777 	1.827738 	1.410009 	0.550568 	1.220656 	2.215429 	2.812694 	1.910007 	0.781425 	0.525595 	2.373025 	1.825171 	0.075000 	1.311964 	0.333542 	9.000000 	2.307867 	2.670791 	1.823630 	0.553399 	2.551715 	3.168300 	2.864001 	0.250000 	1.510381 	0.369121 	2.487217 	2.660122 	0.976281 	2.871628 	0.442295 	1.079352 	0.347311 	2.942151 	2.412986 	1.800347 	3.431108 	2.944911 	1.889610 	0.459619 	
0.570088 	2.122646 	0.357946 	0.670820 	0.901388 	1.300000 	2.729469 	0.403887 	2.419969 	2.330772 	0.480234 	0.901734 	2.740096 	1.096016 	0.103078 	1.012423 	0.410031 	2.997186 	1.803469 	0.100000 	0.500000 	2.366036 	1.030776 	2.610077 	2.307867 	9.000000 	0.391312 	0.536773 	2.830636 	0.250000 	0.942404 	0.592663 	2.121615 	0.874643 	2.670674 	0.180278 	0.353553 	1.497707 	0.565685 	2.746930 	1.423464 	2.213171 	0.636396 	0.257391 	0.715891 	1.175266 	0.637377 	0.654313 	2.131901 	
