Total assets = 560
Number of asset nodes = 33

Distance:
999.000000 	107.628990 	58.668560 	17.720045 	83.528435 	132.230865 	80.622574 	111.664673 	7.615773 	23.323807 	49.040798 	108.600182 	129.529922 	118.067780 	59.033890 	66.843102 	26.627054 	133.660019 	31.064449 	50.960770 	78.262383 	84.118965 	14.764823 	85.422478 	36.055511 	104.009613 	76.557167 	36.013885 	45.398239 	151.380310 	34.132095 	32.649654 	24.166092 	29.698484 	26.400757 	96.602280 	52.345009 	140.264038 	25.942244 	69.375786 	20.615528 	89.157166 	104.235313 	89.693924 	21.377558 	32.310989 	134.201340 	130.667511 	34.438351 	75.504967 	
107.628990 	999.000000 	51.865211 	91.967384 	29.410883 	25.553865 	33.526108 	7.280110 	110.317726 	130.598618 	66.730804 	9.899495 	35.693138 	20.880613 	48.795490 	41.036568 	81.320351 	26.400757 	85.445892 	65.764732 	38.327538 	32.557640 	121.630585 	33.241539 	82.680107 	16.552946 	42.201897 	83.528435 	74.706093 	44.944408 	87.982956 	140.264038 	100.439034 	137.295303 	133.660019 	28.635643 	71.693794 	32.649654 	101.513542 	55.542778 	110.602890 	37.054016 	25.942244 	38.118237 	120.104118 	97.754799 	28.460499 	27.166155 	99.849884 	57.314919 	
58.668560 	51.865211 	999.000000 	41.617306 	25.000000 	77.388626 	21.954498 	54.561890 	60.000000 	81.987801 	15.524175 	50.911690 	81.043198 	67.067131 	9.433981 	13.038404 	32.202484 	78.236816 	33.600594 	15.132746 	19.924858 	25.495098 	71.610054 	26.925823 	30.886890 	45.607018 	19.104973 	31.764761 	23.769728 	96.798759 	36.235340 	90.972527 	48.600410 	87.658424 	83.600243 	38.078865 	23.021729 	83.737686 	49.648766 	19.416489 	58.898216 	31.575306 	45.617977 	32.388271 	68.622154 	46.065170 	76.419891 	72.470680 	48.332184 	26.925823 	
17.720045 	91.967384 	41.617306 	999.000000 	66.610809 	117.034180 	63.513779 	95.524864 	18.439089 	40.718548 	31.320919 	92.195442 	116.361504 	104.009613 	43.185646 	50.931328 	11.180340 	118.258194 	14.317822 	33.241539 	60.901562 	66.887962 	30.000000 	68.095520 	19.235384 	87.200920 	59.033890 	19.416489 	28.017851 	136.359818 	18.788294 	49.396355 	15.811388 	46.043457 	42.011902 	79.259071 	35.014282 	124.450790 	18.027756 	51.662365 	21.377558 	71.589104 	86.954010 	72.090218 	29.068884 	21.400934 	117.796432 	114.017540 	24.413111 	57.870544 	
83.528435 	29.410883 	25.000000 	66.610809 	999.000000 	54.625999 	4.123106 	30.528675 	85.000000 	106.850365 	38.418747 	26.400757 	63.031738 	48.093658 	25.961510 	19.104973 	56.938564 	55.009090 	58.000000 	37.202152 	9.055386 	5.000000 	96.607452 	7.071068 	54.671749 	20.615528 	13.038404 	55.443665 	46.043457 	73.790245 	59.816387 	115.935326 	72.917763 	112.645462 	108.600182 	15.000000 	42.485291 	59.640591 	73.756355 	26.305893 	83.450584 	14.212670 	21.587032 	15.620500 	93.348808 	69.404610 	51.623638 	47.507893 	71.281136 	29.154760 	
132.230865 	25.553865 	77.388626 	117.034180 	54.625999 	999.000000 	58.694122 	24.738634 	135.281189 	154.935471 	92.282173 	29.614185 	23.853722 	19.104973 	73.878281 	66.219330 	106.216759 	3.162278 	110.941429 	91.301697 	63.324562 	57.245087 	146.454773 	57.567352 	108.226616 	37.483330 	67.067131 	109.077957 	100.239716 	19.416489 	113.534134 	164.769531 	125.924583 	161.929001 	158.448730 	50.487621 	97.082436 	12.041595 	127.027557 	80.324341 	136.014709 	60.016663 	45.011108 	60.827625 	145.416641 	123.308556 	19.104973 	23.600847 	125.399361 	81.252693 	
80.622574 	33.526108 	21.954498 	63.513779 	4.123106 	58.694122 	999.000000 	34.481880 	81.841309 	103.942291 	34.713108 	30.232433 	67.067131 	52.153618 	24.186773 	18.110771 	54.120235 	59.033890 	54.451813 	33.421551 	5.000000 	4.000000 	93.477272 	6.082763 	50.990196 	24.041630 	9.000000 	51.739735 	42.201897 	77.820305 	56.080299 	112.898186 	69.310890 	109.553642 	105.437187 	16.492422 	38.470768 	63.513779 	70.092796 	22.203604 	79.906197 	13.000000 	23.769728 	14.317822 	89.872131 	65.604881 	55.226807 	50.931328 	67.424034 	25.317978 	
111.664673 	7.280110 	54.561890 	95.524864 	30.528675 	24.738634 	34.481880 	999.000000 	113.951744 	134.807266 	68.818604 	5.000000 	39.560081 	25.553865 	52.630791 	44.821869 	85.146935 	24.698177 	88.090858 	67.675697 	38.910152 	32.695564 	125.399361 	32.893768 	85.000000 	13.000000 	42.544094 	85.802101 	76.550636 	43.462627 	90.210861 	144.308701 	103.077644 	141.226761 	137.440903 	26.019224 	72.945183 	29.206163 	104.019226 	55.713554 	113.454834 	35.355339 	21.587032 	36.221542 	123.166557 	99.864906 	22.825424 	20.615528 	101.788994 	56.515484 	
7.615773 	110.317726 	60.000000 	18.439089 	85.000000 	135.281189 	81.841309 	113.951744 	999.000000 	23.537205 	48.754486 	110.634537 	133.775925 	121.827744 	61.522354 	69.296463 	29.068884 	136.561340 	29.410883 	50.566788 	79.075912 	85.146935 	11.661903 	86.284416 	34.205261 	105.603027 	77.025970 	33.955853 	43.965897 	154.563904 	31.257000 	31.304953 	19.235384 	27.784887 	23.600847 	97.416634 	50.695168 	142.842575 	20.615528 	68.709534 	13.453624 	89.470665 	105.152267 	89.894379 	14.035668 	27.459061 	136.235092 	132.438660 	29.120440 	74.330345 	
23.323807 	130.598618 	81.987801 	40.718548 	106.850365 	154.935471 	103.942291 	134.807266 	23.537205 	999.000000 	71.867935 	131.825638 	151.029800 	140.185593 	82.200974 	90.000000 	49.929951 	156.464050 	52.886673 	73.736015 	101.533249 	107.424393 	13.038404 	108.706024 	57.723480 	127.318497 	99.744675 	57.489128 	67.446274 	173.954010 	54.744862 	10.295630 	42.047592 	9.055386 	9.848858 	119.883278 	74.215904 	163.248276 	43.000000 	92.027168 	33.241539 	112.307610 	127.534309 	112.805145 	25.632011 	50.000000 	157.410294 	153.941544 	51.088158 	97.800819 	
49.040798 	66.730804 	15.524175 	31.320919 	38.418747 	92.282173 	34.713108 	68.818604 	48.754486 	71.867935 	999.000000 	64.815125 	96.566040 	82.540901 	23.021729 	28.442924 	25.019993 	92.962357 	20.000000 	2.000000 	31.144823 	37.483330 	60.373837 	38.288380 	16.278820 	58.728188 	28.600698 	17.029387 	8.246211 	111.646767 	21.400934 	80.056229 	34.655445 	76.478752 	72.069412 	49.203659 	9.433981 	98.005104 	35.383614 	20.396078 	45.343136 	40.816662 	57.008770 	41.182522 	55.443665 	31.064449 	89.938866 	85.562843 	33.120991 	27.018513 	
108.600182 	9.899495 	50.911690 	92.195442 	26.400757 	29.614185 	30.232433 	5.000000 	110.634537 	131.825638 	64.815125 	999.000000 	44.271889 	29.966648 	49.648766 	41.880783 	82.006096 	29.410883 	84.291161 	63.600315 	34.481880 	28.178005 	122.147453 	28.231188 	81.055534 	8.000000 	38.013157 	81.835197 	72.422371 	48.104053 	86.214851 	141.209061 	99.247169 	138.057953 	134.182709 	21.023796 	68.600288 	33.286633 	100.124924 	51.078373 	109.713264 	30.413813 	16.763054 	31.257000 	119.519875 	95.801880 	25.612497 	22.360680 	97.652443 	51.662365 	
129.529922 	35.693138 	81.043198 	116.361504 	63.031738 	23.853722 	67.067131 	39.560081 	133.775925 	151.029800 	96.566040 	44.271889 	999.000000 	15.033297 	75.026665 	68.308128 	105.190300 	26.925823 	113.088463 	96.046867 	72.062469 	67.007462 	144.222046 	68.066147 	111.328346 	51.923019 	76.059189 	112.271988 	104.809349 	31.144823 	116.709038 	161.207947 	127.632286 	158.808060 	155.900604 	64.327286 	103.160072 	34.928497 	129.077499 	89.202019 	136.853943 	72.560318 	61.032780 	73.681747 	145.413208 	126.530632 	42.801868 	46.690472 	129.027130 	92.005432 	
118.067780 	20.880613 	67.067131 	104.009613 	48.093658 	19.104973 	52.153618 	25.553865 	121.827744 	140.185593 	82.540901 	29.966648 	15.033297 	999.000000 	61.717098 	54.625999 	92.913940 	22.022715 	99.744675 	81.908485 	57.140179 	52.000000 	132.612213 	53.037724 	97.693398 	37.336308 	61.131008 	98.615417 	90.757919 	34.985710 	103.077644 	150.233154 	114.490173 	147.627914 	144.461075 	49.477268 	88.769363 	31.016125 	115.831772 	74.330345 	124.036285 	57.558666 	46.615448 	58.694122 	132.924789 	112.924751 	34.785053 	37.121422 	115.316956 	77.000000 	
59.033890 	48.795490 	9.433981 	43.185646 	25.961510 	73.878281 	24.186773 	52.630791 	61.522354 	82.200974 	23.021729 	49.648766 	75.026665 	61.717098 	999.000000 	7.810250 	32.557640 	75.073296 	38.078865 	23.194826 	24.083189 	28.160255 	72.862885 	30.066593 	36.400551 	45.617977 	24.738634 	37.363083 	31.016125 	93.236259 	41.761227 	91.678787 	52.773098 	88.617157 	84.899940 	40.607880 	31.575306 	81.344948 	54.129475 	28.319605 	62.433964 	36.055511 	47.539455 	37.121422 	71.610054 	51.546097 	75.213028 	71.867935 	54.120235 	35.608986 	
66.843102 	41.036568 	13.038404 	50.931328 	19.104973 	66.219330 	18.110771 	44.821869 	69.296463 	90.000000 	28.442924 	41.880783 	68.308128 	54.625999 	7.810250 	999.000000 	40.360870 	67.357254 	45.177429 	28.160255 	19.313208 	22.090721 	80.659782 	24.186773 	43.081318 	38.078865 	21.095022 	44.011364 	36.674240 	85.603737 	48.466484 	99.488693 	60.033325 	96.426140 	92.698433 	34.058773 	36.000000 	73.552704 	61.294373 	28.301943 	69.892776 	30.805843 	40.607880 	32.015621 	79.202271 	58.309521 	67.424034 	64.140472 	60.745369 	34.828148 	
26.627054 	81.320351 	32.202484 	11.180340 	56.938564 	106.216759 	54.120235 	85.146935 	29.068884 	49.929951 	25.019993 	82.006096 	105.190300 	92.913940 	32.557640 	40.360870 	999.000000 	107.517441 	15.811388 	27.018513 	52.000000 	57.697487 	40.311287 	59.093147 	19.104973 	77.388626 	50.596443 	19.798990 	24.698177 	125.495018 	21.633308 	59.203041 	25.000000 	56.080299 	52.345009 	70.263786 	31.320919 	113.899078 	27.018513 	45.099888 	32.280025 	63.245552 	77.820305 	63.890530 	40.249222 	28.160255 	107.615051 	104.043259 	31.320919 	52.000000 	
133.660019 	26.400757 	78.236816 	118.258194 	55.009090 	3.162278 	59.033890 	24.698177 	136.561340 	156.464050 	92.962357 	29.410883 	26.925823 	22.022715 	75.073296 	67.357254 	107.517441 	999.000000 	111.830231 	91.923882 	63.560993 	57.384666 	147.800537 	57.584721 	109.000000 	37.107952 	67.230942 	109.836243 	100.846420 	18.788294 	114.280357 	166.243790 	126.826653 	163.355438 	159.812393 	50.009998 	97.493591 	9.000000 	127.882759 	80.411446 	137.003647 	59.665737 	44.181442 	60.415230 	146.492325 	124.020157 	16.278820 	21.095022 	126.051575 	81.043198 	
31.064449 	85.445892 	33.600594 	14.317822 	58.000000 	110.941429 	54.451813 	88.090858 	29.410883 	52.886673 	20.000000 	84.291161 	113.088463 	99.744675 	38.078865 	45.177429 	15.811388 	111.830231 	999.000000 	21.633308 	51.088158 	57.384666 	40.853397 	58.258045 	5.000000 	78.492035 	48.600410 	5.099020 	14.560220 	130.357208 	5.830952 	60.539242 	15.000000 	56.859474 	52.325901 	69.202599 	21.377558 	117.290237 	16.124516 	39.395432 	25.455845 	60.745369 	77.006493 	61.057350 	35.468296 	14.035668 	109.622078 	105.380264 	17.000000 	44.922153 	
50.960770 	65.764732 	15.132746 	33.241539 	37.202152 	91.301697 	33.421551 	67.675697 	50.566788 	73.736015 	2.000000 	63.600315 	96.046867 	81.908485 	23.194826 	28.160255 	27.018513 	91.923882 	21.633308 	999.000000 	29.698484 	36.069378 	62.169125 	36.796738 	17.691807 	57.384666 	27.018513 	18.384777 	8.944272 	110.639053 	22.671568 	81.859634 	36.124783 	78.262383 	73.824112 	47.634022 	8.544003 	96.834908 	36.769554 	18.439089 	46.861500 	39.115215 	55.443665 	39.446167 	57.008770 	32.202484 	88.617157 	84.172440 	34.132095 	25.019993 	
78.262383 	38.327538 	19.924858 	60.901562 	9.055386 	63.324562 	5.000000 	38.910152 	79.075912 	101.533249 	31.144823 	34.481880 	72.062469 	57.140179 	24.083189 	19.313208 	52.000000 	63.560993 	51.088158 	29.698484 	999.000000 	6.403124 	90.735878 	7.211102 	47.381432 	27.802877 	4.000000 	48.083260 	38.288380 	82.346825 	52.345009 	110.276924 	65.795135 	106.850365 	102.625534 	18.357559 	34.132095 	67.742157 	66.468040 	17.262676 	76.485291 	12.000000 	26.076809 	13.038404 	86.556343 	61.717098 	59.033890 	54.488529 	63.411354 	20.396078 	
84.118965 	32.557640 	25.495098 	66.887962 	5.000000 	57.245087 	4.000000 	32.695564 	85.146935 	107.424393 	37.483330 	28.178005 	67.007462 	52.000000 	28.160255 	22.090721 	57.697487 	57.384666 	57.384666 	36.069378 	6.403124 	999.000000 	96.798759 	2.236068 	53.740116 	21.400934 	9.848858 	54.451813 	44.687805 	76.157730 	58.728188 	116.284134 	72.138756 	112.898186 	108.724419 	12.649111 	40.496914 	61.400326 	72.835434 	23.086792 	82.807007 	9.433981 	20.124611 	10.816654 	92.849342 	68.117546 	52.630791 	48.104053 	69.814041 	25.000000 	
14.764823 	121.630585 	71.610054 	30.000000 	96.607452 	146.454773 	93.477272 	125.399361 	11.661903 	13.038404 	60.373837 	122.147453 	144.222046 	132.612213 	72.862885 	80.659782 	40.311287 	147.800537 	40.853397 	62.169125 	90.735878 	96.798759 	999.000000 	97.943863 	45.541191 	117.200684 	88.684837 	45.221676 	55.362442 	165.680420 	42.201897 	19.697716 	29.154760 	16.124516 	12.041595 	109.077957 	61.983868 	154.207657 	30.016663 	80.230919 	20.223749 	101.118744 	116.811813 	101.533249 	13.601471 	37.013512 	147.756561 	144.013885 	38.052597 	85.702972 	
85.422478 	33.241539 	26.925823 	68.095520 	7.071068 	57.567352 	6.082763 	32.893768 	86.284416 	108.706024 	38.288380 	28.231188 	68.066147 	53.037724 	30.066593 	24.186773 	59.093147 	57.584721 	58.258045 	36.796738 	7.211102 	2.236068 	97.943863 	999.000000 	54.488529 	21.095022 	10.000000 	55.172459 	45.276924 	76.321686 	59.396969 	117.477661 	72.917763 	114.057007 	109.836243 	11.180340 	40.804413 	61.294373 	73.552704 	22.847319 	83.630135 	7.211102 	18.867962 	8.602325 	93.723000 	68.680420 	52.201534 	47.507893 	70.292244 	24.083189 	
36.055511 	82.680107 	30.886890 	19.235384 	54.671749 	108.226616 	50.990196 	85.000000 	34.205261 	57.723480 	16.278820 	81.055534 	111.328346 	97.693398 	36.400551 	43.081318 	19.104973 	109.000000 	5.000000 	17.691807 	47.381432 	53.740116 	45.541191 	54.488529 	999.000000 	75.006668 	44.687805 	1.000000 	9.848858 	127.624451 	5.385165 	65.192024 	18.439089 	61.465439 	56.859474 	65.299309 	16.492422 	114.201576 	19.104973 	34.885529 	29.206163 	56.612720 	73.109505 	56.859474 	39.408119 	15.231546 	106.216759 	101.833199 	17.720045 	40.162170 	
104.009613 	16.552946 	45.607018 	87.200920 	20.615528 	37.483330 	24.041630 	13.000000 	105.603027 	127.318497 	58.728188 	8.000000 	51.923019 	37.336308 	45.617977 	38.078865 	77.388626 	37.107952 	78.492035 	57.384666 	27.802877 	21.400934 	117.200684 	21.095022 	75.006668 	999.000000 	31.064449 	75.742989 	66.068146 	55.659679 	80.056229 	136.484436 	93.348808 	133.221619 	129.201401 	13.038404 	61.854668 	40.249222 	94.111633 	43.829212 	103.947105 	22.561028 	9.433981 	23.345236 	113.899078 	89.498604 	31.240999 	26.907248 	91.214035 	43.965897 	
76.557167 	42.201897 	19.104973 	59.033890 	13.038404 	67.067131 	9.000000 	42.544094 	77.025970 	99.744675 	28.600698 	38.013157 	76.059189 	61.131008 	24.738634 	21.095022 	50.596443 	67.230942 	48.600410 	27.018513 	4.000000 	9.848858 	88.684837 	10.000000 	44.687805 	31.064449 	999.000000 	45.343136 	35.355339 	86.005814 	49.517673 	108.300507 	63.126858 	104.809349 	100.498756 	20.615528 	30.805843 	71.196907 	63.702435 	13.341664 	73.878281 	12.649111 	28.425341 	13.341664 	84.023804 	58.728188 	62.201286 	57.489128 	60.307545 	16.492422 	
36.013885 	83.528435 	31.764761 	19.416489 	55.443665 	109.077957 	51.739735 	85.802101 	33.955853 	57.489128 	17.029387 	81.835197 	112.271988 	98.615417 	37.363083 	44.011364 	19.798990 	109.836243 	5.099020 	18.384777 	48.083260 	54.451813 	45.221676 	55.172459 	1.000000 	75.742989 	45.343136 	999.000000 	10.295630 	128.471786 	4.472136 	64.845970 	17.804493 	61.098282 	56.462376 	65.946945 	16.763054 	115.000000 	18.384777 	35.355339 	28.600698 	57.201397 	73.756355 	57.428215 	38.832977 	14.317822 	106.962608 	102.552429 	16.763054 	40.496914 	
45.398239 	74.706093 	23.769728 	28.017851 	46.043457 	100.239716 	42.201897 	76.550636 	43.965897 	67.446274 	8.246211 	72.422371 	104.809349 	90.757919 	31.016125 	36.674240 	24.698177 	100.846420 	14.560220 	8.944272 	38.288380 	44.687805 	55.362442 	45.276924 	9.848858 	66.068146 	35.355339 	10.295630 	999.000000 	119.570061 	14.212670 	75.026665 	28.017851 	71.309189 	66.708321 	55.901699 	7.000000 	105.683487 	28.425341 	25.059929 	38.832977 	47.010635 	63.702435 	47.201694 	49.091751 	23.430750 	97.308784 	92.763138 	25.238859 	30.364452 	
151.380310 	44.944408 	96.798759 	136.359818 	73.790245 	19.416489 	77.820305 	43.462627 	154.563904 	173.954010 	111.646767 	48.104053 	31.144823 	34.985710 	93.236259 	85.603737 	125.495018 	18.788294 	130.357208 	110.639053 	82.346825 	76.157730 	165.680420 	76.321686 	127.624451 	55.659679 	86.005814 	128.471786 	119.570061 	999.000000 	132.924789 	183.853195 	145.340973 	181.069046 	177.654160 	68.410522 	116.275536 	17.029387 	146.441116 	99.161484 	155.425217 	78.160095 	62.169125 	78.847954 	164.805954 	142.688477 	29.154760 	35.128338 	144.754959 	99.624290 	
34.132095 	87.982956 	36.235340 	18.788294 	59.816387 	113.534134 	56.080299 	90.210861 	31.257000 	54.744862 	21.400934 	86.214851 	116.709038 	103.077644 	41.761227 	48.466484 	21.633308 	114.280357 	5.830952 	22.671568 	52.345009 	58.728188 	42.201897 	59.396969 	5.385165 	80.056229 	49.517673 	4.472136 	14.212670 	132.924789 	999.000000 	61.684681 	13.892444 	57.870544 	53.141319 	70.092796 	20.124611 	119.402679 	14.212670 	39.115215 	24.698177 	61.220913 	77.897369 	61.400326 	34.985710 	9.848858 	111.287918 	106.831642 	12.369317 	43.863426 	
32.649654 	140.264038 	90.972527 	49.396355 	115.935326 	164.769531 	112.898186 	144.308701 	31.304953 	10.295630 	80.056229 	141.209061 	161.207947 	150.233154 	91.678787 	99.488693 	59.203041 	166.243790 	60.539242 	81.859634 	110.276924 	116.284134 	19.697716 	117.477661 	65.192024 	136.484436 	108.300507 	64.845970 	75.026665 	183.853195 	61.684681 	999.000000 	48.270073 	4.000000 	9.000000 	128.631256 	81.596565 	172.904602 	48.836460 	99.924973 	38.327538 	120.768372 	136.341476 	121.198181 	29.000000 	55.731499 	166.817261 	163.217651 	56.320511 	105.342300 	
24.166092 	100.439034 	48.600410 	15.811388 	72.917763 	125.924583 	69.310890 	103.077644 	19.235384 	42.047592 	34.655445 	99.247169 	127.632286 	114.490173 	52.773098 	60.033325 	25.000000 	126.826653 	15.000000 	36.124783 	65.795135 	72.138756 	29.154760 	72.917763 	18.439089 	93.348808 	63.126858 	17.804493 	28.017851 	145.340973 	13.892444 	48.270073 	999.000000 	44.384682 	39.560081 	83.737686 	34.000000 	132.279999 	2.236068 	53.000000 	10.816654 	75.000000 	91.547798 	75.213028 	21.095022 	8.246211 	124.523087 	120.208153 	10.295630 	57.697487 	
29.698484 	137.295303 	87.658424 	46.043457 	112.645462 	161.929001 	109.553642 	141.226761 	27.784887 	9.055386 	76.478752 	138.057953 	158.808060 	147.627914 	88.617157 	96.426140 	56.080299 	163.355438 	56.859474 	78.262383 	106.850365 	112.898186 	16.124516 	114.057007 	61.465439 	133.221619 	104.809349 	61.098282 	71.309189 	181.069046 	57.870544 	4.000000 	44.384682 	999.000000 	5.000000 	125.195847 	77.833153 	169.917633 	44.911022 	96.254868 	34.365681 	117.239075 	132.924789 	117.647781 	25.000000 	51.788029 	163.670395 	160.000000 	52.345009 	101.592323 	
26.400757 	133.660019 	83.600243 	42.011902 	108.600182 	158.448730 	105.437187 	137.440903 	23.600847 	9.848858 	72.069412 	134.182709 	155.900604 	144.461075 	84.899940 	92.698433 	52.345009 	159.812393 	52.325901 	73.824112 	102.625534 	108.724419 	12.041595 	109.836243 	56.859474 	129.201401 	100.498756 	56.462376 	66.708321 	177.654160 	53.141319 	9.000000 	39.560081 	5.000000 	999.000000 	120.950401 	73.164200 	166.243790 	40.024994 	91.706055 	29.427877 	112.871605 	128.701202 	113.251930 	20.000000 	46.872166 	159.790482 	156.028839 	47.381432 	96.932968 	
96.602280 	28.635643 	38.078865 	79.259071 	15.000000 	50.487621 	16.492422 	26.019224 	97.416634 	119.883278 	49.203659 	21.023796 	64.327286 	49.477268 	40.607880 	34.058773 	70.263786 	50.009998 	69.202599 	47.634022 	18.357559 	12.649111 	109.077957 	11.180340 	65.299309 	13.038404 	20.615528 	65.946945 	55.901699 	68.410522 	70.092796 	128.631256 	83.737686 	125.195847 	120.950401 	999.000000 	50.990196 	52.554733 	84.291161 	32.202484 	94.493385 	9.848858 	7.810250 	10.440307 	104.637466 	79.195961 	42.544094 	37.443291 	80.659782 	31.384710 	
52.345009 	71.693794 	23.021729 	35.014282 	42.485291 	97.082436 	38.470768 	72.945183 	50.695168 	74.215904 	9.433981 	68.600288 	103.160072 	88.769363 	31.575306 	36.000000 	31.320919 	97.493591 	21.377558 	8.544003 	34.132095 	40.496914 	61.983868 	40.804413 	16.492422 	61.854668 	30.805843 	16.763054 	7.000000 	116.275536 	20.124611 	81.596565 	34.000000 	77.833153 	73.164200 	50.990196 	999.000000 	101.872467 	34.132095 	19.209373 	44.777225 	41.725292 	58.728188 	41.773197 	55.072678 	28.425341 	93.005379 	88.238312 	29.698484 	23.769728 	
140.264038 	32.649654 	83.737686 	124.450790 	59.640591 	12.041595 	63.513779 	29.206163 	142.842575 	163.248276 	98.005104 	33.286633 	34.928497 	31.016125 	81.344948 	73.552704 	113.899078 	9.000000 	117.290237 	96.834908 	67.742157 	61.400326 	154.207657 	61.294373 	114.201576 	40.249222 	71.196907 	115.000000 	105.683487 	17.029387 	119.402679 	172.904602 	132.279999 	169.917633 	166.243790 	52.554733 	101.872467 	999.000000 	133.225372 	84.077347 	142.635895 	62.393909 	45.880280 	62.968246 	152.305618 	129.034882 	12.165525 	18.110771 	130.919830 	83.934502 	
25.942244 	101.513542 	49.648766 	18.027756 	73.756355 	127.027557 	70.092796 	104.019226 	20.615528 	43.000000 	35.383614 	100.124924 	129.077499 	115.831772 	54.129475 	61.294373 	27.018513 	127.882759 	16.124516 	36.769554 	66.468040 	72.835434 	30.016663 	73.552704 	19.104973 	94.111633 	63.702435 	18.384777 	28.425341 	146.441116 	14.212670 	48.836460 	2.236068 	44.911022 	40.024994 	84.291161 	34.132095 	133.225372 	999.000000 	53.254108 	10.770329 	75.432091 	92.097771 	75.604233 	21.023796 	7.000000 	125.319588 	120.933868 	8.544003 	57.706154 	
69.375786 	55.542778 	19.416489 	51.662365 	26.305893 	80.324341 	22.203604 	55.713554 	68.709534 	92.027168 	20.396078 	51.078373 	89.202019 	74.330345 	28.319605 	28.301943 	45.099888 	80.411446 	39.395432 	18.439089 	17.262676 	23.086792 	80.230919 	22.847319 	34.885529 	43.829212 	13.341664 	35.355339 	25.059929 	99.161484 	39.115215 	99.924973 	53.000000 	96.254868 	91.706055 	32.202484 	19.209373 	84.077347 	53.254108 	999.000000 	63.812225 	22.671568 	39.824615 	22.627417 	74.094536 	47.634022 	74.625732 	69.634758 	48.836460 	7.615773 	
20.615528 	110.602890 	58.898216 	21.377558 	83.450584 	136.014709 	79.906197 	113.454834 	13.453624 	33.241539 	45.343136 	109.713264 	136.853943 	124.036285 	62.433964 	69.892776 	32.280025 	137.003647 	25.455845 	46.861500 	76.485291 	82.807007 	20.223749 	83.630135 	29.206163 	103.947105 	73.878281 	28.600698 	38.832977 	155.425217 	24.698177 	38.327538 	10.816654 	34.365681 	29.427877 	94.493385 	44.777225 	142.635895 	10.770329 	63.812225 	999.000000 	85.802101 	102.303467 	86.023254 	10.295630 	17.464249 	135.074051 	130.831955 	18.027756 	68.425140 	
89.157166 	37.054016 	31.575306 	71.589104 	14.212670 	60.016663 	13.000000 	35.355339 	89.470665 	112.307610 	40.816662 	30.413813 	72.560318 	57.558666 	36.055511 	30.805843 	63.245552 	59.665737 	60.745369 	39.115215 	12.000000 	9.433981 	101.118744 	7.211102 	56.612720 	22.561028 	12.649111 	57.201397 	47.010635 	78.160095 	61.220913 	120.768372 	75.000000 	117.239075 	112.871605 	9.848858 	41.725292 	62.393909 	75.432091 	22.671568 	85.802101 	999.000000 	17.204651 	1.414214 	96.020828 	70.092796 	52.354561 	47.169907 	71.421288 	21.540659 	
104.235313 	25.942244 	45.617977 	86.954010 	21.587032 	45.011108 	23.769728 	21.587032 	105.152267 	127.534309 	57.008770 	16.763054 	61.032780 	46.615448 	47.539455 	40.607880 	77.820305 	44.181442 	77.006493 	55.443665 	26.076809 	20.124611 	116.811813 	18.867962 	73.109505 	9.433981 	28.425341 	73.756355 	63.702435 	62.169125 	77.897369 	136.341476 	91.547798 	132.924789 	128.701202 	7.810250 	58.728188 	45.880280 	92.097771 	39.824615 	102.303467 	17.204651 	999.000000 	17.492855 	112.445541 	86.977005 	35.341194 	30.016663 	88.413803 	38.470768 	
89.693924 	38.118237 	32.388271 	72.090218 	15.620500 	60.827625 	14.317822 	36.221542 	89.894379 	112.805145 	41.182522 	31.257000 	73.681747 	58.694122 	37.121422 	32.015621 	63.890530 	60.415230 	61.057350 	39.446167 	13.038404 	10.816654 	101.533249 	8.602325 	56.859474 	23.345236 	13.341664 	57.428215 	47.201694 	78.847954 	61.400326 	121.198181 	75.213028 	117.647781 	113.251930 	10.440307 	41.773197 	62.968246 	75.604233 	22.627417 	86.023254 	1.414214 	17.492855 	999.000000 	96.260063 	70.178345 	52.773098 	47.507893 	71.449280 	21.023796 	
21.377558 	120.104118 	68.622154 	29.068884 	93.348808 	145.416641 	89.872131 	123.166557 	14.035668 	25.632011 	55.443665 	119.519875 	145.413208 	132.924789 	71.610054 	79.202271 	40.249222 	146.492325 	35.468296 	57.008770 	86.556343 	92.849342 	13.601471 	93.723000 	39.408119 	113.899078 	84.023804 	38.832977 	49.091751 	164.805954 	34.985710 	29.000000 	21.095022 	25.000000 	20.000000 	104.637466 	55.072678 	152.305618 	21.023796 	74.094536 	10.295630 	96.020828 	112.445541 	96.260063 	999.000000 	27.513634 	144.958618 	140.801285 	27.658634 	78.714676 	
32.310989 	97.754799 	46.065170 	21.400934 	69.404610 	123.308556 	65.604881 	99.864906 	27.459061 	50.000000 	31.064449 	95.801880 	126.530632 	112.924751 	51.546097 	58.309521 	28.160255 	124.020157 	14.035668 	32.202484 	61.717098 	68.117546 	37.013512 	68.680420 	15.231546 	89.498604 	58.728188 	14.317822 	23.430750 	142.688477 	9.848858 	55.731499 	8.246211 	51.788029 	46.872166 	79.195961 	28.425341 	129.034882 	7.000000 	47.634022 	17.464249 	70.092796 	86.977005 	70.178345 	27.513634 	999.000000 	120.739388 	116.180893 	3.162278 	51.623638 	
134.201340 	28.460499 	76.419891 	117.796432 	51.623638 	19.104973 	55.226807 	22.825424 	136.235092 	157.410294 	89.938866 	25.612497 	42.801868 	34.785053 	75.213028 	67.424034 	107.615051 	16.278820 	109.622078 	88.617157 	59.033890 	52.630791 	147.756561 	52.201534 	106.216759 	31.240999 	62.201286 	106.962608 	97.308784 	29.154760 	111.287918 	166.817261 	124.523087 	163.670395 	159.790482 	42.544094 	93.005379 	12.165525 	125.319588 	74.625732 	135.074051 	52.354561 	35.341194 	52.773098 	144.958618 	120.739388 	999.000000 	6.000000 	122.441826 	73.790245 	
130.667511 	27.166155 	72.470680 	114.017540 	47.507893 	23.600847 	50.931328 	20.615528 	132.438660 	153.941544 	85.562843 	22.360680 	46.690472 	37.121422 	71.867935 	64.140472 	104.043259 	21.095022 	105.380264 	84.172440 	54.488529 	48.104053 	144.013885 	47.507893 	101.833199 	26.907248 	57.489128 	102.552429 	92.763138 	35.128338 	106.831642 	163.217651 	120.208153 	160.000000 	156.028839 	37.443291 	88.238312 	18.110771 	120.933868 	69.634758 	130.831955 	47.169907 	30.016663 	47.507893 	140.801285 	116.180893 	6.000000 	999.000000 	117.796432 	68.476273 	
34.438351 	99.849884 	48.332184 	24.413111 	71.281136 	125.399361 	67.424034 	101.788994 	29.120440 	51.088158 	33.120991 	97.652443 	129.027130 	115.316956 	54.120235 	60.745369 	31.320919 	126.051575 	17.000000 	34.132095 	63.411354 	69.814041 	38.052597 	70.292244 	17.720045 	91.214035 	60.307545 	16.763054 	25.238859 	144.754959 	12.369317 	56.320511 	10.295630 	52.345009 	47.381432 	80.659782 	29.698484 	130.919830 	8.544003 	48.836460 	18.027756 	71.421288 	88.413803 	71.449280 	27.658634 	3.162278 	122.441826 	117.796432 	999.000000 	52.430908 	
75.504967 	57.314919 	26.925823 	57.870544 	29.154760 	81.252693 	25.317978 	56.515484 	74.330345 	97.800819 	27.018513 	51.662365 	92.005432 	77.000000 	35.608986 	34.828148 	52.000000 	81.043198 	44.922153 	25.019993 	20.396078 	25.000000 	85.702972 	24.083189 	40.162170 	43.965897 	16.492422 	40.496914 	30.364452 	99.624290 	43.863426 	105.342300 	57.697487 	101.592323 	96.932968 	31.384710 	23.769728 	83.934502 	57.706154 	7.615773 	68.425140 	21.540659 	38.470768 	21.023796 	78.714676 	51.623638 	73.790245 	68.476273 	52.430908 	999.000000 	

Travel time:
9.000000 	2.690725 	1.466714 	0.443001 	2.088211 	3.305772 	2.015564 	2.791617 	0.190394 	0.583095 	1.226020 	2.715004 	3.238248 	2.951694 	1.475847 	1.671077 	0.665676 	3.341501 	0.776611 	1.274019 	1.956560 	2.102974 	0.369121 	2.135562 	0.901388 	2.600240 	1.913929 	0.900347 	1.134956 	3.784508 	0.853302 	0.816241 	0.604152 	0.742462 	0.660019 	2.415057 	1.308625 	3.506601 	0.648556 	1.734395 	0.515388 	2.228929 	2.605883 	2.242348 	0.534439 	0.807775 	3.355033 	3.266688 	0.860959 	1.887624 	
2.690725 	9.000000 	1.296630 	2.299185 	0.735272 	0.638847 	0.838153 	0.182003 	2.757943 	3.264966 	1.668270 	0.247487 	0.892328 	0.522015 	1.219887 	1.025914 	2.033009 	0.660019 	2.136147 	1.644118 	0.958188 	0.813941 	3.040765 	0.831038 	2.067003 	0.413824 	1.055047 	2.088211 	1.867652 	1.123610 	2.199574 	3.506601 	2.510976 	3.432383 	3.341501 	0.715891 	1.792345 	0.816241 	2.537838 	1.388569 	2.765072 	0.926350 	0.648556 	0.952956 	3.002603 	2.443870 	0.711512 	0.679154 	2.496247 	1.432873 	
1.466714 	1.296630 	9.000000 	1.040433 	0.625000 	1.934716 	0.548862 	1.364047 	1.500000 	2.049695 	0.388104 	1.272792 	2.026080 	1.676678 	0.235850 	0.325960 	0.805062 	1.955920 	0.840015 	0.378319 	0.498121 	0.637377 	1.790251 	0.673146 	0.772172 	1.140175 	0.477624 	0.794119 	0.594243 	2.419969 	0.905883 	2.274313 	1.215010 	2.191461 	2.090006 	0.951972 	0.575543 	2.093442 	1.241219 	0.485412 	1.472455 	0.789383 	1.140449 	0.809707 	1.715554 	1.151629 	1.910497 	1.811767 	1.208305 	0.673146 	
0.443001 	2.299185 	1.040433 	9.000000 	1.665270 	2.925854 	1.587844 	2.388122 	0.460977 	1.017964 	0.783023 	2.304886 	2.909038 	2.600240 	1.079641 	1.273283 	0.279509 	2.956455 	0.357946 	0.831038 	1.522539 	1.672199 	0.750000 	1.702388 	0.480885 	2.180023 	1.475847 	0.485412 	0.700446 	3.408995 	0.469707 	1.234909 	0.395285 	1.151086 	1.050297 	1.981477 	0.875357 	3.111270 	0.450694 	1.291559 	0.534439 	1.789728 	2.173850 	1.802255 	0.726722 	0.535023 	2.944911 	2.850439 	0.610328 	1.446764 	
2.088211 	0.735272 	0.625000 	1.665270 	9.000000 	1.365650 	0.103078 	0.763217 	2.125000 	2.671259 	0.960469 	0.660019 	1.575794 	1.202341 	0.649038 	0.477624 	1.423464 	1.375227 	1.450000 	0.930054 	0.226385 	0.125000 	2.415186 	0.176777 	1.366794 	0.515388 	0.325960 	1.386092 	1.151086 	1.844756 	1.495410 	2.898383 	1.822944 	2.816137 	2.715004 	0.375000 	1.062132 	1.491015 	1.843909 	0.657647 	2.086265 	0.355317 	0.539676 	0.390512 	2.333720 	1.735115 	1.290591 	1.187697 	1.782028 	0.728869 	
3.305772 	0.638847 	1.934716 	2.925854 	1.365650 	9.000000 	1.467353 	0.618466 	3.382030 	3.873387 	2.307054 	0.740355 	0.596343 	0.477624 	1.846957 	1.655483 	2.655419 	0.079057 	2.773536 	2.282542 	1.583114 	1.431127 	3.661369 	1.439184 	2.705665 	0.937083 	1.676678 	2.726949 	2.505993 	0.485412 	2.838353 	4.119238 	3.148115 	4.048225 	3.961218 	1.262191 	2.427061 	0.301040 	3.175689 	2.008109 	3.400368 	1.500417 	1.125278 	1.520691 	3.635416 	3.082714 	0.477624 	0.590021 	3.134984 	2.031317 	
2.015564 	0.838153 	0.548862 	1.587844 	0.103078 	1.467353 	9.000000 	0.862047 	2.046033 	2.598557 	0.867828 	0.755811 	1.676678 	1.303840 	0.604669 	0.452769 	1.353006 	1.475847 	1.361295 	0.835539 	0.125000 	0.100000 	2.336932 	0.152069 	1.274755 	0.601041 	0.225000 	1.293493 	1.055047 	1.945508 	1.402007 	2.822455 	1.732772 	2.738841 	2.635930 	0.412311 	0.961769 	1.587844 	1.752320 	0.555090 	1.997655 	0.325000 	0.594243 	0.357946 	2.246803 	1.640122 	1.380670 	1.273283 	1.685601 	0.632949 	
2.791617 	0.182003 	1.364047 	2.388122 	0.763217 	0.618466 	0.862047 	9.000000 	2.848794 	3.370182 	1.720465 	0.125000 	0.989002 	0.638847 	1.315770 	1.120547 	2.128673 	0.617454 	2.202271 	1.691892 	0.972754 	0.817389 	3.134984 	0.822344 	2.125000 	0.325000 	1.063602 	2.145052 	1.913766 	1.086566 	2.255271 	3.607718 	2.576941 	3.530669 	3.436023 	0.650481 	1.823630 	0.730154 	2.600481 	1.392839 	2.836371 	0.883883 	0.539676 	0.905539 	3.079164 	2.496623 	0.570636 	0.515388 	2.544725 	1.412887 	
0.190394 	2.757943 	1.500000 	0.460977 	2.125000 	3.382030 	2.046033 	2.848794 	9.000000 	0.588430 	1.218862 	2.765863 	3.344398 	3.045694 	1.538059 	1.732412 	0.726722 	3.414033 	0.735272 	1.264170 	1.976898 	2.128673 	0.291548 	2.157110 	0.855132 	2.640076 	1.925649 	0.848896 	1.099147 	3.864098 	0.781425 	0.782624 	0.480885 	0.694622 	0.590021 	2.435416 	1.267379 	3.571064 	0.515388 	1.717738 	0.336341 	2.236767 	2.628807 	2.247360 	0.350892 	0.686477 	3.405877 	3.310966 	0.728011 	1.858259 	
0.583095 	3.264966 	2.049695 	1.017964 	2.671259 	3.873387 	2.598557 	3.370182 	0.588430 	9.000000 	1.796698 	3.295641 	3.775745 	3.504640 	2.055024 	2.250000 	1.248249 	3.911601 	1.322167 	1.843400 	2.538331 	2.685610 	0.325960 	2.717651 	1.443087 	3.182962 	2.493617 	1.437228 	1.686157 	4.348850 	1.368622 	0.257391 	1.051190 	0.226385 	0.246221 	2.997082 	1.855398 	4.081207 	1.075000 	2.300679 	0.831038 	2.807690 	3.188358 	2.820129 	0.640800 	1.250000 	3.935257 	3.848539 	1.277204 	2.445020 	
1.226020 	1.668270 	0.388104 	0.783023 	0.960469 	2.307054 	0.867828 	1.720465 	1.218862 	1.796698 	9.000000 	1.620378 	2.414151 	2.063523 	0.575543 	0.711073 	0.625500 	2.324059 	0.500000 	0.050000 	0.778621 	0.937083 	1.509346 	0.957209 	0.406971 	1.468205 	0.715017 	0.425735 	0.206155 	2.791169 	0.535023 	2.001406 	0.866386 	1.911969 	1.801735 	1.230091 	0.235850 	2.450128 	0.884590 	0.509902 	1.133578 	1.020416 	1.425219 	1.029563 	1.386092 	0.776611 	2.248472 	2.139071 	0.828025 	0.675463 	
2.715004 	0.247487 	1.272792 	2.304886 	0.660019 	0.740355 	0.755811 	0.125000 	2.765863 	3.295641 	1.620378 	9.000000 	1.106797 	0.749166 	1.241219 	1.047020 	2.050152 	0.735272 	2.107279 	1.590008 	0.862047 	0.704450 	3.053686 	0.705780 	2.026388 	0.200000 	0.950329 	2.045880 	1.810559 	1.202601 	2.155371 	3.530226 	2.481179 	3.451449 	3.354568 	0.525595 	1.715007 	0.832166 	2.503123 	1.276959 	2.742832 	0.760345 	0.419076 	0.781425 	2.987997 	2.395047 	0.640312 	0.559017 	2.441311 	1.291559 	
3.238248 	0.892328 	2.026080 	2.909038 	1.575794 	0.596343 	1.676678 	0.989002 	3.344398 	3.775745 	2.414151 	1.106797 	9.000000 	0.375832 	1.875667 	1.707703 	2.629757 	0.673146 	2.827212 	2.401172 	1.801562 	1.675187 	3.605551 	1.701654 	2.783209 	1.298075 	1.901480 	2.806800 	2.620234 	0.778621 	2.917726 	4.030199 	3.190807 	3.970201 	3.897515 	1.608182 	2.579002 	0.873212 	3.226938 	2.230051 	3.421349 	1.814008 	1.525820 	1.842044 	3.635330 	3.163266 	1.070047 	1.167262 	3.225678 	2.300136 	
2.951694 	0.522015 	1.676678 	2.600240 	1.202341 	0.477624 	1.303840 	0.638847 	3.045694 	3.504640 	2.063523 	0.749166 	0.375832 	9.000000 	1.542928 	1.365650 	2.322849 	0.550568 	2.493617 	2.047712 	1.428504 	1.300000 	3.315305 	1.325943 	2.442335 	0.933408 	1.528275 	2.465385 	2.268948 	0.874643 	2.576941 	3.755829 	2.862254 	3.690698 	3.611527 	1.236932 	2.219234 	0.775403 	2.895794 	1.858259 	3.100907 	1.438967 	1.165386 	1.467353 	3.323120 	2.823119 	0.869626 	0.928036 	2.882924 	1.925000 	
1.475847 	1.219887 	0.235850 	1.079641 	0.649038 	1.846957 	0.604669 	1.315770 	1.538059 	2.055024 	0.575543 	1.241219 	1.875667 	1.542928 	9.000000 	0.195256 	0.813941 	1.876832 	0.951972 	0.579871 	0.602080 	0.704006 	1.821572 	0.751665 	0.910014 	1.140449 	0.618466 	0.934077 	0.775403 	2.330906 	1.044031 	2.291970 	1.319327 	2.215429 	2.122499 	1.015197 	0.789383 	2.033624 	1.353237 	0.707990 	1.560849 	0.901388 	1.188486 	0.928036 	1.790251 	1.288652 	1.880326 	1.796698 	1.353006 	0.890225 	
1.671077 	1.025914 	0.325960 	1.273283 	0.477624 	1.655483 	0.452769 	1.120547 	1.732412 	2.250000 	0.711073 	1.047020 	1.707703 	1.365650 	0.195256 	9.000000 	1.009022 	1.683931 	1.129436 	0.704006 	0.482830 	0.552268 	2.016495 	0.604669 	1.077033 	0.951972 	0.527376 	1.100284 	0.916856 	2.140093 	1.211662 	2.487217 	1.500833 	2.410654 	2.317461 	0.851469 	0.900000 	1.838818 	1.532359 	0.707549 	1.747319 	0.770146 	1.015197 	0.800391 	1.980057 	1.457738 	1.685601 	1.603512 	1.518634 	0.870704 	
0.665676 	2.033009 	0.805062 	0.279509 	1.423464 	2.655419 	1.353006 	2.128673 	0.726722 	1.248249 	0.625500 	2.050152 	2.629757 	2.322849 	0.813941 	1.009022 	9.000000 	2.687936 	0.395285 	0.675463 	1.300000 	1.442437 	1.007782 	1.477329 	0.477624 	1.934716 	1.264911 	0.494975 	0.617454 	3.137375 	0.540833 	1.480076 	0.625000 	1.402007 	1.308625 	1.756595 	0.783023 	2.847477 	0.675463 	1.127497 	0.807001 	1.581139 	1.945508 	1.597263 	1.006231 	0.704006 	2.690376 	2.601081 	0.783023 	1.300000 	
3.341501 	0.660019 	1.955920 	2.956455 	1.375227 	0.079057 	1.475847 	0.617454 	3.414033 	3.911601 	2.324059 	0.735272 	0.673146 	0.550568 	1.876832 	1.683931 	2.687936 	9.000000 	2.795756 	2.298097 	1.589025 	1.434617 	3.695014 	1.439618 	2.725000 	0.927699 	1.680773 	2.745906 	2.521161 	0.469707 	2.857009 	4.156095 	3.170666 	4.083886 	3.995310 	1.250250 	2.437340 	0.225000 	3.197069 	2.010286 	3.425091 	1.491643 	1.104536 	1.510381 	3.662308 	3.100504 	0.406971 	0.527376 	3.151289 	2.026080 	
0.776611 	2.136147 	0.840015 	0.357946 	1.450000 	2.773536 	1.361295 	2.202271 	0.735272 	1.322167 	0.500000 	2.107279 	2.827212 	2.493617 	0.951972 	1.129436 	0.395285 	2.795756 	9.000000 	0.540833 	1.277204 	1.434617 	1.021335 	1.456451 	0.125000 	1.962301 	1.215010 	0.127475 	0.364006 	3.258930 	0.145774 	1.513481 	0.375000 	1.421487 	1.308148 	1.730065 	0.534439 	2.932256 	0.403113 	0.984886 	0.636396 	1.518634 	1.925162 	1.526434 	0.886707 	0.350892 	2.740552 	2.634507 	0.425000 	1.123054 	
1.274019 	1.644118 	0.378319 	0.831038 	0.930054 	2.282542 	0.835539 	1.691892 	1.264170 	1.843400 	0.050000 	1.590008 	2.401172 	2.047712 	0.579871 	0.704006 	0.675463 	2.298097 	0.540833 	9.000000 	0.742462 	0.901734 	1.554228 	0.919918 	0.442295 	1.434617 	0.675463 	0.459619 	0.223607 	2.765976 	0.566789 	2.046491 	0.903120 	1.956560 	1.845603 	1.190850 	0.213600 	2.420873 	0.919239 	0.460977 	1.171538 	0.977880 	1.386092 	0.986154 	1.425219 	0.805062 	2.215429 	2.104311 	0.853302 	0.625500 	
1.956560 	0.958188 	0.498121 	1.522539 	0.226385 	1.583114 	0.125000 	0.972754 	1.976898 	2.538331 	0.778621 	0.862047 	1.801562 	1.428504 	0.602080 	0.482830 	1.300000 	1.589025 	1.277204 	0.742462 	9.000000 	0.160078 	2.268397 	0.180278 	1.184536 	0.695072 	0.100000 	1.202081 	0.957209 	2.058671 	1.308625 	2.756923 	1.644878 	2.671259 	2.565638 	0.458939 	0.853302 	1.693554 	1.661701 	0.431567 	1.912132 	0.300000 	0.651920 	0.325960 	2.163908 	1.542928 	1.475847 	1.362213 	1.585284 	0.509902 	
2.102974 	0.813941 	0.637377 	1.672199 	0.125000 	1.431127 	0.100000 	0.817389 	2.128673 	2.685610 	0.937083 	0.704450 	1.675187 	1.300000 	0.704006 	0.552268 	1.442437 	1.434617 	1.434617 	0.901734 	0.160078 	9.000000 	2.419969 	0.055902 	1.343503 	0.535023 	0.246221 	1.361295 	1.117195 	1.903943 	1.468205 	2.907103 	1.803469 	2.822455 	2.718111 	0.316228 	1.012423 	1.535008 	1.820886 	0.577170 	2.070175 	0.235850 	0.503115 	0.270416 	2.321234 	1.702939 	1.315770 	1.202601 	1.745351 	0.625000 	
0.369121 	3.040765 	1.790251 	0.750000 	2.415186 	3.661369 	2.336932 	3.134984 	0.291548 	0.325960 	1.509346 	3.053686 	3.605551 	3.315305 	1.821572 	2.016495 	1.007782 	3.695014 	1.021335 	1.554228 	2.268397 	2.419969 	9.000000 	2.448596 	1.138530 	2.930017 	2.217121 	1.130542 	1.384061 	4.142011 	1.055047 	0.492443 	0.728869 	0.403113 	0.301040 	2.726949 	1.549597 	3.855191 	0.750417 	2.005773 	0.505594 	2.527969 	2.920295 	2.538331 	0.340037 	0.925338 	3.693914 	3.600347 	0.951315 	2.142574 	
