Total assets = 730
Number of asset nodes = 40

Distance:
999.000000 	112.712021 	9.055386 	29.120440 	114.965210 	78.644768 	111.085556 	147.634689 	8.485281 	29.154760 	27.892651 	86.348129 	17.464249 	28.178005 	17.720045 	115.550858 	113.846390 	151.238220 	80.062477 	114.769333 	162.742126 	34.539833 	154.615646 	19.235384 	149.773163 	172.072662 	170.082336 	20.396078 	30.528675 	20.024984 	168.121979 	84.172440 	78.517517 	172.817825 	33.615471 	171.592545 	31.622776 	169.649643 	22.203604 	83.725746 	152.266220 	93.941475 	37.121422 	23.021729 	80.305664 	24.698177 	155.038712 	31.144823 	95.900993 	168.668320 	35.227829 	
112.712021 	999.000000 	116.284134 	93.723000 	5.000000 	42.720020 	8.246211 	39.446167 	115.550858 	83.725746 	85.755463 	35.777088 	115.208504 	99.247169 	125.642349 	8.485281 	9.433981 	42.720020 	44.294468 	10.000000 	57.245087 	94.069122 	46.324940 	120.208153 	40.000000 	68.942001 	66.211784 	126.491104 	100.498756 	124.036285 	63.505905 	41.629318 	48.301140 	69.354164 	99.005051 	67.082039 	101.862656 	64.412735 	122.004097 	44.384682 	41.868843 	33.955853 	96.176918 	124.201447 	49.244289 	117.923706 	44.687805 	106.103722 	33.541019 	61.911228 	101.118744 	
9.055386 	116.284134 	999.000000 	27.018513 	118.207443 	80.006248 	114.061386 	152.269501 	16.552946 	32.802441 	30.528675 	87.920418 	9.219544 	24.331051 	10.000000 	118.532700 	116.726173 	155.862122 	81.043198 	117.618027 	167.836227 	31.257000 	159.298462 	10.198039 	154.201172 	177.496475 	175.413803 	12.083046 	25.961510 	11.180340 	173.358017 	85.164543 	79.075912 	178.213348 	29.120440 	176.867188 	26.570660 	174.828491 	13.152946 	84.403793 	156.604599 	95.210297 	32.984844 	14.000000 	80.603973 	16.124516 	159.402008 	25.059929 	97.123634 	173.657715 	30.083218 	
29.120440 	93.723000 	27.018513 	999.000000 	95.000000 	54.561890 	90.443352 	131.529465 	36.769554 	19.026299 	15.033297 	62.609905 	22.472204 	5.830952 	34.205261 	94.868332 	92.913940 	135.059250 	55.154327 	93.744331 	148.070923 	6.403124 	138.600143 	27.313000 	132.966156 	158.521286 	156.204987 	34.176014 	8.246211 	31.384710 	153.912308 	59.236813 	52.810986 	159.154007 	9.055386 	157.492859 	10.198039 	155.219193 	28.653097 	58.189346 	135.148071 	69.462219 	10.295630 	30.886890 	54.120235 	24.207438 	137.974640 	13.928389 	71.309189 	153.574081 	12.041595 	
114.965210 	5.000000 	118.207443 	95.000000 	999.000000 	42.638012 	5.385165 	40.311287 	118.105888 	85.866173 	87.709747 	35.227829 	116.764717 	100.424103 	127.424484 	3.605551 	5.099020 	43.382023 	43.829212 	5.385165 	58.309521 	95.015785 	46.957428 	121.757957 	40.311287 	70.228203 	67.416618 	128.160049 	101.533249 	125.642349 	64.621979 	40.816662 	47.707443 	70.576202 	99.904953 	68.154236 	102.825096 	65.391129 	123.458496 	43.416588 	41.880783 	32.310989 	96.938126 	125.670204 	48.373547 	119.201508 	44.654228 	107.056061 	31.622776 	62.609905 	101.911728 	
78.644768 	42.720020 	80.006248 	54.561890 	42.638012 	999.000000 	37.536648 	82.152298 	83.600243 	50.249378 	50.803543 	8.062258 	76.967529 	59.539902 	88.391174 	41.725292 	39.597980 	85.440041 	3.605551 	40.311287 	99.849884 	53.535034 	89.044930 	81.859634 	82.661964 	111.364265 	108.706024 	88.639717 	60.207973 	85.906929 	106.066017 	6.324555 	7.071068 	111.825760 	58.249462 	109.658562 	61.294373 	107.042046 	83.186539 	7.810250 	84.403793 	15.297058 	55.000000 	85.422478 	9.486833 	78.390053 	87.200920 	65.459915 	17.262676 	104.623131 	60.000000 	
111.085556 	8.246211 	114.061386 	90.443352 	5.385165 	37.536648 	999.000000 	45.694637 	114.490173 	81.939003 	83.630135 	30.000000 	112.361023 	95.801880 	123.166557 	4.472136 	3.000000 	48.754486 	38.600517 	4.000000 	63.694584 	90.271812 	52.325901 	117.345642 	45.650848 	75.610847 	72.801102 	123.822456 	96.829750 	121.264175 	70.007141 	35.510563 	42.438190 	75.960518 	95.131485 	73.539108 	98.081596 	70.774292 	118.983192 	38.078865 	47.169907 	26.925823 	92.097771 	121.202309 	43.046486 	114.621117 	49.929951 	102.303467 	26.248810 	67.977936 	97.082436 	
147.634689 	39.446167 	152.269501 	131.529465 	40.311287 	82.152298 	45.694637 	999.000000 	149.251465 	119.473846 	122.024590 	75.179787 	152.226807 	137.207870 	161.969131 	42.379242 	44.598206 	3.605551 	83.725746 	44.271889 	18.027756 	132.457535 	7.071068 	157.206863 	4.472136 	30.083218 	27.202942 	163.131851 	138.708328 	160.863297 	24.351591 	80.950600 	87.709747 	30.364452 	137.440903 	27.856777 	140.185593 	25.079872 	159.226257 	83.630135 	7.280110 	72.615425 	134.825821 	161.375336 	88.549423 	155.569916 	9.000000 	144.422989 	71.867935 	22.472204 	139.703262 	
8.485281 	115.550858 	16.552946 	36.769554 	118.105888 	83.600243 	114.490173 	149.251465 	999.000000 	33.376640 	33.015148 	91.082382 	25.553865 	36.359318 	23.021729 	118.928551 	117.324333 	152.856140 	85.287750 	118.270874 	163.807816 	42.485291 	156.160172 	26.570660 	151.604752 	172.733902 	170.856659 	26.076809 	38.832977 	26.476404 	169.011841 	89.358826 	84.053551 	173.510803 	41.880783 	172.429703 	40.000000 	170.601883 	29.410883 	89.140335 	154.184952 	98.858482 	45.276924 	29.832869 	86.005814 	32.649654 	156.923553 	39.623226 	100.841461 	169.838165 	43.600460 	
29.154760 	83.725746 	32.802441 	19.026299 	85.866173 	50.249378 	81.939003 	119.473846 	33.376640 	999.000000 	4.000000 	57.706154 	33.600594 	24.083189 	42.520584 	86.406021 	84.693565 	123.065025 	52.038448 	85.615417 	135.148071 	24.515301 	126.506920 	38.418747 	121.400162 	144.972412 	142.835571 	43.840622 	27.018513 	41.773197 	140.730240 	56.080299 	51.039200 	145.670868 	28.071337 	144.256714 	29.017237 	142.172424 	40.804413 	56.000000 	123.810341 	65.490456 	28.635643 	42.801868 	53.150730 	38.470768 	126.605690 	32.249031 	67.475922 	140.929062 	31.064449 	
27.892651 	85.755463 	30.528675 	15.033297 	87.709747 	50.803543 	83.630135 	122.024590 	33.015148 	4.000000 	999.000000 	58.463665 	30.479502 	20.099751 	40.000000 	88.102211 	86.330757 	125.606529 	52.345009 	87.235313 	137.902145 	20.615528 	129.073624 	35.383614 	123.846680 	147.868179 	145.691452 	41.109608 	23.021729 	38.897301 	143.544418 	56.435802 	51.039200 	148.553024 	24.083189 	147.085007 	25.019993 	144.958618 	37.643059 	56.142673 	126.210144 	66.098412 	24.738634 	39.698868 	53.000000 	34.985710 	129.015503 	28.284271 	68.066147 	143.627991 	27.073973 	
86.348129 	35.777088 	87.920418 	62.609905 	35.227829 	8.062258 	30.000000 	75.179787 	91.082382 	57.706154 	58.463665 	999.000000 	85.000000 	67.601776 	96.384644 	34.058773 	31.890438 	78.390053 	8.602325 	32.557640 	93.021500 	61.587337 	81.987801 	89.899948 	75.471848 	104.694794 	101.980392 	96.664368 	68.264191 	93.941475 	99.282425 	6.082763 	12.529964 	105.118980 	66.287254 	102.859123 	69.339745 	100.184830 	91.241440 	9.055386 	77.103828 	8.062258 	63.007935 	93.477272 	13.601471 	86.452301 	79.881165 	73.498299 	10.049875 	97.616600 	68.007355 	
17.464249 	115.208504 	9.219544 	22.472204 	116.764717 	76.967529 	112.361023 	152.226807 	25.553865 	33.600594 	30.479502 	85.000000 	999.000000 	18.248287 	12.041595 	116.811813 	114.908661 	155.794739 	77.620872 	115.762688 	168.291412 	25.179358 	159.289047 	5.000000 	153.912308 	178.331146 	176.139145 	11.704700 	19.000000 	8.944272 	173.971268 	81.706795 	75.272835 	179.011169 	22.022715 	177.519012 	19.104973 	175.368179 	7.211102 	80.653580 	156.204987 	91.923882 	26.019224 	9.219544 	76.537575 	7.280110 	159.022018 	16.763054 	93.776329 	173.971268 	22.360680 	
28.178005 	99.247169 	24.331051 	5.830952 	100.424103 	59.539902 	95.801880 	137.207870 	36.359318 	24.083189 	20.099751 	67.601776 	18.248287 	999.000000 	30.265491 	100.209778 	98.229324 	140.730240 	59.933296 	99.045441 	153.808319 	7.000000 	144.277512 	22.803509 	138.600143 	164.295471 	161.969131 	29.832869 	3.162278 	26.925823 	159.665268 	63.976559 	57.384666 	164.924225 	5.656854 	163.248276 	5.099020 	160.962723 	23.769728 	62.769421 	140.758652 	74.249580 	8.944272 	26.000000 	58.523499 	18.867962 	143.586212 	8.246211 	76.059189 	159.289047 	8.062258 	
17.720045 	125.642349 	10.000000 	34.205261 	127.424484 	88.391174 	123.166557 	161.969131 	23.021729 	42.520584 	40.000000 	96.384644 	12.041595 	30.265491 	999.000000 	127.632286 	125.781555 	165.556641 	89.196411 	126.657021 	177.654160 	37.215588 	169.008881 	8.246211 	163.835281 	187.384628 	185.283569 	3.162278 	31.016125 	5.000000 	183.207535 	93.300591 	86.977005 	188.095718 	34.000000 	186.724396 	31.016125 	184.664566 	9.433981 	92.347168 	166.207703 	103.464973 	38.000000 	8.485281 	88.323273 	15.231546 	169.011841 	28.284271 	105.342300 	183.447540 	34.132095 	
115.550858 	8.485281 	118.532700 	94.868332 	3.605551 	41.725292 	4.472136 	42.379242 	118.928551 	86.406021 	88.102211 	34.058773 	116.811813 	100.209778 	127.632286 	999.000000 	2.236068 	45.310043 	42.638012 	2.000000 	60.406952 	94.641426 	48.846699 	121.794907 	42.047592 	72.422371 	69.570107 	128.280945 	101.212646 	125.717941 	66.730804 	39.408119 	46.400433 	72.732384 	99.488693 	70.228203 	102.449989 	67.416618 	123.422043 	41.880783 	43.416588 	30.413813 	96.426140 	125.642349 	46.872166 	119.037811 	46.141087 	106.667709 	29.546574 	64.474800 	101.414986 	
113.846390 	9.433981 	116.726173 	92.913940 	5.099020 	39.597980 	3.000000 	44.598206 	117.324333 	84.693565 	86.330757 	31.890438 	114.908661 	98.229324 	125.781555 	2.236068 	999.000000 	47.539455 	40.459858 	1.000000 	62.625874 	92.617493 	51.078373 	119.887444 	44.283180 	74.632431 	71.784401 	126.400162 	99.201813 	123.822456 	68.949257 	37.202152 	44.204071 	74.946648 	97.452553 	72.449982 	100.424103 	69.641945 	121.490738 	39.661064 	45.650848 	28.178005 	94.366310 	123.713379 	44.654228 	117.068359 	48.373547 	104.637466 	27.313000 	66.708321 	99.357941 	
151.238220 	42.720020 	155.862122 	135.059250 	43.382023 	85.440041 	48.754486 	3.605551 	152.856140 	123.065025 	125.606529 	78.390053 	155.794739 	140.730240 	165.556641 	45.310043 	47.539455 	999.000000 	86.954010 	47.169907 	15.297058 	135.948517 	3.605551 	160.776245 	4.123106 	27.459061 	24.515301 	166.712326 	142.214630 	164.438431 	21.587032 	84.118965 	90.917542 	27.658634 	140.929062 	25.000000 	143.683685 	22.135944 	162.788208 	86.769814 	5.656854 	75.643906 	138.293167 	164.939377 	91.706055 	159.113174 	6.324555 	147.922272 	74.846512 	19.235384 	143.178207 	
80.062477 	44.294468 	81.043198 	55.154327 	43.829212 	3.605551 	38.600517 	83.725746 	85.287750 	52.038448 	52.345009 	8.602325 	77.620872 	59.933296 	89.196411 	42.638012 	40.459858 	86.954010 	999.000000 	41.109608 	101.533249 	53.712196 	90.553848 	82.462112 	84.059502 	113.159180 	110.462662 	89.319649 	60.415230 	86.539009 	107.782188 	4.123106 	4.123106 	113.595772 	58.309521 	111.364265 	61.400326 	108.706024 	83.671982 	4.472136 	85.702972 	14.317822 	54.918121 	85.906929 	6.082763 	78.714676 	88.481636 	65.513359 	16.155495 	106.174385 	59.908264 	
114.769333 	10.000000 	117.618027 	93.744331 	5.385165 	40.311287 	4.000000 	44.271889 	118.270874 	85.615417 	87.235313 	32.557640 	115.762688 	99.045441 	126.657021 	2.000000 	1.000000 	47.169907 	41.109608 	999.000000 	62.297672 	93.407707 	50.695168 	120.739388 	43.863426 	74.330345 	71.470276 	127.263504 	100.000000 	124.679588 	68.622154 	37.802116 	44.821869 	74.632431 	98.234413 	72.111023 	101.212646 	69.289246 	122.331520 	40.224369 	45.177429 	28.653097 	95.131485 	124.555206 	45.221676 	117.889778 	47.885281 	105.422958 	27.730848 	66.309875 	100.124924 	
162.742126 	57.245087 	167.836227 	148.070923 	58.309521 	99.849884 	63.694584 	18.027756 	163.807816 	135.148071 	137.902145 	93.021500 	168.291412 	153.808319 	177.654160 	60.406952 	62.625874 	15.297058 	101.533249 	62.297672 	999.000000 	149.305054 	12.041595 	173.242599 	19.104973 	12.165525 	9.219544 	178.966476 	155.438095 	176.799316 	6.324555 	98.843307 	105.546196 	12.369317 	154.301651 	9.848858 	156.974518 	7.211102 	175.368179 	101.552940 	19.026299 	90.620087 	151.818970 	177.485214 	106.451866 	171.944763 	17.262676 	161.198639 	89.888817 	6.324555 	156.646103 	
34.539833 	94.069122 	31.257000 	6.403124 	95.015785 	53.535034 	90.271812 	132.457535 	42.485291 	24.515301 	20.615528 	61.587337 	25.179358 	7.000000 	37.215588 	94.641426 	92.617493 	135.948517 	53.712196 	93.407707 	149.305054 	999.000000 	139.517029 	29.614185 	133.689941 	160.000000 	157.610275 	36.674240 	6.708204 	33.734257 	155.241745 	57.706154 	50.990196 	160.601990 	5.000000 	158.836395 	7.810250 	156.486420 	30.364452 	56.364883 	135.771866 	68.000000 	4.123106 	32.572994 	52.000000 	25.079872 	138.600143 	12.041595 	69.771057 	154.673843 	7.615773 	
154.615646 	46.324940 	159.298462 	138.600143 	46.957428 	89.044930 	52.325901 	7.071068 	156.160172 	126.506920 	129.073624 	81.987801 	159.289047 	144.277512 	169.008881 	48.846699 	51.078373 	3.605551 	90.553848 	50.695168 	12.041595 	139.517029 	999.000000 	164.268066 	7.071068 	24.186773 	21.213203 	170.182251 	145.773804 	167.919617 	18.248287 	87.709747 	94.514549 	24.331051 	144.499130 	21.587032 	147.248093 	18.681541 	166.291916 	90.354858 	7.280110 	79.202271 	141.873184 	168.439896 	95.294281 	162.640701 	6.403124 	151.485977 	78.390053 	15.652476 	146.754898 	
19.235384 	120.208153 	10.198039 	27.313000 	121.757957 	81.859634 	117.345642 	157.206863 	26.570660 	38.418747 	35.383614 	89.899948 	5.000000 	22.803509 	8.246211 	121.794907 	119.887444 	160.776245 	82.462112 	120.739388 	173.242599 	29.614185 	164.268066 	999.000000 	158.902481 	183.251190 	181.069046 	7.071068 	23.194826 	4.123106 	178.910599 	86.539009 	80.056229 	183.934769 	26.076809 	182.455475 	23.021729 	180.313614 	3.000000 	85.440041 	161.198639 	96.772926 	30.066593 	4.472136 	81.271149 	7.211102 	164.015244 	20.099751 	98.615417 	178.932953 	26.019224 	
149.773163 	40.000000 	154.201172 	132.966156 	40.311287 	82.661964 	45.650848 	4.472136 	151.604752 	121.400162 	123.846680 	75.471848 	153.912308 	138.600143 	163.835281 	42.047592 	44.283180 	4.123106 	84.059502 	43.863426 	19.104973 	133.689941 	7.071068 	158.902481 	999.000000 	31.257000 	28.284271 	164.924225 	140.014282 	162.606888 	25.317978 	81.123360 	87.982956 	31.400637 	138.657852 	28.635643 	141.449631 	25.709921 	160.863297 	83.725746 	3.000000 	72.449982 	135.948517 	163.027603 	88.684837 	157.079605 	5.385165 	145.691452 	71.589104 	22.472204 	140.858078 	
172.072662 	68.942001 	177.496475 	158.521286 	70.228203 	111.364265 	75.610847 	30.083218 	172.733902 	144.972412 	147.868179 	104.694794 	178.331146 	164.295471 	187.384628 	72.422371 	74.632431 	27.459061 	113.159180 	74.330345 	12.165525 	160.000000 	24.186773 	183.251190 	31.257000 	999.000000 	3.000000 	188.809433 	166.027100 	186.724396 	6.000000 	110.571243 	117.200684 	1.000000 	165.000000 	3.605551 	167.609665 	6.324555 	185.456192 	113.318138 	31.016125 	102.528046 	162.631485 	187.544662 	118.186295 	182.222397 	29.017237 	171.816757 	101.843018 	10.770329 	167.409683 	
170.082336 	66.211784 	175.413803 	156.204987 	67.416618 	108.706024 	72.801102 	27.202942 	170.856659 	142.835571 	145.691452 	101.980392 	176.139145 	161.969131 	185.283569 	69.570107 	71.784401 	24.515301 	110.462662 	71.470276 	9.219544 	157.610275 	21.213203 	181.069046 	28.284271 	3.000000 	999.000000 	186.676193 	163.670395 	184.567062 	3.000000 	107.837845 	114.494545 	3.162278 	162.609970 	2.000000 	165.239227 	3.605551 	183.251190 	110.571243 	28.017851 	99.724625 	160.206116 	185.348328 	115.451286 	179.961105 	26.019224 	169.452057 	99.020203 	8.062258 	165.000000 	
20.396078 	126.491104 	12.083046 	34.176014 	128.160049 	88.639717 	123.822456 	163.131851 	26.076809 	43.840622 	41.109608 	96.664368 	11.704700 	29.832869 	3.162278 	128.280945 	126.400162 	166.712326 	89.319649 	127.263504 	178.966476 	36.674240 	170.182251 	7.071068 	164.924225 	188.809433 	186.676193 	999.000000 	30.265491 	3.000000 	184.567062 	93.407707 	86.977005 	189.509888 	33.136082 	188.095718 	30.066593 	186.002686 	7.280110 	92.358002 	167.263260 	103.619499 	37.121422 	5.830952 	88.232651 	13.341664 	170.073517 	27.018513 	105.475113 	184.718704 	33.000000 	
30.528675 	100.498756 	25.961510 	8.246211 	101.533249 	60.207973 	96.829750 	138.708328 	38.832977 	27.018513 	23.021729 	68.264191 	19.000000 	3.162278 	31.016125 	101.212646 	99.201813 	142.214630 	60.415230 	100.000000 	155.438095 	6.708204 	145.773804 	23.194826 	140.014282 	166.027100 	163.670395 	30.265491 	999.000000 	27.294687 	161.335052 	64.412735 	57.697487 	166.643326 	3.162278 	164.924225 	2.000000 	162.606888 	23.769728 	63.071388 	142.130219 	74.706093 	7.071068 	25.961510 	58.694122 	18.384777 	144.958618 	5.830952 	76.478752 	160.863297 	5.000000 	
20.024984 	124.036285 	11.180340 	31.384710 	125.642349 	85.906929 	121.264175 	160.863297 	26.476404 	41.773197 	38.897301 	93.941475 	8.944272 	26.925823 	5.000000 	125.717941 	123.822456 	164.438431 	86.539009 	124.679588 	176.799316 	33.734257 	167.919617 	4.123106 	162.606888 	186.724396 	184.567062 	3.000000 	27.294687 	999.000000 	182.433548 	90.620087 	84.154617 	187.416641 	30.149628 	185.970428 	27.073973 	183.853195 	4.472136 	89.537704 	164.924225 	100.846420 	34.132095 	3.605551 	85.381500 	10.440307 	167.737885 	24.020824 	102.693718 	182.521225 	30.000000 	
168.121979 	63.505905 	173.358017 	153.912308 	64.621979 	106.066017 	70.007141 	24.351591 	169.011841 	140.730240 	143.544418 	99.282425 	173.971268 	159.665268 	183.207535 	66.730804 	68.949257 	21.587032 	107.782188 	68.622154 	6.324555 	155.241745 	18.248287 	178.910599 	25.317978 	6.000000 	3.000000 	184.567062 	161.335052 	182.433548 	999.000000 	105.118980 	111.803398 	6.082763 	160.240448 	3.605551 	162.889526 	2.000000 	181.069046 	107.837845 	25.019993 	96.932968 	157.800507 	183.174774 	112.729767 	177.721695 	23.021729 	167.107742 	96.208107 	5.656854 	162.609970 	
84.172440 	41.629318 	85.164543 	59.236813 	40.816662 	6.324555 	35.510563 	80.950600 	89.358826 	56.080299 	56.435802 	6.082763 	81.706795 	63.976559 	93.300591 	39.408119 	37.202152 	84.118965 	4.123106 	37.802116 	98.843307 	57.706154 	87.709747 	86.539009 	81.123360 	110.571243 	107.837845 	93.407707 	64.412735 	90.620087 	105.118980 	999.000000 	7.071068 	110.981979 	62.265560 	108.687622 	65.368187 	105.990562 	87.726852 	3.000000 	82.680107 	10.295630 	58.830265 	89.961105 	7.615773 	82.734512 	85.440041 	69.462219 	12.083046 	103.353760 	63.812225 	
78.517517 	48.301140 	79.075912 	52.810986 	47.707443 	7.071068 	42.438190 	87.709747 	84.053551 	51.039200 	51.039200 	12.529964 	75.272835 	57.384666 	86.977005 	46.400433 	44.204071 	90.917542 	4.123106 	44.821869 	105.546196 	50.990196 	94.514549 	80.056229 	87.982956 	117.200684 	114.494545 	86.977005 	57.697487 	84.154617 	111.803398 	7.071068 	999.000000 	117.630775 	55.470715 	115.381973 	58.591808 	112.712021 	81.154175 	5.385165 	89.587944 	17.204651 	51.971146 	83.384651 	2.828427 	76.059189 	92.358002 	62.649822 	18.867962 	110.145355 	56.938564 	
172.817825 	69.354164 	178.213348 	159.154007 	70.576202 	111.825760 	75.960518 	30.364452 	173.510803 	145.670868 	148.553024 	105.118980 	179.011169 	164.924225 	188.095718 	72.732384 	74.946648 	27.658634 	113.595772 	74.632431 	12.369317 	160.601990 	24.331051 	183.934769 	31.400637 	1.000000 	3.162278 	189.509888 	166.643326 	187.416641 	6.082763 	110.981979 	117.630775 	999.000000 	165.601929 	3.162278 	168.220093 	6.082763 	186.131668 	113.718948 	31.064449 	102.883430 	163.217651 	188.223267 	118.595955 	182.877014 	29.000000 	172.429703 	102.181213 	10.440307 	168.002975 	
33.615471 	99.005051 	29.120440 	9.055386 	99.904953 	58.249462 	95.131485 	137.440903 	41.880783 	28.071337 	24.083189 	66.287254 	22.022715 	5.656854 	34.000000 	99.488693 	97.452553 	140.929062 	58.309521 	98.234413 	154.301651 	5.000000 	144.499130 	26.076809 	138.657852 	165.000000 	162.609970 	33.136082 	3.162278 	30.149628 	160.240448 	62.265560 	55.470715 	165.601929 	999.000000 	163.835281 	3.162278 	161.483749 	26.476404 	60.827625 	140.730240 	72.560318 	4.000000 	28.635643 	56.364883 	20.880613 	143.558350 	7.211102 	74.303429 	159.665268 	3.000000 	
171.592545 	67.082039 	176.867188 	157.492859 	68.154236 	109.658562 	73.539108 	27.856777 	172.429703 	144.256714 	147.085007 	102.859123 	177.519012 	163.248276 	186.724396 	70.228203 	72.449982 	25.000000 	111.364265 	72.111023 	9.848858 	158.836395 	21.587032 	182.455475 	28.635643 	3.605551 	2.000000 	188.095718 	164.924225 	185.970428 	3.605551 	108.687622 	115.381973 	3.162278 	163.835281 	999.000000 	166.481232 	3.000000 	184.621231 	111.400177 	28.160255 	100.463921 	161.400131 	186.724396 	116.297035 	181.289825 	26.019224 	170.698563 	99.724625 	7.280110 	166.207703 	
31.622776 	101.862656 	26.570660 	10.198039 	102.825096 	61.294373 	98.081596 	140.185593 	40.000000 	29.017237 	25.019993 	69.339745 	19.104973 	5.099020 	31.016125 	102.449989 	100.424103 	143.683685 	61.400326 	101.212646 	156.974518 	7.810250 	147.248093 	23.021729 	141.449631 	167.609665 	165.239227 	30.066593 	2.000000 	27.073973 	162.889526 	65.368187 	58.591808 	168.220093 	3.162278 	166.481232 	999.000000 	164.149323 	23.345236 	63.953106 	143.544418 	75.663727 	7.071068 	25.495098 	59.506302 	17.720045 	146.372818 	4.242640 	77.414467 	162.373032 	3.605551 	
169.649643 	64.412735 	174.828491 	155.219193 	65.391129 	107.042046 	70.774292 	25.079872 	170.601883 	142.172424 	144.958618 	100.184830 	175.368179 	160.962723 	184.664566 	67.416618 	69.641945 	22.135944 	108.706024 	69.289246 	7.211102 	156.486420 	18.681541 	180.313614 	25.709921 	6.324555 	3.605551 	186.002686 	162.606888 	183.853195 	2.000000 	105.990562 	112.712021 	6.082763 	161.483749 	3.000000 	164.149323 	999.000000 	182.455475 	108.687622 	25.179358 	97.693398 	159.012573 	184.567062 	113.595772 	179.067032 	23.021729 	168.371613 	96.932968 	4.472136 	163.835281 	
22.203604 	122.004097 	13.152946 	28.653097 	123.458496 	83.186539 	118.983192 	159.226257 	29.410883 	40.804413 	37.643059 	91.241440 	7.211102 	23.769728 	9.433981 	123.422043 	121.490738 	162.788208 	83.671982 	122.331520 	175.368179 	30.364452 	166.291916 	3.000000 	160.863297 	185.456192 	183.251190 	7.280110 	23.769728 	4.472136 	181.069046 	87.726852 	81.154175 	186.131668 	26.476404 	184.621231 	23.345236 	182.455475 	999.000000 	86.539009 	163.131851 	97.989792 	30.413813 	2.236068 	82.280006 	6.082763 	165.951797 	20.024984 	99.809822 	181.024857 	26.076809 	
83.725746 	44.384682 	84.403793 	58.189346 	43.416588 	7.810250 	38.078865 	83.630135 	89.140335 	56.000000 	56.142673 	9.055386 	80.653580 	62.769421 	92.347168 	41.880783 	39.661064 	86.769814 	4.472136 	40.224369 	101.552940 	56.364883 	90.354858 	85.440041 	83.725746 	113.318138 	110.571243 	92.358002 	63.071388 	89.537704 	107.837845 	3.000000 	5.385165 	113.718948 	60.827625 	111.400177 	63.953106 	108.687622 	86.539009 	999.000000 	85.234970 	12.041595 	57.306194 	88.769363 	5.000000 	81.437096 	87.982956 	68.000000 	13.601471 	106.004715 	62.265560 	
152.266220 	41.868843 	156.604599 	135.148071 	41.880783 	84.403793 	47.169907 	7.280110 	154.184952 	123.810341 	126.210144 	77.103828 	156.204987 	140.758652 	166.207703 	43.416588 	45.650848 	5.656854 	85.702972 	45.177429 	19.026299 	135.771866 	7.280110 	161.198639 	3.000000 	31.016125 	28.017851 	167.263260 	142.130219 	164.924225 	25.019993 	82.680107 	89.587944 	31.064449 	140.730240 	28.160255 	143.544418 	25.179358 	163.131851 	85.234970 	999.000000 	73.824112 	137.974640 	165.302750 	90.210861 	159.289047 	2.828427 	147.787003 	72.897186 	21.587032 	142.898560 	
93.941475 	33.955853 	95.210297 	69.462219 	32.310989 	15.297058 	26.925823 	72.615425 	98.858482 	65.490456 	66.098412 	8.062258 	91.923882 	74.249580 	103.464973 	30.413813 	28.178005 	75.643906 	14.317822 	28.653097 	90.620087 	68.000000 	79.202271 	96.772926 	72.449982 	102.528046 	99.724625 	103.619499 	74.706093 	100.846420 	96.932968 	10.295630 	17.204651 	102.883430 	72.560318 	100.463921 	75.663727 	97.693398 	97.989792 	12.041595 	73.824112 	999.000000 	69.115845 	100.224747 	16.970562 	93.021500 	76.537575 	79.755875 	2.000000 	94.847244 	74.094536 	
37.121422 	96.176918 	32.984844 	10.295630 	96.938126 	55.000000 	92.097771 	134.825821 	45.276924 	28.635643 	24.738634 	63.007935 	26.019224 	8.944272 	38.000000 	96.426140 	94.366310 	138.293167 	54.918121 	95.131485 	151.818970 	4.123106 	141.873184 	30.066593 	135.948517 	162.631485 	160.206116 	37.121422 	7.071068 	34.132095 	157.800507 	58.830265 	51.971146 	163.217651 	4.000000 	161.400131 	7.071068 	159.012573 	30.413813 	57.306194 	137.974640 	69.115845 	999.000000 	32.557640 	52.773098 	24.738634 	140.801285 	10.770329 	70.830788 	157.114609 	5.000000 	
23.021729 	124.201447 	14.000000 	30.886890 	125.670204 	85.422478 	121.202309 	161.375336 	29.832869 	42.801868 	39.698868 	93.477272 	9.219544 	26.000000 	8.485281 	125.642349 	123.713379 	164.939377 	85.906929 	124.555206 	177.485214 	32.572994 	168.439896 	4.472136 	163.027603 	187.544662 	185.348328 	5.830952 	25.961510 	3.605551 	183.174774 	89.961105 	83.384651 	188.223267 	28.635643 	186.724396 	25.495098 	184.567062 	2.236068 	88.769363 	165.302750 	100.224747 	32.557640 	999.000000 	84.504440 	8.000000 	168.121979 	22.090721 	102.044106 	183.152939 	28.160255 	
80.305664 	49.244289 	80.603973 	54.120235 	48.373547 	9.486833 	43.046486 	88.549423 	86.005814 	53.150730 	53.000000 	13.601471 	76.537575 	58.523499 	88.323273 	46.872166 	44.654228 	91.706055 	6.082763 	45.221676 	106.451866 	52.000000 	95.294281 	81.271149 	88.684837 	118.186295 	115.451286 	88.232651 	58.694122 	85.381500 	112.729767 	7.615773 	2.828427 	118.595955 	56.364883 	116.297035 	59.506302 	113.595772 	82.280006 	5.000000 	90.210861 	16.970562 	52.773098 	84.504440 	999.000000 	77.077881 	92.962357 	63.505905 	18.439089 	110.941429 	57.706154 	
24.698177 	117.923706 	16.124516 	24.207438 	119.201508 	78.390053 	114.621117 	155.569916 	32.649654 	38.470768 	34.985710 	86.452301 	7.280110 	18.867962 	15.231546 	119.037811 	117.068359 	159.113174 	78.714676 	117.889778 	171.944763 	25.079872 	162.640701 	7.211102 	157.079605 	182.222397 	179.961105 	13.341664 	18.384777 	10.440307 	177.721695 	82.734512 	76.059189 	182.877014 	20.880613 	181.289825 	17.720045 	179.067032 	6.082763 	81.437096 	159.289047 	93.021500 	24.738634 	8.000000 	77.077881 	999.000000 	162.114151 	14.142136 	94.810333 	177.519012 	20.223749 	
155.038712 	44.687805 	159.402008 	137.974640 	44.654228 	87.200920 	49.929951 	9.000000 	156.923553 	126.605690 	129.015503 	79.881165 	159.022018 	143.586212 	169.011841 	46.141087 	48.373547 	6.324555 	88.481636 	47.885281 	17.262676 	138.600143 	6.403124 	164.015244 	5.385165 	29.017237 	26.019224 	170.073517 	144.958618 	167.737885 	23.021729 	85.440041 	92.358002 	29.000000 	143.558350 	26.019224 	146.372818 	23.021729 	165.951797 	87.982956 	2.828427 	76.537575 	140.801285 	168.121979 	92.962357 	162.114151 	999.000000 	150.615402 	75.591003 	19.235384 	145.725769 	
31.144823 	106.103722 	25.059929 	13.928389 	107.056061 	65.459915 	102.303467 	144.422989 	39.623226 	32.249031 	28.284271 	73.498299 	16.763054 	8.246211 	28.284271 	106.667709 	104.637466 	147.922272 	65.513359 	105.422958 	161.198639 	12.041595 	151.485977 	20.099751 	145.691452 	171.816757 	169.452057 	27.018513 	5.830952 	24.020824 	167.107742 	69.462219 	62.649822 	172.429703 	7.211102 	170.698563 	4.242640 	168.371613 	20.024984 	68.000000 	147.787003 	79.755875 	10.770329 	22.090721 	63.505905 	14.142136 	150.615402 	999.000000 	81.492332 	166.604324 	6.082763 	
95.900993 	33.541019 	97.123634 	71.309189 	31.622776 	17.262676 	26.248810 	71.867935 	100.841461 	67.475922 	68.066147 	10.049875 	93.776329 	76.059189 	105.342300 	29.546574 	27.313000 	74.846512 	16.155495 	27.730848 	89.888817 	69.771057 	78.390053 	98.615417 	71.589104 	101.843018 	99.020203 	105.475113 	76.478752 	102.693718 	96.208107 	12.083046 	18.867962 	102.181213 	74.303429 	99.724625 	77.414467 	96.932968 	99.809822 	13.601471 	72.897186 	2.000000 	70.830788 	102.044106 	18.439089 	94.810333 	75.591003 	81.492332 	999.000000 	94.021271 	75.802376 	
168.668320 	61.911228 	173.657715 	153.574081 	62.609905 	104.623131 	67.977936 	22.472204 	169.838165 	140.929062 	143.627991 	97.616600 	173.971268 	159.289047 	183.447540 	64.474800 	66.708321 	19.235384 	106.174385 	66.309875 	6.324555 	154.673843 	15.652476 	178.932953 	22.472204 	10.770329 	8.062258 	184.718704 	160.863297 	182.521225 	5.656854 	103.353760 	110.145355 	10.440307 	159.665268 	7.280110 	162.373032 	4.472136 	181.024857 	106.004715 	21.587032 	94.847244 	157.114609 	183.152939 	110.941429 	177.519012 	19.235384 	166.604324 	94.021271 	999.000000 	161.969131 	
35.227829 	101.118744 	30.083218 	12.041595 	101.911728 	60.000000 	97.082436 	139.703262 	43.600460 	31.064449 	27.073973 	68.007355 	22.360680 	8.062258 	34.132095 	101.414986 	99.357941 	143.178207 	59.908264 	100.124924 	156.646103 	7.615773 	146.754898 	26.019224 	140.858078 	167.409683 	165.000000 	33.000000 	5.000000 	30.000000 	162.609970 	63.812225 	56.938564 	168.002975 	3.000000 	166.207703 	3.605551 	163.835281 	26.076809 	62.265560 	142.898560 	74.094536 	5.000000 	28.160255 	57.706154 	20.223749 	145.725769 	6.082763 	75.802376 	161.969131 	999.000000 	

Travel time:
9.000000 	2.817801 	0.226385 	0.728011 	2.874130 	1.966119 	2.777139 	3.690867 	0.212132 	0.728869 	0.697316 	2.158703 	0.436606 	0.704450 	0.443001 	2.888772 	2.846160 	3.780956 	2.001562 	2.869233 	4.068553 	0.863496 	3.865391 	0.480885 	3.744329 	4.301816 	4.252059 	0.509902 	0.763217 	0.500625 	4.203050 	2.104311 	1.962938 	4.320446 	0.840387 	4.289814 	0.790569 	4.241241 	0.555090 	2.093144 	3.806655 	2.348537 	0.928036 	0.575543 	2.007642 	0.617454 	3.875968 	0.778621 	2.397525 	4.216708 	0.880696 	
2.817801 	9.000000 	2.907103 	2.343075 	0.125000 	1.068001 	0.206155 	0.986154 	2.888772 	2.093144 	2.143887 	0.894427 	2.880213 	2.481179 	3.141059 	0.212132 	0.235850 	1.068001 	1.107362 	0.250000 	1.431127 	2.351728 	1.158123 	3.005204 	1.000000 	1.723550 	1.655295 	3.162278 	2.512469 	3.100907 	1.587648 	1.040733 	1.207528 	1.733854 	2.475126 	1.677051 	2.546566 	1.610318 	3.050102 	1.109617 	1.046721 	0.848896 	2.404423 	3.105036 	1.231107 	2.948093 	1.117195 	2.652593 	0.838525 	1.547781 	2.527969 	
0.226385 	2.907103 	9.000000 	0.675463 	2.955186 	2.000156 	2.851535 	3.806737 	0.413824 	0.820061 	0.763217 	2.198010 	0.230489 	0.608276 	0.250000 	2.963317 	2.918154 	3.896553 	2.026080 	2.940451 	4.195906 	0.781425 	3.982461 	0.254951 	3.855029 	4.437412 	4.385345 	0.302076 	0.649038 	0.279509 	4.333951 	2.129114 	1.976898 	4.455334 	0.728011 	4.421679 	0.664266 	4.370712 	0.328824 	2.110095 	3.915115 	2.380257 	0.824621 	0.350000 	2.015099 	0.403113 	3.985050 	0.626498 	2.428091 	4.341443 	0.752080 	
0.728011 	2.343075 	0.675463 	9.000000 	2.375000 	1.364047 	2.261084 	3.288237 	0.919239 	0.475657 	0.375832 	1.565248 	0.561805 	0.145774 	0.855132 	2.371708 	2.322849 	3.376481 	1.378858 	2.343608 	3.701773 	0.160078 	3.465003 	0.682825 	3.324154 	3.963032 	3.905125 	0.854400 	0.206155 	0.784618 	3.847808 	1.480920 	1.320275 	3.978850 	0.226385 	3.937321 	0.254951 	3.880480 	0.716327 	1.454734 	3.378702 	1.736555 	0.257391 	0.772172 	1.353006 	0.605186 	3.449366 	0.348210 	1.782730 	3.839352 	0.301040 	
2.874130 	0.125000 	2.955186 	2.375000 	9.000000 	1.065950 	0.134629 	1.007782 	2.952647 	2.146654 	2.192744 	0.880696 	2.919118 	2.510602 	3.185612 	0.090139 	0.127475 	1.084551 	1.095730 	0.134629 	1.457738 	2.375395 	1.173936 	3.043949 	1.007782 	1.755705 	1.685416 	3.204001 	2.538331 	3.141059 	1.615549 	1.020416 	1.192686 	1.764405 	2.497624 	1.703856 	2.570627 	1.634778 	3.086462 	1.085415 	1.047020 	0.807775 	2.423453 	3.141755 	1.209339 	2.980038 	1.116356 	2.676402 	0.790569 	1.565248 	2.547793 	
1.966119 	1.068001 	2.000156 	1.364047 	1.065950 	9.000000 	0.938416 	2.053807 	2.090006 	1.256234 	1.270089 	0.201556 	1.924188 	1.488497 	2.209779 	1.043132 	0.989950 	2.136001 	0.090139 	1.007782 	2.496247 	1.338376 	2.226123 	2.046491 	2.066549 	2.784107 	2.717651 	2.215993 	1.505199 	2.147673 	2.651650 	0.158114 	0.176777 	2.795644 	1.456237 	2.741464 	1.532359 	2.676051 	2.079664 	0.195256 	2.110095 	0.382426 	1.375000 	2.135562 	0.237171 	1.959751 	2.180023 	1.636498 	0.431567 	2.615578 	1.500000 	
2.777139 	0.206155 	2.851535 	2.261084 	0.134629 	0.938416 	9.000000 	1.142366 	2.862254 	2.048475 	2.090753 	0.750000 	2.809026 	2.395047 	3.079164 	0.111803 	0.075000 	1.218862 	0.965013 	0.100000 	1.592365 	2.256795 	1.308148 	2.933641 	1.141271 	1.890271 	1.820028 	3.095562 	2.420744 	3.031604 	1.750179 	0.887764 	1.060955 	1.899013 	2.378287 	1.838478 	2.452040 	1.769357 	2.974580 	0.951972 	1.179248 	0.673146 	2.302444 	3.030058 	1.076162 	2.865528 	1.248249 	2.557587 	0.656220 	1.699448 	2.427061 	
3.690867 	0.986154 	3.806737 	3.288237 	1.007782 	2.053807 	1.142366 	9.000000 	3.731287 	2.986846 	3.050615 	1.879495 	3.805670 	3.430197 	4.049228 	1.059481 	1.114955 	0.090139 	2.093144 	1.106797 	0.450694 	3.311438 	0.176777 	3.930171 	0.111803 	0.752080 	0.680074 	4.078296 	3.467708 	4.021583 	0.608790 	2.023765 	2.192744 	0.759111 	3.436023 	0.696419 	3.504640 	0.626997 	3.980656 	2.090753 	0.182003 	1.815386 	3.370646 	4.034383 	2.213736 	3.889248 	0.225000 	3.610575 	1.796698 	0.561805 	3.492582 	
0.212132 	2.888772 	0.413824 	0.919239 	2.952647 	2.090006 	2.862254 	3.731287 	9.000000 	0.834416 	0.825379 	2.277060 	0.638847 	0.908983 	0.575543 	2.973214 	2.933108 	3.821404 	2.132194 	2.956772 	4.095195 	1.062132 	3.904004 	0.664266 	3.790119 	4.318347 	4.271417 	0.651920 	0.970824 	0.661910 	4.225296 	2.233971 	2.101339 	4.337770 	1.047020 	4.310742 	1.000000 	4.265047 	0.735272 	2.228508 	3.854624 	2.471462 	1.131923 	0.745822 	2.150145 	0.816241 	3.923089 	0.990581 	2.521037 	4.245954 	1.090011 	
0.728869 	2.093144 	0.820061 	0.475657 	2.146654 	1.256234 	2.048475 	2.986846 	0.834416 	9.000000 	0.100000 	1.442654 	0.840015 	0.602080 	1.063015 	2.160151 	2.117339 	3.076626 	1.300961 	2.140385 	3.378702 	0.612882 	3.162673 	0.960469 	3.035004 	3.624310 	3.570889 	1.096016 	0.675463 	1.044330 	3.518256 	1.402007 	1.275980 	3.641772 	0.701783 	3.606418 	0.725431 	3.554311 	1.020110 	1.400000 	3.095258 	1.637261 	0.715891 	1.070047 	1.328768 	0.961769 	3.165142 	0.806226 	1.686898 	3.523226 	0.776611 	
0.697316 	2.143887 	0.763217 	0.375832 	2.192744 	1.270089 	2.090753 	3.050615 	0.825379 	0.100000 	9.000000 	1.461592 	0.761988 	0.502494 	1.000000 	2.202555 	2.158269 	3.140163 	1.308625 	2.180883 	3.447554 	0.515388 	3.226840 	0.884590 	3.096167 	3.696704 	3.642286 	1.027740 	0.575543 	0.972432 	3.588610 	1.410895 	1.275980 	3.713826 	0.602080 	3.677125 	0.625500 	3.623966 	0.941076 	1.403567 	3.155254 	1.652460 	0.618466 	0.992472 	1.325000 	0.874643 	3.225388 	0.707107 	1.701654 	3.590700 	0.676849 	
2.158703 	0.894427 	2.198010 	1.565248 	0.880696 	0.201556 	0.750000 	1.879495 	2.277060 	1.442654 	1.461592 	9.000000 	2.125000 	1.690044 	2.409616 	0.851469 	0.797261 	1.959751 	0.215058 	0.813941 	2.325537 	1.539683 	2.049695 	2.247499 	1.886796 	2.617370 	2.549510 	2.416609 	1.706605 	2.348537 	2.482061 	0.152069 	0.313249 	2.627975 	1.657181 	2.571478 	1.733494 	2.504621 	2.281036 	0.226385 	1.927596 	0.201556 	1.575198 	2.336932 	0.340037 	2.161308 	1.997029 	1.837457 	0.251247 	2.440415 	1.700184 	
0.436606 	2.880213 	0.230489 	0.561805 	2.919118 	1.924188 	2.809026 	3.805670 	0.638847 	0.840015 	0.761988 	2.125000 	9.000000 	0.456207 	0.301040 	2.920295 	2.872716 	3.894868 	1.940522 	2.894067 	4.207285 	0.629484 	3.982226 	0.125000 	3.847808 	4.458279 	4.403479 	0.292617 	0.475000 	0.223607 	4.349282 	2.042670 	1.881821 	4.475279 	0.550568 	4.437975 	0.477624 	4.384204 	0.180278 	2.016340 	3.905125 	2.298097 	0.650481 	0.230489 	1.913439 	0.182003 	3.975550 	0.419076 	2.344408 	4.349282 	0.559017 	
0.704450 	2.481179 	0.608276 	0.145774 	2.510602 	1.488497 	2.395047 	3.430197 	0.908983 	0.602080 	0.502494 	1.690044 	0.456207 	9.000000 	0.756637 	2.505244 	2.455733 	3.518256 	1.498332 	2.476136 	3.845208 	0.175000 	3.606938 	0.570088 	3.465003 	4.107387 	4.049228 	0.745822 	0.079057 	0.673146 	3.991632 	1.599414 	1.434617 	4.123106 	0.141421 	4.081207 	0.127475 	4.024068 	0.594243 	1.569236 	3.518966 	1.856240 	0.223607 	0.650000 	1.463087 	0.471699 	3.589655 	0.206155 	1.901480 	3.982226 	0.201556 	
0.443001 	3.141059 	0.250000 	0.855132 	3.185612 	2.209779 	3.079164 	4.049228 	0.575543 	1.063015 	1.000000 	2.409616 	0.301040 	0.756637 	9.000000 	3.190807 	3.144539 	4.138916 	2.229910 	3.166425 	4.441354 	0.930390 	4.225222 	0.206155 	4.095882 	4.684616 	4.632089 	0.079057 	0.775403 	0.125000 	4.580188 	2.332515 	2.174425 	4.702393 	0.850000 	4.668110 	0.775403 	4.616614 	0.235850 	2.308679 	4.155192 	2.586624 	0.950000 	0.212132 	2.208082 	0.380789 	4.225296 	0.707107 	2.633558 	4.586188 	0.853302 	
2.888772 	0.212132 	2.963317 	2.371708 	0.090139 	1.043132 	0.111803 	1.059481 	2.973214 	2.160151 	2.202555 	0.851469 	2.920295 	2.505244 	3.190807 	9.000000 	0.055902 	1.132751 	1.065950 	0.050000 	1.510174 	2.366036 	1.221167 	3.044873 	1.051190 	1.810559 	1.739253 	3.207024 	2.530316 	3.142949 	1.668270 	0.985203 	1.160011 	1.818310 	2.487217 	1.755705 	2.561250 	1.685416 	3.085551 	1.047020 	1.085415 	0.760345 	2.410654 	3.141059 	1.171804 	2.975945 	1.153527 	2.666693 	0.738664 	1.611870 	2.535375 	
2.846160 	0.235850 	2.918154 	2.322849 	0.127475 	0.989950 	0.075000 	1.114955 	2.933108 	2.117339 	2.158269 	0.797261 	2.872716 	2.455733 	3.144539 	0.055902 	9.000000 	1.188486 	1.011496 	0.025000 	1.565647 	2.315437 	1.276959 	2.997186 	1.107080 	1.865811 	1.794610 	3.160004 	2.480045 	3.095562 	1.723731 	0.930054 	1.105102 	1.873666 	2.436314 	1.811249 	2.510602 	1.741049 	3.037268 	0.991527 	1.141271 	0.704450 	2.359158 	3.092834 	1.116356 	2.926709 	1.209339 	2.615937 	0.682825 	1.667708 	2.483948 	
3.780956 	1.068001 	3.896553 	3.376481 	1.084551 	2.136001 	1.218862 	0.090139 	3.821404 	3.076626 	3.140163 	1.959751 	3.894868 	3.518256 	4.138916 	1.132751 	1.188486 	9.000000 	2.173850 	1.179248 	0.382426 	3.398713 	0.090139 	4.019406 	0.103078 	0.686477 	0.612882 	4.167808 	3.555366 	4.110961 	0.539676 	2.102974 	2.272938 	0.691466 	3.523226 	0.625000 	3.592092 	0.553399 	4.069705 	2.169245 	0.141421 	1.891098 	3.457329 	4.123485 	2.292651 	3.977829 	0.158114 	3.698057 	1.871163 	0.480885 	3.579455 	
2.001562 	1.107362 	2.026080 	1.378858 	1.095730 	0.090139 	0.965013 	2.093144 	2.132194 	1.300961 	1.308625 	0.215058 	1.940522 	1.498332 	2.229910 	1.065950 	1.011496 	2.173850 	9.000000 	1.027740 	2.538331 	1.342805 	2.263846 	2.061553 	2.101488 	2.828979 	2.761567 	2.232991 	1.510381 	2.163475 	2.694555 	0.103078 	0.103078 	2.839894 	1.457738 	2.784107 	1.535008 	2.717651 	2.091799 	0.111803 	2.142574 	0.357946 	1.372953 	2.147673 	0.152069 	1.967867 	2.212041 	1.637834 	0.403887 	2.654360 	1.497707 	
2.869233 	0.250000 	2.940451 	2.343608 	0.134629 	1.007782 	0.100000 	1.106797 	2.956772 	2.140385 	2.180883 	0.813941 	2.894067 	2.476136 	3.166425 	0.050000 	0.025000 	1.179248 	1.027740 	9.000000 	1.557442 	2.335193 	1.267379 	3.018485 	1.096586 	1.858259 	1.786757 	3.181588 	2.500000 	3.116990 	1.715554 	0.945053 	1.120547 	1.865811 	2.455860 	1.802776 	2.530316 	1.732231 	3.058288 	1.005609 	1.129436 	0.716327 	2.378287 	3.113880 	1.130542 	2.947244 	1.197132 	2.635574 	0.693271 	1.657747 	2.503123 	
