Total assets = 680
Number of asset nodes = 40

Distance:
999.000000 	13.416408 	15.811388 	82.619614 	90.686272 	17.262676 	111.395691 	84.811554 	84.403793 	110.344917 	88.005684 	35.057095 	108.894447 	36.124783 	111.018013 	34.365681 	93.005379 	101.533249 	117.456375 	33.955853 	28.017851 	35.902645 	111.072052 	57.271286 	36.878178 	115.260574 	113.172432 	38.639359 	41.303753 	35.114101 	55.578773 	60.207973 	38.327538 	41.000000 	63.150612 	36.235340 	33.421551 	116.846054 	62.801273 	120.282997 	60.299255 	63.639610 	99.985001 	37.643059 	38.288380 	51.312767 	62.032249 	41.976185 	41.048752 	41.773197 	39.698868 	51.971146 	
13.416408 	999.000000 	3.162278 	94.921021 	103.247276 	5.830952 	124.470879 	97.082436 	96.540146 	123.239601 	100.124924 	42.201897 	121.696342 	42.953465 	123.842644 	40.607880 	105.118980 	113.951744 	130.384048 	39.204590 	29.274563 	41.194660 	123.745705 	66.483078 	42.190044 	128.035156 	125.872955 	44.283180 	47.518417 	39.000000 	64.195015 	69.289246 	43.046486 	46.097721 	72.111023 	38.327538 	33.241539 	129.417923 	71.470276 	132.936081 	68.410522 	72.124893 	111.503365 	37.000000 	37.336308 	38.013157 	69.426216 	29.154760 	41.484936 	29.068884 	38.626415 	38.587563 	
15.811388 	3.162278 	999.000000 	97.836601 	106.103722 	7.211102 	127.141655 	100.004997 	99.488693 	125.992065 	103.077644 	45.354160 	124.482933 	46.097721 	126.621483 	43.737854 	108.074051 	116.846054 	133.124008 	42.296574 	32.140316 	44.283180 	126.574089 	69.641945 	45.276924 	130.831955 	128.693436 	47.381432 	50.635956 	42.011902 	67.357254 	72.449982 	46.097721 	49.162994 	75.272835 	41.194660 	35.902645 	132.276230 	74.632431 	135.771866 	71.568146 	75.286118 	114.546936 	39.560081 	39.849716 	35.510563 	72.567207 	28.000000 	44.147480 	28.017851 	41.109608 	36.235340 	
82.619614 	94.921021 	97.836601 	999.000000 	9.486833 	96.166519 	34.713108 	2.236068 	3.162278 	31.016125 	6.082763 	60.901562 	28.635643 	61.294373 	30.870699 	64.007812 	10.770329 	19.104973 	38.078865 	67.119293 	79.075912 	66.189125 	29.681644 	40.024994 	65.741920 	34.481880 	31.906113 	63.976559 	60.926186 	70.661163 	44.147480 	39.458839 	67.119293 	65.000000 	39.115215 	75.584389 	81.884064 	34.828148 	41.109608 	38.600517 	45.276924 	42.047592 	21.000000 	83.192551 	84.095184 	132.230865 	49.091751 	118.067780 	80.230919 	117.443604 	84.581322 	132.276230 	
90.686272 	103.247276 	106.103722 	9.486833 	999.000000 	104.737770 	25.317978 	8.062258 	10.000000 	21.540659 	8.544003 	70.235321 	19.235384 	70.661163 	21.470911 	73.355301 	8.602325 	11.180340 	28.635643 	76.478752 	88.323273 	75.584389 	20.615528 	49.477268 	75.153175 	25.238859 	22.803509 	73.409805 	70.384659 	80.056229 	53.600372 	48.836460 	76.557167 	74.464760 	48.373547 	85.000000 	91.241440 	26.172504 	50.358715 	29.732138 	54.589375 	51.244511 	20.124611 	92.612091 	93.520050 	140.801285 	58.309521 	127.003937 	89.693924 	126.400162 	94.021271 	140.929062 	
17.262676 	5.830952 	7.211102 	96.166519 	104.737770 	999.000000 	126.605690 	98.290382 	97.621719 	125.099960 	101.178062 	40.853397 	123.434196 	41.436699 	125.606529 	38.897301 	106.150833 	115.260574 	132.279999 	37.107952 	26.019224 	39.051247 	125.319588 	65.741920 	40.024994 	129.726639 	127.475487 	42.201897 	45.607018 	36.345562 	63.158531 	68.447060 	40.607880 	43.737854 	71.175842 	35.000000 	29.274563 	130.862518 	70.384659 	134.469330 	67.067131 	70.936592 	112.004463 	32.756680 	32.984844 	36.069378 	67.720009 	24.738634 	37.483330 	24.515301 	34.205261 	36.235340 	
111.395691 	124.470879 	127.141655 	34.713108 	25.317978 	126.605690 	999.000000 	33.376640 	35.227829 	6.403124 	33.015148 	94.540993 	9.433981 	95.078911 	8.485281 	97.693398 	30.149628 	20.880613 	8.062258 	100.846420 	112.258629 	100.089958 	12.727922 	74.732857 	99.724625 	10.770329 	12.206555 	98.081596 	95.189285 	104.546638 	78.854294 	74.148499 	101.242287 	99.297531 	73.681747 	109.562767 	115.550858 	16.552946 	75.663727 	16.278820 	79.906197 	76.531036 	36.769554 	117.175079 	118.105888 	162.431519 	83.600243 	149.789856 	114.490173 	149.251465 	118.680244 	162.800491 	
84.811554 	97.082436 	100.004997 	2.236068 	8.062258 	98.290382 	33.376640 	999.000000 	2.236068 	29.410883 	4.000000 	62.769421 	26.925823 	63.134777 	29.154760 	65.863495 	8.544003 	17.029387 	36.400551 	68.963760 	80.993828 	68.000000 	27.784887 	41.484936 	67.535179 	32.649654 	30.016663 	65.741920 	62.649822 	72.470680 	45.607018 	40.792156 	68.876701 	66.708321 	40.311287 	77.369247 	83.725746 	32.802441 	42.296574 	36.619667 	46.529560 	43.185646 	19.026299 	84.970581 	85.866173 	134.350296 	50.249378 	120.104118 	81.939003 	119.473846 	86.330757 	134.380051 	
84.403793 	96.540146 	99.488693 	3.162278 	10.000000 	97.621719 	35.227829 	2.236068 	999.000000 	31.048349 	3.605551 	61.587337 	28.460499 	61.911228 	30.675724 	64.660652 	8.602325 	18.027756 	37.947330 	67.742157 	79.881165 	66.730804 	29.068884 	39.849716 	66.241982 	34.014702 	31.304953 	64.412735 	61.269894 	71.196907 	43.965897 	39.051247 	67.535179 	65.306969 	38.470768 	76.059189 	82.492424 	33.837849 	40.447498 	37.735924 	44.721359 	41.303753 	18.027756 	83.648071 	84.534019 	133.660019 	48.373547 	119.205704 	80.529495 	118.562218 	84.970581 	133.645050 	
110.344917 	123.239601 	125.992065 	31.016125 	21.540659 	125.099960 	6.403124 	29.410883 	31.048349 	999.000000 	28.442924 	91.678787 	3.162278 	92.135773 	2.236068 	94.810333 	25.019993 	15.132746 	7.211102 	97.943863 	109.658562 	97.082436 	6.403124 	70.880180 	96.664368 	6.082763 	6.324555 	94.936821 	91.923882 	101.552940 	75.000000 	70.092796 	98.086693 	96.005211 	69.426216 	106.512909 	112.698715 	11.180340 	71.386276 	12.165525 	75.709976 	72.180328 	30.675724 	114.127121 	115.039124 	161.074524 	79.246452 	147.871567 	111.233986 	147.299011 	115.550858 	161.335052 	
88.005684 	100.124924 	103.077644 	6.082763 	8.544003 	101.178062 	33.015148 	4.000000 	3.605551 	28.442924 	999.000000 	64.899925 	25.709921 	65.192024 	27.892651 	67.955872 	5.000000 	14.764823 	35.171009 	71.021126 	83.234612 	69.971420 	26.000000 	42.720020 	69.462219 	31.016125 	28.231188 	67.601776 	64.412735 	74.431175 	46.818798 	41.761227 	70.710678 	68.425140 	41.000000 	79.259071 	85.755463 	30.528675 	42.953465 	34.481880 	47.296936 	43.737854 	15.033297 	86.833176 	87.709747 	137.207870 	50.803543 	122.674362 	83.630135 	122.024590 	88.119240 	137.178711 	
35.057095 	42.201897 	45.354160 	60.901562 	70.235321 	40.853397 	94.540993 	62.769421 	61.587337 	91.678787 	64.899925 	999.000000 	89.470665 	1.414214 	91.706055 	3.162278 	69.634758 	79.611557 	98.838249 	6.324555 	18.439089 	6.000000 	90.553848 	25.238859 	6.082763 	95.383438 	92.784698 	5.830952 	6.708204 	10.198039 	22.360680 	27.784887 	8.246211 	8.602325 	30.413813 	15.297058 	21.023796 	95.414886 	29.546574 	99.322708 	26.248810 	30.083218 	73.552704 	22.803509 	23.769728 	75.166481 	27.294687 	58.796257 	21.023796 	58.051701 	24.515301 	74.632431 	
108.894447 	121.696342 	124.482933 	28.635643 	19.235384 	123.434196 	9.433981 	26.925823 	28.460499 	3.162278 	25.709921 	89.470665 	999.000000 	89.894379 	2.236068 	92.590500 	22.090721 	12.041595 	9.486833 	95.713112 	107.540688 	94.810333 	4.123106 	68.308128 	94.371605 	6.403124 	5.099020 	92.612091 	89.554451 	99.282425 	72.422371 	67.446274 	95.754898 	93.621582 	66.708321 	104.216118 	110.476242 	10.049875 	68.658577 	12.083046 	73.006851 	69.426216 	27.513634 	111.825760 	112.729767 	159.452194 	76.485291 	146.013702 	108.853111 	145.426956 	113.216606 	159.665268 	
36.124783 	42.953465 	46.097721 	61.294373 	70.661163 	41.436699 	95.078911 	63.134777 	61.911228 	92.135773 	65.192024 	1.414214 	89.894379 	999.000000 	92.130341 	2.828427 	69.892776 	79.924965 	99.282425 	5.830952 	18.384777 	5.099020 	90.917542 	25.000000 	5.000000 	95.770561 	93.150414 	4.472136 	5.385165 	9.486833 	21.954498 	27.459061 	7.071068 	7.211102 	30.016663 	14.560220 	20.591261 	95.718338 	29.068884 	99.644371 	25.632011 	29.546574 	73.593475 	22.135944 	23.086792 	75.471848 	26.476404 	58.898216 	20.099751 	58.137768 	23.769728 	74.886581 	
111.018013 	123.842644 	126.621483 	30.870699 	21.470911 	125.606529 	8.485281 	29.154760 	30.675724 	2.236068 	27.892651 	91.706055 	2.236068 	92.130341 	999.000000 	94.826157 	24.186773 	14.000000 	7.280110 	97.948967 	109.772491 	97.046379 	4.242640 	70.519501 	96.607452 	4.472136 	4.123106 	94.847244 	91.787796 	101.518471 	74.632431 	69.641945 	97.989792 	95.854057 	68.883957 	106.451866 	112.712021 	9.055386 	70.830788 	10.440307 	75.186432 	71.589104 	29.120440 	114.061386 	114.965210 	161.616837 	78.644768 	148.219437 	111.085556 	147.634689 	115.451286 	161.839432 	
34.365681 	40.607880 	43.737854 	64.007812 	73.355301 	38.897301 	97.693398 	65.863495 	64.660652 	94.810333 	67.955872 	3.162278 	92.590500 	2.828427 	94.826157 	999.000000 	72.670486 	82.680107 	101.965683 	3.162278 	15.556349 	3.162278 	93.648277 	27.802877 	3.605551 	98.488579 	95.880135 	4.472136 	7.000000 	7.071068 	24.698177 	30.232433 	5.830952 	7.211102 	32.756680 	12.165525 	17.888544 	98.478424 	31.764761 	102.396286 	28.231188 	32.202484 	76.419891 	19.646883 	20.615528 	72.718636 	28.861740 	56.080299 	18.000000 	55.317268 	21.377558 	72.111023 	
93.005379 	105.118980 	108.074051 	10.770329 	8.602325 	106.150833 	30.149628 	8.544003 	8.602325 	25.019993 	5.000000 	69.634758 	22.090721 	69.892776 	24.186773 	72.670486 	999.000000 	10.440307 	31.400637 	75.716576 	88.005684 	74.625732 	21.840330 	47.010635 	74.094536 	26.925823 	24.041630 	72.201111 	68.963760 	79.075912 	51.078373 	45.880280 	75.292763 	72.945183 	44.922153 	83.862984 	90.426765 	25.942244 	46.840153 	29.966648 	51.244511 	47.539455 	11.704700 	91.416626 	92.282173 	142.172424 	54.571056 	127.561752 	88.119240 	126.905479 	92.660675 	142.130219 	
101.533249 	113.951744 	116.846054 	19.104973 	11.180340 	115.260574 	20.880613 	17.029387 	18.027756 	15.132746 	14.764823 	79.611557 	12.041595 	79.924965 	14.000000 	82.680107 	10.440307 	999.000000 	21.095022 	85.755463 	97.908119 	84.723076 	11.401754 	57.384666 	84.219948 	16.492422 	13.601471 	82.365044 	79.177017 	89.185204 	61.465439 	56.302753 	85.475143 	83.186539 	55.362442 	94.021271 	100.498756 	15.811388 	57.280014 	19.723083 	61.684681 	57.974133 	16.124516 	101.597244 	102.474388 	151.327454 	65.000000 	137.131317 	98.386993 	136.499084 	102.883430 	151.380310 	
117.456375 	130.384048 	133.124008 	38.078865 	28.635643 	132.279999 	8.062258 	36.400551 	37.947330 	7.211102 	35.171009 	98.838249 	9.486833 	99.282425 	7.280110 	101.965683 	31.400637 	21.095022 	999.000000 	105.095192 	116.846054 	104.216118 	10.049875 	77.794601 	103.788246 	5.385165 	8.246211 	102.044106 	99.005051 	108.687622 	81.908485 	76.922035 	105.190300 	103.077644 	76.157730 	113.635384 	119.854080 	10.630146 	78.102493 	8.944272 	82.462112 	78.854294 	35.510563 	121.247681 	122.155640 	168.240906 	85.906929 	155.080627 	118.308914 	154.508896 	122.653984 	168.514099 	
33.955853 	39.204590 	42.296574 	67.119293 	76.478752 	37.107952 	100.846420 	68.963760 	67.742157 	97.943863 	71.021126 	6.324555 	95.713112 	5.830952 	97.948967 	3.162278 	75.716576 	85.755463 	105.095192 	999.000000 	12.806249 	2.000000 	96.747093 	30.479502 	3.000000 	101.597244 	98.979797 	5.099020 	8.544003 	4.000000 	27.202942 	32.802441 	4.472136 	7.071068 	35.227829 	9.055386 	14.764823 	101.548019 	34.132095 	105.475113 	30.413813 	34.481880 	79.309517 	16.492422 	17.464249 	70.327805 	30.675724 	53.413483 	15.033297 	52.630791 	18.248287 	69.641945 	
28.017851 	29.274563 	32.140316 	79.075912 	88.323273 	26.019224 	112.258629 	80.993828 	79.881165 	109.658562 	83.234612 	18.439089 	107.540688 	18.384777 	109.772491 	15.556349 	88.005684 	97.908119 	116.846054 	12.806249 	999.000000 	14.422205 	108.756607 	43.278172 	15.264338 	113.534134 	110.981979 	17.492855 	21.095022 	10.770329 	40.000000 	45.607018 	15.231546 	18.384777 	48.010414 	9.055386 	5.830952 	113.718948 	46.872166 	117.596771 	43.046486 	47.169907 	91.967384 	10.000000 	10.816654 	57.706154 	42.953465 	40.607880 	13.038404 	39.824615 	12.206555 	56.938564 	
35.902645 	41.194660 	44.283180 	66.189125 	75.584389 	39.051247 	100.089958 	68.000000 	66.730804 	97.082436 	69.971420 	6.000000 	94.810333 	5.099020 	97.046379 	3.162278 	74.625732 	84.723076 	104.216118 	2.000000 	14.422205 	999.000000 	95.770561 	29.000000 	1.000000 	100.647903 	98.005104 	3.162278 	6.708204 	4.472136 	25.612497 	31.240999 	2.828427 	5.099020 	33.600594 	9.486833 	15.811388 	100.498756 	32.449963 	104.446159 	28.653097 	32.756680 	77.987175 	17.088007 	18.027756 	72.069412 	28.792360 	55.000000 	15.033297 	54.203320 	18.681541 	71.344238 	
111.072052 	123.745705 	126.574089 	29.681644 	20.615528 	125.319588 	12.727922 	27.784887 	29.068884 	6.403124 	26.000000 	90.553848 	4.123106 	90.917542 	4.242640 	93.648277 	21.840330 	11.401754 	10.049875 	96.747093 	108.756607 	95.770561 	999.000000 	68.709534 	95.294281 	5.099020 	2.236068 	93.477272 	90.338257 	100.239716 	72.801102 	67.675697 	96.602280 	94.371605 	66.760765 	105.118980 	111.507851 	6.324555 	68.680420 	9.219544 	73.082146 	69.375786 	25.495098 	112.712021 	113.600174 	161.375336 	76.400261 	147.610977 	109.590149 	147.003403 	114.039467 	161.523987 	
57.271286 	66.483078 	69.641945 	40.024994 	49.477268 	65.741920 	74.732857 	41.484936 	39.849716 	70.880180 	42.720020 	25.238859 	68.308128 	25.000000 	70.519501 	27.802877 	47.010635 	57.384666 	77.794601 	30.479502 	43.278172 	29.000000 	68.709534 	999.000000 	28.284271 	73.736015 	70.936592 	26.172504 	22.671568 	33.241539 	4.123106 	3.000000 	29.068884 	26.400757 	6.000000 	37.643059 	44.598206 	72.917763 	6.324555 	76.967529 	7.211102 	7.615773 	49.203659 	45.000000 	45.803928 	100.404182 	11.661903 	83.868942 	41.340054 	83.096329 	46.043457 	99.864906 	
36.878178 	42.190044 	45.276924 	65.741920 	75.153175 	40.024994 	99.724625 	67.535179 	66.241982 	96.664368 	69.462219 	6.082763 	94.371605 	5.000000 	96.607452 	3.605551 	74.094536 	84.219948 	103.788246 	3.000000 	15.264338 	1.000000 	95.294281 	28.284271 	999.000000 	100.184830 	97.529480 	2.236068 	5.830952 	5.000000 	24.839485 	30.479502 	2.236068 	4.123106 	32.802441 	9.848858 	16.401220 	99.985001 	31.622776 	103.942291 	27.784887 	31.906113 	77.336922 	17.464249 	18.384777 	72.945183 	27.856777 	55.803226 	15.132746 	55.000000 	18.973665 	72.201111 	
115.260574 	128.035156 	130.831955 	34.481880 	25.238859 	129.726639 	10.770329 	32.649654 	34.014702 	6.082763 	31.016125 	95.383438 	6.403124 	95.770561 	4.472136 	98.488579 	26.925823 	16.492422 	5.385165 	101.597244 	113.534134 	100.647903 	5.099020 	73.736015 	100.184830 	999.000000 	3.000000 	98.386993 	95.273293 	105.118980 	77.833153 	72.732384 	101.518471 	99.317673 	71.840103 	110.018181 	116.361504 	5.830952 	73.763138 	6.082763 	78.160095 	74.464760 	30.265491 	117.618027 	118.511604 	165.758865 	81.492332 	152.200531 	114.542572 	151.604752 	118.966385 	165.951797 	
113.172432 	125.872955 	128.693436 	31.906113 	22.803509 	127.475487 	12.206555 	30.016663 	31.304953 	6.324555 	28.231188 	92.784698 	5.099020 	93.150414 	4.123106 	95.880135 	24.041630 	13.601471 	8.246211 	98.979797 	110.981979 	98.005104 	2.236068 	70.936592 	97.529480 	3.000000 	999.000000 	95.713112 	92.574295 	102.474388 	75.026665 	69.892776 	98.838249 	96.607452 	68.963760 	107.354553 	113.740936 	5.000000 	70.880180 	7.211102 	75.286118 	71.568146 	27.294687 	114.947815 	115.836090 	163.526749 	78.587532 	149.806549 	111.825760 	149.201202 	116.275536 	163.685669 	
38.639359 	44.283180 	47.381432 	63.976559 	73.409805 	42.201897 	98.081596 	65.741920 	64.412735 	94.936821 	67.601776 	5.830952 	92.612091 	4.472136 	94.847244 	4.472136 	72.201111 	82.365044 	102.044106 	5.099020 	17.492855 	3.162278 	93.477272 	26.172504 	2.236068 	98.386993 	95.713112 	999.000000 	3.605551 	7.071068 	22.671568 	28.319605 	3.162278 	2.828427 	30.610456 	11.661903 	18.439089 	98.112183 	29.410883 	102.083298 	25.553865 	29.681644 	75.286118 	19.235384 	20.124611 	75.179787 	25.632011 	58.008621 	16.492422 	57.201397 	20.615528 	74.431175 	
41.303753 	47.518417 	50.635956 	60.926186 	70.384659 	45.607018 	95.189285 	62.649822 	61.269894 	91.923882 	64.412735 	6.708204 	89.554451 	5.385165 	91.787796 	7.000000 	68.963760 	79.177017 	99.005051 	8.544003 	21.095022 	6.708204 	90.338257 	22.671568 	5.830952 	95.273293 	92.574295 	3.605551 	999.000000 	10.630146 	19.104973 	24.758837 	6.403124 	4.123106 	27.018513 	15.000000 	21.931713 	94.894676 	25.806976 	98.883774 	21.954498 	26.076809 	71.840103 	22.472204 	23.323807 	78.771820 	22.135944 	61.611687 	19.313208 	60.802959 	23.706539 	78.032043 	
35.114101 	39.000000 	42.011902 	70.661163 	80.056229 	36.345562 	104.546638 	72.470680 	71.196907 	101.552940 	74.431175 	10.198039 	99.282425 	9.486833 	101.518471 	7.071068 	79.075912 	89.185204 	108.687622 	4.000000 	10.770329 	4.472136 	100.239716 	33.241539 	5.000000 	105.118980 	102.474388 	7.071068 	10.630146 	999.000000 	29.732138 	35.383614 	4.472136 	7.615773 	37.643059 	5.099020 	11.401754 	104.957130 	36.400551 	108.908218 	32.449963 	36.619667 	82.328613 	12.649111 	13.601471 	68.425140 	32.202484 	51.039200 	11.045361 	50.219517 	14.317822 	67.601776 	
55.578773 	64.195015 	67.357254 	44.147480 	53.600372 	63.158531 	78.854294 	45.607018 	43.965897 	75.000000 	46.818798 	22.360680 	72.422371 	21.954498 	74.632431 	24.698177 	51.078373 	61.465439 	81.908485 	27.202942 	40.000000 	25.612497 	72.801102 	4.123106 	24.839485 	77.833153 	75.026665 	22.671568 	19.104973 	29.732138 	999.000000 	5.656854 	25.455845 	22.671568 	8.062258 	33.970577 	41.012192 	76.967529 	7.280110 	81.024689 	5.385165 	8.062258 	53.009434 	41.231056 	42.011902 	97.416634 	9.219544 	80.603973 	37.443291 	79.812279 	42.201897 	96.798759 	
60.207973 	69.289246 	72.449982 	39.458839 	48.836460 	68.447060 	74.148499 	40.792156 	39.051247 	70.092796 	41.761227 	27.784887 	67.446274 	27.459061 	69.641945 	30.232433 	45.880280 	56.302753 	76.922035 	32.802441 	45.607018 	31.240999 	67.675697 	3.000000 	30.479502 	72.732384 	69.892776 	28.319605 	24.758837 	35.383614 	5.656854 	999.000000 	31.112698 	28.319605 	3.000000 	39.623226 	46.669048 	71.693794 	3.605551 	75.769386 	6.082763 	5.000000 	47.434166 	46.861500 	47.634022 	102.927162 	10.440307 	86.214851 	43.011627 	85.428329 	47.801674 	102.342560 	
38.327538 	43.046486 	46.097721 	67.119293 	76.557167 	40.607880 	101.242287 	68.876701 	67.535179 	98.086693 	70.710678 	8.246211 	95.754898 	7.071068 	97.989792 	5.830952 	75.292763 	85.475143 	105.190300 	4.472136 	15.231546 	2.828427 	96.602280 	29.068884 	2.236068 	101.518471 	98.838249 	3.162278 	6.403124 	4.472136 	25.455845 	31.112698 	999.000000 	3.162278 	33.301651 	8.602325 	15.556349 	101.212646 	32.015621 	105.190300 	28.017851 	32.202484 	78.243210 	16.124516 	17.000000 	72.897186 	27.730848 	55.470715 	13.341664 	54.644306 	17.464249 	72.069412 	
41.000000 	46.097721 	49.162994 	65.000000 	74.464760 	43.737854 	99.297531 	66.708321 	65.306969 	96.005211 	68.425140 	8.602325 	93.621582 	7.211102 	95.854057 	7.211102 	72.945183 	83.186539 	103.077644 	7.071068 	18.384777 	5.099020 	94.371605 	26.400757 	4.123106 	99.317673 	96.607452 	2.828427 	4.123106 	7.615773 	22.671568 	28.319605 	3.162278 	999.000000 	30.413813 	11.313708 	18.439089 	98.883774 	29.068884 	102.883430 	25.000000 	29.206163 	75.604233 	18.601076 	19.416489 	76.026314 	24.596748 	58.523499 	15.231546 	57.688820 	19.723083 	75.179787 	
63.150612 	72.111023 	75.272835 	39.115215 	48.373547 	71.175842 	73.681747 	40.311287 	38.470768 	69.426216 	41.000000 	30.413813 	66.708321 	30.016663 	68.883957 	32.756680 	44.922153 	55.362442 	76.157730 	35.227829 	48.010414 	33.600594 	66.760765 	6.000000 	32.802441 	71.840103 	68.963760 	30.610456 	27.018513 	37.643059 	8.062258 	3.000000 	33.301651 	30.413813 	999.000000 	41.725292 	48.836460 	70.576202 	2.000000 	74.672615 	6.324555 	3.162278 	45.793011 	48.836460 	49.578220 	105.475113 	10.000000 	88.600227 	44.821869 	87.800911 	49.678970 	104.847511 	
36.235340 	38.327538 	41.194660 	75.584389 	85.000000 	35.000000 	109.562767 	77.369247 	76.059189 	106.512909 	79.259071 	15.297058 	104.216118 	14.560220 	106.451866 	12.165525 	83.862984 	94.021271 	113.635384 	9.055386 	9.055386 	9.486833 	105.118980 	37.643059 	9.848858 	110.018181 	107.354553 	11.661903 	15.000000 	5.099020 	33.970577 	39.623226 	8.602325 	11.313708 	41.725292 	999.000000 	7.211102 	109.772491 	40.360870 	113.740936 	36.235340 	40.459858 	86.833176 	7.615773 	8.544003 	65.391129 	35.510563 	47.507893 	6.324555 	46.647614 	9.219544 	64.404968 	
33.421551 	33.241539 	35.902645 	81.884064 	91.241440 	29.274563 	115.550858 	83.725746 	82.492424 	112.698715 	85.755463 	21.023796 	110.476242 	20.591261 	112.712021 	17.888544 	90.426765 	100.498756 	119.854080 	14.764823 	5.830952 	15.811388 	111.507851 	44.598206 	16.401220 	116.361504 	113.740936 	18.439089 	21.931713 	11.401754 	41.012192 	46.669048 	15.556349 	18.439089 	48.836460 	7.211102 	999.000000 	116.284134 	47.507893 	120.220627 	43.416588 	47.634022 	93.723000 	4.242640 	5.000000 	58.309521 	42.720020 	40.311287 	8.246211 	39.446167 	6.403124 	57.271286 	
116.846054 	129.417923 	132.276230 	34.828148 	26.172504 	130.862518 	16.552946 	32.802441 	33.837849 	11.180340 	30.528675 	95.414886 	10.049875 	95.718338 	9.055386 	98.478424 	25.942244 	15.811388 	10.630146 	101.548019 	113.718948 	100.498756 	6.324555 	72.917763 	99.985001 	5.830952 	5.000000 	98.112183 	94.894676 	104.957130 	76.967529 	71.693794 	101.212646 	98.883774 	70.576202 	109.772491 	116.284134 	999.000000 	72.449982 	4.123106 	76.896034 	73.054771 	27.018513 	117.337120 	118.207443 	166.931122 	80.006248 	152.895386 	114.061386 	152.269501 	118.595955 	167.026947 	
62.801273 	71.470276 	74.632431 	41.109608 	50.358715 	70.384659 	75.663727 	42.296574 	40.447498 	71.386276 	42.953465 	29.546574 	68.658577 	29.068884 	70.830788 	31.764761 	46.840153 	57.280014 	78.102493 	34.132095 	46.872166 	32.449963 	68.680420 	6.324555 	31.622776 	73.763138 	70.880180 	29.410883 	25.806976 	36.400551 	7.280110 	3.605551 	32.015621 	29.068884 	2.000000 	40.360870 	47.507893 	72.449982 	999.000000 	76.550636 	4.472136 	1.414214 	47.507893 	47.381432 	48.104053 	104.446159 	8.000000 	87.418533 	43.278172 	86.608315 	48.166378 	103.773796 	
120.282997 	132.936081 	135.771866 	38.600517 	29.732138 	134.469330 	16.278820 	36.619667 	37.735924 	12.165525 	34.481880 	99.322708 	12.083046 	99.644371 	10.440307 	102.396286 	29.966648 	19.723083 	8.944272 	105.475113 	117.596771 	104.446159 	9.219544 	76.967529 	103.942291 	6.082763 	7.211102 	102.083298 	98.883774 	108.908218 	81.024689 	75.769386 	105.190300 	102.883430 	74.672615 	113.740936 	120.220627 	4.123106 	76.550636 	999.000000 	80.993828 	77.162170 	31.064449 	121.313644 	122.188377 	170.531525 	84.118965 	156.646103 	118.072014 	156.028839 	122.588745 	170.660477 	
60.299255 	68.410522 	71.568146 	45.276924 	54.589375 	67.067131 	79.906197 	46.529560 	44.721359 	75.709976 	47.296936 	26.248810 	73.006851 	25.632011 	75.186432 	28.231188 	51.244511 	61.684681 	82.462112 	30.413813 	43.046486 	28.653097 	73.082146 	7.211102 	27.784887 	78.160095 	75.286118 	25.553865 	21.954498 	32.449963 	5.385165 	6.082763 	28.017851 	25.000000 	6.324555 	36.235340 	43.416588 	76.896034 	4.472136 	80.993828 	999.000000 	4.242640 	51.971146 	43.139309 	43.840622 	100.722389 	4.472136 	83.486526 	38.948685 	82.661964 	43.863426 	99.985001 	
63.639610 	72.124893 	75.286118 	42.047592 	51.244511 	70.936592 	76.531036 	43.185646 	41.303753 	72.180328 	43.737854 	30.083218 	69.426216 	29.546574 	71.589104 	32.202484 	47.539455 	57.974133 	78.854294 	34.481880 	47.169907 	32.756680 	69.375786 	7.615773 	31.906113 	74.464760 	71.568146 	29.681644 	26.076809 	36.619667 	8.062258 	5.000000 	32.202484 	29.206163 	3.162278 	40.459858 	47.634022 	73.054771 	1.414214 	77.162170 	4.242640 	999.000000 	47.885281 	47.381432 	48.083260 	104.809349 	7.071068 	87.658424 	43.185646 	86.838928 	48.104053 	104.100914 	
99.985001 	111.503365 	114.546936 	21.000000 	20.124611 	112.004463 	36.769554 	19.026299 	18.027756 	30.675724 	15.033297 	73.552704 	27.513634 	73.593475 	29.120440 	76.419891 	11.704700 	16.124516 	35.510563 	79.309517 	91.967384 	77.987175 	25.495098 	49.203659 	77.336922 	30.265491 	27.294687 	75.286118 	71.840103 	82.328613 	53.009434 	47.434166 	78.243210 	75.604233 	45.793011 	86.833176 	93.723000 	27.018513 	47.507893 	31.064449 	51.971146 	47.885281 	999.000000 	94.201912 	95.000000 	147.756561 	54.561890 	132.245987 	90.443352 	131.529465 	95.210297 	147.512711 	
37.643059 	37.000000 	39.560081 	83.192551 	92.612091 	32.756680 	117.175079 	84.970581 	83.648071 	114.127121 	86.833176 	22.803509 	111.825760 	22.135944 	114.061386 	19.646883 	91.416626 	101.597244 	121.247681 	16.492422 	10.000000 	17.088007 	112.712021 	45.000000 	17.464249 	117.618027 	114.947815 	19.235384 	22.472204 	12.649111 	41.231056 	46.861500 	16.124516 	18.601076 	48.836460 	7.615773 	4.242640 	117.337120 	47.381432 	121.313644 	43.139309 	47.381432 	94.201912 	999.000000 	1.000000 	60.083275 	42.011902 	41.629318 	5.099020 	40.718548 	2.236068 	58.872746 	
38.288380 	37.336308 	39.849716 	84.095184 	93.520050 	32.984844 	118.105888 	85.866173 	84.534019 	115.039124 	87.709747 	23.769728 	112.729767 	23.086792 	114.965210 	20.615528 	92.282173 	102.474388 	122.155640 	17.464249 	10.816654 	18.027756 	113.600174 	45.803928 	18.384777 	118.511604 	115.836090 	20.124611 	23.323807 	13.601471 	42.011902 	47.634022 	17.000000 	19.416489 	49.578220 	8.544003 	5.000000 	118.207443 	48.104053 	122.188377 	43.840622 	48.083260 	95.000000 	1.000000 	999.000000 	59.774578 	42.638012 	41.231056 	5.385165 	40.311287 	1.414214 	58.523499 	
51.312767 	38.013157 	35.510563 	132.230865 	140.801285 	36.069378 	162.431519 	134.350296 	133.660019 	161.074524 	137.207870 	75.166481 	159.452194 	75.471848 	161.616837 	72.718636 	142.172424 	151.327454 	168.240906 	70.327805 	57.706154 	72.069412 	161.375336 	100.404182 	72.945183 	165.758865 	163.526749 	75.179787 	78.771820 	68.425140 	97.416634 	102.927162 	72.897186 	76.026314 	105.475113 	65.391129 	58.309521 	166.931122 	104.446159 	170.531525 	100.722389 	104.809349 	147.756561 	60.083275 	59.774578 	999.000000 	100.623062 	19.104973 	65.145988 	20.099751 	60.440052 	2.828427 	
62.032249 	69.426216 	72.567207 	49.091751 	58.309521 	67.720009 	83.600243 	50.249378 	48.373547 	79.246452 	50.803543 	27.294687 	76.485291 	26.476404 	78.644768 	28.861740 	54.571056 	65.000000 	85.906929 	30.675724 	42.953465 	28.792360 	76.400261 	11.661903 	27.856777 	81.492332 	78.587532 	25.632011 	22.135944 	32.202484 	9.219544 	10.440307 	27.730848 	24.596748 	10.000000 	35.510563 	42.720020 	80.006248 	8.000000 	84.118965 	4.472136 	7.071068 	54.561890 	42.011902 	42.638012 	100.623062 	999.000000 	83.006027 	37.536648 	82.152298 	42.520584 	99.764725 	
41.976185 	29.154760 	28.000000 	118.067780 	127.003937 	24.738634 	149.789856 	120.104118 	119.205704 	147.871567 	122.674362 	58.796257 	146.013702 	58.898216 	148.219437 	56.080299 	127.561752 	137.131317 	155.080627 	53.413483 	40.607880 	55.000000 	147.610977 	83.868942 	55.803226 	152.200531 	149.806549 	58.008621 	61.611687 	51.039200 	80.603973 	86.214851 	55.470715 	58.523499 	88.600227 	47.507893 	40.311287 	152.895386 	87.418533 	156.646103 	83.486526 	87.658424 	132.245987 	41.629318 	41.231056 	19.104973 	83.006027 	999.000000 	46.615448 	1.000000 	41.785164 	17.464249 	
41.048752 	41.484936 	44.147480 	80.230919 	89.693924 	37.483330 	114.490173 	81.939003 	80.529495 	111.233986 	83.630135 	21.023796 	108.853111 	20.099751 	111.085556 	18.000000 	88.119240 	98.386993 	118.308914 	15.033297 	13.038404 	15.033297 	109.590149 	41.340054 	15.132746 	114.542572 	111.825760 	16.492422 	19.313208 	11.045361 	37.443291 	43.011627 	13.341664 	15.231546 	44.821869 	6.324555 	8.246211 	114.061386 	43.278172 	118.072014 	38.948685 	43.185646 	90.443352 	5.099020 	5.385165 	65.145988 	37.536648 	46.615448 	999.000000 	45.694637 	5.000000 	63.906181 	
41.773197 	29.068884 	28.017851 	117.443604 	126.400162 	24.515301 	149.251465 	119.473846 	118.562218 	147.299011 	122.024590 	58.051701 	145.426956 	58.137768 	147.634689 	55.317268 	126.905479 	136.499084 	154.508896 	52.630791 	39.824615 	54.203320 	147.003403 	83.096329 	55.000000 	151.604752 	149.201202 	57.201397 	60.802959 	50.219517 	79.812279 	85.428329 	54.644306 	57.688820 	87.800911 	46.647614 	39.446167 	152.269501 	86.608315 	156.028839 	82.661964 	86.838928 	131.529465 	40.718548 	40.311287 	20.099751 	82.152298 	1.000000 	45.694637 	999.000000 	40.853397 	18.439089 	
39.698868 	38.626415 	41.109608 	84.581322 	94.021271 	34.205261 	118.680244 	86.330757 	84.970581 	115.550858 	88.119240 	24.515301 	113.216606 	23.769728 	115.451286 	21.377558 	92.660675 	102.883430 	122.653984 	18.248287 	12.206555 	18.681541 	114.039467 	46.043457 	18.973665 	118.966385 	116.275536 	20.615528 	23.706539 	14.317822 	42.201897 	47.801674 	17.464249 	19.723083 	49.678970 	9.219544 	6.403124 	118.595955 	48.166378 	122.588745 	43.863426 	48.104053 	95.210297 	2.236068 	1.414214 	60.440052 	42.520584 	41.785164 	5.000000 	40.853397 	999.000000 	59.135437 	
51.971146 	38.587563 	36.235340 	132.276230 	140.929062 	36.235340 	162.800491 	134.380051 	133.645050 	161.335052 	137.178711 	74.632431 	159.665268 	74.886581 	161.839432 	72.111023 	142.130219 	151.380310 	168.514099 	69.641945 	56.938564 	71.344238 	161.523987 	99.864906 	72.201111 	165.951797 	163.685669 	74.431175 	78.032043 	67.601776 	96.798759 	102.342560 	72.069412 	75.179787 	104.847511 	64.404968 	57.271286 	167.026947 	103.773796 	170.660477 	99.985001 	104.100914 	147.512711 	58.872746 	58.523499 	2.828427 	99.764725 	17.464249 	63.906181 	18.439089 	59.135437 	999.000000 	

Travel time:
9.000000 	0.335410 	0.395285 	2.065490 	2.267157 	0.431567 	2.784892 	2.120289 	2.110095 	2.758623 	2.200142 	0.876427 	2.722361 	0.903120 	2.775450 	0.859142 	2.325135 	2.538331 	2.936409 	0.848896 	0.700446 	0.897566 	2.776801 	1.431782 	0.921954 	2.881514 	2.829311 	0.965984 	1.032594 	0.877853 	1.389469 	1.505199 	0.958188 	1.025000 	1.578765 	0.905883 	0.835539 	2.921151 	1.570032 	3.007075 	1.507481 	1.590990 	2.499625 	0.941076 	0.957209 	1.282819 	1.550806 	1.049405 	1.026219 	1.044330 	0.992472 	1.299279 	
0.335410 	9.000000 	0.079057 	2.373025 	2.581182 	0.145774 	3.111772 	2.427061 	2.413504 	3.080990 	2.503123 	1.055047 	3.042408 	1.073837 	3.096066 	1.015197 	2.627975 	2.848794 	3.259601 	0.980115 	0.731864 	1.029866 	3.093643 	1.662077 	1.054751 	3.200879 	3.146824 	1.107080 	1.187960 	0.975000 	1.604875 	1.732231 	1.076162 	1.152443 	1.802776 	0.958188 	0.831038 	3.235448 	1.786757 	3.323402 	1.710263 	1.803122 	2.787584 	0.925000 	0.933408 	0.950329 	1.735655 	0.728869 	1.037123 	0.726722 	0.965660 	0.964689 	
0.395285 	0.079057 	9.000000 	2.445915 	2.652593 	0.180278 	3.178541 	2.500125 	2.487217 	3.149802 	2.576941 	1.133854 	3.112073 	1.152443 	3.165537 	1.093446 	2.701851 	2.921151 	3.328100 	1.057414 	0.803508 	1.107080 	3.164352 	1.741049 	1.131923 	3.270799 	3.217336 	1.184536 	1.265899 	1.050297 	1.683931 	1.811249 	1.152443 	1.229075 	1.881821 	1.029866 	0.897566 	3.306906 	1.865811 	3.394297 	1.789204 	1.882153 	2.863673 	0.989002 	0.996243 	0.887764 	1.814180 	0.700000 	1.103687 	0.700446 	1.027740 	0.905883 	
2.065490 	2.373025 	2.445915 	9.000000 	0.237171 	2.404163 	0.867828 	0.055902 	0.079057 	0.775403 	0.152069 	1.522539 	0.715891 	1.532359 	0.771767 	1.600195 	0.269258 	0.477624 	0.951972 	1.677982 	1.976898 	1.654728 	0.742041 	1.000625 	1.643548 	0.862047 	0.797653 	1.599414 	1.523155 	1.766529 	1.103687 	0.986471 	1.677982 	1.625000 	0.977880 	1.889610 	2.047101 	0.870704 	1.027740 	0.965013 	1.131923 	1.051190 	0.525000 	2.079814 	2.102380 	3.305772 	1.227294 	2.951694 	2.005773 	2.936090 	2.114533 	3.306906 	
2.267157 	2.581182 	2.652593 	0.237171 	9.000000 	2.618444 	0.632949 	0.201556 	0.250000 	0.538516 	0.213600 	1.755883 	0.480885 	1.766529 	0.536773 	1.833883 	0.215058 	0.279509 	0.715891 	1.911969 	2.208082 	1.889610 	0.515388 	1.236932 	1.878829 	0.630971 	0.570088 	1.835245 	1.759616 	2.001406 	1.340009 	1.220912 	1.913929 	1.861619 	1.209339 	2.125000 	2.281036 	0.654313 	1.258968 	0.743303 	1.364734 	1.281113 	0.503115 	2.315302 	2.338001 	3.520032 	1.457738 	3.175098 	2.242348 	3.160004 	2.350532 	3.523226 	
0.431567 	0.145774 	0.180278 	2.404163 	2.618444 	9.000000 	3.165142 	2.457260 	2.440543 	3.127499 	2.529452 	1.021335 	3.085855 	1.035918 	3.140163 	0.972432 	2.653771 	2.881514 	3.307000 	0.927699 	0.650481 	0.976281 	3.132990 	1.643548 	1.000625 	3.243166 	3.186887 	1.055047 	1.140175 	0.908639 	1.578963 	1.711177 	1.015197 	1.093446 	1.779396 	0.875000 	0.731864 	3.271563 	1.759616 	3.361733 	1.676678 	1.773415 	2.800112 	0.818917 	0.824621 	0.901734 	1.693000 	0.618466 	0.937083 	0.612882 	0.855132 	0.905883 	
2.784892 	3.111772 	3.178541 	0.867828 	0.632949 	3.165142 	9.000000 	0.834416 	0.880696 	0.160078 	0.825379 	2.363525 	0.235850 	2.376973 	0.212132 	2.442335 	0.753741 	0.522015 	0.201556 	2.521161 	2.806466 	2.502249 	0.318198 	1.868321 	2.493116 	0.269258 	0.305164 	2.452040 	2.379732 	2.613666 	1.971357 	1.853712 	2.531057 	2.482438 	1.842044 	2.739069 	2.888772 	0.413824 	1.891593 	0.406971 	1.997655 	1.913276 	0.919239 	2.929377 	2.952647 	4.060788 	2.090006 	3.744746 	2.862254 	3.731287 	2.967006 	4.070012 	
2.120289 	2.427061 	2.500125 	0.055902 	0.201556 	2.457260 	0.834416 	9.000000 	0.055902 	0.735272 	0.100000 	1.569236 	0.673146 	1.578369 	0.728869 	1.646587 	0.213600 	0.425735 	0.910014 	1.724094 	2.024846 	1.700000 	0.694622 	1.037123 	1.688380 	0.816241 	0.750417 	1.643548 	1.566246 	1.811767 	1.140175 	1.019804 	1.721918 	1.667708 	1.007782 	1.934231 	2.093144 	0.820061 	1.057414 	0.915492 	1.163239 	1.079641 	0.475657 	2.124264 	2.146654 	3.358757 	1.256234 	3.002603 	2.048475 	2.986846 	2.158269 	3.359501 	
2.110095 	2.413504 	2.487217 	0.079057 	0.250000 	2.440543 	0.880696 	0.055902 	9.000000 	0.776209 	0.090139 	1.539683 	0.711512 	1.547781 	0.766893 	1.616516 	0.215058 	0.450694 	0.948683 	1.693554 	1.997029 	1.668270 	0.726722 	0.996243 	1.656049 	0.850368 	0.782624 	1.610318 	1.531747 	1.779923 	1.099147 	0.976281 	1.688380 	1.632674 	0.961769 	1.901480 	2.062311 	0.845946 	1.011187 	0.943398 	1.118034 	1.032594 	0.450694 	2.091202 	2.113350 	3.341501 	1.209339 	2.980143 	2.013237 	2.964056 	2.124264 	3.341126 	
2.758623 	3.080990 	3.149802 	0.775403 	0.538516 	3.127499 	0.160078 	0.735272 	0.776209 	9.000000 	0.711073 	2.291970 	0.079057 	2.303394 	0.055902 	2.370258 	0.625500 	0.378319 	0.180278 	2.448596 	2.741464 	2.427061 	0.160078 	1.772004 	2.416609 	0.152069 	0.158114 	2.373420 	2.298097 	2.538824 	1.875000 	1.752320 	2.452167 	2.400130 	1.735655 	2.662823 	2.817468 	0.279509 	1.784657 	0.304138 	1.892749 	1.804508 	0.766893 	2.853178 	2.875978 	4.026863 	1.981161 	3.696789 	2.780850 	3.682475 	2.888772 	4.033376 	
2.200142 	2.503123 	2.576941 	0.152069 	0.213600 	2.529452 	0.825379 	0.100000 	0.090139 	0.711073 	9.000000 	1.622498 	0.642748 	1.629801 	0.697316 	1.698897 	0.125000 	0.369121 	0.879275 	1.775528 	2.080865 	1.749285 	0.650000 	1.068001 	1.736555 	0.775403 	0.705780 	1.690044 	1.610318 	1.860779 	1.170470 	1.044031 	1.767767 	1.710629 	1.025000 	1.981477 	2.143887 	0.763217 	1.073837 	0.862047 	1.182423 	1.093446 	0.375832 	2.170829 	2.192744 	3.430197 	1.270089 	3.066859 	2.090753 	3.050615 	2.202981 	3.429468 	
0.876427 	1.055047 	1.133854 	1.522539 	1.755883 	1.021335 	2.363525 	1.569236 	1.539683 	2.291970 	1.622498 	9.000000 	2.236767 	0.035355 	2.292651 	0.079057 	1.740869 	1.990289 	2.470956 	0.158114 	0.460977 	0.150000 	2.263846 	0.630971 	0.152069 	2.384586 	2.319618 	0.145774 	0.167705 	0.254951 	0.559017 	0.694622 	0.206155 	0.215058 	0.760345 	0.382426 	0.525595 	2.385372 	0.738664 	2.483068 	0.656220 	0.752080 	1.838818 	0.570088 	0.594243 	1.879162 	0.682367 	1.469906 	0.525595 	1.451293 	0.612882 	1.865811 	
2.722361 	3.042408 	3.112073 	0.715891 	0.480885 	3.085855 	0.235850 	0.673146 	0.711512 	0.079057 	0.642748 	2.236767 	9.000000 	2.247360 	0.055902 	2.314763 	0.552268 	0.301040 	0.237171 	2.392828 	2.688517 	2.370258 	0.103078 	1.707703 	2.359290 	0.160078 	0.127475 	2.315302 	2.238861 	2.482061 	1.810559 	1.686157 	2.393872 	2.340539 	1.667708 	2.605403 	2.761906 	0.251247 	1.716464 	0.302076 	1.825171 	1.735655 	0.687841 	2.795644 	2.818244 	3.986305 	1.912132 	3.650342 	2.721328 	3.635674 	2.830415 	3.991632 	
0.903120 	1.073837 	1.152443 	1.532359 	1.766529 	1.035918 	2.376973 	1.578369 	1.547781 	2.303394 	1.629801 	0.035355 	2.247360 	9.000000 	2.303258 	0.070711 	1.747319 	1.998124 	2.482061 	0.145774 	0.459619 	0.127475 	2.272938 	0.625000 	0.125000 	2.394264 	2.328760 	0.111803 	0.134629 	0.237171 	0.548862 	0.686477 	0.176777 	0.180278 	0.750417 	0.364006 	0.514782 	2.392958 	0.726722 	2.491109 	0.640800 	0.738664 	1.839837 	0.553399 	0.577170 	1.886796 	0.661910 	1.472455 	0.502494 	1.453444 	0.594243 	1.872164 	
2.775450 	3.096066 	3.165537 	0.771767 	0.536773 	3.140163 	0.212132 	0.728869 	0.766893 	0.055902 	0.697316 	2.292651 	0.055902 	2.303258 	9.000000 	2.370654 	0.604669 	0.350000 	0.182003 	2.448724 	2.744312 	2.426159 	0.106066 	1.762987 	2.415186 	0.111803 	0.103078 	2.371181 	2.294695 	2.537962 	1.865811 	1.741049 	2.449745 	2.396351 	1.722099 	2.661297 	2.817801 	0.226385 	1.770770 	0.261008 	1.879661 	1.789728 	0.728011 	2.851535 	2.874130 	4.040421 	1.966119 	3.705486 	2.777139 	3.690867 	2.886282 	4.045986 	
0.859142 	1.015197 	1.093446 	1.600195 	1.833883 	0.972432 	2.442335 	1.646587 	1.616516 	2.370258 	1.698897 	0.079057 	2.314763 	0.070711 	2.370654 	9.000000 	1.816762 	2.067003 	2.549142 	0.079057 	0.388909 	0.079057 	2.341207 	0.695072 	0.090139 	2.462214 	2.397003 	0.111803 	0.175000 	0.176777 	0.617454 	0.755811 	0.145774 	0.180278 	0.818917 	0.304138 	0.447214 	2.461961 	0.794119 	2.559907 	0.705780 	0.805062 	1.910497 	0.491172 	0.515388 	1.817966 	0.721543 	1.402007 	0.450000 	1.382932 	0.534439 	1.802776 	
2.325135 	2.627975 	2.701851 	0.269258 	0.215058 	2.653771 	0.753741 	0.213600 	0.215058 	0.625500 	0.125000 	1.740869 	0.552268 	1.747319 	0.604669 	1.816762 	9.000000 	0.261008 	0.785016 	1.892914 	2.200142 	1.865643 	0.546008 	1.175266 	1.852363 	0.673146 	0.601041 	1.805028 	1.724094 	1.976898 	1.276959 	1.147007 	1.882319 	1.823630 	1.123054 	2.096575 	2.260669 	0.648556 	1.171004 	0.749166 	1.281113 	1.188486 	0.292617 	2.285416 	2.307054 	3.554311 	1.364276 	3.189044 	2.202981 	3.172637 	2.316517 	3.553256 	
2.538331 	2.848794 	2.921151 	0.477624 	0.279509 	2.881514 	0.522015 	0.425735 	0.450694 	0.378319 	0.369121 	1.990289 	0.301040 	1.998124 	0.350000 	2.067003 	0.261008 	9.000000 	0.527376 	2.143887 	2.447703 	2.118077 	0.285044 	1.434617 	2.105499 	0.412311 	0.340037 	2.059126 	1.979425 	2.229630 	1.536636 	1.407569 	2.136878 	2.079664 	1.384061 	2.350532 	2.512469 	0.395285 	1.432000 	0.493077 	1.542117 	1.449353 	0.403113 	2.539931 	2.561860 	3.783186 	1.625000 	3.428283 	2.459675 	3.412477 	2.572086 	3.784508 	
