Total assets = 690
Number of asset nodes = 33

Distance:
999.000000 	31.064449 	31.906113 	36.891735 	47.010635 	12.083046 	61.814240 	28.635643 	10.000000 	91.787796 	6.708204 	7.071068 	62.128899 	40.496914 	97.508972 	93.021500 	41.231056 	4.123106 	35.468296 	94.302704 	53.000000 	12.041595 	83.240616 	45.000000 	61.773781 	71.449280 	21.213203 	96.020828 	87.458565 	15.033297 	38.183765 	74.966660 	66.730804 	97.416634 	88.090858 	42.059483 	69.354164 	96.400208 	19.235384 	36.400551 	57.801384 	90.785461 	29.966648 	23.345236 	18.601076 	92.021736 	26.172504 	108.811768 	27.166155 	62.433964 	30.016663 	
31.064449 	999.000000 	62.968246 	67.955872 	78.006409 	35.000000 	35.693138 	11.180340 	37.483330 	119.037811 	28.284271 	26.172504 	91.438507 	12.369317 	125.095963 	120.929733 	12.041595 	27.202942 	6.082763 	123.555656 	21.954498 	25.495098 	113.172432 	14.142136 	30.870699 	101.911728 	51.078373 	125.495018 	117.413795 	25.079872 	10.049875 	105.475113 	35.777088 	126.905479 	118.105888 	73.061615 	100.124924 	126.063477 	23.086792 	67.082039 	26.907248 	120.917328 	16.401220 	22.803509 	37.054016 	122.347862 	53.851646 	138.293167 	54.817879 	93.493317 	58.240879 	
31.906113 	62.968246 	999.000000 	5.000000 	15.620500 	32.557640 	92.048897 	59.615433 	27.892651 	67.742157 	35.846897 	37.576588 	35.693138 	72.013885 	72.567207 	67.683083 	72.897186 	35.846897 	67.201187 	66.309875 	84.905830 	40.311287 	54.120235 	76.843994 	93.648277 	41.340054 	15.231546 	67.542580 	58.180752 	42.520584 	69.656296 	44.654228 	98.615417 	68.876701 	58.668560 	10.440307 	38.418747 	67.535179 	46.861500 	8.062258 	89.627007 	61.057350 	59.464275 	50.606323 	35.777088 	61.854668 	20.024984 	80.062477 	20.000000 	30.528675 	18.248287 	
36.891735 	67.955872 	5.000000 	999.000000 	10.816654 	37.107952 	96.767761 	64.474800 	32.572994 	64.280632 	40.718548 	42.485291 	32.140316 	76.922035 	68.883957 	63.953106 	77.826729 	40.816662 	72.201111 	62.032249 	89.888817 	45.254833 	49.658836 	81.841309 	98.615417 	36.715118 	19.723083 	63.158531 	53.665630 	47.423622 	74.652527 	39.962482 	103.585716 	64.474800 	54.120235 	6.000000 	33.600594 	63.071388 	51.739735 	7.615773 	94.625580 	56.435802 	64.381676 	55.443665 	40.311287 	57.140179 	23.537205 	75.584389 	23.345236 	25.553865 	21.023796 	
47.010635 	78.006409 	15.620500 	10.816654 	999.000000 	45.694637 	105.475113 	73.824112 	41.593269 	55.000000 	50.249378 	52.153618 	23.194826 	86.452301 	59.211487 	54.230988 	87.464279 	50.803543 	82.462112 	51.546097 	99.864906 	55.901699 	39.000000 	92.005432 	108.452751 	25.942244 	30.528675 	52.554733 	42.953465 	58.137768 	85.041168 	29.154760 	113.441612 	53.851646 	43.382023 	9.000000 	22.803509 	52.392746 	62.481998 	16.278820 	104.809349 	45.650848 	75.073296 	66.219330 	51.107731 	46.324940 	33.837849 	64.884514 	33.526108 	16.492422 	30.805843 	
12.083046 	35.000000 	32.557640 	37.107952 	45.694637 	999.000000 	59.808025 	28.600698 	5.099020 	84.219948 	8.062258 	10.198039 	56.586216 	41.400482 	90.210861 	85.982559 	42.638012 	12.041595 	40.496914 	88.617157 	55.865910 	23.345236 	78.517517 	49.040798 	63.890530 	67.801178 	27.202942 	90.609047 	82.758682 	26.305893 	43.908997 	71.400284 	68.883957 	92.021736 	83.486526 	42.953465 	66.573265 	91.241440 	30.066593 	39.051247 	61.619801 	86.371292 	38.832977 	34.014702 	30.528675 	87.965904 	34.014702 	103.392456 	34.928497 	62.032249 	37.000000 	
61.814240 	35.693138 	92.048897 	96.767761 	105.475113 	59.808025 	999.000000 	33.241539 	64.195015 	135.793961 	56.515484 	55.108982 	113.441612 	23.345236 	142.172424 	138.773193 	23.769728 	57.706154 	36.400551 	144.013885 	24.083189 	60.033325 	135.624481 	30.232433 	21.189621 	126.269554 	83.024094 	146.400131 	139.785553 	60.207973 	38.013157 	129.865311 	23.194826 	147.800537 	140.616501 	102.489021 	125.670204 	147.410995 	58.694122 	97.744568 	29.154760 	143.669754 	50.921509 	58.463665 	72.173401 	145.646835 	87.281158 	158.836395 	88.277969 	121.840057 	91.443970 	
28.635643 	11.180340 	59.615433 	64.474800 	73.824112 	28.600698 	33.241539 	999.000000 	32.249031 	111.018013 	23.769728 	22.135944 	84.899940 	12.806249 	117.200684 	113.229858 	14.142136 	24.515301 	17.029387 	116.691902 	27.802877 	27.658634 	106.962608 	22.472204 	35.383614 	96.400208 	49.819675 	118.793938 	111.198021 	28.460499 	21.023796 	100.000000 	40.360870 	120.208153 	111.946419 	70.007141 	95.131485 	119.519875 	28.178005 	64.845970 	34.132095 	114.865135 	25.806976 	29.410883 	40.024994 	116.516090 	54.083271 	131.529465 	55.081757 	89.899948 	58.215118 	
10.000000 	37.483330 	27.892651 	32.572994 	41.593269 	5.099020 	64.195015 	32.249031 	999.000000 	82.734512 	9.219544 	11.401754 	54.037025 	44.944408 	88.588936 	84.219948 	46.043457 	11.704700 	42.638012 	86.214851 	58.898216 	22.022715 	75.690155 	51.623638 	67.201187 	64.536812 	22.135944 	88.090858 	79.931221 	25.019993 	45.803928 	68.117546 	72.201111 	89.498604 	80.622574 	38.327538 	63.007935 	88.617157 	29.154760 	34.132095 	64.350601 	83.438599 	39.217342 	33.241539 	27.313000 	84.899940 	29.068884 	100.895988 	29.966648 	57.775429 	31.953091 	
91.787796 	119.037811 	67.742157 	64.280632 	55.000000 	84.219948 	135.793961 	111.018013 	82.734512 	999.000000 	91.706055 	93.941475 	32.140316 	123.405838 	6.403124 	5.099020 	125.000000 	94.371605 	124.679588 	17.088007 	138.809219 	103.247276 	24.207438 	132.853302 	145.866379 	34.176014 	82.565125 	19.924858 	24.083189 	106.042442 	128.128845 	33.541019 	150.711639 	20.615528 	24.839485 	64.000000 	39.560081 	22.135944 	110.494347 	71.063354 	145.086182 	26.627054 	121.741531 	114.586212 	102.357216 	29.681644 	87.692642 	27.294687 	87.572830 	53.450912 	85.287750 	
6.708204 	28.284271 	35.846897 	40.718548 	50.249378 	8.062258 	56.515484 	23.769728 	9.219544 	91.706055 	999.000000 	2.236068 	63.253460 	36.235340 	97.616600 	93.295227 	37.215588 	4.472136 	33.421551 	95.425362 	49.819675 	15.811388 	84.899940 	42.426407 	58.249462 	73.661385 	27.000000 	97.308784 	89.140335 	18.681541 	36.619667 	77.233414 	63.245552 	98.716766 	89.827614 	46.238514 	72.006943 	97.836601 	22.203604 	41.231056 	55.172459 	92.633690 	30.805843 	26.076809 	24.758837 	94.069122 	32.557640 	110.113579 	33.541019 	66.189125 	36.221542 	
7.071068 	26.172504 	37.576588 	42.485291 	52.153618 	10.198039 	55.108982 	22.135944 	11.401754 	93.941475 	2.236068 	999.000000 	65.436989 	34.438351 	99.849884 	95.524864 	35.355339 	3.605551 	31.240999 	97.616600 	47.801674 	14.317822 	87.045967 	40.311287 	56.302753 	75.742989 	28.071337 	99.488693 	91.285271 	17.088007 	34.409302 	79.309517 	61.294373 	100.895988 	91.967384 	47.927029 	74.027023 	100.004997 	20.396078 	42.720020 	53.075417 	94.762863 	28.635643 	24.186773 	24.083189 	96.176918 	33.241539 	112.294258 	34.234486 	68.000000 	37.054016 	
62.128899 	91.438507 	35.693138 	32.140316 	23.194826 	56.586216 	113.441612 	84.899940 	54.037025 	32.140316 	63.253460 	65.436989 	999.000000 	97.672920 	36.878178 	32.015621 	99.035347 	65.215027 	96.674713 	32.202484 	112.432205 	72.945183 	22.203604 	105.550934 	120.282997 	15.000000 	50.695168 	34.058773 	26.400757 	75.591003 	99.809822 	18.110771 	125.255737 	35.468296 	27.202942 	32.140316 	17.720045 	34.655445 	80.062477 	39.000000 	118.190521 	30.232433 	91.923882 	84.077347 	70.837845 	32.249031 	55.578773 	46.861500 	55.443665 	26.870058 	53.150730 	
40.496914 	12.369317 	72.013885 	76.922035 	86.452301 	41.400482 	23.345236 	12.806249 	44.944408 	123.405838 	36.235340 	34.438351 	97.672920 	999.000000 	129.630249 	125.733849 	2.000000 	36.400551 	14.212670 	129.402466 	15.652476 	37.054016 	119.753914 	13.152946 	22.627417 	109.201645 	61.400326 	131.529465 	123.987900 	37.013512 	17.029387 	112.800713 	27.586229 	132.943604 	124.739731 	82.346825 	107.898102 	132.276230 	35.355339 	76.896034 	22.472204 	127.663620 	28.178005 	35.171009 	49.010204 	129.321304 	64.938431 	144.249786 	65.924202 	102.420700 	69.231499 	
97.508972 	125.095963 	72.567207 	68.883957 	59.211487 	90.210861 	142.172424 	117.200684 	88.588936 	6.403124 	97.616600 	99.849884 	36.878178 	129.630249 	999.000000 	5.000000 	131.209763 	100.184830 	130.698120 	14.866069 	145.000000 	108.853111 	25.079872 	138.956833 	152.118378 	36.674240 	87.555695 	17.204651 	23.853722 	111.615410 	134.111893 	35.440090 	156.974518 	17.492855 	24.413111 	68.183578 	41.976185 	19.416489 	116.077560 	75.425461 	151.238220 	25.495098 	127.475487 	120.154068 	107.563934 	28.284271 	92.395889 	22.000000 	92.227982 	56.089214 	89.805344 	
93.021500 	120.929733 	67.683083 	63.953106 	54.230988 	85.982559 	138.773193 	113.229858 	84.219948 	5.099020 	93.295227 	95.524864 	32.015621 	125.733849 	5.000000 	999.000000 	127.283150 	95.770561 	126.479248 	12.083046 	141.031906 	104.278473 	20.591261 	134.848068 	148.273392 	31.780497 	82.710335 	14.866069 	19.849434 	107.018692 	129.849915 	30.675724 	153.153519 	15.524175 	20.518284 	63.198101 	37.107952 	17.088007 	111.485428 	70.455658 	147.200546 	22.022715 	122.983742 	115.550858 	102.786186 	25.000000 	87.475708 	22.561028 	87.298340 	51.195702 	84.852814 	
41.231056 	12.041595 	72.897186 	77.826729 	87.464279 	42.638012 	23.769728 	14.142136 	46.043457 	125.000000 	37.215588 	35.355339 	99.035347 	2.000000 	131.209763 	127.283150 	999.000000 	37.161808 	13.038404 	130.831955 	13.892444 	37.215588 	121.082619 	11.180340 	21.260292 	110.421921 	61.983868 	132.936081 	125.319588 	37.013512 	15.556349 	114.017540 	26.248810 	134.350296 	126.063477 	83.192551 	109.041275 	133.660019 	35.128338 	77.620872 	20.615528 	128.972870 	27.313000 	34.713108 	49.010204 	130.598618 	65.306969 	145.670868 	66.287254 	103.353760 	69.634758 	
4.123106 	27.202942 	35.846897 	40.816662 	50.803543 	12.041595 	57.706154 	24.515301 	11.704700 	94.371605 	4.472136 	3.605551 	65.215027 	36.400551 	100.184830 	95.770561 	37.161808 	999.000000 	31.827662 	97.416634 	49.091751 	11.401754 	86.556343 	41.231056 	57.801384 	74.953316 	25.317978 	99.201813 	90.785461 	14.317822 	34.713108 	78.492035 	62.769421 	100.603180 	91.438507 	46.065170 	73.000000 	99.639351 	18.027756 	40.496914 	54.037025 	94.175369 	27.513634 	22.000000 	20.518284 	95.482986 	30.066593 	112.004463 	31.064449 	66.370171 	34.000000 	
35.468296 	6.082763 	67.201187 	72.201111 	82.462112 	40.496914 	36.400551 	17.029387 	42.638012 	124.679588 	33.421551 	31.240999 	96.674713 	14.212670 	130.698120 	126.479248 	13.038404 	31.827662 	999.000000 	128.844864 	18.681541 	28.231188 	118.258194 	9.848858 	27.892651 	106.775467 	54.589375 	130.728729 	122.494896 	27.202942 	4.000000 	110.317726 	32.572994 	132.136292 	123.166557 	77.103828 	104.804581 	131.244049 	24.331051 	70.830788 	22.472204 	125.936493 	14.560220 	23.000000 	38.832977 	127.287079 	56.648037 	143.533966 	57.584721 	97.652443 	61.098282 	
94.302704 	123.555656 	66.309875 	62.032249 	51.546097 	88.617157 	144.013885 	116.691902 	86.214851 	17.088007 	95.425362 	97.616600 	32.202484 	129.402466 	14.866069 	12.083046 	130.831955 	97.416634 	128.844864 	999.000000 	144.360657 	104.957130 	13.038404 	137.644470 	152.029602 	26.305893 	81.541397 	3.000000 	10.198039 	107.540688 	132.003784 	24.020824 	156.977707 	4.123106 	10.440307 	60.166435 	31.064449 	5.099020 	112.004463 	67.720009 	150.233154 	10.816654 	124.020157 	115.974136 	102.044106 	13.453624 	85.381500 	14.866069 	85.070557 	45.000000 	82.280006 	
53.000000 	21.954498 	84.905830 	89.888817 	99.864906 	55.865910 	24.083189 	27.802877 	58.898216 	138.809219 	49.819675 	47.801674 	112.432205 	15.652476 	145.000000 	141.031906 	13.892444 	49.091751 	18.681541 	144.360657 	999.000000 	46.818798 	134.380051 	9.055386 	9.219544 	123.434196 	72.917763 	146.413803 	138.621780 	45.880280 	18.027756 	127.015747 	13.928389 	147.827606 	139.344894 	95.015785 	121.823647 	147.085007 	42.953465 	89.005615 	7.071068 	142.214630 	32.015621 	41.303753 	57.489128 	143.753265 	75.272835 	159.176010 	76.216797 	115.433968 	79.711983 	
12.041595 	25.495098 	40.311287 	45.254833 	55.901699 	23.345236 	60.033325 	27.658634 	22.022715 	103.247276 	15.811388 	14.317822 	72.945183 	37.054016 	108.853111 	104.278473 	37.215588 	11.401754 	28.231188 	104.957130 	46.818798 	999.000000 	93.477272 	38.078865 	55.973209 	81.215759 	26.627054 	106.531685 	97.652443 	3.000000 	30.016663 	84.646324 	60.745369 	107.912003 	98.229324 	49.678970 	78.644768 	106.780151 	7.280110 	43.011627 	50.537113 	100.801788 	19.209373 	11.401754 	12.369317 	101.828285 	28.460499 	119.268608 	29.410883 	70.292244 	32.893768 	
83.240616 	113.172432 	54.120235 	49.658836 	39.000000 	78.517517 	135.624481 	106.962608 	75.690155 	24.207438 	84.899940 	87.045967 	22.203604 	119.753914 	25.079872 	20.591261 	121.082619 	86.556343 	118.258194 	13.038404 	134.380051 	93.477272 	999.000000 	127.310646 	142.341141 	13.341664 	69.318108 	13.601471 	4.242640 	95.963531 	121.264175 	11.000000 	147.322769 	14.866069 	5.000000 	47.434166 	18.027756 	13.416408 	100.404182 	55.027267 	140.014282 	8.062258 	112.645462 	104.307236 	89.894379 	10.440307 	72.801102 	25.942244 	72.449982 	32.015621 	69.570107 	
45.000000 	14.142136 	76.843994 	81.841309 	92.005432 	49.040798 	30.232433 	22.472204 	51.623638 	132.853302 	42.426407 	40.311287 	105.550934 	13.152946 	138.956833 	134.848068 	11.180340 	41.231056 	9.848858 	137.644470 	9.055386 	38.078865 	127.310646 	999.000000 	18.248287 	116.043098 	64.412735 	139.603012 	131.552277 	37.000000 	9.000000 	119.603508 	22.803509 	141.014191 	132.245987 	86.821655 	114.214706 	140.185593 	33.955853 	80.622574 	12.806249 	135.059250 	23.000000 	32.249031 	48.507732 	136.488098 	66.483078 	152.397507 	67.416618 	107.335922 	70.936592 	
61.773781 	30.870699 	93.648277 	98.615417 	108.452751 	63.890530 	21.189621 	35.383614 	67.201187 	145.866379 	58.249462 	56.302753 	120.282997 	22.627417 	152.118378 	148.273392 	21.260292 	57.801384 	27.892651 	152.029602 	9.219544 	55.973209 	142.341141 	18.248287 	999.000000 	131.654846 	81.939003 	154.155762 	146.577621 	55.081757 	27.166155 	135.247925 	5.000000 	155.569916 	147.322769 	103.831596 	130.207520 	154.896744 	52.172791 	97.943863 	9.433981 	150.233154 	41.109608 	50.487621 	66.708321 	151.855194 	84.433403 	166.877197 	85.381500 	124.169243 	88.865067 	
71.449280 	101.911728 	41.340054 	36.715118 	25.942244 	67.801178 	126.269554 	96.400208 	64.536812 	34.176014 	73.661385 	75.742989 	15.000000 	109.201645 	36.674240 	31.780497 	110.421921 	74.953316 	106.775467 	26.305893 	123.434196 	81.215759 	13.341664 	116.043098 	131.654846 	999.000000 	56.435802 	26.925823 	17.088007 	83.600243 	109.622078 	3.605551 	136.652847 	28.160255 	17.464249 	34.176014 	5.385165 	26.570660 	88.005684 	41.785164 	128.817703 	19.723083 	100.424103 	91.836815 	77.025970 	20.615528 	59.615433 	39.000000 	59.236813 	19.416489 	56.302753 	
21.213203 	51.078373 	15.231546 	19.723083 	30.528675 	27.202942 	83.024094 	49.819675 	22.135944 	82.565125 	27.000000 	28.071337 	50.695168 	61.400326 	87.555695 	82.710335 	61.983868 	25.317978 	54.589375 	81.541397 	72.917763 	26.627054 	69.318108 	64.412735 	81.939003 	56.435802 	999.000000 	82.764725 	73.355301 	28.425341 	56.603886 	59.682495 	86.815895 	84.095184 	73.824112 	23.345236 	53.254108 	82.734512 	32.557640 	16.401220 	77.025970 	76.157730 	45.343136 	36.069378 	20.591261 	76.850502 	7.810250 	95.257545 	8.485281 	43.863426 	9.848858 	
96.020828 	125.495018 	67.542580 	63.158531 	52.554733 	90.609047 	146.400131 	118.793938 	88.090858 	19.924858 	97.308784 	99.488693 	34.058773 	131.529465 	17.204651 	14.866069 	132.936081 	99.201813 	130.728729 	3.000000 	146.413803 	106.531685 	13.601471 	139.603012 	154.155762 	26.925823 	82.764725 	999.000000 	10.049875 	109.077957 	133.843185 	24.331051 	159.113174 	1.414214 	10.000000 	61.032780 	31.400637 	2.236068 	113.534134 	68.622154 	152.226807 	9.486833 	125.642349 	117.477661 	103.315056 	11.661903 	86.377083 	12.806249 	86.034874 	45.099888 	83.168503 	
87.458565 	117.413795 	58.180752 	53.665630 	42.953465 	82.758682 	139.785553 	111.198021 	79.931221 	24.083189 	89.140335 	91.285271 	26.400757 	123.987900 	23.853722 	19.849434 	125.319588 	90.785461 	122.494896 	10.198039 	138.621780 	97.652443 	4.242640 	131.552277 	146.577621 	17.088007 	73.355301 	10.049875 	999.000000 	100.124924 	125.495018 	14.317822 	151.558563 	11.180340 	1.000000 	51.264023 	21.377558 	9.486833 	104.560989 	58.872746 	144.256714 	4.123106 	116.828934 	108.452751 	93.941475 	7.000000 	76.694199 	21.931713 	76.321686 	35.057095 	73.389374 	
15.033297 	25.079872 	42.520584 	47.423622 	58.137768 	26.305893 	60.207973 	28.460499 	25.019993 	106.042442 	18.681541 	17.088007 	75.591003 	37.013512 	111.615410 	107.018692 	37.013512 	14.317822 	27.202942 	107.540688 	45.880280 	3.000000 	95.963531 	37.000000 	55.081757 	83.600243 	28.425341 	109.077957 	100.124924 	999.000000 	28.635643 	87.005745 	59.774578 	110.453613 	100.687637 	51.662365 	80.919716 	109.293182 	4.472136 	44.821869 	49.244289 	103.227905 	16.970562 	8.544003 	12.000000 	104.201729 	29.546574 	121.794907 	30.463093 	72.249565 	34.014702 	
38.183765 	10.049875 	69.656296 	74.652527 	85.041168 	43.908997 	38.013157 	21.023796 	45.803928 	128.128845 	36.619667 	34.409302 	99.809822 	17.029387 	134.111893 	129.849915 	15.556349 	34.713108 	4.000000 	132.003784 	18.027756 	30.016663 	121.264175 	9.000000 	27.166155 	109.622078 	56.603886 	133.843185 	125.495018 	28.635643 	999.000000 	113.145920 	31.575306 	135.247925 	126.150703 	79.404030 	107.517441 	134.316788 	25.298222 	72.945183 	20.615528 	128.887543 	14.000000 	23.345236 	39.849716 	130.176804 	58.180752 	146.649246 	59.093147 	100.000000 	62.649822 	
74.966660 	105.475113 	44.654228 	39.962482 	29.154760 	71.400284 	129.865311 	100.000000 	68.117546 	33.541019 	77.233414 	79.309517 	18.110771 	112.800713 	35.440090 	30.675724 	114.017540 	78.492035 	110.317726 	24.020824 	127.015747 	84.646324 	11.000000 	119.603508 	135.247925 	3.605551 	59.682495 	24.331051 	14.317822 	87.005745 	113.145920 	999.000000 	140.246216 	25.495098 	14.560220 	37.161808 	7.071068 	23.769728 	91.400215 	44.777225 	132.382019 	16.552946 	103.855667 	95.210297 	80.262070 	17.204651 	62.649822 	36.055511 	62.241467 	21.023796 	59.236813 	
66.730804 	35.777088 	98.615417 	103.585716 	113.441612 	68.883957 	23.194826 	40.360870 	72.201111 	150.711639 	63.245552 	61.294373 	125.255737 	27.586229 	156.974518 	153.153519 	26.248810 	62.769421 	32.572994 	156.977707 	13.928389 	60.745369 	147.322769 	22.803509 	5.000000 	136.652847 	86.815895 	159.113174 	151.558563 	59.774578 	31.575306 	140.246216 	999.000000 	160.527252 	152.305618 	108.784187 	135.207245 	159.862442 	56.753853 	102.859123 	12.165525 	155.219193 	45.398239 	54.918121 	71.309189 	156.847061 	89.196411 	171.828400 	90.138779 	129.139465 	93.637596 	
97.416634 	126.905479 	68.876701 	64.474800 	53.851646 	92.021736 	147.800537 	120.208153 	89.498604 	20.615528 	98.716766 	100.895988 	35.468296 	132.943604 	17.492855 	15.524175 	134.350296 	100.603180 	132.136292 	4.123106 	147.827606 	107.912003 	14.866069 	141.014191 	155.569916 	28.160255 	84.095184 	1.414214 	11.180340 	110.453613 	135.247925 	25.495098 	160.527252 	999.000000 	11.045361 	62.297672 	32.557640 	2.236068 	114.908661 	69.892776 	153.639191 	10.198039 	127.027557 	118.848640 	104.651802 	12.083046 	87.664131 	11.401754 	87.315521 	46.173584 	84.433403 	
88.090858 	118.105888 	58.668560 	54.120235 	43.382023 	83.486526 	140.616501 	111.946419 	80.622574 	24.839485 	89.827614 	91.967384 	27.202942 	124.739731 	24.413111 	20.518284 	126.063477 	91.438507 	123.166557 	10.440307 	139.344894 	98.229324 	5.000000 	132.245987 	147.322769 	17.464249 	73.824112 	10.000000 	1.000000 	100.687637 	126.150703 	14.560220 	152.305618 	11.045361 	999.000000 	51.623638 	21.587032 	9.219544 	105.118980 	59.236813 	144.958618 	3.162278 	117.413795 	109.000000 	94.413979 	6.000000 	77.077881 	21.540659 	76.694199 	35.128338 	73.736015 	
42.059483 	73.061615 	10.440307 	6.000000 	9.000000 	42.953465 	102.489021 	70.007141 	38.327538 	64.000000 	46.238514 	47.927029 	32.140316 	82.346825 	68.183578 	63.198101 	83.192551 	46.065170 	77.103828 	60.166435 	95.015785 	49.678970 	47.434166 	86.821655 	103.831596 	34.176014 	23.345236 	61.032780 	51.264023 	51.662365 	79.404030 	37.161808 	108.784187 	62.297672 	51.623638 	999.000000 	30.413813 	60.745369 	55.865910 	7.615773 	99.569069 	53.712196 	68.622154 	59.413803 	43.600460 	54.120235 	25.495098 	73.164200 	25.079872 	20.615528 	22.135944 	
69.354164 	100.124924 	38.418747 	33.600594 	22.803509 	66.573265 	125.670204 	95.131485 	63.007935 	39.560081 	72.006943 	74.027023 	17.720045 	107.898102 	41.976185 	37.107952 	109.041275 	73.000000 	104.804581 	31.064449 	121.823647 	78.644768 	18.027756 	114.214706 	130.207520 	5.385165 	53.254108 	31.400637 	21.377558 	80.919716 	107.517441 	7.071068 	135.207245 	32.557640 	21.587032 	30.413813 	999.000000 	30.805843 	85.276024 	38.013157 	127.015747 	23.409399 	97.836601 	89.022469 	73.783470 	23.706539 	55.901699 	43.011627 	55.461697 	14.142136 	52.392746 	
96.400208 	126.063477 	67.535179 	63.071388 	52.392746 	91.241440 	147.410995 	119.519875 	88.617157 	22.135944 	97.836601 	100.004997 	34.655445 	132.276230 	19.416489 	17.088007 	133.660019 	99.639351 	131.244049 	5.099020 	147.085007 	106.780151 	13.416408 	140.185593 	154.896744 	26.570660 	82.734512 	2.236068 	9.486833 	109.293182 	134.316788 	23.769728 	159.862442 	2.236068 	9.219544 	60.745369 	30.805843 	999.000000 	113.740936 	68.352028 	152.839783 	8.062258 	125.924583 	117.660530 	103.310211 	9.848858 	86.162636 	12.529964 	85.796272 	44.283180 	82.873398 	
19.235384 	23.086792 	46.861500 	51.739735 	62.481998 	30.066593 	58.694122 	28.178005 	29.154760 	110.494347 	22.203604 	20.396078 	80.062477 	35.355339 	116.077560 	111.485428 	35.128338 	18.027756 	24.331051 	112.004463 	42.953465 	7.280110 	100.404182 	33.955853 	52.172791 	88.005684 	32.557640 	113.534134 	104.560989 	4.472136 	25.298222 	91.400215 	56.753853 	114.908661 	105.118980 	55.865910 	85.276024 	113.740936 	999.000000 	48.918301 	45.880280 	107.647575 	12.806249 	4.123106 	14.560220 	108.600182 	33.120991 	126.245789 	34.000000 	76.419891 	37.589893 	
36.400551 	67.082039 	8.062258 	7.615773 	16.278820 	39.051247 	97.744568 	64.845970 	34.132095 	71.063354 	41.231056 	42.720020 	39.000000 	76.896034 	75.425461 	70.455658 	77.620872 	40.496914 	70.830788 	67.720009 	89.005615 	43.011627 	55.027267 	80.622574 	97.943863 	41.785164 	16.401220 	68.622154 	58.872746 	44.821869 	72.945183 	44.777225 	102.859123 	69.892776 	59.236813 	7.615773 	38.013157 	68.352028 	48.918301 	999.000000 	93.295227 	61.326992 	61.717098 	52.345009 	36.235340 	61.717098 	17.888544 	80.777473 	17.464249 	27.586229 	14.560220 	
57.801384 	26.907248 	89.627007 	94.625580 	104.809349 	61.619801 	29.154760 	34.132095 	64.350601 	145.086182 	55.172459 	53.075417 	118.190521 	22.472204 	151.238220 	147.200546 	20.615528 	54.037025 	22.472204 	150.233154 	7.071068 	50.537113 	140.014282 	12.806249 	9.433981 	128.817703 	77.025970 	152.226807 	144.256714 	49.244289 	20.615528 	132.382019 	12.165525 	153.639191 	144.958618 	99.569069 	127.015747 	152.839783 	45.880280 	93.295227 	999.000000 	147.787003 	33.955853 	43.680660 	60.406952 	149.241409 	78.790863 	165.012115 	79.705711 	120.104118 	83.258636 	
90.785461 	120.917328 	61.057350 	56.435802 	45.650848 	86.371292 	143.669754 	114.865135 	83.438599 	26.627054 	92.633690 	94.762863 	30.232433 	127.663620 	25.495098 	22.022715 	128.972870 	94.175369 	125.936493 	10.816654 	142.214630 	100.801788 	8.062258 	135.059250 	150.233154 	19.723083 	76.157730 	9.486833 	4.123106 	103.227905 	128.887543 	16.552946 	155.219193 	10.198039 	3.162278 	53.712196 	23.409399 	8.062258 	107.647575 	61.326992 	147.787003 	999.000000 	120.000000 	111.503365 	96.747093 	3.162278 	79.202271 	19.646883 	78.790863 	36.496574 	75.769386 	
29.966648 	16.401220 	59.464275 	64.381676 	75.073296 	38.832977 	50.921509 	25.806976 	39.217342 	121.741531 	30.805843 	28.635643 	91.923882 	28.178005 	127.475487 	122.983742 	27.313000 	27.513634 	14.560220 	124.020157 	32.015621 	19.209373 	112.645462 	23.000000 	41.109608 	100.424103 	45.343136 	125.642349 	116.828934 	16.970562 	14.000000 	103.855667 	45.398239 	127.027557 	117.413795 	68.622154 	97.836601 	125.924583 	12.806249 	61.717098 	33.955853 	120.000000 	999.000000 	9.848858 	26.832815 	121.037186 	45.793011 	138.397980 	46.647614 	89.196411 	50.249378 	
23.345236 	22.803509 	50.606323 	55.443665 	66.219330 	34.014702 	58.463665 	29.410883 	33.241539 	114.586212 	26.076809 	24.186773 	84.077347 	35.171009 	120.154068 	115.550858 	34.713108 	22.000000 	23.000000 	115.974136 	41.303753 	11.401754 	104.307236 	32.249031 	50.487621 	91.836815 	36.069378 	117.477661 	108.452751 	8.544003 	23.345236 	95.210297 	54.918121 	118.848640 	109.000000 	59.413803 	89.022469 	117.660530 	4.123106 	52.345009 	43.680660 	111.503365 	9.848858 	999.000000 	17.000000 	112.414413 	36.055511 	130.172958 	36.891735 	79.906197 	40.496914 	
18.601076 	37.054016 	35.777088 	40.311287 	51.107731 	30.528675 	72.173401 	40.024994 	27.313000 	102.357216 	24.758837 	24.083189 	70.837845 	49.010204 	107.563934 	102.786186 	49.010204 	20.518284 	38.832977 	102.044106 	57.489128 	12.369317 	89.894379 	48.507732 	66.708321 	77.025970 	20.591261 	103.315056 	93.941475 	12.000000 	39.849716 	80.262070 	71.309189 	104.651802 	94.413979 	43.600460 	73.783470 	103.310211 	14.560220 	36.235340 	60.406952 	96.747093 	26.832815 	17.000000 	999.000000 	97.416634 	19.209373 	115.836090 	20.000000 	63.780876 	23.600847 	
92.021736 	122.347862 	61.854668 	57.140179 	46.324940 	87.965904 	145.646835 	116.516090 	84.899940 	29.681644 	94.069122 	96.176918 	32.249031 	129.321304 	28.284271 	25.000000 	130.598618 	95.482986 	127.287079 	13.453624 	143.753265 	101.828285 	10.440307 	136.488098 	151.855194 	20.615528 	76.850502 	11.661903 	7.000000 	104.201729 	130.176804 	17.204651 	156.847061 	12.083046 	6.000000 	54.120235 	23.706539 	9.848858 	108.600182 	61.717098 	149.241409 	3.162278 	121.037186 	112.414413 	97.416634 	999.000000 	79.605278 	20.099751 	79.158073 	36.138622 	76.059189 	
26.172504 	53.851646 	20.024984 	23.537205 	33.837849 	34.014702 	87.281158 	54.083271 	29.068884 	87.692642 	32.557640 	33.241539 	55.578773 	64.938431 	92.395889 	87.475708 	65.306969 	30.066593 	56.648037 	85.381500 	75.272835 	28.460499 	72.801102 	66.483078 	84.433403 	59.615433 	7.810250 	86.377083 	76.694199 	29.546574 	58.180752 	62.649822 	89.196411 	87.664131 	77.077881 	25.495098 	55.901699 	86.162636 	33.120991 	17.888544 	78.790863 	79.202271 	45.793011 	36.055511 	19.209373 	79.605278 	999.000000 	98.615417 	1.000000 	45.000000 	4.472136 	
108.811768 	138.293167 	80.062477 	75.584389 	64.884514 	103.392456 	158.836395 	131.529465 	100.895988 	27.294687 	110.113579 	112.294258 	46.861500 	144.249786 	22.000000 	22.561028 	145.670868 	112.004463 	143.533966 	14.866069 	159.176010 	119.268608 	25.942244 	152.397507 	166.877197 	39.000000 	95.257545 	12.806249 	21.931713 	121.794907 	146.649246 	36.055511 	171.828400 	11.401754 	21.540659 	73.164200 	43.011627 	12.529964 	126.245789 	80.777473 	165.012115 	19.646883 	138.397980 	130.172958 	115.836090 	20.099751 	98.615417 	999.000000 	98.234413 	56.089214 	95.273293 	
27.166155 	54.817879 	20.000000 	23.345236 	33.526108 	34.928497 	88.277969 	55.081757 	29.966648 	87.572830 	33.541019 	34.234486 	55.443665 	65.924202 	92.227982 	87.298340 	66.287254 	31.064449 	57.584721 	85.070557 	76.216797 	29.410883 	72.449982 	67.416618 	85.381500 	59.236813 	8.485281 	86.034874 	76.321686 	30.463093 	59.093147 	62.241467 	90.138779 	87.315521 	76.694199 	25.079872 	55.461697 	85.796272 	34.000000 	17.464249 	79.705711 	78.790863 	46.647614 	36.891735 	20.000000 	79.158073 	1.000000 	98.234413 	999.000000 	44.407207 	3.605551 	
62.433964 	93.493317 	30.528675 	25.553865 	16.492422 	62.032249 	121.840057 	89.899948 	57.775429 	53.450912 	66.189125 	68.000000 	26.870058 	102.420700 	56.089214 	51.195702 	103.353760 	66.370171 	97.652443 	45.000000 	115.433968 	70.292244 	32.015621 	107.335922 	124.169243 	19.416489 	43.863426 	45.099888 	35.057095 	72.249565 	100.000000 	21.023796 	129.139465 	46.173584 	35.128338 	20.615528 	14.142136 	44.283180 	76.419891 	27.586229 	120.104118 	36.496574 	89.196411 	79.906197 	63.780876 	36.138622 	45.000000 	56.089214 	44.407207 	999.000000 	41.048752 	
30.016663 	58.240879 	18.248287 	21.023796 	30.805843 	37.000000 	91.443970 	58.215118 	31.953091 	85.287750 	36.221542 	37.054016 	53.150730 	69.231499 	89.805344 	84.852814 	69.634758 	34.000000 	61.098282 	82.280006 	79.711983 	32.893768 	69.570107 	70.936592 	88.865067 	56.302753 	9.848858 	83.168503 	73.389374 	34.014702 	62.649822 	59.236813 	93.637596 	84.433403 	73.736015 	22.135944 	52.392746 	82.873398 	37.589893 	14.560220 	83.258636 	75.769386 	50.249378 	40.496914 	23.600847 	76.059189 	4.472136 	95.273293 	3.605551 	41.048752 	999.000000 	

Travel time:
9.000000 	0.776611 	0.797653 	0.922293 	1.175266 	0.302076 	1.545356 	0.715891 	0.250000 	2.294695 	0.167705 	0.176777 	1.553222 	1.012423 	2.437724 	2.325537 	1.030776 	0.103078 	0.886707 	2.357568 	1.325000 	0.301040 	2.081015 	1.125000 	1.544345 	1.786232 	0.530330 	2.400521 	2.186464 	0.375832 	0.954594 	1.874166 	1.668270 	2.435416 	2.202271 	1.051487 	1.733854 	2.410005 	0.480885 	0.910014 	1.445035 	2.269637 	0.749166 	0.583631 	0.465027 	2.300543 	0.654313 	2.720294 	0.679154 	1.560849 	0.750417 	
0.776611 	9.000000 	1.574206 	1.698897 	1.950160 	0.875000 	0.892328 	0.279509 	0.937083 	2.975945 	0.707107 	0.654313 	2.285963 	0.309233 	3.127399 	3.023243 	0.301040 	0.680074 	0.152069 	3.088892 	0.548862 	0.637377 	2.829311 	0.353553 	0.771767 	2.547793 	1.276959 	3.137375 	2.935345 	0.626997 	0.251247 	2.636878 	0.894427 	3.172637 	2.952647 	1.826540 	2.503123 	3.151587 	0.577170 	1.677051 	0.672681 	3.022933 	0.410031 	0.570088 	0.926350 	3.058697 	1.346291 	3.457329 	1.370447 	2.337333 	1.456022 	
0.797653 	1.574206 	9.000000 	0.125000 	0.390512 	0.813941 	2.301222 	1.490386 	0.697316 	1.693554 	0.896172 	0.939415 	0.892328 	1.800347 	1.814180 	1.692077 	1.822430 	0.896172 	1.680030 	1.657747 	2.122646 	1.007782 	1.353006 	1.921100 	2.341207 	1.033501 	0.380789 	1.688565 	1.454519 	1.063015 	1.741407 	1.116356 	2.465385 	1.721918 	1.466714 	0.261008 	0.960469 	1.688380 	1.171538 	0.201556 	2.240675 	1.526434 	1.486607 	1.265158 	0.894427 	1.546367 	0.500625 	2.001562 	0.500000 	0.763217 	0.456207 	
0.922293 	1.698897 	0.125000 	9.000000 	0.270416 	0.927699 	2.419194 	1.611870 	0.814325 	1.607016 	1.017964 	1.062132 	0.803508 	1.923051 	1.722099 	1.598828 	1.945668 	1.020416 	1.805028 	1.550806 	2.247221 	1.131371 	1.241471 	2.046033 	2.465385 	0.917878 	0.493077 	1.578963 	1.341641 	1.185591 	1.866313 	0.999062 	2.589643 	1.611870 	1.353006 	0.150000 	0.840015 	1.576785 	1.293493 	0.190394 	2.365639 	1.410895 	1.609542 	1.386092 	1.007782 	1.428504 	0.588430 	1.889610 	0.583631 	0.638847 	0.525595 	
1.175266 	1.950160 	0.390512 	0.270416 	9.000000 	1.142366 	2.636878 	1.845603 	1.039832 	1.375000 	1.256234 	1.303840 	0.579871 	2.161308 	1.480287 	1.355775 	2.186607 	1.270089 	2.061553 	1.288652 	2.496623 	1.397542 	0.975000 	2.300136 	2.711319 	0.648556 	0.763217 	1.313868 	1.073837 	1.453444 	2.126029 	0.728869 	2.836040 	1.346291 	1.084551 	0.225000 	0.570088 	1.309819 	1.562050 	0.406971 	2.620234 	1.141271 	1.876832 	1.655483 	1.277693 	1.158123 	0.845946 	1.622113 	0.838153 	0.412311 	0.770146 	
0.302076 	0.875000 	0.813941 	0.927699 	1.142366 	9.000000 	1.495201 	0.715017 	0.127475 	2.105499 	0.201556 	0.254951 	1.414655 	1.035012 	2.255271 	2.149564 	1.065950 	0.301040 	1.012423 	2.215429 	1.396648 	0.583631 	1.962938 	1.226020 	1.597263 	1.695029 	0.680074 	2.265226 	2.068967 	0.657647 	1.097725 	1.785007 	1.722099 	2.300543 	2.087163 	1.073837 	1.664332 	2.281036 	0.751665 	0.976281 	1.540495 	2.159282 	0.970824 	0.850368 	0.763217 	2.199148 	0.850368 	2.584811 	0.873212 	1.550806 	0.925000 	
1.545356 	0.892328 	2.301222 	2.419194 	2.636878 	1.495201 	9.000000 	0.831038 	1.604875 	3.394849 	1.412887 	1.377725 	2.836040 	0.583631 	3.554311 	3.469330 	0.594243 	1.442654 	0.910014 	3.600347 	0.602080 	1.500833 	3.390612 	0.755811 	0.529741 	3.156739 	2.075602 	3.660003 	3.494639 	1.505199 	0.950329 	3.246633 	0.579871 	3.695014 	3.515413 	2.562226 	3.141755 	3.685275 	1.467353 	2.443614 	0.728869 	3.591744 	1.273038 	1.461592 	1.804335 	3.641171 	2.182029 	3.970910 	2.206949 	3.046001 	2.286099 	
0.715891 	0.279509 	1.490386 	1.611870 	1.845603 	0.715017 	0.831038 	9.000000 	0.806226 	2.775450 	0.594243 	0.553399 	2.122499 	0.320156 	2.930017 	2.830746 	0.353553 	0.612882 	0.425735 	2.917298 	0.695072 	0.691466 	2.674065 	0.561805 	0.884590 	2.410005 	1.245492 	2.969848 	2.779951 	0.711512 	0.525595 	2.500000 	1.009022 	3.005204 	2.798661 	1.750179 	2.378287 	2.987997 	0.704450 	1.621149 	0.853302 	2.871628 	0.645174 	0.735272 	1.000625 	2.912902 	1.352082 	3.288237 	1.377044 	2.247499 	1.455378 	
0.250000 	0.937083 	0.697316 	0.814325 	1.039832 	0.127475 	1.604875 	0.806226 	9.000000 	2.068363 	0.230489 	0.285044 	1.350926 	1.123610 	2.214723 	2.105499 	1.151086 	0.292617 	1.065950 	2.155371 	1.472455 	0.550568 	1.892254 	1.290591 	1.680030 	1.613420 	0.553399 	2.202271 	1.998281 	0.625500 	1.145098 	1.702939 	1.805028 	2.237465 	2.015564 	0.958188 	1.575198 	2.215429 	0.728869 	0.853302 	1.608765 	2.085965 	0.980434 	0.831038 	0.682825 	2.122499 	0.726722 	2.522400 	0.749166 	1.444386 	0.798827 	
2.294695 	2.975945 	1.693554 	1.607016 	1.375000 	2.105499 	3.394849 	2.775450 	2.068363 	9.000000 	2.292651 	2.348537 	0.803508 	3.085146 	0.160078 	0.127475 	3.125000 	2.359290 	3.116990 	0.427200 	3.470231 	2.581182 	0.605186 	3.321332 	3.646659 	0.854400 	2.064128 	0.498121 	0.602080 	2.651061 	3.203221 	0.838525 	3.767791 	0.515388 	0.620987 	1.600000 	0.989002 	0.553399 	2.762359 	1.776584 	3.627155 	0.665676 	3.043538 	2.864655 	2.558930 	0.742041 	2.192316 	0.682367 	2.189321 	1.336273 	2.132194 	
0.167705 	0.707107 	0.896172 	1.017964 	1.256234 	0.201556 	1.412887 	0.594243 	0.230489 	2.292651 	9.000000 	0.055902 	1.581336 	0.905883 	2.440415 	2.332381 	0.930390 	0.111803 	0.835539 	2.385634 	1.245492 	0.395285 	2.122499 	1.060660 	1.456237 	1.841535 	0.675000 	2.432720 	2.228508 	0.467039 	0.915492 	1.930835 	1.581139 	2.467919 	2.245690 	1.155963 	1.800174 	2.445915 	0.555090 	1.030776 	1.379311 	2.315842 	0.770146 	0.651920 	0.618971 	2.351728 	0.813941 	2.752840 	0.838525 	1.654728 	0.905539 	
0.176777 	0.654313 	0.939415 	1.062132 	1.303840 	0.254951 	1.377725 	0.553399 	0.285044 	2.348537 	0.055902 	9.000000 	1.635925 	0.860959 	2.496247 	2.388122 	0.883883 	0.090139 	0.781025 	2.440415 	1.195042 	0.357946 	2.176149 	1.007782 	1.407569 	1.893575 	0.701783 	2.487217 	2.282132 	0.427200 	0.860233 	1.982738 	1.532359 	2.522400 	2.299185 	1.198176 	1.850676 	2.500125 	0.509902 	1.068001 	1.326885 	2.369071 	0.715891 	0.604669 	0.602080 	2.404423 	0.831038 	2.807356 	0.855862 	1.700000 	0.926350 	
1.553222 	2.285963 	0.892328 	0.803508 	0.579871 	1.414655 	2.836040 	2.122499 	1.350926 	0.803508 	1.581336 	1.635925 	9.000000 	2.441823 	0.921954 	0.800391 	2.475884 	1.630376 	2.416868 	0.805062 	2.810805 	1.823630 	0.555090 	2.638773 	3.007075 	0.375000 	1.267379 	0.851469 	0.660019 	1.889775 	2.495245 	0.452769 	3.131393 	0.886707 	0.680074 	0.803508 	0.443001 	0.866386 	2.001562 	0.975000 	2.954763 	0.755811 	2.298097 	2.101934 	1.770946 	0.806226 	1.389469 	1.171538 	1.386092 	0.671751 	1.328768 	
1.012423 	0.309233 	1.800347 	1.923051 	2.161308 	1.035012 	0.583631 	0.320156 	1.123610 	3.085146 	0.905883 	0.860959 	2.441823 	9.000000 	3.240756 	3.143346 	0.050000 	0.910014 	0.355317 	3.235062 	0.391312 	0.926350 	2.993848 	0.328824 	0.565685 	2.730041 	1.535008 	3.288237 	3.099698 	0.925338 	0.425735 	2.820018 	0.689656 	3.323590 	3.118493 	2.058671 	2.697453 	3.306906 	0.883883 	1.922401 	0.561805 	3.191591 	0.704450 	0.879275 	1.225255 	3.233033 	1.623461 	3.606245 	1.648105 	2.560518 	1.730788 	
2.437724 	3.127399 	1.814180 	1.722099 	1.480287 	2.255271 	3.554311 	2.930017 	2.214723 	0.160078 	2.440415 	2.496247 	0.921954 	3.240756 	9.000000 	0.125000 	3.280244 	2.504621 	3.267453 	0.371652 	3.625000 	2.721328 	0.626997 	3.473921 	3.802959 	0.916856 	2.188892 	0.430116 	0.596343 	2.790385 	3.352797 	0.886002 	3.924363 	0.437321 	0.610328 	1.704589 	1.049405 	0.485412 	2.901939 	1.885637 	3.780956 	0.637377 	3.186887 	3.003852 	2.689098 	0.707107 	2.309897 	0.550000 	2.305700 	1.402230 	2.245134 	
2.325537 	3.023243 	1.692077 	1.598828 	1.355775 	2.149564 	3.469330 	2.830746 	2.105499 	0.127475 	2.332381 	2.388122 	0.800391 	3.143346 	0.125000 	9.000000 	3.182079 	2.394264 	3.161981 	0.302076 	3.525798 	2.606962 	0.514782 	3.371202 	3.706835 	0.794512 	2.067758 	0.371652 	0.496236 	2.675467 	3.246248 	0.766893 	3.828838 	0.388104 	0.512957 	1.579952 	0.927699 	0.427200 	2.787136 	1.761391 	3.680014 	0.550568 	3.074594 	2.888772 	2.569655 	0.625000 	2.186893 	0.564026 	2.182458 	1.279893 	2.121320 	
1.030776 	0.301040 	1.822430 	1.945668 	2.186607 	1.065950 	0.594243 	0.353553 	1.151086 	3.125000 	0.930390 	0.883883 	2.475884 	0.050000 	3.280244 	3.182079 	9.000000 	0.929045 	0.325960 	3.270799 	0.347311 	0.930390 	3.027066 	0.279509 	0.531507 	2.760548 	1.549597 	3.323402 	3.132990 	0.925338 	0.388909 	2.850439 	0.656220 	3.358757 	3.151587 	2.079814 	2.726032 	3.341501 	0.878208 	1.940522 	0.515388 	3.224322 	0.682825 	0.867828 	1.225255 	3.264966 	1.632674 	3.641772 	1.657181 	2.583844 	1.740869 	
0.103078 	0.680074 	0.896172 	1.020416 	1.270089 	0.301040 	1.442654 	0.612882 	0.292617 	2.359290 	0.111803 	0.090139 	1.630376 	0.910014 	2.504621 	2.394264 	0.929045 	9.000000 	0.795692 	2.435416 	1.227294 	0.285044 	2.163908 	1.030776 	1.445035 	1.873833 	0.632949 	2.480045 	2.269637 	0.357946 	0.867828 	1.962301 	1.569236 	2.515079 	2.285963 	1.151629 	1.825000 	2.490984 	0.450694 	1.012423 	1.350926 	2.354384 	0.687841 	0.550000 	0.512957 	2.387075 	0.751665 	2.800112 	0.776611 	1.659254 	0.850000 	
0.886707 	0.152069 	1.680030 	1.805028 	2.061553 	1.012423 	0.910014 	0.425735 	1.065950 	3.116990 	0.835539 	0.781025 	2.416868 	0.355317 	3.267453 	3.161981 	0.325960 	0.795692 	9.000000 	3.221122 	0.467039 	0.705780 	2.956455 	0.246221 	0.697316 	2.669387 	1.364734 	3.268218 	3.062372 	0.680074 	0.100000 	2.757943 	0.814325 	3.303407 	3.079164 	1.927596 	2.620115 	3.281101 	0.608276 	1.770770 	0.561805 	3.148412 	0.364006 	0.575000 	0.970824 	3.182177 	1.416201 	3.588349 	1.439618 	2.441311 	1.527457 	
2.357568 	3.088892 	1.657747 	1.550806 	1.288652 	2.215429 	3.600347 	2.917298 	2.155371 	0.427200 	2.385634 	2.440415 	0.805062 	3.235062 	0.371652 	0.302076 	3.270799 	2.435416 	3.221122 	9.000000 	3.609016 	2.623928 	0.325960 	3.441112 	3.800740 	0.657647 	2.038535 	0.075000 	0.254951 	2.688517 	3.300095 	0.600521 	3.924443 	0.103078 	0.261008 	1.504161 	0.776611 	0.127475 	2.800112 	1.693000 	3.755829 	0.270416 	3.100504 	2.899354 	2.551103 	0.336341 	2.134537 	0.371652 	2.126764 	1.125000 	2.057000 	
1.325000 	0.548862 	2.122646 	2.247221 	2.496623 	1.396648 	0.602080 	0.695072 	1.472455 	3.470231 	1.245492 	1.195042 	2.810805 	0.391312 	3.625000 	3.525798 	0.347311 	1.227294 	0.467039 	3.609016 	9.000000 	1.170470 	3.359501 	0.226385 	0.230489 	3.085855 	1.822944 	3.660345 	3.465544 	1.147007 	0.450694 	3.175394 	0.348210 	3.695690 	3.483622 	2.375395 	3.045591 	3.677125 	1.073837 	2.225140 	0.176777 	3.555366 	0.800391 	1.032594 	1.437228 	3.593832 	1.881821 	3.979400 	1.905420 	2.885849 	1.992800 	
