Total assets = 640
Number of asset nodes = 34

Distance:
999.000000 	30.016663 	84.646324 	60.745369 	49.678970 	7.280110 	43.011627 	100.801788 	19.209373 	12.369317 	29.410883 	70.292244 	32.893768 	25.495098 	45.254833 	55.901699 	15.297058 	63.007935 	12.206555 	107.447662 	117.643532 	56.603886 	59.908264 	44.777225 	14.764823 	47.010635 	59.076221 	20.615528 	17.262676 	52.801514 	69.641945 	19.235384 	69.971420 	24.698177 	25.019993 	21.470911 	23.345236 	22.022715 	32.140316 	31.257000 	28.017851 	31.144823 	69.892776 	32.249031 	33.241539 	38.483765 	37.013512 	38.275318 	39.357338 	50.328918 	
30.016663 	999.000000 	113.145920 	31.575306 	79.404030 	25.298222 	72.945183 	128.887543 	14.000000 	39.849716 	59.093147 	100.000000 	62.649822 	10.049875 	74.652527 	85.041168 	23.000000 	92.913940 	33.376640 	135.830780 	145.454468 	86.608315 	89.888817 	74.686012 	33.060551 	76.922035 	29.206163 	47.074409 	29.068884 	82.734512 	39.661064 	35.057095 	99.985001 	49.365982 	26.925823 	36.221542 	31.048349 	40.049969 	59.228371 	58.051701 	28.178005 	33.120991 	99.538940 	43.965897 	49.819675 	61.008198 	55.578773 	58.309521 	48.332184 	63.324562 	
84.646324 	113.145920 	999.000000 	140.246216 	37.161808 	91.400215 	44.777225 	16.552946 	103.855667 	80.262070 	62.241467 	21.023796 	59.236813 	105.475113 	39.962482 	29.154760 	98.473343 	29.068884 	88.836929 	22.803509 	33.541019 	36.345562 	33.136082 	49.477268 	91.416626 	48.052055 	142.144287 	78.294319 	96.896851 	44.283180 	152.161102 	93.941475 	30.805843 	80.777473 	105.815880 	95.257545 	101.597244 	91.706055 	72.124893 	73.375748 	108.406639 	109.128365 	44.922153 	101.019798 	94.868332 	83.952370 	92.179176 	89.498604 	106.892471 	105.905617 	
60.745369 	31.575306 	140.246216 	999.000000 	108.784187 	56.753853 	102.859123 	155.219193 	45.398239 	71.309189 	90.138779 	129.139465 	93.637596 	35.777088 	103.585716 	113.441612 	54.332310 	122.588745 	64.938431 	162.483841 	171.213318 	116.730461 	119.854080 	105.475113 	64.498062 	107.703293 	14.422205 	78.644768 	60.133186 	113.463654 	16.124516 	66.121101 	130.146072 	80.894997 	56.142673 	67.029846 	61.032780 	71.112587 	90.801979 	89.627007 	56.435802 	60.827625 	130.633072 	73.334846 	80.056229 	92.135773 	86.023254 	89.000000 	76.295479 	91.591484 	
49.678970 	79.404030 	37.161808 	108.784187 	999.000000 	55.865910 	7.615773 	53.712196 	68.622154 	43.600460 	25.079872 	20.615528 	22.135944 	73.061615 	6.000000 	9.000000 	62.369865 	13.928389 	52.201534 	59.539902 	70.682388 	10.198039 	12.041595 	14.317822 	54.644306 	13.928389 	108.600182 	41.146080 	60.216278 	14.142136 	119.037811 	56.938564 	22.360680 	43.657761 	69.065186 	58.180752 	64.660652 	54.561890 	35.510563 	36.674240 	71.561165 	72.069412 	29.410883 	63.906181 	57.974133 	48.093658 	55.731499 	53.338543 	69.921387 	70.178345 	
7.280110 	25.298222 	91.400215 	56.753853 	55.865910 	999.000000 	48.918301 	107.647575 	12.806249 	14.560220 	34.000000 	76.419891 	37.589893 	23.086792 	51.739735 	62.481998 	8.062258 	68.883957 	9.486833 	114.201576 	124.535133 	62.201286 	65.604881 	49.739319 	10.816654 	51.971146 	53.712196 	22.090721 	11.180340 	57.801384 	64.412735 	14.866069 	75.451973 	25.079872 	18.027756 	16.970562 	17.088007 	18.867962 	34.234486 	33.136082 	21.023796 	24.515301 	74.323616 	27.658634 	30.232433 	38.078865 	34.885529 	36.769554 	34.409302 	46.754681 	
43.011627 	72.945183 	44.777225 	102.859123 	7.615773 	48.918301 	999.000000 	61.326992 	61.717098 	36.235340 	17.464249 	27.586229 	14.560220 	67.082039 	7.615773 	16.278820 	55.172459 	20.000000 	44.821869 	67.119293 	78.294319 	13.928389 	17.000000 	9.219544 	47.201694 	10.000000 	102.078400 	33.541019 	52.801514 	13.341664 	112.605507 	49.396355 	27.313000 	36.055511 	61.611687 	50.606323 	57.140179 	46.957428 	28.160255 	29.274563 	64.070274 	64.498062 	31.064449 	56.302753 	50.447994 	41.000000 	48.373547 	46.097721 	62.361847 	63.031738 	
100.801788 	128.887543 	16.552946 	155.219193 	53.712196 	107.647575 	61.326992 	999.000000 	120.000000 	96.747093 	78.790863 	36.496574 	75.769386 	120.917328 	56.435802 	45.650848 	114.825958 	44.911022 	105.309067 	7.615773 	17.000000 	52.392746 	49.030602 	65.802734 	107.912003 	64.288414 	157.724442 	94.847244 	113.371071 	60.207973 	167.585800 	110.476242 	45.000000 	97.308784 	122.298813 	111.803398 	118.118584 	108.258949 	88.543777 	89.810913 	124.907967 	125.670204 	58.309521 	117.545738 	111.328346 	100.169853 	108.521889 	105.773346 	123.369362 	122.024590 	
19.209373 	14.000000 	103.855667 	45.398239 	68.622154 	12.806249 	61.717098 	120.000000 	999.000000 	26.832815 	46.647614 	89.196411 	50.249378 	16.401220 	64.381676 	75.073296 	9.000000 	81.688431 	19.646883 	126.657021 	136.824707 	75.000000 	78.409180 	62.433964 	19.104973 	64.660652 	41.146080 	33.526108 	15.132746 	70.491135 	51.894123 	21.095022 	88.232651 	35.510563 	14.866069 	22.360680 	17.888544 	26.076809 	45.607018 	44.384682 	17.029387 	21.931713 	86.764046 	30.870699 	36.138622 	47.010635 	41.773197 	44.407207 	36.055511 	50.537113 	
12.369317 	39.849716 	80.262070 	71.309189 	43.600460 	14.560220 	36.235340 	96.747093 	26.832815 	999.000000 	20.000000 	63.780876 	23.600847 	37.054016 	40.311287 	51.107731 	19.209373 	55.865910 	8.602325 	102.927162 	113.740936 	48.836460 	52.345009 	35.805027 	11.180340 	38.013157 	67.977936 	8.246211 	16.643316 	43.829212 	78.721024 	14.317822 	61.846584 	12.529964 	25.553865 	16.124516 	21.540659 	14.142136 	20.000000 	19.026299 	28.178005 	29.410883 	59.933296 	25.317978 	23.706539 	26.419689 	26.248810 	26.907248 	32.557640 	40.816662 	
29.410883 	59.093147 	62.241467 	90.138779 	25.079872 	34.000000 	17.464249 	78.790863 	46.647614 	20.000000 	999.000000 	44.407207 	3.605551 	54.817879 	23.345236 	33.526108 	39.204590 	36.235340 	28.319605 	84.534019 	95.754898 	29.000000 	32.557640 	15.811388 	30.413813 	18.027756 	87.709747 	16.124516 	36.069378 	23.853722 	98.412399 	32.202484 	41.868843 	18.681541 	44.687805 	33.286633 	40.000000 	29.529646 	12.649111 	13.341664 	47.010635 	47.169907 	40.496914 	38.897301 	33.376640 	25.961510 	32.015621 	30.265491 	45.122055 	47.265209 	
70.292244 	100.000000 	21.023796 	129.139465 	20.615528 	76.419891 	27.586229 	36.496574 	89.196411 	63.780876 	44.407207 	999.000000 	41.048752 	93.493317 	25.553865 	16.492422 	82.758682 	8.544003 	72.346390 	41.109608 	52.886673 	16.155495 	12.649111 	29.966648 	74.652527 	28.231188 	129.201401 	60.464867 	80.280754 	23.769728 	139.617340 	76.609398 	10.816654 	62.265560 	89.022469 	77.665955 	84.403793 	73.783470 	52.801514 	54.129475 	91.400215 	91.525955 	25.059929 	82.298241 	75.643906 	63.890530 	72.449982 	69.570107 	87.726852 	85.615417 	
32.893768 	62.649822 	59.236813 	93.637596 	22.135944 	37.589893 	14.560220 	75.769386 	50.249378 	23.600847 	3.605551 	41.048752 	999.000000 	58.240879 	21.023796 	30.805843 	42.801868 	32.802441 	31.890438 	81.394104 	92.703827 	25.495098 	29.068884 	12.206555 	33.941124 	14.422205 	91.301697 	19.416489 	39.597980 	20.248457 	102.000000 	35.608986 	38.288380 	21.540659 	48.166378 	36.619667 	43.416588 	32.756680 	14.035668 	15.000000 	50.447994 	50.477718 	37.000000 	41.785164 	35.902645 	27.294687 	34.058773 	32.015621 	47.801674 	49.040798 	
25.495098 	10.049875 	105.475113 	35.777088 	73.061615 	23.086792 	67.082039 	120.917328 	16.401220 	37.054016 	54.817879 	93.493317 	58.240879 	999.000000 	67.955872 	78.006409 	24.166092 	86.833176 	32.388271 	128.003906 	137.295303 	80.956779 	84.077347 	69.892776 	32.984844 	72.111023 	36.878178 	45.000000 	30.463093 	77.833153 	46.690472 	36.055511 	94.371605 	48.166378 	31.240999 	37.696156 	34.132095 	40.804413 	57.035076 	56.008926 	33.241539 	38.209946 	95.210297 	47.010635 	51.623638 	61.000000 	56.920998 	59.203041 	52.430908 	66.730804 	
45.254833 	74.652527 	39.962482 	103.585716 	6.000000 	51.739735 	7.615773 	56.435802 	64.381676 	40.311287 	23.345236 	25.553865 	21.023796 	67.955872 	999.000000 	10.816654 	58.600342 	19.646883 	48.877399 	62.681736 	73.430237 	16.124516 	18.027756 	16.643316 	51.478149 	17.029387 	103.855667 	38.897301 	56.938564 	18.867962 	114.201576 	54.129475 	28.284271 	41.976185 	65.863495 	55.542778 	61.717098 	52.201534 	35.000000 	36.013885 	68.476273 	69.354164 	35.171009 	62.096699 	56.718605 	48.093658 	55.081757 	53.000000 	68.447060 	70.007141 	
55.901699 	85.041168 	29.154760 	113.441612 	9.000000 	62.481998 	16.278820 	45.650848 	75.073296 	51.107731 	33.526108 	16.492422 	30.805843 	78.006409 	10.816654 	999.000000 	69.404610 	13.601471 	59.682495 	51.865211 	62.649822 	14.866069 	14.422205 	23.194826 	62.265560 	22.561028 	114.214706 	49.396355 	67.742157 	21.470911 	124.470879 	64.845970 	22.561028 	52.201534 	76.661591 	66.211784 	72.470680 	62.769421 	44.407207 	45.541191 	79.259071 	80.056229 	33.286633 	72.422371 	66.708321 	57.078892 	64.629715 	62.289646 	78.587532 	79.158073 	
15.297058 	23.000000 	98.473343 	54.332310 	62.369865 	8.062258 	55.172459 	114.825958 	9.000000 	19.209373 	39.204590 	82.758682 	42.801868 	24.166092 	58.600342 	69.404610 	999.000000 	74.966660 	11.180340 	121.247681 	131.764938 	68.014702 	71.505241 	55.000000 	10.198039 	57.201397 	49.396355 	25.079872 	6.324555 	63.007935 	60.166435 	12.165525 	81.055534 	26.683329 	10.198039 	13.601471 	10.630146 	17.117243 	37.000000 	35.735138 	13.152946 	17.088007 	78.771820 	23.021729 	27.513634 	38.013157 	32.984844 	35.510563 	29.000000 	42.720020 	
63.007935 	92.913940 	29.068884 	122.588745 	13.928389 	68.883957 	20.000000 	44.911022 	81.688431 	55.865910 	36.235340 	8.544003 	32.802441 	86.833176 	19.646883 	13.601471 	74.966660 	999.000000 	64.381676 	49.648766 	61.400326 	7.615773 	4.123106 	21.470911 	66.603302 	19.697716 	122.065559 	52.201534 	72.249565 	15.297058 	132.574509 	68.410522 	9.055386 	53.851646 	80.919716 	69.404610 	76.216797 	65.459915 	44.283180 	45.617977 	83.240616 	83.234612 	20.518284 	73.824112 	67.119293 	55.362442 	63.906181 	61.032780 	79.202271 	77.129761 	
12.206555 	33.376640 	88.836929 	64.938431 	52.201534 	9.486833 	44.821869 	105.309067 	19.646883 	8.602325 	28.319605 	72.346390 	31.890438 	32.388271 	48.877399 	59.682495 	11.180340 	64.381676 	999.000000 	111.516815 	122.298813 	57.280014 	60.811184 	44.045429 	3.000000 	46.227695 	60.539242 	13.928389 	8.062258 	52.009613 	71.309189 	7.280110 	70.178345 	16.031219 	17.000000 	9.486833 	13.341664 	9.899495 	25.961510 	24.738634 	19.697716 	21.377558 	67.601776 	20.124611 	21.260292 	28.635643 	25.553865 	27.313000 	27.313000 	38.209946 	
107.447662 	135.830780 	22.803509 	162.483841 	59.539902 	114.201576 	67.119293 	7.615773 	126.657021 	102.927162 	84.534019 	41.109608 	81.394104 	128.003906 	62.681736 	51.865211 	121.247681 	49.648766 	111.516815 	999.000000 	12.041595 	57.245087 	53.758720 	70.936592 	114.057007 	69.289246 	164.757401 	100.647903 	119.570061 	64.845970 	174.691162 	116.468880 	48.507732 	102.883430 	128.471786 	117.720009 	124.169243 	114.061386 	93.776329 	95.078911 	131.026718 	131.609268 	61.008198 	123.065025 	116.619041 	104.995239 	113.547348 	110.679718 	128.693436 	126.649124 	
117.643532 	145.454468 	33.541019 	171.213318 	70.682388 	124.535133 	78.294319 	17.000000 	136.824707 	113.740936 	95.754898 	52.886673 	92.703827 	137.295303 	73.430237 	62.649822 	131.764938 	61.400326 	122.298813 	12.041595 	999.000000 	68.963760 	65.520988 	82.540901 	124.907967 	80.956779 	174.155106 	111.825760 	130.361038 	76.655075 	183.896713 	127.475487 	60.530983 	114.236595 	139.291061 	128.798294 	135.118469 	125.239769 	105.342300 	106.625511 	141.904892 	142.667450 	73.027390 	134.461884 	128.160049 	116.760437 	125.227791 	122.413231 	140.217682 	138.495483 	
56.603886 	86.608315 	36.345562 	116.730461 	10.198039 	62.201286 	13.928389 	52.392746 	75.000000 	48.836460 	29.000000 	16.155495 	25.495098 	80.956779 	16.124516 	14.866069 	68.014702 	7.615773 	57.280014 	57.245087 	68.963760 	999.000000 	3.605551 	13.892444 	59.413803 	12.083046 	115.663307 	44.821869 	65.069191 	8.000000 	126.245789 	61.073727 	13.416408 	46.324940 	73.661385 	62.008064 	68.883957 	58.008621 	36.674240 	38.013157 	75.927597 	75.802376 	19.313208 	66.241982 	59.506302 	47.801674 	56.302753 	53.450912 	71.589104 	69.634758 	
59.908264 	89.888817 	33.136082 	119.854080 	12.041595 	65.604881 	17.000000 	49.030602 	78.409180 	52.345009 	32.557640 	12.649111 	29.068884 	84.077347 	18.027756 	14.422205 	71.505241 	4.123106 	60.811184 	53.758720 	65.520988 	3.605551 	999.000000 	17.492855 	62.968246 	15.652476 	118.983192 	48.414875 	68.622154 	11.180340 	129.541504 	64.660652 	10.440307 	49.929951 	77.233414 	65.604881 	72.470680 	61.611687 	40.249222 	41.593269 	79.511009 	79.404030 	18.867962 	69.835518 	63.071388 	51.244511 	59.808025 	56.920998 	75.153175 	73.006851 	
44.777225 	74.686012 	49.477268 	105.475113 	14.317822 	49.739319 	9.219544 	65.802734 	62.433964 	35.805027 	15.811388 	29.966648 	12.206555 	69.892776 	16.643316 	23.194826 	55.000000 	21.470911 	44.045429 	70.936592 	82.540901 	13.892444 	17.492855 	999.000000 	46.010868 	2.236068 	103.445641 	31.144823 	51.662365 	8.062258 	114.127121 	47.423622 	26.172504 	32.449963 	60.108234 	48.270073 	55.226807 	44.204071 	22.847319 	24.166092 	62.289646 	62.008064 	25.495098 	52.354561 	45.694637 	34.525352 	42.720020 	40.024994 	57.775429 	56.568542 	
14.764823 	33.060551 	91.416626 	64.498062 	54.644306 	10.816654 	47.201694 	107.912003 	19.104973 	11.180340 	30.413813 	74.652527 	33.941124 	32.984844 	51.478149 	62.265560 	10.198039 	66.603302 	3.000000 	114.057007 	124.907967 	59.413803 	62.968246 	46.010868 	999.000000 	48.166378 	59.464275 	15.264338 	5.656854 	53.907330 	70.228203 	4.472136 	72.180328 	16.492422 	14.422205 	6.708204 	10.440307 	8.062258 	26.925823 	25.632011 	17.000000 	18.439089 	69.115845 	17.492855 	19.416489 	28.160255 	24.166092 	26.248810 	24.596748 	36.069378 	
47.010635 	76.922035 	48.052055 	107.703293 	13.928389 	51.971146 	10.000000 	64.288414 	64.660652 	38.013157 	18.027756 	28.231188 	14.422205 	72.111023 	17.029387 	22.561028 	57.201397 	19.697716 	46.227695 	69.289246 	80.956779 	12.083046 	15.652476 	2.236068 	48.166378 	999.000000 	105.678757 	33.241539 	53.814495 	5.830952 	116.361504 	49.517673 	24.041630 	34.409302 	62.225395 	50.328918 	57.314919 	46.227695 	24.596748 	25.942244 	64.381676 	64.031242 	23.345236 	54.203320 	47.423622 	35.902645 	44.271889 	41.484936 	59.506302 	57.870544 	
59.076221 	29.206163 	142.144287 	14.422205 	108.600182 	53.712196 	102.078400 	157.724442 	41.146080 	67.977936 	87.709747 	129.201401 	91.301697 	36.878178 	103.855667 	114.214706 	49.396355 	122.065559 	60.539242 	164.757401 	174.155106 	115.663307 	118.983192 	103.445641 	59.464275 	105.678757 	999.000000 	74.464760 	54.405884 	111.507851 	10.770329 	60.166435 	129.003876 	75.894661 	48.662102 	60.638271 	53.935146 	65.000000 	86.377083 	85.094063 	48.259712 	52.038448 	127.910126 	65.192024 	72.560318 	85.702972 	78.638412 	81.884064 	67.029846 	82.152298 	
20.615528 	47.074409 	78.294319 	78.644768 	41.146080 	22.090721 	33.541019 	94.847244 	33.526108 	8.246211 	16.124516 	60.464867 	19.416489 	45.000000 	38.897301 	49.396355 	25.079872 	52.201534 	13.928389 	100.647903 	111.825760 	44.821869 	48.414875 	31.144823 	15.264338 	33.241539 	74.464760 	999.000000 	20.808653 	38.897301 	85.234970 	16.278820 	57.280014 	5.000000 	29.000000 	17.204651 	24.083189 	13.416408 	12.165525 	11.045361 	31.144823 	31.064449 	53.851646 	23.345236 	19.235384 	18.601076 	20.124611 	20.000000 	30.066593 	35.468296 	
17.262676 	29.068884 	96.896851 	60.133186 	60.216278 	11.180340 	52.801514 	113.371071 	15.132746 	16.643316 	36.069378 	80.280754 	39.597980 	30.463093 	56.938564 	67.742157 	6.324555 	72.249565 	8.062258 	119.570061 	130.361038 	65.069191 	68.622154 	51.662365 	5.656854 	53.814495 	54.405884 	20.808653 	999.000000 	59.548298 	65.145988 	6.000000 	77.833153 	21.540659 	8.944272 	7.280110 	6.082763 	11.000000 	32.202484 	30.870699 	11.704700 	14.000000 	74.625732 	17.029387 	21.189621 	32.015621 	26.683329 	29.274563 	23.430750 	36.619667 	
52.801514 	82.734512 	44.283180 	113.463654 	14.142136 	57.801384 	13.341664 	60.207973 	70.491135 	43.829212 	23.853722 	23.769728 	20.248457 	77.833153 	18.867962 	21.470911 	63.007935 	15.297058 	52.009613 	64.845970 	76.655075 	8.000000 	11.180340 	8.062258 	53.907330 	5.830952 	111.507851 	38.897301 	59.548298 	999.000000 	122.188377 	55.154327 	18.439089 	39.824615 	67.896980 	55.901699 	62.936478 	51.739735 	29.681644 	31.064449 	70.007141 	69.526970 	18.027756 	59.363289 	52.354561 	40.162170 	48.846699 	45.880280 	64.412735 	61.846584 	
69.641945 	39.661064 	152.161102 	16.124516 	119.037811 	64.412735 	112.605507 	167.585800 	51.894123 	78.721024 	98.412399 	139.617340 	102.000000 	46.690472 	114.201576 	124.470879 	60.166435 	132.574509 	71.309189 	174.691162 	183.896713 	126.245789 	129.541504 	114.127121 	70.228203 	116.361504 	10.770329 	85.234970 	65.145988 	122.188377 	999.000000 	70.880180 	139.606583 	86.648720 	59.228371 	71.309189 	64.536812 	75.690155 	97.144226 	95.859268 	58.694122 	62.289646 	138.654251 	75.538071 	83.024094 	96.317184 	89.106674 	92.395889 	77.025970 	92.005432 	
19.235384 	35.057095 	93.941475 	66.121101 	56.938564 	14.866069 	49.396355 	110.476242 	21.095022 	14.317822 	32.202484 	76.609398 	35.608986 	36.055511 	54.129475 	64.845970 	12.165525 	68.410522 	7.280110 	116.468880 	127.475487 	61.073727 	64.660652 	47.423622 	4.472136 	49.517673 	60.166435 	16.278820 	6.000000 	55.154327 	70.880180 	999.000000 	73.552704 	16.124516 	12.806249 	2.236068 	7.810250 	5.000000 	26.925823 	25.553865 	14.866069 	15.231546 	69.634758 	13.038404 	15.652476 	26.019224 	20.880613 	23.345236 	20.124611 	31.890438 	
69.971420 	99.985001 	30.805843 	130.146072 	22.360680 	75.451973 	27.313000 	45.000000 	88.232651 	61.846584 	41.868843 	10.816654 	38.288380 	94.371605 	28.284271 	22.561028 	81.055534 	9.055386 	70.178345 	48.507732 	60.530983 	13.416408 	10.440307 	26.172504 	72.180328 	24.041630 	129.003876 	57.280014 	77.833153 	18.439089 	139.606583 	73.552704 	999.000000 	58.258045 	86.267029 	74.330345 	81.344948 	70.178345 	48.010414 	49.406479 	88.413803 	87.965904 	14.317822 	77.665955 	70.491135 	57.697487 	66.648331 	63.505905 	82.492424 	78.771820 	
24.698177 	49.365982 	80.777473 	80.894997 	43.657761 	25.079872 	36.055511 	97.308784 	35.510563 	12.529964 	18.681541 	62.265560 	21.540659 	48.166378 	41.976185 	52.201534 	26.683329 	53.851646 	16.031219 	102.883430 	114.236595 	46.324940 	49.929951 	32.449963 	16.492422 	34.409302 	75.894661 	5.000000 	21.540659 	39.824615 	86.648720 	16.124516 	58.258045 	999.000000 	28.844410 	16.401220 	23.600847 	12.041595 	10.816654 	9.433981 	30.610456 	29.732138 	53.600372 	20.248457 	15.000000 	13.892444 	15.231546 	15.000000 	26.476404 	30.675724 	
25.019993 	26.925823 	105.815880 	56.142673 	69.065186 	18.027756 	61.611687 	122.298813 	14.866069 	25.553865 	44.687805 	89.022469 	48.166378 	31.240999 	65.863495 	76.661591 	10.198039 	80.919716 	17.000000 	128.471786 	139.291061 	73.661385 	77.233414 	60.108234 	14.422205 	62.225395 	48.662102 	29.000000 	8.944272 	67.896980 	59.228371 	12.806249 	86.267029 	28.844410 	999.000000 	12.529964 	5.385165 	17.000000 	39.661064 	38.275318 	3.000000 	7.211102 	82.419655 	17.262676 	24.020824 	37.107952 	30.066593 	33.241539 	21.470911 	36.400551 	
21.470911 	36.221542 	95.257545 	67.029846 	58.180752 	16.970562 	50.606323 	111.803398 	22.360680 	16.124516 	33.286633 	77.665955 	36.619667 	37.696156 	55.542778 	66.211784 	13.601471 	69.404610 	9.486833 	117.720009 	128.798294 	62.008064 	65.604881 	48.270073 	6.708204 	50.328918 	60.638271 	17.204651 	7.280110 	55.901699 	71.309189 	2.236068 	74.330345 	16.401220 	12.529964 	999.000000 	7.211102 	4.472136 	27.202942 	25.806976 	14.212670 	13.892444 	70.000000 	10.816654 	13.928389 	25.179358 	19.416489 	22.090721 	17.888544 	29.832869 	
23.345236 	31.048349 	101.597244 	61.032780 	64.660652 	17.088007 	57.140179 	118.118584 	17.888544 	21.540659 	40.000000 	84.403793 	43.416588 	34.132095 	61.717098 	72.470680 	10.630146 	76.216797 	13.341664 	124.169243 	135.118469 	68.883957 	72.470680 	55.226807 	10.440307 	57.314919 	53.935146 	24.083189 	6.082763 	62.936478 	64.536812 	7.810250 	81.344948 	23.600847 	5.385165 	7.211102 	999.000000 	11.661903 	34.409302 	33.015148 	7.071068 	8.062258 	77.201035 	13.000000 	19.026299 	31.780497 	25.000000 	28.071337 	18.439089 	32.649654 	
22.022715 	40.049969 	91.706055 	71.112587 	54.561890 	18.867962 	46.957428 	108.258949 	26.076809 	14.142136 	29.529646 	73.783470 	32.756680 	40.804413 	52.201534 	62.769421 	17.117243 	65.459915 	9.899495 	114.061386 	125.239769 	58.008621 	61.611687 	44.204071 	8.062258 	46.227695 	65.000000 	13.416408 	11.000000 	51.739735 	75.690155 	5.000000 	70.178345 	12.041595 	17.000000 	4.472136 	11.661903 	999.000000 	22.803509 	21.400934 	18.601076 	17.804493 	65.604881 	11.180340 	11.401754 	21.023796 	16.155495 	18.439089 	18.439089 	28.319605 	
32.140316 	59.228371 	72.124893 	90.801979 	35.510563 	34.234486 	28.160255 	88.543777 	45.607018 	20.000000 	12.649111 	52.801514 	14.035668 	57.035076 	35.000000 	44.407207 	37.000000 	44.283180 	25.961510 	93.776329 	105.342300 	36.674240 	40.249222 	22.847319 	26.925823 	24.596748 	86.377083 	12.165525 	32.202484 	29.681644 	97.144226 	26.925823 	48.010414 	10.816654 	39.661064 	27.202942 	34.409302 	22.803509 	999.000000 	1.414214 	41.400482 	40.311287 	42.801868 	29.681644 	22.847319 	13.341664 	20.223749 	18.000000 	34.928497 	35.014282 	
31.257000 	58.051701 	73.375748 	89.627007 	36.674240 	33.136082 	29.274563 	89.810913 	44.384682 	19.026299 	13.341664 	54.129475 	15.000000 	56.008926 	36.013885 	45.541191 	35.735138 	45.617977 	24.738634 	95.078911 	106.625511 	38.013157 	41.593269 	24.166092 	25.632011 	25.942244 	85.094063 	11.045361 	30.870699 	31.064449 	95.859268 	25.553865 	49.406479 	9.433981 	38.275318 	25.806976 	33.015148 	21.400934 	1.414214 	999.000000 	40.000000 	38.897301 	44.204071 	28.301943 	21.540659 	12.649111 	19.104973 	17.029387 	33.615471 	34.058773 	
28.017851 	28.178005 	108.406639 	56.435802 	71.561165 	21.023796 	64.070274 	124.907967 	17.029387 	28.178005 	47.010635 	91.400215 	50.447994 	33.241539 	68.476273 	79.259071 	13.152946 	83.240616 	19.697716 	131.026718 	141.904892 	75.927597 	79.511009 	62.289646 	17.000000 	64.381676 	48.259712 	31.144823 	11.704700 	70.007141 	58.694122 	14.866069 	88.413803 	30.610456 	3.000000 	14.212670 	7.071068 	18.601076 	41.400482 	40.000000 	999.000000 	5.000000 	84.202141 	17.000000 	24.331051 	37.947330 	30.413813 	33.734257 	20.248457 	35.440090 	
31.144823 	33.120991 	109.128365 	60.827625 	72.069412 	24.515301 	64.498062 	125.670204 	21.931713 	29.410883 	47.169907 	91.525955 	50.477718 	38.209946 	69.354164 	80.056229 	17.088007 	83.234612 	21.377558 	131.609268 	142.667450 	75.802376 	79.404030 	62.008064 	18.439089 	64.031242 	52.038448 	31.064449 	14.000000 	69.526970 	62.289646 	15.231546 	87.965904 	29.732138 	7.211102 	13.892444 	8.062258 	17.804493 	40.311287 	38.897301 	5.000000 	999.000000 	82.975899 	13.341664 	21.189621 	35.341194 	27.202942 	30.675724 	15.524175 	30.805843 	
69.892776 	99.538940 	44.922153 	130.633072 	29.410883 	74.323616 	31.064449 	58.309521 	86.764046 	59.933296 	40.496914 	25.059929 	37.000000 	95.210297 	35.171009 	33.286633 	78.771820 	20.518284 	67.601776 	61.008198 	73.027390 	19.313208 	18.867962 	25.495098 	69.115845 	23.345236 	127.910126 	53.851646 	74.625732 	18.027756 	138.654251 	69.634758 	14.317822 	53.600372 	82.419655 	70.000000 	77.201035 	65.604881 	42.801868 	44.204071 	84.202141 	82.975899 	999.000000 	71.421288 	63.702435 	49.819675 	59.033890 	55.605755 	75.286118 	69.354164 	
32.249031 	43.965897 	101.019798 	73.334846 	63.906181 	27.658634 	56.302753 	117.545738 	30.870699 	25.317978 	38.897301 	82.298241 	41.785164 	47.010635 	62.096699 	72.422371 	23.021729 	73.824112 	20.124611 	123.065025 	134.461884 	66.241982 	69.835518 	52.354561 	17.492855 	54.203320 	65.192024 	23.345236 	17.029387 	59.363289 	75.538071 	13.038404 	77.665955 	20.248457 	17.262676 	10.816654 	13.000000 	11.180340 	29.681644 	28.301943 	17.000000 	13.341664 	71.421288 	999.000000 	8.062258 	22.472204 	13.928389 	17.464249 	7.280110 	19.723083 	
33.241539 	49.819675 	94.868332 	80.056229 	57.974133 	30.232433 	50.447994 	111.328346 	36.138622 	23.706539 	33.376640 	75.643906 	35.902645 	51.623638 	56.718605 	66.708321 	27.513634 	67.119293 	21.260292 	116.619041 	128.160049 	59.506302 	63.071388 	45.694637 	19.416489 	47.423622 	72.560318 	19.235384 	21.189621 	52.354561 	83.024094 	15.652476 	70.491135 	15.000000 	24.020824 	13.928389 	19.026299 	11.401754 	22.847319 	21.540659 	24.331051 	21.189621 	63.702435 	8.062258 	999.000000 	14.422205 	6.082763 	9.486833 	12.083046 	17.204651 	
38.483765 	61.008198 	83.952370 	92.135773 	48.093658 	38.078865 	41.000000 	100.169853 	47.010635 	26.419689 	25.961510 	63.890530 	27.294687 	61.000000 	48.093658 	57.078892 	38.013157 	55.362442 	28.635643 	104.995239 	116.760437 	47.801674 	51.244511 	34.525352 	28.160255 	35.902645 	85.702972 	18.601076 	32.015621 	40.162170 	96.317184 	26.019224 	57.697487 	13.892444 	37.107952 	25.179358 	31.780497 	21.023796 	13.341664 	12.649111 	37.947330 	35.341194 	49.819675 	22.472204 	14.422205 	999.000000 	9.219544 	5.830952 	25.495098 	22.090721 	
37.013512 	55.578773 	92.179176 	86.023254 	55.731499 	34.885529 	48.373547 	108.521889 	41.773197 	26.248810 	32.015621 	72.449982 	34.058773 	56.920998 	55.081757 	64.629715 	32.984844 	63.906181 	25.553865 	113.547348 	125.227791 	56.302753 	59.808025 	42.720020 	24.166092 	44.271889 	78.638412 	20.124611 	26.683329 	48.846699 	89.106674 	20.880613 	66.648331 	15.231546 	30.066593 	19.416489 	25.000000 	16.155495 	20.223749 	19.104973 	30.413813 	27.202942 	59.033890 	13.928389 	6.082763 	9.219544 	999.000000 	3.605551 	16.278820 	15.524175 	
38.275318 	58.309521 	89.498604 	89.000000 	53.338543 	36.769554 	46.097721 	105.773346 	44.407207 	26.907248 	30.265491 	69.570107 	32.015621 	59.203041 	53.000000 	62.289646 	35.510563 	61.032780 	27.313000 	110.679718 	122.413231 	53.450912 	56.920998 	40.024994 	26.248810 	41.484936 	81.884064 	20.000000 	29.274563 	45.880280 	92.395889 	23.345236 	63.505905 	15.000000 	33.241539 	22.090721 	28.071337 	18.439089 	18.000000 	17.029387 	33.734257 	30.675724 	55.605755 	17.464249 	9.486833 	5.830952 	3.605551 	999.000000 	19.798990 	17.029387 	
39.357338 	48.332184 	106.892471 	76.295479 	69.921387 	34.409302 	62.361847 	123.369362 	36.055511 	32.557640 	45.122055 	87.726852 	47.801674 	52.430908 	68.447060 	78.587532 	29.000000 	79.202271 	27.313000 	128.693436 	140.217682 	71.589104 	75.153175 	57.775429 	24.596748 	59.506302 	67.029846 	30.066593 	23.430750 	64.412735 	77.025970 	20.124611 	82.492424 	26.476404 	21.470911 	17.888544 	18.439089 	18.439089 	34.928497 	33.615471 	20.248457 	15.524175 	75.286118 	7.280110 	12.083046 	25.495098 	16.278820 	19.798990 	999.000000 	15.297058 	
50.328918 	63.324562 	105.905617 	91.591484 	70.178345 	46.754681 	63.031738 	122.024590 	50.537113 	40.816662 	47.265209 	85.615417 	49.040798 	66.730804 	70.007141 	79.158073 	42.720020 	77.129761 	38.209946 	126.649124 	138.495483 	69.634758 	73.006851 	56.568542 	36.069378 	57.870544 	82.152298 	35.468296 	36.619667 	61.846584 	92.005432 	31.890438 	78.771820 	30.675724 	36.400551 	29.832869 	32.649654 	28.319605 	35.014282 	34.058773 	35.440090 	30.805843 	69.354164 	19.723083 	17.204651 	22.090721 	15.524175 	17.029387 	15.297058 	999.000000 	

Travel time:
9.000000 	0.750417 	2.116158 	1.518634 	1.241974 	0.182003 	1.075291 	2.520045 	0.480234 	0.309233 	0.735272 	1.757306 	0.822344 	0.637377 	1.131371 	1.397542 	0.382426 	1.575198 	0.305164 	2.686192 	2.941088 	1.415097 	1.497707 	1.119431 	0.369121 	1.175266 	1.476906 	0.515388 	0.431567 	1.320038 	1.741049 	0.480885 	1.749285 	0.617454 	0.625500 	0.536773 	0.583631 	0.550568 	0.803508 	0.781425 	0.700446 	0.778621 	1.747319 	0.806226 	0.831038 	0.962094 	0.925338 	0.956883 	0.983933 	1.258223 	
0.750417 	9.000000 	2.828648 	0.789383 	1.985101 	0.632456 	1.823630 	3.222188 	0.350000 	0.996243 	1.477329 	2.500000 	1.566246 	0.251247 	1.866313 	2.126029 	0.575000 	2.322849 	0.834416 	3.395770 	3.636362 	2.165208 	2.247221 	1.867150 	0.826514 	1.923051 	0.730154 	1.176860 	0.726722 	2.068363 	0.991527 	0.876427 	2.499625 	1.234150 	0.673146 	0.905539 	0.776209 	1.001249 	1.480709 	1.451293 	0.704450 	0.828025 	2.488473 	1.099147 	1.245492 	1.525205 	1.389469 	1.457738 	1.208305 	1.583114 	
2.116158 	2.828648 	9.000000 	3.506155 	0.929045 	2.285005 	1.119431 	0.413824 	2.596392 	2.006552 	1.556037 	0.525595 	1.480920 	2.636878 	0.999062 	0.728869 	2.461833 	0.726722 	2.220923 	0.570088 	0.838525 	0.908639 	0.828402 	1.236932 	2.285416 	1.201301 	3.553607 	1.957358 	2.422421 	1.107080 	3.804028 	2.348537 	0.770146 	2.019437 	2.645397 	2.381439 	2.539931 	2.292651 	1.803122 	1.834394 	2.710166 	2.728209 	1.123054 	2.525495 	2.371708 	2.098809 	2.304479 	2.237465 	2.672312 	2.647640 	
1.518634 	0.789383 	3.506155 	9.000000 	2.719605 	1.418846 	2.571478 	3.880480 	1.134956 	1.782730 	2.253469 	3.228487 	2.340940 	0.894427 	2.589643 	2.836040 	1.358308 	3.064719 	1.623461 	4.062096 	4.280333 	2.918262 	2.996352 	2.636878 	1.612452 	2.692582 	0.360555 	1.966119 	1.503330 	2.836591 	0.403113 	1.653028 	3.253652 	2.022375 	1.403567 	1.675746 	1.525820 	1.777815 	2.270050 	2.240675 	1.410895 	1.520691 	3.265827 	1.833371 	2.001406 	2.303394 	2.150581 	2.225000 	1.907387 	2.289787 	
1.241974 	1.985101 	0.929045 	2.719605 	9.000000 	1.396648 	0.190394 	1.342805 	1.715554 	1.090011 	0.626997 	0.515388 	0.553399 	1.826540 	0.150000 	0.225000 	1.559247 	0.348210 	1.305038 	1.488497 	1.767060 	0.254951 	0.301040 	0.357946 	1.366108 	0.348210 	2.715004 	1.028652 	1.505407 	0.353553 	2.975945 	1.423464 	0.559017 	1.091444 	1.726630 	1.454519 	1.616516 	1.364047 	0.887764 	0.916856 	1.789029 	1.801735 	0.735272 	1.597655 	1.449353 	1.202341 	1.393287 	1.333464 	1.748035 	1.754459 	
0.182003 	0.632456 	2.285005 	1.418846 	1.396648 	9.000000 	1.222957 	2.691189 	0.320156 	0.364006 	0.850000 	1.910497 	0.939747 	0.577170 	1.293493 	1.562050 	0.201556 	1.722099 	0.237171 	2.855039 	3.113378 	1.555032 	1.640122 	1.243483 	0.270416 	1.299279 	1.342805 	0.552268 	0.279509 	1.445035 	1.610318 	0.371652 	1.886299 	0.626997 	0.450694 	0.424264 	0.427200 	0.471699 	0.855862 	0.828402 	0.525595 	0.612882 	1.858090 	0.691466 	0.755811 	0.951972 	0.872138 	0.919239 	0.860233 	1.168867 	
1.075291 	1.823630 	1.119431 	2.571478 	0.190394 	1.222957 	9.000000 	1.533175 	1.542928 	0.905883 	0.436606 	0.689656 	0.364006 	1.677051 	0.190394 	0.406971 	1.379311 	0.500000 	1.120547 	1.677982 	1.957358 	0.348210 	0.425000 	0.230489 	1.180042 	0.250000 	2.551960 	0.838525 	1.320038 	0.333542 	2.815138 	1.234909 	0.682825 	0.901388 	1.540292 	1.265158 	1.428504 	1.173936 	0.704006 	0.731864 	1.601757 	1.612452 	0.776611 	1.407569 	1.261200 	1.025000 	1.209339 	1.152443 	1.559046 	1.575794 	
2.520045 	3.222188 	0.413824 	3.880480 	1.342805 	2.691189 	1.533175 	9.000000 	3.000000 	2.418677 	1.969772 	0.912414 	1.894235 	3.022933 	1.410895 	1.141271 	2.870649 	1.122776 	2.632727 	0.190394 	0.425000 	1.309819 	1.225765 	1.645068 	2.697800 	1.607210 	3.943111 	2.371181 	2.834277 	1.505199 	4.189645 	2.761906 	1.125000 	2.432720 	3.057470 	2.795085 	2.952965 	2.706474 	2.213594 	2.245273 	3.122699 	3.141755 	1.457738 	2.938643 	2.783209 	2.504246 	2.713047 	2.644334 	3.084234 	3.050615 	
0.480234 	0.350000 	2.596392 	1.134956 	1.715554 	0.320156 	1.542928 	3.000000 	9.000000 	0.670820 	1.166190 	2.229910 	1.256234 	0.410031 	1.609542 	1.876832 	0.225000 	2.042211 	0.491172 	3.166425 	3.420618 	1.875000 	1.960230 	1.560849 	0.477624 	1.616516 	1.028652 	0.838153 	0.378319 	1.762278 	1.297353 	0.527376 	2.205816 	0.887764 	0.371652 	0.559017 	0.447214 	0.651920 	1.140175 	1.109617 	0.425735 	0.548293 	2.169101 	0.771767 	0.903466 	1.175266 	1.044330 	1.110180 	0.901388 	1.263428 	
0.309233 	0.996243 	2.006552 	1.782730 	1.090011 	0.364006 	0.905883 	2.418677 	0.670820 	9.000000 	0.500000 	1.594522 	0.590021 	0.926350 	1.007782 	1.277693 	0.480234 	1.396648 	0.215058 	2.573179 	2.843524 	1.220912 	1.308625 	0.895126 	0.279509 	0.950329 	1.699448 	0.206155 	0.416083 	1.095730 	1.968026 	0.357946 	1.546165 	0.313249 	0.638847 	0.403113 	0.538516 	0.353553 	0.500000 	0.475657 	0.704450 	0.735272 	1.498332 	0.632949 	0.592663 	0.660492 	0.656220 	0.672681 	0.813941 	1.020416 	
0.735272 	1.477329 	1.556037 	2.253469 	0.626997 	0.850000 	0.436606 	1.969772 	1.166190 	0.500000 	9.000000 	1.110180 	0.090139 	1.370447 	0.583631 	0.838153 	0.980115 	0.905883 	0.707990 	2.113350 	2.393872 	0.725000 	0.813941 	0.395285 	0.760345 	0.450694 	2.192744 	0.403113 	0.901734 	0.596343 	2.460310 	0.805062 	1.046721 	0.467039 	1.117195 	0.832166 	1.000000 	0.738241 	0.316228 	0.333542 	1.175266 	1.179248 	1.012423 	0.972432 	0.834416 	0.649038 	0.800391 	0.756637 	1.128051 	1.181630 	
1.757306 	2.500000 	0.525595 	3.228487 	0.515388 	1.910497 	0.689656 	0.912414 	2.229910 	1.594522 	1.110180 	9.000000 	1.026219 	2.337333 	0.638847 	0.412311 	2.068967 	0.213600 	1.808660 	1.027740 	1.322167 	0.403887 	0.316228 	0.749166 	1.866313 	0.705780 	3.230035 	1.511622 	2.007019 	0.594243 	3.490433 	1.915235 	0.270416 	1.556639 	2.225562 	1.941649 	2.110095 	1.844587 	1.320038 	1.353237 	2.285005 	2.288149 	0.626498 	2.057456 	1.891098 	1.597263 	1.811249 	1.739253 	2.193171 	2.140385 	
0.822344 	1.566246 	1.480920 	2.340940 	0.553399 	0.939747 	0.364006 	1.894235 	1.256234 	0.590021 	0.090139 	1.026219 	9.000000 	1.456022 	0.525595 	0.770146 	1.070047 	0.820061 	0.797261 	2.034853 	2.317596 	0.637377 	0.726722 	0.305164 	0.848528 	0.360555 	2.282542 	0.485412 	0.989950 	0.506211 	2.550000 	0.890225 	0.957209 	0.538516 	1.204159 	0.915492 	1.085415 	0.818917 	0.350892 	0.375000 	1.261200 	1.261943 	0.925000 	1.044629 	0.897566 	0.682367 	0.851469 	0.800391 	1.195042 	1.226020 	
0.637377 	0.251247 	2.636878 	0.894427 	1.826540 	0.577170 	1.677051 	3.022933 	0.410031 	0.926350 	1.370447 	2.337333 	1.456022 	9.000000 	1.698897 	1.950160 	0.604152 	2.170829 	0.809707 	3.200098 	3.432383 	2.023920 	2.101934 	1.747319 	0.824621 	1.802776 	0.921954 	1.125000 	0.761577 	1.945829 	1.167262 	0.901388 	2.359290 	1.204159 	0.781025 	0.942404 	0.853302 	1.020110 	1.425877 	1.400223 	0.831038 	0.955249 	2.380257 	1.175266 	1.290591 	1.525000 	1.423025 	1.480076 	1.310773 	1.668270 	
1.131371 	1.866313 	0.999062 	2.589643 	0.150000 	1.293493 	0.190394 	1.410895 	1.609542 	1.007782 	0.583631 	0.638847 	0.525595 	1.698897 	9.000000 	0.270416 	1.465008 	0.491172 	1.221935 	1.567043 	1.835756 	0.403113 	0.450694 	0.416083 	1.286954 	0.425735 	2.596392 	0.972432 	1.423464 	0.471699 	2.855039 	1.353237 	0.707107 	1.049405 	1.646587 	1.388569 	1.542928 	1.305038 	0.875000 	0.900347 	1.711907 	1.733854 	0.879275 	1.552418 	1.417965 	1.202341 	1.377044 	1.325000 	1.711177 	1.750179 	
1.397542 	2.126029 	0.728869 	2.836040 	0.225000 	1.562050 	0.406971 	1.141271 	1.876832 	1.277693 	0.838153 	0.412311 	0.770146 	1.950160 	0.270416 	9.000000 	1.735115 	0.340037 	1.492062 	1.296630 	1.566246 	0.371652 	0.360555 	0.579871 	1.556639 	0.564026 	2.855368 	1.234909 	1.693554 	0.536773 	3.111772 	1.621149 	0.564026 	1.305038 	1.916540 	1.655295 	1.811767 	1.569236 	1.110180 	1.138530 	1.981477 	2.001406 	0.832166 	1.810559 	1.667708 	1.426972 	1.615743 	1.557241 	1.964688 	1.978952 	
0.382426 	0.575000 	2.461833 	1.358308 	1.559247 	0.201556 	1.379311 	2.870649 	0.225000 	0.480234 	0.980115 	2.068967 	1.070047 	0.604152 	1.465008 	1.735115 	9.000000 	1.874166 	0.279509 	3.031192 	3.294123 	1.700368 	1.787631 	1.375000 	0.254951 	1.430035 	1.234909 	0.626997 	0.158114 	1.575198 	1.504161 	0.304138 	2.026388 	0.667083 	0.254951 	0.340037 	0.265754 	0.427931 	0.925000 	0.893378 	0.328824 	0.427200 	1.969296 	0.575543 	0.687841 	0.950329 	0.824621 	0.887764 	0.725000 	1.068001 	
1.575198 	2.322849 	0.726722 	3.064719 	0.348210 	1.722099 	0.500000 	1.122776 	2.042211 	1.396648 	0.905883 	0.213600 	0.820061 	2.170829 	0.491172 	0.340037 	1.874166 	9.000000 	1.609542 	1.241219 	1.535008 	0.190394 	0.103078 	0.536773 	1.665083 	0.492443 	3.051639 	1.305038 	1.806239 	0.382426 	3.314363 	1.710263 	0.226385 	1.346291 	2.022993 	1.735115 	1.905420 	1.636498 	1.107080 	1.140449 	2.081015 	2.080865 	0.512957 	1.845603 	1.677982 	1.384061 	1.597655 	1.525820 	1.980057 	1.928244 	
0.305164 	0.834416 	2.220923 	1.623461 	1.305038 	0.237171 	1.120547 	2.632727 	0.491172 	0.215058 	0.707990 	1.808660 	0.797261 	0.809707 	1.221935 	1.492062 	0.279509 	1.609542 	9.000000 	2.787920 	3.057470 	1.432000 	1.520280 	1.101136 	0.075000 	1.155692 	1.513481 	0.348210 	0.201556 	1.300240 	1.782730 	0.182003 	1.754459 	0.400780 	0.425000 	0.237171 	0.333542 	0.247487 	0.649038 	0.618466 	0.492443 	0.534439 	1.690044 	0.503115 	0.531507 	0.715891 	0.638847 	0.682825 	0.682825 	0.955249 	
2.686192 	3.395770 	0.570088 	4.062096 	1.488497 	2.855039 	1.677982 	0.190394 	3.166425 	2.573179 	2.113350 	1.027740 	2.034853 	3.200098 	1.567043 	1.296630 	3.031192 	1.241219 	2.787920 	9.000000 	0.301040 	1.431127 	1.343968 	1.773415 	2.851425 	1.732231 	4.118935 	2.516198 	2.989252 	1.621149 	4.367279 	2.911722 	1.212693 	2.572086 	3.211795 	2.943000 	3.104231 	2.851535 	2.344408 	2.376973 	3.275668 	3.290232 	1.525205 	3.076626 	2.915476 	2.624881 	2.838684 	2.766993 	3.217336 	3.166228 	
2.941088 	3.636362 	0.838525 	4.280333 	1.767060 	3.113378 	1.957358 	0.425000 	3.420618 	2.843524 	2.393872 	1.322167 	2.317596 	3.432383 	1.835756 	1.566246 	3.294123 	1.535008 	3.057470 	0.301040 	9.000000 	1.724094 	1.638025 	2.063523 	3.122699 	2.023920 	4.353878 	2.795644 	3.259026 	1.916377 	4.597418 	3.186887 	1.513275 	2.855915 	3.482276 	3.219957 	3.377962 	3.130994 	2.633558 	2.665638 	3.547622 	3.566686 	1.825685 	3.361547 	3.204001 	2.919011 	3.130695 	3.060331 	3.505442 	3.462387 	
1.415097 	2.165208 	0.908639 	2.918262 	0.254951 	1.555032 	0.348210 	1.309819 	1.875000 	1.220912 	0.725000 	0.403887 	0.637377 	2.023920 	0.403113 	0.371652 	1.700368 	0.190394 	1.432000 	1.431127 	1.724094 	9.000000 	0.090139 	0.347311 	1.485345 	0.302076 	2.891583 	1.120547 	1.626730 	0.200000 	3.156145 	1.526843 	0.335410 	1.158123 	1.841535 	1.550202 	1.722099 	1.450216 	0.916856 	0.950329 	1.898190 	1.895059 	0.482830 	1.656049 	1.487658 	1.195042 	1.407569 	1.336273 	1.789728 	1.740869 	
1.497707 	2.247221 	0.828402 	2.996352 	0.301040 	1.640122 	0.425000 	1.225765 	1.960230 	1.308625 	0.813941 	0.316228 	0.726722 	2.101934 	0.450694 	0.360555 	1.787631 	0.103078 	1.520280 	1.343968 	1.638025 	0.090139 	9.000000 	0.437321 	1.574206 	0.391312 	2.974580 	1.210372 	1.715554 	0.279509 	3.238538 	1.616516 	0.261008 	1.248249 	1.930835 	1.640122 	1.811767 	1.540292 	1.006231 	1.039832 	1.987775 	1.985101 	0.471699 	1.745888 	1.576785 	1.281113 	1.495201 	1.423025 	1.878829 	1.825171 	
1.119431 	1.867150 	1.236932 	2.636878 	0.357946 	1.243483 	0.230489 	1.645068 	1.560849 	0.895126 	0.395285 	0.749166 	0.305164 	1.747319 	0.416083 	0.579871 	1.375000 	0.536773 	1.101136 	1.773415 	2.063523 	0.347311 	0.437321 	9.000000 	1.150272 	0.055902 	2.586141 	0.778621 	1.291559 	0.201556 	2.853178 	1.185591 	0.654313 	0.811249 	1.502706 	1.206752 	1.380670 	1.105102 	0.571183 	0.604152 	1.557241 	1.550202 	0.637377 	1.308864 	1.142366 	0.863134 	1.068001 	1.000625 	1.444386 	1.414214 	
