Total assets = 968
Number of asset nodes = 50

Distance:
999.000000 	85.912750 	82.134033 	81.024689 	75.690155 	82.927681 	78.236816 	82.152298 	79.924965 	78.230431 	77.175125 	79.177017 	77.826729 	63.253460 	62.433964 	64.884514 	62.769421 	60.745369 	61.057350 	62.265560 	59.682495 	58.830265 	57.688820 	70.936592 	56.302753 	59.481091 	55.470715 	61.098282 	46.690472 	53.712196 	44.687805 	42.801868 	54.589375 	48.052055 	37.576588 	31.827662 	33.120991 	64.007812 	37.107952 	50.009998 	52.000000 	30.265491 	23.769728 	21.400934 	21.095022 	36.055511 	21.189621 	17.804493 	18.357559 	17.029387 	59.439045 	
85.912750 	999.000000 	5.000000 	21.954498 	14.000000 	24.413111 	22.847319 	27.459061 	27.294687 	26.400757 	28.231188 	18.439089 	33.105892 	22.671568 	33.060551 	25.632011 	34.014702 	33.241539 	34.132095 	35.014282 	35.227829 	35.355339 	34.713108 	41.484936 	35.902645 	39.051247 	40.447498 	44.045429 	39.962482 	44.407207 	41.231056 	43.185646 	58.008621 	48.846699 	54.230988 	54.203320 	53.758720 	54.037025 	54.918121 	65.192024 	66.068146 	62.425957 	63.655323 	64.536812 	65.115280 	70.604530 	66.483078 	68.117546 	67.941154 	69.202599 	68.468971 	
82.134033 	5.000000 	999.000000 	17.804493 	9.000000 	20.518284 	18.357559 	23.430750 	23.021729 	21.954498 	23.706539 	20.124611 	28.653097 	19.209373 	28.071337 	24.331051 	29.017237 	28.284271 	29.154760 	30.016663 	30.265491 	30.413813 	29.832869 	36.687874 	31.048349 	34.058773 	35.510563 	39.051247 	35.805027 	39.458839 	37.483330 	39.623226 	53.009434 	47.127487 	49.658836 	50.328918 	50.447994 	54.083271 	52.354561 	60.207973 	61.073727 	59.682495 	60.307545 	60.827625 	61.522354 	65.802734 	63.126858 	64.381676 	64.350601 	65.299309 	68.066147 	
81.024689 	21.954498 	17.804493 	999.000000 	12.083046 	3.162278 	2.828427 	5.656854 	5.385165 	5.000000 	7.000000 	37.013512 	11.401754 	26.076809 	19.104973 	36.400551 	19.209373 	20.518284 	20.518284 	20.000000 	21.931713 	22.627417 	23.430750 	21.000000 	24.839485 	23.853722 	27.018513 	26.570660 	35.341194 	30.232433 	39.217342 	42.059483 	40.804413 	56.000000 	44.553337 	50.119858 	53.141319 	67.186310 	58.051701 	48.703182 	49.040798 	64.288414 	62.241467 	60.901562 	62.177166 	57.454330 	64.884514 	64.140472 	64.884514 	64.070274 	79.762146 	
75.690155 	14.000000 	9.000000 	12.083046 	999.000000 	15.231546 	11.401754 	17.492855 	16.401220 	14.866069 	16.278820 	25.455845 	21.260292 	15.297058 	19.104973 	24.515301 	20.024984 	19.416489 	20.223749 	21.023796 	21.377558 	21.587032 	21.189621 	28.231188 	22.472204 	25.079872 	26.683329 	30.066593 	29.000000 	30.594116 	31.622776 	34.132095 	44.011364 	45.276924 	41.677334 	43.931767 	45.276924 	55.317268 	48.703182 	51.244511 	52.086468 	55.542778 	54.918121 	54.671749 	55.605755 	57.245087 	57.688820 	58.137768 	58.412327 	58.694122 	68.264191 	
82.927681 	24.413111 	20.518284 	3.162278 	15.231546 	999.000000 	5.099020 	3.162278 	4.123106 	5.000000 	6.708204 	40.000000 	10.000000 	29.154760 	20.615528 	39.560081 	20.518284 	22.203604 	22.022715 	21.213203 	23.430750 	24.207438 	25.238859 	20.223749 	26.627054 	24.839485 	28.284271 	26.832815 	37.696156 	31.240999 	41.761227 	44.643028 	40.853397 	59.008472 	46.097721 	52.325901 	55.659679 	70.342018 	60.827625 	48.846699 	49.040798 	66.940269 	64.621979 	63.063461 	64.404968 	58.249462 	67.230942 	66.241982 	67.082039 	66.037865 	82.873398 	
78.236816 	22.847319 	18.357559 	2.828427 	11.401754 	5.099020 	999.000000 	6.324555 	5.000000 	3.605551 	5.385165 	36.796738 	10.295630 	24.331051 	16.278820 	35.114101 	16.401220 	17.691807 	17.691807 	17.204651 	19.104973 	19.798990 	20.615528 	19.104973 	22.022715 	21.095022 	24.207438 	24.041630 	32.695564 	27.459061 	36.687874 	39.560081 	38.327538 	54.037025 	41.725292 	47.413078 	50.596443 	65.802734 	55.731499 	46.173584 	46.572525 	61.846584 	59.615433 	58.180752 	59.481091 	54.708317 	62.241467 	61.400326 	62.177166 	61.294373 	78.089691 	
82.152298 	27.459061 	23.430750 	5.656854 	17.492855 	3.162278 	6.324555 	999.000000 	2.236068 	4.123106 	5.000000 	42.638012 	7.071068 	30.594116 	19.723083 	41.436699 	19.416489 	21.470911 	21.095022 	20.000000 	22.472204 	23.323807 	24.596748 	17.464249 	25.942244 	23.345236 	27.018513 	24.698177 	37.643059 	29.698484 	41.976185 	44.911022 	38.483765 	60.133186 	45.000000 	52.000000 	55.785301 	72.124893 	61.400326 	46.518814 	46.615448 	67.268120 	64.513565 	62.649822 	64.078079 	56.400356 	67.067131 	65.741920 	66.708321 	65.368187 	84.344528 	
79.924965 	27.294687 	23.021729 	5.385165 	16.401220 	4.123106 	5.000000 	2.236068 	999.000000 	2.000000 	2.828427 	41.773197 	6.082763 	28.861740 	17.492855 	39.924931 	17.204651 	19.235384 	18.867962 	17.804493 	20.248457 	21.095022 	22.360680 	16.124516 	23.706539 	21.213203 	24.839485 	22.825424 	35.440090 	27.586229 	39.812057 	42.755116 	36.769554 	58.215118 	42.801868 	49.769470 	53.600372 	70.519501 	59.304298 	44.777225 	44.944408 	65.115280 	62.297672 	60.415230 	61.846584 	54.405884 	64.845970 	63.505905 	64.474800 	63.134777 	82.565125 	
78.230431 	26.400757 	21.954498 	5.000000 	14.866069 	5.000000 	3.605551 	4.123106 	2.000000 	999.000000 	2.000000 	40.311287 	6.708204 	26.925823 	15.811388 	38.078865 	15.620500 	17.492855 	17.204651 	16.278820 	18.601076 	19.416489 	20.591261 	16.000000 	21.954498 	19.849434 	23.345236 	21.931713 	33.526108 	26.248810 	37.854988 	40.792156 	36.055511 	56.222771 	41.231056 	47.927029 	51.662365 	68.622154 	57.314919 	44.011364 	44.271889 	63.150612 	60.406952 	58.600342 	60.008331 	53.254108 	62.968246 	61.717098 	62.649822 	61.400326 	80.603973 	
77.175125 	28.231188 	23.706539 	7.000000 	16.278820 	6.708204 	5.385165 	5.000000 	2.828427 	2.000000 	999.000000 	41.725292 	5.000000 	27.513634 	14.764823 	38.910152 	14.422205 	16.552946 	16.124516 	15.000000 	17.492855 	18.357559 	19.697716 	14.000000 	21.023796 	18.384777 	22.022715 	20.124611 	32.984844 	24.758837 	37.483330 	40.447498 	34.176014 	56.435802 	40.000000 	47.169907 	51.195702 	69.289246 	57.140179 	42.154476 	42.379242 	62.801273 	59.774578 	57.775429 	59.236813 	51.613953 	62.297672 	60.835846 	61.846584 	60.415230 	81.024689 	
79.177017 	18.439089 	20.124611 	37.013512 	25.455845 	40.000000 	36.796738 	42.638012 	41.773197 	40.311287 	41.725292 	999.000000 	46.690472 	21.213203 	40.311287 	14.317822 	41.629318 	39.560081 	40.853397 	42.544094 	41.436699 	41.109608 	39.560081 	52.697250 	40.261642 	45.880280 	45.607018 	52.000000 	38.118237 	49.477268 	36.878178 	37.643059 	64.288414 	35.468296 	54.083271 	49.335587 	46.065170 	36.496574 	44.045429 	70.213959 	71.589104 	51.855568 	55.569775 	58.180752 	58.137768 	72.006943 	58.309521 	61.741398 	60.827625 	63.694584 	51.419842 	
77.826729 	33.105892 	28.653097 	11.401754 	21.260292 	10.000000 	10.295630 	7.071068 	6.082763 	6.708204 	5.000000 	46.690472 	999.000000 	31.780497 	16.278820 	43.416588 	15.524175 	18.248287 	17.464249 	15.811388 	18.681541 	19.646883 	21.377558 	10.440307 	22.561028 	18.357559 	22.360680 	18.439089 	35.227829 	24.413111 	40.049969 	43.046486 	31.764761 	60.016663 	40.311287 	48.764740 	53.460266 	73.539108 	60.000000 	39.824615 	39.812057 	65.276337 	61.611687 	59.135437 	60.728905 	50.328918 	64.031242 	62.032249 	63.245552 	61.326992 	84.899940 	
63.253460 	22.671568 	19.209373 	26.076809 	15.297058 	29.154760 	24.331051 	30.594116 	28.861740 	26.925823 	27.513634 	21.213203 	31.780497 	999.000000 	20.615528 	12.041595 	22.022715 	19.416489 	20.808653 	22.803509 	21.095022 	20.591261 	18.788294 	34.713108 	19.313208 	25.553865 	24.698177 	31.906113 	18.027756 	28.460499 	18.601076 	20.518284 	43.324360 	30.066593 	33.541019 	31.622776 	31.240999 	41.785164 	33.615471 	49.030602 	50.447994 	40.706264 	41.109608 	41.868843 	42.449970 	51.156624 	43.931767 	45.453274 	45.276924 	46.615448 	53.758720 	
62.433964 	33.060551 	28.071337 	19.104973 	19.104973 	20.615528 	16.278820 	19.723083 	17.492855 	15.811388 	14.764823 	40.311287 	16.278820 	20.615528 	999.000000 	32.557640 	1.414214 	2.000000 	1.414214 	2.236068 	2.828427 	3.605551 	5.099020 	14.764823 	6.324555 	6.000000 	8.062258 	11.704700 	19.026299 	11.704700 	24.020824 	27.018513 	25.019993 	45.221676 	25.495098 	32.572994 	37.215588 	60.539242 	44.102154 	32.140316 	33.015148 	49.091751 	45.354160 	43.081318 	44.598206 	38.910152 	47.801674 	46.097721 	47.169907 	45.650848 	70.576202 	
64.884514 	25.632011 	24.331051 	36.400551 	24.515301 	39.560081 	35.114101 	41.436699 	39.924931 	38.078865 	38.910152 	14.317822 	43.416588 	12.041595 	32.557640 	999.000000 	33.970577 	31.240999 	32.649654 	34.713108 	32.802441 	32.202484 	30.232433 	46.754681 	30.528675 	37.202152 	35.846897 	43.600460 	25.179358 	39.357338 	23.086792 	23.537205 	54.129475 	23.259407 	41.109608 	35.171009 	31.764761 	30.805843 	30.413813 	59.135437 	60.745369 	38.183765 	41.340054 	43.863426 	43.829212 	59.211487 	44.102154 	47.423622 	46.529560 	49.396355 	44.011364 	
62.769421 	34.014702 	29.017237 	19.209373 	20.024984 	20.518284 	16.401220 	19.416489 	17.204651 	15.620500 	14.422205 	41.629318 	15.524175 	22.022715 	1.414214 	33.970577 	999.000000 	3.162278 	2.000000 	1.000000 	3.162278 	4.123106 	6.000000 	13.416408 	7.071068 	5.099020 	7.810250 	10.440307 	20.000000 	11.180340 	25.079872 	28.071337 	24.000000 	46.486557 	25.612497 	33.241539 	38.118237 	61.911228 	45.177429 	31.257000 	32.062439 	50.039986 	46.097721 	43.657761 	45.221676 	38.470768 	48.507732 	46.615448 	47.759815 	46.065170 	71.867935 	
60.745369 	33.241539 	28.284271 	20.518284 	19.416489 	22.203604 	17.691807 	21.470911 	19.235384 	17.492855 	16.552946 	39.560081 	18.248287 	19.416489 	2.000000 	31.240999 	3.162278 	999.000000 	1.414214 	3.605551 	2.000000 	2.236068 	3.162278 	16.552946 	4.472136 	6.324555 	7.280110 	12.529964 	17.029387 	11.180340 	22.022715 	25.019993 	25.179358 	43.324360 	24.041630 	30.675724 	35.227829 	58.830265 	42.107006 	32.015621 	33.015148 	47.095646 	43.416588 	41.231056 	42.720020 	38.078865 	45.880280 	44.283180 	45.310043 	43.908997 	68.709534 	
61.057350 	34.132095 	29.154760 	20.518284 	20.223749 	22.022715 	17.691807 	21.095022 	18.867962 	17.204651 	16.124516 	40.853397 	17.464249 	20.808653 	1.414214 	32.649654 	2.000000 	1.414214 	999.000000 	2.236068 	1.414214 	2.236068 	4.000000 	15.231546 	5.099020 	5.099020 	6.708204 	11.180340 	18.000000 	10.440307 	23.086792 	26.076809 	24.083189 	44.598206 	24.083189 	31.320919 	36.124783 	60.207973 	43.185646 	31.064449 	32.000000 	48.041649 	44.147480 	41.785164 	43.324360 	37.576588 	46.572525 	44.777225 	45.880280 	44.294468 	70.007141 	
62.265560 	35.014282 	30.016663 	20.000000 	21.023796 	21.213203 	17.204651 	20.000000 	17.804493 	16.278820 	15.000000 	42.544094 	15.811388 	22.803509 	2.236068 	34.713108 	1.000000 	3.605551 	2.236068 	999.000000 	3.000000 	4.000000 	6.082763 	13.000000 	7.000000 	4.123106 	7.071068 	9.486833 	20.024984 	10.295630 	25.179358 	28.160255 	23.000000 	46.818798 	25.000000 	32.984844 	38.052597 	62.433964 	45.276924 	30.265491 	31.064449 	50.009998 	45.891174 	43.324360 	44.922153 	37.589893 	48.270073 	46.238514 	47.434166 	45.617977 	72.235725 	
59.682495 	35.227829 	30.265491 	21.931713 	21.377558 	23.430750 	19.104973 	22.472204 	20.248457 	18.601076 	17.492855 	41.436699 	18.681541 	21.095022 	2.828427 	32.802441 	3.162278 	2.000000 	1.414214 	3.000000 	999.000000 	1.000000 	3.162278 	15.811388 	4.000000 	4.472136 	5.385165 	10.816654 	17.029387 	9.219544 	22.203604 	25.179358 	23.194826 	44.011364 	22.671568 	30.083218 	35.057095 	59.908264 	42.296574 	30.016663 	31.016125 	47.010635 	42.953465 	40.496914 	42.059483 	36.249138 	45.354160 	43.462627 	44.598206 	42.941822 	69.462219 	
58.830265 	35.355339 	30.413813 	22.627417 	21.587032 	24.207438 	19.798990 	23.323807 	21.095022 	19.416489 	18.357559 	41.109608 	19.646883 	20.591261 	3.605551 	32.202484 	4.123106 	2.236068 	2.236068 	4.000000 	1.000000 	999.000000 	2.236068 	16.763054 	3.000000 	5.000000 	5.099020 	11.401754 	16.031219 	9.055386 	21.213203 	24.186773 	23.345236 	43.081318 	21.931713 	29.120440 	34.058773 	59.076221 	41.303753 	30.000000 	31.064449 	46.010868 	41.976185 	39.560081 	41.109608 	35.846897 	44.384682 	42.544094 	43.657761 	42.059483 	68.541962 	
57.688820 	34.713108 	29.832869 	23.430750 	21.189621 	25.238859 	20.615528 	24.596748 	22.360680 	20.591261 	19.697716 	39.560081 	21.377558 	18.788294 	5.099020 	30.232433 	6.000000 	3.162278 	4.000000 	6.082763 	3.162278 	2.236068 	999.000000 	18.973665 	1.414214 	7.071068 	6.082763 	13.453624 	14.000000 	10.049875 	19.104973 	22.090721 	24.738634 	40.853397 	21.260292 	27.513634 	32.140316 	56.859474 	39.204590 	31.064449 	32.249031 	44.045429 	40.261642 	38.078865 	39.560081 	36.055511 	42.720020 	41.146080 	42.154476 	40.816662 	66.309875 	
70.936592 	41.484936 	36.687874 	21.000000 	28.231188 	20.223749 	19.104973 	17.464249 	16.124516 	16.000000 	14.000000 	52.697250 	10.440307 	34.713108 	14.764823 	46.754681 	13.416408 	16.552946 	15.231546 	13.000000 	15.811388 	16.763054 	18.973665 	999.000000 	19.646883 	13.038404 	17.000000 	9.848858 	32.557640 	17.464249 	37.854988 	40.792156 	21.633308 	59.808025 	33.526108 	44.102154 	50.089920 	75.292763 	57.870544 	29.681644 	29.529646 	62.128899 	57.140179 	53.758720 	55.578773 	41.036568 	59.304298 	56.293873 	57.870544 	55.081757 	85.234970 	
56.302753 	35.902645 	31.048349 	24.839485 	22.472204 	26.627054 	22.022715 	25.942244 	23.706539 	21.954498 	21.023796 	40.261642 	22.561028 	19.313208 	6.324555 	30.528675 	7.071068 	4.472136 	5.099020 	7.000000 	4.000000 	3.000000 	1.414214 	19.646883 	999.000000 	7.211102 	5.385165 	13.453624 	13.038404 	9.219544 	18.248287 	21.213203 	24.041630 	40.311287 	19.849434 	26.248810 	31.064449 	56.612720 	38.327538 	30.149628 	31.400637 	43.011627 	39.051247 	36.769554 	38.275318 	34.785053 	41.484936 	39.812057 	40.853397 	39.446167 	65.795135 	
59.481091 	39.051247 	34.058773 	23.853722 	25.079872 	24.839485 	21.095022 	23.345236 	21.213203 	19.849434 	18.384777 	45.880280 	18.357559 	25.553865 	6.000000 	37.202152 	5.099020 	6.324555 	5.099020 	4.123106 	4.472136 	5.000000 	7.071068 	13.038404 	7.211102 	999.000000 	4.123106 	6.403124 	19.646883 	6.403124 	25.000000 	27.892651 	19.026299 	47.423622 	21.954498 	31.257000 	37.054016 	63.820061 	44.911022 	26.172504 	27.018513 	49.091751 	44.283180 	41.231056 	42.953465 	33.615471 	46.529560 	43.965897 	45.354160 	43.081318 	72.917763 	
55.470715 	40.447498 	35.510563 	27.018513 	26.683329 	28.284271 	24.207438 	27.018513 	24.839485 	23.345236 	22.022715 	45.607018 	22.360680 	24.698177 	8.062258 	35.846897 	7.810250 	7.280110 	6.708204 	7.071068 	5.385165 	5.099020 	6.082763 	17.000000 	5.385165 	4.123106 	999.000000 	8.944272 	16.155495 	4.000000 	21.540659 	24.351591 	18.681541 	44.294468 	18.027756 	27.166155 	33.136082 	61.220913 	41.231056 	25.019993 	26.172504 	45.177429 	40.199501 	37.107952 	38.832977 	30.870699 	42.426407 	39.849716 	41.231056 	39.000000 	69.771057 	
61.098282 	44.045429 	39.051247 	26.570660 	30.066593 	26.832815 	24.041630 	24.698177 	22.825424 	21.931713 	20.124611 	52.000000 	18.439089 	31.906113 	11.704700 	43.600460 	10.440307 	12.529964 	11.180340 	9.486833 	10.816654 	11.401754 	13.453624 	9.848858 	13.453624 	6.403124 	8.944272 	999.000000 	25.079872 	8.000000 	30.463093 	33.241539 	14.317822 	53.235325 	23.769728 	35.014282 	41.593269 	70.000000 	50.000000 	22.135944 	22.561028 	53.600372 	48.000000 	44.283180 	46.173584 	31.890438 	50.039986 	46.690472 	48.373547 	45.354160 	78.714676 	
46.690472 	39.962482 	35.805027 	35.341194 	29.000000 	37.696156 	32.695564 	37.643059 	35.440090 	33.526108 	32.984844 	38.118237 	35.227829 	18.027756 	19.026299 	25.179358 	20.000000 	17.029387 	18.000000 	20.024984 	17.029387 	16.031219 	14.000000 	32.557640 	13.038404 	19.646883 	16.155495 	25.079872 	999.000000 	18.027756 	5.385165 	8.246211 	31.240999 	28.301943 	16.000000 	15.000000 	18.248287 	45.967381 	25.317978 	34.885529 	36.715118 	30.066593 	26.925823 	25.806976 	26.925823 	34.058773 	29.546574 	29.206163 	29.681644 	29.698484 	53.712196 	
53.712196 	44.407207 	39.458839 	30.232433 	30.594116 	31.240999 	27.459061 	29.698484 	27.586229 	26.248810 	24.758837 	49.477268 	24.413111 	28.460499 	11.704700 	39.357338 	11.180340 	11.180340 	10.440307 	10.295630 	9.219544 	9.055386 	10.049875 	17.464249 	9.219544 	6.403124 	4.000000 	8.000000 	18.027756 	999.000000 	23.323807 	25.942244 	14.866069 	46.324940 	16.155495 	27.018513 	33.734257 	63.780876 	42.379242 	21.023796 	22.203604 	45.705578 	40.000000 	36.345562 	38.209946 	27.294687 	42.047592 	38.832977 	40.447498 	37.643059 	71.693794 	
44.687805 	41.231056 	37.483330 	39.217342 	31.622776 	41.761227 	36.687874 	41.976185 	39.812057 	37.854988 	37.483330 	36.878178 	40.049969 	18.601076 	24.020824 	23.086792 	25.079872 	22.022715 	23.086792 	25.179358 	22.203604 	21.213203 	19.104973 	37.854988 	18.248287 	25.000000 	21.540659 	30.463093 	5.385165 	23.323807 	999.000000 	3.000000 	36.069378 	23.021729 	18.681541 	13.038404 	13.928389 	41.036568 	20.099751 	39.115215 	41.048752 	25.317978 	23.323807 	23.345236 	24.083189 	36.674240 	26.076809 	26.907248 	26.907248 	28.017851 	48.373547 	
42.801868 	43.185646 	39.623226 	42.059483 	34.132095 	44.643028 	39.560081 	44.911022 	42.755116 	40.792156 	40.447498 	37.643059 	43.046486 	20.518284 	27.018513 	23.537205 	28.071337 	25.019993 	26.076809 	28.160255 	25.179358 	24.186773 	22.090721 	40.792156 	21.213203 	27.892651 	24.351591 	33.241539 	8.246211 	25.942244 	3.000000 	999.000000 	38.209946 	20.615528 	19.697716 	11.704700 	11.180340 	39.051247 	17.117243 	40.804413 	42.801868 	22.360680 	20.808653 	21.400934 	21.931713 	37.363083 	23.600847 	25.000000 	24.758837 	26.419689 	45.793011 	
54.589375 	58.008621 	53.009434 	40.804413 	44.011364 	40.853397 	38.327538 	38.483765 	36.769554 	36.055511 	34.176014 	64.288414 	31.764761 	43.324360 	25.019993 	54.129475 	24.000000 	25.179358 	24.083189 	23.000000 	23.194826 	23.345236 	24.738634 	21.633308 	24.041630 	19.026299 	18.681541 	14.317822 	31.240999 	14.866069 	36.069378 	38.209946 	999.000000 	58.796257 	21.540659 	35.341194 	43.416588 	77.103828 	53.000000 	8.062258 	8.246211 	54.625999 	47.127487 	41.976185 	44.147480 	20.591261 	48.507732 	43.416588 	45.705578 	41.109608 	83.600243 	
48.052055 	48.846699 	47.127487 	56.000000 	45.276924 	59.008472 	54.037025 	60.133186 	58.215118 	56.222771 	56.435802 	35.468296 	60.016663 	30.066593 	45.221676 	23.259407 	46.486557 	43.324360 	44.598206 	46.818798 	44.011364 	43.081318 	40.853397 	59.808025 	40.311287 	47.423622 	44.294468 	53.235325 	28.301943 	46.324940 	23.021729 	20.615528 	58.796257 	999.000000 	39.204590 	26.832815 	18.973665 	19.235384 	11.045361 	60.959003 	63.031738 	18.027756 	25.019993 	30.149628 	29.017237 	55.470715 	27.166155 	33.015148 	31.016125 	36.124783 	25.495098 	
37.576588 	54.230988 	49.658836 	44.553337 	41.677334 	46.097721 	41.725292 	45.000000 	42.801868 	41.231056 	40.000000 	54.083271 	40.311287 	33.541019 	25.495098 	41.109608 	25.612497 	24.041630 	24.083189 	25.000000 	22.671568 	21.931713 	21.260292 	33.526108 	19.849434 	21.954498 	18.027756 	23.769728 	16.000000 	16.155495 	18.681541 	19.697716 	21.540659 	39.204590 	999.000000 	13.892444 	22.203604 	58.249462 	32.015621 	21.931713 	24.083189 	33.105892 	25.709921 	21.023796 	23.086792 	18.110771 	27.294687 	23.086792 	25.000000 	21.587032 	63.031738 	
31.827662 	54.203320 	50.328918 	50.119858 	43.931767 	52.325901 	47.413078 	52.000000 	49.769470 	47.927029 	47.169907 	49.335587 	48.764740 	31.622776 	32.572994 	35.171009 	33.241539 	30.675724 	31.320919 	32.984844 	30.083218 	29.120440 	27.513634 	44.102154 	26.248810 	31.257000 	27.166155 	35.014282 	15.000000 	27.018513 	13.038404 	11.704700 	35.341194 	26.832815 	13.892444 	999.000000 	8.485281 	46.065170 	18.384777 	35.608986 	37.802116 	19.313208 	13.038404 	10.816654 	12.083046 	28.653097 	15.297058 	14.212670 	14.764823 	15.000000 	49.497475 	
33.120991 	53.758720 	50.447994 	53.141319 	45.276924 	55.659679 	50.596443 	55.785301 	53.600372 	51.662365 	51.195702 	46.065170 	53.460266 	31.240999 	37.215588 	31.764761 	38.118237 	35.227829 	36.124783 	38.052597 	35.057095 	34.058773 	32.140316 	50.089920 	31.064449 	37.054016 	33.136082 	41.593269 	18.248287 	33.734257 	13.928389 	11.180340 	43.416588 	18.973665 	22.203604 	8.485281 	999.000000 	38.078865 	9.899495 	44.045429 	46.227695 	12.041595 	9.899495 	12.369317 	12.083046 	36.891735 	12.727922 	15.811388 	14.764823 	18.248287 	41.012192 	
64.007812 	54.037025 	54.083271 	67.186310 	55.317268 	70.342018 	65.802734 	72.124893 	70.519501 	68.622154 	69.289246 	36.496574 	73.539108 	41.785164 	60.539242 	30.805843 	61.911228 	58.830265 	60.207973 	62.433964 	59.908264 	59.076221 	56.859474 	75.292763 	56.612720 	63.820061 	61.220913 	70.000000 	45.967381 	63.780876 	41.036568 	39.051247 	77.103828 	19.235384 	58.249462 	46.065170 	38.078865 	999.000000 	29.120440 	79.812279 	81.835197 	34.132095 	42.755116 	48.507732 	47.074409 	74.706093 	44.407207 	50.990196 	48.662102 	54.341511 	15.231546 	
37.107952 	54.918121 	52.354561 	58.051701 	48.703182 	60.827625 	55.731499 	61.400326 	59.304298 	57.314919 	57.140179 	44.045429 	60.000000 	33.615471 	44.102154 	30.413813 	45.177429 	42.107006 	43.185646 	45.276924 	42.296574 	41.303753 	39.204590 	57.870544 	38.327538 	44.911022 	41.231056 	50.000000 	25.317978 	42.379242 	20.099751 	17.117243 	53.000000 	11.045361 	32.015621 	18.384777 	9.899495 	29.120440 	999.000000 	53.907330 	56.080299 	7.810250 	14.000000 	19.416489 	18.110771 	46.615448 	16.124516 	22.090721 	20.000000 	25.317978 	31.112698 	
50.009998 	65.192024 	60.207973 	48.703182 	51.244511 	48.846699 	46.173584 	46.518814 	44.777225 	44.011364 	42.154476 	70.213959 	39.824615 	49.030602 	32.140316 	59.135437 	31.257000 	32.015621 	31.064449 	30.265491 	30.016663 	30.000000 	31.064449 	29.681644 	30.149628 	26.172504 	25.019993 	22.135944 	34.885529 	21.023796 	39.115215 	40.804413 	8.062258 	60.959003 	21.931713 	35.608986 	44.045429 	79.812279 	53.907330 	999.000000 	2.236068 	54.378304 	46.065170 	40.311287 	42.544094 	14.317822 	47.010635 	41.109608 	43.657761 	38.327538 	84.958817 	
52.000000 	66.068146 	61.073727 	49.040798 	52.086468 	49.040798 	46.572525 	46.615448 	44.944408 	44.271889 	42.379242 	71.589104 	39.812057 	50.447994 	33.015148 	60.745369 	32.062439 	33.015148 	32.000000 	31.064449 	31.016125 	31.064449 	32.249031 	29.529646 	31.400637 	27.018513 	26.172504 	22.561028 	36.715118 	22.203604 	41.048752 	42.801868 	8.246211 	63.031738 	24.083189 	37.802116 	46.227695 	81.835197 	56.080299 	2.236068 	999.000000 	56.603886 	48.301140 	42.544094 	44.777225 	16.124516 	49.244289 	43.324360 	45.880280 	40.521599 	87.114868 	
30.265491 	62.425957 	59.682495 	64.288414 	55.542778 	66.940269 	61.846584 	67.268120 	65.115280 	63.150612 	62.801273 	51.855568 	65.276337 	40.706264 	49.091751 	38.183765 	50.039986 	47.095646 	48.041649 	50.009998 	47.010635 	46.010868 	44.045429 	62.128899 	43.011627 	49.091751 	45.177429 	53.600372 	30.066593 	45.705578 	25.317978 	22.360680 	54.625999 	18.027756 	33.105892 	19.313208 	12.041595 	34.132095 	7.810250 	54.378304 	56.603886 	999.000000 	9.433981 	15.811388 	13.892444 	45.254833 	10.440307 	17.464249 	14.866069 	21.023796 	32.756680 	
23.769728 	63.655323 	60.307545 	62.241467 	54.918121 	64.621979 	59.615433 	64.513565 	62.297672 	60.406952 	59.774578 	55.569775 	61.611687 	41.109608 	45.354160 	41.340054 	46.097721 	43.416588 	44.147480 	45.891174 	42.953465 	41.976185 	40.261642 	57.140179 	39.051247 	44.283180 	40.199501 	48.000000 	26.925823 	40.000000 	23.323807 	20.808653 	47.127487 	25.019993 	25.709921 	13.038404 	9.899495 	42.755116 	14.000000 	46.065170 	48.301140 	9.433981 	999.000000 	6.403124 	4.472136 	36.124783 	2.828427 	8.246211 	6.000000 	11.704700 	42.190044 	
21.400934 	64.536812 	60.827625 	60.901562 	54.671749 	63.063461 	58.180752 	62.649822 	60.415230 	58.600342 	57.775429 	58.180752 	59.135437 	41.868843 	43.081318 	43.863426 	43.657761 	41.231056 	41.785164 	43.324360 	40.496914 	39.560081 	38.078865 	53.758720 	36.769554 	41.231056 	37.107952 	44.283180 	25.806976 	36.345562 	23.345236 	21.400934 	41.976185 	30.149628 	21.023796 	10.816654 	12.369317 	48.507732 	19.416489 	40.311287 	42.544094 	15.811388 	6.403124 	999.000000 	2.236068 	29.832869 	6.708204 	3.605551 	4.123106 	6.000000 	48.548943 	
21.095022 	65.115280 	61.522354 	62.177166 	55.605755 	64.404968 	59.481091 	64.078079 	61.846584 	60.008331 	59.236813 	58.137768 	60.728905 	42.449970 	44.598206 	43.829212 	45.221676 	42.720020 	43.324360 	44.922153 	42.059483 	41.109608 	39.560081 	55.578773 	38.275318 	42.953465 	38.832977 	46.173584 	26.925823 	38.209946 	24.083189 	21.931713 	44.147480 	29.017237 	23.086792 	12.083046 	12.083046 	47.074409 	18.110771 	42.544094 	44.777225 	13.892444 	4.472136 	2.236068 	999.000000 	32.015621 	4.472136 	4.000000 	2.828427 	7.280110 	46.647614 	
36.055511 	70.604530 	65.802734 	57.454330 	57.245087 	58.249462 	54.708317 	56.400356 	54.405884 	53.254108 	51.613953 	72.006943 	50.328918 	51.156624 	38.910152 	59.211487 	38.470768 	38.078865 	37.576588 	37.589893 	36.249138 	35.846897 	36.055511 	41.036568 	34.785053 	33.615471 	30.870699 	31.890438 	34.058773 	27.294687 	36.674240 	37.363083 	20.591261 	55.470715 	18.110771 	28.653097 	36.891735 	74.706093 	46.615448 	14.317822 	16.124516 	45.254833 	36.124783 	29.832869 	32.015621 	999.000000 	36.400551 	29.681644 	32.449963 	26.419689 	77.466118 	
21.189621 	66.483078 	63.126858 	64.884514 	57.688820 	67.230942 	62.241467 	67.067131 	64.845970 	62.968246 	62.297672 	58.309521 	64.031242 	43.931767 	47.801674 	44.102154 	48.507732 	45.880280 	46.572525 	48.270073 	45.354160 	44.384682 	42.720020 	59.304298 	41.484936 	46.529560 	42.426407 	50.039986 	29.546574 	42.047592 	26.076809 	23.600847 	48.507732 	27.166155 	27.294687 	15.297058 	12.727922 	44.407207 	16.124516 	47.010635 	49.244289 	10.440307 	2.828427 	6.708204 	4.472136 	36.400551 	999.000000 	7.211102 	4.472136 	10.816654 	42.941822 	
17.804493 	68.117546 	64.381676 	64.140472 	58.137768 	66.241982 	61.400326 	65.741920 	63.505905 	61.717098 	60.835846 	61.741398 	62.032249 	45.453274 	46.097721 	47.423622 	46.615448 	44.283180 	44.777225 	46.238514 	43.462627 	42.544094 	41.146080 	56.293873 	39.812057 	43.965897 	39.849716 	46.690472 	29.206163 	38.832977 	26.907248 	25.000000 	43.416588 	33.015148 	23.086792 	14.212670 	15.811388 	50.990196 	22.090721 	41.109608 	43.324360 	17.464249 	8.246211 	3.605551 	4.000000 	29.681644 	7.211102 	999.000000 	2.828427 	3.605551 	50.119858 	
18.357559 	67.941154 	64.350601 	64.884514 	58.412327 	67.082039 	62.177166 	66.708321 	64.474800 	62.649822 	61.846584 	60.827625 	63.245552 	45.276924 	47.169907 	46.529560 	47.759815 	45.310043 	45.880280 	47.434166 	44.598206 	43.657761 	42.154476 	57.870544 	40.853397 	45.354160 	41.231056 	48.373547 	29.681644 	40.447498 	26.907248 	24.758837 	45.705578 	31.016125 	25.000000 	14.764823 	14.764823 	48.662102 	20.000000 	43.657761 	45.880280 	14.866069 	6.000000 	4.123106 	2.828427 	32.449963 	4.472136 	2.828427 	999.000000 	6.403124 	47.413078 	
17.029387 	69.202599 	65.299309 	64.070274 	58.694122 	66.037865 	61.294373 	65.368187 	63.134777 	61.400326 	60.415230 	63.694584 	61.326992 	46.615448 	45.650848 	49.396355 	46.065170 	43.908997 	44.294468 	45.617977 	42.941822 	42.059483 	40.816662 	55.081757 	39.446167 	43.081318 	39.000000 	45.354160 	29.698484 	37.643059 	28.017851 	26.419689 	41.109608 	36.124783 	21.587032 	15.000000 	18.248287 	54.341511 	25.317978 	38.327538 	40.521599 	21.023796 	11.704700 	6.000000 	7.280110 	26.419689 	10.816654 	3.605551 	6.403124 	999.000000 	53.712196 	
59.439045 	68.468971 	68.066147 	79.762146 	68.264191 	82.873398 	78.089691 	84.344528 	82.565125 	80.603973 	81.024689 	51.419842 	84.899940 	53.758720 	70.576202 	44.011364 	71.867935 	68.709534 	70.007141 	72.235725 	69.462219 	68.541962 	66.309875 	85.234970 	65.795135 	72.917763 	69.771057 	78.714676 	53.712196 	71.693794 	48.373547 	45.793011 	83.600243 	25.495098 	63.031738 	49.497475 	41.012192 	15.231546 	31.112698 	84.958817 	87.114868 	32.756680 	42.190044 	48.548943 	46.647614 	77.466118 	42.941822 	50.119858 	47.413078 	53.712196 	999.000000 	

Travel time:
0.000000 	2.147819 	2.053351 	2.025617 	1.892254 	2.073192 	1.955920 	2.053807 	1.998124 	1.955761 	1.929378 	1.979425 	1.945668 	1.581336 	1.560849 	1.622113 	1.569236 	1.518634 	1.526434 	1.556639 	1.492062 	1.470757 	1.442220 	1.773415 	1.407569 	1.487027 	1.386768 	1.527457 	1.167262 	1.342805 	1.117195 	1.070047 	1.364734 	1.201301 	0.939415 	0.795692 	0.828025 	1.600195 	0.927699 	1.250250 	1.300000 	0.756637 	0.594243 	0.535023 	0.527376 	0.901388 	0.529741 	0.445112 	0.458939 	0.425735 	1.485976 	
0.000000 	9.000000 	0.125000 	0.548862 	0.350000 	0.610328 	0.571183 	0.686477 	0.682367 	0.660019 	0.705780 	0.460977 	0.827647 	0.566789 	0.826514 	0.640800 	0.850368 	0.831038 	0.853302 	0.875357 	0.880696 	0.883883 	0.867828 	1.037123 	0.897566 	0.976281 	1.011187 	1.101136 	0.999062 	1.110180 	1.030776 	1.079641 	1.450216 	1.221167 	1.355775 	1.355083 	1.343968 	1.350926 	1.372953 	1.629801 	1.651704 	1.560649 	1.591383 	1.613420 	1.627882 	1.765113 	1.662077 	1.702939 	1.698529 	1.730065 	1.711724 	
0.000000 	0.125000 	9.000000 	0.445112 	0.225000 	0.512957 	0.458939 	0.585769 	0.575543 	0.548862 	0.592663 	0.503115 	0.716327 	0.480234 	0.701783 	0.608276 	0.725431 	0.707107 	0.728869 	0.750417 	0.756637 	0.760345 	0.745822 	0.917197 	0.776209 	0.851469 	0.887764 	0.976281 	0.895126 	0.986471 	0.937083 	0.990581 	1.325236 	1.178187 	1.241471 	1.258223 	1.261200 	1.352082 	1.308864 	1.505199 	1.526843 	1.492062 	1.507689 	1.520691 	1.538059 	1.645068 	1.578171 	1.609542 	1.608765 	1.632483 	1.701654 	
0.000000 	0.548862 	0.445112 	9.000000 	0.302076 	0.079057 	0.070711 	0.141421 	0.134629 	0.125000 	0.175000 	0.925338 	0.285044 	0.651920 	0.477624 	0.910014 	0.480234 	0.512957 	0.512957 	0.500000 	0.548293 	0.565685 	0.585769 	0.525000 	0.620987 	0.596343 	0.675463 	0.664266 	0.883530 	0.755811 	0.980434 	1.051487 	1.020110 	1.400000 	1.113833 	1.252996 	1.328533 	1.679658 	1.451293 	1.217580 	1.226020 	1.607210 	1.556037 	1.522539 	1.554429 	1.436358 	1.622113 	1.603512 	1.622113 	1.601757 	1.994054 	
0.000000 	0.350000 	0.225000 	0.302076 	9.000000 	0.380789 	0.285044 	0.437321 	0.410031 	0.371652 	0.406971 	0.636396 	0.531507 	0.382426 	0.477624 	0.612882 	0.500625 	0.485412 	0.505594 	0.525595 	0.534439 	0.539676 	0.529741 	0.705780 	0.561805 	0.626997 	0.667083 	0.751665 	0.725000 	0.764853 	0.790569 	0.853302 	1.100284 	1.131923 	1.041933 	1.098294 	1.131923 	1.382932 	1.217580 	1.281113 	1.302162 	1.388569 	1.372953 	1.366794 	1.390144 	1.431127 	1.442220 	1.453444 	1.460308 	1.467353 	1.706605 	
0.000000 	0.610328 	0.512957 	0.079057 	0.380789 	9.000000 	0.127475 	0.079057 	0.103078 	0.125000 	0.167705 	1.000000 	0.250000 	0.728869 	0.515388 	0.989002 	0.512957 	0.555090 	0.550568 	0.530330 	0.585769 	0.605186 	0.630971 	0.505594 	0.665676 	0.620987 	0.707107 	0.670820 	0.942404 	0.781025 	1.044031 	1.116076 	1.021335 	1.475212 	1.152443 	1.308148 	1.391492 	1.758550 	1.520691 	1.221167 	1.226020 	1.673507 	1.615549 	1.576586 	1.610124 	1.456237 	1.680773 	1.656049 	1.677051 	1.650947 	2.071835 	
0.000000 	0.571183 	0.458939 	0.070711 	0.285044 	0.127475 	9.000000 	0.158114 	0.125000 	0.090139 	0.134629 	0.919918 	0.257391 	0.608276 	0.406971 	0.877853 	0.410031 	0.442295 	0.442295 	0.430116 	0.477624 	0.494975 	0.515388 	0.477624 	0.550568 	0.527376 	0.605186 	0.601041 	0.817389 	0.686477 	0.917197 	0.989002 	0.958188 	1.350926 	1.043132 	1.185327 	1.264911 	1.645068 	1.393287 	1.154340 	1.164313 	1.546165 	1.490386 	1.454519 	1.487027 	1.367708 	1.556037 	1.535008 	1.554429 	1.532359 	1.952242 	
0.000000 	0.686477 	0.585769 	0.141421 	0.437321 	0.079057 	0.158114 	9.000000 	0.055902 	0.103078 	0.125000 	1.065950 	0.176777 	0.764853 	0.493077 	1.035918 	0.485412 	0.536773 	0.527376 	0.500000 	0.561805 	0.583095 	0.614919 	0.436606 	0.648556 	0.583631 	0.675463 	0.617454 	0.941076 	0.742462 	1.049405 	1.122776 	0.962094 	1.503330 	1.125000 	1.300000 	1.394633 	1.803122 	1.535008 	1.162970 	1.165386 	1.681703 	1.612839 	1.566246 	1.601952 	1.410009 	1.676678 	1.643548 	1.667708 	1.634205 	2.108613 	
0.000000 	0.682367 	0.575543 	0.134629 	0.410031 	0.103078 	0.125000 	0.055902 	9.000000 	0.050000 	0.070711 	1.044330 	0.152069 	0.721543 	0.437321 	0.998123 	0.430116 	0.480885 	0.471699 	0.445112 	0.506211 	0.527376 	0.559017 	0.403113 	0.592663 	0.530330 	0.620987 	0.570636 	0.886002 	0.689656 	0.995301 	1.068878 	0.919239 	1.455378 	1.070047 	1.244237 	1.340009 	1.762987 	1.482607 	1.119431 	1.123610 	1.627882 	1.557442 	1.510381 	1.546165 	1.360147 	1.621149 	1.587648 	1.611870 	1.578369 	2.064128 	
0.000000 	0.660019 	0.548862 	0.125000 	0.371652 	0.125000 	0.090139 	0.103078 	0.050000 	9.000000 	0.050000 	1.007782 	0.167705 	0.673146 	0.395285 	0.951972 	0.390512 	0.437321 	0.430116 	0.406971 	0.465027 	0.485412 	0.514782 	0.400000 	0.548862 	0.496236 	0.583631 	0.548293 	0.838153 	0.656220 	0.946375 	1.019804 	0.901388 	1.405569 	1.030776 	1.198176 	1.291559 	1.715554 	1.432873 	1.100284 	1.106797 	1.578765 	1.510174 	1.465008 	1.500208 	1.331353 	1.574206 	1.542928 	1.566246 	1.535008 	2.015099 	
0.000000 	0.705780 	0.592663 	0.175000 	0.406971 	0.167705 	0.134629 	0.125000 	0.070711 	0.050000 	9.000000 	1.043132 	0.125000 	0.687841 	0.369121 	0.972754 	0.360555 	0.413824 	0.403113 	0.375000 	0.437321 	0.458939 	0.492443 	0.350000 	0.525595 	0.459619 	0.550568 	0.503115 	0.824621 	0.618971 	0.937083 	1.011187 	0.854400 	1.410895 	1.000000 	1.179248 	1.279893 	1.732231 	1.428504 	1.053862 	1.059481 	1.570032 	1.494365 	1.444386 	1.480920 	1.290349 	1.557442 	1.520896 	1.546165 	1.510381 	2.025617 	
0.000000 	0.460977 	0.503115 	0.925338 	0.636396 	1.000000 	0.919918 	1.065950 	1.044330 	1.007782 	1.043132 	9.000000 	1.167262 	0.530330 	1.007782 	0.357946 	1.040733 	0.989002 	1.021335 	1.063602 	1.035918 	1.027740 	0.989002 	1.317431 	1.006541 	1.147007 	1.140175 	1.300000 	0.952956 	1.236932 	0.921954 	0.941076 	1.607210 	0.886707 	1.352082 	1.233390 	1.151629 	0.912414 	1.101136 	1.755349 	1.789728 	1.296389 	1.389244 	1.454519 	1.453444 	1.800174 	1.457738 	1.543535 	1.520691 	1.592365 	1.285496 	
0.000000 	0.827647 	0.716327 	0.285044 	0.531507 	0.250000 	0.257391 	0.176777 	0.152069 	0.167705 	0.125000 	1.167262 	9.000000 	0.794512 	0.406971 	1.085415 	0.388104 	0.456207 	0.436606 	0.395285 	0.467039 	0.491172 	0.534439 	0.261008 	0.564026 	0.458939 	0.559017 	0.460977 	0.880696 	0.610328 	1.001249 	1.076162 	0.794119 	1.500417 	1.007782 	1.219118 	1.336507 	1.838478 	1.500000 	0.995615 	0.995301 	1.631908 	1.540292 	1.478386 	1.518223 	1.258223 	1.600781 	1.550806 	1.581139 	1.533175 	2.122499 	
0.000000 	0.566789 	0.480234 	0.651920 	0.382426 	0.728869 	0.608276 	0.764853 	0.721543 	0.673146 	0.687841 	0.530330 	0.794512 	9.000000 	0.515388 	0.301040 	0.550568 	0.485412 	0.520216 	0.570088 	0.527376 	0.514782 	0.469707 	0.867828 	0.482830 	0.638847 	0.617454 	0.797653 	0.450694 	0.711512 	0.465027 	0.512957 	1.083109 	0.751665 	0.838525 	0.790569 	0.781025 	1.044629 	0.840387 	1.225765 	1.261200 	1.017657 	1.027740 	1.046721 	1.061249 	1.278916 	1.098294 	1.136332 	1.131923 	1.165386 	1.343968 	
0.000000 	0.826514 	0.701783 	0.477624 	0.477624 	0.515388 	0.406971 	0.493077 	0.437321 	0.395285 	0.369121 	1.007782 	0.406971 	0.515388 	9.000000 	0.813941 	0.035355 	0.050000 	0.035355 	0.055902 	0.070711 	0.090139 	0.127475 	0.369121 	0.158114 	0.150000 	0.201556 	0.292617 	0.475657 	0.292617 	0.600521 	0.675463 	0.625500 	1.130542 	0.637377 	0.814325 	0.930390 	1.513481 	1.102554 	0.803508 	0.825379 	1.227294 	1.133854 	1.077033 	1.114955 	0.972754 	1.195042 	1.152443 	1.179248 	1.141271 	1.764405 	
0.000000 	0.640800 	0.608276 	0.910014 	0.612882 	0.989002 	0.877853 	1.035918 	0.998123 	0.951972 	0.972754 	0.357946 	1.085415 	0.301040 	0.813941 	9.000000 	0.849264 	0.781025 	0.816241 	0.867828 	0.820061 	0.805062 	0.755811 	1.168867 	0.763217 	0.930054 	0.896172 	1.090011 	0.629484 	0.983933 	0.577170 	0.588430 	1.353237 	0.581485 	1.027740 	0.879275 	0.794119 	0.770146 	0.760345 	1.478386 	1.518634 	0.954594 	1.033501 	1.096586 	1.095730 	1.480287 	1.102554 	1.185591 	1.163239 	1.234909 	1.100284 	
0.000000 	0.850368 	0.725431 	0.480234 	0.500625 	0.512957 	0.410031 	0.485412 	0.430116 	0.390512 	0.360555 	1.040733 	0.388104 	0.550568 	0.035355 	0.849264 	9.000000 	0.079057 	0.050000 	0.025000 	0.079057 	0.103078 	0.150000 	0.335410 	0.176777 	0.127475 	0.195256 	0.261008 	0.500000 	0.279509 	0.626997 	0.701783 	0.600000 	1.162164 	0.640312 	0.831038 	0.952956 	1.547781 	1.129436 	0.781425 	0.801561 	1.251000 	1.152443 	1.091444 	1.130542 	0.961769 	1.212693 	1.165386 	1.193995 	1.151629 	1.796698 	
0.000000 	0.831038 	0.707107 	0.512957 	0.485412 	0.555090 	0.442295 	0.536773 	0.480885 	0.437321 	0.413824 	0.989002 	0.456207 	0.485412 	0.050000 	0.781025 	0.079057 	9.000000 	0.035355 	0.090139 	0.050000 	0.055902 	0.079057 	0.413824 	0.111803 	0.158114 	0.182003 	0.313249 	0.425735 	0.279509 	0.550568 	0.625500 	0.629484 	1.083109 	0.601041 	0.766893 	0.880696 	1.470757 	1.052675 	0.800391 	0.825379 	1.177391 	1.085415 	1.030776 	1.068001 	0.951972 	1.147007 	1.107080 	1.132751 	1.097725 	1.717738 	
0.000000 	0.853302 	0.728869 	0.512957 	0.505594 	0.550568 	0.442295 	0.527376 	0.471699 	0.430116 	0.403113 	1.021335 	0.436606 	0.520216 	0.035355 	0.816241 	0.050000 	0.035355 	9.000000 	0.055902 	0.035355 	0.055902 	0.100000 	0.380789 	0.127475 	0.127475 	0.167705 	0.279509 	0.450000 	0.261008 	0.577170 	0.651920 	0.602080 	1.114955 	0.602080 	0.783023 	0.903120 	1.505199 	1.079641 	0.776611 	0.800000 	1.201041 	1.103687 	1.044629 	1.083109 	0.939415 	1.164313 	1.119431 	1.147007 	1.107362 	1.750179 	
0.000000 	0.875357 	0.750417 	0.500000 	0.525595 	0.530330 	0.430116 	0.500000 	0.445112 	0.406971 	0.375000 	1.063602 	0.395285 	0.570088 	0.055902 	0.867828 	0.025000 	0.090139 	0.055902 	9.000000 	0.075000 	0.100000 	0.152069 	0.325000 	0.175000 	0.103078 	0.176777 	0.237171 	0.500625 	0.257391 	0.629484 	0.704006 	0.575000 	1.170470 	0.625000 	0.824621 	0.951315 	1.560849 	1.131923 	0.756637 	0.776611 	1.250250 	1.147279 	1.083109 	1.123054 	0.939747 	1.206752 	1.155963 	1.185854 	1.140449 	1.805893 	
0.000000 	0.880696 	0.756637 	0.548293 	0.534439 	0.585769 	0.477624 	0.561805 	0.506211 	0.465027 	0.437321 	1.035918 	0.467039 	0.527376 	0.070711 	0.820061 	0.079057 	0.050000 	0.035355 	0.075000 	9.000000 	0.025000 	0.079057 	0.395285 	0.100000 	0.111803 	0.134629 	0.270416 	0.425735 	0.230489 	0.555090 	0.629484 	0.579871 	1.100284 	0.566789 	0.752080 	0.876427 	1.497707 	1.057414 	0.750417 	0.775403 	1.175266 	1.073837 	1.012423 	1.051487 	0.906228 	1.133854 	1.086566 	1.114955 	1.073546 	1.736555 	
0.000000 	0.883883 	0.760345 	0.565685 	0.539676 	0.605186 	0.494975 	0.583095 	0.527376 	0.485412 	0.458939 	1.027740 	0.491172 	0.514782 	0.090139 	0.805062 	0.103078 	0.055902 	0.055902 	0.100000 	0.025000 	9.000000 	0.055902 	0.419076 	0.075000 	0.125000 	0.127475 	0.285044 	0.400780 	0.226385 	0.530330 	0.604669 	0.583631 	1.077033 	0.548293 	0.728011 	0.851469 	1.476906 	1.032594 	0.750000 	0.776611 	1.150272 	1.049405 	0.989002 	1.027740 	0.896172 	1.109617 	1.063602 	1.091444 	1.051487 	1.713549 	
