Total assets = 832
Number of asset nodes = 50

Distance:
999.000000 	7.211102 	34.176014 	18.384777 	92.195442 	33.241539 	68.095520 	19.235384 	87.200920 	59.033890 	28.017851 	18.788294 	15.811388 	42.011902 	79.259071 	35.014282 	124.450790 	18.027756 	51.662365 	21.377558 	71.589104 	86.954010 	72.090218 	29.068884 	21.400934 	117.796432 	114.017540 	24.413111 	57.870544 	61.392181 	28.017851 	69.921387 	78.185677 	97.128784 	27.658634 	47.095646 	29.529646 	99.282425 	66.370171 	97.575615 	97.169952 	53.460266 	70.710678 	64.070274 	94.339813 	91.394745 	50.537113 	49.396355 	88.459030 	66.098412 	87.692642 	61.983868 	71.847061 	72.006943 	88.277969 	60.373837 	64.884514 	89.022469 	86.700638 	84.929382 	88.283630 	84.646324 	90.520714 	
7.211102 	999.000000 	41.231056 	11.401754 	99.357941 	40.162170 	75.292763 	25.019993 	94.403389 	66.189125 	34.365681 	23.345236 	15.556349 	34.828148 	86.452301 	41.303753 	131.529465 	17.691807 	58.523499 	17.117243 	78.721024 	94.154129 	79.202271 	23.086792 	23.021729 	124.963997 	121.210564 	25.612497 	64.536812 	68.154236 	24.515301 	76.843994 	85.234970 	104.316826 	25.942244 	53.009434 	29.732138 	106.437775 	72.835434 	104.694794 	104.278473 	59.076221 	77.278717 	70.349129 	101.390335 	98.351410 	54.424259 	52.801514 	95.126228 	71.449280 	94.201912 	66.708321 	77.317528 	77.414467 	94.641426 	64.257294 	68.949257 	95.189285 	92.265923 	90.094398 	93.648277 	89.627007 	95.341492 	
34.176014 	41.231056 	999.000000 	51.478149 	61.220913 	3.000000 	34.828148 	19.849434 	55.172459 	25.238859 	11.704700 	25.000000 	38.183765 	75.292763 	45.803928 	11.401754 	94.403389 	38.948685 	18.027756 	48.836460 	37.589893 	53.600372 	38.013157 	58.898216 	34.669872 	86.371292 	82.024384 	36.715118 	25.079872 	28.017851 	51.855568 	35.902645 	44.011364 	63.513779 	46.872166 	21.213203 	42.047592 	65.368187 	34.365681 	63.505905 	63.071388 	28.319605 	38.052597 	33.241539 	60.166435 	57.280014 	37.336308 	39.293766 	55.145264 	40.804413 	55.009090 	41.109608 	45.276924 	45.793011 	56.222771 	44.777225 	47.434166 	57.870544 	58.694122 	59.169250 	61.269894 	59.908264 	66.287254 	
18.384777 	11.401754 	51.478149 	999.000000 	110.535065 	50.089920 	85.982559 	33.526108 	105.422958 	76.661591 	43.324360 	30.413813 	18.110771 	23.853722 	97.097885 	50.000000 	142.835571 	19.416489 	68.154236 	12.041595 	89.067390 	104.847511 	89.470665 	13.000000 	26.305893 	136.124939 	132.279999 	27.892651 	73.681747 	77.491936 	19.209373 	86.539009 	95.273293 	114.908661 	23.600847 	60.827625 	29.966648 	116.846054 	81.492332 	114.947815 	114.490173 	66.272163 	86.127815 	78.644768 	111.400177 	108.078674 	58.855755 	56.515484 	104.120125 	78.006409 	102.839684 	72.249565 	84.023804 	84.005951 	102.961159 	68.447060 	73.348480 	103.097038 	99.020203 	96.130119 	100.019997 	95.336250 	100.717430 	
92.195442 	99.357941 	61.220913 	110.535065 	999.000000 	63.600315 	28.231188 	81.055534 	8.000000 	38.013157 	72.422371 	86.214851 	99.247169 	134.182709 	21.023796 	68.600288 	33.286633 	100.124924 	51.078373 	109.713264 	30.413813 	16.763054 	31.257000 	119.519875 	95.801880 	25.612497 	22.360680 	97.652443 	51.662365 	48.052055 	113.070778 	40.112343 	32.140316 	19.849434 	108.004631 	67.067131 	102.625534 	24.839485 	53.150730 	27.586229 	28.319605 	69.123077 	50.000000 	57.314919 	31.622776 	36.235340 	86.683334 	90.443352 	47.169907 	72.173401 	51.865211 	79.762146 	71.007042 	72.006943 	55.973209 	88.459030 	87.692642 	61.032780 	72.780495 	79.075912 	76.902534 	81.884064 	86.683334 	
33.241539 	40.162170 	3.000000 	50.089920 	63.600315 	999.000000 	36.796738 	17.691807 	57.384666 	27.018513 	8.944272 	22.671568 	36.124783 	73.824112 	47.634022 	8.544003 	96.834908 	36.769554 	18.439089 	46.861500 	39.115215 	55.443665 	39.446167 	57.008770 	32.202484 	88.617157 	84.172440 	34.132095 	25.019993 	28.284271 	49.578220 	36.687874 	45.188496 	65.215027 	44.407207 	19.209373 	39.357338 	66.887962 	34.058773 	64.884514 	64.412735 	26.400757 	38.013157 	32.557640 	61.326992 	58.189346 	34.539833 	36.400551 	55.443665 	39.115215 	55.036350 	38.897301 	43.829212 	44.294468 	56.035702 	42.190044 	45.000000 	57.428215 	57.584721 	57.706154 	60.008331 	58.309521 	64.660652 	
68.095520 	75.292763 	34.828148 	85.982559 	28.231188 	36.796738 	999.000000 	54.488529 	21.095022 	10.000000 	45.276924 	59.396969 	72.917763 	109.836243 	11.180340 	40.804413 	61.294373 	73.552704 	22.847319 	83.630135 	7.211102 	18.867962 	8.602325 	93.723000 	68.680420 	52.201534 	47.507893 	70.292244 	24.083189 	21.023796 	86.278618 	16.124516 	15.231546 	29.068884 	80.808418 	38.897301 	75.000000 	31.622776 	27.892651 	30.594116 	30.413813 	41.436699 	26.400757 	31.400637 	29.000000 	28.635643 	58.694122 	62.361847 	33.286633 	46.389652 	36.235340 	53.000000 	46.572525 	47.539455 	39.623226 	61.204575 	61.000000 	43.863426 	52.478565 	57.271286 	56.435802 	59.615433 	65.306969 	
19.235384 	25.019993 	19.849434 	33.526108 	81.055534 	17.691807 	54.488529 	999.000000 	75.006668 	44.687805 	9.848858 	5.385165 	18.439089 	56.859474 	65.299309 	16.492422 	114.201576 	19.104973 	34.885529 	29.206163 	56.612720 	73.109505 	56.859474 	39.408119 	15.231546 	106.216759 	101.833199 	17.720045 	40.162170 	44.011364 	32.015621 	53.225933 	62.265560 	82.800964 	27.294687 	28.000000 	23.537205 	84.314888 	48.052055 	82.152298 	81.633324 	34.234486 	52.630791 	45.398239 	78.294319 	74.732857 	32.802441 	32.526913 	70.604530 	46.872166 	69.426216 	43.081318 	52.611786 	52.773098 	69.720871 	42.438190 	46.647614 	70.178345 	67.475922 	65.734314 	69.050705 	65.520988 	71.470276 	
87.200920 	94.403389 	55.172459 	105.422958 	8.000000 	57.384666 	21.095022 	75.006668 	999.000000 	31.064449 	66.068146 	80.056229 	93.348808 	129.201401 	13.038404 	61.854668 	40.249222 	94.111633 	43.829212 	103.947105 	22.561028 	9.433981 	23.345236 	113.899078 	89.498604 	31.240999 	26.907248 	91.214035 	43.965897 	40.261642 	106.962608 	32.140316 	24.186773 	15.811388 	101.671036 	59.615433 	96.020828 	20.615528 	45.177429 	22.472204 	23.021729 	61.400326 	42.000000 	49.365982 	25.455845 	29.410883 	79.056938 	82.873398 	39.812057 	64.195015 	44.384682 	71.847061 	63.007935 	64.007812 	48.466484 	80.603973 	79.762146 	53.488316 	65.000000 	71.196907 	69.123077 	73.979729 	78.854294 	
59.033890 	66.189125 	25.238859 	76.661591 	38.013157 	27.018513 	10.000000 	44.687805 	31.064449 	999.000000 	35.355339 	49.517673 	63.126858 	100.498756 	20.615528 	30.805843 	71.196907 	63.702435 	13.341664 	73.878281 	12.649111 	28.425341 	13.341664 	84.023804 	58.728188 	62.201286 	57.489128 	60.307545 	16.492422 	14.764823 	76.367531 	15.231546 	20.099751 	38.275318 	70.837845 	29.614185 	65.000000 	40.249222 	23.021729 	38.626415 	38.275318 	33.000000 	23.345236 	25.495098 	35.902645 	34.058773 	49.648766 	53.150730 	35.440090 	39.849716 	37.161808 	45.398239 	41.146080 	42.047592 	39.824615 	53.009434 	53.338543 	43.266617 	49.578220 	53.254108 	53.263496 	55.226807 	61.294373 	
28.017851 	34.365681 	11.704700 	43.324360 	72.422371 	8.944272 	45.276924 	9.848858 	66.068146 	35.355339 	999.000000 	14.212670 	28.017851 	66.708321 	55.901699 	7.000000 	105.683487 	28.425341 	25.059929 	38.832977 	47.010635 	63.702435 	47.201694 	49.091751 	23.430750 	97.308784 	92.763138 	25.238859 	30.364452 	34.176014 	41.012192 	43.382023 	52.478565 	73.246162 	35.608986 	19.416489 	30.413813 	74.632431 	38.470768 	72.401657 	71.867935 	26.248810 	42.953465 	36.055511 	68.476273 	64.884514 	29.410883 	30.413813 	60.876926 	39.217342 	59.841457 	36.891735 	44.643028 	44.922153 	60.299255 	38.209946 	41.773197 	61.008198 	59.228371 	58.189346 	61.131008 	58.309521 	64.474800 	
18.788294 	23.345236 	25.000000 	30.413813 	86.214851 	22.671568 	59.396969 	5.385165 	80.056229 	49.517673 	14.212670 	999.000000 	13.892444 	53.141319 	70.092796 	20.124611 	119.402679 	14.212670 	39.115215 	24.698177 	61.220913 	77.897369 	61.400326 	34.985710 	9.848858 	111.287918 	106.831642 	12.369317 	43.863426 	47.853943 	26.907248 	57.306194 	66.573265 	87.458565 	21.954498 	30.413813 	18.248287 	88.814415 	51.244511 	86.533234 	85.982559 	36.013885 	55.973209 	48.270073 	82.492424 	78.714676 	31.764761 	30.805843 	74.000000 	48.166378 	72.532753 	43.416588 	54.083271 	54.147945 	72.567207 	41.593269 	46.097721 	72.691124 	69.065186 	66.753281 	70.349129 	66.287254 	72.034714 	
15.811388 	15.556349 	38.183765 	18.110771 	99.247169 	36.124783 	72.917763 	18.439089 	93.348808 	63.126858 	28.017851 	13.892444 	999.000000 	39.560081 	83.737686 	34.000000 	132.279999 	2.236068 	53.000000 	10.816654 	75.000000 	91.547798 	75.213028 	21.095022 	8.246211 	124.523087 	120.208153 	10.295630 	57.697487 	61.717098 	14.317822 	71.196907 	80.454956 	101.212646 	12.041595 	43.680660 	14.212670 	102.649887 	64.845970 	100.404182 	99.859901 	48.662102 	69.641945 	61.684681 	96.384644 	92.590500 	40.792156 	38.600517 	87.664131 	60.074955 	86.023254 	54.147945 	66.121101 	66.068146 	85.866173 	50.447994 	55.317268 	85.702972 	81.098709 	78.057671 	82.000000 	77.233414 	82.607506 	
42.011902 	34.828148 	75.292763 	23.853722 	134.182709 	73.824112 	109.836243 	56.859474 	129.201401 	100.498756 	66.708321 	53.141319 	39.560081 	999.000000 	120.950401 	73.164200 	166.243790 	40.024994 	91.706055 	29.427877 	112.871605 	128.701202 	113.251930 	20.000000 	46.872166 	159.790482 	156.028839 	47.381432 	96.932968 	100.846420 	32.062439 	110.072701 	118.962181 	138.755173 	39.012817 	83.240616 	47.000000 	140.655609 	104.355164 	138.708328 	138.235306 	88.073830 	109.110039 	101.242287 	135.059250 	131.590271 	78.057671 	75.000000 	127.137718 	98.994949 	125.574677 	92.265923 	105.076164 	104.938080 	125.419296 	87.005745 	92.005432 	125.171883 	119.941650 	116.275536 	120.503113 	115.108643 	120.004166 	
79.259071 	86.452301 	45.803928 	97.097885 	21.023796 	47.634022 	11.180340 	65.299309 	13.038404 	20.615528 	55.901699 	70.092796 	83.737686 	120.950401 	999.000000 	50.990196 	52.554733 	84.291161 	32.202484 	94.493385 	9.848858 	7.810250 	10.440307 	104.637466 	79.195961 	42.544094 	37.443291 	80.659782 	31.384710 	27.513634 	96.896851 	19.104973 	11.704700 	17.888544 	91.241440 	47.413078 	85.146935 	20.615528 	32.140316 	20.024984 	20.000000 	48.703182 	29.017237 	36.345562 	19.646883 	21.095022 	66.483078 	70.384659 	29.206163 	51.156624 	33.286633 	58.855755 	50.039986 	51.039200 	37.215588 	67.683083 	66.753281 	42.059483 	52.810986 	58.694122 	56.920998 	61.392181 	66.483078 	
35.014282 	41.303753 	11.401754 	50.000000 	68.600288 	8.544003 	40.804413 	16.492422 	61.854668 	30.805843 	7.000000 	20.124611 	34.000000 	73.164200 	50.990196 	999.000000 	101.872467 	34.132095 	19.209373 	44.777225 	41.725292 	58.728188 	41.773197 	55.072678 	28.425341 	93.005379 	88.238312 	29.698484 	23.769728 	27.730848 	46.227695 	37.215588 	46.615448 	67.941154 	40.311287 	12.649111 	34.205261 	69.028976 	31.575306 	66.610809 	66.030296 	19.697716 	36.138622 	29.068884 	62.433964 	58.591808 	26.000000 	27.892651 	54.120235 	32.695564 	52.952808 	31.240999 	37.947330 	38.275318 	53.338543 	33.837849 	36.878178 	54.009258 	52.392746 	51.623638 	54.405884 	51.894123 	58.137768 	
124.450790 	131.529465 	94.403389 	142.835571 	33.286633 	96.834908 	61.294373 	114.201576 	40.249222 	71.196907 	105.683487 	119.402679 	132.279999 	166.243790 	52.554733 	101.872467 	999.000000 	133.225372 	84.077347 	142.635895 	62.393909 	45.880280 	62.968246 	152.305618 	129.034882 	12.165525 	18.110771 	130.919830 	83.934502 	80.056229 	146.208755 	71.168816 	61.846584 	41.109608 	141.240936 	99.809822 	135.911743 	44.011364 	83.934502 	48.010414 	49.010204 	101.242287 	80.049988 	88.323273 	54.000000 	60.008331 	119.037811 	122.930878 	72.006943 	102.610916 	77.006493 	110.860275 	100.448990 	101.434708 	81.000000 	119.920807 	118.600166 	86.005814 	99.020203 	106.117859 	103.004852 	109.165016 	113.004425 	
18.027756 	17.691807 	38.948685 	19.416489 	100.124924 	36.769554 	73.552704 	19.104973 	94.111633 	63.702435 	28.425341 	14.212670 	2.236068 	40.024994 	84.291161 	34.132095 	133.225372 	999.000000 	53.254108 	10.770329 	75.432091 	92.097771 	75.604233 	21.023796 	7.000000 	125.319588 	120.933868 	8.544003 	57.706154 	61.773781 	13.038404 	71.344238 	80.709358 	101.671036 	10.000000 	43.324360 	12.041595 	103.004852 	64.621979 	100.687637 	100.124924 	48.052055 	69.462219 	61.351448 	96.566040 	92.660675 	39.458839 	37.107952 	87.464279 	59.211487 	85.702972 	53.037724 	65.276337 	65.192024 	85.440041 	49.030602 	53.935146 	85.146935 	80.224686 	77.006493 	81.024689 	76.105194 	81.394104 	
51.662365 	58.523499 	18.027756 	68.154236 	51.078373 	18.439089 	22.847319 	34.885529 	43.829212 	13.341664 	25.059929 	39.115215 	53.000000 	91.706055 	32.202484 	19.209373 	84.077347 	53.254108 	999.000000 	63.812225 	22.671568 	39.824615 	22.627417 	74.094536 	47.634022 	74.625732 	69.634758 	48.836460 	7.615773 	10.000000 	65.436989 	18.384777 	27.459061 	48.795490 	59.464275 	16.278820 	53.075417 	49.819675 	17.088007 	47.434166 	46.872166 	20.223749 	20.223749 	17.204651 	43.416588 	39.924931 	36.345562 	39.812057 	37.121422 	29.154760 	37.054016 	33.241539 	31.890438 	32.649654 	38.470768 	40.199501 	41.000000 	40.521599 	43.266617 	45.276924 	46.400433 	46.690472 	53.037724 	
21.377558 	17.117243 	48.836460 	12.041595 	109.713264 	46.861500 	83.630135 	29.206163 	103.947105 	73.878281 	38.832977 	24.698177 	10.816654 	29.427877 	94.493385 	44.777225 	142.635895 	10.770329 	63.812225 	999.000000 	85.802101 	102.303467 	86.023254 	10.295630 	17.464249 	135.074051 	130.831955 	18.027756 	68.425140 	72.470680 	7.615773 	81.987801 	91.268837 	112.004463 	11.661903 	54.083271 	18.681541 	113.463654 	75.392311 	111.220505 	110.675201 	58.694122 	80.230919 	72.111023 	107.186752 	103.353760 	49.040798 	46.270943 	98.234413 	69.584480 	96.462425 	63.031738 	75.663727 	75.538071 	96.166519 	58.309521 	63.285069 	95.801880 	90.553848 	87.051712 	91.197586 	86.000000 	91.087868 	
71.589104 	78.721024 	37.589893 	89.067390 	30.413813 	39.115215 	7.211102 	56.612720 	22.561028 	12.649111 	47.010635 	61.220913 	75.000000 	112.871605 	9.848858 	41.725292 	62.393909 	75.432091 	22.671568 	85.802101 	999.000000 	17.204651 	1.414214 	96.020828 	70.092796 	52.354561 	47.169907 	71.421288 	21.540659 	17.720045 	87.863533 	10.198039 	8.246211 	26.248810 	82.036575 	37.589893 	75.742989 	27.784887 	23.021729 	26.000000 	25.632011 	38.897301 	20.615528 	27.018513 	23.345236 	22.090721 	56.648037 	60.539242 	26.076809 	42.000000 	29.068884 	49.365982 	41.436699 	42.426407 	32.526913 	58.051701 	57.314919 	36.878178 	46.065170 	51.264023 	50.089920 	53.758720 	59.236813 	
86.954010 	94.154129 	53.600372 	104.847511 	16.763054 	55.443665 	18.867962 	73.109505 	9.433981 	28.425341 	63.702435 	77.897369 	91.547798 	128.701202 	7.810250 	58.728188 	45.880280 	92.097771 	39.824615 	102.303467 	17.204651 	999.000000 	17.492855 	112.445541 	86.977005 	35.341194 	30.016663 	88.413803 	38.470768 	34.438351 	104.690018 	25.298222 	16.124516 	10.440307 	99.005051 	54.708317 	92.849342 	14.000000 	38.078865 	14.560220 	14.866069 	55.542778 	34.365681 	42.449970 	16.401220 	20.000000 	73.409805 	77.388626 	30.463093 	56.885849 	35.114101 	65.000000 	55.145264 	56.142673 	39.217342 	74.040527 	72.780495 	44.271889 	56.089214 	62.514000 	60.207973 	65.375839 	70.035706 	
72.090218 	79.202271 	38.013157 	89.470665 	31.257000 	39.446167 	8.602325 	56.859474 	23.345236 	13.341664 	47.201694 	61.400326 	75.213028 	113.251930 	10.440307 	41.773197 	62.968246 	75.604233 	22.627417 	86.023254 	1.414214 	17.492855 	999.000000 	96.260063 	70.178345 	52.773098 	47.507893 	71.449280 	21.023796 	17.088007 	87.965904 	9.055386 	7.071068 	26.172504 	82.073135 	37.215588 	75.690155 	27.459061 	22.000000 	25.495098 	25.079872 	38.275318 	19.416489 	26.076809 	22.561028 	21.023796 	56.080299 	60.008331 	24.698177 	41.012192 	27.658634 	48.507732 	40.311287 	41.303753 	31.112698 	57.271286 	56.435802 	35.468296 	44.721359 	49.979996 	48.754486 	52.497620 	57.939625 	
29.068884 	23.086792 	58.898216 	13.000000 	119.519875 	57.008770 	93.723000 	39.408119 	113.899078 	84.023804 	49.091751 	34.985710 	21.095022 	20.000000 	104.637466 	55.072678 	152.305618 	21.023796 	74.094536 	10.295630 	96.020828 	112.445541 	96.260063 	999.000000 	27.513634 	144.958618 	140.801285 	27.658634 	78.714676 	82.764725 	12.165525 	92.282173 	101.548019 	122.200653 	19.026299 	64.257294 	27.000000 	123.709335 	85.615417 	121.490738 	120.950401 	68.680420 	90.470993 	82.280006 	117.477661 	113.648582 	58.077534 	55.000000 	108.461975 	79.246452 	106.625511 	72.339478 	85.328773 	85.158676 	106.254410 	67.007462 	72.006943 	105.773346 	100.129913 	96.332756 	100.603180 	95.131485 	100.004997 	
21.400934 	23.021729 	34.669872 	26.305893 	95.801880 	32.202484 	68.680420 	15.231546 	89.498604 	58.728188 	23.430750 	9.848858 	8.246211 	46.872166 	79.195961 	28.425341 	129.034882 	7.000000 	47.634022 	17.464249 	70.092796 	86.977005 	70.178345 	27.513634 	999.000000 	120.739388 	116.180893 	3.162278 	51.623638 	55.758408 	17.804493 	65.459915 	75.000000 	96.332756 	12.206555 	36.769554 	9.055386 	97.452553 	58.180752 	95.000000 	94.403389 	41.231056 	63.071388 	54.781384 	90.697296 	86.608315 	32.557640 	30.364452 	81.024689 	52.239830 	79.120163 	46.043457 	58.309521 	58.215118 	78.746429 	42.201897 	47.074409 	78.339005 	73.246162 	70.007141 	74.027023 	69.115845 	74.431175 	
117.796432 	124.963997 	86.371292 	136.124939 	25.612497 	88.617157 	52.201534 	106.216759 	31.240999 	62.201286 	97.308784 	111.287918 	124.523087 	159.790482 	42.544094 	93.005379 	12.165525 	125.319588 	74.625732 	135.074051 	52.354561 	35.341194 	52.773098 	144.958618 	120.739388 	999.000000 	6.000000 	122.441826 	73.790245 	69.778221 	138.191895 	60.539242 	50.921509 	29.427877 	132.909744 	89.944427 	127.200630 	32.015621 	73.054771 	36.013885 	37.013512 	90.873535 	68.963760 	77.491936 	42.047592 	48.093658 	108.747414 	112.729767 	60.074955 	91.482239 	65.069191 	99.929977 	89.050545 	90.027771 	69.028976 	109.110039 	107.563934 	74.006760 	87.091904 	94.260277 	91.049438 	97.329338 	101.044548 	
114.017540 	121.210564 	82.024384 	132.279999 	22.360680 	84.172440 	47.507893 	101.833199 	26.907248 	57.489128 	92.763138 	106.831642 	120.208153 	156.028839 	37.443291 	88.238312 	18.110771 	120.933868 	69.634758 	130.831955 	47.169907 	30.016663 	47.507893 	140.801285 	116.180893 	6.000000 	999.000000 	117.796432 	68.476273 	64.412735 	133.734818 	55.036350 	45.310043 	23.537205 	128.316010 	84.723076 	122.441826 	26.019224 	67.416618 	30.016663 	31.016125 	85.428329 	63.245552 	71.867935 	36.055511 	42.107006 	103.315056 	107.331261 	54.083271 	85.726311 	59.076221 	94.244362 	83.198555 	84.172440 	63.031738 	103.464973 	101.833199 	68.007355 	81.098709 	88.277969 	85.052925 	91.350975 	95.047356 	
24.413111 	25.612497 	36.715118 	27.892651 	97.652443 	34.132095 	70.292244 	17.720045 	91.214035 	60.307545 	25.238859 	12.369317 	10.295630 	47.381432 	80.659782 	29.698484 	130.919830 	8.544003 	48.836460 	18.027756 	71.421288 	88.413803 	71.449280 	27.658634 	3.162278 	122.441826 	117.796432 	999.000000 	52.430908 	56.612720 	17.000000 	66.400299 	76.059189 	97.621719 	10.630146 	37.121422 	6.000000 	98.595131 	58.591808 	96.046867 	95.425362 	41.109608 	63.529522 	55.036350 	91.607857 	87.367043 	31.144823 	28.635643 	81.394104 	51.623638 	79.309517 	45.011108 	57.706154 	57.558666 	78.771820 	40.607880 	45.541191 	78.160095 	72.560318 	69.028976 	73.171036 	68.007355 	73.171036 	
57.870544 	64.536812 	25.079872 	73.681747 	51.662365 	25.019993 	24.083189 	40.162170 	43.965897 	16.492422 	30.364452 	43.863426 	57.697487 	96.932968 	31.384710 	23.769728 	83.934502 	57.706154 	7.615773 	68.425140 	21.540659 	38.470768 	21.023796 	78.714676 	51.623638 	73.790245 	68.476273 	52.430908 	999.000000 	4.242640 	69.339745 	14.142136 	24.083189 	46.400433 	63.007935 	16.401220 	56.080299 	46.690472 	9.486833 	43.863426 	43.185646 	17.464249 	13.000000 	9.899495 	39.204590 	34.985710 	35.114101 	39.000000 	30.594116 	23.409399 	30.016663 	29.068884 	25.238859 	26.076809 	31.144823 	37.121422 	37.054016 	32.984844 	35.805027 	38.209946 	39.051247 	39.824615 	46.097721 	
61.392181 	68.154236 	28.017851 	77.491936 	48.052055 	28.284271 	21.023796 	44.011364 	40.261642 	14.764823 	34.176014 	47.853943 	61.717098 	100.846420 	27.513634 	27.730848 	80.056229 	61.773781 	10.000000 	72.470680 	17.720045 	34.438351 	17.088007 	82.764725 	55.758408 	69.778221 	64.412735 	56.612720 	4.242640 	999.000000 	73.498299 	9.899495 	19.849434 	42.201897 	67.201187 	20.615528 	60.307545 	42.449970 	8.485281 	39.623226 	38.948685 	21.189621 	10.440307 	10.770329 	35.000000 	30.886890 	39.000000 	42.953465 	27.166155 	25.495098 	27.073973 	32.015621 	26.400757 	27.313000 	28.635643 	40.447498 	40.012497 	31.016125 	35.383614 	38.600517 	38.897301 	40.496914 	46.615448 	
28.017851 	24.515301 	51.855568 	19.209373 	113.070778 	49.578220 	86.278618 	32.015621 	106.962608 	76.367531 	41.012192 	26.907248 	14.317822 	32.062439 	96.896851 	46.227695 	146.208755 	13.038404 	65.436989 	7.615773 	87.863533 	104.690018 	87.965904 	12.165525 	17.804493 	138.191895 	133.734818 	17.000000 	69.339745 	73.498299 	999.000000 	83.234612 	92.800865 	114.109596 	7.071068 	54.120235 	15.132746 	115.256233 	75.591003 	112.800713 	112.200714 	57.939625 	80.529495 	72.013885 	108.466583 	104.307236 	46.270943 	43.046486 	98.386993 	67.911705 	96.254868 	60.671246 	73.979729 	73.756355 	95.634720 	55.009090 	60.008331 	94.868332 	88.645363 	84.593147 	88.955048 	83.294655 	88.051125 	
69.921387 	76.843994 	35.902645 	86.539009 	40.112343 	36.687874 	16.124516 	53.225933 	32.140316 	15.231546 	43.382023 	57.306194 	71.196907 	110.072701 	19.104973 	37.215588 	71.168816 	71.344238 	18.384777 	81.987801 	10.198039 	25.298222 	9.055386 	92.282173 	65.459915 	60.539242 	55.036350 	66.400299 	14.142136 	9.899495 	83.234612 	999.000000 	10.000000 	32.449963 	77.006493 	30.479502 	70.178345 	32.557640 	13.038404 	29.732138 	29.068884 	30.413813 	10.440307 	17.262676 	25.238859 	21.540659 	48.301140 	52.354561 	20.396078 	32.062439 	21.931713 	39.812057 	31.257000 	32.249031 	24.698177 	48.764740 	47.675991 	28.425341 	36.359318 	41.231056 	40.311287 	43.657761 	49.244289 	
78.185677 	85.234970 	44.011364 	95.273293 	32.140316 	45.188496 	15.231546 	62.265560 	24.186773 	20.099751 	52.478565 	66.573265 	80.454956 	118.962181 	11.704700 	46.615448 	61.846584 	80.709358 	27.459061 	91.268837 	8.246211 	16.124516 	7.071068 	101.548019 	75.000000 	50.921509 	45.310043 	76.059189 	24.083189 	19.849434 	92.800865 	10.000000 	999.000000 	22.472204 	86.683334 	40.459858 	79.981247 	22.627417 	22.135944 	20.000000 	19.416489 	40.311287 	18.248287 	26.570660 	16.155495 	14.000000 	58.180752 	62.265560 	18.439089 	40.792156 	22.022715 	49.040798 	39.051247 	40.049969 	25.806976 	58.189346 	56.753853 	30.528675 	41.109608 	47.074409 	45.221676 	49.819675 	54.817879 	
97.128784 	104.316826 	63.513779 	114.908661 	19.849434 	65.215027 	29.068884 	82.800964 	15.811388 	38.275318 	73.246162 	87.458565 	101.212646 	138.755173 	17.888544 	67.941154 	41.109608 	101.671036 	48.795490 	112.004463 	26.248810 	10.440307 	26.172504 	122.200653 	96.332756 	29.427877 	23.537205 	97.621719 	46.400433 	42.201897 	114.109596 	32.449963 	22.472204 	999.000000 	108.245094 	62.801273 	101.833199 	5.000000 	44.283180 	8.062258 	8.944272 	62.769421 	39.924931 	48.754486 	13.341664 	19.104973 	80.622574 	84.723076 	31.064449 	62.297672 	36.055511 	70.936592 	59.665737 	60.638271 	40.112343 	80.230919 	78.434685 	45.177429 	58.008621 	65.030762 	62.032249 	68.066147 	72.027771 	
27.658634 	25.942244 	46.872166 	23.600847 	108.004631 	44.407207 	80.808418 	27.294687 	101.671036 	70.837845 	35.608986 	21.954498 	12.041595 	39.012817 	91.241440 	40.311287 	141.240936 	10.000000 	59.464275 	11.661903 	82.036575 	99.005051 	82.073135 	19.026299 	12.206555 	132.909744 	128.316010 	10.630146 	63.007935 	67.201187 	7.071068 	77.006493 	86.683334 	108.245094 	999.000000 	47.507893 	8.062258 	109.224541 	68.963760 	106.667709 	106.042442 	51.078373 	73.925636 	65.299309 	102.200783 	97.908119 	39.204590 	36.013885 	91.706055 	60.876926 	89.470665 	53.600372 	66.940269 	66.708321 	88.769363 	48.000000 	53.000000 	87.920418 	81.584312 	77.524193 	81.884064 	76.236473 	81.024689 	
47.095646 	53.009434 	21.213203 	60.827625 	67.067131 	19.209373 	38.897301 	28.000000 	59.615433 	29.614185 	19.416489 	30.413813 	43.680660 	83.240616 	47.413078 	12.649111 	99.809822 	43.324360 	16.278820 	54.083271 	37.589893 	54.708317 	37.215588 	64.257294 	36.769554 	89.944427 	84.723076 	37.121422 	16.401220 	20.615528 	54.120235 	30.479502 	40.459858 	62.801273 	47.507893 	999.000000 	40.224369 	63.031738 	21.470911 	60.108234 	59.396969 	7.211102 	26.419689 	18.027756 	55.226807 	50.606323 	20.099751 	23.537205 	44.283180 	20.124611 	42.379242 	20.000000 	25.298222 	25.632011 	42.201897 	25.000000 	26.832815 	42.296574 	39.812057 	39.000000 	41.761227 	39.357338 	45.650848 	
29.529646 	29.732138 	42.047592 	29.966648 	102.625534 	39.357338 	75.000000 	23.537205 	96.020828 	65.000000 	30.413813 	18.248287 	14.212670 	47.000000 	85.146935 	34.205261 	135.911743 	12.041595 	53.075417 	18.681541 	75.742989 	92.849342 	75.690155 	27.000000 	9.055386 	127.200630 	122.441826 	6.000000 	56.080299 	60.307545 	15.132746 	70.178345 	79.981247 	101.833199 	8.062258 	40.224369 	999.000000 	102.591423 	61.587337 	99.904953 	99.247169 	43.382023 	66.573265 	57.801384 	95.268044 	90.801979 	31.144823 	28.000000 	84.219948 	52.886673 	81.841309 	45.541191 	58.940647 	58.694122 	81.024689 	40.012497 	45.011108 	80.056229 	73.545906 	69.462219 	73.824112 	68.183578 	73.006851 	
99.282425 	106.437775 	65.368187 	116.846054 	24.839485 	66.887962 	31.622776 	84.314888 	20.615528 	40.249222 	74.632431 	88.814415 	102.649887 	140.655609 	20.615528 	69.028976 	44.011364 	103.004852 	49.819675 	113.463654 	27.784887 	14.000000 	27.459061 	123.709335 	97.452553 	32.015621 	26.019224 	98.595131 	46.690472 	42.449970 	115.256233 	32.557640 	22.627417 	5.000000 	109.224541 	63.031738 	102.591423 	999.000000 	43.566040 	4.000000 	5.000000 	62.425957 	38.948685 	48.020828 	10.049875 	16.124516 	80.156097 	84.314888 	28.071337 	60.926186 	33.060551 	69.778221 	57.870544 	58.821766 	37.013512 	79.158073 	77.077881 	42.000000 	55.081757 	62.289646 	59.033890 	65.375839 	69.028976 	
66.370171 	72.835434 	34.365681 	81.492332 	53.150730 	34.058773 	27.892651 	48.052055 	45.177429 	23.021729 	38.470768 	51.244511 	64.845970 	104.355164 	32.140316 	31.575306 	83.934502 	64.621979 	17.088007 	75.392311 	23.021729 	38.078865 	22.000000 	85.615417 	58.180752 	73.054771 	67.416618 	58.591808 	9.486833 	8.485281 	75.591003 	13.038404 	22.135944 	44.283180 	68.963760 	21.470911 	61.587337 	43.566040 	999.000000 	40.224369 	39.408119 	19.104973 	5.000000 	4.472136 	34.828148 	29.698484 	36.619667 	40.804413 	22.847319 	19.026299 	21.377558 	26.925823 	18.681541 	19.646883 	22.000000 	36.055511 	34.713108 	23.537205 	26.907248 	30.232433 	30.413813 	32.249031 	38.275318 	
97.575615 	104.694794 	63.505905 	114.947815 	27.586229 	64.884514 	30.594116 	82.152298 	22.472204 	38.626415 	72.401657 	86.533234 	100.404182 	138.708328 	20.024984 	66.610809 	48.010414 	100.687637 	47.434166 	111.220505 	26.000000 	14.560220 	25.495098 	121.490738 	95.000000 	36.013885 	30.016663 	96.046867 	43.863426 	39.623226 	112.800713 	29.732138 	20.000000 	8.062258 	106.667709 	60.108234 	99.904953 	4.000000 	40.224369 	999.000000 	1.000000 	59.203041 	35.510563 	44.654228 	6.082763 	12.165525 	76.843994 	81.024689 	24.083189 	57.271286 	29.068884 	66.189125 	54.083271 	55.027267 	33.015148 	75.591003 	73.409805 	38.000000 	51.088158 	58.309521 	55.036350 	61.400326 	65.030762 	
97.169952 	104.278473 	63.071388 	114.490173 	28.319605 	64.412735 	30.413813 	81.633324 	23.021729 	38.275318 	71.867935 	85.982559 	99.859901 	138.235306 	20.000000 	66.030296 	49.010204 	100.124924 	46.872166 	110.675201 	25.632011 	14.866069 	25.079872 	120.950401 	94.403389 	37.013512 	31.016125 	95.425362 	43.185646 	38.948685 	112.200714 	29.068884 	19.416489 	8.944272 	106.042442 	59.396969 	99.247169 	5.000000 	39.408119 	1.000000 	999.000000 	58.412327 	34.669872 	43.829212 	5.099020 	11.180340 	76.026314 	80.212219 	23.086792 	56.364883 	28.071337 	65.299309 	53.141319 	54.083271 	32.015621 	74.706093 	72.498276 	37.000000 	50.089920 	57.314919 	54.037025 	60.406952 	64.031242 	
53.460266 	59.076221 	28.319605 	66.272163 	69.123077 	26.400757 	41.436699 	34.234486 	61.400326 	33.000000 	26.248810 	36.013885 	48.662102 	88.073830 	48.703182 	19.697716 	101.242287 	48.052055 	20.223749 	58.694122 	38.897301 	55.542778 	38.275318 	68.680420 	41.231056 	90.873535 	85.428329 	41.109608 	17.464249 	21.189621 	57.939625 	30.413813 	40.311287 	62.769421 	51.078373 	7.211102 	43.382023 	62.425957 	19.104973 	59.203041 	58.412327 	999.000000 	24.041630 	14.866069 	53.907330 	48.795490 	17.888544 	21.954498 	41.048752 	13.000000 	38.470768 	13.416408 	18.439089 	18.681541 	37.696156 	20.024984 	20.880613 	37.107952 	33.241539 	31.953091 	34.928497 	32.202484 	38.470768 	
70.710678 	77.278717 	38.052597 	86.127815 	50.000000 	38.013157 	26.400757 	52.630791 	42.000000 	23.345236 	42.953465 	55.973209 	69.641945 	109.110039 	29.017237 	36.138622 	80.049988 	69.462219 	20.223749 	80.230919 	20.615528 	34.365681 	19.416489 	90.470993 	63.071388 	68.963760 	63.245552 	63.529522 	13.000000 	10.440307 	80.529495 	10.440307 	18.248287 	39.924931 	73.925636 	26.419689 	66.573265 	38.948685 	5.000000 	35.510563 	34.669872 	24.041630 	999.000000 	9.219544 	30.000000 	24.758837 	41.400482 	45.607018 	18.027756 	22.561028 	17.029387 	31.016125 	21.023796 	22.022715 	18.248287 	40.311287 	38.600517 	20.615528 	26.400757 	30.870699 	30.232433 	33.241539 	38.910152 	
64.070274 	70.349129 	33.241539 	78.644768 	57.314919 	32.557640 	31.400637 	45.398239 	49.365982 	25.495098 	36.055511 	48.270073 	61.684681 	101.242287 	36.345562 	29.068884 	88.323273 	61.351448 	17.204651 	72.111023 	27.018513 	42.449970 	26.076809 	82.280006 	54.781384 	77.491936 	71.867935 	55.036350 	9.899495 	10.770329 	72.013885 	17.262676 	26.570660 	48.754486 	65.299309 	18.027756 	57.801384 	48.020828 	4.472136 	44.654228 	43.829212 	14.866069 	9.219544 	999.000000 	39.204590 	33.970577 	32.202484 	36.400551 	26.419689 	15.033297 	24.351591 	22.561028 	15.652476 	16.552946 	24.331051 	31.622776 	30.413813 	25.019993 	26.076809 	28.319605 	29.206163 	30.000000 	36.235340 	
94.339813 	101.390335 	60.166435 	111.400177 	31.622776 	61.326992 	29.000000 	78.294319 	25.455845 	35.902645 	68.476273 	82.492424 	96.384644 	135.059250 	19.646883 	62.433964 	54.000000 	96.566040 	43.416588 	107.186752 	23.345236 	16.401220 	22.561028 	117.477661 	90.697296 	42.047592 	36.055511 	91.607857 	39.204590 	35.000000 	108.466583 	25.238859 	16.155495 	13.341664 	102.200783 	55.226807 	95.268044 	10.049875 	34.828148 	6.082763 	5.099020 	53.907330 	30.000000 	39.204590 	999.000000 	6.082763 	71.400284 	75.604233 	18.027756 	51.429562 	23.021729 	60.415230 	48.104053 	49.040798 	27.000000 	69.835518 	67.542580 	32.015621 	45.044422 	52.239830 	49.010204 	55.326305 	59.008472 	
91.394745 	98.351410 	57.280014 	108.078674 	36.235340 	58.189346 	28.635643 	74.732857 	29.410883 	34.058773 	64.884514 	78.714676 	92.590500 	131.590271 	21.095022 	58.591808 	60.008331 	92.660675 	39.924931 	103.353760 	22.090721 	20.000000 	21.023796 	113.648582 	86.608315 	48.093658 	42.107006 	87.367043 	34.985710 	30.886890 	104.307236 	21.540659 	14.000000 	19.104973 	97.908119 	50.606323 	90.801979 	16.124516 	29.698484 	12.165525 	11.180340 	48.795490 	24.758837 	33.970577 	6.082763 	999.000000 	66.068146 	70.292244 	12.000000 	45.650848 	17.000000 	54.708317 	42.154476 	43.081318 	21.023796 	64.140472 	61.717098 	26.076809 	39.012817 	46.173584 	43.000000 	49.254440 	53.000000 	
50.537113 	54.424259 	37.336308 	58.855755 	86.683334 	34.539833 	58.694122 	32.802441 	79.056938 	49.648766 	29.410883 	31.764761 	40.792156 	78.057671 	66.483078 	26.000000 	119.037811 	39.458839 	36.345562 	49.040798 	56.648037 	73.409805 	56.080299 	58.077534 	32.557640 	108.747414 	103.315056 	31.144823 	35.114101 	39.000000 	46.270943 	48.301140 	58.180752 	80.622574 	39.204590 	20.099751 	31.144823 	80.156097 	36.619667 	76.843994 	76.026314 	17.888544 	41.400482 	32.202484 	71.400284 	66.068146 	999.000000 	4.242640 	57.314919 	22.825424 	54.037025 	14.560220 	28.635643 	28.231188 	52.430908 	9.848858 	14.560220 	50.606323 	42.720020 	38.327538 	42.755116 	37.054016 	42.047592 	
49.396355 	52.801514 	39.293766 	56.515484 	90.443352 	36.400551 	62.361847 	32.526913 	82.873398 	53.150730 	30.413813 	30.805843 	38.600517 	75.000000 	70.384659 	27.892651 	122.930878 	37.107952 	39.812057 	46.270943 	60.539242 	77.388626 	60.008331 	55.000000 	30.364452 	112.729767 	107.331261 	28.635643 	39.000000 	42.953465 	43.046486 	52.354561 	62.265560 	84.723076 	36.013885 	23.537205 	28.000000 	84.314888 	40.804413 	81.024689 	80.212219 	21.954498 	45.607018 	36.400551 	75.604233 	70.292244 	4.242640 	999.000000 	61.554855 	26.925823 	58.258045 	18.384777 	32.649654 	32.202484 	56.612720 	12.041595 	17.029387 	54.708317 	46.486557 	41.773197 	46.324940 	40.311287 	45.011108 	
88.459030 	95.126228 	55.145264 	104.120125 	47.169907 	55.443665 	33.286633 	70.604530 	39.812057 	35.440090 	60.876926 	74.000000 	87.664131 	127.137718 	29.206163 	54.120235 	72.006943 	87.464279 	37.121422 	98.234413 	26.076809 	30.463093 	24.698177 	108.461975 	81.024689 	60.074955 	54.083271 	81.394104 	30.594116 	27.166155 	98.386993 	20.396078 	18.439089 	31.064449 	91.706055 	44.283180 	84.219948 	28.071337 	22.847319 	24.083189 	23.086792 	41.048752 	18.027756 	26.419689 	18.027756 	12.000000 	57.314919 	61.554855 	999.000000 	35.608986 	5.000000 	44.821869 	31.384710 	32.249031 	9.055386 	54.203320 	51.312767 	14.142136 	27.018513 	34.234486 	31.000000 	37.336308 	41.000000 	
66.098412 	71.449280 	40.804413 	78.006409 	72.173401 	39.115215 	46.389652 	46.872166 	64.195015 	39.849716 	39.217342 	48.166378 	60.074955 	98.994949 	51.156624 	32.695564 	102.610916 	59.211487 	29.154760 	69.584480 	42.000000 	56.885849 	41.012192 	79.246452 	52.239830 	91.482239 	85.726311 	51.623638 	23.409399 	25.495098 	67.911705 	32.062439 	40.792156 	62.297672 	60.876926 	20.124611 	52.886673 	60.926186 	19.026299 	57.271286 	56.364883 	13.000000 	22.561028 	15.033297 	51.429562 	45.650848 	22.825424 	26.925823 	35.608986 	999.000000 	31.827662 	9.219544 	6.082763 	6.000000 	29.832869 	18.601076 	16.155495 	27.784887 	21.023796 	18.973665 	22.203604 	19.235384 	25.553865 	
87.692642 	94.201912 	55.009090 	102.839684 	51.865211 	55.036350 	36.235340 	69.426216 	44.384682 	37.161808 	59.841457 	72.532753 	86.023254 	125.574677 	33.286633 	52.952808 	77.006493 	85.702972 	37.054016 	96.462425 	29.068884 	35.114101 	27.658634 	106.625511 	79.120163 	65.069191 	59.076221 	79.309517 	30.016663 	27.073973 	96.254868 	21.931713 	22.022715 	36.055511 	89.470665 	42.379242 	81.841309 	33.060551 	21.377558 	29.068884 	28.071337 	38.470768 	17.029387 	24.351591 	23.021729 	17.000000 	54.037025 	58.258045 	5.000000 	31.827662 	999.000000 	41.036568 	27.202942 	28.017851 	4.123106 	50.328918 	47.201694 	9.219544 	22.022715 	29.274563 	26.000000 	32.388271 	36.000000 	
61.983868 	66.708321 	41.109608 	72.249565 	79.762146 	38.897301 	53.000000 	43.081318 	71.847061 	45.398239 	36.891735 	43.416588 	54.147945 	92.265923 	58.855755 	31.240999 	110.860275 	53.037724 	33.241539 	63.031738 	49.365982 	65.000000 	48.507732 	72.339478 	46.043457 	99.929977 	94.244362 	45.011108 	29.068884 	32.015621 	60.671246 	39.812057 	49.040798 	70.936592 	53.600372 	20.000000 	45.541191 	69.778221 	26.925823 	66.189125 	65.299309 	13.416408 	31.016125 	22.561028 	60.415230 	54.708317 	14.560220 	18.384777 	44.821869 	9.219544 	41.036568 	999.000000 	14.422205 	13.892444 	38.948685 	9.433981 	8.000000 	36.619667 	28.160255 	24.020824 	28.284271 	23.086792 	28.635643 	
71.847061 	77.317528 	45.276924 	84.023804 	71.007042 	43.829212 	46.572525 	52.611786 	63.007935 	41.146080 	44.643028 	54.083271 	66.121101 	105.076164 	50.039986 	37.947330 	100.448990 	65.276337 	31.890438 	75.663727 	41.436699 	55.145264 	40.311287 	85.328773 	58.309521 	89.050545 	83.198555 	57.706154 	25.238859 	26.400757 	73.979729 	31.257000 	39.051247 	59.665737 	66.940269 	25.298222 	58.940647 	57.870544 	18.681541 	54.083271 	53.141319 	18.439089 	21.023796 	15.652476 	48.104053 	42.154476 	28.635643 	32.649654 	31.384710 	6.082763 	27.202942 	14.422205 	999.000000 	1.000000 	24.758837 	23.345236 	20.000000 	22.203604 	15.000000 	13.892444 	16.492422 	14.866069 	21.260292 	
72.006943 	77.414467 	45.793011 	84.005951 	72.006943 	44.294468 	47.539455 	52.773098 	64.007812 	42.047592 	44.922153 	54.147945 	66.068146 	104.938080 	51.039200 	38.275318 	101.434708 	65.192024 	32.649654 	75.538071 	42.426407 	56.142673 	41.303753 	85.158676 	58.215118 	90.027771 	84.172440 	57.558666 	26.076809 	27.313000 	73.756355 	32.249031 	40.049969 	60.638271 	66.708321 	25.632011 	58.694122 	58.821766 	19.646883 	55.027267 	54.083271 	18.681541 	22.022715 	16.552946 	49.040798 	43.081318 	28.231188 	32.202484 	32.249031 	6.000000 	28.017851 	13.892444 	1.000000 	999.000000 	25.495098 	22.671568 	19.209373 	22.803509 	15.033297 	13.416408 	16.278820 	14.212670 	20.615528 	
88.277969 	94.641426 	56.222771 	102.961159 	55.973209 	56.035702 	39.623226 	69.720871 	48.466484 	39.824615 	60.299255 	72.567207 	85.866173 	125.419296 	37.215588 	53.338543 	81.000000 	85.440041 	38.470768 	96.166519 	32.526913 	39.217342 	31.112698 	106.254410 	78.746429 	69.028976 	63.031738 	78.771820 	31.144823 	28.635643 	95.634720 	24.698177 	25.806976 	40.112343 	88.769363 	42.201897 	81.024689 	37.013512 	22.000000 	33.015148 	32.015621 	37.696156 	18.248287 	24.331051 	27.000000 	21.023796 	52.430908 	56.612720 	9.055386 	29.832869 	4.123106 	38.948685 	24.758837 	25.495098 	999.000000 	48.083260 	44.687805 	5.099020 	18.110771 	25.495098 	22.022715 	28.635643 	32.015621 	
60.373837 	64.257294 	44.777225 	68.447060 	88.459030 	42.190044 	61.204575 	42.438190 	80.603973 	53.009434 	38.209946 	41.593269 	50.447994 	87.005745 	67.683083 	33.837849 	119.920807 	49.030602 	40.199501 	58.309521 	58.051701 	74.040527 	57.271286 	67.007462 	42.201897 	109.110039 	103.464973 	40.607880 	37.121422 	40.447498 	55.009090 	48.764740 	58.189346 	80.230919 	48.000000 	25.000000 	40.012497 	79.158073 	36.055511 	75.591003 	74.706093 	20.024984 	40.311287 	31.622776 	69.835518 	64.140472 	9.848858 	12.041595 	54.203320 	18.601076 	50.328918 	9.433981 	23.345236 	22.671568 	48.083260 	999.000000 	5.000000 	45.453274 	35.777088 	30.364452 	35.114101 	28.635643 	33.060551 	
64.884514 	68.949257 	47.434166 	73.348480 	87.692642 	45.000000 	61.000000 	46.647614 	79.762146 	53.338543 	41.773197 	46.097721 	55.317268 	92.005432 	66.753281 	36.878178 	118.600166 	53.935146 	41.000000 	63.285069 	57.314919 	72.780495 	56.435802 	72.006943 	47.074409 	107.563934 	101.833199 	45.541191 	37.054016 	40.012497 	60.008331 	47.675991 	56.753853 	78.434685 	53.000000 	26.832815 	45.011108 	77.077881 	34.713108 	73.409805 	72.498276 	20.880613 	38.600517 	30.413813 	67.542580 	61.717098 	14.560220 	17.029387 	51.312767 	16.155495 	47.201694 	8.000000 	20.000000 	19.209373 	44.687805 	5.000000 	999.000000 	41.725292 	31.384710 	25.632011 	30.463093 	23.769728 	28.071337 	
