Total assets = 568
Number of asset nodes = 33

Distance:
999.000000 	19.646883 	9.848858 	40.853397 	32.557640 	22.803509 	40.792156 	63.285069 	29.120440 	51.195702 	21.633308 	59.808025 	29.068884 	33.526108 	29.681644 	44.102154 	50.089920 	30.000000 	75.292763 	57.870544 	27.000000 	29.681644 	29.529646 	42.379242 	62.128899 	41.036568 	56.885849 	43.931767 	58.463665 	85.234970 	40.792156 	42.426407 	48.104053 	43.185646 	77.414467 	91.082382 	79.227524 	87.321243 	85.328773 	49.477268 	90.708321 	82.097504 	60.464867 	58.051701 	55.470715 	85.146935 	98.351410 	102.156746 	55.901699 	64.899925 	78.089691 	55.009090 	71.867935 	
19.646883 	999.000000 	13.453624 	21.470911 	13.038404 	11.401754 	21.213203 	44.821869 	15.811388 	31.575306 	24.041630 	40.311287 	19.313208 	19.849434 	21.840330 	26.248810 	31.064449 	23.537205 	56.612720 	38.327538 	37.215588 	30.149628 	31.400637 	28.319605 	43.011627 	34.785053 	39.924931 	36.769554 	42.047592 	65.795135 	46.324940 	48.764740 	42.379242 	50.289165 	58.077534 	71.512238 	60.008331 	67.683083 	65.764732 	53.460266 	71.063354 	63.007935 	49.819675 	50.119858 	52.392746 	66.000000 	78.771820 	82.764725 	55.326305 	53.907330 	60.728905 	62.641838 	57.140179 	
9.848858 	13.453624 	999.000000 	34.669872 	25.079872 	13.152946 	33.241539 	58.258045 	19.416489 	43.657761 	14.317822 	53.235325 	19.235384 	23.769728 	20.000000 	35.014282 	41.593269 	20.518284 	70.000000 	50.000000 	24.698177 	22.135944 	22.561028 	32.572994 	53.600372 	31.890438 	47.381432 	34.655445 	48.836460 	78.714676 	36.013885 	38.118237 	39.204590 	39.319206 	69.050705 	84.172440 	70.710678 	79.699432 	77.369247 	44.102154 	83.168503 	73.437050 	50.803543 	48.795490 	47.413078 	76.531036 	91.389275 	95.713112 	48.703182 	55.217751 	68.593002 	51.623638 	62.032249 	
40.853397 	21.470911 	34.669872 	999.000000 	10.816654 	26.400757 	7.280110 	24.083189 	25.079872 	12.649111 	42.011902 	18.973665 	30.463093 	25.709921 	33.615471 	18.973665 	16.970562 	35.846897 	35.468296 	19.646883 	56.639210 	45.650848 	47.507893 	29.068884 	26.400757 	43.737854 	30.805843 	44.283180 	33.837849 	44.384682 	62.649822 	65.368187 	50.249378 	67.230942 	39.623226 	50.289165 	41.976185 	47.265209 	46.000000 	68.154236 	50.487621 	45.354160 	50.447994 	54.230988 	61.400326 	48.052055 	57.567352 	61.326992 	66.287254 	53.450912 	48.010414 	79.177017 	50.219517 	
32.557640 	13.038404 	25.079872 	10.816654 	999.000000 	15.620500 	8.246211 	34.828148 	14.560220 	18.681541 	31.240999 	28.301943 	19.924858 	16.000000 	23.086792 	15.000000 	18.248287 	25.298222 	45.967381 	25.317978 	45.967381 	34.885529 	36.715118 	21.540659 	30.066593 	34.058773 	28.844410 	35.014282 	31.400637 	53.712196 	51.884487 	54.589375 	41.012192 	56.435802 	45.044422 	59.093147 	47.000000 	54.817879 	52.773098 	57.584721 	58.240879 	50.039986 	43.863426 	46.324940 	52.009613 	53.009434 	66.309875 	70.710678 	56.435802 	47.413078 	48.846699 	68.425140 	47.423622 	
22.803509 	11.401754 	13.152946 	26.400757 	15.620500 	999.000000 	22.803509 	50.447994 	6.324555 	32.756680 	15.620500 	43.416588 	8.062258 	10.770329 	10.440307 	22.203604 	29.410883 	12.165525 	61.522354 	38.483765 	30.413813 	19.924858 	21.540659 	19.697716 	41.231056 	23.409399 	34.234486 	25.495098 	35.693138 	68.505478 	36.769554 	39.395432 	31.016125 	41.146080 	56.753853 	73.430237 	58.249462 	68.154236 	65.459915 	43.174065 	71.693794 	60.827625 	39.597980 	39.115215 	41.000000 	63.953106 	80.529495 	85.440041 	44.102154 	43.863426 	55.443665 	53.310413 	49.244289 	
40.792156 	21.213203 	33.241539 	7.280110 	8.246211 	22.803509 	999.000000 	28.653097 	20.000000 	10.440307 	38.209946 	20.615528 	25.238859 	19.697716 	28.301943 	11.704700 	11.180340 	30.528675 	39.051247 	17.117243 	53.150730 	40.804413 	42.801868 	22.000000 	22.360680 	37.363083 	24.083189 	37.656342 	27.018513 	45.793011 	57.688820 	60.464867 	43.566040 	62.425957 	37.000000 	50.990196 	39.051247 	46.572525 	44.553337 	62.609905 	50.000000 	42.190044 	43.174065 	47.095646 	54.744862 	45.099888 	58.180752 	62.769421 	59.908264 	46.173584 	42.544094 	74.094536 	43.416588 	
63.285069 	44.821869 	58.258045 	24.083189 	34.828148 	50.447994 	28.653097 	999.000000 	48.548943 	22.360680 	66.068146 	12.165525 	53.851646 	48.301140 	56.938564 	37.363083 	30.265491 	59.169250 	12.083046 	23.194826 	80.721741 	69.339745 	71.281136 	49.040798 	30.083218 	65.551506 	43.046486 	65.459915 	46.097721 	25.019993 	86.284416 	89.044930 	71.168816 	90.972527 	33.970577 	32.140316 	36.796738 	33.615471 	34.985710 	91.241440 	35.735138 	40.311287 	67.119293 	72.835434 	82.280006 	41.773197 	39.012817 	40.607880 	87.920418 	69.000000 	51.429562 	102.727798 	60.415230 	
29.120440 	15.811388 	19.416489 	25.079872 	14.560220 	6.324555 	20.000000 	48.548943 	999.000000 	29.068884 	18.867962 	40.311287 	5.385165 	4.472136 	8.544003 	16.763054 	24.596748 	10.770329 	59.033890 	34.132095 	33.837849 	20.808653 	22.803509 	13.416408 	36.055511 	20.099751 	28.071337 	21.587032 	29.427877 	64.815125 	37.735924 	40.496914 	27.459061 	42.438190 	51.546097 	69.339745 	52.886673 	63.505905 	60.539242 	43.081318 	67.082039 	55.317268 	34.058773 	34.438351 	38.118237 	58.463665 	76.321686 	81.608826 	42.107006 	38.209946 	49.254440 	54.203320 	42.953465 	
51.195702 	31.575306 	43.657761 	12.649111 	18.681541 	32.756680 	10.440307 	22.360680 	29.068884 	999.000000 	47.801674 	11.661903 	33.941124 	27.658634 	36.796738 	15.231546 	8.000000 	38.948685 	30.886890 	7.071068 	62.801273 	49.517673 	51.623638 	26.925823 	13.892444 	43.829212 	21.840330 	43.462627 	25.000000 	35.805027 	66.068146 	68.883957 	49.040798 	70.936592 	27.166155 	40.706264 	29.427877 	36.138622 	34.234486 	70.178345 	39.560081 	32.756680 	45.000000 	50.487621 	60.083275 	35.510563 	47.853943 	52.697250 	65.924202 	47.169907 	36.124783 	82.200974 	40.718548 	
21.633308 	24.041630 	14.317822 	42.011902 	31.240999 	15.620500 	38.209946 	66.068146 	18.867962 	47.801674 	999.000000 	58.796257 	14.866069 	21.540659 	13.152946 	35.341194 	43.416588 	12.000000 	77.103828 	53.000000 	15.000000 	8.062258 	8.246211 	28.284271 	54.625999 	20.591261 	44.721359 	23.706539 	45.276924 	83.600243 	22.360680 	24.738634 	27.018513 	26.248810 	70.007141 	88.204308 	71.168816 	82.298241 	79.202271 	30.000000 	85.883644 	73.375748 	41.231056 	37.443291 	33.837849 	76.537575 	95.189285 	100.439034 	34.539833 	45.694637 	65.192024 	38.600517 	55.578773 	
59.808025 	40.311287 	53.235325 	18.973665 	28.301943 	43.416588 	20.615528 	12.165525 	40.311287 	11.661903 	58.796257 	999.000000 	45.343136 	39.204590 	48.270073 	26.832815 	18.973665 	50.447994 	19.235384 	11.045361 	73.756355 	60.959003 	63.031738 	38.483765 	18.027756 	55.470715 	31.000000 	55.036350 	34.014702 	25.495098 	77.620872 	80.430092 	60.539242 	82.462112 	24.698177 	31.320919 	27.459061 	29.017237 	28.635643 	81.835197 	32.015621 	31.064449 	55.326305 	61.392181 	71.512238 	33.120991 	38.600517 	42.485291 	77.472572 	57.035076 	39.962482 	93.813644 	48.270073 	
29.068884 	19.313208 	19.235384 	30.463093 	19.924858 	8.062258 	25.238859 	53.851646 	5.385165 	33.941124 	14.866069 	45.343136 	999.000000 	6.708204 	3.162278 	20.591261 	28.844410 	5.385165 	64.202805 	38.600517 	29.529646 	15.620500 	17.691807 	14.035668 	39.812057 	15.524175 	30.149628 	17.464249 	31.000000 	69.526970 	32.449963 	35.227829 	23.086792 	37.202152 	55.154327 	73.817345 	56.302753 	67.601776 	64.404968 	37.696156 	71.196907 	58.523499 	31.890438 	31.064449 	33.376640 	61.684681 	80.709358 	86.214851 	37.013512 	36.235340 	51.000000 	48.877399 	43.011627 	
33.526108 	19.849434 	23.769728 	25.709921 	16.000000 	10.770329 	19.697716 	48.301140 	4.472136 	27.658634 	21.540659 	39.204590 	6.708204 	999.000000 	9.219544 	13.892444 	22.203604 	11.313708 	58.249462 	32.015621 	36.235340 	21.931713 	24.083189 	8.944272 	33.105892 	18.110771 	24.000000 	19.026299 	25.179358 	63.031738 	38.418747 	41.231056 	25.019993 	43.278172 	48.466484 	67.201187 	49.648766 	60.901562 	57.697487 	42.941822 	64.498062 	51.923019 	30.000000 	31.016125 	36.013885 	55.081757 	74.060783 	79.649231 	40.607880 	34.058773 	45.099888 	54.644306 	38.483765 	
29.681644 	21.840330 	20.000000 	33.615471 	23.086792 	10.440307 	28.301943 	56.938564 	8.544003 	36.796738 	13.152946 	48.270073 	3.162278 	9.219544 	999.000000 	23.021729 	31.400637 	2.236068 	67.201187 	41.231056 	27.313000 	12.727922 	14.866069 	15.132746 	42.059483 	13.000000 	31.575306 	15.264338 	32.140316 	72.249565 	29.410883 	32.202484 	20.615528 	34.205261 	57.271286 	76.400261 	58.309521 	69.971420 	66.648331 	34.539833 	73.573090 	60.406952 	30.805843 	29.206163 	30.594116 	63.568859 	83.234612 	88.865067 	34.000000 	35.227829 	52.086468 	45.793011 	43.174065 	
44.102154 	26.248810 	35.014282 	18.973665 	15.000000 	22.203604 	11.704700 	37.363083 	16.763054 	15.231546 	35.341194 	26.832815 	20.591261 	13.892444 	23.021729 	999.000000 	8.485281 	25.000000 	46.065170 	18.384777 	50.119858 	35.608986 	37.802116 	11.704700 	19.313208 	28.653097 	13.892444 	28.231188 	16.401220 	49.497475 	51.623638 	54.451813 	33.837849 	56.568542 	34.785053 	53.413483 	36.138622 	47.010635 	43.863426 	55.217751 	50.606323 	38.639359 	31.575306 	36.013885 	44.922153 	41.773197 	60.216278 	65.946945 	50.695168 	34.481880 	34.481880 	67.475922 	32.526913 	
50.089920 	31.064449 	41.593269 	16.970562 	18.248287 	29.410883 	11.180340 	30.265491 	24.596748 	8.000000 	43.416588 	18.973665 	28.844410 	22.203604 	31.400637 	8.485281 	999.000000 	33.421551 	38.078865 	9.899495 	58.309521 	44.045429 	46.227695 	19.723083 	12.041595 	36.891735 	14.317822 	36.235340 	17.464249 	41.012192 	60.108234 	62.936478 	41.629318 	65.053825 	27.459061 	45.000000 	29.154760 	38.910152 	36.055511 	63.600315 	42.485291 	32.015621 	37.000000 	42.579338 	52.554733 	35.057095 	51.865211 	57.489128 	58.600342 	39.204590 	31.384710 	75.927597 	33.615471 	
30.000000 	23.537205 	20.518284 	35.846897 	25.298222 	12.165525 	30.528675 	59.169250 	10.770329 	38.948685 	12.000000 	50.447994 	5.385165 	11.313708 	2.236068 	25.000000 	33.421551 	999.000000 	69.404610 	43.278172 	25.632011 	10.630146 	12.806249 	16.492422 	43.908997 	11.661903 	32.984844 	14.212670 	33.376640 	74.330345 	27.202942 	30.000000 	19.235384 	32.015621 	59.033890 	78.409180 	60.008331 	71.867935 	68.476273 	32.310989 	75.471848 	62.032249 	30.528675 	28.319605 	28.861740 	65.192024 	85.211502 	90.906548 	32.015621 	34.985710 	53.235325 	43.566040 	43.737854 	
75.292763 	56.612720 	70.000000 	35.468296 	45.967381 	61.522354 	39.051247 	12.083046 	59.033890 	30.886890 	77.103828 	19.235384 	64.202805 	58.249462 	67.201187 	46.065170 	38.078865 	69.404610 	999.000000 	29.120440 	91.923882 	79.812279 	81.835197 	57.697487 	34.132095 	74.706093 	48.836460 	74.249580 	51.623638 	15.231546 	96.607452 	99.403221 	79.705711 	101.400200 	32.310989 	22.472204 	34.928497 	26.907248 	29.832869 	101.019798 	28.017851 	38.013157 	73.545906 	80.081207 	90.620087 	38.587563 	28.635643 	29.068884 	96.664368 	74.813103 	52.392746 	112.893753 	64.031242 	
57.870544 	38.327538 	50.000000 	19.646883 	25.317978 	38.483765 	17.117243 	23.194826 	34.132095 	7.071068 	53.000000 	11.045361 	38.600517 	32.015621 	41.231056 	18.384777 	9.899495 	43.278172 	29.120440 	999.000000 	67.955872 	53.907330 	56.080299 	29.410883 	7.810250 	46.615448 	20.024984 	45.793011 	23.000000 	31.112698 	70.007141 	72.835434 	51.000000 	74.953316 	20.099751 	35.227829 	22.360680 	29.732138 	27.459061 	73.409805 	33.241539 	25.709921 	44.553337 	50.960770 	61.741398 	28.442924 	42.190044 	47.634022 	68.000000 	46.097721 	30.479502 	85.796272 	37.363083 	
27.000000 	37.215588 	24.698177 	56.639210 	45.967381 	30.413813 	53.150730 	80.721741 	33.837849 	62.801273 	15.000000 	73.756355 	29.529646 	36.235340 	27.313000 	50.119858 	58.309521 	25.632011 	91.923882 	67.955872 	999.000000 	16.124516 	14.035668 	42.059483 	69.318108 	30.016663 	58.523499 	33.060551 	58.694122 	98.600204 	15.264338 	16.155495 	33.955853 	16.492422 	84.581322 	103.174606 	85.615417 	97.128784 	93.914856 	24.186773 	100.722389 	87.664131 	50.487621 	44.643028 	36.359318 	90.824005 	110.136276 	115.433968 	33.970577 	54.744862 	78.262383 	28.017851 	67.007462 	
29.681644 	30.149628 	22.135944 	45.650848 	34.885529 	19.924858 	40.804413 	69.339745 	20.808653 	49.517673 	8.062258 	60.959003 	15.620500 	21.931713 	12.727922 	35.608986 	44.045429 	10.630146 	79.812279 	53.907330 	16.124516 	999.000000 	2.236068 	26.400757 	54.378304 	14.317822 	42.720020 	17.464249 	42.720020 	84.958817 	17.000000 	19.723083 	19.723083 	21.633308 	69.354164 	89.022469 	70.213959 	82.377182 	78.892334 	23.345236 	85.982559 	72.090218 	35.171009 	30.413813 	25.806976 	75.239616 	95.801880 	101.533249 	26.570660 	39.560081 	62.169125 	33.541019 	51.009804 	
29.529646 	31.400637 	22.561028 	47.507893 	36.715118 	21.540659 	42.801868 	71.281136 	22.803509 	51.623638 	8.246211 	63.031738 	17.691807 	24.083189 	14.866069 	37.802116 	46.227695 	12.806249 	81.835197 	56.080299 	14.035668 	2.236068 	999.000000 	28.635643 	56.603886 	16.124516 	44.944408 	19.235384 	44.922153 	87.114868 	15.231546 	17.888544 	21.023796 	19.723083 	71.589104 	91.214035 	72.449982 	84.599052 	81.123360 	22.090721 	88.204308 	74.323616 	36.878178 	31.780497 	26.248810 	77.472572 	98.005104 	103.711136 	26.400757 	41.231056 	64.327286 	31.780497 	53.000000 	
42.379242 	28.319605 	32.572994 	29.068884 	21.540659 	19.697716 	22.000000 	49.040798 	13.416408 	26.925823 	28.284271 	38.483765 	14.035668 	8.944272 	15.132746 	11.704700 	19.723083 	16.492422 	57.697487 	29.410883 	42.059483 	26.400757 	28.635643 	999.000000 	28.425341 	17.204651 	16.492422 	16.552946 	17.029387 	60.307545 	41.231056 	44.045429 	22.135944 	46.227695 	43.046486 	63.655323 	43.829212 	56.400356 	52.697250 	44.045429 	60.000000 	45.694637 	22.360680 	25.179358 	33.241539 	48.846699 	70.178345 	76.367531 	39.000000 	26.076809 	37.013512 	56.586216 	29.546574 	
62.128899 	43.011627 	53.600372 	26.400757 	30.066593 	41.231056 	22.360680 	30.083218 	36.055511 	13.892444 	54.625999 	18.027756 	39.812057 	33.105892 	42.059483 	19.313208 	12.041595 	43.908997 	34.132095 	7.810250 	69.318108 	54.378304 	56.603886 	28.425341 	999.000000 	45.254833 	15.231546 	43.931767 	17.720045 	32.756680 	69.656296 	72.470680 	48.600410 	74.652527 	15.524175 	35.383614 	17.117243 	28.017851 	24.596748 	72.138756 	31.622776 	20.000000 	39.849716 	47.010635 	58.830265 	23.021729 	41.773197 	48.166378 	65.459915 	40.792156 	22.671568 	84.864601 	30.413813 	
41.036568 	34.785053 	31.890438 	43.737854 	34.058773 	23.409399 	37.363083 	65.551506 	20.099751 	43.829212 	20.591261 	55.470715 	15.524175 	18.110771 	13.000000 	28.653097 	36.891735 	11.661903 	74.706093 	46.615448 	30.016663 	14.317822 	16.124516 	17.204651 	45.254833 	999.000000 	31.622776 	3.162278 	30.886890 	77.466118 	25.059929 	27.784887 	7.615773 	30.016663 	59.203041 	80.622574 	59.640591 	73.000000 	69.028976 	26.907248 	76.576759 	61.057350 	20.880613 	17.029387 	18.027756 	64.140472 	87.000000 	93.380943 	22.561028 	25.298222 	49.335587 	39.623226 	37.054016 	
56.885849 	39.924931 	47.381432 	30.805843 	28.844410 	34.234486 	24.083189 	43.046486 	28.071337 	21.840330 	44.721359 	31.000000 	30.149628 	24.000000 	31.575306 	13.892444 	14.317822 	32.984844 	48.836460 	20.024984 	58.523499 	42.720020 	44.944408 	16.492422 	15.231546 	31.622776 	999.000000 	29.832869 	3.162278 	47.885281 	56.603886 	59.363289 	33.970577 	61.587337 	27.658634 	50.000000 	28.017851 	41.725292 	37.536648 	58.137768 	45.254833 	29.529646 	24.738634 	31.780497 	43.829212 	32.649654 	55.973209 	62.801273 	50.606323 	26.076809 	21.213203 	71.063354 	19.416489 	
43.931767 	36.769554 	34.655445 	44.283180 	35.014282 	25.495098 	37.656342 	65.459915 	21.587032 	43.462627 	23.706539 	55.036350 	17.464249 	19.026299 	15.264338 	28.231188 	36.235340 	14.212670 	74.249580 	45.793011 	33.060551 	17.464249 	19.235384 	16.552946 	43.931767 	3.162278 	29.832869 	999.000000 	28.844410 	76.400261 	27.313000 	29.966648 	6.000000 	32.202484 	57.489128 	79.309517 	57.801384 	71.449280 	67.357254 	28.319605 	75.006668 	59.076221 	17.720045 	14.142136 	17.117243 	62.128899 	85.562843 	92.097771 	22.472204 	22.135944 	46.818798 	41.231056 	34.132095 	
58.463665 	42.047592 	48.836460 	33.837849 	31.400637 	35.693138 	27.018513 	46.097721 	29.427877 	25.000000 	45.276924 	34.014702 	31.000000 	25.179358 	32.140316 	16.401220 	17.464249 	33.376640 	51.623638 	23.000000 	58.694122 	42.720020 	44.922153 	17.029387 	17.720045 	30.886890 	3.162278 	28.844410 	999.000000 	50.089920 	55.946404 	58.668560 	32.557640 	60.901562 	29.000000 	51.865211 	29.068884 	43.278172 	38.897301 	57.008770 	46.754681 	30.232433 	22.135944 	29.529646 	42.011902 	33.286633 	57.628117 	64.637451 	48.918301 	23.194826 	20.000000 	70.000000 	16.401220 	
85.234970 	65.795135 	78.714676 	44.384682 	53.712196 	68.505478 	45.793011 	25.019993 	64.815125 	35.805027 	83.600243 	25.495098 	69.526970 	63.031738 	72.249565 	49.497475 	41.012192 	74.330345 	15.231546 	31.112698 	98.600204 	84.958817 	87.114868 	60.307545 	32.756680 	77.466118 	47.885281 	76.400261 	50.089920 	999.000000 	101.118744 	103.947105 	81.271149 	106.066017 	24.083189 	7.280110 	26.000000 	13.416408 	17.720045 	104.350372 	13.453624 	28.160255 	72.090218 	79.605278 	91.586021 	27.658634 	14.000000 	17.000000 	98.183502 	72.449982 	45.044422 	116.846054 	59.228371 	
40.792156 	46.324940 	36.013885 	62.649822 	51.884487 	36.769554 	57.688820 	86.284416 	37.735924 	66.068146 	22.360680 	77.620872 	32.449963 	38.418747 	29.410883 	51.623638 	60.108234 	27.202942 	96.607452 	70.007141 	15.264338 	17.000000 	15.231546 	41.231056 	69.656296 	25.059929 	56.603886 	27.313000 	55.946404 	101.118744 	999.000000 	2.828427 	25.495098 	5.000000 	84.053551 	104.804581 	84.599052 	97.616600 	93.813644 	8.944272 	101.212646 	86.092972 	42.426407 	35.014282 	23.769728 	89.185204 	111.395691 	117.456375 	19.723083 	46.173584 	74.094536 	16.552946 	60.638271 	
42.426407 	48.764740 	38.118237 	65.368187 	54.589375 	39.395432 	60.464867 	89.044930 	40.496914 	68.883957 	24.738634 	80.430092 	35.227829 	41.231056 	32.202484 	54.451813 	62.936478 	30.000000 	99.403221 	72.835434 	16.155495 	19.723083 	17.888544 	44.045429 	72.470680 	27.784887 	59.363289 	29.966648 	58.668560 	103.947105 	2.828427 	999.000000 	27.892651 	2.236068 	86.838928 	107.628990 	87.367043 	100.424103 	96.607452 	8.485281 	104.019226 	88.836929 	44.721359 	37.121422 	25.317978 	91.923882 	114.214706 	120.282997 	20.615528 	48.373547 	76.694199 	13.928389 	63.063461 	
48.104053 	42.379242 	39.204590 	50.249378 	41.012192 	31.016125 	43.566040 	71.168816 	27.459061 	49.040798 	27.018513 	60.539242 	23.086792 	25.019993 	20.615528 	33.837849 	41.629318 	19.235384 	79.705711 	51.000000 	33.955853 	19.723083 	21.023796 	22.135944 	48.600410 	7.615773 	33.970577 	6.000000 	32.557640 	81.271149 	25.495098 	27.892651 	999.000000 	30.083218 	61.522354 	83.868942 	61.619801 	75.690155 	71.421288 	24.698177 	79.208588 	62.625874 	17.029387 	10.770329 	11.180340 	65.604881 	89.938866 	96.674713 	17.000000 	21.023796 	49.193497 	37.735924 	35.171009 	
43.185646 	50.289165 	39.319206 	67.230942 	56.435802 	41.146080 	62.425957 	90.972527 	42.438190 	70.936592 	26.248810 	82.462112 	37.202152 	43.278172 	34.205261 	56.568542 	65.053825 	32.015621 	101.400200 	74.953316 	16.492422 	21.633308 	19.723083 	46.227695 	74.652527 	30.016663 	61.587337 	32.202484 	60.901562 	106.066017 	5.000000 	2.236068 	30.083218 	999.000000 	89.050545 	109.786156 	89.587944 	102.615791 	98.812958 	9.433981 	106.212051 	91.065910 	46.872166 	39.204590 	27.166155 	94.154129 	116.387283 	122.429573 	22.135944 	50.487621 	78.924011 	12.369317 	65.253349 	
77.414467 	58.077534 	69.050705 	39.623226 	45.044422 	56.753853 	37.000000 	33.970577 	51.546097 	27.166155 	70.007141 	24.698177 	55.154327 	48.466484 	57.271286 	34.785053 	27.459061 	59.033890 	32.310989 	20.099751 	84.581322 	69.354164 	71.589104 	43.046486 	15.524175 	59.203041 	27.658634 	57.489128 	29.000000 	24.083189 	84.053551 	86.838928 	61.522354 	89.050545 	999.000000 	23.769728 	2.828427 	14.422205 	9.899495 	85.796272 	17.804493 	6.403124 	49.929951 	58.008621 	70.936592 	8.544003 	28.844410 	36.235340 	77.897369 	49.648766 	21.000000 	98.716766 	35.440090 	
91.082382 	71.512238 	84.172440 	50.289165 	59.093147 	73.430237 	50.990196 	32.140316 	69.339745 	40.706264 	88.204308 	31.320919 	73.817345 	67.201187 	76.400261 	53.413483 	45.000000 	78.409180 	22.472204 	35.227829 	103.174606 	89.022469 	91.214035 	63.655323 	35.383614 	80.622574 	50.000000 	79.309517 	51.865211 	7.280110 	104.804581 	107.628990 	83.868942 	109.786156 	23.769728 	999.000000 	25.000000 	10.049875 	15.132746 	107.517441 	8.246211 	26.305893 	73.430237 	81.301903 	93.813644 	25.019993 	7.280110 	12.806249 	100.603180 	73.348480 	43.931767 	120.208153 	59.135437 	
79.227524 	60.008331 	70.710678 	41.976185 	47.000000 	58.249462 	39.051247 	36.796738 	52.886673 	29.427877 	71.168816 	27.459061 	56.302753 	49.648766 	58.309521 	36.138622 	29.154760 	60.008331 	34.928497 	22.360680 	85.615417 	70.213959 	72.449982 	43.829212 	17.117243 	59.640591 	28.017851 	57.801384 	29.068884 	26.000000 	84.599052 	87.367043 	61.619801 	89.587944 	2.828427 	25.000000 	999.000000 	15.231546 	10.295630 	86.052307 	18.357559 	3.605551 	49.406479 	57.628117 	70.767227 	6.082763 	29.529646 	37.161808 	77.794601 	48.877399 	19.104973 	99.020203 	34.176014 	
87.321243 	67.683083 	79.699432 	47.265209 	54.817879 	68.154236 	46.572525 	33.615471 	63.505905 	36.138622 	82.298241 	29.017237 	67.601776 	60.901562 	69.971420 	47.010635 	38.910152 	71.867935 	26.907248 	29.732138 	97.128784 	82.377182 	84.599052 	56.400356 	28.017851 	73.000000 	41.725292 	71.449280 	43.278172 	13.416408 	97.616600 	100.424103 	75.690155 	102.615791 	14.422205 	10.049875 	15.231546 	999.000000 	5.099020 	99.764725 	3.605551 	16.278820 	64.350601 	72.422371 	85.276024 	15.000000 	14.422205 	21.931713 	92.195442 	64.007812 	33.955853 	112.609947 	49.396355 	
85.328773 	65.764732 	77.369247 	46.000000 	52.773098 	65.459915 	44.553337 	34.985710 	60.539242 	34.234486 	79.202271 	28.635643 	64.404968 	57.697487 	66.648331 	43.863426 	36.055511 	68.476273 	29.832869 	27.459061 	93.914856 	78.892334 	81.123360 	52.697250 	24.596748 	69.028976 	37.536648 	67.357254 	38.897301 	17.720045 	93.813644 	96.607452 	71.421288 	98.812958 	9.899495 	15.132746 	10.295630 	5.099020 	999.000000 	95.671310 	8.062258 	11.180340 	59.640591 	67.801178 	80.808418 	10.049875 	19.235384 	26.925823 	87.783829 	59.169250 	28.861740 	108.577164 	44.384682 	
49.477268 	53.460266 	44.102154 	68.154236 	57.584721 	43.174065 	62.609905 	91.241440 	43.081318 	70.178345 	30.000000 	81.835197 	37.696156 	42.941822 	34.539833 	55.217751 	63.600315 	32.310989 	101.019798 	73.409805 	24.186773 	23.345236 	22.090721 	44.045429 	72.138756 	26.907248 	58.137768 	28.319605 	57.008770 	104.350372 	8.944272 	8.485281 	24.698177 	9.433981 	85.796272 	107.517441 	86.052307 	99.764725 	95.671310 	999.000000 	103.324730 	87.200920 	40.496914 	32.280025 	19.104973 	90.210861 	113.846390 	120.282997 	13.152946 	43.680660 	73.824112 	13.038404 	59.236813 	
90.708321 	71.063354 	83.168503 	50.487621 	58.240879 	71.693794 	50.000000 	35.735138 	67.082039 	39.560081 	85.883644 	32.015621 	71.196907 	64.498062 	73.573090 	50.606323 	42.485291 	75.471848 	28.017851 	33.241539 	100.722389 	85.982559 	88.204308 	60.000000 	31.622776 	76.576759 	45.254833 	75.006668 	46.754681 	13.453624 	101.212646 	104.019226 	79.208588 	106.212051 	17.804493 	8.246211 	18.357559 	3.605551 	8.062258 	103.324730 	999.000000 	18.973665 	67.675697 	75.802376 	88.729927 	17.262676 	11.180340 	18.973665 	95.671310 	67.230942 	36.687874 	116.180893 	52.392746 	
82.097504 	63.007935 	73.437050 	45.354160 	50.039986 	60.827625 	42.190044 	40.311287 	55.317268 	32.756680 	73.375748 	31.064449 	58.523499 	51.923019 	60.406952 	38.639359 	32.015621 	62.032249 	38.013157 	25.709921 	87.664131 	72.090218 	74.323616 	45.694637 	20.000000 	61.057350 	29.529646 	59.076221 	30.232433 	28.160255 	86.092972 	88.836929 	62.625874 	91.065910 	6.403124 	26.305893 	3.605551 	16.278820 	11.180340 	87.200920 	18.973665 	999.000000 	49.678970 	58.051701 	71.421288 	3.162278 	30.083218 	37.947330 	78.517517 	48.826221 	17.720045 	100.209778 	33.541019 	
60.464867 	49.819675 	50.803543 	50.447994 	43.863426 	39.597980 	43.174065 	67.119293 	34.058773 	45.000000 	41.231056 	55.326305 	31.890438 	30.000000 	30.805843 	31.575306 	37.000000 	30.528675 	73.545906 	44.553337 	50.487621 	35.171009 	36.878178 	22.360680 	39.849716 	20.880613 	24.738634 	17.720045 	22.135944 	72.090218 	42.426407 	44.721359 	17.029387 	46.872166 	49.929951 	73.430237 	49.406479 	64.350601 	59.640591 	40.496914 	67.675697 	49.678970 	999.000000 	8.602325 	22.472204 	52.402290 	78.771820 	86.092972 	29.681644 	4.472136 	34.205261 	53.310413 	18.788294 	
58.051701 	50.119858 	48.795490 	54.230988 	46.324940 	39.115215 	47.095646 	72.835434 	34.438351 	50.487621 	37.443291 	61.392181 	31.064449 	31.016125 	29.206163 	36.013885 	42.579338 	28.319605 	80.081207 	50.960770 	44.643028 	30.413813 	31.780497 	25.179358 	47.010635 	17.029387 	31.780497 	14.142136 	29.529646 	79.605278 	35.014282 	37.121422 	10.770329 	39.204590 	58.008621 	81.301903 	57.628117 	72.422371 	67.801178 	32.280025 	75.802376 	58.051701 	8.602325 	999.000000 	13.892444 	60.827625 	86.838928 	94.031906 	21.095022 	11.401754 	42.801868 	44.944408 	27.294687 	
55.470715 	52.392746 	47.413078 	61.400326 	52.009613 	41.000000 	54.744862 	82.280006 	38.118237 	60.083275 	33.837849 	71.512238 	33.376640 	36.013885 	30.594116 	44.922153 	52.554733 	28.861740 	90.620087 	61.741398 	36.359318 	25.806976 	26.248810 	33.241539 	58.830265 	18.027756 	43.829212 	17.117243 	42.011902 	91.586021 	23.769728 	25.317978 	11.180340 	27.166155 	70.936592 	93.813644 	70.767227 	85.276024 	80.808418 	19.104973 	88.729927 	71.421288 	22.472204 	13.892444 	999.000000 	74.276512 	99.639351 	106.606750 	7.211102 	25.079872 	56.612720 	31.320919 	41.182522 	
85.146935 	66.000000 	76.531036 	48.052055 	53.009434 	63.953106 	45.099888 	41.773197 	58.463665 	35.510563 	76.537575 	33.120991 	61.684681 	55.081757 	63.568859 	41.773197 	35.057095 	65.192024 	38.587563 	28.442924 	90.824005 	75.239616 	77.472572 	48.846699 	23.021729 	64.140472 	32.649654 	62.128899 	33.286633 	27.658634 	89.185204 	91.923882 	65.604881 	94.154129 	8.544003 	25.019993 	6.082763 	15.000000 	10.049875 	90.210861 	17.262676 	3.162278 	52.402290 	60.827625 	74.276512 	999.000000 	28.160255 	36.138622 	81.394104 	51.400391 	19.697716 	103.227905 	35.846897 	
98.351410 	78.771820 	91.389275 	57.567352 	66.309875 	80.529495 	58.180752 	39.012817 	76.321686 	47.853943 	95.189285 	38.600517 	80.709358 	74.060783 	83.234612 	60.216278 	51.865211 	85.211502 	28.635643 	42.190044 	110.136276 	95.801880 	98.005104 	70.178345 	41.773197 	87.000000 	55.973209 	85.562843 	57.628117 	14.000000 	111.395691 	114.214706 	89.938866 	116.387283 	28.844410 	7.280110 	29.529646 	14.422205 	19.235384 	113.846390 	11.180340 	30.083218 	78.771820 	86.838928 	99.639351 	28.160255 	999.000000 	8.062258 	106.526993 	78.390053 	47.759815 	126.621483 	63.560993 	
102.156746 	82.764725 	95.713112 	61.326992 	70.710678 	85.440041 	62.769421 	40.607880 	81.608826 	52.697250 	100.439034 	42.485291 	86.214851 	79.649231 	88.865067 	65.946945 	57.489128 	90.906548 	29.068884 	47.634022 	115.433968 	101.533249 	103.711136 	76.367531 	48.166378 	93.380943 	62.801273 	92.097771 	64.637451 	17.000000 	117.456375 	120.282997 	96.674713 	122.429573 	36.235340 	12.806249 	37.161808 	21.931713 	26.925823 	120.282997 	18.973665 	37.947330 	86.092972 	94.031906 	106.606750 	36.138622 	8.062258 	999.000000 	113.406349 	85.883644 	55.659679 	132.943604 	71.309189 	
55.901699 	55.326305 	48.703182 	66.287254 	56.435802 	44.102154 	59.908264 	87.920418 	42.107006 	65.924202 	34.539833 	77.472572 	37.013512 	40.607880 	34.000000 	50.695168 	58.600342 	32.015621 	96.664368 	68.000000 	33.970577 	26.570660 	26.400757 	39.000000 	65.459915 	22.561028 	50.606323 	22.472204 	48.918301 	98.183502 	19.723083 	20.615528 	17.000000 	22.135944 	77.897369 	100.603180 	77.794601 	92.195442 	87.783829 	13.152946 	95.671310 	78.517517 	29.681644 	21.095022 	7.211102 	81.394104 	106.526993 	113.406349 	999.000000 	32.202484 	63.820061 	24.515301 	48.373547 	
64.899925 	53.907330 	55.217751 	53.450912 	47.413078 	43.863426 	46.173584 	69.000000 	38.209946 	47.169907 	45.694637 	57.035076 	36.235340 	34.058773 	35.227829 	34.481880 	39.204590 	34.985710 	74.813103 	46.097721 	54.744862 	39.560081 	41.231056 	26.076809 	40.792156 	25.298222 	26.076809 	22.135944 	23.194826 	72.449982 	46.173584 	48.373547 	21.023796 	50.487621 	49.648766 	73.348480 	48.877399 	64.007812 	59.169250 	43.680660 	67.230942 	48.826221 	4.472136 	11.401754 	25.079872 	51.400391 	78.390053 	85.883644 	32.202484 	999.000000 	32.526913 	56.302753 	16.401220 	
78.089691 	60.728905 	68.593002 	48.010414 	48.846699 	55.443665 	42.544094 	51.429562 	49.254440 	36.124783 	65.192024 	39.962482 	51.000000 	45.099888 	52.086468 	34.481880 	31.384710 	53.235325 	52.392746 	30.479502 	78.262383 	62.169125 	64.327286 	37.013512 	22.671568 	49.335587 	21.213203 	46.818798 	20.000000 	45.044422 	74.094536 	76.694199 	49.193497 	78.924011 	21.000000 	43.931767 	19.104973 	33.955853 	28.861740 	73.824112 	36.687874 	17.720045 	34.205261 	42.801868 	56.612720 	19.697716 	47.759815 	55.659679 	63.820061 	32.526913 	999.000000 	86.833176 	16.401220 	
55.009090 	62.641838 	51.623638 	79.177017 	68.425140 	53.310413 	74.094536 	102.727798 	54.203320 	82.200974 	38.600517 	93.813644 	48.877399 	54.644306 	45.793011 	67.475922 	75.927597 	43.566040 	112.893753 	85.796272 	28.017851 	33.541019 	31.780497 	56.586216 	84.864601 	39.623226 	71.063354 	41.231056 	70.000000 	116.846054 	16.552946 	13.928389 	37.735924 	12.369317 	98.716766 	120.208153 	99.020203 	112.609947 	108.577164 	13.038404 	116.180893 	100.209778 	53.310413 	44.944408 	31.320919 	103.227905 	126.621483 	132.943604 	24.515301 	56.302753 	86.833176 	999.000000 	72.090218 	
71.867935 	57.140179 	62.032249 	50.219517 	47.423622 	49.244289 	43.416588 	60.415230 	42.953465 	40.718548 	55.578773 	48.270073 	43.011627 	38.483765 	43.174065 	32.526913 	33.615471 	43.737854 	64.031242 	37.363083 	67.007462 	51.009804 	53.000000 	29.546574 	30.413813 	37.054016 	19.416489 	34.132095 	16.401220 	59.228371 	60.638271 	63.063461 	35.171009 	65.253349 	35.440090 	59.135437 	34.176014 	49.396355 	44.384682 	59.236813 	52.392746 	33.541019 	18.788294 	27.294687 	41.182522 	35.846897 	63.560993 	71.309189 	48.373547 	16.401220 	16.401220 	72.090218 	999.000000 	

Travel time:
9.000000 	0.491172 	0.246221 	1.021335 	0.813941 	0.570088 	1.019804 	1.582127 	0.728011 	1.279893 	0.540833 	1.495201 	0.726722 	0.838153 	0.742041 	1.102554 	1.252248 	0.750000 	1.882319 	1.446764 	0.675000 	0.742041 	0.738241 	1.059481 	1.553222 	1.025914 	1.422146 	1.098294 	1.461592 	2.130874 	1.019804 	1.060660 	1.202601 	1.079641 	1.935362 	2.277060 	1.980688 	2.183031 	2.133219 	1.236932 	2.267708 	2.052438 	1.511622 	1.451293 	1.386768 	2.128673 	2.458785 	2.553919 	1.397542 	1.622498 	1.952242 	1.375227 	1.796698 	
0.491172 	9.000000 	0.336341 	0.536773 	0.325960 	0.285044 	0.530330 	1.120547 	0.395285 	0.789383 	0.601041 	1.007782 	0.482830 	0.496236 	0.546008 	0.656220 	0.776611 	0.588430 	1.415318 	0.958188 	0.930390 	0.753741 	0.785016 	0.707990 	1.075291 	0.869626 	0.998123 	0.919239 	1.051190 	1.644878 	1.158123 	1.219118 	1.059481 	1.257229 	1.451938 	1.787806 	1.500208 	1.692077 	1.644118 	1.336507 	1.776584 	1.575198 	1.245492 	1.252996 	1.309819 	1.650000 	1.969296 	2.069118 	1.383158 	1.347683 	1.518223 	1.566046 	1.428504 	
0.246221 	0.336341 	9.000000 	0.866747 	0.626997 	0.328824 	0.831038 	1.456451 	0.485412 	1.091444 	0.357946 	1.330883 	0.480885 	0.594243 	0.500000 	0.875357 	1.039832 	0.512957 	1.750000 	1.250000 	0.617454 	0.553399 	0.564026 	0.814325 	1.340009 	0.797261 	1.184536 	0.866386 	1.220912 	1.967867 	0.900347 	0.952956 	0.980115 	0.982980 	1.726268 	2.104311 	1.767767 	1.992486 	1.934231 	1.102554 	2.079213 	1.835926 	1.270089 	1.219887 	1.185327 	1.913276 	2.284732 	2.392828 	1.217580 	1.380444 	1.714825 	1.290591 	1.550806 	
1.021335 	0.536773 	0.866747 	9.000000 	0.270416 	0.660019 	0.182003 	0.602080 	0.626997 	0.316228 	1.050297 	0.474342 	0.761577 	0.642748 	0.840387 	0.474342 	0.424264 	0.896172 	0.886707 	0.491172 	1.415980 	1.141271 	1.187697 	0.726722 	0.660019 	1.093446 	0.770146 	1.107080 	0.845946 	1.109617 	1.566246 	1.634205 	1.256234 	1.680773 	0.990581 	1.257229 	1.049405 	1.181630 	1.150000 	1.703856 	1.262191 	1.133854 	1.261200 	1.355775 	1.535008 	1.201301 	1.439184 	1.533175 	1.657181 	1.336273 	1.200260 	1.979425 	1.255488 	
0.813941 	0.325960 	0.626997 	0.270416 	9.000000 	0.390512 	0.206155 	0.870704 	0.364006 	0.467039 	0.781025 	0.707549 	0.498121 	0.400000 	0.577170 	0.375000 	0.456207 	0.632456 	1.149184 	0.632949 	1.149184 	0.872138 	0.917878 	0.538516 	0.751665 	0.851469 	0.721110 	0.875357 	0.785016 	1.342805 	1.297112 	1.364734 	1.025305 	1.410895 	1.126111 	1.477329 	1.175000 	1.370447 	1.319327 	1.439618 	1.456022 	1.251000 	1.096586 	1.158123 	1.300240 	1.325236 	1.657747 	1.767767 	1.410895 	1.185327 	1.221167 	1.710629 	1.185591 	
0.570088 	0.285044 	0.328824 	0.660019 	0.390512 	9.000000 	0.570088 	1.261200 	0.158114 	0.818917 	0.390512 	1.085415 	0.201556 	0.269258 	0.261008 	0.555090 	0.735272 	0.304138 	1.538059 	0.962094 	0.760345 	0.498121 	0.538516 	0.492443 	1.030776 	0.585235 	0.855862 	0.637377 	0.892328 	1.712637 	0.919239 	0.984886 	0.775403 	1.028652 	1.418846 	1.835756 	1.456237 	1.703856 	1.636498 	1.079352 	1.792345 	1.520691 	0.989950 	0.977880 	1.025000 	1.598828 	2.013237 	2.136001 	1.102554 	1.096586 	1.386092 	1.332760 	1.231107 	
1.019804 	0.530330 	0.831038 	0.182003 	0.206155 	0.570088 	9.000000 	0.716327 	0.500000 	0.261008 	0.955249 	0.515388 	0.630971 	0.492443 	0.707549 	0.292617 	0.279509 	0.763217 	0.976281 	0.427931 	1.328768 	1.020110 	1.070047 	0.550000 	0.559017 	0.934077 	0.602080 	0.941409 	0.675463 	1.144825 	1.442220 	1.511622 	1.089151 	1.560649 	0.925000 	1.274755 	0.976281 	1.164313 	1.113833 	1.565248 	1.250000 	1.054751 	1.079352 	1.177391 	1.368622 	1.127497 	1.454519 	1.569236 	1.497707 	1.154340 	1.063602 	1.852363 	1.085415 	
1.582127 	1.120547 	1.456451 	0.602080 	0.870704 	1.261200 	0.716327 	9.000000 	1.213724 	0.559017 	1.651704 	0.304138 	1.346291 	1.207528 	1.423464 	0.934077 	0.756637 	1.479231 	0.302076 	0.579871 	2.018044 	1.733494 	1.782028 	1.226020 	0.752080 	1.638788 	1.076162 	1.636498 	1.152443 	0.625500 	2.157110 	2.226123 	1.779220 	2.274313 	0.849264 	0.803508 	0.919918 	0.840387 	0.874643 	2.281036 	0.893378 	1.007782 	1.677982 	1.820886 	2.057000 	1.044330 	0.975320 	1.015197 	2.198010 	1.725000 	1.285739 	2.568195 	1.510381 	
0.728011 	0.395285 	0.485412 	0.626997 	0.364006 	0.158114 	0.500000 	1.213724 	9.000000 	0.726722 	0.471699 	1.007782 	0.134629 	0.111803 	0.213600 	0.419076 	0.614919 	0.269258 	1.475847 	0.853302 	0.845946 	0.520216 	0.570088 	0.335410 	0.901388 	0.502494 	0.701783 	0.539676 	0.735697 	1.620378 	0.943398 	1.012423 	0.686477 	1.060955 	1.288652 	1.733494 	1.322167 	1.587648 	1.513481 	1.077033 	1.677051 	1.382932 	0.851469 	0.860959 	0.952956 	1.461592 	1.908042 	2.040221 	1.052675 	0.955249 	1.231361 	1.355083 	1.073837 	
1.279893 	0.789383 	1.091444 	0.316228 	0.467039 	0.818917 	0.261008 	0.559017 	0.726722 	9.000000 	1.195042 	0.291548 	0.848528 	0.691466 	0.919918 	0.380789 	0.200000 	0.973717 	0.772172 	0.176777 	1.570032 	1.237942 	1.290591 	0.673146 	0.347311 	1.095730 	0.546008 	1.086566 	0.625000 	0.895126 	1.651704 	1.722099 	1.226020 	1.773415 	0.679154 	1.017657 	0.735697 	0.903466 	0.855862 	1.754459 	0.989002 	0.818917 	1.125000 	1.262191 	1.502082 	0.887764 	1.196349 	1.317431 	1.648105 	1.179248 	0.903120 	2.055024 	1.017964 	
0.540833 	0.601041 	0.357946 	1.050297 	0.781025 	0.390512 	0.955249 	1.651704 	0.471699 	1.195042 	9.000000 	1.469906 	0.371652 	0.538516 	0.328824 	0.883530 	1.085415 	0.300000 	1.927596 	1.325000 	0.375000 	0.201556 	0.206155 	0.707107 	1.365650 	0.514782 	1.118034 	0.592663 	1.131923 	2.090006 	0.559017 	0.618466 	0.675463 	0.656220 	1.750179 	2.205108 	1.779220 	2.057456 	1.980057 	0.750000 	2.147091 	1.834394 	1.030776 	0.936082 	0.845946 	1.913439 	2.379732 	2.510976 	0.863496 	1.142366 	1.629801 	0.965013 	1.389469 	
1.495201 	1.007782 	1.330883 	0.474342 	0.707549 	1.085415 	0.515388 	0.304138 	1.007782 	0.291548 	1.469906 	9.000000 	1.133578 	0.980115 	1.206752 	0.670820 	0.474342 	1.261200 	0.480885 	0.276134 	1.843909 	1.523975 	1.575794 	0.962094 	0.450694 	1.386768 	0.775000 	1.375909 	0.850368 	0.637377 	1.940522 	2.010752 	1.513481 	2.061553 	0.617454 	0.783023 	0.686477 	0.725431 	0.715891 	2.045880 	0.800391 	0.776611 	1.383158 	1.534805 	1.787806 	0.828025 	0.965013 	1.062132 	1.936814 	1.425877 	0.999062 	2.345341 	1.206752 	
0.726722 	0.482830 	0.480885 	0.761577 	0.498121 	0.201556 	0.630971 	1.346291 	0.134629 	0.848528 	0.371652 	1.133578 	9.000000 	0.167705 	0.079057 	0.514782 	0.721110 	0.134629 	1.605070 	0.965013 	0.738241 	0.390512 	0.442295 	0.350892 	0.995301 	0.388104 	0.753741 	0.436606 	0.775000 	1.738174 	0.811249 	0.880696 	0.577170 	0.930054 	1.378858 	1.845434 	1.407569 	1.690044 	1.610124 	0.942404 	1.779923 	1.463087 	0.797261 	0.776611 	0.834416 	1.542117 	2.017734 	2.155371 	0.925338 	0.905883 	1.275000 	1.221935 	1.075291 	
0.838153 	0.496236 	0.594243 	0.642748 	0.400000 	0.269258 	0.492443 	1.207528 	0.111803 	0.691466 	0.538516 	0.980115 	0.167705 	9.000000 	0.230489 	0.347311 	0.555090 	0.282843 	1.456237 	0.800391 	0.905883 	0.548293 	0.602080 	0.223607 	0.827647 	0.452769 	0.600000 	0.475657 	0.629484 	1.575794 	0.960469 	1.030776 	0.625500 	1.081954 	1.211662 	1.680030 	1.241219 	1.522539 	1.442437 	1.073546 	1.612452 	1.298075 	0.750000 	0.775403 	0.900347 	1.377044 	1.851520 	1.991231 	1.015197 	0.851469 	1.127497 	1.366108 	0.962094 	
0.742041 	0.546008 	0.500000 	0.840387 	0.577170 	0.261008 	0.707549 	1.423464 	0.213600 	0.919918 	0.328824 	1.206752 	0.079057 	0.230489 	9.000000 	0.575543 	0.785016 	0.055902 	1.680030 	1.030776 	0.682825 	0.318198 	0.371652 	0.378319 	1.051487 	0.325000 	0.789383 	0.381608 	0.803508 	1.806239 	0.735272 	0.805062 	0.515388 	0.855132 	1.431782 	1.910007 	1.457738 	1.749285 	1.666208 	0.863496 	1.839327 	1.510174 	0.770146 	0.730154 	0.764853 	1.589221 	2.080865 	2.221627 	0.850000 	0.880696 	1.302162 	1.144825 	1.079352 	
1.102554 	0.656220 	0.875357 	0.474342 	0.375000 	0.555090 	0.292617 	0.934077 	0.419076 	0.380789 	0.883530 	0.670820 	0.514782 	0.347311 	0.575543 	9.000000 	0.212132 	0.625000 	1.151629 	0.459619 	1.252996 	0.890225 	0.945053 	0.292617 	0.482830 	0.716327 	0.347311 	0.705780 	0.410031 	1.237437 	1.290591 	1.361295 	0.845946 	1.414214 	0.869626 	1.335337 	0.903466 	1.175266 	1.096586 	1.380444 	1.265158 	0.965984 	0.789383 	0.900347 	1.123054 	1.044330 	1.505407 	1.648674 	1.267379 	0.862047 	0.862047 	1.686898 	0.813173 	
