Total assets = 641
Number of asset nodes = 33

Distance:
999.000000 	3.000000 	104.350372 	13.000000 	63.063461 	101.828285 	46.097721 	16.552946 	119.970833 	99.020203 	74.732857 	120.104118 	78.294319 	21.189621 	112.160599 	75.432091 	22.825424 	17.888544 	96.384644 	50.990196 	77.472572 	45.398239 	131.045792 	46.173584 	93.941475 	28.861740 	54.918121 	94.826157 	86.406021 	34.655445 	99.297531 	149.201202 	111.305885 	146.413803 	143.010483 	41.436699 	83.815269 	26.248810 	112.507774 	68.249542 	121.202309 	50.039986 	37.947330 	51.088158 	130.430054 	109.128365 	27.294687 	28.792360 	111.359779 	70.256676 	
3.000000 	999.000000 	102.068604 	10.000000 	60.415230 	99.488693 	43.174065 	13.892444 	117.686020 	96.519424 	72.013885 	117.796432 	75.584389 	18.384777 	110.258789 	73.109505 	20.248457 	19.416489 	93.813644 	48.052055 	74.732857 	42.426407 	128.817703 	43.185646 	91.301697 	25.961510 	51.971146 	92.179176 	83.671982 	36.878178 	96.648849 	147.085007 	108.756607 	144.256714 	140.801285 	38.470768 	80.993828 	27.313000 	109.931801 	65.306969 	118.713943 	47.042534 	35.114101 	48.093658 	128.003906 	106.470650 	27.018513 	27.892651 	108.673820 	67.268120 	
104.350372 	102.068604 	999.000000 	94.752312 	44.944408 	4.000000 	66.887962 	98.493652 	15.620500 	13.341664 	37.947330 	15.811388 	35.171009 	95.268044 	20.615528 	29.000000 	82.073135 	120.966934 	18.248287 	64.412735 	37.107952 	70.327805 	26.907248 	71.589104 	23.194826 	90.443352 	62.649822 	23.345236 	32.015621 	138.946030 	22.472204 	46.043457 	17.492855 	42.801868 	38.948685 	82.764725 	39.012817 	127.310646 	19.723083 	55.542778 	21.000000 	75.239616 	90.426765 	75.769386 	27.513634 	24.041630 	120.880104 	117.200684 	26.907248 	61.814240 	
13.000000 	10.000000 	94.752312 	999.000000 	51.865211 	91.967384 	33.526108 	7.280110 	110.317726 	88.408142 	63.134777 	110.344917 	66.730804 	9.899495 	104.292854 	65.764732 	13.038404 	26.400757 	85.445892 	38.327538 	65.764732 	32.557640 	121.630585 	33.241539 	82.680107 	16.552946 	42.201897 	83.528435 	74.706093 	44.944408 	87.982956 	140.264038 	100.439034 	137.295303 	133.660019 	28.635643 	71.693794 	32.649654 	101.513542 	55.542778 	110.602890 	37.054016 	25.942244 	38.118237 	120.104118 	97.754799 	28.460499 	27.166155 	99.849884 	57.314919 	
63.063461 	60.415230 	44.944408 	51.865211 	999.000000 	41.617306 	21.954498 	54.561890 	60.000000 	36.796738 	12.165525 	59.816387 	15.524175 	50.911690 	59.203041 	18.248287 	40.249222 	78.236816 	33.600594 	19.924858 	15.132746 	25.495098 	71.610054 	26.925823 	30.886890 	45.607018 	19.104973 	31.764761 	23.769728 	96.798759 	36.235340 	90.972527 	48.600410 	87.658424 	83.600243 	38.078865 	23.021729 	83.737686 	49.648766 	19.416489 	58.898216 	31.575306 	45.617977 	32.388271 	68.622154 	46.065170 	76.419891 	72.470680 	48.332184 	26.925823 	
101.828285 	99.488693 	4.000000 	91.967384 	41.617306 	999.000000 	63.513779 	95.524864 	18.439089 	9.486833 	34.176014 	18.384777 	31.320919 	92.195442 	24.351591 	26.400757 	79.397736 	118.258194 	14.317822 	60.901562 	33.241539 	66.887962 	30.000000 	68.095520 	19.235384 	87.200920 	59.033890 	19.416489 	28.017851 	136.359818 	18.788294 	49.396355 	15.811388 	46.043457 	42.011902 	79.259071 	35.014282 	124.450790 	18.027756 	51.662365 	21.377558 	71.589104 	86.954010 	72.090218 	29.068884 	21.400934 	117.796432 	114.017540 	24.413111 	57.870544 	
46.097721 	43.174065 	66.887962 	33.526108 	21.954498 	63.513779 	999.000000 	34.481880 	81.841309 	58.137768 	31.144823 	81.608826 	34.713108 	30.232433 	80.653580 	39.560081 	25.019993 	59.033890 	54.451813 	5.000000 	33.421551 	4.000000 	93.477272 	6.082763 	50.990196 	24.041630 	9.000000 	51.739735 	42.201897 	77.820305 	56.080299 	112.898186 	69.310890 	109.553642 	105.437187 	16.492422 	38.470768 	63.513779 	70.092796 	22.203604 	79.906197 	13.000000 	23.769728 	14.317822 	89.872131 	65.604881 	55.226807 	50.931328 	67.424034 	25.317978 	
16.552946 	13.892444 	98.493652 	7.280110 	54.561890 	95.524864 	34.481880 	999.000000 	113.951744 	91.350975 	65.215027 	113.899078 	68.818604 	5.000000 	109.077957 	69.656296 	18.681541 	24.698177 	88.090858 	38.910152 	67.675697 	32.695564 	125.399361 	32.893768 	85.000000 	13.000000 	42.544094 	85.802101 	76.550636 	43.462627 	90.210861 	144.308701 	103.077644 	141.226761 	137.440903 	26.019224 	72.945183 	29.206163 	104.019226 	55.713554 	113.454834 	35.355339 	21.587032 	36.221542 	123.166557 	99.864906 	22.825424 	20.615528 	101.788994 	56.515484 	
119.970833 	117.686020 	15.620500 	110.317726 	60.000000 	18.439089 	81.841309 	113.951744 	999.000000 	24.698177 	51.884487 	1.414214 	48.754486 	110.634537 	21.931713 	44.598206 	97.672920 	136.561340 	29.410883 	79.075912 	50.566788 	85.146935 	11.661903 	86.284416 	34.205261 	105.603027 	77.025970 	33.955853 	43.965897 	154.563904 	31.257000 	31.304953 	19.235384 	27.784887 	23.600847 	97.416634 	50.695168 	142.842575 	20.615528 	68.709534 	13.453624 	89.470665 	105.152267 	89.894379 	14.035668 	27.459061 	136.235092 	132.438660 	29.120440 	74.330345 	
99.020203 	96.519424 	13.341664 	88.408142 	36.796738 	9.486833 	58.137768 	91.350975 	24.698177 	999.000000 	27.459061 	24.166092 	24.186773 	87.692642 	33.837849 	25.000000 	76.275818 	114.808533 	5.000000 	55.000000 	25.942244 	61.220913 	36.249138 	62.201286 	10.000000 	82.134033 	52.697250 	10.049875 	19.416489 	133.221619 	9.433981 	55.946404 	12.649111 	52.325901 	47.885281 	73.239334 	26.305893 	120.507263 	14.317822 	44.011364 	22.203604 	65.000000 	81.024689 	65.368187 	31.827662 	14.560220 	113.145920 	109.041275 	17.720045 	49.729267 	
74.732857 	72.013885 	37.947330 	63.134777 	12.165525 	34.176014 	31.144823 	65.215027 	51.884487 	27.459061 	999.000000 	51.478149 	3.605551 	61.220913 	55.145264 	18.357559 	52.000000 	89.358826 	23.430750 	27.658634 	3.000000 	33.970577 	63.529522 	34.828148 	19.849434 	55.172459 	25.238859 	20.615528 	11.704700 	108.046288 	25.000000 	83.186539 	38.183765 	79.649231 	75.292763 	45.803928 	11.401754 	94.403389 	38.948685 	18.027756 	48.836460 	37.589893 	53.600372 	38.013157 	58.898216 	34.669872 	86.371292 	82.024384 	36.715118 	25.079872 	
120.104118 	117.796432 	15.811388 	110.344917 	59.816387 	18.384777 	81.608826 	113.899078 	1.414214 	24.166092 	51.478149 	999.000000 	48.301140 	110.535065 	23.259407 	44.687805 	97.744568 	136.619904 	28.792360 	78.771820 	50.089920 	84.876381 	12.083046 	85.982559 	33.526108 	105.422958 	76.661591 	33.241539 	43.324360 	154.673843 	30.413813 	31.780497 	18.110771 	28.178005 	23.853722 	97.097885 	50.000000 	142.835571 	19.416489 	68.154236 	12.041595 	89.067390 	104.847511 	89.470665 	13.000000 	26.305893 	136.124939 	132.279999 	27.892651 	73.681747 	
78.294319 	75.584389 	35.171009 	66.730804 	15.524175 	31.320919 	34.713108 	68.818604 	48.754486 	24.186773 	3.605551 	48.301140 	999.000000 	64.815125 	53.009434 	18.439089 	55.542778 	92.962357 	20.000000 	31.144823 	2.000000 	37.483330 	60.373837 	38.288380 	16.278820 	58.728188 	28.600698 	17.029387 	8.246211 	111.646767 	21.400934 	80.056229 	34.655445 	76.478752 	72.069412 	49.203659 	9.433981 	98.005104 	35.383614 	20.396078 	45.343136 	40.816662 	57.008770 	41.182522 	55.443665 	31.064449 	89.938866 	85.562843 	33.120991 	27.018513 	
21.189621 	18.384777 	95.268044 	9.899495 	50.911690 	92.195442 	30.232433 	5.000000 	110.634537 	87.692642 	61.220913 	110.535065 	64.815125 	999.000000 	106.550461 	66.610809 	18.000000 	29.410883 	84.291161 	34.481880 	63.600315 	28.178005 	122.147453 	28.231188 	81.055534 	8.000000 	38.013157 	81.835197 	72.422371 	48.104053 	86.214851 	141.209061 	99.247169 	138.057953 	134.182709 	21.023796 	68.600288 	33.286633 	100.124924 	51.078373 	109.713264 	30.413813 	16.763054 	31.257000 	119.519875 	95.801880 	25.612497 	22.360680 	97.652443 	51.662365 	
112.160599 	110.258789 	20.615528 	104.292854 	59.203041 	24.351591 	80.653580 	109.077957 	21.931713 	33.837849 	55.145264 	23.259407 	53.009434 	106.550461 	999.000000 	41.109608 	91.263351 	129.630249 	38.600517 	79.120163 	55.009090 	84.433403 	26.019224 	86.023254 	43.416588 	102.883430 	78.102493 	43.680660 	51.478149 	146.659470 	43.081318 	38.948685 	36.235340 	37.161808 	35.440090 	97.082436 	58.420887 	136.824707 	38.288380 	73.171036 	34.669872 	90.708321 	104.403069 	91.443970 	35.440090 	43.829212 	131.882523 	128.891434 	46.400433 	80.024994 	
75.432091 	73.109505 	29.000000 	65.764732 	18.248287 	26.400757 	39.560081 	69.656296 	44.598206 	25.000000 	18.357559 	44.687805 	18.439089 	66.610809 	41.109608 	999.000000 	53.075417 	91.967384 	24.083189 	38.078865 	20.000000 	43.324360 	55.865910 	44.922153 	24.186773 	62.265560 	37.336308 	25.179358 	23.323807 	109.986366 	29.017237 	74.652527 	37.643059 	71.589104 	67.896980 	55.973209 	27.586229 	98.351410 	39.293766 	34.928497 	46.518814 	49.819675 	63.324562 	50.635956 	55.226807 	38.118237 	92.200867 	88.752464 	41.048752 	42.449970 	
22.825424 	20.248457 	82.073135 	13.038404 	40.249222 	79.397736 	25.019993 	18.681541 	97.672920 	76.275818 	52.000000 	97.744568 	55.542778 	18.000000 	91.263351 	53.075417 	999.000000 	38.897301 	73.573090 	30.016663 	54.781384 	25.495098 	108.903625 	26.925823 	71.119621 	19.697716 	34.014702 	72.006943 	63.694584 	57.008770 	76.478752 	127.404869 	88.509888 	124.482933 	120.917328 	27.018513 	61.400326 	45.607018 	89.693924 	47.042534 	98.473343 	32.695564 	28.017851 	34.014702 	107.800743 	86.313385 	41.231056 	39.293766 	88.566360 	50.249378 	
17.888544 	19.416489 	120.966934 	26.400757 	78.236816 	118.258194 	59.033890 	24.698177 	136.561340 	114.808533 	89.358826 	136.619904 	92.962357 	29.410883 	129.630249 	91.967384 	38.897301 	999.000000 	111.830231 	63.560993 	91.923882 	57.384666 	147.800537 	57.584721 	109.000000 	37.107952 	67.230942 	109.836243 	100.846420 	18.788294 	114.280357 	166.243790 	126.826653 	163.355438 	159.812393 	50.009998 	97.493591 	9.000000 	127.882759 	80.411446 	137.003647 	59.665737 	44.181442 	60.415230 	146.492325 	124.020157 	16.278820 	21.095022 	126.051575 	81.043198 	
96.384644 	93.813644 	18.248287 	85.445892 	33.600594 	14.317822 	54.451813 	88.090858 	29.410883 	5.000000 	23.430750 	28.792360 	20.000000 	84.291161 	38.600517 	24.083189 	73.573090 	111.830231 	999.000000 	51.088158 	21.633308 	57.384666 	40.853397 	58.258045 	5.000000 	78.492035 	48.600410 	5.099020 	14.560220 	130.357208 	5.830952 	60.539242 	15.000000 	56.859474 	52.325901 	69.202599 	21.377558 	117.290237 	16.124516 	39.395432 	25.455845 	60.745369 	77.006493 	61.057350 	35.468296 	14.035668 	109.622078 	105.380264 	17.000000 	44.922153 	
50.990196 	48.052055 	64.412735 	38.327538 	19.924858 	60.901562 	5.000000 	38.910152 	79.075912 	55.000000 	27.658634 	78.771820 	31.144823 	34.481880 	79.120163 	38.078865 	30.016663 	63.560993 	51.088158 	999.000000 	29.698484 	6.403124 	90.735878 	7.211102 	47.381432 	27.802877 	4.000000 	48.083260 	38.288380 	82.346825 	52.345009 	110.276924 	65.795135 	106.850365 	102.625534 	18.357559 	34.132095 	67.742157 	66.468040 	17.262676 	76.485291 	12.000000 	26.076809 	13.038404 	86.556343 	61.717098 	59.033890 	54.488529 	63.411354 	20.396078 	
77.472572 	74.732857 	37.107952 	65.764732 	15.132746 	33.241539 	33.421551 	67.675697 	50.566788 	25.942244 	3.000000 	50.089920 	2.000000 	63.600315 	55.009090 	20.000000 	54.781384 	91.923882 	21.633308 	29.698484 	999.000000 	36.069378 	62.169125 	36.796738 	17.691807 	57.384666 	27.018513 	18.384777 	8.944272 	110.639053 	22.671568 	81.859634 	36.124783 	78.262383 	73.824112 	47.634022 	8.544003 	96.834908 	36.769554 	18.439089 	46.861500 	39.115215 	55.443665 	39.446167 	57.008770 	32.202484 	88.617157 	84.172440 	34.132095 	25.019993 	
45.398239 	42.426407 	70.327805 	32.557640 	25.495098 	66.887962 	4.000000 	32.695564 	85.146935 	61.220913 	33.970577 	84.876381 	37.483330 	28.178005 	84.433403 	43.324360 	25.495098 	57.384666 	57.384666 	6.403124 	36.069378 	999.000000 	96.798759 	2.236068 	53.740116 	21.400934 	9.848858 	54.451813 	44.687805 	76.157730 	58.728188 	116.284134 	72.138756 	112.898186 	108.724419 	12.649111 	40.496914 	61.400326 	72.835434 	23.086792 	82.807007 	9.433981 	20.124611 	10.816654 	92.849342 	68.117546 	52.630791 	48.104053 	69.814041 	25.000000 	
131.045792 	128.817703 	26.907248 	121.630585 	71.610054 	30.000000 	93.477272 	125.399361 	11.661903 	36.249138 	63.529522 	12.083046 	60.373837 	122.147453 	26.019224 	55.865910 	108.903625 	147.800537 	40.853397 	90.735878 	62.169125 	96.798759 	999.000000 	97.943863 	45.541191 	117.200684 	88.684837 	45.221676 	55.362442 	165.680420 	42.201897 	19.697716 	29.154760 	16.124516 	12.041595 	109.077957 	61.983868 	154.207657 	30.016663 	80.230919 	20.223749 	101.118744 	116.811813 	101.533249 	13.601471 	37.013512 	147.756561 	144.013885 	38.052597 	85.702972 	
46.173584 	43.185646 	71.589104 	33.241539 	26.925823 	68.095520 	6.082763 	32.893768 	86.284416 	62.201286 	34.828148 	85.982559 	38.288380 	28.231188 	86.023254 	44.922153 	26.925823 	57.584721 	58.258045 	7.211102 	36.796738 	2.236068 	97.943863 	999.000000 	54.488529 	21.095022 	10.000000 	55.172459 	45.276924 	76.321686 	59.396969 	117.477661 	72.917763 	114.057007 	109.836243 	11.180340 	40.804413 	61.294373 	73.552704 	22.847319 	83.630135 	7.211102 	18.867962 	8.602325 	93.723000 	68.680420 	52.201534 	47.507893 	70.292244 	24.083189 	
93.941475 	91.301697 	23.194826 	82.680107 	30.886890 	19.235384 	50.990196 	85.000000 	34.205261 	10.000000 	19.849434 	33.526108 	16.278820 	81.055534 	43.416588 	24.186773 	71.119621 	109.000000 	5.000000 	47.381432 	17.691807 	53.740116 	45.541191 	54.488529 	999.000000 	75.006668 	44.687805 	1.000000 	9.848858 	127.624451 	5.385165 	65.192024 	18.439089 	61.465439 	56.859474 	65.299309 	16.492422 	114.201576 	19.104973 	34.885529 	29.206163 	56.612720 	73.109505 	56.859474 	39.408119 	15.231546 	106.216759 	101.833199 	17.720045 	40.162170 	
28.861740 	25.961510 	90.443352 	16.552946 	45.607018 	87.200920 	24.041630 	13.000000 	105.603027 	82.134033 	55.172459 	105.422958 	58.728188 	8.000000 	102.883430 	62.265560 	19.697716 	37.107952 	78.492035 	27.802877 	57.384666 	21.400934 	117.200684 	21.095022 	75.006668 	999.000000 	31.064449 	75.742989 	66.068146 	55.659679 	80.056229 	136.484436 	93.348808 	133.221619 	129.201401 	13.038404 	61.854668 	40.249222 	94.111633 	43.829212 	103.947105 	22.561028 	9.433981 	23.345236 	113.899078 	89.498604 	31.240999 	26.907248 	91.214035 	43.965897 	
54.918121 	51.971146 	62.649822 	42.201897 	19.104973 	59.033890 	9.000000 	42.544094 	77.025970 	52.697250 	25.238859 	76.661591 	28.600698 	38.013157 	78.102493 	37.336308 	34.014702 	67.230942 	48.600410 	4.000000 	27.018513 	9.848858 	88.684837 	10.000000 	44.687805 	31.064449 	999.000000 	45.343136 	35.355339 	86.005814 	49.517673 	108.300507 	63.126858 	104.809349 	100.498756 	20.615528 	30.805843 	71.196907 	63.702435 	13.341664 	73.878281 	12.649111 	28.425341 	13.341664 	84.023804 	58.728188 	62.201286 	57.489128 	60.307545 	16.492422 	
94.826157 	92.179176 	23.345236 	83.528435 	31.764761 	19.416489 	51.739735 	85.802101 	33.955853 	10.049875 	20.615528 	33.241539 	17.029387 	81.835197 	43.680660 	25.179358 	72.006943 	109.836243 	5.099020 	48.083260 	18.384777 	54.451813 	45.221676 	55.172459 	1.000000 	75.742989 	45.343136 	999.000000 	10.295630 	128.471786 	4.472136 	64.845970 	17.804493 	61.098282 	56.462376 	65.946945 	16.763054 	115.000000 	18.384777 	35.355339 	28.600698 	57.201397 	73.756355 	57.428215 	38.832977 	14.317822 	106.962608 	102.552429 	16.763054 	40.496914 	
86.406021 	83.671982 	32.015621 	74.706093 	23.769728 	28.017851 	42.201897 	76.550636 	43.965897 	19.416489 	11.704700 	43.324360 	8.246211 	72.422371 	51.478149 	23.323807 	63.694584 	100.846420 	14.560220 	38.288380 	8.944272 	44.687805 	55.362442 	45.276924 	9.848858 	66.068146 	35.355339 	10.295630 	999.000000 	119.570061 	14.212670 	75.026665 	28.017851 	71.309189 	66.708321 	55.901699 	7.000000 	105.683487 	28.425341 	25.059929 	38.832977 	47.010635 	63.702435 	47.201694 	49.091751 	23.430750 	97.308784 	92.763138 	25.238859 	30.364452 	
34.655445 	36.878178 	138.946030 	44.944408 	96.798759 	136.359818 	77.820305 	43.462627 	154.563904 	133.221619 	108.046288 	154.673843 	111.646767 	48.104053 	146.659470 	109.986366 	57.008770 	18.788294 	130.357208 	82.346825 	110.639053 	76.157730 	165.680420 	76.321686 	127.624451 	55.659679 	86.005814 	128.471786 	119.570061 	999.000000 	132.924789 	183.853195 	145.340973 	181.069046 	177.654160 	68.410522 	116.275536 	17.029387 	146.441116 	99.161484 	155.425217 	78.160095 	62.169125 	78.847954 	164.805954 	142.688477 	29.154760 	35.128338 	144.754959 	99.624290 	
99.297531 	96.648849 	22.472204 	87.982956 	36.235340 	18.788294 	56.080299 	90.210861 	31.257000 	9.433981 	25.000000 	30.413813 	21.400934 	86.214851 	43.081318 	29.017237 	76.478752 	114.280357 	5.830952 	52.345009 	22.671568 	58.728188 	42.201897 	59.396969 	5.385165 	80.056229 	49.517673 	4.472136 	14.212670 	132.924789 	999.000000 	61.684681 	13.892444 	57.870544 	53.141319 	70.092796 	20.124611 	119.402679 	14.212670 	39.115215 	24.698177 	61.220913 	77.897369 	61.400326 	34.985710 	9.848858 	111.287918 	106.831642 	12.369317 	43.863426 	
149.201202 	147.085007 	46.043457 	140.264038 	90.972527 	49.396355 	112.898186 	144.308701 	31.304953 	55.946404 	83.186539 	31.780497 	80.056229 	141.209061 	38.948685 	74.652527 	127.404869 	166.243790 	60.539242 	110.276924 	81.859634 	116.284134 	19.697716 	117.477661 	65.192024 	136.484436 	108.300507 	64.845970 	75.026665 	183.853195 	61.684681 	999.000000 	48.270073 	4.000000 	9.000000 	128.631256 	81.596565 	172.904602 	48.836460 	99.924973 	38.327538 	120.768372 	136.341476 	121.198181 	29.000000 	55.731499 	166.817261 	163.217651 	56.320511 	105.342300 	
111.305885 	108.756607 	17.492855 	100.439034 	48.600410 	15.811388 	69.310890 	103.077644 	19.235384 	12.649111 	38.183765 	18.110771 	34.655445 	99.247169 	36.235340 	37.643059 	88.509888 	126.826653 	15.000000 	65.795135 	36.124783 	72.138756 	29.154760 	72.917763 	18.439089 	93.348808 	63.126858 	17.804493 	28.017851 	145.340973 	13.892444 	48.270073 	999.000000 	44.384682 	39.560081 	83.737686 	34.000000 	132.279999 	2.236068 	53.000000 	10.816654 	75.000000 	91.547798 	75.213028 	21.095022 	8.246211 	124.523087 	120.208153 	10.295630 	57.697487 	
146.413803 	144.256714 	42.801868 	137.295303 	87.658424 	46.043457 	109.553642 	141.226761 	27.784887 	52.325901 	79.649231 	28.178005 	76.478752 	138.057953 	37.161808 	71.589104 	124.482933 	163.355438 	56.859474 	106.850365 	78.262383 	112.898186 	16.124516 	114.057007 	61.465439 	133.221619 	104.809349 	61.098282 	71.309189 	181.069046 	57.870544 	4.000000 	44.384682 	999.000000 	5.000000 	125.195847 	77.833153 	169.917633 	44.911022 	96.254868 	34.365681 	117.239075 	132.924789 	117.647781 	25.000000 	51.788029 	163.670395 	160.000000 	52.345009 	101.592323 	
143.010483 	140.801285 	38.948685 	133.660019 	83.600243 	42.011902 	105.437187 	137.440903 	23.600847 	47.885281 	75.292763 	23.853722 	72.069412 	134.182709 	35.440090 	67.896980 	120.917328 	159.812393 	52.325901 	102.625534 	73.824112 	108.724419 	12.041595 	109.836243 	56.859474 	129.201401 	100.498756 	56.462376 	66.708321 	177.654160 	53.141319 	9.000000 	39.560081 	5.000000 	999.000000 	120.950401 	73.164200 	166.243790 	40.024994 	91.706055 	29.427877 	112.871605 	128.701202 	113.251930 	20.000000 	46.872166 	159.790482 	156.028839 	47.381432 	96.932968 	
41.436699 	38.470768 	82.764725 	28.635643 	38.078865 	79.259071 	16.492422 	26.019224 	97.416634 	73.239334 	45.803928 	97.097885 	49.203659 	21.023796 	97.082436 	55.973209 	27.018513 	50.009998 	69.202599 	18.357559 	47.634022 	12.649111 	109.077957 	11.180340 	65.299309 	13.038404 	20.615528 	65.946945 	55.901699 	68.410522 	70.092796 	128.631256 	83.737686 	125.195847 	120.950401 	999.000000 	50.990196 	52.554733 	84.291161 	32.202484 	94.493385 	9.848858 	7.810250 	10.440307 	104.637466 	79.195961 	42.544094 	37.443291 	80.659782 	31.384710 	
83.815269 	80.993828 	39.012817 	71.693794 	23.021729 	35.014282 	38.470768 	72.945183 	50.695168 	26.305893 	11.401754 	50.000000 	9.433981 	68.600288 	58.420887 	27.586229 	61.400326 	97.493591 	21.377558 	34.132095 	8.544003 	40.496914 	61.983868 	40.804413 	16.492422 	61.854668 	30.805843 	16.763054 	7.000000 	116.275536 	20.124611 	81.596565 	34.000000 	77.833153 	73.164200 	50.990196 	999.000000 	101.872467 	34.132095 	19.209373 	44.777225 	41.725292 	58.728188 	41.773197 	55.072678 	28.425341 	93.005379 	88.238312 	29.698484 	23.769728 	
26.248810 	27.313000 	127.310646 	32.649654 	83.737686 	124.450790 	63.513779 	29.206163 	142.842575 	120.507263 	94.403389 	142.835571 	98.005104 	33.286633 	136.824707 	98.351410 	45.607018 	9.000000 	117.290237 	67.742157 	96.834908 	61.400326 	154.207657 	61.294373 	114.201576 	40.249222 	71.196907 	115.000000 	105.683487 	17.029387 	119.402679 	172.904602 	132.279999 	169.917633 	166.243790 	52.554733 	101.872467 	999.000000 	133.225372 	84.077347 	142.635895 	62.393909 	45.880280 	62.968246 	152.305618 	129.034882 	12.165525 	18.110771 	130.919830 	83.934502 	
112.507774 	109.931801 	19.723083 	101.513542 	49.648766 	18.027756 	70.092796 	104.019226 	20.615528 	14.317822 	38.948685 	19.416489 	35.383614 	100.124924 	38.288380 	39.293766 	89.693924 	127.882759 	16.124516 	66.468040 	36.769554 	72.835434 	30.016663 	73.552704 	19.104973 	94.111633 	63.702435 	18.384777 	28.425341 	146.441116 	14.212670 	48.836460 	2.236068 	44.911022 	40.024994 	84.291161 	34.132095 	133.225372 	999.000000 	53.254108 	10.770329 	75.432091 	92.097771 	75.604233 	21.023796 	7.000000 	125.319588 	120.933868 	8.544003 	57.706154 	
68.249542 	65.306969 	55.542778 	55.542778 	19.416489 	51.662365 	22.203604 	55.713554 	68.709534 	44.011364 	18.027756 	68.154236 	20.396078 	51.078373 	73.171036 	34.928497 	47.042534 	80.411446 	39.395432 	17.262676 	18.439089 	23.086792 	80.230919 	22.847319 	34.885529 	43.829212 	13.341664 	35.355339 	25.059929 	99.161484 	39.115215 	99.924973 	53.000000 	96.254868 	91.706055 	32.202484 	19.209373 	84.077347 	53.254108 	999.000000 	63.812225 	22.671568 	39.824615 	22.627417 	74.094536 	47.634022 	74.625732 	69.634758 	48.836460 	7.615773 	
121.202309 	118.713943 	21.000000 	110.602890 	58.898216 	21.377558 	79.906197 	113.454834 	13.453624 	22.203604 	48.836460 	12.041595 	45.343136 	109.713264 	34.669872 	46.518814 	98.473343 	137.003647 	25.455845 	76.485291 	46.861500 	82.807007 	20.223749 	83.630135 	29.206163 	103.947105 	73.878281 	28.600698 	38.832977 	155.425217 	24.698177 	38.327538 	10.816654 	34.365681 	29.427877 	94.493385 	44.777225 	142.635895 	10.770329 	63.812225 	999.000000 	85.802101 	102.303467 	86.023254 	10.295630 	17.464249 	135.074051 	130.831955 	18.027756 	68.425140 	
50.039986 	47.042534 	75.239616 	37.054016 	31.575306 	71.589104 	13.000000 	35.355339 	89.470665 	65.000000 	37.589893 	89.067390 	40.816662 	30.413813 	90.708321 	49.819675 	32.695564 	59.665737 	60.745369 	12.000000 	39.115215 	9.433981 	101.118744 	7.211102 	56.612720 	22.561028 	12.649111 	57.201397 	47.010635 	78.160095 	61.220913 	120.768372 	75.000000 	117.239075 	112.871605 	9.848858 	41.725292 	62.393909 	75.432091 	22.671568 	85.802101 	999.000000 	17.204651 	1.414214 	96.020828 	70.092796 	52.354561 	47.169907 	71.421288 	21.540659 	
37.947330 	35.114101 	90.426765 	25.942244 	45.617977 	86.954010 	23.769728 	21.587032 	105.152267 	81.024689 	53.600372 	104.847511 	57.008770 	16.763054 	104.403069 	63.324562 	28.017851 	44.181442 	77.006493 	26.076809 	55.443665 	20.124611 	116.811813 	18.867962 	73.109505 	9.433981 	28.425341 	73.756355 	63.702435 	62.169125 	77.897369 	136.341476 	91.547798 	132.924789 	128.701202 	7.810250 	58.728188 	45.880280 	92.097771 	39.824615 	102.303467 	17.204651 	999.000000 	17.492855 	112.445541 	86.977005 	35.341194 	30.016663 	88.413803 	38.470768 	
51.088158 	48.093658 	75.769386 	38.118237 	32.388271 	72.090218 	14.317822 	36.221542 	89.894379 	65.368187 	38.013157 	89.470665 	41.182522 	31.257000 	91.443970 	50.635956 	34.014702 	60.415230 	61.057350 	13.038404 	39.446167 	10.816654 	101.533249 	8.602325 	56.859474 	23.345236 	13.341664 	57.428215 	47.201694 	78.847954 	61.400326 	121.198181 	75.213028 	117.647781 	113.251930 	10.440307 	41.773197 	62.968246 	75.604233 	22.627417 	86.023254 	1.414214 	17.492855 	999.000000 	96.260063 	70.178345 	52.773098 	47.507893 	71.449280 	21.023796 	
130.430054 	128.003906 	27.513634 	120.104118 	68.622154 	29.068884 	89.872131 	123.166557 	14.035668 	31.827662 	58.898216 	13.000000 	55.443665 	119.519875 	35.440090 	55.226807 	107.800743 	146.492325 	35.468296 	86.556343 	57.008770 	92.849342 	13.601471 	93.723000 	39.408119 	113.899078 	84.023804 	38.832977 	49.091751 	164.805954 	34.985710 	29.000000 	21.095022 	25.000000 	20.000000 	104.637466 	55.072678 	152.305618 	21.023796 	74.094536 	10.295630 	96.020828 	112.445541 	96.260063 	999.000000 	27.513634 	144.958618 	140.801285 	27.658634 	78.714676 	
109.128365 	106.470650 	24.041630 	97.754799 	46.065170 	21.400934 	65.604881 	99.864906 	27.459061 	14.560220 	34.669872 	26.305893 	31.064449 	95.801880 	43.829212 	38.118237 	86.313385 	124.020157 	14.035668 	61.717098 	32.202484 	68.117546 	37.013512 	68.680420 	15.231546 	89.498604 	58.728188 	14.317822 	23.430750 	142.688477 	9.848858 	55.731499 	8.246211 	51.788029 	46.872166 	79.195961 	28.425341 	129.034882 	7.000000 	47.634022 	17.464249 	70.092796 	86.977005 	70.178345 	27.513634 	999.000000 	120.739388 	116.180893 	3.162278 	51.623638 	
27.294687 	27.018513 	120.880104 	28.460499 	76.419891 	117.796432 	55.226807 	22.825424 	136.235092 	113.145920 	86.371292 	136.124939 	89.938866 	25.612497 	131.882523 	92.200867 	41.231056 	16.278820 	109.622078 	59.033890 	88.617157 	52.630791 	147.756561 	52.201534 	106.216759 	31.240999 	62.201286 	106.962608 	97.308784 	29.154760 	111.287918 	166.817261 	124.523087 	163.670395 	159.790482 	42.544094 	93.005379 	12.165525 	125.319588 	74.625732 	135.074051 	52.354561 	35.341194 	52.773098 	144.958618 	120.739388 	999.000000 	6.000000 	122.441826 	73.790245 	
28.792360 	27.892651 	117.200684 	27.166155 	72.470680 	114.017540 	50.931328 	20.615528 	132.438660 	109.041275 	82.024384 	132.279999 	85.562843 	22.360680 	128.891434 	88.752464 	39.293766 	21.095022 	105.380264 	54.488529 	84.172440 	48.104053 	144.013885 	47.507893 	101.833199 	26.907248 	57.489128 	102.552429 	92.763138 	35.128338 	106.831642 	163.217651 	120.208153 	160.000000 	156.028839 	37.443291 	88.238312 	18.110771 	120.933868 	69.634758 	130.831955 	47.169907 	30.016663 	47.507893 	140.801285 	116.180893 	6.000000 	999.000000 	117.796432 	68.476273 	
111.359779 	108.673820 	26.907248 	99.849884 	48.332184 	24.413111 	67.424034 	101.788994 	29.120440 	17.720045 	36.715118 	27.892651 	33.120991 	97.652443 	46.400433 	41.048752 	88.566360 	126.051575 	17.000000 	63.411354 	34.132095 	69.814041 	38.052597 	70.292244 	17.720045 	91.214035 	60.307545 	16.763054 	25.238859 	144.754959 	12.369317 	56.320511 	10.295630 	52.345009 	47.381432 	80.659782 	29.698484 	130.919830 	8.544003 	48.836460 	18.027756 	71.421288 	88.413803 	71.449280 	27.658634 	3.162278 	122.441826 	117.796432 	999.000000 	52.430908 	
70.256676 	67.268120 	61.814240 	57.314919 	26.925823 	57.870544 	25.317978 	56.515484 	74.330345 	49.729267 	25.079872 	73.681747 	27.018513 	51.662365 	80.024994 	42.449970 	50.249378 	81.043198 	44.922153 	20.396078 	25.019993 	25.000000 	85.702972 	24.083189 	40.162170 	43.965897 	16.492422 	40.496914 	30.364452 	99.624290 	43.863426 	105.342300 	57.697487 	101.592323 	96.932968 	31.384710 	23.769728 	83.934502 	57.706154 	7.615773 	68.425140 	21.540659 	38.470768 	21.023796 	78.714676 	51.623638 	73.790245 	68.476273 	52.430908 	999.000000 	

Travel time:
9.000000 	0.075000 	2.608759 	0.325000 	1.576586 	2.545707 	1.152443 	0.413824 	2.999271 	2.475505 	1.868321 	3.002603 	1.957358 	0.529741 	2.804015 	1.885802 	0.570636 	0.447214 	2.409616 	1.274755 	1.936814 	1.134956 	3.276145 	1.154340 	2.348537 	0.721543 	1.372953 	2.370654 	2.160151 	0.866386 	2.482438 	3.730030 	2.782647 	3.660345 	3.575262 	1.035918 	2.095382 	0.656220 	2.812694 	1.706239 	3.030058 	1.251000 	0.948683 	1.277204 	3.260751 	2.728209 	0.682367 	0.719809 	2.783994 	1.756417 	
0.075000 	9.000000 	2.551715 	0.250000 	1.510381 	2.487217 	1.079352 	0.347311 	2.942151 	2.412986 	1.800347 	2.944911 	1.889610 	0.459619 	2.756470 	1.827738 	0.506211 	0.485412 	2.345341 	1.201301 	1.868321 	1.060660 	3.220443 	1.079641 	2.282542 	0.649038 	1.299279 	2.304479 	2.091799 	0.921954 	2.416221 	3.677125 	2.718915 	3.606418 	3.520032 	0.961769 	2.024846 	0.682825 	2.748295 	1.632674 	2.967849 	1.176063 	0.877853 	1.202341 	3.200098 	2.661766 	0.675463 	0.697316 	2.716846 	1.681703 	
2.608759 	2.551715 	9.000000 	2.368808 	1.123610 	0.100000 	1.672199 	2.462341 	0.390512 	0.333542 	0.948683 	0.395285 	0.879275 	2.381701 	0.515388 	0.725000 	2.051828 	3.024173 	0.456207 	1.610318 	0.927699 	1.758195 	0.672681 	1.789728 	0.579871 	2.261084 	1.566246 	0.583631 	0.800391 	3.473651 	0.561805 	1.151086 	0.437321 	1.070047 	0.973717 	2.069118 	0.975320 	3.182766 	0.493077 	1.388569 	0.525000 	1.880990 	2.260669 	1.894235 	0.687841 	0.601041 	3.022003 	2.930017 	0.672681 	1.545356 	
0.325000 	0.250000 	2.368808 	9.000000 	1.296630 	2.299185 	0.838153 	0.182003 	2.757943 	2.210204 	1.578369 	2.758623 	1.668270 	0.247487 	2.607321 	1.644118 	0.325960 	0.660019 	2.136147 	0.958188 	1.644118 	0.813941 	3.040765 	0.831038 	2.067003 	0.413824 	1.055047 	2.088211 	1.867652 	1.123610 	2.199574 	3.506601 	2.510976 	3.432383 	3.341501 	0.715891 	1.792345 	0.816241 	2.537838 	1.388569 	2.765072 	0.926350 	0.648556 	0.952956 	3.002603 	2.443870 	0.711512 	0.679154 	2.496247 	1.432873 	
1.576586 	1.510381 	1.123610 	1.296630 	9.000000 	1.040433 	0.548862 	1.364047 	1.500000 	0.919918 	0.304138 	1.495410 	0.388104 	1.272792 	1.480076 	0.456207 	1.006231 	1.955920 	0.840015 	0.498121 	0.378319 	0.637377 	1.790251 	0.673146 	0.772172 	1.140175 	0.477624 	0.794119 	0.594243 	2.419969 	0.905883 	2.274313 	1.215010 	2.191461 	2.090006 	0.951972 	0.575543 	2.093442 	1.241219 	0.485412 	1.472455 	0.789383 	1.140449 	0.809707 	1.715554 	1.151629 	1.910497 	1.811767 	1.208305 	0.673146 	
2.545707 	2.487217 	0.100000 	2.299185 	1.040433 	9.000000 	1.587844 	2.388122 	0.460977 	0.237171 	0.854400 	0.459619 	0.783023 	2.304886 	0.608790 	0.660019 	1.984943 	2.956455 	0.357946 	1.522539 	0.831038 	1.672199 	0.750000 	1.702388 	0.480885 	2.180023 	1.475847 	0.485412 	0.700446 	3.408995 	0.469707 	1.234909 	0.395285 	1.151086 	1.050297 	1.981477 	0.875357 	3.111270 	0.450694 	1.291559 	0.534439 	1.789728 	2.173850 	1.802255 	0.726722 	0.535023 	2.944911 	2.850439 	0.610328 	1.446764 	
1.152443 	1.079352 	1.672199 	0.838153 	0.548862 	1.587844 	9.000000 	0.862047 	2.046033 	1.453444 	0.778621 	2.040221 	0.867828 	0.755811 	2.016340 	0.989002 	0.625500 	1.475847 	1.361295 	0.125000 	0.835539 	0.100000 	2.336932 	0.152069 	1.274755 	0.601041 	0.225000 	1.293493 	1.055047 	1.945508 	1.402007 	2.822455 	1.732772 	2.738841 	2.635930 	0.412311 	0.961769 	1.587844 	1.752320 	0.555090 	1.997655 	0.325000 	0.594243 	0.357946 	2.246803 	1.640122 	1.380670 	1.273283 	1.685601 	0.632949 	
0.413824 	0.347311 	2.462341 	0.182003 	1.364047 	2.388122 	0.862047 	9.000000 	2.848794 	2.283774 	1.630376 	2.847477 	1.720465 	0.125000 	2.726949 	1.741407 	0.467039 	0.617454 	2.202271 	0.972754 	1.691892 	0.817389 	3.134984 	0.822344 	2.125000 	0.325000 	1.063602 	2.145052 	1.913766 	1.086566 	2.255271 	3.607718 	2.576941 	3.530669 	3.436023 	0.650481 	1.823630 	0.730154 	2.600481 	1.392839 	2.836371 	0.883883 	0.539676 	0.905539 	3.079164 	2.496623 	0.570636 	0.515388 	2.544725 	1.412887 	
2.999271 	2.942151 	0.390512 	2.757943 	1.500000 	0.460977 	2.046033 	2.848794 	9.000000 	0.617454 	1.297112 	0.035355 	1.218862 	2.765863 	0.548293 	1.114955 	2.441823 	3.414033 	0.735272 	1.976898 	1.264170 	2.128673 	0.291548 	2.157110 	0.855132 	2.640076 	1.925649 	0.848896 	1.099147 	3.864098 	0.781425 	0.782624 	0.480885 	0.694622 	0.590021 	2.435416 	1.267379 	3.571064 	0.515388 	1.717738 	0.336341 	2.236767 	2.628807 	2.247360 	0.350892 	0.686477 	3.405877 	3.310966 	0.728011 	1.858259 	
2.475505 	2.412986 	0.333542 	2.210204 	0.919918 	0.237171 	1.453444 	2.283774 	0.617454 	9.000000 	0.686477 	0.604152 	0.604669 	2.192316 	0.845946 	0.625000 	1.906895 	2.870213 	0.125000 	1.375000 	0.648556 	1.530523 	0.906228 	1.555032 	0.250000 	2.053351 	1.317431 	0.251247 	0.485412 	3.330540 	0.235850 	1.398660 	0.316228 	1.308148 	1.197132 	1.830983 	0.657647 	3.012681 	0.357946 	1.100284 	0.555090 	1.625000 	2.025617 	1.634205 	0.795692 	0.364006 	2.828648 	2.726032 	0.443001 	1.243232 	
1.868321 	1.800347 	0.948683 	1.578369 	0.304138 	0.854400 	0.778621 	1.630376 	1.297112 	0.686477 	9.000000 	1.286954 	0.090139 	1.530523 	1.378632 	0.458939 	1.300000 	2.233971 	0.585769 	0.691466 	0.075000 	0.849264 	1.588238 	0.870704 	0.496236 	1.379311 	0.630971 	0.515388 	0.292617 	2.701157 	0.625000 	2.079664 	0.954594 	1.991231 	1.882319 	1.145098 	0.285044 	2.360085 	0.973717 	0.450694 	1.220912 	0.939747 	1.340009 	0.950329 	1.472455 	0.866747 	2.159282 	2.050610 	0.917878 	0.626997 	
3.002603 	2.944911 	0.395285 	2.758623 	1.495410 	0.459619 	2.040221 	2.847477 	0.035355 	0.604152 	1.286954 	9.000000 	1.207528 	2.763377 	0.581485 	1.117195 	2.443614 	3.415498 	0.719809 	1.969296 	1.252248 	2.121910 	0.302076 	2.149564 	0.838153 	2.635574 	1.916540 	0.831038 	1.083109 	3.866846 	0.760345 	0.794512 	0.452769 	0.704450 	0.596343 	2.427447 	1.250000 	3.570889 	0.485412 	1.703856 	0.301040 	2.226685 	2.621188 	2.236767 	0.325000 	0.657647 	3.403123 	3.307000 	0.697316 	1.842044 	
1.957358 	1.889610 	0.879275 	1.668270 	0.388104 	0.783023 	0.867828 	1.720465 	1.218862 	0.604669 	0.090139 	1.207528 	9.000000 	1.620378 	1.325236 	0.460977 	1.388569 	2.324059 	0.500000 	0.778621 	0.050000 	0.937083 	1.509346 	0.957209 	0.406971 	1.468205 	0.715017 	0.425735 	0.206155 	2.791169 	0.535023 	2.001406 	0.866386 	1.911969 	1.801735 	1.230091 	0.235850 	2.450128 	0.884590 	0.509902 	1.133578 	1.020416 	1.425219 	1.029563 	1.386092 	0.776611 	2.248472 	2.139071 	0.828025 	0.675463 	
0.529741 	0.459619 	2.381701 	0.247487 	1.272792 	2.304886 	0.755811 	0.125000 	2.765863 	2.192316 	1.530523 	2.763377 	1.620378 	9.000000 	2.663762 	1.665270 	0.450000 	0.735272 	2.107279 	0.862047 	1.590008 	0.704450 	3.053686 	0.705780 	2.026388 	0.200000 	0.950329 	2.045880 	1.810559 	1.202601 	2.155371 	3.530226 	2.481179 	3.451449 	3.354568 	0.525595 	1.715007 	0.832166 	2.503123 	1.276959 	2.742832 	0.760345 	0.419076 	0.781425 	2.987997 	2.395047 	0.640312 	0.559017 	2.441311 	1.291559 	
2.804015 	2.756470 	0.515388 	2.607321 	1.480076 	0.608790 	2.016340 	2.726949 	0.548293 	0.845946 	1.378632 	0.581485 	1.325236 	2.663762 	9.000000 	1.027740 	2.281584 	3.240756 	0.965013 	1.978004 	1.375227 	2.110835 	0.650481 	2.150581 	1.085415 	2.572086 	1.952562 	1.092016 	1.286954 	3.666487 	1.077033 	0.973717 	0.905883 	0.929045 	0.886002 	2.427061 	1.460522 	3.420618 	0.957209 	1.829276 	0.866747 	2.267708 	2.610077 	2.286099 	0.886002 	1.095730 	3.297063 	3.222286 	1.160011 	2.000625 	
1.885802 	1.827738 	0.725000 	1.644118 	0.456207 	0.660019 	0.989002 	1.741407 	1.114955 	0.625000 	0.458939 	1.117195 	0.460977 	1.665270 	1.027740 	9.000000 	1.326885 	2.299185 	0.602080 	0.951972 	0.500000 	1.083109 	1.396648 	1.123054 	0.604669 	1.556639 	0.933408 	0.629484 	0.583095 	2.749659 	0.725431 	1.866313 	0.941076 	1.789728 	1.697425 	1.399330 	0.689656 	2.458785 	0.982344 	0.873212 	1.162970 	1.245492 	1.583114 	1.265899 	1.380670 	0.952956 	2.305022 	2.218812 	1.026219 	1.061249 	
0.570636 	0.506211 	2.051828 	0.325960 	1.006231 	1.984943 	0.625500 	0.467039 	2.441823 	1.906895 	1.300000 	2.443614 	1.388569 	0.450000 	2.281584 	1.326885 	9.000000 	0.972432 	1.839327 	0.750417 	1.369535 	0.637377 	2.722591 	0.673146 	1.777991 	0.492443 	0.850368 	1.800174 	1.592365 	1.425219 	1.911969 	3.185122 	2.212747 	3.112073 	3.022933 	0.675463 	1.535008 	1.140175 	2.242348 	1.176063 	2.461833 	0.817389 	0.700446 	0.850368 	2.695019 	2.157835 	1.030776 	0.982344 	2.214159 	1.256234 	
0.447214 	0.485412 	3.024173 	0.660019 	1.955920 	2.956455 	1.475847 	0.617454 	3.414033 	2.870213 	2.233971 	3.415498 	2.324059 	0.735272 	3.240756 	2.299185 	0.972432 	9.000000 	2.795756 	1.589025 	2.298097 	1.434617 	3.695014 	1.439618 	2.725000 	0.927699 	1.680773 	2.745906 	2.521161 	0.469707 	2.857009 	4.156095 	3.170666 	4.083886 	3.995310 	1.250250 	2.437340 	0.225000 	3.197069 	2.010286 	3.425091 	1.491643 	1.104536 	1.510381 	3.662308 	3.100504 	0.406971 	0.527376 	3.151289 	2.026080 	
2.409616 	2.345341 	0.456207 	2.136147 	0.840015 	0.357946 	1.361295 	2.202271 	0.735272 	0.125000 	0.585769 	0.719809 	0.500000 	2.107279 	0.965013 	0.602080 	1.839327 	2.795756 	9.000000 	1.277204 	0.540833 	1.434617 	1.021335 	1.456451 	0.125000 	1.962301 	1.215010 	0.127475 	0.364006 	3.258930 	0.145774 	1.513481 	0.375000 	1.421487 	1.308148 	1.730065 	0.534439 	2.932256 	0.403113 	0.984886 	0.636396 	1.518634 	1.925162 	1.526434 	0.886707 	0.350892 	2.740552 	2.634507 	0.425000 	1.123054 	
1.274755 	1.201301 	1.610318 	0.958188 	0.498121 	1.522539 	0.125000 	0.972754 	1.976898 	1.375000 	0.691466 	1.969296 	0.778621 	0.862047 	1.978004 	0.951972 	0.750417 	1.589025 	1.277204 	9.000000 	0.742462 	0.160078 	2.268397 	0.180278 	1.184536 	0.695072 	0.100000 	1.202081 	0.957209 	2.058671 	1.308625 	2.756923 	1.644878 	2.671259 	2.565638 	0.458939 	0.853302 	1.693554 	1.661701 	0.431567 	1.912132 	0.300000 	0.651920 	0.325960 	2.163908 	1.542928 	1.475847 	1.362213 	1.585284 	0.509902 	
1.936814 	1.868321 	0.927699 	1.644118 	0.378319 	0.831038 	0.835539 	1.691892 	1.264170 	0.648556 	0.075000 	1.252248 	0.050000 	1.590008 	1.375227 	0.500000 	1.369535 	2.298097 	0.540833 	0.742462 	9.000000 	0.901734 	1.554228 	0.919918 	0.442295 	1.434617 	0.675463 	0.459619 	0.223607 	2.765976 	0.566789 	2.046491 	0.903120 	1.956560 	1.845603 	1.190850 	0.213600 	2.420873 	0.919239 	0.460977 	1.171538 	0.977880 	1.386092 	0.986154 	1.425219 	0.805062 	2.215429 	2.104311 	0.853302 	0.625500 	
1.134956 	1.060660 	1.758195 	0.813941 	0.637377 	1.672199 	0.100000 	0.817389 	2.128673 	1.530523 	0.849264 	2.121910 	0.937083 	0.704450 	2.110835 	1.083109 	0.637377 	1.434617 	1.434617 	0.160078 	0.901734 	9.000000 	2.419969 	0.055902 	1.343503 	0.535023 	0.246221 	1.361295 	1.117195 	1.903943 	1.468205 	2.907103 	1.803469 	2.822455 	2.718111 	0.316228 	1.012423 	1.535008 	1.820886 	0.577170 	2.070175 	0.235850 	0.503115 	0.270416 	2.321234 	1.702939 	1.315770 	1.202601 	1.745351 	0.625000 	
3.276145 	3.220443 	0.672681 	3.040765 	1.790251 	0.750000 	2.336932 	3.134984 	0.291548 	0.906228 	1.588238 	0.302076 	1.509346 	3.053686 	0.650481 	1.396648 	2.722591 	3.695014 	1.021335 	2.268397 	1.554228 	2.419969 	9.000000 	2.448596 	1.138530 	2.930017 	2.217121 	1.130542 	1.384061 	4.142011 	1.055047 	0.492443 	0.728869 	0.403113 	0.301040 	2.726949 	1.549597 	3.855191 	0.750417 	2.005773 	0.505594 	2.527969 	2.920295 	2.538331 	0.340037 	0.925338 	3.693914 	3.600347 	0.951315 	2.142574 	
