Total assets = 540
Number of asset nodes = 33

Distance:
999.000000 	87.726852 	34.058773 	89.157166 	130.602448 	75.286118 	117.660530 	127.640121 	133.405396 	32.140316 	104.278473 	44.045429 	97.498718 	82.969872 	76.687675 	52.009613 	127.349915 	16.492422 	101.843018 	54.083271 	98.979797 	117.630775 	34.176014 	81.394104 	26.627054 	37.000000 	115.952576 	128.413391 	100.000000 	23.600847 	124.775803 	145.340973 	135.325531 	46.572525 	89.627007 	29.068884 	123.065025 	129.247818 	73.061615 	137.306229 	33.970577 	77.025970 	50.695168 	140.003571 	122.429573 	101.788994 	156.156967 	140.431473 	105.118980 	55.362442 	
87.726852 	999.000000 	57.201397 	2.236068 	49.244289 	16.124516 	32.802441 	44.944408 	51.971146 	61.846584 	16.552946 	52.345009 	11.045361 	14.000000 	20.615528 	46.400433 	57.428215 	92.086914 	16.124516 	46.872166 	14.866069 	30.016663 	67.882248 	21.000000 	77.233414 	65.795135 	28.231188 	41.400482 	17.888544 	85.912750 	37.215588 	60.959003 	48.918301 	59.405388 	20.615528 	79.931221 	35.341194 	41.677334 	39.623226 	49.929951 	83.486526 	38.118237 	64.140472 	52.697250 	35.510563 	26.248810 	71.449280 	53.000000 	27.459061 	61.717098 	
34.058773 	57.201397 	999.000000 	58.249462 	104.062485 	42.941822 	89.196411 	100.419121 	106.887794 	5.385165 	73.498299 	10.770329 	65.863495 	50.159744 	43.324360 	18.248287 	105.309067 	34.985710 	69.771057 	20.615528 	66.640831 	87.091904 	14.142136 	47.801674 	20.808653 	14.035668 	84.905830 	98.600204 	67.230942 	29.000000 	94.302704 	117.456375 	106.042442 	17.804493 	56.044624 	24.186773 	92.114059 	98.737022 	39.319206 	107.074738 	29.154760 	43.185646 	24.698177 	109.859001 	90.338257 	68.154236 	128.144455 	110.113579 	71.568146 	27.658634 	
89.157166 	2.236068 	58.249462 	999.000000 	49.193497 	16.401220 	32.449963 	44.777225 	51.884487 	62.801273 	15.264338 	53.037724 	9.000000 	13.152946 	20.248457 	46.861500 	58.215118 	93.193344 	14.035668 	47.201694 	12.649111 	28.844410 	68.622154 	20.099751 	78.102493 	66.468040 	26.832815 	40.459858 	15.652476 	86.833176 	36.055511 	60.440052 	48.104053 	59.816387 	18.973665 	80.721741 	34.000000 	40.496914 	39.051247 	48.826221 	84.148682 	37.336308 	64.350601 	51.613953 	33.734257 	24.083189 	70.837845 	51.865211 	25.238859 	61.773781 	
130.602448 	49.244289 	104.062485 	49.193497 	999.000000 	65.368187 	17.464249 	5.000000 	2.828427 	109.123779 	37.107952 	100.801788 	45.880280 	61.846584 	69.354164 	95.414886 	22.022715 	137.931137 	45.705578 	96.041656 	49.030602 	28.071337 	116.038788 	68.352028 	124.739731 	114.201576 	32.062439 	20.124611 	51.623638 	133.056381 	25.298222 	16.278820 	17.029387 	108.452751 	64.031242 	127.781059 	29.120440 	25.059929 	87.664131 	24.083189 	131.821854 	85.381500 	113.371071 	24.413111 	38.600517 	60.133186 	26.570660 	25.806976 	58.008621 	110.941429 	
75.286118 	16.124516 	42.941822 	16.401220 	65.368187 	999.000000 	48.826221 	61.057350 	68.095520 	47.169907 	31.144823 	36.878178 	23.021729 	8.000000 	6.708204 	30.479502 	72.567207 	77.897369 	26.832815 	30.805843 	23.769728 	44.687805 	52.497620 	10.630146 	62.201286 	50.249378 	42.201897 	56.586216 	24.738634 	71.028160 	51.855568 	76.837494 	64.350601 	43.416588 	16.763054 	64.660652 	49.406479 	56.222771 	25.019993 	64.660652 	67.896980 	24.515301 	48.020828 	67.475922 	47.423622 	28.160255 	87.206650 	67.623962 	31.016125 	45.617977 	
117.660530 	32.802441 	89.196411 	32.449963 	17.464249 	48.826221 	999.000000 	12.649111 	19.924858 	94.069122 	19.646883 	85.041168 	28.460499 	44.721359 	52.354561 	79.202271 	33.615471 	123.693169 	28.284271 	79.630394 	31.575306 	12.529964 	100.498756 	51.078373 	109.603828 	98.493652 	16.155495 	13.038404 	34.234486 	118.139748 	13.892444 	28.284271 	18.027756 	92.200867 	46.572525 	112.449989 	16.278820 	16.763054 	70.384659 	22.022715 	116.180893 	68.007355 	96.798759 	24.186773 	25.000000 	43.000000 	38.948685 	25.079872 	41.109608 	94.154129 	
127.640121 	44.944408 	100.419121 	44.777225 	5.000000 	61.057350 	12.649111 	999.000000 	7.280110 	105.418213 	32.280025 	96.829750 	41.109608 	57.271286 	64.845970 	91.263351 	25.495098 	134.536240 	40.792156 	91.809586 	44.147480 	23.086792 	112.160599 	63.694584 	121.016525 	110.258789 	27.073973 	15.811388 	46.690472 	129.417923 	20.615528 	17.888544 	14.317822 	104.292854 	59.203041 	123.987900 	24.351591 	20.808653 	83.006027 	21.095022 	127.914032 	80.653580 	109.077957 	21.931713 	33.837849 	55.145264 	28.653097 	23.259407 	53.009434 	106.550461 	
133.405396 	51.971146 	106.887794 	51.884487 	2.828427 	68.095520 	19.924858 	7.280110 	999.000000 	111.946419 	39.560081 	103.600197 	48.383881 	64.474800 	72.013885 	98.183502 	22.472204 	140.758652 	48.052055 	98.792709 	51.419842 	30.000000 	118.848640 	70.936592 	127.561752 	117.004272 	34.000000 	21.189621 	53.935146 	135.882309 	26.683329 	14.035668 	17.029387 	111.220505 	66.483078 	130.598618 	30.594116 	26.000000 	90.249657 	24.083189 	134.629120 	87.920418 	116.107712 	24.083189 	40.024994 	62.289646 	24.041630 	25.495098 	60.074955 	113.648582 	
32.140316 	61.846584 	5.385165 	62.801273 	109.123779 	47.169907 	94.069122 	105.418213 	111.946419 	999.000000 	78.006409 	12.041595 	70.178345 	54.120235 	47.010635 	20.099751 	110.639053 	30.870699 	73.925636 	22.000000 	70.710678 	91.607857 	9.000000 	51.264023 	15.620500 	9.486833 	89.308456 	103.232750 	71.112587 	24.083189 	98.812958 	122.347862 	110.751976 	15.811388 	59.464275 	18.867962 	96.519424 	103.227905 	41.000000 	111.606453 	23.769728 	45.011108 	21.931713 	114.402794 	94.413979 	71.470276 	133.003754 	114.621117 	74.946648 	25.612497 	
104.278473 	16.552946 	73.498299 	15.264338 	37.107952 	31.144823 	19.646883 	32.280025 	39.560081 	78.006409 	999.000000 	68.014702 	8.944272 	25.806976 	33.600594 	61.522354 	50.635956 	108.452751 	9.055386 	61.619801 	12.041595 	13.601471 	83.630135 	31.764761 	93.236259 	81.394104 	11.704700 	25.455845 	15.033297 	102.004898 	20.808653 	46.324940 	33.301651 	74.330345 	26.925823 	95.775780 	18.788294 	25.238859 	50.990196 	33.600594 	99.035347 	48.466484 	78.409180 	36.400551 	20.024984 	24.515301 	56.400356 	36.619667 	23.409399 	75.451973 	
44.045429 	52.345009 	10.770329 	53.037724 	100.801788 	36.878178 	85.041168 	96.829750 	103.600197 	12.041595 	68.014702 	999.000000 	59.816387 	43.266617 	35.846897 	8.062258 	104.278473 	42.379242 	63.245552 	10.049875 	59.908264 	81.565926 	15.620500 	39.812057 	25.553865 	13.453624 	79.025314 	93.434471 	60.033325 	34.481880 	88.729927 	113.278419 	101.138519 	10.049875 	47.927029 	27.802877 	86.214851 	93.085983 	29.017237 	101.533249 	31.144823 	33.000000 	17.262676 	104.350372 	83.528435 	59.808025 	123.794182 	104.484451 	63.324562 	18.788294 	
97.498718 	11.045361 	65.863495 	9.000000 	45.880280 	23.021729 	28.460499 	41.109608 	48.383881 	70.178345 	8.944272 	59.816387 	999.000000 	17.029387 	24.839485 	53.075417 	58.137768 	100.846420 	5.099020 	53.037724 	5.000000 	21.931713 	75.432091 	22.825424 	85.211502 	73.109505 	19.209373 	34.058773 	8.602325 	94.047859 	29.000000 	55.226807 	42.011902 	65.764732 	18.248287 	87.618492 	26.400757 	33.301651 	42.047592 	41.773197 	90.686272 	39.560081 	69.656296 	44.598206 	25.000000 	18.357559 	65.215027 	44.687805 	18.439089 	66.610809 	
82.969872 	14.000000 	50.159744 	13.152946 	61.846584 	8.000000 	44.721359 	57.271286 	64.474800 	54.120235 	25.806976 	43.266617 	17.029387 	999.000000 	7.810250 	36.235340 	71.344238 	84.970581 	20.000000 	36.069378 	16.643316 	38.948685 	58.821766 	7.000000 	68.796799 	56.400356 	36.069378 	51.088158 	17.088007 	77.698135 	45.967381 	72.111023 	59.033890 	48.795490 	9.433981 	71.028160 	43.185646 	50.209560 	25.961510 	58.694122 	73.878281 	24.186773 	52.630791 	61.522354 	40.311287 	20.223749 	82.200974 	61.554855 	23.021729 	49.648766 	
76.687675 	20.615528 	43.324360 	20.248457 	69.354164 	6.708204 	52.354561 	64.845970 	72.013885 	47.010635 	33.600594 	35.846897 	24.839485 	7.810250 	999.000000 	28.600698 	77.929459 	77.878113 	27.658634 	28.319605 	24.207438 	46.754681 	51.312767 	5.099020 	61.400326 	48.826221 	43.840622 	58.898216 	24.186773 	70.327805 	53.758720 	79.881165 	66.843102 	41.036568 	13.038404 	63.513779 	50.931328 	57.982758 	19.104973 	66.468040 	66.219330 	18.110771 	44.821869 	69.296463 	47.707443 	25.179358 	90.000000 	69.310890 	28.442924 	41.880783 	
52.009613 	46.400433 	18.248287 	46.861500 	95.414886 	30.479502 	79.202271 	91.263351 	98.183502 	20.099751 	61.522354 	8.062258 	53.075417 	36.235340 	28.600698 	999.000000 	100.304535 	50.289165 	56.222771 	2.828427 	52.801514 	74.966660 	22.825424 	32.249031 	33.105892 	20.248457 	72.249565 	86.977005 	52.697250 	42.047592 	82.073135 	107.298645 	94.794518 	13.038404 	40.249222 	34.985710 	79.397736 	86.371292 	21.095022 	94.847244 	37.643059 	25.019993 	18.681541 	97.672920 	76.275818 	52.000000 	117.686020 	97.744568 	55.542778 	18.000000 	
127.349915 	57.428215 	105.309067 	58.215118 	22.022715 	72.567207 	33.615471 	25.495098 	22.472204 	110.639053 	50.635956 	104.278473 	58.137768 	71.344238 	77.929459 	100.304535 	999.000000 	137.003647 	59.682495 	101.513542 	62.393909 	46.097721 	118.532700 	78.313469 	126.051575 	117.170815 	49.769470 	41.231056 	65.620117 	133.689941 	45.486263 	34.785053 	39.051247 	113.088463 	76.006577 	129.495178 	48.877399 	46.227695 	97.015465 	46.097721 	134.238586 	95.524864 	118.928551 	46.400433 	58.180752 	75.133217 	42.296574 	47.801674 	73.756355 	117.341385 	
16.492422 	92.086914 	34.985710 	93.193344 	137.931137 	77.897369 	123.693169 	134.536240 	140.758652 	30.870699 	108.452751 	42.379242 	100.846420 	84.970581 	77.878113 	50.289165 	137.003647 	999.000000 	104.709122 	51.662365 	101.533249 	122.036880 	28.284271 	82.079231 	18.027756 	31.257000 	119.887444 	133.454117 	101.980392 	10.440307 	129.247818 	151.855194 	140.801285 	41.194660 	90.249657 	18.248287 	127.094452 	133.689941 	70.213959 	142.003525 	21.023796 	74.330345 	43.104523 	144.779144 	125.239769 	102.181213 	162.606888 	145.055161 	105.688217 	48.093658 	
101.843018 	16.124516 	69.771057 	14.035668 	45.705578 	26.832815 	28.284271 	40.792156 	48.052055 	73.925636 	9.055386 	63.245552 	5.099020 	20.000000 	27.658634 	56.222771 	59.682495 	104.709122 	999.000000 	55.973209 	3.605551 	19.723083 	78.816238 	24.839485 	88.752464 	76.400261 	16.401220 	31.906113 	6.000000 	97.637085 	26.400757 	53.665630 	39.962482 	68.680420 	18.788294 	91.021973 	23.345236 	30.479502 	43.566040 	38.948685 	93.861603 	40.706264 	72.180328 	41.773197 	20.615528 	15.524175 	63.285069 	41.725292 	14.764823 	68.883957 	
54.083271 	46.872166 	20.615528 	47.201694 	96.041656 	30.805843 	79.630394 	91.809586 	98.792709 	22.000000 	61.619801 	10.049875 	53.037724 	36.069378 	28.319605 	2.828427 	101.513542 	51.662365 	55.973209 	999.000000 	52.497620 	74.966660 	23.769728 	31.622776 	34.176014 	21.023796 	72.138756 	87.045967 	52.201534 	43.081318 	82.024384 	107.615051 	94.921021 	12.727922 	39.446167 	35.777088 	79.246452 	86.278618 	19.000000 	94.762863 	38.013157 	23.021729 	17.464249 	97.590981 	75.802376 	50.990196 	117.923706 	97.621719 	54.561890 	16.124516 	
98.979797 	14.866069 	66.640831 	12.649111 	49.030602 	23.769728 	31.575306 	44.147480 	51.419842 	70.710678 	12.041595 	59.908264 	5.000000 	16.643316 	24.207438 	52.801514 	62.393909 	101.533249 	3.605551 	52.497620 	999.000000 	23.323807 	75.451973 	21.260292 	85.440041 	73.006851 	20.000000 	35.510563 	3.605551 	94.339813 	30.000000 	57.245087 	43.566040 	65.192024 	15.231546 	87.658424 	26.907248 	34.058773 	39.962482 	42.520584 	90.426765 	37.121422 	68.622154 	45.343136 	23.706539 	13.416408 	66.887962 	45.276924 	13.453624 	65.299309 	
117.630775 	30.016663 	87.091904 	28.844410 	28.071337 	44.687805 	12.529964 	23.086792 	30.000000 	91.607857 	13.601471 	81.565926 	21.931713 	38.948685 	46.754681 	74.966660 	46.097721 	122.036880 	19.723083 	74.966660 	23.323807 	999.000000 	97.185387 	44.407207 	106.826965 	94.921021 	4.000000 	12.206555 	25.079872 	115.602768 	7.211102 	34.014702 	20.248457 	87.692642 	38.470768 	109.343498 	6.000000 	11.661903 	63.285069 	20.000000 	112.538879 	60.415230 	91.547798 	22.803509 	12.727922 	32.557640 	43.566040 	23.021729 	30.149628 	88.408142 	
34.176014 	67.882248 	14.142136 	68.622154 	116.038788 	52.497620 	100.498756 	112.160599 	118.848640 	9.000000 	83.630135 	15.620500 	75.432091 	58.821766 	51.312767 	22.825424 	118.532700 	28.284271 	78.816238 	23.769728 	75.451973 	97.185387 	999.000000 	55.072678 	10.440307 	3.000000 	94.641426 	109.041275 	75.471848 	19.313208 	104.350372 	128.763351 	116.726173 	13.000000 	63.063461 	12.206555 	101.828285 	108.706024 	41.976185 	117.153748 	15.811388 	46.097721 	16.552946 	119.970833 	99.020203 	74.732857 	139.316193 	120.104118 	78.294319 	21.189621 	
81.394104 	21.000000 	47.801674 	20.099751 	68.352028 	10.630146 	51.078373 	63.694584 	70.936592 	51.264023 	31.764761 	39.812057 	22.825424 	7.000000 	5.099020 	32.249031 	78.313469 	82.079231 	24.839485 	31.622776 	21.260292 	44.407207 	55.072678 	999.000000 	65.299309 	52.478565 	41.231056 	56.612720 	20.615528 	74.242844 	51.224995 	78.032043 	64.637451 	44.204071 	8.246211 	67.230942 	48.166378 	55.317268 	19.313208 	63.780876 	69.634758 	17.262676 	47.381432 	66.603302 	44.204071 	20.396078 	87.920418 	66.528191 	23.769728 	44.045429 	
26.627054 	77.233414 	20.808653 	78.102493 	124.739731 	62.201286 	109.603828 	121.016525 	127.561752 	15.620500 	93.236259 	25.553865 	85.211502 	68.796799 	61.400326 	33.105892 	126.051575 	18.027756 	88.752464 	34.176014 	85.440041 	106.826965 	10.440307 	65.299309 	999.000000 	13.341664 	104.403069 	118.562218 	85.586212 	8.944272 	114.017540 	137.887634 	126.150703 	23.194826 	73.348480 	4.000000 	111.606453 	118.406082 	52.392746 	126.822708 	10.049875 	56.515484 	25.317978 	129.630249 	109.077957 	85.088188 	148.519363 	129.807556 	88.639717 	30.265491 	
37.000000 	65.795135 	14.035668 	66.468040 	114.201576 	50.249378 	98.493652 	110.258789 	117.004272 	9.486833 	81.394104 	13.453624 	73.109505 	56.400356 	48.826221 	20.248457 	117.170815 	31.257000 	76.400261 	21.023796 	73.006851 	94.921021 	3.000000 	52.478565 	13.341664 	999.000000 	92.314682 	106.831642 	72.945183 	22.135944 	102.068604 	126.732002 	114.560028 	10.000000 	60.415230 	14.764823 	99.488693 	106.404884 	39.051247 	114.865135 	17.691807 	43.174065 	13.892444 	117.686020 	96.519424 	72.013885 	137.244308 	117.796432 	75.584389 	18.384777 	
115.952576 	28.231188 	84.905830 	26.832815 	32.062439 	42.201897 	16.155495 	27.073973 	34.000000 	89.308456 	11.704700 	79.025314 	19.209373 	36.069378 	43.840622 	72.249565 	49.769470 	119.887444 	16.401220 	72.138756 	20.000000 	4.000000 	94.641426 	41.231056 	104.403069 	92.314682 	999.000000 	15.652476 	21.470911 	113.225441 	10.000000 	37.696156 	23.706539 	84.864601 	34.985710 	106.826965 	7.211102 	14.142136 	59.908264 	22.627417 	109.877205 	56.938564 	88.526833 	25.455845 	10.295630 	28.635643 	47.010635 	25.495098 	26.172504 	85.276024 	
128.413391 	41.400482 	98.600204 	40.459858 	20.124611 	56.586216 	13.038404 	15.811388 	21.189621 	103.232750 	25.455845 	93.434471 	34.058773 	51.088158 	58.898216 	86.977005 	41.231056 	133.454117 	31.906113 	87.045967 	35.510563 	12.206555 	109.041275 	56.612720 	118.562218 	106.831642 	15.652476 	999.000000 	37.121422 	127.283150 	6.082763 	22.135944 	8.062258 	99.764725 	50.606323 	121.165176 	10.049875 	5.000000 	75.471848 	9.219544 	124.482933 	72.560318 	103.711136 	11.704700 	19.104973 	43.965897 	31.384710 	12.369317 	41.231056 	100.603180 	
100.000000 	17.888544 	67.230942 	15.652476 	51.623638 	24.738634 	34.234486 	46.690472 	53.935146 	71.112587 	15.033297 	60.033325 	8.602325 	17.088007 	24.186773 	52.697250 	65.620117 	101.980392 	6.000000 	52.201534 	3.605551 	25.079872 	75.471848 	20.615528 	85.586212 	72.945183 	21.470911 	37.121422 	999.000000 	94.514549 	31.384710 	59.093147 	45.177429 	64.815125 	13.601471 	87.664131 	28.017851 	35.227829 	38.600517 	43.600460 	90.210861 	35.510563 	67.896980 	46.400433 	23.600847 	9.848858 	68.476273 	46.227695 	9.899495 	64.381676 	
23.600847 	85.912750 	29.000000 	86.833176 	133.056381 	71.028160 	118.139748 	129.417923 	135.882309 	24.083189 	102.004898 	34.481880 	94.047859 	77.698135 	70.327805 	42.047592 	133.689941 	10.440307 	97.637085 	43.081318 	94.339813 	115.602768 	19.313208 	74.242844 	8.944272 	22.135944 	113.225441 	127.283150 	94.514549 	999.000000 	122.800652 	146.413803 	134.825821 	31.780497 	82.292160 	8.000000 	120.432556 	127.200630 	61.131008 	135.602356 	10.816654 	65.253349 	33.000000 	138.405197 	117.991524 	94.021271 	157.079605 	138.600143 	97.575615 	38.000000 	
124.775803 	37.215588 	94.302704 	36.055511 	25.298222 	51.855568 	13.892444 	20.615528 	26.683329 	98.812958 	20.808653 	88.729927 	29.000000 	45.967381 	53.758720 	82.073135 	45.486263 	129.247818 	26.400757 	82.024384 	30.000000 	7.211102 	104.350372 	51.224995 	114.017540 	102.068604 	10.000000 	6.082763 	31.384710 	122.800652 	999.000000 	28.160255 	13.928389 	94.752312 	44.944408 	116.516090 	4.000000 	4.472136 	69.892776 	12.806249 	119.670380 	66.887962 	98.493652 	15.620500 	13.341664 	37.947330 	37.121422 	15.811388 	35.171009 	95.268044 	
145.340973 	60.959003 	117.456375 	60.440052 	16.278820 	76.837494 	28.284271 	17.888544 	14.035668 	122.347862 	46.324940 	113.278419 	55.226807 	72.111023 	79.881165 	107.298645 	34.785053 	151.855194 	53.665630 	107.615051 	57.245087 	34.014702 	128.763351 	78.032043 	137.887634 	126.732002 	37.696156 	22.135944 	59.093147 	146.413803 	28.160255 	999.000000 	14.317822 	120.253899 	72.449982 	140.730240 	32.015621 	25.317978 	97.128784 	19.104973 	144.422989 	94.366310 	124.619423 	17.464249 	40.311287 	66.098412 	10.816654 	18.681541 	63.324562 	121.757957 	
135.325531 	48.918301 	106.042442 	48.104053 	17.029387 	64.350601 	18.027756 	14.317822 	17.029387 	110.751976 	33.301651 	101.138519 	42.011902 	59.033890 	66.843102 	94.794518 	39.051247 	140.801285 	39.962482 	94.921021 	43.566040 	20.248457 	116.726173 	64.637451 	126.150703 	114.560028 	23.706539 	8.062258 	45.177429 	134.825821 	13.928389 	14.317822 	999.000000 	107.628990 	58.668560 	128.817703 	17.720045 	11.045361 	83.528435 	7.071068 	132.230865 	80.622574 	111.664673 	7.615773 	26.076809 	51.865211 	23.323807 	8.944272 	49.040798 	108.600182 	
46.572525 	59.405388 	17.804493 	59.816387 	108.452751 	43.416588 	92.200867 	104.292854 	111.220505 	15.811388 	74.330345 	10.049875 	65.764732 	48.795490 	41.036568 	13.038404 	113.088463 	41.194660 	68.680420 	12.727922 	65.192024 	87.692642 	13.000000 	44.204071 	23.194826 	10.000000 	84.864601 	99.764725 	64.815125 	31.780497 	94.752312 	120.253899 	107.628990 	999.000000 	51.865211 	24.041630 	91.967384 	99.005051 	29.410883 	107.489532 	25.553865 	33.526108 	7.280110 	110.317726 	88.408142 	63.134777 	130.598618 	110.344917 	66.730804 	9.899495 	
89.627007 	20.615528 	56.044624 	18.973665 	64.031242 	16.763054 	46.572525 	59.203041 	66.483078 	59.464275 	26.925823 	47.927029 	18.248287 	9.433981 	13.038404 	40.249222 	76.006577 	90.249657 	18.788294 	39.446167 	15.231546 	38.470768 	63.063461 	8.246211 	73.348480 	60.415230 	34.985710 	50.606323 	13.601471 	82.292160 	44.944408 	72.449982 	58.668560 	51.865211 	999.000000 	75.179787 	41.617306 	48.826221 	25.000000 	57.201397 	77.388626 	21.954498 	54.561890 	60.000000 	36.796738 	12.165525 	81.987801 	59.816387 	15.524175 	50.911690 	
29.068884 	79.931221 	24.186773 	80.721741 	127.781059 	64.660652 	112.449989 	123.987900 	130.598618 	18.867962 	95.775780 	27.802877 	87.618492 	71.028160 	63.513779 	34.985710 	129.495178 	18.248287 	91.021973 	35.777088 	87.658424 	109.343498 	12.206555 	67.230942 	4.000000 	14.764823 	106.826965 	121.165176 	87.664131 	8.000000 	116.516090 	140.730240 	128.817703 	24.041630 	75.179787 	999.000000 	114.017540 	120.880104 	53.450912 	129.321304 	6.082763 	57.567352 	25.000000 	132.136292 	111.220505 	86.764046 	151.320847 	132.279999 	90.338257 	30.000000 	
123.065025 	35.341194 	92.114059 	34.000000 	29.120440 	49.406479 	16.278820 	24.351591 	30.594116 	96.519424 	18.788294 	86.214851 	26.400757 	43.185646 	50.931328 	79.397736 	48.877399 	127.094452 	23.345236 	79.246452 	26.907248 	6.000000 	101.828285 	48.166378 	111.606453 	99.488693 	7.211102 	10.049875 	28.017851 	120.432556 	4.000000 	32.015621 	17.720045 	91.967384 	41.617306 	114.017540 	999.000000 	7.211102 	66.610809 	15.620500 	117.034180 	63.513779 	95.524864 	18.439089 	9.486833 	34.176014 	40.718548 	18.384777 	31.320919 	92.195442 	
129.247818 	41.677334 	98.737022 	40.496914 	25.059929 	56.222771 	16.763054 	20.808653 	26.000000 	103.227905 	25.238859 	93.085983 	33.301651 	50.209560 	57.982758 	86.371292 	46.227695 	133.689941 	30.479502 	86.278618 	34.058773 	11.661903 	108.706024 	55.317268 	118.406082 	106.404884 	14.142136 	5.000000 	35.227829 	127.200630 	4.472136 	25.317978 	11.045361 	99.005051 	48.826221 	120.880104 	7.211102 	999.000000 	73.817345 	8.485281 	123.987900 	70.724815 	102.649887 	11.313708 	15.033297 	41.231056 	33.615471 	11.401754 	38.275318 	99.357941 	
73.061615 	39.623226 	39.319206 	39.051247 	87.664131 	25.019993 	70.384659 	83.006027 	90.249657 	41.000000 	50.990196 	29.017237 	42.047592 	25.961510 	19.104973 	21.095022 	97.015465 	70.213959 	43.566040 	19.000000 	39.962482 	63.285069 	41.976185 	19.313208 	52.392746 	39.051247 	59.908264 	75.471848 	38.600517 	61.131008 	69.892776 	97.128784 	83.528435 	29.410883 	25.000000 	53.450912 	66.610809 	73.817345 	999.000000 	82.200974 	54.625999 	4.123106 	30.528675 	85.000000 	61.554855 	34.828148 	106.850365 	84.811554 	38.418747 	26.400757 	
137.306229 	49.929951 	107.074738 	48.826221 	24.083189 	64.660652 	22.022715 	21.095022 	24.083189 	111.606453 	33.600594 	101.533249 	41.773197 	58.694122 	66.468040 	94.847244 	46.097721 	142.003525 	38.948685 	94.762863 	42.520584 	20.000000 	117.153748 	63.780876 	126.822708 	114.865135 	22.627417 	9.219544 	43.600460 	135.602356 	12.806249 	19.104973 	7.071068 	107.489532 	57.201397 	129.321304 	15.620500 	8.485281 	82.200974 	999.000000 	132.457535 	79.056938 	111.126053 	2.828427 	22.135944 	49.193497 	25.961510 	3.162278 	46.097721 	107.814659 	
33.970577 	83.486526 	29.154760 	84.148682 	131.821854 	67.896980 	116.180893 	127.914032 	134.629120 	23.769728 	99.035347 	31.144823 	90.686272 	73.878281 	66.219330 	37.643059 	134.238586 	21.023796 	93.861603 	38.013157 	90.426765 	112.538879 	15.811388 	69.634758 	10.049875 	17.691807 	109.877205 	124.482933 	90.210861 	10.816654 	119.670380 	144.422989 	132.230865 	25.553865 	77.388626 	6.082763 	117.034180 	123.987900 	54.625999 	132.457535 	999.000000 	58.694122 	24.738634 	135.281189 	113.811249 	88.684837 	154.935471 	135.369858 	92.282173 	29.614185 	
77.025970 	38.118237 	43.185646 	37.336308 	85.381500 	24.515301 	68.007355 	80.653580 	87.920418 	45.011108 	48.466484 	33.000000 	39.560081 	24.186773 	18.110771 	25.019993 	95.524864 	74.330345 	40.706264 	23.021729 	37.121422 	60.415230 	46.097721 	17.262676 	56.515484 	43.174065 	56.938564 	72.560318 	35.510563 	65.253349 	66.887962 	94.366310 	80.622574 	33.526108 	21.954498 	57.567352 	63.513779 	70.724815 	4.123106 	79.056938 	58.694122 	999.000000 	34.481880 	81.841309 	58.137768 	31.144823 	103.942291 	81.608826 	34.713108 	30.232433 	
50.695168 	64.140472 	24.698177 	64.350601 	113.371071 	48.020828 	96.798759 	109.077957 	116.107712 	21.931713 	78.409180 	17.262676 	69.656296 	52.630791 	44.821869 	18.681541 	118.928551 	43.104523 	72.180328 	17.464249 	68.622154 	91.547798 	16.552946 	47.381432 	25.317978 	13.892444 	88.526833 	103.711136 	67.896980 	33.000000 	98.493652 	124.619423 	111.664673 	7.280110 	54.561890 	25.000000 	95.524864 	102.649887 	30.528675 	111.126053 	24.738634 	34.481880 	999.000000 	113.951744 	91.350975 	65.215027 	134.807266 	113.899078 	68.818604 	5.000000 	
140.003571 	52.697250 	109.859001 	51.613953 	24.413111 	67.475922 	24.186773 	21.931713 	24.083189 	114.402794 	36.400551 	104.350372 	44.598206 	61.522354 	69.296463 	97.672920 	46.400433 	144.779144 	41.773197 	97.590981 	45.343136 	22.803509 	119.970833 	66.603302 	129.630249 	117.686020 	25.455845 	11.704700 	46.400433 	138.405197 	15.620500 	17.464249 	7.615773 	110.317726 	60.000000 	132.136292 	18.439089 	11.313708 	85.000000 	2.828427 	135.281189 	81.841309 	113.951744 	999.000000 	24.698177 	51.884487 	23.537205 	1.414214 	48.754486 	110.634537 	
122.429573 	35.510563 	90.338257 	33.734257 	38.600517 	47.423622 	25.000000 	33.837849 	40.024994 	94.413979 	20.024984 	83.528435 	25.000000 	40.311287 	47.707443 	76.275818 	58.180752 	125.239769 	20.615528 	75.802376 	23.706539 	12.727922 	99.020203 	44.204071 	109.077957 	96.519424 	10.295630 	19.104973 	23.600847 	117.991524 	13.341664 	40.311287 	26.076809 	88.408142 	36.796738 	111.220505 	9.486833 	15.033297 	61.554855 	22.135944 	113.811249 	58.137768 	91.350975 	24.698177 	999.000000 	27.459061 	48.083260 	24.166092 	24.186773 	87.692642 	
101.788994 	26.248810 	68.154236 	24.083189 	60.133186 	28.160255 	43.000000 	55.145264 	62.289646 	71.470276 	24.515301 	59.808025 	18.357559 	20.223749 	25.179358 	52.000000 	75.133217 	102.181213 	15.524175 	50.990196 	13.416408 	32.557640 	74.732857 	20.396078 	85.088188 	72.013885 	28.635643 	43.965897 	9.848858 	94.021271 	37.947330 	66.098412 	51.865211 	63.134777 	12.165525 	86.764046 	34.176014 	41.231056 	34.828148 	49.193497 	88.684837 	31.144823 	65.215027 	51.884487 	27.459061 	999.000000 	74.846512 	51.478149 	3.605551 	61.220913 	
156.156967 	71.449280 	128.144455 	70.837845 	26.570660 	87.206650 	38.948685 	28.653097 	24.041630 	133.003754 	56.400356 	123.794182 	65.215027 	82.200974 	90.000000 	117.686020 	42.296574 	162.606888 	63.285069 	117.923706 	66.887962 	43.566040 	139.316193 	87.920418 	148.519363 	137.244308 	47.010635 	31.384710 	68.476273 	157.079605 	37.121422 	10.816654 	23.323807 	130.598618 	81.987801 	151.320847 	40.718548 	33.615471 	106.850365 	25.961510 	154.935471 	103.942291 	134.807266 	23.537205 	48.083260 	74.846512 	999.000000 	24.331051 	71.867935 	131.825638 	
140.431473 	53.000000 	110.113579 	51.865211 	25.806976 	67.623962 	25.079872 	23.259407 	25.495098 	114.621117 	36.619667 	104.484451 	44.687805 	61.554855 	69.310890 	97.744568 	47.801674 	145.055161 	41.725292 	97.621719 	45.276924 	23.021729 	120.104118 	66.528191 	129.807556 	117.796432 	25.495098 	12.369317 	46.227695 	138.600143 	15.811388 	18.681541 	8.944272 	110.344917 	59.816387 	132.279999 	18.384777 	11.401754 	84.811554 	3.162278 	135.369858 	81.608826 	113.899078 	1.414214 	24.166092 	51.478149 	24.331051 	999.000000 	48.301140 	110.535065 	
105.118980 	27.459061 	71.568146 	25.238859 	58.008621 	31.016125 	41.109608 	53.009434 	60.074955 	74.946648 	23.409399 	63.324562 	18.439089 	23.021729 	28.442924 	55.542778 	73.756355 	105.688217 	14.764823 	54.561890 	13.453624 	30.149628 	78.294319 	23.769728 	88.639717 	75.584389 	26.172504 	41.231056 	9.899495 	97.575615 	35.171009 	63.324562 	49.040798 	66.730804 	15.524175 	90.338257 	31.320919 	38.275318 	38.418747 	46.097721 	92.282173 	34.713108 	68.818604 	48.754486 	24.186773 	3.605551 	71.867935 	48.301140 	999.000000 	64.815125 	
55.362442 	61.717098 	27.658634 	61.773781 	110.941429 	45.617977 	94.154129 	106.550461 	113.648582 	25.612497 	75.451973 	18.788294 	66.610809 	49.648766 	41.880783 	18.000000 	117.341385 	48.093658 	68.883957 	16.124516 	65.299309 	88.408142 	21.189621 	44.045429 	30.265491 	18.384777 	85.276024 	100.603180 	64.381676 	38.000000 	95.268044 	121.757957 	108.600182 	9.899495 	50.911690 	30.000000 	92.195442 	99.357941 	26.400757 	107.814659 	29.614185 	30.232433 	5.000000 	110.634537 	87.692642 	61.220913 	131.825638 	110.535065 	64.815125 	999.000000 	

Travel time:
9.000000 	2.193171 	0.851469 	2.228929 	3.265061 	1.882153 	2.941513 	3.191003 	3.335135 	0.803508 	2.606962 	1.101136 	2.437468 	2.074247 	1.917192 	1.300240 	3.183748 	0.412311 	2.546075 	1.352082 	2.474495 	2.940769 	0.854400 	2.034853 	0.665676 	0.925000 	2.898814 	3.210335 	2.500000 	0.590021 	3.119395 	3.633524 	3.383138 	1.164313 	2.240675 	0.726722 	3.076626 	3.231195 	1.826540 	3.432656 	0.849264 	1.925649 	1.267379 	3.500089 	3.060739 	2.544725 	3.903924 	3.510787 	2.627975 	1.384061 	
2.193171 	9.000000 	1.430035 	0.055902 	1.231107 	0.403113 	0.820061 	1.123610 	1.299279 	1.546165 	0.413824 	1.308625 	0.276134 	0.350000 	0.515388 	1.160011 	1.435705 	2.302173 	0.403113 	1.171804 	0.371652 	0.750417 	1.697056 	0.525000 	1.930835 	1.644878 	0.705780 	1.035012 	0.447214 	2.147819 	0.930390 	1.523975 	1.222957 	1.485135 	0.515388 	1.998281 	0.883530 	1.041933 	0.990581 	1.248249 	2.087163 	0.952956 	1.603512 	1.317431 	0.887764 	0.656220 	1.786232 	1.325000 	0.686477 	1.542928 	
0.851469 	1.430035 	9.000000 	1.456237 	2.601562 	1.073546 	2.229910 	2.510478 	2.672195 	0.134629 	1.837457 	0.269258 	1.646587 	1.253994 	1.083109 	0.456207 	2.632727 	0.874643 	1.744276 	0.515388 	1.666021 	2.177298 	0.353553 	1.195042 	0.520216 	0.350892 	2.122646 	2.465005 	1.680773 	0.725000 	2.357568 	2.936409 	2.651061 	0.445112 	1.401116 	0.604669 	2.302851 	2.468426 	0.982980 	2.676868 	0.728869 	1.079641 	0.617454 	2.746475 	2.258456 	1.703856 	3.203611 	2.752840 	1.789204 	0.691466 	
2.228929 	0.055902 	1.456237 	9.000000 	1.229837 	0.410031 	0.811249 	1.119431 	1.297112 	1.570032 	0.381608 	1.325943 	0.225000 	0.328824 	0.506211 	1.171538 	1.455378 	2.329834 	0.350892 	1.180042 	0.316228 	0.721110 	1.715554 	0.502494 	1.952562 	1.661701 	0.670820 	1.011496 	0.391312 	2.170829 	0.901388 	1.511001 	1.202601 	1.495410 	0.474342 	2.018044 	0.850000 	1.012423 	0.976281 	1.220656 	2.103717 	0.933408 	1.608765 	1.290349 	0.843356 	0.602080 	1.770946 	1.296630 	0.630971 	1.544345 	
3.265061 	1.231107 	2.601562 	1.229837 	9.000000 	1.634205 	0.436606 	0.125000 	0.070711 	2.728095 	0.927699 	2.520045 	1.147007 	1.546165 	1.733854 	2.385372 	0.550568 	3.448278 	1.142639 	2.401042 	1.225765 	0.701783 	2.900970 	1.708801 	3.118493 	2.855039 	0.801561 	0.503115 	1.290591 	3.326410 	0.632456 	0.406971 	0.425735 	2.711319 	1.600781 	3.194526 	0.728011 	0.626498 	2.191603 	0.602080 	3.295546 	2.134537 	2.834277 	0.610328 	0.965013 	1.503330 	0.664266 	0.645174 	1.450216 	2.773536 	
1.882153 	0.403113 	1.073546 	0.410031 	1.634205 	9.000000 	1.220656 	1.526434 	1.702388 	1.179248 	0.778621 	0.921954 	0.575543 	0.200000 	0.167705 	0.761988 	1.814180 	1.947434 	0.670820 	0.770146 	0.594243 	1.117195 	1.312441 	0.265754 	1.555032 	1.256234 	1.055047 	1.414655 	0.618466 	1.775704 	1.296389 	1.920937 	1.608765 	1.085415 	0.419076 	1.616516 	1.235162 	1.405569 	0.625500 	1.616516 	1.697425 	0.612882 	1.200521 	1.686898 	1.185591 	0.704006 	2.180166 	1.690599 	0.775403 	1.140449 	
2.941513 	0.820061 	2.229910 	0.811249 	0.436606 	1.220656 	9.000000 	0.316228 	0.498121 	2.351728 	0.491172 	2.126029 	0.711512 	1.118034 	1.308864 	1.980057 	0.840387 	3.092329 	0.707107 	1.990760 	0.789383 	0.313249 	2.512469 	1.276959 	2.740096 	2.462341 	0.403887 	0.325960 	0.855862 	2.953494 	0.347311 	0.707107 	0.450694 	2.305022 	1.164313 	2.811250 	0.406971 	0.419076 	1.759616 	0.550568 	2.904522 	1.700184 	2.419969 	0.604669 	0.625000 	1.075000 	0.973717 	0.626997 	1.027740 	2.353853 	
3.191003 	1.123610 	2.510478 	1.119431 	0.125000 	1.526434 	0.316228 	9.000000 	0.182003 	2.635455 	0.807001 	2.420744 	1.027740 	1.431782 	1.621149 	2.281584 	0.637377 	3.363406 	1.019804 	2.295240 	1.103687 	0.577170 	2.804015 	1.592365 	3.025413 	2.756470 	0.676849 	0.395285 	1.167262 	3.235448 	0.515388 	0.447214 	0.357946 	2.607321 	1.480076 	3.099698 	0.608790 	0.520216 	2.075151 	0.527376 	3.197851 	2.016340 	2.726949 	0.548293 	0.845946 	1.378632 	0.716327 	0.581485 	1.325236 	2.663762 	
3.335135 	1.299279 	2.672195 	1.297112 	0.070711 	1.702388 	0.498121 	0.182003 	9.000000 	2.798661 	0.989002 	2.590005 	1.209597 	1.611870 	1.800347 	2.454587 	0.561805 	3.518966 	1.201301 	2.469818 	1.285496 	0.750000 	2.971216 	1.773415 	3.189044 	2.925107 	0.850000 	0.529741 	1.348379 	3.397058 	0.667083 	0.350892 	0.425735 	2.780513 	1.662077 	3.264966 	0.764853 	0.650000 	2.256241 	0.602080 	3.365728 	2.198010 	2.902693 	0.602080 	1.000625 	1.557241 	0.601041 	0.637377 	1.501874 	2.841215 	
0.803508 	1.546165 	0.134629 	1.570032 	2.728095 	1.179248 	2.351728 	2.635455 	2.798661 	9.000000 	1.950160 	0.301040 	1.754459 	1.353006 	1.175266 	0.502494 	2.765976 	0.771767 	1.848141 	0.550000 	1.767767 	2.290196 	0.225000 	1.281601 	0.390512 	0.237171 	2.232711 	2.580819 	1.777815 	0.602080 	2.470324 	3.058697 	2.768799 	0.395285 	1.486607 	0.471699 	2.412986 	2.580698 	1.025000 	2.790161 	0.594243 	1.125278 	0.548293 	2.860070 	2.360349 	1.786757 	3.325094 	2.865528 	1.873666 	0.640312 	
2.606962 	0.413824 	1.837457 	0.381608 	0.927699 	0.778621 	0.491172 	0.807001 	0.989002 	1.950160 	9.000000 	1.700368 	0.223607 	0.645174 	0.840015 	1.538059 	1.265899 	2.711319 	0.226385 	1.540495 	0.301040 	0.340037 	2.090753 	0.794119 	2.330906 	2.034853 	0.292617 	0.636396 	0.375832 	2.550122 	0.520216 	1.158123 	0.832541 	1.858259 	0.673146 	2.394394 	0.469707 	0.630971 	1.274755 	0.840015 	2.475884 	1.211662 	1.960230 	0.910014 	0.500625 	0.612882 	1.410009 	0.915492 	0.585235 	1.886299 	
1.101136 	1.308625 	0.269258 	1.325943 	2.520045 	0.921954 	2.126029 	2.420744 	2.590005 	0.301040 	1.700368 	9.000000 	1.495410 	1.081665 	0.896172 	0.201556 	2.606962 	1.059481 	1.581139 	0.251247 	1.497707 	2.039148 	0.390512 	0.995301 	0.638847 	0.336341 	1.975633 	2.335862 	1.500833 	0.862047 	2.218248 	2.831960 	2.528463 	0.251247 	1.198176 	0.695072 	2.155371 	2.327150 	0.725431 	2.538331 	0.778621 	0.825000 	0.431567 	2.608759 	2.088211 	1.495201 	3.094855 	2.612111 	1.583114 	0.469707 	
2.437468 	0.276134 	1.646587 	0.225000 	1.147007 	0.575543 	0.711512 	1.027740 	1.209597 	1.754459 	0.223607 	1.495410 	9.000000 	0.425735 	0.620987 	1.326885 	1.453444 	2.521161 	0.127475 	1.325943 	0.125000 	0.548293 	1.885802 	0.570636 	2.130288 	1.827738 	0.480234 	0.851469 	0.215058 	2.351197 	0.725000 	1.380670 	1.050297 	1.644118 	0.456207 	2.190462 	0.660019 	0.832541 	1.051190 	1.044330 	2.267157 	0.989002 	1.741407 	1.114955 	0.625000 	0.458939 	1.630376 	1.117195 	0.460977 	1.665270 	
2.074247 	0.350000 	1.253994 	0.328824 	1.546165 	0.200000 	1.118034 	1.431782 	1.611870 	1.353006 	0.645174 	1.081665 	0.425735 	9.000000 	0.195256 	0.905883 	1.783606 	2.124264 	0.500000 	0.901734 	0.416083 	0.973717 	1.470544 	0.175000 	1.719920 	1.410009 	0.901734 	1.277204 	0.427200 	1.942453 	1.149184 	1.802776 	1.475847 	1.219887 	0.235850 	1.775704 	1.079641 	1.255239 	0.649038 	1.467353 	1.846957 	0.604669 	1.315770 	1.538059 	1.007782 	0.505594 	2.055024 	1.538871 	0.575543 	1.241219 	
1.917192 	0.515388 	1.083109 	0.506211 	1.733854 	0.167705 	1.308864 	1.621149 	1.800347 	1.175266 	0.840015 	0.896172 	0.620987 	0.195256 	9.000000 	0.715017 	1.948236 	1.946953 	0.691466 	0.707990 	0.605186 	1.168867 	1.282819 	0.127475 	1.535008 	1.220656 	1.096016 	1.472455 	0.604669 	1.758195 	1.343968 	1.997029 	1.671077 	1.025914 	0.325960 	1.587844 	1.273283 	1.449569 	0.477624 	1.661701 	1.655483 	0.452769 	1.120547 	1.732412 	1.192686 	0.629484 	2.250000 	1.732772 	0.711073 	1.047020 	
1.300240 	1.160011 	0.456207 	1.171538 	2.385372 	0.761988 	1.980057 	2.281584 	2.454587 	0.502494 	1.538059 	0.201556 	1.326885 	0.905883 	0.715017 	9.000000 	2.507613 	1.257229 	1.405569 	0.070711 	1.320038 	1.874166 	0.570636 	0.806226 	0.827647 	0.506211 	1.806239 	2.174425 	1.317431 	1.051190 	2.051828 	2.682466 	2.369863 	0.325960 	1.006231 	0.874643 	1.984943 	2.159282 	0.527376 	2.371181 	0.941076 	0.625500 	0.467039 	2.441823 	1.906895 	1.300000 	2.942151 	2.443614 	1.388569 	0.450000 	
3.183748 	1.435705 	2.632727 	1.455378 	0.550568 	1.814180 	0.840387 	0.637377 	0.561805 	2.765976 	1.265899 	2.606962 	1.453444 	1.783606 	1.948236 	2.507613 	9.000000 	3.425091 	1.492062 	2.537838 	1.559848 	1.152443 	2.963317 	1.957837 	3.151289 	2.929270 	1.244237 	1.030776 	1.640503 	3.342248 	1.137157 	0.869626 	0.976281 	2.827212 	1.900164 	3.237380 	1.221935 	1.155692 	2.425387 	1.152443 	3.355965 	2.388122 	2.973214 	1.160011 	1.454519 	1.878330 	1.057414 	1.195042 	1.843909 	2.933535 	
0.412311 	2.302173 	0.874643 	2.329834 	3.448278 	1.947434 	3.092329 	3.363406 	3.518966 	0.771767 	2.711319 	1.059481 	2.521161 	2.124264 	1.946953 	1.257229 	3.425091 	9.000000 	2.617728 	1.291559 	2.538331 	3.050922 	0.707107 	2.051981 	0.450694 	0.781425 	2.997186 	3.336353 	2.549510 	0.261008 	3.231195 	3.796380 	3.520032 	1.029866 	2.256241 	0.456207 	3.177361 	3.342248 	1.755349 	3.550088 	0.525595 	1.858259 	1.077613 	3.619479 	3.130994 	2.554530 	4.065172 	3.626379 	2.642205 	1.202341 	
2.546075 	0.403113 	1.744276 	0.350892 	1.142639 	0.670820 	0.707107 	1.019804 	1.201301 	1.848141 	0.226385 	1.581139 	0.127475 	0.500000 	0.691466 	1.405569 	1.492062 	2.617728 	9.000000 	1.399330 	0.090139 	0.493077 	1.970406 	0.620987 	2.218812 	1.910007 	0.410031 	0.797653 	0.150000 	2.440927 	0.660019 	1.341641 	0.999062 	1.717010 	0.469707 	2.275549 	0.583631 	0.761988 	1.089151 	0.973717 	2.346540 	1.017657 	1.804508 	1.044330 	0.515388 	0.388104 	1.582127 	1.043132 	0.369121 	1.722099 	
1.352082 	1.171804 	0.515388 	1.180042 	2.401042 	0.770146 	1.990760 	2.295240 	2.469818 	0.550000 	1.540495 	0.251247 	1.325943 	0.901734 	0.707990 	0.070711 	2.537838 	1.291559 	1.399330 	9.000000 	1.312441 	1.874166 	0.594243 	0.790569 	0.854400 	0.525595 	1.803469 	2.176149 	1.305038 	1.077033 	2.050610 	2.690376 	2.373025 	0.318198 	0.986154 	0.894427 	1.981161 	2.156965 	0.475000 	2.369071 	0.950329 	0.575543 	0.436606 	2.439775 	1.895059 	1.274755 	2.948093 	2.440543 	1.364047 	0.403113 	
2.474495 	0.371652 	1.666021 	0.316228 	1.225765 	0.594243 	0.789383 	1.103687 	1.285496 	1.767767 	0.301040 	1.497707 	0.125000 	0.416083 	0.605186 	1.320038 	1.559848 	2.538331 	0.090139 	1.312441 	9.000000 	0.583095 	1.886299 	0.531507 	2.136001 	1.825171 	0.500000 	0.887764 	0.090139 	2.358495 	0.750000 	1.431127 	1.089151 	1.629801 	0.380789 	2.191461 	0.672681 	0.851469 	0.999062 	1.063015 	2.260669 	0.928036 	1.715554 	1.133578 	0.592663 	0.335410 	1.672199 	1.131923 	0.336341 	1.632483 	
2.940769 	0.750417 	2.177298 	0.721110 	0.701783 	1.117195 	0.313249 	0.577170 	0.750000 	2.290196 	0.340037 	2.039148 	0.548293 	0.973717 	1.168867 	1.874166 	1.152443 	3.050922 	0.493077 	1.874166 	0.583095 	9.000000 	2.429635 	1.110180 	2.670674 	2.373025 	0.100000 	0.305164 	0.626997 	2.890069 	0.180278 	0.850368 	0.506211 	2.192316 	0.961769 	2.733588 	0.150000 	0.291548 	1.582127 	0.500000 	2.813472 	1.510381 	2.288695 	0.570088 	0.318198 	0.813941 	1.089151 	0.575543 	0.753741 	2.210204 	
0.854400 	1.697056 	0.353553 	1.715554 	2.900970 	1.312441 	2.512469 	2.804015 	2.971216 	0.225000 	2.090753 	0.390512 	1.885802 	1.470544 	1.282819 	0.570636 	2.963317 	0.707107 	1.970406 	0.594243 	1.886299 	2.429635 	9.000000 	1.376817 	0.261008 	0.075000 	2.366036 	2.726032 	1.886796 	0.482830 	2.608759 	3.219084 	2.918154 	0.325000 	1.576586 	0.305164 	2.545707 	2.717651 	1.049405 	2.928844 	0.395285 	1.152443 	0.413824 	2.999271 	2.475505 	1.868321 	3.482905 	3.002603 	1.957358 	0.529741 	
