Total assets = 708
Number of asset nodes = 40

Distance:
999.000000 	24.207438 	11.000000 	42.426407 	13.341664 	85.211502 	37.643059 	50.249378 	57.384666 	14.866069 	78.873314 	35.227829 	42.011902 	35.440090 	50.447994 	82.073135 	33.541019 	61.611687 	53.263496 	33.837849 	20.808653 	73.246162 	53.413483 	22.360680 	58.830265 	83.438599 	32.557640 	33.015148 	23.323807 	37.483330 	64.381676 	39.319206 	32.015621 	55.036350 	33.136082 	33.015148 	29.120440 	101.316338 	37.121422 	82.879433 	46.486557 	79.931221 	76.380623 	50.009998 	31.764761 	90.027771 	48.083260 	34.000000 	55.461697 	45.011108 	57.008770 	46.000000 	
24.207438 	999.000000 	17.000000 	18.601076 	18.973665 	109.402924 	13.453624 	26.627054 	81.320351 	32.202484 	103.077644 	11.180340 	17.804493 	56.938564 	26.248810 	106.216759 	54.120235 	85.146935 	29.068884 	13.601471 	27.073973 	49.929951 	29.206163 	25.019993 	82.006096 	107.517441 	15.811388 	52.000000 	27.018513 	57.697487 	40.311287 	59.093147 	19.104973 	77.388626 	50.596443 	19.798990 	24.698177 	125.495018 	21.633308 	59.203041 	25.000000 	56.080299 	52.345009 	70.263786 	31.320919 	113.899078 	27.018513 	45.099888 	32.280025 	63.245552 	77.820305 	63.890530 	
11.000000 	17.000000 	999.000000 	35.510563 	3.605551 	94.339813 	30.000000 	43.566040 	65.192024 	15.231546 	87.658424 	26.907248 	34.058773 	39.962482 	42.520584 	90.426765 	37.121422 	68.622154 	45.343136 	23.706539 	13.416408 	66.887962 	45.276924 	13.453624 	65.299309 	91.547798 	21.840330 	35.114101 	15.000000 	40.718548 	56.850681 	42.154476 	21.023796 	60.464867 	33.955853 	22.022715 	18.788294 	109.808922 	26.172504 	76.026314 	36.249138 	72.801102 	68.883957 	53.310413 	22.671568 	97.590981 	37.696156 	30.413813 	45.793011 	46.572525 	60.835846 	47.296936 	
42.426407 	18.601076 	35.510563 	999.000000 	37.121422 	127.283150 	6.082763 	8.062258 	99.764725 	50.606323 	121.165176 	10.049875 	5.000000 	75.471848 	9.219544 	124.482933 	72.560318 	103.711136 	11.704700 	19.104973 	43.965897 	31.384710 	12.369317 	41.231056 	100.603180 	125.865005 	24.083189 	70.213959 	43.174065 	76.059189 	22.022715 	77.369247 	29.068884 	95.963531 	68.541962 	29.154760 	38.052597 	143.683685 	27.892651 	40.607880 	20.518284 	37.536648 	33.970577 	88.549423 	45.044422 	132.382019 	22.627417 	61.611687 	20.880613 	81.154175 	96.176918 	81.706795 	
13.341664 	18.973665 	3.605551 	37.121422 	999.000000 	94.514549 	31.384710 	45.177429 	64.815125 	13.601471 	87.664131 	28.017851 	35.227829 	38.600517 	43.600460 	90.210861 	35.510563 	67.896980 	46.400433 	23.600847 	9.848858 	68.476273 	46.227695 	9.899495 	64.381676 	91.214035 	21.023796 	33.105892 	11.401754 	38.948685 	58.008621 	40.249222 	19.416489 	59.203041 	31.622776 	20.396078 	15.811388 	109.622078 	24.738634 	77.388626 	35.846897 	74.060783 	70.000000 	51.429562 	19.209373 	97.000000 	37.121422 	27.166155 	45.803928 	44.271889 	59.059292 	44.922153 	
85.211502 	109.402924 	94.339813 	127.283150 	94.514549 	999.000000 	122.800652 	134.825821 	31.780497 	82.292160 	8.000000 	120.432556 	127.200630 	61.131008 	135.602356 	10.816654 	65.253349 	33.000000 	138.405197 	117.991524 	94.021271 	157.079605 	138.600143 	97.575615 	38.000000 	13.453624 	115.485931 	70.092796 	96.772926 	64.327286 	149.305054 	64.938431 	113.145920 	46.000000 	73.979729 	114.039467 	105.702415 	18.384777 	118.511604 	167.092789 	130.361038 	164.438431 	161.198639 	59.008472 	103.121284 	20.591261 	131.609268 	87.321243 	140.132080 	68.183578 	54.230988 	69.115845 	
37.643059 	13.453624 	30.000000 	6.082763 	31.384710 	122.800652 	999.000000 	13.928389 	94.752312 	44.944408 	116.516090 	4.000000 	4.472136 	69.892776 	12.806249 	119.670380 	66.887962 	98.493652 	15.620500 	13.341664 	37.947330 	37.121422 	15.811388 	35.171009 	95.268044 	120.966934 	18.248287 	64.412735 	37.107952 	70.327805 	26.907248 	71.589104 	23.194826 	90.443352 	62.649822 	23.345236 	32.015621 	138.946030 	22.472204 	46.043457 	17.492855 	42.801868 	38.948685 	82.764725 	39.012817 	127.310646 	19.723083 	55.542778 	21.000000 	75.239616 	90.426765 	75.769386 	
50.249378 	26.627054 	43.566040 	8.062258 	45.177429 	134.825821 	13.928389 	999.000000 	107.628990 	58.668560 	128.817703 	17.720045 	11.045361 	83.528435 	7.071068 	132.230865 	80.622574 	111.664673 	7.615773 	26.076809 	51.865211 	23.323807 	8.944272 	49.040798 	108.600182 	133.660019 	31.064449 	78.262383 	50.960770 	84.118965 	14.764823 	85.422478 	36.055511 	104.009613 	76.557167 	36.013885 	45.398239 	151.380310 	34.132095 	32.649654 	24.166092 	29.698484 	26.400757 	96.602280 	52.345009 	140.264038 	25.942244 	69.375786 	20.615528 	89.157166 	104.235313 	89.693924 	
57.384666 	81.320351 	65.192024 	99.764725 	64.815125 	31.780497 	94.752312 	107.628990 	999.000000 	51.865211 	24.041630 	91.967384 	99.005051 	29.410883 	107.489532 	25.553865 	33.526108 	7.280110 	110.317726 	88.408142 	63.134777 	130.598618 	110.344917 	66.730804 	9.899495 	26.400757 	85.445892 	38.327538 	65.764732 	32.557640 	121.630585 	33.241539 	82.680107 	16.552946 	42.201897 	83.528435 	74.706093 	44.944408 	87.982956 	140.264038 	100.439034 	137.295303 	133.660019 	28.635643 	71.693794 	32.649654 	101.513542 	55.542778 	110.602890 	37.054016 	25.942244 	38.118237 	
14.866069 	32.202484 	15.231546 	50.606323 	13.601471 	82.292160 	44.944408 	58.668560 	51.865211 	999.000000 	75.179787 	41.617306 	48.826221 	25.000000 	57.201397 	77.388626 	21.954498 	54.561890 	60.000000 	36.796738 	12.165525 	81.987801 	59.816387 	15.524175 	50.911690 	78.236816 	33.600594 	19.924858 	15.132746 	25.495098 	71.610054 	26.925823 	30.886890 	45.607018 	19.104973 	31.764761 	23.769728 	96.798759 	36.235340 	90.972527 	48.600410 	87.658424 	83.600243 	38.078865 	23.021729 	83.737686 	49.648766 	19.416489 	58.898216 	31.575306 	45.617977 	32.388271 	
78.873314 	103.077644 	87.658424 	121.165176 	87.664131 	8.000000 	116.516090 	128.817703 	24.041630 	75.179787 	999.000000 	114.017540 	120.880104 	53.450912 	129.321304 	6.082763 	57.567352 	25.000000 	132.136292 	111.220505 	86.764046 	151.320847 	132.279999 	90.338257 	30.000000 	9.219544 	108.558739 	62.361847 	89.470665 	56.515484 	143.178207 	57.070133 	106.066017 	38.000000 	66.219330 	106.943909 	98.412399 	22.671568 	111.413643 	161.245148 	123.490891 	158.492905 	155.128983 	51.009804 	95.634720 	18.110771 	124.679588 	79.555016 	133.405396 	60.207973 	46.270943 	61.131008 	
35.227829 	11.180340 	26.907248 	10.049875 	28.017851 	120.432556 	4.000000 	17.720045 	91.967384 	41.617306 	114.017540 	999.000000 	7.211102 	66.610809 	15.620500 	117.034180 	63.513779 	95.524864 	18.439089 	9.486833 	34.176014 	40.718548 	18.384777 	31.320919 	92.195442 	118.258194 	14.317822 	60.901562 	33.241539 	66.887962 	30.000000 	68.095520 	19.235384 	87.200920 	59.033890 	19.416489 	28.017851 	136.359818 	18.788294 	49.396355 	15.811388 	46.043457 	42.011902 	79.259071 	35.014282 	124.450790 	18.027756 	51.662365 	21.377558 	71.589104 	86.954010 	72.090218 	
42.011902 	17.804493 	34.058773 	5.000000 	35.227829 	127.200630 	4.472136 	11.045361 	99.005051 	48.826221 	120.880104 	7.211102 	999.000000 	73.817345 	8.485281 	123.987900 	70.724815 	102.649887 	11.313708 	15.033297 	41.231056 	33.615471 	11.401754 	38.275318 	99.357941 	125.255737 	20.024984 	68.095520 	40.162170 	74.094536 	22.803509 	75.292763 	25.019993 	94.403389 	66.189125 	25.000000 	34.365681 	143.282944 	23.345236 	42.190044 	15.556349 	38.832977 	34.828148 	86.452301 	41.303753 	131.529465 	17.691807 	58.523499 	17.117243 	78.721024 	94.154129 	79.202271 	
35.440090 	56.938564 	39.962482 	75.471848 	38.600517 	61.131008 	69.892776 	83.528435 	29.410883 	25.000000 	53.450912 	66.610809 	73.817345 	999.000000 	82.200974 	54.625999 	4.123106 	30.528675 	85.000000 	61.554855 	34.828148 	106.850365 	84.811554 	38.418747 	26.400757 	55.009090 	58.000000 	9.055386 	37.202152 	5.000000 	96.607452 	7.071068 	54.671749 	20.615528 	13.038404 	55.443665 	46.043457 	73.790245 	59.816387 	115.935326 	72.917763 	112.645462 	108.600182 	15.000000 	42.485291 	59.640591 	73.756355 	26.305893 	83.450584 	14.212670 	21.587032 	15.620500 	
50.447994 	26.248810 	42.520584 	9.219544 	43.600460 	135.602356 	12.806249 	7.071068 	107.489532 	57.201397 	129.321304 	15.620500 	8.485281 	82.200974 	999.000000 	132.457535 	79.056938 	111.126053 	2.828427 	22.135944 	49.193497 	25.961510 	3.162278 	46.097721 	107.814659 	133.734818 	26.925823 	76.321686 	47.927029 	82.377182 	14.422205 	83.528435 	31.780497 	102.800781 	74.303429 	31.575306 	41.484936 	151.743210 	29.068884 	34.000000 	17.720045 	30.528675 	26.400757 	94.667839 	48.270073 	140.014282 	19.313208 	66.128662 	13.601471 	86.769814 	102.396286 	87.206650 	
82.073135 	106.216759 	90.426765 	124.482933 	90.210861 	10.816654 	119.670380 	132.230865 	25.553865 	77.388626 	6.082763 	117.034180 	123.987900 	54.625999 	132.457535 	999.000000 	58.694122 	24.738634 	135.281189 	113.811249 	88.684837 	154.935471 	135.369858 	92.282173 	29.614185 	3.162278 	110.941429 	63.324562 	91.301697 	57.245087 	146.454773 	57.567352 	108.226616 	37.483330 	67.067131 	109.077957 	100.239716 	19.416489 	113.534134 	164.769531 	125.924583 	161.929001 	158.448730 	50.487621 	97.082436 	12.041595 	127.027557 	80.324341 	136.014709 	60.016663 	45.011108 	60.827625 	
33.541019 	54.120235 	37.121422 	72.560318 	35.510563 	65.253349 	66.887962 	80.622574 	33.526108 	21.954498 	57.567352 	63.513779 	70.724815 	4.123106 	79.056938 	58.694122 	999.000000 	34.481880 	81.841309 	58.137768 	31.144823 	103.942291 	81.608826 	34.713108 	30.232433 	59.033890 	54.451813 	5.000000 	33.421551 	4.000000 	93.477272 	6.082763 	50.990196 	24.041630 	9.000000 	51.739735 	42.201897 	77.820305 	56.080299 	112.898186 	69.310890 	109.553642 	105.437187 	16.492422 	38.470768 	63.513779 	70.092796 	22.203604 	79.906197 	13.000000 	23.769728 	14.317822 	
61.611687 	85.146935 	68.622154 	103.711136 	67.896980 	33.000000 	98.493652 	111.664673 	7.280110 	54.561890 	25.000000 	95.524864 	102.649887 	30.528675 	111.126053 	24.738634 	34.481880 	999.000000 	113.951744 	91.350975 	65.215027 	134.807266 	113.899078 	68.818604 	5.000000 	24.698177 	88.090858 	38.910152 	67.675697 	32.695564 	125.399361 	32.893768 	85.000000 	13.000000 	42.544094 	85.802101 	76.550636 	43.462627 	90.210861 	144.308701 	103.077644 	141.226761 	137.440903 	26.019224 	72.945183 	29.206163 	104.019226 	55.713554 	113.454834 	35.355339 	21.587032 	36.221542 	
53.263496 	29.068884 	45.343136 	11.704700 	46.400433 	138.405197 	15.620500 	7.615773 	110.317726 	60.000000 	132.136292 	18.439089 	11.313708 	85.000000 	2.828427 	135.281189 	81.841309 	113.951744 	999.000000 	24.698177 	51.884487 	23.537205 	1.414214 	48.754486 	110.634537 	136.561340 	29.410883 	79.075912 	50.566788 	85.146935 	11.661903 	86.284416 	34.205261 	105.603027 	77.025970 	33.955853 	43.965897 	154.563904 	31.257000 	31.304953 	19.235384 	27.784887 	23.600847 	97.416634 	50.695168 	142.842575 	20.615528 	68.709534 	13.453624 	89.470665 	105.152267 	89.894379 	
33.837849 	13.601471 	23.706539 	19.104973 	23.600847 	117.991524 	13.341664 	26.076809 	88.408142 	36.796738 	111.220505 	9.486833 	15.033297 	61.554855 	22.135944 	113.811249 	58.137768 	91.350975 	24.698177 	999.000000 	27.459061 	48.083260 	24.166092 	24.186773 	87.692642 	114.808533 	5.000000 	55.000000 	25.942244 	61.220913 	36.249138 	62.201286 	10.000000 	82.134033 	52.697250 	10.049875 	19.416489 	133.221619 	9.433981 	55.946404 	12.649111 	52.325901 	47.885281 	73.239334 	26.305893 	120.507263 	14.317822 	44.011364 	22.203604 	65.000000 	81.024689 	65.368187 	
20.808653 	27.073973 	13.416408 	43.965897 	9.848858 	94.021271 	37.947330 	51.865211 	63.134777 	12.165525 	86.764046 	34.176014 	41.231056 	34.828148 	49.193497 	88.684837 	31.144823 	65.215027 	51.884487 	27.459061 	999.000000 	74.846512 	51.478149 	3.605551 	61.220913 	89.358826 	23.430750 	27.658634 	3.000000 	33.970577 	63.529522 	34.828148 	19.849434 	55.172459 	25.238859 	20.615528 	11.704700 	108.046288 	25.000000 	83.186539 	38.183765 	79.649231 	75.292763 	45.803928 	11.401754 	94.403389 	38.948685 	18.027756 	48.836460 	37.589893 	53.600372 	38.013157 	
73.246162 	49.929951 	66.887962 	31.384710 	68.476273 	157.079605 	37.121422 	23.323807 	130.598618 	81.987801 	151.320847 	40.718548 	33.615471 	106.850365 	25.961510 	154.935471 	103.942291 	134.807266 	23.537205 	48.083260 	74.846512 	999.000000 	24.331051 	71.867935 	131.825638 	156.464050 	52.886673 	101.533249 	73.736015 	107.424393 	13.038404 	108.706024 	57.723480 	127.318497 	99.744675 	57.489128 	67.446274 	173.954010 	54.744862 	10.295630 	42.047592 	9.055386 	9.848858 	119.883278 	74.215904 	163.248276 	43.000000 	92.027168 	33.241539 	112.307610 	127.534309 	112.805145 	
53.413483 	29.206163 	45.276924 	12.369317 	46.227695 	138.600143 	15.811388 	8.944272 	110.344917 	59.816387 	132.279999 	18.384777 	11.401754 	84.811554 	3.162278 	135.369858 	81.608826 	113.899078 	1.414214 	24.166092 	51.478149 	24.331051 	999.000000 	48.301140 	110.535065 	136.619904 	28.792360 	78.771820 	50.089920 	84.876381 	12.083046 	85.982559 	33.526108 	105.422958 	76.661591 	33.241539 	43.324360 	154.673843 	30.413813 	31.780497 	18.110771 	28.178005 	23.853722 	97.097885 	50.000000 	142.835571 	19.416489 	68.154236 	12.041595 	89.067390 	104.847511 	89.470665 	
22.360680 	25.019993 	13.453624 	41.231056 	9.899495 	97.575615 	35.171009 	49.040798 	66.730804 	15.524175 	90.338257 	31.320919 	38.275318 	38.418747 	46.097721 	92.282173 	34.713108 	68.818604 	48.754486 	24.186773 	3.605551 	71.867935 	48.301140 	999.000000 	64.815125 	92.962357 	20.000000 	31.144823 	2.000000 	37.483330 	60.373837 	38.288380 	16.278820 	58.728188 	28.600698 	17.029387 	8.246211 	111.646767 	21.400934 	80.056229 	34.655445 	76.478752 	72.069412 	49.203659 	9.433981 	98.005104 	35.383614 	20.396078 	45.343136 	40.816662 	57.008770 	41.182522 	
58.830265 	82.006096 	65.299309 	100.603180 	64.381676 	38.000000 	95.268044 	108.600182 	9.899495 	50.911690 	30.000000 	92.195442 	99.357941 	26.400757 	107.814659 	29.614185 	30.232433 	5.000000 	110.634537 	87.692642 	61.220913 	131.825638 	110.535065 	64.815125 	999.000000 	29.410883 	84.291161 	34.481880 	63.600315 	28.178005 	122.147453 	28.231188 	81.055534 	8.000000 	38.013157 	81.835197 	72.422371 	48.104053 	86.214851 	141.209061 	99.247169 	138.057953 	134.182709 	21.023796 	68.600288 	33.286633 	100.124924 	51.078373 	109.713264 	30.413813 	16.763054 	31.257000 	
83.438599 	107.517441 	91.547798 	125.865005 	91.214035 	13.453624 	120.966934 	133.660019 	26.400757 	78.236816 	9.219544 	118.258194 	125.255737 	55.009090 	133.734818 	3.162278 	59.033890 	24.698177 	136.561340 	114.808533 	89.358826 	156.464050 	136.619904 	92.962357 	29.410883 	999.000000 	111.830231 	63.560993 	91.923882 	57.384666 	147.800537 	57.584721 	109.000000 	37.107952 	67.230942 	109.836243 	100.846420 	18.788294 	114.280357 	166.243790 	126.826653 	163.355438 	159.812393 	50.009998 	97.493591 	9.000000 	127.882759 	80.411446 	137.003647 	59.665737 	44.181442 	60.415230 	
32.557640 	15.811388 	21.840330 	24.083189 	21.023796 	115.485931 	18.248287 	31.064449 	85.445892 	33.600594 	108.558739 	14.317822 	20.024984 	58.000000 	26.925823 	110.941429 	54.451813 	88.090858 	29.410883 	5.000000 	23.430750 	52.886673 	28.792360 	20.000000 	84.291161 	111.830231 	999.000000 	51.088158 	21.633308 	57.384666 	40.853397 	58.258045 	5.000000 	78.492035 	48.600410 	5.099020 	14.560220 	130.357208 	5.830952 	60.539242 	15.000000 	56.859474 	52.325901 	69.202599 	21.377558 	117.290237 	16.124516 	39.395432 	25.455845 	60.745369 	77.006493 	61.057350 	
33.015148 	52.000000 	35.114101 	70.213959 	33.105892 	70.092796 	64.412735 	78.262383 	38.327538 	19.924858 	62.361847 	60.901562 	68.095520 	9.055386 	76.321686 	63.324562 	5.000000 	38.910152 	79.075912 	55.000000 	27.658634 	101.533249 	78.771820 	31.144823 	34.481880 	63.560993 	51.088158 	999.000000 	29.698484 	6.403124 	90.735878 	7.211102 	47.381432 	27.802877 	4.000000 	48.083260 	38.288380 	82.346825 	52.345009 	110.276924 	65.795135 	106.850365 	102.625534 	18.357559 	34.132095 	67.742157 	66.468040 	17.262676 	76.485291 	12.000000 	26.076809 	13.038404 	
23.323807 	27.018513 	15.000000 	43.174065 	11.401754 	96.772926 	37.107952 	50.960770 	65.764732 	15.132746 	89.470665 	33.241539 	40.162170 	37.202152 	47.927029 	91.301697 	33.421551 	67.675697 	50.566788 	25.942244 	3.000000 	73.736015 	50.089920 	2.000000 	63.600315 	91.923882 	21.633308 	29.698484 	999.000000 	36.069378 	62.169125 	36.796738 	17.691807 	57.384666 	27.018513 	18.384777 	8.944272 	110.639053 	22.671568 	81.859634 	36.124783 	78.262383 	73.824112 	47.634022 	8.544003 	96.834908 	36.769554 	18.439089 	46.861500 	39.115215 	55.443665 	39.446167 	
37.483330 	57.697487 	40.718548 	76.059189 	38.948685 	64.327286 	70.327805 	84.118965 	32.557640 	25.495098 	56.515484 	66.887962 	74.094536 	5.000000 	82.377182 	57.245087 	4.000000 	32.695564 	85.146935 	61.220913 	33.970577 	107.424393 	84.876381 	37.483330 	28.178005 	57.384666 	57.384666 	6.403124 	36.069378 	999.000000 	96.798759 	2.236068 	53.740116 	21.400934 	9.848858 	54.451813 	44.687805 	76.157730 	58.728188 	116.284134 	72.138756 	112.898186 	108.724419 	12.649111 	40.496914 	61.400326 	72.835434 	23.086792 	82.807007 	9.433981 	20.124611 	10.816654 	
64.381676 	40.311287 	56.850681 	22.022715 	58.008621 	149.305054 	26.907248 	14.764823 	121.630585 	71.610054 	143.178207 	30.000000 	22.803509 	96.607452 	14.422205 	146.454773 	93.477272 	125.399361 	11.661903 	36.249138 	63.529522 	13.038404 	12.083046 	60.373837 	122.147453 	147.800537 	40.853397 	90.735878 	62.169125 	96.798759 	999.000000 	97.943863 	45.541191 	117.200684 	88.684837 	45.221676 	55.362442 	165.680420 	42.201897 	19.697716 	29.154760 	16.124516 	12.041595 	109.077957 	61.983868 	154.207657 	30.016663 	80.230919 	20.223749 	101.118744 	116.811813 	101.533249 	
39.319206 	59.093147 	42.154476 	77.369247 	40.249222 	64.938431 	71.589104 	85.422478 	33.241539 	26.925823 	57.070133 	68.095520 	75.292763 	7.071068 	83.528435 	57.567352 	6.082763 	32.893768 	86.284416 	62.201286 	34.828148 	108.706024 	85.982559 	38.288380 	28.231188 	57.584721 	58.258045 	7.211102 	36.796738 	2.236068 	97.943863 	999.000000 	54.488529 	21.095022 	10.000000 	55.172459 	45.276924 	76.321686 	59.396969 	117.477661 	72.917763 	114.057007 	109.836243 	11.180340 	40.804413 	61.294373 	73.552704 	22.847319 	83.630135 	7.211102 	18.867962 	8.602325 	
32.015621 	19.104973 	21.023796 	29.068884 	19.416489 	113.145920 	23.194826 	36.055511 	82.680107 	30.886890 	106.066017 	19.235384 	25.019993 	54.671749 	31.780497 	108.226616 	50.990196 	85.000000 	34.205261 	10.000000 	19.849434 	57.723480 	33.526108 	16.278820 	81.055534 	109.000000 	5.000000 	47.381432 	17.691807 	53.740116 	45.541191 	54.488529 	999.000000 	75.006668 	44.687805 	1.000000 	9.848858 	127.624451 	5.385165 	65.192024 	18.439089 	61.465439 	56.859474 	65.299309 	16.492422 	114.201576 	19.104973 	34.885529 	29.206163 	56.612720 	73.109505 	56.859474 	
55.036350 	77.388626 	60.464867 	95.963531 	59.203041 	46.000000 	90.443352 	104.009613 	16.552946 	45.607018 	38.000000 	87.200920 	94.403389 	20.615528 	102.800781 	37.483330 	24.041630 	13.000000 	105.603027 	82.134033 	55.172459 	127.318497 	105.422958 	58.728188 	8.000000 	37.107952 	78.492035 	27.802877 	57.384666 	21.400934 	117.200684 	21.095022 	75.006668 	999.000000 	31.064449 	75.742989 	66.068146 	55.659679 	80.056229 	136.484436 	93.348808 	133.221619 	129.201401 	13.038404 	61.854668 	40.249222 	94.111633 	43.829212 	103.947105 	22.561028 	9.433981 	23.345236 	
33.136082 	50.596443 	33.955853 	68.541962 	31.622776 	73.979729 	62.649822 	76.557167 	42.201897 	19.104973 	66.219330 	59.033890 	66.189125 	13.038404 	74.303429 	67.067131 	9.000000 	42.544094 	77.025970 	52.697250 	25.238859 	99.744675 	76.661591 	28.600698 	38.013157 	67.230942 	48.600410 	4.000000 	27.018513 	9.848858 	88.684837 	10.000000 	44.687805 	31.064449 	999.000000 	45.343136 	35.355339 	86.005814 	49.517673 	108.300507 	63.126858 	104.809349 	100.498756 	20.615528 	30.805843 	71.196907 	63.702435 	13.341664 	73.878281 	12.649111 	28.425341 	13.341664 	
33.015148 	19.798990 	22.022715 	29.154760 	20.396078 	114.039467 	23.345236 	36.013885 	83.528435 	31.764761 	106.943909 	19.416489 	25.000000 	55.443665 	31.575306 	109.077957 	51.739735 	85.802101 	33.955853 	10.049875 	20.615528 	57.489128 	33.241539 	17.029387 	81.835197 	109.836243 	5.099020 	48.083260 	18.384777 	54.451813 	45.221676 	55.172459 	1.000000 	75.742989 	45.343136 	999.000000 	10.295630 	128.471786 	4.472136 	64.845970 	17.804493 	61.098282 	56.462376 	65.946945 	16.763054 	115.000000 	18.384777 	35.355339 	28.600698 	57.201397 	73.756355 	57.428215 	
29.120440 	24.698177 	18.788294 	38.052597 	15.811388 	105.702415 	32.015621 	45.398239 	74.706093 	23.769728 	98.412399 	28.017851 	34.365681 	46.043457 	41.484936 	100.239716 	42.201897 	76.550636 	43.965897 	19.416489 	11.704700 	67.446274 	43.324360 	8.246211 	72.422371 	100.846420 	14.560220 	38.288380 	8.944272 	44.687805 	55.362442 	45.276924 	9.848858 	66.068146 	35.355339 	10.295630 	999.000000 	119.570061 	14.212670 	75.026665 	28.017851 	71.309189 	66.708321 	55.901699 	7.000000 	105.683487 	28.425341 	25.059929 	38.832977 	47.010635 	63.702435 	47.201694 	
101.316338 	125.495018 	109.808922 	143.683685 	109.622078 	18.384777 	138.946030 	151.380310 	44.944408 	96.798759 	22.671568 	136.359818 	143.282944 	73.790245 	151.743210 	19.416489 	77.820305 	43.462627 	154.563904 	133.221619 	108.046288 	173.954010 	154.673843 	111.646767 	48.104053 	18.788294 	130.357208 	82.346825 	110.639053 	76.157730 	165.680420 	76.321686 	127.624451 	55.659679 	86.005814 	128.471786 	119.570061 	999.000000 	132.924789 	183.853195 	145.340973 	181.069046 	177.654160 	68.410522 	116.275536 	17.029387 	146.441116 	99.161484 	155.425217 	78.160095 	62.169125 	78.847954 	
37.121422 	21.633308 	26.172504 	27.892651 	24.738634 	118.511604 	22.472204 	34.132095 	87.982956 	36.235340 	111.413643 	18.788294 	23.345236 	59.816387 	29.068884 	113.534134 	56.080299 	90.210861 	31.257000 	9.433981 	25.000000 	54.744862 	30.413813 	21.400934 	86.214851 	114.280357 	5.830952 	52.345009 	22.671568 	58.728188 	42.201897 	59.396969 	5.385165 	80.056229 	49.517673 	4.472136 	14.212670 	132.924789 	999.000000 	61.684681 	13.892444 	57.870544 	53.141319 	70.092796 	20.124611 	119.402679 	14.212670 	39.115215 	24.698177 	61.220913 	77.897369 	61.400326 	
82.879433 	59.203041 	76.026314 	40.607880 	77.388626 	167.092789 	46.043457 	32.649654 	140.264038 	90.972527 	161.245148 	49.396355 	42.190044 	115.935326 	34.000000 	164.769531 	112.898186 	144.308701 	31.304953 	55.946404 	83.186539 	10.295630 	31.780497 	80.056229 	141.209061 	166.243790 	60.539242 	110.276924 	81.859634 	116.284134 	19.697716 	117.477661 	65.192024 	136.484436 	108.300507 	64.845970 	75.026665 	183.853195 	61.684681 	999.000000 	48.270073 	4.000000 	9.000000 	128.631256 	81.596565 	172.904602 	48.836460 	99.924973 	38.327538 	120.768372 	136.341476 	121.198181 	
46.486557 	25.000000 	36.249138 	20.518284 	35.846897 	130.361038 	17.492855 	24.166092 	100.439034 	48.600410 	123.490891 	15.811388 	15.556349 	72.917763 	17.720045 	125.924583 	69.310890 	103.077644 	19.235384 	12.649111 	38.183765 	42.047592 	18.110771 	34.655445 	99.247169 	126.826653 	15.000000 	65.795135 	36.124783 	72.138756 	29.154760 	72.917763 	18.439089 	93.348808 	63.126858 	17.804493 	28.017851 	145.340973 	13.892444 	48.270073 	999.000000 	44.384682 	39.560081 	83.737686 	34.000000 	132.279999 	2.236068 	53.000000 	10.816654 	75.000000 	91.547798 	75.213028 	
79.931221 	56.080299 	72.801102 	37.536648 	74.060783 	164.438431 	42.801868 	29.698484 	137.295303 	87.658424 	158.492905 	46.043457 	38.832977 	112.645462 	30.528675 	161.929001 	109.553642 	141.226761 	27.784887 	52.325901 	79.649231 	9.055386 	28.178005 	76.478752 	138.057953 	163.355438 	56.859474 	106.850365 	78.262383 	112.898186 	16.124516 	114.057007 	61.465439 	133.221619 	104.809349 	61.098282 	71.309189 	181.069046 	57.870544 	4.000000 	44.384682 	999.000000 	5.000000 	125.195847 	77.833153 	169.917633 	44.911022 	96.254868 	34.365681 	117.239075 	132.924789 	117.647781 	
76.380623 	52.345009 	68.883957 	33.970577 	70.000000 	161.198639 	38.948685 	26.400757 	133.660019 	83.600243 	155.128983 	42.011902 	34.828148 	108.600182 	26.400757 	158.448730 	105.437187 	137.440903 	23.600847 	47.885281 	75.292763 	9.848858 	23.853722 	72.069412 	134.182709 	159.812393 	52.325901 	102.625534 	73.824112 	108.724419 	12.041595 	109.836243 	56.859474 	129.201401 	100.498756 	56.462376 	66.708321 	177.654160 	53.141319 	9.000000 	39.560081 	5.000000 	999.000000 	120.950401 	73.164200 	166.243790 	40.024994 	91.706055 	29.427877 	112.871605 	128.701202 	113.251930 	
50.009998 	70.263786 	53.310413 	88.549423 	51.429562 	59.008472 	82.764725 	96.602280 	28.635643 	38.078865 	51.009804 	79.259071 	86.452301 	15.000000 	94.667839 	50.487621 	16.492422 	26.019224 	97.416634 	73.239334 	45.803928 	119.883278 	97.097885 	49.203659 	21.023796 	50.009998 	69.202599 	18.357559 	47.634022 	12.649111 	109.077957 	11.180340 	65.299309 	13.038404 	20.615528 	65.946945 	55.901699 	68.410522 	70.092796 	128.631256 	83.737686 	125.195847 	120.950401 	999.000000 	50.990196 	52.554733 	84.291161 	32.202484 	94.493385 	9.848858 	7.810250 	10.440307 	
31.764761 	31.320919 	22.671568 	45.044422 	19.209373 	103.121284 	39.012817 	52.345009 	71.693794 	23.021729 	95.634720 	35.014282 	41.303753 	42.485291 	48.270073 	97.082436 	38.470768 	72.945183 	50.695168 	26.305893 	11.401754 	74.215904 	50.000000 	9.433981 	68.600288 	97.493591 	21.377558 	34.132095 	8.544003 	40.496914 	61.983868 	40.804413 	16.492422 	61.854668 	30.805843 	16.763054 	7.000000 	116.275536 	20.124611 	81.596565 	34.000000 	77.833153 	73.164200 	50.990196 	999.000000 	101.872467 	34.132095 	19.209373 	44.777225 	41.725292 	58.728188 	41.773197 	
90.027771 	113.899078 	97.590981 	132.382019 	97.000000 	20.591261 	127.310646 	140.264038 	32.649654 	83.737686 	18.110771 	124.450790 	131.529465 	59.640591 	140.014282 	12.041595 	63.513779 	29.206163 	142.842575 	120.507263 	94.403389 	163.248276 	142.835571 	98.005104 	33.286633 	9.000000 	117.290237 	67.742157 	96.834908 	61.400326 	154.207657 	61.294373 	114.201576 	40.249222 	71.196907 	115.000000 	105.683487 	17.029387 	119.402679 	172.904602 	132.279999 	169.917633 	166.243790 	52.554733 	101.872467 	999.000000 	133.225372 	84.077347 	142.635895 	62.393909 	45.880280 	62.968246 	
48.083260 	27.018513 	37.696156 	22.627417 	37.121422 	131.609268 	19.723083 	25.942244 	101.513542 	49.648766 	124.679588 	18.027756 	17.691807 	73.756355 	19.313208 	127.027557 	70.092796 	104.019226 	20.615528 	14.317822 	38.948685 	43.000000 	19.416489 	35.383614 	100.124924 	127.882759 	16.124516 	66.468040 	36.769554 	72.835434 	30.016663 	73.552704 	19.104973 	94.111633 	63.702435 	18.384777 	28.425341 	146.441116 	14.212670 	48.836460 	2.236068 	44.911022 	40.024994 	84.291161 	34.132095 	133.225372 	999.000000 	53.254108 	10.770329 	75.432091 	92.097771 	75.604233 	
34.000000 	45.099888 	30.413813 	61.611687 	27.166155 	87.321243 	55.542778 	69.375786 	55.542778 	19.416489 	79.555016 	51.662365 	58.523499 	26.305893 	66.128662 	80.324341 	22.203604 	55.713554 	68.709534 	44.011364 	18.027756 	92.027168 	68.154236 	20.396078 	51.078373 	80.411446 	39.395432 	17.262676 	18.439089 	23.086792 	80.230919 	22.847319 	34.885529 	43.829212 	13.341664 	35.355339 	25.059929 	99.161484 	39.115215 	99.924973 	53.000000 	96.254868 	91.706055 	32.202484 	19.209373 	84.077347 	53.254108 	999.000000 	63.812225 	22.671568 	39.824615 	22.627417 	
55.461697 	32.280025 	45.793011 	20.880613 	45.803928 	140.132080 	21.000000 	20.615528 	110.602890 	58.898216 	133.405396 	21.377558 	17.117243 	83.450584 	13.601471 	136.014709 	79.906197 	113.454834 	13.453624 	22.203604 	48.836460 	33.241539 	12.041595 	45.343136 	109.713264 	137.003647 	25.455845 	76.485291 	46.861500 	82.807007 	20.223749 	83.630135 	29.206163 	103.947105 	73.878281 	28.600698 	38.832977 	155.425217 	24.698177 	38.327538 	10.816654 	34.365681 	29.427877 	94.493385 	44.777225 	142.635895 	10.770329 	63.812225 	999.000000 	85.802101 	102.303467 	86.023254 	
45.011108 	63.245552 	46.572525 	81.154175 	44.271889 	68.183578 	75.239616 	89.157166 	37.054016 	31.575306 	60.207973 	71.589104 	78.721024 	14.212670 	86.769814 	60.016663 	13.000000 	35.355339 	89.470665 	65.000000 	37.589893 	112.307610 	89.067390 	40.816662 	30.413813 	59.665737 	60.745369 	12.000000 	39.115215 	9.433981 	101.118744 	7.211102 	56.612720 	22.561028 	12.649111 	57.201397 	47.010635 	78.160095 	61.220913 	120.768372 	75.000000 	117.239075 	112.871605 	9.848858 	41.725292 	62.393909 	75.432091 	22.671568 	85.802101 	999.000000 	17.204651 	1.414214 	
57.008770 	77.820305 	60.835846 	96.176918 	59.059292 	54.230988 	90.426765 	104.235313 	25.942244 	45.617977 	46.270943 	86.954010 	94.154129 	21.587032 	102.396286 	45.011108 	23.769728 	21.587032 	105.152267 	81.024689 	53.600372 	127.534309 	104.847511 	57.008770 	16.763054 	44.181442 	77.006493 	26.076809 	55.443665 	20.124611 	116.811813 	18.867962 	73.109505 	9.433981 	28.425341 	73.756355 	63.702435 	62.169125 	77.897369 	136.341476 	91.547798 	132.924789 	128.701202 	7.810250 	58.728188 	45.880280 	92.097771 	39.824615 	102.303467 	17.204651 	999.000000 	17.492855 	
46.000000 	63.890530 	47.296936 	81.706795 	44.922153 	69.115845 	75.769386 	89.693924 	38.118237 	32.388271 	61.131008 	72.090218 	79.202271 	15.620500 	87.206650 	60.827625 	14.317822 	36.221542 	89.894379 	65.368187 	38.013157 	112.805145 	89.470665 	41.182522 	31.257000 	60.415230 	61.057350 	13.038404 	39.446167 	10.816654 	101.533249 	8.602325 	56.859474 	23.345236 	13.341664 	57.428215 	47.201694 	78.847954 	61.400326 	121.198181 	75.213028 	117.647781 	113.251930 	10.440307 	41.773197 	62.968246 	75.604233 	22.627417 	86.023254 	1.414214 	17.492855 	999.000000 	

Travel time:
9.000000 	0.605186 	0.275000 	1.060660 	0.333542 	2.130288 	0.941076 	1.256234 	1.434617 	0.371652 	1.971833 	0.880696 	1.050297 	0.886002 	1.261200 	2.051828 	0.838525 	1.540292 	1.331587 	0.845946 	0.520216 	1.831154 	1.335337 	0.559017 	1.470757 	2.085965 	0.813941 	0.825379 	0.583095 	0.937083 	1.609542 	0.982980 	0.800391 	1.375909 	0.828402 	0.825379 	0.728011 	2.532908 	0.928036 	2.071986 	1.162164 	1.998281 	1.909516 	1.250250 	0.794119 	2.250694 	1.202081 	0.850000 	1.386542 	1.125278 	1.425219 	1.150000 	
0.605186 	9.000000 	0.425000 	0.465027 	0.474342 	2.735073 	0.336341 	0.665676 	2.033009 	0.805062 	2.576941 	0.279509 	0.445112 	1.423464 	0.656220 	2.655419 	1.353006 	2.128673 	0.726722 	0.340037 	0.676849 	1.248249 	0.730154 	0.625500 	2.050152 	2.687936 	0.395285 	1.300000 	0.675463 	1.442437 	1.007782 	1.477329 	0.477624 	1.934716 	1.264911 	0.494975 	0.617454 	3.137375 	0.540833 	1.480076 	0.625000 	1.402007 	1.308625 	1.756595 	0.783023 	2.847477 	0.675463 	1.127497 	0.807001 	1.581139 	1.945508 	1.597263 	
0.275000 	0.425000 	9.000000 	0.887764 	0.090139 	2.358495 	0.750000 	1.089151 	1.629801 	0.380789 	2.191461 	0.672681 	0.851469 	0.999062 	1.063015 	2.260669 	0.928036 	1.715554 	1.133578 	0.592663 	0.335410 	1.672199 	1.131923 	0.336341 	1.632483 	2.288695 	0.546008 	0.877853 	0.375000 	1.017964 	1.421267 	1.053862 	0.525595 	1.511622 	0.848896 	0.550568 	0.469707 	2.745223 	0.654313 	1.900658 	0.906228 	1.820028 	1.722099 	1.332760 	0.566789 	2.439775 	0.942404 	0.760345 	1.144825 	1.164313 	1.520896 	1.182423 	
1.060660 	0.465027 	0.887764 	9.000000 	0.928036 	3.182079 	0.152069 	0.201556 	2.494118 	1.265158 	3.029130 	0.251247 	0.125000 	1.886796 	0.230489 	3.112073 	1.814008 	2.592778 	0.292617 	0.477624 	1.099147 	0.784618 	0.309233 	1.030776 	2.515079 	3.146625 	0.602080 	1.755349 	1.079352 	1.901480 	0.550568 	1.934231 	0.726722 	2.399088 	1.713549 	0.728869 	0.951315 	3.592092 	0.697316 	1.015197 	0.512957 	0.938416 	0.849264 	2.213736 	1.126111 	3.309551 	0.565685 	1.540292 	0.522015 	2.028854 	2.404423 	2.042670 	
0.333542 	0.474342 	0.090139 	0.928036 	9.000000 	2.362864 	0.784618 	1.129436 	1.620378 	0.340037 	2.191603 	0.700446 	0.880696 	0.965013 	1.090011 	2.255271 	0.887764 	1.697425 	1.160011 	0.590021 	0.246221 	1.711907 	1.155692 	0.247487 	1.609542 	2.280351 	0.525595 	0.827647 	0.285044 	0.973717 	1.450216 	1.006231 	0.485412 	1.480076 	0.790569 	0.509902 	0.395285 	2.740552 	0.618466 	1.934716 	0.896172 	1.851520 	1.750000 	1.285739 	0.480234 	2.425000 	0.928036 	0.679154 	1.145098 	1.106797 	1.476482 	1.123054 	
2.130288 	2.735073 	2.358495 	3.182079 	2.362864 	9.000000 	3.070016 	3.370646 	0.794512 	2.057304 	0.200000 	3.010814 	3.180016 	1.528275 	3.390059 	0.270416 	1.631334 	0.825000 	3.460130 	2.949788 	2.350532 	3.926990 	3.465003 	2.439390 	0.950000 	0.336341 	2.887148 	1.752320 	2.419323 	1.608182 	3.732626 	1.623461 	2.828648 	1.150000 	1.849493 	2.850987 	2.642560 	0.459619 	2.962790 	4.177320 	3.259026 	4.110961 	4.029966 	1.475212 	2.578032 	0.514782 	3.290232 	2.183031 	3.503302 	1.704589 	1.355775 	1.727896 	
0.941076 	0.336341 	0.750000 	0.152069 	0.784618 	3.070016 	9.000000 	0.348210 	2.368808 	1.123610 	2.912902 	0.100000 	0.111803 	1.747319 	0.320156 	2.991760 	1.672199 	2.462341 	0.390512 	0.333542 	0.948683 	0.928036 	0.395285 	0.879275 	2.381701 	3.024173 	0.456207 	1.610318 	0.927699 	1.758195 	0.672681 	1.789728 	0.579871 	2.261084 	1.566246 	0.583631 	0.800391 	3.473651 	0.561805 	1.151086 	0.437321 	1.070047 	0.973717 	2.069118 	0.975320 	3.182766 	0.493077 	1.388569 	0.525000 	1.880990 	2.260669 	1.894235 	
1.256234 	0.665676 	1.089151 	0.201556 	1.129436 	3.370646 	0.348210 	9.000000 	2.690725 	1.466714 	3.220443 	0.443001 	0.276134 	2.088211 	0.176777 	3.305772 	2.015564 	2.791617 	0.190394 	0.651920 	1.296630 	0.583095 	0.223607 	1.226020 	2.715004 	3.341501 	0.776611 	1.956560 	1.274019 	2.102974 	0.369121 	2.135562 	0.901388 	2.600240 	1.913929 	0.900347 	1.134956 	3.784508 	0.853302 	0.816241 	0.604152 	0.742462 	0.660019 	2.415057 	1.308625 	3.506601 	0.648556 	1.734395 	0.515388 	2.228929 	2.605883 	2.242348 	
1.434617 	2.033009 	1.629801 	2.494118 	1.620378 	0.794512 	2.368808 	2.690725 	9.000000 	1.296630 	0.601041 	2.299185 	2.475126 	0.735272 	2.687238 	0.638847 	0.838153 	0.182003 	2.757943 	2.210204 	1.578369 	3.264966 	2.758623 	1.668270 	0.247487 	0.660019 	2.136147 	0.958188 	1.644118 	0.813941 	3.040765 	0.831038 	2.067003 	0.413824 	1.055047 	2.088211 	1.867652 	1.123610 	2.199574 	3.506601 	2.510976 	3.432383 	3.341501 	0.715891 	1.792345 	0.816241 	2.537838 	1.388569 	2.765072 	0.926350 	0.648556 	0.952956 	
0.371652 	0.805062 	0.380789 	1.265158 	0.340037 	2.057304 	1.123610 	1.466714 	1.296630 	9.000000 	1.879495 	1.040433 	1.220656 	0.625000 	1.430035 	1.934716 	0.548862 	1.364047 	1.500000 	0.919918 	0.304138 	2.049695 	1.495410 	0.388104 	1.272792 	1.955920 	0.840015 	0.498121 	0.378319 	0.637377 	1.790251 	0.673146 	0.772172 	1.140175 	0.477624 	0.794119 	0.594243 	2.419969 	0.905883 	2.274313 	1.215010 	2.191461 	2.090006 	0.951972 	0.575543 	2.093442 	1.241219 	0.485412 	1.472455 	0.789383 	1.140449 	0.809707 	
1.971833 	2.576941 	2.191461 	3.029130 	2.191603 	0.200000 	2.912902 	3.220443 	0.601041 	1.879495 	9.000000 	2.850439 	3.022003 	1.336273 	3.233033 	0.152069 	1.439184 	0.625000 	3.303407 	2.780513 	2.169101 	3.783021 	3.307000 	2.258456 	0.750000 	0.230489 	2.713969 	1.559046 	2.236767 	1.412887 	3.579455 	1.426753 	2.651650 	0.950000 	1.655483 	2.673598 	2.460310 	0.566789 	2.785341 	4.031129 	3.087272 	3.962323 	3.878225 	1.275245 	2.390868 	0.452769 	3.116990 	1.988875 	3.335135 	1.505199 	1.156774 	1.528275 	
0.880696 	0.279509 	0.672681 	0.251247 	0.700446 	3.010814 	0.100000 	0.443001 	2.299185 	1.040433 	2.850439 	9.000000 	0.180278 	1.665270 	0.390512 	2.925854 	1.587844 	2.388122 	0.460977 	0.237171 	0.854400 	1.017964 	0.459619 	0.783023 	2.304886 	2.956455 	0.357946 	1.522539 	0.831038 	1.672199 	0.750000 	1.702388 	0.480885 	2.180023 	1.475847 	0.485412 	0.700446 	3.408995 	0.469707 	1.234909 	0.395285 	1.151086 	1.050297 	1.981477 	0.875357 	3.111270 	0.450694 	1.291559 	0.534439 	1.789728 	2.173850 	1.802255 	
1.050297 	0.445112 	0.851469 	0.125000 	0.880696 	3.180016 	0.111803 	0.276134 	2.475126 	1.220656 	3.022003 	0.180278 	9.000000 	1.845434 	0.212132 	3.099698 	1.768120 	2.566247 	0.282843 	0.375832 	1.030776 	0.840387 	0.285044 	0.956883 	2.483948 	3.131393 	0.500625 	1.702388 	1.004054 	1.852363 	0.570088 	1.882319 	0.625500 	2.360085 	1.654728 	0.625000 	0.859142 	3.582074 	0.583631 	1.054751 	0.388909 	0.970824 	0.870704 	2.161308 	1.032594 	3.288237 	0.442295 	1.463087 	0.427931 	1.968026 	2.353853 	1.980057 	
0.886002 	1.423464 	0.999062 	1.886796 	0.965013 	1.528275 	1.747319 	2.088211 	0.735272 	0.625000 	1.336273 	1.665270 	1.845434 	9.000000 	2.055024 	1.365650 	0.103078 	0.763217 	2.125000 	1.538871 	0.870704 	2.671259 	2.120289 	0.960469 	0.660019 	1.375227 	1.450000 	0.226385 	0.930054 	0.125000 	2.415186 	0.176777 	1.366794 	0.515388 	0.325960 	1.386092 	1.151086 	1.844756 	1.495410 	2.898383 	1.822944 	2.816137 	2.715004 	0.375000 	1.062132 	1.491015 	1.843909 	0.657647 	2.086265 	0.355317 	0.539676 	0.390512 	
1.261200 	0.656220 	1.063015 	0.230489 	1.090011 	3.390059 	0.320156 	0.176777 	2.687238 	1.430035 	3.233033 	0.390512 	0.212132 	2.055024 	9.000000 	3.311438 	1.976424 	2.778151 	0.070711 	0.553399 	1.229837 	0.649038 	0.079057 	1.152443 	2.695366 	3.343370 	0.673146 	1.908042 	1.198176 	2.059430 	0.360555 	2.088211 	0.794512 	2.570019 	1.857586 	0.789383 	1.037123 	3.793580 	0.726722 	0.850000 	0.443001 	0.763217 	0.660019 	2.366696 	1.206752 	3.500357 	0.482830 	1.653217 	0.340037 	2.169245 	2.559907 	2.180166 	
2.051828 	2.655419 	2.260669 	3.112073 	2.255271 	0.270416 	2.991760 	3.305772 	0.638847 	1.934716 	0.152069 	2.925854 	3.099698 	1.365650 	3.311438 	9.000000 	1.467353 	0.618466 	3.382030 	2.845281 	2.217121 	3.873387 	3.384246 	2.307054 	0.740355 	0.079057 	2.773536 	1.583114 	2.282542 	1.431127 	3.661369 	1.439184 	2.705665 	0.937083 	1.676678 	2.726949 	2.505993 	0.485412 	2.838353 	4.119238 	3.148115 	4.048225 	3.961218 	1.262191 	2.427061 	0.301040 	3.175689 	2.008109 	3.400368 	1.500417 	1.125278 	1.520691 	
0.838525 	1.353006 	0.928036 	1.814008 	0.887764 	1.631334 	1.672199 	2.015564 	0.838153 	0.548862 	1.439184 	1.587844 	1.768120 	0.103078 	1.976424 	1.467353 	9.000000 	0.862047 	2.046033 	1.453444 	0.778621 	2.598557 	2.040221 	0.867828 	0.755811 	1.475847 	1.361295 	0.125000 	0.835539 	0.100000 	2.336932 	0.152069 	1.274755 	0.601041 	0.225000 	1.293493 	1.055047 	1.945508 	1.402007 	2.822455 	1.732772 	2.738841 	2.635930 	0.412311 	0.961769 	1.587844 	1.752320 	0.555090 	1.997655 	0.325000 	0.594243 	0.357946 	
1.540292 	2.128673 	1.715554 	2.592778 	1.697425 	0.825000 	2.462341 	2.791617 	0.182003 	1.364047 	0.625000 	2.388122 	2.566247 	0.763217 	2.778151 	0.618466 	0.862047 	9.000000 	2.848794 	2.283774 	1.630376 	3.370182 	2.847477 	1.720465 	0.125000 	0.617454 	2.202271 	0.972754 	1.691892 	0.817389 	3.134984 	0.822344 	2.125000 	0.325000 	1.063602 	2.145052 	1.913766 	1.086566 	2.255271 	3.607718 	2.576941 	3.530669 	3.436023 	0.650481 	1.823630 	0.730154 	2.600481 	1.392839 	2.836371 	0.883883 	0.539676 	0.905539 	
