Total assets = 1116
Number of asset nodes = 67

Distance:
999.000000 	55.072678 	3.000000 	94.641426 	63.063461 	108.706024 	117.153748 	46.097721 	16.552946 	99.020203 	74.732857 	78.294319 	21.189621 	17.888544 	96.384644 	77.472572 	50.990196 	45.398239 	131.045792 	46.173584 	93.941475 	28.861740 	54.918121 	94.826157 	86.406021 	34.655445 	99.297531 	149.201202 	111.305885 	146.413803 	143.010483 	41.436699 	83.815269 	26.248810 	112.507774 	68.249542 	121.202309 	50.039986 	37.947330 	51.088158 	130.430054 	109.128365 	27.294687 	28.792360 	111.359779 	70.256676 	67.067131 	125.538841 	60.133186 	52.952808 	39.661064 	121.235306 	84.528099 	116.777565 	44.407207 	73.061615 	47.707443 	48.548943 	87.572830 	70.349129 	77.006493 	52.354561 	57.271286 	104.560989 	108.060165 	68.352028 	92.021736 	73.054771 	99.080772 	91.350975 	92.347168 	77.162170 	107.377838 	107.074738 	82.219215 	93.861603 	100.019997 	97.984695 	102.771591 	107.707939 	
55.072678 	999.000000 	52.478565 	41.231056 	8.246211 	55.317268 	63.780876 	17.262676 	47.381432 	44.204071 	20.396078 	23.769728 	44.045429 	70.604530 	41.340054 	23.345236 	17.117243 	21.213203 	78.102493 	23.086792 	38.910152 	39.446167 	18.027756 	39.812057 	32.015621 	89.050545 	44.283180 	97.200821 	56.302753 	94.021271 	90.138779 	33.734257 	31.016125 	76.419891 	57.454330 	23.600847 	66.400299 	29.068884 	40.804413 	30.149628 	75.927597 	54.129475 	69.656296 	66.030296 	56.462376 	30.413813 	30.610456 	70.491135 	33.241539 	37.215588 	51.244511 	66.189125 	36.687874 	62.032249 	54.341511 	39.051247 	53.600372 	53.460266 	42.544094 	40.496914 	40.311287 	52.038448 	51.156624 	55.731499 	58.309521 	53.450912 	52.697250 	55.154327 	55.946404 	55.443665 	56.222771 	57.697487 	61.684681 	63.324562 	60.901562 	65.946945 	68.622154 	69.354164 	70.178345 	76.485291 	
3.000000 	52.478565 	999.000000 	92.314682 	60.415230 	106.404884 	114.865135 	43.174065 	13.892444 	96.519424 	72.013885 	75.584389 	18.384777 	19.416489 	93.813644 	74.732857 	48.052055 	42.426407 	128.817703 	43.185646 	91.301697 	25.961510 	51.971146 	92.179176 	83.671982 	36.878178 	96.648849 	147.085007 	108.756607 	144.256714 	140.801285 	38.470768 	80.993828 	27.313000 	109.931801 	65.306969 	118.713943 	47.042534 	35.114101 	48.093658 	128.003906 	106.470650 	27.018513 	27.892651 	108.673820 	67.268120 	64.070274 	122.967476 	57.140179 	50.009998 	37.202152 	118.595955 	81.584312 	114.061386 	42.011902 	70.064255 	45.221676 	46.043457 	84.593147 	67.364677 	74.006760 	49.739319 	54.561890 	101.607086 	105.118980 	65.551506 	89.022469 	70.228203 	96.083298 	88.362885 	89.358826 	74.330345 	104.388695 	104.076897 	79.378838 	90.956032 	97.082436 	95.078911 	99.824844 	104.785492 	
94.641426 	41.231056 	92.314682 	999.000000 	34.985710 	14.142136 	22.627417 	56.938564 	88.526833 	10.295630 	28.635643 	26.172504 	85.276024 	111.126053 	13.453624 	28.160255 	54.561890 	60.415230 	36.878178 	61.717098 	17.492855 	80.448738 	52.924473 	18.027756 	24.515301 	129.189789 	19.104973 	56.035702 	21.023796 	52.801514 	48.918301 	72.897186 	31.400637 	117.388245 	23.086792 	46.529560 	28.160255 	65.551506 	80.529495 	66.128662 	36.235340 	24.698177 	110.887329 	107.200745 	27.856777 	53.150730 	56.435802 	34.365681 	64.536812 	72.422371 	90.785461 	33.060551 	43.931767 	33.526108 	93.107468 	62.008064 	91.547798 	91.181137 	50.695168 	66.121101 	60.074955 	88.543777 	85.866173 	50.219517 	49.678970 	83.600243 	63.600315 	83.150467 	60.415230 	69.123077 	69.375786 	84.005951 	59.908264 	64.140472 	85.094063 	83.743660 	82.565125 	85.615417 	82.540901 	88.600227 	
63.063461 	8.246211 	60.415230 	34.985710 	999.000000 	48.826221 	57.201397 	21.954498 	54.561890 	36.796738 	12.165525 	15.524175 	50.911690 	78.236816 	33.600594 	15.132746 	19.924858 	25.495098 	71.610054 	26.925823 	30.886890 	45.607018 	19.104973 	31.764761 	23.769728 	96.798759 	36.235340 	90.972527 	48.600410 	87.658424 	83.600243 	38.078865 	23.021729 	83.737686 	49.648766 	19.416489 	58.898216 	31.575306 	45.617977 	32.388271 	68.622154 	46.065170 	76.419891 	72.470680 	48.332184 	26.925823 	28.231188 	62.681736 	33.241539 	39.204590 	55.946404 	58.180752 	29.966648 	53.851646 	58.523499 	36.235340 	57.280014 	57.008770 	36.359318 	38.626415 	36.619667 	54.918121 	53.150730 	48.270073 	50.635956 	53.600372 	47.507893 	54.571056 	49.739319 	50.931328 	51.623638 	56.612720 	54.781384 	56.797886 	59.236813 	62.681736 	64.536812 	65.802734 	65.795135 	72.180328 	
108.706024 	55.317268 	106.404884 	14.142136 	48.826221 	999.000000 	8.485281 	70.724815 	102.649887 	15.033297 	41.231056 	38.275318 	99.357941 	125.255737 	20.024984 	40.162170 	68.095520 	74.094536 	22.803509 	75.292763 	25.019993 	94.403389 	66.189125 	25.000000 	34.365681 	143.282944 	23.345236 	42.190044 	15.556349 	38.832977 	34.828148 	86.452301 	41.303753 	131.529465 	17.691807 	58.523499 	17.117243 	78.721024 	94.154129 	79.202271 	23.086792 	23.021729 	124.963997 	121.210564 	25.612497 	64.536812 	68.154236 	24.515301 	76.843994 	85.234970 	104.316826 	25.942244 	53.009434 	29.732138 	106.437775 	72.835434 	104.694794 	104.278473 	59.076221 	77.278717 	70.349129 	101.390335 	98.351410 	54.424259 	52.801514 	95.126228 	71.449280 	94.201912 	66.708321 	77.317528 	77.414467 	94.641426 	64.257294 	68.949257 	95.189285 	92.265923 	90.094398 	93.648277 	89.627007 	95.341492 	
117.153748 	63.780876 	114.865135 	22.627417 	57.201397 	8.485281 	999.000000 	79.056938 	111.126053 	22.135944 	49.193497 	46.097721 	107.814659 	133.734818 	26.925823 	47.927029 	76.321686 	82.377182 	14.422205 	83.528435 	31.780497 	102.800781 	74.303429 	31.575306 	41.484936 	151.743210 	29.068884 	34.000000 	17.720045 	30.528675 	26.400757 	94.667839 	48.270073 	140.014282 	19.313208 	66.128662 	13.601471 	86.769814 	102.396286 	87.206650 	16.031219 	25.961510 	133.416641 	129.630249 	27.856777 	71.840103 	75.584389 	21.095022 	84.504440 	93.107468 	112.507774 	24.758837 	59.413803 	30.528675 	114.529472 	79.831070 	112.698715 	112.258629 	65.069191 	84.403793 	77.103828 	109.251999 	106.042442 	58.463665 	56.320511 	102.357216 	77.025970 	101.202766 	71.568146 	83.006027 	83.024094 	101.434708 	68.154236 	73.006851 	101.710373 	98.005104 	95.336250 	99.126183 	94.641426 	100.129913 	
46.097721 	17.262676 	43.174065 	56.938564 	21.954498 	70.724815 	79.056938 	999.000000 	34.481880 	58.137768 	31.144823 	34.713108 	30.232433 	59.033890 	54.451813 	33.421551 	5.000000 	4.000000 	93.477272 	6.082763 	50.990196 	24.041630 	9.000000 	51.739735 	42.201897 	77.820305 	56.080299 	112.898186 	69.310890 	109.553642 	105.437187 	16.492422 	38.470768 	63.513779 	70.092796 	22.203604 	79.906197 	13.000000 	23.769728 	14.317822 	89.872131 	65.604881 	55.226807 	50.931328 	67.424034 	25.317978 	23.086792 	82.975899 	20.518284 	21.189621 	34.176014 	77.801025 	38.470768 	72.401657 	37.107952 	30.870699 	36.345562 	36.221542 	42.000000 	30.232433 	33.837849 	35.014282 	34.713108 	58.549126 	61.983868 	38.948685 	48.507732 	41.617306 	54.332310 	49.396355 	50.328918 	44.821869 	62.008064 	62.289646 	48.836460 	56.612720 	60.901562 	60.464867 	63.063461 	68.963760 	
16.552946 	47.381432 	13.892444 	88.526833 	54.561890 	102.649887 	111.126053 	34.481880 	999.000000 	91.350975 	65.215027 	68.818604 	5.000000 	24.698177 	88.090858 	67.675697 	38.910152 	32.695564 	125.399361 	32.893768 	85.000000 	13.000000 	42.544094 	85.802101 	76.550636 	43.462627 	90.210861 	144.308701 	103.077644 	141.226761 	137.440903 	26.019224 	72.945183 	29.206163 	104.019226 	55.713554 	113.454834 	35.355339 	21.587032 	36.221542 	123.166557 	99.864906 	22.825424 	20.615528 	101.788994 	56.515484 	52.952808 	117.004272 	45.099888 	37.121422 	23.430750 	112.071404 	71.784401 	106.850365 	28.319605 	58.137768 	31.400637 	32.202484 	73.979729 	55.000000 	62.289646 	35.846897 	40.718548 	91.482239 	95.210297 	51.865211 	77.162170 	56.612720 	84.717178 	76.006577 	77.006493 	60.728905 	93.380943 	92.655273 	65.802734 	77.665955 	84.011902 	81.786308 	86.833176 	91.591484 	
99.020203 	44.204071 	96.519424 	10.295630 	36.796738 	15.033297 	22.135944 	58.137768 	91.350975 	999.000000 	27.459061 	24.186773 	87.692642 	114.808533 	5.000000 	25.942244 	55.000000 	61.220913 	36.249138 	62.201286 	10.000000 	82.134033 	52.697250 	10.049875 	19.416489 	133.221619 	9.433981 	55.946404 	12.649111 	52.325901 	47.885281 	73.239334 	26.305893 	120.507263 	14.317822 	44.011364 	22.203604 	65.000000 	81.024689 	65.368187 	31.827662 	14.560220 	113.145920 	109.041275 	17.720045 	49.729267 	53.450912 	26.925823 	62.393909 	71.112587 	90.972527 	24.186773 	38.000000 	23.537205 	92.784698 	57.870544 	90.824005 	90.354858 	44.181442 	62.369865 	55.326305 	87.235313 	83.934502 	41.182522 	40.224369 	80.280754 	56.718605 	79.246452 	52.497620 	62.514000 	62.649822 	79.630394 	51.000000 	55.461697 	80.156097 	77.414467 	75.504967 	78.917679 	75.186432 	81.043198 	
74.732857 	20.396078 	72.013885 	28.635643 	12.165525 	41.231056 	49.193497 	31.144823 	65.215027 	27.459061 	999.000000 	3.605551 	61.220913 	89.358826 	23.430750 	3.000000 	27.658634 	33.970577 	63.529522 	34.828148 	19.849434 	55.172459 	25.238859 	20.615528 	11.704700 	108.046288 	25.000000 	83.186539 	38.183765 	79.649231 	75.292763 	45.803928 	11.401754 	94.403389 	38.948685 	18.027756 	48.836460 	37.589893 	53.600372 	38.013157 	58.898216 	34.669872 	86.371292 	82.024384 	36.715118 	25.079872 	28.017851 	51.855568 	35.902645 	44.011364 	63.513779 	46.872166 	21.213203 	42.047592 	65.368187 	34.365681 	63.505905 	63.071388 	28.319605 	38.052597 	33.241539 	60.166435 	57.280014 	37.336308 	39.293766 	55.145264 	40.804413 	55.009090 	41.109608 	45.276924 	45.793011 	56.222771 	44.777225 	47.434166 	57.870544 	58.694122 	59.169250 	61.269894 	59.908264 	66.287254 	
78.294319 	23.769728 	75.584389 	26.172504 	15.524175 	38.275318 	46.097721 	34.713108 	68.818604 	24.186773 	3.605551 	999.000000 	64.815125 	92.962357 	20.000000 	2.000000 	31.144823 	37.483330 	60.373837 	38.288380 	16.278820 	58.728188 	28.600698 	17.029387 	8.246211 	111.646767 	21.400934 	80.056229 	34.655445 	76.478752 	72.069412 	49.203659 	9.433981 	98.005104 	35.383614 	20.396078 	45.343136 	40.816662 	57.008770 	41.182522 	55.443665 	31.064449 	89.938866 	85.562843 	33.120991 	27.018513 	30.265491 	48.270073 	38.600517 	47.010635 	66.850578 	43.266617 	20.808653 	38.483765 	68.600288 	36.055511 	66.648331 	66.189125 	28.017851 	40.012497 	34.525352 	63.158531 	60.083275 	35.341194 	37.000000 	57.428215 	40.816662 	57.035076 	40.311287 	45.617977 	46.065170 	58.034473 	43.266617 	46.227695 	59.413803 	59.464275 	59.481091 	61.846584 	60.033325 	66.370171 	
21.189621 	44.045429 	18.384777 	85.276024 	50.911690 	99.357941 	107.814659 	30.232433 	5.000000 	87.692642 	61.220913 	64.815125 	999.000000 	29.410883 	84.291161 	63.600315 	34.481880 	28.178005 	122.147453 	28.231188 	81.055534 	8.000000 	38.013157 	81.835197 	72.422371 	48.104053 	86.214851 	141.209061 	99.247169 	138.057953 	134.182709 	21.023796 	68.600288 	33.286633 	100.124924 	51.078373 	109.713264 	30.413813 	16.763054 	31.257000 	119.519875 	95.801880 	25.612497 	22.360680 	97.652443 	51.662365 	48.052055 	113.070778 	40.112343 	32.140316 	19.849434 	108.004631 	67.067131 	102.625534 	24.839485 	53.150730 	27.586229 	28.319605 	69.123077 	50.000000 	57.314919 	31.622776 	36.235340 	86.683334 	90.443352 	47.169907 	72.173401 	51.865211 	79.762146 	71.007042 	72.006943 	55.973209 	88.459030 	87.692642 	61.032780 	72.780495 	79.075912 	76.902534 	81.884064 	86.683334 	
17.888544 	70.604530 	19.416489 	111.126053 	78.236816 	125.255737 	133.734818 	59.033890 	24.698177 	114.808533 	89.358826 	92.962357 	29.410883 	999.000000 	111.830231 	91.923882 	63.560993 	57.384666 	147.800537 	57.584721 	109.000000 	37.107952 	67.230942 	109.836243 	100.846420 	18.788294 	114.280357 	166.243790 	126.826653 	163.355438 	159.812393 	50.009998 	97.493591 	9.000000 	127.882759 	80.411446 	137.003647 	59.665737 	44.181442 	60.415230 	146.492325 	124.020157 	16.278820 	21.095022 	126.051575 	81.043198 	77.369247 	140.911316 	69.050705 	60.299255 	41.436699 	136.213074 	96.462425 	131.228806 	45.122055 	82.036575 	49.030602 	50.009998 	98.493652 	78.517517 	86.313385 	54.744862 	60.530983 	116.090485 	119.854080 	72.443085 	100.975243 	77.414467 	108.853111 	99.322708 	100.319489 	81.498466 	117.686020 	116.726173 	86.579445 	99.247169 	106.075447 	103.310211 	109.041275 	113.282829 	
96.384644 	41.340054 	93.813644 	13.453624 	33.600594 	20.024984 	26.925823 	54.451813 	88.090858 	5.000000 	23.430750 	20.000000 	84.291161 	111.830231 	999.000000 	21.633308 	51.088158 	57.384666 	40.853397 	58.258045 	5.000000 	78.492035 	48.600410 	5.099020 	14.560220 	130.357208 	5.830952 	60.539242 	15.000000 	56.859474 	52.325901 	69.202599 	21.377558 	117.290237 	16.124516 	39.395432 	25.455845 	60.745369 	77.006493 	61.057350 	35.468296 	14.035668 	109.622078 	105.380264 	17.000000 	44.922153 	48.703182 	29.154760 	57.775429 	66.648331 	86.838928 	25.298222 	33.000000 	23.000000 	88.509888 	52.952808 	86.452301 	85.959290 	39.204590 	57.489128 	50.358715 	82.734512 	79.309517 	36.891735 	36.235340 	75.432091 	51.788029 	74.330345 	47.759815 	57.558666 	57.706154 	74.672615 	46.647614 	51.000000 	75.166481 	72.443085 	70.611610 	73.979729 	70.342018 	76.243034 	
77.472572 	23.345236 	74.732857 	28.160255 	15.132746 	40.162170 	47.927029 	33.421551 	67.675697 	25.942244 	3.000000 	2.000000 	63.600315 	91.923882 	21.633308 	999.000000 	29.698484 	36.069378 	62.169125 	36.796738 	17.691807 	57.384666 	27.018513 	18.384777 	8.944272 	110.639053 	22.671568 	81.859634 	36.124783 	78.262383 	73.824112 	47.634022 	8.544003 	96.834908 	36.769554 	18.439089 	46.861500 	39.115215 	55.443665 	39.446167 	57.008770 	32.202484 	88.617157 	84.172440 	34.132095 	25.019993 	28.284271 	49.578220 	36.687874 	45.188496 	65.215027 	44.407207 	19.209373 	39.357338 	66.887962 	34.058773 	64.884514 	64.412735 	26.400757 	38.013157 	32.557640 	61.326992 	58.189346 	34.539833 	36.400551 	55.443665 	39.115215 	55.036350 	38.897301 	43.829212 	44.294468 	56.035702 	42.190044 	45.000000 	57.428215 	57.584721 	57.706154 	60.008331 	58.309521 	64.660652 	
50.990196 	17.117243 	48.052055 	54.561890 	19.924858 	68.095520 	76.321686 	5.000000 	38.910152 	55.000000 	27.658634 	31.144823 	34.481880 	63.560993 	51.088158 	29.698484 	999.000000 	6.403124 	90.735878 	7.211102 	47.381432 	27.802877 	4.000000 	48.083260 	38.288380 	82.346825 	52.345009 	110.276924 	65.795135 	106.850365 	102.625534 	18.357559 	34.132095 	67.742157 	66.468040 	17.262676 	76.485291 	12.000000 	26.076809 	13.038404 	86.556343 	61.717098 	59.033890 	54.488529 	63.411354 	20.396078 	18.384777 	79.246452 	17.204651 	20.099751 	36.235340 	73.878281 	33.541019 	68.242218 	38.626415 	26.419689 	37.363083 	37.107952 	37.000000 	26.248810 	29.154760 	35.227829 	34.058773 	53.600372 	57.070133 	36.769554 	43.680660 	38.948685 	49.365982 	44.777225 	45.694637 	41.880783 	57.008770 	57.314919 	45.607018 	52.630791 	56.603886 	56.400356 	58.668560 	64.660652 	
45.398239 	21.213203 	42.426407 	60.415230 	25.495098 	74.094536 	82.377182 	4.000000 	32.695564 	61.220913 	33.970577 	37.483330 	28.178005 	57.384666 	57.384666 	36.069378 	6.403124 	999.000000 	96.798759 	2.236068 	53.740116 	21.400934 	9.848858 	54.451813 	44.687805 	76.157730 	58.728188 	116.284134 	72.138756 	112.898186 	108.724419 	12.649111 	40.496914 	61.400326 	72.835434 	23.086792 	82.807007 	9.433981 	20.124611 	10.816654 	92.849342 	68.117546 	52.630791 	48.104053 	69.814041 	25.000000 	22.203604 	85.632935 	18.027756 	17.464249 	30.463093 	80.280754 	39.293766 	74.632431 	33.241539 	29.410883 	32.388271 	32.249031 	42.190044 	28.178005 	32.756680 	31.016125 	30.805843 	59.228371 	62.817196 	35.510563 	47.675991 	38.418747 	54.037025 	48.083260 	49.040798 	41.773197 	62.072536 	62.032249 	45.967381 	54.378304 	59.033890 	58.309521 	61.326992 	67.082039 	
131.045792 	78.102493 	128.817703 	36.878178 	71.610054 	22.803509 	14.422205 	93.477272 	125.399361 	36.249138 	63.529522 	60.373837 	122.147453 	147.800537 	40.853397 	62.169125 	90.735878 	96.798759 	999.000000 	97.943863 	45.541191 	117.200684 	88.684837 	45.221676 	55.362442 	165.680420 	42.201897 	19.697716 	29.154760 	16.124516 	12.041595 	109.077957 	61.983868 	154.207657 	30.016663 	80.230919 	20.223749 	101.118744 	116.811813 	101.533249 	13.601471 	37.013512 	147.756561 	144.013885 	38.052597 	85.702972 	89.537704 	25.079872 	98.615417 	107.354553 	126.909416 	31.320919 	72.567207 	38.832977 	128.891434 	93.407707 	127.015747 	126.562241 	77.781746 	98.081596 	90.470993 	123.482796 	120.154068 	69.180923 	66.483078 	116.090485 	89.202019 	114.725761 	83.006027 	95.257545 	95.189285 	114.756264 	78.517517 	83.486526 	114.756264 	110.222504 	107.000000 	111.040535 	106.042442 	111.220505 	
46.173584 	23.086792 	43.185646 	61.717098 	26.925823 	75.292763 	83.528435 	6.082763 	32.893768 	62.201286 	34.828148 	38.288380 	28.231188 	57.584721 	58.258045 	36.796738 	7.211102 	2.236068 	97.943863 	999.000000 	54.488529 	21.095022 	10.000000 	55.172459 	45.276924 	76.321686 	59.396969 	117.477661 	72.917763 	114.057007 	109.836243 	11.180340 	40.804413 	61.294373 	73.552704 	22.847319 	83.630135 	7.211102 	18.867962 	8.602325 	93.723000 	68.680420 	52.201534 	47.507893 	70.292244 	24.083189 	21.023796 	86.278618 	16.124516 	15.231546 	29.068884 	80.808418 	38.897301 	75.000000 	31.622776 	27.892651 	30.594116 	30.413813 	41.436699 	26.400757 	31.400637 	29.000000 	28.635643 	58.694122 	62.361847 	33.286633 	46.389652 	36.235340 	53.000000 	46.572525 	47.539455 	39.623226 	61.204575 	61.000000 	43.863426 	52.478565 	57.271286 	56.435802 	59.615433 	65.306969 	
93.941475 	38.910152 	91.301697 	17.492855 	30.886890 	25.019993 	31.780497 	50.990196 	85.000000 	10.000000 	19.849434 	16.278820 	81.055534 	109.000000 	5.000000 	17.691807 	47.381432 	53.740116 	45.541191 	54.488529 	999.000000 	75.006668 	44.687805 	1.000000 	9.848858 	127.624451 	5.385165 	65.192024 	18.439089 	61.465439 	56.859474 	65.299309 	16.492422 	114.201576 	19.104973 	34.885529 	29.206163 	56.612720 	73.109505 	56.859474 	39.408119 	15.231546 	106.216759 	101.833199 	17.720045 	40.162170 	44.011364 	32.015621 	53.225933 	62.265560 	82.800964 	27.294687 	28.000000 	23.537205 	84.314888 	48.052055 	82.152298 	81.633324 	34.234486 	52.630791 	45.398239 	78.294319 	74.732857 	32.802441 	32.526913 	70.604530 	46.872166 	69.426216 	43.081318 	52.611786 	52.773098 	69.720871 	42.438190 	46.647614 	70.178345 	67.475922 	65.734314 	69.050705 	65.520988 	71.470276 	
28.861740 	39.446167 	25.961510 	80.448738 	45.607018 	94.403389 	102.800781 	24.041630 	13.000000 	82.134033 	55.172459 	58.728188 	8.000000 	37.107952 	78.492035 	57.384666 	27.802877 	21.400934 	117.200684 	21.095022 	75.006668 	999.000000 	31.064449 	75.742989 	66.068146 	55.659679 	80.056229 	136.484436 	93.348808 	133.221619 	129.201401 	13.038404 	61.854668 	40.249222 	94.111633 	43.829212 	103.947105 	22.561028 	9.433981 	23.345236 	113.899078 	89.498604 	31.240999 	26.907248 	91.214035 	43.965897 	40.261642 	106.962608 	32.140316 	24.186773 	15.811388 	101.671036 	59.615433 	96.020828 	20.615528 	45.177429 	22.472204 	23.021729 	61.400326 	42.000000 	49.365982 	25.455845 	29.410883 	79.056938 	82.873398 	39.812057 	64.195015 	44.384682 	71.847061 	63.007935 	64.007812 	48.466484 	80.603973 	79.762146 	53.488316 	65.000000 	71.196907 	69.123077 	73.979729 	78.854294 	
54.918121 	18.027756 	51.971146 	52.924473 	19.104973 	66.189125 	74.303429 	9.000000 	42.544094 	52.697250 	25.238859 	28.600698 	38.013157 	67.230942 	48.600410 	27.018513 	4.000000 	9.848858 	88.684837 	10.000000 	44.687805 	31.064449 	999.000000 	45.343136 	35.355339 	86.005814 	49.517673 	108.300507 	63.126858 	104.809349 	100.498756 	20.615528 	30.805843 	71.196907 	63.702435 	13.341664 	73.878281 	12.649111 	28.425341 	13.341664 	84.023804 	58.728188 	62.201286 	57.489128 	60.307545 	16.492422 	14.764823 	76.367531 	15.231546 	20.099751 	38.275318 	70.837845 	29.614185 	65.000000 	40.249222 	23.021729 	38.626415 	38.275318 	33.000000 	23.345236 	25.495098 	35.902645 	34.058773 	49.648766 	53.150730 	35.440090 	39.849716 	37.161808 	45.398239 	41.146080 	42.047592 	39.824615 	53.009434 	53.338543 	43.266617 	49.578220 	53.254108 	53.263496 	55.226807 	61.294373 	
94.826157 	39.812057 	92.179176 	18.027756 	31.764761 	25.000000 	31.575306 	51.739735 	85.802101 	10.049875 	20.615528 	17.029387 	81.835197 	109.836243 	5.099020 	18.384777 	48.083260 	54.451813 	45.221676 	55.172459 	1.000000 	75.742989 	45.343136 	999.000000 	10.295630 	128.471786 	4.472136 	64.845970 	17.804493 	61.098282 	56.462376 	65.946945 	16.763054 	115.000000 	18.384777 	35.355339 	28.600698 	57.201397 	73.756355 	57.428215 	38.832977 	14.317822 	106.962608 	102.552429 	16.763054 	40.496914 	44.384682 	31.240999 	53.665630 	62.769421 	83.408630 	26.419689 	28.017851 	22.561028 	84.876381 	48.270073 	82.680107 	82.152298 	34.132095 	52.886673 	45.541191 	78.771820 	75.153175 	32.202484 	31.827662 	70.880180 	46.690472 	69.634758 	42.720020 	52.469040 	52.611786 	69.871307 	41.880783 	46.141087 	70.256676 	67.364677 	65.513359 	68.883957 	65.253349 	71.168816 	
86.406021 	32.015621 	83.671982 	24.515301 	23.769728 	34.365681 	41.484936 	42.201897 	76.550636 	19.416489 	11.704700 	8.246211 	72.422371 	100.846420 	14.560220 	8.944272 	38.288380 	44.687805 	55.362442 	45.276924 	9.848858 	66.068146 	35.355339 	10.295630 	999.000000 	119.570061 	14.212670 	75.026665 	28.017851 	71.309189 	66.708321 	55.901699 	7.000000 	105.683487 	28.425341 	25.059929 	38.832977 	47.010635 	63.702435 	47.201694 	49.091751 	23.430750 	97.308784 	92.763138 	25.238859 	30.364452 	34.176014 	41.012192 	43.382023 	52.478565 	73.246162 	35.608986 	19.416489 	30.413813 	74.632431 	38.470768 	72.401657 	71.867935 	26.248810 	42.953465 	36.055511 	68.476273 	64.884514 	29.410883 	30.413813 	60.876926 	39.217342 	59.841457 	36.891735 	44.643028 	44.922153 	60.299255 	38.209946 	41.773197 	61.008198 	59.228371 	58.189346 	61.131008 	58.309521 	64.474800 	
34.655445 	89.050545 	36.878178 	129.189789 	96.798759 	143.282944 	151.743210 	77.820305 	43.462627 	133.221619 	108.046288 	111.646767 	48.104053 	18.788294 	130.357208 	110.639053 	82.346825 	76.157730 	165.680420 	76.321686 	127.624451 	55.659679 	86.005814 	128.471786 	119.570061 	999.000000 	132.924789 	183.853195 	145.340973 	181.069046 	177.654160 	68.410522 	116.275536 	17.029387 	146.441116 	99.161484 	155.425217 	78.160095 	62.169125 	78.847954 	164.805954 	142.688477 	29.154760 	35.128338 	144.754959 	99.624290 	95.880135 	159.477264 	87.321243 	78.262383 	58.034473 	154.870911 	115.169441 	149.966660 	61.032780 	100.224747 	65.030762 	66.030296 	117.046997 	96.509064 	104.560989 	71.007042 	77.000000 	134.714508 	138.513535 	89.000000 	119.050407 	94.000000 	127.121986 	117.098251 	118.088951 	98.005104 	136.062485 	134.937027 	103.019417 	116.004311 	123.065025 	120.000000 	126.099167 	130.000000 	
99.297531 	44.283180 	96.648849 	19.104973 	36.235340 	23.345236 	29.068884 	56.080299 	90.210861 	9.433981 	25.000000 	21.400934 	86.214851 	114.280357 	5.830952 	22.671568 	52.345009 	58.728188 	42.201897 	59.396969 	5.385165 	80.056229 	49.517673 	4.472136 	14.212670 	132.924789 	999.000000 	61.684681 	13.892444 	57.870544 	53.141319 	70.092796 	20.124611 	119.402679 	14.212670 	39.115215 	24.698177 	61.220913 	77.897369 	61.400326 	34.985710 	9.848858 	111.287918 	106.831642 	12.369317 	43.863426 	47.853943 	26.907248 	57.306194 	66.573265 	87.458565 	21.954498 	30.413813 	18.248287 	88.814415 	51.244511 	86.533234 	85.982559 	36.013885 	55.973209 	48.270073 	82.492424 	78.714676 	31.764761 	30.805843 	74.000000 	48.166378 	72.532753 	43.416588 	54.083271 	54.147945 	72.567207 	41.593269 	46.097721 	72.691124 	69.065186 	66.753281 	70.349129 	66.287254 	72.034714 	
149.201202 	97.200821 	147.085007 	56.035702 	90.972527 	42.190044 	34.000000 	112.898186 	144.308701 	55.946404 	83.186539 	80.056229 	141.209061 	166.243790 	60.539242 	81.859634 	110.276924 	116.284134 	19.697716 	117.477661 	65.192024 	136.484436 	108.300507 	64.845970 	75.026665 	183.853195 	61.684681 	999.000000 	48.270073 	4.000000 	9.000000 	128.631256 	81.596565 	172.904602 	48.836460 	99.924973 	38.327538 	120.768372 	136.341476 	121.198181 	29.000000 	55.731499 	166.817261 	163.217651 	56.320511 	105.342300 	109.201645 	41.048752 	118.308914 	127.047234 	146.485489 	48.010414 	91.923882 	56.000000 	148.529465 	112.929184 	146.686737 	146.239532 	96.881371 	117.643532 	109.895409 	143.178207 	139.846344 	87.051712 	84.000000 	135.665024 	107.912003 	134.201340 	101.242287 	113.991226 	113.863953 	134.123077 	96.005211 	101.004951 	133.958954 	128.875916 	125.255737 	129.468140 	124.100769 	129.003876 	
111.305885 	56.302753 	108.756607 	21.023796 	48.600410 	15.556349 	17.720045 	69.310890 	103.077644 	12.649111 	38.183765 	34.655445 	99.247169 	126.826653 	15.000000 	36.124783 	65.795135 	72.138756 	29.154760 	72.917763 	18.439089 	93.348808 	63.126858 	17.804493 	28.017851 	145.340973 	13.892444 	48.270073 	999.000000 	44.384682 	39.560081 	83.737686 	34.000000 	132.279999 	2.236068 	53.000000 	10.816654 	75.000000 	91.547798 	75.213028 	21.095022 	8.246211 	124.523087 	120.208153 	10.295630 	57.697487 	61.717098 	14.317822 	71.196907 	80.454956 	101.212646 	12.041595 	43.680660 	14.212670 	102.649887 	64.845970 	100.404182 	99.859901 	48.662102 	69.641945 	61.684681 	96.384644 	92.590500 	40.792156 	38.600517 	87.664131 	60.074955 	86.023254 	54.147945 	66.121101 	66.068146 	85.866173 	50.447994 	55.317268 	85.702972 	81.098709 	78.057671 	82.000000 	77.233414 	82.607506 	
146.413803 	94.021271 	144.256714 	52.801514 	87.658424 	38.832977 	30.528675 	109.553642 	141.226761 	52.325901 	79.649231 	76.478752 	138.057953 	163.355438 	56.859474 	78.262383 	106.850365 	112.898186 	16.124516 	114.057007 	61.465439 	133.221619 	104.809349 	61.098282 	71.309189 	181.069046 	57.870544 	4.000000 	44.384682 	999.000000 	5.000000 	125.195847 	77.833153 	169.917633 	44.911022 	96.254868 	34.365681 	117.239075 	132.924789 	117.647781 	25.000000 	51.788029 	163.670395 	160.000000 	52.345009 	101.592323 	105.475113 	37.054016 	114.634201 	123.438240 	143.031464 	44.011364 	88.056801 	52.000000 	145.013794 	109.110039 	143.125824 	142.667450 	92.962357 	113.841995 	106.042442 	139.556442 	136.165344 	83.054199 	80.000000 	131.867355 	103.947105 	130.361038 	97.252251 	110.027267 	109.895409 	130.249756 	92.005432 	97.005157 	130.049988 	124.903961 	121.264175 	125.483070 	120.104118 	125.003998 	
143.010483 	90.138779 	140.801285 	48.918301 	83.600243 	34.828148 	26.400757 	105.437187 	137.440903 	47.885281 	75.292763 	72.069412 	134.182709 	159.812393 	52.325901 	73.824112 	102.625534 	108.724419 	12.041595 	109.836243 	56.859474 	129.201401 	100.498756 	56.462376 	66.708321 	177.654160 	53.141319 	9.000000 	39.560081 	5.000000 	999.000000 	120.950401 	73.164200 	166.243790 	40.024994 	91.706055 	29.427877 	112.871605 	128.701202 	113.251930 	20.000000 	46.872166 	159.790482 	156.028839 	47.381432 	96.932968 	100.846420 	32.062439 	110.072701 	118.962181 	138.755173 	39.012817 	83.240616 	47.000000 	140.655609 	104.355164 	138.708328 	138.235306 	88.073830 	109.110039 	101.242287 	135.059250 	131.590271 	78.057671 	75.000000 	127.137718 	98.994949 	125.574677 	92.265923 	105.076164 	104.938080 	125.419296 	87.005745 	92.005432 	125.171883 	119.941650 	116.275536 	120.503113 	115.108643 	120.004166 	
41.436699 	33.734257 	38.470768 	72.897186 	38.078865 	86.452301 	94.667839 	16.492422 	26.019224 	73.239334 	45.803928 	49.203659 	21.023796 	50.009998 	69.202599 	47.634022 	18.357559 	12.649111 	109.077957 	11.180340 	65.299309 	13.038404 	20.615528 	65.946945 	55.901699 	68.410522 	70.092796 	128.631256 	83.737686 	125.195847 	120.950401 	999.000000 	50.990196 	52.554733 	84.291161 	32.202484 	94.493385 	9.848858 	7.810250 	10.440307 	104.637466 	79.195961 	42.544094 	37.443291 	80.659782 	31.384710 	27.513634 	96.896851 	19.104973 	11.704700 	17.888544 	91.241440 	47.413078 	85.146935 	20.615528 	32.140316 	20.024984 	20.000000 	48.703182 	29.017237 	36.345562 	19.646883 	21.095022 	66.483078 	70.384659 	29.206163 	51.156624 	33.286633 	58.855755 	50.039986 	51.039200 	37.215588 	67.683083 	66.753281 	42.059483 	52.810986 	58.694122 	56.920998 	61.392181 	66.483078 	
83.815269 	31.016125 	80.993828 	31.400637 	23.021729 	41.303753 	48.270073 	38.470768 	72.945183 	26.305893 	11.401754 	9.433981 	68.600288 	97.493591 	21.377558 	8.544003 	34.132095 	40.496914 	61.983868 	40.804413 	16.492422 	61.854668 	30.805843 	16.763054 	7.000000 	116.275536 	20.124611 	81.596565 	34.000000 	77.833153 	73.164200 	50.990196 	999.000000 	101.872467 	34.132095 	19.209373 	44.777225 	41.725292 	58.728188 	41.773197 	55.072678 	28.425341 	93.005379 	88.238312 	29.698484 	23.769728 	27.730848 	46.227695 	37.215588 	46.615448 	67.941154 	40.311287 	12.649111 	34.205261 	69.028976 	31.575306 	66.610809 	66.030296 	19.697716 	36.138622 	29.068884 	62.433964 	58.591808 	26.000000 	27.892651 	54.120235 	32.695564 	52.952808 	31.240999 	37.947330 	38.275318 	53.338543 	33.837849 	36.878178 	54.009258 	52.392746 	51.623638 	54.405884 	51.894123 	58.137768 	
26.248810 	76.419891 	27.313000 	117.388245 	83.737686 	131.529465 	140.014282 	63.513779 	29.206163 	120.507263 	94.403389 	98.005104 	33.286633 	9.000000 	117.290237 	96.834908 	67.742157 	61.400326 	154.207657 	61.294373 	114.201576 	40.249222 	71.196907 	115.000000 	105.683487 	17.029387 	119.402679 	172.904602 	132.279999 	169.917633 	166.243790 	52.554733 	101.872467 	999.000000 	133.225372 	84.077347 	142.635895 	62.393909 	45.880280 	62.968246 	152.305618 	129.034882 	12.165525 	18.110771 	130.919830 	83.934502 	80.056229 	146.208755 	71.168816 	61.846584 	41.109608 	141.240936 	99.809822 	135.911743 	44.011364 	83.934502 	48.010414 	49.010204 	101.242287 	80.049988 	88.323273 	54.000000 	60.008331 	119.037811 	122.930878 	72.006943 	102.610916 	77.006493 	110.860275 	100.448990 	101.434708 	81.000000 	119.920807 	118.600166 	86.005814 	99.020203 	106.117859 	103.004852 	109.165016 	113.004425 	
112.507774 	57.454330 	109.931801 	23.086792 	49.648766 	17.691807 	19.313208 	70.092796 	104.019226 	14.317822 	38.948685 	35.383614 	100.124924 	127.882759 	16.124516 	36.769554 	66.468040 	72.835434 	30.016663 	73.552704 	19.104973 	94.111633 	63.702435 	18.384777 	28.425341 	146.441116 	14.212670 	48.836460 	2.236068 	44.911022 	40.024994 	84.291161 	34.132095 	133.225372 	999.000000 	53.254108 	10.770329 	75.432091 	92.097771 	75.604233 	21.023796 	7.000000 	125.319588 	120.933868 	8.544003 	57.706154 	61.773781 	13.038404 	71.344238 	80.709358 	101.671036 	10.000000 	43.324360 	12.041595 	103.004852 	64.621979 	100.687637 	100.124924 	48.052055 	69.462219 	61.351448 	96.566040 	92.660675 	39.458839 	37.107952 	87.464279 	59.211487 	85.702972 	53.037724 	65.276337 	65.192024 	85.440041 	49.030602 	53.935146 	85.146935 	80.224686 	77.006493 	81.024689 	76.105194 	81.394104 	
68.249542 	23.600847 	65.306969 	46.529560 	19.416489 	58.523499 	66.128662 	22.203604 	55.713554 	44.011364 	18.027756 	20.396078 	51.078373 	80.411446 	39.395432 	18.439089 	17.262676 	23.086792 	80.230919 	22.847319 	34.885529 	43.829212 	13.341664 	35.355339 	25.059929 	99.161484 	39.115215 	99.924973 	53.000000 	96.254868 	91.706055 	32.202484 	19.209373 	84.077347 	53.254108 	999.000000 	63.812225 	22.671568 	39.824615 	22.627417 	74.094536 	47.634022 	74.625732 	69.634758 	48.836460 	7.615773 	10.000000 	65.436989 	18.384777 	27.459061 	48.795490 	59.464275 	16.278820 	53.075417 	49.819675 	17.088007 	47.434166 	46.872166 	20.223749 	20.223749 	17.204651 	43.416588 	39.924931 	36.345562 	39.812057 	37.121422 	29.154760 	37.054016 	33.241539 	31.890438 	32.649654 	38.470768 	40.199501 	41.000000 	40.521599 	43.266617 	45.276924 	46.400433 	46.690472 	53.037724 	
121.202309 	66.400299 	118.713943 	28.160255 	58.898216 	17.117243 	13.601471 	79.906197 	113.454834 	22.203604 	48.836460 	45.343136 	109.713264 	137.003647 	25.455845 	46.861500 	76.485291 	82.807007 	20.223749 	83.630135 	29.206163 	103.947105 	73.878281 	28.600698 	38.832977 	155.425217 	24.698177 	38.327538 	10.816654 	34.365681 	29.427877 	94.493385 	44.777225 	142.635895 	10.770329 	63.812225 	999.000000 	85.802101 	102.303467 	86.023254 	10.295630 	17.464249 	135.074051 	130.831955 	18.027756 	68.425140 	72.470680 	7.615773 	81.987801 	91.268837 	112.004463 	11.661903 	54.083271 	18.681541 	113.463654 	75.392311 	111.220505 	110.675201 	58.694122 	80.230919 	72.111023 	107.186752 	103.353760 	49.040798 	46.270943 	98.234413 	69.584480 	96.462425 	63.031738 	75.663727 	75.538071 	96.166519 	58.309521 	63.285069 	95.801880 	90.553848 	87.051712 	91.197586 	86.000000 	91.087868 	
50.039986 	29.068884 	47.042534 	65.551506 	31.575306 	78.721024 	86.769814 	13.000000 	35.355339 	65.000000 	37.589893 	40.816662 	30.413813 	59.665737 	60.745369 	39.115215 	12.000000 	9.433981 	101.118744 	7.211102 	56.612720 	22.561028 	12.649111 	57.201397 	47.010635 	78.160095 	61.220913 	120.768372 	75.000000 	117.239075 	112.871605 	9.848858 	41.725292 	62.393909 	75.432091 	22.671568 	85.802101 	999.000000 	17.204651 	1.414214 	96.020828 	70.092796 	52.354561 	47.169907 	71.421288 	21.540659 	17.720045 	87.863533 	10.198039 	8.246211 	26.248810 	82.036575 	37.589893 	75.742989 	27.784887 	23.021729 	26.000000 	25.632011 	38.897301 	20.615528 	27.018513 	23.345236 	22.090721 	56.648037 	60.539242 	26.076809 	42.000000 	29.068884 	49.365982 	41.436699 	42.426407 	32.526913 	58.051701 	57.314919 	36.878178 	46.065170 	51.264023 	50.089920 	53.758720 	59.236813 	
37.947330 	40.804413 	35.114101 	80.529495 	45.617977 	94.154129 	102.396286 	23.769728 	21.587032 	81.024689 	53.600372 	57.008770 	16.763054 	44.181442 	77.006493 	55.443665 	26.076809 	20.124611 	116.811813 	18.867962 	73.109505 	9.433981 	28.425341 	73.756355 	63.702435 	62.169125 	77.897369 	136.341476 	91.547798 	132.924789 	128.701202 	7.810250 	58.728188 	45.880280 	92.097771 	39.824615 	102.303467 	17.204651 	999.000000 	17.492855 	112.445541 	86.977005 	35.341194 	30.016663 	88.413803 	38.470768 	34.438351 	104.690018 	25.298222 	16.124516 	10.440307 	99.005051 	54.708317 	92.849342 	14.000000 	38.078865 	14.560220 	14.866069 	55.542778 	34.365681 	42.449970 	16.401220 	20.000000 	73.409805 	77.388626 	30.463093 	56.885849 	35.114101 	65.000000 	55.145264 	56.142673 	39.217342 	74.040527 	72.780495 	44.271889 	56.089214 	62.514000 	60.207973 	65.375839 	70.035706 	
51.088158 	30.149628 	48.093658 	66.128662 	32.388271 	79.202271 	87.206650 	14.317822 	36.221542 	65.368187 	38.013157 	41.182522 	31.257000 	60.415230 	61.057350 	39.446167 	13.038404 	10.816654 	101.533249 	8.602325 	56.859474 	23.345236 	13.341664 	57.428215 	47.201694 	78.847954 	61.400326 	121.198181 	75.213028 	117.647781 	113.251930 	10.440307 	41.773197 	62.968246 	75.604233 	22.627417 	86.023254 	1.414214 	17.492855 	999.000000 	96.260063 	70.178345 	52.773098 	47.507893 	71.449280 	21.023796 	17.088007 	87.965904 	9.055386 	7.071068 	26.172504 	82.073135 	37.215588 	75.690155 	27.459061 	22.000000 	25.495098 	25.079872 	38.275318 	19.416489 	26.076809 	22.561028 	21.023796 	56.080299 	60.008331 	24.698177 	41.012192 	27.658634 	48.507732 	40.311287 	41.303753 	31.112698 	57.271286 	56.435802 	35.468296 	44.721359 	49.979996 	48.754486 	52.497620 	57.939625 	
130.430054 	75.927597 	128.003906 	36.235340 	68.622154 	23.086792 	16.031219 	89.872131 	123.166557 	31.827662 	58.898216 	55.443665 	119.519875 	146.492325 	35.468296 	57.008770 	86.556343 	92.849342 	13.601471 	93.723000 	39.408119 	113.899078 	84.023804 	38.832977 	49.091751 	164.805954 	34.985710 	29.000000 	21.095022 	25.000000 	20.000000 	104.637466 	55.072678 	152.305618 	21.023796 	74.094536 	10.295630 	96.020828 	112.445541 	96.260063 	999.000000 	27.513634 	144.958618 	140.801285 	27.658634 	78.714676 	82.764725 	12.165525 	92.282173 	101.548019 	122.200653 	19.026299 	64.257294 	27.000000 	123.709335 	85.615417 	121.490738 	120.950401 	68.680420 	90.470993 	82.280006 	117.477661 	113.648582 	58.077534 	55.000000 	108.461975 	79.246452 	106.625511 	72.339478 	85.328773 	85.158676 	106.254410 	67.007462 	72.006943 	105.773346 	100.129913 	96.332756 	100.603180 	95.131485 	100.004997 	
109.128365 	54.129475 	106.470650 	24.698177 	46.065170 	23.021729 	25.961510 	65.604881 	99.864906 	14.560220 	34.669872 	31.064449 	95.801880 	124.020157 	14.035668 	32.202484 	61.717098 	68.117546 	37.013512 	68.680420 	15.231546 	89.498604 	58.728188 	14.317822 	23.430750 	142.688477 	9.848858 	55.731499 	8.246211 	51.788029 	46.872166 	79.195961 	28.425341 	129.034882 	7.000000 	47.634022 	17.464249 	70.092796 	86.977005 	70.178345 	27.513634 	999.000000 	120.739388 	116.180893 	3.162278 	51.623638 	55.758408 	17.804493 	65.459915 	75.000000 	96.332756 	12.206555 	36.769554 	9.055386 	97.452553 	58.180752 	95.000000 	94.403389 	41.231056 	63.071388 	54.781384 	90.697296 	86.608315 	32.557640 	30.364452 	81.024689 	52.239830 	79.120163 	46.043457 	58.309521 	58.215118 	78.746429 	42.201897 	47.074409 	78.339005 	73.246162 	70.007141 	74.027023 	69.115845 	74.431175 	
27.294687 	69.656296 	27.018513 	110.887329 	76.419891 	124.963997 	133.416641 	55.226807 	22.825424 	113.145920 	86.371292 	89.938866 	25.612497 	16.278820 	109.622078 	88.617157 	59.033890 	52.630791 	147.756561 	52.201534 	106.216759 	31.240999 	62.201286 	106.962608 	97.308784 	29.154760 	111.287918 	166.817261 	124.523087 	163.670395 	159.790482 	42.544094 	93.005379 	12.165525 	125.319588 	74.625732 	135.074051 	52.354561 	35.341194 	52.773098 	144.958618 	120.739388 	999.000000 	6.000000 	122.441826 	73.790245 	69.778221 	138.191895 	60.539242 	50.921509 	29.427877 	132.909744 	89.944427 	127.200630 	32.015621 	73.054771 	36.013885 	37.013512 	90.873535 	68.963760 	77.491936 	42.047592 	48.093658 	108.747414 	112.729767 	60.074955 	91.482239 	65.069191 	99.929977 	89.050545 	90.027771 	69.028976 	109.110039 	107.563934 	74.006760 	87.091904 	94.260277 	91.049438 	97.329338 	101.044548 	
28.792360 	66.030296 	27.892651 	107.200745 	72.470680 	121.210564 	129.630249 	50.931328 	20.615528 	109.041275 	82.024384 	85.562843 	22.360680 	21.095022 	105.380264 	84.172440 	54.488529 	48.104053 	144.013885 	47.507893 	101.833199 	26.907248 	57.489128 	102.552429 	92.763138 	35.128338 	106.831642 	163.217651 	120.208153 	160.000000 	156.028839 	37.443291 	88.238312 	18.110771 	120.933868 	69.634758 	130.831955 	47.169907 	30.016663 	47.507893 	140.801285 	116.180893 	6.000000 	999.000000 	117.796432 	68.476273 	64.412735 	133.734818 	55.036350 	45.310043 	23.537205 	128.316010 	84.723076 	122.441826 	26.019224 	67.416618 	30.016663 	31.016125 	85.428329 	63.245552 	71.867935 	36.055511 	42.107006 	103.315056 	107.331261 	54.083271 	85.726311 	59.076221 	94.244362 	83.198555 	84.172440 	63.031738 	103.464973 	101.833199 	68.007355 	81.098709 	88.277969 	85.052925 	91.350975 	95.047356 	
