UB = 890
M = 120

Distance:
999.000000 	82.134033 	81.024689 	78.236816 	79.924965 	78.230431 	63.253460 	62.433964 	64.884514 	62.769421 	60.745369 	62.265560 	59.682495 	53.712196 	42.801868 	54.589375 	37.576588 	33.120991 	37.107952 	50.009998 	52.000000 	30.265491 	23.769728 	21.400934 	21.189621 	18.357559 	59.439045 	14.764823 	62.096699 	64.288414 	36.769554 	44.777225 	37.576588 	58.309521 	35.355339 	40.311287 	63.976559 	51.107731 	32.802441 	76.557167 	49.091751 	52.697250 	51.039200 	51.039200 	17.204651 	76.478752 	12.649111 	62.128899 	9.219544 	47.423622 	58.258045 	
82.134033 	999.000000 	17.804493 	18.357559 	23.021729 	21.954498 	19.209373 	28.071337 	24.331051 	29.017237 	28.284271 	30.016663 	30.265491 	39.458839 	39.623226 	53.009434 	49.658836 	50.447994 	52.354561 	60.207973 	61.073727 	59.682495 	60.307545 	60.827625 	63.126858 	64.350601 	68.066147 	67.882248 	77.162170 	78.313469 	74.094536 	75.690155 	75.960518 	83.006027 	78.000000 	83.432610 	82.054863 	82.764725 	82.764725 	86.469650 	84.403793 	85.702972 	86.122009 	90.934044 	87.464279 	90.271812 	89.050545 	95.047356 	89.805344 	95.126228 	93.380943 	
81.024689 	17.804493 	999.000000 	2.828427 	5.385165 	5.000000 	26.076809 	19.104973 	36.400551 	19.209373 	20.518284 	20.000000 	21.931713 	30.232433 	42.059483 	40.804413 	44.553337 	53.141319 	58.051701 	48.703182 	49.040798 	64.288414 	62.241467 	60.901562 	64.884514 	64.884514 	79.762146 	68.095520 	63.285069 	64.124878 	81.049370 	84.214012 	83.024094 	70.035706 	84.528099 	73.824112 	93.648277 	92.048897 	88.526833 	99.689522 	93.193344 	95.047356 	95.131485 	79.699432 	82.807007 	103.160072 	85.586212 	82.200974 	89.587944 	84.864601 	103.019417 	
78.236816 	18.357559 	2.828427 	999.000000 	5.000000 	3.605551 	24.331051 	16.278820 	35.114101 	16.401220 	17.691807 	17.204651 	19.104973 	27.459061 	39.560081 	38.327538 	41.725292 	50.596443 	55.731499 	46.173584 	46.572525 	61.846584 	59.615433 	58.180752 	62.241467 	62.177166 	78.089691 	65.368187 	61.131008 	62.032249 	78.771820 	82.097504 	80.752708 	67.742157 	82.200974 	71.175842 	91.923882 	90.005554 	86.122009 	98.234413 	91.087868 	93.005379 	93.048378 	77.201035 	79.981247 	101.636604 	82.758682 	79.906197 	86.821655 	82.280006 	101.000000 	
79.924965 	23.021729 	5.385165 	5.000000 	999.000000 	2.000000 	28.861740 	17.492855 	39.924931 	17.204651 	19.235384 	17.804493 	20.248457 	27.586229 	42.755116 	36.769554 	42.801868 	53.600372 	59.304298 	44.777225 	44.944408 	65.115280 	62.297672 	60.415230 	64.845970 	64.474800 	82.565125 	67.542580 	58.549126 	59.304298 	82.389320 	86.005814 	84.380089 	65.513359 	85.708809 	70.235321 	96.337944 	94.021271 	89.442719 	102.883430 	95.005264 	97.020615 	97.000000 	75.610847 	80.622574 	106.230881 	83.737686 	77.665955 	88.684837 	81.024689 	105.042847 	
78.230431 	21.954498 	5.000000 	3.605551 	2.000000 	999.000000 	26.925823 	15.811388 	38.078865 	15.620500 	17.492855 	16.278820 	18.601076 	26.248810 	40.792156 	36.055511 	41.231056 	51.662365 	57.314919 	44.011364 	44.271889 	63.150612 	60.406952 	58.600342 	62.968246 	62.649822 	80.603973 	65.741920 	58.309521 	59.135437 	80.399002 	84.005951 	82.389320 	65.115280 	83.725746 	69.318108 	94.366310 	92.021736 	87.475708 	100.960388 	93.005379 	95.021049 	95.000000 	74.946648 	79.195961 	104.292854 	82.219215 	77.278717 	86.954010 	80.230919 	103.043678 	
63.253460 	19.209373 	26.076809 	24.331051 	28.861740 	26.925823 	999.000000 	20.615528 	12.041595 	22.022715 	19.416489 	22.803509 	21.095022 	28.460499 	20.518284 	43.324360 	33.541019 	31.240999 	33.615471 	49.030602 	50.447994 	40.706264 	41.109608 	41.868843 	43.931767 	45.276924 	53.758720 	48.836460 	68.007355 	69.570107 	56.044624 	58.549126 	57.974133 	72.367119 	59.774578 	69.180923 	67.601776 	66.189125 	64.257294 	74.040527 	67.475922 	69.180923 	69.354164 	78.025635 	69.778221 	77.369247 	70.830788 	83.862984 	70.724815 	81.154175 	77.103828 	
62.433964 	28.071337 	19.104973 	16.278820 	17.492855 	15.811388 	20.615528 	999.000000 	32.557640 	1.414214 	2.000000 	2.236068 	2.828427 	11.704700 	27.018513 	25.019993 	25.495098 	37.215588 	44.102154 	32.140316 	33.015148 	49.091751 	45.354160 	43.081318 	47.801674 	47.169907 	70.576202 	50.159744 	49.497475 	50.803543 	67.007462 	71.449280 	69.007248 	55.009090 	70.028564 	55.973209 	83.815269 	79.762146 	73.334846 	91.787796 	80.399002 	82.734512 	82.492424 	62.968246 	63.702435 	94.704803 	66.528191 	67.007462 	71.196907 	67.446274 	90.796478 	
64.884514 	24.331051 	36.400551 	35.114101 	39.924931 	38.078865 	12.041595 	32.557640 	999.000000 	33.970577 	31.240999 	34.713108 	32.802441 	39.357338 	23.537205 	54.129475 	41.109608 	31.764761 	30.413813 	59.135437 	60.745369 	38.183765 	41.340054 	43.863426 	44.102154 	46.529560 	44.011364 	50.119858 	78.549347 	80.230919 	50.537113 	51.546097 	52.325901 	82.280006 	54.589375 	77.103828 	58.008621 	58.463665 	59.682495 	63.348244 	60.166435 	61.392181 	61.846584 	86.700638 	74.040527 	66.910385 	74.094536 	93.391647 	71.281136 	89.089844 	69.050705 	
62.769421 	29.017237 	19.209373 	16.401220 	17.204651 	15.620500 	22.022715 	1.414214 	33.970577 	999.000000 	3.162278 	1.000000 	3.162278 	11.180340 	28.071337 	24.000000 	25.612497 	38.118237 	45.177429 	31.257000 	32.062439 	50.039986 	46.097721 	43.657761 	48.507732 	47.759815 	71.867935 	50.695168 	48.373547 	49.648766 	68.029404 	72.560318 	70.028564 	54.000000 	71.007042 	55.362442 	85.070557 	80.894997 	74.242844 	93.107468 	81.498466 	83.862984 	83.600243 	62.169125 	63.655323 	96.005211 	66.603302 	66.030296 	71.589104 	66.760765 	91.923882 	
60.745369 	28.284271 	20.518284 	17.691807 	19.235384 	17.492855 	19.416489 	2.000000 	31.240999 	3.162278 	999.000000 	3.605551 	2.000000 	11.180340 	25.019993 	25.179358 	24.041630 	35.227829 	42.107006 	32.015621 	33.015148 	47.095646 	43.416588 	41.231056 	45.880280 	45.310043 	68.709534 	48.332184 	49.819675 	51.195702 	65.007690 	69.462219 	67.007462 	55.081757 	68.029404 	55.362442 	81.908485 	77.781746 	71.344238 	89.961105 	78.409180 	80.752708 	80.504662 	62.649822 	62.369865 	92.849342 	65.069191 	67.007462 	69.462219 	66.940269 	88.814415 	
62.265560 	30.016663 	20.000000 	17.204651 	17.804493 	16.278820 	22.803509 	2.236068 	34.713108 	1.000000 	3.605551 	999.000000 	3.000000 	10.295630 	28.160255 	23.000000 	25.000000 	38.052597 	45.276924 	30.265491 	31.064449 	50.009998 	45.891174 	43.324360 	48.270073 	47.434166 	72.235725 	50.328918 	47.381432 	48.662102 	68.066147 	72.691124 	70.064255 	53.000000 	71.000000 	54.424259 	85.381500 	81.049370 	74.168724 	93.520050 	81.614952 	84.011902 	83.725746 	61.188232 	62.936478 	96.384644 	65.946945 	65.030762 	71.119621 	65.802734 	92.070625 	
59.682495 	30.265491 	21.931713 	19.104973 	20.248457 	18.601076 	21.095022 	2.828427 	32.802441 	3.162278 	2.000000 	3.000000 	999.000000 	9.219544 	25.179358 	23.194826 	22.671568 	35.057095 	42.296574 	30.016663 	31.016125 	47.010635 	42.953465 	40.496914 	45.354160 	44.598206 	69.462219 	47.539455 	47.853943 	49.244289 	65.069191 	69.720871 	67.067131 	53.084839 	68.000000 	53.450912 	82.540901 	78.089691 	71.175842 	90.801979 	78.638412 	81.049370 	80.752708 	60.671246 	60.876926 	93.621582 	63.702435 	65.007690 	68.476273 	65.000000 	89.106674 	
53.712196 	39.458839 	30.232433 	27.459061 	27.586229 	26.248810 	28.460499 	11.704700 	39.357338 	11.180340 	11.180340 	10.295630 	9.219544 	999.000000 	25.942244 	14.866069 	16.155495 	33.734257 	42.379242 	21.023796 	22.203604 	45.705578 	40.000000 	36.345562 	42.047592 	40.447498 	71.693794 	42.953465 	39.560081 	41.109608 	64.132675 	69.641945 	66.098412 	44.283180 	66.610809 	44.271889 	84.095184 	78.160095 	69.115845 	93.295227 	78.339005 	81.043198 	80.523285 	51.478149 	53.075417 	95.770561 	56.400356 	56.080299 	62.769421 	55.785301 	89.022469 	
42.801868 	39.623226 	42.059483 	39.560081 	42.755116 	40.792156 	20.518284 	27.018513 	23.537205 	28.071337 	25.019993 	28.160255 	25.179358 	25.942244 	999.000000 	38.209946 	19.697716 	11.180340 	17.117243 	40.804413 	42.801868 	22.360680 	20.808653 	21.400934 	23.600847 	24.758837 	45.793011 	28.319605 	60.464867 	62.425957 	40.000000 	44.553337 	42.000000 	62.609905 	43.104523 	54.744862 	58.180752 	52.952808 	46.690472 	67.416618 	53.460266 	55.901699 	55.578773 	65.000000 	50.596443 	69.835518 	50.990196 	72.801102 	50.209560 	66.610809 	63.953106 	
54.589375 	53.009434 	40.804413 	38.327538 	36.769554 	36.055511 	43.324360 	25.019993 	54.129475 	24.000000 	25.179358 	23.000000 	23.194826 	14.866069 	38.209946 	999.000000 	21.540659 	43.416588 	53.000000 	8.062258 	8.246211 	54.625999 	47.127487 	41.976185 	48.507732 	45.705578 	83.600243 	47.265209 	24.738634 	26.248810 	72.801102 	79.202271 	74.672615 	30.000000 	74.632431 	33.837849 	95.189285 	87.726852 	76.157730 	105.209312 	87.464279 	90.470993 	89.693924 	38.897301 	49.193497 	107.335922 	53.851646 	42.047592 	63.788715 	44.283180 	98.234413 	
37.576588 	49.658836 	44.553337 	41.725292 	42.801868 	41.231056 	33.541019 	25.495098 	41.109608 	25.612497 	24.041630 	25.000000 	22.671568 	16.155495 	19.697716 	21.540659 	999.000000 	22.203604 	32.015621 	21.931713 	24.083189 	33.105892 	25.709921 	21.023796 	27.294687 	25.000000 	63.031738 	27.166155 	41.231056 	43.278172 	51.264023 	57.697487 	53.141319 	42.941822 	53.160137 	36.013885 	74.060783 	66.211784 	54.918121 	84.504440 	65.924202 	68.942001 	68.154236 	45.705578 	38.418747 	86.400230 	41.036568 	53.141319 	46.615448 	48.010414 	76.694199 	
33.120991 	50.447994 	53.141319 	50.596443 	53.600372 	51.662365 	31.240999 	37.215588 	31.764761 	38.118237 	35.227829 	38.052597 	35.057095 	33.734257 	11.180340 	43.416588 	22.203604 	999.000000 	9.899495 	44.045429 	46.227695 	12.041595 	9.899495 	12.369317 	12.727922 	14.764823 	41.012192 	18.357559 	62.936478 	65.053825 	30.413813 	36.055511 	32.388271 	63.600315 	33.060551 	52.554733 	51.865211 	44.598206 	36.124783 	62.369865 	44.643028 	47.434166 	46.840153 	63.560993 	43.416588 	64.202805 	42.720020 	72.560318 	39.824615 	63.890530 	55.362442 	
37.107952 	52.354561 	58.051701 	55.731499 	59.304298 	57.314919 	33.615471 	44.102154 	30.413813 	45.177429 	42.107006 	45.276924 	42.296574 	42.379242 	17.117243 	53.000000 	32.015621 	9.899495 	999.000000 	53.907330 	56.080299 	7.810250 	14.000000 	19.416489 	16.124516 	20.000000 	31.112698 	23.086792 	72.835434 	74.953316 	23.086792 	27.459061 	25.079872 	73.409805 	26.476404 	61.741398 	42.190044 	35.902645 	30.675724 	52.497620 	36.345562 	38.832977 	38.470768 	72.897186 	50.009998 	54.405884 	48.259712 	82.152298 	42.047592 	72.801102 	46.872166 	
50.009998 	60.207973 	48.703182 	46.173584 	44.777225 	44.011364 	49.030602 	32.140316 	59.135437 	31.257000 	32.015621 	30.265491 	30.016663 	21.023796 	40.804413 	8.062258 	21.931713 	44.045429 	53.907330 	999.000000 	2.236068 	54.378304 	46.065170 	40.311287 	47.010635 	43.657761 	84.958817 	44.643028 	19.723083 	21.633308 	72.006943 	78.892334 	73.790245 	23.345236 	73.409805 	25.806976 	95.801880 	87.321243 	74.330345 	106.404884 	86.769814 	89.944427 	89.005615 	31.048349 	42.720020 	108.231232 	47.801674 	35.057095 	59.076221 	36.249138 	97.493591 	
52.000000 	61.073727 	49.040798 	46.572525 	44.944408 	44.271889 	50.447994 	33.015148 	60.745369 	32.062439 	33.015148 	31.064449 	31.016125 	22.203604 	42.801868 	8.246211 	24.083189 	46.227695 	56.080299 	2.236068 	999.000000 	56.603886 	48.301140 	42.544094 	49.244289 	45.880280 	87.114868 	46.840153 	17.888544 	19.723083 	74.242844 	81.123360 	76.026314 	22.090721 	75.643906 	26.248810 	98.005104 	89.554451 	76.550636 	108.577164 	89.005615 	92.179176 	91.241440 	30.675724 	44.271889 	110.421921 	49.477268 	34.000000 	61.032780 	36.235340 	99.729637 	
30.265491 	59.682495 	64.288414 	61.846584 	65.115280 	63.150612 	40.706264 	49.091751 	38.183765 	50.039986 	47.095646 	50.009998 	47.010635 	45.705578 	22.360680 	54.625999 	33.105892 	12.041595 	7.810250 	54.378304 	56.603886 	999.000000 	9.433981 	15.811388 	10.440307 	14.866069 	32.756680 	17.262676 	72.470680 	74.652527 	18.439089 	24.596748 	20.396078 	72.138756 	21.023796 	58.830265 	41.773197 	33.105892 	24.331051 	53.150730 	32.893768 	35.846897 	35.114101 	70.178345 	44.407207 	54.451813 	42.000000 	80.000000 	34.539833 	69.318108 	43.657761 	
23.769728 	60.307545 	62.241467 	59.615433 	62.297672 	60.406952 	41.109608 	45.354160 	41.340054 	46.097721 	43.416588 	45.891174 	42.953465 	40.000000 	20.808653 	47.127487 	25.709921 	9.899495 	14.000000 	46.065170 	48.301140 	9.433981 	999.000000 	6.403124 	2.828427 	6.000000 	42.190044 	9.219544 	63.600315 	65.802734 	25.942244 	33.015148 	27.730848 	62.936478 	27.513634 	49.396355 	50.911690 	41.340054 	29.274563 	62.481998 	40.706264 	43.908997 	42.941822 	60.745369 	36.013885 	63.655323 	34.365681 	70.604530 	30.000000 	59.933296 	51.429562 	
21.400934 	60.827625 	60.901562 	58.180752 	60.415230 	58.600342 	41.868843 	43.081318 	43.863426 	43.657761 	41.231056 	43.324360 	40.496914 	36.345562 	21.400934 	41.976185 	21.023796 	12.369317 	19.416489 	40.311287 	42.544094 	15.811388 	6.403124 	999.000000 	6.708204 	4.123106 	48.548943 	7.211102 	57.428215 	59.640591 	31.906113 	39.204590 	33.615471 	56.586216 	33.105892 	43.046486 	57.280014 	47.434166 	34.205261 	68.883957 	46.647614 	49.929951 	48.877399 	54.378304 	31.144823 	70.035706 	30.364452 	64.202805 	29.068884 	53.712196 	57.306194 	
21.189621 	63.126858 	64.884514 	62.241467 	64.845970 	62.968246 	43.931767 	47.801674 	44.102154 	48.507732 	45.880280 	48.270073 	45.354160 	42.047592 	23.600847 	48.507732 	27.294687 	12.727922 	16.124516 	47.010635 	49.244289 	10.440307 	2.828427 	6.708204 	999.000000 	4.472136 	42.941822 	7.000000 	64.070274 	66.287254 	25.238859 	32.649654 	26.925823 	63.031738 	26.400757 	48.826221 	50.990196 	40.804413 	27.658634 	62.801273 	39.962482 	43.266617 	42.190044 	60.216278 	34.132095 	63.780876 	32.140316 	70.292244 	27.202942 	59.059292 	50.606323 	
18.357559 	64.350601 	64.884514 	62.177166 	64.474800 	62.649822 	45.276924 	47.169907 	46.529560 	47.759815 	45.310043 	47.434166 	44.598206 	40.447498 	24.758837 	45.705578 	25.000000 	14.764823 	20.000000 	43.657761 	45.880280 	14.866069 	6.000000 	4.123106 	4.472136 	999.000000 	47.413078 	3.605551 	60.207973 	62.433964 	29.206163 	36.796738 	30.805843 	58.898216 	30.016663 	44.407207 	55.317268 	44.821869 	30.675724 	67.201187 	43.829212 	47.201694 	46.043457 	55.803226 	30.016663 	68.117546 	28.442924 	65.946945 	25.455845 	54.589375 	54.378304 	
59.439045 	68.066147 	79.762146 	78.089691 	82.565125 	80.603973 	53.758720 	70.576202 	44.011364 	71.867935 	68.709534 	72.235725 	69.462219 	71.693794 	45.793011 	83.600243 	63.031738 	41.012192 	31.112698 	84.958817 	87.114868 	32.756680 	42.190044 	48.548943 	42.941822 	47.413078 	999.000000 	49.244289 	103.947105 	106.066017 	24.020824 	17.720045 	24.186773 	104.350372 	27.294687 	91.586021 	14.000000 	19.104973 	32.756680 	21.633308 	22.022715 	21.260292 	22.627417 	102.927162 	75.584389 	24.166092 	72.034714 	112.645462 	60.133186 	102.000000 	27.294687 	
14.764823 	67.882248 	68.095520 	65.368187 	67.542580 	65.741920 	48.836460 	50.159744 	50.119858 	50.695168 	48.332184 	50.328918 	47.539455 	42.953465 	28.319605 	47.265209 	27.166155 	18.357559 	23.086792 	44.643028 	46.840153 	17.262676 	9.219544 	7.211102 	7.000000 	3.605551 	49.244289 	999.000000 	60.415230 	62.649822 	29.698484 	37.536648 	31.144823 	58.600342 	30.000000 	43.278172 	56.400356 	45.276924 	29.966648 	68.505478 	44.045429 	47.507893 	46.227695 	54.671749 	27.166155 	69.202599 	25.179358 	65.069191 	21.931713 	53.000000 	54.405884 	
62.096699 	77.162170 	63.285069 	61.131008 	58.549126 	58.309521 	68.007355 	49.497475 	78.549347 	48.373547 	49.819675 	47.381432 	47.853943 	39.560081 	60.464867 	24.738634 	41.231056 	62.936478 	72.835434 	19.723083 	17.888544 	72.470680 	63.600315 	57.428215 	64.070274 	60.207973 	103.947105 	60.415230 	999.000000 	2.236068 	89.308456 	96.607452 	90.972527 	8.485281 	90.210861 	25.317978 	114.214706 	104.861816 	90.354858 	125.207825 	104.009613 	107.335922 	106.230881 	22.203604 	50.039986 	126.810883 	56.142673 	19.697716 	70.405968 	29.681644 	114.586212 	
64.288414 	78.313469 	64.124878 	62.032249 	59.304298 	59.135437 	69.570107 	50.803543 	80.230919 	49.648766 	51.195702 	48.662102 	49.244289 	41.109608 	62.425957 	26.248810 	43.278172 	65.053825 	74.953316 	21.633308 	19.723083 	74.652527 	65.802734 	59.640591 	66.287254 	62.433964 	106.066017 	62.649822 	2.236068 	999.000000 	91.525955 	98.812958 	93.193344 	9.433981 	92.439171 	27.166155 	116.387283 	107.074738 	92.590500 	127.349915 	106.230881 	109.553642 	108.452751 	23.323807 	52.086468 	128.972870 	58.215118 	19.723083 	72.567207 	30.886890 	116.811813 	
36.769554 	74.094536 	81.049370 	78.771820 	82.389320 	80.399002 	56.044624 	67.007462 	50.537113 	68.029404 	65.007690 	68.066147 	65.069191 	64.132675 	40.000000 	72.801102 	51.264023 	30.413813 	23.086792 	72.006943 	74.242844 	18.439089 	25.942244 	31.906113 	25.238859 	29.206163 	24.020824 	29.698484 	89.308456 	91.525955 	999.000000 	8.062258 	2.000000 	88.090858 	4.242640 	72.917763 	27.294687 	15.620500 	10.000000 	39.812057 	14.764823 	18.027756 	17.000000 	84.291161 	53.665630 	39.962482 	49.396355 	94.762863 	36.345562 	82.200974 	25.495098 	
44.777225 	75.690155 	84.214012 	82.097504 	86.005814 	84.005951 	58.549126 	71.449280 	51.546097 	72.560318 	69.462219 	72.691124 	69.720871 	69.641945 	44.553337 	79.202271 	57.697487 	36.055511 	27.459061 	78.892334 	81.123360 	24.596748 	33.015148 	39.204590 	32.649654 	36.796738 	17.720045 	37.536648 	96.607452 	98.812958 	8.062258 	999.000000 	7.280110 	95.671310 	10.049875 	80.808418 	19.235384 	8.544003 	15.132746 	31.780497 	9.000000 	11.401754 	11.045361 	92.195442 	61.717098 	31.906113 	57.384666 	102.591423 	43.931767 	90.210861 	19.416489 	
37.576588 	75.960518 	83.024094 	80.752708 	84.380089 	82.389320 	57.974133 	69.007248 	52.325901 	70.028564 	67.007462 	70.064255 	67.067131 	66.098412 	42.000000 	74.672615 	53.141319 	32.388271 	25.079872 	73.790245 	76.026314 	20.396078 	27.730848 	33.615471 	26.925823 	30.805843 	24.186773 	31.144823 	90.972527 	93.193344 	2.000000 	7.280110 	999.000000 	89.643738 	3.162278 	74.276512 	26.400757 	14.142136 	8.944272 	39.000000 	13.038404 	16.401220 	15.264338 	85.632935 	54.589375 	38.948685 	50.159744 	96.166519 	36.674240 	83.408630 	23.706539 	
58.309521 	83.006027 	70.035706 	67.742157 	65.513359 	65.115280 	72.367119 	55.009090 	82.280006 	54.000000 	55.081757 	53.000000 	53.084839 	44.283180 	62.609905 	30.000000 	42.941822 	63.600315 	73.409805 	23.345236 	22.090721 	72.138756 	62.936478 	56.586216 	63.031738 	58.898216 	104.350372 	58.600342 	8.485281 	9.433981 	88.090858 	95.671310 	89.643738 	999.000000 	88.600227 	19.104973 	113.846390 	103.711136 	88.204308 	125.255737 	102.615791 	106.042442 	104.809349 	13.892444 	44.721359 	126.574089 	50.990196 	12.165525 	66.098412 	21.470911 	113.004425 	
35.355339 	78.000000 	84.528099 	82.200974 	85.708809 	83.725746 	59.774578 	70.028564 	54.589375 	71.007042 	68.029404 	71.000000 	68.000000 	66.610809 	43.104523 	74.632431 	53.160137 	33.060551 	26.476404 	73.409805 	75.643906 	21.023796 	27.513634 	33.105892 	26.400757 	30.016663 	27.294687 	30.000000 	90.210861 	92.439171 	4.242640 	10.049875 	3.162278 	88.600227 	999.000000 	72.835434 	28.792360 	15.811388 	5.830952 	41.436699 	14.142136 	17.691807 	16.278820 	84.148682 	52.478565 	41.146080 	47.853943 	94.794518 	33.955853 	81.688431 	24.413111 	
40.311287 	83.432610 	73.824112 	71.175842 	70.235321 	69.318108 	69.180923 	55.973209 	77.103828 	55.362442 	55.362442 	54.424259 	53.450912 	44.271889 	54.744862 	33.837849 	36.013885 	52.554733 	61.741398 	25.806976 	26.248810 	58.830265 	49.396355 	43.046486 	48.826221 	44.407207 	91.586021 	43.278172 	25.317978 	27.166155 	72.917763 	80.808418 	74.276512 	19.104973 	72.835434 	999.000000 	99.639351 	88.413803 	71.700768 	111.606453 	86.977005 	90.509666 	89.106674 	11.401754 	25.709921 	112.445541 	32.015621 	22.022715 	47.539455 	12.000000 	97.000000 	
63.976559 	82.054863 	93.648277 	91.923882 	96.337944 	94.366310 	67.601776 	83.815269 	58.008621 	85.070557 	81.908485 	85.381500 	82.540901 	84.095184 	58.180752 	95.189285 	74.060783 	51.865211 	42.190044 	95.801880 	98.005104 	41.773197 	50.911690 	57.280014 	50.990196 	55.317268 	14.000000 	56.400356 	114.214706 	116.387283 	27.294687 	19.235384 	26.400757 	113.846390 	28.792360 	99.639351 	999.000000 	14.035668 	32.756680 	12.649111 	17.000000 	14.142136 	16.124516 	111.040535 	80.950600 	12.806249 	76.557167 	121.264175 	62.641838 	109.288612 	16.401220 	
51.107731 	82.764725 	92.048897 	90.005554 	94.021271 	92.021736 	66.189125 	79.762146 	58.463665 	80.894997 	77.781746 	81.049370 	78.089691 	78.160095 	52.952808 	87.726852 	66.211784 	44.598206 	35.902645 	87.321243 	89.554451 	33.105892 	41.340054 	47.434166 	40.804413 	44.821869 	19.104973 	45.276924 	104.861816 	107.074738 	15.620500 	8.544003 	14.142136 	103.711136 	15.811388 	88.413803 	14.035668 	999.000000 	18.973665 	26.476404 	3.162278 	3.000000 	3.605551 	99.764725 	68.264191 	25.632011 	63.529522 	110.308655 	49.040798 	97.452553 	11.045361 	
32.802441 	82.764725 	88.526833 	86.122009 	89.442719 	87.475708 	64.257294 	73.334846 	59.682495 	74.242844 	71.344238 	74.168724 	71.175842 	69.115845 	46.690472 	76.157730 	54.918121 	36.124783 	30.675724 	74.330345 	76.550636 	24.331051 	29.274563 	34.205261 	27.658634 	30.675724 	32.756680 	29.966648 	90.354858 	92.590500 	10.000000 	15.132746 	8.944272 	88.204308 	5.830952 	71.700768 	32.756680 	18.973665 	999.000000 	45.354160 	16.552946 	20.124611 	18.357559 	82.879433 	50.000000 	44.598206 	44.944408 	93.723000 	30.083218 	79.931221 	25.495098 	
76.557167 	86.469650 	99.689522 	98.234413 	102.883430 	100.960388 	74.040527 	91.787796 	63.348244 	93.107468 	89.961105 	93.520050 	90.801979 	93.295227 	67.416618 	105.209312 	84.504440 	62.369865 	52.497620 	106.404884 	108.577164 	53.150730 	62.481998 	68.883957 	62.801273 	67.201187 	21.633308 	68.505478 	125.207825 	127.349915 	39.812057 	31.780497 	39.000000 	125.255737 	41.436699 	111.606453 	12.649111 	26.476404 	45.354160 	999.000000 	29.274563 	26.076809 	28.071337 	123.004066 	93.471924 	4.472136 	89.157166 	133.060135 	75.286118 	121.490738 	25.709921 	
49.091751 	84.403793 	93.193344 	91.087868 	95.005264 	93.005379 	67.475922 	80.399002 	60.166435 	81.498466 	78.409180 	81.614952 	78.638412 	78.339005 	53.460266 	87.464279 	65.924202 	44.643028 	36.345562 	86.769814 	89.005615 	32.893768 	40.706264 	46.647614 	39.962482 	43.829212 	22.022715 	44.045429 	104.009613 	106.230881 	14.764823 	9.000000 	13.038404 	102.615791 	14.142136 	86.977005 	17.000000 	3.162278 	16.552946 	29.274563 	999.000000 	3.605551 	2.236068 	98.290382 	66.287254 	28.160255 	61.400326 	108.931168 	46.615448 	95.775780 	10.770329 	
52.697250 	85.702972 	95.047356 	93.005379 	97.020615 	95.021049 	69.180923 	82.734512 	61.392181 	83.862984 	80.752708 	84.011902 	81.049370 	81.043198 	55.901699 	90.470993 	68.942001 	47.434166 	38.832977 	89.944427 	92.179176 	35.846897 	43.908997 	49.929951 	43.266617 	47.201694 	21.260292 	47.507893 	107.335922 	109.553642 	18.027756 	11.401754 	16.401220 	106.042442 	17.691807 	90.509666 	14.142136 	3.000000 	20.124611 	26.076809 	3.605551 	999.000000 	2.000000 	101.833199 	69.892776 	24.738634 	65.000000 	112.449989 	50.159744 	99.357941 	8.062258 	
51.039200 	86.122009 	95.131485 	93.048378 	97.000000 	95.000000 	69.354164 	82.492424 	61.846584 	83.600243 	80.504662 	83.725746 	80.752708 	80.523285 	55.578773 	89.693924 	68.154236 	46.840153 	38.470768 	89.005615 	91.241440 	35.114101 	42.941822 	48.877399 	42.190044 	46.043457 	22.627417 	46.227695 	106.230881 	108.452751 	17.000000 	11.045361 	15.264338 	104.809349 	16.278820 	89.106674 	16.124516 	3.605551 	18.357559 	28.071337 	2.236068 	2.000000 	999.000000 	100.409164 	68.242218 	26.683329 	63.285069 	111.072052 	48.332184 	97.836601 	8.544003 	
51.039200 	90.934044 	79.699432 	77.201035 	75.610847 	74.946648 	78.025635 	62.968246 	86.700638 	62.169125 	62.649822 	61.188232 	60.671246 	51.478149 	65.000000 	38.897301 	45.705578 	63.560993 	72.897186 	31.048349 	30.675724 	70.178345 	60.745369 	54.378304 	60.216278 	55.803226 	102.927162 	54.671749 	22.203604 	23.323807 	84.291161 	92.195442 	85.632935 	13.892444 	84.148682 	11.401754 	111.040535 	99.764725 	82.879433 	123.004066 	98.290382 	101.833199 	100.409164 	999.000000 	35.341194 	123.846680 	41.629318 	11.180340 	57.706154 	7.615773 	108.245094 	
17.204651 	87.464279 	82.807007 	79.981247 	80.622574 	79.195961 	69.778221 	63.702435 	74.040527 	63.655323 	62.369865 	62.936478 	60.876926 	53.075417 	50.596443 	49.193497 	38.418747 	43.416588 	50.009998 	42.720020 	44.271889 	44.407207 	36.013885 	31.144823 	34.132095 	30.016663 	75.584389 	27.166155 	50.039986 	52.086468 	53.665630 	61.717098 	54.589375 	44.721359 	52.478565 	25.709921 	80.950600 	68.264191 	50.000000 	93.471924 	66.287254 	69.892776 	68.242218 	35.341194 	999.000000 	93.536087 	6.324555 	46.518814 	22.472204 	30.805843 	75.432091 	
76.478752 	90.271812 	103.160072 	101.636604 	106.230881 	104.292854 	77.369247 	94.704803 	66.910385 	96.005211 	92.849342 	96.384644 	93.621582 	95.770561 	69.835518 	107.335922 	86.400230 	64.202805 	54.405884 	108.231232 	110.421921 	54.451813 	63.655323 	70.035706 	63.780876 	68.117546 	24.166092 	69.202599 	126.810883 	128.972870 	39.962482 	31.906113 	38.948685 	126.574089 	41.146080 	112.445541 	12.806249 	25.632011 	44.598206 	4.472136 	28.160255 	24.738634 	26.683329 	123.846680 	93.536087 	999.000000 	89.000000 	134.063416 	74.672615 	122.065559 	23.086792 	
12.649111 	89.050545 	85.586212 	82.758682 	83.737686 	82.219215 	70.830788 	66.528191 	74.094536 	66.603302 	65.069191 	65.946945 	63.702435 	56.400356 	50.990196 	53.851646 	41.036568 	42.720020 	48.259712 	47.801674 	49.477268 	42.000000 	34.365681 	30.364452 	32.140316 	28.442924 	72.034714 	25.179358 	56.142673 	58.215118 	49.396355 	57.384666 	50.159744 	50.990196 	47.853943 	32.015621 	76.557167 	63.529522 	44.944408 	89.157166 	61.400326 	65.000000 	63.285069 	41.629318 	6.324555 	89.000000 	999.000000 	52.801514 	16.401220 	36.891735 	70.213959 	
62.128899 	95.047356 	82.200974 	79.906197 	77.665955 	77.278717 	83.862984 	67.007462 	93.391647 	66.030296 	67.007462 	65.030762 	65.007690 	56.080299 	72.801102 	42.047592 	53.141319 	72.560318 	82.152298 	35.057095 	34.000000 	80.000000 	70.604530 	64.202805 	70.292244 	65.946945 	112.645462 	65.069191 	19.697716 	19.723083 	94.762863 	102.591423 	96.166519 	12.165525 	94.794518 	22.022715 	121.264175 	110.308655 	93.723000 	133.060135 	108.931168 	112.449989 	111.072052 	11.180340 	46.518814 	134.063416 	52.801514 	999.000000 	68.883957 	17.117243 	119.004204 	
9.219544 	89.805344 	89.587944 	86.821655 	88.684837 	86.954010 	70.724815 	71.196907 	71.281136 	71.589104 	69.462219 	71.119621 	68.476273 	62.769421 	50.209560 	63.788715 	46.615448 	39.824615 	42.047592 	59.076221 	61.032780 	34.539833 	30.000000 	29.068884 	27.202942 	25.455845 	60.133186 	21.931713 	70.405968 	72.567207 	36.345562 	43.931767 	36.674240 	66.098412 	33.955853 	47.539455 	62.641838 	49.040798 	30.083218 	75.286118 	46.615448 	50.159744 	48.332184 	57.706154 	22.472204 	74.672615 	16.401220 	68.883957 	999.000000 	53.254108 	54.708317 	
47.423622 	95.126228 	84.864601 	82.280006 	81.024689 	80.230919 	81.154175 	67.446274 	89.089844 	66.760765 	66.940269 	65.802734 	65.000000 	55.785301 	66.610809 	44.283180 	48.010414 	63.890530 	72.801102 	36.249138 	36.235340 	69.318108 	59.933296 	53.712196 	59.059292 	54.589375 	102.000000 	53.000000 	29.681644 	30.886890 	82.200974 	90.210861 	83.408630 	21.470911 	81.688431 	12.000000 	109.288612 	97.452553 	79.931221 	121.490738 	95.775780 	99.357941 	97.836601 	7.615773 	30.805843 	122.065559 	36.891735 	17.117243 	53.254108 	999.000000 	105.418213 	
58.258045 	93.380943 	103.019417 	101.000000 	105.042847 	103.043678 	77.103828 	90.796478 	69.050705 	91.923882 	88.814415 	92.070625 	89.106674 	89.022469 	63.953106 	98.234413 	76.694199 	55.362442 	46.872166 	97.493591 	99.729637 	43.657761 	51.429562 	57.306194 	50.606323 	54.378304 	27.294687 	54.405884 	114.586212 	116.811813 	25.495098 	19.416489 	23.706539 	113.004425 	24.413111 	97.000000 	16.401220 	11.045361 	25.495098 	25.709921 	10.770329 	8.062258 	8.544003 	108.245094 	75.432091 	23.086792 	70.213959 	119.004204 	54.708317 	105.418213 	999.000000 	

Travel time:
0.000000 	2.053351 	2.025617 	1.955920 	1.998124 	1.955761 	1.581336 	1.560849 	1.622113 	1.569236 	1.518634 	1.556639 	1.492062 	1.342805 	1.070047 	1.364734 	0.939415 	0.828025 	0.927699 	1.250250 	1.300000 	0.756637 	0.594243 	0.535023 	0.529741 	0.458939 	1.485976 	0.369121 	1.552418 	1.607210 	0.919239 	1.119431 	0.939415 	1.457738 	0.883883 	1.007782 	1.599414 	1.277693 	0.820061 	1.913929 	1.227294 	1.317431 	1.275980 	1.275980 	0.430116 	1.911969 	0.316228 	1.553222 	0.230489 	1.185591 	1.456451 	
0.000000 	9.000000 	0.445112 	0.458939 	0.575543 	0.548862 	0.480234 	0.701783 	0.608276 	0.725431 	0.707107 	0.750417 	0.756637 	0.986471 	0.990581 	1.325236 	1.241471 	1.261200 	1.308864 	1.505199 	1.526843 	1.492062 	1.507689 	1.520691 	1.578171 	1.608765 	1.701654 	1.697056 	1.929054 	1.957837 	1.852363 	1.892254 	1.899013 	2.075151 	1.950000 	2.085815 	2.051372 	2.069118 	2.069118 	2.161741 	2.110095 	2.142574 	2.153050 	2.273351 	2.186607 	2.256795 	2.226264 	2.376184 	2.245134 	2.378156 	2.334524 	
0.000000 	0.445112 	9.000000 	0.070711 	0.134629 	0.125000 	0.651920 	0.477624 	0.910014 	0.480234 	0.512957 	0.500000 	0.548293 	0.755811 	1.051487 	1.020110 	1.113833 	1.328533 	1.451293 	1.217580 	1.226020 	1.607210 	1.556037 	1.522539 	1.622113 	1.622113 	1.994054 	1.702388 	1.582127 	1.603122 	2.026234 	2.105350 	2.075602 	1.750893 	2.113203 	1.845603 	2.341207 	2.301222 	2.213171 	2.492238 	2.329834 	2.376184 	2.378287 	1.992486 	2.070175 	2.579002 	2.139655 	2.055024 	2.239699 	2.121615 	2.575485 	
0.000000 	0.458939 	0.070711 	9.000000 	0.125000 	0.090139 	0.608276 	0.406971 	0.877853 	0.410031 	0.442295 	0.430116 	0.477624 	0.686477 	0.989002 	0.958188 	1.043132 	1.264911 	1.393287 	1.154340 	1.164313 	1.546165 	1.490386 	1.454519 	1.556037 	1.554429 	1.952242 	1.634205 	1.528275 	1.550806 	1.969296 	2.052438 	2.018818 	1.693554 	2.055024 	1.779396 	2.298097 	2.250139 	2.153050 	2.455860 	2.277197 	2.325135 	2.326210 	1.930026 	1.999531 	2.540915 	2.068967 	1.997655 	2.170541 	2.057000 	2.525000 	
0.000000 	0.575543 	0.134629 	0.125000 	9.000000 	0.050000 	0.721543 	0.437321 	0.998123 	0.430116 	0.480885 	0.445112 	0.506211 	0.689656 	1.068878 	0.919239 	1.070047 	1.340009 	1.482607 	1.119431 	1.123610 	1.627882 	1.557442 	1.510381 	1.621149 	1.611870 	2.064128 	1.688565 	1.463728 	1.482607 	2.059733 	2.150145 	2.109502 	1.637834 	2.142720 	1.755883 	2.408449 	2.350532 	2.236068 	2.572086 	2.375132 	2.425515 	2.425000 	1.890271 	2.015564 	2.655772 	2.093442 	1.941649 	2.217121 	2.025617 	2.626071 	
0.000000 	0.548862 	0.125000 	0.090139 	0.050000 	9.000000 	0.673146 	0.395285 	0.951972 	0.390512 	0.437321 	0.406971 	0.465027 	0.656220 	1.019804 	0.901388 	1.030776 	1.291559 	1.432873 	1.100284 	1.106797 	1.578765 	1.510174 	1.465008 	1.574206 	1.566246 	2.015099 	1.643548 	1.457738 	1.478386 	2.009975 	2.100149 	2.059733 	1.627882 	2.093144 	1.732953 	2.359158 	2.300543 	2.186893 	2.524010 	2.325135 	2.375526 	2.375000 	1.873666 	1.979899 	2.607321 	2.055480 	1.931968 	2.173850 	2.005773 	2.576092 	
0.000000 	0.480234 	0.651920 	0.608276 	0.721543 	0.673146 	9.000000 	0.515388 	0.301040 	0.550568 	0.485412 	0.570088 	0.527376 	0.711512 	0.512957 	1.083109 	0.838525 	0.781025 	0.840387 	1.225765 	1.261200 	1.017657 	1.027740 	1.046721 	1.098294 	1.131923 	1.343968 	1.220912 	1.700184 	1.739253 	1.401116 	1.463728 	1.449353 	1.809178 	1.494365 	1.729523 	1.690044 	1.654728 	1.606432 	1.851013 	1.686898 	1.729523 	1.733854 	1.950641 	1.744456 	1.934231 	1.770770 	2.096575 	1.768120 	2.028854 	1.927596 	
0.000000 	0.701783 	0.477624 	0.406971 	0.437321 	0.395285 	0.515388 	9.000000 	0.813941 	0.035355 	0.050000 	0.055902 	0.070711 	0.292617 	0.675463 	0.625500 	0.637377 	0.930390 	1.102554 	0.803508 	0.825379 	1.227294 	1.133854 	1.077033 	1.195042 	1.179248 	1.764405 	1.253994 	1.237437 	1.270089 	1.675187 	1.786232 	1.725181 	1.375227 	1.750714 	1.399330 	2.095382 	1.994054 	1.833371 	2.294695 	2.009975 	2.068363 	2.062311 	1.574206 	1.592561 	2.367620 	1.663205 	1.675187 	1.779923 	1.686157 	2.269912 	
0.000000 	0.608276 	0.910014 	0.877853 	0.998123 	0.951972 	0.301040 	0.813941 	9.000000 	0.849264 	0.781025 	0.867828 	0.820061 	0.983933 	0.588430 	1.353237 	1.027740 	0.794119 	0.760345 	1.478386 	1.518634 	0.954594 	1.033501 	1.096586 	1.102554 	1.163239 	1.100284 	1.252996 	1.963734 	2.005773 	1.263428 	1.288652 	1.308148 	2.057000 	1.364734 	1.927596 	1.450216 	1.461592 	1.492062 	1.583706 	1.504161 	1.534805 	1.546165 	2.167516 	1.851013 	1.672760 	1.852363 	2.334791 	1.782028 	2.227246 	1.726268 	
0.000000 	0.725431 	0.480234 	0.410031 	0.430116 	0.390512 	0.550568 	0.035355 	0.849264 	9.000000 	0.079057 	0.025000 	0.079057 	0.279509 	0.701783 	0.600000 	0.640312 	0.952956 	1.129436 	0.781425 	0.801561 	1.251000 	1.152443 	1.091444 	1.212693 	1.193995 	1.796698 	1.267379 	1.209339 	1.241219 	1.700735 	1.814008 	1.750714 	1.350000 	1.775176 	1.384061 	2.126764 	2.022375 	1.856071 	2.327687 	2.037462 	2.096575 	2.090006 	1.554228 	1.591383 	2.400130 	1.665083 	1.650757 	1.789728 	1.669019 	2.298097 	
0.000000 	0.707107 	0.512957 	0.442295 	0.480885 	0.437321 	0.485412 	0.050000 	0.781025 	0.079057 	9.000000 	0.090139 	0.050000 	0.279509 	0.625500 	0.629484 	0.601041 	0.880696 	1.052675 	0.800391 	0.825379 	1.177391 	1.085415 	1.030776 	1.147007 	1.132751 	1.717738 	1.208305 	1.245492 	1.279893 	1.625192 	1.736555 	1.675187 	1.377044 	1.700735 	1.384061 	2.047712 	1.944544 	1.783606 	2.249028 	1.960230 	2.018818 	2.012617 	1.566246 	1.559247 	2.321234 	1.626730 	1.675187 	1.736555 	1.673507 	2.220360 	
0.000000 	0.750417 	0.500000 	0.430116 	0.445112 	0.406971 	0.570088 	0.055902 	0.867828 	0.025000 	0.090139 	9.000000 	0.075000 	0.257391 	0.704006 	0.575000 	0.625000 	0.951315 	1.131923 	0.756637 	0.776611 	1.250250 	1.147279 	1.083109 	1.206752 	1.185854 	1.805893 	1.258223 	1.184536 	1.216552 	1.701654 	1.817278 	1.751606 	1.325000 	1.775000 	1.360606 	2.134537 	2.026234 	1.854218 	2.338001 	2.040374 	2.100297 	2.093144 	1.529706 	1.573412 	2.409616 	1.648674 	1.625769 	1.777991 	1.645068 	2.301766 	
0.000000 	0.756637 	0.548293 	0.477624 	0.506211 	0.465027 	0.527376 	0.070711 	0.820061 	0.079057 	0.050000 	0.075000 	9.000000 	0.230489 	0.629484 	0.579871 	0.566789 	0.876427 	1.057414 	0.750417 	0.775403 	1.175266 	1.073837 	1.012423 	1.133854 	1.114955 	1.736555 	1.188486 	1.196349 	1.231107 	1.626730 	1.743022 	1.676678 	1.327121 	1.700000 	1.336273 	2.063523 	1.952242 	1.779396 	2.270050 	1.965960 	2.026234 	2.018818 	1.516781 	1.521923 	2.340539 	1.592561 	1.625192 	1.711907 	1.625000 	2.227667 	
0.000000 	0.986471 	0.755811 	0.686477 	0.689656 	0.656220 	0.711512 	0.292617 	0.983933 	0.279509 	0.279509 	0.257391 	0.230489 	9.000000 	0.648556 	0.371652 	0.403887 	0.843356 	1.059481 	0.525595 	0.555090 	1.142639 	1.000000 	0.908639 	1.051190 	1.011187 	1.792345 	1.073837 	0.989002 	1.027740 	1.603317 	1.741049 	1.652460 	1.107080 	1.665270 	1.106797 	2.102380 	1.954002 	1.727896 	2.332381 	1.958475 	2.026080 	2.013082 	1.286954 	1.326885 	2.394264 	1.410009 	1.402007 	1.569236 	1.394633 	2.225562 	
0.000000 	0.990581 	1.051487 	0.989002 	1.068878 	1.019804 	0.512957 	0.675463 	0.588430 	0.701783 	0.625500 	0.704006 	0.629484 	0.648556 	9.000000 	0.955249 	0.492443 	0.279509 	0.427931 	1.020110 	1.070047 	0.559017 	0.520216 	0.535023 	0.590021 	0.618971 	1.144825 	0.707990 	1.511622 	1.560649 	1.000000 	1.113833 	1.050000 	1.565248 	1.077613 	1.368622 	1.454519 	1.323820 	1.167262 	1.685416 	1.336507 	1.397542 	1.389469 	1.625000 	1.264911 	1.745888 	1.274755 	1.820028 	1.255239 	1.665270 	1.598828 	
0.000000 	1.325236 	1.020110 	0.958188 	0.919239 	0.901388 	1.083109 	0.625500 	1.353237 	0.600000 	0.629484 	0.575000 	0.579871 	0.371652 	0.955249 	9.000000 	0.538516 	1.085415 	1.325000 	0.201556 	0.206155 	1.365650 	1.178187 	1.049405 	1.212693 	1.142639 	2.090006 	1.181630 	0.618466 	0.656220 	1.820028 	1.980057 	1.866815 	0.750000 	1.865811 	0.845946 	2.379732 	2.193171 	1.903943 	2.630233 	2.186607 	2.261775 	2.242348 	0.972432 	1.229837 	2.683398 	1.346291 	1.051190 	1.594718 	1.107080 	2.455860 	
0.000000 	1.241471 	1.113833 	1.043132 	1.070047 	1.030776 	0.838525 	0.637377 	1.027740 	0.640312 	0.601041 	0.625000 	0.566789 	0.403887 	0.492443 	0.538516 	9.000000 	0.555090 	0.800391 	0.548293 	0.602080 	0.827647 	0.642748 	0.525595 	0.682367 	0.625000 	1.575794 	0.679154 	1.030776 	1.081954 	1.281601 	1.442437 	1.328533 	1.073546 	1.329003 	0.900347 	1.851520 	1.655295 	1.372953 	2.112611 	1.648105 	1.723550 	1.703856 	1.142639 	0.960469 	2.160006 	1.025914 	1.328533 	1.165386 	1.200260 	1.917355 	
0.000000 	1.261200 	1.328533 	1.264911 	1.340009 	1.291559 	0.781025 	0.930390 	0.794119 	0.952956 	0.880696 	0.951315 	0.876427 	0.843356 	0.279509 	1.085415 	0.555090 	9.000000 	0.247487 	1.101136 	1.155692 	0.301040 	0.247487 	0.309233 	0.318198 	0.369121 	1.025305 	0.458939 	1.573412 	1.626346 	0.760345 	0.901388 	0.809707 	1.590008 	0.826514 	1.313868 	1.296630 	1.114955 	0.903120 	1.559247 	1.116076 	1.185854 	1.171004 	1.589025 	1.085415 	1.605070 	1.068001 	1.814008 	0.995615 	1.597263 	1.384061 	
0.000000 	1.308864 	1.451293 	1.393287 	1.482607 	1.432873 	0.840387 	1.102554 	0.760345 	1.129436 	1.052675 	1.131923 	1.057414 	1.059481 	0.427931 	1.325000 	0.800391 	0.247487 	9.000000 	1.347683 	1.402007 	0.195256 	0.350000 	0.485412 	0.403113 	0.500000 	0.777817 	0.577170 	1.820886 	1.873833 	0.577170 	0.686477 	0.626997 	1.835245 	0.661910 	1.543535 	1.054751 	0.897566 	0.766893 	1.312441 	0.908639 	0.970824 	0.961769 	1.822430 	1.250250 	1.360147 	1.206493 	2.053807 	1.051190 	1.820028 	1.171804 	
0.000000 	1.505199 	1.217580 	1.154340 	1.119431 	1.100284 	1.225765 	0.803508 	1.478386 	0.781425 	0.800391 	0.756637 	0.750417 	0.525595 	1.020110 	0.201556 	0.548293 	1.101136 	1.347683 	9.000000 	0.055902 	1.359458 	1.151629 	1.007782 	1.175266 	1.091444 	2.123971 	1.116076 	0.493077 	0.540833 	1.800174 	1.972308 	1.844756 	0.583631 	1.835245 	0.645174 	2.395047 	2.183031 	1.858259 	2.660122 	2.169245 	2.248611 	2.225140 	0.776209 	1.068001 	2.705781 	1.195042 	0.876427 	1.476906 	0.906228 	2.437340 	
0.000000 	1.526843 	1.226020 	1.164313 	1.123610 	1.106797 	1.261200 	0.825379 	1.518634 	0.801561 	0.825379 	0.776611 	0.775403 	0.555090 	1.070047 	0.206155 	0.602080 	1.155692 	1.402007 	0.055902 	9.000000 	1.415097 	1.207528 	1.063602 	1.231107 	1.147007 	2.177872 	1.171004 	0.447214 	0.493077 	1.856071 	2.028084 	1.900658 	0.552268 	1.891098 	0.656220 	2.450128 	2.238861 	1.913766 	2.714429 	2.225140 	2.304479 	2.281036 	0.766893 	1.106797 	2.760548 	1.236932 	0.850000 	1.525820 	0.905883 	2.493241 	
