Total assets = 551
Number of asset nodes = 33

Distance:
999.000000 	14.764823 	5.099020 	12.806249 	7.211102 	16.401220 	85.562843 	48.764740 	33.615471 	34.481880 	14.866069 	85.146935 	84.646324 	64.007812 	5.830952 	5.000000 	4.242640 	17.262676 	4.123106 	106.887794 	14.866069 	21.023796 	56.859474 	34.713108 	88.238312 	36.221542 	93.236259 	101.980392 	21.213203 	77.524193 	58.189346 	25.000000 	41.109608 	31.906113 	24.331051 	24.698177 	39.824615 	107.056061 	24.738634 	49.254440 	82.764725 	33.105892 	89.185204 	30.000000 	40.311287 	34.205261 	100.169853 	34.828148 	61.400326 	60.207973 	37.735924 	100.498756 	
14.764823 	999.000000 	18.973665 	3.162278 	9.055386 	3.000000 	99.764725 	63.529522 	18.867962 	49.040798 	10.630146 	99.639351 	99.201813 	78.771820 	15.620500 	17.691807 	14.142136 	5.656854 	12.041595 	120.917328 	19.313208 	12.649111 	71.589104 	20.615528 	102.800781 	50.219517 	107.800743 	116.387283 	29.120440 	92.282173 	72.801102 	18.027756 	54.918121 	20.396078 	19.235384 	34.525352 	26.832815 	121.511314 	25.495098 	63.150612 	97.529480 	43.566040 	103.942291 	38.600517 	30.149628 	42.379242 	114.908661 	42.720020 	75.312683 	73.979729 	46.840153 	115.247559 	
5.099020 	18.973665 	999.000000 	16.552946 	10.295630 	20.124611 	82.879433 	44.944408 	37.576588 	30.083218 	16.401220 	82.073135 	81.467789 	60.207973 	10.000000 	7.810250 	8.944272 	22.090721 	9.219544 	104.350372 	13.000000 	22.803509 	52.773098 	38.013157 	85.041168 	31.400637 	90.027771 	99.005051 	17.204651 	73.783470 	53.851646 	25.942244 	36.221542 	34.058773 	24.698177 	20.000000 	42.426407 	104.004807 	23.021729 	44.407207 	78.892334 	28.178005 	85.440041 	25.495098 	41.677334 	29.732138 	96.519424 	30.413813 	56.568542 	55.326305 	33.015148 	96.798759 	
12.806249 	3.162278 	16.552946 	999.000000 	6.324555 	3.605551 	98.290382 	61.400326 	21.023796 	46.615448 	7.810250 	97.948967 	97.452553 	76.661591 	14.764823 	16.401220 	13.038404 	8.602325 	10.816654 	119.553337 	16.155495 	11.045361 	69.318108 	21.931713 	101.044548 	47.539455 	106.042442 	114.769333 	25.961510 	90.210861 	70.384659 	16.278820 	52.172791 	20.248457 	17.088007 	31.400637 	27.459061 	119.854080 	22.627417 	60.415230 	95.383438 	40.447498 	101.872467 	35.440090 	29.614185 	39.217342 	112.898186 	39.560081 	72.567207 	71.196907 	43.680660 	113.207771 	
7.211102 	9.055386 	10.295630 	6.324555 	999.000000 	9.848858 	92.655273 	55.226807 	27.313000 	40.311287 	8.062258 	92.097771 	91.547798 	70.491135 	11.045361 	11.704700 	9.055386 	13.341664 	7.000000 	114.021927 	12.041595 	13.928389 	63.063461 	27.802877 	95.131485 	41.231056 	100.124924 	108.977058 	21.023796 	84.059502 	64.078079 	18.248287 	45.891174 	24.698177 	18.000000 	25.961510 	32.649654 	114.021927 	20.591261 	54.129475 	89.185204 	34.928497 	95.718338 	30.463093 	33.241539 	34.438351 	106.780151 	34.885529 	66.287254 	64.938431 	38.626415 	107.070068 	
16.401220 	3.000000 	20.124611 	3.605551 	9.848858 	999.000000 	101.833199 	65.000000 	17.464249 	50.159744 	8.944272 	101.533249 	101.044548 	80.262070 	18.027756 	19.849434 	16.401220 	8.062258 	14.212670 	123.069084 	18.439089 	9.848858 	72.897186 	18.384777 	104.637466 	50.960770 	109.635757 	118.342720 	28.442924 	93.813644 	73.925636 	15.231546 	55.542778 	17.464249 	16.643316 	34.132095 	24.186773 	123.434196 	23.600847 	63.788715 	98.979797 	43.185646 	105.475113 	37.854988 	27.166155 	41.484936 	116.503220 	41.761227 	75.927597 	74.525162 	46.097721 	116.811813 	
85.562843 	99.764725 	82.879433 	98.290382 	92.655273 	101.833199 	999.000000 	41.629318 	118.342720 	57.706154 	99.247169 	7.810250 	10.000000 	30.265491 	84.291161 	82.073135 	85.632935 	100.124924 	87.726852 	21.633308 	93.005379 	105.645638 	38.832977 	120.216469 	10.816654 	61.846584 	13.341664 	17.464249 	88.323273 	23.086792 	42.296574 	108.231232 	61.032780 	116.931602 	106.400185 	83.648071 	125.255737 	22.847319 	100.702530 	57.070133 	25.553865 	80.777473 	23.345236 	86.815895 	124.016129 	88.391174 	26.248810 	89.319649 	54.009258 	56.000000 	85.702972 	27.513634 	
48.764740 	63.529522 	44.944408 	61.400326 	55.226807 	65.000000 	41.629318 	999.000000 	82.365044 	16.401220 	60.605282 	38.832977 	37.802116 	15.264338 	49.396355 	46.615448 	50.159744 	65.391129 	51.894123 	63.063461 	53.037724 	66.843102 	9.000000 	82.927681 	41.231056 	20.248457 	46.097721 	55.803226 	47.201694 	28.844410 	12.649111 	68.622154 	20.099751 	78.102493 	66.468040 	42.190044 	86.833176 	60.440052 	59.816387 	18.973665 	34.000000 	39.217342 	40.496914 	45.188496 	84.148682 	46.818798 	51.613953 	47.759815 	24.083189 	24.758837 	44.384682 	51.865211 	
33.615471 	18.867962 	37.576588 	21.023796 	27.313000 	17.464249 	118.342720 	82.365044 	999.000000 	67.623962 	24.186773 	118.406082 	118.004234 	97.616600 	34.058773 	36.400551 	32.802441 	18.439089 	30.805843 	139.344894 	34.132095 	20.099751 	90.338257 	6.708204 	121.605919 	68.308128 	126.605690 	135.092560 	44.045429 	111.139549 	91.389275 	23.086792 	72.801102 	15.620500 	25.961510 	50.159744 	14.560220 	140.246216 	35.693138 	81.043198 	116.361504 	59.076221 	122.800652 	53.009434 	23.853722 	56.142673 	133.775925 	56.222771 	93.145050 	91.678787 	61.073727 	134.111893 	
34.481880 	49.040798 	30.083218 	46.615448 	40.311287 	50.159744 	57.706154 	16.401220 	67.623962 	999.000000 	44.944408 	55.217751 	54.203320 	31.144823 	36.345562 	33.376640 	36.674240 	51.662365 	38.078865 	79.259071 	36.878178 	51.039200 	23.021729 	67.601776 	57.628117 	6.708204 	62.481998 	72.201111 	30.805843 	44.687805 	23.769728 	52.497620 	10.630146 	62.201286 	50.249378 	25.942244 	71.028160 	76.837494 	43.416588 	16.763054 	49.406479 	24.186773 	56.222771 	29.410883 	67.896980 	31.575306 	67.475922 	32.557640 	28.160255 	27.459061 	30.016663 	67.623962 	
14.866069 	10.630146 	16.401220 	7.810250 	8.062258 	8.944272 	99.247169 	60.605282 	24.186773 	44.944408 	999.000000 	98.290382 	97.621719 	75.802376 	19.104973 	19.646883 	17.117243 	16.278820 	15.033297 	120.739388 	10.000000 	6.403124 	67.955872 	22.847319 	101.178062 	44.777225 	106.150833 	115.260574 	20.024984 	89.403580 	68.476273 	10.198039 	49.040798 	17.691807 	10.049875 	26.019224 	26.248810 	120.216469 	14.866069 	57.245087 	94.302704 	35.000000 	101.019798 	29.274563 	25.495098 	32.756680 	112.200714 	32.984844 	69.260376 	67.720009 	37.483330 	112.414413 	
85.146935 	99.639351 	82.073135 	97.948967 	92.097771 	101.533249 	7.810250 	38.832977 	118.406082 	55.217751 	98.290382 	999.000000 	2.236068 	25.632011 	84.403793 	82.006096 	85.603737 	100.439034 	87.618492 	25.000000 	91.438507 	104.651802 	34.539833 	119.854080 	4.000000 	58.668560 	8.544003 	17.029387 	86.023254 	16.124516 	37.363083 	106.887794 	57.271286 	115.965515 	104.890419 	80.993828 	124.482933 	21.931713 	98.600204 	52.497620 	17.888544 	77.369247 	15.620500 	83.725746 	122.576508 	84.970581 	20.099751 	85.866173 	48.166378 	50.249378 	81.939003 	21.213203 	
84.646324 	99.201813 	81.467789 	97.452553 	91.547798 	101.044548 	10.000000 	37.802116 	118.004234 	54.203320 	97.621719 	2.236068 	999.000000 	24.166092 	84.053551 	81.608826 	85.211502 	100.124924 	87.200920 	26.683329 	90.609047 	103.966339 	33.105892 	119.331474 	3.605551 	57.454330 	8.602325 	18.027756 	85.000000 	14.035668 	35.735138 	106.103722 	55.901699 	115.277924 	104.062485 	79.881165 	123.842644 	22.671568 	97.616600 	50.921509 	15.652476 	76.059189 	13.601471 	82.492424 	121.753853 	83.648071 	19.000000 	84.534019 	46.270943 	48.373547 	80.529495 	20.024984 	
64.007812 	78.771820 	60.207973 	76.661591 	70.491135 	80.262070 	30.265491 	15.264338 	97.616600 	31.144823 	75.802376 	25.632011 	24.166092 	999.000000 	64.474800 	61.741398 	65.306969 	80.529495 	67.082039 	50.596443 	68.014702 	82.006096 	8.944272 	98.183502 	27.294687 	33.600594 	31.906113 	42.059483 	61.619801 	13.601471 	12.041595 	83.630135 	31.764761 	93.236259 	81.394104 	56.222771 	102.004898 	46.324940 	74.330345 	26.925823 	18.788294 	51.971146 	25.238859 	58.523499 	99.035347 	59.539902 	36.400551 	60.415230 	24.515301 	26.305893 	56.364883 	36.619667 	
5.830952 	15.620500 	10.000000 	14.764823 	11.045361 	18.027756 	84.291161 	49.396355 	34.058773 	36.345562 	19.104973 	84.403793 	84.053551 	64.474800 	999.000000 	3.000000 	2.000000 	16.124516 	4.123106 	105.361282 	20.615528 	24.738634 	57.870544 	36.235340 	87.658424 	39.012817 	92.655273 	101.044548 	26.907248 	77.820305 	59.665737 	29.274563 	44.045429 	34.928497 	29.017237 	30.000000 	42.190044 	106.212051 	30.364452 	52.000000 	83.258636 	38.078865 	89.442719 	35.468296 	43.965897 	39.698868 	100.239716 	40.360870 	64.031242 	63.000000 	43.011627 	100.647903 	
5.000000 	17.691807 	7.810250 	16.401220 	11.704700 	19.849434 	82.073135 	46.615448 	36.400551 	33.376640 	19.646883 	82.006096 	81.608826 	61.741398 	3.000000 	999.000000 	3.605551 	18.788294 	5.656854 	103.247276 	19.646883 	25.632011 	55.027267 	38.209946 	85.211502 	36.013885 	90.210861 	98.716766 	25.000000 	75.133217 	56.753853 	29.832869 	41.048752 	36.235340 	29.274563 	27.658634 	43.829212 	103.855667 	29.614185 	49.000000 	80.529495 	35.510563 	86.769814 	33.241539 	44.944408 	37.483330 	97.616600 	38.183765 	61.032780 	60.000000 	40.607880 	98.005104 	
4.242640 	14.142136 	8.944272 	13.038404 	9.055386 	16.401220 	85.632935 	50.159744 	32.802441 	36.674240 	17.117243 	85.603737 	85.211502 	65.306969 	2.000000 	3.605551 	999.000000 	15.231546 	2.236068 	106.775467 	18.788294 	22.803509 	58.523499 	34.713108 	88.814415 	39.012817 	93.813644 	102.303467 	25.455845 	78.714676 	60.166435 	27.294687 	44.000000 	33.105892 	27.018513 	28.844410 	40.496914 	107.447662 	28.460499 	52.038448 	84.095184 	37.121422 	90.354858 	34.205261 	42.059483 	38.418747 	101.212646 	39.051247 	64.124878 	63.031738 	41.880783 	101.597244 	
17.262676 	5.656854 	22.090721 	8.602325 	13.341664 	8.062258 	100.124924 	65.391129 	18.439089 	51.662365 	16.278820 	100.439034 	100.124924 	80.529495 	16.124516 	18.788294 	15.231546 	999.000000 	13.601471 	121.016525 	24.596748 	17.888544 	73.736015 	21.931713 	103.730423 	53.460266 	108.724419 	117.004272 	34.176014 	93.914856 	75.286118 	23.259407 	58.309521 	24.000000 	24.698177 	39.293766 	29.120440 	122.200653 	31.144823 	66.483078 	99.317673 	48.270073 	105.546196 	43.657761 	34.014702 	47.539455 	116.361504 	47.927029 	78.638412 	77.414467 	51.865211 	116.764717 	
4.123106 	12.041595 	9.219544 	10.816654 	7.000000 	14.212670 	87.726852 	51.894123 	30.805843 	38.078865 	15.033297 	87.618492 	87.200920 	67.082039 	4.123106 	5.656854 	2.236068 	13.601471 	999.000000 	108.903625 	17.492855 	20.615528 	60.166435 	32.557640 	90.801979 	40.112343 	95.801880 	104.350372 	24.839485 	80.529495 	61.684681 	25.179358 	45.044422 	30.870699 	25.000000 	28.653097 	38.275318 	109.480591 	26.925823 	53.150730 	85.866173 	37.161808 	92.179176 	33.837849 	39.849716 	38.013157 	103.077644 	38.600517 	65.276337 	64.124878 	41.677334 	103.445641 	
106.887794 	120.917328 	104.350372 	119.553337 	114.021927 	123.069084 	21.633308 	63.063461 	139.344894 	79.259071 	120.739388 	25.000000 	26.683329 	50.596443 	105.361282 	103.247276 	106.775467 	121.016525 	108.903625 	999.000000 	114.621117 	127.141655 	59.464275 	141.449631 	24.186773 	83.192551 	21.023796 	11.704700 	109.931801 	40.311287 	62.361847 	129.807556 	82.079231 	138.408813 	128.003906 	105.190300 	146.659470 	12.727922 	122.331520 	77.491936 	40.012497 	102.044106 	34.365681 	108.226616 	145.602203 	109.658562 	29.068884 	110.571243 	72.835434 	74.966660 	106.775467 	30.413813 	
14.866069 	19.313208 	13.000000 	16.155495 	12.041595 	18.439089 	93.005379 	53.037724 	34.132095 	36.878178 	10.000000 	91.438507 	90.609047 	68.014702 	20.615528 	19.646883 	18.788294 	24.596748 	17.492855 	114.621117 	999.000000 	14.866069 	59.816387 	32.280025 	94.111633 	35.846897 	99.035347 	108.466583 	10.049875 	81.565926 	59.908264 	15.620500 	39.812057 	25.553865 	13.453624 	16.031219 	34.481880 	113.278419 	10.049875 	47.927029 	86.214851 	25.000000 	93.085983 	19.416489 	31.144823 	23.086792 	104.350372 	23.409399 	59.808025 	58.189346 	27.658634 	104.484451 	
21.023796 	12.649111 	22.803509 	11.045361 	13.928389 	9.848858 	105.645638 	66.843102 	20.099751 	51.039200 	6.403124 	104.651802 	103.966339 	82.006096 	24.738634 	25.632011 	22.803509 	17.888544 	20.615528 	127.141655 	14.866069 	999.000000 	74.060783 	17.464249 	107.517441 	50.537113 	112.485558 	121.630585 	24.331051 	95.603348 	74.431175 	5.385165 	54.625999 	11.313708 	7.071068 	30.594116 	20.000000 	126.574089 	15.811388 	62.769421 	100.439034 	39.319206 	107.200745 	33.015148 	19.313208 	36.055511 	118.406082 	36.124783 	74.672615 	73.054771 	41.012192 	118.600166 	
56.859474 	71.589104 	52.773098 	69.318108 	63.063461 	72.897186 	38.832977 	9.000000 	90.338257 	23.021729 	67.955872 	34.539833 	33.105892 	8.944272 	57.870544 	55.027267 	58.523499 	73.736015 	60.166435 	59.464275 	59.816387 	74.060783 	999.000000 	90.553848 	36.235340 	24.839485 	40.816662 	51.000000 	53.037724 	21.931713 	5.000000 	75.432091 	22.825424 	85.211502 	73.109505 	47.507893 	94.047859 	55.226807 	65.764732 	18.248287 	26.400757 	43.046486 	33.301651 	49.648766 	90.686272 	50.606323 	44.598206 	51.478149 	18.357559 	19.697716 	47.423622 	44.687805 	
34.713108 	20.615528 	38.013157 	21.931713 	27.802877 	18.384777 	120.216469 	82.927681 	6.708204 	67.601776 	22.847319 	119.854080 	119.331474 	98.183502 	36.235340 	38.209946 	34.713108 	21.931713 	32.557640 	141.449631 	32.280025 	17.464249 	90.553848 	999.000000 	122.918671 	67.623962 	127.914032 	136.693085 	41.773197 	111.772087 	91.241440 	19.026299 	71.867935 	9.848858 	22.022715 	48.052055 	8.062258 	141.767410 	32.015621 	80.056229 	116.811813 	56.718605 	123.422043 	50.249378 	17.204651 	53.037724 	134.525085 	53.009434 	92.027168 	90.443352 	58.077534 	134.792435 	
88.238312 	102.800781 	85.041168 	101.044548 	95.131485 	104.637466 	10.816654 	41.231056 	121.605919 	57.628117 	101.178062 	4.000000 	3.605551 	27.294687 	87.658424 	85.211502 	88.814415 	103.730423 	90.801979 	24.186773 	94.111633 	107.517441 	36.235340 	122.918671 	999.000000 	60.745369 	5.000000 	14.764823 	88.408142 	16.124516 	38.626415 	109.622078 	59.059292 	118.827606 	107.563934 	83.234612 	127.404869 	19.209373 	101.044548 	53.851646 	16.492422 	79.259071 	12.806249 	85.755463 	125.255737 	86.833176 	16.124516 	87.709747 	48.662102 	50.803543 	83.630135 	17.262676 	
36.221542 	50.219517 	31.400637 	47.539455 	41.231056 	50.960770 	61.846584 	20.248457 	68.308128 	6.708204 	44.777225 	58.668560 	57.454330 	33.600594 	39.012817 	36.013885 	39.012817 	53.460266 	40.112343 	83.192551 	35.846897 	50.537113 	24.839485 	67.623962 	60.745369 	999.000000 	65.459915 	75.471848 	28.319605 	46.754681 	24.207438 	51.312767 	5.099020 	61.400326 	48.826221 	22.671568 	70.327805 	79.881165 	41.036568 	13.038404 	50.931328 	18.973665 	57.982758 	25.059929 	66.219330 	26.570660 	69.296463 	27.513634 	25.179358 	24.020824 	24.331051 	69.310890 	
93.236259 	107.800743 	90.027771 	106.042442 	100.124924 	109.635757 	13.341664 	46.097721 	126.605690 	62.481998 	106.150833 	8.544003 	8.602325 	31.906113 	92.655273 	90.210861 	93.813644 	108.724419 	95.801880 	21.023796 	99.035347 	112.485558 	40.816662 	127.914032 	5.000000 	65.459915 	999.000000 	10.440307 	93.236259 	19.924858 	42.953465 	114.560028 	63.631752 	123.794182 	112.485558 	88.005684 	132.382019 	14.422205 	105.891457 	58.180752 	19.000000 	83.862984 	13.601471 	90.426765 	130.176804 	91.416626 	13.000000 	92.282173 	52.392746 	54.571056 	88.119240 	14.317822 	
101.980392 	116.387283 	99.005051 	114.769333 	108.977058 	118.342720 	17.464249 	55.803226 	135.092560 	72.201111 	115.260574 	17.029387 	18.027756 	42.059483 	101.044548 	98.716766 	102.303467 	117.004272 	104.350372 	11.704700 	108.466583 	121.630585 	51.000000 	136.693085 	14.764823 	75.471848 	10.440307 	999.000000 	103.004852 	30.364452 	53.310413 	123.907227 	73.824112 	132.943604 	121.918007 	97.908119 	141.428421 	5.385165 	115.602768 	68.541962 	29.154760 	94.021271 	23.021729 	100.498756 	139.603012 	101.597244 	17.492855 	102.474388 	62.817196 	65.000000 	98.386993 	18.867962 	
21.213203 	29.120440 	17.204651 	25.961510 	21.023796 	28.442924 	88.323273 	47.201694 	44.045429 	30.805843 	20.024984 	86.023254 	85.000000 	61.619801 	26.907248 	25.000000 	25.455845 	34.176014 	24.839485 	109.931801 	10.049875 	24.331051 	53.037724 	41.773197 	88.408142 	28.319605 	93.236259 	103.004852 	999.000000 	74.966660 	52.497620 	23.769728 	31.622776 	34.176014 	21.023796 	6.324555 	43.081318 	107.615051 	12.727922 	39.446167 	79.246452 	15.033297 	86.278618 	9.486833 	38.013157 	13.416408 	97.590981 	13.892444 	50.990196 	49.244289 	17.720045 	97.621719 	
77.524193 	92.282173 	73.783470 	90.210861 	84.059502 	93.813644 	23.086792 	28.844410 	111.139549 	44.687805 	89.403580 	16.124516 	14.035668 	13.601471 	77.820305 	75.133217 	78.714676 	93.914856 	80.529495 	40.311287 	81.565926 	95.603348 	21.931713 	111.772087 	16.124516 	46.754681 	19.924858 	30.364452 	74.966660 	999.000000 	23.323807 	97.185387 	44.407207 	106.826965 	94.921021 	69.426216 	115.602768 	34.014702 	87.692642 	38.470768 	6.000000 	64.637451 	11.661903 	71.400284 	112.538879 	72.111023 	22.803509 	72.945183 	32.557640 	34.713108 	68.600288 	23.021729 	
58.189346 	72.801102 	53.851646 	70.384659 	64.078079 	73.925636 	42.296574 	12.649111 	91.389275 	23.769728 	68.476273 	37.363083 	35.735138 	12.041595 	59.665737 	56.753853 	60.166435 	75.286118 	61.684681 	62.361847 	59.908264 	74.431175 	5.000000 	91.241440 	38.626415 	24.207438 	42.953465 	53.310413 	52.497620 	23.323807 	999.000000 	75.451973 	21.260292 	85.440041 	73.006851 	46.690472 	94.339813 	57.245087 	65.192024 	15.231546 	26.907248 	41.400482 	34.058773 	48.270073 	90.426765 	48.826221 	45.343136 	49.648766 	13.416408 	14.866069 	45.276924 	45.276924 	
25.000000 	18.027756 	25.942244 	16.278820 	18.248287 	15.231546 	108.231232 	68.622154 	23.086792 	52.497620 	10.198039 	106.887794 	106.103722 	83.630135 	29.274563 	29.832869 	27.294687 	23.259407 	25.179358 	129.807556 	15.620500 	5.385165 	75.432091 	19.026299 	109.622078 	51.312767 	114.560028 	123.907227 	23.769728 	97.185387 	75.451973 	999.000000 	55.072678 	10.440307 	3.000000 	30.083218 	19.313208 	128.763351 	13.000000 	63.063461 	101.828285 	38.327538 	108.706024 	31.575306 	15.811388 	34.132095 	119.970833 	34.058773 	74.732857 	73.006851 	39.204590 	120.104118 	
41.109608 	54.918121 	36.221542 	52.172791 	45.891174 	55.542778 	61.032780 	20.099751 	72.801102 	10.630146 	49.040798 	57.271286 	55.901699 	31.764761 	44.045429 	41.048752 	44.000000 	58.309521 	45.044422 	82.079231 	39.812057 	54.625999 	22.825424 	71.867935 	59.059292 	5.099020 	63.631752 	73.824112 	31.622776 	44.407207 	21.260292 	55.072678 	999.000000 	65.299309 	52.478565 	25.612497 	74.242844 	78.032043 	44.204071 	8.246211 	48.166378 	20.248457 	55.317268 	27.018513 	69.634758 	27.784887 	66.603302 	28.653097 	20.396078 	19.104973 	24.698177 	66.528191 	
31.906113 	20.396078 	34.058773 	20.248457 	24.698177 	17.464249 	116.931602 	78.102493 	15.620500 	62.201286 	17.691807 	115.965515 	115.277924 	93.236259 	34.928497 	36.235340 	33.105892 	24.000000 	30.870699 	138.408813 	25.553865 	11.313708 	85.211502 	9.848858 	118.827606 	61.400326 	123.794182 	132.943604 	34.176014 	106.826965 	85.440041 	10.440307 	65.299309 	999.000000 	13.341664 	40.496914 	8.944272 	137.887634 	23.194826 	73.348480 	111.606453 	48.764740 	118.406082 	41.976185 	10.049875 	44.407207 	129.630249 	44.283180 	85.088188 	83.384651 	49.497475 	129.807556 	
24.331051 	19.235384 	24.698177 	17.088007 	18.000000 	16.643316 	106.400185 	66.468040 	25.961510 	50.249378 	10.049875 	104.890419 	104.062485 	81.394104 	29.017237 	29.274563 	27.018513 	24.698177 	25.000000 	128.003906 	13.453624 	7.071068 	73.109505 	22.022715 	107.563934 	48.826221 	112.485558 	121.918007 	21.023796 	94.921021 	73.006851 	3.000000 	52.478565 	13.341664 	999.000000 	27.313000 	22.135944 	126.732002 	10.000000 	60.415230 	99.488693 	35.440090 	106.404884 	28.635643 	17.691807 	31.144823 	117.686020 	31.064449 	72.013885 	70.263786 	36.221542 	117.796432 	
24.698177 	34.525352 	20.000000 	31.400637 	25.961510 	34.132095 	83.648071 	42.190044 	50.159744 	25.942244 	26.019224 	80.993828 	79.881165 	56.222771 	30.000000 	27.658634 	28.844410 	39.293766 	28.653097 	105.190300 	16.031219 	30.594116 	47.507893 	48.052055 	83.234612 	22.671568 	88.005684 	97.908119 	6.324555 	69.426216 	46.690472 	30.083218 	25.612497 	40.496914 	27.313000 	999.000000 	49.396355 	102.415817 	18.601076 	33.286633 	73.539108 	9.055386 	80.622574 	5.830952 	44.102154 	10.000000 	91.934761 	10.816654 	44.721359 	42.953465 	13.038404 	91.923882 	
39.824615 	26.832815 	42.426407 	27.459061 	32.649654 	24.186773 	125.255737 	86.833176 	14.560220 	71.028160 	26.248810 	124.482933 	123.842644 	102.004898 	42.190044 	43.829212 	40.496914 	29.120440 	38.275318 	146.659470 	34.481880 	20.000000 	94.047859 	8.062258 	127.404869 	70.327805 	132.382019 	141.428421 	43.081318 	115.602768 	94.339813 	19.313208 	74.242844 	8.944272 	22.135944 	49.396355 	999.000000 	146.413803 	31.780497 	82.292160 	120.432556 	57.567352 	127.200630 	50.695168 	10.816654 	52.952808 	138.405197 	52.773098 	94.021271 	92.309265 	58.051701 	138.600143 	
107.056061 	121.511314 	104.004807 	119.854080 	114.021927 	123.434196 	22.847319 	60.440052 	140.246216 	76.837494 	120.216469 	21.931713 	22.671568 	46.324940 	106.212051 	103.855667 	107.447662 	122.200653 	109.480591 	12.727922 	113.278419 	126.574089 	55.226807 	141.767410 	19.209373 	79.881165 	14.422205 	5.385165 	107.615051 	34.014702 	57.245087 	128.763351 	78.032043 	137.887634 	126.732002 	102.415817 	146.413803 	999.000000 	120.253899 	72.449982 	32.015621 	98.270035 	25.317978 	104.847511 	144.422989 	105.815880 	17.464249 	106.677086 	66.098412 	68.308128 	102.474388 	18.681541 	
24.738634 	25.495098 	23.021729 	22.627417 	20.591261 	23.600847 	100.702530 	59.816387 	35.693138 	43.416588 	14.866069 	98.600204 	97.616600 	74.330345 	30.364452 	29.614185 	28.460499 	31.144823 	26.925823 	122.331520 	10.049875 	15.811388 	65.764732 	32.015621 	101.044548 	41.036568 	105.891457 	115.602768 	12.727922 	87.692642 	65.192024 	13.000000 	44.204071 	23.194826 	10.000000 	18.601076 	31.780497 	120.253899 	999.000000 	51.865211 	91.967384 	26.000000 	99.005051 	18.973665 	25.553865 	21.213203 	110.317726 	21.095022 	63.134777 	61.294373 	26.305893 	110.344917 	
49.254440 	63.150612 	44.407207 	60.415230 	54.129475 	63.788715 	57.070133 	18.973665 	81.043198 	16.763054 	57.245087 	52.497620 	50.921509 	26.925823 	52.000000 	49.000000 	52.038448 	66.483078 	53.150730 	77.491936 	47.927029 	62.769421 	18.248287 	80.056229 	53.851646 	13.038404 	58.180752 	68.541962 	39.446167 	38.470768 	15.231546 	63.063461 	8.246211 	73.348480 	60.415230 	33.286633 	82.292160 	72.449982 	51.865211 	999.000000 	41.617306 	26.870058 	48.826221 	33.970577 	77.388626 	34.058773 	60.000000 	34.828148 	12.165525 	11.000000 	30.232433 	59.816387 	
82.764725 	97.529480 	78.892334 	95.383438 	89.185204 	98.979797 	25.553865 	34.000000 	116.361504 	49.406479 	94.302704 	17.888544 	15.652476 	18.788294 	83.258636 	80.529495 	84.095184 	99.317673 	85.866173 	40.012497 	86.214851 	100.439034 	26.400757 	116.811813 	16.492422 	50.931328 	19.000000 	29.154760 	79.246452 	6.000000 	26.907248 	101.828285 	48.166378 	111.606453 	99.488693 	73.539108 	120.432556 	32.015621 	91.967384 	41.617306 	999.000000 	68.249542 	7.211102 	75.166481 	117.034180 	75.604233 	18.439089 	76.400261 	34.176014 	36.400551 	71.847061 	18.384777 	
33.105892 	43.566040 	28.178005 	40.447498 	34.928497 	43.185646 	80.777473 	39.217342 	59.076221 	24.186773 	35.000000 	77.369247 	76.059189 	51.971146 	38.078865 	35.510563 	37.121422 	48.270073 	37.161808 	102.044106 	25.000000 	39.319206 	43.046486 	56.718605 	79.259071 	18.973665 	83.862984 	94.021271 	15.033297 	64.637451 	41.400482 	38.327538 	20.248457 	48.764740 	35.440090 	9.055386 	57.567352 	98.270035 	26.000000 	26.870058 	68.249542 	999.000000 	75.432091 	7.211102 	51.429562 	7.615773 	86.683334 	8.544003 	37.443291 	35.510563 	6.324555 	86.556343 	
89.185204 	103.942291 	85.440041 	101.872467 	95.718338 	105.475113 	23.345236 	40.496914 	122.800652 	56.222771 	101.019798 	15.620500 	13.601471 	25.238859 	89.442719 	86.769814 	90.354858 	105.546196 	92.179176 	34.365681 	93.085983 	107.200745 	33.301651 	123.422043 	12.806249 	57.982758 	13.601471 	23.021729 	86.278618 	11.661903 	34.058773 	108.706024 	55.317268 	118.406082 	106.404884 	80.622574 	127.200630 	25.317978 	99.005051 	48.826221 	7.211102 	75.432091 	999.000000 	82.328613 	123.987900 	82.800964 	11.313708 	83.600243 	41.231056 	43.462627 	79.056938 	11.401754 	
30.000000 	38.600517 	25.495098 	35.440090 	30.463093 	37.854988 	86.815895 	45.188496 	53.009434 	29.410883 	29.274563 	83.725746 	82.492424 	58.523499 	35.468296 	33.241539 	34.205261 	43.657761 	33.837849 	108.226616 	19.416489 	33.015148 	49.648766 	50.249378 	85.755463 	25.059929 	90.426765 	100.498756 	9.486833 	71.400284 	48.270073 	31.575306 	27.018513 	41.976185 	28.635643 	5.830952 	50.695168 	104.847511 	18.973665 	33.970577 	75.166481 	7.211102 	82.328613 	999.000000 	44.283180 	4.242640 	93.605553 	5.000000 	44.654228 	42.720020 	8.246211 	93.509361 	
40.311287 	30.149628 	41.677334 	29.614185 	33.241539 	27.166155 	124.016129 	84.148682 	23.853722 	67.896980 	25.495098 	122.576508 	121.753853 	99.035347 	43.965897 	44.944408 	42.059483 	34.014702 	39.849716 	145.602203 	31.144823 	19.313208 	90.686272 	17.204651 	125.255737 	66.219330 	130.176804 	139.603012 	38.013157 	112.538879 	90.426765 	15.811388 	69.634758 	10.049875 	17.691807 	44.102154 	10.816654 	144.422989 	25.553865 	77.388626 	117.034180 	51.429562 	123.987900 	44.283180 	999.000000 	45.880280 	135.281189 	45.541191 	88.684837 	86.833176 	50.921509 	135.369858 	
34.205261 	42.379242 	29.732138 	39.217342 	34.438351 	41.484936 	88.391174 	46.818798 	56.142673 	31.575306 	32.756680 	84.970581 	83.648071 	59.539902 	39.698868 	37.483330 	38.418747 	47.539455 	38.013157 	109.658562 	23.086792 	36.055511 	50.606323 	53.037724 	86.833176 	26.570660 	91.416626 	101.597244 	13.416408 	72.111023 	48.826221 	34.132095 	27.784887 	44.407207 	31.144823 	10.000000 	52.952808 	105.815880 	21.213203 	34.058773 	75.604233 	7.615773 	82.800964 	4.242640 	45.880280 	999.000000 	94.021271 	1.000000 	44.045429 	42.011902 	5.099020 	93.861603 	
100.169853 	114.908661 	96.519424 	112.898186 	106.780151 	116.503220 	26.248810 	51.613953 	133.775925 	67.475922 	112.200714 	20.099751 	19.000000 	36.400551 	100.239716 	97.616600 	101.212646 	116.361504 	103.077644 	29.068884 	104.350372 	118.406082 	44.598206 	134.525085 	16.124516 	69.296463 	13.000000 	17.492855 	97.590981 	22.803509 	45.343136 	119.970833 	66.603302 	129.630249 	117.686020 	91.934761 	138.405197 	17.464249 	110.317726 	60.000000 	18.439089 	86.683334 	11.313708 	93.605553 	135.281189 	94.021271 	999.000000 	94.810333 	51.884487 	54.120235 	90.210861 	1.414214 	
34.828148 	42.720020 	30.413813 	39.560081 	34.885529 	41.761227 	89.319649 	47.759815 	56.222771 	32.557640 	32.984844 	85.866173 	84.534019 	60.415230 	40.360870 	38.183765 	39.051247 	47.927029 	38.600517 	110.571243 	23.409399 	36.124783 	51.478149 	53.009434 	87.709747 	27.513634 	92.282173 	102.474388 	13.892444 	72.945183 	49.648766 	34.058773 	28.653097 	44.283180 	31.064449 	10.816654 	52.773098 	106.677086 	21.095022 	34.828148 	76.400261 	8.544003 	83.600243 	5.000000 	45.541191 	1.000000 	94.810333 	999.000000 	44.687805 	42.638012 	5.385165 	94.641426 	
61.400326 	75.312683 	56.568542 	72.567207 	66.287254 	75.927597 	54.009258 	24.083189 	93.145050 	28.160255 	69.260376 	48.166378 	46.270943 	24.515301 	64.031242 	61.032780 	64.124878 	78.638412 	65.276337 	72.835434 	59.808025 	74.672615 	18.357559 	92.027168 	48.662102 	25.179358 	52.392746 	62.817196 	50.990196 	32.557640 	13.416408 	74.732857 	20.396078 	85.088188 	72.013885 	44.721359 	94.021271 	66.098412 	63.134777 	12.165525 	34.176014 	37.443291 	41.231056 	44.654228 	88.684837 	44.045429 	51.884487 	44.687805 	999.000000 	2.236068 	39.623226 	51.478149 	
60.207973 	73.979729 	55.326305 	71.196907 	64.938431 	74.525162 	56.000000 	24.758837 	91.678787 	27.459061 	67.720009 	50.249378 	48.373547 	26.305893 	63.000000 	60.000000 	63.031738 	77.414467 	64.124878 	74.966660 	58.189346 	73.054771 	19.697716 	90.443352 	50.803543 	24.020824 	54.571056 	65.000000 	49.244289 	34.713108 	14.866069 	73.006851 	19.104973 	83.384651 	70.263786 	42.953465 	92.309265 	68.308128 	61.294373 	11.000000 	36.400551 	35.510563 	43.462627 	42.720020 	86.833176 	42.011902 	54.120235 	42.638012 	2.236068 	999.000000 	37.536648 	53.712196 	
37.735924 	46.840153 	33.015148 	43.680660 	38.626415 	46.097721 	85.702972 	44.384682 	61.073727 	30.016663 	37.483330 	81.939003 	80.529495 	56.364883 	43.011627 	40.607880 	41.880783 	51.865211 	41.677334 	106.775467 	27.658634 	41.012192 	47.423622 	58.077534 	83.630135 	24.331051 	88.119240 	98.386993 	17.720045 	68.600288 	45.276924 	39.204590 	24.698177 	49.497475 	36.221542 	13.038404 	58.051701 	102.474388 	26.305893 	30.232433 	71.847061 	6.324555 	79.056938 	8.246211 	50.921509 	5.099020 	90.210861 	5.385165 	39.623226 	37.536648 	999.000000 	90.000000 	
100.498756 	115.247559 	96.798759 	113.207771 	107.070068 	116.811813 	27.513634 	51.865211 	134.111893 	67.623962 	112.414413 	21.213203 	20.024984 	36.619667 	100.647903 	98.005104 	101.597244 	116.764717 	103.445641 	30.413813 	104.484451 	118.600166 	44.687805 	134.792435 	17.262676 	69.310890 	14.317822 	18.867962 	97.621719 	23.021729 	45.276924 	120.104118 	66.528191 	129.807556 	117.796432 	91.923882 	138.600143 	18.681541 	110.344917 	59.816387 	18.384777 	86.556343 	11.401754 	93.509361 	135.369858 	93.861603 	1.414214 	94.641426 	51.478149 	53.712196 	90.000000 	999.000000 	

Travel time:
9.000000 	0.369121 	0.127475 	0.320156 	0.180278 	0.410031 	2.139071 	1.219118 	0.840387 	0.862047 	0.371652 	2.128673 	2.116158 	1.600195 	0.145774 	0.125000 	0.106066 	0.431567 	0.103078 	2.672195 	0.371652 	0.525595 	1.421487 	0.867828 	2.205958 	0.905539 	2.330906 	2.549510 	0.530330 	1.938105 	1.454734 	0.625000 	1.027740 	0.797653 	0.608276 	0.617454 	0.995615 	2.676402 	0.618466 	1.231361 	2.069118 	0.827647 	2.229630 	0.750000 	1.007782 	0.855132 	2.504246 	0.870704 	1.535008 	1.505199 	0.943398 	2.512469 	
0.369121 	9.000000 	0.474342 	0.079057 	0.226385 	0.075000 	2.494118 	1.588238 	0.471699 	1.226020 	0.265754 	2.490984 	2.480045 	1.969296 	0.390512 	0.442295 	0.353553 	0.141421 	0.301040 	3.022933 	0.482830 	0.316228 	1.789728 	0.515388 	2.570019 	1.255488 	2.695019 	2.909682 	0.728011 	2.307054 	1.820028 	0.450694 	1.372953 	0.509902 	0.480885 	0.863134 	0.670820 	3.037783 	0.637377 	1.578765 	2.438237 	1.089151 	2.598557 	0.965013 	0.753741 	1.059481 	2.872716 	1.068001 	1.882817 	1.849493 	1.171004 	2.881189 	
0.127475 	0.474342 	9.000000 	0.413824 	0.257391 	0.503115 	2.071986 	1.123610 	0.939415 	0.752080 	0.410031 	2.051828 	2.036695 	1.505199 	0.250000 	0.195256 	0.223607 	0.552268 	0.230489 	2.608759 	0.325000 	0.570088 	1.319327 	0.950329 	2.126029 	0.785016 	2.250694 	2.475126 	0.430116 	1.844587 	1.346291 	0.648556 	0.905539 	0.851469 	0.617454 	0.500000 	1.060660 	2.600120 	0.575543 	1.110180 	1.972308 	0.704450 	2.136001 	0.637377 	1.041933 	0.743303 	2.412986 	0.760345 	1.414214 	1.383158 	0.825379 	2.419969 	
0.320156 	0.079057 	0.413824 	9.000000 	0.158114 	0.090139 	2.457260 	1.535008 	0.525595 	1.165386 	0.195256 	2.448724 	2.436314 	1.916540 	0.369121 	0.410031 	0.325960 	0.215058 	0.270416 	2.988833 	0.403887 	0.276134 	1.732953 	0.548293 	2.526114 	1.188486 	2.651061 	2.869233 	0.649038 	2.255271 	1.759616 	0.406971 	1.304320 	0.506211 	0.427200 	0.785016 	0.686477 	2.996352 	0.565685 	1.510381 	2.384586 	1.011187 	2.546812 	0.886002 	0.740355 	0.980434 	2.822455 	0.989002 	1.814180 	1.779923 	1.092016 	2.830194 	
0.180278 	0.226385 	0.257391 	0.158114 	9.000000 	0.246221 	2.316382 	1.380670 	0.682825 	1.007782 	0.201556 	2.302444 	2.288695 	1.762278 	0.276134 	0.292617 	0.226385 	0.333542 	0.175000 	2.850548 	0.301040 	0.348210 	1.576586 	0.695072 	2.378287 	1.030776 	2.503123 	2.724427 	0.525595 	2.101488 	1.601952 	0.456207 	1.147279 	0.617454 	0.450000 	0.649038 	0.816241 	2.850548 	0.514782 	1.353237 	2.229630 	0.873212 	2.392958 	0.761577 	0.831038 	0.860959 	2.669504 	0.872138 	1.657181 	1.623461 	0.965660 	2.676752 	
0.410031 	0.075000 	0.503115 	0.090139 	0.246221 	9.000000 	2.545830 	1.625000 	0.436606 	1.253994 	0.223607 	2.538331 	2.526114 	2.006552 	0.450694 	0.496236 	0.410031 	0.201556 	0.355317 	3.076727 	0.460977 	0.246221 	1.822430 	0.459619 	2.615937 	1.274019 	2.740894 	2.958568 	0.711073 	2.345341 	1.848141 	0.380789 	1.388569 	0.436606 	0.416083 	0.853302 	0.604669 	3.085855 	0.590021 	1.594718 	2.474495 	1.079641 	2.636878 	0.946375 	0.679154 	1.037123 	2.912580 	1.044031 	1.898190 	1.863129 	1.152443 	2.920295 	
2.139071 	2.494118 	2.071986 	2.457260 	2.316382 	2.545830 	9.000000 	1.040733 	2.958568 	1.442654 	2.481179 	0.195256 	0.250000 	0.756637 	2.107279 	2.051828 	2.140823 	2.503123 	2.193171 	0.540833 	2.325135 	2.641141 	0.970824 	3.005412 	0.270416 	1.546165 	0.333542 	0.436606 	2.208082 	0.577170 	1.057414 	2.705781 	1.525820 	2.923290 	2.660005 	2.091202 	3.131393 	0.571183 	2.517563 	1.426753 	0.638847 	2.019437 	0.583631 	2.170397 	3.100403 	2.209779 	0.656220 	2.232991 	1.350231 	1.400000 	2.142574 	0.687841 	
1.219118 	1.588238 	1.123610 	1.535008 	1.380670 	1.625000 	1.040733 	9.000000 	2.059126 	0.410031 	1.515132 	0.970824 	0.945053 	0.381608 	1.234909 	1.165386 	1.253994 	1.634778 	1.297353 	1.576586 	1.325943 	1.671077 	0.225000 	2.073192 	1.030776 	0.506211 	1.152443 	1.395081 	1.180042 	0.721110 	0.316228 	1.715554 	0.502494 	1.952562 	1.661701 	1.054751 	2.170829 	1.511001 	1.495410 	0.474342 	0.850000 	0.980434 	1.012423 	1.129712 	2.103717 	1.170470 	1.290349 	1.193995 	0.602080 	0.618971 	1.109617 	1.296630 	
0.840387 	0.471699 	0.939415 	0.525595 	0.682825 	0.436606 	2.958568 	2.059126 	9.000000 	1.690599 	0.604669 	2.960152 	2.950106 	2.440415 	0.851469 	0.910014 	0.820061 	0.460977 	0.770146 	3.483622 	0.853302 	0.502494 	2.258456 	0.167705 	3.040148 	1.707703 	3.165142 	3.377314 	1.101136 	2.778489 	2.284732 	0.577170 	1.820028 	0.390512 	0.649038 	1.253994 	0.364006 	3.506155 	0.892328 	2.026080 	2.909038 	1.476906 	3.070016 	1.325236 	0.596343 	1.403567 	3.344398 	1.405569 	2.328626 	2.291970 	1.526843 	3.352797 	
0.862047 	1.226020 	0.752080 	1.165386 	1.007782 	1.253994 	1.442654 	0.410031 	1.690599 	9.000000 	1.123610 	1.380444 	1.355083 	0.778621 	0.908639 	0.834416 	0.916856 	1.291559 	0.951972 	1.981477 	0.921954 	1.275980 	0.575543 	1.690044 	1.440703 	0.167705 	1.562050 	1.805028 	0.770146 	1.117195 	0.594243 	1.312441 	0.265754 	1.555032 	1.256234 	0.648556 	1.775704 	1.920937 	1.085415 	0.419076 	1.235162 	0.604669 	1.405569 	0.735272 	1.697425 	0.789383 	1.686898 	0.813941 	0.704006 	0.686477 	0.750417 	1.690599 	
0.371652 	0.265754 	0.410031 	0.195256 	0.201556 	0.223607 	2.481179 	1.515132 	0.604669 	1.123610 	9.000000 	2.457260 	2.440543 	1.895059 	0.477624 	0.491172 	0.427931 	0.406971 	0.375832 	3.018485 	0.250000 	0.160078 	1.698897 	0.571183 	2.529452 	1.119431 	2.653771 	2.881514 	0.500625 	2.235090 	1.711907 	0.254951 	1.226020 	0.442295 	0.251247 	0.650481 	0.656220 	3.005412 	0.371652 	1.431127 	2.357568 	0.875000 	2.525495 	0.731864 	0.637377 	0.818917 	2.805018 	0.824621 	1.731509 	1.693000 	0.937083 	2.810360 	
2.128673 	2.490984 	2.051828 	2.448724 	2.302444 	2.538331 	0.195256 	0.970824 	2.960152 	1.380444 	2.457260 	9.000000 	0.055902 	0.640800 	2.110095 	2.050152 	2.140093 	2.510976 	2.190462 	0.625000 	2.285963 	2.616295 	0.863496 	2.996352 	0.100000 	1.466714 	0.213600 	0.425735 	2.150581 	0.403113 	0.934077 	2.672195 	1.431782 	2.899138 	2.622261 	2.024846 	3.112073 	0.548293 	2.465005 	1.312441 	0.447214 	1.934231 	0.390512 	2.093144 	3.064413 	2.124264 	0.502494 	2.146654 	1.204159 	1.256234 	2.048475 	0.530330 	
2.116158 	2.480045 	2.036695 	2.436314 	2.288695 	2.526114 	0.250000 	0.945053 	2.950106 	1.355083 	2.440543 	0.055902 	9.000000 	0.604152 	2.101339 	2.040221 	2.130288 	2.503123 	2.180023 	0.667083 	2.265226 	2.599159 	0.827647 	2.983287 	0.090139 	1.436358 	0.215058 	0.450694 	2.125000 	0.350892 	0.893378 	2.652593 	1.397542 	2.881948 	2.601562 	1.997029 	3.096066 	0.566789 	2.440415 	1.273038 	0.391312 	1.901480 	0.340037 	2.062311 	3.043846 	2.091202 	0.475000 	2.113350 	1.156774 	1.209339 	2.013237 	0.500625 	
1.600195 	1.969296 	1.505199 	1.916540 	1.762278 	2.006552 	0.756637 	0.381608 	2.440415 	0.778621 	1.895059 	0.640800 	0.604152 	9.000000 	1.611870 	1.543535 	1.632674 	2.013237 	1.677051 	1.264911 	1.700368 	2.050152 	0.223607 	2.454587 	0.682367 	0.840015 	0.797653 	1.051487 	1.540495 	0.340037 	0.301040 	2.090753 	0.794119 	2.330906 	2.034853 	1.405569 	2.550122 	1.158123 	1.858259 	0.673146 	0.469707 	1.299279 	0.630971 	1.463087 	2.475884 	1.488497 	0.910014 	1.510381 	0.612882 	0.657647 	1.409122 	0.915492 	
0.145774 	0.390512 	0.250000 	0.369121 	0.276134 	0.450694 	2.107279 	1.234909 	0.851469 	0.908639 	0.477624 	2.110095 	2.101339 	1.611870 	9.000000 	0.075000 	0.050000 	0.403113 	0.103078 	2.634032 	0.515388 	0.618466 	1.446764 	0.905883 	2.191461 	0.975320 	2.316382 	2.526114 	0.672681 	1.945508 	1.491643 	0.731864 	1.101136 	0.873212 	0.725431 	0.750000 	1.054751 	2.655301 	0.759111 	1.300000 	2.081466 	0.951972 	2.236068 	0.886707 	1.099147 	0.992472 	2.505993 	1.009022 	1.600781 	1.575000 	1.075291 	2.516198 	
0.125000 	0.442295 	0.195256 	0.410031 	0.292617 	0.496236 	2.051828 	1.165386 	0.910014 	0.834416 	0.491172 	2.050152 	2.040221 	1.543535 	0.075000 	9.000000 	0.090139 	0.469707 	0.141421 	2.581182 	0.491172 	0.640800 	1.375682 	0.955249 	2.130288 	0.900347 	2.255271 	2.467919 	0.625000 	1.878330 	1.418846 	0.745822 	1.026219 	0.905883 	0.731864 	0.691466 	1.095730 	2.596392 	0.740355 	1.225000 	2.013237 	0.887764 	2.169245 	0.831038 	1.123610 	0.937083 	2.440415 	0.954594 	1.525820 	1.500000 	1.015197 	2.450128 	
0.106066 	0.353553 	0.223607 	0.325960 	0.226385 	0.410031 	2.140823 	1.253994 	0.820061 	0.916856 	0.427931 	2.140093 	2.130288 	1.632674 	0.050000 	0.090139 	9.000000 	0.380789 	0.055902 	2.669387 	0.469707 	0.570088 	1.463087 	0.867828 	2.220360 	0.975320 	2.345341 	2.557587 	0.636396 	1.967867 	1.504161 	0.682367 	1.100000 	0.827647 	0.675463 	0.721110 	1.012423 	2.686192 	0.711512 	1.300961 	2.102380 	0.928036 	2.258872 	0.855132 	1.051487 	0.960469 	2.530316 	0.976281 	1.603122 	1.575794 	1.047020 	2.539931 	
0.431567 	0.141421 	0.552268 	0.215058 	0.333542 	0.201556 	2.503123 	1.634778 	0.460977 	1.291559 	0.406971 	2.510976 	2.503123 	2.013237 	0.403113 	0.469707 	0.380789 	9.000000 	0.340037 	3.025413 	0.614919 	0.447214 	1.843400 	0.548293 	2.593261 	1.336507 	2.718111 	2.925107 	0.854400 	2.347871 	1.882153 	0.581485 	1.457738 	0.600000 	0.617454 	0.982344 	0.728011 	3.055016 	0.778621 	1.662077 	2.482942 	1.206752 	2.638655 	1.091444 	0.850368 	1.188486 	2.909038 	1.198176 	1.965960 	1.935362 	1.296630 	2.919118 	
