Total assets = 595
Number of asset nodes = 34

Distance:
999.000000 	6.082763 	12.529964 	48.795490 	12.041595 	13.000000 	43.416588 	69.028976 	14.212670 	19.416489 	26.172504 	53.254108 	66.730804 	54.625999 	51.478149 	34.669872 	62.177166 	35.227829 	8.062258 	61.773781 	56.222771 	26.832815 	49.979996 	29.966648 	33.541019 	33.015148 	33.837849 	34.481880 	36.400551 	35.846897 	36.235340 	38.275318 	46.010868 	38.910152 	37.643059 	39.812057 	46.389652 	40.249222 	41.036568 	41.725292 	44.654228 	44.821869 	45.000000 	45.793011 	47.539455 	50.289165 	47.507893 	49.203659 	49.648766 	50.219517 	52.153618 	54.671749 	56.035702 	62.289646 	
6.082763 	999.000000 	7.071068 	44.045429 	6.324555 	7.071068 	48.104053 	64.637451 	11.180340 	20.099751 	28.460499 	57.628117 	72.732384 	60.539242 	48.383881 	40.311287 	58.694122 	40.816662 	6.324555 	58.180752 	50.990196 	22.203604 	53.225933 	28.861740 	32.280025 	30.870699 	31.780497 	32.893768 	35.693138 	34.176014 	34.785053 	37.656342 	47.265209 	37.643059 	33.970577 	38.600517 	47.000000 	35.510563 	38.013157 	38.600517 	40.459858 	41.012192 	41.036568 	41.400482 	42.485291 	49.819675 	43.863426 	45.276924 	45.453274 	46.097721 	47.801674 	51.865211 	53.712196 	59.203041 	
12.529964 	7.071068 	999.000000 	37.013512 	7.071068 	6.324555 	55.172459 	57.688820 	15.000000 	25.961510 	34.928497 	64.660652 	79.120163 	67.119293 	42.201897 	47.169907 	52.201534 	47.707443 	7.071068 	51.623638 	43.931767 	22.203604 	59.941639 	33.060551 	36.221542 	33.955853 	34.928497 	36.496574 	40.049969 	37.656342 	38.470768 	42.047592 	52.952808 	41.436699 	34.985710 	42.426407 	52.239830 	34.655445 	39.812057 	40.249222 	40.459858 	41.617306 	41.400482 	41.036568 	40.804413 	54.147945 	44.654228 	45.607018 	45.343136 	46.097721 	47.381432 	53.665630 	56.080299 	60.539242 	
48.795490 	44.045429 	37.013512 	999.000000 	42.190044 	40.816662 	92.097771 	21.023796 	49.648766 	61.773781 	71.344238 	101.671036 	112.507774 	101.513542 	17.691807 	82.975899 	20.615528 	83.630135 	41.036568 	19.416489 	10.000000 	48.052055 	96.566040 	65.459915 	67.720009 	63.788715 	64.761101 	67.186310 	72.124893 	67.911705 	69.123077 	74.040527 	87.464279 	72.034714 	59.211487 	73.006851 	85.702972 	53.037724 	65.276337 	65.192024 	60.074955 	63.007935 	62.032249 	59.211487 	53.935146 	85.146935 	66.030296 	65.192024 	63.387695 	64.381676 	63.788715 	77.006493 	81.024689 	81.394104 	
12.041595 	6.324555 	7.071068 	42.190044 	999.000000 	1.414214 	51.088158 	63.134777 	8.062258 	19.697716 	29.154760 	60.108234 	77.884529 	65.459915 	48.836460 	44.777225 	58.523499 	45.188496 	11.313708 	57.870544 	48.166378 	16.278820 	54.378304 	26.019224 	29.154760 	26.925823 	27.892651 	29.427877 	33.015148 	30.594116 	31.400637 	35.014282 	46.324940 	34.365681 	28.600698 	35.355339 	45.398239 	29.410883 	33.120991 	33.615471 	34.655445 	35.468296 	35.383614 	35.468296 	36.235340 	47.095646 	38.418747 	39.623226 	39.623226 	40.311287 	41.868843 	47.010635 	49.244289 	54.083271 	
13.000000 	7.071068 	6.324555 	40.816662 	1.414214 	999.000000 	52.497620 	61.773781 	9.219544 	21.023796 	30.528675 	61.522354 	79.120163 	66.730804 	47.675991 	46.097721 	57.280014 	46.518814 	11.401754 	56.612720 	46.754681 	16.278820 	55.758408 	27.000000 	30.066593 	27.658634 	28.635643 	30.265491 	34.000000 	31.400637 	32.249031 	36.000000 	47.539455 	35.227829 	28.844410 	36.221542 	46.529560 	29.206163 	33.541019 	34.000000 	34.655445 	35.608986 	35.468296 	35.383614 	35.846897 	48.041649 	38.600517 	39.698868 	39.597980 	40.311287 	41.773197 	47.413078 	49.769470 	54.378304 	
43.416588 	48.104053 	55.172459 	92.097771 	51.088158 	52.497620 	999.000000 	112.445541 	45.486263 	34.438351 	25.298222 	10.440307 	37.947330 	25.942244 	94.154129 	15.132746 	105.152267 	14.142136 	51.400391 	104.847511 	99.005051 	55.542778 	16.401220 	40.607880 	42.190044 	46.529560 	46.389652 	44.181442 	40.000000 	45.099888 	44.045429 	40.049969 	30.463093 	44.011364 	56.885849 	44.045429 	35.114101 	65.000000 	55.145264 	56.142673 	64.629715 	62.289646 	63.387695 	66.753281 	72.780495 	44.271889 	63.071388 	66.121101 	68.264191 	68.183578 	71.253067 	62.514000 	60.207973 	70.035706 	
69.028976 	64.637451 	57.688820 	21.023796 	63.134777 	61.773781 	112.445541 	999.000000 	70.661163 	82.764725 	92.282173 	122.200653 	130.430054 	120.104118 	23.086792 	102.532921 	14.035668 	103.247276 	61.073727 	13.000000 	19.026299 	68.680420 	117.477661 	86.377083 	88.543777 	84.480766 	85.440041 	87.931793 	92.973114 	88.600227 	89.844307 	94.868332 	108.461975 	92.720009 	79.246452 	93.680305 	106.625511 	72.339478 	85.328773 	85.158676 	79.227524 	82.389320 	81.301903 	78.102493 	72.006943 	105.773346 	85.287750 	84.095184 	82.024384 	83.024094 	82.006096 	96.332756 	100.603180 	100.004997 	
14.212670 	11.180340 	15.000000 	49.648766 	8.062258 	9.219544 	45.486263 	70.661163 	999.000000 	12.206555 	22.022715 	53.907330 	75.133217 	62.369865 	56.885849 	41.231056 	66.483078 	41.484936 	17.464249 	65.802734 	55.000000 	13.341664 	47.201694 	18.110771 	21.377558 	19.697716 	20.615528 	21.840330 	25.079872 	23.086792 	23.769728 	27.073973 	38.327538 	26.683329 	23.430750 	27.658634 	37.336308 	26.570660 	27.018513 	27.658634 	30.528675 	30.610456 	30.805843 	31.764761 	34.205261 	39.204590 	33.301651 	35.000000 	35.510563 	36.055511 	38.078865 	40.804413 	42.544094 	48.270073 	
19.416489 	20.099751 	25.961510 	61.773781 	19.697716 	21.023796 	34.438351 	82.764725 	12.206555 	999.000000 	9.899495 	42.201897 	67.067131 	54.083271 	68.154236 	33.000000 	78.108902 	33.015148 	26.000000 	77.491936 	67.201187 	21.189621 	35.000000 	12.041595 	15.556349 	17.000000 	17.492855 	17.029387 	17.492855 	18.439089 	18.384777 	19.235384 	27.166155 	20.615528 	25.495098 	21.400934 	27.073973 	32.015621 	26.400757 	27.313000 	33.541019 	32.280025 	32.984844 	35.355339 	40.012497 	31.016125 	34.176014 	36.687874 	38.078865 	38.327538 	41.000000 	38.600517 	38.897301 	46.615448 	
26.172504 	28.460499 	34.928497 	71.344238 	29.154760 	30.528675 	25.298222 	92.282173 	22.022715 	9.899495 	999.000000 	32.449963 	60.133186 	47.169907 	76.843994 	26.925823 	87.091904 	26.683329 	33.734257 	86.539009 	77.006493 	30.413813 	25.238859 	16.031219 	18.439089 	22.022715 	22.090721 	20.396078 	17.888544 	21.587032 	20.880613 	18.867962 	20.396078 	21.931713 	32.062439 	22.360680 	21.931713 	39.812057 	31.257000 	32.249031 	40.012497 	38.052597 	39.012817 	42.047592 	47.675991 	28.425341 	39.319206 	42.190044 	44.045429 	44.102154 	47.042534 	41.231056 	40.311287 	49.244289 	
53.254108 	57.628117 	64.660652 	101.671036 	60.108234 	61.522354 	10.440307 	122.200653 	53.907330 	42.201897 	32.449963 	999.000000 	39.661064 	29.732138 	104.316826 	25.019993 	115.247559 	24.020824 	61.294373 	114.908661 	108.245094 	62.769421 	13.341664 	46.238514 	47.127487 	51.865211 	51.546097 	49.040798 	44.147480 	49.729267 	48.507732 	43.737854 	31.064449 	47.853943 	62.297672 	47.675991 	36.055511 	70.936592 	59.665737 	60.638271 	69.641945 	66.940269 	68.154236 	71.840103 	78.434685 	45.177429 	67.268120 	70.405968 	72.780495 	72.567207 	75.709976 	65.030762 	62.032249 	72.027771 	
66.730804 	72.732384 	79.120163 	112.507774 	77.884529 	79.120163 	37.947330 	130.430054 	75.133217 	67.067131 	60.133186 	39.661064 	999.000000 	13.000000 	108.706024 	34.132095 	119.970833 	34.058773 	73.006851 	120.104118 	121.235306 	87.572830 	52.354561 	76.164299 	78.409180 	82.152298 	82.219215 	80.399002 	76.941536 	81.498466 	80.622574 	77.278717 	68.352028 	81.049370 	92.021736 	81.215759 	73.054771 	99.080772 	91.350975 	92.347168 	100.044991 	98.183502 	99.126183 	102.019608 	107.074738 	82.219215 	99.408249 	102.313248 	104.172935 	104.235313 	107.168091 	100.019997 	97.984695 	107.707939 	
54.625999 	60.539242 	67.119293 	101.513542 	65.459915 	66.730804 	25.942244 	120.104118 	62.369865 	54.083271 	47.169907 	29.732138 	13.000000 	999.000000 	99.005051 	21.213203 	110.317726 	21.095022 	61.294373 	110.344917 	109.931801 	74.672615 	41.400482 	63.198101 	65.490456 	69.180923 	69.260376 	67.475922 	64.132675 	68.593002 	67.742157 	64.536812 	56.364883 	68.249542 	79.025314 	68.447060 	60.926186 	86.092972 	78.409180 	79.404030 	87.051712 	85.211502 	86.145226 	89.022469 	94.085068 	70.007141 	86.469650 	89.358826 	91.197586 	91.268837 	94.191292 	87.321243 	85.440041 	95.078911 	
51.478149 	48.383881 	42.201897 	17.691807 	48.836460 	47.675991 	94.154129 	23.086792 	56.885849 	68.154236 	76.843994 	104.316826 	108.706024 	99.005051 	999.000000 	82.800964 	11.313708 	83.600243 	43.462627 	11.401754 	25.942244 	59.076221 	101.390335 	74.431175 	77.233414 	74.027023 	75.026665 	77.103828 	81.394104 	78.057671 	79.101204 	83.384651 	95.126228 	82.097504 	71.449280 	83.096329 	94.201912 	66.708321 	77.317528 	77.414467 	73.756355 	76.295479 	75.504967 	73.246162 	68.949257 	95.189285 	79.429214 	79.075912 	77.620872 	78.587532 	78.447433 	90.094398 	93.648277 	95.341492 	
34.669872 	40.311287 	47.169907 	82.975899 	44.777225 	46.097721 	15.132746 	102.532921 	41.231056 	33.000000 	26.925823 	25.019993 	34.132095 	21.213203 	82.800964 	999.000000 	94.021271 	1.000000 	42.011902 	93.861603 	90.801979 	53.460266 	30.463093 	42.755116 	45.354160 	48.662102 	48.836460 	47.296936 	44.598206 	48.507732 	47.801674 	45.310043 	40.360870 	48.703182 	58.215118 	49.040798 	44.204071 	65.007690 	58.051701 	59.033890 	66.272163 	64.629715 	65.490456 	68.183578 	73.006851 	52.697250 	66.098412 	68.883957 	70.576202 	70.710678 	73.552704 	68.007355 	66.708321 	75.960518 	
62.177166 	58.694122 	52.201534 	20.615528 	58.523499 	57.280014 	105.152267 	14.035668 	66.483078 	78.108902 	87.091904 	115.247559 	119.970833 	110.317726 	11.313708 	94.021271 	999.000000 	94.810333 	54.120235 	1.414214 	25.000000 	67.186310 	111.892807 	83.546394 	86.145226 	82.607506 	83.600243 	85.842880 	90.426765 	86.700638 	87.823685 	92.395889 	104.809349 	90.796478 	79.000000 	91.787796 	103.585716 	73.334846 	85.005882 	85.000000 	80.399002 	83.216583 	82.298241 	79.630394 	74.525162 	103.947105 	86.284416 	85.586212 	83.862984 	84.852814 	84.344528 	97.185387 	101.044548 	101.833199 	
35.227829 	40.816662 	47.707443 	83.630135 	45.188496 	46.518814 	14.142136 	103.247276 	41.484936 	33.015148 	26.683329 	24.020824 	34.058773 	21.095022 	83.600243 	1.000000 	94.810333 	999.000000 	42.638012 	94.641426 	91.400215 	53.600372 	29.546574 	42.579338 	45.122055 	48.507732 	48.662102 	47.074409 	44.271889 	48.270073 	47.539455 	44.944408 	39.698868 	48.383881 	58.137768 	48.703182 	43.600460 	65.030762 	57.870544 	58.855755 	66.189125 	64.498062 	65.375839 	68.117546 	73.027390 	52.153618 	65.924202 	68.731361 	70.455658 	70.576202 	73.437050 	67.675697 	66.309875 	75.610847 	
8.062258 	6.324555 	7.071068 	41.036568 	11.313708 	11.401754 	51.400391 	61.073727 	17.464249 	26.000000 	33.734257 	61.294373 	73.006851 	61.294373 	43.462627 	42.011902 	54.120235 	42.638012 	999.000000 	53.712196 	48.826221 	27.586229 	57.939625 	35.171009 	38.600517 	37.161808 	38.078865 	39.217342 	41.976185 	40.496914 	41.109608 	43.931767 	53.084839 	43.965897 	39.824615 	44.922153 	53.037724 	40.607880 	44.102154 	44.654228 	45.967381 	46.754681 	46.690472 	46.754681 	47.169907 	56.089214 	49.678970 	50.931328 	50.931328 	51.623638 	53.150730 	57.982758 	59.941639 	65.215027 	
61.773781 	58.180752 	51.623638 	19.416489 	57.870544 	56.612720 	104.847511 	13.000000 	65.802734 	77.491936 	86.539009 	114.908661 	120.104118 	110.344917 	11.401754 	93.861603 	1.414214 	94.641426 	53.712196 	999.000000 	23.600847 	66.272163 	111.400177 	82.764725 	85.328773 	81.743500 	82.734512 	85.000000 	89.627007 	85.842880 	86.977005 	91.591484 	104.120125 	89.944427 	78.006409 	90.934044 	102.839684 	72.249565 	84.023804 	84.005951 	79.309517 	82.152298 	81.221916 	78.517517 	73.348480 	103.097038 	85.211502 	84.480766 	82.734512 	83.725746 	83.186539 	96.130119 	100.019997 	100.717430 	
56.222771 	50.990196 	43.931767 	10.000000 	48.166378 	46.754681 	99.005051 	19.026299 	55.000000 	67.201187 	77.006493 	108.245094 	121.235306 	109.931801 	25.942244 	90.801979 	25.000000 	91.400215 	48.826221 	23.600847 	999.000000 	51.078373 	102.200783 	69.318108 	71.175842 	66.850578 	67.779053 	70.384659 	75.643906 	70.936592 	72.235725 	77.472572 	91.706055 	75.026665 	60.876926 	75.960518 	89.470665 	53.600372 	66.940269 	66.708321 	60.406952 	63.639610 	62.514000 	59.211487 	53.000000 	87.920418 	66.483078 	65.192024 	63.071388 	64.070274 	63.000000 	77.524193 	81.884064 	81.024689 	
26.832815 	22.203604 	22.203604 	48.052055 	16.278820 	16.278820 	55.542778 	68.680420 	13.341664 	21.189621 	30.413813 	62.769421 	87.572830 	74.672615 	59.076221 	53.460266 	67.186310 	53.600372 	27.586229 	66.272163 	51.078373 	999.000000 	53.907330 	18.601076 	20.124611 	15.811388 	16.763054 	19.313208 	24.596748 	19.924858 	21.189621 	26.400757 	41.048752 	24.041630 	13.000000 	25.000000 	38.470768 	13.416408 	18.439089 	18.681541 	18.384777 	19.416489 	19.209373 	19.209373 	20.880613 	37.107952 	22.472204 	23.430750 	23.345236 	24.041630 	25.612497 	31.953091 	34.928497 	38.470768 	
49.979996 	53.225933 	59.941639 	96.566040 	54.378304 	55.758408 	16.401220 	117.477661 	47.201694 	35.000000 	25.238859 	13.341664 	52.354561 	41.400482 	101.390335 	30.463093 	111.892807 	29.546574 	57.939625 	111.400177 	102.200783 	53.907330 	999.000000 	36.055511 	36.235340 	41.182522 	40.706264 	38.013157 	32.695564 	38.483765 	37.161808 	31.953091 	18.027756 	36.055511 	51.429562 	35.735138 	23.021729 	60.415230 	48.104053 	49.040798 	58.309521 	55.362442 	56.648037 	60.539242 	67.542580 	32.015621 	55.362442 	58.523499 	61.032780 	60.728905 	63.890530 	52.239830 	49.010204 	59.008472 	
29.966648 	28.861740 	33.060551 	65.459915 	26.019224 	27.000000 	40.607880 	86.377083 	18.110771 	12.041595 	16.031219 	46.238514 	76.164299 	63.198101 	74.431175 	42.755116 	83.546394 	42.579338 	35.171009 	82.764725 	69.318108 	18.601076 	36.055511 	999.000000 	3.605551 	6.000000 	6.082763 	5.000000 	7.000000 	6.403124 	6.403124 	9.000000 	22.472204 	8.944272 	16.278820 	9.848858 	20.248457 	24.698177 	15.297058 	16.278820 	24.083189 	22.022715 	23.000000 	26.172504 	32.280025 	21.095022 	23.345236 	26.172504 	28.017851 	28.071337 	31.016125 	26.627054 	26.870058 	34.669872 	
33.541019 	32.280025 	36.221542 	67.720009 	29.154760 	30.066593 	42.190044 	88.543777 	21.377558 	15.556349 	18.439089 	47.127487 	78.409180 	65.490456 	77.233414 	45.354160 	86.145226 	45.122055 	38.600517 	85.328773 	71.175842 	20.124611 	36.235340 	3.605551 	999.000000 	5.000000 	4.472136 	2.000000 	4.472136 	3.162278 	2.828427 	6.324555 	21.260292 	5.385165 	15.231546 	6.324555 	18.357559 	24.186773 	13.000000 	14.000000 	22.561028 	20.099751 	21.213203 	24.738634 	31.384710 	18.000000 	21.023796 	24.000000 	26.076809 	26.019224 	29.068884 	23.323807 	23.345236 	31.384710 	
33.015148 	30.870699 	33.955853 	63.788715 	26.925823 	27.658634 	46.529560 	84.480766 	19.697716 	17.000000 	22.022715 	51.865211 	82.152298 	69.180923 	74.027023 	48.662102 	82.607506 	48.507732 	37.161808 	81.743500 	66.850578 	15.811388 	41.182522 	6.000000 	5.000000 	999.000000 	1.000000 	3.605551 	9.219544 	4.123106 	5.385165 	10.816654 	26.172504 	8.246211 	10.440307 	9.219544 	23.021729 	19.235384 	9.486833 	10.440307 	18.110771 	16.031219 	17.000000 	20.223749 	26.570660 	21.377558 	17.464249 	20.223749 	22.022715 	22.090721 	25.019993 	21.931713 	23.021729 	29.832869 	
33.837849 	31.780497 	34.928497 	64.761101 	27.892651 	28.635643 	46.389652 	85.440041 	20.615528 	17.492855 	22.090721 	51.546097 	82.219215 	69.260376 	75.026665 	48.836460 	83.600243 	48.662102 	38.078865 	82.734512 	67.779053 	16.763054 	40.706264 	6.082763 	4.472136 	1.000000 	999.000000 	2.828427 	8.485281 	3.162278 	4.472136 	10.000000 	25.455845 	7.280110 	10.770329 	8.246211 	22.203604 	19.723083 	9.219544 	10.198039 	18.248287 	16.000000 	17.029387 	20.396078 	26.925823 	20.396078 	17.262676 	20.099751 	22.000000 	22.022715 	25.000000 	21.260292 	22.203604 	29.206163 	
34.481880 	32.893768 	36.496574 	67.186310 	29.427877 	30.265491 	44.181442 	87.931793 	21.840330 	17.029387 	20.396078 	49.040798 	80.399002 	67.475922 	77.103828 	47.296936 	85.842880 	47.074409 	39.217342 	85.000000 	70.384659 	19.313208 	38.013157 	5.000000 	2.000000 	3.605551 	2.828427 	999.000000 	5.656854 	1.414214 	2.000000 	7.211102 	22.627417 	5.000000 	13.416408 	6.000000 	19.416489 	22.472204 	11.000000 	12.000000 	20.615528 	18.110771 	19.235384 	22.803509 	29.546574 	18.110771 	19.026299 	22.000000 	24.083189 	24.020824 	27.073973 	21.633308 	21.931713 	29.681644 	
36.400551 	35.693138 	40.049969 	72.124893 	33.015148 	34.000000 	40.000000 	92.973114 	25.079872 	17.492855 	17.888544 	44.147480 	76.941536 	64.132675 	81.394104 	44.598206 	90.426765 	44.271889 	41.976185 	89.627007 	75.643906 	24.596748 	32.695564 	7.000000 	4.472136 	9.219544 	8.485281 	5.656854 	999.000000 	5.830952 	4.472136 	2.000000 	16.970562 	4.123106 	18.867962 	4.472136 	13.892444 	28.017851 	15.524175 	16.492422 	25.632011 	22.803509 	24.041630 	27.856777 	34.885529 	14.142136 	23.194826 	26.305893 	28.635643 	28.442924 	31.575306 	23.409399 	22.472204 	31.384710 	
35.846897 	34.176014 	37.656342 	67.911705 	30.594116 	31.400637 	45.099888 	88.600227 	23.086792 	18.439089 	21.587032 	49.729267 	81.498466 	68.593002 	78.057671 	48.507732 	86.700638 	48.270073 	40.496914 	85.842880 	70.936592 	19.924858 	38.483765 	6.403124 	3.162278 	4.123106 	3.162278 	1.414214 	5.830952 	999.000000 	1.414214 	7.071068 	22.671568 	4.123106 	13.038404 	5.099020 	19.209373 	22.203604 	10.049875 	11.045361 	19.924858 	17.262676 	18.439089 	22.135944 	29.068884 	17.262676 	18.000000 	21.023796 	23.194826 	23.086792 	26.172504 	20.248457 	20.518284 	28.301943 	
36.235340 	34.785053 	38.470768 	69.123077 	31.400637 	32.249031 	44.045429 	89.844307 	23.769728 	18.384777 	20.880613 	48.507732 	80.622574 	67.742157 	79.101204 	47.801674 	87.823685 	47.539455 	41.109608 	86.977005 	72.235725 	21.189621 	37.161808 	6.403124 	2.828427 	5.385165 	4.472136 	2.000000 	4.472136 	1.414214 	999.000000 	5.656854 	21.260292 	3.000000 	14.422205 	4.000000 	17.804493 	23.600847 	11.180340 	12.165525 	21.189621 	18.439089 	19.646883 	23.409399 	30.413813 	16.124516 	19.026299 	22.090721 	24.331051 	24.186773 	27.294687 	20.591261 	20.518284 	28.653097 	
38.275318 	37.656342 	42.047592 	74.040527 	35.014282 	36.000000 	40.049969 	94.868332 	27.073973 	19.235384 	18.867962 	43.737854 	77.278717 	64.536812 	83.384651 	45.310043 	92.395889 	44.944408 	43.931767 	91.591484 	77.472572 	26.400757 	31.953091 	9.000000 	6.324555 	10.816654 	10.000000 	7.211102 	2.000000 	7.071068 	5.656854 	999.000000 	15.620500 	4.123106 	20.000000 	4.000000 	12.206555 	29.206163 	16.155495 	17.088007 	26.400757 	23.409399 	24.698177 	28.635643 	35.846897 	12.165525 	23.537205 	26.683329 	29.120440 	28.861740 	32.015621 	22.803509 	21.470911 	30.675724 	
46.010868 	47.265209 	52.952808 	87.464279 	46.324940 	47.539455 	30.463093 	108.461975 	38.327538 	27.166155 	20.396078 	31.064449 	68.352028 	56.364883 	95.126228 	40.360870 	104.809349 	39.698868 	53.084839 	104.120125 	91.706055 	41.048752 	18.027756 	22.472204 	21.260292 	26.172504 	25.455845 	22.627417 	16.970562 	22.671568 	21.260292 	15.620500 	999.000000 	19.416489 	35.608986 	18.867962 	5.000000 	44.821869 	31.384710 	32.249031 	41.677334 	38.470768 	39.824615 	43.908997 	51.312767 	14.142136 	38.078865 	41.231056 	43.863426 	43.462627 	46.615448 	34.234486 	31.000000 	41.000000 	
38.910152 	37.643059 	41.436699 	72.034714 	34.365681 	35.227829 	44.011364 	92.720009 	26.683329 	20.615528 	21.931713 	47.853943 	81.049370 	68.249542 	82.097504 	48.703182 	90.796478 	48.383881 	43.965897 	89.944427 	75.026665 	24.041630 	36.055511 	8.944272 	5.385165 	8.246211 	7.280110 	5.000000 	4.123106 	4.123106 	3.000000 	4.123106 	19.416489 	999.000000 	16.278820 	1.000000 	15.556349 	25.495098 	12.083046 	13.000000 	22.360680 	19.313208 	20.615528 	24.596748 	31.906113 	13.152946 	19.416489 	22.561028 	25.000000 	24.738634 	27.892651 	19.313208 	18.601076 	27.313000 	
37.643059 	33.970577 	34.985710 	59.211487 	28.600698 	28.844410 	56.885849 	79.246452 	23.430750 	25.495098 	32.062439 	62.297672 	92.021736 	79.025314 	71.449280 	58.215118 	79.000000 	58.137768 	39.824615 	78.006409 	60.876926 	13.000000 	51.429562 	16.278820 	15.231546 	10.440307 	10.770329 	13.416408 	18.867962 	13.038404 	14.422205 	20.000000 	35.608986 	16.278820 	999.000000 	16.970562 	31.827662 	9.219544 	6.082763 	6.000000 	8.062258 	7.211102 	7.615773 	10.000000 	16.155495 	27.784887 	9.899495 	11.661903 	12.649111 	13.000000 	15.524175 	18.973665 	22.203604 	25.553865 	
39.812057 	38.600517 	42.426407 	73.006851 	35.355339 	36.221542 	44.045429 	93.680305 	27.658634 	21.400934 	22.360680 	47.675991 	81.215759 	68.447060 	83.096329 	49.040798 	91.787796 	48.703182 	44.922153 	90.934044 	75.960518 	25.000000 	35.735138 	9.848858 	6.324555 	9.219544 	8.246211 	6.000000 	4.472136 	5.099020 	4.000000 	4.000000 	18.867962 	1.000000 	16.970562 	999.000000 	14.866069 	26.172504 	12.529964 	13.416408 	22.825424 	19.697716 	21.023796 	25.059929 	32.449963 	12.165525 	19.646883 	22.803509 	25.298222 	25.000000 	28.160255 	18.973665 	18.027756 	26.925823 	
46.389652 	47.000000 	52.239830 	85.702972 	45.398239 	46.529560 	35.114101 	106.625511 	37.336308 	27.073973 	21.931713 	36.055511 	73.054771 	60.926186 	94.201912 	44.204071 	103.585716 	43.600460 	53.037724 	102.839684 	89.470665 	38.470768 	23.021729 	20.248457 	18.357559 	23.021729 	22.203604 	19.416489 	13.892444 	19.209373 	17.804493 	12.206555 	5.000000 	15.556349 	31.827662 	14.866069 	999.000000 	41.036568 	27.202942 	28.017851 	37.443291 	34.132095 	35.510563 	39.661064 	47.201694 	9.219544 	33.541019 	36.674240 	39.357338 	38.910152 	42.047592 	29.274563 	26.000000 	36.000000 	
40.249222 	35.510563 	34.655445 	53.037724 	29.410883 	29.206163 	65.000000 	72.339478 	26.570660 	32.015621 	39.812057 	70.936592 	99.080772 	86.092972 	66.708321 	65.007690 	73.334846 	65.030762 	40.607880 	72.249565 	53.600372 	13.416408 	60.415230 	24.698177 	24.186773 	19.235384 	19.723083 	22.472204 	28.017851 	22.203604 	23.600847 	29.206163 	44.821869 	25.495098 	9.219544 	26.172504 	41.036568 	999.000000 	14.422205 	13.892444 	7.071068 	10.049875 	9.000000 	6.708204 	8.000000 	36.619667 	13.000000 	12.369317 	11.180340 	12.083046 	12.806249 	24.020824 	28.284271 	28.635643 	
41.036568 	38.013157 	39.812057 	65.276337 	33.120991 	33.541019 	55.145264 	85.328773 	27.018513 	26.400757 	31.257000 	59.665737 	91.350975 	78.409180 	77.317528 	58.051701 	85.005882 	57.870544 	44.102154 	84.023804 	66.940269 	18.439089 	48.104053 	15.297058 	13.000000 	9.486833 	9.219544 	11.000000 	15.524175 	10.049875 	11.180340 	16.155495 	31.384710 	12.083046 	6.082763 	12.529964 	27.202942 	14.422205 	999.000000 	1.000000 	10.295630 	7.280110 	8.544003 	12.529964 	20.000000 	22.203604 	8.062258 	11.000000 	13.152946 	13.038404 	16.124516 	13.892444 	16.492422 	21.260292 	
41.725292 	38.600517 	40.249222 	65.192024 	33.615471 	34.000000 	56.142673 	85.158676 	27.658634 	27.313000 	32.249031 	60.638271 	92.347168 	79.404030 	77.414467 	59.033890 	85.000000 	58.855755 	44.654228 	84.005951 	66.708321 	18.681541 	49.040798 	16.278820 	14.000000 	10.440307 	10.198039 	12.000000 	16.492422 	11.045361 	12.165525 	17.088007 	32.249031 	13.000000 	6.000000 	13.416408 	28.017851 	13.892444 	1.000000 	999.000000 	9.433981 	6.324555 	7.615773 	11.661903 	19.209373 	22.803509 	7.071068 	10.000000 	12.165525 	12.041595 	15.132746 	13.416408 	16.278820 	20.615528 	
44.654228 	40.459858 	40.459858 	60.074955 	34.655445 	34.655445 	64.629715 	79.227524 	30.528675 	33.541019 	40.012497 	69.641945 	100.044991 	87.051712 	73.756355 	66.272163 	80.399002 	66.189125 	45.967381 	79.309517 	60.406952 	18.384777 	58.309521 	24.083189 	22.561028 	18.110771 	18.248287 	20.615528 	25.632011 	19.924858 	21.189621 	26.400757 	41.677334 	22.360680 	8.062258 	22.825424 	37.443291 	7.071068 	10.295630 	9.433981 	999.000000 	3.605551 	2.236068 	2.236068 	9.899495 	31.827662 	6.082763 	5.385165 	5.000000 	5.656854 	7.615773 	17.117243 	21.587032 	21.587032 	
44.821869 	41.012192 	41.617306 	63.007935 	35.468296 	35.608986 	62.289646 	82.389320 	30.610456 	32.280025 	38.052597 	66.940269 	98.183502 	85.211502 	76.295479 	64.629715 	83.216583 	64.498062 	46.754681 	82.152298 	63.639610 	19.416489 	55.362442 	22.022715 	20.099751 	16.031219 	16.000000 	18.110771 	22.803509 	17.262676 	18.439089 	23.409399 	38.470768 	19.313208 	7.211102 	19.697716 	34.132095 	10.049875 	7.280110 	6.324555 	3.605551 	999.000000 	1.414214 	5.656854 	13.453624 	28.284271 	3.162278 	4.472136 	6.000000 	6.082763 	9.000000 	14.000000 	18.248287 	19.313208 	
45.000000 	41.036568 	41.400482 	62.032249 	35.383614 	35.468296 	63.387695 	81.301903 	30.805843 	32.984844 	39.012817 	68.154236 	99.126183 	86.145226 	75.504967 	65.490456 	82.298241 	65.375839 	46.690472 	81.221916 	62.514000 	19.209373 	56.648037 	23.000000 	21.213203 	17.000000 	17.029387 	19.235384 	24.041630 	18.439089 	19.646883 	24.698177 	39.824615 	20.615528 	7.615773 	21.023796 	35.510563 	9.000000 	8.544003 	7.615773 	2.236068 	1.414214 	999.000000 	4.242640 	12.041595 	29.698484 	4.000000 	4.242640 	5.099020 	5.385165 	8.062258 	15.033297 	19.416489 	19.924858 	
45.793011 	41.400482 	41.036568 	59.211487 	35.468296 	35.383614 	66.753281 	78.102493 	31.764761 	35.355339 	42.047592 	71.840103 	102.019608 	89.022469 	73.246162 	68.183578 	79.630394 	68.117546 	46.754681 	78.517517 	59.211487 	19.209373 	60.539242 	26.172504 	24.738634 	20.223749 	20.396078 	22.803509 	27.856777 	22.135944 	23.409399 	28.635643 	43.908997 	24.596748 	10.000000 	25.059929 	39.661064 	6.708204 	12.529964 	11.661903 	2.236068 	5.656854 	4.242640 	999.000000 	7.810250 	33.941124 	7.615773 	6.000000 	4.472136 	5.385165 	6.403124 	18.439089 	23.086792 	22.203604 	
47.539455 	42.485291 	40.804413 	53.935146 	36.235340 	35.846897 	72.780495 	72.006943 	34.205261 	40.012497 	47.675991 	78.434685 	107.074738 	94.085068 	68.949257 	73.006851 	74.525162 	73.027390 	47.169907 	73.348480 	53.000000 	20.880613 	67.542580 	32.280025 	31.384710 	26.570660 	26.925823 	29.546574 	34.885529 	29.068884 	30.413813 	35.846897 	51.312767 	31.906113 	16.155495 	32.449963 	47.201694 	8.000000 	20.000000 	19.209373 	9.899495 	13.453624 	12.041595 	7.810250 	999.000000 	41.725292 	15.264338 	13.000000 	10.440307 	11.401754 	10.000000 	25.632011 	30.463093 	28.071337 	
50.289165 	49.819675 	54.147945 	85.146935 	47.095646 	48.041649 	44.271889 	105.773346 	39.204590 	31.016125 	28.425341 	45.177429 	82.219215 	70.007141 	95.189285 	52.697250 	103.947105 	52.153618 	56.089214 	103.097038 	87.920418 	37.107952 	32.015621 	21.095022 	18.000000 	21.377558 	20.396078 	18.110771 	14.142136 	17.262676 	16.124516 	12.165525 	14.142136 	13.152946 	27.784887 	12.165525 	9.219544 	36.619667 	22.203604 	22.803509 	31.827662 	28.284271 	29.698484 	33.941124 	41.725292 	999.000000 	27.018513 	30.000000 	32.802441 	32.202484 	35.227829 	20.880613 	17.117243 	27.073973 	
47.507893 	43.863426 	44.654228 	66.030296 	38.418747 	38.600517 	63.071388 	85.287750 	33.301651 	34.176014 	39.319206 	67.268120 	99.408249 	86.469650 	79.429214 	66.098412 	86.284416 	65.924202 	49.678970 	85.211502 	66.483078 	22.472204 	55.362442 	23.345236 	21.023796 	17.464249 	17.262676 	19.026299 	23.194826 	18.000000 	19.026299 	23.537205 	38.078865 	19.416489 	9.899495 	19.646883 	33.541019 	13.000000 	8.062258 	7.071068 	6.082763 	3.162278 	4.000000 	7.615773 	15.264338 	27.018513 	999.000000 	3.162278 	5.830952 	5.385165 	8.544003 	11.045361 	15.524175 	16.155495 	
49.203659 	45.276924 	45.607018 	65.192024 	39.623226 	39.698868 	66.121101 	84.095184 	35.000000 	36.687874 	42.190044 	70.405968 	102.313248 	89.358826 	79.075912 	68.883957 	85.586212 	68.731361 	50.931328 	84.480766 	65.192024 	23.430750 	58.523499 	26.172504 	24.000000 	20.223749 	20.099751 	22.000000 	26.305893 	21.023796 	22.090721 	26.683329 	41.231056 	22.561028 	11.661903 	22.803509 	36.674240 	12.369317 	11.000000 	10.000000 	5.385165 	4.472136 	4.242640 	6.000000 	13.000000 	30.000000 	3.162278 	999.000000 	2.828427 	2.236068 	5.385165 	12.649111 	17.464249 	16.278820 	
49.648766 	45.453274 	45.343136 	63.387695 	39.623226 	39.597980 	68.264191 	82.024384 	35.510563 	38.078865 	44.045429 	72.780495 	104.172935 	91.197586 	77.620872 	70.576202 	83.862984 	70.455658 	50.931328 	82.734512 	63.071388 	23.345236 	61.032780 	28.017851 	26.076809 	22.022715 	22.000000 	24.083189 	28.635643 	23.194826 	24.331051 	29.120440 	43.863426 	25.000000 	12.649111 	25.298222 	39.357338 	11.180340 	13.152946 	12.165525 	5.000000 	6.000000 	5.099020 	4.472136 	10.440307 	32.802441 	5.830952 	2.828427 	999.000000 	1.000000 	3.000000 	15.231546 	20.124611 	18.027756 	
50.219517 	46.097721 	46.097721 	64.381676 	40.311287 	40.311287 	68.183578 	83.024094 	36.055511 	38.327538 	44.102154 	72.567207 	104.235313 	91.268837 	78.587532 	70.710678 	84.852814 	70.576202 	51.623638 	83.725746 	64.070274 	24.041630 	60.728905 	28.071337 	26.019224 	22.090721 	22.022715 	24.020824 	28.442924 	23.086792 	24.186773 	28.861740 	43.462627 	24.738634 	13.000000 	25.000000 	38.910152 	12.083046 	13.038404 	12.041595 	5.656854 	6.082763 	5.385165 	5.385165 	11.401754 	32.202484 	5.385165 	2.236068 	1.000000 	999.000000 	3.162278 	14.317822 	19.235384 	17.029387 	
52.153618 	47.801674 	47.381432 	63.788715 	41.868843 	41.773197 	71.253067 	82.006096 	38.078865 	41.000000 	47.042534 	75.709976 	107.168091 	94.191292 	78.447433 	73.552704 	84.344528 	73.437050 	53.150730 	83.186539 	63.000000 	25.612497 	63.890530 	31.016125 	29.068884 	25.019993 	25.000000 	27.073973 	31.575306 	26.172504 	27.294687 	32.015621 	46.615448 	27.892651 	15.524175 	28.160255 	42.047592 	12.806249 	16.124516 	15.132746 	7.615773 	9.000000 	8.062258 	6.403124 	10.000000 	35.227829 	8.544003 	5.385165 	3.000000 	3.162278 	999.000000 	16.643316 	21.633308 	18.110771 	
54.671749 	51.865211 	53.665630 	77.006493 	47.010635 	47.413078 	62.514000 	96.332756 	40.804413 	38.600517 	41.231056 	65.030762 	100.019997 	87.321243 	90.094398 	68.007355 	97.185387 	67.675697 	57.982758 	96.130119 	77.524193 	31.953091 	52.239830 	26.627054 	23.323807 	21.931713 	21.260292 	21.633308 	23.409399 	20.248457 	20.591261 	22.803509 	34.234486 	19.313208 	18.973665 	18.973665 	29.274563 	24.020824 	13.892444 	13.416408 	17.117243 	14.000000 	15.033297 	18.439089 	25.632011 	20.880613 	11.045361 	12.649111 	15.231546 	14.317822 	16.643316 	999.000000 	5.000000 	8.062258 	
56.035702 	53.712196 	56.080299 	81.024689 	49.244289 	49.769470 	60.207973 	100.603180 	42.544094 	38.897301 	40.311287 	62.032249 	97.984695 	85.440041 	93.648277 	66.708321 	101.044548 	66.309875 	59.941639 	100.019997 	81.884064 	34.928497 	49.010204 	26.870058 	23.345236 	23.021729 	22.203604 	21.931713 	22.472204 	20.518284 	20.518284 	21.470911 	31.000000 	18.601076 	22.203604 	18.027756 	26.000000 	28.284271 	16.492422 	16.278820 	21.587032 	18.248287 	19.416489 	23.086792 	30.463093 	17.117243 	15.524175 	17.464249 	20.124611 	19.235384 	21.633308 	5.000000 	999.000000 	10.000000 	
62.289646 	59.203041 	60.539242 	81.394104 	54.083271 	54.378304 	70.035706 	100.004997 	48.270073 	46.615448 	49.244289 	72.027771 	107.707939 	95.078911 	95.341492 	75.960518 	101.833199 	75.610847 	65.215027 	100.717430 	81.024689 	38.470768 	59.008472 	34.669872 	31.384710 	29.832869 	29.206163 	29.681644 	31.384710 	28.301943 	28.653097 	30.675724 	41.000000 	27.313000 	25.553865 	26.925823 	36.000000 	28.635643 	21.260292 	20.615528 	21.587032 	19.313208 	19.924858 	22.203604 	28.071337 	27.073973 	16.155495 	16.278820 	18.027756 	17.029387 	18.110771 	8.062258 	10.000000 	999.000000 	

Travel time:
9.000000 	0.152069 	0.313249 	1.219887 	0.301040 	0.325000 	1.085415 	1.725724 	0.355317 	0.485412 	0.654313 	1.331353 	1.668270 	1.365650 	1.286954 	0.866747 	1.554429 	0.880696 	0.201556 	1.544345 	1.405569 	0.670820 	1.249500 	0.749166 	0.838525 	0.825379 	0.845946 	0.862047 	0.910014 	0.896172 	0.905883 	0.956883 	1.150272 	0.972754 	0.941076 	0.995301 	1.159741 	1.006231 	1.025914 	1.043132 	1.116356 	1.120547 	1.125000 	1.144825 	1.188486 	1.257229 	1.187697 	1.230091 	1.241219 	1.255488 	1.303840 	1.366794 	1.400892 	1.557241 	
0.152069 	9.000000 	0.176777 	1.101136 	0.158114 	0.176777 	1.202601 	1.615936 	0.279509 	0.502494 	0.711512 	1.440703 	1.818310 	1.513481 	1.209597 	1.007782 	1.467353 	1.020416 	0.158114 	1.454519 	1.274755 	0.555090 	1.330648 	0.721543 	0.807001 	0.771767 	0.794512 	0.822344 	0.892328 	0.854400 	0.869626 	0.941409 	1.181630 	0.941076 	0.849264 	0.965013 	1.175000 	0.887764 	0.950329 	0.965013 	1.011496 	1.025305 	1.025914 	1.035012 	1.062132 	1.245492 	1.096586 	1.131923 	1.136332 	1.152443 	1.195042 	1.296630 	1.342805 	1.480076 	
0.313249 	0.176777 	9.000000 	0.925338 	0.176777 	0.158114 	1.379311 	1.442220 	0.375000 	0.649038 	0.873212 	1.616516 	1.978004 	1.677982 	1.055047 	1.179248 	1.305038 	1.192686 	0.176777 	1.290591 	1.098294 	0.555090 	1.498541 	0.826514 	0.905539 	0.848896 	0.873212 	0.912414 	1.001249 	0.941409 	0.961769 	1.051190 	1.323820 	1.035918 	0.874643 	1.060660 	1.305996 	0.866386 	0.995301 	1.006231 	1.011496 	1.040433 	1.035012 	1.025914 	1.020110 	1.353699 	1.116356 	1.140175 	1.133578 	1.152443 	1.184536 	1.341641 	1.402007 	1.513481 	
1.219887 	1.101136 	0.925338 	9.000000 	1.054751 	1.020416 	2.302444 	0.525595 	1.241219 	1.544345 	1.783606 	2.541776 	2.812694 	2.537838 	0.442295 	2.074398 	0.515388 	2.090753 	1.025914 	0.485412 	0.250000 	1.201301 	2.414151 	1.636498 	1.693000 	1.594718 	1.619027 	1.679658 	1.803122 	1.697793 	1.728077 	1.851013 	2.186607 	1.800868 	1.480287 	1.825171 	2.142574 	1.325943 	1.631908 	1.629801 	1.501874 	1.575198 	1.550806 	1.480287 	1.348379 	2.128673 	1.650757 	1.629801 	1.584692 	1.609542 	1.594718 	1.925162 	2.025617 	2.034853 	
0.301040 	0.158114 	0.176777 	1.054751 	9.000000 	0.035355 	1.277204 	1.578369 	0.201556 	0.492443 	0.728869 	1.502706 	1.947113 	1.636498 	1.220912 	1.119431 	1.463087 	1.129712 	0.282843 	1.446764 	1.204159 	0.406971 	1.359458 	0.650481 	0.728869 	0.673146 	0.697316 	0.735697 	0.825379 	0.764853 	0.785016 	0.875357 	1.158123 	0.859142 	0.715017 	0.883883 	1.134956 	0.735272 	0.828025 	0.840387 	0.866386 	0.886707 	0.884590 	0.886707 	0.905883 	1.177391 	0.960469 	0.990581 	0.990581 	1.007782 	1.046721 	1.175266 	1.231107 	1.352082 	
0.325000 	0.176777 	0.158114 	1.020416 	0.035355 	9.000000 	1.312441 	1.544345 	0.230489 	0.525595 	0.763217 	1.538059 	1.978004 	1.668270 	1.191900 	1.152443 	1.432000 	1.162970 	0.285044 	1.415318 	1.168867 	0.406971 	1.393960 	0.675000 	0.751665 	0.691466 	0.715891 	0.756637 	0.850000 	0.785016 	0.806226 	0.900000 	1.188486 	0.880696 	0.721110 	0.905539 	1.163239 	0.730154 	0.838525 	0.850000 	0.866386 	0.890225 	0.886707 	0.884590 	0.896172 	1.201041 	0.965013 	0.992472 	0.989950 	1.007782 	1.044330 	1.185327 	1.244237 	1.359458 	
1.085415 	1.202601 	1.379311 	2.302444 	1.277204 	1.312441 	9.000000 	2.811139 	1.137157 	0.860959 	0.632456 	0.261008 	0.948683 	0.648556 	2.353853 	0.378319 	2.628807 	0.353553 	1.285010 	2.621188 	2.475126 	1.388569 	0.410031 	1.015197 	1.054751 	1.163239 	1.159741 	1.104536 	1.000000 	1.127497 	1.101136 	1.001249 	0.761577 	1.100284 	1.422146 	1.101136 	0.877853 	1.625000 	1.378632 	1.403567 	1.615743 	1.557241 	1.584692 	1.668832 	1.819512 	1.106797 	1.576785 	1.653028 	1.706605 	1.704589 	1.781327 	1.562850 	1.505199 	1.750893 	
1.725724 	1.615936 	1.442220 	0.525595 	1.578369 	1.544345 	2.811139 	9.000000 	1.766529 	2.069118 	2.307054 	3.055016 	3.260751 	3.002603 	0.577170 	2.563323 	0.350892 	2.581182 	1.526843 	0.325000 	0.475657 	1.717010 	2.936942 	2.159427 	2.213594 	2.112019 	2.136001 	2.198295 	2.324328 	2.215006 	2.246108 	2.371708 	2.711549 	2.318000 	1.981161 	2.342008 	2.665638 	1.808487 	2.133219 	2.128967 	1.980688 	2.059733 	2.032547 	1.952562 	1.800174 	2.644334 	2.132194 	2.102380 	2.050610 	2.075602 	2.050152 	2.408319 	2.515079 	2.500125 	
0.355317 	0.279509 	0.375000 	1.241219 	0.201556 	0.230489 	1.137157 	1.766529 	9.000000 	0.305164 	0.550568 	1.347683 	1.878330 	1.559247 	1.422146 	1.030776 	1.662077 	1.037123 	0.436606 	1.645068 	1.375000 	0.333542 	1.180042 	0.452769 	0.534439 	0.492443 	0.515388 	0.546008 	0.626997 	0.577170 	0.594243 	0.676849 	0.958188 	0.667083 	0.585769 	0.691466 	0.933408 	0.664266 	0.675463 	0.691466 	0.763217 	0.765261 	0.770146 	0.794119 	0.855132 	0.980115 	0.832541 	0.875000 	0.887764 	0.901388 	0.951972 	1.020110 	1.063602 	1.206752 	
0.485412 	0.502494 	0.649038 	1.544345 	0.492443 	0.525595 	0.860959 	2.069118 	0.305164 	9.000000 	0.247487 	1.055047 	1.676678 	1.352082 	1.703856 	0.825000 	1.952723 	0.825379 	0.650000 	1.937298 	1.680030 	0.529741 	0.875000 	0.301040 	0.388909 	0.425000 	0.437321 	0.425735 	0.437321 	0.460977 	0.459619 	0.480885 	0.679154 	0.515388 	0.637377 	0.535023 	0.676849 	0.800391 	0.660019 	0.682825 	0.838525 	0.807001 	0.824621 	0.883883 	1.000312 	0.775403 	0.854400 	0.917197 	0.951972 	0.958188 	1.025000 	0.965013 	0.972432 	1.165386 	
0.654313 	0.711512 	0.873212 	1.783606 	0.728869 	0.763217 	0.632456 	2.307054 	0.550568 	0.247487 	9.000000 	0.811249 	1.503330 	1.179248 	1.921100 	0.673146 	2.177298 	0.667083 	0.843356 	2.163475 	1.925162 	0.760345 	0.630971 	0.400780 	0.460977 	0.550568 	0.552268 	0.509902 	0.447214 	0.539676 	0.522015 	0.471699 	0.509902 	0.548293 	0.801561 	0.559017 	0.548293 	0.995301 	0.781425 	0.806226 	1.000312 	0.951315 	0.975320 	1.051190 	1.191900 	0.710634 	0.982980 	1.054751 	1.101136 	1.102554 	1.176063 	1.030776 	1.007782 	1.231107 	
1.331353 	1.440703 	1.616516 	2.541776 	1.502706 	1.538059 	0.261008 	3.055016 	1.347683 	1.055047 	0.811249 	9.000000 	0.991527 	0.743303 	2.607921 	0.625500 	2.881189 	0.600521 	1.532359 	2.872716 	2.706127 	1.569236 	0.333542 	1.155963 	1.178187 	1.296630 	1.288652 	1.226020 	1.103687 	1.243232 	1.212693 	1.093446 	0.776611 	1.196349 	1.557442 	1.191900 	0.901388 	1.773415 	1.491643 	1.515957 	1.741049 	1.673507 	1.703856 	1.796003 	1.960867 	1.129436 	1.681703 	1.760149 	1.819512 	1.814180 	1.892749 	1.625769 	1.550806 	1.800694 	
1.668270 	1.818310 	1.978004 	2.812694 	1.947113 	1.978004 	0.948683 	3.260751 	1.878330 	1.676678 	1.503330 	0.991527 	9.000000 	0.325000 	2.717651 	0.853302 	2.999271 	0.851469 	1.825171 	3.002603 	3.030883 	2.189321 	1.308864 	1.904107 	1.960230 	2.053807 	2.055480 	2.009975 	1.923538 	2.037462 	2.015564 	1.931968 	1.708801 	2.026234 	2.300543 	2.030394 	1.826369 	2.477019 	2.283774 	2.308679 	2.501125 	2.454587 	2.478155 	2.550490 	2.676868 	2.055480 	2.485206 	2.557831 	2.604323 	2.605883 	2.679202 	2.500500 	2.449617 	2.692698 	
1.365650 	1.513481 	1.677982 	2.537838 	1.636498 	1.668270 	0.648556 	3.002603 	1.559247 	1.352082 	1.179248 	0.743303 	0.325000 	9.000000 	2.475126 	0.530330 	2.757943 	0.527376 	1.532359 	2.758623 	2.748295 	1.866815 	1.035012 	1.579952 	1.637261 	1.729523 	1.731509 	1.686898 	1.603317 	1.714825 	1.693554 	1.613420 	1.409122 	1.706239 	1.975633 	1.711177 	1.523155 	2.152324 	1.960230 	1.985101 	2.176293 	2.130288 	2.153631 	2.225562 	2.352127 	1.750179 	2.161741 	2.233971 	2.279940 	2.281721 	2.354782 	2.183031 	2.136001 	2.376973 	
