Total assets = 580
Number of asset nodes = 34

Distance:
999.000000 	17.204651 	2.828427 	18.867962 	9.219544 	9.055386 	6.324555 	60.207973 	47.707443 	12.529964 	75.272835 	57.384666 	46.400433 	44.204071 	4.123106 	44.821869 	52.430908 	17.117243 	15.000000 	54.037025 	14.142136 	16.031219 	18.000000 	19.000000 	15.231546 	22.022715 	17.464249 	18.681541 	20.396078 	33.060551 	36.221542 	33.955853 	34.928497 	36.496574 	40.049969 	37.656342 	38.470768 	42.047592 	41.436699 	42.426407 	34.655445 	40.459858 	41.617306 	41.400482 	41.036568 	44.654228 	45.607018 	45.343136 	46.097721 	47.381432 	
17.204651 	999.000000 	16.970562 	2.000000 	9.433981 	10.295630 	14.422205 	77.388626 	32.310989 	8.062258 	91.923882 	74.249580 	30.413813 	28.178005 	14.317822 	28.653097 	69.634758 	8.544003 	10.049875 	71.217972 	12.000000 	11.180340 	10.770329 	11.180340 	16.000000 	12.041595 	14.317822 	15.524175 	15.231546 	22.472204 	26.076809 	26.172504 	26.907248 	27.202942 	28.635643 	28.600698 	28.844410 	30.463093 	31.384710 	32.249031 	36.400551 	39.812057 	39.446167 	39.824615 	41.231056 	41.880783 	43.908997 	44.721359 	45.177429 	47.423622 	
2.828427 	16.970562 	999.000000 	18.439089 	8.062258 	7.615773 	4.000000 	60.901562 	48.373547 	13.601471 	76.537575 	58.523499 	46.872166 	44.654228 	6.082763 	45.221676 	53.000000 	15.524175 	13.152946 	54.405884 	12.000000 	14.035668 	16.124516 	17.117243 	12.649111 	20.223749 	15.132746 	16.278820 	18.110771 	31.000000 	34.058773 	31.575306 	32.557640 	34.234486 	38.000000 	35.355339 	36.221542 	40.000000 	39.204590 	40.199501 	31.827662 	37.643059 	38.832977 	38.600517 	38.209946 	41.880783 	42.801868 	42.520584 	43.278172 	44.553337 	
18.867962 	2.000000 	18.439089 	999.000000 	10.630146 	11.401754 	15.620500 	79.075912 	31.622776 	10.049875 	93.776329 	76.059189 	29.546574 	27.313000 	16.155495 	27.730848 	71.281136 	8.062258 	10.049875 	72.801102 	12.165525 	11.000000 	10.198039 	10.440307 	16.124516 	10.816654 	14.035668 	15.132746 	14.560220 	20.808653 	24.413111 	24.758837 	25.455845 	25.612497 	26.832815 	27.018513 	27.202942 	28.635643 	29.681644 	30.528675 	35.902645 	39.000000 	38.470768 	38.910152 	40.496914 	40.816662 	42.941822 	43.863426 	44.283180 	46.615448 	
9.219544 	9.433981 	8.062258 	10.630146 	999.000000 	1.000000 	5.000000 	68.963760 	41.629318 	9.486833 	84.433403 	66.483078 	39.824615 	37.589893 	8.246211 	38.078865 	61.057350 	8.000000 	6.324555 	62.425957 	6.403124 	7.615773 	9.219544 	10.198039 	9.433981 	13.038404 	10.000000 	11.401754 	12.529964 	24.331051 	27.658634 	26.000000 	26.925823 	28.160255 	31.257000 	29.410883 	30.083218 	33.241539 	32.984844 	33.955853 	30.886890 	35.608986 	36.069378 	36.124783 	36.619667 	38.897301 	40.360870 	40.607880 	41.231056 	43.011627 	
9.055386 	10.295630 	7.615773 	11.401754 	1.000000 	999.000000 	4.242640 	68.476273 	42.544094 	10.440307 	84.118965 	66.128662 	40.706264 	38.470768 	8.544003 	38.948685 	60.539242 	8.062258 	6.082763 	61.854668 	5.830952 	7.280110 	9.055386 	10.049875 	8.602325 	13.000000 	9.433981 	10.816654 	12.083046 	24.186773 	27.459061 	25.632011 	26.570660 	27.892651 	31.144823 	29.120440 	29.832869 	33.136082 	32.756680 	33.734257 	30.016663 	34.828148 	35.355339 	35.383614 	35.805027 	38.209946 	39.623226 	39.824615 	40.459858 	42.201897 	
6.324555 	14.422205 	4.000000 	15.620500 	5.000000 	4.242640 	999.000000 	64.412735 	46.518814 	13.000000 	80.361679 	62.297672 	44.777225 	42.544094 	7.810250 	43.046486 	56.435802 	11.704700 	9.219544 	57.688820 	8.000000 	10.049875 	12.165525 	13.152946 	8.944272 	16.278820 	11.180340 	12.369317 	14.142136 	27.000000 	30.066593 	27.658634 	28.635643 	30.265491 	34.000000 	31.400637 	32.249031 	36.000000 	35.227829 	36.221542 	29.206163 	34.655445 	35.608986 	35.468296 	35.383614 	38.600517 	39.698868 	39.597980 	40.311287 	41.773197 	
60.207973 	77.388626 	60.901562 	79.075912 	68.963760 	68.476273 	64.412735 	999.000000 	105.418213 	71.400284 	21.189621 	10.198039 	104.890419 	102.825096 	63.245552 	103.585716 	8.246211 	76.026314 	73.348480 	9.219544 	71.589104 	73.824112 	76.059189 	76.967529 	70.007141 	80.112419 	73.539108 	74.094536 	76.321686 	89.196411 	91.394745 	87.361320 	88.323273 	90.801979 	95.817535 	91.482239 	92.720009 	97.718987 	95.603348 	96.566040 	75.325958 	82.219215 	85.375641 	84.291161 	81.098709 	88.277969 	87.091904 	85.023529 	86.023254 	85.005882 	
47.707443 	32.310989 	48.373547 	31.622776 	41.629318 	42.544094 	46.518814 	105.418213 	999.000000 	35.227829 	116.764717 	100.424103 	3.605551 	5.099020 	43.829212 	5.385165 	98.290382 	39.051247 	41.484936 	100.498756 	43.680660 	42.201897 	40.792156 	40.607880 	47.539455 	39.204590 	44.911022 	45.705578 	44.407207 	42.579338 	45.122055 	48.507732 	48.662102 	47.074409 	44.271889 	48.270073 	47.539455 	44.944408 	48.383881 	48.703182 	65.030762 	66.189125 	64.498062 	65.375839 	68.117546 	65.924202 	68.731361 	70.455658 	70.576202 	73.437050 	
12.529964 	8.062258 	13.601471 	10.049875 	9.486833 	10.440307 	13.000000 	71.400284 	35.227829 	999.000000 	85.000000 	67.601776 	34.058773 	31.890438 	8.602325 	32.557640 	63.890530 	14.212670 	14.212670 	65.795135 	15.264338 	15.620500 	16.278820 	17.029387 	18.788294 	18.867962 	18.601076 	20.000000 	20.518284 	29.966648 	33.541019 	33.015148 	33.837849 	34.481880 	36.400551 	35.846897 	36.235340 	38.275318 	38.910152 	39.812057 	40.249222 	44.654228 	44.821869 	45.000000 	45.793011 	47.507893 	49.203659 	49.648766 	50.219517 	52.153618 	
75.272835 	91.923882 	76.537575 	93.776329 	84.433403 	84.118965 	80.361679 	21.189621 	116.764717 	85.000000 	999.000000 	18.248287 	116.811813 	114.908661 	77.620872 	115.762688 	28.442924 	92.048897 	89.560036 	30.364452 	88.056801 	90.249657 	92.444580 	93.407707 	87.097649 	96.566040 	90.470993 	91.219513 	93.391647 	106.512909 	109.041275 	105.380264 	106.367287 	108.673820 	113.357841 	109.489723 	110.643570 	115.316956 	113.600174 	114.586212 	95.000000 	102.004898 	105.004761 	104.000000 	101.044548 	108.000000 	107.042046 	105.118980 	106.117859 	105.304321 	
57.384666 	74.249580 	58.523499 	76.059189 	66.483078 	66.128662 	62.297672 	10.198039 	100.424103 	67.601776 	18.248287 	999.000000 	100.209778 	98.229324 	59.933296 	99.045441 	12.806249 	74.000000 	71.470276 	16.278820 	69.921387 	72.124893 	74.330345 	75.286118 	68.883957 	78.447433 	72.277245 	73.006851 	75.186432 	88.294960 	90.801979 	87.132080 	88.119240 	90.426765 	95.126228 	91.241440 	92.395889 	97.082436 	95.351982 	96.337944 	77.058418 	84.095184 	87.022987 	86.052307 	83.216583 	90.049988 	89.202019 	87.367043 	88.362885 	87.692642 	
46.400433 	30.413813 	46.872166 	29.546574 	39.824615 	40.706264 	44.777225 	104.890419 	3.605551 	34.058773 	116.811813 	100.209778 	999.000000 	2.236068 	42.638012 	2.000000 	97.621719 	36.687874 	39.217342 	99.704567 	41.436699 	39.849716 	38.327538 	38.078865 	45.221676 	36.496574 	42.449970 	43.174065 	41.773197 	39.319206 	41.773197 	45.276924 	45.398239 	43.737854 	40.804413 	44.911022 	44.147480 	41.436699 	44.922153 	45.221676 	62.128899 	63.071388 	61.294373 	62.201286 	65.030762 	62.649822 	65.490456 	67.268120 	67.364677 	70.256676 	
44.204071 	28.178005 	44.654228 	27.313000 	37.589893 	38.470768 	42.544094 	102.825096 	5.099020 	31.890438 	114.908661 	98.229324 	2.236068 	999.000000 	40.459858 	1.000000 	95.524864 	34.481880 	37.000000 	97.580734 	39.217342 	37.643059 	36.138622 	35.902645 	43.011627 	34.365681 	40.261642 	41.000000 	39.623226 	37.483330 	40.024994 	43.416588 	43.566040 	41.976185 	39.217342 	43.174065 	42.449970 	39.924931 	43.324360 	43.657761 	60.074955 	61.131008 	59.413803 	60.299255 	63.071388 	60.827625 	63.639610 	65.375839 	65.490456 	68.359344 	
4.123106 	14.317822 	6.082763 	16.155495 	8.246211 	8.544003 	7.810250 	63.245552 	43.829212 	8.602325 	77.620872 	59.933296 	42.638012 	40.459858 	999.000000 	41.109608 	55.605755 	16.124516 	14.560220 	57.384666 	14.317822 	15.811388 	17.464249 	18.439089 	16.401220 	21.213203 	17.888544 	19.235384 	20.615528 	32.557640 	35.902645 	34.176014 	35.114101 	36.400551 	39.458839 	37.643059 	38.327538 	41.436699 	41.231056 	42.201897 	37.013512 	42.426407 	43.278172 	43.185646 	43.185646 	46.227695 	47.423622 	47.381432 	48.083260 	49.578220 	
44.821869 	28.653097 	45.221676 	27.730848 	38.078865 	38.948685 	43.046486 	103.585716 	5.385165 	32.557640 	115.762688 	99.045441 	2.000000 	1.000000 	41.109608 	999.000000 	96.260063 	34.785053 	37.336308 	98.290382 	39.560081 	37.947330 	36.400551 	36.138622 	43.324360 	34.525352 	40.521599 	41.231056 	39.812057 	37.336308 	39.812057 	43.289722 	43.416588 	41.773197 	38.897301 	42.953465 	42.201897 	39.560081 	43.011627 	43.324360 	60.133186 	61.073727 	59.304298 	60.207973 	63.031738 	60.671246 	63.505905 	65.276337 	65.375839 	68.264191 	
52.430908 	69.634758 	53.000000 	71.281136 	61.057350 	60.539242 	56.435802 	8.246211 	98.290382 	63.890530 	28.442924 	12.806249 	97.621719 	95.524864 	55.605755 	96.260063 	999.000000 	68.000000 	65.299309 	4.123106 	63.505905 	65.741920 	67.977936 	68.876701 	61.846584 	72.013885 	65.391129 	65.924202 	68.154236 	80.993828 	83.168503 	79.120163 	80.081207 	82.565125 	87.595665 	83.240616 	84.480766 	89.493019 	87.361320 	88.323273 	67.186310 	74.108032 	77.233414 	76.164299 	73.027390 	80.156097 	79.025314 	77.000000 	78.000000 	77.058418 	
17.117243 	8.544003 	15.524175 	8.062258 	8.000000 	8.062258 	11.704700 	76.026314 	39.051247 	14.212670 	92.048897 	74.000000 	36.687874 	34.481880 	16.124516 	34.785053 	68.000000 	999.000000 	2.828427 	69.115845 	5.000000 	3.162278 	2.236068 	2.828427 	8.544003 	5.099020 	6.000000 	7.071068 	6.708204 	16.492422 	19.924858 	18.867962 	19.723083 	20.615528 	23.345236 	21.931713 	22.472204 	25.317978 	25.298222 	26.248810 	27.892651 	31.304953 	31.064449 	31.384710 	32.695564 	33.600594 	35.510563 	36.235340 	36.715118 	38.910152 	
15.000000 	10.049875 	13.152946 	10.049875 	6.324555 	6.082763 	9.219544 	73.348480 	41.484936 	14.212670 	89.560036 	71.470276 	39.217342 	37.000000 	14.560220 	37.336308 	65.299309 	2.828427 	999.000000 	66.370171 	2.236068 	1.414214 	3.000000 	4.000000 	6.082763 	7.071068 	4.472136 	5.830952 	6.403124 	18.110771 	21.377558 	19.697716 	20.615528 	21.840330 	25.079872 	23.086792 	23.769728 	27.073973 	26.683329 	27.658634 	26.570660 	30.528675 	30.610456 	30.805843 	31.764761 	33.301651 	35.000000 	35.510563 	36.055511 	38.078865 	
54.037025 	71.217972 	54.405884 	72.801102 	62.425957 	61.854668 	57.688820 	9.219544 	100.498756 	65.795135 	30.364452 	16.278820 	99.704567 	97.580734 	57.384666 	98.290382 	4.123106 	69.115845 	66.370171 	999.000000 	64.498062 	66.730804 	68.963760 	69.835518 	62.609905 	72.945183 	66.189125 	66.640831 	68.876701 	81.541397 	83.570328 	79.378838 	80.324341 	82.873398 	88.022728 	83.486526 	84.758484 	89.888817 	87.595665 	88.543777 	66.610809 	73.437050 	76.655075 	75.538071 	72.249565 	79.511009 	78.230431 	76.105194 	77.103828 	76.006577 	
14.142136 	12.000000 	12.000000 	12.165525 	6.403124 	5.830952 	8.000000 	71.589104 	43.680660 	15.264338 	88.056801 	69.921387 	41.436699 	39.217342 	14.317822 	39.560081 	63.505905 	5.000000 	2.236068 	64.498062 	999.000000 	2.236068 	4.472136 	5.385165 	4.000000 	8.544003 	3.605551 	5.000000 	6.324555 	19.000000 	22.090721 	19.924858 	20.880613 	22.360680 	26.000000 	23.537205 	24.331051 	28.000000 	27.294687 	28.284271 	25.079872 	29.410883 	29.732138 	29.832869 	30.528675 	32.526913 	34.058773 	34.409302 	35.000000 	36.891735 	
16.031219 	11.180340 	14.035668 	11.000000 	7.615773 	7.280110 	10.049875 	73.824112 	42.201897 	15.620500 	90.249657 	72.124893 	39.849716 	37.643059 	15.811388 	37.947330 	65.741920 	3.162278 	1.414214 	66.730804 	2.236068 	999.000000 	2.236068 	3.162278 	5.385165 	6.324555 	3.162278 	4.472136 	5.000000 	17.029387 	20.223749 	18.384777 	19.313208 	20.615528 	24.020824 	21.840330 	22.561028 	26.019224 	25.495098 	26.476404 	25.298222 	29.154760 	29.206163 	29.410883 	30.413813 	31.890438 	33.600594 	34.132095 	34.669872 	36.715118 	
18.000000 	10.770329 	16.124516 	10.198039 	9.219544 	9.055386 	12.165525 	76.059189 	40.792156 	16.278820 	92.444580 	74.330345 	38.327538 	36.138622 	17.464249 	36.400551 	67.977936 	2.236068 	3.000000 	68.963760 	4.472136 	2.236068 	999.000000 	1.000000 	7.211102 	4.123106 	4.123106 	5.000000 	4.472136 	15.132746 	18.439089 	17.000000 	17.888544 	18.973665 	22.090721 	20.248457 	20.880613 	24.083189 	23.769728 	24.738634 	25.709921 	29.068884 	28.844410 	29.154760 	30.463093 	31.400637 	33.286633 	34.000000 	34.481880 	36.674240 	
19.000000 	11.180340 	17.117243 	10.440307 	10.198039 	10.049875 	13.152946 	76.967529 	40.607880 	17.029387 	93.407707 	75.286118 	38.078865 	35.902645 	18.439089 	36.138622 	68.876701 	2.828427 	4.000000 	69.835518 	5.385165 	3.162278 	1.000000 	999.000000 	7.810250 	3.162278 	4.472136 	5.099020 	4.123106 	14.142136 	17.464249 	16.124516 	17.000000 	18.027756 	21.095022 	19.313208 	19.924858 	23.086792 	22.803509 	23.769728 	25.495098 	28.635643 	28.301943 	28.653097 	30.083218 	30.805843 	32.756680 	33.541019 	34.000000 	36.249138 	
15.231546 	16.000000 	12.649111 	16.124516 	9.433981 	8.602325 	8.944272 	70.007141 	47.539455 	18.788294 	87.097649 	68.883957 	45.221676 	43.011627 	16.401220 	43.324360 	61.846584 	8.544003 	6.082763 	62.609905 	4.000000 	5.385165 	7.211102 	7.810250 	999.000000 	10.630146 	3.605551 	4.123106 	6.324555 	19.416489 	22.090721 	19.104973 	20.099751 	22.000000 	26.305893 	23.021729 	24.000000 	28.284271 	27.000000 	28.000000 	21.470911 	26.248810 	26.907248 	26.870058 	27.202942 	29.832869 	31.112698 	31.240999 	31.890438 	33.600594 	
22.022715 	12.041595 	20.223749 	10.816654 	13.038404 	13.000000 	16.278820 	80.112419 	39.204590 	18.867962 	96.566040 	78.447433 	36.496574 	34.365681 	21.213203 	34.525352 	72.013885 	5.099020 	7.071068 	72.945183 	8.544003 	6.324555 	4.123106 	3.162278 	10.630146 	999.000000 	7.071068 	7.211102 	5.385165 	11.401754 	14.866069 	14.212670 	15.000000 	15.652476 	18.248287 	17.000000 	17.464249 	20.223749 	20.248457 	21.189621 	26.076809 	28.460499 	27.730848 	28.231188 	30.083218 	30.016663 	32.202484 	33.241539 	33.615471 	36.055511 	
17.464249 	14.317822 	15.132746 	14.035668 	10.000000 	9.433981 	11.180340 	73.539108 	44.911022 	18.601076 	90.470993 	72.277245 	42.449970 	40.261642 	17.888544 	40.521599 	65.391129 	6.000000 	4.472136 	66.189125 	3.605551 	3.162278 	4.123106 	4.472136 	3.605551 	7.071068 	999.000000 	1.414214 	3.000000 	16.124516 	19.000000 	16.492422 	17.464249 	19.104973 	23.086792 	20.223749 	21.095022 	25.079872 	24.083189 	25.079872 	22.135944 	26.076809 	26.248810 	26.400757 	27.294687 	29.000000 	30.610456 	31.064449 	31.622776 	33.615471 	
18.681541 	15.524175 	16.278820 	15.132746 	11.401754 	10.816654 	12.369317 	74.094536 	45.705578 	20.000000 	91.219513 	73.006851 	43.174065 	41.000000 	19.235384 	41.231056 	65.924202 	7.071068 	5.830952 	66.640831 	5.000000 	4.472136 	5.000000 	5.099020 	4.123106 	7.211102 	1.414214 	999.000000 	2.236068 	15.297058 	18.027756 	15.297058 	16.278820 	18.027756 	22.203604 	19.104973 	20.024984 	24.186773 	23.021729 	24.020824 	20.880613 	24.698177 	24.839485 	25.000000 	25.942244 	27.586229 	29.206163 	29.681644 	30.232433 	32.249031 	
20.396078 	15.231546 	18.110771 	14.560220 	12.529964 	12.083046 	14.142136 	76.321686 	44.407207 	20.518284 	93.391647 	75.186432 	41.773197 	39.623226 	20.615528 	39.812057 	68.154236 	6.708204 	6.403124 	68.876701 	6.324555 	5.000000 	4.472136 	4.123106 	6.324555 	5.385165 	3.000000 	2.236068 	999.000000 	13.152946 	16.000000 	13.601471 	14.560220 	16.124516 	20.099751 	17.262676 	18.110771 	22.090721 	21.095022 	22.090721 	21.377558 	24.596748 	24.413111 	24.698177 	26.000000 	27.018513 	28.844410 	29.529646 	30.016663 	32.202484 	
33.060551 	22.472204 	31.000000 	20.808653 	24.331051 	24.186773 	27.000000 	89.196411 	42.579338 	29.966648 	106.512909 	88.294960 	39.319206 	37.483330 	32.557640 	37.336308 	80.993828 	16.492422 	18.110771 	81.541397 	19.000000 	17.029387 	15.132746 	14.142136 	19.416489 	11.401754 	16.124516 	15.297058 	13.152946 	999.000000 	3.605551 	6.000000 	6.082763 	5.000000 	7.000000 	6.403124 	6.403124 	9.000000 	8.944272 	9.848858 	24.698177 	24.083189 	22.022715 	23.000000 	26.172504 	23.345236 	26.172504 	28.017851 	28.071337 	31.016125 	
36.221542 	26.076809 	34.058773 	24.413111 	27.658634 	27.459061 	30.066593 	91.394745 	45.122055 	33.541019 	109.041275 	90.801979 	41.773197 	40.024994 	35.902645 	39.812057 	83.168503 	19.924858 	21.377558 	83.570328 	22.090721 	20.223749 	18.439089 	17.464249 	22.090721 	14.866069 	19.000000 	18.027756 	16.000000 	3.605551 	999.000000 	5.000000 	4.472136 	2.000000 	4.472136 	3.162278 	2.828427 	6.324555 	5.385165 	6.324555 	24.186773 	22.561028 	20.099751 	21.213203 	24.738634 	21.023796 	24.000000 	26.076809 	26.019224 	29.068884 	
33.955853 	26.172504 	31.575306 	24.758837 	26.000000 	25.632011 	27.658634 	87.361320 	48.507732 	33.015148 	105.380264 	87.132080 	45.276924 	43.416588 	34.176014 	43.289722 	79.120163 	18.867962 	19.697716 	79.378838 	19.924858 	18.384777 	17.000000 	16.124516 	19.104973 	14.212670 	16.492422 	15.297058 	13.601471 	6.000000 	5.000000 	999.000000 	1.000000 	3.605551 	9.219544 	4.123106 	5.385165 	10.816654 	8.246211 	9.219544 	19.235384 	18.110771 	16.031219 	17.000000 	20.223749 	17.464249 	20.223749 	22.022715 	22.090721 	25.019993 	
34.928497 	26.907248 	32.557640 	25.455845 	26.925823 	26.570660 	28.635643 	88.323273 	48.662102 	33.837849 	106.367287 	88.119240 	45.398239 	43.566040 	35.114101 	43.416588 	80.081207 	19.723083 	20.615528 	80.324341 	20.880613 	19.313208 	17.888544 	17.000000 	20.099751 	15.000000 	17.464249 	16.278820 	14.560220 	6.082763 	4.472136 	1.000000 	999.000000 	2.828427 	8.485281 	3.162278 	4.472136 	10.000000 	7.280110 	8.246211 	19.723083 	18.248287 	16.000000 	17.029387 	20.396078 	17.262676 	20.099751 	22.000000 	22.022715 	25.000000 	
36.496574 	27.202942 	34.234486 	25.612497 	28.160255 	27.892651 	30.265491 	90.801979 	47.074409 	34.481880 	108.673820 	90.426765 	43.737854 	41.976185 	36.400551 	41.773197 	82.565125 	20.615528 	21.840330 	82.873398 	22.360680 	20.615528 	18.973665 	18.027756 	22.000000 	15.652476 	19.104973 	18.027756 	16.124516 	5.000000 	2.000000 	3.605551 	2.828427 	999.000000 	5.656854 	1.414214 	2.000000 	7.211102 	5.000000 	6.000000 	22.472204 	20.615528 	18.110771 	19.235384 	22.803509 	19.026299 	22.000000 	24.083189 	24.020824 	27.073973 	
40.049969 	28.635643 	38.000000 	26.832815 	31.257000 	31.144823 	34.000000 	95.817535 	44.271889 	36.400551 	113.357841 	95.126228 	40.804413 	39.217342 	39.458839 	38.897301 	87.595665 	23.345236 	25.079872 	88.022728 	26.000000 	24.020824 	22.090721 	21.095022 	26.305893 	18.248287 	23.086792 	22.203604 	20.099751 	7.000000 	4.472136 	9.219544 	8.485281 	5.656854 	999.000000 	5.830952 	4.472136 	2.000000 	4.123106 	4.472136 	28.017851 	25.632011 	22.803509 	24.041630 	27.856777 	23.194826 	26.305893 	28.635643 	28.442924 	31.575306 	
37.656342 	28.600698 	35.355339 	27.018513 	29.410883 	29.120440 	31.400637 	91.482239 	48.270073 	35.846897 	109.489723 	91.241440 	44.911022 	43.174065 	37.643059 	42.953465 	83.240616 	21.931713 	23.086792 	83.486526 	23.537205 	21.840330 	20.248457 	19.313208 	23.021729 	17.000000 	20.223749 	19.104973 	17.262676 	6.403124 	3.162278 	4.123106 	3.162278 	1.414214 	5.830952 	999.000000 	1.414214 	7.071068 	4.123106 	5.099020 	22.203604 	19.924858 	17.262676 	18.439089 	22.135944 	18.000000 	21.023796 	23.194826 	23.086792 	26.172504 	
38.470768 	28.844410 	36.221542 	27.202942 	30.083218 	29.832869 	32.249031 	92.720009 	47.539455 	36.235340 	110.643570 	92.395889 	44.147480 	42.449970 	38.327538 	42.201897 	84.480766 	22.472204 	23.769728 	84.758484 	24.331051 	22.561028 	20.880613 	19.924858 	24.000000 	17.464249 	21.095022 	20.024984 	18.110771 	6.403124 	2.828427 	5.385165 	4.472136 	2.000000 	4.472136 	1.414214 	999.000000 	5.656854 	3.000000 	4.000000 	23.600847 	21.189621 	18.439089 	19.646883 	23.409399 	19.026299 	22.090721 	24.331051 	24.186773 	27.294687 	
42.047592 	30.463093 	40.000000 	28.635643 	33.241539 	33.136082 	36.000000 	97.718987 	44.944408 	38.275318 	115.316956 	97.082436 	41.436699 	39.924931 	41.436699 	39.560081 	89.493019 	25.317978 	27.073973 	89.888817 	28.000000 	26.019224 	24.083189 	23.086792 	28.284271 	20.223749 	25.079872 	24.186773 	22.090721 	9.000000 	6.324555 	10.816654 	10.000000 	7.211102 	2.000000 	7.071068 	5.656854 	999.000000 	4.123106 	4.000000 	29.206163 	26.400757 	23.409399 	24.698177 	28.635643 	23.537205 	26.683329 	29.120440 	28.861740 	32.015621 	
41.436699 	31.384710 	39.204590 	29.681644 	32.984844 	32.756680 	35.227829 	95.603348 	48.383881 	38.910152 	113.600174 	95.351982 	44.922153 	43.324360 	41.231056 	43.011627 	87.361320 	25.298222 	26.683329 	87.595665 	27.294687 	25.495098 	23.769728 	22.803509 	27.000000 	20.248457 	24.083189 	23.021729 	21.095022 	8.944272 	5.385165 	8.246211 	7.280110 	5.000000 	4.123106 	4.123106 	3.000000 	4.123106 	999.000000 	1.000000 	25.495098 	22.360680 	19.313208 	20.615528 	24.596748 	19.416489 	22.561028 	25.000000 	24.738634 	27.892651 	
42.426407 	32.249031 	40.199501 	30.528675 	33.955853 	33.734257 	36.221542 	96.566040 	48.703182 	39.812057 	114.586212 	96.337944 	45.221676 	43.657761 	42.201897 	43.324360 	88.323273 	26.248810 	27.658634 	88.543777 	28.284271 	26.476404 	24.738634 	23.769728 	28.000000 	21.189621 	25.079872 	24.020824 	22.090721 	9.848858 	6.324555 	9.219544 	8.246211 	6.000000 	4.472136 	5.099020 	4.000000 	4.000000 	1.000000 	999.000000 	26.172504 	22.825424 	19.697716 	21.023796 	25.059929 	19.646883 	22.803509 	25.298222 	25.000000 	28.160255 	
34.655445 	36.400551 	31.827662 	35.902645 	30.886890 	30.016663 	29.206163 	75.325958 	65.030762 	40.249222 	95.000000 	77.058418 	62.128899 	60.074955 	37.013512 	60.133186 	67.186310 	27.892651 	26.570660 	66.610809 	25.079872 	25.298222 	25.709921 	25.495098 	21.470911 	26.076809 	22.135944 	20.880613 	21.377558 	24.698177 	24.186773 	19.235384 	19.723083 	22.472204 	28.017851 	22.203604 	23.600847 	29.206163 	25.495098 	26.172504 	999.000000 	7.071068 	10.049875 	9.000000 	6.708204 	13.000000 	12.369317 	11.180340 	12.083046 	12.806249 	
40.459858 	39.812057 	37.643059 	39.000000 	35.608986 	34.828148 	34.655445 	82.219215 	66.189125 	44.654228 	102.004898 	84.095184 	63.071388 	61.131008 	42.426407 	61.073727 	74.108032 	31.304953 	30.528675 	73.437050 	29.410883 	29.154760 	29.068884 	28.635643 	26.248810 	28.460499 	26.076809 	24.698177 	24.596748 	24.083189 	22.561028 	18.110771 	18.248287 	20.615528 	25.632011 	19.924858 	21.189621 	26.400757 	22.360680 	22.825424 	7.071068 	999.000000 	3.605551 	2.236068 	2.236068 	6.082763 	5.385165 	5.000000 	5.656854 	7.615773 	
41.617306 	39.446167 	38.832977 	38.470768 	36.069378 	35.355339 	35.608986 	85.375641 	64.498062 	44.821869 	105.004761 	87.022987 	61.294373 	59.413803 	43.278172 	59.304298 	77.233414 	31.064449 	30.610456 	76.655075 	29.732138 	29.206163 	28.844410 	28.301943 	26.907248 	27.730848 	26.248810 	24.839485 	24.413111 	22.022715 	20.099751 	16.031219 	16.000000 	18.110771 	22.803509 	17.262676 	18.439089 	23.409399 	19.313208 	19.697716 	10.049875 	3.605551 	999.000000 	1.414214 	5.656854 	3.162278 	4.472136 	6.000000 	6.082763 	9.000000 	
41.400482 	39.824615 	38.600517 	38.910152 	36.124783 	35.383614 	35.468296 	84.291161 	65.375839 	45.000000 	104.000000 	86.052307 	62.201286 	60.299255 	43.185646 	60.207973 	76.164299 	31.384710 	30.805843 	75.538071 	29.832869 	29.410883 	29.154760 	28.653097 	26.870058 	28.231188 	26.400757 	25.000000 	24.698177 	23.000000 	21.213203 	17.000000 	17.029387 	19.235384 	24.041630 	18.439089 	19.646883 	24.698177 	20.615528 	21.023796 	9.000000 	2.236068 	1.414214 	999.000000 	4.242640 	4.000000 	4.242640 	5.099020 	5.385165 	8.062258 	
41.036568 	41.231056 	38.209946 	40.496914 	36.619667 	35.805027 	35.383614 	81.098709 	68.117546 	45.793011 	101.044548 	83.216583 	65.030762 	63.071388 	43.185646 	63.031738 	73.027390 	32.695564 	31.764761 	72.249565 	30.528675 	30.413813 	30.463093 	30.083218 	27.202942 	30.083218 	27.294687 	25.942244 	26.000000 	26.172504 	24.738634 	20.223749 	20.396078 	22.803509 	27.856777 	22.135944 	23.409399 	28.635643 	24.596748 	25.059929 	6.708204 	2.236068 	5.656854 	4.242640 	999.000000 	7.615773 	6.000000 	4.472136 	5.385165 	6.403124 	
44.654228 	41.880783 	41.880783 	40.816662 	38.897301 	38.209946 	38.600517 	88.277969 	65.924202 	47.507893 	108.000000 	90.049988 	62.649822 	60.827625 	46.227695 	60.671246 	80.156097 	33.600594 	33.301651 	79.511009 	32.526913 	31.890438 	31.400637 	30.805843 	29.832869 	30.016663 	29.000000 	27.586229 	27.018513 	23.345236 	21.023796 	17.464249 	17.262676 	19.026299 	23.194826 	18.000000 	19.026299 	23.537205 	19.416489 	19.646883 	13.000000 	6.082763 	3.162278 	4.000000 	7.615773 	999.000000 	3.162278 	5.830952 	5.385165 	8.544003 	
45.607018 	43.908997 	42.801868 	42.941822 	40.360870 	39.623226 	39.698868 	87.091904 	68.731361 	49.203659 	107.042046 	89.202019 	65.490456 	63.639610 	47.423622 	63.505905 	79.025314 	35.510563 	35.000000 	78.230431 	34.058773 	33.600594 	33.286633 	32.756680 	31.112698 	32.202484 	30.610456 	29.206163 	28.844410 	26.172504 	24.000000 	20.223749 	20.099751 	22.000000 	26.305893 	21.023796 	22.090721 	26.683329 	22.561028 	22.803509 	12.369317 	5.385165 	4.472136 	4.242640 	6.000000 	3.162278 	999.000000 	2.828427 	2.236068 	5.385165 	
45.343136 	44.721359 	42.520584 	43.863426 	40.607880 	39.824615 	39.597980 	85.023529 	70.455658 	49.648766 	105.118980 	87.367043 	67.268120 	65.375839 	47.381432 	65.276337 	77.000000 	36.235340 	35.510563 	76.105194 	34.409302 	34.132095 	34.000000 	33.541019 	31.240999 	33.241539 	31.064449 	29.681644 	29.529646 	28.017851 	26.076809 	22.022715 	22.000000 	24.083189 	28.635643 	23.194826 	24.331051 	29.120440 	25.000000 	25.298222 	11.180340 	5.000000 	6.000000 	5.099020 	4.472136 	5.830952 	2.828427 	999.000000 	1.000000 	3.000000 	
46.097721 	45.177429 	43.278172 	44.283180 	41.231056 	40.459858 	40.311287 	86.023254 	70.576202 	50.219517 	106.117859 	88.362885 	67.364677 	65.490456 	48.083260 	65.375839 	78.000000 	36.715118 	36.055511 	77.103828 	35.000000 	34.669872 	34.481880 	34.000000 	31.890438 	33.615471 	31.622776 	30.232433 	30.016663 	28.071337 	26.019224 	22.090721 	22.022715 	24.020824 	28.442924 	23.086792 	24.186773 	28.861740 	24.738634 	25.000000 	12.083046 	5.656854 	6.082763 	5.385165 	5.385165 	5.385165 	2.236068 	1.000000 	999.000000 	3.162278 	
47.381432 	47.423622 	44.553337 	46.615448 	43.011627 	42.201897 	41.773197 	85.005882 	73.437050 	52.153618 	105.304321 	87.692642 	70.256676 	68.359344 	49.578220 	68.264191 	77.058418 	38.910152 	38.078865 	76.006577 	36.891735 	36.715118 	36.674240 	36.249138 	33.600594 	36.055511 	33.615471 	32.249031 	32.202484 	31.016125 	29.068884 	25.019993 	25.000000 	27.073973 	31.575306 	26.172504 	27.294687 	32.015621 	27.892651 	28.160255 	12.806249 	7.615773 	9.000000 	8.062258 	6.403124 	8.544003 	5.385165 	3.000000 	3.162278 	999.000000 	

Travel time:
9.000000 	0.430116 	0.070711 	0.471699 	0.230489 	0.226385 	0.158114 	1.505199 	1.192686 	0.313249 	1.881821 	1.434617 	1.160011 	1.105102 	0.103078 	1.120547 	1.310773 	0.427931 	0.375000 	1.350926 	0.353553 	0.400780 	0.450000 	0.475000 	0.380789 	0.550568 	0.436606 	0.467039 	0.509902 	0.826514 	0.905539 	0.848896 	0.873212 	0.912414 	1.001249 	0.941409 	0.961769 	1.051190 	1.035918 	1.060660 	0.866386 	1.011496 	1.040433 	1.035012 	1.025914 	1.116356 	1.140175 	1.133578 	1.152443 	1.184536 	
0.430116 	9.000000 	0.424264 	0.050000 	0.235850 	0.257391 	0.360555 	1.934716 	0.807775 	0.201556 	2.298097 	1.856240 	0.760345 	0.704450 	0.357946 	0.716327 	1.740869 	0.213600 	0.251247 	1.780449 	0.300000 	0.279509 	0.269258 	0.279509 	0.400000 	0.301040 	0.357946 	0.388104 	0.380789 	0.561805 	0.651920 	0.654313 	0.672681 	0.680074 	0.715891 	0.715017 	0.721110 	0.761577 	0.784618 	0.806226 	0.910014 	0.995301 	0.986154 	0.995615 	1.030776 	1.047020 	1.097725 	1.118034 	1.129436 	1.185591 	
0.070711 	0.424264 	9.000000 	0.460977 	0.201556 	0.190394 	0.100000 	1.522539 	1.209339 	0.340037 	1.913439 	1.463087 	1.171804 	1.116356 	0.152069 	1.130542 	1.325000 	0.388104 	0.328824 	1.360147 	0.300000 	0.350892 	0.403113 	0.427931 	0.316228 	0.505594 	0.378319 	0.406971 	0.452769 	0.775000 	0.851469 	0.789383 	0.813941 	0.855862 	0.950000 	0.883883 	0.905539 	1.000000 	0.980115 	1.004987 	0.795692 	0.941076 	0.970824 	0.965013 	0.955249 	1.047020 	1.070047 	1.063015 	1.081954 	1.113833 	
0.471699 	0.050000 	0.460977 	9.000000 	0.265754 	0.285044 	0.390512 	1.976898 	0.790569 	0.251247 	2.344408 	1.901480 	0.738664 	0.682825 	0.403887 	0.693271 	1.782028 	0.201556 	0.251247 	1.820028 	0.304138 	0.275000 	0.254951 	0.261008 	0.403113 	0.270416 	0.350892 	0.378319 	0.364006 	0.520216 	0.610328 	0.618971 	0.636396 	0.640312 	0.670820 	0.675463 	0.680074 	0.715891 	0.742041 	0.763217 	0.897566 	0.975000 	0.961769 	0.972754 	1.012423 	1.020416 	1.073546 	1.096586 	1.107080 	1.165386 	
0.230489 	0.235850 	0.201556 	0.265754 	9.000000 	0.025000 	0.125000 	1.724094 	1.040733 	0.237171 	2.110835 	1.662077 	0.995615 	0.939747 	0.206155 	0.951972 	1.526434 	0.200000 	0.158114 	1.560649 	0.160078 	0.190394 	0.230489 	0.254951 	0.235850 	0.325960 	0.250000 	0.285044 	0.313249 	0.608276 	0.691466 	0.650000 	0.673146 	0.704006 	0.781425 	0.735272 	0.752080 	0.831038 	0.824621 	0.848896 	0.772172 	0.890225 	0.901734 	0.903120 	0.915492 	0.972432 	1.009022 	1.015197 	1.030776 	1.075291 	
0.226385 	0.257391 	0.190394 	0.285044 	0.025000 	9.000000 	0.106066 	1.711907 	1.063602 	0.261008 	2.102974 	1.653217 	1.017657 	0.961769 	0.213600 	0.973717 	1.513481 	0.201556 	0.152069 	1.546367 	0.145774 	0.182003 	0.226385 	0.251247 	0.215058 	0.325000 	0.235850 	0.270416 	0.302076 	0.604669 	0.686477 	0.640800 	0.664266 	0.697316 	0.778621 	0.728011 	0.745822 	0.828402 	0.818917 	0.843356 	0.750417 	0.870704 	0.883883 	0.884590 	0.895126 	0.955249 	0.990581 	0.995615 	1.011496 	1.055047 	
0.158114 	0.360555 	0.100000 	0.390512 	0.125000 	0.106066 	9.000000 	1.610318 	1.162970 	0.325000 	2.009042 	1.557442 	1.119431 	1.063602 	0.195256 	1.076162 	1.410895 	0.292617 	0.230489 	1.442220 	0.200000 	0.251247 	0.304138 	0.328824 	0.223607 	0.406971 	0.279509 	0.309233 	0.353553 	0.675000 	0.751665 	0.691466 	0.715891 	0.756637 	0.850000 	0.785016 	0.806226 	0.900000 	0.880696 	0.905539 	0.730154 	0.866386 	0.890225 	0.886707 	0.884590 	0.965013 	0.992472 	0.989950 	1.007782 	1.044330 	
1.505199 	1.934716 	1.522539 	1.976898 	1.724094 	1.711907 	1.610318 	9.000000 	2.635455 	1.785007 	0.529741 	0.254951 	2.622261 	2.570627 	1.581139 	2.589643 	0.206155 	1.900658 	1.833712 	0.230489 	1.789728 	1.845603 	1.901480 	1.924188 	1.750179 	2.002810 	1.838478 	1.852363 	1.908042 	2.229910 	2.284869 	2.184033 	2.208082 	2.270050 	2.395438 	2.287056 	2.318000 	2.442975 	2.390084 	2.414151 	1.883149 	2.055480 	2.134391 	2.107279 	2.027468 	2.206949 	2.177298 	2.125588 	2.150581 	2.125147 	
1.192686 	0.807775 	1.209339 	0.790569 	1.040733 	1.063602 	1.162970 	2.635455 	9.000000 	0.880696 	2.919118 	2.510602 	0.090139 	0.127475 	1.095730 	0.134629 	2.457260 	0.976281 	1.037123 	2.512469 	1.092016 	1.055047 	1.019804 	1.015197 	1.188486 	0.980115 	1.122776 	1.142639 	1.110180 	1.064483 	1.128051 	1.212693 	1.216552 	1.176860 	1.106797 	1.206752 	1.188486 	1.123610 	1.209597 	1.217580 	1.625769 	1.654728 	1.612452 	1.634396 	1.702939 	1.648105 	1.718284 	1.761391 	1.764405 	1.835926 	
0.313249 	0.201556 	0.340037 	0.251247 	0.237171 	0.261008 	0.325000 	1.785007 	0.880696 	9.000000 	2.125000 	1.690044 	0.851469 	0.797261 	0.215058 	0.813941 	1.597263 	0.355317 	0.355317 	1.644878 	0.381608 	0.390512 	0.406971 	0.425735 	0.469707 	0.471699 	0.465027 	0.500000 	0.512957 	0.749166 	0.838525 	0.825379 	0.845946 	0.862047 	0.910014 	0.896172 	0.905883 	0.956883 	0.972754 	0.995301 	1.006231 	1.116356 	1.120547 	1.125000 	1.144825 	1.187697 	1.230091 	1.241219 	1.255488 	1.303840 	
1.881821 	2.298097 	1.913439 	2.344408 	2.110835 	2.102974 	2.009042 	0.529741 	2.919118 	2.125000 	9.000000 	0.456207 	2.920295 	2.872716 	1.940522 	2.894067 	0.711073 	2.301222 	2.239001 	0.759111 	2.201420 	2.256241 	2.311115 	2.335193 	2.177441 	2.414151 	2.261775 	2.280488 	2.334791 	2.662823 	2.726032 	2.634507 	2.659182 	2.716846 	2.833946 	2.737243 	2.766089 	2.882924 	2.840004 	2.864655 	2.375000 	2.550122 	2.625119 	2.600000 	2.526114 	2.700000 	2.676051 	2.627975 	2.652946 	2.632608 	
1.434617 	1.856240 	1.463087 	1.901480 	1.662077 	1.653217 	1.557442 	0.254951 	2.510602 	1.690044 	0.456207 	9.000000 	2.505244 	2.455733 	1.498332 	2.476136 	0.320156 	1.850000 	1.786757 	0.406971 	1.748035 	1.803122 	1.858259 	1.882153 	1.722099 	1.961186 	1.806931 	1.825171 	1.879661 	2.207374 	2.270050 	2.178302 	2.202981 	2.260669 	2.378156 	2.281036 	2.309897 	2.427061 	2.383800 	2.408449 	1.926461 	2.102380 	2.175575 	2.151308 	2.080415 	2.251250 	2.230051 	2.184176 	2.209072 	2.192316 	
1.160011 	0.760345 	1.171804 	0.738664 	0.995615 	1.017657 	1.119431 	2.622261 	0.090139 	0.851469 	2.920295 	2.505244 	9.000000 	0.055902 	1.065950 	0.050000 	2.440543 	0.917197 	0.980434 	2.492614 	1.035918 	0.996243 	0.958188 	0.951972 	1.130542 	0.912414 	1.061249 	1.079352 	1.044330 	0.982980 	1.044330 	1.131923 	1.134956 	1.093446 	1.020110 	1.122776 	1.103687 	1.035918 	1.123054 	1.130542 	1.553222 	1.576785 	1.532359 	1.555032 	1.625769 	1.566246 	1.637261 	1.681703 	1.684117 	1.756417 	
1.105102 	0.704450 	1.116356 	0.682825 	0.939747 	0.961769 	1.063602 	2.570627 	0.127475 	0.797261 	2.872716 	2.455733 	0.055902 	9.000000 	1.011496 	0.025000 	2.388122 	0.862047 	0.925000 	2.439518 	0.980434 	0.941076 	0.903466 	0.897566 	1.075291 	0.859142 	1.006541 	1.025000 	0.990581 	0.937083 	1.000625 	1.085415 	1.089151 	1.049405 	0.980434 	1.079352 	1.061249 	0.998123 	1.083109 	1.091444 	1.501874 	1.528275 	1.485345 	1.507481 	1.576785 	1.520691 	1.590990 	1.634396 	1.637261 	1.708984 	
0.103078 	0.357946 	0.152069 	0.403887 	0.206155 	0.213600 	0.195256 	1.581139 	1.095730 	0.215058 	1.940522 	1.498332 	1.065950 	1.011496 	9.000000 	1.027740 	1.390144 	0.403113 	0.364006 	1.434617 	0.357946 	0.395285 	0.436606 	0.460977 	0.410031 	0.530330 	0.447214 	0.480885 	0.515388 	0.813941 	0.897566 	0.854400 	0.877853 	0.910014 	0.986471 	0.941076 	0.958188 	1.035918 	1.030776 	1.055047 	0.925338 	1.060660 	1.081954 	1.079641 	1.079641 	1.155692 	1.185591 	1.184536 	1.202081 	1.239455 	
1.120547 	0.716327 	1.130542 	0.693271 	0.951972 	0.973717 	1.076162 	2.589643 	0.134629 	0.813941 	2.894067 	2.476136 	0.050000 	0.025000 	1.027740 	9.000000 	2.406502 	0.869626 	0.933408 	2.457260 	0.989002 	0.948683 	0.910014 	0.903466 	1.083109 	0.863134 	1.013040 	1.030776 	0.995301 	0.933408 	0.995301 	1.082243 	1.085415 	1.044330 	0.972432 	1.073837 	1.055047 	0.989002 	1.075291 	1.083109 	1.503330 	1.526843 	1.482607 	1.505199 	1.575794 	1.516781 	1.587648 	1.631908 	1.634396 	1.706605 	
1.310773 	1.740869 	1.325000 	1.782028 	1.526434 	1.513481 	1.410895 	0.206155 	2.457260 	1.597263 	0.711073 	0.320156 	2.440543 	2.388122 	1.390144 	2.406502 	9.000000 	1.700000 	1.632483 	0.103078 	1.587648 	1.643548 	1.699448 	1.721918 	1.546165 	1.800347 	1.634778 	1.648105 	1.703856 	2.024846 	2.079213 	1.978004 	2.002030 	2.064128 	2.189892 	2.081015 	2.112019 	2.237325 	2.184033 	2.208082 	1.679658 	1.852701 	1.930835 	1.904107 	1.825685 	2.003902 	1.975633 	1.925000 	1.950000 	1.926461 	
0.427931 	0.213600 	0.388104 	0.201556 	0.200000 	0.201556 	0.292617 	1.900658 	0.976281 	0.355317 	2.301222 	1.850000 	0.917197 	0.862047 	0.403113 	0.869626 	1.700000 	9.000000 	0.070711 	1.727896 	0.125000 	0.079057 	0.055902 	0.070711 	0.213600 	0.127475 	0.150000 	0.176777 	0.167705 	0.412311 	0.498121 	0.471699 	0.493077 	0.515388 	0.583631 	0.548293 	0.561805 	0.632949 	0.632456 	0.656220 	0.697316 	0.782624 	0.776611 	0.784618 	0.817389 	0.840015 	0.887764 	0.905883 	0.917878 	0.972754 	
0.375000 	0.251247 	0.328824 	0.251247 	0.158114 	0.152069 	0.230489 	1.833712 	1.037123 	0.355317 	2.239001 	1.786757 	0.980434 	0.925000 	0.364006 	0.933408 	1.632483 	0.070711 	9.000000 	1.659254 	0.055902 	0.035355 	0.075000 	0.100000 	0.152069 	0.176777 	0.111803 	0.145774 	0.160078 	0.452769 	0.534439 	0.492443 	0.515388 	0.546008 	0.626997 	0.577170 	0.594243 	0.676849 	0.667083 	0.691466 	0.664266 	0.763217 	0.765261 	0.770146 	0.794119 	0.832541 	0.875000 	0.887764 	0.901388 	0.951972 	
1.350926 	1.780449 	1.360147 	1.820028 	1.560649 	1.546367 	1.442220 	0.230489 	2.512469 	1.644878 	0.759111 	0.406971 	2.492614 	2.439518 	1.434617 	2.457260 	0.103078 	1.727896 	1.659254 	9.000000 	1.612452 	1.668270 	1.724094 	1.745888 	1.565248 	1.823630 	1.654728 	1.666021 	1.721918 	2.038535 	2.089258 	1.984471 	2.008109 	2.071835 	2.200568 	2.087163 	2.118962 	2.247221 	2.189892 	2.213594 	1.665270 	1.835926 	1.916377 	1.888452 	1.806239 	1.987775 	1.955761 	1.902630 	1.927596 	1.900164 	
0.353553 	0.300000 	0.300000 	0.304138 	0.160078 	0.145774 	0.200000 	1.789728 	1.092016 	0.381608 	2.201420 	1.748035 	1.035918 	0.980434 	0.357946 	0.989002 	1.587648 	0.125000 	0.055902 	1.612452 	9.000000 	0.055902 	0.111803 	0.134629 	0.100000 	0.213600 	0.090139 	0.125000 	0.158114 	0.475000 	0.552268 	0.498121 	0.522015 	0.559017 	0.650000 	0.588430 	0.608276 	0.700000 	0.682367 	0.707107 	0.626997 	0.735272 	0.743303 	0.745822 	0.763217 	0.813173 	0.851469 	0.860233 	0.875000 	0.922293 	
0.400780 	0.279509 	0.350892 	0.275000 	0.190394 	0.182003 	0.251247 	1.845603 	1.055047 	0.390512 	2.256241 	1.803122 	0.996243 	0.941076 	0.395285 	0.948683 	1.643548 	0.079057 	0.035355 	1.668270 	0.055902 	9.000000 	0.055902 	0.079057 	0.134629 	0.158114 	0.079057 	0.111803 	0.125000 	0.425735 	0.505594 	0.459619 	0.482830 	0.515388 	0.600521 	0.546008 	0.564026 	0.650481 	0.637377 	0.661910 	0.632456 	0.728869 	0.730154 	0.735272 	0.760345 	0.797261 	0.840015 	0.853302 	0.866747 	0.917878 	
0.450000 	0.269258 	0.403113 	0.254951 	0.230489 	0.226385 	0.304138 	1.901480 	1.019804 	0.406971 	2.311115 	1.858259 	0.958188 	0.903466 	0.436606 	0.910014 	1.699448 	0.055902 	0.075000 	1.724094 	0.111803 	0.055902 	9.000000 	0.025000 	0.180278 	0.103078 	0.103078 	0.125000 	0.111803 	0.378319 	0.460977 	0.425000 	0.447214 	0.474342 	0.552268 	0.506211 	0.522015 	0.602080 	0.594243 	0.618466 	0.642748 	0.726722 	0.721110 	0.728869 	0.761577 	0.785016 	0.832166 	0.850000 	0.862047 	0.916856 	
0.475000 	0.279509 	0.427931 	0.261008 	0.254951 	0.251247 	0.328824 	1.924188 	1.015197 	0.425735 	2.335193 	1.882153 	0.951972 	0.897566 	0.460977 	0.903466 	1.721918 	0.070711 	0.100000 	1.745888 	0.134629 	0.079057 	0.025000 	9.000000 	0.195256 	0.079057 	0.111803 	0.127475 	0.103078 	0.353553 	0.436606 	0.403113 	0.425000 	0.450694 	0.527376 	0.482830 	0.498121 	0.577170 	0.570088 	0.594243 	0.637377 	0.715891 	0.707549 	0.716327 	0.752080 	0.770146 	0.818917 	0.838525 	0.850000 	0.906228 	
0.380789 	0.400000 	0.316228 	0.403113 	0.235850 	0.215058 	0.223607 	1.750179 	1.188486 	0.469707 	2.177441 	1.722099 	1.130542 	1.075291 	0.410031 	1.083109 	1.546165 	0.213600 	0.152069 	1.565248 	0.100000 	0.134629 	0.180278 	0.195256 	9.000000 	0.265754 	0.090139 	0.103078 	0.158114 	0.485412 	0.552268 	0.477624 	0.502494 	0.550000 	0.657647 	0.575543 	0.600000 	0.707107 	0.675000 	0.700000 	0.536773 	0.656220 	0.672681 	0.671751 	0.680074 	0.745822 	0.777817 	0.781025 	0.797261 	0.840015 	
