Total assets = 610
Number of asset nodes = 33

Distance:
999.000000 	126.605690 	101.178062 	125.606529 	38.897301 	115.260574 	37.107952 	26.019224 	39.051247 	65.741920 	40.024994 	129.726639 	45.607018 	36.345562 	63.158531 	68.447060 	8.944272 	7.211102 	40.607880 	43.737854 	71.175842 	35.000000 	29.274563 	130.862518 	70.384659 	134.469330 	67.067131 	70.936592 	112.004463 	32.756680 	32.984844 	36.069378 	67.720009 	24.738634 	37.483330 	24.515301 	34.205261 	36.235340 	62.169125 	131.643463 	117.800682 	140.730240 	36.400551 	38.078865 	27.892651 	70.092796 	38.327538 	37.202152 	113.718948 	30.675724 	136.561340 	
126.605690 	999.000000 	33.015148 	8.485281 	97.693398 	20.880613 	100.846420 	112.258629 	100.089958 	74.732857 	99.724625 	10.770329 	95.189285 	104.546638 	78.854294 	74.148499 	128.425079 	127.141655 	101.242287 	99.297531 	73.681747 	109.562767 	115.550858 	16.552946 	75.663727 	16.278820 	79.906197 	76.531036 	36.769554 	117.175079 	118.105888 	162.431519 	83.600243 	149.789856 	114.490173 	149.251465 	118.680244 	162.800491 	91.082382 	25.553865 	36.359318 	23.021729 	118.928551 	117.324333 	152.856140 	85.287750 	118.270874 	163.807816 	42.485291 	156.160172 	26.570660 	
101.178062 	33.015148 	999.000000 	27.892651 	67.955872 	14.764823 	71.021126 	83.234612 	69.971420 	42.720020 	69.462219 	31.016125 	64.412735 	74.431175 	46.818798 	41.761227 	104.637466 	103.077644 	70.710678 	68.425140 	41.000000 	79.259071 	85.755463 	30.528675 	42.953465 	34.481880 	47.296936 	43.737854 	15.033297 	86.833176 	87.709747 	137.207870 	50.803543 	122.674362 	83.630135 	122.024590 	88.119240 	137.178711 	58.463665 	30.479502 	20.099751 	40.000000 	88.102211 	86.330757 	125.606529 	52.345009 	87.235313 	137.902145 	20.615528 	129.073624 	35.383614 	
125.606529 	8.485281 	27.892651 	999.000000 	94.826157 	14.000000 	97.948967 	109.772491 	97.046379 	70.519501 	96.607452 	4.472136 	91.787796 	101.518471 	74.632431 	69.641945 	128.003906 	126.621483 	97.989792 	95.854057 	68.883957 	106.451866 	112.712021 	9.055386 	70.830788 	10.440307 	75.186432 	71.589104 	29.120440 	114.061386 	114.965210 	161.616837 	78.644768 	148.219437 	111.085556 	147.634689 	115.451286 	161.839432 	86.348129 	17.464249 	28.178005 	17.720045 	115.550858 	113.846390 	151.238220 	80.062477 	114.769333 	162.742126 	34.539833 	154.615646 	19.235384 	
38.897301 	97.693398 	67.955872 	94.826157 	999.000000 	82.680107 	3.162278 	15.556349 	3.162278 	27.802877 	3.605551 	98.488579 	7.000000 	7.071068 	24.698177 	30.232433 	45.705578 	43.737854 	5.830952 	7.211102 	32.756680 	12.165525 	17.888544 	98.478424 	31.764761 	102.396286 	28.231188 	32.202484 	76.419891 	19.646883 	20.615528 	72.718636 	28.861740 	56.080299 	18.000000 	55.317268 	21.377558 	72.111023 	24.000000 	97.616600 	82.036575 	107.898102 	22.090721 	21.000000 	58.796257 	31.400637 	22.000000 	72.422371 	77.155685 	62.369865 	102.615791 	
115.260574 	20.880613 	14.764823 	14.000000 	82.680107 	999.000000 	85.755463 	97.908119 	84.723076 	57.384666 	84.219948 	16.492422 	79.177017 	89.185204 	61.465439 	56.302753 	118.342720 	116.846054 	85.475143 	83.186539 	55.362442 	94.021271 	100.498756 	15.811388 	57.280014 	19.723083 	61.684681 	57.974133 	16.124516 	101.597244 	102.474388 	151.327454 	65.000000 	137.131317 	98.386993 	136.499084 	102.883430 	151.380310 	72.801102 	17.464249 	17.029387 	25.495098 	102.859123 	101.079178 	140.089264 	66.287254 	101.980392 	152.161102 	22.203604 	143.533966 	21.954498 	
37.107952 	100.846420 	71.021126 	97.948967 	3.162278 	85.755463 	999.000000 	12.806249 	2.000000 	30.479502 	3.000000 	101.597244 	8.544003 	4.000000 	27.202942 	32.802441 	44.283180 	42.296574 	4.472136 	7.071068 	35.227829 	9.055386 	14.764823 	101.548019 	34.132095 	105.475113 	30.413813 	34.481880 	79.309517 	16.492422 	17.464249 	70.327805 	30.675724 	53.413483 	15.033297 	52.630791 	18.248287 	69.641945 	25.179358 	100.603180 	84.899940 	110.941429 	19.026299 	18.027756 	56.080299 	32.984844 	19.026299 	69.892776 	79.931221 	59.665737 	105.603027 	
26.019224 	112.258629 	83.234612 	109.772491 	15.556349 	97.908119 	12.806249 	999.000000 	14.422205 	43.278172 	15.264338 	113.534134 	21.095022 	10.770329 	40.000000 	45.607018 	34.132095 	32.140316 	15.231546 	18.384777 	48.010414 	9.055386 	5.830952 	113.718948 	46.872166 	117.596771 	43.046486 	47.169907 	91.967384 	10.000000 	10.816654 	57.706154 	42.953465 	40.607880 	13.038404 	39.824615 	12.206555 	56.938564 	36.687874 	113.070778 	97.590981 	123.223373 	14.212670 	14.866069 	43.278172 	44.944408 	15.556349 	57.140179 	92.698433 	46.861500 	118.067780 	
39.051247 	100.089958 	69.971420 	97.046379 	3.162278 	84.723076 	2.000000 	14.422205 	999.000000 	29.000000 	1.000000 	100.647903 	6.708204 	4.472136 	25.612497 	31.240999 	46.270943 	44.283180 	2.828427 	5.099020 	33.600594 	9.486833 	15.811388 	100.498756 	32.449963 	104.446159 	28.653097 	32.756680 	77.987175 	17.088007 	18.027756 	72.069412 	28.792360 	55.000000 	15.033297 	54.203320 	18.681541 	71.344238 	23.194826 	99.403221 	83.546394 	109.836243 	19.235384 	18.027756 	57.628117 	31.048349 	19.026299 	71.561165 	78.492035 	61.220913 	104.403069 	
65.741920 	74.732857 	42.720020 	70.519501 	27.802877 	57.384666 	30.479502 	43.278172 	29.000000 	999.000000 	28.284271 	73.736015 	22.671568 	33.241539 	4.123106 	3.000000 	71.512238 	69.641945 	29.068884 	26.400757 	6.000000 	37.643059 	44.598206 	72.917763 	6.324555 	76.967529 	7.211102 	7.615773 	49.203659 	45.000000 	45.803928 	100.404182 	11.661903 	83.868942 	41.340054 	83.096329 	46.043457 	99.864906 	17.117243 	71.021126 	54.671749 	81.884064 	45.793011 	43.908997 	86.556343 	15.000000 	44.777225 	100.209778 	49.497475 	90.138779 	76.006577 	
40.024994 	99.724625 	69.462219 	96.607452 	3.605551 	84.219948 	3.000000 	15.264338 	1.000000 	28.284271 	999.000000 	100.184830 	5.830952 	5.000000 	24.839485 	30.479502 	47.265209 	45.276924 	2.236068 	4.123106 	32.802441 	9.848858 	16.401220 	99.985001 	31.622776 	103.942291 	27.784887 	31.906113 	77.336922 	17.464249 	18.384777 	72.945183 	27.856777 	55.803226 	15.132746 	55.000000 	18.973665 	72.201111 	22.203604 	98.812958 	82.879433 	109.293182 	19.416489 	18.110771 	58.412327 	30.083218 	19.104973 	72.401657 	77.781746 	62.008064 	103.812332 	
129.726639 	10.770329 	31.016125 	4.472136 	98.488579 	16.492422 	101.597244 	113.534134 	100.647903 	73.736015 	100.184830 	999.000000 	95.273293 	105.118980 	77.833153 	72.732384 	132.230865 	130.831955 	101.518471 	99.317673 	71.840103 	110.018181 	116.361504 	5.830952 	73.763138 	6.082763 	78.160095 	74.464760 	30.265491 	117.618027 	118.511604 	165.758865 	81.492332 	152.200531 	114.542572 	151.604752 	118.966385 	165.951797 	89.286057 	15.000000 	28.460499 	13.341664 	119.012604 	117.273186 	155.206314 	82.764725 	118.186295 	166.832245 	35.171009 	158.600128 	15.811388 	
45.607018 	95.189285 	64.412735 	91.787796 	7.000000 	79.177017 	8.544003 	21.095022 	6.708204 	22.671568 	5.830952 	95.273293 	999.000000 	10.630146 	19.104973 	24.758837 	52.611786 	50.635956 	6.403124 	4.123106 	27.018513 	15.000000 	21.931713 	94.894676 	25.806976 	98.883774 	21.954498 	26.076809 	71.840103 	22.472204 	23.323807 	78.771820 	22.135944 	61.611687 	19.313208 	60.802959 	23.706539 	78.032043 	17.000000 	93.477272 	77.336922 	104.100914 	23.769728 	22.135944 	64.202805 	24.515301 	23.086792 	78.230431 	72.138756 	67.801178 	98.473343 	
36.345562 	104.546638 	74.431175 	101.518471 	7.071068 	89.185204 	4.000000 	10.770329 	4.472136 	33.241539 	5.000000 	105.118980 	10.630146 	999.000000 	29.732138 	35.383614 	44.011364 	42.011902 	4.472136 	7.615773 	37.643059 	5.099020 	11.401754 	104.957130 	36.400551 	108.908218 	32.449963 	36.619667 	82.328613 	12.649111 	13.601471 	68.425140 	32.202484 	51.039200 	11.045361 	50.219517 	14.317822 	67.601776 	25.961510 	103.812332 	87.863533 	114.280357 	15.033297 	14.035668 	53.600372 	34.176014 	15.033297 	67.742157 	82.734512 	57.201397 	108.811768 	
63.158531 	78.854294 	46.818798 	74.632431 	24.698177 	61.465439 	27.202942 	40.000000 	25.612497 	4.123106 	24.839485 	77.833153 	19.104973 	29.732138 	999.000000 	5.656854 	69.260376 	67.357254 	25.455845 	22.671568 	8.062258 	33.970577 	41.012192 	76.967529 	7.280110 	81.024689 	5.385165 	8.062258 	53.009434 	41.231056 	42.011902 	97.416634 	9.219544 	80.603973 	37.443291 	79.812279 	42.201897 	96.798759 	13.341664 	74.946648 	58.412327 	85.883644 	41.880783 	39.962482 	83.240616 	12.806249 	40.816662 	97.082436 	53.075417 	86.833176 	79.924965 	
68.447060 	74.148499 	41.761227 	69.641945 	30.232433 	56.302753 	32.802441 	45.607018 	31.240999 	3.000000 	30.479502 	72.732384 	24.758837 	35.383614 	5.656854 	999.000000 	74.330345 	72.449982 	31.112698 	28.319605 	3.000000 	39.623226 	46.669048 	71.693794 	3.605551 	75.769386 	6.082763 	5.000000 	47.434166 	46.861500 	47.634022 	102.927162 	10.440307 	86.214851 	43.011627 	85.428329 	47.801674 	102.342560 	17.029387 	69.462219 	52.801514 	80.498444 	47.434166 	45.486263 	88.865067 	13.416408 	46.324940 	102.649887 	47.423622 	92.455391 	74.431175 	
8.944272 	128.425079 	104.637466 	128.003906 	45.705578 	118.342720 	44.283180 	34.132095 	46.270943 	71.512238 	47.265209 	132.230865 	52.611786 	44.011364 	69.260376 	74.330345 	999.000000 	2.000000 	48.093658 	51.156624 	77.162170 	43.185646 	37.854988 	133.734818 	76.537575 	137.207870 	73.498299 	77.201035 	116.211014 	41.484936 	41.761227 	34.481880 	74.525162 	28.071337 	46.097721 	28.160255 	43.011627 	35.341194 	69.462219 	135.092560 	122.036880 	143.683685 	45.221676 	46.840153 	31.016125 	77.103828 	47.127487 	36.769554 	118.338501 	33.060551 	139.946411 	
7.211102 	127.141655 	103.077644 	126.621483 	43.737854 	116.846054 	42.296574 	32.140316 	44.283180 	69.641945 	45.276924 	130.831955 	50.635956 	42.011902 	67.357254 	72.449982 	2.000000 	999.000000 	46.097721 	49.162994 	75.272835 	41.194660 	35.902645 	132.276230 	74.632431 	135.771866 	71.568146 	75.286118 	114.546936 	39.560081 	39.849716 	35.510563 	72.567207 	28.000000 	44.147480 	28.017851 	41.109608 	36.235340 	67.475922 	133.544006 	120.370262 	142.214630 	43.324360 	44.922153 	31.016125 	75.133217 	45.221676 	37.576588 	116.619041 	33.241539 	138.408813 	
40.607880 	101.242287 	70.710678 	97.989792 	5.830952 	85.475143 	4.472136 	15.231546 	2.828427 	29.068884 	2.236068 	101.518471 	6.403124 	4.472136 	25.455845 	31.112698 	48.093658 	46.097721 	999.000000 	3.162278 	33.301651 	8.602325 	15.556349 	101.212646 	32.015621 	105.190300 	28.017851 	32.202484 	78.243210 	16.124516 	17.000000 	72.897186 	27.730848 	55.470715 	13.341664 	54.644306 	17.464249 	72.069412 	21.587032 	99.864906 	83.737686 	110.453613 	17.720045 	16.278820 	58.008621 	29.732138 	17.262676 	72.201111 	78.517517 	61.611687 	104.861816 	
43.737854 	99.297531 	68.425140 	95.854057 	7.211102 	83.186539 	7.071068 	18.384777 	5.099020 	26.400757 	4.123106 	99.317673 	4.123106 	7.615773 	22.671568 	28.319605 	51.156624 	49.162994 	3.162278 	999.000000 	30.413813 	11.313708 	18.439089 	98.883774 	29.068884 	102.883430 	25.000000 	29.206163 	75.604233 	18.601076 	19.416489 	76.026314 	24.596748 	58.523499 	15.231546 	57.688820 	19.723083 	75.179787 	18.439089 	97.349884 	81.055534 	108.046288 	19.697716 	18.027756 	61.032780 	26.570660 	18.973665 	75.292763 	75.742989 	64.637451 	102.342560 	
71.175842 	73.681747 	41.000000 	68.883957 	32.756680 	55.362442 	35.227829 	48.010414 	33.600594 	6.000000 	32.802441 	71.840103 	27.018513 	37.643059 	8.062258 	3.000000 	77.162170 	75.272835 	33.301651 	30.413813 	999.000000 	41.725292 	48.836460 	70.576202 	2.000000 	74.672615 	6.324555 	3.162278 	45.793011 	48.836460 	49.578220 	105.475113 	10.000000 	88.600227 	44.821869 	87.800911 	49.678970 	104.847511 	17.464249 	68.000000 	51.039200 	79.202271 	49.203659 	47.201694 	91.214035 	12.369317 	48.010414 	105.118980 	45.453274 	94.810333 	72.945183 	
35.000000 	109.562767 	79.259071 	106.451866 	12.165525 	94.021271 	9.055386 	9.055386 	9.486833 	37.643059 	9.848858 	110.018181 	15.000000 	5.099020 	33.970577 	39.623226 	43.185646 	41.194660 	8.602325 	11.313708 	41.725292 	999.000000 	7.211102 	109.772491 	40.360870 	113.740936 	36.235340 	40.459858 	86.833176 	7.615773 	8.544003 	65.391129 	35.510563 	47.507893 	6.324555 	46.647614 	9.219544 	64.404968 	28.635643 	108.466583 	92.314682 	119.037811 	10.000000 	9.219544 	49.929951 	37.121422 	10.198039 	64.412735 	87.045967 	53.535034 	113.463654 	
29.274563 	115.550858 	85.755463 	112.712021 	17.888544 	100.498756 	14.764823 	5.830952 	15.811388 	44.598206 	16.401220 	116.361504 	21.931713 	11.401754 	41.012192 	46.669048 	37.854988 	35.902645 	15.556349 	18.439089 	48.836460 	7.211102 	999.000000 	116.284134 	47.507893 	120.220627 	43.416588 	47.634022 	93.723000 	4.242640 	5.000000 	58.309521 	42.720020 	40.311287 	8.246211 	39.446167 	6.403124 	57.271286 	35.777088 	115.208504 	99.247169 	125.642349 	8.485281 	9.433981 	42.720020 	44.294468 	10.000000 	57.245087 	94.069122 	46.324940 	120.208153 	
130.862518 	16.552946 	30.528675 	9.055386 	98.478424 	15.811388 	101.548019 	113.718948 	100.498756 	72.917763 	99.985001 	5.830952 	94.894676 	104.957130 	76.967529 	71.693794 	133.734818 	132.276230 	101.212646 	98.883774 	70.576202 	109.772491 	116.284134 	999.000000 	72.449982 	4.123106 	76.896034 	73.054771 	27.018513 	117.337120 	118.207443 	166.931122 	80.006248 	152.895386 	114.061386 	152.269501 	118.595955 	167.026947 	87.920418 	9.219544 	24.331051 	10.000000 	118.532700 	116.726173 	155.862122 	81.043198 	117.618027 	167.836227 	31.257000 	159.298462 	10.198039 	
70.384659 	75.663727 	42.953465 	70.830788 	31.764761 	57.280014 	34.132095 	46.872166 	32.449963 	6.324555 	31.622776 	73.763138 	25.806976 	36.400551 	7.280110 	3.605551 	76.537575 	74.632431 	32.015621 	29.068884 	2.000000 	40.360870 	47.507893 	72.449982 	999.000000 	76.550636 	4.472136 	1.414214 	47.507893 	47.381432 	48.104053 	104.446159 	8.000000 	87.418533 	43.278172 	86.608315 	48.166378 	103.773796 	15.524175 	69.771057 	52.697250 	81.024689 	47.634022 	45.607018 	90.000000 	10.440307 	46.400433 	104.009613 	47.010635 	93.600212 	74.706093 	
134.469330 	16.278820 	34.481880 	10.440307 	102.396286 	19.723083 	105.475113 	117.596771 	104.446159 	76.967529 	103.942291 	6.082763 	98.883774 	108.908218 	81.024689 	75.769386 	137.207870 	135.771866 	105.190300 	102.883430 	74.672615 	113.740936 	120.220627 	4.123106 	76.550636 	999.000000 	80.993828 	77.162170 	31.064449 	121.313644 	122.188377 	170.531525 	84.118965 	156.646103 	118.072014 	156.028839 	122.588745 	170.660477 	92.027168 	11.661903 	28.160255 	7.280110 	122.543869 	120.747673 	159.624557 	85.164543 	121.642921 	171.493439 	35.128338 	163.049072 	10.816654 	
67.067131 	79.906197 	47.296936 	75.186432 	28.231188 	61.684681 	30.413813 	43.046486 	28.653097 	7.211102 	27.784887 	78.160095 	21.954498 	32.449963 	5.385165 	6.082763 	73.498299 	71.568146 	28.017851 	25.000000 	6.324555 	36.235340 	43.416588 	76.896034 	4.472136 	80.993828 	999.000000 	4.242640 	51.971146 	43.139309 	43.840622 	100.722389 	4.472136 	83.486526 	38.948685 	82.661964 	43.863426 	99.985001 	11.180340 	74.242844 	57.140179 	85.492691 	43.278172 	41.231056 	86.023254 	7.810250 	42.011902 	100.169853 	51.400391 	89.627007 	79.177017 	
70.936592 	76.531036 	43.737854 	71.589104 	32.202484 	57.974133 	34.481880 	47.169907 	32.756680 	7.615773 	31.906113 	74.464760 	26.076809 	36.619667 	8.062258 	5.000000 	77.201035 	75.286118 	32.202484 	29.206163 	3.162278 	40.459858 	47.634022 	73.054771 	1.414214 	77.162170 	4.242640 	999.000000 	47.885281 	47.381432 	48.083260 	104.809349 	7.071068 	87.658424 	43.185646 	86.838928 	48.104053 	104.100914 	14.866069 	70.213959 	53.000000 	81.541397 	47.507893 	45.453274 	90.210861 	9.219544 	46.227695 	104.307236 	47.201694 	93.813644 	75.133217 	
112.004463 	36.769554 	15.033297 	29.120440 	76.419891 	16.124516 	79.309517 	91.967384 	77.987175 	49.203659 	77.336922 	30.265491 	71.840103 	82.328613 	53.009434 	47.434166 	116.211014 	114.546936 	78.243210 	75.604233 	45.793011 	86.833176 	93.723000 	27.018513 	47.507893 	31.064449 	51.971146 	47.885281 	999.000000 	94.201912 	95.000000 	147.756561 	54.561890 	132.245987 	90.443352 	131.529465 	95.210297 	147.512711 	62.609905 	22.472204 	5.830952 	34.205261 	94.868332 	92.913940 	135.059250 	55.154327 	93.744331 	148.070923 	6.403124 	138.600143 	27.313000 	
32.756680 	117.175079 	86.833176 	114.061386 	19.646883 	101.597244 	16.492422 	10.000000 	17.088007 	45.000000 	17.464249 	117.618027 	22.472204 	12.649111 	41.231056 	46.861500 	41.484936 	39.560081 	16.124516 	18.601076 	48.836460 	7.615773 	4.242640 	117.337120 	47.381432 	121.313644 	43.139309 	47.381432 	94.201912 	999.000000 	1.000000 	60.083275 	42.011902 	41.629318 	5.099020 	40.718548 	2.236068 	58.872746 	34.669872 	115.935326 	99.639351 	126.570137 	4.242640 	5.385165 	43.829212 	43.266617 	5.830952 	58.694122 	94.260277 	47.413078 	120.929733 	
32.984844 	118.105888 	87.709747 	114.965210 	20.615528 	102.474388 	17.464249 	10.816654 	18.027756 	45.803928 	18.384777 	118.511604 	23.323807 	13.601471 	42.011902 	47.634022 	41.761227 	39.849716 	17.000000 	19.416489 	49.578220 	8.544003 	5.000000 	118.207443 	48.104053 	122.188377 	43.840622 	48.083260 	95.000000 	1.000000 	999.000000 	59.774578 	42.638012 	41.231056 	5.385165 	40.311287 	1.414214 	58.523499 	35.227829 	116.764717 	100.424103 	127.424484 	3.605551 	5.099020 	43.382023 	43.829212 	5.385165 	58.309521 	95.015785 	46.957428 	121.757957 	
36.069378 	162.431519 	137.207870 	161.616837 	72.718636 	151.327454 	70.327805 	57.706154 	72.069412 	100.404182 	72.945183 	165.758865 	78.771820 	68.425140 	97.416634 	102.927162 	34.481880 	35.510563 	72.897186 	76.026314 	105.475113 	65.391129 	58.309521 	166.931122 	104.446159 	170.531525 	100.722389 	104.809349 	147.756561 	60.083275 	59.774578 	999.000000 	100.623062 	19.104973 	65.145988 	20.099751 	60.440052 	2.828427 	94.021271 	167.657394 	153.525238 	176.799316 	62.096699 	64.288414 	18.027756 	102.459747 	64.031242 	5.000000 	149.201202 	15.297058 	172.586212 	
67.720009 	83.600243 	50.803543 	78.644768 	28.861740 	65.000000 	30.675724 	42.953465 	28.792360 	11.661903 	27.856777 	81.492332 	22.135944 	32.202484 	9.219544 	10.440307 	74.525162 	72.567207 	27.730848 	24.596748 	10.000000 	35.510563 	42.720020 	80.006248 	8.000000 	84.118965 	4.472136 	7.071068 	54.561890 	42.011902 	42.638012 	100.623062 	999.000000 	83.006027 	37.536648 	82.152298 	42.520584 	99.764725 	8.062258 	76.967529 	59.539902 	88.391174 	41.725292 	39.597980 	85.440041 	3.605551 	40.311287 	99.849884 	53.535034 	89.044930 	81.859634 	
24.738634 	149.789856 	122.674362 	148.219437 	56.080299 	137.131317 	53.413483 	40.607880 	55.000000 	83.868942 	55.803226 	152.200531 	61.611687 	51.039200 	80.603973 	86.214851 	28.071337 	28.000000 	55.470715 	58.523499 	88.600227 	47.507893 	40.311287 	152.895386 	87.418533 	156.646103 	83.486526 	87.658424 	132.245987 	41.629318 	41.231056 	19.104973 	83.006027 	999.000000 	46.615448 	1.000000 	41.785164 	17.464249 	76.059189 	152.898666 	137.931137 	162.606888 	43.324360 	45.541191 	3.162278 	84.599052 	45.221676 	17.088007 	133.206604 	6.403124 	157.876541 	
37.483330 	114.490173 	83.630135 	111.085556 	18.000000 	98.386993 	15.033297 	13.038404 	15.033297 	41.340054 	15.132746 	114.542572 	19.313208 	11.045361 	37.443291 	43.011627 	46.097721 	44.147480 	13.341664 	15.231546 	44.821869 	6.324555 	8.246211 	114.061386 	43.278172 	118.072014 	38.948685 	43.185646 	90.443352 	5.099020 	5.385165 	65.145988 	37.536648 	46.615448 	999.000000 	45.694637 	5.000000 	63.906181 	30.000000 	112.361023 	95.801880 	123.166557 	4.472136 	3.000000 	48.754486 	38.600517 	4.000000 	63.694584 	90.271812 	52.325901 	117.345642 	
24.515301 	149.251465 	122.024590 	147.634689 	55.317268 	136.499084 	52.630791 	39.824615 	54.203320 	83.096329 	55.000000 	151.604752 	60.802959 	50.219517 	79.812279 	85.428329 	28.160255 	28.017851 	54.644306 	57.688820 	87.800911 	46.647614 	39.446167 	152.269501 	86.608315 	156.028839 	82.661964 	86.838928 	131.529465 	40.718548 	40.311287 	20.099751 	82.152298 	1.000000 	45.694637 	999.000000 	40.853397 	18.439089 	75.179787 	152.226807 	137.207870 	161.969131 	42.379242 	44.598206 	3.605551 	83.725746 	44.271889 	18.027756 	132.457535 	7.071068 	157.206863 	
34.205261 	118.680244 	88.119240 	115.451286 	21.377558 	102.883430 	18.248287 	12.206555 	18.681541 	46.043457 	18.973665 	118.966385 	23.706539 	14.317822 	42.201897 	47.801674 	43.011627 	41.109608 	17.464249 	19.723083 	49.678970 	9.219544 	6.403124 	118.595955 	48.166378 	122.588745 	43.863426 	48.104053 	95.210297 	2.236068 	1.414214 	60.440052 	42.520584 	41.785164 	5.000000 	40.853397 	999.000000 	59.135437 	35.000000 	117.046997 	100.603180 	127.769325 	2.236068 	4.000000 	43.863426 	43.600460 	4.123106 	58.872746 	95.131485 	47.423622 	122.036880 	
36.235340 	162.800491 	137.178711 	161.839432 	72.111023 	151.380310 	69.641945 	56.938564 	71.344238 	99.864906 	72.201111 	165.951797 	78.032043 	67.601776 	96.798759 	102.342560 	35.341194 	36.235340 	72.069412 	75.179787 	104.847511 	64.404968 	57.271286 	167.026947 	103.773796 	170.660477 	99.985001 	104.100914 	147.512711 	58.872746 	58.523499 	2.828427 	99.764725 	17.464249 	63.906181 	18.439089 	59.135437 	999.000000 	93.037628 	167.597733 	153.264481 	176.867188 	60.728905 	62.936478 	16.031219 	101.518471 	62.641838 	2.236068 	148.838837 	13.038404 	172.539856 	
62.169125 	91.082382 	58.463665 	86.348129 	24.000000 	72.801102 	25.179358 	36.687874 	23.194826 	17.117243 	22.203604 	89.286057 	17.000000 	25.961510 	13.341664 	17.029387 	69.462219 	67.475922 	21.587032 	18.439089 	17.464249 	28.635643 	35.777088 	87.920418 	15.524175 	92.027168 	11.180340 	14.866069 	62.609905 	34.669872 	35.227829 	94.021271 	8.062258 	76.059189 	30.000000 	75.179787 	35.000000 	93.037628 	999.000000 	85.000000 	67.601776 	96.384644 	34.058773 	31.890438 	78.390053 	8.602325 	32.557640 	93.021500 	61.587337 	81.987801 	89.899948 	
131.643463 	25.553865 	30.479502 	17.464249 	97.616600 	17.464249 	100.603180 	113.070778 	99.403221 	71.021126 	98.812958 	15.000000 	93.477272 	103.812332 	74.946648 	69.462219 	135.092560 	133.544006 	99.864906 	97.349884 	68.000000 	108.466583 	115.208504 	9.219544 	69.771057 	11.661903 	74.242844 	70.213959 	22.472204 	115.935326 	116.764717 	167.657394 	76.967529 	152.898666 	112.361023 	152.226807 	117.046997 	167.597733 	85.000000 	999.000000 	18.248287 	12.041595 	116.811813 	114.908661 	155.794739 	77.620872 	115.762688 	168.291412 	25.179358 	159.289047 	5.000000 	
117.800682 	36.359318 	20.099751 	28.178005 	82.036575 	17.029387 	84.899940 	97.590981 	83.546394 	54.671749 	82.879433 	28.460499 	77.336922 	87.863533 	58.412327 	52.801514 	122.036880 	120.370262 	83.737686 	81.055534 	51.039200 	92.314682 	99.247169 	24.331051 	52.697250 	28.160255 	57.140179 	53.000000 	5.830952 	99.639351 	100.424103 	153.525238 	59.539902 	137.931137 	95.801880 	137.207870 	100.603180 	153.264481 	67.601776 	18.248287 	999.000000 	30.265491 	100.209778 	98.229324 	140.730240 	59.933296 	99.045441 	153.808319 	7.000000 	144.277512 	22.803509 	
140.730240 	23.021729 	40.000000 	17.720045 	107.898102 	25.495098 	110.941429 	123.223373 	109.836243 	81.884064 	109.293182 	13.341664 	104.100914 	114.280357 	85.883644 	80.498444 	143.683685 	142.214630 	110.453613 	108.046288 	79.202271 	119.037811 	125.642349 	10.000000 	81.024689 	7.280110 	85.492691 	81.541397 	34.205261 	126.570137 	127.424484 	176.799316 	88.391174 	162.606888 	123.166557 	161.969131 	127.769325 	176.867188 	96.384644 	12.041595 	30.265491 	999.000000 	127.632286 	125.781555 	165.556641 	89.196411 	126.657021 	177.654160 	37.215588 	169.008881 	8.246211 	
36.400551 	118.928551 	88.102211 	115.550858 	22.090721 	102.859123 	19.026299 	14.212670 	19.235384 	45.793011 	19.416489 	119.012604 	23.769728 	15.033297 	41.880783 	47.434166 	45.221676 	43.324360 	17.720045 	19.697716 	49.203659 	10.000000 	8.485281 	118.532700 	47.634022 	122.543869 	43.278172 	47.507893 	94.868332 	4.242640 	3.605551 	62.096699 	41.725292 	43.324360 	4.472136 	42.379242 	2.236068 	60.728905 	34.058773 	116.811813 	100.209778 	127.632286 	999.000000 	2.236068 	45.310043 	42.638012 	2.000000 	60.406952 	94.641426 	48.846699 	121.794907 	
38.078865 	117.324333 	86.330757 	113.846390 	21.000000 	101.079178 	18.027756 	14.866069 	18.027756 	43.908997 	18.110771 	117.273186 	22.135944 	14.035668 	39.962482 	45.486263 	46.840153 	44.922153 	16.278820 	18.027756 	47.201694 	9.219544 	9.433981 	116.726173 	45.607018 	120.747673 	41.231056 	45.453274 	92.913940 	5.385165 	5.099020 	64.288414 	39.597980 	45.541191 	3.000000 	44.598206 	4.000000 	62.936478 	31.890438 	114.908661 	98.229324 	125.781555 	2.236068 	999.000000 	47.539455 	40.459858 	1.000000 	62.625874 	92.617493 	51.078373 	119.887444 	
27.892651 	152.856140 	125.606529 	151.238220 	58.796257 	140.089264 	56.080299 	43.278172 	57.628117 	86.556343 	58.412327 	155.206314 	64.202805 	53.600372 	83.240616 	88.865067 	31.016125 	31.016125 	58.008621 	61.032780 	91.214035 	49.929951 	42.720020 	155.862122 	90.000000 	159.624557 	86.023254 	90.210861 	135.059250 	43.829212 	43.382023 	18.027756 	85.440041 	3.162278 	48.754486 	3.605551 	43.863426 	16.031219 	78.390053 	155.794739 	140.730240 	165.556641 	45.310043 	47.539455 	999.000000 	86.954010 	47.169907 	15.297058 	135.948517 	3.605551 	160.776245 	
70.092796 	85.287750 	52.345009 	80.062477 	31.400637 	66.287254 	32.984844 	44.944408 	31.048349 	15.000000 	30.083218 	82.764725 	24.515301 	34.176014 	12.806249 	13.416408 	77.103828 	75.133217 	29.732138 	26.570660 	12.369317 	37.121422 	44.294468 	81.043198 	10.440307 	85.164543 	7.810250 	9.219544 	55.154327 	43.266617 	43.829212 	102.459747 	3.605551 	84.599052 	38.600517 	83.725746 	43.600460 	101.518471 	8.602325 	77.620872 	59.933296 	89.196411 	42.638012 	40.459858 	86.954010 	999.000000 	41.109608 	101.533249 	53.712196 	90.553848 	82.462112 	
38.327538 	118.270874 	87.235313 	114.769333 	22.000000 	101.980392 	19.026299 	15.556349 	19.026299 	44.777225 	19.104973 	118.186295 	23.086792 	15.033297 	40.816662 	46.324940 	47.127487 	45.221676 	17.262676 	18.973665 	48.010414 	10.198039 	10.000000 	117.618027 	46.400433 	121.642921 	42.011902 	46.227695 	93.744331 	5.830952 	5.385165 	64.031242 	40.311287 	45.221676 	4.000000 	44.271889 	4.123106 	62.641838 	32.557640 	115.762688 	99.045441 	126.657021 	2.000000 	1.000000 	47.169907 	41.109608 	999.000000 	62.297672 	93.407707 	50.695168 	120.739388 	
37.202152 	163.807816 	137.902145 	162.742126 	72.422371 	152.161102 	69.892776 	57.140179 	71.561165 	100.209778 	72.401657 	166.832245 	78.230431 	67.742157 	97.082436 	102.649887 	36.769554 	37.576588 	72.201111 	75.292763 	105.118980 	64.412735 	57.245087 	167.836227 	104.009613 	171.493439 	100.169853 	104.307236 	148.070923 	58.694122 	58.309521 	5.000000 	99.849884 	17.088007 	63.694584 	18.027756 	58.872746 	2.236068 	93.021500 	168.291412 	153.808319 	177.654160 	60.406952 	62.625874 	15.297058 	101.533249 	62.297672 	999.000000 	149.305054 	12.041595 	173.242599 	
113.718948 	42.485291 	20.615528 	34.539833 	77.155685 	22.203604 	79.931221 	92.698433 	78.492035 	49.497475 	77.781746 	35.171009 	72.138756 	82.734512 	53.075417 	47.423622 	118.338501 	116.619041 	78.517517 	75.742989 	45.453274 	87.045967 	94.069122 	31.257000 	47.010635 	35.128338 	51.400391 	47.201694 	6.403124 	94.260277 	95.015785 	149.201202 	53.535034 	133.206604 	90.271812 	132.457535 	95.131485 	148.838837 	61.587337 	25.179358 	7.000000 	37.215588 	94.641426 	92.617493 	135.948517 	53.712196 	93.407707 	149.305054 	999.000000 	139.517029 	29.614185 	
30.675724 	156.160172 	129.073624 	154.615646 	62.369865 	143.533966 	59.665737 	46.861500 	61.220913 	90.138779 	62.008064 	158.600128 	67.801178 	57.201397 	86.833176 	92.455391 	33.060551 	33.241539 	61.611687 	64.637451 	94.810333 	53.535034 	46.324940 	159.298462 	93.600212 	163.049072 	89.627007 	93.813644 	138.600143 	47.413078 	46.957428 	15.297058 	89.044930 	6.403124 	52.325901 	7.071068 	47.423622 	13.038404 	81.987801 	159.289047 	144.277512 	169.008881 	48.846699 	51.078373 	3.605551 	90.553848 	50.695168 	12.041595 	139.517029 	999.000000 	164.268066 	
136.561340 	26.570660 	35.383614 	19.235384 	102.615791 	21.954498 	105.603027 	118.067780 	104.403069 	76.006577 	103.812332 	15.811388 	98.473343 	108.811768 	79.924965 	74.431175 	139.946411 	138.408813 	104.861816 	102.342560 	72.945183 	113.463654 	120.208153 	10.198039 	74.706093 	10.816654 	79.177017 	75.133217 	27.313000 	120.929733 	121.757957 	172.586212 	81.859634 	157.876541 	117.345642 	157.206863 	122.036880 	172.539856 	89.899948 	5.000000 	22.803509 	8.246211 	121.794907 	119.887444 	160.776245 	82.462112 	120.739388 	173.242599 	29.614185 	164.268066 	999.000000 	

Travel time:
9.000000 	3.165142 	2.529452 	3.140163 	0.972432 	2.881514 	0.927699 	0.650481 	0.976281 	1.643548 	1.000625 	3.243166 	1.140175 	0.908639 	1.578963 	1.711177 	0.223607 	0.180278 	1.015197 	1.093446 	1.779396 	0.875000 	0.731864 	3.271563 	1.759616 	3.361733 	1.676678 	1.773415 	2.800112 	0.818917 	0.824621 	0.901734 	1.693000 	0.618466 	0.937083 	0.612882 	0.855132 	0.905883 	1.554228 	3.291087 	2.945017 	3.518256 	0.910014 	0.951972 	0.697316 	1.752320 	0.958188 	0.930054 	2.842974 	0.766893 	3.414033 	
3.165142 	9.000000 	0.825379 	0.212132 	2.442335 	0.522015 	2.521161 	2.806466 	2.502249 	1.868321 	2.493116 	0.269258 	2.379732 	2.613666 	1.971357 	1.853712 	3.210627 	3.178541 	2.531057 	2.482438 	1.842044 	2.739069 	2.888772 	0.413824 	1.891593 	0.406971 	1.997655 	1.913276 	0.919239 	2.929377 	2.952647 	4.060788 	2.090006 	3.744746 	2.862254 	3.731287 	2.967006 	4.070012 	2.277060 	0.638847 	0.908983 	0.575543 	2.973214 	2.933108 	3.821404 	2.132194 	2.956772 	4.095195 	1.062132 	3.904004 	0.664266 	
2.529452 	0.825379 	9.000000 	0.697316 	1.698897 	0.369121 	1.775528 	2.080865 	1.749285 	1.068001 	1.736555 	0.775403 	1.610318 	1.860779 	1.170470 	1.044031 	2.615937 	2.576941 	1.767767 	1.710629 	1.025000 	1.981477 	2.143887 	0.763217 	1.073837 	0.862047 	1.182423 	1.093446 	0.375832 	2.170829 	2.192744 	3.430197 	1.270089 	3.066859 	2.090753 	3.050615 	2.202981 	3.429468 	1.461592 	0.761988 	0.502494 	1.000000 	2.202555 	2.158269 	3.140163 	1.308625 	2.180883 	3.447554 	0.515388 	3.226840 	0.884590 	
3.140163 	0.212132 	0.697316 	9.000000 	2.370654 	0.350000 	2.448724 	2.744312 	2.426159 	1.762987 	2.415186 	0.111803 	2.294695 	2.537962 	1.865811 	1.741049 	3.200098 	3.165537 	2.449745 	2.396351 	1.722099 	2.661297 	2.817801 	0.226385 	1.770770 	0.261008 	1.879661 	1.789728 	0.728011 	2.851535 	2.874130 	4.040421 	1.966119 	3.705486 	2.777139 	3.690867 	2.886282 	4.045986 	2.158703 	0.436606 	0.704450 	0.443001 	2.888772 	2.846160 	3.780956 	2.001562 	2.869233 	4.068553 	0.863496 	3.865391 	0.480885 	
0.972432 	2.442335 	1.698897 	2.370654 	9.000000 	2.067003 	0.079057 	0.388909 	0.079057 	0.695072 	0.090139 	2.462214 	0.175000 	0.176777 	0.617454 	0.755811 	1.142639 	1.093446 	0.145774 	0.180278 	0.818917 	0.304138 	0.447214 	2.461961 	0.794119 	2.559907 	0.705780 	0.805062 	1.910497 	0.491172 	0.515388 	1.817966 	0.721543 	1.402007 	0.450000 	1.382932 	0.534439 	1.802776 	0.600000 	2.440415 	2.050914 	2.697453 	0.552268 	0.525000 	1.469906 	0.785016 	0.550000 	1.810559 	1.928892 	1.559247 	2.565395 	
2.881514 	0.522015 	0.369121 	0.350000 	2.067003 	9.000000 	2.143887 	2.447703 	2.118077 	1.434617 	2.105499 	0.412311 	1.979425 	2.229630 	1.536636 	1.407569 	2.958568 	2.921151 	2.136878 	2.079664 	1.384061 	2.350532 	2.512469 	0.395285 	1.432000 	0.493077 	1.542117 	1.449353 	0.403113 	2.539931 	2.561860 	3.783186 	1.625000 	3.428283 	2.459675 	3.412477 	2.572086 	3.784508 	1.820028 	0.436606 	0.425735 	0.637377 	2.571478 	2.526979 	3.502232 	1.657181 	2.549510 	3.804028 	0.555090 	3.588349 	0.548862 	
0.927699 	2.521161 	1.775528 	2.448724 	0.079057 	2.143887 	9.000000 	0.320156 	0.050000 	0.761988 	0.075000 	2.539931 	0.213600 	0.100000 	0.680074 	0.820061 	1.107080 	1.057414 	0.111803 	0.176777 	0.880696 	0.226385 	0.369121 	2.538701 	0.853302 	2.636878 	0.760345 	0.862047 	1.982738 	0.412311 	0.436606 	1.758195 	0.766893 	1.335337 	0.375832 	1.315770 	0.456207 	1.741049 	0.629484 	2.515079 	2.122499 	2.773536 	0.475657 	0.450694 	1.402007 	0.824621 	0.475657 	1.747319 	1.998281 	1.491643 	2.640076 	
0.650481 	2.806466 	2.080865 	2.744312 	0.388909 	2.447703 	0.320156 	9.000000 	0.360555 	1.081954 	0.381608 	2.838353 	0.527376 	0.269258 	1.000000 	1.140175 	0.853302 	0.803508 	0.380789 	0.459619 	1.200260 	0.226385 	0.145774 	2.842974 	1.171804 	2.939919 	1.076162 	1.179248 	2.299185 	0.250000 	0.270416 	1.442654 	1.073837 	1.015197 	0.325960 	0.995615 	0.305164 	1.423464 	0.917197 	2.826769 	2.439775 	3.080584 	0.355317 	0.371652 	1.081954 	1.123610 	0.388909 	1.428504 	2.317461 	1.171538 	2.951694 	
0.976281 	2.502249 	1.749285 	2.426159 	0.079057 	2.118077 	0.050000 	0.360555 	9.000000 	0.725000 	0.025000 	2.516198 	0.167705 	0.111803 	0.640312 	0.781025 	1.156774 	1.107080 	0.070711 	0.127475 	0.840015 	0.237171 	0.395285 	2.512469 	0.811249 	2.611154 	0.716327 	0.818917 	1.949679 	0.427200 	0.450694 	1.801735 	0.719809 	1.375000 	0.375832 	1.355083 	0.467039 	1.783606 	0.579871 	2.485080 	2.088660 	2.745906 	0.480885 	0.450694 	1.440703 	0.776209 	0.475657 	1.789029 	1.962301 	1.530523 	2.610077 	
1.643548 	1.868321 	1.068001 	1.762987 	0.695072 	1.434617 	0.761988 	1.081954 	0.725000 	9.000000 	0.707107 	1.843400 	0.566789 	0.831038 	0.103078 	0.075000 	1.787806 	1.741049 	0.726722 	0.660019 	0.150000 	0.941076 	1.114955 	1.822944 	0.158114 	1.924188 	0.180278 	0.190394 	1.230091 	1.125000 	1.145098 	2.510105 	0.291548 	2.096724 	1.033501 	2.077408 	1.151086 	2.496623 	0.427931 	1.775528 	1.366794 	2.047101 	1.144825 	1.097725 	2.163908 	0.375000 	1.119431 	2.505244 	1.237437 	2.253469 	1.900164 	
1.000625 	2.493116 	1.736555 	2.415186 	0.090139 	2.105499 	0.075000 	0.381608 	0.025000 	0.707107 	9.000000 	2.504621 	0.145774 	0.125000 	0.620987 	0.761988 	1.181630 	1.131923 	0.055902 	0.103078 	0.820061 	0.246221 	0.410031 	2.499625 	0.790569 	2.598557 	0.694622 	0.797653 	1.933423 	0.436606 	0.459619 	1.823630 	0.696419 	1.395081 	0.378319 	1.375000 	0.474342 	1.805028 	0.555090 	2.470324 	2.071986 	2.732330 	0.485412 	0.452769 	1.460308 	0.752080 	0.477624 	1.810041 	1.944544 	1.550202 	2.595308 	
3.243166 	0.269258 	0.775403 	0.111803 	2.462214 	0.412311 	2.539931 	2.838353 	2.516198 	1.843400 	2.504621 	9.000000 	2.381832 	2.627975 	1.945829 	1.818310 	3.305772 	3.270799 	2.537962 	2.482942 	1.796003 	2.750454 	2.909038 	0.145774 	1.844078 	0.152069 	1.954002 	1.861619 	0.756637 	2.940451 	2.962790 	4.143971 	2.037308 	3.805013 	2.863564 	3.790119 	2.974160 	4.148795 	2.232152 	0.375000 	0.711512 	0.333542 	2.975315 	2.931830 	3.880158 	2.069118 	2.954657 	4.170806 	0.879275 	3.965003 	0.395285 	
1.140175 	2.379732 	1.610318 	2.294695 	0.175000 	1.979425 	0.213600 	0.527376 	0.167705 	0.566789 	0.145774 	2.381832 	9.000000 	0.265754 	0.477624 	0.618971 	1.315295 	1.265899 	0.160078 	0.103078 	0.675463 	0.375000 	0.548293 	2.372367 	0.645174 	2.472094 	0.548862 	0.651920 	1.796003 	0.561805 	0.583095 	1.969296 	0.553399 	1.540292 	0.482830 	1.520074 	0.592663 	1.950801 	0.425000 	2.336932 	1.933423 	2.602523 	0.594243 	0.553399 	1.605070 	0.612882 	0.577170 	1.955761 	1.803469 	1.695029 	2.461833 	
0.908639 	2.613666 	1.860779 	2.537962 	0.176777 	2.229630 	0.100000 	0.269258 	0.111803 	0.831038 	0.125000 	2.627975 	0.265754 	9.000000 	0.743303 	0.884590 	1.100284 	1.050297 	0.111803 	0.190394 	0.941076 	0.127475 	0.285044 	2.623928 	0.910014 	2.722705 	0.811249 	0.915492 	2.058215 	0.316228 	0.340037 	1.710629 	0.805062 	1.275980 	0.276134 	1.255488 	0.357946 	1.690044 	0.649038 	2.595308 	2.196588 	2.857009 	0.375832 	0.350892 	1.340009 	0.854400 	0.375832 	1.693554 	2.068363 	1.430035 	2.720294 	
1.578963 	1.971357 	1.170470 	1.865811 	0.617454 	1.536636 	0.680074 	1.000000 	0.640312 	0.103078 	0.620987 	1.945829 	0.477624 	0.743303 	9.000000 	0.141421 	1.731509 	1.683931 	0.636396 	0.566789 	0.201556 	0.849264 	1.025305 	1.924188 	0.182003 	2.025617 	0.134629 	0.201556 	1.325236 	1.030776 	1.050297 	2.435416 	0.230489 	2.015099 	0.936082 	1.995307 	1.055047 	2.419969 	0.333542 	1.873666 	1.460308 	2.147091 	1.047020 	0.999062 	2.081015 	0.320156 	1.020416 	2.427061 	1.326885 	2.170829 	1.998124 	
1.711177 	1.853712 	1.044031 	1.741049 	0.755811 	1.407569 	0.820061 	1.140175 	0.781025 	0.075000 	0.761988 	1.818310 	0.618971 	0.884590 	0.141421 	9.000000 	1.858259 	1.811249 	0.777817 	0.707990 	0.075000 	0.990581 	1.166726 	1.792345 	0.090139 	1.894235 	0.152069 	0.125000 	1.185854 	1.171538 	1.190850 	2.573179 	0.261008 	2.155371 	1.075291 	2.135708 	1.195042 	2.558564 	0.425735 	1.736555 	1.320038 	2.012461 	1.185854 	1.137157 	2.221627 	0.335410 	1.158123 	2.566247 	1.185591 	2.311385 	1.860779 	
0.223607 	3.210627 	2.615937 	3.200098 	1.142639 	2.958568 	1.107080 	0.853302 	1.156774 	1.787806 	1.181630 	3.305772 	1.315295 	1.100284 	1.731509 	1.858259 	9.000000 	0.050000 	1.202341 	1.278916 	1.929054 	1.079641 	0.946375 	3.343370 	1.913439 	3.430197 	1.837457 	1.930026 	2.905275 	1.037123 	1.044031 	0.862047 	1.863129 	0.701783 	1.152443 	0.704006 	1.075291 	0.883530 	1.736555 	3.377314 	3.050922 	3.592092 	1.130542 	1.171004 	0.775403 	1.927596 	1.178187 	0.919239 	2.958462 	0.826514 	3.498660 	
0.180278 	3.178541 	2.576941 	3.165537 	1.093446 	2.921151 	1.057414 	0.803508 	1.107080 	1.741049 	1.131923 	3.270799 	1.265899 	1.050297 	1.683931 	1.811249 	0.050000 	9.000000 	1.152443 	1.229075 	1.881821 	1.029866 	0.897566 	3.306906 	1.865811 	3.394297 	1.789204 	1.882153 	2.863673 	0.989002 	0.996243 	0.887764 	1.814180 	0.700000 	1.103687 	0.700446 	1.027740 	0.905883 	1.686898 	3.338600 	3.009257 	3.555366 	1.083109 	1.123054 	0.775403 	1.878330 	1.130542 	0.939415 	2.915476 	0.831038 	3.460220 	
1.015197 	2.531057 	1.767767 	2.449745 	0.145774 	2.136878 	0.111803 	0.380789 	0.070711 	0.726722 	0.055902 	2.537962 	0.160078 	0.111803 	0.636396 	0.777817 	1.202341 	1.152443 	9.000000 	0.079057 	0.832541 	0.215058 	0.388909 	2.530316 	0.800391 	2.629757 	0.700446 	0.805062 	1.956080 	0.403113 	0.425000 	1.822430 	0.693271 	1.386768 	0.333542 	1.366108 	0.436606 	1.801735 	0.539676 	2.496623 	2.093442 	2.761340 	0.443001 	0.406971 	1.450216 	0.743303 	0.431567 	1.805028 	1.962938 	1.540292 	2.621545 	
1.093446 	2.482438 	1.710629 	2.396351 	0.180278 	2.079664 	0.176777 	0.459619 	0.127475 	0.660019 	0.103078 	2.482942 	0.103078 	0.190394 	0.566789 	0.707990 	1.278916 	1.229075 	0.079057 	9.000000 	0.760345 	0.282843 	0.460977 	2.472094 	0.726722 	2.572086 	0.625000 	0.730154 	1.890106 	0.465027 	0.485412 	1.900658 	0.614919 	1.463087 	0.380789 	1.442220 	0.493077 	1.879495 	0.460977 	2.433747 	2.026388 	2.701157 	0.492443 	0.450694 	1.525820 	0.664266 	0.474342 	1.882319 	1.893575 	1.615936 	2.558564 	
1.779396 	1.842044 	1.025000 	1.722099 	0.818917 	1.384061 	0.880696 	1.200260 	0.840015 	0.150000 	0.820061 	1.796003 	0.675463 	0.941076 	0.201556 	0.075000 	1.929054 	1.881821 	0.832541 	0.760345 	9.000000 	1.043132 	1.220912 	1.764405 	0.050000 	1.866815 	0.158114 	0.079057 	1.144825 	1.220912 	1.239455 	2.636878 	0.250000 	2.215006 	1.120547 	2.195023 	1.241974 	2.621188 	0.436606 	1.700000 	1.275980 	1.980057 	1.230091 	1.180042 	2.280351 	0.309233 	1.200260 	2.627975 	1.136332 	2.370258 	1.823630 	
