Total assets = 570
Number of asset nodes = 33

Distance:
999.000000 	98.290382 	40.853397 	41.436699 	125.606529 	38.897301 	106.150833 	132.279999 	26.019224 	39.051247 	125.319588 	65.741920 	129.726639 	42.201897 	45.607018 	36.345562 	63.158531 	10.630146 	40.607880 	43.737854 	71.175842 	35.000000 	29.274563 	130.862518 	70.384659 	134.469330 	67.067131 	70.936592 	112.004463 	32.756680 	32.984844 	36.069378 	67.720009 	24.738634 	37.483330 	24.515301 	34.205261 	36.235340 	62.169125 	131.643463 	117.800682 	140.730240 	36.400551 	38.078865 	27.892651 	70.092796 	38.327538 	37.202152 	113.718948 	30.675724 	136.561340 	
98.290382 	999.000000 	62.769421 	63.134777 	29.154760 	65.863495 	8.544003 	36.400551 	80.993828 	68.000000 	27.784887 	41.484936 	32.649654 	65.741920 	62.649822 	72.470680 	45.607018 	99.639351 	68.876701 	66.708321 	40.311287 	77.369247 	83.725746 	32.802441 	42.296574 	36.619667 	46.529560 	43.185646 	19.026299 	84.970581 	85.866173 	134.350296 	50.249378 	120.104118 	81.939003 	119.473846 	86.330757 	134.380051 	57.706154 	33.600594 	24.083189 	42.520584 	86.406021 	84.693565 	123.065025 	52.038448 	85.615417 	135.148071 	24.515301 	126.506920 	38.418747 	
40.853397 	62.769421 	999.000000 	1.414214 	91.706055 	3.162278 	69.634758 	98.838249 	18.439089 	6.000000 	90.553848 	25.238859 	95.383438 	5.830952 	6.708204 	10.198039 	22.360680 	46.690472 	8.246211 	8.602325 	30.413813 	15.297058 	21.023796 	95.414886 	29.546574 	99.322708 	26.248810 	30.083218 	73.552704 	22.803509 	23.769728 	75.166481 	27.294687 	58.796257 	21.023796 	58.051701 	24.515301 	74.632431 	23.194826 	94.641426 	79.195961 	104.861816 	25.179358 	24.020824 	61.554855 	30.066593 	25.019993 	75.000000 	74.411018 	65.115280 	99.639351 	
41.436699 	63.134777 	1.414214 	999.000000 	92.130341 	2.828427 	69.892776 	99.282425 	18.384777 	5.099020 	90.917542 	25.000000 	95.770561 	4.472136 	5.385165 	9.486833 	21.954498 	47.518417 	7.071068 	7.211102 	30.016663 	14.560220 	20.591261 	95.718338 	29.068884 	99.644371 	25.632011 	29.546574 	73.593475 	22.135944 	23.086792 	75.471848 	26.476404 	58.898216 	20.099751 	58.137768 	23.769728 	74.886581 	22.090721 	94.810333 	79.208588 	105.118980 	24.331051 	23.086792 	61.619801 	29.154760 	24.083189 	75.213028 	74.330345 	65.192024 	99.809822 	
125.606529 	29.154760 	91.706055 	92.130341 	999.000000 	94.826157 	24.186773 	7.280110 	109.772491 	97.046379 	4.242640 	70.519501 	4.472136 	94.847244 	91.787796 	101.518471 	74.632431 	125.865005 	97.989792 	95.854057 	68.883957 	106.451866 	112.712021 	9.055386 	70.830788 	10.440307 	75.186432 	71.589104 	29.120440 	114.061386 	114.965210 	161.616837 	78.644768 	148.219437 	111.085556 	147.634689 	115.451286 	161.839432 	86.348129 	17.464249 	28.178005 	17.720045 	115.550858 	113.846390 	151.238220 	80.062477 	114.769333 	162.742126 	34.539833 	154.615646 	19.235384 	
38.897301 	65.863495 	3.162278 	2.828427 	94.826157 	999.000000 	72.670486 	101.965683 	15.556349 	3.162278 	93.648277 	27.802877 	98.488579 	4.472136 	7.000000 	7.071068 	24.698177 	45.276924 	5.830952 	7.211102 	32.756680 	12.165525 	17.888544 	98.478424 	31.764761 	102.396286 	28.231188 	32.202484 	76.419891 	19.646883 	20.615528 	72.718636 	28.861740 	56.080299 	18.000000 	55.317268 	21.377558 	72.111023 	24.000000 	97.616600 	82.036575 	107.898102 	22.090721 	21.000000 	58.796257 	31.400637 	22.000000 	72.422371 	77.155685 	62.369865 	102.615791 	
106.150833 	8.544003 	69.634758 	69.892776 	24.186773 	72.670486 	999.000000 	31.400637 	88.005684 	74.625732 	21.840330 	47.010635 	26.925823 	72.201111 	68.963760 	79.075912 	51.078373 	107.800743 	75.292763 	72.945183 	44.922153 	83.862984 	90.426765 	25.942244 	46.840153 	29.966648 	51.244511 	47.539455 	11.704700 	91.416626 	92.282173 	142.172424 	54.571056 	127.561752 	88.119240 	126.905479 	92.660675 	142.130219 	62.361847 	25.495098 	16.031219 	35.227829 	92.590500 	90.785461 	130.483719 	55.901699 	91.678787 	142.842575 	17.888544 	133.958954 	30.413813 	
132.279999 	36.400551 	98.838249 	99.282425 	7.280110 	101.965683 	31.400637 	999.000000 	116.846054 	104.216118 	10.049875 	77.794601 	5.385165 	102.044106 	99.005051 	108.687622 	81.908485 	132.276230 	105.190300 	103.077644 	76.157730 	113.635384 	119.854080 	10.630146 	78.102493 	8.944272 	82.462112 	78.854294 	35.510563 	121.247681 	122.155640 	168.240906 	85.906929 	155.080627 	118.308914 	154.508896 	122.653984 	168.514099 	93.621582 	19.798990 	33.837849 	15.132746 	122.772148 	121.078484 	158.113876 	87.298340 	122.004097 	169.452057 	40.521599 	161.471359 	19.723083 	
26.019224 	80.993828 	18.439089 	18.384777 	109.772491 	15.556349 	88.005684 	116.846054 	999.000000 	14.422205 	108.756607 	43.278172 	113.534134 	17.492855 	21.095022 	10.770329 	40.000000 	34.525352 	15.231546 	18.384777 	48.010414 	9.055386 	5.830952 	113.718948 	46.872166 	117.596771 	43.046486 	47.169907 	91.967384 	10.000000 	10.816654 	57.706154 	42.953465 	40.607880 	13.038404 	39.824615 	12.206555 	56.938564 	36.687874 	113.070778 	97.590981 	123.223373 	14.212670 	14.866069 	43.278172 	44.944408 	15.556349 	57.140179 	92.698433 	46.861500 	118.067780 	
39.051247 	68.000000 	6.000000 	5.099020 	97.046379 	3.162278 	74.625732 	104.216118 	14.422205 	999.000000 	95.770561 	29.000000 	100.647903 	3.162278 	6.708204 	4.472136 	25.612497 	46.043457 	2.828427 	5.099020 	33.600594 	9.486833 	15.811388 	100.498756 	32.449963 	104.446159 	28.653097 	32.756680 	77.987175 	17.088007 	18.027756 	72.069412 	28.792360 	55.000000 	15.033297 	54.203320 	18.681541 	71.344238 	23.194826 	99.403221 	83.546394 	109.836243 	19.235384 	18.027756 	57.628117 	31.048349 	19.026299 	71.561165 	78.492035 	61.220913 	104.403069 	
125.319588 	27.784887 	90.553848 	90.917542 	4.242640 	93.648277 	21.840330 	10.049875 	108.756607 	95.770561 	999.000000 	68.709534 	5.099020 	93.477272 	90.338257 	100.239716 	72.801102 	125.936493 	96.602280 	94.371605 	66.760765 	105.118980 	111.507851 	6.324555 	68.680420 	9.219544 	73.082146 	69.375786 	25.495098 	112.712021 	113.600174 	161.375336 	76.400261 	147.610977 	109.590149 	147.003403 	114.039467 	161.523987 	84.202141 	13.601471 	24.166092 	16.124516 	114.061386 	112.307610 	150.602127 	77.665955 	113.216606 	162.373032 	30.675724 	154.012985 	16.000000 	
65.741920 	41.484936 	25.238859 	25.000000 	70.519501 	27.802877 	47.010635 	77.794601 	43.278172 	29.000000 	68.709534 	999.000000 	73.736015 	26.172504 	22.671568 	33.241539 	4.123106 	70.519501 	29.068884 	26.400757 	6.000000 	37.643059 	44.598206 	72.917763 	6.324555 	76.967529 	7.211102 	7.615773 	49.203659 	45.000000 	45.803928 	100.404182 	11.661903 	83.868942 	41.340054 	83.096329 	46.043457 	99.864906 	17.117243 	71.021126 	54.671749 	81.884064 	45.793011 	43.908997 	86.556343 	15.000000 	44.777225 	100.209778 	49.497475 	90.138779 	76.006577 	
129.726639 	32.649654 	95.383438 	95.770561 	4.472136 	98.488579 	26.925823 	5.385165 	113.534134 	100.647903 	5.099020 	73.736015 	999.000000 	98.386993 	95.273293 	105.118980 	77.833153 	130.115326 	101.518471 	99.317673 	71.840103 	110.018181 	116.361504 	5.830952 	73.763138 	6.082763 	78.160095 	74.464760 	30.265491 	117.618027 	118.511604 	165.758865 	81.492332 	152.200531 	114.542572 	151.604752 	118.966385 	165.951797 	89.286057 	15.000000 	28.460499 	13.341664 	119.012604 	117.273186 	155.206314 	82.764725 	118.186295 	166.832245 	35.171009 	158.600128 	15.811388 	
42.201897 	65.741920 	5.830952 	4.472136 	94.847244 	4.472136 	72.201111 	102.044106 	17.492855 	3.162278 	93.477272 	26.172504 	98.386993 	999.000000 	3.605551 	7.071068 	22.671568 	49.091751 	3.162278 	2.828427 	30.610456 	11.661903 	18.439089 	98.112183 	29.410883 	102.083298 	25.553865 	29.681644 	75.286118 	19.235384 	20.124611 	75.179787 	25.632011 	58.008621 	16.492422 	57.201397 	20.615528 	74.431175 	20.099751 	96.834908 	80.808418 	107.377838 	20.880613 	19.416489 	60.605282 	27.892651 	20.396078 	74.625732 	75.663727 	64.202805 	101.833199 	
45.607018 	62.649822 	6.708204 	5.385165 	91.787796 	7.000000 	68.963760 	99.005051 	21.095022 	6.708204 	90.338257 	22.671568 	95.273293 	3.605551 	999.000000 	10.630146 	19.104973 	52.239830 	6.403124 	4.123106 	27.018513 	15.000000 	21.931713 	94.894676 	25.806976 	98.883774 	21.954498 	26.076809 	71.840103 	22.472204 	23.323807 	78.771820 	22.135944 	61.611687 	19.313208 	60.802959 	23.706539 	78.032043 	17.000000 	93.477272 	77.336922 	104.100914 	23.769728 	22.135944 	64.202805 	24.515301 	23.086792 	78.230431 	72.138756 	67.801178 	98.473343 	
36.345562 	72.470680 	10.198039 	9.486833 	101.518471 	7.071068 	79.075912 	108.687622 	10.770329 	4.472136 	100.239716 	33.241539 	105.118980 	7.071068 	10.630146 	999.000000 	29.732138 	44.045429 	4.472136 	7.615773 	37.643059 	5.099020 	11.401754 	104.957130 	36.400551 	108.908218 	32.449963 	36.619667 	82.328613 	12.649111 	13.601471 	68.425140 	32.202484 	51.039200 	11.045361 	50.219517 	14.317822 	67.601776 	25.961510 	103.812332 	87.863533 	114.280357 	15.033297 	14.035668 	53.600372 	34.176014 	15.033297 	67.742157 	82.734512 	57.201397 	108.811768 	
63.158531 	45.607018 	22.360680 	21.954498 	74.632431 	24.698177 	51.078373 	81.908485 	40.000000 	25.612497 	72.801102 	4.123106 	77.833153 	22.671568 	19.104973 	29.732138 	999.000000 	68.410522 	25.455845 	22.671568 	8.062258 	33.970577 	41.012192 	76.967529 	7.280110 	81.024689 	5.385165 	8.062258 	53.009434 	41.231056 	42.011902 	97.416634 	9.219544 	80.603973 	37.443291 	79.812279 	42.201897 	96.798759 	13.341664 	74.946648 	58.412327 	85.883644 	41.880783 	39.962482 	83.240616 	12.806249 	40.816662 	97.082436 	53.075417 	86.833176 	79.924965 	
10.630146 	99.639351 	46.690472 	47.518417 	125.865005 	45.276924 	107.800743 	132.276230 	34.525352 	46.043457 	125.936493 	70.519501 	130.115326 	49.091751 	52.239830 	44.045429 	68.410522 	999.000000 	48.000000 	51.009804 	76.243034 	43.566040 	38.600517 	131.711807 	75.690155 	135.148071 	72.780495 	76.400261 	114.586212 	42.379242 	42.720020 	37.121422 	73.979729 	31.064449 	46.840153 	31.144823 	44.011364 	38.078865 	69.180923 	133.225372 	120.415947 	141.675690 	46.238514 	47.759815 	34.014702 	76.655075 	48.104053 	39.560081 	116.846054 	36.055511 	138.057953 	
40.607880 	68.876701 	8.246211 	7.071068 	97.989792 	5.830952 	75.292763 	105.190300 	15.231546 	2.828427 	96.602280 	29.068884 	101.518471 	3.162278 	6.403124 	4.472136 	25.455845 	48.000000 	999.000000 	3.162278 	33.301651 	8.602325 	15.556349 	101.212646 	32.015621 	105.190300 	28.017851 	32.202484 	78.243210 	16.124516 	17.000000 	72.897186 	27.730848 	55.470715 	13.341664 	54.644306 	17.464249 	72.069412 	21.587032 	99.864906 	83.737686 	110.453613 	17.720045 	16.278820 	58.008621 	29.732138 	17.262676 	72.201111 	78.517517 	61.611687 	104.861816 	
43.737854 	66.708321 	8.602325 	7.211102 	95.854057 	7.211102 	72.945183 	103.077644 	18.384777 	5.099020 	94.371605 	26.400757 	99.317673 	2.828427 	4.123106 	7.615773 	22.671568 	51.009804 	3.162278 	999.000000 	30.413813 	11.313708 	18.439089 	98.883774 	29.068884 	102.883430 	25.000000 	29.206163 	75.604233 	18.601076 	19.416489 	76.026314 	24.596748 	58.523499 	15.231546 	57.688820 	19.723083 	75.179787 	18.439089 	97.349884 	81.055534 	108.046288 	19.697716 	18.027756 	61.032780 	26.570660 	18.973665 	75.292763 	75.742989 	64.637451 	102.342560 	
71.175842 	40.311287 	30.413813 	30.016663 	68.883957 	32.756680 	44.922153 	76.157730 	48.010414 	33.600594 	66.760765 	6.000000 	71.840103 	30.610456 	27.018513 	37.643059 	8.062258 	76.243034 	33.301651 	30.413813 	999.000000 	41.725292 	48.836460 	70.576202 	2.000000 	74.672615 	6.324555 	3.162278 	45.793011 	48.836460 	49.578220 	105.475113 	10.000000 	88.600227 	44.821869 	87.800911 	49.678970 	104.847511 	17.464249 	68.000000 	51.039200 	79.202271 	49.203659 	47.201694 	91.214035 	12.369317 	48.010414 	105.118980 	45.453274 	94.810333 	72.945183 	
35.000000 	77.369247 	15.297058 	14.560220 	106.451866 	12.165525 	83.862984 	113.635384 	9.055386 	9.486833 	105.118980 	37.643059 	110.018181 	11.661903 	15.000000 	5.099020 	33.970577 	43.566040 	8.602325 	11.313708 	41.725292 	999.000000 	7.211102 	109.772491 	40.360870 	113.740936 	36.235340 	40.459858 	86.833176 	7.615773 	8.544003 	65.391129 	35.510563 	47.507893 	6.324555 	46.647614 	9.219544 	64.404968 	28.635643 	108.466583 	92.314682 	119.037811 	10.000000 	9.219544 	49.929951 	37.121422 	10.198039 	64.412735 	87.045967 	53.535034 	113.463654 	
29.274563 	83.725746 	21.023796 	20.591261 	112.712021 	17.888544 	90.426765 	119.854080 	5.830952 	15.811388 	111.507851 	44.598206 	116.361504 	18.439089 	21.931713 	11.401754 	41.012192 	38.600517 	15.556349 	18.439089 	48.836460 	7.211102 	999.000000 	116.284134 	47.507893 	120.220627 	43.416588 	47.634022 	93.723000 	4.242640 	5.000000 	58.309521 	42.720020 	40.311287 	8.246211 	39.446167 	6.403124 	57.271286 	35.777088 	115.208504 	99.247169 	125.642349 	8.485281 	9.433981 	42.720020 	44.294468 	10.000000 	57.245087 	94.069122 	46.324940 	120.208153 	
130.862518 	32.802441 	95.414886 	95.718338 	9.055386 	98.478424 	25.942244 	10.630146 	113.718948 	100.498756 	6.324555 	72.917763 	5.830952 	98.112183 	94.894676 	104.957130 	76.967529 	131.711807 	101.212646 	98.883774 	70.576202 	109.772491 	116.284134 	999.000000 	72.449982 	4.123106 	76.896034 	73.054771 	27.018513 	117.337120 	118.207443 	166.931122 	80.006248 	152.895386 	114.061386 	152.269501 	118.595955 	167.026947 	87.920418 	9.219544 	24.331051 	10.000000 	118.532700 	116.726173 	155.862122 	81.043198 	117.618027 	167.836227 	31.257000 	159.298462 	10.198039 	
70.384659 	42.296574 	29.546574 	29.068884 	70.830788 	31.764761 	46.840153 	78.102493 	46.872166 	32.449963 	68.680420 	6.324555 	73.763138 	29.410883 	25.806976 	36.400551 	7.280110 	75.690155 	32.015621 	29.068884 	2.000000 	40.360870 	47.507893 	72.449982 	999.000000 	76.550636 	4.472136 	1.414214 	47.507893 	47.381432 	48.104053 	104.446159 	8.000000 	87.418533 	43.278172 	86.608315 	48.166378 	103.773796 	15.524175 	69.771057 	52.697250 	81.024689 	47.634022 	45.607018 	90.000000 	10.440307 	46.400433 	104.009613 	47.010635 	93.600212 	74.706093 	
134.469330 	36.619667 	99.322708 	99.644371 	10.440307 	102.396286 	29.966648 	8.944272 	117.596771 	104.446159 	9.219544 	76.967529 	6.082763 	102.083298 	98.883774 	108.908218 	81.024689 	135.148071 	105.190300 	102.883430 	74.672615 	113.740936 	120.220627 	4.123106 	76.550636 	999.000000 	80.993828 	77.162170 	31.064449 	121.313644 	122.188377 	170.531525 	84.118965 	156.646103 	118.072014 	156.028839 	122.588745 	170.660477 	92.027168 	11.661903 	28.160255 	7.280110 	122.543869 	120.747673 	159.624557 	85.164543 	121.642921 	171.493439 	35.128338 	163.049072 	10.816654 	
67.067131 	46.529560 	26.248810 	25.632011 	75.186432 	28.231188 	51.244511 	82.462112 	43.046486 	28.653097 	73.082146 	7.211102 	78.160095 	25.553865 	21.954498 	32.449963 	5.385165 	72.780495 	28.017851 	25.000000 	6.324555 	36.235340 	43.416588 	76.896034 	4.472136 	80.993828 	999.000000 	4.242640 	51.971146 	43.139309 	43.840622 	100.722389 	4.472136 	83.486526 	38.948685 	82.661964 	43.863426 	99.985001 	11.180340 	74.242844 	57.140179 	85.492691 	43.278172 	41.231056 	86.023254 	7.810250 	42.011902 	100.169853 	51.400391 	89.627007 	79.177017 	
70.936592 	43.185646 	30.083218 	29.546574 	71.589104 	32.202484 	47.539455 	78.854294 	47.169907 	32.756680 	69.375786 	7.615773 	74.464760 	29.681644 	26.076809 	36.619667 	8.062258 	76.400261 	32.202484 	29.206163 	3.162278 	40.459858 	47.634022 	73.054771 	1.414214 	77.162170 	4.242640 	999.000000 	47.885281 	47.381432 	48.083260 	104.809349 	7.071068 	87.658424 	43.185646 	86.838928 	48.104053 	104.100914 	14.866069 	70.213959 	53.000000 	81.541397 	47.507893 	45.453274 	90.210861 	9.219544 	46.227695 	104.307236 	47.201694 	93.813644 	75.133217 	
112.004463 	19.026299 	73.552704 	73.593475 	29.120440 	76.419891 	11.704700 	35.510563 	91.967384 	77.987175 	25.495098 	49.203659 	30.265491 	75.286118 	71.840103 	82.328613 	53.009434 	114.586212 	78.243210 	75.604233 	45.793011 	86.833176 	93.723000 	27.018513 	47.507893 	31.064449 	51.971146 	47.885281 	999.000000 	94.201912 	95.000000 	147.756561 	54.561890 	132.245987 	90.443352 	131.529465 	95.210297 	147.512711 	62.609905 	22.472204 	5.830952 	34.205261 	94.868332 	92.913940 	135.059250 	55.154327 	93.744331 	148.070923 	6.403124 	138.600143 	27.313000 	
32.756680 	84.970581 	22.803509 	22.135944 	114.061386 	19.646883 	91.416626 	121.247681 	10.000000 	17.088007 	112.712021 	45.000000 	117.618027 	19.235384 	22.472204 	12.649111 	41.231056 	42.379242 	16.124516 	18.601076 	48.836460 	7.615773 	4.242640 	117.337120 	47.381432 	121.313644 	43.139309 	47.381432 	94.201912 	999.000000 	1.000000 	60.083275 	42.011902 	41.629318 	5.099020 	40.718548 	2.236068 	58.872746 	34.669872 	115.935326 	99.639351 	126.570137 	4.242640 	5.385165 	43.829212 	43.266617 	5.830952 	58.694122 	94.260277 	47.413078 	120.929733 	
32.984844 	85.866173 	23.769728 	23.086792 	114.965210 	20.615528 	92.282173 	122.155640 	10.816654 	18.027756 	113.600174 	45.803928 	118.511604 	20.124611 	23.323807 	13.601471 	42.011902 	42.720020 	17.000000 	19.416489 	49.578220 	8.544003 	5.000000 	118.207443 	48.104053 	122.188377 	43.840622 	48.083260 	95.000000 	1.000000 	999.000000 	59.774578 	42.638012 	41.231056 	5.385165 	40.311287 	1.414214 	58.523499 	35.227829 	116.764717 	100.424103 	127.424484 	3.605551 	5.099020 	43.382023 	43.829212 	5.385165 	58.309521 	95.015785 	46.957428 	121.757957 	
36.069378 	134.350296 	75.166481 	75.471848 	161.616837 	72.718636 	142.172424 	168.240906 	57.706154 	72.069412 	161.375336 	100.404182 	165.758865 	75.179787 	78.771820 	68.425140 	97.416634 	37.121422 	72.897186 	76.026314 	105.475113 	65.391129 	58.309521 	166.931122 	104.446159 	170.531525 	100.722389 	104.809349 	147.756561 	60.083275 	59.774578 	999.000000 	100.623062 	19.104973 	65.145988 	20.099751 	60.440052 	2.828427 	94.021271 	167.657394 	153.525238 	176.799316 	62.096699 	64.288414 	18.027756 	102.459747 	64.031242 	5.000000 	149.201202 	15.297058 	172.586212 	
67.720009 	50.249378 	27.294687 	26.476404 	78.644768 	28.861740 	54.571056 	85.906929 	42.953465 	28.792360 	76.400261 	11.661903 	81.492332 	25.632011 	22.135944 	32.202484 	9.219544 	73.979729 	27.730848 	24.596748 	10.000000 	35.510563 	42.720020 	80.006248 	8.000000 	84.118965 	4.472136 	7.071068 	54.561890 	42.011902 	42.638012 	100.623062 	999.000000 	83.006027 	37.536648 	82.152298 	42.520584 	99.764725 	8.062258 	76.967529 	59.539902 	88.391174 	41.725292 	39.597980 	85.440041 	3.605551 	40.311287 	99.849884 	53.535034 	89.044930 	81.859634 	
24.738634 	120.104118 	58.796257 	58.898216 	148.219437 	56.080299 	127.561752 	155.080627 	40.607880 	55.000000 	147.610977 	83.868942 	152.200531 	58.008621 	61.611687 	51.039200 	80.603973 	31.064449 	55.470715 	58.523499 	88.600227 	47.507893 	40.311287 	152.895386 	87.418533 	156.646103 	83.486526 	87.658424 	132.245987 	41.629318 	41.231056 	19.104973 	83.006027 	999.000000 	46.615448 	1.000000 	41.785164 	17.464249 	76.059189 	152.898666 	137.931137 	162.606888 	43.324360 	45.541191 	3.162278 	84.599052 	45.221676 	17.088007 	133.206604 	6.403124 	157.876541 	
37.483330 	81.939003 	21.023796 	20.099751 	111.085556 	18.000000 	88.119240 	118.308914 	13.038404 	15.033297 	109.590149 	41.340054 	114.542572 	16.492422 	19.313208 	11.045361 	37.443291 	46.840153 	13.341664 	15.231546 	44.821869 	6.324555 	8.246211 	114.061386 	43.278172 	118.072014 	38.948685 	43.185646 	90.443352 	5.099020 	5.385165 	65.145988 	37.536648 	46.615448 	999.000000 	45.694637 	5.000000 	63.906181 	30.000000 	112.361023 	95.801880 	123.166557 	4.472136 	3.000000 	48.754486 	38.600517 	4.000000 	63.694584 	90.271812 	52.325901 	117.345642 	
24.515301 	119.473846 	58.051701 	58.137768 	147.634689 	55.317268 	126.905479 	154.508896 	39.824615 	54.203320 	147.003403 	83.096329 	151.604752 	57.201397 	60.802959 	50.219517 	79.812279 	31.144823 	54.644306 	57.688820 	87.800911 	46.647614 	39.446167 	152.269501 	86.608315 	156.028839 	82.661964 	86.838928 	131.529465 	40.718548 	40.311287 	20.099751 	82.152298 	1.000000 	45.694637 	999.000000 	40.853397 	18.439089 	75.179787 	152.226807 	137.207870 	161.969131 	42.379242 	44.598206 	3.605551 	83.725746 	44.271889 	18.027756 	132.457535 	7.071068 	157.206863 	
34.205261 	86.330757 	24.515301 	23.769728 	115.451286 	21.377558 	92.660675 	122.653984 	12.206555 	18.681541 	114.039467 	46.043457 	118.966385 	20.615528 	23.706539 	14.317822 	42.201897 	44.011364 	17.464249 	19.723083 	49.678970 	9.219544 	6.403124 	118.595955 	48.166378 	122.588745 	43.863426 	48.104053 	95.210297 	2.236068 	1.414214 	60.440052 	42.520584 	41.785164 	5.000000 	40.853397 	999.000000 	59.135437 	35.000000 	117.046997 	100.603180 	127.769325 	2.236068 	4.000000 	43.863426 	43.600460 	4.123106 	58.872746 	95.131485 	47.423622 	122.036880 	
36.235340 	134.380051 	74.632431 	74.886581 	161.839432 	72.111023 	142.130219 	168.514099 	56.938564 	71.344238 	161.523987 	99.864906 	165.951797 	74.431175 	78.032043 	67.601776 	96.798759 	38.078865 	72.069412 	75.179787 	104.847511 	64.404968 	57.271286 	167.026947 	103.773796 	170.660477 	99.985001 	104.100914 	147.512711 	58.872746 	58.523499 	2.828427 	99.764725 	17.464249 	63.906181 	18.439089 	59.135437 	999.000000 	93.037628 	167.597733 	153.264481 	176.867188 	60.728905 	62.936478 	16.031219 	101.518471 	62.641838 	2.236068 	148.838837 	13.038404 	172.539856 	
62.169125 	57.706154 	23.194826 	22.090721 	86.348129 	24.000000 	62.361847 	93.621582 	36.687874 	23.194826 	84.202141 	17.117243 	89.286057 	20.099751 	17.000000 	25.961510 	13.341664 	69.180923 	21.587032 	18.439089 	17.464249 	28.635643 	35.777088 	87.920418 	15.524175 	92.027168 	11.180340 	14.866069 	62.609905 	34.669872 	35.227829 	94.021271 	8.062258 	76.059189 	30.000000 	75.179787 	35.000000 	93.037628 	999.000000 	85.000000 	67.601776 	96.384644 	34.058773 	31.890438 	78.390053 	8.602325 	32.557640 	93.021500 	61.587337 	81.987801 	89.899948 	
131.643463 	33.600594 	94.641426 	94.810333 	17.464249 	97.616600 	25.495098 	19.798990 	113.070778 	99.403221 	13.601471 	71.021126 	15.000000 	96.834908 	93.477272 	103.812332 	74.946648 	133.225372 	99.864906 	97.349884 	68.000000 	108.466583 	115.208504 	9.219544 	69.771057 	11.661903 	74.242844 	70.213959 	22.472204 	115.935326 	116.764717 	167.657394 	76.967529 	152.898666 	112.361023 	152.226807 	117.046997 	167.597733 	85.000000 	999.000000 	18.248287 	12.041595 	116.811813 	114.908661 	155.794739 	77.620872 	115.762688 	168.291412 	25.179358 	159.289047 	5.000000 	
117.800682 	24.083189 	79.195961 	79.208588 	28.178005 	82.036575 	16.031219 	33.837849 	97.590981 	83.546394 	24.166092 	54.671749 	28.460499 	80.808418 	77.336922 	87.863533 	58.412327 	120.415947 	83.737686 	81.055534 	51.039200 	92.314682 	99.247169 	24.331051 	52.697250 	28.160255 	57.140179 	53.000000 	5.830952 	99.639351 	100.424103 	153.525238 	59.539902 	137.931137 	95.801880 	137.207870 	100.603180 	153.264481 	67.601776 	18.248287 	999.000000 	30.265491 	100.209778 	98.229324 	140.730240 	59.933296 	99.045441 	153.808319 	7.000000 	144.277512 	22.803509 	
140.730240 	42.520584 	104.861816 	105.118980 	17.720045 	107.898102 	35.227829 	15.132746 	123.223373 	109.836243 	16.124516 	81.884064 	13.341664 	107.377838 	104.100914 	114.280357 	85.883644 	141.675690 	110.453613 	108.046288 	79.202271 	119.037811 	125.642349 	10.000000 	81.024689 	7.280110 	85.492691 	81.541397 	34.205261 	126.570137 	127.424484 	176.799316 	88.391174 	162.606888 	123.166557 	161.969131 	127.769325 	176.867188 	96.384644 	12.041595 	30.265491 	999.000000 	127.632286 	125.781555 	165.556641 	89.196411 	126.657021 	177.654160 	37.215588 	169.008881 	8.246211 	
36.400551 	86.406021 	25.179358 	24.331051 	115.550858 	22.090721 	92.590500 	122.772148 	14.212670 	19.235384 	114.061386 	45.793011 	119.012604 	20.880613 	23.769728 	15.033297 	41.880783 	46.238514 	17.720045 	19.697716 	49.203659 	10.000000 	8.485281 	118.532700 	47.634022 	122.543869 	43.278172 	47.507893 	94.868332 	4.242640 	3.605551 	62.096699 	41.725292 	43.324360 	4.472136 	42.379242 	2.236068 	60.728905 	34.058773 	116.811813 	100.209778 	127.632286 	999.000000 	2.236068 	45.310043 	42.638012 	2.000000 	60.406952 	94.641426 	48.846699 	121.794907 	
38.078865 	84.693565 	24.020824 	23.086792 	113.846390 	21.000000 	90.785461 	121.078484 	14.866069 	18.027756 	112.307610 	43.908997 	117.273186 	19.416489 	22.135944 	14.035668 	39.962482 	47.759815 	16.278820 	18.027756 	47.201694 	9.219544 	9.433981 	116.726173 	45.607018 	120.747673 	41.231056 	45.453274 	92.913940 	5.385165 	5.099020 	64.288414 	39.597980 	45.541191 	3.000000 	44.598206 	4.000000 	62.936478 	31.890438 	114.908661 	98.229324 	125.781555 	2.236068 	999.000000 	47.539455 	40.459858 	1.000000 	62.625874 	92.617493 	51.078373 	119.887444 	
27.892651 	123.065025 	61.554855 	61.619801 	151.238220 	58.796257 	130.483719 	158.113876 	43.278172 	57.628117 	150.602127 	86.556343 	155.206314 	60.605282 	64.202805 	53.600372 	83.240616 	34.014702 	58.008621 	61.032780 	91.214035 	49.929951 	42.720020 	155.862122 	90.000000 	159.624557 	86.023254 	90.210861 	135.059250 	43.829212 	43.382023 	18.027756 	85.440041 	3.162278 	48.754486 	3.605551 	43.863426 	16.031219 	78.390053 	155.794739 	140.730240 	165.556641 	45.310043 	47.539455 	999.000000 	86.954010 	47.169907 	15.297058 	135.948517 	3.605551 	160.776245 	
70.092796 	52.038448 	30.066593 	29.154760 	80.062477 	31.400637 	55.901699 	87.298340 	44.944408 	31.048349 	77.665955 	15.000000 	82.764725 	27.892651 	24.515301 	34.176014 	12.806249 	76.655075 	29.732138 	26.570660 	12.369317 	37.121422 	44.294468 	81.043198 	10.440307 	85.164543 	7.810250 	9.219544 	55.154327 	43.266617 	43.829212 	102.459747 	3.605551 	84.599052 	38.600517 	83.725746 	43.600460 	101.518471 	8.602325 	77.620872 	59.933296 	89.196411 	42.638012 	40.459858 	86.954010 	999.000000 	41.109608 	101.533249 	53.712196 	90.553848 	82.462112 	
38.327538 	85.615417 	25.019993 	24.083189 	114.769333 	22.000000 	91.678787 	122.004097 	15.556349 	19.026299 	113.216606 	44.777225 	118.186295 	20.396078 	23.086792 	15.033297 	40.816662 	48.104053 	17.262676 	18.973665 	48.010414 	10.198039 	10.000000 	117.618027 	46.400433 	121.642921 	42.011902 	46.227695 	93.744331 	5.830952 	5.385165 	64.031242 	40.311287 	45.221676 	4.000000 	44.271889 	4.123106 	62.641838 	32.557640 	115.762688 	99.045441 	126.657021 	2.000000 	1.000000 	47.169907 	41.109608 	999.000000 	62.297672 	93.407707 	50.695168 	120.739388 	
37.202152 	135.148071 	75.000000 	75.213028 	162.742126 	72.422371 	142.842575 	169.452057 	57.140179 	71.561165 	162.373032 	100.209778 	166.832245 	74.625732 	78.230431 	67.742157 	97.082436 	39.560081 	72.201111 	75.292763 	105.118980 	64.412735 	57.245087 	167.836227 	104.009613 	171.493439 	100.169853 	104.307236 	148.070923 	58.694122 	58.309521 	5.000000 	99.849884 	17.088007 	63.694584 	18.027756 	58.872746 	2.236068 	93.021500 	168.291412 	153.808319 	177.654160 	60.406952 	62.625874 	15.297058 	101.533249 	62.297672 	999.000000 	149.305054 	12.041595 	173.242599 	
113.718948 	24.515301 	74.411018 	74.330345 	34.539833 	77.155685 	17.888544 	40.521599 	92.698433 	78.492035 	30.675724 	49.497475 	35.171009 	75.663727 	72.138756 	82.734512 	53.075417 	116.846054 	78.517517 	75.742989 	45.453274 	87.045967 	94.069122 	31.257000 	47.010635 	35.128338 	51.400391 	47.201694 	6.403124 	94.260277 	95.015785 	149.201202 	53.535034 	133.206604 	90.271812 	132.457535 	95.131485 	148.838837 	61.587337 	25.179358 	7.000000 	37.215588 	94.641426 	92.617493 	135.948517 	53.712196 	93.407707 	149.305054 	999.000000 	139.517029 	29.614185 	
30.675724 	126.506920 	65.115280 	65.192024 	154.615646 	62.369865 	133.958954 	161.471359 	46.861500 	61.220913 	154.012985 	90.138779 	158.600128 	64.202805 	67.801178 	57.201397 	86.833176 	36.055511 	61.611687 	64.637451 	94.810333 	53.535034 	46.324940 	159.298462 	93.600212 	163.049072 	89.627007 	93.813644 	138.600143 	47.413078 	46.957428 	15.297058 	89.044930 	6.403124 	52.325901 	7.071068 	47.423622 	13.038404 	81.987801 	159.289047 	144.277512 	169.008881 	48.846699 	51.078373 	3.605551 	90.553848 	50.695168 	12.041595 	139.517029 	999.000000 	164.268066 	
136.561340 	38.418747 	99.639351 	99.809822 	19.235384 	102.615791 	30.413813 	19.723083 	118.067780 	104.403069 	16.000000 	76.006577 	15.811388 	101.833199 	98.473343 	108.811768 	79.924965 	138.057953 	104.861816 	102.342560 	72.945183 	113.463654 	120.208153 	10.198039 	74.706093 	10.816654 	79.177017 	75.133217 	27.313000 	120.929733 	121.757957 	172.586212 	81.859634 	157.876541 	117.345642 	157.206863 	122.036880 	172.539856 	89.899948 	5.000000 	22.803509 	8.246211 	121.794907 	119.887444 	160.776245 	82.462112 	120.739388 	173.242599 	29.614185 	164.268066 	999.000000 	

Travel time:
9.000000 	2.457260 	1.021335 	1.035918 	3.140163 	0.972432 	2.653771 	3.307000 	0.650481 	0.976281 	3.132990 	1.643548 	3.243166 	1.055047 	1.140175 	0.908639 	1.578963 	0.265754 	1.015197 	1.093446 	1.779396 	0.875000 	0.731864 	3.271563 	1.759616 	3.361733 	1.676678 	1.773415 	2.800112 	0.818917 	0.824621 	0.901734 	1.693000 	0.618466 	0.937083 	0.612882 	0.855132 	0.905883 	1.554228 	3.291087 	2.945017 	3.518256 	0.910014 	0.951972 	0.697316 	1.752320 	0.958188 	0.930054 	2.842974 	0.766893 	3.414033 	
2.457260 	9.000000 	1.569236 	1.578369 	0.728869 	1.646587 	0.213600 	0.910014 	2.024846 	1.700000 	0.694622 	1.037123 	0.816241 	1.643548 	1.566246 	1.811767 	1.140175 	2.490984 	1.721918 	1.667708 	1.007782 	1.934231 	2.093144 	0.820061 	1.057414 	0.915492 	1.163239 	1.079641 	0.475657 	2.124264 	2.146654 	3.358757 	1.256234 	3.002603 	2.048475 	2.986846 	2.158269 	3.359501 	1.442654 	0.840015 	0.602080 	1.063015 	2.160151 	2.117339 	3.076626 	1.300961 	2.140385 	3.378702 	0.612882 	3.162673 	0.960469 	
1.021335 	1.569236 	9.000000 	0.035355 	2.292651 	0.079057 	1.740869 	2.470956 	0.460977 	0.150000 	2.263846 	0.630971 	2.384586 	0.145774 	0.167705 	0.254951 	0.559017 	1.167262 	0.206155 	0.215058 	0.760345 	0.382426 	0.525595 	2.385372 	0.738664 	2.483068 	0.656220 	0.752080 	1.838818 	0.570088 	0.594243 	1.879162 	0.682367 	1.469906 	0.525595 	1.451293 	0.612882 	1.865811 	0.579871 	2.366036 	1.979899 	2.621545 	0.629484 	0.600521 	1.538871 	0.751665 	0.625500 	1.875000 	1.860276 	1.627882 	2.490984 	
1.035918 	1.578369 	0.035355 	9.000000 	2.303258 	0.070711 	1.747319 	2.482061 	0.459619 	0.127475 	2.272938 	0.625000 	2.394264 	0.111803 	0.134629 	0.237171 	0.548862 	1.187960 	0.176777 	0.180278 	0.750417 	0.364006 	0.514782 	2.392958 	0.726722 	2.491109 	0.640800 	0.738664 	1.839837 	0.553399 	0.577170 	1.886796 	0.661910 	1.472455 	0.502494 	1.453444 	0.594243 	1.872164 	0.552268 	2.370258 	1.980215 	2.627975 	0.608276 	0.577170 	1.540495 	0.728869 	0.602080 	1.880326 	1.858259 	1.629801 	2.495245 	
3.140163 	0.728869 	2.292651 	2.303258 	9.000000 	2.370654 	0.604669 	0.182003 	2.744312 	2.426159 	0.106066 	1.762987 	0.111803 	2.371181 	2.294695 	2.537962 	1.865811 	3.146625 	2.449745 	2.396351 	1.722099 	2.661297 	2.817801 	0.226385 	1.770770 	0.261008 	1.879661 	1.789728 	0.728011 	2.851535 	2.874130 	4.040421 	1.966119 	3.705486 	2.777139 	3.690867 	2.886282 	4.045986 	2.158703 	0.436606 	0.704450 	0.443001 	2.888772 	2.846160 	3.780956 	2.001562 	2.869233 	4.068553 	0.863496 	3.865391 	0.480885 	
0.972432 	1.646587 	0.079057 	0.070711 	2.370654 	9.000000 	1.816762 	2.549142 	0.388909 	0.079057 	2.341207 	0.695072 	2.462214 	0.111803 	0.175000 	0.176777 	0.617454 	1.131923 	0.145774 	0.180278 	0.818917 	0.304138 	0.447214 	2.461961 	0.794119 	2.559907 	0.705780 	0.805062 	1.910497 	0.491172 	0.515388 	1.817966 	0.721543 	1.402007 	0.450000 	1.382932 	0.534439 	1.802776 	0.600000 	2.440415 	2.050914 	2.697453 	0.552268 	0.525000 	1.469906 	0.785016 	0.550000 	1.810559 	1.928892 	1.559247 	2.565395 	
2.653771 	0.213600 	1.740869 	1.747319 	0.604669 	1.816762 	9.000000 	0.785016 	2.200142 	1.865643 	0.546008 	1.175266 	0.673146 	1.805028 	1.724094 	1.976898 	1.276959 	2.695019 	1.882319 	1.823630 	1.123054 	2.096575 	2.260669 	0.648556 	1.171004 	0.749166 	1.281113 	1.188486 	0.292617 	2.285416 	2.307054 	3.554311 	1.364276 	3.189044 	2.202981 	3.172637 	2.316517 	3.553256 	1.559046 	0.637377 	0.400780 	0.880696 	2.314763 	2.269637 	3.262093 	1.397542 	2.291970 	3.571064 	0.447214 	3.348974 	0.760345 	
3.307000 	0.910014 	2.470956 	2.482061 	0.182003 	2.549142 	0.785016 	9.000000 	2.921151 	2.605403 	0.251247 	1.944865 	0.134629 	2.551103 	2.475126 	2.717191 	2.047712 	3.306906 	2.629757 	2.576941 	1.903943 	2.840885 	2.996352 	0.265754 	1.952562 	0.223607 	2.061553 	1.971357 	0.887764 	3.031192 	3.053891 	4.206023 	2.147673 	3.877016 	2.957723 	3.862722 	3.066350 	4.212852 	2.340539 	0.494975 	0.845946 	0.378319 	3.069304 	3.026962 	3.952847 	2.182458 	3.050102 	4.236301 	1.013040 	4.036784 	0.493077 	
0.650481 	2.024846 	0.460977 	0.459619 	2.744312 	0.388909 	2.200142 	2.921151 	9.000000 	0.360555 	2.718915 	1.081954 	2.838353 	0.437321 	0.527376 	0.269258 	1.000000 	0.863134 	0.380789 	0.459619 	1.200260 	0.226385 	0.145774 	2.842974 	1.171804 	2.939919 	1.076162 	1.179248 	2.299185 	0.250000 	0.270416 	1.442654 	1.073837 	1.015197 	0.325960 	0.995615 	0.305164 	1.423464 	0.917197 	2.826769 	2.439775 	3.080584 	0.355317 	0.371652 	1.081954 	1.123610 	0.388909 	1.428504 	2.317461 	1.171538 	2.951694 	
0.976281 	1.700000 	0.150000 	0.127475 	2.426159 	0.079057 	1.865643 	2.605403 	0.360555 	9.000000 	2.394264 	0.725000 	2.516198 	0.079057 	0.167705 	0.111803 	0.640312 	1.151086 	0.070711 	0.127475 	0.840015 	0.237171 	0.395285 	2.512469 	0.811249 	2.611154 	0.716327 	0.818917 	1.949679 	0.427200 	0.450694 	1.801735 	0.719809 	1.375000 	0.375832 	1.355083 	0.467039 	1.783606 	0.579871 	2.485080 	2.088660 	2.745906 	0.480885 	0.450694 	1.440703 	0.776209 	0.475657 	1.789029 	1.962301 	1.530523 	2.610077 	
3.132990 	0.694622 	2.263846 	2.272938 	0.106066 	2.341207 	0.546008 	0.251247 	2.718915 	2.394264 	9.000000 	1.717738 	0.127475 	2.336932 	2.258456 	2.505993 	1.820028 	3.148412 	2.415057 	2.359290 	1.669019 	2.627975 	2.787696 	0.158114 	1.717010 	0.230489 	1.827054 	1.734395 	0.637377 	2.817801 	2.840004 	4.034383 	1.910007 	3.690274 	2.739754 	3.675085 	2.850987 	4.038100 	2.105053 	0.340037 	0.604152 	0.403113 	2.851535 	2.807690 	3.765053 	1.941649 	2.830415 	4.059326 	0.766893 	3.850325 	0.400000 	
1.643548 	1.037123 	0.630971 	0.625000 	1.762987 	0.695072 	1.175266 	1.944865 	1.081954 	0.725000 	1.717738 	9.000000 	1.843400 	0.654313 	0.566789 	0.831038 	0.103078 	1.762987 	0.726722 	0.660019 	0.150000 	0.941076 	1.114955 	1.822944 	0.158114 	1.924188 	0.180278 	0.190394 	1.230091 	1.125000 	1.145098 	2.510105 	0.291548 	2.096724 	1.033501 	2.077408 	1.151086 	2.496623 	0.427931 	1.775528 	1.366794 	2.047101 	1.144825 	1.097725 	2.163908 	0.375000 	1.119431 	2.505244 	1.237437 	2.253469 	1.900164 	
3.243166 	0.816241 	2.384586 	2.394264 	0.111803 	2.462214 	0.673146 	0.134629 	2.838353 	2.516198 	0.127475 	1.843400 	9.000000 	2.459675 	2.381832 	2.627975 	1.945829 	3.252883 	2.537962 	2.482942 	1.796003 	2.750454 	2.909038 	0.145774 	1.844078 	0.152069 	1.954002 	1.861619 	0.756637 	2.940451 	2.962790 	4.143971 	2.037308 	3.805013 	2.863564 	3.790119 	2.974160 	4.148795 	2.232152 	0.375000 	0.711512 	0.333542 	2.975315 	2.931830 	3.880158 	2.069118 	2.954657 	4.170806 	0.879275 	3.965003 	0.395285 	
1.055047 	1.643548 	0.145774 	0.111803 	2.371181 	0.111803 	1.805028 	2.551103 	0.437321 	0.079057 	2.336932 	0.654313 	2.459675 	9.000000 	0.090139 	0.176777 	0.566789 	1.227294 	0.079057 	0.070711 	0.765261 	0.291548 	0.460977 	2.452805 	0.735272 	2.552083 	0.638847 	0.742041 	1.882153 	0.480885 	0.503115 	1.879495 	0.640800 	1.450216 	0.412311 	1.430035 	0.515388 	1.860779 	0.502494 	2.420873 	2.020211 	2.684446 	0.522015 	0.485412 	1.515132 	0.697316 	0.509902 	1.865643 	1.891593 	1.605070 	2.545830 	
1.140175 	1.566246 	0.167705 	0.134629 	2.294695 	0.175000 	1.724094 	2.475126 	0.527376 	0.167705 	2.258456 	0.566789 	2.381832 	0.090139 	9.000000 	0.265754 	0.477624 	1.305996 	0.160078 	0.103078 	0.675463 	0.375000 	0.548293 	2.372367 	0.645174 	2.472094 	0.548862 	0.651920 	1.796003 	0.561805 	0.583095 	1.969296 	0.553399 	1.540292 	0.482830 	1.520074 	0.592663 	1.950801 	0.425000 	2.336932 	1.933423 	2.602523 	0.594243 	0.553399 	1.605070 	0.612882 	0.577170 	1.955761 	1.803469 	1.695029 	2.461833 	
0.908639 	1.811767 	0.254951 	0.237171 	2.537962 	0.176777 	1.976898 	2.717191 	0.269258 	0.111803 	2.505993 	0.831038 	2.627975 	0.176777 	0.265754 	9.000000 	0.743303 	1.101136 	0.111803 	0.190394 	0.941076 	0.127475 	0.285044 	2.623928 	0.910014 	2.722705 	0.811249 	0.915492 	2.058215 	0.316228 	0.340037 	1.710629 	0.805062 	1.275980 	0.276134 	1.255488 	0.357946 	1.690044 	0.649038 	2.595308 	2.196588 	2.857009 	0.375832 	0.350892 	1.340009 	0.854400 	0.375832 	1.693554 	2.068363 	1.430035 	2.720294 	
1.578963 	1.140175 	0.559017 	0.548862 	1.865811 	0.617454 	1.276959 	2.047712 	1.000000 	0.640312 	1.820028 	0.103078 	1.945829 	0.566789 	0.477624 	0.743303 	9.000000 	1.710263 	0.636396 	0.566789 	0.201556 	0.849264 	1.025305 	1.924188 	0.182003 	2.025617 	0.134629 	0.201556 	1.325236 	1.030776 	1.050297 	2.435416 	0.230489 	2.015099 	0.936082 	1.995307 	1.055047 	2.419969 	0.333542 	1.873666 	1.460308 	2.147091 	1.047020 	0.999062 	2.081015 	0.320156 	1.020416 	2.427061 	1.326885 	2.170829 	1.998124 	
0.265754 	2.490984 	1.167262 	1.187960 	3.146625 	1.131923 	2.695019 	3.306906 	0.863134 	1.151086 	3.148412 	1.762987 	3.252883 	1.227294 	1.305996 	1.101136 	1.710263 	9.000000 	1.200000 	1.275245 	1.906076 	1.089151 	0.965013 	3.292795 	1.892254 	3.378702 	1.819512 	1.910007 	2.864655 	1.059481 	1.068001 	0.928036 	1.849493 	0.776611 	1.171004 	0.778621 	1.100284 	0.951972 	1.729523 	3.330634 	3.010399 	3.541892 	1.155963 	1.193995 	0.850368 	1.916377 	1.202601 	0.989002 	2.921151 	0.901388 	3.451449 	
1.015197 	1.721918 	0.206155 	0.176777 	2.449745 	0.145774 	1.882319 	2.629757 	0.380789 	0.070711 	2.415057 	0.726722 	2.537962 	0.079057 	0.160078 	0.111803 	0.636396 	1.200000 	9.000000 	0.079057 	0.832541 	0.215058 	0.388909 	2.530316 	0.800391 	2.629757 	0.700446 	0.805062 	1.956080 	0.403113 	0.425000 	1.822430 	0.693271 	1.386768 	0.333542 	1.366108 	0.436606 	1.801735 	0.539676 	2.496623 	2.093442 	2.761340 	0.443001 	0.406971 	1.450216 	0.743303 	0.431567 	1.805028 	1.962938 	1.540292 	2.621545 	
1.093446 	1.667708 	0.215058 	0.180278 	2.396351 	0.180278 	1.823630 	2.576941 	0.459619 	0.127475 	2.359290 	0.660019 	2.482942 	0.070711 	0.103078 	0.190394 	0.566789 	1.275245 	0.079057 	9.000000 	0.760345 	0.282843 	0.460977 	2.472094 	0.726722 	2.572086 	0.625000 	0.730154 	1.890106 	0.465027 	0.485412 	1.900658 	0.614919 	1.463087 	0.380789 	1.442220 	0.493077 	1.879495 	0.460977 	2.433747 	2.026388 	2.701157 	0.492443 	0.450694 	1.525820 	0.664266 	0.474342 	1.882319 	1.893575 	1.615936 	2.558564 	
1.779396 	1.007782 	0.760345 	0.750417 	1.722099 	0.818917 	1.123054 	1.903943 	1.200260 	0.840015 	1.669019 	0.150000 	1.796003 	0.765261 	0.675463 	0.941076 	0.201556 	1.906076 	0.832541 	0.760345 	9.000000 	1.043132 	1.220912 	1.764405 	0.050000 	1.866815 	0.158114 	0.079057 	1.144825 	1.220912 	1.239455 	2.636878 	0.250000 	2.215006 	1.120547 	2.195023 	1.241974 	2.621188 	0.436606 	1.700000 	1.275980 	1.980057 	1.230091 	1.180042 	2.280351 	0.309233 	1.200260 	2.627975 	1.136332 	2.370258 	1.823630 	
