Total assets = 570
Number of asset nodes = 33

Distance:
999.000000 	38.209946 	48.414875 	43.931767 	41.036568 	9.219544 	8.062258 	42.449970 	41.012192 	6.403124 	11.045361 	43.185646 	29.154760 	40.804413 	33.105892 	40.496914 	35.341194 	60.216278 	56.435802 	59.059292 	66.287254 	43.081318 	85.586212 	61.294373 	66.887962 	64.007812 	61.269894 	84.958817 	64.845970 	33.301651 	83.737686 	34.713108 	85.796272 	35.000000 	69.771057 	77.388626 	91.967384 	36.891735 	40.261642 	38.013157 	86.214851 	44.384682 	38.600517 	90.138779 	88.238312 	39.051247 	39.597980 	40.311287 	44.598206 	47.296936 	
38.209946 	999.000000 	10.770329 	5.830952 	2.828427 	31.064449 	32.449963 	4.242640 	3.162278 	38.275318 	32.649654 	6.082763 	67.007462 	78.873314 	70.455658 	78.409180 	72.670486 	24.041630 	23.000000 	26.000000 	30.364452 	79.924965 	47.381432 	28.017851 	31.780497 	30.149628 	29.017237 	47.010635 	32.015621 	53.150730 	46.043457 	54.083271 	48.010414 	56.222771 	36.221542 	41.436699 	53.907330 	59.304298 	68.883957 	59.135437 	48.877399 	42.544094 	59.076221 	52.430908 	50.774010 	58.008621 	56.035702 	63.285069 	45.880280 	43.829212 	
48.414875 	10.770329 	999.000000 	5.099020 	8.246211 	41.677334 	43.046486 	7.071068 	9.055386 	48.877399 	43.382023 	9.219544 	77.420929 	89.202019 	80.993828 	88.814415 	83.216583 	19.235384 	21.470911 	24.166092 	25.019993 	90.553848 	37.643059 	25.632011 	27.166155 	26.925823 	27.313000 	38.078865 	29.410883 	63.505905 	37.576588 	64.381676 	39.357338 	66.610809 	32.557640 	35.227829 	44.654228 	69.720871 	79.555016 	69.462219 	40.853397 	50.695168 	69.354164 	43.829212 	42.544094 	68.183578 	66.030296 	73.681747 	54.341511 	51.546097 	
43.931767 	5.830952 	5.099020 	999.000000 	3.162278 	36.891735 	38.275318 	2.000000 	4.000000 	44.102154 	38.470768 	5.000000 	72.801102 	84.646324 	76.275818 	84.202141 	78.492035 	20.099751 	20.615528 	23.537205 	26.305893 	85.755463 	41.725292 	25.317978 	28.071337 	27.073973 	26.683329 	41.617306 	29.274563 	58.420887 	40.816662 	59.304298 	42.720020 	61.522354 	33.015148 	37.107952 	48.414875 	64.629715 	74.464760 	64.381676 	43.829212 	46.173584 	64.280632 	47.169907 	45.650848 	63.126858 	61.008198 	68.593002 	49.729267 	47.169907 	
41.036568 	2.828427 	8.246211 	3.162278 	999.000000 	33.837849 	35.227829 	1.414214 	1.414214 	41.048752 	35.355339 	4.123106 	69.814041 	81.688431 	73.239334 	81.215759 	75.451973 	21.587032 	21.095022 	24.083189 	27.892651 	82.680107 	44.553337 	26.019224 	29.427877 	28.017851 	27.166155 	44.204071 	30.016663 	55.326305 	43.266617 	56.222771 	45.221676 	58.420887 	34.058773 	38.897301 	51.088158 	61.522354 	71.309189 	61.294373 	46.141087 	43.657761 	61.204575 	49.648766 	48.020828 	60.074955 	58.000000 	65.490456 	47.127487 	44.777225 	
9.219544 	31.064449 	41.677334 	36.891735 	33.837849 	999.000000 	1.414214 	35.227829 	33.600594 	7.211102 	3.605551 	35.468296 	36.124783 	48.104053 	39.408119 	47.507893 	41.617306 	51.855568 	47.707443 	50.249378 	57.801384 	48.877399 	78.102493 	52.478565 	58.249462 	55.226807 	52.354561 	77.077881 	55.946404 	29.966648 	75.690155 	31.304953 	77.794601 	32.310989 	60.901562 	68.818604 	84.172440 	34.785053 	41.012192 	35.468296 	77.987175 	36.400551 	35.846897 	82.073135 	80.056229 	35.777088 	35.510563 	38.600517 	37.121422 	39.217342 	
8.062258 	32.449963 	43.046486 	38.275318 	35.227829 	1.414214 	999.000000 	36.619667 	35.000000 	5.830952 	3.605551 	36.878178 	34.713108 	46.690472 	38.013157 	46.097721 	40.224369 	53.263496 	49.091751 	51.623638 	59.203041 	47.507893 	79.511009 	53.851646 	59.640591 	56.603886 	53.712196 	78.492035 	57.306194 	29.529646 	77.103828 	30.886890 	79.208588 	31.780497 	62.265560 	70.213959 	85.586212 	34.176014 	40.049969 	34.928497 	79.397736 	37.000000 	35.341194 	83.486526 	81.467789 	35.355339 	35.227829 	37.947330 	37.576588 	39.849716 	
42.449970 	4.242640 	7.071068 	2.000000 	1.414214 	35.227829 	36.619667 	999.000000 	2.000000 	42.438190 	36.715118 	3.605551 	71.217972 	83.096329 	74.632431 	82.619614 	76.843994 	20.396078 	20.223749 	23.194826 	26.683329 	84.059502 	43.139309 	25.079872 	28.284271 	27.000000 	26.305893 	42.801868 	29.068884 	56.435802 	41.880783 	57.314919 	43.829212 	59.539902 	33.015148 	37.643059 	49.678970 	62.649822 	72.532753 	62.393909 	44.777225 	44.271889 	62.289646 	48.259712 	46.647614 	61.131008 	59.008472 	66.610809 	47.801674 	45.310043 	
41.012192 	3.162278 	9.055386 	4.000000 	1.414214 	33.600594 	35.000000 	2.000000 	999.000000 	40.804413 	34.985710 	3.000000 	69.656296 	81.565926 	73.006851 	81.055534 	75.213028 	20.880613 	20.024984 	23.021729 	27.202942 	82.377182 	44.598206 	25.000000 	28.635643 	27.073973 	26.076809 	44.045429 	29.000000 	54.451813 	43.011627 	55.326305 	45.000000 	57.558666 	33.136082 	38.275318 	50.990196 	60.671246 	70.604530 	60.406952 	45.793011 	42.379242 	60.299255 	49.406479 	47.707443 	59.135437 	57.008770 	64.629715 	45.880280 	43.462627 	
6.403124 	38.275318 	48.877399 	44.102154 	41.048752 	7.211102 	5.830952 	42.438190 	40.804413 	999.000000 	6.708204 	42.638012 	29.000000 	41.012192 	32.202484 	40.360870 	34.409302 	58.796257 	54.405884 	56.859474 	64.660652 	41.677334 	85.276024 	59.076221 	65.000000 	61.854668 	58.830265 	84.172440 	62.433964 	27.018513 	82.734512 	28.425341 	84.852814 	28.844410 	67.416618 	75.604233 	91.285271 	30.886890 	35.355339 	31.906113 	84.958817 	38.639359 	32.449963 	89.106674 	87.045967 	32.802441 	33.241539 	34.438351 	38.600517 	41.593269 	
11.045361 	32.649654 	43.382023 	38.470768 	35.355339 	3.605551 	3.605551 	36.715118 	34.985710 	6.708204 	999.000000 	36.619667 	35.383614 	47.423622 	38.288380 	46.669048 	40.459858 	52.345009 	47.801674 	50.219517 	58.137768 	47.434166 	79.202271 	52.430908 	58.412327 	55.217751 	52.153618 	77.897369 	55.758408 	26.400757 	76.380623 	27.730848 	78.517517 	28.792360 	60.745369 	69.028976 	85.041168 	31.320919 	38.013157 	31.953091 	78.517517 	33.526108 	32.310989 	82.734512 	80.622574 	32.202484 	31.906113 	35.171009 	34.014702 	36.400551 	
43.185646 	6.082763 	9.219544 	5.000000 	4.123106 	35.468296 	36.878178 	3.605551 	3.000000 	42.638012 	36.619667 	999.000000 	71.589104 	83.546394 	74.813103 	82.975899 	77.006493 	18.027756 	17.029387 	20.024984 	24.351591 	84.053551 	42.638012 	22.000000 	25.709921 	24.083189 	23.086792 	41.773197 	26.000000 	54.918121 	40.607880 	55.731499 	42.638012 	58.051701 	30.149628 	35.468296 	48.795490 	61.188232 	71.470276 	60.827625 	43.266617 	41.484936 	60.671246 	47.010635 	45.221676 	59.413803 	57.140179 	65.115280 	45.122055 	42.379242 	
29.154760 	67.007462 	77.420929 	72.801102 	69.814041 	36.124783 	34.713108 	71.217972 	69.656296 	29.000000 	35.383614 	71.589104 	999.000000 	12.041595 	5.099020 	11.401754 	7.000000 	87.726852 	83.096329 	85.428329 	93.509361 	15.033297 	114.214706 	87.618492 	93.723000 	90.426765 	87.200920 	113.172432 	90.801979 	37.000000 	111.722870 	38.013157 	113.846390 	36.124783 	95.801880 	104.350372 	120.282997 	35.510563 	28.653097 	37.483330 	113.899078 	59.665737 	38.470768 	118.088951 	116.000000 	40.311287 	43.104523 	36.400551 	57.870544 	62.585941 	
40.804413 	78.873314 	89.202019 	84.646324 	81.688431 	48.104053 	46.690472 	83.096329 	81.565926 	41.012192 	47.423622 	83.546394 	12.041595 	999.000000 	10.440307 	2.236068 	9.055386 	99.764725 	95.131485 	97.452553 	105.550934 	10.630146 	126.150703 	99.639351 	105.759163 	102.449989 	99.201813 	125.175873 	102.800781 	46.690472 	123.745705 	47.518417 	125.865005 	45.276924 	107.800743 	116.387283 	132.276230 	44.045429 	34.525352 	46.043457 	125.936493 	70.519501 	47.042534 	130.115326 	128.035156 	49.091751 	52.239830 	44.045429 	68.410522 	73.375748 	
33.105892 	70.455658 	80.993828 	76.275818 	73.239334 	39.408119 	38.013157 	74.632431 	73.006851 	32.202484 	38.288380 	74.813103 	5.099020 	10.440307 	999.000000 	8.944272 	2.236068 	90.520714 	85.632935 	87.863533 	96.176918 	10.198039 	117.443604 	90.027771 	96.260063 	92.849342 	89.498604 	116.180893 	93.085983 	36.345562 	114.629837 	37.215588 	116.777565 	35.057095 	98.081596 	106.887794 	123.328827 	34.014702 	25.632011 	36.013885 	116.674759 	60.083275 	37.013512 	120.966934 	118.802361 	39.000000 	42.047592 	34.365681 	57.974133 	62.936478 	
40.496914 	78.409180 	88.814415 	84.202141 	81.215759 	47.507893 	46.097721 	82.619614 	81.055534 	40.360870 	46.669048 	82.975899 	11.401754 	2.236068 	8.944272 	999.000000 	7.280110 	99.005051 	94.260277 	96.540146 	104.737770 	8.485281 	125.606529 	98.716766 	104.890419 	101.533249 	98.234413 	124.523087 	101.828285 	44.911022 	123.044708 	45.705578 	125.175873 	43.416588 	106.826965 	115.520561 	131.643463 	42.107006 	32.388271 	44.102154 	125.175873 	68.949257 	45.099888 	129.402466 	127.287079 	47.169907 	50.358715 	42.011902 	66.760765 	71.784401 	
35.341194 	72.670486 	83.216583 	78.492035 	75.451973 	41.617306 	40.224369 	76.843994 	75.213028 	34.409302 	40.459858 	77.006493 	7.000000 	9.055386 	2.236068 	7.280110 	999.000000 	92.655273 	87.726852 	89.938866 	98.290382 	8.062258 	119.632774 	92.097771 	98.351410 	94.921021 	91.547798 	118.342720 	95.131485 	37.656342 	116.777565 	38.470768 	118.928551 	36.221542 	100.124924 	108.977058 	125.495018 	35.014282 	25.961510 	37.013512 	118.802361 	61.684681 	38.013157 	123.109711 	120.933868 	40.049969 	43.185646 	35.128338 	59.481091 	64.513565 	
60.216278 	24.041630 	19.235384 	20.099751 	21.587032 	51.855568 	53.263496 	20.396078 	20.880613 	58.796257 	52.345009 	18.027756 	87.726852 	99.764725 	90.520714 	99.005051 	92.655273 	999.000000 	7.000000 	7.615773 	6.324555 	99.247169 	28.792360 	7.810250 	8.000000 	8.062258 	10.000000 	26.076809 	10.816654 	65.795135 	24.207438 	66.309875 	26.400757 	68.942001 	13.341664 	17.464249 	33.286633 	72.090218 	83.648071 	71.309189 	26.172504 	46.389652 	70.936592 	30.479502 	28.284271 	69.289246 	66.407829 	75.769386 	50.487621 	46.097721 	
56.435802 	23.000000 	21.470911 	20.615528 	21.095022 	47.707443 	49.091751 	20.223749 	20.024984 	54.405884 	47.801674 	17.029387 	83.096329 	95.131485 	85.632935 	94.260277 	87.726852 	7.000000 	999.000000 	3.000000 	10.816654 	94.069122 	35.440090 	5.099020 	10.630146 	7.615773 	6.082763 	32.202484 	9.055386 	59.481091 	30.016663 	59.933296 	32.249031 	62.609905 	13.601471 	21.260292 	39.357338 	65.741920 	77.524193 	64.884514 	31.400637 	39.458839 	64.474800 	36.055511 	33.600594 	62.769421 	59.808025 	69.354164 	43.566040 	39.115215 	
59.059292 	26.000000 	24.166092 	23.537205 	24.083189 	50.249378 	51.623638 	23.194826 	23.021729 	56.859474 	50.219517 	20.024984 	85.428329 	97.452553 	87.863533 	96.540146 	89.938866 	7.615773 	3.000000 	999.000000 	9.486833 	96.166519 	34.713108 	2.236068 	8.602325 	5.000000 	3.162278 	31.016125 	6.082763 	60.901562 	28.635643 	61.294373 	30.870699 	64.007812 	10.770329 	19.104973 	38.078865 	67.119293 	79.075912 	66.189125 	29.681644 	40.024994 	65.741920 	34.481880 	31.906113 	63.976559 	60.926186 	70.661163 	44.147480 	39.458839 	
66.287254 	30.364452 	25.019993 	26.305893 	27.892651 	57.801384 	59.203041 	26.683329 	27.202942 	64.660652 	58.137768 	24.351591 	93.509361 	105.550934 	96.176918 	104.737770 	98.290382 	6.324555 	10.816654 	9.486833 	999.000000 	104.737770 	25.317978 	8.062258 	2.828427 	6.082763 	10.000000 	21.540659 	8.544003 	70.235321 	19.235384 	70.661163 	21.470911 	73.355301 	8.602325 	11.180340 	28.635643 	76.478752 	88.323273 	75.584389 	20.615528 	49.477268 	75.153175 	25.238859 	22.803509 	73.409805 	70.384659 	80.056229 	53.600372 	48.836460 	
43.081318 	79.924965 	90.553848 	85.755463 	82.680107 	48.877399 	47.507893 	84.059502 	82.377182 	41.677334 	47.434166 	84.053551 	15.033297 	10.630146 	10.198039 	8.485281 	8.062258 	99.247169 	94.069122 	96.166519 	104.737770 	999.000000 	126.605690 	98.290382 	104.661362 	101.118744 	97.621719 	125.099960 	101.178062 	40.853397 	123.434196 	41.436699 	125.606529 	38.897301 	106.150833 	115.260574 	132.279999 	37.107952 	26.019224 	39.051247 	125.319588 	65.741920 	40.024994 	129.726639 	127.475487 	42.201897 	45.607018 	36.345562 	63.158531 	68.447060 	
85.586212 	47.381432 	37.643059 	41.725292 	44.553337 	78.102493 	79.511009 	43.139309 	44.598206 	85.276024 	79.202271 	42.638012 	114.214706 	126.150703 	117.443604 	125.606529 	119.632774 	28.792360 	35.440090 	34.713108 	25.317978 	126.605690 	999.000000 	33.376640 	27.073973 	31.144823 	35.227829 	6.403124 	33.015148 	94.540993 	9.433981 	95.078911 	8.485281 	97.693398 	30.149628 	20.880613 	8.062258 	100.846420 	112.258629 	100.089958 	12.727922 	74.732857 	99.724625 	10.770329 	12.206555 	98.081596 	95.189285 	104.546638 	78.854294 	74.148499 	
61.294373 	28.017851 	25.632011 	25.317978 	26.019224 	52.478565 	53.851646 	25.079872 	25.000000 	59.076221 	52.430908 	22.000000 	87.618492 	99.639351 	90.027771 	98.716766 	92.097771 	7.810250 	5.099020 	2.236068 	8.062258 	98.290382 	33.376640 	999.000000 	6.708204 	2.828427 	2.236068 	29.410883 	4.000000 	62.769421 	26.925823 	63.134777 	29.154760 	65.863495 	8.544003 	17.029387 	36.400551 	68.963760 	80.993828 	68.000000 	27.784887 	41.484936 	67.535179 	32.649654 	30.016663 	65.741920 	62.649822 	72.470680 	45.607018 	40.792156 	
66.887962 	31.780497 	27.166155 	28.071337 	29.427877 	58.249462 	59.640591 	28.284271 	28.635643 	65.000000 	58.412327 	25.709921 	93.723000 	105.759163 	96.260063 	104.890419 	98.351410 	8.000000 	10.630146 	8.602325 	2.828427 	104.661362 	27.073973 	6.708204 	999.000000 	4.123106 	8.246211 	22.803509 	6.082763 	69.462219 	20.248457 	69.835518 	22.472204 	72.560318 	5.830952 	10.630146 	29.732138 	75.663727 	87.664131 	74.706093 	21.095022 	48.083260 	74.242844 	25.942244 	23.323807 	72.449982 	69.354164 	79.177017 	52.201534 	47.296936 	
64.007812 	30.149628 	26.925823 	27.073973 	28.017851 	55.226807 	56.603886 	27.000000 	27.073973 	61.854668 	55.217751 	24.083189 	90.426765 	102.449989 	92.849342 	101.533249 	94.921021 	8.062258 	7.615773 	5.000000 	6.082763 	101.118744 	31.144823 	2.828427 	4.123106 	999.000000 	4.123106 	26.925823 	2.828427 	65.513359 	24.351591 	65.863495 	26.570660 	68.600288 	6.082763 	14.212670 	33.837849 	71.693794 	83.761566 	70.710678 	25.059929 	43.965897 	70.235321 	29.966648 	27.294687 	68.425140 	65.306969 	75.179787 	48.083260 	43.174065 	
61.269894 	29.017237 	27.313000 	26.683329 	27.166155 	52.354561 	53.712196 	26.305893 	26.076809 	58.830265 	52.153618 	23.086792 	87.200920 	99.201813 	89.498604 	98.234413 	91.547798 	10.000000 	6.082763 	3.162278 	10.000000 	97.621719 	35.227829 	2.236068 	8.246211 	4.123106 	999.000000 	31.048349 	3.605551 	61.587337 	28.460499 	61.911228 	30.675724 	64.660652 	8.602325 	18.027756 	37.947330 	67.742157 	79.881165 	66.730804 	29.068884 	39.849716 	66.241982 	34.014702 	31.304953 	64.412735 	61.269894 	71.196907 	43.965897 	39.051247 	
84.958817 	47.010635 	38.078865 	41.617306 	44.204071 	77.077881 	78.492035 	42.801868 	44.045429 	84.172440 	77.897369 	41.773197 	113.172432 	125.175873 	116.180893 	124.523087 	118.342720 	26.076809 	32.202484 	31.016125 	21.540659 	125.099960 	6.403124 	29.410883 	22.803509 	26.925823 	31.048349 	999.000000 	28.442924 	91.678787 	3.162278 	92.135773 	2.236068 	94.810333 	25.019993 	15.132746 	7.211102 	97.943863 	109.658562 	97.082436 	6.403124 	70.880180 	96.664368 	6.082763 	6.324555 	94.936821 	91.923882 	101.552940 	75.000000 	70.092796 	
64.845970 	32.015621 	29.410883 	29.274563 	30.016663 	55.946404 	57.306194 	29.068884 	29.000000 	62.433964 	55.758408 	26.000000 	90.801979 	102.800781 	93.085983 	101.828285 	95.131485 	10.816654 	9.055386 	6.082763 	8.544003 	101.178062 	33.015148 	4.000000 	6.082763 	2.828427 	3.605551 	28.442924 	999.000000 	64.899925 	25.709921 	65.192024 	27.892651 	67.955872 	5.000000 	14.764823 	35.171009 	71.021126 	83.234612 	69.971420 	26.000000 	42.720020 	69.462219 	31.016125 	28.231188 	67.601776 	64.412735 	74.431175 	46.818798 	41.761227 	
33.301651 	53.150730 	63.505905 	58.420887 	55.326305 	29.966648 	29.529646 	56.435802 	54.451813 	27.018513 	26.400757 	54.918121 	37.000000 	46.690472 	36.345562 	44.911022 	37.656342 	65.795135 	59.481091 	60.901562 	70.235321 	40.853397 	94.540993 	62.769421 	69.462219 	65.513359 	61.587337 	91.678787 	64.899925 	999.000000 	89.470665 	1.414214 	91.706055 	3.162278 	69.634758 	79.611557 	98.838249 	6.324555 	18.439089 	6.000000 	90.553848 	25.238859 	6.082763 	95.383438 	92.784698 	5.830952 	6.708204 	10.198039 	22.360680 	27.784887 	
83.737686 	46.043457 	37.576588 	40.816662 	43.266617 	75.690155 	77.103828 	41.880783 	43.011627 	82.734512 	76.380623 	40.607880 	111.722870 	123.745705 	114.629837 	123.044708 	116.777565 	24.207438 	30.016663 	28.635643 	19.235384 	123.434196 	9.433981 	26.925823 	20.248457 	24.351591 	28.460499 	3.162278 	25.709921 	89.470665 	999.000000 	89.894379 	2.236068 	92.590500 	22.090721 	12.041595 	9.486833 	95.713112 	107.540688 	94.810333 	4.123106 	68.308128 	94.371605 	6.403124 	5.099020 	92.612091 	89.554451 	99.282425 	72.422371 	67.446274 	
34.713108 	54.083271 	64.381676 	59.304298 	56.222771 	31.304953 	30.886890 	57.314919 	55.326305 	28.425341 	27.730848 	55.731499 	38.013157 	47.518417 	37.215588 	45.705578 	38.470768 	66.309875 	59.933296 	61.294373 	70.661163 	41.436699 	95.078911 	63.134777 	69.835518 	65.863495 	61.911228 	92.135773 	65.192024 	1.414214 	89.894379 	999.000000 	92.130341 	2.828427 	69.892776 	79.924965 	99.282425 	5.830952 	18.384777 	5.099020 	90.917542 	25.000000 	5.000000 	95.770561 	93.150414 	4.472136 	5.385165 	9.486833 	21.954498 	27.459061 	
85.796272 	48.010414 	39.357338 	42.720020 	45.221676 	77.794601 	79.208588 	43.829212 	45.000000 	84.852814 	78.517517 	42.638012 	113.846390 	125.865005 	116.777565 	125.175873 	118.928551 	26.400757 	32.249031 	30.870699 	21.470911 	125.606529 	8.485281 	29.154760 	22.472204 	26.570660 	30.675724 	2.236068 	27.892651 	91.706055 	2.236068 	92.130341 	999.000000 	94.826157 	24.186773 	14.000000 	7.280110 	97.948967 	109.772491 	97.046379 	4.242640 	70.519501 	96.607452 	4.472136 	4.123106 	94.847244 	91.787796 	101.518471 	74.632431 	69.641945 	
35.000000 	56.222771 	66.610809 	61.522354 	58.420887 	32.310989 	31.780497 	59.539902 	57.558666 	28.844410 	28.792360 	58.051701 	36.124783 	45.276924 	35.057095 	43.416588 	36.221542 	68.942001 	62.609905 	64.007812 	73.355301 	38.897301 	97.693398 	65.863495 	72.560318 	68.600288 	64.660652 	94.810333 	67.955872 	3.162278 	92.590500 	2.828427 	94.826157 	999.000000 	72.670486 	82.680107 	101.965683 	3.162278 	15.556349 	3.162278 	93.648277 	27.802877 	3.605551 	98.488579 	95.880135 	4.472136 	7.000000 	7.071068 	24.698177 	30.232433 	
69.771057 	36.221542 	32.557640 	33.015148 	34.058773 	60.901562 	62.265560 	33.015148 	33.136082 	67.416618 	60.745369 	30.149628 	95.801880 	107.800743 	98.081596 	106.826965 	100.124924 	13.341664 	13.601471 	10.770329 	8.602325 	106.150833 	30.149628 	8.544003 	5.830952 	6.082763 	8.602325 	25.019993 	5.000000 	69.634758 	22.090721 	69.892776 	24.186773 	72.670486 	999.000000 	10.440307 	31.400637 	75.716576 	88.005684 	74.625732 	21.840330 	47.010635 	74.094536 	26.925823 	24.041630 	72.201111 	68.963760 	79.075912 	51.078373 	45.880280 	
77.388626 	41.436699 	35.227829 	37.107952 	38.897301 	68.818604 	70.213959 	37.643059 	38.275318 	75.604233 	69.028976 	35.468296 	104.350372 	116.387283 	106.887794 	115.520561 	108.977058 	17.464249 	21.260292 	19.104973 	11.180340 	115.260574 	20.880613 	17.029387 	10.630146 	14.212670 	18.027756 	15.132746 	14.764823 	79.611557 	12.041595 	79.924965 	14.000000 	82.680107 	10.440307 	999.000000 	21.095022 	85.755463 	97.908119 	84.723076 	11.401754 	57.384666 	84.219948 	16.492422 	13.601471 	82.365044 	79.177017 	89.185204 	61.465439 	56.302753 	
91.967384 	53.907330 	44.654228 	48.414875 	51.088158 	84.172440 	85.586212 	49.678970 	50.990196 	91.285271 	85.041168 	48.795490 	120.282997 	132.276230 	123.328827 	131.643463 	125.495018 	33.286633 	39.357338 	38.078865 	28.635643 	132.279999 	8.062258 	36.400551 	29.732138 	33.837849 	37.947330 	7.211102 	35.171009 	98.838249 	9.486833 	99.282425 	7.280110 	101.965683 	31.400637 	21.095022 	999.000000 	105.095192 	116.846054 	104.216118 	10.049875 	77.794601 	103.788246 	5.385165 	8.246211 	102.044106 	99.005051 	108.687622 	81.908485 	76.922035 	
36.891735 	59.304298 	69.720871 	64.629715 	61.522354 	34.785053 	34.176014 	62.649822 	60.671246 	30.886890 	31.320919 	61.188232 	35.510563 	44.045429 	34.014702 	42.107006 	35.014282 	72.090218 	65.741920 	67.119293 	76.478752 	37.107952 	100.846420 	68.963760 	75.663727 	71.693794 	67.742157 	97.943863 	71.021126 	6.324555 	95.713112 	5.830952 	97.948967 	3.162278 	75.716576 	85.755463 	105.095192 	999.000000 	12.806249 	2.000000 	96.747093 	30.479502 	3.000000 	101.597244 	98.979797 	5.099020 	8.544003 	4.000000 	27.202942 	32.802441 	
40.261642 	68.883957 	79.555016 	74.464760 	71.309189 	41.012192 	40.049969 	72.532753 	70.604530 	35.355339 	38.013157 	71.470276 	28.653097 	34.525352 	25.632011 	32.388271 	25.961510 	83.648071 	77.524193 	79.075912 	88.323273 	26.019224 	112.258629 	80.993828 	87.664131 	83.761566 	79.881165 	109.658562 	83.234612 	18.439089 	107.540688 	18.384777 	109.772491 	15.556349 	88.005684 	97.908119 	116.846054 	12.806249 	999.000000 	14.422205 	108.756607 	43.278172 	15.264338 	113.534134 	110.981979 	17.492855 	21.095022 	10.770329 	40.000000 	45.607018 	
38.013157 	59.135437 	69.462219 	64.381676 	61.294373 	35.468296 	34.928497 	62.393909 	60.406952 	31.906113 	31.953091 	60.827625 	37.483330 	46.043457 	36.013885 	44.102154 	37.013512 	71.309189 	64.884514 	66.189125 	75.584389 	39.051247 	100.089958 	68.000000 	74.706093 	70.710678 	66.730804 	97.082436 	69.971420 	6.000000 	94.810333 	5.099020 	97.046379 	3.162278 	74.625732 	84.723076 	104.216118 	2.000000 	14.422205 	999.000000 	95.770561 	29.000000 	1.000000 	100.647903 	98.005104 	3.162278 	6.708204 	4.472136 	25.612497 	31.240999 	
86.214851 	48.877399 	40.853397 	43.829212 	46.141087 	77.987175 	79.397736 	44.777225 	45.793011 	84.958817 	78.517517 	43.266617 	113.899078 	125.936493 	116.674759 	125.175873 	118.802361 	26.172504 	31.400637 	29.681644 	20.615528 	125.319588 	12.727922 	27.784887 	21.095022 	25.059929 	29.068884 	6.403124 	26.000000 	90.553848 	4.123106 	90.917542 	4.242640 	93.648277 	21.840330 	11.401754 	10.049875 	96.747093 	108.756607 	95.770561 	999.000000 	68.709534 	95.294281 	5.099020 	2.236068 	93.477272 	90.338257 	100.239716 	72.801102 	67.675697 	
44.384682 	42.544094 	50.695168 	46.173584 	43.657761 	36.400551 	37.000000 	44.271889 	42.379242 	38.639359 	33.526108 	41.484936 	59.665737 	70.519501 	60.083275 	68.949257 	61.684681 	46.389652 	39.458839 	40.024994 	49.477268 	65.741920 	74.732857 	41.484936 	48.083260 	43.965897 	39.849716 	70.880180 	42.720020 	25.238859 	68.308128 	25.000000 	70.519501 	27.802877 	47.010635 	57.384666 	77.794601 	30.479502 	43.278172 	29.000000 	68.709534 	999.000000 	28.284271 	73.736015 	70.936592 	26.172504 	22.671568 	33.241539 	4.123106 	3.000000 	
38.600517 	59.076221 	69.354164 	64.280632 	61.204575 	35.846897 	35.341194 	62.289646 	60.299255 	32.449963 	32.310989 	60.671246 	38.470768 	47.042534 	37.013512 	45.099888 	38.013157 	70.936592 	64.474800 	65.741920 	75.153175 	40.024994 	99.724625 	67.535179 	74.242844 	70.235321 	66.241982 	96.664368 	69.462219 	6.082763 	94.371605 	5.000000 	96.607452 	3.605551 	74.094536 	84.219948 	103.788246 	3.000000 	15.264338 	1.000000 	95.294281 	28.284271 	999.000000 	100.184830 	97.529480 	2.236068 	5.830952 	5.000000 	24.839485 	30.479502 	
90.138779 	52.430908 	43.829212 	47.169907 	49.648766 	82.073135 	83.486526 	48.259712 	49.406479 	89.106674 	82.734512 	47.010635 	118.088951 	130.115326 	120.966934 	129.402466 	123.109711 	30.479502 	36.055511 	34.481880 	25.238859 	129.726639 	10.770329 	32.649654 	25.942244 	29.966648 	34.014702 	6.082763 	31.016125 	95.383438 	6.403124 	95.770561 	4.472136 	98.488579 	26.925823 	16.492422 	5.385165 	101.597244 	113.534134 	100.647903 	5.099020 	73.736015 	100.184830 	999.000000 	3.000000 	98.386993 	95.273293 	105.118980 	77.833153 	72.732384 	
88.238312 	50.774010 	42.544094 	45.650848 	48.020828 	80.056229 	81.467789 	46.647614 	47.707443 	87.045967 	80.622574 	45.221676 	116.000000 	128.035156 	118.802361 	127.287079 	120.933868 	28.284271 	33.600594 	31.906113 	22.803509 	127.475487 	12.206555 	30.016663 	23.323807 	27.294687 	31.304953 	6.324555 	28.231188 	92.784698 	5.099020 	93.150414 	4.123106 	95.880135 	24.041630 	13.601471 	8.246211 	98.979797 	110.981979 	98.005104 	2.236068 	70.936592 	97.529480 	3.000000 	999.000000 	95.713112 	92.574295 	102.474388 	75.026665 	69.892776 	
39.051247 	58.008621 	68.183578 	63.126858 	60.074955 	35.777088 	35.355339 	61.131008 	59.135437 	32.802441 	32.202484 	59.413803 	40.311287 	49.091751 	39.000000 	47.169907 	40.049969 	69.289246 	62.769421 	63.976559 	73.409805 	42.201897 	98.081596 	65.741920 	72.449982 	68.425140 	64.412735 	94.936821 	67.601776 	5.830952 	92.612091 	4.472136 	94.847244 	4.472136 	72.201111 	82.365044 	102.044106 	5.099020 	17.492855 	3.162278 	93.477272 	26.172504 	2.236068 	98.386993 	95.713112 	999.000000 	3.605551 	7.071068 	22.671568 	28.319605 	
39.597980 	56.035702 	66.030296 	61.008198 	58.000000 	35.510563 	35.227829 	59.008472 	57.008770 	33.241539 	31.906113 	57.140179 	43.104523 	52.239830 	42.047592 	50.358715 	43.185646 	66.407829 	59.808025 	60.926186 	70.384659 	45.607018 	95.189285 	62.649822 	69.354164 	65.306969 	61.269894 	91.923882 	64.412735 	6.708204 	89.554451 	5.385165 	91.787796 	7.000000 	68.963760 	79.177017 	99.005051 	8.544003 	21.095022 	6.708204 	90.338257 	22.671568 	5.830952 	95.273293 	92.574295 	3.605551 	999.000000 	10.630146 	19.104973 	24.758837 	
40.311287 	63.285069 	73.681747 	68.593002 	65.490456 	38.600517 	37.947330 	66.610809 	64.629715 	34.438351 	35.171009 	65.115280 	36.400551 	44.045429 	34.365681 	42.011902 	35.128338 	75.769386 	69.354164 	70.661163 	80.056229 	36.345562 	104.546638 	72.470680 	79.177017 	75.179787 	71.196907 	101.552940 	74.431175 	10.198039 	99.282425 	9.486833 	101.518471 	7.071068 	79.075912 	89.185204 	108.687622 	4.000000 	10.770329 	4.472136 	100.239716 	33.241539 	5.000000 	105.118980 	102.474388 	7.071068 	10.630146 	999.000000 	29.732138 	35.383614 	
44.598206 	45.880280 	54.341511 	49.729267 	47.127487 	37.121422 	37.576588 	47.801674 	45.880280 	38.600517 	34.014702 	45.122055 	57.870544 	68.410522 	57.974133 	66.760765 	59.481091 	50.487621 	43.566040 	44.147480 	53.600372 	63.158531 	78.854294 	45.607018 	52.201534 	48.083260 	43.965897 	75.000000 	46.818798 	22.360680 	72.422371 	21.954498 	74.632431 	24.698177 	51.078373 	61.465439 	81.908485 	27.202942 	40.000000 	25.612497 	72.801102 	4.123106 	24.839485 	77.833153 	75.026665 	22.671568 	19.104973 	29.732138 	999.000000 	5.656854 	
47.296936 	43.829212 	51.546097 	47.169907 	44.777225 	39.217342 	39.849716 	45.310043 	43.462627 	41.593269 	36.400551 	42.379242 	62.585941 	73.375748 	62.936478 	71.784401 	64.513565 	46.097721 	39.115215 	39.458839 	48.836460 	68.447060 	74.148499 	40.792156 	47.296936 	43.174065 	39.051247 	70.092796 	41.761227 	27.784887 	67.446274 	27.459061 	69.641945 	30.232433 	45.880280 	56.302753 	76.922035 	32.802441 	45.607018 	31.240999 	67.675697 	3.000000 	30.479502 	72.732384 	69.892776 	28.319605 	24.758837 	35.383614 	5.656854 	999.000000 	

Travel time:
9.000000 	0.955249 	1.210372 	1.098294 	1.025914 	0.230489 	0.201556 	1.061249 	1.025305 	0.160078 	0.276134 	1.079641 	0.728869 	1.020110 	0.827647 	1.012423 	0.883530 	1.505407 	1.410895 	1.476482 	1.657181 	1.077033 	2.139655 	1.532359 	1.672199 	1.600195 	1.531747 	2.123971 	1.621149 	0.832541 	2.093442 	0.867828 	2.144907 	0.875000 	1.744276 	1.934716 	2.299185 	0.922293 	1.006541 	0.950329 	2.155371 	1.109617 	0.965013 	2.253469 	2.205958 	0.976281 	0.989950 	1.007782 	1.114955 	1.182423 	
0.955249 	9.000000 	0.269258 	0.145774 	0.070711 	0.776611 	0.811249 	0.106066 	0.079057 	0.956883 	0.816241 	0.152069 	1.675187 	1.971833 	1.761391 	1.960230 	1.816762 	0.601041 	0.575000 	0.650000 	0.759111 	1.998124 	1.184536 	0.700446 	0.794512 	0.753741 	0.725431 	1.175266 	0.800391 	1.328768 	1.151086 	1.352082 	1.200260 	1.405569 	0.905539 	1.035918 	1.347683 	1.482607 	1.722099 	1.478386 	1.221935 	1.063602 	1.476906 	1.310773 	1.269350 	1.450216 	1.400892 	1.582127 	1.147007 	1.095730 	
1.210372 	0.269258 	9.000000 	0.127475 	0.206155 	1.041933 	1.076162 	0.176777 	0.226385 	1.221935 	1.084551 	0.230489 	1.935523 	2.230051 	2.024846 	2.220360 	2.080415 	0.480885 	0.536773 	0.604152 	0.625500 	2.263846 	0.941076 	0.640800 	0.679154 	0.673146 	0.682825 	0.951972 	0.735272 	1.587648 	0.939415 	1.609542 	0.983933 	1.665270 	0.813941 	0.880696 	1.116356 	1.743022 	1.988875 	1.736555 	1.021335 	1.267379 	1.733854 	1.095730 	1.063602 	1.704589 	1.650757 	1.842044 	1.358538 	1.288652 	
1.098294 	0.145774 	0.127475 	9.000000 	0.079057 	0.922293 	0.956883 	0.050000 	0.100000 	1.102554 	0.961769 	0.125000 	1.820028 	2.116158 	1.906895 	2.105053 	1.962301 	0.502494 	0.515388 	0.588430 	0.657647 	2.143887 	1.043132 	0.632949 	0.701783 	0.676849 	0.667083 	1.040433 	0.731864 	1.460522 	1.020416 	1.482607 	1.068001 	1.538059 	0.825379 	0.927699 	1.210372 	1.615743 	1.861619 	1.609542 	1.095730 	1.154340 	1.607016 	1.179248 	1.141271 	1.578171 	1.525205 	1.714825 	1.243232 	1.179248 	
1.025914 	0.070711 	0.206155 	0.079057 	9.000000 	0.845946 	0.880696 	0.035355 	0.035355 	1.026219 	0.883883 	0.103078 	1.745351 	2.042211 	1.830983 	2.030394 	1.886299 	0.539676 	0.527376 	0.602080 	0.697316 	2.067003 	1.113833 	0.650481 	0.735697 	0.700446 	0.679154 	1.105102 	0.750417 	1.383158 	1.081665 	1.405569 	1.130542 	1.460522 	0.851469 	0.972432 	1.277204 	1.538059 	1.782730 	1.532359 	1.153527 	1.091444 	1.530114 	1.241219 	1.200521 	1.501874 	1.450000 	1.637261 	1.178187 	1.119431 	
0.230489 	0.776611 	1.041933 	0.922293 	0.845946 	9.000000 	0.035355 	0.880696 	0.840015 	0.180278 	0.090139 	0.886707 	0.903120 	1.202601 	0.985203 	1.187697 	1.040433 	1.296389 	1.192686 	1.256234 	1.445035 	1.221935 	1.952562 	1.311964 	1.456237 	1.380670 	1.308864 	1.926947 	1.398660 	0.749166 	1.892254 	0.782624 	1.944865 	0.807775 	1.522539 	1.720465 	2.104311 	0.869626 	1.025305 	0.886707 	1.949679 	0.910014 	0.896172 	2.051828 	2.001406 	0.894427 	0.887764 	0.965013 	0.928036 	0.980434 	
0.201556 	0.811249 	1.076162 	0.956883 	0.880696 	0.035355 	9.000000 	0.915492 	0.875000 	0.145774 	0.090139 	0.921954 	0.867828 	1.167262 	0.950329 	1.152443 	1.005609 	1.331587 	1.227294 	1.290591 	1.480076 	1.187697 	1.987775 	1.346291 	1.491015 	1.415097 	1.342805 	1.962301 	1.432655 	0.738241 	1.927596 	0.772172 	1.980215 	0.794512 	1.556639 	1.755349 	2.139655 	0.854400 	1.001249 	0.873212 	1.984943 	0.925000 	0.883530 	2.087163 	2.036695 	0.883883 	0.880696 	0.948683 	0.939415 	0.996243 	
1.061249 	0.106066 	0.176777 	0.050000 	0.035355 	0.880696 	0.915492 	9.000000 	0.050000 	1.060955 	0.917878 	0.090139 	1.780449 	2.077408 	1.865811 	2.065490 	1.921100 	0.509902 	0.505594 	0.579871 	0.667083 	2.101488 	1.078483 	0.626997 	0.707107 	0.675000 	0.657647 	1.070047 	0.726722 	1.410895 	1.047020 	1.432873 	1.095730 	1.488497 	0.825379 	0.941076 	1.241974 	1.566246 	1.813319 	1.559848 	1.119431 	1.106797 	1.557241 	1.206493 	1.166190 	1.528275 	1.475212 	1.665270 	1.195042 	1.132751 	
1.025305 	0.079057 	0.226385 	0.100000 	0.035355 	0.840015 	0.875000 	0.050000 	9.000000 	1.020110 	0.874643 	0.075000 	1.741407 	2.039148 	1.825171 	2.026388 	1.880326 	0.522015 	0.500625 	0.575543 	0.680074 	2.059430 	1.114955 	0.625000 	0.715891 	0.676849 	0.651920 	1.101136 	0.725000 	1.361295 	1.075291 	1.383158 	1.125000 	1.438967 	0.828402 	0.956883 	1.274755 	1.516781 	1.765113 	1.510174 	1.144825 	1.059481 	1.507481 	1.235162 	1.192686 	1.478386 	1.425219 	1.615743 	1.147007 	1.086566 	
0.160078 	0.956883 	1.221935 	1.102554 	1.026219 	0.180278 	0.145774 	1.060955 	1.020110 	9.000000 	0.167705 	1.065950 	0.725000 	1.025305 	0.805062 	1.009022 	0.860233 	1.469906 	1.360147 	1.421487 	1.616516 	1.041933 	2.131901 	1.476906 	1.625000 	1.546367 	1.470757 	2.104311 	1.560849 	0.675463 	2.068363 	0.710634 	2.121320 	0.721110 	1.685416 	1.890106 	2.282132 	0.772172 	0.883883 	0.797653 	2.123971 	0.965984 	0.811249 	2.227667 	2.176149 	0.820061 	0.831038 	0.860959 	0.965013 	1.039832 	
0.276134 	0.816241 	1.084551 	0.961769 	0.883883 	0.090139 	0.090139 	0.917878 	0.874643 	0.167705 	9.000000 	0.915492 	0.884590 	1.185591 	0.957209 	1.166726 	1.011496 	1.308625 	1.195042 	1.255488 	1.453444 	1.185854 	1.980057 	1.310773 	1.460308 	1.380444 	1.303840 	1.947434 	1.393960 	0.660019 	1.909516 	0.693271 	1.962938 	0.719809 	1.518634 	1.725724 	2.126029 	0.783023 	0.950329 	0.798827 	1.962938 	0.838153 	0.807775 	2.068363 	2.015564 	0.805062 	0.797653 	0.879275 	0.850368 	0.910014 	
1.079641 	0.152069 	0.230489 	0.125000 	0.103078 	0.886707 	0.921954 	0.090139 	0.075000 	1.065950 	0.915492 	9.000000 	1.789728 	2.088660 	1.870328 	2.074398 	1.925162 	0.450694 	0.425735 	0.500625 	0.608790 	2.101339 	1.065950 	0.550000 	0.642748 	0.602080 	0.577170 	1.044330 	0.650000 	1.372953 	1.015197 	1.393287 	1.065950 	1.451293 	0.753741 	0.886707 	1.219887 	1.529706 	1.786757 	1.520691 	1.081665 	1.037123 	1.516781 	1.175266 	1.130542 	1.485345 	1.428504 	1.627882 	1.128051 	1.059481 	
0.728869 	1.675187 	1.935523 	1.820028 	1.745351 	0.903120 	0.867828 	1.780449 	1.741407 	0.725000 	0.884590 	1.789728 	9.000000 	0.301040 	0.127475 	0.285044 	0.175000 	2.193171 	2.077408 	2.135708 	2.337734 	0.375832 	2.855368 	2.190462 	2.343075 	2.260669 	2.180023 	2.829311 	2.270050 	0.925000 	2.793072 	0.950329 	2.846160 	0.903120 	2.395047 	2.608759 	3.007075 	0.887764 	0.716327 	0.937083 	2.847477 	1.491643 	0.961769 	2.952224 	2.900000 	1.007782 	1.077613 	0.910014 	1.446764 	1.564649 	
1.020110 	1.971833 	2.230051 	2.116158 	2.042211 	1.202601 	1.167262 	2.077408 	2.039148 	1.025305 	1.185591 	2.088660 	0.301040 	9.000000 	0.261008 	0.055902 	0.226385 	2.494118 	2.378287 	2.436314 	2.638773 	0.265754 	3.153768 	2.490984 	2.643979 	2.561250 	2.480045 	3.129397 	2.570019 	1.167262 	3.093643 	1.187960 	3.146625 	1.131923 	2.695019 	2.909682 	3.306906 	1.101136 	0.863134 	1.151086 	3.148412 	1.762987 	1.176063 	3.252883 	3.200879 	1.227294 	1.305996 	1.101136 	1.710263 	1.834394 	
0.827647 	1.761391 	2.024846 	1.906895 	1.830983 	0.985203 	0.950329 	1.865811 	1.825171 	0.805062 	0.957209 	1.870328 	0.127475 	0.261008 	9.000000 	0.223607 	0.055902 	2.263018 	2.140823 	2.196588 	2.404423 	0.254951 	2.936090 	2.250694 	2.406502 	2.321234 	2.237465 	2.904522 	2.327150 	0.908639 	2.865746 	0.930390 	2.919439 	0.876427 	2.452040 	2.672195 	3.083221 	0.850368 	0.640800 	0.900347 	2.916869 	1.502082 	0.925338 	3.024173 	2.970059 	0.975000 	1.051190 	0.859142 	1.449353 	1.573412 	
1.012423 	1.960230 	2.220360 	2.105053 	2.030394 	1.187697 	1.152443 	2.065490 	2.026388 	1.009022 	1.166726 	2.074398 	0.285044 	0.055902 	0.223607 	9.000000 	0.182003 	2.475126 	2.356507 	2.413504 	2.618444 	0.212132 	3.140163 	2.467919 	2.622261 	2.538331 	2.455860 	3.113077 	2.545707 	1.122776 	3.076118 	1.142639 	3.129397 	1.085415 	2.670674 	2.888014 	3.291087 	1.052675 	0.809707 	1.102554 	3.129397 	1.723731 	1.127497 	3.235062 	3.182177 	1.179248 	1.258968 	1.050297 	1.669019 	1.794610 	
0.883530 	1.816762 	2.080415 	1.962301 	1.886299 	1.040433 	1.005609 	1.921100 	1.880326 	0.860233 	1.011496 	1.925162 	0.175000 	0.226385 	0.055902 	0.182003 	9.000000 	2.316382 	2.193171 	2.248472 	2.457260 	0.201556 	2.990819 	2.302444 	2.458785 	2.373025 	2.288695 	2.958568 	2.378287 	0.941409 	2.919439 	0.961769 	2.973214 	0.905539 	2.503123 	2.724427 	3.137375 	0.875357 	0.649038 	0.925338 	2.970059 	1.542117 	0.950329 	3.077743 	3.023347 	1.001249 	1.079641 	0.878208 	1.487027 	1.612839 	
1.505407 	0.601041 	0.480885 	0.502494 	0.539676 	1.296389 	1.331587 	0.509902 	0.522015 	1.469906 	1.308625 	0.450694 	2.193171 	2.494118 	2.263018 	2.475126 	2.316382 	9.000000 	0.175000 	0.190394 	0.158114 	2.481179 	0.719809 	0.195256 	0.200000 	0.201556 	0.250000 	0.651920 	0.270416 	1.644878 	0.605186 	1.657747 	0.660019 	1.723550 	0.333542 	0.436606 	0.832166 	1.802255 	2.091202 	1.782730 	0.654313 	1.159741 	1.773415 	0.761988 	0.707107 	1.732231 	1.660196 	1.894235 	1.262191 	1.152443 	
1.410895 	0.575000 	0.536773 	0.515388 	0.527376 	1.192686 	1.227294 	0.505594 	0.500625 	1.360147 	1.195042 	0.425735 	2.077408 	2.378287 	2.140823 	2.356507 	2.193171 	0.175000 	9.000000 	0.075000 	0.270416 	2.351728 	0.886002 	0.127475 	0.265754 	0.190394 	0.152069 	0.805062 	0.226385 	1.487027 	0.750417 	1.498332 	0.806226 	1.565248 	0.340037 	0.531507 	0.983933 	1.643548 	1.938105 	1.622113 	0.785016 	0.986471 	1.611870 	0.901388 	0.840015 	1.569236 	1.495201 	1.733854 	1.089151 	0.977880 	
1.476482 	0.650000 	0.604152 	0.588430 	0.602080 	1.256234 	1.290591 	0.579871 	0.575543 	1.421487 	1.255488 	0.500625 	2.135708 	2.436314 	2.196588 	2.413504 	2.248472 	0.190394 	0.075000 	9.000000 	0.237171 	2.404163 	0.867828 	0.055902 	0.215058 	0.125000 	0.079057 	0.775403 	0.152069 	1.522539 	0.715891 	1.532359 	0.771767 	1.600195 	0.269258 	0.477624 	0.951972 	1.677982 	1.976898 	1.654728 	0.742041 	1.000625 	1.643548 	0.862047 	0.797653 	1.599414 	1.523155 	1.766529 	1.103687 	0.986471 	
1.657181 	0.759111 	0.625500 	0.657647 	0.697316 	1.445035 	1.480076 	0.667083 	0.680074 	1.616516 	1.453444 	0.608790 	2.337734 	2.638773 	2.404423 	2.618444 	2.457260 	0.158114 	0.270416 	0.237171 	9.000000 	2.618444 	0.632949 	0.201556 	0.070711 	0.152069 	0.250000 	0.538516 	0.213600 	1.755883 	0.480885 	1.766529 	0.536773 	1.833883 	0.215058 	0.279509 	0.715891 	1.911969 	2.208082 	1.889610 	0.515388 	1.236932 	1.878829 	0.630971 	0.570088 	1.835245 	1.759616 	2.001406 	1.340009 	1.220912 	
1.077033 	1.998124 	2.263846 	2.143887 	2.067003 	1.221935 	1.187697 	2.101488 	2.059430 	1.041933 	1.185854 	2.101339 	0.375832 	0.265754 	0.254951 	0.212132 	0.201556 	2.481179 	2.351728 	2.404163 	2.618444 	9.000000 	3.165142 	2.457260 	2.616534 	2.527969 	2.440543 	3.127499 	2.529452 	1.021335 	3.085855 	1.035918 	3.140163 	0.972432 	2.653771 	2.881514 	3.307000 	0.927699 	0.650481 	0.976281 	3.132990 	1.643548 	1.000625 	3.243166 	3.186887 	1.055047 	1.140175 	0.908639 	1.578963 	1.711177 	
2.139655 	1.184536 	0.941076 	1.043132 	1.113833 	1.952562 	1.987775 	1.078483 	1.114955 	2.131901 	1.980057 	1.065950 	2.855368 	3.153768 	2.936090 	3.140163 	2.990819 	0.719809 	0.886002 	0.867828 	0.632949 	3.165142 	9.000000 	0.834416 	0.676849 	0.778621 	0.880696 	0.160078 	0.825379 	2.363525 	0.235850 	2.376973 	0.212132 	2.442335 	0.753741 	0.522015 	0.201556 	2.521161 	2.806466 	2.502249 	0.318198 	1.868321 	2.493116 	0.269258 	0.305164 	2.452040 	2.379732 	2.613666 	1.971357 	1.853712 	
1.532359 	0.700446 	0.640800 	0.632949 	0.650481 	1.311964 	1.346291 	0.626997 	0.625000 	1.476906 	1.310773 	0.550000 	2.190462 	2.490984 	2.250694 	2.467919 	2.302444 	0.195256 	0.127475 	0.055902 	0.201556 	2.457260 	0.834416 	9.000000 	0.167705 	0.070711 	0.055902 	0.735272 	0.100000 	1.569236 	0.673146 	1.578369 	0.728869 	1.646587 	0.213600 	0.425735 	0.910014 	1.724094 	2.024846 	1.700000 	0.694622 	1.037123 	1.688380 	0.816241 	0.750417 	1.643548 	1.566246 	1.811767 	1.140175 	1.019804 	
