Total assets = 549
Number of asset nodes = 33

Distance:
999.000000 	4.123106 	62.801273 	15.264338 	63.063461 	66.843102 	13.152946 	82.927681 	85.211502 	54.037025 	8.246211 	29.154760 	13.000000 	14.035668 	93.193344 	47.201694 	28.844410 	12.649111 	68.622154 	20.099751 	78.102493 	66.468040 	26.832815 	40.459858 	15.652476 	86.833176 	36.055511 	60.440052 	48.104053 	59.816387 	18.973665 	80.721741 	34.000000 	40.496914 	39.051247 	48.826221 	84.148682 	37.336308 	64.350601 	51.613953 	33.734257 	24.083189 	70.837845 	51.865211 	25.238859 	61.773781 	
4.123106 	999.000000 	61.294373 	16.970562 	66.211784 	65.215027 	9.486833 	81.633324 	83.761566 	58.008621 	12.369317 	28.231188 	13.038404 	13.341664 	91.923882 	44.687805 	30.479502 	11.000000 	66.708321 	16.278820 	76.400261 	64.443771 	28.017851 	42.426407 	13.341664 	85.211502 	37.643059 	63.007935 	50.249378 	57.384666 	14.866069 	78.873314 	35.227829 	42.011902 	35.440090 	50.447994 	82.073135 	33.541019 	61.611687 	53.263496 	33.837849 	20.808653 	73.246162 	53.413483 	22.360680 	58.830265 	
62.801273 	61.294373 	999.000000 	78.006409 	122.788437 	4.472136 	54.120235 	20.615528 	22.472204 	105.678757 	66.483078 	33.970577 	50.328918 	73.925636 	30.870699 	22.000000 	91.607857 	70.710678 	9.000000 	51.264023 	15.620500 	9.486833 	89.308456 	103.232750 	71.112587 	24.083189 	98.812958 	122.347862 	110.751976 	15.811388 	59.464275 	18.867962 	96.519424 	103.227905 	41.000000 	111.606453 	23.769728 	45.011108 	21.931713 	114.402794 	94.413979 	71.470276 	133.003754 	114.621117 	74.946648 	25.612497 	
15.264338 	16.970562 	78.006409 	999.000000 	50.596443 	82.006096 	25.806976 	98.183502 	100.439034 	47.296936 	15.000000 	44.418465 	28.178005 	9.055386 	108.452751 	61.619801 	13.601471 	12.041595 	83.630135 	31.764761 	93.236259 	81.394104 	11.704700 	25.455845 	15.033297 	102.004898 	20.808653 	46.324940 	33.301651 	74.330345 	26.925823 	95.775780 	18.788294 	25.238859 	50.990196 	33.600594 	99.035347 	48.466484 	78.409180 	36.400551 	20.024984 	24.515301 	56.400356 	36.619667 	23.409399 	75.451973 	
63.063461 	66.211784 	122.788437 	50.596443 	999.000000 	127.141655 	75.643906 	141.449631 	144.360657 	27.073973 	57.140179 	89.202019 	73.498299 	58.940647 	151.320847 	109.931801 	40.311287 	62.361847 	129.807556 	82.079231 	138.408813 	128.003906 	44.283180 	30.066593 	64.761101 	146.659470 	36.013885 	12.727922 	23.769728 	122.331520 	77.491936 	141.495590 	40.012497 	34.365681 	101.390335 	30.083218 	145.602203 	99.020203 	127.263504 	29.068884 	49.162994 	72.835434 	18.248287 	30.413813 	70.455658 	124.823875 	
66.843102 	65.215027 	4.472136 	82.006096 	127.141655 	999.000000 	57.801384 	17.464249 	18.788294 	110.145355 	70.710678 	38.183765 	54.488529 	77.698135 	27.513634 	24.331051 	95.603348 	74.431175 	5.385165 	54.625999 	11.313708 	7.071068 	93.230896 	107.298645 	74.706093 	20.000000 	102.800781 	126.574089 	114.865135 	15.811388 	62.769421 	14.422205 	100.439034 	107.200745 	43.185646 	115.602768 	19.313208 	47.265209 	20.808653 	118.406082 	98.112183 	74.672615 	137.207870 	118.600166 	78.185677 	25.059929 	
13.152946 	9.486833 	54.120235 	25.806976 	75.643906 	57.801384 	999.000000 	74.686012 	76.537575 	67.119293 	21.000000 	23.086792 	12.806249 	20.000000 	84.970581 	36.069378 	38.948685 	16.643316 	58.821766 	7.000000 	68.796799 	56.400356 	36.069378 	51.088158 	17.088007 	77.698135 	45.967381 	72.111023 	59.033890 	48.795490 	9.433981 	71.028160 	43.185646 	50.209560 	25.961510 	58.694122 	73.878281 	24.186773 	52.630791 	61.522354 	40.311287 	20.223749 	82.200974 	61.554855 	23.021729 	49.648766 	
82.927681 	81.633324 	20.615528 	98.183502 	141.449631 	17.464249 	74.686012 	999.000000 	4.000000 	122.641754 	86.052307 	53.823788 	70.213959 	94.413979 	10.295630 	41.773197 	111.772087 	91.241440 	19.026299 	71.867935 	9.848858 	22.022715 	109.603828 	123.223373 	91.706055 	8.062258 	118.983192 	141.767410 	130.602448 	32.015621 	80.056229 	12.041595 	116.811813 	123.422043 	60.530983 	131.745972 	17.204651 	64.629715 	34.928497 	134.525085 	114.947815 	92.027168 	152.502457 	134.792435 	95.519630 	39.812057 	
85.211502 	83.761566 	22.472204 	100.439034 	144.360657 	18.788294 	76.537575 	4.000000 	999.000000 	125.924583 	88.617157 	56.222771 	72.622307 	96.384644 	9.055386 	42.720020 	114.039467 	93.150414 	19.235384 	73.409805 	9.000000 	22.203604 	111.772087 	125.602547 	93.477272 	4.123106 	121.247681 	144.422989 	133.060135 	32.140316 	81.541397 	9.848858 	118.983192 	125.670204 	61.188232 	134.033585 	14.142136 	65.306969 	34.234486 	136.824707 	116.846054 	93.407707 	155.128983 	137.058380 	96.932968 	39.204590 	
54.037025 	58.008621 	105.678757 	47.296936 	27.073973 	110.145355 	67.119293 	122.641754 	125.924583 	999.000000 	46.173584 	74.094536 	60.638271 	56.293873 	132.003784 	96.767761 	43.908997 	58.855755 	113.600174 	74.108032 	121.078484 	112.258629 	47.413078 	40.311287 	62.169125 	128.701202 	44.045429 	36.674240 	39.115215 	108.268188 	72.111023 	124.531120 	47.201694 	45.254833 	92.655273 	46.043457 	129.294235 	91.268837 	114.162163 	46.647614 	56.302753 	71.805290 	45.011108 	48.020828 	70.604530 	112.641022 	
8.246211 	12.369317 	66.483078 	15.000000 	57.140179 	70.710678 	21.000000 	86.052307 	88.617157 	46.173584 	999.000000 	32.526913 	16.401220 	18.357559 	96.213303 	52.839378 	27.202942 	18.439089 	73.000000 	28.000000 	82.024384 	71.063354 	26.305893 	37.589893 	21.931713 	90.553848 	34.176014 	55.865910 	44.654228 	65.192024 	27.202942 	84.899940 	32.984844 	38.626415 	46.529560 	46.518814 	88.729927 	45.099888 	70.235321 	49.193497 	35.014282 	31.240999 	66.528191 	49.658836 	31.827662 	68.029404 	
29.154760 	28.231188 	33.970577 	44.418465 	89.202019 	38.183765 	23.086792 	53.823788 	56.222771 	74.094536 	32.526913 	999.000000 	16.401220 	41.436699 	64.070274 	23.194826 	57.982758 	38.600517 	40.607880 	23.537205 	49.497475 	38.832977 	55.946404 	69.404610 	39.812057 	58.051701 	65.192024 	88.391174 	76.837494 	34.176014 	31.144823 	52.402290 	63.134777 	69.641945 	28.017851 	77.935867 	56.400356 	29.732138 	40.261642 	80.709358 	62.032249 	43.011627 	99.035347 	80.993828 	46.010868 	39.319206 	
13.000000 	13.038404 	50.328918 	28.178005 	73.498299 	54.488529 	12.806249 	70.213959 	72.622307 	60.638271 	16.401220 	16.401220 	999.000000 	26.305893 	80.448738 	36.674240 	41.677334 	24.020824 	56.639210 	18.027756 	65.795135 	54.671749 	39.812057 	53.009434 	26.076809 	74.411018 	48.877399 	72.138756 	60.440052 	48.877399 	22.203604 	68.593002 	46.957428 	53.338543 	33.136082 	61.587337 	72.346390 	32.756680 	54.129475 	64.350601 	46.572525 	31.953091 	82.734512 	64.660652 	34.205261 	52.201534 	
14.035668 	13.341664 	73.925636 	9.055386 	58.940647 	77.698135 	20.000000 	94.413979 	96.384644 	56.293873 	18.357559 	41.436699 	26.305893 	999.000000 	104.709122 	55.973209 	19.723083 	3.605551 	78.816238 	24.839485 	88.752464 	76.400261 	16.401220 	31.906113 	6.000000 	97.637085 	26.400757 	53.665630 	39.962482 	68.680420 	18.788294 	91.021973 	23.345236 	30.479502 	43.566040 	38.948685 	93.861603 	40.706264 	72.180328 	41.773197 	20.615528 	15.524175 	63.285069 	41.725292 	14.764823 	68.883957 	
93.193344 	91.923882 	30.870699 	108.452751 	151.320847 	27.513634 	84.970581 	10.295630 	9.055386 	132.003784 	96.213303 	64.070274 	80.448738 	104.709122 	999.000000 	51.662365 	122.036880 	101.533249 	28.284271 	82.079231 	18.027756 	31.257000 	119.887444 	133.454117 	101.980392 	10.440307 	129.247818 	151.855194 	140.801285 	41.194660 	90.249657 	18.248287 	127.094452 	133.689941 	70.213959 	142.003525 	21.023796 	74.330345 	43.104523 	144.779144 	125.239769 	102.181213 	162.606888 	145.055161 	105.688217 	48.093658 	
47.201694 	44.687805 	22.000000 	61.619801 	109.931801 	24.331051 	36.069378 	41.773197 	42.720020 	96.767761 	52.839378 	23.194826 	36.674240 	55.973209 	51.662365 	999.000000 	74.966660 	52.497620 	23.769728 	31.622776 	34.176014 	21.023796 	72.138756 	87.045967 	52.201534 	43.081318 	82.024384 	107.615051 	94.921021 	12.727922 	39.446167 	35.777088 	79.246452 	86.278618 	19.000000 	94.762863 	38.013157 	23.021729 	17.464249 	97.590981 	75.802376 	50.990196 	117.923706 	97.621719 	54.561890 	16.124516 	
28.844410 	30.479502 	91.607857 	13.601471 	40.311287 	95.603348 	38.948685 	111.772087 	114.039467 	43.908997 	27.202942 	57.982758 	41.677334 	19.723083 	122.036880 	74.966660 	999.000000 	23.323807 	97.185387 	44.407207 	106.826965 	94.921021 	4.000000 	12.206555 	25.079872 	115.602768 	7.211102 	34.014702 	20.248457 	87.692642 	38.470768 	109.343498 	6.000000 	11.661903 	63.285069 	20.000000 	112.538879 	60.415230 	91.547798 	22.803509 	12.727922 	32.557640 	43.566040 	23.021729 	30.149628 	88.408142 	
12.649111 	11.000000 	70.710678 	12.041595 	62.361847 	74.431175 	16.643316 	91.241440 	93.150414 	58.855755 	18.439089 	38.600517 	24.020824 	3.605551 	101.533249 	52.497620 	23.323807 	999.000000 	75.451973 	21.260292 	85.440041 	73.006851 	20.000000 	35.510563 	3.605551 	94.339813 	30.000000 	57.245087 	43.566040 	65.192024 	15.231546 	87.658424 	26.907248 	34.058773 	39.962482 	42.520584 	90.426765 	37.121422 	68.622154 	45.343136 	23.706539 	13.416408 	66.887962 	45.276924 	13.453624 	65.299309 	
68.622154 	66.708321 	9.000000 	83.630135 	129.807556 	5.385165 	58.821766 	19.026299 	19.235384 	113.600174 	73.000000 	40.607880 	56.639210 	78.816238 	28.284271 	23.769728 	97.185387 	75.451973 	999.000000 	55.072678 	10.440307 	3.000000 	94.641426 	109.041275 	75.471848 	19.313208 	104.350372 	128.763351 	116.726173 	13.000000 	63.063461 	12.206555 	101.828285 	108.706024 	41.976185 	117.153748 	15.811388 	46.097721 	16.552946 	119.970833 	99.020203 	74.732857 	139.316193 	120.104118 	78.294319 	21.189621 	
20.099751 	16.278820 	51.264023 	31.764761 	82.079231 	54.625999 	7.000000 	71.867935 	73.409805 	74.108032 	28.000000 	23.537205 	18.027756 	24.839485 	82.079231 	31.622776 	44.407207 	21.260292 	55.072678 	999.000000 	65.299309 	52.478565 	41.231056 	56.612720 	20.615528 	74.242844 	51.224995 	78.032043 	64.637451 	44.204071 	8.246211 	67.230942 	48.166378 	55.317268 	19.313208 	63.780876 	69.634758 	17.262676 	47.381432 	66.603302 	44.204071 	20.396078 	87.920418 	66.528191 	23.769728 	44.045429 	
78.102493 	76.400261 	15.620500 	93.236259 	138.408813 	11.313708 	68.796799 	9.848858 	9.000000 	121.078484 	82.024384 	49.497475 	65.795135 	88.752464 	18.027756 	34.176014 	106.826965 	85.440041 	10.440307 	65.299309 	999.000000 	13.341664 	104.403069 	118.562218 	85.586212 	8.944272 	114.017540 	137.887634 	126.150703 	23.194826 	73.348480 	4.000000 	111.606453 	118.406082 	52.392746 	126.822708 	10.049875 	56.515484 	25.317978 	129.630249 	109.077957 	85.088188 	148.519363 	129.807556 	88.639717 	30.265491 	
66.468040 	64.443771 	9.486833 	81.394104 	128.003906 	7.071068 	56.400356 	22.022715 	22.203604 	112.258629 	71.063354 	38.832977 	54.671749 	76.400261 	31.257000 	21.023796 	94.921021 	73.006851 	3.000000 	52.478565 	13.341664 	999.000000 	92.314682 	106.831642 	72.945183 	22.135944 	102.068604 	126.732002 	114.560028 	10.000000 	60.415230 	14.764823 	99.488693 	106.404884 	39.051247 	114.865135 	17.691807 	43.174065 	13.892444 	117.686020 	96.519424 	72.013885 	137.244308 	117.796432 	75.584389 	18.384777 	
26.832815 	28.017851 	89.308456 	11.704700 	44.283180 	93.230896 	36.069378 	109.603828 	111.772087 	47.413078 	26.305893 	55.946404 	39.812057 	16.401220 	119.887444 	72.138756 	4.000000 	20.000000 	94.641426 	41.231056 	104.403069 	92.314682 	999.000000 	15.652476 	21.470911 	113.225441 	10.000000 	37.696156 	23.706539 	84.864601 	34.985710 	106.826965 	7.211102 	14.142136 	59.908264 	22.627417 	109.877205 	56.938564 	88.526833 	25.455845 	10.295630 	28.635643 	47.010635 	25.495098 	26.172504 	85.276024 	
40.459858 	42.426407 	103.232750 	25.455845 	30.066593 	107.298645 	51.088158 	123.223373 	125.602547 	40.311287 	37.589893 	69.404610 	53.009434 	31.906113 	133.454117 	87.045967 	12.206555 	35.510563 	109.041275 	56.612720 	118.562218 	106.831642 	15.652476 	999.000000 	37.121422 	127.283150 	6.082763 	22.135944 	8.062258 	99.764725 	50.606323 	121.165176 	10.049875 	5.000000 	75.471848 	9.219544 	124.482933 	72.560318 	103.711136 	11.704700 	19.104973 	43.965897 	31.384710 	12.369317 	41.231056 	100.603180 	
15.652476 	13.341664 	71.112587 	15.033297 	64.761101 	74.706093 	17.088007 	91.706055 	93.477272 	62.169125 	21.931713 	39.812057 	26.076809 	6.000000 	101.980392 	52.201534 	25.079872 	3.605551 	75.471848 	20.615528 	85.586212 	72.945183 	21.470911 	37.121422 	999.000000 	94.514549 	31.384710 	59.093147 	45.177429 	64.815125 	13.601471 	87.664131 	28.017851 	35.227829 	38.600517 	43.600460 	90.210861 	35.510563 	67.896980 	46.400433 	23.600847 	9.848858 	68.476273 	46.227695 	9.899495 	64.381676 	
86.833176 	85.211502 	24.083189 	102.004898 	146.659470 	20.000000 	77.698135 	8.062258 	4.123106 	128.701202 	90.553848 	58.051701 	74.411018 	97.637085 	10.440307 	43.081318 	115.602768 	94.339813 	19.313208 	74.242844 	8.944272 	22.135944 	113.225441 	127.283150 	94.514549 	999.000000 	122.800652 	146.413803 	134.825821 	31.780497 	82.292160 	8.000000 	120.432556 	127.200630 	61.131008 	135.602356 	10.816654 	65.253349 	33.000000 	138.405197 	117.991524 	94.021271 	157.079605 	138.600143 	97.575615 	38.000000 	
36.055511 	37.643059 	98.812958 	20.808653 	36.013885 	102.800781 	45.967381 	118.983192 	121.247681 	44.045429 	34.176014 	65.192024 	48.877399 	26.400757 	129.247818 	82.024384 	7.211102 	30.000000 	104.350372 	51.224995 	114.017540 	102.068604 	10.000000 	6.082763 	31.384710 	122.800652 	999.000000 	28.160255 	13.928389 	94.752312 	44.944408 	116.516090 	4.000000 	4.472136 	69.892776 	12.806249 	119.670380 	66.887962 	98.493652 	15.620500 	13.341664 	37.947330 	37.121422 	15.811388 	35.171009 	95.268044 	
60.440052 	63.007935 	122.347862 	46.324940 	12.727922 	126.574089 	72.111023 	141.767410 	144.422989 	36.674240 	55.865910 	88.391174 	72.138756 	53.665630 	151.855194 	107.615051 	34.014702 	57.245087 	128.763351 	78.032043 	137.887634 	126.732002 	37.696156 	22.135944 	59.093147 	146.413803 	28.160255 	999.000000 	14.317822 	120.253899 	72.449982 	140.730240 	32.015621 	25.317978 	97.128784 	19.104973 	144.422989 	94.366310 	124.619423 	17.464249 	40.311287 	66.098412 	10.816654 	18.681541 	63.324562 	121.757957 	
48.104053 	50.249378 	110.751976 	33.301651 	23.769728 	114.865135 	59.033890 	130.602448 	133.060135 	39.115215 	44.654228 	76.837494 	60.440052 	39.962482 	140.801285 	94.921021 	20.248457 	43.566040 	116.726173 	64.637451 	126.150703 	114.560028 	23.706539 	8.062258 	45.177429 	134.825821 	13.928389 	14.317822 	999.000000 	107.628990 	58.668560 	128.817703 	17.720045 	11.045361 	83.528435 	7.071068 	132.230865 	80.622574 	111.664673 	7.615773 	26.076809 	51.865211 	23.323807 	8.944272 	49.040798 	108.600182 	
59.816387 	57.384666 	15.811388 	74.330345 	122.331520 	15.811388 	48.795490 	32.015621 	32.140316 	108.268188 	65.192024 	34.176014 	48.877399 	68.680420 	41.194660 	12.727922 	87.692642 	65.192024 	13.000000 	44.204071 	23.194826 	10.000000 	84.864601 	99.764725 	64.815125 	31.780497 	94.752312 	120.253899 	107.628990 	999.000000 	51.865211 	24.041630 	91.967384 	99.005051 	29.410883 	107.489532 	25.553865 	33.526108 	7.280110 	110.317726 	88.408142 	63.134777 	130.598618 	110.344917 	66.730804 	9.899495 	
18.973665 	14.866069 	59.464275 	26.925823 	77.491936 	62.769421 	9.433981 	80.056229 	81.541397 	72.111023 	27.202942 	31.144823 	22.203604 	18.788294 	90.249657 	39.446167 	38.470768 	15.231546 	63.063461 	8.246211 	73.348480 	60.415230 	34.985710 	50.606323 	13.601471 	82.292160 	44.944408 	72.449982 	58.668560 	51.865211 	999.000000 	75.179787 	41.617306 	48.826221 	25.000000 	57.201397 	77.388626 	21.954498 	54.561890 	60.000000 	36.796738 	12.165525 	81.987801 	59.816387 	15.524175 	50.911690 	
80.721741 	78.873314 	18.867962 	95.775780 	141.495590 	14.422205 	71.028160 	12.041595 	9.848858 	124.531120 	84.899940 	52.402290 	68.593002 	91.021973 	18.248287 	35.777088 	109.343498 	87.658424 	12.206555 	67.230942 	4.000000 	14.764823 	106.826965 	121.165176 	87.664131 	8.000000 	116.516090 	140.730240 	128.817703 	24.041630 	75.179787 	999.000000 	114.017540 	120.880104 	53.450912 	129.321304 	6.082763 	57.567352 	25.000000 	132.136292 	111.220505 	86.764046 	151.320847 	132.279999 	90.338257 	30.000000 	
34.000000 	35.227829 	96.519424 	18.788294 	40.012497 	100.439034 	43.185646 	116.811813 	118.983192 	47.201694 	32.984844 	63.134777 	46.957428 	23.345236 	127.094452 	79.246452 	6.000000 	26.907248 	101.828285 	48.166378 	111.606453 	99.488693 	7.211102 	10.049875 	28.017851 	120.432556 	4.000000 	32.015621 	17.720045 	91.967384 	41.617306 	114.017540 	999.000000 	7.211102 	66.610809 	15.620500 	117.034180 	63.513779 	95.524864 	18.439089 	9.486833 	34.176014 	40.718548 	18.384777 	31.320919 	92.195442 	
40.496914 	42.011902 	103.227905 	25.238859 	34.365681 	107.200745 	50.209560 	123.422043 	125.670204 	45.254833 	38.626415 	69.641945 	53.338543 	30.479502 	133.689941 	86.278618 	11.661903 	34.058773 	108.706024 	55.317268 	118.406082 	106.404884 	14.142136 	5.000000 	35.227829 	127.200630 	4.472136 	25.317978 	11.045361 	99.005051 	48.826221 	120.880104 	7.211102 	999.000000 	73.817345 	8.485281 	123.987900 	70.724815 	102.649887 	11.313708 	15.033297 	41.231056 	33.615471 	11.401754 	38.275318 	99.357941 	
39.051247 	35.440090 	41.000000 	50.990196 	101.390335 	43.185646 	25.961510 	60.530983 	61.188232 	92.655273 	46.529560 	28.017851 	33.136082 	43.566040 	70.213959 	19.000000 	63.285069 	39.962482 	41.976185 	19.313208 	52.392746 	39.051247 	59.908264 	75.471848 	38.600517 	61.131008 	69.892776 	97.128784 	83.528435 	29.410883 	25.000000 	53.450912 	66.610809 	73.817345 	999.000000 	82.200974 	54.625999 	4.123106 	30.528675 	85.000000 	61.554855 	34.828148 	106.850365 	84.811554 	38.418747 	26.400757 	
48.826221 	50.447994 	111.606453 	33.600594 	30.083218 	115.602768 	58.694122 	131.745972 	134.033585 	46.043457 	46.518814 	77.935867 	61.587337 	38.948685 	142.003525 	94.762863 	20.000000 	42.520584 	117.153748 	63.780876 	126.822708 	114.865135 	22.627417 	9.219544 	43.600460 	135.602356 	12.806249 	19.104973 	7.071068 	107.489532 	57.201397 	129.321304 	15.620500 	8.485281 	82.200974 	999.000000 	132.457535 	79.056938 	111.126053 	2.828427 	22.135944 	49.193497 	25.961510 	3.162278 	46.097721 	107.814659 	
84.148682 	82.073135 	23.769728 	99.035347 	145.602203 	19.313208 	73.878281 	17.204651 	14.142136 	129.294235 	88.729927 	56.400356 	72.346390 	93.861603 	21.023796 	38.013157 	112.538879 	90.426765 	15.811388 	69.634758 	10.049875 	17.691807 	109.877205 	124.482933 	90.210861 	10.816654 	119.670380 	144.422989 	132.230865 	25.553865 	77.388626 	6.082763 	117.034180 	123.987900 	54.625999 	132.457535 	999.000000 	58.694122 	24.738634 	135.281189 	113.811249 	88.684837 	154.935471 	135.369858 	92.282173 	29.614185 	
37.336308 	33.541019 	45.011108 	48.466484 	99.020203 	47.265209 	24.186773 	64.629715 	65.306969 	91.268837 	45.099888 	29.732138 	32.756680 	40.706264 	74.330345 	23.021729 	60.415230 	37.121422 	46.097721 	17.262676 	56.515484 	43.174065 	56.938564 	72.560318 	35.510563 	65.253349 	66.887962 	94.366310 	80.622574 	33.526108 	21.954498 	57.567352 	63.513779 	70.724815 	4.123106 	79.056938 	58.694122 	999.000000 	34.481880 	81.841309 	58.137768 	31.144823 	103.942291 	81.608826 	34.713108 	30.232433 	
64.350601 	61.611687 	21.931713 	78.409180 	127.263504 	20.808653 	52.630791 	34.928497 	34.234486 	114.162163 	70.235321 	40.261642 	54.129475 	72.180328 	43.104523 	17.464249 	91.547798 	68.622154 	16.552946 	47.381432 	25.317978 	13.892444 	88.526833 	103.711136 	67.896980 	33.000000 	98.493652 	124.619423 	111.664673 	7.280110 	54.561890 	25.000000 	95.524864 	102.649887 	30.528675 	111.126053 	24.738634 	34.481880 	999.000000 	113.951744 	91.350975 	65.215027 	134.807266 	113.899078 	68.818604 	5.000000 	
51.613953 	53.263496 	114.402794 	36.400551 	29.068884 	118.406082 	61.522354 	134.525085 	136.824707 	46.647614 	49.193497 	80.709358 	64.350601 	41.773197 	144.779144 	97.590981 	22.803509 	45.343136 	119.970833 	66.603302 	129.630249 	117.686020 	25.455845 	11.704700 	46.400433 	138.405197 	15.620500 	17.464249 	7.615773 	110.317726 	60.000000 	132.136292 	18.439089 	11.313708 	85.000000 	2.828427 	135.281189 	81.841309 	113.951744 	999.000000 	24.698177 	51.884487 	23.537205 	1.414214 	48.754486 	110.634537 	
33.734257 	33.837849 	94.413979 	20.024984 	49.162994 	98.112183 	40.311287 	114.947815 	116.846054 	56.302753 	35.014282 	62.032249 	46.572525 	20.615528 	125.239769 	75.802376 	12.727922 	23.706539 	99.020203 	44.204071 	109.077957 	96.519424 	10.295630 	19.104973 	23.600847 	117.991524 	13.341664 	40.311287 	26.076809 	88.408142 	36.796738 	111.220505 	9.486833 	15.033297 	61.554855 	22.135944 	113.811249 	58.137768 	91.350975 	24.698177 	999.000000 	27.459061 	48.083260 	24.166092 	24.186773 	87.692642 	
24.083189 	20.808653 	71.470276 	24.515301 	72.835434 	74.672615 	20.223749 	92.027168 	93.407707 	71.805290 	31.240999 	43.011627 	31.953091 	15.524175 	102.181213 	50.990196 	32.557640 	13.416408 	74.732857 	20.396078 	85.088188 	72.013885 	28.635643 	43.965897 	9.848858 	94.021271 	37.947330 	66.098412 	51.865211 	63.134777 	12.165525 	86.764046 	34.176014 	41.231056 	34.828148 	49.193497 	88.684837 	31.144823 	65.215027 	51.884487 	27.459061 	999.000000 	74.846512 	51.478149 	3.605551 	61.220913 	
70.837845 	73.246162 	133.003754 	56.400356 	18.248287 	137.207870 	82.200974 	152.502457 	155.128983 	45.011108 	66.528191 	99.035347 	82.734512 	63.285069 	162.606888 	117.923706 	43.566040 	66.887962 	139.316193 	87.920418 	148.519363 	137.244308 	47.010635 	31.384710 	68.476273 	157.079605 	37.121422 	10.816654 	23.323807 	130.598618 	81.987801 	151.320847 	40.718548 	33.615471 	106.850365 	25.961510 	154.935471 	103.942291 	134.807266 	23.537205 	48.083260 	74.846512 	999.000000 	24.331051 	71.867935 	131.825638 	
51.865211 	53.413483 	114.621117 	36.619667 	30.413813 	118.600166 	61.554855 	134.792435 	137.058380 	48.020828 	49.658836 	80.993828 	64.660652 	41.725292 	145.055161 	97.621719 	23.021729 	45.276924 	120.104118 	66.528191 	129.807556 	117.796432 	25.495098 	12.369317 	46.227695 	138.600143 	15.811388 	18.681541 	8.944272 	110.344917 	59.816387 	132.279999 	18.384777 	11.401754 	84.811554 	3.162278 	135.369858 	81.608826 	113.899078 	1.414214 	24.166092 	51.478149 	24.331051 	999.000000 	48.301140 	110.535065 	
25.238859 	22.360680 	74.946648 	23.409399 	70.455658 	78.185677 	23.021729 	95.519630 	96.932968 	70.604530 	31.827662 	46.010868 	34.205261 	14.764823 	105.688217 	54.561890 	30.149628 	13.453624 	78.294319 	23.769728 	88.639717 	75.584389 	26.172504 	41.231056 	9.899495 	97.575615 	35.171009 	63.324562 	49.040798 	66.730804 	15.524175 	90.338257 	31.320919 	38.275318 	38.418747 	46.097721 	92.282173 	34.713108 	68.818604 	48.754486 	24.186773 	3.605551 	71.867935 	48.301140 	999.000000 	64.815125 	
61.773781 	58.830265 	25.612497 	75.451973 	124.823875 	25.059929 	49.648766 	39.812057 	39.204590 	112.641022 	68.029404 	39.319206 	52.201534 	68.883957 	48.093658 	16.124516 	88.408142 	65.299309 	21.189621 	44.045429 	30.265491 	18.384777 	85.276024 	100.603180 	64.381676 	38.000000 	95.268044 	121.757957 	108.600182 	9.899495 	50.911690 	30.000000 	92.195442 	99.357941 	26.400757 	107.814659 	29.614185 	30.232433 	5.000000 	110.634537 	87.692642 	61.220913 	131.825638 	110.535065 	64.815125 	999.000000 	

Travel time:
9.000000 	0.103078 	1.570032 	0.381608 	1.576586 	1.671077 	0.328824 	2.073192 	2.130288 	1.350926 	0.206155 	0.728869 	0.325000 	0.350892 	2.329834 	1.180042 	0.721110 	0.316228 	1.715554 	0.502494 	1.952562 	1.661701 	0.670820 	1.011496 	0.391312 	2.170829 	0.901388 	1.511001 	1.202601 	1.495410 	0.474342 	2.018044 	0.850000 	1.012423 	0.976281 	1.220656 	2.103717 	0.933408 	1.608765 	1.290349 	0.843356 	0.602080 	1.770946 	1.296630 	0.630971 	1.544345 	
0.103078 	9.000000 	1.532359 	0.424264 	1.655295 	1.630376 	0.237171 	2.040833 	2.094039 	1.450216 	0.309233 	0.705780 	0.325960 	0.333542 	2.298097 	1.117195 	0.761988 	0.275000 	1.667708 	0.406971 	1.910007 	1.611094 	0.700446 	1.060660 	0.333542 	2.130288 	0.941076 	1.575198 	1.256234 	1.434617 	0.371652 	1.971833 	0.880696 	1.050297 	0.886002 	1.261200 	2.051828 	0.838525 	1.540292 	1.331587 	0.845946 	0.520216 	1.831154 	1.335337 	0.559017 	1.470757 	
1.570032 	1.532359 	9.000000 	1.950160 	3.069711 	0.111803 	1.353006 	0.515388 	0.561805 	2.641969 	1.662077 	0.849264 	1.258223 	1.848141 	0.771767 	0.550000 	2.290196 	1.767767 	0.225000 	1.281601 	0.390512 	0.237171 	2.232711 	2.580819 	1.777815 	0.602080 	2.470324 	3.058697 	2.768799 	0.395285 	1.486607 	0.471699 	2.412986 	2.580698 	1.025000 	2.790161 	0.594243 	1.125278 	0.548293 	2.860070 	2.360349 	1.786757 	3.325094 	2.865528 	1.873666 	0.640312 	
0.381608 	0.424264 	1.950160 	9.000000 	1.264911 	2.050152 	0.645174 	2.454587 	2.510976 	1.182423 	0.375000 	1.110462 	0.704450 	0.226385 	2.711319 	1.540495 	0.340037 	0.301040 	2.090753 	0.794119 	2.330906 	2.034853 	0.292617 	0.636396 	0.375832 	2.550122 	0.520216 	1.158123 	0.832541 	1.858259 	0.673146 	2.394394 	0.469707 	0.630971 	1.274755 	0.840015 	2.475884 	1.211662 	1.960230 	0.910014 	0.500625 	0.612882 	1.410009 	0.915492 	0.585235 	1.886299 	
1.576586 	1.655295 	3.069711 	1.264911 	9.000000 	3.178541 	1.891098 	3.536241 	3.609016 	0.676849 	1.428504 	2.230051 	1.837457 	1.473516 	3.783021 	2.748295 	1.007782 	1.559046 	3.245189 	2.051981 	3.460220 	3.200098 	1.107080 	0.751665 	1.619027 	3.666487 	0.900347 	0.318198 	0.594243 	3.058288 	1.937298 	3.537390 	1.000312 	0.859142 	2.534758 	0.752080 	3.640055 	2.475505 	3.181588 	0.726722 	1.229075 	1.820886 	0.456207 	0.760345 	1.761391 	3.120597 	
1.671077 	1.630376 	0.111803 	2.050152 	3.178541 	9.000000 	1.445035 	0.436606 	0.469707 	2.753634 	1.767767 	0.954594 	1.362213 	1.942453 	0.687841 	0.608276 	2.390084 	1.860779 	0.134629 	1.365650 	0.282843 	0.176777 	2.330772 	2.682466 	1.867652 	0.500000 	2.570019 	3.164352 	2.871628 	0.395285 	1.569236 	0.360555 	2.510976 	2.680019 	1.079641 	2.890069 	0.482830 	1.181630 	0.520216 	2.960152 	2.452805 	1.866815 	3.430197 	2.965004 	1.954642 	0.626498 	
0.328824 	0.237171 	1.353006 	0.645174 	1.891098 	1.445035 	9.000000 	1.867150 	1.913439 	1.677982 	0.525000 	0.577170 	0.320156 	0.500000 	2.124264 	0.901734 	0.973717 	0.416083 	1.470544 	0.175000 	1.719920 	1.410009 	0.901734 	1.277204 	0.427200 	1.942453 	1.149184 	1.802776 	1.475847 	1.219887 	0.235850 	1.775704 	1.079641 	1.255239 	0.649038 	1.467353 	1.846957 	0.604669 	1.315770 	1.538059 	1.007782 	0.505594 	2.055024 	1.538871 	0.575543 	1.241219 	
2.073192 	2.040833 	0.515388 	2.454587 	3.536241 	0.436606 	1.867150 	9.000000 	0.100000 	3.066044 	2.151308 	1.345595 	1.755349 	2.360349 	0.257391 	1.044330 	2.794302 	2.281036 	0.475657 	1.796698 	0.246221 	0.550568 	2.740096 	3.080584 	2.292651 	0.201556 	2.974580 	3.544185 	3.265061 	0.800391 	2.001406 	0.301040 	2.920295 	3.085551 	1.513275 	3.293649 	0.430116 	1.615743 	0.873212 	3.363127 	2.873695 	2.300679 	3.812562 	3.369811 	2.387991 	0.995301 	
2.130288 	2.094039 	0.561805 	2.510976 	3.609016 	0.469707 	1.913439 	0.100000 	9.000000 	3.148115 	2.215429 	1.405569 	1.815558 	2.409616 	0.226385 	1.068001 	2.850987 	2.328760 	0.480885 	1.835245 	0.225000 	0.555090 	2.794302 	3.140064 	2.336932 	0.103078 	3.031192 	3.610575 	3.326503 	0.803508 	2.038535 	0.246221 	2.974580 	3.141755 	1.529706 	3.350840 	0.353553 	1.632674 	0.855862 	3.420618 	2.921151 	2.335193 	3.878225 	3.426460 	2.423324 	0.980115 	
1.350926 	1.450216 	2.641969 	1.182423 	0.676849 	2.753634 	1.677982 	3.066044 	3.148115 	9.000000 	1.154340 	1.852363 	1.515957 	1.407347 	3.300095 	2.419194 	1.097725 	1.471394 	2.840004 	1.852701 	3.026962 	2.806466 	1.185327 	1.007782 	1.554228 	3.217530 	1.101136 	0.916856 	0.977880 	2.706705 	1.802776 	3.113278 	1.180042 	1.131371 	2.316382 	1.151086 	3.232356 	2.281721 	2.854054 	1.166190 	1.407569 	1.795132 	1.125278 	1.200521 	1.765113 	2.816025 	
0.206155 	0.309233 	1.662077 	0.375000 	1.428504 	1.767767 	0.525000 	2.151308 	2.215429 	1.154340 	9.000000 	0.813173 	0.410031 	0.458939 	2.405333 	1.320984 	0.680074 	0.460977 	1.825000 	0.700000 	2.050610 	1.776584 	0.657647 	0.939747 	0.548293 	2.263846 	0.854400 	1.396648 	1.116356 	1.629801 	0.680074 	2.122499 	0.824621 	0.965660 	1.163239 	1.162970 	2.218248 	1.127497 	1.755883 	1.229837 	0.875357 	0.781025 	1.663205 	1.241471 	0.795692 	1.700735 	
0.728869 	0.705780 	0.849264 	1.110462 	2.230051 	0.954594 	0.577170 	1.345595 	1.405569 	1.852363 	0.813173 	9.000000 	0.410031 	1.035918 	1.601757 	0.579871 	1.449569 	0.965013 	1.015197 	0.588430 	1.237437 	0.970824 	1.398660 	1.735115 	0.995301 	1.451293 	1.629801 	2.209779 	1.920937 	0.854400 	0.778621 	1.310057 	1.578369 	1.741049 	0.700446 	1.948397 	1.410009 	0.743303 	1.006541 	2.017734 	1.550806 	1.075291 	2.475884 	2.024846 	1.150272 	0.982980 	
0.325000 	0.325960 	1.258223 	0.704450 	1.837457 	1.362213 	0.320156 	1.755349 	1.815558 	1.515957 	0.410031 	0.410031 	9.000000 	0.657647 	2.011219 	0.916856 	1.041933 	0.600521 	1.415980 	0.450694 	1.644878 	1.366794 	0.995301 	1.325236 	0.651920 	1.860276 	1.221935 	1.803469 	1.511001 	1.221935 	0.555090 	1.714825 	1.173936 	1.333464 	0.828402 	1.539683 	1.808660 	0.818917 	1.353237 	1.608765 	1.164313 	0.798827 	2.068363 	1.616516 	0.855132 	1.305038 	
0.350892 	0.333542 	1.848141 	0.226385 	1.473516 	1.942453 	0.500000 	2.360349 	2.409616 	1.407347 	0.458939 	1.035918 	0.657647 	9.000000 	2.617728 	1.399330 	0.493077 	0.090139 	1.970406 	0.620987 	2.218812 	1.910007 	0.410031 	0.797653 	0.150000 	2.440927 	0.660019 	1.341641 	0.999062 	1.717010 	0.469707 	2.275549 	0.583631 	0.761988 	1.089151 	0.973717 	2.346540 	1.017657 	1.804508 	1.044330 	0.515388 	0.388104 	1.582127 	1.043132 	0.369121 	1.722099 	
2.329834 	2.298097 	0.771767 	2.711319 	3.783021 	0.687841 	2.124264 	0.257391 	0.226385 	3.300095 	2.405333 	1.601757 	2.011219 	2.617728 	9.000000 	1.291559 	3.050922 	2.538331 	0.707107 	2.051981 	0.450694 	0.781425 	2.997186 	3.336353 	2.549510 	0.261008 	3.231195 	3.796380 	3.520032 	1.029866 	2.256241 	0.456207 	3.177361 	3.342248 	1.755349 	3.550088 	0.525595 	1.858259 	1.077613 	3.619479 	3.130994 	2.554530 	4.065172 	3.626379 	2.642205 	1.202341 	
1.180042 	1.117195 	0.550000 	1.540495 	2.748295 	0.608276 	0.901734 	1.044330 	1.068001 	2.419194 	1.320984 	0.579871 	0.916856 	1.399330 	1.291559 	9.000000 	1.874166 	1.312441 	0.594243 	0.790569 	0.854400 	0.525595 	1.803469 	2.176149 	1.305038 	1.077033 	2.050610 	2.690376 	2.373025 	0.318198 	0.986154 	0.894427 	1.981161 	2.156965 	0.475000 	2.369071 	0.950329 	0.575543 	0.436606 	2.439775 	1.895059 	1.274755 	2.948093 	2.440543 	1.364047 	0.403113 	
0.721110 	0.761988 	2.290196 	0.340037 	1.007782 	2.390084 	0.973717 	2.794302 	2.850987 	1.097725 	0.680074 	1.449569 	1.041933 	0.493077 	3.050922 	1.874166 	9.000000 	0.583095 	2.429635 	1.110180 	2.670674 	2.373025 	0.100000 	0.305164 	0.626997 	2.890069 	0.180278 	0.850368 	0.506211 	2.192316 	0.961769 	2.733588 	0.150000 	0.291548 	1.582127 	0.500000 	2.813472 	1.510381 	2.288695 	0.570088 	0.318198 	0.813941 	1.089151 	0.575543 	0.753741 	2.210204 	
0.316228 	0.275000 	1.767767 	0.301040 	1.559046 	1.860779 	0.416083 	2.281036 	2.328760 	1.471394 	0.460977 	0.965013 	0.600521 	0.090139 	2.538331 	1.312441 	0.583095 	9.000000 	1.886299 	0.531507 	2.136001 	1.825171 	0.500000 	0.887764 	0.090139 	2.358495 	0.750000 	1.431127 	1.089151 	1.629801 	0.380789 	2.191461 	0.672681 	0.851469 	0.999062 	1.063015 	2.260669 	0.928036 	1.715554 	1.133578 	0.592663 	0.335410 	1.672199 	1.131923 	0.336341 	1.632483 	
1.715554 	1.667708 	0.225000 	2.090753 	3.245189 	0.134629 	1.470544 	0.475657 	0.480885 	2.840004 	1.825000 	1.015197 	1.415980 	1.970406 	0.707107 	0.594243 	2.429635 	1.886299 	9.000000 	1.376817 	0.261008 	0.075000 	2.366036 	2.726032 	1.886796 	0.482830 	2.608759 	3.219084 	2.918154 	0.325000 	1.576586 	0.305164 	2.545707 	2.717651 	1.049405 	2.928844 	0.395285 	1.152443 	0.413824 	2.999271 	2.475505 	1.868321 	3.482905 	3.002603 	1.957358 	0.529741 	
0.502494 	0.406971 	1.281601 	0.794119 	2.051981 	1.365650 	0.175000 	1.796698 	1.835245 	1.852701 	0.700000 	0.588430 	0.450694 	0.620987 	2.051981 	0.790569 	1.110180 	0.531507 	1.376817 	9.000000 	1.632483 	1.311964 	1.030776 	1.415318 	0.515388 	1.856071 	1.280625 	1.950801 	1.615936 	1.105102 	0.206155 	1.680773 	1.204159 	1.382932 	0.482830 	1.594522 	1.740869 	0.431567 	1.184536 	1.665083 	1.105102 	0.509902 	2.198010 	1.663205 	0.594243 	1.101136 	
1.952562 	1.910007 	0.390512 	2.330906 	3.460220 	0.282843 	1.719920 	0.246221 	0.225000 	3.026962 	2.050610 	1.237437 	1.644878 	2.218812 	0.450694 	0.854400 	2.670674 	2.136001 	0.261008 	1.632483 	9.000000 	0.333542 	2.610077 	2.964056 	2.139655 	0.223607 	2.850439 	3.447191 	3.153768 	0.579871 	1.833712 	0.100000 	2.790161 	2.960152 	1.309819 	3.170568 	0.251247 	1.412887 	0.632949 	3.240756 	2.726949 	2.127205 	3.712984 	3.245189 	2.215993 	0.756637 	
1.661701 	1.611094 	0.237171 	2.034853 	3.200098 	0.176777 	1.410009 	0.550568 	0.555090 	2.806466 	1.776584 	0.970824 	1.366794 	1.910007 	0.781425 	0.525595 	2.373025 	1.825171 	0.075000 	1.311964 	0.333542 	9.000000 	2.307867 	2.670791 	1.823630 	0.553399 	2.551715 	3.168300 	2.864001 	0.250000 	1.510381 	0.369121 	2.487217 	2.660122 	0.976281 	2.871628 	0.442295 	1.079352 	0.347311 	2.942151 	2.412986 	1.800347 	3.431108 	2.944911 	1.889610 	0.459619 	
0.670820 	0.700446 	2.232711 	0.292617 	1.107080 	2.330772 	0.901734 	2.740096 	2.794302 	1.185327 	0.657647 	1.398660 	0.995301 	0.410031 	2.997186 	1.803469 	0.100000 	0.500000 	2.366036 	1.030776 	2.610077 	2.307867 	9.000000 	0.391312 	0.536773 	2.830636 	0.250000 	0.942404 	0.592663 	2.121615 	0.874643 	2.670674 	0.180278 	0.353553 	1.497707 	0.565685 	2.746930 	1.423464 	2.213171 	0.636396 	0.257391 	0.715891 	1.175266 	0.637377 	0.654313 	2.131901 	
1.011496 	1.060660 	2.580819 	0.636396 	0.751665 	2.682466 	1.277204 	3.080584 	3.140064 	1.007782 	0.939747 	1.735115 	1.325236 	0.797653 	3.336353 	2.176149 	0.305164 	0.887764 	2.726032 	1.415318 	2.964056 	2.670791 	0.391312 	9.000000 	0.928036 	3.182079 	0.152069 	0.553399 	0.201556 	2.494118 	1.265158 	3.029130 	0.251247 	0.125000 	1.886796 	0.230489 	3.112073 	1.814008 	2.592778 	0.292617 	0.477624 	1.099147 	0.784618 	0.309233 	1.030776 	2.515079 	
0.391312 	0.333542 	1.777815 	0.375832 	1.619027 	1.867652 	0.427200 	2.292651 	2.336932 	1.554228 	0.548293 	0.995301 	0.651920 	0.150000 	2.549510 	1.305038 	0.626997 	0.090139 	1.886796 	0.515388 	2.139655 	1.823630 	0.536773 	0.928036 	9.000000 	2.362864 	0.784618 	1.477329 	1.129436 	1.620378 	0.340037 	2.191603 	0.700446 	0.880696 	0.965013 	1.090011 	2.255271 	0.887764 	1.697425 	1.160011 	0.590021 	0.246221 	1.711907 	1.155692 	0.247487 	1.609542 	
2.170829 	2.130288 	0.602080 	2.550122 	3.666487 	0.500000 	1.942453 	0.201556 	0.103078 	3.217530 	2.263846 	1.451293 	1.860276 	2.440927 	0.261008 	1.077033 	2.890069 	2.358495 	0.482830 	1.856071 	0.223607 	0.553399 	2.830636 	3.182079 	2.362864 	9.000000 	3.070016 	3.660345 	3.370646 	0.794512 	2.057304 	0.200000 	3.010814 	3.180016 	1.528275 	3.390059 	0.270416 	1.631334 	0.825000 	3.460130 	2.949788 	2.350532 	3.926990 	3.465003 	2.439390 	0.950000 	
0.901388 	0.941076 	2.470324 	0.520216 	0.900347 	2.570019 	1.149184 	2.974580 	3.031192 	1.101136 	0.854400 	1.629801 	1.221935 	0.660019 	3.231195 	2.050610 	0.180278 	0.750000 	2.608759 	1.280625 	2.850439 	2.551715 	0.250000 	0.152069 	0.784618 	3.070016 	9.000000 	0.704006 	0.348210 	2.368808 	1.123610 	2.912902 	0.100000 	0.111803 	1.747319 	0.320156 	2.991760 	1.672199 	2.462341 	0.390512 	0.333542 	0.948683 	0.928036 	0.395285 	0.879275 	2.381701 	
1.511001 	1.575198 	3.058697 	1.158123 	0.318198 	3.164352 	1.802776 	3.544185 	3.610575 	0.916856 	1.396648 	2.209779 	1.803469 	1.341641 	3.796380 	2.690376 	0.850368 	1.431127 	3.219084 	1.950801 	3.447191 	3.168300 	0.942404 	0.553399 	1.477329 	3.660345 	0.704006 	9.000000 	0.357946 	3.006347 	1.811249 	3.518256 	0.800391 	0.632949 	2.428220 	0.477624 	3.610575 	2.359158 	3.115486 	0.436606 	1.007782 	1.652460 	0.270416 	0.467039 	1.583114 	3.043949 	
1.202601 	1.256234 	2.768799 	0.832541 	0.594243 	2.871628 	1.475847 	3.265061 	3.326503 	0.977880 	1.116356 	1.920937 	1.511001 	0.999062 	3.520032 	2.373025 	0.506211 	1.089151 	2.918154 	1.615936 	3.153768 	2.864001 	0.592663 	0.201556 	1.129436 	3.370646 	0.348210 	0.357946 	9.000000 	2.690725 	1.466714 	3.220443 	0.443001 	0.276134 	2.088211 	0.176777 	3.305772 	2.015564 	2.791617 	0.190394 	0.651920 	1.296630 	0.583095 	0.223607 	1.226020 	2.715004 	
1.495410 	1.434617 	0.395285 	1.858259 	3.058288 	0.395285 	1.219887 	0.800391 	0.803508 	2.706705 	1.629801 	0.854400 	1.221935 	1.717010 	1.029866 	0.318198 	2.192316 	1.629801 	0.325000 	1.105102 	0.579871 	0.250000 	2.121615 	2.494118 	1.620378 	0.794512 	2.368808 	3.006347 	2.690725 	9.000000 	1.296630 	0.601041 	2.299185 	2.475126 	0.735272 	2.687238 	0.638847 	0.838153 	0.182003 	2.757943 	2.210204 	1.578369 	3.264966 	2.758623 	1.668270 	0.247487 	
0.474342 	0.371652 	1.486607 	0.673146 	1.937298 	1.569236 	0.235850 	2.001406 	2.038535 	1.802776 	0.680074 	0.778621 	0.555090 	0.469707 	2.256241 	0.986154 	0.961769 	0.380789 	1.576586 	0.206155 	1.833712 	1.510381 	0.874643 	1.265158 	0.340037 	2.057304 	1.123610 	1.811249 	1.466714 	1.296630 	9.000000 	1.879495 	1.040433 	1.220656 	0.625000 	1.430035 	1.934716 	0.548862 	1.364047 	1.500000 	0.919918 	0.304138 	2.049695 	1.495410 	0.388104 	1.272792 	
2.018044 	1.971833 	0.471699 	2.394394 	3.537390 	0.360555 	1.775704 	0.301040 	0.246221 	3.113278 	2.122499 	1.310057 	1.714825 	2.275549 	0.456207 	0.894427 	2.733588 	2.191461 	0.305164 	1.680773 	0.100000 	0.369121 	2.670674 	3.029130 	2.191603 	0.200000 	2.912902 	3.518256 	3.220443 	0.601041 	1.879495 	9.000000 	2.850439 	3.022003 	1.336273 	3.233033 	0.152069 	1.439184 	0.625000 	3.303407 	2.780513 	2.169101 	3.783021 	3.307000 	2.258456 	0.750000 	
0.850000 	0.880696 	2.412986 	0.469707 	1.000312 	2.510976 	1.079641 	2.920295 	2.974580 	1.180042 	0.824621 	1.578369 	1.173936 	0.583631 	3.177361 	1.981161 	0.150000 	0.672681 	2.545707 	1.204159 	2.790161 	2.487217 	0.180278 	0.251247 	0.700446 	3.010814 	0.100000 	0.800391 	0.443001 	2.299185 	1.040433 	2.850439 	9.000000 	0.180278 	1.665270 	0.390512 	2.925854 	1.587844 	2.388122 	0.460977 	0.237171 	0.854400 	1.017964 	0.459619 	0.783023 	2.304886 	
1.012423 	1.050297 	2.580698 	0.630971 	0.859142 	2.680019 	1.255239 	3.085551 	3.141755 	1.131371 	0.965660 	1.741049 	1.333464 	0.761988 	3.342248 	2.156965 	0.291548 	0.851469 	2.717651 	1.382932 	2.960152 	2.660122 	0.353553 	0.125000 	0.880696 	3.180016 	0.111803 	0.632949 	0.276134 	2.475126 	1.220656 	3.022003 	0.180278 	9.000000 	1.845434 	0.212132 	3.099698 	1.768120 	2.566247 	0.282843 	0.375832 	1.030776 	0.840387 	0.285044 	0.956883 	2.483948 	
0.976281 	0.886002 	1.025000 	1.274755 	2.534758 	1.079641 	0.649038 	1.513275 	1.529706 	2.316382 	1.163239 	0.700446 	0.828402 	1.089151 	1.755349 	0.475000 	1.582127 	0.999062 	1.049405 	0.482830 	1.309819 	0.976281 	1.497707 	1.886796 	0.965013 	1.528275 	1.747319 	2.428220 	2.088211 	0.735272 	0.625000 	1.336273 	1.665270 	1.845434 	9.000000 	2.055024 	1.365650 	0.103078 	0.763217 	2.125000 	1.538871 	0.870704 	2.671259 	2.120289 	0.960469 	0.660019 	
