Total assets = 576
Number of asset nodes = 34

Distance:
999.000000 	48.083260 	65.795135 	66.468040 	17.262676 	26.076809 	13.038404 	86.556343 	63.411354 	20.396078 	27.658634 	31.144823 	18.384777 	79.246452 	17.204651 	20.099751 	36.235340 	73.878281 	33.541019 	68.242218 	38.626415 	26.419689 	37.363083 	37.107952 	37.000000 	26.248810 	29.154760 	35.227829 	34.058773 	53.600372 	57.070133 	36.769554 	43.680660 	38.948685 	49.365982 	44.777225 	45.694637 	41.880783 	57.008770 	57.314919 	45.607018 	52.630791 	56.603886 	56.400356 	58.668560 	64.660652 	
48.083260 	999.000000 	17.804493 	18.384777 	35.355339 	73.756355 	57.428215 	38.832977 	16.763054 	40.496914 	20.615528 	17.029387 	44.384682 	31.240999 	53.665630 	62.769421 	83.408630 	26.419689 	28.017851 	22.561028 	84.876381 	48.270073 	82.680107 	82.152298 	34.132095 	52.886673 	45.541191 	78.771820 	75.153175 	32.202484 	31.827662 	70.880180 	46.690472 	69.634758 	42.720020 	52.469040 	52.611786 	69.871307 	41.880783 	46.141087 	70.256676 	67.364677 	65.513359 	68.883957 	65.253349 	71.168816 	
65.795135 	17.804493 	999.000000 	2.236068 	53.000000 	91.547798 	75.213028 	21.095022 	10.295630 	57.697487 	38.183765 	34.655445 	61.717098 	14.317822 	71.196907 	80.454956 	101.212646 	12.041595 	43.680660 	14.212670 	102.649887 	64.845970 	100.404182 	99.859901 	48.662102 	69.641945 	61.684681 	96.384644 	92.590500 	40.792156 	38.600517 	87.664131 	60.074955 	86.023254 	54.147945 	66.121101 	66.068146 	85.866173 	50.447994 	55.317268 	85.702972 	81.098709 	78.057671 	82.000000 	77.233414 	82.607506 	
66.468040 	18.384777 	2.236068 	999.000000 	53.254108 	92.097771 	75.604233 	21.023796 	8.544003 	57.706154 	38.948685 	35.383614 	61.773781 	13.038404 	71.344238 	80.709358 	101.671036 	10.000000 	43.324360 	12.041595 	103.004852 	64.621979 	100.687637 	100.124924 	48.052055 	69.462219 	61.351448 	96.566040 	92.660675 	39.458839 	37.107952 	87.464279 	59.211487 	85.702972 	53.037724 	65.276337 	65.192024 	85.440041 	49.030602 	53.935146 	85.146935 	80.224686 	77.006493 	81.024689 	76.105194 	81.394104 	
17.262676 	35.355339 	53.000000 	53.254108 	999.000000 	39.824615 	22.627417 	74.094536 	48.836460 	7.615773 	18.027756 	20.396078 	10.000000 	65.436989 	18.384777 	27.459061 	48.795490 	59.464275 	16.278820 	53.075417 	49.819675 	17.088007 	47.434166 	46.872166 	20.223749 	20.223749 	17.204651 	43.416588 	39.924931 	36.345562 	39.812057 	37.121422 	29.154760 	37.054016 	33.241539 	31.890438 	32.649654 	38.470768 	40.199501 	41.000000 	40.521599 	43.266617 	45.276924 	46.400433 	46.690472 	53.037724 	
26.076809 	73.756355 	91.547798 	92.097771 	39.824615 	999.000000 	17.492855 	112.445541 	88.413803 	38.470768 	53.600372 	57.008770 	34.438351 	104.690018 	25.298222 	16.124516 	10.440307 	99.005051 	54.708317 	92.849342 	14.000000 	38.078865 	14.560220 	14.866069 	55.542778 	34.365681 	42.449970 	16.401220 	20.000000 	73.409805 	77.388626 	30.463093 	56.885849 	35.114101 	65.000000 	55.145264 	56.142673 	39.217342 	74.040527 	72.780495 	44.271889 	56.089214 	62.514000 	60.207973 	65.375839 	70.035706 	
13.038404 	57.428215 	75.213028 	75.604233 	22.627417 	17.492855 	999.000000 	96.260063 	71.449280 	21.023796 	38.013157 	41.182522 	17.088007 	87.965904 	9.055386 	7.071068 	26.172504 	82.073135 	37.215588 	75.690155 	27.459061 	22.000000 	25.495098 	25.079872 	38.275318 	19.416489 	26.076809 	22.561028 	21.023796 	56.080299 	60.008331 	24.698177 	41.012192 	27.658634 	48.507732 	40.311287 	41.303753 	31.112698 	57.271286 	56.435802 	35.468296 	44.721359 	49.979996 	48.754486 	52.497620 	57.939625 	
86.556343 	38.832977 	21.095022 	21.023796 	74.094536 	112.445541 	96.260063 	999.000000 	27.658634 	78.714676 	58.898216 	55.443665 	82.764725 	12.165525 	92.282173 	101.548019 	122.200653 	19.026299 	64.257294 	27.000000 	123.709335 	85.615417 	121.490738 	120.950401 	68.680420 	90.470993 	82.280006 	117.477661 	113.648582 	58.077534 	55.000000 	108.461975 	79.246452 	106.625511 	72.339478 	85.328773 	85.158676 	106.254410 	67.007462 	72.006943 	105.773346 	100.129913 	96.332756 	100.603180 	95.131485 	100.004997 	
63.411354 	16.763054 	10.295630 	8.544003 	48.836460 	88.413803 	71.449280 	27.658634 	999.000000 	52.430908 	36.715118 	33.120991 	56.612720 	17.000000 	66.400299 	76.059189 	97.621719 	10.630146 	37.121422 	6.000000 	98.595131 	58.591808 	96.046867 	95.425362 	41.109608 	63.529522 	55.036350 	91.607857 	87.367043 	31.144823 	28.635643 	81.394104 	51.623638 	79.309517 	45.011108 	57.706154 	57.558666 	78.771820 	40.607880 	45.541191 	78.160095 	72.560318 	69.028976 	73.171036 	68.007355 	73.171036 	
20.396078 	40.496914 	57.697487 	57.706154 	7.615773 	38.470768 	21.023796 	78.714676 	52.430908 	999.000000 	25.079872 	27.018513 	4.242640 	69.339745 	14.142136 	24.083189 	46.400433 	63.007935 	16.401220 	56.080299 	46.690472 	9.486833 	43.863426 	43.185646 	17.464249 	13.000000 	9.899495 	39.204590 	34.985710 	35.114101 	39.000000 	30.594116 	23.409399 	30.016663 	29.068884 	25.238859 	26.076809 	31.144823 	37.121422 	37.054016 	32.984844 	35.805027 	38.209946 	39.051247 	39.824615 	46.097721 	
27.658634 	20.615528 	38.183765 	38.948685 	18.027756 	53.600372 	38.013157 	58.898216 	36.715118 	25.079872 	999.000000 	3.605551 	28.017851 	51.855568 	35.902645 	44.011364 	63.513779 	46.872166 	21.213203 	42.047592 	65.368187 	34.365681 	63.505905 	63.071388 	28.319605 	38.052597 	33.241539 	60.166435 	57.280014 	37.336308 	39.293766 	55.145264 	40.804413 	55.009090 	41.109608 	45.276924 	45.793011 	56.222771 	44.777225 	47.434166 	57.870544 	58.694122 	59.169250 	61.269894 	59.908264 	66.287254 	
31.144823 	17.029387 	34.655445 	35.383614 	20.396078 	57.008770 	41.182522 	55.443665 	33.120991 	27.018513 	3.605551 	999.000000 	30.265491 	48.270073 	38.600517 	47.010635 	66.850578 	43.266617 	20.808653 	38.483765 	68.600288 	36.055511 	66.648331 	66.189125 	28.017851 	40.012497 	34.525352 	63.158531 	60.083275 	35.341194 	37.000000 	57.428215 	40.816662 	57.035076 	40.311287 	45.617977 	46.065170 	58.034473 	43.266617 	46.227695 	59.413803 	59.464275 	59.481091 	61.846584 	60.033325 	66.370171 	
18.384777 	44.384682 	61.717098 	61.773781 	10.000000 	34.438351 	17.088007 	82.764725 	56.612720 	4.242640 	28.017851 	30.265491 	999.000000 	73.498299 	9.899495 	19.849434 	42.201897 	67.201187 	20.615528 	60.307545 	42.449970 	8.485281 	39.623226 	38.948685 	21.189621 	10.440307 	10.770329 	35.000000 	30.886890 	39.000000 	42.953465 	27.166155 	25.495098 	27.073973 	32.015621 	26.400757 	27.313000 	28.635643 	40.447498 	40.012497 	31.016125 	35.383614 	38.600517 	38.897301 	40.496914 	46.615448 	
79.246452 	31.240999 	14.317822 	13.038404 	65.436989 	104.690018 	87.965904 	12.165525 	17.000000 	69.339745 	51.855568 	48.270073 	73.498299 	999.000000 	83.234612 	92.800865 	114.109596 	7.071068 	54.120235 	15.132746 	115.256233 	75.591003 	112.800713 	112.200714 	57.939625 	80.529495 	72.013885 	108.466583 	104.307236 	46.270943 	43.046486 	98.386993 	67.911705 	96.254868 	60.671246 	73.979729 	73.756355 	95.634720 	55.009090 	60.008331 	94.868332 	88.645363 	84.593147 	88.955048 	83.294655 	88.051125 	
17.204651 	53.665630 	71.196907 	71.344238 	18.384777 	25.298222 	9.055386 	92.282173 	66.400299 	14.142136 	35.902645 	38.600517 	9.899495 	83.234612 	999.000000 	10.000000 	32.449963 	77.006493 	30.479502 	70.178345 	32.557640 	13.038404 	29.732138 	29.068884 	30.413813 	10.440307 	17.262676 	25.238859 	21.540659 	48.301140 	52.354561 	20.396078 	32.062439 	21.931713 	39.812057 	31.257000 	32.249031 	24.698177 	48.764740 	47.675991 	28.425341 	36.359318 	41.231056 	40.311287 	43.657761 	49.244289 	
20.099751 	62.769421 	80.454956 	80.709358 	27.459061 	16.124516 	7.071068 	101.548019 	76.059189 	24.083189 	44.011364 	47.010635 	19.849434 	92.800865 	10.000000 	999.000000 	22.472204 	86.683334 	40.459858 	79.981247 	22.627417 	22.135944 	20.000000 	19.416489 	40.311287 	18.248287 	26.570660 	16.155495 	14.000000 	58.180752 	62.265560 	18.439089 	40.792156 	22.022715 	49.040798 	39.051247 	40.049969 	25.806976 	58.189346 	56.753853 	30.528675 	41.109608 	47.074409 	45.221676 	49.819675 	54.817879 	
36.235340 	83.408630 	101.212646 	101.671036 	48.795490 	10.440307 	26.172504 	122.200653 	97.621719 	46.400433 	63.513779 	66.850578 	42.201897 	114.109596 	32.449963 	22.472204 	999.000000 	108.245094 	62.801273 	101.833199 	5.000000 	44.283180 	8.062258 	8.944272 	62.769421 	39.924931 	48.754486 	13.341664 	19.104973 	80.622574 	84.723076 	31.064449 	62.297672 	36.055511 	70.936592 	59.665737 	60.638271 	40.112343 	80.230919 	78.434685 	45.177429 	58.008621 	65.030762 	62.032249 	68.066147 	72.027771 	
73.878281 	26.419689 	12.041595 	10.000000 	59.464275 	99.005051 	82.073135 	19.026299 	10.630146 	63.007935 	46.872166 	43.266617 	67.201187 	7.071068 	77.006493 	86.683334 	108.245094 	999.000000 	47.507893 	8.062258 	109.224541 	68.963760 	106.667709 	106.042442 	51.078373 	73.925636 	65.299309 	102.200783 	97.908119 	39.204590 	36.013885 	91.706055 	60.876926 	89.470665 	53.600372 	66.940269 	66.708321 	88.769363 	48.000000 	53.000000 	87.920418 	81.584312 	77.524193 	81.884064 	76.236473 	81.024689 	
33.541019 	28.017851 	43.680660 	43.324360 	16.278820 	54.708317 	37.215588 	64.257294 	37.121422 	16.401220 	21.213203 	20.808653 	20.615528 	54.120235 	30.479502 	40.459858 	62.801273 	47.507893 	999.000000 	40.224369 	63.031738 	21.470911 	60.108234 	59.396969 	7.211102 	26.419689 	18.027756 	55.226807 	50.606323 	20.099751 	23.537205 	44.283180 	20.124611 	42.379242 	20.000000 	25.298222 	25.632011 	42.201897 	25.000000 	26.832815 	42.296574 	39.812057 	39.000000 	41.761227 	39.357338 	45.650848 	
68.242218 	22.561028 	14.212670 	12.041595 	53.075417 	92.849342 	75.690155 	27.000000 	6.000000 	56.080299 	42.047592 	38.483765 	60.307545 	15.132746 	70.178345 	79.981247 	101.833199 	8.062258 	40.224369 	999.000000 	102.591423 	61.587337 	99.904953 	99.247169 	43.382023 	66.573265 	57.801384 	95.268044 	90.801979 	31.144823 	28.000000 	84.219948 	52.886673 	81.841309 	45.541191 	58.940647 	58.694122 	81.024689 	40.012497 	45.011108 	80.056229 	73.545906 	69.462219 	73.824112 	68.183578 	73.006851 	
38.626415 	84.876381 	102.649887 	103.004852 	49.819675 	14.000000 	27.459061 	123.709335 	98.595131 	46.690472 	65.368187 	68.600288 	42.449970 	115.256233 	32.557640 	22.627417 	5.000000 	109.224541 	63.031738 	102.591423 	999.000000 	43.566040 	4.000000 	5.000000 	62.425957 	38.948685 	48.020828 	10.049875 	16.124516 	80.156097 	84.314888 	28.071337 	60.926186 	33.060551 	69.778221 	57.870544 	58.821766 	37.013512 	79.158073 	77.077881 	42.000000 	55.081757 	62.289646 	59.033890 	65.375839 	69.028976 	
26.419689 	48.270073 	64.845970 	64.621979 	17.088007 	38.078865 	22.000000 	85.615417 	58.591808 	9.486833 	34.365681 	36.055511 	8.485281 	75.591003 	13.038404 	22.135944 	44.283180 	68.963760 	21.470911 	61.587337 	43.566040 	999.000000 	40.224369 	39.408119 	19.104973 	5.000000 	4.472136 	34.828148 	29.698484 	36.619667 	40.804413 	22.847319 	19.026299 	21.377558 	26.925823 	18.681541 	19.646883 	22.000000 	36.055511 	34.713108 	23.537205 	26.907248 	30.232433 	30.413813 	32.249031 	38.275318 	
37.363083 	82.680107 	100.404182 	100.687637 	47.434166 	14.560220 	25.495098 	121.490738 	96.046867 	43.863426 	63.505905 	66.648331 	39.623226 	112.800713 	29.732138 	20.000000 	8.062258 	106.667709 	60.108234 	99.904953 	4.000000 	40.224369 	999.000000 	1.000000 	59.203041 	35.510563 	44.654228 	6.082763 	12.165525 	76.843994 	81.024689 	24.083189 	57.271286 	29.068884 	66.189125 	54.083271 	55.027267 	33.015148 	75.591003 	73.409805 	38.000000 	51.088158 	58.309521 	55.036350 	61.400326 	65.030762 	
37.107952 	82.152298 	99.859901 	100.124924 	46.872166 	14.866069 	25.079872 	120.950401 	95.425362 	43.185646 	63.071388 	66.189125 	38.948685 	112.200714 	29.068884 	19.416489 	8.944272 	106.042442 	59.396969 	99.247169 	5.000000 	39.408119 	1.000000 	999.000000 	58.412327 	34.669872 	43.829212 	5.099020 	11.180340 	76.026314 	80.212219 	23.086792 	56.364883 	28.071337 	65.299309 	53.141319 	54.083271 	32.015621 	74.706093 	72.498276 	37.000000 	50.089920 	57.314919 	54.037025 	60.406952 	64.031242 	
37.000000 	34.132095 	48.662102 	48.052055 	20.223749 	55.542778 	38.275318 	68.680420 	41.109608 	17.464249 	28.319605 	28.017851 	21.189621 	57.939625 	30.413813 	40.311287 	62.769421 	51.078373 	7.211102 	43.382023 	62.425957 	19.104973 	59.203041 	58.412327 	999.000000 	24.041630 	14.866069 	53.907330 	48.795490 	17.888544 	21.954498 	41.048752 	13.000000 	38.470768 	13.416408 	18.439089 	18.681541 	37.696156 	20.024984 	20.880613 	37.107952 	33.241539 	31.953091 	34.928497 	32.202484 	38.470768 	
26.248810 	52.886673 	69.641945 	69.462219 	20.223749 	34.365681 	19.416489 	90.470993 	63.529522 	13.000000 	38.052597 	40.012497 	10.440307 	80.529495 	10.440307 	18.248287 	39.924931 	73.925636 	26.419689 	66.573265 	38.948685 	5.000000 	35.510563 	34.669872 	24.041630 	999.000000 	9.219544 	30.000000 	24.758837 	41.400482 	45.607018 	18.027756 	22.561028 	17.029387 	31.016125 	21.023796 	22.022715 	18.248287 	40.311287 	38.600517 	20.615528 	26.400757 	30.870699 	30.232433 	33.241539 	38.910152 	
29.154760 	45.541191 	61.684681 	61.351448 	17.204651 	42.449970 	26.076809 	82.280006 	55.036350 	9.899495 	33.241539 	34.525352 	10.770329 	72.013885 	17.262676 	26.570660 	48.754486 	65.299309 	18.027756 	57.801384 	48.020828 	4.472136 	44.654228 	43.829212 	14.866069 	9.219544 	999.000000 	39.204590 	33.970577 	32.202484 	36.400551 	26.419689 	15.033297 	24.351591 	22.561028 	15.652476 	16.552946 	24.331051 	31.622776 	30.413813 	25.019993 	26.076809 	28.319605 	29.206163 	30.000000 	36.235340 	
35.227829 	78.771820 	96.384644 	96.566040 	43.416588 	16.401220 	22.561028 	117.477661 	91.607857 	39.204590 	60.166435 	63.158531 	35.000000 	108.466583 	25.238859 	16.155495 	13.341664 	102.200783 	55.226807 	95.268044 	10.049875 	34.828148 	6.082763 	5.099020 	53.907330 	30.000000 	39.204590 	999.000000 	6.082763 	71.400284 	75.604233 	18.027756 	51.429562 	23.021729 	60.415230 	48.104053 	49.040798 	27.000000 	69.835518 	67.542580 	32.015621 	45.044422 	52.239830 	49.010204 	55.326305 	59.008472 	
34.058773 	75.153175 	92.590500 	92.660675 	39.924931 	20.000000 	21.023796 	113.648582 	87.367043 	34.985710 	57.280014 	60.083275 	30.886890 	104.307236 	21.540659 	14.000000 	19.104973 	97.908119 	50.606323 	90.801979 	16.124516 	29.698484 	12.165525 	11.180340 	48.795490 	24.758837 	33.970577 	6.082763 	999.000000 	66.068146 	70.292244 	12.000000 	45.650848 	17.000000 	54.708317 	42.154476 	43.081318 	21.023796 	64.140472 	61.717098 	26.076809 	39.012817 	46.173584 	43.000000 	49.254440 	53.000000 	
53.600372 	32.202484 	40.792156 	39.458839 	36.345562 	73.409805 	56.080299 	58.077534 	31.144823 	35.114101 	37.336308 	35.341194 	39.000000 	46.270943 	48.301140 	58.180752 	80.622574 	39.204590 	20.099751 	31.144823 	80.156097 	36.619667 	76.843994 	76.026314 	17.888544 	41.400482 	32.202484 	71.400284 	66.068146 	999.000000 	4.242640 	57.314919 	22.825424 	54.037025 	14.560220 	28.635643 	28.231188 	52.430908 	9.848858 	14.560220 	50.606323 	42.720020 	38.327538 	42.755116 	37.054016 	42.047592 	
57.070133 	31.827662 	38.600517 	37.107952 	39.812057 	77.388626 	60.008331 	55.000000 	28.635643 	39.000000 	39.293766 	37.000000 	42.953465 	43.046486 	52.354561 	62.265560 	84.723076 	36.013885 	23.537205 	28.000000 	84.314888 	40.804413 	81.024689 	80.212219 	21.954498 	45.607018 	36.400551 	75.604233 	70.292244 	4.242640 	999.000000 	61.554855 	26.925823 	58.258045 	18.384777 	32.649654 	32.202484 	56.612720 	12.041595 	17.029387 	54.708317 	46.486557 	41.773197 	46.324940 	40.311287 	45.011108 	
36.769554 	70.880180 	87.664131 	87.464279 	37.121422 	30.463093 	24.698177 	108.461975 	81.394104 	30.594116 	55.145264 	57.428215 	27.166155 	98.386993 	20.396078 	18.439089 	31.064449 	91.706055 	44.283180 	84.219948 	28.071337 	22.847319 	24.083189 	23.086792 	41.048752 	18.027756 	26.419689 	18.027756 	12.000000 	57.314919 	61.554855 	999.000000 	35.608986 	5.000000 	44.821869 	31.384710 	32.249031 	9.055386 	54.203320 	51.312767 	14.142136 	27.018513 	34.234486 	31.000000 	37.336308 	41.000000 	
43.680660 	46.690472 	60.074955 	59.211487 	29.154760 	56.885849 	41.012192 	79.246452 	51.623638 	23.409399 	40.804413 	40.816662 	25.495098 	67.911705 	32.062439 	40.792156 	62.297672 	60.876926 	20.124611 	52.886673 	60.926186 	19.026299 	57.271286 	56.364883 	13.000000 	22.561028 	15.033297 	51.429562 	45.650848 	22.825424 	26.925823 	35.608986 	999.000000 	31.827662 	9.219544 	6.082763 	6.000000 	29.832869 	18.601076 	16.155495 	27.784887 	21.023796 	18.973665 	22.203604 	19.235384 	25.553865 	
38.948685 	69.634758 	86.023254 	85.702972 	37.054016 	35.114101 	27.658634 	106.625511 	79.309517 	30.016663 	55.009090 	57.035076 	27.073973 	96.254868 	21.931713 	22.022715 	36.055511 	89.470665 	42.379242 	81.841309 	33.060551 	21.377558 	29.068884 	28.071337 	38.470768 	17.029387 	24.351591 	23.021729 	17.000000 	54.037025 	58.258045 	5.000000 	31.827662 	999.000000 	41.036568 	27.202942 	28.017851 	4.123106 	50.328918 	47.201694 	9.219544 	22.022715 	29.274563 	26.000000 	32.388271 	36.000000 	
49.365982 	42.720020 	54.147945 	53.037724 	33.241539 	65.000000 	48.507732 	72.339478 	45.011108 	29.068884 	41.109608 	40.311287 	32.015621 	60.671246 	39.812057 	49.040798 	70.936592 	53.600372 	20.000000 	45.541191 	69.778221 	26.925823 	66.189125 	65.299309 	13.416408 	31.016125 	22.561028 	60.415230 	54.708317 	14.560220 	18.384777 	44.821869 	9.219544 	41.036568 	999.000000 	14.422205 	13.892444 	38.948685 	9.433981 	8.000000 	36.619667 	28.160255 	24.020824 	28.284271 	23.086792 	28.635643 	
44.777225 	52.469040 	66.121101 	65.276337 	31.890438 	55.145264 	40.311287 	85.328773 	57.706154 	25.238859 	45.276924 	45.617977 	26.400757 	73.979729 	31.257000 	39.051247 	59.665737 	66.940269 	25.298222 	58.940647 	57.870544 	18.681541 	54.083271 	53.141319 	18.439089 	21.023796 	15.652476 	48.104053 	42.154476 	28.635643 	32.649654 	31.384710 	6.082763 	27.202942 	14.422205 	999.000000 	1.000000 	24.758837 	23.345236 	20.000000 	22.203604 	15.000000 	13.892444 	16.492422 	14.866069 	21.260292 	
45.694637 	52.611786 	66.068146 	65.192024 	32.649654 	56.142673 	41.303753 	85.158676 	57.558666 	26.076809 	45.793011 	46.065170 	27.313000 	73.756355 	32.249031 	40.049969 	60.638271 	66.708321 	25.632011 	58.694122 	58.821766 	19.646883 	55.027267 	54.083271 	18.681541 	22.022715 	16.552946 	49.040798 	43.081318 	28.231188 	32.202484 	32.249031 	6.000000 	28.017851 	13.892444 	1.000000 	999.000000 	25.495098 	22.671568 	19.209373 	22.803509 	15.033297 	13.416408 	16.278820 	14.212670 	20.615528 	
41.880783 	69.871307 	85.866173 	85.440041 	38.470768 	39.217342 	31.112698 	106.254410 	78.771820 	31.144823 	56.222771 	58.034473 	28.635643 	95.634720 	24.698177 	25.806976 	40.112343 	88.769363 	42.201897 	81.024689 	37.013512 	22.000000 	33.015148 	32.015621 	37.696156 	18.248287 	24.331051 	27.000000 	21.023796 	52.430908 	56.612720 	9.055386 	29.832869 	4.123106 	38.948685 	24.758837 	25.495098 	999.000000 	48.083260 	44.687805 	5.099020 	18.110771 	25.495098 	22.022715 	28.635643 	32.015621 	
57.008770 	41.880783 	50.447994 	49.030602 	40.199501 	74.040527 	57.271286 	67.007462 	40.607880 	37.121422 	44.777225 	43.266617 	40.447498 	55.009090 	48.764740 	58.189346 	80.230919 	48.000000 	25.000000 	40.012497 	79.158073 	36.055511 	75.591003 	74.706093 	20.024984 	40.311287 	31.622776 	69.835518 	64.140472 	9.848858 	12.041595 	54.203320 	18.601076 	50.328918 	9.433981 	23.345236 	22.671568 	48.083260 	999.000000 	5.000000 	45.453274 	35.777088 	30.364452 	35.114101 	28.635643 	33.060551 	
57.314919 	46.141087 	55.317268 	53.935146 	41.000000 	72.780495 	56.435802 	72.006943 	45.541191 	37.054016 	47.434166 	46.227695 	40.012497 	60.008331 	47.675991 	56.753853 	78.434685 	53.000000 	26.832815 	45.011108 	77.077881 	34.713108 	73.409805 	72.498276 	20.880613 	38.600517 	30.413813 	67.542580 	61.717098 	14.560220 	17.029387 	51.312767 	16.155495 	47.201694 	8.000000 	20.000000 	19.209373 	44.687805 	5.000000 	999.000000 	41.725292 	31.384710 	25.632011 	30.463093 	23.769728 	28.071337 	
45.607018 	70.256676 	85.702972 	85.146935 	40.521599 	44.271889 	35.468296 	105.773346 	78.160095 	32.984844 	57.870544 	59.413803 	31.016125 	94.868332 	28.425341 	30.528675 	45.177429 	87.920418 	42.296574 	80.056229 	42.000000 	23.537205 	38.000000 	37.000000 	37.107952 	20.615528 	25.019993 	32.015621 	26.076809 	50.606323 	54.708317 	14.142136 	27.784887 	9.219544 	36.619667 	22.203604 	22.803509 	5.099020 	45.453274 	41.725292 	999.000000 	13.341664 	20.880613 	17.117243 	24.041630 	27.073973 	
52.630791 	67.364677 	81.098709 	80.224686 	43.266617 	56.089214 	44.721359 	100.129913 	72.560318 	35.805027 	58.694122 	59.464275 	35.383614 	88.645363 	36.359318 	41.109608 	58.008621 	81.584312 	39.812057 	73.545906 	55.081757 	26.907248 	51.088158 	50.089920 	33.241539 	26.400757 	26.076809 	45.044422 	39.012817 	42.720020 	46.486557 	27.018513 	21.023796 	22.022715 	28.160255 	15.000000 	15.033297 	18.110771 	35.777088 	31.384710 	13.341664 	999.000000 	7.615773 	4.123106 	10.770329 	14.035668 	
56.603886 	65.513359 	78.057671 	77.006493 	45.276924 	62.514000 	49.979996 	96.332756 	69.028976 	38.209946 	59.169250 	59.481091 	38.600517 	84.593147 	41.231056 	47.074409 	65.030762 	77.524193 	39.000000 	69.462219 	62.289646 	30.232433 	58.309521 	57.314919 	31.953091 	30.870699 	28.319605 	52.239830 	46.173584 	38.327538 	41.773197 	34.234486 	18.973665 	29.274563 	24.020824 	13.892444 	13.416408 	25.495098 	30.364452 	25.632011 	20.880613 	7.615773 	999.000000 	5.000000 	3.162278 	8.062258 	
56.400356 	68.883957 	82.000000 	81.024689 	46.400433 	60.207973 	48.754486 	100.603180 	73.171036 	39.051247 	61.269894 	61.846584 	38.897301 	88.955048 	40.311287 	45.221676 	62.032249 	81.884064 	41.761227 	73.824112 	59.033890 	30.413813 	55.036350 	54.037025 	34.928497 	30.232433 	29.206163 	49.010204 	43.000000 	42.755116 	46.324940 	31.000000 	22.203604 	26.000000 	28.284271 	16.492422 	16.278820 	22.022715 	35.114101 	30.463093 	17.117243 	4.123106 	5.000000 	999.000000 	7.810250 	10.000000 	
58.668560 	65.253349 	77.233414 	76.105194 	46.690472 	65.375839 	52.497620 	95.131485 	68.007355 	39.824615 	59.908264 	60.033325 	40.496914 	83.294655 	43.657761 	49.819675 	68.066147 	76.236473 	39.357338 	68.183578 	65.375839 	32.249031 	61.400326 	60.406952 	32.202484 	33.241539 	30.000000 	55.326305 	49.254440 	37.054016 	40.311287 	37.336308 	19.235384 	32.388271 	23.086792 	14.866069 	14.212670 	28.635643 	28.635643 	23.769728 	24.041630 	10.770329 	3.162278 	7.810250 	999.000000 	6.403124 	
64.660652 	71.168816 	82.607506 	81.394104 	53.037724 	70.035706 	57.939625 	100.004997 	73.171036 	46.097721 	66.287254 	66.370171 	46.615448 	88.051125 	49.244289 	54.817879 	72.027771 	81.024689 	45.650848 	73.006851 	69.028976 	38.275318 	65.030762 	64.031242 	38.470768 	38.910152 	36.235340 	59.008472 	53.000000 	42.047592 	45.011108 	41.000000 	25.553865 	36.000000 	28.635643 	21.260292 	20.615528 	32.015621 	33.060551 	28.071337 	27.073973 	14.035668 	8.062258 	10.000000 	6.403124 	999.000000 	

Travel time:
9.000000 	1.202081 	1.644878 	1.661701 	0.431567 	0.651920 	0.325960 	2.163908 	1.585284 	0.509902 	0.691466 	0.778621 	0.459619 	1.981161 	0.430116 	0.502494 	0.905883 	1.846957 	0.838525 	1.706055 	0.965660 	0.660492 	0.934077 	0.927699 	0.925000 	0.656220 	0.728869 	0.880696 	0.851469 	1.340009 	1.426753 	0.919239 	1.092016 	0.973717 	1.234150 	1.119431 	1.142366 	1.047020 	1.425219 	1.432873 	1.140175 	1.315770 	1.415097 	1.410009 	1.466714 	1.616516 	
1.202081 	9.000000 	0.445112 	0.459619 	0.883883 	1.843909 	1.435705 	0.970824 	0.419076 	1.012423 	0.515388 	0.425735 	1.109617 	0.781025 	1.341641 	1.569236 	2.085216 	0.660492 	0.700446 	0.564026 	2.121910 	1.206752 	2.067003 	2.053807 	0.853302 	1.322167 	1.138530 	1.969296 	1.878829 	0.805062 	0.795692 	1.772004 	1.167262 	1.740869 	1.068001 	1.311726 	1.315295 	1.746783 	1.047020 	1.153527 	1.756417 	1.684117 	1.637834 	1.722099 	1.631334 	1.779220 	
1.644878 	0.445112 	9.000000 	0.055902 	1.325000 	2.288695 	1.880326 	0.527376 	0.257391 	1.442437 	0.954594 	0.866386 	1.542928 	0.357946 	1.779923 	2.011374 	2.530316 	0.301040 	1.092016 	0.355317 	2.566247 	1.621149 	2.510105 	2.496498 	1.216552 	1.741049 	1.542117 	2.409616 	2.314763 	1.019804 	0.965013 	2.191603 	1.501874 	2.150581 	1.353699 	1.653028 	1.651704 	2.146654 	1.261200 	1.382932 	2.142574 	2.027468 	1.951442 	2.050000 	1.930835 	2.065188 	
1.661701 	0.459619 	0.055902 	9.000000 	1.331353 	2.302444 	1.890106 	0.525595 	0.213600 	1.442654 	0.973717 	0.884590 	1.544345 	0.325960 	1.783606 	2.017734 	2.541776 	0.250000 	1.083109 	0.301040 	2.575121 	1.615549 	2.517191 	2.503123 	1.201301 	1.736555 	1.533786 	2.414151 	2.316517 	0.986471 	0.927699 	2.186607 	1.480287 	2.142574 	1.325943 	1.631908 	1.629801 	2.136001 	1.225765 	1.348379 	2.128673 	2.005617 	1.925162 	2.025617 	1.902630 	2.034853 	
0.431567 	0.883883 	1.325000 	1.331353 	9.000000 	0.995615 	0.565685 	1.852363 	1.220912 	0.190394 	0.450694 	0.509902 	0.250000 	1.635925 	0.459619 	0.686477 	1.219887 	1.486607 	0.406971 	1.326885 	1.245492 	0.427200 	1.185854 	1.171804 	0.505594 	0.505594 	0.430116 	1.085415 	0.998123 	0.908639 	0.995301 	0.928036 	0.728869 	0.926350 	0.831038 	0.797261 	0.816241 	0.961769 	1.004987 	1.025000 	1.013040 	1.081665 	1.131923 	1.160011 	1.167262 	1.325943 	
0.651920 	1.843909 	2.288695 	2.302444 	0.995615 	9.000000 	0.437321 	2.811139 	2.210345 	0.961769 	1.340009 	1.425219 	0.860959 	2.617250 	0.632456 	0.403113 	0.261008 	2.475126 	1.367708 	2.321234 	0.350000 	0.951972 	0.364006 	0.371652 	1.388569 	0.859142 	1.061249 	0.410031 	0.500000 	1.835245 	1.934716 	0.761577 	1.422146 	0.877853 	1.625000 	1.378632 	1.403567 	0.980434 	1.851013 	1.819512 	1.106797 	1.402230 	1.562850 	1.505199 	1.634396 	1.750893 	
0.325960 	1.435705 	1.880326 	1.890106 	0.565685 	0.437321 	9.000000 	2.406502 	1.786232 	0.525595 	0.950329 	1.029563 	0.427200 	2.199148 	0.226385 	0.176777 	0.654313 	2.051828 	0.930390 	1.892254 	0.686477 	0.550000 	0.637377 	0.626997 	0.956883 	0.485412 	0.651920 	0.564026 	0.525595 	1.402007 	1.500208 	0.617454 	1.025305 	0.691466 	1.212693 	1.007782 	1.032594 	0.777817 	1.431782 	1.410895 	0.886707 	1.118034 	1.249500 	1.218862 	1.312441 	1.448491 	
2.163908 	0.970824 	0.527376 	0.525595 	1.852363 	2.811139 	2.406502 	9.000000 	0.691466 	1.967867 	1.472455 	1.386092 	2.069118 	0.304138 	2.307054 	2.538701 	3.055016 	0.475657 	1.606432 	0.675000 	3.092733 	2.140385 	3.037268 	3.023760 	1.717010 	2.261775 	2.057000 	2.936942 	2.841215 	1.451938 	1.375000 	2.711549 	1.981161 	2.665638 	1.808487 	2.133219 	2.128967 	2.656360 	1.675187 	1.800174 	2.644334 	2.503248 	2.408319 	2.515079 	2.378287 	2.500125 	
1.585284 	0.419076 	0.257391 	0.213600 	1.220912 	2.210345 	1.786232 	0.691466 	9.000000 	1.310773 	0.917878 	0.828025 	1.415318 	0.425000 	1.660007 	1.901480 	2.440543 	0.265754 	0.928036 	0.150000 	2.464878 	1.464795 	2.401172 	2.385634 	1.027740 	1.588238 	1.375909 	2.290196 	2.184176 	0.778621 	0.715891 	2.034853 	1.290591 	1.982738 	1.125278 	1.442654 	1.438967 	1.969296 	1.015197 	1.138530 	1.954002 	1.814008 	1.725724 	1.829276 	1.700184 	1.829276 	
0.509902 	1.012423 	1.442437 	1.442654 	0.190394 	0.961769 	0.525595 	1.967867 	1.310773 	9.000000 	0.626997 	0.675463 	0.106066 	1.733494 	0.353553 	0.602080 	1.160011 	1.575198 	0.410031 	1.402007 	1.167262 	0.237171 	1.096586 	1.079641 	0.436606 	0.325000 	0.247487 	0.980115 	0.874643 	0.877853 	0.975000 	0.764853 	0.585235 	0.750417 	0.726722 	0.630971 	0.651920 	0.778621 	0.928036 	0.926350 	0.824621 	0.895126 	0.955249 	0.976281 	0.995615 	1.152443 	
0.691466 	0.515388 	0.954594 	0.973717 	0.450694 	1.340009 	0.950329 	1.472455 	0.917878 	0.626997 	9.000000 	0.090139 	0.700446 	1.296389 	0.897566 	1.100284 	1.587844 	1.171804 	0.530330 	1.051190 	1.634205 	0.859142 	1.587648 	1.576785 	0.707990 	0.951315 	0.831038 	1.504161 	1.432000 	0.933408 	0.982344 	1.378632 	1.020110 	1.375227 	1.027740 	1.131923 	1.144825 	1.405569 	1.119431 	1.185854 	1.446764 	1.467353 	1.479231 	1.531747 	1.497707 	1.657181 	
0.778621 	0.425735 	0.866386 	0.884590 	0.509902 	1.425219 	1.029563 	1.386092 	0.828025 	0.675463 	0.090139 	9.000000 	0.756637 	1.206752 	0.965013 	1.175266 	1.671264 	1.081665 	0.520216 	0.962094 	1.715007 	0.901388 	1.666208 	1.654728 	0.700446 	1.000312 	0.863134 	1.578963 	1.502082 	0.883530 	0.925000 	1.435705 	1.020416 	1.425877 	1.007782 	1.140449 	1.151629 	1.450862 	1.081665 	1.155692 	1.485345 	1.486607 	1.487027 	1.546165 	1.500833 	1.659254 	
0.459619 	1.109617 	1.542928 	1.544345 	0.250000 	0.860959 	0.427200 	2.069118 	1.415318 	0.106066 	0.700446 	0.756637 	9.000000 	1.837457 	0.247487 	0.496236 	1.055047 	1.680030 	0.515388 	1.507689 	1.061249 	0.212132 	0.990581 	0.973717 	0.529741 	0.261008 	0.269258 	0.875000 	0.772172 	0.975000 	1.073837 	0.679154 	0.637377 	0.676849 	0.800391 	0.660019 	0.682825 	0.715891 	1.011187 	1.000312 	0.775403 	0.884590 	0.965013 	0.972432 	1.012423 	1.165386 	
1.981161 	0.781025 	0.357946 	0.325960 	1.635925 	2.617250 	2.199148 	0.304138 	0.425000 	1.733494 	1.296389 	1.206752 	1.837457 	9.000000 	2.080865 	2.320022 	2.852740 	0.176777 	1.353006 	0.378319 	2.881406 	1.889775 	2.820018 	2.805018 	1.448491 	2.013237 	1.800347 	2.711665 	2.607681 	1.156774 	1.076162 	2.459675 	1.697793 	2.406372 	1.516781 	1.849493 	1.843909 	2.390868 	1.375227 	1.500208 	2.371708 	2.216134 	2.114829 	2.223876 	2.082366 	2.201278 	
0.430116 	1.341641 	1.779923 	1.783606 	0.459619 	0.632456 	0.226385 	2.307054 	1.660007 	0.353553 	0.897566 	0.965013 	0.247487 	2.080865 	9.000000 	0.250000 	0.811249 	1.925162 	0.761988 	1.754459 	0.813941 	0.325960 	0.743303 	0.726722 	0.760345 	0.261008 	0.431567 	0.630971 	0.538516 	1.207528 	1.308864 	0.509902 	0.801561 	0.548293 	0.995301 	0.781425 	0.806226 	0.617454 	1.219118 	1.191900 	0.710634 	0.908983 	1.030776 	1.007782 	1.091444 	1.231107 	
0.502494 	1.569236 	2.011374 	2.017734 	0.686477 	0.403113 	0.176777 	2.538701 	1.901480 	0.602080 	1.100284 	1.175266 	0.496236 	2.320022 	0.250000 	9.000000 	0.561805 	2.167083 	1.011496 	1.999531 	0.565685 	0.553399 	0.500000 	0.485412 	1.007782 	0.456207 	0.664266 	0.403887 	0.350000 	1.454519 	1.556639 	0.460977 	1.019804 	0.550568 	1.226020 	0.976281 	1.001249 	0.645174 	1.454734 	1.418846 	0.763217 	1.027740 	1.176860 	1.130542 	1.245492 	1.370447 	
0.905883 	2.085216 	2.530316 	2.541776 	1.219887 	0.261008 	0.654313 	3.055016 	2.440543 	1.160011 	1.587844 	1.671264 	1.055047 	2.852740 	0.811249 	0.561805 	9.000000 	2.706127 	1.570032 	2.545830 	0.125000 	1.107080 	0.201556 	0.223607 	1.569236 	0.998123 	1.218862 	0.333542 	0.477624 	2.015564 	2.118077 	0.776611 	1.557442 	0.901388 	1.773415 	1.491643 	1.515957 	1.002809 	2.005773 	1.960867 	1.129436 	1.450216 	1.625769 	1.550806 	1.701654 	1.800694 	
1.846957 	0.660492 	0.301040 	0.250000 	1.486607 	2.475126 	2.051828 	0.475657 	0.265754 	1.575198 	1.171804 	1.081665 	1.680030 	0.176777 	1.925162 	2.167083 	2.706127 	9.000000 	1.187697 	0.201556 	2.730613 	1.724094 	2.666693 	2.651061 	1.276959 	1.848141 	1.632483 	2.555020 	2.447703 	0.980115 	0.900347 	2.292651 	1.521923 	2.236767 	1.340009 	1.673507 	1.667708 	2.219234 	1.200000 	1.325000 	2.198010 	2.039608 	1.938105 	2.047101 	1.905912 	2.025617 	
0.838525 	0.700446 	1.092016 	1.083109 	0.406971 	1.367708 	0.930390 	1.606432 	0.928036 	0.410031 	0.530330 	0.520216 	0.515388 	1.353006 	0.761988 	1.011496 	1.570032 	1.187697 	9.000000 	1.005609 	1.575794 	0.536773 	1.502706 	1.484924 	0.180278 	0.660492 	0.450694 	1.380670 	1.265158 	0.502494 	0.588430 	1.107080 	0.503115 	1.059481 	0.500000 	0.632456 	0.640800 	1.055047 	0.625000 	0.670820 	1.057414 	0.995301 	0.975000 	1.044031 	0.983933 	1.141271 	
1.706055 	0.564026 	0.355317 	0.301040 	1.326885 	2.321234 	1.892254 	0.675000 	0.150000 	1.402007 	1.051190 	0.962094 	1.507689 	0.378319 	1.754459 	1.999531 	2.545830 	0.201556 	1.005609 	9.000000 	2.564785 	1.539683 	2.497624 	2.481179 	1.084551 	1.664332 	1.445035 	2.381701 	2.270050 	0.778621 	0.700000 	2.105499 	1.322167 	2.046033 	1.138530 	1.473516 	1.467353 	2.025617 	1.000312 	1.125278 	2.001406 	1.838648 	1.736555 	1.845603 	1.704589 	1.825171 	
0.965660 	2.121910 	2.566247 	2.575121 	1.245492 	0.350000 	0.686477 	3.092733 	2.464878 	1.167262 	1.634205 	1.715007 	1.061249 	2.881406 	0.813941 	0.565685 	0.125000 	2.730613 	1.575794 	2.564785 	9.000000 	1.089151 	0.100000 	0.125000 	1.560649 	0.973717 	1.200521 	0.251247 	0.403113 	2.003902 	2.107872 	0.701783 	1.523155 	0.826514 	1.744456 	1.446764 	1.470544 	0.925338 	1.978952 	1.926947 	1.050000 	1.377044 	1.557241 	1.475847 	1.634396 	1.725724 	
0.660492 	1.206752 	1.621149 	1.615549 	0.427200 	0.951972 	0.550000 	2.140385 	1.464795 	0.237171 	0.859142 	0.901388 	0.212132 	1.889775 	0.325960 	0.553399 	1.107080 	1.724094 	0.536773 	1.539683 	1.089151 	9.000000 	1.005609 	0.985203 	0.477624 	0.125000 	0.111803 	0.870704 	0.742462 	0.915492 	1.020110 	0.571183 	0.475657 	0.534439 	0.673146 	0.467039 	0.491172 	0.550000 	0.901388 	0.867828 	0.588430 	0.672681 	0.755811 	0.760345 	0.806226 	0.956883 	
0.934077 	2.067003 	2.510105 	2.517191 	1.185854 	0.364006 	0.637377 	3.037268 	2.401172 	1.096586 	1.587648 	1.666208 	0.990581 	2.820018 	0.743303 	0.500000 	0.201556 	2.666693 	1.502706 	2.497624 	0.100000 	1.005609 	9.000000 	0.025000 	1.480076 	0.887764 	1.116356 	0.152069 	0.304138 	1.921100 	2.025617 	0.602080 	1.431782 	0.726722 	1.654728 	1.352082 	1.375682 	0.825379 	1.889775 	1.835245 	0.950000 	1.277204 	1.457738 	1.375909 	1.535008 	1.625769 	
0.927699 	2.053807 	2.496498 	2.503123 	1.171804 	0.371652 	0.626997 	3.023760 	2.385634 	1.079641 	1.576785 	1.654728 	0.973717 	2.805018 	0.726722 	0.485412 	0.223607 	2.651061 	1.484924 	2.481179 	0.125000 	0.985203 	0.025000 	9.000000 	1.460308 	0.866747 	1.095730 	0.127475 	0.279509 	1.900658 	2.005306 	0.577170 	1.409122 	0.701783 	1.632483 	1.328533 	1.352082 	0.800391 	1.867652 	1.812457 	0.925000 	1.252248 	1.432873 	1.350926 	1.510174 	1.600781 	
0.925000 	0.853302 	1.216552 	1.201301 	0.505594 	1.388569 	0.956883 	1.717010 	1.027740 	0.436606 	0.707990 	0.700446 	0.529741 	1.448491 	0.760345 	1.007782 	1.569236 	1.276959 	0.180278 	1.084551 	1.560649 	0.477624 	1.480076 	1.460308 	9.000000 	0.601041 	0.371652 	1.347683 	1.219887 	0.447214 	0.548862 	1.026219 	0.325000 	0.961769 	0.335410 	0.460977 	0.467039 	0.942404 	0.500625 	0.522015 	0.927699 	0.831038 	0.798827 	0.873212 	0.805062 	0.961769 	
0.656220 	1.322167 	1.741049 	1.736555 	0.505594 	0.859142 	0.485412 	2.261775 	1.588238 	0.325000 	0.951315 	1.000312 	0.261008 	2.013237 	0.261008 	0.456207 	0.998123 	1.848141 	0.660492 	1.664332 	0.973717 	0.125000 	0.887764 	0.866747 	0.601041 	9.000000 	0.230489 	0.750000 	0.618971 	1.035012 	1.140175 	0.450694 	0.564026 	0.425735 	0.775403 	0.525595 	0.550568 	0.456207 	1.007782 	0.965013 	0.515388 	0.660019 	0.771767 	0.755811 	0.831038 	0.972754 	
0.728869 	1.138530 	1.542117 	1.533786 	0.430116 	1.061249 	0.651920 	2.057000 	1.375909 	0.247487 	0.831038 	0.863134 	0.269258 	1.800347 	0.431567 	0.664266 	1.218862 	1.632483 	0.450694 	1.445035 	1.200521 	0.111803 	1.116356 	1.095730 	0.371652 	0.230489 	9.000000 	0.980115 	0.849264 	0.805062 	0.910014 	0.660492 	0.375832 	0.608790 	0.564026 	0.391312 	0.413824 	0.608276 	0.790569 	0.760345 	0.625500 	0.651920 	0.707990 	0.730154 	0.750000 	0.905883 	
0.880696 	1.969296 	2.409616 	2.414151 	1.085415 	0.410031 	0.564026 	2.936942 	2.290196 	0.980115 	1.504161 	1.578963 	0.875000 	2.711665 	0.630971 	0.403887 	0.333542 	2.555020 	1.380670 	2.381701 	0.251247 	0.870704 	0.152069 	0.127475 	1.347683 	0.750000 	0.980115 	9.000000 	0.152069 	1.785007 	1.890106 	0.450694 	1.285739 	0.575543 	1.510381 	1.202601 	1.226020 	0.675000 	1.745888 	1.688565 	0.800391 	1.126111 	1.305996 	1.225255 	1.383158 	1.475212 	
0.851469 	1.878829 	2.314763 	2.316517 	0.998123 	0.500000 	0.525595 	2.841215 	2.184176 	0.874643 	1.432000 	1.502082 	0.772172 	2.607681 	0.538516 	0.350000 	0.477624 	2.447703 	1.265158 	2.270050 	0.403113 	0.742462 	0.304138 	0.279509 	1.219887 	0.618971 	0.849264 	0.152069 	9.000000 	1.651704 	1.757306 	0.300000 	1.141271 	0.425000 	1.367708 	1.053862 	1.077033 	0.525595 	1.603512 	1.542928 	0.651920 	0.975320 	1.154340 	1.075000 	1.231361 	1.325000 	
1.340009 	0.805062 	1.019804 	0.986471 	0.908639 	1.835245 	1.402007 	1.451938 	0.778621 	0.877853 	0.933408 	0.883530 	0.975000 	1.156774 	1.207528 	1.454519 	2.015564 	0.980115 	0.502494 	0.778621 	2.003902 	0.915492 	1.921100 	1.900658 	0.447214 	1.035012 	0.805062 	1.785007 	1.651704 	9.000000 	0.106066 	1.432873 	0.570636 	1.350926 	0.364006 	0.715891 	0.705780 	1.310773 	0.246221 	0.364006 	1.265158 	1.068001 	0.958188 	1.068878 	0.926350 	1.051190 	
1.426753 	0.795692 	0.965013 	0.927699 	0.995301 	1.934716 	1.500208 	1.375000 	0.715891 	0.975000 	0.982344 	0.925000 	1.073837 	1.076162 	1.308864 	1.556639 	2.118077 	0.900347 	0.588430 	0.700000 	2.107872 	1.020110 	2.025617 	2.005306 	0.548862 	1.140175 	0.910014 	1.890106 	1.757306 	0.106066 	9.000000 	1.538871 	0.673146 	1.456451 	0.459619 	0.816241 	0.805062 	1.415318 	0.301040 	0.425735 	1.367708 	1.162164 	1.044330 	1.158123 	1.007782 	1.125278 	
0.919239 	1.772004 	2.191603 	2.186607 	0.928036 	0.761577 	0.617454 	2.711549 	2.034853 	0.764853 	1.378632 	1.435705 	0.679154 	2.459675 	0.509902 	0.460977 	0.776611 	2.292651 	1.107080 	2.105499 	0.701783 	0.571183 	0.602080 	0.577170 	1.026219 	0.450694 	0.660492 	0.450694 	0.300000 	1.432873 	1.538871 	9.000000 	0.890225 	0.125000 	1.120547 	0.784618 	0.806226 	0.226385 	1.355083 	1.282819 	0.353553 	0.675463 	0.855862 	0.775000 	0.933408 	1.025000 	
1.092016 	1.167262 	1.501874 	1.480287 	0.728869 	1.422146 	1.025305 	1.981161 	1.290591 	0.585235 	1.020110 	1.020416 	0.637377 	1.697793 	0.801561 	1.019804 	1.557442 	1.521923 	0.503115 	1.322167 	1.523155 	0.475657 	1.431782 	1.409122 	0.325000 	0.564026 	0.375832 	1.285739 	1.141271 	0.570636 	0.673146 	0.890225 	9.000000 	0.795692 	0.230489 	0.152069 	0.150000 	0.745822 	0.465027 	0.403887 	0.694622 	0.525595 	0.474342 	0.555090 	0.480885 	0.638847 	
0.973717 	1.740869 	2.150581 	2.142574 	0.926350 	0.877853 	0.691466 	2.665638 	1.982738 	0.750417 	1.375227 	1.425877 	0.676849 	2.406372 	0.548293 	0.550568 	0.901388 	2.236767 	1.059481 	2.046033 	0.826514 	0.534439 	0.726722 	0.701783 	0.961769 	0.425735 	0.608790 	0.575543 	0.425000 	1.350926 	1.456451 	0.125000 	0.795692 	9.000000 	1.025914 	0.680074 	0.700446 	0.103078 	1.258223 	1.180042 	0.230489 	0.550568 	0.731864 	0.650000 	0.809707 	0.900000 	
1.234150 	1.068001 	1.353699 	1.325943 	0.831038 	1.625000 	1.212693 	1.808487 	1.125278 	0.726722 	1.027740 	1.007782 	0.800391 	1.516781 	0.995301 	1.226020 	1.773415 	1.340009 	0.500000 	1.138530 	1.744456 	0.673146 	1.654728 	1.632483 	0.335410 	0.775403 	0.564026 	1.510381 	1.367708 	0.364006 	0.459619 	1.120547 	0.230489 	1.025914 	9.000000 	0.360555 	0.347311 	0.973717 	0.235850 	0.200000 	0.915492 	0.704006 	0.600521 	0.707107 	0.577170 	0.715891 	
