Total assets = 571
Number of asset nodes = 33

Distance:
999.000000 	14.764823 	5.000000 	5.099020 	26.400757 	13.601471 	40.804413 	12.806249 	53.535034 	80.721741 	48.764740 	34.481880 	14.866069 	85.146935 	64.007812 	27.658634 	33.301651 	10.049875 	17.262676 	2.000000 	106.887794 	14.866069 	21.023796 	56.859474 	34.713108 	88.238312 	36.221542 	93.236259 	101.980392 	21.213203 	77.524193 	58.189346 	25.000000 	41.109608 	31.906113 	24.331051 	24.698177 	39.824615 	107.056061 	24.738634 	49.254440 	82.764725 	33.105892 	89.185204 	30.000000 	40.311287 	34.205261 	100.169853 	34.828148 	61.400326 	60.207973 	37.735924 	100.498756 	
14.764823 	999.000000 	10.440307 	18.973665 	41.146080 	2.236068 	26.476404 	3.162278 	68.264191 	95.131485 	63.529522 	49.040798 	10.630146 	99.639351 	78.771820 	19.104973 	47.423622 	8.544003 	5.656854 	15.811388 	120.917328 	19.313208 	12.649111 	71.589104 	20.615528 	102.800781 	50.219517 	107.800743 	116.387283 	29.120440 	92.282173 	72.801102 	18.027756 	54.918121 	20.396078 	19.235384 	34.525352 	26.832815 	121.511314 	25.495098 	63.150612 	97.529480 	43.566040 	103.942291 	38.600517 	30.149628 	42.379242 	114.908661 	42.720020 	75.312683 	73.979729 	46.840153 	115.247559 	
5.000000 	10.440307 	999.000000 	8.544003 	30.886890 	8.944272 	36.878178 	8.062258 	58.249462 	85.632935 	53.338543 	38.626415 	10.198039 	90.027771 	68.600288 	26.000000 	38.288380 	8.602325 	14.035668 	6.708204 	111.865990 	12.806249 	16.155495 	61.269894 	29.832869 	93.085983 	39.812057 	98.081596 	106.887794 	21.095022 	82.152298 	62.393909 	20.396078 	44.553337 	26.925823 	20.024984 	25.632011 	34.828148 	111.946419 	21.931713 	52.773098 	87.321243 	34.481880 	93.813644 	30.413813 	35.468296 	34.481880 	104.847511 	34.985710 	64.938431 	63.639610 	38.483765 	105.152267 	
5.099020 	18.973665 	8.544003 	999.000000 	22.472204 	17.464249 	45.354160 	16.552946 	50.000000 	77.781746 	44.944408 	30.083218 	16.401220 	82.073135 	60.207973 	32.756680 	31.064449 	15.132746 	22.090721 	5.830952 	104.350372 	13.000000 	22.803509 	52.773098 	38.013157 	85.041168 	31.400637 	90.027771 	99.005051 	17.204651 	73.783470 	53.851646 	25.942244 	36.221542 	34.058773 	24.698177 	20.000000 	42.426407 	104.004807 	23.021729 	44.407207 	78.892334 	28.178005 	85.440041 	25.495098 	41.677334 	29.732138 	96.519424 	30.413813 	56.568542 	55.326305 	33.015148 	96.798759 	
26.400757 	41.146080 	30.886890 	22.472204 	999.000000 	39.824615 	67.067131 	38.948685 	27.658634 	56.080299 	22.472204 	9.055386 	38.288380 	60.141499 	37.735924 	51.244511 	14.142136 	35.440090 	43.324360 	25.632011 	83.234612 	31.400637 	44.598206 	30.463093 	60.464867 	62.936478 	13.892444 	67.896980 	77.155685 	27.513634 	51.312767 	32.015621 	46.754681 	18.788294 	55.901699 	44.821869 	24.186773 	64.536812 	82.036575 	39.357338 	25.709921 	56.435802 	25.709921 	62.968246 	29.000000 	62.481998 	32.140316 	74.060783 	33.136082 	37.215588 	36.496574 	32.015621 	74.330345 	
13.601471 	2.236068 	8.944272 	17.464249 	39.824615 	999.000000 	28.284271 	1.000000 	67.119293 	94.260277 	62.265560 	47.539455 	8.485281 	98.716766 	77.524193 	21.260292 	46.669048 	9.055386 	7.810250 	14.866069 	120.241425 	17.088007 	11.180340 	70.213959 	21.213203 	101.828285 	48.507732 	106.826965 	115.520561 	26.925823 	91.065910 	71.309189 	16.492422 	53.150730 	19.924858 	17.464249 	32.388271 	26.925823 	120.615089 	23.345236 	61.392181 	96.254868 	41.436699 	102.727798 	36.400551 	29.427877 	40.162170 	113.740936 	40.496914 	73.545906 	72.180328 	44.643028 	114.057007 	
40.804413 	26.476404 	36.878178 	45.354160 	67.067131 	28.284271 	999.000000 	29.274563 	93.471924 	118.983192 	89.157166 	75.286118 	34.058773 	123.713379 	104.278473 	21.633308 	71.344238 	31.780497 	23.769728 	41.436699 	143.533966 	44.045429 	30.805843 	97.498718 	17.029387 	127.094452 	76.687675 	132.075729 	140.089264 	54.083271 	117.630775 	98.979797 	34.176014 	81.394104 	26.627054 	37.000000 	60.008331 	23.600847 	145.340973 	46.572525 	89.627007 	123.065025 	69.028976 	129.247818 	63.285069 	33.970577 	66.610809 	140.003571 	66.753281 	101.788994 	100.448990 	71.449280 	140.431473 	
12.806249 	3.162278 	8.062258 	16.552946 	38.948685 	1.000000 	29.274563 	999.000000 	66.287254 	93.509361 	61.400326 	46.615448 	7.810250 	97.948967 	76.661591 	22.022715 	45.967381 	9.000000 	8.602325 	14.142136 	119.553337 	16.155495 	11.045361 	69.318108 	21.931713 	101.044548 	47.539455 	106.042442 	114.769333 	25.961510 	90.210861 	70.384659 	16.278820 	52.172791 	20.248457 	17.088007 	31.400637 	27.459061 	119.854080 	22.627417 	60.415230 	95.383438 	40.447498 	101.872467 	35.440090 	29.614185 	39.217342 	112.898186 	39.560081 	72.567207 	71.196907 	43.680660 	113.207771 	
53.535034 	68.264191 	58.249462 	50.000000 	27.658634 	67.119293 	93.471924 	66.287254 	999.000000 	29.154760 	6.324555 	22.472204 	65.946945 	32.802441 	11.180340 	75.584389 	23.345236 	61.717098 	69.771057 	52.478565 	56.824291 	58.728188 	72.249565 	9.219544 	88.005684 	35.383614 	26.570660 	40.311287 	49.819675 	53.254108 	24.166092 	14.142136 	74.249580 	26.305893 	83.546394 	72.180328 	48.373547 	92.195442 	54.561890 	65.802734 	24.331051 	29.732138 	45.541191 	35.777088 	51.478149 	89.872131 	53.141319 	46.647614 	54.083271 	27.202942 	28.301943 	50.695168 	47.010635 	
80.721741 	95.131485 	85.632935 	77.781746 	56.080299 	94.260277 	118.983192 	93.509361 	29.154760 	999.000000 	35.355339 	51.623638 	94.069122 	5.099020 	23.345236 	99.362968 	47.801674 	87.800911 	95.801880 	79.397736 	27.730848 	87.458565 	100.448990 	32.015621 	115.433968 	9.055386 	55.461697 	13.601471 	21.260292 	82.377182 	16.552946 	35.355339 	102.825096 	54.424259 	111.758667 	100.895988 	77.524193 	120.208153 	26.400757 	94.868332 	50.219517 	19.849434 	74.323616 	19.235384 	80.498444 	118.562218 	81.939003 	25.019993 	82.855293 	47.010635 	49.000000 	79.120163 	26.076809 	
48.764740 	63.529522 	53.338543 	44.944408 	22.472204 	62.265560 	89.157166 	61.400326 	6.324555 	35.355339 	999.000000 	16.401220 	60.605282 	38.832977 	15.264338 	72.034714 	21.095022 	57.384666 	65.391129 	47.853943 	63.063461 	53.037724 	66.843102 	9.000000 	82.927681 	41.231056 	20.248457 	46.097721 	55.803226 	47.201694 	28.844410 	12.649111 	68.622154 	20.099751 	78.102493 	66.468040 	42.190044 	86.833176 	60.440052 	59.816387 	18.973665 	34.000000 	39.217342 	40.496914 	45.188496 	84.148682 	46.818798 	51.613953 	47.759815 	24.083189 	24.758837 	44.384682 	51.865211 	
34.481880 	49.040798 	38.626415 	30.083218 	9.055386 	47.539455 	75.286118 	46.615448 	22.472204 	51.623638 	16.401220 	999.000000 	44.944408 	55.217751 	31.144823 	60.133186 	18.601076 	43.931767 	51.662365 	33.955853 	79.259071 	36.878178 	51.039200 	23.021729 	67.601776 	57.628117 	6.708204 	62.481998 	72.201111 	30.805843 	44.687805 	23.769728 	52.497620 	10.630146 	62.201286 	50.249378 	25.942244 	71.028160 	76.837494 	43.416588 	16.763054 	49.406479 	24.186773 	56.222771 	29.410883 	67.896980 	31.575306 	67.475922 	32.557640 	28.160255 	27.459061 	30.016663 	67.623962 	
14.866069 	10.630146 	10.198039 	16.401220 	38.288380 	8.485281 	34.058773 	7.810250 	65.946945 	94.069122 	60.605282 	44.944408 	999.000000 	98.290382 	75.802376 	29.732138 	47.434166 	15.811388 	16.278820 	16.763054 	120.739388 	10.000000 	6.403124 	67.955872 	22.847319 	101.178062 	44.777225 	106.150833 	115.260574 	20.024984 	89.403580 	68.476273 	10.198039 	49.040798 	17.691807 	10.049875 	26.019224 	26.248810 	120.216469 	14.866069 	57.245087 	94.302704 	35.000000 	101.019798 	29.274563 	25.495098 	32.756680 	112.200714 	32.984844 	69.260376 	67.720009 	37.483330 	112.414413 	
85.146935 	99.639351 	90.027771 	82.073135 	60.141499 	98.716766 	123.713379 	97.948967 	32.802441 	5.099020 	38.832977 	55.217751 	98.290382 	999.000000 	25.632011 	104.235313 	52.430908 	92.417534 	100.439034 	83.868942 	25.000000 	91.438507 	104.651802 	34.539833 	119.854080 	4.000000 	58.668560 	8.544003 	17.029387 	86.023254 	16.124516 	37.363083 	106.887794 	57.271286 	115.965515 	104.890419 	80.993828 	124.482933 	21.931713 	98.600204 	52.497620 	17.888544 	77.369247 	15.620500 	83.725746 	122.576508 	84.970581 	20.099751 	85.866173 	48.166378 	50.249378 	81.939003 	21.213203 	
64.007812 	78.771820 	68.600288 	60.207973 	37.735924 	77.524193 	104.278473 	76.661591 	11.180340 	23.345236 	15.264338 	31.144823 	75.802376 	25.632011 	999.000000 	86.683334 	34.525352 	72.498276 	80.529495 	63.063461 	50.596443 	68.014702 	82.006096 	8.944272 	98.183502 	27.294687 	33.600594 	31.906113 	42.059483 	61.619801 	13.601471 	12.041595 	83.630135 	31.764761 	93.236259 	81.394104 	56.222771 	102.004898 	46.324940 	74.330345 	26.925823 	18.788294 	51.971146 	25.238859 	58.523499 	99.035347 	59.539902 	36.400551 	60.415230 	24.515301 	26.305893 	56.364883 	36.619667 	
27.658634 	19.104973 	26.000000 	32.756680 	51.244511 	21.260292 	21.633308 	22.022715 	75.584389 	99.362968 	72.034714 	60.133186 	29.732138 	104.235313 	86.683334 	999.000000 	52.554733 	17.720045 	13.453624 	27.294687 	123.004066 	37.735924 	30.805843 	80.808418 	29.017237 	107.782188 	63.031738 	112.712021 	120.220627 	46.957428 	99.624290 	83.024094 	36.055511 	68.066147 	34.481880 	37.802116 	51.623638 	37.054016 	125.538841 	44.598206 	76.006577 	105.304321 	60.406952 	111.072052 	56.364883 	44.384682 	60.373837 	121.461929 	60.827625 	88.005684 	87.005745 	64.474800 	122.004097 	
33.301651 	47.423622 	38.288380 	31.064449 	14.142136 	46.669048 	71.344238 	45.967381 	23.345236 	47.801674 	21.095022 	18.601076 	47.434166 	52.430908 	34.525352 	52.554733 	999.000000 	40.000000 	48.010414 	31.827662 	73.593475 	42.544094 	53.823788 	30.066593 	67.882248 	55.758408 	25.238859 	60.745369 	69.028976 	40.607880 	47.127487 	33.541019 	56.938564 	29.068884 	65.000000 	55.470715 	38.013157 	73.109505 	74.202423 	51.546097 	33.600594 	52.886673 	39.812057 	58.523499 	43.046486 	72.718636 	46.270943 	68.942001 	47.265209 	42.953465 	42.941822 	46.097721 	69.462219 	
10.049875 	8.544003 	8.602325 	15.132746 	35.440090 	9.055386 	31.780497 	9.000000 	61.717098 	87.800911 	57.384666 	43.931767 	15.811388 	92.417534 	72.498276 	17.720045 	40.000000 	999.000000 	8.062258 	10.049875 	113.172432 	21.213203 	20.024984 	65.787537 	28.844410 	95.692215 	46.097721 	100.687637 	109.018349 	29.681644 	85.866173 	67.446274 	25.179358 	51.039200 	28.861740 	25.709921 	34.014702 	35.341194 	114.201576 	29.681644 	59.135437 	91.285271 	42.720020 	97.493591 	38.948685 	38.470768 	43.046486 	108.300507 	43.566040 	71.253067 	70.114189 	46.957428 	108.706024 	
17.262676 	5.656854 	14.035668 	22.090721 	43.324360 	7.810250 	23.769728 	8.602325 	69.771057 	95.801880 	65.391129 	51.662365 	16.278820 	100.439034 	80.529495 	13.453624 	48.010414 	8.062258 	999.000000 	17.720045 	121.016525 	24.596748 	17.888544 	73.736015 	21.931713 	103.730423 	53.460266 	108.724419 	117.004272 	34.176014 	93.914856 	75.286118 	23.259407 	58.309521 	24.000000 	24.698177 	39.293766 	29.120440 	122.200653 	31.144823 	66.483078 	99.317673 	48.270073 	105.546196 	43.657761 	34.014702 	47.539455 	116.361504 	47.927029 	78.638412 	77.414467 	51.865211 	116.764717 	
2.000000 	15.811388 	6.708204 	5.830952 	25.632011 	14.866069 	41.436699 	14.142136 	52.478565 	79.397736 	47.853943 	33.955853 	16.763054 	83.868942 	63.063461 	27.294687 	31.827662 	10.049875 	17.720045 	999.000000 	105.418213 	16.763054 	22.847319 	56.080299 	36.069378 	87.005745 	36.055511 	92.005432 	100.657837 	22.671568 	76.537575 	57.567352 	26.925823 	41.012192 	33.615471 	26.305893 	25.806976 	41.400482 	105.759163 	26.683329 	49.091751 	81.841309 	34.000000 	88.192970 	31.240999 	42.154476 	35.468296 	99.126183 	36.124783 	61.204575 	60.074955 	38.832977 	99.478638 	
106.887794 	120.917328 	111.865990 	104.350372 	83.234612 	120.241425 	143.533966 	119.553337 	56.824291 	27.730848 	63.063461 	79.259071 	120.739388 	25.000000 	50.596443 	123.004066 	73.593475 	113.172432 	121.016525 	105.418213 	999.000000 	114.621117 	127.141655 	59.464275 	141.449631 	24.186773 	83.192551 	21.023796 	11.704700 	109.931801 	40.311287 	62.361847 	129.807556 	82.079231 	138.408813 	128.003906 	105.190300 	146.659470 	12.727922 	122.331520 	77.491936 	40.012497 	102.044106 	34.365681 	108.226616 	145.602203 	109.658562 	29.068884 	110.571243 	72.835434 	74.966660 	106.775467 	30.413813 	
14.866069 	19.313208 	12.806249 	13.000000 	31.400637 	17.088007 	44.045429 	16.155495 	58.728188 	87.458565 	53.037724 	36.878178 	10.000000 	91.438507 	68.014702 	37.735924 	42.544094 	21.213203 	24.596748 	16.763054 	114.621117 	999.000000 	14.866069 	59.816387 	32.280025 	94.111633 	35.846897 	99.035347 	108.466583 	10.049875 	81.565926 	59.908264 	15.620500 	39.812057 	25.553865 	13.453624 	16.031219 	34.481880 	113.278419 	10.049875 	47.927029 	86.214851 	25.000000 	93.085983 	19.416489 	31.144823 	23.086792 	104.350372 	23.409399 	59.808025 	58.189346 	27.658634 	104.484451 	
21.023796 	12.649111 	16.155495 	22.803509 	44.598206 	11.180340 	30.805843 	11.045361 	72.249565 	100.448990 	66.843102 	51.039200 	6.403124 	104.651802 	82.006096 	30.805843 	53.823788 	20.024984 	17.888544 	22.847319 	127.141655 	14.866069 	999.000000 	74.060783 	17.464249 	107.517441 	50.537113 	112.485558 	121.630585 	24.331051 	95.603348 	74.431175 	5.385165 	54.625999 	11.313708 	7.071068 	30.594116 	20.000000 	126.574089 	15.811388 	62.769421 	100.439034 	39.319206 	107.200745 	33.015148 	19.313208 	36.055511 	118.406082 	36.124783 	74.672615 	73.054771 	41.012192 	118.600166 	
56.859474 	71.589104 	61.269894 	52.773098 	30.463093 	70.213959 	97.498718 	69.318108 	9.219544 	32.015621 	9.000000 	23.021729 	67.955872 	34.539833 	8.944272 	80.808418 	30.066593 	65.787537 	73.736015 	56.080299 	59.464275 	59.816387 	74.060783 	999.000000 	90.553848 	36.235340 	24.839485 	40.816662 	51.000000 	53.037724 	21.931713 	5.000000 	75.432091 	22.825424 	85.211502 	73.109505 	47.507893 	94.047859 	55.226807 	65.764732 	18.248287 	26.400757 	43.046486 	33.301651 	49.648766 	90.686272 	50.606323 	44.598206 	51.478149 	18.357559 	19.697716 	47.423622 	44.687805 	
34.713108 	20.615528 	29.832869 	38.013157 	60.464867 	21.213203 	17.029387 	21.931713 	88.005684 	115.433968 	82.927681 	67.601776 	22.847319 	119.854080 	98.183502 	29.017237 	67.882248 	28.844410 	21.931713 	36.069378 	141.449631 	32.280025 	17.464249 	90.553848 	999.000000 	122.918671 	67.623962 	127.914032 	136.693085 	41.773197 	111.772087 	91.241440 	19.026299 	71.867935 	9.848858 	22.022715 	48.052055 	8.062258 	141.767410 	32.015621 	80.056229 	116.811813 	56.718605 	123.422043 	50.249378 	17.204651 	53.037724 	134.525085 	53.009434 	92.027168 	90.443352 	58.077534 	134.792435 	
88.238312 	102.800781 	93.085983 	85.041168 	62.936478 	101.828285 	127.094452 	101.044548 	35.383614 	9.055386 	41.231056 	57.628117 	101.178062 	4.000000 	27.294687 	107.782188 	55.758408 	95.692215 	103.730423 	87.005745 	24.186773 	94.111633 	107.517441 	36.235340 	122.918671 	999.000000 	60.745369 	5.000000 	14.764823 	88.408142 	16.124516 	38.626415 	109.622078 	59.059292 	118.827606 	107.563934 	83.234612 	127.404869 	19.209373 	101.044548 	53.851646 	16.492422 	79.259071 	12.806249 	85.755463 	125.255737 	86.833176 	16.124516 	87.709747 	48.662102 	50.803543 	83.630135 	17.262676 	
36.221542 	50.219517 	39.812057 	31.400637 	13.892444 	48.507732 	76.687675 	47.539455 	26.570660 	55.461697 	20.248457 	6.708204 	44.777225 	58.668560 	33.600594 	63.031738 	25.238859 	46.097721 	53.460266 	36.055511 	83.192551 	35.846897 	50.537113 	24.839485 	67.623962 	60.745369 	999.000000 	65.459915 	75.471848 	28.319605 	46.754681 	24.207438 	51.312767 	5.099020 	61.400326 	48.826221 	22.671568 	70.327805 	79.881165 	41.036568 	13.038404 	50.931328 	18.973665 	57.982758 	25.059929 	66.219330 	26.570660 	69.296463 	27.513634 	25.179358 	24.020824 	24.331051 	69.310890 	
93.236259 	107.800743 	98.081596 	90.027771 	67.896980 	106.826965 	132.075729 	106.042442 	40.311287 	13.601471 	46.097721 	62.481998 	106.150833 	8.544003 	31.906113 	112.712021 	60.745369 	100.687637 	108.724419 	92.005432 	21.023796 	99.035347 	112.485558 	40.816662 	127.914032 	5.000000 	65.459915 	999.000000 	10.440307 	93.236259 	19.924858 	42.953465 	114.560028 	63.631752 	123.794182 	112.485558 	88.005684 	132.382019 	14.422205 	105.891457 	58.180752 	19.000000 	83.862984 	13.601471 	90.426765 	130.176804 	91.416626 	13.000000 	92.282173 	52.392746 	54.571056 	88.119240 	14.317822 	
101.980392 	116.387283 	106.887794 	99.005051 	77.155685 	115.520561 	140.089264 	114.769333 	49.819675 	21.260292 	55.803226 	72.201111 	115.260574 	17.029387 	42.059483 	120.220627 	69.028976 	109.018349 	117.004272 	100.657837 	11.704700 	108.466583 	121.630585 	51.000000 	136.693085 	14.764823 	75.471848 	10.440307 	999.000000 	103.004852 	30.364452 	53.310413 	123.907227 	73.824112 	132.943604 	121.918007 	97.908119 	141.428421 	5.385165 	115.602768 	68.541962 	29.154760 	94.021271 	23.021729 	100.498756 	139.603012 	101.597244 	17.492855 	102.474388 	62.817196 	65.000000 	98.386993 	18.867962 	
21.213203 	29.120440 	21.095022 	17.204651 	27.513634 	26.925823 	54.083271 	25.961510 	53.254108 	82.377182 	47.201694 	30.805843 	20.024984 	86.023254 	61.619801 	46.957428 	40.607880 	29.681644 	34.176014 	22.671568 	109.931801 	10.049875 	24.331051 	53.037724 	41.773197 	88.408142 	28.319605 	93.236259 	103.004852 	999.000000 	74.966660 	52.497620 	23.769728 	31.622776 	34.176014 	21.023796 	6.324555 	43.081318 	107.615051 	12.727922 	39.446167 	79.246452 	15.033297 	86.278618 	9.486833 	38.013157 	13.416408 	97.590981 	13.892444 	50.990196 	49.244289 	17.720045 	97.621719 	
77.524193 	92.282173 	82.152298 	73.783470 	51.312767 	91.065910 	117.630775 	90.210861 	24.166092 	16.552946 	28.844410 	44.687805 	89.403580 	16.124516 	13.601471 	99.624290 	47.127487 	85.866173 	93.914856 	76.537575 	40.311287 	81.565926 	95.603348 	21.931713 	111.772087 	16.124516 	46.754681 	19.924858 	30.364452 	74.966660 	999.000000 	23.323807 	97.185387 	44.407207 	106.826965 	94.921021 	69.426216 	115.602768 	34.014702 	87.692642 	38.470768 	6.000000 	64.637451 	11.661903 	71.400284 	112.538879 	72.111023 	22.803509 	72.945183 	32.557640 	34.713108 	68.600288 	23.021729 	
58.189346 	72.801102 	62.393909 	53.851646 	32.015621 	71.309189 	98.979797 	70.384659 	14.142136 	35.355339 	12.649111 	23.769728 	68.476273 	37.363083 	12.041595 	83.024094 	33.541019 	67.446274 	75.286118 	57.567352 	62.361847 	59.908264 	74.431175 	5.000000 	91.241440 	38.626415 	24.207438 	42.953465 	53.310413 	52.497620 	23.323807 	999.000000 	75.451973 	21.260292 	85.440041 	73.006851 	46.690472 	94.339813 	57.245087 	65.192024 	15.231546 	26.907248 	41.400482 	34.058773 	48.270073 	90.426765 	48.826221 	45.343136 	49.648766 	13.416408 	14.866069 	45.276924 	45.276924 	
25.000000 	18.027756 	20.396078 	25.942244 	46.754681 	16.492422 	34.176014 	16.278820 	74.249580 	102.825096 	68.622154 	52.497620 	10.198039 	106.887794 	83.630135 	36.055511 	56.938564 	25.179358 	23.259407 	26.925823 	129.807556 	15.620500 	5.385165 	75.432091 	19.026299 	109.622078 	51.312767 	114.560028 	123.907227 	23.769728 	97.185387 	75.451973 	999.000000 	55.072678 	10.440307 	3.000000 	30.083218 	19.313208 	128.763351 	13.000000 	63.063461 	101.828285 	38.327538 	108.706024 	31.575306 	15.811388 	34.132095 	119.970833 	34.058773 	74.732857 	73.006851 	39.204590 	120.104118 	
41.109608 	54.918121 	44.553337 	36.221542 	18.788294 	53.150730 	81.394104 	52.172791 	26.305893 	54.424259 	20.099751 	10.630146 	49.040798 	57.271286 	31.764761 	68.066147 	29.068884 	51.039200 	58.309521 	41.012192 	82.079231 	39.812057 	54.625999 	22.825424 	71.867935 	59.059292 	5.099020 	63.631752 	73.824112 	31.622776 	44.407207 	21.260292 	55.072678 	999.000000 	65.299309 	52.478565 	25.612497 	74.242844 	78.032043 	44.204071 	8.246211 	48.166378 	20.248457 	55.317268 	27.018513 	69.634758 	27.784887 	66.603302 	28.653097 	20.396078 	19.104973 	24.698177 	66.528191 	
31.906113 	20.396078 	26.925823 	34.058773 	55.901699 	19.924858 	26.627054 	20.248457 	83.546394 	111.758667 	78.102493 	62.201286 	17.691807 	115.965515 	93.236259 	34.481880 	65.000000 	28.861740 	24.000000 	33.615471 	138.408813 	25.553865 	11.313708 	85.211502 	9.848858 	118.827606 	61.400326 	123.794182 	132.943604 	34.176014 	106.826965 	85.440041 	10.440307 	65.299309 	999.000000 	13.341664 	40.496914 	8.944272 	137.887634 	23.194826 	73.348480 	111.606453 	48.764740 	118.406082 	41.976185 	10.049875 	44.407207 	129.630249 	44.283180 	85.088188 	83.384651 	49.497475 	129.807556 	
24.331051 	19.235384 	20.024984 	24.698177 	44.821869 	17.464249 	37.000000 	17.088007 	72.180328 	100.895988 	66.468040 	50.249378 	10.049875 	104.890419 	81.394104 	37.802116 	55.470715 	25.709921 	24.698177 	26.305893 	128.003906 	13.453624 	7.071068 	73.109505 	22.022715 	107.563934 	48.826221 	112.485558 	121.918007 	21.023796 	94.921021 	73.006851 	3.000000 	52.478565 	13.341664 	999.000000 	27.313000 	22.135944 	126.732002 	10.000000 	60.415230 	99.488693 	35.440090 	106.404884 	28.635643 	17.691807 	31.144823 	117.686020 	31.064449 	72.013885 	70.263786 	36.221542 	117.796432 	
24.698177 	34.525352 	25.632011 	20.000000 	24.186773 	32.388271 	60.008331 	31.400637 	48.373547 	77.524193 	42.190044 	25.942244 	26.019224 	80.993828 	56.222771 	51.623638 	38.013157 	34.014702 	39.293766 	25.806976 	105.190300 	16.031219 	30.594116 	47.507893 	48.052055 	83.234612 	22.671568 	88.005684 	97.908119 	6.324555 	69.426216 	46.690472 	30.083218 	25.612497 	40.496914 	27.313000 	999.000000 	49.396355 	102.415817 	18.601076 	33.286633 	73.539108 	9.055386 	80.622574 	5.830952 	44.102154 	10.000000 	91.934761 	10.816654 	44.721359 	42.953465 	13.038404 	91.923882 	
39.824615 	26.832815 	34.828148 	42.426407 	64.536812 	26.925823 	23.600847 	27.459061 	92.195442 	120.208153 	86.833176 	71.028160 	26.248810 	124.482933 	102.004898 	37.054016 	73.109505 	35.341194 	29.120440 	41.400482 	146.659470 	34.481880 	20.000000 	94.047859 	8.062258 	127.404869 	70.327805 	132.382019 	141.428421 	43.081318 	115.602768 	94.339813 	19.313208 	74.242844 	8.944272 	22.135944 	49.396355 	999.000000 	146.413803 	31.780497 	82.292160 	120.432556 	57.567352 	127.200630 	50.695168 	10.816654 	52.952808 	138.405197 	52.773098 	94.021271 	92.309265 	58.051701 	138.600143 	
107.056061 	121.511314 	111.946419 	104.004807 	82.036575 	120.615089 	145.340973 	119.854080 	54.561890 	26.400757 	60.440052 	76.837494 	120.216469 	21.931713 	46.324940 	125.538841 	74.202423 	114.201576 	122.200653 	105.759163 	12.727922 	113.278419 	126.574089 	55.226807 	141.767410 	19.209373 	79.881165 	14.422205 	5.385165 	107.615051 	34.014702 	57.245087 	128.763351 	78.032043 	137.887634 	126.732002 	102.415817 	146.413803 	999.000000 	120.253899 	72.449982 	32.015621 	98.270035 	25.317978 	104.847511 	144.422989 	105.815880 	17.464249 	106.677086 	66.098412 	68.308128 	102.474388 	18.681541 	
24.738634 	25.495098 	21.931713 	23.021729 	39.357338 	23.345236 	46.572525 	22.627417 	65.802734 	94.868332 	59.816387 	43.416588 	14.866069 	98.600204 	74.330345 	44.598206 	51.546097 	29.681644 	31.144823 	26.683329 	122.331520 	10.049875 	15.811388 	65.764732 	32.015621 	101.044548 	41.036568 	105.891457 	115.602768 	12.727922 	87.692642 	65.192024 	13.000000 	44.204071 	23.194826 	10.000000 	18.601076 	31.780497 	120.253899 	999.000000 	51.865211 	91.967384 	26.000000 	99.005051 	18.973665 	25.553865 	21.213203 	110.317726 	21.095022 	63.134777 	61.294373 	26.305893 	110.344917 	
49.254440 	63.150612 	52.773098 	44.407207 	25.709921 	61.392181 	89.627007 	60.415230 	24.331051 	50.219517 	18.973665 	16.763054 	57.245087 	52.497620 	26.925823 	76.006577 	33.600594 	59.135437 	66.483078 	49.091751 	77.491936 	47.927029 	62.769421 	18.248287 	80.056229 	53.851646 	13.038404 	58.180752 	68.541962 	39.446167 	38.470768 	15.231546 	63.063461 	8.246211 	73.348480 	60.415230 	33.286633 	82.292160 	72.449982 	51.865211 	999.000000 	41.617306 	26.870058 	48.826221 	33.970577 	77.388626 	34.058773 	60.000000 	34.828148 	12.165525 	11.000000 	30.232433 	59.816387 	
82.764725 	97.529480 	87.321243 	78.892334 	56.435802 	96.254868 	123.065025 	95.383438 	29.732138 	19.849434 	34.000000 	49.406479 	94.302704 	17.888544 	18.788294 	105.304321 	52.886673 	91.285271 	99.317673 	81.841309 	40.012497 	86.214851 	100.439034 	26.400757 	116.811813 	16.492422 	50.931328 	19.000000 	29.154760 	79.246452 	6.000000 	26.907248 	101.828285 	48.166378 	111.606453 	99.488693 	73.539108 	120.432556 	32.015621 	91.967384 	41.617306 	999.000000 	68.249542 	7.211102 	75.166481 	117.034180 	75.604233 	18.439089 	76.400261 	34.176014 	36.400551 	71.847061 	18.384777 	
33.105892 	43.566040 	34.481880 	28.178005 	25.709921 	41.436699 	69.028976 	40.447498 	45.541191 	74.323616 	39.217342 	24.186773 	35.000000 	77.369247 	51.971146 	60.406952 	39.812057 	42.720020 	48.270073 	34.000000 	102.044106 	25.000000 	39.319206 	43.046486 	56.718605 	79.259071 	18.973665 	83.862984 	94.021271 	15.033297 	64.637451 	41.400482 	38.327538 	20.248457 	48.764740 	35.440090 	9.055386 	57.567352 	98.270035 	26.000000 	26.870058 	68.249542 	999.000000 	75.432091 	7.211102 	51.429562 	7.615773 	86.683334 	8.544003 	37.443291 	35.510563 	6.324555 	86.556343 	
89.185204 	103.942291 	93.813644 	85.440041 	62.968246 	102.727798 	129.247818 	101.872467 	35.777088 	19.235384 	40.496914 	56.222771 	101.019798 	15.620500 	25.238859 	111.072052 	58.523499 	97.493591 	105.546196 	88.192970 	34.365681 	93.085983 	107.200745 	33.301651 	123.422043 	12.806249 	57.982758 	13.601471 	23.021729 	86.278618 	11.661903 	34.058773 	108.706024 	55.317268 	118.406082 	106.404884 	80.622574 	127.200630 	25.317978 	99.005051 	48.826221 	7.211102 	75.432091 	999.000000 	82.328613 	123.987900 	82.800964 	11.313708 	83.600243 	41.231056 	43.462627 	79.056938 	11.401754 	
30.000000 	38.600517 	30.413813 	25.495098 	29.000000 	36.400551 	63.285069 	35.440090 	51.478149 	80.498444 	45.188496 	29.410883 	29.274563 	83.725746 	58.523499 	56.364883 	43.046486 	38.948685 	43.657761 	31.240999 	108.226616 	19.416489 	33.015148 	49.648766 	50.249378 	85.755463 	25.059929 	90.426765 	100.498756 	9.486833 	71.400284 	48.270073 	31.575306 	27.018513 	41.976185 	28.635643 	5.830952 	50.695168 	104.847511 	18.973665 	33.970577 	75.166481 	7.211102 	82.328613 	999.000000 	44.283180 	4.242640 	93.605553 	5.000000 	44.654228 	42.720020 	8.246211 	93.509361 	
40.311287 	30.149628 	35.468296 	41.677334 	62.481998 	29.427877 	33.970577 	29.614185 	89.872131 	118.562218 	84.148682 	67.896980 	25.495098 	122.576508 	99.035347 	44.384682 	72.718636 	38.470768 	34.014702 	42.154476 	145.602203 	31.144823 	19.313208 	90.686272 	17.204651 	125.255737 	66.219330 	130.176804 	139.603012 	38.013157 	112.538879 	90.426765 	15.811388 	69.634758 	10.049875 	17.691807 	44.102154 	10.816654 	144.422989 	25.553865 	77.388626 	117.034180 	51.429562 	123.987900 	44.283180 	999.000000 	45.880280 	135.281189 	45.541191 	88.684837 	86.833176 	50.921509 	135.369858 	
34.205261 	42.379242 	34.481880 	29.732138 	32.140316 	40.162170 	66.610809 	39.217342 	53.141319 	81.939003 	46.818798 	31.575306 	32.756680 	84.970581 	59.539902 	60.373837 	46.270943 	43.046486 	47.539455 	35.468296 	109.658562 	23.086792 	36.055511 	50.606323 	53.037724 	86.833176 	26.570660 	91.416626 	101.597244 	13.416408 	72.111023 	48.826221 	34.132095 	27.784887 	44.407207 	31.144823 	10.000000 	52.952808 	105.815880 	21.213203 	34.058773 	75.604233 	7.615773 	82.800964 	4.242640 	45.880280 	999.000000 	94.021271 	1.000000 	44.045429 	42.011902 	5.099020 	93.861603 	
100.169853 	114.908661 	104.847511 	96.519424 	74.060783 	113.740936 	140.003571 	112.898186 	46.647614 	25.019993 	51.613953 	67.475922 	112.200714 	20.099751 	36.400551 	121.461929 	68.942001 	108.300507 	116.361504 	99.126183 	29.068884 	104.350372 	118.406082 	44.598206 	134.525085 	16.124516 	69.296463 	13.000000 	17.492855 	97.590981 	22.803509 	45.343136 	119.970833 	66.603302 	129.630249 	117.686020 	91.934761 	138.405197 	17.464249 	110.317726 	60.000000 	18.439089 	86.683334 	11.313708 	93.605553 	135.281189 	94.021271 	999.000000 	94.810333 	51.884487 	54.120235 	90.210861 	1.414214 	
34.828148 	42.720020 	34.985710 	30.413813 	33.136082 	40.496914 	66.753281 	39.560081 	54.083271 	82.855293 	47.759815 	32.557640 	32.984844 	85.866173 	60.415230 	60.827625 	47.265209 	43.566040 	47.927029 	36.124783 	110.571243 	23.409399 	36.124783 	51.478149 	53.009434 	87.709747 	27.513634 	92.282173 	102.474388 	13.892444 	72.945183 	49.648766 	34.058773 	28.653097 	44.283180 	31.064449 	10.816654 	52.773098 	106.677086 	21.095022 	34.828148 	76.400261 	8.544003 	83.600243 	5.000000 	45.541191 	1.000000 	94.810333 	999.000000 	44.687805 	42.638012 	5.385165 	94.641426 	
61.400326 	75.312683 	64.938431 	56.568542 	37.215588 	73.545906 	101.788994 	72.567207 	27.202942 	47.010635 	24.083189 	28.160255 	69.260376 	48.166378 	24.515301 	88.005684 	42.953465 	71.253067 	78.638412 	61.204575 	72.835434 	59.808025 	74.672615 	18.357559 	92.027168 	48.662102 	25.179358 	52.392746 	62.817196 	50.990196 	32.557640 	13.416408 	74.732857 	20.396078 	85.088188 	72.013885 	44.721359 	94.021271 	66.098412 	63.134777 	12.165525 	34.176014 	37.443291 	41.231056 	44.654228 	88.684837 	44.045429 	51.884487 	44.687805 	999.000000 	2.236068 	39.623226 	51.478149 	
60.207973 	73.979729 	63.639610 	55.326305 	36.496574 	72.180328 	100.448990 	71.196907 	28.301943 	49.000000 	24.758837 	27.459061 	67.720009 	50.249378 	26.305893 	87.005745 	42.941822 	70.114189 	77.414467 	60.074955 	74.966660 	58.189346 	73.054771 	19.697716 	90.443352 	50.803543 	24.020824 	54.571056 	65.000000 	49.244289 	34.713108 	14.866069 	73.006851 	19.104973 	83.384651 	70.263786 	42.953465 	92.309265 	68.308128 	61.294373 	11.000000 	36.400551 	35.510563 	43.462627 	42.720020 	86.833176 	42.011902 	54.120235 	42.638012 	2.236068 	999.000000 	37.536648 	53.712196 	
37.735924 	46.840153 	38.483765 	33.015148 	32.015621 	44.643028 	71.449280 	43.680660 	50.695168 	79.120163 	44.384682 	30.016663 	37.483330 	81.939003 	56.364883 	64.474800 	46.097721 	46.957428 	51.865211 	38.832977 	106.775467 	27.658634 	41.012192 	47.423622 	58.077534 	83.630135 	24.331051 	88.119240 	98.386993 	17.720045 	68.600288 	45.276924 	39.204590 	24.698177 	49.497475 	36.221542 	13.038404 	58.051701 	102.474388 	26.305893 	30.232433 	71.847061 	6.324555 	79.056938 	8.246211 	50.921509 	5.099020 	90.210861 	5.385165 	39.623226 	37.536648 	999.000000 	90.000000 	
100.498756 	115.247559 	105.152267 	96.798759 	74.330345 	114.057007 	140.431473 	113.207771 	47.010635 	26.076809 	51.865211 	67.623962 	112.414413 	21.213203 	36.619667 	122.004097 	69.462219 	108.706024 	116.764717 	99.478638 	30.413813 	104.484451 	118.600166 	44.687805 	134.792435 	17.262676 	69.310890 	14.317822 	18.867962 	97.621719 	23.021729 	45.276924 	120.104118 	66.528191 	129.807556 	117.796432 	91.923882 	138.600143 	18.681541 	110.344917 	59.816387 	18.384777 	86.556343 	11.401754 	93.509361 	135.369858 	93.861603 	1.414214 	94.641426 	51.478149 	53.712196 	90.000000 	999.000000 	

Travel time:
9.000000 	0.369121 	0.125000 	0.127475 	0.660019 	0.340037 	1.020110 	0.320156 	1.338376 	2.018044 	1.219118 	0.862047 	0.371652 	2.128673 	1.600195 	0.691466 	0.832541 	0.251247 	0.431567 	0.050000 	2.672195 	0.371652 	0.525595 	1.421487 	0.867828 	2.205958 	0.905539 	2.330906 	2.549510 	0.530330 	1.938105 	1.454734 	0.625000 	1.027740 	0.797653 	0.608276 	0.617454 	0.995615 	2.676402 	0.618466 	1.231361 	2.069118 	0.827647 	2.229630 	0.750000 	1.007782 	0.855132 	2.504246 	0.870704 	1.535008 	1.505199 	0.943398 	2.512469 	
0.369121 	9.000000 	0.261008 	0.474342 	1.028652 	0.055902 	0.661910 	0.079057 	1.706605 	2.378287 	1.588238 	1.226020 	0.265754 	2.490984 	1.969296 	0.477624 	1.185591 	0.213600 	0.141421 	0.395285 	3.022933 	0.482830 	0.316228 	1.789728 	0.515388 	2.570019 	1.255488 	2.695019 	2.909682 	0.728011 	2.307054 	1.820028 	0.450694 	1.372953 	0.509902 	0.480885 	0.863134 	0.670820 	3.037783 	0.637377 	1.578765 	2.438237 	1.089151 	2.598557 	0.965013 	0.753741 	1.059481 	2.872716 	1.068001 	1.882817 	1.849493 	1.171004 	2.881189 	
0.125000 	0.261008 	9.000000 	0.213600 	0.772172 	0.223607 	0.921954 	0.201556 	1.456237 	2.140823 	1.333464 	0.965660 	0.254951 	2.250694 	1.715007 	0.650000 	0.957209 	0.215058 	0.350892 	0.167705 	2.796650 	0.320156 	0.403887 	1.531747 	0.745822 	2.327150 	0.995301 	2.452040 	2.672195 	0.527376 	2.053807 	1.559848 	0.509902 	1.113833 	0.673146 	0.500625 	0.640800 	0.870704 	2.798661 	0.548293 	1.319327 	2.183031 	0.862047 	2.345341 	0.760345 	0.886707 	0.862047 	2.621188 	0.874643 	1.623461 	1.590990 	0.962094 	2.628807 	
0.127475 	0.474342 	0.213600 	9.000000 	0.561805 	0.436606 	1.133854 	0.413824 	1.250000 	1.944544 	1.123610 	0.752080 	0.410031 	2.051828 	1.505199 	0.818917 	0.776611 	0.378319 	0.552268 	0.145774 	2.608759 	0.325000 	0.570088 	1.319327 	0.950329 	2.126029 	0.785016 	2.250694 	2.475126 	0.430116 	1.844587 	1.346291 	0.648556 	0.905539 	0.851469 	0.617454 	0.500000 	1.060660 	2.600120 	0.575543 	1.110180 	1.972308 	0.704450 	2.136001 	0.637377 	1.041933 	0.743303 	2.412986 	0.760345 	1.414214 	1.383158 	0.825379 	2.419969 	
0.660019 	1.028652 	0.772172 	0.561805 	9.000000 	0.995615 	1.676678 	0.973717 	0.691466 	1.402007 	0.561805 	0.226385 	0.957209 	1.503537 	0.943398 	1.281113 	0.353553 	0.886002 	1.083109 	0.640800 	2.080865 	0.785016 	1.114955 	0.761577 	1.511622 	1.573412 	0.347311 	1.697425 	1.928892 	0.687841 	1.282819 	0.800391 	1.168867 	0.469707 	1.397542 	1.120547 	0.604669 	1.613420 	2.050914 	0.983933 	0.642748 	1.410895 	0.642748 	1.574206 	0.725000 	1.562050 	0.803508 	1.851520 	0.828402 	0.930390 	0.912414 	0.800391 	1.858259 	
0.340037 	0.055902 	0.223607 	0.436606 	0.995615 	9.000000 	0.707107 	0.025000 	1.677982 	2.356507 	1.556639 	1.188486 	0.212132 	2.467919 	1.938105 	0.531507 	1.166726 	0.226385 	0.195256 	0.371652 	3.006036 	0.427200 	0.279509 	1.755349 	0.530330 	2.545707 	1.212693 	2.670674 	2.888014 	0.673146 	2.276648 	1.782730 	0.412311 	1.328768 	0.498121 	0.436606 	0.809707 	0.673146 	3.015377 	0.583631 	1.534805 	2.406372 	1.035918 	2.568195 	0.910014 	0.735697 	1.004054 	2.843524 	1.012423 	1.838648 	1.804508 	1.116076 	2.851425 	
1.020110 	0.661910 	0.921954 	1.133854 	1.676678 	0.707107 	9.000000 	0.731864 	2.336798 	2.974580 	2.228929 	1.882153 	0.851469 	3.092834 	2.606962 	0.540833 	1.783606 	0.794512 	0.594243 	1.035918 	3.588349 	1.101136 	0.770146 	2.437468 	0.425735 	3.177361 	1.917192 	3.301893 	3.502232 	1.352082 	2.940769 	2.474495 	0.854400 	2.034853 	0.665676 	0.925000 	1.500208 	0.590021 	3.633524 	1.164313 	2.240675 	3.076626 	1.725724 	3.231195 	1.582127 	0.849264 	1.665270 	3.500089 	1.668832 	2.544725 	2.511225 	1.786232 	3.510787 	
0.320156 	0.079057 	0.201556 	0.413824 	0.973717 	0.025000 	0.731864 	9.000000 	1.657181 	2.337734 	1.535008 	1.165386 	0.195256 	2.448724 	1.916540 	0.550568 	1.149184 	0.225000 	0.215058 	0.353553 	2.988833 	0.403887 	0.276134 	1.732953 	0.548293 	2.526114 	1.188486 	2.651061 	2.869233 	0.649038 	2.255271 	1.759616 	0.406971 	1.304320 	0.506211 	0.427200 	0.785016 	0.686477 	2.996352 	0.565685 	1.510381 	2.384586 	1.011187 	2.546812 	0.886002 	0.740355 	0.980434 	2.822455 	0.989002 	1.814180 	1.779923 	1.092016 	2.830194 	
1.338376 	1.706605 	1.456237 	1.250000 	0.691466 	1.677982 	2.336798 	1.657181 	9.000000 	0.728869 	0.158114 	0.561805 	1.648674 	0.820061 	0.279509 	1.889610 	0.583631 	1.542928 	1.744276 	1.311964 	1.420607 	1.468205 	1.806239 	0.230489 	2.200142 	0.884590 	0.664266 	1.007782 	1.245492 	1.331353 	0.604152 	0.353553 	1.856240 	0.657647 	2.088660 	1.804508 	1.209339 	2.304886 	1.364047 	1.645068 	0.608276 	0.743303 	1.138530 	0.894427 	1.286954 	2.246803 	1.328533 	1.166190 	1.352082 	0.680074 	0.707549 	1.267379 	1.175266 	
2.018044 	2.378287 	2.140823 	1.944544 	1.402007 	2.356507 	2.974580 	2.337734 	0.728869 	9.000000 	0.883883 	1.290591 	2.351728 	0.127475 	0.583631 	2.484074 	1.195042 	2.195023 	2.395047 	1.984943 	0.693271 	2.186464 	2.511225 	0.800391 	2.885849 	0.226385 	1.386542 	0.340037 	0.531507 	2.059430 	0.413824 	0.883883 	2.570627 	1.360606 	2.793967 	2.522400 	1.938105 	3.005204 	0.660019 	2.371708 	1.255488 	0.496236 	1.858090 	0.480885 	2.012461 	2.964056 	2.048475 	0.625500 	2.071382 	1.175266 	1.225000 	1.978004 	0.651920 	
1.219118 	1.588238 	1.333464 	1.123610 	0.561805 	1.556639 	2.228929 	1.535008 	0.158114 	0.883883 	9.000000 	0.410031 	1.515132 	0.970824 	0.381608 	1.800868 	0.527376 	1.434617 	1.634778 	1.196349 	1.576586 	1.325943 	1.671077 	0.225000 	2.073192 	1.030776 	0.506211 	1.152443 	1.395081 	1.180042 	0.721110 	0.316228 	1.715554 	0.502494 	1.952562 	1.661701 	1.054751 	2.170829 	1.511001 	1.495410 	0.474342 	0.850000 	0.980434 	1.012423 	1.129712 	2.103717 	1.170470 	1.290349 	1.193995 	0.602080 	0.618971 	1.109617 	1.296630 	
0.862047 	1.226020 	0.965660 	0.752080 	0.226385 	1.188486 	1.882153 	1.165386 	0.561805 	1.290591 	0.410031 	9.000000 	1.123610 	1.380444 	0.778621 	1.503330 	0.465027 	1.098294 	1.291559 	0.848896 	1.981477 	0.921954 	1.275980 	0.575543 	1.690044 	1.440703 	0.167705 	1.562050 	1.805028 	0.770146 	1.117195 	0.594243 	1.312441 	0.265754 	1.555032 	1.256234 	0.648556 	1.775704 	1.920937 	1.085415 	0.419076 	1.235162 	0.604669 	1.405569 	0.735272 	1.697425 	0.789383 	1.686898 	0.813941 	0.704006 	0.686477 	0.750417 	1.690599 	
0.371652 	0.265754 	0.254951 	0.410031 	0.957209 	0.212132 	0.851469 	0.195256 	1.648674 	2.351728 	1.515132 	1.123610 	9.000000 	2.457260 	1.895059 	0.743303 	1.185854 	0.395285 	0.406971 	0.419076 	3.018485 	0.250000 	0.160078 	1.698897 	0.571183 	2.529452 	1.119431 	2.653771 	2.881514 	0.500625 	2.235090 	1.711907 	0.254951 	1.226020 	0.442295 	0.251247 	0.650481 	0.656220 	3.005412 	0.371652 	1.431127 	2.357568 	0.875000 	2.525495 	0.731864 	0.637377 	0.818917 	2.805018 	0.824621 	1.731509 	1.693000 	0.937083 	2.810360 	
2.128673 	2.490984 	2.250694 	2.051828 	1.503537 	2.467919 	3.092834 	2.448724 	0.820061 	0.127475 	0.970824 	1.380444 	2.457260 	9.000000 	0.640800 	2.605883 	1.310773 	2.310438 	2.510976 	2.096724 	0.625000 	2.285963 	2.616295 	0.863496 	2.996352 	0.100000 	1.466714 	0.213600 	0.425735 	2.150581 	0.403113 	0.934077 	2.672195 	1.431782 	2.899138 	2.622261 	2.024846 	3.112073 	0.548293 	2.465005 	1.312441 	0.447214 	1.934231 	0.390512 	2.093144 	3.064413 	2.124264 	0.502494 	2.146654 	1.204159 	1.256234 	2.048475 	0.530330 	
1.600195 	1.969296 	1.715007 	1.505199 	0.943398 	1.938105 	2.606962 	1.916540 	0.279509 	0.583631 	0.381608 	0.778621 	1.895059 	0.640800 	9.000000 	2.167083 	0.863134 	1.812457 	2.013237 	1.576586 	1.264911 	1.700368 	2.050152 	0.223607 	2.454587 	0.682367 	0.840015 	0.797653 	1.051487 	1.540495 	0.340037 	0.301040 	2.090753 	0.794119 	2.330906 	2.034853 	1.405569 	2.550122 	1.158123 	1.858259 	0.673146 	0.469707 	1.299279 	0.630971 	1.463087 	2.475884 	1.488497 	0.910014 	1.510381 	0.612882 	0.657647 	1.409122 	0.915492 	
0.691466 	0.477624 	0.650000 	0.818917 	1.281113 	0.531507 	0.540833 	0.550568 	1.889610 	2.484074 	1.800868 	1.503330 	0.743303 	2.605883 	2.167083 	9.000000 	1.313868 	0.443001 	0.336341 	0.682367 	3.075102 	0.943398 	0.770146 	2.020211 	0.725431 	2.694555 	1.575794 	2.817801 	3.005516 	1.173936 	2.490607 	2.075602 	0.901388 	1.701654 	0.862047 	0.945053 	1.290591 	0.926350 	3.138471 	1.114955 	1.900164 	2.632608 	1.510174 	2.776801 	1.409122 	1.109617 	1.509346 	3.036548 	1.520691 	2.200142 	2.175144 	1.611870 	3.050102 	
