Total assets = 619
Number of asset nodes = 34

Distance:
999.000000 	26.248810 	14.866069 	30.528675 	66.468040 	17.262676 	24.698177 	28.635643 	26.076809 	13.038404 	59.033890 	24.186773 	54.488529 	18.384777 	17.204651 	36.235340 	63.324562 	17.464249 	12.529964 	73.878281 	37.000000 	35.227829 	30.016663 	33.286633 	35.341194 	35.777088 	34.985710 	34.058773 	36.359318 	36.055511 	35.383614 	36.769554 	37.802116 	43.680660 	38.418747 	38.948685 	49.365982 	44.777225 	45.694637 	51.662365 	50.596443 	51.244511 	53.366657 	57.314919 	45.607018 	52.554733 	55.027267 	56.320511 	56.612720 	59.203041 	56.603886 	56.400356 	64.660652 	
26.248810 	999.000000 	41.109608 	6.082763 	40.360870 	14.317822 	8.544003 	7.810250 	51.739735 	35.510563 	85.276024 	14.560220 	80.721741 	24.186773 	32.572994 	61.400326 	88.549423 	43.266617 	38.600517 	47.634022 	24.041630 	57.271286 	32.557640 	35.902645 	34.176014 	35.114101 	36.400551 	39.458839 	37.643059 	38.327538 	41.436699 	51.351727 	41.231056 	36.400551 	42.201897 	51.009804 	37.013512 	40.816662 	41.340054 	42.426407 	43.278172 	43.185646 	43.185646 	43.566040 	53.600372 	46.227695 	47.423622 	47.381432 	48.083260 	49.578220 	54.708317 	56.797886 	61.854668 	
14.866069 	41.109608 	999.000000 	45.221676 	81.320351 	30.870699 	38.948685 	43.046486 	12.369317 	12.369317 	44.204071 	37.336308 	39.623226 	28.160255 	21.377558 	22.803509 	49.729267 	5.830952 	4.000000 	88.729927 	49.030602 	25.961510 	37.336308 	39.812057 	43.289722 	43.416588 	41.773197 	38.897301 	42.953465 	42.201897 	39.560081 	34.655445 	43.011627 	53.037724 	43.324360 	38.418747 	60.133186 	52.611786 	53.600372 	61.073727 	59.304298 	60.207973 	63.031738 	68.117546 	46.872166 	60.671246 	63.505905 	65.276337 	65.375839 	68.264191 	62.297672 	60.926186 	70.228203 	
30.528675 	6.082763 	45.221676 	999.000000 	37.443291 	15.811388 	7.615773 	4.000000 	55.172459 	38.288380 	89.403580 	13.152946 	84.646324 	24.698177 	34.000000 	64.443771 	93.520050 	47.885281 	43.046486 	43.840622 	19.416489 	59.169250 	31.000000 	34.058773 	31.575306 	32.557640 	34.234486 	38.000000 	35.355339 	36.221542 	40.000000 	51.419842 	39.204590 	32.249031 	40.199501 	50.487621 	31.827662 	37.161808 	37.576588 	37.643059 	38.832977 	38.600517 	38.209946 	38.013157 	52.038448 	41.880783 	42.801868 	42.520584 	43.278172 	44.553337 	50.990196 	53.488316 	57.801384 	
66.468040 	40.360870 	81.320351 	37.443291 	999.000000 	53.254108 	44.944408 	40.816662 	92.097771 	75.604233 	125.319588 	49.648766 	120.933868 	61.773781 	71.344238 	101.671036 	127.027557 	82.975899 	78.568443 	10.000000 	48.052055 	96.566040 	65.459915 	67.720009 	63.788715 	64.761101 	67.186310 	72.124893 	67.911705 	69.123077 	74.040527 	87.464279 	72.034714 	59.211487 	73.006851 	85.702972 	53.037724 	65.276337 	65.192024 	60.074955 	63.007935 	62.032249 	59.211487 	53.935146 	85.146935 	66.030296 	65.192024 	63.387695 	64.381676 	63.788715 	77.006493 	81.024689 	81.394104 	
17.262676 	14.317822 	30.870699 	15.811388 	53.254108 	999.000000 	8.485281 	12.727922 	39.824615 	22.627417 	74.625732 	7.000000 	69.634758 	10.000000 	18.384777 	48.795490 	80.324341 	34.481880 	29.410883 	59.464275 	20.223749 	43.416588 	20.124611 	23.706539 	23.430750 	24.207438 	24.698177 	26.570660 	26.076809 	26.419689 	28.460499 	37.121422 	29.068884 	29.154760 	29.966648 	37.054016 	33.241539 	31.890438 	32.649654 	36.674240 	36.359318 	36.715118 	38.078865 	41.000000 	40.521599 	38.832977 	40.816662 	41.593269 	42.059483 	44.283180 	45.276924 	46.400433 	53.037724 	
24.698177 	8.544003 	38.948685 	7.615773 	44.944408 	8.485281 	999.000000 	4.242640 	48.270073 	31.112698 	82.927681 	6.082763 	78.006409 	17.088007 	26.419689 	57.280014 	88.022728 	42.154476 	37.161808 	50.990196 	16.643316 	51.623638 	24.186773 	27.459061 	25.632011 	26.570660 	27.892651 	31.144823 	29.120440 	29.832869 	33.136082 	43.931767 	32.756680 	28.319605 	33.734257 	43.185646 	30.016663 	32.449963 	33.015148 	34.828148 	35.355339 	35.383614 	35.805027 	37.161808 	45.276924 	38.209946 	39.623226 	39.824615 	40.459858 	42.201897 	46.324940 	48.301140 	53.600372 	
28.635643 	7.810250 	43.046486 	4.000000 	40.816662 	12.727922 	4.242640 	999.000000 	52.497620 	35.355339 	87.091904 	9.219544 	82.200974 	21.023796 	30.528675 	61.522354 	91.923882 	46.097721 	41.146080 	46.754681 	16.278820 	55.758408 	27.000000 	30.066593 	27.658634 	28.635643 	30.265491 	34.000000 	31.400637 	32.249031 	36.000000 	47.539455 	35.227829 	28.844410 	36.221542 	46.529560 	29.206163 	33.541019 	34.000000 	34.655445 	35.608986 	35.468296 	35.383614 	35.846897 	48.041649 	38.600517 	39.698868 	39.597980 	40.311287 	41.773197 	47.413078 	49.769470 	54.378304 	
26.076809 	51.739735 	12.369317 	55.172459 	92.097771 	39.824615 	48.270073 	52.497620 	999.000000 	17.492855 	35.341194 	45.486263 	30.016663 	34.438351 	25.298222 	10.440307 	45.011108 	15.132746 	16.278820 	99.005051 	55.542778 	16.401220 	40.607880 	42.190044 	46.529560 	46.389652 	44.181442 	40.000000 	45.099888 	44.045429 	40.049969 	30.463093 	44.011364 	56.885849 	44.045429 	35.114101 	65.000000 	55.145264 	56.142673 	64.629715 	62.289646 	63.387695 	66.753281 	72.780495 	44.271889 	63.071388 	66.121101 	68.264191 	68.183578 	71.253067 	62.514000 	60.207973 	70.035706 	
13.038404 	35.510563 	12.369317 	38.288380 	75.604233 	22.627417 	31.112698 	35.355339 	17.492855 	999.000000 	52.773098 	28.017851 	47.507893 	17.088007 	9.055386 	26.172504 	60.827625 	18.027756 	13.892444 	82.073135 	38.275318 	22.561028 	25.079872 	27.459061 	31.064449 	31.144823 	29.427877 	26.570660 	30.594116 	29.832869 	27.313000 	24.698177 	30.675724 	41.012192 	31.016125 	27.658634 	48.507732 	40.311287 	41.303753 	49.000000 	47.095646 	48.041649 	51.009804 	56.435802 	35.468296 	48.373547 	51.244511 	53.084839 	53.150730 	56.080299 	49.979996 	48.754486 	57.939625 	
59.033890 	85.276024 	44.204071 	89.403580 	125.319588 	74.625732 	82.927681 	87.091904 	35.341194 	52.773098 	999.000000 	80.622574 	6.000000 	69.778221 	60.539242 	29.427877 	19.104973 	42.426407 	46.754681 	132.909744 	90.873535 	42.047592 	75.286118 	76.400261 	81.043198 	80.777473 	78.339005 	73.545906 	79.075912 	77.878113 	73.164200 	60.074955 	77.278717 	91.482239 	77.103828 	65.069191 	99.929977 	89.050545 	90.027771 	98.954536 	96.317184 	97.514099 	101.138519 	107.563934 	74.006760 	96.690224 	99.824844 	102.181213 	101.980392 	105.118980 	94.260277 	91.049438 	101.044548 	
24.186773 	14.560220 	37.336308 	13.152946 	49.648766 	7.000000 	6.082763 	9.219544 	45.486263 	28.017851 	80.622574 	999.000000 	75.471848 	12.206555 	22.022715 	53.907330 	86.977005 	41.231056 	36.138622 	55.000000 	13.341664 	47.201694 	18.110771 	21.377558 	19.697716 	20.615528 	21.840330 	25.079872 	23.086792 	23.769728 	27.073973 	38.327538 	26.683329 	23.430750 	27.658634 	37.336308 	26.570660 	27.018513 	27.658634 	30.528675 	30.610456 	30.805843 	31.764761 	34.205261 	39.204590 	33.301651 	35.000000 	35.510563 	36.055511 	38.078865 	40.804413 	42.544094 	48.270073 	
54.488529 	80.721741 	39.623226 	84.646324 	120.933868 	69.634758 	78.006409 	82.200974 	30.016663 	47.507893 	6.000000 	75.471848 	999.000000 	64.412735 	55.036350 	23.537205 	23.600847 	38.418747 	42.449970 	128.316010 	85.428329 	36.055511 	69.570107 	70.604530 	75.286118 	75.000000 	72.532753 	67.683083 	73.246162 	72.034714 	67.268120 	54.083271 	71.386276 	85.726311 	71.196907 	59.076221 	94.244362 	83.198555 	84.172440 	93.145050 	90.470993 	91.678787 	95.336250 	101.833199 	68.007355 	90.801979 	93.941475 	96.317184 	96.104111 	99.247169 	88.277969 	85.052925 	95.047356 	
18.384777 	24.186773 	28.160255 	24.698177 	61.773781 	10.000000 	17.088007 	21.023796 	34.438351 	17.088007 	69.778221 	12.206555 	64.412735 	999.000000 	9.899495 	42.201897 	77.665955 	33.000000 	28.017851 	67.201187 	21.189621 	35.000000 	12.041595 	15.556349 	17.000000 	17.492855 	17.029387 	17.492855 	18.439089 	18.384777 	19.235384 	27.166155 	20.615528 	25.495098 	21.400934 	27.073973 	32.015621 	26.400757 	27.313000 	33.541019 	32.280025 	32.984844 	35.355339 	40.012497 	31.016125 	34.176014 	36.687874 	38.078865 	38.327538 	41.000000 	38.600517 	38.897301 	46.615448 	
17.204651 	32.572994 	21.377558 	34.000000 	71.344238 	18.384777 	26.419689 	30.528675 	25.298222 	9.055386 	60.539242 	22.022715 	55.036350 	9.899495 	999.000000 	32.449963 	69.584480 	26.925823 	22.472204 	77.006493 	30.413813 	25.238859 	16.031219 	18.439089 	22.022715 	22.090721 	20.396078 	17.888544 	21.587032 	20.880613 	18.867962 	20.396078 	21.931713 	32.062439 	22.360680 	21.931713 	39.812057 	31.257000 	32.249031 	40.012497 	38.052597 	39.012817 	42.047592 	47.675991 	28.425341 	39.319206 	42.190044 	44.045429 	44.102154 	47.042534 	41.231056 	40.311287 	49.244289 	
36.235340 	61.400326 	22.803509 	64.443771 	101.671036 	48.795490 	57.280014 	61.522354 	10.440307 	26.172504 	29.427877 	53.907330 	23.537205 	42.201897 	32.449963 	999.000000 	42.953465 	25.019993 	26.683329 	108.245094 	62.769421 	13.341664 	46.238514 	47.127487 	51.865211 	51.546097 	49.040798 	44.147480 	49.729267 	48.507732 	43.737854 	31.064449 	47.853943 	62.297672 	47.675991 	36.055511 	70.936592 	59.665737 	60.638271 	69.641945 	66.940269 	68.154236 	71.840103 	78.434685 	45.177429 	67.268120 	70.405968 	72.780495 	72.567207 	75.709976 	65.030762 	62.032249 	72.027771 	
63.324562 	88.549423 	49.729267 	93.520050 	127.027557 	80.324341 	88.022728 	91.923882 	45.011108 	60.827625 	19.104973 	86.977005 	23.600847 	77.665955 	69.584480 	42.953465 	999.000000 	45.880280 	50.921509 	135.484314 	98.716766 	56.293873 	85.375641 	87.143562 	91.350975 	91.268837 	89.140335 	85.005882 	90.088844 	89.050545 	85.005882 	73.824112 	89.000000 	101.597244 	89.005615 	78.771820 	109.329773 	100.124924 	101.123688 	109.457756 	107.228729 	108.295891 	111.543716 	117.239075 	87.965904 	108.074051 	111.112556 	113.216606 	113.159180 	116.211014 	107.228729 	104.580116 	114.529472 	
17.464249 	43.266617 	5.830952 	47.885281 	82.975899 	34.481880 	42.154476 	46.097721 	15.132746 	18.027756 	42.426407 	41.231056 	38.418747 	33.000000 	26.925823 	25.019993 	45.880280 	999.000000 	5.099020 	90.801979 	53.460266 	30.463093 	42.755116 	45.354160 	48.662102 	48.836460 	47.296936 	44.598206 	48.507732 	47.801674 	45.310043 	40.360870 	48.703182 	58.215118 	49.040798 	44.204071 	65.007690 	58.051701 	59.033890 	66.272163 	64.629715 	65.490456 	68.183578 	73.006851 	52.697250 	66.098412 	68.883957 	70.576202 	70.710678 	73.552704 	68.007355 	66.708321 	75.960518 	
12.529964 	38.600517 	4.000000 	43.046486 	78.568443 	29.410883 	37.161808 	41.146080 	16.278820 	13.892444 	46.754681 	36.138622 	42.449970 	28.017851 	22.472204 	26.683329 	50.921509 	5.099020 	999.000000 	86.214851 	48.373547 	29.832869 	38.078865 	40.804413 	43.931767 	44.147480 	42.720020 	40.311287 	43.965897 	43.324360 	41.146080 	37.536648 	44.384682 	53.338543 	44.777225 	41.036568 	60.000000 	53.366657 	54.341511 	61.400326 	59.841457 	60.671246 	63.285069 	68.000000 	49.203659 	61.392181 	64.132675 	65.764732 	65.924202 	68.731361 	63.694584 	62.609905 	71.693794 	
73.878281 	47.634022 	88.729927 	43.840622 	10.000000 	59.464275 	50.990196 	46.754681 	99.005051 	82.073135 	132.909744 	55.000000 	128.316010 	67.201187 	77.006493 	108.245094 	135.484314 	90.801979 	86.214851 	999.000000 	51.078373 	102.200783 	69.318108 	71.175842 	66.850578 	67.779053 	70.384659 	75.643906 	70.936592 	72.235725 	77.472572 	91.706055 	75.026665 	60.876926 	75.960518 	89.470665 	53.600372 	66.940269 	66.708321 	60.406952 	63.639610 	62.514000 	59.211487 	53.000000 	87.920418 	66.483078 	65.192024 	63.071388 	64.070274 	63.000000 	77.524193 	81.884064 	81.024689 	
37.000000 	24.041630 	49.030602 	19.416489 	48.052055 	20.223749 	16.643316 	16.278820 	55.542778 	38.275318 	90.873535 	13.341664 	85.428329 	21.189621 	30.413813 	62.769421 	98.716766 	53.460266 	48.373547 	51.078373 	999.000000 	53.907330 	18.601076 	20.124611 	15.811388 	16.763054 	19.313208 	24.596748 	19.924858 	21.189621 	26.400757 	41.048752 	24.041630 	13.000000 	25.000000 	38.470768 	13.416408 	18.439089 	18.681541 	18.384777 	19.416489 	19.209373 	19.209373 	20.880613 	37.107952 	22.472204 	23.430750 	23.345236 	24.041630 	25.612497 	31.953091 	34.928497 	38.470768 	
35.227829 	57.271286 	25.961510 	59.169250 	96.566040 	43.416588 	51.623638 	55.758408 	16.401220 	22.561028 	42.047592 	47.201694 	36.055511 	35.000000 	25.238859 	13.341664 	56.293873 	30.463093 	29.832869 	102.200783 	53.907330 	999.000000 	36.055511 	36.235340 	41.182522 	40.706264 	38.013157 	32.695564 	38.483765 	37.161808 	31.953091 	18.027756 	36.055511 	51.429562 	35.735138 	23.021729 	60.415230 	48.104053 	49.040798 	58.309521 	55.362442 	56.648037 	60.539242 	67.542580 	32.015621 	55.362442 	58.523499 	61.032780 	60.728905 	63.890530 	52.239830 	49.010204 	59.008472 	
30.016663 	32.557640 	37.336308 	31.000000 	65.459915 	20.124611 	24.186773 	27.000000 	40.607880 	25.079872 	75.286118 	18.110771 	69.570107 	12.041595 	16.031219 	46.238514 	85.375641 	42.755116 	38.078865 	69.318108 	18.601076 	36.055511 	999.000000 	3.605551 	6.000000 	6.082763 	5.000000 	7.000000 	6.403124 	6.403124 	9.000000 	22.472204 	8.944272 	16.278820 	9.848858 	20.248457 	24.698177 	15.297058 	16.278820 	24.083189 	22.022715 	23.000000 	26.172504 	32.280025 	21.095022 	23.345236 	26.172504 	28.017851 	28.071337 	31.016125 	26.627054 	26.870058 	34.669872 	
33.286633 	35.902645 	39.812057 	34.058773 	67.720009 	23.706539 	27.459061 	30.066593 	42.190044 	27.459061 	76.400261 	21.377558 	70.604530 	15.556349 	18.439089 	47.127487 	87.143562 	45.354160 	40.804413 	71.175842 	20.124611 	36.235340 	3.605551 	999.000000 	5.000000 	4.472136 	2.000000 	4.472136 	3.162278 	2.828427 	6.324555 	21.260292 	5.385165 	15.231546 	6.324555 	18.357559 	24.186773 	13.000000 	14.000000 	22.561028 	20.099751 	21.213203 	24.738634 	31.384710 	18.000000 	21.023796 	24.000000 	26.076809 	26.019224 	29.068884 	23.323807 	23.345236 	31.384710 	
35.341194 	34.176014 	43.289722 	31.575306 	63.788715 	23.430750 	25.632011 	27.658634 	46.529560 	31.064449 	81.043198 	19.697716 	75.286118 	17.000000 	22.022715 	51.865211 	91.350975 	48.662102 	43.931767 	66.850578 	15.811388 	41.182522 	6.000000 	5.000000 	999.000000 	1.000000 	3.605551 	9.219544 	4.123106 	5.385165 	10.816654 	26.172504 	8.246211 	10.440307 	9.219544 	23.021729 	19.235384 	9.486833 	10.440307 	18.110771 	16.031219 	17.000000 	20.223749 	26.570660 	21.377558 	17.464249 	20.223749 	22.022715 	22.090721 	25.019993 	21.931713 	23.021729 	29.832869 	
35.777088 	35.114101 	43.416588 	32.557640 	64.761101 	24.207438 	26.570660 	28.635643 	46.389652 	31.144823 	80.777473 	20.615528 	75.000000 	17.492855 	22.090721 	51.546097 	91.268837 	48.836460 	44.147480 	67.779053 	16.763054 	40.706264 	6.082763 	4.472136 	1.000000 	999.000000 	2.828427 	8.485281 	3.162278 	4.472136 	10.000000 	25.455845 	7.280110 	10.770329 	8.246211 	22.203604 	19.723083 	9.219544 	10.198039 	18.248287 	16.000000 	17.029387 	20.396078 	26.925823 	20.396078 	17.262676 	20.099751 	22.000000 	22.022715 	25.000000 	21.260292 	22.203604 	29.206163 	
34.985710 	36.400551 	41.773197 	34.234486 	67.186310 	24.698177 	27.892651 	30.265491 	44.181442 	29.427877 	78.339005 	21.840330 	72.532753 	17.029387 	20.396078 	49.040798 	89.140335 	47.296936 	42.720020 	70.384659 	19.313208 	38.013157 	5.000000 	2.000000 	3.605551 	2.828427 	999.000000 	5.656854 	1.414214 	2.000000 	7.211102 	22.627417 	5.000000 	13.416408 	6.000000 	19.416489 	22.472204 	11.000000 	12.000000 	20.615528 	18.110771 	19.235384 	22.803509 	29.546574 	18.110771 	19.026299 	22.000000 	24.083189 	24.020824 	27.073973 	21.633308 	21.931713 	29.681644 	
34.058773 	39.458839 	38.897301 	38.000000 	72.124893 	26.570660 	31.144823 	34.000000 	40.000000 	26.570660 	73.545906 	25.079872 	67.683083 	17.492855 	17.888544 	44.147480 	85.005882 	44.598206 	40.311287 	75.643906 	24.596748 	32.695564 	7.000000 	4.472136 	9.219544 	8.485281 	5.656854 	999.000000 	5.830952 	4.472136 	2.000000 	16.970562 	4.123106 	18.867962 	4.472136 	13.892444 	28.017851 	15.524175 	16.492422 	25.632011 	22.803509 	24.041630 	27.856777 	34.885529 	14.142136 	23.194826 	26.305893 	28.635643 	28.442924 	31.575306 	23.409399 	22.472204 	31.384710 	
36.359318 	37.643059 	42.953465 	35.355339 	67.911705 	26.076809 	29.120440 	31.400637 	45.099888 	30.594116 	79.075912 	23.086792 	73.246162 	18.439089 	21.587032 	49.729267 	90.088844 	48.507732 	43.965897 	70.936592 	19.924858 	38.483765 	6.403124 	3.162278 	4.123106 	3.162278 	1.414214 	5.830952 	999.000000 	1.414214 	7.071068 	22.671568 	4.123106 	13.038404 	5.099020 	19.209373 	22.203604 	10.049875 	11.045361 	19.924858 	17.262676 	18.439089 	22.135944 	29.068884 	17.262676 	18.000000 	21.023796 	23.194826 	23.086792 	26.172504 	20.248457 	20.518284 	28.301943 	
36.055511 	38.327538 	42.201897 	36.221542 	69.123077 	26.419689 	29.832869 	32.249031 	44.045429 	29.832869 	77.878113 	23.769728 	72.034714 	18.384777 	20.880613 	48.507732 	89.050545 	47.801674 	43.324360 	72.235725 	21.189621 	37.161808 	6.403124 	2.828427 	5.385165 	4.472136 	2.000000 	4.472136 	1.414214 	999.000000 	5.656854 	21.260292 	3.000000 	14.422205 	4.000000 	17.804493 	23.600847 	11.180340 	12.165525 	21.189621 	18.439089 	19.646883 	23.409399 	30.413813 	16.124516 	19.026299 	22.090721 	24.331051 	24.186773 	27.294687 	20.591261 	20.518284 	28.653097 	
35.383614 	41.436699 	39.560081 	40.000000 	74.040527 	28.460499 	33.136082 	36.000000 	40.049969 	27.313000 	73.164200 	27.073973 	67.268120 	19.235384 	18.867962 	43.737854 	85.005882 	45.310043 	41.146080 	77.472572 	26.400757 	31.953091 	9.000000 	6.324555 	10.816654 	10.000000 	7.211102 	2.000000 	7.071068 	5.656854 	999.000000 	15.620500 	4.123106 	20.000000 	4.000000 	12.206555 	29.206163 	16.155495 	17.088007 	26.400757 	23.409399 	24.698177 	28.635643 	35.846897 	12.165525 	23.537205 	26.683329 	29.120440 	28.861740 	32.015621 	22.803509 	21.470911 	30.675724 	
36.769554 	51.351727 	34.655445 	51.419842 	87.464279 	37.121422 	43.931767 	47.539455 	30.463093 	24.698177 	60.074955 	38.327538 	54.083271 	27.166155 	20.396078 	31.064449 	73.824112 	40.360870 	37.536648 	91.706055 	41.048752 	18.027756 	22.472204 	21.260292 	26.172504 	25.455845 	22.627417 	16.970562 	22.671568 	21.260292 	15.620500 	999.000000 	19.416489 	35.608986 	18.867962 	5.000000 	44.821869 	31.384710 	32.249031 	41.677334 	38.470768 	39.824615 	43.908997 	51.312767 	14.142136 	38.078865 	41.231056 	43.863426 	43.462627 	46.615448 	34.234486 	31.000000 	41.000000 	
37.802116 	41.231056 	43.011627 	39.204590 	72.034714 	29.068884 	32.756680 	35.227829 	44.011364 	30.675724 	77.278717 	26.683329 	71.386276 	20.615528 	21.931713 	47.853943 	89.000000 	48.703182 	44.384682 	75.026665 	24.041630 	36.055511 	8.944272 	5.385165 	8.246211 	7.280110 	5.000000 	4.123106 	4.123106 	3.000000 	4.123106 	19.416489 	999.000000 	16.278820 	1.000000 	15.556349 	25.495098 	12.083046 	13.000000 	22.360680 	19.313208 	20.615528 	24.596748 	31.906113 	13.152946 	19.416489 	22.561028 	25.000000 	24.738634 	27.892651 	19.313208 	18.601076 	27.313000 	
43.680660 	36.400551 	53.037724 	32.249031 	59.211487 	29.154760 	28.319605 	28.844410 	56.885849 	41.012192 	91.482239 	23.430750 	85.726311 	25.495098 	32.062439 	62.297672 	101.597244 	58.215118 	53.338543 	60.876926 	13.000000 	51.429562 	16.278820 	15.231546 	10.440307 	10.770329 	13.416408 	18.867962 	13.038404 	14.422205 	20.000000 	35.608986 	16.278820 	999.000000 	16.970562 	31.827662 	9.219544 	6.082763 	6.000000 	8.062258 	7.211102 	7.615773 	10.000000 	16.155495 	27.784887 	9.899495 	11.661903 	12.649111 	13.000000 	15.524175 	18.973665 	22.203604 	25.553865 	
38.418747 	42.201897 	43.324360 	40.199501 	73.006851 	29.966648 	33.734257 	36.221542 	44.045429 	31.016125 	77.103828 	27.658634 	71.196907 	21.400934 	22.360680 	47.675991 	89.005615 	49.040798 	44.777225 	75.960518 	25.000000 	35.735138 	9.848858 	6.324555 	9.219544 	8.246211 	6.000000 	4.472136 	5.099020 	4.000000 	4.000000 	18.867962 	1.000000 	16.970562 	999.000000 	14.866069 	26.172504 	12.529964 	13.416408 	22.825424 	19.697716 	21.023796 	25.059929 	32.449963 	12.165525 	19.646883 	22.803509 	25.298222 	25.000000 	28.160255 	18.973665 	18.027756 	26.925823 	
38.948685 	51.009804 	38.418747 	50.487621 	85.702972 	37.054016 	43.185646 	46.529560 	35.114101 	27.658634 	65.069191 	37.336308 	59.076221 	27.073973 	21.931713 	36.055511 	78.771820 	44.204071 	41.036568 	89.470665 	38.470768 	23.021729 	20.248457 	18.357559 	23.021729 	22.203604 	19.416489 	13.892444 	19.209373 	17.804493 	12.206555 	5.000000 	15.556349 	31.827662 	14.866069 	999.000000 	41.036568 	27.202942 	28.017851 	37.443291 	34.132095 	35.510563 	39.661064 	47.201694 	9.219544 	33.541019 	36.674240 	39.357338 	38.910152 	42.047592 	29.274563 	26.000000 	36.000000 	
49.365982 	37.013512 	60.133186 	31.827662 	53.037724 	33.241539 	30.016663 	29.206163 	65.000000 	48.507732 	99.929977 	26.570660 	94.244362 	32.015621 	39.812057 	70.936592 	109.329773 	65.007690 	60.000000 	53.600372 	13.416408 	60.415230 	24.698177 	24.186773 	19.235384 	19.723083 	22.472204 	28.017851 	22.203604 	23.600847 	29.206163 	44.821869 	25.495098 	9.219544 	26.172504 	41.036568 	999.000000 	14.422205 	13.892444 	7.071068 	10.049875 	9.000000 	6.708204 	8.000000 	36.619667 	13.000000 	12.369317 	11.180340 	12.083046 	12.806249 	24.020824 	28.284271 	28.635643 	
44.777225 	40.816662 	52.611786 	37.161808 	65.276337 	31.890438 	32.449963 	33.541019 	55.145264 	40.311287 	89.050545 	27.018513 	83.198555 	26.400757 	31.257000 	59.665737 	100.124924 	58.051701 	53.366657 	66.940269 	18.439089 	48.104053 	15.297058 	13.000000 	9.486833 	9.219544 	11.000000 	15.524175 	10.049875 	11.180340 	16.155495 	31.384710 	12.083046 	6.082763 	12.529964 	27.202942 	14.422205 	999.000000 	1.000000 	10.295630 	7.280110 	8.544003 	12.529964 	20.000000 	22.203604 	8.062258 	11.000000 	13.152946 	13.038404 	16.124516 	13.892444 	16.492422 	21.260292 	
45.694637 	41.340054 	53.600372 	37.576588 	65.192024 	32.649654 	33.015148 	34.000000 	56.142673 	41.303753 	90.027771 	27.658634 	84.172440 	27.313000 	32.249031 	60.638271 	101.123688 	59.033890 	54.341511 	66.708321 	18.681541 	49.040798 	16.278820 	14.000000 	10.440307 	10.198039 	12.000000 	16.492422 	11.045361 	12.165525 	17.088007 	32.249031 	13.000000 	6.000000 	13.416408 	28.017851 	13.892444 	1.000000 	999.000000 	9.433981 	6.324555 	7.615773 	11.661903 	19.209373 	22.803509 	7.071068 	10.000000 	12.165525 	12.041595 	15.132746 	13.416408 	16.278820 	20.615528 	
51.662365 	42.426407 	61.073727 	37.643059 	60.074955 	36.674240 	34.828148 	34.655445 	64.629715 	49.000000 	98.954536 	30.528675 	93.145050 	33.541019 	40.012497 	69.641945 	109.457756 	66.272163 	61.400326 	60.406952 	18.384777 	58.309521 	24.083189 	22.561028 	18.110771 	18.248287 	20.615528 	25.632011 	19.924858 	21.189621 	26.400757 	41.677334 	22.360680 	8.062258 	22.825424 	37.443291 	7.071068 	10.295630 	9.433981 	999.000000 	3.605551 	2.236068 	2.236068 	9.899495 	31.827662 	6.082763 	5.385165 	5.000000 	5.656854 	7.615773 	17.117243 	21.587032 	21.587032 	
50.596443 	43.278172 	59.304298 	38.832977 	63.007935 	36.359318 	35.355339 	35.608986 	62.289646 	47.095646 	96.317184 	30.610456 	90.470993 	32.280025 	38.052597 	66.940269 	107.228729 	64.629715 	59.841457 	63.639610 	19.416489 	55.362442 	22.022715 	20.099751 	16.031219 	16.000000 	18.110771 	22.803509 	17.262676 	18.439089 	23.409399 	38.470768 	19.313208 	7.211102 	19.697716 	34.132095 	10.049875 	7.280110 	6.324555 	3.605551 	999.000000 	1.414214 	5.656854 	13.453624 	28.284271 	3.162278 	4.472136 	6.000000 	6.082763 	9.000000 	14.000000 	18.248287 	19.313208 	
51.244511 	43.185646 	60.207973 	38.600517 	62.032249 	36.715118 	35.383614 	35.468296 	63.387695 	48.041649 	97.514099 	30.805843 	91.678787 	32.984844 	39.012817 	68.154236 	108.295891 	65.490456 	60.671246 	62.514000 	19.209373 	56.648037 	23.000000 	21.213203 	17.000000 	17.029387 	19.235384 	24.041630 	18.439089 	19.646883 	24.698177 	39.824615 	20.615528 	7.615773 	21.023796 	35.510563 	9.000000 	8.544003 	7.615773 	2.236068 	1.414214 	999.000000 	4.242640 	12.041595 	29.698484 	4.000000 	4.242640 	5.099020 	5.385165 	8.062258 	15.033297 	19.416489 	19.924858 	
53.366657 	43.185646 	63.031738 	38.209946 	59.211487 	38.078865 	35.805027 	35.383614 	66.753281 	51.009804 	101.138519 	31.764761 	95.336250 	35.355339 	42.047592 	71.840103 	111.543716 	68.183578 	63.285069 	59.211487 	19.209373 	60.539242 	26.172504 	24.738634 	20.223749 	20.396078 	22.803509 	27.856777 	22.135944 	23.409399 	28.635643 	43.908997 	24.596748 	10.000000 	25.059929 	39.661064 	6.708204 	12.529964 	11.661903 	2.236068 	5.656854 	4.242640 	999.000000 	7.810250 	33.941124 	7.615773 	6.000000 	4.472136 	5.385165 	6.403124 	18.439089 	23.086792 	22.203604 	
57.314919 	43.566040 	68.117546 	38.013157 	53.935146 	41.000000 	37.161808 	35.846897 	72.780495 	56.435802 	107.563934 	34.205261 	101.833199 	40.012497 	47.675991 	78.434685 	117.239075 	73.006851 	68.000000 	53.000000 	20.880613 	67.542580 	32.280025 	31.384710 	26.570660 	26.925823 	29.546574 	34.885529 	29.068884 	30.413813 	35.846897 	51.312767 	31.906113 	16.155495 	32.449963 	47.201694 	8.000000 	20.000000 	19.209373 	9.899495 	13.453624 	12.041595 	7.810250 	999.000000 	41.725292 	15.264338 	13.000000 	10.440307 	11.401754 	10.000000 	25.632011 	30.463093 	28.071337 	
45.607018 	53.600372 	46.872166 	52.038448 	85.146935 	40.521599 	45.276924 	48.041649 	44.271889 	35.468296 	74.006760 	39.204590 	68.007355 	31.016125 	28.425341 	45.177429 	87.965904 	52.697250 	49.203659 	87.920418 	37.107952 	32.015621 	21.095022 	18.000000 	21.377558 	20.396078 	18.110771 	14.142136 	17.262676 	16.124516 	12.165525 	14.142136 	13.152946 	27.784887 	12.165525 	9.219544 	36.619667 	22.203604 	22.803509 	31.827662 	28.284271 	29.698484 	33.941124 	41.725292 	999.000000 	27.018513 	30.000000 	32.802441 	32.202484 	35.227829 	20.880613 	17.117243 	27.073973 	
52.554733 	46.227695 	60.671246 	41.880783 	66.030296 	38.832977 	38.209946 	38.600517 	63.071388 	48.373547 	96.690224 	33.301651 	90.801979 	34.176014 	39.319206 	67.268120 	108.074051 	66.098412 	61.392181 	66.483078 	22.472204 	55.362442 	23.345236 	21.023796 	17.464249 	17.262676 	19.026299 	23.194826 	18.000000 	19.026299 	23.537205 	38.078865 	19.416489 	9.899495 	19.646883 	33.541019 	13.000000 	8.062258 	7.071068 	6.082763 	3.162278 	4.000000 	7.615773 	15.264338 	27.018513 	999.000000 	3.162278 	5.830952 	5.385165 	8.544003 	11.045361 	15.524175 	16.155495 	
55.027267 	47.423622 	63.505905 	42.801868 	65.192024 	40.816662 	39.623226 	39.698868 	66.121101 	51.244511 	99.824844 	35.000000 	93.941475 	36.687874 	42.190044 	70.405968 	111.112556 	68.883957 	64.132675 	65.192024 	23.430750 	58.523499 	26.172504 	24.000000 	20.223749 	20.099751 	22.000000 	26.305893 	21.023796 	22.090721 	26.683329 	41.231056 	22.561028 	11.661903 	22.803509 	36.674240 	12.369317 	11.000000 	10.000000 	5.385165 	4.472136 	4.242640 	6.000000 	13.000000 	30.000000 	3.162278 	999.000000 	2.828427 	2.236068 	5.385165 	12.649111 	17.464249 	16.278820 	
56.320511 	47.381432 	65.276337 	42.520584 	63.387695 	41.593269 	39.824615 	39.597980 	68.264191 	53.084839 	102.181213 	35.510563 	96.317184 	38.078865 	44.045429 	72.780495 	113.216606 	70.576202 	65.764732 	63.071388 	23.345236 	61.032780 	28.017851 	26.076809 	22.022715 	22.000000 	24.083189 	28.635643 	23.194826 	24.331051 	29.120440 	43.863426 	25.000000 	12.649111 	25.298222 	39.357338 	11.180340 	13.152946 	12.165525 	5.000000 	6.000000 	5.099020 	4.472136 	10.440307 	32.802441 	5.830952 	2.828427 	999.000000 	1.000000 	3.000000 	15.231546 	20.124611 	18.027756 	
56.612720 	48.083260 	65.375839 	43.278172 	64.381676 	42.059483 	40.459858 	40.311287 	68.183578 	53.150730 	101.980392 	36.055511 	96.104111 	38.327538 	44.102154 	72.567207 	113.159180 	70.710678 	65.924202 	64.070274 	24.041630 	60.728905 	28.071337 	26.019224 	22.090721 	22.022715 	24.020824 	28.442924 	23.086792 	24.186773 	28.861740 	43.462627 	24.738634 	13.000000 	25.000000 	38.910152 	12.083046 	13.038404 	12.041595 	5.656854 	6.082763 	5.385165 	5.385165 	11.401754 	32.202484 	5.385165 	2.236068 	1.000000 	999.000000 	3.162278 	14.317822 	19.235384 	17.029387 	
59.203041 	49.578220 	68.264191 	44.553337 	63.788715 	44.283180 	42.201897 	41.773197 	71.253067 	56.080299 	105.118980 	38.078865 	99.247169 	41.000000 	47.042534 	75.709976 	116.211014 	73.552704 	68.731361 	63.000000 	25.612497 	63.890530 	31.016125 	29.068884 	25.019993 	25.000000 	27.073973 	31.575306 	26.172504 	27.294687 	32.015621 	46.615448 	27.892651 	15.524175 	28.160255 	42.047592 	12.806249 	16.124516 	15.132746 	7.615773 	9.000000 	8.062258 	6.403124 	10.000000 	35.227829 	8.544003 	5.385165 	3.000000 	3.162278 	999.000000 	16.643316 	21.633308 	18.110771 	
56.603886 	54.708317 	62.297672 	50.990196 	77.006493 	45.276924 	46.324940 	47.413078 	62.514000 	49.979996 	94.260277 	40.804413 	88.277969 	38.600517 	41.231056 	65.030762 	107.228729 	68.007355 	63.694584 	77.524193 	31.953091 	52.239830 	26.627054 	23.323807 	21.931713 	21.260292 	21.633308 	23.409399 	20.248457 	20.591261 	22.803509 	34.234486 	19.313208 	18.973665 	18.973665 	29.274563 	24.020824 	13.892444 	13.416408 	17.117243 	14.000000 	15.033297 	18.439089 	25.632011 	20.880613 	11.045361 	12.649111 	15.231546 	14.317822 	16.643316 	999.000000 	5.000000 	8.062258 	
56.400356 	56.797886 	60.926186 	53.488316 	81.024689 	46.400433 	48.301140 	49.769470 	60.207973 	48.754486 	91.049438 	42.544094 	85.052925 	38.897301 	40.311287 	62.032249 	104.580116 	66.708321 	62.609905 	81.884064 	34.928497 	49.010204 	26.870058 	23.345236 	23.021729 	22.203604 	21.931713 	22.472204 	20.518284 	20.518284 	21.470911 	31.000000 	18.601076 	22.203604 	18.027756 	26.000000 	28.284271 	16.492422 	16.278820 	21.587032 	18.248287 	19.416489 	23.086792 	30.463093 	17.117243 	15.524175 	17.464249 	20.124611 	19.235384 	21.633308 	5.000000 	999.000000 	10.000000 	
64.660652 	61.854668 	70.228203 	57.801384 	81.394104 	53.037724 	53.600372 	54.378304 	70.035706 	57.939625 	101.044548 	48.270073 	95.047356 	46.615448 	49.244289 	72.027771 	114.529472 	75.960518 	71.693794 	81.024689 	38.470768 	59.008472 	34.669872 	31.384710 	29.832869 	29.206163 	29.681644 	31.384710 	28.301943 	28.653097 	30.675724 	41.000000 	27.313000 	25.553865 	26.925823 	36.000000 	28.635643 	21.260292 	20.615528 	21.587032 	19.313208 	19.924858 	22.203604 	28.071337 	27.073973 	16.155495 	16.278820 	18.027756 	17.029387 	18.110771 	8.062258 	10.000000 	999.000000 	

Travel time:
9.000000 	0.656220 	0.371652 	0.763217 	1.661701 	0.431567 	0.617454 	0.715891 	0.651920 	0.325960 	1.475847 	0.604669 	1.362213 	0.459619 	0.430116 	0.905883 	1.583114 	0.436606 	0.313249 	1.846957 	0.925000 	0.880696 	0.750417 	0.832166 	0.883530 	0.894427 	0.874643 	0.851469 	0.908983 	0.901388 	0.884590 	0.919239 	0.945053 	1.092016 	0.960469 	0.973717 	1.234150 	1.119431 	1.142366 	1.291559 	1.264911 	1.281113 	1.334166 	1.432873 	1.140175 	1.313868 	1.375682 	1.408013 	1.415318 	1.480076 	1.415097 	1.410009 	1.616516 	
0.656220 	9.000000 	1.027740 	0.152069 	1.009022 	0.357946 	0.213600 	0.195256 	1.293493 	0.887764 	2.131901 	0.364006 	2.018044 	0.604669 	0.814325 	1.535008 	2.213736 	1.081665 	0.965013 	1.190850 	0.601041 	1.431782 	0.813941 	0.897566 	0.854400 	0.877853 	0.910014 	0.986471 	0.941076 	0.958188 	1.035918 	1.283793 	1.030776 	0.910014 	1.055047 	1.275245 	0.925338 	1.020416 	1.033501 	1.060660 	1.081954 	1.079641 	1.079641 	1.089151 	1.340009 	1.155692 	1.185591 	1.184536 	1.202081 	1.239455 	1.367708 	1.419947 	1.546367 	
0.371652 	1.027740 	9.000000 	1.130542 	2.033009 	0.771767 	0.973717 	1.076162 	0.309233 	0.309233 	1.105102 	0.933408 	0.990581 	0.704006 	0.534439 	0.570088 	1.243232 	0.145774 	0.100000 	2.218248 	1.225765 	0.649038 	0.933408 	0.995301 	1.082243 	1.085415 	1.044330 	0.972432 	1.073837 	1.055047 	0.989002 	0.866386 	1.075291 	1.325943 	1.083109 	0.960469 	1.503330 	1.315295 	1.340009 	1.526843 	1.482607 	1.505199 	1.575794 	1.702939 	1.171804 	1.516781 	1.587648 	1.631908 	1.634396 	1.706605 	1.557442 	1.523155 	1.755705 	
0.763217 	0.152069 	1.130542 	9.000000 	0.936082 	0.395285 	0.190394 	0.100000 	1.379311 	0.957209 	2.235090 	0.328824 	2.116158 	0.617454 	0.850000 	1.611094 	2.338001 	1.197132 	1.076162 	1.096016 	0.485412 	1.479231 	0.775000 	0.851469 	0.789383 	0.813941 	0.855862 	0.950000 	0.883883 	0.905539 	1.000000 	1.285496 	0.980115 	0.806226 	1.004987 	1.262191 	0.795692 	0.929045 	0.939415 	0.941076 	0.970824 	0.965013 	0.955249 	0.950329 	1.300961 	1.047020 	1.070047 	1.063015 	1.081954 	1.113833 	1.274755 	1.337208 	1.445035 	
1.661701 	1.009022 	2.033009 	0.936082 	9.000000 	1.331353 	1.123610 	1.020416 	2.302444 	1.890106 	3.132990 	1.241219 	3.023347 	1.544345 	1.783606 	2.541776 	3.175689 	2.074398 	1.964211 	0.250000 	1.201301 	2.414151 	1.636498 	1.693000 	1.594718 	1.619027 	1.679658 	1.803122 	1.697793 	1.728077 	1.851013 	2.186607 	1.800868 	1.480287 	1.825171 	2.142574 	1.325943 	1.631908 	1.629801 	1.501874 	1.575198 	1.550806 	1.480287 	1.348379 	2.128673 	1.650757 	1.629801 	1.584692 	1.609542 	1.594718 	1.925162 	2.025617 	2.034853 	
0.431567 	0.357946 	0.771767 	0.395285 	1.331353 	9.000000 	0.212132 	0.318198 	0.995615 	0.565685 	1.865643 	0.175000 	1.740869 	0.250000 	0.459619 	1.219887 	2.008109 	0.862047 	0.735272 	1.486607 	0.505594 	1.085415 	0.503115 	0.592663 	0.585769 	0.605186 	0.617454 	0.664266 	0.651920 	0.660492 	0.711512 	0.928036 	0.726722 	0.728869 	0.749166 	0.926350 	0.831038 	0.797261 	0.816241 	0.916856 	0.908983 	0.917878 	0.951972 	1.025000 	1.013040 	0.970824 	1.020416 	1.039832 	1.051487 	1.107080 	1.131923 	1.160011 	1.325943 	
0.617454 	0.213600 	0.973717 	0.190394 	1.123610 	0.212132 	9.000000 	0.106066 	1.206752 	0.777817 	2.073192 	0.152069 	1.950160 	0.427200 	0.660492 	1.432000 	2.200568 	1.053862 	0.929045 	1.274755 	0.416083 	1.290591 	0.604669 	0.686477 	0.640800 	0.664266 	0.697316 	0.778621 	0.728011 	0.745822 	0.828402 	1.098294 	0.818917 	0.707990 	0.843356 	1.079641 	0.750417 	0.811249 	0.825379 	0.870704 	0.883883 	0.884590 	0.895126 	0.929045 	1.131923 	0.955249 	0.990581 	0.995615 	1.011496 	1.055047 	1.158123 	1.207528 	1.340009 	
0.715891 	0.195256 	1.076162 	0.100000 	1.020416 	0.318198 	0.106066 	9.000000 	1.312441 	0.883883 	2.177298 	0.230489 	2.055024 	0.525595 	0.763217 	1.538059 	2.298097 	1.152443 	1.028652 	1.168867 	0.406971 	1.393960 	0.675000 	0.751665 	0.691466 	0.715891 	0.756637 	0.850000 	0.785016 	0.806226 	0.900000 	1.188486 	0.880696 	0.721110 	0.905539 	1.163239 	0.730154 	0.838525 	0.850000 	0.866386 	0.890225 	0.886707 	0.884590 	0.896172 	1.201041 	0.965013 	0.992472 	0.989950 	1.007782 	1.044330 	1.185327 	1.244237 	1.359458 	
0.651920 	1.293493 	0.309233 	1.379311 	2.302444 	0.995615 	1.206752 	1.312441 	9.000000 	0.437321 	0.883530 	1.137157 	0.750417 	0.860959 	0.632456 	0.261008 	1.125278 	0.378319 	0.406971 	2.475126 	1.388569 	0.410031 	1.015197 	1.054751 	1.163239 	1.159741 	1.104536 	1.000000 	1.127497 	1.101136 	1.001249 	0.761577 	1.100284 	1.422146 	1.101136 	0.877853 	1.625000 	1.378632 	1.403567 	1.615743 	1.557241 	1.584692 	1.668832 	1.819512 	1.106797 	1.576785 	1.653028 	1.706605 	1.704589 	1.781327 	1.562850 	1.505199 	1.750893 	
0.325960 	0.887764 	0.309233 	0.957209 	1.890106 	0.565685 	0.777817 	0.883883 	0.437321 	9.000000 	1.319327 	0.700446 	1.187697 	0.427200 	0.226385 	0.654313 	1.520691 	0.450694 	0.347311 	2.051828 	0.956883 	0.564026 	0.626997 	0.686477 	0.776611 	0.778621 	0.735697 	0.664266 	0.764853 	0.745822 	0.682825 	0.617454 	0.766893 	1.025305 	0.775403 	0.691466 	1.212693 	1.007782 	1.032594 	1.225000 	1.177391 	1.201041 	1.275245 	1.410895 	0.886707 	1.209339 	1.281113 	1.327121 	1.328768 	1.402007 	1.249500 	1.218862 	1.448491 	
1.475847 	2.131901 	1.105102 	2.235090 	3.132990 	1.865643 	2.073192 	2.177298 	0.883530 	1.319327 	9.000000 	2.015564 	0.150000 	1.744456 	1.513481 	0.735697 	0.477624 	1.060660 	1.168867 	3.322744 	2.271838 	1.051190 	1.882153 	1.910007 	2.026080 	2.019437 	1.958475 	1.838648 	1.976898 	1.946953 	1.829105 	1.501874 	1.931968 	2.287056 	1.927596 	1.626730 	2.498250 	2.226264 	2.250694 	2.473863 	2.407930 	2.437852 	2.528463 	2.689098 	1.850169 	2.417256 	2.495621 	2.554530 	2.549510 	2.627975 	2.356507 	2.276236 	2.526114 	
0.604669 	0.364006 	0.933408 	0.328824 	1.241219 	0.175000 	0.152069 	0.230489 	1.137157 	0.700446 	2.015564 	9.000000 	1.886796 	0.305164 	0.550568 	1.347683 	2.174425 	1.030776 	0.903466 	1.375000 	0.333542 	1.180042 	0.452769 	0.534439 	0.492443 	0.515388 	0.546008 	0.626997 	0.577170 	0.594243 	0.676849 	0.958188 	0.667083 	0.585769 	0.691466 	0.933408 	0.664266 	0.675463 	0.691466 	0.763217 	0.765261 	0.770146 	0.794119 	0.855132 	0.980115 	0.832541 	0.875000 	0.887764 	0.901388 	0.951972 	1.020110 	1.063602 	1.206752 	
1.362213 	2.018044 	0.990581 	2.116158 	3.023347 	1.740869 	1.950160 	2.055024 	0.750417 	1.187697 	0.150000 	1.886796 	9.000000 	1.610318 	1.375909 	0.588430 	0.590021 	0.960469 	1.061249 	3.207900 	2.135708 	0.901388 	1.739253 	1.765113 	1.882153 	1.875000 	1.813319 	1.692077 	1.831154 	1.800868 	1.681703 	1.352082 	1.784657 	2.143158 	1.779923 	1.476906 	2.356109 	2.079964 	2.104311 	2.328626 	2.261775 	2.291970 	2.383406 	2.545830 	1.700184 	2.270050 	2.348537 	2.407930 	2.402603 	2.481179 	2.206949 	2.126323 	2.376184 	
0.459619 	0.604669 	0.704006 	0.617454 	1.544345 	0.250000 	0.427200 	0.525595 	0.860959 	0.427200 	1.744456 	0.305164 	1.610318 	9.000000 	0.247487 	1.055047 	1.941649 	0.825000 	0.700446 	1.680030 	0.529741 	0.875000 	0.301040 	0.388909 	0.425000 	0.437321 	0.425735 	0.437321 	0.460977 	0.459619 	0.480885 	0.679154 	0.515388 	0.637377 	0.535023 	0.676849 	0.800391 	0.660019 	0.682825 	0.838525 	0.807001 	0.824621 	0.883883 	1.000312 	0.775403 	0.854400 	0.917197 	0.951972 	0.958188 	1.025000 	0.965013 	0.972432 	1.165386 	
0.430116 	0.814325 	0.534439 	0.850000 	1.783606 	0.459619 	0.660492 	0.763217 	0.632456 	0.226385 	1.513481 	0.550568 	1.375909 	0.247487 	9.000000 	0.811249 	1.739612 	0.673146 	0.561805 	1.925162 	0.760345 	0.630971 	0.400780 	0.460977 	0.550568 	0.552268 	0.509902 	0.447214 	0.539676 	0.522015 	0.471699 	0.509902 	0.548293 	0.801561 	0.559017 	0.548293 	0.995301 	0.781425 	0.806226 	1.000312 	0.951315 	0.975320 	1.051190 	1.191900 	0.710634 	0.982980 	1.054751 	1.101136 	1.102554 	1.176063 	1.030776 	1.007782 	1.231107 	
0.905883 	1.535008 	0.570088 	1.611094 	2.541776 	1.219887 	1.432000 	1.538059 	0.261008 	0.654313 	0.735697 	1.347683 	0.588430 	1.055047 	0.811249 	9.000000 	1.073837 	0.625500 	0.667083 	2.706127 	1.569236 	0.333542 	1.155963 	1.178187 	1.296630 	1.288652 	1.226020 	1.103687 	1.243232 	1.212693 	1.093446 	0.776611 	1.196349 	1.557442 	1.191900 	0.901388 	1.773415 	1.491643 	1.515957 	1.741049 	1.673507 	1.703856 	1.796003 	1.960867 	1.129436 	1.681703 	1.760149 	1.819512 	1.814180 	1.892749 	1.625769 	1.550806 	1.800694 	
1.583114 	2.213736 	1.243232 	2.338001 	3.175689 	2.008109 	2.200568 	2.298097 	1.125278 	1.520691 	0.477624 	2.174425 	0.590021 	1.941649 	1.739612 	1.073837 	9.000000 	1.147007 	1.273038 	3.387108 	2.467919 	1.407347 	2.134391 	2.178589 	2.283774 	2.281721 	2.228508 	2.125147 	2.252221 	2.226264 	2.125147 	1.845603 	2.225000 	2.539931 	2.225140 	1.969296 	2.733244 	2.503123 	2.528092 	2.736444 	2.680718 	2.707397 	2.788593 	2.930977 	2.199148 	2.701851 	2.777814 	2.830415 	2.828979 	2.905275 	2.680718 	2.614503 	2.863237 	
