Total assets = 745
Number of asset nodes = 40

Distance:
999.000000 	22.472204 	58.728188 	72.249565 	26.570660 	24.166092 	14.142136 	26.305893 	83.546394 	72.180328 	48.373547 	92.195442 	50.000000 	24.331051 	29.732138 	45.541191 	35.777088 	51.478149 	89.872131 	53.141319 	46.647614 	54.083271 	27.202942 	28.301943 	50.695168 	47.010635 	27.586229 	54.708317 	32.893768 	43.046486 	47.518417 	55.081757 	53.600372 	31.622776 	54.571056 	49.365982 	43.046486 	34.481880 	33.301651 	108.894447 	36.055511 	74.966660 	36.124783 	39.446167 	45.177429 	42.720020 	39.962482 	39.408119 	39.204590 	66.940269 	56.008926 	58.694122 	93.295227 	
22.472204 	999.000000 	36.878178 	51.039200 	6.708204 	44.687805 	23.769728 	10.630146 	62.201286 	50.249378 	25.942244 	71.028160 	30.083218 	16.763054 	49.406479 	24.186773 	56.222771 	29.410883 	67.896980 	31.575306 	67.475922 	32.557640 	28.160255 	27.459061 	30.016663 	67.623962 	31.016125 	33.376640 	25.942244 	26.000000 	28.442924 	34.132095 	33.015148 	30.805843 	34.014702 	30.594116 	27.784887 	31.016125 	34.525352 	87.114868 	33.837849 	96.938126 	36.878178 	35.341194 	61.465439 	34.205261 	36.249138 	37.336308 	37.947330 	46.173584 	38.600517 	78.230431 	70.830788 	
58.728188 	36.878178 	999.000000 	14.866069 	35.846897 	81.565926 	59.908264 	39.812057 	25.553865 	13.453624 	16.031219 	34.481880 	13.000000 	47.927029 	86.214851 	25.000000 	93.085983 	19.416489 	31.144823 	23.086792 	104.350372 	23.409399 	59.808025 	58.189346 	27.658634 	104.484451 	63.324562 	24.698177 	52.392746 	38.000000 	33.241539 	26.925823 	28.460499 	60.440052 	28.792360 	34.525352 	42.000000 	58.463665 	64.560051 	50.249378 	61.392181 	133.645050 	65.969688 	60.671246 	97.128784 	55.081757 	61.660358 	63.953106 	65.115280 	32.557640 	41.109608 	114.856430 	37.854988 	
72.249565 	51.039200 	14.866069 	999.000000 	50.537113 	95.603348 	74.431175 	54.625999 	11.313708 	7.071068 	30.594116 	20.000000 	22.803509 	62.769421 	100.439034 	39.319206 	107.200745 	33.015148 	19.313208 	36.055511 	118.406082 	36.124783 	74.672615 	73.054771 	41.012192 	118.600166 	78.185677 	37.215588 	67.186310 	52.239830 	47.010635 	39.319206 	41.194660 	75.286118 	41.303753 	48.010414 	56.222771 	73.246162 	79.404030 	37.013512 	76.157730 	147.186951 	80.777473 	75.312683 	111.825760 	69.462219 	76.295479 	78.644768 	79.831070 	41.629318 	53.600372 	129.247818 	32.557640 	
26.570660 	6.708204 	35.846897 	50.537113 	999.000000 	46.754681 	24.207438 	5.099020 	61.400326 	48.826221 	22.671568 	70.327805 	31.400637 	13.038404 	50.931328 	18.973665 	57.982758 	25.059929 	66.219330 	26.570660 	69.296463 	27.513634 	25.179358 	24.020824 	24.331051 	69.310890 	28.442924 	28.160255 	20.880613 	19.313208 	22.090721 	28.635643 	27.294687 	27.018513 	28.284271 	24.186773 	21.095022 	26.476404 	31.000000 	85.603737 	29.427877 	99.488693 	33.060551 	30.364452 	61.294373 	28.301943 	31.320919 	32.756680 	33.541019 	40.607880 	32.015621 	79.202271 	67.424034 	
24.166092 	44.687805 	81.565926 	95.603348 	46.754681 	999.000000 	23.323807 	44.407207 	106.826965 	94.921021 	69.426216 	115.602768 	73.783470 	38.470768 	6.000000 	64.637451 	11.661903 	71.400284 	112.538879 	72.111023 	22.803509 	72.945183 	32.557640 	34.713108 	68.600288 	23.021729 	30.149628 	73.246162 	42.449970 	58.180752 	63.953106 	73.061615 	71.196907 	36.221542 	72.069412 	65.306969 	56.648037 	40.311287 	35.000000 	131.795303 	40.049969 	52.801514 	37.054016 	44.045429 	23.769728 	50.487621 	44.011364 	42.011902 	41.048752 	84.077347 	69.892776 	34.539833 	114.017540 	
14.142136 	23.769728 	59.908264 	74.431175 	24.207438 	23.323807 	999.000000 	21.260292 	85.440041 	73.006851 	46.690472 	94.339813 	53.851646 	15.231546 	26.907248 	41.400482 	34.058773 	48.270073 	90.426765 	48.826221 	45.343136 	49.648766 	13.416408 	14.866069 	45.276924 	45.276924 	13.453624 	49.929951 	21.023796 	35.114101 	40.718548 	49.739319 	47.885281 	17.888544 	48.764740 	42.154476 	33.955853 	21.189621 	19.209373 	109.808922 	22.360680 	76.026314 	22.022715 	26.000000 	37.696156 	30.413813 	26.400757 	25.553865 	25.238859 	60.835846 	47.296936 	55.000000 	90.906548 	
26.305893 	10.630146 	39.812057 	54.625999 	5.099020 	44.407207 	21.260292 	999.000000 	65.299309 	52.478565 	25.612497 	74.242844 	36.221542 	8.246211 	48.166378 	20.248457 	55.317268 	27.018513 	69.634758 	27.784887 	66.603302 	28.653097 	20.396078 	19.104973 	24.698177 	66.528191 	23.769728 	29.068884 	15.811388 	17.117243 	21.213203 	29.154760 	27.513634 	22.000000 	28.460499 	23.086792 	18.027756 	21.377558 	26.019224 	89.050545 	24.331051 	97.200821 	28.017851 	25.298222 	57.454330 	23.600847 	26.248810 	27.658634 	28.442924 	40.804413 	30.149628 	75.927597 	69.656296 	
83.546394 	62.201286 	25.553865 	11.313708 	61.400326 	106.826965 	85.440041 	65.299309 	999.000000 	13.341664 	40.496914 	8.944272 	34.058773 	73.348480 	111.606453 	48.764740 	118.406082 	41.976185 	10.049875 	44.407207 	129.630249 	44.283180 	85.088188 	83.384651 	49.497475 	129.807556 	88.639717 	45.177429 	77.162170 	61.392181 	55.731499 	47.095646 	49.162994 	85.440041 	49.091751 	56.435802 	65.306969 	83.168503 	89.537704 	25.806976 	86.023254 	158.492905 	90.757919 	84.899940 	122.674362 	78.644768 	85.866173 	88.323273 	89.560036 	46.872166 	61.000000 	140.346008 	27.784887 	
72.180328 	50.249378 	13.453624 	7.071068 	48.826221 	94.921021 	73.006851 	52.478565 	13.341664 	999.000000 	27.313000 	22.135944 	24.698177 	60.415230 	99.488693 	35.440090 	106.404884 	28.635643 	17.691807 	31.144823 	117.686020 	31.064449 	72.013885 	70.263786 	36.221542 	117.796432 	75.584389 	32.015621 	63.906181 	48.052055 	42.426407 	34.000000 	36.013885 	72.235725 	36.000000 	43.185646 	51.971146 	69.892776 	76.321686 	36.878178 	72.732384 	147.085007 	77.491936 	71.568146 	109.931801 	65.306969 	72.532753 	75.000000 	76.243034 	35.114101 	48.093658 	128.003906 	27.018513 	
48.373547 	25.942244 	16.031219 	30.594116 	22.671568 	69.426216 	46.690472 	25.612497 	40.496914 	27.313000 	999.000000 	49.396355 	20.000000 	33.286633 	73.539108 	9.055386 	80.622574 	5.830952 	44.102154 	10.000000 	91.934761 	10.816654 	44.721359 	42.953465 	13.038404 	91.923882 	48.301140 	12.206555 	36.687874 	22.022715 	17.720045 	14.212670 	14.866069 	44.944408 	15.556349 	19.313208 	26.019224 	42.720020 	49.040798 	63.513779 	45.607018 	122.147453 	50.289165 	44.721359 	82.927681 	39.051247 	45.705578 	48.052055 	49.244289 	24.351591 	26.925823 	101.533249 	44.944408 	
92.195442 	71.028160 	34.481880 	20.000000 	70.327805 	115.602768 	94.339813 	74.242844 	8.944272 	22.135944 	49.396355 	999.000000 	42.426407 	82.292160 	120.432556 	57.567352 	127.200630 	50.695168 	10.816654 	52.952808 	138.405197 	52.773098 	94.021271 	92.309265 	58.051701 	138.600143 	97.575615 	53.600372 	86.034874 	70.092796 	64.327286 	55.443665 	57.558666 	94.339813 	57.428215 	64.938431 	73.979729 	92.027168 	98.432716 	18.384777 	94.868332 	167.092789 	99.624290 	93.680305 	131.609268 	87.321243 	94.641426 	97.123634 	98.371742 	54.230988 	69.115845 	149.214615 	29.732138 	
50.000000 	30.083218 	13.000000 	22.803509 	31.400637 	73.783470 	53.851646 	36.221542 	34.058773 	24.698177 	20.000000 	42.426407 	999.000000 	44.407207 	78.892334 	28.178005 	85.440041 	25.495098 	41.677334 	29.732138 	96.519424 	30.413813 	56.568542 	55.326305 	33.015148 	96.798759 	59.841457 	31.827662 	51.009804 	40.162170 	37.121422 	33.970577 	34.828148 	58.137768 	35.468296 	38.948685 	43.965897 	57.000000 	62.201286 	59.816387 	60.000000 	124.739731 	64.070274 	60.133186 	91.547798 	55.901699 	61.131008 	63.031738 	64.007812 	42.438190 	46.872166 	107.912003 	50.635956 	
24.331051 	16.763054 	47.927029 	62.769421 	13.038404 	38.470768 	15.231546 	8.246211 	73.348480 	60.415230 	33.286633 	82.292160 	44.407207 	999.000000 	41.617306 	26.870058 	48.826221 	33.970577 	77.388626 	34.058773 	60.000000 	34.828148 	12.165525 	11.000000 	30.232433 	59.816387 	15.524175 	35.000000 	9.899495 	19.924858 	25.495098 	34.669872 	32.756680 	14.142136 	33.615471 	26.925823 	19.104973 	14.317822 	18.027756 	96.798759 	17.088007 	90.972527 	20.223749 	18.867962 	49.648766 	19.416489 	19.723083 	20.615528 	21.189621 	45.617977 	32.388271 	68.622154 	76.419891 	
29.732138 	49.406479 	86.214851 	100.439034 	50.931328 	6.000000 	26.907248 	48.166378 	111.606453 	99.488693 	73.539108 	120.432556 	78.892334 	41.617306 	999.000000 	68.249542 	7.211102 	75.166481 	117.034180 	75.604233 	18.439089 	76.400261 	34.176014 	36.400551 	71.847061 	18.384777 	31.320919 	76.609398 	44.384682 	60.901562 	66.887962 	76.275818 	74.330345 	37.363083 	75.166481 	68.095520 	59.033890 	41.484936 	35.510563 	136.359818 	40.792156 	49.396355 	37.215588 	44.721359 	18.027756 	51.662365 	44.553337 	42.296574 	41.194660 	86.954010 	72.090218 	29.068884 	117.796432 	
45.541191 	24.186773 	25.000000 	39.319206 	18.973665 	64.637451 	41.400482 	20.248457 	48.764740 	35.440090 	9.055386 	57.567352 	28.178005 	26.870058 	68.249542 	999.000000 	75.432091 	7.211102 	51.429562 	7.615773 	86.683334 	8.544003 	37.443291 	35.510563 	6.324555 	86.556343 	41.048752 	9.219544 	28.635643 	13.000000 	8.944272 	10.000000 	9.219544 	37.121422 	10.198039 	10.816654 	17.000000 	34.539833 	41.146080 	70.710678 	37.336308 	117.413795 	42.154476 	36.138622 	76.216797 	30.149628 	37.107952 	39.560081 	40.804413 	22.022715 	19.104973 	95.482986 	49.578220 	
35.777088 	56.222771 	93.085983 	107.200745 	57.982758 	11.661903 	34.058773 	55.317268 	118.406082 	106.404884 	80.622574 	127.200630 	85.440041 	48.826221 	7.211102 	75.432091 	999.000000 	82.328613 	123.987900 	82.800964 	11.313708 	83.600243 	41.231056 	43.462627 	79.056938 	11.401754 	38.275318 	83.815269 	51.478149 	68.095520 	74.094536 	83.486526 	81.541397 	44.271889 	82.377182 	75.292763 	66.189125 	48.383881 	42.201897 	143.282944 	47.539455 	42.190044 	43.737854 	51.419842 	17.691807 	58.523499 	51.195702 	48.836460 	47.675991 	94.154129 	79.202271 	23.086792 	124.963997 	
51.478149 	29.410883 	19.416489 	33.015148 	25.059929 	71.400284 	48.270073 	27.018513 	41.976185 	28.635643 	5.830952 	50.695168 	25.495098 	33.970577 	75.166481 	7.211102 	82.328613 	999.000000 	44.283180 	4.242640 	93.605553 	5.000000 	44.654228 	42.720020 	8.246211 	93.509361 	48.259712 	6.403124 	35.777088 	19.416489 	14.000000 	8.485281 	9.433981 	44.294468 	10.000000 	15.132746 	23.345236 	41.629318 	48.301140 	63.529522 	44.384682 	124.201447 	49.244289 	43.011627 	83.408630 	36.674240 	43.965897 	46.486557 	47.759815 	18.681541 	21.931713 	102.591423 	42.638012 	
89.872131 	67.896980 	31.144823 	19.313208 	66.219330 	112.538879 	90.426765 	69.634758 	10.049875 	17.691807 	44.102154 	10.816654 	41.677334 	77.388626 	117.034180 	51.429562 	123.987900 	44.283180 	999.000000 	45.880280 	135.281189 	45.541191 	88.684837 	86.833176 	50.921509 	135.369858 	92.282173 	46.173584 	80.056229 	63.324562 	57.245087 	47.801674 	50.000000 	88.549423 	49.729267 	57.567352 	67.067131 	85.906929 	92.574295 	19.416489 	88.639717 	164.769531 	93.520050 	87.091904 	127.027557 	80.324341 	88.022728 	90.620087 	91.923882 	45.011108 	60.827625 	145.416641 	19.104973 	
53.141319 	31.575306 	23.086792 	36.055511 	26.570660 	72.111023 	48.826221 	27.784887 	44.407207 	31.144823 	10.000000 	52.952808 	29.732138 	34.058773 	75.604233 	7.615773 	82.800964 	4.242640 	45.880280 	999.000000 	94.021271 	1.000000 	44.045429 	42.011902 	5.099020 	93.861603 	47.634022 	2.236068 	34.669872 	17.464249 	11.401754 	4.242640 	5.385165 	43.266617 	5.830952 	12.041595 	21.189621 	40.311287 	47.169907 	64.884514 	42.941822 	124.851913 	47.885281 	41.231056 	82.975899 	34.481880 	42.154476 	44.777225 	46.097721 	15.132746 	18.027756 	102.532921 	42.426407 	
46.647614 	67.475922 	104.350372 	118.406082 	69.296463 	22.803509 	45.343136 	66.603302 	129.630249 	117.686020 	91.934761 	138.405197 	96.519424 	60.000000 	18.439089 	86.683334 	11.313708 	93.605553 	135.281189 	94.021271 	999.000000 	94.810333 	51.884487 	54.120235 	90.210861 	1.414214 	48.754486 	95.000000 	62.177166 	79.075912 	85.146935 	94.625580 	92.655273 	54.625999 	93.477272 	86.284416 	77.025970 	58.694122 	52.201534 	154.563904 	57.584721 	31.304953 	53.450912 	61.351448 	20.615528 	68.709534 	61.032780 	58.523499 	57.280014 	105.152267 	89.894379 	14.035668 	136.235092 	
54.083271 	32.557640 	23.409399 	36.124783 	27.513634 	72.945183 	49.648766 	28.653097 	44.283180 	31.064449 	10.816654 	52.773098 	30.413813 	34.828148 	76.400261 	8.544003 	83.600243 	5.000000 	45.541191 	1.000000 	94.810333 	999.000000 	44.687805 	42.638012 	5.385165 	94.641426 	48.270073 	1.414214 	35.227829 	17.888544 	11.704700 	3.605551 	5.099020 	43.829212 	5.385165 	12.165525 	21.540659 	40.816662 	47.707443 	64.474800 	43.416588 	125.670204 	48.373547 	41.629318 	83.630135 	34.785053 	42.544094 	45.188496 	46.518814 	14.142136 	17.720045 	103.247276 	41.725292 	
27.202942 	28.160255 	59.808025 	74.672615 	25.179358 	32.557640 	13.416408 	20.396078 	85.088188 	72.013885 	44.721359 	94.021271 	56.568542 	12.165525 	34.176014 	37.443291 	41.231056 	44.654228 	88.684837 	44.045429 	51.884487 	44.687805 	999.000000 	2.236068 	39.623226 	51.478149 	3.605551 	44.598206 	10.295630 	27.658634 	33.970577 	43.840622 	41.725292 	4.472136 	42.449970 	34.828148 	25.238859 	8.062258 	6.708204 	108.046288 	8.944272 	83.186539 	9.433981 	12.649111 	38.948685 	18.027756 	13.000000 	12.206555 	12.041595 	53.600372 	38.013157 	58.898216 	86.371292 	
28.301943 	27.459061 	58.189346 	73.054771 	24.020824 	34.713108 	14.866069 	19.104973 	83.384651 	70.263786 	42.953465 	92.309265 	55.326305 	11.000000 	36.400551 	35.510563 	43.462627 	42.720020 	86.833176 	42.011902 	54.120235 	42.638012 	2.236068 	999.000000 	37.536648 	53.712196 	5.656854 	42.520584 	8.062258 	25.495098 	31.827662 	41.725292 	39.597980 	3.605551 	40.311287 	32.649654 	23.021729 	6.324555 	7.071068 	106.174385 	7.810250 	85.422478 	9.486833 	11.180340 	41.036568 	16.000000 	11.661903 	11.313708 	11.401754 	51.400391 	35.777088 	61.073727 	84.291161 	
50.695168 	30.016663 	27.658634 	41.012192 	24.331051 	68.600288 	45.276924 	24.698177 	49.497475 	36.221542 	13.038404 	58.051701 	33.015148 	30.232433 	71.847061 	6.324555 	79.056938 	8.246211 	50.921509 	5.099020 	90.210861 	5.385165 	39.623226 	37.536648 	999.000000 	90.000000 	43.185646 	5.000000 	30.000000 	12.529964 	6.324555 	4.472136 	3.000000 	38.600517 	4.000000 	7.000000 	16.155495 	35.510563 	42.438190 	69.856995 	38.078865 	121.202309 	43.046486 	36.249138 	78.568443 	29.410883 	37.161808 	39.812057 	41.146080 	16.278820 	13.892444 	98.351410 	46.754681 	
47.010635 	67.623962 	104.484451 	118.600166 	69.310890 	23.021729 	45.276924 	66.528191 	129.807556 	117.796432 	91.923882 	138.600143 	96.798759 	59.816387 	18.384777 	86.556343 	11.401754 	93.509361 	135.369858 	93.861603 	1.414214 	94.641426 	51.478149 	53.712196 	90.000000 	999.000000 	48.301140 	94.810333 	61.773781 	78.771820 	84.876381 	94.403389 	92.417534 	54.129475 	93.230896 	85.982559 	76.661591 	58.180752 	51.623638 	154.673843 	57.008770 	31.780497 	52.810986 	60.745369 	19.416489 	68.154236 	60.406952 	57.870544 	56.612720 	104.847511 	89.470665 	13.000000 	136.124939 	
27.586229 	31.016125 	63.324562 	78.185677 	28.442924 	30.149628 	13.453624 	23.769728 	88.639717 	75.584389 	48.301140 	97.575615 	59.841457 	15.524175 	31.320919 	41.048752 	38.275318 	48.259712 	92.282173 	47.634022 	48.754486 	48.270073 	3.605551 	5.656854 	43.185646 	48.301140 	999.000000 	48.166378 	13.601471 	31.144823 	37.483330 	47.381432 	45.254833 	6.082763 	45.967381 	38.288380 	28.600698 	10.198039 	5.830952 	111.646767 	10.049875 	80.056229 	8.602325 	14.035668 	35.383614 	20.396078 	14.142136 	12.649111 	12.083046 	57.008770 	41.182522 	55.443665 	89.938866 	
54.708317 	33.376640 	24.698177 	37.215588 	28.160255 	73.246162 	49.929951 	29.068884 	45.177429 	32.015621 	12.206555 	53.600372 	31.827662 	35.000000 	76.609398 	9.219544 	83.815269 	6.403124 	46.173584 	2.236068 	95.000000 	1.414214 	44.598206 	42.520584 	5.000000 	94.810333 	48.166378 	999.000000 	35.000000 	17.492855 	11.180340 	2.236068 	4.000000 	43.600460 	4.123106 	11.401754 	21.023796 	40.496914 	47.434166 	65.000000 	43.046486 	125.924583 	48.020828 	41.146080 	83.546394 	34.176014 	42.047592 	44.721359 	46.065170 	13.038404 	16.492422 	103.276329 	41.773197 	
32.893768 	25.942244 	52.392746 	67.186310 	20.880613 	42.449970 	21.023796 	15.811388 	77.162170 	63.906181 	36.687874 	86.034874 	51.009804 	9.899495 	44.384682 	28.635643 	51.478149 	35.777088 	80.056229 	34.669872 	62.177166 	35.227829 	10.295630 	8.062258 	30.000000 	61.773781 	13.601471 	35.000000 	999.000000 	17.691807 	24.083189 	34.058773 	31.890438 	8.602325 	32.557640 	24.758837 	15.000000 	6.082763 	12.529964 	99.297531 	9.055386 	93.477272 	13.601471 	9.486833 	48.795490 	9.848858 	10.440307 	12.041595 	13.000000 	43.416588 	27.730848 	69.028976 	76.694199 	
43.046486 	26.000000 	38.000000 	52.239830 	19.313208 	58.180752 	35.114101 	17.117243 	61.392181 	48.052055 	22.022715 	70.092796 	40.162170 	19.924858 	60.901562 	13.000000 	68.095520 	19.416489 	63.324562 	17.464249 	79.075912 	17.888544 	27.658634 	25.495098 	12.529964 	78.771820 	31.144823 	17.492855 	17.691807 	999.000000 	6.403124 	16.401220 	14.212670 	26.248810 	14.866069 	7.211102 	4.000000 	23.021729 	30.000000 	82.346825 	25.553865 	110.276924 	30.528675 	23.769728 	66.468040 	17.262676 	24.698177 	27.313000 	28.635643 	26.076809 	13.038404 	86.556343 	59.033890 	
47.518417 	28.442924 	33.241539 	47.010635 	22.090721 	63.953106 	40.718548 	21.213203 	55.731499 	42.426407 	17.720045 	64.327286 	37.121422 	25.495098 	66.887962 	8.944272 	74.094536 	14.000000 	57.245087 	11.401754 	85.146935 	11.704700 	33.970577 	31.827662 	6.324555 	84.876381 	37.483330 	11.180340 	24.083189 	6.403124 	999.000000 	10.000000 	7.810250 	32.649654 	8.485281 	2.236068 	9.848858 	29.410883 	36.400551 	76.157730 	31.906113 	116.284134 	36.891735 	29.966648 	72.835434 	23.086792 	30.870699 	33.541019 	34.885529 	20.124611 	10.816654 	92.849342 	52.630791 	
55.081757 	34.132095 	26.925823 	39.319206 	28.635643 	73.061615 	49.739319 	29.154760 	47.095646 	34.000000 	14.212670 	55.443665 	33.970577 	34.669872 	76.275818 	10.000000 	83.486526 	8.485281 	47.801674 	4.242640 	94.625580 	3.605551 	43.840622 	41.725292 	4.472136 	94.403389 	47.381432 	2.236068 	34.058773 	16.401220 	10.000000 	999.000000 	2.236068 	42.638012 	2.000000 	9.848858 	19.723083 	39.408119 	46.400433 	66.483078 	41.880783 	125.642349 	46.872166 	39.824615 	82.758682 	32.695564 	40.706264 	43.416588 	44.777225 	12.041595 	14.317822 	102.649887 	42.638012 	
53.600372 	33.015148 	28.460499 	41.194660 	27.294687 	71.196907 	47.885281 	27.513634 	49.162994 	36.013885 	14.866069 	57.558666 	34.828148 	32.756680 	74.330345 	9.219544 	81.541397 	9.433981 	50.000000 	5.385165 	92.655273 	5.099020 	41.725292 	39.597980 	3.000000 	92.417534 	45.254833 	4.000000 	31.890438 	14.212670 	7.810250 	2.236068 	999.000000 	40.459858 	1.000000 	7.615773 	17.492855 	37.202152 	44.204071 	68.709534 	39.661064 	123.713379 	44.654228 	37.589893 	80.622574 	30.463093 	38.470768 	41.182522 	42.544094 	13.341664 	12.649111 	100.568382 	44.821869 	
31.622776 	30.805843 	60.440052 	75.286118 	27.018513 	36.221542 	17.888544 	22.000000 	85.440041 	72.235725 	44.944408 	94.339813 	58.137768 	14.142136 	37.363083 	37.121422 	44.271889 	44.294468 	88.549423 	43.266617 	54.625999 	43.829212 	4.472136 	3.605551 	38.600517 	54.129475 	6.082763 	43.600460 	8.602325 	26.248810 	32.649654 	42.638012 	40.459858 	999.000000 	41.109608 	33.241539 	23.345236 	4.123106 	4.123106 	107.823929 	4.472136 	85.906929 	6.082763 	8.246211 	40.360870 	14.317822 	8.544003 	7.810250 	7.810250 	51.739735 	35.510563 	60.802959 	85.276024 	
54.571056 	34.014702 	28.792360 	41.303753 	28.284271 	72.069412 	48.764740 	28.460499 	49.091751 	36.000000 	15.556349 	57.428215 	35.468296 	33.615471 	75.166481 	10.198039 	82.377182 	10.000000 	49.729267 	5.830952 	93.477272 	5.385165 	42.449970 	40.311287 	4.000000 	93.230896 	45.967381 	4.123106 	32.557640 	14.866069 	8.485281 	2.000000 	1.000000 	41.109608 	999.000000 	8.062258 	18.027756 	37.802116 	44.821869 	68.352028 	40.224369 	124.555206 	45.221676 	38.078865 	81.320351 	30.870699 	38.948685 	41.677334 	43.046486 	12.369317 	12.369317 	101.316338 	44.204071 	
49.365982 	30.594116 	34.525352 	48.010414 	24.186773 	65.306969 	42.154476 	23.086792 	56.435802 	43.185646 	19.313208 	64.938431 	38.948685 	26.925823 	68.095520 	10.816654 	75.292763 	15.132746 	57.567352 	12.041595 	86.284416 	12.165525 	34.828148 	32.649654 	7.000000 	85.982559 	38.288380 	11.401754 	24.758837 	7.211102 	2.236068 	9.848858 	7.615773 	33.241539 	8.062258 	999.000000 	10.000000 	29.832869 	36.878178 	76.321686 	32.202484 	117.477661 	37.202152 	30.016663 	73.552704 	22.847319 	30.886890 	33.615471 	34.985710 	18.867962 	8.602325 	93.723000 	52.201534 	
43.046486 	27.784887 	42.000000 	56.222771 	21.095022 	56.648037 	33.955853 	18.027756 	65.306969 	51.971146 	26.019224 	73.979729 	43.965897 	19.104973 	59.033890 	17.000000 	66.189125 	23.345236 	67.067131 	21.189621 	77.025970 	21.540659 	25.238859 	23.021729 	16.155495 	76.661591 	28.600698 	21.023796 	15.000000 	4.000000 	9.848858 	19.723083 	17.492855 	23.345236 	18.027756 	10.000000 	999.000000 	19.849434 	26.907248 	86.005814 	22.203604 	108.300507 	27.202942 	20.124611 	63.702435 	13.341664 	21.023796 	23.706539 	25.059929 	28.425341 	13.341664 	84.023804 	62.201286 	
34.481880 	31.016125 	58.463665 	73.246162 	26.476404 	40.311287 	21.189621 	21.377558 	83.168503 	69.892776 	42.720020 	92.027168 	57.000000 	14.317822 	41.484936 	34.539833 	48.383881 	41.629318 	85.906929 	40.311287 	58.694122 	40.816662 	8.062258 	6.324555 	35.510563 	58.180752 	10.198039 	40.496914 	6.082763 	23.021729 	29.410883 	39.408119 	37.202152 	4.123106 	37.802116 	29.832869 	19.849434 	999.000000 	7.071068 	105.095192 	3.000000 	89.961105 	7.615773 	5.000000 	44.045429 	10.198039 	5.656854 	6.324555 	7.071068 	48.104053 	31.622776 	64.637451 	82.006096 	
33.301651 	34.525352 	64.560051 	79.404030 	31.000000 	35.000000 	19.209373 	26.019224 	89.537704 	76.321686 	49.040798 	98.432716 	62.201286 	18.027756 	35.510563 	41.146080 	42.201897 	48.301140 	92.574295 	47.169907 	52.201534 	47.707443 	6.708204 	7.071068 	42.438190 	51.623638 	5.830952 	47.434166 	12.529964 	30.000000 	36.400551 	46.400433 	44.204071 	4.123106 	44.821869 	36.878178 	26.907248 	7.071068 	999.000000 	111.825760 	5.385165 	83.384651 	2.828427 	9.219544 	37.013512 	16.552946 	9.055386 	7.071068 	6.324555 	55.172459 	38.600517 	57.688820 	89.022469 	
108.894447 	87.114868 	50.249378 	37.013512 	85.603737 	131.795303 	109.808922 	89.050545 	25.806976 	36.878178 	63.513779 	18.384777 	59.816387 	96.798759 	136.359818 	70.710678 	143.282944 	63.529522 	19.416489 	64.884514 	154.563904 	64.474800 	108.046288 	106.174385 	69.856995 	154.673843 	111.646767 	65.000000 	99.297531 	82.346825 	76.157730 	66.483078 	68.709534 	107.823929 	68.352028 	76.321686 	86.005814 	105.095192 	111.825760 	999.000000 	107.786827 	183.853195 	112.698715 	106.103722 	146.441116 	99.161484 	107.018692 	109.658562 	110.981979 	62.169125 	78.847954 	164.805954 	29.154760 	
36.055511 	33.837849 	61.392181 	76.157730 	29.427877 	40.049969 	22.360680 	24.331051 	86.023254 	72.732384 	45.607018 	94.868332 	60.000000 	17.088007 	40.792156 	37.336308 	47.539455 	44.384682 	88.639717 	42.941822 	57.584721 	43.416588 	8.944272 	7.810250 	38.078865 	57.008770 	10.049875 	43.046486 	9.055386 	25.553865 	31.906113 	41.880783 	39.661064 	4.472136 	40.224369 	32.202484 	22.203604 	3.000000 	5.385165 	107.786827 	999.000000 	88.769363 	5.000000 	4.000000 	42.201897 	11.180340 	4.123106 	3.605551 	4.123106 	50.209560 	33.421551 	62.968246 	84.403793 	
74.966660 	96.938126 	133.645050 	147.186951 	99.488693 	52.801514 	76.026314 	97.200821 	158.492905 	147.085007 	122.147453 	167.092789 	124.739731 	90.972527 	49.396355 	117.413795 	42.190044 	124.201447 	164.769531 	124.851913 	31.304953 	125.670204 	83.186539 	85.422478 	121.202309 	31.780497 	80.056229 	125.924583 	93.477272 	110.276924 	116.284134 	125.642349 	123.713379 	85.906929 	124.555206 	117.477661 	108.300507 	89.961105 	83.384651 	183.853195 	88.769363 	999.000000 	84.504440 	92.477028 	48.836460 	99.924973 	92.114059 	89.537704 	88.255310 	136.341476 	121.198181 	29.000000 	166.817261 	
36.124783 	36.878178 	65.969688 	80.777473 	33.060551 	37.054016 	22.022715 	28.017851 	90.757919 	77.491936 	50.289165 	99.624290 	64.070274 	20.223749 	37.215588 	42.154476 	43.737854 	49.244289 	93.520050 	47.885281 	53.450912 	48.373547 	9.433981 	9.486833 	43.046486 	52.810986 	8.602325 	48.020828 	13.601471 	30.528675 	36.891735 	46.872166 	44.654228 	6.082763 	45.221676 	37.202152 	27.202942 	7.615773 	2.828427 	112.698715 	5.000000 	84.504440 	999.000000 	8.062258 	37.443291 	15.811388 	7.615773 	5.099020 	4.000000 	55.172459 	38.288380 	58.309521 	89.403580 	
39.446167 	35.341194 	60.671246 	75.312683 	30.364452 	44.045429 	26.000000 	25.298222 	84.899940 	71.568146 	44.721359 	93.680305 	60.133186 	18.867962 	44.721359 	36.138622 	51.419842 	43.011627 	87.091904 	41.231056 	61.351448 	41.629318 	12.649111 	11.180340 	36.249138 	60.745369 	14.035668 	41.146080 	9.486833 	23.769728 	29.966648 	39.824615 	37.589893 	8.246211 	38.078865 	30.016663 	20.124611 	5.000000 	9.219544 	106.103722 	4.000000 	92.477028 	8.062258 	999.000000 	45.486263 	7.810250 	1.000000 	3.605551 	5.000000 	47.507893 	30.413813 	66.370171 	82.097504 	
45.177429 	61.465439 	97.128784 	111.825760 	61.294373 	23.769728 	37.696156 	57.454330 	122.674362 	109.931801 	82.927681 	131.609268 	91.547798 	49.648766 	18.027756 	76.216797 	17.691807 	83.408630 	127.027557 	82.975899 	20.615528 	83.630135 	38.948685 	41.036568 	78.568443 	19.416489 	35.383614 	83.546394 	48.795490 	66.468040 	72.835434 	82.758682 	80.622574 	40.360870 	81.320351 	73.552704 	63.702435 	44.045429 	37.013512 	146.441116 	42.201897 	48.836460 	37.443291 	45.486263 	999.000000 	53.254108 	44.944408 	42.190044 	40.816662 	92.097771 	75.604233 	21.023796 	125.319588 	
42.720020 	34.205261 	55.081757 	69.462219 	28.301943 	50.487621 	30.413813 	23.600847 	78.644768 	65.306969 	39.051247 	87.321243 	55.901699 	19.416489 	51.662365 	30.149628 	58.523499 	36.674240 	80.324341 	34.481880 	68.709534 	34.785053 	18.027756 	16.000000 	29.410883 	68.154236 	20.396078 	34.176014 	9.848858 	17.262676 	23.086792 	32.695564 	30.463093 	14.317822 	30.870699 	22.847319 	13.341664 	10.198039 	16.552946 	99.161484 	11.180340 	99.924973 	15.811388 	7.810250 	53.254108 	999.000000 	8.485281 	11.313708 	12.727922 	39.824615 	22.627417 	74.094536 	74.625732 	
39.962482 	36.249138 	61.660358 	76.295479 	31.320919 	44.011364 	26.400757 	26.248810 	85.866173 	72.532753 	45.705578 	94.641426 	61.131008 	19.723083 	44.553337 	37.107952 	51.195702 	43.965897 	88.022728 	42.154476 	61.032780 	42.544094 	13.000000 	11.661903 	37.161808 	60.406952 	14.142136 	42.047592 	10.440307 	24.698177 	30.870699 	40.706264 	38.470768 	8.544003 	38.948685 	30.886890 	21.023796 	5.656854 	9.055386 	107.018692 	4.123106 	92.114059 	7.615773 	1.000000 	44.944408 	8.485281 	999.000000 	2.828427 	4.242640 	48.270073 	31.112698 	65.863495 	82.927681 	
39.408119 	37.336308 	63.953106 	78.644768 	32.756680 	42.011902 	25.553865 	27.658634 	88.323273 	75.000000 	48.052055 	97.123634 	63.031738 	20.615528 	42.296574 	39.560081 	48.836460 	46.486557 	90.620087 	44.777225 	58.523499 	45.188496 	12.206555 	11.313708 	39.812057 	57.870544 	12.649111 	44.721359 	12.041595 	27.313000 	33.541019 	43.416588 	41.182522 	7.810250 	41.677334 	33.615471 	23.706539 	6.324555 	7.071068 	109.658562 	3.605551 	89.537704 	5.099020 	3.605551 	42.190044 	11.313708 	2.828427 	999.000000 	1.414214 	51.088158 	33.941124 	63.134777 	85.702972 	
39.204590 	37.947330 	65.115280 	79.831070 	33.541019 	41.048752 	25.238859 	28.442924 	89.560036 	76.243034 	49.244289 	98.371742 	64.007812 	21.189621 	41.194660 	40.804413 	47.675991 	47.759815 	91.923882 	46.097721 	57.280014 	46.518814 	12.041595 	11.401754 	41.146080 	56.612720 	12.083046 	46.065170 	13.000000 	28.635643 	34.885529 	44.777225 	42.544094 	7.810250 	43.046486 	34.985710 	25.059929 	7.071068 	6.324555 	110.981979 	4.123106 	88.255310 	4.000000 	5.000000 	40.816662 	12.727922 	4.242640 	1.414214 	999.000000 	52.497620 	35.355339 	61.773781 	87.091904 	
66.940269 	46.173584 	32.557640 	41.629318 	40.607880 	84.077347 	60.835846 	40.804413 	46.872166 	35.114101 	24.351591 	54.230988 	42.438190 	45.617977 	86.954010 	22.022715 	94.154129 	18.681541 	45.011108 	15.132746 	105.152267 	14.142136 	53.600372 	51.400391 	16.278820 	104.847511 	57.008770 	13.038404 	43.416588 	26.076809 	20.124611 	12.041595 	13.341664 	51.739735 	12.369317 	18.867962 	28.425341 	48.104053 	55.172459 	62.169125 	50.209560 	136.341476 	55.172459 	47.507893 	92.097771 	39.824615 	48.270073 	51.088158 	52.497620 	999.000000 	17.492855 	112.445541 	35.341194 	
56.008926 	38.600517 	41.109608 	53.600372 	32.015621 	69.892776 	47.296936 	30.149628 	61.000000 	48.093658 	26.925823 	69.115845 	46.872166 	32.388271 	72.090218 	19.104973 	79.202271 	21.931713 	60.827625 	18.027756 	89.894379 	17.720045 	38.013157 	35.777088 	13.892444 	89.470665 	41.182522 	16.492422 	27.730848 	13.038404 	10.816654 	14.317822 	12.649111 	35.510563 	12.369317 	8.602325 	13.341664 	31.622776 	38.600517 	78.847954 	33.421551 	121.198181 	38.288380 	30.413813 	75.604233 	22.627417 	31.112698 	33.941124 	35.355339 	17.492855 	999.000000 	96.260063 	52.773098 	
58.694122 	78.230431 	114.856430 	129.247818 	79.202271 	34.539833 	55.000000 	75.927597 	140.346008 	128.003906 	101.533249 	149.214615 	107.912003 	68.622154 	29.068884 	95.482986 	23.086792 	102.591423 	145.416641 	102.532921 	14.035668 	103.247276 	58.898216 	61.073727 	98.351410 	13.000000 	55.443665 	103.276329 	69.028976 	86.556343 	92.849342 	102.649887 	100.568382 	60.802959 	101.316338 	93.723000 	84.023804 	64.637451 	57.688820 	164.805954 	62.968246 	29.000000 	58.309521 	66.370171 	21.023796 	74.094536 	65.863495 	63.134777 	61.773781 	112.445541 	96.260063 	999.000000 	144.958618 	
93.295227 	70.830788 	37.854988 	32.557640 	67.424034 	114.017540 	90.906548 	69.656296 	27.784887 	27.018513 	44.944408 	29.732138 	50.635956 	76.419891 	117.796432 	49.578220 	124.963997 	42.638012 	19.104973 	42.426407 	136.235092 	41.725292 	86.371292 	84.291161 	46.754681 	136.124939 	89.938866 	41.773197 	76.694199 	59.033890 	52.630791 	42.638012 	44.821869 	85.276024 	44.204071 	52.201534 	62.201286 	82.006096 	89.022469 	29.154760 	84.403793 	166.817261 	89.403580 	82.097504 	125.319588 	74.625732 	82.927681 	85.702972 	87.091904 	35.341194 	52.773098 	144.958618 	999.000000 	

Travel time:
9.000000 	0.561805 	1.468205 	1.806239 	0.664266 	0.604152 	0.353553 	0.657647 	2.088660 	1.804508 	1.209339 	2.304886 	1.250000 	0.608276 	0.743303 	1.138530 	0.894427 	1.286954 	2.246803 	1.328533 	1.166190 	1.352082 	0.680074 	0.707549 	1.267379 	1.175266 	0.689656 	1.367708 	0.822344 	1.076162 	1.187960 	1.377044 	1.340009 	0.790569 	1.364276 	1.234150 	1.076162 	0.862047 	0.832541 	2.722361 	0.901388 	1.874166 	0.903120 	0.986154 	1.129436 	1.068001 	0.999062 	0.985203 	0.980115 	1.673507 	1.400223 	1.467353 	2.332381 	
0.561805 	9.000000 	0.921954 	1.275980 	0.167705 	1.117195 	0.594243 	0.265754 	1.555032 	1.256234 	0.648556 	1.775704 	0.752080 	0.419076 	1.235162 	0.604669 	1.405569 	0.735272 	1.697425 	0.789383 	1.686898 	0.813941 	0.704006 	0.686477 	0.750417 	1.690599 	0.775403 	0.834416 	0.648556 	0.650000 	0.711073 	0.853302 	0.825379 	0.770146 	0.850368 	0.764853 	0.694622 	0.775403 	0.863134 	2.177872 	0.845946 	2.423453 	0.921954 	0.883530 	1.536636 	0.855132 	0.906228 	0.933408 	0.948683 	1.154340 	0.965013 	1.955761 	1.770770 	
1.468205 	0.921954 	9.000000 	0.371652 	0.896172 	2.039148 	1.497707 	0.995301 	0.638847 	0.336341 	0.400780 	0.862047 	0.325000 	1.198176 	2.155371 	0.625000 	2.327150 	0.485412 	0.778621 	0.577170 	2.608759 	0.585235 	1.495201 	1.454734 	0.691466 	2.612111 	1.583114 	0.617454 	1.309819 	0.950000 	0.831038 	0.673146 	0.711512 	1.511001 	0.719809 	0.863134 	1.050000 	1.461592 	1.614001 	1.256234 	1.534805 	3.341126 	1.649242 	1.516781 	2.428220 	1.377044 	1.541509 	1.598828 	1.627882 	0.813941 	1.027740 	2.871411 	0.946375 	
1.806239 	1.275980 	0.371652 	9.000000 	1.263428 	2.390084 	1.860779 	1.365650 	0.282843 	0.176777 	0.764853 	0.500000 	0.570088 	1.569236 	2.510976 	0.982980 	2.680019 	0.825379 	0.482830 	0.901388 	2.960152 	0.903120 	1.866815 	1.826369 	1.025305 	2.965004 	1.954642 	0.930390 	1.679658 	1.305996 	1.175266 	0.982980 	1.029866 	1.882153 	1.032594 	1.200260 	1.405569 	1.831154 	1.985101 	0.925338 	1.903943 	3.679674 	2.019437 	1.882817 	2.795644 	1.736555 	1.907387 	1.966119 	1.995777 	1.040733 	1.340009 	3.231195 	0.813941 	
0.664266 	0.167705 	0.896172 	1.263428 	9.000000 	1.168867 	0.605186 	0.127475 	1.535008 	1.220656 	0.566789 	1.758195 	0.785016 	0.325960 	1.273283 	0.474342 	1.449569 	0.626498 	1.655483 	0.664266 	1.732412 	0.687841 	0.629484 	0.600521 	0.608276 	1.732772 	0.711073 	0.704006 	0.522015 	0.482830 	0.552268 	0.715891 	0.682367 	0.675463 	0.707107 	0.604669 	0.527376 	0.661910 	0.775000 	2.140093 	0.735697 	2.487217 	0.826514 	0.759111 	1.532359 	0.707549 	0.783023 	0.818917 	0.838525 	1.015197 	0.800391 	1.980057 	1.685601 	
0.604152 	1.117195 	2.039148 	2.390084 	1.168867 	9.000000 	0.583095 	1.110180 	2.670674 	2.373025 	1.735655 	2.890069 	1.844587 	0.961769 	0.150000 	1.615936 	0.291548 	1.785007 	2.813472 	1.802776 	0.570088 	1.823630 	0.813941 	0.867828 	1.715007 	0.575543 	0.753741 	1.831154 	1.061249 	1.454519 	1.598828 	1.826540 	1.779923 	0.905539 	1.801735 	1.632674 	1.416201 	1.007782 	0.875000 	3.294883 	1.001249 	1.320038 	0.926350 	1.101136 	0.594243 	1.262191 	1.100284 	1.050297 	1.026219 	2.101934 	1.747319 	0.863496 	2.850439 	
0.353553 	0.594243 	1.497707 	1.860779 	0.605186 	0.583095 	9.000000 	0.531507 	2.136001 	1.825171 	1.167262 	2.358495 	1.346291 	0.380789 	0.672681 	1.035012 	0.851469 	1.206752 	2.260669 	1.220656 	1.133578 	1.241219 	0.335410 	0.371652 	1.131923 	1.131923 	0.336341 	1.248249 	0.525595 	0.877853 	1.017964 	1.243483 	1.197132 	0.447214 	1.219118 	1.053862 	0.848896 	0.529741 	0.480234 	2.745223 	0.559017 	1.900658 	0.550568 	0.650000 	0.942404 	0.760345 	0.660019 	0.638847 	0.630971 	1.520896 	1.182423 	1.375000 	2.272664 	
0.657647 	0.265754 	0.995301 	1.365650 	0.127475 	1.110180 	0.531507 	9.000000 	1.632483 	1.311964 	0.640312 	1.856071 	0.905539 	0.206155 	1.204159 	0.506211 	1.382932 	0.675463 	1.740869 	0.694622 	1.665083 	0.716327 	0.509902 	0.477624 	0.617454 	1.663205 	0.594243 	0.726722 	0.395285 	0.427931 	0.530330 	0.728869 	0.687841 	0.550000 	0.711512 	0.577170 	0.450694 	0.534439 	0.650481 	2.226264 	0.608276 	2.430021 	0.700446 	0.632456 	1.436358 	0.590021 	0.656220 	0.691466 	0.711073 	1.020110 	0.753741 	1.898190 	1.741407 	
2.088660 	1.555032 	0.638847 	0.282843 	1.535008 	2.670674 	2.136001 	1.632483 	9.000000 	0.333542 	1.012423 	0.223607 	0.851469 	1.833712 	2.790161 	1.219118 	2.960152 	1.049405 	0.251247 	1.110180 	3.240756 	1.107080 	2.127205 	2.084616 	1.237437 	3.245189 	2.215993 	1.129436 	1.929054 	1.534805 	1.393287 	1.177391 	1.229075 	2.136001 	1.227294 	1.410895 	1.632674 	2.079213 	2.238443 	0.645174 	2.150581 	3.962323 	2.268948 	2.122499 	3.066859 	1.966119 	2.146654 	2.208082 	2.239001 	1.171804 	1.525000 	3.508650 	0.694622 	
1.804508 	1.256234 	0.336341 	0.176777 	1.220656 	2.373025 	1.825171 	1.311964 	0.333542 	9.000000 	0.682825 	0.553399 	0.617454 	1.510381 	2.487217 	0.886002 	2.660122 	0.715891 	0.442295 	0.778621 	2.942151 	0.776611 	1.800347 	1.756595 	0.905539 	2.944911 	1.889610 	0.800391 	1.597655 	1.201301 	1.060660 	0.850000 	0.900347 	1.805893 	0.900000 	1.079641 	1.299279 	1.747319 	1.908042 	0.921954 	1.818310 	3.677125 	1.937298 	1.789204 	2.748295 	1.632674 	1.813319 	1.875000 	1.906076 	0.877853 	1.202341 	3.200098 	0.675463 	
1.209339 	0.648556 	0.400780 	0.764853 	0.566789 	1.735655 	1.167262 	0.640312 	1.012423 	0.682825 	9.000000 	1.234909 	0.500000 	0.832166 	1.838478 	0.226385 	2.015564 	0.145774 	1.102554 	0.250000 	2.298369 	0.270416 	1.118034 	1.073837 	0.325960 	2.298097 	1.207528 	0.305164 	0.917197 	0.550568 	0.443001 	0.355317 	0.371652 	1.123610 	0.388909 	0.482830 	0.650481 	1.068001 	1.226020 	1.587844 	1.140175 	3.053686 	1.257229 	1.118034 	2.073192 	0.976281 	1.142639 	1.201301 	1.231107 	0.608790 	0.673146 	2.538331 	1.123610 	
2.304886 	1.775704 	0.862047 	0.500000 	1.758195 	2.890069 	2.358495 	1.856071 	0.223607 	0.553399 	1.234909 	9.000000 	1.060660 	2.057304 	3.010814 	1.439184 	3.180016 	1.267379 	0.270416 	1.323820 	3.460130 	1.319327 	2.350532 	2.307732 	1.451293 	3.465003 	2.439390 	1.340009 	2.150872 	1.752320 	1.608182 	1.386092 	1.438967 	2.358495 	1.435705 	1.623461 	1.849493 	2.300679 	2.460818 	0.459619 	2.371708 	4.177320 	2.490607 	2.342008 	3.290232 	2.183031 	2.366036 	2.428091 	2.459294 	1.355775 	1.727896 	3.730365 	0.743303 	
1.250000 	0.752080 	0.325000 	0.570088 	0.785016 	1.844587 	1.346291 	0.905539 	0.851469 	0.617454 	0.500000 	1.060660 	9.000000 	1.110180 	1.972308 	0.704450 	2.136001 	0.637377 	1.041933 	0.743303 	2.412986 	0.760345 	1.414214 	1.383158 	0.825379 	2.419969 	1.496036 	0.795692 	1.275245 	1.004054 	0.928036 	0.849264 	0.870704 	1.453444 	0.886707 	0.973717 	1.099147 	1.425000 	1.555032 	1.495410 	1.500000 	3.118493 	1.601757 	1.503330 	2.288695 	1.397542 	1.528275 	1.575794 	1.600195 	1.060955 	1.171804 	2.697800 	1.265899 	
0.608276 	0.419076 	1.198176 	1.569236 	0.325960 	0.961769 	0.380789 	0.206155 	1.833712 	1.510381 	0.832166 	2.057304 	1.110180 	9.000000 	1.040433 	0.671751 	1.220656 	0.849264 	1.934716 	0.851469 	1.500000 	0.870704 	0.304138 	0.275000 	0.755811 	1.495410 	0.388104 	0.875000 	0.247487 	0.498121 	0.637377 	0.866747 	0.818917 	0.353553 	0.840387 	0.673146 	0.477624 	0.357946 	0.450694 	2.419969 	0.427200 	2.274313 	0.505594 	0.471699 	1.241219 	0.485412 	0.493077 	0.515388 	0.529741 	1.140449 	0.809707 	1.715554 	1.910497 	
0.743303 	1.235162 	2.155371 	2.510976 	1.273283 	0.150000 	0.672681 	1.204159 	2.790161 	2.487217 	1.838478 	3.010814 	1.972308 	1.040433 	9.000000 	1.706239 	0.180278 	1.879162 	2.925854 	1.890106 	0.460977 	1.910007 	0.854400 	0.910014 	1.796177 	0.459619 	0.783023 	1.915235 	1.109617 	1.522539 	1.672199 	1.906895 	1.858259 	0.934077 	1.879162 	1.702388 	1.475847 	1.037123 	0.887764 	3.408995 	1.019804 	1.234909 	0.930390 	1.118034 	0.450694 	1.291559 	1.113833 	1.057414 	1.029866 	2.173850 	1.802255 	0.726722 	2.944911 	
1.138530 	0.604669 	0.625000 	0.982980 	0.474342 	1.615936 	1.035012 	0.506211 	1.219118 	0.886002 	0.226385 	1.439184 	0.704450 	0.671751 	1.706239 	9.000000 	1.885802 	0.180278 	1.285739 	0.190394 	2.167083 	0.213600 	0.936082 	0.887764 	0.158114 	2.163908 	1.026219 	0.230489 	0.715891 	0.325000 	0.223607 	0.250000 	0.230489 	0.928036 	0.254951 	0.270416 	0.425000 	0.863496 	1.028652 	1.767767 	0.933408 	2.935345 	1.053862 	0.903466 	1.905420 	0.753741 	0.927699 	0.989002 	1.020110 	0.550568 	0.477624 	2.387075 	1.239455 	
