Total assets = 680
Number of asset nodes = 40

Distance:
999.000000 	40.311287 	61.587337 	8.544003 	16.763054 	24.596748 	10.770329 	34.132095 	33.837849 	20.808653 	22.803509 	13.416408 	36.055511 	20.099751 	28.071337 	21.587032 	29.427877 	64.815125 	37.735924 	40.496914 	27.459061 	42.438190 	51.546097 	69.339745 	52.886673 	63.505905 	60.539242 	43.081318 	67.082039 	55.317268 	34.058773 	34.438351 	38.118237 	58.463665 	76.321686 	81.608826 	42.107006 	38.209946 	49.254440 	54.203320 	42.953465 	58.549126 	47.296936 	86.400230 	43.278172 	42.520584 	69.375786 	88.481636 	44.283180 	45.343136 	53.851646 	61.773781 	52.952808 	85.088188 	
40.311287 	999.000000 	23.537205 	48.270073 	26.832815 	18.973665 	50.447994 	11.045361 	73.756355 	60.959003 	63.031738 	38.483765 	18.027756 	55.470715 	31.000000 	55.036350 	34.014702 	25.495098 	77.620872 	80.430092 	60.539242 	82.462112 	24.698177 	31.320919 	27.459061 	29.017237 	28.635643 	81.835197 	32.015621 	31.064449 	55.326305 	61.392181 	71.512238 	33.120991 	38.600517 	42.485291 	77.472572 	57.035076 	39.962482 	93.813644 	48.270073 	36.619667 	43.863426 	47.010635 	57.218880 	61.000000 	40.521599 	49.658836 	69.584480 	59.304298 	91.241440 	101.257095 	89.470665 	47.801674 	
61.587337 	23.537205 	999.000000 	69.971420 	49.979996 	42.449970 	72.201111 	34.234486 	93.605553 	82.377182 	84.314888 	61.684681 	40.012497 	78.390053 	54.230988 	78.185677 	57.140179 	21.633308 	99.322708 	102.083298 	83.815269 	104.009613 	39.395432 	28.653097 	42.047592 	33.941124 	37.013512 	104.235313 	34.828148 	45.177429 	78.771820 	84.929382 	94.868332 	45.793011 	34.176014 	33.241539 	100.657837 	80.305664 	59.203041 	115.762688 	70.256676 	50.606323 	64.327286 	36.000000 	80.000000 	84.148682 	48.083260 	40.049969 	93.059120 	82.006096 	114.127121 	123.308556 	112.538879 	42.201897 	
8.544003 	48.270073 	69.971420 	999.000000 	23.021729 	31.400637 	2.236068 	41.231056 	27.313000 	12.727922 	14.866069 	15.132746 	42.059483 	13.000000 	31.575306 	15.264338 	32.140316 	72.249565 	29.410883 	32.202484 	20.615528 	34.205261 	57.271286 	76.400261 	58.309521 	69.971420 	66.648331 	34.539833 	73.573090 	60.406952 	30.805843 	29.206163 	30.594116 	63.568859 	83.234612 	88.865067 	34.000000 	35.227829 	52.086468 	45.793011 	43.174065 	63.063461 	49.091751 	93.723000 	41.182522 	39.204590 	74.672615 	95.603348 	38.832977 	43.046486 	45.354160 	53.338543 	44.553337 	91.809586 	
16.763054 	26.832815 	49.979996 	23.021729 	999.000000 	8.485281 	25.000000 	18.384777 	50.119858 	35.608986 	37.802116 	11.704700 	19.313208 	28.653097 	13.892444 	28.231188 	16.401220 	49.497475 	51.623638 	54.451813 	33.837849 	56.568542 	34.785053 	53.413483 	36.138622 	47.010635 	43.863426 	55.217751 	50.606323 	38.639359 	31.575306 	36.013885 	44.922153 	41.773197 	60.216278 	65.946945 	50.695168 	34.481880 	34.481880 	67.475922 	32.526913 	42.107006 	34.000000 	70.837845 	37.121422 	38.897301 	52.630791 	72.622307 	45.099888 	39.357338 	64.412735 	74.813103 	62.649822 	68.796799 	
24.596748 	18.973665 	42.449970 	31.400637 	8.485281 	999.000000 	33.421551 	9.899495 	58.309521 	44.045429 	46.227695 	19.723083 	12.041595 	36.891735 	14.317822 	36.235340 	17.464249 	41.012192 	60.108234 	62.936478 	41.629318 	65.053825 	27.459061 	45.000000 	29.154760 	38.910152 	36.055511 	63.600315 	42.485291 	32.015621 	37.000000 	42.579338 	52.554733 	35.057095 	51.865211 	57.489128 	58.600342 	39.204590 	31.384710 	75.927597 	33.615471 	36.124783 	32.557640 	62.369865 	40.521599 	43.416588 	45.541191 	64.202805 	51.088158 	42.720020 	72.560318 	83.240616 	70.661163 	60.539242 	
10.770329 	50.447994 	72.201111 	2.236068 	25.000000 	33.421551 	999.000000 	43.278172 	25.632011 	10.630146 	12.806249 	16.492422 	43.908997 	11.661903 	32.984844 	14.212670 	33.376640 	74.330345 	27.202942 	30.000000 	19.235384 	32.015621 	59.033890 	78.409180 	60.008331 	71.867935 	68.476273 	32.310989 	75.471848 	62.032249 	30.528675 	28.319605 	28.861740 	65.192024 	85.211502 	90.906548 	32.015621 	34.985710 	53.235325 	43.566040 	43.737854 	64.560051 	50.009998 	95.775780 	41.146080 	38.832977 	76.321686 	97.616600 	37.802116 	42.941822 	43.174065 	51.107731 	42.426407 	93.744331 	
34.132095 	11.045361 	34.234486 	41.231056 	18.384777 	9.899495 	43.278172 	999.000000 	67.955872 	53.907330 	56.080299 	29.410883 	7.810250 	46.615448 	20.024984 	45.793011 	23.000000 	31.112698 	70.007141 	72.835434 	51.000000 	74.953316 	20.099751 	35.227829 	22.360680 	29.732138 	27.459061 	73.409805 	33.241539 	25.709921 	44.553337 	50.960770 	61.741398 	28.442924 	42.190044 	47.634022 	68.000000 	46.097721 	30.479502 	85.796272 	37.363083 	30.675724 	33.615471 	52.497620 	46.173584 	50.009998 	38.000000 	54.405884 	58.855755 	48.259712 	82.152298 	93.085983 	80.131142 	51.000000 	
33.837849 	73.756355 	93.605553 	27.313000 	50.119858 	58.309521 	25.632011 	67.955872 	999.000000 	16.124516 	14.035668 	42.059483 	69.318108 	30.016663 	58.523499 	33.060551 	58.694122 	98.600204 	15.264338 	16.155495 	33.955853 	16.492422 	84.581322 	103.174606 	85.615417 	97.128784 	93.914856 	24.186773 	100.722389 	87.664131 	50.487621 	44.643028 	36.359318 	90.824005 	110.136276 	115.433968 	33.970577 	54.744862 	78.262383 	28.017851 	67.007462 	90.138779 	74.431175 	120.208153 	61.660358 	57.489128 	101.950966 	122.319252 	51.478149 	62.968246 	35.846897 	35.057095 	37.589893 	118.848640 	
20.808653 	60.959003 	82.377182 	12.727922 	35.608986 	44.045429 	10.630146 	53.907330 	16.124516 	999.000000 	2.236068 	26.400757 	54.378304 	14.317822 	42.720020 	17.464249 	42.720020 	84.958817 	17.000000 	19.723083 	19.723083 	21.633308 	69.354164 	89.022469 	70.213959 	82.377182 	78.892334 	23.345236 	85.982559 	72.090218 	35.171009 	30.413813 	25.806976 	75.239616 	95.801880 	101.533249 	26.570660 	39.560081 	62.169125 	33.541019 	51.009804 	74.330345 	58.309521 	106.404884 	46.324940 	42.720020 	86.406021 	108.231232 	38.600517 	47.801674 	35.057095 	41.146080 	35.057095 	104.292854 	
22.803509 	63.031738 	84.314888 	14.866069 	37.802116 	46.227695 	12.806249 	56.080299 	14.035668 	2.236068 	999.000000 	28.635643 	56.603886 	16.124516 	44.944408 	19.235384 	44.922153 	87.114868 	15.231546 	17.888544 	21.023796 	19.723083 	71.589104 	91.214035 	72.449982 	84.599052 	81.123360 	22.090721 	88.204308 	74.323616 	36.878178 	31.780497 	26.248810 	77.472572 	98.005104 	103.711136 	26.400757 	41.231056 	64.327286 	31.780497 	53.000000 	76.550636 	60.406952 	108.577164 	48.052055 	44.271889 	88.639717 	110.421921 	39.661064 	49.477268 	34.000000 	39.395432 	34.234486 	106.508217 	
13.416408 	38.483765 	61.684681 	15.132746 	11.704700 	19.723083 	16.492422 	29.410883 	42.059483 	26.400757 	28.635643 	999.000000 	28.425341 	17.204651 	16.492422 	16.552946 	17.029387 	60.307545 	41.231056 	44.045429 	22.135944 	46.227695 	43.046486 	63.655323 	43.829212 	56.400356 	52.697250 	44.045429 	60.000000 	45.694637 	22.360680 	25.179358 	33.241539 	48.846699 	70.178345 	76.367531 	39.000000 	26.076809 	37.013512 	56.586216 	29.546574 	48.083260 	34.365681 	81.320351 	30.413813 	30.528675 	60.008331 	82.807007 	34.713108 	32.557640 	52.839378 	63.780876 	50.990196 	78.409180 	
36.055511 	18.027756 	40.012497 	42.059483 	19.313208 	12.041595 	43.908997 	7.810250 	69.318108 	54.378304 	56.603886 	28.425341 	999.000000 	45.254833 	15.231546 	43.931767 	17.720045 	32.756680 	69.656296 	72.470680 	48.600410 	74.652527 	15.524175 	35.383614 	17.117243 	28.017851 	24.596748 	72.138756 	31.622776 	20.000000 	39.849716 	47.010635 	58.830265 	23.021729 	41.773197 	48.166378 	65.459915 	40.792156 	22.671568 	84.864601 	30.413813 	24.331051 	25.942244 	53.150730 	40.012497 	44.407207 	33.541019 	54.451813 	54.120235 	42.000000 	80.000000 	91.934761 	77.665955 	50.000000 	
20.099751 	55.470715 	78.390053 	13.000000 	28.653097 	36.891735 	11.661903 	46.615448 	30.016663 	14.317822 	16.124516 	17.204651 	45.254833 	999.000000 	31.622776 	3.162278 	30.886890 	77.466118 	25.059929 	27.784887 	7.615773 	30.016663 	59.203041 	80.622574 	59.640591 	73.000000 	69.028976 	26.907248 	76.576759 	61.057350 	20.880613 	17.029387 	18.027756 	64.140472 	87.000000 	93.380943 	22.561028 	25.298222 	49.335587 	39.623226 	37.054016 	62.609905 	44.911022 	98.351410 	32.015621 	28.635643 	75.292763 	99.704567 	26.248810 	33.526108 	35.777088 	46.690472 	34.176014 	95.015785 	
28.071337 	31.000000 	54.230988 	31.575306 	13.892444 	14.317822 	32.984844 	20.024984 	58.523499 	42.720020 	44.944408 	16.492422 	15.231546 	31.622776 	999.000000 	29.832869 	3.162278 	47.885281 	56.603886 	59.363289 	33.970577 	61.587337 	27.658634 	50.000000 	28.017851 	41.725292 	37.536648 	58.137768 	45.254833 	29.529646 	24.738634 	31.780497 	43.829212 	32.649654 	55.973209 	62.801273 	50.606323 	26.076809 	21.213203 	71.063354 	19.416489 	31.622776 	20.124611 	67.801178 	26.476404 	30.000000 	43.829212 	68.767723 	39.051247 	28.635643 	65.299309 	77.897369 	62.801273 	63.655323 	
21.587032 	55.036350 	78.185677 	15.264338 	28.231188 	36.235340 	14.212670 	45.793011 	33.060551 	17.464249 	19.235384 	16.552946 	43.931767 	3.162278 	29.832869 	999.000000 	28.844410 	76.400261 	27.313000 	29.966648 	6.000000 	32.202484 	57.489128 	79.309517 	57.801384 	71.449280 	67.357254 	28.319605 	75.006668 	59.076221 	17.720045 	14.142136 	17.117243 	62.128899 	85.562843 	92.097771 	22.472204 	22.135944 	46.818798 	41.231056 	34.132095 	60.415230 	42.201897 	97.082436 	28.861740 	25.495098 	73.246162 	98.310730 	23.600847 	30.364452 	36.359318 	48.104053 	34.438351 	93.434471 	
29.427877 	34.014702 	57.140179 	32.140316 	16.401220 	17.464249 	33.376640 	23.000000 	58.694122 	42.720020 	44.922153 	17.029387 	17.720045 	30.886890 	3.162278 	28.844410 	999.000000 	50.089920 	55.946404 	58.668560 	32.557640 	60.901562 	29.000000 	51.865211 	29.068884 	43.278172 	38.897301 	57.008770 	46.754681 	30.232433 	22.135944 	29.529646 	42.011902 	33.286633 	57.628117 	64.637451 	48.918301 	23.194826 	20.000000 	70.000000 	16.401220 	31.780497 	18.027756 	69.634758 	23.345236 	27.018513 	44.418465 	70.434364 	36.400551 	25.495098 	63.702435 	76.694199 	61.073727 	65.069191 	
64.815125 	25.495098 	21.633308 	72.249565 	49.497475 	41.012192 	74.330345 	31.112698 	98.600204 	84.958817 	87.114868 	60.307545 	32.756680 	77.466118 	47.885281 	76.400261 	50.089920 	999.000000 	101.118744 	103.947105 	81.271149 	106.066017 	24.083189 	7.280110 	26.000000 	13.416408 	17.720045 	104.350372 	13.453624 	28.160255 	72.090218 	79.605278 	91.586021 	27.658634 	14.000000 	17.000000 	98.183502 	72.449982 	45.044422 	116.846054 	59.228371 	32.756680 	51.244511 	21.633308 	70.342018 	75.584389 	27.202942 	24.166092 	86.162636 	72.034714 	112.645462 	124.084648 	110.385689 	23.086792 	
37.735924 	77.620872 	99.322708 	29.410883 	51.623638 	60.108234 	27.202942 	70.007141 	15.264338 	17.000000 	15.231546 	41.231056 	69.656296 	25.059929 	56.603886 	27.313000 	55.946404 	101.118744 	999.000000 	2.828427 	25.495098 	5.000000 	84.053551 	104.804581 	84.599052 	97.616600 	93.813644 	8.944272 	101.212646 	86.092972 	42.426407 	35.014282 	23.769728 	89.185204 	111.395691 	117.456375 	19.723083 	46.173584 	74.094536 	16.552946 	60.638271 	87.658424 	69.260376 	122.380554 	53.150730 	48.000000 	100.344406 	123.987900 	39.812057 	54.037025 	20.880613 	24.166092 	22.360680 	119.632774 	
40.496914 	80.430092 	102.083298 	32.202484 	54.451813 	62.936478 	30.000000 	72.835434 	16.155495 	19.723083 	17.888544 	44.045429 	72.470680 	27.784887 	59.363289 	29.966648 	58.668560 	103.947105 	2.828427 	999.000000 	27.892651 	2.236068 	86.838928 	107.628990 	87.367043 	100.424103 	96.607452 	8.485281 	104.019226 	88.836929 	44.721359 	37.121422 	25.317978 	91.923882 	114.214706 	120.282997 	20.615528 	48.373547 	76.694199 	13.928389 	63.063461 	90.354858 	71.784401 	125.207825 	55.326305 	50.039986 	103.077644 	126.810883 	41.436699 	56.142673 	19.697716 	21.540659 	21.633308 	122.441826 	
27.459061 	60.539242 	83.815269 	20.615528 	33.837849 	41.629318 	19.235384 	51.000000 	33.955853 	19.723083 	21.023796 	22.135944 	48.600410 	7.615773 	33.970577 	6.000000 	32.557640 	81.271149 	25.495098 	27.892651 	999.000000 	30.083218 	61.522354 	83.868942 	61.619801 	75.690155 	71.421288 	24.698177 	79.208588 	62.625874 	17.029387 	10.770329 	11.180340 	65.604881 	89.938866 	96.674713 	17.000000 	21.023796 	49.193497 	37.735924 	35.171009 	63.513779 	44.011364 	101.671036 	28.017851 	23.537205 	76.609398 	102.727798 	19.104973 	29.154760 	31.400637 	44.204071 	29.154760 	97.580734 	
42.438190 	82.462112 	104.009613 	34.205261 	56.568542 	65.053825 	32.015621 	74.953316 	16.492422 	21.633308 	19.723083 	46.227695 	74.652527 	30.016663 	61.587337 	32.202484 	60.901562 	106.066017 	5.000000 	2.236068 	30.083218 	999.000000 	89.050545 	109.786156 	89.587944 	102.615791 	98.812958 	9.433981 	106.212051 	91.065910 	46.872166 	39.204590 	27.166155 	94.154129 	116.387283 	122.429573 	22.135944 	50.487621 	78.924011 	12.369317 	65.253349 	92.590500 	74.000000 	127.349915 	57.428215 	52.086468 	105.309067 	128.972870 	43.289722 	58.215118 	19.723083 	19.924858 	22.022715 	124.631454 	
51.546097 	24.698177 	39.395432 	57.271286 	34.785053 	27.459061 	59.033890 	20.099751 	84.581322 	69.354164 	71.589104 	43.046486 	15.524175 	59.203041 	27.658634 	57.489128 	29.000000 	24.083189 	84.053551 	86.838928 	61.522354 	89.050545 	999.000000 	23.769728 	2.828427 	14.422205 	9.899495 	85.796272 	17.804493 	6.403124 	49.929951 	58.008621 	70.936592 	8.544003 	28.844410 	36.235340 	77.897369 	49.648766 	21.000000 	98.716766 	35.440090 	12.041595 	27.166155 	41.182522 	46.818798 	52.392746 	18.110771 	41.617306 	63.529522 	48.383881 	92.698433 	105.550934 	90.027771 	36.069378 	
69.339745 	31.320919 	28.653097 	76.400261 	53.413483 	45.000000 	78.409180 	35.227829 	103.174606 	89.022469 	91.214035 	63.655323 	35.383614 	80.622574 	50.000000 	79.309517 	51.865211 	7.280110 	104.804581 	107.628990 	83.868942 	109.786156 	23.769728 	999.000000 	25.000000 	10.049875 	15.132746 	107.517441 	8.246211 	26.305893 	73.430237 	81.301903 	93.813644 	25.019993 	7.280110 	12.806249 	100.603180 	73.348480 	43.931767 	120.208153 	59.135437 	30.000000 	50.447994 	17.804493 	70.576202 	76.157730 	21.931713 	19.209373 	87.206650 	72.111023 	115.256233 	127.310646 	112.800713 	16.492422 	
52.886673 	27.459061 	42.047592 	58.309521 	36.138622 	29.154760 	60.008331 	22.360680 	85.615417 	70.213959 	72.449982 	43.829212 	17.117243 	59.640591 	28.017851 	57.801384 	29.068884 	26.000000 	84.599052 	87.367043 	61.619801 	89.587944 	2.828427 	25.000000 	999.000000 	15.231546 	10.295630 	86.052307 	18.357559 	3.605551 	49.406479 	57.628117 	70.767227 	6.082763 	29.529646 	37.161808 	77.794601 	48.877399 	19.104973 	99.020203 	34.176014 	9.219544 	25.495098 	42.047592 	45.694637 	51.429562 	16.492422 	42.190044 	62.769421 	47.169907 	92.633690 	105.759163 	89.872131 	36.235340 	
63.505905 	29.017237 	33.941124 	69.971420 	47.010635 	38.910152 	71.867935 	29.732138 	97.128784 	82.377182 	84.599052 	56.400356 	28.017851 	73.000000 	41.725292 	71.449280 	43.278172 	13.416408 	97.616600 	100.424103 	75.690155 	102.615791 	14.422205 	10.049875 	15.231546 	999.000000 	5.099020 	99.764725 	3.605551 	16.278820 	64.350601 	72.422371 	85.276024 	15.000000 	14.422205 	21.931713 	92.195442 	64.007812 	33.955853 	112.609947 	49.396355 	20.024984 	40.521599 	26.832815 	60.926186 	66.640831 	14.142136 	27.202942 	77.897369 	62.393909 	106.962608 	119.553337 	104.350372 	22.022715 	
60.539242 	28.635643 	37.013512 	66.648331 	43.863426 	36.055511 	68.476273 	27.459061 	93.914856 	78.892334 	81.123360 	52.697250 	24.596748 	69.028976 	37.536648 	67.357254 	38.897301 	17.720045 	93.813644 	96.607452 	71.421288 	98.812958 	9.899495 	15.132746 	10.295630 	5.099020 	999.000000 	95.671310 	8.062258 	11.180340 	59.640591 	67.801178 	80.808418 	10.049875 	19.235384 	26.925823 	87.783829 	59.169250 	28.861740 	108.577164 	44.384682 	15.132746 	35.440090 	31.780497 	55.946404 	61.717098 	12.083046 	31.906113 	73.061615 	57.384666 	102.591423 	115.433968 	99.904953 	26.172504 	
43.081318 	81.835197 	104.235313 	34.539833 	55.217751 	63.600315 	32.310989 	73.409805 	24.186773 	23.345236 	22.090721 	44.045429 	72.138756 	26.907248 	58.137768 	28.319605 	57.008770 	104.350372 	8.944272 	8.485281 	24.698177 	9.433981 	85.796272 	107.517441 	86.052307 	99.764725 	95.671310 	999.000000 	103.324730 	87.200920 	40.496914 	32.280025 	19.104973 	90.210861 	113.846390 	120.282997 	13.152946 	43.680660 	73.824112 	13.038404 	59.236813 	88.204308 	68.447060 	125.255737 	50.447994 	44.721359 	101.257095 	126.574089 	35.000000 	50.990196 	12.165525 	19.798990 	13.416408 	121.753853 	
67.082039 	32.015621 	34.828148 	73.573090 	50.606323 	42.485291 	75.471848 	33.241539 	100.722389 	85.982559 	88.204308 	60.000000 	31.622776 	76.576759 	45.254833 	75.006668 	46.754681 	13.453624 	101.212646 	104.019226 	79.208588 	106.212051 	17.804493 	8.246211 	18.357559 	3.605551 	8.062258 	103.324730 	999.000000 	18.973665 	67.675697 	75.802376 	88.729927 	17.262676 	11.180340 	18.973665 	95.671310 	67.230942 	36.687874 	116.180893 	52.392746 	22.090721 	43.324360 	23.769728 	63.976559 	69.771057 	13.892444 	23.853722 	81.123360 	65.391129 	110.453613 	123.109711 	107.814659 	18.439089 	
55.317268 	31.064449 	45.177429 	60.406952 	38.639359 	32.015621 	62.032249 	25.709921 	87.664131 	72.090218 	74.323616 	45.694637 	20.000000 	61.057350 	29.529646 	59.076221 	30.232433 	28.160255 	86.092972 	88.836929 	62.625874 	91.065910 	6.403124 	26.305893 	3.605551 	16.278820 	11.180340 	87.200920 	18.973665 	999.000000 	49.678970 	58.051701 	71.421288 	3.162278 	30.083218 	37.947330 	78.517517 	48.826221 	17.720045 	100.209778 	33.541019 	5.656854 	24.351591 	42.720020 	45.177429 	51.107731 	14.317822 	42.485291 	62.681736 	46.518814 	93.380943 	106.826965 	90.509666 	36.055511 	
34.058773 	55.326305 	78.771820 	30.805843 	31.575306 	37.000000 	30.528675 	44.553337 	50.487621 	35.171009 	36.878178 	22.360680 	39.849716 	20.880613 	24.738634 	17.720045 	22.135944 	72.090218 	42.426407 	44.721359 	17.029387 	46.872166 	49.929951 	73.430237 	49.406479 	64.350601 	59.640591 	40.496914 	67.675697 	49.678970 	999.000000 	8.602325 	22.472204 	52.402290 	78.771820 	86.092972 	29.681644 	4.472136 	34.205261 	53.310413 	18.788294 	49.517673 	28.301943 	91.065910 	11.180340 	8.485281 	62.936478 	91.525955 	14.317822 	12.649111 	44.407207 	59.059292 	41.231056 	85.603737 	
34.438351 	61.392181 	84.929382 	29.206163 	36.013885 	42.579338 	28.319605 	50.960770 	44.643028 	30.413813 	31.780497 	25.179358 	47.010635 	17.029387 	31.780497 	14.142136 	29.529646 	79.605278 	35.014282 	37.121422 	10.770329 	39.204590 	58.008621 	81.301903 	57.628117 	72.422371 	67.801178 	32.280025 	75.802376 	58.051701 	8.602325 	999.000000 	13.892444 	60.827625 	86.838928 	94.031906 	21.095022 	11.401754 	42.801868 	44.944408 	27.294687 	58.051701 	36.891735 	99.020203 	18.248287 	13.038404 	71.449280 	99.624290 	9.848858 	19.026299 	35.805027 	50.537113 	32.649654 	93.861603 	
38.118237 	71.512238 	94.868332 	30.594116 	44.922153 	52.554733 	28.861740 	61.741398 	36.359318 	25.806976 	26.248810 	33.241539 	58.830265 	18.027756 	43.829212 	17.117243 	42.011902 	91.586021 	23.769728 	25.317978 	11.180340 	27.166155 	70.936592 	93.813644 	70.767227 	85.276024 	80.808418 	19.104973 	88.729927 	71.421288 	22.472204 	13.892444 	999.000000 	74.276512 	99.639351 	106.606750 	7.211102 	25.079872 	56.612720 	31.320919 	41.182522 	71.700768 	50.774010 	111.606453 	31.622776 	25.709921 	85.041168 	112.445541 	16.124516 	32.015621 	22.022715 	36.674240 	19.104973 	106.962608 	
58.463665 	33.120991 	45.793011 	63.568859 	41.773197 	35.057095 	65.192024 	28.442924 	90.824005 	75.239616 	77.472572 	48.846699 	23.021729 	64.140472 	32.649654 	62.128899 	33.286633 	27.658634 	89.185204 	91.923882 	65.604881 	94.154129 	8.544003 	25.019993 	6.082763 	15.000000 	10.049875 	90.210861 	17.262676 	3.162278 	52.402290 	60.827625 	74.276512 	999.000000 	28.160255 	36.138622 	81.394104 	51.400391 	19.697716 	103.227905 	35.846897 	5.099020 	26.400757 	40.804413 	47.507893 	53.535034 	11.180340 	40.311287 	65.215027 	48.764740 	96.260063 	109.808922 	93.348808 	33.615471 	
76.321686 	38.600517 	34.176014 	83.234612 	60.216278 	51.865211 	85.211502 	42.190044 	110.136276 	95.801880 	98.005104 	70.178345 	41.773197 	87.000000 	55.973209 	85.562843 	57.628117 	14.000000 	111.395691 	114.214706 	89.938866 	116.387283 	28.844410 	7.280110 	29.529646 	14.422205 	19.235384 	113.846390 	11.180340 	30.083218 	78.771820 	86.838928 	99.639351 	28.160255 	999.000000 	8.062258 	106.526993 	78.390053 	47.759815 	126.621483 	63.560993 	32.756680 	54.424259 	12.649111 	75.153175 	80.950600 	22.090721 	12.806249 	92.282173 	76.557167 	121.264175 	133.645050 	118.697090 	9.219544 	
81.608826 	42.485291 	33.241539 	88.865067 	65.946945 	57.489128 	90.906548 	47.634022 	115.433968 	101.533249 	103.711136 	76.367531 	48.166378 	93.380943 	62.801273 	92.097771 	64.637451 	17.000000 	117.456375 	120.282997 	96.674713 	122.429573 	36.235340 	12.806249 	37.161808 	21.931713 	26.925823 	120.282997 	18.973665 	37.947330 	86.092972 	94.031906 	106.606750 	36.138622 	8.062258 	999.000000 	113.406349 	85.883644 	55.659679 	132.943604 	71.309189 	40.792156 	62.297672 	5.000000 	82.855293 	88.566360 	30.016663 	7.280110 	99.764725 	84.308952 	128.062485 	140.071411 	125.602547 	10.000000 	
42.107006 	77.472572 	100.657837 	34.000000 	50.695168 	58.600342 	32.015621 	68.000000 	33.970577 	26.570660 	26.400757 	39.000000 	65.459915 	22.561028 	50.606323 	22.472204 	48.918301 	98.183502 	19.723083 	20.615528 	17.000000 	22.135944 	77.897369 	100.603180 	77.794601 	92.195442 	87.783829 	13.152946 	95.671310 	78.517517 	29.681644 	21.095022 	7.211102 	81.394104 	106.526993 	113.406349 	999.000000 	32.202484 	63.820061 	24.515301 	48.373547 	78.873314 	57.982758 	118.406082 	38.626415 	32.572994 	92.195442 	119.331474 	22.090721 	38.897301 	14.866069 	29.546574 	12.206555 	113.951744 	
38.209946 	57.035076 	80.305664 	35.227829 	34.481880 	39.204590 	34.985710 	46.097721 	54.744862 	39.560081 	41.231056 	26.076809 	40.792156 	25.298222 	26.076809 	22.135944 	23.194826 	72.449982 	46.173584 	48.373547 	21.023796 	50.487621 	49.648766 	73.348480 	48.877399 	64.007812 	59.169250 	43.680660 	67.230942 	48.826221 	4.472136 	11.401754 	25.079872 	51.400391 	78.390053 	85.883644 	32.202484 	999.000000 	32.526913 	56.302753 	16.401220 	48.166378 	26.248810 	90.824005 	7.000000 	4.472136 	61.619801 	91.065910 	13.892444 	8.246211 	46.647614 	61.741398 	43.266617 	84.876381 	
49.254440 	39.962482 	59.203041 	52.086468 	34.481880 	31.384710 	53.235325 	30.479502 	78.262383 	62.169125 	64.327286 	37.013512 	22.671568 	49.335587 	21.213203 	46.818798 	20.000000 	45.044422 	74.094536 	76.694199 	49.193497 	78.924011 	21.000000 	43.931767 	19.104973 	33.955853 	28.861740 	73.824112 	36.687874 	17.720045 	34.205261 	42.801868 	56.612720 	19.697716 	47.759815 	55.659679 	63.820061 	32.526913 	999.000000 	86.833176 	16.401220 	15.811388 	6.708204 	60.406952 	28.017851 	34.205261 	29.206163 	60.008331 	46.097721 	29.154760 	78.600258 	92.962357 	75.432091 	53.235325 	
54.203320 	93.813644 	115.762688 	45.793011 	67.475922 	75.927597 	43.566040 	85.796272 	28.017851 	33.541019 	31.780497 	56.586216 	84.864601 	39.623226 	71.063354 	41.231056 	70.000000 	116.846054 	16.552946 	13.928389 	37.735924 	12.369317 	98.716766 	120.208153 	99.020203 	112.609947 	108.577164 	13.038404 	116.180893 	100.209778 	53.310413 	44.944408 	31.320919 	103.227905 	126.621483 	132.943604 	24.515301 	56.302753 	86.833176 	999.000000 	72.090218 	101.242287 	81.394104 	137.902145 	62.936478 	57.008770 	114.284729 	139.316193 	46.529560 	63.324562 	13.928389 	7.615773 	17.720045 	134.617981 	
42.953465 	48.270073 	70.256676 	43.174065 	32.526913 	33.615471 	43.737854 	37.363083 	67.007462 	51.009804 	53.000000 	29.546574 	30.413813 	37.054016 	19.416489 	34.132095 	16.401220 	59.228371 	60.638271 	63.063461 	35.171009 	65.253349 	35.440090 	59.135437 	34.176014 	49.396355 	44.384682 	59.236813 	52.392746 	33.541019 	18.788294 	27.294687 	41.182522 	35.846897 	63.560993 	71.309189 	48.373547 	16.401220 	16.401220 	72.090218 	999.000000 	32.202484 	9.899495 	76.157730 	11.661903 	17.804493 	45.607018 	76.026314 	29.732138 	13.000000 	62.968246 	77.826729 	59.640591 	69.462219 	
58.549126 	36.619667 	50.606323 	63.063461 	42.107006 	36.124783 	64.560051 	30.675724 	90.138779 	74.330345 	76.550636 	48.083260 	24.331051 	62.609905 	31.622776 	60.415230 	31.780497 	32.756680 	87.658424 	90.354858 	63.513779 	92.590500 	12.041595 	30.000000 	9.219544 	20.024984 	15.132746 	88.204308 	22.090721 	5.656854 	49.517673 	58.051701 	71.700768 	5.099020 	32.756680 	40.792156 	78.873314 	48.166378 	15.811388 	101.242287 	32.202484 	999.000000 	22.472204 	45.354160 	43.829212 	50.000000 	13.453624 	44.598206 	61.846584 	44.944408 	93.723000 	107.647575 	90.686272 	37.576588 	
47.296936 	43.863426 	64.327286 	49.091751 	34.000000 	32.557640 	50.009998 	33.615471 	74.431175 	58.309521 	60.406952 	34.365681 	25.942244 	44.911022 	20.124611 	42.201897 	18.027756 	51.244511 	69.260376 	71.784401 	44.011364 	74.000000 	27.166155 	50.447994 	25.495098 	40.521599 	35.440090 	68.447060 	43.324360 	24.351591 	28.301943 	36.891735 	50.774010 	26.400757 	54.424259 	62.297672 	57.982758 	26.248810 	6.708204 	81.394104 	9.899495 	22.472204 	999.000000 	67.067131 	21.400934 	27.658634 	35.805027 	66.708321 	39.623226 	22.472204 	72.670486 	87.321243 	69.404610 	59.941639 	
86.400230 	47.010635 	36.000000 	93.723000 	70.837845 	62.369865 	95.775780 	52.497620 	120.208153 	106.404884 	108.577164 	81.320351 	53.150730 	98.351410 	67.801178 	97.082436 	69.634758 	21.633308 	122.380554 	125.207825 	101.671036 	127.349915 	41.182522 	17.804493 	42.047592 	26.832815 	31.780497 	125.255737 	23.769728 	42.720020 	91.065910 	99.020203 	111.606453 	40.804413 	12.649111 	5.000000 	118.406082 	90.824005 	60.406952 	137.902145 	76.157730 	45.354160 	67.067131 	999.000000 	87.726852 	93.471924 	34.058773 	4.472136 	104.709122 	89.157166 	133.060135 	145.041367 	130.602448 	11.180340 	
43.278172 	57.218880 	80.000000 	41.182522 	37.121422 	40.521599 	41.146080 	46.173584 	61.660358 	46.324940 	48.052055 	30.413813 	40.012497 	32.015621 	26.476404 	28.861740 	23.345236 	70.342018 	53.150730 	55.326305 	28.017851 	57.428215 	46.818798 	70.576202 	45.694637 	60.926186 	55.946404 	50.447994 	63.976559 	45.177429 	11.180340 	18.248287 	31.622776 	47.507893 	75.153175 	82.855293 	38.626415 	7.000000 	28.017851 	62.936478 	11.661903 	43.829212 	21.400934 	87.726852 	999.000000 	6.403124 	57.201397 	87.658424 	18.439089 	2.236068 	52.773098 	68.154236 	49.244289 	81.123360 	
42.520584 	61.000000 	84.148682 	39.204590 	38.897301 	43.416588 	38.832977 	50.009998 	57.489128 	42.720020 	44.271889 	30.528675 	44.407207 	28.635643 	30.000000 	25.495098 	27.018513 	75.584389 	48.000000 	50.039986 	23.537205 	52.086468 	52.392746 	76.157730 	51.429562 	66.640831 	61.717098 	44.721359 	69.771057 	51.107731 	8.485281 	13.038404 	25.709921 	53.535034 	80.950600 	88.566360 	32.572994 	4.472136 	34.205261 	57.008770 	17.804493 	50.000000 	27.658634 	93.471924 	6.403124 	999.000000 	63.411354 	93.536087 	12.041595 	6.324555 	46.518814 	62.032249 	42.941822 	87.132080 	
69.375786 	40.521599 	48.083260 	74.672615 	52.630791 	45.541191 	76.321686 	38.000000 	101.950966 	86.406021 	88.639717 	60.008331 	33.541019 	75.292763 	43.829212 	73.246162 	44.418465 	27.202942 	100.344406 	103.077644 	76.609398 	105.309067 	18.110771 	21.931713 	16.492422 	14.142136 	12.083046 	101.257095 	13.892444 	14.317822 	62.936478 	71.449280 	85.041168 	11.180340 	22.090721 	30.016663 	92.195442 	61.619801 	29.206163 	114.284729 	45.607018 	13.453624 	35.805027 	34.058773 	57.201397 	63.411354 	999.000000 	32.557640 	75.286118 	58.249462 	107.056061 	120.801491 	104.062485 	25.000000 	
88.481636 	49.658836 	40.049969 	95.603348 	72.622307 	64.202805 	97.616600 	54.405884 	122.319252 	108.231232 	110.421921 	82.807007 	54.451813 	99.704567 	68.767723 	98.310730 	70.434364 	24.166092 	123.987900 	126.810883 	102.727798 	128.972870 	41.617306 	19.209373 	42.190044 	27.202942 	31.906113 	126.574089 	23.853722 	42.485291 	91.525955 	99.624290 	112.445541 	40.311287 	12.806249 	7.280110 	119.331474 	91.065910 	60.008331 	139.316193 	76.026314 	44.598206 	66.708321 	4.472136 	87.658424 	93.536087 	32.557640 	999.000000 	104.957130 	89.000000 	134.063416 	146.372818 	131.502853 	8.062258 	
44.283180 	69.584480 	93.059120 	38.832977 	45.099888 	51.088158 	37.802116 	58.855755 	51.478149 	38.600517 	39.661064 	34.713108 	54.120235 	26.248810 	39.051247 	23.600847 	36.400551 	86.162636 	39.812057 	41.436699 	19.104973 	43.289722 	63.529522 	87.206650 	62.769421 	77.897369 	73.061615 	35.000000 	81.123360 	62.681736 	14.317822 	9.848858 	16.124516 	65.215027 	92.282173 	99.764725 	22.090721 	13.892444 	46.097721 	46.529560 	29.732138 	61.846584 	39.623226 	104.709122 	18.439089 	12.041595 	75.286118 	104.957130 	999.000000 	18.027756 	35.114101 	50.960770 	31.384710 	98.737022 	
45.343136 	59.304298 	82.006096 	43.046486 	39.357338 	42.720020 	42.941822 	48.259712 	62.968246 	47.801674 	49.477268 	32.557640 	42.000000 	33.526108 	28.635643 	30.364452 	25.495098 	72.034714 	54.037025 	56.142673 	29.154760 	58.215118 	48.383881 	72.111023 	47.169907 	62.393909 	57.384666 	50.990196 	65.391129 	46.518814 	12.649111 	19.026299 	32.015621 	48.764740 	76.557167 	84.308952 	38.897301 	8.246211 	29.154760 	63.324562 	13.000000 	44.944408 	22.472204 	89.157166 	2.236068 	6.324555 	58.249462 	89.000000 	18.027756 	999.000000 	52.801514 	68.352028 	49.193497 	82.365044 	
53.851646 	91.241440 	114.127121 	45.354160 	64.412735 	72.560318 	43.174065 	82.152298 	35.846897 	35.057095 	34.000000 	52.839378 	80.000000 	35.777088 	65.299309 	36.359318 	63.702435 	112.645462 	20.880613 	19.697716 	31.400637 	19.723083 	92.698433 	115.256233 	92.633690 	106.962608 	102.591423 	12.165525 	110.453613 	93.380943 	44.407207 	35.805027 	22.022715 	96.260063 	121.264175 	128.062485 	14.866069 	46.647614 	78.600258 	13.928389 	62.968246 	93.723000 	72.670486 	133.060135 	52.773098 	46.518814 	107.056061 	134.063416 	35.114101 	52.801514 	999.000000 	16.124516 	4.000000 	128.763351 	
61.773781 	101.257095 	123.308556 	53.338543 	74.813103 	83.240616 	51.107731 	93.085983 	35.057095 	41.146080 	39.395432 	63.780876 	91.934761 	46.690472 	77.897369 	48.104053 	76.694199 	124.084648 	24.166092 	21.540659 	44.204071 	19.924858 	105.550934 	127.310646 	105.759163 	119.553337 	115.433968 	19.798990 	123.109711 	106.826965 	59.059292 	50.537113 	36.674240 	109.808922 	133.645050 	140.071411 	29.546574 	61.741398 	92.962357 	7.615773 	77.826729 	107.647575 	87.321243 	145.041367 	68.154236 	62.032249 	120.801491 	146.372818 	50.960770 	68.352028 	16.124516 	999.000000 	20.099751 	141.534454 	
52.952808 	89.470665 	112.538879 	44.553337 	62.649822 	70.661163 	42.426407 	80.131142 	37.589893 	35.057095 	34.234486 	50.990196 	77.665955 	34.176014 	62.801273 	34.438351 	61.073727 	110.385689 	22.360680 	21.633308 	29.154760 	22.022715 	90.027771 	112.800713 	89.872131 	104.350372 	99.904953 	13.416408 	107.814659 	90.509666 	41.231056 	32.649654 	19.104973 	93.348808 	118.697090 	125.602547 	12.206555 	43.266617 	75.432091 	17.720045 	59.640591 	90.686272 	69.404610 	130.602448 	49.244289 	42.941822 	104.062485 	131.502853 	31.384710 	49.193497 	4.000000 	20.099751 	999.000000 	126.063477 	
85.088188 	47.801674 	42.201897 	91.809586 	68.796799 	60.539242 	93.744331 	51.000000 	118.848640 	104.292854 	106.508217 	78.409180 	50.000000 	95.015785 	63.655323 	93.434471 	65.069191 	23.086792 	119.632774 	122.441826 	97.580734 	124.631454 	36.069378 	16.492422 	36.235340 	22.022715 	26.172504 	121.753853 	18.439089 	36.055511 	85.603737 	93.861603 	106.962608 	33.615471 	9.219544 	10.000000 	113.951744 	84.876381 	53.235325 	134.617981 	69.462219 	37.576588 	59.941639 	11.180340 	81.123360 	87.132080 	25.000000 	8.062258 	98.737022 	82.365044 	128.763351 	141.534454 	126.063477 	999.000000 	

Travel time:
9.000000 	1.007782 	1.539683 	0.213600 	0.419076 	0.614919 	0.269258 	0.853302 	0.845946 	0.520216 	0.570088 	0.335410 	0.901388 	0.502494 	0.701783 	0.539676 	0.735697 	1.620378 	0.943398 	1.012423 	0.686477 	1.060955 	1.288652 	1.733494 	1.322167 	1.587648 	1.513481 	1.077033 	1.677051 	1.382932 	0.851469 	0.860959 	0.952956 	1.461592 	1.908042 	2.040221 	1.052675 	0.955249 	1.231361 	1.355083 	1.073837 	1.463728 	1.182423 	2.160006 	1.081954 	1.063015 	1.734395 	2.212041 	1.107080 	1.133578 	1.346291 	1.544345 	1.323820 	2.127205 	
1.007782 	9.000000 	0.588430 	1.206752 	0.670820 	0.474342 	1.261200 	0.276134 	1.843909 	1.523975 	1.575794 	0.962094 	0.450694 	1.386768 	0.775000 	1.375909 	0.850368 	0.637377 	1.940522 	2.010752 	1.513481 	2.061553 	0.617454 	0.783023 	0.686477 	0.725431 	0.715891 	2.045880 	0.800391 	0.776611 	1.383158 	1.534805 	1.787806 	0.828025 	0.965013 	1.062132 	1.936814 	1.425877 	0.999062 	2.345341 	1.206752 	0.915492 	1.096586 	1.175266 	1.430472 	1.525000 	1.013040 	1.241471 	1.739612 	1.482607 	2.281036 	2.531427 	2.236767 	1.195042 	
1.539683 	0.588430 	9.000000 	1.749285 	1.249500 	1.061249 	1.805028 	0.855862 	2.340139 	2.059430 	2.107872 	1.542117 	1.000312 	1.959751 	1.355775 	1.954642 	1.428504 	0.540833 	2.483068 	2.552083 	2.095382 	2.600240 	0.984886 	0.716327 	1.051190 	0.848528 	0.925338 	2.605883 	0.870704 	1.129436 	1.969296 	2.123235 	2.371708 	1.144825 	0.854400 	0.831038 	2.516446 	2.007642 	1.480076 	2.894067 	1.756417 	1.265158 	1.608182 	0.900000 	2.000000 	2.103717 	1.202081 	1.001249 	2.326478 	2.050152 	2.853178 	3.082714 	2.813472 	1.055047 	
0.213600 	1.206752 	1.749285 	9.000000 	0.575543 	0.785016 	0.055902 	1.030776 	0.682825 	0.318198 	0.371652 	0.378319 	1.051487 	0.325000 	0.789383 	0.381608 	0.803508 	1.806239 	0.735272 	0.805062 	0.515388 	0.855132 	1.431782 	1.910007 	1.457738 	1.749285 	1.666208 	0.863496 	1.839327 	1.510174 	0.770146 	0.730154 	0.764853 	1.589221 	2.080865 	2.221627 	0.850000 	0.880696 	1.302162 	1.144825 	1.079352 	1.576586 	1.227294 	2.343075 	1.029563 	0.980115 	1.866815 	2.390084 	0.970824 	1.076162 	1.133854 	1.333464 	1.113833 	2.295240 	
0.419076 	0.670820 	1.249500 	0.575543 	9.000000 	0.212132 	0.625000 	0.459619 	1.252996 	0.890225 	0.945053 	0.292617 	0.482830 	0.716327 	0.347311 	0.705780 	0.410031 	1.237437 	1.290591 	1.361295 	0.845946 	1.414214 	0.869626 	1.335337 	0.903466 	1.175266 	1.096586 	1.380444 	1.265158 	0.965984 	0.789383 	0.900347 	1.123054 	1.044330 	1.505407 	1.648674 	1.267379 	0.862047 	0.862047 	1.686898 	0.813173 	1.052675 	0.850000 	1.770946 	0.928036 	0.972432 	1.315770 	1.815558 	1.127497 	0.983933 	1.610318 	1.870328 	1.566246 	1.719920 	
0.614919 	0.474342 	1.061249 	0.785016 	0.212132 	9.000000 	0.835539 	0.247487 	1.457738 	1.101136 	1.155692 	0.493077 	0.301040 	0.922293 	0.357946 	0.905883 	0.436606 	1.025305 	1.502706 	1.573412 	1.040733 	1.626346 	0.686477 	1.125000 	0.728869 	0.972754 	0.901388 	1.590008 	1.062132 	0.800391 	0.925000 	1.064483 	1.313868 	0.876427 	1.296630 	1.437228 	1.465008 	0.980115 	0.784618 	1.898190 	0.840387 	0.903120 	0.813941 	1.559247 	1.013040 	1.085415 	1.138530 	1.605070 	1.277204 	1.068001 	1.814008 	2.081015 	1.766529 	1.513481 	
0.269258 	1.261200 	1.805028 	0.055902 	0.625000 	0.835539 	9.000000 	1.081954 	0.640800 	0.265754 	0.320156 	0.412311 	1.097725 	0.291548 	0.824621 	0.355317 	0.834416 	1.858259 	0.680074 	0.750000 	0.480885 	0.800391 	1.475847 	1.960230 	1.500208 	1.796698 	1.711907 	0.807775 	1.886796 	1.550806 	0.763217 	0.707990 	0.721543 	1.629801 	2.130288 	2.272664 	0.800391 	0.874643 	1.330883 	1.089151 	1.093446 	1.614001 	1.250250 	2.394394 	1.028652 	0.970824 	1.908042 	2.440415 	0.945053 	1.073546 	1.079352 	1.277693 	1.060660 	2.343608 	
0.853302 	0.276134 	0.855862 	1.030776 	0.459619 	0.247487 	1.081954 	9.000000 	1.698897 	1.347683 	1.402007 	0.735272 	0.195256 	1.165386 	0.500625 	1.144825 	0.575000 	0.777817 	1.750179 	1.820886 	1.275000 	1.873833 	0.502494 	0.880696 	0.559017 	0.743303 	0.686477 	1.835245 	0.831038 	0.642748 	1.113833 	1.274019 	1.543535 	0.711073 	1.054751 	1.190850 	1.700000 	1.152443 	0.761988 	2.144907 	0.934077 	0.766893 	0.840387 	1.312441 	1.154340 	1.250250 	0.950000 	1.360147 	1.471394 	1.206493 	2.053807 	2.327150 	2.003278 	1.275000 	
0.845946 	1.843909 	2.340139 	0.682825 	1.252996 	1.457738 	0.640800 	1.698897 	9.000000 	0.403113 	0.350892 	1.051487 	1.732953 	0.750417 	1.463087 	0.826514 	1.467353 	2.465005 	0.381608 	0.403887 	0.848896 	0.412311 	2.114533 	2.579365 	2.140385 	2.428220 	2.347871 	0.604669 	2.518060 	2.191603 	1.262191 	1.116076 	0.908983 	2.270600 	2.753407 	2.885849 	0.849264 	1.368622 	1.956560 	0.700446 	1.675187 	2.253469 	1.860779 	3.005204 	1.541509 	1.437228 	2.548774 	3.057981 	1.286954 	1.574206 	0.896172 	0.876427 	0.939747 	2.971216 	
0.520216 	1.523975 	2.059430 	0.318198 	0.890225 	1.101136 	0.265754 	1.347683 	0.403113 	9.000000 	0.055902 	0.660019 	1.359458 	0.357946 	1.068001 	0.436606 	1.068001 	2.123971 	0.425000 	0.493077 	0.493077 	0.540833 	1.733854 	2.225562 	1.755349 	2.059430 	1.972308 	0.583631 	2.149564 	1.802255 	0.879275 	0.760345 	0.645174 	1.880990 	2.395047 	2.538331 	0.664266 	0.989002 	1.554228 	0.838525 	1.275245 	1.858259 	1.457738 	2.660122 	1.158123 	1.068001 	2.160151 	2.705781 	0.965013 	1.195042 	0.876427 	1.028652 	0.876427 	2.607321 	
0.570088 	1.575794 	2.107872 	0.371652 	0.945053 	1.155692 	0.320156 	1.402007 	0.350892 	0.055902 	9.000000 	0.715891 	1.415097 	0.403113 	1.123610 	0.480885 	1.123054 	2.177872 	0.380789 	0.447214 	0.525595 	0.493077 	1.789728 	2.280351 	1.811249 	2.114976 	2.028084 	0.552268 	2.205108 	1.858090 	0.921954 	0.794512 	0.656220 	1.936814 	2.450128 	2.592778 	0.660019 	1.030776 	1.608182 	0.794512 	1.325000 	1.913766 	1.510174 	2.714429 	1.201301 	1.106797 	2.215993 	2.760548 	0.991527 	1.236932 	0.850000 	0.984886 	0.855862 	2.662705 	
0.335410 	0.962094 	1.542117 	0.378319 	0.292617 	0.493077 	0.412311 	0.735272 	1.051487 	0.660019 	0.715891 	9.000000 	0.710634 	0.430116 	0.412311 	0.413824 	0.425735 	1.507689 	1.030776 	1.101136 	0.553399 	1.155692 	1.076162 	1.591383 	1.095730 	1.410009 	1.317431 	1.101136 	1.500000 	1.142366 	0.559017 	0.629484 	0.831038 	1.221167 	1.754459 	1.909188 	0.975000 	0.651920 	0.925338 	1.414655 	0.738664 	1.202081 	0.859142 	2.033009 	0.760345 	0.763217 	1.500208 	2.070175 	0.867828 	0.813941 	1.320984 	1.594522 	1.274755 	1.960230 	
0.901388 	0.450694 	1.000312 	1.051487 	0.482830 	0.301040 	1.097725 	0.195256 	1.732953 	1.359458 	1.415097 	0.710634 	9.000000 	1.131371 	0.380789 	1.098294 	0.443001 	0.818917 	1.741407 	1.811767 	1.215010 	1.866313 	0.388104 	0.884590 	0.427931 	0.700446 	0.614919 	1.803469 	0.790569 	0.500000 	0.996243 	1.175266 	1.470757 	0.575543 	1.044330 	1.204159 	1.636498 	1.019804 	0.566789 	2.121615 	0.760345 	0.608276 	0.648556 	1.328768 	1.000312 	1.110180 	0.838525 	1.361295 	1.353006 	1.050000 	2.000000 	2.298369 	1.941649 	1.250000 	
0.502494 	1.386768 	1.959751 	0.325000 	0.716327 	0.922293 	0.291548 	1.165386 	0.750417 	0.357946 	0.403113 	0.430116 	1.131371 	9.000000 	0.790569 	0.079057 	0.772172 	1.936653 	0.626498 	0.694622 	0.190394 	0.750417 	1.480076 	2.015564 	1.491015 	1.825000 	1.725724 	0.672681 	1.914419 	1.526434 	0.522015 	0.425735 	0.450694 	1.603512 	2.175000 	2.334524 	0.564026 	0.632456 	1.233390 	0.990581 	0.926350 	1.565248 	1.122776 	2.458785 	0.800391 	0.715891 	1.882319 	2.492614 	0.656220 	0.838153 	0.894427 	1.167262 	0.854400 	2.375395 	
