Total assets = 678
Number of asset nodes = 40

Distance:
999.000000 	8.000000 	6.708204 	38.418747 	26.832815 	23.769728 	10.630146 	62.201286 	71.028160 	64.350601 	16.763054 	49.406479 	30.083218 	56.222771 	25.019993 	64.660652 	67.896980 	24.515301 	48.020828 	67.475922 	47.423622 	28.160255 	87.206650 	67.623962 	31.016125 	45.617977 	69.310890 	45.541191 	31.144823 	26.000000 	28.442924 	78.568443 	30.594116 	44.147480 	42.720020 	27.784887 	45.122055 	39.012817 	87.114868 	49.477268 	96.938126 	60.008331 	94.047859 	90.553848 	40.012497 	39.458839 	76.059189 	61.465439 	34.205261 	69.354164 	37.363083 	46.173584 	38.600517 	
8.000000 	999.000000 	7.810250 	32.557640 	20.000000 	16.643316 	7.000000 	68.796799 	77.698135 	59.033890 	9.433981 	43.185646 	37.643059 	50.209560 	25.961510 	58.694122 	73.878281 	24.186773 	52.630791 	61.522354 	40.311287 	20.223749 	82.200974 	61.554855 	23.021729 	49.648766 	75.073296 	38.078865 	23.194826 	24.083189 	28.160255 	72.862885 	30.066593 	36.400551 	45.617977 	24.738634 	37.363083 	31.016125 	93.236259 	41.761227 	91.678787 	52.773098 	88.617157 	84.899940 	40.607880 	31.575306 	81.344948 	54.129475 	28.319605 	62.433964 	36.055511 	47.539455 	37.121422 	
6.708204 	7.810250 	999.000000 	40.360870 	27.658634 	24.207438 	5.099020 	61.400326 	70.327805 	66.843102 	13.038404 	50.931328 	31.400637 	57.982758 	19.104973 	66.468040 	66.219330 	18.110771 	44.821869 	69.296463 	47.707443 	25.179358 	90.000000 	69.310890 	28.442924 	41.880783 	67.357254 	45.177429 	28.160255 	19.313208 	22.090721 	80.659782 	24.186773 	43.081318 	38.078865 	21.095022 	44.011364 	36.674240 	85.603737 	48.466484 	99.488693 	60.033325 	96.426140 	92.698433 	34.058773 	36.000000 	73.552704 	61.294373 	28.301943 	69.892776 	30.805843 	40.607880 	32.015621 	
38.418747 	32.557640 	40.360870 	999.000000 	13.416408 	17.000000 	38.013157 	100.603180 	109.402924 	26.627054 	32.202484 	11.180340 	67.742157 	17.804493 	56.938564 	26.248810 	106.216759 	54.120235 	85.146935 	29.068884 	13.601471 	27.073973 	49.929951 	29.206163 	25.019993 	82.006096 	107.517441 	15.811388 	27.018513 	52.000000 	57.697487 	40.311287 	59.093147 	19.104973 	77.388626 	50.596443 	19.798990 	24.698177 	125.495018 	21.633308 	59.203041 	25.000000 	56.080299 	52.345009 	70.263786 	31.320919 	113.899078 	27.018513 	45.099888 	32.280025 	63.245552 	77.820305 	63.890530 	
26.832815 	20.000000 	27.658634 	13.416408 	999.000000 	3.605551 	24.839485 	88.752464 	97.637085 	39.962482 	18.788294 	23.345236 	56.859474 	30.479502 	43.566040 	38.948685 	93.861603 	40.706264 	72.180328 	41.773197 	20.615528 	15.524175 	63.285069 	41.725292 	14.764823 	68.883957 	95.015785 	19.235384 	16.552946 	38.626415 	44.283180 	53.263496 	45.694637 	19.104973 	64.070274 	37.363083 	20.099751 	18.601076 	113.229858 	24.000000 	72.422371 	33.241539 	69.202599 	65.299309 	56.859474 	23.430750 	101.118744 	34.785053 	33.136082 	42.544094 	50.000000 	64.404968 	50.695168 	
23.769728 	16.643316 	24.207438 	17.000000 	3.605551 	999.000000 	21.260292 	85.440041 	94.339813 	43.566040 	15.231546 	26.907248 	53.851646 	34.058773 	39.962482 	42.520584 	90.426765 	37.121422 	68.622154 	45.343136 	23.706539 	13.416408 	66.887962 	45.276924 	13.453624 	65.299309 	91.547798 	21.840330 	15.000000 	35.114101 	40.718548 	56.850681 	42.154476 	21.023796 	60.464867 	33.955853 	22.022715 	18.788294 	109.808922 	26.172504 	76.026314 	36.249138 	72.801102 	68.883957 	53.310413 	22.671568 	97.590981 	37.696156 	30.413813 	45.793011 	46.572525 	60.835846 	47.296936 	
10.630146 	7.000000 	5.099020 	38.013157 	24.839485 	21.260292 	999.000000 	65.299309 	74.242844 	64.637451 	8.246211 	48.166378 	36.221542 	55.317268 	19.313208 	63.780876 	69.634758 	17.262676 	47.381432 	66.603302 	44.204071 	20.396078 	87.920418 	66.528191 	23.769728 	44.045429 	70.604530 	41.340054 	23.345236 	17.117243 	21.213203 	78.102493 	23.086792 	38.910152 	39.446167 	18.027756 	39.812057 	32.015621 	89.050545 	44.283180 	97.200821 	56.302753 	94.021271 	90.138779 	33.734257 	31.016125 	76.419891 	57.454330 	23.600847 	66.400299 	29.068884 	40.804413 	30.149628 	
62.201286 	68.796799 	61.400326 	100.603180 	88.752464 	85.440041 	65.299309 	999.000000 	8.944272 	126.150703 	73.348480 	111.606453 	34.058773 	118.406082 	52.392746 	126.822708 	10.049875 	56.515484 	25.317978 	129.630249 	109.077957 	85.088188 	148.519363 	129.807556 	88.639717 	30.265491 	13.152946 	106.550461 	87.846458 	61.392181 	55.731499 	140.584488 	56.435802 	104.201729 	38.209946 	65.306969 	105.095192 	96.772926 	25.806976 	109.567329 	158.492905 	121.433105 	155.794739 	152.502457 	51.088158 	94.244362 	22.090721 	122.674362 	78.644768 	131.228806 	60.008331 	46.872166 	61.000000 	
71.028160 	77.698135 	70.327805 	109.402924 	97.637085 	94.339813 	74.242844 	8.944272 	999.000000 	134.825821 	82.292160 	120.432556 	42.426407 	127.200630 	61.131008 	135.602356 	10.816654 	65.253349 	33.000000 	138.405197 	117.991524 	94.021271 	157.079605 	138.600143 	97.575615 	38.000000 	13.453624 	115.485931 	96.772926 	70.092796 	64.327286 	149.305054 	64.938431 	113.145920 	46.000000 	73.979729 	114.039467 	105.702415 	18.384777 	118.511604 	167.092789 	130.361038 	164.438431 	161.198639 	59.008472 	103.121284 	20.591261 	131.609268 	87.321243 	140.132080 	68.183578 	54.230988 	69.115845 	
64.350601 	59.033890 	66.843102 	26.627054 	39.962482 	43.566040 	64.637451 	126.150703 	134.825821 	999.000000 	58.668560 	17.720045 	92.617493 	11.045361 	83.528435 	7.071068 	132.230865 	80.622574 	111.664673 	7.615773 	26.076809 	51.865211 	23.323807 	8.944272 	49.040798 	108.600182 	133.660019 	31.064449 	50.960770 	78.262383 	84.118965 	14.764823 	85.422478 	36.055511 	104.009613 	76.557167 	36.013885 	45.398239 	151.380310 	34.132095 	32.649654 	24.166092 	29.698484 	26.400757 	96.602280 	52.345009 	140.264038 	25.942244 	69.375786 	20.615528 	89.157166 	104.235313 	89.693924 	
16.763054 	9.433981 	13.038404 	32.202484 	18.788294 	15.231546 	8.246211 	73.348480 	82.292160 	58.668560 	999.000000 	41.617306 	44.407207 	48.826221 	25.000000 	57.201397 	77.388626 	21.954498 	54.561890 	60.000000 	36.796738 	12.165525 	81.987801 	59.816387 	15.524175 	50.911690 	78.236816 	33.600594 	15.132746 	19.924858 	25.495098 	71.610054 	26.925823 	30.886890 	45.607018 	19.104973 	31.764761 	23.769728 	96.798759 	36.235340 	90.972527 	48.600410 	87.658424 	83.600243 	38.078865 	23.021729 	83.737686 	49.648766 	19.416489 	58.898216 	31.575306 	45.617977 	32.388271 	
49.406479 	43.185646 	50.931328 	11.180340 	23.345236 	26.907248 	48.166378 	111.606453 	120.432556 	17.720045 	41.617306 	999.000000 	78.892334 	7.211102 	66.610809 	15.620500 	117.034180 	63.513779 	95.524864 	18.439089 	9.486833 	34.176014 	40.718548 	18.384777 	31.320919 	92.195442 	118.258194 	14.317822 	33.241539 	60.901562 	66.887962 	30.000000 	68.095520 	19.235384 	87.200920 	59.033890 	19.416489 	28.017851 	136.359818 	18.788294 	49.396355 	15.811388 	46.043457 	42.011902 	79.259071 	35.014282 	124.450790 	18.027756 	51.662365 	21.377558 	71.589104 	86.954010 	72.090218 	
30.083218 	37.643059 	31.400637 	67.742157 	56.859474 	53.851646 	36.221542 	34.058773 	42.426407 	92.617493 	44.407207 	78.892334 	999.000000 	85.440041 	32.202484 	93.744331 	41.677334 	35.468296 	30.149628 	96.519424 	77.472572 	56.568542 	114.690887 	96.798759 	59.841457 	31.048349 	43.829212 	75.610847 	59.539902 	40.162170 	37.121422 	107.200745 	38.948685 	74.040527 	34.000000 	43.965897 	75.000000 	68.066147 	59.816387 	79.404030 	124.739731 	90.077744 	122.147453 	119.016808 	41.012192 	67.186310 	52.000000 	91.547798 	55.901699 	99.282425 	45.486263 	42.438190 	46.872166 	
56.222771 	50.209560 	57.982758 	17.804493 	30.479502 	34.058773 	55.317268 	118.406082 	127.200630 	11.045361 	48.826221 	7.211102 	85.440041 	999.000000 	73.817345 	8.485281 	123.987900 	70.724815 	102.649887 	11.313708 	15.033297 	41.231056 	33.615471 	11.401754 	38.275318 	99.357941 	125.255737 	20.024984 	40.162170 	68.095520 	74.094536 	22.803509 	75.292763 	25.019993 	94.403389 	66.189125 	25.000000 	34.365681 	143.282944 	23.345236 	42.190044 	15.556349 	38.832977 	34.828148 	86.452301 	41.303753 	131.529465 	17.691807 	58.523499 	17.117243 	78.721024 	94.154129 	79.202271 	
25.019993 	25.961510 	19.104973 	56.938564 	43.566040 	39.962482 	19.313208 	52.392746 	61.131008 	83.528435 	25.000000 	66.610809 	32.202484 	73.817345 	999.000000 	82.200974 	54.625999 	4.123106 	30.528675 	85.000000 	61.554855 	34.828148 	106.850365 	84.811554 	38.418747 	26.400757 	55.009090 	58.000000 	37.202152 	9.055386 	5.000000 	96.607452 	7.071068 	54.671749 	20.615528 	13.038404 	55.443665 	46.043457 	73.790245 	59.816387 	115.935326 	72.917763 	112.645462 	108.600182 	15.000000 	42.485291 	59.640591 	73.756355 	26.305893 	83.450584 	14.212670 	21.587032 	15.620500 	
64.660652 	58.694122 	66.468040 	26.248810 	38.948685 	42.520584 	63.780876 	126.822708 	135.602356 	7.071068 	57.201397 	15.620500 	93.744331 	8.485281 	82.200974 	999.000000 	132.457535 	79.056938 	111.126053 	2.828427 	22.135944 	49.193497 	25.961510 	3.162278 	46.097721 	107.814659 	133.734818 	26.925823 	47.927029 	76.321686 	82.377182 	14.422205 	83.528435 	31.780497 	102.800781 	74.303429 	31.575306 	41.484936 	151.743210 	29.068884 	34.000000 	17.720045 	30.528675 	26.400757 	94.667839 	48.270073 	140.014282 	19.313208 	66.128662 	13.601471 	86.769814 	102.396286 	87.206650 	
67.896980 	73.878281 	66.219330 	106.216759 	93.861603 	90.426765 	69.634758 	10.049875 	10.816654 	132.230865 	77.388626 	117.034180 	41.677334 	123.987900 	54.625999 	132.457535 	999.000000 	58.694122 	24.738634 	135.281189 	113.811249 	88.684837 	154.935471 	135.369858 	92.282173 	29.614185 	3.162278 	110.941429 	91.301697 	63.324562 	57.245087 	146.454773 	57.567352 	108.226616 	37.483330 	67.067131 	109.077957 	100.239716 	19.416489 	113.534134 	164.769531 	125.924583 	161.929001 	158.448730 	50.487621 	97.082436 	12.041595 	127.027557 	80.324341 	136.014709 	60.016663 	45.011108 	60.827625 	
24.515301 	24.186773 	18.110771 	54.120235 	40.706264 	37.121422 	17.262676 	56.515484 	65.253349 	80.622574 	21.954498 	63.513779 	35.468296 	70.724815 	4.123106 	79.056938 	58.694122 	999.000000 	34.481880 	81.841309 	58.137768 	31.144823 	103.942291 	81.608826 	34.713108 	30.232433 	59.033890 	54.451813 	33.421551 	5.000000 	4.000000 	93.477272 	6.082763 	50.990196 	24.041630 	9.000000 	51.739735 	42.201897 	77.820305 	56.080299 	112.898186 	69.310890 	109.553642 	105.437187 	16.492422 	38.470768 	63.513779 	70.092796 	22.203604 	79.906197 	13.000000 	23.769728 	14.317822 	
48.020828 	52.630791 	44.821869 	85.146935 	72.180328 	68.622154 	47.381432 	25.317978 	33.000000 	111.664673 	54.561890 	95.524864 	30.149628 	102.649887 	30.528675 	111.126053 	24.738634 	34.481880 	999.000000 	113.951744 	91.350975 	65.215027 	134.807266 	113.899078 	68.818604 	5.000000 	24.698177 	88.090858 	67.675697 	38.910152 	32.695564 	125.399361 	32.893768 	85.000000 	13.000000 	42.544094 	85.802101 	76.550636 	43.462627 	90.210861 	144.308701 	103.077644 	141.226761 	137.440903 	26.019224 	72.945183 	29.206163 	104.019226 	55.713554 	113.454834 	35.355339 	21.587032 	36.221542 	
67.475922 	61.522354 	69.296463 	29.068884 	41.773197 	45.343136 	66.603302 	129.630249 	138.405197 	7.615773 	60.000000 	18.439089 	96.519424 	11.313708 	85.000000 	2.828427 	135.281189 	81.841309 	113.951744 	999.000000 	24.698177 	51.884487 	23.537205 	1.414214 	48.754486 	110.634537 	136.561340 	29.410883 	50.566788 	79.075912 	85.146935 	11.661903 	86.284416 	34.205261 	105.603027 	77.025970 	33.955853 	43.965897 	154.563904 	31.257000 	31.304953 	19.235384 	27.784887 	23.600847 	97.416634 	50.695168 	142.842575 	20.615528 	68.709534 	13.453624 	89.470665 	105.152267 	89.894379 	
47.423622 	40.311287 	47.707443 	13.601471 	20.615528 	23.706539 	44.204071 	109.077957 	117.991524 	26.076809 	36.796738 	9.486833 	77.472572 	15.033297 	61.554855 	22.135944 	113.811249 	58.137768 	91.350975 	24.698177 	999.000000 	27.459061 	48.083260 	24.166092 	24.186773 	87.692642 	114.808533 	5.000000 	25.942244 	55.000000 	61.220913 	36.249138 	62.201286 	10.000000 	82.134033 	52.697250 	10.049875 	19.416489 	133.221619 	9.433981 	55.946404 	12.649111 	52.325901 	47.885281 	73.239334 	26.305893 	120.507263 	14.317822 	44.011364 	22.203604 	65.000000 	81.024689 	65.368187 	
28.160255 	20.223749 	25.179358 	27.073973 	15.524175 	13.416408 	20.396078 	85.088188 	94.021271 	51.865211 	12.165525 	34.176014 	56.568542 	41.231056 	34.828148 	49.193497 	88.684837 	31.144823 	65.215027 	51.884487 	27.459061 	999.000000 	74.846512 	51.478149 	3.605551 	61.220913 	89.358826 	23.430750 	3.000000 	27.658634 	33.970577 	63.529522 	34.828148 	19.849434 	55.172459 	25.238859 	20.615528 	11.704700 	108.046288 	25.000000 	83.186539 	38.183765 	79.649231 	75.292763 	45.803928 	11.401754 	94.403389 	38.948685 	18.027756 	48.836460 	37.589893 	53.600372 	38.013157 	
87.206650 	82.200974 	90.000000 	49.929951 	63.285069 	66.887962 	87.920418 	148.519363 	157.079605 	23.323807 	81.987801 	40.718548 	114.690887 	33.615471 	106.850365 	25.961510 	154.935471 	103.942291 	134.807266 	23.537205 	48.083260 	74.846512 	999.000000 	24.331051 	71.867935 	131.825638 	156.464050 	52.886673 	73.736015 	101.533249 	107.424393 	13.038404 	108.706024 	57.723480 	127.318497 	99.744675 	57.489128 	67.446274 	173.954010 	54.744862 	10.295630 	42.047592 	9.055386 	9.848858 	119.883278 	74.215904 	163.248276 	43.000000 	92.027168 	33.241539 	112.307610 	127.534309 	112.805145 	
67.623962 	61.554855 	69.310890 	29.206163 	41.725292 	45.276924 	66.528191 	129.807556 	138.600143 	8.944272 	59.816387 	18.384777 	96.798759 	11.401754 	84.811554 	3.162278 	135.369858 	81.608826 	113.899078 	1.414214 	24.166092 	51.478149 	24.331051 	999.000000 	48.301140 	110.535065 	136.619904 	28.792360 	50.089920 	78.771820 	84.876381 	12.083046 	85.982559 	33.526108 	105.422958 	76.661591 	33.241539 	43.324360 	154.673843 	30.413813 	31.780497 	18.110771 	28.178005 	23.853722 	97.097885 	50.000000 	142.835571 	19.416489 	68.154236 	12.041595 	89.067390 	104.847511 	89.470665 	
31.016125 	23.021729 	28.442924 	25.019993 	14.764823 	13.453624 	23.769728 	88.639717 	97.575615 	49.040798 	15.524175 	31.320919 	59.841457 	38.275318 	38.418747 	46.097721 	92.282173 	34.713108 	68.818604 	48.754486 	24.186773 	3.605551 	71.867935 	48.301140 	999.000000 	64.815125 	92.962357 	20.000000 	2.000000 	31.144823 	37.483330 	60.373837 	38.288380 	16.278820 	58.728188 	28.600698 	17.029387 	8.246211 	111.646767 	21.400934 	80.056229 	34.655445 	76.478752 	72.069412 	49.203659 	9.433981 	98.005104 	35.383614 	20.396078 	45.343136 	40.816662 	57.008770 	41.182522 	
45.617977 	49.648766 	41.880783 	82.006096 	68.883957 	65.299309 	44.045429 	30.265491 	38.000000 	108.600182 	50.911690 	92.195442 	31.048349 	99.357941 	26.400757 	107.814659 	29.614185 	30.232433 	5.000000 	110.634537 	87.692642 	61.220913 	131.825638 	110.535065 	64.815125 	999.000000 	29.410883 	84.291161 	63.600315 	34.481880 	28.178005 	122.147453 	28.231188 	81.055534 	8.000000 	38.013157 	81.835197 	72.422371 	48.104053 	86.214851 	141.209061 	99.247169 	138.057953 	134.182709 	21.023796 	68.600288 	33.286633 	100.124924 	51.078373 	109.713264 	30.413813 	16.763054 	31.257000 	
69.310890 	75.073296 	67.357254 	107.517441 	95.015785 	91.547798 	70.604530 	13.152946 	13.453624 	133.660019 	78.236816 	118.258194 	43.829212 	125.255737 	55.009090 	133.734818 	3.162278 	59.033890 	24.698177 	136.561340 	114.808533 	89.358826 	156.464050 	136.619904 	92.962357 	29.410883 	999.000000 	111.830231 	91.923882 	63.560993 	57.384666 	147.800537 	57.584721 	109.000000 	37.107952 	67.230942 	109.836243 	100.846420 	18.788294 	114.280357 	166.243790 	126.826653 	163.355438 	159.812393 	50.009998 	97.493591 	9.000000 	127.882759 	80.411446 	137.003647 	59.665737 	44.181442 	60.415230 	
45.541191 	38.078865 	45.177429 	15.811388 	19.235384 	21.840330 	41.340054 	106.550461 	115.485931 	31.064449 	33.600594 	14.317822 	75.610847 	20.024984 	58.000000 	26.925823 	110.941429 	54.451813 	88.090858 	29.410883 	5.000000 	23.430750 	52.886673 	28.792360 	20.000000 	84.291161 	111.830231 	999.000000 	21.633308 	51.088158 	57.384666 	40.853397 	58.258045 	5.000000 	78.492035 	48.600410 	5.099020 	14.560220 	130.357208 	5.830952 	60.539242 	15.000000 	56.859474 	52.325901 	69.202599 	21.377558 	117.290237 	16.124516 	39.395432 	25.455845 	60.745369 	77.006493 	61.057350 	
31.144823 	23.194826 	28.160255 	27.018513 	16.552946 	15.000000 	23.345236 	87.846458 	96.772926 	50.960770 	15.132746 	33.241539 	59.539902 	40.162170 	37.202152 	47.927029 	91.301697 	33.421551 	67.675697 	50.566788 	25.942244 	3.000000 	73.736015 	50.089920 	2.000000 	63.600315 	91.923882 	21.633308 	999.000000 	29.698484 	36.069378 	62.169125 	36.796738 	17.691807 	57.384666 	27.018513 	18.384777 	8.944272 	110.639053 	22.671568 	81.859634 	36.124783 	78.262383 	73.824112 	47.634022 	8.544003 	96.834908 	36.769554 	18.439089 	46.861500 	39.115215 	55.443665 	39.446167 	
26.000000 	24.083189 	19.313208 	52.000000 	38.626415 	35.114101 	17.117243 	61.392181 	70.092796 	78.262383 	19.924858 	60.901562 	40.162170 	68.095520 	9.055386 	76.321686 	63.324562 	5.000000 	38.910152 	79.075912 	55.000000 	27.658634 	101.533249 	78.771820 	31.144823 	34.481880 	63.560993 	51.088158 	29.698484 	999.000000 	6.403124 	90.735878 	7.211102 	47.381432 	27.802877 	4.000000 	48.083260 	38.288380 	82.346825 	52.345009 	110.276924 	65.795135 	106.850365 	102.625534 	18.357559 	34.132095 	67.742157 	66.468040 	17.262676 	76.485291 	12.000000 	26.076809 	13.038404 	
28.442924 	28.160255 	22.090721 	57.697487 	44.283180 	40.718548 	21.213203 	55.731499 	64.327286 	84.118965 	25.495098 	66.887962 	37.121422 	74.094536 	5.000000 	82.377182 	57.245087 	4.000000 	32.695564 	85.146935 	61.220913 	33.970577 	107.424393 	84.876381 	37.483330 	28.178005 	57.384666 	57.384666 	36.069378 	6.403124 	999.000000 	96.798759 	2.236068 	53.740116 	21.400934 	9.848858 	54.451813 	44.687805 	76.157730 	58.728188 	116.284134 	72.138756 	112.898186 	108.724419 	12.649111 	40.496914 	61.400326 	72.835434 	23.086792 	82.807007 	9.433981 	20.124611 	10.816654 	
78.568443 	72.862885 	80.659782 	40.311287 	53.263496 	56.850681 	78.102493 	140.584488 	149.305054 	14.764823 	71.610054 	30.000000 	107.200745 	22.803509 	96.607452 	14.422205 	146.454773 	93.477272 	125.399361 	11.661903 	36.249138 	63.529522 	13.038404 	12.083046 	60.373837 	122.147453 	147.800537 	40.853397 	62.169125 	90.735878 	96.798759 	999.000000 	97.943863 	45.541191 	117.200684 	88.684837 	45.221676 	55.362442 	165.680420 	42.201897 	19.697716 	29.154760 	16.124516 	12.041595 	109.077957 	61.983868 	154.207657 	30.016663 	80.230919 	20.223749 	101.118744 	116.811813 	101.533249 	
30.594116 	30.066593 	24.186773 	59.093147 	45.694637 	42.154476 	23.086792 	56.435802 	64.938431 	85.422478 	26.925823 	68.095520 	38.948685 	75.292763 	7.071068 	83.528435 	57.567352 	6.082763 	32.893768 	86.284416 	62.201286 	34.828148 	108.706024 	85.982559 	38.288380 	28.231188 	57.584721 	58.258045 	36.796738 	7.211102 	2.236068 	97.943863 	999.000000 	54.488529 	21.095022 	10.000000 	55.172459 	45.276924 	76.321686 	59.396969 	117.477661 	72.917763 	114.057007 	109.836243 	11.180340 	40.804413 	61.294373 	73.552704 	22.847319 	83.630135 	7.211102 	18.867962 	8.602325 	
44.147480 	36.400551 	43.081318 	19.104973 	19.104973 	21.023796 	38.910152 	104.201729 	113.145920 	36.055511 	30.886890 	19.235384 	74.040527 	25.019993 	54.671749 	31.780497 	108.226616 	50.990196 	85.000000 	34.205261 	10.000000 	19.849434 	57.723480 	33.526108 	16.278820 	81.055534 	109.000000 	5.000000 	17.691807 	47.381432 	53.740116 	45.541191 	54.488529 	999.000000 	75.006668 	44.687805 	1.000000 	9.848858 	127.624451 	5.385165 	65.192024 	18.439089 	61.465439 	56.859474 	65.299309 	16.492422 	114.201576 	19.104973 	34.885529 	29.206163 	56.612720 	73.109505 	56.859474 	
42.720020 	45.617977 	38.078865 	77.388626 	64.070274 	60.464867 	39.446167 	38.209946 	46.000000 	104.009613 	45.607018 	87.200920 	34.000000 	94.403389 	20.615528 	102.800781 	37.483330 	24.041630 	13.000000 	105.603027 	82.134033 	55.172459 	127.318497 	105.422958 	58.728188 	8.000000 	37.107952 	78.492035 	57.384666 	27.802877 	21.400934 	117.200684 	21.095022 	75.006668 	999.000000 	31.064449 	75.742989 	66.068146 	55.659679 	80.056229 	136.484436 	93.348808 	133.221619 	129.201401 	13.038404 	61.854668 	40.249222 	94.111633 	43.829212 	103.947105 	22.561028 	9.433981 	23.345236 	
27.784887 	24.738634 	21.095022 	50.596443 	37.363083 	33.955853 	18.027756 	65.306969 	73.979729 	76.557167 	19.104973 	59.033890 	43.965897 	66.189125 	13.038404 	74.303429 	67.067131 	9.000000 	42.544094 	77.025970 	52.697250 	25.238859 	99.744675 	76.661591 	28.600698 	38.013157 	67.230942 	48.600410 	27.018513 	4.000000 	9.848858 	88.684837 	10.000000 	44.687805 	31.064449 	999.000000 	45.343136 	35.355339 	86.005814 	49.517673 	108.300507 	63.126858 	104.809349 	100.498756 	20.615528 	30.805843 	71.196907 	63.702435 	13.341664 	73.878281 	12.649111 	28.425341 	13.341664 	
45.122055 	37.363083 	44.011364 	19.798990 	20.099751 	22.022715 	39.812057 	105.095192 	114.039467 	36.013885 	31.764761 	19.416489 	75.000000 	25.000000 	55.443665 	31.575306 	109.077957 	51.739735 	85.802101 	33.955853 	10.049875 	20.615528 	57.489128 	33.241539 	17.029387 	81.835197 	109.836243 	5.099020 	18.384777 	48.083260 	54.451813 	45.221676 	55.172459 	1.000000 	75.742989 	45.343136 	999.000000 	10.295630 	128.471786 	4.472136 	64.845970 	17.804493 	61.098282 	56.462376 	65.946945 	16.763054 	115.000000 	18.384777 	35.355339 	28.600698 	57.201397 	73.756355 	57.428215 	
39.012817 	31.016125 	36.674240 	24.698177 	18.601076 	18.788294 	32.015621 	96.772926 	105.702415 	45.398239 	23.769728 	28.017851 	68.066147 	34.365681 	46.043457 	41.484936 	100.239716 	42.201897 	76.550636 	43.965897 	19.416489 	11.704700 	67.446274 	43.324360 	8.246211 	72.422371 	100.846420 	14.560220 	8.944272 	38.288380 	44.687805 	55.362442 	45.276924 	9.848858 	66.068146 	35.355339 	10.295630 	999.000000 	119.570061 	14.212670 	75.026665 	28.017851 	71.309189 	66.708321 	55.901699 	7.000000 	105.683487 	28.425341 	25.059929 	38.832977 	47.010635 	63.702435 	47.201694 	
87.114868 	93.236259 	85.603737 	125.495018 	113.229858 	109.808922 	89.050545 	25.806976 	18.384777 	151.380310 	96.798759 	136.359818 	59.816387 	143.282944 	73.790245 	151.743210 	19.416489 	77.820305 	43.462627 	154.563904 	133.221619 	108.046288 	173.954010 	154.673843 	111.646767 	48.104053 	18.788294 	130.357208 	110.639053 	82.346825 	76.157730 	165.680420 	76.321686 	127.624451 	55.659679 	86.005814 	128.471786 	119.570061 	999.000000 	132.924789 	183.853195 	145.340973 	181.069046 	177.654160 	68.410522 	116.275536 	17.029387 	146.441116 	99.161484 	155.425217 	78.160095 	62.169125 	78.847954 	
49.477268 	41.761227 	48.466484 	21.633308 	24.000000 	26.172504 	44.283180 	109.567329 	118.511604 	34.132095 	36.235340 	18.788294 	79.404030 	23.345236 	59.816387 	29.068884 	113.534134 	56.080299 	90.210861 	31.257000 	9.433981 	25.000000 	54.744862 	30.413813 	21.400934 	86.214851 	114.280357 	5.830952 	22.671568 	52.345009 	58.728188 	42.201897 	59.396969 	5.385165 	80.056229 	49.517673 	4.472136 	14.212670 	132.924789 	999.000000 	61.684681 	13.892444 	57.870544 	53.141319 	70.092796 	20.124611 	119.402679 	14.212670 	39.115215 	24.698177 	61.220913 	77.897369 	61.400326 	
96.938126 	91.678787 	99.488693 	59.203041 	72.422371 	76.026314 	97.200821 	158.492905 	167.092789 	32.649654 	90.972527 	49.396355 	124.739731 	42.190044 	115.935326 	34.000000 	164.769531 	112.898186 	144.308701 	31.304953 	55.946404 	83.186539 	10.295630 	31.780497 	80.056229 	141.209061 	166.243790 	60.539242 	81.859634 	110.276924 	116.284134 	19.697716 	117.477661 	65.192024 	136.484436 	108.300507 	64.845970 	75.026665 	183.853195 	61.684681 	999.000000 	48.270073 	4.000000 	9.000000 	128.631256 	81.596565 	172.904602 	48.836460 	99.924973 	38.327538 	120.768372 	136.341476 	121.198181 	
60.008331 	52.773098 	60.033325 	25.000000 	33.241539 	36.249138 	56.302753 	121.433105 	130.361038 	24.166092 	48.600410 	15.811388 	90.077744 	15.556349 	72.917763 	17.720045 	125.924583 	69.310890 	103.077644 	19.235384 	12.649111 	38.183765 	42.047592 	18.110771 	34.655445 	99.247169 	126.826653 	15.000000 	36.124783 	65.795135 	72.138756 	29.154760 	72.917763 	18.439089 	93.348808 	63.126858 	17.804493 	28.017851 	145.340973 	13.892444 	48.270073 	999.000000 	44.384682 	39.560081 	83.737686 	34.000000 	132.279999 	2.236068 	53.000000 	10.816654 	75.000000 	91.547798 	75.213028 	
94.047859 	88.617157 	96.426140 	56.080299 	69.202599 	72.801102 	94.021271 	155.794739 	164.438431 	29.698484 	87.658424 	46.043457 	122.147453 	38.832977 	112.645462 	30.528675 	161.929001 	109.553642 	141.226761 	27.784887 	52.325901 	79.649231 	9.055386 	28.178005 	76.478752 	138.057953 	163.355438 	56.859474 	78.262383 	106.850365 	112.898186 	16.124516 	114.057007 	61.465439 	133.221619 	104.809349 	61.098282 	71.309189 	181.069046 	57.870544 	4.000000 	44.384682 	999.000000 	5.000000 	125.195847 	77.833153 	169.917633 	44.911022 	96.254868 	34.365681 	117.239075 	132.924789 	117.647781 	
90.553848 	84.899940 	92.698433 	52.345009 	65.299309 	68.883957 	90.138779 	152.502457 	161.198639 	26.400757 	83.600243 	42.011902 	119.016808 	34.828148 	108.600182 	26.400757 	158.448730 	105.437187 	137.440903 	23.600847 	47.885281 	75.292763 	9.848858 	23.853722 	72.069412 	134.182709 	159.812393 	52.325901 	73.824112 	102.625534 	108.724419 	12.041595 	109.836243 	56.859474 	129.201401 	100.498756 	56.462376 	66.708321 	177.654160 	53.141319 	9.000000 	39.560081 	5.000000 	999.000000 	120.950401 	73.164200 	166.243790 	40.024994 	91.706055 	29.427877 	112.871605 	128.701202 	113.251930 	
40.012497 	40.607880 	34.058773 	70.263786 	56.859474 	53.310413 	33.734257 	51.088158 	59.008472 	96.602280 	38.078865 	79.259071 	41.012192 	86.452301 	15.000000 	94.667839 	50.487621 	16.492422 	26.019224 	97.416634 	73.239334 	45.803928 	119.883278 	97.097885 	49.203659 	21.023796 	50.009998 	69.202599 	47.634022 	18.357559 	12.649111 	109.077957 	11.180340 	65.299309 	13.038404 	20.615528 	65.946945 	55.901699 	68.410522 	70.092796 	128.631256 	83.737686 	125.195847 	120.950401 	999.000000 	50.990196 	52.554733 	84.291161 	32.202484 	94.493385 	9.848858 	7.810250 	10.440307 	
39.458839 	31.575306 	36.000000 	31.320919 	23.430750 	22.671568 	31.016125 	94.244362 	103.121284 	52.345009 	23.021729 	35.014282 	67.186310 	41.303753 	42.485291 	48.270073 	97.082436 	38.470768 	72.945183 	50.695168 	26.305893 	11.401754 	74.215904 	50.000000 	9.433981 	68.600288 	97.493591 	21.377558 	8.544003 	34.132095 	40.496914 	61.983868 	40.804413 	16.492422 	61.854668 	30.805843 	16.763054 	7.000000 	116.275536 	20.124611 	81.596565 	34.000000 	77.833153 	73.164200 	50.990196 	999.000000 	101.872467 	34.132095 	19.209373 	44.777225 	41.725292 	58.728188 	41.773197 	
76.059189 	81.344948 	73.552704 	113.899078 	101.118744 	97.590981 	76.419891 	22.090721 	20.591261 	140.264038 	83.737686 	124.450790 	52.000000 	131.529465 	59.640591 	140.014282 	12.041595 	63.513779 	29.206163 	142.842575 	120.507263 	94.403389 	163.248276 	142.835571 	98.005104 	33.286633 	9.000000 	117.290237 	96.834908 	67.742157 	61.400326 	154.207657 	61.294373 	114.201576 	40.249222 	71.196907 	115.000000 	105.683487 	17.029387 	119.402679 	172.904602 	132.279999 	169.917633 	166.243790 	52.554733 	101.872467 	999.000000 	133.225372 	84.077347 	142.635895 	62.393909 	45.880280 	62.968246 	
61.465439 	54.129475 	61.294373 	27.018513 	34.785053 	37.696156 	57.454330 	122.674362 	131.609268 	25.942244 	49.648766 	18.027756 	91.547798 	17.691807 	73.756355 	19.313208 	127.027557 	70.092796 	104.019226 	20.615528 	14.317822 	38.948685 	43.000000 	19.416489 	35.383614 	100.124924 	127.882759 	16.124516 	36.769554 	66.468040 	72.835434 	30.016663 	73.552704 	19.104973 	94.111633 	63.702435 	18.384777 	28.425341 	146.441116 	14.212670 	48.836460 	2.236068 	44.911022 	40.024994 	84.291161 	34.132095 	133.225372 	999.000000 	53.254108 	10.770329 	75.432091 	92.097771 	75.604233 	
34.205261 	28.319605 	28.301943 	45.099888 	33.136082 	30.413813 	23.600847 	78.644768 	87.321243 	69.375786 	19.416489 	51.662365 	55.901699 	58.523499 	26.305893 	66.128662 	80.324341 	22.203604 	55.713554 	68.709534 	44.011364 	18.027756 	92.027168 	68.154236 	20.396078 	51.078373 	80.411446 	39.395432 	18.439089 	17.262676 	23.086792 	80.230919 	22.847319 	34.885529 	43.829212 	13.341664 	35.355339 	25.059929 	99.161484 	39.115215 	99.924973 	53.000000 	96.254868 	91.706055 	32.202484 	19.209373 	84.077347 	53.254108 	999.000000 	63.812225 	22.671568 	39.824615 	22.627417 	
69.354164 	62.433964 	69.892776 	32.280025 	42.544094 	45.793011 	66.400299 	131.228806 	140.132080 	20.615528 	58.898216 	21.377558 	99.282425 	17.117243 	83.450584 	13.601471 	136.014709 	79.906197 	113.454834 	13.453624 	22.203604 	48.836460 	33.241539 	12.041595 	45.343136 	109.713264 	137.003647 	25.455845 	46.861500 	76.485291 	82.807007 	20.223749 	83.630135 	29.206163 	103.947105 	73.878281 	28.600698 	38.832977 	155.425217 	24.698177 	38.327538 	10.816654 	34.365681 	29.427877 	94.493385 	44.777225 	142.635895 	10.770329 	63.812225 	999.000000 	85.802101 	102.303467 	86.023254 	
37.363083 	36.055511 	30.805843 	63.245552 	50.000000 	46.572525 	29.068884 	60.008331 	68.183578 	89.157166 	31.575306 	71.589104 	45.486263 	78.721024 	14.212670 	86.769814 	60.016663 	13.000000 	35.355339 	89.470665 	65.000000 	37.589893 	112.307610 	89.067390 	40.816662 	30.413813 	59.665737 	60.745369 	39.115215 	12.000000 	9.433981 	101.118744 	7.211102 	56.612720 	22.561028 	12.649111 	57.201397 	47.010635 	78.160095 	61.220913 	120.768372 	75.000000 	117.239075 	112.871605 	9.848858 	41.725292 	62.393909 	75.432091 	22.671568 	85.802101 	999.000000 	17.204651 	1.414214 	
46.173584 	47.539455 	40.607880 	77.820305 	64.404968 	60.835846 	40.804413 	46.872166 	54.230988 	104.235313 	45.617977 	86.954010 	42.438190 	94.154129 	21.587032 	102.396286 	45.011108 	23.769728 	21.587032 	105.152267 	81.024689 	53.600372 	127.534309 	104.847511 	57.008770 	16.763054 	44.181442 	77.006493 	55.443665 	26.076809 	20.124611 	116.811813 	18.867962 	73.109505 	9.433981 	28.425341 	73.756355 	63.702435 	62.169125 	77.897369 	136.341476 	91.547798 	132.924789 	128.701202 	7.810250 	58.728188 	45.880280 	92.097771 	39.824615 	102.303467 	17.204651 	999.000000 	17.492855 	
38.600517 	37.121422 	32.015621 	63.890530 	50.695168 	47.296936 	30.149628 	61.000000 	69.115845 	89.693924 	32.388271 	72.090218 	46.872166 	79.202271 	15.620500 	87.206650 	60.827625 	14.317822 	36.221542 	89.894379 	65.368187 	38.013157 	112.805145 	89.470665 	41.182522 	31.257000 	60.415230 	61.057350 	39.446167 	13.038404 	10.816654 	101.533249 	8.602325 	56.859474 	23.345236 	13.341664 	57.428215 	47.201694 	78.847954 	61.400326 	121.198181 	75.213028 	117.647781 	113.251930 	10.440307 	41.773197 	62.968246 	75.604233 	22.627417 	86.023254 	1.414214 	17.492855 	999.000000 	

Travel time:
9.000000 	0.200000 	0.167705 	0.960469 	0.670820 	0.594243 	0.265754 	1.555032 	1.775704 	1.608765 	0.419076 	1.235162 	0.752080 	1.405569 	0.625500 	1.616516 	1.697425 	0.612882 	1.200521 	1.686898 	1.185591 	0.704006 	2.180166 	1.690599 	0.775403 	1.140449 	1.732772 	1.138530 	0.778621 	0.650000 	0.711073 	1.964211 	0.764853 	1.103687 	1.068001 	0.694622 	1.128051 	0.975320 	2.177872 	1.236932 	2.423453 	1.500208 	2.351197 	2.263846 	1.000312 	0.986471 	1.901480 	1.536636 	0.855132 	1.733854 	0.934077 	1.154340 	0.965013 	
0.200000 	9.000000 	0.195256 	0.813941 	0.500000 	0.416083 	0.175000 	1.719920 	1.942453 	1.475847 	0.235850 	1.079641 	0.941076 	1.255239 	0.649038 	1.467353 	1.846957 	0.604669 	1.315770 	1.538059 	1.007782 	0.505594 	2.055024 	1.538871 	0.575543 	1.241219 	1.876832 	0.951972 	0.579871 	0.602080 	0.704006 	1.821572 	0.751665 	0.910014 	1.140449 	0.618466 	0.934077 	0.775403 	2.330906 	1.044031 	2.291970 	1.319327 	2.215429 	2.122499 	1.015197 	0.789383 	2.033624 	1.353237 	0.707990 	1.560849 	0.901388 	1.188486 	0.928036 	
0.167705 	0.195256 	9.000000 	1.009022 	0.691466 	0.605186 	0.127475 	1.535008 	1.758195 	1.671077 	0.325960 	1.273283 	0.785016 	1.449569 	0.477624 	1.661701 	1.655483 	0.452769 	1.120547 	1.732412 	1.192686 	0.629484 	2.250000 	1.732772 	0.711073 	1.047020 	1.683931 	1.129436 	0.704006 	0.482830 	0.552268 	2.016495 	0.604669 	1.077033 	0.951972 	0.527376 	1.100284 	0.916856 	2.140093 	1.211662 	2.487217 	1.500833 	2.410654 	2.317461 	0.851469 	0.900000 	1.838818 	1.532359 	0.707549 	1.747319 	0.770146 	1.015197 	0.800391 	
0.960469 	0.813941 	1.009022 	9.000000 	0.335410 	0.425000 	0.950329 	2.515079 	2.735073 	0.665676 	0.805062 	0.279509 	1.693554 	0.445112 	1.423464 	0.656220 	2.655419 	1.353006 	2.128673 	0.726722 	0.340037 	0.676849 	1.248249 	0.730154 	0.625500 	2.050152 	2.687936 	0.395285 	0.675463 	1.300000 	1.442437 	1.007782 	1.477329 	0.477624 	1.934716 	1.264911 	0.494975 	0.617454 	3.137375 	0.540833 	1.480076 	0.625000 	1.402007 	1.308625 	1.756595 	0.783023 	2.847477 	0.675463 	1.127497 	0.807001 	1.581139 	1.945508 	1.597263 	
0.670820 	0.500000 	0.691466 	0.335410 	9.000000 	0.090139 	0.620987 	2.218812 	2.440927 	0.999062 	0.469707 	0.583631 	1.421487 	0.761988 	1.089151 	0.973717 	2.346540 	1.017657 	1.804508 	1.044330 	0.515388 	0.388104 	1.582127 	1.043132 	0.369121 	1.722099 	2.375395 	0.480885 	0.413824 	0.965660 	1.107080 	1.331587 	1.142366 	0.477624 	1.601757 	0.934077 	0.502494 	0.465027 	2.830746 	0.600000 	1.810559 	0.831038 	1.730065 	1.632483 	1.421487 	0.585769 	2.527969 	0.869626 	0.828402 	1.063602 	1.250000 	1.610124 	1.267379 	
0.594243 	0.416083 	0.605186 	0.425000 	0.090139 	9.000000 	0.531507 	2.136001 	2.358495 	1.089151 	0.380789 	0.672681 	1.346291 	0.851469 	0.999062 	1.063015 	2.260669 	0.928036 	1.715554 	1.133578 	0.592663 	0.335410 	1.672199 	1.131923 	0.336341 	1.632483 	2.288695 	0.546008 	0.375000 	0.877853 	1.017964 	1.421267 	1.053862 	0.525595 	1.511622 	0.848896 	0.550568 	0.469707 	2.745223 	0.654313 	1.900658 	0.906228 	1.820028 	1.722099 	1.332760 	0.566789 	2.439775 	0.942404 	0.760345 	1.144825 	1.164313 	1.520896 	1.182423 	
0.265754 	0.175000 	0.127475 	0.950329 	0.620987 	0.531507 	9.000000 	1.632483 	1.856071 	1.615936 	0.206155 	1.204159 	0.905539 	1.382932 	0.482830 	1.594522 	1.740869 	0.431567 	1.184536 	1.665083 	1.105102 	0.509902 	2.198010 	1.663205 	0.594243 	1.101136 	1.765113 	1.033501 	0.583631 	0.427931 	0.530330 	1.952562 	0.577170 	0.972754 	0.986154 	0.450694 	0.995301 	0.800391 	2.226264 	1.107080 	2.430021 	1.407569 	2.350532 	2.253469 	0.843356 	0.775403 	1.910497 	1.436358 	0.590021 	1.660007 	0.726722 	1.020110 	0.753741 	
1.555032 	1.719920 	1.535008 	2.515079 	2.218812 	2.136001 	1.632483 	9.000000 	0.223607 	3.153768 	1.833712 	2.790161 	0.851469 	2.960152 	1.309819 	3.170568 	0.251247 	1.412887 	0.632949 	3.240756 	2.726949 	2.127205 	3.712984 	3.245189 	2.215993 	0.756637 	0.328824 	2.663762 	2.196162 	1.534805 	1.393287 	3.514612 	1.410895 	2.605043 	0.955249 	1.632674 	2.627380 	2.419323 	0.645174 	2.739183 	3.962323 	3.035828 	3.894868 	3.812562 	1.277204 	2.356109 	0.552268 	3.066859 	1.966119 	3.280720 	1.500208 	1.171804 	1.525000 	
1.775704 	1.942453 	1.758195 	2.735073 	2.440927 	2.358495 	1.856071 	0.223607 	9.000000 	3.370646 	2.057304 	3.010814 	1.060660 	3.180016 	1.528275 	3.390059 	0.270416 	1.631334 	0.825000 	3.460130 	2.949788 	2.350532 	3.926990 	3.465003 	2.439390 	0.950000 	0.336341 	2.887148 	2.419323 	1.752320 	1.608182 	3.732626 	1.623461 	2.828648 	1.150000 	1.849493 	2.850987 	2.642560 	0.459619 	2.962790 	4.177320 	3.259026 	4.110961 	4.029966 	1.475212 	2.578032 	0.514782 	3.290232 	2.183031 	3.503302 	1.704589 	1.355775 	1.727896 	
1.608765 	1.475847 	1.671077 	0.665676 	0.999062 	1.089151 	1.615936 	3.153768 	3.370646 	9.000000 	1.466714 	0.443001 	2.315437 	0.276134 	2.088211 	0.176777 	3.305772 	2.015564 	2.791617 	0.190394 	0.651920 	1.296630 	0.583095 	0.223607 	1.226020 	2.715004 	3.341501 	0.776611 	1.274019 	1.956560 	2.102974 	0.369121 	2.135562 	0.901388 	2.600240 	1.913929 	0.900347 	1.134956 	3.784508 	0.853302 	0.816241 	0.604152 	0.742462 	0.660019 	2.415057 	1.308625 	3.506601 	0.648556 	1.734395 	0.515388 	2.228929 	2.605883 	2.242348 	
0.419076 	0.235850 	0.325960 	0.805062 	0.469707 	0.380789 	0.206155 	1.833712 	2.057304 	1.466714 	9.000000 	1.040433 	1.110180 	1.220656 	0.625000 	1.430035 	1.934716 	0.548862 	1.364047 	1.500000 	0.919918 	0.304138 	2.049695 	1.495410 	0.388104 	1.272792 	1.955920 	0.840015 	0.378319 	0.498121 	0.637377 	1.790251 	0.673146 	0.772172 	1.140175 	0.477624 	0.794119 	0.594243 	2.419969 	0.905883 	2.274313 	1.215010 	2.191461 	2.090006 	0.951972 	0.575543 	2.093442 	1.241219 	0.485412 	1.472455 	0.789383 	1.140449 	0.809707 	
1.235162 	1.079641 	1.273283 	0.279509 	0.583631 	0.672681 	1.204159 	2.790161 	3.010814 	0.443001 	1.040433 	9.000000 	1.972308 	0.180278 	1.665270 	0.390512 	2.925854 	1.587844 	2.388122 	0.460977 	0.237171 	0.854400 	1.017964 	0.459619 	0.783023 	2.304886 	2.956455 	0.357946 	0.831038 	1.522539 	1.672199 	0.750000 	1.702388 	0.480885 	2.180023 	1.475847 	0.485412 	0.700446 	3.408995 	0.469707 	1.234909 	0.395285 	1.151086 	1.050297 	1.981477 	0.875357 	3.111270 	0.450694 	1.291559 	0.534439 	1.789728 	2.173850 	1.802255 	
0.752080 	0.941076 	0.785016 	1.693554 	1.421487 	1.346291 	0.905539 	0.851469 	1.060660 	2.315437 	1.110180 	1.972308 	9.000000 	2.136001 	0.805062 	2.343608 	1.041933 	0.886707 	0.753741 	2.412986 	1.936814 	1.414214 	2.867272 	2.419969 	1.496036 	0.776209 	1.095730 	1.890271 	1.488497 	1.004054 	0.928036 	2.680019 	0.973717 	1.851013 	0.850000 	1.099147 	1.875000 	1.701654 	1.495410 	1.985101 	3.118493 	2.251944 	3.053686 	2.975420 	1.025305 	1.679658 	1.300000 	2.288695 	1.397542 	2.482061 	1.137157 	1.060955 	1.171804 	
1.405569 	1.255239 	1.449569 	0.445112 	0.761988 	0.851469 	1.382932 	2.960152 	3.180016 	0.276134 	1.220656 	0.180278 	2.136001 	9.000000 	1.845434 	0.212132 	3.099698 	1.768120 	2.566247 	0.282843 	0.375832 	1.030776 	0.840387 	0.285044 	0.956883 	2.483948 	3.131393 	0.500625 	1.004054 	1.702388 	1.852363 	0.570088 	1.882319 	0.625500 	2.360085 	1.654728 	0.625000 	0.859142 	3.582074 	0.583631 	1.054751 	0.388909 	0.970824 	0.870704 	2.161308 	1.032594 	3.288237 	0.442295 	1.463087 	0.427931 	1.968026 	2.353853 	1.980057 	
0.625500 	0.649038 	0.477624 	1.423464 	1.089151 	0.999062 	0.482830 	1.309819 	1.528275 	2.088211 	0.625000 	1.665270 	0.805062 	1.845434 	9.000000 	2.055024 	1.365650 	0.103078 	0.763217 	2.125000 	1.538871 	0.870704 	2.671259 	2.120289 	0.960469 	0.660019 	1.375227 	1.450000 	0.930054 	0.226385 	0.125000 	2.415186 	0.176777 	1.366794 	0.515388 	0.325960 	1.386092 	1.151086 	1.844756 	1.495410 	2.898383 	1.822944 	2.816137 	2.715004 	0.375000 	1.062132 	1.491015 	1.843909 	0.657647 	2.086265 	0.355317 	0.539676 	0.390512 	
1.616516 	1.467353 	1.661701 	0.656220 	0.973717 	1.063015 	1.594522 	3.170568 	3.390059 	0.176777 	1.430035 	0.390512 	2.343608 	0.212132 	2.055024 	9.000000 	3.311438 	1.976424 	2.778151 	0.070711 	0.553399 	1.229837 	0.649038 	0.079057 	1.152443 	2.695366 	3.343370 	0.673146 	1.198176 	1.908042 	2.059430 	0.360555 	2.088211 	0.794512 	2.570019 	1.857586 	0.789383 	1.037123 	3.793580 	0.726722 	0.850000 	0.443001 	0.763217 	0.660019 	2.366696 	1.206752 	3.500357 	0.482830 	1.653217 	0.340037 	2.169245 	2.559907 	2.180166 	
