Total assets = 570
Number of asset nodes = 33

Distance:
999.000000 	55.973209 	88.752464 	6.000000 	91.021973 	38.948685 	40.706264 	72.180328 	20.615528 	15.524175 	41.725292 	14.764823 	68.883957 	94.429871 	43.600460 	58.940647 	80.454956 	56.222771 	13.416408 	95.015785 	19.235384 	16.552946 	38.626415 	44.283180 	53.263496 	45.694637 	19.104973 	64.070274 	37.363083 	20.099751 	18.601076 	113.229858 	24.000000 	72.422371 	33.241539 	69.202599 	65.299309 	56.859474 	23.430750 	101.118744 	34.785053 	33.136082 	42.544094 	50.000000 	64.404968 	50.695168 	51.613953 	33.241539 	94.493385 	90.801979 	36.124783 	40.447498 	
55.973209 	999.000000 	34.176014 	52.201534 	35.777088 	94.762863 	23.021729 	17.464249 	75.802376 	50.990196 	97.621719 	54.561890 	16.124516 	44.045429 	13.038404 	109.931801 	26.683329 	2.828427 	68.593002 	39.051247 	72.945183 	53.712196 	28.017851 	23.194826 	108.903625 	24.515301 	70.327805 	17.088007 	32.015621 	71.196907 	62.649822 	57.428215 	75.663727 	127.561752 	87.920418 	124.579292 	120.933868 	24.207438 	60.083275 	45.343136 	89.044930 	45.177429 	98.005104 	30.083218 	25.238859 	31.384710 	107.447662 	85.475143 	40.249222 	37.947330 	87.658424 	48.093658 	
88.752464 	34.176014 	999.000000 	85.586212 	4.000000 	126.822708 	56.515484 	25.317978 	109.077957 	85.088188 	129.807556 	88.639717 	30.265491 	15.620500 	45.276924 	138.408813 	8.485281 	33.105892 	100.603180 	13.152946 	106.550461 	87.846458 	61.392181 	55.731499 	140.584488 	56.435802 	104.201729 	38.209946 	65.306969 	105.095192 	96.772926 	25.806976 	109.567329 	158.492905 	121.433105 	155.794739 	152.502457 	51.088158 	94.244362 	22.090721 	122.674362 	78.644768 	131.228806 	60.008331 	46.872166 	61.000000 	140.346008 	119.406868 	27.784887 	31.240999 	121.671692 	80.504662 	
6.000000 	52.201534 	85.586212 	999.000000 	87.664131 	43.600460 	35.510563 	67.896980 	23.600847 	9.848858 	46.227695 	9.899495 	64.381676 	92.114059 	40.311287 	64.761101 	77.414467 	52.697250 	18.973665 	91.214035 	21.023796 	11.401754 	33.105892 	38.948685 	58.008621 	40.249222 	19.416489 	59.203041 	31.622776 	20.396078 	15.811388 	109.622078 	24.738634 	77.388626 	35.846897 	74.060783 	70.000000 	51.429562 	19.209373 	97.000000 	37.121422 	27.166155 	45.803928 	44.271889 	59.059292 	44.922153 	55.317268 	34.481880 	89.938866 	86.052307 	37.107952 	34.525352 	
91.021973 	35.777088 	4.000000 	87.664131 	999.000000 	129.321304 	57.567352 	25.000000 	111.220505 	86.764046 	132.279999 	90.338257 	30.000000 	18.439089 	47.434166 	141.495590 	11.661903 	34.985710 	103.077644 	9.219544 	108.558739 	89.470665 	62.361847 	56.515484 	143.178207 	57.070133 	106.066017 	38.000000 	66.219330 	106.943909 	98.412399 	22.671568 	111.413643 	161.245148 	123.490891 	158.492905 	155.128983 	51.009804 	95.634720 	18.110771 	124.679588 	79.555016 	133.405396 	60.207973 	46.270943 	61.131008 	142.635895 	121.235306 	24.413111 	28.284271 	123.434196 	81.049370 	
38.948685 	94.762863 	126.822708 	43.600460 	129.321304 	999.000000 	79.056938 	111.126053 	22.135944 	49.193497 	3.162278 	46.097721 	107.814659 	131.026718 	82.134033 	30.083218 	118.406082 	94.847244 	26.248810 	133.734818 	26.925823 	47.927029 	76.321686 	82.377182 	14.422205 	83.528435 	31.780497 	102.800781 	74.303429 	31.575306 	41.484936 	151.743210 	29.068884 	34.000000 	17.720045 	30.528675 	26.400757 	94.667839 	48.270073 	140.014282 	19.313208 	66.128662 	13.601471 	86.769814 	102.396286 	87.206650 	16.031219 	25.961510 	133.416641 	129.630249 	27.856777 	71.840103 	
40.706264 	23.021729 	56.515484 	35.510563 	57.567352 	79.056938 	999.000000 	34.481880 	58.137768 	31.144823 	81.608826 	34.713108 	30.232433 	67.067131 	18.867962 	99.020203 	49.497475 	25.019993 	54.120235 	59.033890 	54.451813 	33.421551 	5.000000 	4.000000 	93.477272 	6.082763 	50.990196 	24.041630 	9.000000 	51.739735 	42.201897 	77.820305 	56.080299 	112.898186 	69.310890 	109.553642 	105.437187 	16.492422 	38.470768 	63.513779 	70.092796 	22.203604 	79.906197 	13.000000 	23.769728 	14.317822 	89.872131 	65.604881 	55.226807 	50.931328 	67.424034 	25.317978 	
72.180328 	17.464249 	25.317978 	67.896980 	25.000000 	111.126053 	34.481880 	999.000000 	91.350975 	65.215027 	113.899078 	68.818604 	5.000000 	39.560081 	30.413813 	127.263504 	21.470911 	18.681541 	85.146935 	24.698177 	88.090858 	67.675697 	38.910152 	32.695564 	125.399361 	32.893768 	85.000000 	13.000000 	42.544094 	85.802101 	76.550636 	43.462627 	90.210861 	144.308701 	103.077644 	141.226761 	137.440903 	26.019224 	72.945183 	29.206163 	104.019226 	55.713554 	113.454834 	35.355339 	21.587032 	36.221542 	123.166557 	99.864906 	22.825424 	20.615528 	101.788994 	56.515484 	
20.615528 	75.802376 	109.077957 	23.600847 	111.220505 	22.135944 	58.137768 	91.350975 	999.000000 	27.459061 	24.166092 	24.186773 	87.692642 	115.039124 	63.812225 	49.162994 	100.846420 	76.275818 	13.601471 	114.808533 	5.000000 	25.942244 	55.000000 	61.220913 	36.249138 	62.201286 	10.000000 	82.134033 	52.697250 	10.049875 	19.416489 	133.221619 	9.433981 	55.946404 	12.649111 	52.325901 	47.885281 	73.239334 	26.305893 	120.507263 	14.317822 	44.011364 	22.203604 	65.000000 	81.024689 	65.368187 	31.827662 	14.560220 	113.145920 	109.041275 	17.720045 	49.729267 	
15.524175 	50.990196 	85.088188 	9.848858 	86.764046 	49.193497 	31.144823 	65.215027 	27.459061 	999.000000 	51.478149 	3.605551 	61.220913 	93.145050 	40.521599 	72.835434 	77.252831 	52.000000 	27.073973 	89.358826 	23.430750 	3.000000 	27.658634 	33.970577 	63.529522 	34.828148 	19.849434 	55.172459 	25.238859 	20.615528 	11.704700 	108.046288 	25.000000 	83.186539 	38.183765 	79.649231 	75.292763 	45.803928 	11.401754 	94.403389 	38.948685 	18.027756 	48.836460 	37.589893 	53.600372 	38.013157 	58.898216 	34.669872 	86.371292 	82.024384 	36.715118 	25.079872 	
41.725292 	97.621719 	129.807556 	46.227695 	132.279999 	3.162278 	81.608826 	113.899078 	24.166092 	51.478149 	999.000000 	48.301140 	110.535065 	134.111893 	85.041168 	30.413813 	121.400162 	97.744568 	29.206163 	136.619904 	28.792360 	50.089920 	78.771820 	84.876381 	12.083046 	85.982559 	33.526108 	105.422958 	76.661591 	33.241539 	43.324360 	154.673843 	30.413813 	31.780497 	18.110771 	28.178005 	23.853722 	97.097885 	50.000000 	142.835571 	19.416489 	68.154236 	12.041595 	89.067390 	104.847511 	89.470665 	13.000000 	26.305893 	136.124939 	132.279999 	27.892651 	73.681747 	
14.764823 	54.561890 	88.639717 	9.899495 	90.338257 	46.097721 	34.713108 	68.818604 	24.186773 	3.605551 	48.301140 	999.000000 	64.815125 	96.566040 	43.965897 	70.455658 	80.777473 	55.542778 	25.019993 	92.962357 	20.000000 	2.000000 	31.144823 	37.483330 	60.373837 	38.288380 	16.278820 	58.728188 	28.600698 	17.029387 	8.246211 	111.646767 	21.400934 	80.056229 	34.655445 	76.478752 	72.069412 	49.203659 	9.433981 	98.005104 	35.383614 	20.396078 	45.343136 	40.816662 	57.008770 	41.182522 	55.443665 	31.064449 	89.938866 	85.562843 	33.120991 	27.018513 	
68.883957 	16.124516 	30.265491 	64.381676 	30.000000 	107.814659 	30.232433 	5.000000 	87.692642 	61.220913 	110.535065 	64.815125 	999.000000 	44.271889 	28.460499 	124.823875 	26.000000 	18.000000 	82.006096 	29.410883 	84.291161 	63.600315 	34.481880 	28.178005 	122.147453 	28.231188 	81.055534 	8.000000 	38.013157 	81.835197 	72.422371 	48.104053 	86.214851 	141.209061 	99.247169 	138.057953 	134.182709 	21.023796 	68.600288 	33.286633 	100.124924 	51.078373 	109.713264 	30.413813 	16.763054 	31.257000 	119.519875 	95.801880 	25.612497 	22.360680 	97.652443 	51.662365 	
94.429871 	44.045429 	15.620500 	92.114059 	18.439089 	131.026718 	67.067131 	39.560081 	115.039124 	93.145050 	134.111893 	96.566040 	44.271889 	999.000000 	52.630791 	139.344894 	18.439089 	42.190044 	105.190300 	26.925823 	113.088463 	96.046867 	72.062469 	67.007462 	144.222046 	68.066147 	111.328346 	51.923019 	76.059189 	112.271988 	104.809349 	31.144823 	116.709038 	161.207947 	127.632286 	158.808060 	155.900604 	64.327286 	103.160072 	34.928497 	129.077499 	89.202019 	136.853943 	72.560318 	61.032780 	73.681747 	145.413208 	126.530632 	42.801868 	46.690472 	129.027130 	92.005432 	
43.600460 	13.038404 	45.276924 	40.311287 	47.434166 	82.134033 	18.867962 	30.413813 	63.812225 	40.521599 	85.041168 	43.965897 	28.460499 	52.630791 	999.000000 	96.896851 	37.121422 	12.727922 	55.901699 	51.623638 	61.294373 	43.416588 	23.259407 	21.260292 	96.176918 	23.345236 	59.093147 	27.018513 	26.925823 	60.008331 	52.201534 	69.656296 	64.474800 	114.690887 	76.157730 	111.758667 	108.189651 	28.635643 	50.635956 	58.258045 	77.414467 	38.639359 	85.982559 	30.413813 	32.756680 	31.827662 	95.210297 	74.323616 	53.235325 	50.695168 	76.694199 	43.324360 	
58.940647 	109.931801 	138.408813 	64.761101 	141.495590 	30.083218 	99.020203 	127.263504 	49.162994 	72.835434 	30.413813 	70.455658 	124.823875 	139.344894 	96.896851 	999.000000 	129.957687 	109.293182 	45.891174 	147.410995 	54.147945 	72.443085 	97.416634 	102.786186 	24.839485 	104.355164 	59.135437 	121.247681 	96.301613 	59.211487 	68.000000 	164.149323 	57.706154 	27.073973 	47.759815 	27.073973 	27.892651 	115.433968 	75.000000 	154.767563 	49.396355 	90.796478 	42.190044 	108.931168 	122.776222 	109.635757 	38.183765 	55.973209 	150.083313 	147.176758 	57.939625 	97.416634 	
80.454956 	26.683329 	8.485281 	77.414467 	11.661903 	118.406082 	49.497475 	21.470911 	100.846420 	77.252831 	121.400162 	80.777473 	26.000000 	18.439089 	37.121422 	129.957687 	999.000000 	25.298222 	92.200867 	19.416489 	98.412399 	80.056229 	54.451813 	49.091751 	132.136292 	50.009998 	96.176918 	33.526108 	58.420887 	97.082436 	88.955048 	34.205261 	101.552940 	150.013336 	113.251930 	147.322769 	144.045135 	45.891174 	86.683334 	28.284271 	114.529472 	71.700768 	122.967476 	54.230988 	42.720020 	55.326305 	132.018936 	111.400177 	31.048349 	33.105892 	113.718948 	74.060783 	
56.222771 	2.828427 	33.105892 	52.697250 	34.985710 	94.847244 	25.019993 	18.681541 	76.275818 	52.000000 	97.744568 	55.542778 	18.000000 	42.190044 	12.727922 	109.293182 	25.298222 	999.000000 	68.622154 	38.897301 	73.573090 	54.781384 	30.016663 	25.495098 	108.903625 	26.925823 	71.119621 	19.697716 	34.014702 	72.006943 	63.694584 	57.008770 	76.478752 	127.404869 	88.509888 	124.482933 	120.917328 	27.018513 	61.400326 	45.607018 	89.693924 	47.042534 	98.473343 	32.695564 	28.017851 	34.014702 	107.800743 	86.313385 	41.231056 	39.293766 	88.566360 	50.249378 	
13.416408 	68.593002 	100.603180 	18.973665 	103.077644 	26.248810 	54.120235 	85.146935 	13.601471 	27.073973 	29.206163 	25.019993 	82.006096 	105.190300 	55.901699 	45.891174 	92.200867 	68.622154 	999.000000 	107.517441 	15.811388 	27.018513 	52.000000 	57.697487 	40.311287 	59.093147 	19.104973 	77.388626 	50.596443 	19.798990 	24.698177 	125.495018 	21.633308 	59.203041 	25.000000 	56.080299 	52.345009 	70.263786 	31.320919 	113.899078 	27.018513 	45.099888 	32.280025 	63.245552 	77.820305 	63.890530 	40.249222 	28.160255 	107.615051 	104.043259 	31.320919 	52.000000 	
95.015785 	39.051247 	13.152946 	91.214035 	9.219544 	133.734818 	59.033890 	24.698177 	114.808533 	89.358826 	136.619904 	92.962357 	29.410883 	26.925823 	51.623638 	147.410995 	19.416489 	38.897301 	107.517441 	999.000000 	111.830231 	91.923882 	63.560993 	57.384666 	147.800537 	57.584721 	109.000000 	37.107952 	67.230942 	109.836243 	100.846420 	18.788294 	114.280357 	166.243790 	126.826653 	163.355438 	159.812393 	50.009998 	97.493591 	9.000000 	127.882759 	80.411446 	137.003647 	59.665737 	44.181442 	60.415230 	146.492325 	124.020157 	16.278820 	21.095022 	126.051575 	81.043198 	
19.235384 	72.945183 	106.550461 	21.023796 	108.558739 	26.925823 	54.451813 	88.090858 	5.000000 	23.430750 	28.792360 	20.000000 	84.291161 	113.088463 	61.294373 	54.147945 	98.412399 	73.573090 	15.811388 	111.830231 	999.000000 	21.633308 	51.088158 	57.384666 	40.853397 	58.258045 	5.000000 	78.492035 	48.600410 	5.099020 	14.560220 	130.357208 	5.830952 	60.539242 	15.000000 	56.859474 	52.325901 	69.202599 	21.377558 	117.290237 	16.124516 	39.395432 	25.455845 	60.745369 	77.006493 	61.057350 	35.468296 	14.035668 	109.622078 	105.380264 	17.000000 	44.922153 	
16.552946 	53.712196 	87.846458 	11.401754 	89.470665 	47.927029 	33.421551 	67.675697 	25.942244 	3.000000 	50.089920 	2.000000 	63.600315 	96.046867 	43.416588 	72.443085 	80.056229 	54.781384 	27.018513 	91.923882 	21.633308 	999.000000 	29.698484 	36.069378 	62.169125 	36.796738 	17.691807 	57.384666 	27.018513 	18.384777 	8.944272 	110.639053 	22.671568 	81.859634 	36.124783 	78.262383 	73.824112 	47.634022 	8.544003 	96.834908 	36.769554 	18.439089 	46.861500 	39.115215 	55.443665 	39.446167 	57.008770 	32.202484 	88.617157 	84.172440 	34.132095 	25.019993 	
38.626415 	28.017851 	61.392181 	33.105892 	62.361847 	76.321686 	5.000000 	38.910152 	55.000000 	27.658634 	78.771820 	31.144823 	34.481880 	72.062469 	23.259407 	97.416634 	54.451813 	30.016663 	52.000000 	63.560993 	51.088158 	29.698484 	999.000000 	6.403124 	90.735878 	7.211102 	47.381432 	27.802877 	4.000000 	48.083260 	38.288380 	82.346825 	52.345009 	110.276924 	65.795135 	106.850365 	102.625534 	18.357559 	34.132095 	67.742157 	66.468040 	17.262676 	76.485291 	12.000000 	26.076809 	13.038404 	86.556343 	61.717098 	59.033890 	54.488529 	63.411354 	20.396078 	
44.283180 	23.194826 	55.731499 	38.948685 	56.515484 	82.377182 	4.000000 	32.695564 	61.220913 	33.970577 	84.876381 	37.483330 	28.178005 	67.007462 	21.260292 	102.786186 	49.091751 	25.495098 	57.697487 	57.384666 	57.384666 	36.069378 	6.403124 	999.000000 	96.798759 	2.236068 	53.740116 	21.400934 	9.848858 	54.451813 	44.687805 	76.157730 	58.728188 	116.284134 	72.138756 	112.898186 	108.724419 	12.649111 	40.496914 	61.400326 	72.835434 	23.086792 	82.807007 	9.433981 	20.124611 	10.816654 	92.849342 	68.117546 	52.630791 	48.104053 	69.814041 	25.000000 	
53.263496 	108.903625 	140.584488 	58.008621 	143.178207 	14.422205 	93.477272 	125.399361 	36.249138 	63.529522 	12.083046 	60.373837 	122.147453 	144.222046 	96.176918 	24.839485 	132.136292 	108.903625 	40.311287 	147.800537 	40.853397 	62.169125 	90.735878 	96.798759 	999.000000 	97.943863 	45.541191 	117.200684 	88.684837 	45.221676 	55.362442 	165.680420 	42.201897 	19.697716 	29.154760 	16.124516 	12.041595 	109.077957 	61.983868 	154.207657 	30.016663 	80.230919 	20.223749 	101.118744 	116.811813 	101.533249 	13.601471 	37.013512 	147.756561 	144.013885 	38.052597 	85.702972 	
45.694637 	24.515301 	56.435802 	40.249222 	57.070133 	83.528435 	6.082763 	32.893768 	62.201286 	34.828148 	85.982559 	38.288380 	28.231188 	68.066147 	23.345236 	104.355164 	50.009998 	26.925823 	59.093147 	57.584721 	58.258045 	36.796738 	7.211102 	2.236068 	97.943863 	999.000000 	54.488529 	21.095022 	10.000000 	55.172459 	45.276924 	76.321686 	59.396969 	117.477661 	72.917763 	114.057007 	109.836243 	11.180340 	40.804413 	61.294373 	73.552704 	22.847319 	83.630135 	7.211102 	18.867962 	8.602325 	93.723000 	68.680420 	52.201534 	47.507893 	70.292244 	24.083189 	
19.104973 	70.327805 	104.201729 	19.416489 	106.066017 	31.780497 	50.990196 	85.000000 	10.000000 	19.849434 	33.526108 	16.278820 	81.055534 	111.328346 	59.093147 	59.135437 	96.176918 	71.119621 	19.104973 	109.000000 	5.000000 	17.691807 	47.381432 	53.740116 	45.541191 	54.488529 	999.000000 	75.006668 	44.687805 	1.000000 	9.848858 	127.624451 	5.385165 	65.192024 	18.439089 	61.465439 	56.859474 	65.299309 	16.492422 	114.201576 	19.104973 	34.885529 	29.206163 	56.612720 	73.109505 	56.859474 	39.408119 	15.231546 	106.216759 	101.833199 	17.720045 	40.162170 	
64.070274 	17.088007 	38.209946 	59.203041 	38.000000 	102.800781 	24.041630 	13.000000 	82.134033 	55.172459 	105.422958 	58.728188 	8.000000 	51.923019 	27.018513 	121.247681 	33.526108 	19.697716 	77.388626 	37.107952 	78.492035 	57.384666 	27.802877 	21.400934 	117.200684 	21.095022 	75.006668 	999.000000 	31.064449 	75.742989 	66.068146 	55.659679 	80.056229 	136.484436 	93.348808 	133.221619 	129.201401 	13.038404 	61.854668 	40.249222 	94.111633 	43.829212 	103.947105 	22.561028 	9.433981 	23.345236 	113.899078 	89.498604 	31.240999 	26.907248 	91.214035 	43.965897 	
37.363083 	32.015621 	65.306969 	31.622776 	66.219330 	74.303429 	9.000000 	42.544094 	52.697250 	25.238859 	76.661591 	28.600698 	38.013157 	76.059189 	26.925823 	96.301613 	58.420887 	34.014702 	50.596443 	67.230942 	48.600410 	27.018513 	4.000000 	9.848858 	88.684837 	10.000000 	44.687805 	31.064449 	999.000000 	45.343136 	35.355339 	86.005814 	49.517673 	108.300507 	63.126858 	104.809349 	100.498756 	20.615528 	30.805843 	71.196907 	63.702435 	13.341664 	73.878281 	12.649111 	28.425341 	13.341664 	84.023804 	58.728188 	62.201286 	57.489128 	60.307545 	16.492422 	
20.099751 	71.196907 	105.095192 	20.396078 	106.943909 	31.575306 	51.739735 	85.802101 	10.049875 	20.615528 	33.241539 	17.029387 	81.835197 	112.271988 	60.008331 	59.211487 	97.082436 	72.006943 	19.798990 	109.836243 	5.099020 	18.384777 	48.083260 	54.451813 	45.221676 	55.172459 	1.000000 	75.742989 	45.343136 	999.000000 	10.295630 	128.471786 	4.472136 	64.845970 	17.804493 	61.098282 	56.462376 	65.946945 	16.763054 	115.000000 	18.384777 	35.355339 	28.600698 	57.201397 	73.756355 	57.428215 	38.832977 	14.317822 	106.962608 	102.552429 	16.763054 	40.496914 	
18.601076 	62.649822 	96.772926 	15.811388 	98.412399 	41.484936 	42.201897 	76.550636 	19.416489 	11.704700 	43.324360 	8.246211 	72.422371 	104.809349 	52.201534 	68.000000 	88.955048 	63.694584 	24.698177 	100.846420 	14.560220 	8.944272 	38.288380 	44.687805 	55.362442 	45.276924 	9.848858 	66.068146 	35.355339 	10.295630 	999.000000 	119.570061 	14.212670 	75.026665 	28.017851 	71.309189 	66.708321 	55.901699 	7.000000 	105.683487 	28.425341 	25.059929 	38.832977 	47.010635 	63.702435 	47.201694 	49.091751 	23.430750 	97.308784 	92.763138 	25.238859 	30.364452 	
113.229858 	57.428215 	25.806976 	109.622078 	22.671568 	151.743210 	77.820305 	43.462627 	133.221619 	108.046288 	154.673843 	111.646767 	48.104053 	31.144823 	69.656296 	164.149323 	34.205261 	57.008770 	125.495018 	18.788294 	130.357208 	110.639053 	82.346825 	76.157730 	165.680420 	76.321686 	127.624451 	55.659679 	86.005814 	128.471786 	119.570061 	999.000000 	132.924789 	183.853195 	145.340973 	181.069046 	177.654160 	68.410522 	116.275536 	17.029387 	146.441116 	99.161484 	155.425217 	78.160095 	62.169125 	78.847954 	164.805954 	142.688477 	29.154760 	35.128338 	144.754959 	99.624290 	
24.000000 	75.663727 	109.567329 	24.738634 	111.413643 	29.068884 	56.080299 	90.210861 	9.433981 	25.000000 	30.413813 	21.400934 	86.214851 	116.709038 	64.474800 	57.706154 	101.552940 	76.478752 	21.633308 	114.280357 	5.830952 	22.671568 	52.345009 	58.728188 	42.201897 	59.396969 	5.385165 	80.056229 	49.517673 	4.472136 	14.212670 	132.924789 	999.000000 	61.684681 	13.892444 	57.870544 	53.141319 	70.092796 	20.124611 	119.402679 	14.212670 	39.115215 	24.698177 	61.220913 	77.897369 	61.400326 	34.985710 	9.848858 	111.287918 	106.831642 	12.369317 	43.863426 	
72.422371 	127.561752 	158.492905 	77.388626 	161.245148 	34.000000 	112.898186 	144.308701 	55.946404 	83.186539 	31.780497 	80.056229 	141.209061 	161.207947 	114.690887 	27.073973 	150.013336 	127.404869 	59.203041 	166.243790 	60.539242 	81.859634 	110.276924 	116.284134 	19.697716 	117.477661 	65.192024 	136.484436 	108.300507 	64.845970 	75.026665 	183.853195 	61.684681 	999.000000 	48.270073 	4.000000 	9.000000 	128.631256 	81.596565 	172.904602 	48.836460 	99.924973 	38.327538 	120.768372 	136.341476 	121.198181 	29.000000 	55.731499 	166.817261 	163.217651 	56.320511 	105.342300 	
33.241539 	87.920418 	121.433105 	35.846897 	123.490891 	17.720045 	69.310890 	103.077644 	12.649111 	38.183765 	18.110771 	34.655445 	99.247169 	127.632286 	76.157730 	47.759815 	113.251930 	88.509888 	25.000000 	126.826653 	15.000000 	36.124783 	65.795135 	72.138756 	29.154760 	72.917763 	18.439089 	93.348808 	63.126858 	17.804493 	28.017851 	145.340973 	13.892444 	48.270073 	999.000000 	44.384682 	39.560081 	83.737686 	34.000000 	132.279999 	2.236068 	53.000000 	10.816654 	75.000000 	91.547798 	75.213028 	21.095022 	8.246211 	124.523087 	120.208153 	10.295630 	57.697487 	
69.202599 	124.579292 	155.794739 	74.060783 	158.492905 	30.528675 	109.553642 	141.226761 	52.325901 	79.649231 	28.178005 	76.478752 	138.057953 	158.808060 	111.758667 	27.073973 	147.322769 	124.482933 	56.080299 	163.355438 	56.859474 	78.262383 	106.850365 	112.898186 	16.124516 	114.057007 	61.465439 	133.221619 	104.809349 	61.098282 	71.309189 	181.069046 	57.870544 	4.000000 	44.384682 	999.000000 	5.000000 	125.195847 	77.833153 	169.917633 	44.911022 	96.254868 	34.365681 	117.239075 	132.924789 	117.647781 	25.000000 	51.788029 	163.670395 	160.000000 	52.345009 	101.592323 	
65.299309 	120.933868 	152.502457 	70.000000 	155.128983 	26.400757 	105.437187 	137.440903 	47.885281 	75.292763 	23.853722 	72.069412 	134.182709 	155.900604 	108.189651 	27.892651 	144.045135 	120.917328 	52.345009 	159.812393 	52.325901 	73.824112 	102.625534 	108.724419 	12.041595 	109.836243 	56.859474 	129.201401 	100.498756 	56.462376 	66.708321 	177.654160 	53.141319 	9.000000 	39.560081 	5.000000 	999.000000 	120.950401 	73.164200 	166.243790 	40.024994 	91.706055 	29.427877 	112.871605 	128.701202 	113.251930 	20.000000 	46.872166 	159.790482 	156.028839 	47.381432 	96.932968 	
56.859474 	24.207438 	51.088158 	51.429562 	51.009804 	94.667839 	16.492422 	26.019224 	73.239334 	45.803928 	97.097885 	49.203659 	21.023796 	64.327286 	28.635643 	115.433968 	45.891174 	27.018513 	70.263786 	50.009998 	69.202599 	47.634022 	18.357559 	12.649111 	109.077957 	11.180340 	65.299309 	13.038404 	20.615528 	65.946945 	55.901699 	68.410522 	70.092796 	128.631256 	83.737686 	125.195847 	120.950401 	999.000000 	50.990196 	52.554733 	84.291161 	32.202484 	94.493385 	9.848858 	7.810250 	10.440307 	104.637466 	79.195961 	42.544094 	37.443291 	80.659782 	31.384710 	
23.430750 	60.083275 	94.244362 	19.209373 	95.634720 	48.270073 	38.470768 	72.945183 	26.305893 	11.401754 	50.000000 	9.433981 	68.600288 	103.160072 	50.635956 	75.000000 	86.683334 	61.400326 	31.320919 	97.493591 	21.377558 	8.544003 	34.132095 	40.496914 	61.983868 	40.804413 	16.492422 	61.854668 	30.805843 	16.763054 	7.000000 	116.275536 	20.124611 	81.596565 	34.000000 	77.833153 	73.164200 	50.990196 	999.000000 	101.872467 	34.132095 	19.209373 	44.777225 	41.725292 	58.728188 	41.773197 	55.072678 	28.425341 	93.005379 	88.238312 	29.698484 	23.769728 	
101.118744 	45.343136 	22.090721 	97.000000 	18.110771 	140.014282 	63.513779 	29.206163 	120.507263 	94.403389 	142.835571 	98.005104 	33.286633 	34.928497 	58.258045 	154.767563 	28.284271 	45.607018 	113.899078 	9.000000 	117.290237 	96.834908 	67.742157 	61.400326 	154.207657 	61.294373 	114.201576 	40.249222 	71.196907 	115.000000 	105.683487 	17.029387 	119.402679 	172.904602 	132.279999 	169.917633 	166.243790 	52.554733 	101.872467 	999.000000 	133.225372 	84.077347 	142.635895 	62.393909 	45.880280 	62.968246 	152.305618 	129.034882 	12.165525 	18.110771 	130.919830 	83.934502 	
34.785053 	89.044930 	122.674362 	37.121422 	124.679588 	19.313208 	70.092796 	104.019226 	14.317822 	38.948685 	19.416489 	35.383614 	100.124924 	129.077499 	77.414467 	49.396355 	114.529472 	89.693924 	27.018513 	127.882759 	16.124516 	36.769554 	66.468040 	72.835434 	30.016663 	73.552704 	19.104973 	94.111633 	63.702435 	18.384777 	28.425341 	146.441116 	14.212670 	48.836460 	2.236068 	44.911022 	40.024994 	84.291161 	34.132095 	133.225372 	999.000000 	53.254108 	10.770329 	75.432091 	92.097771 	75.604233 	21.023796 	7.000000 	125.319588 	120.933868 	8.544003 	57.706154 	
33.136082 	45.177429 	78.644768 	27.166155 	79.555016 	66.128662 	22.203604 	55.713554 	44.011364 	18.027756 	68.154236 	20.396078 	51.078373 	89.202019 	38.639359 	90.796478 	71.700768 	47.042534 	45.099888 	80.411446 	39.395432 	18.439089 	17.262676 	23.086792 	80.230919 	22.847319 	34.885529 	43.829212 	13.341664 	35.355339 	25.059929 	99.161484 	39.115215 	99.924973 	53.000000 	96.254868 	91.706055 	32.202484 	19.209373 	84.077347 	53.254108 	999.000000 	63.812225 	22.671568 	39.824615 	22.627417 	74.094536 	47.634022 	74.625732 	69.634758 	48.836460 	7.615773 	
42.544094 	98.005104 	131.228806 	45.803928 	133.405396 	13.601471 	79.906197 	113.454834 	22.203604 	48.836460 	12.041595 	45.343136 	109.713264 	136.853943 	85.982559 	42.190044 	122.967476 	98.473343 	32.280025 	137.003647 	25.455845 	46.861500 	76.485291 	82.807007 	20.223749 	83.630135 	29.206163 	103.947105 	73.878281 	28.600698 	38.832977 	155.425217 	24.698177 	38.327538 	10.816654 	34.365681 	29.427877 	94.493385 	44.777225 	142.635895 	10.770329 	63.812225 	999.000000 	85.802101 	102.303467 	86.023254 	10.295630 	17.464249 	135.074051 	130.831955 	18.027756 	68.425140 	
50.000000 	30.083218 	60.008331 	44.271889 	60.207973 	86.769814 	13.000000 	35.355339 	65.000000 	37.589893 	89.067390 	40.816662 	30.413813 	72.560318 	30.413813 	108.931168 	54.230988 	32.695564 	63.245552 	59.665737 	60.745369 	39.115215 	12.000000 	9.433981 	101.118744 	7.211102 	56.612720 	22.561028 	12.649111 	57.201397 	47.010635 	78.160095 	61.220913 	120.768372 	75.000000 	117.239075 	112.871605 	9.848858 	41.725292 	62.393909 	75.432091 	22.671568 	85.802101 	999.000000 	17.204651 	1.414214 	96.020828 	70.092796 	52.354561 	47.169907 	71.421288 	21.540659 	
64.404968 	25.238859 	46.872166 	59.059292 	46.270943 	102.396286 	23.769728 	21.587032 	81.024689 	53.600372 	104.847511 	57.008770 	16.763054 	61.032780 	32.756680 	122.776222 	42.720020 	28.017851 	77.820305 	44.181442 	77.006493 	55.443665 	26.076809 	20.124611 	116.811813 	18.867962 	73.109505 	9.433981 	28.425341 	73.756355 	63.702435 	62.169125 	77.897369 	136.341476 	91.547798 	132.924789 	128.701202 	7.810250 	58.728188 	45.880280 	92.097771 	39.824615 	102.303467 	17.204651 	999.000000 	17.492855 	112.445541 	86.977005 	35.341194 	30.016663 	88.413803 	38.470768 	
50.695168 	31.384710 	61.000000 	44.922153 	61.131008 	87.206650 	14.317822 	36.221542 	65.368187 	38.013157 	89.470665 	41.182522 	31.257000 	73.681747 	31.827662 	109.635757 	55.326305 	34.014702 	63.890530 	60.415230 	61.057350 	39.446167 	13.038404 	10.816654 	101.533249 	8.602325 	56.859474 	23.345236 	13.341664 	57.428215 	47.201694 	78.847954 	61.400326 	121.198181 	75.213028 	117.647781 	113.251930 	10.440307 	41.773197 	62.968246 	75.604233 	22.627417 	86.023254 	1.414214 	17.492855 	999.000000 	96.260063 	70.178345 	52.773098 	47.507893 	71.449280 	21.023796 	
51.613953 	107.447662 	140.346008 	55.317268 	142.635895 	16.031219 	89.872131 	123.166557 	31.827662 	58.898216 	13.000000 	55.443665 	119.519875 	145.413208 	95.210297 	38.183765 	132.018936 	107.800743 	40.249222 	146.492325 	35.468296 	57.008770 	86.556343 	92.849342 	13.601471 	93.723000 	39.408119 	113.899078 	84.023804 	38.832977 	49.091751 	164.805954 	34.985710 	29.000000 	21.095022 	25.000000 	20.000000 	104.637466 	55.072678 	152.305618 	21.023796 	74.094536 	10.295630 	96.020828 	112.445541 	96.260063 	999.000000 	27.513634 	144.958618 	140.801285 	27.658634 	78.714676 	
33.241539 	85.475143 	119.406868 	34.481880 	121.235306 	25.961510 	65.604881 	99.864906 	14.560220 	34.669872 	26.305893 	31.064449 	95.801880 	126.530632 	74.323616 	55.973209 	111.400177 	86.313385 	28.160255 	124.020157 	14.035668 	32.202484 	61.717098 	68.117546 	37.013512 	68.680420 	15.231546 	89.498604 	58.728188 	14.317822 	23.430750 	142.688477 	9.848858 	55.731499 	8.246211 	51.788029 	46.872166 	79.195961 	28.425341 	129.034882 	7.000000 	47.634022 	17.464249 	70.092796 	86.977005 	70.178345 	27.513634 	999.000000 	120.739388 	116.180893 	3.162278 	51.623638 	
94.493385 	40.249222 	27.784887 	89.938866 	24.413111 	133.416641 	55.226807 	22.825424 	113.145920 	86.371292 	136.124939 	89.938866 	25.612497 	42.801868 	53.235325 	150.083313 	31.048349 	41.231056 	107.615051 	16.278820 	109.622078 	88.617157 	59.033890 	52.630791 	147.756561 	52.201534 	106.216759 	31.240999 	62.201286 	106.962608 	97.308784 	29.154760 	111.287918 	166.817261 	124.523087 	163.670395 	159.790482 	42.544094 	93.005379 	12.165525 	125.319588 	74.625732 	135.074051 	52.354561 	35.341194 	52.773098 	144.958618 	120.739388 	999.000000 	6.000000 	122.441826 	73.790245 	
90.801979 	37.947330 	31.240999 	86.052307 	28.284271 	129.630249 	50.931328 	20.615528 	109.041275 	82.024384 	132.279999 	85.562843 	22.360680 	46.690472 	50.695168 	147.176758 	33.105892 	39.293766 	104.043259 	21.095022 	105.380264 	84.172440 	54.488529 	48.104053 	144.013885 	47.507893 	101.833199 	26.907248 	57.489128 	102.552429 	92.763138 	35.128338 	106.831642 	163.217651 	120.208153 	160.000000 	156.028839 	37.443291 	88.238312 	18.110771 	120.933868 	69.634758 	130.831955 	47.169907 	30.016663 	47.507893 	140.801285 	116.180893 	6.000000 	999.000000 	117.796432 	68.476273 	
36.124783 	87.658424 	121.671692 	37.107952 	123.434196 	27.856777 	67.424034 	101.788994 	17.720045 	36.715118 	27.892651 	33.120991 	97.652443 	129.027130 	76.694199 	57.939625 	113.718948 	88.566360 	31.320919 	126.051575 	17.000000 	34.132095 	63.411354 	69.814041 	38.052597 	70.292244 	17.720045 	91.214035 	60.307545 	16.763054 	25.238859 	144.754959 	12.369317 	56.320511 	10.295630 	52.345009 	47.381432 	80.659782 	29.698484 	130.919830 	8.544003 	48.836460 	18.027756 	71.421288 	88.413803 	71.449280 	27.658634 	3.162278 	122.441826 	117.796432 	999.000000 	52.430908 	
40.447498 	48.093658 	80.504662 	34.525352 	81.049370 	71.840103 	25.317978 	56.515484 	49.729267 	25.079872 	73.681747 	27.018513 	51.662365 	92.005432 	43.324360 	97.416634 	74.060783 	50.249378 	52.000000 	81.043198 	44.922153 	25.019993 	20.396078 	25.000000 	85.702972 	24.083189 	40.162170 	43.965897 	16.492422 	40.496914 	30.364452 	99.624290 	43.863426 	105.342300 	57.697487 	101.592323 	96.932968 	31.384710 	23.769728 	83.934502 	57.706154 	7.615773 	68.425140 	21.540659 	38.470768 	21.023796 	78.714676 	51.623638 	73.790245 	68.476273 	52.430908 	999.000000 	

Travel time:
9.000000 	1.399330 	2.218812 	0.150000 	2.275549 	0.973717 	1.017657 	1.804508 	0.515388 	0.388104 	1.043132 	0.369121 	1.722099 	2.360747 	1.090011 	1.473516 	2.011374 	1.405569 	0.335410 	2.375395 	0.480885 	0.413824 	0.965660 	1.107080 	1.331587 	1.142366 	0.477624 	1.601757 	0.934077 	0.502494 	0.465027 	2.830746 	0.600000 	1.810559 	0.831038 	1.730065 	1.632483 	1.421487 	0.585769 	2.527969 	0.869626 	0.828402 	1.063602 	1.250000 	1.610124 	1.267379 	1.290349 	0.831038 	2.362335 	2.270050 	0.903120 	1.011187 	
1.399330 	9.000000 	0.854400 	1.305038 	0.894427 	2.369071 	0.575543 	0.436606 	1.895059 	1.274755 	2.440543 	1.364047 	0.403113 	1.101136 	0.325960 	2.748295 	0.667083 	0.070711 	1.714825 	0.976281 	1.823630 	1.342805 	0.700446 	0.579871 	2.722591 	0.612882 	1.758195 	0.427200 	0.800391 	1.779923 	1.566246 	1.435705 	1.891593 	3.189044 	2.198010 	3.114482 	3.023347 	0.605186 	1.502082 	1.133578 	2.226123 	1.129436 	2.450128 	0.752080 	0.630971 	0.784618 	2.686192 	2.136878 	1.006231 	0.948683 	2.191461 	1.202341 	
2.218812 	0.854400 	9.000000 	2.139655 	0.100000 	3.170568 	1.412887 	0.632949 	2.726949 	2.127205 	3.245189 	2.215993 	0.756637 	0.390512 	1.131923 	3.460220 	0.212132 	0.827647 	2.515079 	0.328824 	2.663762 	2.196162 	1.534805 	1.393287 	3.514612 	1.410895 	2.605043 	0.955249 	1.632674 	2.627380 	2.419323 	0.645174 	2.739183 	3.962323 	3.035828 	3.894868 	3.812562 	1.277204 	2.356109 	0.552268 	3.066859 	1.966119 	3.280720 	1.500208 	1.171804 	1.525000 	3.508650 	2.985172 	0.694622 	0.781025 	3.041792 	2.012617 	
0.150000 	1.305038 	2.139655 	9.000000 	2.191603 	1.090011 	0.887764 	1.697425 	0.590021 	0.246221 	1.155692 	0.247487 	1.609542 	2.302851 	1.007782 	1.619027 	1.935362 	1.317431 	0.474342 	2.280351 	0.525595 	0.285044 	0.827647 	0.973717 	1.450216 	1.006231 	0.485412 	1.480076 	0.790569 	0.509902 	0.395285 	2.740552 	0.618466 	1.934716 	0.896172 	1.851520 	1.750000 	1.285739 	0.480234 	2.425000 	0.928036 	0.679154 	1.145098 	1.106797 	1.476482 	1.123054 	1.382932 	0.862047 	2.248472 	2.151308 	0.927699 	0.863134 	
2.275549 	0.894427 	0.100000 	2.191603 	9.000000 	3.233033 	1.439184 	0.625000 	2.780513 	2.169101 	3.307000 	2.258456 	0.750000 	0.460977 	1.185854 	3.537390 	0.291548 	0.874643 	2.576941 	0.230489 	2.713969 	2.236767 	1.559046 	1.412887 	3.579455 	1.426753 	2.651650 	0.950000 	1.655483 	2.673598 	2.460310 	0.566789 	2.785341 	4.031129 	3.087272 	3.962323 	3.878225 	1.275245 	2.390868 	0.452769 	3.116990 	1.988875 	3.335135 	1.505199 	1.156774 	1.528275 	3.565897 	3.030883 	0.610328 	0.707107 	3.085855 	2.026234 	
0.973717 	2.369071 	3.170568 	1.090011 	3.233033 	9.000000 	1.976424 	2.778151 	0.553399 	1.229837 	0.079057 	1.152443 	2.695366 	3.275668 	2.053351 	0.752080 	2.960152 	2.371181 	0.656220 	3.343370 	0.673146 	1.198176 	1.908042 	2.059430 	0.360555 	2.088211 	0.794512 	2.570019 	1.857586 	0.789383 	1.037123 	3.793580 	0.726722 	0.850000 	0.443001 	0.763217 	0.660019 	2.366696 	1.206752 	3.500357 	0.482830 	1.653217 	0.340037 	2.169245 	2.559907 	2.180166 	0.400780 	0.649038 	3.335416 	3.240756 	0.696419 	1.796003 	
1.017657 	0.575543 	1.412887 	0.887764 	1.439184 	1.976424 	9.000000 	0.862047 	1.453444 	0.778621 	2.040221 	0.867828 	0.755811 	1.676678 	0.471699 	2.475505 	1.237437 	0.625500 	1.353006 	1.475847 	1.361295 	0.835539 	0.125000 	0.100000 	2.336932 	0.152069 	1.274755 	0.601041 	0.225000 	1.293493 	1.055047 	1.945508 	1.402007 	2.822455 	1.732772 	2.738841 	2.635930 	0.412311 	0.961769 	1.587844 	1.752320 	0.555090 	1.997655 	0.325000 	0.594243 	0.357946 	2.246803 	1.640122 	1.380670 	1.273283 	1.685601 	0.632949 	
1.804508 	0.436606 	0.632949 	1.697425 	0.625000 	2.778151 	0.862047 	9.000000 	2.283774 	1.630376 	2.847477 	1.720465 	0.125000 	0.989002 	0.760345 	3.181588 	0.536773 	0.467039 	2.128673 	0.617454 	2.202271 	1.691892 	0.972754 	0.817389 	3.134984 	0.822344 	2.125000 	0.325000 	1.063602 	2.145052 	1.913766 	1.086566 	2.255271 	3.607718 	2.576941 	3.530669 	3.436023 	0.650481 	1.823630 	0.730154 	2.600481 	1.392839 	2.836371 	0.883883 	0.539676 	0.905539 	3.079164 	2.496623 	0.570636 	0.515388 	2.544725 	1.412887 	
0.515388 	1.895059 	2.726949 	0.590021 	2.780513 	0.553399 	1.453444 	2.283774 	9.000000 	0.686477 	0.604152 	0.604669 	2.192316 	2.875978 	1.595306 	1.229075 	2.521161 	1.906895 	0.340037 	2.870213 	0.125000 	0.648556 	1.375000 	1.530523 	0.906228 	1.555032 	0.250000 	2.053351 	1.317431 	0.251247 	0.485412 	3.330540 	0.235850 	1.398660 	0.316228 	1.308148 	1.197132 	1.830983 	0.657647 	3.012681 	0.357946 	1.100284 	0.555090 	1.625000 	2.025617 	1.634205 	0.795692 	0.364006 	2.828648 	2.726032 	0.443001 	1.243232 	
0.388104 	1.274755 	2.127205 	0.246221 	2.169101 	1.229837 	0.778621 	1.630376 	0.686477 	9.000000 	1.286954 	0.090139 	1.530523 	2.328626 	1.013040 	1.820886 	1.931321 	1.300000 	0.676849 	2.233971 	0.585769 	0.075000 	0.691466 	0.849264 	1.588238 	0.870704 	0.496236 	1.379311 	0.630971 	0.515388 	0.292617 	2.701157 	0.625000 	2.079664 	0.954594 	1.991231 	1.882319 	1.145098 	0.285044 	2.360085 	0.973717 	0.450694 	1.220912 	0.939747 	1.340009 	0.950329 	1.472455 	0.866747 	2.159282 	2.050610 	0.917878 	0.626997 	
1.043132 	2.440543 	3.245189 	1.155692 	3.307000 	0.079057 	2.040221 	2.847477 	0.604152 	1.286954 	9.000000 	1.207528 	2.763377 	3.352797 	2.126029 	0.760345 	3.035004 	2.443614 	0.730154 	3.415498 	0.719809 	1.252248 	1.969296 	2.121910 	0.302076 	2.149564 	0.838153 	2.635574 	1.916540 	0.831038 	1.083109 	3.866846 	0.760345 	0.794512 	0.452769 	0.704450 	0.596343 	2.427447 	1.250000 	3.570889 	0.485412 	1.703856 	0.301040 	2.226685 	2.621188 	2.236767 	0.325000 	0.657647 	3.403123 	3.307000 	0.697316 	1.842044 	
0.369121 	1.364047 	2.215993 	0.247487 	2.258456 	1.152443 	0.867828 	1.720465 	0.604669 	0.090139 	1.207528 	9.000000 	1.620378 	2.414151 	1.099147 	1.761391 	2.019437 	1.388569 	0.625500 	2.324059 	0.500000 	0.050000 	0.778621 	0.937083 	1.509346 	0.957209 	0.406971 	1.468205 	0.715017 	0.425735 	0.206155 	2.791169 	0.535023 	2.001406 	0.866386 	1.911969 	1.801735 	1.230091 	0.235850 	2.450128 	0.884590 	0.509902 	1.133578 	1.020416 	1.425219 	1.029563 	1.386092 	0.776611 	2.248472 	2.139071 	0.828025 	0.675463 	
1.722099 	0.403113 	0.756637 	1.609542 	0.750000 	2.695366 	0.755811 	0.125000 	2.192316 	1.530523 	2.763377 	1.620378 	9.000000 	1.106797 	0.711512 	3.120597 	0.650000 	0.450000 	2.050152 	0.735272 	2.107279 	1.590008 	0.862047 	0.704450 	3.053686 	0.705780 	2.026388 	0.200000 	0.950329 	2.045880 	1.810559 	1.202601 	2.155371 	3.530226 	2.481179 	3.451449 	3.354568 	0.525595 	1.715007 	0.832166 	2.503123 	1.276959 	2.742832 	0.760345 	0.419076 	0.781425 	2.987997 	2.395047 	0.640312 	0.559017 	2.441311 	1.291559 	
2.360747 	1.101136 	0.390512 	2.302851 	0.460977 	3.275668 	1.676678 	0.989002 	2.875978 	2.328626 	3.352797 	2.414151 	1.106797 	9.000000 	1.315770 	3.483622 	0.460977 	1.054751 	2.629757 	0.673146 	2.827212 	2.401172 	1.801562 	1.675187 	3.605551 	1.701654 	2.783209 	1.298075 	1.901480 	2.806800 	2.620234 	0.778621 	2.917726 	4.030199 	3.190807 	3.970201 	3.897515 	1.608182 	2.579002 	0.873212 	3.226938 	2.230051 	3.421349 	1.814008 	1.525820 	1.842044 	3.635330 	3.163266 	1.070047 	1.167262 	3.225678 	2.300136 	
1.090011 	0.325960 	1.131923 	1.007782 	1.185854 	2.053351 	0.471699 	0.760345 	1.595306 	1.013040 	2.126029 	1.099147 	0.711512 	1.315770 	9.000000 	2.422421 	0.928036 	0.318198 	1.397542 	1.290591 	1.532359 	1.085415 	0.581485 	0.531507 	2.404423 	0.583631 	1.477329 	0.675463 	0.673146 	1.500208 	1.305038 	1.741407 	1.611870 	2.867272 	1.903943 	2.793967 	2.704741 	0.715891 	1.265899 	1.456451 	1.935362 	0.965984 	2.149564 	0.760345 	0.818917 	0.795692 	2.380257 	1.858090 	1.330883 	1.267379 	1.917355 	1.083109 	
1.473516 	2.748295 	3.460220 	1.619027 	3.537390 	0.752080 	2.475505 	3.181588 	1.229075 	1.820886 	0.760345 	1.761391 	3.120597 	3.483622 	2.422421 	9.000000 	3.248942 	2.732330 	1.147279 	3.685275 	1.353699 	1.811077 	2.435416 	2.569655 	0.620987 	2.608879 	1.478386 	3.031192 	2.407540 	1.480287 	1.700000 	4.103733 	1.442654 	0.676849 	1.193995 	0.676849 	0.697316 	2.885849 	1.875000 	3.869189 	1.234909 	2.269912 	1.054751 	2.723279 	3.069406 	2.740894 	0.954594 	1.399330 	3.752083 	3.679419 	1.448491 	2.435416 	
2.011374 	0.667083 	0.212132 	1.935362 	0.291548 	2.960152 	1.237437 	0.536773 	2.521161 	1.931321 	3.035004 	2.019437 	0.650000 	0.460977 	0.928036 	3.248942 	9.000000 	0.632456 	2.305022 	0.485412 	2.460310 	2.001406 	1.361295 	1.227294 	3.303407 	1.250250 	2.404423 	0.838153 	1.460522 	2.427061 	2.223876 	0.855132 	2.538824 	3.750333 	2.831298 	3.683069 	3.601128 	1.147279 	2.167083 	0.707107 	2.863237 	1.792519 	3.074187 	1.355775 	1.068001 	1.383158 	3.300473 	2.785004 	0.776209 	0.827647 	2.842974 	1.851520 	
1.405569 	0.070711 	0.827647 	1.317431 	0.874643 	2.371181 	0.625500 	0.467039 	1.906895 	1.300000 	2.443614 	1.388569 	0.450000 	1.054751 	0.318198 	2.732330 	0.632456 	9.000000 	1.715554 	0.972432 	1.839327 	1.369535 	0.750417 	0.637377 	2.722591 	0.673146 	1.777991 	0.492443 	0.850368 	1.800174 	1.592365 	1.425219 	1.911969 	3.185122 	2.212747 	3.112073 	3.022933 	0.675463 	1.535008 	1.140175 	2.242348 	1.176063 	2.461833 	0.817389 	0.700446 	0.850368 	2.695019 	2.157835 	1.030776 	0.982344 	2.214159 	1.256234 	
