Total assets = 579
Number of asset nodes = 34

Distance:
999.000000 	36.069378 	110.639053 	22.671568 	8.544003 	36.769554 	18.439089 	46.861500 	55.443665 	39.446167 	88.617157 	84.172440 	34.132095 	25.019993 	47.927029 	3.000000 	2.000000 	63.600315 	28.284271 	49.578220 	36.687874 	45.188496 	65.215027 	44.407207 	19.209373 	39.357338 	66.887962 	34.058773 	64.884514 	64.412735 	26.400757 	38.013157 	32.557640 	61.326992 	58.189346 	34.539833 	36.400551 	55.443665 	39.115215 	55.036350 	38.897301 	43.829212 	44.294468 	56.035702 	42.190044 	45.000000 	57.428215 	57.584721 	57.706154 	60.008331 	58.309521 	64.660652 	
36.069378 	999.000000 	76.157730 	58.728188 	40.496914 	72.835434 	23.086792 	82.807007 	20.124611 	10.816654 	52.630791 	48.104053 	69.814041 	25.000000 	82.377182 	33.970577 	37.483330 	28.178005 	22.203604 	85.632935 	18.027756 	17.464249 	30.463093 	80.280754 	39.293766 	74.632431 	33.241539 	29.410883 	32.388271 	32.249031 	42.190044 	28.178005 	32.756680 	31.016125 	30.805843 	59.228371 	62.817196 	35.510563 	47.675991 	38.418747 	54.037025 	48.083260 	49.040798 	41.773197 	62.072536 	62.032249 	45.967381 	54.378304 	59.033890 	58.309521 	61.326992 	67.082039 	
110.639053 	76.157730 	999.000000 	132.924789 	116.275536 	146.441116 	99.161484 	155.425217 	62.169125 	78.847954 	29.154760 	35.128338 	144.754959 	99.624290 	151.743210 	108.046288 	111.646767 	48.104053 	95.880135 	159.477264 	87.321243 	78.262383 	58.034473 	154.870911 	115.169441 	149.966660 	61.032780 	100.224747 	65.030762 	66.030296 	117.046997 	96.509064 	104.560989 	71.007042 	77.000000 	134.714508 	138.513535 	89.000000 	119.050407 	94.000000 	127.121986 	117.098251 	118.088951 	98.005104 	136.062485 	134.937027 	103.019417 	116.004311 	123.065025 	120.000000 	126.099167 	130.000000 	
22.671568 	58.728188 	132.924789 	999.000000 	20.124611 	14.212670 	39.115215 	24.698177 	77.897369 	61.400326 	111.287918 	106.831642 	12.369317 	43.863426 	29.068884 	25.000000 	21.400934 	86.214851 	47.853943 	26.907248 	57.306194 	66.573265 	87.458565 	21.954498 	30.413813 	18.248287 	88.814415 	51.244511 	86.533234 	85.982559 	36.013885 	55.973209 	48.270073 	82.492424 	78.714676 	31.764761 	30.805843 	74.000000 	48.166378 	72.532753 	43.416588 	54.083271 	54.147945 	72.567207 	41.593269 	46.097721 	72.691124 	69.065186 	66.753281 	70.349129 	66.287254 	72.034714 	
8.544003 	40.496914 	116.275536 	20.124611 	999.000000 	34.132095 	19.209373 	44.777225 	58.728188 	41.773197 	93.005379 	88.238312 	29.698484 	23.769728 	48.270073 	11.401754 	9.433981 	68.600288 	27.730848 	46.227695 	37.215588 	46.615448 	67.941154 	40.311287 	12.649111 	34.205261 	69.028976 	31.575306 	66.610809 	66.030296 	19.697716 	36.138622 	29.068884 	62.433964 	58.591808 	26.000000 	27.892651 	54.120235 	32.695564 	52.952808 	31.240999 	37.947330 	38.275318 	53.338543 	33.837849 	36.878178 	54.009258 	52.392746 	51.623638 	54.405884 	51.894123 	58.137768 	
36.769554 	72.835434 	146.441116 	14.212670 	34.132095 	999.000000 	53.254108 	10.770329 	92.097771 	75.604233 	125.319588 	120.933868 	8.544003 	57.706154 	19.313208 	38.948685 	35.383614 	100.124924 	61.773781 	13.038404 	71.344238 	80.709358 	101.671036 	10.000000 	43.324360 	12.041595 	103.004852 	64.621979 	100.687637 	100.124924 	48.052055 	69.462219 	61.351448 	96.566040 	92.660675 	39.458839 	37.107952 	87.464279 	59.211487 	85.702972 	53.037724 	65.276337 	65.192024 	85.440041 	49.030602 	53.935146 	85.146935 	80.224686 	77.006493 	81.024689 	76.105194 	81.394104 	
18.439089 	23.086792 	99.161484 	39.115215 	19.209373 	53.254108 	999.000000 	63.812225 	39.824615 	22.627417 	74.625732 	69.634758 	48.836460 	7.615773 	66.128662 	18.027756 	20.396078 	51.078373 	10.000000 	65.436989 	18.384777 	27.459061 	48.795490 	59.464275 	16.278820 	53.075417 	49.819675 	17.088007 	47.434166 	46.872166 	20.223749 	20.223749 	17.204651 	43.416588 	39.924931 	36.345562 	39.812057 	37.121422 	29.154760 	37.054016 	33.241539 	31.890438 	32.649654 	38.470768 	40.199501 	41.000000 	40.521599 	43.266617 	45.276924 	46.400433 	46.690472 	53.037724 	
46.861500 	82.807007 	155.425217 	24.698177 	44.777225 	10.770329 	63.812225 	999.000000 	102.303467 	86.023254 	135.074051 	130.831955 	18.027756 	68.425140 	13.601471 	48.836460 	45.343136 	109.713264 	72.470680 	7.615773 	81.987801 	91.268837 	112.004463 	11.661903 	54.083271 	18.681541 	113.463654 	75.392311 	111.220505 	110.675201 	58.694122 	80.230919 	72.111023 	107.186752 	103.353760 	49.040798 	46.270943 	98.234413 	69.584480 	96.462425 	63.031738 	75.663727 	75.538071 	96.166519 	58.309521 	63.285069 	95.801880 	90.553848 	87.051712 	91.197586 	86.000000 	91.087868 	
55.443665 	20.124611 	62.169125 	77.897369 	58.728188 	92.097771 	39.824615 	102.303467 	999.000000 	17.492855 	35.341194 	30.016663 	88.413803 	38.470768 	102.396286 	53.600372 	57.008770 	16.763054 	34.438351 	104.690018 	25.298222 	16.124516 	10.440307 	99.005051 	54.708317 	92.849342 	14.000000 	38.078865 	14.560220 	14.866069 	55.542778 	34.365681 	42.449970 	16.401220 	20.000000 	73.409805 	77.388626 	30.463093 	56.885849 	35.114101 	65.000000 	55.145264 	56.142673 	39.217342 	74.040527 	72.780495 	44.271889 	56.089214 	62.514000 	60.207973 	65.375839 	70.035706 	
39.446167 	10.816654 	78.847954 	61.400326 	41.773197 	75.604233 	22.627417 	86.023254 	17.492855 	999.000000 	52.773098 	47.507893 	71.449280 	21.023796 	87.206650 	38.013157 	41.182522 	31.257000 	17.088007 	87.965904 	9.055386 	7.071068 	26.172504 	82.073135 	37.215588 	75.690155 	27.459061 	22.000000 	25.495098 	25.079872 	38.275318 	19.416489 	26.076809 	22.561028 	21.023796 	56.080299 	60.008331 	24.698177 	41.012192 	27.658634 	48.507732 	40.311287 	41.303753 	31.112698 	57.271286 	56.435802 	35.468296 	44.721359 	49.979996 	48.754486 	52.497620 	57.939625 	
88.617157 	52.630791 	29.154760 	111.287918 	93.005379 	125.319588 	74.625732 	135.074051 	35.341194 	52.773098 	999.000000 	6.000000 	122.441826 	73.790245 	133.416641 	86.371292 	89.938866 	25.612497 	69.778221 	138.191895 	60.539242 	50.921509 	29.427877 	132.909744 	89.944427 	127.200630 	32.015621 	73.054771 	36.013885 	37.013512 	90.873535 	68.963760 	77.491936 	42.047592 	48.093658 	108.747414 	112.729767 	60.074955 	91.482239 	65.069191 	99.929977 	89.050545 	90.027771 	69.028976 	109.110039 	107.563934 	74.006760 	87.091904 	94.260277 	91.049438 	97.329338 	101.044548 	
84.172440 	48.104053 	35.128338 	106.831642 	88.238312 	120.933868 	69.634758 	130.831955 	30.016663 	47.507893 	6.000000 	999.000000 	117.796432 	68.476273 	129.630249 	82.024384 	85.562843 	22.360680 	64.412735 	133.734818 	55.036350 	45.310043 	23.537205 	128.316010 	84.723076 	122.441826 	26.019224 	67.416618 	30.016663 	31.016125 	85.428329 	63.245552 	71.867935 	36.055511 	42.107006 	103.315056 	107.331261 	54.083271 	85.726311 	59.076221 	94.244362 	83.198555 	84.172440 	63.031738 	103.464973 	101.833199 	68.007355 	81.098709 	88.277969 	85.052925 	91.350975 	95.047356 	
34.132095 	69.814041 	144.754959 	12.369317 	29.698484 	8.544003 	48.836460 	18.027756 	88.413803 	71.449280 	122.441826 	117.796432 	999.000000 	52.430908 	27.856777 	36.715118 	33.120991 	97.652443 	56.612720 	17.000000 	66.400299 	76.059189 	97.621719 	10.630146 	37.121422 	6.000000 	98.595131 	58.591808 	96.046867 	95.425362 	41.109608 	63.529522 	55.036350 	91.607857 	87.367043 	31.144823 	28.635643 	81.394104 	51.623638 	79.309517 	45.011108 	57.706154 	57.558666 	78.771820 	40.607880 	45.541191 	78.160095 	72.560318 	69.028976 	73.171036 	68.007355 	73.171036 	
25.019993 	25.000000 	99.624290 	43.863426 	23.769728 	57.706154 	7.615773 	68.425140 	38.470768 	21.023796 	73.790245 	68.476273 	52.430908 	999.000000 	71.840103 	25.079872 	27.018513 	51.662365 	4.242640 	69.339745 	14.142136 	24.083189 	46.400433 	63.007935 	16.401220 	56.080299 	46.690472 	9.486833 	43.863426 	43.185646 	17.464249 	13.000000 	9.899495 	39.204590 	34.985710 	35.114101 	39.000000 	30.594116 	23.409399 	30.016663 	29.068884 	25.238859 	26.076809 	31.144823 	37.121422 	37.054016 	32.984844 	35.805027 	38.209946 	39.051247 	39.824615 	46.097721 	
47.927029 	82.377182 	151.743210 	29.068884 	48.270073 	19.313208 	66.128662 	13.601471 	102.396286 	87.206650 	133.416641 	129.630249 	27.856777 	71.840103 	999.000000 	49.193497 	46.097721 	107.814659 	75.584389 	21.095022 	84.504440 	93.107468 	112.507774 	24.758837 	59.413803 	30.528675 	114.529472 	79.831070 	112.698715 	112.258629 	65.069191 	84.403793 	77.103828 	109.251999 	106.042442 	58.463665 	56.320511 	102.357216 	77.025970 	101.202766 	71.568146 	83.006027 	83.024094 	101.434708 	68.154236 	73.006851 	101.710373 	98.005104 	95.336250 	99.126183 	94.641426 	100.129913 	
3.000000 	33.970577 	108.046288 	25.000000 	11.401754 	38.948685 	18.027756 	48.836460 	53.600372 	38.013157 	86.371292 	82.024384 	36.715118 	25.079872 	49.193497 	999.000000 	3.605551 	61.220913 	28.017851 	51.855568 	35.902645 	44.011364 	63.513779 	46.872166 	21.213203 	42.047592 	65.368187 	34.365681 	63.505905 	63.071388 	28.319605 	38.052597 	33.241539 	60.166435 	57.280014 	37.336308 	39.293766 	55.145264 	40.804413 	55.009090 	41.109608 	45.276924 	45.793011 	56.222771 	44.777225 	47.434166 	57.870544 	58.694122 	59.169250 	61.269894 	59.908264 	66.287254 	
2.000000 	37.483330 	111.646767 	21.400934 	9.433981 	35.383614 	20.396078 	45.343136 	57.008770 	41.182522 	89.938866 	85.562843 	33.120991 	27.018513 	46.097721 	3.605551 	999.000000 	64.815125 	30.265491 	48.270073 	38.600517 	47.010635 	66.850578 	43.266617 	20.808653 	38.483765 	68.600288 	36.055511 	66.648331 	66.189125 	28.017851 	40.012497 	34.525352 	63.158531 	60.083275 	35.341194 	37.000000 	57.428215 	40.816662 	57.035076 	40.311287 	45.617977 	46.065170 	58.034473 	43.266617 	46.227695 	59.413803 	59.464275 	59.481091 	61.846584 	60.033325 	66.370171 	
63.600315 	28.178005 	48.104053 	86.214851 	68.600288 	100.124924 	51.078373 	109.713264 	16.763054 	31.257000 	25.612497 	22.360680 	97.652443 	51.662365 	107.814659 	61.220913 	64.815125 	999.000000 	48.052055 	113.070778 	40.112343 	32.140316 	19.849434 	108.004631 	67.067131 	102.625534 	24.839485 	53.150730 	27.586229 	28.319605 	69.123077 	50.000000 	57.314919 	31.622776 	36.235340 	86.683334 	90.443352 	47.169907 	72.173401 	51.865211 	79.762146 	71.007042 	72.006943 	55.973209 	88.459030 	87.692642 	61.032780 	72.780495 	79.075912 	76.902534 	81.884064 	86.683334 	
28.284271 	22.203604 	95.880135 	47.853943 	27.730848 	61.773781 	10.000000 	72.470680 	34.438351 	17.088007 	69.778221 	64.412735 	56.612720 	4.242640 	75.584389 	28.017851 	30.265491 	48.052055 	999.000000 	73.498299 	9.899495 	19.849434 	42.201897 	67.201187 	20.615528 	60.307545 	42.449970 	8.485281 	39.623226 	38.948685 	21.189621 	10.440307 	10.770329 	35.000000 	30.886890 	39.000000 	42.953465 	27.166155 	25.495098 	27.073973 	32.015621 	26.400757 	27.313000 	28.635643 	40.447498 	40.012497 	31.016125 	35.383614 	38.600517 	38.897301 	40.496914 	46.615448 	
49.578220 	85.632935 	159.477264 	26.907248 	46.227695 	13.038404 	65.436989 	7.615773 	104.690018 	87.965904 	138.191895 	133.734818 	17.000000 	69.339745 	21.095022 	51.855568 	48.270073 	113.070778 	73.498299 	999.000000 	83.234612 	92.800865 	114.109596 	7.071068 	54.120235 	15.132746 	115.256233 	75.591003 	112.800713 	112.200714 	57.939625 	80.529495 	72.013885 	108.466583 	104.307236 	46.270943 	43.046486 	98.386993 	67.911705 	96.254868 	60.671246 	73.979729 	73.756355 	95.634720 	55.009090 	60.008331 	94.868332 	88.645363 	84.593147 	88.955048 	83.294655 	88.051125 	
36.687874 	18.027756 	87.321243 	57.306194 	37.215588 	71.344238 	18.384777 	81.987801 	25.298222 	9.055386 	60.539242 	55.036350 	66.400299 	14.142136 	84.504440 	35.902645 	38.600517 	40.112343 	9.899495 	83.234612 	999.000000 	10.000000 	32.449963 	77.006493 	30.479502 	70.178345 	32.557640 	13.038404 	29.732138 	29.068884 	30.413813 	10.440307 	17.262676 	25.238859 	21.540659 	48.301140 	52.354561 	20.396078 	32.062439 	21.931713 	39.812057 	31.257000 	32.249031 	24.698177 	48.764740 	47.675991 	28.425341 	36.359318 	41.231056 	40.311287 	43.657761 	49.244289 	
45.188496 	17.464249 	78.262383 	66.573265 	46.615448 	80.709358 	27.459061 	91.268837 	16.124516 	7.071068 	50.921509 	45.310043 	76.059189 	24.083189 	93.107468 	44.011364 	47.010635 	32.140316 	19.849434 	92.800865 	10.000000 	999.000000 	22.472204 	86.683334 	40.459858 	79.981247 	22.627417 	22.135944 	20.000000 	19.416489 	40.311287 	18.248287 	26.570660 	16.155495 	14.000000 	58.180752 	62.265560 	18.439089 	40.792156 	22.022715 	49.040798 	39.051247 	40.049969 	25.806976 	58.189346 	56.753853 	30.528675 	41.109608 	47.074409 	45.221676 	49.819675 	54.817879 	
65.215027 	30.463093 	58.034473 	87.458565 	67.941154 	101.671036 	48.795490 	112.004463 	10.440307 	26.172504 	29.427877 	23.537205 	97.621719 	46.400433 	112.507774 	63.513779 	66.850578 	19.849434 	42.201897 	114.109596 	32.449963 	22.472204 	999.000000 	108.245094 	62.801273 	101.833199 	5.000000 	44.283180 	8.062258 	8.944272 	62.769421 	39.924931 	48.754486 	13.341664 	19.104973 	80.622574 	84.723076 	31.064449 	62.297672 	36.055511 	70.936592 	59.665737 	60.638271 	40.112343 	80.230919 	78.434685 	45.177429 	58.008621 	65.030762 	62.032249 	68.066147 	72.027771 	
44.407207 	80.280754 	154.870911 	21.954498 	40.311287 	10.000000 	59.464275 	11.661903 	99.005051 	82.073135 	132.909744 	128.316010 	10.630146 	63.007935 	24.758837 	46.872166 	43.266617 	108.004631 	67.201187 	7.071068 	77.006493 	86.683334 	108.245094 	999.000000 	47.507893 	8.062258 	109.224541 	68.963760 	106.667709 	106.042442 	51.078373 	73.925636 	65.299309 	102.200783 	97.908119 	39.204590 	36.013885 	91.706055 	60.876926 	89.470665 	53.600372 	66.940269 	66.708321 	88.769363 	48.000000 	53.000000 	87.920418 	81.584312 	77.524193 	81.884064 	76.236473 	81.024689 	
19.209373 	39.293766 	115.169441 	30.413813 	12.649111 	43.324360 	16.278820 	54.083271 	54.708317 	37.215588 	89.944427 	84.723076 	37.121422 	16.401220 	59.413803 	21.213203 	20.808653 	67.067131 	20.615528 	54.120235 	30.479502 	40.459858 	62.801273 	47.507893 	999.000000 	40.224369 	63.031738 	21.470911 	60.108234 	59.396969 	7.211102 	26.419689 	18.027756 	55.226807 	50.606323 	20.099751 	23.537205 	44.283180 	20.124611 	42.379242 	20.000000 	25.298222 	25.632011 	42.201897 	25.000000 	26.832815 	42.296574 	39.812057 	39.000000 	41.761227 	39.357338 	45.650848 	
39.357338 	74.632431 	149.966660 	18.248287 	34.205261 	12.041595 	53.075417 	18.681541 	92.849342 	75.690155 	127.200630 	122.441826 	6.000000 	56.080299 	30.528675 	42.047592 	38.483765 	102.625534 	60.307545 	15.132746 	70.178345 	79.981247 	101.833199 	8.062258 	40.224369 	999.000000 	102.591423 	61.587337 	99.904953 	99.247169 	43.382023 	66.573265 	57.801384 	95.268044 	90.801979 	31.144823 	28.000000 	84.219948 	52.886673 	81.841309 	45.541191 	58.940647 	58.694122 	81.024689 	40.012497 	45.011108 	80.056229 	73.545906 	69.462219 	73.824112 	68.183578 	73.006851 	
66.887962 	33.241539 	61.032780 	88.814415 	69.028976 	103.004852 	49.819675 	113.463654 	14.000000 	27.459061 	32.015621 	26.019224 	98.595131 	46.690472 	114.529472 	65.368187 	68.600288 	24.839485 	42.449970 	115.256233 	32.557640 	22.627417 	5.000000 	109.224541 	63.031738 	102.591423 	999.000000 	43.566040 	4.000000 	5.000000 	62.425957 	38.948685 	48.020828 	10.049875 	16.124516 	80.156097 	84.314888 	28.071337 	60.926186 	33.060551 	69.778221 	57.870544 	58.821766 	37.013512 	79.158073 	77.077881 	42.000000 	55.081757 	62.289646 	59.033890 	65.375839 	69.028976 	
34.058773 	29.410883 	100.224747 	51.244511 	31.575306 	64.621979 	17.088007 	75.392311 	38.078865 	22.000000 	73.054771 	67.416618 	58.591808 	9.486833 	79.831070 	34.365681 	36.055511 	53.150730 	8.485281 	75.591003 	13.038404 	22.135944 	44.283180 	68.963760 	21.470911 	61.587337 	43.566040 	999.000000 	40.224369 	39.408119 	19.104973 	5.000000 	4.472136 	34.828148 	29.698484 	36.619667 	40.804413 	22.847319 	19.026299 	21.377558 	26.925823 	18.681541 	19.646883 	22.000000 	36.055511 	34.713108 	23.537205 	26.907248 	30.232433 	30.413813 	32.249031 	38.275318 	
64.884514 	32.388271 	65.030762 	86.533234 	66.610809 	100.687637 	47.434166 	111.220505 	14.560220 	25.495098 	36.013885 	30.016663 	96.046867 	43.863426 	112.698715 	63.505905 	66.648331 	27.586229 	39.623226 	112.800713 	29.732138 	20.000000 	8.062258 	106.667709 	60.108234 	99.904953 	4.000000 	40.224369 	999.000000 	1.000000 	59.203041 	35.510563 	44.654228 	6.082763 	12.165525 	76.843994 	81.024689 	24.083189 	57.271286 	29.068884 	66.189125 	54.083271 	55.027267 	33.015148 	75.591003 	73.409805 	38.000000 	51.088158 	58.309521 	55.036350 	61.400326 	65.030762 	
64.412735 	32.249031 	66.030296 	85.982559 	66.030296 	100.124924 	46.872166 	110.675201 	14.866069 	25.079872 	37.013512 	31.016125 	95.425362 	43.185646 	112.258629 	63.071388 	66.189125 	28.319605 	38.948685 	112.200714 	29.068884 	19.416489 	8.944272 	106.042442 	59.396969 	99.247169 	5.000000 	39.408119 	1.000000 	999.000000 	58.412327 	34.669872 	43.829212 	5.099020 	11.180340 	76.026314 	80.212219 	23.086792 	56.364883 	28.071337 	65.299309 	53.141319 	54.083271 	32.015621 	74.706093 	72.498276 	37.000000 	50.089920 	57.314919 	54.037025 	60.406952 	64.031242 	
26.400757 	42.190044 	117.046997 	36.013885 	19.697716 	48.052055 	20.223749 	58.694122 	55.542778 	38.275318 	90.873535 	85.428329 	41.109608 	17.464249 	65.069191 	28.319605 	28.017851 	69.123077 	21.189621 	57.939625 	30.413813 	40.311287 	62.769421 	51.078373 	7.211102 	43.382023 	62.425957 	19.104973 	59.203041 	58.412327 	999.000000 	24.041630 	14.866069 	53.907330 	48.795490 	17.888544 	21.954498 	41.048752 	13.000000 	38.470768 	13.416408 	18.439089 	18.681541 	37.696156 	20.024984 	20.880613 	37.107952 	33.241539 	31.953091 	34.928497 	32.202484 	38.470768 	
38.013157 	28.178005 	96.509064 	55.973209 	36.138622 	69.462219 	20.223749 	80.230919 	34.365681 	19.416489 	68.963760 	63.245552 	63.529522 	13.000000 	84.403793 	38.052597 	40.012497 	50.000000 	10.440307 	80.529495 	10.440307 	18.248287 	39.924931 	73.925636 	26.419689 	66.573265 	38.948685 	5.000000 	35.510563 	34.669872 	24.041630 	999.000000 	9.219544 	30.000000 	24.758837 	41.400482 	45.607018 	18.027756 	22.561028 	17.029387 	31.016125 	21.023796 	22.022715 	18.248287 	40.311287 	38.600517 	20.615528 	26.400757 	30.870699 	30.232433 	33.241539 	38.910152 	
32.557640 	32.756680 	104.560989 	48.270073 	29.068884 	61.351448 	17.204651 	72.111023 	42.449970 	26.076809 	77.491936 	71.867935 	55.036350 	9.899495 	77.103828 	33.241539 	34.525352 	57.314919 	10.770329 	72.013885 	17.262676 	26.570660 	48.754486 	65.299309 	18.027756 	57.801384 	48.020828 	4.472136 	44.654228 	43.829212 	14.866069 	9.219544 	999.000000 	39.204590 	33.970577 	32.202484 	36.400551 	26.419689 	15.033297 	24.351591 	22.561028 	15.652476 	16.552946 	24.331051 	31.622776 	30.413813 	25.019993 	26.076809 	28.319605 	29.206163 	30.000000 	36.235340 	
61.326992 	31.016125 	71.007042 	82.492424 	62.433964 	96.566040 	43.416588 	107.186752 	16.401220 	22.561028 	42.047592 	36.055511 	91.607857 	39.204590 	109.251999 	60.166435 	63.158531 	31.622776 	35.000000 	108.466583 	25.238859 	16.155495 	13.341664 	102.200783 	55.226807 	95.268044 	10.049875 	34.828148 	6.082763 	5.099020 	53.907330 	30.000000 	39.204590 	999.000000 	6.082763 	71.400284 	75.604233 	18.027756 	51.429562 	23.021729 	60.415230 	48.104053 	49.040798 	27.000000 	69.835518 	67.542580 	32.015621 	45.044422 	52.239830 	49.010204 	55.326305 	59.008472 	
58.189346 	30.805843 	77.000000 	78.714676 	58.591808 	92.660675 	39.924931 	103.353760 	20.000000 	21.023796 	48.093658 	42.107006 	87.367043 	34.985710 	106.042442 	57.280014 	60.083275 	36.235340 	30.886890 	104.307236 	21.540659 	14.000000 	19.104973 	97.908119 	50.606323 	90.801979 	16.124516 	29.698484 	12.165525 	11.180340 	48.795490 	24.758837 	33.970577 	6.082763 	999.000000 	66.068146 	70.292244 	12.000000 	45.650848 	17.000000 	54.708317 	42.154476 	43.081318 	21.023796 	64.140472 	61.717098 	26.076809 	39.012817 	46.173584 	43.000000 	49.254440 	53.000000 	
34.539833 	59.228371 	134.714508 	31.764761 	26.000000 	39.458839 	36.345562 	49.040798 	73.409805 	56.080299 	108.747414 	103.315056 	31.144823 	35.114101 	58.463665 	37.336308 	35.341194 	86.683334 	39.000000 	46.270943 	48.301140 	58.180752 	80.622574 	39.204590 	20.099751 	31.144823 	80.156097 	36.619667 	76.843994 	76.026314 	17.888544 	41.400482 	32.202484 	71.400284 	66.068146 	999.000000 	4.242640 	57.314919 	22.825424 	54.037025 	14.560220 	28.635643 	28.231188 	52.430908 	9.848858 	14.560220 	50.606323 	42.720020 	38.327538 	42.755116 	37.054016 	42.047592 	
36.400551 	62.817196 	138.513535 	30.805843 	27.892651 	37.107952 	39.812057 	46.270943 	77.388626 	60.008331 	112.729767 	107.331261 	28.635643 	39.000000 	56.320511 	39.293766 	37.000000 	90.443352 	42.953465 	43.046486 	52.354561 	62.265560 	84.723076 	36.013885 	23.537205 	28.000000 	84.314888 	40.804413 	81.024689 	80.212219 	21.954498 	45.607018 	36.400551 	75.604233 	70.292244 	4.242640 	999.000000 	61.554855 	26.925823 	58.258045 	18.384777 	32.649654 	32.202484 	56.612720 	12.041595 	17.029387 	54.708317 	46.486557 	41.773197 	46.324940 	40.311287 	45.011108 	
55.443665 	35.510563 	89.000000 	74.000000 	54.120235 	87.464279 	37.121422 	98.234413 	30.463093 	24.698177 	60.074955 	54.083271 	81.394104 	30.594116 	102.357216 	55.145264 	57.428215 	47.169907 	27.166155 	98.386993 	20.396078 	18.439089 	31.064449 	91.706055 	44.283180 	84.219948 	28.071337 	22.847319 	24.083189 	23.086792 	41.048752 	18.027756 	26.419689 	18.027756 	12.000000 	57.314919 	61.554855 	999.000000 	35.608986 	5.000000 	44.821869 	31.384710 	32.249031 	9.055386 	54.203320 	51.312767 	14.142136 	27.018513 	34.234486 	31.000000 	37.336308 	41.000000 	
39.115215 	47.675991 	119.050407 	48.166378 	32.695564 	59.211487 	29.154760 	69.584480 	56.885849 	41.012192 	91.482239 	85.726311 	51.623638 	23.409399 	77.025970 	40.804413 	40.816662 	72.173401 	25.495098 	67.911705 	32.062439 	40.792156 	62.297672 	60.876926 	20.124611 	52.886673 	60.926186 	19.026299 	57.271286 	56.364883 	13.000000 	22.561028 	15.033297 	51.429562 	45.650848 	22.825424 	26.925823 	35.608986 	999.000000 	31.827662 	9.219544 	6.082763 	6.000000 	29.832869 	18.601076 	16.155495 	27.784887 	21.023796 	18.973665 	22.203604 	19.235384 	25.553865 	
55.036350 	38.418747 	94.000000 	72.532753 	52.952808 	85.702972 	37.054016 	96.462425 	35.114101 	27.658634 	65.069191 	59.076221 	79.309517 	30.016663 	101.202766 	55.009090 	57.035076 	51.865211 	27.073973 	96.254868 	21.931713 	22.022715 	36.055511 	89.470665 	42.379242 	81.841309 	33.060551 	21.377558 	29.068884 	28.071337 	38.470768 	17.029387 	24.351591 	23.021729 	17.000000 	54.037025 	58.258045 	5.000000 	31.827662 	999.000000 	41.036568 	27.202942 	28.017851 	4.123106 	50.328918 	47.201694 	9.219544 	22.022715 	29.274563 	26.000000 	32.388271 	36.000000 	
38.897301 	54.037025 	127.121986 	43.416588 	31.240999 	53.037724 	33.241539 	63.031738 	65.000000 	48.507732 	99.929977 	94.244362 	45.011108 	29.068884 	71.568146 	41.109608 	40.311287 	79.762146 	32.015621 	60.671246 	39.812057 	49.040798 	70.936592 	53.600372 	20.000000 	45.541191 	69.778221 	26.925823 	66.189125 	65.299309 	13.416408 	31.016125 	22.561028 	60.415230 	54.708317 	14.560220 	18.384777 	44.821869 	9.219544 	41.036568 	999.000000 	14.422205 	13.892444 	38.948685 	9.433981 	8.000000 	36.619667 	28.160255 	24.020824 	28.284271 	23.086792 	28.635643 	
43.829212 	48.083260 	117.098251 	54.083271 	37.947330 	65.276337 	31.890438 	75.663727 	55.145264 	40.311287 	89.050545 	83.198555 	57.706154 	25.238859 	83.006027 	45.276924 	45.617977 	71.007042 	26.400757 	73.979729 	31.257000 	39.051247 	59.665737 	66.940269 	25.298222 	58.940647 	57.870544 	18.681541 	54.083271 	53.141319 	18.439089 	21.023796 	15.652476 	48.104053 	42.154476 	28.635643 	32.649654 	31.384710 	6.082763 	27.202942 	14.422205 	999.000000 	1.000000 	24.758837 	23.345236 	20.000000 	22.203604 	15.000000 	13.892444 	16.492422 	14.866069 	21.260292 	
44.294468 	49.040798 	118.088951 	54.147945 	38.275318 	65.192024 	32.649654 	75.538071 	56.142673 	41.303753 	90.027771 	84.172440 	57.558666 	26.076809 	83.024094 	45.793011 	46.065170 	72.006943 	27.313000 	73.756355 	32.249031 	40.049969 	60.638271 	66.708321 	25.632011 	58.694122 	58.821766 	19.646883 	55.027267 	54.083271 	18.681541 	22.022715 	16.552946 	49.040798 	43.081318 	28.231188 	32.202484 	32.249031 	6.000000 	28.017851 	13.892444 	1.000000 	999.000000 	25.495098 	22.671568 	19.209373 	22.803509 	15.033297 	13.416408 	16.278820 	14.212670 	20.615528 	
56.035702 	41.773197 	98.005104 	72.567207 	53.338543 	85.440041 	38.470768 	96.166519 	39.217342 	31.112698 	69.028976 	63.031738 	78.771820 	31.144823 	101.434708 	56.222771 	58.034473 	55.973209 	28.635643 	95.634720 	24.698177 	25.806976 	40.112343 	88.769363 	42.201897 	81.024689 	37.013512 	22.000000 	33.015148 	32.015621 	37.696156 	18.248287 	24.331051 	27.000000 	21.023796 	52.430908 	56.612720 	9.055386 	29.832869 	4.123106 	38.948685 	24.758837 	25.495098 	999.000000 	48.083260 	44.687805 	5.099020 	18.110771 	25.495098 	22.022715 	28.635643 	32.015621 	
42.190044 	62.072536 	136.062485 	41.593269 	33.837849 	49.030602 	40.199501 	58.309521 	74.040527 	57.271286 	109.110039 	103.464973 	40.607880 	37.121422 	68.154236 	44.777225 	43.266617 	88.459030 	40.447498 	55.009090 	48.764740 	58.189346 	80.230919 	48.000000 	25.000000 	40.012497 	79.158073 	36.055511 	75.591003 	74.706093 	20.024984 	40.311287 	31.622776 	69.835518 	64.140472 	9.848858 	12.041595 	54.203320 	18.601076 	50.328918 	9.433981 	23.345236 	22.671568 	48.083260 	999.000000 	5.000000 	45.453274 	35.777088 	30.364452 	35.114101 	28.635643 	33.060551 	
45.000000 	62.032249 	134.937027 	46.097721 	36.878178 	53.935146 	41.000000 	63.285069 	72.780495 	56.435802 	107.563934 	101.833199 	45.541191 	37.054016 	73.006851 	47.434166 	46.227695 	87.692642 	40.012497 	60.008331 	47.675991 	56.753853 	78.434685 	53.000000 	26.832815 	45.011108 	77.077881 	34.713108 	73.409805 	72.498276 	20.880613 	38.600517 	30.413813 	67.542580 	61.717098 	14.560220 	17.029387 	51.312767 	16.155495 	47.201694 	8.000000 	20.000000 	19.209373 	44.687805 	5.000000 	999.000000 	41.725292 	31.384710 	25.632011 	30.463093 	23.769728 	28.071337 	
57.428215 	45.967381 	103.019417 	72.691124 	54.009258 	85.146935 	40.521599 	95.801880 	44.271889 	35.468296 	74.006760 	68.007355 	78.160095 	32.984844 	101.710373 	57.870544 	59.413803 	61.032780 	31.016125 	94.868332 	28.425341 	30.528675 	45.177429 	87.920418 	42.296574 	80.056229 	42.000000 	23.537205 	38.000000 	37.000000 	37.107952 	20.615528 	25.019993 	32.015621 	26.076809 	50.606323 	54.708317 	14.142136 	27.784887 	9.219544 	36.619667 	22.203604 	22.803509 	5.099020 	45.453274 	41.725292 	999.000000 	13.341664 	20.880613 	17.117243 	24.041630 	27.073973 	
57.584721 	54.378304 	116.004311 	69.065186 	52.392746 	80.224686 	43.266617 	90.553848 	56.089214 	44.721359 	87.091904 	81.098709 	72.560318 	35.805027 	98.005104 	58.694122 	59.464275 	72.780495 	35.383614 	88.645363 	36.359318 	41.109608 	58.008621 	81.584312 	39.812057 	73.545906 	55.081757 	26.907248 	51.088158 	50.089920 	33.241539 	26.400757 	26.076809 	45.044422 	39.012817 	42.720020 	46.486557 	27.018513 	21.023796 	22.022715 	28.160255 	15.000000 	15.033297 	18.110771 	35.777088 	31.384710 	13.341664 	999.000000 	7.615773 	4.123106 	10.770329 	14.035668 	
57.706154 	59.033890 	123.065025 	66.753281 	51.623638 	77.006493 	45.276924 	87.051712 	62.514000 	49.979996 	94.260277 	88.277969 	69.028976 	38.209946 	95.336250 	59.169250 	59.481091 	79.075912 	38.600517 	84.593147 	41.231056 	47.074409 	65.030762 	77.524193 	39.000000 	69.462219 	62.289646 	30.232433 	58.309521 	57.314919 	31.953091 	30.870699 	28.319605 	52.239830 	46.173584 	38.327538 	41.773197 	34.234486 	18.973665 	29.274563 	24.020824 	13.892444 	13.416408 	25.495098 	30.364452 	25.632011 	20.880613 	7.615773 	999.000000 	5.000000 	3.162278 	8.062258 	
60.008331 	58.309521 	120.000000 	70.349129 	54.405884 	81.024689 	46.400433 	91.197586 	60.207973 	48.754486 	91.049438 	85.052925 	73.171036 	39.051247 	99.126183 	61.269894 	61.846584 	76.902534 	38.897301 	88.955048 	40.311287 	45.221676 	62.032249 	81.884064 	41.761227 	73.824112 	59.033890 	30.413813 	55.036350 	54.037025 	34.928497 	30.232433 	29.206163 	49.010204 	43.000000 	42.755116 	46.324940 	31.000000 	22.203604 	26.000000 	28.284271 	16.492422 	16.278820 	22.022715 	35.114101 	30.463093 	17.117243 	4.123106 	5.000000 	999.000000 	7.810250 	10.000000 	
58.309521 	61.326992 	126.099167 	66.287254 	51.894123 	76.105194 	46.690472 	86.000000 	65.375839 	52.497620 	97.329338 	91.350975 	68.007355 	39.824615 	94.641426 	59.908264 	60.033325 	81.884064 	40.496914 	83.294655 	43.657761 	49.819675 	68.066147 	76.236473 	39.357338 	68.183578 	65.375839 	32.249031 	61.400326 	60.406952 	32.202484 	33.241539 	30.000000 	55.326305 	49.254440 	37.054016 	40.311287 	37.336308 	19.235384 	32.388271 	23.086792 	14.866069 	14.212670 	28.635643 	28.635643 	23.769728 	24.041630 	10.770329 	3.162278 	7.810250 	999.000000 	6.403124 	
64.660652 	67.082039 	130.000000 	72.034714 	58.137768 	81.394104 	53.037724 	91.087868 	70.035706 	57.939625 	101.044548 	95.047356 	73.171036 	46.097721 	100.129913 	66.287254 	66.370171 	86.683334 	46.615448 	88.051125 	49.244289 	54.817879 	72.027771 	81.024689 	45.650848 	73.006851 	69.028976 	38.275318 	65.030762 	64.031242 	38.470768 	38.910152 	36.235340 	59.008472 	53.000000 	42.047592 	45.011108 	41.000000 	25.553865 	36.000000 	28.635643 	21.260292 	20.615528 	32.015621 	33.060551 	28.071337 	27.073973 	14.035668 	8.062258 	10.000000 	6.403124 	999.000000 	

Travel time:
9.000000 	0.901734 	2.765976 	0.566789 	0.213600 	0.919239 	0.460977 	1.171538 	1.386092 	0.986154 	2.215429 	2.104311 	0.853302 	0.625500 	1.198176 	0.075000 	0.050000 	1.590008 	0.707107 	1.239455 	0.917197 	1.129712 	1.630376 	1.110180 	0.480234 	0.983933 	1.672199 	0.851469 	1.622113 	1.610318 	0.660019 	0.950329 	0.813941 	1.533175 	1.454734 	0.863496 	0.910014 	1.386092 	0.977880 	1.375909 	0.972432 	1.095730 	1.107362 	1.400892 	1.054751 	1.125000 	1.435705 	1.439618 	1.442654 	1.500208 	1.457738 	1.616516 	
0.901734 	9.000000 	1.903943 	1.468205 	1.012423 	1.820886 	0.577170 	2.070175 	0.503115 	0.270416 	1.315770 	1.202601 	1.745351 	0.625000 	2.059430 	0.849264 	0.937083 	0.704450 	0.555090 	2.140823 	0.450694 	0.436606 	0.761577 	2.007019 	0.982344 	1.865811 	0.831038 	0.735272 	0.809707 	0.806226 	1.054751 	0.704450 	0.818917 	0.775403 	0.770146 	1.480709 	1.570430 	0.887764 	1.191900 	0.960469 	1.350926 	1.202081 	1.226020 	1.044330 	1.551813 	1.550806 	1.149184 	1.359458 	1.475847 	1.457738 	1.533175 	1.677051 	
2.765976 	1.903943 	9.000000 	3.323120 	2.906888 	3.661028 	2.479037 	3.885630 	1.554228 	1.971199 	0.728869 	0.878208 	3.618874 	2.490607 	3.793580 	2.701157 	2.791169 	1.202601 	2.397003 	3.986932 	2.183031 	1.956560 	1.450862 	3.871773 	2.879236 	3.749166 	1.525820 	2.505619 	1.625769 	1.650757 	2.926175 	2.412727 	2.614025 	1.775176 	1.925000 	3.367863 	3.462838 	2.225000 	2.976260 	2.350000 	3.178050 	2.927456 	2.952224 	2.450128 	3.401562 	3.373426 	2.575485 	2.900108 	3.076626 	3.000000 	3.152479 	3.250000 	
0.566789 	1.468205 	3.323120 	9.000000 	0.503115 	0.355317 	0.977880 	0.617454 	1.947434 	1.535008 	2.782198 	2.670791 	0.309233 	1.096586 	0.726722 	0.625000 	0.535023 	2.155371 	1.196349 	0.672681 	1.432655 	1.664332 	2.186464 	0.548862 	0.760345 	0.456207 	2.220360 	1.281113 	2.163331 	2.149564 	0.900347 	1.399330 	1.206752 	2.062311 	1.967867 	0.794119 	0.770146 	1.850000 	1.204159 	1.813319 	1.085415 	1.352082 	1.353699 	1.814180 	1.039832 	1.152443 	1.817278 	1.726630 	1.668832 	1.758728 	1.657181 	1.800868 	
0.213600 	1.012423 	2.906888 	0.503115 	9.000000 	0.853302 	0.480234 	1.119431 	1.468205 	1.044330 	2.325135 	2.205958 	0.742462 	0.594243 	1.206752 	0.285044 	0.235850 	1.715007 	0.693271 	1.155692 	0.930390 	1.165386 	1.698529 	1.007782 	0.316228 	0.855132 	1.725724 	0.789383 	1.665270 	1.650757 	0.492443 	0.903466 	0.726722 	1.560849 	1.464795 	0.650000 	0.697316 	1.353006 	0.817389 	1.323820 	0.781025 	0.948683 	0.956883 	1.333464 	0.845946 	0.921954 	1.350231 	1.309819 	1.290591 	1.360147 	1.297353 	1.453444 	
0.919239 	1.820886 	3.661028 	0.355317 	0.853302 	9.000000 	1.331353 	0.269258 	2.302444 	1.890106 	3.132990 	3.023347 	0.213600 	1.442654 	0.482830 	0.973717 	0.884590 	2.503123 	1.544345 	0.325960 	1.783606 	2.017734 	2.541776 	0.250000 	1.083109 	0.301040 	2.575121 	1.615549 	2.517191 	2.503123 	1.201301 	1.736555 	1.533786 	2.414151 	2.316517 	0.986471 	0.927699 	2.186607 	1.480287 	2.142574 	1.325943 	1.631908 	1.629801 	2.136001 	1.225765 	1.348379 	2.128673 	2.005617 	1.925162 	2.025617 	1.902630 	2.034853 	
0.460977 	0.577170 	2.479037 	0.977880 	0.480234 	1.331353 	9.000000 	1.595306 	0.995615 	0.565685 	1.865643 	1.740869 	1.220912 	0.190394 	1.653217 	0.450694 	0.509902 	1.276959 	0.250000 	1.635925 	0.459619 	0.686477 	1.219887 	1.486607 	0.406971 	1.326885 	1.245492 	0.427200 	1.185854 	1.171804 	0.505594 	0.505594 	0.430116 	1.085415 	0.998123 	0.908639 	0.995301 	0.928036 	0.728869 	0.926350 	0.831038 	0.797261 	0.816241 	0.961769 	1.004987 	1.025000 	1.013040 	1.081665 	1.131923 	1.160011 	1.167262 	1.325943 	
1.171538 	2.070175 	3.885630 	0.617454 	1.119431 	0.269258 	1.595306 	9.000000 	2.557587 	2.150581 	3.376851 	3.270799 	0.450694 	1.710629 	0.340037 	1.220912 	1.133578 	2.742832 	1.811767 	0.190394 	2.049695 	2.281721 	2.800112 	0.291548 	1.352082 	0.467039 	2.836591 	1.884808 	2.780513 	2.766880 	1.467353 	2.005773 	1.802776 	2.679669 	2.583844 	1.226020 	1.156774 	2.455860 	1.739612 	2.411561 	1.575794 	1.891593 	1.888452 	2.404163 	1.457738 	1.582127 	2.395047 	2.263846 	2.176293 	2.279940 	2.150000 	2.277197 	
1.386092 	0.503115 	1.554228 	1.947434 	1.468205 	2.302444 	0.995615 	2.557587 	9.000000 	0.437321 	0.883530 	0.750417 	2.210345 	0.961769 	2.559907 	1.340009 	1.425219 	0.419076 	0.860959 	2.617250 	0.632456 	0.403113 	0.261008 	2.475126 	1.367708 	2.321234 	0.350000 	0.951972 	0.364006 	0.371652 	1.388569 	0.859142 	1.061249 	0.410031 	0.500000 	1.835245 	1.934716 	0.761577 	1.422146 	0.877853 	1.625000 	1.378632 	1.403567 	0.980434 	1.851013 	1.819512 	1.106797 	1.402230 	1.562850 	1.505199 	1.634396 	1.750893 	
0.986154 	0.270416 	1.971199 	1.535008 	1.044330 	1.890106 	0.565685 	2.150581 	0.437321 	9.000000 	1.319327 	1.187697 	1.786232 	0.525595 	2.180166 	0.950329 	1.029563 	0.781425 	0.427200 	2.199148 	0.226385 	0.176777 	0.654313 	2.051828 	0.930390 	1.892254 	0.686477 	0.550000 	0.637377 	0.626997 	0.956883 	0.485412 	0.651920 	0.564026 	0.525595 	1.402007 	1.500208 	0.617454 	1.025305 	0.691466 	1.212693 	1.007782 	1.032594 	0.777817 	1.431782 	1.410895 	0.886707 	1.118034 	1.249500 	1.218862 	1.312441 	1.448491 	
2.215429 	1.315770 	0.728869 	2.782198 	2.325135 	3.132990 	1.865643 	3.376851 	0.883530 	1.319327 	9.000000 	0.150000 	3.061046 	1.844756 	3.335416 	2.159282 	2.248472 	0.640312 	1.744456 	3.454797 	1.513481 	1.273038 	0.735697 	3.322744 	2.248611 	3.180016 	0.800391 	1.826369 	0.900347 	0.925338 	2.271838 	1.724094 	1.937298 	1.051190 	1.202341 	2.718685 	2.818244 	1.501874 	2.287056 	1.626730 	2.498250 	2.226264 	2.250694 	1.725724 	2.727751 	2.689098 	1.850169 	2.177298 	2.356507 	2.276236 	2.433233 	2.526114 	
2.104311 	1.202601 	0.878208 	2.670791 	2.205958 	3.023347 	1.740869 	3.270799 	0.750417 	1.187697 	0.150000 	9.000000 	2.944911 	1.711907 	3.240756 	2.050610 	2.139071 	0.559017 	1.610318 	3.343370 	1.375909 	1.132751 	0.588430 	3.207900 	2.118077 	3.061046 	0.650481 	1.685416 	0.750417 	0.775403 	2.135708 	1.581139 	1.796698 	0.901388 	1.052675 	2.582876 	2.683281 	1.352082 	2.143158 	1.476906 	2.356109 	2.079964 	2.104311 	1.575794 	2.586624 	2.545830 	1.700184 	2.027468 	2.206949 	2.126323 	2.283774 	2.376184 	
0.853302 	1.745351 	3.618874 	0.309233 	0.742462 	0.213600 	1.220912 	0.450694 	2.210345 	1.786232 	3.061046 	2.944911 	9.000000 	1.310773 	0.696419 	0.917878 	0.828025 	2.441311 	1.415318 	0.425000 	1.660007 	1.901480 	2.440543 	0.265754 	0.928036 	0.150000 	2.464878 	1.464795 	2.401172 	2.385634 	1.027740 	1.588238 	1.375909 	2.290196 	2.184176 	0.778621 	0.715891 	2.034853 	1.290591 	1.982738 	1.125278 	1.442654 	1.438967 	1.969296 	1.015197 	1.138530 	1.954002 	1.814008 	1.725724 	1.829276 	1.700184 	1.829276 	
0.625500 	0.625000 	2.490607 	1.096586 	0.594243 	1.442654 	0.190394 	1.710629 	0.961769 	0.525595 	1.844756 	1.711907 	1.310773 	9.000000 	1.796003 	0.626997 	0.675463 	1.291559 	0.106066 	1.733494 	0.353553 	0.602080 	1.160011 	1.575198 	0.410031 	1.402007 	1.167262 	0.237171 	1.096586 	1.079641 	0.436606 	0.325000 	0.247487 	0.980115 	0.874643 	0.877853 	0.975000 	0.764853 	0.585235 	0.750417 	0.726722 	0.630971 	0.651920 	0.778621 	0.928036 	0.926350 	0.824621 	0.895126 	0.955249 	0.976281 	0.995615 	1.152443 	
1.198176 	2.059430 	3.793580 	0.726722 	1.206752 	0.482830 	1.653217 	0.340037 	2.559907 	2.180166 	3.335416 	3.240756 	0.696419 	1.796003 	9.000000 	1.229837 	1.152443 	2.695366 	1.889610 	0.527376 	2.112611 	2.327687 	2.812694 	0.618971 	1.485345 	0.763217 	2.863237 	1.995777 	2.817468 	2.806466 	1.626730 	2.110095 	1.927596 	2.731300 	2.651061 	1.461592 	1.408013 	2.558930 	1.925649 	2.530069 	1.789204 	2.075151 	2.075602 	2.535868 	1.703856 	1.825171 	2.542759 	2.450128 	2.383406 	2.478155 	2.366036 	2.503248 	
0.075000 	0.849264 	2.701157 	0.625000 	0.285044 	0.973717 	0.450694 	1.220912 	1.340009 	0.950329 	2.159282 	2.050610 	0.917878 	0.626997 	1.229837 	9.000000 	0.090139 	1.530523 	0.700446 	1.296389 	0.897566 	1.100284 	1.587844 	1.171804 	0.530330 	1.051190 	1.634205 	0.859142 	1.587648 	1.576785 	0.707990 	0.951315 	0.831038 	1.504161 	1.432000 	0.933408 	0.982344 	1.378632 	1.020110 	1.375227 	1.027740 	1.131923 	1.144825 	1.405569 	1.119431 	1.185854 	1.446764 	1.467353 	1.479231 	1.531747 	1.497707 	1.657181 	
0.050000 	0.937083 	2.791169 	0.535023 	0.235850 	0.884590 	0.509902 	1.133578 	1.425219 	1.029563 	2.248472 	2.139071 	0.828025 	0.675463 	1.152443 	0.090139 	9.000000 	1.620378 	0.756637 	1.206752 	0.965013 	1.175266 	1.671264 	1.081665 	0.520216 	0.962094 	1.715007 	0.901388 	1.666208 	1.654728 	0.700446 	1.000312 	0.863134 	1.578963 	1.502082 	0.883530 	0.925000 	1.435705 	1.020416 	1.425877 	1.007782 	1.140449 	1.151629 	1.450862 	1.081665 	1.155692 	1.485345 	1.486607 	1.487027 	1.546165 	1.500833 	1.659254 	
1.590008 	0.704450 	1.202601 	2.155371 	1.715007 	2.503123 	1.276959 	2.742832 	0.419076 	0.781425 	0.640312 	0.559017 	2.441311 	1.291559 	2.695366 	1.530523 	1.620378 	9.000000 	1.201301 	2.826769 	1.002809 	0.803508 	0.496236 	2.700116 	1.676678 	2.565638 	0.620987 	1.328768 	0.689656 	0.707990 	1.728077 	1.250000 	1.432873 	0.790569 	0.905883 	2.167083 	2.261084 	1.179248 	1.804335 	1.296630 	1.994054 	1.775176 	1.800174 	1.399330 	2.211476 	2.192316 	1.525820 	1.819512 	1.976898 	1.922563 	2.047101 	2.167083 	
0.707107 	0.555090 	2.397003 	1.196349 	0.693271 	1.544345 	0.250000 	1.811767 	0.860959 	0.427200 	1.744456 	1.610318 	1.415318 	0.106066 	1.889610 	0.700446 	0.756637 	1.201301 	9.000000 	1.837457 	0.247487 	0.496236 	1.055047 	1.680030 	0.515388 	1.507689 	1.061249 	0.212132 	0.990581 	0.973717 	0.529741 	0.261008 	0.269258 	0.875000 	0.772172 	0.975000 	1.073837 	0.679154 	0.637377 	0.676849 	0.800391 	0.660019 	0.682825 	0.715891 	1.011187 	1.000312 	0.775403 	0.884590 	0.965013 	0.972432 	1.012423 	1.165386 	
