Total assets = 690
Number of asset nodes = 33

Distance:
999.000000 	1.000000 	10.630146 	41.725292 	17.204651 	31.906113 	54.488529 	51.088158 	36.891735 	93.021500 	41.231056 	66.850578 	4.123106 	35.468296 	94.302704 	53.000000 	12.041595 	83.240616 	45.000000 	61.773781 	71.449280 	21.213203 	96.020828 	87.458565 	15.033297 	38.183765 	74.966660 	66.730804 	97.416634 	88.090858 	42.059483 	69.354164 	96.400208 	19.235384 	36.400551 	57.801384 	90.785461 	29.966648 	23.345236 	18.601076 	92.021736 	26.172504 	108.811768 	27.166155 	62.433964 	30.016663 	
1.000000 	999.000000 	10.000000 	42.426407 	16.401220 	32.449963 	55.172459 	51.739735 	37.443291 	93.914856 	40.853397 	67.675697 	4.000000 	34.828148 	95.131485 	52.478565 	11.045361 	84.023804 	44.407207 	61.294373 	72.180328 	21.377558 	96.834908 	88.238312 	14.035668 	37.483330 	75.690155 	66.241982 	98.229324 	88.865067 	42.544094 	70.035706 	97.200821 	18.248287 	36.769554 	57.201397 	91.547798 	29.068884 	22.360680 	17.804493 	92.763138 	26.076809 	109.622078 	27.073973 	62.968246 	30.000000 	
10.630146 	10.000000 	999.000000 	52.345009 	7.280110 	42.438190 	65.115280 	61.717098 	47.434166 	102.956299 	31.320919 	77.201035 	7.211102 	24.839485 	104.623131 	42.544094 	8.602325 	93.723000 	34.409302 	51.429562 	82.036575 	30.675724 	106.400185 	97.948967 	10.630146 	27.586229 	85.562843 	56.356010 	107.800743 	98.595131 	52.478565 	79.981247 	106.826965 	13.000000 	46.518814 	47.201694 	101.316338 	20.615528 	16.492422 	20.615528 	102.591423 	34.234486 	119.201508 	35.227829 	72.945183 	38.470768 	
41.725292 	42.426407 	52.345009 	999.000000 	58.728188 	12.369317 	12.806249 	9.848858 	9.055386 	55.317268 	81.541397 	27.202942 	45.343136 	77.155685 	54.129475 	94.201912 	51.400391 	42.190044 	86.556343 	102.649887 	29.832869 	27.513634 	55.470715 	46.324940 	53.823788 	79.906197 	33.301651 	107.647575 	56.824291 	46.872166 	11.401754 	27.658634 	55.569775 	58.249462 	16.492422 	99.357941 	49.406479 	70.604530 	62.128899 	47.927029 	50.447994 	32.249031 	68.095520 	32.140316 	23.345236 	30.000000 	
17.204651 	16.401220 	7.280110 	58.728188 	999.000000 	48.270073 	71.421288 	67.896980 	53.263496 	110.059074 	28.071337 	84.053551 	14.317822 	19.235384 	111.503365 	37.696156 	9.219544 	100.424103 	29.068884 	46.818798 	88.526833 	35.355339 	113.225441 	104.637466 	9.055386 	21.400934 	92.021736 	51.623638 	114.621117 	105.261581 	58.008621 	86.267029 	113.600174 	8.602325 	51.623638 	41.677334 	107.935165 	13.341664 	10.816654 	21.023796 	109.123779 	37.643059 	126.015869 	38.600517 	78.600258 	42.059483 	
31.906113 	32.449963 	42.438190 	12.369317 	48.270073 	999.000000 	23.853722 	20.000000 	5.000000 	67.683083 	72.897186 	39.560081 	35.846897 	67.201187 	66.309875 	84.905830 	40.311287 	54.120235 	76.843994 	93.648277 	41.340054 	15.231546 	67.542580 	58.180752 	42.520584 	69.656296 	44.654228 	98.615417 	68.876701 	58.668560 	10.440307 	38.418747 	67.535179 	46.861500 	8.062258 	89.627007 	61.057350 	59.464275 	50.606323 	35.777088 	61.854668 	20.024984 	80.062477 	20.000000 	30.528675 	18.248287 	
54.488529 	55.172459 	65.115280 	12.806249 	71.421288 	23.853722 	999.000000 	4.123106 	19.235384 	46.043457 	94.302704 	18.110771 	58.137768 	89.938866 	43.011627 	107.004669 	63.890530 	30.463093 	99.357941 	115.433968 	17.492855 	38.948685 	44.011364 	34.438351 	66.219330 	92.655273 	20.808653 	120.432556 	45.310043 	34.885529 	17.262676 	14.866069 	43.863426 	70.604530 	24.738634 	112.160599 	37.215588 	83.096329 	74.404305 	59.539902 	38.013157 	42.379242 	56.364883 	42.059483 	13.601471 	39.293766 	
51.088158 	51.739735 	61.717098 	9.848858 	67.896980 	20.000000 	4.123106 	999.000000 	15.264338 	50.089920 	91.268837 	22.022715 	54.817879 	86.556343 	47.127487 	103.812332 	60.207973 	34.539833 	96.046867 	112.329872 	21.470911 	34.985710 	48.104053 	38.483765 	62.481998 	89.196411 	24.698177 	117.324333 	49.396355 	38.910152 	13.152946 	18.439089 	47.927029 	66.843102 	20.615528 	108.853111 	41.182522 	79.397736 	70.604530 	55.569775 	41.880783 	38.275318 	60.415230 	37.947330 	14.000000 	35.171009 	
36.891735 	37.443291 	47.434166 	9.055386 	53.263496 	5.000000 	19.235384 	15.264338 	999.000000 	63.953106 	77.826729 	35.693138 	40.816662 	72.201111 	62.032249 	89.888817 	45.254833 	49.658836 	81.841309 	98.615417 	36.715118 	19.723083 	63.158531 	53.665630 	47.423622 	74.652527 	39.962482 	103.585716 	64.474800 	54.120235 	6.000000 	33.600594 	63.071388 	51.739735 	7.615773 	94.625580 	56.435802 	64.381676 	55.443665 	40.311287 	57.140179 	23.537205 	75.584389 	23.345236 	25.553865 	21.023796 	
93.021500 	93.914856 	102.956299 	55.317268 	110.059074 	67.683083 	46.043457 	50.089920 	63.953106 	999.000000 	127.283150 	28.284271 	95.770561 	126.479248 	12.083046 	141.031906 	104.278473 	20.591261 	134.848068 	148.273392 	31.780497 	82.710335 	14.866069 	19.849434 	107.018692 	129.849915 	30.675724 	153.153519 	15.524175 	20.518284 	63.198101 	37.107952 	17.088007 	111.485428 	70.455658 	147.200546 	22.022715 	122.983742 	115.550858 	102.786186 	25.000000 	87.475708 	22.561028 	87.298340 	51.195702 	84.852814 	
41.231056 	40.853397 	31.320919 	81.541397 	28.071337 	72.897186 	94.302704 	91.268837 	77.826729 	127.283150 	999.000000 	104.004807 	37.161808 	13.038404 	130.831955 	13.892444 	37.215588 	121.082619 	11.180340 	21.260292 	110.421921 	61.983868 	132.936081 	125.319588 	37.013512 	15.556349 	114.017540 	26.248810 	134.350296 	126.063477 	83.192551 	109.041275 	133.660019 	35.128338 	77.620872 	20.615528 	128.972870 	27.313000 	34.713108 	49.010204 	130.598618 	65.306969 	145.670868 	66.287254 	103.353760 	69.634758 	
66.850578 	67.675697 	77.201035 	27.202942 	84.053551 	39.560081 	18.110771 	22.022715 	35.693138 	28.284271 	104.004807 	999.000000 	70.000000 	101.533249 	27.459061 	117.379723 	77.524193 	17.204651 	110.453613 	125.255737 	11.401754 	54.708317 	29.206163 	21.400934 	80.131142 	104.637466 	14.035668 	130.230560 	30.610456 	22.203604 	35.014282 	15.264338 	29.732138 	84.599052 	42.190044 	123.109711 	25.238859 	96.566040 	88.588936 	75.026665 	27.294687 	59.228371 	42.011902 	59.033890 	26.627054 	56.568542 	
4.123106 	4.000000 	7.211102 	45.343136 	14.317822 	35.846897 	58.137768 	54.817879 	40.816662 	95.770561 	37.161808 	70.000000 	999.000000 	31.827662 	97.416634 	49.091751 	11.401754 	86.556343 	41.231056 	57.801384 	74.953316 	25.317978 	99.201813 	90.785461 	14.317822 	34.713108 	78.492035 	62.769421 	100.603180 	91.438507 	46.065170 	73.000000 	99.639351 	18.027756 	40.496914 	54.037025 	94.175369 	27.513634 	22.000000 	20.518284 	95.482986 	30.066593 	112.004463 	31.064449 	66.370171 	34.000000 	
35.468296 	34.828148 	24.839485 	77.155685 	19.235384 	67.201187 	89.938866 	86.556343 	72.201111 	126.479248 	13.038404 	101.533249 	31.827662 	999.000000 	128.844864 	18.681541 	28.231188 	118.258194 	9.848858 	27.892651 	106.775467 	54.589375 	130.728729 	122.494896 	27.202942 	4.000000 	110.317726 	32.572994 	132.136292 	123.166557 	77.103828 	104.804581 	131.244049 	24.331051 	70.830788 	22.472204 	125.936493 	14.560220 	23.000000 	38.832977 	127.287079 	56.648037 	143.533966 	57.584721 	97.652443 	61.098282 	
94.302704 	95.131485 	104.623131 	54.129475 	111.503365 	66.309875 	43.011627 	47.127487 	62.032249 	12.083046 	130.831955 	27.459061 	97.416634 	128.844864 	999.000000 	144.360657 	104.957130 	13.038404 	137.644470 	152.029602 	26.305893 	81.541397 	3.000000 	10.198039 	107.540688 	132.003784 	24.020824 	156.977707 	4.123106 	10.440307 	60.166435 	31.064449 	5.099020 	112.004463 	67.720009 	150.233154 	10.816654 	124.020157 	115.974136 	102.044106 	13.453624 	85.381500 	14.866069 	85.070557 	45.000000 	82.280006 	
53.000000 	52.478565 	42.544094 	94.201912 	37.696156 	84.905830 	107.004669 	103.812332 	89.888817 	141.031906 	13.892444 	117.379723 	49.091751 	18.681541 	144.360657 	999.000000 	46.818798 	134.380051 	9.055386 	9.219544 	123.434196 	72.917763 	146.413803 	138.621780 	45.880280 	18.027756 	127.015747 	13.928389 	147.827606 	139.344894 	95.015785 	121.823647 	147.085007 	42.953465 	89.005615 	7.071068 	142.214630 	32.015621 	41.303753 	57.489128 	143.753265 	75.272835 	159.176010 	76.216797 	115.433968 	79.711983 	
12.041595 	11.045361 	8.602325 	51.400391 	9.219544 	40.311287 	63.890530 	60.207973 	45.254833 	104.278473 	37.215588 	77.524193 	11.401754 	28.231188 	104.957130 	46.818798 	999.000000 	93.477272 	38.078865 	55.973209 	81.215759 	26.627054 	106.531685 	97.652443 	3.000000 	30.016663 	84.646324 	60.745369 	107.912003 	98.229324 	49.678970 	78.644768 	106.780151 	7.280110 	43.011627 	50.537113 	100.801788 	19.209373 	11.401754 	12.369317 	101.828285 	28.460499 	119.268608 	29.410883 	70.292244 	32.893768 	
83.240616 	84.023804 	93.723000 	42.190044 	100.424103 	54.120235 	30.463093 	34.539833 	49.658836 	20.591261 	121.082619 	17.204651 	86.556343 	118.258194 	13.038404 	134.380051 	93.477272 	999.000000 	127.310646 	142.341141 	13.341664 	69.318108 	13.601471 	4.242640 	95.963531 	121.264175 	11.000000 	147.322769 	14.866069 	5.000000 	47.434166 	18.027756 	13.416408 	100.404182 	55.027267 	140.014282 	8.062258 	112.645462 	104.307236 	89.894379 	10.440307 	72.801102 	25.942244 	72.449982 	32.015621 	69.570107 	
45.000000 	44.407207 	34.409302 	86.556343 	29.068884 	76.843994 	99.357941 	96.046867 	81.841309 	134.848068 	11.180340 	110.453613 	41.231056 	9.848858 	137.644470 	9.055386 	38.078865 	127.310646 	999.000000 	18.248287 	116.043098 	64.412735 	139.603012 	131.552277 	37.000000 	9.000000 	119.603508 	22.803509 	141.014191 	132.245987 	86.821655 	114.214706 	140.185593 	33.955853 	80.622574 	12.806249 	135.059250 	23.000000 	32.249031 	48.507732 	136.488098 	66.483078 	152.397507 	67.416618 	107.335922 	70.936592 	
61.773781 	61.294373 	51.429562 	102.649887 	46.818798 	93.648277 	115.433968 	112.329872 	98.615417 	148.273392 	21.260292 	125.255737 	57.801384 	27.892651 	152.029602 	9.219544 	55.973209 	142.341141 	18.248287 	999.000000 	131.654846 	81.939003 	154.155762 	146.577621 	55.081757 	27.166155 	135.247925 	5.000000 	155.569916 	147.322769 	103.831596 	130.207520 	154.896744 	52.172791 	97.943863 	9.433981 	150.233154 	41.109608 	50.487621 	66.708321 	151.855194 	84.433403 	166.877197 	85.381500 	124.169243 	88.865067 	
71.449280 	72.180328 	82.036575 	29.832869 	88.526833 	41.340054 	17.492855 	21.470911 	36.715118 	31.780497 	110.421921 	11.401754 	74.953316 	106.775467 	26.305893 	123.434196 	81.215759 	13.341664 	116.043098 	131.654846 	999.000000 	56.435802 	26.925823 	17.088007 	83.600243 	109.622078 	3.605551 	136.652847 	28.160255 	17.464249 	34.176014 	5.385165 	26.570660 	88.005684 	41.785164 	128.817703 	19.723083 	100.424103 	91.836815 	77.025970 	20.615528 	59.615433 	39.000000 	59.236813 	19.416489 	56.302753 	
21.213203 	21.377558 	30.675724 	27.513634 	35.355339 	15.231546 	38.948685 	34.985710 	19.723083 	82.710335 	61.983868 	54.708317 	25.317978 	54.589375 	81.541397 	72.917763 	26.627054 	69.318108 	64.412735 	81.939003 	56.435802 	999.000000 	82.764725 	73.355301 	28.425341 	56.603886 	59.682495 	86.815895 	84.095184 	73.824112 	23.345236 	53.254108 	82.734512 	32.557640 	16.401220 	77.025970 	76.157730 	45.343136 	36.069378 	20.591261 	76.850502 	7.810250 	95.257545 	8.485281 	43.863426 	9.848858 	
96.020828 	96.834908 	106.400185 	55.470715 	113.225441 	67.542580 	44.011364 	48.104053 	63.158531 	14.866069 	132.936081 	29.206163 	99.201813 	130.728729 	3.000000 	146.413803 	106.531685 	13.601471 	139.603012 	154.155762 	26.925823 	82.764725 	999.000000 	10.049875 	109.077957 	133.843185 	24.331051 	159.113174 	1.414214 	10.000000 	61.032780 	31.400637 	2.236068 	113.534134 	68.622154 	152.226807 	9.486833 	125.642349 	117.477661 	103.315056 	11.661903 	86.377083 	12.806249 	86.034874 	45.099888 	83.168503 	
87.458565 	88.238312 	97.948967 	46.324940 	104.637466 	58.180752 	34.438351 	38.483765 	53.665630 	19.849434 	125.319588 	21.400934 	90.785461 	122.494896 	10.198039 	138.621780 	97.652443 	4.242640 	131.552277 	146.577621 	17.088007 	73.355301 	10.049875 	999.000000 	100.124924 	125.495018 	14.317822 	151.558563 	11.180340 	1.000000 	51.264023 	21.377558 	9.486833 	104.560989 	58.872746 	144.256714 	4.123106 	116.828934 	108.452751 	93.941475 	7.000000 	76.694199 	21.931713 	76.321686 	35.057095 	73.389374 	
15.033297 	14.035668 	10.630146 	53.823788 	9.055386 	42.520584 	66.219330 	62.481998 	47.423622 	107.018692 	37.013512 	80.131142 	14.317822 	27.202942 	107.540688 	45.880280 	3.000000 	95.963531 	37.000000 	55.081757 	83.600243 	28.425341 	109.077957 	100.124924 	999.000000 	28.635643 	87.005745 	59.774578 	110.453613 	100.687637 	51.662365 	80.919716 	109.293182 	4.472136 	44.821869 	49.244289 	103.227905 	16.970562 	8.544003 	12.000000 	104.201729 	29.546574 	121.794907 	30.463093 	72.249565 	34.014702 	
38.183765 	37.483330 	27.586229 	79.906197 	21.400934 	69.656296 	92.655273 	89.196411 	74.652527 	129.849915 	15.556349 	104.637466 	34.713108 	4.000000 	132.003784 	18.027756 	30.016663 	121.264175 	9.000000 	27.166155 	109.622078 	56.603886 	133.843185 	125.495018 	28.635643 	999.000000 	113.145920 	31.575306 	135.247925 	126.150703 	79.404030 	107.517441 	134.316788 	25.298222 	72.945183 	20.615528 	128.887543 	14.000000 	23.345236 	39.849716 	130.176804 	58.180752 	146.649246 	59.093147 	100.000000 	62.649822 	
74.966660 	75.690155 	85.562843 	33.301651 	92.021736 	44.654228 	20.808653 	24.698177 	39.962482 	30.675724 	114.017540 	14.035668 	78.492035 	110.317726 	24.020824 	127.015747 	84.646324 	11.000000 	119.603508 	135.247925 	3.605551 	59.682495 	24.331051 	14.317822 	87.005745 	113.145920 	999.000000 	140.246216 	25.495098 	14.560220 	37.161808 	7.071068 	23.769728 	91.400215 	44.777225 	132.382019 	16.552946 	103.855667 	95.210297 	80.262070 	17.204651 	62.649822 	36.055511 	62.241467 	21.023796 	59.236813 	
66.730804 	66.241982 	56.356010 	107.647575 	51.623638 	98.615417 	120.432556 	117.324333 	103.585716 	153.153519 	26.248810 	130.230560 	62.769421 	32.572994 	156.977707 	13.928389 	60.745369 	147.322769 	22.803509 	5.000000 	136.652847 	86.815895 	159.113174 	151.558563 	59.774578 	31.575306 	140.246216 	999.000000 	160.527252 	152.305618 	108.784187 	135.207245 	159.862442 	56.753853 	102.859123 	12.165525 	155.219193 	45.398239 	54.918121 	71.309189 	156.847061 	89.196411 	171.828400 	90.138779 	129.139465 	93.637596 	
97.416634 	98.229324 	107.800743 	56.824291 	114.621117 	68.876701 	45.310043 	49.396355 	64.474800 	15.524175 	134.350296 	30.610456 	100.603180 	132.136292 	4.123106 	147.827606 	107.912003 	14.866069 	141.014191 	155.569916 	28.160255 	84.095184 	1.414214 	11.180340 	110.453613 	135.247925 	25.495098 	160.527252 	999.000000 	11.045361 	62.297672 	32.557640 	2.236068 	114.908661 	69.892776 	153.639191 	10.198039 	127.027557 	118.848640 	104.651802 	12.083046 	87.664131 	11.401754 	87.315521 	46.173584 	84.433403 	
88.090858 	88.865067 	98.595131 	46.872166 	105.261581 	58.668560 	34.885529 	38.910152 	54.120235 	20.518284 	126.063477 	22.203604 	91.438507 	123.166557 	10.440307 	139.344894 	98.229324 	5.000000 	132.245987 	147.322769 	17.464249 	73.824112 	10.000000 	1.000000 	100.687637 	126.150703 	14.560220 	152.305618 	11.045361 	999.000000 	51.623638 	21.587032 	9.219544 	105.118980 	59.236813 	144.958618 	3.162278 	117.413795 	109.000000 	94.413979 	6.000000 	77.077881 	21.540659 	76.694199 	35.128338 	73.736015 	
42.059483 	42.544094 	52.478565 	11.401754 	58.008621 	10.440307 	17.262676 	13.152946 	6.000000 	63.198101 	83.192551 	35.014282 	46.065170 	77.103828 	60.166435 	95.015785 	49.678970 	47.434166 	86.821655 	103.831596 	34.176014 	23.345236 	61.032780 	51.264023 	51.662365 	79.404030 	37.161808 	108.784187 	62.297672 	51.623638 	999.000000 	30.413813 	60.745369 	55.865910 	7.615773 	99.569069 	53.712196 	68.622154 	59.413803 	43.600460 	54.120235 	25.495098 	73.164200 	25.079872 	20.615528 	22.135944 	
69.354164 	70.035706 	79.981247 	27.658634 	86.267029 	38.418747 	14.866069 	18.439089 	33.600594 	37.107952 	109.041275 	15.264338 	73.000000 	104.804581 	31.064449 	121.823647 	78.644768 	18.027756 	114.214706 	130.207520 	5.385165 	53.254108 	31.400637 	21.377558 	80.919716 	107.517441 	7.071068 	135.207245 	32.557640 	21.587032 	30.413813 	999.000000 	30.805843 	85.276024 	38.013157 	127.015747 	23.409399 	97.836601 	89.022469 	73.783470 	23.706539 	55.901699 	43.011627 	55.461697 	14.142136 	52.392746 	
96.400208 	97.200821 	106.826965 	55.569775 	113.600174 	67.535179 	43.863426 	47.927029 	63.071388 	17.088007 	133.660019 	29.732138 	99.639351 	131.244049 	5.099020 	147.085007 	106.780151 	13.416408 	140.185593 	154.896744 	26.570660 	82.734512 	2.236068 	9.486833 	109.293182 	134.316788 	23.769728 	159.862442 	2.236068 	9.219544 	60.745369 	30.805843 	999.000000 	113.740936 	68.352028 	152.839783 	8.062258 	125.924583 	117.660530 	103.310211 	9.848858 	86.162636 	12.529964 	85.796272 	44.283180 	82.873398 	
19.235384 	18.248287 	13.000000 	58.249462 	8.602325 	46.861500 	70.604530 	66.843102 	51.739735 	111.485428 	35.128338 	84.599052 	18.027756 	24.331051 	112.004463 	42.953465 	7.280110 	100.404182 	33.955853 	52.172791 	88.005684 	32.557640 	113.534134 	104.560989 	4.472136 	25.298222 	91.400215 	56.753853 	114.908661 	105.118980 	55.865910 	85.276024 	113.740936 	999.000000 	48.918301 	45.880280 	107.647575 	12.806249 	4.123106 	14.560220 	108.600182 	33.120991 	126.245789 	34.000000 	76.419891 	37.589893 	
36.400551 	36.769554 	46.518814 	16.492422 	51.623638 	8.062258 	24.738634 	20.615528 	7.615773 	70.455658 	77.620872 	42.190044 	40.496914 	70.830788 	67.720009 	89.005615 	43.011627 	55.027267 	80.622574 	97.943863 	41.785164 	16.401220 	68.622154 	58.872746 	44.821869 	72.945183 	44.777225 	102.859123 	69.892776 	59.236813 	7.615773 	38.013157 	68.352028 	48.918301 	999.000000 	93.295227 	61.326992 	61.717098 	52.345009 	36.235340 	61.717098 	17.888544 	80.777473 	17.464249 	27.586229 	14.560220 	
57.801384 	57.201397 	47.201694 	99.357941 	41.677334 	89.627007 	112.160599 	108.853111 	94.625580 	147.200546 	20.615528 	123.109711 	54.037025 	22.472204 	150.233154 	7.071068 	50.537113 	140.014282 	12.806249 	9.433981 	128.817703 	77.025970 	152.226807 	144.256714 	49.244289 	20.615528 	132.382019 	12.165525 	153.639191 	144.958618 	99.569069 	127.015747 	152.839783 	45.880280 	93.295227 	999.000000 	147.787003 	33.955853 	43.680660 	60.406952 	149.241409 	78.790863 	165.012115 	79.705711 	120.104118 	83.258636 	
90.785461 	91.547798 	101.316338 	49.406479 	107.935165 	61.057350 	37.215588 	41.182522 	56.435802 	22.022715 	128.972870 	25.238859 	94.175369 	125.936493 	10.816654 	142.214630 	100.801788 	8.062258 	135.059250 	150.233154 	19.723083 	76.157730 	9.486833 	4.123106 	103.227905 	128.887543 	16.552946 	155.219193 	10.198039 	3.162278 	53.712196 	23.409399 	8.062258 	107.647575 	61.326992 	147.787003 	999.000000 	120.000000 	111.503365 	96.747093 	3.162278 	79.202271 	19.646883 	78.790863 	36.496574 	75.769386 	
29.966648 	29.068884 	20.615528 	70.604530 	13.341664 	59.464275 	83.096329 	79.397736 	64.381676 	122.983742 	27.313000 	96.566040 	27.513634 	14.560220 	124.020157 	32.015621 	19.209373 	112.645462 	23.000000 	41.109608 	100.424103 	45.343136 	125.642349 	116.828934 	16.970562 	14.000000 	103.855667 	45.398239 	127.027557 	117.413795 	68.622154 	97.836601 	125.924583 	12.806249 	61.717098 	33.955853 	120.000000 	999.000000 	9.848858 	26.832815 	121.037186 	45.793011 	138.397980 	46.647614 	89.196411 	50.249378 	
23.345236 	22.360680 	16.492422 	62.128899 	10.816654 	50.606323 	74.404305 	70.604530 	55.443665 	115.550858 	34.713108 	88.588936 	22.000000 	23.000000 	115.974136 	41.303753 	11.401754 	104.307236 	32.249031 	50.487621 	91.836815 	36.069378 	117.477661 	108.452751 	8.544003 	23.345236 	95.210297 	54.918121 	118.848640 	109.000000 	59.413803 	89.022469 	117.660530 	4.123106 	52.345009 	43.680660 	111.503365 	9.848858 	999.000000 	17.000000 	112.414413 	36.055511 	130.172958 	36.891735 	79.906197 	40.496914 	
18.601076 	17.804493 	20.615528 	47.927029 	21.023796 	35.777088 	59.539902 	55.569775 	40.311287 	102.786186 	49.010204 	75.026665 	20.518284 	38.832977 	102.044106 	57.489128 	12.369317 	89.894379 	48.507732 	66.708321 	77.025970 	20.591261 	103.315056 	93.941475 	12.000000 	39.849716 	80.262070 	71.309189 	104.651802 	94.413979 	43.600460 	73.783470 	103.310211 	14.560220 	36.235340 	60.406952 	96.747093 	26.832815 	17.000000 	999.000000 	97.416634 	19.209373 	115.836090 	20.000000 	63.780876 	23.600847 	
92.021736 	92.763138 	102.591423 	50.447994 	109.123779 	61.854668 	38.013157 	41.880783 	57.140179 	25.000000 	130.598618 	27.294687 	95.482986 	127.287079 	13.453624 	143.753265 	101.828285 	10.440307 	136.488098 	151.855194 	20.615528 	76.850502 	11.661903 	7.000000 	104.201729 	130.176804 	17.204651 	156.847061 	12.083046 	6.000000 	54.120235 	23.706539 	9.848858 	108.600182 	61.717098 	149.241409 	3.162278 	121.037186 	112.414413 	97.416634 	999.000000 	79.605278 	20.099751 	79.158073 	36.138622 	76.059189 	
26.172504 	26.076809 	34.234486 	32.249031 	37.643059 	20.024984 	42.379242 	38.275318 	23.537205 	87.475708 	65.306969 	59.228371 	30.066593 	56.648037 	85.381500 	75.272835 	28.460499 	72.801102 	66.483078 	84.433403 	59.615433 	7.810250 	86.377083 	76.694199 	29.546574 	58.180752 	62.649822 	89.196411 	87.664131 	77.077881 	25.495098 	55.901699 	86.162636 	33.120991 	17.888544 	78.790863 	79.202271 	45.793011 	36.055511 	19.209373 	79.605278 	999.000000 	98.615417 	1.000000 	45.000000 	4.472136 	
108.811768 	109.622078 	119.201508 	68.095520 	126.015869 	80.062477 	56.364883 	60.415230 	75.584389 	22.561028 	145.670868 	42.011902 	112.004463 	143.533966 	14.866069 	159.176010 	119.268608 	25.942244 	152.397507 	166.877197 	39.000000 	95.257545 	12.806249 	21.931713 	121.794907 	146.649246 	36.055511 	171.828400 	11.401754 	21.540659 	73.164200 	43.011627 	12.529964 	126.245789 	80.777473 	165.012115 	19.646883 	138.397980 	130.172958 	115.836090 	20.099751 	98.615417 	999.000000 	98.234413 	56.089214 	95.273293 	
27.166155 	27.073973 	35.227829 	32.140316 	38.600517 	20.000000 	42.059483 	37.947330 	23.345236 	87.298340 	66.287254 	59.033890 	31.064449 	57.584721 	85.070557 	76.216797 	29.410883 	72.449982 	67.416618 	85.381500 	59.236813 	8.485281 	86.034874 	76.321686 	30.463093 	59.093147 	62.241467 	90.138779 	87.315521 	76.694199 	25.079872 	55.461697 	85.796272 	34.000000 	17.464249 	79.705711 	78.790863 	46.647614 	36.891735 	20.000000 	79.158073 	1.000000 	98.234413 	999.000000 	44.407207 	3.605551 	
62.433964 	62.968246 	72.945183 	23.345236 	78.600258 	30.528675 	13.601471 	14.000000 	25.553865 	51.195702 	103.353760 	26.627054 	66.370171 	97.652443 	45.000000 	115.433968 	70.292244 	32.015621 	107.335922 	124.169243 	19.416489 	43.863426 	45.099888 	35.057095 	72.249565 	100.000000 	21.023796 	129.139465 	46.173584 	35.128338 	20.615528 	14.142136 	44.283180 	76.419891 	27.586229 	120.104118 	36.496574 	89.196411 	79.906197 	63.780876 	36.138622 	45.000000 	56.089214 	44.407207 	999.000000 	41.048752 	
30.016663 	30.000000 	38.470768 	30.000000 	42.059483 	18.248287 	39.293766 	35.171009 	21.023796 	84.852814 	69.634758 	56.568542 	34.000000 	61.098282 	82.280006 	79.711983 	32.893768 	69.570107 	70.936592 	88.865067 	56.302753 	9.848858 	83.168503 	73.389374 	34.014702 	62.649822 	59.236813 	93.637596 	84.433403 	73.736015 	22.135944 	52.392746 	82.873398 	37.589893 	14.560220 	83.258636 	75.769386 	50.249378 	40.496914 	23.600847 	76.059189 	4.472136 	95.273293 	3.605551 	41.048752 	999.000000 	

Travel time:
9.000000 	0.025000 	0.265754 	1.043132 	0.430116 	0.797653 	1.362213 	1.277204 	0.922293 	2.325537 	1.030776 	1.671264 	0.103078 	0.886707 	2.357568 	1.325000 	0.301040 	2.081015 	1.125000 	1.544345 	1.786232 	0.530330 	2.400521 	2.186464 	0.375832 	0.954594 	1.874166 	1.668270 	2.435416 	2.202271 	1.051487 	1.733854 	2.410005 	0.480885 	0.910014 	1.445035 	2.269637 	0.749166 	0.583631 	0.465027 	2.300543 	0.654313 	2.720294 	0.679154 	1.560849 	0.750417 	
0.025000 	9.000000 	0.250000 	1.060660 	0.410031 	0.811249 	1.379311 	1.293493 	0.936082 	2.347871 	1.021335 	1.691892 	0.100000 	0.870704 	2.378287 	1.311964 	0.276134 	2.100595 	1.110180 	1.532359 	1.804508 	0.534439 	2.420873 	2.205958 	0.350892 	0.937083 	1.892254 	1.656049 	2.455733 	2.221627 	1.063602 	1.750893 	2.430021 	0.456207 	0.919239 	1.430035 	2.288695 	0.726722 	0.559017 	0.445112 	2.319078 	0.651920 	2.740552 	0.676849 	1.574206 	0.750000 	
0.265754 	0.250000 	9.000000 	1.308625 	0.182003 	1.060955 	1.627882 	1.542928 	1.185854 	2.573907 	0.783023 	1.930026 	0.180278 	0.620987 	2.615578 	1.063602 	0.215058 	2.343075 	0.860233 	1.285739 	2.050914 	0.766893 	2.660005 	2.448724 	0.265754 	0.689656 	2.139071 	1.408900 	2.695019 	2.464878 	1.311964 	1.999531 	2.670674 	0.325000 	1.162970 	1.180042 	2.532908 	0.515388 	0.412311 	0.515388 	2.564785 	0.855862 	2.980038 	0.880696 	1.823630 	0.961769 	
1.043132 	1.060660 	1.308625 	9.000000 	1.468205 	0.309233 	0.320156 	0.246221 	0.226385 	1.382932 	2.038535 	0.680074 	1.133578 	1.928892 	1.353237 	2.355048 	1.285010 	1.054751 	2.163908 	2.566247 	0.745822 	0.687841 	1.386768 	1.158123 	1.345595 	1.997655 	0.832541 	2.691189 	1.420607 	1.171804 	0.285044 	0.691466 	1.389244 	1.456237 	0.412311 	2.483948 	1.235162 	1.765113 	1.553222 	1.198176 	1.261200 	0.806226 	1.702388 	0.803508 	0.583631 	0.750000 	
0.430116 	0.410031 	0.182003 	1.468205 	9.000000 	1.206752 	1.785532 	1.697425 	1.331587 	2.751477 	0.701783 	2.101339 	0.357946 	0.480885 	2.787584 	0.942404 	0.230489 	2.510602 	0.726722 	1.170470 	2.213171 	0.883883 	2.830636 	2.615937 	0.226385 	0.535023 	2.300543 	1.290591 	2.865528 	2.631540 	1.450216 	2.156676 	2.840004 	0.215058 	1.290591 	1.041933 	2.698379 	0.333542 	0.270416 	0.525595 	2.728095 	0.941076 	3.150397 	0.965013 	1.965006 	1.051487 	
0.797653 	0.811249 	1.060955 	0.309233 	1.206752 	9.000000 	0.596343 	0.500000 	0.125000 	1.692077 	1.822430 	0.989002 	0.896172 	1.680030 	1.657747 	2.122646 	1.007782 	1.353006 	1.921100 	2.341207 	1.033501 	0.380789 	1.688565 	1.454519 	1.063015 	1.741407 	1.116356 	2.465385 	1.721918 	1.466714 	0.261008 	0.960469 	1.688380 	1.171538 	0.201556 	2.240675 	1.526434 	1.486607 	1.265158 	0.894427 	1.546367 	0.500625 	2.001562 	0.500000 	0.763217 	0.456207 	
1.362213 	1.379311 	1.627882 	0.320156 	1.785532 	0.596343 	9.000000 	0.103078 	0.480885 	1.151086 	2.357568 	0.452769 	1.453444 	2.248472 	1.075291 	2.675117 	1.597263 	0.761577 	2.483948 	2.885849 	0.437321 	0.973717 	1.100284 	0.860959 	1.655483 	2.316382 	0.520216 	3.010814 	1.132751 	0.872138 	0.431567 	0.371652 	1.096586 	1.765113 	0.618466 	2.804015 	0.930390 	2.077408 	1.860108 	1.488497 	0.950329 	1.059481 	1.409122 	1.051487 	0.340037 	0.982344 	
1.277204 	1.293493 	1.542928 	0.246221 	1.697425 	0.500000 	0.103078 	9.000000 	0.381608 	1.252248 	2.281721 	0.550568 	1.370447 	2.163908 	1.178187 	2.595308 	1.505199 	0.863496 	2.401172 	2.808247 	0.536773 	0.874643 	1.202601 	0.962094 	1.562050 	2.229910 	0.617454 	2.933108 	1.234909 	0.972754 	0.328824 	0.460977 	1.198176 	1.671077 	0.515388 	2.721328 	1.029563 	1.984943 	1.765113 	1.389244 	1.047020 	0.956883 	1.510381 	0.948683 	0.350000 	0.879275 	
0.922293 	0.936082 	1.185854 	0.226385 	1.331587 	0.125000 	0.480885 	0.381608 	9.000000 	1.598828 	1.945668 	0.892328 	1.020416 	1.805028 	1.550806 	2.247221 	1.131371 	1.241471 	2.046033 	2.465385 	0.917878 	0.493077 	1.578963 	1.341641 	1.185591 	1.866313 	0.999062 	2.589643 	1.611870 	1.353006 	0.150000 	0.840015 	1.576785 	1.293493 	0.190394 	2.365639 	1.410895 	1.609542 	1.386092 	1.007782 	1.428504 	0.588430 	1.889610 	0.583631 	0.638847 	0.525595 	
2.325537 	2.347871 	2.573907 	1.382932 	2.751477 	1.692077 	1.151086 	1.252248 	1.598828 	9.000000 	3.182079 	0.707107 	2.394264 	3.161981 	0.302076 	3.525798 	2.606962 	0.514782 	3.371202 	3.706835 	0.794512 	2.067758 	0.371652 	0.496236 	2.675467 	3.246248 	0.766893 	3.828838 	0.388104 	0.512957 	1.579952 	0.927699 	0.427200 	2.787136 	1.761391 	3.680014 	0.550568 	3.074594 	2.888772 	2.569655 	0.625000 	2.186893 	0.564026 	2.182458 	1.279893 	2.121320 	
1.030776 	1.021335 	0.783023 	2.038535 	0.701783 	1.822430 	2.357568 	2.281721 	1.945668 	3.182079 	9.000000 	2.600120 	0.929045 	0.325960 	3.270799 	0.347311 	0.930390 	3.027066 	0.279509 	0.531507 	2.760548 	1.549597 	3.323402 	3.132990 	0.925338 	0.388909 	2.850439 	0.656220 	3.358757 	3.151587 	2.079814 	2.726032 	3.341501 	0.878208 	1.940522 	0.515388 	3.224322 	0.682825 	0.867828 	1.225255 	3.264966 	1.632674 	3.641772 	1.657181 	2.583844 	1.740869 	
1.671264 	1.691892 	1.930026 	0.680074 	2.101339 	0.989002 	0.452769 	0.550568 	0.892328 	0.707107 	2.600120 	9.000000 	1.750000 	2.538331 	0.686477 	2.934493 	1.938105 	0.430116 	2.761340 	3.131393 	0.285044 	1.367708 	0.730154 	0.535023 	2.003278 	2.615937 	0.350892 	3.255764 	0.765261 	0.555090 	0.875357 	0.381608 	0.743303 	2.114976 	1.054751 	3.077743 	0.630971 	2.414151 	2.214723 	1.875667 	0.682367 	1.480709 	1.050297 	1.475847 	0.665676 	1.414214 	
0.103078 	0.100000 	0.180278 	1.133578 	0.357946 	0.896172 	1.453444 	1.370447 	1.020416 	2.394264 	0.929045 	1.750000 	9.000000 	0.795692 	2.435416 	1.227294 	0.285044 	2.163908 	1.030776 	1.445035 	1.873833 	0.632949 	2.480045 	2.269637 	0.357946 	0.867828 	1.962301 	1.569236 	2.515079 	2.285963 	1.151629 	1.825000 	2.490984 	0.450694 	1.012423 	1.350926 	2.354384 	0.687841 	0.550000 	0.512957 	2.387075 	0.751665 	2.800112 	0.776611 	1.659254 	0.850000 	
0.886707 	0.870704 	0.620987 	1.928892 	0.480885 	1.680030 	2.248472 	2.163908 	1.805028 	3.161981 	0.325960 	2.538331 	0.795692 	9.000000 	3.221122 	0.467039 	0.705780 	2.956455 	0.246221 	0.697316 	2.669387 	1.364734 	3.268218 	3.062372 	0.680074 	0.100000 	2.757943 	0.814325 	3.303407 	3.079164 	1.927596 	2.620115 	3.281101 	0.608276 	1.770770 	0.561805 	3.148412 	0.364006 	0.575000 	0.970824 	3.182177 	1.416201 	3.588349 	1.439618 	2.441311 	1.527457 	
2.357568 	2.378287 	2.615578 	1.353237 	2.787584 	1.657747 	1.075291 	1.178187 	1.550806 	0.302076 	3.270799 	0.686477 	2.435416 	3.221122 	9.000000 	3.609016 	2.623928 	0.325960 	3.441112 	3.800740 	0.657647 	2.038535 	0.075000 	0.254951 	2.688517 	3.300095 	0.600521 	3.924443 	0.103078 	0.261008 	1.504161 	0.776611 	0.127475 	2.800112 	1.693000 	3.755829 	0.270416 	3.100504 	2.899354 	2.551103 	0.336341 	2.134537 	0.371652 	2.126764 	1.125000 	2.057000 	
1.325000 	1.311964 	1.063602 	2.355048 	0.942404 	2.122646 	2.675117 	2.595308 	2.247221 	3.525798 	0.347311 	2.934493 	1.227294 	0.467039 	3.609016 	9.000000 	1.170470 	3.359501 	0.226385 	0.230489 	3.085855 	1.822944 	3.660345 	3.465544 	1.147007 	0.450694 	3.175394 	0.348210 	3.695690 	3.483622 	2.375395 	3.045591 	3.677125 	1.073837 	2.225140 	0.176777 	3.555366 	0.800391 	1.032594 	1.437228 	3.593832 	1.881821 	3.979400 	1.905420 	2.885849 	1.992800 	
0.301040 	0.276134 	0.215058 	1.285010 	0.230489 	1.007782 	1.597263 	1.505199 	1.131371 	2.606962 	0.930390 	1.938105 	0.285044 	0.705780 	2.623928 	1.170470 	9.000000 	2.336932 	0.951972 	1.399330 	2.030394 	0.665676 	2.663292 	2.441311 	0.075000 	0.750417 	2.116158 	1.518634 	2.697800 	2.455733 	1.241974 	1.966119 	2.669504 	0.182003 	1.075291 	1.263428 	2.520045 	0.480234 	0.285044 	0.309233 	2.545707 	0.711512 	2.981715 	0.735272 	1.757306 	0.822344 	
2.081015 	2.100595 	2.343075 	1.054751 	2.510602 	1.353006 	0.761577 	0.863496 	1.241471 	0.514782 	3.027066 	0.430116 	2.163908 	2.956455 	0.325960 	3.359501 	2.336932 	9.000000 	3.182766 	3.558528 	0.333542 	1.732953 	0.340037 	0.106066 	2.399088 	3.031604 	0.275000 	3.683069 	0.371652 	0.125000 	1.185854 	0.450694 	0.335410 	2.510105 	1.375682 	3.500357 	0.201556 	2.816137 	2.607681 	2.247360 	0.261008 	1.820028 	0.648556 	1.811249 	0.800391 	1.739253 	
1.125000 	1.110180 	0.860233 	2.163908 	0.726722 	1.921100 	2.483948 	2.401172 	2.046033 	3.371202 	0.279509 	2.761340 	1.030776 	0.246221 	3.441112 	0.226385 	0.951972 	3.182766 	9.000000 	0.456207 	2.901078 	1.610318 	3.490075 	3.288807 	0.925000 	0.225000 	2.990088 	0.570088 	3.525355 	3.306150 	2.170541 	2.855368 	3.504640 	0.848896 	2.015564 	0.320156 	3.376481 	0.575000 	0.806226 	1.212693 	3.412202 	1.662077 	3.809938 	1.685416 	2.683398 	1.773415 	
1.544345 	1.532359 	1.285739 	2.566247 	1.170470 	2.341207 	2.885849 	2.808247 	2.465385 	3.706835 	0.531507 	3.131393 	1.445035 	0.697316 	3.800740 	0.230489 	1.399330 	3.558528 	0.456207 	9.000000 	3.291371 	2.048475 	3.853894 	3.664441 	1.377044 	0.679154 	3.381198 	0.125000 	3.889248 	3.683069 	2.595790 	3.255188 	3.872419 	1.304320 	2.448596 	0.235850 	3.755829 	1.027740 	1.262191 	1.667708 	3.796380 	2.110835 	4.171930 	2.134537 	3.104231 	2.221627 	
1.786232 	1.804508 	2.050914 	0.745822 	2.213171 	1.033501 	0.437321 	0.536773 	0.917878 	0.794512 	2.760548 	0.285044 	1.873833 	2.669387 	0.657647 	3.085855 	2.030394 	0.333542 	2.901078 	3.291371 	9.000000 	1.410895 	0.673146 	0.427200 	2.090006 	2.740552 	0.090139 	3.416321 	0.704006 	0.436606 	0.854400 	0.134629 	0.664266 	2.200142 	1.044629 	3.220443 	0.493077 	2.510602 	2.295920 	1.925649 	0.515388 	1.490386 	0.975000 	1.480920 	0.485412 	1.407569 	
0.530330 	0.534439 	0.766893 	0.687841 	0.883883 	0.380789 	0.973717 	0.874643 	0.493077 	2.067758 	1.549597 	1.367708 	0.632949 	1.364734 	2.038535 	1.822944 	0.665676 	1.732953 	1.610318 	2.048475 	1.410895 	9.000000 	2.069118 	1.833883 	0.710634 	1.415097 	1.492062 	2.170397 	2.102380 	1.845603 	0.583631 	1.331353 	2.068363 	0.813941 	0.410031 	1.925649 	1.903943 	1.133578 	0.901734 	0.514782 	1.921263 	0.195256 	2.381439 	0.212132 	1.096586 	0.246221 	
2.400521 	2.420873 	2.660005 	1.386768 	2.830636 	1.688565 	1.100284 	1.202601 	1.578963 	0.371652 	3.323402 	0.730154 	2.480045 	3.268218 	0.075000 	3.660345 	2.663292 	0.340037 	3.490075 	3.853894 	0.673146 	2.069118 	9.000000 	0.251247 	2.726949 	3.346080 	0.608276 	3.977829 	0.035355 	0.250000 	1.525820 	0.785016 	0.055902 	2.838353 	1.715554 	3.805670 	0.237171 	3.141059 	2.936942 	2.582876 	0.291548 	2.159427 	0.320156 	2.150872 	1.127497 	2.079213 	
2.186464 	2.205958 	2.448724 	1.158123 	2.615937 	1.454519 	0.860959 	0.962094 	1.341641 	0.496236 	3.132990 	0.535023 	2.269637 	3.062372 	0.254951 	3.465544 	2.441311 	0.106066 	3.288807 	3.664441 	0.427200 	1.833883 	0.251247 	9.000000 	2.503123 	3.137375 	0.357946 	3.788964 	0.279509 	0.025000 	1.281601 	0.534439 	0.237171 	2.614025 	1.471819 	3.606418 	0.103078 	2.920723 	2.711319 	2.348537 	0.175000 	1.917355 	0.548293 	1.908042 	0.876427 	1.834734 	
0.375832 	0.350892 	0.265754 	1.345595 	0.226385 	1.063015 	1.655483 	1.562050 	1.185591 	2.675467 	0.925338 	2.003278 	0.357946 	0.680074 	2.688517 	1.147007 	0.075000 	2.399088 	0.925000 	1.377044 	2.090006 	0.710634 	2.726949 	2.503123 	9.000000 	0.715891 	2.175144 	1.494365 	2.761340 	2.517191 	1.291559 	2.022993 	2.732330 	0.111803 	1.120547 	1.231107 	2.580698 	0.424264 	0.213600 	0.300000 	2.605043 	0.738664 	3.044873 	0.761577 	1.806239 	0.850368 	
0.954594 	0.937083 	0.689656 	1.997655 	0.535023 	1.741407 	2.316382 	2.229910 	1.866313 	3.246248 	0.388909 	2.615937 	0.867828 	0.100000 	3.300095 	0.450694 	0.750417 	3.031604 	0.225000 	0.679154 	2.740552 	1.415097 	3.346080 	3.137375 	0.715891 	9.000000 	2.828648 	0.789383 	3.381198 	3.153768 	1.985101 	2.687936 	3.357920 	0.632456 	1.823630 	0.515388 	3.222188 	0.350000 	0.583631 	0.996243 	3.254420 	1.454519 	3.666231 	1.477329 	2.500000 	1.566246 	
1.874166 	1.892254 	2.139071 	0.832541 	2.300543 	1.116356 	0.520216 	0.617454 	0.999062 	0.766893 	2.850439 	0.350892 	1.962301 	2.757943 	0.600521 	3.175394 	2.116158 	0.275000 	2.990088 	3.381198 	0.090139 	1.492062 	0.608276 	0.357946 	2.175144 	2.828648 	9.000000 	3.506155 	0.637377 	0.364006 	0.929045 	0.176777 	0.594243 	2.285005 	1.119431 	3.309551 	0.413824 	2.596392 	2.380257 	2.006552 	0.430116 	1.566246 	0.901388 	1.556037 	0.525595 	1.480920 	
1.668270 	1.656049 	1.408900 	2.691189 	1.290591 	2.465385 	3.010814 	2.933108 	2.589643 	3.828838 	0.656220 	3.255764 	1.569236 	0.814325 	3.924443 	0.348210 	1.518634 	3.683069 	0.570088 	0.125000 	3.416321 	2.170397 	3.977829 	3.788964 	1.494365 	0.789383 	3.506155 	9.000000 	4.013181 	3.807641 	2.719605 	3.380181 	3.996561 	1.418846 	2.571478 	0.304138 	3.880480 	1.134956 	1.372953 	1.782730 	3.921176 	2.229910 	4.295710 	2.253469 	3.228487 	2.340940 	
2.435416 	2.455733 	2.695019 	1.420607 	2.865528 	1.721918 	1.132751 	1.234909 	1.611870 	0.388104 	3.358757 	0.765261 	2.515079 	3.303407 	0.103078 	3.695690 	2.697800 	0.371652 	3.525355 	3.889248 	0.704006 	2.102380 	0.035355 	0.279509 	2.761340 	3.381198 	0.637377 	4.013181 	9.000000 	0.276134 	1.557442 	0.813941 	0.055902 	2.872716 	1.747319 	3.840980 	0.254951 	3.175689 	2.971216 	2.616295 	0.302076 	2.191603 	0.285044 	2.182888 	1.154340 	2.110835 	
2.202271 	2.221627 	2.464878 	1.171804 	2.631540 	1.466714 	0.872138 	0.972754 	1.353006 	0.512957 	3.151587 	0.555090 	2.285963 	3.079164 	0.261008 	3.483622 	2.455733 	0.125000 	3.306150 	3.683069 	0.436606 	1.845603 	0.250000 	0.025000 	2.517191 	3.153768 	0.364006 	3.807641 	0.276134 	9.000000 	1.290591 	0.539676 	0.230489 	2.627975 	1.480920 	3.623966 	0.079057 	2.935345 	2.725000 	2.360349 	0.150000 	1.926947 	0.538516 	1.917355 	0.878208 	1.843400 	
1.051487 	1.063602 	1.311964 	0.285044 	1.450216 	0.261008 	0.431567 	0.328824 	0.150000 	1.579952 	2.079814 	0.875357 	1.151629 	1.927596 	1.504161 	2.375395 	1.241974 	1.185854 	2.170541 	2.595790 	0.854400 	0.583631 	1.525820 	1.281601 	1.291559 	1.985101 	0.929045 	2.719605 	1.557442 	1.290591 	9.000000 	0.760345 	1.518634 	1.396648 	0.190394 	2.489227 	1.342805 	1.715554 	1.485345 	1.090011 	1.353006 	0.637377 	1.829105 	0.626997 	0.515388 	0.553399 	
1.733854 	1.750893 	1.999531 	0.691466 	2.156676 	0.960469 	0.371652 	0.460977 	0.840015 	0.927699 	2.726032 	0.381608 	1.825000 	2.620115 	0.776611 	3.045591 	1.966119 	0.450694 	2.855368 	3.255188 	0.134629 	1.331353 	0.785016 	0.534439 	2.022993 	2.687936 	0.176777 	3.380181 	0.813941 	0.539676 	0.760345 	9.000000 	0.770146 	2.131901 	0.950329 	3.175394 	0.585235 	2.445915 	2.225562 	1.844587 	0.592663 	1.397542 	1.075291 	1.386542 	0.353553 	1.309819 	
2.410005 	2.430021 	2.670674 	1.389244 	2.840004 	1.688380 	1.096586 	1.198176 	1.576785 	0.427200 	3.341501 	0.743303 	2.490984 	3.281101 	0.127475 	3.677125 	2.669504 	0.335410 	3.504640 	3.872419 	0.664266 	2.068363 	0.055902 	0.237171 	2.732330 	3.357920 	0.594243 	3.996561 	0.055902 	0.230489 	1.518634 	0.770146 	9.000000 	2.843524 	1.708801 	3.820995 	0.201556 	3.148115 	2.941513 	2.582755 	0.246221 	2.154066 	0.313249 	2.144907 	1.107080 	2.071835 	
0.480885 	0.456207 	0.325000 	1.456237 	0.215058 	1.171538 	1.765113 	1.671077 	1.293493 	2.787136 	0.878208 	2.114976 	0.450694 	0.608276 	2.800112 	1.073837 	0.182003 	2.510105 	0.848896 	1.304320 	2.200142 	0.813941 	2.838353 	2.614025 	0.111803 	0.632456 	2.285005 	1.418846 	2.872716 	2.627975 	1.396648 	2.131901 	2.843524 	9.000000 	1.222957 	1.147007 	2.691189 	0.320156 	0.103078 	0.364006 	2.715004 	0.828025 	3.156145 	0.850000 	1.910497 	0.939747 	
0.910014 	0.919239 	1.162970 	0.412311 	1.290591 	0.201556 	0.618466 	0.515388 	0.190394 	1.761391 	1.940522 	1.054751 	1.012423 	1.770770 	1.693000 	2.225140 	1.075291 	1.375682 	2.015564 	2.448596 	1.044629 	0.410031 	1.715554 	1.471819 	1.120547 	1.823630 	1.119431 	2.571478 	1.747319 	1.480920 	0.190394 	0.950329 	1.708801 	1.222957 	9.000000 	2.332381 	1.533175 	1.542928 	1.308625 	0.905883 	1.542928 	0.447214 	2.019437 	0.436606 	0.689656 	0.364006 	
