UB = 842
M = 120

Distance:
999.000000 	42.720020 	32.756680 	87.045967 	45.880280 	19.697716 	17.464249 	14.317822 	90.509666 	5.656854 	35.014282 	20.000000 	59.135437 	22.803509 	75.179787 	28.160255 	40.000000 	73.348480 	57.489128 	42.801868 	82.365044 	93.477272 	48.041649 	38.470768 	86.833176 	37.589893 	95.015785 	40.718548 	79.711983 	115.108643 	98.112183 	63.285069 	36.055511 	63.126858 	42.544094 	76.902534 	77.878113 	71.449280 	60.745369 	119.854080 	109.567329 	91.923882 	54.037025 	94.593872 	65.459915 	103.445641 	100.439034 	59.941639 	62.433964 	80.808418 	74.464760 	95.425362 	79.511009 	93.861603 	90.077744 	91.000000 	101.636604 	101.533249 	103.754517 	109.590149 	
42.720020 	999.000000 	75.286118 	127.640121 	88.600227 	32.140316 	44.045429 	34.058773 	130.602448 	45.354160 	76.687675 	52.009613 	101.843018 	54.083271 	117.630775 	34.176014 	81.394104 	115.952576 	100.000000 	23.600847 	124.775803 	135.325531 	89.627007 	29.068884 	129.247818 	73.061615 	137.306229 	77.025970 	122.429573 	156.156967 	140.431473 	105.118980 	55.362442 	104.737770 	77.233414 	119.369179 	120.332870 	113.357841 	36.674240 	161.554947 	152.118378 	134.480484 	57.314919 	137.087570 	102.176315 	146.102707 	142.874069 	77.897369 	82.298241 	119.016808 	109.772491 	135.133270 	107.224068 	131.244049 	124.615410 	125.602547 	139.230026 	133.880539 	136.565002 	141.650986 	
32.756680 	75.286118 	999.000000 	61.057350 	14.212670 	47.169907 	36.878178 	42.941822 	65.368187 	30.083218 	6.708204 	30.479502 	26.832815 	30.805843 	44.687805 	52.497620 	10.630146 	42.201897 	24.738634 	71.028160 	51.855568 	64.350601 	16.763054 	64.660652 	56.222771 	25.019993 	64.660652 	24.515301 	47.423622 	87.206650 	67.623962 	31.016125 	45.617977 	31.144823 	28.442924 	44.147480 	45.122055 	39.012817 	87.114868 	90.553848 	78.230431 	59.203041 	67.977936 	61.846584 	41.036568 	70.837845 	67.683083 	60.133186 	60.008331 	52.773098 	50.931328 	65.000000 	64.845970 	66.189125 	66.068146 	66.843102 	73.409805 	79.246452 	80.808418 	87.114868 	
87.045967 	127.640121 	61.057350 	999.000000 	47.853943 	105.418213 	96.829750 	100.419121 	5.000000 	87.000000 	64.845970 	91.263351 	40.792156 	91.809586 	23.086792 	112.160599 	63.694584 	27.073973 	46.690472 	129.417923 	20.615528 	14.317822 	59.203041 	123.987900 	20.808653 	83.006027 	21.095022 	80.653580 	33.837849 	28.653097 	23.259407 	53.009434 	106.550461 	55.009090 	84.433403 	43.416588 	43.680660 	51.478149 	146.659470 	35.440090 	35.440090 	43.829212 	128.891434 	46.400433 	80.024994 	45.453274 	50.249378 	117.643532 	116.211014 	77.466118 	87.143562 	74.732857 	110.040901 	86.330757 	95.900993 	96.104111 	89.157166 	109.142113 	108.931168 	114.843369 	
45.880280 	88.600227 	14.212670 	47.853943 	999.000000 	61.294373 	51.088158 	56.938564 	52.392746 	43.829212 	17.000000 	44.553337 	13.341664 	44.687805 	30.479502 	66.708321 	16.278820 	28.017851 	13.341664 	85.211502 	37.643059 	50.249378 	14.866069 	78.873314 	42.011902 	35.440090 	50.447994 	33.541019 	33.837849 	73.246162 	53.413483 	22.360680 	58.830265 	23.323807 	37.483330 	32.015621 	33.015148 	29.120440 	101.316338 	76.380623 	64.140472 	46.529560 	81.123360 	49.365982 	41.593269 	57.723480 	55.326305 	70.611610 	69.720871 	48.836460 	51.107731 	57.697487 	69.375786 	61.846584 	64.815125 	65.436989 	68.242218 	78.600258 	79.649231 	86.052307 	
19.697716 	32.140316 	47.169907 	105.418213 	61.294373 	999.000000 	12.041595 	5.385165 	109.123779 	18.439089 	47.010635 	20.099751 	73.925636 	22.000000 	91.607857 	9.000000 	51.264023 	89.308456 	71.112587 	24.083189 	98.812958 	110.751976 	59.464275 	18.867962 	103.227905 	41.000000 	111.606453 	45.011108 	94.413979 	133.003754 	114.621117 	74.946648 	25.612497 	74.330345 	45.099888 	90.077744 	91.000000 	83.168503 	41.400482 	137.131317 	125.399361 	105.309067 	37.363083 	107.703293 	70.064255 	117.273186 	113.296074 	50.209560 	53.907330 	87.005745 	77.646637 	103.392456 	76.485291 	99.126183 	92.574295 	93.557472 	107.116760 	102.200783 	104.809349 	110.063622 	
17.464249 	44.045429 	36.878178 	96.829750 	51.088158 	12.041595 	999.000000 	10.770329 	100.801788 	13.000000 	35.846897 	8.062258 	63.245552 	10.049875 	81.565926 	15.620500 	39.812057 	79.025314 	60.033325 	34.481880 	88.729927 	101.138519 	47.927029 	27.802877 	93.085983 	29.017237 	101.533249 	33.000000 	83.528435 	123.794182 	104.484451 	63.324562 	18.788294 	62.625874 	33.241539 	78.721024 	79.624115 	71.512238 	50.249378 	127.404869 	114.856430 	93.941475 	37.054016 	96.254868 	58.137768 	105.990562 	101.769348 	43.266617 	46.227695 	75.000000 	65.924202 	91.350975 	66.370171 	87.206650 	81.024689 	82.000000 	95.189285 	91.082382 	93.605553 	99.020203 	
14.317822 	34.058773 	42.941822 	100.419121 	56.938564 	5.385165 	10.770329 	999.000000 	104.062485 	13.453624 	43.324360 	18.248287 	69.771057 	20.615528 	87.091904 	14.142136 	47.801674 	84.905830 	67.230942 	29.000000 	94.302704 	106.042442 	56.044624 	24.186773 	98.737022 	39.319206 	107.074738 	43.185646 	90.338257 	128.144455 	110.113579 	71.568146 	27.658634 	71.063354 	43.737854 	86.377083 	87.315521 	79.812279 	46.615448 	132.438660 	121.078484 	101.592323 	41.773197 	104.062485 	68.468971 	113.463654 	109.731491 	52.497620 	55.865910 	85.094063 	76.485291 	101.079178 	77.025970 	97.514099 	91.678787 	92.649879 	105.475113 	101.843018 	104.355164 	109.786156 	
90.509666 	130.602448 	65.368187 	5.000000 	52.392746 	109.123779 	100.801788 	104.062485 	999.000000 	90.686272 	69.354164 	95.414886 	45.705578 	96.041656 	28.071337 	116.038788 	68.352028 	32.062439 	51.623638 	133.056381 	25.298222 	17.029387 	64.031242 	127.781059 	25.059929 	87.664131 	24.083189 	85.381500 	38.600517 	26.570660 	25.806976 	58.008621 	110.941429 	60.008331 	89.185204 	48.270073 	48.507732 	56.435802 	150.445999 	34.365681 	37.161808 	48.020828 	133.296661 	50.477718 	85.023529 	48.795490 	54.037025 	122.413231 	121.037186 	82.377182 	92.135773 	79.309517 	115.039124 	91.093361 	100.806747 	101.000000 	93.776329 	114.004387 	113.758514 	119.641129 	
5.656854 	45.354160 	30.083218 	87.000000 	43.829212 	18.439089 	13.000000 	13.453624 	90.686272 	999.000000 	31.400637 	14.422205 	56.859474 	17.204651 	73.783470 	25.942244 	36.221542 	71.693794 	54.708317 	42.426407 	80.993828 	92.617493 	44.407207 	37.202152 	85.440041 	32.202484 	93.744331 	35.468296 	77.472572 	114.690887 	96.798759 	59.841457 	31.048349 	59.539902 	37.121422 	74.040527 	75.000000 	68.066147 	59.816387 	119.016808 	107.912003 	89.185204 	50.039986 	91.760559 	60.440052 	100.900940 	97.529480 	54.561890 	56.938564 	76.118332 	69.289246 	91.137260 	73.878281 	89.050545 	84.864601 	85.796272 	96.881371 	96.150925 	98.412399 	104.201729 	
35.014282 	76.687675 	6.708204 	64.845970 	17.000000 	47.010635 	35.846897 	43.324360 	69.354164 	31.400637 	999.000000 	28.600698 	27.658634 	28.319605 	46.754681 	51.312767 	5.099020 	43.840622 	24.186773 	70.327805 	53.758720 	66.843102 	13.038404 	63.513779 	57.982758 	19.104973 	66.468040 	18.110771 	47.707443 	90.000000 	69.310890 	28.442924 	41.880783 	28.160255 	22.090721 	43.081318 	44.011364 	36.674240 	85.603737 	92.698433 	79.202271 	58.309521 	64.140472 	60.745369 	34.828148 	70.263786 	66.407829 	54.451813 	54.037025 	47.539455 	44.687805 	60.827625 	58.137768 	60.926186 	60.000000 	60.802959 	68.352028 	73.000000 	74.652527 	80.919716 	
20.000000 	52.009613 	30.479502 	91.263351 	44.553337 	20.099751 	8.062258 	18.248287 	95.414886 	14.422205 	28.600698 	999.000000 	56.222771 	2.828427 	74.966660 	22.825424 	32.249031 	72.249565 	52.697250 	42.047592 	82.073135 	94.794518 	40.249222 	34.985710 	86.371292 	21.095022 	94.847244 	25.019993 	76.275818 	117.686020 	97.744568 	55.542778 	18.000000 	54.781384 	25.495098 	71.119621 	72.006943 	63.694584 	57.008770 	120.917328 	107.800743 	86.313385 	39.293766 	88.566360 	50.249378 	98.412399 	94.021271 	40.311287 	42.544094 	67.007462 	58.249462 	83.294655 	60.216278 	79.309517 	73.498299 	74.464760 	87.281158 	83.934502 	86.377083 	91.923882 	
59.135437 	101.843018 	26.832815 	40.792156 	13.341664 	73.925636 	63.245552 	69.771057 	45.705578 	56.859474 	27.658634 	56.222771 	999.000000 	55.973209 	19.723083 	78.816238 	24.839485 	16.401220 	6.000000 	97.637085 	26.400757 	39.962482 	18.788294 	91.021973 	30.479502 	43.566040 	38.948685 	40.706264 	20.615528 	63.285069 	41.725292 	14.764823 	68.883957 	16.552946 	44.283180 	19.104973 	20.099751 	18.601076 	113.229858 	65.299309 	51.613953 	33.241539 	90.801979 	36.124783 	40.447498 	44.384682 	42.107006 	77.252831 	75.584389 	42.720020 	48.764740 	48.010414 	70.178345 	54.671749 	60.373837 	60.827625 	60.108234 	74.242844 	74.793045 	81.123360 	
22.803509 	54.083271 	30.805843 	91.809586 	44.687805 	22.000000 	10.049875 	20.615528 	96.041656 	17.204651 	28.319605 	2.828427 	55.973209 	999.000000 	74.966660 	23.769728 	31.622776 	72.138756 	52.201534 	43.081318 	82.024384 	94.921021 	39.446167 	35.777088 	86.278618 	19.000000 	94.762863 	23.021729 	75.802376 	117.923706 	97.621719 	54.561890 	16.124516 	53.712196 	23.194826 	70.327805 	71.196907 	62.649822 	57.428215 	120.933868 	107.447662 	85.475143 	37.947330 	87.658424 	48.093658 	97.616600 	93.037628 	37.696156 	39.824615 	65.007690 	55.901699 	81.498466 	57.428215 	77.162170 	71.063354 	72.034714 	85.146935 	81.344948 	83.815269 	89.319649 	
75.179787 	117.630775 	44.687805 	23.086792 	30.479502 	91.607857 	81.565926 	87.091904 	28.071337 	73.783470 	46.754681 	74.966660 	19.723083 	74.966660 	999.000000 	97.185387 	44.407207 	4.000000 	25.079872 	115.602768 	7.211102 	20.248457 	38.470768 	109.343498 	11.661903 	63.285069 	20.000000 	60.415230 	12.727922 	43.566040 	23.021729 	30.149628 	88.408142 	32.140316 	63.953106 	21.023796 	21.470911 	28.442924 	131.795303 	45.967381 	34.539833 	26.419689 	110.435501 	29.529646 	57.140179 	33.541019 	34.928497 	96.772926 	94.921021 	54.571056 	64.070274 	53.535034 	87.143562 	64.078079 	73.006851 	73.246162 	67.601776 	86.400230 	86.330757 	92.358002 	
28.160255 	34.176014 	52.497620 	112.160599 	66.708321 	9.000000 	15.620500 	14.142136 	116.038788 	25.942244 	51.312767 	22.825424 	78.816238 	23.769728 	97.185387 	999.000000 	55.072678 	94.641426 	75.471848 	19.313208 	104.350372 	116.726173 	63.063461 	12.206555 	108.706024 	41.976185 	117.153748 	46.097721 	99.020203 	139.316193 	120.104118 	78.294319 	21.189621 	77.472572 	45.398239 	93.941475 	94.826157 	86.406021 	34.655445 	143.010483 	130.430054 	109.128365 	28.792360 	111.359779 	70.256676 	121.235306 	116.777565 	44.407207 	48.548943 	87.572830 	77.006493 	104.560989 	73.054771 	99.080772 	91.350975 	92.347168 	107.074738 	100.019997 	102.771591 	107.707939 	
40.000000 	81.394104 	10.630146 	63.694584 	16.278820 	51.264023 	39.812057 	47.801674 	68.352028 	36.221542 	5.099020 	32.249031 	24.839485 	31.622776 	44.407207 	55.072678 	999.000000 	41.231056 	20.615528 	74.242844 	51.224995 	64.637451 	8.246211 	67.230942 	55.317268 	19.313208 	63.780876 	17.262676 	44.204071 	87.920418 	66.528191 	23.769728 	44.045429 	23.345236 	21.213203 	38.910152 	39.812057 	32.015621 	89.050545 	90.138779 	75.927597 	54.129475 	66.030296 	56.462376 	30.413813 	66.189125 	62.032249 	54.341511 	53.460266 	42.544094 	40.311287 	55.731499 	55.154327 	55.946404 	55.443665 	56.222771 	63.324562 	68.622154 	70.178345 	76.485291 	
73.348480 	115.952576 	42.201897 	27.073973 	28.017851 	89.308456 	79.025314 	84.905830 	32.062439 	71.693794 	43.840622 	72.249565 	16.401220 	72.138756 	4.000000 	94.641426 	41.231056 	999.000000 	21.470911 	113.225441 	10.000000 	23.706539 	34.985710 	106.826965 	14.142136 	59.908264 	22.627417 	56.938564 	10.295630 	47.010635 	25.495098 	26.172504 	85.276024 	28.160255 	60.415230 	17.492855 	18.027756 	24.515301 	129.189789 	48.918301 	36.235340 	24.698177 	107.200745 	27.856777 	53.150730 	33.060551 	33.526108 	93.107468 	91.181137 	50.695168 	60.074955 	50.219517 	83.150467 	60.415230 	69.123077 	69.375786 	64.140472 	82.565125 	82.540901 	88.600227 	
57.489128 	100.000000 	24.738634 	46.690472 	13.341664 	71.112587 	60.033325 	67.230942 	51.623638 	54.708317 	24.186773 	52.697250 	6.000000 	52.201534 	25.079872 	75.471848 	20.615528 	21.470911 	999.000000 	94.514549 	31.384710 	45.177429 	13.601471 	87.664131 	35.227829 	38.600517 	43.600460 	35.510563 	23.600847 	68.476273 	46.227695 	9.899495 	64.381676 	11.401754 	38.948685 	19.416489 	20.396078 	15.811388 	109.622078 	70.000000 	55.317268 	34.481880 	86.052307 	37.107952 	34.525352 	46.238514 	42.953465 	71.693794 	69.892776 	37.802116 	43.011627 	44.777225 	64.195015 	50.209560 	55.072678 	55.569775 	56.080299 	68.963760 	69.641945 	76.006577 	
42.801868 	23.600847 	71.028160 	129.417923 	85.211502 	24.083189 	34.481880 	29.000000 	133.056381 	42.426407 	70.327805 	42.047592 	97.637085 	43.081318 	115.602768 	19.313208 	74.242844 	113.225441 	94.514549 	999.000000 	122.800652 	134.825821 	82.292160 	8.000000 	127.200630 	61.131008 	135.602356 	65.253349 	117.991524 	157.079605 	138.600143 	97.575615 	38.000000 	96.772926 	64.327286 	113.145920 	114.039467 	105.702415 	18.384777 	161.198639 	149.214615 	128.351074 	34.409302 	130.613937 	88.955048 	140.431473 	136.058807 	57.245087 	61.983868 	106.367287 	95.189285 	123.555656 	88.645363 	117.515953 	109.004585 	110.004547 	125.483070 	116.726173 	119.603508 	124.169243 	
82.365044 	124.775803 	51.855568 	20.615528 	37.643059 	98.812958 	88.729927 	94.302704 	25.298222 	80.993828 	53.758720 	82.073135 	26.400757 	82.024384 	7.211102 	104.350372 	51.224995 	10.000000 	31.384710 	122.800652 	999.000000 	13.928389 	44.944408 	116.516090 	4.472136 	69.892776 	12.806249 	66.887962 	13.341664 	37.121422 	15.811388 	35.171009 	95.268044 	37.107952 	70.327805 	23.194826 	23.345236 	32.015621 	138.946030 	38.948685 	27.513634 	24.041630 	117.200684 	26.907248 	61.814240 	28.792360 	31.622776 	102.883430 	100.846420 	57.428215 	68.066147 	54.129475 	91.662422 	65.802734 	75.802376 	75.953934 	68.541962 	88.842560 	88.526833 	94.371605 	
93.477272 	135.325531 	64.350601 	14.317822 	50.249378 	110.751976 	101.138519 	106.042442 	17.029387 	92.617493 	66.843102 	94.794518 	39.962482 	94.921021 	20.248457 	116.726173 	64.637451 	23.706539 	45.177429 	134.825821 	13.928389 	999.000000 	58.668560 	128.817703 	11.045361 	83.528435 	7.071068 	80.622574 	26.076809 	23.323807 	8.944272 	49.040798 	108.600182 	50.960770 	84.118965 	36.055511 	36.013885 	45.398239 	151.380310 	26.400757 	21.377558 	32.310989 	130.667511 	34.438351 	75.504967 	31.827662 	37.443291 	116.777565 	114.769333 	70.028564 	81.394104 	64.560051 	105.223572 	77.278717 	88.204308 	88.277969 	79.120163 	100.841461 	100.284592 	105.905617 	
48.041649 	89.627007 	16.763054 	59.203041 	14.866069 	59.464275 	47.927029 	56.044624 	64.031242 	44.407207 	13.038404 	40.249222 	18.788294 	39.446167 	38.470768 	63.063461 	8.246211 	34.985710 	13.601471 	82.292160 	44.944408 	58.668560 	999.000000 	75.179787 	48.826221 	25.000000 	57.201397 	21.954498 	36.796738 	81.987801 	59.816387 	15.524175 	50.911690 	15.132746 	25.495098 	30.886890 	31.764761 	23.769728 	96.798759 	83.600243 	68.622154 	46.065170 	72.470680 	48.332184 	26.925823 	58.180752 	53.851646 	58.523499 	57.008770 	36.359318 	36.619667 	48.270073 	54.571056 	49.739319 	50.931328 	51.623638 	56.797886 	64.536812 	65.795135 	72.180328 	
38.470768 	29.068884 	64.660652 	123.987900 	78.873314 	18.867962 	27.802877 	24.186773 	127.781059 	37.202152 	63.513779 	34.985710 	91.021973 	35.777088 	109.343498 	12.206555 	67.230942 	106.826965 	87.664131 	8.000000 	116.516090 	128.817703 	75.179787 	999.000000 	120.880104 	53.450912 	129.321304 	57.567352 	111.220505 	151.320847 	132.279999 	90.338257 	30.000000 	89.470665 	56.515484 	106.066017 	106.943909 	98.412399 	22.671568 	155.128983 	142.635895 	121.235306 	28.284271 	123.434196 	81.049370 	133.360413 	128.809937 	49.769470 	54.424259 	98.478424 	87.206650 	115.732452 	80.808418 	109.553642 	101.004951 	102.004898 	117.515953 	108.779594 	111.646767 	116.249733 	
86.833176 	129.247818 	56.222771 	20.808653 	42.011902 	103.227905 	93.085983 	98.737022 	25.059929 	85.440041 	57.982758 	86.371292 	30.479502 	86.278618 	11.661903 	108.706024 	55.317268 	14.142136 	35.227829 	127.200630 	4.472136 	11.045361 	48.826221 	120.880104 	999.000000 	73.817345 	8.485281 	70.724815 	15.033297 	33.615471 	11.401754 	38.275318 	99.357941 	40.162170 	74.094536 	25.019993 	25.000000 	34.365681 	143.282944 	34.828148 	23.086792 	23.021729 	121.210564 	25.612497 	64.536812 	25.942244 	29.732138 	106.437775 	104.278473 	59.076221 	70.349129 	54.424259 	94.201912 	66.708321 	77.317528 	77.414467 	68.949257 	90.094398 	89.627007 	95.341492 	
37.589893 	73.061615 	25.019993 	83.006027 	35.440090 	41.000000 	29.017237 	39.319206 	87.664131 	32.202484 	19.104973 	21.095022 	43.566040 	19.000000 	63.285069 	41.976185 	19.313208 	59.908264 	38.600517 	61.131008 	69.892776 	83.528435 	25.000000 	53.450912 	73.817345 	999.000000 	82.200974 	4.123106 	61.554855 	106.850365 	84.811554 	38.418747 	26.400757 	37.202152 	5.000000 	54.671749 	55.443665 	46.043457 	73.790245 	108.600182 	93.348808 	69.404610 	47.507893 	71.281136 	29.154760 	81.608826 	76.321686 	35.355339 	35.000000 	46.010868 	37.363083 	62.649822 	43.278172 	58.215118 	52.810986 	53.758720 	66.189125 	63.953106 	66.211784 	72.006943 	
95.015785 	137.306229 	64.660652 	21.095022 	50.447994 	111.606453 	101.533249 	107.074738 	24.083189 	93.744331 	66.468040 	94.847244 	38.948685 	94.762863 	20.000000 	117.153748 	63.780876 	22.627417 	43.600460 	135.602356 	12.806249 	7.071068 	57.201397 	129.321304 	8.485281 	82.200974 	999.000000 	79.056938 	22.135944 	25.961510 	3.162278 	46.097721 	107.814659 	47.927029 	82.377182 	31.780497 	31.575306 	41.484936 	151.743210 	26.400757 	16.031219 	25.961510 	129.630249 	27.856777 	71.840103 	24.758837 	30.528675 	114.529472 	112.258629 	65.069191 	77.103828 	58.463665 	101.202766 	71.568146 	83.006027 	83.024094 	73.006851 	95.336250 	94.641426 	100.129913 	
40.718548 	77.025970 	24.515301 	80.653580 	33.541019 	45.011108 	33.000000 	43.185646 	85.381500 	35.468296 	18.110771 	25.019993 	40.706264 	23.021729 	60.415230 	46.097721 	17.262676 	56.938564 	35.510563 	65.253349 	66.887962 	80.622574 	21.954498 	57.567352 	70.724815 	4.123106 	79.056938 	999.000000 	58.137768 	103.942291 	81.608826 	34.713108 	30.232433 	33.421551 	4.000000 	50.990196 	51.739735 	42.201897 	77.820305 	105.437187 	89.872131 	65.604881 	50.931328 	67.424034 	25.317978 	77.801025 	72.401657 	37.107952 	36.221542 	42.000000 	33.837849 	58.549126 	41.617306 	54.332310 	49.396355 	50.328918 	62.289646 	60.901562 	63.063461 	68.963760 	
79.711983 	122.429573 	47.423622 	33.837849 	33.837849 	94.413979 	83.528435 	90.338257 	38.600517 	77.472572 	47.707443 	76.275818 	20.615528 	75.802376 	12.727922 	99.020203 	44.204071 	10.295630 	23.600847 	117.991524 	13.341664 	26.076809 	36.796738 	111.220505 	15.033297 	61.554855 	22.135944 	58.137768 	999.000000 	48.083260 	24.166092 	24.186773 	87.692642 	25.942244 	61.220913 	10.000000 	10.049875 	19.416489 	133.221619 	47.885281 	31.827662 	14.560220 	109.041275 	17.720045 	49.729267 	24.186773 	23.537205 	92.784698 	90.354858 	44.181442 	55.326305 	41.182522 	79.246452 	52.497620 	62.514000 	62.649822 	55.461697 	75.504967 	75.186432 	81.043198 	
115.108643 	156.156967 	87.206650 	28.653097 	73.246162 	133.003754 	123.794182 	128.144455 	26.570660 	114.690887 	90.000000 	117.686020 	63.285069 	117.923706 	43.566040 	139.316193 	87.920418 	47.010635 	68.476273 	157.079605 	37.121422 	23.323807 	81.987801 	151.320847 	33.615471 	106.850365 	25.961510 	103.942291 	48.083260 	999.000000 	24.331051 	71.867935 	131.825638 	73.736015 	107.424393 	57.723480 	57.489128 	67.446274 	173.954010 	9.848858 	25.632011 	50.000000 	153.941544 	51.088158 	97.800819 	44.147480 	51.788029 	139.989288 	137.884003 	90.553848 	102.961159 	82.219215 	127.121986 	96.020828 	108.166542 	108.115677 	96.519424 	120.004166 	119.067207 	124.257797 	
98.112183 	140.431473 	67.623962 	23.259407 	53.413483 	114.621117 	104.484451 	110.113579 	25.806976 	96.798759 	69.310890 	97.744568 	41.725292 	97.621719 	23.021729 	120.104118 	66.528191 	25.495098 	46.227695 	138.600143 	15.811388 	8.944272 	59.816387 	132.279999 	11.401754 	84.811554 	3.162278 	81.608826 	24.166092 	24.331051 	999.000000 	48.301140 	110.535065 	50.089920 	84.876381 	33.526108 	33.241539 	43.324360 	154.673843 	23.853722 	13.000000 	26.305893 	132.279999 	27.892651 	73.681747 	23.600847 	29.966648 	116.846054 	114.490173 	66.272163 	78.644768 	58.855755 	102.839684 	72.249565 	84.023804 	84.005951 	73.348480 	96.130119 	95.336250 	100.717430 	
63.285069 	105.118980 	31.016125 	53.009434 	22.360680 	74.946648 	63.324562 	71.568146 	58.008621 	59.841457 	28.442924 	55.542778 	14.764823 	54.561890 	30.149628 	78.294319 	23.769728 	26.172504 	9.899495 	97.575615 	35.171009 	49.040798 	15.524175 	90.338257 	38.275318 	38.418747 	46.097721 	34.713108 	24.186773 	71.867935 	48.301140 	999.000000 	64.815125 	2.000000 	37.483330 	16.278820 	17.029387 	8.246211 	111.646767 	72.069412 	55.443665 	31.064449 	85.562843 	33.120991 	27.018513 	43.266617 	38.483765 	68.600288 	66.189125 	28.017851 	34.525352 	35.341194 	57.035076 	40.311287 	45.617977 	46.065170 	46.227695 	59.481091 	60.033325 	66.370171 	
36.055511 	55.362442 	45.617977 	106.550461 	58.830265 	25.612497 	18.788294 	27.658634 	110.941429 	31.048349 	41.880783 	18.000000 	68.883957 	16.124516 	88.408142 	21.189621 	44.045429 	85.276024 	64.381676 	38.000000 	95.268044 	108.600182 	50.911690 	30.000000 	99.357941 	26.400757 	107.814659 	30.232433 	87.692642 	131.825638 	110.535065 	64.815125 	999.000000 	63.600315 	28.178005 	81.055534 	81.835197 	72.422371 	48.104053 	134.182709 	119.519875 	95.801880 	22.360680 	97.652443 	51.662365 	108.004631 	102.625534 	24.839485 	28.319605 	69.123077 	57.314919 	86.683334 	51.865211 	79.762146 	71.007042 	72.006943 	87.692642 	79.075912 	81.884064 	86.683334 	
63.126858 	104.737770 	31.144823 	55.009090 	23.323807 	74.330345 	62.625874 	71.063354 	60.008331 	59.539902 	28.160255 	54.781384 	16.552946 	53.712196 	32.140316 	77.472572 	23.345236 	28.160255 	11.401754 	96.772926 	37.107952 	50.960770 	15.132746 	89.470665 	40.162170 	37.202152 	47.927029 	33.421551 	25.942244 	73.736015 	50.089920 	2.000000 	63.600315 	999.000000 	36.069378 	17.691807 	18.384777 	8.944272 	110.639053 	73.824112 	57.008770 	32.202484 	84.172440 	34.132095 	25.019993 	44.407207 	39.357338 	66.887962 	64.412735 	26.400757 	32.557640 	34.539833 	55.036350 	38.897301 	43.829212 	44.294468 	45.000000 	57.706154 	58.309521 	64.660652 	
42.544094 	77.233414 	28.442924 	84.433403 	37.483330 	45.099888 	33.241539 	43.737854 	89.185204 	37.121422 	22.090721 	25.495098 	44.283180 	23.194826 	63.953106 	45.398239 	21.213203 	60.415230 	38.948685 	64.327286 	70.327805 	84.118965 	25.495098 	56.515484 	74.094536 	5.000000 	82.377182 	4.000000 	61.220913 	107.424393 	84.876381 	37.483330 	28.178005 	36.069378 	999.000000 	53.740116 	54.451813 	44.687805 	76.157730 	108.724419 	92.849342 	68.117546 	48.104053 	69.814041 	25.000000 	80.280754 	74.632431 	33.241539 	32.249031 	42.190044 	32.756680 	59.228371 	38.418747 	54.037025 	48.083260 	49.040798 	62.032249 	59.033890 	61.326992 	67.082039 	
76.902534 	119.369179 	44.147480 	43.416588 	32.015621 	90.077744 	78.721024 	86.377083 	48.270073 	74.040527 	43.081318 	71.119621 	19.104973 	70.327805 	21.023796 	93.941475 	38.910152 	17.492855 	19.416489 	113.145920 	23.194826 	36.055511 	30.886890 	106.066017 	25.019993 	54.671749 	31.780497 	50.990196 	10.000000 	57.723480 	33.526108 	16.278820 	81.055534 	17.691807 	53.740116 	999.000000 	1.000000 	9.848858 	127.624451 	56.859474 	39.408119 	15.231546 	101.833199 	17.720045 	40.162170 	27.294687 	23.537205 	84.314888 	81.633324 	34.234486 	45.398239 	32.802441 	69.426216 	43.081318 	52.611786 	52.773098 	46.647614 	65.734314 	65.520988 	71.470276 	
77.878113 	120.332870 	45.122055 	43.680660 	33.015148 	91.000000 	79.624115 	87.315521 	48.507732 	75.000000 	44.011364 	72.006943 	20.099751 	71.196907 	21.470911 	94.826157 	39.812057 	18.027756 	20.396078 	114.039467 	23.345236 	36.013885 	31.764761 	106.943909 	25.000000 	55.443665 	31.575306 	51.739735 	10.049875 	57.489128 	33.241539 	17.029387 	81.835197 	18.384777 	54.451813 	1.000000 	999.000000 	10.295630 	128.471786 	56.462376 	38.832977 	14.317822 	102.552429 	16.763054 	40.496914 	26.419689 	22.561028 	84.876381 	82.152298 	34.132095 	45.541191 	32.202484 	69.634758 	42.720020 	52.469040 	52.611786 	46.141087 	65.513359 	65.253349 	71.168816 	
71.449280 	113.357841 	39.012817 	51.478149 	29.120440 	83.168503 	71.512238 	79.812279 	56.435802 	68.066147 	36.674240 	63.694584 	18.601076 	62.649822 	28.442924 	86.406021 	32.015621 	24.515301 	15.811388 	105.702415 	32.015621 	45.398239 	23.769728 	98.412399 	34.365681 	46.043457 	41.484936 	42.201897 	19.416489 	67.446274 	43.324360 	8.246211 	72.422371 	8.944272 	44.687805 	9.848858 	10.295630 	999.000000 	119.570061 	66.708321 	49.091751 	23.430750 	92.763138 	25.238859 	30.364452 	35.608986 	30.413813 	74.632431 	71.867935 	26.248810 	36.055511 	29.410883 	59.841457 	36.891735 	44.643028 	44.922153 	41.773197 	58.189346 	58.309521 	64.474800 	
60.745369 	36.674240 	87.114868 	146.659470 	101.316338 	41.400482 	50.249378 	46.615448 	150.445999 	59.816387 	85.603737 	57.008770 	113.229858 	57.428215 	131.795303 	34.655445 	89.050545 	129.189789 	109.622078 	18.384777 	138.946030 	151.380310 	96.798759 	22.671568 	143.282944 	73.790245 	151.743210 	77.820305 	133.221619 	173.954010 	154.673843 	111.646767 	48.104053 	110.639053 	76.157730 	127.624451 	128.471786 	119.570061 	999.000000 	177.654160 	164.805954 	142.688477 	35.128338 	144.754959 	99.624290 	154.870911 	149.966660 	61.032780 	66.030296 	117.046997 	104.560989 	134.714508 	94.000000 	127.121986 	117.098251 	118.088951 	134.937027 	123.065025 	126.099167 	130.000000 	
119.854080 	161.554947 	90.553848 	35.440090 	76.380623 	137.131317 	127.404869 	132.438660 	34.365681 	119.016808 	92.698433 	120.917328 	65.299309 	120.933868 	45.967381 	143.010483 	90.138779 	48.918301 	70.000000 	161.198639 	38.948685 	26.400757 	83.600243 	155.128983 	34.828148 	108.600182 	26.400757 	105.437187 	47.885281 	9.848858 	23.853722 	72.069412 	134.182709 	73.824112 	108.724419 	56.859474 	56.462376 	66.708321 	177.654160 	999.000000 	20.000000 	46.872166 	156.028839 	47.381432 	96.932968 	39.012817 	47.000000 	140.655609 	138.235306 	88.073830 	101.242287 	78.057671 	125.574677 	92.265923 	105.076164 	104.938080 	92.005432 	116.275536 	115.108643 	120.004166 	
109.567329 	152.118378 	78.230431 	35.440090 	64.140472 	125.399361 	114.856430 	121.078484 	37.161808 	107.912003 	79.202271 	107.800743 	51.613953 	107.447662 	34.539833 	130.430054 	75.927597 	36.235340 	55.317268 	149.214615 	27.513634 	21.377558 	68.622154 	142.635895 	23.086792 	93.348808 	16.031219 	89.872131 	31.827662 	25.632011 	13.000000 	55.443665 	119.519875 	57.008770 	92.849342 	39.408119 	38.832977 	49.091751 	164.805954 	20.000000 	999.000000 	27.513634 	140.801285 	27.658634 	78.714676 	19.026299 	27.000000 	123.709335 	120.950401 	68.680420 	82.280006 	58.077534 	106.625511 	72.339478 	85.328773 	85.158676 	72.006943 	96.332756 	95.131485 	100.004997 	
91.923882 	134.480484 	59.203041 	43.829212 	46.529560 	105.309067 	93.941475 	101.592323 	48.020828 	89.185204 	58.309521 	86.313385 	33.241539 	85.475143 	26.419689 	109.128365 	54.129475 	24.698177 	34.481880 	128.351074 	24.041630 	32.310989 	46.065170 	121.235306 	23.021729 	69.404610 	25.961510 	65.604881 	14.560220 	50.000000 	26.305893 	31.064449 	95.801880 	32.202484 	68.117546 	15.231546 	14.317822 	23.430750 	142.688477 	46.872166 	27.513634 	999.000000 	116.180893 	3.162278 	51.623638 	12.206555 	9.055386 	97.452553 	94.403389 	41.231056 	54.781384 	32.557640 	79.120163 	46.043457 	58.309521 	58.215118 	47.074409 	70.007141 	69.115845 	74.431175 	
54.037025 	57.314919 	67.977936 	128.891434 	81.123360 	37.363083 	37.054016 	41.773197 	133.296661 	50.039986 	64.140472 	39.293766 	90.801979 	37.947330 	110.435501 	28.792360 	66.030296 	107.200745 	86.052307 	34.409302 	117.200684 	130.667511 	72.470680 	28.284271 	121.210564 	47.507893 	129.630249 	50.931328 	109.041275 	153.941544 	132.279999 	85.562843 	22.360680 	84.172440 	48.104053 	101.833199 	102.552429 	92.763138 	35.128338 	156.028839 	140.801285 	116.180893 	999.000000 	117.796432 	68.476273 	128.316010 	122.441826 	26.019224 	31.016125 	85.428329 	71.867935 	103.315056 	59.076221 	94.244362 	83.198555 	84.172440 	101.833199 	88.277969 	91.350975 	95.047356 	
94.593872 	137.087570 	61.846584 	46.400433 	49.365982 	107.703293 	96.254868 	104.062485 	50.477718 	91.760559 	60.745369 	88.566360 	36.124783 	87.658424 	29.529646 	111.359779 	56.462376 	27.856777 	37.107952 	130.613937 	26.907248 	34.438351 	48.332184 	123.434196 	25.612497 	71.281136 	27.856777 	67.424034 	17.720045 	51.088158 	27.892651 	33.120991 	97.652443 	34.132095 	69.814041 	17.720045 	16.763054 	25.238859 	144.754959 	47.381432 	27.658634 	3.162278 	117.796432 	999.000000 	52.430908 	10.630146 	6.000000 	98.595131 	95.425362 	41.109608 	55.036350 	31.144823 	79.309517 	45.011108 	57.706154 	57.558666 	45.541191 	69.028976 	68.007355 	73.171036 	
65.459915 	102.176315 	41.036568 	80.024994 	41.593269 	70.064255 	58.137768 	68.468971 	85.023529 	60.440052 	34.828148 	50.249378 	40.447498 	48.093658 	57.140179 	70.256676 	30.413813 	53.150730 	34.525352 	88.955048 	61.814240 	75.504967 	26.925823 	81.049370 	64.536812 	29.154760 	71.840103 	25.317978 	49.729267 	97.800819 	73.681747 	27.018513 	51.662365 	25.019993 	25.000000 	40.162170 	40.496914 	30.364452 	99.624290 	96.932968 	78.714676 	51.623638 	68.476273 	52.430908 	999.000000 	63.007935 	56.080299 	46.690472 	43.185646 	17.464249 	9.899495 	35.114101 	30.016663 	29.068884 	25.238859 	26.076809 	37.054016 	38.209946 	39.824615 	46.097721 	
103.445641 	146.102707 	70.837845 	45.453274 	57.723480 	117.273186 	105.990562 	113.463654 	48.795490 	100.900940 	70.263786 	98.412399 	44.384682 	97.616600 	33.541019 	121.235306 	66.189125 	33.060551 	46.238514 	140.431473 	28.792360 	31.827662 	58.180752 	133.360413 	25.942244 	81.608826 	24.758837 	77.801025 	24.186773 	44.147480 	23.600847 	43.266617 	108.004631 	44.407207 	80.280754 	27.294687 	26.419689 	35.608986 	154.870911 	39.012817 	19.026299 	12.206555 	128.316010 	10.630146 	63.007935 	999.000000 	8.062258 	109.224541 	106.042442 	51.078373 	65.299309 	39.204590 	89.470665 	53.600372 	66.940269 	66.708321 	53.000000 	77.524193 	76.236473 	81.024689 	
100.439034 	142.874069 	67.683083 	50.249378 	55.326305 	113.296074 	101.769348 	109.731491 	54.037025 	97.529480 	66.407829 	94.021271 	42.107006 	93.037628 	34.928497 	116.777565 	62.032249 	33.526108 	42.953465 	136.058807 	31.622776 	37.443291 	53.851646 	128.809937 	29.732138 	76.321686 	30.528675 	72.401657 	23.537205 	51.788029 	29.966648 	38.483765 	102.625534 	39.357338 	74.632431 	23.537205 	22.561028 	30.413813 	149.966660 	47.000000 	27.000000 	9.055386 	122.441826 	6.000000 	56.080299 	8.062258 	999.000000 	102.591423 	99.247169 	43.382023 	57.801384 	31.144823 	81.841309 	45.541191 	58.940647 	58.694122 	45.011108 	69.462219 	68.183578 	73.006851 	
59.941639 	77.897369 	60.133186 	117.643532 	70.611610 	50.209560 	43.266617 	52.497620 	122.413231 	54.561890 	54.451813 	40.311287 	77.252831 	37.696156 	96.772926 	44.407207 	54.341511 	93.107468 	71.693794 	57.245087 	102.883430 	116.777565 	58.523499 	49.769470 	106.437775 	35.355339 	114.529472 	37.107952 	92.784698 	139.989288 	116.846054 	68.600288 	24.839485 	66.887962 	33.241539 	84.314888 	84.876381 	74.632431 	61.032780 	140.655609 	123.709335 	97.452553 	26.019224 	98.595131 	46.690472 	109.224541 	102.591423 	999.000000 	5.000000 	62.425957 	48.020828 	80.156097 	33.060551 	69.778221 	57.870544 	58.821766 	77.077881 	62.289646 	65.375839 	69.028976 	
62.433964 	82.298241 	60.008331 	116.211014 	69.720871 	53.907330 	46.227695 	55.865910 	121.037186 	56.938564 	54.037025 	42.544094 	75.584389 	39.824615 	94.921021 	48.548943 	53.460266 	91.181137 	69.892776 	61.983868 	100.846420 	114.769333 	57.008770 	54.424259 	104.278473 	35.000000 	112.258629 	36.221542 	90.354858 	137.884003 	114.490173 	66.189125 	28.319605 	64.412735 	32.249031 	81.633324 	82.152298 	71.867935 	66.030296 	138.235306 	120.950401 	94.403389 	31.016125 	95.425362 	43.185646 	106.042442 	99.247169 	5.000000 	999.000000 	58.412327 	43.829212 	76.026314 	28.071337 	65.299309 	53.141319 	54.083271 	72.498276 	57.314919 	60.406952 	64.031242 	
80.808418 	119.016808 	52.773098 	77.466118 	48.836460 	87.005745 	75.000000 	85.094063 	82.377182 	76.118332 	47.539455 	67.007462 	42.720020 	65.007690 	54.571056 	87.572830 	42.544094 	50.695168 	37.802116 	106.367287 	57.428215 	70.028564 	36.359318 	98.478424 	59.076221 	46.010868 	65.069191 	42.000000 	44.181442 	90.553848 	66.272163 	28.017851 	69.123077 	26.400757 	42.190044 	34.234486 	34.132095 	26.248810 	117.046997 	88.073830 	68.680420 	41.231056 	85.428329 	41.109608 	17.464249 	51.078373 	43.382023 	62.425957 	58.412327 	999.000000 	14.866069 	17.888544 	38.470768 	13.416408 	18.439089 	18.681541 	20.880613 	31.953091 	32.202484 	38.470768 	
74.464760 	109.772491 	50.931328 	87.143562 	51.107731 	77.646637 	65.924202 	76.485291 	92.135773 	69.289246 	44.687805 	58.249462 	48.764740 	55.901699 	64.070274 	77.006493 	40.311287 	60.074955 	43.011627 	95.189285 	68.066147 	81.394104 	36.619667 	87.206650 	70.349129 	37.363083 	77.103828 	33.837849 	55.326305 	102.961159 	78.644768 	34.525352 	57.314919 	32.557640 	32.756680 	45.398239 	45.541191 	36.055511 	104.560989 	101.242287 	82.280006 	54.781384 	71.867935 	55.036350 	9.899495 	65.299309 	57.801384 	48.020828 	43.829212 	14.866069 	999.000000 	32.202484 	24.351591 	22.561028 	15.652476 	16.552946 	30.413813 	28.319605 	30.000000 	36.235340 	
95.425362 	135.133270 	65.000000 	74.732857 	57.697487 	103.392456 	91.350975 	101.079178 	79.309517 	91.137260 	60.827625 	83.294655 	48.010414 	81.498466 	53.535034 	104.560989 	55.731499 	50.219517 	44.777225 	123.555656 	54.129475 	64.560051 	48.270073 	115.732452 	54.424259 	62.649822 	58.463665 	58.549126 	41.182522 	82.219215 	58.855755 	35.341194 	86.683334 	34.539833 	59.228371 	32.802441 	32.202484 	29.410883 	134.714508 	78.057671 	58.077534 	32.557640 	103.315056 	31.144823 	35.114101 	39.204590 	31.144823 	80.156097 	76.026314 	17.888544 	32.202484 	999.000000 	54.037025 	14.560220 	28.635643 	28.231188 	14.560220 	38.327538 	37.054016 	42.047592 	
79.511009 	107.224068 	64.845970 	110.040901 	69.375786 	76.485291 	66.370171 	77.025970 	115.039124 	73.878281 	58.137768 	60.216278 	70.178345 	57.428215 	87.143562 	73.054771 	55.154327 	83.150467 	64.195015 	88.645363 	91.662422 	105.223572 	54.571056 	80.808418 	94.201912 	43.278172 	101.202766 	41.617306 	79.246452 	127.121986 	102.839684 	57.035076 	51.865211 	55.036350 	38.418747 	69.426216 	69.634758 	59.841457 	94.000000 	125.574677 	106.625511 	79.120163 	59.076221 	79.309517 	30.016663 	89.470665 	81.841309 	33.060551 	28.071337 	38.470768 	24.351591 	54.037025 	999.000000 	41.036568 	27.202942 	28.017851 	47.201694 	29.274563 	32.388271 	36.000000 	
93.861603 	131.244049 	66.189125 	86.330757 	61.846584 	99.126183 	87.206650 	97.514099 	91.093361 	89.050545 	60.926186 	79.309517 	54.671749 	77.162170 	64.078079 	99.080772 	55.946404 	60.415230 	50.209560 	117.515953 	65.802734 	77.278717 	49.739319 	109.553642 	66.708321 	58.215118 	71.568146 	54.332310 	52.497620 	96.020828 	72.249565 	40.311287 	79.762146 	38.897301 	54.037025 	43.081318 	42.720020 	36.891735 	127.121986 	92.265923 	72.339478 	46.043457 	94.244362 	45.011108 	29.068884 	53.600372 	45.541191 	69.778221 	65.299309 	13.416408 	22.561028 	14.560220 	41.036568 	999.000000 	14.422205 	13.892444 	8.000000 	24.020824 	23.086792 	28.635643 	
90.077744 	124.615410 	66.068146 	95.900993 	64.815125 	92.574295 	81.024689 	91.678787 	100.806747 	84.864601 	60.000000 	73.498299 	60.373837 	71.063354 	73.006851 	91.350975 	55.443665 	69.123077 	55.072678 	109.004585 	75.802376 	88.204308 	50.931328 	101.004951 	77.317528 	52.810986 	83.006027 	49.396355 	62.514000 	108.166542 	84.023804 	45.617977 	71.007042 	43.829212 	48.083260 	52.611786 	52.469040 	44.643028 	117.098251 	105.076164 	85.328773 	58.309521 	83.198555 	57.706154 	25.238859 	66.940269 	58.940647 	57.870544 	53.141319 	18.439089 	15.652476 	28.635643 	27.202942 	14.422205 	999.000000 	1.000000 	20.000000 	13.892444 	14.866069 	21.260292 	
91.000000 	125.602547 	66.843102 	96.104111 	65.436989 	93.557472 	82.000000 	92.649879 	101.000000 	85.796272 	60.802959 	74.464760 	60.827625 	72.034714 	73.246162 	92.347168 	56.222771 	69.375786 	55.569775 	110.004547 	75.953934 	88.277969 	51.623638 	102.004898 	77.414467 	53.758720 	83.024094 	50.328918 	62.649822 	108.115677 	84.005951 	46.065170 	72.006943 	44.294468 	49.040798 	52.773098 	52.611786 	44.922153 	118.088951 	104.938080 	85.158676 	58.215118 	84.172440 	57.558666 	26.076809 	66.708321 	58.694122 	58.821766 	54.083271 	18.681541 	16.552946 	28.231188 	28.017851 	13.892444 	1.000000 	999.000000 	19.209373 	13.416408 	14.212670 	20.615528 	
101.636604 	139.230026 	73.409805 	89.157166 	68.242218 	107.116760 	95.189285 	105.475113 	93.776329 	96.881371 	68.352028 	87.281158 	60.108234 	85.146935 	67.601776 	107.074738 	63.324562 	64.140472 	56.080299 	125.483070 	68.541962 	79.120163 	56.797886 	117.515953 	68.949257 	66.189125 	73.006851 	62.289646 	55.461697 	96.519424 	73.348480 	46.227695 	87.692642 	45.000000 	62.032249 	46.647614 	46.141087 	41.773197 	134.937027 	92.005432 	72.006943 	47.074409 	101.833199 	45.541191 	37.054016 	53.000000 	45.011108 	77.077881 	72.498276 	20.880613 	30.413813 	14.560220 	47.201694 	8.000000 	20.000000 	19.209373 	999.000000 	25.632011 	23.769728 	28.071337 	
101.533249 	133.880539 	79.246452 	109.142113 	78.600258 	102.200783 	91.082382 	101.843018 	114.004387 	96.150925 	73.000000 	83.934502 	74.242844 	81.344948 	86.400230 	100.019997 	68.622154 	82.565125 	68.963760 	116.726173 	88.842560 	100.841461 	64.536812 	108.779594 	90.094398 	63.953106 	95.336250 	60.901562 	75.504967 	120.004166 	96.130119 	59.481091 	79.075912 	57.706154 	59.033890 	65.734314 	65.513359 	58.189346 	123.065025 	116.275536 	96.332756 	70.007141 	88.277969 	69.028976 	38.209946 	77.524193 	69.462219 	62.289646 	57.314919 	31.953091 	28.319605 	38.327538 	29.274563 	24.020824 	13.892444 	13.416408 	25.632011 	999.000000 	3.162278 	8.062258 	
103.754517 	136.565002 	80.808418 	108.931168 	79.649231 	104.809349 	93.605553 	104.355164 	113.758514 	98.412399 	74.652527 	86.377083 	74.793045 	83.815269 	86.330757 	102.771591 	70.178345 	82.540901 	69.641945 	119.603508 	88.526833 	100.284592 	65.795135 	111.646767 	89.627007 	66.211784 	94.641426 	63.063461 	75.186432 	119.067207 	95.336250 	60.033325 	81.884064 	58.309521 	61.326992 	65.520988 	65.253349 	58.309521 	126.099167 	115.108643 	95.131485 	69.115845 	91.350975 	68.007355 	39.824615 	76.236473 	68.183578 	65.375839 	60.406952 	32.202484 	30.000000 	37.054016 	32.388271 	23.086792 	14.866069 	14.212670 	23.769728 	3.162278 	999.000000 	6.403124 	
