Total assets = 540
Number of asset nodes = 33

Distance:
999.000000 	105.418213 	78.771820 	96.829750 	41.109608 	57.271286 	64.845970 	91.263351 	86.556343 	87.045967 	10.198039 	39.204590 	134.536240 	40.792156 	91.809586 	44.147480 	23.086792 	112.160599 	63.694584 	121.016525 	110.258789 	27.073973 	15.811388 	46.690472 	129.417923 	20.615528 	17.888544 	14.317822 	104.292854 	59.203041 	123.987900 	24.351591 	20.808653 	83.006027 	21.095022 	127.914032 	80.653580 	109.077957 	21.931713 	33.837849 	55.145264 	28.653097 	23.259407 	53.009434 	106.550461 	
105.418213 	999.000000 	31.016125 	12.041595 	70.178345 	54.120235 	47.010635 	20.099751 	21.840330 	19.697716 	97.308784 	66.483078 	30.870699 	73.925636 	22.000000 	70.710678 	91.607857 	9.000000 	51.264023 	15.620500 	9.486833 	89.308456 	103.232750 	71.112587 	24.083189 	98.812958 	122.347862 	110.751976 	15.811388 	59.464275 	18.867962 	96.519424 	103.227905 	41.000000 	111.606453 	23.769728 	45.011108 	21.931713 	114.402794 	94.413979 	71.470276 	133.003754 	114.621117 	74.946648 	25.612497 	
78.771820 	31.016125 	999.000000 	19.723083 	40.360870 	23.600847 	16.124516 	12.727922 	25.079872 	22.135944 	72.006943 	39.824615 	61.846584 	43.600460 	13.038404 	40.224369 	62.241467 	35.227829 	20.248457 	45.276924 	32.802441 	59.548298 	74.249580 	40.311287 	54.203320 	69.354164 	94.641426 	82.073135 	25.612497 	28.460499 	47.434166 	66.708321 	73.661385 	16.278820 	82.134033 	50.328918 	18.867962 	30.413813 	84.958817 	63.812225 	40.521599 	104.995239 	85.041168 	43.965897 	28.460499 	
96.829750 	12.041595 	19.723083 	999.000000 	59.816387 	43.266617 	35.846897 	8.062258 	20.880613 	17.464249 	89.308456 	57.628117 	42.379242 	63.245552 	10.049875 	59.908264 	81.565926 	15.620500 	39.812057 	25.553865 	13.453624 	79.025314 	93.434471 	60.033325 	34.481880 	88.729927 	113.278419 	101.138519 	10.049875 	47.927029 	27.802877 	86.214851 	93.085983 	29.017237 	101.533249 	31.144823 	33.000000 	17.262676 	104.350372 	83.528435 	59.808025 	123.794182 	104.484451 	63.324562 	18.788294 	
41.109608 	70.178345 	40.360870 	59.816387 	999.000000 	17.029387 	24.839485 	53.075417 	55.659679 	54.781384 	37.121422 	13.601471 	100.846420 	5.099020 	53.037724 	5.000000 	21.931713 	75.432091 	22.825424 	85.211502 	73.109505 	19.209373 	34.058773 	8.602325 	94.047859 	29.000000 	55.226807 	42.011902 	65.764732 	18.248287 	87.618492 	26.400757 	33.301651 	42.047592 	41.773197 	90.686272 	39.560081 	69.656296 	44.598206 	25.000000 	18.357559 	65.215027 	44.687805 	18.439089 	66.610809 	
57.271286 	54.120235 	23.600847 	43.266617 	17.029387 	999.000000 	7.810250 	36.235340 	42.190044 	40.607880 	51.923019 	21.000000 	84.970581 	20.000000 	36.069378 	16.643316 	38.948685 	58.821766 	7.000000 	68.796799 	56.400356 	36.069378 	51.088158 	17.088007 	77.698135 	45.967381 	72.111023 	59.033890 	48.795490 	9.433981 	71.028160 	43.185646 	50.209560 	25.961510 	58.694122 	73.878281 	24.186773 	52.630791 	61.522354 	40.311287 	20.223749 	82.200974 	61.554855 	23.021729 	49.648766 	
64.845970 	47.010635 	16.124516 	35.846897 	24.839485 	7.810250 	999.000000 	28.600698 	37.054016 	35.014282 	59.135437 	27.459061 	77.878113 	27.658634 	28.319605 	24.207438 	46.754681 	51.312767 	5.099020 	61.400326 	48.826221 	43.840622 	58.898216 	24.186773 	70.327805 	53.758720 	79.881165 	66.843102 	41.036568 	13.038404 	63.513779 	50.931328 	57.982758 	19.104973 	66.468040 	66.219330 	18.110771 	44.821869 	69.296463 	47.707443 	25.179358 	90.000000 	69.310890 	28.442924 	41.880783 	
91.263351 	20.099751 	12.727922 	8.062258 	53.075417 	36.235340 	28.600698 	999.000000 	23.600847 	20.000000 	84.219948 	52.153618 	50.289165 	56.222771 	2.828427 	52.801514 	74.966660 	22.825424 	32.249031 	33.105892 	20.248457 	72.249565 	86.977005 	52.697250 	42.047592 	82.073135 	107.298645 	94.794518 	13.038404 	40.249222 	34.985710 	79.397736 	86.371292 	21.095022 	94.847244 	37.643059 	25.019993 	18.681541 	97.672920 	76.275818 	52.000000 	117.686020 	97.744568 	55.542778 	18.000000 	
86.556343 	21.840330 	25.079872 	20.880613 	55.659679 	42.190044 	37.054016 	23.600847 	999.000000 	3.605551 	77.794601 	48.877399 	48.083260 	60.166435 	26.400757 	57.489128 	75.584389 	30.594116 	42.107006 	36.674240 	30.149628 	73.925636 	86.452301 	58.855755 	44.102154 	82.734512 	104.019226 	93.493317 	30.805843 	50.009998 	40.311287 	81.024689 	87.206650 	40.816662 	95.294281 	45.541191 	43.829212 	38.078865 	98.005104 	80.653580 	62.008064 	114.808533 	98.412399 	65.069191 	39.560081 	
87.045967 	19.697716 	22.135944 	17.464249 	54.781384 	40.607880 	35.014282 	20.000000 	3.605551 	999.000000 	78.517517 	48.826221 	47.507893 	59.135437 	22.803509 	56.320511 	75.179787 	28.160255 	40.000000 	34.985710 	27.459061 	73.348480 	86.284416 	57.489128 	42.801868 	82.365044 	104.350372 	93.477272 	27.459061 	48.041649 	38.470768 	80.498444 	86.833176 	37.589893 	95.015785 	43.462627 	40.718548 	34.713108 	97.754799 	79.711983 	60.133186 	115.108643 	98.112183 	63.285069 	36.055511 	
10.198039 	97.308784 	72.006943 	89.308456 	37.121422 	51.923019 	59.135437 	84.219948 	77.794601 	78.517517 	999.000000 	32.202484 	125.872955 	38.052597 	85.000000 	41.000000 	24.186773 	104.403069 	58.694122 	112.929184 	102.649887 	27.730848 	21.954498 	44.045429 	121.165176 	24.758837 	27.856777 	23.345236 	97.247108 	55.326305 	116.038788 	27.658634 	26.627054 	77.884529 	29.410883 	120.208153 	75.927597 	102.420700 	30.805843 	36.619667 	53.338543 	38.483765 	32.015621 	51.788029 	100.224747 	
39.204590 	66.483078 	39.824615 	57.628117 	13.601471 	21.000000 	27.459061 	52.153618 	48.877399 	48.826221 	32.202484 	999.000000 	96.213303 	18.357559 	52.839378 	18.439089 	27.202942 	73.000000 	28.000000 	82.024384 	71.063354 	26.305893 	37.589893 	21.931713 	90.553848 	34.176014 	55.865910 	44.654228 	65.192024 	27.202942 	84.899940 	32.984844 	38.626415 	46.529560 	46.518814 	88.729927 	45.099888 	70.235321 	49.193497 	35.014282 	31.240999 	66.528191 	49.658836 	31.827662 	68.029404 	
134.536240 	30.870699 	61.846584 	42.379242 	100.846420 	84.970581 	77.878113 	50.289165 	48.083260 	47.507893 	125.872955 	96.213303 	999.000000 	104.709122 	51.662365 	101.533249 	122.036880 	28.284271 	82.079231 	18.027756 	31.257000 	119.887444 	133.454117 	101.980392 	10.440307 	129.247818 	151.855194 	140.801285 	41.194660 	90.249657 	18.248287 	127.094452 	133.689941 	70.213959 	142.003525 	21.023796 	74.330345 	43.104523 	144.779144 	125.239769 	102.181213 	162.606888 	145.055161 	105.688217 	48.093658 	
40.792156 	73.925636 	43.600460 	63.245552 	5.099020 	20.000000 	27.658634 	56.222771 	60.166435 	59.135437 	38.052597 	18.357559 	104.709122 	999.000000 	55.973209 	3.605551 	19.723083 	78.816238 	24.839485 	88.752464 	76.400261 	16.401220 	31.906113 	6.000000 	97.637085 	26.400757 	53.665630 	39.962482 	68.680420 	18.788294 	91.021973 	23.345236 	30.479502 	43.566040 	38.948685 	93.861603 	40.706264 	72.180328 	41.773197 	20.615528 	15.524175 	63.285069 	41.725292 	14.764823 	68.883957 	
91.809586 	22.000000 	13.038404 	10.049875 	53.037724 	36.069378 	28.319605 	2.828427 	26.400757 	22.803509 	85.000000 	52.839378 	51.662365 	55.973209 	999.000000 	52.497620 	74.966660 	23.769728 	31.622776 	34.176014 	21.023796 	72.138756 	87.045967 	52.201534 	43.081318 	82.024384 	107.615051 	94.921021 	12.727922 	39.446167 	35.777088 	79.246452 	86.278618 	19.000000 	94.762863 	38.013157 	23.021729 	17.464249 	97.590981 	75.802376 	50.990196 	117.923706 	97.621719 	54.561890 	16.124516 	
44.147480 	70.710678 	40.224369 	59.908264 	5.000000 	16.643316 	24.207438 	52.801514 	57.489128 	56.320511 	41.000000 	18.439089 	101.533249 	3.605551 	52.497620 	999.000000 	23.323807 	75.451973 	21.260292 	85.440041 	73.006851 	20.000000 	35.510563 	3.605551 	94.339813 	30.000000 	57.245087 	43.566040 	65.192024 	15.231546 	87.658424 	26.907248 	34.058773 	39.962482 	42.520584 	90.426765 	37.121422 	68.622154 	45.343136 	23.706539 	13.416408 	66.887962 	45.276924 	13.453624 	65.299309 	
23.086792 	91.607857 	62.241467 	81.565926 	21.931713 	38.948685 	46.754681 	74.966660 	75.584389 	75.179787 	24.186773 	27.202942 	122.036880 	19.723083 	74.966660 	23.323807 	999.000000 	97.185387 	44.407207 	106.826965 	94.921021 	4.000000 	12.206555 	25.079872 	115.602768 	7.211102 	34.014702 	20.248457 	87.692642 	38.470768 	109.343498 	6.000000 	11.661903 	63.285069 	20.000000 	112.538879 	60.415230 	91.547798 	22.803509 	12.727922 	32.557640 	43.566040 	23.021729 	30.149628 	88.408142 	
112.160599 	9.000000 	35.227829 	15.620500 	75.432091 	58.821766 	51.312767 	22.825424 	30.594116 	28.160255 	104.403069 	73.000000 	28.284271 	78.816238 	23.769728 	75.451973 	97.185387 	999.000000 	55.072678 	10.440307 	3.000000 	94.641426 	109.041275 	75.471848 	19.313208 	104.350372 	128.763351 	116.726173 	13.000000 	63.063461 	12.206555 	101.828285 	108.706024 	41.976185 	117.153748 	15.811388 	46.097721 	16.552946 	119.970833 	99.020203 	74.732857 	139.316193 	120.104118 	78.294319 	21.189621 	
63.694584 	51.264023 	20.248457 	39.812057 	22.825424 	7.000000 	5.099020 	32.249031 	42.107006 	40.000000 	58.694122 	28.000000 	82.079231 	24.839485 	31.622776 	21.260292 	44.407207 	55.072678 	999.000000 	65.299309 	52.478565 	41.231056 	56.612720 	20.615528 	74.242844 	51.224995 	78.032043 	64.637451 	44.204071 	8.246211 	67.230942 	48.166378 	55.317268 	19.313208 	63.780876 	69.634758 	17.262676 	47.381432 	66.603302 	44.204071 	20.396078 	87.920418 	66.528191 	23.769728 	44.045429 	
121.016525 	15.620500 	45.276924 	25.553865 	85.211502 	68.796799 	61.400326 	33.105892 	36.674240 	34.985710 	112.929184 	82.024384 	18.027756 	88.752464 	34.176014 	85.440041 	106.826965 	10.440307 	65.299309 	999.000000 	13.341664 	104.403069 	118.562218 	85.586212 	8.944272 	114.017540 	137.887634 	126.150703 	23.194826 	73.348480 	4.000000 	111.606453 	118.406082 	52.392746 	126.822708 	10.049875 	56.515484 	25.317978 	129.630249 	109.077957 	85.088188 	148.519363 	129.807556 	88.639717 	30.265491 	
110.258789 	9.486833 	32.802441 	13.453624 	73.109505 	56.400356 	48.826221 	20.248457 	30.149628 	27.459061 	102.649887 	71.063354 	31.257000 	76.400261 	21.023796 	73.006851 	94.921021 	3.000000 	52.478565 	13.341664 	999.000000 	92.314682 	106.831642 	72.945183 	22.135944 	102.068604 	126.732002 	114.560028 	10.000000 	60.415230 	14.764823 	99.488693 	106.404884 	39.051247 	114.865135 	17.691807 	43.174065 	13.892444 	117.686020 	96.519424 	72.013885 	137.244308 	117.796432 	75.584389 	18.384777 	
27.073973 	89.308456 	59.548298 	79.025314 	19.209373 	36.069378 	43.840622 	72.249565 	73.925636 	73.348480 	27.730848 	26.305893 	119.887444 	16.401220 	72.138756 	20.000000 	4.000000 	94.641426 	41.231056 	104.403069 	92.314682 	999.000000 	15.652476 	21.470911 	113.225441 	10.000000 	37.696156 	23.706539 	84.864601 	34.985710 	106.826965 	7.211102 	14.142136 	59.908264 	22.627417 	109.877205 	56.938564 	88.526833 	25.455845 	10.295630 	28.635643 	47.010635 	25.495098 	26.172504 	85.276024 	
15.811388 	103.232750 	74.249580 	93.434471 	34.058773 	51.088158 	58.898216 	86.977005 	86.452301 	86.284416 	21.954498 	37.589893 	133.454117 	31.906113 	87.045967 	35.510563 	12.206555 	109.041275 	56.612720 	118.562218 	106.831642 	15.652476 	999.000000 	37.121422 	127.283150 	6.082763 	22.135944 	8.062258 	99.764725 	50.606323 	121.165176 	10.049875 	5.000000 	75.471848 	9.219544 	124.482933 	72.560318 	103.711136 	11.704700 	19.104973 	43.965897 	31.384710 	12.369317 	41.231056 	100.603180 	
46.690472 	71.112587 	40.311287 	60.033325 	8.602325 	17.088007 	24.186773 	52.697250 	58.855755 	57.489128 	44.045429 	21.931713 	101.980392 	6.000000 	52.201534 	3.605551 	25.079872 	75.471848 	20.615528 	85.586212 	72.945183 	21.470911 	37.121422 	999.000000 	94.514549 	31.384710 	59.093147 	45.177429 	64.815125 	13.601471 	87.664131 	28.017851 	35.227829 	38.600517 	43.600460 	90.210861 	35.510563 	67.896980 	46.400433 	23.600847 	9.848858 	68.476273 	46.227695 	9.899495 	64.381676 	
129.417923 	24.083189 	54.203320 	34.481880 	94.047859 	77.698135 	70.327805 	42.047592 	44.102154 	42.801868 	121.165176 	90.553848 	10.440307 	97.637085 	43.081318 	94.339813 	115.602768 	19.313208 	74.242844 	8.944272 	22.135944 	113.225441 	127.283150 	94.514549 	999.000000 	122.800652 	146.413803 	134.825821 	31.780497 	82.292160 	8.000000 	120.432556 	127.200630 	61.131008 	135.602356 	10.816654 	65.253349 	33.000000 	138.405197 	117.991524 	94.021271 	157.079605 	138.600143 	97.575615 	38.000000 	
20.615528 	98.812958 	69.354164 	88.729927 	29.000000 	45.967381 	53.758720 	82.073135 	82.734512 	82.365044 	24.758837 	34.176014 	129.247818 	26.400757 	82.024384 	30.000000 	7.211102 	104.350372 	51.224995 	114.017540 	102.068604 	10.000000 	6.082763 	31.384710 	122.800652 	999.000000 	28.160255 	13.928389 	94.752312 	44.944408 	116.516090 	4.000000 	4.472136 	69.892776 	12.806249 	119.670380 	66.887962 	98.493652 	15.620500 	13.341664 	37.947330 	37.121422 	15.811388 	35.171009 	95.268044 	
17.888544 	122.347862 	94.641426 	113.278419 	55.226807 	72.111023 	79.881165 	107.298645 	104.019226 	104.350372 	27.856777 	55.865910 	151.855194 	53.665630 	107.615051 	57.245087 	34.014702 	128.763351 	78.032043 	137.887634 	126.732002 	37.696156 	22.135944 	59.093147 	146.413803 	28.160255 	999.000000 	14.317822 	120.253899 	72.449982 	140.730240 	32.015621 	25.317978 	97.128784 	19.104973 	144.422989 	94.366310 	124.619423 	17.464249 	40.311287 	66.098412 	10.816654 	18.681541 	63.324562 	121.757957 	
14.317822 	110.751976 	82.073135 	101.138519 	42.011902 	59.033890 	66.843102 	94.794518 	93.493317 	93.477272 	23.345236 	44.654228 	140.801285 	39.962482 	94.921021 	43.566040 	20.248457 	116.726173 	64.637451 	126.150703 	114.560028 	23.706539 	8.062258 	45.177429 	134.825821 	13.928389 	14.317822 	999.000000 	107.628990 	58.668560 	128.817703 	17.720045 	11.045361 	83.528435 	7.071068 	132.230865 	80.622574 	111.664673 	7.615773 	26.076809 	51.865211 	23.323807 	8.944272 	49.040798 	108.600182 	
104.292854 	15.811388 	25.612497 	10.049875 	65.764732 	48.795490 	41.036568 	13.038404 	30.805843 	27.459061 	97.247108 	65.192024 	41.194660 	68.680420 	12.727922 	65.192024 	87.692642 	13.000000 	44.204071 	23.194826 	10.000000 	84.864601 	99.764725 	64.815125 	31.780497 	94.752312 	120.253899 	107.628990 	999.000000 	51.865211 	24.041630 	91.967384 	99.005051 	29.410883 	107.489532 	25.553865 	33.526108 	7.280110 	110.317726 	88.408142 	63.134777 	130.598618 	110.344917 	66.730804 	9.899495 	
59.203041 	59.464275 	28.460499 	47.927029 	18.248287 	9.433981 	13.038404 	40.249222 	50.009998 	48.041649 	55.326305 	27.202942 	90.249657 	18.788294 	39.446167 	15.231546 	38.470768 	63.063461 	8.246211 	73.348480 	60.415230 	34.985710 	50.606323 	13.601471 	82.292160 	44.944408 	72.449982 	58.668560 	51.865211 	999.000000 	75.179787 	41.617306 	48.826221 	25.000000 	57.201397 	77.388626 	21.954498 	54.561890 	60.000000 	36.796738 	12.165525 	81.987801 	59.816387 	15.524175 	50.911690 	
123.987900 	18.867962 	47.434166 	27.802877 	87.618492 	71.028160 	63.513779 	34.985710 	40.311287 	38.470768 	116.038788 	84.899940 	18.248287 	91.021973 	35.777088 	87.658424 	109.343498 	12.206555 	67.230942 	4.000000 	14.764823 	106.826965 	121.165176 	87.664131 	8.000000 	116.516090 	140.730240 	128.817703 	24.041630 	75.179787 	999.000000 	114.017540 	120.880104 	53.450912 	129.321304 	6.082763 	57.567352 	25.000000 	132.136292 	111.220505 	86.764046 	151.320847 	132.279999 	90.338257 	30.000000 	
24.351591 	96.519424 	66.708321 	86.214851 	26.400757 	43.185646 	50.931328 	79.397736 	81.024689 	80.498444 	27.658634 	32.984844 	127.094452 	23.345236 	79.246452 	26.907248 	6.000000 	101.828285 	48.166378 	111.606453 	99.488693 	7.211102 	10.049875 	28.017851 	120.432556 	4.000000 	32.015621 	17.720045 	91.967384 	41.617306 	114.017540 	999.000000 	7.211102 	66.610809 	15.620500 	117.034180 	63.513779 	95.524864 	18.439089 	9.486833 	34.176014 	40.718548 	18.384777 	31.320919 	92.195442 	
20.808653 	103.227905 	73.661385 	93.085983 	33.301651 	50.209560 	57.982758 	86.371292 	87.206650 	86.833176 	26.627054 	38.626415 	133.689941 	30.479502 	86.278618 	34.058773 	11.661903 	108.706024 	55.317268 	118.406082 	106.404884 	14.142136 	5.000000 	35.227829 	127.200630 	4.472136 	25.317978 	11.045361 	99.005051 	48.826221 	120.880104 	7.211102 	999.000000 	73.817345 	8.485281 	123.987900 	70.724815 	102.649887 	11.313708 	15.033297 	41.231056 	33.615471 	11.401754 	38.275318 	99.357941 	
83.006027 	41.000000 	16.278820 	29.017237 	42.047592 	25.961510 	19.104973 	21.095022 	40.816662 	37.589893 	77.884529 	46.529560 	70.213959 	43.566040 	19.000000 	39.962482 	63.285069 	41.976185 	19.313208 	52.392746 	39.051247 	59.908264 	75.471848 	38.600517 	61.131008 	69.892776 	97.128784 	83.528435 	29.410883 	25.000000 	53.450912 	66.610809 	73.817345 	999.000000 	82.200974 	54.625999 	4.123106 	30.528675 	85.000000 	61.554855 	34.828148 	106.850365 	84.811554 	38.418747 	26.400757 	
21.095022 	111.606453 	82.134033 	101.533249 	41.773197 	58.694122 	66.468040 	94.847244 	95.294281 	95.015785 	29.410883 	46.518814 	142.003525 	38.948685 	94.762863 	42.520584 	20.000000 	117.153748 	63.780876 	126.822708 	114.865135 	22.627417 	9.219544 	43.600460 	135.602356 	12.806249 	19.104973 	7.071068 	107.489532 	57.201397 	129.321304 	15.620500 	8.485281 	82.200974 	999.000000 	132.457535 	79.056938 	111.126053 	2.828427 	22.135944 	49.193497 	25.961510 	3.162278 	46.097721 	107.814659 	
127.914032 	23.769728 	50.328918 	31.144823 	90.686272 	73.878281 	66.219330 	37.643059 	45.541191 	43.462627 	120.208153 	88.729927 	21.023796 	93.861603 	38.013157 	90.426765 	112.538879 	15.811388 	69.634758 	10.049875 	17.691807 	109.877205 	124.482933 	90.210861 	10.816654 	119.670380 	144.422989 	132.230865 	25.553865 	77.388626 	6.082763 	117.034180 	123.987900 	54.625999 	132.457535 	999.000000 	58.694122 	24.738634 	135.281189 	113.811249 	88.684837 	154.935471 	135.369858 	92.282173 	29.614185 	
80.653580 	45.011108 	18.867962 	33.000000 	39.560081 	24.186773 	18.110771 	25.019993 	43.829212 	40.718548 	75.927597 	45.099888 	74.330345 	40.706264 	23.021729 	37.121422 	60.415230 	46.097721 	17.262676 	56.515484 	43.174065 	56.938564 	72.560318 	35.510563 	65.253349 	66.887962 	94.366310 	80.622574 	33.526108 	21.954498 	57.567352 	63.513779 	70.724815 	4.123106 	79.056938 	58.694122 	999.000000 	34.481880 	81.841309 	58.137768 	31.144823 	103.942291 	81.608826 	34.713108 	30.232433 	
109.077957 	21.931713 	30.413813 	17.262676 	69.656296 	52.630791 	44.821869 	18.681541 	38.078865 	34.713108 	102.420700 	70.235321 	43.104523 	72.180328 	17.464249 	68.622154 	91.547798 	16.552946 	47.381432 	25.317978 	13.892444 	88.526833 	103.711136 	67.896980 	33.000000 	98.493652 	124.619423 	111.664673 	7.280110 	54.561890 	25.000000 	95.524864 	102.649887 	30.528675 	111.126053 	24.738634 	34.481880 	999.000000 	113.951744 	91.350975 	65.215027 	134.807266 	113.899078 	68.818604 	5.000000 	
21.931713 	114.402794 	84.958817 	104.350372 	44.598206 	61.522354 	69.296463 	97.672920 	98.005104 	97.754799 	30.805843 	49.193497 	144.779144 	41.773197 	97.590981 	45.343136 	22.803509 	119.970833 	66.603302 	129.630249 	117.686020 	25.455845 	11.704700 	46.400433 	138.405197 	15.620500 	17.464249 	7.615773 	110.317726 	60.000000 	132.136292 	18.439089 	11.313708 	85.000000 	2.828427 	135.281189 	81.841309 	113.951744 	999.000000 	24.698177 	51.884487 	23.537205 	1.414214 	48.754486 	110.634537 	
33.837849 	94.413979 	63.812225 	83.528435 	25.000000 	40.311287 	47.707443 	76.275818 	80.653580 	79.711983 	36.619667 	35.014282 	125.239769 	20.615528 	75.802376 	23.706539 	12.727922 	99.020203 	44.204071 	109.077957 	96.519424 	10.295630 	19.104973 	23.600847 	117.991524 	13.341664 	40.311287 	26.076809 	88.408142 	36.796738 	111.220505 	9.486833 	15.033297 	61.554855 	22.135944 	113.811249 	58.137768 	91.350975 	24.698177 	999.000000 	27.459061 	48.083260 	24.166092 	24.186773 	87.692642 	
55.145264 	71.470276 	40.521599 	59.808025 	18.357559 	20.223749 	25.179358 	52.000000 	62.008064 	60.133186 	53.338543 	31.240999 	102.181213 	15.524175 	50.990196 	13.416408 	32.557640 	74.732857 	20.396078 	85.088188 	72.013885 	28.635643 	43.965897 	9.848858 	94.021271 	37.947330 	66.098412 	51.865211 	63.134777 	12.165525 	86.764046 	34.176014 	41.231056 	34.828148 	49.193497 	88.684837 	31.144823 	65.215027 	51.884487 	27.459061 	999.000000 	74.846512 	51.478149 	3.605551 	61.220913 	
28.653097 	133.003754 	104.995239 	123.794182 	65.215027 	82.200974 	90.000000 	117.686020 	114.808533 	115.108643 	38.483765 	66.528191 	162.606888 	63.285069 	117.923706 	66.887962 	43.566040 	139.316193 	87.920418 	148.519363 	137.244308 	47.010635 	31.384710 	68.476273 	157.079605 	37.121422 	10.816654 	23.323807 	130.598618 	81.987801 	151.320847 	40.718548 	33.615471 	106.850365 	25.961510 	154.935471 	103.942291 	134.807266 	23.537205 	48.083260 	74.846512 	999.000000 	24.331051 	71.867935 	131.825638 	
23.259407 	114.621117 	85.041168 	104.484451 	44.687805 	61.554855 	69.310890 	97.744568 	98.412399 	98.112183 	32.015621 	49.658836 	145.055161 	41.725292 	97.621719 	45.276924 	23.021729 	120.104118 	66.528191 	129.807556 	117.796432 	25.495098 	12.369317 	46.227695 	138.600143 	15.811388 	18.681541 	8.944272 	110.344917 	59.816387 	132.279999 	18.384777 	11.401754 	84.811554 	3.162278 	135.369858 	81.608826 	113.899078 	1.414214 	24.166092 	51.478149 	24.331051 	999.000000 	48.301140 	110.535065 	
53.009434 	74.946648 	43.965897 	63.324562 	18.439089 	23.021729 	28.442924 	55.542778 	65.069191 	63.285069 	51.788029 	31.827662 	105.688217 	14.764823 	54.561890 	13.453624 	30.149628 	78.294319 	23.769728 	88.639717 	75.584389 	26.172504 	41.231056 	9.899495 	97.575615 	35.171009 	63.324562 	49.040798 	66.730804 	15.524175 	90.338257 	31.320919 	38.275318 	38.418747 	46.097721 	92.282173 	34.713108 	68.818604 	48.754486 	24.186773 	3.605551 	71.867935 	48.301140 	999.000000 	64.815125 	
106.550461 	25.612497 	28.460499 	18.788294 	66.610809 	49.648766 	41.880783 	18.000000 	39.560081 	36.055511 	100.224747 	68.029404 	48.093658 	68.883957 	16.124516 	65.299309 	88.408142 	21.189621 	44.045429 	30.265491 	18.384777 	85.276024 	100.603180 	64.381676 	38.000000 	95.268044 	121.757957 	108.600182 	9.899495 	50.911690 	30.000000 	92.195442 	99.357941 	26.400757 	107.814659 	29.614185 	30.232433 	5.000000 	110.634537 	87.692642 	61.220913 	131.825638 	110.535065 	64.815125 	999.000000 	

Travel time:
9.000000 	2.635455 	1.969296 	2.420744 	1.027740 	1.431782 	1.621149 	2.281584 	2.163908 	2.176149 	0.254951 	0.980115 	3.363406 	1.019804 	2.295240 	1.103687 	0.577170 	2.804015 	1.592365 	3.025413 	2.756470 	0.676849 	0.395285 	1.167262 	3.235448 	0.515388 	0.447214 	0.357946 	2.607321 	1.480076 	3.099698 	0.608790 	0.520216 	2.075151 	0.527376 	3.197851 	2.016340 	2.726949 	0.548293 	0.845946 	1.378632 	0.716327 	0.581485 	1.325236 	2.663762 	
2.635455 	9.000000 	0.775403 	0.301040 	1.754459 	1.353006 	1.175266 	0.502494 	0.546008 	0.492443 	2.432720 	1.662077 	0.771767 	1.848141 	0.550000 	1.767767 	2.290196 	0.225000 	1.281601 	0.390512 	0.237171 	2.232711 	2.580819 	1.777815 	0.602080 	2.470324 	3.058697 	2.768799 	0.395285 	1.486607 	0.471699 	2.412986 	2.580698 	1.025000 	2.790161 	0.594243 	1.125278 	0.548293 	2.860070 	2.360349 	1.786757 	3.325094 	2.865528 	1.873666 	0.640312 	
1.969296 	0.775403 	9.000000 	0.493077 	1.009022 	0.590021 	0.403113 	0.318198 	0.626997 	0.553399 	1.800174 	0.995615 	1.546165 	1.090011 	0.325960 	1.005609 	1.556037 	0.880696 	0.506211 	1.131923 	0.820061 	1.488707 	1.856240 	1.007782 	1.355083 	1.733854 	2.366036 	2.051828 	0.640312 	0.711512 	1.185854 	1.667708 	1.841535 	0.406971 	2.053351 	1.258223 	0.471699 	0.760345 	2.123971 	1.595306 	1.013040 	2.624881 	2.126029 	1.099147 	0.711512 	
2.420744 	0.301040 	0.493077 	9.000000 	1.495410 	1.081665 	0.896172 	0.201556 	0.522015 	0.436606 	2.232711 	1.440703 	1.059481 	1.581139 	0.251247 	1.497707 	2.039148 	0.390512 	0.995301 	0.638847 	0.336341 	1.975633 	2.335862 	1.500833 	0.862047 	2.218248 	2.831960 	2.528463 	0.251247 	1.198176 	0.695072 	2.155371 	2.327150 	0.725431 	2.538331 	0.778621 	0.825000 	0.431567 	2.608759 	2.088211 	1.495201 	3.094855 	2.612111 	1.583114 	0.469707 	
1.027740 	1.754459 	1.009022 	1.495410 	9.000000 	0.425735 	0.620987 	1.326885 	1.391492 	1.369535 	0.928036 	0.340037 	2.521161 	0.127475 	1.325943 	0.125000 	0.548293 	1.885802 	0.570636 	2.130288 	1.827738 	0.480234 	0.851469 	0.215058 	2.351197 	0.725000 	1.380670 	1.050297 	1.644118 	0.456207 	2.190462 	0.660019 	0.832541 	1.051190 	1.044330 	2.267157 	0.989002 	1.741407 	1.114955 	0.625000 	0.458939 	1.630376 	1.117195 	0.460977 	1.665270 	
1.431782 	1.353006 	0.590021 	1.081665 	0.425735 	9.000000 	0.195256 	0.905883 	1.054751 	1.015197 	1.298075 	0.525000 	2.124264 	0.500000 	0.901734 	0.416083 	0.973717 	1.470544 	0.175000 	1.719920 	1.410009 	0.901734 	1.277204 	0.427200 	1.942453 	1.149184 	1.802776 	1.475847 	1.219887 	0.235850 	1.775704 	1.079641 	1.255239 	0.649038 	1.467353 	1.846957 	0.604669 	1.315770 	1.538059 	1.007782 	0.505594 	2.055024 	1.538871 	0.575543 	1.241219 	
1.621149 	1.175266 	0.403113 	0.896172 	0.620987 	0.195256 	9.000000 	0.715017 	0.926350 	0.875357 	1.478386 	0.686477 	1.946953 	0.691466 	0.707990 	0.605186 	1.168867 	1.282819 	0.127475 	1.535008 	1.220656 	1.096016 	1.472455 	0.604669 	1.758195 	1.343968 	1.997029 	1.671077 	1.025914 	0.325960 	1.587844 	1.273283 	1.449569 	0.477624 	1.661701 	1.655483 	0.452769 	1.120547 	1.732412 	1.192686 	0.629484 	2.250000 	1.732772 	0.711073 	1.047020 	
2.281584 	0.502494 	0.318198 	0.201556 	1.326885 	0.905883 	0.715017 	9.000000 	0.590021 	0.500000 	2.105499 	1.303840 	1.257229 	1.405569 	0.070711 	1.320038 	1.874166 	0.570636 	0.806226 	0.827647 	0.506211 	1.806239 	2.174425 	1.317431 	1.051190 	2.051828 	2.682466 	2.369863 	0.325960 	1.006231 	0.874643 	1.984943 	2.159282 	0.527376 	2.371181 	0.941076 	0.625500 	0.467039 	2.441823 	1.906895 	1.300000 	2.942151 	2.443614 	1.388569 	0.450000 	
2.163908 	0.546008 	0.626997 	0.522015 	1.391492 	1.054751 	0.926350 	0.590021 	9.000000 	0.090139 	1.944865 	1.221935 	1.202081 	1.504161 	0.660019 	1.437228 	1.889610 	0.764853 	1.052675 	0.916856 	0.753741 	1.848141 	2.161308 	1.471394 	1.102554 	2.068363 	2.600481 	2.337333 	0.770146 	1.250250 	1.007782 	2.025617 	2.180166 	1.020416 	2.382357 	1.138530 	1.095730 	0.951972 	2.450128 	2.016340 	1.550202 	2.870213 	2.460310 	1.626730 	0.989002 	
2.176149 	0.492443 	0.553399 	0.436606 	1.369535 	1.015197 	0.875357 	0.500000 	0.090139 	9.000000 	1.962938 	1.220656 	1.187697 	1.478386 	0.570088 	1.408013 	1.879495 	0.704006 	1.000000 	0.874643 	0.686477 	1.833712 	2.157110 	1.437228 	1.070047 	2.059126 	2.608759 	2.336932 	0.686477 	1.201041 	0.961769 	2.012461 	2.170829 	0.939747 	2.375395 	1.086566 	1.017964 	0.867828 	2.443870 	1.992800 	1.503330 	2.877716 	2.452805 	1.582127 	0.901388 	
0.254951 	2.432720 	1.800174 	2.232711 	0.928036 	1.298075 	1.478386 	2.105499 	1.944865 	1.962938 	9.000000 	0.805062 	3.146824 	0.951315 	2.125000 	1.025000 	0.604669 	2.610077 	1.467353 	2.823230 	2.566247 	0.693271 	0.548862 	1.101136 	3.029130 	0.618971 	0.696419 	0.583631 	2.431178 	1.383158 	2.900970 	0.691466 	0.665676 	1.947113 	0.735272 	3.005204 	1.898190 	2.560518 	0.770146 	0.915492 	1.333464 	0.962094 	0.800391 	1.294701 	2.505619 	
0.980115 	1.662077 	0.995615 	1.440703 	0.340037 	0.525000 	0.686477 	1.303840 	1.221935 	1.220656 	0.805062 	9.000000 	2.405333 	0.458939 	1.320984 	0.460977 	0.680074 	1.825000 	0.700000 	2.050610 	1.776584 	0.657647 	0.939747 	0.548293 	2.263846 	0.854400 	1.396648 	1.116356 	1.629801 	0.680074 	2.122499 	0.824621 	0.965660 	1.163239 	1.162970 	2.218248 	1.127497 	1.755883 	1.229837 	0.875357 	0.781025 	1.663205 	1.241471 	0.795692 	1.700735 	
3.363406 	0.771767 	1.546165 	1.059481 	2.521161 	2.124264 	1.946953 	1.257229 	1.202081 	1.187697 	3.146824 	2.405333 	9.000000 	2.617728 	1.291559 	2.538331 	3.050922 	0.707107 	2.051981 	0.450694 	0.781425 	2.997186 	3.336353 	2.549510 	0.261008 	3.231195 	3.796380 	3.520032 	1.029866 	2.256241 	0.456207 	3.177361 	3.342248 	1.755349 	3.550088 	0.525595 	1.858259 	1.077613 	3.619479 	3.130994 	2.554530 	4.065172 	3.626379 	2.642205 	1.202341 	
1.019804 	1.848141 	1.090011 	1.581139 	0.127475 	0.500000 	0.691466 	1.405569 	1.504161 	1.478386 	0.951315 	0.458939 	2.617728 	9.000000 	1.399330 	0.090139 	0.493077 	1.970406 	0.620987 	2.218812 	1.910007 	0.410031 	0.797653 	0.150000 	2.440927 	0.660019 	1.341641 	0.999062 	1.717010 	0.469707 	2.275549 	0.583631 	0.761988 	1.089151 	0.973717 	2.346540 	1.017657 	1.804508 	1.044330 	0.515388 	0.388104 	1.582127 	1.043132 	0.369121 	1.722099 	
2.295240 	0.550000 	0.325960 	0.251247 	1.325943 	0.901734 	0.707990 	0.070711 	0.660019 	0.570088 	2.125000 	1.320984 	1.291559 	1.399330 	9.000000 	1.312441 	1.874166 	0.594243 	0.790569 	0.854400 	0.525595 	1.803469 	2.176149 	1.305038 	1.077033 	2.050610 	2.690376 	2.373025 	0.318198 	0.986154 	0.894427 	1.981161 	2.156965 	0.475000 	2.369071 	0.950329 	0.575543 	0.436606 	2.439775 	1.895059 	1.274755 	2.948093 	2.440543 	1.364047 	0.403113 	
1.103687 	1.767767 	1.005609 	1.497707 	0.125000 	0.416083 	0.605186 	1.320038 	1.437228 	1.408013 	1.025000 	0.460977 	2.538331 	0.090139 	1.312441 	9.000000 	0.583095 	1.886299 	0.531507 	2.136001 	1.825171 	0.500000 	0.887764 	0.090139 	2.358495 	0.750000 	1.431127 	1.089151 	1.629801 	0.380789 	2.191461 	0.672681 	0.851469 	0.999062 	1.063015 	2.260669 	0.928036 	1.715554 	1.133578 	0.592663 	0.335410 	1.672199 	1.131923 	0.336341 	1.632483 	
0.577170 	2.290196 	1.556037 	2.039148 	0.548293 	0.973717 	1.168867 	1.874166 	1.889610 	1.879495 	0.604669 	0.680074 	3.050922 	0.493077 	1.874166 	0.583095 	9.000000 	2.429635 	1.110180 	2.670674 	2.373025 	0.100000 	0.305164 	0.626997 	2.890069 	0.180278 	0.850368 	0.506211 	2.192316 	0.961769 	2.733588 	0.150000 	0.291548 	1.582127 	0.500000 	2.813472 	1.510381 	2.288695 	0.570088 	0.318198 	0.813941 	1.089151 	0.575543 	0.753741 	2.210204 	
2.804015 	0.225000 	0.880696 	0.390512 	1.885802 	1.470544 	1.282819 	0.570636 	0.764853 	0.704006 	2.610077 	1.825000 	0.707107 	1.970406 	0.594243 	1.886299 	2.429635 	9.000000 	1.376817 	0.261008 	0.075000 	2.366036 	2.726032 	1.886796 	0.482830 	2.608759 	3.219084 	2.918154 	0.325000 	1.576586 	0.305164 	2.545707 	2.717651 	1.049405 	2.928844 	0.395285 	1.152443 	0.413824 	2.999271 	2.475505 	1.868321 	3.482905 	3.002603 	1.957358 	0.529741 	
1.592365 	1.281601 	0.506211 	0.995301 	0.570636 	0.175000 	0.127475 	0.806226 	1.052675 	1.000000 	1.467353 	0.700000 	2.051981 	0.620987 	0.790569 	0.531507 	1.110180 	1.376817 	9.000000 	1.632483 	1.311964 	1.030776 	1.415318 	0.515388 	1.856071 	1.280625 	1.950801 	1.615936 	1.105102 	0.206155 	1.680773 	1.204159 	1.382932 	0.482830 	1.594522 	1.740869 	0.431567 	1.184536 	1.665083 	1.105102 	0.509902 	2.198010 	1.663205 	0.594243 	1.101136 	
3.025413 	0.390512 	1.131923 	0.638847 	2.130288 	1.719920 	1.535008 	0.827647 	0.916856 	0.874643 	2.823230 	2.050610 	0.450694 	2.218812 	0.854400 	2.136001 	2.670674 	0.261008 	1.632483 	9.000000 	0.333542 	2.610077 	2.964056 	2.139655 	0.223607 	2.850439 	3.447191 	3.153768 	0.579871 	1.833712 	0.100000 	2.790161 	2.960152 	1.309819 	3.170568 	0.251247 	1.412887 	0.632949 	3.240756 	2.726949 	2.127205 	3.712984 	3.245189 	2.215993 	0.756637 	
2.756470 	0.237171 	0.820061 	0.336341 	1.827738 	1.410009 	1.220656 	0.506211 	0.753741 	0.686477 	2.566247 	1.776584 	0.781425 	1.910007 	0.525595 	1.825171 	2.373025 	0.075000 	1.311964 	0.333542 	9.000000 	2.307867 	2.670791 	1.823630 	0.553399 	2.551715 	3.168300 	2.864001 	0.250000 	1.510381 	0.369121 	2.487217 	2.660122 	0.976281 	2.871628 	0.442295 	1.079352 	0.347311 	2.942151 	2.412986 	1.800347 	3.431108 	2.944911 	1.889610 	0.459619 	
0.676849 	2.232711 	1.488707 	1.975633 	0.480234 	0.901734 	1.096016 	1.806239 	1.848141 	1.833712 	0.693271 	0.657647 	2.997186 	0.410031 	1.803469 	0.500000 	0.100000 	2.366036 	1.030776 	2.610077 	2.307867 	9.000000 	0.391312 	0.536773 	2.830636 	0.250000 	0.942404 	0.592663 	2.121615 	0.874643 	2.670674 	0.180278 	0.353553 	1.497707 	0.565685 	2.746930 	1.423464 	2.213171 	0.636396 	0.257391 	0.715891 	1.175266 	0.637377 	0.654313 	2.131901 	
0.395285 	2.580819 	1.856240 	2.335862 	0.851469 	1.277204 	1.472455 	2.174425 	2.161308 	2.157110 	0.548862 	0.939747 	3.336353 	0.797653 	2.176149 	0.887764 	0.305164 	2.726032 	1.415318 	2.964056 	2.670791 	0.391312 	9.000000 	0.928036 	3.182079 	0.152069 	0.553399 	0.201556 	2.494118 	1.265158 	3.029130 	0.251247 	0.125000 	1.886796 	0.230489 	3.112073 	1.814008 	2.592778 	0.292617 	0.477624 	1.099147 	0.784618 	0.309233 	1.030776 	2.515079 	
1.167262 	1.777815 	1.007782 	1.500833 	0.215058 	0.427200 	0.604669 	1.317431 	1.471394 	1.437228 	1.101136 	0.548293 	2.549510 	0.150000 	1.305038 	0.090139 	0.626997 	1.886796 	0.515388 	2.139655 	1.823630 	0.536773 	0.928036 	9.000000 	2.362864 	0.784618 	1.477329 	1.129436 	1.620378 	0.340037 	2.191603 	0.700446 	0.880696 	0.965013 	1.090011 	2.255271 	0.887764 	1.697425 	1.160011 	0.590021 	0.246221 	1.711907 	1.155692 	0.247487 	1.609542 	
3.235448 	0.602080 	1.355083 	0.862047 	2.351197 	1.942453 	1.758195 	1.051190 	1.102554 	1.070047 	3.029130 	2.263846 	0.261008 	2.440927 	1.077033 	2.358495 	2.890069 	0.482830 	1.856071 	0.223607 	0.553399 	2.830636 	3.182079 	2.362864 	9.000000 	3.070016 	3.660345 	3.370646 	0.794512 	2.057304 	0.200000 	3.010814 	3.180016 	1.528275 	3.390059 	0.270416 	1.631334 	0.825000 	3.460130 	2.949788 	2.350532 	3.926990 	3.465003 	2.439390 	0.950000 	
0.515388 	2.470324 	1.733854 	2.218248 	0.725000 	1.149184 	1.343968 	2.051828 	2.068363 	2.059126 	0.618971 	0.854400 	3.231195 	0.660019 	2.050610 	0.750000 	0.180278 	2.608759 	1.280625 	2.850439 	2.551715 	0.250000 	0.152069 	0.784618 	3.070016 	9.000000 	0.704006 	0.348210 	2.368808 	1.123610 	2.912902 	0.100000 	0.111803 	1.747319 	0.320156 	2.991760 	1.672199 	2.462341 	0.390512 	0.333542 	0.948683 	0.928036 	0.395285 	0.879275 	2.381701 	
0.447214 	3.058697 	2.366036 	2.831960 	1.380670 	1.802776 	1.997029 	2.682466 	2.600481 	2.608759 	0.696419 	1.396648 	3.796380 	1.341641 	2.690376 	1.431127 	0.850368 	3.219084 	1.950801 	3.447191 	3.168300 	0.942404 	0.553399 	1.477329 	3.660345 	0.704006 	9.000000 	0.357946 	3.006347 	1.811249 	3.518256 	0.800391 	0.632949 	2.428220 	0.477624 	3.610575 	2.359158 	3.115486 	0.436606 	1.007782 	1.652460 	0.270416 	0.467039 	1.583114 	3.043949 	
0.357946 	2.768799 	2.051828 	2.528463 	1.050297 	1.475847 	1.671077 	2.369863 	2.337333 	2.336932 	0.583631 	1.116356 	3.520032 	0.999062 	2.373025 	1.089151 	0.506211 	2.918154 	1.615936 	3.153768 	2.864001 	0.592663 	0.201556 	1.129436 	3.370646 	0.348210 	0.357946 	9.000000 	2.690725 	1.466714 	3.220443 	0.443001 	0.276134 	2.088211 	0.176777 	3.305772 	2.015564 	2.791617 	0.190394 	0.651920 	1.296630 	0.583095 	0.223607 	1.226020 	2.715004 	
2.607321 	0.395285 	0.640312 	0.251247 	1.644118 	1.219887 	1.025914 	0.325960 	0.770146 	0.686477 	2.431178 	1.629801 	1.029866 	1.717010 	0.318198 	1.629801 	2.192316 	0.325000 	1.105102 	0.579871 	0.250000 	2.121615 	2.494118 	1.620378 	0.794512 	2.368808 	3.006347 	2.690725 	9.000000 	1.296630 	0.601041 	2.299185 	2.475126 	0.735272 	2.687238 	0.638847 	0.838153 	0.182003 	2.757943 	2.210204 	1.578369 	3.264966 	2.758623 	1.668270 	0.247487 	
1.480076 	1.486607 	0.711512 	1.198176 	0.456207 	0.235850 	0.325960 	1.006231 	1.250250 	1.201041 	1.383158 	0.680074 	2.256241 	0.469707 	0.986154 	0.380789 	0.961769 	1.576586 	0.206155 	1.833712 	1.510381 	0.874643 	1.265158 	0.340037 	2.057304 	1.123610 	1.811249 	1.466714 	1.296630 	9.000000 	1.879495 	1.040433 	1.220656 	0.625000 	1.430035 	1.934716 	0.548862 	1.364047 	1.500000 	0.919918 	0.304138 	2.049695 	1.495410 	0.388104 	1.272792 	
3.099698 	0.471699 	1.185854 	0.695072 	2.190462 	1.775704 	1.587844 	0.874643 	1.007782 	0.961769 	2.900970 	2.122499 	0.456207 	2.275549 	0.894427 	2.191461 	2.733588 	0.305164 	1.680773 	0.100000 	0.369121 	2.670674 	3.029130 	2.191603 	0.200000 	2.912902 	3.518256 	3.220443 	0.601041 	1.879495 	9.000000 	2.850439 	3.022003 	1.336273 	3.233033 	0.152069 	1.439184 	0.625000 	3.303407 	2.780513 	2.169101 	3.783021 	3.307000 	2.258456 	0.750000 	
0.608790 	2.412986 	1.667708 	2.155371 	0.660019 	1.079641 	1.273283 	1.984943 	2.025617 	2.012461 	0.691466 	0.824621 	3.177361 	0.583631 	1.981161 	0.672681 	0.150000 	2.545707 	1.204159 	2.790161 	2.487217 	0.180278 	0.251247 	0.700446 	3.010814 	0.100000 	0.800391 	0.443001 	2.299185 	1.040433 	2.850439 	9.000000 	0.180278 	1.665270 	0.390512 	2.925854 	1.587844 	2.388122 	0.460977 	0.237171 	0.854400 	1.017964 	0.459619 	0.783023 	2.304886 	
0.520216 	2.580698 	1.841535 	2.327150 	0.832541 	1.255239 	1.449569 	2.159282 	2.180166 	2.170829 	0.665676 	0.965660 	3.342248 	0.761988 	2.156965 	0.851469 	0.291548 	2.717651 	1.382932 	2.960152 	2.660122 	0.353553 	0.125000 	0.880696 	3.180016 	0.111803 	0.632949 	0.276134 	2.475126 	1.220656 	3.022003 	0.180278 	9.000000 	1.845434 	0.212132 	3.099698 	1.768120 	2.566247 	0.282843 	0.375832 	1.030776 	0.840387 	0.285044 	0.956883 	2.483948 	
2.075151 	1.025000 	0.406971 	0.725431 	1.051190 	0.649038 	0.477624 	0.527376 	1.020416 	0.939747 	1.947113 	1.163239 	1.755349 	1.089151 	0.475000 	0.999062 	1.582127 	1.049405 	0.482830 	1.309819 	0.976281 	1.497707 	1.886796 	0.965013 	1.528275 	1.747319 	2.428220 	2.088211 	0.735272 	0.625000 	1.336273 	1.665270 	1.845434 	9.000000 	2.055024 	1.365650 	0.103078 	0.763217 	2.125000 	1.538871 	0.870704 	2.671259 	2.120289 	0.960469 	0.660019 	
0.527376 	2.790161 	2.053351 	2.538331 	1.044330 	1.467353 	1.661701 	2.371181 	2.382357 	2.375395 	0.735272 	1.162970 	3.550088 	0.973717 	2.369071 	1.063015 	0.500000 	2.928844 	1.594522 	3.170568 	2.871628 	0.565685 	0.230489 	1.090011 	3.390059 	0.320156 	0.477624 	0.176777 	2.687238 	1.430035 	3.233033 	0.390512 	0.212132 	2.055024 	9.000000 	3.311438 	1.976424 	2.778151 	0.070711 	0.553399 	1.229837 	0.649038 	0.079057 	1.152443 	2.695366 	
3.197851 	0.594243 	1.258223 	0.778621 	2.267157 	1.846957 	1.655483 	0.941076 	1.138530 	1.086566 	3.005204 	2.218248 	0.525595 	2.346540 	0.950329 	2.260669 	2.813472 	0.395285 	1.740869 	0.251247 	0.442295 	2.746930 	3.112073 	2.255271 	0.270416 	2.991760 	3.610575 	3.305772 	0.638847 	1.934716 	0.152069 	2.925854 	3.099698 	1.365650 	3.311438 	9.000000 	1.467353 	0.618466 	3.382030 	2.845281 	2.217121 	3.873387 	3.384246 	2.307054 	0.740355 	
2.016340 	1.125278 	0.471699 	0.825000 	0.989002 	0.604669 	0.452769 	0.625500 	1.095730 	1.017964 	1.898190 	1.127497 	1.858259 	1.017657 	0.575543 	0.928036 	1.510381 	1.152443 	0.431567 	1.412887 	1.079352 	1.423464 	1.814008 	0.887764 	1.631334 	1.672199 	2.359158 	2.015564 	0.838153 	0.548862 	1.439184 	1.587844 	1.768120 	0.103078 	1.976424 	1.467353 	9.000000 	0.862047 	2.046033 	1.453444 	0.778621 	2.598557 	2.040221 	0.867828 	0.755811 	
2.726949 	0.548293 	0.760345 	0.431567 	1.741407 	1.315770 	1.120547 	0.467039 	0.951972 	0.867828 	2.560518 	1.755883 	1.077613 	1.804508 	0.436606 	1.715554 	2.288695 	0.413824 	1.184536 	0.632949 	0.347311 	2.213171 	2.592778 	1.697425 	0.825000 	2.462341 	3.115486 	2.791617 	0.182003 	1.364047 	0.625000 	2.388122 	2.566247 	0.763217 	2.778151 	0.618466 	0.862047 	9.000000 	2.848794 	2.283774 	1.630376 	3.370182 	2.847477 	1.720465 	0.125000 	
