Total assets = 680
Number of asset nodes = 40

Distance:
999.000000 	83.671982 	14.317822 	6.082763 	16.155495 	59.908264 	34.176014 	10.440307 	55.154327 	43.829212 	3.605551 	38.600517 	43.600460 	8.246211 	8.544003 	7.810250 	7.810250 	54.203320 	63.245552 	55.605755 	16.124516 	14.560220 	57.384666 	14.317822 	15.811388 	17.464249 	18.439089 	16.401220 	21.213203 	17.888544 	19.235384 	20.615528 	32.557640 	35.902645 	34.176014 	35.114101 	36.400551 	39.458839 	37.643059 	38.327538 	41.436699 	41.231056 	42.201897 	37.013512 	42.426407 	43.278172 	43.185646 	43.185646 	46.227695 	47.423622 	47.381432 	48.083260 	49.578220 	
83.671982 	999.000000 	97.989792 	82.280006 	99.809822 	26.076809 	110.602890 	76.157730 	28.653097 	123.458496 	83.186539 	118.983192 	123.709335 	90.249657 	89.888817 	87.315521 	86.034874 	33.060551 	24.020824 	32.015621 	97.739449 	95.189285 	33.136082 	93.605553 	95.817535 	98.030609 	98.979797 	92.444580 	102.142059 	95.880135 	96.566040 	98.762344 	111.825760 	114.236595 	110.421921 	111.400177 	113.780487 	118.600166 	114.542572 	115.732452 	120.540451 	118.663391 	119.641129 	99.181648 	106.117859 	109.224541 	108.166542 	105.042847 	112.160599 	111.040535 	109.004585 	110.004547 	109.018349 	
14.317822 	97.989792 	999.000000 	16.970562 	2.000000 	74.094536 	26.019224 	23.194826 	69.462219 	32.310989 	15.297058 	26.925823 	31.780497 	9.433981 	10.295630 	13.038404 	14.422205 	68.242218 	77.388626 	69.634758 	8.544003 	10.049875 	71.217972 	12.000000 	11.180340 	10.770329 	11.180340 	16.000000 	12.041595 	14.317822 	15.524175 	15.231546 	22.472204 	26.076809 	26.172504 	26.907248 	27.202942 	28.635643 	28.600698 	28.844410 	30.463093 	31.384710 	32.249031 	36.400551 	39.812057 	39.446167 	39.824615 	41.231056 	41.880783 	43.908997 	44.721359 	45.177429 	47.423622 	
6.082763 	82.280006 	16.970562 	999.000000 	18.439089 	57.706154 	39.560081 	14.212670 	54.120235 	48.373547 	9.486833 	43.046486 	48.020828 	8.062258 	7.615773 	5.099020 	4.000000 	51.623638 	60.901562 	53.000000 	15.524175 	13.152946 	54.405884 	12.000000 	14.035668 	16.124516 	17.117243 	12.649111 	20.223749 	15.132746 	16.278820 	18.110771 	31.000000 	34.058773 	31.575306 	32.557640 	34.234486 	38.000000 	35.355339 	36.221542 	40.000000 	39.204590 	40.199501 	31.827662 	37.643059 	38.832977 	38.600517 	38.209946 	41.880783 	42.801868 	42.520584 	43.278172 	44.553337 	
16.155495 	99.809822 	2.000000 	18.439089 	999.000000 	75.802376 	26.172504 	25.179358 	71.309189 	31.622776 	17.262676 	26.248810 	31.016125 	10.630146 	11.401754 	14.212670 	15.620500 	69.892776 	79.075912 	71.281136 	8.062258 	10.049875 	72.801102 	12.165525 	11.000000 	10.198039 	10.440307 	16.124516 	10.816654 	14.035668 	15.132746 	14.560220 	20.808653 	24.413111 	24.758837 	25.455845 	25.612497 	26.832815 	27.018513 	27.202942 	28.635643 	29.681644 	30.528675 	35.902645 	39.000000 	38.470768 	38.910152 	40.496914 	40.816662 	42.941822 	43.863426 	44.283180 	46.615448 	
59.908264 	26.076809 	74.094536 	57.706154 	75.802376 	999.000000 	89.827614 	53.814495 	12.041595 	101.911728 	60.000000 	97.082436 	101.980392 	65.764732 	65.299309 	62.609905 	61.269894 	7.000000 	3.605551 	6.082763 	72.917763 	70.263786 	8.602325 	68.541962 	70.774292 	73.006851 	73.925636 	67.067131 	77.077881 	70.576202 	71.168816 	73.389374 	86.330757 	88.600227 	84.646324 	85.615417 	88.056801 	93.005379 	88.769363 	89.988892 	94.921021 	92.892410 	93.861603 	73.109505 	80.056229 	83.150467 	82.097504 	79.006332 	86.092972 	85.005882 	83.006027 	84.005951 	83.096329 	
34.176014 	110.602890 	26.019224 	39.560081 	26.172504 	89.827614 	999.000000 	36.400551 	82.328613 	13.601471 	32.202484 	11.045361 	14.317822 	34.234486 	35.227829 	37.483330 	38.639359 	85.146935 	93.380943 	86.556343 	34.234486 	36.055511 	89.022469 	38.013157 	37.121422 	36.345562 	36.496574 	42.011902 	36.138622 	40.199501 	41.303753 	40.607880 	42.941822 	46.141087 	48.332184 	48.754486 	47.885281 	46.615448 	49.244289 	48.877399 	47.801674 	50.477718 	51.039200 	61.983868 	64.560051 	63.568859 	64.195015 	66.219330 	65.551506 	68.007355 	69.260376 	69.570107 	72.124893 	
10.440307 	76.157730 	23.194826 	14.212670 	25.179358 	53.814495 	36.400551 	999.000000 	47.507893 	48.104053 	8.000000 	43.278172 	48.166378 	18.681541 	18.973665 	17.888544 	17.492855 	48.836460 	57.314919 	50.249378 	26.476404 	25.000000 	52.630791 	24.698177 	26.248810 	27.892651 	28.861740 	26.419689 	31.575306 	28.231188 	29.546574 	31.016125 	42.953465 	46.324940 	44.598206 	45.541191 	46.840153 	49.819675 	48.083260 	48.764740 	51.788029 	51.662365 	52.630791 	45.967381 	51.855568 	53.009434 	52.801514 	52.402290 	56.035702 	57.008770 	56.727417 	57.489128 	58.728188 	
55.154327 	28.653097 	69.462219 	54.120235 	71.309189 	12.041595 	82.328613 	47.507893 	999.000000 	95.000000 	54.561890 	90.443352 	95.210297 	61.983868 	61.684681 	59.203041 	57.974133 	14.422205 	15.033297 	14.764823 	69.641945 	67.186310 	18.788294 	65.734314 	67.911705 	70.092796 	71.063354 	64.938431 	74.215904 	68.249542 	69.050705 	71.196907 	84.344528 	86.977005 	83.486526 	84.480766 	86.700638 	91.241440 	87.572830 	88.684837 	93.214806 	91.662422 	92.655273 	74.431175 	81.498466 	84.291161 	83.384651 	80.752708 	87.367043 	86.700638 	85.000000 	85.988373 	85.510231 	
43.829212 	123.458496 	32.310989 	48.373547 	31.622776 	101.911728 	13.601471 	48.104053 	95.000000 	999.000000 	42.638012 	5.385165 	1.414214 	41.629318 	42.544094 	45.188496 	46.518814 	96.876213 	105.418213 	98.290382 	39.051247 	41.484936 	100.498756 	43.680660 	42.201897 	40.792156 	40.607880 	47.539455 	39.204590 	44.911022 	45.705578 	44.407207 	42.579338 	45.122055 	48.507732 	48.662102 	47.074409 	44.271889 	48.270073 	47.539455 	44.944408 	48.383881 	48.703182 	65.030762 	66.189125 	64.498062 	65.375839 	68.117546 	65.924202 	68.731361 	70.455658 	70.576202 	73.437050 	
3.605551 	83.186539 	15.297058 	9.486833 	17.262676 	60.000000 	32.202484 	8.000000 	54.561890 	42.638012 	999.000000 	37.536648 	42.520584 	11.180340 	11.661903 	11.313708 	11.401754 	54.561890 	63.411354 	55.973209 	18.681541 	17.464249 	57.982758 	17.492855 	18.788294 	20.248457 	21.189621 	19.849434 	23.769728 	21.095022 	22.472204 	23.706539 	35.171009 	38.600517 	37.161808 	38.078865 	39.217342 	41.976185 	40.496914 	41.109608 	43.931767 	43.965897 	44.922153 	40.607880 	45.967381 	46.754681 	46.690472 	46.754681 	49.678970 	50.931328 	50.931328 	51.623638 	53.150730 	
38.600517 	118.983192 	26.925823 	43.046486 	26.248810 	97.082436 	11.045361 	43.278172 	90.443352 	5.385165 	37.536648 	999.000000 	5.000000 	36.249138 	37.161808 	39.812057 	41.146080 	91.934761 	100.568382 	93.348808 	33.734257 	36.138622 	95.482986 	38.327538 	36.878178 	35.510563 	35.355339 	42.201897 	34.058773 	39.623226 	40.447498 	39.204590 	38.078865 	40.804413 	43.931767 	44.147480 	42.720020 	40.311287 	43.965897 	43.324360 	41.146080 	44.384682 	44.777225 	60.000000 	61.400326 	59.841457 	60.671246 	63.285069 	61.392181 	64.132675 	65.764732 	65.924202 	68.731361 	
43.600460 	123.709335 	31.780497 	48.020828 	31.016125 	101.980392 	14.317822 	48.166378 	95.210297 	1.414214 	42.520584 	5.000000 	999.000000 	41.146080 	42.047592 	44.721359 	46.065170 	96.876213 	105.475113 	98.290382 	38.327538 	40.804413 	100.448990 	43.011627 	41.484936 	40.024994 	39.812057 	46.840153 	38.327538 	44.147480 	44.911022 	43.566040 	41.436699 	43.931767 	47.381432 	47.518417 	45.891174 	43.011627 	47.074409 	46.324940 	43.657761 	47.127487 	47.434166 	64.070274 	65.122963 	63.387695 	64.280632 	67.067131 	64.776543 	67.601776 	69.354164 	69.462219 	72.339478 	
8.246211 	90.249657 	9.433981 	8.062258 	10.630146 	65.764732 	34.234486 	18.681541 	61.983868 	41.629318 	11.180340 	36.249138 	41.146080 	999.000000 	1.000000 	3.605551 	5.000000 	59.682495 	68.963760 	61.057350 	8.000000 	6.324555 	62.425957 	6.403124 	7.615773 	9.219544 	10.198039 	9.433981 	13.038404 	10.000000 	11.401754 	12.529964 	24.331051 	27.658634 	26.000000 	26.925823 	28.160255 	31.257000 	29.410883 	30.083218 	33.241539 	32.984844 	33.955853 	30.886890 	35.608986 	36.069378 	36.124783 	36.619667 	38.897301 	40.360870 	40.607880 	41.231056 	43.011627 	
8.544003 	89.888817 	10.295630 	7.615773 	11.401754 	65.299309 	35.227829 	18.973665 	61.684681 	42.544094 	11.661903 	37.161808 	42.047592 	1.000000 	999.000000 	2.828427 	4.242640 	59.169250 	68.476273 	60.539242 	8.062258 	6.082763 	61.854668 	5.830952 	7.280110 	9.055386 	10.049875 	8.602325 	13.000000 	9.433981 	10.816654 	12.083046 	24.186773 	27.459061 	25.632011 	26.570660 	27.892651 	31.144823 	29.120440 	29.832869 	33.136082 	32.756680 	33.734257 	30.016663 	34.828148 	35.355339 	35.383614 	35.805027 	38.209946 	39.623226 	39.824615 	40.459858 	42.201897 	
7.810250 	87.315521 	13.038404 	5.099020 	14.212670 	62.609905 	37.483330 	17.888544 	59.203041 	45.188496 	11.313708 	39.812057 	44.721359 	3.605551 	2.828427 	999.000000 	1.414214 	56.435802 	65.764732 	57.801384 	10.440307 	8.062258 	59.076221 	7.071068 	9.000000 	11.045361 	12.041595 	8.602325 	15.132746 	10.440307 	11.704700 	13.341664 	26.019224 	29.154760 	26.925823 	27.892651 	29.427877 	33.015148 	30.594116 	31.400637 	35.014282 	34.365681 	35.355339 	29.410883 	34.655445 	35.468296 	35.383614 	35.468296 	38.418747 	39.623226 	39.623226 	40.311287 	41.868843 	
7.810250 	86.034874 	14.422205 	4.000000 	15.620500 	61.269894 	38.639359 	17.492855 	57.974133 	46.518814 	11.401754 	41.146080 	46.065170 	5.000000 	4.242640 	1.414214 	999.000000 	55.072678 	64.412735 	56.435802 	11.704700 	9.219544 	57.688820 	8.000000 	10.049875 	12.165525 	13.152946 	8.944272 	16.278820 	11.180340 	12.369317 	14.142136 	27.000000 	30.066593 	27.658634 	28.635643 	30.265491 	34.000000 	31.400637 	32.249031 	36.000000 	35.227829 	36.221542 	29.206163 	34.655445 	35.608986 	35.468296 	35.383614 	38.600517 	39.698868 	39.597980 	40.311287 	41.773197 	
54.203320 	33.060551 	68.242218 	51.623638 	69.892776 	7.000000 	85.146935 	48.836460 	14.422205 	96.876213 	54.561890 	91.934761 	96.876213 	59.682495 	59.169250 	56.435802 	55.072678 	999.000000 	9.486833 	1.414214 	66.648331 	63.953106 	5.000000 	62.169125 	64.404968 	66.640831 	67.542580 	60.539242 	70.682388 	64.078079 	64.621979 	66.850578 	79.711983 	81.908485 	77.884529 	78.847954 	81.320351 	86.330757 	82.006096 	83.240616 	88.232651 	86.127815 	87.091904 	66.121101 	73.061615 	76.164299 	75.106590 	72.006943 	79.101204 	78.006409 	76.006577 	77.006493 	76.105194 	
63.245552 	24.020824 	77.388626 	60.901562 	79.075912 	3.605551 	93.380943 	57.314919 	15.033297 	105.418213 	63.411354 	100.568382 	105.475113 	68.963760 	68.476273 	65.764732 	64.412735 	9.486833 	999.000000 	8.246211 	76.026314 	73.348480 	9.219544 	71.589104 	73.824112 	76.059189 	76.967529 	70.007141 	80.112419 	73.539108 	74.094536 	76.321686 	89.196411 	91.394745 	87.361320 	88.323273 	90.801979 	95.817535 	91.482239 	92.720009 	97.718987 	95.603348 	96.566040 	75.325958 	82.219215 	85.375641 	84.291161 	81.098709 	88.277969 	87.091904 	85.023529 	86.023254 	85.005882 	
55.605755 	32.015621 	69.634758 	53.000000 	71.281136 	6.082763 	86.556343 	50.249378 	14.764823 	98.290382 	55.973209 	93.348808 	98.290382 	61.057350 	60.539242 	57.801384 	56.435802 	1.414214 	8.246211 	999.000000 	68.000000 	65.299309 	4.123106 	63.505905 	65.741920 	67.977936 	68.876701 	61.846584 	72.013885 	65.391129 	65.924202 	68.154236 	80.993828 	83.168503 	79.120163 	80.081207 	82.565125 	87.595665 	83.240616 	84.480766 	89.493019 	87.361320 	88.323273 	67.186310 	74.108032 	77.233414 	76.164299 	73.027390 	80.156097 	79.025314 	77.000000 	78.000000 	77.058418 	
16.124516 	97.739449 	8.544003 	15.524175 	8.062258 	72.917763 	34.234486 	26.476404 	69.641945 	39.051247 	18.681541 	33.734257 	38.327538 	8.000000 	8.062258 	10.440307 	11.704700 	66.648331 	76.026314 	68.000000 	999.000000 	2.828427 	69.115845 	5.000000 	3.162278 	2.236068 	2.828427 	8.544003 	5.099020 	6.000000 	7.071068 	6.708204 	16.492422 	19.924858 	18.867962 	19.723083 	20.615528 	23.345236 	21.931713 	22.472204 	25.317978 	25.298222 	26.248810 	27.892651 	31.304953 	31.064449 	31.384710 	32.695564 	33.600594 	35.510563 	36.235340 	36.715118 	38.910152 	
14.560220 	95.189285 	10.049875 	13.152946 	10.049875 	70.263786 	36.055511 	25.000000 	67.186310 	41.484936 	17.464249 	36.138622 	40.804413 	6.324555 	6.082763 	8.062258 	9.219544 	63.953106 	73.348480 	65.299309 	2.828427 	999.000000 	66.370171 	2.236068 	1.414214 	3.000000 	4.000000 	6.082763 	7.071068 	4.472136 	5.830952 	6.403124 	18.110771 	21.377558 	19.697716 	20.615528 	21.840330 	25.079872 	23.086792 	23.769728 	27.073973 	26.683329 	27.658634 	26.570660 	30.528675 	30.610456 	30.805843 	31.764761 	33.301651 	35.000000 	35.510563 	36.055511 	38.078865 	
57.384666 	33.136082 	71.217972 	54.405884 	72.801102 	8.602325 	89.022469 	52.630791 	18.788294 	100.498756 	57.982758 	95.482986 	100.448990 	62.425957 	61.854668 	59.076221 	57.688820 	5.000000 	9.219544 	4.123106 	69.115845 	66.370171 	999.000000 	64.498062 	66.730804 	68.963760 	69.835518 	62.609905 	72.945183 	66.189125 	66.640831 	68.876701 	81.541397 	83.570328 	79.378838 	80.324341 	82.873398 	88.022728 	83.486526 	84.758484 	89.888817 	87.595665 	88.543777 	66.610809 	73.437050 	76.655075 	75.538071 	72.249565 	79.511009 	78.230431 	76.105194 	77.103828 	76.006577 	
14.317822 	93.605553 	12.000000 	12.000000 	12.165525 	68.541962 	38.013157 	24.698177 	65.734314 	43.680660 	17.492855 	38.327538 	43.011627 	6.403124 	5.830952 	7.071068 	8.000000 	62.169125 	71.589104 	63.505905 	5.000000 	2.236068 	64.498062 	999.000000 	2.236068 	4.472136 	5.385165 	4.000000 	8.544003 	3.605551 	5.000000 	6.324555 	19.000000 	22.090721 	19.924858 	20.880613 	22.360680 	26.000000 	23.537205 	24.331051 	28.000000 	27.294687 	28.284271 	25.079872 	29.410883 	29.732138 	29.832869 	30.528675 	32.526913 	34.058773 	34.409302 	35.000000 	36.891735 	
15.811388 	95.817535 	11.180340 	14.035668 	11.000000 	70.774292 	37.121422 	26.248810 	67.911705 	42.201897 	18.788294 	36.878178 	41.484936 	7.615773 	7.280110 	9.000000 	10.049875 	64.404968 	73.824112 	65.741920 	3.162278 	1.414214 	66.730804 	2.236068 	999.000000 	2.236068 	3.162278 	5.385165 	6.324555 	3.162278 	4.472136 	5.000000 	17.029387 	20.223749 	18.384777 	19.313208 	20.615528 	24.020824 	21.840330 	22.561028 	26.019224 	25.495098 	26.476404 	25.298222 	29.154760 	29.206163 	29.410883 	30.413813 	31.890438 	33.600594 	34.132095 	34.669872 	36.715118 	
17.464249 	98.030609 	10.770329 	16.124516 	10.198039 	73.006851 	36.345562 	27.892651 	70.092796 	40.792156 	20.248457 	35.510563 	40.024994 	9.219544 	9.055386 	11.045361 	12.165525 	66.640831 	76.059189 	67.977936 	2.236068 	3.000000 	68.963760 	4.472136 	2.236068 	999.000000 	1.000000 	7.211102 	4.123106 	4.123106 	5.000000 	4.472136 	15.132746 	18.439089 	17.000000 	17.888544 	18.973665 	22.090721 	20.248457 	20.880613 	24.083189 	23.769728 	24.738634 	25.709921 	29.068884 	28.844410 	29.154760 	30.463093 	31.400637 	33.286633 	34.000000 	34.481880 	36.674240 	
18.439089 	98.979797 	11.180340 	17.117243 	10.440307 	73.925636 	36.496574 	28.861740 	71.063354 	40.607880 	21.189621 	35.355339 	39.812057 	10.198039 	10.049875 	12.041595 	13.152946 	67.542580 	76.967529 	68.876701 	2.828427 	4.000000 	69.835518 	5.385165 	3.162278 	1.000000 	999.000000 	7.810250 	3.162278 	4.472136 	5.099020 	4.123106 	14.142136 	17.464249 	16.124516 	17.000000 	18.027756 	21.095022 	19.313208 	19.924858 	23.086792 	22.803509 	23.769728 	25.495098 	28.635643 	28.301943 	28.653097 	30.083218 	30.805843 	32.756680 	33.541019 	34.000000 	36.249138 	
16.401220 	92.444580 	16.000000 	12.649111 	16.124516 	67.067131 	42.011902 	26.419689 	64.938431 	47.539455 	19.849434 	42.201897 	46.840153 	9.433981 	8.602325 	8.602325 	8.944272 	60.539242 	70.007141 	61.846584 	8.544003 	6.082763 	62.609905 	4.000000 	5.385165 	7.211102 	7.810250 	999.000000 	10.630146 	3.605551 	4.123106 	6.324555 	19.416489 	22.090721 	19.104973 	20.099751 	22.000000 	26.305893 	23.021729 	24.000000 	28.284271 	27.000000 	28.000000 	21.470911 	26.248810 	26.907248 	26.870058 	27.202942 	29.832869 	31.112698 	31.240999 	31.890438 	33.600594 	
21.213203 	102.142059 	12.041595 	20.223749 	10.816654 	77.077881 	36.138622 	31.575306 	74.215904 	39.204590 	23.769728 	34.058773 	38.327538 	13.038404 	13.000000 	15.132746 	16.278820 	70.682388 	80.112419 	72.013885 	5.099020 	7.071068 	72.945183 	8.544003 	6.324555 	4.123106 	3.162278 	10.630146 	999.000000 	7.071068 	7.211102 	5.385165 	11.401754 	14.866069 	14.212670 	15.000000 	15.652476 	18.248287 	17.000000 	17.464249 	20.223749 	20.248457 	21.189621 	26.076809 	28.460499 	27.730848 	28.231188 	30.083218 	30.016663 	32.202484 	33.241539 	33.615471 	36.055511 	
17.888544 	95.880135 	14.317822 	15.132746 	14.035668 	70.576202 	40.199501 	28.231188 	68.249542 	44.911022 	21.095022 	39.623226 	44.147480 	10.000000 	9.433981 	10.440307 	11.180340 	64.078079 	73.539108 	65.391129 	6.000000 	4.472136 	66.189125 	3.605551 	3.162278 	4.123106 	4.472136 	3.605551 	7.071068 	999.000000 	1.414214 	3.000000 	16.124516 	19.000000 	16.492422 	17.464249 	19.104973 	23.086792 	20.223749 	21.095022 	25.079872 	24.083189 	25.079872 	22.135944 	26.076809 	26.248810 	26.400757 	27.294687 	29.000000 	30.610456 	31.064449 	31.622776 	33.615471 	
19.235384 	96.566040 	15.524175 	16.278820 	15.132746 	71.168816 	41.303753 	29.546574 	69.050705 	45.705578 	22.472204 	40.447498 	44.911022 	11.401754 	10.816654 	11.704700 	12.369317 	64.621979 	74.094536 	65.924202 	7.071068 	5.830952 	66.640831 	5.000000 	4.472136 	5.000000 	5.099020 	4.123106 	7.211102 	1.414214 	999.000000 	2.236068 	15.297058 	18.027756 	15.297058 	16.278820 	18.027756 	22.203604 	19.104973 	20.024984 	24.186773 	23.021729 	24.020824 	20.880613 	24.698177 	24.839485 	25.000000 	25.942244 	27.586229 	29.206163 	29.681644 	30.232433 	32.249031 	
20.615528 	98.762344 	15.231546 	18.110771 	14.560220 	73.389374 	40.607880 	31.016125 	71.196907 	44.407207 	23.706539 	39.204590 	43.566040 	12.529964 	12.083046 	13.341664 	14.142136 	66.850578 	76.321686 	68.154236 	6.708204 	6.403124 	68.876701 	6.324555 	5.000000 	4.472136 	4.123106 	6.324555 	5.385165 	3.000000 	2.236068 	999.000000 	13.152946 	16.000000 	13.601471 	14.560220 	16.124516 	20.099751 	17.262676 	18.110771 	22.090721 	21.095022 	22.090721 	21.377558 	24.596748 	24.413111 	24.698177 	26.000000 	27.018513 	28.844410 	29.529646 	30.016663 	32.202484 	
32.557640 	111.825760 	22.472204 	31.000000 	20.808653 	86.330757 	42.941822 	42.953465 	84.344528 	42.579338 	35.171009 	38.078865 	41.436699 	24.331051 	24.186773 	26.019224 	27.000000 	79.711983 	89.196411 	80.993828 	16.492422 	18.110771 	81.541397 	19.000000 	17.029387 	15.132746 	14.142136 	19.416489 	11.401754 	16.124516 	15.297058 	13.152946 	999.000000 	3.605551 	6.000000 	6.082763 	5.000000 	7.000000 	6.403124 	6.403124 	9.000000 	8.944272 	9.848858 	24.698177 	24.083189 	22.022715 	23.000000 	26.172504 	23.345236 	26.172504 	28.017851 	28.071337 	31.016125 	
35.902645 	114.236595 	26.076809 	34.058773 	24.413111 	88.600227 	46.141087 	46.324940 	86.977005 	45.122055 	38.600517 	40.804413 	43.931767 	27.658634 	27.459061 	29.154760 	30.066593 	81.908485 	91.394745 	83.168503 	19.924858 	21.377558 	83.570328 	22.090721 	20.223749 	18.439089 	17.464249 	22.090721 	14.866069 	19.000000 	18.027756 	16.000000 	3.605551 	999.000000 	5.000000 	4.472136 	2.000000 	4.472136 	3.162278 	2.828427 	6.324555 	5.385165 	6.324555 	24.186773 	22.561028 	20.099751 	21.213203 	24.738634 	21.023796 	24.000000 	26.076809 	26.019224 	29.068884 	
34.176014 	110.421921 	26.172504 	31.575306 	24.758837 	84.646324 	48.332184 	44.598206 	83.486526 	48.507732 	37.161808 	43.931767 	47.381432 	26.000000 	25.632011 	26.925823 	27.658634 	77.884529 	87.361320 	79.120163 	18.867962 	19.697716 	79.378838 	19.924858 	18.384777 	17.000000 	16.124516 	19.104973 	14.212670 	16.492422 	15.297058 	13.601471 	6.000000 	5.000000 	999.000000 	1.000000 	3.605551 	9.219544 	4.123106 	5.385165 	10.816654 	8.246211 	9.219544 	19.235384 	18.110771 	16.031219 	17.000000 	20.223749 	17.464249 	20.223749 	22.022715 	22.090721 	25.019993 	
35.114101 	111.400177 	26.907248 	32.557640 	25.455845 	85.615417 	48.754486 	45.541191 	84.480766 	48.662102 	38.078865 	44.147480 	47.518417 	26.925823 	26.570660 	27.892651 	28.635643 	78.847954 	88.323273 	80.081207 	19.723083 	20.615528 	80.324341 	20.880613 	19.313208 	17.888544 	17.000000 	20.099751 	15.000000 	17.464249 	16.278820 	14.560220 	6.082763 	4.472136 	1.000000 	999.000000 	2.828427 	8.485281 	3.162278 	4.472136 	10.000000 	7.280110 	8.246211 	19.723083 	18.248287 	16.000000 	17.029387 	20.396078 	17.262676 	20.099751 	22.000000 	22.022715 	25.000000 	
36.400551 	113.780487 	27.202942 	34.234486 	25.612497 	88.056801 	47.885281 	46.840153 	86.700638 	47.074409 	39.217342 	42.720020 	45.891174 	28.160255 	27.892651 	29.427877 	30.265491 	81.320351 	90.801979 	82.565125 	20.615528 	21.840330 	82.873398 	22.360680 	20.615528 	18.973665 	18.027756 	22.000000 	15.652476 	19.104973 	18.027756 	16.124516 	5.000000 	2.000000 	3.605551 	2.828427 	999.000000 	5.656854 	1.414214 	2.000000 	7.211102 	5.000000 	6.000000 	22.472204 	20.615528 	18.110771 	19.235384 	22.803509 	19.026299 	22.000000 	24.083189 	24.020824 	27.073973 	
39.458839 	118.600166 	28.635643 	38.000000 	26.832815 	93.005379 	46.615448 	49.819675 	91.241440 	44.271889 	41.976185 	40.311287 	43.011627 	31.257000 	31.144823 	33.015148 	34.000000 	86.330757 	95.817535 	87.595665 	23.345236 	25.079872 	88.022728 	26.000000 	24.020824 	22.090721 	21.095022 	26.305893 	18.248287 	23.086792 	22.203604 	20.099751 	7.000000 	4.472136 	9.219544 	8.485281 	5.656854 	999.000000 	5.830952 	4.472136 	2.000000 	4.123106 	4.472136 	28.017851 	25.632011 	22.803509 	24.041630 	27.856777 	23.194826 	26.305893 	28.635643 	28.442924 	31.575306 	
37.643059 	114.542572 	28.600698 	35.355339 	27.018513 	88.769363 	49.244289 	48.083260 	87.572830 	48.270073 	40.496914 	43.965897 	47.074409 	29.410883 	29.120440 	30.594116 	31.400637 	82.006096 	91.482239 	83.240616 	21.931713 	23.086792 	83.486526 	23.537205 	21.840330 	20.248457 	19.313208 	23.021729 	17.000000 	20.223749 	19.104973 	17.262676 	6.403124 	3.162278 	4.123106 	3.162278 	1.414214 	5.830952 	999.000000 	1.414214 	7.071068 	4.123106 	5.099020 	22.203604 	19.924858 	17.262676 	18.439089 	22.135944 	18.000000 	21.023796 	23.194826 	23.086792 	26.172504 	
38.327538 	115.732452 	28.844410 	36.221542 	27.202942 	89.988892 	48.877399 	48.764740 	88.684837 	47.539455 	41.109608 	43.324360 	46.324940 	30.083218 	29.832869 	31.400637 	32.249031 	83.240616 	92.720009 	84.480766 	22.472204 	23.769728 	84.758484 	24.331051 	22.561028 	20.880613 	19.924858 	24.000000 	17.464249 	21.095022 	20.024984 	18.110771 	6.403124 	2.828427 	5.385165 	4.472136 	2.000000 	4.472136 	1.414214 	999.000000 	5.656854 	3.000000 	4.000000 	23.600847 	21.189621 	18.439089 	19.646883 	23.409399 	19.026299 	22.090721 	24.331051 	24.186773 	27.294687 	
41.436699 	120.540451 	30.463093 	40.000000 	28.635643 	94.921021 	47.801674 	51.788029 	93.214806 	44.944408 	43.931767 	41.146080 	43.657761 	33.241539 	33.136082 	35.014282 	36.000000 	88.232651 	97.718987 	89.493019 	25.317978 	27.073973 	89.888817 	28.000000 	26.019224 	24.083189 	23.086792 	28.284271 	20.223749 	25.079872 	24.186773 	22.090721 	9.000000 	6.324555 	10.816654 	10.000000 	7.211102 	2.000000 	7.071068 	5.656854 	999.000000 	4.123106 	4.000000 	29.206163 	26.400757 	23.409399 	24.698177 	28.635643 	23.537205 	26.683329 	29.120440 	28.861740 	32.015621 	
41.231056 	118.663391 	31.384710 	39.204590 	29.681644 	92.892410 	50.477718 	51.662365 	91.662422 	48.383881 	43.965897 	44.384682 	47.127487 	32.984844 	32.756680 	34.365681 	35.227829 	86.127815 	95.603348 	87.361320 	25.298222 	26.683329 	87.595665 	27.294687 	25.495098 	23.769728 	22.803509 	27.000000 	20.248457 	24.083189 	23.021729 	21.095022 	8.944272 	5.385165 	8.246211 	7.280110 	5.000000 	4.123106 	4.123106 	3.000000 	4.123106 	999.000000 	1.000000 	25.495098 	22.360680 	19.313208 	20.615528 	24.596748 	19.416489 	22.561028 	25.000000 	24.738634 	27.892651 	
42.201897 	119.641129 	32.249031 	40.199501 	30.528675 	93.861603 	51.039200 	52.630791 	92.655273 	48.703182 	44.922153 	44.777225 	47.434166 	33.955853 	33.734257 	35.355339 	36.221542 	87.091904 	96.566040 	88.323273 	26.248810 	27.658634 	88.543777 	28.284271 	26.476404 	24.738634 	23.769728 	28.000000 	21.189621 	25.079872 	24.020824 	22.090721 	9.848858 	6.324555 	9.219544 	8.246211 	6.000000 	4.472136 	5.099020 	4.000000 	4.000000 	1.000000 	999.000000 	26.172504 	22.825424 	19.697716 	21.023796 	25.059929 	19.646883 	22.803509 	25.298222 	25.000000 	28.160255 	
37.013512 	99.181648 	36.400551 	31.827662 	35.902645 	73.109505 	61.983868 	45.967381 	74.431175 	65.030762 	40.607880 	60.000000 	64.070274 	30.886890 	30.016663 	29.410883 	29.206163 	66.121101 	75.325958 	67.186310 	27.892651 	26.570660 	66.610809 	25.079872 	25.298222 	25.709921 	25.495098 	21.470911 	26.076809 	22.135944 	20.880613 	21.377558 	24.698177 	24.186773 	19.235384 	19.723083 	22.472204 	28.017851 	22.203604 	23.600847 	29.206163 	25.495098 	26.172504 	999.000000 	7.071068 	10.049875 	9.000000 	6.708204 	13.000000 	12.369317 	11.180340 	12.083046 	12.806249 	
42.426407 	106.117859 	39.812057 	37.643059 	39.000000 	80.056229 	64.560051 	51.855568 	81.498466 	66.189125 	45.967381 	61.400326 	65.122963 	35.608986 	34.828148 	34.655445 	34.655445 	73.061615 	82.219215 	74.108032 	31.304953 	30.528675 	73.437050 	29.410883 	29.154760 	29.068884 	28.635643 	26.248810 	28.460499 	26.076809 	24.698177 	24.596748 	24.083189 	22.561028 	18.110771 	18.248287 	20.615528 	25.632011 	19.924858 	21.189621 	26.400757 	22.360680 	22.825424 	7.071068 	999.000000 	3.605551 	2.236068 	2.236068 	6.082763 	5.385165 	5.000000 	5.656854 	7.615773 	
43.278172 	109.224541 	39.446167 	38.832977 	38.470768 	83.150467 	63.568859 	53.009434 	84.291161 	64.498062 	46.754681 	59.841457 	63.387695 	36.069378 	35.355339 	35.468296 	35.608986 	76.164299 	85.375641 	77.233414 	31.064449 	30.610456 	76.655075 	29.732138 	29.206163 	28.844410 	28.301943 	26.907248 	27.730848 	26.248810 	24.839485 	24.413111 	22.022715 	20.099751 	16.031219 	16.000000 	18.110771 	22.803509 	17.262676 	18.439089 	23.409399 	19.313208 	19.697716 	10.049875 	3.605551 	999.000000 	1.414214 	5.656854 	3.162278 	4.472136 	6.000000 	6.082763 	9.000000 	
43.185646 	108.166542 	39.824615 	38.600517 	38.910152 	82.097504 	64.195015 	52.801514 	83.384651 	65.375839 	46.690472 	60.671246 	64.280632 	36.124783 	35.383614 	35.383614 	35.468296 	75.106590 	84.291161 	76.164299 	31.384710 	30.805843 	75.538071 	29.832869 	29.410883 	29.154760 	28.653097 	26.870058 	28.231188 	26.400757 	25.000000 	24.698177 	23.000000 	21.213203 	17.000000 	17.029387 	19.235384 	24.041630 	18.439089 	19.646883 	24.698177 	20.615528 	21.023796 	9.000000 	2.236068 	1.414214 	999.000000 	4.242640 	4.000000 	4.242640 	5.099020 	5.385165 	8.062258 	
43.185646 	105.042847 	41.231056 	38.209946 	40.496914 	79.006332 	66.219330 	52.402290 	80.752708 	68.117546 	46.754681 	63.285069 	67.067131 	36.619667 	35.805027 	35.468296 	35.383614 	72.006943 	81.098709 	73.027390 	32.695564 	31.764761 	72.249565 	30.528675 	30.413813 	30.463093 	30.083218 	27.202942 	30.083218 	27.294687 	25.942244 	26.000000 	26.172504 	24.738634 	20.223749 	20.396078 	22.803509 	27.856777 	22.135944 	23.409399 	28.635643 	24.596748 	25.059929 	6.708204 	2.236068 	5.656854 	4.242640 	999.000000 	7.615773 	6.000000 	4.472136 	5.385165 	6.403124 	
46.227695 	112.160599 	41.880783 	41.880783 	40.816662 	86.092972 	65.551506 	56.035702 	87.367043 	65.924202 	49.678970 	61.392181 	64.776543 	38.897301 	38.209946 	38.418747 	38.600517 	79.101204 	88.277969 	80.156097 	33.600594 	33.301651 	79.511009 	32.526913 	31.890438 	31.400637 	30.805843 	29.832869 	30.016663 	29.000000 	27.586229 	27.018513 	23.345236 	21.023796 	17.464249 	17.262676 	19.026299 	23.194826 	18.000000 	19.026299 	23.537205 	19.416489 	19.646883 	13.000000 	6.082763 	3.162278 	4.000000 	7.615773 	999.000000 	3.162278 	5.830952 	5.385165 	8.544003 	
47.423622 	111.040535 	43.908997 	42.801868 	42.941822 	85.005882 	68.007355 	57.008770 	86.700638 	68.731361 	50.931328 	64.132675 	67.601776 	40.360870 	39.623226 	39.623226 	39.698868 	78.006409 	87.091904 	79.025314 	35.510563 	35.000000 	78.230431 	34.058773 	33.600594 	33.286633 	32.756680 	31.112698 	32.202484 	30.610456 	29.206163 	28.844410 	26.172504 	24.000000 	20.223749 	20.099751 	22.000000 	26.305893 	21.023796 	22.090721 	26.683329 	22.561028 	22.803509 	12.369317 	5.385165 	4.472136 	4.242640 	6.000000 	3.162278 	999.000000 	2.828427 	2.236068 	5.385165 	
47.381432 	109.004585 	44.721359 	42.520584 	43.863426 	83.006027 	69.260376 	56.727417 	85.000000 	70.455658 	50.931328 	65.764732 	69.354164 	40.607880 	39.824615 	39.623226 	39.597980 	76.006577 	85.023529 	77.000000 	36.235340 	35.510563 	76.105194 	34.409302 	34.132095 	34.000000 	33.541019 	31.240999 	33.241539 	31.064449 	29.681644 	29.529646 	28.017851 	26.076809 	22.022715 	22.000000 	24.083189 	28.635643 	23.194826 	24.331051 	29.120440 	25.000000 	25.298222 	11.180340 	5.000000 	6.000000 	5.099020 	4.472136 	5.830952 	2.828427 	999.000000 	1.000000 	3.000000 	
48.083260 	110.004547 	45.177429 	43.278172 	44.283180 	84.005951 	69.570107 	57.489128 	85.988373 	70.576202 	51.623638 	65.924202 	69.462219 	41.231056 	40.459858 	40.311287 	40.311287 	77.006493 	86.023254 	78.000000 	36.715118 	36.055511 	77.103828 	35.000000 	34.669872 	34.481880 	34.000000 	31.890438 	33.615471 	31.622776 	30.232433 	30.016663 	28.071337 	26.019224 	22.090721 	22.022715 	24.020824 	28.442924 	23.086792 	24.186773 	28.861740 	24.738634 	25.000000 	12.083046 	5.656854 	6.082763 	5.385165 	5.385165 	5.385165 	2.236068 	1.000000 	999.000000 	3.162278 	
49.578220 	109.018349 	47.423622 	44.553337 	46.615448 	83.096329 	72.124893 	58.728188 	85.510231 	73.437050 	53.150730 	68.731361 	72.339478 	43.011627 	42.201897 	41.868843 	41.773197 	76.105194 	85.005882 	77.058418 	38.910152 	38.078865 	76.006577 	36.891735 	36.715118 	36.674240 	36.249138 	33.600594 	36.055511 	33.615471 	32.249031 	32.202484 	31.016125 	29.068884 	25.019993 	25.000000 	27.073973 	31.575306 	26.172504 	27.294687 	32.015621 	27.892651 	28.160255 	12.806249 	7.615773 	9.000000 	8.062258 	6.403124 	8.544003 	5.385165 	3.000000 	3.162278 	999.000000 	

Travel time:
9.000000 	2.091799 	0.357946 	0.152069 	0.403887 	1.497707 	0.854400 	0.261008 	1.378858 	1.095730 	0.090139 	0.965013 	1.090011 	0.206155 	0.213600 	0.195256 	0.195256 	1.355083 	1.581139 	1.390144 	0.403113 	0.364006 	1.434617 	0.357946 	0.395285 	0.436606 	0.460977 	0.410031 	0.530330 	0.447214 	0.480885 	0.515388 	0.813941 	0.897566 	0.854400 	0.877853 	0.910014 	0.986471 	0.941076 	0.958188 	1.035918 	1.030776 	1.055047 	0.925338 	1.060660 	1.081954 	1.079641 	1.079641 	1.155692 	1.185591 	1.184536 	1.202081 	1.239455 	
2.091799 	9.000000 	2.449745 	2.057000 	2.495245 	0.651920 	2.765072 	1.903943 	0.716327 	3.086462 	2.079664 	2.974580 	3.092733 	2.256241 	2.247221 	2.182888 	2.150872 	0.826514 	0.600521 	0.800391 	2.443486 	2.379732 	0.828402 	2.340139 	2.395438 	2.450765 	2.474495 	2.311115 	2.553551 	2.397003 	2.414151 	2.469059 	2.795644 	2.855915 	2.760548 	2.785004 	2.844512 	2.965004 	2.863564 	2.893311 	3.013511 	2.966585 	2.991028 	2.479541 	2.652946 	2.730613 	2.704164 	2.626071 	2.804015 	2.776013 	2.725115 	2.750114 	2.725459 	
0.357946 	2.449745 	9.000000 	0.424264 	0.050000 	1.852363 	0.650481 	0.579871 	1.736555 	0.807775 	0.382426 	0.673146 	0.794512 	0.235850 	0.257391 	0.325960 	0.360555 	1.706055 	1.934716 	1.740869 	0.213600 	0.251247 	1.780449 	0.300000 	0.279509 	0.269258 	0.279509 	0.400000 	0.301040 	0.357946 	0.388104 	0.380789 	0.561805 	0.651920 	0.654313 	0.672681 	0.680074 	0.715891 	0.715017 	0.721110 	0.761577 	0.784618 	0.806226 	0.910014 	0.995301 	0.986154 	0.995615 	1.030776 	1.047020 	1.097725 	1.118034 	1.129436 	1.185591 	
0.152069 	2.057000 	0.424264 	9.000000 	0.460977 	1.442654 	0.989002 	0.355317 	1.353006 	1.209339 	0.237171 	1.076162 	1.200521 	0.201556 	0.190394 	0.127475 	0.100000 	1.290591 	1.522539 	1.325000 	0.388104 	0.328824 	1.360147 	0.300000 	0.350892 	0.403113 	0.427931 	0.316228 	0.505594 	0.378319 	0.406971 	0.452769 	0.775000 	0.851469 	0.789383 	0.813941 	0.855862 	0.950000 	0.883883 	0.905539 	1.000000 	0.980115 	1.004987 	0.795692 	0.941076 	0.970824 	0.965013 	0.955249 	1.047020 	1.070047 	1.063015 	1.081954 	1.113833 	
0.403887 	2.495245 	0.050000 	0.460977 	9.000000 	1.895059 	0.654313 	0.629484 	1.782730 	0.790569 	0.431567 	0.656220 	0.775403 	0.265754 	0.285044 	0.355317 	0.390512 	1.747319 	1.976898 	1.782028 	0.201556 	0.251247 	1.820028 	0.304138 	0.275000 	0.254951 	0.261008 	0.403113 	0.270416 	0.350892 	0.378319 	0.364006 	0.520216 	0.610328 	0.618971 	0.636396 	0.640312 	0.670820 	0.675463 	0.680074 	0.715891 	0.742041 	0.763217 	0.897566 	0.975000 	0.961769 	0.972754 	1.012423 	1.020416 	1.073546 	1.096586 	1.107080 	1.165386 	
1.497707 	0.651920 	1.852363 	1.442654 	1.895059 	9.000000 	2.245690 	1.345362 	0.301040 	2.547793 	1.500000 	2.427061 	2.549510 	1.644118 	1.632483 	1.565248 	1.531747 	0.175000 	0.090139 	0.152069 	1.822944 	1.756595 	0.215058 	1.713549 	1.769357 	1.825171 	1.848141 	1.676678 	1.926947 	1.764405 	1.779220 	1.834734 	2.158269 	2.215006 	2.116158 	2.140385 	2.201420 	2.325135 	2.219234 	2.249722 	2.373025 	2.322310 	2.346540 	1.827738 	2.001406 	2.078762 	2.052438 	1.975158 	2.152324 	2.125147 	2.075151 	2.100149 	2.077408 	
0.854400 	2.765072 	0.650481 	0.989002 	0.654313 	2.245690 	9.000000 	0.910014 	2.058215 	0.340037 	0.805062 	0.276134 	0.357946 	0.855862 	0.880696 	0.937083 	0.965984 	2.128673 	2.334524 	2.163908 	0.855862 	0.901388 	2.225562 	0.950329 	0.928036 	0.908639 	0.912414 	1.050297 	0.903466 	1.004987 	1.032594 	1.015197 	1.073546 	1.153527 	1.208305 	1.218862 	1.197132 	1.165386 	1.231107 	1.221935 	1.195042 	1.261943 	1.275980 	1.549597 	1.614001 	1.589221 	1.604875 	1.655483 	1.638788 	1.700184 	1.731509 	1.739253 	1.803122 	
0.261008 	1.903943 	0.579871 	0.355317 	0.629484 	1.345362 	0.910014 	9.000000 	1.187697 	1.202601 	0.200000 	1.081954 	1.204159 	0.467039 	0.474342 	0.447214 	0.437321 	1.220912 	1.432873 	1.256234 	0.661910 	0.625000 	1.315770 	0.617454 	0.656220 	0.697316 	0.721543 	0.660492 	0.789383 	0.705780 	0.738664 	0.775403 	1.073837 	1.158123 	1.114955 	1.138530 	1.171004 	1.245492 	1.202081 	1.219118 	1.294701 	1.291559 	1.315770 	1.149184 	1.296389 	1.325236 	1.320038 	1.310057 	1.400892 	1.425219 	1.418185 	1.437228 	1.468205 	
1.378858 	0.716327 	1.736555 	1.353006 	1.782730 	0.301040 	2.058215 	1.187697 	9.000000 	2.375000 	1.364047 	2.261084 	2.380257 	1.549597 	1.542117 	1.480076 	1.449353 	0.360555 	0.375832 	0.369121 	1.741049 	1.679658 	0.469707 	1.643358 	1.697793 	1.752320 	1.776584 	1.623461 	1.855398 	1.706239 	1.726268 	1.779923 	2.108613 	2.174425 	2.087163 	2.112019 	2.167516 	2.281036 	2.189321 	2.217121 	2.330370 	2.291561 	2.316382 	1.860779 	2.037462 	2.107279 	2.084616 	2.018818 	2.184176 	2.167516 	2.125000 	2.149709 	2.137756 	
1.095730 	3.086462 	0.807775 	1.209339 	0.790569 	2.547793 	0.340037 	1.202601 	2.375000 	9.000000 	1.065950 	0.134629 	0.035355 	1.040733 	1.063602 	1.129712 	1.162970 	2.421905 	2.635455 	2.457260 	0.976281 	1.037123 	2.512469 	1.092016 	1.055047 	1.019804 	1.015197 	1.188486 	0.980115 	1.122776 	1.142639 	1.110180 	1.064483 	1.128051 	1.212693 	1.216552 	1.176860 	1.106797 	1.206752 	1.188486 	1.123610 	1.209597 	1.217580 	1.625769 	1.654728 	1.612452 	1.634396 	1.702939 	1.648105 	1.718284 	1.761391 	1.764405 	1.835926 	
0.090139 	2.079664 	0.382426 	0.237171 	0.431567 	1.500000 	0.805062 	0.200000 	1.364047 	1.065950 	9.000000 	0.938416 	1.063015 	0.279509 	0.291548 	0.282843 	0.285044 	1.364047 	1.585284 	1.399330 	0.467039 	0.436606 	1.449569 	0.437321 	0.469707 	0.506211 	0.529741 	0.496236 	0.594243 	0.527376 	0.561805 	0.592663 	0.879275 	0.965013 	0.929045 	0.951972 	0.980434 	1.049405 	1.012423 	1.027740 	1.098294 	1.099147 	1.123054 	1.015197 	1.149184 	1.168867 	1.167262 	1.168867 	1.241974 	1.273283 	1.273283 	1.290591 	1.328768 	
0.965013 	2.974580 	0.673146 	1.076162 	0.656220 	2.427061 	0.276134 	1.081954 	2.261084 	0.134629 	0.938416 	9.000000 	0.125000 	0.906228 	0.929045 	0.995301 	1.028652 	2.298369 	2.514210 	2.333720 	0.843356 	0.903466 	2.387075 	0.958188 	0.921954 	0.887764 	0.883883 	1.055047 	0.851469 	0.990581 	1.011187 	0.980115 	0.951972 	1.020110 	1.098294 	1.103687 	1.068001 	1.007782 	1.099147 	1.083109 	1.028652 	1.109617 	1.119431 	1.500000 	1.535008 	1.496036 	1.516781 	1.582127 	1.534805 	1.603317 	1.644118 	1.648105 	1.718284 	
1.090011 	3.092733 	0.794512 	1.200521 	0.775403 	2.549510 	0.357946 	1.204159 	2.380257 	0.035355 	1.063015 	0.125000 	9.000000 	1.028652 	1.051190 	1.118034 	1.151629 	2.421905 	2.636878 	2.457260 	0.958188 	1.020110 	2.511225 	1.075291 	1.037123 	1.000625 	0.995301 	1.171004 	0.958188 	1.103687 	1.122776 	1.089151 	1.035918 	1.098294 	1.184536 	1.187960 	1.147279 	1.075291 	1.176860 	1.158123 	1.091444 	1.178187 	1.185854 	1.601757 	1.628074 	1.584692 	1.607016 	1.676678 	1.619414 	1.690044 	1.733854 	1.736555 	1.808487 	
0.206155 	2.256241 	0.235850 	0.201556 	0.265754 	1.644118 	0.855862 	0.467039 	1.549597 	1.040733 	0.279509 	0.906228 	1.028652 	9.000000 	0.025000 	0.090139 	0.125000 	1.492062 	1.724094 	1.526434 	0.200000 	0.158114 	1.560649 	0.160078 	0.190394 	0.230489 	0.254951 	0.235850 	0.325960 	0.250000 	0.285044 	0.313249 	0.608276 	0.691466 	0.650000 	0.673146 	0.704006 	0.781425 	0.735272 	0.752080 	0.831038 	0.824621 	0.848896 	0.772172 	0.890225 	0.901734 	0.903120 	0.915492 	0.972432 	1.009022 	1.015197 	1.030776 	1.075291 	
0.213600 	2.247221 	0.257391 	0.190394 	0.285044 	1.632483 	0.880696 	0.474342 	1.542117 	1.063602 	0.291548 	0.929045 	1.051190 	0.025000 	9.000000 	0.070711 	0.106066 	1.479231 	1.711907 	1.513481 	0.201556 	0.152069 	1.546367 	0.145774 	0.182003 	0.226385 	0.251247 	0.215058 	0.325000 	0.235850 	0.270416 	0.302076 	0.604669 	0.686477 	0.640800 	0.664266 	0.697316 	0.778621 	0.728011 	0.745822 	0.828402 	0.818917 	0.843356 	0.750417 	0.870704 	0.883883 	0.884590 	0.895126 	0.955249 	0.990581 	0.995615 	1.011496 	1.055047 	
0.195256 	2.182888 	0.325960 	0.127475 	0.355317 	1.565248 	0.937083 	0.447214 	1.480076 	1.129712 	0.282843 	0.995301 	1.118034 	0.090139 	0.070711 	9.000000 	0.035355 	1.410895 	1.644118 	1.445035 	0.261008 	0.201556 	1.476906 	0.176777 	0.225000 	0.276134 	0.301040 	0.215058 	0.378319 	0.261008 	0.292617 	0.333542 	0.650481 	0.728869 	0.673146 	0.697316 	0.735697 	0.825379 	0.764853 	0.785016 	0.875357 	0.859142 	0.883883 	0.735272 	0.866386 	0.886707 	0.884590 	0.886707 	0.960469 	0.990581 	0.990581 	1.007782 	1.046721 	
0.195256 	2.150872 	0.360555 	0.100000 	0.390512 	1.531747 	0.965984 	0.437321 	1.449353 	1.162970 	0.285044 	1.028652 	1.151629 	0.125000 	0.106066 	0.035355 	9.000000 	1.376817 	1.610318 	1.410895 	0.292617 	0.230489 	1.442220 	0.200000 	0.251247 	0.304138 	0.328824 	0.223607 	0.406971 	0.279509 	0.309233 	0.353553 	0.675000 	0.751665 	0.691466 	0.715891 	0.756637 	0.850000 	0.785016 	0.806226 	0.900000 	0.880696 	0.905539 	0.730154 	0.866386 	0.890225 	0.886707 	0.884590 	0.965013 	0.992472 	0.989950 	1.007782 	1.044330 	
