Total assets = 1250
Number of asset nodes = 67

Distance:
999.000000 	8.602325 	36.400551 	39.446167 	35.000000 	44.944408 	42.438190 	17.464249 	35.846897 	57.201397 	59.203041 	54.083271 	40.718548 	32.557640 	33.421551 	95.425362 	49.819675 	15.811388 	84.899940 	42.426407 	58.249462 	73.661385 	27.000000 	97.308784 	89.140335 	18.681541 	36.619667 	77.233414 	63.245552 	98.716766 	89.827614 	46.238514 	72.006943 	97.836601 	22.203604 	41.231056 	55.172459 	92.633690 	30.805843 	26.076809 	24.758837 	94.069122 	32.557640 	110.113579 	33.541019 	66.189125 	36.221542 	30.066593 	60.166435 	27.730848 	99.724625 	109.041275 	55.081757 	57.870544 	46.097721 	30.463093 	48.166378 	65.115280 	32.015621 	32.984844 	53.460266 	74.966660 	34.928497 	68.308128 	36.878178 	40.199501 	37.161808 	39.051247 	37.215588 	41.146080 	40.706264 	43.185646 	46.690472 	71.449280 	47.853943 	48.010414 	50.606323 	50.990196 	51.623638 	55.036350 	65.215027 	
8.602325 	999.000000 	27.802877 	48.020828 	43.600460 	53.535034 	33.837849 	24.596748 	27.513634 	48.600410 	50.606323 	45.486263 	32.310989 	40.521599 	41.773197 	87.200920 	58.412327 	20.099751 	76.485291 	50.931328 	66.850578 	65.115280 	20.615528 	89.022469 	80.721741 	23.086792 	44.821869 	68.680420 	71.847061 	90.426765 	81.394104 	37.947330 	63.411354 	89.498604 	27.294687 	33.376640 	63.702435 	84.172440 	37.696156 	31.400637 	25.079872 	85.562843 	27.313000 	101.828285 	28.231188 	57.697487 	30.364452 	35.355339 	51.865211 	30.413813 	91.219513 	100.657837 	47.074409 	49.729267 	39.051247 	33.376640 	41.012192 	73.552704 	30.805843 	37.013512 	46.043457 	83.486526 	37.656342 	60.166435 	35.805027 	45.099888 	39.812057 	43.046486 	38.897301 	37.802116 	37.643059 	48.093658 	51.009804 	64.070274 	50.000000 	48.754486 	48.836460 	50.774010 	50.803543 	57.280014 	65.764732 	
36.400551 	27.802877 	999.000000 	75.716576 	71.400284 	81.271149 	6.324555 	51.088158 	8.944272 	20.808653 	22.803509 	17.888544 	9.433981 	67.119293 	69.310890 	60.901562 	86.214851 	44.102154 	49.406479 	78.644768 	94.625580 	37.483330 	22.090721 	62.433964 	53.600372 	46.647614 	72.138756 	41.012192 	99.624290 	63.812225 	54.203320 	14.866069 	35.608986 	62.681736 	51.107731 	16.278820 	91.438507 	56.850681 	63.245552 	55.072678 	41.761227 	58.051701 	28.160255 	75.166481 	28.284271 	31.048349 	26.925823 	58.591808 	27.000000 	49.979996 	63.702435 	73.600273 	25.000000 	26.305893 	25.495098 	52.810986 	26.172504 	101.138519 	42.190044 	57.939625 	28.301943 	111.198021 	56.044624 	36.013885 	46.010868 	66.850578 	57.723480 	63.245552 	54.918121 	40.792156 	41.593269 	69.641945 	71.168816 	44.271889 	65.490456 	61.008198 	54.129475 	60.207973 	58.549126 	72.249565 	75.538071 	
39.446167 	48.020828 	75.716576 	999.000000 	6.082763 	5.656854 	81.835197 	30.149628 	75.133217 	96.519424 	98.473343 	93.493317 	80.062477 	14.142136 	14.317822 	132.943604 	12.083046 	39.319206 	123.239601 	10.770329 	19.104973 	112.614388 	64.195015 	135.059250 	127.475487 	39.051247 	16.401220 	116.211014 	24.083189 	136.473434 	128.222458 	85.428329 	111.251968 	135.793961 	37.054016 	79.849861 	18.973665 	131.137329 	28.792360 	36.496574 	51.039200 	132.774246 	67.468513 	147.787003 	68.447060 	105.588821 	71.805290 	37.363083 	99.317673 	46.270943 	138.408813 	147.139389 	93.776329 	96.772926 	83.240616 	46.690472 	85.440041 	29.732138 	59.000000 	43.680660 	91.093361 	37.735924 	49.477268 	107.154091 	62.128899 	42.941822 	50.960770 	46.615448 	54.341511 	71.028160 	70.007141 	44.418465 	49.396355 	108.669220 	59.615433 	64.845970 	74.813103 	70.342018 	72.780495 	64.412735 	79.202271 	
35.000000 	43.600460 	71.400284 	6.082763 	999.000000 	10.440307 	77.420929 	24.331051 	70.327805 	92.200867 	94.201912 	89.050545 	75.292763 	15.524175 	8.602325 	129.556931 	14.866069 	33.541019 	119.519875 	9.219544 	23.323807 	108.577164 	58.872746 	131.590271 	123.761871 	33.136082 	11.401754 	112.160599 	28.301943 	133.003754 	124.482933 	80.529495 	107.004669 	132.245987 	31.016125 	74.732857 	20.808653 	127.349915 	22.847319 	30.413813 	45.099888 	128.887543 	61.846584 	144.360657 	62.817196 	100.846420 	66.219330 	31.320919 	94.366310 	40.199501 	134.536240 	143.544418 	88.639717 	91.706055 	77.794601 	40.607880 	80.006248 	31.384710 	53.009434 	37.643059 	85.702972 	40.459858 	43.416588 	102.044106 	56.080299 	37.215588 	44.922153 	40.718548 	48.270073 	65.069191 	64.031242 	38.832977 	43.829212 	103.160072 	53.712196 	58.821766 	68.731361 	64.288414 	66.708321 	58.668560 	73.348480 	
44.944408 	53.535034 	81.271149 	5.656854 	10.440307 	999.000000 	87.367043 	34.713108 	80.529495 	102.078400 	104.043259 	99.020203 	85.475143 	18.973665 	17.117243 	138.600143 	7.071068 	43.931767 	128.887543 	10.000000 	13.453624 	118.228592 	69.289246 	140.716019 	133.124008 	43.416588 	18.027756 	121.823647 	18.439089 	142.130219 	133.869339 	90.785461 	116.828934 	141.449631 	41.048752 	85.088188 	14.142136 	136.780853 	31.575306 	40.049969 	55.326305 	138.408813 	72.277245 	153.443802 	73.246162 	111.018013 	76.655075 	40.447498 	104.651802 	50.009998 	144.045135 	152.793976 	99.005051 	102.044106 	88.232651 	50.159744 	90.443352 	24.738634 	63.126858 	46.690472 	96.135323 	32.249031 	52.611786 	112.401070 	66.000000 	44.944408 	53.935146 	49.040798 	57.558666 	75.239616 	74.168724 	46.097721 	50.990196 	113.600174 	61.983868 	67.683083 	78.313469 	73.348480 	75.953934 	66.309875 	81.344948 	
42.438190 	33.837849 	6.324555 	81.835197 	77.420929 	87.367043 	999.000000 	56.586216 	10.198039 	14.866069 	16.970562 	11.661903 	7.280110 	73.409805 	75.073296 	56.364883 	92.200867 	49.203659 	44.418465 	84.504440 	100.687637 	32.015621 	25.298222 	57.706154 	48.548943 	51.613953 	77.794601 	35.468296 	105.683487 	59.059292 	49.091751 	10.630146 	29.732138 	57.801384 	56.035702 	14.866069 	97.308784 	51.613953 	68.410522 	59.908264 	45.694637 	52.630791 	30.149628 	70.327805 	30.066593 	24.738634 	28.017851 	63.285069 	21.095022 	54.129475 	58.258045 	68.505478 	20.124611 	20.880613 	23.706539 	56.859474 	23.853722 	106.887794 	45.122055 	62.169125 	24.758837 	117.034180 	59.808025 	30.149628 	48.507732 	71.112587 	61.351448 	67.230942 	58.240879 	42.047592 	43.011627 	73.824112 	75.026665 	39.395432 	68.447060 	63.387695 	55.226807 	62.008064 	60.033325 	74.966660 	77.058418 	
17.464249 	24.596748 	51.088158 	30.149628 	24.331051 	34.713108 	56.586216 	999.000000 	48.270073 	71.421288 	73.552704 	67.896980 	53.263496 	30.083218 	19.235384 	111.503365 	37.696156 	9.219544 	100.424103 	29.068884 	46.818798 	88.526833 	35.355339 	113.225441 	104.637466 	9.055386 	21.400934 	92.021736 	51.623638 	114.621117 	105.261581 	58.008621 	86.267029 	113.600174 	8.602325 	51.623638 	41.677334 	107.935165 	13.341664 	10.816654 	21.023796 	109.123779 	37.643059 	126.015869 	38.600517 	78.600258 	42.059483 	14.317822 	71.561165 	17.888544 	114.769333 	124.631454 	65.368187 	68.600288 	53.851646 	19.416489 	56.080299 	50.606323 	29.154760 	19.209373 	61.846584 	61.032780 	23.430750 	78.771820 	32.756680 	24.351591 	25.495098 	24.698177 	27.459061 	41.012192 	40.049969 	27.202942 	31.384710 	79.056938 	36.069378 	38.832977 	46.173584 	43.416588 	45.188496 	42.638012 	55.317268 	
35.846897 	27.513634 	8.944272 	75.133217 	70.327805 	80.529495 	10.198039 	48.270073 	999.000000 	23.853722 	26.076809 	20.000000 	5.000000 	68.007355 	67.201187 	66.309875 	84.905830 	40.311287 	54.120235 	76.843994 	93.648277 	41.340054 	15.231546 	67.542580 	58.180752 	42.520584 	69.656296 	44.654228 	98.615417 	68.876701 	58.668560 	10.440307 	38.418747 	67.535179 	46.861500 	8.062258 	89.627007 	61.057350 	59.464275 	50.606323 	35.777088 	61.854668 	20.024984 	80.062477 	20.000000 	30.528675 	18.248287 	53.823788 	24.351591 	44.294468 	67.424034 	78.032043 	20.024984 	22.360680 	17.029387 	46.957428 	18.027756 	98.858482 	34.928497 	52.354561 	21.189621 	109.201645 	49.769470 	32.756680 	38.327538 	61.294373 	51.264023 	57.271286 	48.083260 	32.249031 	33.136082 	63.953106 	65.000000 	38.470768 	58.249462 	53.235325 	45.541191 	52.009613 	50.159744 	64.776543 	67.186310 	
57.201397 	48.600410 	20.808653 	96.519424 	92.200867 	102.078400 	14.866069 	71.421288 	23.853722 	999.000000 	2.236068 	4.123106 	19.235384 	87.658424 	89.938866 	43.011627 	107.004669 	63.890530 	30.463093 	99.357941 	115.433968 	17.492855 	38.948685 	44.011364 	34.438351 	66.219330 	92.655273 	20.808653 	120.432556 	45.310043 	34.885529 	17.262676 	14.866069 	43.863426 	70.604530 	24.738634 	112.160599 	37.215588 	83.096329 	74.404305 	59.539902 	38.013157 	42.379242 	56.364883 	42.059483 	13.601471 	39.293766 	77.665955 	15.620500 	68.095520 	43.600460 	54.203320 	20.248457 	18.357559 	31.000000 	70.710678 	30.066593 	121.753853 	57.939625 	76.157730 	27.892651 	131.893890 	73.348480 	23.021729 	60.728905 	85.088188 	74.732857 	80.950600 	71.309189 	52.773098 	53.935146 	87.709747 	88.566360 	36.069378 	80.956779 	75.186432 	65.276337 	72.993149 	70.576202 	87.091904 	87.367043 	
59.203041 	50.606323 	22.803509 	98.473343 	94.201912 	104.043259 	16.970562 	73.552704 	26.076809 	2.236068 	999.000000 	6.324555 	21.470911 	89.470665 	92.021736 	40.804413 	109.018349 	66.068146 	28.231188 	101.414986 	117.413795 	15.264338 	41.182522 	41.785164 	32.202484 	68.410522 	94.762863 	18.601076 	122.413231 	43.081318 	32.649654 	19.416489 	12.806249 	41.629318 	72.801102 	26.925823 	114.214706 	34.985710 	85.276024 	76.609398 	61.773781 	35.805027 	44.598206 	54.129475 	44.271889 	13.416408 	41.484936 	79.881165 	16.643316 	70.327805 	41.400482 	51.971146 	21.840330 	19.697716 	33.015148 	72.945183 	32.015621 	123.842644 	60.166435 	78.390053 	29.614185 	133.958954 	75.584389 	23.430750 	62.936478 	87.321243 	76.967529 	83.186539 	73.539108 	54.918121 	56.089214 	89.944427 	90.801979 	36.878178 	83.168503 	77.369247 	67.364677 	75.133217 	72.691124 	89.286057 	89.453896 	
54.083271 	45.486263 	17.888544 	93.493317 	89.050545 	99.020203 	11.661903 	67.896980 	20.000000 	4.123106 	6.324555 	999.000000 	15.264338 	85.000000 	86.556343 	47.127487 	103.812332 	60.207973 	34.539833 	96.046867 	112.329872 	21.470911 	34.985710 	48.104053 	38.483765 	62.481998 	89.196411 	24.698177 	117.324333 	49.396355 	38.910152 	13.152946 	18.439089 	47.927029 	66.843102 	20.615528 	108.853111 	41.182522 	79.397736 	70.604530 	55.569775 	41.880783 	38.275318 	60.415230 	37.947330 	14.000000 	35.171009 	73.817345 	13.601471 	64.140472 	47.434166 	58.180752 	17.000000 	15.620500 	27.018513 	66.730804 	26.172504 	118.342720 	53.851646 	72.201111 	24.351591 	128.549606 	69.318108 	21.931713 	56.612720 	81.123360 	70.682388 	76.941536 	67.230942 	48.662102 	49.819675 	83.725746 	84.528099 	34.058773 	76.843994 	71.063354 	61.204575 	68.883957 	66.483078 	82.969872 	83.294655 	
40.718548 	32.310989 	9.433981 	80.062477 	75.292763 	85.475143 	7.280110 	53.263496 	5.000000 	19.235384 	21.470911 	15.264338 	999.000000 	72.732384 	72.201111 	62.032249 	89.888817 	45.254833 	49.658836 	81.841309 	98.615417 	36.715118 	19.723083 	63.158531 	53.665630 	47.423622 	74.652527 	39.962482 	103.585716 	64.474800 	54.120235 	6.000000 	33.600594 	63.071388 	51.739735 	7.615773 	94.625580 	56.435802 	64.381676 	55.443665 	40.311287 	57.140179 	23.537205 	75.584389 	23.345236 	25.553865 	21.023796 	58.600342 	19.646883 	48.877399 	62.681736 	73.430237 	16.124516 	18.027756 	16.643316 	51.478149 	17.029387 	103.855667 	38.897301 	56.938564 	18.867962 	114.201576 	54.129475 	28.284271 	41.976185 	65.863495 	55.542778 	61.717098 	52.201534 	35.000000 	36.013885 	68.476273 	69.354164 	35.171009 	62.096699 	56.718605 	48.093658 	55.081757 	53.000000 	68.447060 	70.007141 	
32.557640 	40.521599 	67.119293 	14.142136 	15.524175 	18.973665 	73.409805 	30.083218 	68.007355 	87.658424 	89.470665 	85.000000 	72.732384 	999.000000 	22.825424 	121.827744 	25.961510 	38.078865 	112.800713 	24.083189 	31.384710 	102.927162 	59.304298 	124.084648 	117.004272 	38.897301 	26.400757 	106.531685 	36.055511 	125.495018 	117.800682 	78.447433 	102.083298 	124.963997 	38.483765 	73.756355 	32.984844 	120.801491 	34.655445 	39.446167 	50.447994 	122.641754 	64.000000 	136.693085 	65.000000 	97.862144 	68.029404 	41.617306 	92.347168 	47.927029 	128.222458 	136.359818 	87.555695 	90.249657 	78.517517 	49.193497 	80.622574 	43.680660 	58.694122 	47.707443 	85.988373 	50.990196 	52.839378 	100.687637 	62.641838 	49.517673 	54.708317 	52.009613 	57.245087 	70.035706 	69.231499 	51.623638 	56.568542 	103.947105 	64.637451 	68.476273 	76.216797 	73.348480 	75.239616 	70.434364 	84.314888 	
33.421551 	41.773197 	69.310890 	14.317822 	8.602325 	17.117243 	75.073296 	19.235384 	67.201187 	89.938866 	92.021736 	86.556343 	72.201111 	22.825424 	999.000000 	128.844864 	18.681541 	28.231188 	118.258194 	9.848858 	27.892651 	106.775467 	54.589375 	130.728729 	122.494896 	27.202942 	4.000000 	110.317726 	32.572994 	132.136292 	123.166557 	77.103828 	104.804581 	131.244049 	24.331051 	70.830788 	22.472204 	125.936493 	14.560220 	23.000000 	38.832977 	127.287079 	56.648037 	143.533966 	57.584721 	97.652443 	61.098282 	23.345236 	90.735878 	33.015148 	132.943604 	142.425415 	84.599052 	87.817993 	73.006851 	33.060551 	75.239616 	31.827662 	46.389652 	29.614185 	81.024689 	42.011902 	35.510563 	98.005104 	49.040798 	28.653097 	36.878178 	32.310989 	40.447498 	58.549126 	57.428215 	30.232433 	35.227829 	98.081596 	45.310043 	50.695168 	61.204575 	56.293873 	58.855755 	50.119858 	64.884514 	
95.425362 	87.200920 	60.901562 	132.943604 	129.556931 	138.600143 	56.364883 	111.503365 	66.309875 	43.011627 	40.804413 	47.127487 	62.032249 	121.827744 	128.844864 	999.000000 	144.360657 	104.957130 	13.038404 	137.644470 	152.029602 	26.305893 	81.541397 	3.000000 	10.198039 	107.540688 	132.003784 	24.020824 	156.977707 	4.123106 	10.440307 	60.166435 	31.064449 	5.099020 	112.004463 	67.720009 	150.233154 	10.816654 	124.020157 	115.974136 	102.044106 	13.453624 	85.381500 	14.866069 	85.070557 	45.000000 	82.280006 	119.473846 	53.084839 	110.494347 	14.317822 	15.231546 	60.299255 	57.140179 	73.164200 	113.216606 	71.847061 	160.430664 	100.900940 	118.532700 	68.264191 	169.994110 	116.077560 	54.332310 	103.740059 	127.475487 	117.545738 	123.567795 	114.232216 	95.566734 	96.772926 	130.188324 	131.308792 	68.066147 	123.967735 	118.139748 	107.689369 	115.732452 	113.159180 	130.080750 	129.711212 	
49.819675 	58.412327 	86.214851 	12.083046 	14.866069 	7.071068 	92.200867 	37.696156 	84.905830 	107.004669 	109.018349 	103.812332 	89.888817 	25.961510 	18.681541 	144.360657 	999.000000 	46.818798 	134.380051 	9.055386 	9.219544 	123.434196 	72.917763 	146.413803 	138.621780 	45.880280 	18.027756 	127.015747 	13.928389 	147.827606 	139.344894 	95.015785 	121.823647 	147.085007 	42.953465 	89.005615 	7.071068 	142.214630 	32.015621 	41.303753 	57.489128 	143.753265 	75.272835 	159.176010 	76.216797 	115.433968 	79.711983 	41.012192 	108.784187 	51.351727 	149.402145 	158.391922 	102.859123 	106.004715 	91.547798 	51.088158 	93.776329 	17.720045 	64.938431 	47.010635 	99.538940 	25.806976 	53.009434 	116.275536 	67.364677 	43.931767 	54.083271 	48.507732 	58.008621 	77.103828 	75.953934 	44.643028 	49.335587 	116.709038 	61.188232 	67.475922 	79.000000 	73.334846 	76.164299 	64.845970 	80.081207 	
15.811388 	20.099751 	44.102154 	39.319206 	33.541019 	43.931767 	49.203659 	9.219544 	40.311287 	63.890530 	66.068146 	60.207973 	45.254833 	38.078865 	28.231188 	104.957130 	46.818798 	999.000000 	93.477272 	38.078865 	55.973209 	81.215759 	26.627054 	106.531685 	97.652443 	3.000000 	30.016663 	84.646324 	60.745369 	107.912003 	98.229324 	49.678970 	78.644768 	106.780151 	7.280110 	43.011627 	50.537113 	100.801788 	19.209373 	11.401754 	12.369317 	101.828285 	28.460499 	119.268608 	29.410883 	70.292244 	32.893768 	15.297058 	63.007935 	12.206555 	107.447662 	117.643532 	56.603886 	59.908264 	44.777225 	14.764823 	47.010635 	59.076221 	20.615528 	17.262676 	52.801514 	69.641945 	19.235384 	69.971420 	24.698177 	25.019993 	21.470911 	23.345236 	22.022715 	32.140316 	31.257000 	28.017851 	31.144823 	69.892776 	32.249031 	33.241539 	38.483765 	37.013512 	38.275318 	39.357338 	50.328918 	
84.899940 	76.485291 	49.406479 	123.239601 	119.519875 	128.887543 	44.418465 	100.424103 	54.120235 	30.463093 	28.231188 	34.539833 	49.658836 	112.800713 	118.258194 	13.038404 	134.380051 	93.477272 	999.000000 	127.310646 	142.341141 	13.341664 	69.318108 	13.601471 	4.242640 	95.963531 	121.264175 	11.000000 	147.322769 	14.866069 	5.000000 	47.434166 	18.027756 	13.416408 	100.404182 	55.027267 	140.014282 	8.062258 	112.645462 	104.307236 	89.894379 	10.440307 	72.801102 	25.942244 	72.449982 	32.015621 	69.570107 	107.703293 	40.049969 	98.412399 	15.652476 	24.207438 	47.265209 	44.102154 	60.207973 	101.074226 	58.855755 	150.013336 	88.391174 	106.470650 	55.226807 	159.812393 	103.788246 	41.593269 	91.082382 	115.412308 	105.190300 	111.359779 	101.769348 	82.710335 	83.934502 	118.072014 	119.012604 	55.542778 	111.328346 	105.361282 	94.725922 	102.839684 	100.224747 	117.341385 	116.726173 	
42.426407 	50.931328 	78.644768 	10.770329 	9.219544 	10.000000 	84.504440 	29.068884 	76.843994 	99.357941 	101.414986 	96.046867 	81.841309 	24.083189 	9.848858 	137.644470 	9.055386 	38.078865 	127.310646 	999.000000 	18.248287 	116.043098 	64.412735 	139.603012 	131.552277 	37.000000 	9.000000 	119.603508 	22.803509 	141.014191 	132.245987 	86.821655 	114.214706 	140.185593 	33.955853 	80.622574 	12.806249 	135.059250 	23.000000 	32.249031 	48.507732 	136.488098 	66.483078 	152.397507 	67.416618 	107.335922 	70.936592 	32.000000 	100.498756 	42.296574 	142.144287 	151.426544 	94.413979 	97.616600 	82.855293 	42.047592 	85.088188 	22.803509 	55.901699 	38.052597 	90.873535 	32.557640 	44.045429 	107.823929 	58.309521 	35.440090 	45.177429 	39.812057 	49.040798 	68.066147 	66.910385 	36.400551 	41.231056 	107.912003 	52.630791 	58.694122 	70.007141 	64.498062 	67.268120 	56.648037 	71.784401 	
58.249462 	66.850578 	94.625580 	19.104973 	23.323807 	13.453624 	100.687637 	46.818798 	93.648277 	115.433968 	117.413795 	112.329872 	98.615417 	31.384710 	27.892651 	152.029602 	9.219544 	55.973209 	142.341141 	18.248287 	999.000000 	131.654846 	81.939003 	154.155762 	146.577621 	55.081757 	27.166155 	135.247925 	5.000000 	155.569916 	147.322769 	103.831596 	130.207520 	154.896744 	52.172791 	97.943863 	9.433981 	150.233154 	41.109608 	50.487621 	66.708321 	151.855194 	84.433403 	166.877197 	85.381500 	124.169243 	88.865067 	50.089920 	117.647781 	60.530983 	157.492859 	166.243790 	111.825760 	114.934761 	100.657837 	60.207973 	102.883430 	15.524175 	74.148499 	56.008926 	108.632408 	19.924858 	62.008064 	125.239769 	76.531036 	52.469040 	63.007935 	57.218880 	67.007462 	86.313385 	85.158676 	52.952808 	57.489128 	125.865005 	69.720871 	76.236473 	88.022728 	82.152298 	85.052925 	73.006851 	88.294960 	
73.661385 	65.115280 	37.483330 	112.614388 	108.577164 	118.228592 	32.015621 	88.526833 	41.340054 	17.492855 	15.264338 	21.470911 	36.715118 	102.927162 	106.775467 	26.305893 	123.434196 	81.215759 	13.341664 	116.043098 	131.654846 	999.000000 	56.435802 	26.925823 	17.088007 	83.600243 	109.622078 	3.605551 	136.652847 	28.160255 	17.464249 	34.176014 	5.385165 	26.570660 	88.005684 	41.785164 	128.817703 	19.723083 	100.424103 	91.836815 	77.025970 	20.615528 	59.615433 	39.000000 	59.236813 	19.416489 	56.302753 	95.131485 	27.018513 	85.586212 	26.248810 	36.715118 	34.058773 	31.000000 	46.872166 	88.192970 	45.541191 	138.600143 	75.239616 	93.648277 	42.047592 	148.600128 	90.785461 	29.732138 	77.833153 	102.576797 	92.135773 	98.412399 	88.639717 	69.375786 	70.604530 	105.190300 	105.990562 	44.011364 	98.081596 	92.048897 	81.394104 	89.498604 	86.884979 	104.043259 	103.406960 	
27.000000 	20.615528 	22.090721 	64.195015 	58.872746 	69.289246 	25.298222 	35.355339 	15.231546 	38.948685 	41.182522 	34.985710 	19.723083 	59.304298 	54.589375 	81.541397 	72.917763 	26.627054 	69.318108 	64.412735 	81.939003 	56.435802 	999.000000 	82.764725 	73.355301 	28.425341 	56.603886 	59.682495 	86.815895 	84.095184 	73.824112 	23.345236 	53.254108 	82.734512 	32.557640 	16.401220 	77.025970 	76.157730 	45.343136 	36.069378 	20.591261 	76.850502 	7.810250 	95.257545 	8.485281 	43.863426 	9.848858 	39.051247 	36.400551 	29.154760 	82.377182 	93.150414 	30.016663 	33.286633 	19.235384 	31.764761 	21.377558 	85.702972 	20.099751 	37.215588 	26.925823 	96.254868 	34.539833 	43.416588 	24.020824 	46.141087 	36.055511 	42.047592 	32.984844 	20.591261 	21.023796 	48.764740 	49.769470 	44.721359 	43.416588 	39.012817 	33.615471 	38.639359 	37.363083 	50.159744 	54.129475 	
97.308784 	89.022469 	62.433964 	135.059250 	131.590271 	140.716019 	57.706154 	113.225441 	67.542580 	44.011364 	41.785164 	48.104053 	63.158531 	124.084648 	130.728729 	3.000000 	146.413803 	106.531685 	13.601471 	139.603012 	154.155762 	26.925823 	82.764725 	999.000000 	10.049875 	109.077957 	133.843185 	24.331051 	159.113174 	1.414214 	10.000000 	61.032780 	31.400637 	2.236068 	113.534134 	68.622154 	152.226807 	9.486833 	125.642349 	117.477661 	103.315056 	11.661903 	86.377083 	12.806249 	86.034874 	45.099888 	83.168503 	120.933868 	53.338543 	111.803398 	11.661903 	12.529964 	60.671246 	57.428215 	73.756355 	114.494545 	72.367119 	162.373032 	101.950966 	119.854080 	68.593002 	172.002914 	117.273186 	54.083271 	104.675690 	128.798294 	118.701309 	124.811859 	115.316956 	96.301613 	97.529480 	131.483841 	132.502823 	67.601776 	124.919975 	118.962181 	108.258949 	116.417351 	113.780487 	130.942734 	130.230560 	
89.140335 	80.721741 	53.600372 	127.475487 	123.761871 	133.124008 	48.548943 	104.637466 	58.180752 	34.438351 	32.202484 	38.483765 	53.665630 	117.004272 	122.494896 	10.198039 	138.621780 	97.652443 	4.242640 	131.552277 	146.577621 	17.088007 	73.355301 	10.049875 	999.000000 	100.124924 	125.495018 	14.317822 	151.558563 	11.180340 	1.000000 	51.264023 	21.377558 	9.486833 	104.560989 	58.872746 	144.256714 	4.123106 	116.828934 	108.452751 	93.941475 	7.000000 	76.694199 	21.931713 	76.321686 	35.057095 	73.389374 	111.830231 	43.289722 	102.474388 	11.704700 	20.000000 	50.635956 	47.381432 	63.788715 	105.118980 	62.369865 	154.253036 	92.309265 	110.535065 	58.549126 	164.054871 	107.786827 	44.181442 	94.921021 	119.473846 	109.165016 	115.381973 	105.702415 	86.400230 	87.641312 	122.118797 	123.004066 	57.870544 	115.169441 	109.110039 	98.270035 	106.480042 	103.812332 	121.115646 	120.220627 	
18.681541 	23.086792 	46.647614 	39.051247 	33.136082 	43.416588 	51.613953 	9.055386 	42.520584 	66.219330 	68.410522 	62.481998 	47.423622 	38.897301 	27.202942 	107.540688 	45.880280 	3.000000 	95.963531 	37.000000 	55.081757 	83.600243 	28.425341 	109.077957 	100.124924 	999.000000 	28.635643 	87.005745 	59.774578 	110.453613 	100.687637 	51.662365 	80.919716 	109.293182 	4.472136 	44.821869 	49.244289 	103.227905 	16.970562 	8.544003 	12.000000 	104.201729 	29.546574 	121.794907 	30.463093 	72.249565 	34.014702 	12.369317 	64.815125 	9.899495 	109.808922 	120.104118 	58.249462 	61.611687 	46.065170 	12.206555 	48.301140 	57.454330 	20.099751 	14.317822 	54.120235 	68.095520 	16.643316 	71.561165 	23.769728 	22.022715 	18.867962 	20.396078 	19.798990 	32.000000 	31.016125 	25.019993 	28.160255 	70.936592 	29.681644 	31.144823 	37.336308 	35.227829 	36.715118 	36.715118 	48.104053 	
36.619667 	44.821869 	72.138756 	16.401220 	11.401754 	18.027756 	77.794601 	21.400934 	69.656296 	92.655273 	94.762863 	89.196411 	74.652527 	26.400757 	4.000000 	132.003784 	18.027756 	30.016663 	121.264175 	9.000000 	27.166155 	109.622078 	56.603886 	133.843185 	125.495018 	28.635643 	999.000000 	113.145920 	31.575306 	135.247925 	126.150703 	79.404030 	107.517441 	134.316788 	25.298222 	72.945183 	20.615528 	128.887543 	14.000000 	23.345236 	39.849716 	130.176804 	58.180752 	146.649246 	59.093147 	100.000000 	62.649822 	23.000000 	92.913940 	33.376640 	135.830780 	145.454468 	86.608315 	89.888817 	74.686012 	33.060551 	76.922035 	29.206163 	47.074409 	29.068884 	82.734512 	39.661064 	35.057095 	99.985001 	49.365982 	26.925823 	36.221542 	31.048349 	40.049969 	59.228371 	58.051701 	28.178005 	33.120991 	99.538940 	43.965897 	49.819675 	61.008198 	55.578773 	58.309521 	48.332184 	63.324562 	
77.233414 	68.680420 	41.012192 	116.211014 	112.160599 	121.823647 	35.468296 	92.021736 	44.654228 	20.808653 	18.601076 	24.698177 	39.962482 	106.531685 	110.317726 	24.020824 	127.015747 	84.646324 	11.000000 	119.603508 	135.247925 	3.605551 	59.682495 	24.331051 	14.317822 	87.005745 	113.145920 	999.000000 	140.246216 	25.495098 	14.560220 	37.161808 	7.071068 	23.769728 	91.400215 	44.777225 	132.382019 	16.552946 	103.855667 	95.210297 	80.262070 	17.204651 	62.649822 	36.055511 	62.241467 	21.023796 	59.236813 	98.473343 	29.068884 	88.836929 	22.803509 	33.541019 	36.345562 	33.136082 	49.477268 	91.416626 	48.052055 	142.144287 	78.294319 	96.896851 	44.283180 	152.161102 	93.941475 	30.805843 	80.777473 	105.815880 	95.257545 	101.597244 	91.706055 	72.124893 	73.375748 	108.406639 	109.128365 	44.922153 	101.019798 	94.868332 	83.952370 	92.179176 	89.498604 	106.892471 	105.905617 	
63.245552 	71.847061 	99.624290 	24.083189 	28.301943 	18.439089 	105.683487 	51.623638 	98.615417 	120.432556 	122.413231 	117.324333 	103.585716 	36.055511 	32.572994 	156.977707 	13.928389 	60.745369 	147.322769 	22.803509 	5.000000 	136.652847 	86.815895 	159.113174 	151.558563 	59.774578 	31.575306 	140.246216 	999.000000 	160.527252 	152.305618 	108.784187 	135.207245 	159.862442 	56.753853 	102.859123 	12.165525 	155.219193 	45.398239 	54.918121 	71.309189 	156.847061 	89.196411 	171.828400 	90.138779 	129.139465 	93.637596 	54.332310 	122.588745 	64.938431 	162.483841 	171.213318 	116.730461 	119.854080 	105.475113 	64.498062 	107.703293 	14.422205 	78.644768 	60.133186 	113.463654 	16.124516 	66.121101 	130.146072 	80.894997 	56.142673 	67.029846 	61.032780 	71.112587 	90.801979 	89.627007 	56.435802 	60.827625 	130.633072 	73.334846 	80.056229 	92.135773 	86.023254 	89.000000 	76.295479 	91.591484 	
98.716766 	90.426765 	63.812225 	136.473434 	133.003754 	142.130219 	59.059292 	114.621117 	68.876701 	45.310043 	43.081318 	49.396355 	64.474800 	125.495018 	132.136292 	4.123106 	147.827606 	107.912003 	14.866069 	141.014191 	155.569916 	28.160255 	84.095184 	1.414214 	11.180340 	110.453613 	135.247925 	25.495098 	160.527252 	999.000000 	11.045361 	62.297672 	32.557640 	2.236068 	114.908661 	69.892776 	153.639191 	10.198039 	127.027557 	118.848640 	104.651802 	12.083046 	87.664131 	11.401754 	87.315521 	46.173584 	84.433403 	122.298813 	54.451813 	113.145920 	11.401754 	11.180340 	61.814240 	58.549126 	74.953316 	115.831772 	73.545906 	163.783386 	103.247276 	121.198181 	69.720871 	173.415680 	118.595955 	55.036350 	105.948097 	130.142227 	120.016663 	126.142776 	116.619041 	97.529480 	98.762344 	132.823196 	133.824509 	68.468971 	126.194298 	120.208153 	109.444046 	117.630775 	114.978256 	132.196823 	131.400146 	
89.827614 	81.394104 	54.203320 	128.222458 	124.482933 	133.869339 	49.091751 	105.261581 	58.668560 	34.885529 	32.649654 	38.910152 	54.120235 	117.800682 	123.166557 	10.440307 	139.344894 	98.229324 	5.000000 	132.245987 	147.322769 	17.464249 	73.824112 	10.000000 	1.000000 	100.687637 	126.150703 	14.560220 	152.305618 	11.045361 	999.000000 	51.623638 	21.587032 	9.219544 	105.118980 	59.236813 	144.958618 	3.162278 	117.413795 	109.000000 	94.413979 	6.000000 	77.077881 	21.540659 	76.694199 	35.128338 	73.736015 	112.361023 	43.416588 	102.956299 	10.770329 	19.416489 	50.803543 	47.518417 	64.031242 	105.588821 	62.585941 	154.935471 	92.703827 	111.018013 	58.694122 	164.757401 	108.226616 	44.102154 	95.273293 	119.954155 	109.590149 	115.836090 	106.103722 	86.683334 	87.931793 	122.588745 	123.438240 	57.706154 	115.520561 	109.416634 	98.488579 	106.737999 	104.048065 	121.433105 	120.415947 	
46.238514 	37.947330 	14.866069 	85.428329 	80.529495 	90.785461 	10.630146 	58.008621 	10.440307 	17.262676 	19.416489 	13.152946 	6.000000 	78.447433 	77.103828 	60.166435 	95.015785 	49.678970 	47.434166 	86.821655 	103.831596 	34.176014 	23.345236 	61.032780 	51.264023 	51.662365 	79.404030 	37.161808 	108.784187 	62.297672 	51.623638 	999.000000 	30.413813 	60.745369 	55.865910 	7.615773 	99.569069 	53.712196 	68.622154 	59.413803 	43.600460 	54.120235 	25.495098 	73.164200 	25.079872 	20.615528 	22.135944 	62.369865 	13.928389 	52.201534 	59.539902 	70.682388 	10.198039 	12.041595 	14.317822 	54.644306 	13.928389 	108.600182 	41.146080 	60.216278 	14.142136 	119.037811 	56.938564 	22.360680 	43.657761 	69.065186 	58.180752 	64.660652 	54.561890 	35.510563 	36.674240 	71.561165 	72.069412 	29.410883 	63.906181 	57.974133 	48.093658 	55.731499 	53.338543 	69.921387 	70.178345 	
72.006943 	63.411354 	35.608986 	111.251968 	107.004669 	116.828934 	29.732138 	86.267029 	38.418747 	14.866069 	12.806249 	18.439089 	33.600594 	102.083298 	104.804581 	31.064449 	121.823647 	78.644768 	18.027756 	114.214706 	130.207520 	5.385165 	53.254108 	31.400637 	21.377558 	80.919716 	107.517441 	7.071068 	135.207245 	32.557640 	21.587032 	30.413813 	999.000000 	30.805843 	85.276024 	38.013157 	127.015747 	23.409399 	97.836601 	89.022469 	73.783470 	23.706539 	55.901699 	43.011627 	55.461697 	14.142136 	52.392746 	92.200867 	22.022715 	82.377182 	29.154760 	40.311287 	29.274563 	26.076809 	42.449970 	84.905830 	41.000000 	136.619904 	71.554176 	90.426765 	37.215588 	146.754898 	87.321243 	24.351591 	73.925636 	99.322708 	88.588936 	95.015785 	84.970581 	65.145988 	66.407829 	101.872467 	102.474388 	38.626415 	94.154129 	87.920418 	76.902534 	85.164543 	82.462112 	99.959991 	98.843307 	
97.836601 	89.498604 	62.681736 	135.793961 	132.245987 	141.449631 	57.801384 	113.600174 	67.535179 	43.863426 	41.629318 	47.927029 	63.071388 	124.963997 	131.244049 	5.099020 	147.085007 	106.780151 	13.416408 	140.185593 	154.896744 	26.570660 	82.734512 	2.236068 	9.486833 	109.293182 	134.316788 	23.769728 	159.862442 	2.236068 	9.219544 	60.745369 	30.805843 	999.000000 	113.740936 	68.352028 	152.839783 	8.062258 	125.924583 	117.660530 	103.310211 	9.848858 	86.162636 	12.529964 	85.796272 	44.283180 	82.873398 	121.078484 	52.611786 	111.825760 	9.433981 	11.401754 	60.016663 	56.718605 	73.246162 	114.490173 	71.805290 	162.935577 	101.769348 	119.883278 	67.896980 	172.626770 	117.200684 	53.009434 	104.403069 	128.825470 	118.595955 	124.775803 	115.156418 	95.880135 	97.123634 	131.487640 	132.423569 	66.370171 	124.651512 	118.595955 	107.707939 	115.948265 	113.265175 	130.602448 	129.634094 	
22.203604 	27.294687 	51.107731 	37.054016 	31.016125 	41.048752 	56.035702 	8.602325 	46.861500 	70.604530 	72.801102 	66.843102 	51.739735 	38.483765 	24.331051 	112.004463 	42.953465 	7.280110 	100.404182 	33.955853 	52.172791 	88.005684 	32.557640 	113.534134 	104.560989 	4.472136 	25.298222 	91.400215 	56.753853 	114.908661 	105.118980 	55.865910 	85.276024 	113.740936 	999.000000 	48.918301 	45.880280 	107.647575 	12.806249 	4.123106 	14.560220 	108.600182 	33.120991 	126.245789 	34.000000 	76.419891 	37.589893 	8.062258 	68.883957 	9.486833 	114.201576 	124.535133 	62.201286 	65.604881 	49.739319 	10.816654 	51.971146 	53.712196 	22.090721 	11.180340 	57.801384 	64.412735 	14.866069 	75.451973 	25.079872 	18.027756 	16.970562 	17.088007 	18.867962 	34.234486 	33.136082 	21.023796 	24.515301 	74.323616 	27.658634 	30.232433 	38.078865 	34.885529 	36.769554 	34.409302 	46.754681 	
41.231056 	33.376640 	16.278820 	79.849861 	74.732857 	85.088188 	14.866069 	51.623638 	8.062258 	24.738634 	26.925823 	20.615528 	7.615773 	73.756355 	70.830788 	67.720009 	89.005615 	43.011627 	55.027267 	80.622574 	97.943863 	41.785164 	16.401220 	68.622154 	58.872746 	44.821869 	72.945183 	44.777225 	102.859123 	69.892776 	59.236813 	7.615773 	38.013157 	68.352028 	48.918301 	999.000000 	93.295227 	61.326992 	61.717098 	52.345009 	36.235340 	61.717098 	17.888544 	80.777473 	17.464249 	27.586229 	14.560220 	55.172459 	20.000000 	44.821869 	67.119293 	78.294319 	13.928389 	17.000000 	9.219544 	47.201694 	10.000000 	102.078400 	33.541019 	52.801514 	13.341664 	112.605507 	49.396355 	27.313000 	36.055511 	61.611687 	50.606323 	57.140179 	46.957428 	28.160255 	29.274563 	64.070274 	64.498062 	31.064449 	56.302753 	50.447994 	41.000000 	48.373547 	46.097721 	62.361847 	63.031738 	
55.172459 	63.702435 	91.438507 	18.973665 	20.808653 	14.142136 	97.308784 	41.677334 	89.627007 	112.160599 	114.214706 	108.853111 	94.625580 	32.984844 	22.472204 	150.233154 	7.071068 	50.537113 	140.014282 	12.806249 	9.433981 	128.817703 	77.025970 	152.226807 	144.256714 	49.244289 	20.615528 	132.382019 	12.165525 	153.639191 	144.958618 	99.569069 	127.015747 	152.839783 	45.880280 	93.295227 	999.000000 	147.787003 	33.955853 	43.680660 	60.406952 	149.241409 	78.790863 	165.012115 	79.705711 	120.104118 	83.258636 	42.755116 	113.207771 	53.600372 	154.896744 	164.103622 	107.042046 	110.276924 	95.273293 	52.952808 	97.508972 	10.770329 	67.446274 	48.373547 	103.315056 	19.798990 	54.332310 	120.440857 	69.426216 	44.045429 	55.145264 	49.000000 	59.304298 	79.555016 	78.339005 	44.283180 	48.662102 	120.154068 	61.204575 	68.007355 	80.305664 	74.000000 	77.025970 	64.132675 	79.429214 	
92.633690 	84.172440 	56.850681 	131.137329 	127.349915 	136.780853 	51.613953 	107.935165 	61.057350 	37.215588 	34.985710 	41.182522 	56.435802 	120.801491 	125.936493 	10.816654 	142.214630 	100.801788 	8.062258 	135.059250 	150.233154 	19.723083 	76.157730 	9.486833 	4.123106 	103.227905 	128.887543 	16.552946 	155.219193 	10.198039 	3.162278 	53.712196 	23.409399 	8.062258 	107.647575 	61.326992 	147.787003 	999.000000 	120.000000 	111.503365 	96.747093 	3.162278 	79.202271 	19.646883 	78.790863 	36.496574 	75.769386 	114.825958 	44.911022 	105.309067 	7.615773 	17.000000 	52.392746 	49.030602 	65.802734 	107.912003 	64.288414 	157.724442 	94.847244 	113.371071 	60.207973 	167.585800 	110.476242 	45.000000 	97.308784 	122.298813 	111.803398 	118.118584 	108.258949 	88.543777 	89.810913 	124.907967 	125.670204 	58.309521 	117.545738 	111.328346 	100.169853 	108.521889 	105.773346 	123.369362 	122.024590 	
30.805843 	37.696156 	63.245552 	28.792360 	22.847319 	31.575306 	68.410522 	13.341664 	59.464275 	83.096329 	85.276024 	79.397736 	64.381676 	34.655445 	14.560220 	124.020157 	32.015621 	19.209373 	112.645462 	23.000000 	41.109608 	100.424103 	45.343136 	125.642349 	116.828934 	16.970562 	14.000000 	103.855667 	45.398239 	127.027557 	117.413795 	68.622154 	97.836601 	125.924583 	12.806249 	61.717098 	33.955853 	120.000000 	999.000000 	9.848858 	26.832815 	121.037186 	45.793011 	138.397980 	46.647614 	89.196411 	50.249378 	9.000000 	81.688431 	19.646883 	126.657021 	136.824707 	75.000000 	78.409180 	62.433964 	19.104973 	64.660652 	41.146080 	33.526108 	15.132746 	70.491135 	51.894123 	21.095022 	88.232651 	35.510563 	14.866069 	22.360680 	17.888544 	26.076809 	45.607018 	44.384682 	17.029387 	21.931713 	86.764046 	30.870699 	36.138622 	47.010635 	41.773197 	44.407207 	36.055511 	50.537113 	
26.076809 	31.400637 	55.072678 	36.496574 	30.413813 	40.049969 	59.908264 	10.816654 	50.606323 	74.404305 	76.609398 	70.604530 	55.443665 	39.446167 	23.000000 	115.974136 	41.303753 	11.401754 	104.307236 	32.249031 	50.487621 	91.836815 	36.069378 	117.477661 	108.452751 	8.544003 	23.345236 	95.210297 	54.918121 	118.848640 	109.000000 	59.413803 	89.022469 	117.660530 	4.123106 	52.345009 	43.680660 	111.503365 	9.848858 	999.000000 	17.000000 	112.414413 	36.055511 	130.172958 	36.891735 	79.906197 	40.496914 	4.000000 	72.249565 	10.049875 	118.004234 	128.413391 	65.436989 	68.883957 	52.697250 	10.198039 	54.918121 	50.990196 	23.769728 	8.485281 	60.745369 	61.741398 	13.416408 	78.600258 	26.076809 	14.142136 	15.264338 	13.892444 	18.027756 	35.902645 	34.713108 	17.117243 	20.880613 	76.922035 	25.495098 	29.068884 	38.327538 	34.176014 	36.400551 	31.890438 	45.000000 	
24.758837 	25.079872 	41.761227 	51.039200 	45.099888 	55.326305 	45.694637 	21.023796 	35.777088 	59.539902 	61.773781 	55.569775 	40.311287 	50.447994 	38.832977 	102.044106 	57.489128 	12.369317 	89.894379 	48.507732 	66.708321 	77.025970 	20.591261 	103.315056 	93.941475 	12.000000 	39.849716 	80.262070 	71.309189 	104.651802 	94.413979 	43.600460 	73.783470 	103.310211 	14.560220 	36.235340 	60.406952 	96.747093 	26.832815 	17.000000 	999.000000 	97.416634 	19.209373 	115.836090 	20.000000 	63.780876 	23.600847 	19.209373 	55.865910 	8.602325 	102.927162 	113.740936 	48.836460 	52.345009 	35.805027 	11.180340 	38.013157 	67.977936 	8.246211 	16.643316 	43.829212 	78.721024 	14.317822 	61.846584 	12.529964 	25.553865 	16.124516 	21.540659 	14.142136 	20.000000 	19.026299 	28.178005 	29.410883 	59.933296 	25.317978 	23.706539 	26.419689 	26.248810 	26.907248 	32.557640 	40.816662 	
94.069122 	85.562843 	58.051701 	132.774246 	128.887543 	138.408813 	52.630791 	109.123779 	61.854668 	38.013157 	35.805027 	41.880783 	57.140179 	122.641754 	127.287079 	13.453624 	143.753265 	101.828285 	10.440307 	136.488098 	151.855194 	20.615528 	76.850502 	11.661903 	7.000000 	104.201729 	130.176804 	17.204651 	156.847061 	12.083046 	6.000000 	54.120235 	23.706539 	9.848858 	108.600182 	61.717098 	149.241409 	3.162278 	121.037186 	112.414413 	97.416634 	999.000000 	79.605278 	20.099751 	79.158073 	36.138622 	76.059189 	115.676270 	44.643028 	106.000000 	5.656854 	16.763054 	52.201534 	48.764740 	65.787537 	108.558739 	64.195015 	159.100601 	95.257545 	114.057007 	59.908264 	169.035492 	111.018013 	44.102154 	97.575615 	122.967476 	112.294258 	118.701309 	108.673820 	88.600227 	89.888817 	125.538841 	126.178444 	57.078892 	117.783699 	111.427109 	100.000000 	108.466583 	105.650368 	123.490891 	121.753853 	
32.557640 	27.313000 	28.160255 	67.468513 	61.846584 	72.277245 	30.149628 	37.643059 	20.024984 	42.379242 	44.598206 	38.275318 	23.537205 	64.000000 	56.648037 	85.381500 	75.272835 	28.460499 	72.801102 	66.483078 	84.433403 	59.615433 	7.810250 	86.377083 	76.694199 	29.546574 	58.180752 	62.649822 	89.196411 	87.664131 	77.077881 	25.495098 	55.901699 	86.162636 	33.120991 	17.888544 	78.790863 	79.202271 	45.793011 	36.055511 	19.209373 	79.605278 	999.000000 	98.615417 	1.000000 	45.000000 	4.472136 	38.418747 	36.878178 	27.586229 	85.000000 	96.176918 	29.698484 	33.241539 	16.643316 	29.732138 	18.867962 	86.833176 	15.652476 	35.383614 	24.698177 	97.529480 	31.622776 	42.638012 	18.439089 	44.045429 	32.756680 	39.408119 	29.068884 	13.000000 	13.601471 	46.400433 	46.647614 	41.436699 	38.600517 	33.241539 	26.248810 	32.062439 	30.413813 	44.911022 	47.381432 	
