Total assets = 604
Number of asset nodes = 33

Distance:
999.000000 	25.612497 	8.246211 	20.248457 	55.317268 	27.018513 	69.634758 	27.784887 	66.603302 	19.104973 	24.698177 	80.280754 	23.769728 	29.068884 	15.811388 	17.117243 	21.213203 	29.154760 	27.513634 	22.000000 	28.460499 	23.086792 	18.027756 	21.377558 	26.019224 	89.050545 	24.331051 	97.200821 	28.017851 	25.298222 	57.454330 	23.600847 	26.248810 	27.658634 	28.442924 	40.804413 	30.149628 	75.927597 	69.656296 	29.529646 	66.030296 	56.462376 	30.610456 	33.241539 	51.244511 	
25.612497 	999.000000 	33.286633 	9.055386 	80.622574 	5.830952 	44.102154 	10.000000 	91.934761 	42.953465 	13.038404 	58.077534 	48.301140 	12.206555 	36.687874 	22.022715 	17.720045 	14.212670 	14.866069 	44.944408 	15.556349 	19.313208 	26.019224 	42.720020 	49.040798 	63.513779 	45.607018 	122.147453 	50.289165 	44.721359 	82.927681 	39.051247 	45.705578 	48.052055 	49.244289 	24.351591 	26.925823 	101.533249 	44.944408 	46.043457 	42.047592 	81.412529 	39.812057 	35.341194 	33.376640 	
8.246211 	33.286633 	999.000000 	26.870058 	48.826221 	33.970577 	77.388626 	34.058773 	60.000000 	11.000000 	30.232433 	88.526833 	15.524175 	35.000000 	9.899495 	19.924858 	25.495098 	34.669872 	32.756680 	14.142136 	33.615471 	26.925823 	19.104973 	14.317822 	18.027756 	96.798759 	17.088007 	90.972527 	20.223749 	18.867962 	49.648766 	19.416489 	19.723083 	20.615528 	21.189621 	45.617977 	32.388271 	68.622154 	76.419891 	24.083189 	72.470680 	48.332184 	28.231188 	33.241539 	55.946404 	
20.248457 	9.055386 	26.870058 	999.000000 	75.432091 	7.211102 	51.429562 	7.615773 	86.683334 	35.510563 	6.324555 	67.029846 	41.048752 	9.219544 	28.635643 	13.000000 	8.944272 	10.000000 	9.219544 	37.121422 	10.198039 	10.816654 	17.000000 	34.539833 	41.146080 	70.710678 	37.336308 	117.413795 	42.154476 	36.138622 	76.216797 	30.149628 	37.107952 	39.560081 	40.804413 	22.022715 	19.104973 	95.482986 	49.578220 	37.121422 	45.803928 	74.094536 	30.805843 	26.925823 	32.249031 	
55.317268 	80.622574 	48.826221 	75.432091 	999.000000 	82.328613 	123.987900 	82.800964 	11.313708 	43.462627 	79.056938 	129.294235 	38.275318 	83.815269 	51.478149 	68.095520 	74.094536 	83.486526 	81.541397 	44.271889 	82.377182 	75.292763 	66.189125 	48.383881 	42.201897 	143.282944 	47.539455 	42.190044 	43.737854 	51.419842 	17.691807 	58.523499 	51.195702 	48.836460 	47.675991 	94.154129 	79.202271 	23.086792 	124.963997 	56.885849 	121.210564 	25.612497 	68.154236 	76.843994 	104.316826 	
27.018513 	5.830952 	33.970577 	7.211102 	82.328613 	999.000000 	44.283180 	4.242640 	93.605553 	42.720020 	8.246211 	61.032780 	48.259712 	6.403124 	35.777088 	19.416489 	14.000000 	8.485281 	9.433981 	44.294468 	10.000000 	15.132746 	23.345236 	41.629318 	48.301140 	63.529522 	44.384682 	124.201447 	49.244289 	43.011627 	83.408630 	36.674240 	43.965897 	46.486557 	47.759815 	18.681541 	21.931713 	102.591423 	42.638012 	43.566040 	39.115215 	81.301903 	36.124783 	30.675724 	28.071337 	
69.634758 	44.102154 	77.388626 	51.429562 	123.987900 	44.283180 	999.000000 	45.880280 	135.281189 	86.833176 	50.921509 	29.698484 	92.282173 	46.173584 	80.056229 	63.324562 	57.245087 	47.801674 	50.000000 	88.549423 	49.729267 	57.567352 	67.067131 	85.906929 	92.574295 	19.416489 	88.639717 	164.769531 	93.520050 	87.091904 	127.027557 	80.324341 	88.022728 	90.620087 	91.923882 	45.011108 	60.827625 	145.416641 	19.104973 	86.977005 	23.600847 	125.399361 	77.665955 	69.584480 	42.953465 	
27.784887 	10.000000 	34.058773 	7.615773 	82.800964 	4.242640 	45.880280 	999.000000 	94.021271 	42.011902 	5.099020 	64.195015 	47.634022 	2.236068 	34.669872 	17.464249 	11.401754 	4.242640 	5.385165 	43.266617 	5.830952 	12.041595 	21.189621 	40.311287 	47.169907 	64.884514 	42.941822 	124.851913 	47.885281 	41.231056 	82.975899 	34.481880 	42.154476 	44.777225 	46.097721 	15.132746 	18.027756 	102.532921 	42.426407 	41.231056 	38.418747 	80.448738 	33.000000 	26.925823 	25.019993 	
66.603302 	91.934761 	60.000000 	86.683334 	11.313708 	93.605553 	135.281189 	94.021271 	999.000000 	54.120235 	90.210861 	140.160629 	48.754486 	95.000000 	62.177166 	79.075912 	85.146935 	94.625580 	92.655273 	54.625999 	93.477272 	86.284416 	77.025970 	58.694122 	52.201534 	154.563904 	57.584721 	31.304953 	53.450912 	61.351448 	20.615528 	68.709534 	61.032780 	58.523499 	57.280014 	105.152267 	89.894379 	14.035668 	136.235092 	66.483078 	132.438660 	29.120440 	78.108902 	87.091904 	115.247559 	
19.104973 	42.953465 	11.000000 	35.510563 	43.462627 	42.720020 	86.833176 	42.011902 	54.120235 	999.000000 	37.536648 	99.247169 	5.656854 	42.520584 	8.062258 	25.495098 	31.827662 	41.725292 	39.597980 	3.605551 	40.311287 	32.649654 	23.021729 	6.324555 	7.071068 	106.174385 	7.810250 	85.422478 	9.486833 	11.180340 	41.036568 	16.000000 	11.661903 	11.313708 	11.401754 	51.400391 	35.777088 	61.073727 	84.291161 	17.464249 	79.906197 	38.587563 	26.000000 	33.734257 	61.294373 	
24.698177 	13.038404 	30.232433 	6.324555 	79.056938 	8.246211 	50.921509 	5.099020 	90.210861 	37.536648 	999.000000 	69.115845 	43.185646 	5.000000 	30.000000 	12.529964 	6.324555 	4.472136 	3.000000 	38.600517 	4.000000 	7.000000 	16.155495 	35.510563 	42.438190 	69.856995 	38.078865 	121.202309 	43.046486 	36.249138 	78.568443 	29.410883 	37.161808 	39.812057 	41.146080 	16.278820 	13.892444 	98.351410 	46.754681 	36.138622 	42.449970 	75.802376 	28.017851 	22.472204 	26.683329 	
80.280754 	58.077534 	88.526833 	67.029846 	129.294235 	61.032780 	29.698484 	64.195015 	140.160629 	99.247169 	69.115845 	999.000000 	104.048065 	65.375839 	94.047859 	80.024994 	75.026665 	67.475922 	69.354164 	101.788994 	69.462219 	76.105194 	84.023804 	100.129913 	105.905617 	32.388271 	103.097038 	167.047897 	107.517441 	102.591423 	136.124939 	97.128784 	103.585716 	105.801704 	106.920532 	68.963760 	81.743500 	152.052628 	48.795490 	104.120125 	53.150730 	136.312149 	97.128784 	90.796478 	69.778221 	
23.769728 	48.301140 	15.524175 	41.048752 	38.275318 	48.259712 	92.282173 	47.634022 	48.754486 	5.656854 	43.185646 	104.048065 	999.000000 	48.166378 	13.601471 	31.144823 	37.483330 	47.381432 	45.254833 	6.082763 	45.967381 	38.288380 	28.600698 	10.198039 	5.830952 	111.646767 	10.049875 	80.056229 	8.602325 	14.035668 	35.383614 	20.396078 	14.142136 	12.649111 	12.083046 	57.008770 	41.182522 	55.443665 	89.938866 	20.223749 	85.562843 	33.120991 	30.265491 	38.600517 	66.850578 	
29.068884 	12.206555 	35.000000 	9.219544 	83.815269 	6.403124 	46.173584 	2.236068 	95.000000 	42.520584 	5.000000 	65.375839 	48.166378 	999.000000 	35.000000 	17.492855 	11.180340 	2.236068 	4.000000 	43.600460 	4.123106 	11.401754 	21.023796 	40.496914 	47.434166 	65.000000 	43.046486 	125.924583 	48.020828 	41.146080 	83.546394 	34.176014 	42.047592 	44.721359 	46.065170 	13.038404 	16.492422 	103.276329 	41.773197 	40.804413 	37.536648 	80.802231 	32.062439 	25.495098 	23.086792 	
15.811388 	36.687874 	9.899495 	28.635643 	51.478149 	35.777088 	80.056229 	34.669872 	62.177166 	8.062258 	30.000000 	94.047859 	13.601471 	35.000000 	999.000000 	17.691807 	24.083189 	34.058773 	31.890438 	8.602325 	32.557640 	24.758837 	15.000000 	6.082763 	12.529964 	99.297531 	9.055386 	93.477272 	13.601471 	9.486833 	48.795490 	9.848858 	10.440307 	12.041595 	13.000000 	43.416588 	27.730848 	69.028976 	76.694199 	14.212670 	72.180328 	45.803928 	19.416489 	26.172504 	53.254108 	
17.117243 	22.022715 	19.924858 	13.000000 	68.095520 	19.416489 	63.324562 	17.464249 	79.075912 	25.495098 	12.529964 	80.024994 	31.144823 	17.492855 	17.691807 	999.000000 	6.403124 	16.401220 	14.212670 	26.248810 	14.866069 	7.211102 	4.000000 	23.021729 	30.000000 	82.346825 	25.553865 	110.276924 	30.528675 	23.769728 	66.468040 	17.262676 	24.698177 	27.313000 	28.635643 	26.076809 	13.038404 	86.556343 	59.033890 	24.186773 	54.488529 	63.411354 	18.384777 	17.204651 	36.235340 	
21.213203 	17.720045 	25.495098 	8.944272 	74.094536 	14.000000 	57.245087 	11.401754 	85.146935 	31.827662 	6.324555 	75.026665 	37.483330 	11.180340 	24.083189 	6.403124 	999.000000 	10.000000 	7.810250 	32.649654 	8.485281 	2.236068 	9.848858 	29.410883 	36.400551 	76.157730 	31.906113 	116.284134 	36.891735 	29.966648 	72.835434 	23.086792 	30.870699 	33.541019 	34.885529 	20.124611 	10.816654 	92.849342 	52.630791 	29.832869 	48.104053 	69.814041 	22.203604 	18.027756 	30.463093 	
29.154760 	14.212670 	34.669872 	10.000000 	83.486526 	8.485281 	47.801674 	4.242640 	94.625580 	41.725292 	4.472136 	67.475922 	47.381432 	2.236068 	34.058773 	16.401220 	10.000000 	999.000000 	2.236068 	42.638012 	2.000000 	9.848858 	19.723083 	39.408119 	46.400433 	66.483078 	41.880783 	125.642349 	46.872166 	39.824615 	82.758682 	32.695564 	40.706264 	43.416588 	44.777225 	12.041595 	14.317822 	102.649887 	42.638012 	39.217342 	38.183765 	79.812279 	30.149628 	23.345236 	22.360680 	
27.513634 	14.866069 	32.756680 	9.219544 	81.541397 	9.433981 	50.000000 	5.385165 	92.655273 	39.597980 	3.000000 	69.354164 	45.254833 	4.000000 	31.890438 	14.212670 	7.810250 	2.236068 	999.000000 	40.459858 	1.000000 	7.615773 	17.492855 	37.202152 	44.204071 	68.709534 	39.661064 	123.713379 	44.654228 	37.589893 	80.622574 	30.463093 	38.470768 	41.182522 	42.544094 	13.341664 	12.649111 	100.568382 	44.821869 	37.000000 	40.311287 	77.620872 	28.071337 	21.587032 	23.769728 	
22.000000 	44.944408 	14.142136 	37.121422 	44.271889 	44.294468 	88.549423 	43.266617 	54.625999 	3.605551 	38.600517 	101.788994 	6.082763 	43.600460 	8.602325 	26.248810 	32.649654 	42.638012 	40.459858 	999.000000 	41.109608 	33.241539 	23.345236 	4.123106 	4.123106 	107.823929 	4.472136 	85.906929 	6.082763 	8.246211 	40.360870 	14.317822 	8.544003 	7.810250 	7.810250 	51.739735 	35.510563 	60.802959 	85.276024 	14.560220 	80.721741 	37.202152 	24.186773 	32.572994 	61.400326 	
28.460499 	15.556349 	33.615471 	10.198039 	82.377182 	10.000000 	49.729267 	5.830952 	93.477272 	40.311287 	4.000000 	69.462219 	45.967381 	4.123106 	32.557640 	14.866069 	8.485281 	2.000000 	1.000000 	41.109608 	999.000000 	8.062258 	18.027756 	37.802116 	44.821869 	68.352028 	40.224369 	124.555206 	45.221676 	38.078865 	81.320351 	30.870699 	38.948685 	41.677334 	43.046486 	12.369317 	12.369317 	101.316338 	44.204071 	37.336308 	39.623226 	78.243210 	28.160255 	21.377558 	22.803509 	
23.086792 	19.313208 	26.925823 	10.816654 	75.292763 	15.132746 	57.567352 	12.041595 	86.284416 	32.649654 	7.000000 	76.105194 	38.288380 	11.401754 	24.758837 	7.211102 	2.236068 	9.848858 	7.615773 	33.241539 	8.062258 	999.000000 	10.000000 	29.832869 	36.878178 	76.321686 	32.202484 	117.477661 	37.202152 	30.016663 	73.552704 	22.847319 	30.886890 	33.615471 	34.985710 	18.867962 	8.602325 	93.723000 	52.201534 	29.410883 	47.507893 	70.292244 	21.023796 	16.124516 	29.068884 	
18.027756 	26.019224 	19.104973 	17.000000 	66.189125 	23.345236 	67.067131 	21.189621 	77.025970 	23.021729 	16.155495 	84.023804 	28.600698 	21.023796 	15.000000 	4.000000 	9.848858 	19.723083 	17.492855 	23.345236 	18.027756 	10.000000 	999.000000 	19.849434 	26.907248 	86.005814 	22.203604 	108.300507 	27.202942 	20.124611 	63.702435 	13.341664 	21.023796 	23.706539 	25.059929 	28.425341 	13.341664 	84.023804 	62.201286 	20.223749 	57.489128 	60.307545 	14.764823 	15.231546 	38.275318 	
21.377558 	42.720020 	14.317822 	34.539833 	48.383881 	41.629318 	85.906929 	40.311287 	58.694122 	6.324555 	35.510563 	100.129913 	10.198039 	40.496914 	6.082763 	23.021729 	29.410883 	39.408119 	37.202152 	4.123106 	37.802116 	29.832869 	19.849434 	999.000000 	7.071068 	105.095192 	3.000000 	89.961105 	7.615773 	5.000000 	44.045429 	10.198039 	5.656854 	6.324555 	7.071068 	48.104053 	31.622776 	64.637451 	82.006096 	11.180340 	77.336922 	40.459858 	20.099751 	28.460499 	57.628117 	
26.019224 	49.040798 	18.027756 	41.146080 	42.201897 	48.301140 	92.574295 	47.169907 	52.201534 	7.071068 	42.438190 	105.905617 	5.830952 	47.434166 	12.529964 	30.000000 	36.400551 	46.400433 	44.204071 	4.123106 	44.821869 	36.878178 	26.907248 	7.071068 	999.000000 	111.825760 	5.385165 	83.384651 	2.828427 	9.219544 	37.013512 	16.552946 	9.055386 	7.071068 	6.324555 	55.172459 	38.600517 	57.688820 	89.022469 	15.000000 	84.386017 	33.421551 	25.961510 	34.928497 	64.660652 	
89.050545 	63.513779 	96.798759 	70.710678 	143.282944 	63.529522 	19.416489 	64.884514 	154.563904 	106.174385 	69.856995 	32.388271 	111.646767 	65.000000 	99.297531 	82.346825 	76.157730 	66.483078 	68.709534 	107.823929 	68.352028 	76.321686 	86.005814 	105.095192 	111.825760 	999.000000 	107.786827 	183.853195 	112.698715 	106.103722 	146.441116 	99.161484 	107.018692 	109.658562 	110.981979 	62.169125 	78.847954 	164.805954 	29.154760 	105.688217 	35.128338 	144.754959 	95.880135 	87.321243 	58.034473 	
24.331051 	45.607018 	17.088007 	37.336308 	47.539455 	44.384682 	88.639717 	42.941822 	57.584721 	7.810250 	38.078865 	103.097038 	10.049875 	43.046486 	9.055386 	25.553865 	31.906113 	41.880783 	39.661064 	4.472136 	40.224369 	32.202484 	22.203604 	3.000000 	5.385165 	107.786827 	999.000000 	88.769363 	5.000000 	4.000000 	42.201897 	11.180340 	4.123106 	3.605551 	4.123106 	50.209560 	33.421551 	62.968246 	84.403793 	10.198039 	79.649231 	38.209946 	20.615528 	29.546574 	59.548298 	
97.200821 	122.147453 	90.972527 	117.413795 	42.190044 	124.201447 	164.769531 	124.851913 	31.304953 	85.422478 	121.202309 	167.047897 	80.056229 	125.924583 	93.477272 	110.276924 	116.284134 	125.642349 	123.713379 	85.906929 	124.555206 	117.477661 	108.300507 	89.961105 	83.384651 	183.853195 	88.769363 	999.000000 	84.504440 	92.477028 	48.836460 	99.924973 	92.114059 	89.537704 	88.255310 	136.341476 	121.198181 	29.000000 	166.817261 	97.406364 	163.217651 	56.320511 	109.201645 	118.308914 	146.485489 	
28.017851 	50.289165 	20.223749 	42.154476 	43.737854 	49.244289 	93.520050 	47.885281 	53.450912 	9.486833 	43.046486 	107.517441 	8.602325 	48.020828 	13.601471 	30.528675 	36.891735 	46.872166 	44.654228 	6.082763 	45.221676 	37.202152 	27.202942 	7.615773 	2.828427 	112.698715 	5.000000 	84.504440 	999.000000 	8.062258 	37.443291 	15.811388 	7.615773 	5.099020 	4.000000 	55.172459 	38.288380 	58.309521 	89.403580 	13.152946 	84.646324 	33.241539 	24.698177 	34.000000 	64.443771 	
25.298222 	44.721359 	18.867962 	36.138622 	51.419842 	43.011627 	87.091904 	41.231056 	61.351448 	11.180340 	36.249138 	102.591423 	14.035668 	41.146080 	9.486833 	23.769728 	29.966648 	39.824615 	37.589893 	8.246211 	38.078865 	30.016663 	20.124611 	5.000000 	9.219544 	106.103722 	4.000000 	92.477028 	8.062258 	999.000000 	45.486263 	7.810250 	1.000000 	3.605551 	5.000000 	47.507893 	30.413813 	66.370171 	82.097504 	6.324555 	77.201035 	41.036568 	16.763054 	25.942244 	56.586216 	
57.454330 	82.927681 	49.648766 	76.216797 	17.691807 	83.408630 	127.027557 	82.975899 	20.615528 	41.036568 	78.568443 	136.124939 	35.383614 	83.546394 	48.795490 	66.468040 	72.835434 	82.758682 	80.622574 	40.360870 	81.320351 	73.552704 	63.702435 	44.045429 	37.013512 	146.441116 	42.201897 	48.836460 	37.443291 	45.486263 	999.000000 	53.254108 	44.944408 	42.190044 	40.816662 	92.097771 	75.604233 	21.023796 	125.319588 	49.648766 	120.933868 	8.544003 	61.773781 	71.344238 	101.671036 	
23.600847 	39.051247 	19.416489 	30.149628 	58.523499 	36.674240 	80.324341 	34.481880 	68.709534 	16.000000 	29.410883 	97.128784 	20.396078 	34.176014 	9.848858 	17.262676 	23.086792 	32.695564 	30.463093 	14.317822 	30.870699 	22.847319 	13.341664 	10.198039 	16.552946 	99.161484 	11.180340 	99.924973 	15.811388 	7.810250 	53.254108 	999.000000 	8.485281 	11.313708 	12.727922 	39.824615 	22.627417 	74.094536 	74.625732 	7.000000 	69.634758 	48.836460 	10.000000 	18.384777 	48.795490 	
26.248810 	45.705578 	19.723083 	37.107952 	51.195702 	43.965897 	88.022728 	42.154476 	61.032780 	11.661903 	37.161808 	103.585716 	14.142136 	42.047592 	10.440307 	24.698177 	30.870699 	40.706264 	38.470768 	8.544003 	38.948685 	30.886890 	21.023796 	5.656854 	9.055386 	107.018692 	4.123106 	92.114059 	7.615773 	1.000000 	44.944408 	8.485281 	999.000000 	2.828427 	4.242640 	48.270073 	31.112698 	65.863495 	82.927681 	6.082763 	78.006409 	40.360870 	17.088007 	26.419689 	57.280014 	
27.658634 	48.052055 	20.615528 	39.560081 	48.836460 	46.486557 	90.620087 	44.777225 	58.523499 	11.313708 	39.812057 	105.801704 	12.649111 	44.721359 	12.041595 	27.313000 	33.541019 	43.416588 	41.182522 	7.810250 	41.677334 	33.615471 	23.706539 	6.324555 	7.071068 	109.658562 	3.605551 	89.537704 	5.099020 	3.605551 	42.190044 	11.313708 	2.828427 	999.000000 	1.414214 	51.088158 	33.941124 	63.134777 	85.702972 	8.062258 	80.802231 	37.536648 	19.697716 	29.154760 	60.108234 	
28.442924 	49.244289 	21.189621 	40.804413 	47.675991 	47.759815 	91.923882 	46.097721 	57.280014 	11.401754 	41.146080 	106.920532 	12.083046 	46.065170 	13.000000 	28.635643 	34.885529 	44.777225 	42.544094 	7.810250 	43.046486 	34.985710 	25.059929 	7.071068 	6.324555 	110.981979 	4.123106 	88.255310 	4.000000 	5.000000 	40.816662 	12.727922 	4.242640 	1.414214 	999.000000 	52.497620 	35.355339 	61.773781 	87.091904 	9.219544 	82.200974 	36.124783 	21.023796 	30.528675 	61.522354 	
40.804413 	24.351591 	45.617977 	22.022715 	94.154129 	18.681541 	45.011108 	15.132746 	105.152267 	51.400391 	16.278820 	68.963760 	57.008770 	13.038404 	43.416588 	26.076809 	20.124611 	12.041595 	13.341664 	51.739735 	12.369317 	18.867962 	28.425341 	48.104053 	55.172459 	62.169125 	50.209560 	136.341476 	55.172459 	47.507893 	92.097771 	39.824615 	48.270073 	51.088158 	52.497620 	999.000000 	17.492855 	112.445541 	35.341194 	45.486263 	30.016663 	88.413803 	34.438351 	25.298222 	10.440307 	
30.149628 	26.925823 	32.388271 	19.104973 	79.202271 	21.931713 	60.827625 	18.027756 	89.894379 	35.777088 	13.892444 	81.743500 	41.182522 	16.492422 	27.730848 	13.038404 	10.816654 	14.317822 	12.649111 	35.510563 	12.369317 	8.602325 	13.341664 	31.622776 	38.600517 	78.847954 	33.421551 	121.198181 	38.288380 	30.413813 	75.604233 	22.627417 	31.112698 	33.941124 	35.355339 	17.492855 	999.000000 	96.260063 	52.773098 	28.017851 	47.507893 	71.449280 	17.088007 	9.055386 	26.172504 	
75.927597 	101.533249 	68.622154 	95.482986 	23.086792 	102.591423 	145.416641 	102.532921 	14.035668 	61.073727 	98.351410 	152.052628 	55.443665 	103.276329 	69.028976 	86.556343 	92.849342 	102.649887 	100.568382 	60.802959 	101.316338 	93.723000 	84.023804 	64.637451 	57.688820 	164.805954 	62.968246 	29.000000 	58.309521 	66.370171 	21.023796 	74.094536 	65.863495 	63.134777 	61.773781 	112.445541 	96.260063 	999.000000 	144.958618 	70.661163 	140.801285 	27.658634 	82.764725 	92.282173 	122.200653 	
69.656296 	44.944408 	76.419891 	49.578220 	124.963997 	42.638012 	19.104973 	42.426407 	136.235092 	84.291161 	46.754681 	48.795490 	89.938866 	41.773197 	76.694199 	59.033890 	52.630791 	42.638012 	44.821869 	85.276024 	44.204071 	52.201534 	62.201286 	82.006096 	89.022469 	29.154760 	84.403793 	166.817261 	89.403580 	82.097504 	125.319588 	74.625732 	82.927681 	85.702972 	87.091904 	35.341194 	52.773098 	144.958618 	999.000000 	80.622574 	6.000000 	122.441826 	69.778221 	60.539242 	29.427877 	
29.529646 	46.043457 	24.083189 	37.121422 	56.885849 	43.566040 	86.977005 	41.231056 	66.483078 	17.464249 	36.138622 	104.120125 	20.223749 	40.804413 	14.212670 	24.186773 	29.832869 	39.217342 	37.000000 	14.560220 	37.336308 	29.410883 	20.223749 	11.180340 	15.000000 	105.688217 	10.198039 	97.406364 	13.152946 	6.324555 	49.648766 	7.000000 	6.082763 	8.062258 	9.219544 	45.486263 	28.017851 	70.661163 	80.622574 	999.000000 	75.471848 	44.407207 	12.206555 	22.022715 	53.907330 	
66.030296 	42.047592 	72.470680 	45.803928 	121.210564 	39.115215 	23.600847 	38.418747 	132.438660 	79.906197 	42.449970 	53.150730 	85.562843 	37.536648 	72.180328 	54.488529 	48.104053 	38.183765 	40.311287 	80.721741 	39.623226 	47.507893 	57.489128 	77.336922 	84.386017 	35.128338 	79.649231 	163.217651 	84.646324 	77.201035 	120.933868 	69.634758 	78.006409 	80.802231 	82.200974 	30.016663 	47.507893 	140.801285 	6.000000 	75.471848 	999.000000 	117.796432 	64.412735 	55.036350 	23.537205 	
56.462376 	81.412529 	48.332184 	74.094536 	25.612497 	81.301903 	125.399361 	80.448738 	29.120440 	38.587563 	75.802376 	136.312149 	33.120991 	80.802231 	45.803928 	63.411354 	69.814041 	79.812279 	77.620872 	37.202152 	78.243210 	70.292244 	60.307545 	40.459858 	33.421551 	144.754959 	38.209946 	56.320511 	33.241539 	41.036568 	8.544003 	48.836460 	40.360870 	37.536648 	36.124783 	88.413803 	71.449280 	27.658634 	122.441826 	44.407207 	117.796432 	999.000000 	56.612720 	66.400299 	97.621719 	
30.610456 	39.812057 	28.231188 	30.805843 	68.154236 	36.124783 	77.665955 	33.000000 	78.108902 	26.000000 	28.017851 	97.128784 	30.265491 	32.062439 	19.416489 	18.384777 	22.203604 	30.149628 	28.071337 	24.186773 	28.160255 	21.023796 	14.764823 	20.099751 	25.961510 	95.880135 	20.615528 	109.201645 	24.698177 	16.763054 	61.773781 	10.000000 	17.088007 	19.697716 	21.023796 	34.438351 	17.088007 	82.764725 	69.778221 	12.206555 	64.412735 	56.612720 	999.000000 	9.899495 	42.201897 	
33.241539 	35.341194 	33.241539 	26.925823 	76.843994 	30.675724 	69.584480 	26.925823 	87.091904 	33.734257 	22.472204 	90.796478 	38.600517 	25.495098 	26.172504 	17.204651 	18.027756 	23.345236 	21.587032 	32.572994 	21.377558 	16.124516 	15.231546 	28.460499 	34.928497 	87.321243 	29.546574 	118.308914 	34.000000 	25.942244 	71.344238 	18.384777 	26.419689 	29.154760 	30.528675 	25.298222 	9.055386 	92.282173 	60.539242 	22.022715 	55.036350 	66.400299 	9.899495 	999.000000 	32.449963 	
51.244511 	33.376640 	55.946404 	32.249031 	104.316826 	28.071337 	42.953465 	25.019993 	115.247559 	61.294373 	26.683329 	69.778221 	66.850578 	23.086792 	53.254108 	36.235340 	30.463093 	22.360680 	23.769728 	61.400326 	22.803509 	29.068884 	38.275318 	57.628117 	64.660652 	58.034473 	59.548298 	146.485489 	64.443771 	56.586216 	101.671036 	48.795490 	57.280014 	60.108234 	61.522354 	10.440307 	26.172504 	122.200653 	29.427877 	53.907330 	23.537205 	97.621719 	42.201897 	32.449963 	999.000000 	

Travel time:
9.000000 	0.640312 	0.206155 	0.506211 	1.382932 	0.675463 	1.740869 	0.694622 	1.665083 	0.477624 	0.617454 	2.007019 	0.594243 	0.726722 	0.395285 	0.427931 	0.530330 	0.728869 	0.687841 	0.550000 	0.711512 	0.577170 	0.450694 	0.534439 	0.650481 	2.226264 	0.608276 	2.430021 	0.700446 	0.632456 	1.436358 	0.590021 	0.656220 	0.691466 	0.711073 	1.020110 	0.753741 	1.898190 	1.741407 	0.738241 	1.650757 	1.411559 	0.765261 	0.831038 	1.281113 	
0.640312 	9.000000 	0.832166 	0.226385 	2.015564 	0.145774 	1.102554 	0.250000 	2.298369 	1.073837 	0.325960 	1.451938 	1.207528 	0.305164 	0.917197 	0.550568 	0.443001 	0.355317 	0.371652 	1.123610 	0.388909 	0.482830 	0.650481 	1.068001 	1.226020 	1.587844 	1.140175 	3.053686 	1.257229 	1.118034 	2.073192 	0.976281 	1.142639 	1.201301 	1.231107 	0.608790 	0.673146 	2.538331 	1.123610 	1.151086 	1.051190 	2.035313 	0.995301 	0.883530 	0.834416 	
0.206155 	0.832166 	9.000000 	0.671751 	1.220656 	0.849264 	1.934716 	0.851469 	1.500000 	0.275000 	0.755811 	2.213171 	0.388104 	0.875000 	0.247487 	0.498121 	0.637377 	0.866747 	0.818917 	0.353553 	0.840387 	0.673146 	0.477624 	0.357946 	0.450694 	2.419969 	0.427200 	2.274313 	0.505594 	0.471699 	1.241219 	0.485412 	0.493077 	0.515388 	0.529741 	1.140449 	0.809707 	1.715554 	1.910497 	0.602080 	1.811767 	1.208305 	0.705780 	0.831038 	1.398660 	
0.506211 	0.226385 	0.671751 	9.000000 	1.885802 	0.180278 	1.285739 	0.190394 	2.167083 	0.887764 	0.158114 	1.675746 	1.026219 	0.230489 	0.715891 	0.325000 	0.223607 	0.250000 	0.230489 	0.928036 	0.254951 	0.270416 	0.425000 	0.863496 	1.028652 	1.767767 	0.933408 	2.935345 	1.053862 	0.903466 	1.905420 	0.753741 	0.927699 	0.989002 	1.020110 	0.550568 	0.477624 	2.387075 	1.239455 	0.928036 	1.145098 	1.852363 	0.770146 	0.673146 	0.806226 	
1.382932 	2.015564 	1.220656 	1.885802 	9.000000 	2.058215 	3.099698 	2.070024 	0.282843 	1.086566 	1.976424 	3.232356 	0.956883 	2.095382 	1.286954 	1.702388 	1.852363 	2.087163 	2.038535 	1.106797 	2.059430 	1.882319 	1.654728 	1.209597 	1.055047 	3.582074 	1.188486 	1.054751 	1.093446 	1.285496 	0.442295 	1.463087 	1.279893 	1.220912 	1.191900 	2.353853 	1.980057 	0.577170 	3.124100 	1.422146 	3.030264 	0.640312 	1.703856 	1.921100 	2.607921 	
0.675463 	0.145774 	0.849264 	0.180278 	2.058215 	9.000000 	1.107080 	0.106066 	2.340139 	1.068001 	0.206155 	1.525820 	1.206493 	0.160078 	0.894427 	0.485412 	0.350000 	0.212132 	0.235850 	1.107362 	0.250000 	0.378319 	0.583631 	1.040733 	1.207528 	1.588238 	1.109617 	3.105036 	1.231107 	1.075291 	2.085216 	0.916856 	1.099147 	1.162164 	1.193995 	0.467039 	0.548293 	2.564785 	1.065950 	1.089151 	0.977880 	2.032547 	0.903120 	0.766893 	0.701783 	
1.740869 	1.102554 	1.934716 	1.285739 	3.099698 	1.107080 	9.000000 	1.147007 	3.382030 	2.170829 	1.273038 	0.742462 	2.307054 	1.154340 	2.001406 	1.583114 	1.431127 	1.195042 	1.250000 	2.213736 	1.243232 	1.439184 	1.676678 	2.147673 	2.314357 	0.485412 	2.215993 	4.119238 	2.338001 	2.177298 	3.175689 	2.008109 	2.200568 	2.265502 	2.298097 	1.125278 	1.520691 	3.635416 	0.477624 	2.174425 	0.590021 	3.134984 	1.941649 	1.739612 	1.073837 	
0.694622 	0.250000 	0.851469 	0.190394 	2.070024 	0.106066 	1.147007 	9.000000 	2.350532 	1.050297 	0.127475 	1.604875 	1.190850 	0.055902 	0.866747 	0.436606 	0.285044 	0.106066 	0.134629 	1.081665 	0.145774 	0.301040 	0.529741 	1.007782 	1.179248 	1.622113 	1.073546 	3.121298 	1.197132 	1.030776 	2.074398 	0.862047 	1.053862 	1.119431 	1.152443 	0.378319 	0.450694 	2.563323 	1.060660 	1.030776 	0.960469 	2.011219 	0.825000 	0.673146 	0.625500 	
1.665083 	2.298369 	1.500000 	2.167083 	0.282843 	2.340139 	3.382030 	2.350532 	9.000000 	1.353006 	2.255271 	3.504016 	1.218862 	2.375000 	1.554429 	1.976898 	2.128673 	2.365639 	2.316382 	1.365650 	2.336932 	2.157110 	1.925649 	1.467353 	1.305038 	3.864098 	1.439618 	0.782624 	1.336273 	1.533786 	0.515388 	1.717738 	1.525820 	1.463087 	1.432000 	2.628807 	2.247360 	0.350892 	3.405877 	1.662077 	3.310966 	0.728011 	1.952723 	2.177298 	2.881189 	
0.477624 	1.073837 	0.275000 	0.887764 	1.086566 	1.068001 	2.170829 	1.050297 	1.353006 	9.000000 	0.938416 	2.481179 	0.141421 	1.063015 	0.201556 	0.637377 	0.795692 	1.043132 	0.989950 	0.090139 	1.007782 	0.816241 	0.575543 	0.158114 	0.176777 	2.654360 	0.195256 	2.135562 	0.237171 	0.279509 	1.025914 	0.400000 	0.291548 	0.282843 	0.285044 	1.285010 	0.894427 	1.526843 	2.107279 	0.436606 	1.997655 	0.964689 	0.650000 	0.843356 	1.532359 	
0.617454 	0.325960 	0.755811 	0.158114 	1.976424 	0.206155 	1.273038 	0.127475 	2.255271 	0.938416 	9.000000 	1.727896 	1.079641 	0.125000 	0.750000 	0.313249 	0.158114 	0.111803 	0.075000 	0.965013 	0.100000 	0.175000 	0.403887 	0.887764 	1.060955 	1.746425 	0.951972 	3.030058 	1.076162 	0.906228 	1.964211 	0.735272 	0.929045 	0.995301 	1.028652 	0.406971 	0.347311 	2.458785 	1.168867 	0.903466 	1.061249 	1.895059 	0.700446 	0.561805 	0.667083 	
2.007019 	1.451938 	2.213171 	1.675746 	3.232356 	1.525820 	0.742462 	1.604875 	3.504016 	2.481179 	1.727896 	9.000000 	2.601202 	1.634396 	2.351197 	2.000625 	1.875667 	1.686898 	1.733854 	2.544725 	1.736555 	1.902630 	2.100595 	2.503248 	2.647640 	0.809707 	2.577426 	4.176198 	2.687936 	2.564785 	3.403123 	2.428220 	2.589643 	2.645043 	2.673013 	1.724094 	2.043587 	3.801316 	1.219887 	2.603003 	1.328768 	3.407804 	2.428220 	2.269912 	1.744456 	
0.594243 	1.207528 	0.388104 	1.026219 	0.956883 	1.206493 	2.307054 	1.190850 	1.218862 	0.141421 	1.079641 	2.601202 	9.000000 	1.204159 	0.340037 	0.778621 	0.937083 	1.184536 	1.131371 	0.152069 	1.149184 	0.957209 	0.715017 	0.254951 	0.145774 	2.791169 	0.251247 	2.001406 	0.215058 	0.350892 	0.884590 	0.509902 	0.353553 	0.316228 	0.302076 	1.425219 	1.029563 	1.386092 	2.248472 	0.505594 	2.139071 	0.828025 	0.756637 	0.965013 	1.671264 	
0.726722 	0.305164 	0.875000 	0.230489 	2.095382 	0.160078 	1.154340 	0.055902 	2.375000 	1.063015 	0.125000 	1.634396 	1.204159 	9.000000 	0.875000 	0.437321 	0.279509 	0.055902 	0.100000 	1.090011 	0.103078 	0.285044 	0.525595 	1.012423 	1.185854 	1.625000 	1.076162 	3.148115 	1.200521 	1.028652 	2.088660 	0.854400 	1.051190 	1.118034 	1.151629 	0.325960 	0.412311 	2.581908 	1.044330 	1.020110 	0.938416 	2.020056 	0.801561 	0.637377 	0.577170 	
0.395285 	0.917197 	0.247487 	0.715891 	1.286954 	0.894427 	2.001406 	0.866747 	1.554429 	0.201556 	0.750000 	2.351197 	0.340037 	0.875000 	9.000000 	0.442295 	0.602080 	0.851469 	0.797261 	0.215058 	0.813941 	0.618971 	0.375000 	0.152069 	0.313249 	2.482438 	0.226385 	2.336932 	0.340037 	0.237171 	1.219887 	0.246221 	0.261008 	0.301040 	0.325000 	1.085415 	0.693271 	1.725724 	1.917355 	0.355317 	1.804508 	1.145098 	0.485412 	0.654313 	1.331353 	
0.427931 	0.550568 	0.498121 	0.325000 	1.702388 	0.485412 	1.583114 	0.436606 	1.976898 	0.637377 	0.313249 	2.000625 	0.778621 	0.437321 	0.442295 	9.000000 	0.160078 	0.410031 	0.355317 	0.656220 	0.371652 	0.180278 	0.100000 	0.575543 	0.750000 	2.058671 	0.638847 	2.756923 	0.763217 	0.594243 	1.661701 	0.431567 	0.617454 	0.682825 	0.715891 	0.651920 	0.325960 	2.163908 	1.475847 	0.604669 	1.362213 	1.585284 	0.459619 	0.430116 	0.905883 	
0.530330 	0.443001 	0.637377 	0.223607 	1.852363 	0.350000 	1.431127 	0.285044 	2.128673 	0.795692 	0.158114 	1.875667 	0.937083 	0.279509 	0.602080 	0.160078 	9.000000 	0.250000 	0.195256 	0.816241 	0.212132 	0.055902 	0.246221 	0.735272 	0.910014 	1.903943 	0.797653 	2.907103 	0.922293 	0.749166 	1.820886 	0.577170 	0.771767 	0.838525 	0.872138 	0.503115 	0.270416 	2.321234 	1.315770 	0.745822 	1.202601 	1.745351 	0.555090 	0.450694 	0.761577 	
0.728869 	0.355317 	0.866747 	0.250000 	2.087163 	0.212132 	1.195042 	0.106066 	2.365639 	1.043132 	0.111803 	1.686898 	1.184536 	0.055902 	0.851469 	0.410031 	0.250000 	9.000000 	0.055902 	1.065950 	0.050000 	0.246221 	0.493077 	0.985203 	1.160011 	1.662077 	1.047020 	3.141059 	1.171804 	0.995615 	2.068967 	0.817389 	1.017657 	1.085415 	1.119431 	0.301040 	0.357946 	2.566247 	1.065950 	0.980434 	0.954594 	1.995307 	0.753741 	0.583631 	0.559017 	
0.687841 	0.371652 	0.818917 	0.230489 	2.038535 	0.235850 	1.250000 	0.134629 	2.316382 	0.989950 	0.075000 	1.733854 	1.131371 	0.100000 	0.797261 	0.355317 	0.195256 	0.055902 	9.000000 	1.011496 	0.025000 	0.190394 	0.437321 	0.930054 	1.105102 	1.717738 	0.991527 	3.092834 	1.116356 	0.939747 	2.015564 	0.761577 	0.961769 	1.029563 	1.063602 	0.333542 	0.316228 	2.514210 	1.120547 	0.925000 	1.007782 	1.940522 	0.701783 	0.539676 	0.594243 	
0.550000 	1.123610 	0.353553 	0.928036 	1.106797 	1.107362 	2.213736 	1.081665 	1.365650 	0.090139 	0.965013 	2.544725 	0.152069 	1.090011 	0.215058 	0.656220 	0.816241 	1.065950 	1.011496 	9.000000 	1.027740 	0.831038 	0.583631 	0.103078 	0.103078 	2.695598 	0.111803 	2.147673 	0.152069 	0.206155 	1.009022 	0.357946 	0.213600 	0.195256 	0.195256 	1.293493 	0.887764 	1.520074 	2.131901 	0.364006 	2.018044 	0.930054 	0.604669 	0.814325 	1.535008 	
0.711512 	0.388909 	0.840387 	0.254951 	2.059430 	0.250000 	1.243232 	0.145774 	2.336932 	1.007782 	0.100000 	1.736555 	1.149184 	0.103078 	0.813941 	0.371652 	0.212132 	0.050000 	0.025000 	1.027740 	9.000000 	0.201556 	0.450694 	0.945053 	1.120547 	1.708801 	1.005609 	3.113880 	1.130542 	0.951972 	2.033009 	0.771767 	0.973717 	1.041933 	1.076162 	0.309233 	0.309233 	2.532908 	1.105102 	0.933408 	0.990581 	1.956080 	0.704006 	0.534439 	0.570088 	
0.577170 	0.482830 	0.673146 	0.270416 	1.882319 	0.378319 	1.439184 	0.301040 	2.157110 	0.816241 	0.175000 	1.902630 	0.957209 	0.285044 	0.618971 	0.180278 	0.055902 	0.246221 	0.190394 	0.831038 	0.201556 	9.000000 	0.250000 	0.745822 	0.921954 	1.908042 	0.805062 	2.936942 	0.930054 	0.750417 	1.838818 	0.571183 	0.772172 	0.840387 	0.874643 	0.471699 	0.215058 	2.343075 	1.305038 	0.735272 	1.187697 	1.757306 	0.525595 	0.403113 	0.726722 	
0.450694 	0.650481 	0.477624 	0.425000 	1.654728 	0.583631 	1.676678 	0.529741 	1.925649 	0.575543 	0.403887 	2.100595 	0.715017 	0.525595 	0.375000 	0.100000 	0.246221 	0.493077 	0.437321 	0.583631 	0.450694 	0.250000 	9.000000 	0.496236 	0.672681 	2.150145 	0.555090 	2.707513 	0.680074 	0.503115 	1.592561 	0.333542 	0.525595 	0.592663 	0.626498 	0.710634 	0.333542 	2.100595 	1.555032 	0.505594 	1.437228 	1.507689 	0.369121 	0.380789 	0.956883 	
0.534439 	1.068001 	0.357946 	0.863496 	1.209597 	1.040733 	2.147673 	1.007782 	1.467353 	0.158114 	0.887764 	2.503248 	0.254951 	1.012423 	0.152069 	0.575543 	0.735272 	0.985203 	0.930054 	0.103078 	0.945053 	0.745822 	0.496236 	9.000000 	0.176777 	2.627380 	0.075000 	2.249028 	0.190394 	0.125000 	1.101136 	0.254951 	0.141421 	0.158114 	0.176777 	1.202601 	0.790569 	1.615936 	2.050152 	0.279509 	1.933423 	1.011496 	0.502494 	0.711512 	1.440703 	
0.650481 	1.226020 	0.450694 	1.028652 	1.055047 	1.207528 	2.314357 	1.179248 	1.305038 	0.176777 	1.060955 	2.647640 	0.145774 	1.185854 	0.313249 	0.750000 	0.910014 	1.160011 	1.105102 	0.103078 	1.120547 	0.921954 	0.672681 	0.176777 	9.000000 	2.795644 	0.134629 	2.084616 	0.070711 	0.230489 	0.925338 	0.413824 	0.226385 	0.176777 	0.158114 	1.379311 	0.965013 	1.442220 	2.225562 	0.375000 	2.109650 	0.835539 	0.649038 	0.873212 	1.616516 	
2.226264 	1.587844 	2.419969 	1.767767 	3.582074 	1.588238 	0.485412 	1.622113 	3.864098 	2.654360 	1.746425 	0.809707 	2.791169 	1.625000 	2.482438 	2.058671 	1.903943 	1.662077 	1.717738 	2.695598 	1.708801 	1.908042 	2.150145 	2.627380 	2.795644 	9.000000 	2.694671 	4.596330 	2.817468 	2.652593 	3.661028 	2.479037 	2.675467 	2.741464 	2.774549 	1.554228 	1.971199 	4.120149 	0.728869 	2.642205 	0.878208 	3.618874 	2.397003 	2.183031 	1.450862 	
0.608276 	1.140175 	0.427200 	0.933408 	1.188486 	1.109617 	2.215993 	1.073546 	1.439618 	0.195256 	0.951972 	2.577426 	0.251247 	1.076162 	0.226385 	0.638847 	0.797653 	1.047020 	0.991527 	0.111803 	1.005609 	0.805062 	0.555090 	0.075000 	0.134629 	2.694671 	9.000000 	2.219234 	0.125000 	0.100000 	1.055047 	0.279509 	0.103078 	0.090139 	0.103078 	1.255239 	0.835539 	1.574206 	2.110095 	0.254951 	1.991231 	0.955249 	0.515388 	0.738664 	1.488707 	
2.430021 	3.053686 	2.274313 	2.935345 	1.054751 	3.105036 	4.119238 	3.121298 	0.782624 	2.135562 	3.030058 	4.176198 	2.001406 	3.148115 	2.336932 	2.756923 	2.907103 	3.141059 	3.092834 	2.147673 	3.113880 	2.936942 	2.707513 	2.249028 	2.084616 	4.596330 	2.219234 	9.000000 	2.112611 	2.311926 	1.220912 	2.498124 	2.302851 	2.238443 	2.206383 	3.408537 	3.029954 	0.725000 	4.170432 	2.435159 	4.080441 	1.408013 	2.730041 	2.957723 	3.662137 	
0.700446 	1.257229 	0.505594 	1.053862 	1.093446 	1.231107 	2.338001 	1.197132 	1.336273 	0.237171 	1.076162 	2.687936 	0.215058 	1.200521 	0.340037 	0.763217 	0.922293 	1.171804 	1.116356 	0.152069 	1.130542 	0.930054 	0.680074 	0.190394 	0.070711 	2.817468 	0.125000 	2.112611 	9.000000 	0.201556 	0.936082 	0.395285 	0.190394 	0.127475 	0.100000 	1.379311 	0.957209 	1.457738 	2.235090 	0.328824 	2.116158 	0.831038 	0.617454 	0.850000 	1.611094 	
0.632456 	1.118034 	0.471699 	0.903466 	1.285496 	1.075291 	2.177298 	1.030776 	1.533786 	0.279509 	0.906228 	2.564785 	0.350892 	1.028652 	0.237171 	0.594243 	0.749166 	0.995615 	0.939747 	0.206155 	0.951972 	0.750417 	0.503115 	0.125000 	0.230489 	2.652593 	0.100000 	2.311926 	0.201556 	9.000000 	1.137157 	0.195256 	0.025000 	0.090139 	0.125000 	1.187697 	0.760345 	1.659254 	2.052438 	0.158114 	1.930026 	1.025914 	0.419076 	0.648556 	1.414655 	
1.436358 	2.073192 	1.241219 	1.905420 	0.442295 	2.085216 	3.175689 	2.074398 	0.515388 	1.025914 	1.964211 	3.403123 	0.884590 	2.088660 	1.219887 	1.661701 	1.820886 	2.068967 	2.015564 	1.009022 	2.033009 	1.838818 	1.592561 	1.101136 	0.925338 	3.661028 	1.055047 	1.220912 	0.936082 	1.137157 	9.000000 	1.331353 	1.123610 	1.054751 	1.020416 	2.302444 	1.890106 	0.525595 	3.132990 	1.241219 	3.023347 	0.213600 	1.544345 	1.783606 	2.541776 	
0.590021 	0.976281 	0.485412 	0.753741 	1.463087 	0.916856 	2.008109 	0.862047 	1.717738 	0.400000 	0.735272 	2.428220 	0.509902 	0.854400 	0.246221 	0.431567 	0.577170 	0.817389 	0.761577 	0.357946 	0.771767 	0.571183 	0.333542 	0.254951 	0.413824 	2.479037 	0.279509 	2.498124 	0.395285 	0.195256 	1.331353 	9.000000 	0.212132 	0.282843 	0.318198 	0.995615 	0.565685 	1.852363 	1.865643 	0.175000 	1.740869 	1.220912 	0.250000 	0.459619 	1.219887 	
0.656220 	1.142639 	0.493077 	0.927699 	1.279893 	1.099147 	2.200568 	1.053862 	1.525820 	0.291548 	0.929045 	2.589643 	0.353553 	1.051190 	0.261008 	0.617454 	0.771767 	1.017657 	0.961769 	0.213600 	0.973717 	0.772172 	0.525595 	0.141421 	0.226385 	2.675467 	0.103078 	2.302851 	0.190394 	0.025000 	1.123610 	0.212132 	9.000000 	0.070711 	0.106066 	1.206752 	0.777817 	1.646587 	2.073192 	0.152069 	1.950160 	1.009022 	0.427200 	0.660492 	1.432000 	
0.691466 	1.201301 	0.515388 	0.989002 	1.220912 	1.162164 	2.265502 	1.119431 	1.463087 	0.282843 	0.995301 	2.645043 	0.316228 	1.118034 	0.301040 	0.682825 	0.838525 	1.085415 	1.029563 	0.195256 	1.041933 	0.840387 	0.592663 	0.158114 	0.176777 	2.741464 	0.090139 	2.238443 	0.127475 	0.090139 	1.054751 	0.282843 	0.070711 	9.000000 	0.035355 	1.277204 	0.848528 	1.578369 	2.142574 	0.201556 	2.020056 	0.938416 	0.492443 	0.728869 	1.502706 	
0.711073 	1.231107 	0.529741 	1.020110 	1.191900 	1.193995 	2.298097 	1.152443 	1.432000 	0.285044 	1.028652 	2.673013 	0.302076 	1.151629 	0.325000 	0.715891 	0.872138 	1.119431 	1.063602 	0.195256 	1.076162 	0.874643 	0.626498 	0.176777 	0.158114 	2.774549 	0.103078 	2.206383 	0.100000 	0.125000 	1.020416 	0.318198 	0.106066 	0.035355 	9.000000 	1.312441 	0.883883 	1.544345 	2.177298 	0.230489 	2.055024 	0.903120 	0.525595 	0.763217 	1.538059 	
1.020110 	0.608790 	1.140449 	0.550568 	2.353853 	0.467039 	1.125278 	0.378319 	2.628807 	1.285010 	0.406971 	1.724094 	1.425219 	0.325960 	1.085415 	0.651920 	0.503115 	0.301040 	0.333542 	1.293493 	0.309233 	0.471699 	0.710634 	1.202601 	1.379311 	1.554228 	1.255239 	3.408537 	1.379311 	1.187697 	2.302444 	0.995615 	1.206752 	1.277204 	1.312441 	9.000000 	0.437321 	2.811139 	0.883530 	1.137157 	0.750417 	2.210345 	0.860959 	0.632456 	0.261008 	
0.753741 	0.673146 	0.809707 	0.477624 	1.980057 	0.548293 	1.520691 	0.450694 	2.247360 	0.894427 	0.347311 	2.043587 	1.029563 	0.412311 	0.693271 	0.325960 	0.270416 	0.357946 	0.316228 	0.887764 	0.309233 	0.215058 	0.333542 	0.790569 	0.965013 	1.971199 	0.835539 	3.029954 	0.957209 	0.760345 	1.890106 	0.565685 	0.777817 	0.848528 	0.883883 	0.437321 	9.000000 	2.406502 	1.319327 	0.700446 	1.187697 	1.786232 	0.427200 	0.226385 	0.654313 	
1.898190 	2.538331 	1.715554 	2.387075 	0.577170 	2.564785 	3.635416 	2.563323 	0.350892 	1.526843 	2.458785 	3.801316 	1.386092 	2.581908 	1.725724 	2.163908 	2.321234 	2.566247 	2.514210 	1.520074 	2.532908 	2.343075 	2.100595 	1.615936 	1.442220 	4.120149 	1.574206 	0.725000 	1.457738 	1.659254 	0.525595 	1.852363 	1.646587 	1.578369 	1.544345 	2.811139 	2.406502 	9.000000 	3.623966 	1.766529 	3.520032 	0.691466 	2.069118 	2.307054 	3.055016 	
1.741407 	1.123610 	1.910497 	1.239455 	3.124100 	1.065950 	0.477624 	1.060660 	3.405877 	2.107279 	1.168867 	1.219887 	2.248472 	1.044330 	1.917355 	1.475847 	1.315770 	1.065950 	1.120547 	2.131901 	1.105102 	1.305038 	1.555032 	2.050152 	2.225562 	0.728869 	2.110095 	4.170432 	2.235090 	2.052438 	3.132990 	1.865643 	2.073192 	2.142574 	2.177298 	0.883530 	1.319327 	3.623966 	9.000000 	2.015564 	0.150000 	3.061046 	1.744456 	1.513481 	0.735697 	
