Total assets = 560
Number of asset nodes = 33

Distance:
999.000000 	96.166519 	5.000000 	60.901562 	10.770329 	79.075912 	29.681644 	65.741920 	63.976559 	44.147480 	96.540146 	99.357941 	67.119293 	65.000000 	39.115215 	75.584389 	81.884064 	34.828148 	41.109608 	38.600517 	45.276924 	42.047592 	21.000000 	83.192551 	84.095184 	132.230865 	49.091751 	118.067780 	80.230919 	117.443604 	84.581322 	132.276230 	56.435802 	35.805027 	26.172504 	44.598206 	84.693565 	83.006027 	121.037186 	51.000000 	83.934502 	133.056381 	26.305893 	124.470879 	40.607880 	
96.166519 	999.000000 	101.118744 	40.853397 	106.150833 	26.019224 	125.319588 	40.024994 	42.201897 	63.158531 	8.485281 	8.944272 	40.607880 	43.737854 	71.175842 	35.000000 	29.274563 	130.862518 	70.384659 	134.469330 	67.067131 	70.936592 	112.004463 	32.756680 	32.984844 	36.069378 	67.720009 	24.738634 	37.483330 	24.515301 	34.205261 	36.235340 	62.169125 	131.643463 	117.800682 	140.730240 	36.400551 	38.078865 	27.892651 	70.092796 	38.327538 	37.202152 	113.718948 	30.675724 	136.561340 	
5.000000 	101.118744 	999.000000 	65.513359 	6.082763 	83.761566 	25.059929 	70.235321 	68.425140 	48.083260 	101.533249 	104.350372 	71.554176 	69.354164 	42.579338 	80.062477 	86.452301 	30.000000 	44.553337 	33.837849 	48.836460 	45.398239 	17.262676 	87.658424 	88.549423 	137.178711 	52.469040 	122.918671 	84.581322 	122.286552 	89.000000 	137.207870 	60.016663 	30.805843 	22.000000 	39.698868 	89.050545 	87.321243 	125.876923 	54.147945 	88.238312 	137.974640 	23.086792 	129.321304 	35.608986 	
60.901562 	40.853397 	65.513359 	999.000000 	69.634758 	18.439089 	90.553848 	6.082763 	5.830952 	22.360680 	44.911022 	47.296936 	8.246211 	8.602325 	30.413813 	15.297058 	21.023796 	95.414886 	29.546574 	99.322708 	26.248810 	30.083218 	73.552704 	22.803509 	23.769728 	75.166481 	27.294687 	58.796257 	21.023796 	58.051701 	24.515301 	74.632431 	23.194826 	94.641426 	79.195961 	104.861816 	25.179358 	24.020824 	61.554855 	30.066593 	25.019993 	75.000000 	74.411018 	65.115280 	99.639351 	
10.770329 	106.150833 	6.082763 	69.634758 	999.000000 	88.005684 	21.840330 	74.094536 	72.201111 	51.078373 	106.826965 	109.635757 	75.292763 	72.945183 	44.922153 	83.862984 	90.426765 	25.942244 	46.840153 	29.966648 	51.244511 	47.539455 	11.704700 	91.416626 	92.282173 	142.172424 	54.571056 	127.561752 	88.119240 	126.905479 	92.660675 	142.130219 	62.361847 	25.495098 	16.031219 	35.227829 	92.590500 	90.785461 	130.483719 	55.901699 	91.678787 	142.842575 	17.888544 	133.958954 	30.413813 	
79.075912 	26.019224 	83.761566 	18.439089 	88.005684 	999.000000 	108.756607 	15.264338 	17.492855 	40.000000 	32.388271 	34.132095 	15.231546 	18.384777 	48.010414 	9.055386 	5.830952 	113.718948 	46.872166 	117.596771 	43.046486 	47.169907 	91.967384 	10.000000 	10.816654 	57.706154 	42.953465 	40.607880 	13.038404 	39.824615 	12.206555 	56.938564 	36.687874 	113.070778 	97.590981 	123.223373 	14.212670 	14.866069 	43.278172 	44.944408 	15.556349 	57.140179 	92.698433 	46.861500 	118.067780 	
29.681644 	125.319588 	25.059929 	90.553848 	21.840330 	108.756607 	999.000000 	95.294281 	93.477272 	72.801102 	125.175873 	128.003906 	96.602280 	94.371605 	66.760765 	105.118980 	111.507851 	6.324555 	68.680420 	9.219544 	73.082146 	69.375786 	25.495098 	112.712021 	113.600174 	161.375336 	76.400261 	147.610977 	109.590149 	147.003403 	114.039467 	161.523987 	84.202141 	13.601471 	24.166092 	16.124516 	114.061386 	112.307610 	150.602127 	77.665955 	113.216606 	162.373032 	30.675724 	154.012985 	16.000000 	
65.741920 	40.024994 	70.235321 	6.082763 	74.094536 	15.264338 	95.294281 	999.000000 	2.236068 	24.839485 	45.099888 	47.265209 	2.236068 	4.123106 	32.802441 	9.848858 	16.401220 	99.985001 	31.622776 	103.942291 	27.784887 	31.906113 	77.336922 	17.464249 	18.384777 	72.945183 	27.856777 	55.803226 	15.132746 	55.000000 	18.973665 	72.201111 	22.203604 	98.812958 	82.879433 	109.293182 	19.416489 	18.110771 	58.412327 	30.083218 	19.104973 	72.401657 	77.781746 	62.008064 	103.812332 	
63.976559 	42.201897 	68.425140 	5.830952 	72.201111 	17.492855 	93.477272 	2.236068 	999.000000 	22.671568 	47.169907 	49.365982 	3.162278 	2.828427 	30.610456 	11.661903 	18.439089 	98.112183 	29.410883 	102.083298 	25.553865 	29.681644 	75.286118 	19.235384 	20.124611 	75.179787 	25.632011 	58.008621 	16.492422 	57.201397 	20.615528 	74.431175 	20.099751 	96.834908 	80.808418 	107.377838 	20.880613 	19.416489 	60.605282 	27.892651 	20.396078 	74.625732 	75.663727 	64.202805 	101.833199 	
44.147480 	63.158531 	48.083260 	22.360680 	51.078373 	40.000000 	72.801102 	24.839485 	22.671568 	999.000000 	66.760765 	69.260376 	25.455845 	22.671568 	8.062258 	33.970577 	41.012192 	76.967529 	7.280110 	81.024689 	5.385165 	8.062258 	53.009434 	41.231056 	42.011902 	97.416634 	9.219544 	80.603973 	37.443291 	79.812279 	42.201897 	96.798759 	13.341664 	74.946648 	58.412327 	85.883644 	41.880783 	39.962482 	83.240616 	12.806249 	40.816662 	97.082436 	53.075417 	86.833176 	79.924965 	
96.540146 	8.485281 	101.533249 	44.911022 	106.826965 	32.388271 	125.175873 	45.099888 	47.169907 	66.760765 	999.000000 	2.828427 	46.010868 	49.040798 	74.632431 	41.436699 	36.400551 	130.908371 	74.040527 	134.380051 	71.063354 	74.726166 	113.441612 	40.162170 	40.496914 	37.215588 	72.180328 	30.000000 	44.643028 	30.016663 	41.785164 	38.013157 	67.268120 	132.279999 	119.268608 	140.858078 	44.011364 	45.541191 	33.015148 	74.813103 	45.880280 	39.395432 	115.602768 	35.227829 	137.131317 	
99.357941 	8.944272 	104.350372 	47.296936 	109.635757 	34.132095 	128.003906 	47.265209 	49.365982 	69.260376 	2.828427 	999.000000 	48.093658 	51.156624 	77.162170 	43.185646 	37.854988 	133.734818 	76.537575 	137.207870 	73.498299 	77.201035 	116.211014 	41.484936 	41.761227 	34.481880 	74.525162 	28.071337 	46.097721 	28.160255 	43.011627 	35.341194 	69.462219 	135.092560 	122.036880 	143.683685 	45.221676 	46.840153 	31.016125 	77.103828 	47.127487 	36.769554 	118.338501 	33.060551 	139.946411 	
67.119293 	40.607880 	71.554176 	8.246211 	75.292763 	15.231546 	96.602280 	2.236068 	3.162278 	25.455845 	46.010868 	48.093658 	999.000000 	3.162278 	33.301651 	8.602325 	15.556349 	101.212646 	32.015621 	105.190300 	28.017851 	32.202484 	78.243210 	16.124516 	17.000000 	72.897186 	27.730848 	55.470715 	13.341664 	54.644306 	17.464249 	72.069412 	21.587032 	99.864906 	83.737686 	110.453613 	17.720045 	16.278820 	58.008621 	29.732138 	17.262676 	72.201111 	78.517517 	61.611687 	104.861816 	
65.000000 	43.737854 	69.354164 	8.602325 	72.945183 	18.384777 	94.371605 	4.123106 	2.828427 	22.671568 	49.040798 	51.156624 	3.162278 	999.000000 	30.413813 	11.313708 	18.439089 	98.883774 	29.068884 	102.883430 	25.000000 	29.206163 	75.604233 	18.601076 	19.416489 	76.026314 	24.596748 	58.523499 	15.231546 	57.688820 	19.723083 	75.179787 	18.439089 	97.349884 	81.055534 	108.046288 	19.697716 	18.027756 	61.032780 	26.570660 	18.973665 	75.292763 	75.742989 	64.637451 	102.342560 	
39.115215 	71.175842 	42.579338 	30.413813 	44.922153 	48.010414 	66.760765 	32.802441 	30.610456 	8.062258 	74.632431 	77.162170 	33.301651 	30.413813 	999.000000 	41.725292 	48.836460 	70.576202 	2.000000 	74.672615 	6.324555 	3.162278 	45.793011 	48.836460 	49.578220 	105.475113 	10.000000 	88.600227 	44.821869 	87.800911 	49.678970 	104.847511 	17.464249 	68.000000 	51.039200 	79.202271 	49.203659 	47.201694 	91.214035 	12.369317 	48.010414 	105.118980 	45.453274 	94.810333 	72.945183 	
75.584389 	35.000000 	80.062477 	15.297058 	83.862984 	9.055386 	105.118980 	9.848858 	11.661903 	33.970577 	41.436699 	43.185646 	8.602325 	11.313708 	41.725292 	999.000000 	7.211102 	109.772491 	40.360870 	113.740936 	36.235340 	40.459858 	86.833176 	7.615773 	8.544003 	65.391129 	35.510563 	47.507893 	6.324555 	46.647614 	9.219544 	64.404968 	28.635643 	108.466583 	92.314682 	119.037811 	10.000000 	9.219544 	49.929951 	37.121422 	10.198039 	64.412735 	87.045967 	53.535034 	113.463654 	
81.884064 	29.274563 	86.452301 	21.023796 	90.426765 	5.830952 	111.507851 	16.401220 	18.439089 	41.012192 	36.400551 	37.854988 	15.556349 	18.439089 	48.836460 	7.211102 	999.000000 	116.284134 	47.507893 	120.220627 	43.416588 	47.634022 	93.723000 	4.242640 	5.000000 	58.309521 	42.720020 	40.311287 	8.246211 	39.446167 	6.403124 	57.271286 	35.777088 	115.208504 	99.247169 	125.642349 	8.485281 	9.433981 	42.720020 	44.294468 	10.000000 	57.245087 	94.069122 	46.324940 	120.208153 	
34.828148 	130.862518 	30.000000 	95.414886 	25.942244 	113.718948 	6.324555 	99.985001 	98.112183 	76.967529 	130.908371 	133.734818 	101.212646 	98.883774 	70.576202 	109.772491 	116.284134 	999.000000 	72.449982 	4.123106 	76.896034 	73.054771 	27.018513 	117.337120 	118.207443 	166.931122 	80.006248 	152.895386 	114.061386 	152.269501 	118.595955 	167.026947 	87.920418 	9.219544 	24.331051 	10.000000 	118.532700 	116.726173 	155.862122 	81.043198 	117.618027 	167.836227 	31.257000 	159.298462 	10.198039 	
41.109608 	70.384659 	44.553337 	29.546574 	46.840153 	46.872166 	68.680420 	31.622776 	29.410883 	7.280110 	74.040527 	76.537575 	32.015621 	29.068884 	2.000000 	40.360870 	47.507893 	72.449982 	999.000000 	76.550636 	4.472136 	1.414214 	47.507893 	47.381432 	48.104053 	104.446159 	8.000000 	87.418533 	43.278172 	86.608315 	48.166378 	103.773796 	15.524175 	69.771057 	52.697250 	81.024689 	47.634022 	45.607018 	90.000000 	10.440307 	46.400433 	104.009613 	47.010635 	93.600212 	74.706093 	
38.600517 	134.469330 	33.837849 	99.322708 	29.966648 	117.596771 	9.219544 	103.942291 	102.083298 	81.024689 	134.380051 	137.207870 	105.190300 	102.883430 	74.672615 	113.740936 	120.220627 	4.123106 	76.550636 	999.000000 	80.993828 	77.162170 	31.064449 	121.313644 	122.188377 	170.531525 	84.118965 	156.646103 	118.072014 	156.028839 	122.588745 	170.660477 	92.027168 	11.661903 	28.160255 	7.280110 	122.543869 	120.747673 	159.624557 	85.164543 	121.642921 	171.493439 	35.128338 	163.049072 	10.816654 	
45.276924 	67.067131 	48.836460 	26.248810 	51.244511 	43.046486 	73.082146 	27.784887 	25.553865 	5.385165 	71.063354 	73.498299 	28.017851 	25.000000 	6.324555 	36.235340 	43.416588 	76.896034 	4.472136 	80.993828 	999.000000 	4.242640 	51.971146 	43.139309 	43.840622 	100.722389 	4.472136 	83.486526 	38.948685 	82.661964 	43.863426 	99.985001 	11.180340 	74.242844 	57.140179 	85.492691 	43.278172 	41.231056 	86.023254 	7.810250 	42.011902 	100.169853 	51.400391 	89.627007 	79.177017 	
42.047592 	70.936592 	45.398239 	30.083218 	47.539455 	47.169907 	69.375786 	31.906113 	29.681644 	8.062258 	74.726166 	77.201035 	32.202484 	29.206163 	3.162278 	40.459858 	47.634022 	73.054771 	1.414214 	77.162170 	4.242640 	999.000000 	47.885281 	47.381432 	48.083260 	104.809349 	7.071068 	87.658424 	43.185646 	86.838928 	48.104053 	104.100914 	14.866069 	70.213959 	53.000000 	81.541397 	47.507893 	45.453274 	90.210861 	9.219544 	46.227695 	104.307236 	47.201694 	93.813644 	75.133217 	
21.000000 	112.004463 	17.262676 	73.552704 	11.704700 	91.967384 	25.495098 	77.336922 	75.286118 	53.009434 	113.441612 	116.211014 	78.243210 	75.604233 	45.793011 	86.833176 	93.723000 	27.018513 	47.507893 	31.064449 	51.971146 	47.885281 	999.000000 	94.201912 	95.000000 	147.756561 	54.561890 	132.245987 	90.443352 	131.529465 	95.210297 	147.512711 	62.609905 	22.472204 	5.830952 	34.205261 	94.868332 	92.913940 	135.059250 	55.154327 	93.744331 	148.070923 	6.403124 	138.600143 	27.313000 	
83.192551 	32.756680 	87.658424 	22.803509 	91.416626 	10.000000 	112.712021 	17.464249 	19.235384 	41.231056 	40.162170 	41.484936 	16.124516 	18.601076 	48.836460 	7.615773 	4.242640 	117.337120 	47.381432 	121.313644 	43.139309 	47.381432 	94.201912 	999.000000 	1.000000 	60.083275 	42.011902 	41.629318 	5.099020 	40.718548 	2.236068 	58.872746 	34.669872 	115.935326 	99.639351 	126.570137 	4.242640 	5.385165 	43.829212 	43.266617 	5.830952 	58.694122 	94.260277 	47.413078 	120.929733 	
84.095184 	32.984844 	88.549423 	23.769728 	92.282173 	10.816654 	113.600174 	18.384777 	20.124611 	42.011902 	40.496914 	41.761227 	17.000000 	19.416489 	49.578220 	8.544003 	5.000000 	118.207443 	48.104053 	122.188377 	43.840622 	48.083260 	95.000000 	1.000000 	999.000000 	59.774578 	42.638012 	41.231056 	5.385165 	40.311287 	1.414214 	58.523499 	35.227829 	116.764717 	100.424103 	127.424484 	3.605551 	5.099020 	43.382023 	43.829212 	5.385165 	58.309521 	95.015785 	46.957428 	121.757957 	
132.230865 	36.069378 	137.178711 	75.166481 	142.172424 	57.706154 	161.375336 	72.945183 	75.179787 	97.416634 	37.215588 	34.481880 	72.897186 	76.026314 	105.475113 	65.391129 	58.309521 	166.931122 	104.446159 	170.531525 	100.722389 	104.809349 	147.756561 	60.083275 	59.774578 	999.000000 	100.623062 	19.104973 	65.145988 	20.099751 	60.440052 	2.828427 	94.021271 	167.657394 	153.525238 	176.799316 	62.096699 	64.288414 	18.027756 	102.459747 	64.031242 	5.000000 	149.201202 	15.297058 	172.586212 	
49.091751 	67.720009 	52.469040 	27.294687 	54.571056 	42.953465 	76.400261 	27.856777 	25.632011 	9.219544 	72.180328 	74.525162 	27.730848 	24.596748 	10.000000 	35.510563 	42.720020 	80.006248 	8.000000 	84.118965 	4.472136 	7.071068 	54.561890 	42.011902 	42.638012 	100.623062 	999.000000 	83.006027 	37.536648 	82.152298 	42.520584 	99.764725 	8.062258 	76.967529 	59.539902 	88.391174 	41.725292 	39.597980 	85.440041 	3.605551 	40.311287 	99.849884 	53.535034 	89.044930 	81.859634 	
118.067780 	24.738634 	122.918671 	58.796257 	127.561752 	40.607880 	147.610977 	55.803226 	58.008621 	80.603973 	30.000000 	28.071337 	55.470715 	58.523499 	88.600227 	47.507893 	40.311287 	152.895386 	87.418533 	156.646103 	83.486526 	87.658424 	132.245987 	41.629318 	41.231056 	19.104973 	83.006027 	999.000000 	46.615448 	1.000000 	41.785164 	17.464249 	76.059189 	152.898666 	137.931137 	162.606888 	43.324360 	45.541191 	3.162278 	84.599052 	45.221676 	17.088007 	133.206604 	6.403124 	157.876541 	
80.230919 	37.483330 	84.581322 	21.023796 	88.119240 	13.038404 	109.590149 	15.132746 	16.492422 	37.443291 	44.643028 	46.097721 	13.341664 	15.231546 	44.821869 	6.324555 	8.246211 	114.061386 	43.278172 	118.072014 	38.948685 	43.185646 	90.443352 	5.099020 	5.385165 	65.145988 	37.536648 	46.615448 	999.000000 	45.694637 	5.000000 	63.906181 	30.000000 	112.361023 	95.801880 	123.166557 	4.472136 	3.000000 	48.754486 	38.600517 	4.000000 	63.694584 	90.271812 	52.325901 	117.345642 	
117.443604 	24.515301 	122.286552 	58.051701 	126.905479 	39.824615 	147.003403 	55.000000 	57.201397 	79.812279 	30.016663 	28.160255 	54.644306 	57.688820 	87.800911 	46.647614 	39.446167 	152.269501 	86.608315 	156.028839 	82.661964 	86.838928 	131.529465 	40.718548 	40.311287 	20.099751 	82.152298 	1.000000 	45.694637 	999.000000 	40.853397 	18.439089 	75.179787 	152.226807 	137.207870 	161.969131 	42.379242 	44.598206 	3.605551 	83.725746 	44.271889 	18.027756 	132.457535 	7.071068 	157.206863 	
84.581322 	34.205261 	89.000000 	24.515301 	92.660675 	12.206555 	114.039467 	18.973665 	20.615528 	42.201897 	41.785164 	43.011627 	17.464249 	19.723083 	49.678970 	9.219544 	6.403124 	118.595955 	48.166378 	122.588745 	43.863426 	48.104053 	95.210297 	2.236068 	1.414214 	60.440052 	42.520584 	41.785164 	5.000000 	40.853397 	999.000000 	59.135437 	35.000000 	117.046997 	100.603180 	127.769325 	2.236068 	4.000000 	43.863426 	43.600460 	4.123106 	58.872746 	95.131485 	47.423622 	122.036880 	
132.276230 	36.235340 	137.207870 	74.632431 	142.130219 	56.938564 	161.523987 	72.201111 	74.431175 	96.798759 	38.013157 	35.341194 	72.069412 	75.179787 	104.847511 	64.404968 	57.271286 	167.026947 	103.773796 	170.660477 	99.985001 	104.100914 	147.512711 	58.872746 	58.523499 	2.828427 	99.764725 	17.464249 	63.906181 	18.439089 	59.135437 	999.000000 	93.037628 	167.597733 	153.264481 	176.867188 	60.728905 	62.936478 	16.031219 	101.518471 	62.641838 	2.236068 	148.838837 	13.038404 	172.539856 	
56.435802 	62.169125 	60.016663 	23.194826 	62.361847 	36.687874 	84.202141 	22.203604 	20.099751 	13.341664 	67.268120 	69.462219 	21.587032 	18.439089 	17.464249 	28.635643 	35.777088 	87.920418 	15.524175 	92.027168 	11.180340 	14.866069 	62.609905 	34.669872 	35.227829 	94.021271 	8.062258 	76.059189 	30.000000 	75.179787 	35.000000 	93.037628 	999.000000 	85.000000 	67.601776 	96.384644 	34.058773 	31.890438 	78.390053 	8.602325 	32.557640 	93.021500 	61.587337 	81.987801 	89.899948 	
35.805027 	131.643463 	30.805843 	94.641426 	25.495098 	113.070778 	13.601471 	98.812958 	96.834908 	74.946648 	132.279999 	135.092560 	99.864906 	97.349884 	68.000000 	108.466583 	115.208504 	9.219544 	69.771057 	11.661903 	74.242844 	70.213959 	22.472204 	115.935326 	116.764717 	167.657394 	76.967529 	152.898666 	112.361023 	152.226807 	117.046997 	167.597733 	85.000000 	999.000000 	18.248287 	12.041595 	116.811813 	114.908661 	155.794739 	77.620872 	115.762688 	168.291412 	25.179358 	159.289047 	5.000000 	
26.172504 	117.800682 	22.000000 	79.195961 	16.031219 	97.590981 	24.166092 	82.879433 	80.808418 	58.412327 	119.268608 	122.036880 	83.737686 	81.055534 	51.039200 	92.314682 	99.247169 	24.331051 	52.697250 	28.160255 	57.140179 	53.000000 	5.830952 	99.639351 	100.424103 	153.525238 	59.539902 	137.931137 	95.801880 	137.207870 	100.603180 	153.264481 	67.601776 	18.248287 	999.000000 	30.265491 	100.209778 	98.229324 	140.730240 	59.933296 	99.045441 	153.808319 	7.000000 	144.277512 	22.803509 	
44.598206 	140.730240 	39.698868 	104.861816 	35.227829 	123.223373 	16.124516 	109.293182 	107.377838 	85.883644 	140.858078 	143.683685 	110.453613 	108.046288 	79.202271 	119.037811 	125.642349 	10.000000 	81.024689 	7.280110 	85.492691 	81.541397 	34.205261 	126.570137 	127.424484 	176.799316 	88.391174 	162.606888 	123.166557 	161.969131 	127.769325 	176.867188 	96.384644 	12.041595 	30.265491 	999.000000 	127.632286 	125.781555 	165.556641 	89.196411 	126.657021 	177.654160 	37.215588 	169.008881 	8.246211 	
84.693565 	36.400551 	89.050545 	25.179358 	92.590500 	14.212670 	114.061386 	19.416489 	20.880613 	41.880783 	44.011364 	45.221676 	17.720045 	19.697716 	49.203659 	10.000000 	8.485281 	118.532700 	47.634022 	122.543869 	43.278172 	47.507893 	94.868332 	4.242640 	3.605551 	62.096699 	41.725292 	43.324360 	4.472136 	42.379242 	2.236068 	60.728905 	34.058773 	116.811813 	100.209778 	127.632286 	999.000000 	2.236068 	45.310043 	42.638012 	2.000000 	60.406952 	94.641426 	48.846699 	121.794907 	
83.006027 	38.078865 	87.321243 	24.020824 	90.785461 	14.866069 	112.307610 	18.110771 	19.416489 	39.962482 	45.541191 	46.840153 	16.278820 	18.027756 	47.201694 	9.219544 	9.433981 	116.726173 	45.607018 	120.747673 	41.231056 	45.453274 	92.913940 	5.385165 	5.099020 	64.288414 	39.597980 	45.541191 	3.000000 	44.598206 	4.000000 	62.936478 	31.890438 	114.908661 	98.229324 	125.781555 	2.236068 	999.000000 	47.539455 	40.459858 	1.000000 	62.625874 	92.617493 	51.078373 	119.887444 	
121.037186 	27.892651 	125.876923 	61.554855 	130.483719 	43.278172 	150.602127 	58.412327 	60.605282 	83.240616 	33.015148 	31.016125 	58.008621 	61.032780 	91.214035 	49.929951 	42.720020 	155.862122 	90.000000 	159.624557 	86.023254 	90.210861 	135.059250 	43.829212 	43.382023 	18.027756 	85.440041 	3.162278 	48.754486 	3.605551 	43.863426 	16.031219 	78.390053 	155.794739 	140.730240 	165.556641 	45.310043 	47.539455 	999.000000 	86.954010 	47.169907 	15.297058 	135.948517 	3.605551 	160.776245 	
51.000000 	70.092796 	54.147945 	30.066593 	55.901699 	44.944408 	77.665955 	30.083218 	27.892651 	12.806249 	74.813103 	77.103828 	29.732138 	26.570660 	12.369317 	37.121422 	44.294468 	81.043198 	10.440307 	85.164543 	7.810250 	9.219544 	55.154327 	43.266617 	43.829212 	102.459747 	3.605551 	84.599052 	38.600517 	83.725746 	43.600460 	101.518471 	8.602325 	77.620872 	59.933296 	89.196411 	42.638012 	40.459858 	86.954010 	999.000000 	41.109608 	101.533249 	53.712196 	90.553848 	82.462112 	
83.934502 	38.327538 	88.238312 	25.019993 	91.678787 	15.556349 	113.216606 	19.104973 	20.396078 	40.816662 	45.880280 	47.127487 	17.262676 	18.973665 	48.010414 	10.198039 	10.000000 	117.618027 	46.400433 	121.642921 	42.011902 	46.227695 	93.744331 	5.830952 	5.385165 	64.031242 	40.311287 	45.221676 	4.000000 	44.271889 	4.123106 	62.641838 	32.557640 	115.762688 	99.045441 	126.657021 	2.000000 	1.000000 	47.169907 	41.109608 	999.000000 	62.297672 	93.407707 	50.695168 	120.739388 	
133.056381 	37.202152 	137.974640 	75.000000 	142.842575 	57.140179 	162.373032 	72.401657 	74.625732 	97.082436 	39.395432 	36.769554 	72.201111 	75.292763 	105.118980 	64.412735 	57.245087 	167.836227 	104.009613 	171.493439 	100.169853 	104.307236 	148.070923 	58.694122 	58.309521 	5.000000 	99.849884 	17.088007 	63.694584 	18.027756 	58.872746 	2.236068 	93.021500 	168.291412 	153.808319 	177.654160 	60.406952 	62.625874 	15.297058 	101.533249 	62.297672 	999.000000 	149.305054 	12.041595 	173.242599 	
26.305893 	113.718948 	23.086792 	74.411018 	17.888544 	92.698433 	30.675724 	77.781746 	75.663727 	53.075417 	115.602768 	118.338501 	78.517517 	75.742989 	45.453274 	87.045967 	94.069122 	31.257000 	47.010635 	35.128338 	51.400391 	47.201694 	6.403124 	94.260277 	95.015785 	149.201202 	53.535034 	133.206604 	90.271812 	132.457535 	95.131485 	148.838837 	61.587337 	25.179358 	7.000000 	37.215588 	94.641426 	92.617493 	135.948517 	53.712196 	93.407707 	149.305054 	999.000000 	139.517029 	29.614185 	
124.470879 	30.675724 	129.321304 	65.115280 	133.958954 	46.861500 	154.012985 	62.008064 	64.202805 	86.833176 	35.227829 	33.060551 	61.611687 	64.637451 	94.810333 	53.535034 	46.324940 	159.298462 	93.600212 	163.049072 	89.627007 	93.813644 	138.600143 	47.413078 	46.957428 	15.297058 	89.044930 	6.403124 	52.325901 	7.071068 	47.423622 	13.038404 	81.987801 	159.289047 	144.277512 	169.008881 	48.846699 	51.078373 	3.605551 	90.553848 	50.695168 	12.041595 	139.517029 	999.000000 	164.268066 	
40.607880 	136.561340 	35.608986 	99.639351 	30.413813 	118.067780 	16.000000 	103.812332 	101.833199 	79.924965 	137.131317 	139.946411 	104.861816 	102.342560 	72.945183 	113.463654 	120.208153 	10.198039 	74.706093 	10.816654 	79.177017 	75.133217 	27.313000 	120.929733 	121.757957 	172.586212 	81.859634 	157.876541 	117.345642 	157.206863 	122.036880 	172.539856 	89.899948 	5.000000 	22.803509 	8.246211 	121.794907 	119.887444 	160.776245 	82.462112 	120.739388 	173.242599 	29.614185 	164.268066 	999.000000 	

Travel time:
9.000000 	2.404163 	0.125000 	1.522539 	0.269258 	1.976898 	0.742041 	1.643548 	1.599414 	1.103687 	2.413504 	2.483948 	1.677982 	1.625000 	0.977880 	1.889610 	2.047101 	0.870704 	1.027740 	0.965013 	1.131923 	1.051190 	0.525000 	2.079814 	2.102380 	3.305772 	1.227294 	2.951694 	2.005773 	2.936090 	2.114533 	3.306906 	1.410895 	0.895126 	0.654313 	1.114955 	2.117339 	2.075151 	3.025930 	1.275000 	2.098362 	3.326410 	0.657647 	3.111772 	1.015197 	
2.404163 	9.000000 	2.527969 	1.021335 	2.653771 	0.650481 	3.132990 	1.000625 	1.055047 	1.578963 	0.212132 	0.223607 	1.015197 	1.093446 	1.779396 	0.875000 	0.731864 	3.271563 	1.759616 	3.361733 	1.676678 	1.773415 	2.800112 	0.818917 	0.824621 	0.901734 	1.693000 	0.618466 	0.937083 	0.612882 	0.855132 	0.905883 	1.554228 	3.291087 	2.945017 	3.518256 	0.910014 	0.951972 	0.697316 	1.752320 	0.958188 	0.930054 	2.842974 	0.766893 	3.414033 	
0.125000 	2.527969 	9.000000 	1.637834 	0.152069 	2.094039 	0.626498 	1.755883 	1.710629 	1.202081 	2.538331 	2.608759 	1.788854 	1.733854 	1.064483 	2.001562 	2.161308 	0.750000 	1.113833 	0.845946 	1.220912 	1.134956 	0.431567 	2.191461 	2.213736 	3.429468 	1.311726 	3.072967 	2.114533 	3.057164 	2.225000 	3.430197 	1.500417 	0.770146 	0.550000 	0.992472 	2.226264 	2.183031 	3.146923 	1.353699 	2.205958 	3.449366 	0.577170 	3.233033 	0.890225 	
1.522539 	1.021335 	1.637834 	9.000000 	1.740869 	0.460977 	2.263846 	0.152069 	0.145774 	0.559017 	1.122776 	1.182423 	0.206155 	0.215058 	0.760345 	0.382426 	0.525595 	2.385372 	0.738664 	2.483068 	0.656220 	0.752080 	1.838818 	0.570088 	0.594243 	1.879162 	0.682367 	1.469906 	0.525595 	1.451293 	0.612882 	1.865811 	0.579871 	2.366036 	1.979899 	2.621545 	0.629484 	0.600521 	1.538871 	0.751665 	0.625500 	1.875000 	1.860276 	1.627882 	2.490984 	
0.269258 	2.653771 	0.152069 	1.740869 	9.000000 	2.200142 	0.546008 	1.852363 	1.805028 	1.276959 	2.670674 	2.740894 	1.882319 	1.823630 	1.123054 	2.096575 	2.260669 	0.648556 	1.171004 	0.749166 	1.281113 	1.188486 	0.292617 	2.285416 	2.307054 	3.554311 	1.364276 	3.189044 	2.202981 	3.172637 	2.316517 	3.553256 	1.559046 	0.637377 	0.400780 	0.880696 	2.314763 	2.269637 	3.262093 	1.397542 	2.291970 	3.571064 	0.447214 	3.348974 	0.760345 	
1.976898 	0.650481 	2.094039 	0.460977 	2.200142 	9.000000 	2.718915 	0.381608 	0.437321 	1.000000 	0.809707 	0.853302 	0.380789 	0.459619 	1.200260 	0.226385 	0.145774 	2.842974 	1.171804 	2.939919 	1.076162 	1.179248 	2.299185 	0.250000 	0.270416 	1.442654 	1.073837 	1.015197 	0.325960 	0.995615 	0.305164 	1.423464 	0.917197 	2.826769 	2.439775 	3.080584 	0.355317 	0.371652 	1.081954 	1.123610 	0.388909 	1.428504 	2.317461 	1.171538 	2.951694 	
0.742041 	3.132990 	0.626498 	2.263846 	0.546008 	2.718915 	9.000000 	2.382357 	2.336932 	1.820028 	3.129397 	3.200098 	2.415057 	2.359290 	1.669019 	2.627975 	2.787696 	0.158114 	1.717010 	0.230489 	1.827054 	1.734395 	0.637377 	2.817801 	2.840004 	4.034383 	1.910007 	3.690274 	2.739754 	3.675085 	2.850987 	4.038100 	2.105053 	0.340037 	0.604152 	0.403113 	2.851535 	2.807690 	3.765053 	1.941649 	2.830415 	4.059326 	0.766893 	3.850325 	0.400000 	
1.643548 	1.000625 	1.755883 	0.152069 	1.852363 	0.381608 	2.382357 	9.000000 	0.055902 	0.620987 	1.127497 	1.181630 	0.055902 	0.103078 	0.820061 	0.246221 	0.410031 	2.499625 	0.790569 	2.598557 	0.694622 	0.797653 	1.933423 	0.436606 	0.459619 	1.823630 	0.696419 	1.395081 	0.378319 	1.375000 	0.474342 	1.805028 	0.555090 	2.470324 	2.071986 	2.732330 	0.485412 	0.452769 	1.460308 	0.752080 	0.477624 	1.810041 	1.944544 	1.550202 	2.595308 	
1.599414 	1.055047 	1.710629 	0.145774 	1.805028 	0.437321 	2.336932 	0.055902 	9.000000 	0.566789 	1.179248 	1.234150 	0.079057 	0.070711 	0.765261 	0.291548 	0.460977 	2.452805 	0.735272 	2.552083 	0.638847 	0.742041 	1.882153 	0.480885 	0.503115 	1.879495 	0.640800 	1.450216 	0.412311 	1.430035 	0.515388 	1.860779 	0.502494 	2.420873 	2.020211 	2.684446 	0.522015 	0.485412 	1.515132 	0.697316 	0.509902 	1.865643 	1.891593 	1.605070 	2.545830 	
1.103687 	1.578963 	1.202081 	0.559017 	1.276959 	1.000000 	1.820028 	0.620987 	0.566789 	9.000000 	1.669019 	1.731509 	0.636396 	0.566789 	0.201556 	0.849264 	1.025305 	1.924188 	0.182003 	2.025617 	0.134629 	0.201556 	1.325236 	1.030776 	1.050297 	2.435416 	0.230489 	2.015099 	0.936082 	1.995307 	1.055047 	2.419969 	0.333542 	1.873666 	1.460308 	2.147091 	1.047020 	0.999062 	2.081015 	0.320156 	1.020416 	2.427061 	1.326885 	2.170829 	1.998124 	
2.413504 	0.212132 	2.538331 	1.122776 	2.670674 	0.809707 	3.129397 	1.127497 	1.179248 	1.669019 	9.000000 	0.070711 	1.150272 	1.226020 	1.865811 	1.035918 	0.910014 	3.272709 	1.851013 	3.359501 	1.776584 	1.868154 	2.836040 	1.004054 	1.012423 	0.930390 	1.804508 	0.750000 	1.116076 	0.750417 	1.044629 	0.950329 	1.681703 	3.307000 	2.981715 	3.521452 	1.100284 	1.138530 	0.825379 	1.870328 	1.147007 	0.984886 	2.890069 	0.880696 	3.428283 	
2.483948 	0.223607 	2.608759 	1.182423 	2.740894 	0.853302 	3.200098 	1.181630 	1.234150 	1.731509 	0.070711 	9.000000 	1.202341 	1.278916 	1.929054 	1.079641 	0.946375 	3.343370 	1.913439 	3.430197 	1.837457 	1.930026 	2.905275 	1.037123 	1.044031 	0.862047 	1.863129 	0.701783 	1.152443 	0.704006 	1.075291 	0.883530 	1.736555 	3.377314 	3.050922 	3.592092 	1.130542 	1.171004 	0.775403 	1.927596 	1.178187 	0.919239 	2.958462 	0.826514 	3.498660 	
1.677982 	1.015197 	1.788854 	0.206155 	1.882319 	0.380789 	2.415057 	0.055902 	0.079057 	0.636396 	1.150272 	1.202341 	9.000000 	0.079057 	0.832541 	0.215058 	0.388909 	2.530316 	0.800391 	2.629757 	0.700446 	0.805062 	1.956080 	0.403113 	0.425000 	1.822430 	0.693271 	1.386768 	0.333542 	1.366108 	0.436606 	1.801735 	0.539676 	2.496623 	2.093442 	2.761340 	0.443001 	0.406971 	1.450216 	0.743303 	0.431567 	1.805028 	1.962938 	1.540292 	2.621545 	
1.625000 	1.093446 	1.733854 	0.215058 	1.823630 	0.459619 	2.359290 	0.103078 	0.070711 	0.566789 	1.226020 	1.278916 	0.079057 	9.000000 	0.760345 	0.282843 	0.460977 	2.472094 	0.726722 	2.572086 	0.625000 	0.730154 	1.890106 	0.465027 	0.485412 	1.900658 	0.614919 	1.463087 	0.380789 	1.442220 	0.493077 	1.879495 	0.460977 	2.433747 	2.026388 	2.701157 	0.492443 	0.450694 	1.525820 	0.664266 	0.474342 	1.882319 	1.893575 	1.615936 	2.558564 	
0.977880 	1.779396 	1.064483 	0.760345 	1.123054 	1.200260 	1.669019 	0.820061 	0.765261 	0.201556 	1.865811 	1.929054 	0.832541 	0.760345 	9.000000 	1.043132 	1.220912 	1.764405 	0.050000 	1.866815 	0.158114 	0.079057 	1.144825 	1.220912 	1.239455 	2.636878 	0.250000 	2.215006 	1.120547 	2.195023 	1.241974 	2.621188 	0.436606 	1.700000 	1.275980 	1.980057 	1.230091 	1.180042 	2.280351 	0.309233 	1.200260 	2.627975 	1.136332 	2.370258 	1.823630 	
1.889610 	0.875000 	2.001562 	0.382426 	2.096575 	0.226385 	2.627975 	0.246221 	0.291548 	0.849264 	1.035918 	1.079641 	0.215058 	0.282843 	1.043132 	9.000000 	0.180278 	2.744312 	1.009022 	2.843524 	0.905883 	1.011496 	2.170829 	0.190394 	0.213600 	1.634778 	0.887764 	1.187697 	0.158114 	1.166190 	0.230489 	1.610124 	0.715891 	2.711665 	2.307867 	2.975945 	0.250000 	0.230489 	1.248249 	0.928036 	0.254951 	1.610318 	2.176149 	1.338376 	2.836591 	
2.047101 	0.731864 	2.161308 	0.525595 	2.260669 	0.145774 	2.787696 	0.410031 	0.460977 	1.025305 	0.910014 	0.946375 	0.388909 	0.460977 	1.220912 	0.180278 	9.000000 	2.907103 	1.187697 	3.005516 	1.085415 	1.190850 	2.343075 	0.106066 	0.125000 	1.457738 	1.068001 	1.007782 	0.206155 	0.986154 	0.160078 	1.431782 	0.894427 	2.880213 	2.481179 	3.141059 	0.212132 	0.235850 	1.068001 	1.107362 	0.250000 	1.431127 	2.351728 	1.158123 	3.005204 	
0.870704 	3.271563 	0.750000 	2.385372 	0.648556 	2.842974 	0.158114 	2.499625 	2.452805 	1.924188 	3.272709 	3.343370 	2.530316 	2.472094 	1.764405 	2.744312 	2.907103 	9.000000 	1.811249 	0.103078 	1.922401 	1.826369 	0.675463 	2.933428 	2.955186 	4.173278 	2.000156 	3.822385 	2.851535 	3.806737 	2.964899 	4.175673 	2.198010 	0.230489 	0.608276 	0.250000 	2.963317 	2.918154 	3.896553 	2.026080 	2.940451 	4.195906 	0.781425 	3.982461 	0.254951 	
1.027740 	1.759616 	1.113833 	0.738664 	1.171004 	1.171804 	1.717010 	0.790569 	0.735272 	0.182003 	1.851013 	1.913439 	0.800391 	0.726722 	0.050000 	1.009022 	1.187697 	1.811249 	9.000000 	1.913766 	0.111803 	0.035355 	1.187697 	1.184536 	1.202601 	2.611154 	0.200000 	2.185463 	1.081954 	2.165208 	1.204159 	2.594345 	0.388104 	1.744276 	1.317431 	2.025617 	1.190850 	1.140175 	2.250000 	0.261008 	1.160011 	2.600240 	1.175266 	2.340005 	1.867652 	
0.965013 	3.361733 	0.845946 	2.483068 	0.749166 	2.939919 	0.230489 	2.598557 	2.552083 	2.025617 	3.359501 	3.430197 	2.629757 	2.572086 	1.866815 	2.843524 	3.005516 	0.103078 	1.913766 	9.000000 	2.024846 	1.929054 	0.776611 	3.032841 	3.054709 	4.263288 	2.102974 	3.916152 	2.951800 	3.900721 	3.064719 	4.266512 	2.300679 	0.291548 	0.704006 	0.182003 	3.063597 	3.018692 	3.990614 	2.129114 	3.041073 	4.287336 	0.878208 	4.076227 	0.270416 	
1.131923 	1.676678 	1.220912 	0.656220 	1.281113 	1.076162 	1.827054 	0.694622 	0.638847 	0.134629 	1.776584 	1.837457 	0.700446 	0.625000 	0.158114 	0.905883 	1.085415 	1.922401 	0.111803 	2.024846 	9.000000 	0.106066 	1.299279 	1.078483 	1.096016 	2.518060 	0.111803 	2.087163 	0.973717 	2.066549 	1.096586 	2.499625 	0.279509 	1.856071 	1.428504 	2.137317 	1.081954 	1.030776 	2.150581 	0.195256 	1.050297 	2.504246 	1.285010 	2.240675 	1.979425 	
1.051190 	1.773415 	1.134956 	0.752080 	1.188486 	1.179248 	1.734395 	0.797653 	0.742041 	0.201556 	1.868154 	1.930026 	0.805062 	0.730154 	0.079057 	1.011496 	1.190850 	1.826369 	0.035355 	1.929054 	0.106066 	9.000000 	1.197132 	1.184536 	1.202081 	2.620234 	0.176777 	2.191461 	1.079641 	2.170973 	1.202601 	2.602523 	0.371652 	1.755349 	1.325000 	2.038535 	1.187697 	1.136332 	2.255271 	0.230489 	1.155692 	2.607681 	1.180042 	2.345341 	1.878330 	
0.525000 	2.800112 	0.431567 	1.838818 	0.292617 	2.299185 	0.637377 	1.933423 	1.882153 	1.325236 	2.836040 	2.905275 	1.956080 	1.890106 	1.144825 	2.170829 	2.343075 	0.675463 	1.187697 	0.776611 	1.299279 	1.197132 	9.000000 	2.355048 	2.375000 	3.693914 	1.364047 	3.306150 	2.261084 	3.288237 	2.380257 	3.687818 	1.565248 	0.561805 	0.145774 	0.855132 	2.371708 	2.322849 	3.376481 	1.378858 	2.343608 	3.701773 	0.160078 	3.465003 	0.682825 	
2.079814 	0.818917 	2.191461 	0.570088 	2.285416 	0.250000 	2.817801 	0.436606 	0.480885 	1.030776 	1.004054 	1.037123 	0.403113 	0.465027 	1.220912 	0.190394 	0.106066 	2.933428 	1.184536 	3.032841 	1.078483 	1.184536 	2.355048 	9.000000 	0.025000 	1.502082 	1.050297 	1.040733 	0.127475 	1.017964 	0.055902 	1.471819 	0.866747 	2.898383 	2.490984 	3.164253 	0.106066 	0.134629 	1.095730 	1.081665 	0.145774 	1.467353 	2.356507 	1.185327 	3.023243 	
2.102380 	0.824621 	2.213736 	0.594243 	2.307054 	0.270416 	2.840004 	0.459619 	0.503115 	1.050297 	1.012423 	1.044031 	0.425000 	0.485412 	1.239455 	0.213600 	0.125000 	2.955186 	1.202601 	3.054709 	1.096016 	1.202081 	2.375000 	0.025000 	9.000000 	1.494365 	1.065950 	1.030776 	0.134629 	1.007782 	0.035355 	1.463087 	0.880696 	2.919118 	2.510602 	3.185612 	0.090139 	0.127475 	1.084551 	1.095730 	0.134629 	1.457738 	2.375395 	1.173936 	3.043949 	
3.305772 	0.901734 	3.429468 	1.879162 	3.554311 	1.442654 	4.034383 	1.823630 	1.879495 	2.435416 	0.930390 	0.862047 	1.822430 	1.900658 	2.636878 	1.634778 	1.457738 	4.173278 	2.611154 	4.263288 	2.518060 	2.620234 	3.693914 	1.502082 	1.494365 	9.000000 	2.515577 	0.477624 	1.628650 	0.502494 	1.511001 	0.070711 	2.350532 	4.191435 	3.838131 	4.419983 	1.552418 	1.607210 	0.450694 	2.561494 	1.600781 	0.125000 	3.730030 	0.382426 	4.314655 	
1.227294 	1.693000 	1.311726 	0.682367 	1.364276 	1.073837 	1.910007 	0.696419 	0.640800 	0.230489 	1.804508 	1.863129 	0.693271 	0.614919 	0.250000 	0.887764 	1.068001 	2.000156 	0.200000 	2.102974 	0.111803 	0.176777 	1.364047 	1.050297 	1.065950 	2.515577 	9.000000 	2.075151 	0.938416 	2.053807 	1.063015 	2.494118 	0.201556 	1.924188 	1.488497 	2.209779 	1.043132 	0.989950 	2.136001 	0.090139 	1.007782 	2.496247 	1.338376 	2.226123 	2.046491 	
2.951694 	0.618466 	3.072967 	1.469906 	3.189044 	1.015197 	3.690274 	1.395081 	1.450216 	2.015099 	0.750000 	0.701783 	1.386768 	1.463087 	2.215006 	1.187697 	1.007782 	3.822385 	2.185463 	3.916152 	2.087163 	2.191461 	3.306150 	1.040733 	1.030776 	0.477624 	2.075151 	9.000000 	1.165386 	0.025000 	1.044629 	0.436606 	1.901480 	3.822467 	3.448278 	4.065172 	1.083109 	1.138530 	0.079057 	2.114976 	1.130542 	0.427200 	3.330165 	0.160078 	3.946913 	
2.005773 	0.937083 	2.114533 	0.525595 	2.202981 	0.325960 	2.739754 	0.378319 	0.412311 	0.936082 	1.116076 	1.152443 	0.333542 	0.380789 	1.120547 	0.158114 	0.206155 	2.851535 	1.081954 	2.951800 	0.973717 	1.079641 	2.261084 	0.127475 	0.134629 	1.628650 	0.938416 	1.165386 	9.000000 	1.142366 	0.125000 	1.597655 	0.750000 	2.809026 	2.395047 	3.079164 	0.111803 	0.075000 	1.218862 	0.965013 	0.100000 	1.592365 	2.256795 	1.308148 	2.933641 	
2.936090 	0.612882 	3.057164 	1.451293 	3.172637 	0.995615 	3.675085 	1.375000 	1.430035 	1.995307 	0.750417 	0.704006 	1.366108 	1.442220 	2.195023 	1.166190 	0.986154 	3.806737 	2.165208 	3.900721 	2.066549 	2.170973 	3.288237 	1.017964 	1.007782 	0.502494 	2.053807 	0.025000 	1.142366 	9.000000 	1.021335 	0.460977 	1.879495 	3.805670 	3.430197 	4.049228 	1.059481 	1.114955 	0.090139 	2.093144 	1.106797 	0.450694 	3.311438 	0.176777 	3.930171 	
2.114533 	0.855132 	2.225000 	0.612882 	2.316517 	0.305164 	2.850987 	0.474342 	0.515388 	1.055047 	1.044629 	1.075291 	0.436606 	0.493077 	1.241974 	0.230489 	0.160078 	2.964899 	1.204159 	3.064719 	1.096586 	1.202601 	2.380257 	0.055902 	0.035355 	1.511001 	1.063015 	1.044629 	0.125000 	1.021335 	9.000000 	1.478386 	0.875000 	2.926175 	2.515079 	3.194233 	0.055902 	0.100000 	1.096586 	1.090011 	0.103078 	1.471819 	2.378287 	1.185591 	3.050922 	
3.306906 	0.905883 	3.430197 	1.865811 	3.553256 	1.423464 	4.038100 	1.805028 	1.860779 	2.419969 	0.950329 	0.883530 	1.801735 	1.879495 	2.621188 	1.610124 	1.431782 	4.175673 	2.594345 	4.266512 	2.499625 	2.602523 	3.687818 	1.471819 	1.463087 	0.070711 	2.494118 	0.436606 	1.597655 	0.460977 	1.478386 	9.000000 	2.325941 	4.189943 	3.831612 	4.421679 	1.518223 	1.573412 	0.400780 	2.537962 	1.566046 	0.055902 	3.720971 	0.325960 	4.313497 	
1.410895 	1.554228 	1.500417 	0.579871 	1.559046 	0.917197 	2.105053 	0.555090 	0.502494 	0.333542 	1.681703 	1.736555 	0.539676 	0.460977 	0.436606 	0.715891 	0.894427 	2.198010 	0.388104 	2.300679 	0.279509 	0.371652 	1.565248 	0.866747 	0.880696 	2.350532 	0.201556 	1.901480 	0.750000 	1.879495 	0.875000 	2.325941 	9.000000 	2.125000 	1.690044 	2.409616 	0.851469 	0.797261 	1.959751 	0.215058 	0.813941 	2.325537 	1.539683 	2.049695 	2.247499 	
0.895126 	3.291087 	0.770146 	2.366036 	0.637377 	2.826769 	0.340037 	2.470324 	2.420873 	1.873666 	3.307000 	3.377314 	2.496623 	2.433747 	1.700000 	2.711665 	2.880213 	0.230489 	1.744276 	0.291548 	1.856071 	1.755349 	0.561805 	2.898383 	2.919118 	4.191435 	1.924188 	3.822467 	2.809026 	3.805670 	2.926175 	4.189943 	2.125000 	9.000000 	0.456207 	0.301040 	2.920295 	2.872716 	3.894868 	1.940522 	2.894067 	4.207285 	0.629484 	3.982226 	0.125000 	
0.654313 	2.945017 	0.550000 	1.979899 	0.400780 	2.439775 	0.604152 	2.071986 	2.020211 	1.460308 	2.981715 	3.050922 	2.093442 	2.026388 	1.275980 	2.307867 	2.481179 	0.608276 	1.317431 	0.704006 	1.428504 	1.325000 	0.145774 	2.490984 	2.510602 	3.838131 	1.488497 	3.448278 	2.395047 	3.430197 	2.515079 	3.831612 	1.690044 	0.456207 	9.000000 	0.756637 	2.505244 	2.455733 	3.518256 	1.498332 	2.476136 	3.845208 	0.175000 	3.606938 	0.570088 	
1.114955 	3.518256 	0.992472 	2.621545 	0.880696 	3.080584 	0.403113 	2.732330 	2.684446 	2.147091 	3.521452 	3.592092 	2.761340 	2.701157 	1.980057 	2.975945 	3.141059 	0.250000 	2.025617 	0.182003 	2.137317 	2.038535 	0.855132 	3.164253 	3.185612 	4.419983 	2.209779 	4.065172 	3.079164 	4.049228 	3.194233 	4.421679 	2.409616 	0.301040 	0.756637 	9.000000 	3.190807 	3.144539 	4.138916 	2.229910 	3.166425 	4.441354 	0.930390 	4.225222 	0.206155 	
2.117339 	0.910014 	2.226264 	0.629484 	2.314763 	0.355317 	2.851535 	0.485412 	0.522015 	1.047020 	1.100284 	1.130542 	0.443001 	0.492443 	1.230091 	0.250000 	0.212132 	2.963317 	1.190850 	3.063597 	1.081954 	1.187697 	2.371708 	0.106066 	0.090139 	1.552418 	1.043132 	1.083109 	0.111803 	1.059481 	0.055902 	1.518223 	0.851469 	2.920295 	2.505244 	3.190807 	9.000000 	0.055902 	1.132751 	1.065950 	0.050000 	1.510174 	2.366036 	1.221167 	3.044873 	
2.075151 	0.951972 	2.183031 	0.600521 	2.269637 	0.371652 	2.807690 	0.452769 	0.485412 	0.999062 	1.138530 	1.171004 	0.406971 	0.450694 	1.180042 	0.230489 	0.235850 	2.918154 	1.140175 	3.018692 	1.030776 	1.136332 	2.322849 	0.134629 	0.127475 	1.607210 	0.989950 	1.138530 	0.075000 	1.114955 	0.100000 	1.573412 	0.797261 	2.872716 	2.455733 	3.144539 	0.055902 	9.000000 	1.188486 	1.011496 	0.025000 	1.565647 	2.315437 	1.276959 	2.997186 	
