Total assets = 590
Number of asset nodes = 34

Distance:
999.000000 	57.306194 	13.601471 	4.000000 	56.302753 	44.384682 	42.941822 	43.046486 	9.055386 	41.880783 	4.472136 	40.224369 	57.688820 	12.000000 	10.198039 	59.203041 	9.848858 	11.401754 	13.152946 	14.142136 	12.041595 	17.029387 	13.416408 	14.764823 	16.155495 	28.284271 	31.575306 	29.732138 	30.675724 	32.015621 	35.227829 	33.241539 	33.955853 	37.215588 	36.878178 	37.854988 	33.015148 	38.209946 	38.948685 	38.897301 	39.051247 	41.868843 	43.139309 	43.185646 	43.863426 	45.453274 	
57.306194 	999.000000 	70.830788 	60.827625 	4.242640 	96.176918 	96.208107 	97.000000 	63.007935 	96.426140 	54.918121 	95.131485 	4.472136 	68.029404 	65.391129 	8.544003 	63.694584 	65.924202 	68.154236 	69.079666 	62.297672 	72.235725 	65.787537 	66.407829 	68.622154 	81.608826 	83.934502 	80.049988 	81.024689 	83.432610 	88.323273 	84.172440 	85.375641 	90.249657 	88.294960 	89.269257 	69.007248 	76.000000 	79.025314 	78.006409 	75.026665 	82.006096 	81.024689 	79.101204 	80.099937 	79.309517 	
13.601471 	70.830788 	999.000000 	10.630146 	69.892776 	33.541019 	31.320919 	31.016125 	10.049875 	29.546574 	16.155495 	27.730848 	71.281136 	8.062258 	10.049875 	72.801102 	12.165525 	11.000000 	10.198039 	10.440307 	16.124516 	10.816654 	14.035668 	15.132746 	14.560220 	20.808653 	24.413111 	24.758837 	25.455845 	25.612497 	26.832815 	27.018513 	27.202942 	28.635643 	29.681644 	30.528675 	35.902645 	39.000000 	38.470768 	38.910152 	40.496914 	40.816662 	42.941822 	43.863426 	44.283180 	46.615448 	
4.000000 	60.827625 	10.630146 	999.000000 	59.682495 	43.011627 	41.231056 	41.146080 	9.486833 	39.824615 	8.246211 	38.078865 	61.057350 	8.000000 	6.324555 	62.425957 	6.403124 	7.615773 	9.219544 	10.198039 	9.433981 	13.038404 	10.000000 	11.401754 	12.529964 	24.331051 	27.658634 	26.000000 	26.925823 	28.160255 	31.257000 	29.410883 	30.083218 	33.241539 	32.984844 	33.955853 	30.886890 	35.608986 	36.069378 	36.124783 	36.619667 	38.897301 	40.360870 	40.607880 	41.231056 	43.011627 	
56.302753 	4.242640 	69.892776 	59.682495 	999.000000 	96.332756 	96.176918 	96.876213 	62.481998 	96.208107 	54.203320 	94.847244 	1.414214 	66.648331 	63.953106 	5.000000 	62.169125 	64.404968 	66.640831 	67.542580 	60.539242 	70.682388 	64.078079 	64.621979 	66.850578 	79.711983 	81.908485 	77.884529 	78.847954 	81.320351 	86.330757 	82.006096 	83.240616 	88.232651 	86.127815 	87.091904 	66.121101 	73.061615 	76.164299 	75.106590 	72.006943 	79.101204 	78.006409 	76.006577 	77.006493 	76.105194 	
44.384682 	96.176918 	33.541019 	43.011627 	96.332756 	999.000000 	4.242640 	6.403124 	35.777088 	8.485281 	44.294468 	10.000000 	97.744568 	41.303753 	43.566040 	100.124924 	45.705578 	44.407207 	43.185646 	43.104523 	49.648766 	42.000000 	47.265209 	48.166378 	47.042534 	46.324940 	49.040798 	52.172791 	52.392746 	50.960770 	48.466484 	52.201534 	51.546097 	49.244289 	52.554733 	52.924473 	68.029404 	69.584480 	68.066147 	68.883957 	71.449280 	69.634758 	72.367119 	73.979729 	74.148499 	76.941536 	
42.941822 	96.208107 	31.320919 	41.231056 	96.176918 	4.242640 	999.000000 	2.236068 	34.669872 	4.242640 	43.266617 	5.830952 	97.590981 	38.832977 	41.231056 	99.824844 	43.416588 	41.976185 	40.607880 	40.447498 	47.296936 	39.115215 	44.721359 	45.541191 	44.283180 	42.755116 	45.354160 	48.662102 	48.836460 	47.296936 	44.598206 	48.507732 	47.801674 	45.310043 	48.703182 	49.040798 	65.007690 	66.272163 	64.629715 	65.490456 	68.183578 	66.098412 	68.883957 	70.576202 	70.710678 	73.552704 	
43.046486 	97.000000 	31.016125 	41.146080 	96.876213 	6.403124 	2.236068 	999.000000 	35.000000 	2.236068 	43.600460 	4.123106 	98.290382 	38.327538 	40.804413 	100.448990 	43.011627 	41.484936 	40.024994 	39.812057 	46.840153 	38.327538 	44.147480 	44.911022 	43.566040 	41.436699 	43.931767 	47.381432 	47.518417 	45.891174 	43.011627 	47.074409 	46.324940 	43.657761 	47.127487 	47.434166 	64.070274 	65.122963 	63.387695 	64.280632 	67.067131 	64.776543 	67.601776 	69.354164 	69.462219 	72.339478 	
9.055386 	63.007935 	10.049875 	9.486833 	62.481998 	35.777088 	34.669872 	35.000000 	999.000000 	34.058773 	8.602325 	32.557640 	63.890530 	14.212670 	14.212670 	65.795135 	15.264338 	15.620500 	16.278820 	17.029387 	18.788294 	18.867962 	18.601076 	20.000000 	20.518284 	29.966648 	33.541019 	33.015148 	33.837849 	34.481880 	36.400551 	35.846897 	36.235340 	38.275318 	38.910152 	39.812057 	40.249222 	44.654228 	44.821869 	45.000000 	45.793011 	47.507893 	49.203659 	49.648766 	50.219517 	52.153618 	
41.880783 	96.426140 	29.546574 	39.824615 	96.208107 	8.485281 	4.242640 	2.236068 	34.058773 	999.000000 	42.638012 	2.000000 	97.621719 	36.687874 	39.217342 	99.704567 	41.436699 	39.849716 	38.327538 	38.078865 	45.221676 	36.496574 	42.449970 	43.174065 	41.773197 	39.319206 	41.773197 	45.276924 	45.398239 	43.737854 	40.804413 	44.911022 	44.147480 	41.436699 	44.922153 	45.221676 	62.128899 	63.071388 	61.294373 	62.201286 	65.030762 	62.649822 	65.490456 	67.268120 	67.364677 	70.256676 	
4.472136 	54.918121 	16.155495 	8.246211 	54.203320 	44.294468 	43.266617 	43.600460 	8.602325 	42.638012 	999.000000 	41.109608 	55.605755 	16.124516 	14.560220 	57.384666 	14.317822 	15.811388 	17.464249 	18.439089 	16.401220 	21.213203 	17.888544 	19.235384 	20.615528 	32.557640 	35.902645 	34.176014 	35.114101 	36.400551 	39.458839 	37.643059 	38.327538 	41.436699 	41.231056 	42.201897 	37.013512 	42.426407 	43.278172 	43.185646 	43.185646 	46.227695 	47.423622 	47.381432 	48.083260 	49.578220 	
40.224369 	95.131485 	27.730848 	38.078865 	94.847244 	10.000000 	5.830952 	4.123106 	32.557640 	2.000000 	41.109608 	999.000000 	96.260063 	34.785053 	37.336308 	98.290382 	39.560081 	37.947330 	36.400551 	36.138622 	43.324360 	34.525352 	40.521599 	41.231056 	39.812057 	37.336308 	39.812057 	43.289722 	43.416588 	41.773197 	38.897301 	42.953465 	42.201897 	39.560081 	43.011627 	43.324360 	60.133186 	61.073727 	59.304298 	60.207973 	63.031738 	60.671246 	63.505905 	65.276337 	65.375839 	68.264191 	
57.688820 	4.472136 	71.281136 	61.057350 	1.414214 	97.744568 	97.590981 	98.290382 	63.890530 	97.621719 	55.605755 	96.260063 	999.000000 	68.000000 	65.299309 	4.123106 	63.505905 	65.741920 	67.977936 	68.876701 	61.846584 	72.013885 	65.391129 	65.924202 	68.154236 	80.993828 	83.168503 	79.120163 	80.081207 	82.565125 	87.595665 	83.240616 	84.480766 	89.493019 	87.361320 	88.323273 	67.186310 	74.108032 	77.233414 	76.164299 	73.027390 	80.156097 	79.025314 	77.000000 	78.000000 	77.058418 	
12.000000 	68.029404 	8.062258 	8.000000 	66.648331 	41.303753 	38.832977 	38.327538 	14.212670 	36.687874 	16.124516 	34.785053 	68.000000 	999.000000 	2.828427 	69.115845 	5.000000 	3.162278 	2.236068 	2.828427 	8.544003 	5.099020 	6.000000 	7.071068 	6.708204 	16.492422 	19.924858 	18.867962 	19.723083 	20.615528 	23.345236 	21.931713 	22.472204 	25.317978 	25.298222 	26.248810 	27.892651 	31.304953 	31.064449 	31.384710 	32.695564 	33.600594 	35.510563 	36.235340 	36.715118 	38.910152 	
10.198039 	65.391129 	10.049875 	6.324555 	63.953106 	43.566040 	41.231056 	40.804413 	14.212670 	39.217342 	14.560220 	37.336308 	65.299309 	2.828427 	999.000000 	66.370171 	2.236068 	1.414214 	3.000000 	4.000000 	6.082763 	7.071068 	4.472136 	5.830952 	6.403124 	18.110771 	21.377558 	19.697716 	20.615528 	21.840330 	25.079872 	23.086792 	23.769728 	27.073973 	26.683329 	27.658634 	26.570660 	30.528675 	30.610456 	30.805843 	31.764761 	33.301651 	35.000000 	35.510563 	36.055511 	38.078865 	
59.203041 	8.544003 	72.801102 	62.425957 	5.000000 	100.124924 	99.824844 	100.448990 	65.795135 	99.704567 	57.384666 	98.290382 	4.123106 	69.115845 	66.370171 	999.000000 	64.498062 	66.730804 	68.963760 	69.835518 	62.609905 	72.945183 	66.189125 	66.640831 	68.876701 	81.541397 	83.570328 	79.378838 	80.324341 	82.873398 	88.022728 	83.486526 	84.758484 	89.888817 	87.595665 	88.543777 	66.610809 	73.437050 	76.655075 	75.538071 	72.249565 	79.511009 	78.230431 	76.105194 	77.103828 	76.006577 	
9.848858 	63.694584 	12.165525 	6.403124 	62.169125 	45.705578 	43.416588 	43.011627 	15.264338 	41.436699 	14.317822 	39.560081 	63.505905 	5.000000 	2.236068 	64.498062 	999.000000 	2.236068 	4.472136 	5.385165 	4.000000 	8.544003 	3.605551 	5.000000 	6.324555 	19.000000 	22.090721 	19.924858 	20.880613 	22.360680 	26.000000 	23.537205 	24.331051 	28.000000 	27.294687 	28.284271 	25.079872 	29.410883 	29.732138 	29.832869 	30.528675 	32.526913 	34.058773 	34.409302 	35.000000 	36.891735 	
11.401754 	65.924202 	11.000000 	7.615773 	64.404968 	44.407207 	41.976185 	41.484936 	15.620500 	39.849716 	15.811388 	37.947330 	65.741920 	3.162278 	1.414214 	66.730804 	2.236068 	999.000000 	2.236068 	3.162278 	5.385165 	6.324555 	3.162278 	4.472136 	5.000000 	17.029387 	20.223749 	18.384777 	19.313208 	20.615528 	24.020824 	21.840330 	22.561028 	26.019224 	25.495098 	26.476404 	25.298222 	29.154760 	29.206163 	29.410883 	30.413813 	31.890438 	33.600594 	34.132095 	34.669872 	36.715118 	
13.152946 	68.154236 	10.198039 	9.219544 	66.640831 	43.185646 	40.607880 	40.024994 	16.278820 	38.327538 	17.464249 	36.400551 	67.977936 	2.236068 	3.000000 	68.963760 	4.472136 	2.236068 	999.000000 	1.000000 	7.211102 	4.123106 	4.123106 	5.000000 	4.472136 	15.132746 	18.439089 	17.000000 	17.888544 	18.973665 	22.090721 	20.248457 	20.880613 	24.083189 	23.769728 	24.738634 	25.709921 	29.068884 	28.844410 	29.154760 	30.463093 	31.400637 	33.286633 	34.000000 	34.481880 	36.674240 	
14.142136 	69.079666 	10.440307 	10.198039 	67.542580 	43.104523 	40.447498 	39.812057 	17.029387 	38.078865 	18.439089 	36.138622 	68.876701 	2.828427 	4.000000 	69.835518 	5.385165 	3.162278 	1.000000 	999.000000 	7.810250 	3.162278 	4.472136 	5.099020 	4.123106 	14.142136 	17.464249 	16.124516 	17.000000 	18.027756 	21.095022 	19.313208 	19.924858 	23.086792 	22.803509 	23.769728 	25.495098 	28.635643 	28.301943 	28.653097 	30.083218 	30.805843 	32.756680 	33.541019 	34.000000 	36.249138 	
12.041595 	62.297672 	16.124516 	9.433981 	60.539242 	49.648766 	47.296936 	46.840153 	18.788294 	45.221676 	16.401220 	43.324360 	61.846584 	8.544003 	6.082763 	62.609905 	4.000000 	5.385165 	7.211102 	7.810250 	999.000000 	10.630146 	3.605551 	4.123106 	6.324555 	19.416489 	22.090721 	19.104973 	20.099751 	22.000000 	26.305893 	23.021729 	24.000000 	28.284271 	27.000000 	28.000000 	21.470911 	26.248810 	26.907248 	26.870058 	27.202942 	29.832869 	31.112698 	31.240999 	31.890438 	33.600594 	
17.029387 	72.235725 	10.816654 	13.038404 	70.682388 	42.000000 	39.115215 	38.327538 	18.867962 	36.496574 	21.213203 	34.525352 	72.013885 	5.099020 	7.071068 	72.945183 	8.544003 	6.324555 	4.123106 	3.162278 	10.630146 	999.000000 	7.071068 	7.211102 	5.385165 	11.401754 	14.866069 	14.212670 	15.000000 	15.652476 	18.248287 	17.000000 	17.464249 	20.223749 	20.248457 	21.189621 	26.076809 	28.460499 	27.730848 	28.231188 	30.083218 	30.016663 	32.202484 	33.241539 	33.615471 	36.055511 	
13.416408 	65.787537 	14.035668 	10.000000 	64.078079 	47.265209 	44.721359 	44.147480 	18.601076 	42.449970 	17.888544 	40.521599 	65.391129 	6.000000 	4.472136 	66.189125 	3.605551 	3.162278 	4.123106 	4.472136 	3.605551 	7.071068 	999.000000 	1.414214 	3.000000 	16.124516 	19.000000 	16.492422 	17.464249 	19.104973 	23.086792 	20.223749 	21.095022 	25.079872 	24.083189 	25.079872 	22.135944 	26.076809 	26.248810 	26.400757 	27.294687 	29.000000 	30.610456 	31.064449 	31.622776 	33.615471 	
14.764823 	66.407829 	15.132746 	11.401754 	64.621979 	48.166378 	45.541191 	44.911022 	20.000000 	43.174065 	19.235384 	41.231056 	65.924202 	7.071068 	5.830952 	66.640831 	5.000000 	4.472136 	5.000000 	5.099020 	4.123106 	7.211102 	1.414214 	999.000000 	2.236068 	15.297058 	18.027756 	15.297058 	16.278820 	18.027756 	22.203604 	19.104973 	20.024984 	24.186773 	23.021729 	24.020824 	20.880613 	24.698177 	24.839485 	25.000000 	25.942244 	27.586229 	29.206163 	29.681644 	30.232433 	32.249031 	
16.155495 	68.622154 	14.560220 	12.529964 	66.850578 	47.042534 	44.283180 	43.566040 	20.518284 	41.773197 	20.615528 	39.812057 	68.154236 	6.708204 	6.403124 	68.876701 	6.324555 	5.000000 	4.472136 	4.123106 	6.324555 	5.385165 	3.000000 	2.236068 	999.000000 	13.152946 	16.000000 	13.601471 	14.560220 	16.124516 	20.099751 	17.262676 	18.110771 	22.090721 	21.095022 	22.090721 	21.377558 	24.596748 	24.413111 	24.698177 	26.000000 	27.018513 	28.844410 	29.529646 	30.016663 	32.202484 	
28.284271 	81.608826 	20.808653 	24.331051 	79.711983 	46.324940 	42.755116 	41.436699 	29.966648 	39.319206 	32.557640 	37.336308 	80.993828 	16.492422 	18.110771 	81.541397 	19.000000 	17.029387 	15.132746 	14.142136 	19.416489 	11.401754 	16.124516 	15.297058 	13.152946 	999.000000 	3.605551 	6.000000 	6.082763 	5.000000 	7.000000 	6.403124 	6.403124 	9.000000 	8.944272 	9.848858 	24.698177 	24.083189 	22.022715 	23.000000 	26.172504 	23.345236 	26.172504 	28.017851 	28.071337 	31.016125 	
31.575306 	83.934502 	24.413111 	27.658634 	81.908485 	49.040798 	45.354160 	43.931767 	33.541019 	41.773197 	35.902645 	39.812057 	83.168503 	19.924858 	21.377558 	83.570328 	22.090721 	20.223749 	18.439089 	17.464249 	22.090721 	14.866069 	19.000000 	18.027756 	16.000000 	3.605551 	999.000000 	5.000000 	4.472136 	2.000000 	4.472136 	3.162278 	2.828427 	6.324555 	5.385165 	6.324555 	24.186773 	22.561028 	20.099751 	21.213203 	24.738634 	21.023796 	24.000000 	26.076809 	26.019224 	29.068884 	
29.732138 	80.049988 	24.758837 	26.000000 	77.884529 	52.172791 	48.662102 	47.381432 	33.015148 	45.276924 	34.176014 	43.289722 	79.120163 	18.867962 	19.697716 	79.378838 	19.924858 	18.384777 	17.000000 	16.124516 	19.104973 	14.212670 	16.492422 	15.297058 	13.601471 	6.000000 	5.000000 	999.000000 	1.000000 	3.605551 	9.219544 	4.123106 	5.385165 	10.816654 	8.246211 	9.219544 	19.235384 	18.110771 	16.031219 	17.000000 	20.223749 	17.464249 	20.223749 	22.022715 	22.090721 	25.019993 	
30.675724 	81.024689 	25.455845 	26.925823 	78.847954 	52.392746 	48.836460 	47.518417 	33.837849 	45.398239 	35.114101 	43.416588 	80.081207 	19.723083 	20.615528 	80.324341 	20.880613 	19.313208 	17.888544 	17.000000 	20.099751 	15.000000 	17.464249 	16.278820 	14.560220 	6.082763 	4.472136 	1.000000 	999.000000 	2.828427 	8.485281 	3.162278 	4.472136 	10.000000 	7.280110 	8.246211 	19.723083 	18.248287 	16.000000 	17.029387 	20.396078 	17.262676 	20.099751 	22.000000 	22.022715 	25.000000 	
32.015621 	83.432610 	25.612497 	28.160255 	81.320351 	50.960770 	47.296936 	45.891174 	34.481880 	43.737854 	36.400551 	41.773197 	82.565125 	20.615528 	21.840330 	82.873398 	22.360680 	20.615528 	18.973665 	18.027756 	22.000000 	15.652476 	19.104973 	18.027756 	16.124516 	5.000000 	2.000000 	3.605551 	2.828427 	999.000000 	5.656854 	1.414214 	2.000000 	7.211102 	5.000000 	6.000000 	22.472204 	20.615528 	18.110771 	19.235384 	22.803509 	19.026299 	22.000000 	24.083189 	24.020824 	27.073973 	
35.227829 	88.323273 	26.832815 	31.257000 	86.330757 	48.466484 	44.598206 	43.011627 	36.400551 	40.804413 	39.458839 	38.897301 	87.595665 	23.345236 	25.079872 	88.022728 	26.000000 	24.020824 	22.090721 	21.095022 	26.305893 	18.248287 	23.086792 	22.203604 	20.099751 	7.000000 	4.472136 	9.219544 	8.485281 	5.656854 	999.000000 	5.830952 	4.472136 	2.000000 	4.123106 	4.472136 	28.017851 	25.632011 	22.803509 	24.041630 	27.856777 	23.194826 	26.305893 	28.635643 	28.442924 	31.575306 	
33.241539 	84.172440 	27.018513 	29.410883 	82.006096 	52.201534 	48.507732 	47.074409 	35.846897 	44.911022 	37.643059 	42.953465 	83.240616 	21.931713 	23.086792 	83.486526 	23.537205 	21.840330 	20.248457 	19.313208 	23.021729 	17.000000 	20.223749 	19.104973 	17.262676 	6.403124 	3.162278 	4.123106 	3.162278 	1.414214 	5.830952 	999.000000 	1.414214 	7.071068 	4.123106 	5.099020 	22.203604 	19.924858 	17.262676 	18.439089 	22.135944 	18.000000 	21.023796 	23.194826 	23.086792 	26.172504 	
33.955853 	85.375641 	27.202942 	30.083218 	83.240616 	51.546097 	47.801674 	46.324940 	36.235340 	44.147480 	38.327538 	42.201897 	84.480766 	22.472204 	23.769728 	84.758484 	24.331051 	22.561028 	20.880613 	19.924858 	24.000000 	17.464249 	21.095022 	20.024984 	18.110771 	6.403124 	2.828427 	5.385165 	4.472136 	2.000000 	4.472136 	1.414214 	999.000000 	5.656854 	3.000000 	4.000000 	23.600847 	21.189621 	18.439089 	19.646883 	23.409399 	19.026299 	22.090721 	24.331051 	24.186773 	27.294687 	
37.215588 	90.249657 	28.635643 	33.241539 	88.232651 	49.244289 	45.310043 	43.657761 	38.275318 	41.436699 	41.436699 	39.560081 	89.493019 	25.317978 	27.073973 	89.888817 	28.000000 	26.019224 	24.083189 	23.086792 	28.284271 	20.223749 	25.079872 	24.186773 	22.090721 	9.000000 	6.324555 	10.816654 	10.000000 	7.211102 	2.000000 	7.071068 	5.656854 	999.000000 	4.123106 	4.000000 	29.206163 	26.400757 	23.409399 	24.698177 	28.635643 	23.537205 	26.683329 	29.120440 	28.861740 	32.015621 	
36.878178 	88.294960 	29.681644 	32.984844 	86.127815 	52.554733 	48.703182 	47.127487 	38.910152 	44.922153 	41.231056 	43.011627 	87.361320 	25.298222 	26.683329 	87.595665 	27.294687 	25.495098 	23.769728 	22.803509 	27.000000 	20.248457 	24.083189 	23.021729 	21.095022 	8.944272 	5.385165 	8.246211 	7.280110 	5.000000 	4.123106 	4.123106 	3.000000 	4.123106 	999.000000 	1.000000 	25.495098 	22.360680 	19.313208 	20.615528 	24.596748 	19.416489 	22.561028 	25.000000 	24.738634 	27.892651 	
37.854988 	89.269257 	30.528675 	33.955853 	87.091904 	52.924473 	49.040798 	47.434166 	39.812057 	45.221676 	42.201897 	43.324360 	88.323273 	26.248810 	27.658634 	88.543777 	28.284271 	26.476404 	24.738634 	23.769728 	28.000000 	21.189621 	25.079872 	24.020824 	22.090721 	9.848858 	6.324555 	9.219544 	8.246211 	6.000000 	4.472136 	5.099020 	4.000000 	4.000000 	1.000000 	999.000000 	26.172504 	22.825424 	19.697716 	21.023796 	25.059929 	19.646883 	22.803509 	25.298222 	25.000000 	28.160255 	
33.015148 	69.007248 	35.902645 	30.886890 	66.121101 	68.029404 	65.007690 	64.070274 	40.249222 	62.128899 	37.013512 	60.133186 	67.186310 	27.892651 	26.570660 	66.610809 	25.079872 	25.298222 	25.709921 	25.495098 	21.470911 	26.076809 	22.135944 	20.880613 	21.377558 	24.698177 	24.186773 	19.235384 	19.723083 	22.472204 	28.017851 	22.203604 	23.600847 	29.206163 	25.495098 	26.172504 	999.000000 	7.071068 	10.049875 	9.000000 	6.708204 	13.000000 	12.369317 	11.180340 	12.083046 	12.806249 	
38.209946 	76.000000 	39.000000 	35.608986 	73.061615 	69.584480 	66.272163 	65.122963 	44.654228 	63.071388 	42.426407 	61.073727 	74.108032 	31.304953 	30.528675 	73.437050 	29.410883 	29.154760 	29.068884 	28.635643 	26.248810 	28.460499 	26.076809 	24.698177 	24.596748 	24.083189 	22.561028 	18.110771 	18.248287 	20.615528 	25.632011 	19.924858 	21.189621 	26.400757 	22.360680 	22.825424 	7.071068 	999.000000 	3.605551 	2.236068 	2.236068 	6.082763 	5.385165 	5.000000 	5.656854 	7.615773 	
38.948685 	79.025314 	38.470768 	36.069378 	76.164299 	68.066147 	64.629715 	63.387695 	44.821869 	61.294373 	43.278172 	59.304298 	77.233414 	31.064449 	30.610456 	76.655075 	29.732138 	29.206163 	28.844410 	28.301943 	26.907248 	27.730848 	26.248810 	24.839485 	24.413111 	22.022715 	20.099751 	16.031219 	16.000000 	18.110771 	22.803509 	17.262676 	18.439089 	23.409399 	19.313208 	19.697716 	10.049875 	3.605551 	999.000000 	1.414214 	5.656854 	3.162278 	4.472136 	6.000000 	6.082763 	9.000000 	
38.897301 	78.006409 	38.910152 	36.124783 	75.106590 	68.883957 	65.490456 	64.280632 	45.000000 	62.201286 	43.185646 	60.207973 	76.164299 	31.384710 	30.805843 	75.538071 	29.832869 	29.410883 	29.154760 	28.653097 	26.870058 	28.231188 	26.400757 	25.000000 	24.698177 	23.000000 	21.213203 	17.000000 	17.029387 	19.235384 	24.041630 	18.439089 	19.646883 	24.698177 	20.615528 	21.023796 	9.000000 	2.236068 	1.414214 	999.000000 	4.242640 	4.000000 	4.242640 	5.099020 	5.385165 	8.062258 	
39.051247 	75.026665 	40.496914 	36.619667 	72.006943 	71.449280 	68.183578 	67.067131 	45.793011 	65.030762 	43.185646 	63.031738 	73.027390 	32.695564 	31.764761 	72.249565 	30.528675 	30.413813 	30.463093 	30.083218 	27.202942 	30.083218 	27.294687 	25.942244 	26.000000 	26.172504 	24.738634 	20.223749 	20.396078 	22.803509 	27.856777 	22.135944 	23.409399 	28.635643 	24.596748 	25.059929 	6.708204 	2.236068 	5.656854 	4.242640 	999.000000 	7.615773 	6.000000 	4.472136 	5.385165 	6.403124 	
41.868843 	82.006096 	40.816662 	38.897301 	79.101204 	69.634758 	66.098412 	64.776543 	47.507893 	62.649822 	46.227695 	60.671246 	80.156097 	33.600594 	33.301651 	79.511009 	32.526913 	31.890438 	31.400637 	30.805843 	29.832869 	30.016663 	29.000000 	27.586229 	27.018513 	23.345236 	21.023796 	17.464249 	17.262676 	19.026299 	23.194826 	18.000000 	19.026299 	23.537205 	19.416489 	19.646883 	13.000000 	6.082763 	3.162278 	4.000000 	7.615773 	999.000000 	3.162278 	5.830952 	5.385165 	8.544003 	
43.139309 	81.024689 	42.941822 	40.360870 	78.006409 	72.367119 	68.883957 	67.601776 	49.203659 	65.490456 	47.423622 	63.505905 	79.025314 	35.510563 	35.000000 	78.230431 	34.058773 	33.600594 	33.286633 	32.756680 	31.112698 	32.202484 	30.610456 	29.206163 	28.844410 	26.172504 	24.000000 	20.223749 	20.099751 	22.000000 	26.305893 	21.023796 	22.090721 	26.683329 	22.561028 	22.803509 	12.369317 	5.385165 	4.472136 	4.242640 	6.000000 	3.162278 	999.000000 	2.828427 	2.236068 	5.385165 	
43.185646 	79.101204 	43.863426 	40.607880 	76.006577 	73.979729 	70.576202 	69.354164 	49.648766 	67.268120 	47.381432 	65.276337 	77.000000 	36.235340 	35.510563 	76.105194 	34.409302 	34.132095 	34.000000 	33.541019 	31.240999 	33.241539 	31.064449 	29.681644 	29.529646 	28.017851 	26.076809 	22.022715 	22.000000 	24.083189 	28.635643 	23.194826 	24.331051 	29.120440 	25.000000 	25.298222 	11.180340 	5.000000 	6.000000 	5.099020 	4.472136 	5.830952 	2.828427 	999.000000 	1.000000 	3.000000 	
43.863426 	80.099937 	44.283180 	41.231056 	77.006493 	74.148499 	70.710678 	69.462219 	50.219517 	67.364677 	48.083260 	65.375839 	78.000000 	36.715118 	36.055511 	77.103828 	35.000000 	34.669872 	34.481880 	34.000000 	31.890438 	33.615471 	31.622776 	30.232433 	30.016663 	28.071337 	26.019224 	22.090721 	22.022715 	24.020824 	28.442924 	23.086792 	24.186773 	28.861740 	24.738634 	25.000000 	12.083046 	5.656854 	6.082763 	5.385165 	5.385165 	5.385165 	2.236068 	1.000000 	999.000000 	3.162278 	
45.453274 	79.309517 	46.615448 	43.011627 	76.105194 	76.941536 	73.552704 	72.339478 	52.153618 	70.256676 	49.578220 	68.264191 	77.058418 	38.910152 	38.078865 	76.006577 	36.891735 	36.715118 	36.674240 	36.249138 	33.600594 	36.055511 	33.615471 	32.249031 	32.202484 	31.016125 	29.068884 	25.019993 	25.000000 	27.073973 	31.575306 	26.172504 	27.294687 	32.015621 	27.892651 	28.160255 	12.806249 	7.615773 	9.000000 	8.062258 	6.403124 	8.544003 	5.385165 	3.000000 	3.162278 	999.000000 	

Travel time:
9.000000 	1.432655 	0.340037 	0.100000 	1.407569 	1.109617 	1.073546 	1.076162 	0.226385 	1.047020 	0.111803 	1.005609 	1.442220 	0.300000 	0.254951 	1.480076 	0.246221 	0.285044 	0.328824 	0.353553 	0.301040 	0.425735 	0.335410 	0.369121 	0.403887 	0.707107 	0.789383 	0.743303 	0.766893 	0.800391 	0.880696 	0.831038 	0.848896 	0.930390 	0.921954 	0.946375 	0.825379 	0.955249 	0.973717 	0.972432 	0.976281 	1.046721 	1.078483 	1.079641 	1.096586 	1.136332 	
1.432655 	9.000000 	1.770770 	1.520691 	0.106066 	2.404423 	2.405203 	2.425000 	1.575198 	2.410654 	1.372953 	2.378287 	0.111803 	1.700735 	1.634778 	0.213600 	1.592365 	1.648105 	1.703856 	1.726992 	1.557442 	1.805893 	1.644688 	1.660196 	1.715554 	2.040221 	2.098362 	2.001250 	2.025617 	2.085815 	2.208082 	2.104311 	2.134391 	2.256241 	2.207374 	2.231731 	1.725181 	1.900000 	1.975633 	1.950160 	1.875667 	2.050152 	2.025617 	1.977530 	2.002498 	1.982738 	
0.340037 	1.770770 	9.000000 	0.265754 	1.747319 	0.838525 	0.783023 	0.775403 	0.251247 	0.738664 	0.403887 	0.693271 	1.782028 	0.201556 	0.251247 	1.820028 	0.304138 	0.275000 	0.254951 	0.261008 	0.403113 	0.270416 	0.350892 	0.378319 	0.364006 	0.520216 	0.610328 	0.618971 	0.636396 	0.640312 	0.670820 	0.675463 	0.680074 	0.715891 	0.742041 	0.763217 	0.897566 	0.975000 	0.961769 	0.972754 	1.012423 	1.020416 	1.073546 	1.096586 	1.107080 	1.165386 	
0.100000 	1.520691 	0.265754 	9.000000 	1.492062 	1.075291 	1.030776 	1.028652 	0.237171 	0.995615 	0.206155 	0.951972 	1.526434 	0.200000 	0.158114 	1.560649 	0.160078 	0.190394 	0.230489 	0.254951 	0.235850 	0.325960 	0.250000 	0.285044 	0.313249 	0.608276 	0.691466 	0.650000 	0.673146 	0.704006 	0.781425 	0.735272 	0.752080 	0.831038 	0.824621 	0.848896 	0.772172 	0.890225 	0.901734 	0.903120 	0.915492 	0.972432 	1.009022 	1.015197 	1.030776 	1.075291 	
1.407569 	0.106066 	1.747319 	1.492062 	9.000000 	2.408319 	2.404423 	2.421905 	1.562050 	2.405203 	1.355083 	2.371181 	0.035355 	1.666208 	1.598828 	0.125000 	1.554228 	1.610124 	1.666021 	1.688565 	1.513481 	1.767060 	1.601952 	1.615549 	1.671264 	1.992800 	2.047712 	1.947113 	1.971199 	2.033009 	2.158269 	2.050152 	2.081015 	2.205816 	2.153195 	2.177298 	1.653028 	1.826540 	1.904107 	1.877665 	1.800174 	1.977530 	1.950160 	1.900164 	1.925162 	1.902630 	
1.109617 	2.404423 	0.838525 	1.075291 	2.408319 	9.000000 	0.106066 	0.160078 	0.894427 	0.212132 	1.107362 	0.250000 	2.443614 	1.032594 	1.089151 	2.503123 	1.142639 	1.110180 	1.079641 	1.077613 	1.241219 	1.050000 	1.181630 	1.204159 	1.176063 	1.158123 	1.226020 	1.304320 	1.309819 	1.274019 	1.211662 	1.305038 	1.288652 	1.231107 	1.313868 	1.323112 	1.700735 	1.739612 	1.701654 	1.722099 	1.786232 	1.740869 	1.809178 	1.849493 	1.853712 	1.923538 	
1.073546 	2.405203 	0.783023 	1.030776 	2.404423 	0.106066 	9.000000 	0.055902 	0.866747 	0.106066 	1.081665 	0.145774 	2.439775 	0.970824 	1.030776 	2.495621 	1.085415 	1.049405 	1.015197 	1.011187 	1.182423 	0.977880 	1.118034 	1.138530 	1.107080 	1.068878 	1.133854 	1.216552 	1.220912 	1.182423 	1.114955 	1.212693 	1.195042 	1.132751 	1.217580 	1.226020 	1.625192 	1.656804 	1.615743 	1.637261 	1.704589 	1.652460 	1.722099 	1.764405 	1.767767 	1.838818 	
1.076162 	2.425000 	0.775403 	1.028652 	2.421905 	0.160078 	0.055902 	9.000000 	0.875000 	0.055902 	1.090011 	0.103078 	2.457260 	0.958188 	1.020110 	2.511225 	1.075291 	1.037123 	1.000625 	0.995301 	1.171004 	0.958188 	1.103687 	1.122776 	1.089151 	1.035918 	1.098294 	1.184536 	1.187960 	1.147279 	1.075291 	1.176860 	1.158123 	1.091444 	1.178187 	1.185854 	1.601757 	1.628074 	1.584692 	1.607016 	1.676678 	1.619414 	1.690044 	1.733854 	1.736555 	1.808487 	
0.226385 	1.575198 	0.251247 	0.237171 	1.562050 	0.894427 	0.866747 	0.875000 	9.000000 	0.851469 	0.215058 	0.813941 	1.597263 	0.355317 	0.355317 	1.644878 	0.381608 	0.390512 	0.406971 	0.425735 	0.469707 	0.471699 	0.465027 	0.500000 	0.512957 	0.749166 	0.838525 	0.825379 	0.845946 	0.862047 	0.910014 	0.896172 	0.905883 	0.956883 	0.972754 	0.995301 	1.006231 	1.116356 	1.120547 	1.125000 	1.144825 	1.187697 	1.230091 	1.241219 	1.255488 	1.303840 	
1.047020 	2.410654 	0.738664 	0.995615 	2.405203 	0.212132 	0.106066 	0.055902 	0.851469 	9.000000 	1.065950 	0.050000 	2.440543 	0.917197 	0.980434 	2.492614 	1.035918 	0.996243 	0.958188 	0.951972 	1.130542 	0.912414 	1.061249 	1.079352 	1.044330 	0.982980 	1.044330 	1.131923 	1.134956 	1.093446 	1.020110 	1.122776 	1.103687 	1.035918 	1.123054 	1.130542 	1.553222 	1.576785 	1.532359 	1.555032 	1.625769 	1.566246 	1.637261 	1.681703 	1.684117 	1.756417 	
0.111803 	1.372953 	0.403887 	0.206155 	1.355083 	1.107362 	1.081665 	1.090011 	0.215058 	1.065950 	9.000000 	1.027740 	1.390144 	0.403113 	0.364006 	1.434617 	0.357946 	0.395285 	0.436606 	0.460977 	0.410031 	0.530330 	0.447214 	0.480885 	0.515388 	0.813941 	0.897566 	0.854400 	0.877853 	0.910014 	0.986471 	0.941076 	0.958188 	1.035918 	1.030776 	1.055047 	0.925338 	1.060660 	1.081954 	1.079641 	1.079641 	1.155692 	1.185591 	1.184536 	1.202081 	1.239455 	
1.005609 	2.378287 	0.693271 	0.951972 	2.371181 	0.250000 	0.145774 	0.103078 	0.813941 	0.050000 	1.027740 	9.000000 	2.406502 	0.869626 	0.933408 	2.457260 	0.989002 	0.948683 	0.910014 	0.903466 	1.083109 	0.863134 	1.013040 	1.030776 	0.995301 	0.933408 	0.995301 	1.082243 	1.085415 	1.044330 	0.972432 	1.073837 	1.055047 	0.989002 	1.075291 	1.083109 	1.503330 	1.526843 	1.482607 	1.505199 	1.575794 	1.516781 	1.587648 	1.631908 	1.634396 	1.706605 	
1.442220 	0.111803 	1.782028 	1.526434 	0.035355 	2.443614 	2.439775 	2.457260 	1.597263 	2.440543 	1.390144 	2.406502 	9.000000 	1.700000 	1.632483 	0.103078 	1.587648 	1.643548 	1.699448 	1.721918 	1.546165 	1.800347 	1.634778 	1.648105 	1.703856 	2.024846 	2.079213 	1.978004 	2.002030 	2.064128 	2.189892 	2.081015 	2.112019 	2.237325 	2.184033 	2.208082 	1.679658 	1.852701 	1.930835 	1.904107 	1.825685 	2.003902 	1.975633 	1.925000 	1.950000 	1.926461 	
0.300000 	1.700735 	0.201556 	0.200000 	1.666208 	1.032594 	0.970824 	0.958188 	0.355317 	0.917197 	0.403113 	0.869626 	1.700000 	9.000000 	0.070711 	1.727896 	0.125000 	0.079057 	0.055902 	0.070711 	0.213600 	0.127475 	0.150000 	0.176777 	0.167705 	0.412311 	0.498121 	0.471699 	0.493077 	0.515388 	0.583631 	0.548293 	0.561805 	0.632949 	0.632456 	0.656220 	0.697316 	0.782624 	0.776611 	0.784618 	0.817389 	0.840015 	0.887764 	0.905883 	0.917878 	0.972754 	
0.254951 	1.634778 	0.251247 	0.158114 	1.598828 	1.089151 	1.030776 	1.020110 	0.355317 	0.980434 	0.364006 	0.933408 	1.632483 	0.070711 	9.000000 	1.659254 	0.055902 	0.035355 	0.075000 	0.100000 	0.152069 	0.176777 	0.111803 	0.145774 	0.160078 	0.452769 	0.534439 	0.492443 	0.515388 	0.546008 	0.626997 	0.577170 	0.594243 	0.676849 	0.667083 	0.691466 	0.664266 	0.763217 	0.765261 	0.770146 	0.794119 	0.832541 	0.875000 	0.887764 	0.901388 	0.951972 	
1.480076 	0.213600 	1.820028 	1.560649 	0.125000 	2.503123 	2.495621 	2.511225 	1.644878 	2.492614 	1.434617 	2.457260 	0.103078 	1.727896 	1.659254 	9.000000 	1.612452 	1.668270 	1.724094 	1.745888 	1.565248 	1.823630 	1.654728 	1.666021 	1.721918 	2.038535 	2.089258 	1.984471 	2.008109 	2.071835 	2.200568 	2.087163 	2.118962 	2.247221 	2.189892 	2.213594 	1.665270 	1.835926 	1.916377 	1.888452 	1.806239 	1.987775 	1.955761 	1.902630 	1.927596 	1.900164 	
0.246221 	1.592365 	0.304138 	0.160078 	1.554228 	1.142639 	1.085415 	1.075291 	0.381608 	1.035918 	0.357946 	0.989002 	1.587648 	0.125000 	0.055902 	1.612452 	9.000000 	0.055902 	0.111803 	0.134629 	0.100000 	0.213600 	0.090139 	0.125000 	0.158114 	0.475000 	0.552268 	0.498121 	0.522015 	0.559017 	0.650000 	0.588430 	0.608276 	0.700000 	0.682367 	0.707107 	0.626997 	0.735272 	0.743303 	0.745822 	0.763217 	0.813173 	0.851469 	0.860233 	0.875000 	0.922293 	
0.285044 	1.648105 	0.275000 	0.190394 	1.610124 	1.110180 	1.049405 	1.037123 	0.390512 	0.996243 	0.395285 	0.948683 	1.643548 	0.079057 	0.035355 	1.668270 	0.055902 	9.000000 	0.055902 	0.079057 	0.134629 	0.158114 	0.079057 	0.111803 	0.125000 	0.425735 	0.505594 	0.459619 	0.482830 	0.515388 	0.600521 	0.546008 	0.564026 	0.650481 	0.637377 	0.661910 	0.632456 	0.728869 	0.730154 	0.735272 	0.760345 	0.797261 	0.840015 	0.853302 	0.866747 	0.917878 	
0.328824 	1.703856 	0.254951 	0.230489 	1.666021 	1.079641 	1.015197 	1.000625 	0.406971 	0.958188 	0.436606 	0.910014 	1.699448 	0.055902 	0.075000 	1.724094 	0.111803 	0.055902 	9.000000 	0.025000 	0.180278 	0.103078 	0.103078 	0.125000 	0.111803 	0.378319 	0.460977 	0.425000 	0.447214 	0.474342 	0.552268 	0.506211 	0.522015 	0.602080 	0.594243 	0.618466 	0.642748 	0.726722 	0.721110 	0.728869 	0.761577 	0.785016 	0.832166 	0.850000 	0.862047 	0.916856 	
0.353553 	1.726992 	0.261008 	0.254951 	1.688565 	1.077613 	1.011187 	0.995301 	0.425735 	0.951972 	0.460977 	0.903466 	1.721918 	0.070711 	0.100000 	1.745888 	0.134629 	0.079057 	0.025000 	9.000000 	0.195256 	0.079057 	0.111803 	0.127475 	0.103078 	0.353553 	0.436606 	0.403113 	0.425000 	0.450694 	0.527376 	0.482830 	0.498121 	0.577170 	0.570088 	0.594243 	0.637377 	0.715891 	0.707549 	0.716327 	0.752080 	0.770146 	0.818917 	0.838525 	0.850000 	0.906228 	
0.301040 	1.557442 	0.403113 	0.235850 	1.513481 	1.241219 	1.182423 	1.171004 	0.469707 	1.130542 	0.410031 	1.083109 	1.546165 	0.213600 	0.152069 	1.565248 	0.100000 	0.134629 	0.180278 	0.195256 	9.000000 	0.265754 	0.090139 	0.103078 	0.158114 	0.485412 	0.552268 	0.477624 	0.502494 	0.550000 	0.657647 	0.575543 	0.600000 	0.707107 	0.675000 	0.700000 	0.536773 	0.656220 	0.672681 	0.671751 	0.680074 	0.745822 	0.777817 	0.781025 	0.797261 	0.840015 	
0.425735 	1.805893 	0.270416 	0.325960 	1.767060 	1.050000 	0.977880 	0.958188 	0.471699 	0.912414 	0.530330 	0.863134 	1.800347 	0.127475 	0.176777 	1.823630 	0.213600 	0.158114 	0.103078 	0.079057 	0.265754 	9.000000 	0.176777 	0.180278 	0.134629 	0.285044 	0.371652 	0.355317 	0.375000 	0.391312 	0.456207 	0.425000 	0.436606 	0.505594 	0.506211 	0.529741 	0.651920 	0.711512 	0.693271 	0.705780 	0.752080 	0.750417 	0.805062 	0.831038 	0.840387 	0.901388 	
0.335410 	1.644688 	0.350892 	0.250000 	1.601952 	1.181630 	1.118034 	1.103687 	0.465027 	1.061249 	0.447214 	1.013040 	1.634778 	0.150000 	0.111803 	1.654728 	0.090139 	0.079057 	0.103078 	0.111803 	0.090139 	0.176777 	9.000000 	0.035355 	0.075000 	0.403113 	0.475000 	0.412311 	0.436606 	0.477624 	0.577170 	0.505594 	0.527376 	0.626997 	0.602080 	0.626997 	0.553399 	0.651920 	0.656220 	0.660019 	0.682367 	0.725000 	0.765261 	0.776611 	0.790569 	0.840387 	
0.369121 	1.660196 	0.378319 	0.285044 	1.615549 	1.204159 	1.138530 	1.122776 	0.500000 	1.079352 	0.480885 	1.030776 	1.648105 	0.176777 	0.145774 	1.666021 	0.125000 	0.111803 	0.125000 	0.127475 	0.103078 	0.180278 	0.035355 	9.000000 	0.055902 	0.382426 	0.450694 	0.382426 	0.406971 	0.450694 	0.555090 	0.477624 	0.500625 	0.604669 	0.575543 	0.600521 	0.522015 	0.617454 	0.620987 	0.625000 	0.648556 	0.689656 	0.730154 	0.742041 	0.755811 	0.806226 	
0.403887 	1.715554 	0.364006 	0.313249 	1.671264 	1.176063 	1.107080 	1.089151 	0.512957 	1.044330 	0.515388 	0.995301 	1.703856 	0.167705 	0.160078 	1.721918 	0.158114 	0.125000 	0.111803 	0.103078 	0.158114 	0.134629 	0.075000 	0.055902 	9.000000 	0.328824 	0.400000 	0.340037 	0.364006 	0.403113 	0.502494 	0.431567 	0.452769 	0.552268 	0.527376 	0.552268 	0.534439 	0.614919 	0.610328 	0.617454 	0.650000 	0.675463 	0.721110 	0.738241 	0.750417 	0.805062 	
0.707107 	2.040221 	0.520216 	0.608276 	1.992800 	1.158123 	1.068878 	1.035918 	0.749166 	0.982980 	0.813941 	0.933408 	2.024846 	0.412311 	0.452769 	2.038535 	0.475000 	0.425735 	0.378319 	0.353553 	0.485412 	0.285044 	0.403113 	0.382426 	0.328824 	9.000000 	0.090139 	0.150000 	0.152069 	0.125000 	0.175000 	0.160078 	0.160078 	0.225000 	0.223607 	0.246221 	0.617454 	0.602080 	0.550568 	0.575000 	0.654313 	0.583631 	0.654313 	0.700446 	0.701783 	0.775403 	
0.789383 	2.098362 	0.610328 	0.691466 	2.047712 	1.226020 	1.133854 	1.098294 	0.838525 	1.044330 	0.897566 	0.995301 	2.079213 	0.498121 	0.534439 	2.089258 	0.552268 	0.505594 	0.460977 	0.436606 	0.552268 	0.371652 	0.475000 	0.450694 	0.400000 	0.090139 	9.000000 	0.125000 	0.111803 	0.050000 	0.111803 	0.079057 	0.070711 	0.158114 	0.134629 	0.158114 	0.604669 	0.564026 	0.502494 	0.530330 	0.618466 	0.525595 	0.600000 	0.651920 	0.650481 	0.726722 	
0.743303 	2.001250 	0.618971 	0.650000 	1.947113 	1.304320 	1.216552 	1.184536 	0.825379 	1.131923 	0.854400 	1.082243 	1.978004 	0.471699 	0.492443 	1.984471 	0.498121 	0.459619 	0.425000 	0.403113 	0.477624 	0.355317 	0.412311 	0.382426 	0.340037 	0.150000 	0.125000 	9.000000 	0.025000 	0.090139 	0.230489 	0.103078 	0.134629 	0.270416 	0.206155 	0.230489 	0.480885 	0.452769 	0.400780 	0.425000 	0.505594 	0.436606 	0.505594 	0.550568 	0.552268 	0.625500 	
0.766893 	2.025617 	0.636396 	0.673146 	1.971199 	1.309819 	1.220912 	1.187960 	0.845946 	1.134956 	0.877853 	1.085415 	2.002030 	0.493077 	0.515388 	2.008109 	0.522015 	0.482830 	0.447214 	0.425000 	0.502494 	0.375000 	0.436606 	0.406971 	0.364006 	0.152069 	0.111803 	0.025000 	9.000000 	0.070711 	0.212132 	0.079057 	0.111803 	0.250000 	0.182003 	0.206155 	0.493077 	0.456207 	0.400000 	0.425735 	0.509902 	0.431567 	0.502494 	0.550000 	0.550568 	0.625000 	
0.800391 	2.085815 	0.640312 	0.704006 	2.033009 	1.274019 	1.182423 	1.147279 	0.862047 	1.093446 	0.910014 	1.044330 	2.064128 	0.515388 	0.546008 	2.071835 	0.559017 	0.515388 	0.474342 	0.450694 	0.550000 	0.391312 	0.477624 	0.450694 	0.403113 	0.125000 	0.050000 	0.090139 	0.070711 	9.000000 	0.141421 	0.035355 	0.050000 	0.180278 	0.125000 	0.150000 	0.561805 	0.515388 	0.452769 	0.480885 	0.570088 	0.475657 	0.550000 	0.602080 	0.600521 	0.676849 	
0.880696 	2.208082 	0.670820 	0.781425 	2.158269 	1.211662 	1.114955 	1.075291 	0.910014 	1.020110 	0.986471 	0.972432 	2.189892 	0.583631 	0.626997 	2.200568 	0.650000 	0.600521 	0.552268 	0.527376 	0.657647 	0.456207 	0.577170 	0.555090 	0.502494 	0.175000 	0.111803 	0.230489 	0.212132 	0.141421 	9.000000 	0.145774 	0.111803 	0.050000 	0.103078 	0.111803 	0.700446 	0.640800 	0.570088 	0.601041 	0.696419 	0.579871 	0.657647 	0.715891 	0.711073 	0.789383 	
0.831038 	2.104311 	0.675463 	0.735272 	2.050152 	1.305038 	1.212693 	1.176860 	0.896172 	1.122776 	0.941076 	1.073837 	2.081015 	0.548293 	0.577170 	2.087163 	0.588430 	0.546008 	0.506211 	0.482830 	0.575543 	0.425000 	0.505594 	0.477624 	0.431567 	0.160078 	0.079057 	0.103078 	0.079057 	0.035355 	0.145774 	9.000000 	0.035355 	0.176777 	0.103078 	0.127475 	0.555090 	0.498121 	0.431567 	0.460977 	0.553399 	0.450000 	0.525595 	0.579871 	0.577170 	0.654313 	
0.848896 	2.134391 	0.680074 	0.752080 	2.081015 	1.288652 	1.195042 	1.158123 	0.905883 	1.103687 	0.958188 	1.055047 	2.112019 	0.561805 	0.594243 	2.118962 	0.608276 	0.564026 	0.522015 	0.498121 	0.600000 	0.436606 	0.527376 	0.500625 	0.452769 	0.160078 	0.070711 	0.134629 	0.111803 	0.050000 	0.111803 	0.035355 	9.000000 	0.141421 	0.075000 	0.100000 	0.590021 	0.529741 	0.460977 	0.491172 	0.585235 	0.475657 	0.552268 	0.608276 	0.604669 	0.682367 	
0.930390 	2.256241 	0.715891 	0.831038 	2.205816 	1.231107 	1.132751 	1.091444 	0.956883 	1.035918 	1.035918 	0.989002 	2.237325 	0.632949 	0.676849 	2.247221 	0.700000 	0.650481 	0.602080 	0.577170 	0.707107 	0.505594 	0.626997 	0.604669 	0.552268 	0.225000 	0.158114 	0.270416 	0.250000 	0.180278 	0.050000 	0.176777 	0.141421 	9.000000 	0.103078 	0.100000 	0.730154 	0.660019 	0.585235 	0.617454 	0.715891 	0.588430 	0.667083 	0.728011 	0.721543 	0.800391 	
0.921954 	2.207374 	0.742041 	0.824621 	2.153195 	1.313868 	1.217580 	1.178187 	0.972754 	1.123054 	1.030776 	1.075291 	2.184033 	0.632456 	0.667083 	2.189892 	0.682367 	0.637377 	0.594243 	0.570088 	0.675000 	0.506211 	0.602080 	0.575543 	0.527376 	0.223607 	0.134629 	0.206155 	0.182003 	0.125000 	0.103078 	0.103078 	0.075000 	0.103078 	9.000000 	0.025000 	0.637377 	0.559017 	0.482830 	0.515388 	0.614919 	0.485412 	0.564026 	0.625000 	0.618466 	0.697316 	
0.946375 	2.231731 	0.763217 	0.848896 	2.177298 	1.323112 	1.226020 	1.185854 	0.995301 	1.130542 	1.055047 	1.083109 	2.208082 	0.656220 	0.691466 	2.213594 	0.707107 	0.661910 	0.618466 	0.594243 	0.700000 	0.529741 	0.626997 	0.600521 	0.552268 	0.246221 	0.158114 	0.230489 	0.206155 	0.150000 	0.111803 	0.127475 	0.100000 	0.100000 	0.025000 	9.000000 	0.654313 	0.570636 	0.492443 	0.525595 	0.626498 	0.491172 	0.570088 	0.632456 	0.625000 	0.704006 	
