Total assets = 629
Number of asset nodes = 33

Distance:
999.000000 	35.510563 	14.142136 	34.176014 	20.396078 	44.598206 	14.560220 	20.124611 	24.738634 	71.505241 	20.808653 	36.013885 	42.579338 	21.260292 	24.351591 	22.472204 	22.803509 	33.526108 	54.589375 	32.557640 	48.373547 	35.355339 	49.819675 	79.605278 	36.000000 	38.052597 	39.824615 	39.204590 	70.035706 	85.088188 	71.700768 	80.653580 	78.339005 	44.181442 	84.118965 	74.431175 	51.613953 	49.497475 	47.885281 	77.524193 	92.309265 	96.602280 	49.040798 	56.035702 	69.584480 	51.478149 	62.968246 	
35.510563 	999.000000 	26.400757 	7.280110 	25.079872 	12.649111 	42.011902 	30.463093 	25.709921 	37.013512 	33.615471 	18.973665 	16.970562 	35.846897 	56.639210 	45.650848 	47.507893 	29.068884 	26.400757 	43.737854 	30.805843 	44.283180 	33.837849 	44.384682 	62.649822 	65.368187 	50.249378 	67.230942 	39.623226 	50.289165 	41.976185 	47.265209 	46.000000 	68.154236 	50.487621 	45.354160 	50.447994 	54.230988 	61.400326 	48.052055 	57.567352 	61.326992 	66.287254 	53.450912 	48.010414 	79.177017 	50.219517 	
14.142136 	26.400757 	999.000000 	22.803509 	6.324555 	32.756680 	15.620500 	8.062258 	10.770329 	63.411354 	10.440307 	22.203604 	29.410883 	12.165525 	30.413813 	19.924858 	21.540659 	19.697716 	41.231056 	23.409399 	34.234486 	25.495098 	35.693138 	68.505478 	36.769554 	39.395432 	31.016125 	41.146080 	56.753853 	73.430237 	58.249462 	68.154236 	65.459915 	43.174065 	71.693794 	60.827625 	39.597980 	39.115215 	41.000000 	63.953106 	80.529495 	85.440041 	44.102154 	43.863426 	55.443665 	53.310413 	49.244289 	
34.176014 	7.280110 	22.803509 	999.000000 	20.000000 	10.440307 	38.209946 	25.238859 	19.697716 	41.677334 	28.301943 	11.704700 	11.180340 	30.528675 	53.150730 	40.804413 	42.801868 	22.000000 	22.360680 	37.363083 	24.083189 	37.656342 	27.018513 	45.793011 	57.688820 	60.464867 	43.566040 	62.425957 	37.000000 	50.990196 	39.051247 	46.572525 	44.553337 	62.609905 	50.000000 	42.190044 	43.174065 	47.095646 	54.744862 	45.099888 	58.180752 	62.769421 	59.908264 	46.173584 	42.544094 	74.094536 	43.416588 	
20.396078 	25.079872 	6.324555 	20.000000 	999.000000 	29.068884 	18.867962 	5.385165 	4.472136 	61.587337 	8.544003 	16.763054 	24.596748 	10.770329 	33.837849 	20.808653 	22.803509 	13.416408 	36.055511 	20.099751 	28.071337 	21.587032 	29.427877 	64.815125 	37.735924 	40.496914 	27.459061 	42.438190 	51.546097 	69.339745 	52.886673 	63.505905 	60.539242 	43.081318 	67.082039 	55.317268 	34.058773 	34.438351 	38.118237 	58.463665 	76.321686 	81.608826 	42.107006 	38.209946 	49.254440 	54.203320 	42.953465 	
44.598206 	12.649111 	32.756680 	10.440307 	29.068884 	999.000000 	47.801674 	33.941124 	27.658634 	34.785053 	36.796738 	15.231546 	8.000000 	38.948685 	62.801273 	49.517673 	51.623638 	26.925823 	13.892444 	43.829212 	21.840330 	43.462627 	25.000000 	35.805027 	66.068146 	68.883957 	49.040798 	70.936592 	27.166155 	40.706264 	29.427877 	36.138622 	34.234486 	70.178345 	39.560081 	32.756680 	45.000000 	50.487621 	60.083275 	35.510563 	47.853943 	52.697250 	65.924202 	47.169907 	36.124783 	82.200974 	40.718548 	
14.560220 	42.011902 	15.620500 	38.209946 	18.867962 	47.801674 	999.000000 	14.866069 	21.540659 	79.025314 	13.152946 	35.341194 	43.416588 	12.000000 	15.000000 	8.062258 	8.246211 	28.284271 	54.625999 	20.591261 	44.721359 	23.706539 	45.276924 	83.600243 	22.360680 	24.738634 	27.018513 	26.248810 	70.007141 	88.204308 	71.168816 	82.298241 	79.202271 	30.000000 	85.883644 	73.375748 	41.231056 	37.443291 	33.837849 	76.537575 	95.189285 	100.439034 	34.539833 	45.694637 	65.192024 	38.600517 	55.578773 	
20.124611 	30.463093 	8.062258 	25.238859 	5.385165 	33.941124 	14.866069 	999.000000 	6.708204 	66.887962 	3.162278 	20.591261 	28.844410 	5.385165 	29.529646 	15.620500 	17.691807 	14.035668 	39.812057 	15.524175 	30.149628 	17.464249 	31.000000 	69.526970 	32.449963 	35.227829 	23.086792 	37.202152 	55.154327 	73.817345 	56.302753 	67.601776 	64.404968 	37.696156 	71.196907 	58.523499 	31.890438 	31.064449 	33.376640 	61.684681 	80.709358 	86.214851 	37.013512 	36.235340 	51.000000 	48.877399 	43.011627 	
24.738634 	25.709921 	10.770329 	19.697716 	4.472136 	27.658634 	21.540659 	6.708204 	999.000000 	61.294373 	9.219544 	13.892444 	22.203604 	11.313708 	36.235340 	21.931713 	24.083189 	8.944272 	33.105892 	18.110771 	24.000000 	19.026299 	25.179358 	63.031738 	38.418747 	41.231056 	25.019993 	43.278172 	48.466484 	67.201187 	49.648766 	60.901562 	57.697487 	42.941822 	64.498062 	51.923019 	30.000000 	31.016125 	36.013885 	55.081757 	74.060783 	79.649231 	40.607880 	34.058773 	45.099888 	54.644306 	38.483765 	
71.505241 	37.013512 	63.411354 	41.677334 	61.587337 	34.785053 	79.025314 	66.887962 	61.294373 	999.000000 	69.971420 	49.979996 	42.449970 	72.201111 	93.605553 	82.377182 	84.314888 	61.684681 	40.012497 	78.390053 	54.230988 	78.185677 	57.140179 	21.633308 	99.322708 	102.083298 	83.815269 	104.009613 	39.395432 	28.653097 	42.047592 	33.941124 	37.013512 	104.235313 	34.828148 	45.177429 	78.771820 	84.929382 	94.868332 	45.793011 	34.176014 	33.241539 	100.657837 	80.305664 	59.203041 	115.762688 	70.256676 	
20.808653 	33.615471 	10.440307 	28.301943 	8.544003 	36.796738 	13.152946 	3.162278 	9.219544 	69.971420 	999.000000 	23.021729 	31.400637 	2.236068 	27.313000 	12.727922 	14.866069 	15.132746 	42.059483 	13.000000 	31.575306 	15.264338 	32.140316 	72.249565 	29.410883 	32.202484 	20.615528 	34.205261 	57.271286 	76.400261 	58.309521 	69.971420 	66.648331 	34.539833 	73.573090 	60.406952 	30.805843 	29.206163 	30.594116 	63.568859 	83.234612 	88.865067 	34.000000 	35.227829 	52.086468 	45.793011 	43.174065 	
36.013885 	18.973665 	22.203604 	11.704700 	16.763054 	15.231546 	35.341194 	20.591261 	13.892444 	49.979996 	23.021729 	999.000000 	8.485281 	25.000000 	50.119858 	35.608986 	37.802116 	11.704700 	19.313208 	28.653097 	13.892444 	28.231188 	16.401220 	49.497475 	51.623638 	54.451813 	33.837849 	56.568542 	34.785053 	53.413483 	36.138622 	47.010635 	43.863426 	55.217751 	50.606323 	38.639359 	31.575306 	36.013885 	44.922153 	41.773197 	60.216278 	65.946945 	50.695168 	34.481880 	34.481880 	67.475922 	32.526913 	
42.579338 	16.970562 	29.410883 	11.180340 	24.596748 	8.000000 	43.416588 	28.844410 	22.203604 	42.449970 	31.400637 	8.485281 	999.000000 	33.421551 	58.309521 	44.045429 	46.227695 	19.723083 	12.041595 	36.891735 	14.317822 	36.235340 	17.464249 	41.012192 	60.108234 	62.936478 	41.629318 	65.053825 	27.459061 	45.000000 	29.154760 	38.910152 	36.055511 	63.600315 	42.485291 	32.015621 	37.000000 	42.579338 	52.554733 	35.057095 	51.865211 	57.489128 	58.600342 	39.204590 	31.384710 	75.927597 	33.615471 	
21.260292 	35.846897 	12.165525 	30.528675 	10.770329 	38.948685 	12.000000 	5.385165 	11.313708 	72.201111 	2.236068 	25.000000 	33.421551 	999.000000 	25.632011 	10.630146 	12.806249 	16.492422 	43.908997 	11.661903 	32.984844 	14.212670 	33.376640 	74.330345 	27.202942 	30.000000 	19.235384 	32.015621 	59.033890 	78.409180 	60.008331 	71.867935 	68.476273 	32.310989 	75.471848 	62.032249 	30.528675 	28.319605 	28.861740 	65.192024 	85.211502 	90.906548 	32.015621 	34.985710 	53.235325 	43.566040 	43.737854 	
24.351591 	56.639210 	30.413813 	53.150730 	33.837849 	62.801273 	15.000000 	29.529646 	36.235340 	93.605553 	27.313000 	50.119858 	58.309521 	25.632011 	999.000000 	16.124516 	14.035668 	42.059483 	69.318108 	30.016663 	58.523499 	33.060551 	58.694122 	98.600204 	15.264338 	16.155495 	33.955853 	16.492422 	84.581322 	103.174606 	85.615417 	97.128784 	93.914856 	24.186773 	100.722389 	87.664131 	50.487621 	44.643028 	36.359318 	90.824005 	110.136276 	115.433968 	33.970577 	54.744862 	78.262383 	28.017851 	67.007462 	
22.472204 	45.650848 	19.924858 	40.804413 	20.808653 	49.517673 	8.062258 	15.620500 	21.931713 	82.377182 	12.727922 	35.608986 	44.045429 	10.630146 	16.124516 	999.000000 	2.236068 	26.400757 	54.378304 	14.317822 	42.720020 	17.464249 	42.720020 	84.958817 	17.000000 	19.723083 	19.723083 	21.633308 	69.354164 	89.022469 	70.213959 	82.377182 	78.892334 	23.345236 	85.982559 	72.090218 	35.171009 	30.413813 	25.806976 	75.239616 	95.801880 	101.533249 	26.570660 	39.560081 	62.169125 	33.541019 	51.009804 	
22.803509 	47.507893 	21.540659 	42.801868 	22.803509 	51.623638 	8.246211 	17.691807 	24.083189 	84.314888 	14.866069 	37.802116 	46.227695 	12.806249 	14.035668 	2.236068 	999.000000 	28.635643 	56.603886 	16.124516 	44.944408 	19.235384 	44.922153 	87.114868 	15.231546 	17.888544 	21.023796 	19.723083 	71.589104 	91.214035 	72.449982 	84.599052 	81.123360 	22.090721 	88.204308 	74.323616 	36.878178 	31.780497 	26.248810 	77.472572 	98.005104 	103.711136 	26.400757 	41.231056 	64.327286 	31.780497 	53.000000 	
33.526108 	29.068884 	19.697716 	22.000000 	13.416408 	26.925823 	28.284271 	14.035668 	8.944272 	61.684681 	15.132746 	11.704700 	19.723083 	16.492422 	42.059483 	26.400757 	28.635643 	999.000000 	28.425341 	17.204651 	16.492422 	16.552946 	17.029387 	60.307545 	41.231056 	44.045429 	22.135944 	46.227695 	43.046486 	63.655323 	43.829212 	56.400356 	52.697250 	44.045429 	60.000000 	45.694637 	22.360680 	25.179358 	33.241539 	48.846699 	70.178345 	76.367531 	39.000000 	26.076809 	37.013512 	56.586216 	29.546574 	
54.589375 	26.400757 	41.231056 	22.360680 	36.055511 	13.892444 	54.625999 	39.812057 	33.105892 	40.012497 	42.059483 	19.313208 	12.041595 	43.908997 	69.318108 	54.378304 	56.603886 	28.425341 	999.000000 	45.254833 	15.231546 	43.931767 	17.720045 	32.756680 	69.656296 	72.470680 	48.600410 	74.652527 	15.524175 	35.383614 	17.117243 	28.017851 	24.596748 	72.138756 	31.622776 	20.000000 	39.849716 	47.010635 	58.830265 	23.021729 	41.773197 	48.166378 	65.459915 	40.792156 	22.671568 	84.864601 	30.413813 	
32.557640 	43.737854 	23.409399 	37.363083 	20.099751 	43.829212 	20.591261 	15.524175 	18.110771 	78.390053 	13.000000 	28.653097 	36.891735 	11.661903 	30.016663 	14.317822 	16.124516 	17.204651 	45.254833 	999.000000 	31.622776 	3.162278 	30.886890 	77.466118 	25.059929 	27.784887 	7.615773 	30.016663 	59.203041 	80.622574 	59.640591 	73.000000 	69.028976 	26.907248 	76.576759 	61.057350 	20.880613 	17.029387 	18.027756 	64.140472 	87.000000 	93.380943 	22.561028 	25.298222 	49.335587 	39.623226 	37.054016 	
48.373547 	30.805843 	34.234486 	24.083189 	28.071337 	21.840330 	44.721359 	30.149628 	24.000000 	54.230988 	31.575306 	13.892444 	14.317822 	32.984844 	58.523499 	42.720020 	44.944408 	16.492422 	15.231546 	31.622776 	999.000000 	29.832869 	3.162278 	47.885281 	56.603886 	59.363289 	33.970577 	61.587337 	27.658634 	50.000000 	28.017851 	41.725292 	37.536648 	58.137768 	45.254833 	29.529646 	24.738634 	31.780497 	43.829212 	32.649654 	55.973209 	62.801273 	50.606323 	26.076809 	21.213203 	71.063354 	19.416489 	
35.355339 	44.283180 	25.495098 	37.656342 	21.587032 	43.462627 	23.706539 	17.464249 	19.026299 	78.185677 	15.264338 	28.231188 	36.235340 	14.212670 	33.060551 	17.464249 	19.235384 	16.552946 	43.931767 	3.162278 	29.832869 	999.000000 	28.844410 	76.400261 	27.313000 	29.966648 	6.000000 	32.202484 	57.489128 	79.309517 	57.801384 	71.449280 	67.357254 	28.319605 	75.006668 	59.076221 	17.720045 	14.142136 	17.117243 	62.128899 	85.562843 	92.097771 	22.472204 	22.135944 	46.818798 	41.231056 	34.132095 	
49.819675 	33.837849 	35.693138 	27.018513 	29.427877 	25.000000 	45.276924 	31.000000 	25.179358 	57.140179 	32.140316 	16.401220 	17.464249 	33.376640 	58.694122 	42.720020 	44.922153 	17.029387 	17.720045 	30.886890 	3.162278 	28.844410 	999.000000 	50.089920 	55.946404 	58.668560 	32.557640 	60.901562 	29.000000 	51.865211 	29.068884 	43.278172 	38.897301 	57.008770 	46.754681 	30.232433 	22.135944 	29.529646 	42.011902 	33.286633 	57.628117 	64.637451 	48.918301 	23.194826 	20.000000 	70.000000 	16.401220 	
79.605278 	44.384682 	68.505478 	45.793011 	64.815125 	35.805027 	83.600243 	69.526970 	63.031738 	21.633308 	72.249565 	49.497475 	41.012192 	74.330345 	98.600204 	84.958817 	87.114868 	60.307545 	32.756680 	77.466118 	47.885281 	76.400261 	50.089920 	999.000000 	101.118744 	103.947105 	81.271149 	106.066017 	24.083189 	7.280110 	26.000000 	13.416408 	17.720045 	104.350372 	13.453624 	28.160255 	72.090218 	79.605278 	91.586021 	27.658634 	14.000000 	17.000000 	98.183502 	72.449982 	45.044422 	116.846054 	59.228371 	
36.000000 	62.649822 	36.769554 	57.688820 	37.735924 	66.068146 	22.360680 	32.449963 	38.418747 	99.322708 	29.410883 	51.623638 	60.108234 	27.202942 	15.264338 	17.000000 	15.231546 	41.231056 	69.656296 	25.059929 	56.603886 	27.313000 	55.946404 	101.118744 	999.000000 	2.828427 	25.495098 	5.000000 	84.053551 	104.804581 	84.599052 	97.616600 	93.813644 	8.944272 	101.212646 	86.092972 	42.426407 	35.014282 	23.769728 	89.185204 	111.395691 	117.456375 	19.723083 	46.173584 	74.094536 	16.552946 	60.638271 	
38.052597 	65.368187 	39.395432 	60.464867 	40.496914 	68.883957 	24.738634 	35.227829 	41.231056 	102.083298 	32.202484 	54.451813 	62.936478 	30.000000 	16.155495 	19.723083 	17.888544 	44.045429 	72.470680 	27.784887 	59.363289 	29.966648 	58.668560 	103.947105 	2.828427 	999.000000 	27.892651 	2.236068 	86.838928 	107.628990 	87.367043 	100.424103 	96.607452 	8.485281 	104.019226 	88.836929 	44.721359 	37.121422 	25.317978 	91.923882 	114.214706 	120.282997 	20.615528 	48.373547 	76.694199 	13.928389 	63.063461 	
39.824615 	50.249378 	31.016125 	43.566040 	27.459061 	49.040798 	27.018513 	23.086792 	25.019993 	83.815269 	20.615528 	33.837849 	41.629318 	19.235384 	33.955853 	19.723083 	21.023796 	22.135944 	48.600410 	7.615773 	33.970577 	6.000000 	32.557640 	81.271149 	25.495098 	27.892651 	999.000000 	30.083218 	61.522354 	83.868942 	61.619801 	75.690155 	71.421288 	24.698177 	79.208588 	62.625874 	17.029387 	10.770329 	11.180340 	65.604881 	89.938866 	96.674713 	17.000000 	21.023796 	49.193497 	37.735924 	35.171009 	
39.204590 	67.230942 	41.146080 	62.425957 	42.438190 	70.936592 	26.248810 	37.202152 	43.278172 	104.009613 	34.205261 	56.568542 	65.053825 	32.015621 	16.492422 	21.633308 	19.723083 	46.227695 	74.652527 	30.016663 	61.587337 	32.202484 	60.901562 	106.066017 	5.000000 	2.236068 	30.083218 	999.000000 	89.050545 	109.786156 	89.587944 	102.615791 	98.812958 	9.433981 	106.212051 	91.065910 	46.872166 	39.204590 	27.166155 	94.154129 	116.387283 	122.429573 	22.135944 	50.487621 	78.924011 	12.369317 	65.253349 	
70.035706 	39.623226 	56.753853 	37.000000 	51.546097 	27.166155 	70.007141 	55.154327 	48.466484 	39.395432 	57.271286 	34.785053 	27.459061 	59.033890 	84.581322 	69.354164 	71.589104 	43.046486 	15.524175 	59.203041 	27.658634 	57.489128 	29.000000 	24.083189 	84.053551 	86.838928 	61.522354 	89.050545 	999.000000 	23.769728 	2.828427 	14.422205 	9.899495 	85.796272 	17.804493 	6.403124 	49.929951 	58.008621 	70.936592 	8.544003 	28.844410 	36.235340 	77.897369 	49.648766 	21.000000 	98.716766 	35.440090 	
85.088188 	50.289165 	73.430237 	50.990196 	69.339745 	40.706264 	88.204308 	73.817345 	67.201187 	28.653097 	76.400261 	53.413483 	45.000000 	78.409180 	103.174606 	89.022469 	91.214035 	63.655323 	35.383614 	80.622574 	50.000000 	79.309517 	51.865211 	7.280110 	104.804581 	107.628990 	83.868942 	109.786156 	23.769728 	999.000000 	25.000000 	10.049875 	15.132746 	107.517441 	8.246211 	26.305893 	73.430237 	81.301903 	93.813644 	25.019993 	7.280110 	12.806249 	100.603180 	73.348480 	43.931767 	120.208153 	59.135437 	
71.700768 	41.976185 	58.249462 	39.051247 	52.886673 	29.427877 	71.168816 	56.302753 	49.648766 	42.047592 	58.309521 	36.138622 	29.154760 	60.008331 	85.615417 	70.213959 	72.449982 	43.829212 	17.117243 	59.640591 	28.017851 	57.801384 	29.068884 	26.000000 	84.599052 	87.367043 	61.619801 	89.587944 	2.828427 	25.000000 	999.000000 	15.231546 	10.295630 	86.052307 	18.357559 	3.605551 	49.406479 	57.628117 	70.767227 	6.082763 	29.529646 	37.161808 	77.794601 	48.877399 	19.104973 	99.020203 	34.176014 	
80.653580 	47.265209 	68.154236 	46.572525 	63.505905 	36.138622 	82.298241 	67.601776 	60.901562 	33.941124 	69.971420 	47.010635 	38.910152 	71.867935 	97.128784 	82.377182 	84.599052 	56.400356 	28.017851 	73.000000 	41.725292 	71.449280 	43.278172 	13.416408 	97.616600 	100.424103 	75.690155 	102.615791 	14.422205 	10.049875 	15.231546 	999.000000 	5.099020 	99.764725 	3.605551 	16.278820 	64.350601 	72.422371 	85.276024 	15.000000 	14.422205 	21.931713 	92.195442 	64.007812 	33.955853 	112.609947 	49.396355 	
78.339005 	46.000000 	65.459915 	44.553337 	60.539242 	34.234486 	79.202271 	64.404968 	57.697487 	37.013512 	66.648331 	43.863426 	36.055511 	68.476273 	93.914856 	78.892334 	81.123360 	52.697250 	24.596748 	69.028976 	37.536648 	67.357254 	38.897301 	17.720045 	93.813644 	96.607452 	71.421288 	98.812958 	9.899495 	15.132746 	10.295630 	5.099020 	999.000000 	95.671310 	8.062258 	11.180340 	59.640591 	67.801178 	80.808418 	10.049875 	19.235384 	26.925823 	87.783829 	59.169250 	28.861740 	108.577164 	44.384682 	
44.181442 	68.154236 	43.174065 	62.609905 	43.081318 	70.178345 	30.000000 	37.696156 	42.941822 	104.235313 	34.539833 	55.217751 	63.600315 	32.310989 	24.186773 	23.345236 	22.090721 	44.045429 	72.138756 	26.907248 	58.137768 	28.319605 	57.008770 	104.350372 	8.944272 	8.485281 	24.698177 	9.433981 	85.796272 	107.517441 	86.052307 	99.764725 	95.671310 	999.000000 	103.324730 	87.200920 	40.496914 	32.280025 	19.104973 	90.210861 	113.846390 	120.282997 	13.152946 	43.680660 	73.824112 	13.038404 	59.236813 	
84.118965 	50.487621 	71.693794 	50.000000 	67.082039 	39.560081 	85.883644 	71.196907 	64.498062 	34.828148 	73.573090 	50.606323 	42.485291 	75.471848 	100.722389 	85.982559 	88.204308 	60.000000 	31.622776 	76.576759 	45.254833 	75.006668 	46.754681 	13.453624 	101.212646 	104.019226 	79.208588 	106.212051 	17.804493 	8.246211 	18.357559 	3.605551 	8.062258 	103.324730 	999.000000 	18.973665 	67.675697 	75.802376 	88.729927 	17.262676 	11.180340 	18.973665 	95.671310 	67.230942 	36.687874 	116.180893 	52.392746 	
74.431175 	45.354160 	60.827625 	42.190044 	55.317268 	32.756680 	73.375748 	58.523499 	51.923019 	45.177429 	60.406952 	38.639359 	32.015621 	62.032249 	87.664131 	72.090218 	74.323616 	45.694637 	20.000000 	61.057350 	29.529646 	59.076221 	30.232433 	28.160255 	86.092972 	88.836929 	62.625874 	91.065910 	6.403124 	26.305893 	3.605551 	16.278820 	11.180340 	87.200920 	18.973665 	999.000000 	49.678970 	58.051701 	71.421288 	3.162278 	30.083218 	37.947330 	78.517517 	48.826221 	17.720045 	100.209778 	33.541019 	
51.613953 	50.447994 	39.597980 	43.174065 	34.058773 	45.000000 	41.231056 	31.890438 	30.000000 	78.771820 	30.805843 	31.575306 	37.000000 	30.528675 	50.487621 	35.171009 	36.878178 	22.360680 	39.849716 	20.880613 	24.738634 	17.720045 	22.135944 	72.090218 	42.426407 	44.721359 	17.029387 	46.872166 	49.929951 	73.430237 	49.406479 	64.350601 	59.640591 	40.496914 	67.675697 	49.678970 	999.000000 	8.602325 	22.472204 	52.402290 	78.771820 	86.092972 	29.681644 	4.472136 	34.205261 	53.310413 	18.788294 	
49.497475 	54.230988 	39.115215 	47.095646 	34.438351 	50.487621 	37.443291 	31.064449 	31.016125 	84.929382 	29.206163 	36.013885 	42.579338 	28.319605 	44.643028 	30.413813 	31.780497 	25.179358 	47.010635 	17.029387 	31.780497 	14.142136 	29.529646 	79.605278 	35.014282 	37.121422 	10.770329 	39.204590 	58.008621 	81.301903 	57.628117 	72.422371 	67.801178 	32.280025 	75.802376 	58.051701 	8.602325 	999.000000 	13.892444 	60.827625 	86.838928 	94.031906 	21.095022 	11.401754 	42.801868 	44.944408 	27.294687 	
47.885281 	61.400326 	41.000000 	54.744862 	38.118237 	60.083275 	33.837849 	33.376640 	36.013885 	94.868332 	30.594116 	44.922153 	52.554733 	28.861740 	36.359318 	25.806976 	26.248810 	33.241539 	58.830265 	18.027756 	43.829212 	17.117243 	42.011902 	91.586021 	23.769728 	25.317978 	11.180340 	27.166155 	70.936592 	93.813644 	70.767227 	85.276024 	80.808418 	19.104973 	88.729927 	71.421288 	22.472204 	13.892444 	999.000000 	74.276512 	99.639351 	106.606750 	7.211102 	25.079872 	56.612720 	31.320919 	41.182522 	
77.524193 	48.052055 	63.953106 	45.099888 	58.463665 	35.510563 	76.537575 	61.684681 	55.081757 	45.793011 	63.568859 	41.773197 	35.057095 	65.192024 	90.824005 	75.239616 	77.472572 	48.846699 	23.021729 	64.140472 	32.649654 	62.128899 	33.286633 	27.658634 	89.185204 	91.923882 	65.604881 	94.154129 	8.544003 	25.019993 	6.082763 	15.000000 	10.049875 	90.210861 	17.262676 	3.162278 	52.402290 	60.827625 	74.276512 	999.000000 	28.160255 	36.138622 	81.394104 	51.400391 	19.697716 	103.227905 	35.846897 	
92.309265 	57.567352 	80.529495 	58.180752 	76.321686 	47.853943 	95.189285 	80.709358 	74.060783 	34.176014 	83.234612 	60.216278 	51.865211 	85.211502 	110.136276 	95.801880 	98.005104 	70.178345 	41.773197 	87.000000 	55.973209 	85.562843 	57.628117 	14.000000 	111.395691 	114.214706 	89.938866 	116.387283 	28.844410 	7.280110 	29.529646 	14.422205 	19.235384 	113.846390 	11.180340 	30.083218 	78.771820 	86.838928 	99.639351 	28.160255 	999.000000 	8.062258 	106.526993 	78.390053 	47.759815 	126.621483 	63.560993 	
96.602280 	61.326992 	85.440041 	62.769421 	81.608826 	52.697250 	100.439034 	86.214851 	79.649231 	33.241539 	88.865067 	65.946945 	57.489128 	90.906548 	115.433968 	101.533249 	103.711136 	76.367531 	48.166378 	93.380943 	62.801273 	92.097771 	64.637451 	17.000000 	117.456375 	120.282997 	96.674713 	122.429573 	36.235340 	12.806249 	37.161808 	21.931713 	26.925823 	120.282997 	18.973665 	37.947330 	86.092972 	94.031906 	106.606750 	36.138622 	8.062258 	999.000000 	113.406349 	85.883644 	55.659679 	132.943604 	71.309189 	
49.040798 	66.287254 	44.102154 	59.908264 	42.107006 	65.924202 	34.539833 	37.013512 	40.607880 	100.657837 	34.000000 	50.695168 	58.600342 	32.015621 	33.970577 	26.570660 	26.400757 	39.000000 	65.459915 	22.561028 	50.606323 	22.472204 	48.918301 	98.183502 	19.723083 	20.615528 	17.000000 	22.135944 	77.897369 	100.603180 	77.794601 	92.195442 	87.783829 	13.152946 	95.671310 	78.517517 	29.681644 	21.095022 	7.211102 	81.394104 	106.526993 	113.406349 	999.000000 	32.202484 	63.820061 	24.515301 	48.373547 	
56.035702 	53.450912 	43.863426 	46.173584 	38.209946 	47.169907 	45.694637 	36.235340 	34.058773 	80.305664 	35.227829 	34.481880 	39.204590 	34.985710 	54.744862 	39.560081 	41.231056 	26.076809 	40.792156 	25.298222 	26.076809 	22.135944 	23.194826 	72.449982 	46.173584 	48.373547 	21.023796 	50.487621 	49.648766 	73.348480 	48.877399 	64.007812 	59.169250 	43.680660 	67.230942 	48.826221 	4.472136 	11.401754 	25.079872 	51.400391 	78.390053 	85.883644 	32.202484 	999.000000 	32.526913 	56.302753 	16.401220 	
69.584480 	48.010414 	55.443665 	42.544094 	49.254440 	36.124783 	65.192024 	51.000000 	45.099888 	59.203041 	52.086468 	34.481880 	31.384710 	53.235325 	78.262383 	62.169125 	64.327286 	37.013512 	22.671568 	49.335587 	21.213203 	46.818798 	20.000000 	45.044422 	74.094536 	76.694199 	49.193497 	78.924011 	21.000000 	43.931767 	19.104973 	33.955853 	28.861740 	73.824112 	36.687874 	17.720045 	34.205261 	42.801868 	56.612720 	19.697716 	47.759815 	55.659679 	63.820061 	32.526913 	999.000000 	86.833176 	16.401220 	
51.478149 	79.177017 	53.310413 	74.094536 	54.203320 	82.200974 	38.600517 	48.877399 	54.644306 	115.762688 	45.793011 	67.475922 	75.927597 	43.566040 	28.017851 	33.541019 	31.780497 	56.586216 	84.864601 	39.623226 	71.063354 	41.231056 	70.000000 	116.846054 	16.552946 	13.928389 	37.735924 	12.369317 	98.716766 	120.208153 	99.020203 	112.609947 	108.577164 	13.038404 	116.180893 	100.209778 	53.310413 	44.944408 	31.320919 	103.227905 	126.621483 	132.943604 	24.515301 	56.302753 	86.833176 	999.000000 	72.090218 	
62.968246 	50.219517 	49.244289 	43.416588 	42.953465 	40.718548 	55.578773 	43.011627 	38.483765 	70.256676 	43.174065 	32.526913 	33.615471 	43.737854 	67.007462 	51.009804 	53.000000 	29.546574 	30.413813 	37.054016 	19.416489 	34.132095 	16.401220 	59.228371 	60.638271 	63.063461 	35.171009 	65.253349 	35.440090 	59.135437 	34.176014 	49.396355 	44.384682 	59.236813 	52.392746 	33.541019 	18.788294 	27.294687 	41.182522 	35.846897 	63.560993 	71.309189 	48.373547 	16.401220 	16.401220 	72.090218 	999.000000 	

Travel time:
9.000000 	0.887764 	0.353553 	0.854400 	0.509902 	1.114955 	0.364006 	0.503115 	0.618466 	1.787631 	0.520216 	0.900347 	1.064483 	0.531507 	0.608790 	0.561805 	0.570088 	0.838153 	1.364734 	0.813941 	1.209339 	0.883883 	1.245492 	1.990132 	0.900000 	0.951315 	0.995615 	0.980115 	1.750893 	2.127205 	1.792519 	2.016340 	1.958475 	1.104536 	2.102974 	1.860779 	1.290349 	1.237437 	1.197132 	1.938105 	2.307732 	2.415057 	1.226020 	1.400892 	1.739612 	1.286954 	1.574206 	
0.887764 	9.000000 	0.660019 	0.182003 	0.626997 	0.316228 	1.050297 	0.761577 	0.642748 	0.925338 	0.840387 	0.474342 	0.424264 	0.896172 	1.415980 	1.141271 	1.187697 	0.726722 	0.660019 	1.093446 	0.770146 	1.107080 	0.845946 	1.109617 	1.566246 	1.634205 	1.256234 	1.680773 	0.990581 	1.257229 	1.049405 	1.181630 	1.150000 	1.703856 	1.262191 	1.133854 	1.261200 	1.355775 	1.535008 	1.201301 	1.439184 	1.533175 	1.657181 	1.336273 	1.200260 	1.979425 	1.255488 	
0.353553 	0.660019 	9.000000 	0.570088 	0.158114 	0.818917 	0.390512 	0.201556 	0.269258 	1.585284 	0.261008 	0.555090 	0.735272 	0.304138 	0.760345 	0.498121 	0.538516 	0.492443 	1.030776 	0.585235 	0.855862 	0.637377 	0.892328 	1.712637 	0.919239 	0.984886 	0.775403 	1.028652 	1.418846 	1.835756 	1.456237 	1.703856 	1.636498 	1.079352 	1.792345 	1.520691 	0.989950 	0.977880 	1.025000 	1.598828 	2.013237 	2.136001 	1.102554 	1.096586 	1.386092 	1.332760 	1.231107 	
0.854400 	0.182003 	0.570088 	9.000000 	0.500000 	0.261008 	0.955249 	0.630971 	0.492443 	1.041933 	0.707549 	0.292617 	0.279509 	0.763217 	1.328768 	1.020110 	1.070047 	0.550000 	0.559017 	0.934077 	0.602080 	0.941409 	0.675463 	1.144825 	1.442220 	1.511622 	1.089151 	1.560649 	0.925000 	1.274755 	0.976281 	1.164313 	1.113833 	1.565248 	1.250000 	1.054751 	1.079352 	1.177391 	1.368622 	1.127497 	1.454519 	1.569236 	1.497707 	1.154340 	1.063602 	1.852363 	1.085415 	
0.509902 	0.626997 	0.158114 	0.500000 	9.000000 	0.726722 	0.471699 	0.134629 	0.111803 	1.539683 	0.213600 	0.419076 	0.614919 	0.269258 	0.845946 	0.520216 	0.570088 	0.335410 	0.901388 	0.502494 	0.701783 	0.539676 	0.735697 	1.620378 	0.943398 	1.012423 	0.686477 	1.060955 	1.288652 	1.733494 	1.322167 	1.587648 	1.513481 	1.077033 	1.677051 	1.382932 	0.851469 	0.860959 	0.952956 	1.461592 	1.908042 	2.040221 	1.052675 	0.955249 	1.231361 	1.355083 	1.073837 	
1.114955 	0.316228 	0.818917 	0.261008 	0.726722 	9.000000 	1.195042 	0.848528 	0.691466 	0.869626 	0.919918 	0.380789 	0.200000 	0.973717 	1.570032 	1.237942 	1.290591 	0.673146 	0.347311 	1.095730 	0.546008 	1.086566 	0.625000 	0.895126 	1.651704 	1.722099 	1.226020 	1.773415 	0.679154 	1.017657 	0.735697 	0.903466 	0.855862 	1.754459 	0.989002 	0.818917 	1.125000 	1.262191 	1.502082 	0.887764 	1.196349 	1.317431 	1.648105 	1.179248 	0.903120 	2.055024 	1.017964 	
0.364006 	1.050297 	0.390512 	0.955249 	0.471699 	1.195042 	9.000000 	0.371652 	0.538516 	1.975633 	0.328824 	0.883530 	1.085415 	0.300000 	0.375000 	0.201556 	0.206155 	0.707107 	1.365650 	0.514782 	1.118034 	0.592663 	1.131923 	2.090006 	0.559017 	0.618466 	0.675463 	0.656220 	1.750179 	2.205108 	1.779220 	2.057456 	1.980057 	0.750000 	2.147091 	1.834394 	1.030776 	0.936082 	0.845946 	1.913439 	2.379732 	2.510976 	0.863496 	1.142366 	1.629801 	0.965013 	1.389469 	
0.503115 	0.761577 	0.201556 	0.630971 	0.134629 	0.848528 	0.371652 	9.000000 	0.167705 	1.672199 	0.079057 	0.514782 	0.721110 	0.134629 	0.738241 	0.390512 	0.442295 	0.350892 	0.995301 	0.388104 	0.753741 	0.436606 	0.775000 	1.738174 	0.811249 	0.880696 	0.577170 	0.930054 	1.378858 	1.845434 	1.407569 	1.690044 	1.610124 	0.942404 	1.779923 	1.463087 	0.797261 	0.776611 	0.834416 	1.542117 	2.017734 	2.155371 	0.925338 	0.905883 	1.275000 	1.221935 	1.075291 	
0.618466 	0.642748 	0.269258 	0.492443 	0.111803 	0.691466 	0.538516 	0.167705 	9.000000 	1.532359 	0.230489 	0.347311 	0.555090 	0.282843 	0.905883 	0.548293 	0.602080 	0.223607 	0.827647 	0.452769 	0.600000 	0.475657 	0.629484 	1.575794 	0.960469 	1.030776 	0.625500 	1.081954 	1.211662 	1.680030 	1.241219 	1.522539 	1.442437 	1.073546 	1.612452 	1.298075 	0.750000 	0.775403 	0.900347 	1.377044 	1.851520 	1.991231 	1.015197 	0.851469 	1.127497 	1.366108 	0.962094 	
1.787631 	0.925338 	1.585284 	1.041933 	1.539683 	0.869626 	1.975633 	1.672199 	1.532359 	9.000000 	1.749285 	1.249500 	1.061249 	1.805028 	2.340139 	2.059430 	2.107872 	1.542117 	1.000312 	1.959751 	1.355775 	1.954642 	1.428504 	0.540833 	2.483068 	2.552083 	2.095382 	2.600240 	0.984886 	0.716327 	1.051190 	0.848528 	0.925338 	2.605883 	0.870704 	1.129436 	1.969296 	2.123235 	2.371708 	1.144825 	0.854400 	0.831038 	2.516446 	2.007642 	1.480076 	2.894067 	1.756417 	
0.520216 	0.840387 	0.261008 	0.707549 	0.213600 	0.919918 	0.328824 	0.079057 	0.230489 	1.749285 	9.000000 	0.575543 	0.785016 	0.055902 	0.682825 	0.318198 	0.371652 	0.378319 	1.051487 	0.325000 	0.789383 	0.381608 	0.803508 	1.806239 	0.735272 	0.805062 	0.515388 	0.855132 	1.431782 	1.910007 	1.457738 	1.749285 	1.666208 	0.863496 	1.839327 	1.510174 	0.770146 	0.730154 	0.764853 	1.589221 	2.080865 	2.221627 	0.850000 	0.880696 	1.302162 	1.144825 	1.079352 	
0.900347 	0.474342 	0.555090 	0.292617 	0.419076 	0.380789 	0.883530 	0.514782 	0.347311 	1.249500 	0.575543 	9.000000 	0.212132 	0.625000 	1.252996 	0.890225 	0.945053 	0.292617 	0.482830 	0.716327 	0.347311 	0.705780 	0.410031 	1.237437 	1.290591 	1.361295 	0.845946 	1.414214 	0.869626 	1.335337 	0.903466 	1.175266 	1.096586 	1.380444 	1.265158 	0.965984 	0.789383 	0.900347 	1.123054 	1.044330 	1.505407 	1.648674 	1.267379 	0.862047 	0.862047 	1.686898 	0.813173 	
1.064483 	0.424264 	0.735272 	0.279509 	0.614919 	0.200000 	1.085415 	0.721110 	0.555090 	1.061249 	0.785016 	0.212132 	9.000000 	0.835539 	1.457738 	1.101136 	1.155692 	0.493077 	0.301040 	0.922293 	0.357946 	0.905883 	0.436606 	1.025305 	1.502706 	1.573412 	1.040733 	1.626346 	0.686477 	1.125000 	0.728869 	0.972754 	0.901388 	1.590008 	1.062132 	0.800391 	0.925000 	1.064483 	1.313868 	0.876427 	1.296630 	1.437228 	1.465008 	0.980115 	0.784618 	1.898190 	0.840387 	
0.531507 	0.896172 	0.304138 	0.763217 	0.269258 	0.973717 	0.300000 	0.134629 	0.282843 	1.805028 	0.055902 	0.625000 	0.835539 	9.000000 	0.640800 	0.265754 	0.320156 	0.412311 	1.097725 	0.291548 	0.824621 	0.355317 	0.834416 	1.858259 	0.680074 	0.750000 	0.480885 	0.800391 	1.475847 	1.960230 	1.500208 	1.796698 	1.711907 	0.807775 	1.886796 	1.550806 	0.763217 	0.707990 	0.721543 	1.629801 	2.130288 	2.272664 	0.800391 	0.874643 	1.330883 	1.089151 	1.093446 	
0.608790 	1.415980 	0.760345 	1.328768 	0.845946 	1.570032 	0.375000 	0.738241 	0.905883 	2.340139 	0.682825 	1.252996 	1.457738 	0.640800 	9.000000 	0.403113 	0.350892 	1.051487 	1.732953 	0.750417 	1.463087 	0.826514 	1.467353 	2.465005 	0.381608 	0.403887 	0.848896 	0.412311 	2.114533 	2.579365 	2.140385 	2.428220 	2.347871 	0.604669 	2.518060 	2.191603 	1.262191 	1.116076 	0.908983 	2.270600 	2.753407 	2.885849 	0.849264 	1.368622 	1.956560 	0.700446 	1.675187 	
0.561805 	1.141271 	0.498121 	1.020110 	0.520216 	1.237942 	0.201556 	0.390512 	0.548293 	2.059430 	0.318198 	0.890225 	1.101136 	0.265754 	0.403113 	9.000000 	0.055902 	0.660019 	1.359458 	0.357946 	1.068001 	0.436606 	1.068001 	2.123971 	0.425000 	0.493077 	0.493077 	0.540833 	1.733854 	2.225562 	1.755349 	2.059430 	1.972308 	0.583631 	2.149564 	1.802255 	0.879275 	0.760345 	0.645174 	1.880990 	2.395047 	2.538331 	0.664266 	0.989002 	1.554228 	0.838525 	1.275245 	
0.570088 	1.187697 	0.538516 	1.070047 	0.570088 	1.290591 	0.206155 	0.442295 	0.602080 	2.107872 	0.371652 	0.945053 	1.155692 	0.320156 	0.350892 	0.055902 	9.000000 	0.715891 	1.415097 	0.403113 	1.123610 	0.480885 	1.123054 	2.177872 	0.380789 	0.447214 	0.525595 	0.493077 	1.789728 	2.280351 	1.811249 	2.114976 	2.028084 	0.552268 	2.205108 	1.858090 	0.921954 	0.794512 	0.656220 	1.936814 	2.450128 	2.592778 	0.660019 	1.030776 	1.608182 	0.794512 	1.325000 	
0.838153 	0.726722 	0.492443 	0.550000 	0.335410 	0.673146 	0.707107 	0.350892 	0.223607 	1.542117 	0.378319 	0.292617 	0.493077 	0.412311 	1.051487 	0.660019 	0.715891 	9.000000 	0.710634 	0.430116 	0.412311 	0.413824 	0.425735 	1.507689 	1.030776 	1.101136 	0.553399 	1.155692 	1.076162 	1.591383 	1.095730 	1.410009 	1.317431 	1.101136 	1.500000 	1.142366 	0.559017 	0.629484 	0.831038 	1.221167 	1.754459 	1.909188 	0.975000 	0.651920 	0.925338 	1.414655 	0.738664 	
1.364734 	0.660019 	1.030776 	0.559017 	0.901388 	0.347311 	1.365650 	0.995301 	0.827647 	1.000312 	1.051487 	0.482830 	0.301040 	1.097725 	1.732953 	1.359458 	1.415097 	0.710634 	9.000000 	1.131371 	0.380789 	1.098294 	0.443001 	0.818917 	1.741407 	1.811767 	1.215010 	1.866313 	0.388104 	0.884590 	0.427931 	0.700446 	0.614919 	1.803469 	0.790569 	0.500000 	0.996243 	1.175266 	1.470757 	0.575543 	1.044330 	1.204159 	1.636498 	1.019804 	0.566789 	2.121615 	0.760345 	
0.813941 	1.093446 	0.585235 	0.934077 	0.502494 	1.095730 	0.514782 	0.388104 	0.452769 	1.959751 	0.325000 	0.716327 	0.922293 	0.291548 	0.750417 	0.357946 	0.403113 	0.430116 	1.131371 	9.000000 	0.790569 	0.079057 	0.772172 	1.936653 	0.626498 	0.694622 	0.190394 	0.750417 	1.480076 	2.015564 	1.491015 	1.825000 	1.725724 	0.672681 	1.914419 	1.526434 	0.522015 	0.425735 	0.450694 	1.603512 	2.175000 	2.334524 	0.564026 	0.632456 	1.233390 	0.990581 	0.926350 	
1.209339 	0.770146 	0.855862 	0.602080 	0.701783 	0.546008 	1.118034 	0.753741 	0.600000 	1.355775 	0.789383 	0.347311 	0.357946 	0.824621 	1.463087 	1.068001 	1.123610 	0.412311 	0.380789 	0.790569 	9.000000 	0.745822 	0.079057 	1.197132 	1.415097 	1.484082 	0.849264 	1.539683 	0.691466 	1.250000 	0.700446 	1.043132 	0.938416 	1.453444 	1.131371 	0.738241 	0.618466 	0.794512 	1.095730 	0.816241 	1.399330 	1.570032 	1.265158 	0.651920 	0.530330 	1.776584 	0.485412 	
0.883883 	1.107080 	0.637377 	0.941409 	0.539676 	1.086566 	0.592663 	0.436606 	0.475657 	1.954642 	0.381608 	0.705780 	0.905883 	0.355317 	0.826514 	0.436606 	0.480885 	0.413824 	1.098294 	0.079057 	0.745822 	9.000000 	0.721110 	1.910007 	0.682825 	0.749166 	0.150000 	0.805062 	1.437228 	1.982738 	1.445035 	1.786232 	1.683931 	0.707990 	1.875167 	1.476906 	0.443001 	0.353553 	0.427931 	1.553222 	2.139071 	2.302444 	0.561805 	0.553399 	1.170470 	1.030776 	0.853302 	
1.245492 	0.845946 	0.892328 	0.675463 	0.735697 	0.625000 	1.131923 	0.775000 	0.629484 	1.428504 	0.803508 	0.410031 	0.436606 	0.834416 	1.467353 	1.068001 	1.123054 	0.425735 	0.443001 	0.772172 	0.079057 	0.721110 	9.000000 	1.252248 	1.398660 	1.466714 	0.813941 	1.522539 	0.725000 	1.296630 	0.726722 	1.081954 	0.972432 	1.425219 	1.168867 	0.755811 	0.553399 	0.738241 	1.050297 	0.832166 	1.440703 	1.615936 	1.222957 	0.579871 	0.500000 	1.750000 	0.410031 	
1.990132 	1.109617 	1.712637 	1.144825 	1.620378 	0.895126 	2.090006 	1.738174 	1.575794 	0.540833 	1.806239 	1.237437 	1.025305 	1.858259 	2.465005 	2.123971 	2.177872 	1.507689 	0.818917 	1.936653 	1.197132 	1.910007 	1.252248 	9.000000 	2.527969 	2.598678 	2.031779 	2.651650 	0.602080 	0.182003 	0.650000 	0.335410 	0.443001 	2.608759 	0.336341 	0.704006 	1.802255 	1.990132 	2.289650 	0.691466 	0.350000 	0.425000 	2.454587 	1.811249 	1.126111 	2.921151 	1.480709 	
0.900000 	1.566246 	0.919239 	1.442220 	0.943398 	1.651704 	0.559017 	0.811249 	0.960469 	2.483068 	0.735272 	1.290591 	1.502706 	0.680074 	0.381608 	0.425000 	0.380789 	1.030776 	1.741407 	0.626498 	1.415097 	0.682825 	1.398660 	2.527969 	9.000000 	0.070711 	0.637377 	0.125000 	2.101339 	2.620115 	2.114976 	2.440415 	2.345341 	0.223607 	2.530316 	2.152324 	1.060660 	0.875357 	0.594243 	2.229630 	2.784892 	2.936409 	0.493077 	1.154340 	1.852363 	0.413824 	1.515957 	
0.951315 	1.634205 	0.984886 	1.511622 	1.012423 	1.722099 	0.618466 	0.880696 	1.030776 	2.552083 	0.805062 	1.361295 	1.573412 	0.750000 	0.403887 	0.493077 	0.447214 	1.101136 	1.811767 	0.694622 	1.484082 	0.749166 	1.466714 	2.598678 	0.070711 	9.000000 	0.697316 	0.055902 	2.170973 	2.690725 	2.184176 	2.510602 	2.415186 	0.212132 	2.600481 	2.220923 	1.118034 	0.928036 	0.632949 	2.298097 	2.855368 	3.007075 	0.515388 	1.209339 	1.917355 	0.348210 	1.576586 	
0.995615 	1.256234 	0.775403 	1.089151 	0.686477 	1.226020 	0.675463 	0.577170 	0.625500 	2.095382 	0.515388 	0.845946 	1.040733 	0.480885 	0.848896 	0.493077 	0.525595 	0.553399 	1.215010 	0.190394 	0.849264 	0.150000 	0.813941 	2.031779 	0.637377 	0.697316 	9.000000 	0.752080 	1.538059 	2.096724 	1.540495 	1.892254 	1.785532 	0.617454 	1.980215 	1.565647 	0.425735 	0.269258 	0.279509 	1.640122 	2.248472 	2.416868 	0.425000 	0.525595 	1.229837 	0.943398 	0.879275 	
0.980115 	1.680773 	1.028652 	1.560649 	1.060955 	1.773415 	0.656220 	0.930054 	1.081954 	2.600240 	0.855132 	1.414214 	1.626346 	0.800391 	0.412311 	0.540833 	0.493077 	1.155692 	1.866313 	0.750417 	1.539683 	0.805062 	1.522539 	2.651650 	0.125000 	0.055902 	0.752080 	9.000000 	2.226264 	2.744654 	2.239699 	2.565395 	2.470324 	0.235850 	2.655301 	2.276648 	1.171804 	0.980115 	0.679154 	2.353853 	2.909682 	3.060739 	0.553399 	1.262191 	1.973100 	0.309233 	1.631334 	
1.750893 	0.990581 	1.418846 	0.925000 	1.288652 	0.679154 	1.750179 	1.378858 	1.211662 	0.984886 	1.431782 	0.869626 	0.686477 	1.475847 	2.114533 	1.733854 	1.789728 	1.076162 	0.388104 	1.480076 	0.691466 	1.437228 	0.725000 	0.602080 	2.101339 	2.170973 	1.538059 	2.226264 	9.000000 	0.594243 	0.070711 	0.360555 	0.247487 	2.144907 	0.445112 	0.160078 	1.248249 	1.450216 	1.773415 	0.213600 	0.721110 	0.905883 	1.947434 	1.241219 	0.525000 	2.467919 	0.886002 	
2.127205 	1.257229 	1.835756 	1.274755 	1.733494 	1.017657 	2.205108 	1.845434 	1.680030 	0.716327 	1.910007 	1.335337 	1.125000 	1.960230 	2.579365 	2.225562 	2.280351 	1.591383 	0.884590 	2.015564 	1.250000 	1.982738 	1.296630 	0.182003 	2.620115 	2.690725 	2.096724 	2.744654 	0.594243 	9.000000 	0.625000 	0.251247 	0.378319 	2.687936 	0.206155 	0.657647 	1.835756 	2.032547 	2.345341 	0.625500 	0.182003 	0.320156 	2.515079 	1.833712 	1.098294 	3.005204 	1.478386 	
1.792519 	1.049405 	1.456237 	0.976281 	1.322167 	0.735697 	1.779220 	1.407569 	1.241219 	1.051190 	1.457738 	0.903466 	0.728869 	1.500208 	2.140385 	1.755349 	1.811249 	1.095730 	0.427931 	1.491015 	0.700446 	1.445035 	0.726722 	0.650000 	2.114976 	2.184176 	1.540495 	2.239699 	0.070711 	0.625000 	9.000000 	0.380789 	0.257391 	2.151308 	0.458939 	0.090139 	1.235162 	1.440703 	1.769181 	0.152069 	0.738241 	0.929045 	1.944865 	1.221935 	0.477624 	2.475505 	0.854400 	
2.016340 	1.181630 	1.703856 	1.164313 	1.587648 	0.903466 	2.057456 	1.690044 	1.522539 	0.848528 	1.749285 	1.175266 	0.972754 	1.796698 	2.428220 	2.059430 	2.114976 	1.410009 	0.700446 	1.825000 	1.043132 	1.786232 	1.081954 	0.335410 	2.440415 	2.510602 	1.892254 	2.565395 	0.360555 	0.251247 	0.380789 	9.000000 	0.127475 	2.494118 	0.090139 	0.406971 	1.608765 	1.810559 	2.131901 	0.375000 	0.360555 	0.548293 	2.304886 	1.600195 	0.848896 	2.815249 	1.234909 	
