Total assets = 643
Number of asset nodes = 34

Distance:
999.000000 	44.777225 	58.728188 	41.773197 	93.005379 	29.698484 	23.769728 	60.083275 	45.044422 	72.945183 	50.695168 	26.305893 	50.000000 	9.433981 	68.600288 	27.730848 	46.227695 	37.215588 	46.615448 	67.941154 	40.311287 	12.649111 	34.205261 	69.028976 	31.575306 	66.610809 	66.030296 	19.697716 	36.138622 	29.068884 	62.433964 	58.591808 	26.000000 	27.892651 	54.120235 	32.695564 	52.952808 	31.240999 	37.947330 	38.275318 	53.338543 	33.837849 	36.878178 	54.009258 	52.392746 	51.623638 	54.405884 	51.894123 	58.137768 	
44.777225 	999.000000 	102.303467 	86.023254 	135.074051 	18.027756 	68.425140 	98.005104 	20.880613 	113.454834 	13.453624 	22.203604 	12.041595 	45.343136 	109.713264 	72.470680 	7.615773 	81.987801 	91.268837 	112.004463 	11.661903 	54.083271 	18.681541 	113.463654 	75.392311 	111.220505 	110.675201 	58.694122 	80.230919 	72.111023 	107.186752 	103.353760 	49.040798 	46.270943 	98.234413 	69.584480 	96.462425 	63.031738 	75.663727 	75.538071 	96.166519 	58.309521 	63.285069 	95.801880 	90.553848 	87.051712 	91.197586 	86.000000 	91.087868 	
58.728188 	102.303467 	999.000000 	17.492855 	35.341194 	88.413803 	38.470768 	25.238859 	96.176918 	21.587032 	105.152267 	81.024689 	104.847511 	57.008770 	16.763054 	34.438351 	104.690018 	25.298222 	16.124516 	10.440307 	99.005051 	54.708317 	92.849342 	14.000000 	38.078865 	14.560220 	14.866069 	55.542778 	34.365681 	42.449970 	16.401220 	20.000000 	73.409805 	77.388626 	30.463093 	56.885849 	35.114101 	65.000000 	55.145264 	56.142673 	39.217342 	74.040527 	72.780495 	44.271889 	56.089214 	62.514000 	60.207973 	65.375839 	70.035706 	
41.773197 	86.023254 	17.492855 	999.000000 	52.773098 	71.449280 	21.023796 	31.384710 	81.706795 	36.221542 	89.894379 	65.368187 	89.470665 	41.182522 	31.257000 	17.088007 	87.965904 	9.055386 	7.071068 	26.172504 	82.073135 	37.215588 	75.690155 	27.459061 	22.000000 	25.495098 	25.079872 	38.275318 	19.416489 	26.076809 	22.561028 	21.023796 	56.080299 	60.008331 	24.698177 	41.012192 	27.658634 	48.507732 	40.311287 	41.303753 	31.112698 	57.271286 	56.435802 	35.468296 	44.721359 	49.979996 	48.754486 	52.497620 	57.939625 	
93.005379 	135.074051 	35.341194 	52.773098 	999.000000 	122.441826 	73.790245 	40.249222 	126.210144 	22.825424 	136.235092 	113.145920 	136.124939 	89.938866 	25.612497 	69.778221 	138.191895 	60.539242 	50.921509 	29.427877 	132.909744 	89.944427 	127.200630 	32.015621 	73.054771 	36.013885 	37.013512 	90.873535 	68.963760 	77.491936 	42.047592 	48.093658 	108.747414 	112.729767 	60.074955 	91.482239 	65.069191 	99.929977 	89.050545 	90.027771 	69.028976 	109.110039 	107.563934 	74.006760 	87.091904 	94.260277 	91.049438 	97.329338 	101.044548 	
29.698484 	18.027756 	88.413803 	71.449280 	122.441826 	999.000000 	52.430908 	87.658424 	30.610456 	101.788994 	29.120440 	17.720045 	27.892651 	33.120991 	97.652443 	56.612720 	17.000000 	66.400299 	76.059189 	97.621719 	10.630146 	37.121422 	6.000000 	98.595131 	58.591808 	96.046867 	95.425362 	41.109608 	63.529522 	55.036350 	91.607857 	87.367043 	31.144823 	28.635643 	81.394104 	51.623638 	79.309517 	45.011108 	57.706154 	57.558666 	78.771820 	40.607880 	45.541191 	78.160095 	72.560318 	69.028976 	73.171036 	68.007355 	73.171036 	
23.769728 	68.425140 	38.470768 	21.023796 	73.790245 	52.430908 	999.000000 	48.093658 	67.896980 	56.515484 	74.330345 	49.729267 	73.681747 	27.018513 	51.662365 	4.242640 	69.339745 	14.142136 	24.083189 	46.400433 	63.007935 	16.401220 	56.080299 	46.690472 	9.486833 	43.863426 	43.185646 	17.464249 	13.000000 	9.899495 	39.204590 	34.985710 	35.114101 	39.000000 	30.594116 	23.409399 	30.016663 	29.068884 	25.238859 	26.076809 	31.144823 	37.121422 	37.054016 	32.984844 	35.805027 	38.209946 	39.051247 	39.824615 	46.097721 	
60.083275 	98.005104 	25.238859 	31.384710 	40.249222 	87.658424 	48.093658 	999.000000 	87.045967 	17.464249 	97.590981 	75.802376 	97.621719 	54.561890 	16.124516 	45.398239 	102.083298 	40.162170 	35.510563 	32.893768 	97.616600 	61.400326 	93.037628 	37.696156 	52.392746 	39.357338 	39.824615 	65.007690 	50.596443 	55.901699 	41.617306 	44.598206 	81.498466 	84.852814 	53.413483 	70.859016 	57.428215 	77.162170 	71.063354 	72.034714 	61.294373 	85.000000 	85.146935 	66.037865 	76.059189 	81.344948 	80.112419 	83.815269 	89.319649 	
45.044422 	20.880613 	96.176918 	81.706795 	126.210144 	30.610456 	67.896980 	87.045967 	999.000000 	103.711136 	11.704700 	19.104973 	12.369317 	41.231056 	100.603180 	71.386276 	28.460499 	79.812279 	87.920418 	106.437775 	30.528675 	57.035076 	34.655445 	108.747414 	76.419891 	107.154091 	106.775467 	63.285069 	80.752708 	74.108032 	104.062485 	101.242287 	59.236813 	57.697487 	98.478424 	75.802376 	97.739449 	71.309189 	81.614952 	81.743500 	98.325989 	69.079666 	73.736015 	99.045441 	96.519424 	94.540993 	98.005104 	94.148819 	99.924973 	
72.945183 	113.454834 	21.587032 	36.221542 	22.825424 	101.788994 	56.515484 	17.464249 	103.711136 	999.000000 	113.951744 	91.350975 	113.899078 	68.818604 	5.000000 	52.952808 	117.004272 	45.099888 	37.121422 	23.430750 	112.071404 	71.784401 	106.850365 	28.319605 	58.137768 	31.400637 	32.202484 	73.979729 	55.000000 	62.289646 	35.846897 	40.718548 	91.482239 	95.210297 	51.865211 	77.162170 	56.612720 	84.717178 	76.006577 	77.006493 	60.728905 	93.380943 	92.655273 	65.802734 	77.665955 	84.011902 	81.786308 	86.833176 	91.591484 	
50.695168 	13.453624 	105.152267 	89.894379 	136.235092 	29.120440 	74.330345 	97.590981 	11.704700 	113.951744 	999.000000 	24.698177 	1.414214 	48.754486 	110.634537 	78.108902 	20.615528 	87.091904 	95.754898 	115.247559 	25.000000 	61.660358 	31.304953 	117.239075 	82.225304 	115.381973 	114.934761 	67.186310 	86.833176 	79.429214 	111.892807 	108.632408 	60.016663 	57.723480 	104.809349 	79.000000 	103.585716 	73.334846 	85.005882 	85.000000 	103.754517 	69.634758 	74.525162 	103.947105 	100.004997 	97.185387 	101.044548 	96.420952 	101.833199 	
26.305893 	22.203604 	81.024689 	65.368187 	113.145920 	17.720045 	49.729267 	75.802376 	19.104973 	91.350975 	24.698177 	999.000000 	24.166092 	24.186773 	87.692642 	53.450912 	26.925823 	62.393909 	71.112587 	90.972527 	24.186773 	38.000000 	23.537205 	92.784698 	57.870544 	90.824005 	90.354858 	44.181442 	62.369865 	55.326305 	87.235313 	83.934502 	41.182522 	40.224369 	80.280754 	56.718605 	79.246452 	52.497620 	62.514000 	62.649822 	79.630394 	51.000000 	55.461697 	80.156097 	77.414467 	75.504967 	78.917679 	75.186432 	81.043198 	
50.000000 	12.041595 	104.847511 	89.470665 	136.124939 	27.892651 	73.681747 	97.621719 	12.369317 	113.899078 	1.414214 	24.166092 	999.000000 	48.301140 	110.535065 	77.491936 	19.209373 	86.539009 	95.273293 	114.908661 	23.600847 	60.827625 	29.966648 	116.846054 	81.492332 	114.947815 	114.490173 	66.272163 	86.127815 	78.644768 	111.400177 	108.078674 	58.855755 	56.515484 	104.120125 	78.006409 	102.839684 	72.249565 	84.023804 	84.005951 	102.961159 	68.447060 	73.348480 	103.097038 	99.020203 	96.130119 	100.019997 	95.336250 	100.717430 	
9.433981 	45.343136 	57.008770 	41.182522 	89.938866 	33.120991 	27.018513 	54.561890 	41.231056 	68.818604 	48.754486 	24.186773 	48.301140 	999.000000 	64.815125 	30.265491 	48.270073 	38.600517 	47.010635 	66.850578 	43.266617 	20.808653 	38.483765 	68.600288 	36.055511 	66.648331 	66.189125 	28.017851 	40.012497 	34.525352 	63.158531 	60.083275 	35.341194 	37.000000 	57.428215 	40.816662 	57.035076 	40.311287 	45.617977 	46.065170 	58.034473 	43.266617 	46.227695 	59.413803 	59.464275 	59.481091 	61.846584 	60.033325 	66.370171 	
68.600288 	109.713264 	16.763054 	31.257000 	25.612497 	97.652443 	51.662365 	16.124516 	100.603180 	5.000000 	110.634537 	87.692642 	110.535065 	64.815125 	999.000000 	48.052055 	113.070778 	40.112343 	32.140316 	19.849434 	108.004631 	67.067131 	102.625534 	24.839485 	53.150730 	27.586229 	28.319605 	69.123077 	50.000000 	57.314919 	31.622776 	36.235340 	86.683334 	90.443352 	47.169907 	72.173401 	51.865211 	79.762146 	71.007042 	72.006943 	55.973209 	88.459030 	87.692642 	61.032780 	72.780495 	79.075912 	76.902534 	81.884064 	86.683334 	
27.730848 	72.470680 	34.438351 	17.088007 	69.778221 	56.612720 	4.242640 	45.398239 	71.386276 	52.952808 	78.108902 	53.450912 	77.491936 	30.265491 	48.052055 	999.000000 	73.498299 	9.899495 	19.849434 	42.201897 	67.201187 	20.615528 	60.307545 	42.449970 	8.485281 	39.623226 	38.948685 	21.189621 	10.440307 	10.770329 	35.000000 	30.886890 	39.000000 	42.953465 	27.166155 	25.495098 	27.073973 	32.015621 	26.400757 	27.313000 	28.635643 	40.447498 	40.012497 	31.016125 	35.383614 	38.600517 	38.897301 	40.496914 	46.615448 	
46.227695 	7.615773 	104.690018 	87.965904 	138.191895 	17.000000 	69.339745 	102.083298 	28.460499 	117.004272 	20.615528 	26.925823 	19.209373 	48.270073 	113.070778 	73.498299 	999.000000 	83.234612 	92.800865 	114.109596 	7.071068 	54.120235 	15.132746 	115.256233 	75.591003 	112.800713 	112.200714 	57.939625 	80.529495 	72.013885 	108.466583 	104.307236 	46.270943 	43.046486 	98.386993 	67.911705 	96.254868 	60.671246 	73.979729 	73.756355 	95.634720 	55.009090 	60.008331 	94.868332 	88.645363 	84.593147 	88.955048 	83.294655 	88.051125 	
37.215588 	81.987801 	25.298222 	9.055386 	60.539242 	66.400299 	14.142136 	40.162170 	79.812279 	45.099888 	87.091904 	62.393909 	86.539009 	38.600517 	40.112343 	9.899495 	83.234612 	999.000000 	10.000000 	32.449963 	77.006493 	30.479502 	70.178345 	32.557640 	13.038404 	29.732138 	29.068884 	30.413813 	10.440307 	17.262676 	25.238859 	21.540659 	48.301140 	52.354561 	20.396078 	32.062439 	21.931713 	39.812057 	31.257000 	32.249031 	24.698177 	48.764740 	47.675991 	28.425341 	36.359318 	41.231056 	40.311287 	43.657761 	49.244289 	
46.615448 	91.268837 	16.124516 	7.071068 	50.921509 	76.059189 	24.083189 	35.510563 	87.920418 	37.121422 	95.754898 	71.112587 	95.273293 	47.010635 	32.140316 	19.849434 	92.800865 	10.000000 	999.000000 	22.472204 	86.683334 	40.459858 	79.981247 	22.627417 	22.135944 	20.000000 	19.416489 	40.311287 	18.248287 	26.570660 	16.155495 	14.000000 	58.180752 	62.265560 	18.439089 	40.792156 	22.022715 	49.040798 	39.051247 	40.049969 	25.806976 	58.189346 	56.753853 	30.528675 	41.109608 	47.074409 	45.221676 	49.819675 	54.817879 	
67.941154 	112.004463 	10.440307 	26.172504 	29.427877 	97.621719 	46.400433 	32.893768 	106.437775 	23.430750 	115.247559 	90.972527 	114.908661 	66.850578 	19.849434 	42.201897 	114.109596 	32.449963 	22.472204 	999.000000 	108.245094 	62.801273 	101.833199 	5.000000 	44.283180 	8.062258 	8.944272 	62.769421 	39.924931 	48.754486 	13.341664 	19.104973 	80.622574 	84.723076 	31.064449 	62.297672 	36.055511 	70.936592 	59.665737 	60.638271 	40.112343 	80.230919 	78.434685 	45.177429 	58.008621 	65.030762 	62.032249 	68.066147 	72.027771 	
40.311287 	11.661903 	99.005051 	82.073135 	132.909744 	10.630146 	63.007935 	97.616600 	30.528675 	112.071404 	25.000000 	24.186773 	23.600847 	43.266617 	108.004631 	67.201187 	7.071068 	77.006493 	86.683334 	108.245094 	999.000000 	47.507893 	8.062258 	109.224541 	68.963760 	106.667709 	106.042442 	51.078373 	73.925636 	65.299309 	102.200783 	97.908119 	39.204590 	36.013885 	91.706055 	60.876926 	89.470665 	53.600372 	66.940269 	66.708321 	88.769363 	48.000000 	53.000000 	87.920418 	81.584312 	77.524193 	81.884064 	76.236473 	81.024689 	
12.649111 	54.083271 	54.708317 	37.215588 	89.944427 	37.121422 	16.401220 	61.400326 	57.035076 	71.784401 	61.660358 	38.000000 	60.827625 	20.808653 	67.067131 	20.615528 	54.120235 	30.479502 	40.459858 	62.801273 	47.507893 	999.000000 	40.224369 	63.031738 	21.470911 	60.108234 	59.396969 	7.211102 	26.419689 	18.027756 	55.226807 	50.606323 	20.099751 	23.537205 	44.283180 	20.124611 	42.379242 	20.000000 	25.298222 	25.632011 	42.201897 	25.000000 	26.832815 	42.296574 	39.812057 	39.000000 	41.761227 	39.357338 	45.650848 	
34.205261 	18.681541 	92.849342 	75.690155 	127.200630 	6.000000 	56.080299 	93.037628 	34.655445 	106.850365 	31.304953 	23.537205 	29.966648 	38.483765 	102.625534 	60.307545 	15.132746 	70.178345 	79.981247 	101.833199 	8.062258 	40.224369 	999.000000 	102.591423 	61.587337 	99.904953 	99.247169 	43.382023 	66.573265 	57.801384 	95.268044 	90.801979 	31.144823 	28.000000 	84.219948 	52.886673 	81.841309 	45.541191 	58.940647 	58.694122 	81.024689 	40.012497 	45.011108 	80.056229 	73.545906 	69.462219 	73.824112 	68.183578 	73.006851 	
69.028976 	113.463654 	14.000000 	27.459061 	32.015621 	98.595131 	46.690472 	37.696156 	108.747414 	28.319605 	117.239075 	92.784698 	116.846054 	68.600288 	24.839485 	42.449970 	115.256233 	32.557640 	22.627417 	5.000000 	109.224541 	63.031738 	102.591423 	999.000000 	43.566040 	4.000000 	5.000000 	62.425957 	38.948685 	48.020828 	10.049875 	16.124516 	80.156097 	84.314888 	28.071337 	60.926186 	33.060551 	69.778221 	57.870544 	58.821766 	37.013512 	79.158073 	77.077881 	42.000000 	55.081757 	62.289646 	59.033890 	65.375839 	69.028976 	
31.575306 	75.392311 	38.078865 	22.000000 	73.054771 	58.591808 	9.486833 	52.392746 	76.419891 	58.137768 	82.225304 	57.870544 	81.492332 	36.055511 	53.150730 	8.485281 	75.591003 	13.038404 	22.135944 	44.283180 	68.963760 	21.470911 	61.587337 	43.566040 	999.000000 	40.224369 	39.408119 	19.104973 	5.000000 	4.472136 	34.828148 	29.698484 	36.619667 	40.804413 	22.847319 	19.026299 	21.377558 	26.925823 	18.681541 	19.646883 	22.000000 	36.055511 	34.713108 	23.537205 	26.907248 	30.232433 	30.413813 	32.249031 	38.275318 	
66.610809 	111.220505 	14.560220 	25.495098 	36.013885 	96.046867 	43.863426 	39.357338 	107.154091 	31.400637 	115.381973 	90.824005 	114.947815 	66.648331 	27.586229 	39.623226 	112.800713 	29.732138 	20.000000 	8.062258 	106.667709 	60.108234 	99.904953 	4.000000 	40.224369 	999.000000 	1.000000 	59.203041 	35.510563 	44.654228 	6.082763 	12.165525 	76.843994 	81.024689 	24.083189 	57.271286 	29.068884 	66.189125 	54.083271 	55.027267 	33.015148 	75.591003 	73.409805 	38.000000 	51.088158 	58.309521 	55.036350 	61.400326 	65.030762 	
66.030296 	110.675201 	14.866069 	25.079872 	37.013512 	95.425362 	43.185646 	39.824615 	106.775467 	32.202484 	114.934761 	90.354858 	114.490173 	66.189125 	28.319605 	38.948685 	112.200714 	29.068884 	19.416489 	8.944272 	106.042442 	59.396969 	99.247169 	5.000000 	39.408119 	1.000000 	999.000000 	58.412327 	34.669872 	43.829212 	5.099020 	11.180340 	76.026314 	80.212219 	23.086792 	56.364883 	28.071337 	65.299309 	53.141319 	54.083271 	32.015621 	74.706093 	72.498276 	37.000000 	50.089920 	57.314919 	54.037025 	60.406952 	64.031242 	
19.697716 	58.694122 	55.542778 	38.275318 	90.873535 	41.109608 	17.464249 	65.007690 	63.285069 	73.979729 	67.186310 	44.181442 	66.272163 	28.017851 	69.123077 	21.189621 	57.939625 	30.413813 	40.311287 	62.769421 	51.078373 	7.211102 	43.382023 	62.425957 	19.104973 	59.203041 	58.412327 	999.000000 	24.041630 	14.866069 	53.907330 	48.795490 	17.888544 	21.954498 	41.048752 	13.000000 	38.470768 	13.416408 	18.439089 	18.681541 	37.696156 	20.024984 	20.880613 	37.107952 	33.241539 	31.953091 	34.928497 	32.202484 	38.470768 	
36.138622 	80.230919 	34.365681 	19.416489 	68.963760 	63.529522 	13.000000 	50.596443 	80.752708 	55.000000 	86.833176 	62.369865 	86.127815 	40.012497 	50.000000 	10.440307 	80.529495 	10.440307 	18.248287 	39.924931 	73.925636 	26.419689 	66.573265 	38.948685 	5.000000 	35.510563 	34.669872 	24.041630 	999.000000 	9.219544 	30.000000 	24.758837 	41.400482 	45.607018 	18.027756 	22.561028 	17.029387 	31.016125 	21.023796 	22.022715 	18.248287 	40.311287 	38.600517 	20.615528 	26.400757 	30.870699 	30.232433 	33.241539 	38.910152 	
29.068884 	72.111023 	42.449970 	26.076809 	77.491936 	55.036350 	9.899495 	55.901699 	74.108032 	62.289646 	79.429214 	55.326305 	78.644768 	34.525352 	57.314919 	10.770329 	72.013885 	17.262676 	26.570660 	48.754486 	65.299309 	18.027756 	57.801384 	48.020828 	4.472136 	44.654228 	43.829212 	14.866069 	9.219544 	999.000000 	39.204590 	33.970577 	32.202484 	36.400551 	26.419689 	15.033297 	24.351591 	22.561028 	15.652476 	16.552946 	24.331051 	31.622776 	30.413813 	25.019993 	26.076809 	28.319605 	29.206163 	30.000000 	36.235340 	
62.433964 	107.186752 	16.401220 	22.561028 	42.047592 	91.607857 	39.204590 	41.617306 	104.062485 	35.846897 	111.892807 	87.235313 	111.400177 	63.158531 	31.622776 	35.000000 	108.466583 	25.238859 	16.155495 	13.341664 	102.200783 	55.226807 	95.268044 	10.049875 	34.828148 	6.082763 	5.099020 	53.907330 	30.000000 	39.204590 	999.000000 	6.082763 	71.400284 	75.604233 	18.027756 	51.429562 	23.021729 	60.415230 	48.104053 	49.040798 	27.000000 	69.835518 	67.542580 	32.015621 	45.044422 	52.239830 	49.010204 	55.326305 	59.008472 	
58.591808 	103.353760 	20.000000 	21.023796 	48.093658 	87.367043 	34.985710 	44.598206 	101.242287 	40.718548 	108.632408 	83.934502 	108.078674 	60.083275 	36.235340 	30.886890 	104.307236 	21.540659 	14.000000 	19.104973 	97.908119 	50.606323 	90.801979 	16.124516 	29.698484 	12.165525 	11.180340 	48.795490 	24.758837 	33.970577 	6.082763 	999.000000 	66.068146 	70.292244 	12.000000 	45.650848 	17.000000 	54.708317 	42.154476 	43.081318 	21.023796 	64.140472 	61.717098 	26.076809 	39.012817 	46.173584 	43.000000 	49.254440 	53.000000 	
26.000000 	49.040798 	73.409805 	56.080299 	108.747414 	31.144823 	35.114101 	81.498466 	59.236813 	91.482239 	60.016663 	41.182522 	58.855755 	35.341194 	86.683334 	39.000000 	46.270943 	48.301140 	58.180752 	80.622574 	39.204590 	20.099751 	31.144823 	80.156097 	36.619667 	76.843994 	76.026314 	17.888544 	41.400482 	32.202484 	71.400284 	66.068146 	999.000000 	4.242640 	57.314919 	22.825424 	54.037025 	14.560220 	28.635643 	28.231188 	52.430908 	9.848858 	14.560220 	50.606323 	42.720020 	38.327538 	42.755116 	37.054016 	42.047592 	
27.892651 	46.270943 	77.388626 	60.008331 	112.729767 	28.635643 	39.000000 	84.852814 	57.697487 	95.210297 	57.723480 	40.224369 	56.515484 	37.000000 	90.443352 	42.953465 	43.046486 	52.354561 	62.265560 	84.723076 	36.013885 	23.537205 	28.000000 	84.314888 	40.804413 	81.024689 	80.212219 	21.954498 	45.607018 	36.400551 	75.604233 	70.292244 	4.242640 	999.000000 	61.554855 	26.925823 	58.258045 	18.384777 	32.649654 	32.202484 	56.612720 	12.041595 	17.029387 	54.708317 	46.486557 	41.773197 	46.324940 	40.311287 	45.011108 	
54.120235 	98.234413 	30.463093 	24.698177 	60.074955 	81.394104 	30.594116 	53.413483 	98.478424 	51.865211 	104.809349 	80.280754 	104.120125 	57.428215 	47.169907 	27.166155 	98.386993 	20.396078 	18.439089 	31.064449 	91.706055 	44.283180 	84.219948 	28.071337 	22.847319 	24.083189 	23.086792 	41.048752 	18.027756 	26.419689 	18.027756 	12.000000 	57.314919 	61.554855 	999.000000 	35.608986 	5.000000 	44.821869 	31.384710 	32.249031 	9.055386 	54.203320 	51.312767 	14.142136 	27.018513 	34.234486 	31.000000 	37.336308 	41.000000 	
32.695564 	69.584480 	56.885849 	41.012192 	91.482239 	51.623638 	23.409399 	70.859016 	75.802376 	77.162170 	79.000000 	56.718605 	78.006409 	40.816662 	72.173401 	25.495098 	67.911705 	32.062439 	40.792156 	62.297672 	60.876926 	20.124611 	52.886673 	60.926186 	19.026299 	57.271286 	56.364883 	13.000000 	22.561028 	15.033297 	51.429562 	45.650848 	22.825424 	26.925823 	35.608986 	999.000000 	31.827662 	9.219544 	6.082763 	6.000000 	29.832869 	18.601076 	16.155495 	27.784887 	21.023796 	18.973665 	22.203604 	19.235384 	25.553865 	
52.952808 	96.462425 	35.114101 	27.658634 	65.069191 	79.309517 	30.016663 	57.428215 	97.739449 	56.612720 	103.585716 	79.246452 	102.839684 	57.035076 	51.865211 	27.073973 	96.254868 	21.931713 	22.022715 	36.055511 	89.470665 	42.379242 	81.841309 	33.060551 	21.377558 	29.068884 	28.071337 	38.470768 	17.029387 	24.351591 	23.021729 	17.000000 	54.037025 	58.258045 	5.000000 	31.827662 	999.000000 	41.036568 	27.202942 	28.017851 	4.123106 	50.328918 	47.201694 	9.219544 	22.022715 	29.274563 	26.000000 	32.388271 	36.000000 	
31.240999 	63.031738 	65.000000 	48.507732 	99.929977 	45.011108 	29.068884 	77.162170 	71.309189 	84.717178 	73.334846 	52.497620 	72.249565 	40.311287 	79.762146 	32.015621 	60.671246 	39.812057 	49.040798 	70.936592 	53.600372 	20.000000 	45.541191 	69.778221 	26.925823 	66.189125 	65.299309 	13.416408 	31.016125 	22.561028 	60.415230 	54.708317 	14.560220 	18.384777 	44.821869 	9.219544 	41.036568 	999.000000 	14.422205 	13.892444 	38.948685 	9.433981 	8.000000 	36.619667 	28.160255 	24.020824 	28.284271 	23.086792 	28.635643 	
37.947330 	75.663727 	55.145264 	40.311287 	89.050545 	57.706154 	25.238859 	71.063354 	81.614952 	76.006577 	85.005882 	62.514000 	84.023804 	45.617977 	71.007042 	26.400757 	73.979729 	31.257000 	39.051247 	59.665737 	66.940269 	25.298222 	58.940647 	57.870544 	18.681541 	54.083271 	53.141319 	18.439089 	21.023796 	15.652476 	48.104053 	42.154476 	28.635643 	32.649654 	31.384710 	6.082763 	27.202942 	14.422205 	999.000000 	1.000000 	24.758837 	23.345236 	20.000000 	22.203604 	15.000000 	13.892444 	16.492422 	14.866069 	21.260292 	
38.275318 	75.538071 	56.142673 	41.303753 	90.027771 	57.558666 	26.076809 	72.034714 	81.743500 	77.006493 	85.000000 	62.649822 	84.005951 	46.065170 	72.006943 	27.313000 	73.756355 	32.249031 	40.049969 	60.638271 	66.708321 	25.632011 	58.694122 	58.821766 	19.646883 	55.027267 	54.083271 	18.681541 	22.022715 	16.552946 	49.040798 	43.081318 	28.231188 	32.202484 	32.249031 	6.000000 	28.017851 	13.892444 	1.000000 	999.000000 	25.495098 	22.671568 	19.209373 	22.803509 	15.033297 	13.416408 	16.278820 	14.212670 	20.615528 	
53.338543 	96.166519 	39.217342 	31.112698 	69.028976 	78.771820 	31.144823 	61.294373 	98.325989 	60.728905 	103.754517 	79.630394 	102.961159 	58.034473 	55.973209 	28.635643 	95.634720 	24.698177 	25.806976 	40.112343 	88.769363 	42.201897 	81.024689 	37.013512 	22.000000 	33.015148 	32.015621 	37.696156 	18.248287 	24.331051 	27.000000 	21.023796 	52.430908 	56.612720 	9.055386 	29.832869 	4.123106 	38.948685 	24.758837 	25.495098 	999.000000 	48.083260 	44.687805 	5.099020 	18.110771 	25.495098 	22.022715 	28.635643 	32.015621 	
33.837849 	58.309521 	74.040527 	57.271286 	109.110039 	40.607880 	37.121422 	85.000000 	69.079666 	93.380943 	69.634758 	51.000000 	68.447060 	43.266617 	88.459030 	40.447498 	55.009090 	48.764740 	58.189346 	80.230919 	48.000000 	25.000000 	40.012497 	79.158073 	36.055511 	75.591003 	74.706093 	20.024984 	40.311287 	31.622776 	69.835518 	64.140472 	9.848858 	12.041595 	54.203320 	18.601076 	50.328918 	9.433981 	23.345236 	22.671568 	48.083260 	999.000000 	5.000000 	45.453274 	35.777088 	30.364452 	35.114101 	28.635643 	33.060551 	
36.878178 	63.285069 	72.780495 	56.435802 	107.563934 	45.541191 	37.054016 	85.146935 	73.736015 	92.655273 	74.525162 	55.461697 	73.348480 	46.227695 	87.692642 	40.012497 	60.008331 	47.675991 	56.753853 	78.434685 	53.000000 	26.832815 	45.011108 	77.077881 	34.713108 	73.409805 	72.498276 	20.880613 	38.600517 	30.413813 	67.542580 	61.717098 	14.560220 	17.029387 	51.312767 	16.155495 	47.201694 	8.000000 	20.000000 	19.209373 	44.687805 	5.000000 	999.000000 	41.725292 	31.384710 	25.632011 	30.463093 	23.769728 	28.071337 	
54.009258 	95.801880 	44.271889 	35.468296 	74.006760 	78.160095 	32.984844 	66.037865 	99.045441 	65.802734 	103.947105 	80.156097 	103.097038 	59.413803 	61.032780 	31.016125 	94.868332 	28.425341 	30.528675 	45.177429 	87.920418 	42.296574 	80.056229 	42.000000 	23.537205 	38.000000 	37.000000 	37.107952 	20.615528 	25.019993 	32.015621 	26.076809 	50.606323 	54.708317 	14.142136 	27.784887 	9.219544 	36.619667 	22.203604 	22.803509 	5.099020 	45.453274 	41.725292 	999.000000 	13.341664 	20.880613 	17.117243 	24.041630 	27.073973 	
52.392746 	90.553848 	56.089214 	44.721359 	87.091904 	72.560318 	35.805027 	76.059189 	96.519424 	77.665955 	100.004997 	77.414467 	99.020203 	59.464275 	72.780495 	35.383614 	88.645363 	36.359318 	41.109608 	58.008621 	81.584312 	39.812057 	73.545906 	55.081757 	26.907248 	51.088158 	50.089920 	33.241539 	26.400757 	26.076809 	45.044422 	39.012817 	42.720020 	46.486557 	27.018513 	21.023796 	22.022715 	28.160255 	15.000000 	15.033297 	18.110771 	35.777088 	31.384710 	13.341664 	999.000000 	7.615773 	4.123106 	10.770329 	14.035668 	
51.623638 	87.051712 	62.514000 	49.979996 	94.260277 	69.028976 	38.209946 	81.344948 	94.540993 	84.011902 	97.185387 	75.504967 	96.130119 	59.481091 	79.075912 	38.600517 	84.593147 	41.231056 	47.074409 	65.030762 	77.524193 	39.000000 	69.462219 	62.289646 	30.232433 	58.309521 	57.314919 	31.953091 	30.870699 	28.319605 	52.239830 	46.173584 	38.327538 	41.773197 	34.234486 	18.973665 	29.274563 	24.020824 	13.892444 	13.416408 	25.495098 	30.364452 	25.632011 	20.880613 	7.615773 	999.000000 	5.000000 	3.162278 	8.062258 	
54.405884 	91.197586 	60.207973 	48.754486 	91.049438 	73.171036 	39.051247 	80.112419 	98.005104 	81.786308 	101.044548 	78.917679 	100.019997 	61.846584 	76.902534 	38.897301 	88.955048 	40.311287 	45.221676 	62.032249 	81.884064 	41.761227 	73.824112 	59.033890 	30.413813 	55.036350 	54.037025 	34.928497 	30.232433 	29.206163 	49.010204 	43.000000 	42.755116 	46.324940 	31.000000 	22.203604 	26.000000 	28.284271 	16.492422 	16.278820 	22.022715 	35.114101 	30.463093 	17.117243 	4.123106 	5.000000 	999.000000 	7.810250 	10.000000 	
51.894123 	86.000000 	65.375839 	52.497620 	97.329338 	68.007355 	39.824615 	83.815269 	94.148819 	86.833176 	96.420952 	75.186432 	95.336250 	60.033325 	81.884064 	40.496914 	83.294655 	43.657761 	49.819675 	68.066147 	76.236473 	39.357338 	68.183578 	65.375839 	32.249031 	61.400326 	60.406952 	32.202484 	33.241539 	30.000000 	55.326305 	49.254440 	37.054016 	40.311287 	37.336308 	19.235384 	32.388271 	23.086792 	14.866069 	14.212670 	28.635643 	28.635643 	23.769728 	24.041630 	10.770329 	3.162278 	7.810250 	999.000000 	6.403124 	
58.137768 	91.087868 	70.035706 	57.939625 	101.044548 	73.171036 	46.097721 	89.319649 	99.924973 	91.591484 	101.833199 	81.043198 	100.717430 	66.370171 	86.683334 	46.615448 	88.051125 	49.244289 	54.817879 	72.027771 	81.024689 	45.650848 	73.006851 	69.028976 	38.275318 	65.030762 	64.031242 	38.470768 	38.910152 	36.235340 	59.008472 	53.000000 	42.047592 	45.011108 	41.000000 	25.553865 	36.000000 	28.635643 	21.260292 	20.615528 	32.015621 	33.060551 	28.071337 	27.073973 	14.035668 	8.062258 	10.000000 	6.403124 	999.000000 	

Travel time:
9.000000 	1.119431 	1.468205 	1.044330 	2.325135 	0.742462 	0.594243 	1.502082 	1.126111 	1.823630 	1.267379 	0.657647 	1.250000 	0.235850 	1.715007 	0.693271 	1.155692 	0.930390 	1.165386 	1.698529 	1.007782 	0.316228 	0.855132 	1.725724 	0.789383 	1.665270 	1.650757 	0.492443 	0.903466 	0.726722 	1.560849 	1.464795 	0.650000 	0.697316 	1.353006 	0.817389 	1.323820 	0.781025 	0.948683 	0.956883 	1.333464 	0.845946 	0.921954 	1.350231 	1.309819 	1.290591 	1.360147 	1.297353 	1.453444 	
1.119431 	9.000000 	2.557587 	2.150581 	3.376851 	0.450694 	1.710629 	2.450128 	0.522015 	2.836371 	0.336341 	0.555090 	0.301040 	1.133578 	2.742832 	1.811767 	0.190394 	2.049695 	2.281721 	2.800112 	0.291548 	1.352082 	0.467039 	2.836591 	1.884808 	2.780513 	2.766880 	1.467353 	2.005773 	1.802776 	2.679669 	2.583844 	1.226020 	1.156774 	2.455860 	1.739612 	2.411561 	1.575794 	1.891593 	1.888452 	2.404163 	1.457738 	1.582127 	2.395047 	2.263846 	2.176293 	2.279940 	2.150000 	2.277197 	
1.468205 	2.557587 	9.000000 	0.437321 	0.883530 	2.210345 	0.961769 	0.630971 	2.404423 	0.539676 	2.628807 	2.025617 	2.621188 	1.425219 	0.419076 	0.860959 	2.617250 	0.632456 	0.403113 	0.261008 	2.475126 	1.367708 	2.321234 	0.350000 	0.951972 	0.364006 	0.371652 	1.388569 	0.859142 	1.061249 	0.410031 	0.500000 	1.835245 	1.934716 	0.761577 	1.422146 	0.877853 	1.625000 	1.378632 	1.403567 	0.980434 	1.851013 	1.819512 	1.106797 	1.402230 	1.562850 	1.505199 	1.634396 	1.750893 	
1.044330 	2.150581 	0.437321 	9.000000 	1.319327 	1.786232 	0.525595 	0.784618 	2.042670 	0.905539 	2.247360 	1.634205 	2.236767 	1.029563 	0.781425 	0.427200 	2.199148 	0.226385 	0.176777 	0.654313 	2.051828 	0.930390 	1.892254 	0.686477 	0.550000 	0.637377 	0.626997 	0.956883 	0.485412 	0.651920 	0.564026 	0.525595 	1.402007 	1.500208 	0.617454 	1.025305 	0.691466 	1.212693 	1.007782 	1.032594 	0.777817 	1.431782 	1.410895 	0.886707 	1.118034 	1.249500 	1.218862 	1.312441 	1.448491 	
2.325135 	3.376851 	0.883530 	1.319327 	9.000000 	3.061046 	1.844756 	1.006231 	3.155254 	0.570636 	3.405877 	2.828648 	3.403123 	2.248472 	0.640312 	1.744456 	3.454797 	1.513481 	1.273038 	0.735697 	3.322744 	2.248611 	3.180016 	0.800391 	1.826369 	0.900347 	0.925338 	2.271838 	1.724094 	1.937298 	1.051190 	1.202341 	2.718685 	2.818244 	1.501874 	2.287056 	1.626730 	2.498250 	2.226264 	2.250694 	1.725724 	2.727751 	2.689098 	1.850169 	2.177298 	2.356507 	2.276236 	2.433233 	2.526114 	
0.742462 	0.450694 	2.210345 	1.786232 	3.061046 	9.000000 	1.310773 	2.191461 	0.765261 	2.544725 	0.728011 	0.443001 	0.697316 	0.828025 	2.441311 	1.415318 	0.425000 	1.660007 	1.901480 	2.440543 	0.265754 	0.928036 	0.150000 	2.464878 	1.464795 	2.401172 	2.385634 	1.027740 	1.588238 	1.375909 	2.290196 	2.184176 	0.778621 	0.715891 	2.034853 	1.290591 	1.982738 	1.125278 	1.442654 	1.438967 	1.969296 	1.015197 	1.138530 	1.954002 	1.814008 	1.725724 	1.829276 	1.700184 	1.829276 	
0.594243 	1.710629 	0.961769 	0.525595 	1.844756 	1.310773 	9.000000 	1.202341 	1.697425 	1.412887 	1.858259 	1.243232 	1.842044 	0.675463 	1.291559 	0.106066 	1.733494 	0.353553 	0.602080 	1.160011 	1.575198 	0.410031 	1.402007 	1.167262 	0.237171 	1.096586 	1.079641 	0.436606 	0.325000 	0.247487 	0.980115 	0.874643 	0.877853 	0.975000 	0.764853 	0.585235 	0.750417 	0.726722 	0.630971 	0.651920 	0.778621 	0.928036 	0.926350 	0.824621 	0.895126 	0.955249 	0.976281 	0.995615 	1.152443 	
1.502082 	2.450128 	0.630971 	0.784618 	1.006231 	2.191461 	1.202341 	9.000000 	2.176149 	0.436606 	2.439775 	1.895059 	2.440543 	1.364047 	0.403113 	1.134956 	2.552083 	1.004054 	0.887764 	0.822344 	2.440415 	1.535008 	2.325941 	0.942404 	1.309819 	0.983933 	0.995615 	1.625192 	1.264911 	1.397542 	1.040433 	1.114955 	2.037462 	2.121320 	1.335337 	1.771475 	1.435705 	1.929054 	1.776584 	1.800868 	1.532359 	2.125000 	2.128673 	1.650947 	1.901480 	2.033624 	2.002810 	2.095382 	2.232991 	
1.126111 	0.522015 	2.404423 	2.042670 	3.155254 	0.765261 	1.697425 	2.176149 	9.000000 	2.592778 	0.292617 	0.477624 	0.309233 	1.030776 	2.515079 	1.784657 	0.711512 	1.995307 	2.198010 	2.660944 	0.763217 	1.425877 	0.866386 	2.718685 	1.910497 	2.678852 	2.669387 	1.582127 	2.018818 	1.852701 	2.601562 	2.531057 	1.480920 	1.442437 	2.461961 	1.895059 	2.443486 	1.782730 	2.040374 	2.043587 	2.458150 	1.726992 	1.843400 	2.476136 	2.412986 	2.363525 	2.450128 	2.353720 	2.498124 	
1.823630 	2.836371 	0.539676 	0.905539 	0.570636 	2.544725 	1.412887 	0.436606 	2.592778 	9.000000 	2.848794 	2.283774 	2.847477 	1.720465 	0.125000 	1.323820 	2.925107 	1.127497 	0.928036 	0.585769 	2.801785 	1.794610 	2.671259 	0.707990 	1.453444 	0.785016 	0.805062 	1.849493 	1.375000 	1.557241 	0.896172 	1.017964 	2.287056 	2.380257 	1.296630 	1.929054 	1.415318 	2.117929 	1.900164 	1.925162 	1.518223 	2.334524 	2.316382 	1.645068 	1.941649 	2.100297 	2.044658 	2.170829 	2.289787 	
1.267379 	0.336341 	2.628807 	2.247360 	3.405877 	0.728011 	1.858259 	2.439775 	0.292617 	2.848794 	9.000000 	0.617454 	0.035355 	1.218862 	2.765863 	1.952723 	0.515388 	2.177298 	2.393872 	2.881189 	0.625000 	1.541509 	0.782624 	2.930977 	2.055633 	2.884549 	2.873369 	1.679658 	2.170829 	1.985730 	2.797320 	2.715810 	1.500417 	1.443087 	2.620234 	1.975000 	2.589643 	1.833371 	2.125147 	2.125000 	2.593863 	1.740869 	1.863129 	2.598678 	2.500125 	2.429635 	2.526114 	2.410524 	2.545830 	
0.657647 	0.555090 	2.025617 	1.634205 	2.828648 	0.443001 	1.243232 	1.895059 	0.477624 	2.283774 	0.617454 	9.000000 	0.604152 	0.604669 	2.192316 	1.336273 	0.673146 	1.559848 	1.777815 	2.274313 	0.604669 	0.950000 	0.588430 	2.319618 	1.446764 	2.270600 	2.258872 	1.104536 	1.559247 	1.383158 	2.180883 	2.098362 	1.029563 	1.005609 	2.007019 	1.417965 	1.981161 	1.312441 	1.562850 	1.566246 	1.990760 	1.275000 	1.386542 	2.003902 	1.935362 	1.887624 	1.972942 	1.879661 	2.026080 	
1.250000 	0.301040 	2.621188 	2.236767 	3.403123 	0.697316 	1.842044 	2.440543 	0.309233 	2.847477 	0.035355 	0.604152 	9.000000 	1.207528 	2.763377 	1.937298 	0.480234 	2.163475 	2.381832 	2.872716 	0.590021 	1.520691 	0.749166 	2.921151 	2.037308 	2.873695 	2.862254 	1.656804 	2.153195 	1.966119 	2.785004 	2.701967 	1.471394 	1.412887 	2.603003 	1.950160 	2.570992 	1.806239 	2.100595 	2.100149 	2.574029 	1.711177 	1.833712 	2.577426 	2.475505 	2.403253 	2.500500 	2.383406 	2.517936 	
0.235850 	1.133578 	1.425219 	1.029563 	2.248472 	0.828025 	0.675463 	1.364047 	1.030776 	1.720465 	1.218862 	0.604669 	1.207528 	9.000000 	1.620378 	0.756637 	1.206752 	0.965013 	1.175266 	1.671264 	1.081665 	0.520216 	0.962094 	1.715007 	0.901388 	1.666208 	1.654728 	0.700446 	1.000312 	0.863134 	1.578963 	1.502082 	0.883530 	0.925000 	1.435705 	1.020416 	1.425877 	1.007782 	1.140449 	1.151629 	1.450862 	1.081665 	1.155692 	1.485345 	1.486607 	1.487027 	1.546165 	1.500833 	1.659254 	
1.715007 	2.742832 	0.419076 	0.781425 	0.640312 	2.441311 	1.291559 	0.403113 	2.515079 	0.125000 	2.765863 	2.192316 	2.763377 	1.620378 	9.000000 	1.201301 	2.826769 	1.002809 	0.803508 	0.496236 	2.700116 	1.676678 	2.565638 	0.620987 	1.328768 	0.689656 	0.707990 	1.728077 	1.250000 	1.432873 	0.790569 	0.905883 	2.167083 	2.261084 	1.179248 	1.804335 	1.296630 	1.994054 	1.775176 	1.800174 	1.399330 	2.211476 	2.192316 	1.525820 	1.819512 	1.976898 	1.922563 	2.047101 	2.167083 	
0.693271 	1.811767 	0.860959 	0.427200 	1.744456 	1.415318 	0.106066 	1.134956 	1.784657 	1.323820 	1.952723 	1.336273 	1.937298 	0.756637 	1.201301 	9.000000 	1.837457 	0.247487 	0.496236 	1.055047 	1.680030 	0.515388 	1.507689 	1.061249 	0.212132 	0.990581 	0.973717 	0.529741 	0.261008 	0.269258 	0.875000 	0.772172 	0.975000 	1.073837 	0.679154 	0.637377 	0.676849 	0.800391 	0.660019 	0.682825 	0.715891 	1.011187 	1.000312 	0.775403 	0.884590 	0.965013 	0.972432 	1.012423 	1.165386 	
1.155692 	0.190394 	2.617250 	2.199148 	3.454797 	0.425000 	1.733494 	2.552083 	0.711512 	2.925107 	0.515388 	0.673146 	0.480234 	1.206752 	2.826769 	1.837457 	9.000000 	2.080865 	2.320022 	2.852740 	0.176777 	1.353006 	0.378319 	2.881406 	1.889775 	2.820018 	2.805018 	1.448491 	2.013237 	1.800347 	2.711665 	2.607681 	1.156774 	1.076162 	2.459675 	1.697793 	2.406372 	1.516781 	1.849493 	1.843909 	2.390868 	1.375227 	1.500208 	2.371708 	2.216134 	2.114829 	2.223876 	2.082366 	2.201278 	
0.930390 	2.049695 	0.632456 	0.226385 	1.513481 	1.660007 	0.353553 	1.004054 	1.995307 	1.127497 	2.177298 	1.559848 	2.163475 	0.965013 	1.002809 	0.247487 	2.080865 	9.000000 	0.250000 	0.811249 	1.925162 	0.761988 	1.754459 	0.813941 	0.325960 	0.743303 	0.726722 	0.760345 	0.261008 	0.431567 	0.630971 	0.538516 	1.207528 	1.308864 	0.509902 	0.801561 	0.548293 	0.995301 	0.781425 	0.806226 	0.617454 	1.219118 	1.191900 	0.710634 	0.908983 	1.030776 	1.007782 	1.091444 	1.231107 	
1.165386 	2.281721 	0.403113 	0.176777 	1.273038 	1.901480 	0.602080 	0.887764 	2.198010 	0.928036 	2.393872 	1.777815 	2.381832 	1.175266 	0.803508 	0.496236 	2.320022 	0.250000 	9.000000 	0.561805 	2.167083 	1.011496 	1.999531 	0.565685 	0.553399 	0.500000 	0.485412 	1.007782 	0.456207 	0.664266 	0.403887 	0.350000 	1.454519 	1.556639 	0.460977 	1.019804 	0.550568 	1.226020 	0.976281 	1.001249 	0.645174 	1.454734 	1.418846 	0.763217 	1.027740 	1.176860 	1.130542 	1.245492 	1.370447 	
1.698529 	2.800112 	0.261008 	0.654313 	0.735697 	2.440543 	1.160011 	0.822344 	2.660944 	0.585769 	2.881189 	2.274313 	2.872716 	1.671264 	0.496236 	1.055047 	2.852740 	0.811249 	0.561805 	9.000000 	2.706127 	1.570032 	2.545830 	0.125000 	1.107080 	0.201556 	0.223607 	1.569236 	0.998123 	1.218862 	0.333542 	0.477624 	2.015564 	2.118077 	0.776611 	1.557442 	0.901388 	1.773415 	1.491643 	1.515957 	1.002809 	2.005773 	1.960867 	1.129436 	1.450216 	1.625769 	1.550806 	1.701654 	1.800694 	
1.007782 	0.291548 	2.475126 	2.051828 	3.322744 	0.265754 	1.575198 	2.440415 	0.763217 	2.801785 	0.625000 	0.604669 	0.590021 	1.081665 	2.700116 	1.680030 	0.176777 	1.925162 	2.167083 	2.706127 	9.000000 	1.187697 	0.201556 	2.730613 	1.724094 	2.666693 	2.651061 	1.276959 	1.848141 	1.632483 	2.555020 	2.447703 	0.980115 	0.900347 	2.292651 	1.521923 	2.236767 	1.340009 	1.673507 	1.667708 	2.219234 	1.200000 	1.325000 	2.198010 	2.039608 	1.938105 	2.047101 	1.905912 	2.025617 	
0.316228 	1.352082 	1.367708 	0.930390 	2.248611 	0.928036 	0.410031 	1.535008 	1.425877 	1.794610 	1.541509 	0.950000 	1.520691 	0.520216 	1.676678 	0.515388 	1.353006 	0.761988 	1.011496 	1.570032 	1.187697 	9.000000 	1.005609 	1.575794 	0.536773 	1.502706 	1.484924 	0.180278 	0.660492 	0.450694 	1.380670 	1.265158 	0.502494 	0.588430 	1.107080 	0.503115 	1.059481 	0.500000 	0.632456 	0.640800 	1.055047 	0.625000 	0.670820 	1.057414 	0.995301 	0.975000 	1.044031 	0.983933 	1.141271 	
0.855132 	0.467039 	2.321234 	1.892254 	3.180016 	0.150000 	1.402007 	2.325941 	0.866386 	2.671259 	0.782624 	0.588430 	0.749166 	0.962094 	2.565638 	1.507689 	0.378319 	1.754459 	1.999531 	2.545830 	0.201556 	1.005609 	9.000000 	2.564785 	1.539683 	2.497624 	2.481179 	1.084551 	1.664332 	1.445035 	2.381701 	2.270050 	0.778621 	0.700000 	2.105499 	1.322167 	2.046033 	1.138530 	1.473516 	1.467353 	2.025617 	1.000312 	1.125278 	2.001406 	1.838648 	1.736555 	1.845603 	1.704589 	1.825171 	
1.725724 	2.836591 	0.350000 	0.686477 	0.800391 	2.464878 	1.167262 	0.942404 	2.718685 	0.707990 	2.930977 	2.319618 	2.921151 	1.715007 	0.620987 	1.061249 	2.881406 	0.813941 	0.565685 	0.125000 	2.730613 	1.575794 	2.564785 	9.000000 	1.089151 	0.100000 	0.125000 	1.560649 	0.973717 	1.200521 	0.251247 	0.403113 	2.003902 	2.107872 	0.701783 	1.523155 	0.826514 	1.744456 	1.446764 	1.470544 	0.925338 	1.978952 	1.926947 	1.050000 	1.377044 	1.557241 	1.475847 	1.634396 	1.725724 	
0.789383 	1.884808 	0.951972 	0.550000 	1.826369 	1.464795 	0.237171 	1.309819 	1.910497 	1.453444 	2.055633 	1.446764 	2.037308 	0.901388 	1.328768 	0.212132 	1.889775 	0.325960 	0.553399 	1.107080 	1.724094 	0.536773 	1.539683 	1.089151 	9.000000 	1.005609 	0.985203 	0.477624 	0.125000 	0.111803 	0.870704 	0.742462 	0.915492 	1.020110 	0.571183 	0.475657 	0.534439 	0.673146 	0.467039 	0.491172 	0.550000 	0.901388 	0.867828 	0.588430 	0.672681 	0.755811 	0.760345 	0.806226 	0.956883 	
1.665270 	2.780513 	0.364006 	0.637377 	0.900347 	2.401172 	1.096586 	0.983933 	2.678852 	0.785016 	2.884549 	2.270600 	2.873695 	1.666208 	0.689656 	0.990581 	2.820018 	0.743303 	0.500000 	0.201556 	2.666693 	1.502706 	2.497624 	0.100000 	1.005609 	9.000000 	0.025000 	1.480076 	0.887764 	1.116356 	0.152069 	0.304138 	1.921100 	2.025617 	0.602080 	1.431782 	0.726722 	1.654728 	1.352082 	1.375682 	0.825379 	1.889775 	1.835245 	0.950000 	1.277204 	1.457738 	1.375909 	1.535008 	1.625769 	
1.650757 	2.766880 	0.371652 	0.626997 	0.925338 	2.385634 	1.079641 	0.995615 	2.669387 	0.805062 	2.873369 	2.258872 	2.862254 	1.654728 	0.707990 	0.973717 	2.805018 	0.726722 	0.485412 	0.223607 	2.651061 	1.484924 	2.481179 	0.125000 	0.985203 	0.025000 	9.000000 	1.460308 	0.866747 	1.095730 	0.127475 	0.279509 	1.900658 	2.005306 	0.577170 	1.409122 	0.701783 	1.632483 	1.328533 	1.352082 	0.800391 	1.867652 	1.812457 	0.925000 	1.252248 	1.432873 	1.350926 	1.510174 	1.600781 	
