Total assets = 482
Number of asset nodes = 33

Distance:
999.000000 	114.621117 	59.464275 	129.957687 	109.293182 	45.891174 	104.004807 	32.649654 	131.795303 	138.538803 	89.202019 	73.498299 	58.940647 	151.320847 	109.931801 	40.311287 	62.361847 	129.807556 	82.079231 	138.408813 	128.003906 	44.283180 	30.066593 	64.761101 	146.659470 	36.013885 	12.727922 	23.769728 	122.331520 	77.491936 	141.495590 	40.012497 	34.365681 	101.390335 	30.083218 	145.602203 	99.020203 	127.263504 	29.068884 	49.162994 	72.835434 	18.248287 	30.413813 	70.455658 	124.823875 	
114.621117 	999.000000 	59.816387 	17.464249 	8.062258 	75.286118 	17.464249 	82.097504 	32.557640 	40.311287 	25.553865 	41.231056 	63.245552 	42.379242 	10.049875 	81.565926 	59.908264 	15.620500 	39.812057 	25.553865 	13.453624 	79.025314 	93.434471 	60.033325 	34.481880 	88.729927 	113.278419 	101.138519 	10.049875 	47.927029 	27.802877 	86.214851 	93.085983 	29.017237 	101.533249 	31.144823 	33.000000 	17.262676 	104.350372 	83.528435 	59.808025 	123.794182 	104.484451 	63.324562 	18.788294 	
59.464275 	59.816387 	999.000000 	76.843994 	53.075417 	15.556349 	54.781384 	31.016125 	84.864601 	92.698433 	37.161808 	21.587032 	5.099020 	100.846420 	53.037724 	21.931713 	5.000000 	75.432091 	22.825424 	85.211502 	73.109505 	19.209373 	34.058773 	8.602325 	94.047859 	29.000000 	55.226807 	42.011902 	65.764732 	18.248287 	87.618492 	26.400757 	33.301651 	42.047592 	41.773197 	90.686272 	39.560081 	69.656296 	44.598206 	25.000000 	18.357559 	65.215027 	44.687805 	18.439089 	66.610809 	
129.957687 	17.464249 	76.843994 	999.000000 	25.298222 	92.200867 	26.832815 	97.308784 	20.615528 	26.832815 	41.012192 	57.314919 	80.454956 	25.000000 	26.683329 	98.407318 	77.175125 	5.000000 	57.271286 	8.485281 	7.615773 	96.020828 	110.113579 	77.414467 	17.204651 	105.603027 	129.402466 	117.686020 	17.262676 	65.391129 	11.661903 	103.227905 	110.000000 	45.398239 	118.406082 	16.763054 	49.497475 	21.470911 	121.210564 	100.846420 	77.252831 	140.035706 	121.400162 	80.777473 	26.000000 	
109.293182 	8.062258 	53.075417 	25.298222 	999.000000 	68.622154 	20.000000 	77.025970 	40.311287 	48.166378 	21.587032 	35.846897 	56.222771 	50.289165 	2.828427 	74.966660 	52.801514 	22.825424 	32.249031 	33.105892 	20.248457 	72.249565 	86.977005 	52.697250 	42.047592 	82.073135 	107.298645 	94.794518 	13.038404 	40.249222 	34.985710 	79.397736 	86.371292 	21.095022 	94.847244 	37.643059 	25.019993 	18.681541 	97.672920 	76.275818 	52.000000 	117.686020 	97.744568 	55.542778 	18.000000 	
45.891174 	75.286118 	15.556349 	92.200867 	68.622154 	999.000000 	69.318108 	23.323807 	99.317673 	107.018692 	51.971146 	35.777088 	13.416408 	115.965515 	68.593002 	6.403124 	17.000000 	90.906548 	38.013157 	100.603180 	88.617157 	4.123106 	18.601076 	18.973665 	109.402924 	13.453624 	40.249222 	26.627054 	81.320351 	32.202484 	103.077644 	11.180340 	17.804493 	56.938564 	26.248810 	106.216759 	54.120235 	85.146935 	29.068884 	13.601471 	27.073973 	49.929951 	29.206163 	25.019993 	82.006096 	
104.004807 	17.464249 	54.781384 	26.832815 	20.000000 	69.318108 	999.000000 	71.421288 	30.083218 	37.947330 	17.720045 	33.541019 	59.135437 	47.507893 	22.803509 	75.179787 	56.320511 	28.160255 	40.000000 	34.985710 	27.459061 	73.348480 	86.284416 	57.489128 	42.801868 	82.365044 	104.350372 	93.477272 	27.459061 	48.041649 	38.470768 	80.498444 	86.833176 	37.589893 	95.015785 	43.462627 	40.718548 	34.713108 	97.754799 	79.711983 	60.133186 	115.108643 	98.112183 	63.285069 	36.055511 	
32.649654 	82.097504 	31.016125 	97.308784 	77.025970 	23.323807 	71.421288 	999.000000 	99.639351 	106.606750 	56.612720 	41.182522 	32.557640 	118.827606 	77.826729 	21.931713 	35.227829 	97.200821 	51.971146 	105.759163 	95.441078 	24.839485 	23.537205 	38.470768 	114.021927 	24.596748 	34.000000 	27.073973 	90.049988 	49.040798 	108.853111 	26.627054 	27.513634 	71.063354 	32.140316 	113.004425 	69.231499 	95.257545 	34.014702 	34.655445 	48.052055 	44.777225 	35.057095 	46.840153 	93.107468 	
131.795303 	32.557640 	84.864601 	20.615528 	40.311287 	99.317673 	30.083218 	99.639351 	999.000000 	8.062258 	47.759815 	63.560993 	89.196411 	21.540659 	42.579338 	105.095192 	86.330757 	25.612497 	68.883957 	21.470911 	28.017851 	103.368271 	115.974136 	87.361320 	23.086792 	112.254173 	133.221619 	122.967476 	36.674240 	77.103828 	25.079872 	110.494347 	116.726173 	61.400326 	124.823875 	31.016125 	65.276337 	41.880783 	127.534309 	109.786156 	89.269257 	144.031250 	127.941391 	92.574295 	46.141087 	
138.538803 	40.311287 	92.698433 	26.832815 	48.166378 	107.018692 	37.947330 	106.606750 	8.062258 	999.000000 	55.659679 	71.309189 	97.082436 	19.000000 	50.358715 	112.729767 	94.254974 	31.764761 	76.941536 	25.455845 	34.438351 	111.085556 	123.470642 	95.336250 	24.166092 	119.866592 	140.346008 	130.361038 	43.657761 	85.158676 	28.425341 	118.186295 	124.338249 	69.260376 	132.378250 	33.837849 	73.171036 	48.301140 	135.070358 	117.652031 	97.324203 	151.162170 	135.506454 	100.623062 	52.801514 	
89.202019 	25.553865 	37.161808 	41.012192 	21.587032 	51.971146 	17.720045 	56.612720 	47.759815 	55.659679 	999.000000 	16.401220 	41.436699 	64.070274 	23.194826 	57.982758 	38.600517 	40.607880 	23.537205 	49.497475 	38.832977 	55.946404 	69.404610 	39.812057 	58.051701 	65.192024 	88.391174 	76.837494 	34.176014 	31.144823 	52.402290 	63.134777 	69.641945 	28.017851 	77.935867 	56.400356 	29.732138 	40.261642 	80.709358 	62.032249 	43.011627 	99.035347 	80.993828 	46.010868 	39.319206 	
73.498299 	41.231056 	21.587032 	57.314919 	35.846897 	35.777088 	33.541019 	41.182522 	63.560993 	71.309189 	16.401220 	999.000000 	26.305893 	80.448738 	36.674240 	41.677334 	24.020824 	56.639210 	18.027756 	65.795135 	54.671749 	39.812057 	53.009434 	26.076809 	74.411018 	48.877399 	72.138756 	60.440052 	48.877399 	22.203604 	68.593002 	46.957428 	53.338543 	33.136082 	61.587337 	72.346390 	32.756680 	54.129475 	64.350601 	46.572525 	31.953091 	82.734512 	64.660652 	34.205261 	52.201534 	
58.940647 	63.245552 	5.099020 	80.454956 	56.222771 	13.416408 	59.135437 	32.557640 	89.196411 	97.082436 	41.436699 	26.305893 	999.000000 	104.709122 	55.973209 	19.723083 	3.605551 	78.816238 	24.839485 	88.752464 	76.400261 	16.401220 	31.906113 	6.000000 	97.637085 	26.400757 	53.665630 	39.962482 	68.680420 	18.788294 	91.021973 	23.345236 	30.479502 	43.566040 	38.948685 	93.861603 	40.706264 	72.180328 	41.773197 	20.615528 	15.524175 	63.285069 	41.725292 	14.764823 	68.883957 	
151.320847 	42.379242 	100.846420 	25.000000 	50.289165 	115.965515 	47.507893 	118.827606 	21.540659 	19.000000 	64.070274 	80.448738 	104.709122 	999.000000 	51.662365 	122.036880 	101.533249 	28.284271 	82.079231 	18.027756 	31.257000 	119.887444 	133.454117 	101.980392 	10.440307 	129.247818 	151.855194 	140.801285 	41.194660 	90.249657 	18.248287 	127.094452 	133.689941 	70.213959 	142.003525 	21.023796 	74.330345 	43.104523 	144.779144 	125.239769 	102.181213 	162.606888 	145.055161 	105.688217 	48.093658 	
109.931801 	10.049875 	53.037724 	26.683329 	2.828427 	68.593002 	22.803509 	77.826729 	42.579338 	50.358715 	23.194826 	36.674240 	55.973209 	51.662365 	999.000000 	74.966660 	52.497620 	23.769728 	31.622776 	34.176014 	21.023796 	72.138756 	87.045967 	52.201534 	43.081318 	82.024384 	107.615051 	94.921021 	12.727922 	39.446167 	35.777088 	79.246452 	86.278618 	19.000000 	94.762863 	38.013157 	23.021729 	17.464249 	97.590981 	75.802376 	50.990196 	117.923706 	97.621719 	54.561890 	16.124516 	
40.311287 	81.565926 	21.931713 	98.407318 	74.966660 	6.403124 	75.179787 	21.931713 	105.095192 	112.729767 	57.982758 	41.677334 	19.723083 	122.036880 	74.966660 	999.000000 	23.323807 	97.185387 	44.407207 	106.826965 	94.921021 	4.000000 	12.206555 	25.079872 	115.602768 	7.211102 	34.014702 	20.248457 	87.692642 	38.470768 	109.343498 	6.000000 	11.661903 	63.285069 	20.000000 	112.538879 	60.415230 	91.547798 	22.803509 	12.727922 	32.557640 	43.566040 	23.021729 	30.149628 	88.408142 	
62.361847 	59.908264 	5.000000 	77.175125 	52.801514 	17.000000 	56.320511 	35.227829 	86.330757 	94.254974 	38.600517 	24.020824 	3.605551 	101.533249 	52.497620 	23.323807 	999.000000 	75.451973 	21.260292 	85.440041 	73.006851 	20.000000 	35.510563 	3.605551 	94.339813 	30.000000 	57.245087 	43.566040 	65.192024 	15.231546 	87.658424 	26.907248 	34.058773 	39.962482 	42.520584 	90.426765 	37.121422 	68.622154 	45.343136 	23.706539 	13.416408 	66.887962 	45.276924 	13.453624 	65.299309 	
129.807556 	15.620500 	75.432091 	5.000000 	22.825424 	90.906548 	28.160255 	97.200821 	25.612497 	31.764761 	40.607880 	56.639210 	78.816238 	28.284271 	23.769728 	97.185387 	75.451973 	999.000000 	55.072678 	10.440307 	3.000000 	94.641426 	109.041275 	75.471848 	19.313208 	104.350372 	128.763351 	116.726173 	13.000000 	63.063461 	12.206555 	101.828285 	108.706024 	41.976185 	117.153748 	15.811388 	46.097721 	16.552946 	119.970833 	99.020203 	74.732857 	139.316193 	120.104118 	78.294319 	21.189621 	
82.079231 	39.812057 	22.825424 	57.271286 	32.249031 	38.013157 	40.000000 	51.971146 	68.883957 	76.941536 	23.537205 	18.027756 	24.839485 	82.079231 	31.622776 	44.407207 	21.260292 	55.072678 	999.000000 	65.299309 	52.478565 	41.231056 	56.612720 	20.615528 	74.242844 	51.224995 	78.032043 	64.637451 	44.204071 	8.246211 	67.230942 	48.166378 	55.317268 	19.313208 	63.780876 	69.634758 	17.262676 	47.381432 	66.603302 	44.204071 	20.396078 	87.920418 	66.528191 	23.769728 	44.045429 	
138.408813 	25.553865 	85.211502 	8.485281 	33.105892 	100.603180 	34.985710 	105.759163 	21.470911 	25.455845 	49.497475 	65.795135 	88.752464 	18.027756 	34.176014 	106.826965 	85.440041 	10.440307 	65.299309 	999.000000 	13.341664 	104.403069 	118.562218 	85.586212 	8.944272 	114.017540 	137.887634 	126.150703 	23.194826 	73.348480 	4.000000 	111.606453 	118.406082 	52.392746 	126.822708 	10.049875 	56.515484 	25.317978 	129.630249 	109.077957 	85.088188 	148.519363 	129.807556 	88.639717 	30.265491 	
128.003906 	13.453624 	73.109505 	7.615773 	20.248457 	88.617157 	27.459061 	95.441078 	28.017851 	34.438351 	38.832977 	54.671749 	76.400261 	31.257000 	21.023796 	94.921021 	73.006851 	3.000000 	52.478565 	13.341664 	999.000000 	92.314682 	106.831642 	72.945183 	22.135944 	102.068604 	126.732002 	114.560028 	10.000000 	60.415230 	14.764823 	99.488693 	106.404884 	39.051247 	114.865135 	17.691807 	43.174065 	13.892444 	117.686020 	96.519424 	72.013885 	137.244308 	117.796432 	75.584389 	18.384777 	
44.283180 	79.025314 	19.209373 	96.020828 	72.249565 	4.123106 	73.348480 	24.839485 	103.368271 	111.085556 	55.946404 	39.812057 	16.401220 	119.887444 	72.138756 	4.000000 	20.000000 	94.641426 	41.231056 	104.403069 	92.314682 	999.000000 	15.652476 	21.470911 	113.225441 	10.000000 	37.696156 	23.706539 	84.864601 	34.985710 	106.826965 	7.211102 	14.142136 	59.908264 	22.627417 	109.877205 	56.938564 	88.526833 	25.455845 	10.295630 	28.635643 	47.010635 	25.495098 	26.172504 	85.276024 	
30.066593 	93.434471 	34.058773 	110.113579 	86.977005 	18.601076 	86.284416 	23.537205 	115.974136 	123.470642 	69.404610 	53.009434 	31.906113 	133.454117 	87.045967 	12.206555 	35.510563 	109.041275 	56.612720 	118.562218 	106.831642 	15.652476 	999.000000 	37.121422 	127.283150 	6.082763 	22.135944 	8.062258 	99.764725 	50.606323 	121.165176 	10.049875 	5.000000 	75.471848 	9.219544 	124.482933 	72.560318 	103.711136 	11.704700 	19.104973 	43.965897 	31.384710 	12.369317 	41.231056 	100.603180 	
64.761101 	60.033325 	8.602325 	77.414467 	52.697250 	18.973665 	57.489128 	38.470768 	87.361320 	95.336250 	39.812057 	26.076809 	6.000000 	101.980392 	52.201534 	25.079872 	3.605551 	75.471848 	20.615528 	85.586212 	72.945183 	21.470911 	37.121422 	999.000000 	94.514549 	31.384710 	59.093147 	45.177429 	64.815125 	13.601471 	87.664131 	28.017851 	35.227829 	38.600517 	43.600460 	90.210861 	35.510563 	67.896980 	46.400433 	23.600847 	9.848858 	68.476273 	46.227695 	9.899495 	64.381676 	
146.659470 	34.481880 	94.047859 	17.204651 	42.047592 	109.402924 	42.801868 	114.021927 	23.086792 	24.166092 	58.051701 	74.411018 	97.637085 	10.440307 	43.081318 	115.602768 	94.339813 	19.313208 	74.242844 	8.944272 	22.135944 	113.225441 	127.283150 	94.514549 	999.000000 	122.800652 	146.413803 	134.825821 	31.780497 	82.292160 	8.000000 	120.432556 	127.200630 	61.131008 	135.602356 	10.816654 	65.253349 	33.000000 	138.405197 	117.991524 	94.021271 	157.079605 	138.600143 	97.575615 	38.000000 	
36.013885 	88.729927 	29.000000 	105.603027 	82.073135 	13.453624 	82.365044 	24.596748 	112.254173 	119.866592 	65.192024 	48.877399 	26.400757 	129.247818 	82.024384 	7.211102 	30.000000 	104.350372 	51.224995 	114.017540 	102.068604 	10.000000 	6.082763 	31.384710 	122.800652 	999.000000 	28.160255 	13.928389 	94.752312 	44.944408 	116.516090 	4.000000 	4.472136 	69.892776 	12.806249 	119.670380 	66.887962 	98.493652 	15.620500 	13.341664 	37.947330 	37.121422 	15.811388 	35.171009 	95.268044 	
12.727922 	113.278419 	55.226807 	129.402466 	107.298645 	40.249222 	104.350372 	34.000000 	133.221619 	140.346008 	88.391174 	72.138756 	53.665630 	151.855194 	107.615051 	34.014702 	57.245087 	128.763351 	78.032043 	137.887634 	126.732002 	37.696156 	22.135944 	59.093147 	146.413803 	28.160255 	999.000000 	14.317822 	120.253899 	72.449982 	140.730240 	32.015621 	25.317978 	97.128784 	19.104973 	144.422989 	94.366310 	124.619423 	17.464249 	40.311287 	66.098412 	10.816654 	18.681541 	63.324562 	121.757957 	
23.769728 	101.138519 	42.011902 	117.686020 	94.794518 	26.627054 	93.477272 	27.073973 	122.967476 	130.361038 	76.837494 	60.440052 	39.962482 	140.801285 	94.921021 	20.248457 	43.566040 	116.726173 	64.637451 	126.150703 	114.560028 	23.706539 	8.062258 	45.177429 	134.825821 	13.928389 	14.317822 	999.000000 	107.628990 	58.668560 	128.817703 	17.720045 	11.045361 	83.528435 	7.071068 	132.230865 	80.622574 	111.664673 	7.615773 	26.076809 	51.865211 	23.323807 	8.944272 	49.040798 	108.600182 	
122.331520 	10.049875 	65.764732 	17.262676 	13.038404 	81.320351 	27.459061 	90.049988 	36.674240 	43.657761 	34.176014 	48.877399 	68.680420 	41.194660 	12.727922 	87.692642 	65.192024 	13.000000 	44.204071 	23.194826 	10.000000 	84.864601 	99.764725 	64.815125 	31.780497 	94.752312 	120.253899 	107.628990 	999.000000 	51.865211 	24.041630 	91.967384 	99.005051 	29.410883 	107.489532 	25.553865 	33.526108 	7.280110 	110.317726 	88.408142 	63.134777 	130.598618 	110.344917 	66.730804 	9.899495 	
77.491936 	47.927029 	18.248287 	65.391129 	40.249222 	32.202484 	48.041649 	49.040798 	77.103828 	85.158676 	31.144823 	22.203604 	18.788294 	90.249657 	39.446167 	38.470768 	15.231546 	63.063461 	8.246211 	73.348480 	60.415230 	34.985710 	50.606323 	13.601471 	82.292160 	44.944408 	72.449982 	58.668560 	51.865211 	999.000000 	75.179787 	41.617306 	48.826221 	25.000000 	57.201397 	77.388626 	21.954498 	54.561890 	60.000000 	36.796738 	12.165525 	81.987801 	59.816387 	15.524175 	50.911690 	
141.495590 	27.802877 	87.618492 	11.661903 	34.985710 	103.077644 	38.470768 	108.853111 	25.079872 	28.425341 	52.402290 	68.593002 	91.021973 	18.248287 	35.777088 	109.343498 	87.658424 	12.206555 	67.230942 	4.000000 	14.764823 	106.826965 	121.165176 	87.664131 	8.000000 	116.516090 	140.730240 	128.817703 	24.041630 	75.179787 	999.000000 	114.017540 	120.880104 	53.450912 	129.321304 	6.082763 	57.567352 	25.000000 	132.136292 	111.220505 	86.764046 	151.320847 	132.279999 	90.338257 	30.000000 	
40.012497 	86.214851 	26.400757 	103.227905 	79.397736 	11.180340 	80.498444 	26.627054 	110.494347 	118.186295 	63.134777 	46.957428 	23.345236 	127.094452 	79.246452 	6.000000 	26.907248 	101.828285 	48.166378 	111.606453 	99.488693 	7.211102 	10.049875 	28.017851 	120.432556 	4.000000 	32.015621 	17.720045 	91.967384 	41.617306 	114.017540 	999.000000 	7.211102 	66.610809 	15.620500 	117.034180 	63.513779 	95.524864 	18.439089 	9.486833 	34.176014 	40.718548 	18.384777 	31.320919 	92.195442 	
34.365681 	93.085983 	33.301651 	110.000000 	86.371292 	17.804493 	86.833176 	27.513634 	116.726173 	124.338249 	69.641945 	53.338543 	30.479502 	133.689941 	86.278618 	11.661903 	34.058773 	108.706024 	55.317268 	118.406082 	106.404884 	14.142136 	5.000000 	35.227829 	127.200630 	4.472136 	25.317978 	11.045361 	99.005051 	48.826221 	120.880104 	7.211102 	999.000000 	73.817345 	8.485281 	123.987900 	70.724815 	102.649887 	11.313708 	15.033297 	41.231056 	33.615471 	11.401754 	38.275318 	99.357941 	
101.390335 	29.017237 	42.047592 	45.398239 	21.095022 	56.938564 	37.589893 	71.063354 	61.400326 	69.260376 	28.017851 	33.136082 	43.566040 	70.213959 	19.000000 	63.285069 	39.962482 	41.976185 	19.313208 	52.392746 	39.051247 	59.908264 	75.471848 	38.600517 	61.131008 	69.892776 	97.128784 	83.528435 	29.410883 	25.000000 	53.450912 	66.610809 	73.817345 	999.000000 	82.200974 	54.625999 	4.123106 	30.528675 	85.000000 	61.554855 	34.828148 	106.850365 	84.811554 	38.418747 	26.400757 	
30.083218 	101.533249 	41.773197 	118.406082 	94.847244 	26.248810 	95.015785 	32.140316 	124.823875 	132.378250 	77.935867 	61.587337 	38.948685 	142.003525 	94.762863 	20.000000 	42.520584 	117.153748 	63.780876 	126.822708 	114.865135 	22.627417 	9.219544 	43.600460 	135.602356 	12.806249 	19.104973 	7.071068 	107.489532 	57.201397 	129.321304 	15.620500 	8.485281 	82.200974 	999.000000 	132.457535 	79.056938 	111.126053 	2.828427 	22.135944 	49.193497 	25.961510 	3.162278 	46.097721 	107.814659 	
145.602203 	31.144823 	90.686272 	16.763054 	37.643059 	106.216759 	43.462627 	113.004425 	31.016125 	33.837849 	56.400356 	72.346390 	93.861603 	21.023796 	38.013157 	112.538879 	90.426765 	15.811388 	69.634758 	10.049875 	17.691807 	109.877205 	124.482933 	90.210861 	10.816654 	119.670380 	144.422989 	132.230865 	25.553865 	77.388626 	6.082763 	117.034180 	123.987900 	54.625999 	132.457535 	999.000000 	58.694122 	24.738634 	135.281189 	113.811249 	88.684837 	154.935471 	135.369858 	92.282173 	29.614185 	
99.020203 	33.000000 	39.560081 	49.497475 	25.019993 	54.120235 	40.718548 	69.231499 	65.276337 	73.171036 	29.732138 	32.756680 	40.706264 	74.330345 	23.021729 	60.415230 	37.121422 	46.097721 	17.262676 	56.515484 	43.174065 	56.938564 	72.560318 	35.510563 	65.253349 	66.887962 	94.366310 	80.622574 	33.526108 	21.954498 	57.567352 	63.513779 	70.724815 	4.123106 	79.056938 	58.694122 	999.000000 	34.481880 	81.841309 	58.137768 	31.144823 	103.942291 	81.608826 	34.713108 	30.232433 	
127.263504 	17.262676 	69.656296 	21.470911 	18.681541 	85.146935 	34.713108 	95.257545 	41.880783 	48.301140 	40.261642 	54.129475 	72.180328 	43.104523 	17.464249 	91.547798 	68.622154 	16.552946 	47.381432 	25.317978 	13.892444 	88.526833 	103.711136 	67.896980 	33.000000 	98.493652 	124.619423 	111.664673 	7.280110 	54.561890 	25.000000 	95.524864 	102.649887 	30.528675 	111.126053 	24.738634 	34.481880 	999.000000 	113.951744 	91.350975 	65.215027 	134.807266 	113.899078 	68.818604 	5.000000 	
29.068884 	104.350372 	44.598206 	121.210564 	97.672920 	29.068884 	97.754799 	34.014702 	127.534309 	135.070358 	80.709358 	64.350601 	41.773197 	144.779144 	97.590981 	22.803509 	45.343136 	119.970833 	66.603302 	129.630249 	117.686020 	25.455845 	11.704700 	46.400433 	138.405197 	15.620500 	17.464249 	7.615773 	110.317726 	60.000000 	132.136292 	18.439089 	11.313708 	85.000000 	2.828427 	135.281189 	81.841309 	113.951744 	999.000000 	24.698177 	51.884487 	23.537205 	1.414214 	48.754486 	110.634537 	
49.162994 	83.528435 	25.000000 	100.846420 	76.275818 	13.601471 	79.711983 	34.655445 	109.786156 	117.652031 	62.032249 	46.572525 	20.615528 	125.239769 	75.802376 	12.727922 	23.706539 	99.020203 	44.204071 	109.077957 	96.519424 	10.295630 	19.104973 	23.600847 	117.991524 	13.341664 	40.311287 	26.076809 	88.408142 	36.796738 	111.220505 	9.486833 	15.033297 	61.554855 	22.135944 	113.811249 	58.137768 	91.350975 	24.698177 	999.000000 	27.459061 	48.083260 	24.166092 	24.186773 	87.692642 	
72.835434 	59.808025 	18.357559 	77.252831 	52.000000 	27.073973 	60.133186 	48.052055 	89.269257 	97.324203 	43.011627 	31.953091 	15.524175 	102.181213 	50.990196 	32.557640 	13.416408 	74.732857 	20.396078 	85.088188 	72.013885 	28.635643 	43.965897 	9.848858 	94.021271 	37.947330 	66.098412 	51.865211 	63.134777 	12.165525 	86.764046 	34.176014 	41.231056 	34.828148 	49.193497 	88.684837 	31.144823 	65.215027 	51.884487 	27.459061 	999.000000 	74.846512 	51.478149 	3.605551 	61.220913 	
18.248287 	123.794182 	65.215027 	140.035706 	117.686020 	49.929951 	115.108643 	44.777225 	144.031250 	151.162170 	99.035347 	82.734512 	63.285069 	162.606888 	117.923706 	43.566040 	66.887962 	139.316193 	87.920418 	148.519363 	137.244308 	47.010635 	31.384710 	68.476273 	157.079605 	37.121422 	10.816654 	23.323807 	130.598618 	81.987801 	151.320847 	40.718548 	33.615471 	106.850365 	25.961510 	154.935471 	103.942291 	134.807266 	23.537205 	48.083260 	74.846512 	999.000000 	24.331051 	71.867935 	131.825638 	
30.413813 	104.484451 	44.687805 	121.400162 	97.744568 	29.206163 	98.112183 	35.057095 	127.941391 	135.506454 	80.993828 	64.660652 	41.725292 	145.055161 	97.621719 	23.021729 	45.276924 	120.104118 	66.528191 	129.807556 	117.796432 	25.495098 	12.369317 	46.227695 	138.600143 	15.811388 	18.681541 	8.944272 	110.344917 	59.816387 	132.279999 	18.384777 	11.401754 	84.811554 	3.162278 	135.369858 	81.608826 	113.899078 	1.414214 	24.166092 	51.478149 	24.331051 	999.000000 	48.301140 	110.535065 	
70.455658 	63.324562 	18.439089 	80.777473 	55.542778 	25.019993 	63.285069 	46.840153 	92.574295 	100.623062 	46.010868 	34.205261 	14.764823 	105.688217 	54.561890 	30.149628 	13.453624 	78.294319 	23.769728 	88.639717 	75.584389 	26.172504 	41.231056 	9.899495 	97.575615 	35.171009 	63.324562 	49.040798 	66.730804 	15.524175 	90.338257 	31.320919 	38.275318 	38.418747 	46.097721 	92.282173 	34.713108 	68.818604 	48.754486 	24.186773 	3.605551 	71.867935 	48.301140 	999.000000 	64.815125 	
124.823875 	18.788294 	66.610809 	26.000000 	18.000000 	82.006096 	36.055511 	93.107468 	46.141087 	52.801514 	39.319206 	52.201534 	68.883957 	48.093658 	16.124516 	88.408142 	65.299309 	21.189621 	44.045429 	30.265491 	18.384777 	85.276024 	100.603180 	64.381676 	38.000000 	95.268044 	121.757957 	108.600182 	9.899495 	50.911690 	30.000000 	92.195442 	99.357941 	26.400757 	107.814659 	29.614185 	30.232433 	5.000000 	110.634537 	87.692642 	61.220913 	131.825638 	110.535065 	64.815125 	999.000000 	

Travel time:
9.000000 	2.865528 	1.486607 	3.248942 	2.732330 	1.147279 	2.600120 	0.816241 	3.294883 	3.463470 	2.230051 	1.837457 	1.473516 	3.783021 	2.748295 	1.007782 	1.559046 	3.245189 	2.051981 	3.460220 	3.200098 	1.107080 	0.751665 	1.619027 	3.666487 	0.900347 	0.318198 	0.594243 	3.058288 	1.937298 	3.537390 	1.000312 	0.859142 	2.534758 	0.752080 	3.640055 	2.475505 	3.181588 	0.726722 	1.229075 	1.820886 	0.456207 	0.760345 	1.761391 	3.120597 	
2.865528 	9.000000 	1.495410 	0.436606 	0.201556 	1.882153 	0.436606 	2.052438 	0.813941 	1.007782 	0.638847 	1.030776 	1.581139 	1.059481 	0.251247 	2.039148 	1.497707 	0.390512 	0.995301 	0.638847 	0.336341 	1.975633 	2.335862 	1.500833 	0.862047 	2.218248 	2.831960 	2.528463 	0.251247 	1.198176 	0.695072 	2.155371 	2.327150 	0.725431 	2.538331 	0.778621 	0.825000 	0.431567 	2.608759 	2.088211 	1.495201 	3.094855 	2.612111 	1.583114 	0.469707 	
1.486607 	1.495410 	9.000000 	1.921100 	1.326885 	0.388909 	1.369535 	0.775403 	2.121615 	2.317461 	0.929045 	0.539676 	0.127475 	2.521161 	1.325943 	0.548293 	0.125000 	1.885802 	0.570636 	2.130288 	1.827738 	0.480234 	0.851469 	0.215058 	2.351197 	0.725000 	1.380670 	1.050297 	1.644118 	0.456207 	2.190462 	0.660019 	0.832541 	1.051190 	1.044330 	2.267157 	0.989002 	1.741407 	1.114955 	0.625000 	0.458939 	1.630376 	1.117195 	0.460977 	1.665270 	
3.248942 	0.436606 	1.921100 	9.000000 	0.632456 	2.305022 	0.670820 	2.432720 	0.515388 	0.670820 	1.025305 	1.432873 	2.011374 	0.625000 	0.667083 	2.460183 	1.929378 	0.125000 	1.431782 	0.212132 	0.190394 	2.400521 	2.752840 	1.935362 	0.430116 	2.640076 	3.235062 	2.942151 	0.431567 	1.634778 	0.291548 	2.580698 	2.750000 	1.134956 	2.960152 	0.419076 	1.237437 	0.536773 	3.030264 	2.521161 	1.931321 	3.500893 	3.035004 	2.019437 	0.650000 	
2.732330 	0.201556 	1.326885 	0.632456 	9.000000 	1.715554 	0.500000 	1.925649 	1.007782 	1.204159 	0.539676 	0.896172 	1.405569 	1.257229 	0.070711 	1.874166 	1.320038 	0.570636 	0.806226 	0.827647 	0.506211 	1.806239 	2.174425 	1.317431 	1.051190 	2.051828 	2.682466 	2.369863 	0.325960 	1.006231 	0.874643 	1.984943 	2.159282 	0.527376 	2.371181 	0.941076 	0.625500 	0.467039 	2.441823 	1.906895 	1.300000 	2.942151 	2.443614 	1.388569 	0.450000 	
1.147279 	1.882153 	0.388909 	2.305022 	1.715554 	9.000000 	1.732953 	0.583095 	2.482942 	2.675467 	1.299279 	0.894427 	0.335410 	2.899138 	1.714825 	0.160078 	0.425000 	2.272664 	0.950329 	2.515079 	2.215429 	0.103078 	0.465027 	0.474342 	2.735073 	0.336341 	1.006231 	0.665676 	2.033009 	0.805062 	2.576941 	0.279509 	0.445112 	1.423464 	0.656220 	2.655419 	1.353006 	2.128673 	0.726722 	0.340037 	0.676849 	1.248249 	0.730154 	0.625500 	2.050152 	
2.600120 	0.436606 	1.369535 	0.670820 	0.500000 	1.732953 	9.000000 	1.785532 	0.752080 	0.948683 	0.443001 	0.838525 	1.478386 	1.187697 	0.570088 	1.879495 	1.408013 	0.704006 	1.000000 	0.874643 	0.686477 	1.833712 	2.157110 	1.437228 	1.070047 	2.059126 	2.608759 	2.336932 	0.686477 	1.201041 	0.961769 	2.012461 	2.170829 	0.939747 	2.375395 	1.086566 	1.017964 	0.867828 	2.443870 	1.992800 	1.503330 	2.877716 	2.452805 	1.582127 	0.901388 	
0.816241 	2.052438 	0.775403 	2.432720 	1.925649 	0.583095 	1.785532 	9.000000 	2.490984 	2.665169 	1.415318 	1.029563 	0.813941 	2.970690 	1.945668 	0.548293 	0.880696 	2.430021 	1.299279 	2.643979 	2.386027 	0.620987 	0.588430 	0.961769 	2.850548 	0.614919 	0.850000 	0.676849 	2.251250 	1.226020 	2.721328 	0.665676 	0.687841 	1.776584 	0.803508 	2.825111 	1.730788 	2.381439 	0.850368 	0.866386 	1.201301 	1.119431 	0.876427 	1.171004 	2.327687 	
3.294883 	0.813941 	2.121615 	0.515388 	1.007782 	2.482942 	0.752080 	2.490984 	9.000000 	0.201556 	1.193995 	1.589025 	2.229910 	0.538516 	1.064483 	2.627380 	2.158269 	0.640312 	1.722099 	0.536773 	0.700446 	2.584207 	2.899354 	2.184033 	0.577170 	2.806354 	3.330540 	3.074187 	0.916856 	1.927596 	0.626997 	2.762359 	2.918154 	1.535008 	3.120597 	0.775403 	1.631908 	1.047020 	3.188358 	2.744654 	2.231731 	3.600781 	3.198535 	2.314357 	1.153527 	
3.463470 	1.007782 	2.317461 	0.670820 	1.204159 	2.675467 	0.948683 	2.665169 	0.201556 	9.000000 	1.391492 	1.782730 	2.427061 	0.475000 	1.258968 	2.818244 	2.356374 	0.794119 	1.923538 	0.636396 	0.860959 	2.777139 	3.086766 	2.383406 	0.604152 	2.996665 	3.508650 	3.259026 	1.091444 	2.128967 	0.710634 	2.954657 	3.108456 	1.731509 	3.309456 	0.845946 	1.829276 	1.207528 	3.376759 	2.941301 	2.433105 	3.779054 	3.387661 	2.515577 	1.320038 	
2.230051 	0.638847 	0.929045 	1.025305 	0.539676 	1.299279 	0.443001 	1.415318 	1.193995 	1.391492 	9.000000 	0.410031 	1.035918 	1.601757 	0.579871 	1.449569 	0.965013 	1.015197 	0.588430 	1.237437 	0.970824 	1.398660 	1.735115 	0.995301 	1.451293 	1.629801 	2.209779 	1.920937 	0.854400 	0.778621 	1.310057 	1.578369 	1.741049 	0.700446 	1.948397 	1.410009 	0.743303 	1.006541 	2.017734 	1.550806 	1.075291 	2.475884 	2.024846 	1.150272 	0.982980 	
1.837457 	1.030776 	0.539676 	1.432873 	0.896172 	0.894427 	0.838525 	1.029563 	1.589025 	1.782730 	0.410031 	9.000000 	0.657647 	2.011219 	0.916856 	1.041933 	0.600521 	1.415980 	0.450694 	1.644878 	1.366794 	0.995301 	1.325236 	0.651920 	1.860276 	1.221935 	1.803469 	1.511001 	1.221935 	0.555090 	1.714825 	1.173936 	1.333464 	0.828402 	1.539683 	1.808660 	0.818917 	1.353237 	1.608765 	1.164313 	0.798827 	2.068363 	1.616516 	0.855132 	1.305038 	
1.473516 	1.581139 	0.127475 	2.011374 	1.405569 	0.335410 	1.478386 	0.813941 	2.229910 	2.427061 	1.035918 	0.657647 	9.000000 	2.617728 	1.399330 	0.493077 	0.090139 	1.970406 	0.620987 	2.218812 	1.910007 	0.410031 	0.797653 	0.150000 	2.440927 	0.660019 	1.341641 	0.999062 	1.717010 	0.469707 	2.275549 	0.583631 	0.761988 	1.089151 	0.973717 	2.346540 	1.017657 	1.804508 	1.044330 	0.515388 	0.388104 	1.582127 	1.043132 	0.369121 	1.722099 	
3.783021 	1.059481 	2.521161 	0.625000 	1.257229 	2.899138 	1.187697 	2.970690 	0.538516 	0.475000 	1.601757 	2.011219 	2.617728 	9.000000 	1.291559 	3.050922 	2.538331 	0.707107 	2.051981 	0.450694 	0.781425 	2.997186 	3.336353 	2.549510 	0.261008 	3.231195 	3.796380 	3.520032 	1.029866 	2.256241 	0.456207 	3.177361 	3.342248 	1.755349 	3.550088 	0.525595 	1.858259 	1.077613 	3.619479 	3.130994 	2.554530 	4.065172 	3.626379 	2.642205 	1.202341 	
2.748295 	0.251247 	1.325943 	0.667083 	0.070711 	1.714825 	0.570088 	1.945668 	1.064483 	1.258968 	0.579871 	0.916856 	1.399330 	1.291559 	9.000000 	1.874166 	1.312441 	0.594243 	0.790569 	0.854400 	0.525595 	1.803469 	2.176149 	1.305038 	1.077033 	2.050610 	2.690376 	2.373025 	0.318198 	0.986154 	0.894427 	1.981161 	2.156965 	0.475000 	2.369071 	0.950329 	0.575543 	0.436606 	2.439775 	1.895059 	1.274755 	2.948093 	2.440543 	1.364047 	0.403113 	
1.007782 	2.039148 	0.548293 	2.460183 	1.874166 	0.160078 	1.879495 	0.548293 	2.627380 	2.818244 	1.449569 	1.041933 	0.493077 	3.050922 	1.874166 	9.000000 	0.583095 	2.429635 	1.110180 	2.670674 	2.373025 	0.100000 	0.305164 	0.626997 	2.890069 	0.180278 	0.850368 	0.506211 	2.192316 	0.961769 	2.733588 	0.150000 	0.291548 	1.582127 	0.500000 	2.813472 	1.510381 	2.288695 	0.570088 	0.318198 	0.813941 	1.089151 	0.575543 	0.753741 	2.210204 	
1.559046 	1.497707 	0.125000 	1.929378 	1.320038 	0.425000 	1.408013 	0.880696 	2.158269 	2.356374 	0.965013 	0.600521 	0.090139 	2.538331 	1.312441 	0.583095 	9.000000 	1.886299 	0.531507 	2.136001 	1.825171 	0.500000 	0.887764 	0.090139 	2.358495 	0.750000 	1.431127 	1.089151 	1.629801 	0.380789 	2.191461 	0.672681 	0.851469 	0.999062 	1.063015 	2.260669 	0.928036 	1.715554 	1.133578 	0.592663 	0.335410 	1.672199 	1.131923 	0.336341 	1.632483 	
3.245189 	0.390512 	1.885802 	0.125000 	0.570636 	2.272664 	0.704006 	2.430021 	0.640312 	0.794119 	1.015197 	1.415980 	1.970406 	0.707107 	0.594243 	2.429635 	1.886299 	9.000000 	1.376817 	0.261008 	0.075000 	2.366036 	2.726032 	1.886796 	0.482830 	2.608759 	3.219084 	2.918154 	0.325000 	1.576586 	0.305164 	2.545707 	2.717651 	1.049405 	2.928844 	0.395285 	1.152443 	0.413824 	2.999271 	2.475505 	1.868321 	3.482905 	3.002603 	1.957358 	0.529741 	
2.051981 	0.995301 	0.570636 	1.431782 	0.806226 	0.950329 	1.000000 	1.299279 	1.722099 	1.923538 	0.588430 	0.450694 	0.620987 	2.051981 	0.790569 	1.110180 	0.531507 	1.376817 	9.000000 	1.632483 	1.311964 	1.030776 	1.415318 	0.515388 	1.856071 	1.280625 	1.950801 	1.615936 	1.105102 	0.206155 	1.680773 	1.204159 	1.382932 	0.482830 	1.594522 	1.740869 	0.431567 	1.184536 	1.665083 	1.105102 	0.509902 	2.198010 	1.663205 	0.594243 	1.101136 	
3.460220 	0.638847 	2.130288 	0.212132 	0.827647 	2.515079 	0.874643 	2.643979 	0.536773 	0.636396 	1.237437 	1.644878 	2.218812 	0.450694 	0.854400 	2.670674 	2.136001 	0.261008 	1.632483 	9.000000 	0.333542 	2.610077 	2.964056 	2.139655 	0.223607 	2.850439 	3.447191 	3.153768 	0.579871 	1.833712 	0.100000 	2.790161 	2.960152 	1.309819 	3.170568 	0.251247 	1.412887 	0.632949 	3.240756 	2.726949 	2.127205 	3.712984 	3.245189 	2.215993 	0.756637 	
3.200098 	0.336341 	1.827738 	0.190394 	0.506211 	2.215429 	0.686477 	2.386027 	0.700446 	0.860959 	0.970824 	1.366794 	1.910007 	0.781425 	0.525595 	2.373025 	1.825171 	0.075000 	1.311964 	0.333542 	9.000000 	2.307867 	2.670791 	1.823630 	0.553399 	2.551715 	3.168300 	2.864001 	0.250000 	1.510381 	0.369121 	2.487217 	2.660122 	0.976281 	2.871628 	0.442295 	1.079352 	0.347311 	2.942151 	2.412986 	1.800347 	3.431108 	2.944911 	1.889610 	0.459619 	
1.107080 	1.975633 	0.480234 	2.400521 	1.806239 	0.103078 	1.833712 	0.620987 	2.584207 	2.777139 	1.398660 	0.995301 	0.410031 	2.997186 	1.803469 	0.100000 	0.500000 	2.366036 	1.030776 	2.610077 	2.307867 	9.000000 	0.391312 	0.536773 	2.830636 	0.250000 	0.942404 	0.592663 	2.121615 	0.874643 	2.670674 	0.180278 	0.353553 	1.497707 	0.565685 	2.746930 	1.423464 	2.213171 	0.636396 	0.257391 	0.715891 	1.175266 	0.637377 	0.654313 	2.131901 	
0.751665 	2.335862 	0.851469 	2.752840 	2.174425 	0.465027 	2.157110 	0.588430 	2.899354 	3.086766 	1.735115 	1.325236 	0.797653 	3.336353 	2.176149 	0.305164 	0.887764 	2.726032 	1.415318 	2.964056 	2.670791 	0.391312 	9.000000 	0.928036 	3.182079 	0.152069 	0.553399 	0.201556 	2.494118 	1.265158 	3.029130 	0.251247 	0.125000 	1.886796 	0.230489 	3.112073 	1.814008 	2.592778 	0.292617 	0.477624 	1.099147 	0.784618 	0.309233 	1.030776 	2.515079 	
1.619027 	1.500833 	0.215058 	1.935362 	1.317431 	0.474342 	1.437228 	0.961769 	2.184033 	2.383406 	0.995301 	0.651920 	0.150000 	2.549510 	1.305038 	0.626997 	0.090139 	1.886796 	0.515388 	2.139655 	1.823630 	0.536773 	0.928036 	9.000000 	2.362864 	0.784618 	1.477329 	1.129436 	1.620378 	0.340037 	2.191603 	0.700446 	0.880696 	0.965013 	1.090011 	2.255271 	0.887764 	1.697425 	1.160011 	0.590021 	0.246221 	1.711907 	1.155692 	0.247487 	1.609542 	
3.666487 	0.862047 	2.351197 	0.430116 	1.051190 	2.735073 	1.070047 	2.850548 	0.577170 	0.604152 	1.451293 	1.860276 	2.440927 	0.261008 	1.077033 	2.890069 	2.358495 	0.482830 	1.856071 	0.223607 	0.553399 	2.830636 	3.182079 	2.362864 	9.000000 	3.070016 	3.660345 	3.370646 	0.794512 	2.057304 	0.200000 	3.010814 	3.180016 	1.528275 	3.390059 	0.270416 	1.631334 	0.825000 	3.460130 	2.949788 	2.350532 	3.926990 	3.465003 	2.439390 	0.950000 	
0.900347 	2.218248 	0.725000 	2.640076 	2.051828 	0.336341 	2.059126 	0.614919 	2.806354 	2.996665 	1.629801 	1.221935 	0.660019 	3.231195 	2.050610 	0.180278 	0.750000 	2.608759 	1.280625 	2.850439 	2.551715 	0.250000 	0.152069 	0.784618 	3.070016 	9.000000 	0.704006 	0.348210 	2.368808 	1.123610 	2.912902 	0.100000 	0.111803 	1.747319 	0.320156 	2.991760 	1.672199 	2.462341 	0.390512 	0.333542 	0.948683 	0.928036 	0.395285 	0.879275 	2.381701 	
0.318198 	2.831960 	1.380670 	3.235062 	2.682466 	1.006231 	2.608759 	0.850000 	3.330540 	3.508650 	2.209779 	1.803469 	1.341641 	3.796380 	2.690376 	0.850368 	1.431127 	3.219084 	1.950801 	3.447191 	3.168300 	0.942404 	0.553399 	1.477329 	3.660345 	0.704006 	9.000000 	0.357946 	3.006347 	1.811249 	3.518256 	0.800391 	0.632949 	2.428220 	0.477624 	3.610575 	2.359158 	3.115486 	0.436606 	1.007782 	1.652460 	0.270416 	0.467039 	1.583114 	3.043949 	
0.594243 	2.528463 	1.050297 	2.942151 	2.369863 	0.665676 	2.336932 	0.676849 	3.074187 	3.259026 	1.920937 	1.511001 	0.999062 	3.520032 	2.373025 	0.506211 	1.089151 	2.918154 	1.615936 	3.153768 	2.864001 	0.592663 	0.201556 	1.129436 	3.370646 	0.348210 	0.357946 	9.000000 	2.690725 	1.466714 	3.220443 	0.443001 	0.276134 	2.088211 	0.176777 	3.305772 	2.015564 	2.791617 	0.190394 	0.651920 	1.296630 	0.583095 	0.223607 	1.226020 	2.715004 	
3.058288 	0.251247 	1.644118 	0.431567 	0.325960 	2.033009 	0.686477 	2.251250 	0.916856 	1.091444 	0.854400 	1.221935 	1.717010 	1.029866 	0.318198 	2.192316 	1.629801 	0.325000 	1.105102 	0.579871 	0.250000 	2.121615 	2.494118 	1.620378 	0.794512 	2.368808 	3.006347 	2.690725 	9.000000 	1.296630 	0.601041 	2.299185 	2.475126 	0.735272 	2.687238 	0.638847 	0.838153 	0.182003 	2.757943 	2.210204 	1.578369 	3.264966 	2.758623 	1.668270 	0.247487 	
1.937298 	1.198176 	0.456207 	1.634778 	1.006231 	0.805062 	1.201041 	1.226020 	1.927596 	2.128967 	0.778621 	0.555090 	0.469707 	2.256241 	0.986154 	0.961769 	0.380789 	1.576586 	0.206155 	1.833712 	1.510381 	0.874643 	1.265158 	0.340037 	2.057304 	1.123610 	1.811249 	1.466714 	1.296630 	9.000000 	1.879495 	1.040433 	1.220656 	0.625000 	1.430035 	1.934716 	0.548862 	1.364047 	1.500000 	0.919918 	0.304138 	2.049695 	1.495410 	0.388104 	1.272792 	
3.537390 	0.695072 	2.190462 	0.291548 	0.874643 	2.576941 	0.961769 	2.721328 	0.626997 	0.710634 	1.310057 	1.714825 	2.275549 	0.456207 	0.894427 	2.733588 	2.191461 	0.305164 	1.680773 	0.100000 	0.369121 	2.670674 	3.029130 	2.191603 	0.200000 	2.912902 	3.518256 	3.220443 	0.601041 	1.879495 	9.000000 	2.850439 	3.022003 	1.336273 	3.233033 	0.152069 	1.439184 	0.625000 	3.303407 	2.780513 	2.169101 	3.783021 	3.307000 	2.258456 	0.750000 	
1.000312 	2.155371 	0.660019 	2.580698 	1.984943 	0.279509 	2.012461 	0.665676 	2.762359 	2.954657 	1.578369 	1.173936 	0.583631 	3.177361 	1.981161 	0.150000 	0.672681 	2.545707 	1.204159 	2.790161 	2.487217 	0.180278 	0.251247 	0.700446 	3.010814 	0.100000 	0.800391 	0.443001 	2.299185 	1.040433 	2.850439 	9.000000 	0.180278 	1.665270 	0.390512 	2.925854 	1.587844 	2.388122 	0.460977 	0.237171 	0.854400 	1.017964 	0.459619 	0.783023 	2.304886 	
0.859142 	2.327150 	0.832541 	2.750000 	2.159282 	0.445112 	2.170829 	0.687841 	2.918154 	3.108456 	1.741049 	1.333464 	0.761988 	3.342248 	2.156965 	0.291548 	0.851469 	2.717651 	1.382932 	2.960152 	2.660122 	0.353553 	0.125000 	0.880696 	3.180016 	0.111803 	0.632949 	0.276134 	2.475126 	1.220656 	3.022003 	0.180278 	9.000000 	1.845434 	0.212132 	3.099698 	1.768120 	2.566247 	0.282843 	0.375832 	1.030776 	0.840387 	0.285044 	0.956883 	2.483948 	
2.534758 	0.725431 	1.051190 	1.134956 	0.527376 	1.423464 	0.939747 	1.776584 	1.535008 	1.731509 	0.700446 	0.828402 	1.089151 	1.755349 	0.475000 	1.582127 	0.999062 	1.049405 	0.482830 	1.309819 	0.976281 	1.497707 	1.886796 	0.965013 	1.528275 	1.747319 	2.428220 	2.088211 	0.735272 	0.625000 	1.336273 	1.665270 	1.845434 	9.000000 	2.055024 	1.365650 	0.103078 	0.763217 	2.125000 	1.538871 	0.870704 	2.671259 	2.120289 	0.960469 	0.660019 	
0.752080 	2.538331 	1.044330 	2.960152 	2.371181 	0.656220 	2.375395 	0.803508 	3.120597 	3.309456 	1.948397 	1.539683 	0.973717 	3.550088 	2.369071 	0.500000 	1.063015 	2.928844 	1.594522 	3.170568 	2.871628 	0.565685 	0.230489 	1.090011 	3.390059 	0.320156 	0.477624 	0.176777 	2.687238 	1.430035 	3.233033 	0.390512 	0.212132 	2.055024 	9.000000 	3.311438 	1.976424 	2.778151 	0.070711 	0.553399 	1.229837 	0.649038 	0.079057 	1.152443 	2.695366 	
3.640055 	0.778621 	2.267157 	0.419076 	0.941076 	2.655419 	1.086566 	2.825111 	0.775403 	0.845946 	1.410009 	1.808660 	2.346540 	0.525595 	0.950329 	2.813472 	2.260669 	0.395285 	1.740869 	0.251247 	0.442295 	2.746930 	3.112073 	2.255271 	0.270416 	2.991760 	3.610575 	3.305772 	0.638847 	1.934716 	0.152069 	2.925854 	3.099698 	1.365650 	3.311438 	9.000000 	1.467353 	0.618466 	3.382030 	2.845281 	2.217121 	3.873387 	3.384246 	2.307054 	0.740355 	
2.475505 	0.825000 	0.989002 	1.237437 	0.625500 	1.353006 	1.017964 	1.730788 	1.631908 	1.829276 	0.743303 	0.818917 	1.017657 	1.858259 	0.575543 	1.510381 	0.928036 	1.152443 	0.431567 	1.412887 	1.079352 	1.423464 	1.814008 	0.887764 	1.631334 	1.672199 	2.359158 	2.015564 	0.838153 	0.548862 	1.439184 	1.587844 	1.768120 	0.103078 	1.976424 	1.467353 	9.000000 	0.862047 	2.046033 	1.453444 	0.778621 	2.598557 	2.040221 	0.867828 	0.755811 	
3.181588 	0.431567 	1.741407 	0.536773 	0.467039 	2.128673 	0.867828 	2.381439 	1.047020 	1.207528 	1.006541 	1.353237 	1.804508 	1.077613 	0.436606 	2.288695 	1.715554 	0.413824 	1.184536 	0.632949 	0.347311 	2.213171 	2.592778 	1.697425 	0.825000 	2.462341 	3.115486 	2.791617 	0.182003 	1.364047 	0.625000 	2.388122 	2.566247 	0.763217 	2.778151 	0.618466 	0.862047 	9.000000 	2.848794 	2.283774 	1.630376 	3.370182 	2.847477 	1.720465 	0.125000 	
