Total assets = 633
Number of asset nodes = 33

Distance:
999.000000 	60.827625 	65.764732 	58.051701 	36.891735 	73.593475 	75.690155 	13.038404 	71.449280 	19.026299 	93.861603 	33.837849 	22.472204 	74.411018 	83.450584 	24.596748 	16.278820 	29.154760 	39.204590 	57.489128 	46.400433 	68.242218 	80.808418 	20.615528 	95.524864 	28.178005 	38.832977 	33.120991 	41.231056 	63.953106 	23.194826 	25.495098 	83.408630 	39.115215 	92.097771 	81.608826 	59.615433 	100.448990 	46.400433 	76.157730 	37.336308 	29.154760 	57.723480 	33.136082 	63.245552 	99.201813 	65.253349 	42.449970 	66.219330 	38.910152 	40.311287 	63.150612 	43.174065 	
60.827625 	999.000000 	5.000000 	5.099020 	26.400757 	12.806249 	14.866069 	53.535034 	11.180340 	48.764740 	33.615471 	34.481880 	82.975899 	14.866069 	22.803509 	84.646324 	64.007812 	33.015148 	94.154129 	5.000000 	106.887794 	14.866069 	21.023796 	56.859474 	34.713108 	88.238312 	36.221542 	93.236259 	101.980392 	21.213203 	77.524193 	58.189346 	25.000000 	41.109608 	31.906113 	24.331051 	24.698177 	39.824615 	107.056061 	24.738634 	49.254440 	82.764725 	33.105892 	89.185204 	30.000000 	40.311287 	34.205261 	100.169853 	34.828148 	61.400326 	60.207973 	37.735924 	100.498756 	
65.764732 	5.000000 	999.000000 	8.544003 	30.886890 	8.062258 	10.000000 	58.249462 	6.324555 	53.338543 	29.068884 	38.626415 	87.863533 	10.198039 	17.804493 	89.498604 	68.600288 	38.013157 	99.126183 	9.486833 	111.865990 	12.806249 	16.155495 	61.269894 	29.832869 	93.085983 	39.812057 	98.081596 	106.887794 	21.095022 	82.152298 	62.393909 	20.396078 	44.553337 	26.925823 	20.024984 	25.632011 	34.828148 	111.946419 	21.931713 	52.773098 	87.321243 	34.481880 	93.813644 	30.413813 	35.468296 	34.481880 	104.847511 	34.985710 	64.938431 	63.639610 	38.483765 	105.152267 	
58.051701 	5.099020 	8.544003 	999.000000 	22.472204 	16.552946 	18.357559 	50.000000 	13.453624 	44.944408 	37.576588 	30.083218 	79.931221 	16.401220 	25.495098 	81.467789 	60.207973 	31.304953 	92.590500 	7.810250 	104.350372 	13.000000 	22.803509 	52.773098 	38.013157 	85.041168 	31.400637 	90.027771 	99.005051 	17.204651 	73.783470 	53.851646 	25.942244 	36.221542 	34.058773 	24.698177 	20.000000 	42.426407 	104.004807 	23.021729 	44.407207 	78.892334 	28.178005 	85.440041 	25.495098 	41.677334 	29.732138 	96.519424 	30.413813 	56.568542 	55.326305 	33.015148 	96.798759 	
36.891735 	26.400757 	30.886890 	22.472204 	999.000000 	38.948685 	40.816662 	27.658634 	35.805027 	22.472204 	59.941639 	9.055386 	58.051701 	38.288380 	47.801674 	59.396969 	37.735924 	16.763054 	74.000000 	24.738634 	83.234612 	31.400637 	44.598206 	30.463093 	60.464867 	62.936478 	13.892444 	67.896980 	77.155685 	27.513634 	51.312767 	32.015621 	46.754681 	18.788294 	55.901699 	44.821869 	24.186773 	64.536812 	82.036575 	39.357338 	25.709921 	56.435802 	25.709921 	62.968246 	29.000000 	62.481998 	32.140316 	74.060783 	33.136082 	37.215588 	36.496574 	32.015621 	74.330345 	
73.593475 	12.806249 	8.062258 	16.552946 	38.948685 	999.000000 	2.236068 	66.287254 	5.385165 	61.400326 	21.023796 	46.615448 	95.775780 	7.810250 	10.770329 	97.452553 	76.661591 	45.453274 	106.230881 	16.401220 	119.553337 	16.155495 	11.045361 	69.318108 	21.931713 	101.044548 	47.539455 	106.042442 	114.769333 	25.961510 	90.210861 	70.384659 	16.278820 	52.172791 	20.248457 	17.088007 	31.400637 	27.459061 	119.854080 	22.627417 	60.415230 	95.383438 	40.447498 	101.872467 	35.440090 	29.614185 	39.217342 	112.898186 	39.560081 	72.567207 	71.196907 	43.680660 	113.207771 	
75.690155 	14.866069 	10.000000 	18.357559 	40.816662 	2.236068 	999.000000 	68.242218 	6.000000 	63.285069 	19.313208 	48.332184 	97.836601 	7.211102 	8.544003 	99.488693 	78.549347 	47.634022 	108.452751 	18.601076 	121.696342 	16.492422 	9.219544 	71.119621 	19.849434 	103.077644 	49.040798 	108.074051 	116.846054 	26.476404 	92.114059 	72.090218 	14.560220 	53.600372 	18.027756 	15.652476 	32.140316 	25.238859 	121.918007 	22.022715 	61.846584 	97.247108 	41.194660 	103.773796 	35.902645 	27.459061 	39.560081 	114.825958 	39.849716 	73.979729 	72.567207 	44.147480 	115.121674 	
13.038404 	53.535034 	58.249462 	50.000000 	27.658634 	66.287254 	68.242218 	999.000000 	63.411354 	6.324555 	87.132080 	22.472204 	30.805843 	65.946945 	75.432091 	31.890438 	11.180340 	26.076809 	52.086468 	51.000000 	56.824291 	58.728188 	72.249565 	9.219544 	88.005684 	35.383614 	26.570660 	40.311287 	49.819675 	53.254108 	24.166092 	14.142136 	74.249580 	26.305893 	83.546394 	72.180328 	48.373547 	92.195442 	54.561890 	65.802734 	24.331051 	29.732138 	45.541191 	35.777088 	51.478149 	89.872131 	53.141319 	46.647614 	54.083271 	27.202942 	28.301943 	50.695168 	47.010635 	
71.449280 	11.180340 	6.324555 	13.453624 	35.805027 	5.385165 	6.000000 	63.411354 	999.000000 	58.249462 	25.000000 	42.941822 	93.380943 	4.000000 	12.041595 	94.921021 	73.498299 	44.102154 	105.309067 	15.811388 	117.686020 	10.770329 	9.848858 	65.863495 	24.698177 	98.493652 	43.324360 	103.479469 	112.449989 	20.615528 	87.091904 	66.640831 	14.142136 	47.801674 	20.808653 	14.035668 	26.172504 	29.000000 	117.456375 	17.804493 	56.044624 	92.114059 	35.227829 	98.737022 	30.083218 	29.154760 	33.837849 	109.859001 	34.176014 	68.154236 	66.708321 	38.327538 	110.113579 	
19.026299 	48.764740 	53.338543 	44.944408 	22.472204 	61.400326 	63.285069 	6.324555 	58.249462 	999.000000 	82.365044 	16.401220 	36.891735 	60.605282 	70.213959 	37.802116 	15.264338 	24.331051 	58.215118 	46.615448 	63.063461 	53.037724 	66.843102 	9.000000 	82.927681 	41.231056 	20.248457 	46.097721 	55.803226 	47.201694 	28.844410 	12.649111 	68.622154 	20.099751 	78.102493 	66.468040 	42.190044 	86.833176 	60.440052 	59.816387 	18.973665 	34.000000 	39.217342 	40.496914 	45.188496 	84.148682 	46.818798 	51.613953 	47.759815 	24.083189 	24.758837 	44.384682 	51.865211 	
93.861603 	33.615471 	29.068884 	37.576588 	59.941639 	21.023796 	19.313208 	87.132080 	25.000000 	82.365044 	999.000000 	67.623962 	116.211014 	24.186773 	15.033297 	118.004234 	97.616600 	65.115280 	124.631454 	36.400551 	139.344894 	34.132095 	20.099751 	90.338257 	6.708204 	121.605919 	68.308128 	126.605690 	135.092560 	44.045429 	111.139549 	91.389275 	23.086792 	72.801102 	15.620500 	25.961510 	50.159744 	14.560220 	140.246216 	35.693138 	81.043198 	116.361504 	59.076221 	122.800652 	53.009434 	23.853722 	56.142673 	133.775925 	56.222771 	93.145050 	91.678787 	61.073727 	134.111893 	
33.837849 	34.481880 	38.626415 	30.083218 	9.055386 	46.615448 	48.332184 	22.472204 	42.941822 	16.401220 	67.623962 	999.000000 	53.254108 	44.944408 	54.708317 	54.203320 	31.144823 	22.022715 	72.567207 	33.376640 	79.259071 	36.878178 	51.039200 	23.021729 	67.601776 	57.628117 	6.708204 	62.481998 	72.201111 	30.805843 	44.687805 	23.769728 	52.497620 	10.630146 	62.201286 	50.249378 	25.942244 	71.028160 	76.837494 	43.416588 	16.763054 	49.406479 	24.186773 	56.222771 	29.410883 	67.896980 	31.575306 	67.475922 	32.557640 	28.160255 	27.459061 	30.016663 	67.623962 	
22.472204 	82.975899 	87.863533 	79.931221 	58.051701 	95.775780 	97.836601 	30.805843 	93.380943 	36.891735 	116.211014 	53.254108 	999.000000 	96.166519 	105.418213 	3.162278 	24.041630 	51.623638 	30.886890 	79.812279 	26.570660 	89.375610 	102.532921 	32.893768 	117.686020 	6.082763 	56.824291 	10.770329 	19.104973 	84.053551 	15.524175 	35.902645 	104.804581 	55.542778 	113.846390 	102.825096 	79.075912 	122.347862 	24.083189 	96.607452 	50.960770 	18.027756 	75.584389 	16.643316 	81.884064 	120.507263 	83.192551 	22.022715 	84.095184 	47.042534 	49.091751 	80.230919 	23.086792 	
74.411018 	14.866069 	10.198039 	16.401220 	38.288380 	7.810250 	7.211102 	65.946945 	4.000000 	60.605282 	24.186773 	44.944408 	96.166519 	999.000000 	9.848858 	97.621719 	75.802376 	47.507893 	108.784187 	19.646883 	120.739388 	10.000000 	6.403124 	67.955872 	22.847319 	101.178062 	44.777225 	106.150833 	115.260574 	20.024984 	89.403580 	68.476273 	10.198039 	49.040798 	17.691807 	10.049875 	26.019224 	26.248810 	120.216469 	14.866069 	57.245087 	94.302704 	35.000000 	101.019798 	29.274563 	25.495098 	32.756680 	112.200714 	32.984844 	69.260376 	67.720009 	37.483330 	112.414413 	
83.450584 	22.803509 	17.804493 	25.495098 	47.801674 	10.770329 	8.544003 	75.432091 	12.041595 	70.213959 	15.033297 	54.708317 	105.418213 	9.848858 	999.000000 	106.962608 	85.445892 	55.803226 	116.811813 	26.925823 	129.634094 	19.416489 	5.099020 	77.698135 	13.000000 	110.535065 	54.625999 	115.520561 	124.482933 	29.154760 	99.045441 	78.294319 	9.219544 	58.872746 	9.486833 	11.661903 	35.355339 	17.029387 	129.495178 	20.880613 	67.067131 	104.009613 	44.181442 	110.679718 	38.000000 	19.104973 	41.109608 	121.827744 	41.194660 	79.056938 	77.491936 	46.043457 	122.065559 	
24.596748 	84.646324 	89.498604 	81.467789 	59.396969 	97.452553 	99.488693 	31.890438 	94.921021 	37.802116 	118.004234 	54.203320 	3.162278 	97.621719 	106.962608 	999.000000 	24.166092 	53.712196 	33.286633 	81.608826 	26.683329 	90.609047 	103.966339 	33.105892 	119.331474 	3.605551 	57.454330 	8.602325 	18.027756 	85.000000 	14.035668 	35.735138 	106.103722 	55.901699 	115.277924 	104.062485 	79.881165 	123.842644 	22.671568 	97.616600 	50.921509 	15.652476 	76.059189 	13.601471 	82.492424 	121.753853 	83.648071 	19.000000 	84.534019 	46.270943 	48.373547 	80.529495 	20.024984 	
16.278820 	64.007812 	68.600288 	60.207973 	37.735924 	76.661591 	78.549347 	11.180340 	73.498299 	15.264338 	97.616600 	31.144823 	24.041630 	75.802376 	85.445892 	24.166092 	999.000000 	37.215588 	50.635956 	61.741398 	50.596443 	68.014702 	82.006096 	8.944272 	98.183502 	27.294687 	33.600594 	31.906113 	42.059483 	61.619801 	13.601471 	12.041595 	83.630135 	31.764761 	93.236259 	81.394104 	56.222771 	102.004898 	46.324940 	74.330345 	26.925823 	18.788294 	51.971146 	25.238859 	58.523499 	99.035347 	59.539902 	36.400551 	60.415230 	24.515301 	26.305893 	56.364883 	36.619667 	
29.154760 	33.015148 	38.013157 	31.304953 	16.763054 	45.453274 	47.634022 	26.076809 	44.102154 	24.331051 	65.115280 	22.022715 	51.623638 	47.507893 	55.803226 	53.712196 	37.215588 	999.000000 	61.294373 	29.068884 	74.249580 	43.324360 	53.851646 	33.241539 	67.268120 	57.306194 	28.600698 	62.265560 	70.213959 	42.190044 	49.477268 	36.878178 	57.245087 	32.557640 	64.899925 	55.946404 	40.049969 	72.801102 	75.451973 	52.630791 	37.202152 	55.317268 	42.449970 	60.728905 	45.276924 	72.945183 	48.662102 	70.936592 	49.648766 	46.518814 	46.529560 	48.764740 	71.512238 	
39.204590 	94.154129 	99.126183 	92.590500 	74.000000 	106.230881 	108.452751 	52.086468 	105.309067 	58.215118 	124.631454 	72.567207 	30.886890 	108.784187 	116.811813 	33.286633 	50.635956 	61.294373 	999.000000 	89.888817 	24.083189 	104.278473 	115.104301 	58.137768 	127.640121 	33.421551 	77.929459 	33.970577 	30.870699 	101.513542 	46.097721 	62.393909 	118.532700 	78.313469 	126.051575 	117.170815 	97.800819 	133.689941 	34.785053 	113.088463 	76.006577 	48.877399 	96.690224 	46.227695 	101.867561 	134.238586 	104.139328 	46.400433 	105.118980 	75.133217 	76.941536 	102.259476 	47.801674 	
57.489128 	5.000000 	9.486833 	7.810250 	24.738634 	16.401220 	18.601076 	51.000000 	15.811388 	46.615448 	36.400551 	33.376640 	79.812279 	19.646883 	26.925823 	81.608826 	61.741398 	29.068884 	89.888817 	999.000000 	103.247276 	19.646883 	25.632011 	55.027267 	38.209946 	85.211502 	36.013885 	90.210861 	98.716766 	25.000000 	75.133217 	56.753853 	29.832869 	41.048752 	36.235340 	29.274563 	27.658634 	43.829212 	103.855667 	29.614185 	49.000000 	80.529495 	35.510563 	86.769814 	33.241539 	44.944408 	37.483330 	97.616600 	38.183765 	61.032780 	60.000000 	40.607880 	98.005104 	
46.400433 	106.887794 	111.865990 	104.350372 	83.234612 	119.553337 	121.696342 	56.824291 	117.686020 	63.063461 	139.344894 	79.259071 	26.570660 	120.739388 	129.634094 	26.683329 	50.596443 	74.249580 	24.083189 	103.247276 	999.000000 	114.621117 	127.141655 	59.464275 	141.449631 	24.186773 	83.192551 	21.023796 	11.704700 	109.931801 	40.311287 	62.361847 	129.807556 	82.079231 	138.408813 	128.003906 	105.190300 	146.659470 	12.727922 	122.331520 	77.491936 	40.012497 	102.044106 	34.365681 	108.226616 	145.602203 	109.658562 	29.068884 	110.571243 	72.835434 	74.966660 	106.775467 	30.413813 	
68.242218 	14.866069 	12.806249 	13.000000 	31.400637 	16.155495 	16.492422 	58.728188 	10.770329 	53.037724 	34.132095 	36.878178 	89.375610 	10.000000 	19.416489 	90.609047 	68.014702 	43.324360 	104.278473 	19.646883 	114.621117 	999.000000 	14.866069 	59.816387 	32.280025 	94.111633 	35.846897 	99.035347 	108.466583 	10.049875 	81.565926 	59.908264 	15.620500 	39.812057 	25.553865 	13.453624 	16.031219 	34.481880 	113.278419 	10.049875 	47.927029 	86.214851 	25.000000 	93.085983 	19.416489 	31.144823 	23.086792 	104.350372 	23.409399 	59.808025 	58.189346 	27.658634 	104.484451 	
80.808418 	21.023796 	16.155495 	22.803509 	44.598206 	11.045361 	9.219544 	72.249565 	9.848858 	66.843102 	20.099751 	51.039200 	102.532921 	6.403124 	5.099020 	103.966339 	82.006096 	53.851646 	115.104301 	25.632011 	127.141655 	14.866069 	999.000000 	74.060783 	17.464249 	107.517441 	50.537113 	112.485558 	121.630585 	24.331051 	95.603348 	74.431175 	5.385165 	54.625999 	11.313708 	7.071068 	30.594116 	20.000000 	126.574089 	15.811388 	62.769421 	100.439034 	39.319206 	107.200745 	33.015148 	19.313208 	36.055511 	118.406082 	36.124783 	74.672615 	73.054771 	41.012192 	118.600166 	
20.615528 	56.859474 	61.269894 	52.773098 	30.463093 	69.318108 	71.119621 	9.219544 	65.863495 	9.000000 	90.338257 	23.021729 	32.893768 	67.955872 	77.698135 	33.105892 	8.944272 	33.241539 	58.137768 	55.027267 	59.464275 	59.816387 	74.060783 	999.000000 	90.553848 	36.235340 	24.839485 	40.816662 	51.000000 	53.037724 	21.931713 	5.000000 	75.432091 	22.825424 	85.211502 	73.109505 	47.507893 	94.047859 	55.226807 	65.764732 	18.248287 	26.400757 	43.046486 	33.301651 	49.648766 	90.686272 	50.606323 	44.598206 	51.478149 	18.357559 	19.697716 	47.423622 	44.687805 	
95.524864 	34.713108 	29.832869 	38.013157 	60.464867 	21.931713 	19.849434 	88.005684 	24.698177 	82.927681 	6.708204 	67.601776 	117.686020 	22.847319 	13.000000 	119.331474 	98.183502 	67.268120 	127.640121 	38.209946 	141.449631 	32.280025 	17.464249 	90.553848 	999.000000 	122.918671 	67.623962 	127.914032 	136.693085 	41.773197 	111.772087 	91.241440 	19.026299 	71.867935 	9.848858 	22.022715 	48.052055 	8.062258 	141.767410 	32.015621 	80.056229 	116.811813 	56.718605 	123.422043 	50.249378 	17.204651 	53.037724 	134.525085 	53.009434 	92.027168 	90.443352 	58.077534 	134.792435 	
28.178005 	88.238312 	93.085983 	85.041168 	62.936478 	101.044548 	103.077644 	35.383614 	98.493652 	41.231056 	121.605919 	57.628117 	6.082763 	101.178062 	110.535065 	3.605551 	27.294687 	57.306194 	33.421551 	85.211502 	24.186773 	94.111633 	107.517441 	36.235340 	122.918671 	999.000000 	60.745369 	5.000000 	14.764823 	88.408142 	16.124516 	38.626415 	109.622078 	59.059292 	118.827606 	107.563934 	83.234612 	127.404869 	19.209373 	101.044548 	53.851646 	16.492422 	79.259071 	12.806249 	85.755463 	125.255737 	86.833176 	16.124516 	87.709747 	48.662102 	50.803543 	83.630135 	17.262676 	
38.832977 	36.221542 	39.812057 	31.400637 	13.892444 	47.539455 	49.040798 	26.570660 	43.324360 	20.248457 	68.308128 	6.708204 	56.824291 	44.777225 	54.625999 	57.454330 	33.600594 	28.600698 	77.929459 	36.013885 	83.192551 	35.846897 	50.537113 	24.839485 	67.623962 	60.745369 	999.000000 	65.459915 	75.471848 	28.319605 	46.754681 	24.207438 	51.312767 	5.099020 	61.400326 	48.826221 	22.671568 	70.327805 	79.881165 	41.036568 	13.038404 	50.931328 	18.973665 	57.982758 	25.059929 	66.219330 	26.570660 	69.296463 	27.513634 	25.179358 	24.020824 	24.331051 	69.310890 	
33.120991 	93.236259 	98.081596 	90.027771 	67.896980 	106.042442 	108.074051 	40.311287 	103.479469 	46.097721 	126.605690 	62.481998 	10.770329 	106.150833 	115.520561 	8.602325 	31.906113 	62.265560 	33.970577 	90.210861 	21.023796 	99.035347 	112.485558 	40.816662 	127.914032 	5.000000 	65.459915 	999.000000 	10.440307 	93.236259 	19.924858 	42.953465 	114.560028 	63.631752 	123.794182 	112.485558 	88.005684 	132.382019 	14.422205 	105.891457 	58.180752 	19.000000 	83.862984 	13.601471 	90.426765 	130.176804 	91.416626 	13.000000 	92.282173 	52.392746 	54.571056 	88.119240 	14.317822 	
41.231056 	101.980392 	106.887794 	99.005051 	77.155685 	114.769333 	116.846054 	49.819675 	112.449989 	55.803226 	135.092560 	72.201111 	19.104973 	115.260574 	124.482933 	18.027756 	42.059483 	70.213959 	30.870699 	98.716766 	11.704700 	108.466583 	121.630585 	51.000000 	136.693085 	14.764823 	75.471848 	10.440307 	999.000000 	103.004852 	30.364452 	53.310413 	123.907227 	73.824112 	132.943604 	121.918007 	97.908119 	141.428421 	5.385165 	115.602768 	68.541962 	29.154760 	94.021271 	23.021729 	100.498756 	139.603012 	101.597244 	17.492855 	102.474388 	62.817196 	65.000000 	98.386993 	18.867962 	
63.953106 	21.213203 	21.095022 	17.204651 	27.513634 	25.961510 	26.476404 	53.254108 	20.615528 	47.201694 	44.045429 	30.805843 	84.053551 	20.024984 	29.154760 	85.000000 	61.619801 	42.190044 	101.513542 	25.000000 	109.931801 	10.049875 	24.331051 	53.037724 	41.773197 	88.408142 	28.319605 	93.236259 	103.004852 	999.000000 	74.966660 	52.497620 	23.769728 	31.622776 	34.176014 	21.023796 	6.324555 	43.081318 	107.615051 	12.727922 	39.446167 	79.246452 	15.033297 	86.278618 	9.486833 	38.013157 	13.416408 	97.590981 	13.892444 	50.990196 	49.244289 	17.720045 	97.621719 	
23.194826 	77.524193 	82.152298 	73.783470 	51.312767 	90.210861 	92.114059 	24.166092 	87.091904 	28.844410 	111.139549 	44.687805 	15.524175 	89.403580 	99.045441 	14.035668 	13.601471 	49.477268 	46.097721 	75.133217 	40.311287 	81.565926 	95.603348 	21.931713 	111.772087 	16.124516 	46.754681 	19.924858 	30.364452 	74.966660 	999.000000 	23.323807 	97.185387 	44.407207 	106.826965 	94.921021 	69.426216 	115.602768 	34.014702 	87.692642 	38.470768 	6.000000 	64.637451 	11.661903 	71.400284 	112.538879 	72.111023 	22.803509 	72.945183 	32.557640 	34.713108 	68.600288 	23.021729 	
25.495098 	58.189346 	62.393909 	53.851646 	32.015621 	70.384659 	72.090218 	14.142136 	66.640831 	12.649111 	91.389275 	23.769728 	35.902645 	68.476273 	78.294319 	35.735138 	12.041595 	36.878178 	62.393909 	56.753853 	62.361847 	59.908264 	74.431175 	5.000000 	91.241440 	38.626415 	24.207438 	42.953465 	53.310413 	52.497620 	23.323807 	999.000000 	75.451973 	21.260292 	85.440041 	73.006851 	46.690472 	94.339813 	57.245087 	65.192024 	15.231546 	26.907248 	41.400482 	34.058773 	48.270073 	90.426765 	48.826221 	45.343136 	49.648766 	13.416408 	14.866069 	45.276924 	45.276924 	
83.408630 	25.000000 	20.396078 	25.942244 	46.754681 	16.278820 	14.560220 	74.249580 	14.142136 	68.622154 	23.086792 	52.497620 	104.804581 	10.198039 	9.219544 	106.103722 	83.630135 	57.245087 	118.532700 	29.832869 	129.807556 	15.620500 	5.385165 	75.432091 	19.026299 	109.622078 	51.312767 	114.560028 	123.907227 	23.769728 	97.185387 	75.451973 	999.000000 	55.072678 	10.440307 	3.000000 	30.083218 	19.313208 	128.763351 	13.000000 	63.063461 	101.828285 	38.327538 	108.706024 	31.575306 	15.811388 	34.132095 	119.970833 	34.058773 	74.732857 	73.006851 	39.204590 	120.104118 	
39.115215 	41.109608 	44.553337 	36.221542 	18.788294 	52.172791 	53.600372 	26.305893 	47.801674 	20.099751 	72.801102 	10.630146 	55.542778 	49.040798 	58.872746 	55.901699 	31.764761 	32.557640 	78.313469 	41.048752 	82.079231 	39.812057 	54.625999 	22.825424 	71.867935 	59.059292 	5.099020 	63.631752 	73.824112 	31.622776 	44.407207 	21.260292 	55.072678 	999.000000 	65.299309 	52.478565 	25.612497 	74.242844 	78.032043 	44.204071 	8.246211 	48.166378 	20.248457 	55.317268 	27.018513 	69.634758 	27.784887 	66.603302 	28.653097 	20.396078 	19.104973 	24.698177 	66.528191 	
92.097771 	31.906113 	26.925823 	34.058773 	55.901699 	20.248457 	18.027756 	83.546394 	20.808653 	78.102493 	15.620500 	62.201286 	113.846390 	17.691807 	9.486833 	115.277924 	93.236259 	64.899925 	126.051575 	36.235340 	138.408813 	25.553865 	11.313708 	85.211502 	9.848858 	118.827606 	61.400326 	123.794182 	132.943604 	34.176014 	106.826965 	85.440041 	10.440307 	65.299309 	999.000000 	13.341664 	40.496914 	8.944272 	137.887634 	23.194826 	73.348480 	111.606453 	48.764740 	118.406082 	41.976185 	10.049875 	44.407207 	129.630249 	44.283180 	85.088188 	83.384651 	49.497475 	129.807556 	
81.608826 	24.331051 	20.024984 	24.698177 	44.821869 	17.088007 	15.652476 	72.180328 	14.035668 	66.468040 	25.961510 	50.249378 	102.825096 	10.049875 	11.661903 	104.062485 	81.394104 	55.946404 	117.170815 	29.274563 	128.003906 	13.453624 	7.071068 	73.109505 	22.022715 	107.563934 	48.826221 	112.485558 	121.918007 	21.023796 	94.921021 	73.006851 	3.000000 	52.478565 	13.341664 	999.000000 	27.313000 	22.135944 	126.732002 	10.000000 	60.415230 	99.488693 	35.440090 	106.404884 	28.635643 	17.691807 	31.144823 	117.686020 	31.064449 	72.013885 	70.263786 	36.221542 	117.796432 	
59.615433 	24.698177 	25.632011 	20.000000 	24.186773 	31.400637 	32.140316 	48.373547 	26.172504 	42.190044 	50.159744 	25.942244 	79.075912 	26.019224 	35.355339 	79.881165 	56.222771 	40.049969 	97.800819 	27.658634 	105.190300 	16.031219 	30.594116 	47.507893 	48.052055 	83.234612 	22.671568 	88.005684 	97.908119 	6.324555 	69.426216 	46.690472 	30.083218 	25.612497 	40.496914 	27.313000 	999.000000 	49.396355 	102.415817 	18.601076 	33.286633 	73.539108 	9.055386 	80.622574 	5.830952 	44.102154 	10.000000 	91.934761 	10.816654 	44.721359 	42.953465 	13.038404 	91.923882 	
100.448990 	39.824615 	34.828148 	42.426407 	64.536812 	27.459061 	25.238859 	92.195442 	29.000000 	86.833176 	14.560220 	71.028160 	122.347862 	26.248810 	17.029387 	123.842644 	102.004898 	72.801102 	133.689941 	43.829212 	146.659470 	34.481880 	20.000000 	94.047859 	8.062258 	127.404869 	70.327805 	132.382019 	141.428421 	43.081318 	115.602768 	94.339813 	19.313208 	74.242844 	8.944272 	22.135944 	49.396355 	999.000000 	146.413803 	31.780497 	82.292160 	120.432556 	57.567352 	127.200630 	50.695168 	10.816654 	52.952808 	138.405197 	52.773098 	94.021271 	92.309265 	58.051701 	138.600143 	
46.400433 	107.056061 	111.946419 	104.004807 	82.036575 	119.854080 	121.918007 	54.561890 	117.456375 	60.440052 	140.246216 	76.837494 	24.083189 	120.216469 	129.495178 	22.671568 	46.324940 	75.451973 	34.785053 	103.855667 	12.727922 	113.278419 	126.574089 	55.226807 	141.767410 	19.209373 	79.881165 	14.422205 	5.385165 	107.615051 	34.014702 	57.245087 	128.763351 	78.032043 	137.887634 	126.732002 	102.415817 	146.413803 	999.000000 	120.253899 	72.449982 	32.015621 	98.270035 	25.317978 	104.847511 	144.422989 	105.815880 	17.464249 	106.677086 	66.098412 	68.308128 	102.474388 	18.681541 	
76.157730 	24.738634 	21.931713 	23.021729 	39.357338 	22.627417 	22.022715 	65.802734 	17.804493 	59.816387 	35.693138 	43.416588 	96.607452 	14.866069 	20.880613 	97.616600 	74.330345 	52.630791 	113.088463 	29.614185 	122.331520 	10.049875 	15.811388 	65.764732 	32.015621 	101.044548 	41.036568 	105.891457 	115.602768 	12.727922 	87.692642 	65.192024 	13.000000 	44.204071 	23.194826 	10.000000 	18.601076 	31.780497 	120.253899 	999.000000 	51.865211 	91.967384 	26.000000 	99.005051 	18.973665 	25.553865 	21.213203 	110.317726 	21.095022 	63.134777 	61.294373 	26.305893 	110.344917 	
37.336308 	49.254440 	52.773098 	44.407207 	25.709921 	60.415230 	61.846584 	24.331051 	56.044624 	18.973665 	81.043198 	16.763054 	50.960770 	57.245087 	67.067131 	50.921509 	26.925823 	37.202152 	76.006577 	49.000000 	77.491936 	47.927029 	62.769421 	18.248287 	80.056229 	53.851646 	13.038404 	58.180752 	68.541962 	39.446167 	38.470768 	15.231546 	63.063461 	8.246211 	73.348480 	60.415230 	33.286633 	82.292160 	72.449982 	51.865211 	999.000000 	41.617306 	26.870058 	48.826221 	33.970577 	77.388626 	34.058773 	60.000000 	34.828148 	12.165525 	11.000000 	30.232433 	59.816387 	
29.154760 	82.764725 	87.321243 	78.892334 	56.435802 	95.383438 	97.247108 	29.732138 	92.114059 	34.000000 	116.361504 	49.406479 	18.027756 	94.302704 	104.009613 	15.652476 	18.788294 	55.317268 	48.877399 	80.529495 	40.012497 	86.214851 	100.439034 	26.400757 	116.811813 	16.492422 	50.931328 	19.000000 	29.154760 	79.246452 	6.000000 	26.907248 	101.828285 	48.166378 	111.606453 	99.488693 	73.539108 	120.432556 	32.015621 	91.967384 	41.617306 	999.000000 	68.249542 	7.211102 	75.166481 	117.034180 	75.604233 	18.439089 	76.400261 	34.176014 	36.400551 	71.847061 	18.384777 	
57.723480 	33.105892 	34.481880 	28.178005 	25.709921 	40.447498 	41.194660 	45.541191 	35.227829 	39.217342 	59.076221 	24.186773 	75.584389 	35.000000 	44.181442 	76.059189 	51.971146 	42.449970 	96.690224 	35.510563 	102.044106 	25.000000 	39.319206 	43.046486 	56.718605 	79.259071 	18.973665 	83.862984 	94.021271 	15.033297 	64.637451 	41.400482 	38.327538 	20.248457 	48.764740 	35.440090 	9.055386 	57.567352 	98.270035 	26.000000 	26.870058 	68.249542 	999.000000 	75.432091 	7.211102 	51.429562 	7.615773 	86.683334 	8.544003 	37.443291 	35.510563 	6.324555 	86.556343 	
33.136082 	89.185204 	93.813644 	85.440041 	62.968246 	101.872467 	103.773796 	35.777088 	98.737022 	40.496914 	122.800652 	56.222771 	16.643316 	101.019798 	110.679718 	13.601471 	25.238859 	60.728905 	46.227695 	86.769814 	34.365681 	93.085983 	107.200745 	33.301651 	123.422043 	12.806249 	57.982758 	13.601471 	23.021729 	86.278618 	11.661903 	34.058773 	108.706024 	55.317268 	118.406082 	106.404884 	80.622574 	127.200630 	25.317978 	99.005051 	48.826221 	7.211102 	75.432091 	999.000000 	82.328613 	123.987900 	82.800964 	11.313708 	83.600243 	41.231056 	43.462627 	79.056938 	11.401754 	
63.245552 	30.000000 	30.413813 	25.495098 	29.000000 	35.440090 	35.902645 	51.478149 	30.083218 	45.188496 	53.009434 	29.410883 	81.884064 	29.274563 	38.000000 	82.492424 	58.523499 	45.276924 	101.867561 	33.241539 	108.226616 	19.416489 	33.015148 	49.648766 	50.249378 	85.755463 	25.059929 	90.426765 	100.498756 	9.486833 	71.400284 	48.270073 	31.575306 	27.018513 	41.976185 	28.635643 	5.830952 	50.695168 	104.847511 	18.973665 	33.970577 	75.166481 	7.211102 	82.328613 	999.000000 	44.283180 	4.242640 	93.605553 	5.000000 	44.654228 	42.720020 	8.246211 	93.509361 	
99.201813 	40.311287 	35.468296 	41.677334 	62.481998 	29.614185 	27.459061 	89.872131 	29.154760 	84.148682 	23.853722 	67.896980 	120.507263 	25.495098 	19.104973 	121.753853 	99.035347 	72.945183 	134.238586 	44.944408 	145.602203 	31.144823 	19.313208 	90.686272 	17.204651 	125.255737 	66.219330 	130.176804 	139.603012 	38.013157 	112.538879 	90.426765 	15.811388 	69.634758 	10.049875 	17.691807 	44.102154 	10.816654 	144.422989 	25.553865 	77.388626 	117.034180 	51.429562 	123.987900 	44.283180 	999.000000 	45.880280 	135.281189 	45.541191 	88.684837 	86.833176 	50.921509 	135.369858 	
65.253349 	34.205261 	34.481880 	29.732138 	32.140316 	39.217342 	39.560081 	53.141319 	33.837849 	46.818798 	56.142673 	31.575306 	83.192551 	32.756680 	41.109608 	83.648071 	59.539902 	48.662102 	104.139328 	37.483330 	109.658562 	23.086792 	36.055511 	50.606323 	53.037724 	86.833176 	26.570660 	91.416626 	101.597244 	13.416408 	72.111023 	48.826221 	34.132095 	27.784887 	44.407207 	31.144823 	10.000000 	52.952808 	105.815880 	21.213203 	34.058773 	75.604233 	7.615773 	82.800964 	4.242640 	45.880280 	999.000000 	94.021271 	1.000000 	44.045429 	42.011902 	5.099020 	93.861603 	
42.449970 	100.169853 	104.847511 	96.519424 	74.060783 	112.898186 	114.825958 	46.647614 	109.859001 	51.613953 	133.775925 	67.475922 	22.022715 	112.200714 	121.827744 	19.000000 	36.400551 	70.936592 	46.400433 	97.616600 	29.068884 	104.350372 	118.406082 	44.598206 	134.525085 	16.124516 	69.296463 	13.000000 	17.492855 	97.590981 	22.803509 	45.343136 	119.970833 	66.603302 	129.630249 	117.686020 	91.934761 	138.405197 	17.464249 	110.317726 	60.000000 	18.439089 	86.683334 	11.313708 	93.605553 	135.281189 	94.021271 	999.000000 	94.810333 	51.884487 	54.120235 	90.210861 	1.414214 	
66.219330 	34.828148 	34.985710 	30.413813 	33.136082 	39.560081 	39.849716 	54.083271 	34.176014 	47.759815 	56.222771 	32.557640 	84.095184 	32.984844 	41.194660 	84.534019 	60.415230 	49.648766 	105.118980 	38.183765 	110.571243 	23.409399 	36.124783 	51.478149 	53.009434 	87.709747 	27.513634 	92.282173 	102.474388 	13.892444 	72.945183 	49.648766 	34.058773 	28.653097 	44.283180 	31.064449 	10.816654 	52.773098 	106.677086 	21.095022 	34.828148 	76.400261 	8.544003 	83.600243 	5.000000 	45.541191 	1.000000 	94.810333 	999.000000 	44.687805 	42.638012 	5.385165 	94.641426 	
38.910152 	61.400326 	64.938431 	56.568542 	37.215588 	72.567207 	73.979729 	27.202942 	68.154236 	24.083189 	93.145050 	28.160255 	47.042534 	69.260376 	79.056938 	46.270943 	24.515301 	46.518814 	75.133217 	61.032780 	72.835434 	59.808025 	74.672615 	18.357559 	92.027168 	48.662102 	25.179358 	52.392746 	62.817196 	50.990196 	32.557640 	13.416408 	74.732857 	20.396078 	85.088188 	72.013885 	44.721359 	94.021271 	66.098412 	63.134777 	12.165525 	34.176014 	37.443291 	41.231056 	44.654228 	88.684837 	44.045429 	51.884487 	44.687805 	999.000000 	2.236068 	39.623226 	51.478149 	
40.311287 	60.207973 	63.639610 	55.326305 	36.496574 	71.196907 	72.567207 	28.301943 	66.708321 	24.758837 	91.678787 	27.459061 	49.091751 	67.720009 	77.491936 	48.373547 	26.305893 	46.529560 	76.941536 	60.000000 	74.966660 	58.189346 	73.054771 	19.697716 	90.443352 	50.803543 	24.020824 	54.571056 	65.000000 	49.244289 	34.713108 	14.866069 	73.006851 	19.104973 	83.384651 	70.263786 	42.953465 	92.309265 	68.308128 	61.294373 	11.000000 	36.400551 	35.510563 	43.462627 	42.720020 	86.833176 	42.011902 	54.120235 	42.638012 	2.236068 	999.000000 	37.536648 	53.712196 	
63.150612 	37.735924 	38.483765 	33.015148 	32.015621 	43.680660 	44.147480 	50.695168 	38.327538 	44.384682 	61.073727 	30.016663 	80.230919 	37.483330 	46.043457 	80.529495 	56.364883 	48.764740 	102.259476 	40.607880 	106.775467 	27.658634 	41.012192 	47.423622 	58.077534 	83.630135 	24.331051 	88.119240 	98.386993 	17.720045 	68.600288 	45.276924 	39.204590 	24.698177 	49.497475 	36.221542 	13.038404 	58.051701 	102.474388 	26.305893 	30.232433 	71.847061 	6.324555 	79.056938 	8.246211 	50.921509 	5.099020 	90.210861 	5.385165 	39.623226 	37.536648 	999.000000 	90.000000 	
43.174065 	100.498756 	105.152267 	96.798759 	74.330345 	113.207771 	115.121674 	47.010635 	110.113579 	51.865211 	134.111893 	67.623962 	23.086792 	112.414413 	122.065559 	20.024984 	36.619667 	71.512238 	47.801674 	98.005104 	30.413813 	104.484451 	118.600166 	44.687805 	134.792435 	17.262676 	69.310890 	14.317822 	18.867962 	97.621719 	23.021729 	45.276924 	120.104118 	66.528191 	129.807556 	117.796432 	91.923882 	138.600143 	18.681541 	110.344917 	59.816387 	18.384777 	86.556343 	11.401754 	93.509361 	135.369858 	93.861603 	1.414214 	94.641426 	51.478149 	53.712196 	90.000000 	999.000000 	

Travel time:
9.000000 	1.520691 	1.644118 	1.451293 	0.922293 	1.839837 	1.892254 	0.325960 	1.786232 	0.475657 	2.346540 	0.845946 	0.561805 	1.860276 	2.086265 	0.614919 	0.406971 	0.728869 	0.980115 	1.437228 	1.160011 	1.706055 	2.020211 	0.515388 	2.388122 	0.704450 	0.970824 	0.828025 	1.030776 	1.598828 	0.579871 	0.637377 	2.085216 	0.977880 	2.302444 	2.040221 	1.490386 	2.511225 	1.160011 	1.903943 	0.933408 	0.728869 	1.443087 	0.828402 	1.581139 	2.480045 	1.631334 	1.061249 	1.655483 	0.972754 	1.007782 	1.578765 	1.079352 	
1.520691 	9.000000 	0.125000 	0.127475 	0.660019 	0.320156 	0.371652 	1.338376 	0.279509 	1.219118 	0.840387 	0.862047 	2.074398 	0.371652 	0.570088 	2.116158 	1.600195 	0.825379 	2.353853 	0.125000 	2.672195 	0.371652 	0.525595 	1.421487 	0.867828 	2.205958 	0.905539 	2.330906 	2.549510 	0.530330 	1.938105 	1.454734 	0.625000 	1.027740 	0.797653 	0.608276 	0.617454 	0.995615 	2.676402 	0.618466 	1.231361 	2.069118 	0.827647 	2.229630 	0.750000 	1.007782 	0.855132 	2.504246 	0.870704 	1.535008 	1.505199 	0.943398 	2.512469 	
1.644118 	0.125000 	9.000000 	0.213600 	0.772172 	0.201556 	0.250000 	1.456237 	0.158114 	1.333464 	0.726722 	0.965660 	2.196588 	0.254951 	0.445112 	2.237465 	1.715007 	0.950329 	2.478155 	0.237171 	2.796650 	0.320156 	0.403887 	1.531747 	0.745822 	2.327150 	0.995301 	2.452040 	2.672195 	0.527376 	2.053807 	1.559848 	0.509902 	1.113833 	0.673146 	0.500625 	0.640800 	0.870704 	2.798661 	0.548293 	1.319327 	2.183031 	0.862047 	2.345341 	0.760345 	0.886707 	0.862047 	2.621188 	0.874643 	1.623461 	1.590990 	0.962094 	2.628807 	
1.451293 	0.127475 	0.213600 	9.000000 	0.561805 	0.413824 	0.458939 	1.250000 	0.336341 	1.123610 	0.939415 	0.752080 	1.998281 	0.410031 	0.637377 	2.036695 	1.505199 	0.782624 	2.314763 	0.195256 	2.608759 	0.325000 	0.570088 	1.319327 	0.950329 	2.126029 	0.785016 	2.250694 	2.475126 	0.430116 	1.844587 	1.346291 	0.648556 	0.905539 	0.851469 	0.617454 	0.500000 	1.060660 	2.600120 	0.575543 	1.110180 	1.972308 	0.704450 	2.136001 	0.637377 	1.041933 	0.743303 	2.412986 	0.760345 	1.414214 	1.383158 	0.825379 	2.419969 	
0.922293 	0.660019 	0.772172 	0.561805 	9.000000 	0.973717 	1.020416 	0.691466 	0.895126 	0.561805 	1.498541 	0.226385 	1.451293 	0.957209 	1.195042 	1.484924 	0.943398 	0.419076 	1.850000 	0.618466 	2.080865 	0.785016 	1.114955 	0.761577 	1.511622 	1.573412 	0.347311 	1.697425 	1.928892 	0.687841 	1.282819 	0.800391 	1.168867 	0.469707 	1.397542 	1.120547 	0.604669 	1.613420 	2.050914 	0.983933 	0.642748 	1.410895 	0.642748 	1.574206 	0.725000 	1.562050 	0.803508 	1.851520 	0.828402 	0.930390 	0.912414 	0.800391 	1.858259 	
1.839837 	0.320156 	0.201556 	0.413824 	0.973717 	9.000000 	0.055902 	1.657181 	0.134629 	1.535008 	0.525595 	1.165386 	2.394394 	0.195256 	0.269258 	2.436314 	1.916540 	1.136332 	2.655772 	0.410031 	2.988833 	0.403887 	0.276134 	1.732953 	0.548293 	2.526114 	1.188486 	2.651061 	2.869233 	0.649038 	2.255271 	1.759616 	0.406971 	1.304320 	0.506211 	0.427200 	0.785016 	0.686477 	2.996352 	0.565685 	1.510381 	2.384586 	1.011187 	2.546812 	0.886002 	0.740355 	0.980434 	2.822455 	0.989002 	1.814180 	1.779923 	1.092016 	2.830194 	
1.892254 	0.371652 	0.250000 	0.458939 	1.020416 	0.055902 	9.000000 	1.706055 	0.150000 	1.582127 	0.482830 	1.208305 	2.445915 	0.180278 	0.213600 	2.487217 	1.963734 	1.190850 	2.711319 	0.465027 	3.042408 	0.412311 	0.230489 	1.777991 	0.496236 	2.576941 	1.226020 	2.701851 	2.921151 	0.661910 	2.302851 	1.802255 	0.364006 	1.340009 	0.450694 	0.391312 	0.803508 	0.630971 	3.047950 	0.550568 	1.546165 	2.431178 	1.029866 	2.594345 	0.897566 	0.686477 	0.989002 	2.870649 	0.996243 	1.849493 	1.814180 	1.103687 	2.878042 	
0.325960 	1.338376 	1.456237 	1.250000 	0.691466 	1.657181 	1.706055 	9.000000 	1.585284 	0.158114 	2.178302 	0.561805 	0.770146 	1.648674 	1.885802 	0.797261 	0.279509 	0.651920 	1.302162 	1.275000 	1.420607 	1.468205 	1.806239 	0.230489 	2.200142 	0.884590 	0.664266 	1.007782 	1.245492 	1.331353 	0.604152 	0.353553 	1.856240 	0.657647 	2.088660 	1.804508 	1.209339 	2.304886 	1.364047 	1.645068 	0.608276 	0.743303 	1.138530 	0.894427 	1.286954 	2.246803 	1.328533 	1.166190 	1.352082 	0.680074 	0.707549 	1.267379 	1.175266 	
1.786232 	0.279509 	0.158114 	0.336341 	0.895126 	0.134629 	0.150000 	1.585284 	9.000000 	1.456237 	0.625000 	1.073546 	2.334524 	0.100000 	0.301040 	2.373025 	1.837457 	1.102554 	2.632727 	0.395285 	2.942151 	0.269258 	0.246221 	1.646587 	0.617454 	2.462341 	1.083109 	2.586987 	2.811250 	0.515388 	2.177298 	1.666021 	0.353553 	1.195042 	0.520216 	0.350892 	0.654313 	0.725000 	2.936409 	0.445112 	1.401116 	2.302851 	0.880696 	2.468426 	0.752080 	0.728869 	0.845946 	2.746475 	0.854400 	1.703856 	1.667708 	0.958188 	2.752840 	
0.475657 	1.219118 	1.333464 	1.123610 	0.561805 	1.535008 	1.582127 	0.158114 	1.456237 	9.000000 	2.059126 	0.410031 	0.922293 	1.515132 	1.755349 	0.945053 	0.381608 	0.608276 	1.455378 	1.165386 	1.576586 	1.325943 	1.671077 	0.225000 	2.073192 	1.030776 	0.506211 	1.152443 	1.395081 	1.180042 	0.721110 	0.316228 	1.715554 	0.502494 	1.952562 	1.661701 	1.054751 	2.170829 	1.511001 	1.495410 	0.474342 	0.850000 	0.980434 	1.012423 	1.129712 	2.103717 	1.170470 	1.290349 	1.193995 	0.602080 	0.618971 	1.109617 	1.296630 	
2.346540 	0.840387 	0.726722 	0.939415 	1.498541 	0.525595 	0.482830 	2.178302 	0.625000 	2.059126 	9.000000 	1.690599 	2.905275 	0.604669 	0.375832 	2.950106 	2.440415 	1.627882 	3.115786 	0.910014 	3.483622 	0.853302 	0.502494 	2.258456 	0.167705 	3.040148 	1.707703 	3.165142 	3.377314 	1.101136 	2.778489 	2.284732 	0.577170 	1.820028 	0.390512 	0.649038 	1.253994 	0.364006 	3.506155 	0.892328 	2.026080 	2.909038 	1.476906 	3.070016 	1.325236 	0.596343 	1.403567 	3.344398 	1.405569 	2.328626 	2.291970 	1.526843 	3.352797 	
0.845946 	0.862047 	0.965660 	0.752080 	0.226385 	1.165386 	1.208305 	0.561805 	1.073546 	0.410031 	1.690599 	9.000000 	1.331353 	1.123610 	1.367708 	1.355083 	0.778621 	0.550568 	1.814180 	0.834416 	1.981477 	0.921954 	1.275980 	0.575543 	1.690044 	1.440703 	0.167705 	1.562050 	1.805028 	0.770146 	1.117195 	0.594243 	1.312441 	0.265754 	1.555032 	1.256234 	0.648556 	1.775704 	1.920937 	1.085415 	0.419076 	1.235162 	0.604669 	1.405569 	0.735272 	1.697425 	0.789383 	1.686898 	0.813941 	0.704006 	0.686477 	0.750417 	1.690599 	
0.561805 	2.074398 	2.196588 	1.998281 	1.451293 	2.394394 	2.445915 	0.770146 	2.334524 	0.922293 	2.905275 	1.331353 	9.000000 	2.404163 	2.635455 	0.079057 	0.601041 	1.290591 	0.772172 	1.995307 	0.664266 	2.234390 	2.563323 	0.822344 	2.942151 	0.152069 	1.420607 	0.269258 	0.477624 	2.101339 	0.388104 	0.897566 	2.620115 	1.388569 	2.846160 	2.570627 	1.976898 	3.058697 	0.602080 	2.415186 	1.274019 	0.450694 	1.889610 	0.416083 	2.047101 	3.012681 	2.079814 	0.550568 	2.102380 	1.176063 	1.227294 	2.005773 	0.577170 	
1.860276 	0.371652 	0.254951 	0.410031 	0.957209 	0.195256 	0.180278 	1.648674 	0.100000 	1.515132 	0.604669 	1.123610 	2.404163 	9.000000 	0.246221 	2.440543 	1.895059 	1.187697 	2.719605 	0.491172 	3.018485 	0.250000 	0.160078 	1.698897 	0.571183 	2.529452 	1.119431 	2.653771 	2.881514 	0.500625 	2.235090 	1.711907 	0.254951 	1.226020 	0.442295 	0.251247 	0.650481 	0.656220 	3.005412 	0.371652 	1.431127 	2.357568 	0.875000 	2.525495 	0.731864 	0.637377 	0.818917 	2.805018 	0.824621 	1.731509 	1.693000 	0.937083 	2.810360 	
2.086265 	0.570088 	0.445112 	0.637377 	1.195042 	0.269258 	0.213600 	1.885802 	0.301040 	1.755349 	0.375832 	1.367708 	2.635455 	0.246221 	9.000000 	2.674065 	2.136147 	1.395081 	2.920295 	0.673146 	3.240852 	0.485412 	0.127475 	1.942453 	0.325000 	2.763377 	1.365650 	2.888014 	3.112073 	0.728869 	2.476136 	1.957358 	0.230489 	1.471819 	0.237171 	0.291548 	0.883883 	0.425735 	3.237380 	0.522015 	1.676678 	2.600240 	1.104536 	2.766993 	0.950000 	0.477624 	1.027740 	3.045694 	1.029866 	1.976424 	1.937298 	1.151086 	3.051639 	
0.614919 	2.116158 	2.237465 	2.036695 	1.484924 	2.436314 	2.487217 	0.797261 	2.373025 	0.945053 	2.950106 	1.355083 	0.079057 	2.440543 	2.674065 	9.000000 	0.604152 	1.342805 	0.832166 	2.040221 	0.667083 	2.265226 	2.599159 	0.827647 	2.983287 	0.090139 	1.436358 	0.215058 	0.450694 	2.125000 	0.350892 	0.893378 	2.652593 	1.397542 	2.881948 	2.601562 	1.997029 	3.096066 	0.566789 	2.440415 	1.273038 	0.391312 	1.901480 	0.340037 	2.062311 	3.043846 	2.091202 	0.475000 	2.113350 	1.156774 	1.209339 	2.013237 	0.500625 	
