Total assets = 663
Number of asset nodes = 34

Distance:
999.000000 	14.866069 	7.211102 	25.553865 	30.528675 	66.468040 	17.262676 	27.313000 	28.635643 	26.076809 	59.033890 	63.411354 	18.384777 	17.204651 	36.235340 	92.195442 	17.464249 	27.658634 	73.878281 	37.000000 	35.227829 	30.016663 	33.286633 	35.341194 	35.777088 	34.985710 	34.058773 	36.359318 	36.055511 	35.383614 	36.769554 	37.802116 	43.680660 	38.418747 	38.948685 	49.365982 	44.777225 	45.694637 	51.662365 	50.596443 	51.244511 	53.366657 	57.314919 	45.607018 	52.554733 	55.027267 	56.320511 	56.612720 	59.203041 	56.603886 	56.400356 	64.660652 	
14.866069 	999.000000 	8.062258 	40.224369 	45.221676 	81.320351 	30.870699 	41.677334 	43.046486 	12.369317 	44.204071 	78.243210 	28.160255 	21.377558 	22.803509 	106.004715 	5.830952 	42.449970 	88.729927 	49.030602 	25.961510 	37.336308 	39.812057 	43.289722 	43.416588 	41.773197 	38.897301 	42.953465 	42.201897 	39.560081 	34.655445 	43.011627 	53.037724 	43.324360 	38.418747 	60.133186 	52.611786 	53.600372 	61.073727 	59.304298 	60.207973 	63.031738 	68.117546 	46.872166 	60.671246 	63.505905 	65.276337 	65.375839 	68.264191 	62.297672 	60.926186 	70.228203 	
7.211102 	8.062258 	999.000000 	32.202484 	37.202152 	73.552704 	22.847319 	33.615471 	34.985710 	18.867962 	52.201534 	70.292244 	21.023796 	16.124516 	29.068884 	99.317673 	12.041595 	34.828148 	80.808418 	41.436699 	29.000000 	31.320919 	34.176014 	37.107952 	37.363083 	36.055511 	34.000000 	37.336308 	36.769554 	34.985710 	33.286633 	38.013157 	46.389652 	38.470768 	36.235340 	53.000000 	46.572525 	47.539455 	54.451813 	52.952808 	53.758720 	56.320511 	61.000000 	43.863426 	54.571056 	57.271286 	58.855755 	59.033890 	61.814240 	57.271286 	56.435802 	65.306969 	
25.553865 	40.224369 	32.202484 	999.000000 	5.000000 	42.201897 	11.180340 	3.605551 	4.123106 	50.209560 	84.403793 	38.209946 	20.615528 	29.546574 	59.548298 	72.780495 	42.941822 	8.944272 	48.795490 	19.849434 	54.589375 	28.284271 	31.575306 	29.732138 	30.675724 	32.015621 	35.227829 	33.241539 	33.955853 	37.215588 	47.675991 	36.878178 	32.015621 	37.854988 	47.095646 	33.015148 	36.359318 	36.891735 	38.209946 	38.948685 	38.897301 	39.051247 	39.824615 	49.365982 	41.868843 	43.139309 	43.185646 	43.863426 	45.453274 	50.249378 	52.325901 	57.428215 	
30.528675 	45.221676 	37.202152 	5.000000 	999.000000 	37.443291 	15.811388 	5.099020 	4.000000 	55.172459 	89.403580 	33.241539 	24.698177 	34.000000 	64.443771 	69.050705 	47.885281 	9.433981 	43.840622 	19.416489 	59.169250 	31.000000 	34.058773 	31.575306 	32.557640 	34.234486 	38.000000 	35.355339 	36.221542 	40.000000 	51.419842 	39.204590 	32.249031 	40.199501 	50.487621 	31.827662 	37.161808 	37.576588 	37.643059 	38.832977 	38.600517 	38.209946 	38.013157 	52.038448 	41.880783 	42.801868 	42.520584 	43.278172 	44.553337 	50.990196 	53.488316 	57.801384 	
66.468040 	81.320351 	73.552704 	42.201897 	37.443291 	999.000000 	53.254108 	42.190044 	40.816662 	92.097771 	125.319588 	8.544003 	61.773781 	71.344238 	101.671036 	38.078865 	82.975899 	38.948685 	10.000000 	48.052055 	96.566040 	65.459915 	67.720009 	63.788715 	64.761101 	67.186310 	72.124893 	67.911705 	69.123077 	74.040527 	87.464279 	72.034714 	59.211487 	73.006851 	85.702972 	53.037724 	65.276337 	65.192024 	60.074955 	63.007935 	62.032249 	59.211487 	53.935146 	85.146935 	66.030296 	65.192024 	63.387695 	64.381676 	63.788715 	77.006493 	81.024689 	81.394104 	
17.262676 	30.870699 	22.847319 	11.180340 	15.811388 	53.254108 	999.000000 	11.313708 	12.727922 	39.824615 	74.625732 	48.836460 	10.000000 	18.384777 	48.795490 	83.677956 	34.481880 	18.027756 	59.464275 	20.223749 	43.416588 	20.124611 	23.706539 	23.430750 	24.207438 	24.698177 	26.570660 	26.076809 	26.419689 	28.460499 	37.121422 	29.068884 	29.154760 	29.966648 	37.054016 	33.241539 	31.890438 	32.649654 	36.674240 	36.359318 	36.715118 	38.078865 	41.000000 	40.521599 	38.832977 	40.816662 	41.593269 	42.059483 	44.283180 	45.276924 	46.400433 	53.037724 	
27.313000 	41.677334 	33.615471 	3.605551 	5.099020 	42.190044 	11.313708 	999.000000 	1.414214 	51.088158 	85.702972 	37.536648 	19.697716 	29.154760 	60.108234 	74.148499 	44.777225 	12.206555 	48.166378 	16.278820 	54.378304 	26.019224 	29.154760 	26.925823 	27.892651 	29.427877 	33.015148 	30.594116 	31.400637 	35.014282 	46.324940 	34.365681 	28.600698 	35.355339 	45.398239 	29.410883 	33.120991 	33.615471 	34.655445 	35.468296 	35.383614 	35.468296 	36.235340 	47.095646 	38.418747 	39.623226 	39.623226 	40.311287 	41.868843 	47.010635 	49.244289 	54.083271 	
28.635643 	43.046486 	34.985710 	4.123106 	4.000000 	40.816662 	12.727922 	1.414214 	999.000000 	52.497620 	87.091904 	36.124783 	21.023796 	30.528675 	61.522354 	72.993149 	46.097721 	12.041595 	46.754681 	16.278820 	55.758408 	27.000000 	30.066593 	27.658634 	28.635643 	30.265491 	34.000000 	31.400637 	32.249031 	36.000000 	47.539455 	35.227829 	28.844410 	36.221542 	46.529560 	29.206163 	33.541019 	34.000000 	34.655445 	35.608986 	35.468296 	35.383614 	35.846897 	48.041649 	38.600517 	39.698868 	39.597980 	40.311287 	41.773197 	47.413078 	49.769470 	54.378304 	
26.076809 	12.369317 	18.867962 	50.209560 	55.172459 	92.097771 	39.824615 	51.088158 	52.497620 	999.000000 	35.341194 	88.413803 	34.438351 	25.298222 	10.440307 	118.067780 	15.132746 	53.600372 	99.005051 	55.542778 	16.401220 	40.607880 	42.190044 	46.529560 	46.389652 	44.181442 	40.000000 	45.099888 	44.045429 	40.049969 	30.463093 	44.011364 	56.885849 	44.045429 	35.114101 	65.000000 	55.145264 	56.142673 	64.629715 	62.289646 	63.387695 	66.753281 	72.780495 	44.271889 	63.071388 	66.121101 	68.264191 	68.183578 	71.253067 	62.514000 	60.207973 	70.035706 	
59.033890 	44.204071 	52.201534 	84.403793 	89.403580 	125.319588 	74.625732 	85.702972 	87.091904 	35.341194 	999.000000 	122.441826 	69.778221 	60.539242 	29.427877 	147.299011 	42.426407 	86.371292 	132.909744 	90.873535 	42.047592 	75.286118 	76.400261 	81.043198 	80.777473 	78.339005 	73.545906 	79.075912 	77.878113 	73.164200 	60.074955 	77.278717 	91.482239 	77.103828 	65.069191 	99.929977 	89.050545 	90.027771 	98.954536 	96.317184 	97.514099 	101.138519 	107.563934 	74.006760 	96.690224 	99.824844 	102.181213 	101.980392 	105.118980 	94.260277 	91.049438 	101.044548 	
63.411354 	78.243210 	70.292244 	38.209946 	33.241539 	8.544003 	48.836460 	37.536648 	36.124783 	88.413803 	122.441826 	999.000000 	56.612720 	66.400299 	97.621719 	46.572525 	80.448738 	36.715118 	10.630146 	41.109608 	91.607857 	59.093147 	61.098282 	56.920998 	57.870544 	60.406952 	65.551506 	61.032780 	62.297672 	67.416618 	81.394104 	65.145988 	51.623638 	66.098412 	79.309517 	45.011108 	57.706154 	57.558666 	52.000000 	55.036350 	54.009258 	51.039200 	45.541191 	78.160095 	58.008621 	57.035076 	55.145264 	56.142673 	55.443665 	69.028976 	73.171036 	73.171036 	
18.384777 	28.160255 	21.023796 	20.615528 	24.698177 	61.773781 	10.000000 	19.697716 	21.023796 	34.438351 	69.778221 	56.612720 	999.000000 	9.899495 	42.201897 	93.391647 	33.000000 	28.017851 	67.201187 	21.189621 	35.000000 	12.041595 	15.556349 	17.000000 	17.492855 	17.029387 	17.492855 	18.439089 	18.384777 	19.235384 	27.166155 	20.615528 	25.495098 	21.400934 	27.073973 	32.015621 	26.400757 	27.313000 	33.541019 	32.280025 	32.984844 	35.355339 	40.012497 	31.016125 	34.176014 	36.687874 	38.078865 	38.327538 	41.000000 	38.600517 	38.897301 	46.615448 	
17.204651 	21.377558 	16.124516 	29.546574 	34.000000 	71.344238 	18.384777 	29.154760 	30.528675 	25.298222 	60.539242 	66.400299 	9.899495 	999.000000 	32.449963 	101.921539 	26.925823 	35.902645 	77.006493 	30.413813 	25.238859 	16.031219 	18.439089 	22.022715 	22.090721 	20.396078 	17.888544 	21.587032 	20.880613 	18.867962 	20.396078 	21.931713 	32.062439 	22.360680 	21.931713 	39.812057 	31.257000 	32.249031 	40.012497 	38.052597 	39.012817 	42.047592 	47.675991 	28.425341 	39.319206 	42.190044 	44.045429 	44.102154 	47.042534 	41.231056 	40.311287 	49.244289 	
36.235340 	22.803509 	29.068884 	59.548298 	64.443771 	101.671036 	48.795490 	60.108234 	61.522354 	10.440307 	29.427877 	97.621719 	42.201897 	32.449963 	999.000000 	128.378342 	25.019993 	63.513779 	108.245094 	62.769421 	13.341664 	46.238514 	47.127487 	51.865211 	51.546097 	49.040798 	44.147480 	49.729267 	48.507732 	43.737854 	31.064449 	47.853943 	62.297672 	47.675991 	36.055511 	70.936592 	59.665737 	60.638271 	69.641945 	66.940269 	68.154236 	71.840103 	78.434685 	45.177429 	67.268120 	70.405968 	72.780495 	72.567207 	75.709976 	65.030762 	62.032249 	72.027771 	
92.195442 	106.004715 	99.317673 	72.780495 	69.050705 	38.078865 	83.677956 	74.148499 	72.993149 	118.067780 	147.299011 	46.572525 	93.391647 	101.921539 	128.378342 	999.000000 	105.815880 	66.098412 	41.593269 	84.005951 	126.194298 	99.724625 	102.489021 	99.181648 	100.179840 	102.313248 	106.677086 	103.237587 	104.307236 	108.664619 	120.415947 	107.298645 	96.083298 	108.295891 	119.519875 	90.669731 	102.044106 	102.078400 	97.739449 	100.498756 	99.609238 	97.015465 	91.983696 	120.415947 	103.585716 	102.956299 	101.271912 	102.259476 	101.788994 	114.437759 	118.207443 	119.218285 	
17.464249 	5.830952 	12.041595 	42.941822 	47.885281 	82.975899 	34.481880 	44.777225 	46.097721 	15.132746 	42.426407 	80.448738 	33.000000 	26.925823 	25.019993 	105.815880 	999.000000 	44.045429 	90.801979 	53.460266 	30.463093 	42.755116 	45.354160 	48.662102 	48.836460 	47.296936 	44.598206 	48.507732 	47.801674 	45.310043 	40.360870 	48.703182 	58.215118 	49.040798 	44.204071 	65.007690 	58.051701 	59.033890 	66.272163 	64.629715 	65.490456 	68.183578 	73.006851 	52.697250 	66.098412 	68.883957 	70.576202 	70.710678 	73.552704 	68.007355 	66.708321 	75.960518 	
27.658634 	42.449970 	34.828148 	8.944272 	9.433981 	38.948685 	18.027756 	12.206555 	12.041595 	53.600372 	86.371292 	36.715118 	28.017851 	35.902645 	63.513779 	66.098412 	44.045429 	999.000000 	46.872166 	28.319605 	60.166435 	36.878178 	40.261642 	38.626415 	39.560081 	40.804413 	43.737854 	42.059483 	42.720020 	45.705578 	55.145264 	45.607018 	40.804413 	46.572525 	55.009090 	41.109608 	45.276924 	45.793011 	46.690472 	47.634022 	47.507893 	47.381432 	47.434166 	57.870544 	50.606323 	51.739735 	51.623638 	52.345009 	53.758720 	59.169250 	61.269894 	66.287254 	
73.878281 	88.729927 	80.808418 	48.795490 	43.840622 	10.000000 	59.464275 	48.166378 	46.754681 	99.005051 	132.909744 	10.630146 	67.201187 	77.006493 	108.245094 	41.593269 	90.801979 	46.872166 	999.000000 	51.078373 	102.200783 	69.318108 	71.175842 	66.850578 	67.779053 	70.384659 	75.643906 	70.936592 	72.235725 	77.472572 	91.706055 	75.026665 	60.876926 	75.960518 	89.470665 	53.600372 	66.940269 	66.708321 	60.406952 	63.639610 	62.514000 	59.211487 	53.000000 	87.920418 	66.483078 	65.192024 	63.071388 	64.070274 	63.000000 	77.524193 	81.884064 	81.024689 	
37.000000 	49.030602 	41.436699 	19.849434 	19.416489 	48.052055 	20.223749 	16.278820 	16.278820 	55.542778 	90.873535 	41.109608 	21.189621 	30.413813 	62.769421 	84.005951 	53.460266 	28.319605 	51.078373 	999.000000 	53.907330 	18.601076 	20.124611 	15.811388 	16.763054 	19.313208 	24.596748 	19.924858 	21.189621 	26.400757 	41.048752 	24.041630 	13.000000 	25.000000 	38.470768 	13.416408 	18.439089 	18.681541 	18.384777 	19.416489 	19.209373 	19.209373 	20.880613 	37.107952 	22.472204 	23.430750 	23.345236 	24.041630 	25.612497 	31.953091 	34.928497 	38.470768 	
35.227829 	25.961510 	29.000000 	54.589375 	59.169250 	96.566040 	43.416588 	54.378304 	55.758408 	16.401220 	42.047592 	91.607857 	35.000000 	25.238859 	13.341664 	126.194298 	30.463093 	60.166435 	102.200783 	53.907330 	999.000000 	36.055511 	36.235340 	41.182522 	40.706264 	38.013157 	32.695564 	38.483765 	37.161808 	31.953091 	18.027756 	36.055511 	51.429562 	35.735138 	23.021729 	60.415230 	48.104053 	49.040798 	58.309521 	55.362442 	56.648037 	60.539242 	67.542580 	32.015621 	55.362442 	58.523499 	61.032780 	60.728905 	63.890530 	52.239830 	49.010204 	59.008472 	
30.016663 	37.336308 	31.320919 	28.284271 	31.000000 	65.459915 	20.124611 	26.019224 	27.000000 	40.607880 	75.286118 	59.093147 	12.041595 	16.031219 	46.238514 	99.724625 	42.755116 	36.878178 	69.318108 	18.601076 	36.055511 	999.000000 	3.605551 	6.000000 	6.082763 	5.000000 	7.000000 	6.403124 	6.403124 	9.000000 	22.472204 	8.944272 	16.278820 	9.848858 	20.248457 	24.698177 	15.297058 	16.278820 	24.083189 	22.022715 	23.000000 	26.172504 	32.280025 	21.095022 	23.345236 	26.172504 	28.017851 	28.071337 	31.016125 	26.627054 	26.870058 	34.669872 	
33.286633 	39.812057 	34.176014 	31.575306 	34.058773 	67.720009 	23.706539 	29.154760 	30.066593 	42.190044 	76.400261 	61.098282 	15.556349 	18.439089 	47.127487 	102.489021 	45.354160 	40.261642 	71.175842 	20.124611 	36.235340 	3.605551 	999.000000 	5.000000 	4.472136 	2.000000 	4.472136 	3.162278 	2.828427 	6.324555 	21.260292 	5.385165 	15.231546 	6.324555 	18.357559 	24.186773 	13.000000 	14.000000 	22.561028 	20.099751 	21.213203 	24.738634 	31.384710 	18.000000 	21.023796 	24.000000 	26.076809 	26.019224 	29.068884 	23.323807 	23.345236 	31.384710 	
35.341194 	43.289722 	37.107952 	29.732138 	31.575306 	63.788715 	23.430750 	26.925823 	27.658634 	46.529560 	81.043198 	56.920998 	17.000000 	22.022715 	51.865211 	99.181648 	48.662102 	38.626415 	66.850578 	15.811388 	41.182522 	6.000000 	5.000000 	999.000000 	1.000000 	3.605551 	9.219544 	4.123106 	5.385165 	10.816654 	26.172504 	8.246211 	10.440307 	9.219544 	23.021729 	19.235384 	9.486833 	10.440307 	18.110771 	16.031219 	17.000000 	20.223749 	26.570660 	21.377558 	17.464249 	20.223749 	22.022715 	22.090721 	25.019993 	21.931713 	23.021729 	29.832869 	
35.777088 	43.416588 	37.363083 	30.675724 	32.557640 	64.761101 	24.207438 	27.892651 	28.635643 	46.389652 	80.777473 	57.870544 	17.492855 	22.090721 	51.546097 	100.179840 	48.836460 	39.560081 	67.779053 	16.763054 	40.706264 	6.082763 	4.472136 	1.000000 	999.000000 	2.828427 	8.485281 	3.162278 	4.472136 	10.000000 	25.455845 	7.280110 	10.770329 	8.246211 	22.203604 	19.723083 	9.219544 	10.198039 	18.248287 	16.000000 	17.029387 	20.396078 	26.925823 	20.396078 	17.262676 	20.099751 	22.000000 	22.022715 	25.000000 	21.260292 	22.203604 	29.206163 	
34.985710 	41.773197 	36.055511 	32.015621 	34.234486 	67.186310 	24.698177 	29.427877 	30.265491 	44.181442 	78.339005 	60.406952 	17.029387 	20.396078 	49.040798 	102.313248 	47.296936 	40.804413 	70.384659 	19.313208 	38.013157 	5.000000 	2.000000 	3.605551 	2.828427 	999.000000 	5.656854 	1.414214 	2.000000 	7.211102 	22.627417 	5.000000 	13.416408 	6.000000 	19.416489 	22.472204 	11.000000 	12.000000 	20.615528 	18.110771 	19.235384 	22.803509 	29.546574 	18.110771 	19.026299 	22.000000 	24.083189 	24.020824 	27.073973 	21.633308 	21.931713 	29.681644 	
34.058773 	38.897301 	34.000000 	35.227829 	38.000000 	72.124893 	26.570660 	33.015148 	34.000000 	40.000000 	73.545906 	65.551506 	17.492855 	17.888544 	44.147480 	106.677086 	44.598206 	43.737854 	75.643906 	24.596748 	32.695564 	7.000000 	4.472136 	9.219544 	8.485281 	5.656854 	999.000000 	5.830952 	4.472136 	2.000000 	16.970562 	4.123106 	18.867962 	4.472136 	13.892444 	28.017851 	15.524175 	16.492422 	25.632011 	22.803509 	24.041630 	27.856777 	34.885529 	14.142136 	23.194826 	26.305893 	28.635643 	28.442924 	31.575306 	23.409399 	22.472204 	31.384710 	
36.359318 	42.953465 	37.336308 	33.241539 	35.355339 	67.911705 	26.076809 	30.594116 	31.400637 	45.099888 	79.075912 	61.032780 	18.439089 	21.587032 	49.729267 	103.237587 	48.507732 	42.059483 	70.936592 	19.924858 	38.483765 	6.403124 	3.162278 	4.123106 	3.162278 	1.414214 	5.830952 	999.000000 	1.414214 	7.071068 	22.671568 	4.123106 	13.038404 	5.099020 	19.209373 	22.203604 	10.049875 	11.045361 	19.924858 	17.262676 	18.439089 	22.135944 	29.068884 	17.262676 	18.000000 	21.023796 	23.194826 	23.086792 	26.172504 	20.248457 	20.518284 	28.301943 	
36.055511 	42.201897 	36.769554 	33.955853 	36.221542 	69.123077 	26.419689 	31.400637 	32.249031 	44.045429 	77.878113 	62.297672 	18.384777 	20.880613 	48.507732 	104.307236 	47.801674 	42.720020 	72.235725 	21.189621 	37.161808 	6.403124 	2.828427 	5.385165 	4.472136 	2.000000 	4.472136 	1.414214 	999.000000 	5.656854 	21.260292 	3.000000 	14.422205 	4.000000 	17.804493 	23.600847 	11.180340 	12.165525 	21.189621 	18.439089 	19.646883 	23.409399 	30.413813 	16.124516 	19.026299 	22.090721 	24.331051 	24.186773 	27.294687 	20.591261 	20.518284 	28.653097 	
35.383614 	39.560081 	34.985710 	37.215588 	40.000000 	74.040527 	28.460499 	35.014282 	36.000000 	40.049969 	73.164200 	67.416618 	19.235384 	18.867962 	43.737854 	108.664619 	45.310043 	45.705578 	77.472572 	26.400757 	31.953091 	9.000000 	6.324555 	10.816654 	10.000000 	7.211102 	2.000000 	7.071068 	5.656854 	999.000000 	15.620500 	4.123106 	20.000000 	4.000000 	12.206555 	29.206163 	16.155495 	17.088007 	26.400757 	23.409399 	24.698177 	28.635643 	35.846897 	12.165525 	23.537205 	26.683329 	29.120440 	28.861740 	32.015621 	22.803509 	21.470911 	30.675724 	
36.769554 	34.655445 	33.286633 	47.675991 	51.419842 	87.464279 	37.121422 	46.324940 	47.539455 	30.463093 	60.074955 	81.394104 	27.166155 	20.396078 	31.064449 	120.415947 	40.360870 	55.145264 	91.706055 	41.048752 	18.027756 	22.472204 	21.260292 	26.172504 	25.455845 	22.627417 	16.970562 	22.671568 	21.260292 	15.620500 	999.000000 	19.416489 	35.608986 	18.867962 	5.000000 	44.821869 	31.384710 	32.249031 	41.677334 	38.470768 	39.824615 	43.908997 	51.312767 	14.142136 	38.078865 	41.231056 	43.863426 	43.462627 	46.615448 	34.234486 	31.000000 	41.000000 	
37.802116 	43.011627 	38.013157 	36.878178 	39.204590 	72.034714 	29.068884 	34.365681 	35.227829 	44.011364 	77.278717 	65.145988 	20.615528 	21.931713 	47.853943 	107.298645 	48.703182 	45.607018 	75.026665 	24.041630 	36.055511 	8.944272 	5.385165 	8.246211 	7.280110 	5.000000 	4.123106 	4.123106 	3.000000 	4.123106 	19.416489 	999.000000 	16.278820 	1.000000 	15.556349 	25.495098 	12.083046 	13.000000 	22.360680 	19.313208 	20.615528 	24.596748 	31.906113 	13.152946 	19.416489 	22.561028 	25.000000 	24.738634 	27.892651 	19.313208 	18.601076 	27.313000 	
43.680660 	53.037724 	46.389652 	32.015621 	32.249031 	59.211487 	29.154760 	28.600698 	28.844410 	56.885849 	91.482239 	51.623638 	25.495098 	32.062439 	62.297672 	96.083298 	58.215118 	40.804413 	60.876926 	13.000000 	51.429562 	16.278820 	15.231546 	10.440307 	10.770329 	13.416408 	18.867962 	13.038404 	14.422205 	20.000000 	35.608986 	16.278820 	999.000000 	16.970562 	31.827662 	9.219544 	6.082763 	6.000000 	8.062258 	7.211102 	7.615773 	10.000000 	16.155495 	27.784887 	9.899495 	11.661903 	12.649111 	13.000000 	15.524175 	18.973665 	22.203604 	25.553865 	
38.418747 	43.324360 	38.470768 	37.854988 	40.199501 	73.006851 	29.966648 	35.355339 	36.221542 	44.045429 	77.103828 	66.098412 	21.400934 	22.360680 	47.675991 	108.295891 	49.040798 	46.572525 	75.960518 	25.000000 	35.735138 	9.848858 	6.324555 	9.219544 	8.246211 	6.000000 	4.472136 	5.099020 	4.000000 	4.000000 	18.867962 	1.000000 	16.970562 	999.000000 	14.866069 	26.172504 	12.529964 	13.416408 	22.825424 	19.697716 	21.023796 	25.059929 	32.449963 	12.165525 	19.646883 	22.803509 	25.298222 	25.000000 	28.160255 	18.973665 	18.027756 	26.925823 	
38.948685 	38.418747 	36.235340 	47.095646 	50.487621 	85.702972 	37.054016 	45.398239 	46.529560 	35.114101 	65.069191 	79.309517 	27.073973 	21.931713 	36.055511 	119.519875 	44.204071 	55.009090 	89.470665 	38.470768 	23.021729 	20.248457 	18.357559 	23.021729 	22.203604 	19.416489 	13.892444 	19.209373 	17.804493 	12.206555 	5.000000 	15.556349 	31.827662 	14.866069 	999.000000 	41.036568 	27.202942 	28.017851 	37.443291 	34.132095 	35.510563 	39.661064 	47.201694 	9.219544 	33.541019 	36.674240 	39.357338 	38.910152 	42.047592 	29.274563 	26.000000 	36.000000 	
49.365982 	60.133186 	53.000000 	33.015148 	31.827662 	53.037724 	33.241539 	29.410883 	29.206163 	65.000000 	99.929977 	45.011108 	32.015621 	39.812057 	70.936592 	90.669731 	65.007690 	41.109608 	53.600372 	13.416408 	60.415230 	24.698177 	24.186773 	19.235384 	19.723083 	22.472204 	28.017851 	22.203604 	23.600847 	29.206163 	44.821869 	25.495098 	9.219544 	26.172504 	41.036568 	999.000000 	14.422205 	13.892444 	7.071068 	10.049875 	9.000000 	6.708204 	8.000000 	36.619667 	13.000000 	12.369317 	11.180340 	12.083046 	12.806249 	24.020824 	28.284271 	28.635643 	
44.777225 	52.611786 	46.572525 	36.359318 	37.161808 	65.276337 	31.890438 	33.120991 	33.541019 	55.145264 	89.050545 	57.706154 	26.400757 	31.257000 	59.665737 	102.044106 	58.051701 	45.276924 	66.940269 	18.439089 	48.104053 	15.297058 	13.000000 	9.486833 	9.219544 	11.000000 	15.524175 	10.049875 	11.180340 	16.155495 	31.384710 	12.083046 	6.082763 	12.529964 	27.202942 	14.422205 	999.000000 	1.000000 	10.295630 	7.280110 	8.544003 	12.529964 	20.000000 	22.203604 	8.062258 	11.000000 	13.152946 	13.038404 	16.124516 	13.892444 	16.492422 	21.260292 	
45.694637 	53.600372 	47.539455 	36.891735 	37.576588 	65.192024 	32.649654 	33.615471 	34.000000 	56.142673 	90.027771 	57.558666 	27.313000 	32.249031 	60.638271 	102.078400 	59.033890 	45.793011 	66.708321 	18.681541 	49.040798 	16.278820 	14.000000 	10.440307 	10.198039 	12.000000 	16.492422 	11.045361 	12.165525 	17.088007 	32.249031 	13.000000 	6.000000 	13.416408 	28.017851 	13.892444 	1.000000 	999.000000 	9.433981 	6.324555 	7.615773 	11.661903 	19.209373 	22.803509 	7.071068 	10.000000 	12.165525 	12.041595 	15.132746 	13.416408 	16.278820 	20.615528 	
51.662365 	61.073727 	54.451813 	38.209946 	37.643059 	60.074955 	36.674240 	34.655445 	34.655445 	64.629715 	98.954536 	52.000000 	33.541019 	40.012497 	69.641945 	97.739449 	66.272163 	46.690472 	60.406952 	18.384777 	58.309521 	24.083189 	22.561028 	18.110771 	18.248287 	20.615528 	25.632011 	19.924858 	21.189621 	26.400757 	41.677334 	22.360680 	8.062258 	22.825424 	37.443291 	7.071068 	10.295630 	9.433981 	999.000000 	3.605551 	2.236068 	2.236068 	9.899495 	31.827662 	6.082763 	5.385165 	5.000000 	5.656854 	7.615773 	17.117243 	21.587032 	21.587032 	
50.596443 	59.304298 	52.952808 	38.948685 	38.832977 	63.007935 	36.359318 	35.468296 	35.608986 	62.289646 	96.317184 	55.036350 	32.280025 	38.052597 	66.940269 	100.498756 	64.629715 	47.634022 	63.639610 	19.416489 	55.362442 	22.022715 	20.099751 	16.031219 	16.000000 	18.110771 	22.803509 	17.262676 	18.439089 	23.409399 	38.470768 	19.313208 	7.211102 	19.697716 	34.132095 	10.049875 	7.280110 	6.324555 	3.605551 	999.000000 	1.414214 	5.656854 	13.453624 	28.284271 	3.162278 	4.472136 	6.000000 	6.082763 	9.000000 	14.000000 	18.248287 	19.313208 	
51.244511 	60.207973 	53.758720 	38.897301 	38.600517 	62.032249 	36.715118 	35.383614 	35.468296 	63.387695 	97.514099 	54.009258 	32.984844 	39.012817 	68.154236 	99.609238 	65.490456 	47.507893 	62.514000 	19.209373 	56.648037 	23.000000 	21.213203 	17.000000 	17.029387 	19.235384 	24.041630 	18.439089 	19.646883 	24.698177 	39.824615 	20.615528 	7.615773 	21.023796 	35.510563 	9.000000 	8.544003 	7.615773 	2.236068 	1.414214 	999.000000 	4.242640 	12.041595 	29.698484 	4.000000 	4.242640 	5.099020 	5.385165 	8.062258 	15.033297 	19.416489 	19.924858 	
53.366657 	63.031738 	56.320511 	39.051247 	38.209946 	59.211487 	38.078865 	35.468296 	35.383614 	66.753281 	101.138519 	51.039200 	35.355339 	42.047592 	71.840103 	97.015465 	68.183578 	47.381432 	59.211487 	19.209373 	60.539242 	26.172504 	24.738634 	20.223749 	20.396078 	22.803509 	27.856777 	22.135944 	23.409399 	28.635643 	43.908997 	24.596748 	10.000000 	25.059929 	39.661064 	6.708204 	12.529964 	11.661903 	2.236068 	5.656854 	4.242640 	999.000000 	7.810250 	33.941124 	7.615773 	6.000000 	4.472136 	5.385165 	6.403124 	18.439089 	23.086792 	22.203604 	
57.314919 	68.117546 	61.000000 	39.824615 	38.013157 	53.935146 	41.000000 	36.235340 	35.846897 	72.780495 	107.563934 	45.541191 	40.012497 	47.675991 	78.434685 	91.983696 	73.006851 	47.434166 	53.000000 	20.880613 	67.542580 	32.280025 	31.384710 	26.570660 	26.925823 	29.546574 	34.885529 	29.068884 	30.413813 	35.846897 	51.312767 	31.906113 	16.155495 	32.449963 	47.201694 	8.000000 	20.000000 	19.209373 	9.899495 	13.453624 	12.041595 	7.810250 	999.000000 	41.725292 	15.264338 	13.000000 	10.440307 	11.401754 	10.000000 	25.632011 	30.463093 	28.071337 	
45.607018 	46.872166 	43.863426 	49.365982 	52.038448 	85.146935 	40.521599 	47.095646 	48.041649 	44.271889 	74.006760 	78.160095 	31.016125 	28.425341 	45.177429 	120.415947 	52.697250 	57.870544 	87.920418 	37.107952 	32.015621 	21.095022 	18.000000 	21.377558 	20.396078 	18.110771 	14.142136 	17.262676 	16.124516 	12.165525 	14.142136 	13.152946 	27.784887 	12.165525 	9.219544 	36.619667 	22.203604 	22.803509 	31.827662 	28.284271 	29.698484 	33.941124 	41.725292 	999.000000 	27.018513 	30.000000 	32.802441 	32.202484 	35.227829 	20.880613 	17.117243 	27.073973 	
52.554733 	60.671246 	54.571056 	41.868843 	41.880783 	66.030296 	38.832977 	38.418747 	38.600517 	63.071388 	96.690224 	58.008621 	34.176014 	39.319206 	67.268120 	103.585716 	66.098412 	50.606323 	66.483078 	22.472204 	55.362442 	23.345236 	21.023796 	17.464249 	17.262676 	19.026299 	23.194826 	18.000000 	19.026299 	23.537205 	38.078865 	19.416489 	9.899495 	19.646883 	33.541019 	13.000000 	8.062258 	7.071068 	6.082763 	3.162278 	4.000000 	7.615773 	15.264338 	27.018513 	999.000000 	3.162278 	5.830952 	5.385165 	8.544003 	11.045361 	15.524175 	16.155495 	
55.027267 	63.505905 	57.271286 	43.139309 	42.801868 	65.192024 	40.816662 	39.623226 	39.698868 	66.121101 	99.824844 	57.035076 	36.687874 	42.190044 	70.405968 	102.956299 	68.883957 	51.739735 	65.192024 	23.430750 	58.523499 	26.172504 	24.000000 	20.223749 	20.099751 	22.000000 	26.305893 	21.023796 	22.090721 	26.683329 	41.231056 	22.561028 	11.661903 	22.803509 	36.674240 	12.369317 	11.000000 	10.000000 	5.385165 	4.472136 	4.242640 	6.000000 	13.000000 	30.000000 	3.162278 	999.000000 	2.828427 	2.236068 	5.385165 	12.649111 	17.464249 	16.278820 	
56.320511 	65.276337 	58.855755 	43.185646 	42.520584 	63.387695 	41.593269 	39.623226 	39.597980 	68.264191 	102.181213 	55.145264 	38.078865 	44.045429 	72.780495 	101.271912 	70.576202 	51.623638 	63.071388 	23.345236 	61.032780 	28.017851 	26.076809 	22.022715 	22.000000 	24.083189 	28.635643 	23.194826 	24.331051 	29.120440 	43.863426 	25.000000 	12.649111 	25.298222 	39.357338 	11.180340 	13.152946 	12.165525 	5.000000 	6.000000 	5.099020 	4.472136 	10.440307 	32.802441 	5.830952 	2.828427 	999.000000 	1.000000 	3.000000 	15.231546 	20.124611 	18.027756 	
56.612720 	65.375839 	59.033890 	43.863426 	43.278172 	64.381676 	42.059483 	40.311287 	40.311287 	68.183578 	101.980392 	56.142673 	38.327538 	44.102154 	72.567207 	102.259476 	70.710678 	52.345009 	64.070274 	24.041630 	60.728905 	28.071337 	26.019224 	22.090721 	22.022715 	24.020824 	28.442924 	23.086792 	24.186773 	28.861740 	43.462627 	24.738634 	13.000000 	25.000000 	38.910152 	12.083046 	13.038404 	12.041595 	5.656854 	6.082763 	5.385165 	5.385165 	11.401754 	32.202484 	5.385165 	2.236068 	1.000000 	999.000000 	3.162278 	14.317822 	19.235384 	17.029387 	
59.203041 	68.264191 	61.814240 	45.453274 	44.553337 	63.788715 	44.283180 	41.868843 	41.773197 	71.253067 	105.118980 	55.443665 	41.000000 	47.042534 	75.709976 	101.788994 	73.552704 	53.758720 	63.000000 	25.612497 	63.890530 	31.016125 	29.068884 	25.019993 	25.000000 	27.073973 	31.575306 	26.172504 	27.294687 	32.015621 	46.615448 	27.892651 	15.524175 	28.160255 	42.047592 	12.806249 	16.124516 	15.132746 	7.615773 	9.000000 	8.062258 	6.403124 	10.000000 	35.227829 	8.544003 	5.385165 	3.000000 	3.162278 	999.000000 	16.643316 	21.633308 	18.110771 	
56.603886 	62.297672 	57.271286 	50.249378 	50.990196 	77.006493 	45.276924 	47.010635 	47.413078 	62.514000 	94.260277 	69.028976 	38.600517 	41.231056 	65.030762 	114.437759 	68.007355 	59.169250 	77.524193 	31.953091 	52.239830 	26.627054 	23.323807 	21.931713 	21.260292 	21.633308 	23.409399 	20.248457 	20.591261 	22.803509 	34.234486 	19.313208 	18.973665 	18.973665 	29.274563 	24.020824 	13.892444 	13.416408 	17.117243 	14.000000 	15.033297 	18.439089 	25.632011 	20.880613 	11.045361 	12.649111 	15.231546 	14.317822 	16.643316 	999.000000 	5.000000 	8.062258 	
56.400356 	60.926186 	56.435802 	52.325901 	53.488316 	81.024689 	46.400433 	49.244289 	49.769470 	60.207973 	91.049438 	73.171036 	38.897301 	40.311287 	62.032249 	118.207443 	66.708321 	61.269894 	81.884064 	34.928497 	49.010204 	26.870058 	23.345236 	23.021729 	22.203604 	21.931713 	22.472204 	20.518284 	20.518284 	21.470911 	31.000000 	18.601076 	22.203604 	18.027756 	26.000000 	28.284271 	16.492422 	16.278820 	21.587032 	18.248287 	19.416489 	23.086792 	30.463093 	17.117243 	15.524175 	17.464249 	20.124611 	19.235384 	21.633308 	5.000000 	999.000000 	10.000000 	
64.660652 	70.228203 	65.306969 	57.428215 	57.801384 	81.394104 	53.037724 	54.083271 	54.378304 	70.035706 	101.044548 	73.171036 	46.615448 	49.244289 	72.027771 	119.218285 	75.960518 	66.287254 	81.024689 	38.470768 	59.008472 	34.669872 	31.384710 	29.832869 	29.206163 	29.681644 	31.384710 	28.301943 	28.653097 	30.675724 	41.000000 	27.313000 	25.553865 	26.925823 	36.000000 	28.635643 	21.260292 	20.615528 	21.587032 	19.313208 	19.924858 	22.203604 	28.071337 	27.073973 	16.155495 	16.278820 	18.027756 	17.029387 	18.110771 	8.062258 	10.000000 	999.000000 	

Travel time:
9.000000 	0.371652 	0.180278 	0.638847 	0.763217 	1.661701 	0.431567 	0.682825 	0.715891 	0.651920 	1.475847 	1.585284 	0.459619 	0.430116 	0.905883 	2.304886 	0.436606 	0.691466 	1.846957 	0.925000 	0.880696 	0.750417 	0.832166 	0.883530 	0.894427 	0.874643 	0.851469 	0.908983 	0.901388 	0.884590 	0.919239 	0.945053 	1.092016 	0.960469 	0.973717 	1.234150 	1.119431 	1.142366 	1.291559 	1.264911 	1.281113 	1.334166 	1.432873 	1.140175 	1.313868 	1.375682 	1.408013 	1.415318 	1.480076 	1.415097 	1.410009 	1.616516 	
0.371652 	9.000000 	0.201556 	1.005609 	1.130542 	2.033009 	0.771767 	1.041933 	1.076162 	0.309233 	1.105102 	1.956080 	0.704006 	0.534439 	0.570088 	2.650118 	0.145774 	1.061249 	2.218248 	1.225765 	0.649038 	0.933408 	0.995301 	1.082243 	1.085415 	1.044330 	0.972432 	1.073837 	1.055047 	0.989002 	0.866386 	1.075291 	1.325943 	1.083109 	0.960469 	1.503330 	1.315295 	1.340009 	1.526843 	1.482607 	1.505199 	1.575794 	1.702939 	1.171804 	1.516781 	1.587648 	1.631908 	1.634396 	1.706605 	1.557442 	1.523155 	1.755705 	
0.180278 	0.201556 	9.000000 	0.805062 	0.930054 	1.838818 	0.571183 	0.840387 	0.874643 	0.471699 	1.305038 	1.757306 	0.525595 	0.403113 	0.726722 	2.482942 	0.301040 	0.870704 	2.020211 	1.035918 	0.725000 	0.783023 	0.854400 	0.927699 	0.934077 	0.901388 	0.850000 	0.933408 	0.919239 	0.874643 	0.832166 	0.950329 	1.159741 	0.961769 	0.905883 	1.325000 	1.164313 	1.188486 	1.361295 	1.323820 	1.343968 	1.408013 	1.525000 	1.096586 	1.364276 	1.431782 	1.471394 	1.475847 	1.545356 	1.431782 	1.410895 	1.632674 	
0.638847 	1.005609 	0.805062 	9.000000 	0.125000 	1.055047 	0.279509 	0.090139 	0.103078 	1.255239 	2.110095 	0.955249 	0.515388 	0.738664 	1.488707 	1.819512 	1.073546 	0.223607 	1.219887 	0.496236 	1.364734 	0.707107 	0.789383 	0.743303 	0.766893 	0.800391 	0.880696 	0.831038 	0.848896 	0.930390 	1.191900 	0.921954 	0.800391 	0.946375 	1.177391 	0.825379 	0.908983 	0.922293 	0.955249 	0.973717 	0.972432 	0.976281 	0.995615 	1.234150 	1.046721 	1.078483 	1.079641 	1.096586 	1.136332 	1.256234 	1.308148 	1.435705 	
0.763217 	1.130542 	0.930054 	0.125000 	9.000000 	0.936082 	0.395285 	0.127475 	0.100000 	1.379311 	2.235090 	0.831038 	0.617454 	0.850000 	1.611094 	1.726268 	1.197132 	0.235850 	1.096016 	0.485412 	1.479231 	0.775000 	0.851469 	0.789383 	0.813941 	0.855862 	0.950000 	0.883883 	0.905539 	1.000000 	1.285496 	0.980115 	0.806226 	1.004987 	1.262191 	0.795692 	0.929045 	0.939415 	0.941076 	0.970824 	0.965013 	0.955249 	0.950329 	1.300961 	1.047020 	1.070047 	1.063015 	1.081954 	1.113833 	1.274755 	1.337208 	1.445035 	
1.661701 	2.033009 	1.838818 	1.055047 	0.936082 	9.000000 	1.331353 	1.054751 	1.020416 	2.302444 	3.132990 	0.213600 	1.544345 	1.783606 	2.541776 	0.951972 	2.074398 	0.973717 	0.250000 	1.201301 	2.414151 	1.636498 	1.693000 	1.594718 	1.619027 	1.679658 	1.803122 	1.697793 	1.728077 	1.851013 	2.186607 	1.800868 	1.480287 	1.825171 	2.142574 	1.325943 	1.631908 	1.629801 	1.501874 	1.575198 	1.550806 	1.480287 	1.348379 	2.128673 	1.650757 	1.629801 	1.584692 	1.609542 	1.594718 	1.925162 	2.025617 	2.034853 	
0.431567 	0.771767 	0.571183 	0.279509 	0.395285 	1.331353 	9.000000 	0.282843 	0.318198 	0.995615 	1.865643 	1.220912 	0.250000 	0.459619 	1.219887 	2.091949 	0.862047 	0.450694 	1.486607 	0.505594 	1.085415 	0.503115 	0.592663 	0.585769 	0.605186 	0.617454 	0.664266 	0.651920 	0.660492 	0.711512 	0.928036 	0.726722 	0.728869 	0.749166 	0.926350 	0.831038 	0.797261 	0.816241 	0.916856 	0.908983 	0.917878 	0.951972 	1.025000 	1.013040 	0.970824 	1.020416 	1.039832 	1.051487 	1.107080 	1.131923 	1.160011 	1.325943 	
0.682825 	1.041933 	0.840387 	0.090139 	0.127475 	1.054751 	0.282843 	9.000000 	0.035355 	1.277204 	2.142574 	0.938416 	0.492443 	0.728869 	1.502706 	1.853712 	1.119431 	0.305164 	1.204159 	0.406971 	1.359458 	0.650481 	0.728869 	0.673146 	0.697316 	0.735697 	0.825379 	0.764853 	0.785016 	0.875357 	1.158123 	0.859142 	0.715017 	0.883883 	1.134956 	0.735272 	0.828025 	0.840387 	0.866386 	0.886707 	0.884590 	0.886707 	0.905883 	1.177391 	0.960469 	0.990581 	0.990581 	1.007782 	1.046721 	1.175266 	1.231107 	1.352082 	
0.715891 	1.076162 	0.874643 	0.103078 	0.100000 	1.020416 	0.318198 	0.035355 	9.000000 	1.312441 	2.177298 	0.903120 	0.525595 	0.763217 	1.538059 	1.824829 	1.152443 	0.301040 	1.168867 	0.406971 	1.393960 	0.675000 	0.751665 	0.691466 	0.715891 	0.756637 	0.850000 	0.785016 	0.806226 	0.900000 	1.188486 	0.880696 	0.721110 	0.905539 	1.163239 	0.730154 	0.838525 	0.850000 	0.866386 	0.890225 	0.886707 	0.884590 	0.896172 	1.201041 	0.965013 	0.992472 	0.989950 	1.007782 	1.044330 	1.185327 	1.244237 	1.359458 	
0.651920 	0.309233 	0.471699 	1.255239 	1.379311 	2.302444 	0.995615 	1.277204 	1.312441 	9.000000 	0.883530 	2.210345 	0.860959 	0.632456 	0.261008 	2.951694 	0.378319 	1.340009 	2.475126 	1.388569 	0.410031 	1.015197 	1.054751 	1.163239 	1.159741 	1.104536 	1.000000 	1.127497 	1.101136 	1.001249 	0.761577 	1.100284 	1.422146 	1.101136 	0.877853 	1.625000 	1.378632 	1.403567 	1.615743 	1.557241 	1.584692 	1.668832 	1.819512 	1.106797 	1.576785 	1.653028 	1.706605 	1.704589 	1.781327 	1.562850 	1.505199 	1.750893 	
1.475847 	1.105102 	1.305038 	2.110095 	2.235090 	3.132990 	1.865643 	2.142574 	2.177298 	0.883530 	9.000000 	3.061046 	1.744456 	1.513481 	0.735697 	3.682475 	1.060660 	2.159282 	3.322744 	2.271838 	1.051190 	1.882153 	1.910007 	2.026080 	2.019437 	1.958475 	1.838648 	1.976898 	1.946953 	1.829105 	1.501874 	1.931968 	2.287056 	1.927596 	1.626730 	2.498250 	2.226264 	2.250694 	2.473863 	2.407930 	2.437852 	2.528463 	2.689098 	1.850169 	2.417256 	2.495621 	2.554530 	2.549510 	2.627975 	2.356507 	2.276236 	2.526114 	
1.585284 	1.956080 	1.757306 	0.955249 	0.831038 	0.213600 	1.220912 	0.938416 	0.903120 	2.210345 	3.061046 	9.000000 	1.415318 	1.660007 	2.440543 	1.164313 	2.011219 	0.917878 	0.265754 	1.027740 	2.290196 	1.477329 	1.527457 	1.423025 	1.446764 	1.510174 	1.638788 	1.525820 	1.557442 	1.685416 	2.034853 	1.628650 	1.290591 	1.652460 	1.982738 	1.125278 	1.442654 	1.438967 	1.300000 	1.375909 	1.350231 	1.275980 	1.138530 	1.954002 	1.450216 	1.425877 	1.378632 	1.403567 	1.386092 	1.725724 	1.829276 	1.829276 	
0.459619 	0.704006 	0.525595 	0.515388 	0.617454 	1.544345 	0.250000 	0.492443 	0.525595 	0.860959 	1.744456 	1.415318 	9.000000 	0.247487 	1.055047 	2.334791 	0.825000 	0.700446 	1.680030 	0.529741 	0.875000 	0.301040 	0.388909 	0.425000 	0.437321 	0.425735 	0.437321 	0.460977 	0.459619 	0.480885 	0.679154 	0.515388 	0.637377 	0.535023 	0.676849 	0.800391 	0.660019 	0.682825 	0.838525 	0.807001 	0.824621 	0.883883 	1.000312 	0.775403 	0.854400 	0.917197 	0.951972 	0.958188 	1.025000 	0.965013 	0.972432 	1.165386 	
0.430116 	0.534439 	0.403113 	0.738664 	0.850000 	1.783606 	0.459619 	0.728869 	0.763217 	0.632456 	1.513481 	1.660007 	0.247487 	9.000000 	0.811249 	2.548038 	0.673146 	0.897566 	1.925162 	0.760345 	0.630971 	0.400780 	0.460977 	0.550568 	0.552268 	0.509902 	0.447214 	0.539676 	0.522015 	0.471699 	0.509902 	0.548293 	0.801561 	0.559017 	0.548293 	0.995301 	0.781425 	0.806226 	1.000312 	0.951315 	0.975320 	1.051190 	1.191900 	0.710634 	0.982980 	1.054751 	1.101136 	1.102554 	1.176063 	1.030776 	1.007782 	1.231107 	
0.905883 	0.570088 	0.726722 	1.488707 	1.611094 	2.541776 	1.219887 	1.502706 	1.538059 	0.261008 	0.735697 	2.440543 	1.055047 	0.811249 	9.000000 	3.209459 	0.625500 	1.587844 	2.706127 	1.569236 	0.333542 	1.155963 	1.178187 	1.296630 	1.288652 	1.226020 	1.103687 	1.243232 	1.212693 	1.093446 	0.776611 	1.196349 	1.557442 	1.191900 	0.901388 	1.773415 	1.491643 	1.515957 	1.741049 	1.673507 	1.703856 	1.796003 	1.960867 	1.129436 	1.681703 	1.760149 	1.819512 	1.814180 	1.892749 	1.625769 	1.550806 	1.800694 	
2.304886 	2.650118 	2.482942 	1.819512 	1.726268 	0.951972 	2.091949 	1.853712 	1.824829 	2.951694 	3.682475 	1.164313 	2.334791 	2.548038 	3.209459 	9.000000 	2.645397 	1.652460 	1.039832 	2.100149 	3.154857 	2.493116 	2.562226 	2.479541 	2.504496 	2.557831 	2.666927 	2.580940 	2.607681 	2.716615 	3.010399 	2.682466 	2.402082 	2.707397 	2.987997 	2.266743 	2.551103 	2.551960 	2.443486 	2.512469 	2.490231 	2.425387 	2.299592 	3.010399 	2.589643 	2.573907 	2.531798 	2.556487 	2.544725 	2.860944 	2.955186 	2.980457 	
0.436606 	0.145774 	0.301040 	1.073546 	1.197132 	2.074398 	0.862047 	1.119431 	1.152443 	0.378319 	1.060660 	2.011219 	0.825000 	0.673146 	0.625500 	2.645397 	9.000000 	1.101136 	2.270050 	1.336507 	0.761577 	1.068878 	1.133854 	1.216552 	1.220912 	1.182423 	1.114955 	1.212693 	1.195042 	1.132751 	1.009022 	1.217580 	1.455378 	1.226020 	1.105102 	1.625192 	1.451293 	1.475847 	1.656804 	1.615743 	1.637261 	1.704589 	1.825171 	1.317431 	1.652460 	1.722099 	1.764405 	1.767767 	1.838818 	1.700184 	1.667708 	1.899013 	
0.691466 	1.061249 	0.870704 	0.223607 	0.235850 	0.973717 	0.450694 	0.305164 	0.301040 	1.340009 	2.159282 	0.917878 	0.700446 	0.897566 	1.587844 	1.652460 	1.101136 	9.000000 	1.171804 	0.707990 	1.504161 	0.921954 	1.006541 	0.965660 	0.989002 	1.020110 	1.093446 	1.051487 	1.068001 	1.142639 	1.378632 	1.140175 	1.020110 	1.164313 	1.375227 	1.027740 	1.131923 	1.144825 	1.167262 	1.190850 	1.187697 	1.184536 	1.185854 	1.446764 	1.265158 	1.293493 	1.290591 	1.308625 	1.343968 	1.479231 	1.531747 	1.657181 	
1.846957 	2.218248 	2.020211 	1.219887 	1.096016 	0.250000 	1.486607 	1.204159 	1.168867 	2.475126 	3.322744 	0.265754 	1.680030 	1.925162 	2.706127 	1.039832 	2.270050 	1.171804 	9.000000 	1.276959 	2.555020 	1.732953 	1.779396 	1.671264 	1.694476 	1.759616 	1.891098 	1.773415 	1.805893 	1.936814 	2.292651 	1.875667 	1.521923 	1.899013 	2.236767 	1.340009 	1.673507 	1.667708 	1.510174 	1.590990 	1.562850 	1.480287 	1.325000 	2.198010 	1.662077 	1.629801 	1.576785 	1.601757 	1.575000 	1.938105 	2.047101 	2.025617 	
