Total assets = 567
Number of asset nodes = 33

Distance:
999.000000 	59.816387 	35.846897 	81.565926 	15.620500 	25.553865 	16.031219 	113.278419 	47.927029 	25.000000 	93.085983 	19.416489 	23.086792 	23.409399 	59.808025 	27.658634 	34.132095 	19.416489 	63.324562 	24.698177 	52.392746 	38.000000 	33.241539 	26.925823 	28.460499 	60.440052 	28.792360 	34.525352 	42.000000 	58.463665 	64.560051 	50.249378 	61.392181 	133.645050 	65.969688 	60.671246 	97.128784 	55.081757 	61.660358 	63.953106 	65.115280 	32.557640 	41.109608 	114.856430 	37.854988 	62.072536 	37.054016 	96.254868 	55.443665 	50.000000 	38.275318 	
59.816387 	999.000000 	24.839485 	21.931713 	75.432091 	85.211502 	47.507893 	55.226807 	18.248287 	43.046486 	33.301651 	49.648766 	50.606323 	51.478149 	18.357559 	47.423622 	90.338257 	77.698135 	18.439089 	51.884487 	25.317978 	38.078865 	43.324360 	51.894123 	50.159744 	22.825424 	51.078373 	44.922153 	37.336308 	26.000000 	24.207438 	109.986366 	27.294687 	74.652527 	27.018513 	30.870699 	39.293766 	34.928497 	31.304953 	30.528675 	30.232433 	63.324562 	50.635956 	55.226807 	92.200867 	37.161808 	88.752464 	41.048752 	44.721359 	51.009804 	73.736015 	
35.846897 	24.839485 	999.000000 	46.754681 	51.312767 	61.400326 	22.671568 	79.881165 	13.038404 	18.973665 	57.982758 	25.059929 	26.570660 	27.513634 	25.179358 	24.331051 	68.308128 	54.625999 	28.442924 	28.160255 	20.880613 	19.313208 	22.090721 	28.635643 	27.294687 	27.018513 	28.284271 	24.186773 	21.095022 	26.476404 	31.000000 	85.603737 	29.427877 	99.488693 	33.060551 	30.364452 	61.294373 	28.301943 	31.320919 	32.756680 	33.541019 	40.607880 	32.015621 	79.202271 	67.424034 	34.438351 	64.140472 	60.745369 	34.655445 	36.235340 	50.990196 	
81.565926 	21.931713 	46.754681 	999.000000 	97.185387 	106.826965 	69.426216 	34.014702 	38.470768 	64.637451 	11.661903 	71.400284 	72.111023 	72.945183 	32.557640 	68.600288 	111.139549 	99.045441 	30.149628 	73.246162 	42.449970 	58.180752 	63.953106 	73.061615 	71.196907 	36.221542 	72.069412 	65.306969 	56.648037 	40.311287 	35.000000 	131.795303 	40.049969 	52.801514 	37.054016 	44.045429 	23.769728 	50.487621 	44.011364 	42.011902 	41.048752 	84.077347 	69.892776 	34.539833 	114.017540 	50.000000 	110.435501 	29.529646 	60.406952 	68.447060 	94.371605 	
15.620500 	75.432091 	51.312767 	97.185387 	999.000000 	10.440307 	30.083218 	128.763351 	63.063461 	38.327538 	108.706024 	31.575306 	34.132095 	34.058773 	74.732857 	39.204590 	23.086792 	9.219544 	78.294319 	35.014282 	66.730804 	50.990196 	45.398239 	37.000000 	39.012817 	75.026665 	39.000000 	46.173584 	54.918121 	72.732384 	79.120163 	34.655445 	75.584389 	149.201202 	80.324341 	74.464760 	112.507774 	68.249542 	75.432091 	77.884529 	79.120163 	37.947330 	51.088158 	130.430054 	27.294687 	75.133217 	28.792360 	111.359779 	67.067131 	60.133186 	39.661064 	
25.553865 	85.211502 	61.400326 	106.826965 	10.440307 	999.000000 	40.496914 	137.887634 	73.348480 	48.764740 	118.406082 	41.976185 	44.407207 	44.283180 	85.088188 	49.497475 	15.620500 	9.486833 	88.639717 	45.177429 	77.162170 	61.392181 	55.731499 	47.095646 	49.162994 	85.440041 	49.091751 	56.435802 	65.306969 	83.168503 	89.537704 	25.806976 	86.023254 	158.492905 	90.757919 	84.899940 	122.674362 	78.644768 	85.866173 	88.323273 	89.560036 	46.872166 	61.000000 	140.346008 	27.784887 	85.510231 	31.240999 	121.671692 	77.233414 	70.007141 	47.010635 	
16.031219 	47.507893 	22.671568 	69.426216 	30.083218 	40.496914 	999.000000 	102.415817 	33.286633 	9.055386 	80.622574 	5.830952 	10.000000 	10.816654 	44.721359 	13.038404 	50.159744 	35.355339 	48.301140 	12.206555 	36.687874 	22.022715 	17.720045 	14.212670 	14.866069 	44.944408 	15.556349 	19.313208 	26.019224 	42.720020 	49.040798 	63.513779 	45.607018 	122.147453 	50.289165 	44.721359 	82.927681 	39.051247 	45.705578 	48.052055 	49.244289 	24.351591 	26.925823 	101.533249 	44.944408 	46.043457 	42.047592 	81.412529 	39.812057 	35.341194 	33.376640 	
113.278419 	55.226807 	79.881165 	34.014702 	128.763351 	137.887634 	102.415817 	999.000000 	72.449982 	98.270035 	25.317978 	104.847511 	105.815880 	106.677086 	66.098412 	102.474388 	140.246216 	129.495178 	63.324562 	107.042046 	76.216797 	92.195442 	97.943863 	106.943909 	105.118980 	69.375786 	106.004715 	99.317673 	90.620087 	73.498299 	67.468513 	163.379929 	72.780495 	21.095022 	69.050705 	76.687675 	38.078865 	83.677956 	76.485291 	74.148499 	72.993149 	118.067780 	103.817146 	25.455845 	147.299011 	82.200974 	143.961807 	46.572525 	93.391647 	101.921539 	128.378342 	
47.927029 	18.248287 	13.038404 	38.470768 	63.063461 	73.348480 	33.286633 	72.449982 	999.000000 	26.870058 	48.826221 	33.970577 	34.058773 	34.828148 	12.165525 	30.232433 	81.043198 	67.067131 	15.524175 	35.000000 	9.899495 	19.924858 	25.495098 	34.669872 	32.756680 	14.142136 	33.615471 	26.925823 	19.104973 	14.317822 	18.027756 	96.798759 	17.088007 	90.972527 	20.223749 	18.867962 	49.648766 	19.416489 	19.723083 	20.615528 	21.189621 	45.617977 	32.388271 	68.622154 	76.419891 	24.083189 	72.470680 	48.332184 	28.231188 	33.241539 	55.946404 	
25.000000 	43.046486 	18.973665 	64.637451 	38.327538 	48.764740 	9.055386 	98.270035 	26.870058 	999.000000 	75.432091 	7.211102 	7.615773 	8.544003 	37.443291 	6.324555 	59.076221 	44.181442 	41.048752 	9.219544 	28.635643 	13.000000 	8.944272 	10.000000 	9.219544 	37.121422 	10.198039 	10.816654 	17.000000 	34.539833 	41.146080 	70.710678 	37.336308 	117.413795 	42.154476 	36.138622 	76.216797 	30.149628 	37.107952 	39.560081 	40.804413 	22.022715 	19.104973 	95.482986 	49.578220 	37.121422 	45.803928 	74.094536 	30.805843 	26.925823 	32.249031 	
93.085983 	33.301651 	57.982758 	11.661903 	108.706024 	118.406082 	80.622574 	25.317978 	48.826221 	75.432091 	999.000000 	82.328613 	82.800964 	83.600243 	41.231056 	79.056938 	122.800652 	110.679718 	38.275318 	83.815269 	51.478149 	68.095520 	74.094536 	83.486526 	81.541397 	44.271889 	82.377182 	75.292763 	66.189125 	48.383881 	42.201897 	143.282944 	47.539455 	42.190044 	43.737854 	51.419842 	17.691807 	58.523499 	51.195702 	48.836460 	47.675991 	94.154129 	79.202271 	23.086792 	124.963997 	56.885849 	121.210564 	25.612497 	68.154236 	76.843994 	104.316826 	
19.416489 	49.648766 	25.059929 	71.400284 	31.575306 	41.976185 	5.830952 	104.847511 	33.970577 	7.211102 	82.328613 	999.000000 	4.242640 	5.000000 	44.654228 	8.246211 	53.009434 	38.000000 	48.259712 	6.403124 	35.777088 	19.416489 	14.000000 	8.485281 	9.433981 	44.294468 	10.000000 	15.132746 	23.345236 	41.629318 	48.301140 	63.529522 	44.384682 	124.201447 	49.244289 	43.011627 	83.408630 	36.674240 	43.965897 	46.486557 	47.759815 	18.681541 	21.931713 	102.591423 	42.638012 	43.566040 	39.115215 	81.301903 	36.124783 	30.675724 	28.071337 	
23.086792 	50.606323 	26.570660 	72.111023 	34.132095 	44.407207 	10.000000 	105.815880 	34.058773 	7.615773 	82.800964 	4.242640 	999.000000 	1.000000 	44.045429 	5.099020 	56.142673 	41.109608 	47.634022 	2.236068 	34.669872 	17.464249 	11.401754 	4.242640 	5.385165 	43.266617 	5.830952 	12.041595 	21.189621 	40.311287 	47.169907 	64.884514 	42.941822 	124.851913 	47.885281 	41.231056 	82.975899 	34.481880 	42.154476 	44.777225 	46.097721 	15.132746 	18.027756 	102.532921 	42.426407 	41.231056 	38.418747 	80.448738 	33.000000 	26.925823 	25.019993 	
23.409399 	51.478149 	27.513634 	72.945183 	34.058773 	44.283180 	10.816654 	106.677086 	34.828148 	8.544003 	83.600243 	5.000000 	1.000000 	999.000000 	44.687805 	5.385165 	56.222771 	41.194660 	48.270073 	1.414214 	35.227829 	17.888544 	11.704700 	3.605551 	5.099020 	43.829212 	5.385165 	12.165525 	21.540659 	40.816662 	47.707443 	64.474800 	43.416588 	125.670204 	48.373547 	41.629318 	83.630135 	34.785053 	42.544094 	45.188496 	46.518814 	14.142136 	17.720045 	103.247276 	41.725292 	41.484936 	37.643059 	81.024689 	33.015148 	26.683329 	24.020824 	
59.808025 	18.357559 	25.179358 	32.557640 	74.732857 	85.088188 	44.721359 	66.098412 	12.165525 	37.443291 	41.231056 	44.654228 	44.045429 	44.687805 	999.000000 	39.623226 	93.145050 	79.056938 	3.605551 	44.598206 	10.295630 	27.658634 	33.970577 	43.840622 	41.725292 	4.472136 	42.449970 	34.828148 	25.238859 	8.062258 	6.708204 	108.046288 	8.944272 	83.186539 	9.433981 	12.649111 	38.948685 	18.027756 	13.000000 	12.206555 	12.041595 	53.600372 	38.013157 	58.898216 	86.371292 	18.973665 	82.024384 	36.715118 	28.017851 	35.902645 	63.513779 	
27.658634 	47.423622 	24.331051 	68.600288 	39.204590 	49.497475 	13.038404 	102.474388 	30.232433 	6.324555 	79.056938 	8.246211 	5.099020 	5.385165 	39.623226 	999.000000 	61.073727 	46.043457 	43.185646 	5.000000 	30.000000 	12.529964 	6.324555 	4.472136 	3.000000 	38.600517 	4.000000 	7.000000 	16.155495 	35.510563 	42.438190 	69.856995 	38.078865 	121.202309 	43.046486 	36.249138 	78.568443 	29.410883 	37.161808 	39.812057 	41.146080 	16.278820 	13.892444 	98.351410 	46.754681 	36.138622 	42.449970 	75.802376 	28.017851 	22.472204 	26.683329 	
34.132095 	90.338257 	68.308128 	111.139549 	23.086792 	15.620500 	50.159744 	140.246216 	81.043198 	59.076221 	122.800652 	53.009434 	56.142673 	56.222771 	93.145050 	61.073727 	999.000000 	15.033297 	96.566040 	57.314919 	86.313385 	72.062469 	67.007462 	59.413803 	61.294373 	94.148819 	61.400326 	68.066147 	76.059189 	92.395889 	98.270035 	31.144823 	95.351982 	161.207947 	99.824844 	94.762863 	129.077499 	89.202019 	95.754898 	98.005104 	99.141312 	61.032780 	73.681747 	145.413208 	42.801868 	96.187317 	46.690472 	129.027130 	89.089844 	82.734512 	62.177166 	
19.416489 	77.698135 	54.625999 	99.045441 	9.219544 	9.486833 	35.355339 	129.495178 	67.067131 	44.181442 	110.679718 	38.000000 	41.109608 	41.194660 	79.056938 	46.043457 	15.033297 	999.000000 	82.540901 	42.296574 	71.805290 	57.140179 	52.000000 	44.407207 	46.270943 	79.812279 	46.389652 	53.037724 	61.131008 	77.878113 	83.934502 	34.985710 	80.808418 	150.233154 	85.375641 	80.062477 	115.831772 	74.330345 	81.049370 	83.360664 	84.528099 	46.615448 	58.694122 	132.924789 	34.785053 	81.301903 	37.121422 	115.316956 	74.060783 	67.742157 	48.826221 	
63.324562 	18.439089 	28.442924 	30.149628 	78.294319 	88.639717 	48.301140 	63.324562 	15.524175 	41.048752 	38.275318 	48.259712 	47.634022 	48.270073 	3.605551 	43.185646 	96.566040 	82.540901 	999.000000 	48.166378 	13.601471 	31.144823 	37.483330 	47.381432 	45.254833 	6.082763 	45.967381 	38.288380 	28.600698 	10.198039 	5.830952 	111.646767 	10.049875 	80.056229 	8.602325 	14.035668 	35.383614 	20.396078 	14.142136 	12.649111 	12.083046 	57.008770 	41.182522 	55.443665 	89.938866 	20.223749 	85.562843 	33.120991 	30.265491 	38.600517 	66.850578 	
24.698177 	51.884487 	28.160255 	73.246162 	35.014282 	45.177429 	12.206555 	107.042046 	35.000000 	9.219544 	83.815269 	6.403124 	2.236068 	1.414214 	44.598206 	5.000000 	57.314919 	42.296574 	48.166378 	999.000000 	35.000000 	17.492855 	11.180340 	2.236068 	4.000000 	43.600460 	4.123106 	11.401754 	21.023796 	40.496914 	47.434166 	65.000000 	43.046486 	125.924583 	48.020828 	41.146080 	83.546394 	34.176014 	42.047592 	44.721359 	46.065170 	13.038404 	16.492422 	103.276329 	41.773197 	40.804413 	37.536648 	80.802231 	32.062439 	25.495098 	23.086792 	
52.392746 	25.317978 	20.880613 	42.449970 	66.730804 	77.162170 	36.687874 	76.216797 	9.899495 	28.635643 	51.478149 	35.777088 	34.669872 	35.227829 	10.295630 	30.000000 	86.313385 	71.805290 	13.601471 	35.000000 	999.000000 	17.691807 	24.083189 	34.058773 	31.890438 	8.602325 	32.557640 	24.758837 	15.000000 	6.082763 	12.529964 	99.297531 	9.055386 	93.477272 	13.601471 	9.486833 	48.795490 	9.848858 	10.440307 	12.041595 	13.000000 	43.416588 	27.730848 	69.028976 	76.694199 	14.212670 	72.180328 	45.803928 	19.416489 	26.172504 	53.254108 	
38.000000 	38.078865 	19.313208 	58.180752 	50.990196 	61.392181 	22.022715 	92.195442 	19.924858 	13.000000 	68.095520 	19.416489 	17.464249 	17.888544 	27.658634 	12.529964 	72.062469 	57.140179 	31.144823 	17.492855 	17.691807 	999.000000 	6.403124 	16.401220 	14.212670 	26.248810 	14.866069 	7.211102 	4.000000 	23.021729 	30.000000 	82.346825 	25.553865 	110.276924 	30.528675 	23.769728 	66.468040 	17.262676 	24.698177 	27.313000 	28.635643 	26.076809 	13.038404 	86.556343 	59.033890 	24.186773 	54.488529 	63.411354 	18.384777 	17.204651 	36.235340 	
33.241539 	43.324360 	22.090721 	63.953106 	45.398239 	55.731499 	17.720045 	97.943863 	25.495098 	8.944272 	74.094536 	14.000000 	11.401754 	11.704700 	33.970577 	6.324555 	67.007462 	52.000000 	37.483330 	11.180340 	24.083189 	6.403124 	999.000000 	10.000000 	7.810250 	32.649654 	8.485281 	2.236068 	9.848858 	29.410883 	36.400551 	76.157730 	31.906113 	116.284134 	36.891735 	29.966648 	72.835434 	23.086792 	30.870699 	33.541019 	34.885529 	20.124611 	10.816654 	92.849342 	52.630791 	29.832869 	48.104053 	69.814041 	22.203604 	18.027756 	30.463093 	
26.925823 	51.894123 	28.635643 	73.061615 	37.000000 	47.095646 	14.212670 	106.943909 	34.669872 	10.000000 	83.486526 	8.485281 	4.242640 	3.605551 	43.840622 	4.472136 	59.413803 	44.407207 	47.381432 	2.236068 	34.058773 	16.401220 	10.000000 	999.000000 	2.236068 	42.638012 	2.000000 	9.848858 	19.723083 	39.408119 	46.400433 	66.483078 	41.880783 	125.642349 	46.872166 	39.824615 	82.758682 	32.695564 	40.706264 	43.416588 	44.777225 	12.041595 	14.317822 	102.649887 	42.638012 	39.217342 	38.183765 	79.812279 	30.149628 	23.345236 	22.360680 	
28.460499 	50.159744 	27.294687 	71.196907 	39.012817 	49.162994 	14.866069 	105.118980 	32.756680 	9.219544 	81.541397 	9.433981 	5.385165 	5.099020 	41.725292 	3.000000 	61.294373 	46.270943 	45.254833 	4.000000 	31.890438 	14.212670 	7.810250 	2.236068 	999.000000 	40.459858 	1.000000 	7.615773 	17.492855 	37.202152 	44.204071 	68.709534 	39.661064 	123.713379 	44.654228 	37.589893 	80.622574 	30.463093 	38.470768 	41.182522 	42.544094 	13.341664 	12.649111 	100.568382 	44.821869 	37.000000 	40.311287 	77.620872 	28.071337 	21.587032 	23.769728 	
60.440052 	22.825424 	27.018513 	36.221542 	75.026665 	85.440041 	44.944408 	69.375786 	14.142136 	37.121422 	44.271889 	44.294468 	43.266617 	43.829212 	4.472136 	38.600517 	94.148819 	79.812279 	6.082763 	43.600460 	8.602325 	26.248810 	32.649654 	42.638012 	40.459858 	999.000000 	41.109608 	33.241539 	23.345236 	4.123106 	4.123106 	107.823929 	4.472136 	85.906929 	6.082763 	8.246211 	40.360870 	14.317822 	8.544003 	7.810250 	7.810250 	51.739735 	35.510563 	60.802959 	85.276024 	14.560220 	80.721741 	37.202152 	24.186773 	32.572994 	61.400326 	
28.792360 	51.078373 	28.284271 	72.069412 	39.000000 	49.091751 	15.556349 	106.004715 	33.615471 	10.198039 	82.377182 	10.000000 	5.830952 	5.385165 	42.449970 	4.000000 	61.400326 	46.389652 	45.967381 	4.123106 	32.557640 	14.866069 	8.485281 	2.000000 	1.000000 	41.109608 	999.000000 	8.062258 	18.027756 	37.802116 	44.821869 	68.352028 	40.224369 	124.555206 	45.221676 	38.078865 	81.320351 	30.870699 	38.948685 	41.677334 	43.046486 	12.369317 	12.369317 	101.316338 	44.204071 	37.336308 	39.623226 	78.243210 	28.160255 	21.377558 	22.803509 	
34.525352 	44.922153 	24.186773 	65.306969 	46.173584 	56.435802 	19.313208 	99.317673 	26.925823 	10.816654 	75.292763 	15.132746 	12.041595 	12.165525 	34.828148 	7.000000 	68.066147 	53.037724 	38.288380 	11.401754 	24.758837 	7.211102 	2.236068 	9.848858 	7.615773 	33.241539 	8.062258 	999.000000 	10.000000 	29.832869 	36.878178 	76.321686 	32.202484 	117.477661 	37.202152 	30.016663 	73.552704 	22.847319 	30.886890 	33.615471 	34.985710 	18.867962 	8.602325 	93.723000 	52.201534 	29.410883 	47.507893 	70.292244 	21.023796 	16.124516 	29.068884 	
42.000000 	37.336308 	21.095022 	56.648037 	54.918121 	65.306969 	26.019224 	90.620087 	19.104973 	17.000000 	66.189125 	23.345236 	21.189621 	21.540659 	25.238859 	16.155495 	76.059189 	61.131008 	28.600698 	21.023796 	15.000000 	4.000000 	9.848858 	19.723083 	17.492855 	23.345236 	18.027756 	10.000000 	999.000000 	19.849434 	26.907248 	86.005814 	22.203604 	108.300507 	27.202942 	20.124611 	63.702435 	13.341664 	21.023796 	23.706539 	25.059929 	28.425341 	13.341664 	84.023804 	62.201286 	20.223749 	57.489128 	60.307545 	14.764823 	15.231546 	38.275318 	
58.463665 	26.000000 	26.476404 	40.311287 	72.732384 	83.168503 	42.720020 	73.498299 	14.317822 	34.539833 	48.383881 	41.629318 	40.311287 	40.816662 	8.062258 	35.510563 	92.395889 	77.878113 	10.198039 	40.496914 	6.082763 	23.021729 	29.410883 	39.408119 	37.202152 	4.123106 	37.802116 	29.832869 	19.849434 	999.000000 	7.071068 	105.095192 	3.000000 	89.961105 	7.615773 	5.000000 	44.045429 	10.198039 	5.656854 	6.324555 	7.071068 	48.104053 	31.622776 	64.637451 	82.006096 	11.180340 	77.336922 	40.459858 	20.099751 	28.460499 	57.628117 	
64.560051 	24.207438 	31.000000 	35.000000 	79.120163 	89.537704 	49.040798 	67.468513 	18.027756 	41.146080 	42.201897 	48.301140 	47.169907 	47.707443 	6.708204 	42.438190 	98.270035 	83.934502 	5.830952 	47.434166 	12.529964 	30.000000 	36.400551 	46.400433 	44.204071 	4.123106 	44.821869 	36.878178 	26.907248 	7.071068 	999.000000 	111.825760 	5.385165 	83.384651 	2.828427 	9.219544 	37.013512 	16.552946 	9.055386 	7.071068 	6.324555 	55.172459 	38.600517 	57.688820 	89.022469 	15.000000 	84.386017 	33.421551 	25.961510 	34.928497 	64.660652 	
50.249378 	109.986366 	85.603737 	131.795303 	34.655445 	25.806976 	63.513779 	163.379929 	96.798759 	70.710678 	143.282944 	63.529522 	64.884514 	64.474800 	108.046288 	69.856995 	31.144823 	34.985710 	111.646767 	65.000000 	99.297531 	82.346825 	76.157730 	66.483078 	68.709534 	107.823929 	68.352028 	76.321686 	86.005814 	105.095192 	111.825760 	999.000000 	107.786827 	183.853195 	112.698715 	106.103722 	146.441116 	99.161484 	107.018692 	109.658562 	110.981979 	62.169125 	78.847954 	164.805954 	29.154760 	105.688217 	35.128338 	144.754959 	95.880135 	87.321243 	58.034473 	
61.392181 	27.294687 	29.427877 	40.049969 	75.584389 	86.023254 	45.607018 	72.780495 	17.088007 	37.336308 	47.539455 	44.384682 	42.941822 	43.416588 	8.944272 	38.078865 	95.351982 	80.808418 	10.049875 	43.046486 	9.055386 	25.553865 	31.906113 	41.880783 	39.661064 	4.472136 	40.224369 	32.202484 	22.203604 	3.000000 	5.385165 	107.786827 	999.000000 	88.769363 	5.000000 	4.000000 	42.201897 	11.180340 	4.123106 	3.605551 	4.123106 	50.209560 	33.421551 	62.968246 	84.403793 	10.198039 	79.649231 	38.209946 	20.615528 	29.546574 	59.548298 	
133.645050 	74.652527 	99.488693 	52.801514 	149.201202 	158.492905 	122.147453 	21.095022 	90.972527 	117.413795 	42.190044 	124.201447 	124.851913 	125.670204 	83.186539 	121.202309 	161.207947 	150.233154 	80.056229 	125.924583 	93.477272 	110.276924 	116.284134 	125.642349 	123.713379 	85.906929 	124.555206 	117.477661 	108.300507 	89.961105 	83.384651 	183.853195 	88.769363 	999.000000 	84.504440 	92.477028 	48.836460 	99.924973 	92.114059 	89.537704 	88.255310 	136.341476 	121.198181 	29.000000 	166.817261 	97.406364 	163.217651 	56.320511 	109.201645 	118.308914 	146.485489 	
65.969688 	27.018513 	33.060551 	37.054016 	80.324341 	90.757919 	50.289165 	69.050705 	20.223749 	42.154476 	43.737854 	49.244289 	47.885281 	48.373547 	9.433981 	43.046486 	99.824844 	85.375641 	8.602325 	48.020828 	13.601471 	30.528675 	36.891735 	46.872166 	44.654228 	6.082763 	45.221676 	37.202152 	27.202942 	7.615773 	2.828427 	112.698715 	5.000000 	84.504440 	999.000000 	8.062258 	37.443291 	15.811388 	7.615773 	5.099020 	4.000000 	55.172459 	38.288380 	58.309521 	89.403580 	13.152946 	84.646324 	33.241539 	24.698177 	34.000000 	64.443771 	
60.671246 	30.870699 	30.364452 	44.045429 	74.464760 	84.899940 	44.721359 	76.687675 	18.867962 	36.138622 	51.419842 	43.011627 	41.231056 	41.629318 	12.649111 	36.249138 	94.762863 	80.062477 	14.035668 	41.146080 	9.486833 	23.769728 	29.966648 	39.824615 	37.589893 	8.246211 	38.078865 	30.016663 	20.124611 	5.000000 	9.219544 	106.103722 	4.000000 	92.477028 	8.062258 	999.000000 	45.486263 	7.810250 	1.000000 	3.605551 	5.000000 	47.507893 	30.413813 	66.370171 	82.097504 	6.324555 	77.201035 	41.036568 	16.763054 	25.942244 	56.586216 	
97.128784 	39.293766 	61.294373 	23.769728 	112.507774 	122.674362 	82.927681 	38.078865 	49.648766 	76.216797 	17.691807 	83.408630 	82.975899 	83.630135 	38.948685 	78.568443 	129.077499 	115.831772 	35.383614 	83.546394 	48.795490 	66.468040 	72.835434 	82.758682 	80.622574 	40.360870 	81.320351 	73.552704 	63.702435 	44.045429 	37.013512 	146.441116 	42.201897 	48.836460 	37.443291 	45.486263 	999.000000 	53.254108 	44.944408 	42.190044 	40.816662 	92.097771 	75.604233 	21.023796 	125.319588 	49.648766 	120.933868 	8.544003 	61.773781 	71.344238 	101.671036 	
55.081757 	34.928497 	28.301943 	50.487621 	68.249542 	78.644768 	39.051247 	83.677956 	19.416489 	30.149628 	58.523499 	36.674240 	34.481880 	34.785053 	18.027756 	29.410883 	89.202019 	74.330345 	20.396078 	34.176014 	9.848858 	17.262676 	23.086792 	32.695564 	30.463093 	14.317822 	30.870699 	22.847319 	13.341664 	10.198039 	16.552946 	99.161484 	11.180340 	99.924973 	15.811388 	7.810250 	53.254108 	999.000000 	8.485281 	11.313708 	12.727922 	39.824615 	22.627417 	74.094536 	74.625732 	7.000000 	69.634758 	48.836460 	10.000000 	18.384777 	48.795490 	
61.660358 	31.304953 	31.320919 	44.011364 	75.432091 	85.866173 	45.705578 	76.485291 	19.723083 	37.107952 	51.195702 	43.965897 	42.154476 	42.544094 	13.000000 	37.161808 	95.754898 	81.049370 	14.142136 	42.047592 	10.440307 	24.698177 	30.870699 	40.706264 	38.470768 	8.544003 	38.948685 	30.886890 	21.023796 	5.656854 	9.055386 	107.018692 	4.123106 	92.114059 	7.615773 	1.000000 	44.944408 	8.485281 	999.000000 	2.828427 	4.242640 	48.270073 	31.112698 	65.863495 	82.927681 	6.082763 	78.006409 	40.360870 	17.088007 	26.419689 	57.280014 	
63.953106 	30.528675 	32.756680 	42.011902 	77.884529 	88.323273 	48.052055 	74.148499 	20.615528 	39.560081 	48.836460 	46.486557 	44.777225 	45.188496 	12.206555 	39.812057 	98.005104 	83.360664 	12.649111 	44.721359 	12.041595 	27.313000 	33.541019 	43.416588 	41.182522 	7.810250 	41.677334 	33.615471 	23.706539 	6.324555 	7.071068 	109.658562 	3.605551 	89.537704 	5.099020 	3.605551 	42.190044 	11.313708 	2.828427 	999.000000 	1.414214 	51.088158 	33.941124 	63.134777 	85.702972 	8.062258 	80.802231 	37.536648 	19.697716 	29.154760 	60.108234 	
65.115280 	30.232433 	33.541019 	41.048752 	79.120163 	89.560036 	49.244289 	72.993149 	21.189621 	40.804413 	47.675991 	47.759815 	46.097721 	46.518814 	12.041595 	41.146080 	99.141312 	84.528099 	12.083046 	46.065170 	13.000000 	28.635643 	34.885529 	44.777225 	42.544094 	7.810250 	43.046486 	34.985710 	25.059929 	7.071068 	6.324555 	110.981979 	4.123106 	88.255310 	4.000000 	5.000000 	40.816662 	12.727922 	4.242640 	1.414214 	999.000000 	52.497620 	35.355339 	61.773781 	87.091904 	9.219544 	82.200974 	36.124783 	21.023796 	30.528675 	61.522354 	
32.557640 	63.324562 	40.607880 	84.077347 	37.947330 	46.872166 	24.351591 	118.067780 	45.617977 	22.022715 	94.154129 	18.681541 	15.132746 	14.142136 	53.600372 	16.278820 	61.032780 	46.615448 	57.008770 	13.038404 	43.416588 	26.076809 	20.124611 	12.041595 	13.341664 	51.739735 	12.369317 	18.867962 	28.425341 	48.104053 	55.172459 	62.169125 	50.209560 	136.341476 	55.172459 	47.507893 	92.097771 	39.824615 	48.270073 	51.088158 	52.497620 	999.000000 	17.492855 	112.445541 	35.341194 	45.486263 	30.016663 	88.413803 	34.438351 	25.298222 	10.440307 	
41.109608 	50.635956 	32.015621 	69.892776 	51.088158 	61.000000 	26.925823 	103.817146 	32.388271 	19.104973 	79.202271 	21.931713 	18.027756 	17.720045 	38.013157 	13.892444 	73.681747 	58.694122 	41.182522 	16.492422 	27.730848 	13.038404 	10.816654 	14.317822 	12.649111 	35.510563 	12.369317 	8.602325 	13.341664 	31.622776 	38.600517 	78.847954 	33.421551 	121.198181 	38.288380 	30.413813 	75.604233 	22.627417 	31.112698 	33.941124 	35.355339 	17.492855 	999.000000 	96.260063 	52.773098 	28.017851 	47.507893 	71.449280 	17.088007 	9.055386 	26.172504 	
114.856430 	55.226807 	79.202271 	34.539833 	130.430054 	140.346008 	101.533249 	25.455845 	68.622154 	95.482986 	23.086792 	102.591423 	102.532921 	103.247276 	58.898216 	98.351410 	145.413208 	132.924789 	55.443665 	103.276329 	69.028976 	86.556343 	92.849342 	102.649887 	100.568382 	60.802959 	101.316338 	93.723000 	84.023804 	64.637451 	57.688820 	164.805954 	62.968246 	29.000000 	58.309521 	66.370171 	21.023796 	74.094536 	65.863495 	63.134777 	61.773781 	112.445541 	96.260063 	999.000000 	144.958618 	70.661163 	140.801285 	27.658634 	82.764725 	92.282173 	122.200653 	
37.854988 	92.200867 	67.424034 	114.017540 	27.294687 	27.784887 	44.944408 	147.299011 	76.419891 	49.578220 	124.963997 	42.638012 	42.426407 	41.725292 	86.371292 	46.754681 	42.801868 	34.785053 	89.938866 	41.773197 	76.694199 	59.033890 	52.630791 	42.638012 	44.821869 	85.276024 	44.204071 	52.201534 	62.201286 	82.006096 	89.022469 	29.154760 	84.403793 	166.817261 	89.403580 	82.097504 	125.319588 	74.625732 	82.927681 	85.702972 	87.091904 	35.341194 	52.773098 	144.958618 	999.000000 	80.622574 	6.000000 	122.441826 	69.778221 	60.539242 	29.427877 	
62.072536 	37.161808 	34.438351 	50.000000 	75.133217 	85.510231 	46.043457 	82.200974 	24.083189 	37.121422 	56.885849 	43.566040 	41.231056 	41.484936 	18.973665 	36.138622 	96.187317 	81.301903 	20.223749 	40.804413 	14.212670 	24.186773 	29.832869 	39.217342 	37.000000 	14.560220 	37.336308 	29.410883 	20.223749 	11.180340 	15.000000 	105.688217 	10.198039 	97.406364 	13.152946 	6.324555 	49.648766 	7.000000 	6.082763 	8.062258 	9.219544 	45.486263 	28.017851 	70.661163 	80.622574 	999.000000 	75.471848 	44.407207 	12.206555 	22.022715 	53.907330 	
37.054016 	88.752464 	64.140472 	110.435501 	28.792360 	31.240999 	42.047592 	143.961807 	72.470680 	45.803928 	121.210564 	39.115215 	38.418747 	37.643059 	82.024384 	42.449970 	46.690472 	37.121422 	85.562843 	37.536648 	72.180328 	54.488529 	48.104053 	38.183765 	40.311287 	80.721741 	39.623226 	47.507893 	57.489128 	77.336922 	84.386017 	35.128338 	79.649231 	163.217651 	84.646324 	77.201035 	120.933868 	69.634758 	78.006409 	80.802231 	82.200974 	30.016663 	47.507893 	140.801285 	6.000000 	75.471848 	999.000000 	117.796432 	64.412735 	55.036350 	23.537205 	
96.254868 	41.048752 	60.745369 	29.529646 	111.359779 	121.671692 	81.412529 	46.572525 	48.332184 	74.094536 	25.612497 	81.301903 	80.448738 	81.024689 	36.715118 	75.802376 	129.027130 	115.316956 	33.120991 	80.802231 	45.803928 	63.411354 	69.814041 	79.812279 	77.620872 	37.202152 	78.243210 	70.292244 	60.307545 	40.459858 	33.421551 	144.754959 	38.209946 	56.320511 	33.241539 	41.036568 	8.544003 	48.836460 	40.360870 	37.536648 	36.124783 	88.413803 	71.449280 	27.658634 	122.441826 	44.407207 	117.796432 	999.000000 	56.612720 	66.400299 	97.621719 	
55.443665 	44.721359 	34.655445 	60.406952 	67.067131 	77.233414 	39.812057 	93.391647 	28.231188 	30.805843 	68.154236 	36.124783 	33.000000 	33.015148 	28.017851 	28.017851 	89.089844 	74.060783 	30.265491 	32.062439 	19.416489 	18.384777 	22.203604 	30.149628 	28.071337 	24.186773 	28.160255 	21.023796 	14.764823 	20.099751 	25.961510 	95.880135 	20.615528 	109.201645 	24.698177 	16.763054 	61.773781 	10.000000 	17.088007 	19.697716 	21.023796 	34.438351 	17.088007 	82.764725 	69.778221 	12.206555 	64.412735 	56.612720 	999.000000 	9.899495 	42.201897 	
50.000000 	51.009804 	36.235340 	68.447060 	60.133186 	70.007141 	35.341194 	101.921539 	33.241539 	26.925823 	76.843994 	30.675724 	26.925823 	26.683329 	35.902645 	22.472204 	82.734512 	67.742157 	38.600517 	25.495098 	26.172504 	17.204651 	18.027756 	23.345236 	21.587032 	32.572994 	21.377558 	16.124516 	15.231546 	28.460499 	34.928497 	87.321243 	29.546574 	118.308914 	34.000000 	25.942244 	71.344238 	18.384777 	26.419689 	29.154760 	30.528675 	25.298222 	9.055386 	92.282173 	60.539242 	22.022715 	55.036350 	66.400299 	9.899495 	999.000000 	32.449963 	
38.275318 	73.736015 	50.990196 	94.371605 	39.661064 	47.010635 	33.376640 	128.378342 	55.946404 	32.249031 	104.316826 	28.071337 	25.019993 	24.020824 	63.513779 	26.683329 	62.177166 	48.826221 	66.850578 	23.086792 	53.254108 	36.235340 	30.463093 	22.360680 	23.769728 	61.400326 	22.803509 	29.068884 	38.275318 	57.628117 	64.660652 	58.034473 	59.548298 	146.485489 	64.443771 	56.586216 	101.671036 	48.795490 	57.280014 	60.108234 	61.522354 	10.440307 	26.172504 	122.200653 	29.427877 	53.907330 	23.537205 	97.621719 	42.201897 	32.449963 	999.000000 	

Travel time:
9.000000 	1.495410 	0.896172 	2.039148 	0.390512 	0.638847 	0.400780 	2.831960 	1.198176 	0.625000 	2.327150 	0.485412 	0.577170 	0.585235 	1.495201 	0.691466 	0.853302 	0.485412 	1.583114 	0.617454 	1.309819 	0.950000 	0.831038 	0.673146 	0.711512 	1.511001 	0.719809 	0.863134 	1.050000 	1.461592 	1.614001 	1.256234 	1.534805 	3.341126 	1.649242 	1.516781 	2.428220 	1.377044 	1.541509 	1.598828 	1.627882 	0.813941 	1.027740 	2.871411 	0.946375 	1.551813 	0.926350 	2.406372 	1.386092 	1.250000 	0.956883 	
1.495410 	9.000000 	0.620987 	0.548293 	1.885802 	2.130288 	1.187697 	1.380670 	0.456207 	1.076162 	0.832541 	1.241219 	1.265158 	1.286954 	0.458939 	1.185591 	2.258456 	1.942453 	0.460977 	1.297112 	0.632949 	0.951972 	1.083109 	1.297353 	1.253994 	0.570636 	1.276959 	1.123054 	0.933408 	0.650000 	0.605186 	2.749659 	0.682367 	1.866313 	0.675463 	0.771767 	0.982344 	0.873212 	0.782624 	0.763217 	0.755811 	1.583114 	1.265899 	1.380670 	2.305022 	0.929045 	2.218812 	1.026219 	1.118034 	1.275245 	1.843400 	
0.896172 	0.620987 	9.000000 	1.168867 	1.282819 	1.535008 	0.566789 	1.997029 	0.325960 	0.474342 	1.449569 	0.626498 	0.664266 	0.687841 	0.629484 	0.608276 	1.707703 	1.365650 	0.711073 	0.704006 	0.522015 	0.482830 	0.552268 	0.715891 	0.682367 	0.675463 	0.707107 	0.604669 	0.527376 	0.661910 	0.775000 	2.140093 	0.735697 	2.487217 	0.826514 	0.759111 	1.532359 	0.707549 	0.783023 	0.818917 	0.838525 	1.015197 	0.800391 	1.980057 	1.685601 	0.860959 	1.603512 	1.518634 	0.866386 	0.905883 	1.274755 	
2.039148 	0.548293 	1.168867 	9.000000 	2.429635 	2.670674 	1.735655 	0.850368 	0.961769 	1.615936 	0.291548 	1.785007 	1.802776 	1.823630 	0.813941 	1.715007 	2.778489 	2.476136 	0.753741 	1.831154 	1.061249 	1.454519 	1.598828 	1.826540 	1.779923 	0.905539 	1.801735 	1.632674 	1.416201 	1.007782 	0.875000 	3.294883 	1.001249 	1.320038 	0.926350 	1.101136 	0.594243 	1.262191 	1.100284 	1.050297 	1.026219 	2.101934 	1.747319 	0.863496 	2.850439 	1.250000 	2.760888 	0.738241 	1.510174 	1.711177 	2.359290 	
0.390512 	1.885802 	1.282819 	2.429635 	9.000000 	0.261008 	0.752080 	3.219084 	1.576586 	0.958188 	2.717651 	0.789383 	0.853302 	0.851469 	1.868321 	0.980115 	0.577170 	0.230489 	1.957358 	0.875357 	1.668270 	1.274755 	1.134956 	0.925000 	0.975320 	1.875667 	0.975000 	1.154340 	1.372953 	1.818310 	1.978004 	0.866386 	1.889610 	3.730030 	2.008109 	1.861619 	2.812694 	1.706239 	1.885802 	1.947113 	1.978004 	0.948683 	1.277204 	3.260751 	0.682367 	1.878330 	0.719809 	2.783994 	1.676678 	1.503330 	0.991527 	
0.638847 	2.130288 	1.535008 	2.670674 	0.261008 	9.000000 	1.012423 	3.447191 	1.833712 	1.219118 	2.960152 	1.049405 	1.110180 	1.107080 	2.127205 	1.237437 	0.390512 	0.237171 	2.215993 	1.129436 	1.929054 	1.534805 	1.393287 	1.177391 	1.229075 	2.136001 	1.227294 	1.410895 	1.632674 	2.079213 	2.238443 	0.645174 	2.150581 	3.962323 	2.268948 	2.122499 	3.066859 	1.966119 	2.146654 	2.208082 	2.239001 	1.171804 	1.525000 	3.508650 	0.694622 	2.137756 	0.781025 	3.041792 	1.930835 	1.750179 	1.175266 	
0.400780 	1.187697 	0.566789 	1.735655 	0.752080 	1.012423 	9.000000 	2.560395 	0.832166 	0.226385 	2.015564 	0.145774 	0.250000 	0.270416 	1.118034 	0.325960 	1.253994 	0.883883 	1.207528 	0.305164 	0.917197 	0.550568 	0.443001 	0.355317 	0.371652 	1.123610 	0.388909 	0.482830 	0.650481 	1.068001 	1.226020 	1.587844 	1.140175 	3.053686 	1.257229 	1.118034 	2.073192 	0.976281 	1.142639 	1.201301 	1.231107 	0.608790 	0.673146 	2.538331 	1.123610 	1.151086 	1.051190 	2.035313 	0.995301 	0.883530 	0.834416 	
2.831960 	1.380670 	1.997029 	0.850368 	3.219084 	3.447191 	2.560395 	9.000000 	1.811249 	2.456751 	0.632949 	2.621188 	2.645397 	2.666927 	1.652460 	2.561860 	3.506155 	3.237380 	1.583114 	2.676051 	1.905420 	2.304886 	2.448596 	2.673598 	2.627975 	1.734395 	2.650118 	2.482942 	2.265502 	1.837457 	1.686713 	4.084498 	1.819512 	0.527376 	1.726268 	1.917192 	0.951972 	2.091949 	1.912132 	1.853712 	1.824829 	2.951694 	2.595429 	0.636396 	3.682475 	2.055024 	3.599045 	1.164313 	2.334791 	2.548038 	3.209459 	
1.198176 	0.456207 	0.325960 	0.961769 	1.576586 	1.833712 	0.832166 	1.811249 	9.000000 	0.671751 	1.220656 	0.849264 	0.851469 	0.870704 	0.304138 	0.755811 	2.026080 	1.676678 	0.388104 	0.875000 	0.247487 	0.498121 	0.637377 	0.866747 	0.818917 	0.353553 	0.840387 	0.673146 	0.477624 	0.357946 	0.450694 	2.419969 	0.427200 	2.274313 	0.505594 	0.471699 	1.241219 	0.485412 	0.493077 	0.515388 	0.529741 	1.140449 	0.809707 	1.715554 	1.910497 	0.602080 	1.811767 	1.208305 	0.705780 	0.831038 	1.398660 	
0.625000 	1.076162 	0.474342 	1.615936 	0.958188 	1.219118 	0.226385 	2.456751 	0.671751 	9.000000 	1.885802 	0.180278 	0.190394 	0.213600 	0.936082 	0.158114 	1.476906 	1.104536 	1.026219 	0.230489 	0.715891 	0.325000 	0.223607 	0.250000 	0.230489 	0.928036 	0.254951 	0.270416 	0.425000 	0.863496 	1.028652 	1.767767 	0.933408 	2.935345 	1.053862 	0.903466 	1.905420 	0.753741 	0.927699 	0.989002 	1.020110 	0.550568 	0.477624 	2.387075 	1.239455 	0.928036 	1.145098 	1.852363 	0.770146 	0.673146 	0.806226 	
2.327150 	0.832541 	1.449569 	0.291548 	2.717651 	2.960152 	2.015564 	0.632949 	1.220656 	1.885802 	9.000000 	2.058215 	2.070024 	2.090006 	1.030776 	1.976424 	3.070016 	2.766993 	0.956883 	2.095382 	1.286954 	1.702388 	1.852363 	2.087163 	2.038535 	1.106797 	2.059430 	1.882319 	1.654728 	1.209597 	1.055047 	3.582074 	1.188486 	1.054751 	1.093446 	1.285496 	0.442295 	1.463087 	1.279893 	1.220912 	1.191900 	2.353853 	1.980057 	0.577170 	3.124100 	1.422146 	3.030264 	0.640312 	1.703856 	1.921100 	2.607921 	
0.485412 	1.241219 	0.626498 	1.785007 	0.789383 	1.049405 	0.145774 	2.621188 	0.849264 	0.180278 	2.058215 	9.000000 	0.106066 	0.125000 	1.116356 	0.206155 	1.325236 	0.950000 	1.206493 	0.160078 	0.894427 	0.485412 	0.350000 	0.212132 	0.235850 	1.107362 	0.250000 	0.378319 	0.583631 	1.040733 	1.207528 	1.588238 	1.109617 	3.105036 	1.231107 	1.075291 	2.085216 	0.916856 	1.099147 	1.162164 	1.193995 	0.467039 	0.548293 	2.564785 	1.065950 	1.089151 	0.977880 	2.032547 	0.903120 	0.766893 	0.701783 	
0.577170 	1.265158 	0.664266 	1.802776 	0.853302 	1.110180 	0.250000 	2.645397 	0.851469 	0.190394 	2.070024 	0.106066 	9.000000 	0.025000 	1.101136 	0.127475 	1.403567 	1.027740 	1.190850 	0.055902 	0.866747 	0.436606 	0.285044 	0.106066 	0.134629 	1.081665 	0.145774 	0.301040 	0.529741 	1.007782 	1.179248 	1.622113 	1.073546 	3.121298 	1.197132 	1.030776 	2.074398 	0.862047 	1.053862 	1.119431 	1.152443 	0.378319 	0.450694 	2.563323 	1.060660 	1.030776 	0.960469 	2.011219 	0.825000 	0.673146 	0.625500 	
0.585235 	1.286954 	0.687841 	1.823630 	0.851469 	1.107080 	0.270416 	2.666927 	0.870704 	0.213600 	2.090006 	0.125000 	0.025000 	9.000000 	1.117195 	0.134629 	1.405569 	1.029866 	1.206752 	0.035355 	0.880696 	0.447214 	0.292617 	0.090139 	0.127475 	1.095730 	0.134629 	0.304138 	0.538516 	1.020416 	1.192686 	1.611870 	1.085415 	3.141755 	1.209339 	1.040733 	2.090753 	0.869626 	1.063602 	1.129712 	1.162970 	0.353553 	0.443001 	2.581182 	1.043132 	1.037123 	0.941076 	2.025617 	0.825379 	0.667083 	0.600521 	
1.495201 	0.458939 	0.629484 	0.813941 	1.868321 	2.127205 	1.118034 	1.652460 	0.304138 	0.936082 	1.030776 	1.116356 	1.101136 	1.117195 	9.000000 	0.990581 	2.328626 	1.976424 	0.090139 	1.114955 	0.257391 	0.691466 	0.849264 	1.096016 	1.043132 	0.111803 	1.061249 	0.870704 	0.630971 	0.201556 	0.167705 	2.701157 	0.223607 	2.079664 	0.235850 	0.316228 	0.973717 	0.450694 	0.325000 	0.305164 	0.301040 	1.340009 	0.950329 	1.472455 	2.159282 	0.474342 	2.050610 	0.917878 	0.700446 	0.897566 	1.587844 	
0.691466 	1.185591 	0.608276 	1.715007 	0.980115 	1.237437 	0.325960 	2.561860 	0.755811 	0.158114 	1.976424 	0.206155 	0.127475 	0.134629 	0.990581 	9.000000 	1.526843 	1.151086 	1.079641 	0.125000 	0.750000 	0.313249 	0.158114 	0.111803 	0.075000 	0.965013 	0.100000 	0.175000 	0.403887 	0.887764 	1.060955 	1.746425 	0.951972 	3.030058 	1.076162 	0.906228 	1.964211 	0.735272 	0.929045 	0.995301 	1.028652 	0.406971 	0.347311 	2.458785 	1.168867 	0.903466 	1.061249 	1.895059 	0.700446 	0.561805 	0.667083 	
0.853302 	2.258456 	1.707703 	2.778489 	0.577170 	0.390512 	1.253994 	3.506155 	2.026080 	1.476906 	3.070016 	1.325236 	1.403567 	1.405569 	2.328626 	1.526843 	9.000000 	0.375832 	2.414151 	1.432873 	2.157835 	1.801562 	1.675187 	1.485345 	1.532359 	2.353720 	1.535008 	1.701654 	1.901480 	2.309897 	2.456751 	0.778621 	2.383800 	4.030199 	2.495621 	2.369071 	3.226938 	2.230051 	2.393872 	2.450128 	2.478533 	1.525820 	1.842044 	3.635330 	1.070047 	2.404683 	1.167262 	3.225678 	2.227246 	2.068363 	1.554429 	
0.485412 	1.942453 	1.365650 	2.476136 	0.230489 	0.237171 	0.883883 	3.237380 	1.676678 	1.104536 	2.766993 	0.950000 	1.027740 	1.029866 	1.976424 	1.151086 	0.375832 	9.000000 	2.063523 	1.057414 	1.795132 	1.428504 	1.300000 	1.110180 	1.156774 	1.995307 	1.159741 	1.325943 	1.528275 	1.946953 	2.098362 	0.874643 	2.020211 	3.755829 	2.134391 	2.001562 	2.895794 	1.858259 	2.026234 	2.084017 	2.113203 	1.165386 	1.467353 	3.323120 	0.869626 	2.032547 	0.928036 	2.882924 	1.851520 	1.693554 	1.220656 	
1.583114 	0.460977 	0.711073 	0.753741 	1.957358 	2.215993 	1.207528 	1.583114 	0.388104 	1.026219 	0.956883 	1.206493 	1.190850 	1.206752 	0.090139 	1.079641 	2.414151 	2.063523 	9.000000 	1.204159 	0.340037 	0.778621 	0.937083 	1.184536 	1.131371 	0.152069 	1.149184 	0.957209 	0.715017 	0.254951 	0.145774 	2.791169 	0.251247 	2.001406 	0.215058 	0.350892 	0.884590 	0.509902 	0.353553 	0.316228 	0.302076 	1.425219 	1.029563 	1.386092 	2.248472 	0.505594 	2.139071 	0.828025 	0.756637 	0.965013 	1.671264 	
0.617454 	1.297112 	0.704006 	1.831154 	0.875357 	1.129436 	0.305164 	2.676051 	0.875000 	0.230489 	2.095382 	0.160078 	0.055902 	0.035355 	1.114955 	0.125000 	1.432873 	1.057414 	1.204159 	9.000000 	0.875000 	0.437321 	0.279509 	0.055902 	0.100000 	1.090011 	0.103078 	0.285044 	0.525595 	1.012423 	1.185854 	1.625000 	1.076162 	3.148115 	1.200521 	1.028652 	2.088660 	0.854400 	1.051190 	1.118034 	1.151629 	0.325960 	0.412311 	2.581908 	1.044330 	1.020110 	0.938416 	2.020056 	0.801561 	0.637377 	0.577170 	
1.309819 	0.632949 	0.522015 	1.061249 	1.668270 	1.929054 	0.917197 	1.905420 	0.247487 	0.715891 	1.286954 	0.894427 	0.866747 	0.880696 	0.257391 	0.750000 	2.157835 	1.795132 	0.340037 	0.875000 	9.000000 	0.442295 	0.602080 	0.851469 	0.797261 	0.215058 	0.813941 	0.618971 	0.375000 	0.152069 	0.313249 	2.482438 	0.226385 	2.336932 	0.340037 	0.237171 	1.219887 	0.246221 	0.261008 	0.301040 	0.325000 	1.085415 	0.693271 	1.725724 	1.917355 	0.355317 	1.804508 	1.145098 	0.485412 	0.654313 	1.331353 	
