Total assets = 590
Number of asset nodes = 33

Distance:
999.000000 	15.811388 	113.004425 	25.961510 	7.615773 	10.295630 	22.203604 	102.396286 	47.381432 	57.982758 	13.601471 	57.384666 	89.140335 	40.706264 	105.550934 	64.350601 	29.206163 	98.290382 	113.701363 	18.027756 	41.109608 	42.190044 	33.421551 	66.887962 	92.097771 	21.633308 	118.697090 	43.566040 	34.058773 	22.203604 	17.720045 	42.438190 	71.344238 	29.000000 	111.036034 	36.796738 	83.486526 	75.292763 	61.465439 	38.209946 	45.705578 	54.918121 	45.541191 	21.023796 	43.185646 	
15.811388 	999.000000 	100.498756 	10.198039 	16.970562 	11.661903 	7.280110 	90.801979 	33.837849 	44.407207 	29.410883 	43.278172 	75.073296 	56.364883 	92.200867 	49.203659 	44.418465 	84.504440 	100.687637 	32.015621 	25.298222 	57.706154 	48.548943 	51.613953 	77.794601 	35.468296 	105.683487 	59.059292 	49.091751 	10.630146 	29.732138 	57.801384 	56.035702 	14.866069 	97.308784 	51.613953 	68.410522 	59.908264 	45.694637 	52.630791 	30.149628 	70.327805 	30.066593 	24.738634 	28.017851 	
113.004425 	100.498756 	999.000000 	93.914856 	117.046997 	112.160599 	98.838249 	13.601471 	66.730804 	56.356010 	124.197426 	58.180752 	30.066593 	150.695053 	12.369317 	57.489128 	141.354172 	21.095022 	5.830952 	131.015259 	82.873398 	152.898666 	145.578156 	56.885849 	30.066593 	134.617981 	8.062258 	154.311371 	146.348892 	104.216118 	129.799850 	153.717270 	54.332310 	98.615417 	14.866069 	149.305054 	44.045429 	53.037724 	68.731361 	151.029800 	85.866173 	165.559662 	86.833176 	124.354332 	90.249657 	
25.961510 	10.198039 	93.914856 	999.000000 	26.076809 	20.000000 	5.000000 	85.094063 	27.513634 	37.576588 	39.560081 	35.846897 	67.201187 	66.309875 	84.905830 	40.311287 	54.120235 	76.843994 	93.648277 	41.340054 	15.231546 	67.542580 	58.180752 	42.520584 	69.656296 	44.654228 	98.615417 	68.876701 	58.668560 	10.440307 	38.418747 	67.535179 	46.861500 	8.062258 	89.627007 	61.057350 	59.464275 	50.606323 	35.777088 	61.854668 	20.024984 	80.062477 	20.000000 	30.528675 	18.248287 	
7.615773 	16.970562 	117.046997 	26.076809 	999.000000 	6.324555 	21.470911 	106.943909 	50.606323 	61.220913 	16.278820 	60.207973 	92.021736 	40.804413 	109.018349 	66.068146 	28.231188 	101.414986 	117.413795 	15.264338 	41.182522 	41.785164 	32.202484 	68.410522 	94.762863 	18.601076 	122.413231 	43.081318 	32.649654 	19.416489 	12.806249 	41.629318 	72.801102 	26.925823 	114.214706 	34.985710 	85.276024 	76.609398 	61.773781 	35.805027 	44.598206 	54.129475 	44.271889 	13.416408 	41.484936 	
10.295630 	11.661903 	112.160599 	20.000000 	6.324555 	999.000000 	15.264338 	102.415817 	45.486263 	56.035702 	22.022715 	54.817879 	86.556343 	47.127487 	103.812332 	60.207973 	34.539833 	96.046867 	112.329872 	21.470911 	34.985710 	48.104053 	38.483765 	62.481998 	89.196411 	24.698177 	117.324333 	49.396355 	38.910152 	13.152946 	18.439089 	47.927029 	66.843102 	20.615528 	108.853111 	41.182522 	79.397736 	70.604530 	55.569775 	41.880783 	38.275318 	60.415230 	37.947330 	14.000000 	35.171009 	
22.203604 	7.280110 	98.838249 	5.000000 	21.470911 	15.264338 	999.000000 	89.888817 	32.310989 	42.485291 	35.693138 	40.816662 	72.201111 	62.032249 	89.888817 	45.254833 	49.658836 	81.841309 	98.615417 	36.715118 	19.723083 	63.158531 	53.665630 	47.423622 	74.652527 	39.962482 	103.585716 	64.474800 	54.120235 	6.000000 	33.600594 	63.071388 	51.739735 	7.615773 	94.625580 	56.435802 	64.381676 	55.443665 	40.311287 	57.140179 	23.537205 	75.584389 	23.345236 	25.553865 	21.023796 	
102.396286 	90.801979 	13.601471 	85.094063 	106.943909 	102.415817 	89.888817 	999.000000 	57.584721 	47.801674 	113.004425 	50.219517 	28.231188 	139.053940 	17.888544 	52.000000 	130.207520 	22.671568 	18.027756 	120.415947 	75.504967 	141.354172 	134.402374 	52.086468 	30.016663 	124.020157 	21.587032 	142.762039 	135.207245 	95.519630 	119.570061 	142.274384 	50.487621 	90.520714 	24.041630 	138.220840 	42.720020 	50.219517 	64.070274 	140.089264 	79.511009 	153.912308 	80.504662 	115.156418 	83.725746 	
47.381432 	33.837849 	66.730804 	27.513634 	50.606323 	45.486263 	32.310989 	57.584721 	999.000000 	10.630146 	59.816387 	10.295630 	41.773197 	87.200920 	58.412327 	20.099751 	76.485291 	50.931328 	66.850578 	65.115280 	20.615528 	89.022469 	80.721741 	23.086792 	44.821869 	68.680420 	71.847061 	90.426765 	81.394104 	37.947330 	63.411354 	89.498604 	27.294687 	33.376640 	63.702435 	84.172440 	37.696156 	31.400637 	25.079872 	85.562843 	27.313000 	101.828285 	28.231188 	57.697487 	30.364452 	
57.982758 	44.407207 	56.356010 	37.576588 	61.220913 	56.035702 	42.485291 	47.801674 	10.630146 	999.000000 	70.292244 	3.605551 	31.240999 	97.616600 	47.801674 	14.317822 	87.045967 	40.311287 	56.302753 	75.742989 	28.071337 	99.488693 	91.285271 	17.088007 	34.409302 	79.309517 	61.294373 	100.895988 	91.967384 	47.927029 	74.027023 	100.004997 	20.396078 	42.720020 	53.075417 	94.762863 	28.635643 	24.186773 	24.083189 	96.176918 	33.241539 	112.294258 	34.234486 	68.000000 	37.054016 	
13.601471 	29.410883 	124.197426 	39.560081 	16.278820 	22.022715 	35.693138 	113.004425 	59.816387 	70.292244 	999.000000 	70.000000 	101.533249 	27.459061 	117.379723 	77.524193 	17.204651 	110.453613 	125.255737 	11.401754 	54.708317 	29.206163 	21.400934 	80.131142 	104.637466 	14.035668 	130.230560 	30.610456 	22.203604 	35.014282 	15.264338 	29.732138 	84.599052 	42.190044 	123.109711 	25.238859 	96.566040 	88.588936 	75.026665 	27.294687 	59.228371 	42.011902 	59.033890 	26.627054 	56.568542 	
57.384666 	43.278172 	58.180752 	35.846897 	60.207973 	54.817879 	40.816662 	50.219517 	10.295630 	3.605551 	70.000000 	999.000000 	31.827662 	97.416634 	49.091751 	11.401754 	86.556343 	41.231056 	57.801384 	74.953316 	25.317978 	99.201813 	90.785461 	14.317822 	34.713108 	78.492035 	62.769421 	100.603180 	91.438507 	46.065170 	73.000000 	99.639351 	18.027756 	40.496914 	54.037025 	94.175369 	27.513634 	22.000000 	20.518284 	95.482986 	30.066593 	112.004463 	31.064449 	66.370171 	34.000000 	
89.140335 	75.073296 	30.066593 	67.201187 	92.021736 	86.556343 	72.201111 	28.231188 	41.773197 	31.240999 	101.533249 	31.827662 	999.000000 	128.844864 	18.681541 	28.231188 	118.258194 	9.848858 	27.892651 	106.775467 	54.589375 	130.728729 	122.494896 	27.202942 	4.000000 	110.317726 	32.572994 	132.136292 	123.166557 	77.103828 	104.804581 	131.244049 	24.331051 	70.830788 	22.472204 	125.936493 	14.560220 	23.000000 	38.832977 	127.287079 	56.648037 	143.533966 	57.584721 	97.652443 	61.098282 	
40.706264 	56.364883 	150.695053 	66.309875 	40.804413 	47.127487 	62.032249 	139.053940 	87.200920 	97.616600 	27.459061 	97.416634 	128.844864 	999.000000 	144.360657 	104.957130 	13.038404 	137.644470 	152.029602 	26.305893 	81.541397 	3.000000 	10.198039 	107.540688 	132.003784 	24.020824 	156.977707 	4.123106 	10.440307 	60.166435 	31.064449 	5.099020 	112.004463 	67.720009 	150.233154 	10.816654 	124.020157 	115.974136 	102.044106 	13.453624 	85.381500 	14.866069 	85.070557 	45.000000 	82.280006 	
105.550934 	92.200867 	12.369317 	84.905830 	109.018349 	103.812332 	89.888817 	17.888544 	58.412327 	47.801674 	117.379723 	49.091751 	18.681541 	144.360657 	999.000000 	46.818798 	134.380051 	9.055386 	9.219544 	123.434196 	72.917763 	146.413803 	138.621780 	45.880280 	18.027756 	127.015747 	13.928389 	147.827606 	139.344894 	95.015785 	121.823647 	147.085007 	42.953465 	89.005615 	7.071068 	142.214630 	32.015621 	41.303753 	57.489128 	143.753265 	75.272835 	159.176010 	76.216797 	115.433968 	79.711983 	
64.350601 	49.203659 	57.489128 	40.311287 	66.068146 	60.207973 	45.254833 	52.000000 	20.099751 	14.317822 	77.524193 	11.401754 	28.231188 	104.957130 	46.818798 	999.000000 	93.477272 	38.078865 	55.973209 	81.215759 	26.627054 	106.531685 	97.652443 	3.000000 	30.016663 	84.646324 	60.745369 	107.912003 	98.229324 	49.678970 	78.644768 	106.780151 	7.280110 	43.011627 	50.537113 	100.801788 	19.209373 	11.401754 	12.369317 	101.828285 	28.460499 	119.268608 	29.410883 	70.292244 	32.893768 	
29.206163 	44.418465 	141.354172 	54.120235 	28.231188 	34.539833 	49.658836 	130.207520 	76.485291 	87.045967 	17.204651 	86.556343 	118.258194 	13.038404 	134.380051 	93.477272 	999.000000 	127.310646 	142.341141 	13.341664 	69.318108 	13.601471 	4.242640 	95.963531 	121.264175 	11.000000 	147.322769 	14.866069 	5.000000 	47.434166 	18.027756 	13.416408 	100.404182 	55.027267 	140.014282 	8.062258 	112.645462 	104.307236 	89.894379 	10.440307 	72.801102 	25.942244 	72.449982 	32.015621 	69.570107 	
98.290382 	84.504440 	21.095022 	76.843994 	101.414986 	96.046867 	81.841309 	22.671568 	50.931328 	40.311287 	110.453613 	41.231056 	9.848858 	137.644470 	9.055386 	38.078865 	127.310646 	999.000000 	18.248287 	116.043098 	64.412735 	139.603012 	131.552277 	37.000000 	9.000000 	119.603508 	22.803509 	141.014191 	132.245987 	86.821655 	114.214706 	140.185593 	33.955853 	80.622574 	12.806249 	135.059250 	23.000000 	32.249031 	48.507732 	136.488098 	66.483078 	152.397507 	67.416618 	107.335922 	70.936592 	
113.701363 	100.687637 	5.830952 	93.648277 	117.413795 	112.329872 	98.615417 	18.027756 	66.850578 	56.302753 	125.255737 	57.801384 	27.892651 	152.029602 	9.219544 	55.973209 	142.341141 	18.248287 	999.000000 	131.654846 	81.939003 	154.155762 	146.577621 	55.081757 	27.166155 	135.247925 	5.000000 	155.569916 	147.322769 	103.831596 	130.207520 	154.896744 	52.172791 	97.943863 	9.433981 	150.233154 	41.109608 	50.487621 	66.708321 	151.855194 	84.433403 	166.877197 	85.381500 	124.169243 	88.865067 	
18.027756 	32.015621 	131.015259 	41.340054 	15.264338 	21.470911 	36.715118 	120.415947 	65.115280 	75.742989 	11.401754 	74.953316 	106.775467 	26.305893 	123.434196 	81.215759 	13.341664 	116.043098 	131.654846 	999.000000 	56.435802 	26.925823 	17.088007 	83.600243 	109.622078 	3.605551 	136.652847 	28.160255 	17.464249 	34.176014 	5.385165 	26.570660 	88.005684 	41.785164 	128.817703 	19.723083 	100.424103 	91.836815 	77.025970 	20.615528 	59.615433 	39.000000 	59.236813 	19.416489 	56.302753 	
41.109608 	25.298222 	82.873398 	15.231546 	41.182522 	34.985710 	19.723083 	75.504967 	20.615528 	28.071337 	54.708317 	25.317978 	54.589375 	81.541397 	72.917763 	26.627054 	69.318108 	64.412735 	81.939003 	56.435802 	999.000000 	82.764725 	73.355301 	28.425341 	56.603886 	59.682495 	86.815895 	84.095184 	73.824112 	23.345236 	53.254108 	82.734512 	32.557640 	16.401220 	77.025970 	76.157730 	45.343136 	36.069378 	20.591261 	76.850502 	7.810250 	95.257545 	8.485281 	43.863426 	9.848858 	
42.190044 	57.706154 	152.898666 	67.542580 	41.785164 	48.104053 	63.158531 	141.354172 	89.022469 	99.488693 	29.206163 	99.201813 	130.728729 	3.000000 	146.413803 	106.531685 	13.601471 	139.603012 	154.155762 	26.925823 	82.764725 	999.000000 	10.049875 	109.077957 	133.843185 	24.331051 	159.113174 	1.414214 	10.000000 	61.032780 	31.400637 	2.236068 	113.534134 	68.622154 	152.226807 	9.486833 	125.642349 	117.477661 	103.315056 	11.661903 	86.377083 	12.806249 	86.034874 	45.099888 	83.168503 	
33.421551 	48.548943 	145.578156 	58.180752 	32.202484 	38.483765 	53.665630 	134.402374 	80.721741 	91.285271 	21.400934 	90.785461 	122.494896 	10.198039 	138.621780 	97.652443 	4.242640 	131.552277 	146.577621 	17.088007 	73.355301 	10.049875 	999.000000 	100.124924 	125.495018 	14.317822 	151.558563 	11.180340 	1.000000 	51.264023 	21.377558 	9.486833 	104.560989 	58.872746 	144.256714 	4.123106 	116.828934 	108.452751 	93.941475 	7.000000 	76.694199 	21.931713 	76.321686 	35.057095 	73.389374 	
66.887962 	51.613953 	56.885849 	42.520584 	68.410522 	62.481998 	47.423622 	52.086468 	23.086792 	17.088007 	80.131142 	14.317822 	27.202942 	107.540688 	45.880280 	3.000000 	95.963531 	37.000000 	55.081757 	83.600243 	28.425341 	109.077957 	100.124924 	999.000000 	28.635643 	87.005745 	59.774578 	110.453613 	100.687637 	51.662365 	80.919716 	109.293182 	4.472136 	44.821869 	49.244289 	103.227905 	16.970562 	8.544003 	12.000000 	104.201729 	29.546574 	121.794907 	30.463093 	72.249565 	34.014702 	
92.097771 	77.794601 	30.066593 	69.656296 	94.762863 	89.196411 	74.652527 	30.016663 	44.821869 	34.409302 	104.637466 	34.713108 	4.000000 	132.003784 	18.027756 	30.016663 	121.264175 	9.000000 	27.166155 	109.622078 	56.603886 	133.843185 	125.495018 	28.635643 	999.000000 	113.145920 	31.575306 	135.247925 	126.150703 	79.404030 	107.517441 	134.316788 	25.298222 	72.945183 	20.615528 	128.887543 	14.000000 	23.345236 	39.849716 	130.176804 	58.180752 	146.649246 	59.093147 	100.000000 	62.649822 	
21.633308 	35.468296 	134.617981 	44.654228 	18.601076 	24.698177 	39.962482 	124.020157 	68.680420 	79.309517 	14.035668 	78.492035 	110.317726 	24.020824 	127.015747 	84.646324 	11.000000 	119.603508 	135.247925 	3.605551 	59.682495 	24.331051 	14.317822 	87.005745 	113.145920 	999.000000 	140.246216 	25.495098 	14.560220 	37.161808 	7.071068 	23.769728 	91.400215 	44.777225 	132.382019 	16.552946 	103.855667 	95.210297 	80.262070 	17.204651 	62.649822 	36.055511 	62.241467 	21.023796 	59.236813 	
118.697090 	105.683487 	8.062258 	98.615417 	122.413231 	117.324333 	103.585716 	21.587032 	71.847061 	61.294373 	130.230560 	62.769421 	32.572994 	156.977707 	13.928389 	60.745369 	147.322769 	22.803509 	5.000000 	136.652847 	86.815895 	159.113174 	151.558563 	59.774578 	31.575306 	140.246216 	999.000000 	160.527252 	152.305618 	108.784187 	135.207245 	159.862442 	56.753853 	102.859123 	12.165525 	155.219193 	45.398239 	54.918121 	71.309189 	156.847061 	89.196411 	171.828400 	90.138779 	129.139465 	93.637596 	
43.566040 	59.059292 	154.311371 	68.876701 	43.081318 	49.396355 	64.474800 	142.762039 	90.426765 	100.895988 	30.610456 	100.603180 	132.136292 	4.123106 	147.827606 	107.912003 	14.866069 	141.014191 	155.569916 	28.160255 	84.095184 	1.414214 	11.180340 	110.453613 	135.247925 	25.495098 	160.527252 	999.000000 	11.045361 	62.297672 	32.557640 	2.236068 	114.908661 	69.892776 	153.639191 	10.198039 	127.027557 	118.848640 	104.651802 	12.083046 	87.664131 	11.401754 	87.315521 	46.173584 	84.433403 	
34.058773 	49.091751 	146.348892 	58.668560 	32.649654 	38.910152 	54.120235 	135.207245 	81.394104 	91.967384 	22.203604 	91.438507 	123.166557 	10.440307 	139.344894 	98.229324 	5.000000 	132.245987 	147.322769 	17.464249 	73.824112 	10.000000 	1.000000 	100.687637 	126.150703 	14.560220 	152.305618 	11.045361 	999.000000 	51.623638 	21.587032 	9.219544 	105.118980 	59.236813 	144.958618 	3.162278 	117.413795 	109.000000 	94.413979 	6.000000 	77.077881 	21.540659 	76.694199 	35.128338 	73.736015 	
22.203604 	10.630146 	104.216118 	10.440307 	19.416489 	13.152946 	6.000000 	95.519630 	37.947330 	47.927029 	35.014282 	46.065170 	77.103828 	60.166435 	95.015785 	49.678970 	47.434166 	86.821655 	103.831596 	34.176014 	23.345236 	61.032780 	51.264023 	51.662365 	79.404030 	37.161808 	108.784187 	62.297672 	51.623638 	999.000000 	30.413813 	60.745369 	55.865910 	7.615773 	99.569069 	53.712196 	68.622154 	59.413803 	43.600460 	54.120235 	25.495098 	73.164200 	25.079872 	20.615528 	22.135944 	
17.720045 	29.732138 	129.799850 	38.418747 	12.806249 	18.439089 	33.600594 	119.570061 	63.411354 	74.027023 	15.264338 	73.000000 	104.804581 	31.064449 	121.823647 	78.644768 	18.027756 	114.214706 	130.207520 	5.385165 	53.254108 	31.400637 	21.377558 	80.919716 	107.517441 	7.071068 	135.207245 	32.557640 	21.587032 	30.413813 	999.000000 	30.805843 	85.276024 	38.013157 	127.015747 	23.409399 	97.836601 	89.022469 	73.783470 	23.706539 	55.901699 	43.011627 	55.461697 	14.142136 	52.392746 	
42.438190 	57.801384 	153.717270 	67.535179 	41.629318 	47.927029 	63.071388 	142.274384 	89.498604 	100.004997 	29.732138 	99.639351 	131.244049 	5.099020 	147.085007 	106.780151 	13.416408 	140.185593 	154.896744 	26.570660 	82.734512 	2.236068 	9.486833 	109.293182 	134.316788 	23.769728 	159.862442 	2.236068 	9.219544 	60.745369 	30.805843 	999.000000 	113.740936 	68.352028 	152.839783 	8.062258 	125.924583 	117.660530 	103.310211 	9.848858 	86.162636 	12.529964 	85.796272 	44.283180 	82.873398 	
71.344238 	56.035702 	54.332310 	46.861500 	72.801102 	66.843102 	51.739735 	50.487621 	27.294687 	20.396078 	84.599052 	18.027756 	24.331051 	112.004463 	42.953465 	7.280110 	100.404182 	33.955853 	52.172791 	88.005684 	32.557640 	113.534134 	104.560989 	4.472136 	25.298222 	91.400215 	56.753853 	114.908661 	105.118980 	55.865910 	85.276024 	113.740936 	999.000000 	48.918301 	45.880280 	107.647575 	12.806249 	4.123106 	14.560220 	108.600182 	33.120991 	126.245789 	34.000000 	76.419891 	37.589893 	
29.000000 	14.866069 	98.615417 	8.062258 	26.925823 	20.615528 	7.615773 	90.520714 	33.376640 	42.720020 	42.190044 	40.496914 	70.830788 	67.720009 	89.005615 	43.011627 	55.027267 	80.622574 	97.943863 	41.785164 	16.401220 	68.622154 	58.872746 	44.821869 	72.945183 	44.777225 	102.859123 	69.892776 	59.236813 	7.615773 	38.013157 	68.352028 	48.918301 	999.000000 	93.295227 	61.326992 	61.717098 	52.345009 	36.235340 	61.717098 	17.888544 	80.777473 	17.464249 	27.586229 	14.560220 	
111.036034 	97.308784 	14.866069 	89.627007 	114.214706 	108.853111 	94.625580 	24.041630 	63.702435 	53.075417 	123.109711 	54.037025 	22.472204 	150.233154 	7.071068 	50.537113 	140.014282 	12.806249 	9.433981 	128.817703 	77.025970 	152.226807 	144.256714 	49.244289 	20.615528 	132.382019 	12.165525 	153.639191 	144.958618 	99.569069 	127.015747 	152.839783 	45.880280 	93.295227 	999.000000 	147.787003 	33.955853 	43.680660 	60.406952 	149.241409 	78.790863 	165.012115 	79.705711 	120.104118 	83.258636 	
36.796738 	51.613953 	149.305054 	61.057350 	34.985710 	41.182522 	56.435802 	138.220840 	84.172440 	94.762863 	25.238859 	94.175369 	125.936493 	10.816654 	142.214630 	100.801788 	8.062258 	135.059250 	150.233154 	19.723083 	76.157730 	9.486833 	4.123106 	103.227905 	128.887543 	16.552946 	155.219193 	10.198039 	3.162278 	53.712196 	23.409399 	8.062258 	107.647575 	61.326992 	147.787003 	999.000000 	120.000000 	111.503365 	96.747093 	3.162278 	79.202271 	19.646883 	78.790863 	36.496574 	75.769386 	
83.486526 	68.410522 	44.045429 	59.464275 	85.276024 	79.397736 	64.381676 	42.720020 	37.696156 	28.635643 	96.566040 	27.513634 	14.560220 	124.020157 	32.015621 	19.209373 	112.645462 	23.000000 	41.109608 	100.424103 	45.343136 	125.642349 	116.828934 	16.970562 	14.000000 	103.855667 	45.398239 	127.027557 	117.413795 	68.622154 	97.836601 	125.924583 	12.806249 	61.717098 	33.955853 	120.000000 	999.000000 	9.848858 	26.832815 	121.037186 	45.793011 	138.397980 	46.647614 	89.196411 	50.249378 	
75.292763 	59.908264 	53.037724 	50.606323 	76.609398 	70.604530 	55.443665 	50.219517 	31.400637 	24.186773 	88.588936 	22.000000 	23.000000 	115.974136 	41.303753 	11.401754 	104.307236 	32.249031 	50.487621 	91.836815 	36.069378 	117.477661 	108.452751 	8.544003 	23.345236 	95.210297 	54.918121 	118.848640 	109.000000 	59.413803 	89.022469 	117.660530 	4.123106 	52.345009 	43.680660 	111.503365 	9.848858 	999.000000 	17.000000 	112.414413 	36.055511 	130.172958 	36.891735 	79.906197 	40.496914 	
61.465439 	45.694637 	68.731361 	35.777088 	61.773781 	55.569775 	40.311287 	64.070274 	25.079872 	24.083189 	75.026665 	20.518284 	38.832977 	102.044106 	57.489128 	12.369317 	89.894379 	48.507732 	66.708321 	77.025970 	20.591261 	103.315056 	93.941475 	12.000000 	39.849716 	80.262070 	71.309189 	104.651802 	94.413979 	43.600460 	73.783470 	103.310211 	14.560220 	36.235340 	60.406952 	96.747093 	26.832815 	17.000000 	999.000000 	97.416634 	19.209373 	115.836090 	20.000000 	63.780876 	23.600847 	
38.209946 	52.630791 	151.029800 	61.854668 	35.805027 	41.880783 	57.140179 	140.089264 	85.562843 	96.176918 	27.294687 	95.482986 	127.287079 	13.453624 	143.753265 	101.828285 	10.440307 	136.488098 	151.855194 	20.615528 	76.850502 	11.661903 	7.000000 	104.201729 	130.176804 	17.204651 	156.847061 	12.083046 	6.000000 	54.120235 	23.706539 	9.848858 	108.600182 	61.717098 	149.241409 	3.162278 	121.037186 	112.414413 	97.416634 	999.000000 	79.605278 	20.099751 	79.158073 	36.138622 	76.059189 	
45.705578 	30.149628 	85.866173 	20.024984 	44.598206 	38.275318 	23.537205 	79.511009 	27.313000 	33.241539 	59.228371 	30.066593 	56.648037 	85.381500 	75.272835 	28.460499 	72.801102 	66.483078 	84.433403 	59.615433 	7.810250 	86.377083 	76.694199 	29.546574 	58.180752 	62.649822 	89.196411 	87.664131 	77.077881 	25.495098 	55.901699 	86.162636 	33.120991 	17.888544 	78.790863 	79.202271 	45.793011 	36.055511 	19.209373 	79.605278 	999.000000 	98.615417 	1.000000 	45.000000 	4.472136 	
54.918121 	70.327805 	165.559662 	80.062477 	54.129475 	60.415230 	75.584389 	153.912308 	101.828285 	112.294258 	42.011902 	112.004463 	143.533966 	14.866069 	159.176010 	119.268608 	25.942244 	152.397507 	166.877197 	39.000000 	95.257545 	12.806249 	21.931713 	121.794907 	146.649246 	36.055511 	171.828400 	11.401754 	21.540659 	73.164200 	43.011627 	12.529964 	126.245789 	80.777473 	165.012115 	19.646883 	138.397980 	130.172958 	115.836090 	20.099751 	98.615417 	999.000000 	98.234413 	56.089214 	95.273293 	
45.541191 	30.066593 	86.833176 	20.000000 	44.271889 	37.947330 	23.345236 	80.504662 	28.231188 	34.234486 	59.033890 	31.064449 	57.584721 	85.070557 	76.216797 	29.410883 	72.449982 	67.416618 	85.381500 	59.236813 	8.485281 	86.034874 	76.321686 	30.463093 	59.093147 	62.241467 	90.138779 	87.315521 	76.694199 	25.079872 	55.461697 	85.796272 	34.000000 	17.464249 	79.705711 	78.790863 	46.647614 	36.891735 	20.000000 	79.158073 	1.000000 	98.234413 	999.000000 	44.407207 	3.605551 	
21.023796 	24.738634 	124.354332 	30.528675 	13.416408 	14.000000 	25.553865 	115.156418 	57.697487 	68.000000 	26.627054 	66.370171 	97.652443 	45.000000 	115.433968 	70.292244 	32.015621 	107.335922 	124.169243 	19.416489 	43.863426 	45.099888 	35.057095 	72.249565 	100.000000 	21.023796 	129.139465 	46.173584 	35.128338 	20.615528 	14.142136 	44.283180 	76.419891 	27.586229 	120.104118 	36.496574 	89.196411 	79.906197 	63.780876 	36.138622 	45.000000 	56.089214 	44.407207 	999.000000 	41.048752 	
43.185646 	28.017851 	90.249657 	18.248287 	41.484936 	35.171009 	21.023796 	83.725746 	30.364452 	37.054016 	56.568542 	34.000000 	61.098282 	82.280006 	79.711983 	32.893768 	69.570107 	70.936592 	88.865067 	56.302753 	9.848858 	83.168503 	73.389374 	34.014702 	62.649822 	59.236813 	93.637596 	84.433403 	73.736015 	22.135944 	52.392746 	82.873398 	37.589893 	14.560220 	83.258636 	75.769386 	50.249378 	40.496914 	23.600847 	76.059189 	4.472136 	95.273293 	3.605551 	41.048752 	999.000000 	

Travel time:
9.000000 	0.395285 	2.825111 	0.649038 	0.190394 	0.257391 	0.555090 	2.559907 	1.184536 	1.449569 	0.340037 	1.434617 	2.228508 	1.017657 	2.638773 	1.608765 	0.730154 	2.457260 	2.842534 	0.450694 	1.027740 	1.054751 	0.835539 	1.672199 	2.302444 	0.540833 	2.967427 	1.089151 	0.851469 	0.555090 	0.443001 	1.060955 	1.783606 	0.725000 	2.775901 	0.919918 	2.087163 	1.882319 	1.536636 	0.955249 	1.142639 	1.372953 	1.138530 	0.525595 	1.079641 	
0.395285 	9.000000 	2.512469 	0.254951 	0.424264 	0.291548 	0.182003 	2.270050 	0.845946 	1.110180 	0.735272 	1.081954 	1.876832 	1.409122 	2.305022 	1.230091 	1.110462 	2.112611 	2.517191 	0.800391 	0.632456 	1.442654 	1.213724 	1.290349 	1.944865 	0.886707 	2.642087 	1.476482 	1.227294 	0.265754 	0.743303 	1.445035 	1.400892 	0.371652 	2.432720 	1.290349 	1.710263 	1.497707 	1.142366 	1.315770 	0.753741 	1.758195 	0.751665 	0.618466 	0.700446 	
2.825111 	2.512469 	9.000000 	2.347871 	2.926175 	2.804015 	2.470956 	0.340037 	1.668270 	1.408900 	3.104936 	1.454519 	0.751665 	3.767376 	0.309233 	1.437228 	3.533854 	0.527376 	0.145774 	3.275382 	2.071835 	3.822467 	3.639454 	1.422146 	0.751665 	3.365449 	0.201556 	3.857784 	3.658722 	2.605403 	3.244996 	3.842932 	1.358308 	2.465385 	0.371652 	3.732626 	1.101136 	1.325943 	1.718284 	3.775745 	2.146654 	4.138991 	2.170829 	3.108858 	2.256241 	
0.649038 	0.254951 	2.347871 	9.000000 	0.651920 	0.500000 	0.125000 	2.127352 	0.687841 	0.939415 	0.989002 	0.896172 	1.680030 	1.657747 	2.122646 	1.007782 	1.353006 	1.921100 	2.341207 	1.033501 	0.380789 	1.688565 	1.454519 	1.063015 	1.741407 	1.116356 	2.465385 	1.721918 	1.466714 	0.261008 	0.960469 	1.688380 	1.171538 	0.201556 	2.240675 	1.526434 	1.486607 	1.265158 	0.894427 	1.546367 	0.500625 	2.001562 	0.500000 	0.763217 	0.456207 	
0.190394 	0.424264 	2.926175 	0.651920 	9.000000 	0.158114 	0.536773 	2.673598 	1.265158 	1.530523 	0.406971 	1.505199 	2.300543 	1.020110 	2.725459 	1.651704 	0.705780 	2.535375 	2.935345 	0.381608 	1.029563 	1.044629 	0.805062 	1.710263 	2.369071 	0.465027 	3.060331 	1.077033 	0.816241 	0.485412 	0.320156 	1.040733 	1.820028 	0.673146 	2.855368 	0.874643 	2.131901 	1.915235 	1.544345 	0.895126 	1.114955 	1.353237 	1.106797 	0.335410 	1.037123 	
0.257391 	0.291548 	2.804015 	0.500000 	0.158114 	9.000000 	0.381608 	2.560395 	1.137157 	1.400892 	0.550568 	1.370447 	2.163908 	1.178187 	2.595308 	1.505199 	0.863496 	2.401172 	2.808247 	0.536773 	0.874643 	1.202601 	0.962094 	1.562050 	2.229910 	0.617454 	2.933108 	1.234909 	0.972754 	0.328824 	0.460977 	1.198176 	1.671077 	0.515388 	2.721328 	1.029563 	1.984943 	1.765113 	1.389244 	1.047020 	0.956883 	1.510381 	0.948683 	0.350000 	0.879275 	
0.555090 	0.182003 	2.470956 	0.125000 	0.536773 	0.381608 	9.000000 	2.247221 	0.807775 	1.062132 	0.892328 	1.020416 	1.805028 	1.550806 	2.247221 	1.131371 	1.241471 	2.046033 	2.465385 	0.917878 	0.493077 	1.578963 	1.341641 	1.185591 	1.866313 	0.999062 	2.589643 	1.611870 	1.353006 	0.150000 	0.840015 	1.576785 	1.293493 	0.190394 	2.365639 	1.410895 	1.609542 	1.386092 	1.007782 	1.428504 	0.588430 	1.889610 	0.583631 	0.638847 	0.525595 	
2.559907 	2.270050 	0.340037 	2.127352 	2.673598 	2.560395 	2.247221 	9.000000 	1.439618 	1.195042 	2.825111 	1.255488 	0.705780 	3.476348 	0.447214 	1.300000 	3.255188 	0.566789 	0.450694 	3.010399 	1.887624 	3.533854 	3.360059 	1.302162 	0.750417 	3.100504 	0.539676 	3.569051 	3.380181 	2.387991 	2.989252 	3.556859 	1.262191 	2.263018 	0.601041 	3.455521 	1.068001 	1.255488 	1.601757 	3.502232 	1.987775 	3.847808 	2.012617 	2.878911 	2.093144 	
1.184536 	0.845946 	1.668270 	0.687841 	1.265158 	1.137157 	0.807775 	1.439618 	9.000000 	0.265754 	1.495410 	0.257391 	1.044330 	2.180023 	1.460308 	0.502494 	1.912132 	1.273283 	1.671264 	1.627882 	0.515388 	2.225562 	2.018044 	0.577170 	1.120547 	1.717010 	1.796177 	2.260669 	2.034853 	0.948683 	1.585284 	2.237465 	0.682367 	0.834416 	1.592561 	2.104311 	0.942404 	0.785016 	0.626997 	2.139071 	0.682825 	2.545707 	0.705780 	1.442437 	0.759111 	
1.449569 	1.110180 	1.408900 	0.939415 	1.530523 	1.400892 	1.062132 	1.195042 	0.265754 	9.000000 	1.757306 	0.090139 	0.781025 	2.440415 	1.195042 	0.357946 	2.176149 	1.007782 	1.407569 	1.893575 	0.701783 	2.487217 	2.282132 	0.427200 	0.860233 	1.982738 	1.532359 	2.522400 	2.299185 	1.198176 	1.850676 	2.500125 	0.509902 	1.068001 	1.326885 	2.369071 	0.715891 	0.604669 	0.602080 	2.404423 	0.831038 	2.807356 	0.855862 	1.700000 	0.926350 	
0.340037 	0.735272 	3.104936 	0.989002 	0.406971 	0.550568 	0.892328 	2.825111 	1.495410 	1.757306 	9.000000 	1.750000 	2.538331 	0.686477 	2.934493 	1.938105 	0.430116 	2.761340 	3.131393 	0.285044 	1.367708 	0.730154 	0.535023 	2.003278 	2.615937 	0.350892 	3.255764 	0.765261 	0.555090 	0.875357 	0.381608 	0.743303 	2.114976 	1.054751 	3.077743 	0.630971 	2.414151 	2.214723 	1.875667 	0.682367 	1.480709 	1.050297 	1.475847 	0.665676 	1.414214 	
1.434617 	1.081954 	1.454519 	0.896172 	1.505199 	1.370447 	1.020416 	1.255488 	0.257391 	0.090139 	1.750000 	9.000000 	0.795692 	2.435416 	1.227294 	0.285044 	2.163908 	1.030776 	1.445035 	1.873833 	0.632949 	2.480045 	2.269637 	0.357946 	0.867828 	1.962301 	1.569236 	2.515079 	2.285963 	1.151629 	1.825000 	2.490984 	0.450694 	1.012423 	1.350926 	2.354384 	0.687841 	0.550000 	0.512957 	2.387075 	0.751665 	2.800112 	0.776611 	1.659254 	0.850000 	
2.228508 	1.876832 	0.751665 	1.680030 	2.300543 	2.163908 	1.805028 	0.705780 	1.044330 	0.781025 	2.538331 	0.795692 	9.000000 	3.221122 	0.467039 	0.705780 	2.956455 	0.246221 	0.697316 	2.669387 	1.364734 	3.268218 	3.062372 	0.680074 	0.100000 	2.757943 	0.814325 	3.303407 	3.079164 	1.927596 	2.620115 	3.281101 	0.608276 	1.770770 	0.561805 	3.148412 	0.364006 	0.575000 	0.970824 	3.182177 	1.416201 	3.588349 	1.439618 	2.441311 	1.527457 	
1.017657 	1.409122 	3.767376 	1.657747 	1.020110 	1.178187 	1.550806 	3.476348 	2.180023 	2.440415 	0.686477 	2.435416 	3.221122 	9.000000 	3.609016 	2.623928 	0.325960 	3.441112 	3.800740 	0.657647 	2.038535 	0.075000 	0.254951 	2.688517 	3.300095 	0.600521 	3.924443 	0.103078 	0.261008 	1.504161 	0.776611 	0.127475 	2.800112 	1.693000 	3.755829 	0.270416 	3.100504 	2.899354 	2.551103 	0.336341 	2.134537 	0.371652 	2.126764 	1.125000 	2.057000 	
2.638773 	2.305022 	0.309233 	2.122646 	2.725459 	2.595308 	2.247221 	0.447214 	1.460308 	1.195042 	2.934493 	1.227294 	0.467039 	3.609016 	9.000000 	1.170470 	3.359501 	0.226385 	0.230489 	3.085855 	1.822944 	3.660345 	3.465544 	1.147007 	0.450694 	3.175394 	0.348210 	3.695690 	3.483622 	2.375395 	3.045591 	3.677125 	1.073837 	2.225140 	0.176777 	3.555366 	0.800391 	1.032594 	1.437228 	3.593832 	1.881821 	3.979400 	1.905420 	2.885849 	1.992800 	
1.608765 	1.230091 	1.437228 	1.007782 	1.651704 	1.505199 	1.131371 	1.300000 	0.502494 	0.357946 	1.938105 	0.285044 	0.705780 	2.623928 	1.170470 	9.000000 	2.336932 	0.951972 	1.399330 	2.030394 	0.665676 	2.663292 	2.441311 	0.075000 	0.750417 	2.116158 	1.518634 	2.697800 	2.455733 	1.241974 	1.966119 	2.669504 	0.182003 	1.075291 	1.263428 	2.520045 	0.480234 	0.285044 	0.309233 	2.545707 	0.711512 	2.981715 	0.735272 	1.757306 	0.822344 	
0.730154 	1.110462 	3.533854 	1.353006 	0.705780 	0.863496 	1.241471 	3.255188 	1.912132 	2.176149 	0.430116 	2.163908 	2.956455 	0.325960 	3.359501 	2.336932 	9.000000 	3.182766 	3.558528 	0.333542 	1.732953 	0.340037 	0.106066 	2.399088 	3.031604 	0.275000 	3.683069 	0.371652 	0.125000 	1.185854 	0.450694 	0.335410 	2.510105 	1.375682 	3.500357 	0.201556 	2.816137 	2.607681 	2.247360 	0.261008 	1.820028 	0.648556 	1.811249 	0.800391 	1.739253 	
2.457260 	2.112611 	0.527376 	1.921100 	2.535375 	2.401172 	2.046033 	0.566789 	1.273283 	1.007782 	2.761340 	1.030776 	0.246221 	3.441112 	0.226385 	0.951972 	3.182766 	9.000000 	0.456207 	2.901078 	1.610318 	3.490075 	3.288807 	0.925000 	0.225000 	2.990088 	0.570088 	3.525355 	3.306150 	2.170541 	2.855368 	3.504640 	0.848896 	2.015564 	0.320156 	3.376481 	0.575000 	0.806226 	1.212693 	3.412202 	1.662077 	3.809938 	1.685416 	2.683398 	1.773415 	
2.842534 	2.517191 	0.145774 	2.341207 	2.935345 	2.808247 	2.465385 	0.450694 	1.671264 	1.407569 	3.131393 	1.445035 	0.697316 	3.800740 	0.230489 	1.399330 	3.558528 	0.456207 	9.000000 	3.291371 	2.048475 	3.853894 	3.664441 	1.377044 	0.679154 	3.381198 	0.125000 	3.889248 	3.683069 	2.595790 	3.255188 	3.872419 	1.304320 	2.448596 	0.235850 	3.755829 	1.027740 	1.262191 	1.667708 	3.796380 	2.110835 	4.171930 	2.134537 	3.104231 	2.221627 	
0.450694 	0.800391 	3.275382 	1.033501 	0.381608 	0.536773 	0.917878 	3.010399 	1.627882 	1.893575 	0.285044 	1.873833 	2.669387 	0.657647 	3.085855 	2.030394 	0.333542 	2.901078 	3.291371 	9.000000 	1.410895 	0.673146 	0.427200 	2.090006 	2.740552 	0.090139 	3.416321 	0.704006 	0.436606 	0.854400 	0.134629 	0.664266 	2.200142 	1.044629 	3.220443 	0.493077 	2.510602 	2.295920 	1.925649 	0.515388 	1.490386 	0.975000 	1.480920 	0.485412 	1.407569 	
1.027740 	0.632456 	2.071835 	0.380789 	1.029563 	0.874643 	0.493077 	1.887624 	0.515388 	0.701783 	1.367708 	0.632949 	1.364734 	2.038535 	1.822944 	0.665676 	1.732953 	1.610318 	2.048475 	1.410895 	9.000000 	2.069118 	1.833883 	0.710634 	1.415097 	1.492062 	2.170397 	2.102380 	1.845603 	0.583631 	1.331353 	2.068363 	0.813941 	0.410031 	1.925649 	1.903943 	1.133578 	0.901734 	0.514782 	1.921263 	0.195256 	2.381439 	0.212132 	1.096586 	0.246221 	
1.054751 	1.442654 	3.822467 	1.688565 	1.044629 	1.202601 	1.578963 	3.533854 	2.225562 	2.487217 	0.730154 	2.480045 	3.268218 	0.075000 	3.660345 	2.663292 	0.340037 	3.490075 	3.853894 	0.673146 	2.069118 	9.000000 	0.251247 	2.726949 	3.346080 	0.608276 	3.977829 	0.035355 	0.250000 	1.525820 	0.785016 	0.055902 	2.838353 	1.715554 	3.805670 	0.237171 	3.141059 	2.936942 	2.582876 	0.291548 	2.159427 	0.320156 	2.150872 	1.127497 	2.079213 	
0.835539 	1.213724 	3.639454 	1.454519 	0.805062 	0.962094 	1.341641 	3.360059 	2.018044 	2.282132 	0.535023 	2.269637 	3.062372 	0.254951 	3.465544 	2.441311 	0.106066 	3.288807 	3.664441 	0.427200 	1.833883 	0.251247 	9.000000 	2.503123 	3.137375 	0.357946 	3.788964 	0.279509 	0.025000 	1.281601 	0.534439 	0.237171 	2.614025 	1.471819 	3.606418 	0.103078 	2.920723 	2.711319 	2.348537 	0.175000 	1.917355 	0.548293 	1.908042 	0.876427 	1.834734 	
1.672199 	1.290349 	1.422146 	1.063015 	1.710263 	1.562050 	1.185591 	1.302162 	0.577170 	0.427200 	2.003278 	0.357946 	0.680074 	2.688517 	1.147007 	0.075000 	2.399088 	0.925000 	1.377044 	2.090006 	0.710634 	2.726949 	2.503123 	9.000000 	0.715891 	2.175144 	1.494365 	2.761340 	2.517191 	1.291559 	2.022993 	2.732330 	0.111803 	1.120547 	1.231107 	2.580698 	0.424264 	0.213600 	0.300000 	2.605043 	0.738664 	3.044873 	0.761577 	1.806239 	0.850368 	
2.302444 	1.944865 	0.751665 	1.741407 	2.369071 	2.229910 	1.866313 	0.750417 	1.120547 	0.860233 	2.615937 	0.867828 	0.100000 	3.300095 	0.450694 	0.750417 	3.031604 	0.225000 	0.679154 	2.740552 	1.415097 	3.346080 	3.137375 	0.715891 	9.000000 	2.828648 	0.789383 	3.381198 	3.153768 	1.985101 	2.687936 	3.357920 	0.632456 	1.823630 	0.515388 	3.222188 	0.350000 	0.583631 	0.996243 	3.254420 	1.454519 	3.666231 	1.477329 	2.500000 	1.566246 	
0.540833 	0.886707 	3.365449 	1.116356 	0.465027 	0.617454 	0.999062 	3.100504 	1.717010 	1.982738 	0.350892 	1.962301 	2.757943 	0.600521 	3.175394 	2.116158 	0.275000 	2.990088 	3.381198 	0.090139 	1.492062 	0.608276 	0.357946 	2.175144 	2.828648 	9.000000 	3.506155 	0.637377 	0.364006 	0.929045 	0.176777 	0.594243 	2.285005 	1.119431 	3.309551 	0.413824 	2.596392 	2.380257 	2.006552 	0.430116 	1.566246 	0.901388 	1.556037 	0.525595 	1.480920 	
2.967427 	2.642087 	0.201556 	2.465385 	3.060331 	2.933108 	2.589643 	0.539676 	1.796177 	1.532359 	3.255764 	1.569236 	0.814325 	3.924443 	0.348210 	1.518634 	3.683069 	0.570088 	0.125000 	3.416321 	2.170397 	3.977829 	3.788964 	1.494365 	0.789383 	3.506155 	9.000000 	4.013181 	3.807641 	2.719605 	3.380181 	3.996561 	1.418846 	2.571478 	0.304138 	3.880480 	1.134956 	1.372953 	1.782730 	3.921176 	2.229910 	4.295710 	2.253469 	3.228487 	2.340940 	
1.089151 	1.476482 	3.857784 	1.721918 	1.077033 	1.234909 	1.611870 	3.569051 	2.260669 	2.522400 	0.765261 	2.515079 	3.303407 	0.103078 	3.695690 	2.697800 	0.371652 	3.525355 	3.889248 	0.704006 	2.102380 	0.035355 	0.279509 	2.761340 	3.381198 	0.637377 	4.013181 	9.000000 	0.276134 	1.557442 	0.813941 	0.055902 	2.872716 	1.747319 	3.840980 	0.254951 	3.175689 	2.971216 	2.616295 	0.302076 	2.191603 	0.285044 	2.182888 	1.154340 	2.110835 	
0.851469 	1.227294 	3.658722 	1.466714 	0.816241 	0.972754 	1.353006 	3.380181 	2.034853 	2.299185 	0.555090 	2.285963 	3.079164 	0.261008 	3.483622 	2.455733 	0.125000 	3.306150 	3.683069 	0.436606 	1.845603 	0.250000 	0.025000 	2.517191 	3.153768 	0.364006 	3.807641 	0.276134 	9.000000 	1.290591 	0.539676 	0.230489 	2.627975 	1.480920 	3.623966 	0.079057 	2.935345 	2.725000 	2.360349 	0.150000 	1.926947 	0.538516 	1.917355 	0.878208 	1.843400 	
0.555090 	0.265754 	2.605403 	0.261008 	0.485412 	0.328824 	0.150000 	2.387991 	0.948683 	1.198176 	0.875357 	1.151629 	1.927596 	1.504161 	2.375395 	1.241974 	1.185854 	2.170541 	2.595790 	0.854400 	0.583631 	1.525820 	1.281601 	1.291559 	1.985101 	0.929045 	2.719605 	1.557442 	1.290591 	9.000000 	0.760345 	1.518634 	1.396648 	0.190394 	2.489227 	1.342805 	1.715554 	1.485345 	1.090011 	1.353006 	0.637377 	1.829105 	0.626997 	0.515388 	0.553399 	
0.443001 	0.743303 	3.244996 	0.960469 	0.320156 	0.460977 	0.840015 	2.989252 	1.585284 	1.850676 	0.381608 	1.825000 	2.620115 	0.776611 	3.045591 	1.966119 	0.450694 	2.855368 	3.255188 	0.134629 	1.331353 	0.785016 	0.534439 	2.022993 	2.687936 	0.176777 	3.380181 	0.813941 	0.539676 	0.760345 	9.000000 	0.770146 	2.131901 	0.950329 	3.175394 	0.585235 	2.445915 	2.225562 	1.844587 	0.592663 	1.397542 	1.075291 	1.386542 	0.353553 	1.309819 	
1.060955 	1.445035 	3.842932 	1.688380 	1.040733 	1.198176 	1.576785 	3.556859 	2.237465 	2.500125 	0.743303 	2.490984 	3.281101 	0.127475 	3.677125 	2.669504 	0.335410 	3.504640 	3.872419 	0.664266 	2.068363 	0.055902 	0.237171 	2.732330 	3.357920 	0.594243 	3.996561 	0.055902 	0.230489 	1.518634 	0.770146 	9.000000 	2.843524 	1.708801 	3.820995 	0.201556 	3.148115 	2.941513 	2.582755 	0.246221 	2.154066 	0.313249 	2.144907 	1.107080 	2.071835 	
1.783606 	1.400892 	1.358308 	1.171538 	1.820028 	1.671077 	1.293493 	1.262191 	0.682367 	0.509902 	2.114976 	0.450694 	0.608276 	2.800112 	1.073837 	0.182003 	2.510105 	0.848896 	1.304320 	2.200142 	0.813941 	2.838353 	2.614025 	0.111803 	0.632456 	2.285005 	1.418846 	2.872716 	2.627975 	1.396648 	2.131901 	2.843524 	9.000000 	1.222957 	1.147007 	2.691189 	0.320156 	0.103078 	0.364006 	2.715004 	0.828025 	3.156145 	0.850000 	1.910497 	0.939747 	
0.725000 	0.371652 	2.465385 	0.201556 	0.673146 	0.515388 	0.190394 	2.263018 	0.834416 	1.068001 	1.054751 	1.012423 	1.770770 	1.693000 	2.225140 	1.075291 	1.375682 	2.015564 	2.448596 	1.044629 	0.410031 	1.715554 	1.471819 	1.120547 	1.823630 	1.119431 	2.571478 	1.747319 	1.480920 	0.190394 	0.950329 	1.708801 	1.222957 	9.000000 	2.332381 	1.533175 	1.542928 	1.308625 	0.905883 	1.542928 	0.447214 	2.019437 	0.436606 	0.689656 	0.364006 	
2.775901 	2.432720 	0.371652 	2.240675 	2.855368 	2.721328 	2.365639 	0.601041 	1.592561 	1.326885 	3.077743 	1.350926 	0.561805 	3.755829 	0.176777 	1.263428 	3.500357 	0.320156 	0.235850 	3.220443 	1.925649 	3.805670 	3.606418 	1.231107 	0.515388 	3.309551 	0.304138 	3.840980 	3.623966 	2.489227 	3.175394 	3.820995 	1.147007 	2.332381 	9.000000 	3.694675 	0.848896 	1.092016 	1.510174 	3.731035 	1.969772 	4.125303 	1.992643 	3.002603 	2.081466 	
0.919918 	1.290349 	3.732626 	1.526434 	0.874643 	1.029563 	1.410895 	3.455521 	2.104311 	2.369071 	0.630971 	2.354384 	3.148412 	0.270416 	3.555366 	2.520045 	0.201556 	3.376481 	3.755829 	0.493077 	1.903943 	0.237171 	0.103078 	2.580698 	3.222188 	0.413824 	3.880480 	0.254951 	0.079057 	1.342805 	0.585235 	0.201556 	2.691189 	1.533175 	3.694675 	9.000000 	3.000000 	2.787584 	2.418677 	0.079057 	1.980057 	0.491172 	1.969772 	0.912414 	1.894235 	
2.087163 	1.710263 	1.101136 	1.486607 	2.131901 	1.984943 	1.609542 	1.068001 	0.942404 	0.715891 	2.414151 	0.687841 	0.364006 	3.100504 	0.800391 	0.480234 	2.816137 	0.575000 	1.027740 	2.510602 	1.133578 	3.141059 	2.920723 	0.424264 	0.350000 	2.596392 	1.134956 	3.175689 	2.935345 	1.715554 	2.445915 	3.148115 	0.320156 	1.542928 	0.848896 	3.000000 	9.000000 	0.246221 	0.670820 	3.025930 	1.144825 	3.459949 	1.166190 	2.229910 	1.256234 	
1.882319 	1.497707 	1.325943 	1.265158 	1.915235 	1.765113 	1.386092 	1.255488 	0.785016 	0.604669 	2.214723 	0.550000 	0.575000 	2.899354 	1.032594 	0.285044 	2.607681 	0.806226 	1.262191 	2.295920 	0.901734 	2.936942 	2.711319 	0.213600 	0.583631 	2.380257 	1.372953 	2.971216 	2.725000 	1.485345 	2.225562 	2.941513 	0.103078 	1.308625 	1.092016 	2.787584 	0.246221 	9.000000 	0.425000 	2.810360 	0.901388 	3.254324 	0.922293 	1.997655 	1.012423 	
