Total assets = 910
Number of asset nodes = 50

Distance:
999.000000 	70.576202 	49.678970 	17.464249 	47.201694 	48.010414 	116.284134 	16.124516 	13.038404 	50.328918 	16.763054 	42.579338 	32.802441 	27.018513 	25.179358 	47.381432 	76.661591 	15.811388 	69.892776 	93.509361 	57.489128 	27.166155 	110.208893 	52.345009 	20.615528 	20.880613 	19.697716 	19.235384 	47.507893 	55.865910 	48.918301 	28.442924 	26.925823 	51.400391 	26.570660 	28.160255 	29.832869 	30.805843 	28.178005 	33.541019 	30.083218 	31.384710 	32.893768 	44.911022 	48.270073 	46.486557 	47.434166 	48.764740 	51.788029 	50.000000 	50.695168 	53.758720 	53.600372 	54.571056 	47.423622 	53.413483 	54.644306 	54.405884 	53.907330 	57.688820 	58.600342 	58.258045 	59.033890 	60.207973 	
70.576202 	999.000000 	118.595955 	87.920418 	116.726173 	117.618027 	177.496475 	85.164543 	79.075912 	29.120440 	84.403793 	30.000000 	99.985001 	94.894676 	95.210297 	32.984844 	14.000000 	80.603973 	16.124516 	159.402008 	25.059929 	97.123634 	173.657715 	30.083218 	88.294960 	88.073830 	85.702972 	84.528099 	36.687874 	29.529646 	36.055511 	96.104111 	93.744331 	38.483765 	92.395889 	94.540993 	96.690224 	97.672920 	91.787796 	100.806747 	95.036835 	95.885345 	98.005104 	111.157547 	113.863953 	110.453613 	111.449539 	113.635384 	118.088951 	114.529472 	115.624390 	120.070816 	118.608597 	119.603508 	101.242287 	108.295891 	111.162041 	110.222504 	107.466270 	114.214706 	113.441612 	111.646767 	112.641022 	112.008926 	
49.678970 	118.595955 	999.000000 	35.000000 	4.000000 	4.123106 	70.837845 	40.496914 	47.434166 	100.004997 	43.046486 	89.000000 	18.973665 	23.706539 	31.780497 	97.000000 	125.924583 	48.020828 	119.402679 	44.944408 	107.168091 	31.016125 	63.071388 	101.980392 	41.146080 	42.047592 	44.721359 	46.065170 	96.876213 	105.475113 	98.290382 	38.327538 	40.804413 	100.448990 	43.011627 	41.484936 	40.024994 	39.812057 	46.840153 	38.327538 	44.147480 	44.911022 	43.566040 	41.436699 	43.931767 	47.381432 	47.518417 	45.891174 	43.011627 	47.074409 	46.324940 	43.657761 	47.127487 	47.434166 	64.070274 	65.122963 	63.387695 	64.280632 	67.067131 	64.776543 	67.601776 	69.354164 	69.462219 	72.339478 	
17.464249 	87.920418 	35.000000 	999.000000 	31.890438 	32.557640 	104.694794 	6.082763 	12.529964 	66.287254 	9.055386 	60.016663 	22.203604 	17.000000 	8.062258 	63.007935 	93.477272 	13.601471 	86.452301 	79.881165 	73.498299 	10.049875 	97.616600 	68.007355 	9.486833 	10.440307 	12.041595 	13.000000 	62.481998 	71.400284 	63.890530 	14.212670 	14.212670 	65.795135 	15.264338 	15.620500 	16.278820 	17.029387 	18.788294 	18.867962 	18.601076 	20.000000 	20.518284 	29.966648 	33.541019 	33.015148 	33.837849 	34.481880 	36.400551 	35.846897 	36.235340 	38.275318 	38.910152 	39.812057 	40.249222 	44.654228 	44.821869 	45.000000 	45.793011 	47.507893 	49.203659 	49.648766 	50.219517 	52.153618 	
47.201694 	116.726173 	4.000000 	31.890438 	999.000000 	1.000000 	74.632431 	37.202152 	44.204071 	97.452553 	39.661064 	87.321243 	18.110771 	22.135944 	28.178005 	94.366310 	123.713379 	44.654228 	117.068359 	48.373547 	104.637466 	27.313000 	66.708321 	99.357941 	37.589893 	38.470768 	41.182522 	42.544094 	94.111633 	102.825096 	95.524864 	34.481880 	37.000000 	97.580734 	39.217342 	37.643059 	36.138622 	35.902645 	43.011627 	34.365681 	40.261642 	41.000000 	39.623226 	37.483330 	40.024994 	43.416588 	43.566040 	41.976185 	39.217342 	43.174065 	42.449970 	39.924931 	43.324360 	43.657761 	60.074955 	61.131008 	59.413803 	60.299255 	63.071388 	60.827625 	63.639610 	65.375839 	65.490456 	68.359344 	
48.010414 	117.618027 	4.123106 	32.557640 	1.000000 	999.000000 	74.330345 	37.802116 	44.821869 	98.234413 	40.224369 	88.238312 	19.104973 	23.086792 	28.653097 	95.131485 	124.555206 	45.221676 	117.889778 	47.885281 	105.422958 	27.730848 	66.309875 	100.124924 	38.078865 	38.948685 	41.677334 	43.046486 	94.847244 	103.585716 	96.260063 	34.785053 	37.336308 	98.290382 	39.560081 	37.947330 	36.400551 	36.138622 	43.324360 	34.525352 	40.521599 	41.231056 	39.812057 	37.336308 	39.812057 	43.289722 	43.416588 	41.773197 	38.897301 	42.953465 	42.201897 	39.560081 	43.011627 	43.324360 	60.133186 	61.073727 	59.304298 	60.207973 	63.031738 	60.671246 	63.505905 	65.276337 	65.375839 	68.264191 	
116.284134 	177.496475 	70.837845 	104.694794 	74.632431 	74.330345 	999.000000 	110.571243 	117.200684 	165.000000 	113.318138 	147.800537 	83.725746 	89.554451 	102.528046 	162.631485 	187.544662 	118.186295 	182.222397 	29.017237 	171.816757 	101.843018 	10.770329 	167.409683 	111.789978 	112.720894 	115.316956 	116.619041 	163.367691 	171.011688 	164.757401 	109.110039 	111.628853 	167.523132 	113.841995 	112.271988 	110.724884 	110.440025 	117.643532 	108.669220 	114.843369 	115.520561 	114.017540 	109.329773 	110.887329 	115.260574 	115.117332 	112.871605 	108.461975 	113.745331 	112.641022 	108.295891 	112.361023 	112.285347 	133.555237 	133.360413 	130.980911 	132.098450 	135.484314 	131.643463 	134.729355 	136.937943 	136.824707 	139.917831 	
16.124516 	85.164543 	40.496914 	6.082763 	37.202152 	37.802116 	110.571243 	999.000000 	7.071068 	62.265560 	3.000000 	58.215118 	28.284271 	23.021729 	10.295630 	58.830265 	89.961105 	7.615773 	82.734512 	85.440041 	69.462219 	12.083046 	103.353760 	63.812225 	5.000000 	5.656854 	6.324555 	7.071068 	58.008621 	67.119293 	59.405388 	12.369317 	11.180340 	61.073727 	11.401754 	12.529964 	13.928389 	14.866069 	14.212670 	17.464249 	15.000000 	16.401220 	17.492855 	28.861740 	32.280025 	30.870699 	31.780497 	32.893768 	35.693138 	34.176014 	34.785053 	37.656342 	37.643059 	38.600517 	35.510563 	40.459858 	41.012192 	41.036568 	41.400482 	43.863426 	45.276924 	45.453274 	46.097721 	47.801674 	
13.038404 	79.075912 	47.434166 	12.529964 	44.204071 	44.821869 	117.200684 	7.071068 	999.000000 	55.470715 	5.385165 	53.000000 	34.205261 	28.635643 	17.204651 	51.971146 	83.384651 	2.828427 	76.059189 	92.358002 	62.649822 	18.867962 	110.145355 	56.938564 	9.219544 	9.055386 	7.071068 	6.324555 	51.039200 	60.207973 	52.430908 	17.117243 	15.000000 	54.037025 	14.142136 	16.031219 	18.000000 	19.000000 	15.231546 	22.022715 	17.464249 	18.681541 	20.396078 	33.060551 	36.221542 	33.955853 	34.928497 	36.496574 	40.049969 	37.656342 	38.470768 	42.047592 	41.436699 	42.426407 	34.655445 	40.459858 	41.617306 	41.400482 	41.036568 	44.654228 	45.607018 	45.343136 	46.097721 	47.381432 	
50.328918 	29.120440 	100.004997 	66.287254 	97.452553 	98.234413 	165.000000 	62.265560 	55.470715 	999.000000 	60.827625 	26.305893 	82.734512 	77.077881 	72.560318 	4.000000 	28.635643 	56.364883 	20.880613 	143.558350 	7.211102 	74.303429 	159.665268 	3.000000 	64.404968 	63.976559 	61.326992 	60.008331 	7.615773 	6.324555 	7.211102 	71.693794 	69.079666 	10.630146 	67.416618 	69.641945 	71.867935 	72.801102 	66.098412 	75.960518 	69.570107 	70.213959 	72.422371 	85.440041 	87.800911 	83.952370 	84.929382 	87.321243 	92.179176 	88.073830 	89.269257 	94.111633 	92.195442 	93.171883 	73.006851 	80.000000 	83.024094 	82.006096 	79.025314 	86.005814 	85.023529 	83.096329 	84.095184 	83.294655 	
16.763054 	84.403793 	43.046486 	9.055386 	39.661064 	40.224369 	113.318138 	3.000000 	5.385165 	60.827625 	999.000000 	58.034473 	31.257000 	26.019224 	12.041595 	57.306194 	88.769363 	5.000000 	81.437096 	87.982956 	68.000000 	13.601471 	106.004715 	62.265560 	4.000000 	4.123106 	3.605551 	4.123106 	56.302753 	65.513359 	57.688820 	12.000000 	10.198039 	59.203041 	9.848858 	11.401754 	13.152946 	14.142136 	12.041595 	17.029387 	13.416408 	14.764823 	16.155495 	28.284271 	31.575306 	29.732138 	30.675724 	32.015621 	35.227829 	33.241539 	33.955853 	37.215588 	36.878178 	37.854988 	33.015148 	38.209946 	38.948685 	38.897301 	39.051247 	41.868843 	43.139309 	43.185646 	43.863426 	45.453274 	
42.579338 	30.000000 	89.000000 	60.016663 	87.321243 	88.238312 	147.800537 	58.215118 	53.000000 	26.305893 	58.034473 	999.000000 	70.235321 	65.306969 	67.742157 	27.202942 	40.000000 	55.036350 	35.777088 	129.402466 	30.066593 	69.720871 	143.753265 	29.274563 	62.032249 	62.008064 	60.008331 	59.033890 	31.016125 	32.062439 	31.622776 	70.028564 	68.000000 	35.735138 	67.029846 	69.007248 	71.000000 	72.000000 	67.268120 	75.006668 	70.114189 	71.175842 	73.109505 	86.023254 	89.089844 	86.371292 	87.367043 	89.202019 	93.021500 	90.271812 	91.197586 	95.021049 	94.191292 	95.189285 	80.956779 	87.931793 	90.249657 	89.560036 	87.595665 	93.407707 	93.300591 	92.027168 	92.973114 	93.048378 	
32.802441 	99.985001 	18.973665 	22.203604 	18.110771 	19.104973 	83.725746 	28.284271 	34.205261 	82.734512 	31.257000 	70.235321 	999.000000 	5.830952 	23.537205 	79.981247 	107.800743 	35.693138 	101.533249 	60.827625 	89.805344 	24.041630 	77.420929 	84.899940 	31.000000 	32.000000 	34.058773 	35.128338 	80.280754 	88.459030 	81.688431 	32.015621 	33.541019 	84.202141 	35.355339 	34.713108 	34.205261 	34.481880 	39.319206 	34.539833 	37.854988 	39.051247 	38.600517 	42.438190 	45.803928 	47.507893 	48.020828 	47.434166 	46.754681 	48.826221 	48.600410 	48.104053 	50.447994 	51.088158 	59.908264 	62.968246 	62.241467 	62.769421 	64.513565 	64.404968 	66.708321 	67.779053 	68.154236 	70.576202 	
27.018513 	94.894676 	23.706539 	17.000000 	22.135944 	23.086792 	89.554451 	23.021729 	28.635643 	77.077881 	26.019224 	65.306969 	5.830952 	999.000000 	19.697716 	74.276512 	102.415817 	30.265491 	96.046867 	66.528191 	84.172440 	20.591261 	83.234612 	79.208588 	26.172504 	27.166155 	29.017237 	30.000000 	74.518456 	82.758682 	75.927597 	28.231188 	29.410883 	78.409180 	31.048349 	30.675724 	30.463093 	30.870699 	34.928497 	31.384710 	33.837849 	35.114101 	34.928497 	40.360870 	43.863426 	45.000000 	45.607018 	45.343136 	45.343136 	46.754681 	46.690472 	46.861500 	48.795490 	49.517673 	55.973209 	59.506302 	59.059292 	59.481091 	60.926186 	61.400326 	63.529522 	64.404968 	64.845970 	67.119293 	
25.179358 	95.210297 	31.780497 	8.062258 	28.178005 	28.653097 	102.528046 	10.295630 	17.204651 	72.560318 	12.041595 	67.742157 	23.537205 	19.697716 	999.000000 	69.115845 	100.224747 	16.970562 	93.021500 	76.537575 	79.755875 	2.000000 	94.847244 	74.094536 	9.433981 	10.295630 	13.038404 	14.422205 	68.242218 	77.388626 	69.634758 	8.544003 	10.049875 	71.217972 	12.000000 	11.180340 	10.770329 	11.180340 	16.000000 	12.041595 	14.317822 	15.524175 	15.231546 	22.472204 	26.076809 	26.172504 	26.907248 	27.202942 	28.635643 	28.600698 	28.844410 	30.463093 	31.384710 	32.249031 	36.400551 	39.812057 	39.446167 	39.824615 	41.231056 	41.880783 	43.908997 	44.721359 	45.177429 	47.423622 	
47.381432 	32.984844 	97.000000 	63.007935 	94.366310 	95.131485 	162.631485 	58.830265 	51.971146 	4.000000 	57.306194 	27.202942 	79.981247 	74.276512 	69.115845 	999.000000 	32.557640 	52.773098 	24.738634 	140.801285 	10.770329 	70.830788 	157.114609 	5.000000 	60.827625 	60.373837 	57.697487 	56.364883 	4.242640 	8.485281 	4.472136 	68.029404 	65.391129 	8.544003 	63.694584 	65.924202 	68.154236 	69.079666 	62.297672 	72.235725 	65.787537 	66.407829 	68.622154 	81.608826 	83.934502 	80.049988 	81.024689 	83.432610 	88.323273 	84.172440 	85.375641 	90.249657 	88.294960 	89.269257 	69.007248 	76.000000 	79.025314 	78.006409 	75.026665 	82.006096 	81.024689 	79.101204 	80.099937 	79.309517 	
76.661591 	14.000000 	125.924583 	93.477272 	123.713379 	124.555206 	187.544662 	89.961105 	83.384651 	28.635643 	88.769363 	40.000000 	107.800743 	102.415817 	100.224747 	32.557640 	999.000000 	84.504440 	8.000000 	168.121979 	22.090721 	102.044106 	183.152939 	28.160255 	92.477028 	92.114059 	89.537704 	88.255310 	35.128338 	26.000000 	34.058773 	99.959991 	97.406364 	35.057095 	95.817535 	98.030609 	100.244698 	101.192886 	94.641426 	104.355164 	98.081596 	98.762344 	100.960388 	114.017540 	116.417351 	112.587746 	113.564957 	115.952576 	120.784935 	116.709038 	117.902504 	122.723267 	120.830460 	121.807228 	101.242287 	108.166542 	111.287918 	110.222504 	107.074738 	114.214706 	113.070778 	111.018013 	112.017853 	111.004501 	
15.811388 	80.603973 	48.020828 	13.601471 	44.654228 	45.221676 	118.186295 	7.615773 	2.828427 	56.364883 	5.000000 	55.036350 	35.693138 	30.265491 	16.970562 	52.773098 	84.504440 	999.000000 	77.077881 	92.962357 	63.505905 	18.439089 	110.941429 	57.706154 	8.062258 	7.615773 	5.099020 	4.000000 	51.623638 	60.901562 	53.000000 	15.524175 	13.152946 	54.405884 	12.000000 	14.035668 	16.124516 	17.117243 	12.649111 	20.223749 	15.132746 	16.278820 	18.110771 	31.000000 	34.058773 	31.575306 	32.557640 	34.234486 	38.000000 	35.355339 	36.221542 	40.000000 	39.204590 	40.199501 	31.827662 	37.643059 	38.832977 	38.600517 	38.209946 	41.880783 	42.801868 	42.520584 	43.278172 	44.553337 	
69.892776 	16.124516 	119.402679 	86.452301 	117.068359 	117.889778 	182.222397 	82.734512 	76.059189 	20.880613 	81.437096 	35.777088 	101.533249 	96.046867 	93.021500 	24.738634 	8.000000 	77.077881 	999.000000 	162.114151 	14.142136 	94.810333 	177.519012 	20.223749 	85.088188 	84.693565 	82.079231 	80.777473 	27.166155 	18.000000 	26.076809 	92.477028 	89.888817 	27.073973 	88.255310 	90.476517 	92.698433 	93.637596 	86.977005 	96.798759 	90.443352 	91.093361 	93.300591 	106.320274 	108.669220 	104.785492 	105.759163 	108.171158 	113.053085 	108.908218 	110.113579 	114.982605 	113.030968 	114.004387 	93.263069 	100.179840 	103.310211 	102.239914 	99.080772 	106.230881 	105.076164 	103.019417 	104.019226 	103.004852 	
93.509361 	159.402008 	44.944408 	79.881165 	48.373547 	47.885281 	29.017237 	85.440041 	92.358002 	143.558350 	87.982956 	129.402466 	60.827625 	66.528191 	76.537575 	140.801285 	168.121979 	92.962357 	162.114151 	999.000000 	150.615402 	75.591003 	19.235384 	145.725769 	85.959290 	86.833176 	89.554451 	90.917542 	141.014191 	149.281616 	142.425415 	82.346825 	85.000000 	144.810226 	87.235313 	85.492691 	83.773506 	83.384651 	90.873535 	81.344948 	87.846458 	88.391174 	86.729462 	81.024689 	82.377182 	86.884979 	86.683334 	84.344528 	79.762146 	85.158676 	84.011902 	79.511009 	83.600243 	83.486526 	105.513031 	104.923782 	102.420700 	103.576057 	107.079407 	102.956299 	106.066017 	108.342049 	108.189651 	111.305885 	
57.489128 	25.059929 	107.168091 	73.498299 	104.637466 	105.422958 	171.816757 	69.462219 	62.649822 	7.211102 	68.000000 	30.066593 	89.805344 	84.172440 	79.755875 	10.770329 	22.090721 	63.505905 	14.142136 	150.615402 	999.000000 	81.492332 	166.604324 	6.082763 	71.554176 	71.112587 	68.447060 	67.119293 	13.038404 	4.472136 	12.000000 	78.790863 	76.157730 	13.601471 	74.464760 	76.694199 	78.924011 	79.849861 	73.054771 	83.006027 	76.550636 	77.162170 	79.378838 	92.347168 	94.641426 	90.708321 	91.678787 	94.111633 	99.040398 	94.831429 	96.046867 	100.960388 	98.954536 	99.924973 	79.158073 	86.092972 	89.202019 	88.141930 	85.023529 	92.135773 	91.021973 	89.000000 	90.000000 	89.050545 	
27.166155 	97.123634 	31.016125 	10.049875 	27.313000 	27.730848 	101.843018 	12.083046 	18.867962 	74.303429 	13.601471 	69.720871 	24.041630 	20.591261 	2.000000 	70.830788 	102.044106 	18.439089 	94.810333 	75.591003 	81.492332 	999.000000 	94.021271 	75.802376 	10.630146 	11.401754 	14.212670 	15.620500 	69.892776 	79.075912 	71.281136 	8.062258 	10.049875 	72.801102 	12.165525 	11.000000 	10.198039 	10.440307 	16.124516 	10.816654 	14.035668 	15.132746 	14.560220 	20.808653 	24.413111 	24.758837 	25.455845 	25.612497 	26.832815 	27.018513 	27.202942 	28.635643 	29.681644 	30.528675 	35.902645 	39.000000 	38.470768 	38.910152 	40.496914 	40.816662 	42.941822 	43.863426 	44.283180 	46.615448 	
110.208893 	173.657715 	63.071388 	97.616600 	66.708321 	66.309875 	10.770329 	103.353760 	110.145355 	159.665268 	106.004715 	143.753265 	77.420929 	83.234612 	94.847244 	157.114609 	183.152939 	110.941429 	177.519012 	19.235384 	166.604324 	94.021271 	999.000000 	161.969131 	104.216118 	105.118980 	107.786827 	109.123779 	157.610275 	165.556641 	159.012573 	101.019798 	103.619499 	161.604462 	105.848946 	104.177734 	102.528046 	102.181213 	109.562767 	100.244698 	106.625511 	107.224068 	105.621971 	100.224747 	101.607086 	106.099007 	105.905617 	103.576057 	98.994949 	104.393486 	103.247276 	98.731964 	102.825096 	102.703453 	124.663544 	124.149101 	121.655251 	122.808792 	126.301224 	122.188377 	125.299644 	127.577431 	127.424484 	130.541183 	
52.345009 	30.083218 	101.980392 	68.007355 	99.357941 	100.124924 	167.409683 	63.812225 	56.938564 	3.000000 	62.265560 	29.274563 	84.899940 	79.208588 	74.094536 	5.000000 	28.160255 	57.706154 	20.223749 	145.725769 	6.082763 	75.802376 	161.969131 	999.000000 	65.764732 	65.299309 	62.609905 	61.269894 	7.000000 	3.605551 	6.082763 	72.917763 	70.263786 	8.602325 	68.541962 	70.774292 	73.006851 	73.925636 	67.067131 	77.077881 	70.576202 	71.168816 	73.389374 	86.330757 	88.600227 	84.646324 	85.615417 	88.056801 	93.005379 	88.769363 	89.988892 	94.921021 	92.892410 	93.861603 	73.109505 	80.056229 	83.150467 	82.097504 	79.006332 	86.092972 	85.005882 	83.006027 	84.005951 	83.096329 	
20.615528 	88.294960 	41.146080 	9.486833 	37.589893 	38.078865 	111.789978 	5.000000 	9.219544 	64.404968 	4.000000 	62.032249 	31.000000 	26.172504 	9.433981 	60.827625 	92.477028 	8.062258 	85.088188 	85.959290 	71.554176 	10.630146 	104.216118 	65.764732 	999.000000 	1.000000 	3.605551 	5.000000 	59.682495 	68.963760 	61.057350 	8.000000 	6.324555 	62.425957 	6.403124 	7.615773 	9.219544 	10.198039 	9.433981 	13.038404 	10.000000 	11.401754 	12.529964 	24.331051 	27.658634 	26.000000 	26.925823 	28.160255 	31.257000 	29.410883 	30.083218 	33.241539 	32.984844 	33.955853 	30.886890 	35.608986 	36.069378 	36.124783 	36.619667 	38.897301 	40.360870 	40.607880 	41.231056 	43.011627 	
20.880613 	88.073830 	42.047592 	10.440307 	38.470768 	38.948685 	112.720894 	5.656854 	9.055386 	63.976559 	4.123106 	62.008064 	32.000000 	27.166155 	10.295630 	60.373837 	92.114059 	7.615773 	84.693565 	86.833176 	71.112587 	11.401754 	105.118980 	65.299309 	1.000000 	999.000000 	2.828427 	4.242640 	59.169250 	68.476273 	60.539242 	8.062258 	6.082763 	61.854668 	5.830952 	7.280110 	9.055386 	10.049875 	8.602325 	13.000000 	9.433981 	10.816654 	12.083046 	24.186773 	27.459061 	25.632011 	26.570660 	27.892651 	31.144823 	29.120440 	29.832869 	33.136082 	32.756680 	33.734257 	30.016663 	34.828148 	35.355339 	35.383614 	35.805027 	38.209946 	39.623226 	39.824615 	40.459858 	42.201897 	
19.697716 	85.702972 	44.721359 	12.041595 	41.182522 	41.677334 	115.316956 	6.324555 	7.071068 	61.326992 	3.605551 	60.008331 	34.058773 	29.017237 	13.038404 	57.697487 	89.537704 	5.099020 	82.079231 	89.554451 	68.447060 	14.212670 	107.786827 	62.609905 	3.605551 	2.828427 	999.000000 	1.414214 	56.435802 	65.764732 	57.801384 	10.440307 	8.062258 	59.076221 	7.071068 	9.000000 	11.045361 	12.041595 	8.602325 	15.132746 	10.440307 	11.704700 	13.341664 	26.019224 	29.154760 	26.925823 	27.892651 	29.427877 	33.015148 	30.594116 	31.400637 	35.014282 	34.365681 	35.355339 	29.410883 	34.655445 	35.468296 	35.383614 	35.468296 	38.418747 	39.623226 	39.623226 	40.311287 	41.868843 	
19.235384 	84.528099 	46.065170 	13.000000 	42.544094 	43.046486 	116.619041 	7.071068 	6.324555 	60.008331 	4.123106 	59.033890 	35.128338 	30.000000 	14.422205 	56.364883 	88.255310 	4.000000 	80.777473 	90.917542 	67.119293 	15.620500 	109.123779 	61.269894 	5.000000 	4.242640 	1.414214 	999.000000 	55.072678 	64.412735 	56.435802 	11.704700 	9.219544 	57.688820 	8.000000 	10.049875 	12.165525 	13.152946 	8.944272 	16.278820 	11.180340 	12.369317 	14.142136 	27.000000 	30.066593 	27.658634 	28.635643 	30.265491 	34.000000 	31.400637 	32.249031 	36.000000 	35.227829 	36.221542 	29.206163 	34.655445 	35.608986 	35.468296 	35.383614 	38.600517 	39.698868 	39.597980 	40.311287 	41.773197 	
47.507893 	36.687874 	96.876213 	62.481998 	94.111633 	94.847244 	163.367691 	58.008621 	51.039200 	7.615773 	56.302753 	31.016125 	80.280754 	74.518456 	68.242218 	4.242640 	35.128338 	51.623638 	27.166155 	141.014191 	13.038404 	69.892776 	157.610275 	7.000000 	59.682495 	59.169250 	56.435802 	55.072678 	999.000000 	9.486833 	1.414214 	66.648331 	63.953106 	5.000000 	62.169125 	64.404968 	66.640831 	67.542580 	60.539242 	70.682388 	64.078079 	64.621979 	66.850578 	79.711983 	81.908485 	77.884529 	78.847954 	81.320351 	86.330757 	82.006096 	83.240616 	88.232651 	86.127815 	87.091904 	66.121101 	73.061615 	76.164299 	75.106590 	72.006943 	79.101204 	78.006409 	76.006577 	77.006493 	76.105194 	
55.865910 	29.529646 	105.475113 	71.400284 	102.825096 	103.585716 	171.011688 	67.119293 	60.207973 	6.324555 	65.513359 	32.062439 	88.459030 	82.758682 	77.388626 	8.485281 	26.000000 	60.901562 	18.000000 	149.281616 	4.472136 	79.075912 	165.556641 	3.605551 	68.963760 	68.476273 	65.764732 	64.412735 	9.486833 	999.000000 	8.246211 	76.026314 	73.348480 	9.219544 	71.589104 	73.824112 	76.059189 	76.967529 	70.007141 	80.112419 	73.539108 	74.094536 	76.321686 	89.196411 	91.394745 	87.361320 	88.323273 	90.801979 	95.817535 	91.482239 	92.720009 	97.718987 	95.603348 	96.566040 	75.325958 	82.219215 	85.375641 	84.291161 	81.098709 	88.277969 	87.091904 	85.023529 	86.023254 	85.005882 	
48.918301 	36.055511 	98.290382 	63.890530 	95.524864 	96.260063 	164.757401 	59.405388 	52.430908 	7.211102 	57.688820 	31.622776 	81.688431 	75.927597 	69.634758 	4.472136 	34.058773 	53.000000 	26.076809 	142.425415 	12.000000 	71.281136 	159.012573 	6.082763 	61.057350 	60.539242 	57.801384 	56.435802 	1.414214 	8.246211 	999.000000 	68.000000 	65.299309 	4.123106 	63.505905 	65.741920 	67.977936 	68.876701 	61.846584 	72.013885 	65.391129 	65.924202 	68.154236 	80.993828 	83.168503 	79.120163 	80.081207 	82.565125 	87.595665 	83.240616 	84.480766 	89.493019 	87.361320 	88.323273 	67.186310 	74.108032 	77.233414 	76.164299 	73.027390 	80.156097 	79.025314 	77.000000 	78.000000 	77.058418 	
28.442924 	96.104111 	38.327538 	14.212670 	34.481880 	34.785053 	109.110039 	12.369317 	17.117243 	71.693794 	12.000000 	70.028564 	32.015621 	28.231188 	8.544003 	68.029404 	99.959991 	15.524175 	92.477028 	82.346825 	78.790863 	8.062258 	101.019798 	72.917763 	8.000000 	8.062258 	10.440307 	11.704700 	66.648331 	76.026314 	68.000000 	999.000000 	2.828427 	69.115845 	5.000000 	3.162278 	2.236068 	2.828427 	8.544003 	5.099020 	6.000000 	7.071068 	6.708204 	16.492422 	19.924858 	18.867962 	19.723083 	20.615528 	23.345236 	21.931713 	22.472204 	25.317978 	25.298222 	26.248810 	27.892651 	31.304953 	31.064449 	31.384710 	32.695564 	33.600594 	35.510563 	36.235340 	36.715118 	38.910152 	
26.925823 	93.744331 	40.804413 	14.212670 	37.000000 	37.336308 	111.628853 	11.180340 	15.000000 	69.079666 	10.198039 	68.000000 	33.541019 	29.410883 	10.049875 	65.391129 	97.406364 	13.152946 	89.888817 	85.000000 	76.157730 	10.049875 	103.619499 	70.263786 	6.324555 	6.082763 	8.062258 	9.219544 	63.953106 	73.348480 	65.299309 	2.828427 	999.000000 	66.370171 	2.236068 	1.414214 	3.000000 	4.000000 	6.082763 	7.071068 	4.472136 	5.830952 	6.403124 	18.110771 	21.377558 	19.697716 	20.615528 	21.840330 	25.079872 	23.086792 	23.769728 	27.073973 	26.683329 	27.658634 	26.570660 	30.528675 	30.610456 	30.805843 	31.764761 	33.301651 	35.000000 	35.510563 	36.055511 	38.078865 	
51.400391 	38.483765 	100.448990 	65.795135 	97.580734 	98.290382 	167.523132 	61.073727 	54.037025 	10.630146 	59.203041 	35.735138 	84.202141 	78.409180 	71.217972 	8.544003 	35.057095 	54.405884 	27.073973 	144.810226 	13.601471 	72.801102 	161.604462 	8.602325 	62.425957 	61.854668 	59.076221 	57.688820 	5.000000 	9.219544 	4.123106 	69.115845 	66.370171 	999.000000 	64.498062 	66.730804 	68.963760 	69.835518 	62.609905 	72.945183 	66.189125 	66.640831 	68.876701 	81.541397 	83.570328 	79.378838 	80.324341 	82.873398 	88.022728 	83.486526 	84.758484 	89.888817 	87.595665 	88.543777 	66.610809 	73.437050 	76.655075 	75.538071 	72.249565 	79.511009 	78.230431 	76.105194 	77.103828 	76.006577 	
26.570660 	92.395889 	43.011627 	15.264338 	39.217342 	39.560081 	113.841995 	11.401754 	14.142136 	67.416618 	9.848858 	67.029846 	35.355339 	31.048349 	12.000000 	63.694584 	95.817535 	12.000000 	88.255310 	87.235313 	74.464760 	12.165525 	105.848946 	68.541962 	6.403124 	5.830952 	7.071068 	8.000000 	62.169125 	71.589104 	63.505905 	5.000000 	2.236068 	64.498062 	999.000000 	2.236068 	4.472136 	5.385165 	4.000000 	8.544003 	3.605551 	5.000000 	6.324555 	19.000000 	22.090721 	19.924858 	20.880613 	22.360680 	26.000000 	23.537205 	24.331051 	28.000000 	27.294687 	28.284271 	25.079872 	29.410883 	29.732138 	29.832869 	30.528675 	32.526913 	34.058773 	34.409302 	35.000000 	36.891735 	
28.160255 	94.540993 	41.484936 	15.620500 	37.643059 	37.947330 	112.271988 	12.529964 	16.031219 	69.641945 	11.401754 	69.007248 	34.713108 	30.675724 	11.180340 	65.924202 	98.030609 	14.035668 	90.476517 	85.492691 	76.694199 	11.000000 	104.177734 	70.774292 	7.615773 	7.280110 	9.000000 	10.049875 	64.404968 	73.824112 	65.741920 	3.162278 	1.414214 	66.730804 	2.236068 	999.000000 	2.236068 	3.162278 	5.385165 	6.324555 	3.162278 	4.472136 	5.000000 	17.029387 	20.223749 	18.384777 	19.313208 	20.615528 	24.020824 	21.840330 	22.561028 	26.019224 	25.495098 	26.476404 	25.298222 	29.154760 	29.206163 	29.410883 	30.413813 	31.890438 	33.600594 	34.132095 	34.669872 	36.715118 	
29.832869 	96.690224 	40.024994 	16.278820 	36.138622 	36.400551 	110.724884 	13.928389 	18.000000 	71.867935 	13.152946 	71.000000 	34.205261 	30.463093 	10.770329 	68.154236 	100.244698 	16.124516 	92.698433 	83.773506 	78.924011 	10.198039 	102.528046 	73.006851 	9.219544 	9.055386 	11.045361 	12.165525 	66.640831 	76.059189 	67.977936 	2.236068 	3.000000 	68.963760 	4.472136 	2.236068 	999.000000 	1.000000 	7.211102 	4.123106 	4.123106 	5.000000 	4.472136 	15.132746 	18.439089 	17.000000 	17.888544 	18.973665 	22.090721 	20.248457 	20.880613 	24.083189 	23.769728 	24.738634 	25.709921 	29.068884 	28.844410 	29.154760 	30.463093 	31.400637 	33.286633 	34.000000 	34.481880 	36.674240 	
30.805843 	97.672920 	39.812057 	17.029387 	35.902645 	36.138622 	110.440025 	14.866069 	19.000000 	72.801102 	14.142136 	72.000000 	34.481880 	30.870699 	11.180340 	69.079666 	101.192886 	17.117243 	93.637596 	83.384651 	79.849861 	10.440307 	102.181213 	73.925636 	10.198039 	10.049875 	12.041595 	13.152946 	67.542580 	76.967529 	68.876701 	2.828427 	4.000000 	69.835518 	5.385165 	3.162278 	1.000000 	999.000000 	7.810250 	3.162278 	4.472136 	5.099020 	4.123106 	14.142136 	17.464249 	16.124516 	17.000000 	18.027756 	21.095022 	19.313208 	19.924858 	23.086792 	22.803509 	23.769728 	25.495098 	28.635643 	28.301943 	28.653097 	30.083218 	30.805843 	32.756680 	33.541019 	34.000000 	36.249138 	
28.178005 	91.787796 	46.840153 	18.788294 	43.011627 	43.324360 	117.643532 	14.212670 	15.231546 	66.098412 	12.041595 	67.268120 	39.319206 	34.928497 	16.000000 	62.297672 	94.641426 	12.649111 	86.977005 	90.873535 	73.054771 	16.124516 	109.562767 	67.067131 	9.433981 	8.602325 	8.602325 	8.944272 	60.539242 	70.007141 	61.846584 	8.544003 	6.082763 	62.609905 	4.000000 	5.385165 	7.211102 	7.810250 	999.000000 	10.630146 	3.605551 	4.123106 	6.324555 	19.416489 	22.090721 	19.104973 	20.099751 	22.000000 	26.305893 	23.021729 	24.000000 	28.284271 	27.000000 	28.000000 	21.470911 	26.248810 	26.907248 	26.870058 	27.202942 	29.832869 	31.112698 	31.240999 	31.890438 	33.600594 	
33.541019 	100.806747 	38.327538 	18.867962 	34.365681 	34.525352 	108.669220 	17.464249 	22.022715 	75.960518 	17.029387 	75.006668 	34.539833 	31.384710 	12.041595 	72.235725 	104.355164 	20.223749 	96.798759 	81.344948 	83.006027 	10.816654 	100.244698 	77.077881 	13.038404 	13.000000 	15.132746 	16.278820 	70.682388 	80.112419 	72.013885 	5.099020 	7.071068 	72.945183 	8.544003 	6.324555 	4.123106 	3.162278 	10.630146 	999.000000 	7.071068 	7.211102 	5.385165 	11.401754 	14.866069 	14.212670 	15.000000 	15.652476 	18.248287 	17.000000 	17.464249 	20.223749 	20.248457 	21.189621 	26.076809 	28.460499 	27.730848 	28.231188 	30.083218 	30.016663 	32.202484 	33.241539 	33.615471 	36.055511 	
30.083218 	95.036835 	44.147480 	18.601076 	40.261642 	40.521599 	114.843369 	15.000000 	17.464249 	69.570107 	13.416408 	70.114189 	37.854988 	33.837849 	14.317822 	65.787537 	98.081596 	15.132746 	90.443352 	87.846458 	76.550636 	14.035668 	106.625511 	70.576202 	10.000000 	9.433981 	10.440307 	11.180340 	64.078079 	73.539108 	65.391129 	6.000000 	4.472136 	66.189125 	3.605551 	3.162278 	4.123106 	4.472136 	3.605551 	7.071068 	999.000000 	1.414214 	3.000000 	16.124516 	19.000000 	16.492422 	17.464249 	19.104973 	23.086792 	20.223749 	21.095022 	25.079872 	24.083189 	25.079872 	22.135944 	26.076809 	26.248810 	26.400757 	27.294687 	29.000000 	30.610456 	31.064449 	31.622776 	33.615471 	
31.384710 	95.885345 	44.911022 	20.000000 	41.000000 	41.231056 	115.520561 	16.401220 	18.681541 	70.213959 	14.764823 	71.175842 	39.051247 	35.114101 	15.524175 	66.407829 	98.762344 	16.278820 	91.093361 	88.391174 	77.162170 	15.132746 	107.224068 	71.168816 	11.401754 	10.816654 	11.704700 	12.369317 	64.621979 	74.094536 	65.924202 	7.071068 	5.830952 	66.640831 	5.000000 	4.472136 	5.000000 	5.099020 	4.123106 	7.211102 	1.414214 	999.000000 	2.236068 	15.297058 	18.027756 	15.297058 	16.278820 	18.027756 	22.203604 	19.104973 	20.024984 	24.186773 	23.021729 	24.020824 	20.880613 	24.698177 	24.839485 	25.000000 	25.942244 	27.586229 	29.206163 	29.681644 	30.232433 	32.249031 	
32.893768 	98.005104 	43.566040 	20.518284 	39.623226 	39.812057 	114.017540 	17.492855 	20.396078 	72.422371 	16.155495 	73.109505 	38.600517 	34.928497 	15.231546 	68.622154 	100.960388 	18.110771 	93.300591 	86.729462 	79.378838 	14.560220 	105.621971 	73.389374 	12.529964 	12.083046 	13.341664 	14.142136 	66.850578 	76.321686 	68.154236 	6.708204 	6.403124 	68.876701 	6.324555 	5.000000 	4.472136 	4.123106 	6.324555 	5.385165 	3.000000 	2.236068 	999.000000 	13.152946 	16.000000 	13.601471 	14.560220 	16.124516 	20.099751 	17.262676 	18.110771 	22.090721 	21.095022 	22.090721 	21.377558 	24.596748 	24.413111 	24.698177 	26.000000 	27.018513 	28.844410 	29.529646 	30.016663 	32.202484 	
44.911022 	111.157547 	41.436699 	29.966648 	37.483330 	37.336308 	109.329773 	28.861740 	33.060551 	85.440041 	28.284271 	86.023254 	42.438190 	40.360870 	22.472204 	81.608826 	114.017540 	31.000000 	106.320274 	81.024689 	92.347168 	20.808653 	100.224747 	86.330757 	24.331051 	24.186773 	26.019224 	27.000000 	79.711983 	89.196411 	80.993828 	16.492422 	18.110771 	81.541397 	19.000000 	17.029387 	15.132746 	14.142136 	19.416489 	11.401754 	16.124516 	15.297058 	13.152946 	999.000000 	3.605551 	6.000000 	6.082763 	5.000000 	7.000000 	6.403124 	6.403124 	9.000000 	8.944272 	9.848858 	24.698177 	24.083189 	22.022715 	23.000000 	26.172504 	23.345236 	26.172504 	28.017851 	28.071337 	31.016125 	
48.270073 	113.863953 	43.931767 	33.541019 	40.024994 	39.812057 	110.887329 	32.280025 	36.221542 	87.800911 	31.575306 	89.089844 	45.803928 	43.863426 	26.076809 	83.934502 	116.417351 	34.058773 	108.669220 	82.377182 	94.641426 	24.413111 	101.607086 	88.600227 	27.658634 	27.459061 	29.154760 	30.066593 	81.908485 	91.394745 	83.168503 	19.924858 	21.377558 	83.570328 	22.090721 	20.223749 	18.439089 	17.464249 	22.090721 	14.866069 	19.000000 	18.027756 	16.000000 	3.605551 	999.000000 	5.000000 	4.472136 	2.000000 	4.472136 	3.162278 	2.828427 	6.324555 	5.385165 	6.324555 	24.186773 	22.561028 	20.099751 	21.213203 	24.738634 	21.023796 	24.000000 	26.076809 	26.019224 	29.068884 	
46.486557 	110.453613 	47.381432 	33.015148 	43.416588 	43.289722 	115.260574 	30.870699 	33.955853 	83.952370 	29.732138 	86.371292 	47.507893 	45.000000 	26.172504 	80.049988 	112.587746 	31.575306 	104.785492 	86.884979 	90.708321 	24.758837 	106.099007 	84.646324 	26.000000 	25.632011 	26.925823 	27.658634 	77.884529 	87.361320 	79.120163 	18.867962 	19.697716 	79.378838 	19.924858 	18.384777 	17.000000 	16.124516 	19.104973 	14.212670 	16.492422 	15.297058 	13.601471 	6.000000 	5.000000 	999.000000 	1.000000 	3.605551 	9.219544 	4.123106 	5.385165 	10.816654 	8.246211 	9.219544 	19.235384 	18.110771 	16.031219 	17.000000 	20.223749 	17.464249 	20.223749 	22.022715 	22.090721 	25.019993 	
47.434166 	111.449539 	47.518417 	33.837849 	43.566040 	43.416588 	115.117332 	31.780497 	34.928497 	84.929382 	30.675724 	87.367043 	48.020828 	45.607018 	26.907248 	81.024689 	113.564957 	32.557640 	105.759163 	86.683334 	91.678787 	25.455845 	105.905617 	85.615417 	26.925823 	26.570660 	27.892651 	28.635643 	78.847954 	88.323273 	80.081207 	19.723083 	20.615528 	80.324341 	20.880613 	19.313208 	17.888544 	17.000000 	20.099751 	15.000000 	17.464249 	16.278820 	14.560220 	6.082763 	4.472136 	1.000000 	999.000000 	2.828427 	8.485281 	3.162278 	4.472136 	10.000000 	7.280110 	8.246211 	19.723083 	18.248287 	16.000000 	17.029387 	20.396078 	17.262676 	20.099751 	22.000000 	22.022715 	25.000000 	
48.764740 	113.635384 	45.891174 	34.481880 	41.976185 	41.773197 	112.871605 	32.893768 	36.496574 	87.321243 	32.015621 	89.202019 	47.434166 	45.343136 	27.202942 	83.432610 	115.952576 	34.234486 	108.171158 	84.344528 	94.111633 	25.612497 	103.576057 	88.056801 	28.160255 	27.892651 	29.427877 	30.265491 	81.320351 	90.801979 	82.565125 	20.615528 	21.840330 	82.873398 	22.360680 	20.615528 	18.973665 	18.027756 	22.000000 	15.652476 	19.104973 	18.027756 	16.124516 	5.000000 	2.000000 	3.605551 	2.828427 	999.000000 	5.656854 	1.414214 	2.000000 	7.211102 	5.000000 	6.000000 	22.472204 	20.615528 	18.110771 	19.235384 	22.803509 	19.026299 	22.000000 	24.083189 	24.020824 	27.073973 	
51.788029 	118.088951 	43.011627 	36.400551 	39.217342 	38.897301 	108.461975 	35.693138 	40.049969 	92.179176 	35.227829 	93.021500 	46.754681 	45.343136 	28.635643 	88.323273 	120.784935 	38.000000 	113.053085 	79.762146 	99.040398 	26.832815 	98.994949 	93.005379 	31.257000 	31.144823 	33.015148 	34.000000 	86.330757 	95.817535 	87.595665 	23.345236 	25.079872 	88.022728 	26.000000 	24.020824 	22.090721 	21.095022 	26.305893 	18.248287 	23.086792 	22.203604 	20.099751 	7.000000 	4.472136 	9.219544 	8.485281 	5.656854 	999.000000 	5.830952 	4.472136 	2.000000 	4.123106 	4.472136 	28.017851 	25.632011 	22.803509 	24.041630 	27.856777 	23.194826 	26.305893 	28.635643 	28.442924 	31.575306 	
50.000000 	114.529472 	47.074409 	35.846897 	43.174065 	42.953465 	113.745331 	34.176014 	37.656342 	88.073830 	33.241539 	90.271812 	48.826221 	46.754681 	28.600698 	84.172440 	116.709038 	35.355339 	108.908218 	85.158676 	94.831429 	27.018513 	104.393486 	88.769363 	29.410883 	29.120440 	30.594116 	31.400637 	82.006096 	91.482239 	83.240616 	21.931713 	23.086792 	83.486526 	23.537205 	21.840330 	20.248457 	19.313208 	23.021729 	17.000000 	20.223749 	19.104973 	17.262676 	6.403124 	3.162278 	4.123106 	3.162278 	1.414214 	5.830952 	999.000000 	1.414214 	7.071068 	4.123106 	5.099020 	22.203604 	19.924858 	17.262676 	18.439089 	22.135944 	18.000000 	21.023796 	23.194826 	23.086792 	26.172504 	
50.695168 	115.624390 	46.324940 	36.235340 	42.449970 	42.201897 	112.641022 	34.785053 	38.470768 	89.269257 	33.955853 	91.197586 	48.600410 	46.690472 	28.844410 	85.375641 	117.902504 	36.221542 	110.113579 	84.011902 	96.046867 	27.202942 	103.247276 	89.988892 	30.083218 	29.832869 	31.400637 	32.249031 	83.240616 	92.720009 	84.480766 	22.472204 	23.769728 	84.758484 	24.331051 	22.561028 	20.880613 	19.924858 	24.000000 	17.464249 	21.095022 	20.024984 	18.110771 	6.403124 	2.828427 	5.385165 	4.472136 	2.000000 	4.472136 	1.414214 	999.000000 	5.656854 	3.000000 	4.000000 	23.600847 	21.189621 	18.439089 	19.646883 	23.409399 	19.026299 	22.090721 	24.331051 	24.186773 	27.294687 	
53.758720 	120.070816 	43.657761 	38.275318 	39.924931 	39.560081 	108.295891 	37.656342 	42.047592 	94.111633 	37.215588 	95.021049 	48.104053 	46.861500 	30.463093 	90.249657 	122.723267 	40.000000 	114.982605 	79.511009 	100.960388 	28.635643 	98.731964 	94.921021 	33.241539 	33.136082 	35.014282 	36.000000 	88.232651 	97.718987 	89.493019 	25.317978 	27.073973 	89.888817 	28.000000 	26.019224 	24.083189 	23.086792 	28.284271 	20.223749 	25.079872 	24.186773 	22.090721 	9.000000 	6.324555 	10.816654 	10.000000 	7.211102 	2.000000 	7.071068 	5.656854 	999.000000 	4.123106 	4.000000 	29.206163 	26.400757 	23.409399 	24.698177 	28.635643 	23.537205 	26.683329 	29.120440 	28.861740 	32.015621 	
53.600372 	118.608597 	47.127487 	38.910152 	43.324360 	43.011627 	112.361023 	37.643059 	41.436699 	92.195442 	36.878178 	94.191292 	50.447994 	48.795490 	31.384710 	88.294960 	120.830460 	39.204590 	113.030968 	83.600243 	98.954536 	29.681644 	102.825096 	92.892410 	32.984844 	32.756680 	34.365681 	35.227829 	86.127815 	95.603348 	87.361320 	25.298222 	26.683329 	87.595665 	27.294687 	25.495098 	23.769728 	22.803509 	27.000000 	20.248457 	24.083189 	23.021729 	21.095022 	8.944272 	5.385165 	8.246211 	7.280110 	5.000000 	4.123106 	4.123106 	3.000000 	4.123106 	999.000000 	1.000000 	25.495098 	22.360680 	19.313208 	20.615528 	24.596748 	19.416489 	22.561028 	25.000000 	24.738634 	27.892651 	
54.571056 	119.603508 	47.434166 	39.812057 	43.657761 	43.324360 	112.285347 	38.600517 	42.426407 	93.171883 	37.854988 	95.189285 	51.088158 	49.517673 	32.249031 	89.269257 	121.807228 	40.199501 	114.004387 	83.486526 	99.924973 	30.528675 	102.703453 	93.861603 	33.955853 	33.734257 	35.355339 	36.221542 	87.091904 	96.566040 	88.323273 	26.248810 	27.658634 	88.543777 	28.284271 	26.476404 	24.738634 	23.769728 	28.000000 	21.189621 	25.079872 	24.020824 	22.090721 	9.848858 	6.324555 	9.219544 	8.246211 	6.000000 	4.472136 	5.099020 	4.000000 	4.000000 	1.000000 	999.000000 	26.172504 	22.825424 	19.697716 	21.023796 	25.059929 	19.646883 	22.803509 	25.298222 	25.000000 	28.160255 	
47.423622 	101.242287 	64.070274 	40.249222 	60.074955 	60.133186 	133.555237 	35.510563 	34.655445 	73.006851 	33.015148 	80.956779 	59.908264 	55.973209 	36.400551 	69.007248 	101.242287 	31.827662 	93.263069 	105.513031 	79.158073 	35.902645 	124.663544 	73.109505 	30.886890 	30.016663 	29.410883 	29.206163 	66.121101 	75.325958 	67.186310 	27.892651 	26.570660 	66.610809 	25.079872 	25.298222 	25.709921 	25.495098 	21.470911 	26.076809 	22.135944 	20.880613 	21.377558 	24.698177 	24.186773 	19.235384 	19.723083 	22.472204 	28.017851 	22.203604 	23.600847 	29.206163 	25.495098 	26.172504 	999.000000 	7.071068 	10.049875 	9.000000 	6.708204 	13.000000 	12.369317 	11.180340 	12.083046 	12.806249 	
53.413483 	108.295891 	65.122963 	44.654228 	61.131008 	61.073727 	133.360413 	40.459858 	40.459858 	80.000000 	38.209946 	87.931793 	62.968246 	59.506302 	39.812057 	76.000000 	108.166542 	37.643059 	100.179840 	104.923782 	86.092972 	39.000000 	124.149101 	80.056229 	35.608986 	34.828148 	34.655445 	34.655445 	73.061615 	82.219215 	74.108032 	31.304953 	30.528675 	73.437050 	29.410883 	29.154760 	29.068884 	28.635643 	26.248810 	28.460499 	26.076809 	24.698177 	24.596748 	24.083189 	22.561028 	18.110771 	18.248287 	20.615528 	25.632011 	19.924858 	21.189621 	26.400757 	22.360680 	22.825424 	7.071068 	999.000000 	3.605551 	2.236068 	2.236068 	6.082763 	5.385165 	5.000000 	5.656854 	7.615773 	
