Total assets = 890
Number of asset nodes = 50

Distance:
999.000000 	9.055386 	10.630146 	102.449989 	99.201813 	47.518417 	132.276230 	34.525352 	46.043457 	70.519501 	47.042534 	128.035156 	52.239830 	44.045429 	73.375748 	48.000000 	51.009804 	76.243034 	43.566040 	38.600517 	131.711807 	75.690155 	135.148071 	72.780495 	76.400261 	114.586212 	42.379242 	42.720020 	37.121422 	73.979729 	31.064449 	46.840153 	31.144823 	44.011364 	38.078865 	69.180923 	133.225372 	120.415947 	141.675690 	46.238514 	47.759815 	34.014702 	76.655075 	48.104053 	39.560081 	116.846054 	36.055511 	138.057953 	35.355339 	46.872166 	45.276924 	143.282944 	122.449989 	141.354172 	43.829212 	75.239616 	80.752708 	47.707443 	121.803123 	47.010635 	124.169243 	45.617977 	140.417236 	78.230431 	38.327538 	
9.055386 	999.000000 	8.062258 	94.921021 	91.547798 	38.470768 	125.495018 	25.961510 	37.013512 	61.684681 	38.013157 	120.933868 	43.185646 	35.128338 	64.513565 	39.012817 	42.000000 	67.357254 	34.928497 	30.463093 	124.458832 	66.760765 	127.988281 	63.788715 	67.446274 	106.508217 	34.438351 	34.885529 	42.801868 	64.938431 	32.756680 	38.626415 	32.557640 	36.235340 	43.266617 	60.133186 	125.606529 	112.329872 	134.380051 	38.470768 	39.812057 	35.902645 	67.601776 	40.249222 	44.418465 	108.558739 	38.600517 	130.483719 	36.221542 	53.150730 	51.224995 	135.882309 	114.280357 	133.869339 	49.406479 	66.189125 	71.700768 	53.907330 	113.534134 	52.801514 	115.965515 	51.039200 	132.774246 	69.180923 	39.204590 	
10.630146 	8.062258 	999.000000 	101.118744 	97.621719 	41.436699 	132.279999 	26.019224 	39.051247 	65.741920 	40.024994 	127.475487 	45.607018 	36.345562 	68.447060 	40.607880 	43.737854 	71.175842 	35.000000 	29.274563 	130.862518 	70.384659 	134.469330 	67.067131 	70.936592 	112.004463 	32.756680 	32.984844 	36.069378 	67.720009 	24.738634 	37.483330 	24.515301 	34.205261 	36.235340 	62.169125 	131.643463 	117.800682 	140.730240 	36.400551 	38.078865 	27.892651 	70.092796 	38.327538 	37.202152 	113.718948 	30.675724 	136.561340 	28.160255 	46.690472 	44.553337 	142.130219 	119.620232 	140.035706 	42.520584 	68.249542 	74.215904 	47.381432 	118.713943 	46.010868 	121.247681 	44.045429 	138.773193 	71.196907 	31.144823 	
102.449989 	94.921021 	101.118744 	999.000000 	4.123106 	65.863495 	33.837849 	83.761566 	70.710678 	43.965897 	70.235321 	27.294687 	65.306969 	75.179787 	43.174065 	71.554176 	69.354164 	42.579338 	80.062477 	86.452301 	30.000000 	44.553337 	33.837849 	48.836460 	45.398239 	17.262676 	87.658424 	88.549423 	137.178711 	52.469040 	122.918671 	84.581322 	122.286552 	89.000000 	137.207870 	60.016663 	30.805843 	22.000000 	39.698868 	89.050545 	87.321243 	125.876923 	54.147945 	88.238312 	137.974640 	23.086792 	129.321304 	35.608986 	124.201447 	147.800537 	145.664001 	41.012192 	25.019993 	38.948685 	143.558350 	58.215118 	53.000000 	148.499161 	26.305893 	147.085007 	27.018513 	145.000000 	38.013157 	58.034473 	126.605690 	
99.201813 	91.547798 	97.621719 	4.123106 	999.000000 	61.911228 	37.947330 	79.881165 	66.730804 	39.849716 	66.241982 	31.304953 	61.269894 	71.196907 	39.051247 	67.535179 	65.306969 	38.470768 	76.059189 	82.492424 	33.837849 	40.447498 	37.735924 	44.721359 	41.303753 	18.027756 	83.648071 	84.534019 	133.660019 	48.373547 	119.205704 	80.529495 	118.562218 	84.970581 	133.645050 	55.901699 	34.058773 	23.345236 	43.416588 	85.000000 	83.258636 	122.147453 	50.089920 	84.172440 	134.380051 	23.194826 	125.606529 	38.948685 	120.420097 	144.312164 	142.144287 	44.598206 	26.172504 	42.426407 	140.007141 	54.147945 	49.010204 	145.000000 	27.000000 	143.544418 	28.160255 	141.428421 	41.231056 	54.009258 	122.800652 	
47.518417 	38.470768 	41.436699 	65.863495 	61.911228 	999.000000 	99.282425 	18.384777 	5.099020 	25.000000 	5.000000 	93.150414 	5.385165 	9.486833 	27.459061 	7.071068 	7.211102 	30.016663 	14.560220 	20.591261 	95.718338 	29.068884 	99.644371 	25.632011 	29.546574 	73.593475 	22.135944 	23.086792 	75.471848 	26.476404 	58.898216 	20.099751 	58.137768 	23.769728 	74.886581 	22.090721 	94.810333 	79.208588 	105.118980 	24.331051 	23.086792 	61.619801 	29.154760 	24.083189 	75.213028 	74.330345 	65.192024 	99.809822 	59.396969 	86.284416 	83.761566 	106.018867 	80.622574 	103.600197 	81.271149 	28.017851 	33.241539 	86.821655 	79.309517 	84.876381 	82.073135 	82.419655 	101.671036 	31.016125 	61.554855 	
132.276230 	125.495018 	132.279999 	33.837849 	37.947330 	99.282425 	999.000000 	116.846054 	104.216118 	77.794601 	103.788246 	8.246211 	99.005051 	108.687622 	76.922035 	105.190300 	103.077644 	76.157730 	113.635384 	119.854080 	10.630146 	78.102493 	8.944272 	82.462112 	78.854294 	35.510563 	121.247681 	122.155640 	168.240906 	85.906929 	155.080627 	118.308914 	154.508896 	122.653984 	168.514099 	93.621582 	19.798990 	33.837849 	15.132746 	122.772148 	121.078484 	158.113876 	87.298340 	122.004097 	169.452057 	40.521599 	161.471359 	19.723083 	156.706726 	178.644897 	176.694656 	18.248287 	35.846897 	18.973665 	174.774139 	91.411156 	85.708809 	179.401779 	39.000000 	178.227386 	36.674240 	176.323563 	22.360680 	90.934044 	159.223114 	
34.525352 	25.961510 	26.019224 	83.761566 	79.881165 	18.384777 	116.846054 	999.000000 	14.422205 	43.278172 	15.264338 	110.981979 	21.095022 	10.770329 	45.607018 	15.231546 	18.384777 	48.010414 	9.055386 	5.830952 	113.718948 	46.872166 	117.596771 	43.046486 	47.169907 	91.967384 	10.000000 	10.816654 	57.706154 	42.953465 	40.607880 	13.038404 	39.824615 	12.206555 	56.938564 	36.687874 	113.070778 	97.590981 	123.223373 	14.212670 	14.866069 	43.278172 	44.944408 	15.556349 	57.140179 	92.698433 	46.861500 	118.067780 	41.012192 	68.476273 	65.863495 	124.201447 	99.005051 	121.823647 	63.285069 	42.720020 	49.040798 	68.963760 	97.672920 	66.887962 	100.448990 	64.350601 	119.970833 	45.607018 	43.185646 	
46.043457 	37.013512 	39.051247 	70.710678 	66.730804 	5.099020 	104.216118 	14.422205 	999.000000 	29.000000 	1.000000 	98.005104 	6.708204 	4.472136 	31.240999 	2.828427 	5.099020 	33.600594 	9.486833 	15.811388 	100.498756 	32.449963 	104.446159 	28.653097 	32.756680 	77.987175 	17.088007 	18.027756 	72.069412 	28.792360 	55.000000 	15.033297 	54.203320 	18.681541 	71.344238 	23.194826 	99.403221 	83.546394 	109.836243 	19.235384 	18.027756 	57.628117 	31.048349 	19.026299 	71.561165 	78.492035 	61.220913 	104.403069 	55.226807 	82.855293 	80.262070 	110.679718 	84.864601 	108.226616 	77.698135 	29.274563 	35.171009 	83.354668 	83.450584 	81.301903 	86.267029 	78.771820 	106.212051 	32.249031 	57.280014 	
70.519501 	61.684681 	65.741920 	43.965897 	39.849716 	25.000000 	77.794601 	43.278172 	29.000000 	999.000000 	28.284271 	70.936592 	22.671568 	33.241539 	3.000000 	29.068884 	26.400757 	6.000000 	37.643059 	44.598206 	72.917763 	6.324555 	76.967529 	7.211102 	7.615773 	49.203659 	45.000000 	45.803928 	100.404182 	11.661903 	83.868942 	41.340054 	83.096329 	46.043457 	99.864906 	17.117243 	71.021126 	54.671749 	81.884064 	45.793011 	43.908997 	86.556343 	15.000000 	44.777225 	100.209778 	49.497475 	90.138779 	76.006577 	84.219948 	111.220505 	108.724419 	82.492424 	55.901699 	79.924965 	106.254410 	17.888544 	17.029387 	111.772087 	54.451813 	109.859001 	57.280014 	107.415085 	77.665955 	19.416489 	86.278618 	
47.042534 	38.013157 	40.024994 	70.235321 	66.241982 	5.000000 	103.788246 	15.264338 	1.000000 	28.284271 	999.000000 	97.529480 	5.830952 	5.000000 	30.479502 	2.236068 	4.123106 	32.802441 	9.848858 	16.401220 	99.985001 	31.622776 	103.942291 	27.784887 	31.906113 	77.336922 	17.464249 	18.384777 	72.945183 	27.856777 	55.803226 	15.132746 	55.000000 	18.973665 	72.201111 	22.203604 	98.812958 	82.879433 	109.293182 	19.416489 	18.110771 	58.412327 	30.083218 	19.104973 	72.401657 	77.781746 	62.008064 	103.812332 	55.973209 	83.725746 	81.123360 	110.113579 	84.172440 	107.647575 	78.549347 	28.284271 	34.205261 	84.219948 	82.734512 	82.152298 	85.562843 	79.611557 	105.603027 	31.257000 	58.000000 	
128.035156 	120.933868 	127.475487 	27.294687 	31.304953 	93.150414 	8.246211 	110.981979 	98.005104 	70.936592 	97.529480 	999.000000 	92.574295 	102.474388 	69.892776 	98.838249 	96.607452 	68.963760 	107.354553 	113.740936 	5.000000 	70.880180 	7.211102 	75.286118 	71.568146 	27.294687 	114.947815 	115.836090 	163.526749 	78.587532 	149.806549 	111.825760 	149.201202 	116.275536 	163.685669 	86.400230 	13.416408 	25.632011 	14.317822 	116.297035 	114.542572 	152.800522 	79.831070 	115.451286 	164.541794 	32.280025 	156.208191 	15.132746 	151.238220 	174.040222 	172.002914 	16.763054 	27.730848 	16.124516 	169.994110 	83.952370 	78.089691 	174.771286 	30.870699 	173.484863 	28.653097 	171.493439 	18.110771 	83.360664 	153.687988 	
52.239830 	43.185646 	45.607018 	65.306969 	61.269894 	5.385165 	99.005051 	21.095022 	6.708204 	22.671568 	5.830952 	92.574295 	999.000000 	10.630146 	24.758837 	6.403124 	4.123106 	27.018513 	15.000000 	21.931713 	94.894676 	25.806976 	98.883774 	21.954498 	26.076809 	71.840103 	22.472204 	23.323807 	78.771820 	22.135944 	61.611687 	19.313208 	60.802959 	23.706539 	78.032043 	17.000000 	93.477272 	77.336922 	104.100914 	23.769728 	22.135944 	64.202805 	24.515301 	23.086792 	78.230431 	72.138756 	67.801178 	98.473343 	61.717098 	89.554451 	86.954010 	104.847511 	78.568443 	102.342560 	84.380089 	23.021729 	28.635643 	90.049988 	77.077881 	87.982956 	79.931221 	85.440041 	100.209778 	26.019224 	63.702435 	
44.045429 	35.128338 	36.345562 	75.179787 	71.196907 	9.486833 	108.687622 	10.770329 	4.472136 	33.241539 	5.000000 	102.474388 	10.630146 	999.000000 	35.383614 	4.472136 	7.615773 	37.643059 	5.099020 	11.401754 	104.957130 	36.400551 	108.908218 	32.449963 	36.619667 	82.328613 	12.649111 	13.601471 	68.425140 	32.202484 	51.039200 	11.045361 	50.219517 	14.317822 	67.601776 	25.961510 	103.812332 	87.863533 	114.280357 	15.033297 	14.035668 	53.600372 	34.176014 	15.033297 	67.742157 	82.734512 	57.201397 	108.811768 	51.088158 	79.177017 	76.537575 	115.108643 	89.140335 	112.645462 	73.925636 	32.015621 	38.275318 	79.649231 	87.681244 	77.524193 	90.520714 	74.946648 	110.602890 	34.928497 	53.075417 	
73.375748 	64.513565 	68.447060 	43.174065 	39.051247 	27.459061 	76.922035 	45.607018 	31.240999 	3.000000 	30.479502 	69.892776 	24.758837 	35.383614 	999.000000 	31.112698 	28.319605 	3.000000 	39.623226 	46.669048 	71.693794 	3.605551 	75.769386 	6.082763 	5.000000 	47.434166 	46.861500 	47.634022 	102.927162 	10.440307 	86.214851 	43.011627 	85.428329 	47.801674 	102.342560 	17.029387 	69.462219 	52.801514 	80.498444 	47.434166 	45.486263 	88.865067 	13.416408 	46.324940 	102.649887 	47.423622 	92.455391 	74.431175 	86.452301 	113.740936 	111.220505 	81.006172 	53.907330 	78.390053 	108.724419 	16.763054 	14.866069 	114.280357 	52.345009 	112.329872 	55.226807 	109.859001 	76.006577 	17.888544 	88.459030 	
48.000000 	39.012817 	40.607880 	71.554176 	67.535179 	7.071068 	105.190300 	15.231546 	2.828427 	29.068884 	2.236068 	98.838249 	6.403124 	4.472136 	31.112698 	999.000000 	3.162278 	33.301651 	8.602325 	15.556349 	101.212646 	32.015621 	105.190300 	28.017851 	32.202484 	78.243210 	16.124516 	17.000000 	72.897186 	27.730848 	55.470715 	13.341664 	54.644306 	17.464249 	72.069412 	21.587032 	99.864906 	83.737686 	110.453613 	17.720045 	16.278820 	58.008621 	29.732138 	17.262676 	72.201111 	78.517517 	61.611687 	104.861816 	55.443665 	83.648071 	81.006172 	111.220505 	84.958817 	108.724419 	78.390053 	27.658634 	33.837849 	84.118965 	83.450584 	81.987801 	86.313385 	79.404030 	106.606750 	30.594116 	57.384666 	
51.009804 	42.000000 	43.737854 	69.354164 	65.306969 	7.211102 	103.077644 	18.384777 	5.099020 	26.400757 	4.123106 	96.607452 	4.123106 	7.615773 	28.319605 	3.162278 	999.000000 	30.413813 	11.313708 	18.439089 	98.883774 	29.068884 	102.883430 	25.000000 	29.206163 	75.604233 	18.601076 	19.416489 	76.026314 	24.596748 	58.523499 	15.231546 	57.688820 	19.723083 	75.179787 	18.439089 	97.349884 	81.055534 	108.046288 	19.697716 	18.027756 	61.032780 	26.570660 	18.973665 	75.292763 	75.742989 	64.637451 	102.342560 	58.412327 	86.769814 	84.118965 	108.756607 	82.219215 	106.230881 	81.492332 	24.515301 	30.675724 	87.235313 	80.659782 	85.088188 	83.546394 	82.492424 	104.043259 	27.459061 	60.307545 	
76.243034 	67.357254 	71.175842 	42.579338 	38.470768 	30.016663 	76.157730 	48.010414 	33.600594 	6.000000 	32.802441 	68.963760 	27.018513 	37.643059 	3.000000 	33.301651 	30.413813 	999.000000 	41.725292 	48.836460 	70.576202 	2.000000 	74.672615 	6.324555 	3.162278 	45.793011 	48.836460 	49.578220 	105.475113 	10.000000 	88.600227 	44.821869 	87.800911 	49.678970 	104.847511 	17.464249 	68.000000 	51.039200 	79.202271 	49.203659 	47.201694 	91.214035 	12.369317 	48.010414 	105.118980 	45.453274 	94.810333 	72.945183 	88.729927 	116.284134 	113.740936 	79.605278 	52.009613 	76.941536 	111.220505 	16.124516 	13.038404 	116.811813 	50.328918 	114.825958 	53.263496 	112.329872 	74.431175 	16.763054 	90.686272 	
43.566040 	34.928497 	35.000000 	80.062477 	76.059189 	14.560220 	113.635384 	9.055386 	9.486833 	37.643059 	9.848858 	107.354553 	15.000000 	5.099020 	39.623226 	8.602325 	11.313708 	41.725292 	999.000000 	7.211102 	109.772491 	40.360870 	113.740936 	36.235340 	40.459858 	86.833176 	7.615773 	8.544003 	65.391129 	35.510563 	47.507893 	6.324555 	46.647614 	9.219544 	64.404968 	28.635643 	108.466583 	92.314682 	119.037811 	10.000000 	9.219544 	49.929951 	37.121422 	10.198039 	64.412735 	87.045967 	53.535034 	113.463654 	47.201694 	76.059189 	73.348480 	119.816528 	93.509361 	117.324333 	70.661163 	34.539833 	41.146080 	76.485291 	91.967384 	74.242844 	94.847244 	71.589104 	115.208504 	37.336308 	49.040798 	
38.600517 	30.463093 	29.274563 	86.452301 	82.492424 	20.591261 	119.854080 	5.830952 	15.811388 	44.598206 	16.401220 	113.740936 	21.931713 	11.401754 	46.669048 	15.556349 	18.439089 	48.836460 	7.211102 	999.000000 	116.284134 	47.507893 	120.220627 	43.416588 	47.634022 	93.723000 	4.242640 	5.000000 	58.309521 	42.720020 	40.311287 	8.246211 	39.446167 	6.403124 	57.271286 	35.777088 	115.208504 	99.247169 	125.642349 	8.485281 	9.433981 	42.720020 	44.294468 	10.000000 	57.245087 	94.069122 	46.324940 	120.208153 	40.000000 	68.942001 	66.211784 	126.491104 	100.498756 	124.036285 	63.505905 	41.629318 	48.301140 	69.354164 	99.005051 	67.082039 	101.862656 	64.412735 	122.004097 	44.384682 	41.868843 	
131.711807 	124.458832 	130.862518 	30.000000 	33.837849 	95.718338 	10.630146 	113.718948 	100.498756 	72.917763 	99.985001 	5.000000 	94.894676 	104.957130 	71.693794 	101.212646 	98.883774 	70.576202 	109.772491 	116.284134 	999.000000 	72.449982 	4.123106 	76.896034 	73.054771 	27.018513 	117.337120 	118.207443 	166.931122 	80.006248 	152.895386 	114.061386 	152.269501 	118.595955 	167.026947 	87.920418 	9.219544 	24.331051 	10.000000 	118.532700 	116.726173 	155.862122 	81.043198 	117.618027 	167.836227 	31.257000 	159.298462 	10.198039 	154.201172 	177.496475 	175.413803 	12.083046 	25.961510 	11.180340 	173.358017 	85.164543 	79.075912 	178.213348 	29.120440 	176.867188 	26.570660 	174.828491 	13.152946 	84.403793 	156.604599 	
75.690155 	66.760765 	70.384659 	44.553337 	40.447498 	29.068884 	78.102493 	46.872166 	32.449963 	6.324555 	31.622776 	70.880180 	25.806976 	36.400551 	3.605551 	32.015621 	29.068884 	2.000000 	40.360870 	47.507893 	72.449982 	999.000000 	76.550636 	4.472136 	1.414214 	47.507893 	47.381432 	48.104053 	104.446159 	8.000000 	87.418533 	43.278172 	86.608315 	48.166378 	103.773796 	15.524175 	69.771057 	52.697250 	81.024689 	47.634022 	45.607018 	90.000000 	10.440307 	46.400433 	104.009613 	47.010635 	93.600212 	74.706093 	87.458565 	115.247559 	112.680969 	81.394104 	53.600372 	78.714676 	110.136276 	14.142136 	11.401754 	115.762688 	51.855568 	113.740936 	54.817879 	111.220505 	76.157730 	14.866069 	89.375610 	
135.148071 	127.988281 	134.469330 	33.837849 	37.735924 	99.644371 	8.944272 	117.596771 	104.446159 	76.967529 	103.942291 	7.211102 	98.883774 	108.908218 	75.769386 	105.190300 	102.883430 	74.672615 	113.740936 	120.220627 	4.123106 	76.550636 	999.000000 	80.993828 	77.162170 	31.064449 	121.313644 	122.188377 	170.531525 	84.118965 	156.646103 	118.072014 	156.028839 	122.588745 	170.660477 	92.027168 	11.661903 	28.160255 	7.280110 	122.543869 	120.747673 	159.624557 	85.164543 	121.642921 	171.493439 	35.128338 	163.049072 	10.816654 	158.003159 	181.069046 	179.011169 	10.049875 	29.614185 	10.198039 	176.980225 	89.286057 	83.198555 	181.793839 	32.756680 	180.479919 	30.083218 	178.465683 	13.416408 	88.526833 	160.424438 	
72.780495 	63.788715 	67.067131 	48.836460 	44.721359 	25.632011 	82.462112 	43.046486 	28.653097 	7.211102 	27.784887 	75.286118 	21.954498 	32.449963 	6.082763 	28.017851 	25.000000 	6.324555 	36.235340 	43.416588 	76.896034 	4.472136 	80.993828 	999.000000 	4.242640 	51.971146 	43.139309 	43.840622 	100.722389 	4.472136 	83.486526 	38.948685 	82.661964 	43.863426 	99.985001 	11.180340 	74.242844 	57.140179 	85.492691 	43.278172 	41.231056 	86.023254 	7.810250 	42.011902 	100.169853 	51.400391 	89.627007 	79.177017 	83.408630 	111.507851 	108.908218 	85.866173 	58.008621 	83.186539 	106.329674 	10.770329 	10.295630 	112.004463 	56.222771 	109.931801 	59.203041 	107.377838 	80.622574 	12.206555 	85.276024 	
76.400261 	67.446274 	70.936592 	45.398239 	41.303753 	29.546574 	78.854294 	47.169907 	32.756680 	7.615773 	31.906113 	71.568146 	26.076809 	36.619667 	5.000000 	32.202484 	29.206163 	3.162278 	40.459858 	47.634022 	73.054771 	1.414214 	77.162170 	4.242640 	999.000000 	47.885281 	47.381432 	48.083260 	104.809349 	7.071068 	87.658424 	43.185646 	86.838928 	48.104053 	104.100914 	14.866069 	70.213959 	53.000000 	81.541397 	47.507893 	45.453274 	90.210861 	9.219544 	46.227695 	104.307236 	47.201694 	93.813644 	75.133217 	87.618492 	115.602768 	113.017700 	81.859634 	53.823788 	79.158073 	110.453613 	13.038404 	10.000000 	116.107712 	52.009613 	114.057007 	55.000000 	111.516815 	76.537575 	13.601471 	89.498604 	
114.586212 	106.508217 	112.004463 	17.262676 	18.027756 	73.593475 	35.510563 	91.967384 	77.987175 	49.203659 	77.336922 	27.294687 	71.840103 	82.328613 	47.434166 	78.243210 	75.604233 	45.793011 	86.833176 	93.723000 	27.018513 	47.507893 	31.064449 	51.971146 	47.885281 	999.000000 	94.201912 	95.000000 	147.756561 	54.561890 	132.245987 	90.443352 	131.529465 	95.210297 	147.512711 	62.609905 	22.472204 	5.830952 	34.205261 	94.868332 	92.913940 	135.059250 	55.154327 	93.744331 	148.070923 	6.403124 	138.600143 	27.313000 	132.966156 	158.521286 	156.204987 	34.176014 	8.246211 	31.384710 	153.912308 	59.236813 	52.810986 	159.154007 	9.055386 	157.492859 	10.198039 	155.219193 	28.653097 	58.189346 	135.148071 	
42.379242 	34.438351 	32.756680 	87.658424 	83.648071 	22.135944 	121.247681 	10.000000 	17.088007 	45.000000 	17.464249 	114.947815 	22.472204 	12.649111 	46.861500 	16.124516 	18.601076 	48.836460 	7.615773 	4.242640 	117.337120 	47.381432 	121.313644 	43.139309 	47.381432 	94.201912 	999.000000 	1.000000 	60.083275 	42.011902 	41.629318 	5.099020 	40.718548 	2.236068 	58.872746 	34.669872 	115.935326 	99.639351 	126.570137 	4.242640 	5.385165 	43.829212 	43.266617 	5.830952 	58.694122 	94.260277 	47.413078 	120.929733 	40.816662 	70.576202 	67.779053 	127.318497 	100.767059 	124.807854 	65.000000 	40.311287 	47.169907 	70.936592 	99.156441 	68.541962 	102.068604 	65.795135 	122.641754 	42.941822 	42.438190 	
42.720020 	34.885529 	32.984844 	88.549423 	84.534019 	23.086792 	122.155640 	10.816654 	18.027756 	45.803928 	18.384777 	115.836090 	23.323807 	13.601471 	47.634022 	17.000000 	19.416489 	49.578220 	8.544003 	5.000000 	118.207443 	48.104053 	122.188377 	43.840622 	48.083260 	95.000000 	1.000000 	999.000000 	59.774578 	42.638012 	41.231056 	5.385165 	40.311287 	1.414214 	58.523499 	35.227829 	116.764717 	100.424103 	127.424484 	3.605551 	5.099020 	43.382023 	43.829212 	5.385165 	58.309521 	95.015785 	46.957428 	121.757957 	40.311287 	70.228203 	67.416618 	128.160049 	101.533249 	125.642349 	64.621979 	40.816662 	47.707443 	70.576202 	99.904953 	68.154236 	102.825096 	65.391129 	123.458496 	43.416588 	41.880783 	
37.121422 	42.801868 	36.069378 	137.178711 	133.660019 	75.471848 	168.240906 	57.706154 	72.069412 	100.404182 	72.945183 	163.526749 	78.771820 	68.425140 	102.927162 	72.897186 	76.026314 	105.475113 	65.391129 	58.309521 	166.931122 	104.446159 	170.531525 	100.722389 	104.809349 	147.756561 	60.083275 	59.774578 	999.000000 	100.623062 	19.104973 	65.145988 	20.099751 	60.440052 	2.828427 	94.021271 	167.657394 	153.525238 	176.799316 	62.096699 	64.288414 	18.027756 	102.459747 	64.031242 	5.000000 	149.201202 	15.297058 	172.586212 	22.090721 	10.816654 	8.485281 	178.190903 	155.241745 	176.082367 	6.708204 	99.924973 	106.512909 	11.401754 	154.201172 	10.000000 	156.818359 	8.544003 	174.771286 	102.693718 	22.561028 	
73.979729 	64.938431 	67.720009 	52.469040 	48.373547 	26.476404 	85.906929 	42.953465 	28.792360 	11.661903 	27.856777 	78.587532 	22.135944 	32.202484 	10.440307 	27.730848 	24.596748 	10.000000 	35.510563 	42.720020 	80.006248 	8.000000 	84.118965 	4.472136 	7.071068 	54.561890 	42.011902 	42.638012 	100.623062 	999.000000 	83.006027 	37.536648 	82.152298 	42.520584 	99.764725 	8.062258 	76.967529 	59.539902 	88.391174 	41.725292 	39.597980 	85.440041 	3.605551 	40.311287 	99.849884 	53.535034 	89.044930 	81.859634 	82.661964 	111.364265 	108.706024 	88.639717 	60.207973 	85.906929 	106.066017 	6.324555 	7.071068 	111.825760 	58.249462 	109.658562 	61.294373 	107.042046 	83.186539 	7.810250 	84.403793 	
31.064449 	32.756680 	24.738634 	122.918671 	119.205704 	58.898216 	155.080627 	40.607880 	55.000000 	83.868942 	55.803226 	149.806549 	61.611687 	51.039200 	86.214851 	55.470715 	58.523499 	88.600227 	47.507893 	40.311287 	152.895386 	87.418533 	156.646103 	83.486526 	87.658424 	132.245987 	41.629318 	41.231056 	19.104973 	83.006027 	999.000000 	46.615448 	1.000000 	41.785164 	17.464249 	76.059189 	152.898666 	137.931137 	162.606888 	43.324360 	45.541191 	3.162278 	84.599052 	45.221676 	17.088007 	133.206604 	6.403124 	157.876541 	5.000000 	29.120440 	26.248810 	163.783386 	139.445328 	161.523987 	23.409399 	81.841309 	88.588936 	29.410883 	138.191895 	26.925823 	140.929062 	24.166092 	159.906219 	84.528099 	7.615773 	
46.840153 	38.626415 	37.483330 	84.581322 	80.529495 	20.099751 	118.308914 	13.038404 	15.033297 	41.340054 	15.132746 	111.825760 	19.313208 	11.045361 	43.011627 	13.341664 	15.231546 	44.821869 	6.324555 	8.246211 	114.061386 	43.278172 	118.072014 	38.948685 	43.185646 	90.443352 	5.099020 	5.385165 	65.145988 	37.536648 	46.615448 	999.000000 	45.694637 	5.000000 	63.906181 	30.000000 	112.361023 	95.801880 	123.166557 	4.472136 	3.000000 	48.754486 	38.600517 	4.000000 	63.694584 	90.271812 	52.325901 	117.345642 	45.650848 	75.610847 	72.801102 	123.822456 	96.829750 	121.264175 	70.007141 	35.510563 	42.438190 	75.960518 	95.131485 	73.539108 	98.081596 	70.774292 	118.983192 	38.078865 	47.169907 	
31.144823 	32.557640 	24.515301 	122.286552 	118.562218 	58.137768 	154.508896 	39.824615 	54.203320 	83.096329 	55.000000 	149.201202 	60.802959 	50.219517 	85.428329 	54.644306 	57.688820 	87.800911 	46.647614 	39.446167 	152.269501 	86.608315 	156.028839 	82.661964 	86.838928 	131.529465 	40.718548 	40.311287 	20.099751 	82.152298 	1.000000 	45.694637 	999.000000 	40.853397 	18.439089 	75.179787 	152.226807 	137.207870 	161.969131 	42.379242 	44.598206 	3.605551 	83.725746 	44.271889 	18.027756 	132.457535 	7.071068 	157.206863 	4.472136 	30.083218 	27.202942 	163.131851 	138.708328 	160.863297 	24.351591 	80.950600 	87.709747 	30.364452 	137.440903 	27.856777 	140.185593 	25.079872 	159.226257 	83.630135 	7.280110 	
44.011364 	36.235340 	34.205261 	89.000000 	84.970581 	23.769728 	122.653984 	12.206555 	18.681541 	46.043457 	18.973665 	116.275536 	23.706539 	14.317822 	47.801674 	17.464249 	19.723083 	49.678970 	9.219544 	6.403124 	118.595955 	48.166378 	122.588745 	43.863426 	48.104053 	95.210297 	2.236068 	1.414214 	60.440052 	42.520584 	41.785164 	5.000000 	40.853397 	999.000000 	59.135437 	35.000000 	117.046997 	100.603180 	127.769325 	2.236068 	4.000000 	43.863426 	43.600460 	4.123106 	58.872746 	95.131485 	47.423622 	122.036880 	40.706264 	70.837845 	68.007355 	128.471786 	101.671036 	125.936493 	65.192024 	40.496914 	47.434166 	71.168816 	100.004997 	68.709534 	102.941734 	65.924202 	123.709335 	43.046486 	42.190044 	
38.078865 	43.266617 	36.235340 	137.207870 	133.645050 	74.886581 	168.514099 	56.938564 	71.344238 	99.864906 	72.201111 	163.685669 	78.032043 	67.601776 	102.342560 	72.069412 	75.179787 	104.847511 	64.404968 	57.271286 	167.026947 	103.773796 	170.660477 	99.985001 	104.100914 	147.512711 	58.872746 	58.523499 	2.828427 	99.764725 	17.464249 	63.906181 	18.439089 	59.135437 	999.000000 	93.037628 	167.597733 	153.264481 	176.867188 	60.728905 	62.936478 	16.031219 	101.518471 	62.641838 	2.236068 	148.838837 	13.038404 	172.539856 	20.000000 	11.704700 	8.944272 	178.213348 	154.932236 	176.071014 	6.403124 	98.898941 	105.550934 	12.083046 	153.837570 	10.000000 	156.486420 	7.810250 	174.691162 	101.636604 	20.223749 	
69.180923 	60.133186 	62.169125 	60.016663 	55.901699 	22.090721 	93.621582 	36.687874 	23.194826 	17.117243 	22.203604 	86.400230 	17.000000 	25.961510 	17.029387 	21.587032 	18.439089 	17.464249 	28.635643 	35.777088 	87.920418 	15.524175 	92.027168 	11.180340 	14.866069 	62.609905 	34.669872 	35.227829 	94.021271 	8.062258 	76.059189 	30.000000 	75.179787 	35.000000 	93.037628 	999.000000 	85.000000 	67.601776 	96.384644 	34.058773 	31.890438 	78.390053 	8.602325 	32.557640 	93.021500 	61.587337 	81.987801 	89.899948 	75.471848 	104.694794 	101.980392 	96.664368 	68.264191 	93.941475 	99.282425 	6.082763 	12.529964 	105.118980 	66.287254 	102.859123 	69.339745 	100.184830 	91.241440 	9.055386 	77.103828 	
133.225372 	125.606529 	131.643463 	30.805843 	34.058773 	94.810333 	19.798990 	113.070778 	99.403221 	71.021126 	98.812958 	13.416408 	93.477272 	103.812332 	69.462219 	99.864906 	97.349884 	68.000000 	108.466583 	115.208504 	9.219544 	69.771057 	11.661903 	74.242844 	70.213959 	22.472204 	115.935326 	116.764717 	167.657394 	76.967529 	152.898666 	112.361023 	152.226807 	117.046997 	167.597733 	85.000000 	999.000000 	18.248287 	12.041595 	116.811813 	114.908661 	155.794739 	77.620872 	115.762688 	168.291412 	25.179358 	159.289047 	5.000000 	153.912308 	178.331146 	176.139145 	11.704700 	19.000000 	8.944272 	173.971268 	81.706795 	75.272835 	179.011169 	22.022715 	177.519012 	19.104973 	175.368179 	7.211102 	80.653580 	156.204987 	
120.415947 	112.329872 	117.800682 	22.000000 	23.345236 	79.208588 	33.837849 	97.590981 	83.546394 	54.671749 	82.879433 	25.632011 	77.336922 	87.863533 	52.801514 	83.737686 	81.055534 	51.039200 	92.314682 	99.247169 	24.331051 	52.697250 	28.160255 	57.140179 	53.000000 	5.830952 	99.639351 	100.424103 	153.525238 	59.539902 	137.931137 	95.801880 	137.207870 	100.603180 	153.264481 	67.601776 	18.248287 	999.000000 	30.265491 	100.209778 	98.229324 	140.730240 	59.933296 	99.045441 	153.808319 	7.000000 	144.277512 	22.803509 	138.600143 	164.295471 	161.969131 	29.832869 	3.162278 	26.925823 	159.665268 	63.976559 	57.384666 	164.924225 	5.656854 	163.248276 	5.099020 	160.962723 	23.769728 	62.769421 	140.758652 	
141.675690 	134.380051 	140.730240 	39.698868 	43.416588 	105.118980 	15.132746 	123.223373 	109.836243 	81.884064 	109.293182 	14.317822 	104.100914 	114.280357 	80.498444 	110.453613 	108.046288 	79.202271 	119.037811 	125.642349 	10.000000 	81.024689 	7.280110 	85.492691 	81.541397 	34.205261 	126.570137 	127.424484 	176.799316 	88.391174 	162.606888 	123.166557 	161.969131 	127.769325 	176.867188 	96.384644 	12.041595 	30.265491 	999.000000 	127.632286 	125.781555 	165.556641 	89.196411 	126.657021 	177.654160 	37.215588 	169.008881 	8.246211 	163.835281 	187.384628 	185.283569 	3.162278 	31.016125 	5.000000 	183.207535 	93.300591 	86.977005 	188.095718 	34.000000 	186.724396 	31.016125 	184.664566 	9.433981 	92.347168 	166.207703 	
46.238514 	38.470768 	36.400551 	89.050545 	85.000000 	24.331051 	122.772148 	14.212670 	19.235384 	45.793011 	19.416489 	116.297035 	23.769728 	15.033297 	47.434166 	17.720045 	19.697716 	49.203659 	10.000000 	8.485281 	118.532700 	47.634022 	122.543869 	43.278172 	47.507893 	94.868332 	4.242640 	3.605551 	62.096699 	41.725292 	43.324360 	4.472136 	42.379242 	2.236068 	60.728905 	34.058773 	116.811813 	100.209778 	127.632286 	999.000000 	2.236068 	45.310043 	42.638012 	2.000000 	60.406952 	94.641426 	48.846699 	121.794907 	42.047592 	72.422371 	69.570107 	128.280945 	101.212646 	125.717941 	66.730804 	39.408119 	46.400433 	72.732384 	99.488693 	70.228203 	102.449989 	67.416618 	123.422043 	41.880783 	43.416588 	
47.759815 	39.812057 	38.078865 	87.321243 	83.258636 	23.086792 	121.078484 	14.866069 	18.027756 	43.908997 	18.110771 	114.542572 	22.135944 	14.035668 	45.486263 	16.278820 	18.027756 	47.201694 	9.219544 	9.433981 	116.726173 	45.607018 	120.747673 	41.231056 	45.453274 	92.913940 	5.385165 	5.099020 	64.288414 	39.597980 	45.541191 	3.000000 	44.598206 	4.000000 	62.936478 	31.890438 	114.908661 	98.229324 	125.781555 	2.236068 	999.000000 	47.539455 	40.459858 	1.000000 	62.625874 	92.617493 	51.078373 	119.887444 	44.283180 	74.632431 	71.784401 	126.400162 	99.201813 	123.822456 	68.949257 	37.202152 	44.204071 	74.946648 	97.452553 	72.449982 	100.424103 	69.641945 	121.490738 	39.661064 	45.650848 	
34.014702 	35.902645 	27.892651 	125.876923 	122.147453 	61.619801 	158.113876 	43.278172 	57.628117 	86.556343 	58.412327 	152.800522 	64.202805 	53.600372 	88.865067 	58.008621 	61.032780 	91.214035 	49.929951 	42.720020 	155.862122 	90.000000 	159.624557 	86.023254 	90.210861 	135.059250 	43.829212 	43.382023 	18.027756 	85.440041 	3.162278 	48.754486 	3.605551 	43.863426 	16.031219 	78.390053 	155.794739 	140.730240 	165.556641 	45.310043 	47.539455 	999.000000 	86.954010 	47.169907 	15.297058 	135.948517 	3.605551 	160.776245 	4.123106 	27.459061 	24.515301 	166.712326 	142.214630 	164.438431 	21.587032 	84.118965 	90.917542 	27.658634 	140.929062 	25.000000 	143.683685 	22.135944 	162.788208 	86.769814 	5.656854 	
76.655075 	67.601776 	70.092796 	54.147945 	50.089920 	29.154760 	87.298340 	44.944408 	31.048349 	15.000000 	30.083218 	79.831070 	24.515301 	34.176014 	13.416408 	29.732138 	26.570660 	12.369317 	37.121422 	44.294468 	81.043198 	10.440307 	85.164543 	7.810250 	9.219544 	55.154327 	43.266617 	43.829212 	102.459747 	3.605551 	84.599052 	38.600517 	83.725746 	43.600460 	101.518471 	8.602325 	77.620872 	59.933296 	89.196411 	42.638012 	40.459858 	86.954010 	999.000000 	41.109608 	101.533249 	53.712196 	90.553848 	82.462112 	84.059502 	113.159180 	110.462662 	89.319649 	60.415230 	86.539009 	107.782188 	4.123106 	4.123106 	113.595772 	58.309521 	111.364265 	61.400326 	108.706024 	83.671982 	4.472136 	85.702972 	
48.104053 	40.249222 	38.327538 	88.238312 	84.172440 	24.083189 	122.004097 	15.556349 	19.026299 	44.777225 	19.104973 	115.451286 	23.086792 	15.033297 	46.324940 	17.262676 	18.973665 	48.010414 	10.198039 	10.000000 	117.618027 	46.400433 	121.642921 	42.011902 	46.227695 	93.744331 	5.830952 	5.385165 	64.031242 	40.311287 	45.221676 	4.000000 	44.271889 	4.123106 	62.641838 	32.557640 	115.762688 	99.045441 	126.657021 	2.000000 	1.000000 	47.169907 	41.109608 	999.000000 	62.297672 	93.407707 	50.695168 	120.739388 	43.863426 	74.330345 	71.470276 	127.263504 	100.000000 	124.679588 	68.622154 	37.802116 	44.821869 	74.632431 	98.234413 	72.111023 	101.212646 	69.289246 	122.331520 	40.224369 	45.177429 	
39.560081 	44.418465 	37.202152 	137.974640 	134.380051 	75.213028 	169.452057 	57.140179 	71.561165 	100.209778 	72.401657 	164.541794 	78.230431 	67.742157 	102.649887 	72.201111 	75.292763 	105.118980 	64.412735 	57.245087 	167.836227 	104.009613 	171.493439 	100.169853 	104.307236 	148.070923 	58.694122 	58.309521 	5.000000 	99.849884 	17.088007 	63.694584 	18.027756 	58.872746 	2.236068 	93.021500 	168.291412 	153.808319 	177.654160 	60.406952 	62.625874 	15.297058 	101.533249 	62.297672 	999.000000 	149.305054 	12.041595 	173.242599 	19.104973 	12.165525 	9.219544 	178.966476 	155.438095 	176.799316 	6.324555 	98.843307 	105.546196 	12.369317 	154.301651 	9.848858 	156.974518 	7.211102 	175.368179 	101.552940 	19.026299 	
116.846054 	108.558739 	113.718948 	23.086792 	23.194826 	74.330345 	40.521599 	92.698433 	78.492035 	49.497475 	77.781746 	32.280025 	72.138756 	82.734512 	47.423622 	78.517517 	75.742989 	45.453274 	87.045967 	94.069122 	31.257000 	47.010635 	35.128338 	51.400391 	47.201694 	6.403124 	94.260277 	95.015785 	149.201202 	53.535034 	133.206604 	90.271812 	132.457535 	95.131485 	148.838837 	61.587337 	25.179358 	7.000000 	37.215588 	94.641426 	92.617493 	135.948517 	53.712196 	93.407707 	149.305054 	999.000000 	139.517029 	29.614185 	133.689941 	160.000000 	157.610275 	36.674240 	6.708204 	33.734257 	155.241745 	57.706154 	50.990196 	160.601990 	5.000000 	158.836395 	7.810250 	156.486420 	30.364452 	56.364883 	135.771866 	
36.055511 	38.600517 	30.675724 	129.321304 	125.606529 	65.192024 	161.471359 	46.861500 	61.220913 	90.138779 	62.008064 	156.208191 	67.801178 	57.201397 	92.455391 	61.611687 	64.637451 	94.810333 	53.535034 	46.324940 	159.298462 	93.600212 	163.049072 	89.627007 	93.813644 	138.600143 	47.413078 	46.957428 	15.297058 	89.044930 	6.403124 	52.325901 	7.071068 	47.423622 	13.038404 	81.987801 	159.289047 	144.277512 	169.008881 	48.846699 	51.078373 	3.605551 	90.553848 	50.695168 	12.041595 	139.517029 	999.000000 	164.268066 	7.071068 	24.186773 	21.213203 	170.182251 	145.773804 	167.919617 	18.248287 	87.709747 	94.514549 	24.331051 	144.499130 	21.587032 	147.248093 	18.681541 	166.291916 	90.354858 	7.280110 	
138.057953 	130.483719 	136.561340 	35.608986 	38.948685 	99.809822 	19.723083 	118.067780 	104.403069 	76.006577 	103.812332 	15.132746 	98.473343 	108.811768 	74.431175 	104.861816 	102.342560 	72.945183 	113.463654 	120.208153 	10.198039 	74.706093 	10.816654 	79.177017 	75.133217 	27.313000 	120.929733 	121.757957 	172.586212 	81.859634 	157.876541 	117.345642 	157.206863 	122.036880 	172.539856 	89.899948 	5.000000 	22.803509 	8.246211 	121.794907 	119.887444 	160.776245 	82.462112 	120.739388 	173.242599 	29.614185 	164.268066 	999.000000 	158.902481 	183.251190 	181.069046 	7.071068 	23.194826 	4.123106 	178.910599 	86.539009 	80.056229 	183.934769 	26.076809 	182.455475 	23.021729 	180.313614 	3.000000 	85.440041 	161.198639 	
35.355339 	36.221542 	28.160255 	124.201447 	120.420097 	59.396969 	156.706726 	41.012192 	55.226807 	84.219948 	55.973209 	151.238220 	61.717098 	51.088158 	86.452301 	55.443665 	58.412327 	88.729927 	47.201694 	40.000000 	154.201172 	87.458565 	158.003159 	83.408630 	87.618492 	132.966156 	40.816662 	40.311287 	22.090721 	82.661964 	5.000000 	45.650848 	4.472136 	40.706264 	20.000000 	75.471848 	153.912308 	138.600143 	163.835281 	42.047592 	44.283180 	4.123106 	84.059502 	43.863426 	19.104973 	133.689941 	7.071068 	158.902481 	999.000000 	31.257000 	28.284271 	164.924225 	140.014282 	162.606888 	25.317978 	81.123360 	87.982956 	31.400637 	138.657852 	28.635643 	141.449631 	25.709921 	160.863297 	83.725746 	3.000000 	
46.872166 	53.150730 	46.690472 	147.800537 	144.312164 	86.284416 	178.644897 	68.476273 	82.855293 	111.220505 	83.725746 	174.040222 	89.554451 	79.177017 	113.740936 	83.648071 	86.769814 	116.284134 	76.059189 	68.942001 	177.496475 	115.247559 	181.069046 	111.507851 	115.602768 	158.521286 	70.576202 	70.228203 	10.816654 	111.364265 	29.120440 	75.610847 	30.083218 	70.837845 	11.704700 	104.694794 	178.331146 	164.295471 	187.384628 	72.422371 	74.632431 	27.459061 	113.159180 	74.330345 	12.165525 	160.000000 	24.186773 	183.251190 	31.257000 	999.000000 	3.000000 	188.809433 	166.027100 	186.724396 	6.000000 	110.571243 	117.200684 	1.000000 	165.000000 	3.605551 	167.609665 	6.324555 	185.456192 	113.318138 	31.016125 	
45.276924 	51.224995 	44.553337 	145.664001 	142.144287 	83.761566 	176.694656 	65.863495 	80.262070 	108.724419 	81.123360 	172.002914 	86.954010 	76.537575 	111.220505 	81.006172 	84.118965 	113.740936 	73.348480 	66.211784 	175.413803 	112.680969 	179.011169 	108.908218 	113.017700 	156.204987 	67.779053 	67.416618 	8.485281 	108.706024 	26.248810 	72.801102 	27.202942 	68.007355 	8.944272 	101.980392 	176.139145 	161.969131 	185.283569 	69.570107 	71.784401 	24.515301 	110.462662 	71.470276 	9.219544 	157.610275 	21.213203 	181.069046 	28.284271 	3.000000 	999.000000 	186.676193 	163.670395 	184.567062 	3.000000 	107.837845 	114.494545 	3.162278 	162.609970 	2.000000 	165.239227 	3.605551 	183.251190 	110.571243 	28.017851 	
143.282944 	135.882309 	142.130219 	41.012192 	44.598206 	106.018867 	18.248287 	124.201447 	110.679718 	82.492424 	110.113579 	16.763054 	104.847511 	115.108643 	81.006172 	111.220505 	108.756607 	79.605278 	119.816528 	126.491104 	12.083046 	81.394104 	10.049875 	85.866173 	81.859634 	34.176014 	127.318497 	128.160049 	178.190903 	88.639717 	163.783386 	123.822456 	163.131851 	128.471786 	178.213348 	96.664368 	11.704700 	29.832869 	3.162278 	128.280945 	126.400162 	166.712326 	89.319649 	127.263504 	178.966476 	36.674240 	170.182251 	7.071068 	164.924225 	188.809433 	186.676193 	999.000000 	30.265491 	3.000000 	184.567062 	93.407707 	86.977005 	189.509888 	33.136082 	188.095718 	30.066593 	186.002686 	7.280110 	92.358002 	167.263260 	
122.449989 	114.280357 	119.620232 	25.019993 	26.172504 	80.622574 	35.846897 	99.005051 	84.864601 	55.901699 	84.172440 	27.730848 	78.568443 	89.140335 	53.907330 	84.958817 	82.219215 	52.009613 	93.509361 	100.498756 	25.961510 	53.600372 	29.614185 	58.008621 	53.823788 	8.246211 	100.767059 	101.533249 	155.241745 	60.207973 	139.445328 	96.829750 	138.708328 	101.671036 	154.932236 	68.264191 	19.000000 	3.162278 	31.016125 	101.212646 	99.201813 	142.214630 	60.415230 	100.000000 	155.438095 	6.708204 	145.773804 	23.194826 	140.014282 	166.027100 	163.670395 	30.265491 	999.000000 	27.294687 	161.335052 	64.412735 	57.697487 	166.643326 	3.162278 	164.924225 	2.000000 	162.606888 	23.769728 	63.071388 	142.130219 	
141.354172 	133.869339 	140.035706 	38.948685 	42.426407 	103.600197 	18.973665 	121.823647 	108.226616 	79.924965 	107.647575 	16.124516 	102.342560 	112.645462 	78.390053 	108.724419 	106.230881 	76.941536 	117.324333 	124.036285 	11.180340 	78.714676 	10.198039 	83.186539 	79.158073 	31.384710 	124.807854 	125.642349 	176.082367 	85.906929 	161.523987 	121.264175 	160.863297 	125.936493 	176.071014 	93.941475 	8.944272 	26.925823 	5.000000 	125.717941 	123.822456 	164.438431 	86.539009 	124.679588 	176.799316 	33.734257 	167.919617 	4.123106 	162.606888 	186.724396 	184.567062 	3.000000 	27.294687 	999.000000 	182.433548 	90.620087 	84.154617 	187.416641 	30.149628 	185.970428 	27.073973 	183.853195 	4.472136 	89.537704 	164.924225 	
