Total assets = 536
Number of asset nodes = 33

Distance:
999.000000 	2.000000 	2.828427 	41.773197 	17.492855 	19.235384 	20.248457 	21.095022 	22.360680 	23.706539 	21.213203 	24.839485 	22.825424 	35.440090 	39.812057 	42.755116 	36.769554 	58.215118 	42.801868 	79.924965 	49.769470 	53.600372 	70.519501 	59.304298 	44.777225 	44.944408 	65.115280 	62.297672 	60.415230 	61.846584 	54.405884 	64.845970 	63.505905 	64.474800 	63.134777 	82.565125 	66.648331 	67.082039 	67.542580 	58.549126 	70.384659 	59.304298 	70.235321 	82.389320 	87.091904 	82.734512 	86.005814 	84.380089 	65.513359 	84.480766 	90.199776 	86.284416 	85.708809 	
2.000000 	999.000000 	2.000000 	40.311287 	15.811388 	17.492855 	18.601076 	19.416489 	20.591261 	21.954498 	19.849434 	23.345236 	21.931713 	33.526108 	37.854988 	40.792156 	36.055511 	56.222771 	41.231056 	78.230431 	47.927029 	51.662365 	68.622154 	57.314919 	44.011364 	44.271889 	63.150612 	60.406952 	58.600342 	60.008331 	53.254108 	62.968246 	61.717098 	62.649822 	61.400326 	80.603973 	64.884514 	65.299309 	65.741920 	58.309521 	68.541962 	59.135437 	68.476273 	80.399002 	85.094063 	80.752708 	84.005951 	82.389320 	65.115280 	82.492424 	88.204308 	84.291161 	83.725746 	
2.828427 	2.000000 	999.000000 	41.725292 	14.764823 	16.552946 	17.492855 	18.357559 	19.697716 	21.023796 	18.384777 	22.022715 	20.124611 	32.984844 	37.483330 	40.447498 	34.176014 	56.435802 	40.000000 	77.175125 	47.169907 	51.195702 	69.289246 	57.140179 	42.154476 	42.379242 	62.801273 	59.774578 	57.775429 	59.236813 	51.613953 	62.297672 	60.835846 	61.846584 	60.415230 	81.024689 	63.953106 	64.404968 	64.884514 	56.320511 	67.779053 	57.140179 	67.535179 	80.224686 	85.211502 	80.504662 	84.005951 	82.219215 	63.150612 	82.298241 	88.362885 	84.148682 	83.486526 	
41.773197 	40.311287 	41.725292 	999.000000 	40.311287 	39.560081 	41.436699 	41.109608 	39.560081 	40.261642 	45.880280 	45.607018 	52.000000 	38.118237 	36.878178 	37.643059 	64.288414 	35.468296 	54.083271 	79.177017 	49.335587 	46.065170 	36.496574 	44.045429 	70.213959 	71.589104 	51.855568 	55.569775 	58.180752 	58.137768 	72.006943 	58.309521 	61.741398 	60.827625 	63.694584 	51.419842 	65.306969 	64.845970 	64.412735 	89.022469 	64.660652 	90.520714 	68.425140 	62.425957 	60.926186 	64.202805 	62.177166 	64.070274 	93.557472 	64.637451 	62.968246 	65.192024 	66.610809 	
17.492855 	15.811388 	14.764823 	40.311287 	999.000000 	2.000000 	2.828427 	3.605551 	5.099020 	6.324555 	6.000000 	8.062258 	11.704700 	19.026299 	24.020824 	27.018513 	25.019993 	45.221676 	25.495098 	62.433964 	32.572994 	37.215588 	60.539242 	44.102154 	32.140316 	33.015148 	49.091751 	45.354160 	43.081318 	44.598206 	38.910152 	47.801674 	46.097721 	47.169907 	45.650848 	70.576202 	49.193497 	49.658836 	50.159744 	49.497475 	53.141319 	50.803543 	52.773098 	67.007462 	73.164200 	67.029846 	71.449280 	69.007248 	55.009090 	69.000000 	76.485291 	71.028160 	70.028564 	
19.235384 	17.492855 	16.552946 	39.560081 	2.000000 	999.000000 	2.000000 	2.236068 	3.162278 	4.472136 	6.324555 	7.280110 	12.529964 	17.029387 	22.022715 	25.019993 	25.179358 	43.324360 	24.041630 	60.745369 	30.675724 	35.227829 	58.830265 	42.107006 	32.015621 	33.015148 	47.095646 	43.416588 	41.231056 	42.720020 	38.078865 	45.880280 	44.283180 	45.310043 	43.908997 	68.709534 	47.413078 	47.853943 	48.332184 	49.819675 	51.264023 	51.195702 	51.000000 	65.007690 	71.196907 	65.030762 	69.462219 	67.007462 	55.081757 	67.000000 	74.525162 	69.028976 	68.029404 	
20.248457 	18.601076 	17.492855 	41.436699 	2.828427 	2.000000 	999.000000 	1.000000 	3.162278 	4.000000 	4.472136 	5.385165 	10.816654 	17.029387 	22.203604 	25.179358 	23.194826 	44.011364 	22.671568 	59.682495 	30.083218 	35.057095 	59.908264 	42.296574 	30.016663 	31.016125 	47.010635 	42.953465 	40.496914 	42.059483 	36.249138 	45.354160 	43.462627 	44.598206 	42.941822 	69.462219 	46.518814 	47.010635 	47.539455 	47.853943 	50.596443 	49.244289 	50.089920 	65.069191 	71.589104 	65.000000 	69.720871 	67.067131 	53.084839 	67.029846 	74.953316 	69.115845 	68.000000 	
21.095022 	19.416489 	18.357559 	41.109608 	3.605551 	2.236068 	1.000000 	999.000000 	2.236068 	3.000000 	5.000000 	5.099020 	11.401754 	16.031219 	21.213203 	24.186773 	23.345236 	43.081318 	21.931713 	58.830265 	29.120440 	34.058773 	59.076221 	41.303753 	30.000000 	31.064449 	46.010868 	41.976185 	39.560081 	41.109608 	35.846897 	44.384682 	42.544094 	43.657761 	42.059483 	68.541962 	45.617977 	46.097721 	46.615448 	48.052055 	49.648766 	49.477268 	49.193497 	64.070274 	70.611610 	64.000000 	68.731361 	66.068146 	53.150730 	66.030296 	73.979729 	68.117546 	67.000000 	
22.360680 	20.591261 	19.697716 	39.560081 	5.099020 	3.162278 	3.162278 	2.236068 	999.000000 	1.414214 	7.071068 	6.082763 	13.453624 	14.000000 	19.104973 	22.090721 	24.738634 	40.853397 	21.260292 	57.688820 	27.513634 	32.140316 	56.859474 	39.204590 	31.064449 	32.249031 	44.045429 	40.261642 	38.078865 	39.560081 	36.055511 	42.720020 	41.146080 	42.154476 	40.816662 	66.309875 	44.294468 	44.721359 	45.188496 	49.477268 	48.104053 	50.960770 	47.885281 	62.032249 	68.447060 	62.008064 	66.610809 	64.031242 	54.332310 	64.007812 	71.805290 	66.068146 	65.007690 	
23.706539 	21.954498 	21.023796 	40.261642 	6.324555 	4.472136 	4.000000 	3.000000 	1.414214 	999.000000 	7.211102 	5.385165 	13.453624 	13.038404 	18.248287 	21.213203 	24.041630 	40.311287 	19.849434 	56.302753 	26.248810 	31.064449 	56.612720 	38.327538 	30.149628 	31.400637 	43.011627 	39.051247 	36.769554 	38.275318 	34.785053 	41.484936 	39.812057 	40.853397 	39.446167 	65.795135 	42.941822 	43.382023 	43.863426 	48.764740 	46.818798 	50.289165 	46.529560 	61.073727 	67.683083 	61.000000 	65.764732 	63.071388 	53.460266 	63.031738 	71.063354 	65.122963 	64.000000 	
21.213203 	19.849434 	18.384777 	45.880280 	6.000000 	6.324555 	4.472136 	5.000000 	7.071068 	7.211102 	999.000000 	4.123106 	6.403124 	19.646883 	25.000000 	27.892651 	19.026299 	47.423622 	21.954498 	59.481091 	31.257000 	37.054016 	63.820061 	44.911022 	26.172504 	27.018513 	49.091751 	44.283180 	41.231056 	42.953465 	33.615471 	46.529560 	43.965897 	45.354160 	43.081318 	72.917763 	46.818798 	47.434166 	48.083260 	43.566040 	51.419842 	44.911022 	50.328918 	67.364677 	74.464760 	67.119293 	72.367119 	69.354164 	49.010204 	69.260376 	77.884529 	71.449280 	70.114189 	
24.839485 	23.345236 	22.022715 	45.607018 	8.062258 	7.280110 	5.385165 	5.099020 	6.082763 	5.385165 	4.123106 	999.000000 	8.944272 	16.155495 	21.540659 	24.351591 	18.681541 	44.294468 	18.027756 	55.470715 	27.166155 	33.136082 	61.220913 	41.231056 	25.019993 	26.172504 	45.177429 	40.199501 	37.107952 	38.832977 	30.870699 	42.426407 	39.849716 	41.231056 	39.000000 	69.771057 	42.720020 	43.324360 	43.965897 	43.416588 	47.296936 	44.922153 	46.238514 	63.505905 	70.880180 	63.198101 	68.658577 	65.490456 	48.259712 	65.375839 	74.330345 	67.601776 	66.189125 	
22.825424 	21.931713 	20.124611 	52.000000 	11.704700 	12.529964 	10.816654 	11.401754 	13.453624 	13.453624 	6.403124 	8.944272 	999.000000 	25.079872 	30.463093 	33.241539 	14.317822 	53.235325 	23.769728 	61.098282 	35.014282 	41.593269 	70.000000 	50.000000 	22.135944 	22.561028 	53.600372 	48.000000 	44.283180 	46.173584 	31.890438 	50.039986 	46.690472 	48.373547 	45.354160 	78.714676 	49.244289 	50.009998 	50.803543 	38.118237 	54.451813 	39.319206 	52.630791 	72.006943 	79.699432 	71.568146 	77.369247 	73.979729 	44.102154 	73.824112 	83.168503 	76.118332 	74.545288 	
35.440090 	33.526108 	32.984844 	38.118237 	19.026299 	17.029387 	17.029387 	16.031219 	14.000000 	13.038404 	19.646883 	16.155495 	25.079872 	999.000000 	5.385165 	8.246211 	31.240999 	28.301943 	16.000000 	46.690472 	15.000000 	18.248287 	45.967381 	25.317978 	34.885529 	36.715118 	30.066593 	26.925823 	25.806976 	26.925823 	34.058773 	29.546574 	29.206163 	29.681644 	29.698484 	53.712196 	32.649654 	32.802441 	33.015148 	54.589375 	35.355339 	56.435802 	36.235340 	48.041649 	54.817879 	48.010414 	52.773098 	50.039986 	57.584721 	50.009998 	58.240879 	52.086468 	51.009804 	
39.812057 	37.854988 	37.483330 	36.878178 	24.020824 	22.022715 	22.203604 	21.213203 	19.104973 	18.248287 	25.000000 	21.540659 	30.463093 	5.385165 	999.000000 	3.000000 	36.069378 	23.021729 	18.681541 	44.687805 	13.038404 	13.928389 	41.036568 	20.099751 	39.115215 	41.048752 	25.317978 	23.323807 	23.345236 	24.083189 	36.674240 	26.076809 	26.907248 	26.907248 	28.017851 	48.373547 	30.479502 	30.413813 	30.413813 	58.830265 	32.202484 	60.745369 	33.970577 	43.000000 	49.477268 	43.104523 	47.518417 	45.000000 	61.326992 	45.011108 	52.886673 	47.010635 	46.097721 	
42.755116 	40.792156 	40.447498 	37.643059 	27.018513 	25.019993 	25.179358 	24.186773 	22.090721 	21.213203 	27.892651 	24.351591 	33.241539 	8.246211 	3.000000 	999.000000 	38.209946 	20.615528 	19.697716 	42.801868 	11.704700 	11.180340 	39.051247 	17.117243 	40.804413 	42.801868 	22.360680 	20.808653 	21.400934 	21.931713 	37.363083 	23.600847 	25.000000 	24.758837 	26.419689 	45.793011 	28.600698 	28.425341 	28.319605 	60.464867 	29.832869 	62.425957 	32.015621 	40.000000 	46.572525 	40.112343 	44.553337 	42.000000 	62.609905 	42.011902 	50.000000 	44.011364 	43.104523 	
36.769554 	36.055511 	34.176014 	64.288414 	25.019993 	25.179358 	23.194826 	23.345236 	24.738634 	24.041630 	19.026299 	18.681541 	14.317822 	31.240999 	36.069378 	38.209946 	999.000000 	58.796257 	21.540659 	54.589375 	35.341194 	43.416588 	77.103828 	53.000000 	8.062258 	8.246211 	54.625999 	47.127487 	41.976185 	44.147480 	20.591261 	48.507732 	43.416588 	45.705578 	41.109608 	83.600243 	45.099888 	46.173584 	47.265209 	24.738634 	51.478149 	26.248810 	48.010414 	72.801102 	82.298241 	71.784401 	79.202271 	74.672615 	30.000000 	74.330345 	85.883644 	76.896034 	74.632431 	
58.215118 	56.222771 	56.435802 	35.468296 	45.221676 	43.324360 	44.011364 	43.081318 	40.853397 	40.311287 	47.423622 	44.294468 	53.235325 	28.301943 	23.021729 	20.615528 	58.796257 	999.000000 	39.204590 	48.052055 	26.832815 	18.973665 	19.235384 	11.045361 	60.959003 	63.031738 	18.027756 	25.019993 	30.149628 	29.017237 	55.470715 	27.166155 	33.015148 	31.016125 	36.124783 	25.495098 	36.013885 	35.057095 	34.132095 	80.430092 	32.756680 	82.462112 	38.209946 	27.294687 	29.017237 	28.844410 	28.635643 	29.068884 	81.835197 	29.529646 	32.015621 	30.463093 	31.384710 	
42.801868 	41.231056 	40.000000 	54.083271 	25.495098 	24.041630 	22.671568 	21.931713 	21.260292 	19.849434 	21.954498 	18.027756 	23.769728 	16.000000 	18.681541 	19.697716 	21.540659 	39.204590 	999.000000 	37.576588 	13.892444 	22.203604 	58.249462 	32.015621 	21.931713 	24.083189 	33.105892 	25.709921 	21.023796 	23.086792 	18.110771 	27.294687 	23.086792 	25.000000 	21.587032 	63.031738 	25.495098 	26.305893 	27.166155 	41.231056 	31.016125 	43.278172 	28.861740 	51.264023 	60.901562 	50.289165 	57.697487 	53.141319 	42.941822 	52.810986 	64.498062 	55.362442 	53.160137 	
79.924965 	78.230431 	77.175125 	79.177017 	62.433964 	60.745369 	59.682495 	58.830265 	57.688820 	56.302753 	59.481091 	55.470715 	61.098282 	46.690472 	44.687805 	42.801868 	54.589375 	48.052055 	37.576588 	999.000000 	31.827662 	33.120991 	64.007812 	37.107952 	50.009998 	52.000000 	30.265491 	23.769728 	21.400934 	21.095022 	36.055511 	21.189621 	17.804493 	18.357559 	17.029387 	59.439045 	14.212670 	14.422205 	14.764823 	62.096699 	15.297058 	64.288414 	10.816654 	36.769554 	49.769470 	34.014702 	44.777225 	37.576588 	58.309521 	36.674240 	52.801514 	39.357338 	35.355339 	
49.769470 	47.927029 	47.169907 	49.335587 	32.572994 	30.675724 	30.083218 	29.120440 	27.513634 	26.248810 	31.257000 	27.166155 	35.014282 	15.000000 	13.038404 	11.704700 	35.341194 	26.832815 	13.892444 	31.827662 	999.000000 	8.485281 	46.065170 	18.384777 	35.608986 	37.802116 	19.313208 	13.038404 	10.816654 	12.083046 	28.653097 	15.297058 	14.212670 	14.764823 	15.000000 	49.497475 	17.691807 	17.804493 	18.027756 	54.451813 	20.615528 	56.568542 	21.260292 	37.643059 	47.010635 	36.878178 	43.863426 	39.560081 	55.217751 	39.293766 	50.606323 	41.761227 	39.812057 	
53.600372 	51.662365 	51.195702 	46.065170 	37.215588 	35.227829 	35.057095 	34.058773 	32.140316 	31.064449 	37.054016 	33.136082 	41.593269 	18.248287 	13.928389 	11.180340 	43.416588 	18.973665 	22.203604 	33.120991 	8.485281 	999.000000 	38.078865 	9.899495 	44.045429 	46.227695 	12.041595 	9.899495 	12.369317 	12.083046 	36.891735 	12.727922 	15.811388 	14.764823 	18.248287 	41.012192 	19.313208 	18.788294 	18.357559 	62.936478 	19.104973 	65.053825 	22.360680 	30.413813 	38.910152 	30.066593 	36.055511 	32.388271 	63.600315 	32.249031 	42.485291 	34.525352 	33.060551 	
70.519501 	68.622154 	69.289246 	36.496574 	60.539242 	58.830265 	59.908264 	59.076221 	56.859474 	56.612720 	63.820061 	61.220913 	70.000000 	45.967381 	41.036568 	39.051247 	77.103828 	19.235384 	58.249462 	64.007812 	46.065170 	38.078865 	999.000000 	29.120440 	79.812279 	81.835197 	34.132095 	42.755116 	48.507732 	47.074409 	74.706093 	44.407207 	50.990196 	48.662102 	54.341511 	15.231546 	53.600372 	52.469040 	51.351727 	99.403221 	49.040798 	101.400200 	55.226807 	33.541019 	26.907248 	36.249138 	29.832869 	34.481880 	101.019798 	35.355339 	28.017851 	34.669872 	37.589893 	
59.304298 	57.314919 	57.140179 	44.045429 	44.102154 	42.107006 	42.296574 	41.303753 	39.204590 	38.327538 	44.911022 	41.231056 	50.000000 	25.317978 	20.099751 	17.117243 	53.000000 	11.045361 	32.015621 	37.107952 	18.384777 	9.899495 	29.120440 	999.000000 	53.907330 	56.080299 	7.810250 	14.000000 	19.416489 	18.110771 	46.615448 	16.124516 	22.090721 	20.000000 	25.317978 	31.112698 	25.000000 	24.020824 	23.086792 	72.835434 	21.840330 	74.953316 	27.166155 	23.086792 	29.732138 	23.537205 	27.459061 	25.079872 	73.409805 	25.179358 	33.241539 	27.018513 	26.476404 	
44.777225 	44.011364 	42.154476 	70.213959 	32.140316 	32.015621 	30.016663 	30.000000 	31.064449 	30.149628 	26.172504 	25.019993 	22.135944 	34.885529 	39.115215 	40.804413 	8.062258 	60.959003 	21.931713 	50.009998 	35.608986 	44.045429 	79.812279 	53.907330 	999.000000 	2.236068 	54.378304 	46.065170 	40.311287 	42.544094 	14.317822 	47.010635 	41.109608 	43.657761 	38.327538 	84.958817 	42.201897 	43.416588 	44.643028 	19.723083 	49.040798 	21.633308 	44.721359 	72.006943 	82.377182 	70.682388 	78.892334 	73.790245 	23.345236 	73.348480 	85.982559 	76.026314 	73.409805 	
44.944408 	44.271889 	42.379242 	71.589104 	33.015148 	33.015148 	31.016125 	31.064449 	32.249031 	31.400637 	27.018513 	26.172504 	22.561028 	36.715118 	41.048752 	42.801868 	8.246211 	63.031738 	24.083189 	52.000000 	37.802116 	46.227695 	81.835197 	56.080299 	2.236068 	999.000000 	56.603886 	48.301140 	42.544094 	44.777225 	16.124516 	49.244289 	43.324360 	45.880280 	40.521599 	87.114868 	44.384682 	45.607018 	46.840153 	17.888544 	51.244511 	19.723083 	46.872166 	74.242844 	84.599052 	72.917763 	81.123360 	76.026314 	22.090721 	75.584389 	88.204308 	78.262383 	75.643906 	
65.115280 	63.150612 	62.801273 	51.855568 	49.091751 	47.095646 	47.010635 	46.010868 	44.045429 	43.011627 	49.091751 	45.177429 	53.600372 	30.066593 	25.317978 	22.360680 	54.625999 	18.027756 	33.105892 	30.265491 	19.313208 	12.041595 	34.132095 	7.810250 	54.378304 	56.603886 	999.000000 	9.433981 	15.811388 	13.892444 	45.254833 	10.440307 	17.464249 	14.866069 	21.023796 	32.756680 	19.646883 	18.439089 	17.262676 	72.470680 	15.033297 	74.652527 	21.095022 	18.439089 	28.017851 	18.027756 	24.596748 	20.396078 	72.138756 	20.223749 	31.622776 	22.561028 	21.023796 	
62.297672 	60.406952 	59.774578 	55.569775 	45.354160 	43.416588 	42.953465 	41.976185 	40.261642 	39.051247 	44.283180 	40.199501 	48.000000 	26.925823 	23.323807 	20.808653 	47.127487 	25.019993 	25.709921 	23.769728 	13.038404 	9.899495 	42.755116 	14.000000 	46.065170 	48.301140 	9.433981 	999.000000 	6.403124 	4.472136 	36.124783 	2.828427 	8.246211 	6.000000 	11.704700 	42.190044 	11.000000 	10.049875 	9.219544 	63.600315 	9.219544 	65.802734 	13.341664 	25.942244 	36.878178 	24.698177 	33.015148 	27.730848 	62.936478 	27.313000 	40.459858 	29.966648 	27.513634 	
60.415230 	58.600342 	57.775429 	58.180752 	43.081318 	41.231056 	40.496914 	39.560081 	38.078865 	36.769554 	41.231056 	37.107952 	44.283180 	25.806976 	23.345236 	21.400934 	41.976185 	30.149628 	21.023796 	21.400934 	10.816654 	12.369317 	48.507732 	19.416489 	40.311287 	42.544094 	15.811388 	6.403124 	999.000000 	2.236068 	29.832869 	6.708204 	3.605551 	4.123106 	6.000000 	48.548943 	7.211102 	7.071068 	7.211102 	57.428215 	10.198039 	59.640591 	10.630146 	31.906113 	43.185646 	30.413813 	39.204590 	33.615471 	56.586216 	33.120991 	46.754681 	35.846897 	33.105892 	
61.846584 	60.008331 	59.236813 	58.137768 	44.598206 	42.720020 	42.059483 	41.109608 	39.560081 	38.275318 	42.953465 	38.832977 	46.173584 	26.925823 	24.083189 	21.931713 	44.147480 	29.017237 	23.086792 	21.095022 	12.083046 	12.083046 	47.074409 	18.110771 	42.544094 	44.777225 	13.892444 	4.472136 	2.236068 	999.000000 	32.015621 	4.472136 	4.000000 	2.828427 	7.280110 	46.647614 	7.280110 	6.708204 	6.403124 	59.640591 	8.544003 	61.854668 	10.295630 	29.681644 	41.036568 	28.178005 	37.013512 	31.384710 	58.728188 	30.886890 	44.598206 	33.615471 	30.870699 	
54.405884 	53.254108 	51.613953 	72.006943 	38.910152 	38.078865 	36.249138 	35.846897 	36.055511 	34.785053 	33.615471 	30.870699 	31.890438 	34.058773 	36.674240 	37.363083 	20.591261 	55.470715 	18.110771 	36.055511 	28.653097 	36.891735 	74.706093 	46.615448 	14.317822 	16.124516 	45.254833 	36.124783 	29.832869 	32.015621 	999.000000 	36.400551 	29.681644 	32.449963 	26.419689 	77.466118 	29.966648 	31.304953 	32.649654 	27.784887 	37.121422 	30.016663 	31.953091 	61.611687 	73.000000 	59.908264 	69.028976 	63.245552 	26.907248 	62.681736 	76.576759 	65.459915 	62.433964 	
64.845970 	62.968246 	62.297672 	58.309521 	47.801674 	45.880280 	45.354160 	44.384682 	42.720020 	41.484936 	46.529560 	42.426407 	50.039986 	29.546574 	26.076809 	23.600847 	48.507732 	27.166155 	27.294687 	21.189621 	15.297058 	12.727922 	44.407207 	16.124516 	47.010635 	49.244289 	10.440307 	2.828427 	6.708204 	4.472136 	36.400551 	999.000000 	7.211102 	4.472136 	10.816654 	42.941822 	9.219544 	8.062258 	7.000000 	64.070274 	6.403124 	66.287254 	11.045361 	25.238859 	36.769554 	23.706539 	32.649654 	26.925823 	63.031738 	26.419689 	40.311287 	29.154760 	26.400757 	
63.505905 	61.717098 	60.835846 	61.741398 	46.097721 	44.283180 	43.462627 	42.544094 	41.146080 	39.812057 	43.965897 	39.849716 	46.690472 	29.206163 	26.907248 	25.000000 	43.416588 	33.015148 	23.086792 	17.804493 	14.212670 	15.811388 	50.990196 	22.090721 	41.109608 	43.324360 	17.464249 	8.246211 	3.605551 	4.000000 	29.681644 	7.211102 	999.000000 	2.828427 	3.605551 	50.119858 	3.605551 	3.605551 	4.123106 	57.454330 	8.062258 	59.682495 	7.071068 	32.015621 	43.863426 	30.232433 	39.623226 	33.600594 	56.080299 	33.015148 	47.381432 	35.805027 	32.756680 	
64.474800 	62.649822 	61.846584 	60.827625 	47.169907 	45.310043 	44.598206 	43.657761 	42.154476 	40.853397 	45.354160 	41.231056 	48.373547 	29.681644 	26.907248 	24.758837 	45.705578 	31.016125 	25.000000 	18.357559 	14.764823 	14.764823 	48.662102 	20.000000 	43.657761 	45.880280 	14.866069 	6.000000 	4.123106 	2.828427 	32.449963 	4.472136 	2.828427 	999.000000 	6.403124 	47.413078 	5.000000 	4.123106 	3.605551 	60.207973 	6.082763 	62.433964 	7.615773 	29.206163 	41.036568 	27.459061 	36.796738 	30.805843 	58.898216 	30.232433 	44.553337 	33.015148 	30.016663 	
63.134777 	61.400326 	60.415230 	63.694584 	45.650848 	43.908997 	42.941822 	42.059483 	40.816662 	39.446167 	43.081318 	39.000000 	45.354160 	29.698484 	28.017851 	26.419689 	41.109608 	36.124783 	21.587032 	17.029387 	15.000000 	18.248287 	54.341511 	25.317978 	38.327538 	40.521599 	21.023796 	11.704700 	6.000000 	7.280110 	26.419689 	10.816654 	3.605551 	6.403124 	999.000000 	53.712196 	4.000000 	5.099020 	6.324555 	54.203320 	10.770329 	56.435802 	7.280110 	35.468296 	47.423622 	33.600594 	43.139309 	37.013512 	52.630791 	36.400551 	50.931328 	39.204590 	36.055511 	
82.565125 	80.603973 	81.024689 	51.419842 	70.576202 	68.709534 	69.462219 	68.541962 	66.309875 	65.795135 	72.917763 	69.771057 	78.714676 	53.712196 	48.373547 	45.793011 	83.600243 	25.495098 	63.031738 	59.439045 	49.497475 	41.012192 	15.231546 	31.112698 	84.958817 	87.114868 	32.756680 	42.190044 	48.548943 	46.647614 	77.466118 	42.941822 	50.119858 	47.413078 	53.712196 	999.000000 	51.894123 	50.566788 	49.244289 	103.947105 	45.880280 	106.066017 	52.554733 	24.020824 	13.416408 	27.018513 	17.720045 	24.186773 	104.350372 	25.179358 	13.453624 	23.537205 	27.294687 	
66.648331 	64.884514 	63.953106 	65.306969 	49.193497 	47.413078 	46.518814 	45.617977 	44.294468 	42.941822 	46.818798 	42.720020 	49.244289 	32.649654 	30.479502 	28.600698 	45.099888 	36.013885 	25.495098 	14.212670 	17.691807 	19.313208 	53.600372 	25.000000 	42.201897 	44.384682 	19.646883 	11.000000 	7.211102 	7.280110 	29.966648 	9.219544 	3.605551 	5.000000 	4.000000 	51.894123 	999.000000 	1.414214 	2.828427 	57.706154 	7.211102 	59.941639 	3.605551 	32.526913 	44.821869 	30.479502 	40.360870 	33.970577 	55.803226 	33.301651 	48.270073 	36.124783 	32.802441 	
67.082039 	65.299309 	64.404968 	64.845970 	49.658836 	47.853943 	47.010635 	46.097721 	44.721359 	43.382023 	47.434166 	43.324360 	50.009998 	32.802441 	30.413813 	28.425341 	46.173584 	35.057095 	26.305893 	14.422205 	17.804493 	18.788294 	52.469040 	24.020824 	43.416588 	45.607018 	18.439089 	10.049875 	7.071068 	6.708204 	31.304953 	8.062258 	3.605551 	4.123106 	5.099020 	50.566788 	1.414214 	999.000000 	1.414214 	59.059292 	5.830952 	61.294373 	3.605551 	31.112698 	43.416588 	29.068884 	38.948685 	32.557640 	57.201397 	31.890438 	46.861500 	34.713108 	31.400637 	
67.542580 	65.741920 	64.884514 	64.412735 	50.159744 	48.332184 	47.539455 	46.615448 	45.188496 	43.863426 	48.083260 	43.965897 	50.803543 	33.015148 	30.413813 	28.319605 	47.265209 	34.132095 	27.166155 	14.764823 	18.027756 	18.357559 	51.351727 	23.086792 	44.643028 	46.840153 	17.262676 	9.219544 	7.211102 	6.403124 	32.649654 	7.000000 	4.123106 	3.605551 	6.324555 	49.244289 	2.828427 	1.414214 	999.000000 	60.415230 	4.472136 	62.649822 	4.123106 	29.698484 	42.011902 	27.658634 	37.536648 	31.144823 	58.600342 	30.479502 	45.453274 	33.301651 	30.000000 	
58.549126 	58.309521 	56.320511 	89.022469 	49.497475 	49.819675 	47.853943 	48.052055 	49.477268 	48.764740 	43.566040 	43.416588 	38.118237 	54.589375 	58.830265 	60.464867 	24.738634 	80.430092 	41.231056 	62.096699 	54.451813 	62.936478 	99.403221 	72.835434 	19.723083 	17.888544 	72.470680 	63.600315 	57.428215 	59.640591 	27.784887 	64.070274 	57.454330 	60.207973 	54.203320 	103.947105 	57.706154 	59.059292 	60.415230 	999.000000 	64.884514 	2.236068 	59.506302 	89.308456 	100.424103 	87.664131 	96.607452 	90.972527 	8.485281 	90.426765 	104.019226 	93.193344 	90.210861 	
70.384659 	68.541962 	67.779053 	64.660652 	53.141319 	51.264023 	50.596443 	49.648766 	48.104053 	46.818798 	51.419842 	47.296936 	54.451813 	35.355339 	32.202484 	29.832869 	51.478149 	32.756680 	31.016125 	15.297058 	20.615528 	19.104973 	49.040798 	21.840330 	49.040798 	51.244511 	15.033297 	9.219544 	10.198039 	8.544003 	37.121422 	6.403124 	8.062258 	6.082763 	10.770329 	45.880280 	7.211102 	5.830952 	4.472136 	64.884514 	999.000000 	67.119293 	6.708204 	25.495098 	38.013157 	23.345236 	33.421551 	26.870058 	63.007935 	26.172504 	41.400482 	29.000000 	25.612497 	
59.304298 	59.135437 	57.140179 	90.520714 	50.803543 	51.195702 	49.244289 	49.477268 	50.960770 	50.289165 	44.911022 	44.922153 	39.319206 	56.435802 	60.745369 	62.425957 	26.248810 	82.462112 	43.278172 	64.288414 	56.568542 	65.053825 	101.400200 	74.953316 	21.633308 	19.723083 	74.652527 	65.802734 	59.640591 	61.854668 	30.016663 	66.287254 	59.682495 	62.433964 	56.435802 	106.066017 	59.941639 	61.294373 	62.649822 	2.236068 	67.119293 	999.000000 	61.741398 	91.525955 	102.615791 	89.888817 	98.812958 	93.193344 	9.433981 	92.649879 	106.212051 	95.414886 	92.439171 	
70.235321 	68.476273 	67.535179 	68.425140 	52.773098 	51.000000 	50.089920 	49.193497 	47.885281 	46.529560 	50.328918 	46.238514 	52.630791 	36.235340 	33.970577 	32.015621 	48.010414 	38.209946 	28.861740 	10.816654 	21.260292 	22.360680 	55.226807 	27.166155 	44.721359 	46.872166 	21.095022 	13.341664 	10.630146 	10.295630 	31.953091 	11.045361 	7.071068 	7.615773 	7.280110 	52.554733 	3.605551 	3.605551 	4.123106 	59.506302 	6.708204 	61.741398 	999.000000 	32.015621 	44.654228 	29.732138 	40.000000 	33.301651 	57.140179 	32.557640 	48.010414 	35.383614 	31.827662 	
82.389320 	80.399002 	80.224686 	62.425957 	67.007462 	65.007690 	65.069191 	64.070274 	62.032249 	61.073727 	67.364677 	63.505905 	72.006943 	48.041649 	43.000000 	40.000000 	72.801102 	27.294687 	51.264023 	36.769554 	37.643059 	30.413813 	33.541019 	23.086792 	72.006943 	74.242844 	18.439089 	25.942244 	31.906113 	29.681644 	61.611687 	25.238859 	32.015621 	29.206163 	35.468296 	24.020824 	32.526913 	31.112698 	29.698484 	89.308456 	25.495098 	91.525955 	32.015621 	999.000000 	13.000000 	3.000000 	8.062258 	2.000000 	88.090858 	2.236068 	16.124516 	4.123106 	4.242640 	
87.091904 	85.094063 	85.211502 	60.926186 	73.164200 	71.196907 	71.589104 	70.611610 	68.447060 	67.683083 	74.464760 	70.880180 	79.699432 	54.817879 	49.477268 	46.572525 	82.298241 	29.017237 	60.901562 	49.769470 	47.010635 	38.910152 	26.907248 	29.732138 	82.377182 	84.599052 	28.017851 	36.878178 	43.185646 	41.036568 	73.000000 	36.769554 	43.863426 	41.036568 	47.423622 	13.416408 	44.821869 	43.416588 	42.011902 	100.424103 	38.013157 	102.615791 	44.654228 	13.000000 	999.000000 	15.811388 	5.099020 	12.369317 	99.764725 	13.341664 	3.605551 	11.045361 	15.132746 	
82.734512 	80.752708 	80.504662 	64.202805 	67.029846 	65.030762 	65.000000 	64.000000 	62.008064 	61.000000 	67.119293 	63.198101 	71.568146 	48.010414 	43.104523 	40.112343 	71.784401 	28.844410 	50.289165 	34.014702 	36.878178 	30.066593 	36.249138 	23.537205 	70.682388 	72.917763 	18.027756 	24.698177 	30.413813 	28.178005 	59.908264 	23.706539 	30.232433 	27.459061 	33.600594 	27.018513 	30.479502 	29.068884 	27.658634 	87.664131 	23.345236 	89.888817 	29.732138 	3.000000 	15.811388 	999.000000 	10.770329 	3.605551 	86.214851 	2.828427 	18.788294 	5.656854 	3.000000 	
86.005814 	84.005951 	84.005951 	62.177166 	71.449280 	69.462219 	69.720871 	68.731361 	66.610809 	65.764732 	72.367119 	68.658577 	77.369247 	52.773098 	47.518417 	44.553337 	79.202271 	28.635643 	57.697487 	44.777225 	43.863426 	36.055511 	29.832869 	27.459061 	78.892334 	81.123360 	24.596748 	33.015148 	39.204590 	37.013512 	69.028976 	32.649654 	39.623226 	36.796738 	43.139309 	17.720045 	40.360870 	38.948685 	37.536648 	96.607452 	33.421551 	98.812958 	40.000000 	8.062258 	5.099020 	10.770329 	999.000000 	7.280110 	95.671310 	8.246211 	8.062258 	6.000000 	10.049875 	
84.380089 	82.389320 	82.219215 	64.070274 	69.007248 	67.007462 	67.067131 	66.068146 	64.031242 	63.071388 	69.354164 	65.490456 	73.979729 	50.039986 	45.000000 	42.000000 	74.672615 	29.068884 	53.141319 	37.576588 	39.560081 	32.388271 	34.481880 	25.079872 	73.790245 	76.026314 	20.396078 	27.730848 	33.615471 	31.384710 	63.245552 	26.925823 	33.600594 	30.805843 	37.013512 	24.186773 	33.970577 	32.557640 	31.144823 	90.972527 	26.870058 	93.193344 	33.301651 	2.000000 	12.369317 	3.605551 	7.280110 	999.000000 	89.643738 	1.000000 	15.231546 	2.236068 	3.162278 	
65.513359 	65.115280 	63.150612 	93.557472 	55.009090 	55.081757 	53.084839 	53.150730 	54.332310 	53.460266 	49.010204 	48.259712 	44.102154 	57.584721 	61.326992 	62.609905 	30.000000 	81.835197 	42.941822 	58.309521 	55.217751 	63.600315 	101.019798 	73.409805 	23.345236 	22.090721 	72.138756 	62.936478 	56.586216 	58.728188 	26.907248 	63.031738 	56.080299 	58.898216 	52.630791 	104.350372 	55.803226 	57.201397 	58.600342 	8.485281 	63.007935 	9.433981 	57.140179 	88.090858 	99.764725 	86.214851 	95.671310 	89.643738 	999.000000 	89.022469 	103.324730 	91.831367 	88.600227 	
84.480766 	82.492424 	82.298241 	64.637451 	69.000000 	67.000000 	67.029846 	66.030296 	64.007812 	63.031738 	69.260376 	65.375839 	73.824112 	50.009998 	45.011108 	42.011902 	74.330345 	29.529646 	52.810986 	36.674240 	39.293766 	32.249031 	35.355339 	25.179358 	73.348480 	75.584389 	20.223749 	27.313000 	33.120991 	30.886890 	62.681736 	26.419689 	33.015148 	30.232433 	36.400551 	25.179358 	33.301651 	31.890438 	30.479502 	90.426765 	26.172504 	92.649879 	32.557640 	2.236068 	13.341664 	2.828427 	8.246211 	1.000000 	89.022469 	999.000000 	16.155495 	2.828427 	2.236068 	
90.199776 	88.204308 	88.362885 	62.968246 	76.485291 	74.525162 	74.953316 	73.979729 	71.805290 	71.063354 	77.884529 	74.330345 	83.168503 	58.240879 	52.886673 	50.000000 	85.883644 	32.015621 	64.498062 	52.801514 	50.606323 	42.485291 	28.017851 	33.241539 	85.982559 	88.204308 	31.622776 	40.459858 	46.754681 	44.598206 	76.576759 	40.311287 	47.381432 	44.553337 	50.931328 	13.453624 	48.270073 	46.861500 	45.453274 	104.019226 	41.400482 	106.212051 	48.010414 	16.124516 	3.605551 	18.788294 	8.062258 	15.231546 	103.324730 	16.155495 	999.000000 	13.601471 	17.720045 	
86.284416 	84.291161 	84.148682 	65.192024 	71.028160 	69.028976 	69.115845 	68.117546 	66.068146 	65.122963 	71.449280 	67.601776 	76.118332 	52.086468 	47.010635 	44.011364 	76.896034 	30.463093 	55.362442 	39.357338 	41.761227 	34.525352 	34.669872 	27.018513 	76.026314 	78.262383 	22.561028 	29.966648 	35.846897 	33.615471 	65.459915 	29.154760 	35.805027 	33.015148 	39.204590 	23.537205 	36.124783 	34.713108 	33.301651 	93.193344 	29.000000 	95.414886 	35.383614 	4.123106 	11.045361 	5.656854 	6.000000 	2.236068 	91.831367 	2.828427 	13.601471 	999.000000 	4.123106 	
85.708809 	83.725746 	83.486526 	66.610809 	70.028564 	68.029404 	68.000000 	67.000000 	65.007690 	64.000000 	70.114189 	66.189125 	74.545288 	51.009804 	46.097721 	43.104523 	74.632431 	31.384710 	53.160137 	35.355339 	39.812057 	33.060551 	37.589893 	26.476404 	73.409805 	75.643906 	21.023796 	27.513634 	33.105892 	30.870699 	62.433964 	26.400757 	32.756680 	30.016663 	36.055511 	27.294687 	32.802441 	31.400637 	30.000000 	90.210861 	25.612497 	92.439171 	31.827662 	4.242640 	15.132746 	3.000000 	10.049875 	3.162278 	88.600227 	2.236068 	17.720045 	4.123106 	999.000000 	

Travel time:
9.000000 	0.050000 	0.070711 	1.044330 	0.437321 	0.480885 	0.506211 	0.527376 	0.559017 	0.592663 	0.530330 	0.620987 	0.570636 	0.886002 	0.995301 	1.068878 	0.919239 	1.455378 	1.070047 	1.998124 	1.244237 	1.340009 	1.762987 	1.482607 	1.119431 	1.123610 	1.627882 	1.557442 	1.510381 	1.546165 	1.360147 	1.621149 	1.587648 	1.611870 	1.578369 	2.064128 	1.666208 	1.677051 	1.688565 	1.463728 	1.759616 	1.482607 	1.755883 	2.059733 	2.177298 	2.068363 	2.150145 	2.109502 	1.637834 	2.112019 	2.254994 	2.157110 	2.142720 	
0.050000 	9.000000 	0.050000 	1.007782 	0.395285 	0.437321 	0.465027 	0.485412 	0.514782 	0.548862 	0.496236 	0.583631 	0.548293 	0.838153 	0.946375 	1.019804 	0.901388 	1.405569 	1.030776 	1.955761 	1.198176 	1.291559 	1.715554 	1.432873 	1.100284 	1.106797 	1.578765 	1.510174 	1.465008 	1.500208 	1.331353 	1.574206 	1.542928 	1.566246 	1.535008 	2.015099 	1.622113 	1.632483 	1.643548 	1.457738 	1.713549 	1.478386 	1.711907 	2.009975 	2.127352 	2.018818 	2.100149 	2.059733 	1.627882 	2.062311 	2.205108 	2.107279 	2.093144 	
0.070711 	0.050000 	9.000000 	1.043132 	0.369121 	0.413824 	0.437321 	0.458939 	0.492443 	0.525595 	0.459619 	0.550568 	0.503115 	0.824621 	0.937083 	1.011187 	0.854400 	1.410895 	1.000000 	1.929378 	1.179248 	1.279893 	1.732231 	1.428504 	1.053862 	1.059481 	1.570032 	1.494365 	1.444386 	1.480920 	1.290349 	1.557442 	1.520896 	1.546165 	1.510381 	2.025617 	1.598828 	1.610124 	1.622113 	1.408013 	1.694476 	1.428504 	1.688380 	2.005617 	2.130288 	2.012617 	2.100149 	2.055480 	1.578765 	2.057456 	2.209072 	2.103717 	2.087163 	
1.044330 	1.007782 	1.043132 	9.000000 	1.007782 	0.989002 	1.035918 	1.027740 	0.989002 	1.006541 	1.147007 	1.140175 	1.300000 	0.952956 	0.921954 	0.941076 	1.607210 	0.886707 	1.352082 	1.979425 	1.233390 	1.151629 	0.912414 	1.101136 	1.755349 	1.789728 	1.296389 	1.389244 	1.454519 	1.453444 	1.800174 	1.457738 	1.543535 	1.520691 	1.592365 	1.285496 	1.632674 	1.621149 	1.610318 	2.225562 	1.616516 	2.263018 	1.710629 	1.560649 	1.523155 	1.605070 	1.554429 	1.601757 	2.338937 	1.615936 	1.574206 	1.629801 	1.665270 	
0.437321 	0.395285 	0.369121 	1.007782 	9.000000 	0.050000 	0.070711 	0.090139 	0.127475 	0.158114 	0.150000 	0.201556 	0.292617 	0.475657 	0.600521 	0.675463 	0.625500 	1.130542 	0.637377 	1.560849 	0.814325 	0.930390 	1.513481 	1.102554 	0.803508 	0.825379 	1.227294 	1.133854 	1.077033 	1.114955 	0.972754 	1.195042 	1.152443 	1.179248 	1.141271 	1.764405 	1.229837 	1.241471 	1.253994 	1.237437 	1.328533 	1.270089 	1.319327 	1.675187 	1.829105 	1.675746 	1.786232 	1.725181 	1.375227 	1.725000 	1.912132 	1.775704 	1.750714 	
0.480885 	0.437321 	0.413824 	0.989002 	0.050000 	9.000000 	0.050000 	0.055902 	0.079057 	0.111803 	0.158114 	0.182003 	0.313249 	0.425735 	0.550568 	0.625500 	0.629484 	1.083109 	0.601041 	1.518634 	0.766893 	0.880696 	1.470757 	1.052675 	0.800391 	0.825379 	1.177391 	1.085415 	1.030776 	1.068001 	0.951972 	1.147007 	1.107080 	1.132751 	1.097725 	1.717738 	1.185327 	1.196349 	1.208305 	1.245492 	1.281601 	1.279893 	1.275000 	1.625192 	1.779923 	1.625769 	1.736555 	1.675187 	1.377044 	1.675000 	1.863129 	1.725724 	1.700735 	
0.506211 	0.465027 	0.437321 	1.035918 	0.070711 	0.050000 	9.000000 	0.025000 	0.079057 	0.100000 	0.111803 	0.134629 	0.270416 	0.425735 	0.555090 	0.629484 	0.579871 	1.100284 	0.566789 	1.492062 	0.752080 	0.876427 	1.497707 	1.057414 	0.750417 	0.775403 	1.175266 	1.073837 	1.012423 	1.051487 	0.906228 	1.133854 	1.086566 	1.114955 	1.073546 	1.736555 	1.162970 	1.175266 	1.188486 	1.196349 	1.264911 	1.231107 	1.252248 	1.626730 	1.789728 	1.625000 	1.743022 	1.676678 	1.327121 	1.675746 	1.873833 	1.727896 	1.700000 	
0.527376 	0.485412 	0.458939 	1.027740 	0.090139 	0.055902 	0.025000 	9.000000 	0.055902 	0.075000 	0.125000 	0.127475 	0.285044 	0.400780 	0.530330 	0.604669 	0.583631 	1.077033 	0.548293 	1.470757 	0.728011 	0.851469 	1.476906 	1.032594 	0.750000 	0.776611 	1.150272 	1.049405 	0.989002 	1.027740 	0.896172 	1.109617 	1.063602 	1.091444 	1.051487 	1.713549 	1.140449 	1.152443 	1.165386 	1.201301 	1.241219 	1.236932 	1.229837 	1.601757 	1.765290 	1.600000 	1.718284 	1.651704 	1.328768 	1.650757 	1.849493 	1.702939 	1.675000 	
0.559017 	0.514782 	0.492443 	0.989002 	0.127475 	0.079057 	0.079057 	0.055902 	9.000000 	0.035355 	0.176777 	0.152069 	0.336341 	0.350000 	0.477624 	0.552268 	0.618466 	1.021335 	0.531507 	1.442220 	0.687841 	0.803508 	1.421487 	0.980115 	0.776611 	0.806226 	1.101136 	1.006541 	0.951972 	0.989002 	0.901388 	1.068001 	1.028652 	1.053862 	1.020416 	1.657747 	1.107362 	1.118034 	1.129712 	1.236932 	1.202601 	1.274019 	1.197132 	1.550806 	1.711177 	1.550202 	1.665270 	1.600781 	1.358308 	1.600195 	1.795132 	1.651704 	1.625192 	
0.592663 	0.548862 	0.525595 	1.006541 	0.158114 	0.111803 	0.100000 	0.075000 	0.035355 	9.000000 	0.180278 	0.134629 	0.336341 	0.325960 	0.456207 	0.530330 	0.601041 	1.007782 	0.496236 	1.407569 	0.656220 	0.776611 	1.415318 	0.958188 	0.753741 	0.785016 	1.075291 	0.976281 	0.919239 	0.956883 	0.869626 	1.037123 	0.995301 	1.021335 	0.986154 	1.644878 	1.073546 	1.084551 	1.096586 	1.219118 	1.170470 	1.257229 	1.163239 	1.526843 	1.692077 	1.525000 	1.644118 	1.576785 	1.336507 	1.575794 	1.776584 	1.628074 	1.600000 	
0.530330 	0.496236 	0.459619 	1.147007 	0.150000 	0.158114 	0.111803 	0.125000 	0.176777 	0.180278 	9.000000 	0.103078 	0.160078 	0.491172 	0.625000 	0.697316 	0.475657 	1.185591 	0.548862 	1.487027 	0.781425 	0.926350 	1.595502 	1.122776 	0.654313 	0.675463 	1.227294 	1.107080 	1.030776 	1.073837 	0.840387 	1.163239 	1.099147 	1.133854 	1.077033 	1.822944 	1.170470 	1.185854 	1.202081 	1.089151 	1.285496 	1.122776 	1.258223 	1.684117 	1.861619 	1.677982 	1.809178 	1.733854 	1.225255 	1.731509 	1.947113 	1.786232 	1.752855 	
0.620987 	0.583631 	0.550568 	1.140175 	0.201556 	0.182003 	0.134629 	0.127475 	0.152069 	0.134629 	0.103078 	9.000000 	0.223607 	0.403887 	0.538516 	0.608790 	0.467039 	1.107362 	0.450694 	1.386768 	0.679154 	0.828402 	1.530523 	1.030776 	0.625500 	0.654313 	1.129436 	1.004987 	0.927699 	0.970824 	0.771767 	1.060660 	0.996243 	1.030776 	0.975000 	1.744276 	1.068001 	1.083109 	1.099147 	1.085415 	1.182423 	1.123054 	1.155963 	1.587648 	1.772004 	1.579952 	1.716464 	1.637261 	1.206493 	1.634396 	1.858259 	1.690044 	1.654728 	
0.570636 	0.548293 	0.503115 	1.300000 	0.292617 	0.313249 	0.270416 	0.285044 	0.336341 	0.336341 	0.160078 	0.223607 	9.000000 	0.626997 	0.761577 	0.831038 	0.357946 	1.330883 	0.594243 	1.527457 	0.875357 	1.039832 	1.750000 	1.250000 	0.553399 	0.564026 	1.340009 	1.200000 	1.107080 	1.154340 	0.797261 	1.251000 	1.167262 	1.209339 	1.133854 	1.967867 	1.231107 	1.250250 	1.270089 	0.952956 	1.361295 	0.982980 	1.315770 	1.800174 	1.992486 	1.789204 	1.934231 	1.849493 	1.102554 	1.845603 	2.079213 	1.902958 	1.863632 	
0.886002 	0.838153 	0.824621 	0.952956 	0.475657 	0.425735 	0.425735 	0.400780 	0.350000 	0.325960 	0.491172 	0.403887 	0.626997 	9.000000 	0.134629 	0.206155 	0.781025 	0.707549 	0.400000 	1.167262 	0.375000 	0.456207 	1.149184 	0.632949 	0.872138 	0.917878 	0.751665 	0.673146 	0.645174 	0.673146 	0.851469 	0.738664 	0.730154 	0.742041 	0.742462 	1.342805 	0.816241 	0.820061 	0.825379 	1.364734 	0.883883 	1.410895 	0.905883 	1.201041 	1.370447 	1.200260 	1.319327 	1.251000 	1.439618 	1.250250 	1.456022 	1.302162 	1.275245 	
0.995301 	0.946375 	0.937083 	0.921954 	0.600521 	0.550568 	0.555090 	0.530330 	0.477624 	0.456207 	0.625000 	0.538516 	0.761577 	0.134629 	9.000000 	0.075000 	0.901734 	0.575543 	0.467039 	1.117195 	0.325960 	0.348210 	1.025914 	0.502494 	0.977880 	1.026219 	0.632949 	0.583095 	0.583631 	0.602080 	0.916856 	0.651920 	0.672681 	0.672681 	0.700446 	1.209339 	0.761988 	0.760345 	0.760345 	1.470757 	0.805062 	1.518634 	0.849264 	1.075000 	1.236932 	1.077613 	1.187960 	1.125000 	1.533175 	1.125278 	1.322167 	1.175266 	1.152443 	
1.068878 	1.019804 	1.011187 	0.941076 	0.675463 	0.625500 	0.629484 	0.604669 	0.552268 	0.530330 	0.697316 	0.608790 	0.831038 	0.206155 	0.075000 	9.000000 	0.955249 	0.515388 	0.492443 	1.070047 	0.292617 	0.279509 	0.976281 	0.427931 	1.020110 	1.070047 	0.559017 	0.520216 	0.535023 	0.548293 	0.934077 	0.590021 	0.625000 	0.618971 	0.660492 	1.144825 	0.715017 	0.710634 	0.707990 	1.511622 	0.745822 	1.560649 	0.800391 	1.000000 	1.164313 	1.002809 	1.113833 	1.050000 	1.565248 	1.050297 	1.250000 	1.100284 	1.077613 	
0.919239 	0.901388 	0.854400 	1.607210 	0.625500 	0.629484 	0.579871 	0.583631 	0.618466 	0.601041 	0.475657 	0.467039 	0.357946 	0.781025 	0.901734 	0.955249 	9.000000 	1.469906 	0.538516 	1.364734 	0.883530 	1.085415 	1.927596 	1.325000 	0.201556 	0.206155 	1.365650 	1.178187 	1.049405 	1.103687 	0.514782 	1.212693 	1.085415 	1.142639 	1.027740 	2.090006 	1.127497 	1.154340 	1.181630 	0.618466 	1.286954 	0.656220 	1.200260 	1.820028 	2.057456 	1.794610 	1.980057 	1.866815 	0.750000 	1.858259 	2.147091 	1.922401 	1.865811 	
