Total assets = 564
Number of asset nodes = 33

Distance:
999.000000 	8.544003 	30.886890 	36.878178 	2.236068 	11.661903 	10.000000 	6.324555 	85.632935 	36.055511 	53.338543 	101.237343 	29.068884 	38.626415 	87.863533 	10.198039 	90.027771 	17.804493 	92.849342 	14.035668 	111.865990 	12.806249 	16.155495 	61.269894 	29.832869 	93.085983 	39.812057 	98.081596 	106.887794 	21.095022 	82.152298 	62.393909 	20.396078 	44.553337 	26.925823 	20.024984 	25.632011 	34.828148 	111.946419 	21.931713 	52.773098 	87.321243 	34.481880 	93.813644 	30.413813 	35.468296 	34.481880 	104.847511 	34.985710 	64.938431 	63.639610 	38.483765 	105.152267 	
8.544003 	999.000000 	22.472204 	45.354160 	10.295630 	20.124611 	18.357559 	13.453624 	77.781746 	44.598206 	44.944408 	93.723000 	37.576588 	30.083218 	79.931221 	16.401220 	82.073135 	25.495098 	84.899940 	22.090721 	104.350372 	13.000000 	22.803509 	52.773098 	38.013157 	85.041168 	31.400637 	90.027771 	99.005051 	17.204651 	73.783470 	53.851646 	25.942244 	36.221542 	34.058773 	24.698177 	20.000000 	42.426407 	104.004807 	23.021729 	44.407207 	78.892334 	28.178005 	85.440041 	25.495098 	41.677334 	29.732138 	96.519424 	30.413813 	56.568542 	55.326305 	33.015148 	96.798759 	
30.886890 	22.472204 	999.000000 	67.067131 	32.756680 	42.544094 	40.816662 	35.805027 	56.080299 	66.708321 	22.472204 	72.670486 	59.941639 	9.055386 	58.051701 	38.288380 	60.141499 	47.801674 	62.968246 	43.324360 	83.234612 	31.400637 	44.598206 	30.463093 	60.464867 	62.936478 	13.892444 	67.896980 	77.155685 	27.513634 	51.312767 	32.015621 	46.754681 	18.788294 	55.901699 	44.821869 	24.186773 	64.536812 	82.036575 	39.357338 	25.709921 	56.435802 	25.709921 	62.968246 	29.000000 	62.481998 	32.140316 	74.060783 	33.136082 	37.215588 	36.496574 	32.015621 	74.330345 	
36.878178 	45.354160 	67.067131 	999.000000 	35.510563 	26.076809 	28.071337 	34.058773 	118.983192 	4.472136 	89.157166 	133.060135 	11.180340 	75.286118 	121.490738 	34.058773 	123.713379 	25.709921 	126.479248 	23.769728 	143.533966 	44.045429 	30.805843 	97.498718 	17.029387 	127.094452 	76.687675 	132.075729 	140.089264 	54.083271 	117.630775 	98.979797 	34.176014 	81.394104 	26.627054 	37.000000 	60.008331 	23.600847 	145.340973 	46.572525 	89.627007 	123.065025 	69.028976 	129.247818 	63.285069 	33.970577 	66.610809 	140.003571 	66.753281 	101.788994 	100.448990 	71.449280 	140.431473 	
2.236068 	10.295630 	32.756680 	35.510563 	999.000000 	9.848858 	8.062258 	4.123106 	87.726852 	34.481880 	55.226807 	103.392456 	27.313000 	40.311287 	89.938866 	8.062258 	92.097771 	15.620500 	94.921021 	13.341664 	114.021927 	12.041595 	13.928389 	63.063461 	27.802877 	95.131485 	41.231056 	100.124924 	108.977058 	21.023796 	84.059502 	64.078079 	18.248287 	45.891174 	24.698177 	18.000000 	25.961510 	32.649654 	114.021927 	20.591261 	54.129475 	89.185204 	34.928497 	95.718338 	30.463093 	33.241539 	34.438351 	106.780151 	34.885529 	66.287254 	64.938431 	38.626415 	107.070068 	
11.661903 	20.124611 	42.544094 	26.076809 	9.848858 	999.000000 	2.000000 	8.000000 	97.082436 	24.738634 	65.000000 	112.449989 	17.464249 	50.159744 	99.357941 	8.944272 	101.533249 	8.062258 	104.350372 	8.062258 	123.069084 	18.439089 	9.848858 	72.897186 	18.384777 	104.637466 	50.960770 	109.635757 	118.342720 	28.442924 	93.813644 	73.925636 	15.231546 	55.542778 	17.464249 	16.643316 	34.132095 	24.186773 	123.434196 	23.600847 	63.788715 	98.979797 	43.185646 	105.475113 	37.854988 	27.166155 	41.484936 	116.503220 	41.761227 	75.927597 	74.525162 	46.097721 	116.811813 	
10.000000 	18.357559 	40.816662 	28.071337 	8.062258 	2.000000 	999.000000 	6.000000 	95.587654 	26.683329 	63.285069 	111.072052 	19.313208 	48.332184 	97.836601 	7.211102 	100.004997 	8.544003 	102.825096 	9.219544 	121.696342 	16.492422 	9.219544 	71.119621 	19.849434 	103.077644 	49.040798 	108.074051 	116.846054 	26.476404 	92.114059 	72.090218 	14.560220 	53.600372 	18.027756 	15.652476 	32.140316 	25.238859 	121.918007 	22.022715 	61.846584 	97.247108 	41.194660 	103.773796 	35.902645 	27.459061 	39.560081 	114.825958 	39.849716 	73.979729 	72.567207 	44.147480 	115.121674 	
6.324555 	13.453624 	35.805027 	34.058773 	4.123106 	8.000000 	6.000000 	999.000000 	91.219513 	32.557640 	58.249462 	107.056061 	25.000000 	42.941822 	93.380943 	4.000000 	95.524864 	12.041595 	98.351410 	13.892444 	117.686020 	10.770329 	9.848858 	65.863495 	24.698177 	98.493652 	43.324360 	103.479469 	112.449989 	20.615528 	87.091904 	66.640831 	14.142136 	47.801674 	20.808653 	14.035668 	26.172504 	29.000000 	117.456375 	17.804493 	56.044624 	92.114059 	35.227829 	98.737022 	30.083218 	29.154760 	33.837849 	109.859001 	34.176014 	68.154236 	66.708321 	38.327538 	110.113579 	
85.632935 	77.781746 	56.080299 	118.983192 	87.726852 	97.082436 	95.587654 	91.219513 	999.000000 	119.620232 	35.355339 	17.720045 	113.850777 	51.623638 	3.000000 	94.069122 	5.099020 	103.247276 	7.615773 	95.801880 	27.730848 	87.458565 	100.448990 	32.015621 	115.433968 	9.055386 	55.461697 	13.601471 	21.260292 	82.377182 	16.552946 	35.355339 	102.825096 	54.424259 	111.758667 	100.895988 	77.524193 	120.208153 	26.400757 	94.868332 	50.219517 	19.849434 	74.323616 	19.235384 	80.498444 	118.562218 	81.939003 	25.019993 	82.855293 	47.010635 	49.000000 	79.120163 	26.076809 	
36.055511 	44.598206 	66.708321 	4.472136 	34.481880 	24.738634 	26.683329 	32.557640 	119.620232 	999.000000 	89.000000 	134.063416 	8.062258 	74.672615 	122.065559 	32.062439 	124.277916 	23.086792 	127.062973 	23.853722 	144.589066 	42.047592 	28.160255 	97.169952 	13.038404 	127.581345 	75.690155 	132.574509 	140.801285 	52.009613 	117.647781 	98.432716 	31.048349 	80.280754 	22.825424 	33.955853 	58.077534 	19.209373 	146.013702 	43.737854 	88.526833 	122.983742 	67.029846 	129.294235 	61.032780 	29.698484 	64.195015 	140.160629 	64.280632 	100.662804 	99.247169 	69.115845 	140.545364 	
53.338543 	44.944408 	22.472204 	89.157166 	55.226807 	65.000000 	63.285069 	58.249462 	35.355339 	89.000000 	999.000000 	52.801514 	82.365044 	16.401220 	36.891735 	60.605282 	38.832977 	70.213959 	41.617306 	65.391129 	63.063461 	53.037724 	66.843102 	9.000000 	82.927681 	41.231056 	20.248457 	46.097721 	55.803226 	47.201694 	28.844410 	12.649111 	68.622154 	20.099751 	78.102493 	66.468040 	42.190044 	86.833176 	60.440052 	59.816387 	18.973665 	34.000000 	39.217342 	40.496914 	45.188496 	84.148682 	46.818798 	51.613953 	47.759815 	24.083189 	24.758837 	44.384682 	51.865211 	
101.237343 	93.723000 	72.670486 	133.060135 	103.392456 	112.449989 	111.072052 	107.056061 	17.720045 	134.063416 	52.801514 	999.000000 	128.763351 	68.883957 	17.117243 	110.113579 	16.000000 	119.004204 	14.142136 	110.453613 	10.630146 	104.043259 	116.516090 	49.729267 	130.831955 	16.492422 	73.006851 	15.264338 	11.401754 	99.478638 	32.062439 	52.952808 	119.201508 	72.111023 	127.781059 	117.413795 	94.826157 	136.029404 	16.031219 	111.830231 	67.911705 	32.984844 	91.923882 	28.635643 	97.989792 	135.000000 	99.538940 	26.907248 	100.463921 	64.124878 	66.189125 	96.798759 	28.319605 	
29.068884 	37.576588 	59.941639 	11.180340 	27.313000 	17.464249 	19.313208 	25.000000 	113.850777 	8.062258 	82.365044 	128.763351 	999.000000 	67.623962 	116.211014 	24.186773 	118.406082 	15.033297 	121.210564 	18.439089 	139.344894 	34.132095 	20.099751 	90.338257 	6.708204 	121.605919 	68.308128 	126.605690 	135.092560 	44.045429 	111.139549 	91.389275 	23.086792 	72.801102 	15.620500 	25.961510 	50.159744 	14.560220 	140.246216 	35.693138 	81.043198 	116.361504 	59.076221 	122.800652 	53.009434 	23.853722 	56.142673 	133.775925 	56.222771 	93.145050 	91.678787 	61.073727 	134.111893 	
38.626415 	30.083218 	9.055386 	75.286118 	40.311287 	50.159744 	48.332184 	42.941822 	51.623638 	74.672615 	16.401220 	68.883957 	67.623962 	999.000000 	53.254108 	44.944408 	55.217751 	54.708317 	58.008621 	51.662365 	79.259071 	36.878178 	51.039200 	23.021729 	67.601776 	57.628117 	6.708204 	62.481998 	72.201111 	30.805843 	44.687805 	23.769728 	52.497620 	10.630146 	62.201286 	50.249378 	25.942244 	71.028160 	76.837494 	43.416588 	16.763054 	49.406479 	24.186773 	56.222771 	29.410883 	67.896980 	31.575306 	67.475922 	32.557640 	28.160255 	27.459061 	30.016663 	67.623962 	
87.863533 	79.931221 	58.051701 	121.490738 	89.938866 	99.357941 	97.836601 	93.380943 	3.000000 	122.065559 	36.891735 	17.117243 	116.211014 	53.254108 	999.000000 	96.166519 	2.236068 	105.418213 	5.000000 	98.229324 	26.570660 	89.375610 	102.532921 	32.893768 	117.686020 	6.082763 	56.824291 	10.770329 	19.104973 	84.053551 	15.524175 	35.902645 	104.804581 	55.542778 	113.846390 	102.825096 	79.075912 	122.347862 	24.083189 	96.607452 	50.960770 	18.027756 	75.584389 	16.643316 	81.884064 	120.507263 	83.192551 	22.022715 	84.095184 	47.042534 	49.091751 	80.230919 	23.086792 	
10.198039 	16.401220 	38.288380 	34.058773 	8.062258 	8.944272 	7.211102 	4.000000 	94.069122 	32.062439 	60.605282 	110.113579 	24.186773 	44.944408 	96.166519 	999.000000 	98.290382 	9.848858 	101.118744 	16.278820 	120.739388 	10.000000 	6.403124 	67.955872 	22.847319 	101.178062 	44.777225 	106.150833 	115.260574 	20.024984 	89.403580 	68.476273 	10.198039 	49.040798 	17.691807 	10.049875 	26.019224 	26.248810 	120.216469 	14.866069 	57.245087 	94.302704 	35.000000 	101.019798 	29.274563 	25.495098 	32.756680 	112.200714 	32.984844 	69.260376 	67.720009 	37.483330 	112.414413 	
90.027771 	82.073135 	60.141499 	123.713379 	92.097771 	101.533249 	100.004997 	95.524864 	5.099020 	124.277916 	38.832977 	16.000000 	118.406082 	55.217751 	2.236068 	98.290382 	999.000000 	107.563934 	2.828427 	100.439034 	25.000000 	91.438507 	104.651802 	34.539833 	119.854080 	4.000000 	58.668560 	8.544003 	17.029387 	86.023254 	16.124516 	37.363083 	106.887794 	57.271286 	115.965515 	104.890419 	80.993828 	124.482933 	21.931713 	98.600204 	52.497620 	17.888544 	77.369247 	15.620500 	83.725746 	122.576508 	84.970581 	20.099751 	85.866173 	48.166378 	50.249378 	81.939003 	21.213203 	
17.804493 	25.495098 	47.801674 	25.709921 	15.620500 	8.062258 	8.544003 	12.041595 	103.247276 	23.086792 	70.213959 	119.004204 	15.033297 	54.708317 	105.418213 	9.848858 	107.563934 	999.000000 	110.390221 	15.297058 	129.634094 	19.416489 	5.099020 	77.698135 	13.000000 	110.535065 	54.625999 	115.520561 	124.482933 	29.154760 	99.045441 	78.294319 	9.219544 	58.872746 	9.486833 	11.661903 	35.355339 	17.029387 	129.495178 	20.880613 	67.067131 	104.009613 	44.181442 	110.679718 	38.000000 	19.104973 	41.109608 	121.827744 	41.194660 	79.056938 	77.491936 	46.043457 	122.065559 	
92.849342 	84.899940 	62.968246 	126.479248 	94.921021 	104.350372 	102.825096 	98.351410 	7.615773 	127.062973 	41.617306 	14.142136 	121.210564 	58.008621 	5.000000 	101.118744 	2.828427 	110.390221 	999.000000 	103.227905 	22.561028 	94.260277 	107.480232 	37.161808 	122.674362 	2.828427 	61.400326 	6.082763 	14.212670 	88.814415 	18.000000 	39.849716 	109.713264 	59.933296 	118.793938 	107.712578 	83.761566 	127.310646 	19.104973 	101.400200 	55.027267 	18.973665 	80.062477 	15.620500 	86.452301 	125.399361 	87.658424 	18.439089 	88.549423 	50.358715 	52.469040 	84.581322 	19.646883 	
14.035668 	22.090721 	43.324360 	23.769728 	13.341664 	8.062258 	9.219544 	13.892444 	95.801880 	23.853722 	65.391129 	110.453613 	18.439089 	51.662365 	98.229324 	16.278820 	100.439034 	15.297058 	103.227905 	999.000000 	121.016525 	24.596748 	17.888544 	73.736015 	21.931713 	103.730423 	53.460266 	108.724419 	117.004272 	34.176014 	93.914856 	75.286118 	23.259407 	58.309521 	24.000000 	24.698177 	39.293766 	29.120440 	122.200653 	31.144823 	66.483078 	99.317673 	48.270073 	105.546196 	43.657761 	34.014702 	47.539455 	116.361504 	47.927029 	78.638412 	77.414467 	51.865211 	116.764717 	
111.865990 	104.350372 	83.234612 	143.533966 	114.021927 	123.069084 	121.696342 	117.686020 	27.730848 	144.589066 	63.063461 	10.630146 	139.344894 	79.259071 	26.570660 	120.739388 	25.000000 	129.634094 	22.561028 	121.016525 	999.000000 	114.621117 	127.141655 	59.464275 	141.449631 	24.186773 	83.192551 	21.023796 	11.704700 	109.931801 	40.311287 	62.361847 	129.807556 	82.079231 	138.408813 	128.003906 	105.190300 	146.659470 	12.727922 	122.331520 	77.491936 	40.012497 	102.044106 	34.365681 	108.226616 	145.602203 	109.658562 	29.068884 	110.571243 	72.835434 	74.966660 	106.775467 	30.413813 	
12.806249 	13.000000 	31.400637 	44.045429 	12.041595 	18.439089 	16.492422 	10.770329 	87.458565 	42.047592 	53.037724 	104.043259 	34.132095 	36.878178 	89.375610 	10.000000 	91.438507 	19.416489 	94.260277 	24.596748 	114.621117 	999.000000 	14.866069 	59.816387 	32.280025 	94.111633 	35.846897 	99.035347 	108.466583 	10.049875 	81.565926 	59.908264 	15.620500 	39.812057 	25.553865 	13.453624 	16.031219 	34.481880 	113.278419 	10.049875 	47.927029 	86.214851 	25.000000 	93.085983 	19.416489 	31.144823 	23.086792 	104.350372 	23.409399 	59.808025 	58.189346 	27.658634 	104.484451 	
16.155495 	22.803509 	44.598206 	30.805843 	13.928389 	9.848858 	9.219544 	9.848858 	100.448990 	28.160255 	66.843102 	116.516090 	20.099751 	51.039200 	102.532921 	6.403124 	104.651802 	5.099020 	107.480232 	17.888544 	127.141655 	14.866069 	999.000000 	74.060783 	17.464249 	107.517441 	50.537113 	112.485558 	121.630585 	24.331051 	95.603348 	74.431175 	5.385165 	54.625999 	11.313708 	7.071068 	30.594116 	20.000000 	126.574089 	15.811388 	62.769421 	100.439034 	39.319206 	107.200745 	33.015148 	19.313208 	36.055511 	118.406082 	36.124783 	74.672615 	73.054771 	41.012192 	118.600166 	
61.269894 	52.773098 	30.463093 	97.498718 	63.063461 	72.897186 	71.119621 	65.863495 	32.015621 	97.169952 	9.000000 	49.729267 	90.338257 	23.021729 	32.893768 	67.955872 	34.539833 	77.698135 	37.161808 	73.736015 	59.464275 	59.816387 	74.060783 	999.000000 	90.553848 	36.235340 	24.839485 	40.816662 	51.000000 	53.037724 	21.931713 	5.000000 	75.432091 	22.825424 	85.211502 	73.109505 	47.507893 	94.047859 	55.226807 	65.764732 	18.248287 	26.400757 	43.046486 	33.301651 	49.648766 	90.686272 	50.606323 	44.598206 	51.478149 	18.357559 	19.697716 	47.423622 	44.687805 	
29.832869 	38.013157 	60.464867 	17.029387 	27.802877 	18.384777 	19.849434 	24.698177 	115.433968 	13.038404 	82.927681 	130.831955 	6.708204 	67.601776 	117.686020 	22.847319 	119.854080 	13.000000 	122.674362 	21.931713 	141.449631 	32.280025 	17.464249 	90.553848 	999.000000 	122.918671 	67.623962 	127.914032 	136.693085 	41.773197 	111.772087 	91.241440 	19.026299 	71.867935 	9.848858 	22.022715 	48.052055 	8.062258 	141.767410 	32.015621 	80.056229 	116.811813 	56.718605 	123.422043 	50.249378 	17.204651 	53.037724 	134.525085 	53.009434 	92.027168 	90.443352 	58.077534 	134.792435 	
93.085983 	85.041168 	62.936478 	127.094452 	95.131485 	104.637466 	103.077644 	98.493652 	9.055386 	127.581345 	41.231056 	16.492422 	121.605919 	57.628117 	6.082763 	101.178062 	4.000000 	110.535065 	2.828427 	103.730423 	24.186773 	94.111633 	107.517441 	36.235340 	122.918671 	999.000000 	60.745369 	5.000000 	14.764823 	88.408142 	16.124516 	38.626415 	109.622078 	59.059292 	118.827606 	107.563934 	83.234612 	127.404869 	19.209373 	101.044548 	53.851646 	16.492422 	79.259071 	12.806249 	85.755463 	125.255737 	86.833176 	16.124516 	87.709747 	48.662102 	50.803543 	83.630135 	17.262676 	
39.812057 	31.400637 	13.892444 	76.687675 	41.231056 	50.960770 	49.040798 	43.324360 	55.461697 	75.690155 	20.248457 	73.006851 	68.308128 	6.708204 	56.824291 	44.777225 	58.668560 	54.625999 	61.400326 	53.460266 	83.192551 	35.846897 	50.537113 	24.839485 	67.623962 	60.745369 	999.000000 	65.459915 	75.471848 	28.319605 	46.754681 	24.207438 	51.312767 	5.099020 	61.400326 	48.826221 	22.671568 	70.327805 	79.881165 	41.036568 	13.038404 	50.931328 	18.973665 	57.982758 	25.059929 	66.219330 	26.570660 	69.296463 	27.513634 	25.179358 	24.020824 	24.331051 	69.310890 	
98.081596 	90.027771 	67.896980 	132.075729 	100.124924 	109.635757 	108.074051 	103.479469 	13.601471 	132.574509 	46.097721 	15.264338 	126.605690 	62.481998 	10.770329 	106.150833 	8.544003 	115.520561 	6.082763 	108.724419 	21.023796 	99.035347 	112.485558 	40.816662 	127.914032 	5.000000 	65.459915 	999.000000 	10.440307 	93.236259 	19.924858 	42.953465 	114.560028 	63.631752 	123.794182 	112.485558 	88.005684 	132.382019 	14.422205 	105.891457 	58.180752 	19.000000 	83.862984 	13.601471 	90.426765 	130.176804 	91.416626 	13.000000 	92.282173 	52.392746 	54.571056 	88.119240 	14.317822 	
106.887794 	99.005051 	77.155685 	140.089264 	108.977058 	118.342720 	116.846054 	112.449989 	21.260292 	140.801285 	55.803226 	11.401754 	135.092560 	72.201111 	19.104973 	115.260574 	17.029387 	124.482933 	14.212670 	117.004272 	11.704700 	108.466583 	121.630585 	51.000000 	136.693085 	14.764823 	75.471848 	10.440307 	999.000000 	103.004852 	30.364452 	53.310413 	123.907227 	73.824112 	132.943604 	121.918007 	97.908119 	141.428421 	5.385165 	115.602768 	68.541962 	29.154760 	94.021271 	23.021729 	100.498756 	139.603012 	101.597244 	17.492855 	102.474388 	62.817196 	65.000000 	98.386993 	18.867962 	
21.095022 	17.204651 	27.513634 	54.083271 	21.023796 	28.442924 	26.476404 	20.615528 	82.377182 	52.009613 	47.201694 	99.478638 	44.045429 	30.805843 	84.053551 	20.024984 	86.023254 	29.154760 	88.814415 	34.176014 	109.931801 	10.049875 	24.331051 	53.037724 	41.773197 	88.408142 	28.319605 	93.236259 	103.004852 	999.000000 	74.966660 	52.497620 	23.769728 	31.622776 	34.176014 	21.023796 	6.324555 	43.081318 	107.615051 	12.727922 	39.446167 	79.246452 	15.033297 	86.278618 	9.486833 	38.013157 	13.416408 	97.590981 	13.892444 	50.990196 	49.244289 	17.720045 	97.621719 	
82.152298 	73.783470 	51.312767 	117.630775 	84.059502 	93.813644 	92.114059 	87.091904 	16.552946 	117.647781 	28.844410 	32.062439 	111.139549 	44.687805 	15.524175 	89.403580 	16.124516 	99.045441 	18.000000 	93.914856 	40.311287 	81.565926 	95.603348 	21.931713 	111.772087 	16.124516 	46.754681 	19.924858 	30.364452 	74.966660 	999.000000 	23.323807 	97.185387 	44.407207 	106.826965 	94.921021 	69.426216 	115.602768 	34.014702 	87.692642 	38.470768 	6.000000 	64.637451 	11.661903 	71.400284 	112.538879 	72.111023 	22.803509 	72.945183 	32.557640 	34.713108 	68.600288 	23.021729 	
62.393909 	53.851646 	32.015621 	98.979797 	64.078079 	73.925636 	72.090218 	66.640831 	35.355339 	98.432716 	12.649111 	52.952808 	91.389275 	23.769728 	35.902645 	68.476273 	37.363083 	78.294319 	39.849716 	75.286118 	62.361847 	59.908264 	74.431175 	5.000000 	91.241440 	38.626415 	24.207438 	42.953465 	53.310413 	52.497620 	23.323807 	999.000000 	75.451973 	21.260292 	85.440041 	73.006851 	46.690472 	94.339813 	57.245087 	65.192024 	15.231546 	26.907248 	41.400482 	34.058773 	48.270073 	90.426765 	48.826221 	45.343136 	49.648766 	13.416408 	14.866069 	45.276924 	45.276924 	
20.396078 	25.942244 	46.754681 	34.176014 	18.248287 	15.231546 	14.560220 	14.142136 	102.825096 	31.048349 	68.622154 	119.201508 	23.086792 	52.497620 	104.804581 	10.198039 	106.887794 	9.219544 	109.713264 	23.259407 	129.807556 	15.620500 	5.385165 	75.432091 	19.026299 	109.622078 	51.312767 	114.560028 	123.907227 	23.769728 	97.185387 	75.451973 	999.000000 	55.072678 	10.440307 	3.000000 	30.083218 	19.313208 	128.763351 	13.000000 	63.063461 	101.828285 	38.327538 	108.706024 	31.575306 	15.811388 	34.132095 	119.970833 	34.058773 	74.732857 	73.006851 	39.204590 	120.104118 	
44.553337 	36.221542 	18.788294 	81.394104 	45.891174 	55.542778 	53.600372 	47.801674 	54.424259 	80.280754 	20.099751 	72.111023 	72.801102 	10.630146 	55.542778 	49.040798 	57.271286 	58.872746 	59.933296 	58.309521 	82.079231 	39.812057 	54.625999 	22.825424 	71.867935 	59.059292 	5.099020 	63.631752 	73.824112 	31.622776 	44.407207 	21.260292 	55.072678 	999.000000 	65.299309 	52.478565 	25.612497 	74.242844 	78.032043 	44.204071 	8.246211 	48.166378 	20.248457 	55.317268 	27.018513 	69.634758 	27.784887 	66.603302 	28.653097 	20.396078 	19.104973 	24.698177 	66.528191 	
26.925823 	34.058773 	55.901699 	26.627054 	24.698177 	17.464249 	18.027756 	20.808653 	111.758667 	22.825424 	78.102493 	127.781059 	15.620500 	62.201286 	113.846390 	17.691807 	115.965515 	9.486833 	118.793938 	24.000000 	138.408813 	25.553865 	11.313708 	85.211502 	9.848858 	118.827606 	61.400326 	123.794182 	132.943604 	34.176014 	106.826965 	85.440041 	10.440307 	65.299309 	999.000000 	13.341664 	40.496914 	8.944272 	137.887634 	23.194826 	73.348480 	111.606453 	48.764740 	118.406082 	41.976185 	10.049875 	44.407207 	129.630249 	44.283180 	85.088188 	83.384651 	49.497475 	129.807556 	
20.024984 	24.698177 	44.821869 	37.000000 	18.000000 	16.643316 	15.652476 	14.035668 	100.895988 	33.955853 	66.468040 	117.413795 	25.961510 	50.249378 	102.825096 	10.049875 	104.890419 	11.661903 	107.712578 	24.698177 	128.003906 	13.453624 	7.071068 	73.109505 	22.022715 	107.563934 	48.826221 	112.485558 	121.918007 	21.023796 	94.921021 	73.006851 	3.000000 	52.478565 	13.341664 	999.000000 	27.313000 	22.135944 	126.732002 	10.000000 	60.415230 	99.488693 	35.440090 	106.404884 	28.635643 	17.691807 	31.144823 	117.686020 	31.064449 	72.013885 	70.263786 	36.221542 	117.796432 	
25.632011 	20.000000 	24.186773 	60.008331 	25.961510 	34.132095 	32.140316 	26.172504 	77.524193 	58.077534 	42.190044 	94.826157 	50.159744 	25.942244 	79.075912 	26.019224 	80.993828 	35.355339 	83.761566 	39.293766 	105.190300 	16.031219 	30.594116 	47.507893 	48.052055 	83.234612 	22.671568 	88.005684 	97.908119 	6.324555 	69.426216 	46.690472 	30.083218 	25.612497 	40.496914 	27.313000 	999.000000 	49.396355 	102.415817 	18.601076 	33.286633 	73.539108 	9.055386 	80.622574 	5.830952 	44.102154 	10.000000 	91.934761 	10.816654 	44.721359 	42.953465 	13.038404 	91.923882 	
34.828148 	42.426407 	64.536812 	23.600847 	32.649654 	24.186773 	25.238859 	29.000000 	120.208153 	19.209373 	86.833176 	136.029404 	14.560220 	71.028160 	122.347862 	26.248810 	124.482933 	17.029387 	127.310646 	29.120440 	146.659470 	34.481880 	20.000000 	94.047859 	8.062258 	127.404869 	70.327805 	132.382019 	141.428421 	43.081318 	115.602768 	94.339813 	19.313208 	74.242844 	8.944272 	22.135944 	49.396355 	999.000000 	146.413803 	31.780497 	82.292160 	120.432556 	57.567352 	127.200630 	50.695168 	10.816654 	52.952808 	138.405197 	52.773098 	94.021271 	92.309265 	58.051701 	138.600143 	
111.946419 	104.004807 	82.036575 	145.340973 	114.021927 	123.434196 	121.918007 	117.456375 	26.400757 	146.013702 	60.440052 	16.031219 	140.246216 	76.837494 	24.083189 	120.216469 	21.931713 	129.495178 	19.104973 	122.200653 	12.727922 	113.278419 	126.574089 	55.226807 	141.767410 	19.209373 	79.881165 	14.422205 	5.385165 	107.615051 	34.014702 	57.245087 	128.763351 	78.032043 	137.887634 	126.732002 	102.415817 	146.413803 	999.000000 	120.253899 	72.449982 	32.015621 	98.270035 	25.317978 	104.847511 	144.422989 	105.815880 	17.464249 	106.677086 	66.098412 	68.308128 	102.474388 	18.681541 	
21.931713 	23.021729 	39.357338 	46.572525 	20.591261 	23.600847 	22.022715 	17.804493 	94.868332 	43.737854 	59.816387 	111.830231 	35.693138 	43.416588 	96.607452 	14.866069 	98.600204 	20.880613 	101.400200 	31.144823 	122.331520 	10.049875 	15.811388 	65.764732 	32.015621 	101.044548 	41.036568 	105.891457 	115.602768 	12.727922 	87.692642 	65.192024 	13.000000 	44.204071 	23.194826 	10.000000 	18.601076 	31.780497 	120.253899 	999.000000 	51.865211 	91.967384 	26.000000 	99.005051 	18.973665 	25.553865 	21.213203 	110.317726 	21.095022 	63.134777 	61.294373 	26.305893 	110.344917 	
52.773098 	44.407207 	25.709921 	89.627007 	54.129475 	63.788715 	61.846584 	56.044624 	50.219517 	88.526833 	18.973665 	67.911705 	81.043198 	16.763054 	50.960770 	57.245087 	52.497620 	67.067131 	55.027267 	66.483078 	77.491936 	47.927029 	62.769421 	18.248287 	80.056229 	53.851646 	13.038404 	58.180752 	68.541962 	39.446167 	38.470768 	15.231546 	63.063461 	8.246211 	73.348480 	60.415230 	33.286633 	82.292160 	72.449982 	51.865211 	999.000000 	41.617306 	26.870058 	48.826221 	33.970577 	77.388626 	34.058773 	60.000000 	34.828148 	12.165525 	11.000000 	30.232433 	59.816387 	
87.321243 	78.892334 	56.435802 	123.065025 	89.185204 	98.979797 	97.247108 	92.114059 	19.849434 	122.983742 	34.000000 	32.984844 	116.361504 	49.406479 	18.027756 	94.302704 	17.888544 	104.009613 	18.973665 	99.317673 	40.012497 	86.214851 	100.439034 	26.400757 	116.811813 	16.492422 	50.931328 	19.000000 	29.154760 	79.246452 	6.000000 	26.907248 	101.828285 	48.166378 	111.606453 	99.488693 	73.539108 	120.432556 	32.015621 	91.967384 	41.617306 	999.000000 	68.249542 	7.211102 	75.166481 	117.034180 	75.604233 	18.439089 	76.400261 	34.176014 	36.400551 	71.847061 	18.384777 	
34.481880 	28.178005 	25.709921 	69.028976 	34.928497 	43.185646 	41.194660 	35.227829 	74.323616 	67.029846 	39.217342 	91.923882 	59.076221 	24.186773 	75.584389 	35.000000 	77.369247 	44.181442 	80.062477 	48.270073 	102.044106 	25.000000 	39.319206 	43.046486 	56.718605 	79.259071 	18.973665 	83.862984 	94.021271 	15.033297 	64.637451 	41.400482 	38.327538 	20.248457 	48.764740 	35.440090 	9.055386 	57.567352 	98.270035 	26.000000 	26.870058 	68.249542 	999.000000 	75.432091 	7.211102 	51.429562 	7.615773 	86.683334 	8.544003 	37.443291 	35.510563 	6.324555 	86.556343 	
93.813644 	85.440041 	62.968246 	129.247818 	95.718338 	105.475113 	103.773796 	98.737022 	19.235384 	129.294235 	40.496914 	28.635643 	122.800652 	56.222771 	16.643316 	101.019798 	15.620500 	110.679718 	15.620500 	105.546196 	34.365681 	93.085983 	107.200745 	33.301651 	123.422043 	12.806249 	57.982758 	13.601471 	23.021729 	86.278618 	11.661903 	34.058773 	108.706024 	55.317268 	118.406082 	106.404884 	80.622574 	127.200630 	25.317978 	99.005051 	48.826221 	7.211102 	75.432091 	999.000000 	82.328613 	123.987900 	82.800964 	11.313708 	83.600243 	41.231056 	43.462627 	79.056938 	11.401754 	
30.413813 	25.495098 	29.000000 	63.285069 	30.463093 	37.854988 	35.902645 	30.083218 	80.498444 	61.032780 	45.188496 	97.989792 	53.009434 	29.410883 	81.884064 	29.274563 	83.725746 	38.000000 	86.452301 	43.657761 	108.226616 	19.416489 	33.015148 	49.648766 	50.249378 	85.755463 	25.059929 	90.426765 	100.498756 	9.486833 	71.400284 	48.270073 	31.575306 	27.018513 	41.976185 	28.635643 	5.830952 	50.695168 	104.847511 	18.973665 	33.970577 	75.166481 	7.211102 	82.328613 	999.000000 	44.283180 	4.242640 	93.605553 	5.000000 	44.654228 	42.720020 	8.246211 	93.509361 	
35.468296 	41.677334 	62.481998 	33.970577 	33.241539 	27.166155 	27.459061 	29.154760 	118.562218 	29.698484 	84.148682 	135.000000 	23.853722 	67.896980 	120.507263 	25.495098 	122.576508 	19.104973 	125.399361 	34.014702 	145.602203 	31.144823 	19.313208 	90.686272 	17.204651 	125.255737 	66.219330 	130.176804 	139.603012 	38.013157 	112.538879 	90.426765 	15.811388 	69.634758 	10.049875 	17.691807 	44.102154 	10.816654 	144.422989 	25.553865 	77.388626 	117.034180 	51.429562 	123.987900 	44.283180 	999.000000 	45.880280 	135.281189 	45.541191 	88.684837 	86.833176 	50.921509 	135.369858 	
34.481880 	29.732138 	32.140316 	66.610809 	34.438351 	41.484936 	39.560081 	33.837849 	81.939003 	64.195015 	46.818798 	99.538940 	56.142673 	31.575306 	83.192551 	32.756680 	84.970581 	41.109608 	87.658424 	47.539455 	109.658562 	23.086792 	36.055511 	50.606323 	53.037724 	86.833176 	26.570660 	91.416626 	101.597244 	13.416408 	72.111023 	48.826221 	34.132095 	27.784887 	44.407207 	31.144823 	10.000000 	52.952808 	105.815880 	21.213203 	34.058773 	75.604233 	7.615773 	82.800964 	4.242640 	45.880280 	999.000000 	94.021271 	1.000000 	44.045429 	42.011902 	5.099020 	93.861603 	
104.847511 	96.519424 	74.060783 	140.003571 	106.780151 	116.503220 	114.825958 	109.859001 	25.019993 	140.160629 	51.613953 	26.907248 	133.775925 	67.475922 	22.022715 	112.200714 	20.099751 	121.827744 	18.439089 	116.361504 	29.068884 	104.350372 	118.406082 	44.598206 	134.525085 	16.124516 	69.296463 	13.000000 	17.492855 	97.590981 	22.803509 	45.343136 	119.970833 	66.603302 	129.630249 	117.686020 	91.934761 	138.405197 	17.464249 	110.317726 	60.000000 	18.439089 	86.683334 	11.313708 	93.605553 	135.281189 	94.021271 	999.000000 	94.810333 	51.884487 	54.120235 	90.210861 	1.414214 	
34.985710 	30.413813 	33.136082 	66.753281 	34.885529 	41.761227 	39.849716 	34.176014 	82.855293 	64.280632 	47.759815 	100.463921 	56.222771 	32.557640 	84.095184 	32.984844 	85.866173 	41.194660 	88.549423 	47.927029 	110.571243 	23.409399 	36.124783 	51.478149 	53.009434 	87.709747 	27.513634 	92.282173 	102.474388 	13.892444 	72.945183 	49.648766 	34.058773 	28.653097 	44.283180 	31.064449 	10.816654 	52.773098 	106.677086 	21.095022 	34.828148 	76.400261 	8.544003 	83.600243 	5.000000 	45.541191 	1.000000 	94.810333 	999.000000 	44.687805 	42.638012 	5.385165 	94.641426 	
64.938431 	56.568542 	37.215588 	101.788994 	66.287254 	75.927597 	73.979729 	68.154236 	47.010635 	100.662804 	24.083189 	64.124878 	93.145050 	28.160255 	47.042534 	69.260376 	48.166378 	79.056938 	50.358715 	78.638412 	72.835434 	59.808025 	74.672615 	18.357559 	92.027168 	48.662102 	25.179358 	52.392746 	62.817196 	50.990196 	32.557640 	13.416408 	74.732857 	20.396078 	85.088188 	72.013885 	44.721359 	94.021271 	66.098412 	63.134777 	12.165525 	34.176014 	37.443291 	41.231056 	44.654228 	88.684837 	44.045429 	51.884487 	44.687805 	999.000000 	2.236068 	39.623226 	51.478149 	
63.639610 	55.326305 	36.496574 	100.448990 	64.938431 	74.525162 	72.567207 	66.708321 	49.000000 	99.247169 	24.758837 	66.189125 	91.678787 	27.459061 	49.091751 	67.720009 	50.249378 	77.491936 	52.469040 	77.414467 	74.966660 	58.189346 	73.054771 	19.697716 	90.443352 	50.803543 	24.020824 	54.571056 	65.000000 	49.244289 	34.713108 	14.866069 	73.006851 	19.104973 	83.384651 	70.263786 	42.953465 	92.309265 	68.308128 	61.294373 	11.000000 	36.400551 	35.510563 	43.462627 	42.720020 	86.833176 	42.011902 	54.120235 	42.638012 	2.236068 	999.000000 	37.536648 	53.712196 	
38.483765 	33.015148 	32.015621 	71.449280 	38.626415 	46.097721 	44.147480 	38.327538 	79.120163 	69.115845 	44.384682 	96.798759 	61.073727 	30.016663 	80.230919 	37.483330 	81.939003 	46.043457 	84.581322 	51.865211 	106.775467 	27.658634 	41.012192 	47.423622 	58.077534 	83.630135 	24.331051 	88.119240 	98.386993 	17.720045 	68.600288 	45.276924 	39.204590 	24.698177 	49.497475 	36.221542 	13.038404 	58.051701 	102.474388 	26.305893 	30.232433 	71.847061 	6.324555 	79.056938 	8.246211 	50.921509 	5.099020 	90.210861 	5.385165 	39.623226 	37.536648 	999.000000 	90.000000 	
105.152267 	96.798759 	74.330345 	140.431473 	107.070068 	116.811813 	115.121674 	110.113579 	26.076809 	140.545364 	51.865211 	28.319605 	134.111893 	67.623962 	23.086792 	112.414413 	21.213203 	122.065559 	19.646883 	116.764717 	30.413813 	104.484451 	118.600166 	44.687805 	134.792435 	17.262676 	69.310890 	14.317822 	18.867962 	97.621719 	23.021729 	45.276924 	120.104118 	66.528191 	129.807556 	117.796432 	91.923882 	138.600143 	18.681541 	110.344917 	59.816387 	18.384777 	86.556343 	11.401754 	93.509361 	135.369858 	93.861603 	1.414214 	94.641426 	51.478149 	53.712196 	90.000000 	999.000000 	

Travel time:
9.000000 	0.213600 	0.772172 	0.921954 	0.055902 	0.291548 	0.250000 	0.158114 	2.140823 	0.901388 	1.333464 	2.530934 	0.726722 	0.965660 	2.196588 	0.254951 	2.250694 	0.445112 	2.321234 	0.350892 	2.796650 	0.320156 	0.403887 	1.531747 	0.745822 	2.327150 	0.995301 	2.452040 	2.672195 	0.527376 	2.053807 	1.559848 	0.509902 	1.113833 	0.673146 	0.500625 	0.640800 	0.870704 	2.798661 	0.548293 	1.319327 	2.183031 	0.862047 	2.345341 	0.760345 	0.886707 	0.862047 	2.621188 	0.874643 	1.623461 	1.590990 	0.962094 	2.628807 	
0.213600 	9.000000 	0.561805 	1.133854 	0.257391 	0.503115 	0.458939 	0.336341 	1.944544 	1.114955 	1.123610 	2.343075 	0.939415 	0.752080 	1.998281 	0.410031 	2.051828 	0.637377 	2.122499 	0.552268 	2.608759 	0.325000 	0.570088 	1.319327 	0.950329 	2.126029 	0.785016 	2.250694 	2.475126 	0.430116 	1.844587 	1.346291 	0.648556 	0.905539 	0.851469 	0.617454 	0.500000 	1.060660 	2.600120 	0.575543 	1.110180 	1.972308 	0.704450 	2.136001 	0.637377 	1.041933 	0.743303 	2.412986 	0.760345 	1.414214 	1.383158 	0.825379 	2.419969 	
0.772172 	0.561805 	9.000000 	1.676678 	0.818917 	1.063602 	1.020416 	0.895126 	1.402007 	1.667708 	0.561805 	1.816762 	1.498541 	0.226385 	1.451293 	0.957209 	1.503537 	1.195042 	1.574206 	1.083109 	2.080865 	0.785016 	1.114955 	0.761577 	1.511622 	1.573412 	0.347311 	1.697425 	1.928892 	0.687841 	1.282819 	0.800391 	1.168867 	0.469707 	1.397542 	1.120547 	0.604669 	1.613420 	2.050914 	0.983933 	0.642748 	1.410895 	0.642748 	1.574206 	0.725000 	1.562050 	0.803508 	1.851520 	0.828402 	0.930390 	0.912414 	0.800391 	1.858259 	
0.921954 	1.133854 	1.676678 	9.000000 	0.887764 	0.651920 	0.701783 	0.851469 	2.974580 	0.111803 	2.228929 	3.326503 	0.279509 	1.882153 	3.037268 	0.851469 	3.092834 	0.642748 	3.161981 	0.594243 	3.588349 	1.101136 	0.770146 	2.437468 	0.425735 	3.177361 	1.917192 	3.301893 	3.502232 	1.352082 	2.940769 	2.474495 	0.854400 	2.034853 	0.665676 	0.925000 	1.500208 	0.590021 	3.633524 	1.164313 	2.240675 	3.076626 	1.725724 	3.231195 	1.582127 	0.849264 	1.665270 	3.500089 	1.668832 	2.544725 	2.511225 	1.786232 	3.510787 	
0.055902 	0.257391 	0.818917 	0.887764 	9.000000 	0.246221 	0.201556 	0.103078 	2.193171 	0.862047 	1.380670 	2.584811 	0.682825 	1.007782 	2.248472 	0.201556 	2.302444 	0.390512 	2.373025 	0.333542 	2.850548 	0.301040 	0.348210 	1.576586 	0.695072 	2.378287 	1.030776 	2.503123 	2.724427 	0.525595 	2.101488 	1.601952 	0.456207 	1.147279 	0.617454 	0.450000 	0.649038 	0.816241 	2.850548 	0.514782 	1.353237 	2.229630 	0.873212 	2.392958 	0.761577 	0.831038 	0.860959 	2.669504 	0.872138 	1.657181 	1.623461 	0.965660 	2.676752 	
0.291548 	0.503115 	1.063602 	0.651920 	0.246221 	9.000000 	0.050000 	0.200000 	2.427061 	0.618466 	1.625000 	2.811250 	0.436606 	1.253994 	2.483948 	0.223607 	2.538331 	0.201556 	2.608759 	0.201556 	3.076727 	0.460977 	0.246221 	1.822430 	0.459619 	2.615937 	1.274019 	2.740894 	2.958568 	0.711073 	2.345341 	1.848141 	0.380789 	1.388569 	0.436606 	0.416083 	0.853302 	0.604669 	3.085855 	0.590021 	1.594718 	2.474495 	1.079641 	2.636878 	0.946375 	0.679154 	1.037123 	2.912580 	1.044031 	1.898190 	1.863129 	1.152443 	2.920295 	
0.250000 	0.458939 	1.020416 	0.701783 	0.201556 	0.050000 	9.000000 	0.150000 	2.389691 	0.667083 	1.582127 	2.776801 	0.482830 	1.208305 	2.445915 	0.180278 	2.500125 	0.213600 	2.570627 	0.230489 	3.042408 	0.412311 	0.230489 	1.777991 	0.496236 	2.576941 	1.226020 	2.701851 	2.921151 	0.661910 	2.302851 	1.802255 	0.364006 	1.340009 	0.450694 	0.391312 	0.803508 	0.630971 	3.047950 	0.550568 	1.546165 	2.431178 	1.029866 	2.594345 	0.897566 	0.686477 	0.989002 	2.870649 	0.996243 	1.849493 	1.814180 	1.103687 	2.878042 	
0.158114 	0.336341 	0.895126 	0.851469 	0.103078 	0.200000 	0.150000 	9.000000 	2.280488 	0.813941 	1.456237 	2.676402 	0.625000 	1.073546 	2.334524 	0.100000 	2.388122 	0.301040 	2.458785 	0.347311 	2.942151 	0.269258 	0.246221 	1.646587 	0.617454 	2.462341 	1.083109 	2.586987 	2.811250 	0.515388 	2.177298 	1.666021 	0.353553 	1.195042 	0.520216 	0.350892 	0.654313 	0.725000 	2.936409 	0.445112 	1.401116 	2.302851 	0.880696 	2.468426 	0.752080 	0.728869 	0.845946 	2.746475 	0.854400 	1.703856 	1.667708 	0.958188 	2.752840 	
2.140823 	1.944544 	1.402007 	2.974580 	2.193171 	2.427061 	2.389691 	2.280488 	9.000000 	2.990506 	0.883883 	0.443001 	2.846269 	1.290591 	0.075000 	2.351728 	0.127475 	2.581182 	0.190394 	2.395047 	0.693271 	2.186464 	2.511225 	0.800391 	2.885849 	0.226385 	1.386542 	0.340037 	0.531507 	2.059430 	0.413824 	0.883883 	2.570627 	1.360606 	2.793967 	2.522400 	1.938105 	3.005204 	0.660019 	2.371708 	1.255488 	0.496236 	1.858090 	0.480885 	2.012461 	2.964056 	2.048475 	0.625500 	2.071382 	1.175266 	1.225000 	1.978004 	0.651920 	
0.901388 	1.114955 	1.667708 	0.111803 	0.862047 	0.618466 	0.667083 	0.813941 	2.990506 	9.000000 	2.225000 	3.351585 	0.201556 	1.866815 	3.051639 	0.801561 	3.106948 	0.577170 	3.176574 	0.596343 	3.614727 	1.051190 	0.704006 	2.429249 	0.325960 	3.189534 	1.892254 	3.314363 	3.520032 	1.300240 	2.941195 	2.460818 	0.776209 	2.007019 	0.570636 	0.848896 	1.451938 	0.480234 	3.650342 	1.093446 	2.213171 	3.074594 	1.675746 	3.232356 	1.525820 	0.742462 	1.604875 	3.504016 	1.607016 	2.516570 	2.481179 	1.727896 	3.513634 	
1.333464 	1.123610 	0.561805 	2.228929 	1.380670 	1.625000 	1.582127 	1.456237 	0.883883 	2.225000 	9.000000 	1.320038 	2.059126 	0.410031 	0.922293 	1.515132 	0.970824 	1.755349 	1.040433 	1.634778 	1.576586 	1.325943 	1.671077 	0.225000 	2.073192 	1.030776 	0.506211 	1.152443 	1.395081 	1.180042 	0.721110 	0.316228 	1.715554 	0.502494 	1.952562 	1.661701 	1.054751 	2.170829 	1.511001 	1.495410 	0.474342 	0.850000 	0.980434 	1.012423 	1.129712 	2.103717 	1.170470 	1.290349 	1.193995 	0.602080 	0.618971 	1.109617 	1.296630 	
2.530934 	2.343075 	1.816762 	3.326503 	2.584811 	2.811250 	2.776801 	2.676402 	0.443001 	3.351585 	1.320038 	9.000000 	3.219084 	1.722099 	0.427931 	2.752840 	0.400000 	2.975105 	0.353553 	2.761340 	0.265754 	2.601081 	2.912902 	1.243232 	3.270799 	0.412311 	1.825171 	0.381608 	0.285044 	2.486966 	0.801561 	1.323820 	2.980038 	1.802776 	3.194526 	2.935345 	2.370654 	3.400735 	0.400780 	2.795756 	1.697793 	0.824621 	2.298097 	0.715891 	2.449745 	3.375000 	2.488473 	0.672681 	2.511598 	1.603122 	1.654728 	2.419969 	0.707990 	
0.726722 	0.939415 	1.498541 	0.279509 	0.682825 	0.436606 	0.482830 	0.625000 	2.846269 	0.201556 	2.059126 	3.219084 	9.000000 	1.690599 	2.905275 	0.604669 	2.960152 	0.375832 	3.030264 	0.460977 	3.483622 	0.853302 	0.502494 	2.258456 	0.167705 	3.040148 	1.707703 	3.165142 	3.377314 	1.101136 	2.778489 	2.284732 	0.577170 	1.820028 	0.390512 	0.649038 	1.253994 	0.364006 	3.506155 	0.892328 	2.026080 	2.909038 	1.476906 	3.070016 	1.325236 	0.596343 	1.403567 	3.344398 	1.405569 	2.328626 	2.291970 	1.526843 	3.352797 	
0.965660 	0.752080 	0.226385 	1.882153 	1.007782 	1.253994 	1.208305 	1.073546 	1.290591 	1.866815 	0.410031 	1.722099 	1.690599 	9.000000 	1.331353 	1.123610 	1.380444 	1.367708 	1.450216 	1.291559 	1.981477 	0.921954 	1.275980 	0.575543 	1.690044 	1.440703 	0.167705 	1.562050 	1.805028 	0.770146 	1.117195 	0.594243 	1.312441 	0.265754 	1.555032 	1.256234 	0.648556 	1.775704 	1.920937 	1.085415 	0.419076 	1.235162 	0.604669 	1.405569 	0.735272 	1.697425 	0.789383 	1.686898 	0.813941 	0.704006 	0.686477 	0.750417 	1.690599 	
2.196588 	1.998281 	1.451293 	3.037268 	2.248472 	2.483948 	2.445915 	2.334524 	0.075000 	3.051639 	0.922293 	0.427931 	2.905275 	1.331353 	9.000000 	2.404163 	0.055902 	2.635455 	0.125000 	2.455733 	0.664266 	2.234390 	2.563323 	0.822344 	2.942151 	0.152069 	1.420607 	0.269258 	0.477624 	2.101339 	0.388104 	0.897566 	2.620115 	1.388569 	2.846160 	2.570627 	1.976898 	3.058697 	0.602080 	2.415186 	1.274019 	0.450694 	1.889610 	0.416083 	2.047101 	3.012681 	2.079814 	0.550568 	2.102380 	1.176063 	1.227294 	2.005773 	0.577170 	
0.254951 	0.410031 	0.957209 	0.851469 	0.201556 	0.223607 	0.180278 	0.100000 	2.351728 	0.801561 	1.515132 	2.752840 	0.604669 	1.123610 	2.404163 	9.000000 	2.457260 	0.246221 	2.527969 	0.406971 	3.018485 	0.250000 	0.160078 	1.698897 	0.571183 	2.529452 	1.119431 	2.653771 	2.881514 	0.500625 	2.235090 	1.711907 	0.254951 	1.226020 	0.442295 	0.251247 	0.650481 	0.656220 	3.005412 	0.371652 	1.431127 	2.357568 	0.875000 	2.525495 	0.731864 	0.637377 	0.818917 	2.805018 	0.824621 	1.731509 	1.693000 	0.937083 	2.810360 	
