Total assets = 635
Number of asset nodes = 33

Distance:
999.000000 	43.829212 	61.846584 	44.944408 	93.723000 	93.509361 	43.829212 	25.495098 	17.262676 	13.000000 	52.773098 	37.643059 	38.013157 	31.400637 	25.612497 	67.742157 	32.202484 	56.859474 	48.259712 	17.204651 	73.783470 	53.851646 	25.942244 	36.221542 	34.058773 	24.698177 	71.693794 	85.211502 	54.708317 	42.426407 	80.993828 	104.004807 	92.617493 	23.021729 	44.407207 	37.202152 	78.892334 	85.440041 	32.202484 	93.744331 	41.677334 	35.468296 	30.149628 	96.519424 	77.472572 	56.568542 	114.690887 	96.798759 	59.841457 	31.048349 	
43.829212 	999.000000 	18.439089 	2.236068 	52.773098 	51.971146 	5.830952 	69.202599 	33.837849 	52.345009 	11.045361 	14.000000 	81.841309 	20.615528 	68.767723 	24.166092 	11.661903 	16.124516 	92.086914 	46.872166 	30.016663 	14.866069 	67.882248 	21.000000 	77.233414 	65.795135 	28.231188 	41.400482 	17.888544 	85.912750 	37.215588 	60.959003 	48.918301 	59.405388 	20.615528 	79.931221 	35.341194 	41.677334 	39.623226 	49.929951 	83.486526 	38.118237 	64.140472 	52.697250 	35.510563 	26.248810 	71.449280 	53.000000 	27.459061 	61.717098 	
61.846584 	18.439089 	999.000000 	18.027756 	35.114101 	34.014702 	21.023796 	87.321243 	52.201534 	70.767227 	15.033297 	30.463093 	99.809822 	38.013157 	87.045967 	10.770329 	29.732138 	16.492422 	110.000000 	65.215027 	14.035668 	19.104973 	86.278618 	37.000000 	95.524864 	84.219948 	14.317822 	23.706539 	22.360680 	104.139328 	20.615528 	42.520584 	30.805843 	77.801025 	33.241539 	98.290382 	20.024984 	25.000000 	56.302753 	32.695564 	101.911728 	54.120235 	82.377182 	35.341194 	24.351591 	32.015621 	53.037724 	35.846897 	31.016125 	79.755875 	
44.944408 	2.236068 	18.027756 	999.000000 	52.801514 	51.884487 	4.123106 	70.213959 	34.205261 	53.037724 	9.000000 	13.152946 	82.927681 	20.248457 	69.656296 	22.825424 	13.000000 	14.035668 	93.193344 	47.201694 	28.844410 	12.649111 	68.622154 	20.099751 	78.102493 	66.468040 	26.832815 	40.459858 	15.652476 	86.833176 	36.055511 	60.440052 	48.104053 	59.816387 	18.973665 	80.721741 	34.000000 	40.496914 	39.051247 	48.826221 	84.148682 	37.336308 	64.350601 	51.613953 	33.734257 	24.083189 	70.837845 	51.865211 	25.238859 	61.773781 	
93.723000 	52.773098 	35.114101 	52.801514 	999.000000 	2.828427 	56.080299 	119.004204 	86.452301 	104.043259 	49.729267 	65.551506 	130.831955 	73.006851 	119.331474 	37.054016 	62.968246 	49.648766 	140.716019 	99.478638 	32.062439 	52.952808 	119.201508 	72.111023 	127.781059 	117.413795 	36.055511 	23.769728 	55.578773 	136.029404 	29.120440 	16.031219 	19.849434 	111.830231 	67.911705 	130.873978 	32.984844 	28.635643 	91.416626 	26.907248 	135.000000 	89.185204 	116.846054 	26.907248 	42.449970 	64.124878 	25.495098 	28.319605 	62.008064 	114.490173 	
93.509361 	51.971146 	34.014702 	51.884487 	2.828427 	999.000000 	55.036350 	118.869675 	85.755463 	103.600197 	48.383881 	64.474800 	130.816666 	72.013885 	119.096596 	35.227829 	62.425957 	48.052055 	140.758652 	98.792709 	30.000000 	51.419842 	118.848640 	70.936592 	127.561752 	117.004272 	34.000000 	21.189621 	53.935146 	135.882309 	26.683329 	14.035668 	17.029387 	111.220505 	66.483078 	130.598618 	30.594116 	26.000000 	90.249657 	24.083189 	134.629120 	87.920418 	116.107712 	24.083189 	40.024994 	62.289646 	24.041630 	25.495098 	60.074955 	113.648582 	
43.829212 	5.830952 	21.023796 	4.123106 	56.080299 	55.036350 	999.000000 	68.796799 	31.827662 	51.088158 	8.944272 	9.486833 	81.633324 	17.000000 	68.007355 	24.207438 	13.038404 	13.341664 	91.923882 	44.687805 	30.479502 	11.000000 	66.708321 	16.278820 	76.400261 	64.443771 	28.017851 	42.426407 	13.341664 	85.211502 	37.643059 	63.007935 	50.249378 	57.384666 	14.866069 	78.873314 	35.227829 	42.011902 	35.440090 	50.447994 	82.073135 	33.541019 	61.611687 	53.263496 	33.837849 	20.808653 	73.246162 	53.413483 	22.360680 	58.830265 	
25.495098 	69.202599 	87.321243 	70.213959 	119.004204 	118.869675 	68.796799 	999.000000 	38.626415 	19.416489 	77.698135 	61.717098 	13.000000 	54.625999 	4.242640 	92.913940 	57.628117 	81.492332 	23.259407 	29.154760 	99.045441 	78.294319 	9.219544 	58.872746 	9.486833 	11.661903 	96.798759 	110.602890 	78.721024 	17.029387 	106.254410 	129.495178 	118.067780 	20.880613 	67.067131 	13.341664 	104.009613 	110.679718 	48.093658 	119.037811 	19.104973 	52.153618 	25.553865 	121.827744 	102.000000 	79.056938 	140.185593 	122.065559 	82.540901 	29.966648 	
17.262676 	33.837849 	52.201534 	34.205261 	86.452301 	85.755463 	31.827662 	38.626415 	999.000000 	19.723083 	40.360870 	23.600847 	51.623638 	16.124516 	37.121422 	55.901699 	23.769728 	43.600460 	61.846584 	13.038404 	62.241467 	40.224369 	35.227829 	20.248457 	45.276924 	32.802441 	59.548298 	74.249580 	40.311287 	54.203320 	69.354164 	94.641426 	82.073135 	25.612497 	28.460499 	47.434166 	66.708321 	73.661385 	16.278820 	82.134033 	50.328918 	18.867962 	30.413813 	84.958817 	63.812225 	40.521599 	104.995239 	85.041168 	43.965897 	28.460499 	
13.000000 	52.345009 	70.767227 	53.037724 	104.043259 	103.600197 	51.088158 	19.416489 	19.723083 	999.000000 	59.816387 	43.266617 	32.280025 	35.846897 	17.464249 	75.286118 	41.231056 	63.245552 	42.379242 	10.049875 	81.565926 	59.908264 	15.620500 	39.812057 	25.553865 	13.453624 	79.025314 	93.434471 	60.033325 	34.481880 	88.729927 	113.278419 	101.138519 	10.049875 	47.927029 	27.802877 	86.214851 	93.085983 	29.017237 	101.533249 	31.144823 	33.000000 	17.262676 	104.350372 	83.528435 	59.808025 	123.794182 	104.484451 	63.324562 	18.788294 	
52.773098 	11.045361 	15.033297 	9.000000 	49.729267 	48.383881 	8.944272 	77.698135 	40.360870 	59.816387 	999.000000 	17.029387 	90.553848 	24.839485 	76.843994 	15.556349 	21.587032 	5.099020 	100.846420 	53.037724 	21.931713 	5.000000 	75.432091 	22.825424 	85.211502 	73.109505 	19.209373 	34.058773 	8.602325 	94.047859 	29.000000 	55.226807 	42.011902 	65.764732 	18.248287 	87.618492 	26.400757 	33.301651 	42.047592 	41.773197 	90.686272 	39.560081 	69.656296 	44.598206 	25.000000 	18.357559 	65.215027 	44.687805 	18.439089 	66.610809 	
37.643059 	14.000000 	30.463093 	13.152946 	65.551506 	64.474800 	9.486833 	61.717098 	23.600847 	43.266617 	17.029387 	999.000000 	74.686012 	7.810250 	60.539242 	32.557640 	12.806249 	20.000000 	84.970581 	36.069378 	38.948685 	16.643316 	58.821766 	7.000000 	68.796799 	56.400356 	36.069378 	51.088158 	17.088007 	77.698135 	45.967381 	72.111023 	59.033890 	48.795490 	9.433981 	71.028160 	43.185646 	50.209560 	25.961510 	58.694122 	73.878281 	24.186773 	52.630791 	61.522354 	40.311287 	20.223749 	82.200974 	61.554855 	23.021729 	49.648766 	
38.013157 	81.841309 	99.809822 	82.927681 	130.831955 	130.816666 	81.633324 	13.000000 	51.623638 	32.280025 	90.553848 	74.686012 	999.000000 	67.623962 	15.132746 	105.688217 	70.213959 	94.413979 	10.295630 	41.773197 	111.772087 	91.241440 	19.026299 	71.867935 	9.848858 	22.022715 	109.603828 	123.223373 	91.706055 	8.062258 	118.983192 	141.767410 	130.602448 	32.015621 	80.056229 	12.041595 	116.811813 	123.422043 	60.530983 	131.745972 	17.204651 	64.629715 	34.928497 	134.525085 	114.947815 	92.027168 	152.502457 	134.792435 	95.519630 	39.812057 	
31.400637 	20.615528 	38.013157 	20.248457 	73.006851 	72.013885 	17.000000 	54.625999 	16.124516 	35.846897 	24.839485 	7.810250 	67.623962 	999.000000 	53.235325 	40.360870 	14.866069 	27.658634 	77.878113 	28.319605 	46.754681 	24.207438 	51.312767 	5.099020 	61.400326 	48.826221 	43.840622 	58.898216 	24.186773 	70.327805 	53.758720 	79.881165 	66.843102 	41.036568 	13.038404 	63.513779 	50.931328 	57.982758 	19.104973 	66.468040 	66.219330 	18.110771 	44.821869 	69.296463 	47.707443 	25.179358 	90.000000 	69.310890 	28.442924 	41.880783 	
25.612497 	68.767723 	87.045967 	69.656296 	119.331474 	119.096596 	68.007355 	4.242640 	37.121422 	17.464249 	76.843994 	60.539242 	15.132746 	53.235325 	999.000000 	92.200867 	57.314919 	80.454956 	25.000000 	26.683329 	98.407318 	77.175125 	5.000000 	57.271286 	8.485281 	7.615773 	96.020828 	110.113579 	77.414467 	17.204651 	105.603027 	129.402466 	117.686020 	17.262676 	65.391129 	11.661903 	103.227905 	110.000000 	45.398239 	118.406082 	16.763054 	49.497475 	21.470911 	121.210564 	100.846420 	77.252831 	140.035706 	121.400162 	80.777473 	26.000000 	
67.742157 	24.166092 	10.770329 	22.825424 	37.054016 	35.227829 	24.207438 	92.913940 	55.901699 	75.286118 	15.556349 	32.557640 	105.688217 	40.360870 	92.200867 	999.000000 	35.777088 	13.416408 	115.965515 	68.593002 	6.403124 	17.000000 	90.906548 	38.013157 	100.603180 	88.617157 	4.123106 	18.601076 	18.973665 	109.402924 	13.453624 	40.249222 	26.627054 	81.320351 	32.202484 	103.077644 	11.180340 	17.804493 	56.938564 	26.248810 	106.216759 	54.120235 	85.146935 	29.068884 	13.601471 	27.073973 	49.929951 	29.206163 	25.019993 	82.006096 	
32.202484 	11.661903 	29.732138 	13.000000 	62.968246 	62.425957 	13.038404 	57.628117 	23.769728 	41.231056 	21.587032 	12.806249 	70.213959 	14.866069 	57.314919 	35.777088 	999.000000 	26.305893 	80.448738 	36.674240 	41.677334 	24.020824 	56.639210 	18.027756 	65.795135 	54.671749 	39.812057 	53.009434 	26.076809 	74.411018 	48.877399 	72.138756 	60.440052 	48.877399 	22.203604 	68.593002 	46.957428 	53.338543 	33.136082 	61.587337 	72.346390 	32.756680 	54.129475 	64.350601 	46.572525 	31.953091 	82.734512 	64.660652 	34.205261 	52.201534 	
56.859474 	16.124516 	16.492422 	14.035668 	49.648766 	48.052055 	13.341664 	81.492332 	43.600460 	63.245552 	5.099020 	20.000000 	94.413979 	27.658634 	80.454956 	13.416408 	26.305893 	999.000000 	104.709122 	55.973209 	19.723083 	3.605551 	78.816238 	24.839485 	88.752464 	76.400261 	16.401220 	31.906113 	6.000000 	97.637085 	26.400757 	53.665630 	39.962482 	68.680420 	18.788294 	91.021973 	23.345236 	30.479502 	43.566040 	38.948685 	93.861603 	40.706264 	72.180328 	41.773197 	20.615528 	15.524175 	63.285069 	41.725292 	14.764823 	68.883957 	
48.259712 	92.086914 	110.000000 	93.193344 	140.716019 	140.758652 	91.923882 	23.259407 	61.846584 	42.379242 	100.846420 	84.970581 	10.295630 	77.878113 	25.000000 	115.965515 	80.448738 	104.709122 	999.000000 	51.662365 	122.036880 	101.533249 	28.284271 	82.079231 	18.027756 	31.257000 	119.887444 	133.454117 	101.980392 	10.440307 	129.247818 	151.855194 	140.801285 	41.194660 	90.249657 	18.248287 	127.094452 	133.689941 	70.213959 	142.003525 	21.023796 	74.330345 	43.104523 	144.779144 	125.239769 	102.181213 	162.606888 	145.055161 	105.688217 	48.093658 	
17.204651 	46.872166 	65.215027 	47.201694 	99.478638 	98.792709 	44.687805 	29.154760 	13.038404 	10.049875 	53.037724 	36.069378 	41.773197 	28.319605 	26.683329 	68.593002 	36.674240 	55.973209 	51.662365 	999.000000 	74.966660 	52.497620 	23.769728 	31.622776 	34.176014 	21.023796 	72.138756 	87.045967 	52.201534 	43.081318 	82.024384 	107.615051 	94.921021 	12.727922 	39.446167 	35.777088 	79.246452 	86.278618 	19.000000 	94.762863 	38.013157 	23.021729 	17.464249 	97.590981 	75.802376 	50.990196 	117.923706 	97.621719 	54.561890 	16.124516 	
73.783470 	30.016663 	14.035668 	28.844410 	32.062439 	30.000000 	30.479502 	99.045441 	62.241467 	81.565926 	21.931713 	38.948685 	111.772087 	46.754681 	98.407318 	6.403124 	41.677334 	19.723083 	122.036880 	74.966660 	999.000000 	23.323807 	97.185387 	44.407207 	106.826965 	94.921021 	4.000000 	12.206555 	25.079872 	115.602768 	7.211102 	34.014702 	20.248457 	87.692642 	38.470768 	109.343498 	6.000000 	11.661903 	63.285069 	20.000000 	112.538879 	60.415230 	91.547798 	22.803509 	12.727922 	32.557640 	43.566040 	23.021729 	30.149628 	88.408142 	
53.851646 	14.866069 	19.104973 	12.649111 	52.952808 	51.419842 	11.000000 	78.294319 	40.224369 	59.908264 	5.000000 	16.643316 	91.241440 	24.207438 	77.175125 	17.000000 	24.020824 	3.605551 	101.533249 	52.497620 	23.323807 	999.000000 	75.451973 	21.260292 	85.440041 	73.006851 	20.000000 	35.510563 	3.605551 	94.339813 	30.000000 	57.245087 	43.566040 	65.192024 	15.231546 	87.658424 	26.907248 	34.058773 	39.962482 	42.520584 	90.426765 	37.121422 	68.622154 	45.343136 	23.706539 	13.416408 	66.887962 	45.276924 	13.453624 	65.299309 	
25.942244 	67.882248 	86.278618 	68.622154 	119.201508 	118.848640 	66.708321 	9.219544 	35.227829 	15.620500 	75.432091 	58.821766 	19.026299 	51.312767 	5.000000 	90.906548 	56.639210 	78.816238 	28.284271 	23.769728 	97.185387 	75.451973 	999.000000 	55.072678 	10.440307 	3.000000 	94.641426 	109.041275 	75.471848 	19.313208 	104.350372 	128.763351 	116.726173 	13.000000 	63.063461 	12.206555 	101.828285 	108.706024 	41.976185 	117.153748 	15.811388 	46.097721 	16.552946 	119.970833 	99.020203 	74.732857 	139.316193 	120.104118 	78.294319 	21.189621 	
36.221542 	21.000000 	37.000000 	20.099751 	72.111023 	70.936592 	16.278820 	58.872746 	20.248457 	39.812057 	22.825424 	7.000000 	71.867935 	5.099020 	57.271286 	38.013157 	18.027756 	24.839485 	82.079231 	31.622776 	44.407207 	21.260292 	55.072678 	999.000000 	65.299309 	52.478565 	41.231056 	56.612720 	20.615528 	74.242844 	51.224995 	78.032043 	64.637451 	44.204071 	8.246211 	67.230942 	48.166378 	55.317268 	19.313208 	63.780876 	69.634758 	17.262676 	47.381432 	66.603302 	44.204071 	20.396078 	87.920418 	66.528191 	23.769728 	44.045429 	
34.058773 	77.233414 	95.524864 	78.102493 	127.781059 	127.561752 	76.400261 	9.486833 	45.276924 	25.553865 	85.211502 	68.796799 	9.848858 	61.400326 	8.485281 	100.603180 	65.795135 	88.752464 	18.027756 	34.176014 	106.826965 	85.440041 	10.440307 	65.299309 	999.000000 	13.341664 	104.403069 	118.562218 	85.586212 	8.944272 	114.017540 	137.887634 	126.150703 	23.194826 	73.348480 	4.000000 	111.606453 	118.406082 	52.392746 	126.822708 	10.049875 	56.515484 	25.317978 	129.630249 	109.077957 	85.088188 	148.519363 	129.807556 	88.639717 	30.265491 	
24.698177 	65.795135 	84.219948 	66.468040 	117.413795 	117.004272 	64.443771 	11.661903 	32.802441 	13.453624 	73.109505 	56.400356 	22.022715 	48.826221 	7.615773 	88.617157 	54.671749 	76.400261 	31.257000 	21.023796 	94.921021 	73.006851 	3.000000 	52.478565 	13.341664 	999.000000 	92.314682 	106.831642 	72.945183 	22.135944 	102.068604 	126.732002 	114.560028 	10.000000 	60.415230 	14.764823 	99.488693 	106.404884 	39.051247 	114.865135 	17.691807 	43.174065 	13.892444 	117.686020 	96.519424 	72.013885 	137.244308 	117.796432 	75.584389 	18.384777 	
71.693794 	28.231188 	14.317822 	26.832815 	36.055511 	34.000000 	28.017851 	96.798759 	59.548298 	79.025314 	19.209373 	36.069378 	109.603828 	43.840622 	96.020828 	4.123106 	39.812057 	16.401220 	119.887444 	72.138756 	4.000000 	20.000000 	94.641426 	41.231056 	104.403069 	92.314682 	999.000000 	15.652476 	21.470911 	113.225441 	10.000000 	37.696156 	23.706539 	84.864601 	34.985710 	106.826965 	7.211102 	14.142136 	59.908264 	22.627417 	109.877205 	56.938564 	88.526833 	25.455845 	10.295630 	28.635643 	47.010635 	25.495098 	26.172504 	85.276024 	
85.211502 	41.400482 	23.706539 	40.459858 	23.769728 	21.189621 	42.426407 	110.602890 	74.249580 	93.434471 	34.058773 	51.088158 	123.223373 	58.898216 	110.113579 	18.601076 	53.009434 	31.906113 	133.454117 	87.045967 	12.206555 	35.510563 	109.041275 	56.612720 	118.562218 	106.831642 	15.652476 	999.000000 	37.121422 	127.283150 	6.082763 	22.135944 	8.062258 	99.764725 	50.606323 	121.165176 	10.049875 	5.000000 	75.471848 	9.219544 	124.482933 	72.560318 	103.711136 	11.704700 	19.104973 	43.965897 	31.384710 	12.369317 	41.231056 	100.603180 	
54.708317 	17.888544 	22.360680 	15.652476 	55.578773 	53.935146 	13.341664 	78.721024 	40.311287 	60.033325 	8.602325 	17.088007 	91.706055 	24.186773 	77.414467 	18.973665 	26.076809 	6.000000 	101.980392 	52.201534 	25.079872 	3.605551 	75.471848 	20.615528 	85.586212 	72.945183 	21.470911 	37.121422 	999.000000 	94.514549 	31.384710 	59.093147 	45.177429 	64.815125 	13.601471 	87.664131 	28.017851 	35.227829 	38.600517 	43.600460 	90.210861 	35.510563 	67.896980 	46.400433 	23.600847 	9.848858 	68.476273 	46.227695 	9.899495 	64.381676 	
42.426407 	85.912750 	104.139328 	86.833176 	136.029404 	135.882309 	85.211502 	17.029387 	54.203320 	34.481880 	94.047859 	77.698135 	8.062258 	70.327805 	17.204651 	109.402924 	74.411018 	97.637085 	10.440307 	43.081318 	115.602768 	94.339813 	19.313208 	74.242844 	8.944272 	22.135944 	113.225441 	127.283150 	94.514549 	999.000000 	122.800652 	146.413803 	134.825821 	31.780497 	82.292160 	8.000000 	120.432556 	127.200630 	61.131008 	135.602356 	10.816654 	65.253349 	33.000000 	138.405197 	117.991524 	94.021271 	157.079605 	138.600143 	97.575615 	38.000000 	
80.993828 	37.215588 	20.615528 	36.055511 	29.120440 	26.683329 	37.643059 	106.254410 	69.354164 	88.729927 	29.000000 	45.967381 	118.983192 	53.758720 	105.603027 	13.453624 	48.877399 	26.400757 	129.247818 	82.024384 	7.211102 	30.000000 	104.350372 	51.224995 	114.017540 	102.068604 	10.000000 	6.082763 	31.384710 	122.800652 	999.000000 	28.160255 	13.928389 	94.752312 	44.944408 	116.516090 	4.000000 	4.472136 	69.892776 	12.806249 	119.670380 	66.887962 	98.493652 	15.620500 	13.341664 	37.947330 	37.121422 	15.811388 	35.171009 	95.268044 	
104.004807 	60.959003 	42.520584 	60.440052 	16.031219 	14.035668 	63.007935 	129.495178 	94.641426 	113.278419 	55.226807 	72.111023 	141.767410 	79.881165 	129.402466 	40.249222 	72.138756 	53.665630 	151.855194 	107.615051 	34.014702 	57.245087 	128.763351 	78.032043 	137.887634 	126.732002 	37.696156 	22.135944 	59.093147 	146.413803 	28.160255 	999.000000 	14.317822 	120.253899 	72.449982 	140.730240 	32.015621 	25.317978 	97.128784 	19.104973 	144.422989 	94.366310 	124.619423 	17.464249 	40.311287 	66.098412 	10.816654 	18.681541 	63.324562 	121.757957 	
92.617493 	48.918301 	30.805843 	48.104053 	19.849434 	17.029387 	50.249378 	118.067780 	82.073135 	101.138519 	42.011902 	59.033890 	130.602448 	66.843102 	117.686020 	26.627054 	60.440052 	39.962482 	140.801285 	94.921021 	20.248457 	43.566040 	116.726173 	64.637451 	126.150703 	114.560028 	23.706539 	8.062258 	45.177429 	134.825821 	13.928389 	14.317822 	999.000000 	107.628990 	58.668560 	128.817703 	17.720045 	11.045361 	83.528435 	7.071068 	132.230865 	80.622574 	111.664673 	7.615773 	26.076809 	51.865211 	23.323807 	8.944272 	49.040798 	108.600182 	
23.021729 	59.405388 	77.801025 	59.816387 	111.830231 	111.220505 	57.384666 	20.880613 	25.612497 	10.049875 	65.764732 	48.795490 	32.015621 	41.036568 	17.262676 	81.320351 	48.877399 	68.680420 	41.194660 	12.727922 	87.692642 	65.192024 	13.000000 	44.204071 	23.194826 	10.000000 	84.864601 	99.764725 	64.815125 	31.780497 	94.752312 	120.253899 	107.628990 	999.000000 	51.865211 	24.041630 	91.967384 	99.005051 	29.410883 	107.489532 	25.553865 	33.526108 	7.280110 	110.317726 	88.408142 	63.134777 	130.598618 	110.344917 	66.730804 	9.899495 	
44.407207 	20.615528 	33.241539 	18.973665 	67.911705 	66.483078 	14.866069 	67.067131 	28.460499 	47.927029 	18.248287 	9.433981 	80.056229 	13.038404 	65.391129 	32.202484 	22.203604 	18.788294 	90.249657 	39.446167 	38.470768 	15.231546 	63.063461 	8.246211 	73.348480 	60.415230 	34.985710 	50.606323 	13.601471 	82.292160 	44.944408 	72.449982 	58.668560 	51.865211 	999.000000 	75.179787 	41.617306 	48.826221 	25.000000 	57.201397 	77.388626 	21.954498 	54.561890 	60.000000 	36.796738 	12.165525 	81.987801 	59.816387 	15.524175 	50.911690 	
37.202152 	79.931221 	98.290382 	80.721741 	130.873978 	130.598618 	78.873314 	13.341664 	47.434166 	27.802877 	87.618492 	71.028160 	12.041595 	63.513779 	11.661903 	103.077644 	68.593002 	91.021973 	18.248287 	35.777088 	109.343498 	87.658424 	12.206555 	67.230942 	4.000000 	14.764823 	106.826965 	121.165176 	87.664131 	8.000000 	116.516090 	140.730240 	128.817703 	24.041630 	75.179787 	999.000000 	114.017540 	120.880104 	53.450912 	129.321304 	6.082763 	57.567352 	25.000000 	132.136292 	111.220505 	86.764046 	151.320847 	132.279999 	90.338257 	30.000000 	
78.892334 	35.341194 	20.024984 	34.000000 	32.984844 	30.594116 	35.227829 	104.009613 	66.708321 	86.214851 	26.400757 	43.185646 	116.811813 	50.931328 	103.227905 	11.180340 	46.957428 	23.345236 	127.094452 	79.246452 	6.000000 	26.907248 	101.828285 	48.166378 	111.606453 	99.488693 	7.211102 	10.049875 	28.017851 	120.432556 	4.000000 	32.015621 	17.720045 	91.967384 	41.617306 	114.017540 	999.000000 	7.211102 	66.610809 	15.620500 	117.034180 	63.513779 	95.524864 	18.439089 	9.486833 	34.176014 	40.718548 	18.384777 	31.320919 	92.195442 	
85.440041 	41.677334 	25.000000 	40.496914 	28.635643 	26.000000 	42.011902 	110.679718 	73.661385 	93.085983 	33.301651 	50.209560 	123.422043 	57.982758 	110.000000 	17.804493 	53.338543 	30.479502 	133.689941 	86.278618 	11.661903 	34.058773 	108.706024 	55.317268 	118.406082 	106.404884 	14.142136 	5.000000 	35.227829 	127.200630 	4.472136 	25.317978 	11.045361 	99.005051 	48.826221 	120.880104 	7.211102 	999.000000 	73.817345 	8.485281 	123.987900 	70.724815 	102.649887 	11.313708 	15.033297 	41.231056 	33.615471 	11.401754 	38.275318 	99.357941 	
32.202484 	39.623226 	56.302753 	39.051247 	91.416626 	90.249657 	35.440090 	48.093658 	16.278820 	29.017237 	42.047592 	25.961510 	60.530983 	19.104973 	45.398239 	56.938564 	33.136082 	43.566040 	70.213959 	19.000000 	63.285069 	39.962482 	41.976185 	19.313208 	52.392746 	39.051247 	59.908264 	75.471848 	38.600517 	61.131008 	69.892776 	97.128784 	83.528435 	29.410883 	25.000000 	53.450912 	66.610809 	73.817345 	999.000000 	82.200974 	54.625999 	4.123106 	30.528675 	85.000000 	61.554855 	34.828148 	106.850365 	84.811554 	38.418747 	26.400757 	
93.744331 	49.929951 	32.695564 	48.826221 	26.907248 	24.083189 	50.447994 	119.037811 	82.134033 	101.533249 	41.773197 	58.694122 	131.745972 	66.468040 	118.406082 	26.248810 	61.587337 	38.948685 	142.003525 	94.762863 	20.000000 	42.520584 	117.153748 	63.780876 	126.822708 	114.865135 	22.627417 	9.219544 	43.600460 	135.602356 	12.806249 	19.104973 	7.071068 	107.489532 	57.201397 	129.321304 	15.620500 	8.485281 	82.200974 	999.000000 	132.457535 	79.056938 	111.126053 	2.828427 	22.135944 	49.193497 	25.961510 	3.162278 	46.097721 	107.814659 	
41.677334 	83.486526 	101.911728 	84.148682 	135.000000 	134.629120 	82.073135 	19.104973 	50.328918 	31.144823 	90.686272 	73.878281 	17.204651 	66.219330 	16.763054 	106.216759 	72.346390 	93.861603 	21.023796 	38.013157 	112.538879 	90.426765 	15.811388 	69.634758 	10.049875 	17.691807 	109.877205 	124.482933 	90.210861 	10.816654 	119.670380 	144.422989 	132.230865 	25.553865 	77.388626 	6.082763 	117.034180 	123.987900 	54.625999 	132.457535 	999.000000 	58.694122 	24.738634 	135.281189 	113.811249 	88.684837 	154.935471 	135.369858 	92.282173 	29.614185 	
35.468296 	38.118237 	54.120235 	37.336308 	89.185204 	87.920418 	33.541019 	52.153618 	18.867962 	33.000000 	39.560081 	24.186773 	64.629715 	18.110771 	49.497475 	54.120235 	32.756680 	40.706264 	74.330345 	23.021729 	60.415230 	37.121422 	46.097721 	17.262676 	56.515484 	43.174065 	56.938564 	72.560318 	35.510563 	65.253349 	66.887962 	94.366310 	80.622574 	33.526108 	21.954498 	57.567352 	63.513779 	70.724815 	4.123106 	79.056938 	58.694122 	999.000000 	34.481880 	81.841309 	58.137768 	31.144823 	103.942291 	81.608826 	34.713108 	30.232433 	
30.149628 	64.140472 	82.377182 	64.350601 	116.846054 	116.107712 	61.611687 	25.553865 	30.413813 	17.262676 	69.656296 	52.630791 	34.928497 	44.821869 	21.470911 	85.146935 	54.129475 	72.180328 	43.104523 	17.464249 	91.547798 	68.622154 	16.552946 	47.381432 	25.317978 	13.892444 	88.526833 	103.711136 	67.896980 	33.000000 	98.493652 	124.619423 	111.664673 	7.280110 	54.561890 	25.000000 	95.524864 	102.649887 	30.528675 	111.126053 	24.738634 	34.481880 	999.000000 	113.951744 	91.350975 	65.215027 	134.807266 	113.899078 	68.818604 	5.000000 	
96.519424 	52.697250 	35.341194 	51.613953 	26.907248 	24.083189 	53.263496 	121.827744 	84.958817 	104.350372 	44.598206 	61.522354 	134.525085 	69.296463 	121.210564 	29.068884 	64.350601 	41.773197 	144.779144 	97.590981 	22.803509 	45.343136 	119.970833 	66.603302 	129.630249 	117.686020 	25.455845 	11.704700 	46.400433 	138.405197 	15.620500 	17.464249 	7.615773 	110.317726 	60.000000 	132.136292 	18.439089 	11.313708 	85.000000 	2.828427 	135.281189 	81.841309 	113.951744 	999.000000 	24.698177 	51.884487 	23.537205 	1.414214 	48.754486 	110.634537 	
77.472572 	35.510563 	24.351591 	33.734257 	42.449970 	40.024994 	33.837849 	102.000000 	63.812225 	83.528435 	25.000000 	40.311287 	114.947815 	47.707443 	100.846420 	13.601471 	46.572525 	20.615528 	125.239769 	75.802376 	12.727922 	23.706539 	99.020203 	44.204071 	109.077957 	96.519424 	10.295630 	19.104973 	23.600847 	117.991524 	13.341664 	40.311287 	26.076809 	88.408142 	36.796738 	111.220505 	9.486833 	15.033297 	61.554855 	22.135944 	113.811249 	58.137768 	91.350975 	24.698177 	999.000000 	27.459061 	48.083260 	24.166092 	24.186773 	87.692642 	
56.568542 	26.248810 	32.015621 	24.083189 	64.124878 	62.289646 	20.808653 	79.056938 	40.521599 	59.808025 	18.357559 	20.223749 	92.027168 	25.179358 	77.252831 	27.073973 	31.953091 	15.524175 	102.181213 	50.990196 	32.557640 	13.416408 	74.732857 	20.396078 	85.088188 	72.013885 	28.635643 	43.965897 	9.848858 	94.021271 	37.947330 	66.098412 	51.865211 	63.134777 	12.165525 	86.764046 	34.176014 	41.231056 	34.828148 	49.193497 	88.684837 	31.144823 	65.215027 	51.884487 	27.459061 	999.000000 	74.846512 	51.478149 	3.605551 	61.220913 	
114.690887 	71.449280 	53.037724 	70.837845 	25.495098 	24.041630 	73.246162 	140.185593 	104.995239 	123.794182 	65.215027 	82.200974 	152.502457 	90.000000 	140.035706 	49.929951 	82.734512 	63.285069 	162.606888 	117.923706 	43.566040 	66.887962 	139.316193 	87.920418 	148.519363 	137.244308 	47.010635 	31.384710 	68.476273 	157.079605 	37.121422 	10.816654 	23.323807 	130.598618 	81.987801 	151.320847 	40.718548 	33.615471 	106.850365 	25.961510 	154.935471 	103.942291 	134.807266 	23.537205 	48.083260 	74.846512 	999.000000 	24.331051 	71.867935 	131.825638 	
96.798759 	53.000000 	35.846897 	51.865211 	28.319605 	25.495098 	53.413483 	122.065559 	85.041168 	104.484451 	44.687805 	61.554855 	134.792435 	69.310890 	121.400162 	29.206163 	64.660652 	41.725292 	145.055161 	97.621719 	23.021729 	45.276924 	120.104118 	66.528191 	129.807556 	117.796432 	25.495098 	12.369317 	46.227695 	138.600143 	15.811388 	18.681541 	8.944272 	110.344917 	59.816387 	132.279999 	18.384777 	11.401754 	84.811554 	3.162278 	135.369858 	81.608826 	113.899078 	1.414214 	24.166092 	51.478149 	24.331051 	999.000000 	48.301140 	110.535065 	
59.841457 	27.459061 	31.016125 	25.238859 	62.008064 	60.074955 	22.360680 	82.540901 	43.965897 	63.324562 	18.439089 	23.021729 	95.519630 	28.442924 	80.777473 	25.019993 	34.205261 	14.764823 	105.688217 	54.561890 	30.149628 	13.453624 	78.294319 	23.769728 	88.639717 	75.584389 	26.172504 	41.231056 	9.899495 	97.575615 	35.171009 	63.324562 	49.040798 	66.730804 	15.524175 	90.338257 	31.320919 	38.275318 	38.418747 	46.097721 	92.282173 	34.713108 	68.818604 	48.754486 	24.186773 	3.605551 	71.867935 	48.301140 	999.000000 	64.815125 	
31.048349 	61.717098 	79.755875 	61.773781 	114.490173 	113.648582 	58.830265 	29.966648 	28.460499 	18.788294 	66.610809 	49.648766 	39.812057 	41.880783 	26.000000 	82.006096 	52.201534 	68.883957 	48.093658 	16.124516 	88.408142 	65.299309 	21.189621 	44.045429 	30.265491 	18.384777 	85.276024 	100.603180 	64.381676 	38.000000 	95.268044 	121.757957 	108.600182 	9.899495 	50.911690 	30.000000 	92.195442 	99.357941 	26.400757 	107.814659 	29.614185 	30.232433 	5.000000 	110.634537 	87.692642 	61.220913 	131.825638 	110.535065 	64.815125 	999.000000 	

Travel time:
9.000000 	1.095730 	1.546165 	1.123610 	2.343075 	2.337734 	1.095730 	0.637377 	0.431567 	0.325000 	1.319327 	0.941076 	0.950329 	0.785016 	0.640312 	1.693554 	0.805062 	1.421487 	1.206493 	0.430116 	1.844587 	1.346291 	0.648556 	0.905539 	0.851469 	0.617454 	1.792345 	2.130288 	1.367708 	1.060660 	2.024846 	2.600120 	2.315437 	0.575543 	1.110180 	0.930054 	1.972308 	2.136001 	0.805062 	2.343608 	1.041933 	0.886707 	0.753741 	2.412986 	1.936814 	1.414214 	2.867272 	2.419969 	1.496036 	0.776209 	
1.095730 	9.000000 	0.460977 	0.055902 	1.319327 	1.299279 	0.145774 	1.730065 	0.845946 	1.308625 	0.276134 	0.350000 	2.046033 	0.515388 	1.719193 	0.604152 	0.291548 	0.403113 	2.302173 	1.171804 	0.750417 	0.371652 	1.697056 	0.525000 	1.930835 	1.644878 	0.705780 	1.035012 	0.447214 	2.147819 	0.930390 	1.523975 	1.222957 	1.485135 	0.515388 	1.998281 	0.883530 	1.041933 	0.990581 	1.248249 	2.087163 	0.952956 	1.603512 	1.317431 	0.887764 	0.656220 	1.786232 	1.325000 	0.686477 	1.542928 	
1.546165 	0.460977 	9.000000 	0.450694 	0.877853 	0.850368 	0.525595 	2.183031 	1.305038 	1.769181 	0.375832 	0.761577 	2.495245 	0.950329 	2.176149 	0.269258 	0.743303 	0.412311 	2.750000 	1.630376 	0.350892 	0.477624 	2.156965 	0.925000 	2.388122 	2.105499 	0.357946 	0.592663 	0.559017 	2.603483 	0.515388 	1.063015 	0.770146 	1.945026 	0.831038 	2.457260 	0.500625 	0.625000 	1.407569 	0.817389 	2.547793 	1.353006 	2.059430 	0.883530 	0.608790 	0.800391 	1.325943 	0.896172 	0.775403 	1.993897 	
1.123610 	0.055902 	0.450694 	9.000000 	1.320038 	1.297112 	0.103078 	1.755349 	0.855132 	1.325943 	0.225000 	0.328824 	2.073192 	0.506211 	1.741407 	0.570636 	0.325000 	0.350892 	2.329834 	1.180042 	0.721110 	0.316228 	1.715554 	0.502494 	1.952562 	1.661701 	0.670820 	1.011496 	0.391312 	2.170829 	0.901388 	1.511001 	1.202601 	1.495410 	0.474342 	2.018044 	0.850000 	1.012423 	0.976281 	1.220656 	2.103717 	0.933408 	1.608765 	1.290349 	0.843356 	0.602080 	1.770946 	1.296630 	0.630971 	1.544345 	
2.343075 	1.319327 	0.877853 	1.320038 	9.000000 	0.070711 	1.402007 	2.975105 	2.161308 	2.601081 	1.243232 	1.638788 	3.270799 	1.825171 	2.983287 	0.926350 	1.574206 	1.241219 	3.517900 	2.486966 	0.801561 	1.323820 	2.980038 	1.802776 	3.194526 	2.935345 	0.901388 	0.594243 	1.389469 	3.400735 	0.728011 	0.400780 	0.496236 	2.795756 	1.697793 	3.271849 	0.824621 	0.715891 	2.285416 	0.672681 	3.375000 	2.229630 	2.921151 	0.672681 	1.061249 	1.603122 	0.637377 	0.707990 	1.550202 	2.862254 	
2.337734 	1.299279 	0.850368 	1.297112 	0.070711 	9.000000 	1.375909 	2.971742 	2.143887 	2.590005 	1.209597 	1.611870 	3.270417 	1.800347 	2.977415 	0.880696 	1.560649 	1.201301 	3.518966 	2.469818 	0.750000 	1.285496 	2.971216 	1.773415 	3.189044 	2.925107 	0.850000 	0.529741 	1.348379 	3.397058 	0.667083 	0.350892 	0.425735 	2.780513 	1.662077 	3.264966 	0.764853 	0.650000 	2.256241 	0.602080 	3.365728 	2.198010 	2.902693 	0.602080 	1.000625 	1.557241 	0.601041 	0.637377 	1.501874 	2.841215 	
1.095730 	0.145774 	0.525595 	0.103078 	1.402007 	1.375909 	9.000000 	1.719920 	0.795692 	1.277204 	0.223607 	0.237171 	2.040833 	0.425000 	1.700184 	0.605186 	0.325960 	0.333542 	2.298097 	1.117195 	0.761988 	0.275000 	1.667708 	0.406971 	1.910007 	1.611094 	0.700446 	1.060660 	0.333542 	2.130288 	0.941076 	1.575198 	1.256234 	1.434617 	0.371652 	1.971833 	0.880696 	1.050297 	0.886002 	1.261200 	2.051828 	0.838525 	1.540292 	1.331587 	0.845946 	0.520216 	1.831154 	1.335337 	0.559017 	1.470757 	
0.637377 	1.730065 	2.183031 	1.755349 	2.975105 	2.971742 	1.719920 	9.000000 	0.965660 	0.485412 	1.942453 	1.542928 	0.325000 	1.365650 	0.106066 	2.322849 	1.440703 	2.037308 	0.581485 	0.728869 	2.476136 	1.957358 	0.230489 	1.471819 	0.237171 	0.291548 	2.419969 	2.765072 	1.968026 	0.425735 	2.656360 	3.237380 	2.951694 	0.522015 	1.676678 	0.333542 	2.600240 	2.766993 	1.202341 	2.975945 	0.477624 	1.303840 	0.638847 	3.045694 	2.550000 	1.976424 	3.504640 	3.051639 	2.063523 	0.749166 	
0.431567 	0.845946 	1.305038 	0.855132 	2.161308 	2.143887 	0.795692 	0.965660 	9.000000 	0.493077 	1.009022 	0.590021 	1.290591 	0.403113 	0.928036 	1.397542 	0.594243 	1.090011 	1.546165 	0.325960 	1.556037 	1.005609 	0.880696 	0.506211 	1.131923 	0.820061 	1.488707 	1.856240 	1.007782 	1.355083 	1.733854 	2.366036 	2.051828 	0.640312 	0.711512 	1.185854 	1.667708 	1.841535 	0.406971 	2.053351 	1.258223 	0.471699 	0.760345 	2.123971 	1.595306 	1.013040 	2.624881 	2.126029 	1.099147 	0.711512 	
0.325000 	1.308625 	1.769181 	1.325943 	2.601081 	2.590005 	1.277204 	0.485412 	0.493077 	9.000000 	1.495410 	1.081665 	0.807001 	0.896172 	0.436606 	1.882153 	1.030776 	1.581139 	1.059481 	0.251247 	2.039148 	1.497707 	0.390512 	0.995301 	0.638847 	0.336341 	1.975633 	2.335862 	1.500833 	0.862047 	2.218248 	2.831960 	2.528463 	0.251247 	1.198176 	0.695072 	2.155371 	2.327150 	0.725431 	2.538331 	0.778621 	0.825000 	0.431567 	2.608759 	2.088211 	1.495201 	3.094855 	2.612111 	1.583114 	0.469707 	
1.319327 	0.276134 	0.375832 	0.225000 	1.243232 	1.209597 	0.223607 	1.942453 	1.009022 	1.495410 	9.000000 	0.425735 	2.263846 	0.620987 	1.921100 	0.388909 	0.539676 	0.127475 	2.521161 	1.325943 	0.548293 	0.125000 	1.885802 	0.570636 	2.130288 	1.827738 	0.480234 	0.851469 	0.215058 	2.351197 	0.725000 	1.380670 	1.050297 	1.644118 	0.456207 	2.190462 	0.660019 	0.832541 	1.051190 	1.044330 	2.267157 	0.989002 	1.741407 	1.114955 	0.625000 	0.458939 	1.630376 	1.117195 	0.460977 	1.665270 	
0.941076 	0.350000 	0.761577 	0.328824 	1.638788 	1.611870 	0.237171 	1.542928 	0.590021 	1.081665 	0.425735 	9.000000 	1.867150 	0.195256 	1.513481 	0.813941 	0.320156 	0.500000 	2.124264 	0.901734 	0.973717 	0.416083 	1.470544 	0.175000 	1.719920 	1.410009 	0.901734 	1.277204 	0.427200 	1.942453 	1.149184 	1.802776 	1.475847 	1.219887 	0.235850 	1.775704 	1.079641 	1.255239 	0.649038 	1.467353 	1.846957 	0.604669 	1.315770 	1.538059 	1.007782 	0.505594 	2.055024 	1.538871 	0.575543 	1.241219 	
0.950329 	2.046033 	2.495245 	2.073192 	3.270799 	3.270417 	2.040833 	0.325000 	1.290591 	0.807001 	2.263846 	1.867150 	9.000000 	1.690599 	0.378319 	2.642205 	1.755349 	2.360349 	0.257391 	1.044330 	2.794302 	2.281036 	0.475657 	1.796698 	0.246221 	0.550568 	2.740096 	3.080584 	2.292651 	0.201556 	2.974580 	3.544185 	3.265061 	0.800391 	2.001406 	0.301040 	2.920295 	3.085551 	1.513275 	3.293649 	0.430116 	1.615743 	0.873212 	3.363127 	2.873695 	2.300679 	3.812562 	3.369811 	2.387991 	0.995301 	
0.785016 	0.515388 	0.950329 	0.506211 	1.825171 	1.800347 	0.425000 	1.365650 	0.403113 	0.896172 	0.620987 	0.195256 	1.690599 	9.000000 	1.330883 	1.009022 	0.371652 	0.691466 	1.946953 	0.707990 	1.168867 	0.605186 	1.282819 	0.127475 	1.535008 	1.220656 	1.096016 	1.472455 	0.604669 	1.758195 	1.343968 	1.997029 	1.671077 	1.025914 	0.325960 	1.587844 	1.273283 	1.449569 	0.477624 	1.661701 	1.655483 	0.452769 	1.120547 	1.732412 	1.192686 	0.629484 	2.250000 	1.732772 	0.711073 	1.047020 	
0.640312 	1.719193 	2.176149 	1.741407 	2.983287 	2.977415 	1.700184 	0.106066 	0.928036 	0.436606 	1.921100 	1.513481 	0.378319 	1.330883 	9.000000 	2.305022 	1.432873 	2.011374 	0.625000 	0.667083 	2.460183 	1.929378 	0.125000 	1.431782 	0.212132 	0.190394 	2.400521 	2.752840 	1.935362 	0.430116 	2.640076 	3.235062 	2.942151 	0.431567 	1.634778 	0.291548 	2.580698 	2.750000 	1.134956 	2.960152 	0.419076 	1.237437 	0.536773 	3.030264 	2.521161 	1.931321 	3.500893 	3.035004 	2.019437 	0.650000 	
1.693554 	0.604152 	0.269258 	0.570636 	0.926350 	0.880696 	0.605186 	2.322849 	1.397542 	1.882153 	0.388909 	0.813941 	2.642205 	1.009022 	2.305022 	9.000000 	0.894427 	0.335410 	2.899138 	1.714825 	0.160078 	0.425000 	2.272664 	0.950329 	2.515079 	2.215429 	0.103078 	0.465027 	0.474342 	2.735073 	0.336341 	1.006231 	0.665676 	2.033009 	0.805062 	2.576941 	0.279509 	0.445112 	1.423464 	0.656220 	2.655419 	1.353006 	2.128673 	0.726722 	0.340037 	0.676849 	1.248249 	0.730154 	0.625500 	2.050152 	
0.805062 	0.291548 	0.743303 	0.325000 	1.574206 	1.560649 	0.325960 	1.440703 	0.594243 	1.030776 	0.539676 	0.320156 	1.755349 	0.371652 	1.432873 	0.894427 	9.000000 	0.657647 	2.011219 	0.916856 	1.041933 	0.600521 	1.415980 	0.450694 	1.644878 	1.366794 	0.995301 	1.325236 	0.651920 	1.860276 	1.221935 	1.803469 	1.511001 	1.221935 	0.555090 	1.714825 	1.173936 	1.333464 	0.828402 	1.539683 	1.808660 	0.818917 	1.353237 	1.608765 	1.164313 	0.798827 	2.068363 	1.616516 	0.855132 	1.305038 	
1.421487 	0.403113 	0.412311 	0.350892 	1.241219 	1.201301 	0.333542 	2.037308 	1.090011 	1.581139 	0.127475 	0.500000 	2.360349 	0.691466 	2.011374 	0.335410 	0.657647 	9.000000 	2.617728 	1.399330 	0.493077 	0.090139 	1.970406 	0.620987 	2.218812 	1.910007 	0.410031 	0.797653 	0.150000 	2.440927 	0.660019 	1.341641 	0.999062 	1.717010 	0.469707 	2.275549 	0.583631 	0.761988 	1.089151 	0.973717 	2.346540 	1.017657 	1.804508 	1.044330 	0.515388 	0.388104 	1.582127 	1.043132 	0.369121 	1.722099 	
1.206493 	2.302173 	2.750000 	2.329834 	3.517900 	3.518966 	2.298097 	0.581485 	1.546165 	1.059481 	2.521161 	2.124264 	0.257391 	1.946953 	0.625000 	2.899138 	2.011219 	2.617728 	9.000000 	1.291559 	3.050922 	2.538331 	0.707107 	2.051981 	0.450694 	0.781425 	2.997186 	3.336353 	2.549510 	0.261008 	3.231195 	3.796380 	3.520032 	1.029866 	2.256241 	0.456207 	3.177361 	3.342248 	1.755349 	3.550088 	0.525595 	1.858259 	1.077613 	3.619479 	3.130994 	2.554530 	4.065172 	3.626379 	2.642205 	1.202341 	
0.430116 	1.171804 	1.630376 	1.180042 	2.486966 	2.469818 	1.117195 	0.728869 	0.325960 	0.251247 	1.325943 	0.901734 	1.044330 	0.707990 	0.667083 	1.714825 	0.916856 	1.399330 	1.291559 	9.000000 	1.874166 	1.312441 	0.594243 	0.790569 	0.854400 	0.525595 	1.803469 	2.176149 	1.305038 	1.077033 	2.050610 	2.690376 	2.373025 	0.318198 	0.986154 	0.894427 	1.981161 	2.156965 	0.475000 	2.369071 	0.950329 	0.575543 	0.436606 	2.439775 	1.895059 	1.274755 	2.948093 	2.440543 	1.364047 	0.403113 	
1.844587 	0.750417 	0.350892 	0.721110 	0.801561 	0.750000 	0.761988 	2.476136 	1.556037 	2.039148 	0.548293 	0.973717 	2.794302 	1.168867 	2.460183 	0.160078 	1.041933 	0.493077 	3.050922 	1.874166 	9.000000 	0.583095 	2.429635 	1.110180 	2.670674 	2.373025 	0.100000 	0.305164 	0.626997 	2.890069 	0.180278 	0.850368 	0.506211 	2.192316 	0.961769 	2.733588 	0.150000 	0.291548 	1.582127 	0.500000 	2.813472 	1.510381 	2.288695 	0.570088 	0.318198 	0.813941 	1.089151 	0.575543 	0.753741 	2.210204 	
1.346291 	0.371652 	0.477624 	0.316228 	1.323820 	1.285496 	0.275000 	1.957358 	1.005609 	1.497707 	0.125000 	0.416083 	2.281036 	0.605186 	1.929378 	0.425000 	0.600521 	0.090139 	2.538331 	1.312441 	0.583095 	9.000000 	1.886299 	0.531507 	2.136001 	1.825171 	0.500000 	0.887764 	0.090139 	2.358495 	0.750000 	1.431127 	1.089151 	1.629801 	0.380789 	2.191461 	0.672681 	0.851469 	0.999062 	1.063015 	2.260669 	0.928036 	1.715554 	1.133578 	0.592663 	0.335410 	1.672199 	1.131923 	0.336341 	1.632483 	
0.648556 	1.697056 	2.156965 	1.715554 	2.980038 	2.971216 	1.667708 	0.230489 	0.880696 	0.390512 	1.885802 	1.470544 	0.475657 	1.282819 	0.125000 	2.272664 	1.415980 	1.970406 	0.707107 	0.594243 	2.429635 	1.886299 	9.000000 	1.376817 	0.261008 	0.075000 	2.366036 	2.726032 	1.886796 	0.482830 	2.608759 	3.219084 	2.918154 	0.325000 	1.576586 	0.305164 	2.545707 	2.717651 	1.049405 	2.928844 	0.395285 	1.152443 	0.413824 	2.999271 	2.475505 	1.868321 	3.482905 	3.002603 	1.957358 	0.529741 	
0.905539 	0.525000 	0.925000 	0.502494 	1.802776 	1.773415 	0.406971 	1.471819 	0.506211 	0.995301 	0.570636 	0.175000 	1.796698 	0.127475 	1.431782 	0.950329 	0.450694 	0.620987 	2.051981 	0.790569 	1.110180 	0.531507 	1.376817 	9.000000 	1.632483 	1.311964 	1.030776 	1.415318 	0.515388 	1.856071 	1.280625 	1.950801 	1.615936 	1.105102 	0.206155 	1.680773 	1.204159 	1.382932 	0.482830 	1.594522 	1.740869 	0.431567 	1.184536 	1.665083 	1.105102 	0.509902 	2.198010 	1.663205 	0.594243 	1.101136 	
