Total assets = 510
Number of asset nodes = 33

Distance:
999.000000 	85.440041 	57.245087 	15.231546 	87.658424 	26.907248 	34.058773 	39.962482 	90.426765 	37.121422 	23.706539 	13.416408 	13.453624 	59.908264 	5.000000 	16.643316 	77.175125 	91.547798 	21.840330 	15.000000 	35.114101 	40.718548 	56.850681 	42.154476 	21.023796 	60.464867 	33.955853 	22.022715 	18.788294 	109.808922 	26.172504 	76.026314 	36.249138 	72.801102 	68.883957 	53.310413 	22.671568 	97.590981 	37.696156 	30.413813 	45.793011 	46.572525 	60.835846 	47.296936 	55.000000 	35.693138 	90.906548 	87.200920 	38.470768 	37.854988 	
85.440041 	999.000000 	137.887634 	73.348480 	4.000000 	111.606453 	118.406082 	52.392746 	10.049875 	56.515484 	109.077957 	85.088188 	88.639717 	25.553865 	85.211502 	68.796799 	8.485281 	13.152946 	106.550461 	87.846458 	61.392181 	55.731499 	140.584488 	56.435802 	104.201729 	38.209946 	65.306969 	105.095192 	96.772926 	25.806976 	109.567329 	158.492905 	121.433105 	155.794739 	152.502457 	51.088158 	94.244362 	22.090721 	122.674362 	78.644768 	131.228806 	60.008331 	46.872166 	61.000000 	140.346008 	119.406868 	27.784887 	31.240999 	121.671692 	80.504662 	
57.245087 	137.887634 	999.000000 	72.449982 	140.730240 	32.015621 	25.317978 	97.128784 	144.422989 	94.366310 	40.311287 	66.098412 	63.324562 	113.278419 	55.226807 	72.111023 	129.402466 	146.000000 	45.276924 	65.253349 	92.195442 	97.943863 	12.206555 	99.317673 	50.249378 	117.477661 	90.620087 	50.159744 	59.682495 	163.379929 	48.000000 	21.095022 	36.674240 	19.313208 	18.110771 	110.494347 	66.610809 	152.895386 	38.078865 	83.677956 	29.966648 	103.247276 	118.067780 	103.817146 	25.455845 	44.911022 	147.299011 	143.961807 	46.572525 	89.822044 	
15.231546 	73.348480 	72.449982 	999.000000 	75.179787 	41.617306 	48.826221 	25.000000 	77.388626 	21.954498 	36.796738 	12.165525 	15.524175 	47.927029 	18.248287 	9.433981 	65.391129 	78.236816 	33.600594 	15.132746 	19.924858 	25.495098 	71.610054 	26.925823 	30.886890 	45.607018 	19.104973 	31.764761 	23.769728 	96.798759 	36.235340 	90.972527 	48.600410 	87.658424 	83.600243 	38.078865 	23.021729 	83.737686 	49.648766 	19.416489 	58.898216 	31.575306 	45.617977 	32.388271 	68.622154 	46.065170 	76.419891 	72.470680 	48.332184 	26.925823 	
87.658424 	4.000000 	140.730240 	75.179787 	999.000000 	114.017540 	120.880104 	53.450912 	6.082763 	57.567352 	111.220505 	86.764046 	90.338257 	27.802877 	87.618492 	71.028160 	11.661903 	9.219544 	108.558739 	89.470665 	62.361847 	56.515484 	143.178207 	57.070133 	106.066017 	38.000000 	66.219330 	106.943909 	98.412399 	22.671568 	111.413643 	161.245148 	123.490891 	158.492905 	155.128983 	51.009804 	95.634720 	18.110771 	124.679588 	79.555016 	133.405396 	60.207973 	46.270943 	61.131008 	142.635895 	121.235306 	24.413111 	28.284271 	123.434196 	81.049370 	
26.907248 	111.606453 	32.015621 	41.617306 	114.017540 	999.000000 	7.211102 	66.610809 	117.034180 	63.513779 	9.486833 	34.176014 	31.320919 	86.214851 	26.400757 	43.185646 	103.227905 	118.258194 	14.317822 	33.241539 	60.901562 	66.887962 	30.000000 	68.095520 	19.235384 	87.200920 	59.033890 	19.416489 	28.017851 	136.359818 	18.788294 	49.396355 	15.811388 	46.043457 	42.011902 	79.259071 	35.014282 	124.450790 	18.027756 	51.662365 	21.377558 	71.589104 	86.954010 	72.090218 	29.068884 	21.400934 	117.796432 	114.017540 	24.413111 	57.870544 	
34.058773 	118.406082 	25.317978 	48.826221 	120.880104 	7.211102 	999.000000 	73.817345 	123.987900 	70.724815 	15.033297 	41.231056 	38.275318 	93.085983 	33.301651 	50.209560 	110.000000 	125.255737 	20.024984 	40.162170 	68.095520 	74.094536 	22.803509 	75.292763 	25.019993 	94.403389 	66.189125 	25.000000 	34.365681 	143.282944 	23.345236 	42.190044 	15.556349 	38.832977 	34.828148 	86.452301 	41.303753 	131.529465 	17.691807 	58.523499 	17.117243 	78.721024 	94.154129 	79.202271 	23.086792 	23.021729 	124.963997 	121.210564 	25.612497 	64.536812 	
39.962482 	52.392746 	97.128784 	25.000000 	53.450912 	66.610809 	73.817345 	999.000000 	54.625999 	4.123106 	61.554855 	34.828148 	38.418747 	29.017237 	42.047592 	25.961510 	45.398239 	55.009090 	58.000000 	37.202152 	9.055386 	5.000000 	96.607452 	7.071068 	54.671749 	20.615528 	13.038404 	55.443665 	46.043457 	73.790245 	59.816387 	115.935326 	72.917763 	112.645462 	108.600182 	15.000000 	42.485291 	59.640591 	73.756355 	26.305893 	83.450584 	14.212670 	21.587032 	15.620500 	93.348808 	69.404610 	51.623638 	47.507893 	71.281136 	29.154760 	
90.426765 	10.049875 	144.422989 	77.388626 	6.082763 	117.034180 	123.987900 	54.625999 	999.000000 	58.694122 	113.811249 	88.684837 	92.282173 	31.144823 	90.686272 	73.878281 	16.763054 	3.162278 	110.941429 	91.301697 	63.324562 	57.245087 	146.454773 	57.567352 	108.226616 	37.483330 	67.067131 	109.077957 	100.239716 	19.416489 	113.534134 	164.769531 	125.924583 	161.929001 	158.448730 	50.487621 	97.082436 	12.041595 	127.027557 	80.324341 	136.014709 	60.016663 	45.011108 	60.827625 	145.416641 	123.308556 	19.104973 	23.600847 	125.399361 	81.252693 	
37.121422 	56.515484 	94.366310 	21.954498 	57.567352 	63.513779 	70.724815 	4.123106 	58.694122 	999.000000 	58.137768 	31.144823 	34.713108 	33.000000 	39.560081 	24.186773 	49.497475 	59.033890 	54.451813 	33.421551 	5.000000 	4.000000 	93.477272 	6.082763 	50.990196 	24.041630 	9.000000 	51.739735 	42.201897 	77.820305 	56.080299 	112.898186 	69.310890 	109.553642 	105.437187 	16.492422 	38.470768 	63.513779 	70.092796 	22.203604 	79.906197 	13.000000 	23.769728 	14.317822 	89.872131 	65.604881 	55.226807 	50.931328 	67.424034 	25.317978 	
23.706539 	109.077957 	40.311287 	36.796738 	111.220505 	9.486833 	15.033297 	61.554855 	113.811249 	58.137768 	999.000000 	27.459061 	24.186773 	83.528435 	25.000000 	40.311287 	100.846420 	114.808533 	5.000000 	25.942244 	55.000000 	61.220913 	36.249138 	62.201286 	10.000000 	82.134033 	52.697250 	10.049875 	19.416489 	133.221619 	9.433981 	55.946404 	12.649111 	52.325901 	47.885281 	73.239334 	26.305893 	120.507263 	14.317822 	44.011364 	22.203604 	65.000000 	81.024689 	65.368187 	31.827662 	14.560220 	113.145920 	109.041275 	17.720045 	49.729267 	
13.416408 	85.088188 	66.098412 	12.165525 	86.764046 	34.176014 	41.231056 	34.828148 	88.684837 	31.144823 	27.459061 	999.000000 	3.605551 	59.808025 	18.357559 	20.223749 	77.252831 	89.358826 	23.430750 	3.000000 	27.658634 	33.970577 	63.529522 	34.828148 	19.849434 	55.172459 	25.238859 	20.615528 	11.704700 	108.046288 	25.000000 	83.186539 	38.183765 	79.649231 	75.292763 	45.803928 	11.401754 	94.403389 	38.948685 	18.027756 	48.836460 	37.589893 	53.600372 	38.013157 	58.898216 	34.669872 	86.371292 	82.024384 	36.715118 	25.079872 	
13.453624 	88.639717 	63.324562 	15.524175 	90.338257 	31.320919 	38.275318 	38.418747 	92.282173 	34.713108 	24.186773 	3.605551 	999.000000 	63.324562 	18.439089 	23.021729 	80.777473 	92.962357 	20.000000 	2.000000 	31.144823 	37.483330 	60.373837 	38.288380 	16.278820 	58.728188 	28.600698 	17.029387 	8.246211 	111.646767 	21.400934 	80.056229 	34.655445 	76.478752 	72.069412 	49.203659 	9.433981 	98.005104 	35.383614 	20.396078 	45.343136 	40.816662 	57.008770 	41.182522 	55.443665 	31.064449 	89.938866 	85.562843 	33.120991 	27.018513 	
59.908264 	25.553865 	113.278419 	47.927029 	27.802877 	86.214851 	93.085983 	29.017237 	31.144823 	33.000000 	83.528435 	59.808025 	63.324562 	999.000000 	59.816387 	43.266617 	17.464249 	32.802441 	81.006172 	62.625874 	38.000000 	33.241539 	115.433968 	34.525352 	78.721024 	23.345236 	42.000000 	79.624115 	71.512238 	50.249378 	84.095184 	133.645050 	95.880135 	130.831955 	127.404869 	33.120991 	69.375786 	40.311287 	97.128784 	55.081757 	105.688217 	39.849716 	32.557640 	41.109608 	114.856430 	93.941475 	37.854988 	37.054016 	96.254868 	58.137768 	
5.000000 	85.211502 	55.226807 	18.248287 	87.618492 	26.400757 	33.301651 	42.047592 	90.686272 	39.560081 	25.000000 	18.357559 	18.439089 	59.816387 	999.000000 	17.029387 	76.843994 	91.967384 	24.083189 	20.000000 	38.078865 	43.324360 	55.865910 	44.922153 	24.186773 	62.265560 	37.336308 	25.179358 	23.323807 	109.986366 	29.017237 	74.652527 	37.643059 	71.589104 	67.896980 	55.973209 	27.586229 	98.351410 	39.293766 	34.928497 	46.518814 	49.819675 	63.324562 	50.635956 	55.226807 	38.118237 	92.200867 	88.752464 	41.048752 	42.449970 	
16.643316 	68.796799 	72.111023 	9.433981 	71.028160 	43.185646 	50.209560 	25.961510 	73.878281 	24.186773 	40.311287 	20.223749 	23.021729 	43.266617 	17.029387 	999.000000 	60.539242 	75.073296 	38.078865 	23.194826 	24.083189 	28.160255 	72.862885 	30.066593 	36.400551 	45.617977 	24.738634 	37.363083 	31.016125 	93.236259 	41.761227 	91.678787 	52.773098 	88.617157 	84.899940 	40.607880 	31.575306 	81.344948 	54.129475 	28.319605 	62.433964 	36.055511 	47.539455 	37.121422 	71.610054 	51.546097 	75.213028 	71.867935 	54.120235 	35.608986 	
77.175125 	8.485281 	129.402466 	65.391129 	11.661903 	103.227905 	110.000000 	45.398239 	16.763054 	49.497475 	100.846420 	77.252831 	80.777473 	17.464249 	76.843994 	60.539242 	999.000000 	19.416489 	98.412399 	80.056229 	54.451813 	49.091751 	132.136292 	50.009998 	96.176918 	33.526108 	58.420887 	97.082436 	88.955048 	34.205261 	101.552940 	150.013336 	113.251930 	147.322769 	144.045135 	45.891174 	86.683334 	28.284271 	114.529472 	71.700768 	122.967476 	54.230988 	42.720020 	55.326305 	132.018936 	111.400177 	31.048349 	33.105892 	113.718948 	74.060783 	
91.547798 	13.152946 	146.000000 	78.236816 	9.219544 	118.258194 	125.255737 	55.009090 	3.162278 	59.033890 	114.808533 	89.358826 	92.962357 	32.802441 	91.967384 	75.073296 	19.416489 	999.000000 	111.830231 	91.923882 	63.560993 	57.384666 	147.800537 	57.584721 	109.000000 	37.107952 	67.230942 	109.836243 	100.846420 	18.788294 	114.280357 	166.243790 	126.826653 	163.355438 	159.812393 	50.009998 	97.493591 	9.000000 	127.882759 	80.411446 	137.003647 	59.665737 	44.181442 	60.415230 	146.492325 	124.020157 	16.278820 	21.095022 	126.051575 	81.043198 	
21.840330 	106.550461 	45.276924 	33.600594 	108.558739 	14.317822 	20.024984 	58.000000 	110.941429 	54.451813 	5.000000 	23.430750 	20.000000 	81.006172 	24.083189 	38.078865 	98.412399 	111.830231 	999.000000 	21.633308 	51.088158 	57.384666 	40.853397 	58.258045 	5.000000 	78.492035 	48.600410 	5.099020 	14.560220 	130.357208 	5.830952 	60.539242 	15.000000 	56.859474 	52.325901 	69.202599 	21.377558 	117.290237 	16.124516 	39.395432 	25.455845 	60.745369 	77.006493 	61.057350 	35.468296 	14.035668 	109.622078 	105.380264 	17.000000 	44.922153 	
15.000000 	87.846458 	65.253349 	15.132746 	89.470665 	33.241539 	40.162170 	37.202152 	91.301697 	33.421551 	25.942244 	3.000000 	2.000000 	62.625874 	20.000000 	23.194826 	80.056229 	91.923882 	21.633308 	999.000000 	29.698484 	36.069378 	62.169125 	36.796738 	17.691807 	57.384666 	27.018513 	18.384777 	8.944272 	110.639053 	22.671568 	81.859634 	36.124783 	78.262383 	73.824112 	47.634022 	8.544003 	96.834908 	36.769554 	18.439089 	46.861500 	39.115215 	55.443665 	39.446167 	57.008770 	32.202484 	88.617157 	84.172440 	34.132095 	25.019993 	
35.114101 	61.392181 	92.195442 	19.924858 	62.361847 	60.901562 	68.095520 	9.055386 	63.324562 	5.000000 	55.000000 	27.658634 	31.144823 	38.000000 	38.078865 	24.083189 	54.451813 	63.560993 	51.088158 	29.698484 	999.000000 	6.403124 	90.735878 	7.211102 	47.381432 	27.802877 	4.000000 	48.083260 	38.288380 	82.346825 	52.345009 	110.276924 	65.795135 	106.850365 	102.625534 	18.357559 	34.132095 	67.742157 	66.468040 	17.262676 	76.485291 	12.000000 	26.076809 	13.038404 	86.556343 	61.717098 	59.033890 	54.488529 	63.411354 	20.396078 	
40.718548 	55.731499 	97.943863 	25.495098 	56.515484 	66.887962 	74.094536 	5.000000 	57.245087 	4.000000 	61.220913 	33.970577 	37.483330 	33.241539 	43.324360 	28.160255 	49.091751 	57.384666 	57.384666 	36.069378 	6.403124 	999.000000 	96.798759 	2.236068 	53.740116 	21.400934 	9.848858 	54.451813 	44.687805 	76.157730 	58.728188 	116.284134 	72.138756 	112.898186 	108.724419 	12.649111 	40.496914 	61.400326 	72.835434 	23.086792 	82.807007 	9.433981 	20.124611 	10.816654 	92.849342 	68.117546 	52.630791 	48.104053 	69.814041 	25.000000 	
56.850681 	140.584488 	12.206555 	71.610054 	143.178207 	30.000000 	22.803509 	96.607452 	146.454773 	93.477272 	36.249138 	63.529522 	60.373837 	115.433968 	55.865910 	72.862885 	132.136292 	147.800537 	40.853397 	62.169125 	90.735878 	96.798759 	999.000000 	97.943863 	45.541191 	117.200684 	88.684837 	45.221676 	55.362442 	165.680420 	42.201897 	19.697716 	29.154760 	16.124516 	12.041595 	109.077957 	61.983868 	154.207657 	30.016663 	80.230919 	20.223749 	101.118744 	116.811813 	101.533249 	13.601471 	37.013512 	147.756561 	144.013885 	38.052597 	85.702972 	
42.154476 	56.435802 	99.317673 	26.925823 	57.070133 	68.095520 	75.292763 	7.071068 	57.567352 	6.082763 	62.201286 	34.828148 	38.288380 	34.525352 	44.922153 	30.066593 	50.009998 	57.584721 	58.258045 	36.796738 	7.211102 	2.236068 	97.943863 	999.000000 	54.488529 	21.095022 	10.000000 	55.172459 	45.276924 	76.321686 	59.396969 	117.477661 	72.917763 	114.057007 	109.836243 	11.180340 	40.804413 	61.294373 	73.552704 	22.847319 	83.630135 	7.211102 	18.867962 	8.602325 	93.723000 	68.680420 	52.201534 	47.507893 	70.292244 	24.083189 	
21.023796 	104.201729 	50.249378 	30.886890 	106.066017 	19.235384 	25.019993 	54.671749 	108.226616 	50.990196 	10.000000 	19.849434 	16.278820 	78.721024 	24.186773 	36.400551 	96.176918 	109.000000 	5.000000 	17.691807 	47.381432 	53.740116 	45.541191 	54.488529 	999.000000 	75.006668 	44.687805 	1.000000 	9.848858 	127.624451 	5.385165 	65.192024 	18.439089 	61.465439 	56.859474 	65.299309 	16.492422 	114.201576 	19.104973 	34.885529 	29.206163 	56.612720 	73.109505 	56.859474 	39.408119 	15.231546 	106.216759 	101.833199 	17.720045 	40.162170 	
60.464867 	38.209946 	117.477661 	45.607018 	38.000000 	87.200920 	94.403389 	20.615528 	37.483330 	24.041630 	82.134033 	55.172459 	58.728188 	23.345236 	62.265560 	45.617977 	33.526108 	37.107952 	78.492035 	57.384666 	27.802877 	21.400934 	117.200684 	21.095022 	75.006668 	999.000000 	31.064449 	75.742989 	66.068146 	55.659679 	80.056229 	136.484436 	93.348808 	133.221619 	129.201401 	13.038404 	61.854668 	40.249222 	94.111633 	43.829212 	103.947105 	22.561028 	9.433981 	23.345236 	113.899078 	89.498604 	31.240999 	26.907248 	91.214035 	43.965897 	
33.955853 	65.306969 	90.620087 	19.104973 	66.219330 	59.033890 	66.189125 	13.038404 	67.067131 	9.000000 	52.697250 	25.238859 	28.600698 	42.000000 	37.336308 	24.738634 	58.420887 	67.230942 	48.600410 	27.018513 	4.000000 	9.848858 	88.684837 	10.000000 	44.687805 	31.064449 	999.000000 	45.343136 	35.355339 	86.005814 	49.517673 	108.300507 	63.126858 	104.809349 	100.498756 	20.615528 	30.805843 	71.196907 	63.702435 	13.341664 	73.878281 	12.649111 	28.425341 	13.341664 	84.023804 	58.728188 	62.201286 	57.489128 	60.307545 	16.492422 	
22.022715 	105.095192 	50.159744 	31.764761 	106.943909 	19.416489 	25.000000 	55.443665 	109.077957 	51.739735 	10.049875 	20.615528 	17.029387 	79.624115 	25.179358 	37.363083 	97.082436 	109.836243 	5.099020 	18.384777 	48.083260 	54.451813 	45.221676 	55.172459 	1.000000 	75.742989 	45.343136 	999.000000 	10.295630 	128.471786 	4.472136 	64.845970 	17.804493 	61.098282 	56.462376 	65.946945 	16.763054 	115.000000 	18.384777 	35.355339 	28.600698 	57.201397 	73.756355 	57.428215 	38.832977 	14.317822 	106.962608 	102.552429 	16.763054 	40.496914 	
18.788294 	96.772926 	59.682495 	23.769728 	98.412399 	28.017851 	34.365681 	46.043457 	100.239716 	42.201897 	19.416489 	11.704700 	8.246211 	71.512238 	23.323807 	31.016125 	88.955048 	100.846420 	14.560220 	8.944272 	38.288380 	44.687805 	55.362442 	45.276924 	9.848858 	66.068146 	35.355339 	10.295630 	999.000000 	119.570061 	14.212670 	75.026665 	28.017851 	71.309189 	66.708321 	55.901699 	7.000000 	105.683487 	28.425341 	25.059929 	38.832977 	47.010635 	63.702435 	47.201694 	49.091751 	23.430750 	97.308784 	92.763138 	25.238859 	30.364452 	
109.808922 	25.806976 	163.379929 	96.798759 	22.671568 	136.359818 	143.282944 	73.790245 	19.416489 	77.820305 	133.221619 	108.046288 	111.646767 	50.249378 	109.986366 	93.236259 	34.205261 	18.788294 	130.357208 	110.639053 	82.346825 	76.157730 	165.680420 	76.321686 	127.624451 	55.659679 	86.005814 	128.471786 	119.570061 	999.000000 	132.924789 	183.853195 	145.340973 	181.069046 	177.654160 	68.410522 	116.275536 	17.029387 	146.441116 	99.161484 	155.425217 	78.160095 	62.169125 	78.847954 	164.805954 	142.688477 	29.154760 	35.128338 	144.754959 	99.624290 	
26.172504 	109.567329 	48.000000 	36.235340 	111.413643 	18.788294 	23.345236 	59.816387 	113.534134 	56.080299 	9.433981 	25.000000 	21.400934 	84.095184 	29.017237 	41.761227 	101.552940 	114.280357 	5.830952 	22.671568 	52.345009 	58.728188 	42.201897 	59.396969 	5.385165 	80.056229 	49.517673 	4.472136 	14.212670 	132.924789 	999.000000 	61.684681 	13.892444 	57.870544 	53.141319 	70.092796 	20.124611 	119.402679 	14.212670 	39.115215 	24.698177 	61.220913 	77.897369 	61.400326 	34.985710 	9.848858 	111.287918 	106.831642 	12.369317 	43.863426 	
76.026314 	158.492905 	21.095022 	90.972527 	161.245148 	49.396355 	42.190044 	115.935326 	164.769531 	112.898186 	55.946404 	83.186539 	80.056229 	133.645050 	74.652527 	91.678787 	150.013336 	166.243790 	60.539242 	81.859634 	110.276924 	116.284134 	19.697716 	117.477661 	65.192024 	136.484436 	108.300507 	64.845970 	75.026665 	183.853195 	61.684681 	999.000000 	48.270073 	4.000000 	9.000000 	128.631256 	81.596565 	172.904602 	48.836460 	99.924973 	38.327538 	120.768372 	136.341476 	121.198181 	29.000000 	55.731499 	166.817261 	163.217651 	56.320511 	105.342300 	
36.249138 	121.433105 	36.674240 	48.600410 	123.490891 	15.811388 	15.556349 	72.917763 	125.924583 	69.310890 	12.649111 	38.183765 	34.655445 	95.880135 	37.643059 	52.773098 	113.251930 	126.826653 	15.000000 	36.124783 	65.795135 	72.138756 	29.154760 	72.917763 	18.439089 	93.348808 	63.126858 	17.804493 	28.017851 	145.340973 	13.892444 	48.270073 	999.000000 	44.384682 	39.560081 	83.737686 	34.000000 	132.279999 	2.236068 	53.000000 	10.816654 	75.000000 	91.547798 	75.213028 	21.095022 	8.246211 	124.523087 	120.208153 	10.295630 	57.697487 	
72.801102 	155.794739 	19.313208 	87.658424 	158.492905 	46.043457 	38.832977 	112.645462 	161.929001 	109.553642 	52.325901 	79.649231 	76.478752 	130.831955 	71.589104 	88.617157 	147.322769 	163.355438 	56.859474 	78.262383 	106.850365 	112.898186 	16.124516 	114.057007 	61.465439 	133.221619 	104.809349 	61.098282 	71.309189 	181.069046 	57.870544 	4.000000 	44.384682 	999.000000 	5.000000 	125.195847 	77.833153 	169.917633 	44.911022 	96.254868 	34.365681 	117.239075 	132.924789 	117.647781 	25.000000 	51.788029 	163.670395 	160.000000 	52.345009 	101.592323 	
68.883957 	152.502457 	18.110771 	83.600243 	155.128983 	42.011902 	34.828148 	108.600182 	158.448730 	105.437187 	47.885281 	75.292763 	72.069412 	127.404869 	67.896980 	84.899940 	144.045135 	159.812393 	52.325901 	73.824112 	102.625534 	108.724419 	12.041595 	109.836243 	56.859474 	129.201401 	100.498756 	56.462376 	66.708321 	177.654160 	53.141319 	9.000000 	39.560081 	5.000000 	999.000000 	120.950401 	73.164200 	166.243790 	40.024994 	91.706055 	29.427877 	112.871605 	128.701202 	113.251930 	20.000000 	46.872166 	159.790482 	156.028839 	47.381432 	96.932968 	
53.310413 	51.088158 	110.494347 	38.078865 	51.009804 	79.259071 	86.452301 	15.000000 	50.487621 	16.492422 	73.239334 	45.803928 	49.203659 	33.120991 	55.973209 	40.607880 	45.891174 	50.009998 	69.202599 	47.634022 	18.357559 	12.649111 	109.077957 	11.180340 	65.299309 	13.038404 	20.615528 	65.946945 	55.901699 	68.410522 	70.092796 	128.631256 	83.737686 	125.195847 	120.950401 	999.000000 	50.990196 	52.554733 	84.291161 	32.202484 	94.493385 	9.848858 	7.810250 	10.440307 	104.637466 	79.195961 	42.544094 	37.443291 	80.659782 	31.384710 	
22.671568 	94.244362 	66.610809 	23.021729 	95.634720 	35.014282 	41.303753 	42.485291 	97.082436 	38.470768 	26.305893 	11.401754 	9.433981 	69.375786 	27.586229 	31.575306 	86.683334 	97.493591 	21.377558 	8.544003 	34.132095 	40.496914 	61.983868 	40.804413 	16.492422 	61.854668 	30.805843 	16.763054 	7.000000 	116.275536 	20.124611 	81.596565 	34.000000 	77.833153 	73.164200 	50.990196 	999.000000 	101.872467 	34.132095 	19.209373 	44.777225 	41.725292 	58.728188 	41.773197 	55.072678 	28.425341 	93.005379 	88.238312 	29.698484 	23.769728 	
97.590981 	22.090721 	152.895386 	83.737686 	18.110771 	124.450790 	131.529465 	59.640591 	12.041595 	63.513779 	120.507263 	94.403389 	98.005104 	40.311287 	98.351410 	81.344948 	28.284271 	9.000000 	117.290237 	96.834908 	67.742157 	61.400326 	154.207657 	61.294373 	114.201576 	40.249222 	71.196907 	115.000000 	105.683487 	17.029387 	119.402679 	172.904602 	132.279999 	169.917633 	166.243790 	52.554733 	101.872467 	999.000000 	133.225372 	84.077347 	142.635895 	62.393909 	45.880280 	62.968246 	152.305618 	129.034882 	12.165525 	18.110771 	130.919830 	83.934502 	
37.696156 	122.674362 	38.078865 	49.648766 	124.679588 	18.027756 	17.691807 	73.756355 	127.027557 	70.092796 	14.317822 	38.948685 	35.383614 	97.128784 	39.293766 	54.129475 	114.529472 	127.882759 	16.124516 	36.769554 	66.468040 	72.835434 	30.016663 	73.552704 	19.104973 	94.111633 	63.702435 	18.384777 	28.425341 	146.441116 	14.212670 	48.836460 	2.236068 	44.911022 	40.024994 	84.291161 	34.132095 	133.225372 	999.000000 	53.254108 	10.770329 	75.432091 	92.097771 	75.604233 	21.023796 	7.000000 	125.319588 	120.933868 	8.544003 	57.706154 	
30.413813 	78.644768 	83.677956 	19.416489 	79.555016 	51.662365 	58.523499 	26.305893 	80.324341 	22.203604 	44.011364 	18.027756 	20.396078 	55.081757 	34.928497 	28.319605 	71.700768 	80.411446 	39.395432 	18.439089 	17.262676 	23.086792 	80.230919 	22.847319 	34.885529 	43.829212 	13.341664 	35.355339 	25.059929 	99.161484 	39.115215 	99.924973 	53.000000 	96.254868 	91.706055 	32.202484 	19.209373 	84.077347 	53.254108 	999.000000 	63.812225 	22.671568 	39.824615 	22.627417 	74.094536 	47.634022 	74.625732 	69.634758 	48.836460 	7.615773 	
45.793011 	131.228806 	29.966648 	58.898216 	133.405396 	21.377558 	17.117243 	83.450584 	136.014709 	79.906197 	22.203604 	48.836460 	45.343136 	105.688217 	46.518814 	62.433964 	122.967476 	137.003647 	25.455845 	46.861500 	76.485291 	82.807007 	20.223749 	83.630135 	29.206163 	103.947105 	73.878281 	28.600698 	38.832977 	155.425217 	24.698177 	38.327538 	10.816654 	34.365681 	29.427877 	94.493385 	44.777225 	142.635895 	10.770329 	63.812225 	999.000000 	85.802101 	102.303467 	86.023254 	10.295630 	17.464249 	135.074051 	130.831955 	18.027756 	68.425140 	
46.572525 	60.008331 	103.247276 	31.575306 	60.207973 	71.589104 	78.721024 	14.212670 	60.016663 	13.000000 	65.000000 	37.589893 	40.816662 	39.849716 	49.819675 	36.055511 	54.230988 	59.665737 	60.745369 	39.115215 	12.000000 	9.433981 	101.118744 	7.211102 	56.612720 	22.561028 	12.649111 	57.201397 	47.010635 	78.160095 	61.220913 	120.768372 	75.000000 	117.239075 	112.871605 	9.848858 	41.725292 	62.393909 	75.432091 	22.671568 	85.802101 	999.000000 	17.204651 	1.414214 	96.020828 	70.092796 	52.354561 	47.169907 	71.421288 	21.540659 	
60.835846 	46.872166 	118.067780 	45.617977 	46.270943 	86.954010 	94.154129 	21.587032 	45.011108 	23.769728 	81.024689 	53.600372 	57.008770 	32.557640 	63.324562 	47.539455 	42.720020 	44.181442 	77.006493 	55.443665 	26.076809 	20.124611 	116.811813 	18.867962 	73.109505 	9.433981 	28.425341 	73.756355 	63.702435 	62.169125 	77.897369 	136.341476 	91.547798 	132.924789 	128.701202 	7.810250 	58.728188 	45.880280 	92.097771 	39.824615 	102.303467 	17.204651 	999.000000 	17.492855 	112.445541 	86.977005 	35.341194 	30.016663 	88.413803 	38.470768 	
47.296936 	61.000000 	103.817146 	32.388271 	61.131008 	72.090218 	79.202271 	15.620500 	60.827625 	14.317822 	65.368187 	38.013157 	41.182522 	41.109608 	50.635956 	37.121422 	55.326305 	60.415230 	61.057350 	39.446167 	13.038404 	10.816654 	101.533249 	8.602325 	56.859474 	23.345236 	13.341664 	57.428215 	47.201694 	78.847954 	61.400326 	121.198181 	75.213028 	117.647781 	113.251930 	10.440307 	41.773197 	62.968246 	75.604233 	22.627417 	86.023254 	1.414214 	17.492855 	999.000000 	96.260063 	70.178345 	52.773098 	47.507893 	71.449280 	21.023796 	
55.000000 	140.346008 	25.455845 	68.622154 	142.635895 	29.068884 	23.086792 	93.348808 	145.416641 	89.872131 	31.827662 	58.898216 	55.443665 	114.856430 	55.226807 	71.610054 	132.018936 	146.492325 	35.468296 	57.008770 	86.556343 	92.849342 	13.601471 	93.723000 	39.408119 	113.899078 	84.023804 	38.832977 	49.091751 	164.805954 	34.985710 	29.000000 	21.095022 	25.000000 	20.000000 	104.637466 	55.072678 	152.305618 	21.023796 	74.094536 	10.295630 	96.020828 	112.445541 	96.260063 	999.000000 	27.513634 	144.958618 	140.801285 	27.658634 	78.714676 	
35.693138 	119.406868 	44.911022 	46.065170 	121.235306 	21.400934 	23.021729 	69.404610 	123.308556 	65.604881 	14.560220 	34.669872 	31.064449 	93.941475 	38.118237 	51.546097 	111.400177 	124.020157 	14.035668 	32.202484 	61.717098 	68.117546 	37.013512 	68.680420 	15.231546 	89.498604 	58.728188 	14.317822 	23.430750 	142.688477 	9.848858 	55.731499 	8.246211 	51.788029 	46.872166 	79.195961 	28.425341 	129.034882 	7.000000 	47.634022 	17.464249 	70.092796 	86.977005 	70.178345 	27.513634 	999.000000 	120.739388 	116.180893 	3.162278 	51.623638 	
90.906548 	27.784887 	147.299011 	76.419891 	24.413111 	117.796432 	124.963997 	51.623638 	19.104973 	55.226807 	113.145920 	86.371292 	89.938866 	37.854988 	92.200867 	75.213028 	31.048349 	16.278820 	109.622078 	88.617157 	59.033890 	52.630791 	147.756561 	52.201534 	106.216759 	31.240999 	62.201286 	106.962608 	97.308784 	29.154760 	111.287918 	166.817261 	124.523087 	163.670395 	159.790482 	42.544094 	93.005379 	12.165525 	125.319588 	74.625732 	135.074051 	52.354561 	35.341194 	52.773098 	144.958618 	120.739388 	999.000000 	6.000000 	122.441826 	73.790245 	
87.200920 	31.240999 	143.961807 	72.470680 	28.284271 	114.017540 	121.210564 	47.507893 	23.600847 	50.931328 	109.041275 	82.024384 	85.562843 	37.054016 	88.752464 	71.867935 	33.105892 	21.095022 	105.380264 	84.172440 	54.488529 	48.104053 	144.013885 	47.507893 	101.833199 	26.907248 	57.489128 	102.552429 	92.763138 	35.128338 	106.831642 	163.217651 	120.208153 	160.000000 	156.028839 	37.443291 	88.238312 	18.110771 	120.933868 	69.634758 	130.831955 	47.169907 	30.016663 	47.507893 	140.801285 	116.180893 	6.000000 	999.000000 	117.796432 	68.476273 	
38.470768 	121.671692 	46.572525 	48.332184 	123.434196 	24.413111 	25.612497 	71.281136 	125.399361 	67.424034 	17.720045 	36.715118 	33.120991 	96.254868 	41.048752 	54.120235 	113.718948 	126.051575 	17.000000 	34.132095 	63.411354 	69.814041 	38.052597 	70.292244 	17.720045 	91.214035 	60.307545 	16.763054 	25.238859 	144.754959 	12.369317 	56.320511 	10.295630 	52.345009 	47.381432 	80.659782 	29.698484 	130.919830 	8.544003 	48.836460 	18.027756 	71.421288 	88.413803 	71.449280 	27.658634 	3.162278 	122.441826 	117.796432 	999.000000 	52.430908 	
37.854988 	80.504662 	89.822044 	26.925823 	81.049370 	57.870544 	64.536812 	29.154760 	81.252693 	25.317978 	49.729267 	25.079872 	27.018513 	58.137768 	42.449970 	35.608986 	74.060783 	81.043198 	44.922153 	25.019993 	20.396078 	25.000000 	85.702972 	24.083189 	40.162170 	43.965897 	16.492422 	40.496914 	30.364452 	99.624290 	43.863426 	105.342300 	57.697487 	101.592323 	96.932968 	31.384710 	23.769728 	83.934502 	57.706154 	7.615773 	68.425140 	21.540659 	38.470768 	21.023796 	78.714676 	51.623638 	73.790245 	68.476273 	52.430908 	999.000000 	

Travel time:
9.000000 	2.136001 	1.431127 	0.380789 	2.191461 	0.672681 	0.851469 	0.999062 	2.260669 	0.928036 	0.592663 	0.335410 	0.336341 	1.497707 	0.125000 	0.416083 	1.929378 	2.288695 	0.546008 	0.375000 	0.877853 	1.017964 	1.421267 	1.053862 	0.525595 	1.511622 	0.848896 	0.550568 	0.469707 	2.745223 	0.654313 	1.900658 	0.906228 	1.820028 	1.722099 	1.332760 	0.566789 	2.439775 	0.942404 	0.760345 	1.144825 	1.164313 	1.520896 	1.182423 	1.375000 	0.892328 	2.272664 	2.180023 	0.961769 	0.946375 	
2.136001 	9.000000 	3.447191 	1.833712 	0.100000 	2.790161 	2.960152 	1.309819 	0.251247 	1.412887 	2.726949 	2.127205 	2.215993 	0.638847 	2.130288 	1.719920 	0.212132 	0.328824 	2.663762 	2.196162 	1.534805 	1.393287 	3.514612 	1.410895 	2.605043 	0.955249 	1.632674 	2.627380 	2.419323 	0.645174 	2.739183 	3.962323 	3.035828 	3.894868 	3.812562 	1.277204 	2.356109 	0.552268 	3.066859 	1.966119 	3.280720 	1.500208 	1.171804 	1.525000 	3.508650 	2.985172 	0.694622 	0.781025 	3.041792 	2.012617 	
1.431127 	3.447191 	9.000000 	1.811249 	3.518256 	0.800391 	0.632949 	2.428220 	3.610575 	2.359158 	1.007782 	1.652460 	1.583114 	2.831960 	1.380670 	1.802776 	3.235062 	3.650000 	1.131923 	1.631334 	2.304886 	2.448596 	0.305164 	2.482942 	1.256234 	2.936942 	2.265502 	1.253994 	1.492062 	4.084498 	1.200000 	0.527376 	0.916856 	0.482830 	0.452769 	2.762359 	1.665270 	3.822385 	0.951972 	2.091949 	0.749166 	2.581182 	2.951694 	2.595429 	0.636396 	1.122776 	3.682475 	3.599045 	1.164313 	2.245551 	
0.380789 	1.833712 	1.811249 	9.000000 	1.879495 	1.040433 	1.220656 	0.625000 	1.934716 	0.548862 	0.919918 	0.304138 	0.388104 	1.198176 	0.456207 	0.235850 	1.634778 	1.955920 	0.840015 	0.378319 	0.498121 	0.637377 	1.790251 	0.673146 	0.772172 	1.140175 	0.477624 	0.794119 	0.594243 	2.419969 	0.905883 	2.274313 	1.215010 	2.191461 	2.090006 	0.951972 	0.575543 	2.093442 	1.241219 	0.485412 	1.472455 	0.789383 	1.140449 	0.809707 	1.715554 	1.151629 	1.910497 	1.811767 	1.208305 	0.673146 	
2.191461 	0.100000 	3.518256 	1.879495 	9.000000 	2.850439 	3.022003 	1.336273 	0.152069 	1.439184 	2.780513 	2.169101 	2.258456 	0.695072 	2.190462 	1.775704 	0.291548 	0.230489 	2.713969 	2.236767 	1.559046 	1.412887 	3.579455 	1.426753 	2.651650 	0.950000 	1.655483 	2.673598 	2.460310 	0.566789 	2.785341 	4.031129 	3.087272 	3.962323 	3.878225 	1.275245 	2.390868 	0.452769 	3.116990 	1.988875 	3.335135 	1.505199 	1.156774 	1.528275 	3.565897 	3.030883 	0.610328 	0.707107 	3.085855 	2.026234 	
0.672681 	2.790161 	0.800391 	1.040433 	2.850439 	9.000000 	0.180278 	1.665270 	2.925854 	1.587844 	0.237171 	0.854400 	0.783023 	2.155371 	0.660019 	1.079641 	2.580698 	2.956455 	0.357946 	0.831038 	1.522539 	1.672199 	0.750000 	1.702388 	0.480885 	2.180023 	1.475847 	0.485412 	0.700446 	3.408995 	0.469707 	1.234909 	0.395285 	1.151086 	1.050297 	1.981477 	0.875357 	3.111270 	0.450694 	1.291559 	0.534439 	1.789728 	2.173850 	1.802255 	0.726722 	0.535023 	2.944911 	2.850439 	0.610328 	1.446764 	
0.851469 	2.960152 	0.632949 	1.220656 	3.022003 	0.180278 	9.000000 	1.845434 	3.099698 	1.768120 	0.375832 	1.030776 	0.956883 	2.327150 	0.832541 	1.255239 	2.750000 	3.131393 	0.500625 	1.004054 	1.702388 	1.852363 	0.570088 	1.882319 	0.625500 	2.360085 	1.654728 	0.625000 	0.859142 	3.582074 	0.583631 	1.054751 	0.388909 	0.970824 	0.870704 	2.161308 	1.032594 	3.288237 	0.442295 	1.463087 	0.427931 	1.968026 	2.353853 	1.980057 	0.577170 	0.575543 	3.124100 	3.030264 	0.640312 	1.613420 	
0.999062 	1.309819 	2.428220 	0.625000 	1.336273 	1.665270 	1.845434 	9.000000 	1.365650 	0.103078 	1.538871 	0.870704 	0.960469 	0.725431 	1.051190 	0.649038 	1.134956 	1.375227 	1.450000 	0.930054 	0.226385 	0.125000 	2.415186 	0.176777 	1.366794 	0.515388 	0.325960 	1.386092 	1.151086 	1.844756 	1.495410 	2.898383 	1.822944 	2.816137 	2.715004 	0.375000 	1.062132 	1.491015 	1.843909 	0.657647 	2.086265 	0.355317 	0.539676 	0.390512 	2.333720 	1.735115 	1.290591 	1.187697 	1.782028 	0.728869 	
2.260669 	0.251247 	3.610575 	1.934716 	0.152069 	2.925854 	3.099698 	1.365650 	9.000000 	1.467353 	2.845281 	2.217121 	2.307054 	0.778621 	2.267157 	1.846957 	0.419076 	0.079057 	2.773536 	2.282542 	1.583114 	1.431127 	3.661369 	1.439184 	2.705665 	0.937083 	1.676678 	2.726949 	2.505993 	0.485412 	2.838353 	4.119238 	3.148115 	4.048225 	3.961218 	1.262191 	2.427061 	0.301040 	3.175689 	2.008109 	3.400368 	1.500417 	1.125278 	1.520691 	3.635416 	3.082714 	0.477624 	0.590021 	3.134984 	2.031317 	
0.928036 	1.412887 	2.359158 	0.548862 	1.439184 	1.587844 	1.768120 	0.103078 	1.467353 	9.000000 	1.453444 	0.778621 	0.867828 	0.825000 	0.989002 	0.604669 	1.237437 	1.475847 	1.361295 	0.835539 	0.125000 	0.100000 	2.336932 	0.152069 	1.274755 	0.601041 	0.225000 	1.293493 	1.055047 	1.945508 	1.402007 	2.822455 	1.732772 	2.738841 	2.635930 	0.412311 	0.961769 	1.587844 	1.752320 	0.555090 	1.997655 	0.325000 	0.594243 	0.357946 	2.246803 	1.640122 	1.380670 	1.273283 	1.685601 	0.632949 	
0.592663 	2.726949 	1.007782 	0.919918 	2.780513 	0.237171 	0.375832 	1.538871 	2.845281 	1.453444 	9.000000 	0.686477 	0.604669 	2.088211 	0.625000 	1.007782 	2.521161 	2.870213 	0.125000 	0.648556 	1.375000 	1.530523 	0.906228 	1.555032 	0.250000 	2.053351 	1.317431 	0.251247 	0.485412 	3.330540 	0.235850 	1.398660 	0.316228 	1.308148 	1.197132 	1.830983 	0.657647 	3.012681 	0.357946 	1.100284 	0.555090 	1.625000 	2.025617 	1.634205 	0.795692 	0.364006 	2.828648 	2.726032 	0.443001 	1.243232 	
0.335410 	2.127205 	1.652460 	0.304138 	2.169101 	0.854400 	1.030776 	0.870704 	2.217121 	0.778621 	0.686477 	9.000000 	0.090139 	1.495201 	0.458939 	0.505594 	1.931321 	2.233971 	0.585769 	0.075000 	0.691466 	0.849264 	1.588238 	0.870704 	0.496236 	1.379311 	0.630971 	0.515388 	0.292617 	2.701157 	0.625000 	2.079664 	0.954594 	1.991231 	1.882319 	1.145098 	0.285044 	2.360085 	0.973717 	0.450694 	1.220912 	0.939747 	1.340009 	0.950329 	1.472455 	0.866747 	2.159282 	2.050610 	0.917878 	0.626997 	
0.336341 	2.215993 	1.583114 	0.388104 	2.258456 	0.783023 	0.956883 	0.960469 	2.307054 	0.867828 	0.604669 	0.090139 	9.000000 	1.583114 	0.460977 	0.575543 	2.019437 	2.324059 	0.500000 	0.050000 	0.778621 	0.937083 	1.509346 	0.957209 	0.406971 	1.468205 	0.715017 	0.425735 	0.206155 	2.791169 	0.535023 	2.001406 	0.866386 	1.911969 	1.801735 	1.230091 	0.235850 	2.450128 	0.884590 	0.509902 	1.133578 	1.020416 	1.425219 	1.029563 	1.386092 	0.776611 	2.248472 	2.139071 	0.828025 	0.675463 	
1.497707 	0.638847 	2.831960 	1.198176 	0.695072 	2.155371 	2.327150 	0.725431 	0.778621 	0.825000 	2.088211 	1.495201 	1.583114 	9.000000 	1.495410 	1.081665 	0.436606 	0.820061 	2.025154 	1.565647 	0.950000 	0.831038 	2.885849 	0.863134 	1.968026 	0.583631 	1.050000 	1.990603 	1.787806 	1.256234 	2.102380 	3.341126 	2.397003 	3.270799 	3.185122 	0.828025 	1.734395 	1.007782 	2.428220 	1.377044 	2.642205 	0.996243 	0.813941 	1.027740 	2.871411 	2.348537 	0.946375 	0.926350 	2.406372 	1.453444 	
0.125000 	2.130288 	1.380670 	0.456207 	2.190462 	0.660019 	0.832541 	1.051190 	2.267157 	0.989002 	0.625000 	0.458939 	0.460977 	1.495410 	9.000000 	0.425735 	1.921100 	2.299185 	0.602080 	0.500000 	0.951972 	1.083109 	1.396648 	1.123054 	0.604669 	1.556639 	0.933408 	0.629484 	0.583095 	2.749659 	0.725431 	1.866313 	0.941076 	1.789728 	1.697425 	1.399330 	0.689656 	2.458785 	0.982344 	0.873212 	1.162970 	1.245492 	1.583114 	1.265899 	1.380670 	0.952956 	2.305022 	2.218812 	1.026219 	1.061249 	
0.416083 	1.719920 	1.802776 	0.235850 	1.775704 	1.079641 	1.255239 	0.649038 	1.846957 	0.604669 	1.007782 	0.505594 	0.575543 	1.081665 	0.425735 	9.000000 	1.513481 	1.876832 	0.951972 	0.579871 	0.602080 	0.704006 	1.821572 	0.751665 	0.910014 	1.140449 	0.618466 	0.934077 	0.775403 	2.330906 	1.044031 	2.291970 	1.319327 	2.215429 	2.122499 	1.015197 	0.789383 	2.033624 	1.353237 	0.707990 	1.560849 	0.901388 	1.188486 	0.928036 	1.790251 	1.288652 	1.880326 	1.796698 	1.353006 	0.890225 	
1.929378 	0.212132 	3.235062 	1.634778 	0.291548 	2.580698 	2.750000 	1.134956 	0.419076 	1.237437 	2.521161 	1.931321 	2.019437 	0.436606 	1.921100 	1.513481 	9.000000 	0.485412 	2.460310 	2.001406 	1.361295 	1.227294 	3.303407 	1.250250 	2.404423 	0.838153 	1.460522 	2.427061 	2.223876 	0.855132 	2.538824 	3.750333 	2.831298 	3.683069 	3.601128 	1.147279 	2.167083 	0.707107 	2.863237 	1.792519 	3.074187 	1.355775 	1.068001 	1.383158 	3.300473 	2.785004 	0.776209 	0.827647 	2.842974 	1.851520 	
2.288695 	0.328824 	3.650000 	1.955920 	0.230489 	2.956455 	3.131393 	1.375227 	0.079057 	1.475847 	2.870213 	2.233971 	2.324059 	0.820061 	2.299185 	1.876832 	0.485412 	9.000000 	2.795756 	2.298097 	1.589025 	1.434617 	3.695014 	1.439618 	2.725000 	0.927699 	1.680773 	2.745906 	2.521161 	0.469707 	2.857009 	4.156095 	3.170666 	4.083886 	3.995310 	1.250250 	2.437340 	0.225000 	3.197069 	2.010286 	3.425091 	1.491643 	1.104536 	1.510381 	3.662308 	3.100504 	0.406971 	0.527376 	3.151289 	2.026080 	
0.546008 	2.663762 	1.131923 	0.840015 	2.713969 	0.357946 	0.500625 	1.450000 	2.773536 	1.361295 	0.125000 	0.585769 	0.500000 	2.025154 	0.602080 	0.951972 	2.460310 	2.795756 	9.000000 	0.540833 	1.277204 	1.434617 	1.021335 	1.456451 	0.125000 	1.962301 	1.215010 	0.127475 	0.364006 	3.258930 	0.145774 	1.513481 	0.375000 	1.421487 	1.308148 	1.730065 	0.534439 	2.932256 	0.403113 	0.984886 	0.636396 	1.518634 	1.925162 	1.526434 	0.886707 	0.350892 	2.740552 	2.634507 	0.425000 	1.123054 	
0.375000 	2.196162 	1.631334 	0.378319 	2.236767 	0.831038 	1.004054 	0.930054 	2.282542 	0.835539 	0.648556 	0.075000 	0.050000 	1.565647 	0.500000 	0.579871 	2.001406 	2.298097 	0.540833 	9.000000 	0.742462 	0.901734 	1.554228 	0.919918 	0.442295 	1.434617 	0.675463 	0.459619 	0.223607 	2.765976 	0.566789 	2.046491 	0.903120 	1.956560 	1.845603 	1.190850 	0.213600 	2.420873 	0.919239 	0.460977 	1.171538 	0.977880 	1.386092 	0.986154 	1.425219 	0.805062 	2.215429 	2.104311 	0.853302 	0.625500 	
0.877853 	1.534805 	2.304886 	0.498121 	1.559046 	1.522539 	1.702388 	0.226385 	1.583114 	0.125000 	1.375000 	0.691466 	0.778621 	0.950000 	0.951972 	0.602080 	1.361295 	1.589025 	1.277204 	0.742462 	9.000000 	0.160078 	2.268397 	0.180278 	1.184536 	0.695072 	0.100000 	1.202081 	0.957209 	2.058671 	1.308625 	2.756923 	1.644878 	2.671259 	2.565638 	0.458939 	0.853302 	1.693554 	1.661701 	0.431567 	1.912132 	0.300000 	0.651920 	0.325960 	2.163908 	1.542928 	1.475847 	1.362213 	1.585284 	0.509902 	
1.017964 	1.393287 	2.448596 	0.637377 	1.412887 	1.672199 	1.852363 	0.125000 	1.431127 	0.100000 	1.530523 	0.849264 	0.937083 	0.831038 	1.083109 	0.704006 	1.227294 	1.434617 	1.434617 	0.901734 	0.160078 	9.000000 	2.419969 	0.055902 	1.343503 	0.535023 	0.246221 	1.361295 	1.117195 	1.903943 	1.468205 	2.907103 	1.803469 	2.822455 	2.718111 	0.316228 	1.012423 	1.535008 	1.820886 	0.577170 	2.070175 	0.235850 	0.503115 	0.270416 	2.321234 	1.702939 	1.315770 	1.202601 	1.745351 	0.625000 	
1.421267 	3.514612 	0.305164 	1.790251 	3.579455 	0.750000 	0.570088 	2.415186 	3.661369 	2.336932 	0.906228 	1.588238 	1.509346 	2.885849 	1.396648 	1.821572 	3.303407 	3.695014 	1.021335 	1.554228 	2.268397 	2.419969 	9.000000 	2.448596 	1.138530 	2.930017 	2.217121 	1.130542 	1.384061 	4.142011 	1.055047 	0.492443 	0.728869 	0.403113 	0.301040 	2.726949 	1.549597 	3.855191 	0.750417 	2.005773 	0.505594 	2.527969 	2.920295 	2.538331 	0.340037 	0.925338 	3.693914 	3.600347 	0.951315 	2.142574 	
