Total assets = 627
Number of asset nodes = 34

Distance:
999.000000 	45.541191 	109.077957 	61.983868 	80.230919 	20.223749 	116.811813 	101.533249 	13.601471 	37.013512 	147.756561 	144.013885 	85.702972 	58.008621 	22.803509 	125.399361 	12.083046 	122.147453 	89.537704 	25.079872 	98.615417 	107.354553 	126.909416 	31.320919 	72.567207 	38.832977 	128.891434 	93.407707 	127.015747 	126.562241 	77.781746 	98.081596 	90.470993 	123.482796 	120.154068 	69.180923 	66.483078 	116.090485 	89.202019 	114.725761 	83.006027 	95.257545 	95.189285 	114.756264 	78.517517 	83.486526 	114.756264 	110.222504 	107.000000 	111.040535 	106.042442 	111.220505 	
45.541191 	999.000000 	65.299309 	16.492422 	34.885529 	29.206163 	73.109505 	56.859474 	39.408119 	15.231546 	106.216759 	101.833199 	40.162170 	19.416489 	25.019993 	85.000000 	33.526108 	81.055534 	44.011364 	32.015621 	53.225933 	62.265560 	82.800964 	27.294687 	28.000000 	23.537205 	84.314888 	48.052055 	82.152298 	81.633324 	34.234486 	52.630791 	45.398239 	78.294319 	74.732857 	32.802441 	32.526913 	70.604530 	46.872166 	69.426216 	43.081318 	52.611786 	52.773098 	69.720871 	42.438190 	46.647614 	70.178345 	67.475922 	65.734314 	69.050705 	65.520988 	71.470276 	
109.077957 	65.299309 	999.000000 	50.990196 	32.202484 	94.493385 	7.810250 	10.440307 	104.637466 	79.195961 	42.544094 	37.443291 	31.384710 	51.429562 	86.452301 	26.019224 	97.097885 	21.023796 	27.513634 	96.896851 	19.104973 	11.704700 	17.888544 	91.241440 	47.413078 	85.146935 	20.615528 	32.140316 	20.024984 	20.000000 	48.703182 	29.017237 	36.345562 	19.646883 	21.095022 	66.483078 	70.384659 	29.206163 	51.156624 	33.286633 	58.855755 	50.039986 	51.039200 	37.215588 	67.683083 	66.753281 	42.059483 	52.810986 	58.694122 	56.920998 	61.392181 	66.483078 	
61.983868 	16.492422 	50.990196 	999.000000 	19.209373 	44.777225 	58.728188 	41.773197 	55.072678 	28.425341 	93.005379 	88.238312 	23.769728 	19.209373 	41.303753 	72.945183 	50.000000 	68.600288 	27.730848 	46.227695 	37.215588 	46.615448 	67.941154 	40.311287 	12.649111 	34.205261 	69.028976 	31.575306 	66.610809 	66.030296 	19.697716 	36.138622 	29.068884 	62.433964 	58.591808 	26.000000 	27.892651 	54.120235 	32.695564 	52.952808 	31.240999 	37.947330 	38.275318 	53.338543 	33.837849 	36.878178 	54.009258 	52.392746 	51.623638 	54.405884 	51.894123 	58.137768 	
80.230919 	34.885529 	32.202484 	19.209373 	999.000000 	63.812225 	39.824615 	22.627417 	74.094536 	47.634022 	74.625732 	69.634758 	7.615773 	27.166155 	58.523499 	55.713554 	68.154236 	51.078373 	10.000000 	65.436989 	18.384777 	27.459061 	48.795490 	59.464275 	16.278820 	53.075417 	49.819675 	17.088007 	47.434166 	46.872166 	20.223749 	20.223749 	17.204651 	43.416588 	39.924931 	36.345562 	39.812057 	37.121422 	29.154760 	37.054016 	33.241539 	31.890438 	32.649654 	38.470768 	40.199501 	41.000000 	40.521599 	43.266617 	45.276924 	46.400433 	46.690472 	53.037724 	
20.223749 	29.206163 	94.493385 	44.777225 	63.812225 	999.000000 	102.303467 	86.023254 	10.295630 	17.464249 	135.074051 	130.831955 	68.425140 	45.803928 	17.117243 	113.454834 	12.041595 	109.713264 	72.470680 	7.615773 	81.987801 	91.268837 	112.004463 	11.661903 	54.083271 	18.681541 	113.463654 	75.392311 	111.220505 	110.675201 	58.694122 	80.230919 	72.111023 	107.186752 	103.353760 	49.040798 	46.270943 	98.234413 	69.584480 	96.462425 	63.031738 	75.663727 	75.538071 	96.166519 	58.309521 	63.285069 	95.801880 	90.553848 	87.051712 	91.197586 	86.000000 	91.087868 	
116.811813 	73.109505 	7.810250 	58.728188 	39.824615 	102.303467 	999.000000 	17.492855 	112.445541 	86.977005 	35.341194 	30.016663 	38.470768 	59.059292 	94.154129 	21.587032 	104.847511 	16.763054 	34.438351 	104.690018 	25.298222 	16.124516 	10.440307 	99.005051 	54.708317 	92.849342 	14.000000 	38.078865 	14.560220 	14.866069 	55.542778 	34.365681 	42.449970 	16.401220 	20.000000 	73.409805 	77.388626 	30.463093 	56.885849 	35.114101 	65.000000 	55.145264 	56.142673 	39.217342 	74.040527 	72.780495 	44.271889 	56.089214 	62.514000 	60.207973 	65.375839 	70.035706 	
101.533249 	56.859474 	10.440307 	41.773197 	22.627417 	86.023254 	17.492855 	999.000000 	96.260063 	70.178345 	52.773098 	47.507893 	21.023796 	44.922153 	79.202271 	36.221542 	89.470665 	31.257000 	17.088007 	87.965904 	9.055386 	7.071068 	26.172504 	82.073135 	37.215588 	75.690155 	27.459061 	22.000000 	25.495098 	25.079872 	38.275318 	19.416489 	26.076809 	22.561028 	21.023796 	56.080299 	60.008331 	24.698177 	41.012192 	27.658634 	48.507732 	40.311287 	41.303753 	31.112698 	57.271286 	56.435802 	35.468296 	44.721359 	49.979996 	48.754486 	52.497620 	57.939625 	
13.601471 	39.408119 	104.637466 	55.072678 	74.094536 	10.295630 	112.445541 	96.260063 	999.000000 	27.513634 	144.958618 	140.801285 	78.714676 	55.317268 	23.086792 	123.166557 	13.000000 	119.519875 	82.764725 	12.165525 	92.282173 	101.548019 	122.200653 	19.026299 	64.257294 	27.000000 	123.709335 	85.615417 	121.490738 	120.950401 	68.680420 	90.470993 	82.280006 	117.477661 	113.648582 	58.077534 	55.000000 	108.461975 	79.246452 	106.625511 	72.339478 	85.328773 	85.158676 	106.254410 	67.007462 	72.006943 	105.773346 	100.129913 	96.332756 	100.603180 	95.131485 	100.004997 	
37.013512 	15.231546 	79.195961 	28.425341 	47.634022 	17.464249 	86.977005 	70.178345 	27.513634 	999.000000 	120.739388 	116.180893 	51.623638 	34.481880 	23.021729 	99.864906 	26.305893 	95.801880 	55.758408 	17.804493 	65.459915 	75.000000 	96.332756 	12.206555 	36.769554 	9.055386 	97.452553 	58.180752 	95.000000 	94.403389 	41.231056 	63.071388 	54.781384 	90.697296 	86.608315 	32.557640 	30.364452 	81.024689 	52.239830 	79.120163 	46.043457 	58.309521 	58.215118 	78.746429 	42.201897 	47.074409 	78.339005 	73.246162 	70.007141 	74.027023 	69.115845 	74.431175 	
147.756561 	106.216759 	42.544094 	93.005379 	74.625732 	135.074051 	35.341194 	52.773098 	144.958618 	120.739388 	999.000000 	6.000000 	73.790245 	89.938866 	124.963997 	22.825424 	136.124939 	25.612497 	69.778221 	138.191895 	60.539242 	50.921509 	29.427877 	132.909744 	89.944427 	127.200630 	32.015621 	73.054771 	36.013885 	37.013512 	90.873535 	68.963760 	77.491936 	42.047592 	48.093658 	108.747414 	112.729767 	60.074955 	91.482239 	65.069191 	99.929977 	89.050545 	90.027771 	69.028976 	109.110039 	107.563934 	74.006760 	87.091904 	94.260277 	91.049438 	97.329338 	101.044548 	
144.013885 	101.833199 	37.443291 	88.238312 	69.634758 	130.831955 	30.016663 	47.507893 	140.801285 	116.180893 	6.000000 	999.000000 	68.476273 	86.052307 	121.210564 	20.615528 	132.279999 	22.360680 	64.412735 	133.734818 	55.036350 	45.310043 	23.537205 	128.316010 	84.723076 	122.441826 	26.019224 	67.416618 	30.016663 	31.016125 	85.428329 	63.245552 	71.867935 	36.055511 	42.107006 	103.315056 	107.331261 	54.083271 	85.726311 	59.076221 	94.244362 	83.198555 	84.172440 	63.031738 	103.464973 	101.833199 	68.007355 	81.098709 	88.277969 	85.052925 	91.350975 	95.047356 	
85.702972 	40.162170 	31.384710 	23.769728 	7.615773 	68.425140 	38.470768 	21.023796 	78.714676 	51.623638 	73.790245 	68.476273 	999.000000 	34.525352 	64.536812 	56.515484 	73.681747 	51.662365 	4.242640 	69.339745 	14.142136 	24.083189 	46.400433 	63.007935 	16.401220 	56.080299 	46.690472 	9.486833 	43.863426 	43.185646 	17.464249 	13.000000 	9.899495 	39.204590 	34.985710 	35.114101 	39.000000 	30.594116 	23.409399 	30.016663 	29.068884 	25.238859 	26.076809 	31.144823 	37.121422 	37.054016 	32.984844 	35.805027 	38.209946 	39.051247 	39.824615 	46.097721 	
58.008621 	19.416489 	51.429562 	19.209373 	27.166155 	45.803928 	59.059292 	44.922153 	55.317268 	34.481880 	89.938866 	86.052307 	34.525352 	999.000000 	35.227829 	67.896980 	46.227695 	64.381676 	37.121422 	50.119858 	44.181442 	51.419842 	69.318108 	46.238514 	30.610456 	42.953465 	71.693794 	43.931767 	70.228203 	69.892776 	37.802116 	47.381432 	43.011627 	67.446274 	65.115280 	44.777225 	46.097721 	64.000000 	50.477718 	64.195015 	50.209560 	55.072678 	55.569775 	65.620117 	53.009434 	56.080299 	67.468513 	68.541962 	68.963760 	71.112587 	69.641945 	76.006577 	
22.803509 	25.019993 	86.452301 	41.303753 	58.523499 	17.117243 	94.154129 	79.202271 	23.086792 	23.021729 	124.963997 	121.210564 	64.536812 	35.227829 	999.000000 	102.649887 	11.401754 	99.357941 	68.154236 	24.515301 	76.843994 	85.234970 	104.316826 	25.942244 	53.009434 	29.732138 	106.437775 	72.835434 	104.694794 	104.278473 	59.076221 	77.278717 	70.349129 	101.390335 	98.351410 	54.424259 	52.801514 	95.126228 	71.449280 	94.201912 	66.708321 	77.317528 	77.414467 	94.641426 	64.257294 	68.949257 	95.189285 	92.265923 	90.094398 	93.648277 	89.627007 	95.341492 	
125.399361 	85.000000 	26.019224 	72.945183 	55.713554 	113.454834 	21.587032 	36.221542 	123.166557 	99.864906 	22.825424 	20.615528 	56.515484 	67.896980 	102.649887 	999.000000 	113.899078 	5.000000 	52.952808 	117.004272 	45.099888 	37.121422 	23.430750 	112.071404 	71.784401 	106.850365 	28.319605 	58.137768 	31.400637 	32.202484 	73.979729 	55.000000 	62.289646 	35.846897 	40.718548 	91.482239 	95.210297 	51.865211 	77.162170 	56.612720 	84.717178 	76.006577 	77.006493 	60.728905 	93.380943 	92.655273 	65.802734 	77.665955 	84.011902 	81.786308 	86.833176 	91.591484 	
12.083046 	33.526108 	97.097885 	50.000000 	68.154236 	12.041595 	104.847511 	89.470665 	13.000000 	26.305893 	136.124939 	132.279999 	73.681747 	46.227695 	11.401754 	113.899078 	999.000000 	110.535065 	77.491936 	19.209373 	86.539009 	95.273293 	114.908661 	23.600847 	60.827625 	29.966648 	116.846054 	81.492332 	114.947815 	114.490173 	66.272163 	86.127815 	78.644768 	111.400177 	108.078674 	58.855755 	56.515484 	104.120125 	78.006409 	102.839684 	72.249565 	84.023804 	84.005951 	102.961159 	68.447060 	73.348480 	103.097038 	99.020203 	96.130119 	100.019997 	95.336250 	100.717430 	
122.147453 	81.055534 	21.023796 	68.600288 	51.078373 	109.713264 	16.763054 	31.257000 	119.519875 	95.801880 	25.612497 	22.360680 	51.662365 	64.381676 	99.357941 	5.000000 	110.535065 	999.000000 	48.052055 	113.070778 	40.112343 	32.140316 	19.849434 	108.004631 	67.067131 	102.625534 	24.839485 	53.150730 	27.586229 	28.319605 	69.123077 	50.000000 	57.314919 	31.622776 	36.235340 	86.683334 	90.443352 	47.169907 	72.173401 	51.865211 	79.762146 	71.007042 	72.006943 	55.973209 	88.459030 	87.692642 	61.032780 	72.780495 	79.075912 	76.902534 	81.884064 	86.683334 	
89.537704 	44.011364 	27.513634 	27.730848 	10.000000 	72.470680 	34.438351 	17.088007 	82.764725 	55.758408 	69.778221 	64.412735 	4.242640 	37.121422 	68.154236 	52.952808 	77.491936 	48.052055 	999.000000 	73.498299 	9.899495 	19.849434 	42.201897 	67.201187 	20.615528 	60.307545 	42.449970 	8.485281 	39.623226 	38.948685 	21.189621 	10.440307 	10.770329 	35.000000 	30.886890 	39.000000 	42.953465 	27.166155 	25.495098 	27.073973 	32.015621 	26.400757 	27.313000 	28.635643 	40.447498 	40.012497 	31.016125 	35.383614 	38.600517 	38.897301 	40.496914 	46.615448 	
25.079872 	32.015621 	96.896851 	46.227695 	65.436989 	7.615773 	104.690018 	87.965904 	12.165525 	17.804493 	138.191895 	133.734818 	69.339745 	50.119858 	24.515301 	117.004272 	19.209373 	113.070778 	73.498299 	999.000000 	83.234612 	92.800865 	114.109596 	7.071068 	54.120235 	15.132746 	115.256233 	75.591003 	112.800713 	112.200714 	57.939625 	80.529495 	72.013885 	108.466583 	104.307236 	46.270943 	43.046486 	98.386993 	67.911705 	96.254868 	60.671246 	73.979729 	73.756355 	95.634720 	55.009090 	60.008331 	94.868332 	88.645363 	84.593147 	88.955048 	83.294655 	88.051125 	
98.615417 	53.225933 	19.104973 	37.215588 	18.384777 	81.987801 	25.298222 	9.055386 	92.282173 	65.459915 	60.539242 	55.036350 	14.142136 	44.181442 	76.843994 	45.099888 	86.539009 	40.112343 	9.899495 	83.234612 	999.000000 	10.000000 	32.449963 	77.006493 	30.479502 	70.178345 	32.557640 	13.038404 	29.732138 	29.068884 	30.413813 	10.440307 	17.262676 	25.238859 	21.540659 	48.301140 	52.354561 	20.396078 	32.062439 	21.931713 	39.812057 	31.257000 	32.249031 	24.698177 	48.764740 	47.675991 	28.425341 	36.359318 	41.231056 	40.311287 	43.657761 	49.244289 	
107.354553 	62.265560 	11.704700 	46.615448 	27.459061 	91.268837 	16.124516 	7.071068 	101.548019 	75.000000 	50.921509 	45.310043 	24.083189 	51.419842 	85.234970 	37.121422 	95.273293 	32.140316 	19.849434 	92.800865 	10.000000 	999.000000 	22.472204 	86.683334 	40.459858 	79.981247 	22.627417 	22.135944 	20.000000 	19.416489 	40.311287 	18.248287 	26.570660 	16.155495 	14.000000 	58.180752 	62.265560 	18.439089 	40.792156 	22.022715 	49.040798 	39.051247 	40.049969 	25.806976 	58.189346 	56.753853 	30.528675 	41.109608 	47.074409 	45.221676 	49.819675 	54.817879 	
126.909416 	82.800964 	17.888544 	67.941154 	48.795490 	112.004463 	10.440307 	26.172504 	122.200653 	96.332756 	29.427877 	23.537205 	46.400433 	69.318108 	104.316826 	23.430750 	114.908661 	19.849434 	42.201897 	114.109596 	32.449963 	22.472204 	999.000000 	108.245094 	62.801273 	101.833199 	5.000000 	44.283180 	8.062258 	8.944272 	62.769421 	39.924931 	48.754486 	13.341664 	19.104973 	80.622574 	84.723076 	31.064449 	62.297672 	36.055511 	70.936592 	59.665737 	60.638271 	40.112343 	80.230919 	78.434685 	45.177429 	58.008621 	65.030762 	62.032249 	68.066147 	72.027771 	
31.320919 	27.294687 	91.241440 	40.311287 	59.464275 	11.661903 	99.005051 	82.073135 	19.026299 	12.206555 	132.909744 	128.316010 	63.007935 	46.238514 	25.942244 	112.071404 	23.600847 	108.004631 	67.201187 	7.071068 	77.006493 	86.683334 	108.245094 	999.000000 	47.507893 	8.062258 	109.224541 	68.963760 	106.667709 	106.042442 	51.078373 	73.925636 	65.299309 	102.200783 	97.908119 	39.204590 	36.013885 	91.706055 	60.876926 	89.470665 	53.600372 	66.940269 	66.708321 	88.769363 	48.000000 	53.000000 	87.920418 	81.584312 	77.524193 	81.884064 	76.236473 	81.024689 	
72.567207 	28.000000 	47.413078 	12.649111 	16.278820 	54.083271 	54.708317 	37.215588 	64.257294 	36.769554 	89.944427 	84.723076 	16.401220 	30.610456 	53.009434 	71.784401 	60.827625 	67.067131 	20.615528 	54.120235 	30.479502 	40.459858 	62.801273 	47.507893 	999.000000 	40.224369 	63.031738 	21.470911 	60.108234 	59.396969 	7.211102 	26.419689 	18.027756 	55.226807 	50.606323 	20.099751 	23.537205 	44.283180 	20.124611 	42.379242 	20.000000 	25.298222 	25.632011 	42.201897 	25.000000 	26.832815 	42.296574 	39.812057 	39.000000 	41.761227 	39.357338 	45.650848 	
38.832977 	23.537205 	85.146935 	34.205261 	53.075417 	18.681541 	92.849342 	75.690155 	27.000000 	9.055386 	127.200630 	122.441826 	56.080299 	42.953465 	29.732138 	106.850365 	29.966648 	102.625534 	60.307545 	15.132746 	70.178345 	79.981247 	101.833199 	8.062258 	40.224369 	999.000000 	102.591423 	61.587337 	99.904953 	99.247169 	43.382023 	66.573265 	57.801384 	95.268044 	90.801979 	31.144823 	28.000000 	84.219948 	52.886673 	81.841309 	45.541191 	58.940647 	58.694122 	81.024689 	40.012497 	45.011108 	80.056229 	73.545906 	69.462219 	73.824112 	68.183578 	73.006851 	
128.891434 	84.314888 	20.615528 	69.028976 	49.819675 	113.463654 	14.000000 	27.459061 	123.709335 	97.452553 	32.015621 	26.019224 	46.690472 	71.693794 	106.437775 	28.319605 	116.846054 	24.839485 	42.449970 	115.256233 	32.557640 	22.627417 	5.000000 	109.224541 	63.031738 	102.591423 	999.000000 	43.566040 	4.000000 	5.000000 	62.425957 	38.948685 	48.020828 	10.049875 	16.124516 	80.156097 	84.314888 	28.071337 	60.926186 	33.060551 	69.778221 	57.870544 	58.821766 	37.013512 	79.158073 	77.077881 	42.000000 	55.081757 	62.289646 	59.033890 	65.375839 	69.028976 	
93.407707 	48.052055 	32.140316 	31.575306 	17.088007 	75.392311 	38.078865 	22.000000 	85.615417 	58.180752 	73.054771 	67.416618 	9.486833 	43.931767 	72.835434 	58.137768 	81.492332 	53.150730 	8.485281 	75.591003 	13.038404 	22.135944 	44.283180 	68.963760 	21.470911 	61.587337 	43.566040 	999.000000 	40.224369 	39.408119 	19.104973 	5.000000 	4.472136 	34.828148 	29.698484 	36.619667 	40.804413 	22.847319 	19.026299 	21.377558 	26.925823 	18.681541 	19.646883 	22.000000 	36.055511 	34.713108 	23.537205 	26.907248 	30.232433 	30.413813 	32.249031 	38.275318 	
127.015747 	82.152298 	20.024984 	66.610809 	47.434166 	111.220505 	14.560220 	25.495098 	121.490738 	95.000000 	36.013885 	30.016663 	43.863426 	70.228203 	104.694794 	31.400637 	114.947815 	27.586229 	39.623226 	112.800713 	29.732138 	20.000000 	8.062258 	106.667709 	60.108234 	99.904953 	4.000000 	40.224369 	999.000000 	1.000000 	59.203041 	35.510563 	44.654228 	6.082763 	12.165525 	76.843994 	81.024689 	24.083189 	57.271286 	29.068884 	66.189125 	54.083271 	55.027267 	33.015148 	75.591003 	73.409805 	38.000000 	51.088158 	58.309521 	55.036350 	61.400326 	65.030762 	
126.562241 	81.633324 	20.000000 	66.030296 	46.872166 	110.675201 	14.866069 	25.079872 	120.950401 	94.403389 	37.013512 	31.016125 	43.185646 	69.892776 	104.278473 	32.202484 	114.490173 	28.319605 	38.948685 	112.200714 	29.068884 	19.416489 	8.944272 	106.042442 	59.396969 	99.247169 	5.000000 	39.408119 	1.000000 	999.000000 	58.412327 	34.669872 	43.829212 	5.099020 	11.180340 	76.026314 	80.212219 	23.086792 	56.364883 	28.071337 	65.299309 	53.141319 	54.083271 	32.015621 	74.706093 	72.498276 	37.000000 	50.089920 	57.314919 	54.037025 	60.406952 	64.031242 	
77.781746 	34.234486 	48.703182 	19.697716 	20.223749 	58.694122 	55.542778 	38.275318 	68.680420 	41.231056 	90.873535 	85.428329 	17.464249 	37.802116 	59.076221 	73.979729 	66.272163 	69.123077 	21.189621 	57.939625 	30.413813 	40.311287 	62.769421 	51.078373 	7.211102 	43.382023 	62.425957 	19.104973 	59.203041 	58.412327 	999.000000 	24.041630 	14.866069 	53.907330 	48.795490 	17.888544 	21.954498 	41.048752 	13.000000 	38.470768 	13.416408 	18.439089 	18.681541 	37.696156 	20.024984 	20.880613 	37.107952 	33.241539 	31.953091 	34.928497 	32.202484 	38.470768 	
98.081596 	52.630791 	29.017237 	36.138622 	20.223749 	80.230919 	34.365681 	19.416489 	90.470993 	63.071388 	68.963760 	63.245552 	13.000000 	47.381432 	77.278717 	55.000000 	86.127815 	50.000000 	10.440307 	80.529495 	10.440307 	18.248287 	39.924931 	73.925636 	26.419689 	66.573265 	38.948685 	5.000000 	35.510563 	34.669872 	24.041630 	999.000000 	9.219544 	30.000000 	24.758837 	41.400482 	45.607018 	18.027756 	22.561028 	17.029387 	31.016125 	21.023796 	22.022715 	18.248287 	40.311287 	38.600517 	20.615528 	26.400757 	30.870699 	30.232433 	33.241539 	38.910152 	
90.470993 	45.398239 	36.345562 	29.068884 	17.204651 	72.111023 	42.449970 	26.076809 	82.280006 	54.781384 	77.491936 	71.867935 	9.899495 	43.011627 	70.349129 	62.289646 	78.644768 	57.314919 	10.770329 	72.013885 	17.262676 	26.570660 	48.754486 	65.299309 	18.027756 	57.801384 	48.020828 	4.472136 	44.654228 	43.829212 	14.866069 	9.219544 	999.000000 	39.204590 	33.970577 	32.202484 	36.400551 	26.419689 	15.033297 	24.351591 	22.561028 	15.652476 	16.552946 	24.331051 	31.622776 	30.413813 	25.019993 	26.076809 	28.319605 	29.206163 	30.000000 	36.235340 	
123.482796 	78.294319 	19.646883 	62.433964 	43.416588 	107.186752 	16.401220 	22.561028 	117.477661 	90.697296 	42.047592 	36.055511 	39.204590 	67.446274 	101.390335 	35.846897 	111.400177 	31.622776 	35.000000 	108.466583 	25.238859 	16.155495 	13.341664 	102.200783 	55.226807 	95.268044 	10.049875 	34.828148 	6.082763 	5.099020 	53.907330 	30.000000 	39.204590 	999.000000 	6.082763 	71.400284 	75.604233 	18.027756 	51.429562 	23.021729 	60.415230 	48.104053 	49.040798 	27.000000 	69.835518 	67.542580 	32.015621 	45.044422 	52.239830 	49.010204 	55.326305 	59.008472 	
120.154068 	74.732857 	21.095022 	58.591808 	39.924931 	103.353760 	20.000000 	21.023796 	113.648582 	86.608315 	48.093658 	42.107006 	34.985710 	65.115280 	98.351410 	40.718548 	108.078674 	36.235340 	30.886890 	104.307236 	21.540659 	14.000000 	19.104973 	97.908119 	50.606323 	90.801979 	16.124516 	29.698484 	12.165525 	11.180340 	48.795490 	24.758837 	33.970577 	6.082763 	999.000000 	66.068146 	70.292244 	12.000000 	45.650848 	17.000000 	54.708317 	42.154476 	43.081318 	21.023796 	64.140472 	61.717098 	26.076809 	39.012817 	46.173584 	43.000000 	49.254440 	53.000000 	
69.180923 	32.802441 	66.483078 	26.000000 	36.345562 	49.040798 	73.409805 	56.080299 	58.077534 	32.557640 	108.747414 	103.315056 	35.114101 	44.777225 	54.424259 	91.482239 	58.855755 	86.683334 	39.000000 	46.270943 	48.301140 	58.180752 	80.622574 	39.204590 	20.099751 	31.144823 	80.156097 	36.619667 	76.843994 	76.026314 	17.888544 	41.400482 	32.202484 	71.400284 	66.068146 	999.000000 	4.242640 	57.314919 	22.825424 	54.037025 	14.560220 	28.635643 	28.231188 	52.430908 	9.848858 	14.560220 	50.606323 	42.720020 	38.327538 	42.755116 	37.054016 	42.047592 	
66.483078 	32.526913 	70.384659 	27.892651 	39.812057 	46.270943 	77.388626 	60.008331 	55.000000 	30.364452 	112.729767 	107.331261 	39.000000 	46.097721 	52.801514 	95.210297 	56.515484 	90.443352 	42.953465 	43.046486 	52.354561 	62.265560 	84.723076 	36.013885 	23.537205 	28.000000 	84.314888 	40.804413 	81.024689 	80.212219 	21.954498 	45.607018 	36.400551 	75.604233 	70.292244 	4.242640 	999.000000 	61.554855 	26.925823 	58.258045 	18.384777 	32.649654 	32.202484 	56.612720 	12.041595 	17.029387 	54.708317 	46.486557 	41.773197 	46.324940 	40.311287 	45.011108 	
116.090485 	70.604530 	29.206163 	54.120235 	37.121422 	98.234413 	30.463093 	24.698177 	108.461975 	81.024689 	60.074955 	54.083271 	30.594116 	64.000000 	95.126228 	51.865211 	104.120125 	47.169907 	27.166155 	98.386993 	20.396078 	18.439089 	31.064449 	91.706055 	44.283180 	84.219948 	28.071337 	22.847319 	24.083189 	23.086792 	41.048752 	18.027756 	26.419689 	18.027756 	12.000000 	57.314919 	61.554855 	999.000000 	35.608986 	5.000000 	44.821869 	31.384710 	32.249031 	9.055386 	54.203320 	51.312767 	14.142136 	27.018513 	34.234486 	31.000000 	37.336308 	41.000000 	
89.202019 	46.872166 	51.156624 	32.695564 	29.154760 	69.584480 	56.885849 	41.012192 	79.246452 	52.239830 	91.482239 	85.726311 	23.409399 	50.477718 	71.449280 	77.162170 	78.006409 	72.173401 	25.495098 	67.911705 	32.062439 	40.792156 	62.297672 	60.876926 	20.124611 	52.886673 	60.926186 	19.026299 	57.271286 	56.364883 	13.000000 	22.561028 	15.033297 	51.429562 	45.650848 	22.825424 	26.925823 	35.608986 	999.000000 	31.827662 	9.219544 	6.082763 	6.000000 	29.832869 	18.601076 	16.155495 	27.784887 	21.023796 	18.973665 	22.203604 	19.235384 	25.553865 	
114.725761 	69.426216 	33.286633 	52.952808 	37.054016 	96.462425 	35.114101 	27.658634 	106.625511 	79.120163 	65.069191 	59.076221 	30.016663 	64.195015 	94.201912 	56.612720 	102.839684 	51.865211 	27.073973 	96.254868 	21.931713 	22.022715 	36.055511 	89.470665 	42.379242 	81.841309 	33.060551 	21.377558 	29.068884 	28.071337 	38.470768 	17.029387 	24.351591 	23.021729 	17.000000 	54.037025 	58.258045 	5.000000 	31.827662 	999.000000 	41.036568 	27.202942 	28.017851 	4.123106 	50.328918 	47.201694 	9.219544 	22.022715 	29.274563 	26.000000 	32.388271 	36.000000 	
83.006027 	43.081318 	58.855755 	31.240999 	33.241539 	63.031738 	65.000000 	48.507732 	72.339478 	46.043457 	99.929977 	94.244362 	29.068884 	50.209560 	66.708321 	84.717178 	72.249565 	79.762146 	32.015621 	60.671246 	39.812057 	49.040798 	70.936592 	53.600372 	20.000000 	45.541191 	69.778221 	26.925823 	66.189125 	65.299309 	13.416408 	31.016125 	22.561028 	60.415230 	54.708317 	14.560220 	18.384777 	44.821869 	9.219544 	41.036568 	999.000000 	14.422205 	13.892444 	38.948685 	9.433981 	8.000000 	36.619667 	28.160255 	24.020824 	28.284271 	23.086792 	28.635643 	
95.257545 	52.611786 	50.039986 	37.947330 	31.890438 	75.663727 	55.145264 	40.311287 	85.328773 	58.309521 	89.050545 	83.198555 	25.238859 	55.072678 	77.317528 	76.006577 	84.023804 	71.007042 	26.400757 	73.979729 	31.257000 	39.051247 	59.665737 	66.940269 	25.298222 	58.940647 	57.870544 	18.681541 	54.083271 	53.141319 	18.439089 	21.023796 	15.652476 	48.104053 	42.154476 	28.635643 	32.649654 	31.384710 	6.082763 	27.202942 	14.422205 	999.000000 	1.000000 	24.758837 	23.345236 	20.000000 	22.203604 	15.000000 	13.892444 	16.492422 	14.866069 	21.260292 	
95.189285 	52.773098 	51.039200 	38.275318 	32.649654 	75.538071 	56.142673 	41.303753 	85.158676 	58.215118 	90.027771 	84.172440 	26.076809 	55.569775 	77.414467 	77.006493 	84.005951 	72.006943 	27.313000 	73.756355 	32.249031 	40.049969 	60.638271 	66.708321 	25.632011 	58.694122 	58.821766 	19.646883 	55.027267 	54.083271 	18.681541 	22.022715 	16.552946 	49.040798 	43.081318 	28.231188 	32.202484 	32.249031 	6.000000 	28.017851 	13.892444 	1.000000 	999.000000 	25.495098 	22.671568 	19.209373 	22.803509 	15.033297 	13.416408 	16.278820 	14.212670 	20.615528 	
114.756264 	69.720871 	37.215588 	53.338543 	38.470768 	96.166519 	39.217342 	31.112698 	106.254410 	78.746429 	69.028976 	63.031738 	31.144823 	65.620117 	94.641426 	60.728905 	102.961159 	55.973209 	28.635643 	95.634720 	24.698177 	25.806976 	40.112343 	88.769363 	42.201897 	81.024689 	37.013512 	22.000000 	33.015148 	32.015621 	37.696156 	18.248287 	24.331051 	27.000000 	21.023796 	52.430908 	56.612720 	9.055386 	29.832869 	4.123106 	38.948685 	24.758837 	25.495098 	999.000000 	48.083260 	44.687805 	5.099020 	18.110771 	25.495098 	22.022715 	28.635643 	32.015621 	
78.517517 	42.438190 	67.683083 	33.837849 	40.199501 	58.309521 	74.040527 	57.271286 	67.007462 	42.201897 	109.110039 	103.464973 	37.121422 	53.009434 	64.257294 	93.380943 	68.447060 	88.459030 	40.447498 	55.009090 	48.764740 	58.189346 	80.230919 	48.000000 	25.000000 	40.012497 	79.158073 	36.055511 	75.591003 	74.706093 	20.024984 	40.311287 	31.622776 	69.835518 	64.140472 	9.848858 	12.041595 	54.203320 	18.601076 	50.328918 	9.433981 	23.345236 	22.671568 	48.083260 	999.000000 	5.000000 	45.453274 	35.777088 	30.364452 	35.114101 	28.635643 	33.060551 	
83.486526 	46.647614 	66.753281 	36.878178 	41.000000 	63.285069 	72.780495 	56.435802 	72.006943 	47.074409 	107.563934 	101.833199 	37.054016 	56.080299 	68.949257 	92.655273 	73.348480 	87.692642 	40.012497 	60.008331 	47.675991 	56.753853 	78.434685 	53.000000 	26.832815 	45.011108 	77.077881 	34.713108 	73.409805 	72.498276 	20.880613 	38.600517 	30.413813 	67.542580 	61.717098 	14.560220 	17.029387 	51.312767 	16.155495 	47.201694 	8.000000 	20.000000 	19.209373 	44.687805 	5.000000 	999.000000 	41.725292 	31.384710 	25.632011 	30.463093 	23.769728 	28.071337 	
114.756264 	70.178345 	42.059483 	54.009258 	40.521599 	95.801880 	44.271889 	35.468296 	105.773346 	78.339005 	74.006760 	68.007355 	32.984844 	67.468513 	95.189285 	65.802734 	103.097038 	61.032780 	31.016125 	94.868332 	28.425341 	30.528675 	45.177429 	87.920418 	42.296574 	80.056229 	42.000000 	23.537205 	38.000000 	37.000000 	37.107952 	20.615528 	25.019993 	32.015621 	26.076809 	50.606323 	54.708317 	14.142136 	27.784887 	9.219544 	36.619667 	22.203604 	22.803509 	5.099020 	45.453274 	41.725292 	999.000000 	13.341664 	20.880613 	17.117243 	24.041630 	27.073973 	
110.222504 	67.475922 	52.810986 	52.392746 	43.266617 	90.553848 	56.089214 	44.721359 	100.129913 	73.246162 	87.091904 	81.098709 	35.805027 	68.541962 	92.265923 	77.665955 	99.020203 	72.780495 	35.383614 	88.645363 	36.359318 	41.109608 	58.008621 	81.584312 	39.812057 	73.545906 	55.081757 	26.907248 	51.088158 	50.089920 	33.241539 	26.400757 	26.076809 	45.044422 	39.012817 	42.720020 	46.486557 	27.018513 	21.023796 	22.022715 	28.160255 	15.000000 	15.033297 	18.110771 	35.777088 	31.384710 	13.341664 	999.000000 	7.615773 	4.123106 	10.770329 	14.035668 	
107.000000 	65.734314 	58.694122 	51.623638 	45.276924 	87.051712 	62.514000 	49.979996 	96.332756 	70.007141 	94.260277 	88.277969 	38.209946 	68.963760 	90.094398 	84.011902 	96.130119 	79.075912 	38.600517 	84.593147 	41.231056 	47.074409 	65.030762 	77.524193 	39.000000 	69.462219 	62.289646 	30.232433 	58.309521 	57.314919 	31.953091 	30.870699 	28.319605 	52.239830 	46.173584 	38.327538 	41.773197 	34.234486 	18.973665 	29.274563 	24.020824 	13.892444 	13.416408 	25.495098 	30.364452 	25.632011 	20.880613 	7.615773 	999.000000 	5.000000 	3.162278 	8.062258 	
111.040535 	69.050705 	56.920998 	54.405884 	46.400433 	91.197586 	60.207973 	48.754486 	100.603180 	74.027023 	91.049438 	85.052925 	39.051247 	71.112587 	93.648277 	81.786308 	100.019997 	76.902534 	38.897301 	88.955048 	40.311287 	45.221676 	62.032249 	81.884064 	41.761227 	73.824112 	59.033890 	30.413813 	55.036350 	54.037025 	34.928497 	30.232433 	29.206163 	49.010204 	43.000000 	42.755116 	46.324940 	31.000000 	22.203604 	26.000000 	28.284271 	16.492422 	16.278820 	22.022715 	35.114101 	30.463093 	17.117243 	4.123106 	5.000000 	999.000000 	7.810250 	10.000000 	
106.042442 	65.520988 	61.392181 	51.894123 	46.690472 	86.000000 	65.375839 	52.497620 	95.131485 	69.115845 	97.329338 	91.350975 	39.824615 	69.641945 	89.627007 	86.833176 	95.336250 	81.884064 	40.496914 	83.294655 	43.657761 	49.819675 	68.066147 	76.236473 	39.357338 	68.183578 	65.375839 	32.249031 	61.400326 	60.406952 	32.202484 	33.241539 	30.000000 	55.326305 	49.254440 	37.054016 	40.311287 	37.336308 	19.235384 	32.388271 	23.086792 	14.866069 	14.212670 	28.635643 	28.635643 	23.769728 	24.041630 	10.770329 	3.162278 	7.810250 	999.000000 	6.403124 	
111.220505 	71.470276 	66.483078 	58.137768 	53.037724 	91.087868 	70.035706 	57.939625 	100.004997 	74.431175 	101.044548 	95.047356 	46.097721 	76.006577 	95.341492 	91.591484 	100.717430 	86.683334 	46.615448 	88.051125 	49.244289 	54.817879 	72.027771 	81.024689 	45.650848 	73.006851 	69.028976 	38.275318 	65.030762 	64.031242 	38.470768 	38.910152 	36.235340 	59.008472 	53.000000 	42.047592 	45.011108 	41.000000 	25.553865 	36.000000 	28.635643 	21.260292 	20.615528 	32.015621 	33.060551 	28.071337 	27.073973 	14.035668 	8.062258 	10.000000 	6.403124 	999.000000 	

Travel time:
9.000000 	1.138530 	2.726949 	1.549597 	2.005773 	0.505594 	2.920295 	2.538331 	0.340037 	0.925338 	3.693914 	3.600347 	2.142574 	1.450216 	0.570088 	3.134984 	0.302076 	3.053686 	2.238443 	0.626997 	2.465385 	2.683864 	3.172735 	0.783023 	1.814180 	0.970824 	3.222286 	2.335193 	3.175394 	3.164056 	1.944544 	2.452040 	2.261775 	3.087070 	3.003852 	1.729523 	1.662077 	2.902262 	2.230051 	2.868144 	2.075151 	2.381439 	2.379732 	2.868906 	1.962938 	2.087163 	2.868906 	2.755563 	2.675000 	2.776013 	2.651061 	2.780513 	
1.138530 	9.000000 	1.632483 	0.412311 	0.872138 	0.730154 	1.827738 	1.421487 	0.985203 	0.380789 	2.655419 	2.545830 	1.004054 	0.485412 	0.625500 	2.125000 	0.838153 	2.026388 	1.100284 	0.800391 	1.330648 	1.556639 	2.070024 	0.682367 	0.700000 	0.588430 	2.107872 	1.201301 	2.053807 	2.040833 	0.855862 	1.315770 	1.134956 	1.957358 	1.868321 	0.820061 	0.813173 	1.765113 	1.171804 	1.735655 	1.077033 	1.315295 	1.319327 	1.743022 	1.060955 	1.166190 	1.754459 	1.686898 	1.643358 	1.726268 	1.638025 	1.786757 	
2.726949 	1.632483 	9.000000 	1.274755 	0.805062 	2.362335 	0.195256 	0.261008 	2.615937 	1.979899 	1.063602 	0.936082 	0.784618 	1.285739 	2.161308 	0.650481 	2.427447 	0.525595 	0.687841 	2.422421 	0.477624 	0.292617 	0.447214 	2.281036 	1.185327 	2.128673 	0.515388 	0.803508 	0.500625 	0.500000 	1.217580 	0.725431 	0.908639 	0.491172 	0.527376 	1.662077 	1.759616 	0.730154 	1.278916 	0.832166 	1.471394 	1.251000 	1.275980 	0.930390 	1.692077 	1.668832 	1.051487 	1.320275 	1.467353 	1.423025 	1.534805 	1.662077 	
1.549597 	0.412311 	1.274755 	9.000000 	0.480234 	1.119431 	1.468205 	1.044330 	1.376817 	0.710634 	2.325135 	2.205958 	0.594243 	0.480234 	1.032594 	1.823630 	1.250000 	1.715007 	0.693271 	1.155692 	0.930390 	1.165386 	1.698529 	1.007782 	0.316228 	0.855132 	1.725724 	0.789383 	1.665270 	1.650757 	0.492443 	0.903466 	0.726722 	1.560849 	1.464795 	0.650000 	0.697316 	1.353006 	0.817389 	1.323820 	0.781025 	0.948683 	0.956883 	1.333464 	0.845946 	0.921954 	1.350231 	1.309819 	1.290591 	1.360147 	1.297353 	1.453444 	
2.005773 	0.872138 	0.805062 	0.480234 	9.000000 	1.595306 	0.995615 	0.565685 	1.852363 	1.190850 	1.865643 	1.740869 	0.190394 	0.679154 	1.463087 	1.392839 	1.703856 	1.276959 	0.250000 	1.635925 	0.459619 	0.686477 	1.219887 	1.486607 	0.406971 	1.326885 	1.245492 	0.427200 	1.185854 	1.171804 	0.505594 	0.505594 	0.430116 	1.085415 	0.998123 	0.908639 	0.995301 	0.928036 	0.728869 	0.926350 	0.831038 	0.797261 	0.816241 	0.961769 	1.004987 	1.025000 	1.013040 	1.081665 	1.131923 	1.160011 	1.167262 	1.325943 	
0.505594 	0.730154 	2.362335 	1.119431 	1.595306 	9.000000 	2.557587 	2.150581 	0.257391 	0.436606 	3.376851 	3.270799 	1.710629 	1.145098 	0.427931 	2.836371 	0.301040 	2.742832 	1.811767 	0.190394 	2.049695 	2.281721 	2.800112 	0.291548 	1.352082 	0.467039 	2.836591 	1.884808 	2.780513 	2.766880 	1.467353 	2.005773 	1.802776 	2.679669 	2.583844 	1.226020 	1.156774 	2.455860 	1.739612 	2.411561 	1.575794 	1.891593 	1.888452 	2.404163 	1.457738 	1.582127 	2.395047 	2.263846 	2.176293 	2.279940 	2.150000 	2.277197 	
2.920295 	1.827738 	0.195256 	1.468205 	0.995615 	2.557587 	9.000000 	0.437321 	2.811139 	2.174425 	0.883530 	0.750417 	0.961769 	1.476482 	2.353853 	0.539676 	2.621188 	0.419076 	0.860959 	2.617250 	0.632456 	0.403113 	0.261008 	2.475126 	1.367708 	2.321234 	0.350000 	0.951972 	0.364006 	0.371652 	1.388569 	0.859142 	1.061249 	0.410031 	0.500000 	1.835245 	1.934716 	0.761577 	1.422146 	0.877853 	1.625000 	1.378632 	1.403567 	0.980434 	1.851013 	1.819512 	1.106797 	1.402230 	1.562850 	1.505199 	1.634396 	1.750893 	
2.538331 	1.421487 	0.261008 	1.044330 	0.565685 	2.150581 	0.437321 	9.000000 	2.406502 	1.754459 	1.319327 	1.187697 	0.525595 	1.123054 	1.980057 	0.905539 	2.236767 	0.781425 	0.427200 	2.199148 	0.226385 	0.176777 	0.654313 	2.051828 	0.930390 	1.892254 	0.686477 	0.550000 	0.637377 	0.626997 	0.956883 	0.485412 	0.651920 	0.564026 	0.525595 	1.402007 	1.500208 	0.617454 	1.025305 	0.691466 	1.212693 	1.007782 	1.032594 	0.777817 	1.431782 	1.410895 	0.886707 	1.118034 	1.249500 	1.218862 	1.312441 	1.448491 	
0.340037 	0.985203 	2.615937 	1.376817 	1.852363 	0.257391 	2.811139 	2.406502 	9.000000 	0.687841 	3.623966 	3.520032 	1.967867 	1.382932 	0.577170 	3.079164 	0.325000 	2.987997 	2.069118 	0.304138 	2.307054 	2.538701 	3.055016 	0.475657 	1.606432 	0.675000 	3.092733 	2.140385 	3.037268 	3.023760 	1.717010 	2.261775 	2.057000 	2.936942 	2.841215 	1.451938 	1.375000 	2.711549 	1.981161 	2.665638 	1.808487 	2.133219 	2.128967 	2.656360 	1.675187 	1.800174 	2.644334 	2.503248 	2.408319 	2.515079 	2.378287 	2.500125 	
0.925338 	0.380789 	1.979899 	0.710634 	1.190850 	0.436606 	2.174425 	1.754459 	0.687841 	9.000000 	3.018485 	2.904522 	1.290591 	0.862047 	0.575543 	2.496623 	0.657647 	2.395047 	1.393960 	0.445112 	1.636498 	1.875000 	2.408319 	0.305164 	0.919239 	0.226385 	2.436314 	1.454519 	2.375000 	2.360085 	1.030776 	1.576785 	1.369535 	2.267432 	2.165208 	0.813941 	0.759111 	2.025617 	1.305996 	1.978004 	1.151086 	1.457738 	1.455378 	1.968661 	1.055047 	1.176860 	1.958475 	1.831154 	1.750179 	1.850676 	1.727896 	1.860779 	
3.693914 	2.655419 	1.063602 	2.325135 	1.865643 	3.376851 	0.883530 	1.319327 	3.623966 	3.018485 	9.000000 	0.150000 	1.844756 	2.248472 	3.124100 	0.570636 	3.403123 	0.640312 	1.744456 	3.454797 	1.513481 	1.273038 	0.735697 	3.322744 	2.248611 	3.180016 	0.800391 	1.826369 	0.900347 	0.925338 	2.271838 	1.724094 	1.937298 	1.051190 	1.202341 	2.718685 	2.818244 	1.501874 	2.287056 	1.626730 	2.498250 	2.226264 	2.250694 	1.725724 	2.727751 	2.689098 	1.850169 	2.177298 	2.356507 	2.276236 	2.433233 	2.526114 	
3.600347 	2.545830 	0.936082 	2.205958 	1.740869 	3.270799 	0.750417 	1.187697 	3.520032 	2.904522 	0.150000 	9.000000 	1.711907 	2.151308 	3.030264 	0.515388 	3.307000 	0.559017 	1.610318 	3.343370 	1.375909 	1.132751 	0.588430 	3.207900 	2.118077 	3.061046 	0.650481 	1.685416 	0.750417 	0.775403 	2.135708 	1.581139 	1.796698 	0.901388 	1.052675 	2.582876 	2.683281 	1.352082 	2.143158 	1.476906 	2.356109 	2.079964 	2.104311 	1.575794 	2.586624 	2.545830 	1.700184 	2.027468 	2.206949 	2.126323 	2.283774 	2.376184 	
2.142574 	1.004054 	0.784618 	0.594243 	0.190394 	1.710629 	0.961769 	0.525595 	1.967867 	1.290591 	1.844756 	1.711907 	9.000000 	0.863134 	1.613420 	1.412887 	1.842044 	1.291559 	0.106066 	1.733494 	0.353553 	0.602080 	1.160011 	1.575198 	0.410031 	1.402007 	1.167262 	0.237171 	1.096586 	1.079641 	0.436606 	0.325000 	0.247487 	0.980115 	0.874643 	0.877853 	0.975000 	0.764853 	0.585235 	0.750417 	0.726722 	0.630971 	0.651920 	0.778621 	0.928036 	0.926350 	0.824621 	0.895126 	0.955249 	0.976281 	0.995615 	1.152443 	
1.450216 	0.485412 	1.285739 	0.480234 	0.679154 	1.145098 	1.476482 	1.123054 	1.382932 	0.862047 	2.248472 	2.151308 	0.863134 	9.000000 	0.880696 	1.697425 	1.155692 	1.609542 	0.928036 	1.252996 	1.104536 	1.285496 	1.732953 	1.155963 	0.765261 	1.073837 	1.792345 	1.098294 	1.755705 	1.747319 	0.945053 	1.184536 	1.075291 	1.686157 	1.627882 	1.119431 	1.152443 	1.600000 	1.261943 	1.604875 	1.255239 	1.376817 	1.389244 	1.640503 	1.325236 	1.402007 	1.686713 	1.713549 	1.724094 	1.777815 	1.741049 	1.900164 	
0.570088 	0.625500 	2.161308 	1.032594 	1.463087 	0.427931 	2.353853 	1.980057 	0.577170 	0.575543 	3.124100 	3.030264 	1.613420 	0.880696 	9.000000 	2.566247 	0.285044 	2.483948 	1.703856 	0.612882 	1.921100 	2.130874 	2.607921 	0.648556 	1.325236 	0.743303 	2.660944 	1.820886 	2.617370 	2.606962 	1.476906 	1.931968 	1.758728 	2.534758 	2.458785 	1.360606 	1.320038 	2.378156 	1.786232 	2.355048 	1.667708 	1.932938 	1.935362 	2.366036 	1.606432 	1.723731 	2.379732 	2.306648 	2.252360 	2.341207 	2.240675 	2.383537 	
3.134984 	2.125000 	0.650481 	1.823630 	1.392839 	2.836371 	0.539676 	0.905539 	3.079164 	2.496623 	0.570636 	0.515388 	1.412887 	1.697425 	2.566247 	9.000000 	2.847477 	0.125000 	1.323820 	2.925107 	1.127497 	0.928036 	0.585769 	2.801785 	1.794610 	2.671259 	0.707990 	1.453444 	0.785016 	0.805062 	1.849493 	1.375000 	1.557241 	0.896172 	1.017964 	2.287056 	2.380257 	1.296630 	1.929054 	1.415318 	2.117929 	1.900164 	1.925162 	1.518223 	2.334524 	2.316382 	1.645068 	1.941649 	2.100297 	2.044658 	2.170829 	2.289787 	
0.302076 	0.838153 	2.427447 	1.250000 	1.703856 	0.301040 	2.621188 	2.236767 	0.325000 	0.657647 	3.403123 	3.307000 	1.842044 	1.155692 	0.285044 	2.847477 	9.000000 	2.763377 	1.937298 	0.480234 	2.163475 	2.381832 	2.872716 	0.590021 	1.520691 	0.749166 	2.921151 	2.037308 	2.873695 	2.862254 	1.656804 	2.153195 	1.966119 	2.785004 	2.701967 	1.471394 	1.412887 	2.603003 	1.950160 	2.570992 	1.806239 	2.100595 	2.100149 	2.574029 	1.711177 	1.833712 	2.577426 	2.475505 	2.403253 	2.500500 	2.383406 	2.517936 	
3.053686 	2.026388 	0.525595 	1.715007 	1.276959 	2.742832 	0.419076 	0.781425 	2.987997 	2.395047 	0.640312 	0.559017 	1.291559 	1.609542 	2.483948 	0.125000 	2.763377 	9.000000 	1.201301 	2.826769 	1.002809 	0.803508 	0.496236 	2.700116 	1.676678 	2.565638 	0.620987 	1.328768 	0.689656 	0.707990 	1.728077 	1.250000 	1.432873 	0.790569 	0.905883 	2.167083 	2.261084 	1.179248 	1.804335 	1.296630 	1.994054 	1.775176 	1.800174 	1.399330 	2.211476 	2.192316 	1.525820 	1.819512 	1.976898 	1.922563 	2.047101 	2.167083 	
2.238443 	1.100284 	0.687841 	0.693271 	0.250000 	1.811767 	0.860959 	0.427200 	2.069118 	1.393960 	1.744456 	1.610318 	0.106066 	0.928036 	1.703856 	1.323820 	1.937298 	1.201301 	9.000000 	1.837457 	0.247487 	0.496236 	1.055047 	1.680030 	0.515388 	1.507689 	1.061249 	0.212132 	0.990581 	0.973717 	0.529741 	0.261008 	0.269258 	0.875000 	0.772172 	0.975000 	1.073837 	0.679154 	0.637377 	0.676849 	0.800391 	0.660019 	0.682825 	0.715891 	1.011187 	1.000312 	0.775403 	0.884590 	0.965013 	0.972432 	1.012423 	1.165386 	
