Total assets = 610
Number of asset nodes = 33

Distance:
999.000000 	40.853397 	26.019224 	39.051247 	40.024994 	129.726639 	45.607018 	36.345562 	63.158531 	68.447060 	10.630146 	8.062258 	5.830952 	7.211102 	40.607880 	43.737854 	71.175842 	35.000000 	29.274563 	130.862518 	70.384659 	134.469330 	67.067131 	70.936592 	112.004463 	32.756680 	32.984844 	36.069378 	67.720009 	24.738634 	37.483330 	24.515301 	34.205261 	36.235340 	62.169125 	131.643463 	117.800682 	140.730240 	36.400551 	38.078865 	27.892651 	70.092796 	38.327538 	37.202152 	113.718948 	30.675724 	136.561340 	
40.853397 	999.000000 	18.439089 	6.000000 	6.082763 	95.383438 	6.708204 	10.198039 	22.360680 	27.784887 	46.690472 	37.656342 	42.201897 	45.354160 	8.246211 	8.602325 	30.413813 	15.297058 	21.023796 	95.414886 	29.546574 	99.322708 	26.248810 	30.083218 	73.552704 	22.803509 	23.769728 	75.166481 	27.294687 	58.796257 	21.023796 	58.051701 	24.515301 	74.632431 	23.194826 	94.641426 	79.195961 	104.861816 	25.179358 	24.020824 	61.554855 	30.066593 	25.019993 	75.000000 	74.411018 	65.115280 	99.639351 	
26.019224 	18.439089 	999.000000 	14.422205 	15.264338 	113.534134 	21.095022 	10.770329 	40.000000 	45.607018 	34.525352 	25.961510 	29.274563 	32.140316 	15.231546 	18.384777 	48.010414 	9.055386 	5.830952 	113.718948 	46.872166 	117.596771 	43.046486 	47.169907 	91.967384 	10.000000 	10.816654 	57.706154 	42.953465 	40.607880 	13.038404 	39.824615 	12.206555 	56.938564 	36.687874 	113.070778 	97.590981 	123.223373 	14.212670 	14.866069 	43.278172 	44.944408 	15.556349 	57.140179 	92.698433 	46.861500 	118.067780 	
39.051247 	6.000000 	14.422205 	999.000000 	1.000000 	100.647903 	6.708204 	4.472136 	25.612497 	31.240999 	46.043457 	37.013512 	41.194660 	44.283180 	2.828427 	5.099020 	33.600594 	9.486833 	15.811388 	100.498756 	32.449963 	104.446159 	28.653097 	32.756680 	77.987175 	17.088007 	18.027756 	72.069412 	28.792360 	55.000000 	15.033297 	54.203320 	18.681541 	71.344238 	23.194826 	99.403221 	83.546394 	109.836243 	19.235384 	18.027756 	57.628117 	31.048349 	19.026299 	71.561165 	78.492035 	61.220913 	104.403069 	
40.024994 	6.082763 	15.264338 	1.000000 	999.000000 	100.184830 	5.830952 	5.000000 	24.839485 	30.479502 	47.042534 	38.013157 	42.190044 	45.276924 	2.236068 	4.123106 	32.802441 	9.848858 	16.401220 	99.985001 	31.622776 	103.942291 	27.784887 	31.906113 	77.336922 	17.464249 	18.384777 	72.945183 	27.856777 	55.803226 	15.132746 	55.000000 	18.973665 	72.201111 	22.203604 	98.812958 	82.879433 	109.293182 	19.416489 	18.110771 	58.412327 	30.083218 	19.104973 	72.401657 	77.781746 	62.008064 	103.812332 	
129.726639 	95.383438 	113.534134 	100.647903 	100.184830 	999.000000 	95.273293 	105.118980 	77.833153 	72.732384 	130.115326 	123.109711 	128.035156 	130.831955 	101.518471 	99.317673 	71.840103 	110.018181 	116.361504 	5.830952 	73.763138 	6.082763 	78.160095 	74.464760 	30.265491 	117.618027 	118.511604 	165.758865 	81.492332 	152.200531 	114.542572 	151.604752 	118.966385 	165.951797 	89.286057 	15.000000 	28.460499 	13.341664 	119.012604 	117.273186 	155.206314 	82.764725 	118.186295 	166.832245 	35.171009 	158.600128 	15.811388 	
45.607018 	6.708204 	21.095022 	6.708204 	5.830952 	95.273293 	999.000000 	10.630146 	19.104973 	24.758837 	52.239830 	43.185646 	47.518417 	50.635956 	6.403124 	4.123106 	27.018513 	15.000000 	21.931713 	94.894676 	25.806976 	98.883774 	21.954498 	26.076809 	71.840103 	22.472204 	23.323807 	78.771820 	22.135944 	61.611687 	19.313208 	60.802959 	23.706539 	78.032043 	17.000000 	93.477272 	77.336922 	104.100914 	23.769728 	22.135944 	64.202805 	24.515301 	23.086792 	78.230431 	72.138756 	67.801178 	98.473343 	
36.345562 	10.198039 	10.770329 	4.472136 	5.000000 	105.118980 	10.630146 	999.000000 	29.732138 	35.383614 	44.045429 	35.128338 	39.000000 	42.011902 	4.472136 	7.615773 	37.643059 	5.099020 	11.401754 	104.957130 	36.400551 	108.908218 	32.449963 	36.619667 	82.328613 	12.649111 	13.601471 	68.425140 	32.202484 	51.039200 	11.045361 	50.219517 	14.317822 	67.601776 	25.961510 	103.812332 	87.863533 	114.280357 	15.033297 	14.035668 	53.600372 	34.176014 	15.033297 	67.742157 	82.734512 	57.201397 	108.811768 	
63.158531 	22.360680 	40.000000 	25.612497 	24.839485 	77.833153 	19.104973 	29.732138 	999.000000 	5.656854 	68.410522 	59.481091 	64.195015 	67.357254 	25.455845 	22.671568 	8.062258 	33.970577 	41.012192 	76.967529 	7.280110 	81.024689 	5.385165 	8.062258 	53.009434 	41.231056 	42.011902 	97.416634 	9.219544 	80.603973 	37.443291 	79.812279 	42.201897 	96.798759 	13.341664 	74.946648 	58.412327 	85.883644 	41.880783 	39.962482 	83.240616 	12.806249 	40.816662 	97.082436 	53.075417 	86.833176 	79.924965 	
68.447060 	27.784887 	45.607018 	31.240999 	30.479502 	72.732384 	24.758837 	35.383614 	5.656854 	999.000000 	73.375748 	64.513565 	69.289246 	72.449982 	31.112698 	28.319605 	3.000000 	39.623226 	46.669048 	71.693794 	3.605551 	75.769386 	6.082763 	5.000000 	47.434166 	46.861500 	47.634022 	102.927162 	10.440307 	86.214851 	43.011627 	85.428329 	47.801674 	102.342560 	17.029387 	69.462219 	52.801514 	80.498444 	47.434166 	45.486263 	88.865067 	13.416408 	46.324940 	102.649887 	47.423622 	92.455391 	74.431175 	
10.630146 	46.690472 	34.525352 	46.043457 	47.042534 	130.115326 	52.239830 	44.045429 	68.410522 	73.375748 	999.000000 	9.055386 	5.385165 	3.605551 	48.000000 	51.009804 	76.243034 	43.566040 	38.600517 	131.711807 	75.690155 	135.148071 	72.780495 	76.400261 	114.586212 	42.379242 	42.720020 	37.121422 	73.979729 	31.064449 	46.840153 	31.144823 	44.011364 	38.078865 	69.180923 	133.225372 	120.415947 	141.675690 	46.238514 	47.759815 	34.014702 	76.655075 	48.104053 	39.560081 	116.846054 	36.055511 	138.057953 	
8.062258 	37.656342 	25.961510 	37.013512 	38.013157 	123.109711 	43.185646 	35.128338 	59.481091 	64.513565 	9.055386 	999.000000 	5.000000 	8.062258 	39.012817 	42.000000 	67.357254 	34.928497 	30.463093 	124.458832 	66.760765 	127.988281 	63.788715 	67.446274 	106.508217 	34.438351 	34.885529 	42.801868 	64.938431 	32.756680 	38.626415 	32.557640 	36.235340 	43.266617 	60.133186 	125.606529 	112.329872 	134.380051 	38.470768 	39.812057 	35.902645 	67.601776 	40.249222 	44.418465 	108.558739 	38.600517 	130.483719 	
5.830952 	42.201897 	29.274563 	41.194660 	42.190044 	128.035156 	47.518417 	39.000000 	64.195015 	69.289246 	5.385165 	5.000000 	999.000000 	3.162278 	43.046486 	46.097721 	72.111023 	38.327538 	33.241539 	129.417923 	71.470276 	132.936081 	68.410522 	72.124893 	111.503365 	37.000000 	37.336308 	38.013157 	69.426216 	29.154760 	41.484936 	29.068884 	38.626415 	38.587563 	64.381676 	130.598618 	117.324333 	139.344894 	40.853397 	42.379242 	32.249031 	72.006943 	42.720020 	39.824615 	113.534134 	34.713108 	135.473251 	
7.211102 	45.354160 	32.140316 	44.283180 	45.276924 	130.831955 	50.635956 	42.011902 	67.357254 	72.449982 	3.605551 	8.062258 	3.162278 	999.000000 	46.097721 	49.162994 	75.272835 	41.194660 	35.902645 	132.276230 	74.632431 	135.771866 	71.568146 	75.286118 	114.546936 	39.560081 	39.849716 	35.510563 	72.567207 	28.000000 	44.147480 	28.017851 	41.109608 	36.235340 	67.475922 	133.544006 	120.370262 	142.214630 	43.324360 	44.922153 	31.016125 	75.133217 	45.221676 	37.576588 	116.619041 	33.241539 	138.408813 	
40.607880 	8.246211 	15.231546 	2.828427 	2.236068 	101.518471 	6.403124 	4.472136 	25.455845 	31.112698 	48.000000 	39.012817 	43.046486 	46.097721 	999.000000 	3.162278 	33.301651 	8.602325 	15.556349 	101.212646 	32.015621 	105.190300 	28.017851 	32.202484 	78.243210 	16.124516 	17.000000 	72.897186 	27.730848 	55.470715 	13.341664 	54.644306 	17.464249 	72.069412 	21.587032 	99.864906 	83.737686 	110.453613 	17.720045 	16.278820 	58.008621 	29.732138 	17.262676 	72.201111 	78.517517 	61.611687 	104.861816 	
43.737854 	8.602325 	18.384777 	5.099020 	4.123106 	99.317673 	4.123106 	7.615773 	22.671568 	28.319605 	51.009804 	42.000000 	46.097721 	49.162994 	3.162278 	999.000000 	30.413813 	11.313708 	18.439089 	98.883774 	29.068884 	102.883430 	25.000000 	29.206163 	75.604233 	18.601076 	19.416489 	76.026314 	24.596748 	58.523499 	15.231546 	57.688820 	19.723083 	75.179787 	18.439089 	97.349884 	81.055534 	108.046288 	19.697716 	18.027756 	61.032780 	26.570660 	18.973665 	75.292763 	75.742989 	64.637451 	102.342560 	
71.175842 	30.413813 	48.010414 	33.600594 	32.802441 	71.840103 	27.018513 	37.643059 	8.062258 	3.000000 	76.243034 	67.357254 	72.111023 	75.272835 	33.301651 	30.413813 	999.000000 	41.725292 	48.836460 	70.576202 	2.000000 	74.672615 	6.324555 	3.162278 	45.793011 	48.836460 	49.578220 	105.475113 	10.000000 	88.600227 	44.821869 	87.800911 	49.678970 	104.847511 	17.464249 	68.000000 	51.039200 	79.202271 	49.203659 	47.201694 	91.214035 	12.369317 	48.010414 	105.118980 	45.453274 	94.810333 	72.945183 	
35.000000 	15.297058 	9.055386 	9.486833 	9.848858 	110.018181 	15.000000 	5.099020 	33.970577 	39.623226 	43.566040 	34.928497 	38.327538 	41.194660 	8.602325 	11.313708 	41.725292 	999.000000 	7.211102 	109.772491 	40.360870 	113.740936 	36.235340 	40.459858 	86.833176 	7.615773 	8.544003 	65.391129 	35.510563 	47.507893 	6.324555 	46.647614 	9.219544 	64.404968 	28.635643 	108.466583 	92.314682 	119.037811 	10.000000 	9.219544 	49.929951 	37.121422 	10.198039 	64.412735 	87.045967 	53.535034 	113.463654 	
29.274563 	21.023796 	5.830952 	15.811388 	16.401220 	116.361504 	21.931713 	11.401754 	41.012192 	46.669048 	38.600517 	30.463093 	33.241539 	35.902645 	15.556349 	18.439089 	48.836460 	7.211102 	999.000000 	116.284134 	47.507893 	120.220627 	43.416588 	47.634022 	93.723000 	4.242640 	5.000000 	58.309521 	42.720020 	40.311287 	8.246211 	39.446167 	6.403124 	57.271286 	35.777088 	115.208504 	99.247169 	125.642349 	8.485281 	9.433981 	42.720020 	44.294468 	10.000000 	57.245087 	94.069122 	46.324940 	120.208153 	
130.862518 	95.414886 	113.718948 	100.498756 	99.985001 	5.830952 	94.894676 	104.957130 	76.967529 	71.693794 	131.711807 	124.458832 	129.417923 	132.276230 	101.212646 	98.883774 	70.576202 	109.772491 	116.284134 	999.000000 	72.449982 	4.123106 	76.896034 	73.054771 	27.018513 	117.337120 	118.207443 	166.931122 	80.006248 	152.895386 	114.061386 	152.269501 	118.595955 	167.026947 	87.920418 	9.219544 	24.331051 	10.000000 	118.532700 	116.726173 	155.862122 	81.043198 	117.618027 	167.836227 	31.257000 	159.298462 	10.198039 	
70.384659 	29.546574 	46.872166 	32.449963 	31.622776 	73.763138 	25.806976 	36.400551 	7.280110 	3.605551 	75.690155 	66.760765 	71.470276 	74.632431 	32.015621 	29.068884 	2.000000 	40.360870 	47.507893 	72.449982 	999.000000 	76.550636 	4.472136 	1.414214 	47.507893 	47.381432 	48.104053 	104.446159 	8.000000 	87.418533 	43.278172 	86.608315 	48.166378 	103.773796 	15.524175 	69.771057 	52.697250 	81.024689 	47.634022 	45.607018 	90.000000 	10.440307 	46.400433 	104.009613 	47.010635 	93.600212 	74.706093 	
134.469330 	99.322708 	117.596771 	104.446159 	103.942291 	6.082763 	98.883774 	108.908218 	81.024689 	75.769386 	135.148071 	127.988281 	132.936081 	135.771866 	105.190300 	102.883430 	74.672615 	113.740936 	120.220627 	4.123106 	76.550636 	999.000000 	80.993828 	77.162170 	31.064449 	121.313644 	122.188377 	170.531525 	84.118965 	156.646103 	118.072014 	156.028839 	122.588745 	170.660477 	92.027168 	11.661903 	28.160255 	7.280110 	122.543869 	120.747673 	159.624557 	85.164543 	121.642921 	171.493439 	35.128338 	163.049072 	10.816654 	
67.067131 	26.248810 	43.046486 	28.653097 	27.784887 	78.160095 	21.954498 	32.449963 	5.385165 	6.082763 	72.780495 	63.788715 	68.410522 	71.568146 	28.017851 	25.000000 	6.324555 	36.235340 	43.416588 	76.896034 	4.472136 	80.993828 	999.000000 	4.242640 	51.971146 	43.139309 	43.840622 	100.722389 	4.472136 	83.486526 	38.948685 	82.661964 	43.863426 	99.985001 	11.180340 	74.242844 	57.140179 	85.492691 	43.278172 	41.231056 	86.023254 	7.810250 	42.011902 	100.169853 	51.400391 	89.627007 	79.177017 	
70.936592 	30.083218 	47.169907 	32.756680 	31.906113 	74.464760 	26.076809 	36.619667 	8.062258 	5.000000 	76.400261 	67.446274 	72.124893 	75.286118 	32.202484 	29.206163 	3.162278 	40.459858 	47.634022 	73.054771 	1.414214 	77.162170 	4.242640 	999.000000 	47.885281 	47.381432 	48.083260 	104.809349 	7.071068 	87.658424 	43.185646 	86.838928 	48.104053 	104.100914 	14.866069 	70.213959 	53.000000 	81.541397 	47.507893 	45.453274 	90.210861 	9.219544 	46.227695 	104.307236 	47.201694 	93.813644 	75.133217 	
112.004463 	73.552704 	91.967384 	77.987175 	77.336922 	30.265491 	71.840103 	82.328613 	53.009434 	47.434166 	114.586212 	106.508217 	111.503365 	114.546936 	78.243210 	75.604233 	45.793011 	86.833176 	93.723000 	27.018513 	47.507893 	31.064449 	51.971146 	47.885281 	999.000000 	94.201912 	95.000000 	147.756561 	54.561890 	132.245987 	90.443352 	131.529465 	95.210297 	147.512711 	62.609905 	22.472204 	5.830952 	34.205261 	94.868332 	92.913940 	135.059250 	55.154327 	93.744331 	148.070923 	6.403124 	138.600143 	27.313000 	
32.756680 	22.803509 	10.000000 	17.088007 	17.464249 	117.618027 	22.472204 	12.649111 	41.231056 	46.861500 	42.379242 	34.438351 	37.000000 	39.560081 	16.124516 	18.601076 	48.836460 	7.615773 	4.242640 	117.337120 	47.381432 	121.313644 	43.139309 	47.381432 	94.201912 	999.000000 	1.000000 	60.083275 	42.011902 	41.629318 	5.099020 	40.718548 	2.236068 	58.872746 	34.669872 	115.935326 	99.639351 	126.570137 	4.242640 	5.385165 	43.829212 	43.266617 	5.830952 	58.694122 	94.260277 	47.413078 	120.929733 	
32.984844 	23.769728 	10.816654 	18.027756 	18.384777 	118.511604 	23.323807 	13.601471 	42.011902 	47.634022 	42.720020 	34.885529 	37.336308 	39.849716 	17.000000 	19.416489 	49.578220 	8.544003 	5.000000 	118.207443 	48.104053 	122.188377 	43.840622 	48.083260 	95.000000 	1.000000 	999.000000 	59.774578 	42.638012 	41.231056 	5.385165 	40.311287 	1.414214 	58.523499 	35.227829 	116.764717 	100.424103 	127.424484 	3.605551 	5.099020 	43.382023 	43.829212 	5.385165 	58.309521 	95.015785 	46.957428 	121.757957 	
36.069378 	75.166481 	57.706154 	72.069412 	72.945183 	165.758865 	78.771820 	68.425140 	97.416634 	102.927162 	37.121422 	42.801868 	38.013157 	35.510563 	72.897186 	76.026314 	105.475113 	65.391129 	58.309521 	166.931122 	104.446159 	170.531525 	100.722389 	104.809349 	147.756561 	60.083275 	59.774578 	999.000000 	100.623062 	19.104973 	65.145988 	20.099751 	60.440052 	2.828427 	94.021271 	167.657394 	153.525238 	176.799316 	62.096699 	64.288414 	18.027756 	102.459747 	64.031242 	5.000000 	149.201202 	15.297058 	172.586212 	
67.720009 	27.294687 	42.953465 	28.792360 	27.856777 	81.492332 	22.135944 	32.202484 	9.219544 	10.440307 	73.979729 	64.938431 	69.426216 	72.567207 	27.730848 	24.596748 	10.000000 	35.510563 	42.720020 	80.006248 	8.000000 	84.118965 	4.472136 	7.071068 	54.561890 	42.011902 	42.638012 	100.623062 	999.000000 	83.006027 	37.536648 	82.152298 	42.520584 	99.764725 	8.062258 	76.967529 	59.539902 	88.391174 	41.725292 	39.597980 	85.440041 	3.605551 	40.311287 	99.849884 	53.535034 	89.044930 	81.859634 	
24.738634 	58.796257 	40.607880 	55.000000 	55.803226 	152.200531 	61.611687 	51.039200 	80.603973 	86.214851 	31.064449 	32.756680 	29.154760 	28.000000 	55.470715 	58.523499 	88.600227 	47.507893 	40.311287 	152.895386 	87.418533 	156.646103 	83.486526 	87.658424 	132.245987 	41.629318 	41.231056 	19.104973 	83.006027 	999.000000 	46.615448 	1.000000 	41.785164 	17.464249 	76.059189 	152.898666 	137.931137 	162.606888 	43.324360 	45.541191 	3.162278 	84.599052 	45.221676 	17.088007 	133.206604 	6.403124 	157.876541 	
37.483330 	21.023796 	13.038404 	15.033297 	15.132746 	114.542572 	19.313208 	11.045361 	37.443291 	43.011627 	46.840153 	38.626415 	41.484936 	44.147480 	13.341664 	15.231546 	44.821869 	6.324555 	8.246211 	114.061386 	43.278172 	118.072014 	38.948685 	43.185646 	90.443352 	5.099020 	5.385165 	65.145988 	37.536648 	46.615448 	999.000000 	45.694637 	5.000000 	63.906181 	30.000000 	112.361023 	95.801880 	123.166557 	4.472136 	3.000000 	48.754486 	38.600517 	4.000000 	63.694584 	90.271812 	52.325901 	117.345642 	
24.515301 	58.051701 	39.824615 	54.203320 	55.000000 	151.604752 	60.802959 	50.219517 	79.812279 	85.428329 	31.144823 	32.557640 	29.068884 	28.017851 	54.644306 	57.688820 	87.800911 	46.647614 	39.446167 	152.269501 	86.608315 	156.028839 	82.661964 	86.838928 	131.529465 	40.718548 	40.311287 	20.099751 	82.152298 	1.000000 	45.694637 	999.000000 	40.853397 	18.439089 	75.179787 	152.226807 	137.207870 	161.969131 	42.379242 	44.598206 	3.605551 	83.725746 	44.271889 	18.027756 	132.457535 	7.071068 	157.206863 	
34.205261 	24.515301 	12.206555 	18.681541 	18.973665 	118.966385 	23.706539 	14.317822 	42.201897 	47.801674 	44.011364 	36.235340 	38.626415 	41.109608 	17.464249 	19.723083 	49.678970 	9.219544 	6.403124 	118.595955 	48.166378 	122.588745 	43.863426 	48.104053 	95.210297 	2.236068 	1.414214 	60.440052 	42.520584 	41.785164 	5.000000 	40.853397 	999.000000 	59.135437 	35.000000 	117.046997 	100.603180 	127.769325 	2.236068 	4.000000 	43.863426 	43.600460 	4.123106 	58.872746 	95.131485 	47.423622 	122.036880 	
36.235340 	74.632431 	56.938564 	71.344238 	72.201111 	165.951797 	78.032043 	67.601776 	96.798759 	102.342560 	38.078865 	43.266617 	38.587563 	36.235340 	72.069412 	75.179787 	104.847511 	64.404968 	57.271286 	167.026947 	103.773796 	170.660477 	99.985001 	104.100914 	147.512711 	58.872746 	58.523499 	2.828427 	99.764725 	17.464249 	63.906181 	18.439089 	59.135437 	999.000000 	93.037628 	167.597733 	153.264481 	176.867188 	60.728905 	62.936478 	16.031219 	101.518471 	62.641838 	2.236068 	148.838837 	13.038404 	172.539856 	
62.169125 	23.194826 	36.687874 	23.194826 	22.203604 	89.286057 	17.000000 	25.961510 	13.341664 	17.029387 	69.180923 	60.133186 	64.381676 	67.475922 	21.587032 	18.439089 	17.464249 	28.635643 	35.777088 	87.920418 	15.524175 	92.027168 	11.180340 	14.866069 	62.609905 	34.669872 	35.227829 	94.021271 	8.062258 	76.059189 	30.000000 	75.179787 	35.000000 	93.037628 	999.000000 	85.000000 	67.601776 	96.384644 	34.058773 	31.890438 	78.390053 	8.602325 	32.557640 	93.021500 	61.587337 	81.987801 	89.899948 	
131.643463 	94.641426 	113.070778 	99.403221 	98.812958 	15.000000 	93.477272 	103.812332 	74.946648 	69.462219 	133.225372 	125.606529 	130.598618 	133.544006 	99.864906 	97.349884 	68.000000 	108.466583 	115.208504 	9.219544 	69.771057 	11.661903 	74.242844 	70.213959 	22.472204 	115.935326 	116.764717 	167.657394 	76.967529 	152.898666 	112.361023 	152.226807 	117.046997 	167.597733 	85.000000 	999.000000 	18.248287 	12.041595 	116.811813 	114.908661 	155.794739 	77.620872 	115.762688 	168.291412 	25.179358 	159.289047 	5.000000 	
117.800682 	79.195961 	97.590981 	83.546394 	82.879433 	28.460499 	77.336922 	87.863533 	58.412327 	52.801514 	120.415947 	112.329872 	117.324333 	120.370262 	83.737686 	81.055534 	51.039200 	92.314682 	99.247169 	24.331051 	52.697250 	28.160255 	57.140179 	53.000000 	5.830952 	99.639351 	100.424103 	153.525238 	59.539902 	137.931137 	95.801880 	137.207870 	100.603180 	153.264481 	67.601776 	18.248287 	999.000000 	30.265491 	100.209778 	98.229324 	140.730240 	59.933296 	99.045441 	153.808319 	7.000000 	144.277512 	22.803509 	
140.730240 	104.861816 	123.223373 	109.836243 	109.293182 	13.341664 	104.100914 	114.280357 	85.883644 	80.498444 	141.675690 	134.380051 	139.344894 	142.214630 	110.453613 	108.046288 	79.202271 	119.037811 	125.642349 	10.000000 	81.024689 	7.280110 	85.492691 	81.541397 	34.205261 	126.570137 	127.424484 	176.799316 	88.391174 	162.606888 	123.166557 	161.969131 	127.769325 	176.867188 	96.384644 	12.041595 	30.265491 	999.000000 	127.632286 	125.781555 	165.556641 	89.196411 	126.657021 	177.654160 	37.215588 	169.008881 	8.246211 	
36.400551 	25.179358 	14.212670 	19.235384 	19.416489 	119.012604 	23.769728 	15.033297 	41.880783 	47.434166 	46.238514 	38.470768 	40.853397 	43.324360 	17.720045 	19.697716 	49.203659 	10.000000 	8.485281 	118.532700 	47.634022 	122.543869 	43.278172 	47.507893 	94.868332 	4.242640 	3.605551 	62.096699 	41.725292 	43.324360 	4.472136 	42.379242 	2.236068 	60.728905 	34.058773 	116.811813 	100.209778 	127.632286 	999.000000 	2.236068 	45.310043 	42.638012 	2.000000 	60.406952 	94.641426 	48.846699 	121.794907 	
38.078865 	24.020824 	14.866069 	18.027756 	18.110771 	117.273186 	22.135944 	14.035668 	39.962482 	45.486263 	47.759815 	39.812057 	42.379242 	44.922153 	16.278820 	18.027756 	47.201694 	9.219544 	9.433981 	116.726173 	45.607018 	120.747673 	41.231056 	45.453274 	92.913940 	5.385165 	5.099020 	64.288414 	39.597980 	45.541191 	3.000000 	44.598206 	4.000000 	62.936478 	31.890438 	114.908661 	98.229324 	125.781555 	2.236068 	999.000000 	47.539455 	40.459858 	1.000000 	62.625874 	92.617493 	51.078373 	119.887444 	
27.892651 	61.554855 	43.278172 	57.628117 	58.412327 	155.206314 	64.202805 	53.600372 	83.240616 	88.865067 	34.014702 	35.902645 	32.249031 	31.016125 	58.008621 	61.032780 	91.214035 	49.929951 	42.720020 	155.862122 	90.000000 	159.624557 	86.023254 	90.210861 	135.059250 	43.829212 	43.382023 	18.027756 	85.440041 	3.162278 	48.754486 	3.605551 	43.863426 	16.031219 	78.390053 	155.794739 	140.730240 	165.556641 	45.310043 	47.539455 	999.000000 	86.954010 	47.169907 	15.297058 	135.948517 	3.605551 	160.776245 	
70.092796 	30.066593 	44.944408 	31.048349 	30.083218 	82.764725 	24.515301 	34.176014 	12.806249 	13.416408 	76.655075 	67.601776 	72.006943 	75.133217 	29.732138 	26.570660 	12.369317 	37.121422 	44.294468 	81.043198 	10.440307 	85.164543 	7.810250 	9.219544 	55.154327 	43.266617 	43.829212 	102.459747 	3.605551 	84.599052 	38.600517 	83.725746 	43.600460 	101.518471 	8.602325 	77.620872 	59.933296 	89.196411 	42.638012 	40.459858 	86.954010 	999.000000 	41.109608 	101.533249 	53.712196 	90.553848 	82.462112 	
38.327538 	25.019993 	15.556349 	19.026299 	19.104973 	118.186295 	23.086792 	15.033297 	40.816662 	46.324940 	48.104053 	40.249222 	42.720020 	45.221676 	17.262676 	18.973665 	48.010414 	10.198039 	10.000000 	117.618027 	46.400433 	121.642921 	42.011902 	46.227695 	93.744331 	5.830952 	5.385165 	64.031242 	40.311287 	45.221676 	4.000000 	44.271889 	4.123106 	62.641838 	32.557640 	115.762688 	99.045441 	126.657021 	2.000000 	1.000000 	47.169907 	41.109608 	999.000000 	62.297672 	93.407707 	50.695168 	120.739388 	
37.202152 	75.000000 	57.140179 	71.561165 	72.401657 	166.832245 	78.230431 	67.742157 	97.082436 	102.649887 	39.560081 	44.418465 	39.824615 	37.576588 	72.201111 	75.292763 	105.118980 	64.412735 	57.245087 	167.836227 	104.009613 	171.493439 	100.169853 	104.307236 	148.070923 	58.694122 	58.309521 	5.000000 	99.849884 	17.088007 	63.694584 	18.027756 	58.872746 	2.236068 	93.021500 	168.291412 	153.808319 	177.654160 	60.406952 	62.625874 	15.297058 	101.533249 	62.297672 	999.000000 	149.305054 	12.041595 	173.242599 	
113.718948 	74.411018 	92.698433 	78.492035 	77.781746 	35.171009 	72.138756 	82.734512 	53.075417 	47.423622 	116.846054 	108.558739 	113.534134 	116.619041 	78.517517 	75.742989 	45.453274 	87.045967 	94.069122 	31.257000 	47.010635 	35.128338 	51.400391 	47.201694 	6.403124 	94.260277 	95.015785 	149.201202 	53.535034 	133.206604 	90.271812 	132.457535 	95.131485 	148.838837 	61.587337 	25.179358 	7.000000 	37.215588 	94.641426 	92.617493 	135.948517 	53.712196 	93.407707 	149.305054 	999.000000 	139.517029 	29.614185 	
30.675724 	65.115280 	46.861500 	61.220913 	62.008064 	158.600128 	67.801178 	57.201397 	86.833176 	92.455391 	36.055511 	38.600517 	34.713108 	33.241539 	61.611687 	64.637451 	94.810333 	53.535034 	46.324940 	159.298462 	93.600212 	163.049072 	89.627007 	93.813644 	138.600143 	47.413078 	46.957428 	15.297058 	89.044930 	6.403124 	52.325901 	7.071068 	47.423622 	13.038404 	81.987801 	159.289047 	144.277512 	169.008881 	48.846699 	51.078373 	3.605551 	90.553848 	50.695168 	12.041595 	139.517029 	999.000000 	164.268066 	
136.561340 	99.639351 	118.067780 	104.403069 	103.812332 	15.811388 	98.473343 	108.811768 	79.924965 	74.431175 	138.057953 	130.483719 	135.473251 	138.408813 	104.861816 	102.342560 	72.945183 	113.463654 	120.208153 	10.198039 	74.706093 	10.816654 	79.177017 	75.133217 	27.313000 	120.929733 	121.757957 	172.586212 	81.859634 	157.876541 	117.345642 	157.206863 	122.036880 	172.539856 	89.899948 	5.000000 	22.803509 	8.246211 	121.794907 	119.887444 	160.776245 	82.462112 	120.739388 	173.242599 	29.614185 	164.268066 	999.000000 	

Travel time:
9.000000 	1.021335 	0.650481 	0.976281 	1.000625 	3.243166 	1.140175 	0.908639 	1.578963 	1.711177 	0.265754 	0.201556 	0.145774 	0.180278 	1.015197 	1.093446 	1.779396 	0.875000 	0.731864 	3.271563 	1.759616 	3.361733 	1.676678 	1.773415 	2.800112 	0.818917 	0.824621 	0.901734 	1.693000 	0.618466 	0.937083 	0.612882 	0.855132 	0.905883 	1.554228 	3.291087 	2.945017 	3.518256 	0.910014 	0.951972 	0.697316 	1.752320 	0.958188 	0.930054 	2.842974 	0.766893 	3.414033 	
1.021335 	9.000000 	0.460977 	0.150000 	0.152069 	2.384586 	0.167705 	0.254951 	0.559017 	0.694622 	1.167262 	0.941409 	1.055047 	1.133854 	0.206155 	0.215058 	0.760345 	0.382426 	0.525595 	2.385372 	0.738664 	2.483068 	0.656220 	0.752080 	1.838818 	0.570088 	0.594243 	1.879162 	0.682367 	1.469906 	0.525595 	1.451293 	0.612882 	1.865811 	0.579871 	2.366036 	1.979899 	2.621545 	0.629484 	0.600521 	1.538871 	0.751665 	0.625500 	1.875000 	1.860276 	1.627882 	2.490984 	
0.650481 	0.460977 	9.000000 	0.360555 	0.381608 	2.838353 	0.527376 	0.269258 	1.000000 	1.140175 	0.863134 	0.649038 	0.731864 	0.803508 	0.380789 	0.459619 	1.200260 	0.226385 	0.145774 	2.842974 	1.171804 	2.939919 	1.076162 	1.179248 	2.299185 	0.250000 	0.270416 	1.442654 	1.073837 	1.015197 	0.325960 	0.995615 	0.305164 	1.423464 	0.917197 	2.826769 	2.439775 	3.080584 	0.355317 	0.371652 	1.081954 	1.123610 	0.388909 	1.428504 	2.317461 	1.171538 	2.951694 	
0.976281 	0.150000 	0.360555 	9.000000 	0.025000 	2.516198 	0.167705 	0.111803 	0.640312 	0.781025 	1.151086 	0.925338 	1.029866 	1.107080 	0.070711 	0.127475 	0.840015 	0.237171 	0.395285 	2.512469 	0.811249 	2.611154 	0.716327 	0.818917 	1.949679 	0.427200 	0.450694 	1.801735 	0.719809 	1.375000 	0.375832 	1.355083 	0.467039 	1.783606 	0.579871 	2.485080 	2.088660 	2.745906 	0.480885 	0.450694 	1.440703 	0.776209 	0.475657 	1.789029 	1.962301 	1.530523 	2.610077 	
1.000625 	0.152069 	0.381608 	0.025000 	9.000000 	2.504621 	0.145774 	0.125000 	0.620987 	0.761988 	1.176063 	0.950329 	1.054751 	1.131923 	0.055902 	0.103078 	0.820061 	0.246221 	0.410031 	2.499625 	0.790569 	2.598557 	0.694622 	0.797653 	1.933423 	0.436606 	0.459619 	1.823630 	0.696419 	1.395081 	0.378319 	1.375000 	0.474342 	1.805028 	0.555090 	2.470324 	2.071986 	2.732330 	0.485412 	0.452769 	1.460308 	0.752080 	0.477624 	1.810041 	1.944544 	1.550202 	2.595308 	
3.243166 	2.384586 	2.838353 	2.516198 	2.504621 	9.000000 	2.381832 	2.627975 	1.945829 	1.818310 	3.252883 	3.077743 	3.200879 	3.270799 	2.537962 	2.482942 	1.796003 	2.750454 	2.909038 	0.145774 	1.844078 	0.152069 	1.954002 	1.861619 	0.756637 	2.940451 	2.962790 	4.143971 	2.037308 	3.805013 	2.863564 	3.790119 	2.974160 	4.148795 	2.232152 	0.375000 	0.711512 	0.333542 	2.975315 	2.931830 	3.880158 	2.069118 	2.954657 	4.170806 	0.879275 	3.965003 	0.395285 	
1.140175 	0.167705 	0.527376 	0.167705 	0.145774 	2.381832 	9.000000 	0.265754 	0.477624 	0.618971 	1.305996 	1.079641 	1.187960 	1.265899 	0.160078 	0.103078 	0.675463 	0.375000 	0.548293 	2.372367 	0.645174 	2.472094 	0.548862 	0.651920 	1.796003 	0.561805 	0.583095 	1.969296 	0.553399 	1.540292 	0.482830 	1.520074 	0.592663 	1.950801 	0.425000 	2.336932 	1.933423 	2.602523 	0.594243 	0.553399 	1.605070 	0.612882 	0.577170 	1.955761 	1.803469 	1.695029 	2.461833 	
0.908639 	0.254951 	0.269258 	0.111803 	0.125000 	2.627975 	0.265754 	9.000000 	0.743303 	0.884590 	1.101136 	0.878208 	0.975000 	1.050297 	0.111803 	0.190394 	0.941076 	0.127475 	0.285044 	2.623928 	0.910014 	2.722705 	0.811249 	0.915492 	2.058215 	0.316228 	0.340037 	1.710629 	0.805062 	1.275980 	0.276134 	1.255488 	0.357946 	1.690044 	0.649038 	2.595308 	2.196588 	2.857009 	0.375832 	0.350892 	1.340009 	0.854400 	0.375832 	1.693554 	2.068363 	1.430035 	2.720294 	
1.578963 	0.559017 	1.000000 	0.640312 	0.620987 	1.945829 	0.477624 	0.743303 	9.000000 	0.141421 	1.710263 	1.487027 	1.604875 	1.683931 	0.636396 	0.566789 	0.201556 	0.849264 	1.025305 	1.924188 	0.182003 	2.025617 	0.134629 	0.201556 	1.325236 	1.030776 	1.050297 	2.435416 	0.230489 	2.015099 	0.936082 	1.995307 	1.055047 	2.419969 	0.333542 	1.873666 	1.460308 	2.147091 	1.047020 	0.999062 	2.081015 	0.320156 	1.020416 	2.427061 	1.326885 	2.170829 	1.998124 	
1.711177 	0.694622 	1.140175 	0.781025 	0.761988 	1.818310 	0.618971 	0.884590 	0.141421 	9.000000 	1.834394 	1.612839 	1.732231 	1.811249 	0.777817 	0.707990 	0.075000 	0.990581 	1.166726 	1.792345 	0.090139 	1.894235 	0.152069 	0.125000 	1.185854 	1.171538 	1.190850 	2.573179 	0.261008 	2.155371 	1.075291 	2.135708 	1.195042 	2.558564 	0.425735 	1.736555 	1.320038 	2.012461 	1.185854 	1.137157 	2.221627 	0.335410 	1.158123 	2.566247 	1.185591 	2.311385 	1.860779 	
0.265754 	1.167262 	0.863134 	1.151086 	1.176063 	3.252883 	1.305996 	1.101136 	1.710263 	1.834394 	9.000000 	0.226385 	0.134629 	0.090139 	1.200000 	1.275245 	1.906076 	1.089151 	0.965013 	3.292795 	1.892254 	3.378702 	1.819512 	1.910007 	2.864655 	1.059481 	1.068001 	0.928036 	1.849493 	0.776611 	1.171004 	0.778621 	1.100284 	0.951972 	1.729523 	3.330634 	3.010399 	3.541892 	1.155963 	1.193995 	0.850368 	1.916377 	1.202601 	0.989002 	2.921151 	0.901388 	3.451449 	
0.201556 	0.941409 	0.649038 	0.925338 	0.950329 	3.077743 	1.079641 	0.878208 	1.487027 	1.612839 	0.226385 	9.000000 	0.125000 	0.201556 	0.975320 	1.050000 	1.683931 	0.873212 	0.761577 	3.111471 	1.669019 	3.199707 	1.594718 	1.686157 	2.662705 	0.860959 	0.872138 	1.070047 	1.623461 	0.818917 	0.965660 	0.813941 	0.905883 	1.081665 	1.503330 	3.140163 	2.808247 	3.359501 	0.961769 	0.995301 	0.897566 	1.690044 	1.006231 	1.110462 	2.713969 	0.965013 	3.262093 	
0.145774 	1.055047 	0.731864 	1.029866 	1.054751 	3.200879 	1.187960 	0.975000 	1.604875 	1.732231 	0.134629 	0.125000 	9.000000 	0.079057 	1.076162 	1.152443 	1.802776 	0.958188 	0.831038 	3.235448 	1.786757 	3.323402 	1.710263 	1.803122 	2.787584 	0.925000 	0.933408 	0.950329 	1.735655 	0.728869 	1.037123 	0.726722 	0.965660 	0.964689 	1.609542 	3.264966 	2.933108 	3.483622 	1.021335 	1.059481 	0.806226 	1.800174 	1.068001 	0.995615 	2.838353 	0.867828 	3.386831 	
0.180278 	1.133854 	0.803508 	1.107080 	1.131923 	3.270799 	1.265899 	1.050297 	1.683931 	1.811249 	0.090139 	0.201556 	0.079057 	9.000000 	1.152443 	1.229075 	1.881821 	1.029866 	0.897566 	3.306906 	1.865811 	3.394297 	1.789204 	1.882153 	2.863673 	0.989002 	0.996243 	0.887764 	1.814180 	0.700000 	1.103687 	0.700446 	1.027740 	0.905883 	1.686898 	3.338600 	3.009257 	3.555366 	1.083109 	1.123054 	0.775403 	1.878330 	1.130542 	0.939415 	2.915476 	0.831038 	3.460220 	
1.015197 	0.206155 	0.380789 	0.070711 	0.055902 	2.537962 	0.160078 	0.111803 	0.636396 	0.777817 	1.200000 	0.975320 	1.076162 	1.152443 	9.000000 	0.079057 	0.832541 	0.215058 	0.388909 	2.530316 	0.800391 	2.629757 	0.700446 	0.805062 	1.956080 	0.403113 	0.425000 	1.822430 	0.693271 	1.386768 	0.333542 	1.366108 	0.436606 	1.801735 	0.539676 	2.496623 	2.093442 	2.761340 	0.443001 	0.406971 	1.450216 	0.743303 	0.431567 	1.805028 	1.962938 	1.540292 	2.621545 	
1.093446 	0.215058 	0.459619 	0.127475 	0.103078 	2.482942 	0.103078 	0.190394 	0.566789 	0.707990 	1.275245 	1.050000 	1.152443 	1.229075 	0.079057 	9.000000 	0.760345 	0.282843 	0.460977 	2.472094 	0.726722 	2.572086 	0.625000 	0.730154 	1.890106 	0.465027 	0.485412 	1.900658 	0.614919 	1.463087 	0.380789 	1.442220 	0.493077 	1.879495 	0.460977 	2.433747 	2.026388 	2.701157 	0.492443 	0.450694 	1.525820 	0.664266 	0.474342 	1.882319 	1.893575 	1.615936 	2.558564 	
1.779396 	0.760345 	1.200260 	0.840015 	0.820061 	1.796003 	0.675463 	0.941076 	0.201556 	0.075000 	1.906076 	1.683931 	1.802776 	1.881821 	0.832541 	0.760345 	9.000000 	1.043132 	1.220912 	1.764405 	0.050000 	1.866815 	0.158114 	0.079057 	1.144825 	1.220912 	1.239455 	2.636878 	0.250000 	2.215006 	1.120547 	2.195023 	1.241974 	2.621188 	0.436606 	1.700000 	1.275980 	1.980057 	1.230091 	1.180042 	2.280351 	0.309233 	1.200260 	2.627975 	1.136332 	2.370258 	1.823630 	
0.875000 	0.382426 	0.226385 	0.237171 	0.246221 	2.750454 	0.375000 	0.127475 	0.849264 	0.990581 	1.089151 	0.873212 	0.958188 	1.029866 	0.215058 	0.282843 	1.043132 	9.000000 	0.180278 	2.744312 	1.009022 	2.843524 	0.905883 	1.011496 	2.170829 	0.190394 	0.213600 	1.634778 	0.887764 	1.187697 	0.158114 	1.166190 	0.230489 	1.610124 	0.715891 	2.711665 	2.307867 	2.975945 	0.250000 	0.230489 	1.248249 	0.928036 	0.254951 	1.610318 	2.176149 	1.338376 	2.836591 	
0.731864 	0.525595 	0.145774 	0.395285 	0.410031 	2.909038 	0.548293 	0.285044 	1.025305 	1.166726 	0.965013 	0.761577 	0.831038 	0.897566 	0.388909 	0.460977 	1.220912 	0.180278 	9.000000 	2.907103 	1.187697 	3.005516 	1.085415 	1.190850 	2.343075 	0.106066 	0.125000 	1.457738 	1.068001 	1.007782 	0.206155 	0.986154 	0.160078 	1.431782 	0.894427 	2.880213 	2.481179 	3.141059 	0.212132 	0.235850 	1.068001 	1.107362 	0.250000 	1.431127 	2.351728 	1.158123 	3.005204 	
3.271563 	2.385372 	2.842974 	2.512469 	2.499625 	0.145774 	2.372367 	2.623928 	1.924188 	1.792345 	3.292795 	3.111471 	3.235448 	3.306906 	2.530316 	2.472094 	1.764405 	2.744312 	2.907103 	9.000000 	1.811249 	0.103078 	1.922401 	1.826369 	0.675463 	2.933428 	2.955186 	4.173278 	2.000156 	3.822385 	2.851535 	3.806737 	2.964899 	4.175673 	2.198010 	0.230489 	0.608276 	0.250000 	2.963317 	2.918154 	3.896553 	2.026080 	2.940451 	4.195906 	0.781425 	3.982461 	0.254951 	
1.759616 	0.738664 	1.171804 	0.811249 	0.790569 	1.844078 	0.645174 	0.910014 	0.182003 	0.090139 	1.892254 	1.669019 	1.786757 	1.865811 	0.800391 	0.726722 	0.050000 	1.009022 	1.187697 	1.811249 	9.000000 	1.913766 	0.111803 	0.035355 	1.187697 	1.184536 	1.202601 	2.611154 	0.200000 	2.185463 	1.081954 	2.165208 	1.204159 	2.594345 	0.388104 	1.744276 	1.317431 	2.025617 	1.190850 	1.140175 	2.250000 	0.261008 	1.160011 	2.600240 	1.175266 	2.340005 	1.867652 	
3.361733 	2.483068 	2.939919 	2.611154 	2.598557 	0.152069 	2.472094 	2.722705 	2.025617 	1.894235 	3.378702 	3.199707 	3.323402 	3.394297 	2.629757 	2.572086 	1.866815 	2.843524 	3.005516 	0.103078 	1.913766 	9.000000 	2.024846 	1.929054 	0.776611 	3.032841 	3.054709 	4.263288 	2.102974 	3.916152 	2.951800 	3.900721 	3.064719 	4.266512 	2.300679 	0.291548 	0.704006 	0.182003 	3.063597 	3.018692 	3.990614 	2.129114 	3.041073 	4.287336 	0.878208 	4.076227 	0.270416 	
1.676678 	0.656220 	1.076162 	0.716327 	0.694622 	1.954002 	0.548862 	0.811249 	0.134629 	0.152069 	1.819512 	1.594718 	1.710263 	1.789204 	0.700446 	0.625000 	0.158114 	0.905883 	1.085415 	1.922401 	0.111803 	2.024846 	9.000000 	0.106066 	1.299279 	1.078483 	1.096016 	2.518060 	0.111803 	2.087163 	0.973717 	2.066549 	1.096586 	2.499625 	0.279509 	1.856071 	1.428504 	2.137317 	1.081954 	1.030776 	2.150581 	0.195256 	1.050297 	2.504246 	1.285010 	2.240675 	1.979425 	
1.773415 	0.752080 	1.179248 	0.818917 	0.797653 	1.861619 	0.651920 	0.915492 	0.201556 	0.125000 	1.910007 	1.686157 	1.803122 	1.882153 	0.805062 	0.730154 	0.079057 	1.011496 	1.190850 	1.826369 	0.035355 	1.929054 	0.106066 	9.000000 	1.197132 	1.184536 	1.202081 	2.620234 	0.176777 	2.191461 	1.079641 	2.170973 	1.202601 	2.602523 	0.371652 	1.755349 	1.325000 	2.038535 	1.187697 	1.136332 	2.255271 	0.230489 	1.155692 	2.607681 	1.180042 	2.345341 	1.878330 	
2.800112 	1.838818 	2.299185 	1.949679 	1.933423 	0.756637 	1.796003 	2.058215 	1.325236 	1.185854 	2.864655 	2.662705 	2.787584 	2.863673 	1.956080 	1.890106 	1.144825 	2.170829 	2.343075 	0.675463 	1.187697 	0.776611 	1.299279 	1.197132 	9.000000 	2.355048 	2.375000 	3.693914 	1.364047 	3.306150 	2.261084 	3.288237 	2.380257 	3.687818 	1.565248 	0.561805 	0.145774 	0.855132 	2.371708 	2.322849 	3.376481 	1.378858 	2.343608 	3.701773 	0.160078 	3.465003 	0.682825 	
0.818917 	0.570088 	0.250000 	0.427200 	0.436606 	2.940451 	0.561805 	0.316228 	1.030776 	1.171538 	1.059481 	0.860959 	0.925000 	0.989002 	0.403113 	0.465027 	1.220912 	0.190394 	0.106066 	2.933428 	1.184536 	3.032841 	1.078483 	1.184536 	2.355048 	9.000000 	0.025000 	1.502082 	1.050297 	1.040733 	0.127475 	1.017964 	0.055902 	1.471819 	0.866747 	2.898383 	2.490984 	3.164253 	0.106066 	0.134629 	1.095730 	1.081665 	0.145774 	1.467353 	2.356507 	1.185327 	3.023243 	
0.824621 	0.594243 	0.270416 	0.450694 	0.459619 	2.962790 	0.583095 	0.340037 	1.050297 	1.190850 	1.068001 	0.872138 	0.933408 	0.996243 	0.425000 	0.485412 	1.239455 	0.213600 	0.125000 	2.955186 	1.202601 	3.054709 	1.096016 	1.202081 	2.375000 	0.025000 	9.000000 	1.494365 	1.065950 	1.030776 	0.134629 	1.007782 	0.035355 	1.463087 	0.880696 	2.919118 	2.510602 	3.185612 	0.090139 	0.127475 	1.084551 	1.095730 	0.134629 	1.457738 	2.375395 	1.173936 	3.043949 	
0.901734 	1.879162 	1.442654 	1.801735 	1.823630 	4.143971 	1.969296 	1.710629 	2.435416 	2.573179 	0.928036 	1.070047 	0.950329 	0.887764 	1.822430 	1.900658 	2.636878 	1.634778 	1.457738 	4.173278 	2.611154 	4.263288 	2.518060 	2.620234 	3.693914 	1.502082 	1.494365 	9.000000 	2.515577 	0.477624 	1.628650 	0.502494 	1.511001 	0.070711 	2.350532 	4.191435 	3.838131 	4.419983 	1.552418 	1.607210 	0.450694 	2.561494 	1.600781 	0.125000 	3.730030 	0.382426 	4.314655 	
1.693000 	0.682367 	1.073837 	0.719809 	0.696419 	2.037308 	0.553399 	0.805062 	0.230489 	0.261008 	1.849493 	1.623461 	1.735655 	1.814180 	0.693271 	0.614919 	0.250000 	0.887764 	1.068001 	2.000156 	0.200000 	2.102974 	0.111803 	0.176777 	1.364047 	1.050297 	1.065950 	2.515577 	9.000000 	2.075151 	0.938416 	2.053807 	1.063015 	2.494118 	0.201556 	1.924188 	1.488497 	2.209779 	1.043132 	0.989950 	2.136001 	0.090139 	1.007782 	2.496247 	1.338376 	2.226123 	2.046491 	
0.618466 	1.469906 	1.015197 	1.375000 	1.395081 	3.805013 	1.540292 	1.275980 	2.015099 	2.155371 	0.776611 	0.818917 	0.728869 	0.700000 	1.386768 	1.463087 	2.215006 	1.187697 	1.007782 	3.822385 	2.185463 	3.916152 	2.087163 	2.191461 	3.306150 	1.040733 	1.030776 	0.477624 	2.075151 	9.000000 	1.165386 	0.025000 	1.044629 	0.436606 	1.901480 	3.822467 	3.448278 	4.065172 	1.083109 	1.138530 	0.079057 	2.114976 	1.130542 	0.427200 	3.330165 	0.160078 	3.946913 	
0.937083 	0.525595 	0.325960 	0.375832 	0.378319 	2.863564 	0.482830 	0.276134 	0.936082 	1.075291 	1.171004 	0.965660 	1.037123 	1.103687 	0.333542 	0.380789 	1.120547 	0.158114 	0.206155 	2.851535 	1.081954 	2.951800 	0.973717 	1.079641 	2.261084 	0.127475 	0.134629 	1.628650 	0.938416 	1.165386 	9.000000 	1.142366 	0.125000 	1.597655 	0.750000 	2.809026 	2.395047 	3.079164 	0.111803 	0.075000 	1.218862 	0.965013 	0.100000 	1.592365 	2.256795 	1.308148 	2.933641 	
0.612882 	1.451293 	0.995615 	1.355083 	1.375000 	3.790119 	1.520074 	1.255488 	1.995307 	2.135708 	0.778621 	0.813941 	0.726722 	0.700446 	1.366108 	1.442220 	2.195023 	1.166190 	0.986154 	3.806737 	2.165208 	3.900721 	2.066549 	2.170973 	3.288237 	1.017964 	1.007782 	0.502494 	2.053807 	0.025000 	1.142366 	9.000000 	1.021335 	0.460977 	1.879495 	3.805670 	3.430197 	4.049228 	1.059481 	1.114955 	0.090139 	2.093144 	1.106797 	0.450694 	3.311438 	0.176777 	3.930171 	
