Total assets = 580
Number of asset nodes = 34

Distance:
999.000000 	3.000000 	5.000000 	5.656854 	6.324555 	58.008621 	41.629318 	40.816662 	40.496914 	6.082763 	37.202152 	86.884979 	59.405388 	12.369317 	11.180340 	61.073727 	11.401754 	12.529964 	13.928389 	14.866069 	14.212670 	17.464249 	15.000000 	16.401220 	17.492855 	28.861740 	32.280025 	30.870699 	31.780497 	32.893768 	35.693138 	34.176014 	34.785053 	37.656342 	37.643059 	38.600517 	35.510563 	40.459858 	41.012192 	41.036568 	41.400482 	43.863426 	45.276924 	45.453274 	46.097721 	47.801674 	
3.000000 	999.000000 	4.000000 	4.123106 	3.605551 	56.302753 	44.384682 	43.416588 	43.046486 	9.055386 	39.661064 	86.313385 	57.688820 	12.000000 	10.198039 	59.203041 	9.848858 	11.401754 	13.152946 	14.142136 	12.041595 	17.029387 	13.416408 	14.764823 	16.155495 	28.284271 	31.575306 	29.732138 	30.675724 	32.015621 	35.227829 	33.241539 	33.955853 	37.215588 	36.878178 	37.854988 	33.015148 	38.209946 	38.948685 	38.897301 	39.051247 	41.868843 	43.139309 	43.185646 	43.863426 	45.453274 	
5.000000 	4.000000 	999.000000 	1.000000 	3.605551 	59.682495 	43.011627 	41.629318 	41.146080 	9.486833 	37.589893 	90.255196 	61.057350 	8.000000 	6.324555 	62.425957 	6.403124 	7.615773 	9.219544 	10.198039 	9.433981 	13.038404 	10.000000 	11.401754 	12.529964 	24.331051 	27.658634 	26.000000 	26.925823 	28.160255 	31.257000 	29.410883 	30.083218 	33.241539 	32.984844 	33.955853 	30.886890 	35.608986 	36.069378 	36.124783 	36.619667 	38.897301 	40.360870 	40.607880 	41.231056 	43.011627 	
5.656854 	4.123106 	1.000000 	999.000000 	2.828427 	59.169250 	43.965897 	42.544094 	42.047592 	10.440307 	38.470768 	90.094398 	60.539242 	8.062258 	6.082763 	61.854668 	5.830952 	7.280110 	9.055386 	10.049875 	8.602325 	13.000000 	9.433981 	10.816654 	12.083046 	24.186773 	27.459061 	25.632011 	26.570660 	27.892651 	31.144823 	29.120440 	29.832869 	33.136082 	32.756680 	33.734257 	30.016663 	34.828148 	35.355339 	35.383614 	35.805027 	38.209946 	39.623226 	39.824615 	40.459858 	42.201897 	
6.324555 	3.605551 	3.605551 	2.828427 	999.000000 	56.435802 	46.486557 	45.188496 	44.721359 	12.041595 	41.182522 	87.823685 	57.801384 	10.440307 	8.062258 	59.076221 	7.071068 	9.000000 	11.045361 	12.041595 	8.602325 	15.132746 	10.440307 	11.704700 	13.341664 	26.019224 	29.154760 	26.925823 	27.892651 	29.427877 	33.015148 	30.594116 	31.400637 	35.014282 	34.365681 	35.355339 	29.410883 	34.655445 	35.468296 	35.383614 	35.468296 	38.418747 	39.623226 	39.623226 	40.311287 	41.868843 	
58.008621 	56.302753 	59.682495 	59.169250 	56.435802 	999.000000 	96.332756 	96.876213 	96.876213 	62.481998 	94.111633 	41.231056 	1.414214 	66.648331 	63.953106 	5.000000 	62.169125 	64.404968 	66.640831 	67.542580 	60.539242 	70.682388 	64.078079 	64.621979 	66.850578 	79.711983 	81.908485 	77.884529 	78.847954 	81.320351 	86.330757 	82.006096 	83.240616 	88.232651 	86.127815 	87.091904 	66.121101 	73.061615 	76.164299 	75.106590 	72.006943 	79.101204 	78.006409 	76.006577 	77.006493 	76.105194 	
41.629318 	44.384682 	43.011627 	43.965897 	46.486557 	96.332756 	999.000000 	5.000000 	6.403124 	35.777088 	9.433981 	116.361504 	97.744568 	41.303753 	43.566040 	100.124924 	45.705578 	44.407207 	43.185646 	43.104523 	49.648766 	42.000000 	47.265209 	48.166378 	47.042534 	46.324940 	49.040798 	52.172791 	52.392746 	50.960770 	48.466484 	52.201534 	51.546097 	49.244289 	52.554733 	52.924473 	68.029404 	69.584480 	68.066147 	68.883957 	71.449280 	69.634758 	72.367119 	73.979729 	74.148499 	76.941536 	
40.816662 	43.416588 	41.629318 	42.544094 	45.188496 	96.876213 	5.000000 	999.000000 	1.414214 	35.227829 	5.099020 	118.511604 	98.290382 	39.051247 	41.484936 	100.498756 	43.680660 	42.201897 	40.792156 	40.607880 	47.539455 	39.204590 	44.911022 	45.705578 	44.407207 	42.579338 	45.122055 	48.507732 	48.662102 	47.074409 	44.271889 	48.270073 	47.539455 	44.944408 	48.383881 	48.703182 	65.030762 	66.189125 	64.498062 	65.375839 	68.117546 	65.924202 	68.731361 	70.455658 	70.576202 	73.437050 	
40.496914 	43.046486 	41.146080 	42.047592 	44.721359 	96.876213 	6.403124 	1.414214 	999.000000 	35.000000 	4.000000 	118.966385 	98.290382 	38.327538 	40.804413 	100.448990 	43.011627 	41.484936 	40.024994 	39.812057 	46.840153 	38.327538 	44.147480 	44.911022 	43.566040 	41.436699 	43.931767 	47.381432 	47.518417 	45.891174 	43.011627 	47.074409 	46.324940 	43.657761 	47.127487 	47.434166 	64.070274 	65.122963 	63.387695 	64.280632 	67.067131 	64.776543 	67.601776 	69.354164 	69.462219 	72.339478 	
6.082763 	9.055386 	9.486833 	10.440307 	12.041595 	62.481998 	35.777088 	35.227829 	35.000000 	999.000000 	31.890438 	89.286057 	63.890530 	14.212670 	14.212670 	65.795135 	15.264338 	15.620500 	16.278820 	17.029387 	18.788294 	18.867962 	18.601076 	20.000000 	20.518284 	29.966648 	33.541019 	33.015148 	33.837849 	34.481880 	36.400551 	35.846897 	36.235340 	38.275318 	38.910152 	39.812057 	40.249222 	44.654228 	44.821869 	45.000000 	45.793011 	47.507893 	49.203659 	49.648766 	50.219517 	52.153618 	
37.202152 	39.661064 	37.589893 	38.470768 	41.182522 	94.111633 	9.433981 	5.099020 	4.000000 	31.890438 	999.000000 	117.273186 	95.524864 	34.481880 	37.000000 	97.580734 	39.217342 	37.643059 	36.138622 	35.902645 	43.011627 	34.365681 	40.261642 	41.000000 	39.623226 	37.483330 	40.024994 	43.416588 	43.566040 	41.976185 	39.217342 	43.174065 	42.449970 	39.924931 	43.324360 	43.657761 	60.074955 	61.131008 	59.413803 	60.299255 	63.071388 	60.827625 	63.639610 	65.375839 	65.490456 	68.359344 	
86.884979 	86.313385 	90.255196 	90.094398 	87.823685 	41.231056 	116.361504 	118.511604 	118.966385 	89.286057 	117.273186 	999.000000 	40.718548 	98.152939 	95.885345 	43.416588 	94.641426 	96.747093 	98.858482 	99.849884 	94.260277 	102.956299 	97.416634 	98.325989 	100.404182 	113.534134 	116.348618 	113.110565 	114.109596 	116.211014 	120.503113 	117.153748 	118.207443 	122.494896 	121.202309 	122.200653 	104.690018 	111.758667 	114.529472 	113.635384 	111.018013 	117.613777 	116.965805 	115.260574 	116.249733 	115.741089 	
59.405388 	57.688820 	61.057350 	60.539242 	57.801384 	1.414214 	97.744568 	98.290382 	98.290382 	63.890530 	95.524864 	40.718548 	999.000000 	68.000000 	65.299309 	4.123106 	63.505905 	65.741920 	67.977936 	68.876701 	61.846584 	72.013885 	65.391129 	65.924202 	68.154236 	80.993828 	83.168503 	79.120163 	80.081207 	82.565125 	87.595665 	83.240616 	84.480766 	89.493019 	87.361320 	88.323273 	67.186310 	74.108032 	77.233414 	76.164299 	73.027390 	80.156097 	79.025314 	77.000000 	78.000000 	77.058418 	
12.369317 	12.000000 	8.000000 	8.062258 	10.440307 	66.648331 	41.303753 	39.051247 	38.327538 	14.212670 	34.481880 	98.152939 	68.000000 	999.000000 	2.828427 	69.115845 	5.000000 	3.162278 	2.236068 	2.828427 	8.544003 	5.099020 	6.000000 	7.071068 	6.708204 	16.492422 	19.924858 	18.867962 	19.723083 	20.615528 	23.345236 	21.931713 	22.472204 	25.317978 	25.298222 	26.248810 	27.892651 	31.304953 	31.064449 	31.384710 	32.695564 	33.600594 	35.510563 	36.235340 	36.715118 	38.910152 	
11.180340 	10.198039 	6.324555 	6.082763 	8.062258 	63.953106 	43.566040 	41.484936 	40.804413 	14.212670 	37.000000 	95.885345 	65.299309 	2.828427 	999.000000 	66.370171 	2.236068 	1.414214 	3.000000 	4.000000 	6.082763 	7.071068 	4.472136 	5.830952 	6.403124 	18.110771 	21.377558 	19.697716 	20.615528 	21.840330 	25.079872 	23.086792 	23.769728 	27.073973 	26.683329 	27.658634 	26.570660 	30.528675 	30.610456 	30.805843 	31.764761 	33.301651 	35.000000 	35.510563 	36.055511 	38.078865 	
61.073727 	59.203041 	62.425957 	61.854668 	59.076221 	5.000000 	100.124924 	100.498756 	100.448990 	65.795135 	97.580734 	43.416588 	4.123106 	69.115845 	66.370171 	999.000000 	64.498062 	66.730804 	68.963760 	69.835518 	62.609905 	72.945183 	66.189125 	66.640831 	68.876701 	81.541397 	83.570328 	79.378838 	80.324341 	82.873398 	88.022728 	83.486526 	84.758484 	89.888817 	87.595665 	88.543777 	66.610809 	73.437050 	76.655075 	75.538071 	72.249565 	79.511009 	78.230431 	76.105194 	77.103828 	76.006577 	
11.401754 	9.848858 	6.403124 	5.830952 	7.071068 	62.169125 	45.705578 	43.680660 	43.011627 	15.264338 	39.217342 	94.641426 	63.505905 	5.000000 	2.236068 	64.498062 	999.000000 	2.236068 	4.472136 	5.385165 	4.000000 	8.544003 	3.605551 	5.000000 	6.324555 	19.000000 	22.090721 	19.924858 	20.880613 	22.360680 	26.000000 	23.537205 	24.331051 	28.000000 	27.294687 	28.284271 	25.079872 	29.410883 	29.732138 	29.832869 	30.528675 	32.526913 	34.058773 	34.409302 	35.000000 	36.891735 	
12.529964 	11.401754 	7.615773 	7.280110 	9.000000 	64.404968 	44.407207 	42.201897 	41.484936 	15.620500 	37.643059 	96.747093 	65.741920 	3.162278 	1.414214 	66.730804 	2.236068 	999.000000 	2.236068 	3.162278 	5.385165 	6.324555 	3.162278 	4.472136 	5.000000 	17.029387 	20.223749 	18.384777 	19.313208 	20.615528 	24.020824 	21.840330 	22.561028 	26.019224 	25.495098 	26.476404 	25.298222 	29.154760 	29.206163 	29.410883 	30.413813 	31.890438 	33.600594 	34.132095 	34.669872 	36.715118 	
13.928389 	13.152946 	9.219544 	9.055386 	11.045361 	66.640831 	43.185646 	40.792156 	40.024994 	16.278820 	36.138622 	98.858482 	67.977936 	2.236068 	3.000000 	68.963760 	4.472136 	2.236068 	999.000000 	1.000000 	7.211102 	4.123106 	4.123106 	5.000000 	4.472136 	15.132746 	18.439089 	17.000000 	17.888544 	18.973665 	22.090721 	20.248457 	20.880613 	24.083189 	23.769728 	24.738634 	25.709921 	29.068884 	28.844410 	29.154760 	30.463093 	31.400637 	33.286633 	34.000000 	34.481880 	36.674240 	
14.866069 	14.142136 	10.198039 	10.049875 	12.041595 	67.542580 	43.104523 	40.607880 	39.812057 	17.029387 	35.902645 	99.849884 	68.876701 	2.828427 	4.000000 	69.835518 	5.385165 	3.162278 	1.000000 	999.000000 	7.810250 	3.162278 	4.472136 	5.099020 	4.123106 	14.142136 	17.464249 	16.124516 	17.000000 	18.027756 	21.095022 	19.313208 	19.924858 	23.086792 	22.803509 	23.769728 	25.495098 	28.635643 	28.301943 	28.653097 	30.083218 	30.805843 	32.756680 	33.541019 	34.000000 	36.249138 	
14.212670 	12.041595 	9.433981 	8.602325 	8.602325 	60.539242 	49.648766 	47.539455 	46.840153 	18.788294 	43.011627 	94.260277 	61.846584 	8.544003 	6.082763 	62.609905 	4.000000 	5.385165 	7.211102 	7.810250 	999.000000 	10.630146 	3.605551 	4.123106 	6.324555 	19.416489 	22.090721 	19.104973 	20.099751 	22.000000 	26.305893 	23.021729 	24.000000 	28.284271 	27.000000 	28.000000 	21.470911 	26.248810 	26.907248 	26.870058 	27.202942 	29.832869 	31.112698 	31.240999 	31.890438 	33.600594 	
17.464249 	17.029387 	13.038404 	13.000000 	15.132746 	70.682388 	42.000000 	39.204590 	38.327538 	18.867962 	34.365681 	102.956299 	72.013885 	5.099020 	7.071068 	72.945183 	8.544003 	6.324555 	4.123106 	3.162278 	10.630146 	999.000000 	7.071068 	7.211102 	5.385165 	11.401754 	14.866069 	14.212670 	15.000000 	15.652476 	18.248287 	17.000000 	17.464249 	20.223749 	20.248457 	21.189621 	26.076809 	28.460499 	27.730848 	28.231188 	30.083218 	30.016663 	32.202484 	33.241539 	33.615471 	36.055511 	
15.000000 	13.416408 	10.000000 	9.433981 	10.440307 	64.078079 	47.265209 	44.911022 	44.147480 	18.601076 	40.261642 	97.416634 	65.391129 	6.000000 	4.472136 	66.189125 	3.605551 	3.162278 	4.123106 	4.472136 	3.605551 	7.071068 	999.000000 	1.414214 	3.000000 	16.124516 	19.000000 	16.492422 	17.464249 	19.104973 	23.086792 	20.223749 	21.095022 	25.079872 	24.083189 	25.079872 	22.135944 	26.076809 	26.248810 	26.400757 	27.294687 	29.000000 	30.610456 	31.064449 	31.622776 	33.615471 	
16.401220 	14.764823 	11.401754 	10.816654 	11.704700 	64.621979 	48.166378 	45.705578 	44.911022 	20.000000 	41.000000 	98.325989 	65.924202 	7.071068 	5.830952 	66.640831 	5.000000 	4.472136 	5.000000 	5.099020 	4.123106 	7.211102 	1.414214 	999.000000 	2.236068 	15.297058 	18.027756 	15.297058 	16.278820 	18.027756 	22.203604 	19.104973 	20.024984 	24.186773 	23.021729 	24.020824 	20.880613 	24.698177 	24.839485 	25.000000 	25.942244 	27.586229 	29.206163 	29.681644 	30.232433 	32.249031 	
17.492855 	16.155495 	12.529964 	12.083046 	13.341664 	66.850578 	47.042534 	44.407207 	43.566040 	20.518284 	39.623226 	100.404182 	68.154236 	6.708204 	6.403124 	68.876701 	6.324555 	5.000000 	4.472136 	4.123106 	6.324555 	5.385165 	3.000000 	2.236068 	999.000000 	13.152946 	16.000000 	13.601471 	14.560220 	16.124516 	20.099751 	17.262676 	18.110771 	22.090721 	21.095022 	22.090721 	21.377558 	24.596748 	24.413111 	24.698177 	26.000000 	27.018513 	28.844410 	29.529646 	30.016663 	32.202484 	
28.861740 	28.284271 	24.331051 	24.186773 	26.019224 	79.711983 	46.324940 	42.579338 	41.436699 	29.966648 	37.483330 	113.534134 	80.993828 	16.492422 	18.110771 	81.541397 	19.000000 	17.029387 	15.132746 	14.142136 	19.416489 	11.401754 	16.124516 	15.297058 	13.152946 	999.000000 	3.605551 	6.000000 	6.082763 	5.000000 	7.000000 	6.403124 	6.403124 	9.000000 	8.944272 	9.848858 	24.698177 	24.083189 	22.022715 	23.000000 	26.172504 	23.345236 	26.172504 	28.017851 	28.071337 	31.016125 	
32.280025 	31.575306 	27.658634 	27.459061 	29.154760 	81.908485 	49.040798 	45.122055 	43.931767 	33.541019 	40.024994 	116.348618 	83.168503 	19.924858 	21.377558 	83.570328 	22.090721 	20.223749 	18.439089 	17.464249 	22.090721 	14.866069 	19.000000 	18.027756 	16.000000 	3.605551 	999.000000 	5.000000 	4.472136 	2.000000 	4.472136 	3.162278 	2.828427 	6.324555 	5.385165 	6.324555 	24.186773 	22.561028 	20.099751 	21.213203 	24.738634 	21.023796 	24.000000 	26.076809 	26.019224 	29.068884 	
30.870699 	29.732138 	26.000000 	25.632011 	26.925823 	77.884529 	52.172791 	48.507732 	47.381432 	33.015148 	43.416588 	113.110565 	79.120163 	18.867962 	19.697716 	79.378838 	19.924858 	18.384777 	17.000000 	16.124516 	19.104973 	14.212670 	16.492422 	15.297058 	13.601471 	6.000000 	5.000000 	999.000000 	1.000000 	3.605551 	9.219544 	4.123106 	5.385165 	10.816654 	8.246211 	9.219544 	19.235384 	18.110771 	16.031219 	17.000000 	20.223749 	17.464249 	20.223749 	22.022715 	22.090721 	25.019993 	
31.780497 	30.675724 	26.925823 	26.570660 	27.892651 	78.847954 	52.392746 	48.662102 	47.518417 	33.837849 	43.566040 	114.109596 	80.081207 	19.723083 	20.615528 	80.324341 	20.880613 	19.313208 	17.888544 	17.000000 	20.099751 	15.000000 	17.464249 	16.278820 	14.560220 	6.082763 	4.472136 	1.000000 	999.000000 	2.828427 	8.485281 	3.162278 	4.472136 	10.000000 	7.280110 	8.246211 	19.723083 	18.248287 	16.000000 	17.029387 	20.396078 	17.262676 	20.099751 	22.000000 	22.022715 	25.000000 	
32.893768 	32.015621 	28.160255 	27.892651 	29.427877 	81.320351 	50.960770 	47.074409 	45.891174 	34.481880 	41.976185 	116.211014 	82.565125 	20.615528 	21.840330 	82.873398 	22.360680 	20.615528 	18.973665 	18.027756 	22.000000 	15.652476 	19.104973 	18.027756 	16.124516 	5.000000 	2.000000 	3.605551 	2.828427 	999.000000 	5.656854 	1.414214 	2.000000 	7.211102 	5.000000 	6.000000 	22.472204 	20.615528 	18.110771 	19.235384 	22.803509 	19.026299 	22.000000 	24.083189 	24.020824 	27.073973 	
35.693138 	35.227829 	31.257000 	31.144823 	33.015148 	86.330757 	48.466484 	44.271889 	43.011627 	36.400551 	39.217342 	120.503113 	87.595665 	23.345236 	25.079872 	88.022728 	26.000000 	24.020824 	22.090721 	21.095022 	26.305893 	18.248287 	23.086792 	22.203604 	20.099751 	7.000000 	4.472136 	9.219544 	8.485281 	5.656854 	999.000000 	5.830952 	4.472136 	2.000000 	4.123106 	4.472136 	28.017851 	25.632011 	22.803509 	24.041630 	27.856777 	23.194826 	26.305893 	28.635643 	28.442924 	31.575306 	
34.176014 	33.241539 	29.410883 	29.120440 	30.594116 	82.006096 	52.201534 	48.270073 	47.074409 	35.846897 	43.174065 	117.153748 	83.240616 	21.931713 	23.086792 	83.486526 	23.537205 	21.840330 	20.248457 	19.313208 	23.021729 	17.000000 	20.223749 	19.104973 	17.262676 	6.403124 	3.162278 	4.123106 	3.162278 	1.414214 	5.830952 	999.000000 	1.414214 	7.071068 	4.123106 	5.099020 	22.203604 	19.924858 	17.262676 	18.439089 	22.135944 	18.000000 	21.023796 	23.194826 	23.086792 	26.172504 	
34.785053 	33.955853 	30.083218 	29.832869 	31.400637 	83.240616 	51.546097 	47.539455 	46.324940 	36.235340 	42.449970 	118.207443 	84.480766 	22.472204 	23.769728 	84.758484 	24.331051 	22.561028 	20.880613 	19.924858 	24.000000 	17.464249 	21.095022 	20.024984 	18.110771 	6.403124 	2.828427 	5.385165 	4.472136 	2.000000 	4.472136 	1.414214 	999.000000 	5.656854 	3.000000 	4.000000 	23.600847 	21.189621 	18.439089 	19.646883 	23.409399 	19.026299 	22.090721 	24.331051 	24.186773 	27.294687 	
37.656342 	37.215588 	33.241539 	33.136082 	35.014282 	88.232651 	49.244289 	44.944408 	43.657761 	38.275318 	39.924931 	122.494896 	89.493019 	25.317978 	27.073973 	89.888817 	28.000000 	26.019224 	24.083189 	23.086792 	28.284271 	20.223749 	25.079872 	24.186773 	22.090721 	9.000000 	6.324555 	10.816654 	10.000000 	7.211102 	2.000000 	7.071068 	5.656854 	999.000000 	4.123106 	4.000000 	29.206163 	26.400757 	23.409399 	24.698177 	28.635643 	23.537205 	26.683329 	29.120440 	28.861740 	32.015621 	
37.643059 	36.878178 	32.984844 	32.756680 	34.365681 	86.127815 	52.554733 	48.383881 	47.127487 	38.910152 	43.324360 	121.202309 	87.361320 	25.298222 	26.683329 	87.595665 	27.294687 	25.495098 	23.769728 	22.803509 	27.000000 	20.248457 	24.083189 	23.021729 	21.095022 	8.944272 	5.385165 	8.246211 	7.280110 	5.000000 	4.123106 	4.123106 	3.000000 	4.123106 	999.000000 	1.000000 	25.495098 	22.360680 	19.313208 	20.615528 	24.596748 	19.416489 	22.561028 	25.000000 	24.738634 	27.892651 	
38.600517 	37.854988 	33.955853 	33.734257 	35.355339 	87.091904 	52.924473 	48.703182 	47.434166 	39.812057 	43.657761 	122.200653 	88.323273 	26.248810 	27.658634 	88.543777 	28.284271 	26.476404 	24.738634 	23.769728 	28.000000 	21.189621 	25.079872 	24.020824 	22.090721 	9.848858 	6.324555 	9.219544 	8.246211 	6.000000 	4.472136 	5.099020 	4.000000 	4.000000 	1.000000 	999.000000 	26.172504 	22.825424 	19.697716 	21.023796 	25.059929 	19.646883 	22.803509 	25.298222 	25.000000 	28.160255 	
35.510563 	33.015148 	30.886890 	30.016663 	29.410883 	66.121101 	68.029404 	65.030762 	64.070274 	40.249222 	60.074955 	104.690018 	67.186310 	27.892651 	26.570660 	66.610809 	25.079872 	25.298222 	25.709921 	25.495098 	21.470911 	26.076809 	22.135944 	20.880613 	21.377558 	24.698177 	24.186773 	19.235384 	19.723083 	22.472204 	28.017851 	22.203604 	23.600847 	29.206163 	25.495098 	26.172504 	999.000000 	7.071068 	10.049875 	9.000000 	6.708204 	13.000000 	12.369317 	11.180340 	12.083046 	12.806249 	
40.459858 	38.209946 	35.608986 	34.828148 	34.655445 	73.061615 	69.584480 	66.189125 	65.122963 	44.654228 	61.131008 	111.758667 	74.108032 	31.304953 	30.528675 	73.437050 	29.410883 	29.154760 	29.068884 	28.635643 	26.248810 	28.460499 	26.076809 	24.698177 	24.596748 	24.083189 	22.561028 	18.110771 	18.248287 	20.615528 	25.632011 	19.924858 	21.189621 	26.400757 	22.360680 	22.825424 	7.071068 	999.000000 	3.605551 	2.236068 	2.236068 	6.082763 	5.385165 	5.000000 	5.656854 	7.615773 	
41.012192 	38.948685 	36.069378 	35.355339 	35.468296 	76.164299 	68.066147 	64.498062 	63.387695 	44.821869 	59.413803 	114.529472 	77.233414 	31.064449 	30.610456 	76.655075 	29.732138 	29.206163 	28.844410 	28.301943 	26.907248 	27.730848 	26.248810 	24.839485 	24.413111 	22.022715 	20.099751 	16.031219 	16.000000 	18.110771 	22.803509 	17.262676 	18.439089 	23.409399 	19.313208 	19.697716 	10.049875 	3.605551 	999.000000 	1.414214 	5.656854 	3.162278 	4.472136 	6.000000 	6.082763 	9.000000 	
41.036568 	38.897301 	36.124783 	35.383614 	35.383614 	75.106590 	68.883957 	65.375839 	64.280632 	45.000000 	60.299255 	113.635384 	76.164299 	31.384710 	30.805843 	75.538071 	29.832869 	29.410883 	29.154760 	28.653097 	26.870058 	28.231188 	26.400757 	25.000000 	24.698177 	23.000000 	21.213203 	17.000000 	17.029387 	19.235384 	24.041630 	18.439089 	19.646883 	24.698177 	20.615528 	21.023796 	9.000000 	2.236068 	1.414214 	999.000000 	4.242640 	4.000000 	4.242640 	5.099020 	5.385165 	8.062258 	
41.400482 	39.051247 	36.619667 	35.805027 	35.468296 	72.006943 	71.449280 	68.117546 	67.067131 	45.793011 	63.071388 	111.018013 	73.027390 	32.695564 	31.764761 	72.249565 	30.528675 	30.413813 	30.463093 	30.083218 	27.202942 	30.083218 	27.294687 	25.942244 	26.000000 	26.172504 	24.738634 	20.223749 	20.396078 	22.803509 	27.856777 	22.135944 	23.409399 	28.635643 	24.596748 	25.059929 	6.708204 	2.236068 	5.656854 	4.242640 	999.000000 	7.615773 	6.000000 	4.472136 	5.385165 	6.403124 	
43.863426 	41.868843 	38.897301 	38.209946 	38.418747 	79.101204 	69.634758 	65.924202 	64.776543 	47.507893 	60.827625 	117.613777 	80.156097 	33.600594 	33.301651 	79.511009 	32.526913 	31.890438 	31.400637 	30.805843 	29.832869 	30.016663 	29.000000 	27.586229 	27.018513 	23.345236 	21.023796 	17.464249 	17.262676 	19.026299 	23.194826 	18.000000 	19.026299 	23.537205 	19.416489 	19.646883 	13.000000 	6.082763 	3.162278 	4.000000 	7.615773 	999.000000 	3.162278 	5.830952 	5.385165 	8.544003 	
45.276924 	43.139309 	40.360870 	39.623226 	39.623226 	78.006409 	72.367119 	68.731361 	67.601776 	49.203659 	63.639610 	116.965805 	79.025314 	35.510563 	35.000000 	78.230431 	34.058773 	33.600594 	33.286633 	32.756680 	31.112698 	32.202484 	30.610456 	29.206163 	28.844410 	26.172504 	24.000000 	20.223749 	20.099751 	22.000000 	26.305893 	21.023796 	22.090721 	26.683329 	22.561028 	22.803509 	12.369317 	5.385165 	4.472136 	4.242640 	6.000000 	3.162278 	999.000000 	2.828427 	2.236068 	5.385165 	
45.453274 	43.185646 	40.607880 	39.824615 	39.623226 	76.006577 	73.979729 	70.455658 	69.354164 	49.648766 	65.375839 	115.260574 	77.000000 	36.235340 	35.510563 	76.105194 	34.409302 	34.132095 	34.000000 	33.541019 	31.240999 	33.241539 	31.064449 	29.681644 	29.529646 	28.017851 	26.076809 	22.022715 	22.000000 	24.083189 	28.635643 	23.194826 	24.331051 	29.120440 	25.000000 	25.298222 	11.180340 	5.000000 	6.000000 	5.099020 	4.472136 	5.830952 	2.828427 	999.000000 	1.000000 	3.000000 	
46.097721 	43.863426 	41.231056 	40.459858 	40.311287 	77.006493 	74.148499 	70.576202 	69.462219 	50.219517 	65.490456 	116.249733 	78.000000 	36.715118 	36.055511 	77.103828 	35.000000 	34.669872 	34.481880 	34.000000 	31.890438 	33.615471 	31.622776 	30.232433 	30.016663 	28.071337 	26.019224 	22.090721 	22.022715 	24.020824 	28.442924 	23.086792 	24.186773 	28.861740 	24.738634 	25.000000 	12.083046 	5.656854 	6.082763 	5.385165 	5.385165 	5.385165 	2.236068 	1.000000 	999.000000 	3.162278 	
47.801674 	45.453274 	43.011627 	42.201897 	41.868843 	76.105194 	76.941536 	73.437050 	72.339478 	52.153618 	68.359344 	115.741089 	77.058418 	38.910152 	38.078865 	76.006577 	36.891735 	36.715118 	36.674240 	36.249138 	33.600594 	36.055511 	33.615471 	32.249031 	32.202484 	31.016125 	29.068884 	25.019993 	25.000000 	27.073973 	31.575306 	26.172504 	27.294687 	32.015621 	27.892651 	28.160255 	12.806249 	7.615773 	9.000000 	8.062258 	6.403124 	8.544003 	5.385165 	3.000000 	3.162278 	999.000000 	

Travel time:
9.000000 	0.075000 	0.125000 	0.141421 	0.158114 	1.450216 	1.040733 	1.020416 	1.012423 	0.152069 	0.930054 	2.172124 	1.485135 	0.309233 	0.279509 	1.526843 	0.285044 	0.313249 	0.348210 	0.371652 	0.355317 	0.436606 	0.375000 	0.410031 	0.437321 	0.721543 	0.807001 	0.771767 	0.794512 	0.822344 	0.892328 	0.854400 	0.869626 	0.941409 	0.941076 	0.965013 	0.887764 	1.011496 	1.025305 	1.025914 	1.035012 	1.096586 	1.131923 	1.136332 	1.152443 	1.195042 	
0.075000 	9.000000 	0.100000 	0.103078 	0.090139 	1.407569 	1.109617 	1.085415 	1.076162 	0.226385 	0.991527 	2.157835 	1.442220 	0.300000 	0.254951 	1.480076 	0.246221 	0.285044 	0.328824 	0.353553 	0.301040 	0.425735 	0.335410 	0.369121 	0.403887 	0.707107 	0.789383 	0.743303 	0.766893 	0.800391 	0.880696 	0.831038 	0.848896 	0.930390 	0.921954 	0.946375 	0.825379 	0.955249 	0.973717 	0.972432 	0.976281 	1.046721 	1.078483 	1.079641 	1.096586 	1.136332 	
0.125000 	0.100000 	9.000000 	0.025000 	0.090139 	1.492062 	1.075291 	1.040733 	1.028652 	0.237171 	0.939747 	2.256380 	1.526434 	0.200000 	0.158114 	1.560649 	0.160078 	0.190394 	0.230489 	0.254951 	0.235850 	0.325960 	0.250000 	0.285044 	0.313249 	0.608276 	0.691466 	0.650000 	0.673146 	0.704006 	0.781425 	0.735272 	0.752080 	0.831038 	0.824621 	0.848896 	0.772172 	0.890225 	0.901734 	0.903120 	0.915492 	0.972432 	1.009022 	1.015197 	1.030776 	1.075291 	
0.141421 	0.103078 	0.025000 	9.000000 	0.070711 	1.479231 	1.099147 	1.063602 	1.051190 	0.261008 	0.961769 	2.252360 	1.513481 	0.201556 	0.152069 	1.546367 	0.145774 	0.182003 	0.226385 	0.251247 	0.215058 	0.325000 	0.235850 	0.270416 	0.302076 	0.604669 	0.686477 	0.640800 	0.664266 	0.697316 	0.778621 	0.728011 	0.745822 	0.828402 	0.818917 	0.843356 	0.750417 	0.870704 	0.883883 	0.884590 	0.895126 	0.955249 	0.990581 	0.995615 	1.011496 	1.055047 	
0.158114 	0.090139 	0.090139 	0.070711 	9.000000 	1.410895 	1.162164 	1.129712 	1.118034 	0.301040 	1.029563 	2.195592 	1.445035 	0.261008 	0.201556 	1.476906 	0.176777 	0.225000 	0.276134 	0.301040 	0.215058 	0.378319 	0.261008 	0.292617 	0.333542 	0.650481 	0.728869 	0.673146 	0.697316 	0.735697 	0.825379 	0.764853 	0.785016 	0.875357 	0.859142 	0.883883 	0.735272 	0.866386 	0.886707 	0.884590 	0.886707 	0.960469 	0.990581 	0.990581 	1.007782 	1.046721 	
1.450216 	1.407569 	1.492062 	1.479231 	1.410895 	9.000000 	2.408319 	2.421905 	2.421905 	1.562050 	2.352791 	1.030776 	0.035355 	1.666208 	1.598828 	0.125000 	1.554228 	1.610124 	1.666021 	1.688565 	1.513481 	1.767060 	1.601952 	1.615549 	1.671264 	1.992800 	2.047712 	1.947113 	1.971199 	2.033009 	2.158269 	2.050152 	2.081015 	2.205816 	2.153195 	2.177298 	1.653028 	1.826540 	1.904107 	1.877665 	1.800174 	1.977530 	1.950160 	1.900164 	1.925162 	1.902630 	
1.040733 	1.109617 	1.075291 	1.099147 	1.162164 	2.408319 	9.000000 	0.125000 	0.160078 	0.894427 	0.235850 	2.909038 	2.443614 	1.032594 	1.089151 	2.503123 	1.142639 	1.110180 	1.079641 	1.077613 	1.241219 	1.050000 	1.181630 	1.204159 	1.176063 	1.158123 	1.226020 	1.304320 	1.309819 	1.274019 	1.211662 	1.305038 	1.288652 	1.231107 	1.313868 	1.323112 	1.700735 	1.739612 	1.701654 	1.722099 	1.786232 	1.740869 	1.809178 	1.849493 	1.853712 	1.923538 	
1.020416 	1.085415 	1.040733 	1.063602 	1.129712 	2.421905 	0.125000 	9.000000 	0.035355 	0.880696 	0.127475 	2.962790 	2.457260 	0.976281 	1.037123 	2.512469 	1.092016 	1.055047 	1.019804 	1.015197 	1.188486 	0.980115 	1.122776 	1.142639 	1.110180 	1.064483 	1.128051 	1.212693 	1.216552 	1.176860 	1.106797 	1.206752 	1.188486 	1.123610 	1.209597 	1.217580 	1.625769 	1.654728 	1.612452 	1.634396 	1.702939 	1.648105 	1.718284 	1.761391 	1.764405 	1.835926 	
1.012423 	1.076162 	1.028652 	1.051190 	1.118034 	2.421905 	0.160078 	0.035355 	9.000000 	0.875000 	0.100000 	2.974160 	2.457260 	0.958188 	1.020110 	2.511225 	1.075291 	1.037123 	1.000625 	0.995301 	1.171004 	0.958188 	1.103687 	1.122776 	1.089151 	1.035918 	1.098294 	1.184536 	1.187960 	1.147279 	1.075291 	1.176860 	1.158123 	1.091444 	1.178187 	1.185854 	1.601757 	1.628074 	1.584692 	1.607016 	1.676678 	1.619414 	1.690044 	1.733854 	1.736555 	1.808487 	
0.152069 	0.226385 	0.237171 	0.261008 	0.301040 	1.562050 	0.894427 	0.880696 	0.875000 	9.000000 	0.797261 	2.232152 	1.597263 	0.355317 	0.355317 	1.644878 	0.381608 	0.390512 	0.406971 	0.425735 	0.469707 	0.471699 	0.465027 	0.500000 	0.512957 	0.749166 	0.838525 	0.825379 	0.845946 	0.862047 	0.910014 	0.896172 	0.905883 	0.956883 	0.972754 	0.995301 	1.006231 	1.116356 	1.120547 	1.125000 	1.144825 	1.187697 	1.230091 	1.241219 	1.255488 	1.303840 	
0.930054 	0.991527 	0.939747 	0.961769 	1.029563 	2.352791 	0.235850 	0.127475 	0.100000 	0.797261 	9.000000 	2.931830 	2.388122 	0.862047 	0.925000 	2.439518 	0.980434 	0.941076 	0.903466 	0.897566 	1.075291 	0.859142 	1.006541 	1.025000 	0.990581 	0.937083 	1.000625 	1.085415 	1.089151 	1.049405 	0.980434 	1.079352 	1.061249 	0.998123 	1.083109 	1.091444 	1.501874 	1.528275 	1.485345 	1.507481 	1.576785 	1.520691 	1.590990 	1.634396 	1.637261 	1.708984 	
2.172124 	2.157835 	2.256380 	2.252360 	2.195592 	1.030776 	2.909038 	2.962790 	2.974160 	2.232152 	2.931830 	9.000000 	1.017964 	2.453824 	2.397134 	1.085415 	2.366036 	2.418677 	2.471462 	2.496247 	2.356507 	2.573907 	2.435416 	2.458150 	2.510105 	2.838353 	2.908715 	2.827764 	2.852740 	2.905275 	3.012578 	2.928844 	2.955186 	3.062372 	3.030058 	3.055016 	2.617250 	2.793967 	2.863237 	2.840885 	2.775450 	2.940344 	2.924145 	2.881514 	2.906243 	2.893527 	
1.485135 	1.442220 	1.526434 	1.513481 	1.445035 	0.035355 	2.443614 	2.457260 	2.457260 	1.597263 	2.388122 	1.017964 	9.000000 	1.700000 	1.632483 	0.103078 	1.587648 	1.643548 	1.699448 	1.721918 	1.546165 	1.800347 	1.634778 	1.648105 	1.703856 	2.024846 	2.079213 	1.978004 	2.002030 	2.064128 	2.189892 	2.081015 	2.112019 	2.237325 	2.184033 	2.208082 	1.679658 	1.852701 	1.930835 	1.904107 	1.825685 	2.003902 	1.975633 	1.925000 	1.950000 	1.926461 	
0.309233 	0.300000 	0.200000 	0.201556 	0.261008 	1.666208 	1.032594 	0.976281 	0.958188 	0.355317 	0.862047 	2.453824 	1.700000 	9.000000 	0.070711 	1.727896 	0.125000 	0.079057 	0.055902 	0.070711 	0.213600 	0.127475 	0.150000 	0.176777 	0.167705 	0.412311 	0.498121 	0.471699 	0.493077 	0.515388 	0.583631 	0.548293 	0.561805 	0.632949 	0.632456 	0.656220 	0.697316 	0.782624 	0.776611 	0.784618 	0.817389 	0.840015 	0.887764 	0.905883 	0.917878 	0.972754 	
0.279509 	0.254951 	0.158114 	0.152069 	0.201556 	1.598828 	1.089151 	1.037123 	1.020110 	0.355317 	0.925000 	2.397134 	1.632483 	0.070711 	9.000000 	1.659254 	0.055902 	0.035355 	0.075000 	0.100000 	0.152069 	0.176777 	0.111803 	0.145774 	0.160078 	0.452769 	0.534439 	0.492443 	0.515388 	0.546008 	0.626997 	0.577170 	0.594243 	0.676849 	0.667083 	0.691466 	0.664266 	0.763217 	0.765261 	0.770146 	0.794119 	0.832541 	0.875000 	0.887764 	0.901388 	0.951972 	
1.526843 	1.480076 	1.560649 	1.546367 	1.476906 	0.125000 	2.503123 	2.512469 	2.511225 	1.644878 	2.439518 	1.085415 	0.103078 	1.727896 	1.659254 	9.000000 	1.612452 	1.668270 	1.724094 	1.745888 	1.565248 	1.823630 	1.654728 	1.666021 	1.721918 	2.038535 	2.089258 	1.984471 	2.008109 	2.071835 	2.200568 	2.087163 	2.118962 	2.247221 	2.189892 	2.213594 	1.665270 	1.835926 	1.916377 	1.888452 	1.806239 	1.987775 	1.955761 	1.902630 	1.927596 	1.900164 	
0.285044 	0.246221 	0.160078 	0.145774 	0.176777 	1.554228 	1.142639 	1.092016 	1.075291 	0.381608 	0.980434 	2.366036 	1.587648 	0.125000 	0.055902 	1.612452 	9.000000 	0.055902 	0.111803 	0.134629 	0.100000 	0.213600 	0.090139 	0.125000 	0.158114 	0.475000 	0.552268 	0.498121 	0.522015 	0.559017 	0.650000 	0.588430 	0.608276 	0.700000 	0.682367 	0.707107 	0.626997 	0.735272 	0.743303 	0.745822 	0.763217 	0.813173 	0.851469 	0.860233 	0.875000 	0.922293 	
0.313249 	0.285044 	0.190394 	0.182003 	0.225000 	1.610124 	1.110180 	1.055047 	1.037123 	0.390512 	0.941076 	2.418677 	1.643548 	0.079057 	0.035355 	1.668270 	0.055902 	9.000000 	0.055902 	0.079057 	0.134629 	0.158114 	0.079057 	0.111803 	0.125000 	0.425735 	0.505594 	0.459619 	0.482830 	0.515388 	0.600521 	0.546008 	0.564026 	0.650481 	0.637377 	0.661910 	0.632456 	0.728869 	0.730154 	0.735272 	0.760345 	0.797261 	0.840015 	0.853302 	0.866747 	0.917878 	
0.348210 	0.328824 	0.230489 	0.226385 	0.276134 	1.666021 	1.079641 	1.019804 	1.000625 	0.406971 	0.903466 	2.471462 	1.699448 	0.055902 	0.075000 	1.724094 	0.111803 	0.055902 	9.000000 	0.025000 	0.180278 	0.103078 	0.103078 	0.125000 	0.111803 	0.378319 	0.460977 	0.425000 	0.447214 	0.474342 	0.552268 	0.506211 	0.522015 	0.602080 	0.594243 	0.618466 	0.642748 	0.726722 	0.721110 	0.728869 	0.761577 	0.785016 	0.832166 	0.850000 	0.862047 	0.916856 	
0.371652 	0.353553 	0.254951 	0.251247 	0.301040 	1.688565 	1.077613 	1.015197 	0.995301 	0.425735 	0.897566 	2.496247 	1.721918 	0.070711 	0.100000 	1.745888 	0.134629 	0.079057 	0.025000 	9.000000 	0.195256 	0.079057 	0.111803 	0.127475 	0.103078 	0.353553 	0.436606 	0.403113 	0.425000 	0.450694 	0.527376 	0.482830 	0.498121 	0.577170 	0.570088 	0.594243 	0.637377 	0.715891 	0.707549 	0.716327 	0.752080 	0.770146 	0.818917 	0.838525 	0.850000 	0.906228 	
0.355317 	0.301040 	0.235850 	0.215058 	0.215058 	1.513481 	1.241219 	1.188486 	1.171004 	0.469707 	1.075291 	2.356507 	1.546165 	0.213600 	0.152069 	1.565248 	0.100000 	0.134629 	0.180278 	0.195256 	9.000000 	0.265754 	0.090139 	0.103078 	0.158114 	0.485412 	0.552268 	0.477624 	0.502494 	0.550000 	0.657647 	0.575543 	0.600000 	0.707107 	0.675000 	0.700000 	0.536773 	0.656220 	0.672681 	0.671751 	0.680074 	0.745822 	0.777817 	0.781025 	0.797261 	0.840015 	
0.436606 	0.425735 	0.325960 	0.325000 	0.378319 	1.767060 	1.050000 	0.980115 	0.958188 	0.471699 	0.859142 	2.573907 	1.800347 	0.127475 	0.176777 	1.823630 	0.213600 	0.158114 	0.103078 	0.079057 	0.265754 	9.000000 	0.176777 	0.180278 	0.134629 	0.285044 	0.371652 	0.355317 	0.375000 	0.391312 	0.456207 	0.425000 	0.436606 	0.505594 	0.506211 	0.529741 	0.651920 	0.711512 	0.693271 	0.705780 	0.752080 	0.750417 	0.805062 	0.831038 	0.840387 	0.901388 	
0.375000 	0.335410 	0.250000 	0.235850 	0.261008 	1.601952 	1.181630 	1.122776 	1.103687 	0.465027 	1.006541 	2.435416 	1.634778 	0.150000 	0.111803 	1.654728 	0.090139 	0.079057 	0.103078 	0.111803 	0.090139 	0.176777 	9.000000 	0.035355 	0.075000 	0.403113 	0.475000 	0.412311 	0.436606 	0.477624 	0.577170 	0.505594 	0.527376 	0.626997 	0.602080 	0.626997 	0.553399 	0.651920 	0.656220 	0.660019 	0.682367 	0.725000 	0.765261 	0.776611 	0.790569 	0.840387 	
0.410031 	0.369121 	0.285044 	0.270416 	0.292617 	1.615549 	1.204159 	1.142639 	1.122776 	0.500000 	1.025000 	2.458150 	1.648105 	0.176777 	0.145774 	1.666021 	0.125000 	0.111803 	0.125000 	0.127475 	0.103078 	0.180278 	0.035355 	9.000000 	0.055902 	0.382426 	0.450694 	0.382426 	0.406971 	0.450694 	0.555090 	0.477624 	0.500625 	0.604669 	0.575543 	0.600521 	0.522015 	0.617454 	0.620987 	0.625000 	0.648556 	0.689656 	0.730154 	0.742041 	0.755811 	0.806226 	
0.437321 	0.403887 	0.313249 	0.302076 	0.333542 	1.671264 	1.176063 	1.110180 	1.089151 	0.512957 	0.990581 	2.510105 	1.703856 	0.167705 	0.160078 	1.721918 	0.158114 	0.125000 	0.111803 	0.103078 	0.158114 	0.134629 	0.075000 	0.055902 	9.000000 	0.328824 	0.400000 	0.340037 	0.364006 	0.403113 	0.502494 	0.431567 	0.452769 	0.552268 	0.527376 	0.552268 	0.534439 	0.614919 	0.610328 	0.617454 	0.650000 	0.675463 	0.721110 	0.738241 	0.750417 	0.805062 	
0.721543 	0.707107 	0.608276 	0.604669 	0.650481 	1.992800 	1.158123 	1.064483 	1.035918 	0.749166 	0.937083 	2.838353 	2.024846 	0.412311 	0.452769 	2.038535 	0.475000 	0.425735 	0.378319 	0.353553 	0.485412 	0.285044 	0.403113 	0.382426 	0.328824 	9.000000 	0.090139 	0.150000 	0.152069 	0.125000 	0.175000 	0.160078 	0.160078 	0.225000 	0.223607 	0.246221 	0.617454 	0.602080 	0.550568 	0.575000 	0.654313 	0.583631 	0.654313 	0.700446 	0.701783 	0.775403 	
0.807001 	0.789383 	0.691466 	0.686477 	0.728869 	2.047712 	1.226020 	1.128051 	1.098294 	0.838525 	1.000625 	2.908715 	2.079213 	0.498121 	0.534439 	2.089258 	0.552268 	0.505594 	0.460977 	0.436606 	0.552268 	0.371652 	0.475000 	0.450694 	0.400000 	0.090139 	9.000000 	0.125000 	0.111803 	0.050000 	0.111803 	0.079057 	0.070711 	0.158114 	0.134629 	0.158114 	0.604669 	0.564026 	0.502494 	0.530330 	0.618466 	0.525595 	0.600000 	0.651920 	0.650481 	0.726722 	
0.771767 	0.743303 	0.650000 	0.640800 	0.673146 	1.947113 	1.304320 	1.212693 	1.184536 	0.825379 	1.085415 	2.827764 	1.978004 	0.471699 	0.492443 	1.984471 	0.498121 	0.459619 	0.425000 	0.403113 	0.477624 	0.355317 	0.412311 	0.382426 	0.340037 	0.150000 	0.125000 	9.000000 	0.025000 	0.090139 	0.230489 	0.103078 	0.134629 	0.270416 	0.206155 	0.230489 	0.480885 	0.452769 	0.400780 	0.425000 	0.505594 	0.436606 	0.505594 	0.550568 	0.552268 	0.625500 	
0.794512 	0.766893 	0.673146 	0.664266 	0.697316 	1.971199 	1.309819 	1.216552 	1.187960 	0.845946 	1.089151 	2.852740 	2.002030 	0.493077 	0.515388 	2.008109 	0.522015 	0.482830 	0.447214 	0.425000 	0.502494 	0.375000 	0.436606 	0.406971 	0.364006 	0.152069 	0.111803 	0.025000 	9.000000 	0.070711 	0.212132 	0.079057 	0.111803 	0.250000 	0.182003 	0.206155 	0.493077 	0.456207 	0.400000 	0.425735 	0.509902 	0.431567 	0.502494 	0.550000 	0.550568 	0.625000 	
0.822344 	0.800391 	0.704006 	0.697316 	0.735697 	2.033009 	1.274019 	1.176860 	1.147279 	0.862047 	1.049405 	2.905275 	2.064128 	0.515388 	0.546008 	2.071835 	0.559017 	0.515388 	0.474342 	0.450694 	0.550000 	0.391312 	0.477624 	0.450694 	0.403113 	0.125000 	0.050000 	0.090139 	0.070711 	9.000000 	0.141421 	0.035355 	0.050000 	0.180278 	0.125000 	0.150000 	0.561805 	0.515388 	0.452769 	0.480885 	0.570088 	0.475657 	0.550000 	0.602080 	0.600521 	0.676849 	
0.892328 	0.880696 	0.781425 	0.778621 	0.825379 	2.158269 	1.211662 	1.106797 	1.075291 	0.910014 	0.980434 	3.012578 	2.189892 	0.583631 	0.626997 	2.200568 	0.650000 	0.600521 	0.552268 	0.527376 	0.657647 	0.456207 	0.577170 	0.555090 	0.502494 	0.175000 	0.111803 	0.230489 	0.212132 	0.141421 	9.000000 	0.145774 	0.111803 	0.050000 	0.103078 	0.111803 	0.700446 	0.640800 	0.570088 	0.601041 	0.696419 	0.579871 	0.657647 	0.715891 	0.711073 	0.789383 	
0.854400 	0.831038 	0.735272 	0.728011 	0.764853 	2.050152 	1.305038 	1.206752 	1.176860 	0.896172 	1.079352 	2.928844 	2.081015 	0.548293 	0.577170 	2.087163 	0.588430 	0.546008 	0.506211 	0.482830 	0.575543 	0.425000 	0.505594 	0.477624 	0.431567 	0.160078 	0.079057 	0.103078 	0.079057 	0.035355 	0.145774 	9.000000 	0.035355 	0.176777 	0.103078 	0.127475 	0.555090 	0.498121 	0.431567 	0.460977 	0.553399 	0.450000 	0.525595 	0.579871 	0.577170 	0.654313 	
0.869626 	0.848896 	0.752080 	0.745822 	0.785016 	2.081015 	1.288652 	1.188486 	1.158123 	0.905883 	1.061249 	2.955186 	2.112019 	0.561805 	0.594243 	2.118962 	0.608276 	0.564026 	0.522015 	0.498121 	0.600000 	0.436606 	0.527376 	0.500625 	0.452769 	0.160078 	0.070711 	0.134629 	0.111803 	0.050000 	0.111803 	0.035355 	9.000000 	0.141421 	0.075000 	0.100000 	0.590021 	0.529741 	0.460977 	0.491172 	0.585235 	0.475657 	0.552268 	0.608276 	0.604669 	0.682367 	
0.941409 	0.930390 	0.831038 	0.828402 	0.875357 	2.205816 	1.231107 	1.123610 	1.091444 	0.956883 	0.998123 	3.062372 	2.237325 	0.632949 	0.676849 	2.247221 	0.700000 	0.650481 	0.602080 	0.577170 	0.707107 	0.505594 	0.626997 	0.604669 	0.552268 	0.225000 	0.158114 	0.270416 	0.250000 	0.180278 	0.050000 	0.176777 	0.141421 	9.000000 	0.103078 	0.100000 	0.730154 	0.660019 	0.585235 	0.617454 	0.715891 	0.588430 	0.667083 	0.728011 	0.721543 	0.800391 	
0.941076 	0.921954 	0.824621 	0.818917 	0.859142 	2.153195 	1.313868 	1.209597 	1.178187 	0.972754 	1.083109 	3.030058 	2.184033 	0.632456 	0.667083 	2.189892 	0.682367 	0.637377 	0.594243 	0.570088 	0.675000 	0.506211 	0.602080 	0.575543 	0.527376 	0.223607 	0.134629 	0.206155 	0.182003 	0.125000 	0.103078 	0.103078 	0.075000 	0.103078 	9.000000 	0.025000 	0.637377 	0.559017 	0.482830 	0.515388 	0.614919 	0.485412 	0.564026 	0.625000 	0.618466 	0.697316 	
0.965013 	0.946375 	0.848896 	0.843356 	0.883883 	2.177298 	1.323112 	1.217580 	1.185854 	0.995301 	1.091444 	3.055016 	2.208082 	0.656220 	0.691466 	2.213594 	0.707107 	0.661910 	0.618466 	0.594243 	0.700000 	0.529741 	0.626997 	0.600521 	0.552268 	0.246221 	0.158114 	0.230489 	0.206155 	0.150000 	0.111803 	0.127475 	0.100000 	0.100000 	0.025000 	9.000000 	0.654313 	0.570636 	0.492443 	0.525595 	0.626498 	0.491172 	0.570088 	0.632456 	0.625000 	0.704006 	
