Total assets = 570
Number of asset nodes = 33

Distance:
999.000000 	43.416588 	5.000000 	6.403124 	35.777088 	9.433981 	44.294468 	5.830952 	116.361504 	21.931713 	11.401754 	40.000000 	68.942001 	66.211784 	126.491104 	100.498756 	124.036285 	63.505905 	41.629318 	48.301140 	69.354164 	99.005051 	67.082039 	101.862656 	64.412735 	122.004097 	44.384682 	41.868843 	33.955853 	96.176918 	124.201447 	49.244289 	117.923706 	44.687805 	106.103722 	33.541019 	61.911228 	101.118744 	43.011627 	43.965897 	46.486557 	47.759815 	96.332756 	104.661362 	
43.416588 	999.000000 	43.840622 	43.863426 	11.180340 	41.231056 	7.810250 	43.046486 	78.160095 	21.954498 	32.449963 	83.408630 	111.507851 	108.908218 	85.866173 	58.008621 	83.186539 	106.329674 	10.770329 	10.295630 	112.004463 	56.222771 	109.931801 	59.203041 	107.377838 	80.622574 	12.206555 	85.276024 	19.026299 	53.150730 	82.855293 	13.038404 	76.006577 	88.090858 	63.411354 	21.023796 	105.118980 	58.137768 	15.652476 	16.124516 	15.620500 	15.556349 	53.037724 	61.619801 	
5.000000 	43.840622 	999.000000 	1.414214 	35.227829 	5.099020 	43.829212 	10.816654 	118.511604 	23.323807 	13.601471 	40.311287 	70.228203 	67.416618 	128.160049 	101.533249 	125.642349 	64.621979 	40.816662 	47.707443 	70.576202 	99.904953 	68.154236 	102.825096 	65.391129 	123.458496 	43.416588 	41.880783 	32.310989 	96.938126 	125.670204 	48.373547 	119.201508 	44.654228 	107.056061 	31.622776 	62.609905 	101.911728 	41.629318 	42.544094 	45.188496 	46.518814 	96.876213 	105.418213 	
6.403124 	43.863426 	1.414214 	999.000000 	35.000000 	4.000000 	43.600460 	12.206555 	118.966385 	23.706539 	14.317822 	40.706264 	70.837845 	68.007355 	128.471786 	101.671036 	125.936493 	65.192024 	40.496914 	47.434166 	71.168816 	100.004997 	68.709534 	102.941734 	65.924202 	123.709335 	43.046486 	42.190044 	31.780497 	97.000000 	125.924583 	48.020828 	119.402679 	44.944408 	107.168091 	31.016125 	63.071388 	101.980392 	41.146080 	42.047592 	44.721359 	46.065170 	96.876213 	105.475113 	
35.777088 	11.180340 	35.227829 	35.000000 	999.000000 	31.890438 	8.602325 	36.687874 	89.286057 	17.000000 	25.961510 	75.471848 	104.694794 	101.980392 	96.664368 	68.264191 	93.941475 	99.282425 	6.082763 	12.529964 	105.118980 	66.287254 	102.859123 	69.339745 	100.184830 	91.241440 	9.055386 	77.103828 	8.062258 	63.007935 	93.477272 	13.601471 	86.452301 	79.881165 	73.498299 	10.049875 	97.616600 	68.007355 	9.486833 	10.440307 	12.041595 	13.000000 	62.481998 	71.400284 	
9.433981 	41.231056 	5.099020 	4.000000 	31.890438 	999.000000 	40.459858 	14.866069 	117.273186 	22.135944 	14.035668 	44.283180 	74.632431 	71.784401 	126.400162 	99.201813 	123.822456 	68.949257 	37.202152 	44.204071 	74.946648 	97.452553 	72.449982 	100.424103 	69.641945 	121.490738 	39.661064 	45.650848 	28.178005 	94.366310 	123.713379 	44.654228 	117.068359 	48.373547 	104.637466 	27.313000 	66.708321 	99.357941 	37.589893 	38.470768 	41.182522 	42.544094 	94.111633 	102.825096 	
44.294468 	7.810250 	43.829212 	43.600460 	8.602325 	40.459858 	999.000000 	44.944408 	82.764725 	24.515301 	34.176014 	84.059502 	113.159180 	110.462662 	89.319649 	60.415230 	86.539009 	107.782188 	4.123106 	4.123106 	113.595772 	58.309521 	111.364265 	61.400326 	108.706024 	83.671982 	4.472136 	85.702972 	14.317822 	54.918121 	85.906929 	6.082763 	78.714676 	88.481636 	65.513359 	16.155495 	106.174385 	59.908264 	8.246211 	8.544003 	7.810250 	7.810250 	54.203320 	63.245552 	
5.830952 	43.046486 	10.816654 	12.206555 	36.687874 	14.866069 	44.944408 	999.000000 	113.534134 	21.095022 	10.770329 	41.012192 	68.476273 	65.863495 	124.201447 	99.005051 	121.823647 	63.285069 	42.720020 	49.040798 	68.963760 	97.672920 	66.887962 	100.448990 	64.350601 	119.970833 	45.607018 	43.185646 	36.124783 	95.015785 	122.147453 	50.289165 	116.103401 	46.010868 	104.690018 	36.013885 	62.201286 	99.904953 	44.721359 	45.705578 	48.052055 	49.244289 	95.425362 	103.479469 	
116.361504 	78.160095 	118.511604 	118.966385 	89.286057 	117.273186 	82.764725 	113.534134 	999.000000 	95.273293 	105.118980 	153.687988 	176.241318 	174.229736 	16.124516 	30.463093 	16.031219 	172.246918 	86.884979 	81.049370 	176.980225 	33.615471 	175.727066 	31.304953 	173.761337 	18.681541 	86.313385 	156.156967 	96.772926 	37.336308 	19.235384 	82.734512 	21.954498 	158.937088 	30.232433 	98.716766 	172.733902 	34.885529 	90.255196 	90.094398 	87.823685 	86.700638 	41.231056 	34.669872 	
21.931713 	21.954498 	23.323807 	23.706539 	17.000000 	22.135944 	24.515301 	21.095022 	95.273293 	999.000000 	10.630146 	61.717098 	89.554451 	86.954010 	104.847511 	78.568443 	102.342560 	84.380089 	23.021729 	28.635643 	90.049988 	77.077881 	87.982956 	79.931221 	85.440041 	100.209778 	26.019224 	63.702435 	19.697716 	74.276512 	102.415817 	30.265491 	96.046867 	66.528191 	84.172440 	20.591261 	83.234612 	79.208588 	26.172504 	27.166155 	29.017237 	30.000000 	74.518456 	82.758682 	
11.401754 	32.449963 	13.601471 	14.317822 	25.961510 	14.035668 	34.176014 	10.770329 	105.118980 	10.630146 	999.000000 	51.088158 	79.177017 	76.537575 	115.108643 	89.140335 	112.645462 	73.925636 	32.015621 	38.275318 	79.649231 	87.681244 	77.524193 	90.520714 	74.946648 	110.602890 	34.928497 	53.075417 	26.019224 	84.899940 	112.800713 	39.560081 	106.526993 	55.901699 	94.762863 	26.172504 	72.670486 	89.827614 	34.234486 	35.227829 	37.483330 	38.639359 	85.146935 	93.380943 	
40.000000 	83.408630 	40.311287 	40.706264 	75.471848 	44.283180 	84.059502 	41.012192 	153.687988 	61.717098 	51.088158 	999.000000 	31.257000 	28.284271 	164.924225 	140.014282 	162.606888 	25.317978 	81.123360 	87.982956 	31.400637 	138.657852 	28.635643 	141.449631 	25.709921 	160.863297 	83.725746 	3.000000 	72.449982 	135.948517 	163.027603 	88.684837 	157.079605 	5.385165 	145.691452 	71.589104 	22.472204 	140.858078 	81.841309 	82.734512 	85.422478 	86.769814 	136.235092 	144.422989 	
68.942001 	111.507851 	70.228203 	70.837845 	104.694794 	74.632431 	113.159180 	68.476273 	176.241318 	89.554451 	79.177017 	31.257000 	999.000000 	3.000000 	188.809433 	166.027100 	186.724396 	6.000000 	110.571243 	117.200684 	1.000000 	165.000000 	3.605551 	167.609665 	6.324555 	185.456192 	113.318138 	31.016125 	102.528046 	162.631485 	187.544662 	118.186295 	182.222397 	29.017237 	171.816757 	101.843018 	10.770329 	167.409683 	111.789978 	112.720894 	115.316956 	116.619041 	163.367691 	171.011688 	
66.211784 	108.908218 	67.416618 	68.007355 	101.980392 	71.784401 	110.462662 	65.863495 	174.229736 	86.954010 	76.537575 	28.284271 	3.000000 	999.000000 	186.676193 	163.670395 	184.567062 	3.000000 	107.837845 	114.494545 	3.162278 	162.609970 	2.000000 	165.239227 	3.605551 	183.251190 	110.571243 	28.017851 	99.724625 	160.206116 	185.348328 	115.451286 	179.961105 	26.019224 	169.452057 	99.020203 	8.062258 	165.000000 	109.004585 	109.931801 	112.538879 	113.846390 	160.897476 	168.600113 	
126.491104 	85.866173 	128.160049 	128.471786 	96.664368 	126.400162 	89.319649 	124.201447 	16.124516 	104.847511 	115.108643 	164.924225 	188.809433 	186.676193 	999.000000 	30.265491 	3.000000 	184.567062 	93.407707 	86.977005 	189.509888 	33.136082 	188.095718 	30.066593 	186.002686 	7.280110 	92.358002 	167.263260 	103.619499 	37.121422 	5.830952 	88.232651 	13.341664 	170.073517 	27.018513 	105.475113 	184.718704 	33.000000 	96.135323 	95.817535 	93.300591 	92.048897 	40.000000 	31.144823 	
100.498756 	58.008621 	101.533249 	101.671036 	68.264191 	99.201813 	60.415230 	99.005051 	30.463093 	78.568443 	89.140335 	140.014282 	166.027100 	163.670395 	30.265491 	999.000000 	27.294687 	161.335052 	64.412735 	57.697487 	166.643326 	3.162278 	164.924225 	2.000000 	162.606888 	23.769728 	63.071388 	142.130219 	74.706093 	7.071068 	25.961510 	58.694122 	18.384777 	144.958618 	5.830952 	76.478752 	160.863297 	5.000000 	66.708321 	66.309875 	63.694584 	62.393909 	10.770329 	7.071068 	
124.036285 	83.186539 	125.642349 	125.936493 	93.941475 	123.822456 	86.539009 	121.823647 	16.031219 	102.342560 	112.645462 	162.606888 	186.724396 	184.567062 	3.000000 	27.294687 	999.000000 	182.433548 	90.620087 	84.154617 	187.416641 	30.149628 	185.970428 	27.073973 	183.853195 	4.472136 	89.537704 	164.924225 	100.846420 	34.132095 	3.605551 	85.381500 	10.440307 	167.737885 	24.020824 	102.693718 	182.521225 	30.000000 	93.300591 	92.973114 	90.443352 	89.185204 	37.000000 	28.160255 	
63.505905 	106.329674 	64.621979 	65.192024 	99.282425 	68.949257 	107.782188 	63.285069 	172.246918 	84.380089 	73.925636 	25.317978 	6.000000 	3.000000 	184.567062 	161.335052 	182.433548 	999.000000 	105.118980 	111.803398 	6.082763 	160.240448 	3.605551 	162.889526 	2.000000 	181.069046 	107.837845 	25.019993 	96.932968 	157.800507 	183.174774 	112.729767 	177.721695 	23.021729 	167.107742 	96.208107 	5.656854 	162.609970 	106.230881 	107.154091 	109.772491 	111.085556 	158.445572 	166.207703 	
41.629318 	10.770329 	40.816662 	40.496914 	6.082763 	37.202152 	4.123106 	42.720020 	86.884979 	23.021729 	32.015621 	81.123360 	110.571243 	107.837845 	93.407707 	64.412735 	90.620087 	105.118980 	999.000000 	7.071068 	110.981979 	62.265560 	108.687622 	65.368187 	105.990562 	87.726852 	3.000000 	82.680107 	10.295630 	58.830265 	89.961105 	7.615773 	82.734512 	85.440041 	69.462219 	12.083046 	103.353760 	63.812225 	5.000000 	5.656854 	6.324555 	7.071068 	58.008621 	67.119293 	
48.301140 	10.295630 	47.707443 	47.434166 	12.529964 	44.204071 	4.123106 	49.040798 	81.049370 	28.635643 	38.275318 	87.982956 	117.200684 	114.494545 	86.977005 	57.697487 	84.154617 	111.803398 	7.071068 	999.000000 	117.630775 	55.470715 	115.381973 	58.591808 	112.712021 	81.154175 	5.385165 	89.587944 	17.204651 	51.971146 	83.384651 	2.828427 	76.059189 	92.358002 	62.649822 	18.867962 	110.145355 	56.938564 	9.219544 	9.055386 	7.071068 	6.324555 	51.039200 	60.207973 	
69.354164 	112.004463 	70.576202 	71.168816 	105.118980 	74.946648 	113.595772 	68.963760 	176.980225 	90.049988 	79.649231 	31.400637 	1.000000 	3.162278 	189.509888 	166.643326 	187.416641 	6.082763 	110.981979 	117.630775 	999.000000 	165.601929 	3.162278 	168.220093 	6.082763 	186.131668 	113.718948 	31.064449 	102.883430 	163.217651 	188.223267 	118.595955 	182.877014 	29.000000 	172.429703 	102.181213 	10.440307 	168.002975 	112.160599 	113.088463 	115.693558 	117.000000 	163.932907 	171.604202 	
99.005051 	56.222771 	99.904953 	100.004997 	66.287254 	97.452553 	58.309521 	97.672920 	33.615471 	77.077881 	87.681244 	138.657852 	165.000000 	162.609970 	33.136082 	3.162278 	30.149628 	160.240448 	62.265560 	55.470715 	165.601929 	999.000000 	163.835281 	3.162278 	161.483749 	26.476404 	60.827625 	140.730240 	72.560318 	4.000000 	28.635643 	56.364883 	20.880613 	143.558350 	7.211102 	74.303429 	159.665268 	3.000000 	64.404968 	63.976559 	61.326992 	60.008331 	7.615773 	6.324555 	
67.082039 	109.931801 	68.154236 	68.709534 	102.859123 	72.449982 	111.364265 	66.887962 	175.727066 	87.982956 	77.524193 	28.635643 	3.605551 	2.000000 	188.095718 	164.924225 	185.970428 	3.605551 	108.687622 	115.381973 	3.162278 	163.835281 	999.000000 	166.481232 	3.000000 	184.621231 	111.400177 	28.160255 	100.463921 	161.400131 	186.724396 	116.297035 	181.289825 	26.019224 	170.698563 	99.724625 	7.280110 	166.207703 	109.772491 	110.693268 	113.318138 	114.634201 	162.049377 	169.805771 	
101.862656 	59.203041 	102.825096 	102.941734 	69.339745 	100.424103 	61.400326 	100.448990 	31.304953 	79.931221 	90.520714 	141.449631 	167.609665 	165.239227 	30.066593 	2.000000 	27.073973 	162.889526 	65.368187 	58.591808 	168.220093 	3.162278 	166.481232 	999.000000 	164.149323 	23.345236 	63.953106 	143.544418 	75.663727 	7.071068 	25.495098 	59.506302 	17.720045 	146.372818 	4.242640 	77.414467 	162.373032 	3.605551 	67.542580 	67.119293 	64.474800 	63.158531 	10.198039 	5.099020 	
64.412735 	107.377838 	65.391129 	65.924202 	100.184830 	69.641945 	108.706024 	64.350601 	173.761337 	85.440041 	74.946648 	25.709921 	6.324555 	3.605551 	186.002686 	162.606888 	183.853195 	2.000000 	105.990562 	112.712021 	6.082763 	161.483749 	3.000000 	164.149323 	999.000000 	182.455475 	108.687622 	25.179358 	97.693398 	159.012573 	184.567062 	113.595772 	179.067032 	23.021729 	168.371613 	96.932968 	4.472136 	163.835281 	107.018692 	107.935165 	110.571243 	111.892807 	159.615158 	167.430588 	
122.004097 	80.622574 	123.458496 	123.709335 	91.241440 	121.490738 	83.671982 	119.970833 	18.681541 	100.209778 	110.602890 	160.863297 	185.456192 	183.251190 	7.280110 	23.769728 	4.472136 	181.069046 	87.726852 	81.154175 	186.131668 	26.476404 	184.621231 	23.345236 	182.455475 	999.000000 	86.539009 	163.131851 	97.989792 	30.413813 	2.236068 	82.280006 	6.082763 	165.951797 	20.024984 	99.809822 	181.024857 	26.076809 	90.249657 	89.888817 	87.315521 	86.034874 	33.060551 	24.020824 	
44.384682 	12.206555 	43.416588 	43.046486 	9.055386 	39.661064 	4.472136 	45.607018 	86.313385 	26.019224 	34.928497 	83.725746 	113.318138 	110.571243 	92.358002 	63.071388 	89.537704 	107.837845 	3.000000 	5.385165 	113.718948 	60.827625 	111.400177 	63.953106 	108.687622 	86.539009 	999.000000 	85.234970 	12.041595 	57.306194 	88.769363 	5.000000 	81.437096 	87.982956 	68.000000 	13.601471 	106.004715 	62.265560 	4.000000 	4.123106 	3.605551 	4.123106 	56.302753 	65.513359 	
41.868843 	85.276024 	41.880783 	42.190044 	77.103828 	45.650848 	85.702972 	43.185646 	156.156967 	63.702435 	53.075417 	3.000000 	31.016125 	28.017851 	167.263260 	142.130219 	164.924225 	25.019993 	82.680107 	89.587944 	31.064449 	140.730240 	28.160255 	143.544418 	25.179358 	163.131851 	85.234970 	999.000000 	73.824112 	137.974640 	165.302750 	90.210861 	159.289047 	2.828427 	147.787003 	72.897186 	21.587032 	142.898560 	83.240616 	84.118965 	86.833176 	88.192970 	138.191895 	146.454773 	
33.955853 	19.026299 	32.310989 	31.780497 	8.062258 	28.178005 	14.317822 	36.124783 	96.772926 	19.697716 	26.019224 	72.449982 	102.528046 	99.724625 	103.619499 	74.706093 	100.846420 	96.932968 	10.295630 	17.204651 	102.883430 	72.560318 	100.463921 	75.663727 	97.693398 	97.989792 	12.041595 	73.824112 	999.000000 	69.115845 	100.224747 	16.970562 	93.021500 	76.537575 	79.755875 	2.000000 	94.847244 	74.094536 	9.433981 	10.295630 	13.038404 	14.422205 	68.242218 	77.388626 	
96.176918 	53.150730 	96.938126 	97.000000 	63.007935 	94.366310 	54.918121 	95.015785 	37.336308 	74.276512 	84.899940 	135.948517 	162.631485 	160.206116 	37.121422 	7.071068 	34.132095 	157.800507 	58.830265 	51.971146 	163.217651 	4.000000 	161.400131 	7.071068 	159.012573 	30.413813 	57.306194 	137.974640 	69.115845 	999.000000 	32.557640 	52.773098 	24.738634 	140.801285 	10.770329 	70.830788 	157.114609 	5.000000 	60.827625 	60.373837 	57.697487 	56.364883 	4.242640 	8.485281 	
124.201447 	82.855293 	125.670204 	125.924583 	93.477272 	123.713379 	85.906929 	122.147453 	19.235384 	102.415817 	112.800713 	163.027603 	187.544662 	185.348328 	5.830952 	25.961510 	3.605551 	183.174774 	89.961105 	83.384651 	188.223267 	28.635643 	186.724396 	25.495098 	184.567062 	2.236068 	88.769363 	165.302750 	100.224747 	32.557640 	999.000000 	84.504440 	8.000000 	168.121979 	22.090721 	102.044106 	183.152939 	28.160255 	92.477028 	92.114059 	89.537704 	88.255310 	35.128338 	26.000000 	
49.244289 	13.038404 	48.373547 	48.020828 	13.601471 	44.654228 	6.082763 	50.289165 	82.734512 	30.265491 	39.560081 	88.684837 	118.186295 	115.451286 	88.232651 	58.694122 	85.381500 	112.729767 	7.615773 	2.828427 	118.595955 	56.364883 	116.297035 	59.506302 	113.595772 	82.280006 	5.000000 	90.210861 	16.970562 	52.773098 	84.504440 	999.000000 	77.077881 	92.962357 	63.505905 	18.439089 	110.941429 	57.706154 	8.062258 	7.615773 	5.099020 	4.000000 	51.623638 	60.901562 	
117.923706 	76.006577 	119.201508 	119.402679 	86.452301 	117.068359 	78.714676 	116.103401 	21.954498 	96.046867 	106.526993 	157.079605 	182.222397 	179.961105 	13.341664 	18.384777 	10.440307 	177.721695 	82.734512 	76.059189 	182.877014 	20.880613 	181.289825 	17.720045 	179.067032 	6.082763 	81.437096 	159.289047 	93.021500 	24.738634 	8.000000 	77.077881 	999.000000 	162.114151 	14.142136 	94.810333 	177.519012 	20.223749 	85.088188 	84.693565 	82.079231 	80.777473 	27.166155 	18.000000 	
44.687805 	88.090858 	44.654228 	44.944408 	79.881165 	48.373547 	88.481636 	46.010868 	158.937088 	66.528191 	55.901699 	5.385165 	29.017237 	26.019224 	170.073517 	144.958618 	167.737885 	23.021729 	85.440041 	92.358002 	29.000000 	143.558350 	26.019224 	146.372818 	23.021729 	165.951797 	87.982956 	2.828427 	76.537575 	140.801285 	168.121979 	92.962357 	162.114151 	999.000000 	150.615402 	75.591003 	19.235384 	145.725769 	85.959290 	86.833176 	89.554451 	90.917542 	141.014191 	149.281616 	
106.103722 	63.411354 	107.056061 	107.168091 	73.498299 	104.637466 	65.513359 	104.690018 	30.232433 	84.172440 	94.762863 	145.691452 	171.816757 	169.452057 	27.018513 	5.830952 	24.020824 	167.107742 	69.462219 	62.649822 	172.429703 	7.211102 	170.698563 	4.242640 	168.371613 	20.024984 	68.000000 	147.787003 	79.755875 	10.770329 	22.090721 	63.505905 	14.142136 	150.615402 	999.000000 	81.492332 	166.604324 	6.082763 	71.554176 	71.112587 	68.447060 	67.119293 	13.038404 	4.472136 	
33.541019 	21.023796 	31.622776 	31.016125 	10.049875 	27.313000 	16.155495 	36.013885 	98.716766 	20.591261 	26.172504 	71.589104 	101.843018 	99.020203 	105.475113 	76.478752 	102.693718 	96.208107 	12.083046 	18.867962 	102.181213 	74.303429 	99.724625 	77.414467 	96.932968 	99.809822 	13.601471 	72.897186 	2.000000 	70.830788 	102.044106 	18.439089 	94.810333 	75.591003 	81.492332 	999.000000 	94.021271 	75.802376 	10.630146 	11.401754 	14.212670 	15.620500 	69.892776 	79.075912 	
61.911228 	105.118980 	62.609905 	63.071388 	97.616600 	66.708321 	106.174385 	62.201286 	172.733902 	83.234612 	72.670486 	22.472204 	10.770329 	8.062258 	184.718704 	160.863297 	182.521225 	5.656854 	103.353760 	110.145355 	10.440307 	159.665268 	7.280110 	162.373032 	4.472136 	181.024857 	106.004715 	21.587032 	94.847244 	157.114609 	183.152939 	110.941429 	177.519012 	19.235384 	166.604324 	94.021271 	999.000000 	161.969131 	104.216118 	105.118980 	107.786827 	109.123779 	157.610275 	165.556641 	
101.118744 	58.137768 	101.911728 	101.980392 	68.007355 	99.357941 	59.908264 	99.904953 	34.885529 	79.208588 	89.827614 	140.858078 	167.409683 	165.000000 	33.000000 	5.000000 	30.000000 	162.609970 	63.812225 	56.938564 	168.002975 	3.000000 	166.207703 	3.605551 	163.835281 	26.076809 	62.265560 	142.898560 	74.094536 	5.000000 	28.160255 	57.706154 	20.223749 	145.725769 	6.082763 	75.802376 	161.969131 	999.000000 	65.764732 	65.299309 	62.609905 	61.269894 	7.000000 	3.605551 	
43.011627 	15.652476 	41.629318 	41.146080 	9.486833 	37.589893 	8.246211 	44.721359 	90.255196 	26.172504 	34.234486 	81.841309 	111.789978 	109.004585 	96.135323 	66.708321 	93.300591 	106.230881 	5.000000 	9.219544 	112.160599 	64.404968 	109.772491 	67.542580 	107.018692 	90.249657 	4.000000 	83.240616 	9.433981 	60.827625 	92.477028 	8.062258 	85.088188 	85.959290 	71.554176 	10.630146 	104.216118 	65.764732 	999.000000 	1.000000 	3.605551 	5.000000 	59.682495 	68.963760 	
43.965897 	16.124516 	42.544094 	42.047592 	10.440307 	38.470768 	8.544003 	45.705578 	90.094398 	27.166155 	35.227829 	82.734512 	112.720894 	109.931801 	95.817535 	66.309875 	92.973114 	107.154091 	5.656854 	9.055386 	113.088463 	63.976559 	110.693268 	67.119293 	107.935165 	89.888817 	4.123106 	84.118965 	10.295630 	60.373837 	92.114059 	7.615773 	84.693565 	86.833176 	71.112587 	11.401754 	105.118980 	65.299309 	1.000000 	999.000000 	2.828427 	4.242640 	59.169250 	68.476273 	
46.486557 	15.620500 	45.188496 	44.721359 	12.041595 	41.182522 	7.810250 	48.052055 	87.823685 	29.017237 	37.483330 	85.422478 	115.316956 	112.538879 	93.300591 	63.694584 	90.443352 	109.772491 	6.324555 	7.071068 	115.693558 	61.326992 	113.318138 	64.474800 	110.571243 	87.315521 	3.605551 	86.833176 	13.038404 	57.697487 	89.537704 	5.099020 	82.079231 	89.554451 	68.447060 	14.212670 	107.786827 	62.609905 	3.605551 	2.828427 	999.000000 	1.414214 	56.435802 	65.764732 	
47.759815 	15.556349 	46.518814 	46.065170 	13.000000 	42.544094 	7.810250 	49.244289 	86.700638 	30.000000 	38.639359 	86.769814 	116.619041 	113.846390 	92.048897 	62.393909 	89.185204 	111.085556 	7.071068 	6.324555 	117.000000 	60.008331 	114.634201 	63.158531 	111.892807 	86.034874 	4.123106 	88.192970 	14.422205 	56.364883 	88.255310 	4.000000 	80.777473 	90.917542 	67.119293 	15.620500 	109.123779 	61.269894 	5.000000 	4.242640 	1.414214 	999.000000 	55.072678 	64.412735 	
96.332756 	53.037724 	96.876213 	96.876213 	62.481998 	94.111633 	54.203320 	95.425362 	41.231056 	74.518456 	85.146935 	136.235092 	163.367691 	160.897476 	40.000000 	10.770329 	37.000000 	158.445572 	58.008621 	51.039200 	163.932907 	7.615773 	162.049377 	10.198039 	159.615158 	33.060551 	56.302753 	138.191895 	68.242218 	4.242640 	35.128338 	51.623638 	27.166155 	141.014191 	13.038404 	69.892776 	157.610275 	7.000000 	59.682495 	59.169250 	56.435802 	55.072678 	999.000000 	9.486833 	
104.661362 	61.619801 	105.418213 	105.475113 	71.400284 	102.825096 	63.245552 	103.479469 	34.669872 	82.758682 	93.380943 	144.422989 	171.011688 	168.600113 	31.144823 	7.071068 	28.160255 	166.207703 	67.119293 	60.207973 	171.604202 	6.324555 	169.805771 	5.099020 	167.430588 	24.020824 	65.513359 	146.454773 	77.388626 	8.485281 	26.000000 	60.901562 	18.000000 	149.281616 	4.472136 	79.075912 	165.556641 	3.605551 	68.963760 	68.476273 	65.764732 	64.412735 	9.486833 	999.000000 	

Travel time:
9.000000 	1.085415 	0.125000 	0.160078 	0.894427 	0.235850 	1.107362 	0.145774 	2.909038 	0.548293 	0.285044 	1.000000 	1.723550 	1.655295 	3.162278 	2.512469 	3.100907 	1.587648 	1.040733 	1.207528 	1.733854 	2.475126 	1.677051 	2.546566 	1.610318 	3.050102 	1.109617 	1.046721 	0.848896 	2.404423 	3.105036 	1.231107 	2.948093 	1.117195 	2.652593 	0.838525 	1.547781 	2.527969 	1.075291 	1.099147 	1.162164 	1.193995 	2.408319 	2.616534 	
1.085415 	9.000000 	1.096016 	1.096586 	0.279509 	1.030776 	0.195256 	1.076162 	1.954002 	0.548862 	0.811249 	2.085216 	2.787696 	2.722705 	2.146654 	1.450216 	2.079664 	2.658242 	0.269258 	0.257391 	2.800112 	1.405569 	2.748295 	1.480076 	2.684446 	2.015564 	0.305164 	2.131901 	0.475657 	1.328768 	2.071382 	0.325960 	1.900164 	2.202271 	1.585284 	0.525595 	2.627975 	1.453444 	0.391312 	0.403113 	0.390512 	0.388909 	1.325943 	1.540495 	
0.125000 	1.096016 	9.000000 	0.035355 	0.880696 	0.127475 	1.095730 	0.270416 	2.962790 	0.583095 	0.340037 	1.007782 	1.755705 	1.685416 	3.204001 	2.538331 	3.141059 	1.615549 	1.020416 	1.192686 	1.764405 	2.497624 	1.703856 	2.570627 	1.634778 	3.086462 	1.085415 	1.047020 	0.807775 	2.423453 	3.141755 	1.209339 	2.980038 	1.116356 	2.676402 	0.790569 	1.565248 	2.547793 	1.040733 	1.063602 	1.129712 	1.162970 	2.421905 	2.635455 	
0.160078 	1.096586 	0.035355 	9.000000 	0.875000 	0.100000 	1.090011 	0.305164 	2.974160 	0.592663 	0.357946 	1.017657 	1.770946 	1.700184 	3.211795 	2.541776 	3.148412 	1.629801 	1.012423 	1.185854 	1.779220 	2.500125 	1.717738 	2.573543 	1.648105 	3.092733 	1.076162 	1.054751 	0.794512 	2.425000 	3.148115 	1.200521 	2.985067 	1.123610 	2.679202 	0.775403 	1.576785 	2.549510 	1.028652 	1.051190 	1.118034 	1.151629 	2.421905 	2.636878 	
0.894427 	0.279509 	0.880696 	0.875000 	9.000000 	0.797261 	0.215058 	0.917197 	2.232152 	0.425000 	0.649038 	1.886796 	2.617370 	2.549510 	2.416609 	1.706605 	2.348537 	2.482061 	0.152069 	0.313249 	2.627975 	1.657181 	2.571478 	1.733494 	2.504621 	2.281036 	0.226385 	1.927596 	0.201556 	1.575198 	2.336932 	0.340037 	2.161308 	1.997029 	1.837457 	0.251247 	2.440415 	1.700184 	0.237171 	0.261008 	0.301040 	0.325000 	1.562050 	1.785007 	
0.235850 	1.030776 	0.127475 	0.100000 	0.797261 	9.000000 	1.011496 	0.371652 	2.931830 	0.553399 	0.350892 	1.107080 	1.865811 	1.794610 	3.160004 	2.480045 	3.095562 	1.723731 	0.930054 	1.105102 	1.873666 	2.436314 	1.811249 	2.510602 	1.741049 	3.037268 	0.991527 	1.141271 	0.704450 	2.359158 	3.092834 	1.116356 	2.926709 	1.209339 	2.615937 	0.682825 	1.667708 	2.483948 	0.939747 	0.961769 	1.029563 	1.063602 	2.352791 	2.570627 	
1.107362 	0.195256 	1.095730 	1.090011 	0.215058 	1.011496 	9.000000 	1.123610 	2.069118 	0.612882 	0.854400 	2.101488 	2.828979 	2.761567 	2.232991 	1.510381 	2.163475 	2.694555 	0.103078 	0.103078 	2.839894 	1.457738 	2.784107 	1.535008 	2.717651 	2.091799 	0.111803 	2.142574 	0.357946 	1.372953 	2.147673 	0.152069 	1.967867 	2.212041 	1.637834 	0.403887 	2.654360 	1.497707 	0.206155 	0.213600 	0.195256 	0.195256 	1.355083 	1.581139 	
0.145774 	1.076162 	0.270416 	0.305164 	0.917197 	0.371652 	1.123610 	9.000000 	2.838353 	0.527376 	0.269258 	1.025305 	1.711907 	1.646587 	3.105036 	2.475126 	3.045591 	1.582127 	1.068001 	1.226020 	1.724094 	2.441823 	1.672199 	2.511225 	1.608765 	2.999271 	1.140175 	1.079641 	0.903120 	2.375395 	3.053686 	1.257229 	2.902585 	1.150272 	2.617250 	0.900347 	1.555032 	2.497624 	1.118034 	1.142639 	1.201301 	1.231107 	2.385634 	2.586987 	
2.909038 	1.954002 	2.962790 	2.974160 	2.232152 	2.931830 	2.069118 	2.838353 	9.000000 	2.381832 	2.627975 	3.842200 	4.406033 	4.355743 	0.403113 	0.761577 	0.400780 	4.306173 	2.172124 	2.026234 	4.424506 	0.840387 	4.393177 	0.782624 	4.344033 	0.467039 	2.157835 	3.903924 	2.419323 	0.933408 	0.480885 	2.068363 	0.548862 	3.973427 	0.755811 	2.467919 	4.318347 	0.872138 	2.256380 	2.252360 	2.195592 	2.167516 	1.030776 	0.866747 	
0.548293 	0.548862 	0.583095 	0.592663 	0.425000 	0.553399 	0.612882 	0.527376 	2.381832 	9.000000 	0.265754 	1.542928 	2.238861 	2.173850 	2.621188 	1.964211 	2.558564 	2.109502 	0.575543 	0.715891 	2.251250 	1.926947 	2.199574 	1.998281 	2.136001 	2.505244 	0.650481 	1.592561 	0.492443 	1.856913 	2.560395 	0.756637 	2.401172 	1.663205 	2.104311 	0.514782 	2.080865 	1.980215 	0.654313 	0.679154 	0.725431 	0.750000 	1.862961 	2.068967 	
0.285044 	0.811249 	0.340037 	0.357946 	0.649038 	0.350892 	0.854400 	0.269258 	2.627975 	0.265754 	9.000000 	1.277204 	1.979425 	1.913439 	2.877716 	2.228508 	2.816137 	1.848141 	0.800391 	0.956883 	1.991231 	2.192031 	1.938105 	2.263018 	1.873666 	2.765072 	0.873212 	1.326885 	0.650481 	2.122499 	2.820018 	0.989002 	2.663175 	1.397542 	2.369071 	0.654313 	1.816762 	2.245690 	0.855862 	0.880696 	0.937083 	0.965984 	2.128673 	2.334524 	
1.000000 	2.085216 	1.007782 	1.017657 	1.886796 	1.107080 	2.101488 	1.025305 	3.842200 	1.542928 	1.277204 	9.000000 	0.781425 	0.707107 	4.123106 	3.500357 	4.065172 	0.632949 	2.028084 	2.199574 	0.785016 	3.466446 	0.715891 	3.536241 	0.642748 	4.021583 	2.093144 	0.075000 	1.811249 	3.398713 	4.075690 	2.217121 	3.926990 	0.134629 	3.642286 	1.789728 	0.561805 	3.521452 	2.046033 	2.068363 	2.135562 	2.169245 	3.405877 	3.610575 	
1.723550 	2.787696 	1.755705 	1.770946 	2.617370 	1.865811 	2.828979 	1.711907 	4.406033 	2.238861 	1.979425 	0.781425 	9.000000 	0.075000 	4.720236 	4.150678 	4.668110 	0.150000 	2.764281 	2.930017 	0.025000 	4.125000 	0.090139 	4.190242 	0.158114 	4.636405 	2.832953 	0.775403 	2.563201 	4.065787 	4.688617 	2.954657 	4.555560 	0.725431 	4.295419 	2.546075 	0.269258 	4.185242 	2.794749 	2.818022 	2.882924 	2.915476 	4.084192 	4.275292 	
1.655295 	2.722705 	1.685416 	1.700184 	2.549510 	1.794610 	2.761567 	1.646587 	4.355743 	2.173850 	1.913439 	0.707107 	0.075000 	9.000000 	4.666905 	4.091760 	4.614177 	0.075000 	2.695946 	2.862364 	0.079057 	4.065249 	0.050000 	4.130980 	0.090139 	4.581280 	2.764281 	0.700446 	2.493116 	4.005153 	4.633708 	2.886282 	4.499028 	0.650481 	4.236301 	2.475505 	0.201556 	4.125000 	2.725115 	2.748295 	2.813472 	2.846160 	4.022437 	4.215003 	
3.162278 	2.146654 	3.204001 	3.211795 	2.416609 	3.160004 	2.232991 	3.105036 	0.403113 	2.621188 	2.877716 	4.123106 	4.720236 	4.666905 	9.000000 	0.756637 	0.075000 	4.614177 	2.335193 	2.174425 	4.737747 	0.828402 	4.702393 	0.751665 	4.650067 	0.182003 	2.308950 	4.181581 	2.590487 	0.928036 	0.145774 	2.205816 	0.333542 	4.251838 	0.675463 	2.636878 	4.617968 	0.825000 	2.403383 	2.395438 	2.332515 	2.301222 	1.000000 	0.778621 	
2.512469 	1.450216 	2.538331 	2.541776 	1.706605 	2.480045 	1.510381 	2.475126 	0.761577 	1.964211 	2.228508 	3.500357 	4.150678 	4.091760 	0.756637 	9.000000 	0.682367 	4.033376 	1.610318 	1.442437 	4.166083 	0.079057 	4.123106 	0.050000 	4.065172 	0.594243 	1.576785 	3.553256 	1.867652 	0.176777 	0.649038 	1.467353 	0.459619 	3.623966 	0.145774 	1.911969 	4.021583 	0.125000 	1.667708 	1.657747 	1.592365 	1.559848 	0.269258 	0.176777 	
3.100907 	2.079664 	3.141059 	3.148412 	2.348537 	3.095562 	2.163475 	3.045591 	0.400780 	2.558564 	2.816137 	4.065172 	4.668110 	4.614177 	0.075000 	0.682367 	9.000000 	4.560839 	2.265502 	2.103865 	4.685416 	0.753741 	4.649261 	0.676849 	4.596330 	0.111803 	2.238443 	4.123106 	2.521161 	0.853302 	0.090139 	2.134537 	0.261008 	4.193447 	0.600521 	2.567343 	4.563031 	0.750000 	2.332515 	2.324328 	2.261084 	2.229630 	0.925000 	0.704006 	
1.587648 	2.658242 	1.615549 	1.629801 	2.482061 	1.723731 	2.694555 	1.582127 	4.306173 	2.109502 	1.848141 	0.632949 	0.150000 	0.075000 	4.614177 	4.033376 	4.560839 	9.000000 	2.627975 	2.795085 	0.152069 	4.006011 	0.090139 	4.072238 	0.050000 	4.526726 	2.695946 	0.625500 	2.423324 	3.945013 	4.579370 	2.818244 	4.443042 	0.575543 	4.177693 	2.405203 	0.141421 	4.065249 	2.655772 	2.678852 	2.744312 	2.777139 	3.961139 	4.155192 	
1.040733 	0.269258 	1.020416 	1.012423 	0.152069 	0.930054 	0.103078 	1.068001 	2.172124 	0.575543 	0.800391 	2.028084 	2.764281 	2.695946 	2.335193 	1.610318 	2.265502 	2.627975 	9.000000 	0.176777 	2.774549 	1.556639 	2.717191 	1.634205 	2.649764 	2.193171 	0.075000 	2.067003 	0.257391 	1.470757 	2.249028 	0.190394 	2.068363 	2.136001 	1.736555 	0.302076 	2.583844 	1.595306 	0.125000 	0.141421 	0.158114 	0.176777 	1.450216 	1.677982 	
1.207528 	0.257391 	1.192686 	1.185854 	0.313249 	1.105102 	0.103078 	1.226020 	2.026234 	0.715891 	0.956883 	2.199574 	2.930017 	2.862364 	2.174425 	1.442437 	2.103865 	2.795085 	0.176777 	9.000000 	2.940769 	1.386768 	2.884549 	1.464795 	2.817801 	2.028854 	0.134629 	2.239699 	0.430116 	1.299279 	2.084616 	0.070711 	1.901480 	2.308950 	1.566246 	0.471699 	2.753634 	1.423464 	0.230489 	0.226385 	0.176777 	0.158114 	1.275980 	1.505199 	
1.733854 	2.800112 	1.764405 	1.779220 	2.627975 	1.873666 	2.839894 	1.724094 	4.424506 	2.251250 	1.991231 	0.785016 	0.025000 	0.079057 	4.737747 	4.166083 	4.685416 	0.152069 	2.774549 	2.940769 	9.000000 	4.140048 	0.079057 	4.205503 	0.152069 	4.653292 	2.842974 	0.776611 	2.572086 	4.080441 	4.705582 	2.964899 	4.571925 	0.725000 	4.310742 	2.554530 	0.261008 	4.200074 	2.804015 	2.827212 	2.892339 	2.925000 	4.098323 	4.290105 	
2.475126 	1.405569 	2.497624 	2.500125 	1.657181 	2.436314 	1.457738 	2.441823 	0.840387 	1.926947 	2.192031 	3.466446 	4.125000 	4.065249 	0.828402 	0.079057 	0.753741 	4.006011 	1.556639 	1.386768 	4.140048 	9.000000 	4.095882 	0.079057 	4.037094 	0.661910 	1.520691 	3.518256 	1.814008 	0.100000 	0.715891 	1.409122 	0.522015 	3.588959 	0.180278 	1.857586 	3.991632 	0.075000 	1.610124 	1.599414 	1.533175 	1.500208 	0.190394 	0.158114 	
1.677051 	2.748295 	1.703856 	1.717738 	2.571478 	1.811249 	2.784107 	1.672199 	4.393177 	2.199574 	1.938105 	0.715891 	0.090139 	0.050000 	4.702393 	4.123106 	4.649261 	0.090139 	2.717191 	2.884549 	0.079057 	4.095882 	9.000000 	4.162031 	0.075000 	4.615531 	2.785004 	0.704006 	2.511598 	4.035003 	4.668110 	2.907426 	4.532246 	0.650481 	4.267464 	2.493116 	0.182003 	4.155192 	2.744312 	2.767332 	2.832953 	2.865855 	4.051234 	4.245144 	
2.546566 	1.480076 	2.570627 	2.573543 	1.733494 	2.510602 	1.535008 	2.511225 	0.782624 	1.998281 	2.263018 	3.536241 	4.190242 	4.130980 	0.751665 	0.050000 	0.676849 	4.072238 	1.634205 	1.464795 	4.205503 	0.079057 	4.162031 	9.000000 	4.103733 	0.583631 	1.598828 	3.588610 	1.891593 	0.176777 	0.637377 	1.487658 	0.443001 	3.659320 	0.106066 	1.935362 	4.059326 	0.090139 	1.688565 	1.677982 	1.611870 	1.578963 	0.254951 	0.127475 	
1.610318 	2.684446 	1.634778 	1.648105 	2.504621 	1.741049 	2.717651 	1.608765 	4.344033 	2.136001 	1.873666 	0.642748 	0.158114 	0.090139 	4.650067 	4.065172 	4.596330 	0.050000 	2.649764 	2.817801 	0.152069 	4.037094 	0.075000 	4.103733 	9.000000 	4.561387 	2.717191 	0.629484 	2.442335 	3.975314 	4.614177 	2.839894 	4.476676 	0.575543 	4.209291 	2.423324 	0.111803 	4.095882 	2.675467 	2.698379 	2.764281 	2.797320 	3.990379 	4.185765 	
3.050102 	2.015564 	3.086462 	3.092733 	2.281036 	3.037268 	2.091799 	2.999271 	0.467039 	2.505244 	2.765072 	4.021583 	4.636405 	4.581280 	0.182003 	0.594243 	0.111803 	4.526726 	2.193171 	2.028854 	4.653292 	0.661910 	4.615531 	0.583631 	4.561387 	9.000000 	2.163475 	4.078296 	2.449745 	0.760345 	0.055902 	2.057000 	0.152069 	4.148795 	0.500625 	2.495245 	4.525621 	0.651920 	2.256241 	2.247221 	2.182888 	2.150872 	0.826514 	0.600521 	
1.109617 	0.305164 	1.085415 	1.076162 	0.226385 	0.991527 	0.111803 	1.140175 	2.157835 	0.650481 	0.873212 	2.093144 	2.832953 	2.764281 	2.308950 	1.576785 	2.238443 	2.695946 	0.075000 	0.134629 	2.842974 	1.520691 	2.785004 	1.598828 	2.717191 	2.163475 	9.000000 	2.130874 	0.301040 	1.432655 	2.219234 	0.125000 	2.035927 	2.199574 	1.700000 	0.340037 	2.650118 	1.556639 	0.100000 	0.103078 	0.090139 	0.103078 	1.407569 	1.637834 	
1.046721 	2.131901 	1.047020 	1.054751 	1.927596 	1.141271 	2.142574 	1.079641 	3.903924 	1.592561 	1.326885 	0.075000 	0.775403 	0.700446 	4.181581 	3.553256 	4.123106 	0.625500 	2.067003 	2.239699 	0.776611 	3.518256 	0.704006 	3.588610 	0.629484 	4.078296 	2.130874 	9.000000 	1.845603 	3.449366 	4.132569 	2.255271 	3.982226 	0.070711 	3.694675 	1.822430 	0.539676 	3.572464 	2.081015 	2.102974 	2.170829 	2.204824 	3.454797 	3.661369 	
0.848896 	0.475657 	0.807775 	0.794512 	0.201556 	0.704450 	0.357946 	0.903120 	2.419323 	0.492443 	0.650481 	1.811249 	2.563201 	2.493116 	2.590487 	1.867652 	2.521161 	2.423324 	0.257391 	0.430116 	2.572086 	1.814008 	2.511598 	1.891593 	2.442335 	2.449745 	0.301040 	1.845603 	9.000000 	1.727896 	2.505619 	0.424264 	2.325537 	1.913439 	1.993897 	0.050000 	2.371181 	1.852363 	0.235850 	0.257391 	0.325960 	0.360555 	1.706055 	1.934716 	
2.404423 	1.328768 	2.423453 	2.425000 	1.575198 	2.359158 	1.372953 	2.375395 	0.933408 	1.856913 	2.122499 	3.398713 	4.065787 	4.005153 	0.928036 	0.176777 	0.853302 	3.945013 	1.470757 	1.299279 	4.080441 	0.100000 	4.035003 	0.176777 	3.975314 	0.760345 	1.432655 	3.449366 	1.727896 	9.000000 	0.813941 	1.319327 	0.618466 	3.520032 	0.269258 	1.770770 	3.927865 	0.125000 	1.520691 	1.509346 	1.442437 	1.409122 	0.106066 	0.212132 	
3.105036 	2.071382 	3.141755 	3.148115 	2.336932 	3.092834 	2.147673 	3.053686 	0.480885 	2.560395 	2.820018 	4.075690 	4.688617 	4.633708 	0.145774 	0.649038 	0.090139 	4.579370 	2.249028 	2.084616 	4.705582 	0.715891 	4.668110 	0.637377 	4.614177 	0.055902 	2.219234 	4.132569 	2.505619 	0.813941 	9.000000 	2.112611 	0.200000 	4.203050 	0.552268 	2.551103 	4.578824 	0.704006 	2.311926 	2.302851 	2.238443 	2.206383 	0.878208 	0.650000 	
1.231107 	0.325960 	1.209339 	1.200521 	0.340037 	1.116356 	0.152069 	1.257229 	2.068363 	0.756637 	0.989002 	2.217121 	2.954657 	2.886282 	2.205816 	1.467353 	2.134537 	2.818244 	0.190394 	0.070711 	2.964899 	1.409122 	2.907426 	1.487658 	2.839894 	2.057000 	0.125000 	2.255271 	0.424264 	1.319327 	2.112611 	9.000000 	1.926947 	2.324059 	1.587648 	0.460977 	2.773536 	1.442654 	0.201556 	0.190394 	0.127475 	0.100000 	1.290591 	1.522539 	
2.948093 	1.900164 	2.980038 	2.985067 	2.161308 	2.926709 	1.967867 	2.902585 	0.548862 	2.401172 	2.663175 	3.926990 	4.555560 	4.499028 	0.333542 	0.459619 	0.261008 	4.443042 	2.068363 	1.901480 	4.571925 	0.522015 	4.532246 	0.443001 	4.476676 	0.152069 	2.035927 	3.982226 	2.325537 	0.618466 	0.200000 	1.926947 	9.000000 	4.052854 	0.353553 	2.370258 	4.437975 	0.505594 	2.127205 	2.117339 	2.051981 	2.019437 	0.679154 	0.450000 	
1.117195 	2.202271 	1.116356 	1.123610 	1.997029 	1.209339 	2.212041 	1.150272 	3.973427 	1.663205 	1.397542 	0.134629 	0.725431 	0.650481 	4.251838 	3.623966 	4.193447 	0.575543 	2.136001 	2.308950 	0.725000 	3.588959 	0.650481 	3.659320 	0.575543 	4.148795 	2.199574 	0.070711 	1.913439 	3.520032 	4.203050 	2.324059 	4.052854 	9.000000 	3.765385 	1.889775 	0.480885 	3.643144 	2.148982 	2.170829 	2.238861 	2.272938 	3.525355 	3.732040 	
2.652593 	1.585284 	2.676402 	2.679202 	1.837457 	2.615937 	1.637834 	2.617250 	0.755811 	2.104311 	2.369071 	3.642286 	4.295419 	4.236301 	0.675463 	0.145774 	0.600521 	4.177693 	1.736555 	1.566246 	4.310742 	0.180278 	4.267464 	0.106066 	4.209291 	0.500625 	1.700000 	3.694675 	1.993897 	0.269258 	0.552268 	1.587648 	0.353553 	3.765385 	9.000000 	2.037308 	4.165108 	0.152069 	1.788854 	1.777815 	1.711177 	1.677982 	0.325960 	0.111803 	
0.838525 	0.525595 	0.790569 	0.775403 	0.251247 	0.682825 	0.403887 	0.900347 	2.467919 	0.514782 	0.654313 	1.789728 	2.546075 	2.475505 	2.636878 	1.911969 	2.567343 	2.405203 	0.302076 	0.471699 	2.554530 	1.857586 	2.493116 	1.935362 	2.423324 	2.495245 	0.340037 	1.822430 	0.050000 	1.770770 	2.551103 	0.460977 	2.370258 	1.889775 	2.037308 	9.000000 	2.350532 	1.895059 	0.265754 	0.285044 	0.355317 	0.390512 	1.747319 	1.976898 	
1.547781 	2.627975 	1.565248 	1.576785 	2.440415 	1.667708 	2.654360 	1.555032 	4.318347 	2.080865 	1.816762 	0.561805 	0.269258 	0.201556 	4.617968 	4.021583 	4.563031 	0.141421 	2.583844 	2.753634 	0.261008 	3.991632 	0.182003 	4.059326 	0.111803 	4.525621 	2.650118 	0.539676 	2.371181 	3.927865 	4.578824 	2.773536 	4.437975 	0.480885 	4.165108 	2.350532 	9.000000 	4.049228 	2.605403 	2.627975 	2.694671 	2.728095 	3.940257 	4.138916 	
2.527969 	1.453444 	2.547793 	2.549510 	1.700184 	2.483948 	1.497707 	2.497624 	0.872138 	1.980215 	2.245690 	3.521452 	4.185242 	4.125000 	0.825000 	0.125000 	0.750000 	4.065249 	1.595306 	1.423464 	4.200074 	0.075000 	4.155192 	0.090139 	4.095882 	0.651920 	1.556639 	3.572464 	1.852363 	0.125000 	0.704006 	1.442654 	0.505594 	3.643144 	0.152069 	1.895059 	4.049228 	9.000000 	1.644118 	1.632483 	1.565248 	1.531747 	0.175000 	0.090139 	
1.075291 	0.391312 	1.040733 	1.028652 	0.237171 	0.939747 	0.206155 	1.118034 	2.256380 	0.654313 	0.855862 	2.046033 	2.794749 	2.725115 	2.403383 	1.667708 	2.332515 	2.655772 	0.125000 	0.230489 	2.804015 	1.610124 	2.744312 	1.688565 	2.675467 	2.256241 	0.100000 	2.081015 	0.235850 	1.520691 	2.311926 	0.201556 	2.127205 	2.148982 	1.788854 	0.265754 	2.605403 	1.644118 	9.000000 	0.025000 	0.090139 	0.125000 	1.492062 	1.724094 	
1.099147 	0.403113 	1.063602 	1.051190 	0.261008 	0.961769 	0.213600 	1.142639 	2.252360 	0.679154 	0.880696 	2.068363 	2.818022 	2.748295 	2.395438 	1.657747 	2.324328 	2.678852 	0.141421 	0.226385 	2.827212 	1.599414 	2.767332 	1.677982 	2.698379 	2.247221 	0.103078 	2.102974 	0.257391 	1.509346 	2.302851 	0.190394 	2.117339 	2.170829 	1.777815 	0.285044 	2.627975 	1.632483 	0.025000 	9.000000 	0.070711 	0.106066 	1.479231 	1.711907 	
1.162164 	0.390512 	1.129712 	1.118034 	0.301040 	1.029563 	0.195256 	1.201301 	2.195592 	0.725431 	0.937083 	2.135562 	2.882924 	2.813472 	2.332515 	1.592365 	2.261084 	2.744312 	0.158114 	0.176777 	2.892339 	1.533175 	2.832953 	1.611870 	2.764281 	2.182888 	0.090139 	2.170829 	0.325960 	1.442437 	2.238443 	0.127475 	2.051981 	2.238861 	1.711177 	0.355317 	2.694671 	1.565248 	0.090139 	0.070711 	9.000000 	0.035355 	1.410895 	1.644118 	
