Total assets = 693
Number of asset nodes = 40

Distance:
999.000000 	7.211102 	3.605551 	32.526913 	44.821869 	48.270073 	32.802441 	27.784887 	40.459858 	34.409302 	59.203041 	39.408119 	17.464249 	47.507893 	41.617306 	46.400433 	49.040798 	51.855568 	25.019993 	45.486263 	47.707443 	72.006943 	23.537205 	62.241467 	66.528191 	22.203604 	50.249378 	57.801384 	48.877399 	52.478565 	57.201397 	58.249462 	55.226807 	52.354561 	36.124783 	72.835434 	44.598206 	55.226807 	32.388271 	68.680420 	55.946404 	28.844410 	60.901562 	68.818604 	43.289722 	48.270073 	36.138622 	58.591808 	32.649654 	66.287254 	57.271286 	41.012192 	74.202423 	74.060783 	53.851646 	
7.211102 	999.000000 	6.708204 	25.495098 	38.013157 	41.400482 	25.612497 	34.409302 	47.423622 	27.202942 	52.430908 	32.202484 	13.601471 	40.360870 	34.409302 	39.204590 	41.868843 	58.796257 	29.832869 	38.275318 	54.405884 	65.215027 	27.018513 	69.296463 	59.548298 	20.808653 	56.859474 	64.660652 	41.677334 	59.076221 	50.000000 	65.000000 	61.854668 	58.830265 	41.000000 	79.906197 	37.643059 	48.020828 	36.013885 	61.554855 	62.433964 	26.907248 	67.416618 	75.604233 	37.013512 	53.758720 	39.115215 	51.429562 	31.400637 	59.076221 	50.159744 	35.355339 	67.007462 	80.802231 	47.074409 	
3.605551 	6.708204 	999.000000 	32.015621 	44.654228 	48.010414 	31.827662 	27.802877 	41.012192 	33.301651 	59.076221 	38.288380 	14.142136 	46.669048 	40.459858 	45.343136 	48.104053 	52.345009 	23.345236 	44.204071 	47.801674 	71.847061 	21.095022 	62.968246 	66.068146 	18.601076 	50.219517 	58.137768 	47.434166 	52.430908 	56.080299 	58.412327 	55.217751 	52.153618 	34.525352 	73.593475 	42.544094 	53.823788 	30.066593 	67.882248 	55.758408 	25.238859 	60.745369 	69.028976 	40.607880 	47.127487 	33.541019 	56.938564 	29.068884 	65.000000 	55.470715 	38.013157 	73.109505 	74.202423 	51.546097 	
32.526913 	25.495098 	32.015621 	999.000000 	13.000000 	16.124516 	4.242640 	59.816387 	72.917763 	5.830952 	27.294687 	9.000000 	27.658634 	15.264338 	11.045361 	14.866069 	17.000000 	84.291161 	53.665630 	15.132746 	79.812279 	39.962482 	49.396355 	94.762863 	34.058773 	36.345562 	82.200974 	90.138779 	19.104973 	84.403793 	25.495098 	90.426765 	87.200920 	84.053551 	64.474800 	105.361282 	20.615528 	24.738634 	57.870544 	36.235340 	87.658424 	39.012817 	92.655273 	101.044548 	26.907248 	77.820305 	59.665737 	29.274563 	44.045429 	34.928497 	29.017237 	30.000000 	42.190044 	106.212051 	30.364452 	
44.821869 	38.013157 	44.654228 	13.000000 	999.000000 	3.605551 	15.132746 	72.422371 	85.276024 	15.000000 	14.422205 	12.649111 	40.521599 	8.944272 	12.529964 	11.401754 	10.770329 	96.674713 	66.640831 	14.142136 	92.417534 	27.202942 	62.393909 	106.962608 	22.022715 	49.030602 	94.868332 	102.615791 	17.204651 	97.082436 	18.027756 	103.004852 	99.864906 	96.798759 	77.472572 	117.515953 	24.413111 	19.924858 	70.837845 	25.495098 	100.404182 	51.156624 	105.394501 	113.600174 	33.541019 	90.801979 	72.532753 	25.298222 	56.080299 	27.073973 	26.400757 	38.275318 	32.572994 	118.810776 	31.890438 	
48.270073 	41.400482 	48.010414 	16.124516 	3.605551 	999.000000 	17.720045 	75.802376 	88.729927 	17.262676 	11.180340 	14.035668 	43.324360 	7.810250 	13.341664 	10.816654 	9.219544 	100.124924 	69.771057 	13.892444 	95.801880 	23.853722 	65.391129 	110.453613 	18.439089 	51.662365 	98.229324 	106.042442 	16.278820 	100.439034 	15.297058 	106.400185 	103.227905 	100.124924 	80.529495 	121.016525 	24.596748 	17.888544 	73.736015 	21.931713 	103.730423 	53.460266 	108.724419 	117.004272 	34.176014 	93.914856 	75.286118 	23.259407 	58.309521 	24.000000 	24.698177 	39.293766 	29.120440 	122.200653 	31.144823 	
32.802441 	25.612497 	31.827662 	4.242640 	15.132746 	17.720045 	999.000000 	59.464275 	72.835434 	2.000000 	28.792360 	6.708204 	25.632011 	14.866069 	8.944272 	13.601471 	16.278820 	84.148682 	52.478565 	13.000000 	79.397736 	41.146080 	47.853943 	94.794518 	34.669872 	33.955853 	81.688431 	89.872131 	16.763054 	83.868942 	24.413111 	90.027771 	86.683334 	83.408630 	63.063461 	105.418213 	16.763054 	22.847319 	56.080299 	36.069378 	87.005745 	36.055511 	92.005432 	100.657837 	22.671568 	76.537575 	57.567352 	26.925823 	41.012192 	33.615471 	26.305893 	25.806976 	41.400482 	105.759163 	26.683329 	
27.784887 	34.409302 	27.802877 	59.816387 	72.422371 	75.802376 	59.464275 	999.000000 	13.892444 	60.827625 	86.838928 	65.764732 	36.891735 	74.330345 	67.882248 	72.835434 	75.690155 	24.839485 	13.038404 	71.449280 	20.000000 	99.624290 	19.026299 	35.805027 	93.861603 	33.837849 	22.472204 	30.413813 	74.411018 	24.698177 	83.450584 	30.610456 	27.459061 	24.596748 	16.278820 	46.400433 	68.242218 	80.808418 	20.615528 	95.524864 	28.178005 	38.832977 	33.120991 	41.231056 	63.953106 	23.194826 	25.495098 	83.408630 	39.115215 	92.097771 	81.608826 	59.615433 	100.448990 	46.400433 	76.157730 	
40.459858 	47.423622 	41.012192 	72.917763 	85.276024 	88.729927 	72.835434 	13.892444 	999.000000 	74.276512 	99.639351 	79.246452 	50.774010 	87.681244 	81.394104 	86.313385 	89.106674 	11.401754 	25.709921 	85.041168 	9.000000 	112.445541 	32.015621 	22.022715 	106.962608 	47.539455 	12.000000 	17.492855 	88.090858 	14.035668 	97.000000 	18.384777 	16.278820 	15.033297 	23.537205 	32.649654 	82.097504 	94.493385 	31.016125 	108.894447 	18.027756 	52.201534 	22.360680 	28.653097 	77.826729 	21.931713 	35.227829 	97.200821 	51.971146 	105.759163 	95.441078 	73.409805 	114.021927 	34.000000 	90.049988 	
34.409302 	27.202942 	33.301651 	5.830952 	15.000000 	17.262676 	2.000000 	60.827625 	74.276512 	999.000000 	28.160255 	5.000000 	26.400757 	13.601471 	7.211102 	12.041595 	14.866069 	85.562843 	53.535034 	11.180340 	80.721741 	40.311287 	48.764740 	96.260063 	33.615471 	34.481880 	82.975899 	91.241440 	14.866069 	85.146935 	22.803509 	91.350975 	87.965904 	84.646324 	64.007812 	106.887794 	14.866069 	21.023796 	56.859474 	34.713108 	88.238312 	36.221542 	93.236259 	101.980392 	21.213203 	77.524193 	58.189346 	25.000000 	41.109608 	31.906113 	24.331051 	24.698177 	39.824615 	107.056061 	24.738634 	
59.203041 	52.430908 	59.076221 	27.294687 	14.422205 	11.180340 	28.792360 	86.838928 	99.639351 	28.160255 	999.000000 	24.331051 	54.424259 	16.000000 	23.086792 	19.026299 	16.124516 	111.040535 	80.950600 	22.090721 	106.831642 	12.806249 	76.557167 	121.264175 	9.219544 	62.641838 	109.288612 	117.004272 	22.803509 	111.503365 	16.401220 	117.413795 	114.284729 	111.220505 	91.706055 	131.795303 	32.557640 	21.095022 	84.864601 	15.033297 	114.825958 	64.132675 	119.816528 	128.003906 	42.579338 	105.095192 	86.330757 	25.612497 	68.883957 	21.470911 	28.017851 	48.259712 	23.086792 	133.221619 	36.674240 	
39.408119 	32.202484 	38.288380 	9.000000 	12.649111 	14.035668 	6.708204 	65.764732 	79.246452 	5.000000 	24.331051 	999.000000 	30.886890 	8.944272 	2.236068 	7.071068 	10.000000 	90.520714 	58.249462 	6.324555 	85.632935 	36.055511 	53.338543 	101.237343 	29.068884 	38.626415 	87.863533 	96.176918 	10.198039 	90.027771 	17.804493 	96.260063 	92.849342 	89.498604 	68.600288 	111.865990 	12.806249 	16.155495 	61.269894 	29.832869 	93.085983 	39.812057 	98.081596 	106.887794 	21.095022 	82.152298 	62.393909 	20.396078 	44.553337 	26.925823 	20.024984 	25.632011 	34.828148 	111.946419 	21.931713 	
17.464249 	13.601471 	14.142136 	27.658634 	40.521599 	43.324360 	25.632011 	36.891735 	50.774010 	26.400757 	54.424259 	30.886890 	999.000000 	39.824615 	32.756680 	37.735924 	40.816662 	61.611687 	27.658634 	35.805027 	56.080299 	66.708321 	22.472204 	72.670486 	59.941639 	9.055386 	58.051701 	66.843102 	38.288380 	60.141499 	47.801674 	66.603302 	62.968246 	59.396969 	37.735924 	83.234612 	31.400637 	44.598206 	30.463093 	60.464867 	62.936478 	13.892444 	67.896980 	77.155685 	27.513634 	51.312767 	32.015621 	46.754681 	18.788294 	55.901699 	44.821869 	24.186773 	64.536812 	82.036575 	39.357338 	
47.507893 	40.360870 	46.669048 	15.264338 	8.944272 	7.810250 	14.866069 	74.330345 	87.681244 	13.601471 	16.000000 	8.944272 	39.824615 	999.000000 	7.280110 	3.162278 	2.000000 	99.005051 	67.119293 	6.324555 	94.260277 	27.202942 	62.265560 	109.622078 	20.124611 	47.539455 	96.540146 	104.737770 	8.485281 	98.716766 	10.440307 	104.890419 	101.533249 	98.234413 	77.524193 	120.241425 	17.088007 	11.180340 	70.213959 	21.213203 	101.828285 	48.507732 	106.826965 	115.520561 	26.925823 	91.065910 	71.309189 	16.492422 	53.150730 	19.924858 	17.464249 	32.388271 	26.925823 	120.615089 	23.345236 	
41.617306 	34.409302 	40.459858 	11.045361 	12.529964 	13.341664 	8.944272 	67.882248 	81.394104 	7.211102 	23.086792 	2.236068 	32.756680 	7.280110 	999.000000 	5.000000 	8.062258 	92.655273 	60.216278 	4.123106 	87.726852 	34.481880 	55.226807 	103.392456 	27.313000 	40.311287 	89.938866 	98.290382 	8.062258 	92.097771 	15.620500 	98.351410 	94.921021 	91.547798 	70.491135 	114.021927 	12.041595 	13.928389 	63.063461 	27.802877 	95.131485 	41.231056 	100.124924 	108.977058 	21.023796 	84.059502 	64.078079 	18.248287 	45.891174 	24.698177 	18.000000 	25.961510 	32.649654 	114.021927 	20.591261 	
46.400433 	39.204590 	45.343136 	14.866069 	11.401754 	10.816654 	13.601471 	72.835434 	86.313385 	12.041595 	19.026299 	7.071068 	37.735924 	3.162278 	5.000000 	999.000000 	3.162278 	97.590981 	65.215027 	3.162278 	92.698433 	29.832869 	60.207973 	108.300507 	22.472204 	45.188496 	94.921021 	103.247276 	5.830952 	97.082436 	10.816654 	103.324730 	99.904953 	96.540146 	75.471848 	118.928551 	13.928389 	10.049875 	68.000000 	22.803509 	100.124924 	45.880280 	105.118980 	113.951744 	23.769728 	89.044930 	68.942001 	15.033297 	50.447994 	20.124611 	15.524175 	29.274563 	27.802877 	119.004204 	20.518284 	
49.040798 	41.868843 	48.104053 	17.000000 	10.770329 	9.219544 	16.278820 	75.690155 	89.106674 	14.866069 	16.124516 	10.000000 	40.816662 	2.000000 	8.062258 	3.162278 	999.000000 	100.409164 	68.242218 	6.000000 	95.587654 	26.683329 	63.285069 	111.072052 	19.313208 	48.332184 	97.836601 	106.103722 	7.211102 	100.004997 	8.544003 	106.216759 	102.825096 	99.488693 	78.549347 	121.696342 	16.492422 	9.219544 	71.119621 	19.849434 	103.077644 	49.040798 	108.074051 	116.846054 	26.476404 	92.114059 	72.090218 	14.560220 	53.600372 	18.027756 	15.652476 	32.140316 	25.238859 	121.918007 	22.022715 	
51.855568 	58.796257 	52.345009 	84.291161 	96.674713 	100.124924 	84.148682 	24.839485 	11.401754 	85.562843 	111.040535 	90.520714 	61.611687 	99.005051 	92.655273 	97.590981 	100.409164 	999.000000 	35.341194 	96.260063 	7.000000 	123.846680 	41.629318 	11.180340 	118.342720 	57.706154 	7.615773 	6.324555 	99.247169 	7.810250 	108.245094 	8.000000 	8.062258 	10.000000 	30.265491 	21.633308 	93.005379 	105.645638 	38.832977 	120.216469 	10.816654 	61.846584 	13.341664 	17.464249 	88.323273 	23.086792 	42.296574 	108.231232 	61.032780 	116.931602 	106.400185 	83.648071 	125.255737 	22.847319 	100.702530 	
25.019993 	29.832869 	23.345236 	53.665630 	66.640831 	69.771057 	52.478565 	13.038404 	25.709921 	53.535034 	80.950600 	58.249462 	27.658634 	67.119293 	60.216278 	65.215027 	68.242218 	35.341194 	999.000000 	63.411354 	29.154760 	93.536087 	6.324555 	46.518814 	87.132080 	22.472204 	30.805843 	39.962482 	65.946945 	32.802441 	75.432091 	39.408119 	35.608986 	31.890438 	11.180340 	56.824291 	58.728188 	72.249565 	9.219544 	88.005684 	35.383614 	26.570660 	40.311287 	49.819675 	53.254108 	24.166092 	14.142136 	74.249580 	26.305893 	83.546394 	72.180328 	48.373547 	92.195442 	54.561890 	65.802734 	
45.486263 	38.275318 	44.204071 	15.132746 	14.142136 	13.892444 	13.000000 	71.449280 	85.041168 	11.180340 	22.090721 	6.324555 	35.805027 	6.324555 	4.123106 	3.162278 	6.000000 	96.260063 	63.411354 	999.000000 	91.219513 	32.557640 	58.249462 	107.056061 	25.000000 	42.941822 	93.380943 	101.833199 	4.000000 	95.524864 	12.041595 	101.833199 	98.351410 	94.921021 	73.498299 	117.686020 	10.770329 	9.848858 	65.863495 	24.698177 	98.493652 	43.324360 	103.479469 	112.449989 	20.615528 	87.091904 	66.640831 	14.142136 	47.801674 	20.808653 	14.035668 	26.172504 	29.000000 	117.456375 	17.804493 	
47.707443 	54.405884 	47.801674 	79.812279 	92.417534 	95.801880 	79.397736 	20.000000 	9.000000 	80.721741 	106.831642 	85.632935 	56.080299 	94.260277 	87.726852 	92.698433 	95.587654 	7.000000 	29.154760 	91.219513 	999.000000 	119.620232 	35.355339 	17.720045 	113.850777 	51.623638 	3.000000 	10.816654 	94.069122 	5.099020 	103.247276 	10.630146 	7.615773 	6.082763 	23.345236 	27.730848 	87.458565 	100.448990 	32.015621 	115.433968 	9.055386 	55.461697 	13.601471 	21.260292 	82.377182 	16.552946 	35.355339 	102.825096 	54.424259 	111.758667 	100.895988 	77.524193 	120.208153 	26.400757 	94.868332 	
72.006943 	65.215027 	71.847061 	39.962482 	27.202942 	23.853722 	41.146080 	99.624290 	112.445541 	40.311287 	12.806249 	36.055511 	66.708321 	27.202942 	34.481880 	29.832869 	26.683329 	123.846680 	93.536087 	32.557640 	119.620232 	999.000000 	89.000000 	134.063416 	8.062258 	74.672615 	122.065559 	129.807556 	32.062439 	124.277916 	23.086792 	130.207520 	127.062973 	123.975807 	104.201729 	144.589066 	42.047592 	28.160255 	97.169952 	13.038404 	127.581345 	75.690155 	132.574509 	140.801285 	52.009613 	117.647781 	98.432716 	31.048349 	80.280754 	22.825424 	33.955853 	58.077534 	19.209373 	146.013702 	43.737854 	
23.537205 	27.018513 	21.095022 	49.396355 	62.393909 	65.391129 	47.853943 	19.026299 	32.015621 	48.764740 	76.557167 	53.338543 	22.472204 	62.265560 	55.226807 	60.207973 	63.285069 	41.629318 	6.324555 	58.249462 	35.355339 	89.000000 	999.000000 	52.801514 	82.365044 	16.401220 	36.891735 	46.141087 	60.605282 	38.832977 	70.213959 	45.486263 	41.617306 	37.802116 	15.264338 	63.063461 	53.037724 	66.843102 	9.000000 	82.927681 	41.231056 	20.248457 	46.097721 	55.803226 	47.201694 	28.844410 	12.649111 	68.622154 	20.099751 	78.102493 	66.468040 	42.190044 	86.833176 	60.440052 	59.816387 	
62.241467 	69.296463 	62.968246 	94.762863 	106.962608 	110.453613 	94.794518 	35.805027 	22.022715 	96.260063 	121.264175 	101.237343 	72.670486 	109.622078 	103.392456 	108.300507 	111.072052 	11.180340 	46.518814 	107.056061 	17.720045 	134.063416 	52.801514 	999.000000 	128.763351 	68.883957 	17.117243 	8.062258 	110.113579 	16.000000 	119.004204 	10.440307 	14.142136 	18.027756 	41.000000 	10.630146 	104.043259 	116.516090 	49.729267 	130.831955 	16.492422 	73.006851 	15.264338 	11.401754 	99.478638 	32.062439 	52.952808 	119.201508 	72.111023 	127.781059 	117.413795 	94.826157 	136.029404 	16.031219 	111.830231 	
66.528191 	59.548298 	66.068146 	34.058773 	22.022715 	18.439089 	34.669872 	93.861603 	106.962608 	33.615471 	9.219544 	29.068884 	59.941639 	20.124611 	27.313000 	22.472204 	19.313208 	118.342720 	87.132080 	25.000000 	113.850777 	8.062258 	82.365044 	128.763351 	999.000000 	67.623962 	116.211014 	124.197426 	24.186773 	118.406082 	15.033297 	124.470879 	121.210564 	118.004234 	97.616600 	139.344894 	34.132095 	20.099751 	90.338257 	6.708204 	121.605919 	68.308128 	126.605690 	135.092560 	44.045429 	111.139549 	91.389275 	23.086792 	72.801102 	15.620500 	25.961510 	50.159744 	14.560220 	140.246216 	35.693138 	
22.203604 	20.808653 	18.601076 	36.345562 	49.030602 	51.662365 	33.955853 	33.837849 	47.539455 	34.481880 	62.641838 	38.626415 	9.055386 	47.539455 	40.311287 	45.188496 	48.332184 	57.706154 	22.472204 	42.941822 	51.623638 	74.672615 	16.401220 	68.883957 	67.623962 	999.000000 	53.254108 	62.433964 	44.944408 	55.217751 	54.708317 	61.854668 	58.008621 	54.203320 	31.144823 	79.259071 	36.878178 	51.039200 	23.021729 	67.601776 	57.628117 	6.708204 	62.481998 	72.201111 	30.805843 	44.687805 	23.769728 	52.497620 	10.630146 	62.201286 	50.249378 	25.942244 	71.028160 	76.837494 	43.416588 	
50.249378 	56.859474 	50.219517 	82.200974 	94.868332 	98.229324 	81.688431 	22.472204 	12.000000 	82.975899 	109.288612 	87.863533 	58.051701 	96.540146 	89.938866 	94.921021 	97.836601 	7.615773 	30.805843 	93.380943 	3.000000 	122.065559 	36.891735 	17.117243 	116.211014 	53.254108 	999.000000 	9.486833 	96.166519 	2.236068 	105.418213 	8.602325 	5.000000 	3.162278 	24.041630 	26.570660 	89.375610 	102.532921 	32.893768 	117.686020 	6.082763 	56.824291 	10.770329 	19.104973 	84.053551 	15.524175 	35.902645 	104.804581 	55.542778 	113.846390 	102.825096 	79.075912 	122.347862 	24.083189 	96.607452 	
57.801384 	64.660652 	58.137768 	90.138779 	102.615791 	106.042442 	89.872131 	30.413813 	17.492855 	91.241440 	117.004272 	96.176918 	66.843102 	104.737770 	98.290382 	103.247276 	106.103722 	6.324555 	39.962482 	101.833199 	10.816654 	129.807556 	46.141087 	8.062258 	124.197426 	62.433964 	9.486833 	999.000000 	104.737770 	8.062258 	113.846390 	2.828427 	6.082763 	10.000000 	33.526108 	17.088007 	98.234413 	111.126053 	42.379242 	125.936493 	8.544003 	66.189125 	8.602325 	11.180340 	93.193344 	24.020824 	45.354160 	113.569359 	65.000000 	122.429573 	111.664673 	88.323273 	130.831955 	16.552946 	105.683487 	
48.877399 	41.677334 	47.434166 	19.104973 	17.204651 	16.278820 	16.763054 	74.411018 	88.090858 	14.866069 	22.803509 	10.198039 	38.288380 	8.485281 	8.062258 	5.830952 	7.211102 	99.247169 	65.946945 	4.000000 	94.069122 	32.062439 	60.605282 	110.113579 	24.186773 	44.944408 	96.166519 	104.737770 	999.000000 	98.290382 	9.848858 	104.661362 	101.118744 	97.621719 	75.802376 	120.739388 	10.000000 	6.403124 	67.955872 	22.847319 	101.178062 	44.777225 	106.150833 	115.260574 	20.024984 	89.403580 	68.476273 	10.198039 	49.040798 	17.691807 	10.049875 	26.019224 	26.248810 	120.216469 	14.866069 	
52.478565 	59.076221 	52.430908 	84.403793 	97.082436 	100.439034 	83.868942 	24.698177 	14.035668 	85.146935 	111.503365 	90.027771 	60.141499 	98.716766 	92.097771 	97.082436 	100.004997 	7.810250 	32.802441 	95.524864 	5.099020 	124.277916 	38.832977 	16.000000 	118.406082 	55.217751 	2.236068 	8.062258 	98.290382 	999.000000 	107.563934 	6.708204 	2.828427 	2.236068 	25.632011 	25.000000 	91.438507 	104.651802 	34.539833 	119.854080 	4.000000 	58.668560 	8.544003 	17.029387 	86.023254 	16.124516 	37.363083 	106.887794 	57.271286 	115.965515 	104.890419 	80.993828 	124.482933 	21.931713 	98.600204 	
57.201397 	50.000000 	56.080299 	25.495098 	18.027756 	15.297058 	24.413111 	83.450584 	97.000000 	22.803509 	16.401220 	17.804493 	47.801674 	10.440307 	15.620500 	10.816654 	8.544003 	108.245094 	75.432091 	12.041595 	103.247276 	23.086792 	70.213959 	119.004204 	15.033297 	54.708317 	105.418213 	113.846390 	9.848858 	107.563934 	999.000000 	113.863953 	110.390221 	106.962608 	85.445892 	129.634094 	19.416489 	5.099020 	77.698135 	13.000000 	110.535065 	54.625999 	115.520561 	124.482933 	29.154760 	99.045441 	78.294319 	9.219544 	58.872746 	9.486833 	11.661903 	35.355339 	17.029387 	129.495178 	20.880613 	
58.249462 	65.000000 	58.412327 	90.426765 	103.004852 	106.400185 	90.027771 	30.610456 	18.384777 	91.350975 	117.413795 	96.260063 	66.603302 	104.890419 	98.351410 	103.324730 	106.216759 	8.000000 	39.408119 	101.833199 	10.630146 	130.207520 	45.486263 	10.440307 	124.470879 	61.854668 	8.602325 	2.828427 	104.661362 	6.708204 	113.863953 	999.000000 	4.123106 	8.246211 	32.310989 	18.439089 	97.948967 	111.036034 	41.231056 	126.063477 	6.082763 	65.368187 	5.830952 	10.630146 	92.655273 	22.022715 	43.965897 	113.357841 	63.976559 	122.347862 	111.395691 	87.664131 	130.816666 	15.811388 	105.209312 	
55.226807 	61.854668 	55.217751 	87.200920 	99.864906 	103.227905 	86.683334 	27.459061 	16.278820 	87.965904 	114.284729 	92.849342 	62.968246 	101.533249 	94.921021 	99.904953 	102.825096 	8.062258 	35.608986 	98.351410 	7.615773 	127.062973 	41.617306 	14.142136 	121.210564 	58.008621 	5.000000 	6.082763 	101.118744 	2.828427 	110.390221 	4.123106 	999.000000 	4.123106 	28.231188 	22.561028 	94.260277 	107.480232 	37.161808 	122.674362 	2.828427 	61.400326 	6.082763 	14.212670 	88.814415 	18.000000 	39.849716 	109.713264 	59.933296 	118.793938 	107.712578 	83.761566 	127.310646 	19.104973 	101.400200 	
52.354561 	58.830265 	52.153618 	84.053551 	96.798759 	100.124924 	83.408630 	24.596748 	15.033297 	84.646324 	111.220505 	89.498604 	59.396969 	98.234413 	91.547798 	96.540146 	99.488693 	10.000000 	31.890438 	94.921021 	6.082763 	123.975807 	37.802116 	18.027756 	118.004234 	54.203320 	3.162278 	10.000000 	97.621719 	2.236068 	106.962608 	8.246211 	4.123106 	999.000000 	24.166092 	26.683329 	90.609047 	103.966339 	33.105892 	119.331474 	3.605551 	57.454330 	8.602325 	18.027756 	85.000000 	14.035668 	35.735138 	106.103722 	55.901699 	115.277924 	104.062485 	79.881165 	123.842644 	22.671568 	97.616600 	
36.124783 	41.000000 	34.525352 	64.474800 	77.472572 	80.529495 	63.063461 	16.278820 	23.537205 	64.007812 	91.706055 	68.600288 	37.735924 	77.524193 	70.491135 	75.471848 	78.549347 	30.265491 	11.180340 	73.498299 	23.345236 	104.201729 	15.264338 	41.000000 	97.616600 	31.144823 	24.041630 	33.526108 	75.802376 	25.632011 	85.445892 	32.310989 	28.231188 	24.166092 	999.000000 	50.596443 	68.014702 	82.006096 	8.944272 	98.183502 	27.294687 	33.600594 	31.906113 	42.059483 	61.619801 	13.601471 	12.041595 	83.630135 	31.764761 	93.236259 	81.394104 	56.222771 	102.004898 	46.324940 	74.330345 	
72.835434 	79.906197 	73.593475 	105.361282 	117.515953 	121.016525 	105.418213 	46.400433 	32.649654 	106.887794 	131.795303 	111.865990 	83.234612 	120.241425 	114.021927 	118.928551 	121.696342 	21.633308 	56.824291 	117.686020 	27.730848 	144.589066 	63.063461 	10.630146 	139.344894 	79.259071 	26.570660 	17.088007 	120.739388 	25.000000 	129.634094 	18.439089 	22.561028 	26.683329 	50.596443 	999.000000 	114.621117 	127.141655 	59.464275 	141.449631 	24.186773 	83.192551 	21.023796 	11.704700 	109.931801 	40.311287 	62.361847 	129.807556 	82.079231 	138.408813 	128.003906 	105.190300 	146.659470 	12.727922 	122.331520 	
44.598206 	37.643059 	42.544094 	20.615528 	24.413111 	24.596748 	16.763054 	68.242218 	82.097504 	14.866069 	32.557640 	12.806249 	31.400637 	17.088007 	12.041595 	13.928389 	16.492422 	93.005379 	58.728188 	10.770329 	87.458565 	42.047592 	53.037724 	104.043259 	34.132095 	36.878178 	89.375610 	98.234413 	10.000000 	91.438507 	19.416489 	97.948967 	94.260277 	90.609047 	68.014702 	114.621117 	999.000000 	14.866069 	59.816387 	32.280025 	94.111633 	35.846897 	99.035347 	108.466583 	10.049875 	81.565926 	59.908264 	15.620500 	39.812057 	25.553865 	13.453624 	16.031219 	34.481880 	113.278419 	10.049875 	
55.226807 	48.020828 	53.823788 	24.738634 	19.924858 	17.888544 	22.847319 	80.808418 	94.493385 	21.023796 	21.095022 	16.155495 	44.598206 	11.180340 	13.928389 	10.049875 	9.219544 	105.645638 	72.249565 	9.848858 	100.448990 	28.160255 	66.843102 	116.516090 	20.099751 	51.039200 	102.532921 	111.126053 	6.403124 	104.651802 	5.099020 	111.036034 	107.480232 	103.966339 	82.006096 	127.141655 	14.866069 	999.000000 	74.060783 	17.464249 	107.517441 	50.537113 	112.485558 	121.630585 	24.331051 	95.603348 	74.431175 	5.385165 	54.625999 	11.313708 	7.071068 	30.594116 	20.000000 	126.574089 	15.811388 	
32.388271 	36.013885 	30.066593 	57.870544 	70.837845 	73.736015 	56.080299 	20.615528 	31.016125 	56.859474 	84.864601 	61.269894 	30.463093 	70.213959 	63.063461 	68.000000 	71.119621 	38.832977 	9.219544 	65.863495 	32.015621 	97.169952 	9.000000 	49.729267 	90.338257 	23.021729 	32.893768 	42.379242 	67.955872 	34.539833 	77.698135 	41.231056 	37.161808 	33.105892 	8.944272 	59.464275 	59.816387 	74.060783 	999.000000 	90.553848 	36.235340 	24.839485 	40.816662 	51.000000 	53.037724 	21.931713 	5.000000 	75.432091 	22.825424 	85.211502 	73.109505 	47.507893 	94.047859 	55.226807 	65.764732 	
68.680420 	61.554855 	67.882248 	36.235340 	25.495098 	21.931713 	36.069378 	95.524864 	108.894447 	34.713108 	15.033297 	29.832869 	60.464867 	21.213203 	27.802877 	22.803509 	19.849434 	120.216469 	88.005684 	24.698177 	115.433968 	13.038404 	82.927681 	130.831955 	6.708204 	67.601776 	117.686020 	125.936493 	22.847319 	119.854080 	13.000000 	126.063477 	122.674362 	119.331474 	98.183502 	141.449631 	32.280025 	17.464249 	90.553848 	999.000000 	122.918671 	67.623962 	127.914032 	136.693085 	41.773197 	111.772087 	91.241440 	19.026299 	71.867935 	9.848858 	22.022715 	48.052055 	8.062258 	141.767410 	32.015621 	
55.946404 	62.433964 	55.758408 	87.658424 	100.404182 	103.730423 	87.005745 	28.178005 	18.027756 	88.238312 	114.825958 	93.085983 	62.936478 	101.828285 	95.131485 	100.124924 	103.077644 	10.816654 	35.383614 	98.493652 	9.055386 	127.581345 	41.231056 	16.492422 	121.605919 	57.628117 	6.082763 	8.544003 	101.178062 	4.000000 	110.535065 	6.082763 	2.828427 	3.605551 	27.294687 	24.186773 	94.111633 	107.517441 	36.235340 	122.918671 	999.000000 	60.745369 	5.000000 	14.764823 	88.408142 	16.124516 	38.626415 	109.622078 	59.059292 	118.827606 	107.563934 	83.234612 	127.404869 	19.209373 	101.044548 	
28.844410 	26.907248 	25.238859 	39.012817 	51.156624 	53.460266 	36.055511 	38.832977 	52.201534 	36.221542 	64.132675 	39.812057 	13.892444 	48.507732 	41.231056 	45.880280 	49.040798 	61.846584 	26.570660 	43.324360 	55.461697 	75.690155 	20.248457 	73.006851 	68.308128 	6.708204 	56.824291 	66.189125 	44.777225 	58.668560 	54.625999 	65.368187 	61.400326 	57.454330 	33.600594 	83.192551 	35.846897 	50.537113 	24.839485 	67.623962 	60.745369 	999.000000 	65.459915 	75.471848 	28.319605 	46.754681 	24.207438 	51.312767 	5.099020 	61.400326 	48.826221 	22.671568 	70.327805 	79.881165 	41.036568 	
60.901562 	67.416618 	60.745369 	92.655273 	105.394501 	108.724419 	92.005432 	33.120991 	22.360680 	93.236259 	119.816528 	98.081596 	67.896980 	106.826965 	100.124924 	105.118980 	108.074051 	13.341664 	40.311287 	103.479469 	13.601471 	132.574509 	46.097721 	15.264338 	126.605690 	62.481998 	10.770329 	8.602325 	106.150833 	8.544003 	115.520561 	5.830952 	6.082763 	8.602325 	31.906113 	21.023796 	99.035347 	112.485558 	40.816662 	127.914032 	5.000000 	65.459915 	999.000000 	10.440307 	93.236259 	19.924858 	42.953465 	114.560028 	63.631752 	123.794182 	112.485558 	88.005684 	132.382019 	14.422205 	105.891457 	
68.818604 	75.604233 	69.028976 	101.044548 	113.600174 	117.004272 	100.657837 	41.231056 	28.653097 	101.980392 	128.003906 	106.887794 	77.155685 	115.520561 	108.977058 	113.951744 	116.846054 	17.464249 	49.819675 	112.449989 	21.260292 	140.801285 	55.803226 	11.401754 	135.092560 	72.201111 	19.104973 	11.180340 	115.260574 	17.029387 	124.482933 	10.630146 	14.212670 	18.027756 	42.059483 	11.704700 	108.466583 	121.630585 	51.000000 	136.693085 	14.764823 	75.471848 	10.440307 	999.000000 	103.004852 	30.364452 	53.310413 	123.907227 	73.824112 	132.943604 	121.918007 	97.908119 	141.428421 	5.385165 	115.602768 	
43.289722 	37.013512 	40.607880 	26.907248 	33.541019 	34.176014 	22.671568 	63.953106 	77.826729 	21.213203 	42.579338 	21.095022 	27.513634 	26.925823 	21.023796 	23.769728 	26.476404 	88.323273 	53.254108 	20.615528 	82.377182 	52.009613 	47.201694 	99.478638 	44.045429 	30.805843 	84.053551 	93.193344 	20.024984 	86.023254 	29.154760 	92.655273 	88.814415 	85.000000 	61.619801 	109.931801 	10.049875 	24.331051 	53.037724 	41.773197 	88.408142 	28.319605 	93.236259 	103.004852 	999.000000 	74.966660 	52.497620 	23.769728 	31.622776 	34.176014 	21.023796 	6.324555 	43.081318 	107.615051 	12.727922 	
48.270073 	53.758720 	47.127487 	77.820305 	90.801979 	93.914856 	76.537575 	23.194826 	21.931713 	77.524193 	105.095192 	82.152298 	51.312767 	91.065910 	84.059502 	89.044930 	92.114059 	23.086792 	24.166092 	87.091904 	16.552946 	117.647781 	28.844410 	32.062439 	111.139549 	44.687805 	15.524175 	24.020824 	89.403580 	16.124516 	99.045441 	22.022715 	18.000000 	14.035668 	13.601471 	40.311287 	81.565926 	95.603348 	21.931713 	111.772087 	16.124516 	46.754681 	19.924858 	30.364452 	74.966660 	999.000000 	23.323807 	97.185387 	44.407207 	106.826965 	94.921021 	69.426216 	115.602768 	34.014702 	87.692642 	
36.138622 	39.115215 	33.541019 	59.665737 	72.532753 	75.286118 	57.567352 	25.495098 	35.227829 	58.189346 	86.330757 	62.393909 	32.015621 	71.309189 	64.078079 	68.942001 	72.090218 	42.296574 	14.142136 	66.640831 	35.355339 	98.432716 	12.649111 	52.952808 	91.389275 	23.769728 	35.902645 	45.354160 	68.476273 	37.363083 	78.294319 	43.965897 	39.849716 	35.735138 	12.041595 	62.361847 	59.908264 	74.431175 	5.000000 	91.241440 	38.626415 	24.207438 	42.953465 	53.310413 	52.497620 	23.323807 	999.000000 	75.451973 	21.260292 	85.440041 	73.006851 	46.690472 	94.339813 	57.245087 	65.192024 	
58.591808 	51.429562 	56.938564 	29.274563 	25.298222 	23.259407 	26.925823 	83.408630 	97.200821 	25.000000 	25.612497 	20.396078 	46.754681 	16.492422 	18.248287 	15.033297 	14.560220 	108.231232 	74.249580 	14.142136 	102.825096 	31.048349 	68.622154 	119.201508 	23.086792 	52.497620 	104.804581 	113.569359 	10.198039 	106.887794 	9.219544 	113.357841 	109.713264 	106.103722 	83.630135 	129.807556 	15.620500 	5.385165 	75.432091 	19.026299 	109.622078 	51.312767 	114.560028 	123.907227 	23.769728 	97.185387 	75.451973 	999.000000 	55.072678 	10.440307 	3.000000 	30.083218 	19.313208 	128.763351 	13.000000 	
32.649654 	31.400637 	29.068884 	44.045429 	56.080299 	58.309521 	41.012192 	39.115215 	51.971146 	41.109608 	68.883957 	44.553337 	18.788294 	53.150730 	45.891174 	50.447994 	53.600372 	61.032780 	26.305893 	47.801674 	54.424259 	80.280754 	20.099751 	72.111023 	72.801102 	10.630146 	55.542778 	65.000000 	49.040798 	57.271286 	58.872746 	63.976559 	59.933296 	55.901699 	31.764761 	82.079231 	39.812057 	54.625999 	22.825424 	71.867935 	59.059292 	5.099020 	63.631752 	73.824112 	31.622776 	44.407207 	21.260292 	55.072678 	999.000000 	65.299309 	52.478565 	25.612497 	74.242844 	78.032043 	44.204071 	
66.287254 	59.076221 	65.000000 	34.928497 	27.073973 	24.000000 	33.615471 	92.097771 	105.759163 	31.906113 	21.470911 	26.925823 	55.901699 	19.924858 	24.698177 	20.124611 	18.027756 	116.931602 	83.546394 	20.808653 	111.758667 	22.825424 	78.102493 	127.781059 	15.620500 	62.201286 	113.846390 	122.429573 	17.691807 	115.965515 	9.486833 	122.347862 	118.793938 	115.277924 	93.236259 	138.408813 	25.553865 	11.313708 	85.211502 	9.848858 	118.827606 	61.400326 	123.794182 	132.943604 	34.176014 	106.826965 	85.440041 	10.440307 	65.299309 	999.000000 	13.341664 	40.496914 	8.944272 	137.887634 	23.194826 	
57.271286 	50.159744 	55.470715 	29.017237 	26.400757 	24.698177 	26.305893 	81.608826 	95.441078 	24.331051 	28.017851 	20.024984 	44.821869 	17.464249 	18.000000 	15.524175 	15.652476 	106.400185 	72.180328 	14.035668 	100.895988 	33.955853 	66.468040 	117.413795 	25.961510 	50.249378 	102.825096 	111.664673 	10.049875 	104.890419 	11.661903 	111.395691 	107.712578 	104.062485 	81.394104 	128.003906 	13.453624 	7.071068 	73.109505 	22.022715 	107.563934 	48.826221 	112.485558 	121.918007 	21.023796 	94.921021 	73.006851 	3.000000 	52.478565 	13.341664 	999.000000 	27.313000 	22.135944 	126.732002 	10.000000 	
41.012192 	35.355339 	38.013157 	30.000000 	38.275318 	39.293766 	25.806976 	59.615433 	73.409805 	24.698177 	48.259712 	25.632011 	24.186773 	32.388271 	25.961510 	29.274563 	32.140316 	83.648071 	48.373547 	26.172504 	77.524193 	58.077534 	42.190044 	94.826157 	50.159744 	25.942244 	79.075912 	88.323273 	26.019224 	80.993828 	35.355339 	87.664131 	83.761566 	79.881165 	56.222771 	105.190300 	16.031219 	30.594116 	47.507893 	48.052055 	83.234612 	22.671568 	88.005684 	97.908119 	6.324555 	69.426216 	46.690472 	30.083218 	25.612497 	40.496914 	27.313000 	999.000000 	49.396355 	102.415817 	18.601076 	
74.202423 	67.007462 	73.109505 	42.190044 	32.572994 	29.120440 	41.400482 	100.448990 	114.021927 	39.824615 	23.086792 	34.828148 	64.536812 	26.925823 	32.649654 	27.802877 	25.238859 	125.255737 	92.195442 	29.000000 	120.208153 	19.209373 	86.833176 	136.029404 	14.560220 	71.028160 	122.347862 	130.831955 	26.248810 	124.482933 	17.029387 	130.816666 	127.310646 	123.842644 	102.004898 	146.659470 	34.481880 	20.000000 	94.047859 	8.062258 	127.404869 	70.327805 	132.382019 	141.428421 	43.081318 	115.602768 	94.339813 	19.313208 	74.242844 	8.944272 	22.135944 	49.396355 	999.000000 	146.413803 	31.780497 	
74.060783 	80.802231 	74.202423 	106.212051 	118.810776 	122.200653 	105.759163 	46.400433 	34.000000 	107.056061 	133.221619 	111.946419 	82.036575 	120.615089 	114.021927 	119.004204 	121.918007 	22.847319 	54.561890 	117.456375 	26.400757 	146.013702 	60.440052 	16.031219 	140.246216 	76.837494 	24.083189 	16.552946 	120.216469 	21.931713 	129.495178 	15.811388 	19.104973 	22.671568 	46.324940 	12.727922 	113.278419 	126.574089 	55.226807 	141.767410 	19.209373 	79.881165 	14.422205 	5.385165 	107.615051 	34.014702 	57.245087 	128.763351 	78.032043 	137.887634 	126.732002 	102.415817 	146.413803 	999.000000 	120.253899 	
53.851646 	47.074409 	51.546097 	30.364452 	31.890438 	31.144823 	26.683329 	76.157730 	90.049988 	24.738634 	36.674240 	21.931713 	39.357338 	23.345236 	20.591261 	20.518284 	22.022715 	100.702530 	65.802734 	17.804493 	94.868332 	43.737854 	59.816387 	111.830231 	35.693138 	43.416588 	96.607452 	105.683487 	14.866069 	98.600204 	20.880613 	105.209312 	101.400200 	97.616600 	74.330345 	122.331520 	10.049875 	15.811388 	65.764732 	32.015621 	101.044548 	41.036568 	105.891457 	115.602768 	12.727922 	87.692642 	65.192024 	13.000000 	44.204071 	23.194826 	10.000000 	18.601076 	31.780497 	120.253899 	999.000000 	

Travel time:
9.000000 	0.180278 	0.090139 	0.813173 	1.120547 	1.206752 	0.820061 	0.694622 	1.011496 	0.860233 	1.480076 	0.985203 	0.436606 	1.187697 	1.040433 	1.160011 	1.226020 	1.296389 	0.625500 	1.137157 	1.192686 	1.800174 	0.588430 	1.556037 	1.663205 	0.555090 	1.256234 	1.445035 	1.221935 	1.311964 	1.430035 	1.456237 	1.380670 	1.308864 	0.903120 	1.820886 	1.114955 	1.380670 	0.809707 	1.717010 	1.398660 	0.721110 	1.522539 	1.720465 	1.082243 	1.206752 	0.903466 	1.464795 	0.816241 	1.657181 	1.431782 	1.025305 	1.855061 	1.851520 	1.346291 	
0.180278 	9.000000 	0.167705 	0.637377 	0.950329 	1.035012 	0.640312 	0.860233 	1.185591 	0.680074 	1.310773 	0.805062 	0.340037 	1.009022 	0.860233 	0.980115 	1.046721 	1.469906 	0.745822 	0.956883 	1.360147 	1.630376 	0.675463 	1.732412 	1.488707 	0.520216 	1.421487 	1.616516 	1.041933 	1.476906 	1.250000 	1.625000 	1.546367 	1.470757 	1.025000 	1.997655 	0.941076 	1.200521 	0.900347 	1.538871 	1.560849 	0.672681 	1.685416 	1.890106 	0.925338 	1.343968 	0.977880 	1.285739 	0.785016 	1.476906 	1.253994 	0.883883 	1.675187 	2.020056 	1.176860 	
0.090139 	0.167705 	9.000000 	0.800391 	1.116356 	1.200260 	0.795692 	0.695072 	1.025305 	0.832541 	1.476906 	0.957209 	0.353553 	1.166726 	1.011496 	1.133578 	1.202601 	1.308625 	0.583631 	1.105102 	1.195042 	1.796177 	0.527376 	1.574206 	1.651704 	0.465027 	1.255488 	1.453444 	1.185854 	1.310773 	1.402007 	1.460308 	1.380444 	1.303840 	0.863134 	1.839837 	1.063602 	1.345595 	0.751665 	1.697056 	1.393960 	0.630971 	1.518634 	1.725724 	1.015197 	1.178187 	0.838525 	1.423464 	0.726722 	1.625000 	1.386768 	0.950329 	1.827738 	1.855061 	1.288652 	
0.813173 	0.637377 	0.800391 	9.000000 	0.325000 	0.403113 	0.106066 	1.495410 	1.822944 	0.145774 	0.682367 	0.225000 	0.691466 	0.381608 	0.276134 	0.371652 	0.425000 	2.107279 	1.341641 	0.378319 	1.995307 	0.999062 	1.234909 	2.369071 	0.851469 	0.908639 	2.055024 	2.253469 	0.477624 	2.110095 	0.637377 	2.260669 	2.180023 	2.101339 	1.611870 	2.634032 	0.515388 	0.618466 	1.446764 	0.905883 	2.191461 	0.975320 	2.316382 	2.526114 	0.672681 	1.945508 	1.491643 	0.731864 	1.101136 	0.873212 	0.725431 	0.750000 	1.054751 	2.655301 	0.759111 	
1.120547 	0.950329 	1.116356 	0.325000 	9.000000 	0.090139 	0.378319 	1.810559 	2.131901 	0.375000 	0.360555 	0.316228 	1.013040 	0.223607 	0.313249 	0.285044 	0.269258 	2.416868 	1.666021 	0.353553 	2.310438 	0.680074 	1.559848 	2.674065 	0.550568 	1.225765 	2.371708 	2.565395 	0.430116 	2.427061 	0.450694 	2.575121 	2.496623 	2.419969 	1.936814 	2.937899 	0.610328 	0.498121 	1.770946 	0.637377 	2.510105 	1.278916 	2.634862 	2.840004 	0.838525 	2.270050 	1.813319 	0.632456 	1.402007 	0.676849 	0.660019 	0.956883 	0.814325 	2.970269 	0.797261 	
1.206752 	1.035012 	1.200260 	0.403113 	0.090139 	9.000000 	0.443001 	1.895059 	2.218248 	0.431567 	0.279509 	0.350892 	1.083109 	0.195256 	0.333542 	0.270416 	0.230489 	2.503123 	1.744276 	0.347311 	2.395047 	0.596343 	1.634778 	2.761340 	0.460977 	1.291559 	2.455733 	2.651061 	0.406971 	2.510976 	0.382426 	2.660005 	2.580698 	2.503123 	2.013237 	3.025413 	0.614919 	0.447214 	1.843400 	0.548293 	2.593261 	1.336507 	2.718111 	2.925107 	0.854400 	2.347871 	1.882153 	0.581485 	1.457738 	0.600000 	0.617454 	0.982344 	0.728011 	3.055016 	0.778621 	
0.820061 	0.640312 	0.795692 	0.106066 	0.378319 	0.443001 	9.000000 	1.486607 	1.820886 	0.050000 	0.719809 	0.167705 	0.640800 	0.371652 	0.223607 	0.340037 	0.406971 	2.103717 	1.311964 	0.325000 	1.984943 	1.028652 	1.196349 	2.369863 	0.866747 	0.848896 	2.042211 	2.246803 	0.419076 	2.096724 	0.610328 	2.250694 	2.167083 	2.085216 	1.576586 	2.635455 	0.419076 	0.571183 	1.402007 	0.901734 	2.175144 	0.901388 	2.300136 	2.516446 	0.566789 	1.913439 	1.439184 	0.673146 	1.025305 	0.840387 	0.657647 	0.645174 	1.035012 	2.643979 	0.667083 	
0.694622 	0.860233 	0.695072 	1.495410 	1.810559 	1.895059 	1.486607 	9.000000 	0.347311 	1.520691 	2.170973 	1.644118 	0.922293 	1.858259 	1.697056 	1.820886 	1.892254 	0.620987 	0.325960 	1.786232 	0.500000 	2.490607 	0.475657 	0.895126 	2.346540 	0.845946 	0.561805 	0.760345 	1.860276 	0.617454 	2.086265 	0.765261 	0.686477 	0.614919 	0.406971 	1.160011 	1.706055 	2.020211 	0.515388 	2.388122 	0.704450 	0.970824 	0.828025 	1.030776 	1.598828 	0.579871 	0.637377 	2.085216 	0.977880 	2.302444 	2.040221 	1.490386 	2.511225 	1.160011 	1.903943 	
1.011496 	1.185591 	1.025305 	1.822944 	2.131901 	2.218248 	1.820886 	0.347311 	9.000000 	1.856913 	2.490984 	1.981161 	1.269350 	2.192031 	2.034853 	2.157835 	2.227667 	0.285044 	0.642748 	2.126029 	0.225000 	2.811139 	0.800391 	0.550568 	2.674065 	1.188486 	0.300000 	0.437321 	2.202271 	0.350892 	2.425000 	0.459619 	0.406971 	0.375832 	0.588430 	0.816241 	2.052438 	2.362335 	0.775403 	2.722361 	0.450694 	1.305038 	0.559017 	0.716327 	1.945668 	0.548293 	0.880696 	2.430021 	1.299279 	2.643979 	2.386027 	1.835245 	2.850548 	0.850000 	2.251250 	
0.860233 	0.680074 	0.832541 	0.145774 	0.375000 	0.431567 	0.050000 	1.520691 	1.856913 	9.000000 	0.704006 	0.125000 	0.660019 	0.340037 	0.180278 	0.301040 	0.371652 	2.139071 	1.338376 	0.279509 	2.018044 	1.007782 	1.219118 	2.406502 	0.840387 	0.862047 	2.074398 	2.281036 	0.371652 	2.128673 	0.570088 	2.283774 	2.199148 	2.116158 	1.600195 	2.672195 	0.371652 	0.525595 	1.421487 	0.867828 	2.205958 	0.905539 	2.330906 	2.549510 	0.530330 	1.938105 	1.454734 	0.625000 	1.027740 	0.797653 	0.608276 	0.617454 	0.995615 	2.676402 	0.618466 	
1.480076 	1.310773 	1.476906 	0.682367 	0.360555 	0.279509 	0.719809 	2.170973 	2.490984 	0.704006 	9.000000 	0.608276 	1.360606 	0.400000 	0.577170 	0.475657 	0.403113 	2.776013 	2.023765 	0.552268 	2.670791 	0.320156 	1.913929 	3.031604 	0.230489 	1.566046 	2.732215 	2.925107 	0.570088 	2.787584 	0.410031 	2.935345 	2.857118 	2.780513 	2.292651 	3.294883 	0.813941 	0.527376 	2.121615 	0.375832 	2.870649 	1.603317 	2.995413 	3.200098 	1.064483 	2.627380 	2.158269 	0.640312 	1.722099 	0.536773 	0.700446 	1.206493 	0.577170 	3.330540 	0.916856 	
