Total assets = 713
Number of asset nodes = 40

Distance:
999.000000 	39.597980 	32.649654 	23.021729 	9.486833 	11.180340 	41.036568 	16.000000 	11.313708 	11.401754 	35.777088 	90.443352 	54.571056 	17.464249 	79.906197 	38.587563 	26.000000 	33.734257 	61.294373 	48.826221 	27.586229 	57.939625 	35.171009 	38.600517 	37.161808 	38.078865 	39.217342 	41.976185 	40.496914 	41.109608 	43.931767 	53.084839 	43.965897 	39.824615 	44.922153 	53.037724 	40.607880 	44.102154 	44.654228 	45.967381 	46.754681 	46.690472 	46.754681 	47.169907 	56.089214 	49.678970 	50.931328 	50.931328 	51.623638 	53.150730 	57.982758 	59.941639 	65.215027 	
39.597980 	999.000000 	7.615773 	17.492855 	44.654228 	37.589893 	80.622574 	30.463093 	41.182522 	42.544094 	12.649111 	58.000000 	90.785461 	37.000000 	40.311287 	77.620872 	28.071337 	21.587032 	23.769728 	88.090858 	48.836460 	26.925823 	37.483330 	40.024994 	43.416588 	43.566040 	41.976185 	39.217342 	43.174065 	42.449970 	39.924931 	35.355339 	43.324360 	53.084839 	43.657761 	39.051247 	60.074955 	52.773098 	53.758720 	61.131008 	59.413803 	60.299255 	63.071388 	68.066147 	47.434166 	60.827625 	63.639610 	65.375839 	65.490456 	68.359344 	62.625874 	61.326992 	70.576202 	
32.649654 	7.615773 	999.000000 	10.000000 	37.202152 	30.016663 	73.552704 	22.847319 	33.615471 	34.985710 	8.602325 	65.069191 	85.088188 	29.410883 	47.507893 	70.292244 	21.023796 	16.124516 	29.068884 	80.808418 	41.436699 	29.000000 	31.320919 	34.176014 	37.107952 	37.363083 	36.055511 	34.000000 	37.336308 	36.769554 	34.985710 	33.286633 	38.013157 	46.389652 	38.470768 	36.235340 	53.000000 	46.572525 	47.539455 	54.451813 	52.952808 	53.758720 	56.320511 	61.000000 	43.863426 	54.571056 	57.271286 	58.855755 	59.033890 	61.814240 	57.271286 	56.435802 	65.306969 	
23.021729 	17.492855 	10.000000 	999.000000 	27.202942 	20.124611 	63.702435 	13.341664 	23.706539 	25.059929 	13.341664 	73.552704 	76.550636 	20.223749 	57.489128 	60.307545 	14.764823 	15.231546 	38.275318 	70.837845 	33.000000 	35.902645 	26.627054 	30.000000 	31.764761 	32.249031 	31.622776 	31.112698 	33.015148 	32.802441 	32.557640 	35.440090 	34.713108 	39.849716 	35.383614 	37.161808 	45.398239 	41.146080 	42.047592 	47.801674 	46.818798 	47.434166 	49.477268 	53.338543 	43.266617 	48.846699 	51.264023 	52.497620 	52.810986 	55.362442 	53.254108 	53.263496 	61.294373 	
9.486833 	44.654228 	37.202152 	27.202942 	999.000000 	8.062258 	37.443291 	15.811388 	5.099020 	4.000000 	38.288380 	98.234413 	56.142673 	13.152946 	84.646324 	33.241539 	24.698177 	34.000000 	64.443771 	43.840622 	19.416489 	59.169250 	31.000000 	34.058773 	31.575306 	32.557640 	34.234486 	38.000000 	35.355339 	36.221542 	40.000000 	51.419842 	39.204590 	32.249031 	40.199501 	50.487621 	31.827662 	37.161808 	37.576588 	37.643059 	38.832977 	38.600517 	38.209946 	38.013157 	52.038448 	41.880783 	42.801868 	42.520584 	43.278172 	44.553337 	50.990196 	53.488316 	57.801384 	
11.180340 	37.589893 	30.016663 	20.124611 	8.062258 	999.000000 	45.486263 	7.810250 	3.605551 	5.000000 	30.413813 	92.763138 	63.505905 	6.324555 	77.201035 	41.036568 	16.763054 	25.942244 	56.586216 	51.662365 	17.492855 	51.107731 	24.331051 	27.658634 	26.000000 	26.925823 	28.160255 	31.257000 	29.410883 	30.083218 	33.241539 	43.737854 	32.984844 	29.000000 	33.955853 	43.104523 	30.886890 	33.015148 	33.600594 	35.608986 	36.069378 	36.124783 	36.619667 	38.078865 	45.398239 	38.897301 	40.360870 	40.607880 	41.231056 	43.011627 	46.872166 	48.764740 	54.203320 	
41.036568 	80.622574 	73.552704 	63.702435 	37.443291 	45.486263 	999.000000 	53.254108 	42.190044 	40.816662 	75.604233 	128.809937 	30.232433 	49.648766 	120.933868 	8.544003 	61.773781 	71.344238 	101.671036 	10.000000 	48.052055 	96.566040 	65.459915 	67.720009 	63.788715 	64.761101 	67.186310 	72.124893 	67.911705 	69.123077 	74.040527 	87.464279 	72.034714 	59.211487 	73.006851 	85.702972 	53.037724 	65.276337 	65.192024 	60.074955 	63.007935 	62.032249 	59.211487 	53.935146 	85.146935 	66.030296 	65.192024 	63.387695 	64.381676 	63.788715 	77.006493 	81.024689 	81.394104 	
16.000000 	30.463093 	22.847319 	13.341664 	15.811388 	7.810250 	53.254108 	999.000000 	11.313708 	12.727922 	22.627417 	86.833176 	70.213959 	7.000000 	69.634758 	48.836460 	10.000000 	18.384777 	48.795490 	59.464275 	20.223749 	43.416588 	20.124611 	23.706539 	23.430750 	24.207438 	24.698177 	26.570660 	26.076809 	26.419689 	28.460499 	37.121422 	29.068884 	29.154760 	29.966648 	37.054016 	33.241539 	31.890438 	32.649654 	36.674240 	36.359318 	36.715118 	38.078865 	41.000000 	40.521599 	38.832977 	40.816662 	41.593269 	42.059483 	44.283180 	45.276924 	46.400433 	53.037724 	
11.313708 	41.182522 	33.615471 	23.706539 	5.099020 	3.605551 	42.190044 	11.313708 	999.000000 	1.414214 	33.941124 	96.104111 	61.204575 	8.062258 	80.802231 	37.536648 	19.697716 	29.154760 	60.108234 	48.166378 	16.278820 	54.378304 	26.019224 	29.154760 	26.925823 	27.892651 	29.427877 	33.015148 	30.594116 	31.400637 	35.014282 	46.324940 	34.365681 	28.600698 	35.355339 	45.398239 	29.410883 	33.120991 	33.615471 	34.655445 	35.468296 	35.383614 	35.468296 	36.235340 	47.095646 	38.418747 	39.623226 	39.623226 	40.311287 	41.868843 	47.010635 	49.244289 	54.083271 	
11.401754 	42.544094 	34.985710 	25.059929 	4.000000 	5.000000 	40.816662 	12.727922 	1.414214 	999.000000 	35.355339 	97.293373 	60.133186 	9.219544 	82.200974 	36.124783 	21.023796 	30.528675 	61.522354 	46.754681 	16.278820 	55.758408 	27.000000 	30.066593 	27.658634 	28.635643 	30.265491 	34.000000 	31.400637 	32.249031 	36.000000 	47.539455 	35.227829 	28.844410 	36.221542 	46.529560 	29.206163 	33.541019 	34.000000 	34.655445 	35.608986 	35.468296 	35.383614 	35.846897 	48.041649 	38.600517 	39.698868 	39.597980 	40.311287 	41.773197 	47.413078 	49.769470 	54.378304 	
35.777088 	12.649111 	8.602325 	13.341664 	38.288380 	30.413813 	75.604233 	22.627417 	33.941124 	35.355339 	999.000000 	70.114189 	89.810913 	28.017851 	47.507893 	71.449280 	17.088007 	9.055386 	26.172504 	82.073135 	38.275318 	22.561028 	25.079872 	27.459061 	31.064449 	31.144823 	29.427877 	26.570660 	30.594116 	29.832869 	27.313000 	24.698177 	30.675724 	41.012192 	31.016125 	27.658634 	48.507732 	40.311287 	41.303753 	49.000000 	47.095646 	48.041649 	51.009804 	56.435802 	35.468296 	48.373547 	51.244511 	53.084839 	53.150730 	56.080299 	49.979996 	48.754486 	57.939625 	
90.443352 	58.000000 	65.069191 	73.552704 	98.234413 	92.763138 	128.809937 	86.833176 	96.104111 	97.293373 	70.114189 	999.000000 	127.914032 	93.770996 	40.311287 	128.316010 	86.023254 	79.158073 	56.859474 	137.884003 	106.381386 	70.007141 	95.189285 	97.416634 	101.178062 	101.242287 	99.408249 	95.885345 	100.498756 	99.609238 	96.176918 	86.683334 	99.985001 	111.040535 	100.129913 	91.482239 	118.038132 	110.367569 	111.364265 	119.067207 	117.209213 	118.152443 	121.037186 	126.035706 	100.687637 	118.422974 	121.334251 	123.199028 	123.259888 	126.194298 	118.869675 	116.709038 	126.495056 	
54.571056 	90.785461 	85.088188 	76.550636 	56.142673 	63.505905 	30.232433 	70.213959 	61.204575 	60.133186 	89.810913 	127.914032 	999.000000 	69.260376 	129.541504 	38.587563 	80.062477 	88.294960 	114.127121 	36.796738 	72.339478 	112.271988 	87.091904 	90.022217 	87.022987 	88.022728 	90.000000 	94.085068 	91.005493 	92.000000 	96.083298 	107.200745 	95.000000 	84.852814 	96.000000 	106.569229 	80.280754 	90.669731 	90.796478 	87.321243 	89.822044 	89.050545 	86.833176 	82.540901 	108.018517 	92.962357 	92.649879 	91.214035 	92.179176 	92.048897 	103.576057 	107.056061 	108.908218 	
17.464249 	37.000000 	29.410883 	20.223749 	13.152946 	6.324555 	49.648766 	7.000000 	8.062258 	9.219544 	28.017851 	93.770996 	69.260376 	999.000000 	75.471848 	44.407207 	12.206555 	22.022715 	53.907330 	55.000000 	13.341664 	47.201694 	18.110771 	21.377558 	19.697716 	20.615528 	21.840330 	25.079872 	23.086792 	23.769728 	27.073973 	38.327538 	26.683329 	23.430750 	27.658634 	37.336308 	26.570660 	27.018513 	27.658634 	30.528675 	30.610456 	30.805843 	31.764761 	34.205261 	39.204590 	33.301651 	35.000000 	35.510563 	36.055511 	38.078865 	40.804413 	42.544094 	48.270073 	
79.906197 	40.311287 	47.507893 	57.489128 	84.646324 	77.201035 	120.933868 	69.634758 	80.802231 	82.200974 	47.507893 	40.311287 	129.541504 	75.471848 	999.000000 	117.796432 	64.412735 	55.036350 	23.537205 	128.316010 	85.428329 	36.055511 	69.570107 	70.604530 	75.286118 	75.000000 	72.532753 	67.683083 	73.246162 	72.034714 	67.268120 	54.083271 	71.386276 	85.726311 	71.196907 	59.076221 	94.244362 	83.198555 	84.172440 	93.145050 	90.470993 	91.678787 	95.336250 	101.833199 	68.007355 	90.801979 	93.941475 	96.317184 	96.104111 	99.247169 	88.277969 	85.052925 	95.047356 	
38.587563 	77.620872 	70.292244 	60.307545 	33.241539 	41.036568 	8.544003 	48.836460 	37.536648 	36.124783 	71.449280 	128.316010 	38.587563 	44.407207 	117.796432 	999.000000 	56.612720 	66.400299 	97.621719 	10.630146 	41.109608 	91.607857 	59.093147 	61.098282 	56.920998 	57.870544 	60.406952 	65.551506 	61.032780 	62.297672 	67.416618 	81.394104 	65.145988 	51.623638 	66.098412 	79.309517 	45.011108 	57.706154 	57.558666 	52.000000 	55.036350 	54.009258 	51.039200 	45.541191 	78.160095 	58.008621 	57.035076 	55.145264 	56.142673 	55.443665 	69.028976 	73.171036 	73.171036 	
26.000000 	28.071337 	21.023796 	14.764823 	24.698177 	16.763054 	61.773781 	10.000000 	19.697716 	21.023796 	17.088007 	86.023254 	80.062477 	12.206555 	64.412735 	56.612720 	999.000000 	9.899495 	42.201897 	67.201187 	21.189621 	35.000000 	12.041595 	15.556349 	17.000000 	17.492855 	17.029387 	17.492855 	18.439089 	18.384777 	19.235384 	27.166155 	20.615528 	25.495098 	21.400934 	27.073973 	32.015621 	26.400757 	27.313000 	33.541019 	32.280025 	32.984844 	35.355339 	40.012497 	31.016125 	34.176014 	36.687874 	38.078865 	38.327538 	41.000000 	38.600517 	38.897301 	46.615448 	
33.734257 	21.587032 	16.124516 	15.231546 	34.000000 	25.942244 	71.344238 	18.384777 	29.154760 	30.528675 	9.055386 	79.158073 	88.294960 	22.022715 	55.036350 	66.400299 	9.899495 	999.000000 	32.449963 	77.006493 	30.413813 	25.238859 	16.031219 	18.439089 	22.022715 	22.090721 	20.396078 	17.888544 	21.587032 	20.880613 	18.867962 	20.396078 	21.931713 	32.062439 	22.360680 	21.931713 	39.812057 	31.257000 	32.249031 	40.012497 	38.052597 	39.012817 	42.047592 	47.675991 	28.425341 	39.319206 	42.190044 	44.045429 	44.102154 	47.042534 	41.231056 	40.311287 	49.244289 	
61.294373 	23.769728 	29.068884 	38.275318 	64.443771 	56.586216 	101.671036 	48.795490 	60.108234 	61.522354 	26.172504 	56.859474 	114.127121 	53.907330 	23.537205 	97.621719 	42.201897 	32.449963 	999.000000 	108.245094 	62.769421 	13.341664 	46.238514 	47.127487 	51.865211 	51.546097 	49.040798 	44.147480 	49.729267 	48.507732 	43.737854 	31.064449 	47.853943 	62.297672 	47.675991 	36.055511 	70.936592 	59.665737 	60.638271 	69.641945 	66.940269 	68.154236 	71.840103 	78.434685 	45.177429 	67.268120 	70.405968 	72.780495 	72.567207 	75.709976 	65.030762 	62.032249 	72.027771 	
48.826221 	88.090858 	80.808418 	70.837845 	43.840622 	51.662365 	10.000000 	59.464275 	48.166378 	46.754681 	82.073135 	137.884003 	36.796738 	55.000000 	128.316010 	10.630146 	67.201187 	77.006493 	108.245094 	999.000000 	51.078373 	102.200783 	69.318108 	71.175842 	66.850578 	67.779053 	70.384659 	75.643906 	70.936592 	72.235725 	77.472572 	91.706055 	75.026665 	60.876926 	75.960518 	89.470665 	53.600372 	66.940269 	66.708321 	60.406952 	63.639610 	62.514000 	59.211487 	53.000000 	87.920418 	66.483078 	65.192024 	63.071388 	64.070274 	63.000000 	77.524193 	81.884064 	81.024689 	
27.586229 	48.836460 	41.436699 	33.000000 	19.416489 	17.492855 	48.052055 	20.223749 	16.278820 	16.278820 	38.275318 	106.381386 	72.339478 	13.341664 	85.428329 	41.109608 	21.189621 	30.413813 	62.769421 	51.078373 	999.000000 	53.907330 	18.601076 	20.124611 	15.811388 	16.763054 	19.313208 	24.596748 	19.924858 	21.189621 	26.400757 	41.048752 	24.041630 	13.000000 	25.000000 	38.470768 	13.416408 	18.439089 	18.681541 	18.384777 	19.416489 	19.209373 	19.209373 	20.880613 	37.107952 	22.472204 	23.430750 	23.345236 	24.041630 	25.612497 	31.953091 	34.928497 	38.470768 	
57.939625 	26.925823 	29.000000 	35.902645 	59.169250 	51.107731 	96.566040 	43.416588 	54.378304 	55.758408 	22.561028 	70.007141 	112.271988 	47.201694 	36.055511 	91.607857 	35.000000 	25.238859 	13.341664 	102.200783 	53.907330 	999.000000 	36.055511 	36.235340 	41.182522 	40.706264 	38.013157 	32.695564 	38.483765 	37.161808 	31.953091 	18.027756 	36.055511 	51.429562 	35.735138 	23.021729 	60.415230 	48.104053 	49.040798 	58.309521 	55.362442 	56.648037 	60.539242 	67.542580 	32.015621 	55.362442 	58.523499 	61.032780 	60.728905 	63.890530 	52.239830 	49.010204 	59.008472 	
35.171009 	37.483330 	31.320919 	26.627054 	31.000000 	24.331051 	65.459915 	20.124611 	26.019224 	27.000000 	25.079872 	95.189285 	87.091904 	18.110771 	69.570107 	59.093147 	12.041595 	16.031219 	46.238514 	69.318108 	18.601076 	36.055511 	999.000000 	3.605551 	6.000000 	6.082763 	5.000000 	7.000000 	6.403124 	6.403124 	9.000000 	22.472204 	8.944272 	16.278820 	9.848858 	20.248457 	24.698177 	15.297058 	16.278820 	24.083189 	22.022715 	23.000000 	26.172504 	32.280025 	21.095022 	23.345236 	26.172504 	28.017851 	28.071337 	31.016125 	26.627054 	26.870058 	34.669872 	
38.600517 	40.024994 	34.176014 	30.000000 	34.058773 	27.658634 	67.720009 	23.706539 	29.154760 	30.066593 	27.459061 	97.416634 	90.022217 	21.377558 	70.604530 	61.098282 	15.556349 	18.439089 	47.127487 	71.175842 	20.124611 	36.235340 	3.605551 	999.000000 	5.000000 	4.472136 	2.000000 	4.472136 	3.162278 	2.828427 	6.324555 	21.260292 	5.385165 	15.231546 	6.324555 	18.357559 	24.186773 	13.000000 	14.000000 	22.561028 	20.099751 	21.213203 	24.738634 	31.384710 	18.000000 	21.023796 	24.000000 	26.076809 	26.019224 	29.068884 	23.323807 	23.345236 	31.384710 	
37.161808 	43.416588 	37.107952 	31.764761 	31.575306 	26.000000 	63.788715 	23.430750 	26.925823 	27.658634 	31.064449 	101.178062 	87.022987 	19.697716 	75.286118 	56.920998 	17.000000 	22.022715 	51.865211 	66.850578 	15.811388 	41.182522 	6.000000 	5.000000 	999.000000 	1.000000 	3.605551 	9.219544 	4.123106 	5.385165 	10.816654 	26.172504 	8.246211 	10.440307 	9.219544 	23.021729 	19.235384 	9.486833 	10.440307 	18.110771 	16.031219 	17.000000 	20.223749 	26.570660 	21.377558 	17.464249 	20.223749 	22.022715 	22.090721 	25.019993 	21.931713 	23.021729 	29.832869 	
38.078865 	43.566040 	37.363083 	32.249031 	32.557640 	26.925823 	64.761101 	24.207438 	27.892651 	28.635643 	31.144823 	101.242287 	88.022728 	20.615528 	75.000000 	57.870544 	17.492855 	22.090721 	51.546097 	67.779053 	16.763054 	40.706264 	6.082763 	4.472136 	1.000000 	999.000000 	2.828427 	8.485281 	3.162278 	4.472136 	10.000000 	25.455845 	7.280110 	10.770329 	8.246211 	22.203604 	19.723083 	9.219544 	10.198039 	18.248287 	16.000000 	17.029387 	20.396078 	26.925823 	20.396078 	17.262676 	20.099751 	22.000000 	22.022715 	25.000000 	21.260292 	22.203604 	29.206163 	
39.217342 	41.976185 	36.055511 	31.622776 	34.234486 	28.160255 	67.186310 	24.698177 	29.427877 	30.265491 	29.427877 	99.408249 	90.000000 	21.840330 	72.532753 	60.406952 	17.029387 	20.396078 	49.040798 	70.384659 	19.313208 	38.013157 	5.000000 	2.000000 	3.605551 	2.828427 	999.000000 	5.656854 	1.414214 	2.000000 	7.211102 	22.627417 	5.000000 	13.416408 	6.000000 	19.416489 	22.472204 	11.000000 	12.000000 	20.615528 	18.110771 	19.235384 	22.803509 	29.546574 	18.110771 	19.026299 	22.000000 	24.083189 	24.020824 	27.073973 	21.633308 	21.931713 	29.681644 	
41.976185 	39.217342 	34.000000 	31.112698 	38.000000 	31.257000 	72.124893 	26.570660 	33.015148 	34.000000 	26.570660 	95.885345 	94.085068 	25.079872 	67.683083 	65.551506 	17.492855 	17.888544 	44.147480 	75.643906 	24.596748 	32.695564 	7.000000 	4.472136 	9.219544 	8.485281 	5.656854 	999.000000 	5.830952 	4.472136 	2.000000 	16.970562 	4.123106 	18.867962 	4.472136 	13.892444 	28.017851 	15.524175 	16.492422 	25.632011 	22.803509 	24.041630 	27.856777 	34.885529 	14.142136 	23.194826 	26.305893 	28.635643 	28.442924 	31.575306 	23.409399 	22.472204 	31.384710 	
40.496914 	43.174065 	37.336308 	33.015148 	35.355339 	29.410883 	67.911705 	26.076809 	30.594116 	31.400637 	30.594116 	100.498756 	91.005493 	23.086792 	73.246162 	61.032780 	18.439089 	21.587032 	49.729267 	70.936592 	19.924858 	38.483765 	6.403124 	3.162278 	4.123106 	3.162278 	1.414214 	5.830952 	999.000000 	1.414214 	7.071068 	22.671568 	4.123106 	13.038404 	5.099020 	19.209373 	22.203604 	10.049875 	11.045361 	19.924858 	17.262676 	18.439089 	22.135944 	29.068884 	17.262676 	18.000000 	21.023796 	23.194826 	23.086792 	26.172504 	20.248457 	20.518284 	28.301943 	
41.109608 	42.449970 	36.769554 	32.802441 	36.221542 	30.083218 	69.123077 	26.419689 	31.400637 	32.249031 	29.832869 	99.609238 	92.000000 	23.769728 	72.034714 	62.297672 	18.384777 	20.880613 	48.507732 	72.235725 	21.189621 	37.161808 	6.403124 	2.828427 	5.385165 	4.472136 	2.000000 	4.472136 	1.414214 	999.000000 	5.656854 	21.260292 	3.000000 	14.422205 	4.000000 	17.804493 	23.600847 	11.180340 	12.165525 	21.189621 	18.439089 	19.646883 	23.409399 	30.413813 	16.124516 	19.026299 	22.090721 	24.331051 	24.186773 	27.294687 	20.591261 	20.518284 	28.653097 	
43.931767 	39.924931 	34.985710 	32.557640 	40.000000 	33.241539 	74.040527 	28.460499 	35.014282 	36.000000 	27.313000 	96.176918 	96.083298 	27.073973 	67.268120 	67.416618 	19.235384 	18.867962 	43.737854 	77.472572 	26.400757 	31.953091 	9.000000 	6.324555 	10.816654 	10.000000 	7.211102 	2.000000 	7.071068 	5.656854 	999.000000 	15.620500 	4.123106 	20.000000 	4.000000 	12.206555 	29.206163 	16.155495 	17.088007 	26.400757 	23.409399 	24.698177 	28.635643 	35.846897 	12.165525 	23.537205 	26.683329 	29.120440 	28.861740 	32.015621 	22.803509 	21.470911 	30.675724 	
53.084839 	35.355339 	33.286633 	35.440090 	51.419842 	43.737854 	87.464279 	37.121422 	46.324940 	47.539455 	24.698177 	86.683334 	107.200745 	38.327538 	54.083271 	81.394104 	27.166155 	20.396078 	31.064449 	91.706055 	41.048752 	18.027756 	22.472204 	21.260292 	26.172504 	25.455845 	22.627417 	16.970562 	22.671568 	21.260292 	15.620500 	999.000000 	19.416489 	35.608986 	18.867962 	5.000000 	44.821869 	31.384710 	32.249031 	41.677334 	38.470768 	39.824615 	43.908997 	51.312767 	14.142136 	38.078865 	41.231056 	43.863426 	43.462627 	46.615448 	34.234486 	31.000000 	41.000000 	
43.965897 	43.324360 	38.013157 	34.713108 	39.204590 	32.984844 	72.034714 	29.068884 	34.365681 	35.227829 	30.675724 	99.985001 	95.000000 	26.683329 	71.386276 	65.145988 	20.615528 	21.931713 	47.853943 	75.026665 	24.041630 	36.055511 	8.944272 	5.385165 	8.246211 	7.280110 	5.000000 	4.123106 	4.123106 	3.000000 	4.123106 	19.416489 	999.000000 	16.278820 	1.000000 	15.556349 	25.495098 	12.083046 	13.000000 	22.360680 	19.313208 	20.615528 	24.596748 	31.906113 	13.152946 	19.416489 	22.561028 	25.000000 	24.738634 	27.892651 	19.313208 	18.601076 	27.313000 	
39.824615 	53.084839 	46.389652 	39.849716 	32.249031 	29.000000 	59.211487 	29.154760 	28.600698 	28.844410 	41.012192 	111.040535 	84.852814 	23.430750 	85.726311 	51.623638 	25.495098 	32.062439 	62.297672 	60.876926 	13.000000 	51.429562 	16.278820 	15.231546 	10.440307 	10.770329 	13.416408 	18.867962 	13.038404 	14.422205 	20.000000 	35.608986 	16.278820 	999.000000 	16.970562 	31.827662 	9.219544 	6.082763 	6.000000 	8.062258 	7.211102 	7.615773 	10.000000 	16.155495 	27.784887 	9.899495 	11.661903 	12.649111 	13.000000 	15.524175 	18.973665 	22.203604 	25.553865 	
44.922153 	43.657761 	38.470768 	35.383614 	40.199501 	33.955853 	73.006851 	29.966648 	35.355339 	36.221542 	31.016125 	100.129913 	96.000000 	27.658634 	71.196907 	66.098412 	21.400934 	22.360680 	47.675991 	75.960518 	25.000000 	35.735138 	9.848858 	6.324555 	9.219544 	8.246211 	6.000000 	4.472136 	5.099020 	4.000000 	4.000000 	18.867962 	1.000000 	16.970562 	999.000000 	14.866069 	26.172504 	12.529964 	13.416408 	22.825424 	19.697716 	21.023796 	25.059929 	32.449963 	12.165525 	19.646883 	22.803509 	25.298222 	25.000000 	28.160255 	18.973665 	18.027756 	26.925823 	
53.037724 	39.051247 	36.235340 	37.161808 	50.487621 	43.104523 	85.702972 	37.054016 	45.398239 	46.529560 	27.658634 	91.482239 	106.569229 	37.336308 	59.076221 	79.309517 	27.073973 	21.931713 	36.055511 	89.470665 	38.470768 	23.021729 	20.248457 	18.357559 	23.021729 	22.203604 	19.416489 	13.892444 	19.209373 	17.804493 	12.206555 	5.000000 	15.556349 	31.827662 	14.866069 	999.000000 	41.036568 	27.202942 	28.017851 	37.443291 	34.132095 	35.510563 	39.661064 	47.201694 	9.219544 	33.541019 	36.674240 	39.357338 	38.910152 	42.047592 	29.274563 	26.000000 	36.000000 	
40.607880 	60.074955 	53.000000 	45.398239 	31.827662 	30.886890 	53.037724 	33.241539 	29.410883 	29.206163 	48.507732 	118.038132 	80.280754 	26.570660 	94.244362 	45.011108 	32.015621 	39.812057 	70.936592 	53.600372 	13.416408 	60.415230 	24.698177 	24.186773 	19.235384 	19.723083 	22.472204 	28.017851 	22.203604 	23.600847 	29.206163 	44.821869 	25.495098 	9.219544 	26.172504 	41.036568 	999.000000 	14.422205 	13.892444 	7.071068 	10.049875 	9.000000 	6.708204 	8.000000 	36.619667 	13.000000 	12.369317 	11.180340 	12.083046 	12.806249 	24.020824 	28.284271 	28.635643 	
44.102154 	52.773098 	46.572525 	41.146080 	37.161808 	33.015148 	65.276337 	31.890438 	33.120991 	33.541019 	40.311287 	110.367569 	90.669731 	27.018513 	83.198555 	57.706154 	26.400757 	31.257000 	59.665737 	66.940269 	18.439089 	48.104053 	15.297058 	13.000000 	9.486833 	9.219544 	11.000000 	15.524175 	10.049875 	11.180340 	16.155495 	31.384710 	12.083046 	6.082763 	12.529964 	27.202942 	14.422205 	999.000000 	1.000000 	10.295630 	7.280110 	8.544003 	12.529964 	20.000000 	22.203604 	8.062258 	11.000000 	13.152946 	13.038404 	16.124516 	13.892444 	16.492422 	21.260292 	
44.654228 	53.758720 	47.539455 	42.047592 	37.576588 	33.600594 	65.192024 	32.649654 	33.615471 	34.000000 	41.303753 	111.364265 	90.796478 	27.658634 	84.172440 	57.558666 	27.313000 	32.249031 	60.638271 	66.708321 	18.681541 	49.040798 	16.278820 	14.000000 	10.440307 	10.198039 	12.000000 	16.492422 	11.045361 	12.165525 	17.088007 	32.249031 	13.000000 	6.000000 	13.416408 	28.017851 	13.892444 	1.000000 	999.000000 	9.433981 	6.324555 	7.615773 	11.661903 	19.209373 	22.803509 	7.071068 	10.000000 	12.165525 	12.041595 	15.132746 	13.416408 	16.278820 	20.615528 	
45.967381 	61.131008 	54.451813 	47.801674 	37.643059 	35.608986 	60.074955 	36.674240 	34.655445 	34.655445 	49.000000 	119.067207 	87.321243 	30.528675 	93.145050 	52.000000 	33.541019 	40.012497 	69.641945 	60.406952 	18.384777 	58.309521 	24.083189 	22.561028 	18.110771 	18.248287 	20.615528 	25.632011 	19.924858 	21.189621 	26.400757 	41.677334 	22.360680 	8.062258 	22.825424 	37.443291 	7.071068 	10.295630 	9.433981 	999.000000 	3.605551 	2.236068 	2.236068 	9.899495 	31.827662 	6.082763 	5.385165 	5.000000 	5.656854 	7.615773 	17.117243 	21.587032 	21.587032 	
46.754681 	59.413803 	52.952808 	46.818798 	38.832977 	36.069378 	63.007935 	36.359318 	35.468296 	35.608986 	47.095646 	117.209213 	89.822044 	30.610456 	90.470993 	55.036350 	32.280025 	38.052597 	66.940269 	63.639610 	19.416489 	55.362442 	22.022715 	20.099751 	16.031219 	16.000000 	18.110771 	22.803509 	17.262676 	18.439089 	23.409399 	38.470768 	19.313208 	7.211102 	19.697716 	34.132095 	10.049875 	7.280110 	6.324555 	3.605551 	999.000000 	1.414214 	5.656854 	13.453624 	28.284271 	3.162278 	4.472136 	6.000000 	6.082763 	9.000000 	14.000000 	18.248287 	19.313208 	
46.690472 	60.299255 	53.758720 	47.434166 	38.600517 	36.124783 	62.032249 	36.715118 	35.383614 	35.468296 	48.041649 	118.152443 	89.050545 	30.805843 	91.678787 	54.009258 	32.984844 	39.012817 	68.154236 	62.514000 	19.209373 	56.648037 	23.000000 	21.213203 	17.000000 	17.029387 	19.235384 	24.041630 	18.439089 	19.646883 	24.698177 	39.824615 	20.615528 	7.615773 	21.023796 	35.510563 	9.000000 	8.544003 	7.615773 	2.236068 	1.414214 	999.000000 	4.242640 	12.041595 	29.698484 	4.000000 	4.242640 	5.099020 	5.385165 	8.062258 	15.033297 	19.416489 	19.924858 	
46.754681 	63.071388 	56.320511 	49.477268 	38.209946 	36.619667 	59.211487 	38.078865 	35.468296 	35.383614 	51.009804 	121.037186 	86.833176 	31.764761 	95.336250 	51.039200 	35.355339 	42.047592 	71.840103 	59.211487 	19.209373 	60.539242 	26.172504 	24.738634 	20.223749 	20.396078 	22.803509 	27.856777 	22.135944 	23.409399 	28.635643 	43.908997 	24.596748 	10.000000 	25.059929 	39.661064 	6.708204 	12.529964 	11.661903 	2.236068 	5.656854 	4.242640 	999.000000 	7.810250 	33.941124 	7.615773 	6.000000 	4.472136 	5.385165 	6.403124 	18.439089 	23.086792 	22.203604 	
47.169907 	68.066147 	61.000000 	53.338543 	38.013157 	38.078865 	53.935146 	41.000000 	36.235340 	35.846897 	56.435802 	126.035706 	82.540901 	34.205261 	101.833199 	45.541191 	40.012497 	47.675991 	78.434685 	53.000000 	20.880613 	67.542580 	32.280025 	31.384710 	26.570660 	26.925823 	29.546574 	34.885529 	29.068884 	30.413813 	35.846897 	51.312767 	31.906113 	16.155495 	32.449963 	47.201694 	8.000000 	20.000000 	19.209373 	9.899495 	13.453624 	12.041595 	7.810250 	999.000000 	41.725292 	15.264338 	13.000000 	10.440307 	11.401754 	10.000000 	25.632011 	30.463093 	28.071337 	
56.089214 	47.434166 	43.863426 	43.266617 	52.038448 	45.398239 	85.146935 	40.521599 	47.095646 	48.041649 	35.468296 	100.687637 	108.018517 	39.204590 	68.007355 	78.160095 	31.016125 	28.425341 	45.177429 	87.920418 	37.107952 	32.015621 	21.095022 	18.000000 	21.377558 	20.396078 	18.110771 	14.142136 	17.262676 	16.124516 	12.165525 	14.142136 	13.152946 	27.784887 	12.165525 	9.219544 	36.619667 	22.203604 	22.803509 	31.827662 	28.284271 	29.698484 	33.941124 	41.725292 	999.000000 	27.018513 	30.000000 	32.802441 	32.202484 	35.227829 	20.880613 	17.117243 	27.073973 	
49.678970 	60.827625 	54.571056 	48.846699 	41.880783 	38.897301 	66.030296 	38.832977 	38.418747 	38.600517 	48.373547 	118.422974 	92.962357 	33.301651 	90.801979 	58.008621 	34.176014 	39.319206 	67.268120 	66.483078 	22.472204 	55.362442 	23.345236 	21.023796 	17.464249 	17.262676 	19.026299 	23.194826 	18.000000 	19.026299 	23.537205 	38.078865 	19.416489 	9.899495 	19.646883 	33.541019 	13.000000 	8.062258 	7.071068 	6.082763 	3.162278 	4.000000 	7.615773 	15.264338 	27.018513 	999.000000 	3.162278 	5.830952 	5.385165 	8.544003 	11.045361 	15.524175 	16.155495 	
50.931328 	63.639610 	57.271286 	51.264023 	42.801868 	40.360870 	65.192024 	40.816662 	39.623226 	39.698868 	51.244511 	121.334251 	92.649879 	35.000000 	93.941475 	57.035076 	36.687874 	42.190044 	70.405968 	65.192024 	23.430750 	58.523499 	26.172504 	24.000000 	20.223749 	20.099751 	22.000000 	26.305893 	21.023796 	22.090721 	26.683329 	41.231056 	22.561028 	11.661903 	22.803509 	36.674240 	12.369317 	11.000000 	10.000000 	5.385165 	4.472136 	4.242640 	6.000000 	13.000000 	30.000000 	3.162278 	999.000000 	2.828427 	2.236068 	5.385165 	12.649111 	17.464249 	16.278820 	
50.931328 	65.375839 	58.855755 	52.497620 	42.520584 	40.607880 	63.387695 	41.593269 	39.623226 	39.597980 	53.084839 	123.199028 	91.214035 	35.510563 	96.317184 	55.145264 	38.078865 	44.045429 	72.780495 	63.071388 	23.345236 	61.032780 	28.017851 	26.076809 	22.022715 	22.000000 	24.083189 	28.635643 	23.194826 	24.331051 	29.120440 	43.863426 	25.000000 	12.649111 	25.298222 	39.357338 	11.180340 	13.152946 	12.165525 	5.000000 	6.000000 	5.099020 	4.472136 	10.440307 	32.802441 	5.830952 	2.828427 	999.000000 	1.000000 	3.000000 	15.231546 	20.124611 	18.027756 	
51.623638 	65.490456 	59.033890 	52.810986 	43.278172 	41.231056 	64.381676 	42.059483 	40.311287 	40.311287 	53.150730 	123.259888 	92.179176 	36.055511 	96.104111 	56.142673 	38.327538 	44.102154 	72.567207 	64.070274 	24.041630 	60.728905 	28.071337 	26.019224 	22.090721 	22.022715 	24.020824 	28.442924 	23.086792 	24.186773 	28.861740 	43.462627 	24.738634 	13.000000 	25.000000 	38.910152 	12.083046 	13.038404 	12.041595 	5.656854 	6.082763 	5.385165 	5.385165 	11.401754 	32.202484 	5.385165 	2.236068 	1.000000 	999.000000 	3.162278 	14.317822 	19.235384 	17.029387 	
53.150730 	68.359344 	61.814240 	55.362442 	44.553337 	43.011627 	63.788715 	44.283180 	41.868843 	41.773197 	56.080299 	126.194298 	92.048897 	38.078865 	99.247169 	55.443665 	41.000000 	47.042534 	75.709976 	63.000000 	25.612497 	63.890530 	31.016125 	29.068884 	25.019993 	25.000000 	27.073973 	31.575306 	26.172504 	27.294687 	32.015621 	46.615448 	27.892651 	15.524175 	28.160255 	42.047592 	12.806249 	16.124516 	15.132746 	7.615773 	9.000000 	8.062258 	6.403124 	10.000000 	35.227829 	8.544003 	5.385165 	3.000000 	3.162278 	999.000000 	16.643316 	21.633308 	18.110771 	
57.982758 	62.625874 	57.271286 	53.254108 	50.990196 	46.872166 	77.006493 	45.276924 	47.010635 	47.413078 	49.979996 	118.869675 	103.576057 	40.804413 	88.277969 	69.028976 	38.600517 	41.231056 	65.030762 	77.524193 	31.953091 	52.239830 	26.627054 	23.323807 	21.931713 	21.260292 	21.633308 	23.409399 	20.248457 	20.591261 	22.803509 	34.234486 	19.313208 	18.973665 	18.973665 	29.274563 	24.020824 	13.892444 	13.416408 	17.117243 	14.000000 	15.033297 	18.439089 	25.632011 	20.880613 	11.045361 	12.649111 	15.231546 	14.317822 	16.643316 	999.000000 	5.000000 	8.062258 	
59.941639 	61.326992 	56.435802 	53.263496 	53.488316 	48.764740 	81.024689 	46.400433 	49.244289 	49.769470 	48.754486 	116.709038 	107.056061 	42.544094 	85.052925 	73.171036 	38.897301 	40.311287 	62.032249 	81.884064 	34.928497 	49.010204 	26.870058 	23.345236 	23.021729 	22.203604 	21.931713 	22.472204 	20.518284 	20.518284 	21.470911 	31.000000 	18.601076 	22.203604 	18.027756 	26.000000 	28.284271 	16.492422 	16.278820 	21.587032 	18.248287 	19.416489 	23.086792 	30.463093 	17.117243 	15.524175 	17.464249 	20.124611 	19.235384 	21.633308 	5.000000 	999.000000 	10.000000 	
65.215027 	70.576202 	65.306969 	61.294373 	57.801384 	54.203320 	81.394104 	53.037724 	54.083271 	54.378304 	57.939625 	126.495056 	108.908218 	48.270073 	95.047356 	73.171036 	46.615448 	49.244289 	72.027771 	81.024689 	38.470768 	59.008472 	34.669872 	31.384710 	29.832869 	29.206163 	29.681644 	31.384710 	28.301943 	28.653097 	30.675724 	41.000000 	27.313000 	25.553865 	26.925823 	36.000000 	28.635643 	21.260292 	20.615528 	21.587032 	19.313208 	19.924858 	22.203604 	28.071337 	27.073973 	16.155495 	16.278820 	18.027756 	17.029387 	18.110771 	8.062258 	10.000000 	999.000000 	

Travel time:
9.000000 	0.989950 	0.816241 	0.575543 	0.237171 	0.279509 	1.025914 	0.400000 	0.282843 	0.285044 	0.894427 	2.261084 	1.364276 	0.436606 	1.997655 	0.964689 	0.650000 	0.843356 	1.532359 	1.220656 	0.689656 	1.448491 	0.879275 	0.965013 	0.929045 	0.951972 	0.980434 	1.049405 	1.012423 	1.027740 	1.098294 	1.327121 	1.099147 	0.995615 	1.123054 	1.325943 	1.015197 	1.102554 	1.116356 	1.149184 	1.168867 	1.167262 	1.168867 	1.179248 	1.402230 	1.241974 	1.273283 	1.273283 	1.290591 	1.328768 	1.449569 	1.498541 	1.630376 	
0.989950 	9.000000 	0.190394 	0.437321 	1.116356 	0.939747 	2.015564 	0.761577 	1.029563 	1.063602 	0.316228 	1.450000 	2.269637 	0.925000 	1.007782 	1.940522 	0.701783 	0.539676 	0.594243 	2.202271 	1.220912 	0.673146 	0.937083 	1.000625 	1.085415 	1.089151 	1.049405 	0.980434 	1.079352 	1.061249 	0.998123 	0.883883 	1.083109 	1.327121 	1.091444 	0.976281 	1.501874 	1.319327 	1.343968 	1.528275 	1.485345 	1.507481 	1.576785 	1.701654 	1.185854 	1.520691 	1.590990 	1.634396 	1.637261 	1.708984 	1.565647 	1.533175 	1.764405 	
0.816241 	0.190394 	9.000000 	0.250000 	0.930054 	0.750417 	1.838818 	0.571183 	0.840387 	0.874643 	0.215058 	1.626730 	2.127205 	0.735272 	1.187697 	1.757306 	0.525595 	0.403113 	0.726722 	2.020211 	1.035918 	0.725000 	0.783023 	0.854400 	0.927699 	0.934077 	0.901388 	0.850000 	0.933408 	0.919239 	0.874643 	0.832166 	0.950329 	1.159741 	0.961769 	0.905883 	1.325000 	1.164313 	1.188486 	1.361295 	1.323820 	1.343968 	1.408013 	1.525000 	1.096586 	1.364276 	1.431782 	1.471394 	1.475847 	1.545356 	1.431782 	1.410895 	1.632674 	
0.575543 	0.437321 	0.250000 	9.000000 	0.680074 	0.503115 	1.592561 	0.333542 	0.592663 	0.626498 	0.333542 	1.838818 	1.913766 	0.505594 	1.437228 	1.507689 	0.369121 	0.380789 	0.956883 	1.770946 	0.825000 	0.897566 	0.665676 	0.750000 	0.794119 	0.806226 	0.790569 	0.777817 	0.825379 	0.820061 	0.813941 	0.886002 	0.867828 	0.996243 	0.884590 	0.929045 	1.134956 	1.028652 	1.051190 	1.195042 	1.170470 	1.185854 	1.236932 	1.333464 	1.081665 	1.221167 	1.281601 	1.312441 	1.320275 	1.384061 	1.331353 	1.331587 	1.532359 	
0.237171 	1.116356 	0.930054 	0.680074 	9.000000 	0.201556 	0.936082 	0.395285 	0.127475 	0.100000 	0.957209 	2.455860 	1.403567 	0.328824 	2.116158 	0.831038 	0.617454 	0.850000 	1.611094 	1.096016 	0.485412 	1.479231 	0.775000 	0.851469 	0.789383 	0.813941 	0.855862 	0.950000 	0.883883 	0.905539 	1.000000 	1.285496 	0.980115 	0.806226 	1.004987 	1.262191 	0.795692 	0.929045 	0.939415 	0.941076 	0.970824 	0.965013 	0.955249 	0.950329 	1.300961 	1.047020 	1.070047 	1.063015 	1.081954 	1.113833 	1.274755 	1.337208 	1.445035 	
0.279509 	0.939747 	0.750417 	0.503115 	0.201556 	9.000000 	1.137157 	0.195256 	0.090139 	0.125000 	0.760345 	2.319078 	1.587648 	0.158114 	1.930026 	1.025914 	0.419076 	0.648556 	1.414655 	1.291559 	0.437321 	1.277693 	0.608276 	0.691466 	0.650000 	0.673146 	0.704006 	0.781425 	0.735272 	0.752080 	0.831038 	1.093446 	0.824621 	0.725000 	0.848896 	1.077613 	0.772172 	0.825379 	0.840015 	0.890225 	0.901734 	0.903120 	0.915492 	0.951972 	1.134956 	0.972432 	1.009022 	1.015197 	1.030776 	1.075291 	1.171804 	1.219118 	1.355083 	
1.025914 	2.015564 	1.838818 	1.592561 	0.936082 	1.137157 	9.000000 	1.331353 	1.054751 	1.020416 	1.890106 	3.220248 	0.755811 	1.241219 	3.023347 	0.213600 	1.544345 	1.783606 	2.541776 	0.250000 	1.201301 	2.414151 	1.636498 	1.693000 	1.594718 	1.619027 	1.679658 	1.803122 	1.697793 	1.728077 	1.851013 	2.186607 	1.800868 	1.480287 	1.825171 	2.142574 	1.325943 	1.631908 	1.629801 	1.501874 	1.575198 	1.550806 	1.480287 	1.348379 	2.128673 	1.650757 	1.629801 	1.584692 	1.609542 	1.594718 	1.925162 	2.025617 	2.034853 	
0.400000 	0.761577 	0.571183 	0.333542 	0.395285 	0.195256 	1.331353 	9.000000 	0.282843 	0.318198 	0.565685 	2.170829 	1.755349 	0.175000 	1.740869 	1.220912 	0.250000 	0.459619 	1.219887 	1.486607 	0.505594 	1.085415 	0.503115 	0.592663 	0.585769 	0.605186 	0.617454 	0.664266 	0.651920 	0.660492 	0.711512 	0.928036 	0.726722 	0.728869 	0.749166 	0.926350 	0.831038 	0.797261 	0.816241 	0.916856 	0.908983 	0.917878 	0.951972 	1.025000 	1.013040 	0.970824 	1.020416 	1.039832 	1.051487 	1.107080 	1.131923 	1.160011 	1.325943 	
0.282843 	1.029563 	0.840387 	0.592663 	0.127475 	0.090139 	1.054751 	0.282843 	9.000000 	0.035355 	0.848528 	2.402603 	1.530114 	0.201556 	2.020056 	0.938416 	0.492443 	0.728869 	1.502706 	1.204159 	0.406971 	1.359458 	0.650481 	0.728869 	0.673146 	0.697316 	0.735697 	0.825379 	0.764853 	0.785016 	0.875357 	1.158123 	0.859142 	0.715017 	0.883883 	1.134956 	0.735272 	0.828025 	0.840387 	0.866386 	0.886707 	0.884590 	0.886707 	0.905883 	1.177391 	0.960469 	0.990581 	0.990581 	1.007782 	1.046721 	1.175266 	1.231107 	1.352082 	
0.285044 	1.063602 	0.874643 	0.626498 	0.100000 	0.125000 	1.020416 	0.318198 	0.035355 	9.000000 	0.883883 	2.432334 	1.503330 	0.230489 	2.055024 	0.903120 	0.525595 	0.763217 	1.538059 	1.168867 	0.406971 	1.393960 	0.675000 	0.751665 	0.691466 	0.715891 	0.756637 	0.850000 	0.785016 	0.806226 	0.900000 	1.188486 	0.880696 	0.721110 	0.905539 	1.163239 	0.730154 	0.838525 	0.850000 	0.866386 	0.890225 	0.886707 	0.884590 	0.896172 	1.201041 	0.965013 	0.992472 	0.989950 	1.007782 	1.044330 	1.185327 	1.244237 	1.359458 	
0.894427 	0.316228 	0.215058 	0.333542 	0.957209 	0.760345 	1.890106 	0.565685 	0.848528 	0.883883 	9.000000 	1.752855 	2.245273 	0.700446 	1.187697 	1.786232 	0.427200 	0.226385 	0.654313 	2.051828 	0.956883 	0.564026 	0.626997 	0.686477 	0.776611 	0.778621 	0.735697 	0.664266 	0.764853 	0.745822 	0.682825 	0.617454 	0.766893 	1.025305 	0.775403 	0.691466 	1.212693 	1.007782 	1.032594 	1.225000 	1.177391 	1.201041 	1.275245 	1.410895 	0.886707 	1.209339 	1.281113 	1.327121 	1.328768 	1.402007 	1.249500 	1.218862 	1.448491 	
2.261084 	1.450000 	1.626730 	1.838818 	2.455860 	2.319078 	3.220248 	2.170829 	2.402603 	2.432334 	1.752855 	9.000000 	3.197851 	2.344275 	1.007782 	3.207900 	2.150581 	1.978952 	1.421487 	3.447100 	2.659535 	1.750179 	2.379732 	2.435416 	2.529452 	2.531057 	2.485206 	2.397134 	2.512469 	2.490231 	2.404423 	2.167083 	2.499625 	2.776013 	2.503248 	2.287056 	2.950953 	2.759189 	2.784107 	2.976680 	2.930230 	2.953811 	3.025930 	3.150893 	2.517191 	2.960574 	3.033356 	3.079976 	3.081497 	3.154857 	2.971742 	2.917726 	3.162376 	
1.364276 	2.269637 	2.127205 	1.913766 	1.403567 	1.587648 	0.755811 	1.755349 	1.530114 	1.503330 	2.245273 	3.197851 	9.000000 	1.731509 	3.238538 	0.964689 	2.001562 	2.207374 	2.853178 	0.919918 	1.808487 	2.806800 	2.177298 	2.250556 	2.175575 	2.200568 	2.250000 	2.352127 	2.275137 	2.300000 	2.402082 	2.680019 	2.375000 	2.121320 	2.400000 	2.664231 	2.007019 	2.266743 	2.269912 	2.183031 	2.245551 	2.226264 	2.170829 	2.063523 	2.700463 	2.324059 	2.316247 	2.280351 	2.304479 	2.301222 	2.589401 	2.676402 	2.722705 	
0.436606 	0.925000 	0.735272 	0.505594 	0.328824 	0.158114 	1.241219 	0.175000 	0.201556 	0.230489 	0.700446 	2.344275 	1.731509 	9.000000 	1.886796 	1.110180 	0.305164 	0.550568 	1.347683 	1.375000 	0.333542 	1.180042 	0.452769 	0.534439 	0.492443 	0.515388 	0.546008 	0.626997 	0.577170 	0.594243 	0.676849 	0.958188 	0.667083 	0.585769 	0.691466 	0.933408 	0.664266 	0.675463 	0.691466 	0.763217 	0.765261 	0.770146 	0.794119 	0.855132 	0.980115 	0.832541 	0.875000 	0.887764 	0.901388 	0.951972 	1.020110 	1.063602 	1.206752 	
1.997655 	1.007782 	1.187697 	1.437228 	2.116158 	1.930026 	3.023347 	1.740869 	2.020056 	2.055024 	1.187697 	1.007782 	3.238538 	1.886796 	9.000000 	2.944911 	1.610318 	1.375909 	0.588430 	3.207900 	2.135708 	0.901388 	1.739253 	1.765113 	1.882153 	1.875000 	1.813319 	1.692077 	1.831154 	1.800868 	1.681703 	1.352082 	1.784657 	2.143158 	1.779923 	1.476906 	2.356109 	2.079964 	2.104311 	2.328626 	2.261775 	2.291970 	2.383406 	2.545830 	1.700184 	2.270050 	2.348537 	2.407930 	2.402603 	2.481179 	2.206949 	2.126323 	2.376184 	
0.964689 	1.940522 	1.757306 	1.507689 	0.831038 	1.025914 	0.213600 	1.220912 	0.938416 	0.903120 	1.786232 	3.207900 	0.964689 	1.110180 	2.944911 	9.000000 	1.415318 	1.660007 	2.440543 	0.265754 	1.027740 	2.290196 	1.477329 	1.527457 	1.423025 	1.446764 	1.510174 	1.638788 	1.525820 	1.557442 	1.685416 	2.034853 	1.628650 	1.290591 	1.652460 	1.982738 	1.125278 	1.442654 	1.438967 	1.300000 	1.375909 	1.350231 	1.275980 	1.138530 	1.954002 	1.450216 	1.425877 	1.378632 	1.403567 	1.386092 	1.725724 	1.829276 	1.829276 	
0.650000 	0.701783 	0.525595 	0.369121 	0.617454 	0.419076 	1.544345 	0.250000 	0.492443 	0.525595 	0.427200 	2.150581 	2.001562 	0.305164 	1.610318 	1.415318 	9.000000 	0.247487 	1.055047 	1.680030 	0.529741 	0.875000 	0.301040 	0.388909 	0.425000 	0.437321 	0.425735 	0.437321 	0.460977 	0.459619 	0.480885 	0.679154 	0.515388 	0.637377 	0.535023 	0.676849 	0.800391 	0.660019 	0.682825 	0.838525 	0.807001 	0.824621 	0.883883 	1.000312 	0.775403 	0.854400 	0.917197 	0.951972 	0.958188 	1.025000 	0.965013 	0.972432 	1.165386 	
