Total assets = 910
Number of asset nodes = 50

Distance:
999.000000 	15.620500 	66.309875 	40.311287 	93.648277 	58.180752 	42.520584 	69.656296 	68.876701 	26.076809 	16.155495 	35.846897 	40.261642 	72.897186 	10.440307 	38.418747 	67.535179 	46.861500 	8.062258 	89.627007 	61.057350 	59.464275 	50.606323 	35.777088 	61.854668 	20.024984 	80.062477 	20.000000 	30.528675 	18.248287 	53.823788 	24.351591 	44.294468 	67.424034 	78.032043 	20.024984 	22.360680 	17.029387 	46.957428 	18.027756 	98.858482 	34.928497 	52.354561 	21.189621 	109.201645 	49.769470 	32.756680 	38.327538 	61.294373 	51.264023 	57.271286 	48.083260 	32.249031 	33.136082 	63.953106 	65.000000 	38.470768 	58.249462 	53.235325 	45.541191 	52.009613 	50.159744 	64.776543 	67.186310 	
15.620500 	999.000000 	51.546097 	55.901699 	108.452751 	42.953465 	58.137768 	85.041168 	53.851646 	38.626415 	25.709921 	50.249378 	27.000000 	87.464279 	9.000000 	22.803509 	52.392746 	62.481998 	16.278820 	104.809349 	45.650848 	75.073296 	66.219330 	51.107731 	46.324940 	33.837849 	64.884514 	33.526108 	16.492422 	30.805843 	69.404610 	13.601471 	59.682495 	51.865211 	62.649822 	14.866069 	14.422205 	23.194826 	62.265560 	22.561028 	114.214706 	49.396355 	67.742157 	21.470911 	124.470879 	64.845970 	22.561028 	52.201534 	76.661591 	66.211784 	72.470680 	62.769421 	44.407207 	45.541191 	79.259071 	80.056229 	33.286633 	72.422371 	66.708321 	57.078892 	64.629715 	62.289646 	78.587532 	79.158073 	
66.309875 	51.546097 	999.000000 	104.957130 	152.029602 	10.198039 	107.540688 	132.003784 	4.123106 	81.688431 	68.600288 	95.425362 	27.202942 	130.831955 	60.166435 	31.064449 	5.099020 	112.004463 	67.720009 	150.233154 	10.816654 	124.020157 	115.974136 	102.044106 	13.453624 	85.381500 	14.866069 	85.070557 	45.000000 	82.280006 	119.473846 	53.084839 	110.494347 	14.317822 	15.231546 	60.299255 	57.140179 	73.164200 	113.216606 	71.847061 	160.430664 	100.900940 	118.532700 	68.264191 	169.994110 	116.077560 	54.332310 	103.740059 	127.475487 	117.545738 	123.567795 	114.232216 	95.566734 	96.772926 	130.188324 	131.308792 	68.066147 	123.967735 	118.139748 	107.689369 	115.732452 	113.159180 	130.080750 	129.711212 	
40.311287 	55.901699 	104.957130 	999.000000 	55.973209 	97.652443 	3.000000 	30.016663 	107.912003 	27.073973 	37.336308 	15.811388 	77.897369 	37.215588 	49.678970 	78.644768 	106.780151 	7.280110 	43.011627 	50.537113 	100.801788 	19.209373 	11.401754 	12.369317 	101.828285 	28.460499 	119.268608 	29.410883 	70.292244 	32.893768 	15.297058 	63.007935 	12.206555 	107.447662 	117.643532 	56.603886 	59.908264 	44.777225 	14.764823 	47.010635 	59.076221 	20.615528 	17.262676 	52.801514 	69.641945 	19.235384 	69.971420 	24.698177 	25.019993 	21.470911 	23.345236 	22.022715 	32.140316 	31.257000 	28.017851 	31.144823 	69.892776 	32.249031 	33.241539 	38.483765 	37.013512 	38.275318 	39.357338 	50.328918 	
93.648277 	108.452751 	152.029602 	55.973209 	999.000000 	146.577621 	55.081757 	27.166155 	155.569916 	71.063354 	84.646324 	58.249462 	125.207825 	21.260292 	103.831596 	130.207520 	154.896744 	52.172791 	97.943863 	9.433981 	150.233154 	41.109608 	50.487621 	66.708321 	151.855194 	84.433403 	166.877197 	85.381500 	124.169243 	88.865067 	50.089920 	117.647781 	60.530983 	157.492859 	166.243790 	111.825760 	114.934761 	100.657837 	60.207973 	102.883430 	15.524175 	74.148499 	56.008926 	108.632408 	19.924858 	62.008064 	125.239769 	76.531036 	52.469040 	63.007935 	57.218880 	67.007462 	86.313385 	85.158676 	52.952808 	57.489128 	125.865005 	69.720871 	76.236473 	88.022728 	82.152298 	85.052925 	73.006851 	88.294960 	
58.180752 	42.953465 	10.198039 	97.652443 	146.577621 	999.000000 	100.124924 	125.495018 	11.180340 	75.663727 	62.241467 	89.140335 	21.633308 	125.319588 	51.264023 	21.377558 	9.486833 	104.560989 	58.872746 	144.256714 	4.123106 	116.828934 	108.452751 	93.941475 	7.000000 	76.694199 	21.931713 	76.321686 	35.057095 	73.389374 	111.830231 	43.289722 	102.474388 	11.704700 	20.000000 	50.635956 	47.381432 	63.788715 	105.118980 	62.369865 	154.253036 	92.309265 	110.535065 	58.549126 	164.054871 	107.786827 	44.181442 	94.921021 	119.473846 	109.165016 	115.381973 	105.702415 	86.400230 	87.641312 	122.118797 	123.004066 	57.870544 	115.169441 	109.110039 	98.270035 	106.480042 	103.812332 	121.115646 	120.220627 	
42.520584 	58.137768 	107.540688 	3.000000 	55.081757 	100.124924 	999.000000 	28.635643 	110.453613 	30.066593 	40.162170 	18.681541 	80.529495 	37.013512 	51.662365 	80.919716 	109.293182 	4.472136 	44.821869 	49.244289 	103.227905 	16.970562 	8.544003 	12.000000 	104.201729 	29.546574 	121.794907 	30.463093 	72.249565 	34.014702 	12.369317 	64.815125 	9.899495 	109.808922 	120.104118 	58.249462 	61.611687 	46.065170 	12.206555 	48.301140 	57.454330 	20.099751 	14.317822 	54.120235 	68.095520 	16.643316 	71.561165 	23.769728 	22.022715 	18.867962 	20.396078 	19.798990 	32.000000 	31.016125 	25.019993 	28.160255 	70.936592 	29.681644 	31.144823 	37.336308 	35.227829 	36.715118 	36.715118 	48.104053 	
69.656296 	85.041168 	132.003784 	30.016663 	27.166155 	125.495018 	28.635643 	999.000000 	135.247925 	50.477718 	63.411354 	36.619667 	104.809349 	15.556349 	79.404030 	107.517441 	134.316788 	25.298222 	72.945183 	20.615528 	128.887543 	14.000000 	23.345236 	39.849716 	130.176804 	58.180752 	146.649246 	59.093147 	100.000000 	62.649822 	23.000000 	92.913940 	33.376640 	135.830780 	145.454468 	86.608315 	89.888817 	74.686012 	33.060551 	76.922035 	29.206163 	47.074409 	29.068884 	82.734512 	39.661064 	35.057095 	99.985001 	49.365982 	26.925823 	36.221542 	31.048349 	40.049969 	59.228371 	58.051701 	28.178005 	33.120991 	99.538940 	43.965897 	49.819675 	61.008198 	55.578773 	58.309521 	48.332184 	63.324562 	
68.876701 	53.851646 	4.123106 	107.912003 	155.569916 	11.180340 	110.453613 	135.247925 	999.000000 	85.041168 	71.840103 	98.716766 	30.479502 	134.350296 	62.297672 	32.557640 	2.236068 	114.908661 	69.892776 	153.639191 	10.198039 	127.027557 	118.848640 	104.651802 	12.083046 	87.664131 	11.401754 	87.315521 	46.173584 	84.433403 	122.298813 	54.451813 	113.145920 	11.401754 	11.180340 	61.814240 	58.549126 	74.953316 	115.831772 	73.545906 	163.783386 	103.247276 	121.198181 	69.720871 	173.415680 	118.595955 	55.036350 	105.948097 	130.142227 	120.016663 	126.142776 	116.619041 	97.529480 	98.762344 	132.823196 	133.824509 	68.468971 	126.194298 	120.208153 	109.444046 	117.630775 	114.978256 	132.196823 	131.400146 	
26.076809 	38.626415 	81.688431 	27.073973 	71.063354 	75.663727 	30.066593 	50.477718 	85.041168 	999.000000 	13.601471 	13.892444 	54.561890 	49.819675 	36.345562 	59.363289 	84.219948 	34.234486 	33.060551 	68.622154 	79.246452 	44.271889 	38.327538 	31.622776 	80.808418 	30.805843 	96.426140 	31.622776 	55.027267 	33.120991 	42.296574 	50.009998 	37.336308 	86.452301 	95.482986 	46.097721 	48.373547 	40.024994 	40.311287 	41.773197 	78.746429 	36.715118 	44.011364 	46.270943 	88.413803 	44.553337 	58.694122 	41.677334 	52.086468 	46.690472 	50.039986 	45.607018 	42.426407 	42.449970 	55.081757 	58.008621 	64.124878 	56.753853 	55.154327 	54.203320 	56.824291 	56.603886 	64.031242 	72.013885 	
16.155495 	25.709921 	68.600288 	37.336308 	84.646324 	62.241467 	40.162170 	63.411354 	71.840103 	13.601471 	999.000000 	26.907248 	41.400482 	63.411354 	25.179358 	45.793011 	70.936592 	44.598206 	24.166092 	82.024384 	65.764732 	55.901699 	48.703182 	38.013157 	67.268120 	29.529646 	83.240616 	30.016663 	42.201897 	30.000000 	52.497620 	38.052597 	45.398239 	72.917763 	82.134033 	35.355339 	37.054016 	32.756680 	48.373547 	34.000000 	92.021736 	40.607880 	52.952808 	37.336308 	101.823380 	52.153618 	47.010635 	45.122055 	61.611687 	54.083271 	58.694122 	52.009613 	42.485291 	42.953465 	64.536812 	66.753281 	54.341511 	63.071388 	59.841457 	55.542778 	60.166435 	59.135437 	70.178345 	75.690155 	
35.846897 	50.249378 	95.425362 	15.811388 	58.249462 	89.140335 	18.681541 	36.619667 	98.716766 	13.892444 	26.907248 	999.000000 	68.249542 	37.215588 	46.238514 	72.006943 	97.836601 	22.203604 	41.231056 	55.172459 	92.633690 	30.805843 	26.076809 	24.758837 	94.069122 	32.557640 	110.113579 	33.541019 	66.189125 	36.221542 	30.066593 	60.166435 	27.730848 	99.724625 	109.041275 	55.081757 	57.870544 	46.097721 	30.463093 	48.166378 	65.115280 	32.015621 	32.984844 	53.460266 	74.966660 	34.928497 	68.308128 	36.878178 	40.199501 	37.161808 	39.051247 	37.215588 	41.146080 	40.706264 	43.185646 	46.690472 	71.449280 	47.853943 	48.010414 	50.606323 	50.990196 	51.623638 	55.036350 	65.215027 	
40.261642 	27.000000 	27.202942 	77.897369 	125.207825 	21.633308 	80.529495 	104.809349 	30.479502 	54.561890 	41.400482 	68.249542 	999.000000 	103.966339 	36.000000 	16.643316 	29.698484 	85.000000 	43.104523 	123.166557 	25.553865 	96.896851 	89.005615 	75.610847 	27.730848 	60.016663 	41.868843 	59.841457 	28.017851 	57.428215 	92.574295 	33.615471 	83.934502 	33.120991 	41.036568 	39.293766 	37.000000 	50.089920 	86.729462 	49.254440 	133.304169 	75.186432 	91.923882 	47.074409 	142.947540 	89.810913 	38.832977 	78.447433 	100.846420 	91.394745 	97.144226 	88.323273 	71.253067 	72.339478 	103.619499 	105.004761 	53.000000 	98.488579 	93.214806 	84.053551 	91.443970 	89.202019 	104.923782 	106.117859 	
72.897186 	87.464279 	130.831955 	37.215588 	21.260292 	125.319588 	37.013512 	15.556349 	134.350296 	49.819675 	63.411354 	37.215588 	103.966339 	999.000000 	83.192551 	109.041275 	133.660019 	35.128338 	77.620872 	20.615528 	128.972870 	27.313000 	34.713108 	49.010204 	130.598618 	65.306969 	145.670868 	66.287254 	103.353760 	69.634758 	35.735138 	97.082436 	44.407207 	136.235092 	145.000000 	91.547798 	94.540993 	81.043198 	44.911022 	83.240616 	31.384710 	57.008770 	42.059483 	88.887573 	39.661064 	47.801674 	104.923782 	60.207973 	41.677334 	49.335587 	45.188496 	52.630791 	69.007248 	68.000000 	43.266617 	48.259712 	106.480042 	58.180752 	63.245552 	72.993149 	68.680420 	71.063354 	63.134777 	77.820305 	
10.440307 	9.000000 	60.166435 	49.678970 	103.831596 	51.264023 	51.662365 	79.404030 	62.297672 	36.345562 	25.179358 	46.238514 	36.000000 	83.192551 	999.000000 	30.413813 	60.745369 	55.865910 	7.615773 	99.569069 	53.712196 	68.622154 	59.413803 	43.600460 	54.120235 	25.495098 	73.164200 	25.079872 	20.615528 	22.135944 	62.369865 	13.928389 	52.201534 	59.539902 	70.682388 	10.198039 	12.041595 	14.317822 	54.644306 	13.928389 	108.600182 	41.146080 	60.216278 	14.142136 	119.037811 	56.938564 	22.360680 	43.657761 	69.065186 	58.180752 	64.660652 	54.561890 	35.510563 	36.674240 	71.561165 	72.069412 	29.410883 	63.906181 	57.974133 	48.093658 	55.731499 	53.338543 	69.921387 	70.178345 	
38.418747 	22.803509 	31.064449 	78.644768 	130.207520 	21.377558 	80.919716 	107.517441 	32.557640 	59.363289 	45.793011 	72.006943 	16.643316 	109.041275 	30.413813 	999.000000 	30.805843 	85.276024 	38.013157 	127.015747 	23.409399 	97.836601 	89.022469 	73.783470 	23.706539 	55.901699 	43.011627 	55.461697 	14.142136 	52.392746 	92.200867 	22.022715 	82.377182 	29.154760 	40.311287 	29.274563 	26.076809 	42.449970 	84.905830 	41.000000 	136.619904 	71.554176 	90.426765 	37.215588 	146.754898 	87.321243 	24.351591 	73.925636 	99.322708 	88.588936 	95.015785 	84.970581 	65.145988 	66.407829 	101.872467 	102.474388 	38.626415 	94.154129 	87.920418 	76.902534 	85.164543 	82.462112 	99.959991 	98.843307 	
67.535179 	52.392746 	5.099020 	106.780151 	154.896744 	9.486833 	109.293182 	134.316788 	2.236068 	84.219948 	70.936592 	97.836601 	29.698484 	133.660019 	60.745369 	30.805843 	999.000000 	113.740936 	68.352028 	152.839783 	8.062258 	125.924583 	117.660530 	103.310211 	9.848858 	86.162636 	12.529964 	85.796272 	44.283180 	82.873398 	121.078484 	52.611786 	111.825760 	9.433981 	11.401754 	60.016663 	56.718605 	73.246162 	114.490173 	71.805290 	162.935577 	101.769348 	119.883278 	67.896980 	172.626770 	117.200684 	53.009434 	104.403069 	128.825470 	118.595955 	124.775803 	115.156418 	95.880135 	97.123634 	131.487640 	132.423569 	66.370171 	124.651512 	118.595955 	107.707939 	115.948265 	113.265175 	130.602448 	129.634094 	
46.861500 	62.481998 	112.004463 	7.280110 	52.172791 	104.560989 	4.472136 	25.298222 	114.908661 	34.234486 	44.598206 	22.203604 	85.000000 	35.128338 	55.865910 	85.276024 	113.740936 	999.000000 	48.918301 	45.880280 	107.647575 	12.806249 	4.123106 	14.560220 	108.600182 	33.120991 	126.245789 	34.000000 	76.419891 	37.589893 	8.062258 	68.883957 	9.486833 	114.201576 	124.535133 	62.201286 	65.604881 	49.739319 	10.816654 	51.971146 	53.712196 	22.090721 	11.180340 	57.801384 	64.412735 	14.866069 	75.451973 	25.079872 	18.027756 	16.970562 	17.088007 	18.867962 	34.234486 	33.136082 	21.023796 	24.515301 	74.323616 	27.658634 	30.232433 	38.078865 	34.885529 	36.769554 	34.409302 	46.754681 	
8.062258 	16.278820 	67.720009 	43.011627 	97.943863 	58.872746 	44.821869 	72.945183 	69.892776 	33.060551 	24.166092 	41.231056 	43.104523 	77.620872 	7.615773 	38.013157 	68.352028 	48.918301 	999.000000 	93.295227 	61.326992 	61.717098 	52.345009 	36.235340 	61.717098 	17.888544 	80.777473 	17.464249 	27.586229 	14.560220 	55.172459 	20.000000 	44.821869 	67.119293 	78.294319 	13.928389 	17.000000 	9.219544 	47.201694 	10.000000 	102.078400 	33.541019 	52.801514 	13.341664 	112.605507 	49.396355 	27.313000 	36.055511 	61.611687 	50.606323 	57.140179 	46.957428 	28.160255 	29.274563 	64.070274 	64.498062 	31.064449 	56.302753 	50.447994 	41.000000 	48.373547 	46.097721 	62.361847 	63.031738 	
89.627007 	104.809349 	150.233154 	50.537113 	9.433981 	144.256714 	49.244289 	20.615528 	153.639191 	68.622154 	82.024384 	55.172459 	123.166557 	20.615528 	99.569069 	127.015747 	152.839783 	45.880280 	93.295227 	999.000000 	147.787003 	33.955853 	43.680660 	60.406952 	149.241409 	78.790863 	165.012115 	79.705711 	120.104118 	83.258636 	42.755116 	113.207771 	53.600372 	154.896744 	164.103622 	107.042046 	110.276924 	95.273293 	52.952808 	97.508972 	10.770329 	67.446274 	48.373547 	103.315056 	19.798990 	54.332310 	120.440857 	69.426216 	44.045429 	55.145264 	49.000000 	59.304298 	79.555016 	78.339005 	44.283180 	48.662102 	120.154068 	61.204575 	68.007355 	80.305664 	74.000000 	77.025970 	64.132675 	79.429214 	
61.057350 	45.650848 	10.816654 	100.801788 	150.233154 	4.123106 	103.227905 	128.887543 	10.198039 	79.246452 	65.764732 	92.633690 	25.553865 	128.972870 	53.712196 	23.409399 	8.062258 	107.647575 	61.326992 	147.787003 	999.000000 	120.000000 	111.503365 	96.747093 	3.162278 	79.202271 	19.646883 	78.790863 	36.496574 	75.769386 	114.825958 	44.911022 	105.309067 	7.615773 	17.000000 	52.392746 	49.030602 	65.802734 	107.912003 	64.288414 	157.724442 	94.847244 	113.371071 	60.207973 	167.585800 	110.476242 	45.000000 	97.308784 	122.298813 	111.803398 	118.118584 	108.258949 	88.543777 	89.810913 	124.907967 	125.670204 	58.309521 	117.545738 	111.328346 	100.169853 	108.521889 	105.773346 	123.369362 	122.024590 	
59.464275 	75.073296 	124.020157 	19.209373 	41.109608 	116.828934 	16.970562 	14.000000 	127.027557 	44.271889 	55.901699 	30.805843 	96.896851 	27.313000 	68.622154 	97.836601 	125.924583 	12.806249 	61.717098 	33.955853 	120.000000 	999.000000 	9.848858 	26.832815 	121.037186 	45.793011 	138.397980 	46.647614 	89.196411 	50.249378 	9.000000 	81.688431 	19.646883 	126.657021 	136.824707 	75.000000 	78.409180 	62.433964 	19.104973 	64.660652 	41.146080 	33.526108 	15.132746 	70.491135 	51.894123 	21.095022 	88.232651 	35.510563 	14.866069 	22.360680 	17.888544 	26.076809 	45.607018 	44.384682 	17.029387 	21.931713 	86.764046 	30.870699 	36.138622 	47.010635 	41.773197 	44.407207 	36.055511 	50.537113 	
50.606323 	66.219330 	115.974136 	11.401754 	50.487621 	108.452751 	8.544003 	23.345236 	118.848640 	38.327538 	48.703182 	26.076809 	89.005615 	34.713108 	59.413803 	89.022469 	117.660530 	4.123106 	52.345009 	43.680660 	111.503365 	9.848858 	999.000000 	17.000000 	112.414413 	36.055511 	130.172958 	36.891735 	79.906197 	40.496914 	4.000000 	72.249565 	10.049875 	118.004234 	128.413391 	65.436989 	68.883957 	52.697250 	10.198039 	54.918121 	50.990196 	23.769728 	8.485281 	60.745369 	61.741398 	13.416408 	78.600258 	26.076809 	14.142136 	15.264338 	13.892444 	18.027756 	35.902645 	34.713108 	17.117243 	20.880613 	76.922035 	25.495098 	29.068884 	38.327538 	34.176014 	36.400551 	31.890438 	45.000000 	
35.777088 	51.107731 	102.044106 	12.369317 	66.708321 	93.941475 	12.000000 	39.849716 	104.651802 	31.622776 	38.013157 	24.758837 	75.610847 	49.010204 	43.600460 	73.783470 	103.310211 	14.560220 	36.235340 	60.406952 	96.747093 	26.832815 	17.000000 	999.000000 	97.416634 	19.209373 	115.836090 	20.000000 	63.780876 	23.600847 	19.209373 	55.865910 	8.602325 	102.927162 	113.740936 	48.836460 	52.345009 	35.805027 	11.180340 	38.013157 	67.977936 	8.246211 	16.643316 	43.829212 	78.721024 	14.317822 	61.846584 	12.529964 	25.553865 	16.124516 	21.540659 	14.142136 	20.000000 	19.026299 	28.178005 	29.410883 	59.933296 	25.317978 	23.706539 	26.419689 	26.248810 	26.907248 	32.557640 	40.816662 	
61.854668 	46.324940 	13.453624 	101.828285 	151.855194 	7.000000 	104.201729 	130.176804 	12.083046 	80.808418 	67.268120 	94.069122 	27.730848 	130.598618 	54.120235 	23.706539 	9.848858 	108.600182 	61.717098 	149.241409 	3.162278 	121.037186 	112.414413 	97.416634 	999.000000 	79.605278 	20.099751 	79.158073 	36.138622 	76.059189 	115.676270 	44.643028 	106.000000 	5.656854 	16.763054 	52.201534 	48.764740 	65.787537 	108.558739 	64.195015 	159.100601 	95.257545 	114.057007 	59.908264 	169.035492 	111.018013 	44.102154 	97.575615 	122.967476 	112.294258 	118.701309 	108.673820 	88.600227 	89.888817 	125.538841 	126.178444 	57.078892 	117.783699 	111.427109 	100.000000 	108.466583 	105.650368 	123.490891 	121.753853 	
20.024984 	33.837849 	85.381500 	28.460499 	84.433403 	76.694199 	29.546574 	58.180752 	87.664131 	30.805843 	29.529646 	32.557640 	60.016663 	65.306969 	25.495098 	55.901699 	86.162636 	33.120991 	17.888544 	78.790863 	79.202271 	45.793011 	36.055511 	19.209373 	79.605278 	999.000000 	98.615417 	1.000000 	45.000000 	4.472136 	38.418747 	36.878178 	27.586229 	85.000000 	96.176918 	29.698484 	33.241539 	16.643316 	29.732138 	18.867962 	86.833176 	15.652476 	35.383614 	24.698177 	97.529480 	31.622776 	42.638012 	18.439089 	44.045429 	32.756680 	39.408119 	29.068884 	13.000000 	13.601471 	46.400433 	46.647614 	41.436699 	38.600517 	33.241539 	26.248810 	32.062439 	30.413813 	44.911022 	47.381432 	
80.062477 	64.884514 	14.866069 	119.268608 	166.877197 	21.931713 	121.794907 	146.649246 	11.401754 	96.426140 	83.240616 	110.113579 	41.868843 	145.670868 	73.164200 	43.011627 	12.529964 	126.245789 	80.777473 	165.012115 	19.646883 	138.397980 	130.172958 	115.836090 	20.099751 	98.615417 	999.000000 	98.234413 	56.089214 	95.273293 	133.600143 	64.536812 	124.354332 	16.124516 	5.000000 	72.034714 	68.658577 	85.440041 	127.015747 	83.934502 	175.171341 	114.236595 	132.412231 	79.831070 	184.783661 	129.711212 	64.195015 	116.811813 	141.354172 	131.095383 	137.295303 	127.632286 	108.157295 	109.416634 	144.013885 	144.931015 	77.006493 	137.058380 	130.919830 	119.816528 	128.160049 	125.419296 	142.947540 	141.661575 	
20.000000 	33.526108 	85.070557 	29.410883 	85.381500 	76.321686 	30.463093 	59.093147 	87.315521 	31.622776 	30.016663 	33.541019 	59.841457 	66.287254 	25.079872 	55.461697 	85.796272 	34.000000 	17.464249 	79.705711 	78.790863 	46.647614 	36.891735 	20.000000 	79.158073 	1.000000 	98.234413 	999.000000 	44.407207 	3.605551 	39.204590 	36.235340 	28.319605 	84.534019 	95.754898 	29.000000 	32.557640 	15.811388 	30.413813 	18.027756 	87.709747 	16.124516 	36.069378 	23.853722 	98.412399 	32.202484 	41.868843 	18.681541 	44.687805 	33.286633 	40.000000 	29.529646 	12.649111 	13.341664 	47.010635 	47.169907 	40.496914 	38.897301 	33.376640 	25.961510 	32.015621 	30.265491 	45.122055 	47.265209 	
30.528675 	16.492422 	45.000000 	70.292244 	124.169243 	35.057095 	72.249565 	100.000000 	46.173584 	55.027267 	42.201897 	66.189125 	28.017851 	103.353760 	20.615528 	14.142136 	44.283180 	76.419891 	27.586229 	120.104118 	36.496574 	89.196411 	79.906197 	63.780876 	36.138622 	45.000000 	56.089214 	44.407207 	999.000000 	41.048752 	82.758682 	8.544003 	72.346390 	41.109608 	52.886673 	16.155495 	12.649111 	29.966648 	74.652527 	28.231188 	129.201401 	60.464867 	80.280754 	23.769728 	139.617340 	76.609398 	10.816654 	62.265560 	89.022469 	77.665955 	84.403793 	73.783470 	52.801514 	54.129475 	91.400215 	91.525955 	25.059929 	82.298241 	75.643906 	63.890530 	72.449982 	69.570107 	87.726852 	85.615417 	
18.248287 	30.805843 	82.280006 	32.893768 	88.865067 	73.389374 	34.014702 	62.649822 	84.433403 	33.120991 	30.000000 	36.221542 	57.428215 	69.634758 	22.135944 	52.392746 	82.873398 	37.589893 	14.560220 	83.258636 	75.769386 	50.249378 	40.496914 	23.600847 	76.059189 	4.472136 	95.273293 	3.605551 	41.048752 	999.000000 	42.801868 	32.802441 	31.890438 	81.394104 	92.703827 	25.495098 	29.068884 	12.206555 	33.941124 	14.422205 	91.301697 	19.416489 	39.597980 	20.248457 	102.000000 	35.608986 	38.288380 	21.540659 	48.166378 	36.619667 	43.416588 	32.756680 	14.035668 	15.000000 	50.447994 	50.477718 	37.000000 	41.785164 	35.902645 	27.294687 	34.058773 	32.015621 	47.801674 	49.040798 	
53.823788 	69.404610 	119.473846 	15.297058 	50.089920 	111.830231 	12.369317 	23.000000 	122.298813 	42.296574 	52.497620 	30.066593 	92.574295 	35.735138 	62.369865 	92.200867 	121.078484 	8.062258 	55.172459 	42.755116 	114.825958 	9.000000 	4.000000 	19.209373 	115.676270 	38.418747 	133.600143 	39.204590 	82.758682 	42.801868 	999.000000 	74.966660 	11.180340 	121.247681 	131.764938 	68.014702 	71.505241 	55.000000 	10.198039 	57.201397 	49.396355 	25.079872 	6.324555 	63.007935 	60.166435 	12.165525 	81.055534 	26.683329 	10.198039 	13.601471 	10.630146 	17.117243 	37.000000 	35.735138 	13.152946 	17.088007 	78.771820 	23.021729 	27.513634 	38.013157 	32.984844 	35.510563 	29.000000 	42.720020 	
24.351591 	13.601471 	53.084839 	63.007935 	117.647781 	43.289722 	64.815125 	92.913940 	54.451813 	50.009998 	38.052597 	60.166435 	33.615471 	97.082436 	13.928389 	22.022715 	52.611786 	68.883957 	20.000000 	113.207771 	44.911022 	81.688431 	72.249565 	55.865910 	44.643028 	36.878178 	64.536812 	36.235340 	8.544003 	32.802441 	74.966660 	999.000000 	64.381676 	49.648766 	61.400326 	7.615773 	4.123106 	21.470911 	66.603302 	19.697716 	122.065559 	52.201534 	72.249565 	15.297058 	132.574509 	68.410522 	9.055386 	53.851646 	80.919716 	69.404610 	76.216797 	65.459915 	44.283180 	45.617977 	83.240616 	83.234612 	20.518284 	73.824112 	67.119293 	55.362442 	63.906181 	61.032780 	79.202271 	77.129761 	
44.294468 	59.682495 	110.494347 	12.206555 	60.530983 	102.474388 	9.899495 	33.376640 	113.145920 	37.336308 	45.398239 	27.730848 	83.934502 	44.407207 	52.201534 	82.377182 	111.825760 	9.486833 	44.821869 	53.600372 	105.309067 	19.646883 	10.049875 	8.602325 	106.000000 	27.586229 	124.354332 	28.319605 	72.346390 	31.890438 	11.180340 	64.381676 	999.000000 	111.516815 	122.298813 	57.280014 	60.811184 	44.045429 	3.000000 	46.227695 	60.539242 	13.928389 	8.062258 	52.009613 	71.309189 	7.280110 	70.178345 	16.031219 	17.000000 	9.486833 	13.341664 	9.899495 	25.961510 	24.738634 	19.697716 	21.377558 	67.601776 	20.124611 	21.260292 	28.635643 	25.553865 	27.313000 	27.313000 	38.209946 	
67.424034 	51.865211 	14.317822 	107.447662 	157.492859 	11.704700 	109.808922 	135.830780 	11.401754 	86.452301 	72.917763 	99.724625 	33.120991 	136.235092 	59.539902 	29.154760 	9.433981 	114.201576 	67.119293 	154.896744 	7.615773 	126.657021 	118.004234 	102.927162 	5.656854 	85.000000 	16.124516 	84.534019 	41.109608 	81.394104 	121.247681 	49.648766 	111.516815 	999.000000 	12.041595 	57.245087 	53.758720 	70.936592 	114.057007 	69.289246 	164.757401 	100.647903 	119.570061 	64.845970 	174.691162 	116.468880 	48.507732 	102.883430 	128.471786 	117.720009 	124.169243 	114.061386 	93.776329 	95.078911 	131.026718 	131.609268 	61.008198 	123.065025 	116.619041 	104.995239 	113.547348 	110.679718 	128.693436 	126.649124 	
78.032043 	62.649822 	15.231546 	117.643532 	166.243790 	20.000000 	120.104118 	145.454468 	11.180340 	95.482986 	82.134033 	109.041275 	41.036568 	145.000000 	70.682388 	40.311287 	11.401754 	124.535133 	78.294319 	164.103622 	17.000000 	136.824707 	128.413391 	113.740936 	16.763054 	96.176918 	5.000000 	95.754898 	52.886673 	92.703827 	131.764938 	61.400326 	122.298813 	12.041595 	999.000000 	68.963760 	65.520988 	82.540901 	124.907967 	80.956779 	174.155106 	111.825760 	130.361038 	76.655075 	183.896713 	127.475487 	60.530983 	114.236595 	139.291061 	128.798294 	135.118469 	125.239769 	105.342300 	106.625511 	141.904892 	142.667450 	73.027390 	134.461884 	128.160049 	116.760437 	125.227791 	122.413231 	140.217682 	138.495483 	
20.024984 	14.866069 	60.299255 	56.603886 	111.825760 	50.635956 	58.249462 	86.608315 	61.814240 	46.097721 	35.355339 	55.081757 	39.293766 	91.547798 	10.198039 	29.274563 	60.016663 	62.201286 	13.928389 	107.042046 	52.392746 	75.000000 	65.436989 	48.836460 	52.201534 	29.698484 	72.034714 	29.000000 	16.155495 	25.495098 	68.014702 	7.615773 	57.280014 	57.245087 	68.963760 	999.000000 	3.605551 	13.892444 	59.413803 	12.083046 	115.663307 	44.821869 	65.069191 	8.000000 	126.245789 	61.073727 	13.416408 	46.324940 	73.661385 	62.008064 	68.883957 	58.008621 	36.674240 	38.013157 	75.927597 	75.802376 	19.313208 	66.241982 	59.506302 	47.801674 	56.302753 	53.450912 	71.589104 	69.634758 	
22.360680 	14.422205 	57.140179 	59.908264 	114.934761 	47.381432 	61.611687 	89.888817 	58.549126 	48.373547 	37.054016 	57.870544 	37.000000 	94.540993 	12.041595 	26.076809 	56.718605 	65.604881 	17.000000 	110.276924 	49.030602 	78.409180 	68.883957 	52.345009 	48.764740 	33.241539 	68.658577 	32.557640 	12.649111 	29.068884 	71.505241 	4.123106 	60.811184 	53.758720 	65.520988 	3.605551 	999.000000 	17.492855 	62.968246 	15.652476 	118.983192 	48.414875 	68.622154 	11.180340 	129.541504 	64.660652 	10.440307 	49.929951 	77.233414 	65.604881 	72.470680 	61.611687 	40.249222 	41.593269 	79.511009 	79.404030 	18.867962 	69.835518 	63.071388 	51.244511 	59.808025 	56.920998 	75.153175 	73.006851 	
17.029387 	23.194826 	73.164200 	44.777225 	100.657837 	63.788715 	46.065170 	74.686012 	74.953316 	40.024994 	32.756680 	46.097721 	50.089920 	81.043198 	14.317822 	42.449970 	73.246162 	49.739319 	9.219544 	95.273293 	65.802734 	62.433964 	52.697250 	35.805027 	65.787537 	16.643316 	85.440041 	15.811388 	29.966648 	12.206555 	55.000000 	21.470911 	44.045429 	70.936592 	82.540901 	13.892444 	17.492855 	999.000000 	46.010868 	2.236068 	103.445641 	31.144823 	51.662365 	8.062258 	114.127121 	47.423622 	26.172504 	32.449963 	60.108234 	48.270073 	55.226807 	44.204071 	22.847319 	24.166092 	62.289646 	62.008064 	25.495098 	52.354561 	45.694637 	34.525352 	42.720020 	40.024994 	57.775429 	56.568542 	
46.957428 	62.265560 	113.216606 	14.764823 	60.207973 	105.118980 	12.206555 	33.060551 	115.831772 	40.311287 	48.373547 	30.463093 	86.729462 	44.911022 	54.644306 	84.905830 	114.490173 	10.816654 	47.201694 	52.952808 	107.912003 	19.104973 	10.198039 	11.180340 	108.558739 	29.732138 	127.015747 	30.413813 	74.652527 	33.941124 	10.198039 	66.603302 	3.000000 	114.057007 	124.907967 	59.413803 	62.968246 	46.010868 	999.000000 	48.166378 	59.464275 	15.264338 	5.656854 	53.907330 	70.228203 	4.472136 	72.180328 	16.492422 	14.422205 	6.708204 	10.440307 	8.062258 	26.925823 	25.632011 	17.000000 	18.439089 	69.115845 	17.492855 	19.416489 	28.160255 	24.166092 	26.248810 	24.596748 	36.069378 	
18.027756 	22.561028 	71.847061 	47.010635 	102.883430 	62.369865 	48.301140 	76.922035 	73.545906 	41.773197 	34.000000 	48.166378 	49.254440 	83.240616 	13.928389 	41.000000 	71.805290 	51.971146 	10.000000 	97.508972 	64.288414 	64.660652 	54.918121 	38.013157 	64.195015 	18.867962 	83.934502 	18.027756 	28.231188 	14.422205 	57.201397 	19.697716 	46.227695 	69.289246 	80.956779 	12.083046 	15.652476 	2.236068 	48.166378 	999.000000 	105.678757 	33.241539 	53.814495 	5.830952 	116.361504 	49.517673 	24.041630 	34.409302 	62.225395 	50.328918 	57.314919 	46.227695 	24.596748 	25.942244 	64.381676 	64.031242 	23.345236 	54.203320 	47.423622 	35.902645 	44.271889 	41.484936 	59.506302 	57.870544 	
98.858482 	114.214706 	160.430664 	59.076221 	15.524175 	154.253036 	57.454330 	29.206163 	163.783386 	78.746429 	92.021736 	65.115280 	133.304169 	31.384710 	108.600182 	136.619904 	162.935577 	53.712196 	102.078400 	10.770329 	157.724442 	41.146080 	50.990196 	67.977936 	159.100601 	86.833176 	175.171341 	87.709747 	129.201401 	91.301697 	49.396355 	122.065559 	60.539242 	164.757401 	174.155106 	115.663307 	118.983192 	103.445641 	59.464275 	105.678757 	999.000000 	74.464760 	54.405884 	111.507851 	10.770329 	60.166435 	129.003876 	75.894661 	48.662102 	60.638271 	53.935146 	65.000000 	86.377083 	85.094063 	48.259712 	52.038448 	127.910126 	65.192024 	72.560318 	85.702972 	78.638412 	81.884064 	67.029846 	82.152298 	
34.928497 	49.396355 	100.900940 	20.615528 	74.148499 	92.309265 	20.099751 	47.074409 	103.247276 	36.715118 	40.607880 	32.015621 	75.186432 	57.008770 	41.146080 	71.554176 	101.769348 	22.090721 	33.541019 	67.446274 	94.847244 	33.526108 	23.769728 	8.246211 	95.257545 	15.652476 	114.236595 	16.124516 	60.464867 	19.416489 	25.079872 	52.201534 	13.928389 	100.647903 	111.825760 	44.821869 	48.414875 	31.144823 	15.264338 	33.241539 	74.464760 	999.000000 	20.808653 	38.897301 	85.234970 	16.278820 	57.280014 	5.000000 	29.000000 	17.204651 	24.083189 	13.416408 	12.165525 	11.045361 	31.144823 	31.064449 	53.851646 	23.345236 	19.235384 	18.601076 	20.124611 	20.000000 	30.066593 	35.468296 	
52.354561 	67.742157 	118.532700 	17.262676 	56.008926 	110.535065 	14.317822 	29.068884 	121.198181 	44.011364 	52.952808 	32.984844 	91.923882 	42.059483 	60.216278 	90.426765 	119.883278 	11.180340 	52.801514 	48.373547 	113.371071 	15.132746 	8.485281 	16.643316 	114.057007 	35.383614 	132.412231 	36.069378 	80.280754 	39.597980 	6.324555 	72.249565 	8.062258 	119.570061 	130.361038 	65.069191 	68.622154 	51.662365 	5.656854 	53.814495 	54.405884 	20.808653 	999.000000 	59.548298 	65.145988 	6.000000 	77.833153 	21.540659 	8.944272 	7.280110 	6.082763 	11.000000 	32.202484 	30.870699 	11.704700 	14.000000 	74.625732 	17.029387 	21.189621 	32.015621 	26.683329 	29.274563 	23.430750 	36.619667 	
21.189621 	21.470911 	68.264191 	52.801514 	108.632408 	58.549126 	54.120235 	82.734512 	69.720871 	46.270943 	37.336308 	53.460266 	47.074409 	88.887573 	14.142136 	37.215588 	67.896980 	57.801384 	13.341664 	103.315056 	60.207973 	70.491135 	60.745369 	43.829212 	59.908264 	24.698177 	79.831070 	23.853722 	23.769728 	20.248457 	63.007935 	15.297058 	52.009613 	64.845970 	76.655075 	8.000000 	11.180340 	8.062258 	53.907330 	5.830952 	111.507851 	38.897301 	59.548298 	999.000000 	122.188377 	55.154327 	18.439089 	39.824615 	67.896980 	55.901699 	62.936478 	51.739735 	29.681644 	31.064449 	70.007141 	69.526970 	18.027756 	59.363289 	52.354561 	40.162170 	48.846699 	45.880280 	64.412735 	61.846584 	
109.201645 	124.470879 	169.994110 	69.641945 	19.924858 	164.054871 	68.095520 	39.661064 	173.415680 	88.413803 	101.823380 	74.966660 	142.947540 	39.661064 	119.037811 	146.754898 	172.626770 	64.412735 	112.605507 	19.798990 	167.585800 	51.894123 	61.741398 	78.721024 	169.035492 	97.529480 	184.783661 	98.412399 	139.617340 	102.000000 	60.166435 	132.574509 	71.309189 	174.691162 	183.896713 	126.245789 	129.541504 	114.127121 	70.228203 	116.361504 	10.770329 	85.234970 	65.145988 	122.188377 	999.000000 	70.880180 	139.606583 	86.648720 	59.228371 	71.309189 	64.536812 	75.690155 	97.144226 	95.859268 	58.694122 	62.289646 	138.654251 	75.538071 	83.024094 	96.317184 	89.106674 	92.395889 	77.025970 	92.005432 	
49.769470 	64.845970 	116.077560 	19.235384 	62.008064 	107.786827 	16.643316 	35.057095 	118.595955 	44.553337 	52.153618 	34.928497 	89.810913 	47.801674 	56.938564 	87.321243 	117.200684 	14.866069 	49.396355 	54.332310 	110.476242 	21.095022 	13.416408 	14.317822 	111.018013 	31.622776 	129.711212 	32.202484 	76.609398 	35.608986 	12.165525 	68.410522 	7.280110 	116.468880 	127.475487 	61.073727 	64.660652 	47.423622 	4.472136 	49.517673 	60.166435 	16.278820 	6.000000 	55.154327 	70.880180 	999.000000 	73.552704 	16.124516 	12.806249 	2.236068 	7.810250 	5.000000 	26.925823 	25.553865 	14.866069 	15.231546 	69.634758 	13.038404 	15.652476 	26.019224 	20.880613 	23.345236 	20.124611 	31.890438 	
32.756680 	22.561028 	54.332310 	69.971420 	125.239769 	44.181442 	71.561165 	99.985001 	55.036350 	58.694122 	47.010635 	68.308128 	38.832977 	104.923782 	22.360680 	24.351591 	53.009434 	75.451973 	27.313000 	120.440857 	45.000000 	88.232651 	78.600258 	61.846584 	44.102154 	42.638012 	64.195015 	41.868843 	10.816654 	38.288380 	81.055534 	9.055386 	70.178345 	48.507732 	60.530983 	13.416408 	10.440307 	26.172504 	72.180328 	24.041630 	129.003876 	57.280014 	77.833153 	18.439089 	139.606583 	73.552704 	999.000000 	58.258045 	86.267029 	74.330345 	81.344948 	70.178345 	48.010414 	49.406479 	88.413803 	87.965904 	14.317822 	77.665955 	70.491135 	57.697487 	66.648331 	63.505905 	82.492424 	78.771820 	
38.327538 	52.201534 	103.740059 	24.698177 	76.531036 	94.921021 	23.769728 	49.365982 	105.948097 	41.677334 	45.122055 	36.878178 	78.447433 	60.207973 	43.657761 	73.925636 	104.403069 	25.079872 	36.055511 	69.426216 	97.308784 	35.510563 	26.076809 	12.529964 	97.575615 	18.439089 	116.811813 	18.681541 	62.265560 	21.540659 	26.683329 	53.851646 	16.031219 	102.883430 	114.236595 	46.324940 	49.929951 	32.449963 	16.492422 	34.409302 	75.894661 	5.000000 	21.540659 	39.824615 	86.648720 	16.124516 	58.258045 	999.000000 	28.844410 	16.401220 	23.600847 	12.041595 	10.816654 	9.433981 	30.610456 	29.732138 	53.600372 	20.248457 	15.000000 	13.892444 	15.231546 	15.000000 	26.476404 	30.675724 	
61.294373 	76.661591 	127.475487 	25.019993 	52.469040 	119.473846 	22.022715 	26.925823 	130.142227 	52.086468 	61.611687 	40.199501 	100.846420 	41.677334 	69.065186 	99.322708 	128.825470 	18.027756 	61.611687 	44.045429 	122.298813 	14.866069 	14.142136 	25.553865 	122.967476 	44.045429 	141.354172 	44.687805 	89.022469 	48.166378 	10.198039 	80.919716 	17.000000 	128.471786 	139.291061 	73.661385 	77.233414 	60.108234 	14.422205 	62.225395 	48.662102 	29.000000 	8.944272 	67.896980 	59.228371 	12.806249 	86.267029 	28.844410 	999.000000 	12.529964 	5.385165 	17.000000 	39.661064 	38.275318 	3.000000 	7.211102 	82.419655 	17.262676 	24.020824 	37.107952 	30.066593 	33.241539 	21.470911 	36.400551 	
51.264023 	66.211784 	117.545738 	21.470911 	63.007935 	109.165016 	18.867962 	36.221542 	120.016663 	46.690472 	54.083271 	37.161808 	91.394745 	49.335587 	58.180752 	88.588936 	118.595955 	16.970562 	50.606323 	55.145264 	111.803398 	22.360680 	15.264338 	16.124516 	112.294258 	32.756680 	131.095383 	33.286633 	77.665955 	36.619667 	13.601471 	69.404610 	9.486833 	117.720009 	128.798294 	62.008064 	65.604881 	48.270073 	6.708204 	50.328918 	60.638271 	17.204651 	7.280110 	55.901699 	71.309189 	2.236068 	74.330345 	16.401220 	12.529964 	999.000000 	7.211102 	4.472136 	27.202942 	25.806976 	14.212670 	13.892444 	70.000000 	10.816654 	13.928389 	25.179358 	19.416489 	22.090721 	17.888544 	29.832869 	
57.271286 	72.470680 	123.567795 	23.345236 	57.218880 	115.381973 	20.396078 	31.048349 	126.142776 	50.039986 	58.694122 	39.051247 	97.144226 	45.188496 	64.660652 	95.015785 	124.775803 	17.088007 	57.140179 	49.000000 	118.118584 	17.888544 	13.892444 	21.540659 	118.701309 	39.408119 	137.295303 	40.000000 	84.403793 	43.416588 	10.630146 	76.216797 	13.341664 	124.169243 	135.118469 	68.883957 	72.470680 	55.226807 	10.440307 	57.314919 	53.935146 	24.083189 	6.082763 	62.936478 	64.536812 	7.810250 	81.344948 	23.600847 	5.385165 	7.211102 	999.000000 	11.661903 	34.409302 	33.015148 	7.071068 	8.062258 	77.201035 	13.000000 	19.026299 	31.780497 	25.000000 	28.071337 	18.439089 	32.649654 	
48.083260 	62.769421 	114.232216 	22.022715 	67.007462 	105.702415 	19.798990 	40.049969 	116.619041 	45.607018 	52.009613 	37.215588 	88.323273 	52.630791 	54.561890 	84.970581 	115.156418 	18.867962 	46.957428 	59.304298 	108.258949 	26.076809 	18.027756 	14.142136 	108.673820 	29.068884 	127.632286 	29.529646 	73.783470 	32.756680 	17.117243 	65.459915 	9.899495 	114.061386 	125.239769 	58.008621 	61.611687 	44.204071 	8.062258 	46.227695 	65.000000 	13.416408 	11.000000 	51.739735 	75.690155 	5.000000 	70.178345 	12.041595 	17.000000 	4.472136 	11.661903 	999.000000 	22.803509 	21.400934 	18.601076 	17.804493 	65.604881 	11.180340 	11.401754 	21.023796 	16.155495 	18.439089 	18.439089 	28.319605 	
32.249031 	44.407207 	95.566734 	32.140316 	86.313385 	86.400230 	32.000000 	59.228371 	97.529480 	42.426407 	42.485291 	41.146080 	71.253067 	69.007248 	35.510563 	65.145988 	95.880135 	34.234486 	28.160255 	79.555016 	88.543777 	45.607018 	35.902645 	20.000000 	88.600227 	13.000000 	108.157295 	12.649111 	52.801514 	14.035668 	37.000000 	44.283180 	25.961510 	93.776329 	105.342300 	36.674240 	40.249222 	22.847319 	26.925823 	24.596748 	86.377083 	12.165525 	32.202484 	29.681644 	97.144226 	26.925823 	48.010414 	10.816654 	39.661064 	27.202942 	34.409302 	22.803509 	999.000000 	1.414214 	41.400482 	40.311287 	42.801868 	29.681644 	22.847319 	13.341664 	20.223749 	18.000000 	34.928497 	35.014282 	
33.136082 	45.541191 	96.772926 	31.257000 	85.158676 	87.641312 	31.016125 	58.051701 	98.762344 	42.449970 	42.953465 	40.706264 	72.339478 	68.000000 	36.674240 	66.407829 	97.123634 	33.136082 	29.274563 	78.339005 	89.810913 	44.384682 	34.713108 	19.026299 	89.888817 	13.601471 	109.416634 	13.341664 	54.129475 	15.000000 	35.735138 	45.617977 	24.738634 	95.078911 	106.625511 	38.013157 	41.593269 	24.166092 	25.632011 	25.942244 	85.094063 	11.045361 	30.870699 	31.064449 	95.859268 	25.553865 	49.406479 	9.433981 	38.275318 	25.806976 	33.015148 	21.400934 	1.414214 	999.000000 	40.000000 	38.897301 	44.204071 	28.301943 	21.540659 	12.649111 	19.104973 	17.029387 	33.615471 	34.058773 	
63.953106 	79.259071 	130.188324 	28.017851 	52.952808 	122.118797 	25.019993 	28.178005 	132.823196 	55.081757 	64.536812 	43.185646 	103.619499 	43.266617 	71.561165 	101.872467 	131.487640 	21.023796 	64.070274 	44.283180 	124.907967 	17.029387 	17.117243 	28.178005 	125.538841 	46.400433 	144.013885 	47.010635 	91.400215 	50.447994 	13.152946 	83.240616 	19.697716 	131.026718 	141.904892 	75.927597 	79.511009 	62.289646 	17.000000 	64.381676 	48.259712 	31.144823 	11.704700 	70.007141 	58.694122 	14.866069 	88.413803 	30.610456 	3.000000 	14.212670 	7.071068 	18.601076 	41.400482 	40.000000 	999.000000 	5.000000 	84.202141 	17.000000 	24.331051 	37.947330 	30.413813 	33.734257 	20.248457 	35.440090 	
