Total assets = 620
Number of asset nodes = 33

Distance:
999.000000 	76.661591 	6.708204 	57.801384 	18.788294 	35.510563 	37.483330 	89.044930 	26.000000 	50.219517 	58.898216 	51.623638 	67.201187 	25.019993 	45.803928 	72.201111 	89.498604 	38.327538 	63.007935 	88.617157 	34.132095 	83.438599 	39.217342 	33.241539 	29.068884 	29.966648 	57.775429 	31.953091 	99.824844 	47.675991 	40.199501 	35.510563 	33.015148 	39.051247 	47.000000 	84.148682 	45.099888 	41.109608 	50.039986 	53.037724 	50.990196 	50.990196 	59.481091 	68.000000 	
76.661591 	999.000000 	80.498444 	130.176804 	95.383438 	47.853943 	113.463654 	12.727922 	102.474388 	37.054016 	133.686203 	127.412712 	141.014191 	99.403221 	122.331520 	145.910934 	18.248287 	56.035702 	31.384710 	19.026299 	63.198101 	21.189621 	115.381973 	107.935165 	80.062477 	79.906197 	45.221676 	77.524193 	29.120440 	58.549126 	70.007141 	106.254410 	95.126228 	111.328346 	66.483078 	159.455322 	116.691902 	108.171158 	123.032516 	124.619423 	113.282829 	104.120125 	124.951988 	126.194298 	
6.708204 	80.498444 	999.000000 	57.775429 	15.556349 	36.796738 	35.805027 	92.660675 	22.203604 	51.662365 	57.688820 	49.819675 	66.370171 	19.416489 	43.139309 	71.344238 	92.417534 	37.576588 	64.443771 	91.400215 	32.280025 	85.796272 	34.885529 	27.892651 	24.041630 	25.000000 	57.801384 	27.459061 	102.449989 	46.173584 	37.054016 	29.154760 	26.400757 	33.015148 	44.407207 	82.328613 	39.000000 	34.481880 	44.283180 	47.010635 	44.283180 	44.553337 	52.886673 	61.294373 	
57.801384 	130.176804 	57.775429 	999.000000 	43.680660 	93.295227 	24.083189 	142.898560 	40.311287 	107.912003 	10.295630 	16.124516 	11.704700 	49.162994 	24.351591 	16.124516 	145.096527 	95.341492 	120.652390 	144.499130 	89.888817 	140.089264 	37.854988 	46.173584 	77.665955 	78.644768 	115.381973 	82.000000 	155.878159 	103.817146 	93.407707 	56.320511 	69.028976 	52.952808 	101.242287 	31.622776 	55.362442 	63.788715 	52.392746 	57.271286 	73.979729 	84.480766 	72.615425 	87.664131 	
18.788294 	95.383438 	15.556349 	43.680660 	999.000000 	52.345009 	20.591261 	107.703293 	7.280110 	67.208633 	42.544094 	34.409302 	51.429562 	10.630146 	27.586229 	56.356010 	107.800743 	52.478565 	79.981247 	106.826965 	46.518814 	101.316338 	20.615528 	16.492422 	34.234486 	35.227829 	72.945183 	38.470768 	117.923706 	60.415230 	49.729267 	22.803509 	28.792360 	24.166092 	57.567352 	66.843102 	30.083218 	30.413813 	33.541019 	37.363083 	41.725292 	46.957428 	47.169907 	58.728188 	
35.510563 	47.853943 	36.796738 	93.295227 	52.345009 	999.000000 	72.470680 	58.821766 	58.728188 	14.866069 	94.201912 	86.556343 	102.649887 	53.823788 	79.906197 	107.647575 	56.824291 	11.401754 	27.658634 	55.569775 	16.492422 	49.406479 	70.604530 	62.128899 	32.249031 	32.140316 	23.345236 	30.000000 	66.287254 	20.248457 	25.079872 	59.093147 	47.296936 	64.404968 	25.495098 	119.096596 	69.462219 	60.440052 	76.059189 	77.252831 	65.490456 	57.140179 	77.103828 	79.025314 	
37.483330 	113.463654 	35.805027 	24.083189 	20.591261 	72.470680 	999.000000 	126.015869 	16.278820 	87.321243 	21.954498 	14.142136 	30.870699 	25.079872 	10.049875 	35.777088 	126.905479 	73.061615 	100.124924 	126.063477 	67.082039 	120.917328 	16.401220 	22.803509 	53.851646 	54.817879 	93.493317 	58.240879 	137.295303 	80.956779 	69.892776 	32.984844 	45.000000 	30.463093 	77.833153 	46.690472 	34.132095 	40.804413 	33.241539 	38.209946 	51.623638 	61.000000 	52.430908 	66.730804 	
89.044930 	12.727922 	92.660675 	142.898560 	107.703293 	58.821766 	126.015869 	999.000000 	114.738831 	46.529560 	146.348892 	140.000000 	153.717270 	111.359779 	134.792435 	158.619034 	10.816654 	65.924202 	38.118237 	12.806249 	73.348480 	19.416489 	127.534309 	119.866592 	90.708321 	90.470993 	52.239830 	87.863533 	19.026299 	67.007462 	79.404030 	117.745491 	106.042442 	122.930878 	75.006668 	172.104614 	128.160049 	119.251831 	134.629120 	136.014709 	123.761871 	113.863953 	135.591293 	135.944839 	
26.000000 	102.474388 	22.203604 	40.311287 	7.280110 	58.728188 	16.278820 	114.738831 	999.000000 	73.552704 	37.696156 	29.068884 	46.818798 	9.055386 	21.400934 	51.623638 	114.621117 	58.008621 	86.267029 	113.600174 	51.623638 	107.935165 	13.341664 	10.816654 	37.643059 	38.600517 	78.600258 	42.059483 	124.631454 	65.368187 	53.851646 	19.416489 	29.154760 	19.209373 	61.846584 	61.032780 	24.698177 	27.459061 	27.202942 	31.384710 	38.832977 	46.173584 	42.638012 	55.317268 	
50.219517 	37.054016 	51.662365 	107.912003 	67.208633 	14.866069 	87.321243 	46.529560 	73.552704 	999.000000 	109.018349 	101.414986 	117.413795 	68.410522 	94.762863 	122.413231 	43.081318 	19.416489 	12.806249 	41.629318 	26.925823 	34.985710 	85.276024 	76.609398 	44.598206 	44.271889 	13.416408 	41.484936 	51.971146 	21.840330 	33.015148 	72.945183 	60.166435 	78.390053 	29.614185 	133.958954 	83.186539 	73.539108 	89.944427 	90.801979 	77.369247 	67.364677 	89.286057 	89.453896 	
58.898216 	133.686203 	57.688820 	10.295630 	42.544094 	94.201912 	21.954498 	146.348892 	37.696156 	109.018349 	999.000000 	9.055386 	9.219544 	45.880280 	18.027756 	13.928389 	147.827606 	95.015785 	121.823647 	147.085007 	89.005615 	142.214630 	32.015621 	41.303753 	75.272835 	76.216797 	115.433968 	79.711983 	158.391922 	102.859123 	91.547798 	51.088158 	64.938431 	47.010635 	99.538940 	25.806976 	48.507732 	58.008621 	44.643028 	49.335587 	67.475922 	79.000000 	64.845970 	80.081207 	
51.623638 	127.412712 	49.819675 	16.124516 	34.409302 	86.556343 	14.142136 	140.000000 	29.068884 	101.414986 	9.055386 	999.000000 	18.248287 	37.000000 	9.000000 	22.803509 	141.014191 	86.821655 	114.214706 	140.185593 	80.622574 	135.059250 	23.000000 	32.249031 	66.483078 	67.416618 	107.335922 	70.936592 	151.426544 	94.413979 	82.855293 	42.047592 	55.901699 	38.052597 	90.873535 	32.557640 	39.812057 	49.040798 	36.400551 	41.231056 	58.694122 	70.007141 	56.648037 	71.784401 	
67.201187 	141.014191 	66.370171 	11.704700 	51.429562 	102.649887 	30.870699 	153.717270 	46.818798 	117.413795 	9.219544 	18.248287 	999.000000 	55.081757 	27.166155 	5.000000 	155.569916 	103.831596 	130.207520 	154.896744 	97.943863 	150.233154 	41.109608 	50.487621 	84.433403 	85.381500 	124.169243 	88.865067 	166.243790 	111.825760 	100.657837 	60.207973 	74.148499 	56.008926 	108.632408 	19.924858 	57.218880 	67.007462 	52.952808 	57.489128 	76.236473 	88.022728 	73.006851 	88.294960 	
25.019993 	99.403221 	19.416489 	49.162994 	10.630146 	53.823788 	25.079872 	111.359779 	9.055386 	68.410522 	45.880280 	37.000000 	55.081757 	999.000000 	28.635643 	59.774578 	110.453613 	51.662365 	80.919716 	109.293182 	44.821869 	103.227905 	16.970562 	8.544003 	29.546574 	30.463093 	72.249565 	34.014702 	120.104118 	58.249462 	46.065170 	12.206555 	20.099751 	14.317822 	54.120235 	68.095520 	20.396078 	19.798990 	25.019993 	28.160255 	31.144823 	37.336308 	36.715118 	48.104053 	
45.803928 	122.331520 	43.139309 	24.351591 	27.586229 	79.906197 	10.049875 	134.792435 	21.400934 	94.762863 	18.027756 	9.000000 	27.166155 	28.635643 	999.000000 	31.575306 	135.247925 	79.404030 	107.517441 	134.316788 	72.945183 	128.887543 	14.000000 	23.345236 	58.180752 	59.093147 	100.000000 	62.649822 	145.454468 	86.608315 	74.686012 	33.060551 	47.074409 	29.068884 	82.734512 	39.661064 	31.048349 	40.049969 	28.178005 	33.120991 	49.819675 	61.008198 	48.332184 	63.324562 	
72.201111 	145.910934 	71.344238 	16.124516 	56.356010 	107.647575 	35.777088 	158.619034 	51.623638 	122.413231 	13.928389 	22.803509 	5.000000 	59.774578 	31.575306 	999.000000 	160.527252 	108.784187 	135.207245 	159.862442 	102.859123 	155.219193 	45.398239 	54.918121 	89.196411 	90.138779 	129.139465 	93.637596 	171.213318 	116.730461 	105.475113 	64.498062 	78.644768 	60.133186 	113.463654 	16.124516 	61.032780 	71.112587 	56.435802 	60.827625 	80.056229 	92.135773 	76.295479 	91.591484 	
89.498604 	18.248287 	92.417534 	145.096527 	107.800743 	56.824291 	126.905479 	10.816654 	114.621117 	43.081318 	147.827606 	141.014191 	155.569916 	110.453613 	135.247925 	160.527252 	999.000000 	62.297672 	32.557640 	2.236068 	69.892776 	10.198039 	127.027557 	118.848640 	87.664131 	87.315521 	46.173584 	84.433403 	11.180340 	61.814240 	74.953316 	115.831772 	103.247276 	121.198181 	69.720871 	173.415680 	126.142776 	116.619041 	132.823196 	133.824509 	120.208153 	109.444046 	132.196823 	131.400146 	
38.327538 	56.035702 	37.576588 	95.341492 	52.478565 	11.401754 	73.061615 	65.924202 	58.008621 	19.416489 	95.015785 	86.821655 	103.831596 	51.662365 	79.404030 	108.784187 	62.297672 	999.000000 	30.413813 	60.745369 	7.615773 	53.712196 	68.622154 	59.413803 	25.495098 	25.079872 	20.615528 	22.135944 	70.682388 	10.198039 	14.317822 	54.644306 	41.146080 	60.216278 	14.142136 	119.037811 	64.660652 	54.561890 	71.561165 	72.069412 	57.974133 	48.093658 	69.921387 	70.178345 	
63.007935 	31.384710 	64.443771 	120.652390 	79.981247 	27.658634 	100.124924 	38.118237 	86.267029 	12.806249 	121.823647 	114.214706 	130.207520 	80.919716 	107.517441 	135.207245 	32.557640 	30.413813 	999.000000 	30.805843 	38.013157 	23.409399 	97.836601 	89.022469 	55.901699 	55.461697 	14.142136 	52.392746 	40.311287 	29.274563 	42.449970 	84.905830 	71.554176 	90.426765 	37.215588 	146.754898 	95.015785 	84.970581 	101.872467 	102.474388 	87.920418 	76.902534 	99.959991 	98.843307 	
88.617157 	19.026299 	91.400215 	144.499130 	106.826965 	55.569775 	126.063477 	12.806249 	113.600174 	41.629318 	147.085007 	140.185593 	154.896744 	109.293182 	134.316788 	159.862442 	2.236068 	60.745369 	30.805843 	999.000000 	68.352028 	8.062258 	125.924583 	117.660530 	86.162636 	85.796272 	44.283180 	82.873398 	11.401754 	60.016663 	73.246162 	114.490173 	101.769348 	119.883278 	67.896980 	172.626770 	124.775803 	115.156418 	131.487640 	132.423569 	118.595955 	107.707939 	130.602448 	129.634094 	
34.132095 	63.198101 	32.280025 	89.888817 	46.518814 	16.492422 	67.082039 	73.348480 	51.623638 	26.925823 	89.005615 	80.622574 	97.943863 	44.821869 	72.945183 	102.859123 	69.892776 	7.615773 	38.013157 	68.352028 	999.000000 	61.326992 	61.717098 	52.345009 	17.888544 	17.464249 	27.586229 	14.560220 	78.294319 	13.928389 	9.219544 	47.201694 	33.541019 	52.801514 	13.341664 	112.605507 	57.140179 	46.957428 	64.070274 	64.498062 	50.447994 	41.000000 	62.361847 	63.031738 	
83.438599 	21.189621 	85.796272 	140.089264 	101.316338 	49.406479 	120.917328 	19.416489 	107.935165 	34.985710 	142.214630 	135.059250 	150.233154 	103.227905 	128.887543 	155.219193 	10.198039 	53.712196 	23.409399 	8.062258 	61.326992 	999.000000 	120.000000 	111.503365 	79.202271 	78.790863 	36.496574 	75.769386 	17.000000 	52.392746 	65.802734 	107.912003 	94.847244 	113.371071 	60.207973 	167.585800 	118.118584 	108.258949 	124.907967 	125.670204 	111.328346 	100.169853 	123.369362 	122.024590 	
39.217342 	115.381973 	34.885529 	37.854988 	20.615528 	70.604530 	16.401220 	127.534309 	13.341664 	85.276024 	32.015621 	23.000000 	41.109608 	16.970562 	14.000000 	45.398239 	127.027557 	68.622154 	97.836601 	125.924583 	61.717098 	120.000000 	999.000000 	9.848858 	45.793011 	46.647614 	89.196411 	50.249378 	136.824707 	75.000000 	62.433964 	19.104973 	33.526108 	15.132746 	70.491135 	51.894123 	17.888544 	26.076809 	17.029387 	21.931713 	36.138622 	47.010635 	36.055511 	50.537113 	
33.241539 	107.935165 	27.892651 	46.173584 	16.492422 	62.128899 	22.803509 	119.866592 	10.816654 	76.609398 	41.303753 	32.249031 	50.487621 	8.544003 	23.345236 	54.918121 	118.848640 	59.413803 	89.022469 	117.660530 	52.345009 	111.503365 	9.848858 	999.000000 	36.055511 	36.891735 	79.906197 	40.496914 	128.413391 	65.436989 	52.697250 	10.198039 	23.769728 	8.485281 	60.745369 	61.741398 	13.892444 	18.027756 	17.117243 	20.880613 	29.068884 	38.327538 	31.890438 	45.000000 	
29.068884 	80.062477 	24.041630 	77.665955 	34.234486 	32.249031 	53.851646 	90.708321 	37.643059 	44.598206 	75.272835 	66.483078 	84.433403 	29.546574 	58.180752 	89.196411 	87.664131 	25.495098 	55.901699 	86.162636 	17.888544 	79.202271 	45.793011 	36.055511 	999.000000 	1.000000 	45.000000 	4.472136 	96.176918 	29.698484 	16.643316 	29.732138 	15.652476 	35.383614 	24.698177 	97.529480 	39.408119 	29.068884 	46.400433 	46.647614 	33.241539 	26.248810 	44.911022 	47.381432 	
29.966648 	79.906197 	25.000000 	78.644768 	35.227829 	32.140316 	54.817879 	90.470993 	38.600517 	44.271889 	76.216797 	67.416618 	85.381500 	30.463093 	59.093147 	90.138779 	87.315521 	25.079872 	55.461697 	85.796272 	17.464249 	78.790863 	46.647614 	36.891735 	1.000000 	999.000000 	44.407207 	3.605551 	95.754898 	29.000000 	15.811388 	30.413813 	16.124516 	36.069378 	23.853722 	98.412399 	40.000000 	29.529646 	47.010635 	47.169907 	33.376640 	25.961510 	45.122055 	47.265209 	
57.775429 	45.221676 	57.801384 	115.381973 	72.945183 	23.345236 	93.493317 	52.239830 	78.600258 	13.416408 	115.433968 	107.335922 	124.169243 	72.249565 	100.000000 	129.139465 	46.173584 	20.615528 	14.142136 	44.283180 	27.586229 	36.496574 	89.196411 	79.906197 	45.000000 	44.407207 	999.000000 	41.048752 	52.886673 	16.155495 	29.966648 	74.652527 	60.464867 	80.280754 	23.769728 	139.617340 	84.403793 	73.783470 	91.400215 	91.525955 	75.643906 	63.890530 	87.726852 	85.615417 	
31.953091 	77.524193 	27.459061 	82.000000 	38.470768 	30.000000 	58.240879 	87.863533 	42.059483 	41.484936 	79.711983 	70.936592 	88.865067 	34.014702 	62.649822 	93.637596 	84.433403 	22.135944 	52.392746 	82.873398 	14.560220 	75.769386 	50.249378 	40.496914 	4.472136 	3.605551 	41.048752 	999.000000 	92.703827 	25.495098 	12.206555 	33.941124 	19.416489 	39.597980 	20.248457 	102.000000 	43.416588 	32.756680 	50.447994 	50.477718 	35.902645 	27.294687 	47.801674 	49.040798 	
99.824844 	29.120440 	102.449989 	155.878159 	117.923706 	66.287254 	137.295303 	19.026299 	124.631454 	51.971146 	158.391922 	151.426544 	166.243790 	120.104118 	145.454468 	171.213318 	11.180340 	70.682388 	40.311287 	11.401754 	78.294319 	17.000000 	136.824707 	128.413391 	96.176918 	95.754898 	52.886673 	92.703827 	999.000000 	68.963760 	82.540901 	124.907967 	111.825760 	130.361038 	76.655075 	183.896713 	135.118469 	125.239769 	141.904892 	142.667450 	128.160049 	116.760437 	140.217682 	138.495483 	
47.675991 	58.549126 	46.173584 	103.817146 	60.415230 	20.248457 	80.956779 	67.007462 	65.368187 	21.840330 	102.859123 	94.413979 	111.825760 	58.249462 	86.608315 	116.730461 	61.814240 	10.198039 	29.274563 	60.016663 	13.928389 	52.392746 	75.000000 	65.436989 	29.698484 	29.000000 	16.155495 	25.495098 	68.963760 	999.000000 	13.892444 	59.413803 	44.821869 	65.069191 	8.000000 	126.245789 	68.883957 	58.008621 	75.927597 	75.802376 	59.506302 	47.801674 	71.589104 	69.634758 	
40.199501 	70.007141 	37.054016 	93.407707 	49.729267 	25.079872 	69.892776 	79.404030 	53.851646 	33.015148 	91.547798 	82.855293 	100.657837 	46.065170 	74.686012 	105.475113 	74.953316 	14.317822 	42.449970 	73.246162 	9.219544 	65.802734 	62.433964 	52.697250 	16.643316 	15.811388 	29.966648 	12.206555 	82.540901 	13.892444 	999.000000 	46.010868 	31.144823 	51.662365 	8.062258 	114.127121 	55.226807 	44.204071 	62.289646 	62.008064 	45.694637 	34.525352 	57.775429 	56.568542 	
35.510563 	106.254410 	29.154760 	56.320511 	22.803509 	59.093147 	32.984844 	117.745491 	19.416489 	72.945183 	51.088158 	42.047592 	60.207973 	12.206555 	33.060551 	64.498062 	115.831772 	54.644306 	84.905830 	114.490173 	47.201694 	107.912003 	19.104973 	10.198039 	29.732138 	30.413813 	74.652527 	33.941124 	124.907967 	59.413803 	46.010868 	999.000000 	15.264338 	5.656854 	53.907330 	70.228203 	10.440307 	8.062258 	17.000000 	18.439089 	19.416489 	28.160255 	24.596748 	36.069378 	
33.015148 	95.126228 	26.400757 	69.028976 	28.792360 	47.296936 	45.000000 	106.042442 	29.154760 	60.166435 	64.938431 	55.901699 	74.148499 	20.099751 	47.074409 	78.644768 	103.247276 	41.146080 	71.554176 	101.769348 	33.541019 	94.847244 	33.526108 	23.769728 	15.652476 	16.124516 	60.464867 	19.416489 	111.825760 	44.821869 	31.144823 	15.264338 	999.000000 	20.808653 	38.897301 	85.234970 	24.083189 	13.416408 	31.144823 	31.064449 	19.235384 	18.601076 	30.066593 	35.468296 	
39.051247 	111.328346 	33.015148 	52.952808 	24.166092 	64.404968 	30.463093 	122.930878 	19.209373 	78.390053 	47.010635 	38.052597 	56.008926 	14.317822 	29.068884 	60.133186 	121.198181 	60.216278 	90.426765 	119.883278 	52.801514 	113.371071 	15.132746 	8.485281 	35.383614 	36.069378 	80.280754 	39.597980 	130.361038 	65.069191 	51.662365 	5.656854 	20.808653 	999.000000 	59.548298 	65.145988 	6.082763 	11.000000 	11.704700 	14.000000 	21.189621 	32.015621 	23.430750 	36.619667 	
47.000000 	66.483078 	44.407207 	101.242287 	57.567352 	25.495098 	77.833153 	75.006668 	61.846584 	29.614185 	99.538940 	90.873535 	108.632408 	54.120235 	82.734512 	113.463654 	69.720871 	14.142136 	37.215588 	67.896980 	13.341664 	60.207973 	70.491135 	60.745369 	24.698177 	23.853722 	23.769728 	20.248457 	76.655075 	8.000000 	8.062258 	53.907330 	38.897301 	59.548298 	999.000000 	122.188377 	62.936478 	51.739735 	70.007141 	69.526970 	52.354561 	40.162170 	64.412735 	61.846584 	
84.148682 	159.455322 	82.328613 	31.622776 	66.843102 	119.096596 	46.690472 	172.104614 	61.032780 	133.958954 	25.806976 	32.557640 	19.924858 	68.095520 	39.661064 	16.124516 	173.415680 	119.037811 	146.754898 	172.626770 	112.605507 	167.585800 	51.894123 	61.741398 	97.529480 	98.412399 	139.617340 	102.000000 	183.896713 	126.245789 	114.127121 	70.228203 	85.234970 	65.145988 	122.188377 	999.000000 	64.536812 	75.690155 	58.694122 	62.289646 	83.024094 	96.317184 	77.025970 	92.005432 	
45.099888 	116.691902 	39.000000 	55.362442 	30.083218 	69.462219 	34.132095 	128.160049 	24.698177 	83.186539 	48.507732 	39.812057 	57.218880 	20.396078 	31.048349 	61.032780 	126.142776 	64.660652 	95.015785 	124.775803 	57.140179 	118.118584 	17.888544 	13.892444 	39.408119 	40.000000 	84.403793 	43.416588 	135.118469 	68.883957 	55.226807 	10.440307 	24.083189 	6.082763 	62.936478 	64.536812 	999.000000 	11.661903 	7.071068 	8.062258 	19.026299 	31.780497 	18.439089 	32.649654 	
41.109608 	108.171158 	34.481880 	63.788715 	30.413813 	60.440052 	40.804413 	119.251831 	27.459061 	73.539108 	58.008621 	49.040798 	67.007462 	19.798990 	40.049969 	71.112587 	116.619041 	54.561890 	84.970581 	115.156418 	46.957428 	108.258949 	26.076809 	18.027756 	29.068884 	29.529646 	73.783470 	32.756680 	125.239769 	58.008621 	44.204071 	8.062258 	13.416408 	11.000000 	51.739735 	75.690155 	11.661903 	999.000000 	18.601076 	17.804493 	11.401754 	21.023796 	18.439089 	28.319605 	
50.039986 	123.032516 	44.283180 	52.392746 	33.541019 	76.059189 	33.241539 	134.629120 	27.202942 	89.944427 	44.643028 	36.400551 	52.952808 	25.019993 	28.178005 	56.435802 	132.823196 	71.561165 	101.872467 	131.487640 	64.070274 	124.907967 	17.029387 	17.117243 	46.400433 	47.010635 	91.400215 	50.447994 	141.904892 	75.927597 	62.289646 	17.000000 	31.144823 	11.704700 	70.007141 	58.694122 	7.071068 	18.601076 	999.000000 	5.000000 	24.331051 	37.947330 	20.248457 	35.440090 	
53.037724 	124.619423 	47.010635 	57.271286 	37.363083 	77.252831 	38.209946 	136.014709 	31.384710 	90.801979 	49.335587 	41.231056 	57.489128 	28.160255 	33.120991 	60.827625 	133.824509 	72.069412 	102.474388 	132.423569 	64.498062 	125.670204 	21.931713 	20.880613 	46.647614 	47.169907 	91.525955 	50.477718 	142.667450 	75.802376 	62.008064 	18.439089 	31.064449 	14.000000 	69.526970 	62.289646 	8.062258 	17.804493 	5.000000 	999.000000 	21.189621 	35.341194 	15.524175 	30.805843 	
50.990196 	113.282829 	44.283180 	73.979729 	41.725292 	65.490456 	51.623638 	123.761871 	38.832977 	77.369247 	67.475922 	58.694122 	76.236473 	31.144823 	49.819675 	80.056229 	120.208153 	57.974133 	87.920418 	118.595955 	50.447994 	111.328346 	36.138622 	29.068884 	33.241539 	33.376640 	75.643906 	35.902645 	128.160049 	59.506302 	45.694637 	19.416489 	19.235384 	21.189621 	52.354561 	83.024094 	19.026299 	11.401754 	24.331051 	21.189621 	999.000000 	14.422205 	12.083046 	17.204651 	
50.990196 	104.120125 	44.553337 	84.480766 	46.957428 	57.140179 	61.000000 	113.863953 	46.173584 	67.364677 	79.000000 	70.007141 	88.022728 	37.336308 	61.008198 	92.135773 	109.444046 	48.093658 	76.902534 	107.707939 	41.000000 	100.169853 	47.010635 	38.327538 	26.248810 	25.961510 	63.890530 	27.294687 	116.760437 	47.801674 	34.525352 	28.160255 	18.601076 	32.015621 	40.162170 	96.317184 	31.780497 	21.023796 	37.947330 	35.341194 	14.422205 	999.000000 	25.495098 	22.090721 	
59.481091 	124.951988 	52.886673 	72.615425 	47.169907 	77.103828 	52.430908 	135.591293 	42.638012 	89.286057 	64.845970 	56.648037 	73.006851 	36.715118 	48.332184 	76.295479 	132.196823 	69.921387 	99.959991 	130.602448 	62.361847 	123.369362 	36.055511 	31.890438 	44.911022 	45.122055 	87.726852 	47.801674 	140.217682 	71.589104 	57.775429 	24.596748 	30.066593 	23.430750 	64.412735 	77.025970 	18.439089 	18.439089 	20.248457 	15.524175 	12.083046 	25.495098 	999.000000 	15.297058 	
68.000000 	126.194298 	61.294373 	87.664131 	58.728188 	79.025314 	66.730804 	135.944839 	55.317268 	89.453896 	80.081207 	71.784401 	88.294960 	48.104053 	63.324562 	91.591484 	131.400146 	70.178345 	98.843307 	129.634094 	63.031738 	122.024590 	50.537113 	45.000000 	47.381432 	47.265209 	85.615417 	49.040798 	138.495483 	69.634758 	56.568542 	36.069378 	35.468296 	36.619667 	61.846584 	92.005432 	32.649654 	28.319605 	35.440090 	30.805843 	17.204651 	22.090721 	15.297058 	999.000000 	

Travel time:
9.000000 	1.916540 	0.167705 	1.445035 	0.469707 	0.887764 	0.937083 	2.226123 	0.650000 	1.255488 	1.472455 	1.290591 	1.680030 	0.625500 	1.145098 	1.805028 	2.237465 	0.958188 	1.575198 	2.215429 	0.853302 	2.085965 	0.980434 	0.831038 	0.726722 	0.749166 	1.444386 	0.798827 	2.495621 	1.191900 	1.004987 	0.887764 	0.825379 	0.976281 	1.175000 	2.103717 	1.127497 	1.027740 	1.251000 	1.325943 	1.274755 	1.274755 	1.487027 	1.700000 	
1.916540 	9.000000 	2.012461 	3.254420 	2.384586 	1.196349 	2.836591 	0.318198 	2.561860 	0.926350 	3.342155 	3.185318 	3.525355 	2.485080 	3.058288 	3.647773 	0.456207 	1.400892 	0.784618 	0.475657 	1.579952 	0.529741 	2.884549 	2.698379 	2.001562 	1.997655 	1.130542 	1.938105 	0.728011 	1.463728 	1.750179 	2.656360 	2.378156 	2.783209 	1.662077 	3.986383 	2.917298 	2.704279 	3.075813 	3.115486 	2.832071 	2.603003 	3.123800 	3.154857 	
0.167705 	2.012461 	9.000000 	1.444386 	0.388909 	0.919918 	0.895126 	2.316517 	0.555090 	1.291559 	1.442220 	1.245492 	1.659254 	0.485412 	1.078483 	1.783606 	2.310438 	0.939415 	1.611094 	2.285005 	0.807001 	2.144907 	0.872138 	0.697316 	0.601041 	0.625000 	1.445035 	0.686477 	2.561250 	1.154340 	0.926350 	0.728869 	0.660019 	0.825379 	1.110180 	2.058215 	0.975000 	0.862047 	1.107080 	1.175266 	1.107080 	1.113833 	1.322167 	1.532359 	
1.445035 	3.254420 	1.444386 	9.000000 	1.092016 	2.332381 	0.602080 	3.572464 	1.007782 	2.697800 	0.257391 	0.403113 	0.292617 	1.229075 	0.608790 	0.403113 	3.627413 	2.383537 	3.016310 	3.612478 	2.247221 	3.502232 	0.946375 	1.154340 	1.941649 	1.966119 	2.884549 	2.050000 	3.896954 	2.595429 	2.335193 	1.408013 	1.725724 	1.323820 	2.531057 	0.790569 	1.384061 	1.594718 	1.309819 	1.431782 	1.849493 	2.112019 	1.815386 	2.191603 	
0.469707 	2.384586 	0.388909 	1.092016 	9.000000 	1.308625 	0.514782 	2.692582 	0.182003 	1.680216 	1.063602 	0.860233 	1.285739 	0.265754 	0.689656 	1.408900 	2.695019 	1.311964 	1.999531 	2.670674 	1.162970 	2.532908 	0.515388 	0.412311 	0.855862 	0.880696 	1.823630 	0.961769 	2.948093 	1.510381 	1.243232 	0.570088 	0.719809 	0.604152 	1.439184 	1.671077 	0.752080 	0.760345 	0.838525 	0.934077 	1.043132 	1.173936 	1.179248 	1.468205 	
0.887764 	1.196349 	0.919918 	2.332381 	1.308625 	9.000000 	1.811767 	1.470544 	1.468205 	0.371652 	2.355048 	2.163908 	2.566247 	1.345595 	1.997655 	2.691189 	1.420607 	0.285044 	0.691466 	1.389244 	0.412311 	1.235162 	1.765113 	1.553222 	0.806226 	0.803508 	0.583631 	0.750000 	1.657181 	0.506211 	0.626997 	1.477329 	1.182423 	1.610124 	0.637377 	2.977415 	1.736555 	1.511001 	1.901480 	1.931321 	1.637261 	1.428504 	1.927596 	1.975633 	
0.937083 	2.836591 	0.895126 	0.602080 	0.514782 	1.811767 	9.000000 	3.150397 	0.406971 	2.183031 	0.548862 	0.353553 	0.771767 	0.626997 	0.251247 	0.894427 	3.172637 	1.826540 	2.503123 	3.151587 	1.677051 	3.022933 	0.410031 	0.570088 	1.346291 	1.370447 	2.337333 	1.456022 	3.432383 	2.023920 	1.747319 	0.824621 	1.125000 	0.761577 	1.945829 	1.167262 	0.853302 	1.020110 	0.831038 	0.955249 	1.290591 	1.525000 	1.310773 	1.668270 	
2.226123 	0.318198 	2.316517 	3.572464 	2.692582 	1.470544 	3.150397 	9.000000 	2.868471 	1.163239 	3.658722 	3.500000 	3.842932 	2.783994 	3.369811 	3.965476 	0.270416 	1.648105 	0.952956 	0.320156 	1.833712 	0.485412 	3.188358 	2.996665 	2.267708 	2.261775 	1.305996 	2.196588 	0.475657 	1.675187 	1.985101 	2.943637 	2.651061 	3.073272 	1.875167 	4.302615 	3.204001 	2.981296 	3.365728 	3.400368 	3.094047 	2.846599 	3.389782 	3.398621 	
0.650000 	2.561860 	0.555090 	1.007782 	0.182003 	1.468205 	0.406971 	2.868471 	9.000000 	1.838818 	0.942404 	0.726722 	1.170470 	0.226385 	0.535023 	1.290591 	2.865528 	1.450216 	2.156676 	2.840004 	1.290591 	2.698379 	0.333542 	0.270416 	0.941076 	0.965013 	1.965006 	1.051487 	3.115786 	1.634205 	1.346291 	0.485412 	0.728869 	0.480234 	1.546165 	1.525820 	0.617454 	0.686477 	0.680074 	0.784618 	0.970824 	1.154340 	1.065950 	1.382932 	
1.255488 	0.926350 	1.291559 	2.697800 	1.680216 	0.371652 	2.183031 	1.163239 	1.838818 	9.000000 	2.725459 	2.535375 	2.935345 	1.710263 	2.369071 	3.060331 	1.077033 	0.485412 	0.320156 	1.040733 	0.673146 	0.874643 	2.131901 	1.915235 	1.114955 	1.106797 	0.335410 	1.037123 	1.299279 	0.546008 	0.825379 	1.823630 	1.504161 	1.959751 	0.740355 	3.348974 	2.079664 	1.838478 	2.248611 	2.270050 	1.934231 	1.684117 	2.232152 	2.236347 	
1.472455 	3.342155 	1.442220 	0.257391 	1.063602 	2.355048 	0.548862 	3.658722 	0.942404 	2.725459 	9.000000 	0.226385 	0.230489 	1.147007 	0.450694 	0.348210 	3.695690 	2.375395 	3.045591 	3.677125 	2.225140 	3.555366 	0.800391 	1.032594 	1.881821 	1.905420 	2.885849 	1.992800 	3.959798 	2.571478 	2.288695 	1.277204 	1.623461 	1.175266 	2.488473 	0.645174 	1.212693 	1.450216 	1.116076 	1.233390 	1.686898 	1.975000 	1.621149 	2.002030 	
1.290591 	3.185318 	1.245492 	0.403113 	0.860233 	2.163908 	0.353553 	3.500000 	0.726722 	2.535375 	0.226385 	9.000000 	0.456207 	0.925000 	0.225000 	0.570088 	3.525355 	2.170541 	2.855368 	3.504640 	2.015564 	3.376481 	0.575000 	0.806226 	1.662077 	1.685416 	2.683398 	1.773415 	3.785664 	2.360349 	2.071382 	1.051190 	1.397542 	0.951315 	2.271838 	0.813941 	0.995301 	1.226020 	0.910014 	1.030776 	1.467353 	1.750179 	1.416201 	1.794610 	
1.680030 	3.525355 	1.659254 	0.292617 	1.285739 	2.566247 	0.771767 	3.842932 	1.170470 	2.935345 	0.230489 	0.456207 	9.000000 	1.377044 	0.679154 	0.125000 	3.889248 	2.595790 	3.255188 	3.872419 	2.448596 	3.755829 	1.027740 	1.262191 	2.110835 	2.134537 	3.104231 	2.221627 	4.156095 	2.795644 	2.516446 	1.505199 	1.853712 	1.400223 	2.715810 	0.498121 	1.430472 	1.675187 	1.323820 	1.437228 	1.905912 	2.200568 	1.825171 	2.207374 	
0.625500 	2.485080 	0.485412 	1.229075 	0.265754 	1.345595 	0.626997 	2.783994 	0.226385 	1.710263 	1.147007 	0.925000 	1.377044 	9.000000 	0.715891 	1.494365 	2.761340 	1.291559 	2.022993 	2.732330 	1.120547 	2.580698 	0.424264 	0.213600 	0.738664 	0.761577 	1.806239 	0.850368 	3.002603 	1.456237 	1.151629 	0.305164 	0.502494 	0.357946 	1.353006 	1.702388 	0.509902 	0.494975 	0.625500 	0.704006 	0.778621 	0.933408 	0.917878 	1.202601 	
1.145098 	3.058288 	1.078483 	0.608790 	0.689656 	1.997655 	0.251247 	3.369811 	0.535023 	2.369071 	0.450694 	0.225000 	0.679154 	0.715891 	9.000000 	0.789383 	3.381198 	1.985101 	2.687936 	3.357920 	1.823630 	3.222188 	0.350000 	0.583631 	1.454519 	1.477329 	2.500000 	1.566246 	3.636362 	2.165208 	1.867150 	0.826514 	1.176860 	0.726722 	2.068363 	0.991527 	0.776209 	1.001249 	0.704450 	0.828025 	1.245492 	1.525205 	1.208305 	1.583114 	
1.805028 	3.647773 	1.783606 	0.403113 	1.408900 	2.691189 	0.894427 	3.965476 	1.290591 	3.060331 	0.348210 	0.570088 	0.125000 	1.494365 	0.789383 	9.000000 	4.013181 	2.719605 	3.380181 	3.996561 	2.571478 	3.880480 	1.134956 	1.372953 	2.229910 	2.253469 	3.228487 	2.340940 	4.280333 	2.918262 	2.636878 	1.612452 	1.966119 	1.503330 	2.836591 	0.403113 	1.525820 	1.777815 	1.410895 	1.520691 	2.001406 	2.303394 	1.907387 	2.289787 	
2.237465 	0.456207 	2.310438 	3.627413 	2.695019 	1.420607 	3.172637 	0.270416 	2.865528 	1.077033 	3.695690 	3.525355 	3.889248 	2.761340 	3.381198 	4.013181 	9.000000 	1.557442 	0.813941 	0.055902 	1.747319 	0.254951 	3.175689 	2.971216 	2.191603 	2.182888 	1.154340 	2.110835 	0.279509 	1.545356 	1.873833 	2.895794 	2.581182 	3.029954 	1.743022 	4.335392 	3.153569 	2.915476 	3.320580 	3.345613 	3.005204 	2.736101 	3.304921 	3.285004 	
0.958188 	1.400892 	0.939415 	2.383537 	1.311964 	0.285044 	1.826540 	1.648105 	1.450216 	0.485412 	2.375395 	2.170541 	2.595790 	1.291559 	1.985101 	2.719605 	1.557442 	9.000000 	0.760345 	1.518634 	0.190394 	1.342805 	1.715554 	1.485345 	0.637377 	0.626997 	0.515388 	0.553399 	1.767060 	0.254951 	0.357946 	1.366108 	1.028652 	1.505407 	0.353553 	2.975945 	1.616516 	1.364047 	1.789029 	1.801735 	1.449353 	1.202341 	1.748035 	1.754459 	
1.575198 	0.784618 	1.611094 	3.016310 	1.999531 	0.691466 	2.503123 	0.952956 	2.156676 	0.320156 	3.045591 	2.855368 	3.255188 	2.022993 	2.687936 	3.380181 	0.813941 	0.760345 	9.000000 	0.770146 	0.950329 	0.585235 	2.445915 	2.225562 	1.397542 	1.386542 	0.353553 	1.309819 	1.007782 	0.731864 	1.061249 	2.122646 	1.788854 	2.260669 	0.930390 	3.668872 	2.375395 	2.124264 	2.546812 	2.561860 	2.198010 	1.922563 	2.499000 	2.471083 	
2.215429 	0.475657 	2.285005 	3.612478 	2.670674 	1.389244 	3.151587 	0.320156 	2.840004 	1.040733 	3.677125 	3.504640 	3.872419 	2.732330 	3.357920 	3.996561 	0.055902 	1.518634 	0.770146 	9.000000 	1.708801 	0.201556 	3.148115 	2.941513 	2.154066 	2.144907 	1.107080 	2.071835 	0.285044 	1.500417 	1.831154 	2.862254 	2.544234 	2.997082 	1.697425 	4.315669 	3.119395 	2.878911 	3.287191 	3.310589 	2.964899 	2.692698 	3.265061 	3.240852 	
0.853302 	1.579952 	0.807001 	2.247221 	1.162970 	0.412311 	1.677051 	1.833712 	1.290591 	0.673146 	2.225140 	2.015564 	2.448596 	1.120547 	1.823630 	2.571478 	1.747319 	0.190394 	0.950329 	1.708801 	9.000000 	1.533175 	1.542928 	1.308625 	0.447214 	0.436606 	0.689656 	0.364006 	1.957358 	0.348210 	0.230489 	1.180042 	0.838525 	1.320038 	0.333542 	2.815138 	1.428504 	1.173936 	1.601757 	1.612452 	1.261200 	1.025000 	1.559046 	1.575794 	
2.085965 	0.529741 	2.144907 	3.502232 	2.532908 	1.235162 	3.022933 	0.485412 	2.698379 	0.874643 	3.555366 	3.376481 	3.755829 	2.580698 	3.222188 	3.880480 	0.254951 	1.342805 	0.585235 	0.201556 	1.533175 	9.000000 	3.000000 	2.787584 	1.980057 	1.969772 	0.912414 	1.894235 	0.425000 	1.309819 	1.645068 	2.697800 	2.371181 	2.834277 	1.505199 	4.189645 	2.952965 	2.706474 	3.122699 	3.141755 	2.783209 	2.504246 	3.084234 	3.050615 	
0.980434 	2.884549 	0.872138 	0.946375 	0.515388 	1.765113 	0.410031 	3.188358 	0.333542 	2.131901 	0.800391 	0.575000 	1.027740 	0.424264 	0.350000 	1.134956 	3.175689 	1.715554 	2.445915 	3.148115 	1.542928 	3.000000 	9.000000 	0.246221 	1.144825 	1.166190 	2.229910 	1.256234 	3.420618 	1.875000 	1.560849 	0.477624 	0.838153 	0.378319 	1.762278 	1.297353 	0.447214 	0.651920 	0.425735 	0.548293 	0.903466 	1.175266 	0.901388 	1.263428 	
0.831038 	2.698379 	0.697316 	1.154340 	0.412311 	1.553222 	0.570088 	2.996665 	0.270416 	1.915235 	1.032594 	0.806226 	1.262191 	0.213600 	0.583631 	1.372953 	2.971216 	1.485345 	2.225562 	2.941513 	1.308625 	2.787584 	0.246221 	9.000000 	0.901388 	0.922293 	1.997655 	1.012423 	3.210335 	1.635925 	1.317431 	0.254951 	0.594243 	0.212132 	1.518634 	1.543535 	0.347311 	0.450694 	0.427931 	0.522015 	0.726722 	0.958188 	0.797261 	1.125000 	
0.726722 	2.001562 	0.601041 	1.941649 	0.855862 	0.806226 	1.346291 	2.267708 	0.941076 	1.114955 	1.881821 	1.662077 	2.110835 	0.738664 	1.454519 	2.229910 	2.191603 	0.637377 	1.397542 	2.154066 	0.447214 	1.980057 	1.144825 	0.901388 	9.000000 	0.025000 	1.125000 	0.111803 	2.404423 	0.742462 	0.416083 	0.743303 	0.391312 	0.884590 	0.617454 	2.438237 	0.985203 	0.726722 	1.160011 	1.166190 	0.831038 	0.656220 	1.122776 	1.184536 	
0.749166 	1.997655 	0.625000 	1.966119 	0.880696 	0.803508 	1.370447 	2.261775 	0.965013 	1.106797 	1.905420 	1.685416 	2.134537 	0.761577 	1.477329 	2.253469 	2.182888 	0.626997 	1.386542 	2.144907 	0.436606 	1.969772 	1.166190 	0.922293 	0.025000 	9.000000 	1.110180 	0.090139 	2.393872 	0.725000 	0.395285 	0.760345 	0.403113 	0.901734 	0.596343 	2.460310 	1.000000 	0.738241 	1.175266 	1.179248 	0.834416 	0.649038 	1.128051 	1.181630 	
1.444386 	1.130542 	1.445035 	2.884549 	1.823630 	0.583631 	2.337333 	1.305996 	1.965006 	0.335410 	2.885849 	2.683398 	3.104231 	1.806239 	2.500000 	3.228487 	1.154340 	0.515388 	0.353553 	1.107080 	0.689656 	0.912414 	2.229910 	1.997655 	1.125000 	1.110180 	9.000000 	1.026219 	1.322167 	0.403887 	0.749166 	1.866313 	1.511622 	2.007019 	0.594243 	3.490433 	2.110095 	1.844587 	2.285005 	2.288149 	1.891098 	1.597263 	2.193171 	2.140385 	
0.798827 	1.938105 	0.686477 	2.050000 	0.961769 	0.750000 	1.456022 	2.196588 	1.051487 	1.037123 	1.992800 	1.773415 	2.221627 	0.850368 	1.566246 	2.340940 	2.110835 	0.553399 	1.309819 	2.071835 	0.364006 	1.894235 	1.256234 	1.012423 	0.111803 	0.090139 	1.026219 	9.000000 	2.317596 	0.637377 	0.305164 	0.848528 	0.485412 	0.989950 	0.506211 	2.550000 	1.085415 	0.818917 	1.261200 	1.261943 	0.897566 	0.682367 	1.195042 	1.226020 	
2.495621 	0.728011 	2.561250 	3.896954 	2.948093 	1.657181 	3.432383 	0.475657 	3.115786 	1.299279 	3.959798 	3.785664 	4.156095 	3.002603 	3.636362 	4.280333 	0.279509 	1.767060 	1.007782 	0.285044 	1.957358 	0.425000 	3.420618 	3.210335 	2.404423 	2.393872 	1.322167 	2.317596 	9.000000 	1.724094 	2.063523 	3.122699 	2.795644 	3.259026 	1.916377 	4.597418 	3.377962 	3.130994 	3.547622 	3.566686 	3.204001 	2.919011 	3.505442 	3.462387 	
1.191900 	1.463728 	1.154340 	2.595429 	1.510381 	0.506211 	2.023920 	1.675187 	1.634205 	0.546008 	2.571478 	2.360349 	2.795644 	1.456237 	2.165208 	2.918262 	1.545356 	0.254951 	0.731864 	1.500417 	0.348210 	1.309819 	1.875000 	1.635925 	0.742462 	0.725000 	0.403887 	0.637377 	1.724094 	9.000000 	0.347311 	1.485345 	1.120547 	1.626730 	0.200000 	3.156145 	1.722099 	1.450216 	1.898190 	1.895059 	1.487658 	1.195042 	1.789728 	1.740869 	
1.004987 	1.750179 	0.926350 	2.335193 	1.243232 	0.626997 	1.747319 	1.985101 	1.346291 	0.825379 	2.288695 	2.071382 	2.516446 	1.151629 	1.867150 	2.636878 	1.873833 	0.357946 	1.061249 	1.831154 	0.230489 	1.645068 	1.560849 	1.317431 	0.416083 	0.395285 	0.749166 	0.305164 	2.063523 	0.347311 	9.000000 	1.150272 	0.778621 	1.291559 	0.201556 	2.853178 	1.380670 	1.105102 	1.557241 	1.550202 	1.142366 	0.863134 	1.444386 	1.414214 	
0.887764 	2.656360 	0.728869 	1.408013 	0.570088 	1.477329 	0.824621 	2.943637 	0.485412 	1.823630 	1.277204 	1.051190 	1.505199 	0.305164 	0.826514 	1.612452 	2.895794 	1.366108 	2.122646 	2.862254 	1.180042 	2.697800 	0.477624 	0.254951 	0.743303 	0.760345 	1.866313 	0.848528 	3.122699 	1.485345 	1.150272 	9.000000 	0.381608 	0.141421 	1.347683 	1.755705 	0.261008 	0.201556 	0.425000 	0.460977 	0.485412 	0.704006 	0.614919 	0.901734 	
0.825379 	2.378156 	0.660019 	1.725724 	0.719809 	1.182423 	1.125000 	2.651061 	0.728869 	1.504161 	1.623461 	1.397542 	1.853712 	0.502494 	1.176860 	1.966119 	2.581182 	1.028652 	1.788854 	2.544234 	0.838525 	2.371181 	0.838153 	0.594243 	0.391312 	0.403113 	1.511622 	0.485412 	2.795644 	1.120547 	0.778621 	0.381608 	9.000000 	0.520216 	0.972432 	2.130874 	0.602080 	0.335410 	0.778621 	0.776611 	0.480885 	0.465027 	0.751665 	0.886707 	
0.976281 	2.783209 	0.825379 	1.323820 	0.604152 	1.610124 	0.761577 	3.073272 	0.480234 	1.959751 	1.175266 	0.951315 	1.400223 	0.357946 	0.726722 	1.503330 	3.029954 	1.505407 	2.260669 	2.997082 	1.320038 	2.834277 	0.378319 	0.212132 	0.884590 	0.901734 	2.007019 	0.989950 	3.259026 	1.626730 	1.291559 	0.141421 	0.520216 	9.000000 	1.488707 	1.628650 	0.152069 	0.275000 	0.292617 	0.350000 	0.529741 	0.800391 	0.585769 	0.915492 	
1.175000 	1.662077 	1.110180 	2.531057 	1.439184 	0.637377 	1.945829 	1.875167 	1.546165 	0.740355 	2.488473 	2.271838 	2.715810 	1.353006 	2.068363 	2.836591 	1.743022 	0.353553 	0.930390 	1.697425 	0.333542 	1.505199 	1.762278 	1.518634 	0.617454 	0.596343 	0.594243 	0.506211 	1.916377 	0.200000 	0.201556 	1.347683 	0.972432 	1.488707 	9.000000 	3.054709 	1.573412 	1.293493 	1.750179 	1.738174 	1.308864 	1.004054 	1.610318 	1.546165 	
2.103717 	3.986383 	2.058215 	0.790569 	1.671077 	2.977415 	1.167262 	4.302615 	1.525820 	3.348974 	0.645174 	0.813941 	0.498121 	1.702388 	0.991527 	0.403113 	4.335392 	2.975945 	3.668872 	4.315669 	2.815138 	4.189645 	1.297353 	1.543535 	2.438237 	2.460310 	3.490433 	2.550000 	4.597418 	3.156145 	2.853178 	1.755705 	2.130874 	1.628650 	3.054709 	9.000000 	1.613420 	1.892254 	1.467353 	1.557241 	2.075602 	2.407930 	1.925649 	2.300136 	
1.127497 	2.917298 	0.975000 	1.384061 	0.752080 	1.736555 	0.853302 	3.204001 	0.617454 	2.079664 	1.212693 	0.995301 	1.430472 	0.509902 	0.776209 	1.525820 	3.153569 	1.616516 	2.375395 	3.119395 	1.428504 	2.952965 	0.447214 	0.347311 	0.985203 	1.000000 	2.110095 	1.085415 	3.377962 	1.722099 	1.380670 	0.261008 	0.602080 	0.152069 	1.573412 	1.613420 	9.000000 	0.291548 	0.176777 	0.201556 	0.475657 	0.794512 	0.460977 	0.816241 	
1.027740 	2.704279 	0.862047 	1.594718 	0.760345 	1.511001 	1.020110 	2.981296 	0.686477 	1.838478 	1.450216 	1.226020 	1.675187 	0.494975 	1.001249 	1.777815 	2.915476 	1.364047 	2.124264 	2.878911 	1.173936 	2.706474 	0.651920 	0.450694 	0.726722 	0.738241 	1.844587 	0.818917 	3.130994 	1.450216 	1.105102 	0.201556 	0.335410 	0.275000 	1.293493 	1.892254 	0.291548 	9.000000 	0.465027 	0.445112 	0.285044 	0.525595 	0.460977 	0.707990 	
1.251000 	3.075813 	1.107080 	1.309819 	0.838525 	1.901480 	0.831038 	3.365728 	0.680074 	2.248611 	1.116076 	0.910014 	1.323820 	0.625500 	0.704450 	1.410895 	3.320580 	1.789029 	2.546812 	3.287191 	1.601757 	3.122699 	0.425735 	0.427931 	1.160011 	1.175266 	2.285005 	1.261200 	3.547622 	1.898190 	1.557241 	0.425000 	0.778621 	0.292617 	1.750179 	1.467353 	0.176777 	0.465027 	9.000000 	0.125000 	0.608276 	0.948683 	0.506211 	0.886002 	
1.325943 	3.115486 	1.175266 	1.431782 	0.934077 	1.931321 	0.955249 	3.400368 	0.784618 	2.270050 	1.233390 	1.030776 	1.437228 	0.704006 	0.828025 	1.520691 	3.345613 	1.801735 	2.561860 	3.310589 	1.612452 	3.141755 	0.548293 	0.522015 	1.166190 	1.179248 	2.288149 	1.261943 	3.566686 	1.895059 	1.550202 	0.460977 	0.776611 	0.350000 	1.738174 	1.557241 	0.201556 	0.445112 	0.125000 	9.000000 	0.529741 	0.883530 	0.388104 	0.770146 	
1.274755 	2.832071 	1.107080 	1.849493 	1.043132 	1.637261 	1.290591 	3.094047 	0.970824 	1.934231 	1.686898 	1.467353 	1.905912 	0.778621 	1.245492 	2.001406 	3.005204 	1.449353 	2.198010 	2.964899 	1.261200 	2.783209 	0.903466 	0.726722 	0.831038 	0.834416 	1.891098 	0.897566 	3.204001 	1.487658 	1.142366 	0.485412 	0.480885 	0.529741 	1.308864 	2.075602 	0.475657 	0.285044 	0.608276 	0.529741 	9.000000 	0.360555 	0.302076 	0.430116 	
