Total assets = 1190
Number of asset nodes = 67

Distance:
999.000000 	95.770561 	100.647903 	33.600594 	28.653097 	17.088007 	72.069412 	23.194826 	83.546394 	19.235384 	31.048349 	61.220913 	35.468296 	55.226807 	82.855293 	80.262070 	110.679718 	84.864601 	108.226616 	77.698135 	29.274563 	35.171009 	83.354668 	83.450584 	81.301903 	86.267029 	78.771820 	106.212051 	32.249031 	57.280014 	24.515301 	80.721741 	108.406639 	36.674240 	102.176315 	60.108234 	90.509666 	25.000000 	76.609398 	85.632935 	32.000000 	33.000000 	35.057095 	36.124783 	81.055534 	89.196411 	82.462112 	32.984844 	34.525352 	85.000000 	36.345562 	35.693138 	35.171009 	35.440090 	40.311287 	35.468296 	38.832977 	40.024994 	39.560081 	43.266617 	46.615448 	48.373547 	48.877399 	48.259712 	47.507893 	49.648766 	49.406479 	48.836460 	51.224995 	51.855568 	60.876926 	63.906181 	63.158531 	63.694584 	65.459915 	65.306969 	67.623962 	68.709534 	69.079666 	71.512238 	
95.770561 	999.000000 	5.099020 	66.760765 	73.082146 	112.712021 	161.375336 	84.202141 	24.166092 	114.061386 	77.665955 	154.012985 	77.987175 	149.030197 	171.898224 	169.852875 	18.384777 	26.419689 	17.464249 	167.836227 	81.786308 	75.953934 	172.626770 	29.529646 	171.330093 	27.459061 	169.331039 	19.000000 	81.215759 	151.476074 	91.678787 	33.105892 	20.099751 	77.646637 	20.880613 	154.262756 	26.907248 	93.621582 	168.240906 	31.064449 	85.158676 	85.000000 	82.734512 	81.614952 	37.121422 	31.240999 	36.715118 	93.059120 	90.796478 	39.661064 	89.560036 	91.662422 	93.770996 	94.762863 	89.202019 	97.867256 	92.347168 	93.263069 	95.336250 	108.461975 	111.287918 	108.074051 	109.073372 	111.162041 	115.433968 	112.111549 	113.159180 	117.426575 	116.155067 	117.153748 	99.849884 	106.920532 	109.658562 	108.779594 	106.212051 	112.751938 	112.147224 	110.476242 	111.462997 	111.004501 	
100.647903 	5.099020 	999.000000 	71.840103 	78.160095 	117.618027 	165.758865 	89.286057 	28.460499 	119.012604 	82.764725 	158.600128 	82.073135 	153.687988 	176.241318 	174.229736 	16.124516 	30.463093 	16.031219 	172.246918 	86.884979 	81.049370 	176.980225 	33.615471 	175.727066 	31.304953 	173.761337 	18.681541 	86.313385 	156.156967 	96.772926 	37.336308 	19.235384 	82.734512 	21.954498 	158.937088 	30.232433 	98.716766 	172.733902 	34.885529 	90.255196 	90.094398 	87.823685 	86.700638 	41.231056 	34.669872 	40.718548 	98.152939 	95.885345 	43.416588 	94.641426 	96.747093 	98.858482 	99.849884 	94.260277 	102.956299 	97.416634 	98.325989 	100.404182 	113.534134 	116.348618 	113.110565 	114.109596 	116.211014 	120.503113 	117.153748 	118.207443 	122.494896 	121.202309 	122.200653 	104.690018 	111.758667 	114.529472 	113.635384 	111.018013 	117.613777 	116.965805 	115.260574 	116.249733 	115.741089 	
33.600594 	66.760765 	71.840103 	999.000000 	6.324555 	48.836460 	105.475113 	17.464249 	51.039200 	49.203659 	12.369317 	94.810333 	42.059483 	88.729927 	116.284134 	113.740936 	79.605278 	52.009613 	76.941536 	111.220505 	16.124516 	13.038404 	116.811813 	50.328918 	114.825958 	53.263496 	112.329872 	74.431175 	16.763054 	90.686272 	25.179358 	47.381432 	76.661591 	15.811388 	69.892776 	93.509361 	57.489128 	27.166155 	110.208893 	52.345009 	20.615528 	20.880613 	19.697716 	19.235384 	47.507893 	55.865910 	48.918301 	28.442924 	26.925823 	51.400391 	26.570660 	28.160255 	29.832869 	30.805843 	28.178005 	33.541019 	30.083218 	31.384710 	32.893768 	44.911022 	48.270073 	46.486557 	47.434166 	48.764740 	51.788029 	50.000000 	50.695168 	53.758720 	53.600372 	54.571056 	47.423622 	53.413483 	54.644306 	54.405884 	53.907330 	57.688820 	58.600342 	58.258045 	59.033890 	60.207973 	
28.653097 	73.082146 	78.160095 	6.324555 	999.000000 	43.139309 	100.722389 	11.180340 	57.140179 	43.278172 	7.810250 	89.627007 	42.485291 	83.408630 	111.507851 	108.908218 	85.866173 	58.008621 	83.186539 	106.329674 	10.770329 	10.295630 	112.004463 	56.222771 	109.931801 	59.203041 	107.377838 	80.622574 	12.206555 	85.276024 	19.026299 	53.150730 	82.855293 	13.038404 	76.006577 	88.090858 	63.411354 	21.023796 	105.118980 	58.137768 	15.652476 	16.124516 	15.620500 	15.556349 	53.037724 	61.619801 	54.451813 	23.086792 	21.931713 	56.727417 	21.954498 	23.259407 	24.698177 	25.632011 	24.207438 	28.160255 	25.553865 	26.925823 	28.178005 	39.560081 	43.011627 	41.629318 	42.544094 	43.657761 	46.324940 	44.944408 	45.541191 	48.270073 	48.383881 	49.335587 	44.687805 	50.209560 	51.088158 	50.990196 	50.931328 	54.037025 	55.226807 	55.154327 	55.865910 	57.314919 	
17.088007 	112.712021 	117.618027 	48.836460 	43.139309 	999.000000 	60.083275 	34.669872 	99.639351 	4.242640 	43.266617 	47.413078 	49.497475 	40.816662 	70.576202 	67.779053 	127.318497 	100.767059 	124.807854 	65.000000 	40.311287 	47.169907 	70.936592 	99.156441 	68.541962 	102.068604 	65.795135 	122.641754 	42.941822 	42.438190 	31.953091 	96.208107 	124.851913 	47.885281 	118.406082 	45.221676 	106.301460 	31.320919 	63.063461 	101.178062 	41.231056 	42.154476 	44.777225 	46.097721 	96.176918 	104.690018 	97.590981 	38.832977 	41.231056 	99.824844 	43.416588 	41.976185 	40.607880 	40.447498 	47.296936 	39.115215 	44.721359 	45.541191 	44.283180 	42.755116 	45.354160 	48.662102 	48.836460 	47.296936 	44.598206 	48.507732 	47.801674 	45.310043 	48.703182 	49.040798 	65.007690 	66.272163 	64.629715 	65.490456 	68.183578 	66.098412 	68.883957 	70.576202 	70.710678 	73.552704 	
72.069412 	161.375336 	165.758865 	105.475113 	100.722389 	60.083275 	999.000000 	94.021271 	153.525238 	62.096699 	102.459747 	15.297058 	84.403793 	22.090721 	10.816654 	8.485281 	178.190903 	155.241745 	176.082367 	6.708204 	99.924973 	106.512909 	11.401754 	154.201172 	10.000000 	156.818359 	8.544003 	174.771286 	102.693718 	22.561028 	92.027168 	151.822266 	176.867188 	107.540688 	171.493439 	21.189621 	161.027954 	91.394745 	10.049875 	156.604599 	101.242287 	102.181213 	104.752090 	106.042442 	152.551636 	160.206116 	153.941544 	98.762344 	101.242287 	156.706726 	103.445641 	101.921539 	100.424103 	100.169853 	107.280006 	98.488579 	104.546638 	105.261581 	103.812332 	99.609238 	101.316338 	105.574615 	105.475113 	103.310211 	99.080772 	104.235313 	103.174606 	99.020203 	103.043678 	103.019417 	123.628479 	123.685081 	121.412521 	122.494896 	125.781555 	122.200653 	125.255737 	127.393089 	127.318497 	130.384048 	
23.194826 	84.202141 	89.286057 	17.464249 	11.180340 	34.669872 	94.021271 	999.000000 	67.601776 	34.058773 	8.602325 	81.987801 	46.861500 	75.471848 	104.694794 	101.980392 	96.664368 	68.264191 	93.941475 	99.282425 	6.082763 	12.529964 	105.118980 	66.287254 	102.859123 	69.339745 	100.184830 	91.241440 	9.055386 	77.103828 	8.062258 	63.007935 	93.477272 	13.601471 	86.452301 	79.881165 	73.498299 	10.049875 	97.616600 	68.007355 	9.486833 	10.440307 	12.041595 	13.000000 	62.481998 	71.400284 	63.890530 	14.212670 	14.212670 	65.795135 	15.264338 	15.620500 	16.278820 	17.029387 	18.788294 	18.867962 	18.601076 	20.000000 	20.518284 	29.966648 	33.541019 	33.015148 	33.837849 	34.481880 	36.400551 	35.846897 	36.235340 	38.275318 	38.910152 	39.812057 	40.249222 	44.654228 	44.821869 	45.000000 	45.793011 	47.507893 	49.203659 	49.648766 	50.219517 	52.153618 	
83.546394 	24.166092 	28.460499 	51.039200 	57.140179 	99.639351 	153.525238 	67.601776 	999.000000 	100.209778 	59.933296 	144.277512 	74.846512 	138.600143 	164.295471 	161.969131 	29.832869 	3.162278 	26.925823 	159.665268 	63.976559 	57.384666 	164.924225 	5.656854 	163.248276 	5.099020 	160.962723 	23.769728 	62.769421 	140.758652 	74.249580 	8.944272 	26.000000 	58.523499 	18.867962 	143.586212 	8.246211 	76.059189 	159.289047 	8.062258 	66.483078 	66.128662 	63.568859 	62.297672 	13.038404 	10.198039 	12.806249 	74.000000 	71.470276 	16.278820 	69.921387 	72.124893 	74.330345 	75.286118 	68.883957 	78.447433 	72.277245 	73.006851 	75.186432 	88.294960 	90.801979 	87.132080 	88.119240 	90.426765 	95.126228 	91.241440 	92.395889 	97.082436 	95.351982 	96.337944 	77.058418 	84.095184 	87.022987 	86.052307 	83.216583 	90.049988 	89.202019 	87.367043 	88.362885 	87.692642 	
19.235384 	114.061386 	119.012604 	49.203659 	43.278172 	4.242640 	62.096699 	34.058773 	100.209778 	999.000000 	42.638012 	48.846699 	52.952808 	42.047592 	72.422371 	69.570107 	128.280945 	101.212646 	125.717941 	66.730804 	39.408119 	46.400433 	72.732384 	99.488693 	70.228203 	102.449989 	67.416618 	123.422043 	41.880783 	43.416588 	30.413813 	96.426140 	125.642349 	46.872166 	119.037811 	46.141087 	106.667709 	29.546574 	64.474800 	101.414986 	39.824615 	40.706264 	43.416588 	44.777225 	96.208107 	104.890419 	97.621719 	36.687874 	39.217342 	99.704567 	41.436699 	39.849716 	38.327538 	38.078865 	45.221676 	36.496574 	42.449970 	43.174065 	41.773197 	39.319206 	41.773197 	45.276924 	45.398239 	43.737854 	40.804413 	44.911022 	44.147480 	41.436699 	44.922153 	45.221676 	62.128899 	63.071388 	61.294373 	62.201286 	65.030762 	62.649822 	65.490456 	67.268120 	67.364677 	70.256676 	
31.048349 	77.665955 	82.764725 	12.369317 	7.810250 	43.266617 	102.459747 	8.602325 	59.933296 	42.638012 	999.000000 	90.553848 	49.739319 	84.059502 	113.159180 	110.462662 	89.319649 	60.415230 	86.539009 	107.782188 	4.123106 	4.123106 	113.595772 	58.309521 	111.364265 	61.400326 	108.706024 	83.671982 	4.472136 	85.702972 	14.317822 	54.918121 	85.906929 	6.082763 	78.714676 	88.481636 	65.513359 	16.155495 	106.174385 	59.908264 	8.246211 	8.544003 	7.810250 	7.810250 	54.203320 	63.245552 	55.605755 	16.124516 	14.560220 	57.384666 	14.317822 	15.811388 	17.464249 	18.439089 	16.401220 	21.213203 	17.888544 	19.235384 	20.615528 	32.557640 	35.902645 	34.176014 	35.114101 	36.400551 	39.458839 	37.643059 	38.327538 	41.436699 	41.231056 	42.201897 	37.013512 	42.426407 	43.278172 	43.185646 	43.185646 	46.227695 	47.423622 	47.381432 	48.083260 	49.578220 	
61.220913 	154.012985 	158.600128 	94.810333 	89.627007 	47.413078 	15.297058 	81.987801 	144.277512 	48.846699 	90.553848 	999.000000 	79.158073 	7.071068 	24.186773 	21.213203 	170.182251 	145.773804 	167.919617 	18.248287 	87.709747 	94.514549 	24.331051 	144.499130 	21.587032 	147.248093 	18.681541 	166.291916 	90.354858 	7.280110 	79.202271 	141.873184 	168.439896 	95.294281 	162.640701 	6.403124 	151.485977 	78.390053 	15.652476 	146.754898 	88.566360 	89.470665 	92.135773 	93.471924 	142.274384 	150.332962 	143.680206 	85.440041 	88.022728 	146.208755 	90.249657 	88.600227 	86.977005 	86.648720 	93.984039 	84.770279 	91.082382 	91.706055 	90.138779 	85.158676 	86.700638 	91.082382 	90.934044 	88.684837 	84.291161 	89.560036 	88.459030 	84.148682 	88.204308 	88.141930 	109.444046 	109.178749 	106.794197 	107.912003 	111.305885 	107.466270 	110.548630 	112.751938 	112.641022 	115.732452 	
35.468296 	77.987175 	82.073135 	42.059483 	42.485291 	49.497475 	84.403793 	46.861500 	74.846512 	52.952808 	49.739319 	79.158073 	999.000000 	75.392311 	94.641426 	92.800865 	95.603348 	77.252831 	93.813644 	91.021973 	51.039200 	52.773098 	95.425362 	77.162170 	94.403389 	79.120163 	92.655273 	93.193344 	53.535034 	78.185677 	53.037724 	75.960518 	95.131485 	55.470715 	90.917542 	80.777473 	83.006027 	54.488529 	92.114059 	80.006248 	55.803226 	56.612720 	57.140179 	57.454330 	78.102493 	83.486526 	79.309517 	60.876926 	61.073727 	82.975899 	62.008064 	62.481998 	63.031738 	63.702435 	65.215027 	65.053825 	65.436989 	66.843102 	67.357254 	75.166481 	78.746429 	79.208588 	79.931221 	80.056229 	80.603973 	81.467789 	81.565926 	82.200974 	83.868942 	84.646324 	86.533234 	91.400215 	91.678787 	91.831367 	92.417534 	94.366310 	96.046867 	96.400208 	97.005157 	98.812958 	
55.226807 	149.030197 	153.687988 	88.729927 	83.408630 	40.816662 	22.090721 	75.471848 	138.600143 	42.047592 	84.059502 	7.071068 	75.392311 	999.000000 	31.257000 	28.284271 	164.924225 	140.014282 	162.606888 	25.317978 	81.123360 	87.982956 	31.400637 	138.657852 	28.635643 	141.449631 	25.709921 	160.863297 	83.725746 	3.000000 	72.449982 	135.948517 	163.027603 	88.684837 	157.079605 	5.385165 	145.691452 	71.589104 	22.472204 	140.858078 	81.841309 	82.734512 	85.422478 	86.769814 	136.235092 	144.422989 	137.644470 	78.549347 	81.154175 	140.089264 	83.384651 	81.706795 	80.056229 	79.711983 	87.091904 	77.794601 	84.154617 	84.758484 	83.168503 	78.089691 	79.630394 	84.011902 	83.862984 	81.614952 	77.233414 	82.492424 	81.394104 	77.103828 	81.154175 	81.098709 	102.391403 	102.107788 	99.724625 	100.841461 	104.235313 	100.404182 	103.484299 	105.683487 	105.574615 	108.664619 	
82.855293 	171.898224 	176.241318 	116.284134 	111.507851 	70.576202 	10.816654 	104.694794 	164.295471 	72.422371 	113.159180 	24.186773 	94.641426 	31.257000 	999.000000 	3.000000 	188.809433 	166.027100 	186.724396 	6.000000 	110.571243 	117.200684 	1.000000 	165.000000 	3.605551 	167.609665 	6.324555 	185.456192 	113.318138 	31.016125 	102.528046 	162.631485 	187.544662 	118.186295 	182.222397 	29.017237 	171.816757 	101.843018 	10.770329 	167.409683 	111.789978 	112.720894 	115.316956 	116.619041 	163.367691 	171.011688 	164.757401 	109.110039 	111.628853 	167.523132 	113.841995 	112.271988 	110.724884 	110.440025 	117.643532 	108.669220 	114.843369 	115.520561 	114.017540 	109.329773 	110.887329 	115.260574 	115.117332 	112.871605 	108.461975 	113.745331 	112.641022 	108.295891 	112.361023 	112.285347 	133.555237 	133.360413 	130.980911 	132.098450 	135.484314 	131.643463 	134.729355 	136.937943 	136.824707 	139.917831 	
80.262070 	169.852875 	174.229736 	113.740936 	108.908218 	67.779053 	8.485281 	101.980392 	161.969131 	69.570107 	110.462662 	21.213203 	92.800865 	28.284271 	3.000000 	999.000000 	186.676193 	163.670395 	184.567062 	3.000000 	107.837845 	114.494545 	3.162278 	162.609970 	2.000000 	165.239227 	3.605551 	183.251190 	110.571243 	28.017851 	99.724625 	160.206116 	185.348328 	115.451286 	179.961105 	26.019224 	169.452057 	99.020203 	8.062258 	165.000000 	109.004585 	109.931801 	112.538879 	113.846390 	160.897476 	168.600113 	162.289871 	106.254410 	108.784187 	165.024246 	111.000000 	109.416634 	107.856384 	107.563934 	114.791115 	105.773346 	111.973213 	112.641022 	111.126053 	106.367287 	107.912003 	112.294258 	112.147224 	109.895409 	105.475113 	110.765518 	109.658562 	105.304321 	109.370926 	109.293182 	130.613937 	130.391724 	128.003906 	129.123978 	132.517929 	128.658463 	131.745972 	133.958954 	133.843185 	136.937943 	
110.679718 	18.384777 	16.124516 	79.605278 	85.866173 	127.318497 	178.190903 	96.664368 	29.832869 	128.280945 	89.319649 	170.182251 	95.603348 	164.924225 	188.809433 	186.676193 	999.000000 	30.265491 	3.000000 	184.567062 	93.407707 	86.977005 	189.509888 	33.136082 	188.095718 	30.066593 	186.002686 	7.280110 	92.358002 	167.263260 	103.619499 	37.121422 	5.830952 	88.232651 	13.341664 	170.073517 	27.018513 	105.475113 	184.718704 	33.000000 	96.135323 	95.817535 	93.300591 	92.048897 	40.000000 	31.144823 	39.012817 	103.740059 	101.242287 	40.311287 	99.724625 	101.921539 	104.120125 	105.080925 	98.716766 	108.240471 	102.107788 	102.839684 	105.019043 	118.127052 	120.619232 	116.901665 	117.885536 	120.220627 	124.951988 	121.016525 	122.184288 	126.905479 	125.131927 	126.115028 	106.075447 	113.039818 	116.107712 	115.069542 	112.004463 	119.067207 	118.004234 	116.004311 	117.004272 	116.068947 	
84.864601 	26.419689 	30.463093 	52.009613 	58.008621 	100.767059 	155.241745 	68.264191 	3.162278 	101.212646 	60.415230 	145.773804 	77.252831 	140.014282 	166.027100 	163.670395 	30.265491 	999.000000 	27.294687 	161.335052 	64.412735 	57.697487 	166.643326 	3.162278 	164.924225 	2.000000 	162.606888 	23.769728 	63.071388 	142.130219 	74.706093 	7.071068 	25.961510 	58.694122 	18.384777 	144.958618 	5.830952 	76.478752 	160.863297 	5.000000 	66.708321 	66.309875 	63.694584 	62.393909 	10.770329 	7.071068 	10.295630 	74.094536 	71.512238 	13.453624 	69.892776 	72.111023 	74.330345 	75.272835 	68.680420 	78.434685 	72.124893 	72.801102 	75.000000 	88.056801 	90.470993 	86.683334 	87.664131 	90.027771 	94.831429 	90.801979 	91.983696 	96.772926 	94.921021 	95.900993 	76.000000 	83.006027 	86.005814 	85.000000 	82.054863 	89.000000 	88.051125 	86.145226 	87.143562 	86.371292 	
108.226616 	17.464249 	16.031219 	76.941536 	83.186539 	124.807854 	176.082367 	93.941475 	26.925823 	125.717941 	86.539009 	167.919617 	93.813644 	162.606888 	186.724396 	184.567062 	3.000000 	27.294687 	999.000000 	182.433548 	90.620087 	84.154617 	187.416641 	30.149628 	185.970428 	27.073973 	183.853195 	4.472136 	89.537704 	164.924225 	100.846420 	34.132095 	3.605551 	85.381500 	10.440307 	167.737885 	24.020824 	102.693718 	182.521225 	30.000000 	93.300591 	92.973114 	90.443352 	89.185204 	37.000000 	28.160255 	36.013885 	100.881119 	98.371742 	37.336308 	96.840073 	99.040398 	101.242287 	102.200783 	95.801880 	105.361282 	99.201813 	99.924973 	102.107788 	115.208504 	117.686020 	113.951744 	114.934761 	117.277451 	122.024590 	118.067780 	119.239258 	123.975807 	122.184288 	123.166557 	103.077644 	110.040901 	113.110565 	112.071404 	109.004585 	116.068947 	115.004349 	113.004425 	114.004387 	113.070778 	
77.698135 	167.836227 	172.246918 	111.220505 	106.329674 	65.000000 	6.708204 	99.282425 	159.665268 	66.730804 	107.782188 	18.248287 	91.021973 	25.317978 	6.000000 	3.000000 	184.567062 	161.335052 	182.433548 	999.000000 	105.118980 	111.803398 	6.082763 	160.240448 	3.605551 	162.889526 	2.000000 	181.069046 	107.837845 	25.019993 	96.932968 	157.800507 	183.174774 	112.729767 	177.721695 	23.021729 	167.107742 	96.208107 	5.656854 	162.609970 	106.230881 	107.154091 	109.772491 	111.085556 	158.445572 	166.207703 	159.840546 	103.406960 	105.948097 	162.542297 	108.166542 	106.569229 	104.995239 	104.694794 	111.946419 	102.883430 	109.110039 	109.767937 	108.240471 	103.406960 	104.938080 	109.329773 	109.178749 	106.920532 	102.489021 	107.786827 	106.677086 	102.313248 	106.381386 	106.301460 	127.675369 	127.424484 	125.028000 	126.150703 	129.553085 	125.674179 	128.763351 	130.980911 	130.862518 	133.958954 	
29.274563 	81.786308 	86.884979 	16.124516 	10.770329 	40.311287 	99.924973 	6.082763 	63.976559 	39.408119 	4.123106 	87.709747 	51.039200 	81.123360 	110.571243 	107.837845 	93.407707 	64.412735 	90.620087 	105.118980 	999.000000 	7.071068 	110.981979 	62.265560 	108.687622 	65.368187 	105.990562 	87.726852 	3.000000 	82.680107 	10.295630 	58.830265 	89.961105 	7.615773 	82.734512 	85.440041 	69.462219 	12.083046 	103.353760 	63.812225 	5.000000 	5.656854 	6.324555 	7.071068 	58.008621 	67.119293 	59.405388 	12.369317 	11.180340 	61.073727 	11.401754 	12.529964 	13.928389 	14.866069 	14.212670 	17.464249 	15.000000 	16.401220 	17.492855 	28.861740 	32.280025 	30.870699 	31.780497 	32.893768 	35.693138 	34.176014 	34.785053 	37.656342 	37.643059 	38.600517 	35.510563 	40.459858 	41.012192 	41.036568 	41.400482 	43.863426 	45.276924 	45.453274 	46.097721 	47.801674 	
35.171009 	75.953934 	81.049370 	13.038404 	10.295630 	47.169907 	106.512909 	12.529964 	57.384666 	46.400433 	4.123106 	94.514549 	52.773098 	87.982956 	117.200684 	114.494545 	86.977005 	57.697487 	84.154617 	111.803398 	7.071068 	999.000000 	117.630775 	55.470715 	115.381973 	58.591808 	112.712021 	81.154175 	5.385165 	89.587944 	17.204651 	51.971146 	83.384651 	2.828427 	76.059189 	92.358002 	62.649822 	18.867962 	110.145355 	56.938564 	9.219544 	9.055386 	7.071068 	6.324555 	51.039200 	60.207973 	52.430908 	17.117243 	15.000000 	54.037025 	14.142136 	16.031219 	18.000000 	19.000000 	15.231546 	22.022715 	17.464249 	18.681541 	20.396078 	33.060551 	36.221542 	33.955853 	34.928497 	36.496574 	40.049969 	37.656342 	38.470768 	42.047592 	41.436699 	42.426407 	34.655445 	40.459858 	41.617306 	41.400482 	41.036568 	44.654228 	45.607018 	45.343136 	46.097721 	47.381432 	
83.354668 	172.626770 	176.980225 	116.811813 	112.004463 	70.936592 	11.401754 	105.118980 	164.924225 	72.732384 	113.595772 	24.331051 	95.425362 	31.400637 	1.000000 	3.162278 	189.509888 	166.643326 	187.416641 	6.082763 	110.981979 	117.630775 	999.000000 	165.601929 	3.162278 	168.220093 	6.082763 	186.131668 	113.718948 	31.064449 	102.883430 	163.217651 	188.223267 	118.595955 	182.877014 	29.000000 	172.429703 	102.181213 	10.440307 	168.002975 	112.160599 	113.088463 	115.693558 	117.000000 	163.932907 	171.604202 	165.323929 	109.416634 	111.946419 	168.074387 	114.162163 	112.578865 	111.018013 	110.724884 	117.953384 	108.931168 	115.134705 	115.801552 	114.284729 	109.489723 	111.018013 	115.412308 	115.260574 	113.000000 	108.558739 	113.863953 	112.751938 	108.374352 	112.445541 	112.361023 	133.753510 	133.506561 	131.106827 	132.230865 	135.635544 	131.745972 	134.836945 	137.058380 	136.937943 	140.035706 	
83.450584 	29.529646 	33.615471 	50.328918 	56.222771 	99.156441 	154.201172 	66.287254 	5.656854 	99.488693 	58.309521 	144.499130 	77.162170 	138.657852 	165.000000 	162.609970 	33.136082 	3.162278 	30.149628 	160.240448 	62.265560 	55.470715 	165.601929 	999.000000 	163.835281 	3.162278 	161.483749 	26.476404 	60.827625 	140.730240 	72.560318 	4.000000 	28.635643 	56.364883 	20.880613 	143.558350 	7.211102 	74.303429 	159.665268 	3.000000 	64.404968 	63.976559 	61.326992 	60.008331 	7.615773 	6.324555 	7.211102 	71.693794 	69.079666 	10.630146 	67.416618 	69.641945 	71.867935 	72.801102 	66.098412 	75.960518 	69.570107 	70.213959 	72.422371 	85.440041 	87.800911 	83.952370 	84.929382 	87.321243 	92.179176 	88.073830 	89.269257 	94.111633 	92.195442 	93.171883 	73.006851 	80.000000 	83.024094 	82.006096 	79.025314 	86.005814 	85.023529 	83.096329 	84.095184 	83.294655 	
81.301903 	171.330093 	175.727066 	114.825958 	109.931801 	68.541962 	10.000000 	102.859123 	163.248276 	70.228203 	111.364265 	21.587032 	94.403389 	28.635643 	3.605551 	2.000000 	188.095718 	164.924225 	185.970428 	3.605551 	108.687622 	115.381973 	3.162278 	163.835281 	999.000000 	166.481232 	3.000000 	184.621231 	111.400177 	28.160255 	100.463921 	161.400131 	186.724396 	116.297035 	181.289825 	26.019224 	170.698563 	99.724625 	7.280110 	166.207703 	109.772491 	110.693268 	113.318138 	114.634201 	162.049377 	169.805771 	163.444183 	106.892471 	109.444046 	166.147522 	111.664673 	110.054535 	108.466583 	108.157295 	115.433968 	106.320274 	112.578865 	113.225441 	111.682587 	106.705200 	108.189651 	112.614388 	112.449989 	110.168053 	105.683487 	111.018013 	109.895409 	105.475113 	109.553642 	109.457756 	131.026718 	130.698120 	128.269241 	129.402466 	132.834488 	128.875916 	131.973480 	134.212524 	134.082062 	137.186005 	
86.267029 	27.459061 	31.304953 	53.263496 	59.203041 	102.068604 	156.818359 	69.339745 	5.099020 	102.449989 	61.400326 	147.248093 	79.120163 	141.449631 	167.609665 	165.239227 	30.066593 	2.000000 	27.073973 	162.889526 	65.368187 	58.591808 	168.220093 	3.162278 	166.481232 	999.000000 	164.149323 	23.345236 	63.953106 	143.544418 	75.663727 	7.071068 	25.495098 	59.506302 	17.720045 	146.372818 	4.242640 	77.414467 	162.373032 	3.605551 	67.542580 	67.119293 	64.474800 	63.158531 	10.198039 	5.099020 	9.486833 	74.846512 	72.235725 	12.206555 	70.576202 	72.801102 	75.026665 	75.960518 	69.260376 	79.120163 	72.732384 	73.375748 	75.584389 	88.600227 	90.956032 	87.097649 	88.073830 	90.470993 	95.336250 	91.219513 	92.417534 	97.267670 	95.341492 	96.317184 	76.026314 	83.006027 	86.052307 	85.023529 	82.006096 	89.022469 	88.005684 	86.052307 	87.051712 	86.209045 	
78.771820 	169.331039 	173.761337 	112.329872 	107.377838 	65.795135 	8.544003 	100.184830 	160.962723 	67.416618 	108.706024 	18.681541 	92.655273 	25.709921 	6.324555 	3.605551 	186.002686 	162.606888 	183.853195 	2.000000 	105.990562 	112.712021 	6.082763 	161.483749 	3.000000 	164.149323 	999.000000 	182.455475 	108.687622 	25.179358 	97.693398 	159.012573 	184.567062 	113.595772 	179.067032 	23.021729 	168.371613 	96.932968 	4.472136 	163.835281 	107.018692 	107.935165 	110.571243 	111.892807 	159.615158 	167.430588 	161.012421 	104.062485 	106.625511 	163.682617 	108.848518 	107.224068 	105.621971 	105.304321 	112.605507 	103.445641 	109.731491 	110.367569 	108.811768 	103.754517 	105.223572 	109.658562 	109.489723 	107.200745 	102.703453 	108.046288 	106.920532 	102.489021 	106.569229 	106.470650 	128.097626 	127.738014 	125.299644 	126.435753 	129.876862 	125.896782 	128.996124 	131.240234 	131.106827 	134.212524 	
106.212051 	19.000000 	18.681541 	74.431175 	80.622574 	122.641754 	174.771286 	91.241440 	23.769728 	123.422043 	83.671982 	166.291916 	93.193344 	160.863297 	185.456192 	183.251190 	7.280110 	23.769728 	4.472136 	181.069046 	87.726852 	81.154175 	186.131668 	26.476404 	184.621231 	23.345236 	182.455475 	999.000000 	86.539009 	163.131851 	97.989792 	30.413813 	2.236068 	82.280006 	6.082763 	165.951797 	20.024984 	99.809822 	181.024857 	26.076809 	90.249657 	89.888817 	87.315521 	86.034874 	33.060551 	24.020824 	32.015621 	97.739449 	95.189285 	33.136082 	93.605553 	95.817535 	98.030609 	98.979797 	92.444580 	102.142059 	95.880135 	96.566040 	98.762344 	111.825760 	114.236595 	110.421921 	111.400177 	113.780487 	118.600166 	114.542572 	115.732452 	120.540451 	118.663391 	119.641129 	99.181648 	106.117859 	109.224541 	108.166542 	105.042847 	112.160599 	111.040535 	109.004585 	110.004547 	109.018349 	
32.249031 	81.215759 	86.313385 	16.763054 	12.206555 	42.941822 	102.693718 	9.055386 	62.769421 	41.880783 	4.472136 	90.354858 	53.535034 	83.725746 	113.318138 	110.571243 	92.358002 	63.071388 	89.537704 	107.837845 	3.000000 	5.385165 	113.718948 	60.827625 	111.400177 	63.953106 	108.687622 	86.539009 	999.000000 	85.234970 	12.041595 	57.306194 	88.769363 	5.000000 	81.437096 	87.982956 	68.000000 	13.601471 	106.004715 	62.265560 	4.000000 	4.123106 	3.605551 	4.123106 	56.302753 	65.513359 	57.688820 	12.000000 	10.198039 	59.203041 	9.848858 	11.401754 	13.152946 	14.142136 	12.041595 	17.029387 	13.416408 	14.764823 	16.155495 	28.284271 	31.575306 	29.732138 	30.675724 	32.015621 	35.227829 	33.241539 	33.955853 	37.215588 	36.878178 	37.854988 	33.015148 	38.209946 	38.948685 	38.897301 	39.051247 	41.868843 	43.139309 	43.185646 	43.863426 	45.453274 	
57.280014 	151.476074 	156.156967 	90.686272 	85.276024 	42.438190 	22.561028 	77.103828 	140.758652 	43.416588 	85.702972 	7.280110 	78.185677 	3.000000 	31.016125 	28.017851 	167.263260 	142.130219 	164.924225 	25.019993 	82.680107 	89.587944 	31.064449 	140.730240 	28.160255 	143.544418 	25.179358 	163.131851 	85.234970 	999.000000 	73.824112 	137.974640 	165.302750 	90.210861 	159.289047 	2.828427 	147.787003 	72.897186 	21.587032 	142.898560 	83.240616 	84.118965 	86.833176 	88.192970 	138.191895 	146.454773 	139.603012 	79.705711 	82.346825 	141.992950 	84.581322 	82.855293 	81.154175 	80.777473 	88.238312 	78.771820 	85.234970 	85.796272 	84.154617 	78.644768 	80.062477 	84.528099 	84.344528 	82.036575 	77.524193 	82.873398 	81.743500 	77.317528 	81.394104 	81.301903 	103.077644 	102.591423 	100.129913 	101.271912 	104.737770 	100.717430 	103.817146 	106.066017 	105.929222 	109.036690 	
24.515301 	91.678787 	96.772926 	25.179358 	19.026299 	31.953091 	92.027168 	8.062258 	74.249580 	30.413813 	14.317822 	79.202271 	53.037724 	72.449982 	102.528046 	99.724625 	103.619499 	74.706093 	100.846420 	96.932968 	10.295630 	17.204651 	102.883430 	72.560318 	100.463921 	75.663727 	97.693398 	97.989792 	12.041595 	73.824112 	999.000000 	69.115845 	100.224747 	16.970562 	93.021500 	76.537575 	79.755875 	2.000000 	94.847244 	74.094536 	9.433981 	10.295630 	13.038404 	14.422205 	68.242218 	77.388626 	69.634758 	8.544003 	10.049875 	71.217972 	12.000000 	11.180340 	10.770329 	11.180340 	16.000000 	12.041595 	14.317822 	15.524175 	15.231546 	22.472204 	26.076809 	26.172504 	26.907248 	27.202942 	28.635643 	28.600698 	28.844410 	30.463093 	31.384710 	32.249031 	36.400551 	39.812057 	39.446167 	39.824615 	41.231056 	41.880783 	43.908997 	44.721359 	45.177429 	47.423622 	
80.721741 	33.105892 	37.336308 	47.381432 	53.150730 	96.208107 	151.822266 	63.007935 	8.944272 	96.426140 	54.918121 	141.873184 	75.960518 	135.948517 	162.631485 	160.206116 	37.121422 	7.071068 	34.132095 	157.800507 	58.830265 	51.971146 	163.217651 	4.000000 	161.400131 	7.071068 	159.012573 	30.413813 	57.306194 	137.974640 	69.115845 	999.000000 	32.557640 	52.773098 	24.738634 	140.801285 	10.770329 	70.830788 	157.114609 	5.000000 	60.827625 	60.373837 	57.697487 	56.364883 	4.242640 	8.485281 	4.472136 	68.029404 	65.391129 	8.544003 	63.694584 	65.924202 	68.154236 	69.079666 	62.297672 	72.235725 	65.787537 	66.407829 	68.622154 	81.608826 	83.934502 	80.049988 	81.024689 	83.432610 	88.323273 	84.172440 	85.375641 	90.249657 	88.294960 	89.269257 	69.007248 	76.000000 	79.025314 	78.006409 	75.026665 	82.006096 	81.024689 	79.101204 	80.099937 	79.309517 	
108.406639 	20.099751 	19.235384 	76.661591 	82.855293 	124.851913 	176.867188 	93.477272 	26.000000 	125.642349 	85.906929 	168.439896 	95.131485 	163.027603 	187.544662 	185.348328 	5.830952 	25.961510 	3.605551 	183.174774 	89.961105 	83.384651 	188.223267 	28.635643 	186.724396 	25.495098 	184.567062 	2.236068 	88.769363 	165.302750 	100.224747 	32.557640 	999.000000 	84.504440 	8.000000 	168.121979 	22.090721 	102.044106 	183.152939 	28.160255 	92.477028 	92.114059 	89.537704 	88.255310 	35.128338 	26.000000 	34.058773 	99.959991 	97.406364 	35.057095 	95.817535 	98.030609 	100.244698 	101.192886 	94.641426 	104.355164 	98.081596 	98.762344 	100.960388 	114.017540 	116.417351 	112.587746 	113.564957 	115.952576 	120.784935 	116.709038 	117.902504 	122.723267 	120.830460 	121.807228 	101.242287 	108.166542 	111.287918 	110.222504 	107.074738 	114.214706 	113.070778 	111.018013 	112.017853 	111.004501 	
36.674240 	77.646637 	82.734512 	15.811388 	13.038404 	47.885281 	107.540688 	13.601471 	58.523499 	46.872166 	6.082763 	95.294281 	55.470715 	88.684837 	118.186295 	115.451286 	88.232651 	58.694122 	85.381500 	112.729767 	7.615773 	2.828427 	118.595955 	56.364883 	116.297035 	59.506302 	113.595772 	82.280006 	5.000000 	90.210861 	16.970562 	52.773098 	84.504440 	999.000000 	77.077881 	92.962357 	63.505905 	18.439089 	110.941429 	57.706154 	8.062258 	7.615773 	5.099020 	4.000000 	51.623638 	60.901562 	53.000000 	15.524175 	13.152946 	54.405884 	12.000000 	14.035668 	16.124516 	17.117243 	12.649111 	20.223749 	15.132746 	16.278820 	18.110771 	31.000000 	34.058773 	31.575306 	32.557640 	34.234486 	38.000000 	35.355339 	36.221542 	40.000000 	39.204590 	40.199501 	31.827662 	37.643059 	38.832977 	38.600517 	38.209946 	41.880783 	42.801868 	42.520584 	43.278172 	44.553337 	
102.176315 	20.880613 	21.954498 	69.892776 	76.006577 	118.406082 	171.493439 	86.452301 	18.867962 	119.037811 	78.714676 	162.640701 	90.917542 	157.079605 	182.222397 	179.961105 	13.341664 	18.384777 	10.440307 	177.721695 	82.734512 	76.059189 	182.877014 	20.880613 	181.289825 	17.720045 	179.067032 	6.082763 	81.437096 	159.289047 	93.021500 	24.738634 	8.000000 	77.077881 	999.000000 	162.114151 	14.142136 	94.810333 	177.519012 	20.223749 	85.088188 	84.693565 	82.079231 	80.777473 	27.166155 	18.000000 	26.076809 	92.477028 	89.888817 	27.073973 	88.255310 	90.476517 	92.698433 	93.637596 	86.977005 	96.798759 	90.443352 	91.093361 	93.300591 	106.320274 	108.669220 	104.785492 	105.759163 	108.171158 	113.053085 	108.908218 	110.113579 	114.982605 	113.030968 	114.004387 	93.263069 	100.179840 	103.310211 	102.239914 	99.080772 	106.230881 	105.076164 	103.019417 	104.019226 	103.004852 	
60.108234 	154.262756 	158.937088 	93.509361 	88.090858 	45.221676 	21.189621 	79.881165 	143.586212 	46.141087 	88.481636 	6.403124 	80.777473 	5.385165 	29.017237 	26.019224 	170.073517 	144.958618 	167.737885 	23.021729 	85.440041 	92.358002 	29.000000 	143.558350 	26.019224 	146.372818 	23.021729 	165.951797 	87.982956 	2.828427 	76.537575 	140.801285 	168.121979 	92.962357 	162.114151 	999.000000 	150.615402 	75.591003 	19.235384 	145.725769 	85.959290 	86.833176 	89.554451 	90.917542 	141.014191 	149.281616 	142.425415 	82.346825 	85.000000 	144.810226 	87.235313 	85.492691 	83.773506 	83.384651 	90.873535 	81.344948 	87.846458 	88.391174 	86.729462 	81.024689 	82.377182 	86.884979 	86.683334 	84.344528 	79.762146 	85.158676 	84.011902 	79.511009 	83.600243 	83.486526 	105.513031 	104.923782 	102.420700 	103.576057 	107.079407 	102.956299 	106.066017 	108.342049 	108.189651 	111.305885 	
90.509666 	26.907248 	30.232433 	57.489128 	63.411354 	106.301460 	161.027954 	73.498299 	8.246211 	106.667709 	65.513359 	151.485977 	83.006027 	145.691452 	171.816757 	169.452057 	27.018513 	5.830952 	24.020824 	167.107742 	69.462219 	62.649822 	172.429703 	7.211102 	170.698563 	4.242640 	168.371613 	20.024984 	68.000000 	147.787003 	79.755875 	10.770329 	22.090721 	63.505905 	14.142136 	150.615402 	999.000000 	81.492332 	166.604324 	6.082763 	71.554176 	71.112587 	68.447060 	67.119293 	13.038404 	4.472136 	12.000000 	78.790863 	76.157730 	13.601471 	74.464760 	76.694199 	78.924011 	79.849861 	73.054771 	83.006027 	76.550636 	77.162170 	79.378838 	92.347168 	94.641426 	90.708321 	91.678787 	94.111633 	99.040398 	94.831429 	96.046867 	100.960388 	98.954536 	99.924973 	79.158073 	86.092972 	89.202019 	88.141930 	85.023529 	92.135773 	91.021973 	89.000000 	90.000000 	89.050545 	
25.000000 	93.621582 	98.716766 	27.166155 	21.023796 	31.320919 	91.394745 	10.049875 	76.059189 	29.546574 	16.155495 	78.390053 	54.488529 	71.589104 	101.843018 	99.020203 	105.475113 	76.478752 	102.693718 	96.208107 	12.083046 	18.867962 	102.181213 	74.303429 	99.724625 	77.414467 	96.932968 	99.809822 	13.601471 	72.897186 	2.000000 	70.830788 	102.044106 	18.439089 	94.810333 	75.591003 	81.492332 	999.000000 	94.021271 	75.802376 	10.630146 	11.401754 	14.212670 	15.620500 	69.892776 	79.075912 	71.281136 	8.062258 	10.049875 	72.801102 	12.165525 	11.000000 	10.198039 	10.440307 	16.124516 	10.816654 	14.035668 	15.132746 	14.560220 	20.808653 	24.413111 	24.758837 	25.455845 	25.612497 	26.832815 	27.018513 	27.202942 	28.635643 	29.681644 	30.528675 	35.902645 	39.000000 	38.470768 	38.910152 	40.496914 	40.816662 	42.941822 	43.863426 	44.283180 	46.615448 	
76.609398 	168.240906 	172.733902 	110.208893 	105.118980 	63.063461 	10.049875 	97.616600 	159.289047 	64.474800 	106.174385 	15.652476 	92.114059 	22.472204 	10.770329 	8.062258 	184.718704 	160.863297 	182.521225 	5.656854 	103.353760 	110.145355 	10.440307 	159.665268 	7.280110 	162.373032 	4.472136 	181.024857 	106.004715 	21.587032 	94.847244 	157.114609 	183.152939 	110.941429 	177.519012 	19.235384 	166.604324 	94.021271 	999.000000 	161.969131 	104.216118 	105.118980 	107.786827 	109.123779 	157.610275 	165.556641 	159.012573 	101.019798 	103.619499 	161.604462 	105.848946 	104.177734 	102.528046 	102.181213 	109.562767 	100.244698 	106.625511 	107.224068 	105.621971 	100.224747 	101.607086 	106.099007 	105.905617 	103.576057 	98.994949 	104.393486 	103.247276 	98.731964 	102.825096 	102.703453 	124.663544 	124.149101 	121.655251 	122.808792 	126.301224 	122.188377 	125.299644 	127.577431 	127.424484 	130.541183 	
85.632935 	31.064449 	34.885529 	52.345009 	58.137768 	101.178062 	156.604599 	68.007355 	8.062258 	101.414986 	59.908264 	146.754898 	80.006248 	140.858078 	167.409683 	165.000000 	33.000000 	5.000000 	30.000000 	162.609970 	63.812225 	56.938564 	168.002975 	3.000000 	166.207703 	3.605551 	163.835281 	26.076809 	62.265560 	142.898560 	74.094536 	5.000000 	28.160255 	57.706154 	20.223749 	145.725769 	6.082763 	75.802376 	161.969131 	999.000000 	65.764732 	65.299309 	62.609905 	61.269894 	7.000000 	3.605551 	6.082763 	72.917763 	70.263786 	8.602325 	68.541962 	70.774292 	73.006851 	73.925636 	67.067131 	77.077881 	70.576202 	71.168816 	73.389374 	86.330757 	88.600227 	84.646324 	85.615417 	88.056801 	93.005379 	88.769363 	89.988892 	94.921021 	92.892410 	93.861603 	73.109505 	80.056229 	83.150467 	82.097504 	79.006332 	86.092972 	85.005882 	83.006027 	84.005951 	83.096329 	
32.000000 	85.158676 	90.255196 	20.615528 	15.652476 	41.231056 	101.242287 	9.486833 	66.483078 	39.824615 	8.246211 	88.566360 	55.803226 	81.841309 	111.789978 	109.004585 	96.135323 	66.708321 	93.300591 	106.230881 	5.000000 	9.219544 	112.160599 	64.404968 	109.772491 	67.542580 	107.018692 	90.249657 	4.000000 	83.240616 	9.433981 	60.827625 	92.477028 	8.062258 	85.088188 	85.959290 	71.554176 	10.630146 	104.216118 	65.764732 	999.000000 	1.000000 	3.605551 	5.000000 	59.682495 	68.963760 	61.057350 	8.000000 	6.324555 	62.425957 	6.403124 	7.615773 	9.219544 	10.198039 	9.433981 	13.038404 	10.000000 	11.401754 	12.529964 	24.331051 	27.658634 	26.000000 	26.925823 	28.160255 	31.257000 	29.410883 	30.083218 	33.241539 	32.984844 	33.955853 	30.886890 	35.608986 	36.069378 	36.124783 	36.619667 	38.897301 	40.360870 	40.607880 	41.231056 	43.011627 	
33.000000 	85.000000 	90.094398 	20.880613 	16.124516 	42.154476 	102.181213 	10.440307 	66.128662 	40.706264 	8.544003 	89.470665 	56.612720 	82.734512 	112.720894 	109.931801 	95.817535 	66.309875 	92.973114 	107.154091 	5.656854 	9.055386 	113.088463 	63.976559 	110.693268 	67.119293 	107.935165 	89.888817 	4.123106 	84.118965 	10.295630 	60.373837 	92.114059 	7.615773 	84.693565 	86.833176 	71.112587 	11.401754 	105.118980 	65.299309 	1.000000 	999.000000 	2.828427 	4.242640 	59.169250 	68.476273 	60.539242 	8.062258 	6.082763 	61.854668 	5.830952 	7.280110 	9.055386 	10.049875 	8.602325 	13.000000 	9.433981 	10.816654 	12.083046 	24.186773 	27.459061 	25.632011 	26.570660 	27.892651 	31.144823 	29.120440 	29.832869 	33.136082 	32.756680 	33.734257 	30.016663 	34.828148 	35.355339 	35.383614 	35.805027 	38.209946 	39.623226 	39.824615 	40.459858 	42.201897 	
35.057095 	82.734512 	87.823685 	19.697716 	15.620500 	44.777225 	104.752090 	12.041595 	63.568859 	43.416588 	7.810250 	92.135773 	57.140179 	85.422478 	115.316956 	112.538879 	93.300591 	63.694584 	90.443352 	109.772491 	6.324555 	7.071068 	115.693558 	61.326992 	113.318138 	64.474800 	110.571243 	87.315521 	3.605551 	86.833176 	13.038404 	57.697487 	89.537704 	5.099020 	82.079231 	89.554451 	68.447060 	14.212670 	107.786827 	62.609905 	3.605551 	2.828427 	999.000000 	1.414214 	56.435802 	65.764732 	57.801384 	10.440307 	8.062258 	59.076221 	7.071068 	9.000000 	11.045361 	12.041595 	8.602325 	15.132746 	10.440307 	11.704700 	13.341664 	26.019224 	29.154760 	26.925823 	27.892651 	29.427877 	33.015148 	30.594116 	31.400637 	35.014282 	34.365681 	35.355339 	29.410883 	34.655445 	35.468296 	35.383614 	35.468296 	38.418747 	39.623226 	39.623226 	40.311287 	41.868843 	
36.124783 	81.614952 	86.700638 	19.235384 	15.556349 	46.097721 	106.042442 	13.000000 	62.297672 	44.777225 	7.810250 	93.471924 	57.454330 	86.769814 	116.619041 	113.846390 	92.048897 	62.393909 	89.185204 	111.085556 	7.071068 	6.324555 	117.000000 	60.008331 	114.634201 	63.158531 	111.892807 	86.034874 	4.123106 	88.192970 	14.422205 	56.364883 	88.255310 	4.000000 	80.777473 	90.917542 	67.119293 	15.620500 	109.123779 	61.269894 	5.000000 	4.242640 	1.414214 	999.000000 	55.072678 	64.412735 	56.435802 	11.704700 	9.219544 	57.688820 	8.000000 	10.049875 	12.165525 	13.152946 	8.944272 	16.278820 	11.180340 	12.369317 	14.142136 	27.000000 	30.066593 	27.658634 	28.635643 	30.265491 	34.000000 	31.400637 	32.249031 	36.000000 	35.227829 	36.221542 	29.206163 	34.655445 	35.608986 	35.468296 	35.383614 	38.600517 	39.698868 	39.597980 	40.311287 	41.773197 	
