Total assets = 750
Number of asset nodes = 40

Distance:
999.000000 	20.000000 	40.311287 	58.668560 	38.418747 	67.535179 	46.861500 	8.062258 	59.464275 	50.606323 	8.944272 	32.449963 	42.438190 	10.198039 	61.854668 	20.024984 	80.062477 	20.000000 	30.528675 	18.248287 	53.823788 	24.351591 	44.294468 	67.424034 	78.032043 	20.024984 	22.360680 	17.029387 	46.957428 	18.027756 	98.858482 	34.928497 	52.354561 	21.189621 	109.201645 	49.769470 	32.756680 	38.327538 	61.294373 	51.264023 	57.271286 	48.083260 	32.249031 	33.136082 	63.953106 	65.000000 	38.470768 	58.249462 	53.235325 	45.541191 	52.009613 	50.159744 	64.776543 	67.186310 	
20.000000 	999.000000 	60.207973 	38.910152 	18.439089 	47.927029 	66.843102 	20.615528 	79.397736 	70.604530 	17.888544 	51.739735 	61.717098 	11.661903 	41.880783 	38.275318 	60.415230 	37.947330 	14.000000 	35.171009 	73.817345 	13.601471 	64.140472 	47.434166 	58.180752 	17.000000 	15.620500 	27.018513 	66.730804 	26.172504 	118.342720 	53.851646 	72.201111 	24.351591 	128.549606 	69.318108 	21.931713 	56.612720 	81.123360 	70.682388 	76.941536 	67.230942 	48.662102 	49.819675 	83.725746 	84.528099 	34.058773 	76.843994 	71.063354 	61.204575 	68.883957 	66.483078 	82.969872 	83.294655 	
40.311287 	60.207973 	999.000000 	98.229324 	78.644768 	106.780151 	7.280110 	43.011627 	19.209373 	11.401754 	44.102154 	11.045361 	8.602325 	49.203659 	101.828285 	28.460499 	119.268608 	29.410883 	70.292244 	32.893768 	15.297058 	63.007935 	12.206555 	107.447662 	117.643532 	56.603886 	59.908264 	44.777225 	14.764823 	47.010635 	59.076221 	20.615528 	17.262676 	52.801514 	69.641945 	19.235384 	69.971420 	24.698177 	25.019993 	21.470911 	23.345236 	22.022715 	32.140316 	31.257000 	28.017851 	31.144823 	69.892776 	32.249031 	33.241539 	38.483765 	37.013512 	38.275318 	39.357338 	50.328918 	
58.668560 	38.910152 	98.229324 	999.000000 	21.587032 	9.219544 	105.118980 	59.236813 	117.413795 	109.000000 	54.203320 	88.865067 	98.595131 	49.091751 	6.000000 	77.077881 	21.540659 	76.694199 	35.128338 	73.736015 	112.361023 	43.416588 	102.956299 	10.770329 	19.416489 	50.803543 	47.518417 	64.031242 	105.588821 	62.585941 	154.935471 	92.703827 	111.018013 	58.694122 	164.757401 	108.226616 	44.102154 	95.273293 	119.954155 	109.590149 	115.836090 	106.103722 	86.683334 	87.931793 	122.588745 	123.438240 	57.706154 	115.520561 	109.416634 	98.488579 	106.737999 	104.048065 	121.433105 	120.415947 	
38.418747 	18.439089 	78.644768 	21.587032 	999.000000 	30.805843 	85.276024 	38.013157 	97.836601 	89.022469 	35.608986 	70.035706 	79.981247 	29.732138 	23.706539 	55.901699 	43.011627 	55.461697 	14.142136 	52.392746 	92.200867 	22.022715 	82.377182 	29.154760 	40.311287 	29.274563 	26.076809 	42.449970 	84.905830 	41.000000 	136.619904 	71.554176 	90.426765 	37.215588 	146.754898 	87.321243 	24.351591 	73.925636 	99.322708 	88.588936 	95.015785 	84.970581 	65.145988 	66.407829 	101.872467 	102.474388 	38.626415 	94.154129 	87.920418 	76.902534 	85.164543 	82.462112 	99.959991 	98.843307 	
67.535179 	47.927029 	106.780151 	9.219544 	30.805843 	999.000000 	113.740936 	68.352028 	125.924583 	117.660530 	62.681736 	97.200821 	106.826965 	57.801384 	9.848858 	86.162636 	12.529964 	85.796272 	44.283180 	82.873398 	121.078484 	52.611786 	111.825760 	9.433981 	11.401754 	60.016663 	56.718605 	73.246162 	114.490173 	71.805290 	162.935577 	101.769348 	119.883278 	67.896980 	172.626770 	117.200684 	53.009434 	104.403069 	128.825470 	118.595955 	124.775803 	115.156418 	95.880135 	97.123634 	131.487640 	132.423569 	66.370171 	124.651512 	118.595955 	107.707939 	115.948265 	113.265175 	130.602448 	129.634094 	
46.861500 	66.843102 	7.280110 	105.118980 	85.276024 	113.740936 	999.000000 	48.918301 	12.806249 	4.123106 	51.107731 	18.248287 	13.000000 	56.035702 	108.600182 	33.120991 	126.245789 	34.000000 	76.419891 	37.589893 	8.062258 	68.883957 	9.486833 	114.201576 	124.535133 	62.201286 	65.604881 	49.739319 	10.816654 	51.971146 	53.712196 	22.090721 	11.180340 	57.801384 	64.412735 	14.866069 	75.451973 	25.079872 	18.027756 	16.970562 	17.088007 	18.867962 	34.234486 	33.136082 	21.023796 	24.515301 	74.323616 	27.658634 	30.232433 	38.078865 	34.885529 	36.769554 	34.409302 	46.754681 	
8.062258 	20.615528 	43.011627 	59.236813 	38.013157 	68.352028 	48.918301 	999.000000 	61.717098 	52.345009 	16.278820 	36.769554 	46.518814 	14.866069 	61.717098 	17.888544 	80.777473 	17.464249 	27.586229 	14.560220 	55.172459 	20.000000 	44.821869 	67.119293 	78.294319 	13.928389 	17.000000 	9.219544 	47.201694 	10.000000 	102.078400 	33.541019 	52.801514 	13.341664 	112.605507 	49.396355 	27.313000 	36.055511 	61.611687 	50.606323 	57.140179 	46.957428 	28.160255 	29.274563 	64.070274 	64.498062 	31.064449 	56.302753 	50.447994 	41.000000 	48.373547 	46.097721 	62.361847 	63.031738 	
59.464275 	79.397736 	19.209373 	117.413795 	97.836601 	125.924583 	12.806249 	61.717098 	999.000000 	9.848858 	63.245552 	29.068884 	20.615528 	68.410522 	121.037186 	45.793011 	138.397980 	46.647614 	89.196411 	50.249378 	9.000000 	81.688431 	19.646883 	126.657021 	136.824707 	75.000000 	78.409180 	62.433964 	19.104973 	64.660652 	41.146080 	33.526108 	15.132746 	70.491135 	51.894123 	21.095022 	88.232651 	35.510563 	14.866069 	22.360680 	17.888544 	26.076809 	45.607018 	44.384682 	17.029387 	21.931713 	86.764046 	30.870699 	36.138622 	47.010635 	41.773197 	44.407207 	36.055511 	50.537113 	
50.606323 	70.604530 	11.401754 	109.000000 	89.022469 	117.660530 	4.123106 	52.345009 	9.848858 	999.000000 	55.072678 	22.360680 	16.492422 	59.908264 	112.414413 	36.055511 	130.172958 	36.891735 	79.906197 	40.496914 	4.000000 	72.249565 	10.049875 	118.004234 	128.413391 	65.436989 	68.883957 	52.697250 	10.198039 	54.918121 	50.990196 	23.769728 	8.485281 	60.745369 	61.741398 	13.416408 	78.600258 	26.076809 	14.142136 	15.264338 	13.892444 	18.027756 	35.902645 	34.713108 	17.117243 	20.880613 	76.922035 	25.495098 	29.068884 	38.327538 	34.176014 	36.400551 	31.890438 	45.000000 	
8.944272 	17.888544 	44.102154 	54.203320 	35.608986 	62.681736 	51.107731 	16.278820 	63.245552 	55.072678 	999.000000 	34.713108 	44.553337 	6.324555 	58.051701 	28.160255 	75.166481 	28.284271 	31.048349 	26.925823 	58.591808 	27.000000 	49.979996 	63.702435 	73.600273 	25.000000 	26.305893 	25.495098 	52.810986 	26.172504 	101.138519 	42.190044 	57.939625 	28.301943 	111.198021 	56.044624 	36.013885 	46.010868 	66.850578 	57.723480 	63.245552 	54.918121 	40.792156 	41.593269 	69.641945 	71.168816 	44.271889 	65.490456 	61.008198 	54.129475 	60.207973 	58.549126 	72.249565 	75.538071 	
32.449963 	51.739735 	11.045361 	88.865067 	70.035706 	97.200821 	18.248287 	36.769554 	29.068884 	22.360680 	34.713108 	999.000000 	10.000000 	40.311287 	92.763138 	26.076809 	109.622078 	27.073973 	62.968246 	30.000000 	26.305893 	56.356010 	21.840330 	98.412399 	108.231232 	50.695168 	53.712196 	40.607880 	24.738634 	42.755116 	66.603302 	24.839485 	28.071337 	48.270073 	76.837494 	29.120440 	64.078079 	29.732138 	36.055511 	31.320919 	34.132095 	30.870699 	34.014702 	33.541019 	39.051247 	42.047592 	66.098412 	41.785164 	41.340054 	43.416588 	44.045429 	44.553337 	49.040798 	58.523499 	
42.438190 	61.717098 	8.602325 	98.595131 	79.981247 	106.826965 	13.000000 	46.518814 	20.615528 	16.492422 	44.553337 	10.000000 	999.000000 	50.249378 	102.591423 	34.234486 	119.201508 	35.227829 	72.945183 	38.470768 	20.396078 	66.241982 	20.518284 	108.245094 	117.923706 	60.415230 	63.505905 	49.729267 	22.803509 	51.923019 	56.639210 	28.792360 	24.166092 	57.567352 	66.843102 	27.202942 	73.824112 	33.105892 	30.594116 	29.410883 	30.083218 	30.413813 	39.812057 	39.051247 	33.541019 	37.363083 	75.186432 	40.224369 	41.725292 	46.957428 	45.607018 	46.872166 	47.169907 	58.728188 	
10.198039 	11.661903 	49.203659 	49.091751 	29.732138 	57.801384 	56.035702 	14.866069 	68.410522 	59.908264 	6.324555 	40.311287 	50.249378 	999.000000 	52.630791 	30.149628 	70.327805 	30.066593 	24.738634 	28.017851 	63.285069 	21.095022 	54.129475 	58.258045 	68.505478 	20.124611 	20.880613 	23.706539 	56.859474 	23.853722 	106.887794 	45.122055 	62.169125 	24.758837 	117.034180 	59.808025 	30.149628 	48.507732 	71.112587 	61.351448 	67.230942 	58.240879 	42.047592 	43.011627 	73.824112 	75.026665 	39.395432 	68.447060 	63.387695 	55.226807 	62.008064 	60.033325 	74.966660 	77.058418 	
61.854668 	41.880783 	101.828285 	6.000000 	23.706539 	9.848858 	108.600182 	61.717098 	121.037186 	112.414413 	58.051701 	92.763138 	102.591423 	52.630791 	999.000000 	79.605278 	20.099751 	79.158073 	36.138622 	76.059189 	115.676270 	44.643028 	106.000000 	5.656854 	16.763054 	52.201534 	48.764740 	65.787537 	108.558739 	64.195015 	159.100601 	95.257545 	114.057007 	59.908264 	169.035492 	111.018013 	44.102154 	97.575615 	122.967476 	112.294258 	118.701309 	108.673820 	88.600227 	89.888817 	125.538841 	126.178444 	57.078892 	117.783699 	111.427109 	100.000000 	108.466583 	105.650368 	123.490891 	121.753853 	
20.024984 	38.275318 	28.460499 	77.077881 	55.901699 	86.162636 	33.120991 	17.888544 	45.793011 	36.055511 	28.160255 	26.076809 	34.234486 	30.149628 	79.605278 	999.000000 	98.615417 	1.000000 	45.000000 	4.472136 	38.418747 	36.878178 	27.586229 	85.000000 	96.176918 	29.698484 	33.241539 	16.643316 	29.732138 	18.867962 	86.833176 	15.652476 	35.383614 	24.698177 	97.529480 	31.622776 	42.638012 	18.439089 	44.045429 	32.756680 	39.408119 	29.068884 	13.000000 	13.601471 	46.400433 	46.647614 	41.436699 	38.600517 	33.241539 	26.248810 	32.062439 	30.413813 	44.911022 	47.381432 	
80.062477 	60.415230 	119.268608 	21.540659 	43.011627 	12.529964 	126.245789 	80.777473 	138.397980 	130.172958 	75.166481 	109.622078 	119.201508 	70.327805 	20.099751 	98.615417 	999.000000 	98.234413 	56.089214 	95.273293 	133.600143 	64.536812 	124.354332 	16.124516 	5.000000 	72.034714 	68.658577 	85.440041 	127.015747 	83.934502 	175.171341 	114.236595 	132.412231 	79.831070 	184.783661 	129.711212 	64.195015 	116.811813 	141.354172 	131.095383 	137.295303 	127.632286 	108.157295 	109.416634 	144.013885 	144.931015 	77.006493 	137.058380 	130.919830 	119.816528 	128.160049 	125.419296 	142.947540 	141.661575 	
20.000000 	37.947330 	29.410883 	76.694199 	55.461697 	85.796272 	34.000000 	17.464249 	46.647614 	36.891735 	28.284271 	27.073973 	35.227829 	30.066593 	79.158073 	1.000000 	98.234413 	999.000000 	44.407207 	3.605551 	39.204590 	36.235340 	28.319605 	84.534019 	95.754898 	29.000000 	32.557640 	15.811388 	30.413813 	18.027756 	87.709747 	16.124516 	36.069378 	23.853722 	98.412399 	32.202484 	41.868843 	18.681541 	44.687805 	33.286633 	40.000000 	29.529646 	12.649111 	13.341664 	47.010635 	47.169907 	40.496914 	38.897301 	33.376640 	25.961510 	32.015621 	30.265491 	45.122055 	47.265209 	
30.528675 	14.000000 	70.292244 	35.128338 	14.142136 	44.283180 	76.419891 	27.586229 	89.196411 	79.906197 	31.048349 	62.968246 	72.945183 	24.738634 	36.138622 	45.000000 	56.089214 	44.407207 	999.000000 	41.048752 	82.758682 	8.544003 	72.346390 	41.109608 	52.886673 	16.155495 	12.649111 	29.966648 	74.652527 	28.231188 	129.201401 	60.464867 	80.280754 	23.769728 	139.617340 	76.609398 	10.816654 	62.265560 	89.022469 	77.665955 	84.403793 	73.783470 	52.801514 	54.129475 	91.400215 	91.525955 	25.059929 	82.298241 	75.643906 	63.890530 	72.449982 	69.570107 	87.726852 	85.615417 	
18.248287 	35.171009 	32.893768 	73.736015 	52.392746 	82.873398 	37.589893 	14.560220 	50.249378 	40.496914 	26.925823 	30.000000 	38.470768 	28.017851 	76.059189 	4.472136 	95.273293 	3.605551 	41.048752 	999.000000 	42.801868 	32.802441 	31.890438 	81.394104 	92.703827 	25.495098 	29.068884 	12.206555 	33.941124 	14.422205 	91.301697 	19.416489 	39.597980 	20.248457 	102.000000 	35.608986 	38.288380 	21.540659 	48.166378 	36.619667 	43.416588 	32.756680 	14.035668 	15.000000 	50.447994 	50.477718 	37.000000 	41.785164 	35.902645 	27.294687 	34.058773 	32.015621 	47.801674 	49.040798 	
53.823788 	73.817345 	15.297058 	112.361023 	92.200867 	121.078484 	8.062258 	55.172459 	9.000000 	4.000000 	58.591808 	26.305893 	20.396078 	63.285069 	115.676270 	38.418747 	133.600143 	39.204590 	82.758682 	42.801868 	999.000000 	74.966660 	11.180340 	121.247681 	131.764938 	68.014702 	71.505241 	55.000000 	10.198039 	57.201397 	49.396355 	25.079872 	6.324555 	63.007935 	60.166435 	12.165525 	81.055534 	26.683329 	10.198039 	13.601471 	10.630146 	17.117243 	37.000000 	35.735138 	13.152946 	17.088007 	78.771820 	23.021729 	27.513634 	38.013157 	32.984844 	35.510563 	29.000000 	42.720020 	
24.351591 	13.601471 	63.007935 	43.416588 	22.022715 	52.611786 	68.883957 	20.000000 	81.688431 	72.249565 	27.000000 	56.356010 	66.241982 	21.095022 	44.643028 	36.878178 	64.536812 	36.235340 	8.544003 	32.802441 	74.966660 	999.000000 	64.381676 	49.648766 	61.400326 	7.615773 	4.123106 	21.470911 	66.603302 	19.697716 	122.065559 	52.201534 	72.249565 	15.297058 	132.574509 	68.410522 	9.055386 	53.851646 	80.919716 	69.404610 	76.216797 	65.459915 	44.283180 	45.617977 	83.240616 	83.234612 	20.518284 	73.824112 	67.119293 	55.362442 	63.906181 	61.032780 	79.202271 	77.129761 	
44.294468 	64.140472 	12.206555 	102.956299 	82.377182 	111.825760 	9.486833 	44.821869 	19.646883 	10.049875 	49.979996 	21.840330 	20.518284 	54.129475 	106.000000 	27.586229 	124.354332 	28.319605 	72.346390 	31.890438 	11.180340 	64.381676 	999.000000 	111.516815 	122.298813 	57.280014 	60.811184 	44.045429 	3.000000 	46.227695 	60.539242 	13.928389 	8.062258 	52.009613 	71.309189 	7.280110 	70.178345 	16.031219 	17.000000 	9.486833 	13.341664 	9.899495 	25.961510 	24.738634 	19.697716 	21.377558 	67.601776 	20.124611 	21.260292 	28.635643 	25.553865 	27.313000 	27.313000 	38.209946 	
67.424034 	47.434166 	107.447662 	10.770329 	29.154760 	9.433981 	114.201576 	67.119293 	126.657021 	118.004234 	63.702435 	98.412399 	108.245094 	58.258045 	5.656854 	85.000000 	16.124516 	84.534019 	41.109608 	81.394104 	121.247681 	49.648766 	111.516815 	999.000000 	12.041595 	57.245087 	53.758720 	70.936592 	114.057007 	69.289246 	164.757401 	100.647903 	119.570061 	64.845970 	174.691162 	116.468880 	48.507732 	102.883430 	128.471786 	117.720009 	124.169243 	114.061386 	93.776329 	95.078911 	131.026718 	131.609268 	61.008198 	123.065025 	116.619041 	104.995239 	113.547348 	110.679718 	128.693436 	126.649124 	
78.032043 	58.180752 	117.643532 	19.416489 	40.311287 	11.401754 	124.535133 	78.294319 	136.824707 	128.413391 	73.600273 	108.231232 	117.923706 	68.505478 	16.763054 	96.176918 	5.000000 	95.754898 	52.886673 	92.703827 	131.764938 	61.400326 	122.298813 	12.041595 	999.000000 	68.963760 	65.520988 	82.540901 	124.907967 	80.956779 	174.155106 	111.825760 	130.361038 	76.655075 	183.896713 	127.475487 	60.530983 	114.236595 	139.291061 	128.798294 	135.118469 	125.239769 	105.342300 	106.625511 	141.904892 	142.667450 	73.027390 	134.461884 	128.160049 	116.760437 	125.227791 	122.413231 	140.217682 	138.495483 	
20.024984 	17.000000 	56.603886 	50.803543 	29.274563 	60.016663 	62.201286 	13.928389 	75.000000 	65.436989 	25.000000 	50.695168 	60.415230 	20.124611 	52.201534 	29.698484 	72.034714 	29.000000 	16.155495 	25.495098 	68.014702 	7.615773 	57.280014 	57.245087 	68.963760 	999.000000 	3.605551 	13.892444 	59.413803 	12.083046 	115.663307 	44.821869 	65.069191 	8.000000 	126.245789 	61.073727 	13.416408 	46.324940 	73.661385 	62.008064 	68.883957 	58.008621 	36.674240 	38.013157 	75.927597 	75.802376 	19.313208 	66.241982 	59.506302 	47.801674 	56.302753 	53.450912 	71.589104 	69.634758 	
22.360680 	15.620500 	59.908264 	47.518417 	26.076809 	56.718605 	65.604881 	17.000000 	78.409180 	68.883957 	26.305893 	53.712196 	63.505905 	20.880613 	48.764740 	33.241539 	68.658577 	32.557640 	12.649111 	29.068884 	71.505241 	4.123106 	60.811184 	53.758720 	65.520988 	3.605551 	999.000000 	17.492855 	62.968246 	15.652476 	118.983192 	48.414875 	68.622154 	11.180340 	129.541504 	64.660652 	10.440307 	49.929951 	77.233414 	65.604881 	72.470680 	61.611687 	40.249222 	41.593269 	79.511009 	79.404030 	18.867962 	69.835518 	63.071388 	51.244511 	59.808025 	56.920998 	75.153175 	73.006851 	
17.029387 	27.018513 	44.777225 	64.031242 	42.449970 	73.246162 	49.739319 	9.219544 	62.433964 	52.697250 	25.495098 	40.607880 	49.729267 	23.706539 	65.787537 	16.643316 	85.440041 	15.811388 	29.966648 	12.206555 	55.000000 	21.470911 	44.045429 	70.936592 	82.540901 	13.892444 	17.492855 	999.000000 	46.010868 	2.236068 	103.445641 	31.144823 	51.662365 	8.062258 	114.127121 	47.423622 	26.172504 	32.449963 	60.108234 	48.270073 	55.226807 	44.204071 	22.847319 	24.166092 	62.289646 	62.008064 	25.495098 	52.354561 	45.694637 	34.525352 	42.720020 	40.024994 	57.775429 	56.568542 	
46.957428 	66.730804 	14.764823 	105.588821 	84.905830 	114.490173 	10.816654 	47.201694 	19.104973 	10.198039 	52.810986 	24.738634 	22.803509 	56.859474 	108.558739 	29.732138 	127.015747 	30.413813 	74.652527 	33.941124 	10.198039 	66.603302 	3.000000 	114.057007 	124.907967 	59.413803 	62.968246 	46.010868 	999.000000 	48.166378 	59.464275 	15.264338 	5.656854 	53.907330 	70.228203 	4.472136 	72.180328 	16.492422 	14.422205 	6.708204 	10.440307 	8.062258 	26.925823 	25.632011 	17.000000 	18.439089 	69.115845 	17.492855 	19.416489 	28.160255 	24.166092 	26.248810 	24.596748 	36.069378 	
18.027756 	26.172504 	47.010635 	62.585941 	41.000000 	71.805290 	51.971146 	10.000000 	64.660652 	54.918121 	26.172504 	42.755116 	51.923019 	23.853722 	64.195015 	18.867962 	83.934502 	18.027756 	28.231188 	14.422205 	57.201397 	19.697716 	46.227695 	69.289246 	80.956779 	12.083046 	15.652476 	2.236068 	48.166378 	999.000000 	105.678757 	33.241539 	53.814495 	5.830952 	116.361504 	49.517673 	24.041630 	34.409302 	62.225395 	50.328918 	57.314919 	46.227695 	24.596748 	25.942244 	64.381676 	64.031242 	23.345236 	54.203320 	47.423622 	35.902645 	44.271889 	41.484936 	59.506302 	57.870544 	
98.858482 	118.342720 	59.076221 	154.935471 	136.619904 	162.935577 	53.712196 	102.078400 	41.146080 	50.990196 	101.138519 	66.603302 	56.639210 	106.887794 	159.100601 	86.833176 	175.171341 	87.709747 	129.201401 	91.301697 	49.396355 	122.065559 	60.539242 	164.757401 	174.155106 	115.663307 	118.983192 	103.445641 	59.464275 	105.678757 	999.000000 	74.464760 	54.405884 	111.507851 	10.770329 	60.166435 	129.003876 	75.894661 	48.662102 	60.638271 	53.935146 	65.000000 	86.377083 	85.094063 	48.259712 	52.038448 	127.910126 	65.192024 	72.560318 	85.702972 	78.638412 	81.884064 	67.029846 	82.152298 	
34.928497 	53.851646 	20.615528 	92.703827 	71.554176 	101.769348 	22.090721 	33.541019 	33.526108 	23.769728 	42.190044 	24.839485 	28.792360 	45.122055 	95.257545 	15.652476 	114.236595 	16.124516 	60.464867 	19.416489 	25.079872 	52.201534 	13.928389 	100.647903 	111.825760 	44.821869 	48.414875 	31.144823 	15.264338 	33.241539 	74.464760 	999.000000 	20.808653 	38.897301 	85.234970 	16.278820 	57.280014 	5.000000 	29.000000 	17.204651 	24.083189 	13.416408 	12.165525 	11.045361 	31.144823 	31.064449 	53.851646 	23.345236 	19.235384 	18.601076 	20.124611 	20.000000 	30.066593 	35.468296 	
52.354561 	72.201111 	17.262676 	111.018013 	90.426765 	119.883278 	11.180340 	52.801514 	15.132746 	8.485281 	57.939625 	28.071337 	24.166092 	62.169125 	114.057007 	35.383614 	132.412231 	36.069378 	80.280754 	39.597980 	6.324555 	72.249565 	8.062258 	119.570061 	130.361038 	65.069191 	68.622154 	51.662365 	5.656854 	53.814495 	54.405884 	20.808653 	999.000000 	59.548298 	65.145988 	6.000000 	77.833153 	21.540659 	8.944272 	7.280110 	6.082763 	11.000000 	32.202484 	30.870699 	11.704700 	14.000000 	74.625732 	17.029387 	21.189621 	32.015621 	26.683329 	29.274563 	23.430750 	36.619667 	
21.189621 	24.351591 	52.801514 	58.694122 	37.215588 	67.896980 	57.801384 	13.341664 	70.491135 	60.745369 	28.301943 	48.270073 	57.567352 	24.758837 	59.908264 	24.698177 	79.831070 	23.853722 	23.769728 	20.248457 	63.007935 	15.297058 	52.009613 	64.845970 	76.655075 	8.000000 	11.180340 	8.062258 	53.907330 	5.830952 	111.507851 	38.897301 	59.548298 	999.000000 	122.188377 	55.154327 	18.439089 	39.824615 	67.896980 	55.901699 	62.936478 	51.739735 	29.681644 	31.064449 	70.007141 	69.526970 	18.027756 	59.363289 	52.354561 	40.162170 	48.846699 	45.880280 	64.412735 	61.846584 	
109.201645 	128.549606 	69.641945 	164.757401 	146.754898 	172.626770 	64.412735 	112.605507 	51.894123 	61.741398 	111.198021 	76.837494 	66.843102 	117.034180 	169.035492 	97.529480 	184.783661 	98.412399 	139.617340 	102.000000 	60.166435 	132.574509 	71.309189 	174.691162 	183.896713 	126.245789 	129.541504 	114.127121 	70.228203 	116.361504 	10.770329 	85.234970 	65.145988 	122.188377 	999.000000 	70.880180 	139.606583 	86.648720 	59.228371 	71.309189 	64.536812 	75.690155 	97.144226 	95.859268 	58.694122 	62.289646 	138.654251 	75.538071 	83.024094 	96.317184 	89.106674 	92.395889 	77.025970 	92.005432 	
49.769470 	69.318108 	19.235384 	108.226616 	87.321243 	117.200684 	14.866069 	49.396355 	21.095022 	13.416408 	56.044624 	29.120440 	27.202942 	59.808025 	111.018013 	31.622776 	129.711212 	32.202484 	76.609398 	35.608986 	12.165525 	68.410522 	7.280110 	116.468880 	127.475487 	61.073727 	64.660652 	47.423622 	4.472136 	49.517673 	60.166435 	16.278820 	6.000000 	55.154327 	70.880180 	999.000000 	73.552704 	16.124516 	12.806249 	2.236068 	7.810250 	5.000000 	26.925823 	25.553865 	14.866069 	15.231546 	69.634758 	13.038404 	15.652476 	26.019224 	20.880613 	23.345236 	20.124611 	31.890438 	
32.756680 	21.931713 	69.971420 	44.102154 	24.351591 	53.009434 	75.451973 	27.313000 	88.232651 	78.600258 	36.013885 	64.078079 	73.824112 	30.149628 	44.102154 	42.638012 	64.195015 	41.868843 	10.816654 	38.288380 	81.055534 	9.055386 	70.178345 	48.507732 	60.530983 	13.416408 	10.440307 	26.172504 	72.180328 	24.041630 	129.003876 	57.280014 	77.833153 	18.439089 	139.606583 	73.552704 	999.000000 	58.258045 	86.267029 	74.330345 	81.344948 	70.178345 	48.010414 	49.406479 	88.413803 	87.965904 	14.317822 	77.665955 	70.491135 	57.697487 	66.648331 	63.505905 	82.492424 	78.771820 	
38.327538 	56.612720 	24.698177 	95.273293 	73.925636 	104.403069 	25.079872 	36.055511 	35.510563 	26.076809 	46.010868 	29.732138 	33.105892 	48.507732 	97.575615 	18.439089 	116.811813 	18.681541 	62.265560 	21.540659 	26.683329 	53.851646 	16.031219 	102.883430 	114.236595 	46.324940 	49.929951 	32.449963 	16.492422 	34.409302 	75.894661 	5.000000 	21.540659 	39.824615 	86.648720 	16.124516 	58.258045 	999.000000 	28.844410 	16.401220 	23.600847 	12.041595 	10.816654 	9.433981 	30.610456 	29.732138 	53.600372 	20.248457 	15.000000 	13.892444 	15.231546 	15.000000 	26.476404 	30.675724 	
61.294373 	81.123360 	25.019993 	119.954155 	99.322708 	128.825470 	18.027756 	61.611687 	14.866069 	14.142136 	66.850578 	36.055511 	30.594116 	71.112587 	122.967476 	44.045429 	141.354172 	44.687805 	89.022469 	48.166378 	10.198039 	80.919716 	17.000000 	128.471786 	139.291061 	73.661385 	77.233414 	60.108234 	14.422205 	62.225395 	48.662102 	29.000000 	8.944272 	67.896980 	59.228371 	12.806249 	86.267029 	28.844410 	999.000000 	12.529964 	5.385165 	17.000000 	39.661064 	38.275318 	3.000000 	7.211102 	82.419655 	17.262676 	24.020824 	37.107952 	30.066593 	33.241539 	21.470911 	36.400551 	
51.264023 	70.682388 	21.470911 	109.590149 	88.588936 	118.595955 	16.970562 	50.606323 	22.360680 	15.264338 	57.723480 	31.320919 	29.410883 	61.351448 	112.294258 	32.756680 	131.095383 	33.286633 	77.665955 	36.619667 	13.601471 	69.404610 	9.486833 	117.720009 	128.798294 	62.008064 	65.604881 	48.270073 	6.708204 	50.328918 	60.638271 	17.204651 	7.280110 	55.901699 	71.309189 	2.236068 	74.330345 	16.401220 	12.529964 	999.000000 	7.211102 	4.472136 	27.202942 	25.806976 	14.212670 	13.892444 	70.000000 	10.816654 	13.928389 	25.179358 	19.416489 	22.090721 	17.888544 	29.832869 	
57.271286 	76.941536 	23.345236 	115.836090 	95.015785 	124.775803 	17.088007 	57.140179 	17.888544 	13.892444 	63.245552 	34.132095 	30.083218 	67.230942 	118.701309 	39.408119 	137.295303 	40.000000 	84.403793 	43.416588 	10.630146 	76.216797 	13.341664 	124.169243 	135.118469 	68.883957 	72.470680 	55.226807 	10.440307 	57.314919 	53.935146 	24.083189 	6.082763 	62.936478 	64.536812 	7.810250 	81.344948 	23.600847 	5.385165 	7.211102 	999.000000 	11.661903 	34.409302 	33.015148 	7.071068 	8.062258 	77.201035 	13.000000 	19.026299 	31.780497 	25.000000 	28.071337 	18.439089 	32.649654 	
48.083260 	67.230942 	22.022715 	106.103722 	84.970581 	115.156418 	18.867962 	46.957428 	26.076809 	18.027756 	54.918121 	30.870699 	30.413813 	58.240879 	108.673820 	29.068884 	127.632286 	29.529646 	73.783470 	32.756680 	17.117243 	65.459915 	9.899495 	114.061386 	125.239769 	58.008621 	61.611687 	44.204071 	8.062258 	46.227695 	65.000000 	13.416408 	11.000000 	51.739735 	75.690155 	5.000000 	70.178345 	12.041595 	17.000000 	4.472136 	11.661903 	999.000000 	22.803509 	21.400934 	18.601076 	17.804493 	65.604881 	11.180340 	11.401754 	21.023796 	16.155495 	18.439089 	18.439089 	28.319605 	
32.249031 	48.662102 	32.140316 	86.683334 	65.145988 	95.880135 	34.234486 	28.160255 	45.607018 	35.902645 	40.792156 	34.014702 	39.812057 	42.047592 	88.600227 	13.000000 	108.157295 	12.649111 	52.801514 	14.035668 	37.000000 	44.283180 	25.961510 	93.776329 	105.342300 	36.674240 	40.249222 	22.847319 	26.925823 	24.596748 	86.377083 	12.165525 	32.202484 	29.681644 	97.144226 	26.925823 	48.010414 	10.816654 	39.661064 	27.202942 	34.409302 	22.803509 	999.000000 	1.414214 	41.400482 	40.311287 	42.801868 	29.681644 	22.847319 	13.341664 	20.223749 	18.000000 	34.928497 	35.014282 	
33.136082 	49.819675 	31.257000 	87.931793 	66.407829 	97.123634 	33.136082 	29.274563 	44.384682 	34.713108 	41.593269 	33.541019 	39.051247 	43.011627 	89.888817 	13.601471 	109.416634 	13.341664 	54.129475 	15.000000 	35.735138 	45.617977 	24.738634 	95.078911 	106.625511 	38.013157 	41.593269 	24.166092 	25.632011 	25.942244 	85.094063 	11.045361 	30.870699 	31.064449 	95.859268 	25.553865 	49.406479 	9.433981 	38.275318 	25.806976 	33.015148 	21.400934 	1.414214 	999.000000 	40.000000 	38.897301 	44.204071 	28.301943 	21.540659 	12.649111 	19.104973 	17.029387 	33.615471 	34.058773 	
63.953106 	83.725746 	28.017851 	122.588745 	101.872467 	131.487640 	21.023796 	64.070274 	17.029387 	17.117243 	69.641945 	39.051247 	33.541019 	73.824112 	125.538841 	46.400433 	144.013885 	47.010635 	91.400215 	50.447994 	13.152946 	83.240616 	19.697716 	131.026718 	141.904892 	75.927597 	79.511009 	62.289646 	17.000000 	64.381676 	48.259712 	31.144823 	11.704700 	70.007141 	58.694122 	14.866069 	88.413803 	30.610456 	3.000000 	14.212670 	7.071068 	18.601076 	41.400482 	40.000000 	999.000000 	5.000000 	84.202141 	17.000000 	24.331051 	37.947330 	30.413813 	33.734257 	20.248457 	35.440090 	
65.000000 	84.528099 	31.144823 	123.438240 	102.474388 	132.423569 	24.515301 	64.498062 	21.931713 	20.880613 	71.168816 	42.047592 	37.363083 	75.026665 	126.178444 	46.647614 	144.931015 	47.169907 	91.525955 	50.477718 	17.088007 	83.234612 	21.377558 	131.609268 	142.667450 	75.802376 	79.404030 	62.008064 	18.439089 	64.031242 	52.038448 	31.064449 	14.000000 	69.526970 	62.289646 	15.231546 	87.965904 	29.732138 	7.211102 	13.892444 	8.062258 	17.804493 	40.311287 	38.897301 	5.000000 	999.000000 	82.975899 	13.341664 	21.189621 	35.341194 	27.202942 	30.675724 	15.524175 	30.805843 	
38.470768 	34.058773 	69.892776 	57.706154 	38.626415 	66.370171 	74.323616 	31.064449 	86.764046 	76.922035 	44.271889 	66.098412 	75.186432 	39.395432 	57.078892 	41.436699 	77.006493 	40.496914 	25.059929 	37.000000 	78.771820 	20.518284 	67.601776 	61.008198 	73.027390 	19.313208 	18.867962 	25.495098 	69.115845 	23.345236 	127.910126 	53.851646 	74.625732 	18.027756 	138.654251 	69.634758 	14.317822 	53.600372 	82.419655 	70.000000 	77.201035 	65.604881 	42.801868 	44.204071 	84.202141 	82.975899 	999.000000 	71.421288 	63.702435 	49.819675 	59.033890 	55.605755 	75.286118 	69.354164 	
58.249462 	76.843994 	32.249031 	115.520561 	94.154129 	124.651512 	27.658634 	56.302753 	30.870699 	25.495098 	65.490456 	41.785164 	40.224369 	68.447060 	117.783699 	38.600517 	137.058380 	38.897301 	82.298241 	41.785164 	23.021729 	73.824112 	20.124611 	123.065025 	134.461884 	66.241982 	69.835518 	52.354561 	17.492855 	54.203320 	65.192024 	23.345236 	17.029387 	59.363289 	75.538071 	13.038404 	77.665955 	20.248457 	17.262676 	10.816654 	13.000000 	11.180340 	29.681644 	28.301943 	17.000000 	13.341664 	71.421288 	999.000000 	8.062258 	22.472204 	13.928389 	17.464249 	7.280110 	19.723083 	
53.235325 	71.063354 	33.241539 	109.416634 	87.920418 	118.595955 	30.232433 	50.447994 	36.138622 	29.068884 	61.008198 	41.340054 	41.725292 	63.387695 	111.427109 	33.241539 	130.919830 	33.376640 	75.643906 	35.902645 	27.513634 	67.119293 	21.260292 	116.619041 	128.160049 	59.506302 	63.071388 	45.694637 	19.416489 	47.423622 	72.560318 	19.235384 	21.189621 	52.354561 	83.024094 	15.652476 	70.491135 	15.000000 	24.020824 	13.928389 	19.026299 	11.401754 	22.847319 	21.540659 	24.331051 	21.189621 	63.702435 	8.062258 	999.000000 	14.422205 	6.082763 	9.486833 	12.083046 	17.204651 	
45.541191 	61.204575 	38.483765 	98.488579 	76.902534 	107.707939 	38.078865 	41.000000 	47.010635 	38.327538 	54.129475 	43.416588 	46.957428 	55.226807 	100.000000 	26.248810 	119.816528 	25.961510 	63.890530 	27.294687 	38.013157 	55.362442 	28.635643 	104.995239 	116.760437 	47.801674 	51.244511 	34.525352 	28.160255 	35.902645 	85.702972 	18.601076 	32.015621 	40.162170 	96.317184 	26.019224 	57.697487 	13.892444 	37.107952 	25.179358 	31.780497 	21.023796 	13.341664 	12.649111 	37.947330 	35.341194 	49.819675 	22.472204 	14.422205 	999.000000 	9.219544 	5.830952 	25.495098 	22.090721 	
52.009613 	68.883957 	37.013512 	106.737999 	85.164543 	115.948265 	34.885529 	48.373547 	41.773197 	34.176014 	60.207973 	44.045429 	45.607018 	62.008064 	108.466583 	32.062439 	128.160049 	32.015621 	72.449982 	34.058773 	32.984844 	63.906181 	25.553865 	113.547348 	125.227791 	56.302753 	59.808025 	42.720020 	24.166092 	44.271889 	78.638412 	20.124611 	26.683329 	48.846699 	89.106674 	20.880613 	66.648331 	15.231546 	30.066593 	19.416489 	25.000000 	16.155495 	20.223749 	19.104973 	30.413813 	27.202942 	59.033890 	13.928389 	6.082763 	9.219544 	999.000000 	3.605551 	16.278820 	15.524175 	
50.159744 	66.483078 	38.275318 	104.048065 	82.462112 	113.265175 	36.769554 	46.097721 	44.407207 	36.400551 	58.549126 	44.553337 	46.872166 	60.033325 	105.650368 	30.413813 	125.419296 	30.265491 	69.570107 	32.015621 	35.510563 	61.032780 	27.313000 	110.679718 	122.413231 	53.450912 	56.920998 	40.024994 	26.248810 	41.484936 	81.884064 	20.000000 	29.274563 	45.880280 	92.395889 	23.345236 	63.505905 	15.000000 	33.241539 	22.090721 	28.071337 	18.439089 	18.000000 	17.029387 	33.734257 	30.675724 	55.605755 	17.464249 	9.486833 	5.830952 	3.605551 	999.000000 	19.798990 	17.029387 	
64.776543 	82.969872 	39.357338 	121.433105 	99.959991 	130.602448 	34.409302 	62.361847 	36.055511 	31.890438 	72.249565 	49.040798 	47.169907 	74.966660 	123.490891 	44.911022 	142.947540 	45.122055 	87.726852 	47.801674 	29.000000 	79.202271 	27.313000 	128.693436 	140.217682 	71.589104 	75.153175 	57.775429 	24.596748 	59.506302 	67.029846 	30.066593 	23.430750 	64.412735 	77.025970 	20.124611 	82.492424 	26.476404 	21.470911 	17.888544 	18.439089 	18.439089 	34.928497 	33.615471 	20.248457 	15.524175 	75.286118 	7.280110 	12.083046 	25.495098 	16.278820 	19.798990 	999.000000 	15.297058 	
67.186310 	83.294655 	50.328918 	120.415947 	98.843307 	129.634094 	46.754681 	63.031738 	50.537113 	45.000000 	75.538071 	58.523499 	58.728188 	77.058418 	121.753853 	47.381432 	141.661575 	47.265209 	85.615417 	49.040798 	42.720020 	77.129761 	38.209946 	126.649124 	138.495483 	69.634758 	73.006851 	56.568542 	36.069378 	57.870544 	82.152298 	35.468296 	36.619667 	61.846584 	92.005432 	31.890438 	78.771820 	30.675724 	36.400551 	29.832869 	32.649654 	28.319605 	35.014282 	34.058773 	35.440090 	30.805843 	69.354164 	19.723083 	17.204651 	22.090721 	15.524175 	17.029387 	15.297058 	999.000000 	

Travel time:
9.000000 	0.500000 	1.007782 	1.466714 	0.960469 	1.688380 	1.171538 	0.201556 	1.486607 	1.265158 	0.223607 	0.811249 	1.060955 	0.254951 	1.546367 	0.500625 	2.001562 	0.500000 	0.763217 	0.456207 	1.345595 	0.608790 	1.107362 	1.685601 	1.950801 	0.500625 	0.559017 	0.425735 	1.173936 	0.450694 	2.471462 	0.873212 	1.308864 	0.529741 	2.730041 	1.244237 	0.818917 	0.958188 	1.532359 	1.281601 	1.431782 	1.202081 	0.806226 	0.828402 	1.598828 	1.625000 	0.961769 	1.456237 	1.330883 	1.138530 	1.300240 	1.253994 	1.619414 	1.679658 	
0.500000 	9.000000 	1.505199 	0.972754 	0.460977 	1.198176 	1.671077 	0.515388 	1.984943 	1.765113 	0.447214 	1.293493 	1.542928 	0.291548 	1.047020 	0.956883 	1.510381 	0.948683 	0.350000 	0.879275 	1.845434 	0.340037 	1.603512 	1.185854 	1.454519 	0.425000 	0.390512 	0.675463 	1.668270 	0.654313 	2.958568 	1.346291 	1.805028 	0.608790 	3.213740 	1.732953 	0.548293 	1.415318 	2.028084 	1.767060 	1.923538 	1.680773 	1.216552 	1.245492 	2.093144 	2.113203 	0.851469 	1.921100 	1.776584 	1.530114 	1.722099 	1.662077 	2.074247 	2.082366 	
1.007782 	1.505199 	9.000000 	2.455733 	1.966119 	2.669504 	0.182003 	1.075291 	0.480234 	0.285044 	1.102554 	0.276134 	0.215058 	1.230091 	2.545707 	0.711512 	2.981715 	0.735272 	1.757306 	0.822344 	0.382426 	1.575198 	0.305164 	2.686192 	2.941088 	1.415097 	1.497707 	1.119431 	0.369121 	1.175266 	1.476906 	0.515388 	0.431567 	1.320038 	1.741049 	0.480885 	1.749285 	0.617454 	0.625500 	0.536773 	0.583631 	0.550568 	0.803508 	0.781425 	0.700446 	0.778621 	1.747319 	0.806226 	0.831038 	0.962094 	0.925338 	0.956883 	0.983933 	1.258223 	
1.466714 	0.972754 	2.455733 	9.000000 	0.539676 	0.230489 	2.627975 	1.480920 	2.935345 	2.725000 	1.355083 	2.221627 	2.464878 	1.227294 	0.150000 	1.926947 	0.538516 	1.917355 	0.878208 	1.843400 	2.809026 	1.085415 	2.573907 	0.269258 	0.485412 	1.270089 	1.187960 	1.600781 	2.639720 	1.564649 	3.873387 	2.317596 	2.775450 	1.467353 	4.118935 	2.705665 	1.102554 	2.381832 	2.998854 	2.739754 	2.895902 	2.652593 	2.167083 	2.198295 	3.064719 	3.085956 	1.442654 	2.888014 	2.735416 	2.462214 	2.668450 	2.601202 	3.035828 	3.010399 	
0.960469 	0.460977 	1.966119 	0.539676 	9.000000 	0.770146 	2.131901 	0.950329 	2.445915 	2.225562 	0.890225 	1.750893 	1.999531 	0.743303 	0.592663 	1.397542 	1.075291 	1.386542 	0.353553 	1.309819 	2.305022 	0.550568 	2.059430 	0.728869 	1.007782 	0.731864 	0.651920 	1.061249 	2.122646 	1.025000 	3.415498 	1.788854 	2.260669 	0.930390 	3.668872 	2.183031 	0.608790 	1.848141 	2.483068 	2.214723 	2.375395 	2.124264 	1.628650 	1.660196 	2.546812 	2.561860 	0.965660 	2.353853 	2.198010 	1.922563 	2.129114 	2.061553 	2.499000 	2.471083 	
1.688380 	1.198176 	2.669504 	0.230489 	0.770146 	9.000000 	2.843524 	1.708801 	3.148115 	2.941513 	1.567043 	2.430021 	2.670674 	1.445035 	0.246221 	2.154066 	0.313249 	2.144907 	1.107080 	2.071835 	3.026962 	1.315295 	2.795644 	0.235850 	0.285044 	1.500417 	1.417965 	1.831154 	2.862254 	1.795132 	4.073390 	2.544234 	2.997082 	1.697425 	4.315669 	2.930017 	1.325236 	2.610077 	3.220637 	2.964899 	3.119395 	2.878911 	2.397003 	2.428091 	3.287191 	3.310589 	1.659254 	3.116288 	2.964899 	2.692698 	2.898707 	2.831629 	3.265061 	3.240852 	
1.171538 	1.671077 	0.182003 	2.627975 	2.131901 	2.843524 	9.000000 	1.222957 	0.320156 	0.103078 	1.277693 	0.456207 	0.325000 	1.400892 	2.715004 	0.828025 	3.156145 	0.850000 	1.910497 	0.939747 	0.201556 	1.722099 	0.237171 	2.855039 	3.113378 	1.555032 	1.640122 	1.243483 	0.270416 	1.299279 	1.342805 	0.552268 	0.279509 	1.445035 	1.610318 	0.371652 	1.886299 	0.626997 	0.450694 	0.424264 	0.427200 	0.471699 	0.855862 	0.828402 	0.525595 	0.612882 	1.858090 	0.691466 	0.755811 	0.951972 	0.872138 	0.919239 	0.860233 	1.168867 	
0.201556 	0.515388 	1.075291 	1.480920 	0.950329 	1.708801 	1.222957 	9.000000 	1.542928 	1.308625 	0.406971 	0.919239 	1.162970 	0.371652 	1.542928 	0.447214 	2.019437 	0.436606 	0.689656 	0.364006 	1.379311 	0.500000 	1.120547 	1.677982 	1.957358 	0.348210 	0.425000 	0.230489 	1.180042 	0.250000 	2.551960 	0.838525 	1.320038 	0.333542 	2.815138 	1.234909 	0.682825 	0.901388 	1.540292 	1.265158 	1.428504 	1.173936 	0.704006 	0.731864 	1.601757 	1.612452 	0.776611 	1.407569 	1.261200 	1.025000 	1.209339 	1.152443 	1.559046 	1.575794 	
1.486607 	1.984943 	0.480234 	2.935345 	2.445915 	3.148115 	0.320156 	1.542928 	9.000000 	0.246221 	1.581139 	0.726722 	0.515388 	1.710263 	3.025930 	1.144825 	3.459949 	1.166190 	2.229910 	1.256234 	0.225000 	2.042211 	0.491172 	3.166425 	3.420618 	1.875000 	1.960230 	1.560849 	0.477624 	1.616516 	1.028652 	0.838153 	0.378319 	1.762278 	1.297353 	0.527376 	2.205816 	0.887764 	0.371652 	0.559017 	0.447214 	0.651920 	1.140175 	1.109617 	0.425735 	0.548293 	2.169101 	0.771767 	0.903466 	1.175266 	1.044330 	1.110180 	0.901388 	1.263428 	
1.265158 	1.765113 	0.285044 	2.725000 	2.225562 	2.941513 	0.103078 	1.308625 	0.246221 	9.000000 	1.376817 	0.559017 	0.412311 	1.497707 	2.810360 	0.901388 	3.254324 	0.922293 	1.997655 	1.012423 	0.100000 	1.806239 	0.251247 	2.950106 	3.210335 	1.635925 	1.722099 	1.317431 	0.254951 	1.372953 	1.274755 	0.594243 	0.212132 	1.518634 	1.543535 	0.335410 	1.965006 	0.651920 	0.353553 	0.381608 	0.347311 	0.450694 	0.897566 	0.867828 	0.427931 	0.522015 	1.923051 	0.637377 	0.726722 	0.958188 	0.854400 	0.910014 	0.797261 	1.125000 	
0.223607 	0.447214 	1.102554 	1.355083 	0.890225 	1.567043 	1.277693 	0.406971 	1.581139 	1.376817 	9.000000 	0.867828 	1.113833 	0.158114 	1.451293 	0.704006 	1.879162 	0.707107 	0.776209 	0.673146 	1.464795 	0.675000 	1.249500 	1.592561 	1.840007 	0.625000 	0.657647 	0.637377 	1.320275 	0.654313 	2.528463 	1.054751 	1.448491 	0.707549 	2.779951 	1.401116 	0.900347 	1.150272 	1.671264 	1.443087 	1.581139 	1.372953 	1.019804 	1.039832 	1.741049 	1.779220 	1.106797 	1.637261 	1.525205 	1.353237 	1.505199 	1.463728 	1.806239 	1.888452 	
0.811249 	1.293493 	0.276134 	2.221627 	1.750893 	2.430021 	0.456207 	0.919239 	0.726722 	0.559017 	0.867828 	9.000000 	0.250000 	1.007782 	2.319078 	0.651920 	2.740552 	0.676849 	1.574206 	0.750000 	0.657647 	1.408900 	0.546008 	2.460310 	2.705781 	1.267379 	1.342805 	1.015197 	0.618466 	1.068878 	1.665083 	0.620987 	0.701783 	1.206752 	1.920937 	0.728011 	1.601952 	0.743303 	0.901388 	0.783023 	0.853302 	0.771767 	0.850368 	0.838525 	0.976281 	1.051190 	1.652460 	1.044629 	1.033501 	1.085415 	1.101136 	1.113833 	1.226020 	1.463087 	
1.060955 	1.542928 	0.215058 	2.464878 	1.999531 	2.670674 	0.325000 	1.162970 	0.515388 	0.412311 	1.113833 	0.250000 	9.000000 	1.256234 	2.564785 	0.855862 	2.980038 	0.880696 	1.823630 	0.961769 	0.509902 	1.656049 	0.512957 	2.706127 	2.948093 	1.510381 	1.587648 	1.243232 	0.570088 	1.298075 	1.415980 	0.719809 	0.604152 	1.439184 	1.671077 	0.680074 	1.845603 	0.827647 	0.764853 	0.735272 	0.752080 	0.760345 	0.995301 	0.976281 	0.838525 	0.934077 	1.879661 	1.005609 	1.043132 	1.173936 	1.140175 	1.171804 	1.179248 	1.468205 	
