Total assets = 620
Number of asset nodes = 33

Distance:
999.000000 	44.283180 	65.459915 	24.839485 	20.808653 	25.238859 	62.625874 	8.062258 	6.708204 	78.492035 	56.586216 	56.435802 	90.210861 	42.638012 	61.522354 	12.041595 	15.811388 	5.000000 	31.304953 	10.630146 	44.821869 	54.083271 	62.225395 	68.680420 	49.819675 	50.803543 	12.083046 	40.816662 	13.000000 	49.819675 	41.012192 	18.248287 	43.046486 	50.447994 	39.357338 	37.576588 	35.000000 	72.138756 	91.836815 	91.021973 	46.647614 	63.245552 	39.924931 	25.495098 	32.557640 	51.971146 	53.851646 	87.965904 	49.193497 	37.107952 	45.694637 	
44.283180 	999.000000 	106.103722 	68.600288 	64.884514 	69.354164 	104.235313 	40.521599 	48.703182 	118.793938 	99.201813 	12.727922 	129.556931 	10.630146 	104.201729 	41.593269 	28.653097 	48.764740 	75.584389 	49.477268 	10.295630 	12.083046 	105.000000 	110.887329 	93.493317 	11.045361 	45.705578 	85.000000 	45.541191 	12.041595 	14.866069 	37.013512 	87.235313 	13.038404 	83.630135 	81.859634 	21.023796 	114.634201 	132.230865 	131.521866 	90.824005 	20.808653 	84.172440 	35.510563 	76.216797 	96.176918 	98.005104 	129.634094 	93.471924 	80.993828 	89.961105 	
65.459915 	106.103722 	999.000000 	42.047592 	46.518814 	43.081318 	5.385165 	72.718636 	64.884514 	13.038404 	13.152946 	118.827606 	25.079872 	107.056061 	11.661903 	75.179787 	78.644768 	60.464867 	41.000000 	67.542580 	109.123779 	117.388245 	12.206555 	9.486833 	23.086792 	114.629837 	72.449982 	33.060551 	73.348480 	114.021927 	106.042442 	82.365044 	32.000000 	114.769333 	36.055511 	38.118237 	100.439034 	13.152946 	26.400757 	25.612497 	30.149628 	126.574089 	39.000000 	89.470665 	48.259712 	29.120440 	27.513634 	23.853722 	32.756680 	45.011108 	36.345562 	
24.839485 	68.600288 	42.047592 	999.000000 	4.472136 	2.828427 	38.587563 	31.240999 	23.021729 	55.009090 	32.015621 	80.993828 	67.119293 	67.475922 	36.878178 	33.286633 	39.962482 	20.000000 	9.219544 	25.495098 	69.656296 	78.816238 	37.536648 	44.204071 	25.000000 	75.604233 	30.413813 	16.763054 	31.304953 	74.652527 	65.795135 	40.496914 	18.973665 	75.286118 	16.124516 	15.000000 	59.464275 	47.507893 	68.095520 	67.230942 	22.472204 	88.005684 	18.027756 	47.507893 	16.401220 	27.856777 	29.546574 	63.600315 	25.709921 	18.384777 	23.086792 	
20.808653 	64.884514 	46.518814 	4.472136 	999.000000 	4.472136 	43.046486 	26.907248 	18.601076 	59.481091 	36.400551 	77.175125 	71.589104 	63.411354 	41.231056 	28.844410 	36.235340 	16.124516 	11.180340 	21.023796 	65.604881 	74.886581 	41.868843 	48.600410 	29.068884 	71.610054 	25.942244 	20.124611 	26.832815 	70.604530 	61.619801 	36.055511 	22.360680 	71.217972 	18.973665 	17.464249 	55.172459 	51.855568 	72.560318 	71.693794 	25.942244 	84.053551 	20.223749 	43.046486 	16.155495 	31.304953 	33.120991 	68.007355 	28.792360 	19.235384 	25.709921 	
25.238859 	69.354164 	43.081318 	2.828427 	4.472136 	999.000000 	39.357338 	31.112698 	22.671568 	55.946404 	32.449963 	81.633324 	68.154236 	67.801178 	37.202152 	32.802441 	40.706264 	20.591261 	7.000000 	24.698177 	70.000000 	79.322128 	37.802116 	44.654228 	24.758837 	76.026314 	29.681644 	15.652476 	30.528675 	75.000000 	65.946945 	40.000000 	17.888544 	75.604233 	14.560220 	13.152946 	59.396969 	47.801674 	68.883957 	68.000000 	21.470911 	88.481636 	16.031219 	46.872166 	13.601471 	26.832815 	28.653097 	64.070274 	24.351591 	15.811388 	21.377558 	
62.625874 	104.235313 	5.385165 	38.587563 	43.046486 	39.357338 	999.000000 	69.634758 	61.587337 	16.763054 	8.000000 	116.931602 	29.120440 	104.690018 	6.403124 	71.867935 	76.367531 	57.628117 	36.687874 	64.007812 	106.794197 	115.312622 	7.071068 	7.280110 	18.000000 	112.432205 	68.963760 	28.284271 	69.835518 	111.731819 	103.479469 	79.075912 	27.073973 	112.449989 	31.257000 	33.376640 	97.616600 	11.401754 	29.529646 	28.653097 	25.019993 	124.523087 	34.058773 	86.092972 	43.566040 	23.769728 	22.135944 	25.455845 	27.459061 	40.112343 	31.144823 	
8.062258 	40.521599 	72.718636 	31.240999 	26.907248 	31.112698 	69.634758 	999.000000 	8.602325 	85.755463 	63.253460 	52.000000 	97.616600 	37.215588 	68.117546 	4.472136 	14.317822 	12.649111 	36.400551 	9.055386 	39.446167 	49.193497 	68.767723 	75.432091 	55.865910 	45.650848 	6.708204 	46.227695 	7.211102 	44.418465 	35.000000 	10.198039 	48.414875 	44.944408 	44.407207 	42.438190 	28.284271 	78.746429 	99.020203 	98.183502 	52.009613 	58.180752 	44.418465 	17.464249 	35.846897 	57.201397 	59.203041 	94.810333 	54.083271 	40.718548 	50.249378 	
6.708204 	48.703182 	64.884514 	23.021729 	18.601076 	22.671568 	61.587337 	8.602325 	999.000000 	77.897369 	55.000000 	60.415230 	89.894379 	45.793011 	59.816387 	10.295630 	21.095022 	7.615773 	27.802877 	4.472136 	48.020828 	57.706154 	60.440052 	67.201187 	47.381432 	54.203320 	8.062258 	37.643059 	9.055386 	53.000000 	43.600460 	17.492855 	39.824615 	53.535034 	35.805027 	33.837849 	36.796738 	70.434364 	91.065910 	90.210861 	43.416588 	66.730804 	35.846897 	24.596748 	27.513634 	48.600410 	50.606323 	86.608315 	45.486263 	32.310989 	41.677334 	
78.492035 	118.793938 	13.038404 	55.009090 	59.481091 	55.946404 	16.763054 	85.755463 	77.897369 	999.000000 	24.515301 	131.521866 	12.369317 	119.970833 	21.023796 	88.192970 	91.547798 	73.498299 	53.450912 	80.498444 	122.024590 	130.176804 	21.000000 	14.142136 	34.365681 	127.475487 	85.422478 	44.911022 	86.313385 	126.905479 	119.016808 	95.383438 	43.566040 	127.663620 	47.853943 	50.009998 	113.463654 	14.317822 	13.453624 	12.727922 	41.194660 	139.344894 	50.487621 	102.474388 	60.207973 	39.012817 	37.054016 	13.152946 	43.000000 	56.568542 	47.042534 	
56.586216 	99.201813 	13.152946 	32.015621 	36.400551 	32.449963 	8.000000 	63.253460 	55.000000 	24.515301 	999.000000 	111.825760 	36.878178 	99.035347 	5.000000 	65.215027 	70.936592 	51.623638 	29.154760 	57.140179 	101.178062 	109.986366 	5.830952 	12.206555 	10.000000 	106.962608 	62.128899 	20.396078 	62.968246 	106.150833 	97.590981 	72.422371 	19.104973 	106.831642 	23.345236 	25.495098 	91.438507 	15.556349 	36.769554 	35.846897 	17.029387 	119.205704 	26.076809 	79.322128 	35.693138 	16.155495 	14.764823 	31.622776 	19.646883 	32.140316 	23.194826 	
56.435802 	12.727922 	118.827606 	80.993828 	77.175125 	81.633324 	116.931602 	52.000000 	60.415230 	131.521866 	111.825760 	999.000000 	142.270874 	16.031219 	116.824654 	52.497620 	41.048752 	61.057350 	87.709747 	60.745369 	14.000000 	4.472136 	117.613777 	123.555656 	105.948097 	8.246211 	56.612720 	97.247108 	56.320511 	10.440307 	20.024984 	47.074409 	99.478638 	10.770329 	95.770561 	93.941475 	28.000000 	127.283150 	144.958618 	144.249786 	103.077644 	8.544003 	96.150925 	44.102154 	87.846458 	108.406639 	110.276924 	142.341141 	105.588821 	92.703827 	101.965683 	
90.210861 	129.556931 	25.079872 	67.119293 	71.589104 	68.154236 	29.120440 	97.616600 	89.894379 	12.369317 	36.878178 	142.270874 	999.000000 	131.209763 	33.241539 	100.184830 	102.800781 	85.234970 	65.802734 	92.612091 	133.225372 	141.113434 	33.136082 	26.019224 	46.690472 	138.538803 	97.508972 	57.271286 	98.412399 	138.057953 	130.430054 	107.354553 	55.901699 	138.841629 	60.207973 	62.369865 	125.095963 	25.179358 	6.324555 	6.708204 	53.460266 	150.233154 	62.801273 	114.490173 	72.567207 	51.039200 	49.010204 	14.142136 	55.081757 	68.883957 	59.211487 	
42.638012 	10.630146 	107.056061 	67.475922 	63.411354 	67.801178 	104.690018 	37.215588 	45.793011 	119.970833 	99.035347 	16.031219 	131.209763 	999.000000 	104.004807 	37.161808 	28.425341 	47.507893 	73.498299 	45.617977 	2.236068 	12.369317 	104.737770 	111.018013 	92.455391 	8.544003 	41.231056 	83.234612 	40.853397 	7.211102 	4.472136 	31.320919 	85.445892 	7.810250 	81.541397 	79.611557 	12.041595 	114.586212 	133.416641 	132.653687 	89.050545 	21.023796 	81.633324 	28.071337 	72.897186 	94.302704 	96.260063 	130.138382 	91.268837 	77.826729 	87.464279 	
61.522354 	104.201729 	11.661903 	36.878178 	41.231056 	37.202152 	6.403124 	68.117546 	59.816387 	21.023796 	5.000000 	116.824654 	33.241539 	104.004807 	999.000000 	70.000000 	75.927597 	56.568542 	33.541019 	61.854668 	106.150833 	114.978256 	1.000000 	7.615773 	13.601471 	111.946419 	66.850578 	24.351591 	67.675697 	111.126053 	102.532921 	77.201035 	22.803509 	111.803398 	27.202942 	29.410883 	96.332756 	10.630146 	32.572994 	31.622776 	20.223749 	124.197426 	29.614185 	84.053551 	39.560081 	18.110771 	16.278820 	26.925823 	22.022715 	35.693138 	26.019224 	
12.041595 	41.593269 	75.179787 	33.286633 	28.844410 	32.802441 	71.867935 	4.472136 	10.295630 	88.192970 	65.215027 	52.497620 	100.184830 	37.161808 	70.000000 	999.000000 	17.464249 	16.124516 	37.483330 	8.602325 	39.395432 	49.396355 	70.604530 	77.420929 	57.384666 	45.694637 	4.123106 	47.381432 	4.000000 	44.283180 	34.481880 	7.211102 	49.517673 	44.721359 	45.343136 	43.278172 	27.202942 	80.603973 	101.355812 	100.498756 	53.075417 	58.180752 	45.000000 	14.317822 	35.846897 	58.137768 	60.207973 	96.834908 	54.817879 	40.816662 	50.803543 	
15.811388 	28.653097 	78.644768 	39.962482 	36.235340 	40.706264 	76.367531 	14.317822 	21.095022 	91.547798 	70.936592 	41.048752 	102.800781 	28.425341 	75.927597 	17.464249 	999.000000 	20.124611 	47.010635 	23.086792 	30.479502 	39.051247 	76.694199 	82.807007 	64.899925 	36.069378 	20.880613 	56.356010 	21.189621 	35.383614 	27.784887 	17.691807 	58.591808 	36.124783 	55.036350 	53.310413 	23.769728 	86.452301 	104.995239 	104.235313 	62.177166 	48.270073 	55.713554 	22.360680 	48.270073 	67.535179 	69.354164 	101.823380 	64.884514 	52.886673 	61.465439 	
5.000000 	48.764740 	60.464867 	20.000000 	16.124516 	20.591261 	57.628117 	12.649111 	7.615773 	73.498299 	51.623638 	61.057350 	85.234970 	47.507893 	56.568542 	16.124516 	20.124611 	999.000000 	26.925823 	12.083046 	49.678970 	58.821766 	57.280014 	63.702435 	45.000000 	55.605755 	15.132746 	36.235340 	16.124516 	54.671749 	45.967381 	22.803509 	38.470768 	55.317268 	34.928497 	33.241539 	40.000000 	67.178864 	86.838928 	86.023254 	42.059483 	68.007355 	35.735138 	30.083218 	29.068884 	47.413078 	49.244289 	82.975899 	44.777225 	33.376640 	41.436699 	
31.304953 	75.584389 	41.000000 	9.219544 	11.180340 	7.000000 	36.687874 	36.400551 	27.802877 	53.450912 	29.154760 	87.709747 	65.802734 	73.498299 	33.541019 	37.483330 	47.010635 	26.925823 	999.000000 	29.000000 	75.716576 	85.234970 	34.000000 	41.146080 	20.248457 	81.835197 	33.970577 	9.899495 	34.713108 	80.709358 	71.400284 	44.553337 	12.041595 	81.271149 	8.062258 	6.324555 	64.536812 	43.908997 	65.924202 	65.000000 	15.620500 	94.339813 	9.055386 	51.088158 	8.944272 	20.808653 	22.803509 	60.415230 	17.888544 	9.433981 	14.560220 	
10.630146 	49.477268 	67.542580 	25.495098 	21.023796 	24.698177 	64.007812 	9.055386 	4.472136 	80.498444 	57.140179 	60.745369 	92.612091 	45.617977 	61.854668 	8.602325 	23.086792 	12.083046 	29.000000 	999.000000 	47.853943 	57.775429 	62.425957 	69.339745 	49.040798 	54.129475 	5.000000 	38.897301 	5.830952 	52.773098 	43.046486 	15.556349 	41.012192 	53.235325 	36.796738 	34.713108 	35.805027 	72.422371 	93.536087 	92.660675 	44.553337 	66.640831 	36.400551 	22.203604 	27.294687 	49.578220 	51.662365 	88.752464 	46.227695 	32.249031 	42.201897 	
44.821869 	10.295630 	109.123779 	69.656296 	65.604881 	70.000000 	106.794197 	39.446167 	48.020828 	122.024590 	101.178062 	14.000000 	133.225372 	2.236068 	106.150833 	39.395432 	30.479502 	49.678970 	75.716576 	47.853943 	999.000000 	10.198039 	106.887794 	113.145920 	94.641426 	6.324555 	43.462627 	85.445892 	43.081318 	5.000000 	6.082763 	33.526108 	87.658424 	5.656854 	83.761566 	81.835197 	14.000000 	116.726173 	135.473251 	134.714508 	91.263351 	18.788294 	83.862984 	30.149628 	75.133217 	96.519424 	98.473343 	132.245987 	93.493317 	80.062477 	89.693924 	
54.083271 	12.083046 	117.388245 	78.816238 	74.886581 	79.322128 	115.312622 	49.193497 	57.706154 	130.176804 	109.986366 	4.472136 	141.113434 	12.369317 	114.978256 	49.396355 	39.051247 	58.821766 	85.234970 	57.775429 	10.198039 	999.000000 	115.745407 	121.827744 	103.812332 	4.000000 	53.488316 	94.873604 	53.141319 	6.082763 	16.031219 	43.680660 	97.097885 	6.324555 	93.295227 	91.416626 	24.083189 	125.495018 	143.627991 	142.898560 	100.702530 	9.219544 	93.536087 	40.311287 	85.000000 	106.000000 	107.912003 	140.758652 	103.077644 	89.899948 	99.362968 	
62.225395 	105.000000 	12.206555 	37.536648 	41.868843 	37.802116 	7.071068 	68.767723 	60.440052 	21.000000 	5.830952 	117.613777 	33.136082 	104.737770 	1.000000 	70.604530 	76.694199 	57.280014 	34.000000 	62.425957 	106.887794 	115.745407 	999.000000 	7.280110 	13.928389 	112.698715 	67.424034 	24.698177 	68.242218 	111.865990 	103.237587 	77.801025 	23.086792 	112.538879 	27.513634 	29.732138 	97.000000 	10.000000 	32.280025 	31.320919 	20.396078 	124.963997 	29.832869 	84.628601 	39.849716 	18.027756 	16.124516 	26.419689 	22.000000 	35.902645 	26.076809 	
68.680420 	110.887329 	9.486833 	44.204071 	48.600410 	44.654228 	7.280110 	75.432091 	67.201187 	14.142136 	12.206555 	123.555656 	26.019224 	111.018013 	7.615773 	77.420929 	82.807007 	63.702435 	41.146080 	69.339745 	113.145920 	121.827744 	7.280110 	999.000000 	21.189621 	118.869675 	74.330345 	31.953091 	75.166481 	118.105888 	109.658562 	84.628601 	30.364452 	118.802361 	34.785053 	37.000000 	103.585716 	4.123106 	25.000000 	24.041630 	27.658634 	131.045792 	37.107952 	91.525955 	47.127487 	25.019993 	23.000000 	19.416489 	29.068884 	43.174065 	33.241539 	
49.819675 	93.493317 	23.086792 	25.000000 	29.068884 	24.758837 	18.000000 	55.865910 	47.381432 	34.365681 	10.000000 	105.948097 	46.690472 	92.455391 	13.601471 	57.384666 	64.899925 	45.000000 	20.248457 	49.040798 	94.641426 	103.812332 	13.928389 	21.189621 	999.000000 	100.603180 	54.037025 	10.770329 	54.817879 	99.639351 	90.686272 	64.536812 	9.219544 	100.264648 	13.601471 	15.811388 	84.148682 	23.706539 	46.173584 	45.221676 	7.071068 	113.004425 	16.124516 	71.217972 	25.961510 	7.810250 	7.615773 	40.249222 	10.295630 	22.203604 	13.341664 	
50.803543 	11.045361 	114.629837 	75.604233 	71.610054 	76.026314 	112.432205 	45.650848 	54.203320 	127.475487 	106.962608 	8.246211 	138.538803 	8.544003 	111.946419 	45.694637 	36.069378 	55.605755 	81.835197 	54.129475 	6.324555 	4.000000 	112.698715 	118.869675 	100.603180 	999.000000 	49.769470 	91.525955 	49.396355 	2.236068 	12.041595 	39.849716 	93.744331 	2.828427 	89.888817 	87.982956 	20.099751 	122.494896 	140.929062 	140.185593 	97.349884 	12.529964 	90.049988 	36.345562 	81.394104 	102.625534 	104.560989 	137.887634 	99.644371 	86.313385 	95.880135 	
12.083046 	45.705578 	72.449982 	30.413813 	25.942244 	29.681644 	68.963760 	6.708204 	8.062258 	85.422478 	62.128899 	56.612720 	97.508972 	41.231056 	66.850578 	4.123106 	20.880613 	15.132746 	33.970577 	5.000000 	43.462627 	53.488316 	67.424034 	74.330345 	54.037025 	49.769470 	999.000000 	43.863426 	1.000000 	48.332184 	38.470768 	10.630146 	45.967381 	48.754486 	41.725292 	39.623226 	31.064449 	77.420929 	98.488579 	97.616600 	49.497475 	62.241467 	41.231056 	17.204651 	31.906113 	54.488529 	56.586216 	93.744331 	51.088158 	36.891735 	47.010635 	
40.816662 	85.000000 	33.060551 	16.763054 	20.124611 	15.652476 	28.284271 	46.227695 	37.643059 	44.911022 	20.396078 	97.247108 	57.271286 	83.234612 	24.351591 	47.381432 	56.356010 	36.235340 	9.899495 	38.897301 	85.445892 	94.873604 	24.698177 	31.953091 	10.770329 	91.525955 	43.863426 	999.000000 	44.598206 	90.443352 	81.215759 	54.451813 	2.236068 	91.021973 	3.000000 	5.099020 	74.411018 	34.438351 	56.920998 	55.973209 	5.830952 	104.009613 	6.324555 	60.959003 	15.297058 	11.180340 	13.038404 	50.990196 	9.055386 	12.041595 	7.615773 	
13.000000 	45.541191 	73.348480 	31.304953 	26.832815 	30.528675 	69.835518 	7.211102 	9.055386 	86.313385 	62.968246 	56.320511 	98.412399 	40.853397 	67.675697 	4.000000 	21.189621 	16.124516 	34.713108 	5.830952 	43.081318 	53.141319 	68.242218 	75.166481 	54.817879 	49.396355 	1.000000 	44.598206 	999.000000 	47.927029 	38.013157 	10.000000 	46.690472 	48.332184 	42.426407 	40.311287 	30.528675 	78.236816 	99.362968 	98.488579 	50.209560 	61.846584 	41.868843 	16.401220 	32.449963 	55.172459 	57.280014 	94.578011 	51.739735 	37.443291 	47.634022 	
49.819675 	12.041595 	114.021927 	74.652527 	70.604530 	75.000000 	111.731819 	44.418465 	53.000000 	126.905479 	106.150833 	10.440307 	138.057953 	7.211102 	111.126053 	44.283180 	35.383614 	54.671749 	80.709358 	52.773098 	5.000000 	6.082763 	111.865990 	118.105888 	99.639351 	2.236068 	48.332184 	90.443352 	47.927029 	999.000000 	10.198039 	38.275318 	92.655273 	1.000000 	88.752464 	86.821655 	18.248287 	121.696342 	140.356689 	139.603012 	96.260063 	13.928389 	88.836929 	34.525352 	80.062477 	101.513542 	103.469803 	137.186005 	98.478424 	85.000000 	94.667839 	
41.012192 	14.866069 	106.042442 	65.795135 	61.619801 	65.946945 	103.479469 	35.000000 	43.600460 	119.016808 	97.590981 	20.024984 	130.430054 	4.472136 	102.532921 	34.481880 	27.784887 	45.967381 	71.400284 	43.046486 	6.082763 	16.031219 	103.237587 	109.658562 	90.686272 	12.041595 	38.470768 	81.215759 	38.013157 	10.198039 	999.000000 	28.231188 	83.408630 	10.440307 	79.404030 	77.420929 	8.062258 	113.145920 	132.438660 	131.654846 	87.005745 	24.041630 	79.322128 	24.331051 	70.327805 	92.200867 	94.201912 	128.887543 	89.050545 	75.292763 	85.146935 	
18.248287 	37.013512 	82.365044 	40.496914 	36.055511 	40.000000 	79.075912 	10.198039 	17.492855 	95.383438 	72.422371 	47.074409 	107.354553 	31.320919 	77.201035 	7.211102 	17.691807 	22.803509 	44.553337 	15.556349 	33.526108 	43.680660 	77.801025 	84.628601 	64.536812 	39.849716 	10.630146 	54.451813 	10.000000 	38.275318 	28.231188 	999.000000 	56.568542 	38.626415 	52.345009 	50.249378 	20.591261 	87.800911 	108.558739 	107.703293 	60.108234 	52.201534 	51.855568 	7.280110 	42.438190 	65.115280 	67.208633 	104.043259 	61.717098 	47.434166 	57.628117 	
43.046486 	87.235313 	32.000000 	18.973665 	22.360680 	17.888544 	27.073973 	48.414875 	39.824615 	43.566040 	19.104973 	99.478638 	55.901699 	85.445892 	22.803509 	49.517673 	58.591808 	38.470768 	12.041595 	41.012192 	87.658424 	97.097885 	23.086792 	30.364452 	9.219544 	93.744331 	45.967381 	2.236068 	46.690472 	92.655273 	83.408630 	56.568542 	999.000000 	93.230896 	4.472136 	6.708204 	76.576759 	32.695564 	55.362442 	54.405884 	3.605551 	106.230881 	7.000000 	63.031738 	16.763054 	8.944272 	10.816654 	49.244289 	7.000000 	13.038404 	6.403124 	
50.447994 	13.038404 	114.769333 	75.286118 	71.217972 	75.604233 	112.449989 	44.944408 	53.535034 	127.663620 	106.831642 	10.770329 	138.841629 	7.810250 	111.803398 	44.721359 	36.124783 	55.317268 	81.271149 	53.235325 	5.656854 	6.324555 	112.538879 	118.802361 	100.264648 	2.828427 	48.754486 	91.021973 	48.332184 	1.000000 	10.440307 	38.626415 	93.230896 	999.000000 	89.308456 	87.367043 	18.439089 	122.380554 	141.113434 	140.356689 	96.834908 	13.601471 	89.358826 	34.713108 	80.529495 	102.078400 	104.043259 	137.902145 	99.020203 	85.475143 	95.189285 	
39.357338 	83.630135 	36.055511 	16.124516 	18.973665 	14.560220 	31.257000 	44.407207 	35.805027 	47.853943 	23.345236 	95.770561 	60.207973 	81.541397 	27.202942 	45.343136 	55.036350 	34.928497 	8.062258 	36.796738 	83.761566 	93.295227 	27.513634 	34.785053 	13.601471 	89.888817 	41.725292 	3.000000 	42.426407 	88.752464 	79.404030 	52.345009 	4.472136 	89.308456 	999.000000 	2.236068 	72.470680 	37.161808 	59.774578 	58.821766 	7.810250 	102.396286 	3.605551 	58.728188 	12.369317 	12.806249 	14.866069 	53.712196 	9.848858 	9.055386 	7.000000 	
37.576588 	81.859634 	38.118237 	15.000000 	17.464249 	13.152946 	33.376640 	42.438190 	33.837849 	50.009998 	25.495098 	93.941475 	62.369865 	79.611557 	29.410883 	43.278172 	53.310413 	33.241539 	6.324555 	34.713108 	81.835197 	91.416626 	29.732138 	37.000000 	15.811388 	87.982956 	39.623226 	5.099020 	40.311287 	86.821655 	77.420929 	50.249378 	6.708204 	87.367043 	2.236068 	999.000000 	70.434364 	39.395432 	61.983868 	61.032780 	10.000000 	100.498756 	3.162278 	56.586216 	10.198039 	14.866069 	16.970562 	55.946404 	11.661903 	7.280110 	8.246211 	
35.000000 	21.023796 	100.439034 	59.464275 	55.172459 	59.396969 	97.616600 	28.284271 	36.796738 	113.463654 	91.438507 	28.000000 	125.095963 	12.041595 	96.332756 	27.202942 	23.769728 	40.000000 	64.536812 	35.805027 	14.000000 	24.083189 	97.000000 	103.585716 	84.148682 	20.099751 	31.064449 	74.411018 	30.528675 	18.248287 	8.062258 	20.591261 	76.576759 	18.439089 	72.470680 	70.434364 	999.000000 	106.962608 	126.826653 	126.015869 	80.156097 	32.015621 	72.201111 	16.278820 	62.968246 	85.276024 	87.321243 	122.918671 	82.006096 	67.955872 	78.006409 	
72.138756 	114.634201 	13.152946 	47.507893 	51.855568 	47.801674 	11.401754 	78.746429 	70.434364 	14.317822 	15.556349 	127.283150 	25.179358 	114.586212 	10.630146 	80.603973 	86.452301 	67.178864 	43.908997 	72.422371 	116.726173 	125.495018 	10.000000 	4.123106 	23.706539 	122.494896 	77.420929 	34.438351 	78.236816 	121.696342 	113.145920 	87.800911 	32.695564 	122.380554 	37.161808 	39.395432 	106.962608 	999.000000 	23.194826 	22.203604 	29.732138 	134.714508 	39.217342 	94.625580 	49.396355 	26.476404 	24.331051 	16.552946 	30.594116 	45.221676 	34.928497 	
91.836815 	132.230865 	26.400757 	68.095520 	72.560318 	68.883957 	29.529646 	99.020203 	91.065910 	13.453624 	36.769554 	144.958618 	6.324555 	133.416641 	32.572994 	101.355812 	104.995239 	86.838928 	65.924202 	93.536087 	135.473251 	143.627991 	32.280025 	25.000000 	46.173584 	140.929062 	98.488579 	56.920998 	99.362968 	140.356689 	132.438660 	108.558739 	55.362442 	141.113434 	59.774578 	61.983868 	126.826653 	23.194826 	999.000000 	1.000000 	52.630791 	152.793976 	62.096699 	115.602768 	72.124893 	49.648766 	47.518417 	8.944272 	53.758720 	68.154236 	58.051701 	
91.021973 	131.521866 	25.612497 	67.230942 	71.693794 	68.000000 	28.653097 	98.183502 	90.210861 	12.727922 	35.846897 	144.249786 	6.708204 	132.653687 	31.622776 	100.498756 	104.235313 	86.023254 	65.000000 	92.660675 	134.714508 	142.898560 	31.320919 	24.041630 	45.221676 	140.185593 	97.616600 	55.973209 	98.488579 	139.603012 	131.654846 	107.703293 	54.405884 	140.356689 	58.821766 	61.032780 	126.015869 	22.203604 	1.000000 	999.000000 	51.662365 	152.069061 	61.131008 	114.738831 	71.168816 	48.662102 	46.529560 	8.062258 	52.773098 	67.186310 	57.070133 	
46.647614 	90.824005 	30.149628 	22.472204 	25.942244 	21.470911 	25.019993 	52.009613 	43.416588 	41.194660 	17.029387 	103.077644 	53.460266 	89.050545 	20.223749 	53.075417 	62.177166 	42.059483 	15.620500 	44.553337 	91.263351 	100.702530 	20.396078 	27.658634 	7.071068 	97.349884 	49.497475 	5.830952 	50.209560 	96.260063 	87.005745 	60.108234 	3.605551 	96.834908 	7.810250 	10.000000 	80.156097 	29.732138 	52.630791 	51.662365 	999.000000 	109.836243 	9.486833 	66.528191 	19.697716 	5.385165 	7.211102 	46.238514 	4.472136 	15.524175 	6.324555 	
63.245552 	20.808653 	126.574089 	88.005684 	84.053551 	88.481636 	124.523087 	58.180752 	66.730804 	139.344894 	119.205704 	8.544003 	150.233154 	21.023796 	124.197426 	58.180752 	48.270073 	68.007355 	94.339813 	66.640831 	18.788294 	9.219544 	124.963997 	131.045792 	113.004425 	12.529964 	62.241467 	104.009613 	61.846584 	13.928389 	24.041630 	52.201534 	106.230881 	13.601471 	102.396286 	100.498756 	32.015621 	134.714508 	152.793976 	152.069061 	109.836243 	999.000000 	102.576797 	48.270073 	93.914856 	115.121674 	117.046997 	149.966660 	112.160599 	98.838249 	108.406639 	
39.924931 	84.172440 	39.000000 	18.027756 	20.223749 	16.031219 	34.058773 	44.418465 	35.846897 	50.487621 	26.076809 	96.150925 	62.801273 	81.633324 	29.614185 	45.000000 	55.713554 	35.735138 	9.055386 	36.400551 	83.862984 	93.536087 	29.832869 	37.107952 	16.124516 	90.049988 	41.231056 	6.324555 	41.868843 	88.836929 	79.322128 	51.855568 	7.000000 	89.358826 	3.605551 	3.162278 	72.201111 	39.217342 	62.096699 	61.131008 	9.486833 	102.576797 	999.000000 	58.000000 	10.295630 	13.601471 	15.811388 	55.713554 	9.899495 	6.082763 	5.830952 	
25.495098 	35.510563 	89.470665 	47.507893 	43.046486 	46.872166 	86.092972 	17.464249 	24.596748 	102.474388 	79.322128 	44.102154 	114.490173 	28.071337 	84.053551 	14.317822 	22.360680 	30.083218 	51.088158 	22.203604 	30.149628 	40.311287 	84.628601 	91.525955 	71.217972 	36.345562 	17.204651 	60.959003 	16.401220 	34.525352 	24.331051 	7.280110 	63.031738 	34.713108 	58.728188 	56.586216 	16.278820 	94.625580 	115.602768 	114.738831 	66.528191 	48.270073 	58.000000 	999.000000 	48.270073 	71.421288 	73.552704 	110.941429 	67.896980 	53.263496 	63.702435 	
32.557640 	76.216797 	48.259712 	16.401220 	16.155495 	13.601471 	43.566040 	35.846897 	27.513634 	60.207973 	35.693138 	87.846458 	72.567207 	72.897186 	39.560081 	35.846897 	48.270073 	29.068884 	8.944272 	27.294687 	75.133217 	85.000000 	39.849716 	47.127487 	25.961510 	81.394104 	31.906113 	15.297058 	32.449963 	80.062477 	70.327805 	42.438190 	16.763054 	80.529495 	12.369317 	10.198039 	62.968246 	49.396355 	72.124893 	71.168816 	19.697716 	93.914856 	10.295630 	48.270073 	999.000000 	23.853722 	26.076809 	65.924202 	20.000000 	5.000000 	15.620500 	
51.971146 	96.176918 	29.120440 	27.856777 	31.304953 	26.832815 	23.769728 	57.201397 	48.600410 	39.012817 	16.155495 	108.406639 	51.039200 	94.302704 	18.110771 	58.137768 	67.535179 	47.413078 	20.808653 	49.578220 	96.519424 	106.000000 	18.027756 	25.019993 	7.810250 	102.625534 	54.488529 	11.180340 	55.172459 	101.513542 	92.200867 	65.115280 	8.944272 	102.078400 	12.806249 	14.866069 	85.276024 	26.476404 	49.648766 	48.662102 	5.385165 	115.121674 	13.601471 	71.421288 	23.853722 	999.000000 	2.236068 	42.720020 	4.123106 	19.235384 	8.544003 	
53.851646 	98.005104 	27.513634 	29.546574 	33.120991 	28.653097 	22.135944 	59.203041 	50.606323 	37.054016 	14.764823 	110.276924 	49.010204 	96.260063 	16.278820 	60.207973 	69.354164 	49.244289 	22.803509 	51.662365 	98.473343 	107.912003 	16.124516 	23.000000 	7.615773 	104.560989 	56.586216 	13.038404 	57.280014 	103.469803 	94.201912 	67.208633 	10.816654 	104.043259 	14.866069 	16.970562 	87.321243 	24.331051 	47.518417 	46.529560 	7.211102 	117.046997 	15.811388 	73.552704 	26.076809 	2.236068 	999.000000 	40.521599 	6.324555 	21.470911 	10.770329 	
87.965904 	129.634094 	23.853722 	63.600315 	68.007355 	64.070274 	25.455845 	94.810333 	86.608315 	13.152946 	31.622776 	142.341141 	14.142136 	130.138382 	26.925823 	96.834908 	101.823380 	82.975899 	60.415230 	88.752464 	132.245987 	140.758652 	26.419689 	19.416489 	40.249222 	137.887634 	93.744331 	50.990196 	94.578011 	137.186005 	128.887543 	104.043259 	49.244289 	137.902145 	53.712196 	55.946404 	122.918671 	16.552946 	8.944272 	8.062258 	46.238514 	149.966660 	55.713554 	110.941429 	65.924202 	42.720020 	40.521599 	999.000000 	46.840153 	61.684681 	51.244511 	
49.193497 	93.471924 	32.756680 	25.709921 	28.792360 	24.351591 	27.459061 	54.083271 	45.486263 	43.000000 	19.646883 	105.588821 	55.081757 	91.268837 	22.022715 	54.817879 	64.884514 	44.777225 	17.888544 	46.227695 	93.493317 	103.077644 	22.000000 	29.068884 	10.295630 	99.644371 	51.088158 	9.055386 	51.739735 	98.478424 	89.050545 	61.717098 	7.000000 	99.020203 	9.848858 	11.661903 	82.006096 	30.594116 	53.758720 	52.773098 	4.472136 	112.160599 	9.899495 	67.896980 	20.000000 	4.123106 	6.324555 	46.840153 	999.000000 	15.264338 	4.472136 	
37.107952 	80.993828 	45.011108 	18.384777 	19.235384 	15.811388 	40.112343 	40.718548 	32.310989 	56.568542 	32.140316 	92.703827 	68.883957 	77.826729 	35.693138 	40.816662 	52.886673 	33.376640 	9.433981 	32.249031 	80.062477 	89.899948 	35.902645 	43.174065 	22.203604 	86.313385 	36.891735 	12.041595 	37.443291 	85.000000 	75.292763 	47.434166 	13.038404 	85.475143 	9.055386 	7.280110 	67.955872 	45.221676 	68.154236 	67.186310 	15.524175 	98.838249 	6.082763 	53.263496 	5.000000 	19.235384 	21.470911 	61.684681 	15.264338 	999.000000 	10.816654 	
45.694637 	89.961105 	36.345562 	23.086792 	25.709921 	21.377558 	31.144823 	50.249378 	41.677334 	47.042534 	23.194826 	101.965683 	59.211487 	87.464279 	26.019224 	50.803543 	61.465439 	41.436699 	14.560220 	42.201897 	89.693924 	99.362968 	26.076809 	33.241539 	13.341664 	95.880135 	47.010635 	7.615773 	47.634022 	94.667839 	85.146935 	57.628117 	6.403124 	95.189285 	7.000000 	8.246211 	78.006409 	34.928497 	58.051701 	57.070133 	6.324555 	108.406639 	5.830952 	63.702435 	15.620500 	8.544003 	10.770329 	51.244511 	4.472136 	10.816654 	999.000000 	

Travel time:
9.000000 	1.107080 	1.636498 	0.620987 	0.520216 	0.630971 	1.565647 	0.201556 	0.167705 	1.962301 	1.414655 	1.410895 	2.255271 	1.065950 	1.538059 	0.301040 	0.395285 	0.125000 	0.782624 	0.265754 	1.120547 	1.352082 	1.555635 	1.717010 	1.245492 	1.270089 	0.302076 	1.020416 	0.325000 	1.245492 	1.025305 	0.456207 	1.076162 	1.261200 	0.983933 	0.939415 	0.875000 	1.803469 	2.295920 	2.275549 	1.166190 	1.581139 	0.998123 	0.637377 	0.813941 	1.299279 	1.346291 	2.199148 	1.229837 	0.927699 	1.142366 	
1.107080 	9.000000 	2.652593 	1.715007 	1.622113 	1.733854 	2.605883 	1.013040 	1.217580 	2.969848 	2.480045 	0.318198 	3.238923 	0.265754 	2.605043 	1.039832 	0.716327 	1.219118 	1.889610 	1.236932 	0.257391 	0.302076 	2.625000 	2.772183 	2.337333 	0.276134 	1.142639 	2.125000 	1.138530 	0.301040 	0.371652 	0.925338 	2.180883 	0.325960 	2.090753 	2.046491 	0.525595 	2.865855 	3.305772 	3.288047 	2.270600 	0.520216 	2.104311 	0.887764 	1.905420 	2.404423 	2.450128 	3.240852 	2.336798 	2.024846 	2.249028 	
1.636498 	2.652593 	9.000000 	1.051190 	1.162970 	1.077033 	0.134629 	1.817966 	1.622113 	0.325960 	0.328824 	2.970690 	0.626997 	2.676402 	0.291548 	1.879495 	1.966119 	1.511622 	1.025000 	1.688565 	2.728095 	2.934706 	0.305164 	0.237171 	0.577170 	2.865746 	1.811249 	0.826514 	1.833712 	2.850548 	2.651061 	2.059126 	0.800000 	2.869233 	0.901388 	0.952956 	2.510976 	0.328824 	0.660019 	0.640312 	0.753741 	3.164352 	0.975000 	2.236767 	1.206493 	0.728011 	0.687841 	0.596343 	0.818917 	1.125278 	0.908639 	
0.620987 	1.715007 	1.051190 	9.000000 	0.111803 	0.070711 	0.964689 	0.781025 	0.575543 	1.375227 	0.800391 	2.024846 	1.677982 	1.686898 	0.921954 	0.832166 	0.999062 	0.500000 	0.230489 	0.637377 	1.741407 	1.970406 	0.938416 	1.105102 	0.625000 	1.890106 	0.760345 	0.419076 	0.782624 	1.866313 	1.644878 	1.012423 	0.474342 	1.882153 	0.403113 	0.375000 	1.486607 	1.187697 	1.702388 	1.680773 	0.561805 	2.200142 	0.450694 	1.187697 	0.410031 	0.696419 	0.738664 	1.590008 	0.642748 	0.459619 	0.577170 	
0.520216 	1.622113 	1.162970 	0.111803 	9.000000 	0.111803 	1.076162 	0.672681 	0.465027 	1.487027 	0.910014 	1.929378 	1.789728 	1.585284 	1.030776 	0.721110 	0.905883 	0.403113 	0.279509 	0.525595 	1.640122 	1.872164 	1.046721 	1.215010 	0.726722 	1.790251 	0.648556 	0.503115 	0.670820 	1.765113 	1.540495 	0.901388 	0.559017 	1.780449 	0.474342 	0.436606 	1.379311 	1.296389 	1.814008 	1.792345 	0.648556 	2.101339 	0.505594 	1.076162 	0.403887 	0.782624 	0.828025 	1.700184 	0.719809 	0.480885 	0.642748 	
0.630971 	1.733854 	1.077033 	0.070711 	0.111803 	9.000000 	0.983933 	0.777817 	0.566789 	1.398660 	0.811249 	2.040833 	1.703856 	1.695029 	0.930054 	0.820061 	1.017657 	0.514782 	0.175000 	0.617454 	1.750000 	1.983053 	0.945053 	1.116356 	0.618971 	1.900658 	0.742041 	0.391312 	0.763217 	1.875000 	1.648674 	1.000000 	0.447214 	1.890106 	0.364006 	0.328824 	1.484924 	1.195042 	1.722099 	1.700000 	0.536773 	2.212041 	0.400780 	1.171804 	0.340037 	0.670820 	0.716327 	1.601757 	0.608790 	0.395285 	0.534439 	
1.565647 	2.605883 	0.134629 	0.964689 	1.076162 	0.983933 	9.000000 	1.740869 	1.539683 	0.419076 	0.200000 	2.923290 	0.728011 	2.617250 	0.160078 	1.796698 	1.909188 	1.440703 	0.917197 	1.600195 	2.669855 	2.882816 	0.176777 	0.182003 	0.450000 	2.810805 	1.724094 	0.707107 	1.745888 	2.793295 	2.586987 	1.976898 	0.676849 	2.811250 	0.781425 	0.834416 	2.440415 	0.285044 	0.738241 	0.716327 	0.625500 	3.113077 	0.851469 	2.152324 	1.089151 	0.594243 	0.553399 	0.636396 	0.686477 	1.002809 	0.778621 	
0.201556 	1.013040 	1.817966 	0.781025 	0.672681 	0.777817 	1.740869 	9.000000 	0.215058 	2.143887 	1.581336 	1.300000 	2.440415 	0.930390 	1.702939 	0.111803 	0.357946 	0.316228 	0.910014 	0.226385 	0.986154 	1.229837 	1.719193 	1.885802 	1.396648 	1.141271 	0.167705 	1.155692 	0.180278 	1.110462 	0.875000 	0.254951 	1.210372 	1.123610 	1.110180 	1.060955 	0.707107 	1.968661 	2.475505 	2.454587 	1.300240 	1.454519 	1.110462 	0.436606 	0.896172 	1.430035 	1.480076 	2.370258 	1.352082 	1.017964 	1.256234 	
0.167705 	1.217580 	1.622113 	0.575543 	0.465027 	0.566789 	1.539683 	0.215058 	9.000000 	1.947434 	1.375000 	1.510381 	2.247360 	1.144825 	1.495410 	0.257391 	0.527376 	0.190394 	0.695072 	0.111803 	1.200521 	1.442654 	1.511001 	1.680030 	1.184536 	1.355083 	0.201556 	0.941076 	0.226385 	1.325000 	1.090011 	0.437321 	0.995615 	1.338376 	0.895126 	0.845946 	0.919918 	1.760859 	2.276648 	2.255271 	1.085415 	1.668270 	0.896172 	0.614919 	0.687841 	1.215010 	1.265158 	2.165208 	1.137157 	0.807775 	1.041933 	
1.962301 	2.969848 	0.325960 	1.375227 	1.487027 	1.398660 	0.419076 	2.143887 	1.947434 	9.000000 	0.612882 	3.288047 	0.309233 	2.999271 	0.525595 	2.204824 	2.288695 	1.837457 	1.336273 	2.012461 	3.050615 	3.254420 	0.525000 	0.353553 	0.859142 	3.186887 	2.135562 	1.122776 	2.157835 	3.172637 	2.975420 	2.384586 	1.089151 	3.191591 	1.196349 	1.250250 	2.836591 	0.357946 	0.336341 	0.318198 	1.029866 	3.483622 	1.262191 	2.561860 	1.505199 	0.975320 	0.926350 	0.328824 	1.075000 	1.414214 	1.176063 	
1.414655 	2.480045 	0.328824 	0.800391 	0.910014 	0.811249 	0.200000 	1.581336 	1.375000 	0.612882 	9.000000 	2.795644 	0.921954 	2.475884 	0.125000 	1.630376 	1.773415 	1.290591 	0.728869 	1.428504 	2.529452 	2.749659 	0.145774 	0.305164 	0.250000 	2.674065 	1.553222 	0.509902 	1.574206 	2.653771 	2.439775 	1.810559 	0.477624 	2.670791 	0.583631 	0.637377 	2.285963 	0.388909 	0.919239 	0.896172 	0.425735 	2.980143 	0.651920 	1.983053 	0.892328 	0.403887 	0.369121 	0.790569 	0.491172 	0.803508 	0.579871 	
1.410895 	0.318198 	2.970690 	2.024846 	1.929378 	2.040833 	2.923290 	1.300000 	1.510381 	3.288047 	2.795644 	9.000000 	3.556772 	0.400780 	2.920616 	1.312441 	1.026219 	1.526434 	2.192744 	1.518634 	0.350000 	0.111803 	2.940344 	3.088892 	2.648702 	0.206155 	1.415318 	2.431178 	1.408013 	0.261008 	0.500625 	1.176860 	2.486966 	0.269258 	2.394264 	2.348537 	0.700000 	3.182079 	3.623966 	3.606245 	2.576941 	0.213600 	2.403773 	1.102554 	2.196162 	2.710166 	2.756923 	3.558528 	2.639720 	2.317596 	2.549142 	
2.255271 	3.238923 	0.626997 	1.677982 	1.789728 	1.703856 	0.728011 	2.440415 	2.247360 	0.309233 	0.921954 	3.556772 	9.000000 	3.280244 	0.831038 	2.504621 	2.570019 	2.130874 	1.645068 	2.315302 	3.330634 	3.527836 	0.828402 	0.650481 	1.167262 	3.463470 	2.437724 	1.431782 	2.460310 	3.451449 	3.260751 	2.683864 	1.397542 	3.471041 	1.505199 	1.559247 	3.127399 	0.629484 	0.158114 	0.167705 	1.336507 	3.755829 	1.570032 	2.862254 	1.814180 	1.275980 	1.225255 	0.353553 	1.377044 	1.722099 	1.480287 	
1.065950 	0.265754 	2.676402 	1.686898 	1.585284 	1.695029 	2.617250 	0.930390 	1.144825 	2.999271 	2.475884 	0.400780 	3.280244 	9.000000 	2.600120 	0.929045 	0.710634 	1.187697 	1.837457 	1.140449 	0.055902 	0.309233 	2.618444 	2.775450 	2.311385 	0.213600 	1.030776 	2.080865 	1.021335 	0.180278 	0.111803 	0.783023 	2.136147 	0.195256 	2.038535 	1.990289 	0.301040 	2.864655 	3.335416 	3.316342 	2.226264 	0.525595 	2.040833 	0.701783 	1.822430 	2.357568 	2.406502 	3.253459 	2.281721 	1.945668 	2.186607 	
1.538059 	2.605043 	0.291548 	0.921954 	1.030776 	0.930054 	0.160078 	1.702939 	1.495410 	0.525595 	0.125000 	2.920616 	0.831038 	2.600120 	9.000000 	1.750000 	1.898190 	1.414214 	0.838525 	1.546367 	2.653771 	2.874456 	0.025000 	0.190394 	0.340037 	2.798661 	1.671264 	0.608790 	1.691892 	2.778151 	2.563323 	1.930026 	0.570088 	2.795085 	0.680074 	0.735272 	2.408319 	0.265754 	0.814325 	0.790569 	0.505594 	3.104936 	0.740355 	2.101339 	0.989002 	0.452769 	0.406971 	0.673146 	0.550568 	0.892328 	0.650481 	
0.301040 	1.039832 	1.879495 	0.832166 	0.721110 	0.820061 	1.796698 	0.111803 	0.257391 	2.204824 	1.630376 	1.312441 	2.504621 	0.929045 	1.750000 	9.000000 	0.436606 	0.403113 	0.937083 	0.215058 	0.984886 	1.234909 	1.765113 	1.935523 	1.434617 	1.142366 	0.103078 	1.184536 	0.100000 	1.107080 	0.862047 	0.180278 	1.237942 	1.118034 	1.133578 	1.081954 	0.680074 	2.015099 	2.533895 	2.512469 	1.326885 	1.454519 	1.125000 	0.357946 	0.896172 	1.453444 	1.505199 	2.420873 	1.370447 	1.020416 	1.270089 	
0.395285 	0.716327 	1.966119 	0.999062 	0.905883 	1.017657 	1.909188 	0.357946 	0.527376 	2.288695 	1.773415 	1.026219 	2.570019 	0.710634 	1.898190 	0.436606 	9.000000 	0.503115 	1.175266 	0.577170 	0.761988 	0.976281 	1.917355 	2.070175 	1.622498 	0.901734 	0.522015 	1.408900 	0.529741 	0.884590 	0.694622 	0.442295 	1.464795 	0.903120 	1.375909 	1.332760 	0.594243 	2.161308 	2.624881 	2.605883 	1.554429 	1.206752 	1.392839 	0.559017 	1.206752 	1.688380 	1.733854 	2.545584 	1.622113 	1.322167 	1.536636 	
0.125000 	1.219118 	1.511622 	0.500000 	0.403113 	0.514782 	1.440703 	0.316228 	0.190394 	1.837457 	1.290591 	1.526434 	2.130874 	1.187697 	1.414214 	0.403113 	0.503115 	9.000000 	0.673146 	0.302076 	1.241974 	1.470544 	1.432000 	1.592561 	1.125000 	1.390144 	0.378319 	0.905883 	0.403113 	1.366794 	1.149184 	0.570088 	0.961769 	1.382932 	0.873212 	0.831038 	1.000000 	1.679472 	2.170973 	2.150581 	1.051487 	1.700184 	0.893378 	0.752080 	0.726722 	1.185327 	1.231107 	2.074398 	1.119431 	0.834416 	1.035918 	
0.782624 	1.889610 	1.025000 	0.230489 	0.279509 	0.175000 	0.917197 	0.910014 	0.695072 	1.336273 	0.728869 	2.192744 	1.645068 	1.837457 	0.838525 	0.937083 	1.175266 	0.673146 	9.000000 	0.725000 	1.892914 	2.130874 	0.850000 	1.028652 	0.506211 	2.045880 	0.849264 	0.247487 	0.867828 	2.017734 	1.785007 	1.113833 	0.301040 	2.031779 	0.201556 	0.158114 	1.613420 	1.097725 	1.648105 	1.625000 	0.390512 	2.358495 	0.226385 	1.277204 	0.223607 	0.520216 	0.570088 	1.510381 	0.447214 	0.235850 	0.364006 	
0.265754 	1.236932 	1.688565 	0.637377 	0.525595 	0.617454 	1.600195 	0.226385 	0.111803 	2.012461 	1.428504 	1.518634 	2.315302 	1.140449 	1.546367 	0.215058 	0.577170 	0.302076 	0.725000 	9.000000 	1.196349 	1.444386 	1.560649 	1.733494 	1.226020 	1.353237 	0.125000 	0.972432 	0.145774 	1.319327 	1.076162 	0.388909 	1.025305 	1.330883 	0.919918 	0.867828 	0.895126 	1.810559 	2.338402 	2.316517 	1.113833 	1.666021 	0.910014 	0.555090 	0.682367 	1.239455 	1.291559 	2.218812 	1.155692 	0.806226 	1.055047 	
1.120547 	0.257391 	2.728095 	1.741407 	1.640122 	1.750000 	2.669855 	0.986154 	1.200521 	3.050615 	2.529452 	0.350000 	3.330634 	0.055902 	2.653771 	0.984886 	0.761988 	1.241974 	1.892914 	1.196349 	9.000000 	0.254951 	2.672195 	2.828648 	2.366036 	0.158114 	1.086566 	2.136147 	1.077033 	0.125000 	0.152069 	0.838153 	2.191461 	0.141421 	2.094039 	2.045880 	0.350000 	2.918154 	3.386831 	3.367863 	2.281584 	0.469707 	2.096575 	0.753741 	1.878330 	2.412986 	2.461833 	3.306150 	2.337333 	2.001562 	2.242348 	
