Total assets = 670
Number of asset nodes = 33

Distance:
999.000000 	5.099020 	6.324555 	60.959003 	15.297058 	11.180340 	9.055386 	12.041595 	16.763054 	46.227695 	37.643059 	44.911022 	97.247108 	57.271286 	83.234612 	24.351591 	47.381432 	79.208588 	51.429562 	96.046867 	53.823788 	39.661064 	88.526833 	104.403069 	27.586229 	30.364452 	52.839378 	43.829212 	56.302753 	82.036575 	31.112698 	109.402924 	54.203320 	44.407207 	13.892444 	25.806976 	53.000000 	60.745369 	19.416489 	101.316338 	47.010635 	73.006851 	64.660652 	50.695168 	48.166378 	35.227829 	65.513359 	35.128338 	23.021729 	33.000000 	
5.099020 	999.000000 	3.162278 	56.586216 	10.198039 	14.866069 	11.661903 	7.280110 	15.000000 	42.438190 	33.837849 	50.009998 	93.941475 	62.369865 	79.611557 	29.410883 	43.278172 	75.073296 	56.364883 	92.200867 	49.203659 	44.418465 	84.504440 	100.687637 	32.015621 	25.298222 	57.706154 	48.548943 	51.613953 	77.794601 	35.468296 	105.683487 	59.059292 	49.091751 	10.630146 	29.732138 	57.801384 	56.035702 	14.866069 	97.308784 	51.613953 	68.410522 	59.908264 	45.694637 	52.630791 	30.149628 	70.327805 	30.066593 	24.738634 	28.017851 	
6.324555 	3.162278 	999.000000 	58.000000 	10.295630 	13.601471 	9.899495 	6.082763 	18.027756 	44.418465 	35.846897 	50.487621 	96.150925 	62.801273 	81.633324 	29.614185 	45.000000 	76.694199 	56.080299 	94.047859 	50.328918 	43.829212 	86.214851 	102.625534 	31.064449 	25.495098 	57.271286 	47.885281 	52.630791 	79.309517 	34.409302 	107.615051 	58.600342 	48.373547 	7.810250 	28.319605 	57.245087 	57.008770 	13.152946 	99.020203 	50.774010 	69.526970 	60.802959 	46.065170 	51.613953 	29.614185 	69.771057 	29.427877 	22.135944 	27.073973 	
60.959003 	56.586216 	58.000000 	999.000000 	48.270073 	71.421288 	67.896980 	53.263496 	47.507893 	17.464249 	24.596748 	102.474388 	44.102154 	114.490173 	28.071337 	84.053551 	14.317822 	19.235384 	111.503365 	37.696156 	9.219544 	100.424103 	29.068884 	46.818798 	88.526833 	35.355339 	113.225441 	104.637466 	9.055386 	21.400934 	92.021736 	51.623638 	114.621117 	105.261581 	58.008621 	86.267029 	113.600174 	8.602325 	51.623638 	41.677334 	107.935165 	13.341664 	10.816654 	21.023796 	109.123779 	37.643059 	126.015869 	38.600517 	78.600258 	42.059483 	
15.297058 	10.198039 	10.295630 	48.270073 	999.000000 	23.853722 	20.000000 	5.000000 	16.401220 	35.846897 	27.513634 	60.207973 	87.846458 	72.567207 	72.897186 	39.560081 	35.846897 	67.201187 	66.309875 	84.905830 	40.311287 	54.120235 	76.843994 	93.648277 	41.340054 	15.231546 	67.542580 	58.180752 	42.520584 	69.656296 	44.654228 	98.615417 	68.876701 	58.668560 	10.440307 	38.418747 	67.535179 	46.861500 	8.062258 	89.627007 	61.057350 	59.464275 	50.606323 	35.777088 	61.854668 	20.024984 	80.062477 	20.000000 	30.528675 	18.248287 	
11.180340 	14.866069 	13.601471 	71.421288 	23.853722 	999.000000 	4.123106 	19.235384 	27.856777 	57.201397 	48.600410 	39.012817 	108.406639 	51.039200 	94.302704 	18.110771 	58.137768 	89.938866 	43.011627 	107.004669 	63.890530 	30.463093 	99.357941 	115.433968 	17.492855 	38.948685 	44.011364 	34.438351 	66.219330 	92.655273 	20.808653 	120.432556 	45.310043 	34.885529 	17.262676 	14.866069 	43.863426 	70.604530 	24.738634 	112.160599 	37.215588 	83.096329 	74.404305 	59.539902 	38.013157 	42.379242 	56.364883 	42.059483 	13.601471 	39.293766 	
9.055386 	11.661903 	9.899495 	67.896980 	20.000000 	4.123106 	999.000000 	15.264338 	25.709921 	54.083271 	45.486263 	43.000000 	105.588821 	55.081757 	91.268837 	22.022715 	54.817879 	86.556343 	47.127487 	103.812332 	60.207973 	34.539833 	96.046867 	112.329872 	21.470911 	34.985710 	48.104053 	38.483765 	62.481998 	89.196411 	24.698177 	117.324333 	49.396355 	38.910152 	13.152946 	18.439089 	47.927029 	66.843102 	20.615528 	108.853111 	41.182522 	79.397736 	70.604530 	55.569775 	41.880783 	38.275318 	60.415230 	37.947330 	14.000000 	35.171009 	
12.041595 	7.280110 	6.082763 	53.263496 	5.000000 	19.235384 	15.264338 	999.000000 	18.384777 	40.718548 	32.310989 	56.568542 	92.703827 	68.883957 	77.826729 	35.693138 	40.816662 	72.201111 	62.032249 	89.888817 	45.254833 	49.658836 	81.841309 	98.615417 	36.715118 	19.723083 	63.158531 	53.665630 	47.423622 	74.652527 	39.962482 	103.585716 	64.474800 	54.120235 	6.000000 	33.600594 	63.071388 	51.739735 	7.615773 	94.625580 	56.435802 	64.381676 	55.443665 	40.311287 	57.140179 	23.537205 	75.584389 	23.345236 	25.553865 	21.023796 	
16.763054 	15.000000 	18.027756 	47.507893 	16.401220 	27.856777 	25.709921 	18.384777 	999.000000 	31.240999 	23.021729 	55.009090 	80.993828 	67.119293 	67.475922 	36.878178 	33.286633 	64.660652 	64.202805 	80.659782 	41.785164 	53.740116 	73.593475 	88.729927 	43.011627 	25.000000 	66.068146 	57.982758 	44.598206 	67.801178 	46.615448 	93.723000 	67.475922 	58.694122 	24.041630 	42.059483 	66.603302 	49.040798 	24.413111 	86.278618 	61.554855 	60.373837 	53.141319 	42.107006 	63.126858 	32.310989 	78.873314 	32.695564 	39.458839 	32.249031 	
46.227695 	42.438190 	44.418465 	17.464249 	35.846897 	57.201397 	54.083271 	40.718548 	31.240999 	999.000000 	8.602325 	85.755463 	52.000000 	97.616600 	37.215588 	68.117546 	4.472136 	33.421551 	95.425362 	49.819675 	15.811388 	84.899940 	42.426407 	58.249462 	73.661385 	27.000000 	97.308784 	89.140335 	18.681541 	36.619667 	77.233414 	63.245552 	98.716766 	89.827614 	46.238514 	72.006943 	97.836601 	22.203604 	41.231056 	55.172459 	92.633690 	30.805843 	26.076809 	24.758837 	94.069122 	32.557640 	110.113579 	33.541019 	66.189125 	36.221542 	
37.643059 	33.837849 	35.846897 	24.596748 	27.513634 	48.600410 	45.486263 	32.310989 	23.021729 	8.602325 	999.000000 	77.897369 	60.415230 	89.894379 	45.793011 	59.816387 	10.295630 	41.773197 	87.200920 	58.412327 	20.099751 	76.485291 	50.931328 	66.850578 	65.115280 	20.615528 	89.022469 	80.721741 	23.086792 	44.821869 	68.680420 	71.847061 	90.426765 	81.394104 	37.947330 	63.411354 	89.498604 	27.294687 	33.376640 	63.702435 	84.172440 	37.696156 	31.400637 	25.079872 	85.562843 	27.313000 	101.828285 	28.231188 	57.697487 	30.364452 	
44.911022 	50.009998 	50.487621 	102.474388 	60.207973 	39.012817 	43.000000 	56.568542 	55.009090 	85.755463 	77.897369 	999.000000 	131.521866 	12.369317 	119.970833 	21.023796 	88.192970 	118.983192 	14.142136 	133.686203 	96.664368 	17.029387 	127.412712 	141.014191 	26.000000 	75.186432 	17.117243 	17.888544 	99.403221 	122.331520 	25.553865 	145.910934 	18.248287 	18.788294 	56.035702 	31.384710 	19.026299 	103.870110 	63.198101 	139.807007 	21.189621 	115.381973 	107.935165 	95.210297 	24.351591 	80.062477 	27.730848 	79.906197 	45.221676 	77.524193 	
97.247108 	93.941475 	96.150925 	44.102154 	87.846458 	108.406639 	105.588821 	92.703827 	80.993828 	52.000000 	60.415230 	131.521866 	999.000000 	142.270874 	16.031219 	116.824654 	52.497620 	27.658634 	143.087387 	14.212670 	53.235325 	134.014923 	20.591261 	13.000000 	123.975807 	77.620872 	145.344421 	138.224457 	53.037724 	28.792360 	127.581345 	16.492422 	146.754898 	139.014389 	98.234413 	122.967476 	146.219009 	51.039200 	92.973114 	19.697716 	142.003525 	42.201897 	50.358715 	65.030762 	143.808899 	81.215759 	157.952530 	82.200974 	118.105888 	85.510231 	
57.271286 	62.369865 	62.801273 	114.490173 	72.567207 	51.039200 	55.081757 	68.883957 	67.119293 	97.616600 	89.894379 	12.369317 	142.270874 	999.000000 	131.209763 	33.241539 	100.184830 	130.698120 	14.866069 	145.000000 	108.853111 	25.079872 	138.956833 	152.118378 	36.674240 	87.555695 	17.204651 	23.853722 	111.615410 	134.111893 	35.440090 	156.974518 	17.492855 	24.413111 	68.183578 	41.976185 	19.416489 	116.077560 	75.425461 	151.238220 	25.495098 	127.475487 	120.154068 	107.563934 	28.284271 	92.395889 	22.000000 	92.227982 	56.089214 	89.805344 	
83.234612 	79.611557 	81.633324 	28.071337 	72.897186 	94.302704 	91.268837 	77.826729 	67.475922 	37.215588 	45.793011 	119.970833 	16.031219 	131.209763 	999.000000 	104.004807 	37.161808 	13.038404 	130.831955 	13.892444 	37.215588 	121.082619 	11.180340 	21.260292 	110.421921 	61.983868 	132.936081 	125.319588 	37.013512 	15.556349 	114.017540 	26.248810 	134.350296 	126.063477 	83.192551 	109.041275 	133.660019 	35.128338 	77.620872 	20.615528 	128.972870 	27.313000 	34.713108 	49.010204 	130.598618 	65.306969 	145.670868 	66.287254 	103.353760 	69.634758 	
24.351591 	29.410883 	29.614185 	84.053551 	39.560081 	18.110771 	22.022715 	35.693138 	36.878178 	68.117546 	59.816387 	21.023796 	116.824654 	33.241539 	104.004807 	999.000000 	70.000000 	101.533249 	27.459061 	117.379723 	77.524193 	17.204651 	110.453613 	125.255737 	11.401754 	54.708317 	29.206163 	21.400934 	80.131142 	104.637466 	14.035668 	130.230560 	30.610456 	22.203604 	35.014282 	15.264338 	29.732138 	84.599052 	42.190044 	123.109711 	25.238859 	96.566040 	88.588936 	75.026665 	27.294687 	59.228371 	42.011902 	59.033890 	26.627054 	56.568542 	
47.381432 	43.278172 	45.000000 	14.317822 	35.846897 	58.137768 	54.817879 	40.816662 	33.286633 	4.472136 	10.295630 	88.192970 	52.497620 	100.184830 	37.161808 	70.000000 	999.000000 	31.827662 	97.416634 	49.091751 	11.401754 	86.556343 	41.231056 	57.801384 	74.953316 	25.317978 	99.201813 	90.785461 	14.317822 	34.713108 	78.492035 	62.769421 	100.603180 	91.438507 	46.065170 	73.000000 	99.639351 	18.027756 	40.496914 	54.037025 	94.175369 	27.513634 	22.000000 	20.518284 	95.482986 	30.066593 	112.004463 	31.064449 	66.370171 	34.000000 	
79.208588 	75.073296 	76.694199 	19.235384 	67.201187 	89.938866 	86.556343 	72.201111 	64.660652 	33.421551 	41.773197 	118.983192 	27.658634 	130.698120 	13.038404 	101.533249 	31.827662 	999.000000 	128.844864 	18.681541 	28.231188 	118.258194 	9.848858 	27.892651 	106.775467 	54.589375 	130.728729 	122.494896 	27.202942 	4.000000 	110.317726 	32.572994 	132.136292 	123.166557 	77.103828 	104.804581 	131.244049 	24.331051 	70.830788 	22.472204 	125.936493 	14.560220 	23.000000 	38.832977 	127.287079 	56.648037 	143.533966 	57.584721 	97.652443 	61.098282 	
51.429562 	56.364883 	56.080299 	111.503365 	66.309875 	43.011627 	47.127487 	62.032249 	64.202805 	95.425362 	87.200920 	14.142136 	143.087387 	14.866069 	130.831955 	27.459061 	97.416634 	128.844864 	999.000000 	144.360657 	104.957130 	13.038404 	137.644470 	152.029602 	26.305893 	81.541397 	3.000000 	10.198039 	107.540688 	132.003784 	24.020824 	156.977707 	4.123106 	10.440307 	60.166435 	31.064449 	5.099020 	112.004463 	67.720009 	150.233154 	10.816654 	124.020157 	115.974136 	102.044106 	13.453624 	85.381500 	14.866069 	85.070557 	45.000000 	82.280006 	
96.046867 	92.200867 	94.047859 	37.696156 	84.905830 	107.004669 	103.812332 	89.888817 	80.659782 	49.819675 	58.412327 	133.686203 	14.212670 	145.000000 	13.892444 	117.379723 	49.091751 	18.681541 	144.360657 	999.000000 	46.818798 	134.380051 	9.055386 	9.219544 	123.434196 	72.917763 	146.413803 	138.621780 	45.880280 	18.027756 	127.015747 	13.928389 	147.827606 	139.344894 	95.015785 	121.823647 	147.085007 	42.953465 	89.005615 	7.071068 	142.214630 	32.015621 	41.303753 	57.489128 	143.753265 	75.272835 	159.176010 	76.216797 	115.433968 	79.711983 	
53.823788 	49.203659 	50.328918 	9.219544 	40.311287 	63.890530 	60.207973 	45.254833 	41.785164 	15.811388 	20.099751 	96.664368 	53.235325 	108.853111 	37.215588 	77.524193 	11.401754 	28.231188 	104.957130 	46.818798 	999.000000 	93.477272 	38.078865 	55.973209 	81.215759 	26.627054 	106.531685 	97.652443 	3.000000 	30.016663 	84.646324 	60.745369 	107.912003 	98.229324 	49.678970 	78.644768 	106.780151 	7.280110 	43.011627 	50.537113 	100.801788 	19.209373 	11.401754 	12.369317 	101.828285 	28.460499 	119.268608 	29.410883 	70.292244 	32.893768 	
39.661064 	44.418465 	43.829212 	100.424103 	54.120235 	30.463093 	34.539833 	49.658836 	53.740116 	84.899940 	76.485291 	17.029387 	134.014923 	25.079872 	121.082619 	17.204651 	86.556343 	118.258194 	13.038404 	134.380051 	93.477272 	999.000000 	127.310646 	142.341141 	13.341664 	69.318108 	13.601471 	4.242640 	95.963531 	121.264175 	11.000000 	147.322769 	14.866069 	5.000000 	47.434166 	18.027756 	13.416408 	100.404182 	55.027267 	140.014282 	8.062258 	112.645462 	104.307236 	89.894379 	10.440307 	72.801102 	25.942244 	72.449982 	32.015621 	69.570107 	
88.526833 	84.504440 	86.214851 	29.068884 	76.843994 	99.357941 	96.046867 	81.841309 	73.593475 	42.426407 	50.931328 	127.412712 	20.591261 	138.956833 	11.180340 	110.453613 	41.231056 	9.848858 	137.644470 	9.055386 	38.078865 	127.310646 	999.000000 	18.248287 	116.043098 	64.412735 	139.603012 	131.552277 	37.000000 	9.000000 	119.603508 	22.803509 	141.014191 	132.245987 	86.821655 	114.214706 	140.185593 	33.955853 	80.622574 	12.806249 	135.059250 	23.000000 	32.249031 	48.507732 	136.488098 	66.483078 	152.397507 	67.416618 	107.335922 	70.936592 	
104.403069 	100.687637 	102.625534 	46.818798 	93.648277 	115.433968 	112.329872 	98.615417 	88.729927 	58.249462 	66.850578 	141.014191 	13.000000 	152.118378 	21.260292 	125.255737 	57.801384 	27.892651 	152.029602 	9.219544 	55.973209 	142.341141 	18.248287 	999.000000 	131.654846 	81.939003 	154.155762 	146.577621 	55.081757 	27.166155 	135.247925 	5.000000 	155.569916 	147.322769 	103.831596 	130.207520 	154.896744 	52.172791 	97.943863 	9.433981 	150.233154 	41.109608 	50.487621 	66.708321 	151.855194 	84.433403 	166.877197 	85.381500 	124.169243 	88.865067 	
27.586229 	32.015621 	31.064449 	88.526833 	41.340054 	17.492855 	21.470911 	36.715118 	43.011627 	73.661385 	65.115280 	26.000000 	123.975807 	36.674240 	110.421921 	11.401754 	74.953316 	106.775467 	26.305893 	123.434196 	81.215759 	13.341664 	116.043098 	131.654846 	999.000000 	56.435802 	26.925823 	17.088007 	83.600243 	109.622078 	3.605551 	136.652847 	28.160255 	17.464249 	34.176014 	5.385165 	26.570660 	88.005684 	41.785164 	128.817703 	19.723083 	100.424103 	91.836815 	77.025970 	20.615528 	59.615433 	39.000000 	59.236813 	19.416489 	56.302753 	
30.364452 	25.298222 	25.495098 	35.355339 	15.231546 	38.948685 	34.985710 	19.723083 	25.000000 	27.000000 	20.615528 	75.186432 	77.620872 	87.555695 	61.983868 	54.708317 	25.317978 	54.589375 	81.541397 	72.917763 	26.627054 	69.318108 	64.412735 	81.939003 	56.435802 	999.000000 	82.764725 	73.355301 	28.425341 	56.603886 	59.682495 	86.815895 	84.095184 	73.824112 	23.345236 	53.254108 	82.734512 	32.557640 	16.401220 	77.025970 	76.157730 	45.343136 	36.069378 	20.591261 	76.850502 	7.810250 	95.257545 	8.485281 	43.863426 	9.848858 	
52.839378 	57.706154 	57.271286 	113.225441 	67.542580 	44.011364 	48.104053 	63.158531 	66.068146 	97.308784 	89.022469 	17.117243 	145.344421 	17.204651 	132.936081 	29.206163 	99.201813 	130.728729 	3.000000 	146.413803 	106.531685 	13.601471 	139.603012 	154.155762 	26.925823 	82.764725 	999.000000 	10.049875 	109.077957 	133.843185 	24.331051 	159.113174 	1.414214 	10.000000 	61.032780 	31.400637 	2.236068 	113.534134 	68.622154 	152.226807 	9.486833 	125.642349 	117.477661 	103.315056 	11.661903 	86.377083 	12.806249 	86.034874 	45.099888 	83.168503 	
43.829212 	48.548943 	47.885281 	104.637466 	58.180752 	34.438351 	38.483765 	53.665630 	57.982758 	89.140335 	80.721741 	17.888544 	138.224457 	23.853722 	125.319588 	21.400934 	90.785461 	122.494896 	10.198039 	138.621780 	97.652443 	4.242640 	131.552277 	146.577621 	17.088007 	73.355301 	10.049875 	999.000000 	100.124924 	125.495018 	14.317822 	151.558563 	11.180340 	1.000000 	51.264023 	21.377558 	9.486833 	104.560989 	58.872746 	144.256714 	4.123106 	116.828934 	108.452751 	93.941475 	7.000000 	76.694199 	21.931713 	76.321686 	35.057095 	73.389374 	
56.302753 	51.613953 	52.630791 	9.055386 	42.520584 	66.219330 	62.481998 	47.423622 	44.598206 	18.681541 	23.086792 	99.403221 	53.037724 	111.615410 	37.013512 	80.131142 	14.317822 	27.202942 	107.540688 	45.880280 	3.000000 	95.963531 	37.000000 	55.081757 	83.600243 	28.425341 	109.077957 	100.124924 	999.000000 	28.635643 	87.005745 	59.774578 	110.453613 	100.687637 	51.662365 	80.919716 	109.293182 	4.472136 	44.821869 	49.244289 	103.227905 	16.970562 	8.544003 	12.000000 	104.201729 	29.546574 	121.794907 	30.463093 	72.249565 	34.014702 	
82.036575 	77.794601 	79.309517 	21.400934 	69.656296 	92.655273 	89.196411 	74.652527 	67.801178 	36.619667 	44.821869 	122.331520 	28.792360 	134.111893 	15.556349 	104.637466 	34.713108 	4.000000 	132.003784 	18.027756 	30.016663 	121.264175 	9.000000 	27.166155 	109.622078 	56.603886 	133.843185 	125.495018 	28.635643 	999.000000 	113.145920 	31.575306 	135.247925 	126.150703 	79.404030 	107.517441 	134.316788 	25.298222 	72.945183 	20.615528 	128.887543 	14.000000 	23.345236 	39.849716 	130.176804 	58.180752 	146.649246 	59.093147 	100.000000 	62.649822 	
31.112698 	35.468296 	34.409302 	92.021736 	44.654228 	20.808653 	24.698177 	39.962482 	46.615448 	77.233414 	68.680420 	25.553865 	127.581345 	35.440090 	114.017540 	14.035668 	78.492035 	110.317726 	24.020824 	127.015747 	84.646324 	11.000000 	119.603508 	135.247925 	3.605551 	59.682495 	24.331051 	14.317822 	87.005745 	113.145920 	999.000000 	140.246216 	25.495098 	14.560220 	37.161808 	7.071068 	23.769728 	91.400215 	44.777225 	132.382019 	16.552946 	103.855667 	95.210297 	80.262070 	17.204651 	62.649822 	36.055511 	62.241467 	21.023796 	59.236813 	
109.402924 	105.683487 	107.615051 	51.623638 	98.615417 	120.432556 	117.324333 	103.585716 	93.723000 	63.245552 	71.847061 	145.910934 	16.492422 	156.974518 	26.248810 	130.230560 	62.769421 	32.572994 	156.977707 	13.928389 	60.745369 	147.322769 	22.803509 	5.000000 	136.652847 	86.815895 	159.113174 	151.558563 	59.774578 	31.575306 	140.246216 	999.000000 	160.527252 	152.305618 	108.784187 	135.207245 	159.862442 	56.753853 	102.859123 	12.165525 	155.219193 	45.398239 	54.918121 	71.309189 	156.847061 	89.196411 	171.828400 	90.138779 	129.139465 	93.637596 	
54.203320 	59.059292 	58.600342 	114.621117 	68.876701 	45.310043 	49.396355 	64.474800 	67.475922 	98.716766 	90.426765 	18.248287 	146.754898 	17.492855 	134.350296 	30.610456 	100.603180 	132.136292 	4.123106 	147.827606 	107.912003 	14.866069 	141.014191 	155.569916 	28.160255 	84.095184 	1.414214 	11.180340 	110.453613 	135.247925 	25.495098 	160.527252 	999.000000 	11.045361 	62.297672 	32.557640 	2.236068 	114.908661 	69.892776 	153.639191 	10.198039 	127.027557 	118.848640 	104.651802 	12.083046 	87.664131 	11.401754 	87.315521 	46.173584 	84.433403 	
44.407207 	49.091751 	48.373547 	105.261581 	58.668560 	34.885529 	38.910152 	54.120235 	58.694122 	89.827614 	81.394104 	18.788294 	139.014389 	24.413111 	126.063477 	22.203604 	91.438507 	123.166557 	10.440307 	139.344894 	98.229324 	5.000000 	132.245987 	147.322769 	17.464249 	73.824112 	10.000000 	1.000000 	100.687637 	126.150703 	14.560220 	152.305618 	11.045361 	999.000000 	51.623638 	21.587032 	9.219544 	105.118980 	59.236813 	144.958618 	3.162278 	117.413795 	109.000000 	94.413979 	6.000000 	77.077881 	21.540659 	76.694199 	35.128338 	73.736015 	
13.892444 	10.630146 	7.810250 	58.008621 	10.440307 	17.262676 	13.152946 	6.000000 	24.041630 	46.238514 	37.947330 	56.035702 	98.234413 	68.183578 	83.192551 	35.014282 	46.065170 	77.103828 	60.166435 	95.015785 	49.678970 	47.434166 	86.821655 	103.831596 	34.176014 	23.345236 	61.032780 	51.264023 	51.662365 	79.404030 	37.161808 	108.784187 	62.297672 	51.623638 	999.000000 	30.413813 	60.745369 	55.865910 	7.615773 	99.569069 	53.712196 	68.622154 	59.413803 	43.600460 	54.120235 	25.495098 	73.164200 	25.079872 	20.615528 	22.135944 	
25.806976 	29.732138 	28.319605 	86.267029 	38.418747 	14.866069 	18.439089 	33.600594 	42.059483 	72.006943 	63.411354 	31.384710 	122.967476 	41.976185 	109.041275 	15.264338 	73.000000 	104.804581 	31.064449 	121.823647 	78.644768 	18.027756 	114.214706 	130.207520 	5.385165 	53.254108 	31.400637 	21.377558 	80.919716 	107.517441 	7.071068 	135.207245 	32.557640 	21.587032 	30.413813 	999.000000 	30.805843 	85.276024 	38.013157 	127.015747 	23.409399 	97.836601 	89.022469 	73.783470 	23.706539 	55.901699 	43.011627 	55.461697 	14.142136 	52.392746 	
53.000000 	57.801384 	57.245087 	113.600174 	67.535179 	43.863426 	47.927029 	63.071388 	66.603302 	97.836601 	89.498604 	19.026299 	146.219009 	19.416489 	133.660019 	29.732138 	99.639351 	131.244049 	5.099020 	147.085007 	106.780151 	13.416408 	140.185593 	154.896744 	26.570660 	82.734512 	2.236068 	9.486833 	109.293182 	134.316788 	23.769728 	159.862442 	2.236068 	9.219544 	60.745369 	30.805843 	999.000000 	113.740936 	68.352028 	152.839783 	8.062258 	125.924583 	117.660530 	103.310211 	9.848858 	86.162636 	12.529964 	85.796272 	44.283180 	82.873398 	
60.745369 	56.035702 	57.008770 	8.602325 	46.861500 	70.604530 	66.843102 	51.739735 	49.040798 	22.203604 	27.294687 	103.870110 	51.039200 	116.077560 	35.128338 	84.599052 	18.027756 	24.331051 	112.004463 	42.953465 	7.280110 	100.404182 	33.955853 	52.172791 	88.005684 	32.557640 	113.534134 	104.560989 	4.472136 	25.298222 	91.400215 	56.753853 	114.908661 	105.118980 	55.865910 	85.276024 	113.740936 	999.000000 	48.918301 	45.880280 	107.647575 	12.806249 	4.123106 	14.560220 	108.600182 	33.120991 	126.245789 	34.000000 	76.419891 	37.589893 	
19.416489 	14.866069 	13.152946 	51.623638 	8.062258 	24.738634 	20.615528 	7.615773 	24.413111 	41.231056 	33.376640 	63.198101 	92.973114 	75.425461 	77.620872 	42.190044 	40.496914 	70.830788 	67.720009 	89.005615 	43.011627 	55.027267 	80.622574 	97.943863 	41.785164 	16.401220 	68.622154 	58.872746 	44.821869 	72.945183 	44.777225 	102.859123 	69.892776 	59.236813 	7.615773 	38.013157 	68.352028 	48.918301 	999.000000 	93.295227 	61.326992 	61.717098 	52.345009 	36.235340 	61.717098 	17.888544 	80.777473 	17.464249 	27.586229 	14.560220 	
101.316338 	97.308784 	99.020203 	41.677334 	89.627007 	112.160599 	108.853111 	94.625580 	86.278618 	55.172459 	63.702435 	139.807007 	19.697716 	151.238220 	20.615528 	123.109711 	54.037025 	22.472204 	150.233154 	7.071068 	50.537113 	140.014282 	12.806249 	9.433981 	128.817703 	77.025970 	152.226807 	144.256714 	49.244289 	20.615528 	132.382019 	12.165525 	153.639191 	144.958618 	99.569069 	127.015747 	152.839783 	45.880280 	93.295227 	999.000000 	147.787003 	33.955853 	43.680660 	60.406952 	149.241409 	78.790863 	165.012115 	79.705711 	120.104118 	83.258636 	
47.010635 	51.613953 	50.774010 	107.935165 	61.057350 	37.215588 	41.182522 	56.435802 	61.554855 	92.633690 	84.172440 	21.189621 	142.003525 	25.495098 	128.972870 	25.238859 	94.175369 	125.936493 	10.816654 	142.214630 	100.801788 	8.062258 	135.059250 	150.233154 	19.723083 	76.157730 	9.486833 	4.123106 	103.227905 	128.887543 	16.552946 	155.219193 	10.198039 	3.162278 	53.712196 	23.409399 	8.062258 	107.647575 	61.326992 	147.787003 	999.000000 	120.000000 	111.503365 	96.747093 	3.162278 	79.202271 	19.646883 	78.790863 	36.496574 	75.769386 	
73.006851 	68.410522 	69.526970 	13.341664 	59.464275 	83.096329 	79.397736 	64.381676 	60.373837 	30.805843 	37.696156 	115.381973 	42.201897 	127.475487 	27.313000 	96.566040 	27.513634 	14.560220 	124.020157 	32.015621 	19.209373 	112.645462 	23.000000 	41.109608 	100.424103 	45.343136 	125.642349 	116.828934 	16.970562 	14.000000 	103.855667 	45.398239 	127.027557 	117.413795 	68.622154 	97.836601 	125.924583 	12.806249 	61.717098 	33.955853 	120.000000 	999.000000 	9.848858 	26.832815 	121.037186 	45.793011 	138.397980 	46.647614 	89.196411 	50.249378 	
64.660652 	59.908264 	60.802959 	10.816654 	50.606323 	74.404305 	70.604530 	55.443665 	53.141319 	26.076809 	31.400637 	107.935165 	50.358715 	120.154068 	34.713108 	88.588936 	22.000000 	23.000000 	115.974136 	41.303753 	11.401754 	104.307236 	32.249031 	50.487621 	91.836815 	36.069378 	117.477661 	108.452751 	8.544003 	23.345236 	95.210297 	54.918121 	118.848640 	109.000000 	59.413803 	89.022469 	117.660530 	4.123106 	52.345009 	43.680660 	111.503365 	9.848858 	999.000000 	17.000000 	112.414413 	36.055511 	130.172958 	36.891735 	79.906197 	40.496914 	
50.695168 	45.694637 	46.065170 	21.023796 	35.777088 	59.539902 	55.569775 	40.311287 	42.107006 	24.758837 	25.079872 	95.210297 	65.030762 	107.563934 	49.010204 	75.026665 	20.518284 	38.832977 	102.044106 	57.489128 	12.369317 	89.894379 	48.507732 	66.708321 	77.025970 	20.591261 	103.315056 	93.941475 	12.000000 	39.849716 	80.262070 	71.309189 	104.651802 	94.413979 	43.600460 	73.783470 	103.310211 	14.560220 	36.235340 	60.406952 	96.747093 	26.832815 	17.000000 	999.000000 	97.416634 	19.209373 	115.836090 	20.000000 	63.780876 	23.600847 	
48.166378 	52.630791 	51.613953 	109.123779 	61.854668 	38.013157 	41.880783 	57.140179 	63.126858 	94.069122 	85.562843 	24.351591 	143.808899 	28.284271 	130.598618 	27.294687 	95.482986 	127.287079 	13.453624 	143.753265 	101.828285 	10.440307 	136.488098 	151.855194 	20.615528 	76.850502 	11.661903 	7.000000 	104.201729 	130.176804 	17.204651 	156.847061 	12.083046 	6.000000 	54.120235 	23.706539 	9.848858 	108.600182 	61.717098 	149.241409 	3.162278 	121.037186 	112.414413 	97.416634 	999.000000 	79.605278 	20.099751 	79.158073 	36.138622 	76.059189 	
35.227829 	30.149628 	29.614185 	37.643059 	20.024984 	42.379242 	38.275318 	23.537205 	32.310989 	32.557640 	27.313000 	80.062477 	81.215759 	92.395889 	65.306969 	59.228371 	30.066593 	56.648037 	85.381500 	75.272835 	28.460499 	72.801102 	66.483078 	84.433403 	59.615433 	7.810250 	86.377083 	76.694199 	29.546574 	58.180752 	62.649822 	89.196411 	87.664131 	77.077881 	25.495098 	55.901699 	86.162636 	33.120991 	17.888544 	78.790863 	79.202271 	45.793011 	36.055511 	19.209373 	79.605278 	999.000000 	98.615417 	1.000000 	45.000000 	4.472136 	
65.513359 	70.327805 	69.771057 	126.015869 	80.062477 	56.364883 	60.415230 	75.584389 	78.873314 	110.113579 	101.828285 	27.730848 	157.952530 	22.000000 	145.670868 	42.011902 	112.004463 	143.533966 	14.866069 	159.176010 	119.268608 	25.942244 	152.397507 	166.877197 	39.000000 	95.257545 	12.806249 	21.931713 	121.794907 	146.649246 	36.055511 	171.828400 	11.401754 	21.540659 	73.164200 	43.011627 	12.529964 	126.245789 	80.777473 	165.012115 	19.646883 	138.397980 	130.172958 	115.836090 	20.099751 	98.615417 	999.000000 	98.234413 	56.089214 	95.273293 	
35.128338 	30.066593 	29.427877 	38.600517 	20.000000 	42.059483 	37.947330 	23.345236 	32.695564 	33.541019 	28.231188 	79.906197 	82.200974 	92.227982 	66.287254 	59.033890 	31.064449 	57.584721 	85.070557 	76.216797 	29.410883 	72.449982 	67.416618 	85.381500 	59.236813 	8.485281 	86.034874 	76.321686 	30.463093 	59.093147 	62.241467 	90.138779 	87.315521 	76.694199 	25.079872 	55.461697 	85.796272 	34.000000 	17.464249 	79.705711 	78.790863 	46.647614 	36.891735 	20.000000 	79.158073 	1.000000 	98.234413 	999.000000 	44.407207 	3.605551 	
23.021729 	24.738634 	22.135944 	78.600258 	30.528675 	13.601471 	14.000000 	25.553865 	39.458839 	66.189125 	57.697487 	45.221676 	118.105888 	56.089214 	103.353760 	26.627054 	66.370171 	97.652443 	45.000000 	115.433968 	70.292244 	32.015621 	107.335922 	124.169243 	19.416489 	43.863426 	45.099888 	35.057095 	72.249565 	100.000000 	21.023796 	129.139465 	46.173584 	35.128338 	20.615528 	14.142136 	44.283180 	76.419891 	27.586229 	120.104118 	36.496574 	89.196411 	79.906197 	63.780876 	36.138622 	45.000000 	56.089214 	44.407207 	999.000000 	41.048752 	
33.000000 	28.017851 	27.073973 	42.059483 	18.248287 	39.293766 	35.171009 	21.023796 	32.249031 	36.221542 	30.364452 	77.524193 	85.510231 	89.805344 	69.634758 	56.568542 	34.000000 	61.098282 	82.280006 	79.711983 	32.893768 	69.570107 	70.936592 	88.865067 	56.302753 	9.848858 	83.168503 	73.389374 	34.014702 	62.649822 	59.236813 	93.637596 	84.433403 	73.736015 	22.135944 	52.392746 	82.873398 	37.589893 	14.560220 	83.258636 	75.769386 	50.249378 	40.496914 	23.600847 	76.059189 	4.472136 	95.273293 	3.605551 	41.048752 	999.000000 	

Travel time:
9.000000 	0.127475 	0.158114 	1.523975 	0.382426 	0.279509 	0.226385 	0.301040 	0.419076 	1.155692 	0.941076 	1.122776 	2.431178 	1.431782 	2.080865 	0.608790 	1.184536 	1.980215 	1.285739 	2.401172 	1.345595 	0.991527 	2.213171 	2.610077 	0.689656 	0.759111 	1.320984 	1.095730 	1.407569 	2.050914 	0.777817 	2.735073 	1.355083 	1.110180 	0.347311 	0.645174 	1.325000 	1.518634 	0.485412 	2.532908 	1.175266 	1.825171 	1.616516 	1.267379 	1.204159 	0.880696 	1.637834 	0.878208 	0.575543 	0.825000 	
0.127475 	9.000000 	0.079057 	1.414655 	0.254951 	0.371652 	0.291548 	0.182003 	0.375000 	1.060955 	0.845946 	1.250250 	2.348537 	1.559247 	1.990289 	0.735272 	1.081954 	1.876832 	1.409122 	2.305022 	1.230091 	1.110462 	2.112611 	2.517191 	0.800391 	0.632456 	1.442654 	1.213724 	1.290349 	1.944865 	0.886707 	2.642087 	1.476482 	1.227294 	0.265754 	0.743303 	1.445035 	1.400892 	0.371652 	2.432720 	1.290349 	1.710263 	1.497707 	1.142366 	1.315770 	0.753741 	1.758195 	0.751665 	0.618466 	0.700446 	
0.158114 	0.079057 	9.000000 	1.450000 	0.257391 	0.340037 	0.247487 	0.152069 	0.450694 	1.110462 	0.896172 	1.262191 	2.403773 	1.570032 	2.040833 	0.740355 	1.125000 	1.917355 	1.402007 	2.351197 	1.258223 	1.095730 	2.155371 	2.565638 	0.776611 	0.637377 	1.431782 	1.197132 	1.315770 	1.982738 	0.860233 	2.690376 	1.465008 	1.209339 	0.195256 	0.707990 	1.431127 	1.425219 	0.328824 	2.475505 	1.269350 	1.738174 	1.520074 	1.151629 	1.290349 	0.740355 	1.744276 	0.735697 	0.553399 	0.676849 	
1.523975 	1.414655 	1.450000 	9.000000 	1.206752 	1.785532 	1.697425 	1.331587 	1.187697 	0.436606 	0.614919 	2.561860 	1.102554 	2.862254 	0.701783 	2.101339 	0.357946 	0.480885 	2.787584 	0.942404 	0.230489 	2.510602 	0.726722 	1.170470 	2.213171 	0.883883 	2.830636 	2.615937 	0.226385 	0.535023 	2.300543 	1.290591 	2.865528 	2.631540 	1.450216 	2.156676 	2.840004 	0.215058 	1.290591 	1.041933 	2.698379 	0.333542 	0.270416 	0.525595 	2.728095 	0.941076 	3.150397 	0.965013 	1.965006 	1.051487 	
0.382426 	0.254951 	0.257391 	1.206752 	9.000000 	0.596343 	0.500000 	0.125000 	0.410031 	0.896172 	0.687841 	1.505199 	2.196162 	1.814180 	1.822430 	0.989002 	0.896172 	1.680030 	1.657747 	2.122646 	1.007782 	1.353006 	1.921100 	2.341207 	1.033501 	0.380789 	1.688565 	1.454519 	1.063015 	1.741407 	1.116356 	2.465385 	1.721918 	1.466714 	0.261008 	0.960469 	1.688380 	1.171538 	0.201556 	2.240675 	1.526434 	1.486607 	1.265158 	0.894427 	1.546367 	0.500625 	2.001562 	0.500000 	0.763217 	0.456207 	
0.279509 	0.371652 	0.340037 	1.785532 	0.596343 	9.000000 	0.103078 	0.480885 	0.696419 	1.430035 	1.215010 	0.975320 	2.710166 	1.275980 	2.357568 	0.452769 	1.453444 	2.248472 	1.075291 	2.675117 	1.597263 	0.761577 	2.483948 	2.885849 	0.437321 	0.973717 	1.100284 	0.860959 	1.655483 	2.316382 	0.520216 	3.010814 	1.132751 	0.872138 	0.431567 	0.371652 	1.096586 	1.765113 	0.618466 	2.804015 	0.930390 	2.077408 	1.860108 	1.488497 	0.950329 	1.059481 	1.409122 	1.051487 	0.340037 	0.982344 	
0.226385 	0.291548 	0.247487 	1.697425 	0.500000 	0.103078 	9.000000 	0.381608 	0.642748 	1.352082 	1.137157 	1.075000 	2.639720 	1.377044 	2.281721 	0.550568 	1.370447 	2.163908 	1.178187 	2.595308 	1.505199 	0.863496 	2.401172 	2.808247 	0.536773 	0.874643 	1.202601 	0.962094 	1.562050 	2.229910 	0.617454 	2.933108 	1.234909 	0.972754 	0.328824 	0.460977 	1.198176 	1.671077 	0.515388 	2.721328 	1.029563 	1.984943 	1.765113 	1.389244 	1.047020 	0.956883 	1.510381 	0.948683 	0.350000 	0.879275 	
0.301040 	0.182003 	0.152069 	1.331587 	0.125000 	0.480885 	0.381608 	9.000000 	0.459619 	1.017964 	0.807775 	1.414214 	2.317596 	1.722099 	1.945668 	0.892328 	1.020416 	1.805028 	1.550806 	2.247221 	1.131371 	1.241471 	2.046033 	2.465385 	0.917878 	0.493077 	1.578963 	1.341641 	1.185591 	1.866313 	0.999062 	2.589643 	1.611870 	1.353006 	0.150000 	0.840015 	1.576785 	1.293493 	0.190394 	2.365639 	1.410895 	1.609542 	1.386092 	1.007782 	1.428504 	0.588430 	1.889610 	0.583631 	0.638847 	0.525595 	
0.419076 	0.375000 	0.450694 	1.187697 	0.410031 	0.696419 	0.642748 	0.459619 	9.000000 	0.781025 	0.575543 	1.375227 	2.024846 	1.677982 	1.686898 	0.921954 	0.832166 	1.616516 	1.605070 	2.016495 	1.044629 	1.343503 	1.839837 	2.218248 	1.075291 	0.625000 	1.651704 	1.449569 	1.114955 	1.695029 	1.165386 	2.343075 	1.686898 	1.467353 	0.601041 	1.051487 	1.665083 	1.226020 	0.610328 	2.156965 	1.538871 	1.509346 	1.328533 	1.052675 	1.578171 	0.807775 	1.971833 	0.817389 	0.986471 	0.806226 	
1.155692 	1.060955 	1.110462 	0.436606 	0.896172 	1.430035 	1.352082 	1.017964 	0.781025 	9.000000 	0.215058 	2.143887 	1.300000 	2.440415 	0.930390 	1.702939 	0.111803 	0.835539 	2.385634 	1.245492 	0.395285 	2.122499 	1.060660 	1.456237 	1.841535 	0.675000 	2.432720 	2.228508 	0.467039 	0.915492 	1.930835 	1.581139 	2.467919 	2.245690 	1.155963 	1.800174 	2.445915 	0.555090 	1.030776 	1.379311 	2.315842 	0.770146 	0.651920 	0.618971 	2.351728 	0.813941 	2.752840 	0.838525 	1.654728 	0.905539 	
0.941076 	0.845946 	0.896172 	0.614919 	0.687841 	1.215010 	1.137157 	0.807775 	0.575543 	0.215058 	9.000000 	1.947434 	1.510381 	2.247360 	1.144825 	1.495410 	0.257391 	1.044330 	2.180023 	1.460308 	0.502494 	1.912132 	1.273283 	1.671264 	1.627882 	0.515388 	2.225562 	2.018044 	0.577170 	1.120547 	1.717010 	1.796177 	2.260669 	2.034853 	0.948683 	1.585284 	2.237465 	0.682367 	0.834416 	1.592561 	2.104311 	0.942404 	0.785016 	0.626997 	2.139071 	0.682825 	2.545707 	0.705780 	1.442437 	0.759111 	
1.122776 	1.250250 	1.262191 	2.561860 	1.505199 	0.975320 	1.075000 	1.414214 	1.375227 	2.143887 	1.947434 	9.000000 	3.288047 	0.309233 	2.999271 	0.525595 	2.204824 	2.974580 	0.353553 	3.342155 	2.416609 	0.425735 	3.185318 	3.525355 	0.650000 	1.879661 	0.427931 	0.447214 	2.485080 	3.058288 	0.638847 	3.647773 	0.456207 	0.469707 	1.400892 	0.784618 	0.475657 	2.596753 	1.579952 	3.495175 	0.529741 	2.884549 	2.698379 	2.380257 	0.608790 	2.001562 	0.693271 	1.997655 	1.130542 	1.938105 	
2.431178 	2.348537 	2.403773 	1.102554 	2.196162 	2.710166 	2.639720 	2.317596 	2.024846 	1.300000 	1.510381 	3.288047 	9.000000 	3.556772 	0.400780 	2.920616 	1.312441 	0.691466 	3.577185 	0.355317 	1.330883 	3.350373 	0.514782 	0.325000 	3.099395 	1.940522 	3.633610 	3.455611 	1.325943 	0.719809 	3.189534 	0.412311 	3.668872 	3.475360 	2.455860 	3.074187 	3.655475 	1.275980 	2.324328 	0.492443 	3.550088 	1.055047 	1.258968 	1.625769 	3.595222 	2.030394 	3.948813 	2.055024 	2.952647 	2.137756 	
1.431782 	1.559247 	1.570032 	2.862254 	1.814180 	1.275980 	1.377044 	1.722099 	1.677982 	2.440415 	2.247360 	0.309233 	3.556772 	9.000000 	3.280244 	0.831038 	2.504621 	3.267453 	0.371652 	3.625000 	2.721328 	0.626997 	3.473921 	3.802959 	0.916856 	2.188892 	0.430116 	0.596343 	2.790385 	3.352797 	0.886002 	3.924363 	0.437321 	0.610328 	1.704589 	1.049405 	0.485412 	2.901939 	1.885637 	3.780956 	0.637377 	3.186887 	3.003852 	2.689098 	0.707107 	2.309897 	0.550000 	2.305700 	1.402230 	2.245134 	
2.080865 	1.990289 	2.040833 	0.701783 	1.822430 	2.357568 	2.281721 	1.945668 	1.686898 	0.930390 	1.144825 	2.999271 	0.400780 	3.280244 	9.000000 	2.600120 	0.929045 	0.325960 	3.270799 	0.347311 	0.930390 	3.027066 	0.279509 	0.531507 	2.760548 	1.549597 	3.323402 	3.132990 	0.925338 	0.388909 	2.850439 	0.656220 	3.358757 	3.151587 	2.079814 	2.726032 	3.341501 	0.878208 	1.940522 	0.515388 	3.224322 	0.682825 	0.867828 	1.225255 	3.264966 	1.632674 	3.641772 	1.657181 	2.583844 	1.740869 	
0.608790 	0.735272 	0.740355 	2.101339 	0.989002 	0.452769 	0.550568 	0.892328 	0.921954 	1.702939 	1.495410 	0.525595 	2.920616 	0.831038 	2.600120 	9.000000 	1.750000 	2.538331 	0.686477 	2.934493 	1.938105 	0.430116 	2.761340 	3.131393 	0.285044 	1.367708 	0.730154 	0.535023 	2.003278 	2.615937 	0.350892 	3.255764 	0.765261 	0.555090 	0.875357 	0.381608 	0.743303 	2.114976 	1.054751 	3.077743 	0.630971 	2.414151 	2.214723 	1.875667 	0.682367 	1.480709 	1.050297 	1.475847 	0.665676 	1.414214 	
1.184536 	1.081954 	1.125000 	0.357946 	0.896172 	1.453444 	1.370447 	1.020416 	0.832166 	0.111803 	0.257391 	2.204824 	1.312441 	2.504621 	0.929045 	1.750000 	9.000000 	0.795692 	2.435416 	1.227294 	0.285044 	2.163908 	1.030776 	1.445035 	1.873833 	0.632949 	2.480045 	2.269637 	0.357946 	0.867828 	1.962301 	1.569236 	2.515079 	2.285963 	1.151629 	1.825000 	2.490984 	0.450694 	1.012423 	1.350926 	2.354384 	0.687841 	0.550000 	0.512957 	2.387075 	0.751665 	2.800112 	0.776611 	1.659254 	0.850000 	
1.980215 	1.876832 	1.917355 	0.480885 	1.680030 	2.248472 	2.163908 	1.805028 	1.616516 	0.835539 	1.044330 	2.974580 	0.691466 	3.267453 	0.325960 	2.538331 	0.795692 	9.000000 	3.221122 	0.467039 	0.705780 	2.956455 	0.246221 	0.697316 	2.669387 	1.364734 	3.268218 	3.062372 	0.680074 	0.100000 	2.757943 	0.814325 	3.303407 	3.079164 	1.927596 	2.620115 	3.281101 	0.608276 	1.770770 	0.561805 	3.148412 	0.364006 	0.575000 	0.970824 	3.182177 	1.416201 	3.588349 	1.439618 	2.441311 	1.527457 	
1.285739 	1.409122 	1.402007 	2.787584 	1.657747 	1.075291 	1.178187 	1.550806 	1.605070 	2.385634 	2.180023 	0.353553 	3.577185 	0.371652 	3.270799 	0.686477 	2.435416 	3.221122 	9.000000 	3.609016 	2.623928 	0.325960 	3.441112 	3.800740 	0.657647 	2.038535 	0.075000 	0.254951 	2.688517 	3.300095 	0.600521 	3.924443 	0.103078 	0.261008 	1.504161 	0.776611 	0.127475 	2.800112 	1.693000 	3.755829 	0.270416 	3.100504 	2.899354 	2.551103 	0.336341 	2.134537 	0.371652 	2.126764 	1.125000 	2.057000 	
2.401172 	2.305022 	2.351197 	0.942404 	2.122646 	2.675117 	2.595308 	2.247221 	2.016495 	1.245492 	1.460308 	3.342155 	0.355317 	3.625000 	0.347311 	2.934493 	1.227294 	0.467039 	3.609016 	9.000000 	1.170470 	3.359501 	0.226385 	0.230489 	3.085855 	1.822944 	3.660345 	3.465544 	1.147007 	0.450694 	3.175394 	0.348210 	3.695690 	3.483622 	2.375395 	3.045591 	3.677125 	1.073837 	2.225140 	0.176777 	3.555366 	0.800391 	1.032594 	1.437228 	3.593832 	1.881821 	3.979400 	1.905420 	2.885849 	1.992800 	
1.345595 	1.230091 	1.258223 	0.230489 	1.007782 	1.597263 	1.505199 	1.131371 	1.044629 	0.395285 	0.502494 	2.416609 	1.330883 	2.721328 	0.930390 	1.938105 	0.285044 	0.705780 	2.623928 	1.170470 	9.000000 	2.336932 	0.951972 	1.399330 	2.030394 	0.665676 	2.663292 	2.441311 	0.075000 	0.750417 	2.116158 	1.518634 	2.697800 	2.455733 	1.241974 	1.966119 	2.669504 	0.182003 	1.075291 	1.263428 	2.520045 	0.480234 	0.285044 	0.309233 	2.545707 	0.711512 	2.981715 	0.735272 	1.757306 	0.822344 	
0.991527 	1.110462 	1.095730 	2.510602 	1.353006 	0.761577 	0.863496 	1.241471 	1.343503 	2.122499 	1.912132 	0.425735 	3.350373 	0.626997 	3.027066 	0.430116 	2.163908 	2.956455 	0.325960 	3.359501 	2.336932 	9.000000 	3.182766 	3.558528 	0.333542 	1.732953 	0.340037 	0.106066 	2.399088 	3.031604 	0.275000 	3.683069 	0.371652 	0.125000 	1.185854 	0.450694 	0.335410 	2.510105 	1.375682 	3.500357 	0.201556 	2.816137 	2.607681 	2.247360 	0.261008 	1.820028 	0.648556 	1.811249 	0.800391 	1.739253 	
2.213171 	2.112611 	2.155371 	0.726722 	1.921100 	2.483948 	2.401172 	2.046033 	1.839837 	1.060660 	1.273283 	3.185318 	0.514782 	3.473921 	0.279509 	2.761340 	1.030776 	0.246221 	3.441112 	0.226385 	0.951972 	3.182766 	9.000000 	0.456207 	2.901078 	1.610318 	3.490075 	3.288807 	0.925000 	0.225000 	2.990088 	0.570088 	3.525355 	3.306150 	2.170541 	2.855368 	3.504640 	0.848896 	2.015564 	0.320156 	3.376481 	0.575000 	0.806226 	1.212693 	3.412202 	1.662077 	3.809938 	1.685416 	2.683398 	1.773415 	
